,original,predict,differ,abs
0,67,78,-11,11
1,58,69,-11,11
2,88,92,-4,4
3,183,177,6,6
4,81,86,-5,5
5,88,94,-6,6
6,83,93,-10,10
7,183,150,33,33
8,81,87,-6,6
9,117,122,-5,5
10,64,63,1,1
11,59,73,-14,14
12,74,78,-4,4
13,100,108,-8,8
14,103,105,-2,2
15,66,72,-6,6
16,97,97,0,0
17,120,112,8,8
18,79,86,-7,7
19,110,123,-13,13
20,217,201,16,16
21,156,154,2,2
22,97,91,6,6
23,101,120,-19,19
24,82,81,1,1
25,127,122,5,5
26,112,115,-3,3
27,191,170,21,21
28,48,56,-8,8
29,106,117,-11,11
30,133,132,1,1
31,57,68,-11,11
32,108,108,0,0
33,89,86,3,3
34,50,73,-23,23
35,62,58,4,4
36,102,104,-2,2
37,55,63,-8,8
38,89,108,-19,19
39,96,108,-12,12
40,70,76,-6,6
41,115,121,-6,6
42,82,88,-6,6
43,102,104,-2,2
44,167,147,20,20
45,82,92,-10,10
46,118,133,-15,15
47,85,86,-1,1
48,93,100,-7,7
49,111,100,11,11
50,77,81,-4,4
51,136,134,2,2
52,109,103,6,6
53,85,95,-10,10
54,133,124,9,9
55,138,131,7,7
56,100,122,-22,22
57,130,130,0,0
58,96,107,-11,11
59,58,66,-8,8
60,115,120,-5,5
61,73,82,-9,9
62,135,127,8,8
63,177,175,2,2
64,96,103,-7,7
65,77,87,-10,10
66,84,93,-9,9
67,105,100,5,5
68,193,185,8,8
69,143,143,0,0
70,111,110,1,1
71,104,98,6,6
72,265,256,9,9
73,88,94,-6,6
74,78,87,-9,9
75,58,68,-10,10
76,86,86,0,0
77,59,74,-15,15
78,139,138,1,1
79,96,97,-1,1
80,90,90,0,0
81,83,86,-3,3
82,133,134,-1,1
83,141,142,-1,1
84,72,75,-3,3
85,75,82,-7,7
86,43,52,-9,9
87,68,75,-7,7
88,170,142,28,28
89,92,101,-9,9
90,64,92,-28,28
91,101,111,-10,10
92,82,80,2,2
93,81,83,-2,2
94,75,81,-6,6
95,99,100,-1,1
96,45,62,-17,17
97,186,185,1,1
98,127,143,-16,16
99,100,110,-10,10
100,66,73,-7,7
101,129,114,15,15
102,107,118,-11,11
103,128,130,-2,2
104,90,90,0,0
105,68,77,-9,9
106,107,112,-5,5
107,90,90,0,0
108,89,95,-6,6
109,70,80,-10,10
110,174,151,23,23
111,90,87,3,3
112,76,81,-5,5
113,67,71,-4,4
114,76,93,-17,17
115,168,161,7,7
116,91,93,-2,2
117,103,108,-5,5
118,91,94,-3,3
119,67,76,-9,9
120,118,128,-10,10
121,51,60,-9,9
122,76,85,-9,9
123,110,119,-9,9
124,99,96,3,3
125,96,102,-6,6
126,169,168,1,1
127,89,102,-13,13
128,94,103,-9,9
129,123,135,-12,12
130,186,171,15,15
131,132,129,3,3
132,102,97,5,5
133,78,88,-10,10
134,129,122,7,7
135,116,107,9,9
136,136,132,4,4
137,131,133,-2,2
138,105,109,-4,4
139,69,75,-6,6
140,66,70,-4,4
141,127,127,0,0
142,127,126,1,1
143,66,85,-19,19
144,112,125,-13,13
145,115,109,6,6
146,98,96,2,2
147,69,71,-2,2
148,93,89,4,4
149,121,131,-10,10
150,92,100,-8,8
151,73,79,-6,6
152,139,138,1,1
153,80,89,-9,9
154,89,96,-7,7
155,67,71,-4,4
156,66,71,-5,5
157,81,91,-10,10
158,59,71,-12,12
159,128,133,-5,5
160,109,117,-8,8
161,50,59,-9,9
162,74,75,-1,1
163,80,88,-8,8
164,132,119,13,13
165,51,59,-8,8
166,115,117,-2,2
167,70,93,-23,23
168,159,145,14,14
169,151,154,-3,3
170,94,103,-9,9
171,81,99,-18,18
172,77,89,-12,12
173,42,49,-7,7
174,135,127,8,8
175,106,106,0,0
176,50,58,-8,8
177,162,143,19,19
178,130,117,13,13
179,120,110,10,10
180,84,93,-9,9
181,76,86,-10,10
182,67,75,-8,8
183,75,76,-1,1
184,39,49,-10,10
185,119,109,10,10
186,55,65,-10,10
187,90,92,-2,2
188,124,129,-5,5
189,171,172,-1,1
190,70,78,-8,8
191,137,139,-2,2
192,127,136,-9,9
193,143,152,-9,9
194,195,165,30,30
195,112,111,1,1
196,43,57,-14,14
197,114,116,-2,2
198,111,113,-2,2
199,80,85,-5,5
200,128,116,12,12
201,176,174,2,2
202,64,66,-2,2
203,142,139,3,3
204,100,98,2,2
205,63,64,-1,1
206,145,136,9,9
207,101,102,-1,1
208,78,80,-2,2
209,98,98,0,0
210,147,149,-2,2
211,50,60,-10,10
212,70,75,-5,5
213,175,170,5,5
214,87,103,-16,16
215,87,82,5,5
216,108,126,-18,18
217,67,72,-5,5
218,95,103,-8,8
219,89,100,-11,11
220,135,141,-6,6
221,79,94,-15,15
222,43,56,-13,13
223,195,160,35,35
224,83,96,-13,13
225,81,92,-11,11
226,63,76,-13,13
227,119,121,-2,2
228,98,102,-4,4
229,44,61,-17,17
230,47,64,-17,17
231,87,75,12,12
232,90,84,6,6
233,62,71,-9,9
234,103,104,-1,1
235,140,144,-4,4
236,114,117,-3,3
237,57,78,-21,21
238,81,84,-3,3
239,74,104,-30,30
240,61,78,-17,17
241,43,51,-8,8
242,55,69,-14,14
243,100,96,4,4
244,124,119,5,5
245,107,112,-5,5
246,121,128,-7,7
247,86,100,-14,14
248,146,139,7,7
249,147,149,-2,2
250,47,52,-5,5
251,124,118,6,6
252,89,96,-7,7
253,50,66,-16,16
254,110,116,-6,6
255,158,151,7,7
256,86,85,1,1
257,102,109,-7,7
258,107,113,-6,6
259,64,74,-10,10
260,136,138,-2,2
261,125,115,10,10
262,115,109,6,6
263,71,76,-5,5
264,80,84,-4,4
265,82,91,-9,9
266,79,86,-7,7
267,102,101,1,1
268,49,64,-15,15
269,109,114,-5,5
270,52,61,-9,9
271,72,75,-3,3
272,68,79,-11,11
273,151,155,-4,4
274,112,112,0,0
275,97,114,-17,17
276,82,95,-13,13
277,72,83,-11,11
278,125,139,-14,14
279,128,134,-6,6
280,94,104,-10,10
281,76,76,0,0
282,71,81,-10,10
283,112,117,-5,5
284,75,76,-1,1
285,77,79,-2,2
286,78,80,-2,2
287,89,86,3,3
288,88,88,0,0
289,97,101,-4,4
290,80,83,-3,3
291,67,79,-12,12
292,83,92,-9,9
293,85,106,-21,21
294,76,77,-1,1
295,64,70,-6,6
296,107,116,-9,9
297,141,152,-11,11
298,130,131,-1,1
299,51,65,-14,14
300,66,72,-6,6
301,75,83,-8,8
302,186,162,24,24
303,86,84,2,2
304,141,143,-2,2
305,83,84,-1,1
306,85,87,-2,2
307,148,139,9,9
308,87,93,-6,6
309,77,76,1,1
310,27,50,-23,23
311,88,93,-5,5
312,92,90,2,2
313,86,98,-12,12
314,135,136,-1,1
315,77,78,-1,1
316,73,78,-5,5
317,133,142,-9,9
318,51,61,-10,10
319,125,122,3,3
320,98,110,-12,12
321,143,139,4,4
322,140,141,-1,1
323,87,97,-10,10
324,89,78,11,11
325,69,81,-12,12
326,96,83,13,13
327,127,123,4,4
328,79,81,-2,2
329,137,129,8,8
330,85,93,-8,8
331,84,93,-9,9
332,52,65,-13,13
333,77,80,-3,3
334,78,88,-10,10
335,104,102,2,2
336,89,98,-9,9
337,89,68,21,21
338,56,59,-3,3
339,106,94,12,12
340,71,75,-4,4
341,132,124,8,8
342,82,83,-1,1
343,100,100,0,0
344,51,66,-15,15
345,66,72,-6,6
346,85,82,3,3
347,112,113,-1,1
348,34,59,-25,25
349,134,121,13,13
350,93,101,-8,8
351,114,135,-21,21
352,137,128,9,9
353,88,97,-9,9
354,108,118,-10,10
355,106,103,3,3
356,146,172,-26,26
357,54,72,-18,18
358,170,145,25,25
359,86,81,5,5
360,110,102,8,8
361,82,87,-5,5
362,101,103,-2,2
363,64,75,-11,11
364,44,60,-16,16
365,84,89,-5,5
366,60,65,-5,5
367,101,109,-8,8
368,120,113,7,7
369,60,67,-7,7
370,130,131,-1,1
371,41,52,-11,11
372,116,113,3,3
373,58,65,-7,7
374,77,81,-4,4
375,96,104,-8,8
376,88,99,-11,11
377,103,104,-1,1
378,35,39,-4,4
379,64,68,-4,4
380,86,82,4,4
381,89,96,-7,7
382,108,108,0,0
383,116,112,4,4
384,82,91,-9,9
385,65,73,-8,8
386,64,76,-12,12
387,134,131,3,3
388,65,72,-7,7
389,77,81,-4,4
390,120,123,-3,3
391,54,64,-10,10
392,90,95,-5,5
393,87,96,-9,9
394,97,98,-1,1
395,17,19,-2,2
396,69,96,-27,27
397,31,51,-20,20
398,90,96,-6,6
399,104,109,-5,5
400,97,98,-1,1
401,52,67,-15,15
402,81,88,-7,7
403,88,91,-3,3
404,150,150,0,0
405,103,113,-10,10
406,47,55,-8,8
407,119,121,-2,2
408,107,118,-11,11
409,88,73,15,15
410,85,90,-5,5
411,95,101,-6,6
412,89,89,0,0
413,87,93,-6,6
414,148,138,10,10
415,98,100,-2,2
416,148,149,-1,1
417,77,87,-10,10
418,70,79,-9,9
419,64,71,-7,7
420,110,131,-21,21
421,143,154,-11,11
422,122,169,-47,47
423,82,87,-5,5
424,112,115,-3,3
425,128,136,-8,8
426,148,149,-1,1
427,80,84,-4,4
428,56,71,-15,15
429,90,96,-6,6
430,110,112,-2,2
431,88,102,-14,14
432,91,97,-6,6
433,99,100,-1,1
434,122,119,3,3
435,66,71,-5,5
436,106,105,1,1
437,65,67,-2,2
438,164,153,11,11
439,68,73,-5,5
440,48,73,-25,25
441,88,85,3,3
442,107,121,-14,14
443,58,72,-14,14
444,91,94,-3,3
445,113,111,2,2
446,107,105,2,2
447,101,101,0,0
448,72,86,-14,14
449,134,135,-1,1
450,87,93,-6,6
451,64,71,-7,7
452,72,74,-2,2
453,146,152,-6,6
454,110,113,-3,3
455,104,106,-2,2
456,129,135,-6,6
457,134,143,-9,9
458,123,123,0,0
459,62,67,-5,5
460,71,78,-7,7
461,58,73,-15,15
462,88,90,-2,2
463,134,139,-5,5
464,81,88,-7,7
465,77,95,-18,18
466,118,119,-1,1
467,131,127,4,4
468,66,73,-7,7
469,61,72,-11,11
470,43,48,-5,5
471,121,125,-4,4
472,101,113,-12,12
473,112,106,6,6
474,67,71,-4,4
475,88,89,-1,1
476,57,61,-4,4
477,93,88,5,5
478,77,70,7,7
479,57,67,-10,10
480,55,76,-21,21
481,68,75,-7,7
482,118,116,2,2
483,63,70,-7,7
484,110,119,-9,9
485,58,63,-5,5
486,119,111,8,8
487,110,143,-33,33
488,146,146,0,0
489,50,55,-5,5
490,104,103,1,1
491,136,130,6,6
492,145,149,-4,4
493,110,104,6,6
494,124,139,-15,15
495,117,113,4,4
496,134,130,4,4
497,98,93,5,5
498,104,132,-28,28
499,78,79,-1,1
500,100,100,0,0
501,45,58,-13,13
502,108,117,-9,9
503,50,65,-15,15
504,69,80,-11,11
505,106,105,1,1
506,66,70,-4,4
507,61,71,-10,10
508,96,99,-3,3
509,96,97,-1,1
510,53,63,-10,10
511,93,103,-10,10
512,80,81,-1,1
513,73,78,-5,5
514,70,82,-12,12
515,100,98,2,2
516,137,134,3,3
517,114,118,-4,4
518,70,77,-7,7
519,55,73,-18,18
520,108,99,9,9
521,138,140,-2,2
522,95,101,-6,6
523,142,142,0,0
524,83,89,-6,6
525,122,116,6,6
526,97,105,-8,8
527,56,64,-8,8
528,122,121,1,1
529,73,81,-8,8
530,69,69,0,0
531,95,102,-7,7
532,68,80,-12,12
533,95,94,1,1
534,78,97,-19,19
535,90,95,-5,5
536,106,112,-6,6
537,42,55,-13,13
538,76,84,-8,8
539,157,167,-10,10
540,119,118,1,1
541,99,105,-6,6
542,61,73,-12,12
543,102,102,0,0
544,92,100,-8,8
545,124,113,11,11
546,82,90,-8,8
547,76,84,-8,8
548,67,77,-10,10
549,148,142,6,6
550,74,85,-11,11
551,66,77,-11,11
552,108,110,-2,2
553,64,69,-5,5
554,102,103,-1,1
555,63,66,-3,3
556,66,66,0,0
557,74,76,-2,2
558,74,84,-10,10
559,67,75,-8,8
560,86,98,-12,12
561,81,98,-17,17
562,90,100,-10,10
563,47,59,-12,12
564,68,81,-13,13
565,88,84,4,4
566,83,87,-4,4
567,76,79,-3,3
568,55,62,-7,7
569,100,111,-11,11
570,108,126,-18,18
571,178,163,15,15
572,80,88,-8,8
573,82,90,-8,8
574,149,138,11,11
575,69,78,-9,9
576,70,84,-14,14
577,90,108,-18,18
578,91,93,-2,2
579,75,76,-1,1
580,88,92,-4,4
581,134,129,5,5
582,49,64,-15,15
583,51,60,-9,9
584,113,116,-3,3
585,88,93,-5,5
586,53,60,-7,7
587,84,78,6,6
588,105,102,3,3
589,85,89,-4,4
590,105,105,0,0
591,75,80,-5,5
592,139,137,2,2
593,103,102,1,1
594,87,96,-9,9
595,65,83,-18,18
596,74,78,-4,4
597,98,107,-9,9
598,110,109,1,1
599,112,113,-1,1
600,88,92,-4,4
601,85,89,-4,4
602,55,65,-10,10
603,86,90,-4,4
604,124,126,-2,2
605,114,120,-6,6
606,57,64,-7,7
607,56,66,-10,10
608,78,79,-1,1
609,122,141,-19,19
610,79,79,0,0
611,81,82,-1,1
612,117,117,0,0
613,112,122,-10,10
614,95,103,-8,8
615,195,175,20,20
616,76,93,-17,17
617,104,104,0,0
618,112,108,4,4
619,103,109,-6,6
620,91,97,-6,6
621,105,106,-1,1
622,127,115,12,12
623,60,72,-12,12
624,111,114,-3,3
625,106,107,-1,1
626,109,110,-1,1
627,85,92,-7,7
628,67,78,-11,11
629,81,89,-8,8
630,83,91,-8,8
631,56,69,-13,13
632,92,96,-4,4
633,71,86,-15,15
634,95,96,-1,1
635,93,100,-7,7
636,144,147,-3,3
637,53,64,-11,11
638,77,91,-14,14
639,71,77,-6,6
640,95,107,-12,12
641,95,104,-9,9
642,61,64,-3,3
643,141,134,7,7
644,133,128,5,5
645,94,93,1,1
646,112,117,-5,5
647,84,90,-6,6
648,92,95,-3,3
649,84,86,-2,2
650,94,99,-5,5
651,72,79,-7,7
652,102,120,-18,18
653,61,72,-11,11
654,108,115,-7,7
655,105,110,-5,5
656,85,91,-6,6
657,74,83,-9,9
658,50,58,-8,8
659,101,100,1,1
660,82,81,1,1
661,108,96,12,12
662,148,144,4,4
663,126,126,0,0
664,136,148,-12,12
665,75,83,-8,8
666,36,44,-8,8
667,42,63,-21,21
668,69,72,-3,3
669,126,128,-2,2
670,109,105,4,4
671,90,92,-2,2
672,116,109,7,7
673,151,185,-34,34
674,147,144,3,3
675,52,96,-44,44
676,107,113,-6,6
677,90,95,-5,5
678,162,150,12,12
679,103,110,-7,7
680,150,141,9,9
681,62,85,-23,23
682,111,116,-5,5
683,77,90,-13,13
684,166,169,-3,3
685,151,157,-6,6
686,116,120,-4,4
687,79,85,-6,6
688,94,120,-26,26
689,110,116,-6,6
690,152,139,13,13
691,176,163,13,13
692,92,97,-5,5
693,156,152,4,4
694,92,100,-8,8
695,77,78,-1,1
696,32,57,-25,25
697,87,95,-8,8
698,108,112,-4,4
699,104,97,7,7
700,70,75,-5,5
701,66,61,5,5
702,118,119,-1,1
703,65,72,-7,7
704,111,106,5,5
705,74,75,-1,1
706,81,94,-13,13
707,88,85,3,3
708,87,88,-1,1
709,116,127,-11,11
710,47,55,-8,8
711,95,104,-9,9
712,44,55,-11,11
713,91,112,-21,21
714,83,89,-6,6
715,137,135,2,2
716,80,88,-8,8
717,147,139,8,8
718,119,126,-7,7
719,137,119,18,18
720,133,144,-11,11
721,89,97,-8,8
722,150,143,7,7
723,108,113,-5,5
724,96,88,8,8
725,88,90,-2,2
726,140,132,8,8
727,128,135,-7,7
728,53,64,-11,11
729,100,115,-15,15
730,58,74,-16,16
731,110,109,1,1
732,125,126,-1,1
733,124,114,10,10
734,109,123,-14,14
735,122,129,-7,7
736,95,101,-6,6
737,93,98,-5,5
738,85,85,0,0
739,98,91,7,7
740,68,83,-15,15
741,48,57,-9,9
742,97,103,-6,6
743,81,88,-7,7
744,88,86,2,2
745,91,114,-23,23
746,64,69,-5,5
747,204,188,16,16
748,114,112,2,2
749,185,155,30,30
750,75,80,-5,5
751,70,72,-2,2
752,145,151,-6,6
753,87,89,-2,2
754,45,63,-18,18
755,73,79,-6,6
756,125,133,-8,8
757,60,71,-11,11
758,95,98,-3,3
759,119,104,15,15
760,76,77,-1,1
761,56,68,-12,12
762,44,66,-22,22
763,98,104,-6,6
764,86,84,2,2
765,161,144,17,17
766,102,126,-24,24
767,103,106,-3,3
768,69,80,-11,11
769,151,158,-7,7
770,92,79,13,13
771,80,95,-15,15
772,87,92,-5,5
773,108,108,0,0
774,51,63,-12,12
775,110,111,-1,1
776,64,68,-4,4
777,73,76,-3,3
778,92,94,-2,2
779,93,100,-7,7
780,103,107,-4,4
781,49,53,-4,4
782,71,82,-11,11
783,70,76,-6,6
784,67,72,-5,5
785,100,102,-2,2
786,93,104,-11,11
787,75,80,-5,5
788,97,102,-5,5
789,84,92,-8,8
790,140,131,9,9
791,151,143,8,8
792,78,89,-11,11
793,79,83,-4,4
794,108,125,-17,17
795,95,98,-3,3
796,98,97,1,1
797,119,124,-5,5
798,83,99,-16,16
799,67,77,-10,10
800,64,73,-9,9
801,102,101,1,1
802,75,82,-7,7
803,68,84,-16,16
804,78,83,-5,5
805,53,63,-10,10
806,126,130,-4,4
807,89,99,-10,10
808,85,100,-15,15
809,64,75,-11,11
810,85,87,-2,2
811,74,76,-2,2
812,66,70,-4,4
813,79,77,2,2
814,125,112,13,13
815,119,116,3,3
816,26,60,-34,34
817,66,73,-7,7
818,88,88,0,0
819,111,103,8,8
820,86,86,0,0
821,76,90,-14,14
822,86,86,0,0
823,145,142,3,3
824,46,56,-10,10
825,107,105,2,2
826,99,96,3,3
827,63,75,-12,12
828,68,75,-7,7
829,100,95,5,5
830,110,122,-12,12
831,77,84,-7,7
832,66,75,-9,9
833,64,69,-5,5
834,77,91,-14,14
835,144,145,-1,1
836,106,107,-1,1
837,93,109,-16,16
838,73,87,-14,14
839,103,113,-10,10
840,105,113,-8,8
841,75,84,-9,9
842,83,85,-2,2
843,112,117,-5,5
844,156,148,8,8
845,156,146,10,10
846,77,89,-12,12
847,76,82,-6,6
848,95,99,-4,4
849,41,60,-19,19
850,106,120,-14,14
851,135,132,3,3
852,92,106,-14,14
853,91,101,-10,10
854,112,114,-2,2
855,84,93,-9,9
856,77,76,1,1
857,29,62,-33,33
858,64,72,-8,8
859,143,131,12,12
860,59,64,-5,5
861,155,152,3,3
862,207,171,36,36
863,129,120,9,9
864,115,110,5,5
865,108,104,4,4
866,162,145,17,17
867,69,81,-12,12
868,62,81,-19,19
869,79,99,-20,20
870,57,67,-10,10
871,90,93,-3,3
872,98,98,0,0
873,108,111,-3,3
874,80,105,-25,25
875,114,112,2,2
876,57,62,-5,5
877,41,113,-72,72
878,90,90,0,0
879,84,80,4,4
880,87,95,-8,8
881,70,84,-14,14
882,109,113,-4,4
883,76,80,-4,4
884,62,62,0,0
885,83,83,0,0
886,124,139,-15,15
887,122,127,-5,5
888,55,63,-8,8
889,108,120,-12,12
890,109,116,-7,7
891,52,62,-10,10
892,134,120,14,14
893,60,62,-2,2
894,71,83,-12,12
895,123,120,3,3
896,60,69,-9,9
897,140,137,3,3
898,109,101,8,8
899,150,167,-17,17
900,74,82,-8,8
901,94,90,4,4
902,71,80,-9,9
903,139,135,4,4
904,87,103,-16,16
905,72,81,-9,9
906,53,58,-5,5
907,163,148,15,15
908,111,100,11,11
909,70,69,1,1
910,46,58,-12,12
911,138,132,6,6
912,127,128,-1,1
913,70,89,-19,19
914,107,122,-15,15
915,64,70,-6,6
916,69,88,-19,19
917,196,186,10,10
918,136,142,-6,6
919,52,56,-4,4
920,79,89,-10,10
921,109,120,-11,11
922,78,87,-9,9
923,115,118,-3,3
924,77,89,-12,12
925,110,110,0,0
926,74,74,0,0
927,49,56,-7,7
928,55,64,-9,9
929,145,138,7,7
930,119,123,-4,4
931,96,98,-2,2
932,196,190,6,6
933,72,84,-12,12
934,90,106,-16,16
935,62,107,-45,45
936,118,108,10,10
937,137,142,-5,5
938,79,84,-5,5
939,152,145,7,7
940,87,103,-16,16
941,112,117,-5,5
942,62,70,-8,8
943,72,81,-9,9
944,109,111,-2,2
945,83,87,-4,4
946,68,72,-4,4
947,97,102,-5,5
948,59,67,-8,8
949,173,154,19,19
950,73,75,-2,2
951,85,97,-12,12
952,62,71,-9,9
953,75,77,-2,2
954,90,99,-9,9
955,93,101,-8,8
956,98,104,-6,6
957,116,113,3,3
958,50,57,-7,7
959,106,112,-6,6
960,114,111,3,3
961,98,96,2,2
962,184,182,2,2
963,69,78,-9,9
964,147,143,4,4
965,29,67,-38,38
966,108,119,-11,11
967,65,76,-11,11
968,96,97,-1,1
969,84,93,-9,9
970,70,72,-2,2
971,162,154,8,8
972,112,119,-7,7
973,71,76,-5,5
974,139,135,4,4
975,72,86,-14,14
976,68,77,-9,9
977,76,85,-9,9
978,87,86,1,1
979,52,57,-5,5
980,115,117,-2,2
981,161,151,10,10
982,88,86,2,2
983,107,108,-1,1
984,84,83,1,1
985,90,91,-1,1
986,55,64,-9,9
987,138,131,7,7
988,90,88,2,2
989,114,113,1,1
990,111,130,-19,19
991,44,53,-9,9
992,111,122,-11,11
993,128,113,15,15
994,98,99,-1,1
995,93,91,2,2
996,74,78,-4,4
997,130,133,-3,3
998,82,100,-18,18
999,178,155,23,23
1000,42,53,-11,11
1001,96,94,2,2
1002,39,58,-19,19
1003,75,83,-8,8
1004,147,147,0,0
1005,102,107,-5,5
1006,212,187,25,25
1007,64,72,-8,8
1008,91,93,-2,2
1009,39,51,-12,12
1010,92,105,-13,13
1011,159,149,10,10
1012,119,115,4,4
1013,128,129,-1,1
1014,125,124,1,1
1015,63,74,-11,11
1016,117,115,2,2
1017,117,121,-4,4
1018,35,48,-13,13
1019,108,116,-8,8
1020,108,106,2,2
1021,77,82,-5,5
1022,88,94,-6,6
1023,45,59,-14,14
1024,88,101,-13,13
1025,110,106,4,4
1026,93,92,1,1
1027,77,90,-13,13
1028,144,140,4,4
1029,63,76,-13,13
1030,56,60,-4,4
1031,143,138,5,5
1032,119,135,-16,16
1033,85,87,-2,2
1034,94,97,-3,3
1035,115,128,-13,13
1036,117,121,-4,4
1037,71,75,-4,4
1038,79,90,-11,11
1039,119,96,23,23
1040,78,84,-6,6
1041,101,120,-19,19
1042,89,99,-10,10
1043,91,101,-10,10
1044,112,113,-1,1
1045,131,134,-3,3
1046,43,53,-10,10
1047,162,157,5,5
1048,55,65,-10,10
1049,116,121,-5,5
1050,49,58,-9,9
1051,88,83,5,5
1052,108,108,0,0
1053,72,72,0,0
1054,115,114,1,1
1055,55,66,-11,11
1056,146,137,9,9
1057,97,85,12,12
1058,81,86,-5,5
1059,146,142,4,4
1060,133,130,3,3
1061,62,71,-9,9
1062,148,145,3,3
1063,98,93,5,5
1064,81,78,3,3
1065,73,83,-10,10
1066,81,83,-2,2
1067,148,142,6,6
1068,141,129,12,12
1069,56,61,-5,5
1070,123,120,3,3
1071,83,87,-4,4
1072,117,124,-7,7
1073,99,104,-5,5
1074,99,107,-8,8
1075,64,70,-6,6
1076,92,91,1,1
1077,40,49,-9,9
1078,183,168,15,15
1079,44,66,-22,22
1080,115,115,0,0
1081,49,59,-10,10
1082,127,124,3,3
1083,155,144,11,11
1084,81,96,-15,15
1085,92,89,3,3
1086,74,70,4,4
1087,108,112,-4,4
1088,57,66,-9,9
1089,61,72,-11,11
1090,125,131,-6,6
1091,97,95,2,2
1092,60,102,-42,42
1093,78,81,-3,3
1094,71,88,-17,17
1095,84,89,-5,5
1096,177,160,17,17
1097,80,82,-2,2
1098,130,139,-9,9
1099,81,88,-7,7
1100,88,95,-7,7
1101,56,62,-6,6
1102,149,143,6,6
1103,92,87,5,5
1104,90,96,-6,6
1105,45,60,-15,15
1106,63,77,-14,14
1107,92,98,-6,6
1108,124,130,-6,6
1109,140,142,-2,2
1110,122,139,-17,17
1111,47,58,-11,11
1112,67,78,-11,11
1113,199,185,14,14
1114,110,141,-31,31
1115,78,88,-10,10
1116,42,53,-11,11
1117,51,62,-11,11
1118,183,155,28,28
1119,160,159,1,1
1120,117,120,-3,3
1121,70,79,-9,9
1122,90,92,-2,2
1123,101,113,-12,12
1124,73,79,-6,6
1125,64,73,-9,9
1126,69,76,-7,7
1127,98,101,-3,3
1128,121,123,-2,2
1129,83,88,-5,5
1130,170,170,0,0
1131,80,85,-5,5
1132,68,74,-6,6
1133,130,142,-12,12
1134,66,80,-14,14
1135,65,92,-27,27
1136,95,100,-5,5
1137,99,103,-4,4
1138,95,122,-27,27
1139,174,166,8,8
1140,154,141,13,13
1141,121,115,6,6
1142,109,103,6,6
1143,87,110,-23,23
1144,61,60,1,1
1145,96,102,-6,6
1146,96,101,-5,5
1147,118,117,1,1
1148,97,94,3,3
1149,105,104,1,1
1150,87,88,-1,1
1151,104,101,3,3
1152,80,91,-11,11
1153,54,68,-14,14
1154,92,99,-7,7
1155,48,58,-10,10
1156,78,89,-11,11
1157,136,125,11,11
1158,139,132,7,7
1159,61,113,-52,52
1160,83,91,-8,8
1161,103,116,-13,13
1162,128,125,3,3
1163,131,128,3,3
1164,76,87,-11,11
1165,74,75,-1,1
1166,135,136,-1,1
1167,73,83,-10,10
1168,115,122,-7,7
1169,81,96,-15,15
1170,140,134,6,6
1171,69,80,-11,11
1172,46,59,-13,13
1173,109,108,1,1
1174,197,176,21,21
1175,111,124,-13,13
1176,100,101,-1,1
1177,77,78,-1,1
1178,66,74,-8,8
1179,67,75,-8,8
1180,120,138,-18,18
1181,349,339,10,10
1182,78,80,-2,2
1183,118,127,-9,9
1184,51,68,-17,17
1185,82,89,-7,7
1186,49,55,-6,6
1187,72,79,-7,7
1188,112,217,-105,105
1189,140,121,19,19
1190,69,68,1,1
1191,94,100,-6,6
1192,69,75,-6,6
1193,96,104,-8,8
1194,77,122,-45,45
1195,92,106,-14,14
1196,141,141,0,0
1197,94,102,-8,8
1198,92,86,6,6
1199,96,117,-21,21
1200,69,70,-1,1
1201,35,55,-20,20
1202,78,84,-6,6
1203,113,116,-3,3
1204,99,95,4,4
1205,108,111,-3,3
1206,118,116,2,2
1207,95,100,-5,5
1208,106,113,-7,7
1209,101,90,11,11
1210,77,93,-16,16
1211,97,100,-3,3
1212,86,88,-2,2
1213,60,69,-9,9
1214,101,114,-13,13
1215,105,102,3,3
1216,73,80,-7,7
1217,90,93,-3,3
1218,121,114,7,7
1219,80,90,-10,10
1220,85,95,-10,10
1221,158,158,0,0
1222,75,81,-6,6
1223,70,83,-13,13
1224,66,76,-10,10
1225,107,106,1,1
1226,182,178,4,4
1227,134,133,1,1
1228,103,100,3,3
1229,69,82,-13,13
1230,95,95,0,0
1231,33,45,-12,12
1232,58,65,-7,7
1233,63,77,-14,14
1234,115,103,12,12
1235,111,101,10,10
1236,128,122,6,6
1237,141,133,8,8
1238,50,62,-12,12
1239,129,116,13,13
1240,49,66,-17,17
1241,91,90,1,1
1242,131,120,11,11
1243,120,109,11,11
1244,91,94,-3,3
1245,108,114,-6,6
1246,70,82,-12,12
1247,51,58,-7,7
1248,92,104,-12,12
1249,77,81,-4,4
1250,149,140,9,9
1251,117,118,-1,1
1252,144,146,-2,2
1253,82,77,5,5
1254,107,113,-6,6
1255,51,59,-8,8
1256,55,66,-11,11
1257,101,103,-2,2
1258,99,97,2,2
1259,114,111,3,3
1260,55,72,-17,17
1261,83,86,-3,3
1262,174,168,6,6
1263,136,132,4,4
1264,89,97,-8,8
1265,67,81,-14,14
1266,81,85,-4,4
1267,122,129,-7,7
1268,74,87,-13,13
1269,149,164,-15,15
1270,62,72,-10,10
1271,64,77,-13,13
1272,85,96,-11,11
1273,163,143,20,20
1274,72,87,-15,15
1275,62,66,-4,4
1276,50,62,-12,12
1277,57,71,-14,14
1278,82,98,-16,16
1279,58,66,-8,8
1280,51,58,-7,7
1281,63,74,-11,11
1282,125,116,9,9
1283,78,90,-12,12
1284,57,62,-5,5
1285,65,71,-6,6
1286,111,121,-10,10
1287,90,92,-2,2
1288,107,110,-3,3
1289,81,80,1,1
1290,133,119,14,14
1291,111,124,-13,13
1292,64,78,-14,14
1293,56,80,-24,24
1294,51,65,-14,14
1295,64,76,-12,12
1296,156,149,7,7
1297,96,110,-14,14
1298,94,91,3,3
1299,65,101,-36,36
1300,167,155,12,12
1301,44,52,-8,8
1302,255,220,35,35
1303,80,83,-3,3
1304,142,137,5,5
1305,73,68,5,5
1306,114,111,3,3
1307,81,78,3,3
1308,66,73,-7,7
1309,91,96,-5,5
1310,106,102,4,4
1311,84,94,-10,10
1312,120,122,-2,2
1313,115,114,1,1
1314,130,124,6,6
1315,192,197,-5,5
1316,150,141,9,9
1317,87,93,-6,6
1318,69,79,-10,10
1319,170,175,-5,5
1320,99,100,-1,1
1321,72,84,-12,12
1322,106,106,0,0
1323,142,124,18,18
1324,44,58,-14,14
1325,87,99,-12,12
1326,72,82,-10,10
1327,116,114,2,2
1328,66,74,-8,8
1329,43,51,-8,8
1330,145,139,6,6
1331,92,95,-3,3
1332,86,94,-8,8
1333,87,99,-12,12
1334,71,76,-5,5
1335,136,127,9,9
1336,73,86,-13,13
1337,81,91,-10,10
1338,65,67,-2,2
1339,97,94,3,3
1340,61,69,-8,8
1341,76,74,2,2
1342,55,62,-7,7
1343,100,98,2,2
1344,120,125,-5,5
1345,110,124,-14,14
1346,103,107,-4,4
1347,57,65,-8,8
1348,95,90,5,5
1349,82,91,-9,9
1350,105,119,-14,14
1351,68,78,-10,10
1352,177,164,13,13
1353,97,102,-5,5
1354,150,132,18,18
1355,38,50,-12,12
1356,85,87,-2,2
1357,79,88,-9,9
1358,78,86,-8,8
1359,98,103,-5,5
1360,138,130,8,8
1361,92,88,4,4
1362,110,108,2,2
1363,135,144,-9,9
1364,96,101,-5,5
1365,107,105,2,2
1366,84,94,-10,10
1367,82,83,-1,1
1368,87,108,-21,21
1369,58,67,-9,9
1370,55,60,-5,5
1371,69,81,-12,12
1372,193,180,13,13
1373,102,110,-8,8
1374,105,102,3,3
1375,74,94,-20,20
1376,122,138,-16,16
1377,85,87,-2,2
1378,103,104,-1,1
1379,139,130,9,9
1380,91,91,0,0
1381,84,101,-17,17
1382,155,142,13,13
1383,73,79,-6,6
1384,141,129,12,12
1385,70,73,-3,3
1386,93,90,3,3
1387,100,94,6,6
1388,96,97,-1,1
1389,56,65,-9,9
1390,93,124,-31,31
1391,97,127,-30,30
1392,43,51,-8,8
1393,58,63,-5,5
1394,107,107,0,0
1395,118,118,0,0
1396,64,64,0,0
1397,114,105,9,9
1398,84,84,0,0
1399,68,77,-9,9
1400,170,153,17,17
1401,121,122,-1,1
1402,180,171,9,9
1403,81,88,-7,7
1404,131,127,4,4
1405,166,158,8,8
1406,83,90,-7,7
1407,107,102,5,5
1408,95,99,-4,4
1409,88,86,2,2
1410,149,142,7,7
1411,160,156,4,4
1412,112,114,-2,2
1413,145,143,2,2
1414,38,46,-8,8
1415,104,99,5,5
1416,125,134,-9,9
1417,86,91,-5,5
1418,105,107,-2,2
1419,44,57,-13,13
1420,116,108,8,8
1421,136,134,2,2
1422,149,140,9,9
1423,135,113,22,22
1424,51,59,-8,8
1425,94,107,-13,13
1426,88,103,-15,15
1427,128,130,-2,2
1428,148,142,6,6
1429,103,113,-10,10
1430,59,68,-9,9
1431,75,80,-5,5
1432,83,87,-4,4
1433,73,78,-5,5
1434,75,103,-28,28
1435,74,87,-13,13
1436,85,92,-7,7
1437,74,76,-2,2
1438,99,101,-2,2
1439,122,128,-6,6
1440,130,136,-6,6
1441,61,73,-12,12
1442,48,58,-10,10
1443,111,120,-9,9
1444,58,63,-5,5
1445,61,81,-20,20
1446,129,133,-4,4
1447,55,64,-9,9
1448,159,154,5,5
1449,81,85,-4,4
1450,44,58,-14,14
1451,64,68,-4,4
1452,105,103,2,2
1453,131,130,1,1
1454,188,176,12,12
1455,107,105,2,2
1456,74,82,-8,8
1457,155,167,-12,12
1458,93,93,0,0
1459,125,126,-1,1
1460,113,120,-7,7
1461,81,87,-6,6
1462,73,76,-3,3
1463,78,81,-3,3
1464,124,115,9,9
1465,68,83,-15,15
1466,90,97,-7,7
1467,108,102,6,6
1468,73,75,-2,2
1469,92,96,-4,4
1470,118,122,-4,4
1471,70,72,-2,2
1472,98,108,-10,10
1473,70,74,-4,4
1474,72,80,-8,8
1475,107,99,8,8
1476,112,113,-1,1
1477,118,119,-1,1
1478,86,88,-2,2
1479,114,101,13,13
1480,121,118,3,3
1481,120,114,6,6
1482,275,216,59,59
1483,98,92,6,6
1484,95,109,-14,14
1485,80,82,-2,2
1486,126,134,-8,8
1487,98,103,-5,5
1488,133,146,-13,13
1489,61,67,-6,6
1490,129,120,9,9
1491,117,117,0,0
1492,54,82,-28,28
1493,54,66,-12,12
1494,48,59,-11,11
1495,85,89,-4,4
1496,56,82,-26,26
1497,77,95,-18,18
1498,140,127,13,13
1499,69,79,-10,10
1500,88,95,-7,7
1501,107,112,-5,5
1502,81,87,-6,6
1503,134,121,13,13
1504,80,85,-5,5
1505,121,122,-1,1
1506,111,108,3,3
1507,72,81,-9,9
1508,155,156,-1,1
1509,61,71,-10,10
1510,70,81,-11,11
1511,55,62,-7,7
1512,74,81,-7,7
1513,151,150,1,1
1514,38,54,-16,16
1515,164,189,-25,25
1516,66,82,-16,16
1517,58,67,-9,9
1518,66,77,-11,11
1519,116,107,9,9
1520,71,93,-22,22
1521,99,102,-3,3
1522,108,121,-13,13
1523,77,85,-8,8
1524,56,69,-13,13
1525,126,117,9,9
1526,117,119,-2,2
1527,71,71,0,0
1528,80,80,0,0
1529,69,78,-9,9
1530,76,74,2,2
1531,137,139,-2,2
1532,184,172,12,12
1533,131,125,6,6
1534,149,142,7,7
1535,95,99,-4,4
1536,122,121,1,1
1537,54,58,-4,4
1538,88,95,-7,7
1539,83,90,-7,7
1540,69,80,-11,11
1541,87,106,-19,19
1542,156,154,2,2
1543,118,124,-6,6
1544,55,67,-12,12
1545,83,88,-5,5
1546,81,98,-17,17
1547,101,114,-13,13
1548,73,78,-5,5
1549,105,109,-4,4
1550,82,91,-9,9
1551,65,73,-8,8
1552,78,83,-5,5
1553,115,113,2,2
1554,133,123,10,10
1555,58,71,-13,13
1556,108,118,-10,10
1557,128,135,-7,7
1558,136,122,14,14
1559,37,56,-19,19
1560,95,109,-14,14
1561,121,121,0,0
1562,87,88,-1,1
1563,100,125,-25,25
1564,89,88,1,1
1565,126,132,-6,6
1566,109,127,-18,18
1567,103,104,-1,1
1568,150,141,9,9
1569,94,128,-34,34
1570,148,155,-7,7
1571,60,69,-9,9
1572,70,78,-8,8
1573,131,137,-6,6
1574,70,73,-3,3
1575,95,105,-10,10
1576,66,84,-18,18
1577,86,82,4,4
1578,91,94,-3,3
1579,75,89,-14,14
1580,46,59,-13,13
1581,100,107,-7,7
1582,98,97,1,1
1583,92,90,2,2
1584,112,105,7,7
1585,167,158,9,9
1586,90,101,-11,11
1587,109,104,5,5
1588,93,111,-18,18
1589,61,69,-8,8
1590,123,122,1,1
1591,93,100,-7,7
1592,74,74,0,0
1593,36,50,-14,14
1594,89,89,0,0
1595,144,154,-10,10
1596,80,86,-6,6
1597,114,117,-3,3
1598,106,112,-6,6
1599,57,67,-10,10
1600,70,84,-14,14
1601,112,118,-6,6
1602,92,92,0,0
1603,106,103,3,3
1604,122,129,-7,7
1605,128,127,1,1
1606,109,111,-2,2
1607,75,80,-5,5
1608,120,116,4,4
1609,60,63,-3,3
1610,137,128,9,9
1611,78,85,-7,7
1612,93,104,-11,11
1613,91,92,-1,1
1614,84,89,-5,5
1615,137,139,-2,2
1616,43,58,-15,15
1617,74,69,5,5
1618,77,82,-5,5
1619,114,120,-6,6
1620,104,94,10,10
1621,101,110,-9,9
1622,43,53,-10,10
1623,106,110,-4,4
1624,90,92,-2,2
1625,114,126,-12,12
1626,82,80,2,2
1627,62,74,-12,12
1628,112,112,0,0
1629,46,60,-14,14
1630,104,101,3,3
1631,106,108,-2,2
1632,62,67,-5,5
1633,123,124,-1,1
1634,95,101,-6,6
1635,64,76,-12,12
1636,76,87,-11,11
1637,104,108,-4,4
1638,126,125,1,1
1639,144,141,3,3
1640,119,123,-4,4
1641,74,76,-2,2
1642,51,63,-12,12
1643,91,100,-9,9
1644,86,100,-14,14
1645,95,96,-1,1
1646,72,81,-9,9
1647,162,153,9,9
1648,87,93,-6,6
1649,91,98,-7,7
1650,122,140,-18,18
1651,70,78,-8,8
1652,106,119,-13,13
1653,89,100,-11,11
1654,59,62,-3,3
1655,44,53,-9,9
1656,74,73,1,1
1657,77,87,-10,10
1658,135,128,7,7
1659,107,111,-4,4
1660,64,69,-5,5
1661,52,75,-23,23
1662,61,70,-9,9
1663,74,80,-6,6
1664,87,103,-16,16
1665,106,104,2,2
1666,64,73,-9,9
1667,70,81,-11,11
1668,77,85,-8,8
1669,62,68,-6,6
1670,67,77,-10,10
1671,109,111,-2,2
1672,118,119,-1,1
1673,74,87,-13,13
1674,100,101,-1,1
1675,83,106,-23,23
1676,83,80,3,3
1677,121,115,6,6
1678,79,90,-11,11
1679,46,55,-9,9
1680,92,90,2,2
1681,102,104,-2,2
1682,103,101,2,2
1683,64,66,-2,2
1684,101,101,0,0
1685,105,103,2,2
1686,55,65,-10,10
1687,66,69,-3,3
1688,60,68,-8,8
1689,62,74,-12,12
1690,150,152,-2,2
1691,84,97,-13,13
1692,98,111,-13,13
1693,59,72,-13,13
1694,57,66,-9,9
1695,88,132,-44,44
1696,146,147,-1,1
1697,58,69,-11,11
1698,73,76,-3,3
1699,192,177,15,15
1700,58,63,-5,5
1701,97,99,-2,2
1702,84,88,-4,4
1703,149,144,5,5
1704,162,142,20,20
1705,53,72,-19,19
1706,48,63,-15,15
1707,103,120,-17,17
1708,64,69,-5,5
1709,85,86,-1,1
1710,64,72,-8,8
1711,73,78,-5,5
1712,72,74,-2,2
1713,136,131,5,5
1714,103,100,3,3
1715,161,152,9,9
1716,89,93,-4,4
1717,102,100,2,2
1718,66,124,-58,58
1719,87,89,-2,2
1720,101,106,-5,5
1721,90,102,-12,12
1722,108,115,-7,7
1723,59,69,-10,10
1724,118,115,3,3
1725,56,67,-11,11
1726,195,185,10,10
1727,70,73,-3,3
1728,90,98,-8,8
1729,108,116,-8,8
1730,118,135,-17,17
1731,74,83,-9,9
1732,115,114,1,1
1733,31,48,-17,17
1734,121,127,-6,6
1735,43,55,-12,12
1736,78,82,-4,4
1737,63,74,-11,11
1738,57,59,-2,2
1739,53,65,-12,12
1740,63,70,-7,7
1741,88,91,-3,3
1742,80,92,-12,12
1743,133,136,-3,3
1744,90,88,2,2
1745,130,130,0,0
1746,70,75,-5,5
1747,169,152,17,17
1748,45,60,-15,15
1749,171,161,10,10
1750,84,86,-2,2
1751,95,102,-7,7
1752,73,84,-11,11
1753,59,65,-6,6
1754,82,96,-14,14
1755,101,99,2,2
1756,77,89,-12,12
1757,57,71,-14,14
1758,97,97,0,0
1759,69,76,-7,7
1760,82,79,3,3
1761,60,85,-25,25
1762,70,77,-7,7
1763,79,88,-9,9
1764,127,129,-2,2
1765,92,110,-18,18
1766,119,123,-4,4
1767,59,67,-8,8
1768,66,78,-12,12
1769,44,58,-14,14
1770,46,55,-9,9
1771,129,119,10,10
1772,93,90,3,3
1773,98,130,-32,32
1774,89,91,-2,2
1775,74,78,-4,4
1776,96,100,-4,4
1777,103,97,6,6
1778,84,94,-10,10
1779,75,79,-4,4
1780,167,150,17,17
1781,85,94,-9,9
1782,108,125,-17,17
1783,59,69,-10,10
1784,101,106,-5,5
1785,76,83,-7,7
1786,118,118,0,0
1787,67,75,-8,8
1788,53,71,-18,18
1789,108,113,-5,5
1790,103,100,3,3
1791,130,145,-15,15
1792,83,86,-3,3
1793,52,70,-18,18
1794,79,87,-8,8
1795,80,91,-11,11
1796,88,75,13,13
1797,55,67,-12,12
1798,53,61,-8,8
1799,116,113,3,3
1800,103,104,-1,1
1801,73,85,-12,12
1802,72,78,-6,6
1803,155,144,11,11
1804,205,204,1,1
1805,55,64,-9,9
1806,119,118,1,1
1807,93,92,1,1
1808,81,87,-6,6
1809,93,95,-2,2
1810,121,127,-6,6
1811,62,67,-5,5
1812,61,71,-10,10
1813,113,117,-4,4
1814,79,81,-2,2
1815,130,131,-1,1
1816,68,82,-14,14
1817,81,87,-6,6
1818,114,107,7,7
1819,101,92,9,9
1820,63,65,-2,2
1821,87,109,-22,22
1822,117,119,-2,2
1823,114,117,-3,3
1824,109,111,-2,2
1825,96,98,-2,2
1826,54,65,-11,11
1827,132,130,2,2
1828,85,87,-2,2
1829,70,72,-2,2
1830,60,61,-1,1
1831,68,76,-8,8
1832,48,51,-3,3
1833,75,86,-11,11
1834,126,124,2,2
1835,106,103,3,3
1836,60,66,-6,6
1837,70,70,0,0
1838,52,59,-7,7
1839,86,86,0,0
1840,74,77,-3,3
1841,118,115,3,3
1842,43,56,-13,13
1843,207,194,13,13
1844,97,96,1,1
1845,78,84,-6,6
1846,100,109,-9,9
1847,108,100,8,8
1848,73,80,-7,7
1849,151,143,8,8
1850,45,57,-12,12
1851,81,82,-1,1
1852,68,76,-8,8
1853,140,151,-11,11
1854,121,117,4,4
1855,88,109,-21,21
1856,42,54,-12,12
1857,76,85,-9,9
1858,89,92,-3,3
1859,61,69,-8,8
1860,98,97,1,1
1861,78,89,-11,11
1862,54,66,-12,12
1863,128,145,-17,17
1864,160,154,6,6
1865,65,74,-9,9
1866,109,110,-1,1
1867,149,156,-7,7
1868,112,107,5,5
1869,78,84,-6,6
1870,61,65,-4,4
1871,82,84,-2,2
1872,54,61,-7,7
1873,45,60,-15,15
1874,102,101,1,1
1875,92,94,-2,2
1876,121,125,-4,4
1877,119,121,-2,2
1878,84,85,-1,1
1879,99,106,-7,7
1880,116,121,-5,5
1881,119,117,2,2
1882,157,153,4,4
1883,119,111,8,8
1884,92,90,2,2
1885,60,74,-14,14
1886,101,108,-7,7
1887,90,99,-9,9
1888,132,140,-8,8
1889,156,151,5,5
1890,101,103,-2,2
1891,88,91,-3,3
1892,141,124,17,17
1893,56,66,-10,10
1894,85,83,2,2
1895,182,165,17,17
1896,127,119,8,8
1897,76,81,-5,5
1898,83,84,-1,1
1899,59,66,-7,7
1900,33,50,-17,17
1901,38,52,-14,14
1902,90,84,6,6
1903,87,106,-19,19
1904,81,93,-12,12
1905,123,129,-6,6
1906,111,109,2,2
1907,207,213,-6,6
1908,140,135,5,5
1909,90,92,-2,2
1910,67,76,-9,9
1911,102,140,-38,38
1912,65,72,-7,7
1913,81,89,-8,8
1914,75,81,-6,6
1915,93,102,-9,9
1916,87,104,-17,17
1917,183,165,18,18
1918,95,98,-3,3
1919,200,189,11,11
1920,95,99,-4,4
1921,199,184,15,15
1922,87,108,-21,21
1923,56,62,-6,6
1924,55,72,-17,17
1925,90,102,-12,12
1926,64,76,-12,12
1927,57,65,-8,8
1928,179,190,-11,11
1929,78,81,-3,3
1930,54,65,-11,11
1931,112,113,-1,1
1932,69,90,-21,21
1933,73,86,-13,13
1934,64,73,-9,9
1935,65,78,-13,13
1936,63,71,-8,8
1937,159,152,7,7
1938,71,81,-10,10
1939,90,91,-1,1
1940,116,113,3,3
1941,110,116,-6,6
1942,80,89,-9,9
1943,116,128,-12,12
1944,101,110,-9,9
1945,145,140,5,5
1946,144,145,-1,1
1947,163,149,14,14
1948,115,128,-13,13
1949,115,126,-11,11
1950,102,109,-7,7
1951,105,101,4,4
1952,61,66,-5,5
1953,74,79,-5,5
1954,88,92,-4,4
1955,86,82,4,4
1956,98,103,-5,5
1957,113,114,-1,1
1958,82,78,4,4
1959,124,113,11,11
1960,76,77,-1,1
1961,137,136,1,1
1962,88,102,-14,14
1963,130,124,6,6
1964,75,76,-1,1
1965,97,89,8,8
1966,114,125,-11,11
1967,92,97,-5,5
1968,106,108,-2,2
1969,89,100,-11,11
1970,72,93,-21,21
1971,92,96,-4,4
1972,66,74,-8,8
1973,26,37,-11,11
1974,106,107,-1,1
1975,82,92,-10,10
1976,112,117,-5,5
1977,94,96,-2,2
1978,106,110,-4,4
1979,114,111,3,3
1980,85,109,-24,24
1981,144,154,-10,10
1982,137,130,7,7
1983,56,74,-18,18
1984,62,59,3,3
1985,65,77,-12,12
1986,71,81,-10,10
1987,78,94,-16,16
1988,66,68,-2,2
1989,106,111,-5,5
1990,74,107,-33,33
1991,46,129,-83,83
1992,140,134,6,6
1993,129,124,5,5
1994,83,94,-11,11
1995,81,89,-8,8
1996,49,58,-9,9
1997,124,121,3,3
1998,42,50,-8,8
1999,89,91,-2,2
2000,101,101,0,0
2001,184,201,-17,17
2002,113,116,-3,3
2003,212,205,7,7
2004,120,116,4,4
2005,95,101,-6,6
2006,120,124,-4,4
2007,97,102,-5,5
2008,72,78,-6,6
2009,80,76,4,4
2010,87,102,-15,15
2011,100,103,-3,3
2012,185,178,7,7
2013,90,96,-6,6
2014,77,85,-8,8
2015,67,77,-10,10
2016,63,71,-8,8
2017,74,84,-10,10
2018,104,101,3,3
2019,129,128,1,1
2020,73,78,-5,5
2021,128,125,3,3
2022,64,70,-6,6
2023,88,86,2,2
2024,47,61,-14,14
2025,68,72,-4,4
2026,75,77,-2,2
2027,75,81,-6,6
2028,80,90,-10,10
2029,61,72,-11,11
2030,74,81,-7,7
2031,79,88,-9,9
2032,62,75,-13,13
2033,121,128,-7,7
2034,77,83,-6,6
2035,104,111,-7,7
2036,116,117,-1,1
2037,61,80,-19,19
2038,86,90,-4,4
2039,83,99,-16,16
2040,119,118,1,1
2041,109,118,-9,9
2042,83,101,-18,18
2043,66,81,-15,15
2044,112,115,-3,3
2045,110,113,-3,3
2046,115,127,-12,12
2047,97,101,-4,4
2048,115,120,-5,5
2049,78,86,-8,8
2050,58,64,-6,6
2051,98,110,-12,12
2052,104,104,0,0
2053,109,107,2,2
2054,143,139,4,4
2055,98,100,-2,2
2056,56,72,-16,16
2057,61,71,-10,10
2058,86,86,0,0
2059,73,80,-7,7
2060,101,104,-3,3
2061,165,153,12,12
2062,64,67,-3,3
2063,62,69,-7,7
2064,68,71,-3,3
2065,101,108,-7,7
2066,72,87,-15,15
2067,56,64,-8,8
2068,109,103,6,6
2069,63,68,-5,5
2070,48,63,-15,15
2071,134,137,-3,3
2072,91,102,-11,11
2073,80,89,-9,9
2074,112,109,3,3
2075,49,59,-10,10
2076,91,92,-1,1
2077,75,88,-13,13
2078,86,85,1,1
2079,142,130,12,12
2080,79,81,-2,2
2081,122,131,-9,9
2082,139,140,-1,1
2083,79,78,1,1
2084,184,163,21,21
2085,134,161,-27,27
2086,99,99,0,0
2087,59,73,-14,14
2088,77,88,-11,11
2089,84,87,-3,3
2090,116,122,-6,6
2091,41,52,-11,11
2092,70,78,-8,8
2093,39,50,-11,11
2094,82,88,-6,6
2095,58,66,-8,8
2096,166,157,9,9
2097,71,83,-12,12
2098,119,118,1,1
2099,92,103,-11,11
2100,116,121,-5,5
2101,121,116,5,5
2102,106,109,-3,3
2103,82,86,-4,4
2104,137,139,-2,2
2105,113,121,-8,8
2106,84,92,-8,8
2107,136,128,8,8
2108,57,69,-12,12
2109,142,134,8,8
2110,55,60,-5,5
2111,82,86,-4,4
2112,208,195,13,13
2113,101,93,8,8
2114,156,160,-4,4
2115,175,160,15,15
2116,137,125,12,12
2117,105,124,-19,19
2118,84,95,-11,11
2119,78,87,-9,9
2120,115,109,6,6
2121,74,79,-5,5
2122,67,73,-6,6
2123,46,57,-11,11
2124,123,120,3,3
2125,68,71,-3,3
2126,110,120,-10,10
2127,95,97,-2,2
2128,77,90,-13,13
2129,86,99,-13,13
2130,62,67,-5,5
2131,91,87,4,4
2132,76,83,-7,7
2133,92,87,5,5
2134,98,97,1,1
2135,108,111,-3,3
2136,142,145,-3,3
2137,111,92,19,19
2138,96,105,-9,9
2139,86,90,-4,4
2140,138,137,1,1
2141,89,98,-9,9
2142,149,140,9,9
2143,82,90,-8,8
2144,135,138,-3,3
2145,94,95,-1,1
2146,79,87,-8,8
2147,84,91,-7,7
2148,44,89,-45,45
2149,46,67,-21,21
2150,96,99,-3,3
2151,114,114,0,0
2152,57,67,-10,10
2153,79,82,-3,3
2154,78,96,-18,18
2155,117,139,-22,22
2156,98,92,6,6
2157,57,62,-5,5
2158,99,92,7,7
2159,97,97,0,0
2160,98,94,4,4
2161,70,73,-3,3
2162,102,112,-10,10
2163,82,90,-8,8
2164,81,88,-7,7
2165,69,78,-9,9
2166,66,68,-2,2
2167,97,91,6,6
2168,86,93,-7,7
2169,58,63,-5,5
2170,83,97,-14,14
2171,78,84,-6,6
2172,64,68,-4,4
2173,127,110,17,17
2174,73,69,4,4
2175,70,85,-15,15
2176,93,113,-20,20
2177,116,121,-5,5
2178,103,94,9,9
2179,44,58,-14,14
2180,84,99,-15,15
2181,116,104,12,12
2182,102,114,-12,12
2183,56,61,-5,5
2184,117,118,-1,1
2185,111,117,-6,6
2186,82,93,-11,11
2187,115,114,1,1
2188,96,115,-19,19
2189,137,116,21,21
2190,111,118,-7,7
2191,63,74,-11,11
2192,65,71,-6,6
2193,57,64,-7,7
2194,82,78,4,4
2195,64,90,-26,26
2196,100,102,-2,2
2197,68,73,-5,5
2198,57,68,-11,11
2199,76,77,-1,1
2200,138,140,-2,2
2201,61,77,-16,16
2202,80,93,-13,13
2203,98,105,-7,7
2204,137,142,-5,5
2205,101,101,0,0
2206,122,129,-7,7
2207,75,88,-13,13
2208,118,117,1,1
2209,87,95,-8,8
2210,116,120,-4,4
2211,97,101,-4,4
2212,147,159,-12,12
2213,74,78,-4,4
2214,55,66,-11,11
2215,110,104,6,6
2216,93,99,-6,6
2217,64,78,-14,14
2218,105,117,-12,12
2219,70,104,-34,34
2220,92,89,3,3
2221,63,72,-9,9
2222,93,100,-7,7
2223,60,72,-12,12
2224,82,88,-6,6
2225,108,109,-1,1
2226,118,122,-4,4
2227,167,164,3,3
2228,112,115,-3,3
2229,85,90,-5,5
2230,77,96,-19,19
2231,105,109,-4,4
2232,144,142,2,2
2233,159,166,-7,7
2234,68,75,-7,7
2235,42,51,-9,9
2236,111,129,-18,18
2237,67,82,-15,15
2238,135,128,7,7
2239,45,60,-15,15
2240,79,81,-2,2
2241,117,122,-5,5
2242,94,98,-4,4
2243,44,86,-42,42
2244,94,105,-11,11
2245,140,132,8,8
2246,98,96,2,2
2247,66,78,-12,12
2248,63,79,-16,16
2249,65,82,-17,17
2250,104,113,-9,9
2251,92,103,-11,11
2252,86,95,-9,9
2253,81,90,-9,9
2254,77,92,-15,15
2255,78,84,-6,6
2256,48,63,-15,15
2257,39,50,-11,11
2258,47,51,-4,4
2259,94,107,-13,13
2260,161,156,5,5
2261,72,69,3,3
2262,35,50,-15,15
2263,89,103,-14,14
2264,69,100,-31,31
2265,102,110,-8,8
2266,79,103,-24,24
2267,107,103,4,4
2268,111,129,-18,18
2269,95,101,-6,6
2270,102,107,-5,5
2271,89,100,-11,11
2272,65,68,-3,3
2273,108,112,-4,4
2274,57,77,-20,20
2275,103,104,-1,1
2276,151,133,18,18
2277,184,170,14,14
2278,78,83,-5,5
2279,185,158,27,27
2280,63,77,-14,14
2281,131,139,-8,8
2282,155,146,9,9
2283,87,85,2,2
2284,136,133,3,3
2285,104,111,-7,7
2286,54,64,-10,10
2287,107,114,-7,7
2288,64,70,-6,6
2289,68,76,-8,8
2290,90,96,-6,6
2291,65,80,-15,15
2292,86,98,-12,12
2293,78,84,-6,6
2294,72,73,-1,1
2295,50,69,-19,19
2296,107,108,-1,1
2297,101,209,-108,108
2298,104,106,-2,2
2299,47,59,-12,12
2300,87,90,-3,3
2301,102,108,-6,6
2302,103,100,3,3
2303,62,62,0,0
2304,57,68,-11,11
2305,68,78,-10,10
2306,109,113,-4,4
2307,80,95,-15,15
2308,76,91,-15,15
2309,97,105,-8,8
2310,83,84,-1,1
2311,116,116,0,0
2312,72,77,-5,5
2313,49,65,-16,16
2314,108,117,-9,9
2315,106,96,10,10
2316,135,128,7,7
2317,115,125,-10,10
2318,111,104,7,7
2319,95,91,4,4
2320,56,72,-16,16
2321,154,139,15,15
2322,106,111,-5,5
2323,71,79,-8,8
2324,92,94,-2,2
2325,96,89,7,7
2326,75,86,-11,11
2327,127,118,9,9
2328,66,76,-10,10
2329,78,85,-7,7
2330,148,147,1,1
2331,95,98,-3,3
2332,145,127,18,18
2333,80,91,-11,11
2334,48,55,-7,7
2335,73,89,-16,16
2336,128,138,-10,10
2337,38,56,-18,18
2338,180,176,4,4
2339,63,74,-11,11
2340,60,67,-7,7
2341,149,148,1,1
2342,97,106,-9,9
2343,57,68,-11,11
2344,158,148,10,10
2345,85,94,-9,9
2346,83,82,1,1
2347,145,136,9,9
2348,76,81,-5,5
2349,107,106,1,1
2350,177,166,11,11
2351,106,100,6,6
2352,73,80,-7,7
2353,43,56,-13,13
2354,141,127,14,14
2355,100,109,-9,9
2356,81,106,-25,25
2357,267,210,57,57
2358,69,76,-7,7
2359,114,121,-7,7
2360,110,110,0,0
2361,107,114,-7,7
2362,95,91,4,4
2363,92,90,2,2
2364,166,146,20,20
2365,83,93,-10,10
2366,140,132,8,8
2367,102,101,1,1
2368,82,93,-11,11
2369,88,98,-10,10
2370,129,116,13,13
2371,171,177,-6,6
2372,53,63,-10,10
2373,139,125,14,14
2374,131,124,7,7
2375,137,126,11,11
2376,65,73,-8,8
2377,83,91,-8,8
2378,191,189,2,2
2379,65,67,-2,2
2380,197,181,16,16
2381,101,105,-4,4
2382,147,153,-6,6
2383,159,158,1,1
2384,46,56,-10,10
2385,151,144,7,7
2386,104,103,1,1
2387,132,142,-10,10
2388,67,75,-8,8
2389,80,86,-6,6
2390,198,186,12,12
2391,116,137,-21,21
2392,72,112,-40,40
2393,152,142,10,10
2394,63,78,-15,15
2395,61,70,-9,9
2396,112,112,0,0
2397,96,92,4,4
2398,90,92,-2,2
2399,118,125,-7,7
2400,102,108,-6,6
2401,65,72,-7,7
2402,93,104,-11,11
2403,64,68,-4,4
2404,88,124,-36,36
2405,116,116,0,0
2406,94,114,-20,20
2407,96,110,-14,14
2408,83,102,-19,19
2409,125,127,-2,2
2410,71,71,0,0
2411,147,155,-8,8
2412,117,123,-6,6
2413,125,125,0,0
2414,65,67,-2,2
2415,69,79,-10,10
2416,72,78,-6,6
2417,80,89,-9,9
2418,73,75,-2,2
2419,62,72,-10,10
2420,126,126,0,0
2421,56,65,-9,9
2422,90,102,-12,12
2423,95,107,-12,12
2424,67,78,-11,11
2425,37,52,-15,15
2426,128,123,5,5
2427,63,65,-2,2
2428,32,50,-18,18
2429,63,66,-3,3
2430,42,62,-20,20
2431,90,98,-8,8
2432,58,68,-10,10
2433,159,143,16,16
2434,114,125,-11,11
2435,76,85,-9,9
2436,71,76,-5,5
2437,91,94,-3,3
2438,144,133,11,11
2439,71,73,-2,2
2440,70,82,-12,12
2441,109,116,-7,7
2442,86,90,-4,4
2443,114,120,-6,6
2444,66,63,3,3
2445,92,89,3,3
2446,71,77,-6,6
2447,92,90,2,2
2448,137,156,-19,19
2449,73,90,-17,17
2450,73,78,-5,5
2451,101,98,3,3
2452,119,116,3,3
2453,97,103,-6,6
2454,110,107,3,3
2455,69,74,-5,5
2456,81,82,-1,1
2457,67,79,-12,12
2458,139,134,5,5
2459,88,92,-4,4
2460,114,112,2,2
2461,64,67,-3,3
2462,86,91,-5,5
2463,122,124,-2,2
2464,122,120,2,2
2465,94,96,-2,2
2466,128,135,-7,7
2467,83,84,-1,1
2468,92,96,-4,4
2469,175,171,4,4
2470,141,143,-2,2
2471,72,82,-10,10
2472,135,145,-10,10
2473,84,88,-4,4
2474,123,119,4,4
2475,113,121,-8,8
2476,135,134,1,1
2477,83,90,-7,7
2478,58,70,-12,12
2479,146,149,-3,3
2480,123,128,-5,5
2481,50,59,-9,9
2482,67,83,-16,16
2483,80,91,-11,11
2484,136,135,1,1
2485,165,160,5,5
2486,84,83,1,1
2487,107,108,-1,1
2488,151,152,-1,1
2489,111,116,-5,5
2490,51,66,-15,15
2491,78,85,-7,7
2492,145,127,18,18
2493,54,66,-12,12
2494,86,87,-1,1
2495,93,95,-2,2
2496,117,109,8,8
2497,52,59,-7,7
2498,84,96,-12,12
2499,196,194,2,2
2500,70,69,1,1
2501,166,166,0,0
2502,103,96,7,7
2503,67,85,-18,18
2504,54,59,-5,5
2505,91,97,-6,6
2506,124,123,1,1
2507,80,85,-5,5
2508,111,117,-6,6
2509,108,100,8,8
2510,134,143,-9,9
2511,98,100,-2,2
2512,64,97,-33,33
2513,73,80,-7,7
2514,94,102,-8,8
2515,61,80,-19,19
2516,90,100,-10,10
2517,102,104,-2,2
2518,150,142,8,8
2519,97,107,-10,10
2520,76,81,-5,5
2521,58,68,-10,10
2522,90,84,6,6
2523,70,77,-7,7
2524,65,74,-9,9
2525,78,87,-9,9
2526,53,67,-14,14
2527,83,83,0,0
2528,103,84,19,19
2529,74,76,-2,2
2530,173,166,7,7
2531,63,76,-13,13
2532,104,106,-2,2
2533,96,104,-8,8
2534,110,126,-16,16
2535,83,86,-3,3
2536,89,98,-9,9
2537,95,106,-11,11
2538,74,88,-14,14
2539,55,57,-2,2
2540,117,123,-6,6
2541,32,43,-11,11
2542,64,79,-15,15
2543,103,94,9,9
2544,121,124,-3,3
2545,129,124,5,5
2546,90,101,-11,11
2547,119,153,-34,34
2548,105,98,7,7
2549,78,80,-2,2
2550,159,148,11,11
2551,73,84,-11,11
2552,128,127,1,1
2553,149,150,-1,1
2554,129,116,13,13
2555,87,98,-11,11
2556,69,81,-12,12
2557,120,121,-1,1
2558,57,64,-7,7
2559,107,117,-10,10
2560,56,65,-9,9
2561,128,93,35,35
2562,153,137,16,16
2563,114,128,-14,14
2564,96,105,-9,9
2565,111,111,0,0
2566,130,137,-7,7
2567,88,97,-9,9
2568,75,81,-6,6
2569,85,98,-13,13
2570,105,108,-3,3
2571,48,56,-8,8
2572,98,101,-3,3
2573,62,75,-13,13
2574,142,141,1,1
2575,91,79,12,12
2576,85,91,-6,6
2577,67,70,-3,3
2578,116,114,2,2
2579,82,95,-13,13
2580,136,139,-3,3
2581,145,128,17,17
2582,76,87,-11,11
2583,46,60,-14,14
2584,112,131,-19,19
2585,119,125,-6,6
2586,75,97,-22,22
2587,58,75,-17,17
2588,90,107,-17,17
2589,106,118,-12,12
2590,117,121,-4,4
2591,97,99,-2,2
2592,142,150,-8,8
2593,156,151,5,5
2594,136,101,35,35
2595,73,85,-12,12
2596,98,93,5,5
2597,79,91,-12,12
2598,130,139,-9,9
2599,114,124,-10,10
2600,122,121,1,1
2601,87,86,1,1
2602,136,134,2,2
2603,157,146,11,11
2604,53,63,-10,10
2605,106,110,-4,4
2606,62,73,-11,11
2607,87,97,-10,10
2608,75,78,-3,3
2609,71,80,-9,9
2610,87,93,-6,6
2611,81,87,-6,6
2612,110,108,2,2
2613,119,121,-2,2
2614,103,103,0,0
2615,65,68,-3,3
2616,137,124,13,13
2617,66,79,-13,13
2618,78,80,-2,2
2619,93,103,-10,10
2620,117,114,3,3
2621,95,99,-4,4
2622,88,88,0,0
2623,102,94,8,8
2624,49,61,-12,12
2625,82,83,-1,1
2626,70,80,-10,10
2627,78,90,-12,12
2628,75,79,-4,4
2629,80,85,-5,5
2630,133,128,5,5
2631,82,89,-7,7
2632,147,116,31,31
2633,174,165,9,9
2634,65,72,-7,7
2635,95,100,-5,5
2636,105,100,5,5
2637,72,77,-5,5
2638,78,88,-10,10
2639,137,138,-1,1
2640,153,141,12,12
2641,131,152,-21,21
2642,53,65,-12,12
2643,88,87,1,1
2644,74,85,-11,11
2645,62,70,-8,8
2646,97,112,-15,15
2647,121,121,0,0
2648,106,114,-8,8
2649,76,112,-36,36
2650,103,108,-5,5
2651,87,90,-3,3
2652,67,70,-3,3
2653,68,99,-31,31
2654,123,116,7,7
2655,68,72,-4,4
2656,115,119,-4,4
2657,116,107,9,9
2658,95,95,0,0
2659,57,71,-14,14
2660,106,106,0,0
2661,85,89,-4,4
2662,106,100,6,6
2663,87,91,-4,4
2664,86,92,-6,6
2665,84,92,-8,8
2666,60,66,-6,6
2667,99,108,-9,9
2668,84,101,-17,17
2669,60,67,-7,7
2670,134,123,11,11
2671,130,132,-2,2
2672,78,81,-3,3
2673,62,69,-7,7
2674,90,87,3,3
2675,105,113,-8,8
2676,104,109,-5,5
2677,102,111,-9,9
2678,125,127,-2,2
2679,74,74,0,0
2680,100,107,-7,7
2681,103,111,-8,8
2682,77,75,2,2
2683,86,89,-3,3
2684,97,109,-12,12
2685,81,94,-13,13
2686,88,99,-11,11
2687,52,65,-13,13
2688,59,77,-18,18
2689,89,89,0,0
2690,51,70,-19,19
2691,45,60,-15,15
2692,103,121,-18,18
2693,70,83,-13,13
2694,148,144,4,4
2695,91,102,-11,11
2696,45,54,-9,9
2697,146,152,-6,6
2698,119,122,-3,3
2699,107,115,-8,8
2700,170,156,14,14
2701,62,68,-6,6
2702,130,115,15,15
2703,40,64,-24,24
2704,91,94,-3,3
2705,61,68,-7,7
2706,72,74,-2,2
2707,113,117,-4,4
2708,120,105,15,15
2709,52,63,-11,11
2710,43,57,-14,14
2711,63,67,-4,4
2712,106,111,-5,5
2713,109,110,-1,1
2714,136,138,-2,2
2715,100,107,-7,7
2716,58,71,-13,13
2717,64,70,-6,6
2718,135,139,-4,4
2719,125,133,-8,8
2720,91,111,-20,20
2721,81,91,-10,10
2722,53,60,-7,7
2723,120,125,-5,5
2724,96,102,-6,6
2725,42,49,-7,7
2726,122,124,-2,2
2727,67,70,-3,3
2728,97,93,4,4
2729,65,73,-8,8
2730,86,93,-7,7
2731,72,76,-4,4
2732,62,69,-7,7
2733,72,77,-5,5
2734,83,79,4,4
2735,129,133,-4,4
2736,109,111,-2,2
2737,72,92,-20,20
2738,78,88,-10,10
2739,175,183,-8,8
2740,125,124,1,1
2741,65,67,-2,2
2742,122,125,-3,3
2743,79,89,-10,10
2744,35,55,-20,20
2745,86,98,-12,12
2746,120,112,8,8
2747,96,102,-6,6
2748,152,152,0,0
2749,114,122,-8,8
2750,94,100,-6,6
2751,67,74,-7,7
2752,94,104,-10,10
2753,145,129,16,16
2754,52,61,-9,9
2755,108,110,-2,2
2756,86,101,-15,15
2757,91,97,-6,6
2758,132,128,4,4
2759,160,160,0,0
2760,94,90,4,4
2761,136,125,11,11
2762,46,57,-11,11
2763,76,76,0,0
2764,66,79,-13,13
2765,72,78,-6,6
2766,102,109,-7,7
2767,77,85,-8,8
2768,56,67,-11,11
2769,139,146,-7,7
2770,217,195,22,22
2771,105,112,-7,7
2772,86,87,-1,1
2773,172,162,10,10
2774,131,133,-2,2
2775,141,141,0,0
2776,85,97,-12,12
2777,68,68,0,0
2778,90,99,-9,9
2779,75,83,-8,8
2780,82,90,-8,8
2781,76,78,-2,2
2782,92,96,-4,4
2783,76,80,-4,4
2784,108,111,-3,3
2785,99,101,-2,2
2786,65,76,-11,11
2787,101,116,-15,15
2788,196,185,11,11
2789,80,91,-11,11
2790,130,139,-9,9
2791,57,84,-27,27
2792,105,103,2,2
2793,83,88,-5,5
2794,75,94,-19,19
2795,37,53,-16,16
2796,92,104,-12,12
2797,70,73,-3,3
2798,35,51,-16,16
2799,120,116,4,4
2800,87,82,5,5
2801,56,59,-3,3
2802,84,87,-3,3
2803,185,177,8,8
2804,95,93,2,2
2805,76,80,-4,4
2806,60,67,-7,7
2807,84,92,-8,8
2808,67,73,-6,6
2809,79,85,-6,6
2810,106,107,-1,1
2811,121,120,1,1
2812,81,98,-17,17
2813,93,99,-6,6
2814,150,143,7,7
2815,104,114,-10,10
2816,95,97,-2,2
2817,120,117,3,3
2818,140,148,-8,8
2819,106,121,-15,15
2820,92,85,7,7
2821,75,82,-7,7
2822,69,86,-17,17
2823,78,84,-6,6
2824,57,68,-11,11
2825,71,72,-1,1
2826,110,113,-3,3
2827,90,95,-5,5
2828,58,64,-6,6
2829,52,64,-12,12
2830,108,114,-6,6
2831,53,69,-16,16
2832,102,104,-2,2
2833,89,99,-10,10
2834,158,148,10,10
2835,81,79,2,2
2836,93,104,-11,11
2837,127,123,4,4
2838,117,117,0,0
2839,105,103,2,2
2840,133,131,2,2
2841,106,103,3,3
2842,149,142,7,7
2843,117,117,0,0
2844,92,98,-6,6
2845,74,79,-5,5
2846,156,147,9,9
2847,90,94,-4,4
2848,116,124,-8,8
2849,118,119,-1,1
2850,109,116,-7,7
2851,110,110,0,0
2852,84,97,-13,13
2853,120,114,6,6
2854,145,146,-1,1
2855,64,74,-10,10
2856,95,117,-22,22
2857,54,66,-12,12
2858,109,111,-2,2
2859,81,84,-3,3
2860,74,83,-9,9
2861,123,130,-7,7
2862,88,95,-7,7
2863,153,159,-6,6
2864,119,129,-10,10
2865,100,102,-2,2
2866,91,93,-2,2
2867,85,81,4,4
2868,72,74,-2,2
2869,137,130,7,7
2870,120,147,-27,27
2871,58,67,-9,9
2872,106,108,-2,2
2873,100,100,0,0
2874,75,83,-8,8
2875,71,76,-5,5
2876,90,89,1,1
2877,56,66,-10,10
2878,109,112,-3,3
2879,97,107,-10,10
2880,95,96,-1,1
2881,84,84,0,0
2882,64,69,-5,5
2883,79,80,-1,1
2884,66,72,-6,6
2885,65,76,-11,11
2886,117,118,-1,1
2887,143,145,-2,2
2888,65,70,-5,5
2889,80,85,-5,5
2890,111,123,-12,12
2891,116,120,-4,4
2892,80,138,-58,58
2893,89,97,-8,8
2894,181,168,13,13
2895,95,95,0,0
2896,81,85,-4,4
2897,172,153,19,19
2898,137,126,11,11
2899,83,90,-7,7
2900,98,103,-5,5
2901,131,125,6,6
2902,75,82,-7,7
2903,160,157,3,3
2904,115,109,6,6
2905,124,129,-5,5
2906,121,116,5,5
2907,113,115,-2,2
2908,116,114,2,2
2909,62,75,-13,13
2910,94,91,3,3
2911,92,97,-5,5
2912,144,140,4,4
2913,37,97,-60,60
2914,65,77,-12,12
2915,159,173,-14,14
2916,76,78,-2,2
2917,116,117,-1,1
2918,79,84,-5,5
2919,89,107,-18,18
2920,79,86,-7,7
2921,100,110,-10,10
2922,92,91,1,1
2923,90,93,-3,3
2924,53,62,-9,9
2925,97,110,-13,13
2926,148,141,7,7
2927,104,115,-11,11
2928,57,61,-4,4
2929,71,79,-8,8
2930,116,132,-16,16
2931,191,187,4,4
2932,122,120,2,2
2933,60,73,-13,13
2934,125,149,-24,24
2935,69,88,-19,19
2936,98,105,-7,7
2937,131,121,10,10
2938,105,114,-9,9
2939,103,103,0,0
2940,60,74,-14,14
2941,67,74,-7,7
2942,118,122,-4,4
2943,58,82,-24,24
2944,76,84,-8,8
2945,109,108,1,1
2946,72,78,-6,6
2947,87,91,-4,4
2948,57,70,-13,13
2949,85,93,-8,8
2950,78,88,-10,10
2951,88,85,3,3
2952,75,79,-4,4
2953,124,122,2,2
2954,84,95,-11,11
2955,112,109,3,3
2956,98,97,1,1
2957,152,146,6,6
2958,54,63,-9,9
2959,121,124,-3,3
2960,164,155,9,9
2961,58,67,-9,9
2962,164,159,5,5
2963,47,63,-16,16
2964,163,171,-8,8
2965,104,106,-2,2
2966,66,79,-13,13
2967,111,113,-2,2
2968,60,72,-12,12
2969,45,53,-8,8
2970,98,98,0,0
2971,129,121,8,8
2972,94,101,-7,7
2973,100,107,-7,7
2974,88,100,-12,12
2975,79,85,-6,6
2976,73,83,-10,10
2977,125,125,0,0
2978,91,101,-10,10
2979,102,108,-6,6
2980,137,135,2,2
2981,186,184,2,2
2982,67,80,-13,13
2983,59,70,-11,11
2984,36,50,-14,14
2985,128,121,7,7
2986,80,82,-2,2
2987,102,121,-19,19
2988,137,120,17,17
2989,58,59,-1,1
2990,94,98,-4,4
2991,90,90,0,0
2992,110,105,5,5
2993,101,113,-12,12
2994,78,87,-9,9
2995,121,110,11,11
2996,87,88,-1,1
2997,81,87,-6,6
2998,70,81,-11,11
2999,142,139,3,3
3000,93,101,-8,8
3001,98,91,7,7
3002,125,126,-1,1
3003,65,70,-5,5
3004,126,128,-2,2
3005,77,81,-4,4
3006,79,85,-6,6
3007,85,96,-11,11
3008,65,67,-2,2
3009,74,87,-13,13
3010,124,131,-7,7
3011,112,109,3,3
3012,99,109,-10,10
3013,73,75,-2,2
3014,97,106,-9,9
3015,73,82,-9,9
3016,58,73,-15,15
3017,172,169,3,3
3018,91,95,-4,4
3019,67,75,-8,8
3020,100,109,-9,9
3021,110,114,-4,4
3022,58,69,-11,11
3023,96,107,-11,11
3024,69,85,-16,16
3025,91,96,-5,5
3026,64,74,-10,10
3027,71,81,-10,10
3028,49,76,-27,27
3029,88,102,-14,14
3030,147,129,18,18
3031,71,73,-2,2
3032,117,116,1,1
3033,89,99,-10,10
3034,95,95,0,0
3035,78,84,-6,6
3036,82,100,-18,18
3037,72,82,-10,10
3038,137,123,14,14
3039,122,136,-14,14
3040,115,110,5,5
3041,120,118,2,2
3042,119,124,-5,5
3043,84,89,-5,5
3044,88,87,1,1
3045,60,71,-11,11
3046,115,118,-3,3
3047,81,87,-6,6
3048,136,146,-10,10
3049,85,99,-14,14
3050,100,112,-12,12
3051,118,124,-6,6
3052,109,108,1,1
3053,61,80,-19,19
3054,105,109,-4,4
3055,206,188,18,18
3056,112,114,-2,2
3057,83,91,-8,8
3058,181,185,-4,4
3059,151,143,8,8
3060,104,107,-3,3
3061,83,104,-21,21
3062,109,108,1,1
3063,62,70,-8,8
3064,76,82,-6,6
3065,86,99,-13,13
3066,127,120,7,7
3067,83,87,-4,4
3068,122,115,7,7
3069,103,110,-7,7
3070,107,111,-4,4
3071,94,96,-2,2
3072,103,94,9,9
3073,72,73,-1,1
3074,66,76,-10,10
3075,70,89,-19,19
3076,54,59,-5,5
3077,57,74,-17,17
3078,165,163,2,2
3079,125,123,2,2
3080,125,134,-9,9
3081,92,96,-4,4
3082,53,56,-3,3
3083,106,128,-22,22
3084,95,96,-1,1
3085,94,90,4,4
3086,72,81,-9,9
3087,78,84,-6,6
3088,113,120,-7,7
3089,106,100,6,6
3090,101,102,-1,1
3091,102,119,-17,17
3092,95,97,-2,2
3093,69,78,-9,9
3094,74,74,0,0
3095,104,100,4,4
3096,78,89,-11,11
3097,86,92,-6,6
3098,41,56,-15,15
3099,86,91,-5,5
3100,80,83,-3,3
3101,182,168,14,14
3102,83,92,-9,9
3103,65,69,-4,4
3104,81,81,0,0
3105,159,155,4,4
3106,103,105,-2,2
3107,102,100,2,2
3108,60,60,0,0
3109,142,132,10,10
3110,62,70,-8,8
3111,129,126,3,3
3112,79,90,-11,11
3113,87,94,-7,7
3114,127,118,9,9
3115,56,68,-12,12
3116,94,109,-15,15
3117,90,96,-6,6
3118,62,76,-14,14
3119,60,73,-13,13
3120,110,130,-20,20
3121,98,109,-11,11
3122,58,70,-12,12
3123,88,94,-6,6
3124,35,42,-7,7
3125,138,140,-2,2
3126,73,82,-9,9
3127,99,91,8,8
3128,87,90,-3,3
3129,69,77,-8,8
3130,102,98,4,4
3131,89,97,-8,8
3132,106,102,4,4
3133,116,117,-1,1
3134,69,77,-8,8
3135,75,80,-5,5
3136,91,89,2,2
3137,67,78,-11,11
3138,133,140,-7,7
3139,76,87,-11,11
3140,103,98,5,5
3141,71,71,0,0
3142,135,134,1,1
3143,99,108,-9,9
3144,104,105,-1,1
3145,146,133,13,13
3146,57,55,2,2
3147,108,118,-10,10
3148,82,83,-1,1
3149,106,102,4,4
3150,110,117,-7,7
3151,98,102,-4,4
3152,62,66,-4,4
3153,102,108,-6,6
3154,130,132,-2,2
3155,108,100,8,8
3156,61,69,-8,8
3157,73,91,-18,18
3158,54,62,-8,8
3159,63,63,0,0
3160,140,127,13,13
3161,47,124,-77,77
3162,68,83,-15,15
3163,134,129,5,5
3164,106,107,-1,1
3165,72,78,-6,6
3166,107,114,-7,7
3167,107,110,-3,3
3168,53,63,-10,10
3169,112,109,3,3
3170,124,126,-2,2
3171,103,102,1,1
3172,76,87,-11,11
3173,103,109,-6,6
3174,92,101,-9,9
3175,40,53,-13,13
3176,79,84,-5,5
3177,83,94,-11,11
3178,77,85,-8,8
3179,75,80,-5,5
3180,63,65,-2,2
3181,134,131,3,3
3182,66,75,-9,9
3183,173,173,0,0
3184,100,97,3,3
3185,119,110,9,9
3186,143,144,-1,1
3187,61,75,-14,14
3188,59,69,-10,10
3189,91,105,-14,14
3190,61,71,-10,10
3191,127,127,0,0
3192,164,158,6,6
3193,81,85,-4,4
3194,136,138,-2,2
3195,73,86,-13,13
3196,72,80,-8,8
3197,82,85,-3,3
3198,79,85,-6,6
3199,70,79,-9,9
3200,95,101,-6,6
3201,63,70,-7,7
3202,67,69,-2,2
3203,127,130,-3,3
3204,107,111,-4,4
3205,58,68,-10,10
3206,91,100,-9,9
3207,60,65,-5,5
3208,94,107,-13,13
3209,90,84,6,6
3210,49,61,-12,12
3211,94,120,-26,26
3212,68,71,-3,3
3213,86,83,3,3
3214,107,100,7,7
3215,54,65,-11,11
3216,88,87,1,1
3217,69,82,-13,13
3218,85,86,-1,1
3219,99,100,-1,1
3220,116,127,-11,11
3221,113,114,-1,1
3222,42,63,-21,21
3223,36,46,-10,10
3224,52,65,-13,13
3225,88,86,2,2
3226,62,74,-12,12
3227,87,85,2,2
3228,97,114,-17,17
3229,94,102,-8,8
3230,113,114,-1,1
3231,168,156,12,12
3232,107,103,4,4
3233,130,131,-1,1
3234,169,156,13,13
3235,84,94,-10,10
3236,151,127,24,24
3237,75,74,1,1
3238,73,76,-3,3
3239,64,79,-15,15
3240,144,151,-7,7
3241,86,92,-6,6
3242,91,92,-1,1
3243,76,77,-1,1
3244,112,119,-7,7
3245,46,74,-28,28
3246,51,71,-20,20
3247,116,112,4,4
3248,106,123,-17,17
3249,63,77,-14,14
3250,115,111,4,4
3251,151,166,-15,15
3252,70,71,-1,1
3253,153,149,4,4
3254,66,70,-4,4
3255,95,104,-9,9
3256,71,78,-7,7
3257,75,85,-10,10
3258,83,85,-2,2
3259,75,76,-1,1
3260,111,101,10,10
3261,95,97,-2,2
3262,133,121,12,12
3263,56,57,-1,1
3264,42,58,-16,16
3265,61,72,-11,11
3266,72,82,-10,10
3267,60,70,-10,10
3268,95,92,3,3
3269,115,129,-14,14
3270,101,116,-15,15
3271,65,75,-10,10
3272,100,111,-11,11
3273,69,79,-10,10
3274,81,86,-5,5
3275,82,90,-8,8
3276,107,108,-1,1
3277,112,126,-14,14
3278,99,102,-3,3
3279,75,80,-5,5
3280,161,153,8,8
3281,76,79,-3,3
3282,142,146,-4,4
3283,111,109,2,2
3284,78,86,-8,8
3285,137,139,-2,2
3286,40,50,-10,10
3287,65,73,-8,8
3288,88,96,-8,8
3289,103,98,5,5
3290,143,164,-21,21
3291,37,43,-6,6
3292,65,68,-3,3
3293,90,89,1,1
3294,97,93,4,4
3295,107,107,0,0
3296,104,116,-12,12
3297,151,144,7,7
3298,98,105,-7,7
3299,91,104,-13,13
3300,90,92,-2,2
3301,79,89,-10,10
3302,62,64,-2,2
3303,83,85,-2,2
3304,102,112,-10,10
3305,92,102,-10,10
3306,48,61,-13,13
3307,103,108,-5,5
3308,65,68,-3,3
3309,84,90,-6,6
3310,57,63,-6,6
3311,108,115,-7,7
3312,80,84,-4,4
3313,66,87,-21,21
3314,106,114,-8,8
3315,52,62,-10,10
3316,107,122,-15,15
3317,107,104,3,3
3318,57,68,-11,11
3319,137,135,2,2
3320,69,75,-6,6
3321,90,87,3,3
3322,65,77,-12,12
3323,49,58,-9,9
3324,153,148,5,5
3325,119,117,2,2
3326,75,84,-9,9
3327,160,154,6,6
3328,140,142,-2,2
3329,146,150,-4,4
3330,104,95,9,9
3331,94,101,-7,7
3332,60,65,-5,5
3333,118,109,9,9
3334,71,82,-11,11
3335,66,77,-11,11
3336,183,170,13,13
3337,103,97,6,6
3338,119,116,3,3
3339,107,123,-16,16
3340,92,93,-1,1
3341,89,100,-11,11
3342,116,112,4,4
3343,84,83,1,1
3344,118,125,-7,7
3345,52,66,-14,14
3346,75,85,-10,10
3347,163,159,4,4
3348,96,100,-4,4
3349,104,115,-11,11
3350,135,144,-9,9
3351,78,85,-7,7
3352,127,119,8,8
3353,96,98,-2,2
3354,123,112,11,11
3355,119,117,2,2
3356,83,92,-9,9
3357,107,113,-6,6
3358,96,91,5,5
3359,105,104,1,1
3360,142,129,13,13
3361,67,80,-13,13
3362,67,81,-14,14
3363,126,124,2,2
3364,59,71,-12,12
3365,59,69,-10,10
3366,74,82,-8,8
3367,87,93,-6,6
3368,69,77,-8,8
3369,66,74,-8,8
3370,117,111,6,6
3371,186,178,8,8
3372,63,74,-11,11
3373,125,128,-3,3
3374,87,85,2,2
3375,97,105,-8,8
3376,96,92,4,4
3377,49,54,-5,5
3378,105,115,-10,10
3379,48,55,-7,7
3380,111,111,0,0
3381,98,109,-11,11
3382,123,118,5,5
3383,74,73,1,1
3384,55,66,-11,11
3385,124,121,3,3
3386,151,146,5,5
3387,54,63,-9,9
3388,44,56,-12,12
3389,78,90,-12,12
3390,141,146,-5,5
3391,85,92,-7,7
3392,40,66,-26,26
3393,77,82,-5,5
3394,104,105,-1,1
3395,71,69,2,2
3396,94,103,-9,9
3397,98,110,-12,12
3398,56,66,-10,10
3399,64,78,-14,14
3400,107,111,-4,4
3401,58,69,-11,11
3402,40,53,-13,13
3403,107,99,8,8
3404,110,112,-2,2
3405,124,117,7,7
3406,100,96,4,4
3407,88,98,-10,10
3408,131,110,21,21
3409,93,92,1,1
3410,134,127,7,7
3411,81,97,-16,16
3412,81,90,-9,9
3413,84,93,-9,9
3414,86,91,-5,5
3415,152,155,-3,3
3416,64,71,-7,7
3417,73,86,-13,13
3418,118,122,-4,4
3419,73,75,-2,2
3420,88,84,4,4
3421,112,123,-11,11
3422,141,140,1,1
3423,150,156,-6,6
3424,105,107,-2,2
3425,163,153,10,10
3426,29,46,-17,17
3427,94,99,-5,5
3428,67,79,-12,12
3429,98,119,-21,21
3430,89,94,-5,5
3431,106,107,-1,1
3432,100,101,-1,1
3433,107,104,3,3
3434,64,75,-11,11
3435,45,60,-15,15
3436,77,88,-11,11
3437,144,132,12,12
3438,103,104,-1,1
3439,67,117,-50,50
3440,38,44,-6,6
3441,116,117,-1,1
3442,102,110,-8,8
3443,119,119,0,0
3444,88,94,-6,6
3445,111,110,1,1
3446,48,59,-11,11
3447,131,120,11,11
3448,86,89,-3,3
3449,76,82,-6,6
3450,80,92,-12,12
3451,99,99,0,0
3452,132,130,2,2
3453,91,110,-19,19
3454,105,110,-5,5
3455,159,164,-5,5
3456,117,118,-1,1
3457,142,147,-5,5
3458,69,72,-3,3
3459,79,85,-6,6
3460,134,141,-7,7
3461,101,97,4,4
3462,94,92,2,2
3463,97,119,-22,22
3464,112,102,10,10
3465,70,74,-4,4
3466,139,135,4,4
3467,120,114,6,6
3468,93,101,-8,8
3469,70,78,-8,8
3470,77,80,-3,3
3471,91,95,-4,4
3472,57,63,-6,6
3473,75,87,-12,12
3474,64,71,-7,7
3475,88,97,-9,9
3476,90,99,-9,9
3477,82,92,-10,10
3478,54,64,-10,10
3479,101,105,-4,4
3480,102,111,-9,9
3481,92,98,-6,6
3482,77,82,-5,5
3483,76,85,-9,9
3484,109,117,-8,8
3485,48,61,-13,13
3486,86,92,-6,6
3487,91,95,-4,4
3488,60,63,-3,3
3489,117,122,-5,5
3490,121,125,-4,4
3491,129,139,-10,10
3492,90,101,-11,11
3493,106,90,16,16
3494,80,78,2,2
3495,129,115,14,14
3496,65,76,-11,11
3497,48,57,-9,9
3498,104,105,-1,1
3499,72,75,-3,3
3500,69,77,-8,8
3501,115,114,1,1
3502,147,165,-18,18
3503,83,91,-8,8
3504,96,103,-7,7
3505,83,87,-4,4
3506,106,109,-3,3
3507,83,94,-11,11
3508,94,89,5,5
3509,101,91,10,10
3510,112,110,2,2
3511,56,70,-14,14
3512,106,114,-8,8
3513,93,93,0,0
3514,83,94,-11,11
3515,60,68,-8,8
3516,116,117,-1,1
3517,127,114,13,13
3518,65,76,-11,11
3519,134,139,-5,5
3520,45,62,-17,17
3521,74,86,-12,12
3522,107,110,-3,3
3523,97,98,-1,1
3524,145,146,-1,1
3525,101,108,-7,7
3526,104,93,11,11
3527,90,97,-7,7
3528,98,101,-3,3
3529,107,116,-9,9
3530,66,76,-10,10
3531,76,91,-15,15
3532,39,46,-7,7
3533,89,93,-4,4
3534,47,60,-13,13
3535,68,83,-15,15
3536,47,56,-9,9
3537,194,167,27,27
3538,107,121,-14,14
3539,155,151,4,4
3540,163,156,7,7
3541,93,94,-1,1
3542,124,137,-13,13
3543,28,38,-10,10
3544,101,113,-12,12
3545,70,79,-9,9
3546,61,73,-12,12
3547,92,90,2,2
3548,78,92,-14,14
3549,51,61,-10,10
3550,99,105,-6,6
3551,95,98,-3,3
3552,137,122,15,15
3553,90,93,-3,3
3554,84,95,-11,11
3555,72,83,-11,11
3556,83,94,-11,11
3557,94,97,-3,3
3558,86,85,1,1
3559,86,83,3,3
3560,87,98,-11,11
3561,104,116,-12,12
3562,58,66,-8,8
3563,50,73,-23,23
3564,44,56,-12,12
3565,83,88,-5,5
3566,97,99,-2,2
3567,146,135,11,11
3568,147,133,14,14
3569,107,110,-3,3
3570,117,111,6,6
3571,152,157,-5,5
3572,130,122,8,8
3573,157,149,8,8
3574,268,237,31,31
3575,90,87,3,3
3576,101,110,-9,9
3577,73,79,-6,6
3578,120,119,1,1
3579,86,91,-5,5
3580,144,132,12,12
3581,97,100,-3,3
3582,93,96,-3,3
3583,49,56,-7,7
3584,97,105,-8,8
3585,99,93,6,6
3586,63,68,-5,5
3587,135,127,8,8
3588,66,75,-9,9
3589,71,78,-7,7
3590,74,79,-5,5
3591,160,149,11,11
3592,52,68,-16,16
3593,84,84,0,0
3594,127,134,-7,7
3595,82,87,-5,5
3596,80,87,-7,7
3597,108,113,-5,5
3598,104,115,-11,11
3599,106,102,4,4
3600,154,149,5,5
3601,54,64,-10,10
3602,91,105,-14,14
3603,115,133,-18,18
3604,98,110,-12,12
3605,117,121,-4,4
3606,46,60,-14,14
3607,93,100,-7,7
3608,50,60,-10,10
3609,110,155,-45,45
3610,101,102,-1,1
3611,121,111,10,10
3612,129,136,-7,7
3613,123,118,5,5
3614,55,76,-21,21
3615,97,89,8,8
3616,102,108,-6,6
3617,127,140,-13,13
3618,66,69,-3,3
3619,75,80,-5,5
3620,125,138,-13,13
3621,75,75,0,0
3622,137,147,-10,10
3623,76,82,-6,6
3624,80,76,4,4
3625,93,95,-2,2
3626,213,213,0,0
3627,73,77,-4,4
3628,99,101,-2,2
3629,152,149,3,3
3630,110,114,-4,4
3631,53,66,-13,13
3632,83,89,-6,6
3633,94,102,-8,8
3634,60,69,-9,9
3635,150,144,6,6
3636,146,137,9,9
3637,156,167,-11,11
3638,99,103,-4,4
3639,66,73,-7,7
3640,85,83,2,2
3641,68,91,-23,23
3642,174,167,7,7
3643,112,106,6,6
3644,102,106,-4,4
3645,96,99,-3,3
3646,123,125,-2,2
3647,62,76,-14,14
3648,42,54,-12,12
3649,84,83,1,1
3650,99,120,-21,21
3651,96,106,-10,10
3652,94,92,2,2
3653,88,90,-2,2
3654,113,109,4,4
3655,136,143,-7,7
3656,51,64,-13,13
3657,82,94,-12,12
3658,103,99,4,4
3659,109,107,2,2
3660,39,52,-13,13
3661,66,68,-2,2
3662,68,70,-2,2
3663,97,95,2,2
3664,85,89,-4,4
3665,123,121,2,2
3666,134,141,-7,7
3667,171,164,7,7
3668,88,96,-8,8
3669,83,82,1,1
3670,52,64,-12,12
3671,90,96,-6,6
3672,75,81,-6,6
3673,80,86,-6,6
3674,85,86,-1,1
3675,113,130,-17,17
3676,85,79,6,6
3677,124,124,0,0
3678,126,121,5,5
3679,136,125,11,11
3680,111,119,-8,8
3681,122,115,7,7
3682,84,89,-5,5
3683,53,64,-11,11
3684,83,89,-6,6
3685,132,135,-3,3
3686,133,138,-5,5
3687,96,93,3,3
3688,53,62,-9,9
3689,87,103,-16,16
3690,63,68,-5,5
3691,92,87,5,5
3692,73,85,-12,12
3693,142,135,7,7
3694,93,86,7,7
3695,69,76,-7,7
3696,59,65,-6,6
3697,120,127,-7,7
3698,52,61,-9,9
3699,50,59,-9,9
3700,80,95,-15,15
3701,68,77,-9,9
3702,73,78,-5,5
3703,245,200,45,45
3704,147,150,-3,3
3705,75,78,-3,3
3706,59,70,-11,11
3707,84,86,-2,2
3708,92,94,-2,2
3709,146,141,5,5
3710,183,181,2,2
3711,64,74,-10,10
3712,101,95,6,6
3713,102,106,-4,4
3714,117,116,1,1
3715,178,174,4,4
3716,143,125,18,18
3717,68,82,-14,14
3718,90,89,1,1
3719,48,55,-7,7
3720,74,81,-7,7
3721,63,65,-2,2
3722,74,84,-10,10
3723,83,93,-10,10
3724,89,98,-9,9
3725,112,109,3,3
3726,89,101,-12,12
3727,71,75,-4,4
3728,72,82,-10,10
3729,66,72,-6,6
3730,173,174,-1,1
3731,139,143,-4,4
3732,94,106,-12,12
3733,48,60,-12,12
3734,102,108,-6,6
3735,69,77,-8,8
3736,67,72,-5,5
3737,91,97,-6,6
3738,109,117,-8,8
3739,39,53,-14,14
3740,146,140,6,6
3741,103,111,-8,8
3742,149,153,-4,4
3743,78,75,3,3
3744,78,86,-8,8
3745,76,75,1,1
3746,81,88,-7,7
3747,155,156,-1,1
3748,76,85,-9,9
3749,113,115,-2,2
3750,87,91,-4,4
3751,81,80,1,1
3752,82,94,-12,12
3753,107,114,-7,7
3754,148,147,1,1
3755,57,71,-14,14
3756,73,77,-4,4
3757,112,109,3,3
3758,48,58,-10,10
3759,77,94,-17,17
3760,142,132,10,10
3761,142,134,8,8
3762,122,126,-4,4
3763,67,70,-3,3
3764,132,120,12,12
3765,134,151,-17,17
3766,96,90,6,6
3767,70,75,-5,5
3768,84,88,-4,4
3769,108,105,3,3
3770,159,154,5,5
3771,114,132,-18,18
3772,71,78,-7,7
3773,88,101,-13,13
3774,95,96,-1,1
3775,36,47,-11,11
3776,99,106,-7,7
3777,54,66,-12,12
3778,148,141,7,7
3779,75,74,1,1
3780,64,80,-16,16
3781,170,166,4,4
3782,176,164,12,12
3783,143,135,8,8
3784,108,102,6,6
3785,94,175,-81,81
3786,102,121,-19,19
3787,92,102,-10,10
3788,132,139,-7,7
3789,84,90,-6,6
3790,152,150,2,2
3791,94,88,6,6
3792,103,113,-10,10
3793,122,123,-1,1
3794,79,90,-11,11
3795,81,77,4,4
3796,81,89,-8,8
3797,65,68,-3,3
3798,90,84,6,6
3799,85,92,-7,7
3800,74,82,-8,8
3801,110,110,0,0
3802,62,79,-17,17
3803,132,134,-2,2
3804,94,97,-3,3
3805,77,80,-3,3
3806,69,85,-16,16
3807,90,95,-5,5
3808,58,67,-9,9
3809,101,110,-9,9
3810,72,84,-12,12
3811,49,70,-21,21
3812,120,126,-6,6
3813,60,78,-18,18
3814,140,153,-13,13
3815,53,61,-8,8
3816,66,73,-7,7
3817,60,68,-8,8
3818,103,111,-8,8
3819,92,97,-5,5
3820,158,141,17,17
3821,71,116,-45,45
3822,73,83,-10,10
3823,66,77,-11,11
3824,149,148,1,1
3825,146,144,2,2
3826,68,68,0,0
3827,108,111,-3,3
3828,54,66,-12,12
3829,70,76,-6,6
3830,98,103,-5,5
3831,112,116,-4,4
3832,64,69,-5,5
3833,96,103,-7,7
3834,124,135,-11,11
3835,73,82,-9,9
3836,75,82,-7,7
3837,97,98,-1,1
3838,100,103,-3,3
3839,153,173,-20,20
3840,145,150,-5,5
3841,98,95,3,3
3842,114,106,8,8
3843,111,103,8,8
3844,68,80,-12,12
3845,60,70,-10,10
3846,87,105,-18,18
3847,74,72,2,2
3848,54,68,-14,14
3849,77,81,-4,4
3850,63,68,-5,5
3851,120,117,3,3
3852,107,101,6,6
3853,75,86,-11,11
3854,96,103,-7,7
3855,50,53,-3,3
3856,152,139,13,13
3857,133,131,2,2
3858,140,144,-4,4
3859,63,70,-7,7
3860,82,94,-12,12
3861,101,114,-13,13
3862,78,81,-3,3
3863,101,99,2,2
3864,74,79,-5,5
3865,104,101,3,3
3866,97,103,-6,6
3867,55,77,-22,22
3868,166,159,7,7
3869,110,102,8,8
3870,76,103,-27,27
3871,81,90,-9,9
3872,128,127,1,1
3873,108,107,1,1
3874,68,73,-5,5
3875,86,93,-7,7
3876,79,86,-7,7
3877,65,72,-7,7
3878,148,148,0,0
3879,165,152,13,13
3880,96,107,-11,11
3881,61,69,-8,8
3882,86,83,3,3
3883,65,72,-7,7
3884,124,133,-9,9
3885,94,95,-1,1
3886,55,65,-10,10
3887,71,75,-4,4
3888,132,122,10,10
3889,55,68,-13,13
3890,97,115,-18,18
3891,96,105,-9,9
3892,101,100,1,1
3893,100,92,8,8
3894,78,79,-1,1
3895,132,139,-7,7
3896,73,81,-8,8
3897,93,88,5,5
3898,51,56,-5,5
3899,136,143,-7,7
3900,80,75,5,5
3901,159,170,-11,11
3902,151,145,6,6
3903,64,70,-6,6
3904,75,82,-7,7
3905,151,134,17,17
3906,72,84,-12,12
3907,113,103,10,10
3908,88,96,-8,8
3909,93,98,-5,5
3910,62,76,-14,14
3911,59,74,-15,15
3912,104,107,-3,3
3913,133,125,8,8
3914,66,81,-15,15
3915,90,104,-14,14
3916,98,98,0,0
3917,181,147,34,34
3918,68,69,-1,1
3919,81,83,-2,2
3920,148,144,4,4
3921,92,89,3,3
3922,109,108,1,1
3923,176,170,6,6
3924,236,211,25,25
3925,112,109,3,3
3926,74,82,-8,8
3927,82,81,1,1
3928,78,83,-5,5
3929,83,90,-7,7
3930,89,97,-8,8
3931,95,99,-4,4
3932,177,173,4,4
3933,53,70,-17,17
3934,94,107,-13,13
3935,104,107,-3,3
3936,63,69,-6,6
3937,94,98,-4,4
3938,95,100,-5,5
3939,122,125,-3,3
3940,135,133,2,2
3941,170,150,20,20
3942,104,121,-17,17
3943,153,151,2,2
3944,70,105,-35,35
3945,124,117,7,7
3946,81,87,-6,6
3947,143,140,3,3
3948,86,101,-15,15
3949,87,86,1,1
3950,92,100,-8,8
3951,111,110,1,1
3952,73,81,-8,8
3953,83,78,5,5
3954,117,118,-1,1
3955,92,97,-5,5
3956,70,84,-14,14
3957,107,108,-1,1
3958,62,74,-12,12
3959,96,97,-1,1
3960,93,95,-2,2
3961,50,63,-13,13
3962,61,67,-6,6
3963,118,125,-7,7
3964,117,114,3,3
3965,116,112,4,4
3966,183,173,10,10
3967,56,75,-19,19
3968,67,71,-4,4
3969,81,80,1,1
3970,117,114,3,3
3971,98,100,-2,2
3972,63,67,-4,4
3973,62,66,-4,4
3974,84,98,-14,14
3975,156,156,0,0
3976,105,99,6,6
3977,89,87,2,2
3978,132,137,-5,5
3979,106,115,-9,9
3980,111,116,-5,5
3981,150,158,-8,8
3982,95,107,-12,12
3983,20,42,-22,22
3984,99,103,-4,4
3985,103,108,-5,5
3986,73,90,-17,17
3987,83,90,-7,7
3988,69,73,-4,4
3989,130,133,-3,3
3990,106,106,0,0
3991,104,96,8,8
3992,125,133,-8,8
3993,121,105,16,16
3994,190,186,4,4
3995,116,119,-3,3
3996,87,111,-24,24
3997,71,80,-9,9
3998,71,84,-13,13
3999,146,153,-7,7
4000,97,104,-7,7
4001,98,99,-1,1
4002,127,131,-4,4
4003,74,79,-5,5
4004,47,57,-10,10
4005,92,95,-3,3
4006,82,83,-1,1
4007,118,114,4,4
4008,137,120,17,17
4009,101,99,2,2
4010,51,61,-10,10
4011,88,102,-14,14
4012,177,158,19,19
4013,82,84,-2,2
4014,90,99,-9,9
4015,99,100,-1,1
4016,83,90,-7,7
4017,104,106,-2,2
4018,83,82,1,1
4019,57,75,-18,18
4020,155,153,2,2
4021,107,103,4,4
4022,72,82,-10,10
4023,72,78,-6,6
4024,102,110,-8,8
4025,90,92,-2,2
4026,111,105,6,6
4027,123,115,8,8
4028,46,57,-11,11
4029,81,83,-2,2
4030,95,85,10,10
4031,125,124,1,1
4032,105,103,2,2
4033,74,81,-7,7
4034,166,151,15,15
4035,96,101,-5,5
4036,70,76,-6,6
4037,56,60,-4,4
4038,66,69,-3,3
4039,85,92,-7,7
4040,46,56,-10,10
4041,47,75,-28,28
4042,68,79,-11,11
4043,130,134,-4,4
4044,141,142,-1,1
4045,95,96,-1,1
4046,111,103,8,8
4047,50,60,-10,10
4048,111,118,-7,7
4049,100,107,-7,7
4050,72,75,-3,3
4051,80,89,-9,9
4052,120,114,6,6
4053,180,169,11,11
4054,39,53,-14,14
4055,103,116,-13,13
4056,95,99,-4,4
4057,146,154,-8,8
4058,110,112,-2,2
4059,48,49,-1,1
4060,83,106,-23,23
4061,66,87,-21,21
4062,86,94,-8,8
4063,79,82,-3,3
4064,113,123,-10,10
4065,114,113,1,1
4066,86,85,1,1
4067,165,163,2,2
4068,69,84,-15,15
4069,124,128,-4,4
4070,103,112,-9,9
4071,76,71,5,5
4072,118,124,-6,6
4073,157,151,6,6
4074,107,108,-1,1
4075,170,144,26,26
4076,58,66,-8,8
4077,59,70,-11,11
4078,124,119,5,5
4079,142,128,14,14
4080,105,124,-19,19
4081,116,115,1,1
4082,140,138,2,2
4083,92,90,2,2
4084,130,136,-6,6
4085,113,115,-2,2
4086,129,142,-13,13
4087,73,88,-15,15
4088,100,102,-2,2
4089,87,103,-16,16
4090,75,76,-1,1
4091,87,96,-9,9
4092,113,107,6,6
4093,64,76,-12,12
4094,83,85,-2,2
4095,75,81,-6,6
4096,124,131,-7,7
4097,87,91,-4,4
4098,63,72,-9,9
4099,78,81,-3,3
4100,86,93,-7,7
4101,104,115,-11,11
4102,95,104,-9,9
4103,119,129,-10,10
4104,99,107,-8,8
4105,54,66,-12,12
4106,73,77,-4,4
4107,71,78,-7,7
4108,83,84,-1,1
4109,182,154,28,28
4110,74,92,-18,18
4111,133,133,0,0
4112,80,81,-1,1
4113,98,111,-13,13
4114,98,106,-8,8
4115,96,95,1,1
4116,84,77,7,7
4117,199,208,-9,9
4118,153,143,10,10
4119,121,137,-16,16
4120,104,119,-15,15
4121,79,90,-11,11
4122,109,102,7,7
4123,74,85,-11,11
4124,48,64,-16,16
4125,127,127,0,0
4126,77,87,-10,10
4127,57,72,-15,15
4128,88,88,0,0
4129,76,75,1,1
4130,120,121,-1,1
4131,86,97,-11,11
4132,62,79,-17,17
4133,60,68,-8,8
4134,83,85,-2,2
4135,90,95,-5,5
4136,69,76,-7,7
4137,65,71,-6,6
4138,97,102,-5,5
4139,107,106,1,1
4140,131,139,-8,8
4141,118,112,6,6
4142,107,135,-28,28
4143,72,86,-14,14
4144,153,151,2,2
4145,83,86,-3,3
4146,55,64,-9,9
4147,106,108,-2,2
4148,97,111,-14,14
4149,176,169,7,7
4150,139,129,10,10
4151,84,101,-17,17
4152,112,109,3,3
4153,58,74,-16,16
4154,119,117,2,2
4155,75,81,-6,6
4156,155,159,-4,4
4157,71,70,1,1
4158,150,141,9,9
4159,94,99,-5,5
4160,54,69,-15,15
4161,70,80,-10,10
4162,125,118,7,7
4163,36,40,-4,4
4164,78,88,-10,10
4165,96,96,0,0
4166,100,99,1,1
4167,106,105,1,1
4168,129,122,7,7
4169,39,51,-12,12
4170,44,55,-11,11
4171,97,98,-1,1
4172,80,91,-11,11
4173,52,59,-7,7
4174,102,104,-2,2
4175,101,99,2,2
4176,90,95,-5,5
4177,151,150,1,1
4178,82,85,-3,3
4179,117,117,0,0
4180,63,83,-20,20
4181,135,133,2,2
4182,71,75,-4,4
4183,96,112,-16,16
4184,123,122,1,1
4185,75,79,-4,4
4186,60,71,-11,11
4187,103,110,-7,7
4188,59,66,-7,7
4189,116,131,-15,15
4190,92,96,-4,4
4191,76,73,3,3
4192,53,56,-3,3
4193,107,116,-9,9
4194,70,77,-7,7
4195,101,102,-1,1
4196,88,89,-1,1
4197,84,90,-6,6
4198,26,59,-33,33
4199,107,115,-8,8
4200,121,120,1,1
4201,66,75,-9,9
4202,75,89,-14,14
4203,140,151,-11,11
4204,87,90,-3,3
4205,57,61,-4,4
4206,100,102,-2,2
4207,183,164,19,19
4208,131,138,-7,7
4209,98,135,-37,37
4210,70,79,-9,9
4211,80,81,-1,1
4212,112,117,-5,5
4213,164,170,-6,6
4214,112,108,4,4
4215,49,58,-9,9
4216,69,81,-12,12
4217,64,80,-16,16
4218,78,90,-12,12
4219,116,129,-13,13
4220,113,108,5,5
4221,123,129,-6,6
4222,101,109,-8,8
4223,100,110,-10,10
4224,84,88,-4,4
4225,114,113,1,1
4226,109,103,6,6
4227,52,57,-5,5
4228,115,109,6,6
4229,106,112,-6,6
4230,93,95,-2,2
4231,69,82,-13,13
4232,149,145,4,4
4233,87,91,-4,4
4234,103,105,-2,2
4235,106,117,-11,11
4236,76,98,-22,22
4237,124,137,-13,13
4238,115,123,-8,8
4239,82,86,-4,4
4240,152,161,-9,9
4241,138,134,4,4
4242,196,187,9,9
4243,133,117,16,16
4244,146,145,1,1
4245,105,116,-11,11
4246,92,105,-13,13
4247,71,74,-3,3
4248,97,105,-8,8
4249,70,80,-10,10
4250,107,120,-13,13
4251,80,86,-6,6
4252,63,88,-25,25
4253,75,79,-4,4
4254,75,81,-6,6
4255,75,83,-8,8
4256,104,97,7,7
4257,152,144,8,8
4258,71,74,-3,3
4259,107,108,-1,1
4260,161,150,11,11
4261,71,82,-11,11
4262,91,87,4,4
4263,98,99,-1,1
4264,108,115,-7,7
4265,78,79,-1,1
4266,116,123,-7,7
4267,108,103,5,5
4268,81,90,-9,9
4269,65,78,-13,13
4270,111,118,-7,7
4271,70,76,-6,6
4272,55,65,-10,10
4273,102,102,0,0
4274,102,107,-5,5
4275,56,67,-11,11
4276,100,93,7,7
4277,47,54,-7,7
4278,145,138,7,7
4279,108,107,1,1
4280,143,143,0,0
4281,123,122,1,1
4282,172,167,5,5
4283,60,75,-15,15
4284,105,103,2,2
4285,46,51,-5,5
4286,80,74,6,6
4287,114,122,-8,8
4288,189,188,1,1
4289,82,81,1,1
4290,126,127,-1,1
4291,157,146,11,11
4292,147,173,-26,26
4293,27,70,-43,43
4294,79,81,-2,2
4295,75,81,-6,6
4296,65,68,-3,3
4297,68,72,-4,4
4298,126,127,-1,1
4299,133,134,-1,1
4300,101,98,3,3
4301,80,85,-5,5
4302,103,102,1,1
4303,95,96,-1,1
4304,103,114,-11,11
4305,113,116,-3,3
4306,42,50,-8,8
4307,85,94,-9,9
4308,82,90,-8,8
4309,104,107,-3,3
4310,85,83,2,2
4311,107,97,10,10
4312,78,79,-1,1
4313,66,71,-5,5
4314,108,108,0,0
4315,90,103,-13,13
4316,88,93,-5,5
4317,59,66,-7,7
4318,79,81,-2,2
4319,69,79,-10,10
4320,135,136,-1,1
4321,96,118,-22,22
4322,148,149,-1,1
4323,31,48,-17,17
4324,65,87,-22,22
4325,86,90,-4,4
4326,47,55,-8,8
4327,83,84,-1,1
4328,170,176,-6,6
4329,63,72,-9,9
4330,110,113,-3,3
4331,182,168,14,14
4332,141,142,-1,1
4333,94,103,-9,9
4334,81,88,-7,7
4335,87,95,-8,8
4336,131,130,1,1
4337,117,106,11,11
4338,64,69,-5,5
4339,150,170,-20,20
4340,93,103,-10,10
4341,88,92,-4,4
4342,90,99,-9,9
4343,86,95,-9,9
4344,96,113,-17,17
4345,173,159,14,14
4346,104,105,-1,1
4347,44,60,-16,16
4348,81,84,-3,3
4349,71,70,1,1
4350,77,71,6,6
4351,82,80,2,2
4352,196,183,13,13
4353,126,125,1,1
4354,100,102,-2,2
4355,159,149,10,10
4356,61,74,-13,13
4357,54,64,-10,10
4358,73,77,-4,4
4359,73,84,-11,11
4360,88,86,2,2
4361,136,139,-3,3
4362,94,99,-5,5
4363,164,181,-17,17
4364,100,108,-8,8
4365,126,126,0,0
4366,50,59,-9,9
4367,79,90,-11,11
4368,94,121,-27,27
4369,110,121,-11,11
4370,144,141,3,3
4371,62,67,-5,5
4372,92,101,-9,9
4373,59,70,-11,11
4374,279,245,34,34
4375,149,142,7,7
4376,61,80,-19,19
4377,72,94,-22,22
4378,64,73,-9,9
4379,142,141,1,1
4380,56,63,-7,7
4381,140,144,-4,4
4382,221,197,24,24
4383,111,106,5,5
4384,93,95,-2,2
4385,110,117,-7,7
4386,83,79,4,4
4387,65,81,-16,16
4388,154,155,-1,1
4389,92,93,-1,1
4390,144,139,5,5
4391,102,106,-4,4
4392,131,125,6,6
4393,98,96,2,2
4394,104,104,0,0
4395,95,101,-6,6
4396,108,120,-12,12
4397,89,93,-4,4
4398,139,148,-9,9
4399,116,113,3,3
4400,58,69,-11,11
4401,140,144,-4,4
4402,89,95,-6,6
4403,103,107,-4,4
4404,67,91,-24,24
4405,62,69,-7,7
4406,162,162,0,0
4407,77,80,-3,3
4408,99,107,-8,8
4409,92,85,7,7
4410,105,110,-5,5
4411,99,102,-3,3
4412,82,101,-19,19
4413,139,133,6,6
4414,99,100,-1,1
4415,82,90,-8,8
4416,95,103,-8,8
4417,101,101,0,0
4418,85,95,-10,10
4419,102,105,-3,3
4420,133,138,-5,5
4421,76,80,-4,4
4422,126,129,-3,3
4423,101,104,-3,3
4424,119,112,7,7
4425,152,157,-5,5
4426,136,125,11,11
4427,87,90,-3,3
4428,116,111,5,5
4429,60,70,-10,10
4430,96,99,-3,3
4431,76,86,-10,10
4432,128,125,3,3
4433,85,92,-7,7
4434,84,94,-10,10
4435,153,142,11,11
4436,72,72,0,0
4437,73,73,0,0
4438,108,101,7,7
4439,73,79,-6,6
4440,94,98,-4,4
4441,86,87,-1,1
4442,89,90,-1,1
4443,56,64,-8,8
4444,195,186,9,9
4445,70,77,-7,7
4446,64,74,-10,10
4447,96,94,2,2
4448,103,111,-8,8
4449,131,131,0,0
4450,93,95,-2,2
4451,122,125,-3,3
4452,54,66,-12,12
4453,67,83,-16,16
4454,66,69,-3,3
4455,110,116,-6,6
4456,108,110,-2,2
4457,119,128,-9,9
4458,80,75,5,5
4459,60,74,-14,14
4460,88,90,-2,2
4461,123,114,9,9
4462,59,67,-8,8
4463,103,98,5,5
4464,93,98,-5,5
4465,90,95,-5,5
4466,157,153,4,4
4467,94,97,-3,3
4468,79,71,8,8
4469,131,134,-3,3
4470,50,65,-15,15
4471,111,109,2,2
4472,106,111,-5,5
4473,104,104,0,0
4474,94,104,-10,10
4475,71,74,-3,3
4476,168,151,17,17
4477,102,119,-17,17
4478,58,69,-11,11
4479,49,56,-7,7
4480,96,94,2,2
4481,74,84,-10,10
4482,135,137,-2,2
4483,171,160,11,11
4484,70,80,-10,10
4485,118,125,-7,7
4486,90,85,5,5
4487,101,122,-21,21
4488,97,101,-4,4
4489,107,104,3,3
4490,87,88,-1,1
4491,43,54,-11,11
4492,79,82,-3,3
4493,106,104,2,2
4494,39,48,-9,9
4495,178,162,16,16
4496,74,87,-13,13
4497,36,50,-14,14
4498,68,74,-6,6
4499,114,105,9,9
4500,80,90,-10,10
4501,109,123,-14,14
4502,128,122,6,6
4503,87,101,-14,14
4504,110,114,-4,4
4505,100,103,-3,3
4506,128,130,-2,2
4507,136,138,-2,2
4508,129,134,-5,5
4509,122,130,-8,8
4510,102,102,0,0
4511,109,110,-1,1
4512,58,71,-13,13
4513,122,119,3,3
4514,90,92,-2,2
4515,57,61,-4,4
4516,107,107,0,0
4517,168,166,2,2
4518,98,105,-7,7
4519,120,115,5,5
4520,74,82,-8,8
4521,88,90,-2,2
4522,96,91,5,5
4523,64,75,-11,11
4524,55,69,-14,14
4525,94,96,-2,2
4526,148,142,6,6
4527,92,108,-16,16
4528,95,109,-14,14
4529,110,110,0,0
4530,83,80,3,3
4531,139,139,0,0
4532,108,100,8,8
4533,78,85,-7,7
4534,78,85,-7,7
4535,98,102,-4,4
4536,104,106,-2,2
4537,68,70,-2,2
4538,103,110,-7,7
4539,66,67,-1,1
4540,100,101,-1,1
4541,123,128,-5,5
4542,74,85,-11,11
4543,136,129,7,7
4544,47,57,-10,10
4545,92,97,-5,5
4546,122,118,4,4
4547,125,134,-9,9
4548,122,112,10,10
4549,61,68,-7,7
4550,82,106,-24,24
4551,112,115,-3,3
4552,48,65,-17,17
4553,146,153,-7,7
4554,67,67,0,0
4555,115,115,0,0
4556,165,169,-4,4
4557,87,100,-13,13
4558,40,55,-15,15
4559,55,60,-5,5
4560,127,123,4,4
4561,70,77,-7,7
4562,99,110,-11,11
4563,45,57,-12,12
4564,95,97,-2,2
4565,80,88,-8,8
4566,47,60,-13,13
4567,99,121,-22,22
4568,118,121,-3,3
4569,104,110,-6,6
4570,75,83,-8,8
4571,90,92,-2,2
4572,82,88,-6,6
4573,163,151,12,12
4574,93,96,-3,3
4575,166,178,-12,12
4576,69,81,-12,12
4577,122,136,-14,14
4578,148,150,-2,2
4579,56,62,-6,6
4580,66,70,-4,4
4581,83,98,-15,15
4582,63,67,-4,4
4583,108,107,1,1
4584,123,111,12,12
4585,161,167,-6,6
4586,83,109,-26,26
4587,49,55,-6,6
4588,78,83,-5,5
4589,101,109,-8,8
4590,38,57,-19,19
4591,98,100,-2,2
4592,174,155,19,19
4593,75,88,-13,13
4594,56,64,-8,8
4595,138,127,11,11
4596,38,45,-7,7
4597,51,59,-8,8
4598,69,71,-2,2
4599,98,105,-7,7
4600,87,92,-5,5
4601,88,92,-4,4
4602,156,161,-5,5
4603,140,139,1,1
4604,92,102,-10,10
4605,49,62,-13,13
4606,82,93,-11,11
4607,217,242,-25,25
4608,99,104,-5,5
4609,110,107,3,3
4610,79,87,-8,8
4611,69,72,-3,3
4612,87,81,6,6
4613,84,84,0,0
4614,77,78,-1,1
4615,78,78,0,0
4616,100,112,-12,12
4617,112,113,-1,1
4618,130,127,3,3
4619,137,124,13,13
4620,125,118,7,7
4621,86,93,-7,7
4622,152,144,8,8
4623,96,106,-10,10
4624,111,116,-5,5
4625,99,109,-10,10
4626,56,61,-5,5
4627,211,215,-4,4
4628,109,121,-12,12
4629,137,137,0,0
4630,74,85,-11,11
4631,120,126,-6,6
4632,81,92,-11,11
4633,71,80,-9,9
4634,88,89,-1,1
4635,111,111,0,0
4636,197,192,5,5
4637,85,87,-2,2
4638,112,114,-2,2
4639,44,69,-25,25
4640,86,93,-7,7
4641,72,90,-18,18
4642,59,68,-9,9
4643,82,99,-17,17
4644,69,72,-3,3
4645,91,90,1,1
4646,142,142,0,0
4647,84,73,11,11
4648,81,87,-6,6
4649,101,103,-2,2
4650,190,169,21,21
4651,107,106,1,1
4652,119,127,-8,8
4653,77,82,-5,5
4654,152,150,2,2
4655,64,62,2,2
4656,77,85,-8,8
4657,51,59,-8,8
4658,77,83,-6,6
4659,84,83,1,1
4660,60,70,-10,10
4661,107,105,2,2
4662,87,106,-19,19
4663,116,131,-15,15
4664,160,143,17,17
4665,116,119,-3,3
4666,84,86,-2,2
4667,113,121,-8,8
4668,105,112,-7,7
4669,55,58,-3,3
4670,91,97,-6,6
4671,113,108,5,5
4672,62,66,-4,4
4673,75,81,-6,6
4674,45,55,-10,10
4675,177,161,16,16
4676,131,142,-11,11
4677,112,114,-2,2
4678,127,137,-10,10
4679,146,128,18,18
4680,138,140,-2,2
4681,93,100,-7,7
4682,65,77,-12,12
4683,168,172,-4,4
4684,112,127,-15,15
4685,149,141,8,8
4686,140,147,-7,7
4687,94,100,-6,6
4688,141,138,3,3
4689,75,87,-12,12
4690,134,128,6,6
4691,95,92,3,3
4692,119,106,13,13
4693,95,107,-12,12
4694,65,74,-9,9
4695,95,103,-8,8
4696,97,104,-7,7
4697,132,134,-2,2
4698,87,91,-4,4
4699,124,121,3,3
4700,115,119,-4,4
4701,45,54,-9,9
4702,110,106,4,4
4703,57,70,-13,13
4704,126,109,17,17
4705,50,58,-8,8
4706,132,134,-2,2
4707,71,73,-2,2
4708,88,85,3,3
4709,91,105,-14,14
4710,79,83,-4,4
4711,47,52,-5,5
4712,103,116,-13,13
4713,38,50,-12,12
4714,68,74,-6,6
4715,130,124,6,6
4716,157,155,2,2
4717,99,101,-2,2
4718,62,65,-3,3
4719,79,84,-5,5
4720,74,83,-9,9
4721,154,141,13,13
4722,36,64,-28,28
4723,81,86,-5,5
4724,69,75,-6,6
4725,39,51,-12,12
4726,106,108,-2,2
4727,141,137,4,4
4728,71,80,-9,9
4729,108,112,-4,4
4730,142,138,4,4
4731,43,55,-12,12
4732,109,121,-12,12
4733,72,78,-6,6
4734,110,108,2,2
4735,84,98,-14,14
4736,88,87,1,1
4737,156,147,9,9
4738,106,114,-8,8
4739,160,161,-1,1
4740,105,105,0,0
4741,231,213,18,18
4742,111,107,4,4
4743,53,63,-10,10
4744,124,132,-8,8
4745,105,111,-6,6
4746,144,149,-5,5
4747,83,96,-13,13
4748,81,87,-6,6
4749,96,102,-6,6
4750,143,138,5,5
4751,118,109,9,9
4752,77,82,-5,5
4753,116,125,-9,9
4754,116,89,27,27
4755,76,82,-6,6
4756,73,82,-9,9
4757,92,93,-1,1
4758,89,89,0,0
4759,58,64,-6,6
4760,70,76,-6,6
4761,134,133,1,1
4762,73,88,-15,15
4763,139,138,1,1
4764,59,71,-12,12
4765,59,70,-11,11
4766,72,80,-8,8
4767,81,87,-6,6
4768,96,98,-2,2
4769,190,174,16,16
4770,131,128,3,3
4771,188,193,-5,5
4772,141,153,-12,12
4773,103,105,-2,2
4774,65,84,-19,19
4775,86,89,-3,3
4776,64,73,-9,9
4777,115,124,-9,9
4778,58,75,-17,17
4779,150,144,6,6
4780,70,81,-11,11
4781,91,96,-5,5
4782,104,105,-1,1
4783,78,85,-7,7
4784,57,64,-7,7
4785,117,114,3,3
4786,82,87,-5,5
4787,50,63,-13,13
4788,76,84,-8,8
4789,64,69,-5,5
4790,140,141,-1,1
4791,88,99,-11,11
4792,41,50,-9,9
4793,56,78,-22,22
4794,161,167,-6,6
4795,107,92,15,15
4796,94,99,-5,5
4797,71,68,3,3
4798,163,150,13,13
4799,99,96,3,3
4800,30,39,-9,9
4801,99,93,6,6
4802,161,142,19,19
4803,82,87,-5,5
4804,92,93,-1,1
4805,152,130,22,22
4806,131,114,17,17
4807,99,99,0,0
4808,50,60,-10,10
4809,80,90,-10,10
4810,99,100,-1,1
4811,69,74,-5,5
4812,67,82,-15,15
4813,143,129,14,14
4814,68,75,-7,7
4815,65,79,-14,14
4816,94,101,-7,7
4817,55,64,-9,9
4818,94,97,-3,3
4819,45,57,-12,12
4820,140,140,0,0
4821,65,68,-3,3
4822,62,70,-8,8
4823,94,103,-9,9
4824,129,125,4,4
4825,123,128,-5,5
4826,80,92,-12,12
4827,86,85,1,1
4828,112,122,-10,10
4829,89,91,-2,2
4830,72,75,-3,3
4831,65,75,-10,10
4832,90,96,-6,6
4833,71,87,-16,16
4834,107,117,-10,10
4835,140,140,0,0
4836,57,68,-11,11
4837,104,107,-3,3
4838,56,71,-15,15
4839,103,109,-6,6
4840,104,106,-2,2
4841,78,83,-5,5
4842,126,127,-1,1
4843,101,97,4,4
4844,85,96,-11,11
4845,72,73,-1,1
4846,57,68,-11,11
4847,51,69,-18,18
4848,102,108,-6,6
4849,85,91,-6,6
4850,71,73,-2,2
4851,87,90,-3,3
4852,74,80,-6,6
4853,104,105,-1,1
4854,102,109,-7,7
4855,181,166,15,15
4856,130,129,1,1
4857,75,92,-17,17
4858,102,105,-3,3
4859,56,72,-16,16
4860,72,82,-10,10
4861,90,99,-9,9
4862,66,78,-12,12
4863,82,85,-3,3
4864,139,159,-20,20
4865,97,88,9,9
4866,83,91,-8,8
4867,71,86,-15,15
4868,81,80,1,1
4869,80,76,4,4
4870,152,152,0,0
4871,54,63,-9,9
4872,51,59,-8,8
4873,142,127,15,15
4874,134,143,-9,9
4875,253,277,-24,24
4876,85,107,-22,22
4877,274,229,45,45
4878,180,163,17,17
4879,85,97,-12,12
4880,68,84,-16,16
4881,126,126,0,0
4882,147,145,2,2
4883,67,75,-8,8
4884,58,71,-13,13
4885,146,151,-5,5
4886,170,177,-7,7
4887,80,93,-13,13
4888,117,120,-3,3
4889,72,79,-7,7
4890,52,66,-14,14
4891,92,99,-7,7
4892,88,91,-3,3
4893,106,113,-7,7
4894,93,96,-3,3
4895,151,149,2,2
4896,90,95,-5,5
4897,71,79,-8,8
4898,63,71,-8,8
4899,171,155,16,16
4900,83,80,3,3
4901,125,121,4,4
4902,123,118,5,5
4903,119,117,2,2
4904,100,100,0,0
4905,97,114,-17,17
4906,82,79,3,3
4907,104,114,-10,10
4908,84,86,-2,2
4909,133,142,-9,9
4910,66,74,-8,8
4911,328,287,41,41
4912,66,75,-9,9
4913,129,123,6,6
4914,60,71,-11,11
4915,107,126,-19,19
4916,88,86,2,2
4917,92,113,-21,21
4918,97,87,10,10
4919,95,103,-8,8
4920,176,160,16,16
4921,93,98,-5,5
4922,124,131,-7,7
4923,80,82,-2,2
4924,117,116,1,1
4925,92,92,0,0
4926,137,123,14,14
4927,160,155,5,5
4928,114,116,-2,2
4929,78,78,0,0
4930,73,81,-8,8
4931,62,69,-7,7
4932,85,93,-8,8
4933,52,66,-14,14
4934,53,63,-10,10
4935,98,87,11,11
4936,92,98,-6,6
4937,100,105,-5,5
4938,114,113,1,1
4939,139,143,-4,4
4940,76,82,-6,6
4941,119,116,3,3
4942,41,58,-17,17
4943,53,60,-7,7
4944,268,267,1,1
4945,66,72,-6,6
4946,130,123,7,7
4947,115,118,-3,3
4948,157,159,-2,2
4949,50,66,-16,16
4950,75,79,-4,4
4951,79,79,0,0
4952,85,89,-4,4
4953,42,74,-32,32
4954,85,85,0,0
4955,95,99,-4,4
4956,72,84,-12,12
4957,90,104,-14,14
4958,81,85,-4,4
4959,109,116,-7,7
4960,146,155,-9,9
4961,131,125,6,6
4962,138,132,6,6
4963,32,49,-17,17
4964,86,92,-6,6
4965,76,90,-14,14
4966,73,85,-12,12
4967,132,130,2,2
4968,136,140,-4,4
4969,36,51,-15,15
4970,40,55,-15,15
4971,62,67,-5,5
4972,99,111,-12,12
4973,63,81,-18,18
4974,90,86,4,4
4975,63,85,-22,22
4976,63,75,-12,12
4977,73,91,-18,18
4978,73,81,-8,8
4979,120,134,-14,14
4980,161,152,9,9
4981,74,79,-5,5
4982,74,74,0,0
4983,49,62,-13,13
4984,157,144,13,13
4985,123,124,-1,1
4986,91,91,0,0
4987,115,108,7,7
4988,85,90,-5,5
4989,66,72,-6,6
4990,102,101,1,1
4991,98,101,-3,3
4992,100,100,0,0
4993,105,128,-23,23
4994,84,102,-18,18
4995,95,95,0,0
4996,108,102,6,6
4997,62,68,-6,6
4998,116,121,-5,5
4999,79,80,-1,1
5000,73,73,0,0
5001,50,69,-19,19
5002,97,98,-1,1
5003,145,132,13,13
5004,152,142,10,10
5005,134,127,7,7
5006,110,104,6,6
5007,114,114,0,0
5008,72,74,-2,2
5009,113,114,-1,1
5010,58,73,-15,15
5011,50,61,-11,11
5012,29,42,-13,13
5013,71,76,-5,5
5014,90,99,-9,9
5015,140,137,3,3
5016,123,120,3,3
5017,131,127,4,4
5018,50,58,-8,8
5019,82,85,-3,3
5020,77,90,-13,13
5021,98,95,3,3
5022,83,80,3,3
5023,88,84,4,4
5024,122,113,9,9
5025,87,91,-4,4
5026,107,109,-2,2
5027,75,84,-9,9
5028,89,96,-7,7
5029,124,129,-5,5
5030,105,108,-3,3
5031,62,67,-5,5
5032,125,119,6,6
5033,94,96,-2,2
5034,91,100,-9,9
5035,74,92,-18,18
5036,82,100,-18,18
5037,60,65,-5,5
5038,69,75,-6,6
5039,132,129,3,3
5040,76,82,-6,6
5041,169,169,0,0
5042,101,104,-3,3
5043,167,164,3,3
5044,79,87,-8,8
5045,78,97,-19,19
5046,61,67,-6,6
5047,137,125,12,12
5048,116,109,7,7
5049,77,89,-12,12
5050,76,97,-21,21
5051,157,166,-9,9
5052,90,105,-15,15
5053,79,78,1,1
5054,131,121,10,10
5055,118,118,0,0
5056,110,104,6,6
5057,151,140,11,11
5058,159,161,-2,2
5059,95,103,-8,8
5060,78,85,-7,7
5061,107,119,-12,12
5062,131,128,3,3
5063,87,98,-11,11
5064,42,55,-13,13
5065,66,76,-10,10
5066,101,110,-9,9
5067,140,137,3,3
5068,66,68,-2,2
5069,43,55,-12,12
5070,100,104,-4,4
5071,120,105,15,15
5072,76,70,6,6
5073,121,131,-10,10
5074,78,83,-5,5
5075,121,122,-1,1
5076,51,62,-11,11
5077,101,112,-11,11
5078,136,138,-2,2
5079,107,121,-14,14
5080,106,111,-5,5
5081,116,114,2,2
5082,89,92,-3,3
5083,65,72,-7,7
5084,154,145,9,9
5085,130,126,4,4
5086,98,94,4,4
5087,75,94,-19,19
5088,81,87,-6,6
5089,82,91,-9,9
5090,86,97,-11,11
5091,93,100,-7,7
5092,73,83,-10,10
5093,76,85,-9,9
5094,166,165,1,1
5095,98,102,-4,4
5096,120,110,10,10
5097,67,79,-12,12
5098,81,87,-6,6
5099,170,164,6,6
5100,40,59,-19,19
5101,101,102,-1,1
5102,80,85,-5,5
5103,121,110,11,11
5104,58,63,-5,5
5105,115,112,3,3
5106,63,70,-7,7
5107,87,95,-8,8
5108,148,153,-5,5
5109,102,104,-2,2
5110,79,85,-6,6
5111,118,110,8,8
5112,92,100,-8,8
5113,110,112,-2,2
5114,131,133,-2,2
5115,139,151,-12,12
5116,68,79,-11,11
5117,122,128,-6,6
5118,140,132,8,8
5119,124,120,4,4
5120,103,99,4,4
5121,59,79,-20,20
5122,80,87,-7,7
5123,131,126,5,5
5124,104,105,-1,1
5125,155,146,9,9
5126,89,95,-6,6
5127,68,89,-21,21
5128,79,84,-5,5
5129,110,114,-4,4
5130,54,62,-8,8
5131,121,138,-17,17
5132,101,107,-6,6
5133,109,118,-9,9
5134,100,101,-1,1
5135,132,133,-1,1
5136,71,78,-7,7
5137,89,95,-6,6
5138,92,95,-3,3
5139,91,95,-4,4
5140,117,111,6,6
5141,100,103,-3,3
5142,118,112,6,6
5143,160,130,30,30
5144,121,116,5,5
5145,88,99,-11,11
5146,152,149,3,3
5147,56,62,-6,6
5148,51,79,-28,28
5149,110,99,11,11
5150,79,92,-13,13
5151,68,96,-28,28
5152,52,62,-10,10
5153,129,138,-9,9
5154,81,81,0,0
5155,39,51,-12,12
5156,55,123,-68,68
5157,53,64,-11,11
5158,92,100,-8,8
5159,72,80,-8,8
5160,103,110,-7,7
5161,141,130,11,11
5162,82,94,-12,12
5163,69,80,-11,11
5164,168,161,7,7
5165,65,77,-12,12
5166,76,85,-9,9
5167,104,109,-5,5
5168,89,95,-6,6
5169,101,110,-9,9
5170,53,65,-12,12
5171,105,107,-2,2
5172,90,88,2,2
5173,116,113,3,3
5174,137,136,1,1
5175,126,117,9,9
5176,43,49,-6,6
5177,65,77,-12,12
5178,76,87,-11,11
5179,104,105,-1,1
5180,88,85,3,3
5181,75,78,-3,3
5182,82,87,-5,5
5183,40,65,-25,25
5184,77,83,-6,6
5185,66,74,-8,8
5186,154,141,13,13
5187,86,86,0,0
5188,112,124,-12,12
5189,93,100,-7,7
5190,130,150,-20,20
5191,177,168,9,9
5192,148,140,8,8
5193,80,88,-8,8
5194,58,62,-4,4
5195,115,110,5,5
5196,118,116,2,2
5197,66,72,-6,6
5198,161,157,4,4
5199,80,87,-7,7
5200,105,105,0,0
5201,56,63,-7,7
5202,66,76,-10,10
5203,93,96,-3,3
5204,105,104,1,1
5205,96,100,-4,4
5206,62,68,-6,6
5207,68,81,-13,13
5208,83,86,-3,3
5209,110,115,-5,5
5210,109,113,-4,4
5211,147,141,6,6
5212,68,69,-1,1
5213,121,114,7,7
5214,128,139,-11,11
5215,136,134,2,2
5216,110,106,4,4
5217,84,83,1,1
5218,93,98,-5,5
5219,68,77,-9,9
5220,88,95,-7,7
5221,89,98,-9,9
5222,134,140,-6,6
5223,128,130,-2,2
5224,79,83,-4,4
5225,66,76,-10,10
5226,58,60,-2,2
5227,58,83,-25,25
5228,69,79,-10,10
5229,56,67,-11,11
5230,85,94,-9,9
5231,73,81,-8,8
5232,97,96,1,1
5233,100,91,9,9
5234,82,76,6,6
5235,65,72,-7,7
5236,90,101,-11,11
5237,66,87,-21,21
5238,58,64,-6,6
5239,62,110,-48,48
5240,50,60,-10,10
5241,84,86,-2,2
5242,82,90,-8,8
5243,147,153,-6,6
5244,91,91,0,0
5245,95,98,-3,3
5246,121,118,3,3
5247,56,68,-12,12
5248,54,56,-2,2
5249,103,105,-2,2
5250,86,81,5,5
5251,85,88,-3,3
5252,97,88,9,9
5253,92,86,6,6
5254,59,69,-10,10
5255,115,118,-3,3
5256,116,118,-2,2
5257,101,106,-5,5
5258,120,101,19,19
5259,164,150,14,14
5260,55,57,-2,2
5261,91,98,-7,7
5262,75,85,-10,10
5263,121,127,-6,6
5264,57,66,-9,9
5265,38,61,-23,23
5266,92,88,4,4
5267,67,73,-6,6
5268,120,121,-1,1
5269,83,89,-6,6
5270,138,142,-4,4
5271,169,159,10,10
5272,59,74,-15,15
5273,47,60,-13,13
5274,46,53,-7,7
5275,123,137,-14,14
5276,142,141,1,1
5277,80,91,-11,11
5278,31,49,-18,18
5279,128,130,-2,2
5280,112,106,6,6
5281,98,107,-9,9
5282,55,66,-11,11
5283,110,101,9,9
5284,91,101,-10,10
5285,112,98,14,14
5286,115,120,-5,5
5287,73,76,-3,3
5288,106,109,-3,3
5289,93,96,-3,3
5290,166,168,-2,2
5291,128,139,-11,11
5292,112,111,1,1
5293,89,86,3,3
5294,74,83,-9,9
5295,106,125,-19,19
5296,72,81,-9,9
5297,78,83,-5,5
5298,92,100,-8,8
5299,140,131,9,9
5300,103,105,-2,2
5301,102,119,-17,17
5302,63,82,-19,19
5303,169,162,7,7
5304,78,87,-9,9
5305,132,129,3,3
5306,50,56,-6,6
5307,127,116,11,11
5308,138,119,19,19
5309,61,64,-3,3
5310,87,93,-6,6
5311,109,116,-7,7
5312,77,86,-9,9
5313,92,109,-17,17
5314,84,85,-1,1
5315,140,126,14,14
5316,79,91,-12,12
5317,87,86,1,1
5318,76,82,-6,6
5319,54,60,-6,6
5320,77,94,-17,17
5321,28,66,-38,38
5322,85,79,6,6
5323,41,49,-8,8
5324,78,89,-11,11
5325,117,112,5,5
5326,99,105,-6,6
5327,130,132,-2,2
5328,58,68,-10,10
5329,76,80,-4,4
5330,72,84,-12,12
5331,72,77,-5,5
5332,130,122,8,8
5333,85,97,-12,12
5334,74,84,-10,10
5335,117,110,7,7
5336,105,115,-10,10
5337,114,114,0,0
5338,94,86,8,8
5339,127,124,3,3
5340,100,103,-3,3
5341,100,110,-10,10
5342,114,113,1,1
5343,137,148,-11,11
5344,141,138,3,3
5345,186,176,10,10
5346,49,61,-12,12
5347,71,78,-7,7
5348,144,144,0,0
5349,108,92,16,16
5350,102,97,5,5
5351,129,129,0,0
5352,123,121,2,2
5353,48,59,-11,11
5354,70,73,-3,3
5355,81,88,-7,7
5356,72,83,-11,11
5357,76,83,-7,7
5358,114,130,-16,16
5359,130,129,1,1
5360,113,125,-12,12
5361,57,66,-9,9
5362,77,83,-6,6
5363,117,117,0,0
5364,79,79,0,0
5365,87,97,-10,10
5366,99,101,-2,2
5367,211,201,10,10
5368,92,89,3,3
5369,119,113,6,6
5370,54,67,-13,13
5371,111,108,3,3
5372,67,72,-5,5
5373,185,186,-1,1
5374,68,83,-15,15
5375,190,169,21,21
5376,124,126,-2,2
5377,80,93,-13,13
5378,78,85,-7,7
5379,92,108,-16,16
5380,70,76,-6,6
5381,51,75,-24,24
5382,89,98,-9,9
5383,82,94,-12,12
5384,83,86,-3,3
5385,204,193,11,11
5386,114,110,4,4
5387,62,69,-7,7
5388,100,93,7,7
5389,143,158,-15,15
5390,89,92,-3,3
5391,123,135,-12,12
5392,150,148,2,2
5393,135,116,19,19
5394,114,122,-8,8
5395,94,107,-13,13
5396,158,150,8,8
5397,58,75,-17,17
5398,94,103,-9,9
5399,59,67,-8,8
5400,81,101,-20,20
5401,70,76,-6,6
5402,79,85,-6,6
5403,49,64,-15,15
5404,85,87,-2,2
5405,85,87,-2,2
5406,55,65,-10,10
5407,97,102,-5,5
5408,95,99,-4,4
5409,129,124,5,5
5410,53,65,-12,12
5411,109,116,-7,7
5412,92,101,-9,9
5413,122,105,17,17
5414,102,107,-5,5
5415,98,114,-16,16
5416,68,82,-14,14
5417,108,107,1,1
5418,92,94,-2,2
5419,95,96,-1,1
5420,65,69,-4,4
5421,27,43,-16,16
5422,62,71,-9,9
5423,109,108,1,1
5424,72,81,-9,9
5425,58,66,-8,8
5426,121,115,6,6
5427,101,101,0,0
5428,63,74,-11,11
5429,38,47,-9,9
5430,145,144,1,1
5431,103,110,-7,7
5432,215,220,-5,5
5433,122,116,6,6
5434,90,99,-9,9
5435,67,73,-6,6
5436,98,109,-11,11
5437,106,118,-12,12
5438,119,123,-4,4
5439,93,99,-6,6
5440,48,66,-18,18
5441,87,92,-5,5
5442,108,117,-9,9
5443,72,74,-2,2
5444,124,125,-1,1
5445,114,116,-2,2
5446,43,50,-7,7
5447,109,112,-3,3
5448,99,106,-7,7
5449,116,112,4,4
5450,72,97,-25,25
5451,122,136,-14,14
5452,98,102,-4,4
5453,144,157,-13,13
5454,78,79,-1,1
5455,70,73,-3,3
5456,114,112,2,2
5457,137,139,-2,2
5458,113,109,4,4
5459,115,110,5,5
5460,85,89,-4,4
5461,63,68,-5,5
5462,114,119,-5,5
5463,88,93,-5,5
5464,125,120,5,5
5465,116,120,-4,4
5466,150,127,23,23
5467,78,85,-7,7
5468,75,80,-5,5
5469,81,92,-11,11
5470,116,134,-18,18
5471,64,71,-7,7
5472,93,98,-5,5
5473,96,92,4,4
5474,147,151,-4,4
5475,77,78,-1,1
5476,139,140,-1,1
5477,64,70,-6,6
5478,82,83,-1,1
5479,70,75,-5,5
5480,142,143,-1,1
5481,99,99,0,0
5482,64,75,-11,11
5483,80,93,-13,13
5484,69,71,-2,2
5485,64,72,-8,8
5486,99,105,-6,6
5487,120,113,7,7
5488,80,83,-3,3
5489,145,148,-3,3
5490,161,158,3,3
5491,86,97,-11,11
5492,123,125,-2,2
5493,91,93,-2,2
5494,147,139,8,8
5495,92,92,0,0
5496,79,87,-8,8
5497,144,134,10,10
5498,72,77,-5,5
5499,91,107,-16,16
5500,162,163,-1,1
5501,76,90,-14,14
5502,82,91,-9,9
5503,63,77,-14,14
5504,71,79,-8,8
5505,74,81,-7,7
5506,152,144,8,8
5507,102,107,-5,5
5508,70,73,-3,3
5509,46,59,-13,13
5510,85,104,-19,19
5511,81,89,-8,8
5512,85,91,-6,6
5513,108,101,7,7
5514,124,122,2,2
5515,81,90,-9,9
5516,97,126,-29,29
5517,137,142,-5,5
5518,125,123,2,2
5519,90,101,-11,11
5520,83,86,-3,3
5521,89,93,-4,4
5522,124,117,7,7
5523,101,95,6,6
5524,103,109,-6,6
5525,61,68,-7,7
5526,85,83,2,2
5527,102,106,-4,4
5528,83,101,-18,18
5529,91,101,-10,10
5530,131,108,23,23
5531,150,139,11,11
5532,107,113,-6,6
5533,115,121,-6,6
5534,126,129,-3,3
5535,129,127,2,2
5536,95,96,-1,1
5537,143,131,12,12
5538,115,120,-5,5
5539,85,87,-2,2
5540,164,156,8,8
5541,95,97,-2,2
5542,137,151,-14,14
5543,121,118,3,3
5544,83,89,-6,6
5545,115,126,-11,11
5546,154,156,-2,2
5547,115,114,1,1
5548,88,87,1,1
5549,116,124,-8,8
5550,119,105,14,14
5551,30,43,-13,13
5552,100,97,3,3
5553,132,141,-9,9
5554,186,175,11,11
5555,82,91,-9,9
5556,176,147,29,29
5557,107,105,2,2
5558,89,89,0,0
5559,94,101,-7,7
5560,51,55,-4,4
5561,138,143,-5,5
5562,78,84,-6,6
5563,59,68,-9,9
5564,58,64,-6,6
5565,67,73,-6,6
5566,79,79,0,0
5567,54,63,-9,9
5568,62,71,-9,9
5569,83,88,-5,5
5570,75,87,-12,12
5571,115,117,-2,2
5572,114,119,-5,5
5573,126,117,9,9
5574,88,105,-17,17
5575,69,70,-1,1
5576,38,60,-22,22
5577,71,76,-5,5
5578,66,71,-5,5
5579,62,70,-8,8
5580,75,76,-1,1
5581,59,66,-7,7
5582,97,109,-12,12
5583,81,97,-16,16
5584,69,86,-17,17
5585,81,83,-2,2
5586,101,109,-8,8
5587,97,97,0,0
5588,60,79,-19,19
5589,119,116,3,3
5590,113,140,-27,27
5591,130,121,9,9
5592,61,75,-14,14
5593,166,159,7,7
5594,51,62,-11,11
5595,140,140,0,0
5596,109,118,-9,9
5597,115,120,-5,5
5598,112,112,0,0
5599,89,92,-3,3
5600,65,74,-9,9
5601,97,104,-7,7
5602,81,93,-12,12
5603,59,67,-8,8
5604,52,60,-8,8
5605,74,93,-19,19
5606,76,85,-9,9
5607,111,88,23,23
5608,112,117,-5,5
5609,66,76,-10,10
5610,96,97,-1,1
5611,61,72,-11,11
5612,162,155,7,7
5613,120,115,5,5
5614,68,88,-20,20
5615,61,80,-19,19
5616,110,113,-3,3
5617,114,121,-7,7
5618,41,52,-11,11
5619,63,66,-3,3
5620,77,78,-1,1
5621,92,90,2,2
5622,80,82,-2,2
5623,40,53,-13,13
5624,56,64,-8,8
5625,72,78,-6,6
5626,123,115,8,8
5627,77,82,-5,5
5628,107,110,-3,3
5629,112,114,-2,2
5630,72,81,-9,9
5631,99,109,-10,10
5632,118,118,0,0
5633,77,82,-5,5
5634,139,139,0,0
5635,84,87,-3,3
5636,62,72,-10,10
5637,100,105,-5,5
5638,80,84,-4,4
5639,91,100,-9,9
5640,113,112,1,1
5641,45,52,-7,7
5642,71,69,2,2
5643,122,111,11,11
5644,53,63,-10,10
5645,78,94,-16,16
5646,65,71,-6,6
5647,40,59,-19,19
5648,136,133,3,3
5649,120,117,3,3
5650,104,116,-12,12
5651,85,89,-4,4
5652,89,93,-4,4
5653,84,95,-11,11
5654,80,96,-16,16
5655,119,129,-10,10
5656,105,104,1,1
5657,61,82,-21,21
5658,53,70,-17,17
5659,69,81,-12,12
5660,83,87,-4,4
5661,122,112,10,10
5662,88,91,-3,3
5663,88,88,0,0
5664,104,113,-9,9
5665,94,95,-1,1
5666,133,133,0,0
5667,53,84,-31,31
5668,73,84,-11,11
5669,92,98,-6,6
5670,92,97,-5,5
5671,91,97,-6,6
5672,82,91,-9,9
5673,87,95,-8,8
5674,135,133,2,2
5675,126,129,-3,3
5676,94,96,-2,2
5677,55,63,-8,8
5678,104,101,3,3
5679,127,132,-5,5
5680,135,139,-4,4
5681,145,137,8,8
5682,99,102,-3,3
5683,96,106,-10,10
5684,103,97,6,6
5685,32,46,-14,14
5686,74,81,-7,7
5687,109,101,8,8
5688,59,69,-10,10
5689,101,103,-2,2
5690,69,75,-6,6
5691,71,90,-19,19
5692,101,99,2,2
5693,129,134,-5,5
5694,114,116,-2,2
5695,73,85,-12,12
5696,179,160,19,19
5697,81,87,-6,6
5698,127,123,4,4
5699,129,129,0,0
5700,57,62,-5,5
5701,50,63,-13,13
5702,80,75,5,5
5703,116,118,-2,2
5704,93,91,2,2
5705,164,143,21,21
5706,43,53,-10,10
5707,96,114,-18,18
5708,88,84,4,4
5709,66,69,-3,3
5710,97,105,-8,8
5711,86,93,-7,7
5712,83,99,-16,16
5713,87,91,-4,4
5714,61,72,-11,11
5715,81,90,-9,9
5716,164,157,7,7
5717,138,135,3,3
5718,115,122,-7,7
5719,86,94,-8,8
5720,118,142,-24,24
5721,67,74,-7,7
5722,87,97,-10,10
5723,74,73,1,1
5724,51,58,-7,7
5725,67,71,-4,4
5726,84,84,0,0
5727,94,101,-7,7
5728,69,74,-5,5
5729,115,122,-7,7
5730,48,56,-8,8
5731,77,81,-4,4
5732,81,84,-3,3
5733,110,119,-9,9
5734,74,93,-19,19
5735,54,68,-14,14
5736,84,94,-10,10
5737,70,81,-11,11
5738,64,76,-12,12
5739,80,90,-10,10
5740,78,79,-1,1
5741,83,98,-15,15
5742,81,86,-5,5
5743,34,46,-12,12
5744,149,163,-14,14
5745,50,60,-10,10
5746,57,64,-7,7
5747,75,80,-5,5
5748,139,131,8,8
5749,48,56,-8,8
5750,61,71,-10,10
5751,96,96,0,0
5752,64,66,-2,2
5753,90,98,-8,8
5754,81,87,-6,6
5755,119,130,-11,11
5756,129,126,3,3
5757,111,121,-10,10
5758,79,87,-8,8
5759,107,107,0,0
5760,77,90,-13,13
5761,67,72,-5,5
5762,103,98,5,5
5763,60,68,-8,8
5764,115,121,-6,6
5765,62,64,-2,2
5766,71,81,-10,10
5767,67,83,-16,16
5768,46,56,-10,10
5769,52,59,-7,7
5770,55,62,-7,7
5771,95,94,1,1
5772,119,112,7,7
5773,156,164,-8,8
5774,89,87,2,2
5775,130,119,11,11
5776,149,142,7,7
5777,53,75,-22,22
5778,103,104,-1,1
5779,181,162,19,19
5780,88,91,-3,3
5781,91,94,-3,3
5782,79,79,0,0
5783,64,84,-20,20
5784,85,98,-13,13
5785,45,55,-10,10
5786,72,77,-5,5
5787,118,115,3,3
5788,54,62,-8,8
5789,98,106,-8,8
5790,79,90,-11,11
5791,63,68,-5,5
5792,27,46,-19,19
5793,142,139,3,3
5794,67,76,-9,9
5795,146,143,3,3
5796,80,92,-12,12
5797,68,87,-19,19
5798,92,102,-10,10
5799,48,58,-10,10
5800,117,106,11,11
5801,98,102,-4,4
5802,73,82,-9,9
5803,84,90,-6,6
5804,95,96,-1,1
5805,120,123,-3,3
5806,151,160,-9,9
5807,50,56,-6,6
5808,93,98,-5,5
5809,150,148,2,2
5810,65,86,-21,21
5811,76,86,-10,10
5812,69,76,-7,7
5813,91,93,-2,2
5814,81,91,-10,10
5815,92,93,-1,1
5816,127,147,-20,20
5817,100,102,-2,2
5818,98,102,-4,4
5819,109,111,-2,2
5820,69,79,-10,10
5821,94,105,-11,11
5822,156,144,12,12
5823,82,98,-16,16
5824,62,81,-19,19
5825,56,63,-7,7
5826,44,55,-11,11
5827,134,111,23,23
5828,75,82,-7,7
5829,88,96,-8,8
5830,63,77,-14,14
5831,106,113,-7,7
5832,121,114,7,7
5833,94,105,-11,11
5834,89,102,-13,13
5835,45,58,-13,13
5836,76,86,-10,10
5837,85,92,-7,7
5838,129,137,-8,8
5839,113,115,-2,2
5840,127,126,1,1
5841,129,152,-23,23
5842,92,96,-4,4
5843,60,64,-4,4
5844,91,85,6,6
5845,90,92,-2,2
5846,143,142,1,1
5847,79,84,-5,5
5848,118,164,-46,46
5849,65,73,-8,8
5850,88,84,4,4
5851,102,108,-6,6
5852,67,73,-6,6
5853,104,104,0,0
5854,164,161,3,3
5855,145,144,1,1
5856,51,56,-5,5
5857,35,45,-10,10
5858,125,123,2,2
5859,78,86,-8,8
5860,110,112,-2,2
5861,133,135,-2,2
5862,92,99,-7,7
5863,89,100,-11,11
5864,66,73,-7,7
5865,96,105,-9,9
5866,74,78,-4,4
5867,21,37,-16,16
5868,52,60,-8,8
5869,49,57,-8,8
5870,133,142,-9,9
5871,56,66,-10,10
5872,48,58,-10,10
5873,53,58,-5,5
5874,86,96,-10,10
5875,81,99,-18,18
5876,139,142,-3,3
5877,111,129,-18,18
5878,118,126,-8,8
5879,61,70,-9,9
5880,88,102,-14,14
5881,58,69,-11,11
5882,91,92,-1,1
5883,110,113,-3,3
5884,118,103,15,15
5885,109,104,5,5
5886,52,61,-9,9
5887,69,79,-10,10
5888,144,133,11,11
5889,87,90,-3,3
5890,153,135,18,18
5891,49,61,-12,12
5892,106,118,-12,12
5893,85,90,-5,5
5894,95,97,-2,2
5895,99,103,-4,4
5896,154,153,1,1
5897,64,82,-18,18
5898,74,76,-2,2
5899,94,93,1,1
5900,83,77,6,6
5901,66,72,-6,6
5902,48,62,-14,14
5903,87,106,-19,19
5904,28,59,-31,31
5905,63,68,-5,5
5906,117,117,0,0
5907,169,166,3,3
5908,54,59,-5,5
5909,118,120,-2,2
5910,77,79,-2,2
5911,87,98,-11,11
5912,259,232,27,27
5913,116,126,-10,10
5914,141,139,2,2
5915,63,76,-13,13
5916,194,179,15,15
5917,58,78,-20,20
5918,117,116,1,1
5919,101,103,-2,2
5920,128,128,0,0
5921,99,93,6,6
5922,122,114,8,8
5923,146,142,4,4
5924,117,108,9,9
5925,85,96,-11,11
5926,156,154,2,2
5927,85,89,-4,4
5928,149,157,-8,8
5929,62,74,-12,12
5930,133,135,-2,2
5931,76,82,-6,6
5932,67,74,-7,7
5933,125,149,-24,24
5934,73,77,-4,4
5935,106,96,10,10
5936,98,101,-3,3
5937,113,116,-3,3
5938,151,151,0,0
5939,91,93,-2,2
5940,115,127,-12,12
5941,99,105,-6,6
5942,51,63,-12,12
5943,102,118,-16,16
5944,123,115,8,8
5945,71,75,-4,4
5946,116,120,-4,4
5947,118,118,0,0
5948,151,160,-9,9
5949,93,88,5,5
5950,77,87,-10,10
5951,52,56,-4,4
5952,88,92,-4,4
5953,56,60,-4,4
5954,152,163,-11,11
5955,129,134,-5,5
5956,75,84,-9,9
5957,98,99,-1,1
5958,149,152,-3,3
5959,73,77,-4,4
5960,96,115,-19,19
5961,145,143,2,2
5962,88,88,0,0
5963,159,149,10,10
5964,178,165,13,13
5965,81,94,-13,13
5966,142,133,9,9
5967,97,99,-2,2
5968,145,145,0,0
5969,91,94,-3,3
5970,85,75,10,10
5971,87,82,5,5
5972,90,83,7,7
5973,68,76,-8,8
5974,94,95,-1,1
5975,101,99,2,2
5976,92,88,4,4
5977,71,82,-11,11
5978,113,114,-1,1
5979,102,106,-4,4
5980,114,123,-9,9
5981,97,99,-2,2
5982,47,62,-15,15
5983,60,72,-12,12
5984,135,133,2,2
5985,58,64,-6,6
5986,206,183,23,23
5987,68,77,-9,9
5988,42,56,-14,14
5989,73,71,2,2
5990,83,83,0,0
5991,72,73,-1,1
5992,111,88,23,23
5993,58,58,0,0
5994,130,143,-13,13
5995,111,114,-3,3
5996,140,151,-11,11
5997,95,102,-7,7
5998,96,99,-3,3
5999,91,94,-3,3
6000,79,86,-7,7
6001,74,80,-6,6
6002,169,153,16,16
6003,117,121,-4,4
6004,78,68,10,10
6005,115,122,-7,7
6006,44,51,-7,7
6007,103,116,-13,13
6008,78,109,-31,31
6009,49,61,-12,12
6010,126,133,-7,7
6011,93,90,3,3
6012,140,142,-2,2
6013,85,92,-7,7
6014,116,128,-12,12
6015,83,82,1,1
6016,96,111,-15,15
6017,143,138,5,5
6018,74,85,-11,11
6019,92,99,-7,7
6020,63,62,1,1
6021,49,67,-18,18
6022,144,145,-1,1
6023,54,61,-7,7
6024,116,164,-48,48
6025,66,84,-18,18
6026,56,68,-12,12
6027,56,101,-45,45
6028,107,113,-6,6
6029,140,135,5,5
6030,92,107,-15,15
6031,76,89,-13,13
6032,90,101,-11,11
6033,138,145,-7,7
6034,71,71,0,0
6035,89,109,-20,20
6036,66,67,-1,1
6037,60,68,-8,8
6038,116,129,-13,13
6039,179,178,1,1
6040,90,87,3,3
6041,116,123,-7,7
6042,89,95,-6,6
6043,95,97,-2,2
6044,85,86,-1,1
6045,53,63,-10,10
6046,166,163,3,3
6047,43,54,-11,11
6048,119,129,-10,10
6049,105,121,-16,16
6050,121,117,4,4
6051,73,79,-6,6
6052,67,73,-6,6
6053,119,126,-7,7
6054,106,110,-4,4
6055,72,74,-2,2
6056,75,78,-3,3
6057,70,83,-13,13
6058,143,130,13,13
6059,83,87,-4,4
6060,83,86,-3,3
6061,46,67,-21,21
6062,47,53,-6,6
6063,119,118,1,1
6064,108,102,6,6
6065,43,64,-21,21
6066,64,68,-4,4
6067,83,93,-10,10
6068,141,136,5,5
6069,107,110,-3,3
6070,35,61,-26,26
6071,119,120,-1,1
6072,88,85,3,3
6073,77,89,-12,12
6074,75,78,-3,3
6075,140,140,0,0
6076,66,73,-7,7
6077,121,129,-8,8
6078,47,66,-19,19
6079,68,77,-9,9
6080,112,107,5,5
6081,178,164,14,14
6082,87,99,-12,12
6083,164,149,15,15
6084,79,88,-9,9
6085,71,77,-6,6
6086,111,132,-21,21
6087,78,89,-11,11
6088,160,166,-6,6
6089,98,104,-6,6
6090,115,159,-44,44
6091,95,112,-17,17
6092,65,70,-5,5
6093,159,161,-2,2
6094,85,92,-7,7
6095,69,71,-2,2
6096,116,122,-6,6
6097,55,65,-10,10
6098,96,104,-8,8
6099,94,92,2,2
6100,72,77,-5,5
6101,94,91,3,3
6102,124,137,-13,13
6103,62,68,-6,6
6104,79,76,3,3
6105,146,139,7,7
6106,42,56,-14,14
6107,85,88,-3,3
6108,100,93,7,7
6109,131,120,11,11
6110,72,84,-12,12
6111,49,56,-7,7
6112,116,112,4,4
6113,102,106,-4,4
6114,135,137,-2,2
6115,138,139,-1,1
6116,40,66,-26,26
6117,104,103,1,1
6118,99,102,-3,3
6119,50,55,-5,5
6120,108,109,-1,1
6121,106,110,-4,4
6122,93,94,-1,1
6123,155,160,-5,5
6124,127,123,4,4
6125,78,83,-5,5
6126,87,94,-7,7
6127,73,83,-10,10
6128,92,98,-6,6
6129,86,89,-3,3
6130,117,118,-1,1
6131,65,67,-2,2
6132,44,56,-12,12
6133,142,139,3,3
6134,83,97,-14,14
6135,104,104,0,0
6136,119,111,8,8
6137,112,114,-2,2
6138,96,91,5,5
6139,58,69,-11,11
6140,44,59,-15,15
6141,107,115,-8,8
6142,115,120,-5,5
6143,87,97,-10,10
6144,102,106,-4,4
6145,89,92,-3,3
6146,119,120,-1,1
6147,101,97,4,4
6148,55,65,-10,10
6149,92,91,1,1
6150,108,104,4,4
6151,57,65,-8,8
6152,119,116,3,3
6153,133,134,-1,1
6154,80,90,-10,10
6155,66,76,-10,10
6156,114,112,2,2
6157,111,117,-6,6
6158,140,138,2,2
6159,108,92,16,16
6160,89,100,-11,11
6161,88,83,5,5
6162,76,87,-11,11
6163,80,84,-4,4
6164,98,97,1,1
6165,73,89,-16,16
6166,136,133,3,3
6167,50,57,-7,7
6168,88,103,-15,15
6169,69,77,-8,8
6170,151,146,5,5
6171,66,69,-3,3
6172,73,77,-4,4
6173,65,68,-3,3
6174,72,80,-8,8
6175,52,62,-10,10
6176,108,98,10,10
6177,86,89,-3,3
6178,34,53,-19,19
6179,183,181,2,2
6180,54,58,-4,4
6181,122,129,-7,7
6182,64,72,-8,8
6183,75,85,-10,10
6184,105,99,6,6
6185,65,75,-10,10
6186,84,98,-14,14
6187,101,104,-3,3
6188,117,113,4,4
6189,148,148,0,0
6190,66,74,-8,8
6191,106,115,-9,9
6192,147,131,16,16
6193,108,114,-6,6
6194,133,109,24,24
6195,42,55,-13,13
6196,67,70,-3,3
6197,117,113,4,4
6198,127,135,-8,8
6199,84,89,-5,5
6200,72,77,-5,5
6201,77,81,-4,4
6202,83,83,0,0
6203,77,96,-19,19
6204,133,134,-1,1
6205,61,77,-16,16
6206,75,87,-12,12
6207,81,84,-3,3
6208,95,96,-1,1
6209,115,115,0,0
6210,106,101,5,5
6211,85,79,6,6
6212,89,96,-7,7
6213,103,105,-2,2
6214,78,81,-3,3
6215,83,86,-3,3
6216,128,118,10,10
6217,64,77,-13,13
6218,87,89,-2,2
6219,108,102,6,6
6220,108,111,-3,3
6221,77,80,-3,3
6222,65,80,-15,15
6223,56,65,-9,9
6224,69,69,0,0
6225,83,91,-8,8
6226,93,101,-8,8
6227,85,88,-3,3
6228,177,176,1,1
6229,52,60,-8,8
6230,35,49,-14,14
6231,128,117,11,11
6232,98,99,-1,1
6233,83,87,-4,4
6234,67,72,-5,5
6235,102,108,-6,6
6236,115,118,-3,3
6237,103,101,2,2
6238,99,105,-6,6
6239,100,102,-2,2
6240,148,135,13,13
6241,67,73,-6,6
6242,131,134,-3,3
6243,76,82,-6,6
6244,91,97,-6,6
6245,110,100,10,10
6246,133,135,-2,2
6247,77,95,-18,18
6248,151,150,1,1
6249,130,139,-9,9
6250,80,93,-13,13
6251,86,94,-8,8
6252,117,130,-13,13
6253,72,77,-5,5
6254,104,107,-3,3
6255,108,105,3,3
6256,103,106,-3,3
6257,57,70,-13,13
6258,30,51,-21,21
6259,70,78,-8,8
6260,93,111,-18,18
6261,75,76,-1,1
6262,46,58,-12,12
6263,169,139,30,30
6264,88,93,-5,5
6265,71,84,-13,13
6266,97,107,-10,10
6267,133,125,8,8
6268,77,83,-6,6
6269,93,102,-9,9
6270,52,72,-20,20
6271,124,135,-11,11
6272,60,95,-35,35
6273,53,66,-13,13
6274,98,101,-3,3
6275,105,97,8,8
6276,92,92,0,0
6277,106,104,2,2
6278,55,64,-9,9
6279,94,102,-8,8
6280,94,88,6,6
6281,67,77,-10,10
6282,109,106,3,3
6283,61,72,-11,11
6284,49,61,-12,12
6285,99,99,0,0
6286,109,105,4,4
6287,73,76,-3,3
6288,107,108,-1,1
6289,82,87,-5,5
6290,122,122,0,0
6291,50,60,-10,10
6292,102,100,2,2
6293,99,101,-2,2
6294,40,53,-13,13
6295,61,72,-11,11
6296,94,102,-8,8
6297,55,64,-9,9
6298,66,70,-4,4
6299,58,71,-13,13
6300,139,152,-13,13
6301,104,96,8,8
6302,74,76,-2,2
6303,77,81,-4,4
6304,77,77,0,0
6305,91,98,-7,7
6306,74,78,-4,4
6307,63,68,-5,5
6308,56,62,-6,6
6309,103,115,-12,12
6310,83,92,-9,9
6311,69,85,-16,16
6312,165,154,11,11
6313,109,115,-6,6
6314,93,88,5,5
6315,123,126,-3,3
6316,142,141,1,1
6317,71,71,0,0
6318,102,106,-4,4
6319,81,88,-7,7
6320,178,157,21,21
6321,75,77,-2,2
6322,68,77,-9,9
6323,135,132,3,3
6324,103,109,-6,6
6325,108,115,-7,7
6326,62,86,-24,24
6327,95,106,-11,11
6328,114,112,2,2
6329,120,122,-2,2
6330,124,131,-7,7
6331,90,95,-5,5
6332,29,47,-18,18
6333,69,78,-9,9
6334,61,77,-16,16
6335,85,85,0,0
6336,83,96,-13,13
6337,122,115,7,7
6338,148,141,7,7
6339,108,103,5,5
6340,96,105,-9,9
6341,75,80,-5,5
6342,101,118,-17,17
6343,81,85,-4,4
6344,98,106,-8,8
6345,95,98,-3,3
6346,100,101,-1,1
6347,96,103,-7,7
6348,161,172,-11,11
6349,84,91,-7,7
6350,55,61,-6,6
6351,59,73,-14,14
6352,124,126,-2,2
6353,137,133,4,4
6354,118,117,1,1
6355,144,128,16,16
6356,182,172,10,10
6357,126,125,1,1
6358,127,119,8,8
6359,111,111,0,0
6360,92,97,-5,5
6361,106,110,-4,4
6362,74,85,-11,11
6363,68,91,-23,23
6364,108,119,-11,11
6365,95,95,0,0
6366,103,109,-6,6
6367,81,89,-8,8
6368,86,95,-9,9
6369,170,158,12,12
6370,50,58,-8,8
6371,51,61,-10,10
6372,94,93,1,1
6373,146,157,-11,11
6374,74,80,-6,6
6375,100,94,6,6
6376,128,116,12,12
6377,74,72,2,2
6378,108,118,-10,10
6379,77,88,-11,11
6380,63,71,-8,8
6381,50,52,-2,2
6382,109,108,1,1
6383,52,63,-11,11
6384,68,87,-19,19
6385,90,103,-13,13
6386,80,93,-13,13
6387,55,70,-15,15
6388,103,99,4,4
6389,84,94,-10,10
6390,90,88,2,2
6391,66,82,-16,16
6392,167,161,6,6
6393,82,91,-9,9
6394,73,77,-4,4
6395,86,99,-13,13
6396,71,81,-10,10
6397,80,89,-9,9
6398,92,102,-10,10
6399,117,113,4,4
6400,51,76,-25,25
6401,94,102,-8,8
6402,84,87,-3,3
6403,135,141,-6,6
6404,66,81,-15,15
6405,151,149,2,2
6406,92,99,-7,7
6407,102,101,1,1
6408,116,110,6,6
6409,50,64,-14,14
6410,88,96,-8,8
6411,119,119,0,0
6412,107,110,-3,3
6413,93,107,-14,14
6414,142,136,6,6
6415,52,60,-8,8
6416,115,123,-8,8
6417,52,61,-9,9
6418,56,63,-7,7
6419,152,137,15,15
6420,83,82,1,1
6421,62,70,-8,8
6422,64,82,-18,18
6423,119,115,4,4
6424,157,145,12,12
6425,51,67,-16,16
6426,118,122,-4,4
6427,58,73,-15,15
6428,94,95,-1,1
6429,45,58,-13,13
6430,120,114,6,6
6431,88,93,-5,5
6432,84,96,-12,12
6433,131,132,-1,1
6434,98,99,-1,1
6435,50,60,-10,10
6436,88,90,-2,2
6437,101,121,-20,20
6438,78,83,-5,5
6439,40,68,-28,28
6440,103,115,-12,12
6441,96,94,2,2
6442,83,88,-5,5
6443,93,95,-2,2
6444,82,79,3,3
6445,103,103,0,0
6446,41,71,-30,30
6447,39,56,-17,17
6448,60,64,-4,4
6449,137,133,4,4
6450,46,56,-10,10
6451,51,59,-8,8
6452,82,92,-10,10
6453,131,123,8,8
6454,66,81,-15,15
6455,76,80,-4,4
6456,204,187,17,17
6457,106,114,-8,8
6458,72,76,-4,4
6459,145,147,-2,2
6460,80,84,-4,4
6461,89,98,-9,9
6462,148,151,-3,3
6463,141,127,14,14
6464,59,70,-11,11
6465,51,55,-4,4
6466,88,89,-1,1
6467,77,83,-6,6
6468,103,104,-1,1
6469,94,90,4,4
6470,92,89,3,3
6471,82,84,-2,2
6472,89,99,-10,10
6473,72,78,-6,6
6474,135,133,2,2
6475,135,131,4,4
6476,85,89,-4,4
6477,63,73,-10,10
6478,173,169,4,4
6479,108,114,-6,6
6480,141,124,17,17
6481,85,97,-12,12
6482,144,143,1,1
6483,66,72,-6,6
6484,86,95,-9,9
6485,84,79,5,5
6486,107,108,-1,1
6487,60,69,-9,9
6488,62,76,-14,14
6489,174,174,0,0
6490,68,69,-1,1
6491,74,87,-13,13
6492,67,73,-6,6
6493,72,71,1,1
6494,117,116,1,1
6495,93,122,-29,29
6496,69,83,-14,14
6497,75,79,-4,4
6498,84,88,-4,4
6499,101,108,-7,7
6500,78,84,-6,6
6501,202,198,4,4
6502,97,115,-18,18
6503,79,83,-4,4
6504,97,105,-8,8
6505,60,74,-14,14
6506,58,66,-8,8
6507,113,122,-9,9
6508,63,72,-9,9
6509,79,85,-6,6
6510,94,98,-4,4
6511,129,132,-3,3
6512,142,143,-1,1
6513,96,101,-5,5
6514,83,81,2,2
6515,137,131,6,6
6516,99,97,2,2
6517,92,98,-6,6
6518,92,105,-13,13
6519,69,74,-5,5
6520,126,143,-17,17
6521,148,161,-13,13
6522,90,93,-3,3
6523,94,94,0,0
6524,111,111,0,0
6525,86,96,-10,10
6526,49,65,-16,16
6527,124,123,1,1
6528,107,112,-5,5
6529,129,129,0,0
6530,58,60,-2,2
6531,70,77,-7,7
6532,70,81,-11,11
6533,91,90,1,1
6534,86,81,5,5
6535,102,106,-4,4
6536,83,92,-9,9
6537,119,123,-4,4
6538,76,92,-16,16
6539,49,57,-8,8
6540,94,88,6,6
6541,124,107,17,17
6542,65,70,-5,5
6543,96,110,-14,14
6544,170,169,1,1
6545,68,80,-12,12
6546,28,38,-10,10
6547,135,140,-5,5
6548,151,139,12,12
6549,80,89,-9,9
6550,79,98,-19,19
6551,68,87,-19,19
6552,118,111,7,7
6553,73,79,-6,6
6554,104,118,-14,14
6555,147,130,17,17
6556,91,99,-8,8
6557,147,137,10,10
6558,55,69,-14,14
6559,66,75,-9,9
6560,121,117,4,4
6561,70,76,-6,6
6562,107,110,-3,3
6563,153,153,0,0
6564,124,133,-9,9
6565,59,75,-16,16
6566,90,95,-5,5
6567,57,72,-15,15
6568,129,121,8,8
6569,98,107,-9,9
6570,152,143,9,9
6571,55,68,-13,13
6572,93,77,16,16
6573,61,67,-6,6
6574,135,131,4,4
6575,72,73,-1,1
6576,105,114,-9,9
6577,65,99,-34,34
6578,91,96,-5,5
6579,117,117,0,0
6580,85,95,-10,10
6581,125,120,5,5
6582,57,69,-12,12
6583,151,140,11,11
6584,68,77,-9,9
6585,104,119,-15,15
6586,53,65,-12,12
6587,88,93,-5,5
6588,91,94,-3,3
6589,184,157,27,27
6590,99,102,-3,3
6591,189,172,17,17
6592,186,175,11,11
6593,125,118,7,7
6594,62,79,-17,17
6595,103,109,-6,6
6596,183,182,1,1
6597,62,63,-1,1
6598,66,74,-8,8
6599,73,75,-2,2
6600,114,115,-1,1
6601,123,127,-4,4
6602,108,98,10,10
6603,115,111,4,4
6604,124,121,3,3
6605,66,84,-18,18
6606,104,93,11,11
6607,75,81,-6,6
6608,108,117,-9,9
6609,81,89,-8,8
6610,82,77,5,5
6611,80,78,2,2
6612,30,48,-18,18
6613,90,94,-4,4
6614,62,68,-6,6
6615,86,88,-2,2
6616,56,64,-8,8
6617,95,106,-11,11
6618,100,108,-8,8
6619,102,104,-2,2
6620,102,108,-6,6
6621,59,63,-4,4
6622,152,139,13,13
6623,163,164,-1,1
6624,143,140,3,3
6625,162,157,5,5
6626,84,94,-10,10
6627,78,86,-8,8
6628,92,104,-12,12
6629,79,89,-10,10
6630,78,79,-1,1
6631,120,109,11,11
6632,99,97,2,2
6633,103,95,8,8
6634,76,89,-13,13
6635,80,85,-5,5
6636,66,74,-8,8
6637,128,130,-2,2
6638,85,80,5,5
6639,100,108,-8,8
6640,46,62,-16,16
6641,125,126,-1,1
6642,111,121,-10,10
6643,119,122,-3,3
6644,59,72,-13,13
6645,55,61,-6,6
6646,158,155,3,3
6647,106,115,-9,9
6648,136,140,-4,4
6649,108,103,5,5
6650,124,122,2,2
6651,106,108,-2,2
6652,92,87,5,5
6653,118,128,-10,10
6654,108,106,2,2
6655,114,113,1,1
6656,51,65,-14,14
6657,85,87,-2,2
6658,61,94,-33,33
6659,74,82,-8,8
6660,67,71,-4,4
6661,108,112,-4,4
6662,132,132,0,0
6663,78,79,-1,1
6664,102,116,-14,14
6665,175,148,27,27
6666,140,141,-1,1
6667,93,95,-2,2
6668,75,90,-15,15
6669,98,101,-3,3
6670,98,97,1,1
6671,119,112,7,7
6672,121,150,-29,29
6673,94,100,-6,6
6674,117,104,13,13
6675,108,113,-5,5
6676,87,110,-23,23
6677,100,99,1,1
6678,88,90,-2,2
6679,86,78,8,8
6680,65,76,-11,11
6681,81,84,-3,3
6682,89,93,-4,4
6683,114,112,2,2
6684,108,112,-4,4
6685,95,91,4,4
6686,100,101,-1,1
6687,98,105,-7,7
6688,88,89,-1,1
6689,95,102,-7,7
6690,92,98,-6,6
6691,161,157,4,4
6692,57,60,-3,3
6693,89,94,-5,5
6694,67,61,6,6
6695,101,106,-5,5
6696,102,112,-10,10
6697,84,88,-4,4
6698,64,70,-6,6
6699,127,131,-4,4
6700,97,103,-6,6
6701,101,108,-7,7
6702,65,77,-12,12
6703,89,88,1,1
6704,70,75,-5,5
6705,67,76,-9,9
6706,169,163,6,6
6707,59,73,-14,14
6708,163,153,10,10
6709,38,52,-14,14
6710,117,116,1,1
6711,53,62,-9,9
6712,52,64,-12,12
6713,120,125,-5,5
6714,80,75,5,5
6715,52,67,-15,15
6716,127,148,-21,21
6717,87,97,-10,10
6718,54,79,-25,25
6719,66,68,-2,2
6720,98,100,-2,2
6721,112,119,-7,7
6722,56,66,-10,10
6723,114,117,-3,3
6724,90,94,-4,4
6725,87,94,-7,7
6726,58,66,-8,8
6727,118,118,0,0
6728,96,102,-6,6
6729,102,113,-11,11
6730,84,98,-14,14
6731,111,110,1,1
6732,62,75,-13,13
6733,73,74,-1,1
6734,69,75,-6,6
6735,133,129,4,4
6736,87,89,-2,2
6737,64,70,-6,6
6738,85,95,-10,10
6739,103,102,1,1
6740,86,89,-3,3
6741,68,73,-5,5
6742,145,147,-2,2
6743,74,74,0,0
6744,91,101,-10,10
6745,102,100,2,2
6746,128,128,0,0
6747,104,112,-8,8
6748,110,124,-14,14
6749,56,61,-5,5
6750,83,90,-7,7
6751,109,119,-10,10
6752,77,80,-3,3
6753,164,148,16,16
6754,137,138,-1,1
6755,134,125,9,9
6756,172,165,7,7
6757,116,115,1,1
6758,80,83,-3,3
6759,50,63,-13,13
6760,168,160,8,8
6761,68,80,-12,12
6762,88,98,-10,10
6763,48,59,-11,11
6764,60,65,-5,5
6765,135,137,-2,2
6766,75,74,1,1
6767,187,180,7,7
6768,78,78,0,0
6769,117,105,12,12
6770,109,116,-7,7
6771,79,79,0,0
6772,80,89,-9,9
6773,72,79,-7,7
6774,105,112,-7,7
6775,130,140,-10,10
6776,108,121,-13,13
6777,39,55,-16,16
6778,94,103,-9,9
6779,76,89,-13,13
6780,84,92,-8,8
6781,110,127,-17,17
6782,79,83,-4,4
6783,129,114,15,15
6784,66,74,-8,8
6785,73,80,-7,7
6786,90,86,4,4
6787,69,76,-7,7
6788,76,72,4,4
6789,96,118,-22,22
6790,113,117,-4,4
6791,118,125,-7,7
6792,78,81,-3,3
6793,92,92,0,0
6794,96,95,1,1
6795,111,124,-13,13
6796,143,152,-9,9
6797,101,104,-3,3
6798,99,107,-8,8
6799,110,124,-14,14
6800,105,114,-9,9
6801,79,84,-5,5
6802,80,94,-14,14
6803,54,60,-6,6
6804,86,86,0,0
6805,66,84,-18,18
6806,96,97,-1,1
6807,151,150,1,1
6808,78,107,-29,29
6809,82,96,-14,14
6810,93,97,-4,4
6811,57,73,-16,16
6812,129,125,4,4
6813,89,97,-8,8
6814,83,87,-4,4
6815,72,86,-14,14
6816,85,90,-5,5
6817,58,66,-8,8
6818,69,76,-7,7
6819,69,90,-21,21
6820,55,62,-7,7
6821,114,107,7,7
6822,145,131,14,14
6823,81,92,-11,11
6824,41,59,-18,18
6825,88,109,-21,21
6826,108,114,-6,6
6827,104,106,-2,2
6828,74,73,1,1
6829,111,113,-2,2
6830,74,77,-3,3
6831,82,85,-3,3
6832,129,129,0,0
6833,75,87,-12,12
6834,137,134,3,3
6835,135,136,-1,1
6836,93,87,6,6
6837,73,92,-19,19
6838,125,128,-3,3
6839,110,124,-14,14
6840,147,159,-12,12
6841,86,99,-13,13
6842,96,95,1,1
6843,104,105,-1,1
6844,110,115,-5,5
6845,80,83,-3,3
6846,66,79,-13,13
6847,168,162,6,6
6848,123,139,-16,16
6849,138,142,-4,4
6850,66,72,-6,6
6851,66,68,-2,2
6852,143,135,8,8
6853,88,83,5,5
6854,76,90,-14,14
6855,143,151,-8,8
6856,108,105,3,3
6857,74,79,-5,5
6858,76,80,-4,4
6859,59,70,-11,11
6860,87,87,0,0
6861,113,111,2,2
6862,57,65,-8,8
6863,56,75,-19,19
6864,102,100,2,2
6865,74,80,-6,6
6866,89,97,-8,8
6867,75,86,-11,11
6868,128,132,-4,4
6869,106,118,-12,12
6870,92,93,-1,1
6871,138,142,-4,4
6872,75,78,-3,3
6873,103,105,-2,2
6874,120,112,8,8
6875,136,128,8,8
6876,72,80,-8,8
6877,128,138,-10,10
6878,128,129,-1,1
6879,150,146,4,4
6880,86,87,-1,1
6881,85,86,-1,1
6882,62,68,-6,6
6883,76,80,-4,4
6884,123,122,1,1
6885,64,72,-8,8
6886,116,120,-4,4
6887,62,72,-10,10
6888,81,87,-6,6
6889,118,116,2,2
6890,117,121,-4,4
6891,123,115,8,8
6892,144,130,14,14
6893,109,111,-2,2
6894,79,81,-2,2
6895,97,105,-8,8
6896,87,91,-4,4
6897,55,61,-6,6
6898,65,74,-9,9
6899,103,108,-5,5
6900,90,85,5,5
6901,87,89,-2,2
6902,43,53,-10,10
6903,92,94,-2,2
6904,147,151,-4,4
6905,106,106,0,0
6906,68,83,-15,15
6907,71,71,0,0
6908,97,103,-6,6
6909,93,102,-9,9
6910,69,90,-21,21
6911,92,103,-11,11
6912,77,90,-13,13
6913,132,128,4,4
6914,87,94,-7,7
6915,118,115,3,3
6916,58,64,-6,6
6917,43,53,-10,10
6918,80,95,-15,15
6919,118,113,5,5
6920,107,123,-16,16
6921,132,133,-1,1
6922,86,95,-9,9
6923,114,112,2,2
6924,85,88,-3,3
6925,66,77,-11,11
6926,65,72,-7,7
6927,84,94,-10,10
6928,122,123,-1,1
6929,74,84,-10,10
6930,154,160,-6,6
6931,93,97,-4,4
6932,40,80,-40,40
6933,88,86,2,2
6934,84,95,-11,11
6935,67,75,-8,8
6936,113,119,-6,6
6937,110,117,-7,7
6938,217,195,22,22
6939,99,110,-11,11
6940,107,115,-8,8
6941,120,123,-3,3
6942,116,111,5,5
6943,70,85,-15,15
6944,86,90,-4,4
6945,89,97,-8,8
6946,75,81,-6,6
6947,72,77,-5,5
6948,75,80,-5,5
6949,55,70,-15,15
6950,196,195,1,1
6951,114,111,3,3
6952,142,97,45,45
6953,76,85,-9,9
6954,71,72,-1,1
6955,80,92,-12,12
6956,81,84,-3,3
6957,106,102,4,4
6958,126,124,2,2
6959,114,119,-5,5
6960,90,95,-5,5
6961,134,131,3,3
6962,112,113,-1,1
6963,86,93,-7,7
6964,109,121,-12,12
6965,98,111,-13,13
6966,123,127,-4,4
6967,48,58,-10,10
6968,89,91,-2,2
6969,141,142,-1,1
6970,122,125,-3,3
6971,65,90,-25,25
6972,163,154,9,9
6973,106,109,-3,3
6974,145,149,-4,4
6975,65,69,-4,4
6976,111,100,11,11
6977,110,115,-5,5
6978,40,50,-10,10
6979,77,85,-8,8
6980,81,84,-3,3
6981,136,135,1,1
6982,124,132,-8,8
6983,107,115,-8,8
6984,83,87,-4,4
6985,137,133,4,4
6986,93,101,-8,8
6987,95,103,-8,8
6988,82,100,-18,18
6989,91,98,-7,7
6990,139,126,13,13
6991,49,58,-9,9
6992,36,47,-11,11
6993,76,74,2,2
6994,57,67,-10,10
6995,128,133,-5,5
6996,77,97,-20,20
6997,86,94,-8,8
6998,144,143,1,1
6999,72,84,-12,12
7000,48,57,-9,9
7001,86,88,-2,2
7002,96,97,-1,1
7003,67,73,-6,6
7004,65,71,-6,6
7005,132,121,11,11
7006,128,124,4,4
7007,115,114,1,1
7008,109,114,-5,5
7009,63,71,-8,8
7010,55,69,-14,14
7011,119,108,11,11
7012,70,73,-3,3
7013,125,118,7,7
7014,146,137,9,9
7015,84,90,-6,6
7016,120,127,-7,7
7017,83,96,-13,13
7018,68,72,-4,4
7019,106,104,2,2
7020,147,126,21,21
7021,81,84,-3,3
7022,87,97,-10,10
7023,86,88,-2,2
7024,67,80,-13,13
7025,100,100,0,0
7026,81,92,-11,11
7027,70,82,-12,12
7028,94,94,0,0
7029,123,115,8,8
7030,121,117,4,4
7031,71,80,-9,9
7032,73,77,-4,4
7033,79,86,-7,7
7034,98,109,-11,11
7035,147,122,25,25
7036,86,85,1,1
7037,83,80,3,3
7038,117,115,2,2
7039,93,104,-11,11
7040,44,56,-12,12
7041,68,78,-10,10
7042,74,81,-7,7
7043,76,99,-23,23
7044,96,95,1,1
7045,80,75,5,5
7046,73,88,-15,15
7047,93,93,0,0
7048,48,62,-14,14
7049,85,91,-6,6
7050,140,141,-1,1
7051,81,89,-8,8
7052,57,62,-5,5
7053,93,94,-1,1
7054,119,124,-5,5
7055,129,142,-13,13
7056,88,89,-1,1
7057,101,105,-4,4
7058,91,96,-5,5
7059,59,62,-3,3
7060,109,121,-12,12
7061,89,84,5,5
7062,101,96,5,5
7063,116,111,5,5
7064,86,95,-9,9
7065,113,115,-2,2
7066,101,100,1,1
7067,110,118,-8,8
7068,115,145,-30,30
7069,137,147,-10,10
7070,64,79,-15,15
7071,133,128,5,5
7072,80,92,-12,12
7073,61,64,-3,3
7074,116,124,-8,8
7075,154,148,6,6
7076,69,76,-7,7
7077,123,129,-6,6
7078,63,74,-11,11
7079,99,123,-24,24
7080,52,58,-6,6
7081,86,86,0,0
7082,79,83,-4,4
7083,97,112,-15,15
7084,68,77,-9,9
7085,79,90,-11,11
7086,82,81,1,1
7087,66,68,-2,2
7088,28,39,-11,11
7089,54,72,-18,18
7090,76,80,-4,4
7091,74,90,-16,16
7092,97,103,-6,6
7093,82,86,-4,4
7094,103,110,-7,7
7095,61,63,-2,2
7096,69,70,-1,1
7097,60,71,-11,11
7098,61,92,-31,31
7099,100,113,-13,13
7100,100,108,-8,8
7101,129,125,4,4
7102,184,168,16,16
7103,119,125,-6,6
7104,91,88,3,3
7105,99,108,-9,9
7106,100,101,-1,1
7107,58,73,-15,15
7108,70,76,-6,6
7109,76,91,-15,15
7110,77,83,-6,6
7111,70,72,-2,2
7112,116,116,0,0
7113,149,146,3,3
7114,124,128,-4,4
7115,139,121,18,18
7116,142,153,-11,11
7117,77,88,-11,11
7118,96,92,4,4
7119,215,188,27,27
7120,70,78,-8,8
7121,118,123,-5,5
7122,89,95,-6,6
7123,106,105,1,1
7124,117,121,-4,4
7125,60,72,-12,12
7126,67,77,-10,10
7127,149,152,-3,3
7128,364,414,-50,50
7129,110,109,1,1
7130,106,103,3,3
7131,161,164,-3,3
7132,119,133,-14,14
7133,113,146,-33,33
7134,100,107,-7,7
7135,51,65,-14,14
7136,121,123,-2,2
7137,108,114,-6,6
7138,107,109,-2,2
7139,62,68,-6,6
7140,84,92,-8,8
7141,93,85,8,8
7142,143,144,-1,1
7143,136,130,6,6
7144,53,69,-16,16
7145,97,108,-11,11
7146,139,146,-7,7
7147,126,130,-4,4
7148,46,61,-15,15
7149,172,174,-2,2
7150,101,103,-2,2
7151,89,96,-7,7
7152,118,116,2,2
7153,71,81,-10,10
7154,120,126,-6,6
7155,77,84,-7,7
7156,145,133,12,12
7157,45,48,-3,3
7158,80,81,-1,1
7159,58,70,-12,12
7160,117,115,2,2
7161,91,94,-3,3
7162,192,183,9,9
7163,68,72,-4,4
7164,71,70,1,1
7165,82,86,-4,4
7166,84,91,-7,7
7167,70,84,-14,14
7168,47,62,-15,15
7169,95,92,3,3
7170,59,69,-10,10
7171,154,145,9,9
7172,131,127,4,4
7173,98,106,-8,8
7174,38,51,-13,13
7175,86,97,-11,11
7176,55,66,-11,11
7177,40,50,-10,10
7178,119,121,-2,2
7179,247,217,30,30
7180,96,105,-9,9
7181,69,81,-12,12
7182,87,98,-11,11
7183,93,104,-11,11
7184,84,86,-2,2
7185,127,138,-11,11
7186,106,106,0,0
7187,62,68,-6,6
7188,84,92,-8,8
7189,48,63,-15,15
7190,116,125,-9,9
7191,83,83,0,0
7192,123,129,-6,6
7193,97,92,5,5
7194,119,113,6,6
7195,113,119,-6,6
7196,70,82,-12,12
7197,123,123,0,0
7198,86,86,0,0
7199,49,61,-12,12
7200,113,118,-5,5
7201,100,102,-2,2
7202,131,132,-1,1
7203,93,97,-4,4
7204,92,90,2,2
7205,73,80,-7,7
7206,61,69,-8,8
7207,72,75,-3,3
7208,91,94,-3,3
7209,86,93,-7,7
7210,82,82,0,0
7211,179,179,0,0
7212,121,113,8,8
7213,58,66,-8,8
7214,83,81,2,2
7215,100,86,14,14
7216,84,84,0,0
7217,76,78,-2,2
7218,83,79,4,4
7219,81,87,-6,6
7220,119,121,-2,2
7221,160,150,10,10
7222,97,104,-7,7
7223,143,159,-16,16
7224,49,56,-7,7
7225,188,170,18,18
7226,79,89,-10,10
7227,62,71,-9,9
7228,71,71,0,0
7229,114,124,-10,10
7230,167,170,-3,3
7231,100,96,4,4
7232,90,89,1,1
7233,106,113,-7,7
7234,129,134,-5,5
7235,81,84,-3,3
7236,52,64,-12,12
7237,86,87,-1,1
7238,92,112,-20,20
7239,59,69,-10,10
7240,98,111,-13,13
7241,94,94,0,0
7242,173,168,5,5
7243,82,98,-16,16
7244,121,122,-1,1
7245,84,83,1,1
7246,44,50,-6,6
7247,88,102,-14,14
7248,91,90,1,1
7249,97,98,-1,1
7250,46,54,-8,8
7251,114,114,0,0
7252,108,106,2,2
7253,66,74,-8,8
7254,71,77,-6,6
7255,76,83,-7,7
7256,159,156,3,3
7257,39,57,-18,18
7258,47,62,-15,15
7259,142,129,13,13
7260,124,133,-9,9
7261,109,113,-4,4
7262,110,113,-3,3
7263,59,62,-3,3
7264,107,100,7,7
7265,59,64,-5,5
7266,93,102,-9,9
7267,96,105,-9,9
7268,40,61,-21,21
7269,124,122,2,2
7270,90,80,10,10
7271,52,62,-10,10
7272,95,94,1,1
7273,81,90,-9,9
7274,171,162,9,9
7275,78,74,4,4
7276,97,94,3,3
7277,82,95,-13,13
7278,93,93,0,0
7279,106,114,-8,8
7280,129,120,9,9
7281,110,125,-15,15
7282,28,63,-35,35
7283,152,156,-4,4
7284,113,108,5,5
7285,62,69,-7,7
7286,51,61,-10,10
7287,167,170,-3,3
7288,60,62,-2,2
7289,176,168,8,8
7290,139,141,-2,2
7291,193,190,3,3
7292,78,88,-10,10
7293,76,77,-1,1
7294,80,84,-4,4
7295,86,108,-22,22
7296,102,98,4,4
7297,51,59,-8,8
7298,32,42,-10,10
7299,133,120,13,13
7300,160,148,12,12
7301,75,78,-3,3
7302,84,82,2,2
7303,85,90,-5,5
7304,89,97,-8,8
7305,69,72,-3,3
7306,113,115,-2,2
7307,69,74,-5,5
7308,76,86,-10,10
7309,56,83,-27,27
7310,86,81,5,5
7311,92,104,-12,12
7312,54,66,-12,12
7313,100,96,4,4
7314,37,53,-16,16
7315,140,142,-2,2
7316,57,78,-21,21
7317,83,91,-8,8
7318,75,72,3,3
7319,59,69,-10,10
7320,99,123,-24,24
7321,108,106,2,2
7322,93,102,-9,9
7323,78,89,-11,11
7324,166,167,-1,1
7325,81,88,-7,7
7326,80,86,-6,6
7327,166,145,21,21
7328,56,62,-6,6
7329,108,110,-2,2
7330,88,96,-8,8
7331,124,137,-13,13
7332,71,80,-9,9
7333,111,108,3,3
7334,77,95,-18,18
7335,84,87,-3,3
7336,85,91,-6,6
7337,103,98,5,5
7338,67,82,-15,15
7339,128,122,6,6
7340,54,57,-3,3
7341,98,100,-2,2
7342,115,134,-19,19
7343,80,87,-7,7
7344,66,69,-3,3
7345,84,86,-2,2
7346,179,172,7,7
7347,70,80,-10,10
7348,93,100,-7,7
7349,139,156,-17,17
7350,136,128,8,8
7351,173,171,2,2
7352,112,106,6,6
7353,76,90,-14,14
7354,112,118,-6,6
7355,118,130,-12,12
7356,109,106,3,3
7357,101,114,-13,13
7358,105,102,3,3
7359,67,73,-6,6
7360,131,127,4,4
7361,41,58,-17,17
7362,49,56,-7,7
7363,113,115,-2,2
7364,137,141,-4,4
7365,96,105,-9,9
7366,68,73,-5,5
7367,110,117,-7,7
7368,70,78,-8,8
7369,155,162,-7,7
7370,58,62,-4,4
7371,140,150,-10,10
7372,119,128,-9,9
7373,67,76,-9,9
7374,79,87,-8,8
7375,68,75,-7,7
7376,62,70,-8,8
7377,48,60,-12,12
7378,104,111,-7,7
7379,67,84,-17,17
7380,63,73,-10,10
7381,70,75,-5,5
7382,83,94,-11,11
7383,66,75,-9,9
7384,67,83,-16,16
7385,54,62,-8,8
7386,144,150,-6,6
7387,68,76,-8,8
7388,76,88,-12,12
7389,62,68,-6,6
7390,147,139,8,8
7391,80,108,-28,28
7392,53,64,-11,11
7393,73,75,-2,2
7394,74,80,-6,6
7395,63,75,-12,12
7396,111,114,-3,3
7397,199,178,21,21
7398,90,95,-5,5
7399,65,72,-7,7
7400,68,70,-2,2
7401,81,88,-7,7
7402,95,100,-5,5
7403,83,90,-7,7
7404,99,92,7,7
7405,64,74,-10,10
7406,70,78,-8,8
7407,62,63,-1,1
7408,60,72,-12,12
7409,84,93,-9,9
7410,63,71,-8,8
7411,91,103,-12,12
7412,53,74,-21,21
7413,114,114,0,0
7414,102,104,-2,2
7415,80,74,6,6
7416,85,98,-13,13
7417,112,121,-9,9
7418,86,91,-5,5
7419,61,74,-13,13
7420,118,113,5,5
7421,108,96,12,12
7422,179,160,19,19
7423,87,94,-7,7
7424,185,171,14,14
7425,91,92,-1,1
7426,73,85,-12,12
7427,63,62,1,1
7428,159,144,15,15
7429,146,145,1,1
7430,75,88,-13,13
7431,73,82,-9,9
7432,107,104,3,3
7433,93,97,-4,4
7434,89,100,-11,11
7435,82,101,-19,19
7436,79,81,-2,2
7437,50,61,-11,11
7438,69,80,-11,11
7439,89,99,-10,10
7440,145,150,-5,5
7441,84,94,-10,10
7442,115,125,-10,10
7443,103,126,-23,23
7444,90,103,-13,13
7445,57,63,-6,6
7446,118,108,10,10
7447,99,105,-6,6
7448,124,122,2,2
7449,102,116,-14,14
7450,97,99,-2,2
7451,64,70,-6,6
7452,78,80,-2,2
7453,121,124,-3,3
7454,163,154,9,9
7455,63,67,-4,4
7456,53,65,-12,12
7457,71,77,-6,6
7458,79,84,-5,5
7459,102,109,-7,7
7460,130,126,4,4
7461,114,117,-3,3
7462,118,129,-11,11
7463,93,102,-9,9
7464,78,82,-4,4
7465,87,91,-4,4
7466,107,106,1,1
7467,105,102,3,3
7468,135,124,11,11
7469,64,68,-4,4
7470,80,80,0,0
7471,79,93,-14,14
7472,156,160,-4,4
7473,123,129,-6,6
7474,81,95,-14,14
7475,91,98,-7,7
7476,184,167,17,17
7477,62,74,-12,12
7478,76,88,-12,12
7479,112,112,0,0
7480,60,74,-14,14
7481,103,103,0,0
7482,83,93,-10,10
7483,69,75,-6,6
7484,206,198,8,8
7485,78,88,-10,10
7486,82,78,4,4
7487,81,89,-8,8
7488,39,50,-11,11
7489,109,117,-8,8
7490,32,64,-32,32
7491,65,79,-14,14
7492,88,92,-4,4
7493,94,101,-7,7
7494,87,96,-9,9
7495,74,77,-3,3
7496,88,88,0,0
7497,103,113,-10,10
7498,72,71,1,1
7499,83,89,-6,6
7500,197,209,-12,12
7501,41,53,-12,12
7502,76,81,-5,5
7503,129,112,17,17
7504,40,66,-26,26
7505,136,142,-6,6
7506,62,68,-6,6
7507,66,71,-5,5
7508,106,122,-16,16
7509,62,68,-6,6
7510,109,107,2,2
7511,136,127,9,9
7512,100,100,0,0
7513,160,154,6,6
7514,105,111,-6,6
7515,122,119,3,3
7516,98,103,-5,5
7517,78,83,-5,5
7518,75,85,-10,10
7519,67,75,-8,8
7520,56,65,-9,9
7521,60,66,-6,6
7522,38,46,-8,8
7523,53,63,-10,10
7524,57,75,-18,18
7525,113,115,-2,2
7526,83,83,0,0
7527,81,80,1,1
7528,136,140,-4,4
7529,78,76,2,2
7530,89,92,-3,3
7531,86,92,-6,6
7532,68,78,-10,10
7533,156,154,2,2
7534,85,87,-2,2
7535,126,127,-1,1
7536,57,73,-16,16
7537,114,119,-5,5
7538,113,106,7,7
7539,75,90,-15,15
7540,130,123,7,7
7541,79,76,3,3
7542,112,110,2,2
7543,120,124,-4,4
7544,76,84,-8,8
7545,86,85,1,1
7546,60,67,-7,7
7547,52,65,-13,13
7548,80,79,1,1
7549,136,128,8,8
7550,71,81,-10,10
7551,152,155,-3,3
7552,59,73,-14,14
7553,88,86,2,2
7554,71,73,-2,2
7555,71,73,-2,2
7556,88,100,-12,12
7557,44,60,-16,16
7558,95,107,-12,12
7559,99,101,-2,2
7560,74,88,-14,14
7561,148,139,9,9
7562,74,78,-4,4
7563,103,98,5,5
7564,70,74,-4,4
7565,128,121,7,7
7566,70,85,-15,15
7567,69,79,-10,10
7568,95,85,10,10
7569,125,130,-5,5
7570,87,99,-12,12
7571,130,133,-3,3
7572,105,122,-17,17
7573,96,96,0,0
7574,90,97,-7,7
7575,52,59,-7,7
7576,77,96,-19,19
7577,143,139,4,4
7578,97,110,-13,13
7579,81,88,-7,7
7580,55,62,-7,7
7581,122,128,-6,6
7582,59,68,-9,9
7583,106,109,-3,3
7584,146,135,11,11
7585,62,69,-7,7
7586,122,122,0,0
7587,166,157,9,9
7588,76,77,-1,1
7589,82,95,-13,13
7590,114,114,0,0
7591,113,126,-13,13
7592,94,98,-4,4
7593,113,121,-8,8
7594,79,87,-8,8
7595,106,108,-2,2
7596,123,126,-3,3
7597,118,117,1,1
7598,80,82,-2,2
7599,94,98,-4,4
7600,89,87,2,2
7601,64,64,0,0
7602,113,118,-5,5
7603,137,133,4,4
7604,53,112,-59,59
7605,133,134,-1,1
7606,65,99,-34,34
7607,78,87,-9,9
7608,40,52,-12,12
7609,60,71,-11,11
7610,52,62,-10,10
7611,136,132,4,4
7612,155,154,1,1
7613,94,102,-8,8
7614,75,84,-9,9
7615,36,52,-16,16
7616,132,128,4,4
7617,117,116,1,1
7618,136,149,-13,13
7619,141,131,10,10
7620,65,75,-10,10
7621,96,87,9,9
7622,68,77,-9,9
7623,144,130,14,14
7624,148,145,3,3
7625,117,120,-3,3
7626,60,77,-17,17
7627,98,100,-2,2
7628,114,113,1,1
7629,139,127,12,12
7630,109,104,5,5
7631,69,82,-13,13
7632,105,103,2,2
7633,116,114,2,2
7634,72,74,-2,2
7635,74,95,-21,21
7636,102,112,-10,10
7637,62,61,1,1
7638,36,45,-9,9
7639,94,94,0,0
7640,78,83,-5,5
7641,150,140,10,10
7642,81,85,-4,4
7643,154,155,-1,1
7644,115,125,-10,10
7645,44,61,-17,17
7646,88,96,-8,8
7647,80,82,-2,2
7648,75,77,-2,2
7649,58,65,-7,7
7650,124,127,-3,3
7651,90,92,-2,2
7652,117,110,7,7
7653,93,93,0,0
7654,133,133,0,0
7655,71,73,-2,2
7656,82,90,-8,8
7657,66,75,-9,9
7658,69,77,-8,8
7659,112,110,2,2
7660,114,112,2,2
7661,81,75,6,6
7662,110,117,-7,7
7663,76,78,-2,2
7664,97,102,-5,5
7665,83,86,-3,3
7666,73,82,-9,9
7667,109,112,-3,3
7668,67,71,-4,4
7669,101,111,-10,10
7670,74,78,-4,4
7671,122,125,-3,3
7672,51,66,-15,15
7673,80,99,-19,19
7674,118,118,0,0
7675,87,86,1,1
7676,84,83,1,1
7677,135,130,5,5
7678,51,101,-50,50
7679,121,109,12,12
7680,60,66,-6,6
7681,150,147,3,3
7682,41,52,-11,11
7683,55,64,-9,9
7684,149,130,19,19
7685,136,136,0,0
7686,121,113,8,8
7687,121,119,2,2
7688,50,69,-19,19
7689,61,65,-4,4
7690,129,127,2,2
7691,83,102,-19,19
7692,83,100,-17,17
7693,77,78,-1,1
7694,110,108,2,2
7695,110,102,8,8
7696,108,120,-12,12
7697,95,103,-8,8
7698,91,90,1,1
7699,99,96,3,3
7700,105,109,-4,4
7701,104,132,-28,28
7702,82,91,-9,9
7703,68,76,-8,8
7704,77,83,-6,6
7705,103,104,-1,1
7706,87,93,-6,6
7707,55,62,-7,7
7708,94,99,-5,5
7709,67,73,-6,6
7710,75,99,-24,24
7711,137,140,-3,3
7712,69,76,-7,7
7713,67,76,-9,9
7714,77,93,-16,16
7715,68,77,-9,9
7716,117,120,-3,3
7717,109,118,-9,9
7718,164,149,15,15
7719,102,120,-18,18
7720,77,91,-14,14
7721,71,92,-21,21
7722,71,81,-10,10
7723,146,132,14,14
7724,40,49,-9,9
7725,121,117,4,4
7726,86,85,1,1
7727,99,105,-6,6
7728,68,79,-11,11
7729,89,82,7,7
7730,71,81,-10,10
7731,72,78,-6,6
7732,49,57,-8,8
7733,155,124,31,31
7734,145,150,-5,5
7735,102,112,-10,10
7736,131,130,1,1
7737,101,92,9,9
7738,61,73,-12,12
7739,108,116,-8,8
7740,62,73,-11,11
7741,93,92,1,1
7742,84,87,-3,3
7743,56,101,-45,45
7744,143,133,10,10
7745,145,138,7,7
7746,103,99,4,4
7747,88,93,-5,5
7748,96,97,-1,1
7749,63,72,-9,9
7750,88,94,-6,6
7751,50,68,-18,18
7752,106,113,-7,7
7753,89,80,9,9
7754,101,111,-10,10
7755,134,130,4,4
7756,91,91,0,0
7757,134,147,-13,13
7758,79,89,-10,10
7759,161,154,7,7
7760,127,128,-1,1
7761,88,96,-8,8
7762,61,75,-14,14
7763,60,76,-16,16
7764,102,101,1,1
7765,140,146,-6,6
7766,69,77,-8,8
7767,101,115,-14,14
7768,175,173,2,2
7769,129,145,-16,16
7770,115,119,-4,4
7771,88,105,-17,17
7772,79,83,-4,4
7773,102,108,-6,6
7774,43,52,-9,9
7775,97,101,-4,4
7776,132,140,-8,8
7777,58,64,-6,6
7778,89,99,-10,10
7779,90,103,-13,13
7780,98,111,-13,13
7781,102,107,-5,5
7782,88,95,-7,7
7783,106,108,-2,2
7784,99,103,-4,4
7785,151,144,7,7
7786,111,104,7,7
7787,65,72,-7,7
7788,71,79,-8,8
7789,79,100,-21,21
7790,65,71,-6,6
7791,136,133,3,3
7792,151,154,-3,3
7793,108,111,-3,3
7794,121,117,4,4
7795,54,69,-15,15
7796,96,106,-10,10
7797,98,94,4,4
7798,62,72,-10,10
7799,78,89,-11,11
7800,97,104,-7,7
7801,80,81,-1,1
7802,65,76,-11,11
7803,74,87,-13,13
7804,118,120,-2,2
7805,109,107,2,2
7806,99,101,-2,2
7807,78,92,-14,14
7808,59,77,-18,18
7809,84,99,-15,15
7810,108,113,-5,5
7811,89,98,-9,9
7812,119,113,6,6
7813,182,165,17,17
7814,133,120,13,13
7815,90,102,-12,12
7816,144,155,-11,11
7817,109,114,-5,5
7818,154,141,13,13
7819,54,60,-6,6
7820,59,70,-11,11
7821,120,122,-2,2
7822,113,123,-10,10
7823,90,92,-2,2
7824,119,112,7,7
7825,72,80,-8,8
7826,173,167,6,6
7827,252,220,32,32
7828,123,138,-15,15
7829,178,170,8,8
7830,207,189,18,18
7831,86,98,-12,12
7832,61,64,-3,3
7833,82,93,-11,11
7834,77,83,-6,6
7835,90,97,-7,7
7836,85,105,-20,20
7837,133,146,-13,13
7838,67,78,-11,11
7839,71,84,-13,13
7840,118,130,-12,12
7841,168,167,1,1
7842,101,108,-7,7
7843,126,120,6,6
7844,127,128,-1,1
7845,197,185,12,12
7846,67,71,-4,4
7847,59,65,-6,6
7848,139,140,-1,1
7849,84,91,-7,7
7850,75,82,-7,7
7851,124,126,-2,2
7852,61,69,-8,8
7853,78,83,-5,5
7854,102,96,6,6
7855,50,54,-4,4
7856,72,89,-17,17
7857,98,112,-14,14
7858,109,111,-2,2
7859,97,95,2,2
7860,79,80,-1,1
7861,73,79,-6,6
7862,114,113,1,1
7863,118,118,0,0
7864,101,110,-9,9
7865,103,112,-9,9
7866,49,61,-12,12
7867,49,66,-17,17
7868,37,53,-16,16
7869,121,122,-1,1
7870,69,76,-7,7
7871,126,129,-3,3
7872,91,93,-2,2
7873,119,114,5,5
7874,105,108,-3,3
7875,129,131,-2,2
7876,83,85,-2,2
7877,99,102,-3,3
7878,106,117,-11,11
7879,67,70,-3,3
7880,132,134,-2,2
7881,110,103,7,7
7882,72,74,-2,2
7883,126,126,0,0
7884,129,144,-15,15
7885,74,79,-5,5
7886,131,131,0,0
7887,97,101,-4,4
7888,118,124,-6,6
7889,124,126,-2,2
7890,66,79,-13,13
7891,99,112,-13,13
7892,93,96,-3,3
7893,169,168,1,1
7894,109,120,-11,11
7895,194,182,12,12
7896,131,124,7,7
7897,67,75,-8,8
7898,102,107,-5,5
7899,126,126,0,0
7900,166,173,-7,7
7901,52,66,-14,14
7902,129,143,-14,14
7903,175,173,2,2
7904,77,76,1,1
7905,52,56,-4,4
7906,73,74,-1,1
7907,97,105,-8,8
7908,49,58,-9,9
7909,112,111,1,1
7910,108,118,-10,10
7911,91,88,3,3
7912,84,108,-24,24
7913,35,56,-21,21
7914,182,189,-7,7
7915,61,71,-10,10
7916,61,63,-2,2
7917,79,85,-6,6
7918,55,64,-9,9
7919,64,71,-7,7
7920,142,137,5,5
7921,66,72,-6,6
7922,74,89,-15,15
7923,150,146,4,4
7924,99,100,-1,1
7925,106,115,-9,9
7926,72,86,-14,14
7927,121,120,1,1
7928,114,118,-4,4
7929,75,78,-3,3
7930,65,77,-12,12
7931,116,119,-3,3
7932,99,100,-1,1
7933,199,200,-1,1
7934,60,66,-6,6
7935,67,69,-2,2
7936,81,85,-4,4
7937,178,141,37,37
7938,70,84,-14,14
7939,131,123,8,8
7940,149,139,10,10
7941,70,76,-6,6
7942,97,113,-16,16
7943,104,97,7,7
7944,73,80,-7,7
7945,74,87,-13,13
7946,87,101,-14,14
7947,112,115,-3,3
7948,126,123,3,3
7949,86,111,-25,25
7950,134,133,1,1
7951,117,104,13,13
7952,61,69,-8,8
7953,71,86,-15,15
7954,80,94,-14,14
7955,63,71,-8,8
7956,70,73,-3,3
7957,63,83,-20,20
7958,46,58,-12,12
7959,59,73,-14,14
7960,89,98,-9,9
7961,134,131,3,3
7962,113,116,-3,3
7963,73,90,-17,17
7964,122,116,6,6
7965,59,68,-9,9
7966,142,149,-7,7
7967,175,173,2,2
7968,61,64,-3,3
7969,142,164,-22,22
7970,68,66,2,2
7971,51,62,-11,11
7972,94,108,-14,14
7973,104,103,1,1
7974,85,92,-7,7
7975,155,158,-3,3
7976,157,170,-13,13
7977,115,115,0,0
7978,94,106,-12,12
7979,86,99,-13,13
7980,115,123,-8,8
7981,85,90,-5,5
7982,106,109,-3,3
7983,64,73,-9,9
7984,38,81,-43,43
7985,51,60,-9,9
7986,106,112,-6,6
7987,101,113,-12,12
7988,46,63,-17,17
7989,85,83,2,2
7990,104,108,-4,4
7991,95,104,-9,9
7992,130,129,1,1
7993,151,145,6,6
7994,57,64,-7,7
7995,93,101,-8,8
7996,69,72,-3,3
7997,39,44,-5,5
7998,76,87,-11,11
7999,84,81,3,3
8000,41,53,-12,12
8001,45,60,-15,15
8002,68,77,-9,9
8003,82,88,-6,6
8004,68,78,-10,10
8005,73,76,-3,3
8006,49,73,-24,24
8007,93,95,-2,2
8008,75,79,-4,4
8009,85,82,3,3
8010,103,110,-7,7
8011,129,128,1,1
8012,116,122,-6,6
8013,77,84,-7,7
8014,83,87,-4,4
8015,104,99,5,5
8016,124,118,6,6
8017,89,96,-7,7
8018,88,105,-17,17
8019,49,72,-23,23
8020,104,110,-6,6
8021,107,114,-7,7
8022,125,126,-1,1
8023,57,69,-12,12
8024,104,104,0,0
8025,51,79,-28,28
8026,86,87,-1,1
8027,96,103,-7,7
8028,190,189,1,1
8029,84,92,-8,8
8030,105,111,-6,6
8031,94,95,-1,1
8032,74,78,-4,4
8033,100,98,2,2
8034,126,122,4,4
8035,73,80,-7,7
8036,83,91,-8,8
8037,141,137,4,4
8038,124,126,-2,2
8039,79,91,-12,12
8040,135,131,4,4
8041,81,80,1,1
8042,137,138,-1,1
8043,75,85,-10,10
8044,54,73,-19,19
8045,102,109,-7,7
8046,157,141,16,16
8047,93,98,-5,5
8048,155,147,8,8
8049,71,74,-3,3
8050,109,112,-3,3
8051,60,71,-11,11
8052,57,75,-18,18
8053,113,118,-5,5
8054,130,135,-5,5
8055,71,89,-18,18
8056,92,95,-3,3
8057,148,130,18,18
8058,117,109,8,8
8059,68,77,-9,9
8060,161,155,6,6
8061,85,87,-2,2
8062,65,68,-3,3
8063,43,54,-11,11
8064,102,106,-4,4
8065,69,69,0,0
8066,185,181,4,4
8067,133,135,-2,2
8068,104,106,-2,2
8069,105,111,-6,6
8070,120,114,6,6
8071,85,89,-4,4
8072,73,68,5,5
8073,158,167,-9,9
8074,76,79,-3,3
8075,87,79,8,8
8076,148,136,12,12
8077,85,91,-6,6
8078,98,90,8,8
8079,66,79,-13,13
8080,100,104,-4,4
8081,110,114,-4,4
8082,86,97,-11,11
8083,119,127,-8,8
8084,75,78,-3,3
8085,110,128,-18,18
8086,69,84,-15,15
8087,127,114,13,13
8088,98,99,-1,1
8089,116,126,-10,10
8090,65,74,-9,9
8091,94,101,-7,7
8092,58,64,-6,6
8093,68,96,-28,28
8094,118,117,1,1
8095,27,40,-13,13
8096,74,76,-2,2
8097,81,89,-8,8
8098,98,97,1,1
8099,56,66,-10,10
8100,101,105,-4,4
8101,128,123,5,5
8102,104,112,-8,8
8103,69,76,-7,7
8104,130,119,11,11
8105,121,129,-8,8
8106,42,99,-57,57
8107,89,102,-13,13
8108,71,72,-1,1
8109,129,121,8,8
8110,59,73,-14,14
8111,101,109,-8,8
8112,102,108,-6,6
8113,109,117,-8,8
8114,94,95,-1,1
8115,108,116,-8,8
8116,102,101,1,1
8117,89,97,-8,8
8118,121,126,-5,5
8119,122,132,-10,10
8120,67,78,-11,11
8121,51,70,-19,19
8122,89,92,-3,3
8123,88,101,-13,13
8124,131,119,12,12
8125,103,110,-7,7
8126,151,176,-25,25
8127,134,145,-11,11
8128,108,114,-6,6
8129,92,95,-3,3
8130,65,68,-3,3
8131,81,85,-4,4
8132,68,88,-20,20
8133,91,95,-4,4
8134,114,113,1,1
8135,48,67,-19,19
8136,102,110,-8,8
8137,149,150,-1,1
8138,108,114,-6,6
8139,60,68,-8,8
8140,103,112,-9,9
8141,65,75,-10,10
8142,119,128,-9,9
8143,104,113,-9,9
8144,64,72,-8,8
8145,48,61,-13,13
8146,55,60,-5,5
8147,75,86,-11,11
8148,44,65,-21,21
8149,73,87,-14,14
8150,54,62,-8,8
8151,54,66,-12,12
8152,52,65,-13,13
8153,95,92,3,3
8154,66,78,-12,12
8155,85,107,-22,22
8156,75,72,3,3
8157,95,112,-17,17
8158,95,94,1,1
8159,36,50,-14,14
8160,79,87,-8,8
8161,123,126,-3,3
8162,81,81,0,0
8163,176,156,20,20
8164,60,61,-1,1
8165,61,77,-16,16
8166,140,130,10,10
8167,127,125,2,2
8168,96,102,-6,6
8169,99,94,5,5
8170,108,104,4,4
8171,58,68,-10,10
8172,51,71,-20,20
8173,95,96,-1,1
8174,58,79,-21,21
8175,76,77,-1,1
8176,116,116,0,0
8177,108,105,3,3
8178,168,157,11,11
8179,27,45,-18,18
8180,145,135,10,10
8181,53,63,-10,10
8182,67,74,-7,7
8183,92,93,-1,1
8184,78,81,-3,3
8185,113,118,-5,5
8186,141,143,-2,2
8187,136,129,7,7
8188,103,111,-8,8
8189,86,94,-8,8
8190,195,192,3,3
8191,75,78,-3,3
8192,63,72,-9,9
8193,66,74,-8,8
8194,127,130,-3,3
8195,122,119,3,3
8196,54,107,-53,53
8197,101,107,-6,6
8198,93,85,8,8
8199,64,73,-9,9
8200,108,112,-4,4
8201,111,110,1,1
8202,77,75,2,2
8203,154,154,0,0
8204,94,90,4,4
8205,84,91,-7,7
8206,76,92,-16,16
8207,87,88,-1,1
8208,126,119,7,7
8209,82,86,-4,4
8210,82,93,-11,11
8211,80,84,-4,4
8212,126,133,-7,7
8213,64,73,-9,9
8214,142,130,12,12
8215,143,145,-2,2
8216,127,142,-15,15
8217,76,87,-11,11
8218,57,78,-21,21
8219,109,102,7,7
8220,141,140,1,1
8221,129,123,6,6
8222,114,109,5,5
8223,83,90,-7,7
8224,149,148,1,1
8225,47,63,-16,16
8226,88,96,-8,8
8227,88,91,-3,3
8228,105,112,-7,7
8229,93,108,-15,15
8230,109,103,6,6
8231,87,89,-2,2
8232,43,46,-3,3
8233,81,85,-4,4
8234,101,89,12,12
8235,80,76,4,4
8236,112,114,-2,2
8237,92,103,-11,11
8238,102,102,0,0
8239,71,75,-4,4
8240,166,157,9,9
8241,98,99,-1,1
8242,129,120,9,9
8243,79,91,-12,12
8244,109,107,2,2
8245,145,140,5,5
8246,166,157,9,9
8247,76,90,-14,14
8248,46,55,-9,9
8249,113,111,2,2
8250,75,91,-16,16
8251,86,84,2,2
8252,76,81,-5,5
8253,88,95,-7,7
8254,67,81,-14,14
8255,100,103,-3,3
8256,71,85,-14,14
8257,59,70,-11,11
8258,181,171,10,10
8259,56,64,-8,8
8260,114,102,12,12
8261,92,101,-9,9
8262,100,104,-4,4
8263,75,97,-22,22
8264,188,174,14,14
8265,51,59,-8,8
8266,84,98,-14,14
8267,171,187,-16,16
8268,66,71,-5,5
8269,92,91,1,1
8270,122,124,-2,2
8271,40,63,-23,23
8272,87,91,-4,4
8273,122,123,-1,1
8274,98,96,2,2
8275,96,100,-4,4
8276,120,118,2,2
8277,82,91,-9,9
8278,88,89,-1,1
8279,60,73,-13,13
8280,83,86,-3,3
8281,81,76,5,5
8282,151,153,-2,2
8283,187,182,5,5
8284,98,113,-15,15
8285,95,93,2,2
8286,77,84,-7,7
8287,144,143,1,1
8288,81,88,-7,7
8289,91,100,-9,9
8290,149,150,-1,1
8291,99,119,-20,20
8292,96,91,5,5
8293,129,136,-7,7
8294,63,71,-8,8
8295,86,87,-1,1
8296,64,77,-13,13
8297,74,72,2,2
8298,93,98,-5,5
8299,85,89,-4,4
8300,248,225,23,23
8301,91,96,-5,5
8302,58,68,-10,10
8303,93,92,1,1
8304,93,100,-7,7
8305,55,66,-11,11
8306,102,108,-6,6
8307,107,103,4,4
8308,79,86,-7,7
8309,84,88,-4,4
8310,95,97,-2,2
8311,110,112,-2,2
8312,80,83,-3,3
8313,44,51,-7,7
8314,96,102,-6,6
8315,59,73,-14,14
8316,109,114,-5,5
8317,198,195,3,3
8318,81,96,-15,15
8319,119,119,0,0
8320,106,114,-8,8
8321,114,106,8,8
8322,51,63,-12,12
8323,110,112,-2,2
8324,112,118,-6,6
8325,99,106,-7,7
8326,80,81,-1,1
8327,59,74,-15,15
8328,110,118,-8,8
8329,125,115,10,10
8330,137,134,3,3
8331,73,80,-7,7
8332,190,185,5,5
8333,137,143,-6,6
8334,46,55,-9,9
8335,124,130,-6,6
8336,87,88,-1,1
8337,114,108,6,6
8338,83,88,-5,5
8339,85,91,-6,6
8340,142,157,-15,15
8341,108,102,6,6
8342,129,131,-2,2
8343,107,99,8,8
8344,109,113,-4,4
8345,144,151,-7,7
8346,76,82,-6,6
8347,38,66,-28,28
8348,157,159,-2,2
8349,55,63,-8,8
8350,99,110,-11,11
8351,153,143,10,10
8352,74,78,-4,4
8353,74,82,-8,8
8354,78,81,-3,3
8355,74,90,-16,16
8356,94,96,-2,2
8357,112,108,4,4
8358,141,148,-7,7
8359,82,81,1,1
8360,160,164,-4,4
8361,103,108,-5,5
8362,110,109,1,1
8363,42,60,-18,18
8364,69,77,-8,8
8365,59,60,-1,1
8366,98,101,-3,3
8367,75,74,1,1
8368,58,65,-7,7
8369,74,74,0,0
8370,108,116,-8,8
8371,66,82,-16,16
8372,105,104,1,1
8373,46,68,-22,22
8374,55,63,-8,8
8375,71,72,-1,1
8376,115,118,-3,3
8377,88,85,3,3
8378,47,54,-7,7
8379,174,167,7,7
8380,94,91,3,3
8381,74,81,-7,7
8382,84,88,-4,4
8383,85,84,1,1
8384,65,65,0,0
8385,39,46,-7,7
8386,118,111,7,7
8387,101,102,-1,1
8388,78,86,-8,8
8389,97,113,-16,16
8390,104,104,0,0
8391,98,98,0,0
8392,81,102,-21,21
8393,112,114,-2,2
8394,98,100,-2,2
8395,96,107,-11,11
8396,53,57,-4,4
8397,67,86,-19,19
8398,70,81,-11,11
8399,114,108,6,6
8400,104,114,-10,10
8401,65,77,-12,12
8402,80,81,-1,1
8403,96,88,8,8
8404,70,75,-5,5
8405,105,111,-6,6
8406,100,93,7,7
8407,160,148,12,12
8408,91,106,-15,15
8409,100,107,-7,7
8410,119,106,13,13
8411,65,77,-12,12
8412,99,107,-8,8
8413,172,144,28,28
8414,83,85,-2,2
8415,85,84,1,1
8416,69,76,-7,7
8417,59,70,-11,11
8418,93,100,-7,7
8419,81,88,-7,7
8420,75,82,-7,7
8421,62,69,-7,7
8422,115,109,6,6
8423,107,143,-36,36
8424,105,107,-2,2
8425,51,61,-10,10
8426,76,85,-9,9
8427,88,96,-8,8
8428,145,146,-1,1
8429,114,121,-7,7
8430,38,48,-10,10
8431,133,132,1,1
8432,74,81,-7,7
8433,119,123,-4,4
8434,96,96,0,0
8435,143,131,12,12
8436,60,67,-7,7
8437,130,124,6,6
8438,120,115,5,5
8439,122,142,-20,20
8440,113,114,-1,1
8441,68,81,-13,13
8442,98,97,1,1
8443,143,132,11,11
8444,77,77,0,0
8445,92,98,-6,6
8446,61,67,-6,6
8447,74,85,-11,11
8448,94,88,6,6
8449,102,102,0,0
8450,118,118,0,0
8451,119,123,-4,4
8452,193,182,11,11
8453,95,102,-7,7
8454,89,94,-5,5
8455,129,129,0,0
8456,124,122,2,2
8457,84,84,0,0
8458,76,84,-8,8
8459,55,63,-8,8
8460,143,140,3,3
8461,134,124,10,10
8462,88,96,-8,8
8463,132,138,-6,6
8464,114,103,11,11
8465,71,74,-3,3
8466,79,77,2,2
8467,101,102,-1,1
8468,134,139,-5,5
8469,61,47,14,14
8470,81,82,-1,1
8471,107,115,-8,8
8472,86,87,-1,1
8473,83,87,-4,4
8474,94,99,-5,5
8475,102,112,-10,10
8476,110,131,-21,21
8477,137,141,-4,4
8478,56,78,-22,22
8479,134,128,6,6
8480,80,93,-13,13
8481,46,60,-14,14
8482,111,117,-6,6
8483,112,108,4,4
8484,121,125,-4,4
8485,113,117,-4,4
8486,91,103,-12,12
8487,47,60,-13,13
8488,65,71,-6,6
8489,56,78,-22,22
8490,83,93,-10,10
8491,85,96,-11,11
8492,102,100,2,2
8493,80,91,-11,11
8494,110,111,-1,1
8495,141,147,-6,6
8496,90,104,-14,14
8497,73,79,-6,6
8498,60,68,-8,8
8499,178,150,28,28
8500,124,135,-11,11
8501,108,104,4,4
8502,100,105,-5,5
8503,78,87,-9,9
8504,115,126,-11,11
8505,127,136,-9,9
8506,47,52,-5,5
8507,58,67,-9,9
8508,151,142,9,9
8509,104,100,4,4
8510,56,72,-16,16
8511,79,93,-14,14
8512,67,74,-7,7
8513,109,116,-7,7
8514,83,82,1,1
8515,101,87,14,14
8516,78,91,-13,13
8517,101,133,-32,32
8518,64,78,-14,14
8519,69,73,-4,4
8520,81,83,-2,2
8521,185,175,10,10
8522,89,87,2,2
8523,137,122,15,15
8524,98,97,1,1
8525,185,175,10,10
8526,62,79,-17,17
8527,135,134,1,1
8528,140,134,6,6
8529,166,174,-8,8
8530,68,76,-8,8
8531,100,112,-12,12
8532,122,135,-13,13
8533,105,110,-5,5
8534,129,130,-1,1
8535,117,120,-3,3
8536,74,85,-11,11
8537,91,93,-2,2
8538,96,101,-5,5
8539,96,101,-5,5
8540,76,89,-13,13
8541,106,105,1,1
8542,71,74,-3,3
8543,43,55,-12,12
8544,88,88,0,0
8545,79,93,-14,14
8546,104,103,1,1
8547,82,90,-8,8
8548,112,119,-7,7
8549,104,110,-6,6
8550,55,64,-9,9
8551,90,95,-5,5
8552,47,67,-20,20
8553,111,103,8,8
8554,127,126,1,1
8555,67,79,-12,12
8556,163,152,11,11
8557,154,157,-3,3
8558,63,70,-7,7
8559,50,62,-12,12
8560,56,74,-18,18
8561,104,115,-11,11
8562,80,90,-10,10
8563,83,82,1,1
8564,64,76,-12,12
8565,55,63,-8,8
8566,84,81,3,3
8567,130,129,1,1
8568,85,93,-8,8
8569,109,114,-5,5
8570,153,148,5,5
8571,104,106,-2,2
8572,129,124,5,5
8573,106,102,4,4
8574,173,172,1,1
8575,93,96,-3,3
8576,93,93,0,0
8577,99,99,0,0
8578,66,74,-8,8
8579,98,100,-2,2
8580,110,139,-29,29
8581,50,69,-19,19
8582,104,108,-4,4
8583,110,106,4,4
8584,60,79,-19,19
8585,102,100,2,2
8586,87,91,-4,4
8587,133,137,-4,4
8588,133,134,-1,1
8589,122,111,11,11
8590,92,94,-2,2
8591,139,140,-1,1
8592,52,60,-8,8
8593,83,103,-20,20
8594,91,92,-1,1
8595,65,72,-7,7
8596,113,118,-5,5
8597,77,85,-8,8
8598,161,147,14,14
8599,92,98,-6,6
8600,180,156,24,24
8601,77,84,-7,7
8602,109,109,0,0
8603,81,89,-8,8
8604,98,107,-9,9
8605,54,61,-7,7
8606,126,127,-1,1
8607,91,98,-7,7
8608,77,86,-9,9
8609,124,125,-1,1
8610,78,89,-11,11
8611,189,162,27,27
8612,80,83,-3,3
8613,159,144,15,15
8614,73,85,-12,12
8615,90,105,-15,15
8616,62,62,0,0
8617,90,95,-5,5
8618,134,145,-11,11
8619,121,110,11,11
8620,87,93,-6,6
8621,59,66,-7,7
8622,89,105,-16,16
8623,105,109,-4,4
8624,97,96,1,1
8625,110,108,2,2
8626,141,128,13,13
8627,85,93,-8,8
8628,132,134,-2,2
8629,89,91,-2,2
8630,75,83,-8,8
8631,81,82,-1,1
8632,77,71,6,6
8633,104,103,1,1
8634,132,148,-16,16
8635,136,129,7,7
8636,82,89,-7,7
8637,85,96,-11,11
8638,76,82,-6,6
8639,109,133,-24,24
8640,51,65,-14,14
8641,85,95,-10,10
8642,58,67,-9,9
8643,161,163,-2,2
8644,85,91,-6,6
8645,61,65,-4,4
8646,82,88,-6,6
8647,114,123,-9,9
8648,113,114,-1,1
8649,82,87,-5,5
8650,128,125,3,3
8651,113,120,-7,7
8652,61,78,-17,17
8653,85,85,0,0
8654,112,114,-2,2
8655,76,78,-2,2
8656,89,94,-5,5
8657,142,133,9,9
8658,81,84,-3,3
8659,143,154,-11,11
8660,94,94,0,0
8661,134,117,17,17
8662,59,63,-4,4
8663,55,71,-16,16
8664,75,89,-14,14
8665,87,99,-12,12
8666,69,68,1,1
8667,104,105,-1,1
8668,57,56,1,1
8669,68,72,-4,4
8670,169,160,9,9
8671,114,120,-6,6
8672,92,96,-4,4
8673,97,92,5,5
8674,121,121,0,0
8675,89,81,8,8
8676,116,122,-6,6
8677,93,105,-12,12
8678,116,112,4,4
8679,125,129,-4,4
8680,82,117,-35,35
8681,50,56,-6,6
8682,46,62,-16,16
8683,45,59,-14,14
8684,120,125,-5,5
8685,93,94,-1,1
8686,102,107,-5,5
8687,126,129,-3,3
8688,108,130,-22,22
8689,110,116,-6,6
8690,101,105,-4,4
8691,73,82,-9,9
8692,58,65,-7,7
8693,113,110,3,3
8694,136,145,-9,9
8695,64,72,-8,8
8696,125,163,-38,38
8697,88,84,4,4
8698,92,91,1,1
8699,106,107,-1,1
8700,90,109,-19,19
8701,85,90,-5,5
8702,80,85,-5,5
8703,110,114,-4,4
8704,80,86,-6,6
8705,117,115,2,2
8706,47,66,-19,19
8707,112,110,2,2
8708,84,90,-6,6
8709,116,118,-2,2
8710,61,73,-12,12
8711,82,84,-2,2
8712,164,144,20,20
8713,125,125,0,0
8714,80,86,-6,6
8715,66,74,-8,8
8716,61,74,-13,13
8717,82,106,-24,24
8718,81,92,-11,11
8719,143,131,12,12
8720,145,131,14,14
8721,75,76,-1,1
8722,60,94,-34,34
8723,86,96,-10,10
8724,99,108,-9,9
8725,112,116,-4,4
8726,98,99,-1,1
8727,96,101,-5,5
8728,64,80,-16,16
8729,62,69,-7,7
8730,123,134,-11,11
8731,83,95,-12,12
8732,101,107,-6,6
8733,27,34,-7,7
8734,167,160,7,7
8735,149,150,-1,1
8736,94,98,-4,4
8737,155,150,5,5
8738,39,50,-11,11
8739,62,71,-9,9
8740,81,79,2,2
8741,58,66,-8,8
8742,74,87,-13,13
8743,139,146,-7,7
8744,74,79,-5,5
8745,84,95,-11,11
8746,155,126,29,29
8747,114,116,-2,2
8748,152,205,-53,53
8749,104,99,5,5
8750,92,105,-13,13
8751,55,71,-16,16
8752,91,94,-3,3
8753,90,88,2,2
8754,86,90,-4,4
8755,76,95,-19,19
8756,86,95,-9,9
8757,49,56,-7,7
8758,105,112,-7,7
8759,67,74,-7,7
8760,96,128,-32,32
8761,105,111,-6,6
8762,98,91,7,7
8763,114,115,-1,1
8764,114,125,-11,11
8765,103,120,-17,17
8766,128,125,3,3
8767,110,107,3,3
8768,89,83,6,6
8769,67,71,-4,4
8770,136,124,12,12
8771,154,149,5,5
8772,62,73,-11,11
8773,109,114,-5,5
8774,91,96,-5,5
8775,63,69,-6,6
8776,172,165,7,7
8777,93,91,2,2
8778,81,84,-3,3
8779,87,99,-12,12
8780,49,71,-22,22
8781,157,162,-5,5
8782,87,89,-2,2
8783,61,90,-29,29
8784,60,68,-8,8
8785,129,129,0,0
8786,75,80,-5,5
8787,86,101,-15,15
8788,37,47,-10,10
8789,110,115,-5,5
8790,124,121,3,3
8791,65,74,-9,9
8792,148,155,-7,7
8793,73,90,-17,17
8794,105,117,-12,12
8795,70,84,-14,14
8796,63,79,-16,16
8797,71,76,-5,5
8798,71,80,-9,9
8799,68,76,-8,8
8800,96,95,1,1
8801,87,91,-4,4
8802,88,96,-8,8
8803,69,74,-5,5
8804,83,90,-7,7
8805,72,87,-15,15
8806,98,107,-9,9
8807,126,125,1,1
8808,45,62,-17,17
8809,52,58,-6,6
8810,103,113,-10,10
8811,77,78,-1,1
8812,83,84,-1,1
8813,73,72,1,1
8814,108,110,-2,2
8815,73,84,-11,11
8816,80,86,-6,6
8817,57,65,-8,8
8818,63,70,-7,7
8819,24,39,-15,15
8820,89,81,8,8
8821,61,70,-9,9
8822,97,107,-10,10
8823,85,93,-8,8
8824,143,143,0,0
8825,129,125,4,4
8826,75,86,-11,11
8827,71,80,-9,9
8828,92,92,0,0
8829,72,73,-1,1
8830,91,87,4,4
8831,83,81,2,2
8832,75,88,-13,13
8833,66,73,-7,7
8834,43,56,-13,13
8835,127,126,1,1
8836,125,135,-10,10
8837,44,55,-11,11
8838,51,66,-15,15
8839,54,62,-8,8
8840,203,216,-13,13
8841,127,122,5,5
8842,102,102,0,0
8843,81,82,-1,1
8844,69,71,-2,2
8845,121,121,0,0
8846,85,83,2,2
8847,125,119,6,6
8848,138,129,9,9
8849,191,164,27,27
8850,92,104,-12,12
8851,94,93,1,1
8852,128,130,-2,2
8853,35,56,-21,21
8854,104,112,-8,8
8855,86,86,0,0
8856,132,128,4,4
8857,89,94,-5,5
8858,48,60,-12,12
8859,75,74,1,1
8860,80,75,5,5
8861,100,99,1,1
8862,115,118,-3,3
8863,135,135,0,0
8864,88,96,-8,8
8865,108,107,1,1
8866,141,146,-5,5
8867,81,85,-4,4
8868,147,150,-3,3
8869,94,93,1,1
8870,86,92,-6,6
8871,125,123,2,2
8872,62,71,-9,9
8873,82,91,-9,9
8874,123,118,5,5
8875,80,83,-3,3
8876,108,107,1,1
8877,91,85,6,6
8878,124,124,0,0
8879,93,113,-20,20
8880,141,158,-17,17
8881,97,72,25,25
8882,177,166,11,11
8883,80,88,-8,8
8884,133,153,-20,20
8885,98,111,-13,13
8886,104,98,6,6
8887,64,71,-7,7
8888,170,165,5,5
8889,91,101,-10,10
8890,98,101,-3,3
8891,125,120,5,5
8892,65,75,-10,10
8893,86,94,-8,8
8894,75,75,0,0
8895,72,83,-11,11
8896,53,79,-26,26
8897,93,88,5,5
8898,69,75,-6,6
8899,95,94,1,1
8900,76,84,-8,8
8901,73,79,-6,6
8902,56,62,-6,6
8903,92,96,-4,4
8904,43,59,-16,16
8905,60,71,-11,11
8906,74,87,-13,13
8907,85,95,-10,10
8908,91,95,-4,4
8909,92,92,0,0
8910,91,93,-2,2
8911,60,73,-13,13
8912,142,150,-8,8
8913,127,137,-10,10
8914,87,95,-8,8
8915,130,145,-15,15
8916,104,105,-1,1
8917,62,67,-5,5
8918,125,130,-5,5
8919,96,188,-92,92
8920,170,148,22,22
8921,103,122,-19,19
8922,185,172,13,13
8923,80,84,-4,4
8924,56,70,-14,14
8925,105,123,-18,18
8926,63,73,-10,10
8927,88,96,-8,8
8928,79,88,-9,9
8929,60,81,-21,21
8930,84,93,-9,9
8931,123,130,-7,7
8932,107,106,1,1
8933,94,101,-7,7
8934,70,82,-12,12
8935,141,128,13,13
8936,56,57,-1,1
8937,166,167,-1,1
8938,120,111,9,9
8939,137,126,11,11
8940,88,97,-9,9
8941,127,109,18,18
8942,157,152,5,5
8943,130,142,-12,12
8944,106,116,-10,10
8945,131,137,-6,6
8946,54,64,-10,10
8947,132,129,3,3
8948,80,81,-1,1
8949,81,94,-13,13
8950,128,115,13,13
8951,36,49,-13,13
8952,106,119,-13,13
8953,85,91,-6,6
8954,64,72,-8,8
8955,81,88,-7,7
8956,120,119,1,1
8957,130,123,7,7
8958,99,96,3,3
8959,70,74,-4,4
8960,78,78,0,0
8961,112,126,-14,14
8962,82,87,-5,5
8963,184,164,20,20
8964,129,140,-11,11
8965,111,108,3,3
8966,99,119,-20,20
8967,51,69,-18,18
8968,102,104,-2,2
8969,66,76,-10,10
8970,74,83,-9,9
8971,129,135,-6,6
8972,54,66,-12,12
8973,117,142,-25,25
8974,120,122,-2,2
8975,73,85,-12,12
8976,177,174,3,3
8977,157,154,3,3
8978,77,85,-8,8
8979,55,67,-12,12
8980,132,126,6,6
8981,180,168,12,12
8982,72,75,-3,3
8983,88,100,-12,12
8984,71,81,-10,10
8985,85,87,-2,2
8986,51,57,-6,6
8987,61,72,-11,11
8988,76,78,-2,2
8989,90,97,-7,7
8990,64,76,-12,12
8991,67,97,-30,30
8992,95,99,-4,4
8993,46,54,-8,8
8994,92,90,2,2
8995,121,142,-21,21
8996,93,101,-8,8
8997,92,101,-9,9
8998,52,58,-6,6
8999,112,125,-13,13
9000,66,110,-44,44
9001,76,80,-4,4
9002,157,150,7,7
9003,75,78,-3,3
9004,68,77,-9,9
9005,64,75,-11,11
9006,135,127,8,8
9007,107,110,-3,3
9008,79,89,-10,10
9009,82,88,-6,6
9010,101,98,3,3
9011,142,162,-20,20
9012,108,113,-5,5
9013,93,109,-16,16
9014,111,119,-8,8
9015,111,112,-1,1
9016,101,97,4,4
9017,67,71,-4,4
9018,58,65,-7,7
9019,117,113,4,4
9020,100,103,-3,3
9021,96,97,-1,1
9022,106,110,-4,4
9023,82,88,-6,6
9024,57,67,-10,10
9025,95,92,3,3
9026,92,94,-2,2
9027,78,86,-8,8
9028,85,87,-2,2
9029,46,50,-4,4
9030,60,75,-15,15
9031,68,81,-13,13
9032,90,97,-7,7
9033,106,114,-8,8
9034,72,77,-5,5
9035,91,92,-1,1
9036,142,142,0,0
9037,63,64,-1,1
9038,55,62,-7,7
9039,112,111,1,1
9040,165,166,-1,1
9041,80,83,-3,3
9042,58,62,-4,4
9043,96,106,-10,10
9044,69,73,-4,4
9045,85,104,-19,19
9046,74,84,-10,10
9047,148,142,6,6
9048,61,66,-5,5
9049,114,123,-9,9
9050,117,117,0,0
9051,87,93,-6,6
9052,148,146,2,2
9053,129,126,3,3
9054,100,97,3,3
9055,79,86,-7,7
9056,84,88,-4,4
9057,75,80,-5,5
9058,101,106,-5,5
9059,74,82,-8,8
9060,98,92,6,6
9061,97,105,-8,8
9062,58,64,-6,6
9063,104,106,-2,2
9064,122,118,4,4
9065,33,50,-17,17
9066,62,64,-2,2
9067,59,72,-13,13
9068,66,79,-13,13
9069,112,110,2,2
9070,109,105,4,4
9071,67,78,-11,11
9072,157,178,-21,21
9073,147,149,-2,2
9074,114,113,1,1
9075,45,51,-6,6
9076,71,83,-12,12
9077,135,131,4,4
9078,64,63,1,1
9079,101,116,-15,15
9080,93,100,-7,7
9081,92,92,0,0
9082,128,127,1,1
9083,90,89,1,1
9084,113,103,10,10
9085,62,71,-9,9
9086,66,70,-4,4
9087,69,80,-11,11
9088,90,92,-2,2
9089,69,74,-5,5
9090,87,93,-6,6
9091,70,92,-22,22
9092,88,95,-7,7
9093,60,77,-17,17
9094,172,158,14,14
9095,94,100,-6,6
9096,53,67,-14,14
9097,81,84,-3,3
9098,103,106,-3,3
9099,146,143,3,3
9100,93,96,-3,3
9101,106,113,-7,7
9102,115,109,6,6
9103,171,158,13,13
9104,80,84,-4,4
9105,89,85,4,4
9106,75,87,-12,12
9107,197,188,9,9
9108,52,67,-15,15
9109,56,66,-10,10
9110,76,83,-7,7
9111,136,139,-3,3
9112,127,129,-2,2
9113,102,107,-5,5
9114,100,109,-9,9
9115,154,146,8,8
9116,127,141,-14,14
9117,115,114,1,1
9118,69,81,-12,12
9119,113,106,7,7
9120,116,119,-3,3
9121,92,98,-6,6
9122,95,103,-8,8
9123,81,79,2,2
9124,81,89,-8,8
9125,148,151,-3,3
9126,94,96,-2,2
9127,117,122,-5,5
9128,47,59,-12,12
9129,100,98,2,2
9130,133,130,3,3
9131,79,103,-24,24
9132,147,138,9,9
9133,62,73,-11,11
9134,77,87,-10,10
9135,154,142,12,12
9136,112,121,-9,9
9137,65,68,-3,3
9138,42,54,-12,12
9139,114,116,-2,2
9140,114,115,-1,1
9141,77,76,1,1
9142,68,80,-12,12
9143,84,91,-7,7
9144,120,126,-6,6
9145,132,135,-3,3
9146,113,129,-16,16
9147,86,88,-2,2
9148,78,86,-8,8
9149,73,96,-23,23
9150,68,68,0,0
9151,93,102,-9,9
9152,113,125,-12,12
9153,58,71,-13,13
9154,63,71,-8,8
9155,54,58,-4,4
9156,123,114,9,9
9157,43,50,-7,7
9158,82,85,-3,3
9159,144,142,2,2
9160,73,90,-17,17
9161,49,64,-15,15
9162,103,102,1,1
9163,179,187,-8,8
9164,106,110,-4,4
9165,93,109,-16,16
9166,135,147,-12,12
9167,120,123,-3,3
9168,130,127,3,3
9169,79,96,-17,17
9170,82,85,-3,3
9171,55,65,-10,10
9172,74,75,-1,1
9173,153,152,1,1
9174,93,99,-6,6
9175,107,109,-2,2
9176,136,148,-12,12
9177,88,97,-9,9
9178,56,73,-17,17
9179,171,158,13,13
9180,115,115,0,0
9181,53,70,-17,17
9182,124,129,-5,5
9183,117,111,6,6
9184,76,82,-6,6
9185,168,156,12,12
9186,78,79,-1,1
9187,42,51,-9,9
9188,74,80,-6,6
9189,156,139,17,17
9190,81,99,-18,18
9191,88,87,1,1
9192,169,161,8,8
9193,74,80,-6,6
9194,108,112,-4,4
9195,98,98,0,0
9196,175,190,-15,15
9197,39,52,-13,13
9198,47,62,-15,15
9199,100,91,9,9
9200,105,100,5,5
9201,103,105,-2,2
9202,114,115,-1,1
9203,65,76,-11,11
9204,70,74,-4,4
9205,79,82,-3,3
9206,96,103,-7,7
9207,123,131,-8,8
9208,94,97,-3,3
9209,124,130,-6,6
9210,102,100,2,2
9211,108,108,0,0
9212,78,88,-10,10
9213,111,117,-6,6
9214,84,96,-12,12
9215,58,59,-1,1
9216,124,123,1,1
9217,92,94,-2,2
9218,75,86,-11,11
9219,64,60,4,4
9220,89,89,0,0
9221,88,99,-11,11
9222,58,73,-15,15
9223,116,118,-2,2
9224,57,67,-10,10
9225,98,101,-3,3
9226,138,146,-8,8
9227,87,98,-11,11
9228,58,62,-4,4
9229,141,134,7,7
9230,72,76,-4,4
9231,63,79,-16,16
9232,173,164,9,9
9233,113,115,-2,2
9234,114,111,3,3
9235,95,93,2,2
9236,80,90,-10,10
9237,75,81,-6,6
9238,113,117,-4,4
9239,86,98,-12,12
9240,54,64,-10,10
9241,99,99,0,0
9242,149,141,8,8
9243,73,69,4,4
9244,86,83,3,3
9245,108,108,0,0
9246,74,79,-5,5
9247,59,70,-11,11
9248,106,115,-9,9
9249,158,141,17,17
9250,45,76,-31,31
9251,77,82,-5,5
9252,116,132,-16,16
9253,52,59,-7,7
9254,93,109,-16,16
9255,129,127,2,2
9256,63,75,-12,12
9257,41,51,-10,10
9258,62,68,-6,6
9259,168,162,6,6
9260,117,126,-9,9
9261,142,139,3,3
9262,112,109,3,3
9263,101,105,-4,4
9264,86,90,-4,4
9265,77,85,-8,8
9266,141,138,3,3
9267,80,94,-14,14
9268,107,119,-12,12
9269,90,95,-5,5
9270,65,82,-17,17
9271,57,62,-5,5
9272,89,88,1,1
9273,63,67,-4,4
9274,121,118,3,3
9275,108,110,-2,2
9276,83,90,-7,7
9277,116,116,0,0
9278,66,77,-11,11
9279,128,131,-3,3
9280,98,101,-3,3
9281,76,84,-8,8
9282,130,123,7,7
9283,55,64,-9,9
9284,64,73,-9,9
9285,107,122,-15,15
9286,117,113,4,4
9287,124,127,-3,3
9288,88,92,-4,4
9289,44,53,-9,9
9290,89,92,-3,3
9291,82,92,-10,10
9292,78,83,-5,5
9293,63,73,-10,10
9294,60,65,-5,5
9295,55,65,-10,10
9296,80,88,-8,8
9297,56,65,-9,9
9298,68,79,-11,11
9299,177,179,-2,2
9300,69,77,-8,8
9301,63,73,-10,10
9302,116,115,1,1
9303,96,104,-8,8
9304,142,123,19,19
9305,85,87,-2,2
9306,56,70,-14,14
9307,91,95,-4,4
9308,72,80,-8,8
9309,69,84,-15,15
9310,114,109,5,5
9311,131,138,-7,7
9312,70,83,-13,13
9313,138,136,2,2
9314,103,106,-3,3
9315,69,79,-10,10
9316,97,102,-5,5
9317,98,117,-19,19
9318,117,115,2,2
9319,95,106,-11,11
9320,130,127,3,3
9321,174,159,15,15
9322,114,124,-10,10
9323,87,98,-11,11
9324,92,100,-8,8
9325,57,67,-10,10
9326,93,94,-1,1
9327,90,96,-6,6
9328,87,97,-10,10
9329,87,95,-8,8
9330,115,122,-7,7
9331,103,108,-5,5
9332,66,72,-6,6
9333,95,96,-1,1
9334,98,100,-2,2
9335,82,84,-2,2
9336,63,64,-1,1
9337,39,51,-12,12
9338,60,73,-13,13
9339,112,110,2,2
9340,159,149,10,10
9341,41,56,-15,15
9342,96,100,-4,4
9343,117,113,4,4
9344,69,80,-11,11
9345,82,89,-7,7
9346,125,118,7,7
9347,82,83,-1,1
9348,65,78,-13,13
9349,92,88,4,4
9350,91,99,-8,8
9351,91,94,-3,3
9352,95,100,-5,5
9353,28,49,-21,21
9354,64,69,-5,5
9355,73,77,-4,4
9356,122,113,9,9
9357,76,87,-11,11
9358,82,85,-3,3
9359,134,132,2,2
9360,118,114,4,4
9361,72,83,-11,11
9362,96,124,-28,28
9363,176,163,13,13
9364,156,153,3,3
9365,64,90,-26,26
9366,99,115,-16,16
9367,94,96,-2,2
9368,84,83,1,1
9369,88,95,-7,7
9370,144,147,-3,3
9371,123,118,5,5
9372,99,110,-11,11
9373,63,89,-26,26
9374,64,73,-9,9
9375,141,134,7,7
9376,71,92,-21,21
9377,166,157,9,9
9378,118,120,-2,2
9379,120,114,6,6
9380,145,138,7,7
9381,87,93,-6,6
9382,90,100,-10,10
9383,80,94,-14,14
9384,125,127,-2,2
9385,59,61,-2,2
9386,171,162,9,9
9387,72,74,-2,2
9388,121,109,12,12
9389,47,55,-8,8
9390,73,89,-16,16
9391,124,112,12,12
9392,87,98,-11,11
9393,95,97,-2,2
9394,77,80,-3,3
9395,167,165,2,2
9396,53,65,-12,12
9397,89,90,-1,1
9398,83,84,-1,1
9399,77,92,-15,15
9400,127,128,-1,1
9401,94,103,-9,9
9402,95,89,6,6
9403,93,100,-7,7
9404,74,80,-6,6
9405,112,122,-10,10
9406,117,112,5,5
9407,69,75,-6,6
9408,88,94,-6,6
9409,71,85,-14,14
9410,57,57,0,0
9411,89,87,2,2
9412,98,116,-18,18
9413,123,128,-5,5
9414,88,89,-1,1
9415,136,125,11,11
9416,85,84,1,1
9417,93,97,-4,4
9418,150,156,-6,6
9419,50,61,-11,11
9420,77,87,-10,10
9421,87,98,-11,11
9422,123,121,2,2
9423,71,80,-9,9
9424,142,142,0,0
9425,78,87,-9,9
9426,111,114,-3,3
9427,54,79,-25,25
9428,66,77,-11,11
9429,110,109,1,1
9430,96,98,-2,2
9431,56,63,-7,7
9432,17,36,-19,19
9433,84,89,-5,5
9434,108,114,-6,6
9435,103,95,8,8
9436,102,105,-3,3
9437,81,91,-10,10
9438,125,127,-2,2
9439,120,133,-13,13
9440,89,92,-3,3
9441,73,75,-2,2
9442,110,110,0,0
9443,86,91,-5,5
9444,94,100,-6,6
9445,76,78,-2,2
9446,72,77,-5,5
9447,41,55,-14,14
9448,129,127,2,2
9449,80,83,-3,3
9450,92,90,2,2
9451,208,182,26,26
9452,170,166,4,4
9453,88,96,-8,8
9454,43,56,-13,13
9455,65,68,-3,3
9456,52,60,-8,8
9457,44,54,-10,10
9458,96,107,-11,11
9459,165,158,7,7
9460,92,90,2,2
9461,104,96,8,8
9462,131,131,0,0
9463,73,82,-9,9
9464,131,122,9,9
9465,51,77,-26,26
9466,63,74,-11,11
9467,107,117,-10,10
9468,109,128,-19,19
9469,131,121,10,10
9470,96,96,0,0
9471,90,85,5,5
9472,60,75,-15,15
9473,106,112,-6,6
9474,101,92,9,9
9475,67,76,-9,9
9476,117,119,-2,2
9477,76,88,-12,12
9478,78,77,1,1
9479,94,95,-1,1
9480,95,98,-3,3
9481,78,73,5,5
9482,133,141,-8,8
9483,41,64,-23,23
9484,105,107,-2,2
9485,102,96,6,6
9486,88,100,-12,12
9487,106,110,-4,4
9488,89,93,-4,4
9489,98,122,-24,24
9490,128,127,1,1
9491,102,112,-10,10
9492,132,139,-7,7
9493,101,101,0,0
9494,144,143,1,1
9495,61,71,-10,10
9496,61,70,-9,9
9497,114,122,-8,8
9498,125,125,0,0
9499,70,77,-7,7
9500,83,87,-4,4
9501,147,147,0,0
9502,97,104,-7,7
9503,82,91,-9,9
9504,87,86,1,1
9505,94,98,-4,4
9506,54,70,-16,16
9507,71,83,-12,12
9508,105,98,7,7
9509,87,95,-8,8
9510,95,109,-14,14
9511,71,82,-11,11
9512,76,87,-11,11
9513,123,124,-1,1
9514,127,131,-4,4
9515,84,98,-14,14
9516,48,63,-15,15
9517,108,99,9,9
9518,157,134,23,23
9519,54,64,-10,10
9520,100,95,5,5
9521,118,115,3,3
9522,57,67,-10,10
9523,137,134,3,3
9524,80,90,-10,10
9525,48,58,-10,10
9526,49,53,-4,4
9527,94,98,-4,4
9528,101,99,2,2
9529,64,74,-10,10
9530,114,128,-14,14
9531,82,82,0,0
9532,62,71,-9,9
9533,57,73,-16,16
9534,88,101,-13,13
9535,92,102,-10,10
9536,66,89,-23,23
9537,76,87,-11,11
9538,59,64,-5,5
9539,89,94,-5,5
9540,63,71,-8,8
9541,51,57,-6,6
9542,123,124,-1,1
9543,88,95,-7,7
9544,59,72,-13,13
9545,66,73,-7,7
9546,135,123,12,12
9547,54,65,-11,11
9548,24,40,-16,16
9549,91,87,4,4
9550,166,160,6,6
9551,45,54,-9,9
9552,95,96,-1,1
9553,99,106,-7,7
9554,70,85,-15,15
9555,81,79,2,2
9556,97,92,5,5
9557,75,93,-18,18
9558,55,70,-15,15
9559,86,98,-12,12
9560,172,162,10,10
9561,65,84,-19,19
9562,174,163,11,11
9563,78,89,-11,11
9564,81,93,-12,12
9565,68,71,-3,3
9566,74,74,0,0
9567,46,56,-10,10
9568,119,128,-9,9
9569,48,59,-11,11
9570,112,121,-9,9
9571,135,153,-18,18
9572,91,84,7,7
9573,103,99,4,4
9574,95,118,-23,23
9575,91,85,6,6
9576,201,175,26,26
9577,89,93,-4,4
9578,71,77,-6,6
9579,198,184,14,14
9580,93,90,3,3
9581,82,87,-5,5
9582,132,127,5,5
9583,79,96,-17,17
9584,60,70,-10,10
9585,72,88,-16,16
9586,107,115,-8,8
9587,112,116,-4,4
9588,99,109,-10,10
9589,104,118,-14,14
9590,68,75,-7,7
9591,57,67,-10,10
9592,47,60,-13,13
9593,96,97,-1,1
9594,95,111,-16,16
9595,43,54,-11,11
9596,116,109,7,7
9597,65,79,-14,14
9598,106,99,7,7
9599,117,126,-9,9
9600,96,97,-1,1
9601,67,71,-4,4
9602,100,97,3,3
9603,108,113,-5,5
9604,103,107,-4,4
9605,58,67,-9,9
9606,88,92,-4,4
9607,133,128,5,5
9608,161,158,3,3
9609,95,94,1,1
9610,99,94,5,5
9611,69,74,-5,5
9612,112,111,1,1
9613,127,122,5,5
9614,66,72,-6,6
9615,116,123,-7,7
9616,105,116,-11,11
9617,100,96,4,4
9618,93,98,-5,5
9619,79,90,-11,11
9620,121,114,7,7
9621,86,98,-12,12
9622,88,88,0,0
9623,177,157,20,20
9624,67,70,-3,3
9625,73,77,-4,4
9626,105,103,2,2
9627,115,114,1,1
9628,141,142,-1,1
9629,75,82,-7,7
9630,58,68,-10,10
9631,86,92,-6,6
9632,137,136,1,1
9633,113,119,-6,6
9634,92,93,-1,1
9635,83,96,-13,13
9636,103,120,-17,17
9637,145,143,2,2
9638,84,88,-4,4
9639,123,135,-12,12
9640,104,104,0,0
9641,61,70,-9,9
9642,79,83,-4,4
9643,90,117,-27,27
9644,115,120,-5,5
9645,138,148,-10,10
9646,80,85,-5,5
9647,92,103,-11,11
9648,126,127,-1,1
9649,62,58,4,4
9650,81,91,-10,10
9651,88,94,-6,6
9652,90,98,-8,8
9653,70,77,-7,7
9654,113,118,-5,5
9655,81,89,-8,8
9656,70,86,-16,16
9657,87,88,-1,1
9658,62,76,-14,14
9659,54,67,-13,13
9660,85,92,-7,7
9661,76,78,-2,2
9662,44,57,-13,13
9663,106,102,4,4
9664,116,114,2,2
9665,114,121,-7,7
9666,156,155,1,1
9667,127,119,8,8
9668,61,68,-7,7
9669,57,60,-3,3
9670,128,128,0,0
9671,90,88,2,2
9672,113,113,0,0
9673,81,82,-1,1
9674,48,65,-17,17
9675,47,59,-12,12
9676,139,133,6,6
9677,154,150,4,4
9678,104,111,-7,7
9679,97,100,-3,3
9680,123,125,-2,2
9681,68,67,1,1
9682,94,99,-5,5
9683,77,93,-16,16
9684,45,52,-7,7
9685,78,85,-7,7
9686,75,87,-12,12
9687,79,83,-4,4
9688,175,168,7,7
9689,117,115,2,2
9690,108,105,3,3
9691,106,116,-10,10
9692,82,78,4,4
9693,112,107,5,5
9694,74,81,-7,7
9695,117,120,-3,3
9696,94,103,-9,9
9697,226,208,18,18
9698,120,111,9,9
9699,40,52,-12,12
9700,40,109,-69,69
9701,119,125,-6,6
9702,51,62,-11,11
9703,61,67,-6,6
9704,119,120,-1,1
9705,97,92,5,5
9706,70,82,-12,12
9707,101,95,6,6
9708,160,154,6,6
9709,88,88,0,0
9710,41,62,-21,21
9711,86,91,-5,5
9712,76,88,-12,12
9713,66,79,-13,13
9714,110,117,-7,7
9715,120,121,-1,1
9716,97,104,-7,7
9717,89,102,-13,13
9718,117,118,-1,1
9719,59,76,-17,17
9720,145,143,2,2
9721,84,82,2,2
9722,78,91,-13,13
9723,65,70,-5,5
9724,62,68,-6,6
9725,114,118,-4,4
9726,76,88,-12,12
9727,51,65,-14,14
9728,131,147,-16,16
9729,162,175,-13,13
9730,90,103,-13,13
9731,95,109,-14,14
9732,49,69,-20,20
9733,81,90,-9,9
9734,103,104,-1,1
9735,136,143,-7,7
9736,116,118,-2,2
9737,74,78,-4,4
9738,54,70,-16,16
9739,110,114,-4,4
9740,113,106,7,7
9741,142,124,18,18
9742,130,112,18,18
9743,156,146,10,10
9744,186,186,0,0
9745,70,75,-5,5
9746,115,111,4,4
9747,149,133,16,16
9748,135,128,7,7
9749,72,74,-2,2
9750,143,139,4,4
9751,190,175,15,15
9752,117,129,-12,12
9753,124,99,25,25
9754,78,93,-15,15
9755,90,97,-7,7
9756,49,55,-6,6
9757,52,67,-15,15
9758,48,64,-16,16
9759,69,78,-9,9
9760,69,82,-13,13
9761,40,59,-19,19
9762,89,100,-11,11
9763,85,90,-5,5
9764,104,118,-14,14
9765,130,127,3,3
9766,110,97,13,13
9767,136,129,7,7
9768,91,88,3,3
9769,83,93,-10,10
9770,50,58,-8,8
9771,104,111,-7,7
9772,83,85,-2,2
9773,114,116,-2,2
9774,119,133,-14,14
9775,88,90,-2,2
9776,68,98,-30,30
9777,84,107,-23,23
9778,93,83,10,10
9779,56,64,-8,8
9780,66,76,-10,10
9781,60,67,-7,7
9782,58,67,-9,9
9783,142,142,0,0
9784,197,180,17,17
9785,53,62,-9,9
9786,86,110,-24,24
9787,85,91,-6,6
9788,153,140,13,13
9789,58,68,-10,10
9790,78,85,-7,7
9791,159,150,9,9
9792,129,130,-1,1
9793,115,117,-2,2
9794,64,68,-4,4
9795,142,140,2,2
9796,83,86,-3,3
9797,171,177,-6,6
9798,137,137,0,0
9799,107,113,-6,6
9800,101,97,4,4
9801,75,72,3,3
9802,103,101,2,2
9803,80,86,-6,6
9804,51,65,-14,14
9805,92,89,3,3
9806,88,92,-4,4
9807,96,106,-10,10
9808,140,133,7,7
9809,107,113,-6,6
9810,59,70,-11,11
9811,128,121,7,7
9812,80,85,-5,5
9813,40,51,-11,11
9814,139,141,-2,2
9815,79,78,1,1
9816,89,100,-11,11
9817,127,129,-2,2
9818,132,127,5,5
9819,104,112,-8,8
9820,100,97,3,3
9821,76,83,-7,7
9822,182,151,31,31
9823,43,53,-10,10
9824,56,64,-8,8
9825,140,131,9,9
9826,98,104,-6,6
9827,66,82,-16,16
9828,52,54,-2,2
9829,100,100,0,0
9830,131,123,8,8
9831,47,62,-15,15
9832,57,63,-6,6
9833,58,69,-11,11
9834,100,99,1,1
9835,143,153,-10,10
9836,81,84,-3,3
9837,130,113,17,17
9838,63,79,-16,16
9839,84,104,-20,20
9840,86,93,-7,7
9841,118,118,0,0
9842,109,105,4,4
9843,176,181,-5,5
9844,68,74,-6,6
9845,102,108,-6,6
9846,65,72,-7,7
9847,88,97,-9,9
9848,127,122,5,5
9849,56,63,-7,7
9850,104,108,-4,4
9851,105,99,6,6
9852,84,89,-5,5
9853,27,72,-45,45
9854,95,100,-5,5
9855,77,84,-7,7
9856,192,197,-5,5
9857,78,77,1,1
9858,122,127,-5,5
9859,80,90,-10,10
9860,94,87,7,7
9861,126,124,2,2
9862,44,55,-11,11
9863,73,86,-13,13
9864,104,90,14,14
9865,71,76,-5,5
9866,65,84,-19,19
9867,96,88,8,8
9868,116,106,10,10
9869,103,112,-9,9
9870,129,130,-1,1
9871,143,143,0,0
9872,100,120,-20,20
9873,133,126,7,7
9874,64,71,-7,7
9875,121,125,-4,4
9876,61,73,-12,12
9877,55,66,-11,11
9878,49,57,-8,8
9879,86,89,-3,3
9880,85,87,-2,2
9881,61,67,-6,6
9882,128,140,-12,12
9883,91,84,7,7
9884,99,91,8,8
9885,92,96,-4,4
9886,179,174,5,5
9887,114,105,9,9
9888,66,69,-3,3
9889,78,89,-11,11
9890,69,78,-9,9
9891,121,117,4,4
9892,85,79,6,6
9893,110,130,-20,20
9894,92,100,-8,8
9895,117,115,2,2
9896,174,167,7,7
9897,135,141,-6,6
9898,64,67,-3,3
9899,75,79,-4,4
9900,97,114,-17,17
9901,120,125,-5,5
9902,102,102,0,0
9903,91,93,-2,2
9904,70,82,-12,12
9905,64,80,-16,16
9906,49,60,-11,11
9907,94,106,-12,12
9908,71,85,-14,14
9909,136,168,-32,32
9910,68,75,-7,7
9911,122,123,-1,1
9912,73,77,-4,4
9913,114,119,-5,5
9914,98,104,-6,6
9915,104,107,-3,3
9916,103,102,1,1
9917,108,104,4,4
9918,127,125,2,2
9919,130,140,-10,10
9920,95,100,-5,5
9921,89,87,2,2
9922,73,82,-9,9
9923,157,142,15,15
9924,103,103,0,0
9925,105,106,-1,1
9926,112,109,3,3
9927,109,107,2,2
9928,79,82,-3,3
9929,92,115,-23,23
9930,72,73,-1,1
9931,48,62,-14,14
9932,98,94,4,4
9933,111,115,-4,4
9934,119,114,5,5
9935,139,123,16,16
9936,55,74,-19,19
9937,107,118,-11,11
9938,135,146,-11,11
9939,102,103,-1,1
9940,88,99,-11,11
9941,105,124,-19,19
9942,136,124,12,12
9943,82,88,-6,6
9944,67,76,-9,9
9945,123,123,0,0
9946,120,128,-8,8
9947,94,107,-13,13
9948,51,59,-8,8
9949,95,92,3,3
9950,92,95,-3,3
9951,154,138,16,16
9952,76,87,-11,11
9953,59,64,-5,5
9954,153,143,10,10
9955,66,81,-15,15
9956,96,107,-11,11
9957,131,130,1,1
9958,81,85,-4,4
9959,80,88,-8,8
9960,59,69,-10,10
9961,72,84,-12,12
9962,148,142,6,6
9963,123,138,-15,15
9964,72,80,-8,8
9965,59,70,-11,11
9966,145,142,3,3
9967,95,102,-7,7
9968,125,127,-2,2
9969,79,85,-6,6
9970,79,86,-7,7
9971,68,78,-10,10
9972,135,140,-5,5
9973,96,99,-3,3
9974,64,69,-5,5
9975,62,62,0,0
9976,102,104,-2,2
9977,141,138,3,3
9978,82,82,0,0
9979,84,80,4,4
9980,85,93,-8,8
9981,77,84,-7,7
9982,107,105,2,2
9983,94,97,-3,3
9984,84,80,4,4
9985,90,92,-2,2
9986,127,129,-2,2
9987,94,98,-4,4
9988,142,163,-21,21
9989,88,98,-10,10
9990,104,102,2,2
9991,66,76,-10,10
9992,48,58,-10,10
9993,76,77,-1,1
9994,105,107,-2,2
9995,62,62,0,0
9996,82,89,-7,7
9997,123,127,-4,4
9998,88,100,-12,12
9999,68,71,-3,3
10000,171,155,16,16
10001,134,129,5,5
10002,81,82,-1,1
10003,66,77,-11,11
10004,49,61,-12,12
10005,92,98,-6,6
10006,121,120,1,1
10007,133,128,5,5
10008,147,140,7,7
10009,81,88,-7,7
10010,69,80,-11,11
10011,83,89,-6,6
10012,88,92,-4,4
10013,59,63,-4,4
10014,91,99,-8,8
10015,153,157,-4,4
10016,114,111,3,3
10017,77,90,-13,13
10018,85,81,4,4
10019,80,82,-2,2
10020,74,79,-5,5
10021,169,160,9,9
10022,108,112,-4,4
10023,121,127,-6,6
10024,83,93,-10,10
10025,56,61,-5,5
10026,74,83,-9,9
10027,53,71,-18,18
10028,80,93,-13,13
10029,79,87,-8,8
10030,117,118,-1,1
10031,174,164,10,10
10032,77,80,-3,3
10033,114,105,9,9
10034,79,85,-6,6
10035,158,149,9,9
10036,80,85,-5,5
10037,90,122,-32,32
10038,111,113,-2,2
10039,155,142,13,13
10040,55,66,-11,11
10041,74,82,-8,8
10042,62,76,-14,14
10043,138,140,-2,2
10044,143,154,-11,11
10045,113,121,-8,8
10046,100,110,-10,10
10047,115,103,12,12
10048,49,58,-9,9
10049,139,147,-8,8
10050,114,123,-9,9
10051,125,131,-6,6
10052,61,71,-10,10
10053,136,134,2,2
10054,77,80,-3,3
10055,211,189,22,22
10056,66,66,0,0
10057,111,107,4,4
10058,122,128,-6,6
10059,139,137,2,2
10060,121,115,6,6
10061,108,117,-9,9
10062,85,99,-14,14
10063,110,112,-2,2
10064,62,80,-18,18
10065,107,105,2,2
10066,49,57,-8,8
10067,82,85,-3,3
10068,92,96,-4,4
10069,59,68,-9,9
10070,56,63,-7,7
10071,105,103,2,2
10072,61,75,-14,14
10073,95,109,-14,14
10074,56,70,-14,14
10075,148,150,-2,2
10076,123,130,-7,7
10077,111,121,-10,10
10078,75,81,-6,6
10079,139,151,-12,12
10080,68,78,-10,10
10081,90,88,2,2
10082,150,158,-8,8
10083,133,123,10,10
10084,49,62,-13,13
10085,62,71,-9,9
10086,111,108,3,3
10087,117,121,-4,4
10088,151,146,5,5
10089,100,101,-1,1
10090,42,62,-20,20
10091,78,82,-4,4
10092,48,65,-17,17
10093,118,111,7,7
10094,70,73,-3,3
10095,117,134,-17,17
10096,61,95,-34,34
10097,94,106,-12,12
10098,78,86,-8,8
10099,170,164,6,6
10100,68,73,-5,5
10101,78,78,0,0
10102,47,56,-9,9
10103,130,114,16,16
10104,80,84,-4,4
10105,70,82,-12,12
10106,49,72,-23,23
10107,117,113,4,4
10108,86,94,-8,8
10109,82,83,-1,1
10110,54,62,-8,8
10111,160,156,4,4
10112,78,97,-19,19
10113,82,89,-7,7
10114,59,65,-6,6
10115,115,117,-2,2
10116,86,94,-8,8
10117,119,115,4,4
10118,116,121,-5,5
10119,90,102,-12,12
10120,75,84,-9,9
10121,81,86,-5,5
10122,87,95,-8,8
10123,108,107,1,1
10124,50,61,-11,11
10125,53,64,-11,11
10126,130,144,-14,14
10127,125,118,7,7
10128,118,120,-2,2
10129,112,113,-1,1
10130,62,79,-17,17
10131,105,109,-4,4
10132,90,103,-13,13
10133,143,145,-2,2
10134,58,65,-7,7
10135,64,73,-9,9
10136,108,102,6,6
10137,98,90,8,8
10138,136,132,4,4
10139,101,118,-17,17
10140,85,96,-11,11
10141,92,99,-7,7
10142,144,134,10,10
10143,80,87,-7,7
10144,110,103,7,7
10145,66,69,-3,3
10146,73,77,-4,4
10147,59,64,-5,5
10148,88,97,-9,9
10149,74,88,-14,14
10150,61,72,-11,11
10151,125,117,8,8
10152,55,62,-7,7
10153,115,115,0,0
10154,58,71,-13,13
10155,76,86,-10,10
10156,137,146,-9,9
10157,81,83,-2,2
10158,116,120,-4,4
10159,81,86,-5,5
10160,94,93,1,1
10161,78,96,-18,18
10162,80,83,-3,3
10163,99,102,-3,3
10164,118,117,1,1
10165,137,133,4,4
10166,98,107,-9,9
10167,71,76,-5,5
10168,83,89,-6,6
10169,132,144,-12,12
10170,69,74,-5,5
10171,119,123,-4,4
10172,101,114,-13,13
10173,92,100,-8,8
10174,74,78,-4,4
10175,95,103,-8,8
10176,67,77,-10,10
10177,50,62,-12,12
10178,106,106,0,0
10179,102,100,2,2
10180,359,247,112,112
10181,58,67,-9,9
10182,94,94,0,0
10183,90,87,3,3
10184,88,90,-2,2
10185,105,98,7,7
10186,75,82,-7,7
10187,89,94,-5,5
10188,86,87,-1,1
10189,133,130,3,3
10190,35,49,-14,14
10191,88,87,1,1
10192,177,164,13,13
10193,100,103,-3,3
10194,65,71,-6,6
10195,104,104,0,0
10196,67,68,-1,1
10197,86,89,-3,3
10198,123,117,6,6
10199,108,105,3,3
10200,84,87,-3,3
10201,54,71,-17,17
10202,95,99,-4,4
10203,86,91,-5,5
10204,70,90,-20,20
10205,84,83,1,1
10206,107,107,0,0
10207,45,56,-11,11
10208,85,93,-8,8
10209,79,88,-9,9
10210,125,126,-1,1
10211,92,96,-4,4
10212,74,83,-9,9
10213,139,144,-5,5
10214,84,87,-3,3
10215,103,122,-19,19
10216,60,79,-19,19
10217,78,89,-11,11
10218,69,62,7,7
10219,131,136,-5,5
10220,102,101,1,1
10221,69,79,-10,10
10222,58,69,-11,11
10223,43,57,-14,14
10224,29,43,-14,14
10225,86,93,-7,7
10226,114,116,-2,2
10227,38,57,-19,19
10228,113,126,-13,13
10229,74,91,-17,17
10230,67,75,-8,8
10231,221,207,14,14
10232,103,103,0,0
10233,224,217,7,7
10234,82,103,-21,21
10235,104,104,0,0
10236,115,106,9,9
10237,70,91,-21,21
10238,92,95,-3,3
10239,118,120,-2,2
10240,159,145,14,14
10241,124,116,8,8
10242,165,147,18,18
10243,118,125,-7,7
10244,79,80,-1,1
10245,113,113,0,0
10246,61,72,-11,11
10247,112,117,-5,5
10248,68,74,-6,6
10249,71,83,-12,12
10250,127,122,5,5
10251,82,86,-4,4
10252,63,69,-6,6
10253,189,195,-6,6
10254,73,84,-11,11
10255,76,75,1,1
10256,99,111,-12,12
10257,131,133,-2,2
10258,88,95,-7,7
10259,61,74,-13,13
10260,135,130,5,5
10261,52,67,-15,15
10262,114,117,-3,3
10263,82,89,-7,7
10264,106,110,-4,4
10265,102,121,-19,19
10266,105,118,-13,13
10267,77,89,-12,12
10268,66,73,-7,7
10269,129,123,6,6
10270,73,79,-6,6
10271,77,84,-7,7
10272,70,75,-5,5
10273,40,49,-9,9
10274,55,74,-19,19
10275,130,136,-6,6
10276,168,156,12,12
10277,76,70,6,6
10278,136,133,3,3
10279,104,118,-14,14
10280,52,65,-13,13
10281,151,146,5,5
10282,74,85,-11,11
10283,60,75,-15,15
10284,90,91,-1,1
10285,81,81,0,0
10286,118,122,-4,4
10287,96,99,-3,3
10288,96,97,-1,1
10289,151,153,-2,2
10290,125,122,3,3
10291,73,75,-2,2
10292,107,105,2,2
10293,113,117,-4,4
10294,118,130,-12,12
10295,71,86,-15,15
10296,68,75,-7,7
10297,65,75,-10,10
10298,48,63,-15,15
10299,73,82,-9,9
10300,86,112,-26,26
10301,45,57,-12,12
10302,87,91,-4,4
10303,113,112,1,1
10304,137,136,1,1
10305,114,120,-6,6
10306,61,71,-10,10
10307,106,98,8,8
10308,128,130,-2,2
10309,111,115,-4,4
10310,100,101,-1,1
10311,100,97,3,3
10312,133,141,-8,8
10313,96,99,-3,3
10314,133,134,-1,1
10315,130,133,-3,3
10316,78,87,-9,9
10317,130,120,10,10
10318,110,125,-15,15
10319,75,88,-13,13
10320,144,146,-2,2
10321,81,92,-11,11
10322,63,78,-15,15
10323,122,126,-4,4
10324,119,131,-12,12
10325,99,105,-6,6
10326,111,112,-1,1
10327,143,126,17,17
10328,104,121,-17,17
10329,93,94,-1,1
10330,72,85,-13,13
10331,79,90,-11,11
10332,128,135,-7,7
10333,99,101,-2,2
10334,76,88,-12,12
10335,100,105,-5,5
10336,70,75,-5,5
10337,148,151,-3,3
10338,68,73,-5,5
10339,100,117,-17,17
10340,74,94,-20,20
10341,86,88,-2,2
10342,93,92,1,1
10343,138,125,13,13
10344,149,160,-11,11
10345,65,66,-1,1
10346,89,97,-8,8
10347,117,93,24,24
10348,98,93,5,5
10349,127,128,-1,1
10350,106,102,4,4
10351,68,69,-1,1
10352,160,142,18,18
10353,83,94,-11,11
10354,129,118,11,11
10355,117,106,11,11
10356,74,90,-16,16
10357,101,104,-3,3
10358,113,112,1,1
10359,121,119,2,2
10360,122,131,-9,9
10361,117,116,1,1
10362,131,138,-7,7
10363,68,71,-3,3
10364,86,101,-15,15
10365,97,95,2,2
10366,125,125,0,0
10367,65,78,-13,13
10368,49,55,-6,6
10369,81,88,-7,7
10370,103,111,-8,8
10371,110,107,3,3
10372,86,94,-8,8
10373,103,104,-1,1
10374,103,109,-6,6
10375,59,66,-7,7
10376,119,112,7,7
10377,40,47,-7,7
10378,102,108,-6,6
10379,120,117,3,3
10380,103,109,-6,6
10381,101,103,-2,2
10382,106,109,-3,3
10383,110,116,-6,6
10384,82,83,-1,1
10385,88,88,0,0
10386,174,176,-2,2
10387,99,97,2,2
10388,66,73,-7,7
10389,105,114,-9,9
10390,59,67,-8,8
10391,128,117,11,11
10392,53,70,-17,17
10393,123,132,-9,9
10394,88,103,-15,15
10395,80,85,-5,5
10396,72,91,-19,19
10397,73,84,-11,11
10398,60,67,-7,7
10399,88,90,-2,2
10400,82,85,-3,3
10401,156,146,10,10
10402,163,147,16,16
10403,73,76,-3,3
10404,105,100,5,5
10405,137,127,10,10
10406,74,82,-8,8
10407,85,84,1,1
10408,71,82,-11,11
10409,56,73,-17,17
10410,95,96,-1,1
10411,48,54,-6,6
10412,113,118,-5,5
10413,96,100,-4,4
10414,111,113,-2,2
10415,80,118,-38,38
10416,44,56,-12,12
10417,73,77,-4,4
10418,132,115,17,17
10419,100,93,7,7
10420,126,123,3,3
10421,77,91,-14,14
10422,81,97,-16,16
10423,68,72,-4,4
10424,73,99,-26,26
10425,100,108,-8,8
10426,98,94,4,4
10427,60,66,-6,6
10428,110,112,-2,2
10429,102,105,-3,3
10430,75,80,-5,5
10431,138,143,-5,5
10432,81,82,-1,1
10433,108,117,-9,9
10434,148,140,8,8
10435,59,63,-4,4
10436,88,97,-9,9
10437,104,93,11,11
10438,72,71,1,1
10439,82,89,-7,7
10440,93,96,-3,3
10441,93,92,1,1
10442,160,159,1,1
10443,129,128,1,1
10444,113,120,-7,7
10445,116,103,13,13
10446,119,121,-2,2
10447,86,89,-3,3
10448,44,53,-9,9
10449,76,74,2,2
10450,61,71,-10,10
10451,80,93,-13,13
10452,99,99,0,0
10453,87,105,-18,18
10454,117,119,-2,2
10455,50,78,-28,28
10456,150,141,9,9
10457,123,117,6,6
10458,100,87,13,13
10459,147,143,4,4
10460,185,187,-2,2
10461,59,66,-7,7
10462,81,81,0,0
10463,61,80,-19,19
10464,126,125,1,1
10465,82,89,-7,7
10466,100,103,-3,3
10467,81,82,-1,1
10468,39,50,-11,11
10469,77,78,-1,1
10470,51,61,-10,10
10471,98,110,-12,12
10472,133,148,-15,15
10473,80,86,-6,6
10474,151,140,11,11
10475,88,83,5,5
10476,55,60,-5,5
10477,72,85,-13,13
10478,75,92,-17,17
10479,77,78,-1,1
10480,81,78,3,3
10481,144,143,1,1
10482,121,106,15,15
10483,57,63,-6,6
10484,69,80,-11,11
10485,99,105,-6,6
10486,64,79,-15,15
10487,130,119,11,11
10488,106,113,-7,7
10489,72,80,-8,8
10490,67,80,-13,13
10491,68,74,-6,6
10492,79,90,-11,11
10493,81,89,-8,8
10494,69,77,-8,8
10495,67,73,-6,6
10496,73,79,-6,6
10497,39,55,-16,16
10498,112,129,-17,17
10499,71,80,-9,9
10500,132,123,9,9
10501,133,138,-5,5
10502,95,99,-4,4
10503,112,110,2,2
10504,112,105,7,7
10505,99,120,-21,21
10506,71,84,-13,13
10507,127,141,-14,14
10508,89,100,-11,11
10509,87,90,-3,3
10510,124,120,4,4
10511,66,75,-9,9
10512,92,104,-12,12
10513,80,84,-4,4
10514,94,98,-4,4
10515,146,153,-7,7
10516,139,141,-2,2
10517,136,138,-2,2
10518,63,68,-5,5
10519,54,64,-10,10
10520,171,161,10,10
10521,91,91,0,0
10522,170,154,16,16
10523,147,136,11,11
10524,70,75,-5,5
10525,140,144,-4,4
10526,117,123,-6,6
10527,72,77,-5,5
10528,132,129,3,3
10529,63,73,-10,10
10530,102,111,-9,9
10531,81,92,-11,11
10532,90,92,-2,2
10533,87,96,-9,9
10534,127,124,3,3
10535,56,68,-12,12
10536,44,56,-12,12
10537,122,121,1,1
10538,111,112,-1,1
10539,66,78,-12,12
10540,110,118,-8,8
10541,101,109,-8,8
10542,119,129,-10,10
10543,75,89,-14,14
10544,65,74,-9,9
10545,55,65,-10,10
10546,76,90,-14,14
10547,70,80,-10,10
10548,157,179,-22,22
10549,27,39,-12,12
10550,83,85,-2,2
10551,125,122,3,3
10552,95,106,-11,11
10553,86,84,2,2
10554,116,123,-7,7
10555,66,72,-6,6
10556,144,163,-19,19
10557,96,107,-11,11
10558,94,100,-6,6
10559,37,50,-13,13
10560,195,181,14,14
10561,108,110,-2,2
10562,130,132,-2,2
10563,78,88,-10,10
10564,57,71,-14,14
10565,72,74,-2,2
10566,57,75,-18,18
10567,90,109,-19,19
10568,67,67,0,0
10569,157,158,-1,1
10570,57,70,-13,13
10571,94,99,-5,5
10572,69,83,-14,14
10573,86,89,-3,3
10574,58,67,-9,9
10575,105,110,-5,5
10576,74,83,-9,9
10577,116,116,0,0
10578,78,80,-2,2
10579,115,113,2,2
10580,64,71,-7,7
10581,127,120,7,7
10582,77,83,-6,6
10583,99,94,5,5
10584,68,80,-12,12
10585,101,116,-15,15
10586,88,91,-3,3
10587,121,124,-3,3
10588,100,104,-4,4
10589,87,77,10,10
10590,80,80,0,0
10591,43,56,-13,13
10592,103,115,-12,12
10593,149,141,8,8
10594,67,80,-13,13
10595,110,120,-10,10
10596,127,123,4,4
10597,55,67,-12,12
10598,133,131,2,2
10599,82,89,-7,7
10600,45,51,-6,6
10601,59,68,-9,9
10602,120,120,0,0
10603,103,113,-10,10
10604,145,147,-2,2
10605,119,127,-8,8
10606,75,88,-13,13
10607,74,79,-5,5
10608,109,116,-7,7
10609,148,144,4,4
10610,80,86,-6,6
10611,68,72,-4,4
10612,116,121,-5,5
10613,114,110,4,4
10614,100,107,-7,7
10615,72,80,-8,8
10616,119,141,-22,22
10617,96,91,5,5
10618,58,73,-15,15
10619,132,141,-9,9
10620,169,168,1,1
10621,70,76,-6,6
10622,90,89,1,1
10623,93,94,-1,1
10624,107,129,-22,22
10625,124,122,2,2
10626,43,55,-12,12
10627,102,102,0,0
10628,107,111,-4,4
10629,61,74,-13,13
10630,62,69,-7,7
10631,72,74,-2,2
10632,129,127,2,2
10633,74,80,-6,6
10634,81,84,-3,3
10635,107,103,4,4
10636,79,81,-2,2
10637,43,48,-5,5
10638,72,81,-9,9
10639,102,93,9,9
10640,93,94,-1,1
10641,90,94,-4,4
10642,66,67,-1,1
10643,125,124,1,1
10644,73,77,-4,4
10645,78,77,1,1
10646,49,59,-10,10
10647,81,79,2,2
10648,74,86,-12,12
10649,78,83,-5,5
10650,82,87,-5,5
10651,92,116,-24,24
10652,110,92,18,18
10653,96,98,-2,2
10654,83,92,-9,9
10655,143,148,-5,5
10656,88,84,4,4
10657,111,114,-3,3
10658,54,60,-6,6
10659,66,77,-11,11
10660,68,87,-19,19
10661,57,70,-13,13
10662,169,148,21,21
10663,63,78,-15,15
10664,131,146,-15,15
10665,102,106,-4,4
10666,47,57,-10,10
10667,58,71,-13,13
10668,127,127,0,0
10669,100,99,1,1
10670,109,118,-9,9
10671,109,110,-1,1
10672,92,95,-3,3
10673,93,99,-6,6
10674,64,71,-7,7
10675,95,102,-7,7
10676,97,96,1,1
10677,87,97,-10,10
10678,65,82,-17,17
10679,84,89,-5,5
10680,140,123,17,17
10681,88,92,-4,4
10682,56,61,-5,5
10683,131,131,0,0
10684,107,105,2,2
10685,93,90,3,3
10686,125,126,-1,1
10687,204,192,12,12
10688,128,122,6,6
10689,80,83,-3,3
10690,161,177,-16,16
10691,114,114,0,0
10692,96,85,11,11
10693,79,87,-8,8
10694,60,66,-6,6
10695,176,167,9,9
10696,41,51,-10,10
10697,50,60,-10,10
10698,45,53,-8,8
10699,168,140,28,28
10700,65,73,-8,8
10701,57,56,1,1
10702,98,102,-4,4
10703,77,82,-5,5
10704,84,88,-4,4
10705,76,86,-10,10
10706,75,91,-16,16
10707,93,98,-5,5
10708,71,111,-40,40
10709,87,87,0,0
10710,65,77,-12,12
10711,130,123,7,7
10712,74,72,2,2
10713,34,50,-16,16
10714,129,114,15,15
10715,114,123,-9,9
10716,70,73,-3,3
10717,50,67,-17,17
10718,93,93,0,0
10719,55,61,-6,6
10720,94,87,7,7
10721,46,48,-2,2
10722,50,54,-4,4
10723,104,100,4,4
10724,118,120,-2,2
10725,102,102,0,0
10726,84,90,-6,6
10727,165,173,-8,8
10728,97,102,-5,5
10729,92,99,-7,7
10730,89,82,7,7
10731,76,87,-11,11
10732,75,98,-23,23
10733,142,146,-4,4
10734,96,102,-6,6
10735,145,152,-7,7
10736,87,93,-6,6
10737,64,69,-5,5
10738,48,68,-20,20
10739,94,98,-4,4
10740,69,71,-2,2
10741,66,67,-1,1
10742,131,124,7,7
10743,98,98,0,0
10744,94,104,-10,10
10745,65,73,-8,8
10746,89,97,-8,8
10747,128,123,5,5
10748,144,141,3,3
10749,53,68,-15,15
10750,108,115,-7,7
10751,29,49,-20,20
10752,58,65,-7,7
10753,94,107,-13,13
10754,74,76,-2,2
10755,133,135,-2,2
10756,75,82,-7,7
10757,87,85,2,2
10758,133,135,-2,2
10759,74,77,-3,3
10760,80,85,-5,5
10761,52,59,-7,7
10762,116,119,-3,3
10763,158,153,5,5
10764,224,199,25,25
10765,97,104,-7,7
10766,128,126,2,2
10767,102,105,-3,3
10768,114,108,6,6
10769,41,53,-12,12
10770,86,93,-7,7
10771,42,56,-14,14
10772,111,108,3,3
10773,142,146,-4,4
10774,68,82,-14,14
10775,65,74,-9,9
10776,116,120,-4,4
10777,91,92,-1,1
10778,157,157,0,0
10779,140,139,1,1
10780,126,121,5,5
10781,77,80,-3,3
10782,86,94,-8,8
10783,102,109,-7,7
10784,95,98,-3,3
10785,64,71,-7,7
10786,103,111,-8,8
10787,55,70,-15,15
10788,77,86,-9,9
10789,160,150,10,10
10790,58,70,-12,12
10791,191,194,-3,3
10792,121,132,-11,11
10793,77,77,0,0
10794,161,155,6,6
10795,65,73,-8,8
10796,80,97,-17,17
10797,77,86,-9,9
10798,67,83,-16,16
10799,51,64,-13,13
10800,76,83,-7,7
10801,155,144,11,11
10802,96,92,4,4
10803,65,73,-8,8
10804,98,100,-2,2
10805,101,104,-3,3
10806,49,56,-7,7
10807,112,115,-3,3
10808,81,74,7,7
10809,49,61,-12,12
10810,65,69,-4,4
10811,90,92,-2,2
10812,126,119,7,7
10813,48,57,-9,9
10814,120,123,-3,3
10815,55,63,-8,8
10816,75,94,-19,19
10817,83,101,-18,18
10818,135,126,9,9
10819,131,134,-3,3
10820,117,128,-11,11
10821,88,86,2,2
10822,92,98,-6,6
10823,90,105,-15,15
10824,98,105,-7,7
10825,101,99,2,2
10826,138,140,-2,2
10827,84,93,-9,9
10828,104,109,-5,5
10829,98,117,-19,19
10830,87,95,-8,8
10831,102,109,-7,7
10832,81,88,-7,7
10833,75,83,-8,8
10834,145,139,6,6
10835,114,116,-2,2
10836,63,72,-9,9
10837,51,61,-10,10
10838,109,113,-4,4
10839,69,74,-5,5
10840,87,104,-17,17
10841,72,73,-1,1
10842,114,118,-4,4
10843,96,89,7,7
10844,140,149,-9,9
10845,171,165,6,6
10846,97,102,-5,5
10847,77,86,-9,9
10848,125,117,8,8
10849,75,79,-4,4
10850,98,106,-8,8
10851,118,122,-4,4
10852,120,114,6,6
10853,69,75,-6,6
10854,57,63,-6,6
10855,129,124,5,5
10856,127,126,1,1
10857,81,88,-7,7
10858,102,108,-6,6
10859,154,144,10,10
10860,116,117,-1,1
10861,47,56,-9,9
10862,124,122,2,2
10863,124,119,5,5
10864,138,129,9,9
10865,82,91,-9,9
10866,120,113,7,7
10867,114,111,3,3
10868,90,96,-6,6
10869,88,87,1,1
10870,53,62,-9,9
10871,84,87,-3,3
10872,80,87,-7,7
10873,147,143,4,4
10874,79,92,-13,13
10875,115,114,1,1
10876,80,85,-5,5
10877,117,115,2,2
10878,123,119,4,4
10879,54,71,-17,17
10880,93,99,-6,6
10881,145,143,2,2
10882,128,139,-11,11
10883,73,79,-6,6
10884,51,57,-6,6
10885,65,71,-6,6
10886,102,115,-13,13
10887,95,112,-17,17
10888,58,66,-8,8
10889,49,66,-17,17
10890,113,118,-5,5
10891,121,127,-6,6
10892,148,148,0,0
10893,139,144,-5,5
10894,96,113,-17,17
10895,143,139,4,4
10896,92,101,-9,9
10897,78,84,-6,6
10898,11,25,-14,14
10899,66,75,-9,9
10900,79,82,-3,3
10901,70,77,-7,7
10902,67,78,-11,11
10903,77,83,-6,6
10904,144,143,1,1
10905,84,91,-7,7
10906,50,56,-6,6
10907,79,81,-2,2
10908,90,103,-13,13
10909,62,65,-3,3
10910,134,147,-13,13
10911,110,103,7,7
10912,78,105,-27,27
10913,142,130,12,12
10914,79,90,-11,11
10915,143,143,0,0
10916,80,93,-13,13
10917,37,49,-12,12
10918,70,72,-2,2
10919,96,110,-14,14
10920,135,142,-7,7
10921,76,79,-3,3
10922,181,173,8,8
10923,105,113,-8,8
10924,49,57,-8,8
10925,65,79,-14,14
10926,139,138,1,1
10927,38,49,-11,11
10928,83,87,-4,4
10929,56,68,-12,12
10930,120,110,10,10
10931,109,116,-7,7
10932,160,153,7,7
10933,117,133,-16,16
10934,92,106,-14,14
10935,99,103,-4,4
10936,114,117,-3,3
10937,70,70,0,0
10938,93,103,-10,10
10939,112,107,5,5
10940,118,114,4,4
10941,72,73,-1,1
10942,51,66,-15,15
10943,119,108,11,11
10944,85,87,-2,2
10945,101,118,-17,17
10946,78,87,-9,9
10947,75,81,-6,6
10948,69,86,-17,17
10949,120,120,0,0
10950,72,75,-3,3
10951,64,83,-19,19
10952,80,84,-4,4
10953,80,93,-13,13
10954,75,79,-4,4
10955,76,79,-3,3
10956,157,148,9,9
10957,80,103,-23,23
10958,117,117,0,0
10959,103,98,5,5
10960,129,114,15,15
10961,139,137,2,2
10962,98,98,0,0
10963,87,89,-2,2
10964,165,146,19,19
10965,73,83,-10,10
10966,137,136,1,1
10967,150,155,-5,5
10968,74,88,-14,14
10969,157,149,8,8
10970,82,101,-19,19
10971,74,74,0,0
10972,37,58,-21,21
10973,95,98,-3,3
10974,104,104,0,0
10975,124,128,-4,4
10976,37,55,-18,18
10977,80,108,-28,28
10978,80,95,-15,15
10979,88,89,-1,1
10980,147,127,20,20
10981,65,79,-14,14
10982,101,105,-4,4
10983,93,96,-3,3
10984,71,81,-10,10
10985,64,65,-1,1
10986,71,81,-10,10
10987,60,76,-16,16
10988,64,83,-19,19
10989,55,62,-7,7
10990,48,82,-34,34
10991,141,132,9,9
10992,95,99,-4,4
10993,58,69,-11,11
10994,95,97,-2,2
10995,71,79,-8,8
10996,89,93,-4,4
10997,125,122,3,3
10998,170,174,-4,4
10999,153,156,-3,3
11000,84,88,-4,4
11001,137,140,-3,3
11002,81,81,0,0
11003,77,95,-18,18
11004,75,86,-11,11
11005,110,113,-3,3
11006,53,60,-7,7
11007,92,93,-1,1
11008,105,120,-15,15
11009,55,67,-12,12
11010,85,103,-18,18
11011,141,131,10,10
11012,126,136,-10,10
11013,82,86,-4,4
11014,124,123,1,1
11015,76,98,-22,22
11016,126,115,11,11
11017,56,66,-10,10
11018,65,72,-7,7
11019,91,106,-15,15
11020,65,77,-12,12
11021,84,93,-9,9
11022,95,100,-5,5
11023,109,102,7,7
11024,74,73,1,1
11025,60,62,-2,2
11026,65,69,-4,4
11027,77,84,-7,7
11028,79,84,-5,5
11029,65,69,-4,4
11030,110,113,-3,3
11031,116,131,-15,15
11032,67,74,-7,7
11033,83,89,-6,6
11034,120,114,6,6
11035,157,134,23,23
11036,123,123,0,0
11037,80,85,-5,5
11038,99,113,-14,14
11039,88,86,2,2
11040,67,86,-19,19
11041,134,132,2,2
11042,76,78,-2,2
11043,96,109,-13,13
11044,83,92,-9,9
11045,57,70,-13,13
11046,93,96,-3,3
11047,60,68,-8,8
11048,85,90,-5,5
11049,62,79,-17,17
11050,110,115,-5,5
11051,108,113,-5,5
11052,66,71,-5,5
11053,67,87,-20,20
11054,71,72,-1,1
11055,79,83,-4,4
11056,145,149,-4,4
11057,62,78,-16,16
11058,60,74,-14,14
11059,126,130,-4,4
11060,120,124,-4,4
11061,67,74,-7,7
11062,96,100,-4,4
11063,54,59,-5,5
11064,66,66,0,0
11065,101,105,-4,4
11066,83,82,1,1
11067,120,114,6,6
11068,186,183,3,3
11069,72,80,-8,8
11070,91,96,-5,5
11071,158,149,9,9
11072,67,79,-12,12
11073,118,108,10,10
11074,63,65,-2,2
11075,105,104,1,1
11076,124,118,6,6
11077,108,93,15,15
11078,121,118,3,3
11079,39,47,-8,8
11080,90,98,-8,8
11081,218,226,-8,8
11082,71,87,-16,16
11083,81,93,-12,12
11084,61,65,-4,4
11085,86,86,0,0
11086,59,66,-7,7
11087,168,169,-1,1
11088,86,100,-14,14
11089,104,113,-9,9
11090,89,98,-9,9
11091,80,83,-3,3
11092,81,84,-3,3
11093,87,85,2,2
11094,119,115,4,4
11095,136,130,6,6
11096,113,106,7,7
11097,68,83,-15,15
11098,86,83,3,3
11099,103,105,-2,2
11100,72,85,-13,13
11101,142,154,-12,12
11102,172,185,-13,13
11103,166,165,1,1
11104,96,113,-17,17
11105,106,106,0,0
11106,125,123,2,2
11107,125,121,4,4
11108,75,104,-29,29
11109,94,93,1,1
11110,103,110,-7,7
11111,58,66,-8,8
11112,81,81,0,0
11113,133,125,8,8
11114,122,122,0,0
11115,99,108,-9,9
11116,67,73,-6,6
11117,126,126,0,0
11118,91,92,-1,1
11119,73,81,-8,8
11120,89,98,-9,9
11121,124,144,-20,20
11122,68,65,3,3
11123,126,125,1,1
11124,76,86,-10,10
11125,167,149,18,18
11126,36,49,-13,13
11127,137,131,6,6
11128,93,95,-2,2
11129,115,116,-1,1
11130,125,122,3,3
11131,79,84,-5,5
11132,59,66,-7,7
11133,90,98,-8,8
11134,73,80,-7,7
11135,74,76,-2,2
11136,111,109,2,2
11137,129,130,-1,1
11138,80,88,-8,8
11139,97,97,0,0
11140,83,84,-1,1
11141,129,127,2,2
11142,120,121,-1,1
11143,93,90,3,3
11144,95,111,-16,16
11145,101,102,-1,1
11146,93,96,-3,3
11147,112,129,-17,17
11148,103,110,-7,7
11149,60,73,-13,13
11150,95,112,-17,17
11151,62,65,-3,3
11152,69,77,-8,8
11153,83,104,-21,21
11154,53,55,-2,2
11155,98,96,2,2
11156,101,113,-12,12
11157,73,94,-21,21
11158,94,109,-15,15
11159,55,64,-9,9
11160,93,115,-22,22
11161,70,79,-9,9
11162,102,111,-9,9
11163,75,76,-1,1
11164,77,73,4,4
11165,96,100,-4,4
11166,93,107,-14,14
11167,78,92,-14,14
11168,155,152,3,3
11169,94,101,-7,7
11170,66,72,-6,6
11171,71,90,-19,19
11172,96,98,-2,2
11173,143,145,-2,2
11174,60,63,-3,3
11175,79,88,-9,9
11176,93,103,-10,10
11177,126,126,0,0
11178,128,125,3,3
11179,103,100,3,3
11180,95,97,-2,2
11181,86,104,-18,18
11182,95,94,1,1
11183,68,72,-4,4
11184,102,113,-11,11
11185,74,82,-8,8
11186,94,123,-29,29
11187,83,72,11,11
11188,107,110,-3,3
11189,65,68,-3,3
11190,66,77,-11,11
11191,113,117,-4,4
11192,164,148,16,16
11193,60,71,-11,11
11194,139,156,-17,17
11195,96,106,-10,10
11196,87,81,6,6
11197,113,112,1,1
11198,180,174,6,6
11199,106,102,4,4
11200,73,81,-8,8
11201,121,125,-4,4
11202,125,129,-4,4
11203,62,71,-9,9
11204,56,63,-7,7
11205,81,86,-5,5
11206,103,99,4,4
11207,107,106,1,1
11208,70,72,-2,2
11209,107,103,4,4
11210,167,203,-36,36
11211,72,67,5,5
11212,123,116,7,7
11213,178,191,-13,13
11214,142,149,-7,7
11215,138,126,12,12
11216,148,142,6,6
11217,141,147,-6,6
11218,119,131,-12,12
11219,67,76,-9,9
11220,126,142,-16,16
11221,35,77,-42,42
11222,86,94,-8,8
11223,82,100,-18,18
11224,135,163,-28,28
11225,111,107,4,4
11226,145,145,0,0
11227,99,88,11,11
11228,69,81,-12,12
11229,81,99,-18,18
11230,58,65,-7,7
11231,58,73,-15,15
11232,141,127,14,14
11233,75,81,-6,6
11234,108,120,-12,12
11235,128,138,-10,10
11236,87,103,-16,16
11237,90,100,-10,10
11238,133,135,-2,2
11239,73,76,-3,3
11240,63,70,-7,7
11241,73,81,-8,8
11242,136,148,-12,12
11243,105,103,2,2
11244,60,70,-10,10
11245,102,100,2,2
11246,100,103,-3,3
11247,57,67,-10,10
11248,71,79,-8,8
11249,76,81,-5,5
11250,58,68,-10,10
11251,204,187,17,17
11252,96,99,-3,3
11253,113,108,5,5
11254,114,101,13,13
11255,138,133,5,5
11256,79,93,-14,14
11257,142,134,8,8
11258,109,105,4,4
11259,141,142,-1,1
11260,73,78,-5,5
11261,89,82,7,7
11262,85,96,-11,11
11263,159,152,7,7
11264,107,108,-1,1
11265,68,81,-13,13
11266,79,90,-11,11
11267,109,114,-5,5
11268,78,78,0,0
11269,61,73,-12,12
11270,102,109,-7,7
11271,140,140,0,0
11272,156,152,4,4
11273,155,153,2,2
11274,118,113,5,5
11275,85,86,-1,1
11276,162,153,9,9
11277,105,111,-6,6
11278,100,106,-6,6
11279,102,98,4,4
11280,130,122,8,8
11281,55,67,-12,12
11282,69,82,-13,13
11283,89,87,2,2
11284,39,57,-18,18
11285,139,137,2,2
11286,94,98,-4,4
11287,79,78,1,1
11288,171,163,8,8
11289,139,138,1,1
11290,85,96,-11,11
11291,86,91,-5,5
11292,114,112,2,2
11293,134,129,5,5
11294,51,59,-8,8
11295,47,60,-13,13
11296,56,68,-12,12
11297,72,79,-7,7
11298,96,107,-11,11
11299,143,147,-4,4
11300,115,103,12,12
11301,99,113,-14,14
11302,91,102,-11,11
11303,85,94,-9,9
11304,151,136,15,15
11305,42,61,-19,19
11306,125,122,3,3
11307,41,75,-34,34
11308,137,121,16,16
11309,100,97,3,3
11310,143,131,12,12
11311,174,169,5,5
11312,81,84,-3,3
11313,106,108,-2,2
11314,150,139,11,11
11315,66,76,-10,10
11316,119,119,0,0
11317,133,119,14,14
11318,58,70,-12,12
11319,90,98,-8,8
11320,111,114,-3,3
11321,157,146,11,11
11322,106,111,-5,5
11323,121,120,1,1
11324,61,71,-10,10
11325,111,110,1,1
11326,88,94,-6,6
11327,81,90,-9,9
11328,93,98,-5,5
11329,77,83,-6,6
11330,163,142,21,21
11331,104,109,-5,5
11332,76,76,0,0
11333,52,59,-7,7
11334,87,102,-15,15
11335,104,104,0,0
11336,62,65,-3,3
11337,112,122,-10,10
11338,76,89,-13,13
11339,129,135,-6,6
11340,106,122,-16,16
11341,63,72,-9,9
11342,87,97,-10,10
11343,106,117,-11,11
11344,86,81,5,5
11345,88,88,0,0
11346,89,95,-6,6
11347,71,86,-15,15
11348,116,111,5,5
11349,55,67,-12,12
11350,83,99,-16,16
11351,64,71,-7,7
11352,71,76,-5,5
11353,128,123,5,5
11354,57,65,-8,8
11355,127,130,-3,3
11356,47,52,-5,5
11357,94,94,0,0
11358,60,63,-3,3
11359,60,74,-14,14
11360,55,70,-15,15
11361,97,106,-9,9
11362,82,92,-10,10
11363,109,110,-1,1
11364,111,111,0,0
11365,61,68,-7,7
11366,70,79,-9,9
11367,79,82,-3,3
11368,107,110,-3,3
11369,89,91,-2,2
11370,60,65,-5,5
11371,147,149,-2,2
11372,83,89,-6,6
11373,104,106,-2,2
11374,134,137,-3,3
11375,88,92,-4,4
11376,35,50,-15,15
11377,117,131,-14,14
11378,78,84,-6,6
11379,149,140,9,9
11380,85,92,-7,7
11381,97,104,-7,7
11382,115,124,-9,9
11383,109,101,8,8
11384,81,84,-3,3
11385,81,96,-15,15
11386,93,102,-9,9
11387,123,135,-12,12
11388,95,98,-3,3
11389,102,100,2,2
11390,57,63,-6,6
11391,179,178,1,1
11392,126,129,-3,3
11393,62,69,-7,7
11394,65,81,-16,16
11395,109,109,0,0
11396,74,83,-9,9
11397,113,116,-3,3
11398,121,123,-2,2
11399,114,118,-4,4
11400,63,74,-11,11
11401,103,106,-3,3
11402,80,81,-1,1
11403,45,85,-40,40
11404,93,99,-6,6
11405,121,117,4,4
11406,166,170,-4,4
11407,63,81,-18,18
11408,66,66,0,0
11409,55,82,-27,27
11410,116,122,-6,6
11411,96,98,-2,2
11412,76,80,-4,4
11413,54,70,-16,16
11414,108,111,-3,3
11415,51,63,-12,12
11416,109,113,-4,4
11417,75,79,-4,4
11418,86,98,-12,12
11419,82,97,-15,15
11420,36,48,-12,12
11421,64,81,-17,17
11422,119,113,6,6
11423,53,68,-15,15
11424,73,81,-8,8
11425,58,61,-3,3
11426,41,52,-11,11
11427,58,69,-11,11
11428,118,120,-2,2
11429,134,126,8,8
11430,75,82,-7,7
11431,50,61,-11,11
11432,98,106,-8,8
11433,33,44,-11,11
11434,109,108,1,1
11435,79,90,-11,11
11436,60,65,-5,5
11437,100,109,-9,9
11438,85,81,4,4
11439,75,87,-12,12
11440,82,84,-2,2
11441,57,67,-10,10
11442,164,165,-1,1
11443,157,151,6,6
11444,76,77,-1,1
11445,72,85,-13,13
11446,57,88,-31,31
11447,96,113,-17,17
11448,90,91,-1,1
11449,100,105,-5,5
11450,129,129,0,0
11451,91,91,0,0
11452,98,100,-2,2
11453,102,103,-1,1
11454,198,196,2,2
11455,78,80,-2,2
11456,60,69,-9,9
11457,173,168,5,5
11458,98,100,-2,2
11459,72,78,-6,6
11460,90,126,-36,36
11461,170,162,8,8
11462,163,151,12,12
11463,77,85,-8,8
11464,66,77,-11,11
11465,67,65,2,2
11466,66,80,-14,14
11467,99,96,3,3
11468,86,89,-3,3
11469,85,93,-8,8
11470,71,77,-6,6
11471,136,128,8,8
11472,86,85,1,1
11473,60,71,-11,11
11474,119,123,-4,4
11475,132,130,2,2
11476,114,120,-6,6
11477,66,72,-6,6
11478,147,143,4,4
11479,90,96,-6,6
11480,112,115,-3,3
11481,68,69,-1,1
11482,119,112,7,7
11483,121,120,1,1
11484,70,102,-32,32
11485,124,119,5,5
11486,47,60,-13,13
11487,70,85,-15,15
11488,80,83,-3,3
11489,44,54,-10,10
11490,75,89,-14,14
11491,65,74,-9,9
11492,80,78,2,2
11493,95,103,-8,8
11494,124,121,3,3
11495,50,68,-18,18
11496,133,133,0,0
11497,77,83,-6,6
11498,105,114,-9,9
11499,70,75,-5,5
11500,86,95,-9,9
11501,97,91,6,6
11502,80,83,-3,3
11503,98,110,-12,12
11504,106,115,-9,9
11505,74,80,-6,6
11506,66,76,-10,10
11507,118,122,-4,4
11508,110,105,5,5
11509,156,148,8,8
11510,67,71,-4,4
11511,170,144,26,26
11512,117,109,8,8
11513,101,107,-6,6
11514,130,131,-1,1
11515,93,107,-14,14
11516,105,105,0,0
11517,41,68,-27,27
11518,84,77,7,7
11519,59,65,-6,6
11520,141,137,4,4
11521,47,72,-25,25
11522,114,101,13,13
11523,137,131,6,6
11524,126,138,-12,12
11525,62,71,-9,9
11526,111,114,-3,3
11527,74,81,-7,7
11528,81,90,-9,9
11529,160,153,7,7
11530,102,107,-5,5
11531,91,90,1,1
11532,83,90,-7,7
11533,72,70,2,2
11534,68,80,-12,12
11535,126,117,9,9
11536,77,88,-11,11
11537,160,143,17,17
11538,106,113,-7,7
11539,81,89,-8,8
11540,170,145,25,25
11541,131,127,4,4
11542,50,70,-20,20
11543,115,113,2,2
11544,70,84,-14,14
11545,109,119,-10,10
11546,72,73,-1,1
11547,74,85,-11,11
11548,67,76,-9,9
11549,81,83,-2,2
11550,83,91,-8,8
11551,105,106,-1,1
11552,95,104,-9,9
11553,133,123,10,10
11554,115,125,-10,10
11555,98,98,0,0
11556,55,54,1,1
11557,109,115,-6,6
11558,50,65,-15,15
11559,145,137,8,8
11560,89,89,0,0
11561,85,90,-5,5
11562,85,92,-7,7
11563,65,92,-27,27
11564,86,95,-9,9
11565,105,97,8,8
11566,53,61,-8,8
11567,60,69,-9,9
11568,121,116,5,5
11569,52,70,-18,18
11570,53,66,-13,13
11571,164,162,2,2
11572,92,101,-9,9
11573,100,106,-6,6
11574,111,114,-3,3
11575,67,71,-4,4
11576,169,160,9,9
11577,86,86,0,0
11578,51,54,-3,3
11579,96,99,-3,3
11580,97,89,8,8
11581,82,78,4,4
11582,75,84,-9,9
11583,103,106,-3,3
11584,91,90,1,1
11585,108,113,-5,5
11586,85,93,-8,8
11587,137,139,-2,2
11588,88,98,-10,10
11589,167,155,12,12
11590,65,76,-11,11
11591,92,90,2,2
11592,98,97,1,1
11593,68,76,-8,8
11594,65,70,-5,5
11595,60,67,-7,7
11596,71,73,-2,2
11597,50,58,-8,8
11598,79,86,-7,7
11599,102,102,0,0
11600,85,83,2,2
11601,69,74,-5,5
11602,105,112,-7,7
11603,114,110,4,4
11604,77,85,-8,8
11605,70,70,0,0
11606,80,85,-5,5
11607,137,144,-7,7
11608,105,105,0,0
11609,83,95,-12,12
11610,95,100,-5,5
11611,70,83,-13,13
11612,183,177,6,6
11613,50,62,-12,12
11614,164,157,7,7
11615,125,118,7,7
11616,90,95,-5,5
11617,108,111,-3,3
11618,150,148,2,2
11619,90,92,-2,2
11620,73,79,-6,6
11621,86,99,-13,13
11622,91,106,-15,15
11623,108,117,-9,9
11624,120,116,4,4
11625,127,112,15,15
11626,65,71,-6,6
11627,121,98,23,23
11628,80,81,-1,1
11629,89,81,8,8
11630,81,82,-1,1
11631,96,88,8,8
11632,119,119,0,0
11633,118,124,-6,6
11634,128,132,-4,4
11635,56,77,-21,21
11636,56,73,-17,17
11637,86,89,-3,3
11638,79,83,-4,4
11639,116,106,10,10
11640,69,78,-9,9
11641,111,101,10,10
11642,81,102,-21,21
11643,56,65,-9,9
11644,119,124,-5,5
11645,82,81,1,1
11646,81,82,-1,1
11647,136,125,11,11
11648,127,132,-5,5
11649,108,121,-13,13
11650,129,130,-1,1
11651,74,102,-28,28
11652,63,84,-21,21
11653,168,154,14,14
11654,100,109,-9,9
11655,66,76,-10,10
11656,70,90,-20,20
11657,101,102,-1,1
11658,112,106,6,6
11659,102,95,7,7
11660,124,122,2,2
11661,82,88,-6,6
11662,94,102,-8,8
11663,70,85,-15,15
11664,72,83,-11,11
11665,67,71,-4,4
11666,117,130,-13,13
11667,47,54,-7,7
11668,110,101,9,9
11669,93,96,-3,3
11670,64,70,-6,6
11671,134,138,-4,4
11672,66,71,-5,5
11673,69,73,-4,4
11674,99,108,-9,9
11675,137,132,5,5
11676,58,70,-12,12
11677,85,83,2,2
11678,94,96,-2,2
11679,104,107,-3,3
11680,108,114,-6,6
11681,89,89,0,0
11682,176,164,12,12
11683,88,95,-7,7
11684,46,59,-13,13
11685,94,101,-7,7
11686,162,158,4,4
11687,92,95,-3,3
11688,96,100,-4,4
11689,124,124,0,0
11690,74,85,-11,11
11691,68,79,-11,11
11692,67,81,-14,14
11693,90,101,-11,11
11694,87,87,0,0
11695,86,86,0,0
11696,68,77,-9,9
11697,90,95,-5,5
11698,77,88,-11,11
11699,126,113,13,13
11700,126,120,6,6
11701,94,101,-7,7
11702,172,168,4,4
11703,63,96,-33,33
11704,101,99,2,2
11705,148,146,2,2
11706,87,99,-12,12
11707,127,118,9,9
11708,121,109,12,12
11709,142,147,-5,5
11710,73,81,-8,8
11711,71,78,-7,7
11712,103,135,-32,32
11713,39,50,-11,11
11714,99,111,-12,12
11715,69,74,-5,5
11716,182,171,11,11
11717,138,162,-24,24
11718,142,144,-2,2
11719,114,123,-9,9
11720,54,60,-6,6
11721,93,93,0,0
11722,110,105,5,5
11723,38,53,-15,15
11724,133,142,-9,9
11725,143,139,4,4
11726,125,134,-9,9
11727,69,74,-5,5
11728,120,120,0,0
11729,121,132,-11,11
11730,71,76,-5,5
11731,97,101,-4,4
11732,104,102,2,2
11733,97,99,-2,2
11734,47,57,-10,10
11735,184,169,15,15
11736,110,123,-13,13
11737,67,72,-5,5
11738,106,109,-3,3
11739,66,86,-20,20
11740,118,114,4,4
11741,81,85,-4,4
11742,83,88,-5,5
11743,64,79,-15,15
11744,70,67,3,3
11745,50,59,-9,9
11746,93,91,2,2
11747,157,142,15,15
11748,51,59,-8,8
11749,77,83,-6,6
11750,87,89,-2,2
11751,119,114,5,5
11752,115,110,5,5
11753,85,80,5,5
11754,63,85,-22,22
11755,91,101,-10,10
11756,67,70,-3,3
11757,64,79,-15,15
11758,127,139,-12,12
11759,67,73,-6,6
11760,71,79,-8,8
11761,96,93,3,3
11762,111,113,-2,2
11763,62,69,-7,7
11764,77,78,-1,1
11765,174,174,0,0
11766,138,131,7,7
11767,65,74,-9,9
11768,116,110,6,6
11769,47,60,-13,13
11770,119,119,0,0
11771,94,90,4,4
11772,122,121,1,1
11773,92,102,-10,10
11774,148,129,19,19
11775,67,76,-9,9
11776,101,108,-7,7
11777,86,92,-6,6
11778,53,59,-6,6
11779,77,87,-10,10
11780,126,122,4,4
11781,74,76,-2,2
11782,91,99,-8,8
11783,81,89,-8,8
11784,43,56,-13,13
11785,114,117,-3,3
11786,79,90,-11,11
11787,96,97,-1,1
11788,106,101,5,5
11789,79,91,-12,12
11790,120,140,-20,20
11791,107,109,-2,2
11792,98,100,-2,2
11793,47,55,-8,8
11794,76,84,-8,8
11795,85,88,-3,3
11796,67,82,-15,15
11797,79,83,-4,4
11798,90,107,-17,17
11799,84,88,-4,4
11800,152,145,7,7
11801,152,145,7,7
11802,87,89,-2,2
11803,65,73,-8,8
11804,83,86,-3,3
11805,205,193,12,12
11806,151,148,3,3
11807,114,105,9,9
11808,83,100,-17,17
11809,66,81,-15,15
11810,66,79,-13,13
11811,105,106,-1,1
11812,176,167,9,9
11813,166,162,4,4
11814,185,173,12,12
11815,108,111,-3,3
11816,95,99,-4,4
11817,67,89,-22,22
11818,87,95,-8,8
11819,82,90,-8,8
11820,121,117,4,4
11821,71,82,-11,11
11822,62,75,-13,13
11823,113,94,19,19
11824,104,106,-2,2
11825,68,78,-10,10
11826,93,102,-9,9
11827,74,77,-3,3
11828,60,69,-9,9
11829,80,94,-14,14
11830,70,80,-10,10
11831,75,87,-12,12
11832,76,75,1,1
11833,75,79,-4,4
11834,80,76,4,4
11835,45,62,-17,17
11836,93,112,-19,19
11837,99,116,-17,17
11838,77,80,-3,3
11839,89,88,1,1
11840,143,154,-11,11
11841,83,97,-14,14
11842,102,106,-4,4
11843,122,124,-2,2
11844,118,113,5,5
11845,132,116,16,16
11846,102,117,-15,15
11847,75,79,-4,4
11848,105,110,-5,5
11849,124,125,-1,1
11850,75,78,-3,3
11851,47,59,-12,12
11852,130,133,-3,3
11853,147,142,5,5
11854,134,130,4,4
11855,71,77,-6,6
11856,72,77,-5,5
11857,42,52,-10,10
11858,97,98,-1,1
11859,99,109,-10,10
11860,147,157,-10,10
11861,127,132,-5,5
11862,65,69,-4,4
11863,73,95,-22,22
11864,54,68,-14,14
11865,87,91,-4,4
11866,125,136,-11,11
11867,120,127,-7,7
11868,75,79,-4,4
11869,101,109,-8,8
11870,139,139,0,0
11871,93,94,-1,1
11872,85,93,-8,8
11873,162,154,8,8
11874,158,158,0,0
11875,234,209,25,25
11876,76,82,-6,6
11877,68,70,-2,2
11878,60,66,-6,6
11879,115,112,3,3
11880,92,96,-4,4
11881,99,89,10,10
11882,95,96,-1,1
11883,69,89,-20,20
11884,53,66,-13,13
11885,100,103,-3,3
11886,157,152,5,5
11887,103,104,-1,1
11888,117,120,-3,3
11889,100,101,-1,1
11890,95,93,2,2
11891,146,133,13,13
11892,97,98,-1,1
11893,49,58,-9,9
11894,83,91,-8,8
11895,89,90,-1,1
11896,97,104,-7,7
11897,98,106,-8,8
11898,99,104,-5,5
11899,52,65,-13,13
11900,92,98,-6,6
11901,128,137,-9,9
11902,60,65,-5,5
11903,47,58,-11,11
11904,106,105,1,1
11905,78,79,-1,1
11906,143,148,-5,5
11907,90,93,-3,3
11908,125,124,1,1
11909,80,94,-14,14
11910,114,111,3,3
11911,161,151,10,10
11912,120,118,2,2
11913,41,70,-29,29
11914,38,53,-15,15
11915,105,117,-12,12
11916,48,55,-7,7
11917,58,66,-8,8
11918,112,113,-1,1
11919,59,69,-10,10
11920,76,83,-7,7
11921,118,118,0,0
11922,77,79,-2,2
11923,51,63,-12,12
11924,76,77,-1,1
11925,56,64,-8,8
11926,40,56,-16,16
11927,69,75,-6,6
11928,77,83,-6,6
11929,91,96,-5,5
11930,149,147,2,2
11931,110,110,0,0
11932,115,123,-8,8
11933,117,118,-1,1
11934,93,97,-4,4
11935,31,48,-17,17
11936,111,128,-17,17
11937,79,90,-11,11
11938,72,80,-8,8
11939,44,57,-13,13
11940,89,95,-6,6
11941,51,60,-9,9
11942,186,182,4,4
11943,144,138,6,6
11944,98,96,2,2
11945,68,74,-6,6
11946,82,89,-7,7
11947,110,111,-1,1
11948,101,85,16,16
11949,73,81,-8,8
11950,106,110,-4,4
11951,50,57,-7,7
11952,128,130,-2,2
11953,82,89,-7,7
11954,39,68,-29,29
11955,57,69,-12,12
11956,100,105,-5,5
11957,132,135,-3,3
11958,58,68,-10,10
11959,65,69,-4,4
11960,46,56,-10,10
11961,90,94,-4,4
11962,132,130,2,2
11963,84,92,-8,8
11964,95,95,0,0
11965,152,152,0,0
11966,67,73,-6,6
11967,96,111,-15,15
11968,78,85,-7,7
11969,99,93,6,6
11970,71,86,-15,15
11971,116,110,6,6
11972,122,128,-6,6
11973,81,86,-5,5
11974,42,55,-13,13
11975,121,123,-2,2
11976,144,144,0,0
11977,190,191,-1,1
11978,132,134,-2,2
11979,112,106,6,6
11980,106,94,12,12
11981,104,102,2,2
11982,79,83,-4,4
11983,81,87,-6,6
11984,92,114,-22,22
11985,55,68,-13,13
11986,85,84,1,1
11987,72,79,-7,7
11988,48,56,-8,8
11989,92,107,-15,15
11990,44,56,-12,12
11991,112,111,1,1
11992,118,117,1,1
11993,74,84,-10,10
11994,102,99,3,3
11995,93,107,-14,14
11996,113,112,1,1
11997,89,97,-8,8
11998,133,134,-1,1
11999,45,54,-9,9
12000,53,61,-8,8
12001,139,145,-6,6
12002,61,71,-10,10
12003,85,106,-21,21
12004,67,74,-7,7
12005,81,84,-3,3
12006,33,46,-13,13
12007,74,84,-10,10
12008,81,85,-4,4
12009,81,92,-11,11
12010,114,114,0,0
12011,158,162,-4,4
12012,59,75,-16,16
12013,60,72,-12,12
12014,111,110,1,1
12015,102,103,-1,1
12016,89,86,3,3
12017,80,83,-3,3
12018,73,85,-12,12
12019,53,60,-7,7
12020,124,128,-4,4
12021,108,110,-2,2
12022,101,95,6,6
12023,93,101,-8,8
12024,69,68,1,1
12025,111,118,-7,7
12026,74,82,-8,8
12027,80,84,-4,4
12028,101,97,4,4
12029,127,148,-21,21
12030,78,80,-2,2
12031,143,150,-7,7
12032,114,129,-15,15
12033,49,81,-32,32
12034,115,123,-8,8
12035,103,99,4,4
12036,84,94,-10,10
12037,88,93,-5,5
12038,92,96,-4,4
12039,108,115,-7,7
12040,90,94,-4,4
12041,65,78,-13,13
12042,60,67,-7,7
12043,72,77,-5,5
12044,129,142,-13,13
12045,76,82,-6,6
12046,109,119,-10,10
12047,88,102,-14,14
12048,60,67,-7,7
12049,47,46,1,1
12050,100,99,1,1
12051,117,127,-10,10
12052,125,119,6,6
12053,113,109,4,4
12054,54,63,-9,9
12055,111,114,-3,3
12056,156,144,12,12
12057,110,110,0,0
12058,82,100,-18,18
12059,114,111,3,3
12060,68,82,-14,14
12061,66,81,-15,15
12062,90,98,-8,8
12063,63,70,-7,7
12064,100,103,-3,3
12065,66,74,-8,8
12066,141,140,1,1
12067,79,82,-3,3
12068,104,97,7,7
12069,140,130,10,10
12070,72,82,-10,10
12071,39,53,-14,14
12072,118,113,5,5
12073,97,92,5,5
12074,95,111,-16,16
12075,86,94,-8,8
12076,90,91,-1,1
12077,86,103,-17,17
12078,95,98,-3,3
12079,118,115,3,3
12080,94,95,-1,1
12081,130,134,-4,4
12082,58,64,-6,6
12083,121,128,-7,7
12084,125,127,-2,2
12085,150,152,-2,2
12086,102,103,-1,1
12087,122,116,6,6
12088,109,111,-2,2
12089,74,85,-11,11
12090,93,90,3,3
12091,53,64,-11,11
12092,117,125,-8,8
12093,93,93,0,0
12094,191,200,-9,9
12095,142,128,14,14
12096,123,115,8,8
12097,83,93,-10,10
12098,127,127,0,0
12099,83,90,-7,7
12100,85,87,-2,2
12101,83,89,-6,6
12102,94,91,3,3
12103,164,158,6,6
12104,72,73,-1,1
12105,76,69,7,7
12106,122,112,10,10
12107,59,50,9,9
12108,87,90,-3,3
12109,88,71,17,17
12110,61,67,-6,6
12111,154,149,5,5
12112,159,148,11,11
12113,163,151,12,12
12114,104,106,-2,2
12115,121,128,-7,7
12116,116,111,5,5
12117,98,103,-5,5
12118,84,94,-10,10
12119,42,55,-13,13
12120,78,83,-5,5
12121,99,116,-17,17
12122,77,97,-20,20
12123,189,171,18,18
12124,66,85,-19,19
12125,144,148,-4,4
12126,196,190,6,6
12127,107,106,1,1
12128,68,79,-11,11
12129,88,90,-2,2
12130,36,51,-15,15
12131,107,114,-7,7
12132,123,117,6,6
12133,62,69,-7,7
12134,207,200,7,7
12135,89,91,-2,2
12136,74,84,-10,10
12137,87,92,-5,5
12138,135,130,5,5
12139,72,75,-3,3
12140,183,143,40,40
12141,118,128,-10,10
12142,110,96,14,14
12143,111,116,-5,5
12144,122,113,9,9
12145,90,100,-10,10
12146,121,129,-8,8
12147,58,70,-12,12
12148,126,124,2,2
12149,105,105,0,0
12150,109,113,-4,4
12151,71,81,-10,10
12152,148,145,3,3
12153,95,103,-8,8
12154,103,109,-6,6
12155,90,96,-6,6
12156,77,85,-8,8
12157,126,121,5,5
12158,141,139,2,2
12159,134,126,8,8
12160,49,56,-7,7
12161,99,105,-6,6
12162,130,126,4,4
12163,74,79,-5,5
12164,64,71,-7,7
12165,196,182,14,14
12166,106,118,-12,12
12167,100,108,-8,8
12168,88,91,-3,3
12169,116,116,0,0
12170,107,111,-4,4
12171,128,130,-2,2
12172,93,93,0,0
12173,150,137,13,13
12174,92,86,6,6
12175,96,92,4,4
12176,115,114,1,1
12177,111,110,1,1
12178,87,98,-11,11
12179,69,79,-10,10
12180,139,151,-12,12
12181,104,106,-2,2
12182,115,120,-5,5
12183,114,111,3,3
12184,58,65,-7,7
12185,77,83,-6,6
12186,79,90,-11,11
12187,114,118,-4,4
12188,111,119,-8,8
12189,102,101,1,1
12190,161,156,5,5
12191,197,189,8,8
12192,72,79,-7,7
12193,142,142,0,0
12194,49,62,-13,13
12195,63,74,-11,11
12196,135,134,1,1
12197,192,177,15,15
12198,47,61,-14,14
12199,110,112,-2,2
12200,71,77,-6,6
12201,108,116,-8,8
12202,137,144,-7,7
12203,128,121,7,7
12204,137,135,2,2
12205,148,148,0,0
12206,82,90,-8,8
12207,70,86,-16,16
12208,60,65,-5,5
12209,115,112,3,3
12210,76,80,-4,4
12211,86,88,-2,2
12212,97,100,-3,3
12213,122,120,2,2
12214,104,101,3,3
12215,149,156,-7,7
12216,73,78,-5,5
12217,88,91,-3,3
12218,93,93,0,0
12219,94,97,-3,3
12220,110,110,0,0
12221,56,70,-14,14
12222,66,76,-10,10
12223,73,85,-12,12
12224,96,102,-6,6
12225,121,118,3,3
12226,122,130,-8,8
12227,94,102,-8,8
12228,88,103,-15,15
12229,130,139,-9,9
12230,63,65,-2,2
12231,141,128,13,13
12232,54,69,-15,15
12233,73,81,-8,8
12234,71,75,-4,4
12235,95,94,1,1
12236,121,115,6,6
12237,73,80,-7,7
12238,125,128,-3,3
12239,67,82,-15,15
12240,121,122,-1,1
12241,109,111,-2,2
12242,64,73,-9,9
12243,96,93,3,3
12244,119,138,-19,19
12245,93,101,-8,8
12246,75,80,-5,5
12247,95,101,-6,6
12248,66,77,-11,11
12249,99,104,-5,5
12250,47,59,-12,12
12251,84,103,-19,19
12252,165,197,-32,32
12253,97,97,0,0
12254,73,83,-10,10
12255,37,54,-17,17
12256,104,100,4,4
12257,71,81,-10,10
12258,65,75,-10,10
12259,66,67,-1,1
12260,63,70,-7,7
12261,96,102,-6,6
12262,130,125,5,5
12263,141,139,2,2
12264,86,108,-22,22
12265,108,116,-8,8
12266,128,119,9,9
12267,118,120,-2,2
12268,83,86,-3,3
12269,68,76,-8,8
12270,84,91,-7,7
12271,105,103,2,2
12272,61,82,-21,21
12273,73,83,-10,10
12274,65,72,-7,7
12275,131,116,15,15
12276,118,113,5,5
12277,93,102,-9,9
12278,76,81,-5,5
12279,75,79,-4,4
12280,65,78,-13,13
12281,70,72,-2,2
12282,140,147,-7,7
12283,95,94,1,1
12284,145,129,16,16
12285,82,80,2,2
12286,185,169,16,16
12287,71,77,-6,6
12288,100,112,-12,12
12289,99,96,3,3
12290,64,72,-8,8
12291,65,73,-8,8
12292,51,60,-9,9
12293,79,96,-17,17
12294,50,63,-13,13
12295,128,141,-13,13
12296,109,108,1,1
12297,106,100,6,6
12298,50,61,-11,11
12299,126,124,2,2
12300,105,107,-2,2
12301,39,53,-14,14
12302,70,75,-5,5
12303,134,106,28,28
12304,46,59,-13,13
12305,81,89,-8,8
12306,115,114,1,1
12307,56,70,-14,14
12308,90,95,-5,5
12309,107,107,0,0
12310,38,49,-11,11
12311,112,111,1,1
12312,86,94,-8,8
12313,102,104,-2,2
12314,81,93,-12,12
12315,133,129,4,4
12316,65,71,-6,6
12317,67,85,-18,18
12318,63,74,-11,11
12319,105,101,4,4
12320,81,88,-7,7
12321,97,107,-10,10
12322,96,104,-8,8
12323,113,133,-20,20
12324,91,98,-7,7
12325,67,86,-19,19
12326,85,86,-1,1
12327,102,105,-3,3
12328,76,82,-6,6
12329,190,198,-8,8
12330,63,74,-11,11
12331,87,80,7,7
12332,140,136,4,4
12333,113,106,7,7
12334,102,102,0,0
12335,62,63,-1,1
12336,57,63,-6,6
12337,48,63,-15,15
12338,62,66,-4,4
12339,94,116,-22,22
12340,95,107,-12,12
12341,183,176,7,7
12342,80,85,-5,5
12343,164,161,3,3
12344,66,69,-3,3
12345,67,86,-19,19
12346,103,94,9,9
12347,69,85,-16,16
12348,118,124,-6,6
12349,78,82,-4,4
12350,66,71,-5,5
12351,94,95,-1,1
12352,92,96,-4,4
12353,142,141,1,1
12354,55,73,-18,18
12355,101,107,-6,6
12356,79,78,1,1
12357,122,132,-10,10
12358,123,114,9,9
12359,38,45,-7,7
12360,65,83,-18,18
12361,138,124,14,14
12362,76,81,-5,5
12363,114,120,-6,6
12364,79,89,-10,10
12365,114,110,4,4
12366,68,74,-6,6
12367,78,84,-6,6
12368,93,106,-13,13
12369,103,109,-6,6
12370,163,142,21,21
12371,101,113,-12,12
12372,126,128,-2,2
12373,67,69,-2,2
12374,78,82,-4,4
12375,116,119,-3,3
12376,128,128,0,0
12377,91,92,-1,1
12378,142,134,8,8
12379,65,76,-11,11
12380,145,162,-17,17
12381,61,66,-5,5
12382,136,123,13,13
12383,84,83,1,1
12384,98,97,1,1
12385,87,93,-6,6
12386,107,113,-6,6
12387,115,130,-15,15
12388,106,107,-1,1
12389,93,101,-8,8
12390,80,77,3,3
12391,130,122,8,8
12392,115,111,4,4
12393,97,115,-18,18
12394,92,99,-7,7
12395,88,90,-2,2
12396,66,73,-7,7
12397,66,73,-7,7
12398,87,94,-7,7
12399,106,109,-3,3
12400,70,84,-14,14
12401,180,166,14,14
12402,87,104,-17,17
12403,89,86,3,3
12404,92,103,-11,11
12405,125,116,9,9
12406,88,104,-16,16
12407,109,110,-1,1
12408,35,50,-15,15
12409,67,80,-13,13
12410,117,119,-2,2
12411,190,176,14,14
12412,114,115,-1,1
12413,137,135,2,2
12414,138,154,-16,16
12415,129,137,-8,8
12416,106,96,10,10
12417,63,76,-13,13
12418,58,68,-10,10
12419,57,70,-13,13
12420,86,98,-12,12
12421,104,103,1,1
12422,97,101,-4,4
12423,101,108,-7,7
12424,137,131,6,6
12425,64,61,3,3
12426,176,199,-23,23
12427,93,91,2,2
12428,120,121,-1,1
12429,108,108,0,0
12430,70,77,-7,7
12431,97,95,2,2
12432,83,95,-12,12
12433,83,83,0,0
12434,150,161,-11,11
12435,64,73,-9,9
12436,89,91,-2,2
12437,96,100,-4,4
12438,114,115,-1,1
12439,119,117,2,2
12440,61,62,-1,1
12441,96,100,-4,4
12442,105,110,-5,5
12443,61,67,-6,6
12444,141,141,0,0
12445,86,87,-1,1
12446,87,90,-3,3
12447,90,86,4,4
12448,105,108,-3,3
12449,91,87,4,4
12450,111,120,-9,9
12451,76,81,-5,5
12452,87,93,-6,6
12453,91,101,-10,10
12454,107,117,-10,10
12455,110,111,-1,1
12456,124,132,-8,8
12457,128,122,6,6
12458,109,114,-5,5
12459,71,75,-4,4
12460,87,87,0,0
12461,148,146,2,2
12462,107,105,2,2
12463,134,142,-8,8
12464,23,42,-19,19
12465,119,137,-18,18
12466,91,89,2,2
12467,25,43,-18,18
12468,61,82,-21,21
12469,101,108,-7,7
12470,72,76,-4,4
12471,95,105,-10,10
12472,47,53,-6,6
12473,97,100,-3,3
12474,81,86,-5,5
12475,59,65,-6,6
12476,77,79,-2,2
12477,138,129,9,9
12478,120,120,0,0
12479,136,143,-7,7
12480,79,88,-9,9
12481,63,70,-7,7
12482,102,105,-3,3
12483,158,148,10,10
12484,73,85,-12,12
12485,53,58,-5,5
12486,83,93,-10,10
12487,155,142,13,13
12488,139,131,8,8
12489,93,91,2,2
12490,128,134,-6,6
12491,98,114,-16,16
12492,96,93,3,3
12493,153,148,5,5
12494,104,107,-3,3
12495,115,107,8,8
12496,72,78,-6,6
12497,90,93,-3,3
12498,127,140,-13,13
12499,112,127,-15,15
12500,64,75,-11,11
12501,73,75,-2,2
12502,72,85,-13,13
12503,73,92,-19,19
12504,56,65,-9,9
12505,106,107,-1,1
12506,144,137,7,7
12507,47,78,-31,31
12508,147,144,3,3
12509,95,100,-5,5
12510,76,89,-13,13
12511,128,129,-1,1
12512,81,78,3,3
12513,79,86,-7,7
12514,86,86,0,0
12515,44,58,-14,14
12516,87,96,-9,9
12517,102,108,-6,6
12518,116,117,-1,1
12519,105,111,-6,6
12520,113,128,-15,15
12521,152,140,12,12
12522,175,170,5,5
12523,70,78,-8,8
12524,173,163,10,10
12525,87,83,4,4
12526,102,101,1,1
12527,88,97,-9,9
12528,76,80,-4,4
12529,110,107,3,3
12530,99,105,-6,6
12531,71,77,-6,6
12532,75,81,-6,6
12533,105,108,-3,3
12534,153,156,-3,3
12535,100,117,-17,17
12536,90,91,-1,1
12537,83,105,-22,22
12538,82,92,-10,10
12539,49,60,-11,11
12540,69,77,-8,8
12541,113,115,-2,2
12542,63,70,-7,7
12543,58,68,-10,10
12544,65,69,-4,4
12545,145,145,0,0
12546,50,58,-8,8
12547,83,95,-12,12
12548,100,101,-1,1
12549,76,81,-5,5
12550,72,84,-12,12
12551,71,92,-21,21
12552,106,106,0,0
12553,127,140,-13,13
12554,96,99,-3,3
12555,67,72,-5,5
12556,140,142,-2,2
12557,56,66,-10,10
12558,108,107,1,1
12559,94,95,-1,1
12560,59,66,-7,7
12561,84,92,-8,8
12562,96,104,-8,8
12563,92,108,-16,16
12564,186,184,2,2
12565,62,68,-6,6
12566,164,153,11,11
12567,49,60,-11,11
12568,62,70,-8,8
12569,50,67,-17,17
12570,128,131,-3,3
12571,57,70,-13,13
12572,69,76,-7,7
12573,48,60,-12,12
12574,132,133,-1,1
12575,140,145,-5,5
12576,107,109,-2,2
12577,80,87,-7,7
12578,78,83,-5,5
12579,140,132,8,8
12580,78,86,-8,8
12581,123,115,8,8
12582,87,97,-10,10
12583,91,113,-22,22
12584,119,135,-16,16
12585,107,106,1,1
12586,52,62,-10,10
12587,61,76,-15,15
12588,102,99,3,3
12589,79,80,-1,1
12590,81,87,-6,6
12591,72,74,-2,2
12592,74,89,-15,15
12593,73,74,-1,1
12594,114,94,20,20
12595,127,128,-1,1
12596,92,87,5,5
12597,118,128,-10,10
12598,115,192,-77,77
12599,73,78,-5,5
12600,93,98,-5,5
12601,70,76,-6,6
12602,73,78,-5,5
12603,107,123,-16,16
12604,96,107,-11,11
12605,101,91,10,10
12606,76,92,-16,16
12607,85,83,2,2
12608,111,116,-5,5
12609,42,57,-15,15
12610,69,73,-4,4
12611,97,93,4,4
12612,90,92,-2,2
12613,96,95,1,1
12614,114,136,-22,22
12615,121,120,1,1
12616,68,77,-9,9
12617,45,55,-10,10
12618,73,82,-9,9
12619,109,108,1,1
12620,175,173,2,2
12621,90,87,3,3
12622,70,76,-6,6
12623,85,90,-5,5
12624,62,76,-14,14
12625,89,105,-16,16
12626,132,131,1,1
12627,155,147,8,8
12628,99,104,-5,5
12629,60,65,-5,5
12630,110,111,-1,1
12631,87,90,-3,3
12632,98,112,-14,14
12633,80,99,-19,19
12634,127,125,2,2
12635,172,162,10,10
12636,181,175,6,6
12637,130,122,8,8
12638,76,79,-3,3
12639,86,88,-2,2
12640,105,105,0,0
12641,105,118,-13,13
12642,56,74,-18,18
12643,65,78,-13,13
12644,42,53,-11,11
12645,120,115,5,5
12646,65,72,-7,7
12647,76,87,-11,11
12648,134,127,7,7
12649,28,74,-46,46
12650,96,97,-1,1
12651,92,99,-7,7
12652,53,58,-5,5
12653,66,71,-5,5
12654,79,85,-6,6
12655,101,119,-18,18
12656,78,101,-23,23
12657,88,99,-11,11
12658,136,132,4,4
12659,142,139,3,3
12660,73,75,-2,2
12661,97,93,4,4
12662,80,82,-2,2
12663,51,63,-12,12
12664,69,85,-16,16
12665,52,60,-8,8
12666,57,64,-7,7
12667,100,111,-11,11
12668,147,145,2,2
12669,129,133,-4,4
12670,92,104,-12,12
12671,107,99,8,8
12672,99,112,-13,13
12673,89,100,-11,11
12674,58,66,-8,8
12675,103,94,9,9
12676,33,48,-15,15
12677,103,98,5,5
12678,88,92,-4,4
12679,81,91,-10,10
12680,53,66,-13,13
12681,70,87,-17,17
12682,32,51,-19,19
12683,88,93,-5,5
12684,99,118,-19,19
12685,110,110,0,0
12686,78,84,-6,6
12687,99,102,-3,3
12688,46,61,-15,15
12689,136,123,13,13
12690,75,77,-2,2
12691,117,106,11,11
12692,93,88,5,5
12693,132,135,-3,3
12694,70,77,-7,7
12695,69,82,-13,13
12696,49,46,3,3
12697,71,76,-5,5
12698,118,119,-1,1
12699,97,102,-5,5
12700,76,93,-17,17
12701,195,148,47,47
12702,128,127,1,1
12703,66,66,0,0
12704,120,124,-4,4
12705,73,84,-11,11
12706,62,74,-12,12
12707,104,97,7,7
12708,94,101,-7,7
12709,94,94,0,0
12710,110,104,6,6
12711,96,95,1,1
12712,107,109,-2,2
12713,77,89,-12,12
12714,91,105,-14,14
12715,63,66,-3,3
12716,128,116,12,12
12717,77,81,-4,4
12718,67,80,-13,13
12719,124,118,6,6
12720,94,95,-1,1
12721,64,71,-7,7
12722,74,83,-9,9
12723,88,94,-6,6
12724,70,79,-9,9
12725,78,85,-7,7
12726,66,80,-14,14
12727,104,111,-7,7
12728,134,144,-10,10
12729,92,95,-3,3
12730,74,76,-2,2
12731,93,95,-2,2
12732,98,100,-2,2
12733,100,97,3,3
12734,87,93,-6,6
12735,101,100,1,1
12736,49,60,-11,11
12737,121,120,1,1
12738,84,102,-18,18
12739,158,155,3,3
12740,115,106,9,9
12741,125,117,8,8
12742,53,56,-3,3
12743,80,91,-11,11
12744,68,71,-3,3
12745,103,104,-1,1
12746,107,110,-3,3
12747,77,96,-19,19
12748,100,112,-12,12
12749,120,130,-10,10
12750,91,95,-4,4
12751,77,70,7,7
12752,132,126,6,6
12753,131,131,0,0
12754,43,67,-24,24
12755,45,53,-8,8
12756,124,119,5,5
12757,86,87,-1,1
12758,107,104,3,3
12759,82,92,-10,10
12760,204,188,16,16
12761,107,109,-2,2
12762,120,130,-10,10
12763,140,139,1,1
12764,153,142,11,11
12765,83,90,-7,7
12766,47,52,-5,5
12767,91,87,4,4
12768,68,63,5,5
12769,56,63,-7,7
12770,77,89,-12,12
12771,37,53,-16,16
12772,117,114,3,3
12773,85,89,-4,4
12774,101,102,-1,1
12775,67,81,-14,14
12776,118,132,-14,14
12777,56,70,-14,14
12778,68,74,-6,6
12779,65,79,-14,14
12780,105,105,0,0
12781,102,112,-10,10
12782,116,110,6,6
12783,69,75,-6,6
12784,79,83,-4,4
12785,105,110,-5,5
12786,101,85,16,16
12787,106,99,7,7
12788,89,89,0,0
12789,77,85,-8,8
12790,116,119,-3,3
12791,111,109,2,2
12792,91,84,7,7
12793,74,74,0,0
12794,96,101,-5,5
12795,119,128,-9,9
12796,124,119,5,5
12797,83,84,-1,1
12798,59,70,-11,11
12799,87,85,2,2
12800,55,65,-10,10
12801,121,123,-2,2
12802,94,97,-3,3
12803,90,92,-2,2
12804,181,169,12,12
12805,93,97,-4,4
12806,72,82,-10,10
12807,92,95,-3,3
12808,153,143,10,10
12809,55,64,-9,9
12810,61,74,-13,13
12811,99,99,0,0
12812,82,90,-8,8
12813,102,99,3,3
12814,148,146,2,2
12815,112,115,-3,3
12816,172,171,1,1
12817,133,136,-3,3
12818,97,99,-2,2
12819,70,84,-14,14
12820,70,83,-13,13
12821,98,91,7,7
12822,96,108,-12,12
12823,69,76,-7,7
12824,90,93,-3,3
12825,138,133,5,5
12826,132,132,0,0
12827,153,156,-3,3
12828,86,82,4,4
12829,108,103,5,5
12830,80,95,-15,15
12831,154,138,16,16
12832,116,122,-6,6
12833,103,104,-1,1
12834,104,114,-10,10
12835,116,114,2,2
12836,107,100,7,7
12837,96,94,2,2
12838,90,99,-9,9
12839,50,64,-14,14
12840,104,108,-4,4
12841,72,73,-1,1
12842,106,102,4,4
12843,87,91,-4,4
12844,124,125,-1,1
12845,27,40,-13,13
12846,133,138,-5,5
12847,122,116,6,6
12848,124,142,-18,18
12849,89,100,-11,11
12850,97,129,-32,32
12851,84,97,-13,13
12852,140,144,-4,4
12853,136,135,1,1
12854,20,40,-20,20
12855,93,102,-9,9
12856,85,93,-8,8
12857,74,84,-10,10
12858,103,98,5,5
12859,75,82,-7,7
12860,46,57,-11,11
12861,84,109,-25,25
12862,75,82,-7,7
12863,53,61,-8,8
12864,52,85,-33,33
12865,87,95,-8,8
12866,109,101,8,8
12867,105,101,4,4
12868,67,75,-8,8
12869,154,139,15,15
12870,84,93,-9,9
12871,128,123,5,5
12872,113,124,-11,11
12873,87,87,0,0
12874,101,114,-13,13
12875,96,106,-10,10
12876,39,53,-14,14
12877,133,134,-1,1
12878,191,195,-4,4
12879,60,71,-11,11
12880,125,125,0,0
12881,75,86,-11,11
12882,40,56,-16,16
12883,103,102,1,1
12884,79,84,-5,5
12885,185,185,0,0
12886,124,115,9,9
12887,109,117,-8,8
12888,89,102,-13,13
12889,67,74,-7,7
12890,47,56,-9,9
12891,76,76,0,0
12892,122,131,-9,9
12893,106,99,7,7
12894,142,129,13,13
12895,96,86,10,10
12896,52,61,-9,9
12897,96,100,-4,4
12898,117,124,-7,7
12899,69,80,-11,11
12900,89,89,0,0
12901,72,79,-7,7
12902,180,173,7,7
12903,94,92,2,2
12904,53,65,-12,12
12905,93,104,-11,11
12906,161,146,15,15
12907,137,136,1,1
12908,129,134,-5,5
12909,89,88,1,1
12910,102,101,1,1
12911,159,159,0,0
12912,67,75,-8,8
12913,67,88,-21,21
12914,97,101,-4,4
12915,71,74,-3,3
12916,153,151,2,2
12917,100,104,-4,4
12918,92,101,-9,9
12919,79,92,-13,13
12920,79,87,-8,8
12921,73,78,-5,5
12922,133,133,0,0
12923,51,61,-10,10
12924,139,133,6,6
12925,115,128,-13,13
12926,89,94,-5,5
12927,124,129,-5,5
12928,90,92,-2,2
12929,128,131,-3,3
12930,131,124,7,7
12931,71,76,-5,5
12932,113,110,3,3
12933,127,136,-9,9
12934,61,72,-11,11
12935,113,115,-2,2
12936,112,92,20,20
12937,75,80,-5,5
12938,125,111,14,14
12939,73,83,-10,10
12940,100,120,-20,20
12941,187,175,12,12
12942,101,102,-1,1
12943,103,100,3,3
12944,99,109,-10,10
12945,65,71,-6,6
12946,116,116,0,0
12947,97,112,-15,15
12948,83,91,-8,8
12949,90,102,-12,12
12950,101,108,-7,7
12951,97,107,-10,10
12952,107,110,-3,3
12953,119,132,-13,13
12954,78,78,0,0
12955,79,86,-7,7
12956,74,85,-11,11
12957,150,144,6,6
12958,83,99,-16,16
12959,131,145,-14,14
12960,68,79,-11,11
12961,222,191,31,31
12962,88,91,-3,3
12963,109,102,7,7
12964,149,153,-4,4
12965,82,92,-10,10
12966,33,44,-11,11
12967,97,110,-13,13
12968,88,94,-6,6
12969,127,138,-11,11
12970,70,77,-7,7
12971,86,92,-6,6
12972,63,70,-7,7
12973,101,102,-1,1
12974,85,92,-7,7
12975,97,95,2,2
12976,68,77,-9,9
12977,79,96,-17,17
12978,182,177,5,5
12979,68,80,-12,12
12980,68,76,-8,8
12981,81,83,-2,2
12982,118,112,6,6
12983,93,98,-5,5
12984,117,104,13,13
12985,144,142,2,2
12986,134,125,9,9
12987,69,76,-7,7
12988,133,130,3,3
12989,88,96,-8,8
12990,63,66,-3,3
12991,116,120,-4,4
12992,113,126,-13,13
12993,103,99,4,4
12994,127,128,-1,1
12995,116,121,-5,5
12996,114,116,-2,2
12997,123,119,4,4
12998,72,72,0,0
12999,107,103,4,4
13000,121,114,7,7
13001,100,93,7,7
13002,87,89,-2,2
13003,102,98,4,4
13004,155,163,-8,8
13005,72,87,-15,15
13006,84,90,-6,6
13007,86,100,-14,14
13008,115,124,-9,9
13009,100,105,-5,5
13010,81,79,2,2
13011,51,63,-12,12
13012,54,62,-8,8
13013,86,91,-5,5
13014,92,98,-6,6
13015,60,72,-12,12
13016,112,115,-3,3
13017,92,92,0,0
13018,87,93,-6,6
13019,95,101,-6,6
13020,80,83,-3,3
13021,139,142,-3,3
13022,103,100,3,3
13023,120,132,-12,12
13024,75,91,-16,16
13025,51,59,-8,8
13026,76,81,-5,5
13027,67,79,-12,12
13028,165,159,6,6
13029,84,92,-8,8
13030,83,95,-12,12
13031,61,66,-5,5
13032,159,152,7,7
13033,64,85,-21,21
13034,140,141,-1,1
13035,65,81,-16,16
13036,68,79,-11,11
13037,67,70,-3,3
13038,87,97,-10,10
13039,109,111,-2,2
13040,116,123,-7,7
13041,94,116,-22,22
13042,135,129,6,6
13043,77,83,-6,6
13044,55,60,-5,5
13045,61,66,-5,5
13046,73,83,-10,10
13047,139,127,12,12
13048,106,118,-12,12
13049,78,91,-13,13
13050,74,72,2,2
13051,99,100,-1,1
13052,88,98,-10,10
13053,93,89,4,4
13054,69,72,-3,3
13055,235,214,21,21
13056,83,90,-7,7
13057,101,93,8,8
13058,66,78,-12,12
13059,58,64,-6,6
13060,119,121,-2,2
13061,129,129,0,0
13062,82,89,-7,7
13063,168,163,5,5
13064,72,84,-12,12
13065,125,120,5,5
13066,82,83,-1,1
13067,97,95,2,2
13068,56,70,-14,14
13069,123,137,-14,14
13070,79,79,0,0
13071,84,88,-4,4
13072,112,113,-1,1
13073,80,93,-13,13
13074,106,114,-8,8
13075,60,72,-12,12
13076,72,80,-8,8
13077,96,109,-13,13
13078,60,62,-2,2
13079,117,101,16,16
13080,66,78,-12,12
13081,78,86,-8,8
13082,55,64,-9,9
13083,164,146,18,18
13084,184,180,4,4
13085,78,88,-10,10
13086,61,75,-14,14
13087,109,129,-20,20
13088,101,104,-3,3
13089,79,82,-3,3
13090,51,62,-11,11
13091,64,68,-4,4
13092,62,71,-9,9
13093,144,141,3,3
13094,57,66,-9,9
13095,50,59,-9,9
13096,81,86,-5,5
13097,99,104,-5,5
13098,97,105,-8,8
13099,129,120,9,9
13100,104,99,5,5
13101,93,106,-13,13
13102,84,83,1,1
13103,90,99,-9,9
13104,112,119,-7,7
13105,69,77,-8,8
13106,69,78,-9,9
13107,107,94,13,13
13108,145,127,18,18
13109,84,81,3,3
13110,51,62,-11,11
13111,100,97,3,3
13112,82,94,-12,12
13113,71,90,-19,19
13114,104,100,4,4
13115,67,82,-15,15
13116,89,98,-9,9
13117,61,82,-21,21
13118,74,85,-11,11
13119,101,115,-14,14
13120,67,80,-13,13
13121,72,87,-15,15
13122,70,76,-6,6
13123,158,160,-2,2
13124,94,98,-4,4
13125,84,85,-1,1
13126,120,122,-2,2
13127,152,154,-2,2
13128,137,132,5,5
13129,82,96,-14,14
13130,116,119,-3,3
13131,112,110,2,2
13132,99,96,3,3
13133,150,154,-4,4
13134,66,68,-2,2
13135,81,76,5,5
13136,50,59,-9,9
13137,133,138,-5,5
13138,65,73,-8,8
13139,65,70,-5,5
13140,80,85,-5,5
13141,53,54,-1,1
13142,108,104,4,4
13143,80,72,8,8
13144,126,135,-9,9
13145,73,85,-12,12
13146,58,64,-6,6
13147,80,83,-3,3
13148,62,72,-10,10
13149,64,73,-9,9
13150,55,63,-8,8
13151,81,87,-6,6
13152,97,103,-6,6
13153,78,78,0,0
13154,101,106,-5,5
13155,72,86,-14,14
13156,112,114,-2,2
13157,84,92,-8,8
13158,68,79,-11,11
13159,102,108,-6,6
13160,117,130,-13,13
13161,88,88,0,0
13162,127,116,11,11
13163,64,64,0,0
13164,87,93,-6,6
13165,80,87,-7,7
13166,101,94,7,7
13167,122,118,4,4
13168,67,74,-7,7
13169,131,129,2,2
13170,97,96,1,1
13171,135,127,8,8
13172,88,93,-5,5
13173,115,135,-20,20
13174,134,121,13,13
13175,116,122,-6,6
13176,79,88,-9,9
13177,45,55,-10,10
13178,100,102,-2,2
13179,85,108,-23,23
13180,63,75,-12,12
13181,89,94,-5,5
13182,76,85,-9,9
13183,138,129,9,9
13184,123,128,-5,5
13185,74,84,-10,10
13186,43,65,-22,22
13187,66,81,-15,15
13188,86,113,-27,27
13189,115,130,-15,15
13190,30,54,-24,24
13191,66,76,-10,10
13192,208,176,32,32
13193,90,95,-5,5
13194,71,73,-2,2
13195,94,90,4,4
13196,171,170,1,1
13197,55,63,-8,8
13198,43,49,-6,6
13199,67,79,-12,12
13200,143,129,14,14
13201,98,102,-4,4
13202,100,100,0,0
13203,108,108,0,0
13204,91,87,4,4
13205,131,137,-6,6
13206,79,77,2,2
13207,153,156,-3,3
13208,37,48,-11,11
13209,46,53,-7,7
13210,241,223,18,18
13211,89,92,-3,3
13212,72,76,-4,4
13213,100,99,1,1
13214,83,90,-7,7
13215,98,107,-9,9
13216,128,127,1,1
13217,162,125,37,37
13218,81,85,-4,4
13219,98,102,-4,4
13220,70,85,-15,15
13221,182,167,15,15
13222,71,78,-7,7
13223,173,176,-3,3
13224,54,64,-10,10
13225,66,75,-9,9
13226,85,84,1,1
13227,93,95,-2,2
13228,71,114,-43,43
13229,163,162,1,1
13230,86,87,-1,1
13231,74,80,-6,6
13232,148,153,-5,5
13233,112,113,-1,1
13234,90,86,4,4
13235,64,66,-2,2
13236,78,100,-22,22
13237,115,125,-10,10
13238,105,104,1,1
13239,90,94,-4,4
13240,117,114,3,3
13241,103,97,6,6
13242,139,159,-20,20
13243,107,120,-13,13
13244,118,133,-15,15
13245,94,87,7,7
13246,56,64,-8,8
13247,97,99,-2,2
13248,77,78,-1,1
13249,117,103,14,14
13250,125,129,-4,4
13251,67,79,-12,12
13252,73,78,-5,5
13253,152,142,10,10
13254,73,77,-4,4
13255,121,120,1,1
13256,166,167,-1,1
13257,90,96,-6,6
13258,96,104,-8,8
13259,149,156,-7,7
13260,61,72,-11,11
13261,144,138,6,6
13262,121,125,-4,4
13263,131,124,7,7
13264,58,58,0,0
13265,51,63,-12,12
13266,54,73,-19,19
13267,72,82,-10,10
13268,99,108,-9,9
13269,124,114,10,10
13270,105,110,-5,5
13271,100,101,-1,1
13272,153,157,-4,4
13273,76,87,-11,11
13274,120,114,6,6
13275,94,97,-3,3
13276,85,86,-1,1
13277,84,96,-12,12
13278,53,73,-20,20
13279,106,115,-9,9
13280,108,115,-7,7
13281,140,131,9,9
13282,113,117,-4,4
13283,57,79,-22,22
13284,108,112,-4,4
13285,123,118,5,5
13286,108,104,4,4
13287,83,87,-4,4
13288,99,90,9,9
13289,78,86,-8,8
13290,96,104,-8,8
13291,58,64,-6,6
13292,82,86,-4,4
13293,148,148,0,0
13294,86,99,-13,13
13295,81,78,3,3
13296,119,121,-2,2
13297,97,107,-10,10
13298,118,119,-1,1
13299,92,94,-2,2
13300,102,113,-11,11
13301,72,80,-8,8
13302,64,69,-5,5
13303,86,94,-8,8
13304,57,73,-16,16
13305,102,102,0,0
13306,67,67,0,0
13307,88,95,-7,7
13308,139,125,14,14
13309,61,72,-11,11
13310,77,80,-3,3
13311,158,162,-4,4
13312,130,123,7,7
13313,132,139,-7,7
13314,187,175,12,12
13315,79,81,-2,2
13316,96,112,-16,16
13317,76,81,-5,5
13318,71,78,-7,7
13319,78,88,-10,10
13320,209,202,7,7
13321,75,81,-6,6
13322,146,134,12,12
13323,100,102,-2,2
13324,80,93,-13,13
13325,70,77,-7,7
13326,65,75,-10,10
13327,95,107,-12,12
13328,80,84,-4,4
13329,69,75,-6,6
13330,132,141,-9,9
13331,77,76,1,1
13332,98,95,3,3
13333,94,101,-7,7
13334,86,93,-7,7
13335,90,92,-2,2
13336,75,79,-4,4
13337,130,111,19,19
13338,87,97,-10,10
13339,141,133,8,8
13340,161,148,13,13
13341,68,78,-10,10
13342,97,96,1,1
13343,125,120,5,5
13344,36,52,-16,16
13345,115,114,1,1
13346,68,68,0,0
13347,106,103,3,3
13348,96,112,-16,16
13349,82,88,-6,6
13350,73,74,-1,1
13351,89,84,5,5
13352,75,79,-4,4
13353,85,96,-11,11
13354,134,148,-14,14
13355,90,88,2,2
13356,83,90,-7,7
13357,129,112,17,17
13358,140,144,-4,4
13359,60,86,-26,26
13360,82,83,-1,1
13361,153,139,14,14
13362,80,93,-13,13
13363,119,124,-5,5
13364,108,106,2,2
13365,54,65,-11,11
13366,99,107,-8,8
13367,130,168,-38,38
13368,100,104,-4,4
13369,59,63,-4,4
13370,84,98,-14,14
13371,117,119,-2,2
13372,60,72,-12,12
13373,55,62,-7,7
13374,96,103,-7,7
13375,73,87,-14,14
13376,64,84,-20,20
13377,75,83,-8,8
13378,55,62,-7,7
13379,90,92,-2,2
13380,142,149,-7,7
13381,139,140,-1,1
13382,118,116,2,2
13383,120,116,4,4
13384,112,117,-5,5
13385,43,55,-12,12
13386,106,112,-6,6
13387,187,183,4,4
13388,117,123,-6,6
13389,111,111,0,0
13390,188,186,2,2
13391,156,139,17,17
13392,136,141,-5,5
13393,88,98,-10,10
13394,29,45,-16,16
13395,107,101,6,6
13396,113,100,13,13
13397,93,94,-1,1
13398,81,89,-8,8
13399,22,40,-18,18
13400,69,77,-8,8
13401,168,159,9,9
13402,147,138,9,9
13403,105,120,-15,15
13404,145,136,9,9
13405,58,69,-11,11
13406,60,73,-13,13
13407,150,162,-12,12
13408,70,75,-5,5
13409,69,77,-8,8
13410,140,141,-1,1
13411,88,91,-3,3
13412,120,123,-3,3
13413,63,71,-8,8
13414,81,96,-15,15
13415,66,70,-4,4
13416,91,91,0,0
13417,131,140,-9,9
13418,126,110,16,16
13419,138,141,-3,3
13420,103,110,-7,7
13421,103,105,-2,2
13422,50,71,-21,21
13423,64,78,-14,14
13424,75,86,-11,11
13425,67,76,-9,9
13426,97,99,-2,2
13427,109,113,-4,4
13428,137,132,5,5
13429,71,74,-3,3
13430,98,94,4,4
13431,82,105,-23,23
13432,65,75,-10,10
13433,117,109,8,8
13434,148,155,-7,7
13435,190,175,15,15
13436,84,87,-3,3
13437,110,107,3,3
13438,138,137,1,1
13439,74,81,-7,7
13440,130,121,9,9
13441,79,83,-4,4
13442,92,114,-22,22
13443,137,143,-6,6
13444,104,97,7,7
13445,160,146,14,14
13446,90,92,-2,2
13447,101,105,-4,4
13448,123,130,-7,7
13449,73,78,-5,5
13450,66,75,-9,9
13451,124,124,0,0
13452,173,182,-9,9
13453,142,133,9,9
13454,32,49,-17,17
13455,104,102,2,2
13456,65,90,-25,25
13457,60,68,-8,8
13458,71,82,-11,11
13459,56,62,-6,6
13460,122,127,-5,5
13461,135,150,-15,15
13462,162,163,-1,1
13463,96,115,-19,19
13464,126,135,-9,9
13465,74,83,-9,9
13466,102,112,-10,10
13467,80,85,-5,5
13468,88,88,0,0
13469,92,86,6,6
13470,107,117,-10,10
13471,87,101,-14,14
13472,58,65,-7,7
13473,80,78,2,2
13474,79,77,2,2
13475,114,123,-9,9
13476,78,93,-15,15
13477,75,87,-12,12
13478,168,171,-3,3
13479,114,117,-3,3
13480,59,77,-18,18
13481,152,158,-6,6
13482,66,72,-6,6
13483,98,95,3,3
13484,70,78,-8,8
13485,101,96,5,5
13486,130,134,-4,4
13487,114,113,1,1
13488,63,74,-11,11
13489,181,171,10,10
13490,86,91,-5,5
13491,107,121,-14,14
13492,59,68,-9,9
13493,74,78,-4,4
13494,134,140,-6,6
13495,199,170,29,29
13496,58,68,-10,10
13497,99,104,-5,5
13498,103,112,-9,9
13499,183,165,18,18
13500,96,103,-7,7
13501,99,108,-9,9
13502,113,108,5,5
13503,88,84,4,4
13504,88,97,-9,9
13505,128,126,2,2
13506,82,95,-13,13
13507,80,83,-3,3
13508,53,64,-11,11
13509,47,57,-10,10
13510,102,94,8,8
13511,97,101,-4,4
13512,68,78,-10,10
13513,125,119,6,6
13514,110,122,-12,12
13515,77,80,-3,3
13516,127,121,6,6
13517,87,91,-4,4
13518,107,96,11,11
13519,105,117,-12,12
13520,153,130,23,23
13521,61,74,-13,13
13522,33,84,-51,51
13523,146,141,5,5
13524,100,111,-11,11
13525,170,157,13,13
13526,134,126,8,8
13527,78,101,-23,23
13528,73,71,2,2
13529,60,67,-7,7
13530,64,69,-5,5
13531,99,99,0,0
13532,80,96,-16,16
13533,65,73,-8,8
13534,67,68,-1,1
13535,141,128,13,13
13536,60,70,-10,10
13537,138,144,-6,6
13538,154,156,-2,2
13539,58,67,-9,9
13540,114,127,-13,13
13541,132,126,6,6
13542,98,105,-7,7
13543,80,89,-9,9
13544,105,112,-7,7
13545,84,94,-10,10
13546,78,87,-9,9
13547,154,149,5,5
13548,67,78,-11,11
13549,95,113,-18,18
13550,125,123,2,2
13551,128,126,2,2
13552,42,50,-8,8
13553,204,195,9,9
13554,98,99,-1,1
13555,112,115,-3,3
13556,132,127,5,5
13557,139,132,7,7
13558,93,92,1,1
13559,146,142,4,4
13560,56,65,-9,9
13561,65,69,-4,4
13562,124,118,6,6
13563,103,105,-2,2
13564,86,87,-1,1
13565,60,75,-15,15
13566,98,104,-6,6
13567,80,124,-44,44
13568,89,106,-17,17
13569,148,134,14,14
13570,40,52,-12,12
13571,80,94,-14,14
13572,70,85,-15,15
13573,82,79,3,3
13574,133,145,-12,12
13575,75,86,-11,11
13576,75,77,-2,2
13577,120,107,13,13
13578,50,63,-13,13
13579,111,131,-20,20
13580,86,91,-5,5
13581,115,121,-6,6
13582,63,67,-4,4
13583,93,101,-8,8
13584,104,100,4,4
13585,153,154,-1,1
13586,51,60,-9,9
13587,128,122,6,6
13588,92,94,-2,2
13589,51,61,-10,10
13590,84,90,-6,6
13591,104,107,-3,3
13592,101,99,2,2
13593,83,94,-11,11
13594,69,83,-14,14
13595,96,97,-1,1
13596,83,88,-5,5
13597,54,78,-24,24
13598,83,76,7,7
13599,54,58,-4,4
13600,61,67,-6,6
13601,116,111,5,5
13602,113,107,6,6
13603,76,78,-2,2
13604,87,86,1,1
13605,59,65,-6,6
13606,141,140,1,1
13607,97,102,-5,5
13608,89,88,1,1
13609,131,135,-4,4
13610,71,74,-3,3
13611,60,64,-4,4
13612,39,53,-14,14
13613,68,82,-14,14
13614,61,67,-6,6
13615,107,107,0,0
13616,95,99,-4,4
13617,94,118,-24,24
13618,82,92,-10,10
13619,110,116,-6,6
13620,113,119,-6,6
13621,107,103,4,4
13622,161,147,14,14
13623,180,161,19,19
13624,101,108,-7,7
13625,88,91,-3,3
13626,87,90,-3,3
13627,115,119,-4,4
13628,121,118,3,3
13629,139,139,0,0
13630,123,123,0,0
13631,63,69,-6,6
13632,122,118,4,4
13633,68,76,-8,8
13634,110,105,5,5
13635,57,84,-27,27
13636,82,82,0,0
13637,95,100,-5,5
13638,134,136,-2,2
13639,98,94,4,4
13640,128,126,2,2
13641,95,101,-6,6
13642,104,131,-27,27
13643,175,164,11,11
13644,109,103,6,6
13645,164,151,13,13
13646,118,121,-3,3
13647,70,80,-10,10
13648,54,71,-17,17
13649,145,145,0,0
13650,68,73,-5,5
13651,82,85,-3,3
13652,61,69,-8,8
13653,92,95,-3,3
13654,89,91,-2,2
13655,96,96,0,0
13656,122,117,5,5
13657,79,85,-6,6
13658,75,81,-6,6
13659,108,110,-2,2
13660,43,56,-13,13
13661,67,74,-7,7
13662,75,83,-8,8
13663,67,73,-6,6
13664,88,98,-10,10
13665,55,62,-7,7
13666,96,112,-16,16
13667,60,69,-9,9
13668,125,119,6,6
13669,56,73,-17,17
13670,111,115,-4,4
13671,105,122,-17,17
13672,77,104,-27,27
13673,89,96,-7,7
13674,79,86,-7,7
13675,107,114,-7,7
13676,124,120,4,4
13677,119,124,-5,5
13678,57,85,-28,28
13679,127,125,2,2
13680,64,78,-14,14
13681,96,102,-6,6
13682,89,86,3,3
13683,71,80,-9,9
13684,76,81,-5,5
13685,110,117,-7,7
13686,120,133,-13,13
13687,98,98,0,0
13688,84,95,-11,11
13689,233,225,8,8
13690,75,76,-1,1
13691,107,95,12,12
13692,76,83,-7,7
13693,84,93,-9,9
13694,86,90,-4,4
13695,103,98,5,5
13696,106,103,3,3
13697,150,132,18,18
13698,73,81,-8,8
13699,130,144,-14,14
13700,132,120,12,12
13701,139,139,0,0
13702,115,116,-1,1
13703,155,150,5,5
13704,75,89,-14,14
13705,70,78,-8,8
13706,127,120,7,7
13707,65,68,-3,3
13708,100,114,-14,14
13709,170,163,7,7
13710,135,142,-7,7
13711,75,81,-6,6
13712,164,172,-8,8
13713,125,114,11,11
13714,104,115,-11,11
13715,53,61,-8,8
13716,146,144,2,2
13717,102,93,9,9
13718,70,81,-11,11
13719,54,63,-9,9
13720,108,110,-2,2
13721,97,103,-6,6
13722,104,105,-1,1
13723,140,143,-3,3
13724,94,114,-20,20
13725,62,82,-20,20
13726,105,101,4,4
13727,48,55,-7,7
13728,63,75,-12,12
13729,64,63,1,1
13730,51,59,-8,8
13731,63,67,-4,4
13732,121,120,1,1
13733,120,116,4,4
13734,86,92,-6,6
13735,91,96,-5,5
13736,55,67,-12,12
13737,98,103,-5,5
13738,69,69,0,0
13739,45,54,-9,9
13740,126,140,-14,14
13741,169,163,6,6
13742,95,93,2,2
13743,106,115,-9,9
13744,91,91,0,0
13745,126,122,4,4
13746,67,77,-10,10
13747,55,67,-12,12
13748,74,84,-10,10
13749,87,80,7,7
13750,87,92,-5,5
13751,83,80,3,3
13752,114,129,-15,15
13753,125,131,-6,6
13754,120,118,2,2
13755,86,88,-2,2
13756,66,79,-13,13
13757,106,106,0,0
13758,62,65,-3,3
13759,87,115,-28,28
13760,68,71,-3,3
13761,77,83,-6,6
13762,106,105,1,1
13763,101,102,-1,1
13764,93,94,-1,1
13765,63,91,-28,28
13766,53,65,-12,12
13767,116,122,-6,6
13768,116,124,-8,8
13769,92,123,-31,31
13770,80,90,-10,10
13771,93,99,-6,6
13772,129,127,2,2
13773,97,99,-2,2
13774,51,67,-16,16
13775,98,95,3,3
13776,80,118,-38,38
13777,74,82,-8,8
13778,157,146,11,11
13779,163,169,-6,6
13780,62,71,-9,9
13781,107,110,-3,3
13782,107,99,8,8
13783,107,110,-3,3
13784,83,88,-5,5
13785,117,107,10,10
13786,94,104,-10,10
13787,65,73,-8,8
13788,61,73,-12,12
13789,79,89,-10,10
13790,137,142,-5,5
13791,141,134,7,7
13792,95,103,-8,8
13793,101,105,-4,4
13794,95,103,-8,8
13795,142,126,16,16
13796,107,100,7,7
13797,80,86,-6,6
13798,91,97,-6,6
13799,71,77,-6,6
13800,81,87,-6,6
13801,96,96,0,0
13802,151,144,7,7
13803,75,90,-15,15
13804,69,79,-10,10
13805,70,78,-8,8
13806,66,78,-12,12
13807,100,108,-8,8
13808,107,107,0,0
13809,116,116,0,0
13810,59,71,-12,12
13811,90,98,-8,8
13812,60,61,-1,1
13813,55,64,-9,9
13814,66,76,-10,10
13815,90,98,-8,8
13816,80,91,-11,11
13817,151,90,61,61
13818,91,96,-5,5
13819,59,69,-10,10
13820,73,80,-7,7
13821,51,67,-16,16
13822,95,101,-6,6
13823,92,95,-3,3
13824,61,69,-8,8
13825,80,87,-7,7
13826,107,127,-20,20
13827,79,85,-6,6
13828,167,153,14,14
13829,58,68,-10,10
13830,104,104,0,0
13831,106,119,-13,13
13832,61,64,-3,3
13833,111,122,-11,11
13834,97,116,-19,19
13835,101,105,-4,4
13836,67,79,-12,12
13837,56,66,-10,10
13838,57,68,-11,11
13839,82,74,8,8
13840,95,100,-5,5
13841,69,79,-10,10
13842,58,70,-12,12
13843,105,105,0,0
13844,163,146,17,17
13845,61,72,-11,11
13846,90,81,9,9
13847,220,205,15,15
13848,96,89,7,7
13849,44,58,-14,14
13850,59,67,-8,8
13851,60,70,-10,10
13852,64,74,-10,10
13853,94,97,-3,3
13854,151,141,10,10
13855,75,80,-5,5
13856,75,81,-6,6
13857,79,77,2,2
13858,70,82,-12,12
13859,107,114,-7,7
13860,145,141,4,4
13861,70,78,-8,8
13862,75,79,-4,4
13863,141,139,2,2
13864,66,75,-9,9
13865,79,76,3,3
13866,111,104,7,7
13867,112,107,5,5
13868,125,140,-15,15
13869,121,132,-11,11
13870,108,108,0,0
13871,74,88,-14,14
13872,106,115,-9,9
13873,118,129,-11,11
13874,162,149,13,13
13875,142,115,27,27
13876,65,74,-9,9
13877,59,64,-5,5
13878,91,90,1,1
13879,75,79,-4,4
13880,125,127,-2,2
13881,146,140,6,6
13882,84,85,-1,1
13883,95,99,-4,4
13884,88,87,1,1
13885,95,95,0,0
13886,54,68,-14,14
13887,68,66,2,2
13888,250,263,-13,13
13889,64,73,-9,9
13890,89,90,-1,1
13891,63,72,-9,9
13892,47,69,-22,22
13893,113,119,-6,6
13894,118,116,2,2
13895,77,82,-5,5
13896,175,160,15,15
13897,87,92,-5,5
13898,85,92,-7,7
13899,107,100,7,7
13900,77,72,5,5
13901,112,124,-12,12
13902,67,77,-10,10
13903,124,136,-12,12
13904,69,73,-4,4
13905,170,168,2,2
13906,91,86,5,5
13907,69,76,-7,7
13908,69,70,-1,1
13909,102,106,-4,4
13910,87,104,-17,17
13911,61,68,-7,7
13912,140,124,16,16
13913,56,69,-13,13
13914,50,60,-10,10
13915,71,72,-1,1
13916,46,60,-14,14
13917,102,107,-5,5
13918,72,74,-2,2
13919,102,111,-9,9
13920,98,100,-2,2
13921,114,120,-6,6
13922,83,92,-9,9
13923,75,84,-9,9
13924,92,91,1,1
13925,107,114,-7,7
13926,166,154,12,12
13927,72,82,-10,10
13928,43,65,-22,22
13929,98,89,9,9
13930,141,136,5,5
13931,112,105,7,7
13932,149,148,1,1
13933,17,45,-28,28
13934,63,77,-14,14
13935,127,131,-4,4
13936,128,128,0,0
13937,64,74,-10,10
13938,59,69,-10,10
13939,45,64,-19,19
13940,104,106,-2,2
13941,82,87,-5,5
13942,52,56,-4,4
13943,96,92,4,4
13944,108,109,-1,1
13945,122,124,-2,2
13946,105,106,-1,1
13947,72,82,-10,10
13948,75,77,-2,2
13949,111,115,-4,4
13950,86,87,-1,1
13951,121,127,-6,6
13952,86,90,-4,4
13953,66,70,-4,4
13954,93,97,-4,4
13955,128,139,-11,11
13956,142,136,6,6
13957,87,77,10,10
13958,84,88,-4,4
13959,103,109,-6,6
13960,113,106,7,7
13961,136,138,-2,2
13962,74,79,-5,5
13963,108,125,-17,17
13964,89,99,-10,10
13965,84,90,-6,6
13966,98,100,-2,2
13967,51,66,-15,15
13968,53,57,-4,4
13969,88,91,-3,3
13970,96,93,3,3
13971,105,115,-10,10
13972,95,95,0,0
13973,119,104,15,15
13974,79,80,-1,1
13975,110,98,12,12
13976,68,72,-4,4
13977,98,105,-7,7
13978,162,164,-2,2
13979,124,132,-8,8
13980,54,59,-5,5
13981,89,101,-12,12
13982,55,65,-10,10
13983,147,134,13,13
13984,118,112,6,6
13985,28,49,-21,21
13986,115,115,0,0
13987,87,93,-6,6
13988,129,124,5,5
13989,100,100,0,0
13990,119,123,-4,4
13991,95,101,-6,6
13992,130,132,-2,2
13993,57,59,-2,2
13994,103,98,5,5
13995,100,101,-1,1
13996,95,97,-2,2
13997,61,68,-7,7
13998,59,71,-12,12
13999,126,118,8,8
14000,162,172,-10,10
14001,98,106,-8,8
14002,134,116,18,18
14003,118,118,0,0
14004,57,66,-9,9
14005,84,96,-12,12
14006,84,86,-2,2
14007,120,139,-19,19
14008,163,162,1,1
14009,64,72,-8,8
14010,83,83,0,0
14011,69,89,-20,20
14012,135,110,25,25
14013,86,87,-1,1
14014,60,61,-1,1
14015,77,86,-9,9
14016,92,98,-6,6
14017,85,87,-2,2
14018,161,155,6,6
14019,126,114,12,12
14020,63,70,-7,7
14021,93,105,-12,12
14022,73,75,-2,2
14023,107,111,-4,4
14024,74,81,-7,7
14025,73,75,-2,2
14026,108,100,8,8
14027,182,173,9,9
14028,134,125,9,9
14029,67,79,-12,12
14030,91,95,-4,4
14031,131,156,-25,25
14032,146,141,5,5
14033,80,83,-3,3
14034,139,135,4,4
14035,188,186,2,2
14036,150,145,5,5
14037,74,79,-5,5
14038,115,119,-4,4
14039,87,86,1,1
14040,83,77,6,6
14041,71,75,-4,4
14042,95,101,-6,6
14043,110,107,3,3
14044,91,95,-4,4
14045,108,110,-2,2
14046,51,57,-6,6
14047,71,82,-11,11
14048,50,60,-10,10
14049,66,75,-9,9
14050,56,72,-16,16
14051,108,117,-9,9
14052,114,114,0,0
14053,86,80,6,6
14054,88,90,-2,2
14055,66,67,-1,1
14056,111,116,-5,5
14057,53,65,-12,12
14058,94,98,-4,4
14059,74,79,-5,5
14060,129,138,-9,9
14061,75,85,-10,10
14062,198,184,14,14
14063,76,78,-2,2
14064,94,98,-4,4
14065,70,73,-3,3
14066,172,151,21,21
14067,61,67,-6,6
14068,80,84,-4,4
14069,102,97,5,5
14070,114,119,-5,5
14071,70,80,-10,10
14072,75,86,-11,11
14073,112,111,1,1
14074,44,57,-13,13
14075,145,168,-23,23
14076,68,97,-29,29
14077,148,144,4,4
14078,56,66,-10,10
14079,81,88,-7,7
14080,73,80,-7,7
14081,122,128,-6,6
14082,75,88,-13,13
14083,121,134,-13,13
14084,139,142,-3,3
14085,63,70,-7,7
14086,125,127,-2,2
14087,85,87,-2,2
14088,112,110,2,2
14089,114,116,-2,2
14090,134,128,6,6
14091,98,113,-15,15
14092,75,87,-12,12
14093,135,120,15,15
14094,96,104,-8,8
14095,102,105,-3,3
14096,150,154,-4,4
14097,186,168,18,18
14098,63,66,-3,3
14099,116,114,2,2
14100,83,80,3,3
14101,110,100,10,10
14102,104,103,1,1
14103,71,77,-6,6
14104,111,119,-8,8
14105,106,116,-10,10
14106,147,152,-5,5
14107,67,77,-10,10
14108,212,199,13,13
14109,83,91,-8,8
14110,174,152,22,22
14111,113,129,-16,16
14112,68,85,-17,17
14113,159,165,-6,6
14114,52,68,-16,16
14115,123,125,-2,2
14116,112,115,-3,3
14117,69,82,-13,13
14118,61,73,-12,12
14119,63,71,-8,8
14120,70,79,-9,9
14121,65,77,-12,12
14122,145,151,-6,6
14123,121,127,-6,6
14124,60,63,-3,3
14125,187,172,15,15
14126,24,37,-13,13
14127,136,137,-1,1
14128,65,82,-17,17
14129,67,73,-6,6
14130,189,188,1,1
14131,83,107,-24,24
14132,76,83,-7,7
14133,91,93,-2,2
14134,74,93,-19,19
14135,55,71,-16,16
14136,107,107,0,0
14137,160,152,8,8
14138,149,140,9,9
14139,96,96,0,0
14140,88,93,-5,5
14141,118,123,-5,5
14142,91,94,-3,3
14143,92,101,-9,9
14144,74,79,-5,5
14145,118,126,-8,8
14146,81,104,-23,23
14147,95,100,-5,5
14148,68,79,-11,11
14149,132,123,9,9
14150,49,52,-3,3
14151,115,120,-5,5
14152,148,146,2,2
14153,109,129,-20,20
14154,104,103,1,1
14155,159,160,-1,1
14156,83,81,2,2
14157,47,53,-6,6
14158,92,97,-5,5
14159,101,110,-9,9
14160,57,65,-8,8
14161,40,57,-17,17
14162,153,143,10,10
14163,163,143,20,20
14164,66,75,-9,9
14165,90,92,-2,2
14166,55,56,-1,1
14167,52,70,-18,18
14168,96,99,-3,3
14169,115,120,-5,5
14170,47,60,-13,13
14171,77,95,-18,18
14172,76,87,-11,11
14173,115,120,-5,5
14174,93,102,-9,9
14175,120,99,21,21
14176,83,98,-15,15
14177,119,119,0,0
14178,40,59,-19,19
14179,47,58,-11,11
14180,55,61,-6,6
14181,96,100,-4,4
14182,88,96,-8,8
14183,74,90,-16,16
14184,80,89,-9,9
14185,68,71,-3,3
14186,144,142,2,2
14187,101,101,0,0
14188,116,118,-2,2
14189,63,69,-6,6
14190,51,59,-8,8
14191,123,131,-8,8
14192,145,141,4,4
14193,107,103,4,4
14194,109,116,-7,7
14195,115,120,-5,5
14196,59,65,-6,6
14197,63,76,-13,13
14198,190,186,4,4
14199,69,76,-7,7
14200,77,82,-5,5
14201,78,90,-12,12
14202,85,98,-13,13
14203,112,97,15,15
14204,82,90,-8,8
14205,150,148,2,2
14206,72,81,-9,9
14207,105,110,-5,5
14208,80,85,-5,5
14209,39,54,-15,15
14210,102,114,-12,12
14211,68,81,-13,13
14212,95,95,0,0
14213,24,41,-17,17
14214,50,61,-11,11
14215,66,67,-1,1
14216,69,82,-13,13
14217,120,120,0,0
14218,140,127,13,13
14219,69,80,-11,11
14220,187,152,35,35
14221,107,107,0,0
14222,67,71,-4,4
14223,126,132,-6,6
14224,112,129,-17,17
14225,93,107,-14,14
14226,89,97,-8,8
14227,93,108,-15,15
14228,48,58,-10,10
14229,153,148,5,5
14230,67,72,-5,5
14231,48,59,-11,11
14232,58,74,-16,16
14233,179,164,15,15
14234,91,97,-6,6
14235,123,129,-6,6
14236,70,84,-14,14
14237,32,47,-15,15
14238,96,91,5,5
14239,53,65,-12,12
14240,99,107,-8,8
14241,133,122,11,11
14242,77,91,-14,14
14243,47,67,-20,20
14244,55,63,-8,8
14245,85,85,0,0
14246,135,132,3,3
14247,103,101,2,2
14248,62,79,-17,17
14249,73,81,-8,8
14250,117,131,-14,14
14251,112,114,-2,2
14252,34,44,-10,10
14253,46,58,-12,12
14254,68,72,-4,4
14255,42,51,-9,9
14256,88,109,-21,21
14257,88,92,-4,4
14258,78,87,-9,9
14259,74,84,-10,10
14260,145,140,5,5
14261,144,142,2,2
14262,146,150,-4,4
14263,50,62,-12,12
14264,134,119,15,15
14265,81,80,1,1
14266,81,80,1,1
14267,64,70,-6,6
14268,134,134,0,0
14269,177,175,2,2
14270,115,110,5,5
14271,105,112,-7,7
14272,142,135,7,7
14273,104,107,-3,3
14274,74,88,-14,14
14275,177,162,15,15
14276,47,56,-9,9
14277,127,134,-7,7
14278,186,171,15,15
14279,81,98,-17,17
14280,78,81,-3,3
14281,155,142,13,13
14282,170,138,32,32
14283,97,99,-2,2
14284,94,95,-1,1
14285,77,87,-10,10
14286,83,88,-5,5
14287,109,115,-6,6
14288,92,97,-5,5
14289,93,97,-4,4
14290,63,93,-30,30
14291,85,91,-6,6
14292,92,108,-16,16
14293,68,67,1,1
14294,111,122,-11,11
14295,181,174,7,7
14296,57,66,-9,9
14297,93,107,-14,14
14298,68,82,-14,14
14299,95,106,-11,11
14300,123,113,10,10
14301,58,70,-12,12
14302,159,144,15,15
14303,97,92,5,5
14304,82,88,-6,6
14305,70,72,-2,2
14306,87,82,5,5
14307,63,70,-7,7
14308,138,139,-1,1
14309,124,131,-7,7
14310,90,93,-3,3
14311,72,73,-1,1
14312,82,94,-12,12
14313,102,128,-26,26
14314,149,136,13,13
14315,127,125,2,2
14316,127,111,16,16
14317,80,87,-7,7
14318,79,76,3,3
14319,126,131,-5,5
14320,160,156,4,4
14321,88,93,-5,5
14322,57,57,0,0
14323,117,123,-6,6
14324,88,85,3,3
14325,117,120,-3,3
14326,108,109,-1,1
14327,122,137,-15,15
14328,126,122,4,4
14329,137,139,-2,2
14330,119,109,10,10
14331,94,99,-5,5
14332,89,79,10,10
14333,65,70,-5,5
14334,80,87,-7,7
14335,73,84,-11,11
14336,137,126,11,11
14337,112,115,-3,3
14338,93,102,-9,9
14339,121,106,15,15
14340,94,102,-8,8
14341,74,84,-10,10
14342,126,123,3,3
14343,102,98,4,4
14344,61,65,-4,4
14345,107,114,-7,7
14346,187,174,13,13
14347,129,125,4,4
14348,96,105,-9,9
14349,85,82,3,3
14350,89,99,-10,10
14351,65,65,0,0
14352,67,83,-16,16
14353,95,95,0,0
14354,90,87,3,3
14355,70,90,-20,20
14356,51,65,-14,14
14357,67,82,-15,15
14358,105,98,7,7
14359,72,92,-20,20
14360,73,72,1,1
14361,90,93,-3,3
14362,60,63,-3,3
14363,125,122,3,3
14364,128,118,10,10
14365,114,116,-2,2
14366,80,73,7,7
14367,130,119,11,11
14368,170,188,-18,18
14369,163,165,-2,2
14370,121,109,12,12
14371,65,75,-10,10
14372,110,111,-1,1
14373,86,92,-6,6
14374,136,139,-3,3
14375,95,102,-7,7
14376,82,85,-3,3
14377,117,113,4,4
14378,122,127,-5,5
14379,61,66,-5,5
14380,49,59,-10,10
14381,188,168,20,20
14382,61,75,-14,14
14383,164,163,1,1
14384,64,78,-14,14
14385,100,99,1,1
14386,75,80,-5,5
14387,90,90,0,0
14388,83,82,1,1
14389,74,86,-12,12
14390,88,92,-4,4
14391,110,102,8,8
14392,104,106,-2,2
14393,61,72,-11,11
14394,80,91,-11,11
14395,121,115,6,6
14396,72,83,-11,11
14397,80,84,-4,4
14398,38,48,-10,10
14399,136,121,15,15
14400,85,96,-11,11
14401,86,88,-2,2
14402,129,128,1,1
14403,58,64,-6,6
14404,73,84,-11,11
14405,135,139,-4,4
14406,106,119,-13,13
14407,53,63,-10,10
14408,54,72,-18,18
14409,62,80,-18,18
14410,91,101,-10,10
14411,61,65,-4,4
14412,56,69,-13,13
14413,53,62,-9,9
14414,67,73,-6,6
14415,81,92,-11,11
14416,77,90,-13,13
14417,92,98,-6,6
14418,181,168,13,13
14419,68,79,-11,11
14420,73,82,-9,9
14421,102,101,1,1
14422,85,90,-5,5
14423,78,85,-7,7
14424,85,86,-1,1
14425,86,98,-12,12
14426,61,61,0,0
14427,60,74,-14,14
14428,70,84,-14,14
14429,63,73,-10,10
14430,141,150,-9,9
14431,82,84,-2,2
14432,125,117,8,8
14433,25,39,-14,14
14434,124,117,7,7
14435,42,51,-9,9
14436,123,130,-7,7
14437,50,69,-19,19
14438,94,105,-11,11
14439,175,166,9,9
14440,119,125,-6,6
14441,97,107,-10,10
14442,112,115,-3,3
14443,105,111,-6,6
14444,85,89,-4,4
14445,117,125,-8,8
14446,140,136,4,4
14447,117,111,6,6
14448,45,57,-12,12
14449,73,83,-10,10
14450,71,89,-18,18
14451,41,54,-13,13
14452,134,129,5,5
14453,102,109,-7,7
14454,69,77,-8,8
14455,98,105,-7,7
14456,113,108,5,5
14457,90,98,-8,8
14458,67,72,-5,5
14459,83,92,-9,9
14460,64,71,-7,7
14461,192,164,28,28
14462,93,86,7,7
14463,111,114,-3,3
14464,122,130,-8,8
14465,89,104,-15,15
14466,77,102,-25,25
14467,66,79,-13,13
14468,57,67,-10,10
14469,84,92,-8,8
14470,90,98,-8,8
14471,103,106,-3,3
14472,144,142,2,2
14473,120,116,4,4
14474,105,106,-1,1
14475,121,126,-5,5
14476,51,104,-53,53
14477,91,89,2,2
14478,73,87,-14,14
14479,60,68,-8,8
14480,50,58,-8,8
14481,94,107,-13,13
14482,107,103,4,4
14483,62,64,-2,2
14484,77,81,-4,4
14485,109,111,-2,2
14486,113,111,2,2
14487,95,108,-13,13
14488,153,161,-8,8
14489,146,136,10,10
14490,75,85,-10,10
14491,97,102,-5,5
14492,96,103,-7,7
14493,112,128,-16,16
14494,93,106,-13,13
14495,88,94,-6,6
14496,143,133,10,10
14497,131,135,-4,4
14498,92,101,-9,9
14499,77,80,-3,3
14500,94,97,-3,3
14501,60,78,-18,18
14502,70,77,-7,7
14503,73,81,-8,8
14504,115,114,1,1
14505,111,120,-9,9
14506,41,51,-10,10
14507,49,57,-8,8
14508,141,135,6,6
14509,85,85,0,0
14510,89,93,-4,4
14511,84,81,3,3
14512,102,102,0,0
14513,100,108,-8,8
14514,72,78,-6,6
14515,99,97,2,2
14516,68,71,-3,3
14517,63,68,-5,5
14518,156,168,-12,12
14519,113,112,1,1
14520,109,107,2,2
14521,141,140,1,1
14522,173,168,5,5
14523,95,109,-14,14
14524,89,101,-12,12
14525,103,106,-3,3
14526,71,80,-9,9
14527,81,87,-6,6
14528,93,98,-5,5
14529,138,147,-9,9
14530,94,89,5,5
14531,168,150,18,18
14532,56,66,-10,10
14533,70,72,-2,2
14534,143,129,14,14
14535,115,116,-1,1
14536,78,79,-1,1
14537,71,76,-5,5
14538,61,68,-7,7
14539,174,166,8,8
14540,136,139,-3,3
14541,137,145,-8,8
14542,64,65,-1,1
14543,98,100,-2,2
14544,61,72,-11,11
14545,79,87,-8,8
14546,58,66,-8,8
14547,88,94,-6,6
14548,83,88,-5,5
14549,58,72,-14,14
14550,113,110,3,3
14551,65,67,-2,2
14552,98,100,-2,2
14553,98,97,1,1
14554,119,109,10,10
14555,81,89,-8,8
14556,107,115,-8,8
14557,69,72,-3,3
14558,102,112,-10,10
14559,64,73,-9,9
14560,92,106,-14,14
14561,91,86,5,5
14562,76,74,2,2
14563,120,118,2,2
14564,131,127,4,4
14565,73,71,2,2
14566,113,100,13,13
14567,46,63,-17,17
14568,31,41,-10,10
14569,86,114,-28,28
14570,124,134,-10,10
14571,69,72,-3,3
14572,103,104,-1,1
14573,78,91,-13,13
14574,85,85,0,0
14575,43,52,-9,9
14576,102,106,-4,4
14577,64,76,-12,12
14578,112,122,-10,10
14579,104,107,-3,3
14580,116,120,-4,4
14581,72,80,-8,8
14582,86,98,-12,12
14583,45,56,-11,11
14584,90,98,-8,8
14585,204,192,12,12
14586,38,53,-15,15
14587,95,84,11,11
14588,102,114,-12,12
14589,193,185,8,8
14590,130,124,6,6
14591,47,57,-10,10
14592,132,136,-4,4
14593,176,148,28,28
14594,67,75,-8,8
14595,100,111,-11,11
14596,73,74,-1,1
14597,44,58,-14,14
14598,65,76,-11,11
14599,34,51,-17,17
14600,56,70,-14,14
14601,87,96,-9,9
14602,87,113,-26,26
14603,44,60,-16,16
14604,115,109,6,6
14605,82,85,-3,3
14606,134,140,-6,6
14607,161,152,9,9
14608,61,64,-3,3
14609,150,147,3,3
14610,106,107,-1,1
14611,68,75,-7,7
14612,106,100,6,6
14613,96,101,-5,5
14614,142,148,-6,6
14615,74,73,1,1
14616,47,60,-13,13
14617,130,139,-9,9
14618,121,128,-7,7
14619,104,105,-1,1
14620,79,85,-6,6
14621,85,84,1,1
14622,92,96,-4,4
14623,52,101,-49,49
14624,144,162,-18,18
14625,92,90,2,2
14626,58,64,-6,6
14627,116,127,-11,11
14628,71,87,-16,16
14629,65,66,-1,1
14630,86,86,0,0
14631,51,64,-13,13
14632,51,65,-14,14
14633,169,163,6,6
14634,117,125,-8,8
14635,94,98,-4,4
14636,77,80,-3,3
14637,61,67,-6,6
14638,64,70,-6,6
14639,38,55,-17,17
14640,54,62,-8,8
14641,70,78,-8,8
14642,77,87,-10,10
14643,127,119,8,8
14644,58,68,-10,10
14645,84,91,-7,7
14646,89,100,-11,11
14647,52,64,-12,12
14648,73,79,-6,6
14649,64,78,-14,14
14650,53,70,-17,17
14651,112,108,4,4
14652,92,99,-7,7
14653,90,84,6,6
14654,72,78,-6,6
14655,99,109,-10,10
14656,84,83,1,1
14657,90,97,-7,7
14658,135,142,-7,7
14659,91,91,0,0
14660,81,95,-14,14
14661,119,115,4,4
14662,70,81,-11,11
14663,62,69,-7,7
14664,80,88,-8,8
14665,69,75,-6,6
14666,107,123,-16,16
14667,145,140,5,5
14668,137,132,5,5
14669,94,101,-7,7
14670,158,144,14,14
14671,174,179,-5,5
14672,100,108,-8,8
14673,141,139,2,2
14674,131,133,-2,2
14675,168,162,6,6
14676,98,99,-1,1
14677,116,127,-11,11
14678,101,100,1,1
14679,89,115,-26,26
14680,119,119,0,0
14681,139,142,-3,3
14682,25,38,-13,13
14683,106,112,-6,6
14684,161,163,-2,2
14685,123,122,1,1
14686,87,91,-4,4
14687,58,68,-10,10
14688,62,73,-11,11
14689,89,92,-3,3
14690,81,84,-3,3
14691,70,70,0,0
14692,78,86,-8,8
14693,163,161,2,2
14694,46,79,-33,33
14695,57,65,-8,8
14696,108,110,-2,2
14697,148,122,26,26
14698,74,84,-10,10
14699,54,67,-13,13
14700,64,80,-16,16
14701,162,146,16,16
14702,124,119,5,5
14703,75,82,-7,7
14704,76,81,-5,5
14705,81,97,-16,16
14706,56,70,-14,14
14707,90,91,-1,1
14708,70,82,-12,12
14709,66,88,-22,22
14710,75,83,-8,8
14711,95,114,-19,19
14712,123,125,-2,2
14713,125,125,0,0
14714,44,54,-10,10
14715,141,141,0,0
14716,53,65,-12,12
14717,97,102,-5,5
14718,100,97,3,3
14719,78,103,-25,25
14720,199,183,16,16
14721,124,121,3,3
14722,56,75,-19,19
14723,62,64,-2,2
14724,109,107,2,2
14725,149,134,15,15
14726,101,111,-10,10
14727,129,126,3,3
14728,138,127,11,11
14729,118,127,-9,9
14730,151,146,5,5
14731,58,63,-5,5
14732,148,148,0,0
14733,89,97,-8,8
14734,93,101,-8,8
14735,111,109,2,2
14736,131,130,1,1
14737,106,114,-8,8
14738,123,127,-4,4
14739,119,143,-24,24
14740,106,114,-8,8
14741,121,122,-1,1
14742,74,71,3,3
14743,94,103,-9,9
14744,83,83,0,0
14745,159,150,9,9
14746,126,119,7,7
14747,71,77,-6,6
14748,52,59,-7,7
14749,139,148,-9,9
14750,98,95,3,3
14751,94,95,-1,1
14752,58,62,-4,4
14753,126,132,-6,6
14754,65,71,-6,6
14755,98,90,8,8
14756,170,164,6,6
14757,71,83,-12,12
14758,63,83,-20,20
14759,74,86,-12,12
14760,119,116,3,3
14761,73,93,-20,20
14762,88,91,-3,3
14763,96,102,-6,6
14764,125,129,-4,4
14765,119,126,-7,7
14766,88,92,-4,4
14767,98,95,3,3
14768,103,119,-16,16
14769,95,94,1,1
14770,80,87,-7,7
14771,88,93,-5,5
14772,50,60,-10,10
14773,81,82,-1,1
14774,72,72,0,0
14775,56,59,-3,3
14776,54,64,-10,10
14777,70,86,-16,16
14778,92,93,-1,1
14779,79,85,-6,6
14780,64,73,-9,9
14781,121,120,1,1
14782,55,62,-7,7
14783,110,109,1,1
14784,142,141,1,1
14785,160,154,6,6
14786,61,68,-7,7
14787,59,69,-10,10
14788,102,115,-13,13
14789,95,92,3,3
14790,62,72,-10,10
14791,142,142,0,0
14792,91,88,3,3
14793,114,116,-2,2
14794,54,61,-7,7
14795,93,104,-11,11
14796,96,99,-3,3
14797,75,77,-2,2
14798,95,95,0,0
14799,59,69,-10,10
14800,87,80,7,7
14801,121,110,11,11
14802,85,96,-11,11
14803,74,83,-9,9
14804,94,99,-5,5
14805,117,124,-7,7
14806,136,137,-1,1
14807,51,59,-8,8
14808,143,138,5,5
14809,110,113,-3,3
14810,112,109,3,3
14811,59,61,-2,2
14812,69,70,-1,1
14813,92,94,-2,2
14814,92,105,-13,13
14815,125,120,5,5
14816,93,90,3,3
14817,94,91,3,3
14818,183,171,12,12
14819,158,164,-6,6
14820,126,127,-1,1
14821,201,180,21,21
14822,96,93,3,3
14823,69,92,-23,23
14824,112,132,-20,20
14825,60,73,-13,13
14826,81,80,1,1
14827,229,219,10,10
14828,81,81,0,0
14829,49,62,-13,13
14830,98,96,2,2
14831,104,105,-1,1
14832,117,111,6,6
14833,91,100,-9,9
14834,96,92,4,4
14835,82,87,-5,5
14836,193,166,27,27
14837,75,84,-9,9
14838,101,104,-3,3
14839,128,117,11,11
14840,103,103,0,0
14841,84,85,-1,1
14842,162,153,9,9
14843,117,119,-2,2
14844,104,127,-23,23
14845,85,89,-4,4
14846,90,95,-5,5
14847,67,76,-9,9
14848,91,86,5,5
14849,152,147,5,5
14850,60,65,-5,5
14851,107,109,-2,2
14852,114,137,-23,23
14853,95,98,-3,3
14854,85,92,-7,7
14855,72,114,-42,42
14856,66,83,-17,17
14857,81,91,-10,10
14858,112,112,0,0
14859,39,53,-14,14
14860,125,139,-14,14
14861,67,74,-7,7
14862,103,100,3,3
14863,44,69,-25,25
14864,52,58,-6,6
14865,58,69,-11,11
14866,105,116,-11,11
14867,55,71,-16,16
14868,107,125,-18,18
14869,102,116,-14,14
14870,61,82,-21,21
14871,129,130,-1,1
14872,72,77,-5,5
14873,144,143,1,1
14874,67,77,-10,10
14875,131,122,9,9
14876,59,69,-10,10
14877,142,139,3,3
14878,80,87,-7,7
14879,95,94,1,1
14880,62,76,-14,14
14881,99,106,-7,7
14882,69,85,-16,16
14883,36,49,-13,13
14884,53,64,-11,11
14885,174,155,19,19
14886,120,123,-3,3
14887,60,74,-14,14
14888,44,49,-5,5
14889,104,111,-7,7
14890,70,72,-2,2
14891,80,82,-2,2
14892,72,77,-5,5
14893,114,129,-15,15
14894,110,115,-5,5
14895,69,70,-1,1
14896,108,106,2,2
14897,136,134,2,2
14898,62,72,-10,10
14899,170,172,-2,2
14900,109,104,5,5
14901,85,90,-5,5
14902,93,89,4,4
14903,117,119,-2,2
14904,102,89,13,13
14905,123,119,4,4
14906,91,112,-21,21
14907,65,73,-8,8
14908,52,61,-9,9
14909,139,127,12,12
14910,88,98,-10,10
14911,67,89,-22,22
14912,143,141,2,2
14913,153,157,-4,4
14914,65,70,-5,5
14915,84,90,-6,6
14916,101,114,-13,13
14917,90,120,-30,30
14918,75,79,-4,4
14919,95,96,-1,1
14920,197,171,26,26
14921,60,66,-6,6
14922,152,150,2,2
14923,69,73,-4,4
14924,79,87,-8,8
14925,63,80,-17,17
14926,114,114,0,0
14927,94,91,3,3
14928,107,104,3,3
14929,94,98,-4,4
14930,68,74,-6,6
14931,95,99,-4,4
14932,123,118,5,5
14933,81,86,-5,5
14934,141,128,13,13
14935,78,87,-9,9
14936,100,110,-10,10
14937,120,119,1,1
14938,36,49,-13,13
14939,81,92,-11,11
14940,118,104,14,14
14941,122,130,-8,8
14942,80,81,-1,1
14943,130,123,7,7
14944,44,52,-8,8
14945,170,169,1,1
14946,74,101,-27,27
14947,66,79,-13,13
14948,192,180,12,12
14949,84,91,-7,7
14950,116,139,-23,23
14951,81,84,-3,3
14952,43,51,-8,8
14953,69,77,-8,8
14954,63,68,-5,5
14955,94,95,-1,1
14956,84,86,-2,2
14957,56,59,-3,3
14958,106,113,-7,7
14959,152,134,18,18
14960,92,92,0,0
14961,68,72,-4,4
14962,87,98,-11,11
14963,88,105,-17,17
14964,78,85,-7,7
14965,64,81,-17,17
14966,147,145,2,2
14967,57,62,-5,5
14968,81,96,-15,15
14969,59,70,-11,11
14970,70,76,-6,6
14971,87,98,-11,11
14972,90,87,3,3
14973,87,84,3,3
14974,49,57,-8,8
14975,160,143,17,17
14976,131,122,9,9
14977,83,90,-7,7
14978,44,55,-11,11
14979,44,60,-16,16
14980,52,66,-14,14
14981,102,112,-10,10
14982,69,76,-7,7
14983,99,100,-1,1
14984,81,95,-14,14
14985,91,102,-11,11
14986,87,87,0,0
14987,57,64,-7,7
14988,82,94,-12,12
14989,56,65,-9,9
14990,76,80,-4,4
14991,79,86,-7,7
14992,78,78,0,0
14993,121,114,7,7
14994,119,115,4,4
14995,68,80,-12,12
14996,146,141,5,5
14997,106,96,10,10
14998,132,126,6,6
14999,47,58,-11,11
15000,70,75,-5,5
15001,114,102,12,12
15002,71,73,-2,2
15003,85,102,-17,17
15004,132,121,11,11
15005,33,42,-9,9
15006,16,47,-31,31
15007,68,76,-8,8
15008,62,71,-9,9
15009,84,93,-9,9
15010,50,62,-12,12
15011,91,100,-9,9
15012,116,116,0,0
15013,97,95,2,2
15014,126,130,-4,4
15015,102,112,-10,10
15016,111,104,7,7
15017,113,110,3,3
15018,149,135,14,14
15019,87,83,4,4
15020,120,115,5,5
15021,124,125,-1,1
15022,145,133,12,12
15023,78,82,-4,4
15024,158,157,1,1
15025,47,63,-16,16
15026,228,200,28,28
15027,86,96,-10,10
15028,97,100,-3,3
15029,105,105,0,0
15030,59,73,-14,14
15031,134,119,15,15
15032,122,126,-4,4
15033,116,137,-21,21
15034,72,85,-13,13
15035,95,110,-15,15
15036,48,56,-8,8
15037,71,75,-4,4
15038,164,169,-5,5
15039,80,90,-10,10
15040,96,92,4,4
15041,133,129,4,4
15042,121,136,-15,15
15043,122,125,-3,3
15044,99,97,2,2
15045,96,93,3,3
15046,41,57,-16,16
15047,157,138,19,19
15048,104,92,12,12
15049,65,77,-12,12
15050,103,112,-9,9
15051,118,116,2,2
15052,99,102,-3,3
15053,126,122,4,4
15054,106,109,-3,3
15055,55,59,-4,4
15056,75,79,-4,4
15057,69,80,-11,11
15058,107,113,-6,6
15059,122,124,-2,2
15060,63,73,-10,10
15061,107,108,-1,1
15062,96,118,-22,22
15063,62,79,-17,17
15064,72,80,-8,8
15065,152,144,8,8
15066,65,75,-10,10
15067,78,81,-3,3
15068,115,114,1,1
15069,113,107,6,6
15070,113,105,8,8
15071,105,105,0,0
15072,116,119,-3,3
15073,158,153,5,5
15074,57,69,-12,12
15075,141,147,-6,6
15076,82,85,-3,3
15077,106,112,-6,6
15078,96,94,2,2
15079,104,105,-1,1
15080,98,98,0,0
15081,83,99,-16,16
15082,138,133,5,5
15083,148,143,5,5
15084,71,77,-6,6
15085,90,107,-17,17
15086,134,124,10,10
15087,129,140,-11,11
15088,127,129,-2,2
15089,77,84,-7,7
15090,69,84,-15,15
15091,102,106,-4,4
15092,69,77,-8,8
15093,65,73,-8,8
15094,102,114,-12,12
15095,56,75,-19,19
15096,123,118,5,5
15097,73,78,-5,5
15098,61,76,-15,15
15099,102,121,-19,19
15100,98,102,-4,4
15101,80,80,0,0
15102,85,93,-8,8
15103,61,80,-19,19
15104,127,132,-5,5
15105,68,73,-5,5
15106,127,139,-12,12
15107,71,77,-6,6
15108,71,68,3,3
15109,149,142,7,7
15110,91,90,1,1
15111,98,109,-11,11
15112,51,62,-11,11
15113,90,90,0,0
15114,105,119,-14,14
15115,84,90,-6,6
15116,98,96,2,2
15117,188,198,-10,10
15118,57,63,-6,6
15119,135,116,19,19
15120,107,109,-2,2
15121,166,158,8,8
15122,102,99,3,3
15123,162,157,5,5
15124,74,77,-3,3
15125,81,88,-7,7
15126,58,66,-8,8
15127,93,83,10,10
15128,67,73,-6,6
15129,136,145,-9,9
15130,122,125,-3,3
15131,114,120,-6,6
15132,66,68,-2,2
15133,121,113,8,8
15134,82,94,-12,12
15135,110,108,2,2
15136,63,74,-11,11
15137,108,109,-1,1
15138,77,80,-3,3
15139,86,86,0,0
15140,74,75,-1,1
15141,101,110,-9,9
15142,114,126,-12,12
15143,105,103,2,2
15144,106,109,-3,3
15145,83,85,-2,2
15146,169,164,5,5
15147,71,77,-6,6
15148,87,96,-9,9
15149,67,76,-9,9
15150,86,113,-27,27
15151,244,233,11,11
15152,96,89,7,7
15153,136,140,-4,4
15154,64,72,-8,8
15155,131,147,-16,16
15156,142,150,-8,8
15157,63,77,-14,14
15158,56,67,-11,11
15159,65,70,-5,5
15160,116,106,10,10
15161,57,61,-4,4
15162,109,117,-8,8
15163,114,128,-14,14
15164,68,70,-2,2
15165,114,113,1,1
15166,64,91,-27,27
15167,112,125,-13,13
15168,47,61,-14,14
15169,66,70,-4,4
15170,81,91,-10,10
15171,127,134,-7,7
15172,109,113,-4,4
15173,72,73,-1,1
15174,94,101,-7,7
15175,46,59,-13,13
15176,113,96,17,17
15177,70,77,-7,7
15178,80,92,-12,12
15179,64,72,-8,8
15180,113,109,4,4
15181,56,71,-15,15
15182,112,109,3,3
15183,50,72,-22,22
15184,101,100,1,1
15185,173,170,3,3
15186,57,60,-3,3
15187,104,103,1,1
15188,90,90,0,0
15189,76,82,-6,6
15190,94,97,-3,3
15191,105,128,-23,23
15192,121,118,3,3
15193,126,138,-12,12
15194,127,115,12,12
15195,116,121,-5,5
15196,88,88,0,0
15197,62,79,-17,17
15198,190,191,-1,1
15199,91,109,-18,18
15200,68,80,-12,12
15201,102,101,1,1
15202,150,124,26,26
15203,85,95,-10,10
15204,45,56,-11,11
15205,106,114,-8,8
15206,64,68,-4,4
15207,152,155,-3,3
15208,124,130,-6,6
15209,77,88,-11,11
15210,80,93,-13,13
15211,68,69,-1,1
15212,131,131,0,0
15213,141,133,8,8
15214,138,127,11,11
15215,139,155,-16,16
15216,54,69,-15,15
15217,81,89,-8,8
15218,131,130,1,1
15219,105,107,-2,2
15220,88,83,5,5
15221,97,101,-4,4
15222,132,130,2,2
15223,80,91,-11,11
15224,83,87,-4,4
15225,56,68,-12,12
15226,68,83,-15,15
15227,88,88,0,0
15228,101,108,-7,7
15229,123,121,2,2
15230,123,131,-8,8
15231,56,81,-25,25
15232,139,138,1,1
15233,102,109,-7,7
15234,53,59,-6,6
15235,145,145,0,0
15236,94,100,-6,6
15237,126,126,0,0
15238,92,89,3,3
15239,82,89,-7,7
15240,74,88,-14,14
15241,165,137,28,28
15242,99,108,-9,9
15243,139,148,-9,9
15244,84,80,4,4
15245,85,88,-3,3
15246,63,74,-11,11
15247,174,151,23,23
15248,127,116,11,11
15249,93,107,-14,14
15250,106,107,-1,1
15251,108,142,-34,34
15252,93,98,-5,5
15253,98,88,10,10
15254,91,94,-3,3
15255,68,71,-3,3
15256,98,99,-1,1
15257,264,241,23,23
15258,105,99,6,6
15259,71,82,-11,11
15260,57,61,-4,4
15261,99,103,-4,4
15262,87,88,-1,1
15263,109,114,-5,5
15264,132,135,-3,3
15265,66,79,-13,13
15266,99,106,-7,7
15267,70,73,-3,3
15268,111,115,-4,4
15269,124,125,-1,1
15270,53,66,-13,13
15271,113,108,5,5
15272,69,66,3,3
15273,69,83,-14,14
15274,80,86,-6,6
15275,87,93,-6,6
15276,117,114,3,3
15277,105,99,6,6
15278,64,66,-2,2
15279,41,56,-15,15
15280,60,66,-6,6
15281,93,97,-4,4
15282,74,72,2,2
15283,100,100,0,0
15284,75,79,-4,4
15285,117,109,8,8
15286,129,132,-3,3
15287,145,142,3,3
15288,102,110,-8,8
15289,147,152,-5,5
15290,55,65,-10,10
15291,91,91,0,0
15292,46,61,-15,15
15293,211,177,34,34
15294,125,134,-9,9
15295,76,79,-3,3
15296,84,88,-4,4
15297,104,109,-5,5
15298,62,73,-11,11
15299,77,87,-10,10
15300,100,98,2,2
15301,83,94,-11,11
15302,90,95,-5,5
15303,181,168,13,13
15304,132,146,-14,14
15305,88,92,-4,4
15306,85,90,-5,5
15307,69,78,-9,9
15308,59,63,-4,4
15309,42,44,-2,2
15310,138,133,5,5
15311,75,77,-2,2
15312,116,126,-10,10
15313,76,95,-19,19
15314,85,91,-6,6
15315,60,70,-10,10
15316,101,102,-1,1
15317,117,129,-12,12
15318,73,86,-13,13
15319,65,80,-15,15
15320,136,141,-5,5
15321,40,54,-14,14
15322,61,68,-7,7
15323,138,139,-1,1
15324,55,67,-12,12
15325,87,87,0,0
15326,60,67,-7,7
15327,42,52,-10,10
15328,184,190,-6,6
15329,136,142,-6,6
15330,46,65,-19,19
15331,157,126,31,31
15332,99,105,-6,6
15333,64,66,-2,2
15334,95,101,-6,6
15335,138,139,-1,1
15336,63,74,-11,11
15337,72,73,-1,1
15338,52,67,-15,15
15339,90,88,2,2
15340,78,91,-13,13
15341,97,104,-7,7
15342,118,118,0,0
15343,89,97,-8,8
15344,55,67,-12,12
15345,109,110,-1,1
15346,64,79,-15,15
15347,103,102,1,1
15348,96,100,-4,4
15349,101,103,-2,2
15350,130,131,-1,1
15351,67,87,-20,20
15352,65,71,-6,6
15353,80,86,-6,6
15354,90,93,-3,3
15355,86,87,-1,1
15356,62,67,-5,5
15357,162,161,1,1
15358,107,115,-8,8
15359,42,53,-11,11
15360,104,110,-6,6
15361,125,125,0,0
15362,93,99,-6,6
15363,163,179,-16,16
15364,42,65,-23,23
15365,127,126,1,1
15366,94,107,-13,13
15367,88,95,-7,7
15368,147,142,5,5
15369,155,152,3,3
15370,107,102,5,5
15371,65,70,-5,5
15372,94,114,-20,20
15373,77,90,-13,13
15374,128,133,-5,5
15375,70,80,-10,10
15376,51,67,-16,16
15377,101,109,-8,8
15378,108,100,8,8
15379,169,159,10,10
15380,56,67,-11,11
15381,114,110,4,4
15382,129,142,-13,13
15383,98,99,-1,1
15384,62,71,-9,9
15385,52,61,-9,9
15386,125,116,9,9
15387,123,120,3,3
15388,107,112,-5,5
15389,100,105,-5,5
15390,153,166,-13,13
15391,81,90,-9,9
15392,82,94,-12,12
15393,97,102,-5,5
15394,28,42,-14,14
15395,123,126,-3,3
15396,66,82,-16,16
15397,91,97,-6,6
15398,95,100,-5,5
15399,66,77,-11,11
15400,105,112,-7,7
15401,64,70,-6,6
15402,106,107,-1,1
15403,136,131,5,5
15404,87,92,-5,5
15405,71,75,-4,4
15406,116,119,-3,3
15407,88,96,-8,8
15408,53,62,-9,9
15409,126,118,8,8
15410,144,130,14,14
15411,74,84,-10,10
15412,63,71,-8,8
15413,72,78,-6,6
15414,73,73,0,0
15415,76,82,-6,6
15416,88,89,-1,1
15417,78,86,-8,8
15418,103,107,-4,4
15419,76,74,2,2
15420,41,89,-48,48
15421,231,206,25,25
15422,134,139,-5,5
15423,126,112,14,14
15424,138,132,6,6
15425,103,116,-13,13
15426,90,98,-8,8
15427,73,78,-5,5
15428,63,80,-17,17
15429,81,93,-12,12
15430,120,111,9,9
15431,92,102,-10,10
15432,100,107,-7,7
15433,51,66,-15,15
15434,116,120,-4,4
15435,97,99,-2,2
15436,87,82,5,5
15437,138,130,8,8
15438,52,66,-14,14
15439,36,52,-16,16
15440,167,170,-3,3
15441,80,95,-15,15
15442,117,118,-1,1
15443,91,88,3,3
15444,163,154,9,9
15445,112,126,-14,14
15446,75,86,-11,11
15447,119,117,2,2
15448,61,76,-15,15
15449,71,71,0,0
15450,117,124,-7,7
15451,115,135,-20,20
15452,99,108,-9,9
15453,125,124,1,1
15454,100,105,-5,5
15455,153,138,15,15
15456,146,149,-3,3
15457,157,146,11,11
15458,104,108,-4,4
15459,130,124,6,6
15460,137,146,-9,9
15461,105,115,-10,10
15462,101,98,3,3
15463,110,120,-10,10
15464,97,96,1,1
15465,87,87,0,0
15466,107,112,-5,5
15467,87,94,-7,7
15468,90,84,6,6
15469,90,92,-2,2
15470,118,122,-4,4
15471,57,74,-17,17
15472,108,115,-7,7
15473,51,61,-10,10
15474,56,85,-29,29
15475,53,73,-20,20
15476,55,68,-13,13
15477,68,81,-13,13
15478,61,72,-11,11
15479,142,147,-5,5
15480,83,88,-5,5
15481,56,67,-11,11
15482,60,76,-16,16
15483,59,69,-10,10
15484,119,118,1,1
15485,60,73,-13,13
15486,60,70,-10,10
15487,106,108,-2,2
15488,78,86,-8,8
15489,83,87,-4,4
15490,63,71,-8,8
15491,147,144,3,3
15492,182,170,12,12
15493,129,125,4,4
15494,97,102,-5,5
15495,115,112,3,3
15496,105,114,-9,9
15497,102,112,-10,10
15498,127,136,-9,9
15499,157,154,3,3
15500,84,86,-2,2
15501,152,142,10,10
15502,74,84,-10,10
15503,79,85,-6,6
15504,123,129,-6,6
15505,135,141,-6,6
15506,82,88,-6,6
15507,111,116,-5,5
15508,62,89,-27,27
15509,59,73,-14,14
15510,77,93,-16,16
15511,63,74,-11,11
15512,81,88,-7,7
15513,56,63,-7,7
15514,69,79,-10,10
15515,65,76,-11,11
15516,82,85,-3,3
15517,91,94,-3,3
15518,190,165,25,25
15519,185,176,9,9
15520,131,126,5,5
15521,65,73,-8,8
15522,158,150,8,8
15523,144,156,-12,12
15524,73,88,-15,15
15525,80,88,-8,8
15526,152,145,7,7
15527,62,74,-12,12
15528,64,74,-10,10
15529,65,77,-12,12
15530,146,141,5,5
15531,124,123,1,1
15532,108,105,3,3
15533,131,124,7,7
15534,107,116,-9,9
15535,104,108,-4,4
15536,78,77,1,1
15537,115,125,-10,10
15538,159,150,9,9
15539,103,115,-12,12
15540,101,113,-12,12
15541,63,66,-3,3
15542,160,159,1,1
15543,61,72,-11,11
15544,60,66,-6,6
15545,130,141,-11,11
15546,96,101,-5,5
15547,84,92,-8,8
15548,93,95,-2,2
15549,110,112,-2,2
15550,66,70,-4,4
15551,77,81,-4,4
15552,103,109,-6,6
15553,78,86,-8,8
15554,147,140,7,7
15555,87,92,-5,5
15556,84,82,2,2
15557,83,86,-3,3
15558,69,72,-3,3
15559,180,176,4,4
15560,140,141,-1,1
15561,57,68,-11,11
15562,120,118,2,2
15563,62,71,-9,9
15564,79,84,-5,5
15565,127,131,-4,4
15566,64,76,-12,12
15567,81,81,0,0
15568,100,99,1,1
15569,118,123,-5,5
15570,85,85,0,0
15571,77,91,-14,14
15572,104,102,2,2
15573,72,78,-6,6
15574,101,103,-2,2
15575,95,105,-10,10
15576,98,100,-2,2
15577,62,66,-4,4
15578,98,96,2,2
15579,113,130,-17,17
15580,62,70,-8,8
15581,52,66,-14,14
15582,112,107,5,5
15583,80,88,-8,8
15584,106,121,-15,15
15585,63,72,-9,9
15586,49,68,-19,19
15587,72,80,-8,8
15588,117,108,9,9
15589,116,113,3,3
15590,94,95,-1,1
15591,95,103,-8,8
15592,83,97,-14,14
15593,119,124,-5,5
15594,106,111,-5,5
15595,92,89,3,3
15596,70,83,-13,13
15597,133,130,3,3
15598,64,68,-4,4
15599,169,157,12,12
15600,93,94,-1,1
15601,102,107,-5,5
15602,87,87,0,0
15603,71,80,-9,9
15604,62,73,-11,11
15605,59,61,-2,2
15606,85,88,-3,3
15607,72,79,-7,7
15608,50,60,-10,10
15609,92,98,-6,6
15610,127,125,2,2
15611,57,63,-6,6
15612,107,107,0,0
15613,65,69,-4,4
15614,82,90,-8,8
15615,81,93,-12,12
15616,98,105,-7,7
15617,82,84,-2,2
15618,110,133,-23,23
15619,166,161,5,5
15620,107,108,-1,1
15621,50,62,-12,12
15622,148,138,10,10
15623,70,80,-10,10
15624,100,95,5,5
15625,108,109,-1,1
15626,113,117,-4,4
15627,53,69,-16,16
15628,126,129,-3,3
15629,72,79,-7,7
15630,197,178,19,19
15631,47,53,-6,6
15632,89,88,1,1
15633,143,134,9,9
15634,119,123,-4,4
15635,76,87,-11,11
15636,73,86,-13,13
15637,68,80,-12,12
15638,111,112,-1,1
15639,121,112,9,9
15640,92,102,-10,10
15641,113,111,2,2
15642,98,103,-5,5
15643,152,161,-9,9
15644,80,87,-7,7
15645,82,87,-5,5
15646,128,124,4,4
15647,49,63,-14,14
15648,128,131,-3,3
15649,63,71,-8,8
15650,52,62,-10,10
15651,89,92,-3,3
15652,68,70,-2,2
15653,109,109,0,0
15654,83,88,-5,5
15655,97,105,-8,8
15656,73,80,-7,7
15657,75,78,-3,3
15658,127,125,2,2
15659,52,84,-32,32
15660,69,65,4,4
15661,152,147,5,5
15662,87,95,-8,8
15663,130,119,11,11
15664,72,86,-14,14
15665,114,120,-6,6
15666,75,83,-8,8
15667,136,129,7,7
15668,77,80,-3,3
15669,88,90,-2,2
15670,64,77,-13,13
15671,90,85,5,5
15672,174,176,-2,2
15673,57,72,-15,15
15674,56,70,-14,14
15675,78,82,-4,4
15676,81,83,-2,2
15677,67,66,1,1
15678,123,117,6,6
15679,146,145,1,1
15680,123,129,-6,6
15681,98,106,-8,8
15682,61,76,-15,15
15683,109,112,-3,3
15684,76,88,-12,12
15685,121,121,0,0
15686,81,87,-6,6
15687,38,62,-24,24
15688,70,84,-14,14
15689,83,86,-3,3
15690,100,105,-5,5
15691,79,94,-15,15
15692,98,107,-9,9
15693,79,79,0,0
15694,196,178,18,18
15695,137,139,-2,2
15696,67,76,-9,9
15697,87,94,-7,7
15698,79,84,-5,5
15699,84,94,-10,10
15700,104,119,-15,15
15701,105,117,-12,12
15702,113,111,2,2
15703,54,62,-8,8
15704,77,81,-4,4
15705,124,125,-1,1
15706,103,102,1,1
15707,175,158,17,17
15708,67,71,-4,4
15709,86,88,-2,2
15710,65,74,-9,9
15711,74,80,-6,6
15712,85,69,16,16
15713,77,82,-5,5
15714,94,94,0,0
15715,163,145,18,18
15716,107,109,-2,2
15717,126,130,-4,4
15718,97,100,-3,3
15719,80,85,-5,5
15720,150,157,-7,7
15721,67,80,-13,13
15722,120,109,11,11
15723,86,98,-12,12
15724,80,85,-5,5
15725,79,83,-4,4
15726,98,99,-1,1
15727,100,108,-8,8
15728,105,112,-7,7
15729,140,158,-18,18
15730,110,108,2,2
15731,101,98,3,3
15732,50,59,-9,9
15733,132,133,-1,1
15734,160,160,0,0
15735,119,110,9,9
15736,94,95,-1,1
15737,83,88,-5,5
15738,92,92,0,0
15739,76,74,2,2
15740,103,108,-5,5
15741,93,102,-9,9
15742,67,77,-10,10
15743,104,124,-20,20
15744,123,124,-1,1
15745,90,87,3,3
15746,75,86,-11,11
15747,120,120,0,0
15748,66,65,1,1
15749,106,111,-5,5
15750,120,119,1,1
15751,98,90,8,8
15752,105,114,-9,9
15753,97,103,-6,6
15754,101,99,2,2
15755,80,87,-7,7
15756,87,90,-3,3
15757,68,72,-4,4
15758,160,147,13,13
15759,77,86,-9,9
15760,65,76,-11,11
15761,90,96,-6,6
15762,34,48,-14,14
15763,90,100,-10,10
15764,83,81,2,2
15765,47,54,-7,7
15766,47,75,-28,28
15767,106,118,-12,12
15768,63,72,-9,9
15769,96,101,-5,5
15770,108,122,-14,14
15771,85,87,-2,2
15772,157,144,13,13
15773,90,81,9,9
15774,116,121,-5,5
15775,132,134,-2,2
15776,123,123,0,0
15777,118,118,0,0
15778,45,62,-17,17
15779,60,70,-10,10
15780,179,160,19,19
15781,111,114,-3,3
15782,118,126,-8,8
15783,87,102,-15,15
15784,51,66,-15,15
15785,37,53,-16,16
15786,91,94,-3,3
15787,69,80,-11,11
15788,130,122,8,8
15789,102,113,-11,11
15790,93,103,-10,10
15791,129,126,3,3
15792,54,60,-6,6
15793,70,75,-5,5
15794,125,118,7,7
15795,59,69,-10,10
15796,46,49,-3,3
15797,64,74,-10,10
15798,113,102,11,11
15799,110,102,8,8
15800,46,58,-12,12
15801,134,144,-10,10
15802,71,91,-20,20
15803,143,149,-6,6
15804,63,73,-10,10
15805,120,119,1,1
15806,86,85,1,1
15807,74,89,-15,15
15808,118,125,-7,7
15809,61,71,-10,10
15810,65,69,-4,4
15811,136,128,8,8
15812,85,94,-9,9
15813,105,96,9,9
15814,146,144,2,2
15815,98,110,-12,12
15816,30,59,-29,29
15817,76,85,-9,9
15818,148,144,4,4
15819,126,110,16,16
15820,121,117,4,4
15821,173,133,40,40
15822,68,88,-20,20
15823,100,108,-8,8
15824,109,113,-4,4
15825,73,85,-12,12
15826,97,102,-5,5
15827,92,91,1,1
15828,97,99,-2,2
15829,88,102,-14,14
15830,159,147,12,12
15831,104,104,0,0
15832,65,74,-9,9
15833,84,86,-2,2
15834,82,87,-5,5
15835,100,114,-14,14
15836,105,107,-2,2
15837,70,85,-15,15
15838,77,79,-2,2
15839,111,112,-1,1
15840,96,92,4,4
15841,98,108,-10,10
15842,89,97,-8,8
15843,62,76,-14,14
15844,144,134,10,10
15845,134,131,3,3
15846,96,98,-2,2
15847,64,80,-16,16
15848,74,80,-6,6
15849,113,110,3,3
15850,125,138,-13,13
15851,122,120,2,2
15852,66,80,-14,14
15853,46,57,-11,11
15854,115,119,-4,4
15855,59,73,-14,14
15856,76,80,-4,4
15857,97,99,-2,2
15858,125,129,-4,4
15859,138,115,23,23
15860,24,37,-13,13
15861,34,46,-12,12
15862,77,83,-6,6
15863,112,124,-12,12
15864,123,123,0,0
15865,88,92,-4,4
15866,130,129,1,1
15867,108,113,-5,5
15868,52,59,-7,7
15869,112,121,-9,9
15870,41,49,-8,8
15871,68,82,-14,14
15872,111,112,-1,1
15873,97,106,-9,9
15874,73,78,-5,5
15875,75,82,-7,7
15876,79,98,-19,19
15877,62,79,-17,17
15878,75,95,-20,20
15879,128,129,-1,1
15880,113,122,-9,9
15881,49,56,-7,7
15882,65,67,-2,2
15883,64,73,-9,9
15884,97,114,-17,17
15885,117,114,3,3
15886,62,70,-8,8
15887,75,99,-24,24
15888,80,91,-11,11
15889,63,75,-12,12
15890,50,65,-15,15
15891,112,117,-5,5
15892,129,129,0,0
15893,78,80,-2,2
15894,102,106,-4,4
15895,101,96,5,5
15896,67,77,-10,10
15897,49,59,-10,10
15898,184,171,13,13
15899,81,85,-4,4
15900,70,74,-4,4
15901,95,92,3,3
15902,111,108,3,3
15903,141,134,7,7
15904,105,111,-6,6
15905,54,57,-3,3
15906,78,83,-5,5
15907,155,143,12,12
15908,134,129,5,5
15909,88,85,3,3
15910,66,82,-16,16
15911,64,79,-15,15
15912,60,76,-16,16
15913,94,98,-4,4
15914,103,98,5,5
15915,146,144,2,2
15916,74,90,-16,16
15917,73,75,-2,2
15918,62,72,-10,10
15919,103,108,-5,5
15920,126,122,4,4
15921,96,91,5,5
15922,160,150,10,10
15923,118,118,0,0
15924,128,120,8,8
15925,191,182,9,9
15926,123,119,4,4
15927,107,111,-4,4
15928,55,60,-5,5
15929,47,51,-4,4
15930,55,62,-7,7
15931,58,68,-10,10
15932,107,112,-5,5
15933,76,81,-5,5
15934,96,91,5,5
15935,57,65,-8,8
15936,110,120,-10,10
15937,79,79,0,0
15938,65,76,-11,11
15939,123,117,6,6
15940,61,59,2,2
15941,65,79,-14,14
15942,113,110,3,3
15943,49,55,-6,6
15944,82,96,-14,14
15945,98,106,-8,8
15946,75,83,-8,8
15947,112,119,-7,7
15948,113,108,5,5
15949,94,98,-4,4
15950,58,58,0,0
15951,64,71,-7,7
15952,105,115,-10,10
15953,101,107,-6,6
15954,68,79,-11,11
15955,101,100,1,1
15956,52,58,-6,6
15957,70,76,-6,6
15958,97,133,-36,36
15959,117,113,4,4
15960,68,75,-7,7
15961,127,119,8,8
15962,69,83,-14,14
15963,90,101,-11,11
15964,40,56,-16,16
15965,114,110,4,4
15966,98,102,-4,4
15967,66,74,-8,8
15968,67,84,-17,17
15969,190,193,-3,3
15970,104,106,-2,2
15971,74,92,-18,18
15972,69,64,5,5
15973,86,94,-8,8
15974,102,98,4,4
15975,122,119,3,3
15976,142,135,7,7
15977,103,96,7,7
15978,164,153,11,11
15979,110,128,-18,18
15980,64,72,-8,8
15981,74,78,-4,4
15982,61,63,-2,2
15983,63,74,-11,11
15984,100,95,5,5
15985,107,111,-4,4
15986,102,102,0,0
15987,31,49,-18,18
15988,147,141,6,6
15989,60,69,-9,9
15990,86,87,-1,1
15991,114,129,-15,15
15992,103,123,-20,20
15993,75,84,-9,9
15994,95,109,-14,14
15995,87,85,2,2
15996,99,96,3,3
15997,114,119,-5,5
15998,76,89,-13,13
15999,120,127,-7,7
16000,90,89,1,1
16001,64,68,-4,4
16002,113,118,-5,5
16003,66,71,-5,5
16004,123,116,7,7
16005,132,124,8,8
16006,124,111,13,13
16007,56,66,-10,10
16008,125,137,-12,12
16009,101,105,-4,4
16010,89,96,-7,7
16011,57,74,-17,17
16012,98,97,1,1
16013,101,106,-5,5
16014,82,94,-12,12
16015,128,139,-11,11
16016,56,67,-11,11
16017,162,164,-2,2
16018,84,94,-10,10
16019,79,79,0,0
16020,53,63,-10,10
16021,55,66,-11,11
16022,62,67,-5,5
16023,73,82,-9,9
16024,42,51,-9,9
16025,127,143,-16,16
16026,52,65,-13,13
16027,121,129,-8,8
16028,75,89,-14,14
16029,89,91,-2,2
16030,64,71,-7,7
16031,36,43,-7,7
16032,89,88,1,1
16033,72,73,-1,1
16034,148,146,2,2
16035,106,106,0,0
16036,158,165,-7,7
16037,131,125,6,6
16038,130,135,-5,5
16039,77,78,-1,1
16040,136,132,4,4
16041,102,109,-7,7
16042,86,93,-7,7
16043,89,89,0,0
16044,101,98,3,3
16045,99,103,-4,4
16046,100,96,4,4
16047,69,81,-12,12
16048,92,88,4,4
16049,69,78,-9,9
16050,128,126,2,2
16051,151,144,7,7
16052,39,44,-5,5
16053,44,59,-15,15
16054,74,90,-16,16
16055,82,82,0,0
16056,140,137,3,3
16057,120,114,6,6
16058,79,73,6,6
16059,89,97,-8,8
16060,158,188,-30,30
16061,105,131,-26,26
16062,113,119,-6,6
16063,58,62,-4,4
16064,95,97,-2,2
16065,82,92,-10,10
16066,140,134,6,6
16067,66,82,-16,16
16068,94,99,-5,5
16069,116,125,-9,9
16070,70,87,-17,17
16071,90,95,-5,5
16072,73,88,-15,15
16073,62,106,-44,44
16074,55,64,-9,9
16075,87,98,-11,11
16076,97,105,-8,8
16077,75,81,-6,6
16078,113,117,-4,4
16079,148,133,15,15
16080,144,168,-24,24
16081,64,66,-2,2
16082,117,110,7,7
16083,89,92,-3,3
16084,106,107,-1,1
16085,130,120,10,10
16086,91,105,-14,14
16087,52,61,-9,9
16088,54,68,-14,14
16089,117,109,8,8
16090,127,139,-12,12
16091,104,97,7,7
16092,122,119,3,3
16093,67,70,-3,3
16094,73,84,-11,11
16095,84,88,-4,4
16096,63,68,-5,5
16097,199,193,6,6
16098,138,152,-14,14
16099,85,88,-3,3
16100,112,116,-4,4
16101,100,108,-8,8
16102,184,194,-10,10
16103,90,93,-3,3
16104,55,62,-7,7
16105,142,135,7,7
16106,124,128,-4,4
16107,83,103,-20,20
16108,79,94,-15,15
16109,52,81,-29,29
16110,92,99,-7,7
16111,71,79,-8,8
16112,47,52,-5,5
16113,83,89,-6,6
16114,68,75,-7,7
16115,65,78,-13,13
16116,99,100,-1,1
16117,114,125,-11,11
16118,98,107,-9,9
16119,84,111,-27,27
16120,181,160,21,21
16121,51,60,-9,9
16122,95,88,7,7
16123,77,84,-7,7
16124,70,81,-11,11
16125,103,105,-2,2
16126,106,105,1,1
16127,70,83,-13,13
16128,92,96,-4,4
16129,104,111,-7,7
16130,49,66,-17,17
16131,62,79,-17,17
16132,52,64,-12,12
16133,88,92,-4,4
16134,84,85,-1,1
16135,80,90,-10,10
16136,55,67,-12,12
16137,84,85,-1,1
16138,158,140,18,18
16139,76,76,0,0
16140,58,70,-12,12
16141,94,91,3,3
16142,44,53,-9,9
16143,96,98,-2,2
16144,134,130,4,4
16145,124,123,1,1
16146,137,141,-4,4
16147,139,139,0,0
16148,40,52,-12,12
16149,64,72,-8,8
16150,100,104,-4,4
16151,90,97,-7,7
16152,88,93,-5,5
16153,80,85,-5,5
16154,67,75,-8,8
16155,96,97,-1,1
16156,74,73,1,1
16157,80,75,5,5
16158,54,67,-13,13
16159,133,141,-8,8
16160,71,74,-3,3
16161,151,143,8,8
16162,150,149,1,1
16163,107,113,-6,6
16164,104,109,-5,5
16165,96,98,-2,2
16166,164,160,4,4
16167,61,79,-18,18
16168,95,99,-4,4
16169,120,118,2,2
16170,107,114,-7,7
16171,116,110,6,6
16172,89,93,-4,4
16173,42,51,-9,9
16174,74,78,-4,4
16175,100,111,-11,11
16176,66,68,-2,2
16177,105,114,-9,9
16178,108,100,8,8
16179,144,144,0,0
16180,118,127,-9,9
16181,82,82,0,0
16182,164,149,15,15
16183,125,133,-8,8
16184,68,77,-9,9
16185,102,108,-6,6
16186,109,119,-10,10
16187,111,102,9,9
16188,115,110,5,5
16189,58,61,-3,3
16190,109,104,5,5
16191,90,98,-8,8
16192,99,98,1,1
16193,124,139,-15,15
16194,147,122,25,25
16195,67,74,-7,7
16196,89,94,-5,5
16197,77,76,1,1
16198,106,133,-27,27
16199,78,87,-9,9
16200,58,78,-20,20
16201,119,114,5,5
16202,74,86,-12,12
16203,80,89,-9,9
16204,143,140,3,3
16205,160,147,13,13
16206,117,117,0,0
16207,79,78,1,1
16208,103,109,-6,6
16209,88,80,8,8
16210,74,86,-12,12
16211,96,101,-5,5
16212,94,113,-19,19
16213,66,69,-3,3
16214,43,61,-18,18
16215,137,132,5,5
16216,89,90,-1,1
16217,95,107,-12,12
16218,172,181,-9,9
16219,37,52,-15,15
16220,75,87,-12,12
16221,112,116,-4,4
16222,98,106,-8,8
16223,137,138,-1,1
16224,122,117,5,5
16225,55,59,-4,4
16226,65,70,-5,5
16227,105,108,-3,3
16228,67,78,-11,11
16229,115,111,4,4
16230,35,58,-23,23
16231,95,95,0,0
16232,62,65,-3,3
16233,60,65,-5,5
16234,142,131,11,11
16235,74,90,-16,16
16236,100,99,1,1
16237,179,113,66,66
16238,173,156,17,17
16239,161,160,1,1
16240,76,85,-9,9
16241,79,93,-14,14
16242,116,108,8,8
16243,58,71,-13,13
16244,83,92,-9,9
16245,48,61,-13,13
16246,74,78,-4,4
16247,57,75,-18,18
16248,84,85,-1,1
16249,114,111,3,3
16250,72,72,0,0
16251,96,106,-10,10
16252,113,143,-30,30
16253,105,101,4,4
16254,149,139,10,10
16255,62,72,-10,10
16256,72,72,0,0
16257,77,83,-6,6
16258,152,151,1,1
16259,94,95,-1,1
16260,115,116,-1,1
16261,56,60,-4,4
16262,65,74,-9,9
16263,111,113,-2,2
16264,73,85,-12,12
16265,75,80,-5,5
16266,90,102,-12,12
16267,121,137,-16,16
16268,111,109,2,2
16269,179,168,11,11
16270,136,141,-5,5
16271,111,110,1,1
16272,35,74,-39,39
16273,90,97,-7,7
16274,58,64,-6,6
16275,172,158,14,14
16276,77,83,-6,6
16277,81,80,1,1
16278,31,48,-17,17
16279,87,97,-10,10
16280,63,84,-21,21
16281,114,107,7,7
16282,96,102,-6,6
16283,83,88,-5,5
16284,117,124,-7,7
16285,121,110,11,11
16286,89,96,-7,7
16287,106,111,-5,5
16288,108,108,0,0
16289,121,120,1,1
16290,160,151,9,9
16291,110,112,-2,2
16292,87,82,5,5
16293,107,108,-1,1
16294,117,120,-3,3
16295,74,85,-11,11
16296,96,101,-5,5
16297,133,130,3,3
16298,81,97,-16,16
16299,81,90,-9,9
16300,76,84,-8,8
16301,57,71,-14,14
16302,131,140,-9,9
16303,91,87,4,4
16304,39,53,-14,14
16305,119,112,7,7
16306,138,133,5,5
16307,105,116,-11,11
16308,77,81,-4,4
16309,132,140,-8,8
16310,58,71,-13,13
16311,42,49,-7,7
16312,67,74,-7,7
16313,54,60,-6,6
16314,74,79,-5,5
16315,95,100,-5,5
16316,73,76,-3,3
16317,75,109,-34,34
16318,58,69,-11,11
16319,112,110,2,2
16320,114,110,4,4
16321,118,124,-6,6
16322,63,73,-10,10
16323,59,77,-18,18
16324,56,64,-8,8
16325,66,69,-3,3
16326,64,73,-9,9
16327,100,97,3,3
16328,97,102,-5,5
16329,155,147,8,8
16330,93,92,1,1
16331,123,123,0,0
16332,89,88,1,1
16333,76,88,-12,12
16334,178,184,-6,6
16335,67,73,-6,6
16336,112,105,7,7
16337,105,109,-4,4
16338,95,95,0,0
16339,81,90,-9,9
16340,67,85,-18,18
16341,79,84,-5,5
16342,117,124,-7,7
16343,72,84,-12,12
16344,103,110,-7,7
16345,109,109,0,0
16346,59,71,-12,12
16347,101,103,-2,2
16348,112,112,0,0
16349,158,146,12,12
16350,119,124,-5,5
16351,92,95,-3,3
16352,38,51,-13,13
16353,66,79,-13,13
16354,69,90,-21,21
16355,51,66,-15,15
16356,200,167,33,33
16357,93,93,0,0
16358,97,100,-3,3
16359,171,142,29,29
16360,65,79,-14,14
16361,102,104,-2,2
16362,72,77,-5,5
16363,55,66,-11,11
16364,118,104,14,14
16365,86,88,-2,2
16366,135,127,8,8
16367,78,81,-3,3
16368,115,123,-8,8
16369,140,148,-8,8
16370,61,73,-12,12
16371,48,62,-14,14
16372,78,83,-5,5
16373,195,188,7,7
16374,48,63,-15,15
16375,71,74,-3,3
16376,126,127,-1,1
16377,207,190,17,17
16378,111,104,7,7
16379,75,92,-17,17
16380,106,105,1,1
16381,84,85,-1,1
16382,140,140,0,0
16383,77,101,-24,24
16384,88,94,-6,6
16385,63,65,-2,2
16386,146,139,7,7
16387,43,55,-12,12
16388,87,93,-6,6
16389,63,66,-3,3
16390,92,105,-13,13
16391,64,75,-11,11
16392,107,102,5,5
16393,114,113,1,1
16394,76,74,2,2
16395,108,120,-12,12
16396,61,66,-5,5
16397,157,155,2,2
16398,161,150,11,11
16399,81,86,-5,5
16400,42,53,-11,11
16401,120,101,19,19
16402,118,108,10,10
16403,99,103,-4,4
16404,78,86,-8,8
16405,39,49,-10,10
16406,62,71,-9,9
16407,93,91,2,2
16408,51,64,-13,13
16409,63,90,-27,27
16410,131,144,-13,13
16411,117,105,12,12
16412,96,96,0,0
16413,158,153,5,5
16414,88,96,-8,8
16415,77,87,-10,10
16416,84,89,-5,5
16417,123,118,5,5
16418,84,85,-1,1
16419,122,126,-4,4
16420,88,96,-8,8
16421,73,72,1,1
16422,198,192,6,6
16423,87,83,4,4
16424,76,92,-16,16
16425,85,93,-8,8
16426,86,97,-11,11
16427,161,167,-6,6
16428,132,116,16,16
16429,65,65,0,0
16430,65,69,-4,4
16431,155,146,9,9
16432,94,105,-11,11
16433,91,92,-1,1
16434,94,109,-15,15
16435,132,131,1,1
16436,74,80,-6,6
16437,134,133,1,1
16438,186,187,-1,1
16439,117,115,2,2
16440,128,135,-7,7
16441,49,62,-13,13
16442,52,63,-11,11
16443,54,61,-7,7
16444,49,64,-15,15
16445,61,75,-14,14
16446,87,92,-5,5
16447,121,131,-10,10
16448,110,113,-3,3
16449,29,43,-14,14
16450,75,79,-4,4
16451,119,127,-8,8
16452,100,101,-1,1
16453,73,101,-28,28
16454,71,81,-10,10
16455,61,86,-25,25
16456,91,112,-21,21
16457,68,88,-20,20
16458,79,86,-7,7
16459,141,153,-12,12
16460,89,94,-5,5
16461,132,132,0,0
16462,110,113,-3,3
16463,70,79,-9,9
16464,49,58,-9,9
16465,99,105,-6,6
16466,60,63,-3,3
16467,94,100,-6,6
16468,89,94,-5,5
16469,149,144,5,5
16470,78,79,-1,1
16471,133,147,-14,14
16472,134,147,-13,13
16473,65,76,-11,11
16474,117,110,7,7
16475,96,98,-2,2
16476,130,121,9,9
16477,138,141,-3,3
16478,85,93,-8,8
16479,128,126,2,2
16480,84,92,-8,8
16481,127,121,6,6
16482,67,77,-10,10
16483,149,155,-6,6
16484,77,80,-3,3
16485,91,95,-4,4
16486,137,131,6,6
16487,142,140,2,2
16488,68,81,-13,13
16489,129,132,-3,3
16490,120,119,1,1
16491,38,52,-14,14
16492,109,113,-4,4
16493,101,98,3,3
16494,66,103,-37,37
16495,61,73,-12,12
16496,107,109,-2,2
16497,112,106,6,6
16498,114,132,-18,18
16499,96,102,-6,6
16500,136,140,-4,4
16501,60,71,-11,11
16502,108,106,2,2
16503,109,113,-4,4
16504,98,100,-2,2
16505,53,75,-22,22
16506,68,70,-2,2
16507,114,116,-2,2
16508,181,182,-1,1
16509,121,120,1,1
16510,67,72,-5,5
16511,78,76,2,2
16512,74,78,-4,4
16513,47,54,-7,7
16514,113,126,-13,13
16515,41,52,-11,11
16516,57,67,-10,10
16517,68,68,0,0
16518,88,98,-10,10
16519,76,97,-21,21
16520,96,101,-5,5
16521,45,58,-13,13
16522,119,117,2,2
16523,104,119,-15,15
16524,111,113,-2,2
16525,62,64,-2,2
16526,94,99,-5,5
16527,86,88,-2,2
16528,78,95,-17,17
16529,132,132,0,0
16530,105,107,-2,2
16531,141,128,13,13
16532,59,68,-9,9
16533,205,172,33,33
16534,91,97,-6,6
16535,87,111,-24,24
16536,87,90,-3,3
16537,102,91,11,11
16538,94,92,2,2
16539,77,86,-9,9
16540,61,69,-8,8
16541,152,137,15,15
16542,85,92,-7,7
16543,120,118,2,2
16544,83,95,-12,12
16545,135,134,1,1
16546,52,63,-11,11
16547,79,78,1,1
16548,50,64,-14,14
16549,152,142,10,10
16550,80,79,1,1
16551,83,92,-9,9
16552,163,164,-1,1
16553,75,89,-14,14
16554,72,83,-11,11
16555,93,97,-4,4
16556,118,111,7,7
16557,84,91,-7,7
16558,72,78,-6,6
16559,75,83,-8,8
16560,79,85,-6,6
16561,84,95,-11,11
16562,88,95,-7,7
16563,99,99,0,0
16564,59,70,-11,11
16565,112,115,-3,3
16566,128,116,12,12
16567,115,106,9,9
16568,101,119,-18,18
16569,60,68,-8,8
16570,80,92,-12,12
16571,134,139,-5,5
16572,72,84,-12,12
16573,160,150,10,10
16574,123,124,-1,1
16575,111,109,2,2
16576,61,76,-15,15
16577,68,77,-9,9
16578,131,141,-10,10
16579,135,125,10,10
16580,217,229,-12,12
16581,56,58,-2,2
16582,86,95,-9,9
16583,104,109,-5,5
16584,87,102,-15,15
16585,76,82,-6,6
16586,137,134,3,3
16587,86,92,-6,6
16588,53,62,-9,9
16589,82,91,-9,9
16590,52,56,-4,4
16591,85,89,-4,4
16592,110,111,-1,1
16593,58,64,-6,6
16594,103,111,-8,8
16595,40,47,-7,7
16596,70,73,-3,3
16597,50,56,-6,6
16598,69,77,-8,8
16599,108,117,-9,9
16600,82,78,4,4
16601,138,127,11,11
16602,103,107,-4,4
16603,119,117,2,2
16604,111,107,4,4
16605,154,146,8,8
16606,131,132,-1,1
16607,67,76,-9,9
16608,76,79,-3,3
16609,104,112,-8,8
16610,134,122,12,12
16611,41,59,-18,18
16612,54,59,-5,5
16613,116,113,3,3
16614,58,64,-6,6
16615,74,90,-16,16
16616,101,109,-8,8
16617,62,68,-6,6
16618,141,142,-1,1
16619,93,93,0,0
16620,98,100,-2,2
16621,88,104,-16,16
16622,33,49,-16,16
16623,115,132,-17,17
16624,86,92,-6,6
16625,156,147,9,9
16626,66,70,-4,4
16627,93,94,-1,1
16628,61,67,-6,6
16629,128,125,3,3
16630,161,148,13,13
16631,51,62,-11,11
16632,59,70,-11,11
16633,97,102,-5,5
16634,157,147,10,10
16635,91,108,-17,17
16636,67,68,-1,1
16637,90,97,-7,7
16638,82,86,-4,4
16639,104,104,0,0
16640,96,98,-2,2
16641,122,128,-6,6
16642,86,87,-1,1
16643,126,132,-6,6
16644,87,88,-1,1
16645,77,90,-13,13
16646,117,113,4,4
16647,144,137,7,7
16648,86,81,5,5
16649,61,63,-2,2
16650,79,104,-25,25
16651,96,96,0,0
16652,89,98,-9,9
16653,89,99,-10,10
16654,110,110,0,0
16655,87,85,2,2
16656,39,53,-14,14
16657,98,98,0,0
16658,151,146,5,5
16659,89,96,-7,7
16660,67,74,-7,7
16661,71,73,-2,2
16662,119,113,6,6
16663,86,92,-6,6
16664,147,141,6,6
16665,51,56,-5,5
16666,83,99,-16,16
16667,83,87,-4,4
16668,54,63,-9,9
16669,138,122,16,16
16670,64,73,-9,9
16671,80,88,-8,8
16672,58,69,-11,11
16673,92,93,-1,1
16674,56,80,-24,24
16675,114,123,-9,9
16676,58,68,-10,10
16677,51,63,-12,12
16678,111,111,0,0
16679,66,82,-16,16
16680,64,71,-7,7
16681,99,111,-12,12
16682,73,75,-2,2
16683,110,103,7,7
16684,99,114,-15,15
16685,92,93,-1,1
16686,57,65,-8,8
16687,138,135,3,3
16688,156,159,-3,3
16689,113,113,0,0
16690,37,50,-13,13
16691,119,117,2,2
16692,109,118,-9,9
16693,137,135,2,2
16694,187,149,38,38
16695,77,87,-10,10
16696,78,80,-2,2
16697,89,97,-8,8
16698,144,149,-5,5
16699,111,115,-4,4
16700,46,62,-16,16
16701,119,122,-3,3
16702,89,82,7,7
16703,85,81,4,4
16704,155,141,14,14
16705,164,169,-5,5
16706,176,170,6,6
16707,61,71,-10,10
16708,143,150,-7,7
16709,66,62,4,4
16710,138,128,10,10
16711,107,109,-2,2
16712,80,82,-2,2
16713,95,96,-1,1
16714,94,109,-15,15
16715,90,93,-3,3
16716,65,73,-8,8
16717,75,83,-8,8
16718,54,64,-10,10
16719,84,92,-8,8
16720,129,121,8,8
16721,142,129,13,13
16722,96,109,-13,13
16723,112,113,-1,1
16724,93,87,6,6
16725,57,66,-9,9
16726,36,58,-22,22
16727,46,59,-13,13
16728,94,105,-11,11
16729,57,65,-8,8
16730,106,116,-10,10
16731,130,134,-4,4
16732,62,71,-9,9
16733,89,97,-8,8
16734,137,134,3,3
16735,107,116,-9,9
16736,58,62,-4,4
16737,73,75,-2,2
16738,86,89,-3,3
16739,103,105,-2,2
16740,121,123,-2,2
16741,66,70,-4,4
16742,87,98,-11,11
16743,59,62,-3,3
16744,109,114,-5,5
16745,79,93,-14,14
16746,68,74,-6,6
16747,66,73,-7,7
16748,72,79,-7,7
16749,100,104,-4,4
16750,102,106,-4,4
16751,55,65,-10,10
16752,98,101,-3,3
16753,107,112,-5,5
16754,77,76,1,1
16755,76,88,-12,12
16756,65,74,-9,9
16757,134,120,14,14
16758,39,56,-17,17
16759,123,128,-5,5
16760,64,70,-6,6
16761,105,106,-1,1
16762,66,74,-8,8
16763,203,196,7,7
16764,144,120,24,24
16765,75,87,-12,12
16766,106,105,1,1
16767,104,108,-4,4
16768,73,86,-13,13
16769,83,79,4,4
16770,81,101,-20,20
16771,83,90,-7,7
16772,100,113,-13,13
16773,103,100,3,3
16774,76,80,-4,4
16775,66,74,-8,8
16776,72,78,-6,6
16777,87,104,-17,17
16778,81,86,-5,5
16779,109,110,-1,1
16780,103,98,5,5
16781,112,127,-15,15
16782,170,161,9,9
16783,89,94,-5,5
16784,73,86,-13,13
16785,59,67,-8,8
16786,135,135,0,0
16787,61,73,-12,12
16788,78,87,-9,9
16789,125,120,5,5
16790,64,81,-17,17
16791,54,66,-12,12
16792,119,115,4,4
16793,92,103,-11,11
16794,117,119,-2,2
16795,88,86,2,2
16796,99,101,-2,2
16797,48,61,-13,13
16798,123,127,-4,4
16799,113,121,-8,8
16800,98,104,-6,6
16801,66,69,-3,3
16802,82,84,-2,2
16803,38,61,-23,23
16804,86,95,-9,9
16805,135,149,-14,14
16806,140,139,1,1
16807,73,77,-4,4
16808,95,101,-6,6
16809,40,51,-11,11
16810,67,93,-26,26
16811,160,155,5,5
16812,121,116,5,5
16813,104,91,13,13
16814,98,100,-2,2
16815,125,122,3,3
16816,119,112,7,7
16817,109,114,-5,5
16818,73,79,-6,6
16819,212,197,15,15
16820,81,82,-1,1
16821,104,105,-1,1
16822,44,55,-11,11
16823,82,75,7,7
16824,181,159,22,22
16825,50,59,-9,9
16826,90,108,-18,18
16827,87,89,-2,2
16828,76,93,-17,17
16829,211,200,11,11
16830,104,103,1,1
16831,114,115,-1,1
16832,143,144,-1,1
16833,142,141,1,1
16834,153,168,-15,15
16835,60,67,-7,7
16836,60,72,-12,12
16837,111,98,13,13
16838,143,154,-11,11
16839,76,83,-7,7
16840,73,76,-3,3
16841,76,75,1,1
16842,75,80,-5,5
16843,58,68,-10,10
16844,57,60,-3,3
16845,112,112,0,0
16846,151,140,11,11
16847,51,59,-8,8
16848,64,72,-8,8
16849,80,87,-7,7
16850,89,91,-2,2
16851,155,149,6,6
16852,97,100,-3,3
16853,82,91,-9,9
16854,122,118,4,4
16855,110,117,-7,7
16856,91,89,2,2
16857,27,65,-38,38
16858,55,60,-5,5
16859,107,104,3,3
16860,61,73,-12,12
16861,67,82,-15,15
16862,111,121,-10,10
16863,95,96,-1,1
16864,129,133,-4,4
16865,165,176,-11,11
16866,139,131,8,8
16867,97,133,-36,36
16868,88,92,-4,4
16869,64,80,-16,16
16870,83,84,-1,1
16871,118,118,0,0
16872,81,85,-4,4
16873,78,82,-4,4
16874,164,165,-1,1
16875,60,82,-22,22
16876,23,40,-17,17
16877,60,67,-7,7
16878,58,73,-15,15
16879,102,110,-8,8
16880,100,103,-3,3
16881,103,111,-8,8
16882,98,95,3,3
16883,136,144,-8,8
16884,110,113,-3,3
16885,95,97,-2,2
16886,113,115,-2,2
16887,143,156,-13,13
16888,141,141,0,0
16889,117,114,3,3
16890,63,77,-14,14
16891,83,80,3,3
16892,52,63,-11,11
16893,95,107,-12,12
16894,85,92,-7,7
16895,75,88,-13,13
16896,137,134,3,3
16897,81,86,-5,5
16898,55,64,-9,9
16899,128,115,13,13
16900,135,125,10,10
16901,107,106,1,1
16902,68,77,-9,9
16903,95,102,-7,7
16904,131,126,5,5
16905,106,108,-2,2
16906,84,105,-21,21
16907,120,125,-5,5
16908,69,75,-6,6
16909,93,105,-12,12
16910,100,103,-3,3
16911,152,147,5,5
16912,139,147,-8,8
16913,109,110,-1,1
16914,122,122,0,0
16915,70,76,-6,6
16916,89,88,1,1
16917,81,77,4,4
16918,59,65,-6,6
16919,74,81,-7,7
16920,121,111,10,10
16921,88,88,0,0
16922,72,97,-25,25
16923,107,110,-3,3
16924,47,64,-17,17
16925,105,104,1,1
16926,61,77,-16,16
16927,116,117,-1,1
16928,110,109,1,1
16929,63,69,-6,6
16930,121,116,5,5
16931,52,59,-7,7
16932,92,91,1,1
16933,102,122,-20,20
16934,86,94,-8,8
16935,171,186,-15,15
16936,97,104,-7,7
16937,105,99,6,6
16938,127,128,-1,1
16939,84,98,-14,14
16940,99,95,4,4
16941,65,67,-2,2
16942,86,80,6,6
16943,107,101,6,6
16944,84,89,-5,5
16945,136,128,8,8
16946,82,83,-1,1
16947,52,64,-12,12
16948,103,122,-19,19
16949,102,107,-5,5
16950,126,119,7,7
16951,185,174,11,11
16952,143,136,7,7
16953,48,72,-24,24
16954,142,124,18,18
16955,58,70,-12,12
16956,164,164,0,0
16957,95,99,-4,4
16958,191,188,3,3
16959,115,123,-8,8
16960,58,68,-10,10
16961,121,118,3,3
16962,101,101,0,0
16963,79,89,-10,10
16964,84,94,-10,10
16965,69,74,-5,5
16966,153,154,-1,1
16967,67,80,-13,13
16968,69,88,-19,19
16969,71,84,-13,13
16970,94,103,-9,9
16971,110,113,-3,3
16972,105,111,-6,6
16973,88,98,-10,10
16974,93,100,-7,7
16975,70,74,-4,4
16976,65,77,-12,12
16977,62,73,-11,11
16978,120,121,-1,1
16979,55,62,-7,7
16980,73,83,-10,10
16981,102,102,0,0
16982,71,78,-7,7
16983,111,126,-15,15
16984,156,154,2,2
16985,89,100,-11,11
16986,67,73,-6,6
16987,71,82,-11,11
16988,71,78,-7,7
16989,108,108,0,0
16990,72,77,-5,5
16991,80,83,-3,3
16992,104,95,9,9
16993,111,116,-5,5
16994,58,63,-5,5
16995,68,71,-3,3
16996,92,94,-2,2
16997,161,154,7,7
16998,107,102,5,5
16999,66,84,-18,18
17000,76,89,-13,13
17001,105,105,0,0
17002,140,130,10,10
17003,77,82,-5,5
17004,70,81,-11,11
17005,133,129,4,4
17006,50,65,-15,15
17007,66,73,-7,7
17008,60,77,-17,17
17009,72,82,-10,10
17010,123,128,-5,5
17011,88,92,-4,4
17012,110,111,-1,1
17013,94,96,-2,2
17014,88,92,-4,4
17015,82,81,1,1
17016,107,126,-19,19
17017,69,72,-3,3
17018,85,94,-9,9
17019,81,88,-7,7
17020,57,69,-12,12
17021,124,118,6,6
17022,126,129,-3,3
17023,59,57,2,2
17024,78,85,-7,7
17025,112,119,-7,7
17026,87,102,-15,15
17027,101,101,0,0
17028,101,105,-4,4
17029,150,152,-2,2
17030,135,127,8,8
17031,146,144,2,2
17032,61,72,-11,11
17033,103,105,-2,2
17034,134,135,-1,1
17035,68,79,-11,11
17036,84,82,2,2
17037,59,69,-10,10
17038,115,114,1,1
17039,98,87,11,11
17040,118,133,-15,15
17041,97,101,-4,4
17042,94,109,-15,15
17043,143,139,4,4
17044,119,119,0,0
17045,82,93,-11,11
17046,86,96,-10,10
17047,79,90,-11,11
17048,178,186,-8,8
17049,151,138,13,13
17050,133,132,1,1
17051,71,83,-12,12
17052,56,62,-6,6
17053,61,68,-7,7
17054,69,81,-12,12
17055,95,102,-7,7
17056,98,98,0,0
17057,88,95,-7,7
17058,86,96,-10,10
17059,79,89,-10,10
17060,77,80,-3,3
17061,88,108,-20,20
17062,110,109,1,1
17063,138,143,-5,5
17064,98,111,-13,13
17065,99,99,0,0
17066,73,80,-7,7
17067,143,140,3,3
17068,44,53,-9,9
17069,136,129,7,7
17070,150,142,8,8
17071,125,128,-3,3
17072,134,132,2,2
17073,93,105,-12,12
17074,107,106,1,1
17075,38,52,-14,14
17076,133,149,-16,16
17077,151,148,3,3
17078,104,113,-9,9
17079,83,85,-2,2
17080,124,114,10,10
17081,161,161,0,0
17082,72,79,-7,7
17083,77,89,-12,12
17084,111,114,-3,3
17085,107,109,-2,2
17086,107,114,-7,7
17087,98,107,-9,9
17088,168,165,3,3
17089,100,97,3,3
17090,70,78,-8,8
17091,68,75,-7,7
17092,74,72,2,2
17093,129,132,-3,3
17094,121,125,-4,4
17095,69,73,-4,4
17096,121,123,-2,2
17097,103,108,-5,5
17098,187,184,3,3
17099,61,67,-6,6
17100,81,85,-4,4
17101,117,129,-12,12
17102,46,67,-21,21
17103,77,88,-11,11
17104,85,92,-7,7
17105,47,58,-11,11
17106,81,87,-6,6
17107,99,94,5,5
17108,152,161,-9,9
17109,58,73,-15,15
17110,45,62,-17,17
17111,87,89,-2,2
17112,100,88,12,12
17113,41,50,-9,9
17114,184,160,24,24
17115,72,78,-6,6
17116,38,51,-13,13
17117,79,105,-26,26
17118,98,93,5,5
17119,71,78,-7,7
17120,62,70,-8,8
17121,90,86,4,4
17122,97,90,7,7
17123,52,62,-10,10
17124,74,73,1,1
17125,154,146,8,8
17126,99,99,0,0
17127,44,50,-6,6
17128,85,89,-4,4
17129,128,127,1,1
17130,128,119,9,9
17131,78,96,-18,18
17132,62,73,-11,11
17133,112,123,-11,11
17134,63,75,-12,12
17135,88,92,-4,4
17136,51,56,-5,5
17137,129,130,-1,1
17138,65,71,-6,6
17139,56,62,-6,6
17140,102,103,-1,1
17141,87,88,-1,1
17142,129,132,-3,3
17143,61,71,-10,10
17144,79,86,-7,7
17145,57,73,-16,16
17146,171,159,12,12
17147,90,96,-6,6
17148,96,95,1,1
17149,91,95,-4,4
17150,47,60,-13,13
17151,87,106,-19,19
17152,86,106,-20,20
17153,133,138,-5,5
17154,133,136,-3,3
17155,89,100,-11,11
17156,64,63,1,1
17157,54,63,-9,9
17158,99,118,-19,19
17159,91,95,-4,4
17160,76,87,-11,11
17161,75,80,-5,5
17162,72,73,-1,1
17163,107,118,-11,11
17164,39,50,-11,11
17165,99,99,0,0
17166,121,120,1,1
17167,89,91,-2,2
17168,132,131,1,1
17169,108,122,-14,14
17170,84,80,4,4
17171,104,107,-3,3
17172,68,75,-7,7
17173,55,64,-9,9
17174,74,75,-1,1
17175,85,93,-8,8
17176,63,70,-7,7
17177,77,86,-9,9
17178,103,109,-6,6
17179,66,74,-8,8
17180,77,75,2,2
17181,112,108,4,4
17182,127,137,-10,10
17183,100,107,-7,7
17184,59,74,-15,15
17185,111,109,2,2
17186,29,44,-15,15
17187,77,82,-5,5
17188,98,107,-9,9
17189,108,111,-3,3
17190,196,188,8,8
17191,79,82,-3,3
17192,150,151,-1,1
17193,99,100,-1,1
17194,73,78,-5,5
17195,75,81,-6,6
17196,62,71,-9,9
17197,77,87,-10,10
17198,100,94,6,6
17199,139,146,-7,7
17200,80,85,-5,5
17201,151,127,24,24
17202,125,127,-2,2
17203,70,82,-12,12
17204,141,135,6,6
17205,76,89,-13,13
17206,74,88,-14,14
17207,108,104,4,4
17208,146,133,13,13
17209,65,69,-4,4
17210,92,106,-14,14
17211,98,100,-2,2
17212,112,126,-14,14
17213,155,142,13,13
17214,109,109,0,0
17215,127,121,6,6
17216,40,59,-19,19
17217,106,120,-14,14
17218,106,121,-15,15
17219,68,77,-9,9
17220,73,81,-8,8
17221,69,76,-7,7
17222,93,100,-7,7
17223,95,98,-3,3
17224,99,101,-2,2
17225,108,108,0,0
17226,77,87,-10,10
17227,76,83,-7,7
17228,102,107,-5,5
17229,117,118,-1,1
17230,88,92,-4,4
17231,82,88,-6,6
17232,99,100,-1,1
17233,147,134,13,13
17234,66,71,-5,5
17235,79,76,3,3
17236,62,79,-17,17
17237,175,168,7,7
17238,101,101,0,0
17239,64,73,-9,9
17240,74,80,-6,6
17241,72,95,-23,23
17242,64,74,-10,10
17243,73,77,-4,4
17244,48,66,-18,18
17245,186,174,12,12
17246,100,128,-28,28
17247,120,117,3,3
17248,53,73,-20,20
17249,120,113,7,7
17250,98,109,-11,11
17251,34,52,-18,18
17252,97,100,-3,3
17253,118,114,4,4
17254,128,120,8,8
17255,90,92,-2,2
17256,63,73,-10,10
17257,160,146,14,14
17258,177,150,27,27
17259,185,176,9,9
17260,104,109,-5,5
17261,68,74,-6,6
17262,119,128,-9,9
17263,110,106,4,4
17264,67,68,-1,1
17265,56,66,-10,10
17266,160,150,10,10
17267,103,125,-22,22
17268,68,72,-4,4
17269,112,117,-5,5
17270,75,80,-5,5
17271,101,108,-7,7
17272,89,115,-26,26
17273,57,76,-19,19
17274,65,72,-7,7
17275,95,106,-11,11
17276,93,101,-8,8
17277,100,101,-1,1
17278,127,136,-9,9
17279,105,101,4,4
17280,58,57,1,1
17281,70,79,-9,9
17282,146,148,-2,2
17283,90,92,-2,2
17284,75,80,-5,5
17285,92,97,-5,5
17286,122,120,2,2
17287,77,84,-7,7
17288,50,62,-12,12
17289,69,81,-12,12
17290,36,50,-14,14
17291,97,94,3,3
17292,81,91,-10,10
17293,127,137,-10,10
17294,142,141,1,1
17295,98,107,-9,9
17296,91,83,8,8
17297,84,92,-8,8
17298,94,100,-6,6
17299,71,90,-19,19
17300,87,85,2,2
17301,109,107,2,2
17302,58,65,-7,7
17303,63,75,-12,12
17304,65,71,-6,6
17305,45,54,-9,9
17306,87,78,9,9
17307,64,77,-13,13
17308,82,90,-8,8
17309,156,166,-10,10
17310,138,122,16,16
17311,76,85,-9,9
17312,134,126,8,8
17313,115,117,-2,2
17314,92,98,-6,6
17315,126,127,-1,1
17316,103,113,-10,10
17317,56,65,-9,9
17318,125,141,-16,16
17319,108,101,7,7
17320,69,75,-6,6
17321,151,147,4,4
17322,88,102,-14,14
17323,101,102,-1,1
17324,165,167,-2,2
17325,151,138,13,13
17326,82,86,-4,4
17327,65,70,-5,5
17328,93,99,-6,6
17329,102,104,-2,2
17330,71,81,-10,10
17331,66,77,-11,11
17332,101,109,-8,8
17333,109,106,3,3
17334,67,68,-1,1
17335,150,146,4,4
17336,71,65,6,6
17337,93,104,-11,11
17338,106,112,-6,6
17339,127,125,2,2
17340,167,165,2,2
17341,67,79,-12,12
17342,137,138,-1,1
17343,90,93,-3,3
17344,48,61,-13,13
17345,79,79,0,0
17346,72,83,-11,11
17347,139,139,0,0
17348,81,90,-9,9
17349,124,127,-3,3
17350,114,109,5,5
17351,75,86,-11,11
17352,73,80,-7,7
17353,90,86,4,4
17354,156,157,-1,1
17355,107,112,-5,5
17356,88,91,-3,3
17357,135,145,-10,10
17358,120,110,10,10
17359,55,77,-22,22
17360,58,72,-14,14
17361,104,116,-12,12
17362,53,59,-6,6
17363,65,68,-3,3
17364,71,77,-6,6
17365,36,53,-17,17
17366,135,128,7,7
17367,159,160,-1,1
17368,118,111,7,7
17369,93,98,-5,5
17370,91,94,-3,3
17371,66,79,-13,13
17372,68,72,-4,4
17373,81,84,-3,3
17374,138,144,-6,6
17375,68,76,-8,8
17376,128,132,-4,4
17377,97,111,-14,14
17378,83,95,-12,12
17379,194,180,14,14
17380,63,68,-5,5
17381,68,70,-2,2
17382,68,78,-10,10
17383,89,100,-11,11
17384,103,99,4,4
17385,113,124,-11,11
17386,95,97,-2,2
17387,93,89,4,4
17388,68,74,-6,6
17389,57,59,-2,2
17390,58,69,-11,11
17391,174,159,15,15
17392,71,77,-6,6
17393,106,106,0,0
17394,63,70,-7,7
17395,63,64,-1,1
17396,126,118,8,8
17397,104,107,-3,3
17398,83,91,-8,8
17399,80,89,-9,9
17400,175,171,4,4
17401,77,102,-25,25
17402,146,140,6,6
17403,78,82,-4,4
17404,114,109,5,5
17405,86,105,-19,19
17406,149,150,-1,1
17407,170,164,6,6
17408,121,118,3,3
17409,61,68,-7,7
17410,64,67,-3,3
17411,67,70,-3,3
17412,99,110,-11,11
17413,185,173,12,12
17414,56,72,-16,16
17415,99,102,-3,3
17416,75,91,-16,16
17417,85,85,0,0
17418,92,93,-1,1
17419,91,92,-1,1
17420,80,81,-1,1
17421,56,75,-19,19
17422,80,83,-3,3
17423,135,132,3,3
17424,98,120,-22,22
17425,150,156,-6,6
17426,53,70,-17,17
17427,106,107,-1,1
17428,74,81,-7,7
17429,196,174,22,22
17430,88,89,-1,1
17431,47,68,-21,21
17432,101,115,-14,14
17433,110,110,0,0
17434,116,120,-4,4
17435,96,103,-7,7
17436,65,70,-5,5
17437,55,58,-3,3
17438,140,143,-3,3
17439,94,92,2,2
17440,89,86,3,3
17441,101,100,1,1
17442,80,78,2,2
17443,112,111,1,1
17444,106,119,-13,13
17445,103,112,-9,9
17446,60,71,-11,11
17447,95,106,-11,11
17448,87,96,-9,9
17449,45,53,-8,8
17450,92,97,-5,5
17451,108,107,1,1
17452,98,99,-1,1
17453,62,71,-9,9
17454,107,110,-3,3
17455,74,75,-1,1
17456,137,128,9,9
17457,75,80,-5,5
17458,66,72,-6,6
17459,100,96,4,4
17460,129,143,-14,14
17461,79,84,-5,5
17462,111,107,4,4
17463,88,99,-11,11
17464,63,70,-7,7
17465,95,102,-7,7
17466,74,80,-6,6
17467,108,109,-1,1
17468,115,110,5,5
17469,96,97,-1,1
17470,146,137,9,9
17471,178,169,9,9
17472,171,165,6,6
17473,171,158,13,13
17474,151,149,2,2
17475,90,97,-7,7
17476,94,88,6,6
17477,89,83,6,6
17478,71,78,-7,7
17479,223,211,12,12
17480,66,75,-9,9
17481,116,120,-4,4
17482,69,72,-3,3
17483,153,146,7,7
17484,48,63,-15,15
17485,83,92,-9,9
17486,177,168,9,9
17487,70,86,-16,16
17488,80,89,-9,9
17489,77,86,-9,9
17490,69,73,-4,4
17491,81,81,0,0
17492,115,118,-3,3
17493,96,107,-11,11
17494,94,92,2,2
17495,46,58,-12,12
17496,88,107,-19,19
17497,90,85,5,5
17498,89,99,-10,10
17499,65,69,-4,4
17500,78,82,-4,4
17501,76,84,-8,8
17502,116,110,6,6
17503,127,122,5,5
17504,146,147,-1,1
17505,89,100,-11,11
17506,42,65,-23,23
17507,73,77,-4,4
17508,61,70,-9,9
17509,79,81,-2,2
17510,105,104,1,1
17511,64,74,-10,10
17512,115,123,-8,8
17513,66,78,-12,12
17514,75,79,-4,4
17515,82,88,-6,6
17516,46,66,-20,20
17517,106,112,-6,6
17518,74,87,-13,13
17519,58,77,-19,19
17520,89,97,-8,8
17521,76,75,1,1
17522,90,86,4,4
17523,108,108,0,0
17524,89,104,-15,15
17525,75,79,-4,4
17526,98,99,-1,1
17527,87,88,-1,1
17528,65,74,-9,9
17529,121,114,7,7
17530,63,75,-12,12
17531,139,147,-8,8
17532,80,86,-6,6
17533,75,80,-5,5
17534,64,76,-12,12
17535,48,53,-5,5
17536,115,117,-2,2
17537,82,87,-5,5
17538,120,118,2,2
17539,141,145,-4,4
17540,67,79,-12,12
17541,48,69,-21,21
17542,117,113,4,4
17543,173,168,5,5
17544,74,87,-13,13
17545,53,68,-15,15
17546,33,48,-15,15
17547,79,88,-9,9
17548,76,78,-2,2
17549,119,113,6,6
17550,139,139,0,0
17551,77,80,-3,3
17552,115,123,-8,8
17553,67,80,-13,13
17554,105,100,5,5
17555,127,130,-3,3
17556,84,87,-3,3
17557,106,114,-8,8
17558,79,92,-13,13
17559,96,105,-9,9
17560,82,83,-1,1
17561,146,142,4,4
17562,98,106,-8,8
17563,116,130,-14,14
17564,42,53,-11,11
17565,82,91,-9,9
17566,71,77,-6,6
17567,103,97,6,6
17568,60,71,-11,11
17569,86,91,-5,5
17570,137,129,8,8
17571,105,101,4,4
17572,68,81,-13,13
17573,94,104,-10,10
17574,190,183,7,7
17575,61,67,-6,6
17576,112,110,2,2
17577,72,72,0,0
17578,137,126,11,11
17579,85,92,-7,7
17580,190,181,9,9
17581,145,153,-8,8
17582,100,109,-9,9
17583,143,133,10,10
17584,81,81,0,0
17585,58,70,-12,12
17586,79,95,-16,16
17587,119,118,1,1
17588,63,72,-9,9
17589,106,104,2,2
17590,111,108,3,3
17591,90,98,-8,8
17592,134,140,-6,6
17593,129,119,10,10
17594,67,73,-6,6
17595,128,132,-4,4
17596,43,56,-13,13
17597,58,67,-9,9
17598,123,134,-11,11
17599,63,70,-7,7
17600,61,73,-12,12
17601,74,70,4,4
17602,117,107,10,10
17603,132,115,17,17
17604,73,69,4,4
17605,127,128,-1,1
17606,170,169,1,1
17607,101,108,-7,7
17608,118,111,7,7
17609,73,77,-4,4
17610,82,90,-8,8
17611,100,105,-5,5
17612,62,73,-11,11
17613,80,80,0,0
17614,50,61,-11,11
17615,68,76,-8,8
17616,163,158,5,5
17617,49,57,-8,8
17618,75,82,-7,7
17619,133,128,5,5
17620,115,121,-6,6
17621,102,110,-8,8
17622,74,81,-7,7
17623,161,150,11,11
17624,130,135,-5,5
17625,122,124,-2,2
17626,109,109,0,0
17627,120,131,-11,11
17628,72,59,13,13
17629,90,98,-8,8
17630,80,98,-18,18
17631,103,115,-12,12
17632,134,134,0,0
17633,93,99,-6,6
17634,82,85,-3,3
17635,184,167,17,17
17636,84,90,-6,6
17637,62,68,-6,6
17638,65,73,-8,8
17639,68,79,-11,11
17640,118,119,-1,1
17641,81,89,-8,8
17642,116,120,-4,4
17643,116,118,-2,2
17644,85,87,-2,2
17645,55,66,-11,11
17646,91,96,-5,5
17647,79,87,-8,8
17648,24,52,-28,28
17649,155,147,8,8
17650,97,90,7,7
17651,69,83,-14,14
17652,105,108,-3,3
17653,158,160,-2,2
17654,129,132,-3,3
17655,115,111,4,4
17656,92,106,-14,14
17657,82,87,-5,5
17658,100,107,-7,7
17659,66,67,-1,1
17660,46,55,-9,9
17661,141,152,-11,11
17662,128,126,2,2
17663,101,90,11,11
17664,103,102,1,1
17665,75,81,-6,6
17666,125,125,0,0
17667,50,58,-8,8
17668,67,72,-5,5
17669,91,100,-9,9
17670,95,101,-6,6
17671,133,129,4,4
17672,124,125,-1,1
17673,59,60,-1,1
17674,138,136,2,2
17675,132,131,1,1
17676,109,110,-1,1
17677,72,83,-11,11
17678,84,91,-7,7
17679,107,110,-3,3
17680,73,88,-15,15
17681,76,84,-8,8
17682,122,115,7,7
17683,107,116,-9,9
17684,38,52,-14,14
17685,127,119,8,8
17686,82,84,-2,2
17687,189,173,16,16
17688,115,113,2,2
17689,100,102,-2,2
17690,70,72,-2,2
17691,81,77,4,4
17692,150,163,-13,13
17693,94,93,1,1
17694,88,89,-1,1
17695,81,90,-9,9
17696,148,151,-3,3
17697,75,93,-18,18
17698,90,94,-4,4
17699,124,124,0,0
17700,46,53,-7,7
17701,103,115,-12,12
17702,101,99,2,2
17703,93,98,-5,5
17704,105,109,-4,4
17705,91,100,-9,9
17706,138,138,0,0
17707,85,93,-8,8
17708,102,100,2,2
17709,72,90,-18,18
17710,81,86,-5,5
17711,118,121,-3,3
17712,114,124,-10,10
17713,118,115,3,3
17714,79,86,-7,7
17715,149,144,5,5
17716,74,84,-10,10
17717,46,59,-13,13
17718,76,78,-2,2
17719,80,86,-6,6
17720,124,139,-15,15
17721,126,137,-11,11
17722,57,64,-7,7
17723,91,106,-15,15
17724,206,181,25,25
17725,122,113,9,9
17726,89,99,-10,10
17727,108,112,-4,4
17728,170,160,10,10
17729,89,93,-4,4
17730,90,89,1,1
17731,85,92,-7,7
17732,80,77,3,3
17733,105,95,10,10
17734,84,81,3,3
17735,97,101,-4,4
17736,60,68,-8,8
17737,39,55,-16,16
17738,103,103,0,0
17739,122,125,-3,3
17740,105,113,-8,8
17741,72,85,-13,13
17742,72,84,-12,12
17743,126,123,3,3
17744,113,109,4,4
17745,88,91,-3,3
17746,121,125,-4,4
17747,88,96,-8,8
17748,72,75,-3,3
17749,65,82,-17,17
17750,74,84,-10,10
17751,112,121,-9,9
17752,53,60,-7,7
17753,138,135,3,3
17754,108,113,-5,5
17755,65,71,-6,6
17756,72,80,-8,8
17757,122,117,5,5
17758,48,62,-14,14
17759,93,94,-1,1
17760,124,120,4,4
17761,92,97,-5,5
17762,66,76,-10,10
17763,69,74,-5,5
17764,144,154,-10,10
17765,103,110,-7,7
17766,96,100,-4,4
17767,107,107,0,0
17768,129,129,0,0
17769,60,68,-8,8
17770,72,78,-6,6
17771,53,61,-8,8
17772,117,107,10,10
17773,109,115,-6,6
17774,73,79,-6,6
17775,121,117,4,4
17776,193,189,4,4
17777,69,82,-13,13
17778,80,80,0,0
17779,135,124,11,11
17780,47,56,-9,9
17781,75,77,-2,2
17782,135,147,-12,12
17783,97,98,-1,1
17784,76,88,-12,12
17785,108,108,0,0
17786,110,114,-4,4
17787,87,97,-10,10
17788,59,66,-7,7
17789,163,158,5,5
17790,80,87,-7,7
17791,169,158,11,11
17792,91,96,-5,5
17793,122,121,1,1
17794,97,101,-4,4
17795,63,74,-11,11
17796,139,146,-7,7
17797,76,78,-2,2
17798,80,85,-5,5
17799,79,80,-1,1
17800,112,118,-6,6
17801,94,96,-2,2
17802,103,116,-13,13
17803,53,65,-12,12
17804,70,79,-9,9
17805,156,156,0,0
17806,29,63,-34,34
17807,128,136,-8,8
17808,125,129,-4,4
17809,126,108,18,18
17810,50,89,-39,39
17811,152,154,-2,2
17812,195,165,30,30
17813,76,88,-12,12
17814,87,92,-5,5
17815,80,80,0,0
17816,66,73,-7,7
17817,72,79,-7,7
17818,104,115,-11,11
17819,67,71,-4,4
17820,109,114,-5,5
17821,146,143,3,3
17822,59,76,-17,17
17823,78,80,-2,2
17824,73,76,-3,3
17825,139,139,0,0
17826,103,100,3,3
17827,112,123,-11,11
17828,99,94,5,5
17829,68,82,-14,14
17830,53,70,-17,17
17831,152,131,21,21
17832,55,62,-7,7
17833,96,106,-10,10
17834,78,85,-7,7
17835,69,97,-28,28
17836,54,62,-8,8
17837,118,124,-6,6
17838,120,112,8,8
17839,45,70,-25,25
17840,94,92,2,2
17841,141,142,-1,1
17842,81,92,-11,11
17843,85,102,-17,17
17844,100,108,-8,8
17845,104,108,-4,4
17846,189,167,22,22
17847,79,82,-3,3
17848,98,104,-6,6
17849,53,62,-9,9
17850,139,131,8,8
17851,96,118,-22,22
17852,75,79,-4,4
17853,74,83,-9,9
17854,142,143,-1,1
17855,135,152,-17,17
17856,40,46,-6,6
17857,176,164,12,12
17858,55,64,-9,9
17859,70,85,-15,15
17860,71,81,-10,10
17861,55,71,-16,16
17862,168,165,3,3
17863,146,140,6,6
17864,111,117,-6,6
17865,117,103,14,14
17866,64,71,-7,7
17867,106,103,3,3
17868,110,102,8,8
17869,79,86,-7,7
17870,95,96,-1,1
17871,121,118,3,3
17872,129,131,-2,2
17873,98,93,5,5
17874,60,64,-4,4
17875,53,64,-11,11
17876,121,114,7,7
17877,112,132,-20,20
17878,54,66,-12,12
17879,76,83,-7,7
17880,126,135,-9,9
17881,131,122,9,9
17882,45,58,-13,13
17883,135,136,-1,1
17884,95,92,3,3
17885,80,78,2,2
17886,96,102,-6,6
17887,143,137,6,6
17888,59,67,-8,8
17889,140,143,-3,3
17890,73,80,-7,7
17891,109,115,-6,6
17892,116,133,-17,17
17893,42,56,-14,14
17894,44,50,-6,6
17895,151,149,2,2
17896,109,121,-12,12
17897,106,97,9,9
17898,131,113,18,18
17899,139,134,5,5
17900,77,80,-3,3
17901,127,122,5,5
17902,79,100,-21,21
17903,140,140,0,0
17904,63,68,-5,5
17905,121,129,-8,8
17906,65,68,-3,3
17907,146,141,5,5
17908,110,104,6,6
17909,101,108,-7,7
17910,35,50,-15,15
17911,105,105,0,0
17912,154,159,-5,5
17913,72,75,-3,3
17914,98,105,-7,7
17915,126,135,-9,9
17916,142,138,4,4
17917,98,119,-21,21
17918,82,94,-12,12
17919,86,95,-9,9
17920,79,79,0,0
17921,111,104,7,7
17922,74,78,-4,4
17923,58,63,-5,5
17924,48,57,-9,9
17925,74,77,-3,3
17926,123,124,-1,1
17927,40,52,-12,12
17928,80,72,8,8
17929,63,65,-2,2
17930,115,105,10,10
17931,107,114,-7,7
17932,80,82,-2,2
17933,85,94,-9,9
17934,166,163,3,3
17935,71,85,-14,14
17936,56,72,-16,16
17937,48,62,-14,14
17938,96,95,1,1
17939,54,62,-8,8
17940,124,128,-4,4
17941,92,100,-8,8
17942,51,62,-11,11
17943,62,72,-10,10
17944,89,90,-1,1
17945,141,133,8,8
17946,87,76,11,11
17947,75,92,-17,17
17948,81,82,-1,1
17949,65,91,-26,26
17950,90,84,6,6
17951,85,85,0,0
17952,71,85,-14,14
17953,61,74,-13,13
17954,104,107,-3,3
17955,98,108,-10,10
17956,68,76,-8,8
17957,77,76,1,1
17958,90,93,-3,3
17959,71,89,-18,18
17960,59,77,-18,18
17961,109,105,4,4
17962,105,113,-8,8
17963,175,164,11,11
17964,83,97,-14,14
17965,139,134,5,5
17966,68,76,-8,8
17967,88,97,-9,9
17968,75,77,-2,2
17969,104,112,-8,8
17970,126,119,7,7
17971,91,99,-8,8
17972,94,101,-7,7
17973,89,92,-3,3
17974,41,57,-16,16
17975,91,110,-19,19
17976,81,91,-10,10
17977,72,75,-3,3
17978,146,138,8,8
17979,80,86,-6,6
17980,141,121,20,20
17981,104,102,2,2
17982,111,108,3,3
17983,115,120,-5,5
17984,67,71,-4,4
17985,132,129,3,3
17986,118,123,-5,5
17987,79,79,0,0
17988,67,83,-16,16
17989,158,139,19,19
17990,90,89,1,1
17991,78,85,-7,7
17992,52,66,-14,14
17993,67,75,-8,8
17994,57,78,-21,21
17995,93,100,-7,7
17996,73,78,-5,5
17997,100,109,-9,9
17998,150,139,11,11
17999,68,72,-4,4
18000,74,81,-7,7
18001,100,106,-6,6
18002,92,107,-15,15
18003,101,113,-12,12
18004,96,94,2,2
18005,161,151,10,10
18006,71,82,-11,11
18007,97,100,-3,3
18008,62,70,-8,8
18009,70,80,-10,10
18010,106,105,1,1
18011,67,80,-13,13
18012,56,74,-18,18
18013,75,76,-1,1
18014,47,56,-9,9
18015,78,81,-3,3
18016,62,65,-3,3
18017,68,73,-5,5
18018,106,104,2,2
18019,125,118,7,7
18020,84,101,-17,17
18021,107,110,-3,3
18022,63,65,-2,2
18023,76,94,-18,18
18024,98,95,3,3
18025,139,123,16,16
18026,94,100,-6,6
18027,142,141,1,1
18028,121,123,-2,2
18029,79,84,-5,5
18030,123,131,-8,8
18031,82,89,-7,7
18032,174,172,2,2
18033,116,123,-7,7
18034,51,64,-13,13
18035,157,143,14,14
18036,57,65,-8,8
18037,71,74,-3,3
18038,30,46,-16,16
18039,102,108,-6,6
18040,140,132,8,8
18041,156,160,-4,4
18042,44,52,-8,8
18043,157,149,8,8
18044,91,97,-6,6
18045,111,122,-11,11
18046,107,127,-20,20
18047,83,95,-12,12
18048,83,86,-3,3
18049,103,103,0,0
18050,84,84,0,0
18051,79,83,-4,4
18052,119,108,11,11
18053,66,81,-15,15
18054,34,55,-21,21
18055,134,134,0,0
18056,108,111,-3,3
18057,60,75,-15,15
18058,33,47,-14,14
18059,105,113,-8,8
18060,71,83,-12,12
18061,92,104,-12,12
18062,62,71,-9,9
18063,54,63,-9,9
18064,85,98,-13,13
18065,154,140,14,14
18066,109,107,2,2
18067,120,140,-20,20
18068,55,61,-6,6
18069,102,117,-15,15
18070,58,61,-3,3
18071,34,48,-14,14
18072,91,97,-6,6
18073,110,108,2,2
18074,117,110,7,7
18075,102,131,-29,29
18076,95,95,0,0
18077,38,53,-15,15
18078,88,95,-7,7
18079,107,112,-5,5
18080,113,115,-2,2
18081,58,66,-8,8
18082,56,69,-13,13
18083,68,77,-9,9
18084,59,66,-7,7
18085,169,173,-4,4
18086,70,70,0,0
18087,117,116,1,1
18088,84,87,-3,3
18089,150,157,-7,7
18090,123,136,-13,13
18091,72,79,-7,7
18092,108,113,-5,5
18093,87,91,-4,4
18094,123,148,-25,25
18095,79,88,-9,9
18096,112,130,-18,18
18097,77,82,-5,5
18098,123,121,2,2
18099,109,121,-12,12
18100,82,80,2,2
18101,57,66,-9,9
18102,120,112,8,8
18103,117,126,-9,9
18104,53,59,-6,6
18105,72,86,-14,14
18106,90,90,0,0
18107,92,112,-20,20
18108,88,88,0,0
18109,55,77,-22,22
18110,62,64,-2,2
18111,108,113,-5,5
18112,85,81,4,4
18113,66,87,-21,21
18114,165,172,-7,7
18115,124,134,-10,10
18116,75,88,-13,13
18117,54,61,-7,7
18118,141,143,-2,2
18119,67,73,-6,6
18120,94,105,-11,11
18121,102,109,-7,7
18122,119,128,-9,9
18123,53,64,-11,11
18124,122,137,-15,15
18125,60,70,-10,10
18126,88,92,-4,4
18127,101,107,-6,6
18128,64,72,-8,8
18129,48,73,-25,25
18130,75,77,-2,2
18131,53,80,-27,27
18132,123,112,11,11
18133,90,92,-2,2
18134,137,145,-8,8
18135,95,103,-8,8
18136,88,109,-21,21
18137,106,114,-8,8
18138,155,149,6,6
18139,75,74,1,1
18140,62,70,-8,8
18141,91,88,3,3
18142,58,63,-5,5
18143,51,66,-15,15
18144,120,126,-6,6
18145,94,102,-8,8
18146,112,112,0,0
18147,84,106,-22,22
18148,67,78,-11,11
18149,83,90,-7,7
18150,162,157,5,5
18151,122,123,-1,1
18152,36,49,-13,13
18153,127,129,-2,2
18154,75,94,-19,19
18155,119,109,10,10
18156,147,143,4,4
18157,105,106,-1,1
18158,55,63,-8,8
18159,90,93,-3,3
18160,57,65,-8,8
18161,100,105,-5,5
18162,63,65,-2,2
18163,58,70,-12,12
18164,140,148,-8,8
18165,107,107,0,0
18166,71,84,-13,13
18167,145,147,-2,2
18168,64,78,-14,14
18169,94,87,7,7
18170,71,76,-5,5
18171,68,79,-11,11
18172,109,105,4,4
18173,67,76,-9,9
18174,81,86,-5,5
18175,101,98,3,3
18176,135,128,7,7
18177,60,62,-2,2
18178,154,146,8,8
18179,131,122,9,9
18180,97,94,3,3
18181,65,72,-7,7
18182,132,129,3,3
18183,95,102,-7,7
18184,97,96,1,1
18185,122,117,5,5
18186,80,93,-13,13
18187,89,87,2,2
18188,97,90,7,7
18189,106,111,-5,5
18190,101,108,-7,7
18191,116,130,-14,14
18192,70,95,-25,25
18193,44,55,-11,11
18194,149,144,5,5
18195,95,99,-4,4
18196,79,83,-4,4
18197,114,117,-3,3
18198,77,76,1,1
18199,121,120,1,1
18200,80,89,-9,9
18201,117,113,4,4
18202,150,141,9,9
18203,85,87,-2,2
18204,72,86,-14,14
18205,112,110,2,2
18206,91,95,-4,4
18207,61,64,-3,3
18208,126,123,3,3
18209,78,82,-4,4
18210,129,129,0,0
18211,71,78,-7,7
18212,72,84,-12,12
18213,166,159,7,7
18214,134,134,0,0
18215,36,46,-10,10
18216,63,75,-12,12
18217,73,77,-4,4
18218,88,95,-7,7
18219,88,101,-13,13
18220,113,122,-9,9
18221,138,136,2,2
18222,88,75,13,13
18223,127,134,-7,7
18224,216,216,0,0
18225,108,114,-6,6
18226,137,140,-3,3
18227,66,88,-22,22
18228,68,81,-13,13
18229,100,100,0,0
18230,50,61,-11,11
18231,130,135,-5,5
18232,100,109,-9,9
18233,201,172,29,29
18234,53,62,-9,9
18235,65,74,-9,9
18236,60,66,-6,6
18237,177,174,3,3
18238,88,84,4,4
18239,64,72,-8,8
18240,141,144,-3,3
18241,87,97,-10,10
18242,144,142,2,2
18243,118,111,7,7
18244,84,92,-8,8
18245,80,92,-12,12
18246,131,140,-9,9
18247,61,69,-8,8
18248,93,96,-3,3
18249,78,92,-14,14
18250,58,63,-5,5
18251,99,94,5,5
18252,107,105,2,2
18253,119,120,-1,1
18254,104,117,-13,13
18255,87,100,-13,13
18256,88,87,1,1
18257,131,133,-2,2
18258,126,123,3,3
18259,125,116,9,9
18260,99,112,-13,13
18261,127,130,-3,3
18262,34,59,-25,25
18263,77,76,1,1
18264,88,95,-7,7
18265,106,123,-17,17
18266,104,104,0,0
18267,78,95,-17,17
18268,78,84,-6,6
18269,211,189,22,22
18270,68,60,8,8
18271,110,111,-1,1
18272,86,93,-7,7
18273,102,106,-4,4
18274,82,82,0,0
18275,57,64,-7,7
18276,106,114,-8,8
18277,52,65,-13,13
18278,60,66,-6,6
18279,78,85,-7,7
18280,66,67,-1,1
18281,134,130,4,4
18282,61,70,-9,9
18283,88,91,-3,3
18284,95,100,-5,5
18285,79,87,-8,8
18286,109,115,-6,6
18287,74,84,-10,10
18288,82,81,1,1
18289,77,84,-7,7
18290,89,93,-4,4
18291,115,112,3,3
18292,64,73,-9,9
18293,143,139,4,4
18294,189,176,13,13
18295,27,44,-17,17
18296,82,96,-14,14
18297,127,141,-14,14
18298,121,113,8,8
18299,103,107,-4,4
18300,55,64,-9,9
18301,163,168,-5,5
18302,93,100,-7,7
18303,95,98,-3,3
18304,123,132,-9,9
18305,59,72,-13,13
18306,112,106,6,6
18307,76,84,-8,8
18308,77,94,-17,17
18309,62,72,-10,10
18310,71,79,-8,8
18311,60,66,-6,6
18312,141,145,-4,4
18313,91,98,-7,7
18314,96,96,0,0
18315,58,67,-9,9
18316,93,97,-4,4
18317,165,164,1,1
18318,199,195,4,4
18319,98,102,-4,4
18320,152,157,-5,5
18321,81,79,2,2
18322,93,92,1,1
18323,122,117,5,5
18324,83,90,-7,7
18325,82,92,-10,10
18326,61,69,-8,8
18327,87,95,-8,8
18328,44,55,-11,11
18329,90,105,-15,15
18330,50,66,-16,16
18331,122,118,4,4
18332,82,89,-7,7
18333,101,110,-9,9
18334,93,101,-8,8
18335,132,122,10,10
18336,111,123,-12,12
18337,96,88,8,8
18338,47,59,-12,12
18339,113,120,-7,7
18340,182,183,-1,1
18341,107,129,-22,22
18342,99,112,-13,13
18343,72,82,-10,10
18344,84,95,-11,11
18345,55,65,-10,10
18346,154,158,-4,4
18347,39,53,-14,14
18348,107,107,0,0
18349,89,101,-12,12
18350,114,117,-3,3
18351,99,107,-8,8
18352,76,85,-9,9
18353,61,69,-8,8
18354,112,106,6,6
18355,79,86,-7,7
18356,81,84,-3,3
18357,80,91,-11,11
18358,49,69,-20,20
18359,48,52,-4,4
18360,113,116,-3,3
18361,91,101,-10,10
18362,76,82,-6,6
18363,144,148,-4,4
18364,67,73,-6,6
18365,81,79,2,2
18366,111,115,-4,4
18367,78,85,-7,7
18368,53,64,-11,11
18369,77,86,-9,9
18370,71,95,-24,24
18371,76,79,-3,3
18372,65,70,-5,5
18373,90,96,-6,6
18374,165,159,6,6
18375,188,185,3,3
18376,58,160,-102,102
18377,81,87,-6,6
18378,65,72,-7,7
18379,91,99,-8,8
18380,116,121,-5,5
18381,145,137,8,8
18382,111,110,1,1
18383,146,140,6,6
18384,119,113,6,6
18385,91,99,-8,8
18386,116,121,-5,5
18387,48,54,-6,6
18388,107,123,-16,16
18389,63,72,-9,9
18390,120,112,8,8
18391,86,87,-1,1
18392,93,98,-5,5
18393,89,99,-10,10
18394,95,102,-7,7
18395,90,92,-2,2
18396,104,103,1,1
18397,144,144,0,0
18398,119,112,7,7
18399,82,89,-7,7
18400,61,81,-20,20
18401,93,109,-16,16
18402,142,139,3,3
18403,73,78,-5,5
18404,133,120,13,13
18405,128,136,-8,8
18406,104,107,-3,3
18407,90,96,-6,6
18408,88,99,-11,11
18409,65,83,-18,18
18410,102,100,2,2
18411,176,160,16,16
18412,90,103,-13,13
18413,241,218,23,23
18414,115,106,9,9
18415,69,73,-4,4
18416,94,92,2,2
18417,123,122,1,1
18418,96,112,-16,16
18419,90,100,-10,10
18420,59,70,-11,11
18421,76,84,-8,8
18422,72,78,-6,6
18423,70,77,-7,7
18424,67,70,-3,3
18425,83,91,-8,8
18426,205,188,17,17
18427,62,76,-14,14
18428,214,208,6,6
18429,79,78,1,1
18430,142,137,5,5
18431,88,91,-3,3
18432,107,117,-10,10
18433,120,115,5,5
18434,108,110,-2,2
18435,102,99,3,3
18436,64,74,-10,10
18437,86,97,-11,11
18438,70,78,-8,8
18439,130,116,14,14
18440,97,92,5,5
18441,85,96,-11,11
18442,67,71,-4,4
18443,142,124,18,18
18444,48,62,-14,14
18445,88,90,-2,2
18446,123,126,-3,3
18447,69,83,-14,14
18448,92,97,-5,5
18449,69,79,-10,10
18450,45,55,-10,10
18451,64,72,-8,8
18452,84,83,1,1
18453,131,134,-3,3
18454,78,86,-8,8
18455,32,49,-17,17
18456,85,88,-3,3
18457,100,99,1,1
18458,99,90,9,9
18459,125,121,4,4
18460,91,86,5,5
18461,196,187,9,9
18462,94,121,-27,27
18463,54,60,-6,6
18464,134,131,3,3
18465,168,154,14,14
18466,64,70,-6,6
18467,73,82,-9,9
18468,96,95,1,1
18469,82,82,0,0
18470,48,65,-17,17
18471,65,75,-10,10
18472,121,123,-2,2
18473,102,108,-6,6
18474,69,75,-6,6
18475,92,95,-3,3
18476,79,84,-5,5
18477,107,112,-5,5
18478,76,94,-18,18
18479,73,84,-11,11
18480,75,77,-2,2
18481,150,155,-5,5
18482,149,144,5,5
18483,144,141,3,3
18484,113,112,1,1
18485,62,76,-14,14
18486,108,113,-5,5
18487,103,113,-10,10
18488,58,101,-43,43
18489,42,62,-20,20
18490,115,105,10,10
18491,58,95,-37,37
18492,115,107,8,8
18493,109,105,4,4
18494,51,55,-4,4
18495,70,77,-7,7
18496,68,93,-25,25
18497,143,151,-8,8
18498,83,78,5,5
18499,116,112,4,4
18500,45,58,-13,13
18501,90,92,-2,2
18502,67,73,-6,6
18503,100,106,-6,6
18504,113,118,-5,5
18505,30,49,-19,19
18506,98,106,-8,8
18507,67,76,-9,9
18508,53,65,-12,12
18509,105,108,-3,3
18510,123,136,-13,13
18511,57,65,-8,8
18512,125,118,7,7
18513,98,98,0,0
18514,111,114,-3,3
18515,122,121,1,1
18516,117,122,-5,5
18517,74,81,-7,7
18518,84,88,-4,4
18519,143,140,3,3
18520,121,115,6,6
18521,121,121,0,0
18522,99,102,-3,3
18523,103,99,4,4
18524,104,92,12,12
18525,63,70,-7,7
18526,222,190,32,32
18527,113,107,6,6
18528,88,100,-12,12
18529,122,108,14,14
18530,109,125,-16,16
18531,72,77,-5,5
18532,64,71,-7,7
18533,144,137,7,7
18534,82,86,-4,4
18535,82,93,-11,11
18536,162,157,5,5
18537,112,123,-11,11
18538,62,72,-10,10
18539,78,99,-21,21
18540,48,54,-6,6
18541,90,95,-5,5
18542,130,122,8,8
18543,70,78,-8,8
18544,141,150,-9,9
18545,138,138,0,0
18546,126,105,21,21
18547,71,79,-8,8
18548,89,99,-10,10
18549,138,139,-1,1
18550,70,73,-3,3
18551,123,116,7,7
18552,72,80,-8,8
18553,107,117,-10,10
18554,58,62,-4,4
18555,90,90,0,0
18556,136,142,-6,6
18557,163,160,3,3
18558,108,104,4,4
18559,83,78,5,5
18560,117,121,-4,4
18561,142,137,5,5
18562,69,75,-6,6
18563,100,94,6,6
18564,211,191,20,20
18565,148,155,-7,7
18566,82,83,-1,1
18567,86,96,-10,10
18568,201,193,8,8
18569,113,122,-9,9
18570,126,129,-3,3
18571,64,68,-4,4
18572,98,99,-1,1
18573,51,60,-9,9
18574,93,109,-16,16
18575,60,69,-9,9
18576,82,86,-4,4
18577,95,118,-23,23
18578,94,90,4,4
18579,81,86,-5,5
18580,111,114,-3,3
18581,63,77,-14,14
18582,55,67,-12,12
18583,142,141,1,1
18584,139,134,5,5
18585,118,119,-1,1
18586,209,172,37,37
18587,73,80,-7,7
18588,103,110,-7,7
18589,118,122,-4,4
18590,124,125,-1,1
18591,79,96,-17,17
18592,124,123,1,1
18593,129,131,-2,2
18594,91,91,0,0
18595,83,94,-11,11
18596,120,115,5,5
18597,91,88,3,3
18598,101,101,0,0
18599,117,112,5,5
18600,154,147,7,7
18601,83,89,-6,6
18602,113,120,-7,7
18603,83,91,-8,8
18604,106,119,-13,13
18605,47,58,-11,11
18606,63,71,-8,8
18607,99,100,-1,1
18608,47,73,-26,26
18609,111,112,-1,1
18610,111,109,2,2
18611,152,145,7,7
18612,91,110,-19,19
18613,111,115,-4,4
18614,103,119,-16,16
18615,80,92,-12,12
18616,133,131,2,2
18617,83,86,-3,3
18618,67,70,-3,3
18619,124,130,-6,6
18620,93,108,-15,15
18621,80,84,-4,4
18622,64,77,-13,13
18623,74,88,-14,14
18624,92,100,-8,8
18625,122,115,7,7
18626,92,109,-17,17
18627,111,116,-5,5
18628,148,128,20,20
18629,102,99,3,3
18630,101,107,-6,6
18631,89,92,-3,3
18632,94,106,-12,12
18633,78,81,-3,3
18634,88,84,4,4
18635,87,99,-12,12
18636,59,60,-1,1
18637,75,86,-11,11
18638,101,108,-7,7
18639,96,107,-11,11
18640,64,72,-8,8
18641,106,111,-5,5
18642,90,96,-6,6
18643,95,104,-9,9
18644,107,115,-8,8
18645,95,101,-6,6
18646,78,94,-16,16
18647,124,157,-33,33
18648,142,146,-4,4
18649,73,77,-4,4
18650,111,114,-3,3
18651,92,84,8,8
18652,205,181,24,24
18653,93,94,-1,1
18654,87,102,-15,15
18655,43,52,-9,9
18656,51,64,-13,13
18657,102,108,-6,6
18658,85,102,-17,17
18659,152,149,3,3
18660,69,79,-10,10
18661,47,58,-11,11
18662,52,69,-17,17
18663,94,103,-9,9
18664,149,150,-1,1
18665,81,76,5,5
18666,96,92,4,4
18667,88,92,-4,4
18668,81,83,-2,2
18669,129,125,4,4
18670,107,136,-29,29
18671,93,90,3,3
18672,90,93,-3,3
18673,72,82,-10,10
18674,82,87,-5,5
18675,73,81,-8,8
18676,102,106,-4,4
18677,52,66,-14,14
18678,79,93,-14,14
18679,131,128,3,3
18680,56,64,-8,8
18681,58,61,-3,3
18682,66,73,-7,7
18683,58,68,-10,10
18684,76,85,-9,9
18685,83,84,-1,1
18686,84,88,-4,4
18687,100,108,-8,8
18688,114,107,7,7
18689,112,117,-5,5
18690,104,103,1,1
18691,110,115,-5,5
18692,160,164,-4,4
18693,98,104,-6,6
18694,122,130,-8,8
18695,39,50,-11,11
18696,120,126,-6,6
18697,84,90,-6,6
18698,64,90,-26,26
18699,87,100,-13,13
18700,102,105,-3,3
18701,87,93,-6,6
18702,76,77,-1,1
18703,132,132,0,0
18704,65,68,-3,3
18705,136,125,11,11
18706,87,83,4,4
18707,93,93,0,0
18708,130,124,6,6
18709,96,101,-5,5
18710,93,96,-3,3
18711,67,81,-14,14
18712,116,118,-2,2
18713,81,94,-13,13
18714,107,116,-9,9
18715,70,70,0,0
18716,113,112,1,1
18717,78,88,-10,10
18718,93,93,0,0
18719,62,74,-12,12
18720,43,54,-11,11
18721,81,85,-4,4
18722,85,93,-8,8
18723,128,122,6,6
18724,110,119,-9,9
18725,37,44,-7,7
18726,66,79,-13,13
18727,56,62,-6,6
18728,95,97,-2,2
18729,95,102,-7,7
18730,92,98,-6,6
18731,99,110,-11,11
18732,75,88,-13,13
18733,186,164,22,22
18734,30,44,-14,14
18735,63,71,-8,8
18736,60,60,0,0
18737,38,51,-13,13
18738,70,85,-15,15
18739,85,91,-6,6
18740,71,65,6,6
18741,122,128,-6,6
18742,45,51,-6,6
18743,94,95,-1,1
18744,133,134,-1,1
18745,89,89,0,0
18746,85,84,1,1
18747,80,84,-4,4
18748,141,132,9,9
18749,108,113,-5,5
18750,39,64,-25,25
18751,85,107,-22,22
18752,99,107,-8,8
18753,81,84,-3,3
18754,123,125,-2,2
18755,98,102,-4,4
18756,81,90,-9,9
18757,110,116,-6,6
18758,64,78,-14,14
18759,75,89,-14,14
18760,59,62,-3,3
18761,66,78,-12,12
18762,81,72,9,9
18763,92,97,-5,5
18764,115,114,1,1
18765,129,139,-10,10
18766,99,100,-1,1
18767,72,85,-13,13
18768,91,98,-7,7
18769,69,78,-9,9
18770,80,79,1,1
18771,89,101,-12,12
18772,92,104,-12,12
18773,95,100,-5,5
18774,166,152,14,14
18775,61,67,-6,6
18776,59,58,1,1
18777,42,63,-21,21
18778,53,66,-13,13
18779,101,103,-2,2
18780,90,90,0,0
18781,116,114,2,2
18782,83,80,3,3
18783,89,94,-5,5
18784,121,122,-1,1
18785,74,67,7,7
18786,113,110,3,3
18787,85,94,-9,9
18788,137,139,-2,2
18789,72,90,-18,18
18790,78,78,0,0
18791,113,127,-14,14
18792,144,121,23,23
18793,54,62,-8,8
18794,74,76,-2,2
18795,72,78,-6,6
18796,73,79,-6,6
18797,163,144,19,19
18798,96,104,-8,8
18799,90,95,-5,5
18800,64,72,-8,8
18801,61,69,-8,8
18802,79,85,-6,6
18803,118,124,-6,6
18804,70,76,-6,6
18805,108,110,-2,2
18806,83,111,-28,28
18807,55,64,-9,9
18808,139,141,-2,2
18809,49,57,-8,8
18810,159,151,8,8
18811,30,54,-24,24
18812,111,119,-8,8
18813,112,113,-1,1
18814,149,154,-5,5
18815,104,104,0,0
18816,166,145,21,21
18817,76,78,-2,2
18818,128,140,-12,12
18819,54,67,-13,13
18820,99,106,-7,7
18821,53,62,-9,9
18822,98,104,-6,6
18823,94,103,-9,9
18824,144,160,-16,16
18825,47,53,-6,6
18826,124,136,-12,12
18827,137,151,-14,14
18828,55,57,-2,2
18829,79,76,3,3
18830,103,108,-5,5
18831,67,81,-14,14
18832,45,54,-9,9
18833,129,120,9,9
18834,33,62,-29,29
18835,108,111,-3,3
18836,68,75,-7,7
18837,165,156,9,9
18838,108,102,6,6
18839,142,125,17,17
18840,108,114,-6,6
18841,56,70,-14,14
18842,73,82,-9,9
18843,121,124,-3,3
18844,139,145,-6,6
18845,124,122,2,2
18846,59,67,-8,8
18847,98,123,-25,25
18848,42,51,-9,9
18849,94,103,-9,9
18850,120,115,5,5
18851,64,76,-12,12
18852,52,67,-15,15
18853,193,185,8,8
18854,99,100,-1,1
18855,73,88,-15,15
18856,166,143,23,23
18857,116,117,-1,1
18858,69,93,-24,24
18859,67,74,-7,7
18860,81,80,1,1
18861,112,108,4,4
18862,120,113,7,7
18863,67,66,1,1
18864,105,95,10,10
18865,146,138,8,8
18866,110,103,7,7
18867,90,97,-7,7
18868,94,91,3,3
18869,106,124,-18,18
18870,95,99,-4,4
18871,112,116,-4,4
18872,104,98,6,6
18873,60,74,-14,14
18874,93,83,10,10
18875,171,172,-1,1
18876,57,65,-8,8
18877,106,102,4,4
18878,83,96,-13,13
18879,65,66,-1,1
18880,111,116,-5,5
18881,117,121,-4,4
18882,71,82,-11,11
18883,46,65,-19,19
18884,87,106,-19,19
18885,80,81,-1,1
18886,58,65,-7,7
18887,47,67,-20,20
18888,196,180,16,16
18889,100,108,-8,8
18890,122,135,-13,13
18891,126,133,-7,7
18892,61,70,-9,9
18893,68,79,-11,11
18894,90,104,-14,14
18895,96,102,-6,6
18896,154,159,-5,5
18897,153,155,-2,2
18898,83,89,-6,6
18899,130,128,2,2
18900,110,106,4,4
18901,122,127,-5,5
18902,85,85,0,0
18903,55,64,-9,9
18904,85,88,-3,3
18905,122,125,-3,3
18906,71,78,-7,7
18907,149,148,1,1
18908,101,103,-2,2
18909,81,97,-16,16
18910,95,102,-7,7
18911,120,120,0,0
18912,137,145,-8,8
18913,132,148,-16,16
18914,83,80,3,3
18915,121,114,7,7
18916,121,120,1,1
18917,125,141,-16,16
18918,81,91,-10,10
18919,137,141,-4,4
18920,89,94,-5,5
18921,113,111,2,2
18922,23,49,-26,26
18923,123,111,12,12
18924,172,170,2,2
18925,64,69,-5,5
18926,122,133,-11,11
18927,67,73,-6,6
18928,86,91,-5,5
18929,42,58,-16,16
18930,126,123,3,3
18931,148,136,12,12
18932,81,82,-1,1
18933,78,84,-6,6
18934,74,78,-4,4
18935,52,64,-12,12
18936,67,75,-8,8
18937,69,76,-7,7
18938,76,87,-11,11
18939,56,66,-10,10
18940,103,122,-19,19
18941,86,102,-16,16
18942,67,77,-10,10
18943,74,85,-11,11
18944,61,65,-4,4
18945,42,62,-20,20
18946,106,105,1,1
18947,59,66,-7,7
18948,65,68,-3,3
18949,148,153,-5,5
18950,161,155,6,6
18951,140,137,3,3
18952,140,133,7,7
18953,70,84,-14,14
18954,157,148,9,9
18955,70,86,-16,16
18956,110,118,-8,8
18957,132,154,-22,22
18958,40,64,-24,24
18959,115,111,4,4
18960,165,164,1,1
18961,46,67,-21,21
18962,108,122,-14,14
18963,145,142,3,3
18964,153,147,6,6
18965,64,74,-10,10
18966,104,115,-11,11
18967,104,92,12,12
18968,103,98,5,5
18969,99,113,-14,14
18970,58,69,-11,11
18971,78,81,-3,3
18972,116,119,-3,3
18973,95,117,-22,22
18974,77,81,-4,4
18975,100,104,-4,4
18976,147,143,4,4
18977,73,80,-7,7
18978,90,98,-8,8
18979,91,97,-6,6
18980,136,132,4,4
18981,156,144,12,12
18982,71,76,-5,5
18983,65,74,-9,9
18984,82,87,-5,5
18985,116,116,0,0
18986,134,132,2,2
18987,70,79,-9,9
18988,98,103,-5,5
18989,194,186,8,8
18990,58,71,-13,13
18991,111,153,-42,42
18992,55,61,-6,6
18993,105,109,-4,4
18994,85,90,-5,5
18995,105,98,7,7
18996,83,96,-13,13
18997,96,93,3,3
18998,83,87,-4,4
18999,153,151,2,2
19000,81,88,-7,7
19001,60,69,-9,9
19002,137,143,-6,6
19003,140,136,4,4
19004,88,99,-11,11
19005,124,126,-2,2
19006,101,100,1,1
19007,84,82,2,2
19008,99,99,0,0
19009,59,62,-3,3
19010,83,99,-16,16
19011,113,127,-14,14
19012,83,95,-12,12
19013,65,76,-11,11
19014,52,65,-13,13
19015,120,129,-9,9
19016,102,97,5,5
19017,50,82,-32,32
19018,134,141,-7,7
19019,90,92,-2,2
19020,79,81,-2,2
19021,78,86,-8,8
19022,122,116,6,6
19023,69,80,-11,11
19024,72,76,-4,4
19025,71,79,-8,8
19026,112,99,13,13
19027,111,105,6,6
19028,96,103,-7,7
19029,96,102,-6,6
19030,67,77,-10,10
19031,102,107,-5,5
19032,71,84,-13,13
19033,147,147,0,0
19034,123,129,-6,6
19035,89,80,9,9
19036,72,85,-13,13
19037,81,92,-11,11
19038,61,69,-8,8
19039,79,84,-5,5
19040,112,106,6,6
19041,167,172,-5,5
19042,74,85,-11,11
19043,122,118,4,4
19044,78,93,-15,15
19045,64,78,-14,14
19046,72,85,-13,13
19047,90,89,1,1
19048,86,85,1,1
19049,122,123,-1,1
19050,70,69,1,1
19051,80,86,-6,6
19052,55,65,-10,10
19053,86,84,2,2
19054,117,119,-2,2
19055,95,100,-5,5
19056,88,93,-5,5
19057,123,116,7,7
19058,102,100,2,2
19059,73,76,-3,3
19060,33,45,-12,12
19061,133,125,8,8
19062,65,81,-16,16
19063,75,71,4,4
19064,39,47,-8,8
19065,119,117,2,2
19066,88,93,-5,5
19067,110,101,9,9
19068,59,72,-13,13
19069,94,105,-11,11
19070,90,93,-3,3
19071,64,72,-8,8
19072,111,113,-2,2
19073,95,102,-7,7
19074,77,82,-5,5
19075,60,67,-7,7
19076,151,151,0,0
19077,90,88,2,2
19078,65,76,-11,11
19079,100,119,-19,19
19080,59,67,-8,8
19081,89,95,-6,6
19082,91,109,-18,18
19083,152,146,6,6
19084,58,66,-8,8
19085,98,111,-13,13
19086,111,112,-1,1
19087,94,94,0,0
19088,98,106,-8,8
19089,99,96,3,3
19090,132,135,-3,3
19091,99,121,-22,22
19092,163,174,-11,11
19093,105,98,7,7
19094,109,118,-9,9
19095,49,59,-10,10
19096,97,115,-18,18
19097,153,145,8,8
19098,73,104,-31,31
19099,71,79,-8,8
19100,89,92,-3,3
19101,110,103,7,7
19102,73,80,-7,7
19103,151,140,11,11
19104,146,144,2,2
19105,74,79,-5,5
19106,76,77,-1,1
19107,57,124,-67,67
19108,96,88,8,8
19109,143,130,13,13
19110,98,92,6,6
19111,74,82,-8,8
19112,78,80,-2,2
19113,139,157,-18,18
19114,81,92,-11,11
19115,74,88,-14,14
19116,81,88,-7,7
19117,149,164,-15,15
19118,59,75,-16,16
19119,92,104,-12,12
19120,88,90,-2,2
19121,94,99,-5,5
19122,106,110,-4,4
19123,143,130,13,13
19124,61,75,-14,14
19125,84,86,-2,2
19126,107,117,-10,10
19127,129,135,-6,6
19128,80,86,-6,6
19129,89,98,-9,9
19130,159,154,5,5
19131,44,57,-13,13
19132,116,126,-10,10
19133,79,87,-8,8
19134,82,81,1,1
19135,77,87,-10,10
19136,124,118,6,6
19137,97,107,-10,10
19138,62,75,-13,13
19139,65,74,-9,9
19140,78,77,1,1
19141,105,109,-4,4
19142,107,118,-11,11
19143,60,71,-11,11
19144,63,66,-3,3
19145,71,75,-4,4
19146,122,126,-4,4
19147,76,79,-3,3
19148,137,142,-5,5
19149,89,95,-6,6
19150,87,100,-13,13
19151,147,147,0,0
19152,121,133,-12,12
19153,91,88,3,3
19154,62,67,-5,5
19155,77,91,-14,14
19156,95,97,-2,2
19157,71,79,-8,8
19158,129,141,-12,12
19159,114,116,-2,2
19160,196,181,15,15
19161,113,119,-6,6
19162,122,116,6,6
19163,120,115,5,5
19164,104,121,-17,17
19165,99,102,-3,3
19166,80,87,-7,7
19167,69,82,-13,13
19168,100,109,-9,9
19169,63,71,-8,8
19170,145,138,7,7
19171,55,61,-6,6
19172,91,94,-3,3
19173,148,143,5,5
19174,75,76,-1,1
19175,106,112,-6,6
19176,179,163,16,16
19177,86,102,-16,16
19178,72,78,-6,6
19179,127,139,-12,12
19180,68,72,-4,4
19181,69,93,-24,24
19182,136,141,-5,5
19183,91,95,-4,4
19184,102,110,-8,8
19185,128,121,7,7
19186,94,95,-1,1
19187,105,108,-3,3
19188,146,141,5,5
19189,72,71,1,1
19190,105,107,-2,2
19191,137,135,2,2
19192,169,164,5,5
19193,130,152,-22,22
19194,126,127,-1,1
19195,125,122,3,3
19196,102,108,-6,6
19197,74,78,-4,4
19198,74,90,-16,16
19199,97,103,-6,6
19200,113,115,-2,2
19201,54,62,-8,8
19202,127,113,14,14
19203,73,87,-14,14
19204,145,153,-8,8
19205,117,115,2,2
19206,123,127,-4,4
19207,188,165,23,23
19208,75,91,-16,16
19209,76,90,-14,14
19210,45,60,-15,15
19211,86,89,-3,3
19212,74,83,-9,9
19213,103,120,-17,17
19214,140,130,10,10
19215,95,100,-5,5
19216,102,112,-10,10
19217,34,49,-15,15
19218,101,102,-1,1
19219,62,79,-17,17
19220,81,94,-13,13
19221,84,90,-6,6
19222,114,132,-18,18
19223,90,89,1,1
19224,66,101,-35,35
19225,98,100,-2,2
19226,68,80,-12,12
19227,115,115,0,0
19228,101,80,21,21
19229,137,126,11,11
19230,125,124,1,1
19231,84,92,-8,8
19232,43,63,-20,20
19233,99,101,-2,2
19234,126,131,-5,5
19235,97,103,-6,6
19236,105,101,4,4
19237,74,86,-12,12
19238,108,112,-4,4
19239,70,71,-1,1
19240,49,61,-12,12
19241,133,134,-1,1
19242,105,101,4,4
19243,147,150,-3,3
19244,98,101,-3,3
19245,124,124,0,0
19246,73,81,-8,8
19247,78,78,0,0
19248,106,115,-9,9
19249,63,68,-5,5
19250,87,96,-9,9
19251,80,81,-1,1
19252,101,104,-3,3
19253,80,85,-5,5
19254,107,101,6,6
19255,65,78,-13,13
19256,62,64,-2,2
19257,124,130,-6,6
19258,37,50,-13,13
19259,109,109,0,0
19260,48,63,-15,15
19261,152,141,11,11
19262,163,160,3,3
19263,126,127,-1,1
19264,62,95,-33,33
19265,128,139,-11,11
19266,104,104,0,0
19267,110,129,-19,19
19268,79,89,-10,10
19269,79,88,-9,9
19270,145,138,7,7
19271,74,88,-14,14
19272,59,71,-12,12
19273,107,111,-4,4
19274,88,98,-10,10
19275,47,71,-24,24
19276,111,116,-5,5
19277,108,108,0,0
19278,133,121,12,12
19279,155,161,-6,6
19280,85,91,-6,6
19281,135,125,10,10
19282,104,106,-2,2
19283,149,155,-6,6
19284,78,84,-6,6
19285,76,81,-5,5
19286,96,104,-8,8
19287,130,124,6,6
19288,90,92,-2,2
19289,55,86,-31,31
19290,123,133,-10,10
19291,65,73,-8,8
19292,69,65,4,4
19293,50,62,-12,12
19294,51,70,-19,19
19295,81,78,3,3
19296,108,111,-3,3
19297,81,88,-7,7
19298,42,50,-8,8
19299,141,123,18,18
19300,66,81,-15,15
19301,103,106,-3,3
19302,147,141,6,6
19303,105,96,9,9
19304,136,121,15,15
19305,58,71,-13,13
19306,108,98,10,10
19307,63,70,-7,7
19308,116,122,-6,6
19309,147,139,8,8
19310,73,75,-2,2
19311,92,99,-7,7
19312,63,70,-7,7
19313,98,102,-4,4
19314,153,149,4,4
19315,98,99,-1,1
19316,68,80,-12,12
19317,70,65,5,5
19318,69,129,-60,60
19319,68,75,-7,7
19320,66,73,-7,7
19321,83,87,-4,4
19322,113,111,2,2
19323,123,111,12,12
19324,39,50,-11,11
19325,127,119,8,8
19326,119,125,-6,6
19327,80,82,-2,2
19328,202,224,-22,22
19329,71,85,-14,14
19330,49,62,-13,13
19331,73,89,-16,16
19332,90,105,-15,15
19333,86,92,-6,6
19334,71,90,-19,19
19335,62,74,-12,12
19336,89,91,-2,2
19337,205,186,19,19
19338,157,134,23,23
19339,95,115,-20,20
19340,54,70,-16,16
19341,86,93,-7,7
19342,105,112,-7,7
19343,51,66,-15,15
19344,56,75,-19,19
19345,142,153,-11,11
19346,151,143,8,8
19347,72,78,-6,6
19348,71,90,-19,19
19349,73,79,-6,6
19350,58,66,-8,8
19351,175,193,-18,18
19352,132,131,1,1
19353,102,109,-7,7
19354,115,117,-2,2
19355,92,107,-15,15
19356,77,83,-6,6
19357,113,116,-3,3
19358,103,110,-7,7
19359,147,158,-11,11
19360,93,116,-23,23
19361,105,114,-9,9
19362,95,94,1,1
19363,158,150,8,8
19364,117,120,-3,3
19365,113,120,-7,7
19366,84,81,3,3
19367,64,76,-12,12
19368,98,101,-3,3
19369,91,103,-12,12
19370,106,98,8,8
19371,57,70,-13,13
19372,130,133,-3,3
19373,67,80,-13,13
19374,60,73,-13,13
19375,80,81,-1,1
19376,109,114,-5,5
19377,56,89,-33,33
19378,61,77,-16,16
19379,162,156,6,6
19380,105,106,-1,1
19381,118,115,3,3
19382,88,92,-4,4
19383,61,61,0,0
19384,101,103,-2,2
19385,130,139,-9,9
19386,116,112,4,4
19387,66,77,-11,11
19388,67,78,-11,11
19389,68,83,-15,15
19390,54,61,-7,7
19391,76,81,-5,5
19392,91,94,-3,3
19393,48,55,-7,7
19394,108,111,-3,3
19395,50,62,-12,12
19396,121,134,-13,13
19397,55,62,-7,7
19398,99,98,1,1
19399,109,112,-3,3
19400,129,127,2,2
19401,59,63,-4,4
19402,193,186,7,7
19403,115,114,1,1
19404,168,168,0,0
19405,109,114,-5,5
19406,79,95,-16,16
19407,69,74,-5,5
19408,124,131,-7,7
19409,86,103,-17,17
19410,108,107,1,1
19411,57,66,-9,9
19412,69,71,-2,2
19413,73,85,-12,12
19414,93,108,-15,15
19415,108,110,-2,2
19416,47,55,-8,8
19417,96,101,-5,5
19418,136,146,-10,10
19419,62,60,2,2
19420,35,55,-20,20
19421,168,176,-8,8
19422,72,72,0,0
19423,53,61,-8,8
19424,181,172,9,9
19425,106,106,0,0
19426,110,127,-17,17
19427,71,83,-12,12
19428,81,95,-14,14
19429,66,74,-8,8
19430,96,110,-14,14
19431,94,93,1,1
19432,101,95,6,6
19433,56,63,-7,7
19434,161,149,12,12
19435,120,119,1,1
19436,90,97,-7,7
19437,74,84,-10,10
19438,119,115,4,4
19439,120,122,-2,2
19440,116,141,-25,25
19441,72,78,-6,6
19442,100,97,3,3
19443,72,75,-3,3
19444,152,151,1,1
19445,65,80,-15,15
19446,84,86,-2,2
19447,100,104,-4,4
19448,116,111,5,5
19449,88,97,-9,9
19450,94,107,-13,13
19451,76,81,-5,5
19452,70,83,-13,13
19453,72,95,-23,23
19454,114,115,-1,1
19455,95,100,-5,5
19456,88,88,0,0
19457,103,116,-13,13
19458,82,87,-5,5
19459,66,82,-16,16
19460,126,121,5,5
19461,215,215,0,0
19462,127,129,-2,2
19463,71,77,-6,6
19464,106,99,7,7
19465,125,133,-8,8
19466,98,96,2,2
19467,80,99,-19,19
19468,76,86,-10,10
19469,126,126,0,0
19470,45,57,-12,12
19471,98,103,-5,5
19472,75,81,-6,6
19473,76,75,1,1
19474,103,109,-6,6
19475,149,148,1,1
19476,110,114,-4,4
19477,71,79,-8,8
19478,121,119,2,2
19479,86,91,-5,5
19480,44,55,-11,11
19481,126,128,-2,2
19482,145,134,11,11
19483,94,107,-13,13
19484,49,62,-13,13
19485,99,102,-3,3
19486,75,90,-15,15
19487,77,100,-23,23
19488,65,77,-12,12
19489,117,115,2,2
19490,87,89,-2,2
19491,87,103,-16,16
19492,138,140,-2,2
19493,66,71,-5,5
19494,100,90,10,10
19495,107,102,5,5
19496,82,109,-27,27
19497,76,90,-14,14
19498,67,83,-16,16
19499,40,56,-16,16
19500,88,101,-13,13
19501,184,172,12,12
19502,92,87,5,5
19503,134,141,-7,7
19504,105,109,-4,4
19505,112,120,-8,8
19506,70,75,-5,5
19507,70,81,-11,11
19508,57,70,-13,13
19509,120,122,-2,2
19510,98,108,-10,10
19511,115,115,0,0
19512,84,99,-15,15
19513,97,98,-1,1
19514,85,91,-6,6
19515,67,77,-10,10
19516,93,91,2,2
19517,123,126,-3,3
19518,52,108,-56,56
19519,113,115,-2,2
19520,63,71,-8,8
19521,97,98,-1,1
19522,103,105,-2,2
19523,91,104,-13,13
19524,74,81,-7,7
19525,110,124,-14,14
19526,162,154,8,8
19527,98,102,-4,4
19528,103,104,-1,1
19529,96,112,-16,16
19530,35,45,-10,10
19531,85,95,-10,10
19532,69,76,-7,7
19533,80,78,2,2
19534,60,68,-8,8
19535,87,106,-19,19
19536,77,83,-6,6
19537,139,134,5,5
19538,51,61,-10,10
19539,122,115,7,7
19540,125,118,7,7
19541,63,63,0,0
19542,125,118,7,7
19543,85,101,-16,16
19544,112,115,-3,3
19545,58,69,-11,11
19546,104,106,-2,2
19547,120,116,4,4
19548,43,59,-16,16
19549,90,106,-16,16
19550,29,41,-12,12
19551,92,91,1,1
19552,99,93,6,6
19553,55,67,-12,12
19554,66,68,-2,2
19555,78,84,-6,6
19556,67,68,-1,1
19557,91,88,3,3
19558,143,131,12,12
19559,86,100,-14,14
19560,57,79,-22,22
19561,96,93,3,3
19562,101,119,-18,18
19563,58,63,-5,5
19564,113,110,3,3
19565,44,52,-8,8
19566,140,125,15,15
19567,150,152,-2,2
19568,117,125,-8,8
19569,86,95,-9,9
19570,99,94,5,5
19571,114,110,4,4
19572,81,84,-3,3
19573,64,66,-2,2
19574,132,141,-9,9
19575,82,88,-6,6
19576,141,136,5,5
19577,68,87,-19,19
19578,137,132,5,5
19579,75,77,-2,2
19580,71,79,-8,8
19581,59,65,-6,6
19582,45,52,-7,7
19583,70,75,-5,5
19584,107,110,-3,3
19585,59,66,-7,7
19586,41,52,-11,11
19587,65,75,-10,10
19588,50,56,-6,6
19589,88,97,-9,9
19590,114,117,-3,3
19591,64,62,2,2
19592,154,156,-2,2
19593,64,76,-12,12
19594,46,72,-26,26
19595,120,120,0,0
19596,80,88,-8,8
19597,52,62,-10,10
19598,88,114,-26,26
19599,65,94,-29,29
19600,49,64,-15,15
19601,82,100,-18,18
19602,108,121,-13,13
19603,59,71,-12,12
19604,68,76,-8,8
19605,99,94,5,5
19606,100,105,-5,5
19607,100,96,4,4
19608,156,151,5,5
19609,91,103,-12,12
19610,152,148,4,4
19611,125,117,8,8
19612,60,67,-7,7
19613,43,59,-16,16
19614,48,58,-10,10
19615,94,105,-11,11
19616,70,76,-6,6
19617,52,59,-7,7
19618,70,76,-6,6
19619,154,147,7,7
19620,133,136,-3,3
19621,72,77,-5,5
19622,79,90,-11,11
19623,111,117,-6,6
19624,72,76,-4,4
19625,147,153,-6,6
19626,94,96,-2,2
19627,41,54,-13,13
19628,79,93,-14,14
19629,61,70,-9,9
19630,68,79,-11,11
19631,70,75,-5,5
19632,80,90,-10,10
19633,58,72,-14,14
19634,45,55,-10,10
19635,187,171,16,16
19636,84,89,-5,5
19637,76,83,-7,7
19638,154,150,4,4
19639,139,131,8,8
19640,173,168,5,5
19641,75,75,0,0
19642,148,143,5,5
19643,174,168,6,6
19644,100,112,-12,12
19645,29,39,-10,10
19646,102,98,4,4
19647,67,78,-11,11
19648,51,58,-7,7
19649,133,116,17,17
19650,36,46,-10,10
19651,66,70,-4,4
19652,65,65,0,0
19653,73,82,-9,9
19654,151,140,11,11
19655,87,87,0,0
19656,138,146,-8,8
19657,65,72,-7,7
19658,97,99,-2,2
19659,84,90,-6,6
19660,171,166,5,5
19661,110,112,-2,2
19662,120,119,1,1
19663,99,98,1,1
19664,135,157,-22,22
19665,90,95,-5,5
19666,70,73,-3,3
19667,99,107,-8,8
19668,58,69,-11,11
19669,109,132,-23,23
19670,77,86,-9,9
19671,74,79,-5,5
19672,134,140,-6,6
19673,130,119,11,11
19674,65,73,-8,8
19675,109,109,0,0
19676,75,87,-12,12
19677,125,129,-4,4
19678,99,102,-3,3
19679,147,146,1,1
19680,160,151,9,9
19681,49,56,-7,7
19682,62,73,-11,11
19683,332,305,27,27
19684,127,125,2,2
19685,34,43,-9,9
19686,145,139,6,6
19687,108,108,0,0
19688,66,77,-11,11
19689,65,75,-10,10
19690,157,146,11,11
19691,89,89,0,0
19692,97,110,-13,13
19693,116,116,0,0
19694,102,107,-5,5
19695,118,126,-8,8
19696,161,162,-1,1
19697,97,98,-1,1
19698,40,50,-10,10
19699,63,70,-7,7
19700,70,88,-18,18
19701,83,85,-2,2
19702,100,108,-8,8
19703,76,81,-5,5
19704,105,110,-5,5
19705,72,91,-19,19
19706,69,91,-22,22
19707,136,146,-10,10
19708,126,114,12,12
19709,130,139,-9,9
19710,116,121,-5,5
19711,87,90,-3,3
19712,100,107,-7,7
19713,100,99,1,1
19714,55,64,-9,9
19715,92,99,-7,7
19716,101,103,-2,2
19717,149,154,-5,5
19718,98,94,4,4
19719,89,96,-7,7
19720,40,58,-18,18
19721,91,92,-1,1
19722,103,107,-4,4
19723,88,88,0,0
19724,76,95,-19,19
19725,43,61,-18,18
19726,60,67,-7,7
19727,165,154,11,11
19728,148,159,-11,11
19729,114,114,0,0
19730,97,92,5,5
19731,141,145,-4,4
19732,82,99,-17,17
19733,89,94,-5,5
19734,141,144,-3,3
19735,31,52,-21,21
19736,87,102,-15,15
19737,83,94,-11,11
19738,64,73,-9,9
19739,68,82,-14,14
19740,75,77,-2,2
19741,102,106,-4,4
19742,54,66,-12,12
19743,108,115,-7,7
19744,104,95,9,9
19745,132,137,-5,5
19746,77,80,-3,3
19747,130,130,0,0
19748,46,54,-8,8
19749,83,49,34,34
19750,79,91,-12,12
19751,180,167,13,13
19752,118,129,-11,11
19753,105,119,-14,14
19754,93,101,-8,8
19755,81,85,-4,4
19756,61,74,-13,13
19757,142,143,-1,1
19758,93,100,-7,7
19759,100,105,-5,5
19760,146,141,5,5
19761,64,74,-10,10
19762,116,116,0,0
19763,55,62,-7,7
19764,55,68,-13,13
19765,86,102,-16,16
19766,90,93,-3,3
19767,146,146,0,0
19768,55,62,-7,7
19769,76,85,-9,9
19770,48,64,-16,16
19771,84,80,4,4
19772,62,68,-6,6
19773,93,94,-1,1
19774,104,106,-2,2
19775,108,117,-9,9
19776,83,97,-14,14
19777,57,59,-2,2
19778,76,81,-5,5
19779,100,134,-34,34
19780,96,102,-6,6
19781,124,101,23,23
19782,55,76,-21,21
19783,61,71,-10,10
19784,104,110,-6,6
19785,70,81,-11,11
19786,94,93,1,1
19787,64,75,-11,11
19788,113,117,-4,4
19789,92,101,-9,9
19790,136,143,-7,7
19791,115,106,9,9
19792,103,116,-13,13
19793,84,91,-7,7
19794,60,70,-10,10
19795,83,119,-36,36
19796,127,129,-2,2
19797,137,129,8,8
19798,64,65,-1,1
19799,180,173,7,7
19800,144,136,8,8
19801,82,83,-1,1
19802,89,88,1,1
19803,122,133,-11,11
19804,85,95,-10,10
19805,127,123,4,4
19806,86,87,-1,1
19807,81,92,-11,11
19808,102,99,3,3
19809,104,88,16,16
19810,47,56,-9,9
19811,163,146,17,17
19812,102,103,-1,1
19813,152,147,5,5
19814,139,130,9,9
19815,88,83,5,5
19816,57,61,-4,4
19817,79,79,0,0
19818,60,58,2,2
19819,104,100,4,4
19820,92,94,-2,2
19821,74,79,-5,5
19822,94,97,-3,3
19823,102,112,-10,10
19824,109,109,0,0
19825,86,90,-4,4
19826,85,83,2,2
19827,86,86,0,0
19828,158,144,14,14
19829,78,84,-6,6
19830,72,76,-4,4
19831,127,125,2,2
19832,81,90,-9,9
19833,99,104,-5,5
19834,64,75,-11,11
19835,137,147,-10,10
19836,99,108,-9,9
19837,74,88,-14,14
19838,80,91,-11,11
19839,99,112,-13,13
19840,95,104,-9,9
19841,48,60,-12,12
19842,77,84,-7,7
19843,88,103,-15,15
19844,99,103,-4,4
19845,87,87,0,0
19846,75,87,-12,12
19847,103,110,-7,7
19848,190,185,5,5
19849,88,69,19,19
19850,85,93,-8,8
19851,59,60,-1,1
19852,63,87,-24,24
19853,85,93,-8,8
19854,67,93,-26,26
19855,76,89,-13,13
19856,115,116,-1,1
19857,62,69,-7,7
19858,61,72,-11,11
19859,147,146,1,1
19860,153,146,7,7
19861,68,69,-1,1
19862,106,117,-11,11
19863,79,84,-5,5
19864,165,153,12,12
19865,63,67,-4,4
19866,106,113,-7,7
19867,74,83,-9,9
19868,135,132,3,3
19869,76,86,-10,10
19870,113,124,-11,11
19871,77,88,-11,11
19872,67,76,-9,9
19873,93,113,-20,20
19874,170,169,1,1
19875,77,89,-12,12
19876,88,90,-2,2
19877,103,105,-2,2
19878,85,91,-6,6
19879,82,81,1,1
19880,70,85,-15,15
19881,94,110,-16,16
19882,44,60,-16,16
19883,103,98,5,5
19884,99,105,-6,6
19885,67,74,-7,7
19886,56,69,-13,13
19887,94,97,-3,3
19888,77,84,-7,7
19889,68,78,-10,10
19890,125,117,8,8
19891,110,114,-4,4
19892,102,96,6,6
19893,57,58,-1,1
19894,68,93,-25,25
19895,75,82,-7,7
19896,101,103,-2,2
19897,57,64,-7,7
19898,93,113,-20,20
19899,52,53,-1,1
19900,57,70,-13,13
19901,123,116,7,7
19902,111,123,-12,12
19903,62,74,-12,12
19904,89,103,-14,14
19905,114,108,6,6
19906,45,60,-15,15
19907,79,82,-3,3
19908,134,128,6,6
19909,101,103,-2,2
19910,92,98,-6,6
19911,74,77,-3,3
19912,95,97,-2,2
19913,49,65,-16,16
19914,86,85,1,1
19915,50,75,-25,25
19916,55,67,-12,12
19917,49,58,-9,9
19918,87,98,-11,11
19919,59,74,-15,15
19920,108,115,-7,7
19921,88,99,-11,11
19922,118,131,-13,13
19923,108,109,-1,1
19924,38,78,-40,40
19925,94,96,-2,2
19926,35,49,-14,14
19927,114,121,-7,7
19928,124,119,5,5
19929,108,119,-11,11
19930,129,144,-15,15
19931,69,80,-11,11
19932,108,122,-14,14
19933,66,79,-13,13
19934,62,66,-4,4
19935,107,113,-6,6
19936,65,72,-7,7
19937,169,152,17,17
19938,115,114,1,1
19939,116,120,-4,4
19940,87,94,-7,7
19941,62,76,-14,14
19942,128,123,5,5
19943,126,133,-7,7
19944,139,145,-6,6
19945,217,198,19,19
19946,147,152,-5,5
19947,117,113,4,4
19948,181,184,-3,3
19949,101,132,-31,31
19950,66,78,-12,12
19951,77,79,-2,2
19952,110,114,-4,4
19953,186,185,1,1
19954,60,68,-8,8
19955,68,77,-9,9
19956,125,128,-3,3
19957,52,59,-7,7
19958,75,81,-6,6
19959,109,115,-6,6
19960,44,65,-21,21
19961,123,131,-8,8
19962,123,121,2,2
19963,69,73,-4,4
19964,51,61,-10,10
19965,148,136,12,12
19966,104,98,6,6
19967,64,71,-7,7
19968,82,99,-17,17
19969,82,83,-1,1
19970,135,140,-5,5
19971,54,66,-12,12
19972,88,84,4,4
19973,88,90,-2,2
19974,102,105,-3,3
19975,45,59,-14,14
19976,85,89,-4,4
19977,117,111,6,6
19978,124,120,4,4
19979,60,73,-13,13
19980,40,67,-27,27
19981,133,133,0,0
19982,101,107,-6,6
19983,80,84,-4,4
19984,90,113,-23,23
19985,85,94,-9,9
19986,68,78,-10,10
19987,150,161,-11,11
19988,86,83,3,3
19989,105,115,-10,10
19990,45,59,-14,14
19991,149,163,-14,14
19992,74,84,-10,10
19993,40,54,-14,14
19994,75,86,-11,11
19995,47,57,-10,10
19996,70,82,-12,12
19997,56,64,-8,8
19998,46,57,-11,11
19999,98,105,-7,7
20000,107,108,-1,1
20001,121,116,5,5
20002,192,189,3,3
20003,50,62,-12,12
20004,62,84,-22,22
20005,93,96,-3,3
20006,96,93,3,3
20007,72,76,-4,4
20008,134,141,-7,7
20009,98,102,-4,4
20010,159,144,15,15
20011,115,117,-2,2
20012,54,66,-12,12
20013,60,69,-9,9
20014,80,86,-6,6
20015,103,107,-4,4
20016,89,89,0,0
20017,118,125,-7,7
20018,109,111,-2,2
20019,65,79,-14,14
20020,62,77,-15,15
20021,100,103,-3,3
20022,127,138,-11,11
20023,54,67,-13,13
20024,113,109,4,4
20025,122,119,3,3
20026,140,134,6,6
20027,71,75,-4,4
20028,86,98,-12,12
20029,94,104,-10,10
20030,124,121,3,3
20031,59,70,-11,11
20032,115,113,2,2
20033,61,65,-4,4
20034,65,66,-1,1
20035,79,88,-9,9
20036,122,117,5,5
20037,97,105,-8,8
20038,64,74,-10,10
20039,107,104,3,3
20040,109,113,-4,4
20041,70,76,-6,6
20042,63,68,-5,5
20043,104,107,-3,3
20044,88,82,6,6
20045,91,97,-6,6
20046,136,140,-4,4
20047,67,75,-8,8
20048,65,70,-5,5
20049,97,103,-6,6
20050,114,123,-9,9
20051,122,141,-19,19
20052,76,77,-1,1
20053,96,106,-10,10
20054,90,89,1,1
20055,68,71,-3,3
20056,78,86,-8,8
20057,158,145,13,13
20058,77,87,-10,10
20059,65,70,-5,5
20060,126,121,5,5
20061,102,97,5,5
20062,96,95,1,1
20063,120,132,-12,12
20064,44,58,-14,14
20065,68,78,-10,10
20066,170,173,-3,3
20067,40,50,-10,10
20068,43,61,-18,18
20069,95,94,1,1
20070,114,111,3,3
20071,60,72,-12,12
20072,35,52,-17,17
20073,70,77,-7,7
20074,126,133,-7,7
20075,68,73,-5,5
20076,137,144,-7,7
20077,154,134,20,20
20078,139,142,-3,3
20079,103,104,-1,1
20080,82,80,2,2
20081,94,108,-14,14
20082,136,128,8,8
20083,81,81,0,0
20084,51,55,-4,4
20085,126,127,-1,1
20086,89,130,-41,41
20087,88,97,-9,9
20088,77,75,2,2
20089,83,93,-10,10
20090,77,75,2,2
20091,84,87,-3,3
20092,82,80,2,2
20093,65,72,-7,7
20094,113,108,5,5
20095,78,95,-17,17
20096,54,65,-11,11
20097,94,108,-14,14
20098,59,72,-13,13
20099,117,128,-11,11
20100,78,76,2,2
20101,48,50,-2,2
20102,54,71,-17,17
20103,99,111,-12,12
20104,71,79,-8,8
20105,136,131,5,5
20106,45,60,-15,15
20107,84,94,-10,10
20108,82,90,-8,8
20109,45,58,-13,13
20110,125,109,16,16
20111,50,61,-11,11
20112,71,80,-9,9
20113,89,88,1,1
20114,61,74,-13,13
20115,105,105,0,0
20116,143,143,0,0
20117,185,169,16,16
20118,48,55,-7,7
20119,98,103,-5,5
20120,38,54,-16,16
20121,92,92,0,0
20122,139,139,0,0
20123,99,95,4,4
20124,106,111,-5,5
20125,60,82,-22,22
20126,96,85,11,11
20127,138,147,-9,9
20128,83,92,-9,9
20129,152,130,22,22
20130,115,124,-9,9
20131,84,96,-12,12
20132,133,129,4,4
20133,128,126,2,2
20134,78,86,-8,8
20135,93,101,-8,8
20136,105,105,0,0
20137,90,101,-11,11
20138,205,187,18,18
20139,80,85,-5,5
20140,80,88,-8,8
20141,118,107,11,11
20142,60,77,-17,17
20143,101,104,-3,3
20144,95,97,-2,2
20145,130,143,-13,13
20146,113,111,2,2
20147,79,95,-16,16
20148,88,93,-5,5
20149,109,108,1,1
20150,98,103,-5,5
20151,70,74,-4,4
20152,92,97,-5,5
20153,157,165,-8,8
20154,44,64,-20,20
20155,95,95,0,0
20156,87,87,0,0
20157,109,97,12,12
20158,111,119,-8,8
20159,86,87,-1,1
20160,149,150,-1,1
20161,111,108,3,3
20162,45,56,-11,11
20163,150,150,0,0
20164,89,88,1,1
20165,67,83,-16,16
20166,87,97,-10,10
20167,150,142,8,8
20168,124,113,11,11
20169,96,100,-4,4
20170,125,128,-3,3
20171,116,130,-14,14
20172,80,87,-7,7
20173,156,138,18,18
20174,159,162,-3,3
20175,108,110,-2,2
20176,90,93,-3,3
20177,117,113,4,4
20178,139,132,7,7
20179,87,93,-6,6
20180,79,78,1,1
20181,103,107,-4,4
20182,157,145,12,12
20183,159,171,-12,12
20184,46,87,-41,41
20185,84,91,-7,7
20186,62,77,-15,15
20187,99,106,-7,7
20188,62,70,-8,8
20189,87,109,-22,22
20190,186,183,3,3
20191,104,101,3,3
20192,83,85,-2,2
20193,82,86,-4,4
20194,82,87,-5,5
20195,116,123,-7,7
20196,48,56,-8,8
20197,72,88,-16,16
20198,81,88,-7,7
20199,89,99,-10,10
20200,66,74,-8,8
20201,99,103,-4,4
20202,97,99,-2,2
20203,83,88,-5,5
20204,57,61,-4,4
20205,95,101,-6,6
20206,81,88,-7,7
20207,77,92,-15,15
20208,65,72,-7,7
20209,109,114,-5,5
20210,58,65,-7,7
20211,38,52,-14,14
20212,109,113,-4,4
20213,128,126,2,2
20214,68,69,-1,1
20215,134,132,2,2
20216,80,90,-10,10
20217,197,182,15,15
20218,105,112,-7,7
20219,78,86,-8,8
20220,99,122,-23,23
20221,88,94,-6,6
20222,105,105,0,0
20223,63,82,-19,19
20224,76,106,-30,30
20225,80,89,-9,9
20226,68,80,-12,12
20227,97,102,-5,5
20228,107,110,-3,3
20229,96,85,11,11
20230,120,126,-6,6
20231,110,107,3,3
20232,67,75,-8,8
20233,154,141,13,13
20234,133,124,9,9
20235,98,96,2,2
20236,93,95,-2,2
20237,93,98,-5,5
20238,95,105,-10,10
20239,96,96,0,0
20240,66,74,-8,8
20241,54,63,-9,9
20242,89,93,-4,4
20243,165,154,11,11
20244,189,180,9,9
20245,62,77,-15,15
20246,49,61,-12,12
20247,59,66,-7,7
20248,82,85,-3,3
20249,75,82,-7,7
20250,121,117,4,4
20251,116,110,6,6
20252,185,182,3,3
20253,139,140,-1,1
20254,73,82,-9,9
20255,147,147,0,0
20256,109,123,-14,14
20257,119,119,0,0
20258,83,86,-3,3
20259,122,129,-7,7
20260,84,98,-14,14
20261,130,127,3,3
20262,137,143,-6,6
20263,96,103,-7,7
20264,81,85,-4,4
20265,123,122,1,1
20266,83,77,6,6
20267,104,103,1,1
20268,121,112,9,9
20269,130,124,6,6
20270,104,103,1,1
20271,107,103,4,4
20272,121,118,3,3
20273,76,85,-9,9
20274,59,69,-10,10
20275,127,132,-5,5
20276,179,188,-9,9
20277,70,82,-12,12
20278,83,92,-9,9
20279,83,93,-10,10
20280,52,74,-22,22
20281,58,72,-14,14
20282,116,123,-7,7
20283,57,71,-14,14
20284,107,105,2,2
20285,164,167,-3,3
20286,110,109,1,1
20287,101,105,-4,4
20288,159,151,8,8
20289,103,115,-12,12
20290,133,142,-9,9
20291,59,83,-24,24
20292,93,110,-17,17
20293,129,123,6,6
20294,49,73,-24,24
20295,98,104,-6,6
20296,100,100,0,0
20297,131,138,-7,7
20298,140,144,-4,4
20299,87,97,-10,10
20300,138,135,3,3
20301,145,144,1,1
20302,124,121,3,3
20303,111,113,-2,2
20304,128,123,5,5
20305,83,79,4,4
20306,90,105,-15,15
20307,96,100,-4,4
20308,160,154,6,6
20309,75,84,-9,9
20310,83,96,-13,13
20311,115,114,1,1
20312,78,89,-11,11
20313,91,95,-4,4
20314,60,66,-6,6
20315,92,96,-4,4
20316,107,100,7,7
20317,94,107,-13,13
20318,75,111,-36,36
20319,60,67,-7,7
20320,58,75,-17,17
20321,103,110,-7,7
20322,68,75,-7,7
20323,141,131,10,10
20324,89,100,-11,11
20325,172,156,16,16
20326,147,147,0,0
20327,94,91,3,3
20328,128,129,-1,1
20329,76,83,-7,7
20330,97,95,2,2
20331,110,117,-7,7
20332,89,96,-7,7
20333,72,74,-2,2
20334,104,114,-10,10
20335,82,106,-24,24
20336,87,91,-4,4
20337,96,119,-23,23
20338,94,110,-16,16
20339,158,181,-23,23
20340,102,110,-8,8
20341,62,75,-13,13
20342,53,67,-14,14
20343,98,100,-2,2
20344,96,96,0,0
20345,79,91,-12,12
20346,131,125,6,6
20347,44,61,-17,17
20348,102,99,3,3
20349,69,80,-11,11
20350,106,115,-9,9
20351,128,139,-11,11
20352,49,63,-14,14
20353,123,118,5,5
20354,191,165,26,26
20355,116,110,6,6
20356,127,125,2,2
20357,42,54,-12,12
20358,124,108,16,16
20359,92,107,-15,15
20360,143,137,6,6
20361,68,73,-5,5
20362,111,108,3,3
20363,120,135,-15,15
20364,93,94,-1,1
20365,46,60,-14,14
20366,116,117,-1,1
20367,84,91,-7,7
20368,39,53,-14,14
20369,70,70,0,0
20370,59,83,-24,24
20371,107,134,-27,27
20372,59,65,-6,6
20373,115,116,-1,1
20374,92,106,-14,14
20375,105,122,-17,17
20376,110,106,4,4
20377,60,67,-7,7
20378,119,113,6,6
20379,106,116,-10,10
20380,90,96,-6,6
20381,63,73,-10,10
20382,103,105,-2,2
20383,105,117,-12,12
20384,98,109,-11,11
20385,48,59,-11,11
20386,110,137,-27,27
20387,119,112,7,7
20388,86,94,-8,8
20389,82,105,-23,23
20390,65,70,-5,5
20391,89,92,-3,3
20392,118,126,-8,8
20393,146,138,8,8
20394,65,80,-15,15
20395,125,128,-3,3
20396,87,92,-5,5
20397,89,99,-10,10
20398,75,81,-6,6
20399,87,89,-2,2
20400,130,136,-6,6
20401,51,62,-11,11
20402,129,139,-10,10
20403,81,84,-3,3
20404,80,81,-1,1
20405,66,79,-13,13
20406,47,59,-12,12
20407,103,115,-12,12
20408,77,96,-19,19
20409,60,78,-18,18
20410,133,133,0,0
20411,66,73,-7,7
20412,161,150,11,11
20413,101,108,-7,7
20414,80,93,-13,13
20415,124,132,-8,8
20416,140,135,5,5
20417,120,114,6,6
20418,141,137,4,4
20419,90,96,-6,6
20420,54,69,-15,15
20421,63,67,-4,4
20422,115,121,-6,6
20423,59,76,-17,17
20424,68,79,-11,11
20425,51,62,-11,11
20426,56,68,-12,12
20427,69,87,-18,18
20428,71,79,-8,8
20429,103,110,-7,7
20430,94,103,-9,9
20431,157,170,-13,13
20432,122,118,4,4
20433,111,118,-7,7
20434,120,131,-11,11
20435,103,98,5,5
20436,62,74,-12,12
20437,130,133,-3,3
20438,81,86,-5,5
20439,166,149,17,17
20440,79,92,-13,13
20441,90,100,-10,10
20442,91,100,-9,9
20443,44,53,-9,9
20444,87,100,-13,13
20445,117,118,-1,1
20446,101,113,-12,12
20447,106,119,-13,13
20448,102,98,4,4
20449,74,80,-6,6
20450,175,165,10,10
20451,71,87,-16,16
20452,122,121,1,1
20453,165,159,6,6
20454,134,128,6,6
20455,192,189,3,3
20456,80,80,0,0
20457,65,70,-5,5
20458,105,115,-10,10
20459,121,118,3,3
20460,84,93,-9,9
20461,106,111,-5,5
20462,91,93,-2,2
20463,174,177,-3,3
20464,64,67,-3,3
20465,58,71,-13,13
20466,76,74,2,2
20467,70,82,-12,12
20468,143,141,2,2
20469,92,96,-4,4
20470,94,102,-8,8
20471,95,94,1,1
20472,119,115,4,4
20473,101,99,2,2
20474,110,109,1,1
20475,144,155,-11,11
20476,129,143,-14,14
20477,79,83,-4,4
20478,99,108,-9,9
20479,85,87,-2,2
20480,142,135,7,7
20481,77,92,-15,15
20482,62,74,-12,12
20483,122,126,-4,4
20484,106,117,-11,11
20485,52,57,-5,5
20486,79,83,-4,4
20487,95,91,4,4
20488,77,89,-12,12
20489,89,95,-6,6
20490,70,81,-11,11
20491,97,100,-3,3
20492,100,114,-14,14
20493,79,80,-1,1
20494,138,141,-3,3
20495,123,120,3,3
20496,152,137,15,15
20497,135,133,2,2
20498,83,92,-9,9
20499,118,112,6,6
20500,91,93,-2,2
20501,83,93,-10,10
20502,77,85,-8,8
20503,69,77,-8,8
20504,68,76,-8,8
20505,139,136,3,3
20506,171,166,5,5
20507,80,89,-9,9
20508,83,85,-2,2
20509,108,107,1,1
20510,92,102,-10,10
20511,59,66,-7,7
20512,74,77,-3,3
20513,62,69,-7,7
20514,138,137,1,1
20515,55,64,-9,9
20516,85,86,-1,1
20517,77,82,-5,5
20518,39,45,-6,6
20519,65,79,-14,14
20520,109,118,-9,9
20521,91,100,-9,9
20522,74,78,-4,4
20523,74,86,-12,12
20524,154,150,4,4
20525,153,146,7,7
20526,40,42,-2,2
20527,110,114,-4,4
20528,63,69,-6,6
20529,114,112,2,2
20530,114,128,-14,14
20531,62,78,-16,16
20532,81,77,4,4
20533,49,61,-12,12
20534,63,68,-5,5
20535,93,96,-3,3
20536,76,78,-2,2
20537,146,147,-1,1
20538,87,86,1,1
20539,162,153,9,9
20540,91,101,-10,10
20541,107,131,-24,24
20542,82,95,-13,13
20543,97,100,-3,3
20544,42,52,-10,10
20545,81,85,-4,4
20546,115,116,-1,1
20547,120,120,0,0
20548,62,72,-10,10
20549,131,141,-10,10
20550,82,90,-8,8
20551,59,71,-12,12
20552,127,137,-10,10
20553,100,96,4,4
20554,92,94,-2,2
20555,55,69,-14,14
20556,111,113,-2,2
20557,92,94,-2,2
20558,111,118,-7,7
20559,189,163,26,26
20560,93,86,7,7
20561,61,66,-5,5
20562,50,57,-7,7
20563,62,71,-9,9
20564,46,61,-15,15
20565,145,151,-6,6
20566,82,94,-12,12
20567,83,89,-6,6
20568,78,86,-8,8
20569,69,70,-1,1
20570,117,113,4,4
20571,142,140,2,2
20572,111,113,-2,2
20573,72,75,-3,3
20574,95,95,0,0
20575,141,128,13,13
20576,179,176,3,3
20577,85,94,-9,9
20578,286,189,97,97
20579,87,87,0,0
20580,93,98,-5,5
20581,87,88,-1,1
20582,49,61,-12,12
20583,87,94,-7,7
20584,143,121,22,22
20585,98,115,-17,17
20586,70,79,-9,9
20587,112,117,-5,5
20588,53,67,-14,14
20589,55,65,-10,10
20590,88,91,-3,3
20591,113,118,-5,5
20592,86,93,-7,7
20593,59,59,0,0
20594,62,67,-5,5
20595,71,84,-13,13
20596,102,127,-25,25
20597,69,81,-12,12
20598,117,118,-1,1
20599,79,86,-7,7
20600,131,137,-6,6
20601,45,57,-12,12
20602,81,88,-7,7
20603,62,80,-18,18
20604,82,94,-12,12
20605,86,93,-7,7
20606,52,57,-5,5
20607,79,87,-8,8
20608,108,106,2,2
20609,62,74,-12,12
20610,94,102,-8,8
20611,74,90,-16,16
20612,136,129,7,7
20613,151,143,8,8
20614,145,155,-10,10
20615,99,101,-2,2
20616,169,181,-12,12
20617,69,80,-11,11
20618,54,61,-7,7
20619,93,88,5,5
20620,106,110,-4,4
20621,77,82,-5,5
20622,100,115,-15,15
20623,96,109,-13,13
20624,56,65,-9,9
20625,99,97,2,2
20626,115,121,-6,6
20627,90,95,-5,5
20628,56,72,-16,16
20629,83,82,1,1
20630,117,115,2,2
20631,75,86,-11,11
20632,88,92,-4,4
20633,80,84,-4,4
20634,150,135,15,15
20635,126,117,9,9
20636,92,99,-7,7
20637,117,115,2,2
20638,75,84,-9,9
20639,92,89,3,3
20640,72,83,-11,11
20641,45,58,-13,13
20642,55,76,-21,21
20643,123,134,-11,11
20644,127,121,6,6
20645,128,136,-8,8
20646,161,158,3,3
20647,130,129,1,1
20648,87,85,2,2
20649,223,183,40,40
20650,79,87,-8,8
20651,155,145,10,10
20652,77,90,-13,13
20653,82,80,2,2
20654,101,109,-8,8
20655,89,101,-12,12
20656,106,113,-7,7
20657,68,66,2,2
20658,98,102,-4,4
20659,102,111,-9,9
20660,88,85,3,3
20661,102,103,-1,1
20662,173,156,17,17
20663,52,72,-20,20
20664,114,115,-1,1
20665,85,82,3,3
20666,86,90,-4,4
20667,77,78,-1,1
20668,81,86,-5,5
20669,89,89,0,0
20670,149,143,6,6
20671,68,85,-17,17
20672,77,81,-4,4
20673,83,90,-7,7
20674,71,77,-6,6
20675,71,78,-7,7
20676,91,101,-10,10
20677,56,76,-20,20
20678,80,89,-9,9
20679,129,123,6,6
20680,95,98,-3,3
20681,114,108,6,6
20682,149,140,9,9
20683,74,80,-6,6
20684,84,82,2,2
20685,72,76,-4,4
20686,119,119,0,0
20687,82,84,-2,2
20688,94,121,-27,27
20689,89,104,-15,15
20690,45,57,-12,12
20691,77,73,4,4
20692,169,167,2,2
20693,100,92,8,8
20694,114,110,4,4
20695,95,98,-3,3
20696,97,116,-19,19
20697,224,215,9,9
20698,96,105,-9,9
20699,66,78,-12,12
20700,97,101,-4,4
20701,113,114,-1,1
20702,107,113,-6,6
20703,59,77,-18,18
20704,148,159,-11,11
20705,66,66,0,0
20706,151,157,-6,6
20707,87,88,-1,1
20708,119,113,6,6
20709,63,66,-3,3
20710,122,119,3,3
20711,75,80,-5,5
20712,142,138,4,4
20713,33,46,-13,13
20714,86,95,-9,9
20715,33,48,-15,15
20716,144,123,21,21
20717,124,121,3,3
20718,77,84,-7,7
20719,144,144,0,0
20720,88,99,-11,11
20721,87,100,-13,13
20722,45,54,-9,9
20723,104,95,9,9
20724,70,80,-10,10
20725,87,92,-5,5
20726,139,140,-1,1
20727,136,140,-4,4
20728,85,81,4,4
20729,106,117,-11,11
20730,134,130,4,4
20731,98,101,-3,3
20732,77,87,-10,10
20733,131,135,-4,4
20734,125,148,-23,23
20735,76,82,-6,6
20736,110,108,2,2
20737,123,117,6,6
20738,56,57,-1,1
20739,62,72,-10,10
20740,59,66,-7,7
20741,96,111,-15,15
20742,107,103,4,4
20743,126,137,-11,11
20744,114,119,-5,5
20745,85,96,-11,11
20746,63,68,-5,5
20747,59,81,-22,22
20748,80,80,0,0
20749,93,94,-1,1
20750,82,94,-12,12
20751,73,78,-5,5
20752,133,132,1,1
20753,145,133,12,12
20754,78,84,-6,6
20755,89,92,-3,3
20756,81,85,-4,4
20757,100,105,-5,5
20758,129,141,-12,12
20759,80,90,-10,10
20760,122,120,2,2
20761,26,52,-26,26
20762,151,147,4,4
20763,118,128,-10,10
20764,146,136,10,10
20765,75,82,-7,7
20766,80,111,-31,31
20767,52,71,-19,19
20768,128,119,9,9
20769,76,96,-20,20
20770,73,83,-10,10
20771,55,68,-13,13
20772,94,99,-5,5
20773,115,112,3,3
20774,70,78,-8,8
20775,125,117,8,8
20776,50,56,-6,6
20777,90,99,-9,9
20778,110,112,-2,2
20779,120,128,-8,8
20780,62,72,-10,10
20781,78,96,-18,18
20782,132,137,-5,5
20783,46,55,-9,9
20784,140,152,-12,12
20785,97,97,0,0
20786,53,62,-9,9
20787,93,101,-8,8
20788,145,137,8,8
20789,84,93,-9,9
20790,121,128,-7,7
20791,124,131,-7,7
20792,65,70,-5,5
20793,129,140,-11,11
20794,111,115,-4,4
20795,81,77,4,4
20796,87,77,10,10
20797,64,78,-14,14
20798,92,94,-2,2
20799,74,78,-4,4
20800,78,83,-5,5
20801,72,87,-15,15
20802,101,107,-6,6
20803,35,51,-16,16
20804,171,160,11,11
20805,54,57,-3,3
20806,155,171,-16,16
20807,151,151,0,0
20808,45,55,-10,10
20809,87,92,-5,5
20810,115,116,-1,1
20811,75,75,0,0
20812,89,97,-8,8
20813,134,130,4,4
20814,65,74,-9,9
20815,51,61,-10,10
20816,33,47,-14,14
20817,85,103,-18,18
20818,114,119,-5,5
20819,120,122,-2,2
20820,83,93,-10,10
20821,106,116,-10,10
20822,41,55,-14,14
20823,101,121,-20,20
20824,134,131,3,3
20825,132,132,0,0
20826,53,54,-1,1
20827,89,91,-2,2
20828,120,132,-12,12
20829,106,118,-12,12
20830,165,161,4,4
20831,59,77,-18,18
20832,77,83,-6,6
20833,105,105,0,0
20834,113,117,-4,4
20835,85,93,-8,8
20836,57,63,-6,6
20837,101,113,-12,12
20838,109,108,1,1
20839,129,134,-5,5
20840,75,93,-18,18
20841,143,141,2,2
20842,48,59,-11,11
20843,115,128,-13,13
20844,57,111,-54,54
20845,76,80,-4,4
20846,79,85,-6,6
20847,107,107,0,0
20848,61,75,-14,14
20849,134,139,-5,5
20850,93,97,-4,4
20851,141,145,-4,4
20852,81,81,0,0
20853,65,80,-15,15
20854,148,144,4,4
20855,70,85,-15,15
20856,78,95,-17,17
20857,46,57,-11,11
20858,108,116,-8,8
20859,94,101,-7,7
20860,165,166,-1,1
20861,83,100,-17,17
20862,131,131,0,0
20863,91,91,0,0
20864,86,124,-38,38
20865,99,107,-8,8
20866,111,102,9,9
20867,93,94,-1,1
20868,82,76,6,6
20869,60,80,-20,20
20870,89,91,-2,2
20871,153,153,0,0
20872,102,105,-3,3
20873,92,107,-15,15
20874,102,106,-4,4
20875,118,127,-9,9
20876,75,80,-5,5
20877,176,169,7,7
20878,129,127,2,2
20879,69,86,-17,17
20880,83,86,-3,3
20881,124,122,2,2
20882,68,71,-3,3
20883,102,104,-2,2
20884,63,70,-7,7
20885,96,117,-21,21
20886,120,134,-14,14
20887,75,89,-14,14
20888,111,116,-5,5
20889,181,163,18,18
20890,82,88,-6,6
20891,132,130,2,2
20892,48,78,-30,30
20893,75,84,-9,9
20894,64,72,-8,8
20895,41,55,-14,14
20896,64,84,-20,20
20897,97,104,-7,7
20898,77,89,-12,12
20899,91,93,-2,2
20900,51,60,-9,9
20901,68,77,-9,9
20902,121,137,-16,16
20903,86,90,-4,4
20904,59,70,-11,11
20905,107,109,-2,2
20906,84,95,-11,11
20907,55,62,-7,7
20908,76,99,-23,23
20909,93,92,1,1
20910,40,51,-11,11
20911,118,107,11,11
20912,156,159,-3,3
20913,126,125,1,1
20914,74,79,-5,5
20915,96,104,-8,8
20916,121,123,-2,2
20917,76,75,1,1
20918,122,138,-16,16
20919,89,90,-1,1
20920,59,66,-7,7
20921,84,80,4,4
20922,83,85,-2,2
20923,73,75,-2,2
20924,63,67,-4,4
20925,64,76,-12,12
20926,125,118,7,7
20927,101,98,3,3
20928,122,137,-15,15
20929,63,71,-8,8
20930,107,111,-4,4
20931,68,74,-6,6
20932,74,80,-6,6
20933,102,110,-8,8
20934,119,130,-11,11
20935,106,99,7,7
20936,66,75,-9,9
20937,87,93,-6,6
20938,85,88,-3,3
20939,66,69,-3,3
20940,145,148,-3,3
20941,180,160,20,20
20942,75,82,-7,7
20943,63,81,-18,18
20944,144,145,-1,1
20945,66,76,-10,10
20946,49,52,-3,3
20947,98,103,-5,5
20948,77,75,2,2
20949,105,110,-5,5
20950,81,108,-27,27
20951,92,90,2,2
20952,104,116,-12,12
20953,151,150,1,1
20954,51,61,-10,10
20955,124,138,-14,14
20956,84,88,-4,4
20957,58,67,-9,9
20958,108,105,3,3
20959,41,53,-12,12
20960,151,144,7,7
20961,113,104,9,9
20962,138,138,0,0
20963,70,83,-13,13
20964,106,110,-4,4
20965,95,104,-9,9
20966,121,129,-8,8
20967,66,71,-5,5
20968,98,101,-3,3
20969,70,80,-10,10
20970,142,142,0,0
20971,139,143,-4,4
20972,62,69,-7,7
20973,138,147,-9,9
20974,70,78,-8,8
20975,138,120,18,18
20976,105,104,1,1
20977,61,70,-9,9
20978,113,127,-14,14
20979,173,154,19,19
20980,94,97,-3,3
20981,90,92,-2,2
20982,112,113,-1,1
20983,43,52,-9,9
20984,140,145,-5,5
20985,197,206,-9,9
20986,116,112,4,4
20987,229,208,21,21
20988,119,119,0,0
20989,80,75,5,5
20990,115,121,-6,6
20991,61,75,-14,14
20992,41,55,-14,14
20993,101,100,1,1
20994,185,190,-5,5
20995,46,54,-8,8
20996,221,203,18,18
20997,113,114,-1,1
20998,60,69,-9,9
20999,116,104,12,12
21000,125,125,0,0
21001,99,105,-6,6
21002,97,121,-24,24
21003,171,156,15,15
21004,79,88,-9,9
21005,73,81,-8,8
21006,80,93,-13,13
21007,148,141,7,7
21008,111,131,-20,20
21009,110,120,-10,10
21010,84,99,-15,15
21011,60,77,-17,17
21012,94,91,3,3
21013,57,67,-10,10
21014,118,121,-3,3
21015,115,119,-4,4
21016,118,133,-15,15
21017,133,126,7,7
21018,67,78,-11,11
21019,148,146,2,2
21020,34,98,-64,64
21021,59,65,-6,6
21022,71,76,-5,5
21023,59,66,-7,7
21024,58,78,-20,20
21025,61,66,-5,5
21026,105,105,0,0
21027,144,144,0,0
21028,135,134,1,1
21029,120,121,-1,1
21030,180,174,6,6
21031,177,156,21,21
21032,115,136,-21,21
21033,138,134,4,4
21034,113,102,11,11
21035,97,101,-4,4
21036,88,88,0,0
21037,108,124,-16,16
21038,106,107,-1,1
21039,81,84,-3,3
21040,105,106,-1,1
21041,30,47,-17,17
21042,97,103,-6,6
21043,39,46,-7,7
21044,57,66,-9,9
21045,92,119,-27,27
21046,85,84,1,1
21047,94,90,4,4
21048,165,156,9,9
21049,119,123,-4,4
21050,120,120,0,0
21051,139,131,8,8
21052,42,54,-12,12
21053,78,88,-10,10
21054,78,89,-11,11
21055,73,73,0,0
21056,84,91,-7,7
21057,159,151,8,8
21058,84,91,-7,7
21059,133,130,3,3
21060,87,96,-9,9
21061,147,139,8,8
21062,83,86,-3,3
21063,51,63,-12,12
21064,107,109,-2,2
21065,62,68,-6,6
21066,94,94,0,0
21067,62,72,-10,10
21068,79,85,-6,6
21069,177,155,22,22
21070,104,92,12,12
21071,85,99,-14,14
21072,100,100,0,0
21073,69,77,-8,8
21074,119,126,-7,7
21075,90,84,6,6
21076,82,86,-4,4
21077,54,61,-7,7
21078,115,108,7,7
21079,74,76,-2,2
21080,113,116,-3,3
21081,56,66,-10,10
21082,68,84,-16,16
21083,195,187,8,8
21084,150,137,13,13
21085,62,78,-16,16
21086,71,78,-7,7
21087,81,85,-4,4
21088,131,135,-4,4
21089,90,89,1,1
21090,86,98,-12,12
21091,168,174,-6,6
21092,101,102,-1,1
21093,109,111,-2,2
21094,71,114,-43,43
21095,67,74,-7,7
21096,115,115,0,0
21097,95,116,-21,21
21098,84,87,-3,3
21099,74,90,-16,16
21100,69,71,-2,2
21101,63,79,-16,16
21102,127,125,2,2
21103,82,94,-12,12
21104,78,82,-4,4
21105,78,84,-6,6
21106,147,146,1,1
21107,96,98,-2,2
21108,72,88,-16,16
21109,65,69,-4,4
21110,107,117,-10,10
21111,119,113,6,6
21112,101,99,2,2
21113,162,148,14,14
21114,119,116,3,3
21115,93,103,-10,10
21116,102,106,-4,4
21117,145,145,0,0
21118,94,93,1,1
21119,83,90,-7,7
21120,166,156,10,10
21121,63,74,-11,11
21122,90,94,-4,4
21123,53,63,-10,10
21124,103,112,-9,9
21125,117,115,2,2
21126,99,103,-4,4
21127,44,48,-4,4
21128,149,145,4,4
21129,104,108,-4,4
21130,225,219,6,6
21131,101,104,-3,3
21132,101,110,-9,9
21133,76,76,0,0
21134,80,82,-2,2
21135,70,73,-3,3
21136,130,112,18,18
21137,148,141,7,7
21138,70,86,-16,16
21139,137,149,-12,12
21140,59,65,-6,6
21141,71,81,-10,10
21142,134,132,2,2
21143,116,112,4,4
21144,104,106,-2,2
21145,63,75,-12,12
21146,61,68,-7,7
21147,89,115,-26,26
21148,61,66,-5,5
21149,97,104,-7,7
21150,102,101,1,1
21151,63,70,-7,7
21152,165,160,5,5
21153,88,102,-14,14
21154,112,106,6,6
21155,90,94,-4,4
21156,179,173,6,6
21157,89,100,-11,11
21158,19,36,-17,17
21159,123,121,2,2
21160,111,140,-29,29
21161,89,89,0,0
21162,86,101,-15,15
21163,92,100,-8,8
21164,93,94,-1,1
21165,91,94,-3,3
21166,70,76,-6,6
21167,105,110,-5,5
21168,85,86,-1,1
21169,78,78,0,0
21170,112,116,-4,4
21171,96,103,-7,7
21172,54,65,-11,11
21173,121,113,8,8
21174,131,130,1,1
21175,66,75,-9,9
21176,61,71,-10,10
21177,80,87,-7,7
21178,89,92,-3,3
21179,74,74,0,0
21180,65,85,-20,20
21181,101,111,-10,10
21182,97,94,3,3
21183,108,112,-4,4
21184,96,108,-12,12
21185,132,128,4,4
21186,62,65,-3,3
21187,82,79,3,3
21188,154,141,13,13
21189,82,90,-8,8
21190,50,61,-11,11
21191,68,72,-4,4
21192,124,135,-11,11
21193,74,80,-6,6
21194,149,152,-3,3
21195,59,71,-12,12
21196,56,65,-9,9
21197,58,65,-7,7
21198,151,159,-8,8
21199,113,112,1,1
21200,74,106,-32,32
21201,71,75,-4,4
21202,86,89,-3,3
21203,65,70,-5,5
21204,69,83,-14,14
21205,161,156,5,5
21206,89,97,-8,8
21207,36,50,-14,14
21208,55,60,-5,5
21209,97,100,-3,3
21210,89,88,1,1
21211,64,68,-4,4
21212,98,104,-6,6
21213,89,90,-1,1
21214,44,53,-9,9
21215,162,158,4,4
21216,126,140,-14,14
21217,82,86,-4,4
21218,77,94,-17,17
21219,81,89,-8,8
21220,137,138,-1,1
21221,69,78,-9,9
21222,86,88,-2,2
21223,67,78,-11,11
21224,101,99,2,2
21225,74,84,-10,10
21226,71,76,-5,5
21227,66,73,-7,7
21228,104,112,-8,8
21229,111,131,-20,20
21230,86,96,-10,10
21231,96,102,-6,6
21232,79,82,-3,3
21233,183,190,-7,7
21234,89,91,-2,2
21235,133,128,5,5
21236,80,86,-6,6
21237,72,79,-7,7
21238,109,99,10,10
21239,107,108,-1,1
21240,84,86,-2,2
21241,67,69,-2,2
21242,102,104,-2,2
21243,66,182,-116,116
21244,132,139,-7,7
21245,103,108,-5,5
21246,91,97,-6,6
21247,111,119,-8,8
21248,110,109,1,1
21249,156,158,-2,2
21250,44,52,-8,8
21251,48,55,-7,7
21252,79,92,-13,13
21253,58,61,-3,3
21254,134,125,9,9
21255,105,109,-4,4
21256,79,81,-2,2
21257,124,160,-36,36
21258,109,103,6,6
21259,79,81,-2,2
21260,66,78,-12,12
21261,93,93,0,0
21262,93,98,-5,5
21263,85,102,-17,17
21264,92,96,-4,4
21265,103,113,-10,10
21266,104,104,0,0
21267,108,115,-7,7
21268,82,86,-4,4
21269,92,102,-10,10
21270,41,49,-8,8
21271,47,58,-11,11
21272,79,87,-8,8
21273,101,115,-14,14
21274,66,77,-11,11
21275,83,86,-3,3
21276,89,85,4,4
21277,55,64,-9,9
21278,137,136,1,1
21279,92,90,2,2
21280,131,133,-2,2
21281,99,100,-1,1
21282,100,114,-14,14
21283,82,82,0,0
21284,57,67,-10,10
21285,74,84,-10,10
21286,79,86,-7,7
21287,83,86,-3,3
21288,118,118,0,0
21289,133,161,-28,28
21290,129,133,-4,4
21291,70,92,-22,22
21292,145,141,4,4
21293,149,125,24,24
21294,113,122,-9,9
21295,56,69,-13,13
21296,44,54,-10,10
21297,89,105,-16,16
21298,90,99,-9,9
21299,74,76,-2,2
21300,117,115,2,2
21301,65,67,-2,2
21302,48,60,-12,12
21303,92,94,-2,2
21304,72,78,-6,6
21305,83,87,-4,4
21306,63,73,-10,10
21307,135,133,2,2
21308,147,154,-7,7
21309,142,152,-10,10
21310,122,119,3,3
21311,77,82,-5,5
21312,106,110,-4,4
21313,65,78,-13,13
21314,70,75,-5,5
21315,124,119,5,5
21316,100,104,-4,4
21317,56,62,-6,6
21318,72,75,-3,3
21319,83,88,-5,5
21320,66,76,-10,10
21321,45,56,-11,11
21322,162,162,0,0
21323,85,91,-6,6
21324,115,123,-8,8
21325,122,123,-1,1
21326,72,75,-3,3
21327,68,79,-11,11
21328,65,72,-7,7
21329,84,87,-3,3
21330,161,148,13,13
21331,149,142,7,7
21332,109,109,0,0
21333,57,70,-13,13
21334,85,84,1,1
21335,100,102,-2,2
21336,171,142,29,29
21337,73,86,-13,13
21338,78,85,-7,7
21339,67,85,-18,18
21340,122,139,-17,17
21341,84,84,0,0
21342,171,155,16,16
21343,87,96,-9,9
21344,140,125,15,15
21345,86,99,-13,13
21346,85,97,-12,12
21347,50,58,-8,8
21348,78,87,-9,9
21349,67,67,0,0
21350,81,82,-1,1
21351,75,83,-8,8
21352,91,99,-8,8
21353,119,123,-4,4
21354,138,143,-5,5
21355,58,64,-6,6
21356,137,131,6,6
21357,88,101,-13,13
21358,122,120,2,2
21359,106,104,2,2
21360,101,109,-8,8
21361,88,98,-10,10
21362,83,82,1,1
21363,80,82,-2,2
21364,111,116,-5,5
21365,183,175,8,8
21366,73,77,-4,4
21367,97,95,2,2
21368,55,70,-15,15
21369,116,127,-11,11
21370,78,82,-4,4
21371,99,100,-1,1
21372,141,132,9,9
21373,56,65,-9,9
21374,65,75,-10,10
21375,72,76,-4,4
21376,99,80,19,19
21377,96,94,2,2
21378,69,82,-13,13
21379,94,110,-16,16
21380,98,94,4,4
21381,55,67,-12,12
21382,107,113,-6,6
21383,68,84,-16,16
21384,84,97,-13,13
21385,65,72,-7,7
21386,177,157,20,20
21387,62,67,-5,5
21388,182,166,16,16
21389,72,59,13,13
21390,151,147,4,4
21391,80,81,-1,1
21392,122,130,-8,8
21393,136,130,6,6
21394,141,138,3,3
21395,88,89,-1,1
21396,88,87,1,1
21397,127,128,-1,1
21398,92,100,-8,8
21399,74,76,-2,2
21400,111,112,-1,1
21401,204,198,6,6
21402,111,107,4,4
21403,59,65,-6,6
21404,129,118,11,11
21405,107,104,3,3
21406,104,101,3,3
21407,76,84,-8,8
21408,113,125,-12,12
21409,110,115,-5,5
21410,69,71,-2,2
21411,67,76,-9,9
21412,85,89,-4,4
21413,94,98,-4,4
21414,93,95,-2,2
21415,90,94,-4,4
21416,61,62,-1,1
21417,56,60,-4,4
21418,114,112,2,2
21419,71,72,-1,1
21420,86,99,-13,13
21421,114,122,-8,8
21422,50,58,-8,8
21423,155,151,4,4
21424,108,123,-15,15
21425,104,95,9,9
21426,89,91,-2,2
21427,75,76,-1,1
21428,149,153,-4,4
21429,94,95,-1,1
21430,63,82,-19,19
21431,127,140,-13,13
21432,103,110,-7,7
21433,90,86,4,4
21434,64,77,-13,13
21435,144,139,5,5
21436,119,117,2,2
21437,45,61,-16,16
21438,78,83,-5,5
21439,45,61,-16,16
21440,113,119,-6,6
21441,89,98,-9,9
21442,122,127,-5,5
21443,93,99,-6,6
21444,54,62,-8,8
21445,89,85,4,4
21446,85,88,-3,3
21447,101,109,-8,8
21448,132,144,-12,12
21449,47,55,-8,8
21450,83,88,-5,5
21451,89,86,3,3
21452,77,77,0,0
21453,150,142,8,8
21454,130,120,10,10
21455,85,92,-7,7
21456,114,115,-1,1
21457,155,154,1,1
21458,63,68,-5,5
21459,94,101,-7,7
21460,42,50,-8,8
21461,138,146,-8,8
21462,78,91,-13,13
21463,79,85,-6,6
21464,95,100,-5,5
21465,80,76,4,4
21466,80,98,-18,18
21467,39,57,-18,18
21468,143,136,7,7
21469,88,89,-1,1
21470,47,59,-12,12
21471,70,76,-6,6
21472,174,164,10,10
21473,148,145,3,3
21474,185,170,15,15
21475,122,136,-14,14
21476,138,140,-2,2
21477,99,101,-2,2
21478,50,60,-10,10
21479,104,99,5,5
21480,69,78,-9,9
21481,127,127,0,0
21482,59,72,-13,13
21483,89,94,-5,5
21484,81,90,-9,9
21485,64,79,-15,15
21486,124,126,-2,2
21487,75,89,-14,14
21488,102,104,-2,2
21489,156,147,9,9
21490,81,87,-6,6
21491,90,89,1,1
21492,58,80,-22,22
21493,153,140,13,13
21494,100,100,0,0
21495,133,123,10,10
21496,133,128,5,5
21497,68,80,-12,12
21498,104,109,-5,5
21499,74,80,-6,6
21500,138,133,5,5
21501,83,93,-10,10
21502,125,141,-16,16
21503,98,103,-5,5
21504,92,92,0,0
21505,39,49,-10,10
21506,93,98,-5,5
21507,47,65,-18,18
21508,72,80,-8,8
21509,138,131,7,7
21510,81,88,-7,7
21511,102,107,-5,5
21512,146,142,4,4
21513,80,83,-3,3
21514,76,78,-2,2
21515,130,145,-15,15
21516,138,129,9,9
21517,69,82,-13,13
21518,134,128,6,6
21519,73,82,-9,9
21520,55,68,-13,13
21521,68,79,-11,11
21522,78,101,-23,23
21523,85,92,-7,7
21524,118,119,-1,1
21525,80,85,-5,5
21526,153,157,-4,4
21527,81,91,-10,10
21528,85,89,-4,4
21529,117,120,-3,3
21530,126,130,-4,4
21531,34,47,-13,13
21532,72,74,-2,2
21533,138,138,0,0
21534,82,92,-10,10
21535,113,119,-6,6
21536,63,77,-14,14
21537,80,76,4,4
21538,67,72,-5,5
21539,117,134,-17,17
21540,120,117,3,3
21541,75,80,-5,5
21542,117,117,0,0
21543,103,109,-6,6
21544,149,159,-10,10
21545,169,171,-2,2
21546,85,100,-15,15
21547,91,91,0,0
21548,121,123,-2,2
21549,95,115,-20,20
21550,123,129,-6,6
21551,36,55,-19,19
21552,71,78,-7,7
21553,106,107,-1,1
21554,101,97,4,4
21555,60,84,-24,24
21556,68,72,-4,4
21557,76,80,-4,4
21558,91,92,-1,1
21559,84,90,-6,6
21560,97,103,-6,6
21561,75,85,-10,10
21562,44,54,-10,10
21563,78,71,7,7
21564,55,63,-8,8
21565,106,122,-16,16
21566,125,126,-1,1
21567,185,169,16,16
21568,148,170,-22,22
21569,156,146,10,10
21570,128,129,-1,1
21571,96,100,-4,4
21572,99,99,0,0
21573,63,78,-15,15
21574,78,91,-13,13
21575,162,139,23,23
21576,75,80,-5,5
21577,103,104,-1,1
21578,110,107,3,3
21579,116,116,0,0
21580,51,64,-13,13
21581,126,126,0,0
21582,37,55,-18,18
21583,109,112,-3,3
21584,115,123,-8,8
21585,70,72,-2,2
21586,94,113,-19,19
21587,113,115,-2,2
21588,91,97,-6,6
21589,71,81,-10,10
21590,55,65,-10,10
21591,63,75,-12,12
21592,59,67,-8,8
21593,81,87,-6,6
21594,135,144,-9,9
21595,95,97,-2,2
21596,67,82,-15,15
21597,80,86,-6,6
21598,73,89,-16,16
21599,98,97,1,1
21600,104,102,2,2
21601,63,63,0,0
21602,60,65,-5,5
21603,117,119,-2,2
21604,60,68,-8,8
21605,127,127,0,0
21606,121,111,10,10
21607,118,120,-2,2
21608,80,85,-5,5
21609,77,84,-7,7
21610,104,101,3,3
21611,182,210,-28,28
21612,90,98,-8,8
21613,49,57,-8,8
21614,86,92,-6,6
21615,88,93,-5,5
21616,114,112,2,2
21617,56,63,-7,7
21618,66,68,-2,2
21619,68,88,-20,20
21620,88,94,-6,6
21621,45,79,-34,34
21622,231,222,9,9
21623,136,130,6,6
21624,69,73,-4,4
21625,123,138,-15,15
21626,60,64,-4,4
21627,72,81,-9,9
21628,84,95,-11,11
21629,123,125,-2,2
21630,58,76,-18,18
21631,58,63,-5,5
21632,71,72,-1,1
21633,97,96,1,1
21634,61,68,-7,7
21635,57,71,-14,14
21636,172,166,6,6
21637,62,76,-14,14
21638,112,125,-13,13
21639,126,122,4,4
21640,85,87,-2,2
21641,105,118,-13,13
21642,100,104,-4,4
21643,117,132,-15,15
21644,76,93,-17,17
21645,85,89,-4,4
21646,187,163,24,24
21647,145,142,3,3
21648,64,79,-15,15
21649,107,108,-1,1
21650,140,138,2,2
21651,46,64,-18,18
21652,63,66,-3,3
21653,93,96,-3,3
21654,111,117,-6,6
21655,60,66,-6,6
21656,120,118,2,2
21657,67,78,-11,11
21658,157,153,4,4
21659,133,135,-2,2
21660,112,127,-15,15
21661,119,136,-17,17
21662,86,91,-5,5
21663,128,131,-3,3
21664,109,112,-3,3
21665,133,131,2,2
21666,62,65,-3,3
21667,167,159,8,8
21668,122,119,3,3
21669,42,50,-8,8
21670,66,72,-6,6
21671,110,115,-5,5
21672,84,101,-17,17
21673,115,119,-4,4
21674,174,167,7,7
21675,85,90,-5,5
21676,100,102,-2,2
21677,56,70,-14,14
21678,72,75,-3,3
21679,87,93,-6,6
21680,70,98,-28,28
21681,76,78,-2,2
21682,89,93,-4,4
21683,69,76,-7,7
21684,175,163,12,12
21685,191,176,15,15
21686,66,71,-5,5
21687,145,146,-1,1
21688,127,119,8,8
21689,54,58,-4,4
21690,70,72,-2,2
21691,67,70,-3,3
21692,77,81,-4,4
21693,119,131,-12,12
21694,38,59,-21,21
21695,77,83,-6,6
21696,49,60,-11,11
21697,63,86,-23,23
21698,40,50,-10,10
21699,69,85,-16,16
21700,35,51,-16,16
21701,93,91,2,2
21702,61,81,-20,20
21703,50,57,-7,7
21704,113,120,-7,7
21705,123,114,9,9
21706,75,80,-5,5
21707,94,97,-3,3
21708,71,85,-14,14
21709,114,121,-7,7
21710,68,71,-3,3
21711,129,144,-15,15
21712,61,63,-2,2
21713,92,92,0,0
21714,76,74,2,2
21715,106,102,4,4
21716,123,121,2,2
21717,89,98,-9,9
21718,88,98,-10,10
21719,48,63,-15,15
21720,87,95,-8,8
21721,53,71,-18,18
21722,120,117,3,3
21723,105,113,-8,8
21724,117,112,5,5
21725,128,125,3,3
21726,173,163,10,10
21727,85,92,-7,7
21728,97,94,3,3
21729,101,101,0,0
21730,67,76,-9,9
21731,71,78,-7,7
21732,89,87,2,2
21733,85,99,-14,14
21734,83,88,-5,5
21735,78,78,0,0
21736,76,82,-6,6
21737,115,119,-4,4
21738,68,72,-4,4
21739,75,78,-3,3
21740,106,96,10,10
21741,76,82,-6,6
21742,123,122,1,1
21743,82,87,-5,5
21744,82,91,-9,9
21745,162,158,4,4
21746,64,75,-11,11
21747,66,64,2,2
21748,48,52,-4,4
21749,86,95,-9,9
21750,59,73,-14,14
21751,118,114,4,4
21752,75,83,-8,8
21753,138,129,9,9
21754,50,59,-9,9
21755,96,88,8,8
21756,68,75,-7,7
21757,83,92,-9,9
21758,93,116,-23,23
21759,78,92,-14,14
21760,45,53,-8,8
21761,85,88,-3,3
21762,123,115,8,8
21763,42,56,-14,14
21764,84,89,-5,5
21765,123,125,-2,2
21766,45,61,-16,16
21767,88,94,-6,6
21768,85,88,-3,3
21769,79,75,4,4
21770,75,79,-4,4
21771,125,129,-4,4
21772,33,56,-23,23
21773,84,91,-7,7
21774,117,126,-9,9
21775,79,85,-6,6
21776,190,181,9,9
21777,112,116,-4,4
21778,86,94,-8,8
21779,115,113,2,2
21780,74,78,-4,4
21781,85,92,-7,7
21782,28,41,-13,13
21783,45,56,-11,11
21784,115,120,-5,5
21785,92,93,-1,1
21786,78,79,-1,1
21787,129,130,-1,1
21788,119,110,9,9
21789,78,84,-6,6
21790,78,74,4,4
21791,211,191,20,20
21792,95,107,-12,12
21793,101,102,-1,1
21794,163,152,11,11
21795,168,159,9,9
21796,109,112,-3,3
21797,98,110,-12,12
21798,61,68,-7,7
21799,131,138,-7,7
21800,74,82,-8,8
21801,66,81,-15,15
21802,130,125,5,5
21803,71,76,-5,5
21804,135,141,-6,6
21805,88,88,0,0
21806,150,166,-16,16
21807,152,130,22,22
21808,117,103,14,14
21809,133,136,-3,3
21810,77,83,-6,6
21811,75,75,0,0
21812,63,68,-5,5
21813,73,74,-1,1
21814,72,78,-6,6
21815,62,85,-23,23
21816,98,105,-7,7
21817,103,102,1,1
21818,167,187,-20,20
21819,73,85,-12,12
21820,68,70,-2,2
21821,104,107,-3,3
21822,96,104,-8,8
21823,165,162,3,3
21824,128,128,0,0
21825,147,144,3,3
21826,139,140,-1,1
21827,156,145,11,11
21828,86,95,-9,9
21829,78,83,-5,5
21830,78,82,-4,4
21831,89,88,1,1
21832,115,112,3,3
21833,122,121,1,1
21834,47,68,-21,21
21835,60,77,-17,17
21836,87,103,-16,16
21837,77,84,-7,7
21838,115,108,7,7
21839,105,101,4,4
21840,120,121,-1,1
21841,95,102,-7,7
21842,103,101,2,2
21843,57,62,-5,5
21844,132,128,4,4
21845,118,111,7,7
21846,134,124,10,10
21847,85,98,-13,13
21848,130,141,-11,11
21849,107,116,-9,9
21850,112,110,2,2
21851,63,71,-8,8
21852,176,168,8,8
21853,83,84,-1,1
21854,88,104,-16,16
21855,141,128,13,13
21856,121,118,3,3
21857,119,116,3,3
21858,51,67,-16,16
21859,60,70,-10,10
21860,103,94,9,9
21861,122,121,1,1
21862,79,83,-4,4
21863,103,100,3,3
21864,86,87,-1,1
21865,58,72,-14,14
21866,103,108,-5,5
21867,89,90,-1,1
21868,94,92,2,2
21869,115,121,-6,6
21870,151,162,-11,11
21871,97,101,-4,4
21872,88,87,1,1
21873,78,86,-8,8
21874,79,83,-4,4
21875,51,63,-12,12
21876,77,96,-19,19
21877,98,95,3,3
21878,160,141,19,19
21879,114,116,-2,2
21880,95,103,-8,8
21881,77,90,-13,13
21882,75,84,-9,9
21883,142,140,2,2
21884,72,78,-6,6
21885,150,140,10,10
21886,67,78,-11,11
21887,104,106,-2,2
21888,95,105,-10,10
21889,116,114,2,2
21890,43,81,-38,38
21891,98,105,-7,7
21892,85,84,1,1
21893,93,95,-2,2
21894,106,107,-1,1
21895,99,101,-2,2
21896,179,170,9,9
21897,61,84,-23,23
21898,77,86,-9,9
21899,64,69,-5,5
21900,90,98,-8,8
21901,106,119,-13,13
21902,67,72,-5,5
21903,102,108,-6,6
21904,94,60,34,34
21905,92,92,0,0
21906,81,85,-4,4
21907,84,86,-2,2
21908,131,138,-7,7
21909,96,103,-7,7
21910,89,89,0,0
21911,107,106,1,1
21912,73,86,-13,13
21913,81,81,0,0
21914,69,82,-13,13
21915,73,79,-6,6
21916,150,152,-2,2
21917,115,106,9,9
21918,90,91,-1,1
21919,63,79,-16,16
21920,138,130,8,8
21921,125,134,-9,9
21922,111,112,-1,1
21923,124,116,8,8
21924,37,52,-15,15
21925,114,119,-5,5
21926,67,73,-6,6
21927,116,123,-7,7
21928,134,146,-12,12
21929,58,68,-10,10
21930,75,77,-2,2
21931,119,118,1,1
21932,94,92,2,2
21933,72,76,-4,4
21934,144,148,-4,4
21935,86,89,-3,3
21936,112,115,-3,3
21937,57,64,-7,7
21938,121,131,-10,10
21939,118,117,1,1
21940,79,85,-6,6
21941,53,62,-9,9
21942,61,63,-2,2
21943,90,98,-8,8
21944,114,120,-6,6
21945,101,108,-7,7
21946,180,175,5,5
21947,136,154,-18,18
21948,100,103,-3,3
21949,107,111,-4,4
21950,95,104,-9,9
21951,75,81,-6,6
21952,86,99,-13,13
21953,71,86,-15,15
21954,126,130,-4,4
21955,125,124,1,1
21956,162,160,2,2
21957,71,83,-12,12
21958,60,64,-4,4
21959,118,127,-9,9
21960,104,87,17,17
21961,117,117,0,0
21962,144,138,6,6
21963,78,88,-10,10
21964,95,98,-3,3
21965,157,154,3,3
21966,70,79,-9,9
21967,68,80,-12,12
21968,125,120,5,5
21969,111,103,8,8
21970,112,108,4,4
21971,118,107,11,11
21972,71,67,4,4
21973,126,119,7,7
21974,96,98,-2,2
21975,59,73,-14,14
21976,82,98,-16,16
21977,101,114,-13,13
21978,80,88,-8,8
21979,61,67,-6,6
21980,89,98,-9,9
21981,107,99,8,8
21982,55,67,-12,12
21983,99,97,2,2
21984,131,140,-9,9
21985,80,80,0,0
21986,110,97,13,13
21987,94,99,-5,5
21988,32,41,-9,9
21989,105,107,-2,2
21990,103,112,-9,9
21991,152,155,-3,3
21992,136,126,10,10
21993,78,81,-3,3
21994,68,72,-4,4
21995,68,88,-20,20
21996,36,47,-11,11
21997,111,118,-7,7
21998,64,67,-3,3
21999,70,75,-5,5
22000,89,93,-4,4
22001,103,106,-3,3
22002,79,83,-4,4
22003,175,174,1,1
22004,103,112,-9,9
22005,84,87,-3,3
22006,79,81,-2,2
22007,93,104,-11,11
22008,124,122,2,2
22009,106,110,-4,4
22010,144,136,8,8
22011,100,103,-3,3
22012,70,78,-8,8
22013,122,131,-9,9
22014,101,107,-6,6
22015,125,125,0,0
22016,94,97,-3,3
22017,134,142,-8,8
22018,69,77,-8,8
22019,119,116,3,3
22020,106,102,4,4
22021,122,124,-2,2
22022,54,63,-9,9
22023,89,91,-2,2
22024,76,96,-20,20
22025,86,94,-8,8
22026,144,132,12,12
22027,93,91,2,2
22028,105,113,-8,8
22029,101,107,-6,6
22030,81,96,-15,15
22031,85,89,-4,4
22032,157,140,17,17
22033,112,122,-10,10
22034,76,86,-10,10
22035,85,99,-14,14
22036,141,128,13,13
22037,87,98,-11,11
22038,71,84,-13,13
22039,104,114,-10,10
22040,73,83,-10,10
22041,143,139,4,4
22042,92,103,-11,11
22043,80,90,-10,10
22044,98,106,-8,8
22045,80,82,-2,2
22046,54,66,-12,12
22047,134,146,-12,12
22048,70,75,-5,5
22049,114,117,-3,3
22050,80,76,4,4
22051,90,90,0,0
22052,82,95,-13,13
22053,103,105,-2,2
22054,82,87,-5,5
22055,92,93,-1,1
22056,82,87,-5,5
22057,66,72,-6,6
22058,124,159,-35,35
22059,61,75,-14,14
22060,63,76,-13,13
22061,91,102,-11,11
22062,72,76,-4,4
22063,54,70,-16,16
22064,87,90,-3,3
22065,104,122,-18,18
22066,61,73,-12,12
22067,125,116,9,9
22068,129,136,-7,7
22069,33,53,-20,20
22070,97,104,-7,7
22071,73,95,-22,22
22072,154,141,13,13
22073,74,78,-4,4
22074,125,130,-5,5
22075,54,63,-9,9
22076,68,78,-10,10
22077,91,92,-1,1
22078,68,71,-3,3
22079,92,108,-16,16
22080,117,109,8,8
22081,98,115,-17,17
22082,124,118,6,6
22083,71,83,-12,12
22084,66,73,-7,7
22085,37,50,-13,13
22086,108,106,2,2
22087,59,66,-7,7
22088,84,90,-6,6
22089,162,153,9,9
22090,108,114,-6,6
22091,120,117,3,3
22092,102,112,-10,10
22093,68,87,-19,19
22094,146,129,17,17
22095,116,122,-6,6
22096,66,73,-7,7
22097,67,77,-10,10
22098,46,62,-16,16
22099,92,89,3,3
22100,150,139,11,11
22101,58,59,-1,1
22102,103,109,-6,6
22103,112,102,10,10
22104,90,105,-15,15
22105,98,104,-6,6
22106,54,66,-12,12
22107,76,86,-10,10
22108,77,88,-11,11
22109,111,110,1,1
22110,118,123,-5,5
22111,125,124,1,1
22112,94,105,-11,11
22113,73,83,-10,10
22114,173,168,5,5
22115,155,155,0,0
22116,120,133,-13,13
22117,86,83,3,3
22118,115,113,2,2
22119,149,140,9,9
22120,68,94,-26,26
22121,130,116,14,14
22122,65,79,-14,14
22123,63,61,2,2
22124,39,53,-14,14
22125,82,86,-4,4
22126,74,72,2,2
22127,57,76,-19,19
22128,105,113,-8,8
22129,106,109,-3,3
22130,126,147,-21,21
22131,113,115,-2,2
22132,109,115,-6,6
22133,95,103,-8,8
22134,86,86,0,0
22135,99,104,-5,5
22136,65,91,-26,26
22137,70,77,-7,7
22138,66,69,-3,3
22139,45,58,-13,13
22140,77,81,-4,4
22141,50,65,-15,15
22142,105,108,-3,3
22143,101,111,-10,10
22144,62,74,-12,12
22145,82,94,-12,12
22146,69,68,1,1
22147,122,141,-19,19
22148,147,146,1,1
22149,220,225,-5,5
22150,69,77,-8,8
22151,93,96,-3,3
22152,111,112,-1,1
22153,152,155,-3,3
22154,124,126,-2,2
22155,43,52,-9,9
22156,112,101,11,11
22157,83,88,-5,5
22158,140,141,-1,1
22159,110,111,-1,1
22160,71,85,-14,14
22161,96,114,-18,18
22162,148,150,-2,2
22163,53,57,-4,4
22164,120,117,3,3
22165,188,186,2,2
22166,29,48,-19,19
22167,117,118,-1,1
22168,104,107,-3,3
22169,81,89,-8,8
22170,124,129,-5,5
22171,103,119,-16,16
22172,139,141,-2,2
22173,79,76,3,3
22174,133,129,4,4
22175,112,119,-7,7
22176,99,112,-13,13
22177,101,100,1,1
22178,75,81,-6,6
22179,110,111,-1,1
22180,121,124,-3,3
22181,110,115,-5,5
22182,68,91,-23,23
22183,99,100,-1,1
22184,67,81,-14,14
22185,72,87,-15,15
22186,151,137,14,14
22187,87,99,-12,12
22188,83,101,-18,18
22189,58,78,-20,20
22190,56,64,-8,8
22191,72,74,-2,2
22192,91,95,-4,4
22193,61,66,-5,5
22194,95,87,8,8
22195,101,103,-2,2
22196,98,99,-1,1
22197,128,139,-11,11
22198,183,173,10,10
22199,68,75,-7,7
22200,97,100,-3,3
22201,74,80,-6,6
22202,127,131,-4,4
22203,91,96,-5,5
22204,95,98,-3,3
22205,83,88,-5,5
22206,130,129,1,1
22207,143,93,50,50
22208,68,85,-17,17
22209,72,76,-4,4
22210,81,88,-7,7
22211,63,71,-8,8
22212,92,92,0,0
22213,70,88,-18,18
22214,114,122,-8,8
22215,119,116,3,3
22216,130,137,-7,7
22217,94,102,-8,8
22218,104,113,-9,9
22219,99,112,-13,13
22220,55,73,-18,18
22221,111,117,-6,6
22222,101,98,3,3
22223,86,93,-7,7
22224,89,96,-7,7
22225,91,117,-26,26
22226,140,136,4,4
22227,74,82,-8,8
22228,82,89,-7,7
22229,103,94,9,9
22230,104,100,4,4
22231,75,87,-12,12
22232,92,103,-11,11
22233,53,62,-9,9
22234,74,88,-14,14
22235,38,48,-10,10
22236,141,135,6,6
22237,91,91,0,0
22238,97,97,0,0
22239,115,115,0,0
22240,141,146,-5,5
22241,72,89,-17,17
22242,87,98,-11,11
22243,114,118,-4,4
22244,96,95,1,1
22245,68,82,-14,14
22246,123,135,-12,12
22247,91,94,-3,3
22248,91,90,1,1
22249,116,126,-10,10
22250,49,76,-27,27
22251,57,63,-6,6
22252,124,131,-7,7
22253,88,101,-13,13
22254,129,128,1,1
22255,55,62,-7,7
22256,188,170,18,18
22257,64,75,-11,11
22258,71,78,-7,7
22259,45,60,-15,15
22260,93,107,-14,14
22261,68,73,-5,5
22262,161,174,-13,13
22263,69,85,-16,16
22264,113,120,-7,7
22265,74,88,-14,14
22266,58,70,-12,12
22267,149,155,-6,6
22268,49,59,-10,10
22269,96,99,-3,3
22270,122,120,2,2
22271,92,88,4,4
22272,124,130,-6,6
22273,93,100,-7,7
22274,149,152,-3,3
22275,179,172,7,7
22276,147,150,-3,3
22277,121,124,-3,3
22278,62,70,-8,8
22279,50,60,-10,10
22280,54,62,-8,8
22281,104,98,6,6
22282,73,78,-5,5
22283,101,106,-5,5
22284,71,81,-10,10
22285,90,92,-2,2
22286,71,75,-4,4
22287,72,81,-9,9
22288,61,90,-29,29
22289,65,70,-5,5
22290,81,87,-6,6
22291,37,57,-20,20
22292,65,76,-11,11
22293,128,124,4,4
22294,55,87,-32,32
22295,55,74,-19,19
22296,131,118,13,13
22297,67,70,-3,3
22298,138,144,-6,6
22299,66,70,-4,4
22300,62,70,-8,8
22301,187,177,10,10
22302,127,120,7,7
22303,105,115,-10,10
22304,78,84,-6,6
22305,94,95,-1,1
22306,94,99,-5,5
22307,108,113,-5,5
22308,135,136,-1,1
22309,78,81,-3,3
22310,87,95,-8,8
22311,59,67,-8,8
22312,134,147,-13,13
22313,89,90,-1,1
22314,79,87,-8,8
22315,27,51,-24,24
22316,74,72,2,2
22317,56,69,-13,13
22318,121,128,-7,7
22319,88,97,-9,9
22320,145,150,-5,5
22321,99,105,-6,6
22322,127,121,6,6
22323,85,89,-4,4
22324,91,82,9,9
22325,184,188,-4,4
22326,76,81,-5,5
22327,86,90,-4,4
22328,88,88,0,0
22329,156,150,6,6
22330,106,114,-8,8
22331,102,95,7,7
22332,106,106,0,0
22333,87,92,-5,5
22334,60,72,-12,12
22335,82,85,-3,3
22336,112,108,4,4
22337,118,126,-8,8
22338,75,72,3,3
22339,94,101,-7,7
22340,57,72,-15,15
22341,96,98,-2,2
22342,67,74,-7,7
22343,78,98,-20,20
22344,114,108,6,6
22345,70,74,-4,4
22346,60,69,-9,9
22347,91,95,-4,4
22348,86,87,-1,1
22349,84,92,-8,8
22350,75,78,-3,3
22351,133,142,-9,9
22352,193,176,17,17
22353,68,76,-8,8
22354,139,141,-2,2
22355,57,80,-23,23
22356,110,117,-7,7
22357,83,99,-16,16
22358,159,137,22,22
22359,110,114,-4,4
22360,150,138,12,12
22361,95,106,-11,11
22362,139,129,10,10
22363,72,74,-2,2
22364,147,138,9,9
22365,89,87,2,2
22366,136,142,-6,6
22367,47,52,-5,5
22368,158,158,0,0
22369,111,119,-8,8
22370,99,96,3,3
22371,112,113,-1,1
22372,82,94,-12,12
22373,38,46,-8,8
22374,82,87,-5,5
22375,80,86,-6,6
22376,119,115,4,4
22377,68,80,-12,12
22378,117,121,-4,4
22379,76,82,-6,6
22380,94,98,-4,4
22381,68,78,-10,10
22382,49,55,-6,6
22383,59,66,-7,7
22384,135,143,-8,8
22385,111,117,-6,6
22386,102,102,0,0
22387,118,122,-4,4
22388,90,91,-1,1
22389,62,74,-12,12
22390,104,107,-3,3
22391,120,117,3,3
22392,105,114,-9,9
22393,131,130,1,1
22394,103,115,-12,12
22395,117,116,1,1
22396,92,97,-5,5
22397,70,79,-9,9
22398,108,113,-5,5
22399,71,78,-7,7
22400,58,71,-13,13
22401,91,84,7,7
22402,98,96,2,2
22403,40,55,-15,15
22404,92,87,5,5
22405,100,111,-11,11
22406,138,145,-7,7
22407,132,122,10,10
22408,101,108,-7,7
22409,71,85,-14,14
22410,86,89,-3,3
22411,107,108,-1,1
22412,85,91,-6,6
22413,68,78,-10,10
22414,80,84,-4,4
22415,125,124,1,1
22416,99,93,6,6
22417,122,117,5,5
22418,190,175,15,15
22419,109,99,10,10
22420,83,81,2,2
22421,121,145,-24,24
22422,79,95,-16,16
22423,142,157,-15,15
22424,63,70,-7,7
22425,66,73,-7,7
22426,114,102,12,12
22427,80,83,-3,3
22428,72,80,-8,8
22429,190,187,3,3
22430,91,95,-4,4
22431,152,144,8,8
22432,74,68,6,6
22433,88,96,-8,8
22434,181,184,-3,3
22435,118,121,-3,3
22436,131,130,1,1
22437,64,110,-46,46
22438,86,94,-8,8
22439,74,88,-14,14
22440,79,85,-6,6
22441,99,102,-3,3
22442,169,165,4,4
22443,68,67,1,1
22444,79,81,-2,2
22445,181,166,15,15
22446,119,113,6,6
22447,120,116,4,4
22448,67,79,-12,12
22449,67,80,-13,13
22450,76,79,-3,3
22451,87,90,-3,3
22452,91,102,-11,11
22453,161,148,13,13
22454,58,64,-6,6
22455,57,66,-9,9
22456,95,96,-1,1
22457,63,73,-10,10
22458,64,72,-8,8
22459,55,64,-9,9
22460,136,149,-13,13
22461,107,107,0,0
22462,83,95,-12,12
22463,52,70,-18,18
22464,127,139,-12,12
22465,90,99,-9,9
22466,141,139,2,2
22467,87,98,-11,11
22468,99,102,-3,3
22469,67,75,-8,8
22470,79,86,-7,7
22471,102,109,-7,7
22472,168,175,-7,7
22473,154,155,-1,1
22474,118,120,-2,2
22475,68,86,-18,18
22476,109,110,-1,1
22477,41,51,-10,10
22478,65,78,-13,13
22479,108,107,1,1
22480,26,50,-24,24
22481,99,113,-14,14
22482,137,141,-4,4
22483,180,179,1,1
22484,223,182,41,41
22485,103,108,-5,5
22486,91,96,-5,5
22487,120,121,-1,1
22488,73,79,-6,6
22489,69,82,-13,13
22490,76,104,-28,28
22491,73,66,7,7
22492,41,51,-10,10
22493,143,149,-6,6
22494,121,140,-19,19
22495,97,113,-16,16
22496,86,99,-13,13
22497,80,89,-9,9
22498,105,120,-15,15
22499,111,101,10,10
22500,133,145,-12,12
22501,120,122,-2,2
22502,156,166,-10,10
22503,100,111,-11,11
22504,41,54,-13,13
22505,94,106,-12,12
22506,59,62,-3,3
22507,71,77,-6,6
22508,68,76,-8,8
22509,102,98,4,4
22510,134,138,-4,4
22511,60,61,-1,1
22512,169,144,25,25
22513,80,89,-9,9
22514,126,152,-26,26
22515,146,139,7,7
22516,128,139,-11,11
22517,67,74,-7,7
22518,92,102,-10,10
22519,72,81,-9,9
22520,79,86,-7,7
22521,102,104,-2,2
22522,62,71,-9,9
22523,59,69,-10,10
22524,116,107,9,9
22525,96,99,-3,3
22526,86,89,-3,3
22527,68,84,-16,16
22528,90,100,-10,10
22529,90,93,-3,3
22530,141,136,5,5
22531,109,114,-5,5
22532,51,74,-23,23
22533,107,105,2,2
22534,130,129,1,1
22535,103,107,-4,4
22536,49,66,-17,17
22537,106,100,6,6
22538,87,90,-3,3
22539,68,74,-6,6
22540,88,95,-7,7
22541,79,89,-10,10
22542,104,99,5,5
22543,94,99,-5,5
22544,123,115,8,8
22545,98,94,4,4
22546,123,123,0,0
22547,104,109,-5,5
22548,60,72,-12,12
22549,70,83,-13,13
22550,89,90,-1,1
22551,122,117,5,5
22552,55,63,-8,8
22553,141,137,4,4
22554,80,88,-8,8
22555,97,100,-3,3
22556,126,117,9,9
22557,73,83,-10,10
22558,63,81,-18,18
22559,151,138,13,13
22560,109,107,2,2
22561,161,159,2,2
22562,80,85,-5,5
22563,126,116,10,10
22564,89,90,-1,1
22565,95,95,0,0
22566,163,145,18,18
22567,121,118,3,3
22568,80,89,-9,9
22569,79,76,3,3
22570,94,92,2,2
22571,143,139,4,4
22572,95,96,-1,1
22573,108,111,-3,3
22574,94,106,-12,12
22575,102,101,1,1
22576,84,94,-10,10
22577,80,84,-4,4
22578,135,131,4,4
22579,98,90,8,8
22580,113,118,-5,5
22581,85,118,-33,33
22582,97,99,-2,2
22583,67,78,-11,11
22584,135,132,3,3
22585,31,42,-11,11
22586,154,156,-2,2
22587,136,134,2,2
22588,35,45,-10,10
22589,145,141,4,4
22590,76,77,-1,1
22591,89,100,-11,11
22592,84,96,-12,12
22593,82,104,-22,22
22594,76,77,-1,1
22595,88,96,-8,8
22596,85,83,2,2
22597,109,124,-15,15
22598,165,156,9,9
22599,88,101,-13,13
22600,54,63,-9,9
22601,93,89,4,4
22602,66,75,-9,9
22603,75,84,-9,9
22604,55,64,-9,9
22605,72,81,-9,9
22606,113,116,-3,3
22607,127,127,0,0
22608,53,62,-9,9
22609,94,101,-7,7
22610,90,96,-6,6
22611,65,82,-17,17
22612,60,72,-12,12
22613,59,57,2,2
22614,107,108,-1,1
22615,93,112,-19,19
22616,128,124,4,4
22617,55,67,-12,12
22618,93,99,-6,6
22619,79,81,-2,2
22620,148,137,11,11
22621,129,125,4,4
22622,51,70,-19,19
22623,92,98,-6,6
22624,93,114,-21,21
22625,114,119,-5,5
22626,72,80,-8,8
22627,92,103,-11,11
22628,81,84,-3,3
22629,69,84,-15,15
22630,93,95,-2,2
22631,189,180,9,9
22632,71,79,-8,8
22633,87,89,-2,2
22634,48,94,-46,46
22635,94,98,-4,4
22636,116,133,-17,17
22637,62,79,-17,17
22638,240,220,20,20
22639,104,106,-2,2
22640,80,96,-16,16
22641,66,66,0,0
22642,100,98,2,2
22643,133,134,-1,1
22644,103,102,1,1
22645,137,145,-8,8
22646,165,154,11,11
22647,125,125,0,0
22648,86,86,0,0
22649,95,95,0,0
22650,103,113,-10,10
22651,140,128,12,12
22652,95,104,-9,9
22653,68,78,-10,10
22654,52,62,-10,10
22655,77,79,-2,2
22656,121,117,4,4
22657,107,113,-6,6
22658,98,100,-2,2
22659,100,97,3,3
22660,81,88,-7,7
22661,46,52,-6,6
22662,162,160,2,2
22663,136,129,7,7
22664,85,95,-10,10
22665,83,82,1,1
22666,135,127,8,8
22667,39,45,-6,6
22668,61,68,-7,7
22669,73,69,4,4
22670,87,81,6,6
22671,76,89,-13,13
22672,84,109,-25,25
22673,94,90,4,4
22674,163,169,-6,6
22675,80,90,-10,10
22676,86,110,-24,24
22677,152,143,9,9
22678,100,115,-15,15
22679,75,78,-3,3
22680,92,94,-2,2
22681,84,86,-2,2
22682,144,145,-1,1
22683,69,76,-7,7
22684,109,118,-9,9
22685,109,100,9,9
22686,88,80,8,8
22687,67,77,-10,10
22688,115,115,0,0
22689,125,135,-10,10
22690,95,104,-9,9
22691,87,90,-3,3
22692,98,101,-3,3
22693,83,99,-16,16
22694,101,104,-3,3
22695,51,56,-5,5
22696,108,110,-2,2
22697,136,141,-5,5
22698,208,221,-13,13
22699,121,122,-1,1
22700,84,84,0,0
22701,86,86,0,0
22702,148,155,-7,7
22703,110,122,-12,12
22704,117,119,-2,2
22705,96,103,-7,7
22706,69,75,-6,6
22707,137,135,2,2
22708,66,69,-3,3
22709,89,81,8,8
22710,44,59,-15,15
22711,136,131,5,5
22712,128,117,11,11
22713,73,85,-12,12
22714,155,160,-5,5
22715,89,81,8,8
22716,87,79,8,8
22717,147,142,5,5
22718,64,68,-4,4
22719,37,50,-13,13
22720,122,120,2,2
22721,44,53,-9,9
22722,126,124,2,2
22723,60,76,-16,16
22724,148,143,5,5
22725,134,136,-2,2
22726,87,84,3,3
22727,135,145,-10,10
22728,90,93,-3,3
22729,60,65,-5,5
22730,86,82,4,4
22731,150,154,-4,4
22732,59,83,-24,24
22733,111,106,5,5
22734,54,62,-8,8
22735,158,148,10,10
22736,135,124,11,11
22737,32,44,-12,12
22738,63,70,-7,7
22739,117,108,9,9
22740,83,92,-9,9
22741,54,66,-12,12
22742,151,150,1,1
22743,64,73,-9,9
22744,44,56,-12,12
22745,138,139,-1,1
22746,48,66,-18,18
22747,123,118,5,5
22748,97,105,-8,8
22749,59,69,-10,10
22750,96,105,-9,9
22751,19,38,-19,19
22752,112,117,-5,5
22753,131,144,-13,13
22754,153,154,-1,1
22755,100,104,-4,4
22756,183,181,2,2
22757,121,121,0,0
22758,129,128,1,1
22759,93,107,-14,14
22760,89,98,-9,9
22761,92,92,0,0
22762,81,112,-31,31
22763,133,129,4,4
22764,77,88,-11,11
22765,63,71,-8,8
22766,66,68,-2,2
22767,74,91,-17,17
22768,150,157,-7,7
22769,76,93,-17,17
22770,68,69,-1,1
22771,73,77,-4,4
22772,93,95,-2,2
22773,90,85,5,5
22774,81,102,-21,21
22775,59,62,-3,3
22776,160,143,17,17
22777,47,54,-7,7
22778,109,139,-30,30
22779,133,130,3,3
22780,114,122,-8,8
22781,89,87,2,2
22782,86,85,1,1
22783,95,93,2,2
22784,149,158,-9,9
22785,86,87,-1,1
22786,112,114,-2,2
22787,61,110,-49,49
22788,32,48,-16,16
22789,141,140,1,1
22790,106,106,0,0
22791,62,77,-15,15
22792,98,104,-6,6
22793,169,142,27,27
22794,75,94,-19,19
22795,113,117,-4,4
22796,69,77,-8,8
22797,54,66,-12,12
22798,72,83,-11,11
22799,140,148,-8,8
22800,86,97,-11,11
22801,106,110,-4,4
22802,81,87,-6,6
22803,109,105,4,4
22804,120,111,9,9
22805,103,101,2,2
22806,201,181,20,20
22807,115,139,-24,24
22808,94,90,4,4
22809,110,129,-19,19
22810,90,94,-4,4
22811,117,114,3,3
22812,80,81,-1,1
22813,136,135,1,1
22814,95,105,-10,10
22815,121,113,8,8
22816,38,50,-12,12
22817,100,93,7,7
22818,83,92,-9,9
22819,102,103,-1,1
22820,100,101,-1,1
22821,67,76,-9,9
22822,88,128,-40,40
22823,68,72,-4,4
22824,145,143,2,2
22825,86,89,-3,3
22826,107,105,2,2
22827,85,99,-14,14
22828,102,109,-7,7
22829,132,136,-4,4
22830,61,71,-10,10
22831,70,70,0,0
22832,91,94,-3,3
22833,139,144,-5,5
22834,51,58,-7,7
22835,39,52,-13,13
22836,100,96,4,4
22837,93,99,-6,6
22838,89,102,-13,13
22839,92,105,-13,13
22840,35,47,-12,12
22841,93,92,1,1
22842,64,74,-10,10
22843,62,62,0,0
22844,102,93,9,9
22845,101,101,0,0
22846,93,96,-3,3
22847,63,71,-8,8
22848,88,93,-5,5
22849,80,90,-10,10
22850,134,107,27,27
22851,77,81,-4,4
22852,73,83,-10,10
22853,57,67,-10,10
22854,118,94,24,24
22855,134,139,-5,5
22856,127,130,-3,3
22857,88,91,-3,3
22858,91,94,-3,3
22859,110,113,-3,3
22860,46,56,-10,10
22861,105,106,-1,1
22862,103,118,-15,15
22863,108,104,4,4
22864,93,104,-11,11
22865,75,85,-10,10
22866,131,138,-7,7
22867,130,133,-3,3
22868,89,92,-3,3
22869,49,107,-58,58
22870,120,129,-9,9
22871,151,162,-11,11
22872,92,94,-2,2
22873,77,91,-14,14
22874,126,135,-9,9
22875,100,104,-4,4
22876,54,63,-9,9
22877,110,108,2,2
22878,133,138,-5,5
22879,119,128,-9,9
22880,126,118,8,8
22881,42,51,-9,9
22882,63,72,-9,9
22883,170,168,2,2
22884,68,85,-17,17
22885,114,112,2,2
22886,115,105,10,10
22887,64,77,-13,13
22888,90,95,-5,5
22889,126,118,8,8
22890,72,90,-18,18
22891,116,141,-25,25
22892,151,158,-7,7
22893,98,88,10,10
22894,135,130,5,5
22895,132,128,4,4
22896,166,155,11,11
22897,109,108,1,1
22898,73,75,-2,2
22899,43,53,-10,10
22900,60,69,-9,9
22901,95,105,-10,10
22902,185,174,11,11
22903,116,119,-3,3
22904,120,121,-1,1
22905,117,114,3,3
22906,80,95,-15,15
22907,54,66,-12,12
22908,94,99,-5,5
22909,104,114,-10,10
22910,167,176,-9,9
22911,183,187,-4,4
22912,125,129,-4,4
22913,67,74,-7,7
22914,127,116,11,11
22915,108,114,-6,6
22916,110,113,-3,3
22917,72,76,-4,4
22918,76,82,-6,6
22919,60,67,-7,7
22920,127,117,10,10
22921,60,66,-6,6
22922,117,116,1,1
22923,62,68,-6,6
22924,98,92,6,6
22925,64,71,-7,7
22926,90,92,-2,2
22927,155,157,-2,2
22928,69,76,-7,7
22929,91,91,0,0
22930,91,87,4,4
22931,97,93,4,4
22932,116,111,5,5
22933,100,105,-5,5
22934,81,88,-7,7
22935,77,84,-7,7
22936,46,53,-7,7
22937,86,104,-18,18
22938,98,94,4,4
22939,128,108,20,20
22940,53,61,-8,8
22941,86,92,-6,6
22942,106,113,-7,7
22943,118,118,0,0
22944,132,136,-4,4
22945,179,178,1,1
22946,72,74,-2,2
22947,57,63,-6,6
22948,159,157,2,2
22949,56,70,-14,14
22950,90,103,-13,13
22951,84,91,-7,7
22952,120,131,-11,11
22953,99,93,6,6
22954,121,114,7,7
22955,96,101,-5,5
22956,46,62,-16,16
22957,84,95,-11,11
22958,79,84,-5,5
22959,165,157,8,8
22960,72,80,-8,8
22961,75,84,-9,9
22962,116,121,-5,5
22963,117,124,-7,7
22964,95,94,1,1
22965,138,145,-7,7
22966,64,73,-9,9
22967,70,80,-10,10
22968,51,60,-9,9
22969,74,92,-18,18
22970,105,111,-6,6
22971,137,139,-2,2
22972,93,95,-2,2
22973,72,85,-13,13
22974,83,86,-3,3
22975,113,113,0,0
22976,97,99,-2,2
22977,76,84,-8,8
22978,65,68,-3,3
22979,159,155,4,4
22980,72,78,-6,6
22981,127,123,4,4
22982,94,96,-2,2
22983,83,87,-4,4
22984,84,94,-10,10
22985,60,72,-12,12
22986,100,107,-7,7
22987,108,115,-7,7
22988,118,117,1,1
22989,76,84,-8,8
22990,87,83,4,4
22991,50,60,-10,10
22992,38,51,-13,13
22993,146,131,15,15
22994,114,120,-6,6
22995,52,61,-9,9
22996,84,92,-8,8
22997,122,130,-8,8
22998,102,104,-2,2
22999,181,169,12,12
23000,98,95,3,3
23001,39,51,-12,12
23002,84,77,7,7
23003,145,118,27,27
23004,124,131,-7,7
23005,110,123,-13,13
23006,57,68,-11,11
23007,88,89,-1,1
23008,64,74,-10,10
23009,195,184,11,11
23010,131,141,-10,10
23011,124,123,1,1
23012,79,106,-27,27
23013,66,72,-6,6
23014,100,111,-11,11
23015,82,82,0,0
23016,81,90,-9,9
23017,85,86,-1,1
23018,192,195,-3,3
23019,112,119,-7,7
23020,166,159,7,7
23021,101,107,-6,6
23022,82,80,2,2
23023,89,83,6,6
23024,94,93,1,1
23025,79,95,-16,16
23026,108,115,-7,7
23027,117,114,3,3
23028,123,119,4,4
23029,81,83,-2,2
23030,87,87,0,0
23031,66,74,-8,8
23032,35,47,-12,12
23033,102,99,3,3
23034,145,136,9,9
23035,62,68,-6,6
23036,121,117,4,4
23037,69,77,-8,8
23038,142,135,7,7
23039,74,74,0,0
23040,92,93,-1,1
23041,63,65,-2,2
23042,71,82,-11,11
23043,148,138,10,10
23044,72,86,-14,14
23045,75,78,-3,3
23046,118,124,-6,6
23047,103,110,-7,7
23048,136,123,13,13
23049,126,136,-10,10
23050,93,105,-12,12
23051,101,105,-4,4
23052,133,125,8,8
23053,83,94,-11,11
23054,91,97,-6,6
23055,52,59,-7,7
23056,100,104,-4,4
23057,88,92,-4,4
23058,80,91,-11,11
23059,83,99,-16,16
23060,90,90,0,0
23061,69,100,-31,31
23062,85,87,-2,2
23063,107,104,3,3
23064,103,99,4,4
23065,60,70,-10,10
23066,152,156,-4,4
23067,40,52,-12,12
23068,87,87,0,0
23069,78,81,-3,3
23070,145,147,-2,2
23071,47,57,-10,10
23072,139,131,8,8
23073,94,98,-4,4
23074,138,156,-18,18
23075,115,105,10,10
23076,94,98,-4,4
23077,106,108,-2,2
23078,85,85,0,0
23079,82,84,-2,2
23080,61,67,-6,6
23081,160,151,9,9
23082,157,165,-8,8
23083,87,96,-9,9
23084,135,129,6,6
23085,120,117,3,3
23086,104,105,-1,1
23087,165,149,16,16
23088,88,93,-5,5
23089,67,78,-11,11
23090,87,87,0,0
23091,66,78,-12,12
23092,74,79,-5,5
23093,76,84,-8,8
23094,62,71,-9,9
23095,79,86,-7,7
23096,91,97,-6,6
23097,70,72,-2,2
23098,148,140,8,8
23099,135,127,8,8
23100,74,87,-13,13
23101,78,81,-3,3
23102,93,99,-6,6
23103,124,122,2,2
23104,129,139,-10,10
23105,98,95,3,3
23106,72,74,-2,2
23107,53,65,-12,12
23108,138,137,1,1
23109,184,159,25,25
23110,85,93,-8,8
23111,82,84,-2,2
23112,105,117,-12,12
23113,99,102,-3,3
23114,65,75,-10,10
23115,73,75,-2,2
23116,66,71,-5,5
23117,102,109,-7,7
23118,85,85,0,0
23119,188,189,-1,1
23120,81,209,-128,128
23121,124,122,2,2
23122,59,71,-12,12
23123,108,111,-3,3
23124,92,100,-8,8
23125,100,101,-1,1
23126,105,108,-3,3
23127,93,100,-7,7
23128,155,154,1,1
23129,71,77,-6,6
23130,65,63,2,2
23131,94,93,1,1
23132,122,132,-10,10
23133,70,75,-5,5
23134,65,72,-7,7
23135,160,156,4,4
23136,115,118,-3,3
23137,134,139,-5,5
23138,101,106,-5,5
23139,105,107,-2,2
23140,93,102,-9,9
23141,94,90,4,4
23142,82,82,0,0
23143,90,93,-3,3
23144,78,75,3,3
23145,145,142,3,3
23146,120,121,-1,1
23147,94,99,-5,5
23148,95,90,5,5
23149,115,132,-17,17
23150,49,56,-7,7
23151,134,140,-6,6
23152,88,91,-3,3
23153,82,90,-8,8
23154,67,70,-3,3
23155,71,73,-2,2
23156,56,74,-18,18
23157,88,87,1,1
23158,34,48,-14,14
23159,62,82,-20,20
23160,82,89,-7,7
23161,111,119,-8,8
23162,48,57,-9,9
23163,102,109,-7,7
23164,143,138,5,5
23165,47,57,-10,10
23166,76,80,-4,4
23167,119,120,-1,1
23168,64,71,-7,7
23169,72,74,-2,2
23170,141,142,-1,1
23171,64,64,0,0
23172,127,120,7,7
23173,72,81,-9,9
23174,111,110,1,1
23175,104,95,9,9
23176,77,86,-9,9
23177,133,145,-12,12
23178,113,111,2,2
23179,110,115,-5,5
23180,89,92,-3,3
23181,125,126,-1,1
23182,127,117,10,10
23183,68,71,-3,3
23184,99,112,-13,13
23185,86,97,-11,11
23186,111,114,-3,3
23187,118,112,6,6
23188,74,83,-9,9
23189,132,126,6,6
23190,99,100,-1,1
23191,139,142,-3,3
23192,107,111,-4,4
23193,70,84,-14,14
23194,77,77,0,0
23195,101,111,-10,10
23196,103,104,-1,1
23197,86,94,-8,8
23198,104,98,6,6
23199,100,109,-9,9
23200,150,141,9,9
23201,69,72,-3,3
23202,129,129,0,0
23203,162,169,-7,7
23204,111,124,-13,13
23205,133,133,0,0
23206,87,92,-5,5
23207,74,90,-16,16
23208,95,108,-13,13
23209,110,123,-13,13
23210,124,130,-6,6
23211,155,148,7,7
23212,74,72,2,2
23213,80,80,0,0
23214,90,91,-1,1
23215,100,102,-2,2
23216,112,103,9,9
23217,81,78,3,3
23218,73,84,-11,11
23219,122,124,-2,2
23220,130,126,4,4
23221,129,126,3,3
23222,123,119,4,4
23223,84,91,-7,7
23224,63,71,-8,8
23225,144,134,10,10
23226,91,158,-67,67
23227,66,81,-15,15
23228,95,97,-2,2
23229,129,128,1,1
23230,75,85,-10,10
23231,152,189,-37,37
23232,119,104,15,15
23233,107,112,-5,5
23234,184,173,11,11
23235,84,94,-10,10
23236,123,120,3,3
23237,167,147,20,20
23238,59,63,-4,4
23239,68,79,-11,11
23240,119,107,12,12
23241,77,75,2,2
23242,70,83,-13,13
23243,79,80,-1,1
23244,114,125,-11,11
23245,75,80,-5,5
23246,64,65,-1,1
23247,127,125,2,2
23248,52,64,-12,12
23249,67,68,-1,1
23250,73,82,-9,9
23251,85,84,1,1
23252,63,74,-11,11
23253,88,85,3,3
23254,89,110,-21,21
23255,133,118,15,15
23256,82,88,-6,6
23257,115,111,4,4
23258,97,105,-8,8
23259,81,96,-15,15
23260,102,97,5,5
23261,68,70,-2,2
23262,64,69,-5,5
23263,70,74,-4,4
23264,73,85,-12,12
23265,59,72,-13,13
23266,136,138,-2,2
23267,103,110,-7,7
23268,137,122,15,15
23269,73,80,-7,7
23270,83,89,-6,6
23271,95,91,4,4
23272,138,129,9,9
23273,86,86,0,0
23274,66,90,-24,24
23275,134,163,-29,29
23276,116,116,0,0
23277,70,76,-6,6
23278,118,117,1,1
23279,131,131,0,0
23280,40,72,-32,32
23281,82,87,-5,5
23282,78,81,-3,3
23283,97,92,5,5
23284,89,99,-10,10
23285,133,130,3,3
23286,76,78,-2,2
23287,152,140,12,12
23288,92,95,-3,3
23289,62,71,-9,9
23290,179,156,23,23
23291,127,120,7,7
23292,115,115,0,0
23293,54,75,-21,21
23294,136,121,15,15
23295,76,87,-11,11
23296,62,75,-13,13
23297,78,85,-7,7
23298,182,161,21,21
23299,67,73,-6,6
23300,110,106,4,4
23301,92,91,1,1
23302,150,140,10,10
23303,122,131,-9,9
23304,62,75,-13,13
23305,109,107,2,2
23306,123,118,5,5
23307,107,117,-10,10
23308,50,65,-15,15
23309,62,72,-10,10
23310,115,119,-4,4
23311,41,53,-12,12
23312,106,105,1,1
23313,58,65,-7,7
23314,67,70,-3,3
23315,64,67,-3,3
23316,71,95,-24,24
23317,83,97,-14,14
23318,157,173,-16,16
23319,90,99,-9,9
23320,100,114,-14,14
23321,92,101,-9,9
23322,87,108,-21,21
23323,76,95,-19,19
23324,101,110,-9,9
23325,56,59,-3,3
23326,65,75,-10,10
23327,70,80,-10,10
23328,57,66,-9,9
23329,112,144,-32,32
23330,50,80,-30,30
23331,47,63,-16,16
23332,140,156,-16,16
23333,51,60,-9,9
23334,61,78,-17,17
23335,78,84,-6,6
23336,70,73,-3,3
23337,98,96,2,2
23338,152,143,9,9
23339,99,108,-9,9
23340,93,103,-10,10
23341,90,93,-3,3
23342,51,61,-10,10
23343,94,92,2,2
23344,82,92,-10,10
23345,137,132,5,5
23346,85,98,-13,13
23347,131,141,-10,10
23348,110,104,6,6
23349,70,72,-2,2
23350,99,109,-10,10
23351,146,141,5,5
23352,37,50,-13,13
23353,94,93,1,1
23354,124,121,3,3
23355,91,111,-20,20
23356,85,91,-6,6
23357,58,70,-12,12
23358,78,92,-14,14
23359,62,73,-11,11
23360,51,62,-11,11
23361,85,96,-11,11
23362,64,73,-9,9
23363,108,119,-11,11
23364,89,97,-8,8
23365,120,122,-2,2
23366,131,117,14,14
23367,50,61,-11,11
23368,109,113,-4,4
23369,82,84,-2,2
23370,115,114,1,1
23371,121,112,9,9
23372,193,187,6,6
23373,66,72,-6,6
23374,125,121,4,4
23375,64,74,-10,10
23376,105,103,2,2
23377,47,60,-13,13
23378,57,78,-21,21
23379,105,101,4,4
23380,124,126,-2,2
23381,90,101,-11,11
23382,126,117,9,9
23383,89,102,-13,13
23384,122,118,4,4
23385,116,116,0,0
23386,80,77,3,3
23387,92,94,-2,2
23388,62,92,-30,30
23389,144,146,-2,2
23390,45,60,-15,15
23391,139,142,-3,3
23392,117,118,-1,1
23393,99,104,-5,5
23394,98,100,-2,2
23395,87,94,-7,7
23396,171,146,25,25
23397,127,113,14,14
23398,114,113,1,1
23399,100,110,-10,10
23400,71,87,-16,16
23401,143,137,6,6
23402,84,91,-7,7
23403,89,88,1,1
23404,85,95,-10,10
23405,69,74,-5,5
23406,145,156,-11,11
23407,115,123,-8,8
23408,116,122,-6,6
23409,114,121,-7,7
23410,58,60,-2,2
23411,79,80,-1,1
23412,73,80,-7,7
23413,114,122,-8,8
23414,140,147,-7,7
23415,92,104,-12,12
23416,111,119,-8,8
23417,131,142,-11,11
23418,76,83,-7,7
23419,94,101,-7,7
23420,91,105,-14,14
23421,76,78,-2,2
23422,115,114,1,1
23423,65,69,-4,4
23424,113,125,-12,12
23425,85,99,-14,14
23426,214,232,-18,18
23427,211,199,12,12
23428,41,55,-14,14
23429,78,81,-3,3
23430,161,154,7,7
23431,79,84,-5,5
23432,51,64,-13,13
23433,103,113,-10,10
23434,73,83,-10,10
23435,55,68,-13,13
23436,136,123,13,13
23437,131,133,-2,2
23438,77,84,-7,7
23439,80,84,-4,4
23440,110,117,-7,7
23441,54,63,-9,9
23442,111,121,-10,10
23443,84,92,-8,8
23444,70,74,-4,4
23445,70,74,-4,4
23446,106,105,1,1
23447,97,103,-6,6
23448,100,99,1,1
23449,135,137,-2,2
23450,86,91,-5,5
23451,42,49,-7,7
23452,132,140,-8,8
23453,73,80,-7,7
23454,125,127,-2,2
23455,83,92,-9,9
23456,125,127,-2,2
23457,120,118,2,2
23458,110,109,1,1
23459,197,183,14,14
23460,111,110,1,1
23461,86,98,-12,12
23462,76,78,-2,2
23463,150,142,8,8
23464,115,118,-3,3
23465,89,101,-12,12
23466,176,168,8,8
23467,64,77,-13,13
23468,120,118,2,2
23469,121,119,2,2
23470,64,82,-18,18
23471,49,72,-23,23
23472,70,71,-1,1
23473,112,113,-1,1
23474,89,99,-10,10
23475,107,106,1,1
23476,155,155,0,0
23477,73,84,-11,11
23478,129,141,-12,12
23479,161,154,7,7
23480,89,92,-3,3
23481,113,119,-6,6
23482,99,95,4,4
23483,127,132,-5,5
23484,115,121,-6,6
23485,78,86,-8,8
23486,155,170,-15,15
23487,54,60,-6,6
23488,89,95,-6,6
23489,115,109,6,6
23490,82,88,-6,6
23491,165,159,6,6
23492,90,90,0,0
23493,87,92,-5,5
23494,115,112,3,3
23495,70,74,-4,4
23496,85,82,3,3
23497,101,103,-2,2
23498,118,131,-13,13
23499,135,120,15,15
23500,74,81,-7,7
23501,108,124,-16,16
23502,134,137,-3,3
23503,109,109,0,0
23504,77,83,-6,6
23505,71,72,-1,1
23506,78,79,-1,1
23507,125,115,10,10
23508,90,94,-4,4
23509,47,58,-11,11
23510,89,93,-4,4
23511,102,102,0,0
23512,94,99,-5,5
23513,137,144,-7,7
23514,110,106,4,4
23515,100,104,-4,4
23516,125,124,1,1
23517,57,98,-41,41
23518,120,124,-4,4
23519,149,148,1,1
23520,69,82,-13,13
23521,91,104,-13,13
23522,69,75,-6,6
23523,143,140,3,3
23524,112,110,2,2
23525,108,102,6,6
23526,83,99,-16,16
23527,102,112,-10,10
23528,55,63,-8,8
23529,101,100,1,1
23530,39,51,-12,12
23531,173,175,-2,2
23532,98,97,1,1
23533,136,131,5,5
23534,62,71,-9,9
23535,188,162,26,26
23536,98,105,-7,7
23537,132,127,5,5
23538,89,103,-14,14
23539,106,113,-7,7
23540,101,116,-15,15
23541,150,139,11,11
23542,194,179,15,15
23543,108,116,-8,8
23544,78,92,-14,14
23545,70,75,-5,5
23546,93,105,-12,12
23547,65,79,-14,14
23548,113,105,8,8
23549,129,127,2,2
23550,94,105,-11,11
23551,108,107,1,1
23552,90,97,-7,7
23553,68,77,-9,9
23554,98,110,-12,12
23555,96,116,-20,20
23556,85,101,-16,16
23557,137,141,-4,4
23558,112,115,-3,3
23559,168,156,12,12
23560,87,99,-12,12
23561,134,129,5,5
23562,75,88,-13,13
23563,135,130,5,5
23564,81,86,-5,5
23565,96,109,-13,13
23566,91,101,-10,10
23567,104,97,7,7
23568,105,104,1,1
23569,56,61,-5,5
23570,111,110,1,1
23571,56,73,-17,17
23572,62,70,-8,8
23573,103,108,-5,5
23574,144,147,-3,3
23575,101,104,-3,3
23576,79,81,-2,2
23577,102,100,2,2
23578,121,123,-2,2
23579,140,140,0,0
23580,135,136,-1,1
23581,80,83,-3,3
23582,51,65,-14,14
23583,152,168,-16,16
23584,94,101,-7,7
23585,52,56,-4,4
23586,78,87,-9,9
23587,82,91,-9,9
23588,75,78,-3,3
23589,117,123,-6,6
23590,136,135,1,1
23591,92,94,-2,2
23592,55,57,-2,2
23593,126,121,5,5
23594,55,65,-10,10
23595,43,52,-9,9
23596,83,97,-14,14
23597,116,129,-13,13
23598,113,117,-4,4
23599,60,69,-9,9
23600,100,107,-7,7
23601,100,110,-10,10
23602,113,113,0,0
23603,123,143,-20,20
23604,69,79,-10,10
23605,113,134,-21,21
23606,71,84,-13,13
23607,132,128,4,4
23608,151,150,1,1
23609,57,65,-8,8
23610,105,107,-2,2
23611,188,165,23,23
23612,79,80,-1,1
23613,151,148,3,3
23614,137,143,-6,6
23615,42,47,-5,5
23616,144,144,0,0
23617,41,52,-11,11
23618,82,87,-5,5
23619,91,92,-1,1
23620,65,75,-10,10
23621,65,71,-6,6
23622,103,112,-9,9
23623,116,118,-2,2
23624,149,149,0,0
23625,202,188,14,14
23626,61,67,-6,6
23627,78,84,-6,6
23628,154,142,12,12
23629,87,93,-6,6
23630,93,92,1,1
23631,134,143,-9,9
23632,116,122,-6,6
23633,124,135,-11,11
23634,148,144,4,4
23635,140,144,-4,4
23636,69,70,-1,1
23637,107,111,-4,4
23638,99,99,0,0
23639,137,131,6,6
23640,165,146,19,19
23641,102,100,2,2
23642,116,115,1,1
23643,95,83,12,12
23644,86,108,-22,22
23645,88,105,-17,17
23646,108,113,-5,5
23647,153,156,-3,3
23648,69,75,-6,6
23649,76,80,-4,4
23650,103,104,-1,1
23651,79,97,-18,18
23652,129,120,9,9
23653,87,92,-5,5
23654,67,74,-7,7
23655,81,85,-4,4
23656,118,117,1,1
23657,69,74,-5,5
23658,63,75,-12,12
23659,77,82,-5,5
23660,113,116,-3,3
23661,143,144,-1,1
23662,57,68,-11,11
23663,86,91,-5,5
23664,36,65,-29,29
23665,128,117,11,11
23666,111,113,-2,2
23667,68,79,-11,11
23668,60,73,-13,13
23669,90,95,-5,5
23670,99,102,-3,3
23671,80,80,0,0
23672,79,94,-15,15
23673,84,94,-10,10
23674,77,75,2,2
23675,132,132,0,0
23676,94,77,17,17
23677,95,103,-8,8
23678,67,75,-8,8
23679,134,128,6,6
23680,148,149,-1,1
23681,92,93,-1,1
23682,85,82,3,3
23683,69,85,-16,16
23684,107,119,-12,12
23685,113,133,-20,20
23686,49,56,-7,7
23687,31,43,-12,12
23688,72,82,-10,10
23689,135,136,-1,1
23690,126,124,2,2
23691,67,75,-8,8
23692,70,85,-15,15
23693,64,72,-8,8
23694,70,104,-34,34
23695,88,85,3,3
23696,66,81,-15,15
23697,80,97,-17,17
23698,82,99,-17,17
23699,85,95,-10,10
23700,128,127,1,1
23701,116,118,-2,2
23702,74,73,1,1
23703,107,108,-1,1
23704,74,81,-7,7
23705,133,121,12,12
23706,91,93,-2,2
23707,100,108,-8,8
23708,90,86,4,4
23709,41,53,-12,12
23710,117,116,1,1
23711,91,102,-11,11
23712,108,123,-15,15
23713,61,71,-10,10
23714,201,190,11,11
23715,112,113,-1,1
23716,62,67,-5,5
23717,70,80,-10,10
23718,79,85,-6,6
23719,85,85,0,0
23720,138,130,8,8
23721,132,133,-1,1
23722,46,62,-16,16
23723,172,171,1,1
23724,120,114,6,6
23725,120,116,4,4
23726,96,106,-10,10
23727,108,105,3,3
23728,125,131,-6,6
23729,72,87,-15,15
23730,110,104,6,6
23731,51,69,-18,18
23732,127,127,0,0
23733,109,113,-4,4
23734,70,75,-5,5
23735,91,94,-3,3
23736,53,71,-18,18
23737,195,192,3,3
23738,63,72,-9,9
23739,97,106,-9,9
23740,109,106,3,3
23741,116,121,-5,5
23742,52,70,-18,18
23743,66,84,-18,18
23744,70,75,-5,5
23745,143,148,-5,5
23746,61,101,-40,40
23747,105,100,5,5
23748,58,65,-7,7
23749,141,143,-2,2
23750,64,67,-3,3
23751,126,126,0,0
23752,154,152,2,2
23753,103,101,2,2
23754,54,65,-11,11
23755,100,104,-4,4
23756,99,102,-3,3
23757,84,96,-12,12
23758,67,77,-10,10
23759,51,69,-18,18
23760,118,125,-7,7
23761,139,128,11,11
23762,83,91,-8,8
23763,127,129,-2,2
23764,98,99,-1,1
23765,86,88,-2,2
23766,53,62,-9,9
23767,111,122,-11,11
23768,82,87,-5,5
23769,101,96,5,5
23770,79,89,-10,10
23771,82,94,-12,12
23772,101,95,6,6
23773,172,159,13,13
23774,49,68,-19,19
23775,144,139,5,5
23776,79,83,-4,4
23777,71,84,-13,13
23778,109,115,-6,6
23779,97,98,-1,1
23780,134,128,6,6
23781,139,161,-22,22
23782,103,105,-2,2
23783,104,106,-2,2
23784,45,62,-17,17
23785,124,136,-12,12
23786,77,87,-10,10
23787,92,103,-11,11
23788,54,63,-9,9
23789,96,100,-4,4
23790,77,78,-1,1
23791,99,97,2,2
23792,46,56,-10,10
23793,128,137,-9,9
23794,114,124,-10,10
23795,183,173,10,10
23796,74,82,-8,8
23797,152,141,11,11
23798,95,91,4,4
23799,84,78,6,6
23800,103,106,-3,3
23801,118,114,4,4
23802,82,102,-20,20
23803,161,171,-10,10
23804,93,91,2,2
23805,91,87,4,4
23806,106,107,-1,1
23807,91,93,-2,2
23808,52,63,-11,11
23809,89,93,-4,4
23810,80,89,-9,9
23811,112,120,-8,8
23812,69,71,-2,2
23813,68,75,-7,7
23814,219,207,12,12
23815,89,100,-11,11
23816,127,126,1,1
23817,84,101,-17,17
23818,85,86,-1,1
23819,28,65,-37,37
23820,141,137,4,4
23821,92,101,-9,9
23822,130,127,3,3
23823,59,71,-12,12
23824,143,137,6,6
23825,145,136,9,9
23826,73,79,-6,6
23827,177,174,3,3
23828,169,155,14,14
23829,54,61,-7,7
23830,128,118,10,10
23831,52,63,-11,11
23832,129,135,-6,6
23833,99,110,-11,11
23834,119,106,13,13
23835,75,86,-11,11
23836,119,114,5,5
23837,103,103,0,0
23838,130,130,0,0
23839,119,113,6,6
23840,100,99,1,1
23841,159,165,-6,6
23842,75,76,-1,1
23843,86,93,-7,7
23844,123,127,-4,4
23845,74,85,-11,11
23846,50,68,-18,18
23847,57,60,-3,3
23848,50,63,-13,13
23849,71,82,-11,11
23850,96,97,-1,1
23851,76,78,-2,2
23852,130,125,5,5
23853,62,77,-15,15
23854,92,94,-2,2
23855,98,108,-10,10
23856,67,68,-1,1
23857,231,226,5,5
23858,68,65,3,3
23859,59,63,-4,4
23860,82,76,6,6
23861,67,75,-8,8
23862,88,85,3,3
23863,138,129,9,9
23864,81,76,5,5
23865,117,117,0,0
23866,67,79,-12,12
23867,57,69,-12,12
23868,53,60,-7,7
23869,87,92,-5,5
23870,123,131,-8,8
23871,128,133,-5,5
23872,80,88,-8,8
23873,95,96,-1,1
23874,105,114,-9,9
23875,92,100,-8,8
23876,97,96,1,1
23877,96,110,-14,14
23878,114,107,7,7
23879,57,67,-10,10
23880,174,162,12,12
23881,98,100,-2,2
23882,96,92,4,4
23883,34,59,-25,25
23884,53,62,-9,9
23885,70,77,-7,7
23886,100,111,-11,11
23887,112,119,-7,7
23888,86,94,-8,8
23889,106,107,-1,1
23890,75,85,-10,10
23891,97,115,-18,18
23892,93,102,-9,9
23893,105,91,14,14
23894,108,112,-4,4
23895,137,145,-8,8
23896,99,110,-11,11
23897,71,77,-6,6
23898,157,162,-5,5
23899,111,116,-5,5
23900,102,99,3,3
23901,144,141,3,3
23902,86,90,-4,4
23903,63,81,-18,18
23904,97,94,3,3
23905,30,46,-16,16
23906,77,83,-6,6
23907,111,109,2,2
23908,77,78,-1,1
23909,41,47,-6,6
23910,82,94,-12,12
23911,144,140,4,4
23912,117,116,1,1
23913,94,93,1,1
23914,58,68,-10,10
23915,101,104,-3,3
23916,105,101,4,4
23917,99,112,-13,13
23918,88,88,0,0
23919,69,83,-14,14
23920,67,68,-1,1
23921,51,70,-19,19
23922,120,121,-1,1
23923,60,68,-8,8
23924,90,90,0,0
23925,81,84,-3,3
23926,163,174,-11,11
23927,142,136,6,6
23928,65,74,-9,9
23929,156,155,1,1
23930,52,57,-5,5
23931,74,73,1,1
23932,115,116,-1,1
23933,126,135,-9,9
23934,48,54,-6,6
23935,129,138,-9,9
23936,160,149,11,11
23937,110,124,-14,14
23938,121,130,-9,9
23939,97,98,-1,1
23940,110,138,-28,28
23941,135,133,2,2
23942,153,153,0,0
23943,103,128,-25,25
23944,103,106,-3,3
23945,119,118,1,1
23946,76,89,-13,13
23947,195,206,-11,11
23948,57,66,-9,9
23949,59,75,-16,16
23950,146,149,-3,3
23951,91,86,5,5
23952,101,102,-1,1
23953,240,198,42,42
23954,88,99,-11,11
23955,83,79,4,4
23956,77,84,-7,7
23957,82,92,-10,10
23958,82,98,-16,16
23959,119,112,7,7
23960,106,102,4,4
23961,101,110,-9,9
23962,78,87,-9,9
23963,82,85,-3,3
23964,82,88,-6,6
23965,126,116,10,10
23966,87,100,-13,13
23967,96,102,-6,6
23968,68,74,-6,6
23969,100,98,2,2
23970,71,83,-12,12
23971,91,106,-15,15
23972,118,117,1,1
23973,93,98,-5,5
23974,87,94,-7,7
23975,75,88,-13,13
23976,64,71,-7,7
23977,94,96,-2,2
23978,45,58,-13,13
23979,97,91,6,6
23980,115,114,1,1
23981,84,85,-1,1
23982,139,130,9,9
23983,155,164,-9,9
23984,65,74,-9,9
23985,72,81,-9,9
23986,65,76,-11,11
23987,45,55,-10,10
23988,92,104,-12,12
23989,148,148,0,0
23990,163,145,18,18
23991,80,80,0,0
23992,131,121,10,10
23993,74,85,-11,11
23994,62,71,-9,9
23995,65,68,-3,3
23996,110,102,8,8
23997,119,102,17,17
23998,110,109,1,1
23999,89,97,-8,8
24000,104,119,-15,15
24001,110,121,-11,11
24002,83,85,-2,2
24003,134,137,-3,3
24004,110,119,-9,9
24005,74,91,-17,17
24006,152,152,0,0
24007,103,108,-5,5
24008,47,56,-9,9
24009,104,105,-1,1
24010,59,70,-11,11
24011,76,74,2,2
24012,82,93,-11,11
24013,100,107,-7,7
24014,127,128,-1,1
24015,70,72,-2,2
24016,71,84,-13,13
24017,83,98,-15,15
24018,80,87,-7,7
24019,102,108,-6,6
24020,70,84,-14,14
24021,89,91,-2,2
24022,75,80,-5,5
24023,104,105,-1,1
24024,84,77,7,7
24025,56,67,-11,11
24026,55,71,-16,16
24027,141,155,-14,14
24028,82,90,-8,8
24029,182,170,12,12
24030,154,156,-2,2
24031,86,92,-6,6
24032,78,85,-7,7
24033,91,97,-6,6
24034,115,118,-3,3
24035,112,121,-9,9
24036,98,119,-21,21
24037,83,82,1,1
24038,58,68,-10,10
24039,72,77,-5,5
24040,46,69,-23,23
24041,54,63,-9,9
24042,99,105,-6,6
24043,100,129,-29,29
24044,114,119,-5,5
24045,56,60,-4,4
24046,49,63,-14,14
24047,63,68,-5,5
24048,63,68,-5,5
24049,72,80,-8,8
24050,97,101,-4,4
24051,59,70,-11,11
24052,123,133,-10,10
24053,109,121,-12,12
24054,108,110,-2,2
24055,95,107,-12,12
24056,94,92,2,2
24057,59,71,-12,12
24058,80,91,-11,11
24059,140,141,-1,1
24060,102,109,-7,7
24061,65,75,-10,10
24062,117,115,2,2
24063,63,66,-3,3
24064,77,91,-14,14
24065,137,108,29,29
24066,114,117,-3,3
24067,78,76,2,2
24068,45,59,-14,14
24069,84,94,-10,10
24070,96,110,-14,14
24071,62,71,-9,9
24072,67,82,-15,15
24073,178,160,18,18
24074,78,93,-15,15
24075,112,114,-2,2
24076,99,90,9,9
24077,94,103,-9,9
24078,86,79,7,7
24079,116,114,2,2
24080,64,67,-3,3
24081,51,60,-9,9
24082,176,150,26,26
24083,120,114,6,6
24084,121,108,13,13
24085,84,88,-4,4
24086,108,109,-1,1
24087,97,102,-5,5
24088,91,98,-7,7
24089,117,124,-7,7
24090,102,98,4,4
24091,53,59,-6,6
24092,82,84,-2,2
24093,63,71,-8,8
24094,50,96,-46,46
24095,121,117,4,4
24096,33,54,-21,21
24097,75,79,-4,4
24098,98,103,-5,5
24099,95,96,-1,1
24100,94,97,-3,3
24101,43,58,-15,15
24102,88,104,-16,16
24103,72,79,-7,7
24104,118,116,2,2
24105,76,87,-11,11
24106,58,67,-9,9
24107,104,91,13,13
24108,115,119,-4,4
24109,63,66,-3,3
24110,105,111,-6,6
24111,59,66,-7,7
24112,58,65,-7,7
24113,146,139,7,7
24114,82,94,-12,12
24115,114,125,-11,11
24116,95,96,-1,1
24117,46,60,-14,14
24118,122,121,1,1
24119,78,86,-8,8
24120,97,97,0,0
24121,111,112,-1,1
24122,161,147,14,14
24123,157,162,-5,5
24124,90,102,-12,12
24125,69,73,-4,4
24126,78,81,-3,3
24127,111,110,1,1
24128,56,61,-5,5
24129,83,76,7,7
24130,186,174,12,12
24131,76,87,-11,11
24132,76,85,-9,9
24133,136,139,-3,3
24134,87,90,-3,3
24135,87,86,1,1
24136,72,79,-7,7
24137,64,81,-17,17
24138,162,160,2,2
24139,59,69,-10,10
24140,77,77,0,0
24141,58,66,-8,8
24142,65,67,-2,2
24143,103,96,7,7
24144,74,76,-2,2
24145,83,78,5,5
24146,62,68,-6,6
24147,115,109,6,6
24148,88,98,-10,10
24149,79,91,-12,12
24150,102,105,-3,3
24151,76,79,-3,3
24152,72,82,-10,10
24153,127,135,-8,8
24154,57,67,-10,10
24155,123,131,-8,8
24156,108,108,0,0
24157,179,161,18,18
24158,56,86,-30,30
24159,129,140,-11,11
24160,76,87,-11,11
24161,160,138,22,22
24162,108,104,4,4
24163,65,76,-11,11
24164,80,81,-1,1
24165,68,88,-20,20
24166,125,155,-30,30
24167,55,64,-9,9
24168,101,113,-12,12
24169,102,103,-1,1
24170,151,156,-5,5
24171,98,131,-33,33
24172,72,90,-18,18
24173,124,128,-4,4
24174,113,108,5,5
24175,84,82,2,2
24176,51,64,-13,13
24177,73,78,-5,5
24178,58,57,1,1
24179,103,105,-2,2
24180,89,82,7,7
24181,103,111,-8,8
24182,122,126,-4,4
24183,62,71,-9,9
24184,152,143,9,9
24185,49,60,-11,11
24186,76,82,-6,6
24187,107,104,3,3
24188,63,85,-22,22
24189,132,131,1,1
24190,167,113,54,54
24191,105,104,1,1
24192,160,160,0,0
24193,86,92,-6,6
24194,105,103,2,2
24195,88,94,-6,6
24196,102,103,-1,1
24197,102,121,-19,19
24198,101,118,-17,17
24199,48,61,-13,13
24200,131,135,-4,4
24201,45,50,-5,5
24202,100,103,-3,3
24203,77,81,-4,4
24204,131,141,-10,10
24205,106,109,-3,3
24206,115,115,0,0
24207,140,130,10,10
24208,111,123,-12,12
24209,100,106,-6,6
24210,55,65,-10,10
24211,80,81,-1,1
24212,98,107,-9,9
24213,61,61,0,0
24214,106,105,1,1
24215,91,99,-8,8
24216,96,97,-1,1
24217,88,88,0,0
24218,79,89,-10,10
24219,108,125,-17,17
24220,108,117,-9,9
24221,137,124,13,13
24222,110,115,-5,5
24223,67,74,-7,7
24224,81,83,-2,2
24225,74,81,-7,7
24226,95,106,-11,11
24227,36,45,-9,9
24228,96,101,-5,5
24229,80,91,-11,11
24230,86,84,2,2
24231,145,158,-13,13
24232,163,165,-2,2
24233,57,61,-4,4
24234,91,102,-11,11
24235,100,111,-11,11
24236,55,59,-4,4
24237,118,117,1,1
24238,183,183,0,0
24239,79,90,-11,11
24240,82,76,6,6
24241,107,111,-4,4
24242,47,57,-10,10
24243,103,112,-9,9
24244,78,81,-3,3
24245,114,121,-7,7
24246,127,124,3,3
24247,65,75,-10,10
24248,149,159,-10,10
24249,72,76,-4,4
24250,75,84,-9,9
24251,99,102,-3,3
24252,91,96,-5,5
24253,50,67,-17,17
24254,116,115,1,1
24255,150,135,15,15
24256,136,146,-10,10
24257,145,113,32,32
24258,64,76,-12,12
24259,81,85,-4,4
24260,76,79,-3,3
24261,91,88,3,3
24262,64,66,-2,2
24263,52,64,-12,12
24264,85,94,-9,9
24265,93,99,-6,6
24266,80,97,-17,17
24267,84,93,-9,9
24268,71,75,-4,4
24269,73,75,-2,2
24270,54,67,-13,13
24271,87,86,1,1
24272,88,99,-11,11
24273,50,64,-14,14
24274,122,118,4,4
24275,98,103,-5,5
24276,82,83,-1,1
24277,173,165,8,8
24278,78,83,-5,5
24279,106,105,1,1
24280,103,120,-17,17
24281,78,83,-5,5
24282,57,68,-11,11
24283,125,136,-11,11
24284,103,112,-9,9
24285,100,105,-5,5
24286,78,88,-10,10
24287,122,116,6,6
24288,122,135,-13,13
24289,135,130,5,5
24290,110,100,10,10
24291,174,160,14,14
24292,54,62,-8,8
24293,43,54,-11,11
24294,82,84,-2,2
24295,91,89,2,2
24296,104,99,5,5
24297,148,140,8,8
24298,30,43,-13,13
24299,115,112,3,3
24300,122,119,3,3
24301,126,126,0,0
24302,68,85,-17,17
24303,119,109,10,10
24304,124,133,-9,9
24305,81,77,4,4
24306,74,77,-3,3
24307,75,83,-8,8
24308,57,69,-12,12
24309,92,81,11,11
24310,79,79,0,0
24311,118,129,-11,11
24312,62,72,-10,10
24313,86,85,1,1
24314,57,62,-5,5
24315,93,111,-18,18
24316,111,104,7,7
24317,77,82,-5,5
24318,66,79,-13,13
24319,142,111,31,31
24320,117,109,8,8
24321,48,57,-9,9
24322,195,179,16,16
24323,100,107,-7,7
24324,103,95,8,8
24325,59,78,-19,19
24326,76,79,-3,3
24327,108,114,-6,6
24328,127,131,-4,4
24329,91,88,3,3
24330,67,78,-11,11
24331,157,152,5,5
24332,120,132,-12,12
24333,79,86,-7,7
24334,95,99,-4,4
24335,103,108,-5,5
24336,126,122,4,4
24337,73,105,-32,32
24338,53,69,-16,16
24339,126,129,-3,3
24340,78,83,-5,5
24341,128,134,-6,6
24342,51,63,-12,12
24343,76,80,-4,4
24344,130,134,-4,4
24345,87,94,-7,7
24346,76,89,-13,13
24347,71,74,-3,3
24348,115,122,-7,7
24349,119,119,0,0
24350,75,81,-6,6
24351,75,92,-17,17
24352,93,94,-1,1
24353,128,138,-10,10
24354,127,153,-26,26
24355,94,99,-5,5
24356,133,131,2,2
24357,53,56,-3,3
24358,146,137,9,9
24359,117,134,-17,17
24360,74,80,-6,6
24361,126,125,1,1
24362,41,59,-18,18
24363,143,144,-1,1
24364,90,95,-5,5
24365,73,86,-13,13
24366,156,152,4,4
24367,72,75,-3,3
24368,59,66,-7,7
24369,27,46,-19,19
24370,93,99,-6,6
24371,87,96,-9,9
24372,44,61,-17,17
24373,182,179,3,3
24374,90,96,-6,6
24375,170,162,8,8
24376,128,131,-3,3
24377,102,105,-3,3
24378,99,101,-2,2
24379,106,102,4,4
24380,86,86,0,0
24381,127,117,10,10
24382,99,93,6,6
24383,101,107,-6,6
24384,155,141,14,14
24385,184,163,21,21
24386,98,102,-4,4
24387,95,99,-4,4
24388,108,138,-30,30
24389,103,112,-9,9
24390,147,145,2,2
24391,100,97,3,3
24392,76,104,-28,28
24393,308,261,47,47
24394,71,78,-7,7
24395,80,88,-8,8
24396,88,88,0,0
24397,92,108,-16,16
24398,105,111,-6,6
24399,63,76,-13,13
24400,89,92,-3,3
24401,77,92,-15,15
24402,94,97,-3,3
24403,72,92,-20,20
24404,65,70,-5,5
24405,132,133,-1,1
24406,90,92,-2,2
24407,83,88,-5,5
24408,35,78,-43,43
24409,163,158,5,5
24410,73,79,-6,6
24411,117,120,-3,3
24412,87,90,-3,3
24413,70,83,-13,13
24414,189,176,13,13
24415,81,84,-3,3
24416,59,80,-21,21
24417,110,122,-12,12
24418,103,114,-11,11
24419,89,97,-8,8
24420,90,88,2,2
24421,475,349,126,126
24422,66,66,0,0
24423,97,106,-9,9
24424,89,86,3,3
24425,106,107,-1,1
24426,81,86,-5,5
24427,143,143,0,0
24428,113,114,-1,1
24429,83,94,-11,11
24430,276,267,9,9
24431,88,90,-2,2
24432,91,100,-9,9
24433,179,163,16,16
24434,175,138,37,37
24435,86,91,-5,5
24436,60,68,-8,8
24437,86,91,-5,5
24438,104,106,-2,2
24439,144,142,2,2
24440,93,94,-1,1
24441,98,103,-5,5
24442,59,74,-15,15
24443,112,149,-37,37
24444,98,116,-18,18
24445,60,68,-8,8
24446,72,74,-2,2
24447,42,56,-14,14
24448,57,63,-6,6
24449,138,131,7,7
24450,99,100,-1,1
24451,134,138,-4,4
24452,96,87,9,9
24453,101,103,-2,2
24454,88,101,-13,13
24455,79,90,-11,11
24456,61,64,-3,3
24457,77,72,5,5
24458,119,115,4,4
24459,124,118,6,6
24460,77,89,-12,12
24461,81,89,-8,8
24462,70,76,-6,6
24463,120,133,-13,13
24464,90,104,-14,14
24465,88,98,-10,10
24466,49,55,-6,6
24467,70,77,-7,7
24468,90,94,-4,4
24469,70,75,-5,5
24470,119,113,6,6
24471,99,107,-8,8
24472,79,88,-9,9
24473,112,115,-3,3
24474,63,75,-12,12
24475,40,56,-16,16
24476,145,140,5,5
24477,82,84,-2,2
24478,87,92,-5,5
24479,75,75,0,0
24480,71,77,-6,6
24481,84,86,-2,2
24482,85,84,1,1
24483,101,100,1,1
24484,111,104,7,7
24485,90,97,-7,7
24486,63,71,-8,8
24487,174,179,-5,5
24488,106,109,-3,3
24489,64,79,-15,15
24490,33,46,-13,13
24491,100,113,-13,13
24492,185,163,22,22
24493,68,75,-7,7
24494,29,42,-13,13
24495,45,58,-13,13
24496,58,68,-10,10
24497,120,117,3,3
24498,124,117,7,7
24499,70,74,-4,4
24500,104,114,-10,10
24501,101,99,2,2
24502,92,98,-6,6
24503,81,83,-2,2
24504,59,65,-6,6
24505,84,89,-5,5
24506,67,78,-11,11
24507,105,101,4,4
24508,81,86,-5,5
24509,56,66,-10,10
24510,115,120,-5,5
24511,117,116,1,1
24512,95,93,2,2
24513,134,126,8,8
24514,89,97,-8,8
24515,136,140,-4,4
24516,100,104,-4,4
24517,95,111,-16,16
24518,73,82,-9,9
24519,58,74,-16,16
24520,157,147,10,10
24521,77,84,-7,7
24522,54,53,1,1
24523,90,104,-14,14
24524,85,95,-10,10
24525,71,80,-9,9
24526,73,79,-6,6
24527,87,89,-2,2
24528,57,69,-12,12
24529,64,71,-7,7
24530,72,76,-4,4
24531,184,160,24,24
24532,152,128,24,24
24533,88,96,-8,8
24534,90,92,-2,2
24535,96,108,-12,12
24536,117,114,3,3
24537,65,67,-2,2
24538,101,99,2,2
24539,130,139,-9,9
24540,189,172,17,17
24541,80,90,-10,10
24542,72,80,-8,8
24543,99,107,-8,8
24544,131,131,0,0
24545,120,130,-10,10
24546,64,74,-10,10
24547,59,57,2,2
24548,69,81,-12,12
24549,44,61,-17,17
24550,85,98,-13,13
24551,51,74,-23,23
24552,70,81,-11,11
24553,61,76,-15,15
24554,110,125,-15,15
24555,69,82,-13,13
24556,56,65,-9,9
24557,125,142,-17,17
24558,91,91,0,0
24559,53,70,-17,17
24560,91,97,-6,6
24561,42,57,-15,15
24562,85,91,-6,6
24563,33,46,-13,13
24564,94,88,6,6
24565,143,141,2,2
24566,72,72,0,0
24567,85,91,-6,6
24568,132,140,-8,8
24569,103,101,2,2
24570,131,115,16,16
24571,72,79,-7,7
24572,109,118,-9,9
24573,104,107,-3,3
24574,128,122,6,6
24575,147,141,6,6
24576,90,94,-4,4
24577,44,58,-14,14
24578,84,89,-5,5
24579,129,135,-6,6
24580,76,96,-20,20
24581,82,97,-15,15
24582,155,138,17,17
24583,141,130,11,11
24584,110,125,-15,15
24585,117,127,-10,10
24586,112,116,-4,4
24587,109,119,-10,10
24588,63,61,2,2
24589,68,75,-7,7
24590,140,136,4,4
24591,42,58,-16,16
24592,97,111,-14,14
24593,73,76,-3,3
24594,49,54,-5,5
24595,163,142,21,21
24596,116,122,-6,6
24597,98,116,-18,18
24598,97,102,-5,5
24599,76,85,-9,9
24600,84,89,-5,5
24601,52,55,-3,3
24602,134,132,2,2
24603,62,64,-2,2
24604,123,130,-7,7
24605,55,62,-7,7
24606,80,90,-10,10
24607,77,83,-6,6
24608,121,136,-15,15
24609,45,60,-15,15
24610,66,77,-11,11
24611,59,60,-1,1
24612,45,60,-15,15
24613,63,69,-6,6
24614,65,83,-18,18
24615,95,99,-4,4
24616,84,86,-2,2
24617,110,129,-19,19
24618,83,89,-6,6
24619,133,114,19,19
24620,111,112,-1,1
24621,69,79,-10,10
24622,43,50,-7,7
24623,97,108,-11,11
24624,78,96,-18,18
24625,75,82,-7,7
24626,130,121,9,9
24627,73,81,-8,8
24628,156,152,4,4
24629,110,99,11,11
24630,132,136,-4,4
24631,108,114,-6,6
24632,97,103,-6,6
24633,139,139,0,0
24634,88,91,-3,3
24635,136,128,8,8
24636,115,110,5,5
24637,141,132,9,9
24638,125,126,-1,1
24639,114,115,-1,1
24640,127,124,3,3
24641,87,94,-7,7
24642,126,127,-1,1
24643,83,99,-16,16
24644,68,70,-2,2
24645,100,102,-2,2
24646,67,79,-12,12
24647,79,77,2,2
24648,123,120,3,3
24649,49,57,-8,8
24650,73,98,-25,25
24651,105,104,1,1
24652,86,90,-4,4
24653,78,95,-17,17
24654,97,96,1,1
24655,95,106,-11,11
24656,46,64,-18,18
24657,105,119,-14,14
24658,157,148,9,9
24659,97,113,-16,16
24660,130,125,5,5
24661,114,130,-16,16
24662,56,69,-13,13
24663,37,52,-15,15
24664,133,135,-2,2
24665,80,102,-22,22
24666,56,65,-9,9
24667,64,70,-6,6
24668,78,85,-7,7
24669,96,95,1,1
24670,90,92,-2,2
24671,126,120,6,6
24672,85,91,-6,6
24673,60,62,-2,2
24674,92,92,0,0
24675,105,110,-5,5
24676,92,97,-5,5
24677,85,89,-4,4
24678,187,165,22,22
24679,108,123,-15,15
24680,64,70,-6,6
24681,99,100,-1,1
24682,92,95,-3,3
24683,111,113,-2,2
24684,83,81,2,2
24685,92,90,2,2
24686,68,68,0,0
24687,158,142,16,16
24688,54,61,-7,7
24689,86,83,3,3
24690,94,99,-5,5
24691,102,106,-4,4
24692,55,63,-8,8
24693,52,69,-17,17
24694,69,85,-16,16
24695,97,100,-3,3
24696,59,72,-13,13
24697,86,91,-5,5
24698,104,113,-9,9
24699,119,131,-12,12
24700,124,111,13,13
24701,99,102,-3,3
24702,94,97,-3,3
24703,129,137,-8,8
24704,134,120,14,14
24705,58,72,-14,14
24706,131,123,8,8
24707,100,97,3,3
24708,97,93,4,4
24709,75,75,0,0
24710,133,135,-2,2
24711,87,87,0,0
24712,76,84,-8,8
24713,55,64,-9,9
24714,167,166,1,1
24715,108,119,-11,11
24716,64,71,-7,7
24717,56,73,-17,17
24718,49,79,-30,30
24719,55,59,-4,4
24720,80,104,-24,24
24721,55,65,-10,10
24722,169,161,8,8
24723,156,152,4,4
24724,102,102,0,0
24725,94,96,-2,2
24726,92,96,-4,4
24727,116,131,-15,15
24728,120,125,-5,5
24729,107,112,-5,5
24730,113,115,-2,2
24731,75,84,-9,9
24732,67,68,-1,1
24733,98,96,2,2
24734,193,177,16,16
24735,165,166,-1,1
24736,92,88,4,4
24737,53,60,-7,7
24738,82,102,-20,20
24739,113,124,-11,11
24740,89,101,-12,12
24741,93,90,3,3
24742,94,96,-2,2
24743,87,87,0,0
24744,145,135,10,10
24745,142,137,5,5
24746,115,114,1,1
24747,82,93,-11,11
24748,87,95,-8,8
24749,74,76,-2,2
24750,61,78,-17,17
24751,125,121,4,4
24752,74,79,-5,5
24753,129,125,4,4
24754,88,87,1,1
24755,93,102,-9,9
24756,83,88,-5,5
24757,123,118,5,5
24758,103,104,-1,1
24759,136,138,-2,2
24760,88,93,-5,5
24761,94,94,0,0
24762,71,84,-13,13
24763,80,91,-11,11
24764,73,81,-8,8
24765,90,88,2,2
24766,81,90,-9,9
24767,85,99,-14,14
24768,48,62,-14,14
24769,122,135,-13,13
24770,120,122,-2,2
24771,100,109,-9,9
24772,123,117,6,6
24773,154,140,14,14
24774,49,67,-18,18
24775,110,99,11,11
24776,90,100,-10,10
24777,103,102,1,1
24778,69,83,-14,14
24779,113,110,3,3
24780,102,106,-4,4
24781,80,113,-33,33
24782,45,56,-11,11
24783,154,148,6,6
24784,116,111,5,5
24785,125,122,3,3
24786,182,161,21,21
24787,68,71,-3,3
24788,82,77,5,5
24789,78,86,-8,8
24790,60,79,-19,19
24791,119,113,6,6
24792,76,82,-6,6
24793,102,108,-6,6
24794,94,114,-20,20
24795,76,88,-12,12
24796,52,60,-8,8
24797,82,80,2,2
24798,117,122,-5,5
24799,110,109,1,1
24800,165,150,15,15
24801,79,78,1,1
24802,132,127,5,5
24803,118,113,5,5
24804,95,95,0,0
24805,74,83,-9,9
24806,52,77,-25,25
24807,104,112,-8,8
24808,103,130,-27,27
24809,119,120,-1,1
24810,99,101,-2,2
24811,141,134,7,7
24812,62,67,-5,5
24813,95,100,-5,5
24814,115,114,1,1
24815,97,110,-13,13
24816,46,65,-19,19
24817,122,131,-9,9
24818,121,124,-3,3
24819,102,111,-9,9
24820,148,141,7,7
24821,71,75,-4,4
24822,114,120,-6,6
24823,126,124,2,2
24824,84,88,-4,4
24825,83,86,-3,3
24826,101,91,10,10
24827,98,100,-2,2
24828,121,115,6,6
24829,84,98,-14,14
24830,56,72,-16,16
24831,90,82,8,8
24832,85,87,-2,2
24833,87,89,-2,2
24834,113,120,-7,7
24835,140,140,0,0
24836,116,119,-3,3
24837,120,130,-10,10
24838,82,83,-1,1
24839,150,142,8,8
24840,89,91,-2,2
24841,72,78,-6,6
24842,106,111,-5,5
24843,66,78,-12,12
24844,67,73,-6,6
24845,78,80,-2,2
24846,118,114,4,4
24847,83,103,-20,20
24848,133,141,-8,8
24849,127,128,-1,1
24850,178,166,12,12
24851,70,75,-5,5
24852,50,60,-10,10
24853,121,119,2,2
24854,127,125,2,2
24855,62,62,0,0
24856,74,79,-5,5
24857,79,84,-5,5
24858,95,96,-1,1
24859,103,112,-9,9
24860,113,105,8,8
24861,58,80,-22,22
24862,162,130,32,32
24863,43,52,-9,9
24864,73,75,-2,2
24865,60,68,-8,8
24866,134,129,5,5
24867,66,75,-9,9
24868,42,64,-22,22
24869,89,89,0,0
24870,82,76,6,6
24871,133,133,0,0
24872,28,43,-15,15
24873,120,114,6,6
24874,60,67,-7,7
24875,59,73,-14,14
24876,54,63,-9,9
24877,81,91,-10,10
24878,102,104,-2,2
24879,47,60,-13,13
24880,90,85,5,5
24881,123,116,7,7
24882,83,87,-4,4
24883,92,113,-21,21
24884,105,106,-1,1
24885,108,97,11,11
24886,114,127,-13,13
24887,57,66,-9,9
24888,67,73,-6,6
24889,85,99,-14,14
24890,68,77,-9,9
24891,55,62,-7,7
24892,93,94,-1,1
24893,61,71,-10,10
24894,61,66,-5,5
24895,87,91,-4,4
24896,85,91,-6,6
24897,88,96,-8,8
24898,57,63,-6,6
24899,65,73,-8,8
24900,58,68,-10,10
24901,118,120,-2,2
24902,94,103,-9,9
24903,164,162,2,2
24904,74,82,-8,8
24905,106,154,-48,48
24906,97,115,-18,18
24907,117,121,-4,4
24908,123,126,-3,3
24909,72,87,-15,15
24910,73,77,-4,4
24911,105,149,-44,44
24912,53,67,-14,14
24913,63,72,-9,9
24914,85,90,-5,5
24915,136,144,-8,8
24916,113,106,7,7
24917,92,108,-16,16
24918,97,106,-9,9
24919,95,111,-16,16
24920,106,108,-2,2
24921,167,161,6,6
24922,121,134,-13,13
24923,42,52,-10,10
24924,80,91,-11,11
24925,48,70,-22,22
24926,116,117,-1,1
24927,117,120,-3,3
24928,67,71,-4,4
24929,69,76,-7,7
24930,114,109,5,5
24931,134,125,9,9
24932,91,89,2,2
24933,88,88,0,0
24934,130,130,0,0
24935,187,183,4,4
24936,99,109,-10,10
24937,95,106,-11,11
24938,151,148,3,3
24939,97,103,-6,6
24940,66,72,-6,6
24941,39,46,-7,7
24942,114,119,-5,5
24943,124,121,3,3
24944,109,115,-6,6
24945,92,113,-21,21
24946,50,61,-11,11
24947,139,136,3,3
24948,116,121,-5,5
24949,79,83,-4,4
24950,69,90,-21,21
24951,95,106,-11,11
24952,112,117,-5,5
24953,57,75,-18,18
24954,57,68,-11,11
24955,112,124,-12,12
24956,77,85,-8,8
24957,79,91,-12,12
24958,115,115,0,0
24959,52,68,-16,16
24960,121,110,11,11
24961,93,100,-7,7
24962,51,55,-4,4
24963,71,80,-9,9
24964,126,129,-3,3
24965,149,140,9,9
24966,91,113,-22,22
24967,142,147,-5,5
24968,55,71,-16,16
24969,110,111,-1,1
24970,197,198,-1,1
24971,85,87,-2,2
24972,115,115,0,0
24973,111,107,4,4
24974,136,125,11,11
24975,57,66,-9,9
24976,100,95,5,5
24977,121,115,6,6
24978,105,103,2,2
24979,145,151,-6,6
24980,93,96,-3,3
24981,104,111,-7,7
24982,104,101,3,3
24983,89,92,-3,3
24984,82,86,-4,4
24985,137,127,10,10
24986,112,105,7,7
24987,99,95,4,4
24988,94,99,-5,5
24989,140,134,6,6
24990,75,87,-12,12
24991,114,126,-12,12
24992,71,78,-7,7
24993,155,140,15,15
24994,71,77,-6,6
24995,61,69,-8,8
24996,84,102,-18,18
24997,75,81,-6,6
24998,128,145,-17,17
24999,247,245,2,2
25000,101,109,-8,8
25001,113,106,7,7
25002,116,119,-3,3
25003,112,114,-2,2
25004,83,90,-7,7
25005,52,65,-13,13
25006,73,70,3,3
25007,43,62,-19,19
25008,96,108,-12,12
25009,49,68,-19,19
25010,57,72,-15,15
25011,104,130,-26,26
25012,86,93,-7,7
25013,66,76,-10,10
25014,69,85,-16,16
25015,92,101,-9,9
25016,120,124,-4,4
25017,124,130,-6,6
25018,109,107,2,2
25019,90,107,-17,17
25020,88,91,-3,3
25021,60,67,-7,7
25022,100,106,-6,6
25023,171,200,-29,29
25024,55,66,-11,11
25025,143,142,1,1
25026,104,103,1,1
25027,120,125,-5,5
25028,132,130,2,2
25029,142,145,-3,3
25030,68,74,-6,6
25031,74,77,-3,3
25032,107,111,-4,4
25033,82,86,-4,4
25034,48,57,-9,9
25035,83,84,-1,1
25036,66,72,-6,6
25037,90,95,-5,5
25038,114,122,-8,8
25039,123,112,11,11
25040,140,128,12,12
25041,71,73,-2,2
25042,112,110,2,2
25043,175,179,-4,4
25044,148,136,12,12
25045,87,90,-3,3
25046,156,155,1,1
25047,44,53,-9,9
25048,105,107,-2,2
25049,120,128,-8,8
25050,65,72,-7,7
25051,120,125,-5,5
25052,69,76,-7,7
25053,91,104,-13,13
25054,135,119,16,16
25055,133,135,-2,2
25056,81,90,-9,9
25057,74,73,1,1
25058,144,149,-5,5
25059,146,147,-1,1
25060,95,90,5,5
25061,223,193,30,30
25062,126,110,16,16
25063,49,58,-9,9
25064,102,107,-5,5
25065,116,114,2,2
25066,60,68,-8,8
25067,154,150,4,4
25068,134,113,21,21
25069,100,104,-4,4
25070,76,76,0,0
25071,74,78,-4,4
25072,77,76,1,1
25073,88,94,-6,6
25074,76,89,-13,13
25075,81,86,-5,5
25076,165,157,8,8
25077,108,107,1,1
25078,53,26,27,27
25079,59,71,-12,12
25080,85,108,-23,23
25081,98,99,-1,1
25082,58,66,-8,8
25083,105,109,-4,4
25084,148,145,3,3
25085,159,141,18,18
25086,163,165,-2,2
25087,102,102,0,0
25088,71,89,-18,18
25089,156,153,3,3
25090,97,99,-2,2
25091,97,94,3,3
25092,72,78,-6,6
25093,83,115,-32,32
25094,81,74,7,7
25095,103,104,-1,1
25096,95,99,-4,4
25097,82,100,-18,18
25098,121,121,0,0
25099,78,89,-11,11
25100,98,98,0,0
25101,145,147,-2,2
25102,122,124,-2,2
25103,123,118,5,5
25104,76,83,-7,7
25105,195,178,17,17
25106,48,51,-3,3
25107,59,78,-19,19
25108,73,80,-7,7
25109,73,83,-10,10
25110,63,65,-2,2
25111,178,157,21,21
25112,69,75,-6,6
25113,96,99,-3,3
25114,67,73,-6,6
25115,46,53,-7,7
25116,88,93,-5,5
25117,47,62,-15,15
25118,45,58,-13,13
25119,47,54,-7,7
25120,123,121,2,2
25121,124,123,1,1
25122,167,160,7,7
25123,136,129,7,7
25124,72,82,-10,10
25125,109,115,-6,6
25126,74,81,-7,7
25127,80,83,-3,3
25128,126,125,1,1
25129,119,116,3,3
25130,60,69,-9,9
25131,98,105,-7,7
25132,128,118,10,10
25133,96,94,2,2
25134,109,108,1,1
25135,135,131,4,4
25136,86,85,1,1
25137,125,126,-1,1
25138,71,84,-13,13
25139,137,134,3,3
25140,86,95,-9,9
25141,150,158,-8,8
25142,83,97,-14,14
25143,57,64,-7,7
25144,87,93,-6,6
25145,58,78,-20,20
25146,74,88,-14,14
25147,168,147,21,21
25148,145,135,10,10
25149,65,72,-7,7
25150,76,85,-9,9
25151,114,115,-1,1
25152,151,155,-4,4
25153,146,161,-15,15
25154,65,75,-10,10
25155,77,97,-20,20
25156,165,150,15,15
25157,89,113,-24,24
25158,107,107,0,0
25159,96,118,-22,22
25160,115,121,-6,6
25161,74,75,-1,1
25162,160,155,5,5
25163,82,91,-9,9
25164,80,81,-1,1
25165,94,104,-10,10
25166,97,102,-5,5
25167,48,75,-27,27
25168,79,75,4,4
25169,16,39,-23,23
25170,100,104,-4,4
25171,51,77,-26,26
25172,86,90,-4,4
25173,108,114,-6,6
25174,46,51,-5,5
25175,55,65,-10,10
25176,112,127,-15,15
25177,84,88,-4,4
25178,100,106,-6,6
25179,150,141,9,9
25180,138,139,-1,1
25181,92,94,-2,2
25182,66,74,-8,8
25183,103,105,-2,2
25184,96,100,-4,4
25185,148,153,-5,5
25186,81,87,-6,6
25187,45,74,-29,29
25188,126,126,0,0
25189,168,163,5,5
25190,76,85,-9,9
25191,134,142,-8,8
25192,83,88,-5,5
25193,118,116,2,2
25194,117,111,6,6
25195,100,113,-13,13
25196,96,106,-10,10
25197,122,118,4,4
25198,76,88,-12,12
25199,96,114,-18,18
25200,103,102,1,1
25201,70,80,-10,10
25202,209,184,25,25
25203,75,83,-8,8
25204,54,78,-24,24
25205,111,117,-6,6
25206,70,72,-2,2
25207,100,105,-5,5
25208,108,102,6,6
25209,56,70,-14,14
25210,172,181,-9,9
25211,67,74,-7,7
25212,118,108,10,10
25213,47,61,-14,14
25214,69,77,-8,8
25215,85,96,-11,11
25216,63,67,-4,4
25217,267,210,57,57
25218,101,103,-2,2
25219,126,119,7,7
25220,99,106,-7,7
25221,124,135,-11,11
25222,145,133,12,12
25223,83,84,-1,1
25224,96,93,3,3
25225,149,174,-25,25
25226,65,72,-7,7
25227,83,83,0,0
25228,51,59,-8,8
25229,73,92,-19,19
25230,164,159,5,5
25231,76,85,-9,9
25232,86,88,-2,2
25233,128,123,5,5
25234,126,114,12,12
25235,75,81,-6,6
25236,85,92,-7,7
25237,59,63,-4,4
25238,80,81,-1,1
25239,115,112,3,3
25240,96,99,-3,3
25241,57,69,-12,12
25242,78,79,-1,1
25243,92,88,4,4
25244,114,117,-3,3
25245,97,93,4,4
25246,67,77,-10,10
25247,68,98,-30,30
25248,88,92,-4,4
25249,58,69,-11,11
25250,86,98,-12,12
25251,81,89,-8,8
25252,80,88,-8,8
25253,107,116,-9,9
25254,65,73,-8,8
25255,77,79,-2,2
25256,30,45,-15,15
25257,81,87,-6,6
25258,91,105,-14,14
25259,62,77,-15,15
25260,78,91,-13,13
25261,103,102,1,1
25262,113,111,2,2
25263,121,120,1,1
25264,75,78,-3,3
25265,113,117,-4,4
25266,52,65,-13,13
25267,93,104,-11,11
25268,51,68,-17,17
25269,128,121,7,7
25270,86,81,5,5
25271,107,114,-7,7
25272,105,109,-4,4
25273,195,185,10,10
25274,64,66,-2,2
25275,56,75,-19,19
25276,38,86,-48,48
25277,111,134,-23,23
25278,72,81,-9,9
25279,103,107,-4,4
25280,93,96,-3,3
25281,90,102,-12,12
25282,64,79,-15,15
25283,142,133,9,9
25284,96,92,4,4
25285,85,92,-7,7
25286,99,104,-5,5
25287,52,61,-9,9
25288,117,139,-22,22
25289,76,84,-8,8
25290,80,99,-19,19
25291,99,95,4,4
25292,103,100,3,3
25293,60,76,-16,16
25294,96,103,-7,7
25295,112,118,-6,6
25296,77,77,0,0
25297,126,120,6,6
25298,125,127,-2,2
25299,132,137,-5,5
25300,79,91,-12,12
25301,106,109,-3,3
25302,35,53,-18,18
25303,85,82,3,3
25304,63,67,-4,4
25305,65,79,-14,14
25306,23,63,-40,40
25307,73,81,-8,8
25308,103,112,-9,9
25309,79,84,-5,5
25310,81,92,-11,11
25311,54,60,-6,6
25312,77,84,-7,7
25313,90,93,-3,3
25314,92,99,-7,7
25315,54,66,-12,12
25316,101,107,-6,6
25317,102,97,5,5
25318,77,89,-12,12
25319,113,128,-15,15
25320,166,157,9,9
25321,74,83,-9,9
25322,116,121,-5,5
25323,127,136,-9,9
25324,89,92,-3,3
25325,101,106,-5,5
25326,103,111,-8,8
25327,127,126,1,1
25328,83,85,-2,2
25329,123,129,-6,6
25330,118,124,-6,6
25331,160,157,3,3
25332,79,87,-8,8
25333,76,75,1,1
25334,51,57,-6,6
25335,110,120,-10,10
25336,112,132,-20,20
25337,73,75,-2,2
25338,90,90,0,0
25339,87,94,-7,7
25340,97,102,-5,5
25341,51,62,-11,11
25342,175,171,4,4
25343,51,64,-13,13
25344,96,100,-4,4
25345,96,88,8,8
25346,87,95,-8,8
25347,98,98,0,0
25348,195,176,19,19
25349,74,77,-3,3
25350,111,107,4,4
25351,62,67,-5,5
25352,62,77,-15,15
25353,50,61,-11,11
25354,77,82,-5,5
25355,68,69,-1,1
25356,72,83,-11,11
25357,82,83,-1,1
25358,69,77,-8,8
25359,133,137,-4,4
25360,57,67,-10,10
25361,87,103,-16,16
25362,86,87,-1,1
25363,53,90,-37,37
25364,111,144,-33,33
25365,85,97,-12,12
25366,68,78,-10,10
25367,82,95,-13,13
25368,125,115,10,10
25369,127,120,7,7
25370,46,90,-44,44
25371,125,134,-9,9
25372,133,125,8,8
25373,84,97,-13,13
25374,70,76,-6,6
25375,130,118,12,12
25376,86,93,-7,7
25377,161,155,6,6
25378,100,128,-28,28
25379,107,112,-5,5
25380,89,99,-10,10
25381,62,57,5,5
25382,75,82,-7,7
25383,82,89,-7,7
25384,104,115,-11,11
25385,83,99,-16,16
25386,109,106,3,3
25387,57,56,1,1
25388,125,131,-6,6
25389,87,83,4,4
25390,201,169,32,32
25391,75,82,-7,7
25392,80,87,-7,7
25393,143,161,-18,18
25394,120,121,-1,1
25395,146,145,1,1
25396,70,72,-2,2
25397,93,97,-4,4
25398,110,116,-6,6
25399,43,57,-14,14
25400,97,97,0,0
25401,70,69,1,1
25402,85,89,-4,4
25403,91,103,-12,12
25404,85,94,-9,9
25405,120,117,3,3
25406,70,79,-9,9
25407,61,75,-14,14
25408,67,75,-8,8
25409,156,150,6,6
25410,45,51,-6,6
25411,121,133,-12,12
25412,93,110,-17,17
25413,111,116,-5,5
25414,72,84,-12,12
25415,44,57,-13,13
25416,140,147,-7,7
25417,52,66,-14,14
25418,70,76,-6,6
25419,117,122,-5,5
25420,60,66,-6,6
25421,73,93,-20,20
25422,107,105,2,2
25423,90,97,-7,7
25424,59,73,-14,14
25425,102,105,-3,3
25426,73,80,-7,7
25427,86,94,-8,8
25428,58,68,-10,10
25429,66,73,-7,7
25430,62,105,-43,43
25431,130,128,2,2
25432,121,112,9,9
25433,114,111,3,3
25434,128,131,-3,3
25435,106,112,-6,6
25436,94,96,-2,2
25437,139,143,-4,4
25438,57,62,-5,5
25439,62,84,-22,22
25440,59,72,-13,13
25441,134,121,13,13
25442,88,92,-4,4
25443,67,76,-9,9
25444,91,100,-9,9
25445,79,79,0,0
25446,99,105,-6,6
25447,135,150,-15,15
25448,118,123,-5,5
25449,97,101,-4,4
25450,96,93,3,3
25451,81,87,-6,6
25452,93,101,-8,8
25453,108,112,-4,4
25454,69,74,-5,5
25455,106,117,-11,11
25456,80,91,-11,11
25457,108,111,-3,3
25458,95,93,2,2
25459,41,49,-8,8
25460,97,100,-3,3
25461,161,139,22,22
25462,96,100,-4,4
25463,86,99,-13,13
25464,123,119,4,4
25465,84,84,0,0
25466,81,92,-11,11
25467,99,103,-4,4
25468,108,105,3,3
25469,57,74,-17,17
25470,82,93,-11,11
25471,117,146,-29,29
25472,78,95,-17,17
25473,206,201,5,5
25474,70,76,-6,6
25475,66,77,-11,11
25476,132,121,11,11
25477,73,77,-4,4
25478,53,69,-16,16
25479,47,63,-16,16
25480,73,87,-14,14
25481,72,80,-8,8
25482,96,97,-1,1
25483,182,179,3,3
25484,80,85,-5,5
25485,98,97,1,1
25486,103,108,-5,5
25487,182,184,-2,2
25488,136,146,-10,10
25489,101,102,-1,1
25490,81,82,-1,1
25491,161,151,10,10
25492,83,97,-14,14
25493,57,76,-19,19
25494,119,110,9,9
25495,103,101,2,2
25496,143,133,10,10
25497,61,107,-46,46
25498,117,115,2,2
25499,113,117,-4,4
25500,94,101,-7,7
25501,70,79,-9,9
25502,116,125,-9,9
25503,102,96,6,6
25504,154,152,2,2
25505,91,90,1,1
25506,105,119,-14,14
25507,114,126,-12,12
25508,160,165,-5,5
25509,94,98,-4,4
25510,151,139,12,12
25511,170,161,9,9
25512,76,79,-3,3
25513,74,78,-4,4
25514,101,104,-3,3
25515,62,67,-5,5
25516,84,89,-5,5
25517,109,116,-7,7
25518,106,104,2,2
25519,119,112,7,7
25520,89,97,-8,8
25521,53,59,-6,6
25522,37,46,-9,9
25523,97,100,-3,3
25524,91,92,-1,1
25525,94,93,1,1
25526,111,103,8,8
25527,203,204,-1,1
25528,71,75,-4,4
25529,63,72,-9,9
25530,55,68,-13,13
25531,87,85,2,2
25532,125,141,-16,16
25533,101,110,-9,9
25534,98,92,6,6
25535,116,124,-8,8
25536,79,88,-9,9
25537,206,196,10,10
25538,102,108,-6,6
25539,153,149,4,4
25540,86,98,-12,12
25541,60,70,-10,10
25542,95,111,-16,16
25543,156,149,7,7
25544,90,90,0,0
25545,131,126,5,5
25546,107,105,2,2
25547,56,68,-12,12
25548,96,101,-5,5
25549,67,83,-16,16
25550,66,75,-9,9
25551,116,119,-3,3
25552,97,107,-10,10
25553,132,132,0,0
25554,87,96,-9,9
25555,94,103,-9,9
25556,50,61,-11,11
25557,104,98,6,6
25558,179,186,-7,7
25559,121,108,13,13
25560,54,66,-12,12
25561,86,84,2,2
25562,29,39,-10,10
25563,109,111,-2,2
25564,81,95,-14,14
25565,75,90,-15,15
25566,179,165,14,14
25567,59,62,-3,3
25568,122,117,5,5
25569,209,195,14,14
25570,53,65,-12,12
25571,79,78,1,1
25572,97,98,-1,1
25573,99,107,-8,8
25574,50,60,-10,10
25575,81,92,-11,11
25576,77,80,-3,3
25577,179,169,10,10
25578,100,110,-10,10
25579,57,72,-15,15
25580,88,97,-9,9
25581,47,58,-11,11
25582,92,99,-7,7
25583,94,91,3,3
25584,49,76,-27,27
25585,155,139,16,16
25586,93,104,-11,11
25587,160,146,14,14
25588,34,48,-14,14
25589,109,107,2,2
25590,112,114,-2,2
25591,65,69,-4,4
25592,76,77,-1,1
25593,82,95,-13,13
25594,97,88,9,9
25595,72,81,-9,9
25596,95,105,-10,10
25597,59,69,-10,10
25598,52,63,-11,11
25599,81,80,1,1
25600,87,88,-1,1
25601,129,126,3,3
25602,57,80,-23,23
25603,54,65,-11,11
25604,122,108,14,14
25605,90,95,-5,5
25606,136,131,5,5
25607,55,63,-8,8
25608,69,83,-14,14
25609,118,117,1,1
25610,103,107,-4,4
25611,70,76,-6,6
25612,43,55,-12,12
25613,66,77,-11,11
25614,140,144,-4,4
25615,89,101,-12,12
25616,147,128,19,19
25617,112,117,-5,5
25618,78,73,5,5
25619,40,52,-12,12
25620,55,67,-12,12
25621,77,83,-6,6
25622,80,98,-18,18
25623,71,80,-9,9
25624,82,88,-6,6
25625,82,92,-10,10
25626,93,110,-17,17
25627,68,76,-8,8
25628,96,94,2,2
25629,116,113,3,3
25630,53,72,-19,19
25631,87,86,1,1
25632,116,120,-4,4
25633,102,100,2,2
25634,89,89,0,0
25635,121,119,2,2
25636,92,95,-3,3
25637,29,62,-33,33
25638,98,93,5,5
25639,70,72,-2,2
25640,127,119,8,8
25641,208,197,11,11
25642,85,85,0,0
25643,84,96,-12,12
25644,92,102,-10,10
25645,118,132,-14,14
25646,66,77,-11,11
25647,79,88,-9,9
25648,167,152,15,15
25649,174,171,3,3
25650,92,95,-3,3
25651,90,104,-14,14
25652,103,102,1,1
25653,85,88,-3,3
25654,43,55,-12,12
25655,144,145,-1,1
25656,66,69,-3,3
25657,33,62,-29,29
25658,50,65,-15,15
25659,68,71,-3,3
25660,152,164,-12,12
25661,102,100,2,2
25662,45,53,-8,8
25663,67,71,-4,4
25664,59,69,-10,10
25665,92,106,-14,14
25666,138,137,1,1
25667,152,147,5,5
25668,79,81,-2,2
25669,122,128,-6,6
25670,122,120,2,2
25671,59,73,-14,14
25672,164,149,15,15
25673,93,149,-56,56
25674,86,98,-12,12
25675,133,127,6,6
25676,95,111,-16,16
25677,86,98,-12,12
25678,76,79,-3,3
25679,152,147,5,5
25680,99,97,2,2
25681,62,66,-4,4
25682,92,103,-11,11
25683,105,103,2,2
25684,95,94,1,1
25685,103,90,13,13
25686,64,75,-11,11
25687,113,129,-16,16
25688,139,143,-4,4
25689,116,113,3,3
25690,109,127,-18,18
25691,110,114,-4,4
25692,102,105,-3,3
25693,108,117,-9,9
25694,83,78,5,5
25695,151,148,3,3
25696,84,99,-15,15
25697,109,104,5,5
25698,136,132,4,4
25699,109,106,3,3
25700,136,118,18,18
25701,109,108,1,1
25702,68,77,-9,9
25703,76,80,-4,4
25704,81,88,-7,7
25705,102,104,-2,2
25706,139,141,-2,2
25707,86,94,-8,8
25708,105,104,1,1
25709,58,72,-14,14
25710,35,55,-20,20
25711,49,63,-14,14
25712,82,85,-3,3
25713,70,84,-14,14
25714,79,86,-7,7
25715,66,72,-6,6
25716,122,120,2,2
25717,77,80,-3,3
25718,120,116,4,4
25719,155,141,14,14
25720,123,129,-6,6
25721,74,90,-16,16
25722,88,90,-2,2
25723,143,142,1,1
25724,88,84,4,4
25725,57,69,-12,12
25726,130,127,3,3
25727,81,95,-14,14
25728,83,94,-11,11
25729,173,150,23,23
25730,66,77,-11,11
25731,91,99,-8,8
25732,70,74,-4,4
25733,73,70,3,3
25734,72,84,-12,12
25735,73,78,-5,5
25736,109,125,-16,16
25737,106,72,34,34
25738,72,77,-5,5
25739,80,91,-11,11
25740,188,172,16,16
25741,112,114,-2,2
25742,116,116,0,0
25743,115,111,4,4
25744,97,103,-6,6
25745,171,167,4,4
25746,96,109,-13,13
25747,97,96,1,1
25748,60,72,-12,12
25749,119,107,12,12
25750,144,141,3,3
25751,64,72,-8,8
25752,55,65,-10,10
25753,92,98,-6,6
25754,92,92,0,0
25755,133,141,-8,8
25756,62,71,-9,9
25757,143,139,4,4
25758,92,102,-10,10
25759,95,118,-23,23
25760,43,53,-10,10
25761,110,109,1,1
25762,94,89,5,5
25763,68,75,-7,7
25764,81,88,-7,7
25765,150,134,16,16
25766,129,130,-1,1
25767,133,125,8,8
25768,105,104,1,1
25769,66,87,-21,21
25770,91,98,-7,7
25771,90,85,5,5
25772,117,104,13,13
25773,140,138,2,2
25774,165,162,3,3
25775,95,101,-6,6
25776,85,83,2,2
25777,158,143,15,15
25778,138,147,-9,9
25779,96,103,-7,7
25780,122,126,-4,4
25781,65,68,-3,3
25782,63,72,-9,9
25783,111,116,-5,5
25784,80,104,-24,24
25785,79,85,-6,6
25786,100,95,5,5
25787,81,92,-11,11
25788,92,92,0,0
25789,75,96,-21,21
25790,82,90,-8,8
25791,79,94,-15,15
25792,57,73,-16,16
25793,148,126,22,22
25794,79,83,-4,4
25795,122,121,1,1
25796,82,89,-7,7
25797,61,71,-10,10
25798,38,52,-14,14
25799,94,108,-14,14
25800,101,91,10,10
25801,89,89,0,0
25802,68,71,-3,3
25803,47,63,-16,16
25804,90,92,-2,2
25805,60,67,-7,7
25806,114,112,2,2
25807,80,94,-14,14
25808,127,119,8,8
25809,102,112,-10,10
25810,69,71,-2,2
25811,53,72,-19,19
25812,59,73,-14,14
25813,95,103,-8,8
25814,64,71,-7,7
25815,144,152,-8,8
25816,71,68,3,3
25817,100,107,-7,7
25818,116,120,-4,4
25819,104,106,-2,2
25820,177,182,-5,5
25821,108,111,-3,3
25822,132,125,7,7
25823,118,112,6,6
25824,135,150,-15,15
25825,115,117,-2,2
25826,73,81,-8,8
25827,133,125,8,8
25828,95,98,-3,3
25829,80,85,-5,5
25830,48,80,-32,32
25831,158,152,6,6
25832,73,84,-11,11
25833,94,95,-1,1
25834,74,104,-30,30
25835,154,156,-2,2
25836,127,131,-4,4
25837,73,78,-5,5
25838,89,90,-1,1
25839,61,71,-10,10
25840,87,88,-1,1
25841,65,88,-23,23
25842,81,92,-11,11
25843,99,104,-5,5
25844,83,92,-9,9
25845,90,99,-9,9
25846,82,86,-4,4
25847,115,110,5,5
25848,137,143,-6,6
25849,78,83,-5,5
25850,94,91,3,3
25851,101,106,-5,5
25852,96,101,-5,5
25853,77,80,-3,3
25854,112,110,2,2
25855,138,142,-4,4
25856,98,99,-1,1
25857,91,101,-10,10
25858,143,136,7,7
25859,153,151,2,2
25860,40,56,-16,16
25861,69,76,-7,7
25862,67,75,-8,8
25863,43,58,-15,15
25864,104,109,-5,5
25865,117,113,4,4
25866,84,84,0,0
25867,84,97,-13,13
25868,74,76,-2,2
25869,75,78,-3,3
25870,147,154,-7,7
25871,94,104,-10,10
25872,92,94,-2,2
25873,71,80,-9,9
25874,84,86,-2,2
25875,78,103,-25,25
25876,83,85,-2,2
25877,84,97,-13,13
25878,42,61,-19,19
25879,149,150,-1,1
25880,95,104,-9,9
25881,132,125,7,7
25882,83,91,-8,8
25883,131,138,-7,7
25884,62,75,-13,13
25885,87,92,-5,5
25886,91,94,-3,3
25887,155,170,-15,15
25888,73,86,-13,13
25889,98,105,-7,7
25890,72,77,-5,5
25891,75,95,-20,20
25892,147,143,4,4
25893,54,69,-15,15
25894,128,123,5,5
25895,98,101,-3,3
25896,111,115,-4,4
25897,81,89,-8,8
25898,87,85,2,2
25899,28,69,-41,41
25900,123,122,1,1
25901,82,81,1,1
25902,82,82,0,0
25903,113,112,1,1
25904,121,135,-14,14
25905,124,124,0,0
25906,85,87,-2,2
25907,82,89,-7,7
25908,107,111,-4,4
25909,113,115,-2,2
25910,74,88,-14,14
25911,97,96,1,1
25912,56,70,-14,14
25913,89,90,-1,1
25914,132,128,4,4
25915,134,135,-1,1
25916,93,100,-7,7
25917,128,143,-15,15
25918,121,128,-7,7
25919,132,142,-10,10
25920,114,118,-4,4
25921,93,94,-1,1
25922,132,132,0,0
25923,139,124,15,15
25924,59,70,-11,11
25925,185,167,18,18
25926,47,59,-12,12
25927,68,73,-5,5
25928,122,131,-9,9
25929,130,135,-5,5
25930,98,103,-5,5
25931,42,52,-10,10
25932,125,126,-1,1
25933,56,68,-12,12
25934,129,129,0,0
25935,60,90,-30,30
25936,51,63,-12,12
25937,78,85,-7,7
25938,62,78,-16,16
25939,80,99,-19,19
25940,39,56,-17,17
25941,120,120,0,0
25942,100,98,2,2
25943,112,127,-15,15
25944,85,88,-3,3
25945,118,116,2,2
25946,124,136,-12,12
25947,56,66,-10,10
25948,97,104,-7,7
25949,83,98,-15,15
25950,91,99,-8,8
25951,68,75,-7,7
25952,108,117,-9,9
25953,87,93,-6,6
25954,57,68,-11,11
25955,70,71,-1,1
25956,87,94,-7,7
25957,111,110,1,1
25958,79,88,-9,9
25959,117,108,9,9
25960,95,104,-9,9
25961,139,136,3,3
25962,52,56,-4,4
25963,47,109,-62,62
25964,104,110,-6,6
25965,89,89,0,0
25966,86,97,-11,11
25967,90,90,0,0
25968,113,113,0,0
25969,89,95,-6,6
25970,94,103,-9,9
25971,134,132,2,2
25972,63,66,-3,3
25973,102,104,-2,2
25974,146,138,8,8
25975,140,142,-2,2
25976,73,81,-8,8
25977,127,124,3,3
25978,47,62,-15,15
25979,90,111,-21,21
25980,77,83,-6,6
25981,136,130,6,6
25982,121,125,-4,4
25983,82,82,0,0
25984,114,126,-12,12
25985,114,110,4,4
25986,80,81,-1,1
25987,82,84,-2,2
25988,79,85,-6,6
25989,107,116,-9,9
25990,113,103,10,10
25991,114,115,-1,1
25992,52,66,-14,14
25993,67,74,-7,7
25994,74,83,-9,9
25995,113,118,-5,5
25996,77,80,-3,3
25997,125,136,-11,11
25998,60,63,-3,3
25999,78,84,-6,6
26000,94,101,-7,7
26001,102,101,1,1
26002,115,111,4,4
26003,114,112,2,2
26004,115,123,-8,8
26005,109,111,-2,2
26006,107,118,-11,11
26007,80,83,-3,3
26008,111,111,0,0
26009,36,63,-27,27
26010,78,83,-5,5
26011,87,89,-2,2
26012,74,79,-5,5
26013,70,84,-14,14
26014,64,72,-8,8
26015,51,58,-7,7
26016,97,105,-8,8
26017,106,106,0,0
26018,150,150,0,0
26019,105,103,2,2
26020,80,89,-9,9
26021,81,87,-6,6
26022,78,86,-8,8
26023,103,112,-9,9
26024,68,77,-9,9
26025,69,76,-7,7
26026,100,120,-20,20
26027,100,91,9,9
26028,171,165,6,6
26029,102,102,0,0
26030,98,93,5,5
26031,81,91,-10,10
26032,86,85,1,1
26033,47,63,-16,16
26034,83,93,-10,10
26035,139,140,-1,1
26036,71,82,-11,11
26037,142,141,1,1
26038,65,70,-5,5
26039,68,74,-6,6
26040,63,72,-9,9
26041,105,101,4,4
26042,53,70,-17,17
26043,126,123,3,3
26044,137,142,-5,5
26045,64,70,-6,6
26046,126,140,-14,14
26047,117,113,4,4
26048,65,96,-31,31
26049,133,139,-6,6
26050,64,67,-3,3
26051,96,96,0,0
26052,92,97,-5,5
26053,99,108,-9,9
26054,148,151,-3,3
26055,54,65,-11,11
26056,99,88,11,11
26057,89,102,-13,13
26058,63,67,-4,4
26059,90,94,-4,4
26060,71,86,-15,15
26061,82,79,3,3
26062,89,92,-3,3
26063,58,66,-8,8
26064,88,99,-11,11
26065,91,100,-9,9
26066,29,42,-13,13
26067,63,73,-10,10
26068,73,80,-7,7
26069,68,67,1,1
26070,76,91,-15,15
26071,73,74,-1,1
26072,152,141,11,11
26073,113,106,7,7
26074,57,60,-3,3
26075,81,85,-4,4
26076,102,116,-14,14
26077,87,117,-30,30
26078,106,112,-6,6
26079,83,94,-11,11
26080,164,153,11,11
26081,122,109,13,13
26082,68,82,-14,14
26083,79,83,-4,4
26084,57,65,-8,8
26085,116,123,-7,7
26086,57,67,-10,10
26087,105,99,6,6
26088,95,93,2,2
26089,164,163,1,1
26090,159,166,-7,7
26091,92,90,2,2
26092,100,116,-16,16
26093,64,65,-1,1
26094,121,159,-38,38
26095,157,145,12,12
26096,116,118,-2,2
26097,46,58,-12,12
26098,106,107,-1,1
26099,67,83,-16,16
26100,83,93,-10,10
26101,66,72,-6,6
26102,105,115,-10,10
26103,166,168,-2,2
26104,109,98,11,11
26105,75,80,-5,5
26106,86,90,-4,4
26107,91,90,1,1
26108,76,78,-2,2
26109,149,158,-9,9
26110,102,99,3,3
26111,76,85,-9,9
26112,64,69,-5,5
26113,108,108,0,0
26114,99,100,-1,1
26115,104,110,-6,6
26116,136,144,-8,8
26117,72,94,-22,22
26118,92,87,5,5
26119,70,74,-4,4
26120,69,75,-6,6
26121,154,150,4,4
26122,129,128,1,1
26123,102,105,-3,3
26124,107,108,-1,1
26125,107,111,-4,4
26126,75,76,-1,1
26127,108,107,1,1
26128,96,95,1,1
26129,80,91,-11,11
26130,73,80,-7,7
26131,129,130,-1,1
26132,57,65,-8,8
26133,92,97,-5,5
26134,70,91,-21,21
26135,61,71,-10,10
26136,52,75,-23,23
26137,145,142,3,3
26138,74,84,-10,10
26139,75,84,-9,9
26140,134,137,-3,3
26141,105,114,-9,9
26142,108,99,9,9
26143,98,102,-4,4
26144,96,92,4,4
26145,135,138,-3,3
26146,103,107,-4,4
26147,84,90,-6,6
26148,132,128,4,4
26149,114,107,7,7
26150,87,87,0,0
26151,55,67,-12,12
26152,65,65,0,0
26153,48,61,-13,13
26154,64,71,-7,7
26155,113,102,11,11
26156,137,130,7,7
26157,124,127,-3,3
26158,47,62,-15,15
26159,103,102,1,1
26160,136,131,5,5
26161,80,83,-3,3
26162,65,101,-36,36
26163,117,111,6,6
26164,113,123,-10,10
26165,71,74,-3,3
26166,132,142,-10,10
26167,102,93,9,9
26168,191,182,9,9
26169,127,123,4,4
26170,102,109,-7,7
26171,104,100,4,4
26172,113,114,-1,1
26173,74,93,-19,19
26174,143,143,0,0
26175,73,73,0,0
26176,143,138,5,5
26177,120,118,2,2
26178,95,100,-5,5
26179,84,91,-7,7
26180,146,147,-1,1
26181,70,74,-4,4
26182,125,112,13,13
26183,79,84,-5,5
26184,77,88,-11,11
26185,69,75,-6,6
26186,100,101,-1,1
26187,190,174,16,16
26188,90,97,-7,7
26189,67,90,-23,23
26190,179,172,7,7
26191,68,86,-18,18
26192,79,99,-20,20
26193,149,135,14,14
26194,87,76,11,11
26195,58,86,-28,28
26196,176,186,-10,10
26197,67,72,-5,5
26198,76,85,-9,9
26199,127,125,2,2
26200,73,73,0,0
26201,68,79,-11,11
26202,70,75,-5,5
26203,101,100,1,1
26204,122,135,-13,13
26205,95,93,2,2
26206,90,94,-4,4
26207,85,97,-12,12
26208,138,135,3,3
26209,115,120,-5,5
26210,122,122,0,0
26211,59,65,-6,6
26212,51,59,-8,8
26213,106,104,2,2
26214,110,118,-8,8
26215,111,118,-7,7
26216,62,90,-28,28
26217,93,89,4,4
26218,46,54,-8,8
26219,107,115,-8,8
26220,144,131,13,13
26221,92,88,4,4
26222,92,97,-5,5
26223,95,112,-17,17
26224,154,149,5,5
26225,54,61,-7,7
26226,102,106,-4,4
26227,61,77,-16,16
26228,109,115,-6,6
26229,155,135,20,20
26230,83,79,4,4
26231,79,83,-4,4
26232,102,107,-5,5
26233,133,129,4,4
26234,134,139,-5,5
26235,81,84,-3,3
26236,151,148,3,3
26237,46,57,-11,11
26238,97,100,-3,3
26239,62,69,-7,7
26240,114,116,-2,2
26241,83,94,-11,11
26242,114,117,-3,3
26243,87,104,-17,17
26244,110,100,10,10
26245,232,229,3,3
26246,35,52,-17,17
26247,96,91,5,5
26248,87,99,-12,12
26249,52,63,-11,11
26250,89,90,-1,1
26251,84,82,2,2
26252,84,91,-7,7
26253,151,151,0,0
26254,51,61,-10,10
26255,112,107,5,5
26256,189,181,8,8
26257,68,72,-4,4
26258,77,79,-2,2
26259,62,71,-9,9
26260,112,117,-5,5
26261,95,97,-2,2
26262,81,92,-11,11
26263,108,101,7,7
26264,96,101,-5,5
26265,58,65,-7,7
26266,84,87,-3,3
26267,116,111,5,5
26268,97,108,-11,11
26269,92,100,-8,8
26270,101,115,-14,14
26271,56,59,-3,3
26272,74,86,-12,12
26273,115,112,3,3
26274,74,84,-10,10
26275,58,64,-6,6
26276,129,134,-5,5
26277,91,99,-8,8
26278,59,63,-4,4
26279,52,60,-8,8
26280,73,83,-10,10
26281,69,68,1,1
26282,119,105,14,14
26283,126,124,2,2
26284,114,99,15,15
26285,100,112,-12,12
26286,86,92,-6,6
26287,116,132,-16,16
26288,72,74,-2,2
26289,61,71,-10,10
26290,83,80,3,3
26291,94,102,-8,8
26292,90,101,-11,11
26293,93,105,-12,12
26294,31,44,-13,13
26295,163,160,3,3
26296,99,98,1,1
26297,46,62,-16,16
26298,55,62,-7,7
26299,75,83,-8,8
26300,72,79,-7,7
26301,107,99,8,8
26302,89,101,-12,12
26303,66,61,5,5
26304,67,79,-12,12
26305,145,145,0,0
26306,151,146,5,5
26307,153,135,18,18
26308,56,58,-2,2
26309,97,106,-9,9
26310,162,157,5,5
26311,90,96,-6,6
26312,106,105,1,1
26313,27,43,-16,16
26314,93,89,4,4
26315,105,105,0,0
26316,123,138,-15,15
26317,61,75,-14,14
26318,64,67,-3,3
26319,109,116,-7,7
26320,153,148,5,5
26321,81,85,-4,4
26322,167,156,11,11
26323,100,98,2,2
26324,40,61,-21,21
26325,84,97,-13,13
26326,126,128,-2,2
26327,69,81,-12,12
26328,54,54,0,0
26329,41,53,-12,12
26330,86,98,-12,12
26331,71,72,-1,1
26332,97,100,-3,3
26333,131,134,-3,3
26334,42,53,-11,11
26335,102,105,-3,3
26336,83,92,-9,9
26337,187,177,10,10
26338,180,175,5,5
26339,73,80,-7,7
26340,108,140,-32,32
26341,57,65,-8,8
26342,121,126,-5,5
26343,88,97,-9,9
26344,105,107,-2,2
26345,80,94,-14,14
26346,86,98,-12,12
26347,124,124,0,0
26348,117,113,4,4
26349,112,115,-3,3
26350,66,69,-3,3
26351,94,108,-14,14
26352,107,115,-8,8
26353,45,56,-11,11
26354,121,121,0,0
26355,82,85,-3,3
26356,69,79,-10,10
26357,160,147,13,13
26358,119,114,5,5
26359,58,64,-6,6
26360,100,103,-3,3
26361,72,79,-7,7
26362,67,73,-6,6
26363,66,76,-10,10
26364,119,118,1,1
26365,138,148,-10,10
26366,65,68,-3,3
26367,105,114,-9,9
26368,36,53,-17,17
26369,69,79,-10,10
26370,78,80,-2,2
26371,131,121,10,10
26372,109,119,-10,10
26373,75,77,-2,2
26374,63,65,-2,2
26375,53,68,-15,15
26376,105,113,-8,8
26377,64,76,-12,12
26378,70,81,-11,11
26379,26,46,-20,20
26380,181,165,16,16
26381,66,75,-9,9
26382,130,142,-12,12
26383,122,129,-7,7
26384,94,95,-1,1
26385,124,129,-5,5
26386,70,80,-10,10
26387,114,122,-8,8
26388,93,90,3,3
26389,106,115,-9,9
26390,96,102,-6,6
26391,90,103,-13,13
26392,118,123,-5,5
26393,63,95,-32,32
26394,79,90,-11,11
26395,43,62,-19,19
26396,112,122,-10,10
26397,45,58,-13,13
26398,114,126,-12,12
26399,107,104,3,3
26400,83,86,-3,3
26401,40,53,-13,13
26402,98,105,-7,7
26403,115,116,-1,1
26404,92,107,-15,15
26405,131,134,-3,3
26406,106,95,11,11
26407,99,98,1,1
26408,67,75,-8,8
26409,171,161,10,10
26410,128,111,17,17
26411,88,89,-1,1
26412,56,67,-11,11
26413,113,113,0,0
26414,62,61,1,1
26415,81,80,1,1
26416,83,92,-9,9
26417,113,108,5,5
26418,100,109,-9,9
26419,91,94,-3,3
26420,79,92,-13,13
26421,156,150,6,6
26422,113,114,-1,1
26423,67,88,-21,21
26424,129,128,1,1
26425,89,98,-9,9
26426,66,74,-8,8
26427,102,114,-12,12
26428,131,136,-5,5
26429,111,113,-2,2
26430,47,52,-5,5
26431,37,57,-20,20
26432,92,100,-8,8
26433,91,94,-3,3
26434,101,102,-1,1
26435,43,64,-21,21
26436,78,78,0,0
26437,102,108,-6,6
26438,92,95,-3,3
26439,96,111,-15,15
26440,109,112,-3,3
26441,98,109,-11,11
26442,131,121,10,10
26443,104,113,-9,9
26444,96,127,-31,31
26445,98,103,-5,5
26446,66,73,-7,7
26447,75,81,-6,6
26448,70,76,-6,6
26449,49,61,-12,12
26450,110,104,6,6
26451,128,116,12,12
26452,50,57,-7,7
26453,85,92,-7,7
26454,59,63,-4,4
26455,41,52,-11,11
26456,71,78,-7,7
26457,117,112,5,5
26458,91,95,-4,4
26459,64,71,-7,7
26460,118,125,-7,7
26461,43,56,-13,13
26462,134,138,-4,4
26463,101,98,3,3
26464,109,101,8,8
26465,114,118,-4,4
26466,118,126,-8,8
26467,70,83,-13,13
26468,102,104,-2,2
26469,157,160,-3,3
26470,308,269,39,39
26471,104,123,-19,19
26472,106,98,8,8
26473,74,79,-5,5
26474,148,140,8,8
26475,106,109,-3,3
26476,74,84,-10,10
26477,118,119,-1,1
26478,114,118,-4,4
26479,60,67,-7,7
26480,135,125,10,10
26481,60,67,-7,7
26482,62,73,-11,11
26483,120,128,-8,8
26484,150,163,-13,13
26485,112,108,4,4
26486,87,90,-3,3
26487,100,107,-7,7
26488,52,67,-15,15
26489,82,90,-8,8
26490,136,145,-9,9
26491,65,74,-9,9
26492,104,100,4,4
26493,134,133,1,1
26494,104,95,9,9
26495,119,124,-5,5
26496,119,114,5,5
26497,60,77,-17,17
26498,155,155,0,0
26499,129,134,-5,5
26500,46,60,-14,14
26501,58,70,-12,12
26502,73,71,2,2
26503,114,108,6,6
26504,85,96,-11,11
26505,77,81,-4,4
26506,89,89,0,0
26507,186,172,14,14
26508,74,79,-5,5
26509,80,76,4,4
26510,108,113,-5,5
26511,112,92,20,20
26512,38,52,-14,14
26513,61,62,-1,1
26514,109,105,4,4
26515,46,48,-2,2
26516,139,132,7,7
26517,85,96,-11,11
26518,97,94,3,3
26519,60,79,-19,19
26520,36,50,-14,14
26521,89,106,-17,17
26522,147,145,2,2
26523,94,91,3,3
26524,88,87,1,1
26525,120,115,5,5
26526,75,91,-16,16
26527,95,99,-4,4
26528,90,90,0,0
26529,46,59,-13,13
26530,49,61,-12,12
26531,145,137,8,8
26532,93,89,4,4
26533,48,54,-6,6
26534,93,99,-6,6
26535,76,74,2,2
26536,51,61,-10,10
26537,102,103,-1,1
26538,86,91,-5,5
26539,88,90,-2,2
26540,97,110,-13,13
26541,139,133,6,6
26542,163,156,7,7
26543,91,109,-18,18
26544,139,130,9,9
26545,56,74,-18,18
26546,56,77,-21,21
26547,84,88,-4,4
26548,85,93,-8,8
26549,55,67,-12,12
26550,82,86,-4,4
26551,90,92,-2,2
26552,102,98,4,4
26553,46,61,-15,15
26554,151,149,2,2
26555,90,91,-1,1
26556,78,114,-36,36
26557,70,72,-2,2
26558,126,122,4,4
26559,114,123,-9,9
26560,135,121,14,14
26561,209,191,18,18
26562,163,155,8,8
26563,62,67,-5,5
26564,79,98,-19,19
26565,90,92,-2,2
26566,126,122,4,4
26567,161,148,13,13
26568,119,117,2,2
26569,65,85,-20,20
26570,75,109,-34,34
26571,94,93,1,1
26572,57,64,-7,7
26573,60,68,-8,8
26574,62,67,-5,5
26575,61,71,-10,10
26576,174,165,9,9
26577,65,73,-8,8
26578,122,129,-7,7
26579,103,124,-21,21
26580,66,74,-8,8
26581,110,106,4,4
26582,59,71,-12,12
26583,120,117,3,3
26584,101,105,-4,4
26585,94,95,-1,1
26586,125,126,-1,1
26587,76,81,-5,5
26588,66,81,-15,15
26589,85,95,-10,10
26590,101,110,-9,9
26591,79,84,-5,5
26592,179,170,9,9
26593,73,86,-13,13
26594,97,109,-12,12
26595,40,66,-26,26
26596,75,77,-2,2
26597,157,153,4,4
26598,77,86,-9,9
26599,108,118,-10,10
26600,129,124,5,5
26601,100,104,-4,4
26602,76,95,-19,19
26603,40,52,-12,12
26604,72,80,-8,8
26605,81,83,-2,2
26606,122,117,5,5
26607,77,76,1,1
26608,162,157,5,5
26609,52,60,-8,8
26610,86,86,0,0
26611,61,65,-4,4
26612,139,132,7,7
26613,122,121,1,1
26614,129,135,-6,6
26615,64,72,-8,8
26616,53,63,-10,10
26617,163,157,6,6
26618,76,95,-19,19
26619,47,57,-10,10
26620,57,66,-9,9
26621,142,135,7,7
26622,89,85,4,4
26623,100,108,-8,8
26624,126,135,-9,9
26625,149,141,8,8
26626,102,99,3,3
26627,51,63,-12,12
26628,131,119,12,12
26629,113,117,-4,4
26630,128,122,6,6
26631,84,81,3,3
26632,88,89,-1,1
26633,96,100,-4,4
26634,131,117,14,14
26635,142,141,1,1
26636,139,138,1,1
26637,62,75,-13,13
26638,162,168,-6,6
26639,100,103,-3,3
26640,94,97,-3,3
26641,118,116,2,2
26642,140,129,11,11
26643,105,106,-1,1
26644,54,66,-12,12
26645,80,87,-7,7
26646,54,64,-10,10
26647,82,91,-9,9
26648,78,85,-7,7
26649,81,85,-4,4
26650,55,61,-6,6
26651,142,149,-7,7
26652,152,147,5,5
26653,121,120,1,1
26654,109,109,0,0
26655,80,93,-13,13
26656,73,80,-7,7
26657,154,121,33,33
26658,122,128,-6,6
26659,85,91,-6,6
26660,65,72,-7,7
26661,127,120,7,7
26662,44,55,-11,11
26663,90,102,-12,12
26664,115,119,-4,4
26665,124,123,1,1
26666,148,151,-3,3
26667,49,55,-6,6
26668,77,85,-8,8
26669,173,166,7,7
26670,68,84,-16,16
26671,149,152,-3,3
26672,73,81,-8,8
26673,54,62,-8,8
26674,90,89,1,1
26675,73,80,-7,7
26676,74,85,-11,11
26677,49,56,-7,7
26678,79,79,0,0
26679,117,124,-7,7
26680,57,75,-18,18
26681,123,114,9,9
26682,94,98,-4,4
26683,124,114,10,10
26684,74,84,-10,10
26685,63,71,-8,8
26686,116,113,3,3
26687,93,91,2,2
26688,115,124,-9,9
26689,64,72,-8,8
26690,117,125,-8,8
26691,74,83,-9,9
26692,49,58,-9,9
26693,72,73,-1,1
26694,86,92,-6,6
26695,52,59,-7,7
26696,87,91,-4,4
26697,152,151,1,1
26698,61,74,-13,13
26699,67,76,-9,9
26700,64,79,-15,15
26701,100,105,-5,5
26702,135,123,12,12
26703,120,123,-3,3
26704,124,116,8,8
26705,105,115,-10,10
26706,144,148,-4,4
26707,100,109,-9,9
26708,80,89,-9,9
26709,73,92,-19,19
26710,82,90,-8,8
26711,76,78,-2,2
26712,115,116,-1,1
26713,106,114,-8,8
26714,125,132,-7,7
26715,86,86,0,0
26716,94,97,-3,3
26717,80,92,-12,12
26718,145,132,13,13
26719,122,120,2,2
26720,122,125,-3,3
26721,115,112,3,3
26722,66,76,-10,10
26723,85,86,-1,1
26724,95,105,-10,10
26725,110,100,10,10
26726,49,71,-22,22
26727,80,98,-18,18
26728,101,102,-1,1
26729,77,81,-4,4
26730,89,102,-13,13
26731,130,120,10,10
26732,106,117,-11,11
26733,56,60,-4,4
26734,68,70,-2,2
26735,152,145,7,7
26736,113,117,-4,4
26737,98,103,-5,5
26738,125,121,4,4
26739,71,78,-7,7
26740,123,120,3,3
26741,97,86,11,11
26742,77,85,-8,8
26743,56,72,-16,16
26744,127,126,1,1
26745,49,66,-17,17
26746,115,112,3,3
26747,61,70,-9,9
26748,97,96,1,1
26749,101,106,-5,5
26750,77,88,-11,11
26751,117,128,-11,11
26752,90,103,-13,13
26753,120,116,4,4
26754,80,88,-8,8
26755,71,73,-2,2
26756,54,64,-10,10
26757,80,90,-10,10
26758,110,115,-5,5
26759,71,97,-26,26
26760,82,93,-11,11
26761,68,82,-14,14
26762,78,93,-15,15
26763,69,73,-4,4
26764,87,93,-6,6
26765,94,95,-1,1
26766,137,133,4,4
26767,57,66,-9,9
26768,56,61,-5,5
26769,57,77,-20,20
26770,62,66,-4,4
26771,63,76,-13,13
26772,165,160,5,5
26773,115,112,3,3
26774,133,133,0,0
26775,94,87,7,7
26776,107,114,-7,7
26777,106,104,2,2
26778,112,118,-6,6
26779,93,95,-2,2
26780,55,68,-13,13
26781,85,91,-6,6
26782,41,52,-11,11
26783,120,112,8,8
26784,99,105,-6,6
26785,83,80,3,3
26786,84,92,-8,8
26787,110,111,-1,1
26788,124,139,-15,15
26789,122,116,6,6
26790,38,53,-15,15
26791,120,112,8,8
26792,97,103,-6,6
26793,61,70,-9,9
26794,113,120,-7,7
26795,74,79,-5,5
26796,79,81,-2,2
26797,125,116,9,9
26798,81,85,-4,4
26799,125,121,4,4
26800,123,126,-3,3
26801,90,99,-9,9
26802,48,67,-19,19
26803,55,64,-9,9
26804,62,77,-15,15
26805,64,82,-18,18
26806,91,100,-9,9
26807,145,148,-3,3
26808,86,87,-1,1
26809,66,77,-11,11
26810,116,125,-9,9
26811,76,82,-6,6
26812,88,98,-10,10
26813,103,113,-10,10
26814,97,110,-13,13
26815,138,132,6,6
26816,75,85,-10,10
26817,92,91,1,1
26818,149,149,0,0
26819,60,68,-8,8
26820,108,116,-8,8
26821,30,46,-16,16
26822,89,91,-2,2
26823,49,62,-13,13
26824,97,96,1,1
26825,128,119,9,9
26826,96,100,-4,4
26827,96,100,-4,4
26828,63,68,-5,5
26829,76,81,-5,5
26830,106,111,-5,5
26831,79,93,-14,14
26832,127,120,7,7
26833,45,59,-14,14
26834,105,120,-15,15
26835,90,91,-1,1
26836,43,56,-13,13
26837,235,152,83,83
26838,50,64,-14,14
26839,111,105,6,6
26840,69,76,-7,7
26841,52,139,-87,87
26842,105,107,-2,2
26843,49,55,-6,6
26844,66,76,-10,10
26845,64,71,-7,7
26846,75,75,0,0
26847,70,82,-12,12
26848,96,95,1,1
26849,86,95,-9,9
26850,109,108,1,1
26851,357,314,43,43
26852,74,78,-4,4
26853,96,105,-9,9
26854,101,108,-7,7
26855,86,95,-9,9
26856,97,91,6,6
26857,47,53,-6,6
26858,76,94,-18,18
26859,139,133,6,6
26860,127,127,0,0
26861,119,118,1,1
26862,133,130,3,3
26863,190,189,1,1
26864,119,114,5,5
26865,96,101,-5,5
26866,31,45,-14,14
26867,94,111,-17,17
26868,112,123,-11,11
26869,104,105,-1,1
26870,162,149,13,13
26871,128,125,3,3
26872,142,146,-4,4
26873,107,89,18,18
26874,120,115,5,5
26875,57,68,-11,11
26876,157,150,7,7
26877,94,98,-4,4
26878,109,120,-11,11
26879,58,72,-14,14
26880,108,99,9,9
26881,88,89,-1,1
26882,123,137,-14,14
26883,85,89,-4,4
26884,136,142,-6,6
26885,72,83,-11,11
26886,77,79,-2,2
26887,59,65,-6,6
26888,154,143,11,11
26889,63,84,-21,21
26890,40,51,-11,11
26891,142,150,-8,8
26892,160,151,9,9
26893,68,67,1,1
26894,91,87,4,4
26895,77,89,-12,12
26896,135,135,0,0
26897,134,204,-70,70
26898,172,174,-2,2
26899,131,158,-27,27
26900,86,93,-7,7
26901,67,78,-11,11
26902,55,65,-10,10
26903,148,144,4,4
26904,66,78,-12,12
26905,120,111,9,9
26906,83,88,-5,5
26907,101,101,0,0
26908,83,81,2,2
26909,106,134,-28,28
26910,99,105,-6,6
26911,67,76,-9,9
26912,130,130,0,0
26913,79,88,-9,9
26914,43,58,-15,15
26915,146,139,7,7
26916,57,70,-13,13
26917,100,113,-13,13
26918,139,128,11,11
26919,114,106,8,8
26920,61,69,-8,8
26921,77,100,-23,23
26922,102,116,-14,14
26923,104,104,0,0
26924,145,156,-11,11
26925,81,93,-12,12
26926,87,97,-10,10
26927,135,142,-7,7
26928,117,122,-5,5
26929,82,85,-3,3
26930,118,119,-1,1
26931,106,117,-11,11
26932,123,124,-1,1
26933,109,114,-5,5
26934,66,72,-6,6
26935,86,90,-4,4
26936,104,113,-9,9
26937,61,82,-21,21
26938,59,89,-30,30
26939,68,77,-9,9
26940,68,78,-10,10
26941,63,73,-10,10
26942,85,86,-1,1
26943,135,141,-6,6
26944,117,125,-8,8
26945,134,128,6,6
26946,104,109,-5,5
26947,73,83,-10,10
26948,79,86,-7,7
26949,137,136,1,1
26950,106,100,6,6
26951,80,75,5,5
26952,175,164,11,11
26953,96,104,-8,8
26954,137,130,7,7
26955,119,122,-3,3
26956,118,116,2,2
26957,135,133,2,2
26958,127,110,17,17
26959,103,111,-8,8
26960,87,93,-6,6
26961,90,78,12,12
26962,50,63,-13,13
26963,68,75,-7,7
26964,75,82,-7,7
26965,150,154,-4,4
26966,107,104,3,3
26967,122,127,-5,5
26968,48,59,-11,11
26969,141,145,-4,4
26970,96,99,-3,3
26971,93,100,-7,7
26972,85,87,-2,2
26973,55,64,-9,9
26974,51,61,-10,10
26975,99,101,-2,2
26976,52,67,-15,15
26977,79,77,2,2
26978,110,112,-2,2
26979,121,117,4,4
26980,37,48,-11,11
26981,92,97,-5,5
26982,66,64,2,2
26983,148,126,22,22
26984,83,86,-3,3
26985,175,165,10,10
26986,88,88,0,0
26987,110,108,2,2
26988,79,93,-14,14
26989,64,64,0,0
26990,124,118,6,6
26991,129,124,5,5
26992,91,92,-1,1
26993,59,64,-5,5
26994,49,70,-21,21
26995,132,129,3,3
26996,76,115,-39,39
26997,110,108,2,2
26998,61,68,-7,7
26999,90,97,-7,7
27000,126,128,-2,2
27001,98,105,-7,7
27002,59,63,-4,4
27003,93,104,-11,11
27004,76,74,2,2
27005,75,76,-1,1
27006,85,94,-9,9
27007,149,139,10,10
27008,89,93,-4,4
27009,112,114,-2,2
27010,88,86,2,2
27011,65,69,-4,4
27012,86,96,-10,10
27013,64,68,-4,4
27014,81,98,-17,17
27015,86,97,-11,11
27016,70,73,-3,3
27017,150,131,19,19
27018,102,100,2,2
27019,92,90,2,2
27020,47,63,-16,16
27021,92,104,-12,12
27022,108,108,0,0
27023,85,93,-8,8
27024,127,126,1,1
27025,114,113,1,1
27026,89,86,3,3
27027,98,107,-9,9
27028,47,57,-10,10
27029,95,107,-12,12
27030,174,180,-6,6
27031,74,80,-6,6
27032,214,213,1,1
27033,35,48,-13,13
27034,202,203,-1,1
27035,83,83,0,0
27036,125,120,5,5
27037,109,99,10,10
27038,54,66,-12,12
27039,56,67,-11,11
27040,71,80,-9,9
27041,81,87,-6,6
27042,78,85,-7,7
27043,61,68,-7,7
27044,77,78,-1,1
27045,114,113,1,1
27046,59,70,-11,11
27047,116,131,-15,15
27048,49,69,-20,20
27049,66,88,-22,22
27050,91,86,5,5
27051,98,104,-6,6
27052,73,79,-6,6
27053,78,84,-6,6
27054,105,115,-10,10
27055,112,110,2,2
27056,84,91,-7,7
27057,78,78,0,0
27058,112,120,-8,8
27059,178,154,24,24
27060,134,139,-5,5
27061,93,93,0,0
27062,99,104,-5,5
27063,67,76,-9,9
27064,76,86,-10,10
27065,80,80,0,0
27066,74,77,-3,3
27067,83,88,-5,5
27068,99,116,-17,17
27069,70,68,2,2
27070,64,75,-11,11
27071,128,128,0,0
27072,93,89,4,4
27073,65,68,-3,3
27074,40,52,-12,12
27075,133,128,5,5
27076,97,101,-4,4
27077,89,101,-12,12
27078,73,79,-6,6
27079,102,97,5,5
27080,62,70,-8,8
27081,91,97,-6,6
27082,147,141,6,6
27083,70,73,-3,3
27084,71,76,-5,5
27085,86,91,-5,5
27086,62,72,-10,10
27087,104,95,9,9
27088,72,75,-3,3
27089,52,60,-8,8
27090,38,51,-13,13
27091,67,79,-12,12
27092,196,187,9,9
27093,47,55,-8,8
27094,51,65,-14,14
27095,88,94,-6,6
27096,96,98,-2,2
27097,42,56,-14,14
27098,101,106,-5,5
27099,105,102,3,3
27100,70,75,-5,5
27101,87,103,-16,16
27102,120,126,-6,6
27103,71,75,-4,4
27104,118,116,2,2
27105,71,89,-18,18
27106,101,113,-12,12
27107,80,84,-4,4
27108,107,103,4,4
27109,87,86,1,1
27110,60,94,-34,34
27111,56,61,-5,5
27112,79,86,-7,7
27113,148,142,6,6
27114,75,80,-5,5
27115,53,61,-8,8
27116,88,92,-4,4
27117,104,130,-26,26
27118,77,73,4,4
27119,53,62,-9,9
27120,114,117,-3,3
27121,74,77,-3,3
27122,73,87,-14,14
27123,127,125,2,2
27124,81,82,-1,1
27125,127,133,-6,6
27126,139,128,11,11
27127,78,85,-7,7
27128,79,81,-2,2
27129,115,112,3,3
27130,125,114,11,11
27131,141,140,1,1
27132,127,117,10,10
27133,105,109,-4,4
27134,57,68,-11,11
27135,99,106,-7,7
27136,91,92,-1,1
27137,98,93,5,5
27138,114,129,-15,15
27139,74,79,-5,5
27140,143,127,16,16
27141,68,78,-10,10
27142,159,150,9,9
27143,69,73,-4,4
27144,72,71,1,1
27145,48,61,-13,13
27146,110,115,-5,5
27147,86,90,-4,4
27148,72,80,-8,8
27149,80,81,-1,1
27150,70,82,-12,12
27151,37,50,-13,13
27152,79,84,-5,5
27153,53,57,-4,4
27154,82,88,-6,6
27155,55,69,-14,14
27156,72,88,-16,16
27157,104,108,-4,4
27158,81,87,-6,6
27159,131,139,-8,8
27160,110,119,-9,9
27161,70,80,-10,10
27162,96,105,-9,9
27163,56,70,-14,14
27164,76,82,-6,6
27165,87,94,-7,7
27166,100,97,3,3
27167,51,64,-13,13
27168,67,73,-6,6
27169,50,62,-12,12
27170,72,90,-18,18
27171,69,76,-7,7
27172,96,107,-11,11
27173,90,91,-1,1
27174,84,92,-8,8
27175,136,140,-4,4
27176,83,88,-5,5
27177,93,102,-9,9
27178,130,148,-18,18
27179,111,115,-4,4
27180,107,120,-13,13
27181,112,123,-11,11
27182,27,42,-15,15
27183,156,145,11,11
27184,102,101,1,1
27185,122,124,-2,2
27186,114,110,4,4
27187,39,52,-13,13
27188,137,134,3,3
27189,86,91,-5,5
27190,83,82,1,1
27191,148,146,2,2
27192,108,112,-4,4
27193,102,102,0,0
27194,95,102,-7,7
27195,52,69,-17,17
27196,78,89,-11,11
27197,99,104,-5,5
27198,124,129,-5,5
27199,94,107,-13,13
27200,120,125,-5,5
27201,102,111,-9,9
27202,128,132,-4,4
27203,64,65,-1,1
27204,78,82,-4,4
27205,65,80,-15,15
27206,128,133,-5,5
27207,88,87,1,1
27208,63,76,-13,13
27209,86,98,-12,12
27210,102,109,-7,7
27211,120,108,12,12
27212,95,107,-12,12
27213,83,84,-1,1
27214,96,108,-12,12
27215,75,85,-10,10
27216,50,59,-9,9
27217,69,74,-5,5
27218,118,111,7,7
27219,103,111,-8,8
27220,88,98,-10,10
27221,83,90,-7,7
27222,113,109,4,4
27223,89,85,4,4
27224,92,95,-3,3
27225,96,105,-9,9
27226,97,124,-27,27
27227,57,62,-5,5
27228,70,77,-7,7
27229,79,93,-14,14
27230,81,89,-8,8
27231,106,106,0,0
27232,178,166,12,12
27233,141,140,1,1
27234,97,101,-4,4
27235,152,154,-2,2
27236,82,85,-3,3
27237,62,66,-4,4
27238,69,80,-11,11
27239,145,140,5,5
27240,80,85,-5,5
27241,124,123,1,1
27242,128,129,-1,1
27243,147,135,12,12
27244,181,184,-3,3
27245,92,100,-8,8
27246,48,60,-12,12
27247,144,143,1,1
27248,54,69,-15,15
27249,116,113,3,3
27250,106,110,-4,4
27251,72,77,-5,5
27252,139,133,6,6
27253,153,155,-2,2
27254,105,101,4,4
27255,152,143,9,9
27256,137,126,11,11
27257,123,127,-4,4
27258,49,63,-14,14
27259,80,82,-2,2
27260,63,59,4,4
27261,35,71,-36,36
27262,53,65,-12,12
27263,80,91,-11,11
27264,56,58,-2,2
27265,143,149,-6,6
27266,160,153,7,7
27267,98,102,-4,4
27268,98,96,2,2
27269,83,96,-13,13
27270,117,129,-12,12
27271,143,146,-3,3
27272,91,98,-7,7
27273,60,73,-13,13
27274,106,101,5,5
27275,33,52,-19,19
27276,65,70,-5,5
27277,79,80,-1,1
27278,47,54,-7,7
27279,78,85,-7,7
27280,108,115,-7,7
27281,59,71,-12,12
27282,75,86,-11,11
27283,130,138,-8,8
27284,75,90,-15,15
27285,89,97,-8,8
27286,85,87,-2,2
27287,127,126,1,1
27288,71,88,-17,17
27289,103,103,0,0
27290,40,51,-11,11
27291,57,78,-21,21
27292,142,139,3,3
27293,61,82,-21,21
27294,77,78,-1,1
27295,95,105,-10,10
27296,90,83,7,7
27297,101,108,-7,7
27298,64,68,-4,4
27299,154,134,20,20
27300,90,92,-2,2
27301,103,106,-3,3
27302,134,131,3,3
27303,96,88,8,8
27304,48,55,-7,7
27305,88,87,1,1
27306,126,126,0,0
27307,80,81,-1,1
27308,66,72,-6,6
27309,43,53,-10,10
27310,71,74,-3,3
27311,102,101,1,1
27312,78,79,-1,1
27313,99,102,-3,3
27314,110,112,-2,2
27315,105,111,-6,6
27316,103,116,-13,13
27317,103,109,-6,6
27318,62,94,-32,32
27319,92,99,-7,7
27320,68,82,-14,14
27321,94,100,-6,6
27322,97,103,-6,6
27323,50,66,-16,16
27324,46,68,-22,22
27325,76,76,0,0
27326,127,112,15,15
27327,55,65,-10,10
27328,62,67,-5,5
27329,114,119,-5,5
27330,70,74,-4,4
27331,110,109,1,1
27332,115,117,-2,2
27333,102,97,5,5
27334,105,116,-11,11
27335,99,100,-1,1
27336,122,124,-2,2
27337,69,77,-8,8
27338,69,69,0,0
27339,79,85,-6,6
27340,67,77,-10,10
27341,76,85,-9,9
27342,54,62,-8,8
27343,96,95,1,1
27344,90,97,-7,7
27345,73,75,-2,2
27346,76,83,-7,7
27347,48,62,-14,14
27348,104,113,-9,9
27349,64,70,-6,6
27350,76,79,-3,3
27351,106,111,-5,5
27352,58,66,-8,8
27353,118,126,-8,8
27354,78,88,-10,10
27355,119,124,-5,5
27356,64,73,-9,9
27357,144,125,19,19
27358,112,108,4,4
27359,60,66,-6,6
27360,58,89,-31,31
27361,148,163,-15,15
27362,70,75,-5,5
27363,193,173,20,20
27364,90,95,-5,5
27365,50,61,-11,11
27366,94,95,-1,1
27367,114,112,2,2
27368,57,69,-12,12
27369,72,92,-20,20
27370,97,88,9,9
27371,121,118,3,3
27372,96,100,-4,4
27373,78,90,-12,12
27374,124,134,-10,10
27375,156,154,2,2
27376,103,100,3,3
27377,117,121,-4,4
27378,75,70,5,5
27379,101,108,-7,7
27380,45,53,-8,8
27381,60,69,-9,9
27382,124,128,-4,4
27383,129,130,-1,1
27384,90,97,-7,7
27385,79,92,-13,13
27386,64,74,-10,10
27387,87,100,-13,13
27388,138,138,0,0
27389,106,114,-8,8
27390,96,103,-7,7
27391,124,124,0,0
27392,78,81,-3,3
27393,99,100,-1,1
27394,208,176,32,32
27395,111,117,-6,6
27396,107,102,5,5
27397,92,90,2,2
27398,87,86,1,1
27399,108,121,-13,13
27400,70,75,-5,5
27401,115,119,-4,4
27402,86,96,-10,10
27403,86,88,-2,2
27404,165,164,1,1
27405,59,105,-46,46
27406,111,119,-8,8
27407,196,176,20,20
27408,99,105,-6,6
27409,121,105,16,16
27410,57,62,-5,5
27411,78,80,-2,2
27412,98,106,-8,8
27413,90,86,4,4
27414,89,96,-7,7
27415,97,99,-2,2
27416,77,81,-4,4
27417,78,82,-4,4
27418,95,113,-18,18
27419,98,102,-4,4
27420,126,118,8,8
27421,107,114,-7,7
27422,83,87,-4,4
27423,129,135,-6,6
27424,93,99,-6,6
27425,210,180,30,30
27426,112,118,-6,6
27427,51,60,-9,9
27428,93,89,4,4
27429,61,76,-15,15
27430,76,89,-13,13
27431,107,111,-4,4
27432,115,102,13,13
27433,106,109,-3,3
27434,77,85,-8,8
27435,102,111,-9,9
27436,54,67,-13,13
27437,81,78,3,3
27438,64,81,-17,17
27439,134,134,0,0
27440,124,116,8,8
27441,49,66,-17,17
27442,90,105,-15,15
27443,72,72,0,0
27444,76,84,-8,8
27445,114,111,3,3
27446,59,75,-16,16
27447,97,119,-22,22
27448,96,92,4,4
27449,177,150,27,27
27450,111,111,0,0
27451,105,117,-12,12
27452,78,95,-17,17
27453,85,97,-12,12
27454,71,76,-5,5
27455,114,116,-2,2
27456,78,89,-11,11
27457,164,158,6,6
27458,75,83,-8,8
27459,128,127,1,1
27460,105,126,-21,21
27461,75,80,-5,5
27462,87,96,-9,9
27463,104,106,-2,2
27464,130,124,6,6
27465,101,110,-9,9
27466,81,88,-7,7
27467,75,80,-5,5
27468,115,115,0,0
27469,80,78,2,2
27470,54,71,-17,17
27471,93,105,-12,12
27472,142,127,15,15
27473,41,56,-15,15
27474,78,86,-8,8
27475,62,71,-9,9
27476,68,81,-13,13
27477,45,63,-18,18
27478,99,101,-2,2
27479,92,90,2,2
27480,88,83,5,5
27481,134,141,-7,7
27482,112,110,2,2
27483,97,110,-13,13
27484,131,142,-11,11
27485,71,75,-4,4
27486,39,51,-12,12
27487,68,80,-12,12
27488,47,59,-12,12
27489,60,67,-7,7
27490,151,134,17,17
27491,81,76,5,5
27492,104,102,2,2
27493,99,112,-13,13
27494,103,104,-1,1
27495,84,89,-5,5
27496,92,97,-5,5
27497,108,110,-2,2
27498,124,121,3,3
27499,68,78,-10,10
27500,107,118,-11,11
27501,97,86,11,11
27502,108,108,0,0
27503,54,70,-16,16
27504,75,82,-7,7
27505,43,56,-13,13
27506,105,110,-5,5
27507,103,113,-10,10
27508,85,95,-10,10
27509,121,121,0,0
27510,85,94,-9,9
27511,102,96,6,6
27512,113,125,-12,12
27513,70,80,-10,10
27514,120,116,4,4
27515,106,101,5,5
27516,72,81,-9,9
27517,89,96,-7,7
27518,90,90,0,0
27519,52,58,-6,6
27520,78,86,-8,8
27521,88,98,-10,10
27522,290,242,48,48
27523,98,103,-5,5
27524,94,99,-5,5
27525,130,121,9,9
27526,50,69,-19,19
27527,102,104,-2,2
27528,72,76,-4,4
27529,79,79,0,0
27530,101,105,-4,4
27531,88,85,3,3
27532,75,82,-7,7
27533,109,122,-13,13
27534,68,71,-3,3
27535,117,116,1,1
27536,112,115,-3,3
27537,149,143,6,6
27538,94,104,-10,10
27539,73,78,-5,5
27540,86,90,-4,4
27541,68,78,-10,10
27542,94,99,-5,5
27543,96,102,-6,6
27544,86,115,-29,29
27545,84,93,-9,9
27546,98,96,2,2
27547,149,152,-3,3
27548,92,95,-3,3
27549,72,73,-1,1
27550,108,110,-2,2
27551,85,102,-17,17
27552,92,95,-3,3
27553,72,81,-9,9
27554,73,84,-11,11
27555,91,97,-6,6
27556,167,172,-5,5
27557,78,92,-14,14
27558,50,68,-18,18
27559,96,90,6,6
27560,105,116,-11,11
27561,102,107,-5,5
27562,106,104,2,2
27563,138,133,5,5
27564,123,125,-2,2
27565,76,80,-4,4
27566,95,98,-3,3
27567,87,92,-5,5
27568,154,157,-3,3
27569,75,81,-6,6
27570,137,130,7,7
27571,98,88,10,10
27572,96,102,-6,6
27573,68,80,-12,12
27574,66,79,-13,13
27575,96,102,-6,6
27576,99,106,-7,7
27577,53,73,-20,20
27578,36,71,-35,35
27579,79,86,-7,7
27580,108,109,-1,1
27581,20,43,-23,23
27582,95,100,-5,5
27583,78,87,-9,9
27584,114,118,-4,4
27585,89,105,-16,16
27586,118,139,-21,21
27587,163,151,12,12
27588,64,70,-6,6
27589,50,54,-4,4
27590,65,73,-8,8
27591,91,93,-2,2
27592,126,130,-4,4
27593,96,99,-3,3
27594,115,112,3,3
27595,114,118,-4,4
27596,139,119,20,20
27597,45,64,-19,19
27598,155,156,-1,1
27599,77,78,-1,1
27600,105,98,7,7
27601,156,137,19,19
27602,90,97,-7,7
27603,105,102,3,3
27604,36,53,-17,17
27605,134,151,-17,17
27606,111,124,-13,13
27607,61,65,-4,4
27608,97,101,-4,4
27609,76,81,-5,5
27610,81,88,-7,7
27611,71,75,-4,4
27612,99,97,2,2
27613,98,106,-8,8
27614,89,89,0,0
27615,153,146,7,7
27616,110,119,-9,9
27617,61,67,-6,6
27618,72,82,-10,10
27619,107,111,-4,4
27620,107,107,0,0
27621,116,114,2,2
27622,116,116,0,0
27623,71,78,-7,7
27624,95,98,-3,3
27625,99,104,-5,5
27626,59,63,-4,4
27627,107,130,-23,23
27628,130,127,3,3
27629,95,87,8,8
27630,165,148,17,17
27631,171,156,15,15
27632,93,106,-13,13
27633,79,91,-12,12
27634,175,164,11,11
27635,121,124,-3,3
27636,155,155,0,0
27637,174,174,0,0
27638,81,81,0,0
27639,57,62,-5,5
27640,180,156,24,24
27641,116,113,3,3
27642,162,161,1,1
27643,77,87,-10,10
27644,78,82,-4,4
27645,111,114,-3,3
27646,87,85,2,2
27647,37,54,-17,17
27648,176,172,4,4
27649,69,84,-15,15
27650,72,82,-10,10
27651,91,98,-7,7
27652,102,108,-6,6
27653,81,88,-7,7
27654,142,142,0,0
27655,189,171,18,18
27656,200,185,15,15
27657,61,72,-11,11
27658,89,95,-6,6
27659,94,105,-11,11
27660,88,93,-5,5
27661,85,83,2,2
27662,88,91,-3,3
27663,52,63,-11,11
27664,61,89,-28,28
27665,79,83,-4,4
27666,141,137,4,4
27667,83,86,-3,3
27668,112,149,-37,37
27669,123,121,2,2
27670,54,59,-5,5
27671,66,73,-7,7
27672,117,120,-3,3
27673,73,78,-5,5
27674,70,92,-22,22
27675,66,70,-4,4
27676,105,122,-17,17
27677,77,83,-6,6
27678,100,103,-3,3
27679,167,148,19,19
27680,73,78,-5,5
27681,130,128,2,2
27682,87,79,8,8
27683,85,86,-1,1
27684,69,77,-8,8
27685,73,82,-9,9
27686,77,87,-10,10
27687,138,135,3,3
27688,80,93,-13,13
27689,55,63,-8,8
27690,117,108,9,9
27691,110,109,1,1
27692,60,67,-7,7
27693,96,94,2,2
27694,85,86,-1,1
27695,106,115,-9,9
27696,94,100,-6,6
27697,69,83,-14,14
27698,125,133,-8,8
27699,179,161,18,18
27700,86,89,-3,3
27701,129,127,2,2
27702,82,89,-7,7
27703,91,86,5,5
27704,150,148,2,2
27705,57,69,-12,12
27706,70,75,-5,5
27707,134,128,6,6
27708,71,80,-9,9
27709,74,86,-12,12
27710,83,87,-4,4
27711,82,109,-27,27
27712,70,78,-8,8
27713,82,96,-14,14
27714,52,65,-13,13
27715,93,91,2,2
27716,54,70,-16,16
27717,136,146,-10,10
27718,72,77,-5,5
27719,86,115,-29,29
27720,108,119,-11,11
27721,93,92,1,1
27722,57,81,-24,24
27723,78,85,-7,7
27724,130,127,3,3
27725,83,88,-5,5
27726,116,107,9,9
27727,103,100,3,3
27728,79,88,-9,9
27729,43,56,-13,13
27730,100,105,-5,5
27731,77,80,-3,3
27732,127,124,3,3
27733,83,86,-3,3
27734,134,154,-20,20
27735,108,101,7,7
27736,122,117,5,5
27737,86,95,-9,9
27738,71,78,-7,7
27739,111,114,-3,3
27740,132,121,11,11
27741,200,191,9,9
27742,77,81,-4,4
27743,131,116,15,15
27744,75,85,-10,10
27745,66,73,-7,7
27746,83,87,-4,4
27747,155,145,10,10
27748,104,95,9,9
27749,85,84,1,1
27750,149,140,9,9
27751,198,246,-48,48
27752,68,87,-19,19
27753,143,116,27,27
27754,118,107,11,11
27755,75,79,-4,4
27756,150,174,-24,24
27757,52,63,-11,11
27758,153,152,1,1
27759,88,102,-14,14
27760,101,119,-18,18
27761,74,76,-2,2
27762,102,111,-9,9
27763,140,136,4,4
27764,71,71,0,0
27765,110,100,10,10
27766,110,114,-4,4
27767,63,72,-9,9
27768,66,75,-9,9
27769,49,59,-10,10
27770,54,60,-6,6
27771,86,92,-6,6
27772,58,65,-7,7
27773,54,63,-9,9
27774,60,75,-15,15
27775,77,82,-5,5
27776,70,81,-11,11
27777,91,95,-4,4
27778,112,117,-5,5
27779,89,89,0,0
27780,80,83,-3,3
27781,95,100,-5,5
27782,98,97,1,1
27783,91,97,-6,6
27784,117,116,1,1
27785,76,85,-9,9
27786,126,158,-32,32
27787,131,120,11,11
27788,65,78,-13,13
27789,90,88,2,2
27790,77,83,-6,6
27791,114,119,-5,5
27792,88,91,-3,3
27793,90,90,0,0
27794,84,95,-11,11
27795,135,125,10,10
27796,95,94,1,1
27797,94,110,-16,16
27798,106,114,-8,8
27799,75,81,-6,6
27800,115,114,1,1
27801,143,144,-1,1
27802,60,67,-7,7
27803,68,72,-4,4
27804,73,76,-3,3
27805,168,148,20,20
27806,99,109,-10,10
27807,108,111,-3,3
27808,77,92,-15,15
27809,60,63,-3,3
27810,79,82,-3,3
27811,103,122,-19,19
27812,120,128,-8,8
27813,137,150,-13,13
27814,80,96,-16,16
27815,78,86,-8,8
27816,49,62,-13,13
27817,97,114,-17,17
27818,104,109,-5,5
27819,172,163,9,9
27820,154,154,0,0
27821,93,103,-10,10
27822,103,98,5,5
27823,51,60,-9,9
27824,72,77,-5,5
27825,81,86,-5,5
27826,69,70,-1,1
27827,111,107,4,4
27828,106,107,-1,1
27829,143,136,7,7
27830,46,53,-7,7
27831,118,127,-9,9
27832,136,125,11,11
27833,103,100,3,3
27834,115,120,-5,5
27835,100,101,-1,1
27836,130,124,6,6
27837,146,140,6,6
27838,106,108,-2,2
27839,160,158,2,2
27840,151,126,25,25
27841,111,112,-1,1
27842,132,118,14,14
27843,70,68,2,2
27844,95,100,-5,5
27845,113,114,-1,1
27846,100,130,-30,30
27847,84,100,-16,16
27848,144,127,17,17
27849,75,84,-9,9
27850,127,134,-7,7
27851,35,49,-14,14
27852,48,67,-19,19
27853,52,61,-9,9
27854,110,112,-2,2
27855,109,109,0,0
27856,72,79,-7,7
27857,99,102,-3,3
27858,58,60,-2,2
27859,81,78,3,3
27860,96,91,5,5
27861,71,78,-7,7
27862,122,104,18,18
27863,151,144,7,7
27864,92,93,-1,1
27865,69,77,-8,8
27866,111,112,-1,1
27867,106,103,3,3
27868,122,122,0,0
27869,100,91,9,9
27870,62,70,-8,8
27871,77,81,-4,4
27872,111,113,-2,2
27873,68,82,-14,14
27874,97,96,1,1
27875,118,95,23,23
27876,118,124,-6,6
27877,97,106,-9,9
27878,78,91,-13,13
27879,146,144,2,2
27880,99,106,-7,7
27881,76,81,-5,5
27882,64,66,-2,2
27883,48,57,-9,9
27884,89,93,-4,4
27885,59,66,-7,7
27886,74,82,-8,8
27887,72,81,-9,9
27888,83,88,-5,5
27889,83,80,3,3
27890,97,106,-9,9
27891,100,99,1,1
27892,181,184,-3,3
27893,37,48,-11,11
27894,64,71,-7,7
27895,84,79,5,5
27896,68,72,-4,4
27897,54,58,-4,4
27898,85,89,-4,4
27899,75,82,-7,7
27900,98,104,-6,6
27901,147,141,6,6
27902,138,138,0,0
27903,61,66,-5,5
27904,83,96,-13,13
27905,158,147,11,11
27906,119,114,5,5
27907,88,86,2,2
27908,119,120,-1,1
27909,118,109,9,9
27910,68,71,-3,3
27911,49,63,-14,14
27912,112,109,3,3
27913,113,111,2,2
27914,83,92,-9,9
27915,81,92,-11,11
27916,31,47,-16,16
27917,87,84,3,3
27918,144,142,2,2
27919,133,144,-11,11
27920,137,139,-2,2
27921,95,101,-6,6
27922,80,86,-6,6
27923,109,109,0,0
27924,90,100,-10,10
27925,70,77,-7,7
27926,66,77,-11,11
27927,81,80,1,1
27928,156,156,0,0
27929,70,85,-15,15
27930,95,110,-15,15
27931,109,107,2,2
27932,61,114,-53,53
27933,40,49,-9,9
27934,138,147,-9,9
27935,96,95,1,1
27936,53,72,-19,19
27937,85,99,-14,14
27938,137,132,5,5
27939,113,115,-2,2
27940,127,128,-1,1
27941,77,80,-3,3
27942,66,75,-9,9
27943,36,51,-15,15
27944,83,94,-11,11
27945,120,108,12,12
27946,55,67,-12,12
27947,61,74,-13,13
27948,68,74,-6,6
27949,93,103,-10,10
27950,173,170,3,3
27951,58,73,-15,15
27952,75,83,-8,8
27953,83,82,1,1
27954,141,152,-11,11
27955,67,74,-7,7
27956,35,55,-20,20
27957,63,75,-12,12
27958,52,63,-11,11
27959,183,171,12,12
27960,52,60,-8,8
27961,72,77,-5,5
27962,77,87,-10,10
27963,61,64,-3,3
27964,124,116,8,8
27965,78,90,-12,12
27966,123,125,-2,2
27967,122,129,-7,7
27968,88,99,-11,11
27969,74,85,-11,11
27970,66,78,-12,12
27971,69,84,-15,15
27972,92,101,-9,9
27973,79,81,-2,2
27974,45,74,-29,29
27975,115,118,-3,3
27976,143,141,2,2
27977,99,106,-7,7
27978,129,138,-9,9
27979,103,106,-3,3
27980,90,104,-14,14
27981,88,90,-2,2
27982,123,131,-8,8
27983,175,152,23,23
27984,95,97,-2,2
27985,105,110,-5,5
27986,65,79,-14,14
27987,66,69,-3,3
27988,137,128,9,9
27989,84,92,-8,8
27990,110,106,4,4
27991,118,113,5,5
27992,114,120,-6,6
27993,97,111,-14,14
27994,90,90,0,0
27995,124,129,-5,5
27996,158,158,0,0
27997,67,98,-31,31
27998,96,99,-3,3
27999,97,98,-1,1
28000,108,110,-2,2
28001,106,105,1,1
28002,56,62,-6,6
28003,69,79,-10,10
28004,41,57,-16,16
28005,67,73,-6,6
28006,172,171,1,1
28007,53,58,-5,5
28008,94,91,3,3
28009,121,121,0,0
28010,97,88,9,9
28011,91,94,-3,3
28012,117,100,17,17
28013,125,146,-21,21
28014,59,67,-8,8
28015,114,109,5,5
28016,87,87,0,0
28017,106,109,-3,3
28018,77,86,-9,9
28019,135,123,12,12
28020,145,135,10,10
28021,72,80,-8,8
28022,53,69,-16,16
28023,149,140,9,9
28024,101,108,-7,7
28025,76,69,7,7
28026,87,98,-11,11
28027,73,73,0,0
28028,107,109,-2,2
28029,67,72,-5,5
28030,67,78,-11,11
28031,80,88,-8,8
28032,91,94,-3,3
28033,91,88,3,3
28034,104,133,-29,29
28035,66,65,1,1
28036,90,93,-3,3
28037,71,88,-17,17
28038,118,108,10,10
28039,87,96,-9,9
28040,68,73,-5,5
28041,114,125,-11,11
28042,117,122,-5,5
28043,130,127,3,3
28044,134,145,-11,11
28045,125,128,-3,3
28046,74,78,-4,4
28047,88,89,-1,1
28048,56,80,-24,24
28049,116,130,-14,14
28050,145,144,1,1
28051,75,74,1,1
28052,71,89,-18,18
28053,50,60,-10,10
28054,97,102,-5,5
28055,55,60,-5,5
28056,52,57,-5,5
28057,154,133,21,21
28058,132,127,5,5
28059,180,162,18,18
28060,68,79,-11,11
28061,86,93,-7,7
28062,147,148,-1,1
28063,68,88,-20,20
28064,80,81,-1,1
28065,98,97,1,1
28066,109,120,-11,11
28067,88,98,-10,10
28068,78,88,-10,10
28069,86,83,3,3
28070,42,55,-13,13
28071,74,90,-16,16
28072,137,135,2,2
28073,110,111,-1,1
28074,76,95,-19,19
28075,64,73,-9,9
28076,150,138,12,12
28077,116,108,8,8
28078,74,83,-9,9
28079,69,72,-3,3
28080,55,61,-6,6
28081,114,127,-13,13
28082,178,181,-3,3
28083,78,81,-3,3
28084,71,74,-3,3
28085,80,89,-9,9
28086,119,132,-13,13
28087,59,69,-10,10
28088,75,73,2,2
28089,77,96,-19,19
28090,64,78,-14,14
28091,118,116,2,2
28092,141,140,1,1
28093,144,152,-8,8
28094,118,118,0,0
28095,90,82,8,8
28096,96,103,-7,7
28097,107,107,0,0
28098,141,150,-9,9
28099,71,68,3,3
28100,94,93,1,1
28101,196,179,17,17
28102,93,105,-12,12
28103,122,109,13,13
28104,78,88,-10,10
28105,83,107,-24,24
28106,84,84,0,0
28107,65,66,-1,1
28108,165,166,-1,1
28109,116,127,-11,11
28110,91,84,7,7
28111,69,71,-2,2
28112,87,87,0,0
28113,94,106,-12,12
28114,113,117,-4,4
28115,169,168,1,1
28116,112,108,4,4
28117,85,97,-12,12
28118,113,111,2,2
28119,145,136,9,9
28120,53,63,-10,10
28121,97,102,-5,5
28122,102,112,-10,10
28123,107,120,-13,13
28124,88,88,0,0
28125,76,78,-2,2
28126,46,57,-11,11
28127,83,89,-6,6
28128,99,96,3,3
28129,118,121,-3,3
28130,85,84,1,1
28131,112,121,-9,9
28132,120,114,6,6
28133,246,214,32,32
28134,124,118,6,6
28135,64,74,-10,10
28136,118,113,5,5
28137,118,116,2,2
28138,78,87,-9,9
28139,74,89,-15,15
28140,86,88,-2,2
28141,90,85,5,5
28142,132,144,-12,12
28143,125,121,4,4
28144,70,73,-3,3
28145,69,73,-4,4
28146,119,118,1,1
28147,144,138,6,6
28148,172,164,8,8
28149,83,85,-2,2
28150,99,101,-2,2
28151,104,107,-3,3
28152,127,128,-1,1
28153,78,80,-2,2
28154,110,103,7,7
28155,53,62,-9,9
28156,79,94,-15,15
28157,47,54,-7,7
28158,123,123,0,0
28159,132,136,-4,4
28160,104,109,-5,5
28161,127,125,2,2
28162,105,99,6,6
28163,65,77,-12,12
28164,100,108,-8,8
28165,192,175,17,17
28166,61,96,-35,35
28167,106,116,-10,10
28168,38,79,-41,41
28169,186,164,22,22
28170,166,155,11,11
28171,122,120,2,2
28172,141,144,-3,3
28173,122,135,-13,13
28174,39,69,-30,30
28175,117,122,-5,5
28176,128,128,0,0
28177,148,144,4,4
28178,118,117,1,1
28179,96,100,-4,4
28180,72,85,-13,13
28181,76,75,1,1
28182,63,70,-7,7
28183,84,99,-15,15
28184,102,106,-4,4
28185,75,79,-4,4
28186,92,98,-6,6
28187,69,73,-4,4
28188,94,87,7,7
28189,70,73,-3,3
28190,112,107,5,5
28191,87,85,2,2
28192,68,78,-10,10
28193,123,142,-19,19
28194,81,76,5,5
28195,116,134,-18,18
28196,82,91,-9,9
28197,149,136,13,13
28198,60,83,-23,23
28199,59,73,-14,14
28200,110,108,2,2
28201,89,131,-42,42
28202,114,118,-4,4
28203,128,125,3,3
28204,57,70,-13,13
28205,77,88,-11,11
28206,85,90,-5,5
28207,194,191,3,3
28208,72,91,-19,19
28209,75,87,-12,12
28210,57,86,-29,29
28211,165,155,10,10
28212,99,103,-4,4
28213,84,87,-3,3
28214,89,99,-10,10
28215,64,73,-9,9
28216,115,126,-11,11
28217,81,94,-13,13
28218,96,112,-16,16
28219,134,138,-4,4
28220,74,77,-3,3
28221,121,139,-18,18
28222,81,99,-18,18
28223,58,65,-7,7
28224,77,76,1,1
28225,97,101,-4,4
28226,66,68,-2,2
28227,104,109,-5,5
28228,112,119,-7,7
28229,59,65,-6,6
28230,151,141,10,10
28231,111,106,5,5
28232,133,134,-1,1
28233,76,85,-9,9
28234,93,101,-8,8
28235,76,78,-2,2
28236,85,88,-3,3
28237,151,153,-2,2
28238,76,86,-10,10
28239,79,82,-3,3
28240,172,190,-18,18
28241,148,138,10,10
28242,89,94,-5,5
28243,87,84,3,3
28244,128,129,-1,1
28245,71,73,-2,2
28246,72,74,-2,2
28247,77,85,-8,8
28248,100,101,-1,1
28249,107,114,-7,7
28250,86,92,-6,6
28251,81,81,0,0
28252,93,97,-4,4
28253,56,62,-6,6
28254,138,136,2,2
28255,77,86,-9,9
28256,175,172,3,3
28257,72,78,-6,6
28258,93,96,-3,3
28259,92,93,-1,1
28260,104,123,-19,19
28261,132,122,10,10
28262,81,92,-11,11
28263,71,82,-11,11
28264,140,144,-4,4
28265,102,101,1,1
28266,53,62,-9,9
28267,87,98,-11,11
28268,147,144,3,3
28269,93,107,-14,14
28270,65,73,-8,8
28271,154,145,9,9
28272,222,203,19,19
28273,107,105,2,2
28274,81,82,-1,1
28275,59,67,-8,8
28276,63,69,-6,6
28277,100,105,-5,5
28278,89,87,2,2
28279,70,73,-3,3
28280,90,97,-7,7
28281,135,144,-9,9
28282,112,113,-1,1
28283,102,104,-2,2
28284,126,131,-5,5
28285,87,98,-11,11
28286,98,102,-4,4
28287,128,118,10,10
28288,54,64,-10,10
28289,88,96,-8,8
28290,79,84,-5,5
28291,177,165,12,12
28292,110,112,-2,2
28293,68,80,-12,12
28294,126,130,-4,4
28295,115,116,-1,1
28296,105,115,-10,10
28297,86,90,-4,4
28298,66,105,-39,39
28299,65,66,-1,1
28300,78,93,-15,15
28301,87,96,-9,9
28302,108,109,-1,1
28303,46,65,-19,19
28304,106,110,-4,4
28305,127,123,4,4
28306,137,140,-3,3
28307,84,80,4,4
28308,73,85,-12,12
28309,70,75,-5,5
28310,76,80,-4,4
28311,84,87,-3,3
28312,125,103,22,22
28313,73,83,-10,10
28314,176,174,2,2
28315,97,98,-1,1
28316,128,124,4,4
28317,74,82,-8,8
28318,145,133,12,12
28319,93,102,-9,9
28320,70,77,-7,7
28321,67,84,-17,17
28322,84,91,-7,7
28323,59,64,-5,5
28324,92,99,-7,7
28325,112,109,3,3
28326,51,60,-9,9
28327,56,65,-9,9
28328,92,93,-1,1
28329,49,64,-15,15
28330,98,109,-11,11
28331,71,82,-11,11
28332,72,78,-6,6
28333,68,83,-15,15
28334,87,96,-9,9
28335,121,121,0,0
28336,94,101,-7,7
28337,76,88,-12,12
28338,112,108,4,4
28339,69,70,-1,1
28340,113,116,-3,3
28341,129,135,-6,6
28342,105,112,-7,7
28343,99,110,-11,11
28344,58,70,-12,12
28345,130,126,4,4
28346,85,86,-1,1
28347,73,74,-1,1
28348,56,57,-1,1
28349,97,109,-12,12
28350,104,113,-9,9
28351,73,84,-11,11
28352,111,109,2,2
28353,73,73,0,0
28354,98,93,5,5
28355,102,113,-11,11
28356,80,81,-1,1
28357,47,55,-8,8
28358,102,117,-15,15
28359,76,83,-7,7
28360,69,90,-21,21
28361,85,93,-8,8
28362,111,119,-8,8
28363,34,46,-12,12
28364,137,143,-6,6
28365,79,82,-3,3
28366,72,85,-13,13
28367,62,76,-14,14
28368,91,96,-5,5
28369,82,88,-6,6
28370,120,132,-12,12
28371,92,100,-8,8
28372,110,118,-8,8
28373,122,124,-2,2
28374,119,119,0,0
28375,183,178,5,5
28376,61,73,-12,12
28377,97,93,4,4
28378,117,125,-8,8
28379,71,80,-9,9
28380,100,96,4,4
28381,119,119,0,0
28382,94,88,6,6
28383,94,102,-8,8
28384,97,89,8,8
28385,62,64,-2,2
28386,74,82,-8,8
28387,104,113,-9,9
28388,143,150,-7,7
28389,74,82,-8,8
28390,126,122,4,4
28391,64,76,-12,12
28392,97,98,-1,1
28393,82,88,-6,6
28394,56,71,-15,15
28395,98,108,-10,10
28396,139,136,3,3
28397,102,111,-9,9
28398,100,108,-8,8
28399,115,107,8,8
28400,138,123,15,15
28401,39,51,-12,12
28402,132,137,-5,5
28403,127,130,-3,3
28404,98,95,3,3
28405,83,79,4,4
28406,106,114,-8,8
28407,161,153,8,8
28408,77,72,5,5
28409,76,92,-16,16
28410,96,94,2,2
28411,107,112,-5,5
28412,85,230,-145,145
28413,79,86,-7,7
28414,102,101,1,1
28415,57,62,-5,5
28416,79,87,-8,8
28417,76,91,-15,15
28418,82,92,-10,10
28419,56,61,-5,5
28420,84,87,-3,3
28421,110,107,3,3
28422,183,165,18,18
28423,118,125,-7,7
28424,100,99,1,1
28425,109,104,5,5
28426,101,103,-2,2
28427,57,70,-13,13
28428,89,113,-24,24
28429,148,139,9,9
28430,202,199,3,3
28431,137,147,-10,10
28432,91,93,-2,2
28433,112,117,-5,5
28434,68,79,-11,11
28435,83,86,-3,3
28436,72,76,-4,4
28437,79,82,-3,3
28438,116,120,-4,4
28439,54,63,-9,9
28440,87,95,-8,8
28441,82,88,-6,6
28442,104,106,-2,2
28443,126,124,2,2
28444,106,115,-9,9
28445,116,111,5,5
28446,91,102,-11,11
28447,77,81,-4,4
28448,123,147,-24,24
28449,145,138,7,7
28450,88,88,0,0
28451,95,116,-21,21
28452,79,91,-12,12
28453,91,104,-13,13
28454,133,125,8,8
28455,165,180,-15,15
28456,61,67,-6,6
28457,63,76,-13,13
28458,120,122,-2,2
28459,54,57,-3,3
28460,145,145,0,0
28461,130,130,0,0
28462,68,81,-13,13
28463,55,63,-8,8
28464,90,90,0,0
28465,102,96,6,6
28466,52,60,-8,8
28467,102,107,-5,5
28468,162,162,0,0
28469,85,96,-11,11
28470,81,87,-6,6
28471,57,59,-2,2
28472,82,82,0,0
28473,135,103,32,32
28474,43,54,-11,11
28475,82,83,-1,1
28476,66,75,-9,9
28477,102,106,-4,4
28478,70,77,-7,7
28479,151,147,4,4
28480,127,129,-2,2
28481,77,72,5,5
28482,137,127,10,10
28483,83,82,1,1
28484,183,176,7,7
28485,43,50,-7,7
28486,129,135,-6,6
28487,58,62,-4,4
28488,73,83,-10,10
28489,67,69,-2,2
28490,57,69,-12,12
28491,133,148,-15,15
28492,76,84,-8,8
28493,87,92,-5,5
28494,76,85,-9,9
28495,99,93,6,6
28496,95,100,-5,5
28497,56,65,-9,9
28498,146,137,9,9
28499,123,111,12,12
28500,93,117,-24,24
28501,71,79,-8,8
28502,97,94,3,3
28503,122,115,7,7
28504,97,101,-4,4
28505,86,88,-2,2
28506,87,94,-7,7
28507,134,122,12,12
28508,99,110,-11,11
28509,135,136,-1,1
28510,85,90,-5,5
28511,132,131,1,1
28512,54,65,-11,11
28513,77,92,-15,15
28514,63,76,-13,13
28515,138,141,-3,3
28516,58,69,-11,11
28517,141,136,5,5
28518,161,158,3,3
28519,105,122,-17,17
28520,107,118,-11,11
28521,153,161,-8,8
28522,90,100,-10,10
28523,147,150,-3,3
28524,92,104,-12,12
28525,34,40,-6,6
28526,90,99,-9,9
28527,50,65,-15,15
28528,83,85,-2,2
28529,127,140,-13,13
28530,59,61,-2,2
28531,57,68,-11,11
28532,115,122,-7,7
28533,91,104,-13,13
28534,143,135,8,8
28535,119,114,5,5
28536,97,104,-7,7
28537,155,149,6,6
28538,128,126,2,2
28539,67,73,-6,6
28540,60,70,-10,10
28541,103,102,1,1
28542,128,127,1,1
28543,100,102,-2,2
28544,71,77,-6,6
28545,85,92,-7,7
28546,74,79,-5,5
28547,172,147,25,25
28548,73,80,-7,7
28549,51,63,-12,12
28550,76,84,-8,8
28551,110,112,-2,2
28552,125,121,4,4
28553,49,64,-15,15
28554,145,140,5,5
28555,81,81,0,0
28556,79,106,-27,27
28557,108,111,-3,3
28558,95,97,-2,2
28559,66,68,-2,2
28560,78,84,-6,6
28561,41,54,-13,13
28562,89,87,2,2
28563,60,70,-10,10
28564,88,88,0,0
28565,54,69,-15,15
28566,112,107,5,5
28567,135,124,11,11
28568,123,125,-2,2
28569,76,100,-24,24
28570,82,86,-4,4
28571,38,49,-11,11
28572,51,61,-10,10
28573,33,53,-20,20
28574,100,103,-3,3
28575,64,78,-14,14
28576,98,104,-6,6
28577,104,101,3,3
28578,108,113,-5,5
28579,112,113,-1,1
28580,54,64,-10,10
28581,75,81,-6,6
28582,89,102,-13,13
28583,137,129,8,8
28584,66,70,-4,4
28585,81,89,-8,8
28586,91,99,-8,8
28587,84,92,-8,8
28588,52,61,-9,9
28589,64,80,-16,16
28590,176,174,2,2
28591,59,71,-12,12
28592,70,73,-3,3
28593,69,73,-4,4
28594,83,113,-30,30
28595,71,83,-12,12
28596,61,70,-9,9
28597,65,71,-6,6
28598,94,120,-26,26
28599,53,59,-6,6
28600,66,66,0,0
28601,93,100,-7,7
28602,66,69,-3,3
28603,75,78,-3,3
28604,96,107,-11,11
28605,66,72,-6,6
28606,158,135,23,23
28607,80,76,4,4
28608,67,70,-3,3
28609,67,76,-9,9
28610,79,84,-5,5
28611,57,69,-12,12
28612,66,78,-12,12
28613,44,55,-11,11
28614,59,65,-6,6
28615,150,144,6,6
28616,128,126,2,2
28617,74,82,-8,8
28618,38,61,-23,23
28619,51,58,-7,7
28620,123,123,0,0
28621,61,64,-3,3
28622,77,71,6,6
28623,61,70,-9,9
28624,94,95,-1,1
28625,104,113,-9,9
28626,62,78,-16,16
28627,115,109,6,6
28628,122,108,14,14
28629,96,103,-7,7
28630,84,89,-5,5
28631,119,117,2,2
28632,99,101,-2,2
28633,85,88,-3,3
28634,118,113,5,5
28635,144,136,8,8
28636,54,64,-10,10
28637,152,142,10,10
28638,47,61,-14,14
28639,67,73,-6,6
28640,81,86,-5,5
28641,125,122,3,3
28642,104,103,1,1
28643,63,78,-15,15
28644,71,69,2,2
28645,56,69,-13,13
28646,144,143,1,1
28647,125,138,-13,13
28648,64,66,-2,2
28649,108,102,6,6
28650,87,86,1,1
28651,66,79,-13,13
28652,83,91,-8,8
28653,102,104,-2,2
28654,120,123,-3,3
28655,114,116,-2,2
28656,114,114,0,0
28657,148,146,2,2
28658,100,102,-2,2
28659,76,81,-5,5
28660,53,68,-15,15
28661,104,109,-5,5
28662,101,109,-8,8
28663,93,99,-6,6
28664,50,57,-7,7
28665,47,58,-11,11
28666,137,139,-2,2
28667,109,109,0,0
28668,83,100,-17,17
28669,32,44,-12,12
28670,69,73,-4,4
28671,92,95,-3,3
28672,78,89,-11,11
28673,96,114,-18,18
28674,92,92,0,0
28675,53,59,-6,6
28676,144,144,0,0
28677,107,105,2,2
28678,112,113,-1,1
28679,72,69,3,3
28680,108,102,6,6
28681,84,84,0,0
28682,54,64,-10,10
28683,82,120,-38,38
28684,98,93,5,5
28685,73,86,-13,13
28686,50,68,-18,18
28687,89,94,-5,5
28688,66,71,-5,5
28689,140,145,-5,5
28690,97,100,-3,3
28691,77,89,-12,12
28692,106,88,18,18
28693,73,81,-8,8
28694,122,121,1,1
28695,80,86,-6,6
28696,60,67,-7,7
28697,90,90,0,0
28698,83,89,-6,6
28699,86,93,-7,7
28700,33,44,-11,11
28701,134,131,3,3
28702,117,121,-4,4
28703,60,68,-8,8
28704,116,116,0,0
28705,110,122,-12,12
28706,129,131,-2,2
28707,88,91,-3,3
28708,76,79,-3,3
28709,171,167,4,4
28710,98,93,5,5
28711,100,99,1,1
28712,66,71,-5,5
28713,140,134,6,6
28714,101,90,11,11
28715,61,66,-5,5
28716,89,93,-4,4
28717,93,103,-10,10
28718,101,100,1,1
28719,63,80,-17,17
28720,85,96,-11,11
28721,94,103,-9,9
28722,114,141,-27,27
28723,104,114,-10,10
28724,78,83,-5,5
28725,108,130,-22,22
28726,57,63,-6,6
28727,38,51,-13,13
28728,69,81,-12,12
28729,106,112,-6,6
28730,77,85,-8,8
28731,235,231,4,4
28732,98,104,-6,6
28733,111,111,0,0
28734,70,92,-22,22
28735,102,104,-2,2
28736,92,98,-6,6
28737,67,80,-13,13
28738,83,93,-10,10
28739,71,79,-8,8
28740,92,84,8,8
28741,59,70,-11,11
28742,90,92,-2,2
28743,71,75,-4,4
28744,52,65,-13,13
28745,109,101,8,8
28746,105,117,-12,12
28747,79,84,-5,5
28748,81,80,1,1
28749,84,95,-11,11
28750,80,78,2,2
28751,56,72,-16,16
28752,84,86,-2,2
28753,44,58,-14,14
28754,85,88,-3,3
28755,62,74,-12,12
28756,83,82,1,1
28757,59,82,-23,23
28758,92,93,-1,1
28759,99,108,-9,9
28760,131,149,-18,18
28761,58,67,-9,9
28762,164,153,11,11
28763,132,121,11,11
28764,73,76,-3,3
28765,82,86,-4,4
28766,57,68,-11,11
28767,97,113,-16,16
28768,26,48,-22,22
28769,107,103,4,4
28770,88,88,0,0
28771,84,94,-10,10
28772,82,91,-9,9
28773,141,158,-17,17
28774,78,81,-3,3
28775,146,143,3,3
28776,84,83,1,1
28777,93,93,0,0
28778,74,79,-5,5
28779,139,134,5,5
28780,125,130,-5,5
28781,65,73,-8,8
28782,101,112,-11,11
28783,114,127,-13,13
28784,54,65,-11,11
28785,99,95,4,4
28786,83,82,1,1
28787,128,125,3,3
28788,90,99,-9,9
28789,77,80,-3,3
28790,68,68,0,0
28791,78,98,-20,20
28792,76,82,-6,6
28793,85,88,-3,3
28794,106,112,-6,6
28795,207,178,29,29
28796,105,107,-2,2
28797,110,117,-7,7
28798,86,86,0,0
28799,166,141,25,25
28800,118,123,-5,5
28801,99,99,0,0
28802,80,95,-15,15
28803,27,52,-25,25
28804,125,117,8,8
28805,92,98,-6,6
28806,85,86,-1,1
28807,91,99,-8,8
28808,61,67,-6,6
28809,86,87,-1,1
28810,50,60,-10,10
28811,101,109,-8,8
28812,79,76,3,3
28813,82,103,-21,21
28814,63,64,-1,1
28815,100,98,2,2
28816,103,90,13,13
28817,150,143,7,7
28818,86,82,4,4
28819,72,86,-14,14
28820,54,63,-9,9
28821,136,141,-5,5
28822,60,62,-2,2
28823,118,119,-1,1
28824,64,64,0,0
28825,78,81,-3,3
28826,76,75,1,1
28827,145,140,5,5
28828,62,77,-15,15
28829,98,105,-7,7
28830,100,103,-3,3
28831,142,139,3,3
28832,77,93,-16,16
28833,81,95,-14,14
28834,79,87,-8,8
28835,78,83,-5,5
28836,84,94,-10,10
28837,63,69,-6,6
28838,94,97,-3,3
28839,89,89,0,0
28840,78,83,-5,5
28841,132,140,-8,8
28842,151,144,7,7
28843,156,156,0,0
28844,41,63,-22,22
28845,106,113,-7,7
28846,99,99,0,0
28847,42,54,-12,12
28848,79,82,-3,3
28849,60,82,-22,22
28850,136,141,-5,5
28851,130,133,-3,3
28852,136,144,-8,8
28853,81,79,2,2
28854,112,113,-1,1
28855,60,73,-13,13
28856,93,85,8,8
28857,103,110,-7,7
28858,180,173,7,7
28859,93,95,-2,2
28860,172,166,6,6
28861,95,117,-22,22
28862,79,94,-15,15
28863,55,65,-10,10
28864,105,110,-5,5
28865,118,118,0,0
28866,111,113,-2,2
28867,66,77,-11,11
28868,146,124,22,22
28869,81,118,-37,37
28870,75,75,0,0
28871,79,90,-11,11
28872,64,68,-4,4
28873,97,106,-9,9
28874,103,107,-4,4
28875,68,75,-7,7
28876,74,85,-11,11
28877,80,76,4,4
28878,90,85,5,5
28879,59,64,-5,5
28880,109,117,-8,8
28881,90,91,-1,1
28882,71,83,-12,12
28883,108,114,-6,6
28884,83,84,-1,1
28885,130,126,4,4
28886,85,93,-8,8
28887,49,67,-18,18
28888,73,80,-7,7
28889,104,109,-5,5
28890,131,135,-4,4
28891,69,76,-7,7
28892,102,102,0,0
28893,74,79,-5,5
28894,58,65,-7,7
28895,167,157,10,10
28896,144,152,-8,8
28897,108,117,-9,9
28898,70,76,-6,6
28899,84,91,-7,7
28900,50,60,-10,10
28901,68,77,-9,9
28902,128,138,-10,10
28903,106,115,-9,9
28904,63,71,-8,8
28905,61,73,-12,12
28906,82,85,-3,3
28907,100,109,-9,9
28908,92,97,-5,5
28909,75,89,-14,14
28910,132,130,2,2
28911,85,101,-16,16
28912,183,173,10,10
28913,115,115,0,0
28914,125,119,6,6
28915,99,100,-1,1
28916,102,104,-2,2
28917,125,132,-7,7
28918,75,81,-6,6
28919,173,166,7,7
28920,66,79,-13,13
28921,90,88,2,2
28922,88,93,-5,5
28923,124,129,-5,5
28924,70,71,-1,1
28925,93,90,3,3
28926,64,67,-3,3
28927,60,65,-5,5
28928,134,140,-6,6
28929,104,102,2,2
28930,44,57,-13,13
28931,109,100,9,9
28932,68,71,-3,3
28933,81,87,-6,6
28934,103,105,-2,2
28935,99,108,-9,9
28936,80,85,-5,5
28937,104,113,-9,9
28938,67,80,-13,13
28939,126,124,2,2
28940,53,61,-8,8
28941,135,136,-1,1
28942,95,90,5,5
28943,95,106,-11,11
28944,63,73,-10,10
28945,140,129,11,11
28946,71,85,-14,14
28947,79,81,-2,2
28948,47,81,-34,34
28949,87,105,-18,18
28950,57,66,-9,9
28951,81,87,-6,6
28952,53,59,-6,6
28953,88,103,-15,15
28954,109,114,-5,5
28955,85,92,-7,7
28956,114,114,0,0
28957,81,92,-11,11
28958,85,100,-15,15
28959,95,100,-5,5
28960,61,78,-17,17
28961,65,71,-6,6
28962,47,66,-19,19
28963,57,62,-5,5
28964,66,80,-14,14
28965,86,95,-9,9
28966,76,81,-5,5
28967,143,136,7,7
28968,79,97,-18,18
28969,87,85,2,2
28970,99,102,-3,3
28971,103,119,-16,16
28972,83,84,-1,1
28973,116,117,-1,1
28974,128,125,3,3
28975,159,155,4,4
28976,113,110,3,3
28977,124,122,2,2
28978,81,92,-11,11
28979,66,63,3,3
28980,82,73,9,9
28981,58,72,-14,14
28982,101,115,-14,14
28983,67,87,-20,20
28984,97,90,7,7
28985,78,89,-11,11
28986,104,113,-9,9
28987,117,124,-7,7
28988,82,98,-16,16
28989,125,130,-5,5
28990,152,153,-1,1
28991,92,101,-9,9
28992,128,124,4,4
28993,68,76,-8,8
28994,101,101,0,0
28995,96,103,-7,7
28996,98,101,-3,3
28997,134,127,7,7
28998,106,115,-9,9
28999,54,60,-6,6
29000,88,104,-16,16
29001,66,67,-1,1
29002,99,102,-3,3
29003,82,89,-7,7
29004,118,126,-8,8
29005,66,70,-4,4
29006,96,96,0,0
29007,139,141,-2,2
29008,25,42,-17,17
29009,123,115,8,8
29010,130,128,2,2
29011,92,93,-1,1
29012,80,100,-20,20
29013,67,67,0,0
29014,71,73,-2,2
29015,92,97,-5,5
29016,113,107,6,6
29017,67,87,-20,20
29018,58,69,-11,11
29019,39,92,-53,53
29020,78,88,-10,10
29021,113,106,7,7
29022,50,60,-10,10
29023,66,71,-5,5
29024,88,91,-3,3
29025,88,108,-20,20
29026,131,125,6,6
29027,64,85,-21,21
29028,91,95,-4,4
29029,101,95,6,6
29030,110,110,0,0
29031,56,71,-15,15
29032,77,83,-6,6
29033,129,129,0,0
29034,91,104,-13,13
29035,97,107,-10,10
29036,98,102,-4,4
29037,75,83,-8,8
29038,109,99,10,10
29039,64,78,-14,14
29040,71,78,-7,7
29041,54,63,-9,9
29042,59,69,-10,10
29043,145,148,-3,3
29044,86,85,1,1
29045,56,61,-5,5
29046,79,92,-13,13
29047,114,118,-4,4
29048,65,80,-15,15
29049,104,102,2,2
29050,61,75,-14,14
29051,155,156,-1,1
29052,106,105,1,1
29053,48,71,-23,23
29054,173,148,25,25
29055,31,55,-24,24
29056,87,95,-8,8
29057,147,145,2,2
29058,79,89,-10,10
29059,92,109,-17,17
29060,100,96,4,4
29061,118,129,-11,11
29062,83,87,-4,4
29063,72,79,-7,7
29064,101,98,3,3
29065,83,93,-10,10
29066,94,100,-6,6
29067,103,112,-9,9
29068,73,79,-6,6
29069,179,174,5,5
29070,115,108,7,7
29071,85,89,-4,4
29072,101,104,-3,3
29073,130,135,-5,5
29074,155,165,-10,10
29075,65,72,-7,7
29076,116,128,-12,12
29077,71,84,-13,13
29078,78,89,-11,11
29079,129,129,0,0
29080,78,78,0,0
29081,141,136,5,5
29082,139,129,10,10
29083,90,91,-1,1
29084,174,165,9,9
29085,92,93,-1,1
29086,76,81,-5,5
29087,40,55,-15,15
29088,36,44,-8,8
29089,78,79,-1,1
29090,89,104,-15,15
29091,63,76,-13,13
29092,79,80,-1,1
29093,127,120,7,7
29094,61,75,-14,14
29095,118,83,35,35
29096,112,106,6,6
29097,131,128,3,3
29098,78,84,-6,6
29099,95,96,-1,1
29100,75,80,-5,5
29101,170,164,6,6
29102,97,104,-7,7
29103,62,71,-9,9
29104,130,126,4,4
29105,116,134,-18,18
29106,72,83,-11,11
29107,89,91,-2,2
29108,95,106,-11,11
29109,82,87,-5,5
29110,54,67,-13,13
29111,102,105,-3,3
29112,106,106,0,0
29113,138,133,5,5
29114,90,98,-8,8
29115,53,71,-18,18
29116,111,102,9,9
29117,91,93,-2,2
29118,84,96,-12,12
29119,116,111,5,5
29120,119,117,2,2
29121,82,88,-6,6
29122,102,102,0,0
29123,64,71,-7,7
29124,40,60,-20,20
29125,104,112,-8,8
29126,73,80,-7,7
29127,92,94,-2,2
29128,127,113,14,14
29129,155,150,5,5
29130,82,90,-8,8
29131,86,93,-7,7
29132,61,62,-1,1
29133,136,127,9,9
29134,123,137,-14,14
29135,40,60,-20,20
29136,103,101,2,2
29137,145,148,-3,3
29138,92,106,-14,14
29139,60,87,-27,27
29140,71,76,-5,5
29141,63,69,-6,6
29142,51,63,-12,12
29143,92,98,-6,6
29144,48,61,-13,13
29145,66,61,5,5
29146,165,151,14,14
29147,114,112,2,2
29148,48,61,-13,13
29149,121,119,2,2
29150,134,127,7,7
29151,68,77,-9,9
29152,34,56,-22,22
29153,68,69,-1,1
29154,72,80,-8,8
29155,63,68,-5,5
29156,59,73,-14,14
29157,94,101,-7,7
29158,59,64,-5,5
29159,77,96,-19,19
29160,119,114,5,5
29161,134,137,-3,3
29162,120,123,-3,3
29163,90,91,-1,1
29164,79,82,-3,3
29165,70,75,-5,5
29166,103,103,0,0
29167,111,104,7,7
29168,62,71,-9,9
29169,139,124,15,15
29170,138,142,-4,4
29171,213,219,-6,6
29172,73,78,-5,5
29173,116,119,-3,3
29174,135,133,2,2
29175,77,78,-1,1
29176,89,87,2,2
29177,40,50,-10,10
29178,82,80,2,2
29179,101,111,-10,10
29180,81,103,-22,22
29181,159,155,4,4
29182,89,98,-9,9
29183,74,88,-14,14
29184,106,107,-1,1
29185,53,72,-19,19
29186,98,125,-27,27
29187,96,98,-2,2
29188,116,124,-8,8
29189,68,77,-9,9
29190,74,80,-6,6
29191,167,169,-2,2
29192,90,102,-12,12
29193,106,107,-1,1
29194,62,64,-2,2
29195,46,59,-13,13
29196,68,82,-14,14
29197,73,77,-4,4
29198,78,83,-5,5
29199,58,64,-6,6
29200,129,124,5,5
29201,79,95,-16,16
29202,92,94,-2,2
29203,34,58,-24,24
29204,81,64,17,17
29205,73,72,1,1
29206,171,169,2,2
29207,90,105,-15,15
29208,70,88,-18,18
29209,199,202,-3,3
29210,68,70,-2,2
29211,161,160,1,1
29212,46,51,-5,5
29213,61,69,-8,8
29214,112,109,3,3
29215,133,127,6,6
29216,91,87,4,4
29217,80,98,-18,18
29218,160,140,20,20
29219,90,95,-5,5
29220,103,98,5,5
29221,87,84,3,3
29222,148,140,8,8
29223,183,137,46,46
29224,87,90,-3,3
29225,161,156,5,5
29226,80,82,-2,2
29227,128,133,-5,5
29228,123,122,1,1
29229,159,151,8,8
29230,48,54,-6,6
29231,77,85,-8,8
29232,87,92,-5,5
29233,53,63,-10,10
29234,118,115,3,3
29235,89,76,13,13
29236,76,82,-6,6
29237,145,134,11,11
29238,125,118,7,7
29239,97,110,-13,13
29240,49,63,-14,14
29241,62,85,-23,23
29242,81,88,-7,7
29243,136,139,-3,3
29244,100,105,-5,5
29245,187,201,-14,14
29246,105,116,-11,11
29247,176,166,10,10
29248,113,116,-3,3
29249,115,128,-13,13
29250,86,96,-10,10
29251,120,113,7,7
29252,74,86,-12,12
29253,86,101,-15,15
29254,99,111,-12,12
29255,70,74,-4,4
29256,109,115,-6,6
29257,110,108,2,2
29258,102,107,-5,5
29259,156,149,7,7
29260,107,114,-7,7
29261,53,64,-11,11
29262,121,118,3,3
29263,97,104,-7,7
29264,103,116,-13,13
29265,66,68,-2,2
29266,108,130,-22,22
29267,59,74,-15,15
29268,64,76,-12,12
29269,70,78,-8,8
29270,86,89,-3,3
29271,118,112,6,6
29272,61,73,-12,12
29273,120,116,4,4
29274,112,111,1,1
29275,176,153,23,23
29276,61,68,-7,7
29277,89,105,-16,16
29278,115,107,8,8
29279,112,107,5,5
29280,110,108,2,2
29281,92,94,-2,2
29282,124,117,7,7
29283,60,68,-8,8
29284,70,72,-2,2
29285,98,99,-1,1
29286,77,83,-6,6
29287,60,64,-4,4
29288,149,148,1,1
29289,135,136,-1,1
29290,71,79,-8,8
29291,47,62,-15,15
29292,141,129,12,12
29293,76,91,-15,15
29294,85,85,0,0
29295,66,74,-8,8
29296,86,91,-5,5
29297,144,141,3,3
29298,74,88,-14,14
29299,181,170,11,11
29300,79,88,-9,9
29301,106,105,1,1
29302,138,135,3,3
29303,91,83,8,8
29304,76,80,-4,4
29305,140,133,7,7
29306,77,84,-7,7
29307,54,73,-19,19
29308,71,82,-11,11
29309,110,100,10,10
29310,90,91,-1,1
29311,116,124,-8,8
29312,83,85,-2,2
29313,59,72,-13,13
29314,92,96,-4,4
29315,144,141,3,3
29316,67,65,2,2
29317,105,107,-2,2
29318,62,66,-4,4
29319,136,129,7,7
29320,111,114,-3,3
29321,64,76,-12,12
29322,73,68,5,5
29323,86,97,-11,11
29324,84,90,-6,6
29325,74,84,-10,10
29326,135,136,-1,1
29327,119,116,3,3
29328,83,95,-12,12
29329,102,105,-3,3
29330,84,97,-13,13
29331,66,121,-55,55
29332,47,53,-6,6
29333,97,96,1,1
29334,106,112,-6,6
29335,75,81,-6,6
29336,108,120,-12,12
29337,154,149,5,5
29338,91,93,-2,2
29339,75,85,-10,10
29340,155,143,12,12
29341,75,91,-16,16
29342,211,190,21,21
29343,69,71,-2,2
29344,52,61,-9,9
29345,84,74,10,10
29346,89,96,-7,7
29347,79,82,-3,3
29348,78,85,-7,7
29349,90,89,1,1
29350,305,272,33,33
29351,83,92,-9,9
29352,193,185,8,8
29353,124,130,-6,6
29354,46,57,-11,11
29355,85,86,-1,1
29356,84,93,-9,9
29357,98,101,-3,3
29358,72,81,-9,9
29359,60,68,-8,8
29360,102,103,-1,1
29361,92,93,-1,1
29362,102,106,-4,4
29363,74,92,-18,18
29364,114,109,5,5
29365,86,98,-12,12
29366,114,120,-6,6
29367,151,162,-11,11
29368,91,95,-4,4
29369,78,77,1,1
29370,153,149,4,4
29371,80,100,-20,20
29372,108,115,-7,7
29373,88,86,2,2
29374,153,142,11,11
29375,71,85,-14,14
29376,95,105,-10,10
29377,127,123,4,4
29378,139,146,-7,7
29379,46,59,-13,13
29380,124,121,3,3
29381,93,100,-7,7
29382,114,109,5,5
29383,93,93,0,0
29384,67,70,-3,3
29385,110,115,-5,5
29386,63,70,-7,7
29387,70,72,-2,2
29388,87,89,-2,2
29389,122,121,1,1
29390,107,118,-11,11
29391,153,148,5,5
29392,94,102,-8,8
29393,101,105,-4,4
29394,78,88,-10,10
29395,82,99,-17,17
29396,88,89,-1,1
29397,94,94,0,0
29398,37,59,-22,22
29399,67,74,-7,7
29400,85,85,0,0
29401,105,97,8,8
29402,40,66,-26,26
29403,194,172,22,22
29404,123,126,-3,3
29405,87,86,1,1
29406,102,103,-1,1
29407,145,142,3,3
29408,68,72,-4,4
29409,159,142,17,17
29410,82,88,-6,6
29411,83,82,1,1
29412,82,87,-5,5
29413,69,71,-2,2
29414,103,109,-6,6
29415,105,111,-6,6
29416,100,119,-19,19
29417,55,61,-6,6
29418,80,86,-6,6
29419,73,85,-12,12
29420,51,42,9,9
29421,124,121,3,3
29422,52,62,-10,10
29423,115,140,-25,25
29424,116,113,3,3
29425,101,106,-5,5
29426,63,61,2,2
29427,52,64,-12,12
29428,84,84,0,0
29429,142,143,-1,1
29430,71,79,-8,8
29431,82,98,-16,16
29432,85,100,-15,15
29433,74,78,-4,4
29434,61,66,-5,5
29435,107,116,-9,9
29436,98,104,-6,6
29437,80,86,-6,6
29438,69,84,-15,15
29439,64,73,-9,9
29440,137,135,2,2
29441,77,83,-6,6
29442,94,110,-16,16
29443,86,89,-3,3
29444,60,73,-13,13
29445,54,73,-19,19
29446,62,71,-9,9
29447,86,91,-5,5
29448,60,68,-8,8
29449,64,70,-6,6
29450,91,98,-7,7
29451,71,74,-3,3
29452,78,91,-13,13
29453,104,103,1,1
29454,103,109,-6,6
29455,167,175,-8,8
29456,129,118,11,11
29457,125,150,-25,25
29458,108,119,-11,11
29459,77,82,-5,5
29460,121,124,-3,3
29461,77,81,-4,4
29462,61,75,-14,14
29463,67,75,-8,8
29464,96,98,-2,2
29465,113,126,-13,13
29466,70,78,-8,8
29467,79,80,-1,1
29468,91,101,-10,10
29469,86,102,-16,16
29470,74,80,-6,6
29471,78,91,-13,13
29472,117,110,7,7
29473,82,76,6,6
29474,79,87,-8,8
29475,138,152,-14,14
29476,92,90,2,2
29477,69,72,-3,3
29478,81,93,-12,12
29479,73,80,-7,7
29480,100,105,-5,5
29481,51,56,-5,5
29482,60,71,-11,11
29483,109,106,3,3
29484,131,131,0,0
29485,71,81,-10,10
29486,77,90,-13,13
29487,97,114,-17,17
29488,69,76,-7,7
29489,124,120,4,4
29490,69,76,-7,7
29491,131,127,4,4
29492,87,96,-9,9
29493,178,177,1,1
29494,111,116,-5,5
29495,122,110,12,12
29496,155,146,9,9
29497,136,122,14,14
29498,113,130,-17,17
29499,64,77,-13,13
29500,111,111,0,0
29501,94,98,-4,4
29502,58,72,-14,14
29503,89,87,2,2
29504,82,84,-2,2
29505,87,99,-12,12
29506,50,66,-16,16
29507,79,83,-4,4
29508,140,126,14,14
29509,134,195,-61,61
29510,119,114,5,5
29511,140,146,-6,6
29512,119,121,-2,2
29513,52,66,-14,14
29514,124,137,-13,13
29515,131,113,18,18
29516,45,60,-15,15
29517,70,76,-6,6
29518,99,103,-4,4
29519,82,84,-2,2
29520,73,74,-1,1
29521,120,135,-15,15
29522,107,113,-6,6
29523,88,94,-6,6
29524,82,85,-3,3
29525,59,65,-6,6
29526,90,103,-13,13
29527,56,72,-16,16
29528,113,118,-5,5
29529,78,79,-1,1
29530,61,75,-14,14
29531,89,93,-4,4
29532,44,59,-15,15
29533,62,66,-4,4
29534,111,116,-5,5
29535,75,83,-8,8
29536,74,78,-4,4
29537,79,77,2,2
29538,89,95,-6,6
29539,94,98,-4,4
29540,116,114,2,2
29541,120,115,5,5
29542,180,169,11,11
29543,48,53,-5,5
29544,85,91,-6,6
29545,112,109,3,3
29546,114,107,7,7
29547,78,84,-6,6
29548,111,130,-19,19
29549,71,81,-10,10
29550,64,74,-10,10
29551,47,54,-7,7
29552,85,94,-9,9
29553,90,102,-12,12
29554,137,128,9,9
29555,138,142,-4,4
29556,64,66,-2,2
29557,78,82,-4,4
29558,42,49,-7,7
29559,98,97,1,1
29560,59,60,-1,1
29561,76,90,-14,14
29562,106,103,3,3
29563,33,48,-15,15
29564,121,123,-2,2
29565,108,107,1,1
29566,76,85,-9,9
29567,64,68,-4,4
29568,73,71,2,2
29569,112,113,-1,1
29570,105,104,1,1
29571,59,73,-14,14
29572,205,175,30,30
29573,78,93,-15,15
29574,79,91,-12,12
29575,123,125,-2,2
29576,83,92,-9,9
29577,115,120,-5,5
29578,75,81,-6,6
29579,86,94,-8,8
29580,111,125,-14,14
29581,82,116,-34,34
29582,157,157,0,0
29583,58,65,-7,7
29584,101,102,-1,1
29585,99,104,-5,5
29586,96,103,-7,7
29587,133,145,-12,12
29588,93,99,-6,6
29589,79,81,-2,2
29590,87,79,8,8
29591,101,113,-12,12
29592,73,78,-5,5
29593,76,81,-5,5
29594,110,105,5,5
29595,100,101,-1,1
29596,87,93,-6,6
29597,126,133,-7,7
29598,81,80,1,1
29599,70,87,-17,17
29600,139,143,-4,4
29601,74,79,-5,5
29602,147,126,21,21
29603,92,89,3,3
29604,133,117,16,16
29605,87,90,-3,3
29606,96,105,-9,9
29607,70,104,-34,34
29608,75,89,-14,14
29609,121,116,5,5
29610,88,92,-4,4
29611,96,105,-9,9
29612,196,140,56,56
29613,90,98,-8,8
29614,110,110,0,0
29615,59,65,-6,6
29616,131,129,2,2
29617,56,64,-8,8
29618,98,109,-11,11
29619,94,95,-1,1
29620,73,84,-11,11
29621,52,57,-5,5
29622,97,96,1,1
29623,119,117,2,2
29624,94,91,3,3
29625,144,139,5,5
29626,128,128,0,0
29627,81,83,-2,2
29628,101,97,4,4
29629,138,133,5,5
29630,68,71,-3,3
29631,124,108,16,16
29632,61,82,-21,21
29633,118,111,7,7
29634,69,79,-10,10
29635,84,92,-8,8
29636,175,160,15,15
29637,54,61,-7,7
29638,72,91,-19,19
29639,82,80,2,2
29640,102,99,3,3
29641,107,111,-4,4
29642,110,111,-1,1
29643,128,131,-3,3
29644,132,138,-6,6
29645,80,82,-2,2
29646,60,71,-11,11
29647,54,65,-11,11
29648,89,98,-9,9
29649,90,99,-9,9
29650,62,84,-22,22
29651,64,88,-24,24
29652,74,74,0,0
29653,123,211,-88,88
29654,77,82,-5,5
29655,79,81,-2,2
29656,88,93,-5,5
29657,77,92,-15,15
29658,96,102,-6,6
29659,80,86,-6,6
29660,104,105,-1,1
29661,46,59,-13,13
29662,70,85,-15,15
29663,93,106,-13,13
29664,103,102,1,1
29665,117,113,4,4
29666,80,89,-9,9
29667,93,98,-5,5
29668,88,97,-9,9
29669,101,100,1,1
29670,69,75,-6,6
29671,97,101,-4,4
29672,56,63,-7,7
29673,101,103,-2,2
29674,122,119,3,3
29675,95,106,-11,11
29676,113,118,-5,5
29677,150,147,3,3
29678,164,165,-1,1
29679,87,92,-5,5
29680,128,126,2,2
29681,66,74,-8,8
29682,68,67,1,1
29683,120,116,4,4
29684,151,152,-1,1
29685,72,72,0,0
29686,89,102,-13,13
29687,231,224,7,7
29688,49,73,-24,24
29689,68,72,-4,4
29690,81,85,-4,4
29691,96,104,-8,8
29692,123,117,6,6
29693,88,90,-2,2
29694,188,181,7,7
29695,78,78,0,0
29696,78,86,-8,8
29697,105,113,-8,8
29698,102,105,-3,3
29699,74,88,-14,14
29700,74,84,-10,10
29701,63,74,-11,11
29702,106,109,-3,3
29703,90,91,-1,1
29704,100,102,-2,2
29705,106,110,-4,4
29706,74,85,-11,11
29707,75,86,-11,11
29708,119,133,-14,14
29709,115,120,-5,5
29710,125,119,6,6
29711,106,108,-2,2
29712,113,123,-10,10
29713,81,85,-4,4
29714,84,86,-2,2
29715,79,94,-15,15
29716,129,125,4,4
29717,55,61,-6,6
29718,99,106,-7,7
29719,88,99,-11,11
29720,129,115,14,14
29721,92,98,-6,6
29722,113,119,-6,6
29723,67,74,-7,7
29724,96,114,-18,18
29725,64,78,-14,14
29726,132,146,-14,14
29727,172,156,16,16
29728,104,112,-8,8
29729,83,84,-1,1
29730,70,88,-18,18
29731,104,109,-5,5
29732,78,78,0,0
29733,66,89,-23,23
29734,81,87,-6,6
29735,63,74,-11,11
29736,74,84,-10,10
29737,109,100,9,9
29738,70,74,-4,4
29739,91,88,3,3
29740,95,102,-7,7
29741,76,87,-11,11
29742,68,72,-4,4
29743,92,97,-5,5
29744,65,70,-5,5
29745,36,53,-17,17
29746,105,109,-4,4
29747,110,111,-1,1
29748,121,117,4,4
29749,49,54,-5,5
29750,98,91,7,7
29751,117,113,4,4
29752,52,112,-60,60
29753,84,95,-11,11
29754,148,145,3,3
29755,63,69,-6,6
29756,63,77,-14,14
29757,92,99,-7,7
29758,85,85,0,0
29759,93,95,-2,2
29760,88,82,6,6
29761,80,88,-8,8
29762,83,90,-7,7
29763,61,73,-12,12
29764,76,84,-8,8
29765,81,95,-14,14
29766,75,75,0,0
29767,61,61,0,0
29768,110,114,-4,4
29769,91,91,0,0
29770,63,62,1,1
29771,126,131,-5,5
29772,102,98,4,4
29773,102,102,0,0
29774,107,108,-1,1
29775,49,62,-13,13
29776,71,83,-12,12
29777,70,93,-23,23
29778,94,101,-7,7
29779,201,194,7,7
29780,80,88,-8,8
29781,62,67,-5,5
29782,97,101,-4,4
29783,77,85,-8,8
29784,74,92,-18,18
29785,55,66,-11,11
29786,88,91,-3,3
29787,27,54,-27,27
29788,64,69,-5,5
29789,95,115,-20,20
29790,74,83,-9,9
29791,99,108,-9,9
29792,68,74,-6,6
29793,65,75,-10,10
29794,97,107,-10,10
29795,73,79,-6,6
29796,88,93,-5,5
29797,121,131,-10,10
29798,102,101,1,1
29799,101,111,-10,10
29800,78,91,-13,13
29801,156,144,12,12
29802,76,90,-14,14
29803,66,70,-4,4
29804,91,106,-15,15
29805,82,82,0,0
29806,150,151,-1,1
29807,46,59,-13,13
29808,164,164,0,0
29809,134,136,-2,2
29810,124,124,0,0
29811,75,82,-7,7
29812,64,75,-11,11
29813,207,195,12,12
29814,125,131,-6,6
29815,143,135,8,8
29816,79,79,0,0
29817,62,69,-7,7
29818,149,154,-5,5
29819,136,135,1,1
29820,48,58,-10,10
29821,117,110,7,7
29822,50,62,-12,12
29823,88,91,-3,3
29824,62,71,-9,9
29825,37,51,-14,14
29826,142,133,9,9
29827,59,66,-7,7
29828,123,124,-1,1
29829,78,83,-5,5
29830,117,114,3,3
29831,84,94,-10,10
29832,191,179,12,12
29833,176,162,14,14
29834,68,66,2,2
29835,58,65,-7,7
29836,74,82,-8,8
29837,166,163,3,3
29838,178,169,9,9
29839,102,108,-6,6
29840,106,106,0,0
29841,121,129,-8,8
29842,157,153,4,4
29843,60,63,-3,3
29844,116,116,0,0
29845,133,137,-4,4
29846,50,60,-10,10
29847,90,96,-6,6
29848,138,132,6,6
29849,216,211,5,5
29850,114,119,-5,5
29851,107,116,-9,9
29852,68,69,-1,1
29853,52,65,-13,13
29854,139,134,5,5
29855,98,94,4,4
29856,143,140,3,3
29857,97,95,2,2
29858,80,90,-10,10
29859,60,62,-2,2
29860,104,110,-6,6
29861,102,112,-10,10
29862,155,151,4,4
29863,157,150,7,7
29864,122,111,11,11
29865,89,94,-5,5
29866,68,74,-6,6
29867,68,74,-6,6
29868,102,112,-10,10
29869,107,120,-13,13
29870,62,68,-6,6
29871,145,153,-8,8
29872,92,95,-3,3
29873,113,112,1,1
29874,72,73,-1,1
29875,67,73,-6,6
29876,86,93,-7,7
29877,78,87,-9,9
29878,94,101,-7,7
29879,103,97,6,6
29880,145,154,-9,9
29881,74,86,-12,12
29882,128,137,-9,9
29883,146,126,20,20
29884,54,66,-12,12
29885,162,151,11,11
29886,150,152,-2,2
29887,57,71,-14,14
29888,118,124,-6,6
29889,37,48,-11,11
29890,121,116,5,5
29891,130,127,3,3
29892,62,72,-10,10
29893,66,73,-7,7
29894,119,107,12,12
29895,120,114,6,6
29896,100,114,-14,14
29897,121,135,-14,14
29898,85,99,-14,14
29899,99,101,-2,2
29900,63,75,-12,12
29901,98,95,3,3
29902,62,67,-5,5
29903,78,84,-6,6
29904,61,66,-5,5
29905,110,105,5,5
29906,90,95,-5,5
29907,125,104,21,21
29908,59,59,0,0
29909,83,85,-2,2
29910,103,116,-13,13
29911,66,72,-6,6
29912,131,137,-6,6
29913,72,82,-10,10
29914,56,68,-12,12
29915,110,116,-6,6
29916,72,82,-10,10
29917,120,128,-8,8
29918,82,92,-10,10
29919,79,92,-13,13
29920,169,165,4,4
29921,140,147,-7,7
29922,139,131,8,8
29923,53,66,-13,13
29924,93,106,-13,13
29925,95,93,2,2
29926,91,96,-5,5
29927,96,95,1,1
29928,115,115,0,0
29929,80,78,2,2
29930,61,71,-10,10
29931,125,134,-9,9
29932,79,81,-2,2
29933,113,109,4,4
29934,113,126,-13,13
29935,79,86,-7,7
29936,143,135,8,8
29937,69,91,-22,22
29938,71,102,-31,31
29939,67,78,-11,11
29940,53,59,-6,6
29941,132,143,-11,11
29942,129,126,3,3
29943,85,89,-4,4
29944,107,109,-2,2
29945,143,143,0,0
29946,57,62,-5,5
29947,99,103,-4,4
29948,54,68,-14,14
29949,102,112,-10,10
29950,64,72,-8,8
29951,86,103,-17,17
29952,88,91,-3,3
29953,170,154,16,16
29954,71,79,-8,8
29955,127,131,-4,4
29956,61,70,-9,9
29957,63,75,-12,12
29958,46,59,-13,13
29959,78,76,2,2
29960,85,99,-14,14
29961,86,82,4,4
29962,91,92,-1,1
29963,75,78,-3,3
29964,75,83,-8,8
29965,73,103,-30,30
29966,74,79,-5,5
29967,69,81,-12,12
29968,77,78,-1,1
29969,119,123,-4,4
29970,77,96,-19,19
29971,143,142,1,1
29972,132,139,-7,7
29973,89,98,-9,9
29974,60,65,-5,5
29975,131,143,-12,12
29976,83,81,2,2
29977,80,86,-6,6
29978,92,92,0,0
29979,187,190,-3,3
29980,128,135,-7,7
29981,151,142,9,9
29982,44,54,-10,10
29983,83,94,-11,11
29984,78,81,-3,3
29985,81,88,-7,7
29986,73,79,-6,6
29987,138,143,-5,5
29988,45,54,-9,9
29989,58,70,-12,12
29990,105,108,-3,3
29991,103,108,-5,5
29992,91,94,-3,3
29993,48,62,-14,14
29994,74,87,-13,13
29995,104,96,8,8
29996,69,79,-10,10
29997,62,73,-11,11
29998,140,156,-16,16
29999,129,155,-26,26
30000,98,100,-2,2
30001,99,100,-1,1
30002,71,77,-6,6
30003,149,160,-11,11
30004,101,109,-8,8
30005,114,127,-13,13
30006,181,176,5,5
30007,112,125,-13,13
30008,112,116,-4,4
30009,95,104,-9,9
30010,133,136,-3,3
30011,168,156,12,12
30012,24,54,-30,30
30013,119,117,2,2
30014,102,104,-2,2
30015,84,87,-3,3
30016,134,134,0,0
30017,69,71,-2,2
30018,66,69,-3,3
30019,74,74,0,0
30020,113,113,0,0
30021,64,76,-12,12
30022,79,82,-3,3
30023,103,94,9,9
30024,107,112,-5,5
30025,66,80,-14,14
30026,88,93,-5,5
30027,158,162,-4,4
30028,123,115,8,8
30029,73,87,-14,14
30030,105,104,1,1
30031,65,73,-8,8
30032,119,124,-5,5
30033,68,72,-4,4
30034,64,71,-7,7
30035,74,79,-5,5
30036,23,35,-12,12
30037,97,100,-3,3
30038,124,122,2,2
30039,72,81,-9,9
30040,132,132,0,0
30041,42,61,-19,19
30042,121,115,6,6
30043,89,91,-2,2
30044,113,111,2,2
30045,114,112,2,2
30046,57,62,-5,5
30047,63,71,-8,8
30048,121,121,0,0
30049,144,141,3,3
30050,118,121,-3,3
30051,64,72,-8,8
30052,121,123,-2,2
30053,135,131,4,4
30054,80,92,-12,12
30055,110,109,1,1
30056,100,102,-2,2
30057,94,106,-12,12
30058,83,86,-3,3
30059,87,101,-14,14
30060,67,72,-5,5
30061,95,109,-14,14
30062,88,87,1,1
30063,93,98,-5,5
30064,91,83,8,8
30065,133,131,2,2
30066,77,104,-27,27
30067,106,114,-8,8
30068,53,65,-12,12
30069,89,97,-8,8
30070,154,129,25,25
30071,98,109,-11,11
30072,54,65,-11,11
30073,79,88,-9,9
30074,115,116,-1,1
30075,135,138,-3,3
30076,81,85,-4,4
30077,56,72,-16,16
30078,54,71,-17,17
30079,73,70,3,3
30080,80,92,-12,12
30081,114,114,0,0
30082,170,175,-5,5
30083,124,122,2,2
30084,63,68,-5,5
30085,93,112,-19,19
30086,77,82,-5,5
30087,178,174,4,4
30088,67,73,-6,6
30089,72,70,2,2
30090,60,69,-9,9
30091,64,70,-6,6
30092,85,90,-5,5
30093,158,153,5,5
30094,124,117,7,7
30095,70,118,-48,48
30096,61,76,-15,15
30097,110,121,-11,11
30098,94,106,-12,12
30099,161,154,7,7
30100,98,100,-2,2
30101,165,155,10,10
30102,82,92,-10,10
30103,102,112,-10,10
30104,105,107,-2,2
30105,85,99,-14,14
30106,106,117,-11,11
30107,91,92,-1,1
30108,86,95,-9,9
30109,44,54,-10,10
30110,96,107,-11,11
30111,114,110,4,4
30112,83,90,-7,7
30113,24,25,-1,1
30114,75,88,-13,13
30115,140,150,-10,10
30116,46,56,-10,10
30117,80,84,-4,4
30118,82,107,-25,25
30119,125,124,1,1
30120,56,67,-11,11
30121,76,81,-5,5
30122,44,52,-8,8
30123,102,95,7,7
30124,146,144,2,2
30125,46,56,-10,10
30126,80,87,-7,7
30127,117,128,-11,11
30128,85,82,3,3
30129,60,64,-4,4
30130,81,97,-16,16
30131,42,49,-7,7
30132,79,98,-19,19
30133,98,97,1,1
30134,110,110,0,0
30135,74,78,-4,4
30136,54,60,-6,6
30137,113,121,-8,8
30138,78,94,-16,16
30139,52,57,-5,5
30140,449,449,0,0
30141,121,124,-3,3
30142,68,70,-2,2
30143,35,50,-15,15
30144,36,48,-12,12
30145,81,93,-12,12
30146,155,156,-1,1
30147,207,186,21,21
30148,105,116,-11,11
30149,66,79,-13,13
30150,105,96,9,9
30151,63,66,-3,3
30152,97,97,0,0
30153,114,109,5,5
30154,69,75,-6,6
30155,181,182,-1,1
30156,58,70,-12,12
30157,56,67,-11,11
30158,41,50,-9,9
30159,61,75,-14,14
30160,108,121,-13,13
30161,113,110,3,3
30162,46,50,-4,4
30163,85,85,0,0
30164,109,117,-8,8
30165,144,147,-3,3
30166,45,83,-38,38
30167,56,63,-7,7
30168,71,73,-2,2
30169,83,82,1,1
30170,72,79,-7,7
30171,92,90,2,2
30172,97,120,-23,23
30173,52,61,-9,9
30174,135,141,-6,6
30175,69,78,-9,9
30176,88,96,-8,8
30177,79,83,-4,4
30178,74,79,-5,5
30179,74,82,-8,8
30180,102,113,-11,11
30181,154,145,9,9
30182,225,212,13,13
30183,98,109,-11,11
30184,77,84,-7,7
30185,164,148,16,16
30186,144,122,22,22
30187,75,77,-2,2
30188,142,151,-9,9
30189,115,120,-5,5
30190,81,87,-6,6
30191,103,110,-7,7
30192,94,107,-13,13
30193,76,103,-27,27
30194,50,63,-13,13
30195,108,121,-13,13
30196,146,141,5,5
30197,90,96,-6,6
30198,129,129,0,0
30199,74,89,-15,15
30200,105,102,3,3
30201,91,95,-4,4
30202,121,131,-10,10
30203,109,100,9,9
30204,85,104,-19,19
30205,111,126,-15,15
30206,136,136,0,0
30207,74,79,-5,5
30208,89,104,-15,15
30209,102,106,-4,4
30210,63,63,0,0
30211,113,120,-7,7
30212,92,87,5,5
30213,87,96,-9,9
30214,98,99,-1,1
30215,111,117,-6,6
30216,116,114,2,2
30217,133,139,-6,6
30218,160,149,11,11
30219,86,89,-3,3
30220,132,133,-1,1
30221,110,113,-3,3
30222,53,62,-9,9
30223,95,100,-5,5
30224,88,92,-4,4
30225,56,64,-8,8
30226,75,85,-10,10
30227,76,83,-7,7
30228,47,56,-9,9
30229,96,95,1,1
30230,39,67,-28,28
30231,159,143,16,16
30232,61,70,-9,9
30233,53,60,-7,7
30234,84,93,-9,9
30235,85,85,0,0
30236,82,92,-10,10
30237,88,98,-10,10
30238,87,93,-6,6
30239,111,113,-2,2
30240,161,155,6,6
30241,131,138,-7,7
30242,89,87,2,2
30243,156,156,0,0
30244,61,68,-7,7
30245,94,108,-14,14
30246,102,94,8,8
30247,167,172,-5,5
30248,182,171,11,11
30249,59,62,-3,3
30250,162,148,14,14
30251,132,132,0,0
30252,66,69,-3,3
30253,88,94,-6,6
30254,106,93,13,13
30255,59,67,-8,8
30256,86,91,-5,5
30257,45,58,-13,13
30258,42,59,-17,17
30259,54,60,-6,6
30260,79,87,-8,8
30261,139,146,-7,7
30262,98,107,-9,9
30263,113,117,-4,4
30264,87,93,-6,6
30265,55,67,-12,12
30266,47,57,-10,10
30267,93,104,-11,11
30268,55,66,-11,11
30269,113,144,-31,31
30270,87,86,1,1
30271,138,143,-5,5
30272,106,101,5,5
30273,76,83,-7,7
30274,89,92,-3,3
30275,90,90,0,0
30276,119,115,4,4
30277,106,109,-3,3
30278,89,91,-2,2
30279,80,90,-10,10
30280,77,85,-8,8
30281,138,129,9,9
30282,99,99,0,0
30283,70,83,-13,13
30284,107,110,-3,3
30285,64,73,-9,9
30286,123,123,0,0
30287,75,84,-9,9
30288,46,60,-14,14
30289,94,100,-6,6
30290,68,73,-5,5
30291,116,128,-12,12
30292,68,85,-17,17
30293,42,47,-5,5
30294,74,70,4,4
30295,102,109,-7,7
30296,111,111,0,0
30297,102,115,-13,13
30298,155,177,-22,22
30299,97,106,-9,9
30300,75,82,-7,7
30301,158,169,-11,11
30302,66,62,4,4
30303,72,76,-4,4
30304,197,169,28,28
30305,133,118,15,15
30306,103,115,-12,12
30307,119,120,-1,1
30308,88,97,-9,9
30309,56,71,-15,15
30310,59,74,-15,15
30311,73,92,-19,19
30312,100,99,1,1
30313,83,80,3,3
30314,104,105,-1,1
30315,91,101,-10,10
30316,86,92,-6,6
30317,62,66,-4,4
30318,90,107,-17,17
30319,79,86,-7,7
30320,127,132,-5,5
30321,108,121,-13,13
30322,38,74,-36,36
30323,63,81,-18,18
30324,55,66,-11,11
30325,111,99,12,12
30326,53,68,-15,15
30327,77,83,-6,6
30328,143,147,-4,4
30329,136,132,4,4
30330,47,61,-14,14
30331,85,85,0,0
30332,96,99,-3,3
30333,87,87,0,0
30334,87,91,-4,4
30335,144,133,11,11
30336,105,103,2,2
30337,96,109,-13,13
30338,78,84,-6,6
30339,140,156,-16,16
30340,69,74,-5,5
30341,41,58,-17,17
30342,73,87,-14,14
30343,75,82,-7,7
30344,54,67,-13,13
30345,71,84,-13,13
30346,92,102,-10,10
30347,78,84,-6,6
30348,106,109,-3,3
30349,77,86,-9,9
30350,74,81,-7,7
30351,59,62,-3,3
30352,94,111,-17,17
30353,86,89,-3,3
30354,102,116,-14,14
30355,87,97,-10,10
30356,121,122,-1,1
30357,75,76,-1,1
30358,108,111,-3,3
30359,174,158,16,16
30360,119,117,2,2
30361,84,95,-11,11
30362,98,101,-3,3
30363,84,94,-10,10
30364,89,87,2,2
30365,87,85,2,2
30366,43,59,-16,16
30367,95,107,-12,12
30368,62,72,-10,10
30369,97,110,-13,13
30370,110,113,-3,3
30371,102,113,-11,11
30372,95,102,-7,7
30373,84,93,-9,9
30374,88,93,-5,5
30375,101,106,-5,5
30376,154,159,-5,5
30377,159,153,6,6
30378,103,105,-2,2
30379,75,83,-8,8
30380,119,110,9,9
30381,27,39,-12,12
30382,77,89,-12,12
30383,169,152,17,17
30384,151,157,-6,6
30385,72,70,2,2
30386,145,130,15,15
30387,62,75,-13,13
30388,52,75,-23,23
30389,69,83,-14,14
30390,74,81,-7,7
30391,102,91,11,11
30392,91,100,-9,9
30393,93,95,-2,2
30394,81,87,-6,6
30395,137,137,0,0
30396,157,159,-2,2
30397,48,60,-12,12
30398,122,126,-4,4
30399,64,71,-7,7
30400,175,167,8,8
30401,74,70,4,4
30402,47,58,-11,11
30403,103,106,-3,3
30404,88,98,-10,10
30405,64,83,-19,19
30406,94,96,-2,2
30407,111,114,-3,3
30408,209,180,29,29
30409,80,86,-6,6
30410,108,117,-9,9
30411,103,102,1,1
30412,93,124,-31,31
30413,86,94,-8,8
30414,105,106,-1,1
30415,110,109,1,1
30416,82,91,-9,9
30417,69,69,0,0
30418,43,52,-9,9
30419,74,88,-14,14
30420,131,123,8,8
30421,137,140,-3,3
30422,110,118,-8,8
30423,61,72,-11,11
30424,90,94,-4,4
30425,78,82,-4,4
30426,82,90,-8,8
30427,82,91,-9,9
30428,66,74,-8,8
30429,136,141,-5,5
30430,112,109,3,3
30431,71,78,-7,7
30432,114,118,-4,4
30433,105,154,-49,49
30434,93,88,5,5
30435,122,129,-7,7
30436,167,169,-2,2
30437,67,69,-2,2
30438,62,86,-24,24
30439,116,119,-3,3
30440,120,112,8,8
30441,126,125,1,1
30442,110,110,0,0
30443,85,93,-8,8
30444,124,129,-5,5
30445,129,136,-7,7
30446,99,120,-21,21
30447,172,165,7,7
30448,76,86,-10,10
30449,64,68,-4,4
30450,138,130,8,8
30451,59,66,-7,7
30452,123,120,3,3
30453,140,111,29,29
30454,67,74,-7,7
30455,211,196,15,15
30456,155,144,11,11
30457,84,103,-19,19
30458,125,127,-2,2
30459,72,79,-7,7
30460,121,131,-10,10
30461,121,128,-7,7
30462,141,144,-3,3
30463,67,72,-5,5
30464,73,104,-31,31
30465,107,114,-7,7
30466,72,72,0,0
30467,65,75,-10,10
30468,82,85,-3,3
30469,87,83,4,4
30470,87,90,-3,3
30471,52,63,-11,11
30472,84,84,0,0
30473,81,84,-3,3
30474,75,88,-13,13
30475,126,126,0,0
30476,45,57,-12,12
30477,48,64,-16,16
30478,77,86,-9,9
30479,150,139,11,11
30480,100,105,-5,5
30481,128,138,-10,10
30482,86,92,-6,6
30483,72,69,3,3
30484,108,109,-1,1
30485,61,50,11,11
30486,121,129,-8,8
30487,132,136,-4,4
30488,112,121,-9,9
30489,148,143,5,5
30490,89,107,-18,18
30491,47,62,-15,15
30492,75,82,-7,7
30493,113,131,-18,18
30494,82,92,-10,10
30495,82,87,-5,5
30496,155,145,10,10
30497,114,114,0,0
30498,85,97,-12,12
30499,97,105,-8,8
30500,117,110,7,7
30501,57,69,-12,12
30502,121,124,-3,3
30503,50,60,-10,10
30504,32,44,-12,12
30505,126,127,-1,1
30506,85,96,-11,11
30507,45,64,-19,19
30508,105,107,-2,2
30509,84,93,-9,9
30510,99,97,2,2
30511,129,103,26,26
30512,115,116,-1,1
30513,127,132,-5,5
30514,42,73,-31,31
30515,86,99,-13,13
30516,106,110,-4,4
30517,108,112,-4,4
30518,143,142,1,1
30519,98,109,-11,11
30520,131,113,18,18
30521,117,120,-3,3
30522,82,82,0,0
30523,79,88,-9,9
30524,58,65,-7,7
30525,96,94,2,2
30526,105,98,7,7
30527,103,121,-18,18
30528,72,93,-21,21
30529,108,121,-13,13
30530,155,151,4,4
30531,164,152,12,12
30532,60,65,-5,5
30533,130,126,4,4
30534,123,123,0,0
30535,104,113,-9,9
30536,79,82,-3,3
30537,136,138,-2,2
30538,130,132,-2,2
30539,135,123,12,12
30540,77,81,-4,4
30541,136,131,5,5
30542,107,93,14,14
30543,127,122,5,5
30544,116,121,-5,5
30545,132,132,0,0
30546,88,86,2,2
30547,74,78,-4,4
30548,71,86,-15,15
30549,53,61,-8,8
30550,57,63,-6,6
30551,189,181,8,8
30552,49,57,-8,8
30553,124,130,-6,6
30554,127,125,2,2
30555,45,69,-24,24
30556,110,123,-13,13
30557,104,112,-8,8
30558,82,86,-4,4
30559,133,131,2,2
30560,229,212,17,17
30561,64,74,-10,10
30562,107,100,7,7
30563,109,111,-2,2
30564,174,163,11,11
30565,176,171,5,5
30566,101,96,5,5
30567,113,113,0,0
30568,139,133,6,6
30569,56,63,-7,7
30570,75,78,-3,3
30571,89,94,-5,5
30572,34,48,-14,14
30573,130,131,-1,1
30574,81,83,-2,2
30575,103,114,-11,11
30576,99,106,-7,7
30577,136,142,-6,6
30578,37,53,-16,16
30579,82,82,0,0
30580,125,127,-2,2
30581,121,121,0,0
30582,94,96,-2,2
30583,67,71,-4,4
30584,110,123,-13,13
30585,82,85,-3,3
30586,106,121,-15,15
30587,154,146,8,8
30588,97,104,-7,7
30589,65,74,-9,9
30590,81,94,-13,13
30591,53,63,-10,10
30592,123,118,5,5
30593,123,117,6,6
30594,60,58,2,2
30595,59,70,-11,11
30596,71,103,-32,32
30597,154,149,5,5
30598,89,91,-2,2
30599,89,89,0,0
30600,95,94,1,1
30601,78,84,-6,6
30602,79,89,-10,10
30603,132,136,-4,4
30604,124,132,-8,8
30605,125,123,2,2
30606,73,84,-11,11
30607,109,118,-9,9
30608,84,90,-6,6
30609,114,122,-8,8
30610,98,104,-6,6
30611,229,216,13,13
30612,118,126,-8,8
30613,105,110,-5,5
30614,56,68,-12,12
30615,86,89,-3,3
30616,72,81,-9,9
30617,144,169,-25,25
30618,151,144,7,7
30619,91,95,-4,4
30620,134,140,-6,6
30621,142,141,1,1
30622,119,122,-3,3
30623,115,114,1,1
30624,122,128,-6,6
30625,121,115,6,6
30626,145,157,-12,12
30627,151,147,4,4
30628,99,86,13,13
30629,90,95,-5,5
30630,115,145,-30,30
30631,65,87,-22,22
30632,90,93,-3,3
30633,78,86,-8,8
30634,65,78,-13,13
30635,77,85,-8,8
30636,64,71,-7,7
30637,204,190,14,14
30638,134,143,-9,9
30639,144,137,7,7
30640,127,135,-8,8
30641,88,88,0,0
30642,61,72,-11,11
30643,118,121,-3,3
30644,91,97,-6,6
30645,143,125,18,18
30646,166,151,15,15
30647,77,80,-3,3
30648,97,99,-2,2
30649,97,105,-8,8
30650,98,91,7,7
30651,71,75,-4,4
30652,77,79,-2,2
30653,145,144,1,1
30654,127,126,1,1
30655,144,143,1,1
30656,128,123,5,5
30657,148,144,4,4
30658,67,72,-5,5
30659,147,150,-3,3
30660,85,101,-16,16
30661,98,106,-8,8
30662,72,78,-6,6
30663,74,86,-12,12
30664,111,116,-5,5
30665,80,83,-3,3
30666,73,78,-5,5
30667,79,89,-10,10
30668,90,84,6,6
30669,104,102,2,2
30670,70,77,-7,7
30671,99,105,-6,6
30672,64,73,-9,9
30673,68,79,-11,11
30674,96,99,-3,3
30675,44,58,-14,14
30676,84,90,-6,6
30677,81,82,-1,1
30678,152,151,1,1
30679,69,80,-11,11
30680,86,107,-21,21
30681,89,99,-10,10
30682,151,145,6,6
30683,80,96,-16,16
30684,97,110,-13,13
30685,55,60,-5,5
30686,126,120,6,6
30687,110,122,-12,12
30688,112,124,-12,12
30689,156,145,11,11
30690,52,59,-7,7
30691,88,96,-8,8
30692,98,110,-12,12
30693,131,126,5,5
30694,114,113,1,1
30695,154,157,-3,3
30696,52,62,-10,10
30697,134,140,-6,6
30698,60,66,-6,6
30699,68,77,-9,9
30700,119,123,-4,4
30701,61,87,-26,26
30702,94,109,-15,15
30703,98,111,-13,13
30704,103,119,-16,16
30705,120,127,-7,7
30706,97,100,-3,3
30707,126,121,5,5
30708,103,106,-3,3
30709,97,103,-6,6
30710,89,92,-3,3
30711,69,74,-5,5
30712,58,68,-10,10
30713,109,109,0,0
30714,91,86,5,5
30715,76,81,-5,5
30716,206,198,8,8
30717,109,105,4,4
30718,167,162,5,5
30719,124,125,-1,1
30720,68,71,-3,3
30721,162,141,21,21
30722,92,96,-4,4
30723,160,164,-4,4
30724,107,110,-3,3
30725,104,97,7,7
30726,72,70,2,2
30727,59,70,-11,11
30728,102,99,3,3
30729,110,127,-17,17
30730,71,79,-8,8
30731,96,95,1,1
30732,117,119,-2,2
30733,67,78,-11,11
30734,64,74,-10,10
30735,111,113,-2,2
30736,54,59,-5,5
30737,70,78,-8,8
30738,89,92,-3,3
30739,125,134,-9,9
30740,81,94,-13,13
30741,132,127,5,5
30742,122,126,-4,4
30743,83,94,-11,11
30744,49,67,-18,18
30745,134,126,8,8
30746,86,93,-7,7
30747,87,89,-2,2
30748,113,115,-2,2
30749,147,150,-3,3
30750,57,73,-16,16
30751,81,83,-2,2
30752,84,99,-15,15
30753,130,126,4,4
30754,103,103,0,0
30755,57,67,-10,10
30756,58,67,-9,9
30757,147,133,14,14
30758,136,138,-2,2
30759,78,89,-11,11
30760,92,99,-7,7
30761,69,83,-14,14
30762,151,143,8,8
30763,155,159,-4,4
30764,80,89,-9,9
30765,71,78,-7,7
30766,113,178,-65,65
30767,129,117,12,12
30768,113,117,-4,4
30769,82,93,-11,11
30770,69,64,5,5
30771,95,97,-2,2
30772,86,93,-7,7
30773,86,87,-1,1
30774,73,75,-2,2
30775,84,91,-7,7
30776,99,100,-1,1
30777,159,145,14,14
30778,94,101,-7,7
30779,93,98,-5,5
30780,52,62,-10,10
30781,92,97,-5,5
30782,77,91,-14,14
30783,83,89,-6,6
30784,145,150,-5,5
30785,89,90,-1,1
30786,98,98,0,0
30787,128,136,-8,8
30788,70,87,-17,17
30789,85,89,-4,4
30790,94,100,-6,6
30791,63,76,-13,13
30792,120,112,8,8
30793,93,106,-13,13
30794,113,113,0,0
30795,164,171,-7,7
30796,121,120,1,1
30797,61,64,-3,3
30798,100,111,-11,11
30799,67,66,1,1
30800,107,114,-7,7
30801,56,62,-6,6
30802,79,86,-7,7
30803,116,150,-34,34
30804,139,137,2,2
30805,112,127,-15,15
30806,92,97,-5,5
30807,108,109,-1,1
30808,124,135,-11,11
30809,158,164,-6,6
30810,106,116,-10,10
30811,132,132,0,0
30812,100,101,-1,1
30813,64,104,-40,40
30814,128,125,3,3
30815,53,61,-8,8
30816,54,59,-5,5
30817,81,87,-6,6
30818,67,75,-8,8
30819,97,120,-23,23
30820,129,121,8,8
30821,122,111,11,11
30822,139,140,-1,1
30823,44,53,-9,9
30824,131,135,-4,4
30825,67,79,-12,12
30826,115,119,-4,4
30827,53,62,-9,9
30828,84,89,-5,5
30829,124,127,-3,3
30830,74,73,1,1
30831,104,112,-8,8
30832,70,81,-11,11
30833,112,119,-7,7
30834,90,84,6,6
30835,83,105,-22,22
30836,71,79,-8,8
30837,81,87,-6,6
30838,124,144,-20,20
30839,161,162,-1,1
30840,52,59,-7,7
30841,78,91,-13,13
30842,57,61,-4,4
30843,113,115,-2,2
30844,105,102,3,3
30845,119,117,2,2
30846,48,61,-13,13
30847,123,140,-17,17
30848,96,98,-2,2
30849,124,118,6,6
30850,129,137,-8,8
30851,125,132,-7,7
30852,104,110,-6,6
30853,117,119,-2,2
30854,151,150,1,1
30855,125,124,1,1
30856,87,100,-13,13
30857,71,78,-7,7
30858,58,64,-6,6
30859,127,134,-7,7
30860,143,126,17,17
30861,78,84,-6,6
30862,114,127,-13,13
30863,49,55,-6,6
30864,86,93,-7,7
30865,81,95,-14,14
30866,85,92,-7,7
30867,158,139,19,19
30868,57,61,-4,4
30869,109,111,-2,2
30870,95,98,-3,3
30871,45,55,-10,10
30872,76,95,-19,19
30873,83,88,-5,5
30874,100,119,-19,19
30875,65,85,-20,20
30876,76,85,-9,9
30877,47,66,-19,19
30878,70,77,-7,7
30879,157,158,-1,1
30880,204,183,21,21
30881,88,91,-3,3
30882,93,90,3,3
30883,53,68,-15,15
30884,97,105,-8,8
30885,84,87,-3,3
30886,66,79,-13,13
30887,73,82,-9,9
30888,64,76,-12,12
30889,102,99,3,3
30890,56,67,-11,11
30891,73,83,-10,10
30892,78,87,-9,9
30893,64,81,-17,17
30894,89,98,-9,9
30895,108,112,-4,4
30896,79,80,-1,1
30897,99,107,-8,8
30898,104,105,-1,1
30899,174,159,15,15
30900,76,86,-10,10
30901,67,82,-15,15
30902,103,104,-1,1
30903,72,76,-4,4
30904,65,84,-19,19
30905,79,88,-9,9
30906,39,74,-35,35
30907,42,53,-11,11
30908,43,57,-14,14
30909,130,130,0,0
30910,56,61,-5,5
30911,67,78,-11,11
30912,61,69,-8,8
30913,79,73,6,6
30914,122,108,14,14
30915,121,122,-1,1
30916,87,85,2,2
30917,95,103,-8,8
30918,76,81,-5,5
30919,98,93,5,5
30920,149,151,-2,2
30921,37,51,-14,14
30922,91,86,5,5
30923,99,101,-2,2
30924,64,81,-17,17
30925,113,114,-1,1
30926,82,90,-8,8
30927,71,79,-8,8
30928,103,112,-9,9
30929,58,68,-10,10
30930,112,113,-1,1
30931,61,71,-10,10
30932,60,74,-14,14
30933,118,127,-9,9
30934,48,59,-11,11
30935,86,81,5,5
30936,61,74,-13,13
30937,123,116,7,7
30938,151,148,3,3
30939,50,59,-9,9
30940,123,131,-8,8
30941,186,177,9,9
30942,59,72,-13,13
30943,141,143,-2,2
30944,130,150,-20,20
30945,83,83,0,0
30946,63,71,-8,8
30947,168,153,15,15
30948,88,93,-5,5
30949,49,64,-15,15
30950,47,61,-14,14
30951,81,90,-9,9
30952,176,154,22,22
30953,58,67,-9,9
30954,48,50,-2,2
30955,117,121,-4,4
30956,115,112,3,3
30957,120,119,1,1
30958,90,98,-8,8
30959,46,63,-17,17
30960,113,131,-18,18
30961,64,77,-13,13
30962,126,123,3,3
30963,153,140,13,13
30964,114,111,3,3
30965,182,183,-1,1
30966,114,120,-6,6
30967,91,94,-3,3
30968,116,113,3,3
30969,135,128,7,7
30970,70,78,-8,8
30971,80,80,0,0
30972,50,72,-22,22
30973,90,95,-5,5
30974,50,64,-14,14
30975,144,128,16,16
30976,77,95,-18,18
30977,81,86,-5,5
30978,41,49,-8,8
30979,80,89,-9,9
30980,97,98,-1,1
30981,65,73,-8,8
30982,70,77,-7,7
30983,176,184,-8,8
30984,143,143,0,0
30985,79,87,-8,8
30986,122,117,5,5
30987,135,138,-3,3
30988,85,97,-12,12
30989,50,66,-16,16
30990,88,91,-3,3
30991,120,114,6,6
30992,134,135,-1,1
30993,74,79,-5,5
30994,86,97,-11,11
30995,95,99,-4,4
30996,56,67,-11,11
30997,92,95,-3,3
30998,86,92,-6,6
30999,70,93,-23,23
31000,81,84,-3,3
31001,113,121,-8,8
31002,99,98,1,1
31003,77,87,-10,10
31004,31,40,-9,9
31005,99,101,-2,2
31006,85,89,-4,4
31007,80,92,-12,12
31008,92,95,-3,3
31009,56,65,-9,9
31010,139,154,-15,15
31011,51,55,-4,4
31012,36,50,-14,14
31013,126,120,6,6
31014,76,85,-9,9
31015,96,114,-18,18
31016,87,94,-7,7
31017,117,119,-2,2
31018,102,110,-8,8
31019,89,98,-9,9
31020,107,96,11,11
31021,79,86,-7,7
31022,89,93,-4,4
31023,67,68,-1,1
31024,114,115,-1,1
31025,69,77,-8,8
31026,115,103,12,12
31027,168,172,-4,4
31028,84,95,-11,11
31029,79,67,12,12
31030,133,141,-8,8
31031,123,112,11,11
31032,102,114,-12,12
31033,123,117,6,6
31034,97,93,4,4
31035,89,96,-7,7
31036,92,102,-10,10
31037,171,158,13,13
31038,72,73,-1,1
31039,92,105,-13,13
31040,54,68,-14,14
31041,113,118,-5,5
31042,110,102,8,8
31043,64,70,-6,6
31044,64,70,-6,6
31045,69,71,-2,2
31046,81,86,-5,5
31047,101,108,-7,7
31048,92,98,-6,6
31049,85,100,-15,15
31050,58,69,-11,11
31051,124,122,2,2
31052,81,84,-3,3
31053,108,105,3,3
31054,93,94,-1,1
31055,70,70,0,0
31056,119,103,16,16
31057,65,72,-7,7
31058,90,86,4,4
31059,53,60,-7,7
31060,73,84,-11,11
31061,52,67,-15,15
31062,97,104,-7,7
31063,118,109,9,9
31064,95,97,-2,2
31065,89,94,-5,5
31066,66,71,-5,5
31067,75,89,-14,14
31068,107,105,2,2
31069,63,68,-5,5
31070,148,140,8,8
31071,110,114,-4,4
31072,96,109,-13,13
31073,123,125,-2,2
31074,123,118,5,5
31075,106,100,6,6
31076,101,97,4,4
31077,105,112,-7,7
31078,94,106,-12,12
31079,53,75,-22,22
31080,53,72,-19,19
31081,116,122,-6,6
31082,122,131,-9,9
31083,96,105,-9,9
31084,117,114,3,3
31085,105,104,1,1
31086,74,82,-8,8
31087,43,58,-15,15
31088,110,115,-5,5
31089,71,78,-7,7
31090,72,74,-2,2
31091,109,108,1,1
31092,142,144,-2,2
31093,69,71,-2,2
31094,127,139,-12,12
31095,113,124,-11,11
31096,61,69,-8,8
31097,108,107,1,1
31098,83,84,-1,1
31099,58,71,-13,13
31100,107,109,-2,2
31101,108,129,-21,21
31102,97,98,-1,1
31103,101,98,3,3
31104,101,112,-11,11
31105,123,119,4,4
31106,68,78,-10,10
31107,89,90,-1,1
31108,47,59,-12,12
31109,128,119,9,9
31110,117,119,-2,2
31111,94,93,1,1
31112,111,109,2,2
31113,51,61,-10,10
31114,65,81,-16,16
31115,79,101,-22,22
31116,140,141,-1,1
31117,152,138,14,14
31118,108,113,-5,5
31119,115,112,3,3
31120,78,93,-15,15
31121,100,105,-5,5
31122,69,82,-13,13
31123,127,128,-1,1
31124,64,66,-2,2
31125,148,144,4,4
31126,105,108,-3,3
31127,123,121,2,2
31128,56,66,-10,10
31129,60,77,-17,17
31130,100,99,1,1
31131,77,104,-27,27
31132,89,113,-24,24
31133,63,76,-13,13
31134,70,76,-6,6
31135,74,75,-1,1
31136,74,90,-16,16
31137,149,137,12,12
31138,60,72,-12,12
31139,115,164,-49,49
31140,65,76,-11,11
31141,95,95,0,0
31142,126,145,-19,19
31143,84,98,-14,14
31144,114,105,9,9
31145,130,124,6,6
31146,117,115,2,2
31147,135,145,-10,10
31148,110,119,-9,9
31149,74,76,-2,2
31150,91,107,-16,16
31151,102,99,3,3
31152,76,88,-12,12
31153,81,96,-15,15
31154,117,114,3,3
31155,58,66,-8,8
31156,52,74,-22,22
31157,44,68,-24,24
31158,126,134,-8,8
31159,102,108,-6,6
31160,68,69,-1,1
31161,96,116,-20,20
31162,116,107,9,9
31163,96,97,-1,1
31164,44,59,-15,15
31165,49,54,-5,5
31166,109,110,-1,1
31167,40,57,-17,17
31168,84,118,-34,34
31169,57,65,-8,8
31170,85,97,-12,12
31171,44,56,-12,12
31172,77,81,-4,4
31173,70,88,-18,18
31174,63,75,-12,12
31175,75,78,-3,3
31176,88,94,-6,6
31177,98,99,-1,1
31178,66,90,-24,24
31179,78,80,-2,2
31180,95,108,-13,13
31181,99,130,-31,31
31182,20,98,-78,78
31183,88,98,-10,10
31184,165,160,5,5
31185,127,124,3,3
31186,55,66,-11,11
31187,145,142,3,3
31188,72,80,-8,8
31189,84,82,2,2
31190,62,74,-12,12
31191,107,106,1,1
31192,113,100,13,13
31193,64,73,-9,9
31194,132,117,15,15
31195,80,83,-3,3
31196,64,74,-10,10
31197,58,74,-16,16
31198,53,72,-19,19
31199,101,103,-2,2
31200,97,94,3,3
31201,93,100,-7,7
31202,87,82,5,5
31203,78,81,-3,3
31204,70,69,1,1
31205,119,90,29,29
31206,66,74,-8,8
31207,82,97,-15,15
31208,117,109,8,8
31209,106,108,-2,2
31210,79,83,-4,4
31211,129,161,-32,32
31212,95,92,3,3
31213,66,79,-13,13
31214,63,67,-4,4
31215,128,130,-2,2
31216,86,83,3,3
31217,87,103,-16,16
31218,115,110,5,5
31219,126,128,-2,2
31220,66,110,-44,44
31221,138,140,-2,2
31222,118,110,8,8
31223,105,108,-3,3
31224,59,72,-13,13
31225,51,65,-14,14
31226,45,67,-22,22
31227,79,85,-6,6
31228,103,92,11,11
31229,86,115,-29,29
31230,63,68,-5,5
31231,104,111,-7,7
31232,144,142,2,2
31233,160,153,7,7
31234,55,65,-10,10
31235,83,89,-6,6
31236,104,107,-3,3
31237,61,72,-11,11
31238,92,102,-10,10
31239,72,81,-9,9
31240,103,103,0,0
31241,192,168,24,24
31242,89,88,1,1
31243,76,80,-4,4
31244,70,83,-13,13
31245,81,80,1,1
31246,96,100,-4,4
31247,120,119,1,1
31248,88,96,-8,8
31249,81,83,-2,2
31250,91,95,-4,4
31251,104,101,3,3
31252,71,78,-7,7
31253,51,59,-8,8
31254,138,134,4,4
31255,88,81,7,7
31256,64,81,-17,17
31257,108,113,-5,5
31258,120,123,-3,3
31259,78,105,-27,27
31260,158,145,13,13
31261,185,164,21,21
31262,168,176,-8,8
31263,96,104,-8,8
31264,100,86,14,14
31265,48,109,-61,61
31266,80,86,-6,6
31267,49,61,-12,12
31268,108,114,-6,6
31269,71,79,-8,8
31270,111,114,-3,3
31271,75,76,-1,1
31272,117,119,-2,2
31273,156,143,13,13
31274,111,109,2,2
31275,108,114,-6,6
31276,54,65,-11,11
31277,83,95,-12,12
31278,91,90,1,1
31279,53,68,-15,15
31280,46,57,-11,11
31281,39,57,-18,18
31282,97,110,-13,13
31283,97,116,-19,19
31284,93,92,1,1
31285,173,162,11,11
31286,76,80,-4,4
31287,146,142,4,4
31288,128,138,-10,10
31289,81,83,-2,2
31290,90,97,-7,7
31291,109,114,-5,5
31292,123,115,8,8
31293,100,106,-6,6
31294,77,88,-11,11
31295,77,85,-8,8
31296,109,123,-14,14
31297,85,86,-1,1
31298,94,97,-3,3
31299,57,65,-8,8
31300,51,60,-9,9
31301,50,66,-16,16
31302,80,82,-2,2
31303,73,74,-1,1
31304,68,81,-13,13
31305,153,142,11,11
31306,120,130,-10,10
31307,99,102,-3,3
31308,97,98,-1,1
31309,82,85,-3,3
31310,85,102,-17,17
31311,84,93,-9,9
31312,93,108,-15,15
31313,55,67,-12,12
31314,53,63,-10,10
31315,148,143,5,5
31316,115,128,-13,13
31317,116,117,-1,1
31318,109,102,7,7
31319,72,80,-8,8
31320,85,94,-9,9
31321,78,75,3,3
31322,133,128,5,5
31323,89,91,-2,2
31324,53,71,-18,18
31325,145,157,-12,12
31326,75,76,-1,1
31327,60,70,-10,10
31328,71,75,-4,4
31329,62,71,-9,9
31330,165,156,9,9
31331,51,68,-17,17
31332,146,156,-10,10
31333,64,71,-7,7
31334,75,89,-14,14
31335,79,80,-1,1
31336,85,92,-7,7
31337,100,103,-3,3
31338,119,119,0,0
31339,106,117,-11,11
31340,79,84,-5,5
31341,163,156,7,7
31342,121,129,-8,8
31343,66,77,-11,11
31344,114,117,-3,3
31345,77,87,-10,10
31346,57,69,-12,12
31347,87,96,-9,9
31348,86,87,-1,1
31349,71,84,-13,13
31350,124,122,2,2
31351,65,70,-5,5
31352,111,111,0,0
31353,62,76,-14,14
31354,94,91,3,3
31355,76,83,-7,7
31356,122,138,-16,16
31357,136,153,-17,17
31358,76,81,-5,5
31359,82,103,-21,21
31360,62,68,-6,6
31361,65,68,-3,3
31362,63,77,-14,14
31363,50,60,-10,10
31364,56,82,-26,26
31365,80,92,-12,12
31366,95,94,1,1
31367,94,102,-8,8
31368,90,85,5,5
31369,116,106,10,10
31370,113,109,4,4
31371,70,74,-4,4
31372,31,44,-13,13
31373,70,81,-11,11
31374,72,73,-1,1
31375,92,91,1,1
31376,82,85,-3,3
31377,58,76,-18,18
31378,104,120,-16,16
31379,75,80,-5,5
31380,90,100,-10,10
31381,130,131,-1,1
31382,126,128,-2,2
31383,89,91,-2,2
31384,108,109,-1,1
31385,51,64,-13,13
31386,132,132,0,0
31387,91,94,-3,3
31388,109,119,-10,10
31389,103,121,-18,18
31390,87,86,1,1
31391,123,126,-3,3
31392,109,106,3,3
31393,77,98,-21,21
31394,96,102,-6,6
31395,82,88,-6,6
31396,111,115,-4,4
31397,72,76,-4,4
31398,117,114,3,3
31399,117,119,-2,2
31400,137,136,1,1
31401,107,100,7,7
31402,91,96,-5,5
31403,110,110,0,0
31404,76,88,-12,12
31405,83,83,0,0
31406,142,145,-3,3
31407,97,101,-4,4
31408,54,60,-6,6
31409,71,82,-11,11
31410,91,106,-15,15
31411,100,109,-9,9
31412,47,59,-12,12
31413,114,109,5,5
31414,65,64,1,1
31415,33,49,-16,16
31416,88,93,-5,5
31417,102,113,-11,11
31418,72,94,-22,22
31419,95,102,-7,7
31420,100,103,-3,3
31421,200,194,6,6
31422,147,134,13,13
31423,98,110,-12,12
31424,111,111,0,0
31425,105,108,-3,3
31426,89,95,-6,6
31427,108,113,-5,5
31428,35,71,-36,36
31429,54,67,-13,13
31430,124,125,-1,1
31431,90,88,2,2
31432,130,128,2,2
31433,138,134,4,4
31434,143,132,11,11
31435,74,82,-8,8
31436,47,62,-15,15
31437,64,74,-10,10
31438,174,176,-2,2
31439,96,97,-1,1
31440,132,134,-2,2
31441,66,79,-13,13
31442,105,107,-2,2
31443,128,133,-5,5
31444,99,105,-6,6
31445,70,75,-5,5
31446,62,65,-3,3
31447,78,82,-4,4
31448,93,105,-12,12
31449,89,83,6,6
31450,104,116,-12,12
31451,74,78,-4,4
31452,102,91,11,11
31453,58,65,-7,7
31454,89,94,-5,5
31455,84,81,3,3
31456,128,121,7,7
31457,91,99,-8,8
31458,80,77,3,3
31459,84,101,-17,17
31460,100,110,-10,10
31461,115,114,1,1
31462,92,100,-8,8
31463,155,158,-3,3
31464,175,153,22,22
31465,79,81,-2,2
31466,70,71,-1,1
31467,64,81,-17,17
31468,111,116,-5,5
31469,83,87,-4,4
31470,92,98,-6,6
31471,153,149,4,4
31472,138,142,-4,4
31473,90,108,-18,18
31474,104,114,-10,10
31475,52,57,-5,5
31476,72,81,-9,9
31477,76,85,-9,9
31478,69,75,-6,6
31479,145,141,4,4
31480,67,72,-5,5
31481,79,81,-2,2
31482,103,99,4,4
31483,145,150,-5,5
31484,86,92,-6,6
31485,112,113,-1,1
31486,130,126,4,4
31487,173,163,10,10
31488,75,80,-5,5
31489,195,169,26,26
31490,93,96,-3,3
31491,102,104,-2,2
31492,64,67,-3,3
31493,68,71,-3,3
31494,58,70,-12,12
31495,93,85,8,8
31496,119,104,15,15
31497,54,61,-7,7
31498,72,93,-21,21
31499,82,88,-6,6
31500,130,131,-1,1
31501,75,83,-8,8
31502,73,83,-10,10
31503,72,83,-11,11
31504,243,257,-14,14
31505,62,88,-26,26
31506,79,76,3,3
31507,129,139,-10,10
31508,119,117,2,2
31509,121,124,-3,3
31510,135,133,2,2
31511,64,64,0,0
31512,84,88,-4,4
31513,68,78,-10,10
31514,89,89,0,0
31515,59,62,-3,3
31516,67,80,-13,13
31517,108,119,-11,11
31518,55,66,-11,11
31519,161,142,19,19
31520,75,84,-9,9
31521,113,111,2,2
31522,102,103,-1,1
31523,116,114,2,2
31524,134,132,2,2
31525,161,133,28,28
31526,122,114,8,8
31527,103,102,1,1
31528,75,82,-7,7
31529,162,145,17,17
31530,76,89,-13,13
31531,57,66,-9,9
31532,74,85,-11,11
31533,78,77,1,1
31534,68,72,-4,4
31535,101,98,3,3
31536,66,77,-11,11
31537,61,74,-13,13
31538,120,118,2,2
31539,62,66,-4,4
31540,149,135,14,14
31541,85,98,-13,13
31542,126,118,8,8
31543,192,183,9,9
31544,94,99,-5,5
31545,69,78,-9,9
31546,99,91,8,8
31547,114,108,6,6
31548,75,82,-7,7
31549,113,128,-15,15
31550,165,156,9,9
31551,133,128,5,5
31552,86,96,-10,10
31553,72,73,-1,1
31554,97,105,-8,8
31555,113,149,-36,36
31556,110,115,-5,5
31557,119,125,-6,6
31558,60,69,-9,9
31559,72,90,-18,18
31560,110,113,-3,3
31561,151,136,15,15
31562,70,82,-12,12
31563,89,98,-9,9
31564,112,112,0,0
31565,70,78,-8,8
31566,64,71,-7,7
31567,155,159,-4,4
31568,103,104,-1,1
31569,115,114,1,1
31570,57,63,-6,6
31571,92,107,-15,15
31572,96,94,2,2
31573,61,70,-9,9
31574,144,130,14,14
31575,75,82,-7,7
31576,138,135,3,3
31577,103,110,-7,7
31578,118,109,9,9
31579,80,94,-14,14
31580,107,106,1,1
31581,84,89,-5,5
31582,87,86,1,1
31583,56,63,-7,7
31584,129,124,5,5
31585,94,97,-3,3
31586,72,87,-15,15
31587,193,187,6,6
31588,141,130,11,11
31589,98,103,-5,5
31590,116,128,-12,12
31591,154,149,5,5
31592,116,126,-10,10
31593,75,87,-12,12
31594,107,108,-1,1
31595,83,83,0,0
31596,103,116,-13,13
31597,99,101,-2,2
31598,109,116,-7,7
31599,95,98,-3,3
31600,85,84,1,1
31601,81,86,-5,5
31602,112,103,9,9
31603,82,85,-3,3
31604,56,63,-7,7
31605,64,74,-10,10
31606,105,128,-23,23
31607,118,120,-2,2
31608,82,92,-10,10
31609,96,100,-4,4
31610,69,72,-3,3
31611,128,130,-2,2
31612,88,97,-9,9
31613,90,93,-3,3
31614,141,140,1,1
31615,75,92,-17,17
31616,108,115,-7,7
31617,153,149,4,4
31618,101,102,-1,1
31619,76,86,-10,10
31620,86,99,-13,13
31621,49,55,-6,6
31622,130,127,3,3
31623,95,100,-5,5
31624,33,55,-22,22
31625,156,162,-6,6
31626,49,54,-5,5
31627,89,89,0,0
31628,86,83,3,3
31629,80,83,-3,3
31630,97,99,-2,2
31631,59,72,-13,13
31632,153,145,8,8
31633,51,59,-8,8
31634,88,84,4,4
31635,145,161,-16,16
31636,165,179,-14,14
31637,74,86,-12,12
31638,80,95,-15,15
31639,101,98,3,3
31640,46,59,-13,13
31641,62,70,-8,8
31642,107,99,8,8
31643,66,75,-9,9
31644,153,151,2,2
31645,75,83,-8,8
31646,49,60,-11,11
31647,120,128,-8,8
31648,131,129,2,2
31649,106,113,-7,7
31650,147,143,4,4
31651,81,89,-8,8
31652,94,101,-7,7
31653,57,72,-15,15
31654,61,79,-18,18
31655,47,58,-11,11
31656,53,61,-8,8
31657,117,116,1,1
31658,98,87,11,11
31659,48,57,-9,9
31660,190,187,3,3
31661,68,80,-12,12
31662,106,107,-1,1
31663,57,72,-15,15
31664,131,135,-4,4
31665,132,131,1,1
31666,74,82,-8,8
31667,125,128,-3,3
31668,86,94,-8,8
31669,49,59,-10,10
31670,95,89,6,6
31671,67,70,-3,3
31672,82,92,-10,10
31673,93,108,-15,15
31674,52,66,-14,14
31675,55,65,-10,10
31676,111,111,0,0
31677,73,76,-3,3
31678,72,86,-14,14
31679,160,158,2,2
31680,97,107,-10,10
31681,95,94,1,1
31682,117,100,17,17
31683,67,66,1,1
31684,55,68,-13,13
31685,103,102,1,1
31686,108,120,-12,12
31687,82,80,2,2
31688,155,145,10,10
31689,87,93,-6,6
31690,88,92,-4,4
31691,84,103,-19,19
31692,66,85,-19,19
31693,59,66,-7,7
31694,80,84,-4,4
31695,120,129,-9,9
31696,92,100,-8,8
31697,36,44,-8,8
31698,89,86,3,3
31699,113,106,7,7
31700,86,99,-13,13
31701,117,143,-26,26
31702,78,80,-2,2
31703,72,85,-13,13
31704,76,75,1,1
31705,76,83,-7,7
31706,87,93,-6,6
31707,76,106,-30,30
31708,79,75,4,4
31709,51,55,-4,4
31710,121,132,-11,11
31711,100,96,4,4
31712,83,90,-7,7
31713,84,80,4,4
31714,100,110,-10,10
31715,125,123,2,2
31716,73,75,-2,2
31717,59,69,-10,10
31718,79,89,-10,10
31719,76,90,-14,14
31720,108,116,-8,8
31721,64,80,-16,16
31722,101,100,1,1
31723,140,127,13,13
31724,89,93,-4,4
31725,72,76,-4,4
31726,82,94,-12,12
31727,68,77,-9,9
31728,41,58,-17,17
31729,77,84,-7,7
31730,150,145,5,5
31731,121,118,3,3
31732,96,121,-25,25
31733,50,59,-9,9
31734,45,59,-14,14
31735,118,129,-11,11
31736,108,109,-1,1
31737,74,79,-5,5
31738,148,143,5,5
31739,109,112,-3,3
31740,53,65,-12,12
31741,69,70,-1,1
31742,75,84,-9,9
31743,75,96,-21,21
31744,93,94,-1,1
31745,36,48,-12,12
31746,62,76,-14,14
31747,139,141,-2,2
31748,67,73,-6,6
31749,199,195,4,4
31750,61,65,-4,4
31751,66,74,-8,8
31752,58,67,-9,9
31753,58,69,-11,11
31754,98,107,-9,9
31755,65,69,-4,4
31756,96,101,-5,5
31757,105,113,-8,8
31758,44,56,-12,12
31759,116,116,0,0
31760,87,88,-1,1
31761,94,100,-6,6
31762,130,134,-4,4
31763,103,108,-5,5
31764,85,87,-2,2
31765,94,109,-15,15
31766,78,84,-6,6
31767,120,118,2,2
31768,48,59,-11,11
31769,107,104,3,3
31770,87,98,-11,11
31771,115,120,-5,5
31772,122,125,-3,3
31773,137,129,8,8
31774,19,39,-20,20
31775,90,97,-7,7
31776,45,52,-7,7
31777,53,67,-14,14
31778,132,121,11,11
31779,54,59,-5,5
31780,123,135,-12,12
31781,88,108,-20,20
31782,90,94,-4,4
31783,112,115,-3,3
31784,67,71,-4,4
31785,50,67,-17,17
31786,65,71,-6,6
31787,44,54,-10,10
31788,86,99,-13,13
31789,65,74,-9,9
31790,80,105,-25,25
31791,128,123,5,5
31792,166,141,25,25
31793,105,103,2,2
31794,77,83,-6,6
31795,113,122,-9,9
31796,82,88,-6,6
31797,94,103,-9,9
31798,123,121,2,2
31799,118,122,-4,4
31800,159,148,11,11
31801,100,90,10,10
31802,95,97,-2,2
31803,128,129,-1,1
31804,67,84,-17,17
31805,131,121,10,10
31806,78,83,-5,5
31807,58,67,-9,9
31808,126,123,3,3
31809,136,141,-5,5
31810,75,79,-4,4
31811,100,102,-2,2
31812,52,60,-8,8
31813,94,83,11,11
31814,64,78,-14,14
31815,65,77,-12,12
31816,85,91,-6,6
31817,100,103,-3,3
31818,134,135,-1,1
31819,88,95,-7,7
31820,87,92,-5,5
31821,112,116,-4,4
31822,222,199,23,23
31823,103,101,2,2
31824,131,152,-21,21
31825,143,135,8,8
31826,89,97,-8,8
31827,144,136,8,8
31828,90,94,-4,4
31829,117,113,4,4
31830,41,51,-10,10
31831,161,158,3,3
31832,87,97,-10,10
31833,67,75,-8,8
31834,89,97,-8,8
31835,58,60,-2,2
31836,54,61,-7,7
31837,66,68,-2,2
31838,62,72,-10,10
31839,46,59,-13,13
31840,116,123,-7,7
31841,146,150,-4,4
31842,153,159,-6,6
31843,110,101,9,9
31844,83,80,3,3
31845,138,127,11,11
31846,117,114,3,3
31847,86,87,-1,1
31848,170,166,4,4
31849,96,108,-12,12
31850,57,62,-5,5
31851,102,100,2,2
31852,96,102,-6,6
31853,88,89,-1,1
31854,117,126,-9,9
31855,83,103,-20,20
31856,94,107,-13,13
31857,68,85,-17,17
31858,81,80,1,1
31859,165,164,1,1
31860,93,91,2,2
31861,169,167,2,2
31862,79,89,-10,10
31863,91,92,-1,1
31864,96,100,-4,4
31865,107,96,11,11
31866,98,100,-2,2
31867,81,82,-1,1
31868,125,130,-5,5
31869,111,111,0,0
31870,50,62,-12,12
31871,102,109,-7,7
31872,94,94,0,0
31873,57,62,-5,5
31874,110,112,-2,2
31875,89,87,2,2
31876,69,73,-4,4
31877,116,121,-5,5
31878,135,126,9,9
31879,76,78,-2,2
31880,98,92,6,6
31881,72,73,-1,1
31882,68,81,-13,13
31883,77,81,-4,4
31884,125,135,-10,10
31885,115,111,4,4
31886,136,127,9,9
31887,80,84,-4,4
31888,82,90,-8,8
31889,76,86,-10,10
31890,82,83,-1,1
31891,138,130,8,8
31892,108,105,3,3
31893,153,147,6,6
31894,76,80,-4,4
31895,100,96,4,4
31896,97,105,-8,8
31897,119,120,-1,1
31898,35,49,-14,14
31899,39,50,-11,11
31900,102,103,-1,1
31901,93,110,-17,17
31902,122,119,3,3
31903,88,90,-2,2
31904,84,91,-7,7
31905,207,194,13,13
31906,67,76,-9,9
31907,111,116,-5,5
31908,75,82,-7,7
31909,112,110,2,2
31910,59,72,-13,13
31911,66,72,-6,6
31912,161,158,3,3
31913,80,92,-12,12
31914,64,81,-17,17
31915,123,91,32,32
31916,123,118,5,5
31917,144,146,-2,2
31918,61,70,-9,9
31919,85,81,4,4
31920,100,98,2,2
31921,100,100,0,0
31922,65,67,-2,2
31923,75,82,-7,7
31924,104,99,5,5
31925,112,126,-14,14
31926,93,92,1,1
31927,69,70,-1,1
31928,58,67,-9,9
31929,120,111,9,9
31930,131,122,9,9
31931,101,99,2,2
31932,156,156,0,0
31933,83,85,-2,2
31934,62,71,-9,9
31935,94,100,-6,6
31936,87,97,-10,10
31937,182,167,15,15
31938,132,129,3,3
31939,100,112,-12,12
31940,74,82,-8,8
31941,57,69,-12,12
31942,95,101,-6,6
31943,64,65,-1,1
31944,99,103,-4,4
31945,102,113,-11,11
31946,144,138,6,6
31947,152,145,7,7
31948,66,70,-4,4
31949,57,68,-11,11
31950,73,86,-13,13
31951,85,86,-1,1
31952,111,106,5,5
31953,78,84,-6,6
31954,87,90,-3,3
31955,58,72,-14,14
31956,125,129,-4,4
31957,98,99,-1,1
31958,127,126,1,1
31959,125,117,8,8
31960,107,112,-5,5
31961,57,70,-13,13
31962,161,152,9,9
31963,109,107,2,2
31964,110,104,6,6
31965,64,69,-5,5
31966,304,313,-9,9
31967,75,80,-5,5
31968,161,164,-3,3
31969,85,99,-14,14
31970,124,110,14,14
31971,53,61,-8,8
31972,98,108,-10,10
31973,124,125,-1,1
31974,67,71,-4,4
31975,59,73,-14,14
31976,115,108,7,7
31977,91,90,1,1
31978,108,115,-7,7
31979,82,91,-9,9
31980,104,100,4,4
31981,65,81,-16,16
31982,107,109,-2,2
31983,140,145,-5,5
31984,83,89,-6,6
31985,128,145,-17,17
31986,65,66,-1,1
31987,70,78,-8,8
31988,160,165,-5,5
31989,94,97,-3,3
31990,74,76,-2,2
31991,99,106,-7,7
31992,105,108,-3,3
31993,65,79,-14,14
31994,46,56,-10,10
31995,72,78,-6,6
31996,53,60,-7,7
31997,110,111,-1,1
31998,100,98,2,2
31999,65,76,-11,11
32000,102,104,-2,2
32001,128,126,2,2
32002,90,90,0,0
32003,139,154,-15,15
32004,145,134,11,11
32005,89,91,-2,2
32006,68,84,-16,16
32007,64,72,-8,8
32008,79,92,-13,13
32009,86,82,4,4
32010,60,73,-13,13
32011,101,99,2,2
32012,36,53,-17,17
32013,103,105,-2,2
32014,52,59,-7,7
32015,152,150,2,2
32016,80,95,-15,15
32017,142,131,11,11
32018,129,122,7,7
32019,140,122,18,18
32020,49,59,-10,10
32021,147,152,-5,5
32022,100,94,6,6
32023,59,74,-15,15
32024,106,112,-6,6
32025,88,94,-6,6
32026,86,94,-8,8
32027,106,101,5,5
32028,110,112,-2,2
32029,43,53,-10,10
32030,114,123,-9,9
32031,77,80,-3,3
32032,103,108,-5,5
32033,125,130,-5,5
32034,65,74,-9,9
32035,105,106,-1,1
32036,98,118,-20,20
32037,132,147,-15,15
32038,119,120,-1,1
32039,80,87,-7,7
32040,107,111,-4,4
32041,94,91,3,3
32042,59,70,-11,11
32043,109,115,-6,6
32044,144,150,-6,6
32045,45,57,-12,12
32046,66,57,9,9
32047,122,128,-6,6
32048,88,93,-5,5
32049,53,57,-4,4
32050,58,71,-13,13
32051,68,78,-10,10
32052,104,100,4,4
32053,129,138,-9,9
32054,55,63,-8,8
32055,80,78,2,2
32056,100,110,-10,10
32057,64,80,-16,16
32058,150,146,4,4
32059,80,84,-4,4
32060,96,94,2,2
32061,83,88,-5,5
32062,39,50,-11,11
32063,112,103,9,9
32064,146,142,4,4
32065,91,102,-11,11
32066,77,91,-14,14
32067,121,127,-6,6
32068,113,114,-1,1
32069,132,142,-10,10
32070,102,110,-8,8
32071,71,74,-3,3
32072,81,82,-1,1
32073,60,78,-18,18
32074,112,106,6,6
32075,95,93,2,2
32076,116,115,1,1
32077,85,93,-8,8
32078,116,128,-12,12
32079,107,111,-4,4
32080,156,143,13,13
32081,84,93,-9,9
32082,77,84,-7,7
32083,111,108,3,3
32084,61,90,-29,29
32085,124,131,-7,7
32086,106,100,6,6
32087,116,120,-4,4
32088,64,84,-20,20
32089,108,110,-2,2
32090,76,80,-4,4
32091,72,82,-10,10
32092,75,82,-7,7
32093,66,69,-3,3
32094,128,141,-13,13
32095,189,161,28,28
32096,120,124,-4,4
32097,64,70,-6,6
32098,141,144,-3,3
32099,96,98,-2,2
32100,170,166,4,4
32101,83,89,-6,6
32102,101,105,-4,4
32103,81,94,-13,13
32104,43,56,-13,13
32105,150,145,5,5
32106,70,71,-1,1
32107,89,89,0,0
32108,115,113,2,2
32109,103,107,-4,4
32110,54,63,-9,9
32111,63,67,-4,4
32112,127,139,-12,12
32113,96,88,8,8
32114,79,98,-19,19
32115,83,93,-10,10
32116,108,106,2,2
32117,116,114,2,2
32118,121,121,0,0
32119,127,117,10,10
32120,109,116,-7,7
32121,96,102,-6,6
32122,82,86,-4,4
32123,103,138,-35,35
32124,142,150,-8,8
32125,161,148,13,13
32126,126,131,-5,5
32127,78,78,0,0
32128,157,159,-2,2
32129,63,74,-11,11
32130,64,71,-7,7
32131,90,94,-4,4
32132,95,105,-10,10
32133,146,143,3,3
32134,56,67,-11,11
32135,48,55,-7,7
32136,68,75,-7,7
32137,94,101,-7,7
32138,87,88,-1,1
32139,122,118,4,4
32140,126,117,9,9
32141,55,72,-17,17
32142,61,72,-11,11
32143,89,105,-16,16
32144,62,77,-15,15
32145,71,76,-5,5
32146,87,96,-9,9
32147,39,49,-10,10
32148,123,119,4,4
32149,79,87,-8,8
32150,109,109,0,0
32151,101,110,-9,9
32152,107,105,2,2
32153,114,113,1,1
32154,81,93,-12,12
32155,167,161,6,6
32156,71,79,-8,8
32157,65,75,-10,10
32158,76,79,-3,3
32159,94,97,-3,3
32160,162,152,10,10
32161,86,103,-17,17
32162,162,161,1,1
32163,50,58,-8,8
32164,109,107,2,2
32165,70,76,-6,6
32166,69,77,-8,8
32167,36,48,-12,12
32168,117,110,7,7
32169,104,96,8,8
32170,107,115,-8,8
32171,66,75,-9,9
32172,98,103,-5,5
32173,113,122,-9,9
32174,57,67,-10,10
32175,117,118,-1,1
32176,79,97,-18,18
32177,88,95,-7,7
32178,101,105,-4,4
32179,98,102,-4,4
32180,164,175,-11,11
32181,108,108,0,0
32182,79,85,-6,6
32183,77,90,-13,13
32184,81,86,-5,5
32185,111,114,-3,3
32186,108,109,-1,1
32187,104,106,-2,2
32188,51,54,-3,3
32189,79,90,-11,11
32190,141,138,3,3
32191,105,105,0,0
32192,79,91,-12,12
32193,121,117,4,4
32194,85,96,-11,11
32195,60,68,-8,8
32196,76,79,-3,3
32197,66,70,-4,4
32198,140,133,7,7
32199,115,103,12,12
32200,135,126,9,9
32201,137,153,-16,16
32202,108,121,-13,13
32203,56,69,-13,13
32204,145,142,3,3
32205,107,102,5,5
32206,75,76,-1,1
32207,73,80,-7,7
32208,58,68,-10,10
32209,73,77,-4,4
32210,100,99,1,1
32211,154,149,5,5
32212,89,95,-6,6
32213,86,85,1,1
32214,218,185,33,33
32215,96,98,-2,2
32216,72,80,-8,8
32217,136,151,-15,15
32218,197,191,6,6
32219,75,88,-13,13
32220,138,139,-1,1
32221,112,117,-5,5
32222,97,106,-9,9
32223,50,63,-13,13
32224,144,138,6,6
32225,62,68,-6,6
32226,91,103,-12,12
32227,108,114,-6,6
32228,111,116,-5,5
32229,154,149,5,5
32230,84,93,-9,9
32231,181,182,-1,1
32232,80,88,-8,8
32233,134,129,5,5
32234,78,93,-15,15
32235,243,223,20,20
32236,59,61,-2,2
32237,83,79,4,4
32238,76,74,2,2
32239,88,92,-4,4
32240,62,69,-7,7
32241,81,86,-5,5
32242,127,130,-3,3
32243,119,119,0,0
32244,70,83,-13,13
32245,114,108,6,6
32246,91,93,-2,2
32247,120,113,7,7
32248,61,65,-4,4
32249,73,79,-6,6
32250,77,88,-11,11
32251,175,176,-1,1
32252,86,88,-2,2
32253,125,122,3,3
32254,109,104,5,5
32255,90,103,-13,13
32256,71,80,-9,9
32257,64,73,-9,9
32258,91,87,4,4
32259,116,112,4,4
32260,63,64,-1,1
32261,79,86,-7,7
32262,56,61,-5,5
32263,144,141,3,3
32264,130,118,12,12
32265,73,77,-4,4
32266,64,67,-3,3
32267,146,132,14,14
32268,30,55,-25,25
32269,107,120,-13,13
32270,80,92,-12,12
32271,94,112,-18,18
32272,57,65,-8,8
32273,85,92,-7,7
32274,157,147,10,10
32275,131,135,-4,4
32276,170,149,21,21
32277,115,129,-14,14
32278,124,114,10,10
32279,83,87,-4,4
32280,139,139,0,0
32281,104,109,-5,5
32282,54,62,-8,8
32283,117,115,2,2
32284,84,100,-16,16
32285,97,98,-1,1
32286,50,54,-4,4
32287,57,75,-18,18
32288,84,90,-6,6
32289,70,79,-9,9
32290,75,86,-11,11
32291,33,61,-28,28
32292,110,131,-21,21
32293,60,68,-8,8
32294,66,78,-12,12
32295,121,119,2,2
32296,97,101,-4,4
32297,128,123,5,5
32298,82,85,-3,3
32299,110,112,-2,2
32300,135,140,-5,5
32301,96,102,-6,6
32302,79,77,2,2
32303,82,79,3,3
32304,112,106,6,6
32305,119,125,-6,6
32306,113,97,16,16
32307,129,129,0,0
32308,30,44,-14,14
32309,143,145,-2,2
32310,48,59,-11,11
32311,70,77,-7,7
32312,66,102,-36,36
32313,117,126,-9,9
32314,49,59,-10,10
32315,73,82,-9,9
32316,104,118,-14,14
32317,78,96,-18,18
32318,94,103,-9,9
32319,39,49,-10,10
32320,163,155,8,8
32321,131,135,-4,4
32322,78,89,-11,11
32323,107,119,-12,12
32324,40,55,-15,15
32325,83,89,-6,6
32326,88,105,-17,17
32327,104,107,-3,3
32328,116,111,5,5
32329,144,134,10,10
32330,93,101,-8,8
32331,89,95,-6,6
32332,110,113,-3,3
32333,62,93,-31,31
32334,100,103,-3,3
32335,79,85,-6,6
32336,80,83,-3,3
32337,120,123,-3,3
32338,84,106,-22,22
32339,88,97,-9,9
32340,132,136,-4,4
32341,93,90,3,3
32342,79,88,-9,9
32343,27,43,-16,16
32344,97,103,-6,6
32345,167,157,10,10
32346,146,153,-7,7
32347,45,49,-4,4
32348,53,64,-11,11
32349,57,65,-8,8
32350,40,52,-12,12
32351,77,85,-8,8
32352,120,121,-1,1
32353,87,105,-18,18
32354,189,173,16,16
32355,84,93,-9,9
32356,68,75,-7,7
32357,85,94,-9,9
32358,75,87,-12,12
32359,58,67,-9,9
32360,67,73,-6,6
32361,58,66,-8,8
32362,38,52,-14,14
32363,63,73,-10,10
32364,82,99,-17,17
32365,111,129,-18,18
32366,168,156,12,12
32367,67,73,-6,6
32368,92,98,-6,6
32369,43,52,-9,9
32370,126,119,7,7
32371,94,98,-4,4
32372,108,120,-12,12
32373,80,95,-15,15
32374,159,146,13,13
32375,101,88,13,13
32376,71,75,-4,4
32377,77,90,-13,13
32378,53,67,-14,14
32379,96,104,-8,8
32380,144,133,11,11
32381,96,103,-7,7
32382,120,123,-3,3
32383,91,96,-5,5
32384,57,73,-16,16
32385,95,104,-9,9
32386,114,119,-5,5
32387,115,126,-11,11
32388,63,62,1,1
32389,103,101,2,2
32390,213,198,15,15
32391,82,96,-14,14
32392,113,109,4,4
32393,75,83,-8,8
32394,122,127,-5,5
32395,82,74,8,8
32396,112,108,4,4
32397,114,115,-1,1
32398,62,63,-1,1
32399,145,133,12,12
32400,153,162,-9,9
32401,102,83,19,19
32402,65,79,-14,14
32403,79,74,5,5
32404,85,94,-9,9
32405,69,71,-2,2
32406,69,81,-12,12
32407,106,113,-7,7
32408,73,75,-2,2
32409,95,91,4,4
32410,68,82,-14,14
32411,72,81,-9,9
32412,71,83,-12,12
32413,135,133,2,2
32414,115,113,2,2
32415,75,83,-8,8
32416,57,67,-10,10
32417,33,46,-13,13
32418,73,82,-9,9
32419,147,144,3,3
32420,100,104,-4,4
32421,81,88,-7,7
32422,130,130,0,0
32423,63,70,-7,7
32424,75,86,-11,11
32425,97,105,-8,8
32426,80,92,-12,12
32427,67,73,-6,6
32428,135,139,-4,4
32429,48,57,-9,9
32430,113,127,-14,14
32431,62,68,-6,6
32432,66,70,-4,4
32433,62,62,0,0
32434,140,155,-15,15
32435,82,93,-11,11
32436,86,91,-5,5
32437,123,140,-17,17
32438,134,132,2,2
32439,63,71,-8,8
32440,142,139,3,3
32441,63,71,-8,8
32442,94,91,3,3
32443,72,82,-10,10
32444,146,144,2,2
32445,90,79,11,11
32446,57,65,-8,8
32447,51,66,-15,15
32448,64,73,-9,9
32449,80,93,-13,13
32450,105,111,-6,6
32451,109,114,-5,5
32452,99,111,-12,12
32453,209,193,16,16
32454,82,79,3,3
32455,49,62,-13,13
32456,72,75,-3,3
32457,62,70,-8,8
32458,50,63,-13,13
32459,153,153,0,0
32460,140,152,-12,12
32461,95,95,0,0
32462,81,85,-4,4
32463,114,108,6,6
32464,130,135,-5,5
32465,31,47,-16,16
32466,86,96,-10,10
32467,100,112,-12,12
32468,58,73,-15,15
32469,58,64,-6,6
32470,95,92,3,3
32471,121,129,-8,8
32472,83,89,-6,6
32473,152,143,9,9
32474,138,143,-5,5
32475,128,135,-7,7
32476,92,107,-15,15
32477,64,76,-12,12
32478,72,83,-11,11
32479,110,118,-8,8
32480,57,60,-3,3
32481,99,98,1,1
32482,98,102,-4,4
32483,73,92,-19,19
32484,53,65,-12,12
32485,55,70,-15,15
32486,61,66,-5,5
32487,239,221,18,18
32488,86,92,-6,6
32489,133,118,15,15
32490,80,88,-8,8
32491,76,75,1,1
32492,79,75,4,4
32493,140,132,8,8
32494,97,108,-11,11
32495,74,68,6,6
32496,142,139,3,3
32497,82,88,-6,6
32498,62,69,-7,7
32499,101,115,-14,14
32500,69,90,-21,21
32501,171,156,15,15
32502,69,82,-13,13
32503,72,78,-6,6
32504,93,98,-5,5
32505,78,92,-14,14
32506,68,75,-7,7
32507,54,64,-10,10
32508,110,119,-9,9
32509,69,85,-16,16
32510,92,94,-2,2
32511,65,71,-6,6
32512,28,40,-12,12
32513,65,73,-8,8
32514,69,69,0,0
32515,119,113,6,6
32516,78,78,0,0
32517,75,81,-6,6
32518,70,74,-4,4
32519,57,77,-20,20
32520,88,93,-5,5
32521,80,80,0,0
32522,113,118,-5,5
32523,63,72,-9,9
32524,91,95,-4,4
32525,141,126,15,15
32526,88,96,-8,8
32527,46,60,-14,14
32528,109,113,-4,4
32529,98,106,-8,8
32530,177,168,9,9
32531,142,147,-5,5
32532,56,66,-10,10
32533,166,147,19,19
32534,70,74,-4,4
32535,64,72,-8,8
32536,70,78,-8,8
32537,66,80,-14,14
32538,104,105,-1,1
32539,131,124,7,7
32540,82,89,-7,7
32541,65,72,-7,7
32542,95,102,-7,7
32543,79,79,0,0
32544,86,90,-4,4
32545,84,88,-4,4
32546,103,96,7,7
32547,77,82,-5,5
32548,125,119,6,6
32549,122,123,-1,1
32550,64,66,-2,2
32551,95,108,-13,13
32552,79,87,-8,8
32553,67,72,-5,5
32554,160,154,6,6
32555,103,107,-4,4
32556,114,115,-1,1
32557,74,85,-11,11
32558,123,120,3,3
32559,50,63,-13,13
32560,53,62,-9,9
32561,195,192,3,3
32562,71,78,-7,7
32563,171,152,19,19
32564,90,103,-13,13
32565,75,81,-6,6
32566,84,93,-9,9
32567,86,107,-21,21
32568,101,109,-8,8
32569,131,123,8,8
32570,159,147,12,12
32571,52,65,-13,13
32572,119,119,0,0
32573,85,89,-4,4
32574,97,101,-4,4
32575,73,83,-10,10
32576,54,68,-14,14
32577,73,72,1,1
32578,127,123,4,4
32579,164,160,4,4
32580,104,97,7,7
32581,57,64,-7,7
32582,40,56,-16,16
32583,103,108,-5,5
32584,149,139,10,10
32585,105,104,1,1
32586,184,166,18,18
32587,74,78,-4,4
32588,145,133,12,12
32589,74,86,-12,12
32590,83,102,-19,19
32591,82,86,-4,4
32592,85,100,-15,15
32593,133,140,-7,7
32594,68,73,-5,5
32595,56,76,-20,20
32596,183,173,10,10
32597,66,74,-8,8
32598,115,131,-16,16
32599,86,89,-3,3
32600,64,73,-9,9
32601,41,55,-14,14
32602,97,122,-25,25
32603,76,82,-6,6
32604,64,73,-9,9
32605,67,74,-7,7
32606,92,92,0,0
32607,86,92,-6,6
32608,86,90,-4,4
32609,114,114,0,0
32610,134,121,13,13
32611,80,79,1,1
32612,151,169,-18,18
32613,99,104,-5,5
32614,144,144,0,0
32615,118,115,3,3
32616,74,81,-7,7
32617,85,86,-1,1
32618,51,65,-14,14
32619,57,66,-9,9
32620,152,145,7,7
32621,80,86,-6,6
32622,83,82,1,1
32623,69,73,-4,4
32624,126,142,-16,16
32625,178,165,13,13
32626,101,111,-10,10
32627,110,114,-4,4
32628,53,64,-11,11
32629,89,102,-13,13
32630,97,106,-9,9
32631,81,82,-1,1
32632,87,87,0,0
32633,52,57,-5,5
32634,98,99,-1,1
32635,109,107,2,2
32636,103,107,-4,4
32637,90,84,6,6
32638,73,77,-4,4
32639,157,153,4,4
32640,106,105,1,1
32641,144,140,4,4
32642,105,111,-6,6
32643,191,171,20,20
32644,79,83,-4,4
32645,113,108,5,5
32646,66,70,-4,4
32647,62,90,-28,28
32648,71,85,-14,14
32649,93,98,-5,5
32650,90,86,4,4
32651,81,84,-3,3
32652,97,104,-7,7
32653,43,66,-23,23
32654,150,138,12,12
32655,78,82,-4,4
32656,122,115,7,7
32657,76,81,-5,5
32658,50,68,-18,18
32659,78,100,-22,22
32660,68,83,-15,15
32661,92,90,2,2
32662,65,78,-13,13
32663,112,108,4,4
32664,69,78,-9,9
32665,86,90,-4,4
32666,73,77,-4,4
32667,99,103,-4,4
32668,99,97,2,2
32669,70,79,-9,9
32670,88,89,-1,1
32671,66,71,-5,5
32672,123,115,8,8
32673,72,68,4,4
32674,120,135,-15,15
32675,51,66,-15,15
32676,68,70,-2,2
32677,103,111,-8,8
32678,76,79,-3,3
32679,77,91,-14,14
32680,143,156,-13,13
32681,128,132,-4,4
32682,87,85,2,2
32683,47,56,-9,9
32684,119,121,-2,2
32685,119,117,2,2
32686,52,64,-12,12
32687,123,104,19,19
32688,78,85,-7,7
32689,135,142,-7,7
32690,65,72,-7,7
32691,50,59,-9,9
32692,59,85,-26,26
32693,95,90,5,5
32694,74,92,-18,18
32695,127,116,11,11
32696,135,121,14,14
32697,80,85,-5,5
32698,81,94,-13,13
32699,102,108,-6,6
32700,131,133,-2,2
32701,96,93,3,3
32702,100,107,-7,7
32703,104,105,-1,1
32704,112,117,-5,5
32705,103,97,6,6
32706,96,100,-4,4
32707,86,86,0,0
32708,130,140,-10,10
32709,47,57,-10,10
32710,118,112,6,6
32711,81,84,-3,3
32712,117,105,12,12
32713,77,81,-4,4
32714,129,128,1,1
32715,111,95,16,16
32716,131,128,3,3
32717,67,76,-9,9
32718,66,70,-4,4
32719,111,122,-11,11
32720,71,90,-19,19
32721,58,63,-5,5
32722,61,84,-23,23
32723,65,72,-7,7
32724,91,100,-9,9
32725,126,127,-1,1
32726,79,75,4,4
32727,98,97,1,1
32728,83,111,-28,28
32729,46,56,-10,10
32730,71,76,-5,5
32731,56,72,-16,16
32732,74,76,-2,2
32733,86,90,-4,4
32734,125,121,4,4
32735,71,72,-1,1
32736,62,72,-10,10
32737,96,73,23,23
32738,145,127,18,18
32739,73,76,-3,3
32740,67,77,-10,10
32741,87,93,-6,6
32742,79,76,3,3
32743,93,102,-9,9
32744,72,81,-9,9
32745,68,75,-7,7
32746,72,77,-5,5
32747,132,123,9,9
32748,75,77,-2,2
32749,86,96,-10,10
32750,101,101,0,0
32751,193,197,-4,4
32752,124,122,2,2
32753,96,94,2,2
32754,102,107,-5,5
32755,48,53,-5,5
32756,95,92,3,3
32757,172,170,2,2
32758,174,169,5,5
32759,171,152,19,19
32760,64,69,-5,5
32761,90,97,-7,7
32762,77,87,-10,10
32763,79,84,-5,5
32764,82,88,-6,6
32765,128,130,-2,2
32766,96,105,-9,9
32767,88,93,-5,5
32768,78,85,-7,7
32769,115,123,-8,8
32770,75,87,-12,12
32771,132,132,0,0
32772,161,151,10,10
32773,117,113,4,4
32774,61,64,-3,3
32775,84,80,4,4
32776,102,113,-11,11
32777,108,113,-5,5
32778,108,123,-15,15
32779,156,150,6,6
32780,107,110,-3,3
32781,74,76,-2,2
32782,185,199,-14,14
32783,61,80,-19,19
32784,106,107,-1,1
32785,73,83,-10,10
32786,83,78,5,5
32787,53,64,-11,11
32788,216,207,9,9
32789,90,92,-2,2
32790,94,110,-16,16
32791,113,119,-6,6
32792,48,60,-12,12
32793,125,141,-16,16
32794,58,63,-5,5
32795,112,114,-2,2
32796,91,91,0,0
32797,90,104,-14,14
32798,104,101,3,3
32799,59,69,-10,10
32800,74,87,-13,13
32801,99,115,-16,16
32802,76,88,-12,12
32803,101,102,-1,1
32804,143,141,2,2
32805,66,73,-7,7
32806,108,107,1,1
32807,126,129,-3,3
32808,102,98,4,4
32809,106,116,-10,10
32810,84,87,-3,3
32811,133,133,0,0
32812,68,75,-7,7
32813,133,135,-2,2
32814,91,94,-3,3
32815,148,146,2,2
32816,131,132,-1,1
32817,105,104,1,1
32818,111,127,-16,16
32819,50,59,-9,9
32820,118,110,8,8
32821,56,69,-13,13
32822,76,82,-6,6
32823,141,135,6,6
32824,162,154,8,8
32825,144,149,-5,5
32826,131,142,-11,11
32827,57,61,-4,4
32828,105,117,-12,12
32829,74,78,-4,4
32830,118,142,-24,24
32831,157,154,3,3
32832,105,110,-5,5
32833,90,96,-6,6
32834,96,106,-10,10
32835,161,161,0,0
32836,83,85,-2,2
32837,145,142,3,3
32838,55,64,-9,9
32839,113,129,-16,16
32840,72,83,-11,11
32841,199,196,3,3
32842,57,77,-20,20
32843,86,94,-8,8
32844,124,118,6,6
32845,59,79,-20,20
32846,65,60,5,5
32847,82,88,-6,6
32848,127,125,2,2
32849,82,92,-10,10
32850,101,97,4,4
32851,105,105,0,0
32852,94,101,-7,7
32853,125,123,2,2
32854,96,93,3,3
32855,48,58,-10,10
32856,68,80,-12,12
32857,98,102,-4,4
32858,152,144,8,8
32859,139,120,19,19
32860,80,94,-14,14
32861,113,112,1,1
32862,102,119,-17,17
32863,94,96,-2,2
32864,56,69,-13,13
32865,112,113,-1,1
32866,71,77,-6,6
32867,163,160,3,3
32868,95,105,-10,10
32869,165,162,3,3
32870,100,109,-9,9
32871,104,103,1,1
32872,68,83,-15,15
32873,152,145,7,7
32874,62,76,-14,14
32875,56,64,-8,8
32876,87,93,-6,6
32877,48,58,-10,10
32878,85,91,-6,6
32879,82,104,-22,22
32880,70,96,-26,26
32881,80,85,-5,5
32882,100,109,-9,9
32883,158,152,6,6
32884,143,141,2,2
32885,76,81,-5,5
32886,64,71,-7,7
32887,121,121,0,0
32888,72,83,-11,11
32889,53,61,-8,8
32890,202,189,13,13
32891,54,65,-11,11
32892,58,62,-4,4
32893,125,124,1,1
32894,74,72,2,2
32895,58,105,-47,47
32896,144,143,1,1
32897,124,128,-4,4
32898,84,90,-6,6
32899,27,73,-46,46
32900,84,84,0,0
32901,176,160,16,16
32902,44,59,-15,15
32903,66,74,-8,8
32904,73,89,-16,16
32905,71,92,-21,21
32906,42,78,-36,36
32907,61,87,-26,26
32908,71,72,-1,1
32909,90,106,-16,16
32910,74,76,-2,2
32911,109,102,7,7
32912,124,122,2,2
32913,94,96,-2,2
32914,158,167,-9,9
32915,97,91,6,6
32916,73,76,-3,3
32917,90,106,-16,16
32918,64,68,-4,4
32919,144,149,-5,5
32920,104,112,-8,8
32921,186,168,18,18
32922,102,102,0,0
32923,85,90,-5,5
32924,96,108,-12,12
32925,122,126,-4,4
32926,97,99,-2,2
32927,96,100,-4,4
32928,50,57,-7,7
32929,110,133,-23,23
32930,89,92,-3,3
32931,98,99,-1,1
32932,123,136,-13,13
32933,53,65,-12,12
32934,114,119,-5,5
32935,152,157,-5,5
32936,146,154,-8,8
32937,134,129,5,5
32938,105,116,-11,11
32939,38,83,-45,45
32940,99,99,0,0
32941,107,109,-2,2
32942,92,89,3,3
32943,120,126,-6,6
32944,129,133,-4,4
32945,95,95,0,0
32946,90,94,-4,4
32947,103,107,-4,4
32948,114,113,1,1
32949,59,69,-10,10
32950,36,51,-15,15
32951,99,100,-1,1
32952,76,82,-6,6
32953,149,130,19,19
32954,106,99,7,7
32955,61,75,-14,14
32956,47,72,-25,25
32957,158,168,-10,10
32958,54,61,-7,7
32959,50,63,-13,13
32960,98,98,0,0
32961,94,95,-1,1
32962,67,73,-6,6
32963,49,57,-8,8
32964,146,144,2,2
32965,135,126,9,9
32966,87,85,2,2
32967,98,108,-10,10
32968,59,69,-10,10
32969,86,89,-3,3
32970,62,71,-9,9
32971,113,112,1,1
32972,93,99,-6,6
32973,75,89,-14,14
32974,83,86,-3,3
32975,138,137,1,1
32976,67,76,-9,9
32977,84,83,1,1
32978,117,121,-4,4
32979,64,72,-8,8
32980,80,82,-2,2
32981,85,92,-7,7
32982,67,78,-11,11
32983,96,103,-7,7
32984,72,80,-8,8
32985,63,83,-20,20
32986,151,139,12,12
32987,49,64,-15,15
32988,103,88,15,15
32989,32,45,-13,13
32990,70,72,-2,2
32991,135,141,-6,6
32992,55,64,-9,9
32993,99,105,-6,6
32994,114,118,-4,4
32995,82,82,0,0
32996,119,126,-7,7
32997,104,111,-7,7
32998,123,122,1,1
32999,113,125,-12,12
33000,153,156,-3,3
33001,89,98,-9,9
33002,48,81,-33,33
33003,113,108,5,5
33004,83,91,-8,8
33005,129,120,9,9
33006,67,81,-14,14
33007,96,99,-3,3
33008,92,95,-3,3
33009,103,101,2,2
33010,121,111,10,10
33011,48,59,-11,11
33012,98,97,1,1
33013,112,111,1,1
33014,107,112,-5,5
33015,92,86,6,6
33016,72,84,-12,12
33017,86,89,-3,3
33018,86,91,-5,5
33019,120,118,2,2
33020,65,76,-11,11
33021,86,88,-2,2
33022,138,129,9,9
33023,74,91,-17,17
33024,60,65,-5,5
33025,125,118,7,7
33026,61,74,-13,13
33027,99,102,-3,3
33028,150,144,6,6
33029,69,73,-4,4
33030,41,50,-9,9
33031,108,106,2,2
33032,163,168,-5,5
33033,121,119,2,2
33034,72,81,-9,9
33035,109,108,1,1
33036,133,136,-3,3
33037,74,81,-7,7
33038,119,122,-3,3
33039,77,83,-6,6
33040,97,113,-16,16
33041,76,84,-8,8
33042,102,102,0,0
33043,88,86,2,2
33044,139,135,4,4
33045,93,96,-3,3
33046,171,163,8,8
33047,115,138,-23,23
33048,73,79,-6,6
33049,102,103,-1,1
33050,97,101,-4,4
33051,107,113,-6,6
33052,180,178,2,2
33053,78,84,-6,6
33054,279,267,12,12
33055,86,98,-12,12
33056,80,84,-4,4
33057,131,142,-11,11
33058,49,60,-11,11
33059,100,103,-3,3
33060,53,70,-17,17
33061,116,112,4,4
33062,61,69,-8,8
33063,73,76,-3,3
33064,70,72,-2,2
33065,56,65,-9,9
33066,69,75,-6,6
33067,76,78,-2,2
33068,57,69,-12,12
33069,36,47,-11,11
33070,75,90,-15,15
33071,62,69,-7,7
33072,78,82,-4,4
33073,112,119,-7,7
33074,85,85,0,0
33075,164,149,15,15
33076,52,68,-16,16
33077,102,106,-4,4
33078,34,52,-18,18
33079,52,63,-11,11
33080,63,83,-20,20
33081,60,65,-5,5
33082,145,143,2,2
33083,74,85,-11,11
33084,106,118,-12,12
33085,53,62,-9,9
33086,114,123,-9,9
33087,135,141,-6,6
33088,119,118,1,1
33089,84,104,-20,20
33090,62,70,-8,8
33091,150,147,3,3
33092,178,200,-22,22
33093,125,128,-3,3
33094,125,128,-3,3
33095,56,66,-10,10
33096,83,89,-6,6
33097,79,99,-20,20
33098,66,75,-9,9
33099,62,71,-9,9
33100,77,85,-8,8
33101,113,120,-7,7
33102,119,125,-6,6
33103,100,97,3,3
33104,121,126,-5,5
33105,102,104,-2,2
33106,106,122,-16,16
33107,67,74,-7,7
33108,104,101,3,3
33109,133,137,-4,4
33110,138,130,8,8
33111,62,77,-15,15
33112,110,125,-15,15
33113,140,135,5,5
33114,80,80,0,0
33115,103,111,-8,8
33116,114,113,1,1
33117,55,64,-9,9
33118,91,97,-6,6
33119,38,56,-18,18
33120,89,82,7,7
33121,129,128,1,1
33122,30,73,-43,43
33123,103,106,-3,3
33124,100,108,-8,8
33125,87,97,-10,10
33126,99,99,0,0
33127,87,88,-1,1
33128,91,98,-7,7
33129,105,105,0,0
33130,104,105,-1,1
33131,46,55,-9,9
33132,86,86,0,0
33133,59,81,-22,22
33134,135,142,-7,7
33135,47,56,-9,9
33136,108,99,9,9
33137,108,106,2,2
33138,120,127,-7,7
33139,50,80,-30,30
33140,102,125,-23,23
33141,129,141,-12,12
33142,82,130,-48,48
33143,141,130,11,11
33144,87,86,1,1
33145,108,108,0,0
33146,113,130,-17,17
33147,166,162,4,4
33148,82,83,-1,1
33149,34,70,-36,36
33150,57,66,-9,9
33151,128,140,-12,12
33152,86,97,-11,11
33153,70,73,-3,3
33154,106,110,-4,4
33155,111,114,-3,3
33156,89,106,-17,17
33157,28,37,-9,9
33158,102,107,-5,5
33159,159,143,16,16
33160,170,160,10,10
33161,98,104,-6,6
33162,77,86,-9,9
33163,118,122,-4,4
33164,96,98,-2,2
33165,51,69,-18,18
33166,63,67,-4,4
33167,70,77,-7,7
33168,99,116,-17,17
33169,58,67,-9,9
33170,60,66,-6,6
33171,78,87,-9,9
33172,45,67,-22,22
33173,89,107,-18,18
33174,69,78,-9,9
33175,84,96,-12,12
33176,73,78,-5,5
33177,178,165,13,13
33178,63,76,-13,13
33179,108,109,-1,1
33180,105,115,-10,10
33181,43,54,-11,11
33182,82,86,-4,4
33183,76,85,-9,9
33184,143,134,9,9
33185,91,94,-3,3
33186,63,72,-9,9
33187,136,136,0,0
33188,83,83,0,0
33189,128,121,7,7
33190,63,74,-11,11
33191,72,85,-13,13
33192,96,103,-7,7
33193,66,77,-11,11
33194,89,110,-21,21
33195,74,75,-1,1
33196,69,77,-8,8
33197,86,89,-3,3
33198,105,107,-2,2
33199,92,100,-8,8
33200,49,68,-19,19
33201,151,141,10,10
33202,87,105,-18,18
33203,86,92,-6,6
33204,55,62,-7,7
33205,113,129,-16,16
33206,96,97,-1,1
33207,84,88,-4,4
33208,102,107,-5,5
33209,85,94,-9,9
33210,141,143,-2,2
33211,90,83,7,7
33212,57,66,-9,9
33213,80,92,-12,12
33214,111,108,3,3
33215,82,127,-45,45
33216,85,91,-6,6
33217,85,86,-1,1
33218,67,72,-5,5
33219,86,89,-3,3
33220,102,98,4,4
33221,71,78,-7,7
33222,130,153,-23,23
33223,76,86,-10,10
33224,70,80,-10,10
33225,86,100,-14,14
33226,55,57,-2,2
33227,97,103,-6,6
33228,98,120,-22,22
33229,70,69,1,1
33230,102,100,2,2
33231,79,79,0,0
33232,104,104,0,0
33233,70,69,1,1
33234,94,95,-1,1
33235,103,109,-6,6
33236,102,118,-16,16
33237,102,101,1,1
33238,67,72,-5,5
33239,165,159,6,6
33240,73,100,-27,27
33241,149,139,10,10
33242,92,92,0,0
33243,57,72,-15,15
33244,76,71,5,5
33245,129,123,6,6
33246,66,78,-12,12
33247,132,126,6,6
33248,108,105,3,3
33249,162,160,2,2
33250,104,103,1,1
33251,98,110,-12,12
33252,81,86,-5,5
33253,106,117,-11,11
33254,134,143,-9,9
33255,118,128,-10,10
33256,156,144,12,12
33257,73,78,-5,5
33258,106,114,-8,8
33259,64,67,-3,3
33260,66,70,-4,4
33261,126,118,8,8
33262,103,108,-5,5
33263,57,66,-9,9
33264,158,165,-7,7
33265,103,105,-2,2
33266,103,107,-4,4
33267,172,161,11,11
33268,137,141,-4,4
33269,95,95,0,0
33270,127,122,5,5
33271,87,91,-4,4
33272,136,124,12,12
33273,51,62,-11,11
33274,95,99,-4,4
33275,100,103,-3,3
33276,140,138,2,2
33277,102,112,-10,10
33278,69,73,-4,4
33279,148,144,4,4
33280,121,135,-14,14
33281,133,135,-2,2
33282,106,115,-9,9
33283,95,91,4,4
33284,71,92,-21,21
33285,148,151,-3,3
33286,188,180,8,8
33287,111,113,-2,2
33288,88,94,-6,6
33289,71,90,-19,19
33290,83,93,-10,10
33291,44,56,-12,12
33292,69,71,-2,2
33293,44,54,-10,10
33294,111,113,-2,2
33295,105,115,-10,10
33296,76,81,-5,5
33297,95,99,-4,4
33298,181,177,4,4
33299,128,121,7,7
33300,81,87,-6,6
33301,175,156,19,19
33302,57,63,-6,6
33303,70,74,-4,4
33304,77,76,1,1
33305,61,69,-8,8
33306,108,116,-8,8
33307,69,79,-10,10
33308,61,69,-8,8
33309,116,115,1,1
33310,50,63,-13,13
33311,95,93,2,2
33312,62,75,-13,13
33313,161,154,7,7
33314,101,110,-9,9
33315,84,86,-2,2
33316,87,99,-12,12
33317,71,77,-6,6
33318,56,66,-10,10
33319,77,82,-5,5
33320,100,131,-31,31
33321,74,86,-12,12
33322,59,72,-13,13
33323,117,118,-1,1
33324,102,105,-3,3
33325,97,103,-6,6
33326,77,83,-6,6
33327,128,142,-14,14
33328,89,91,-2,2
33329,67,75,-8,8
33330,69,79,-10,10
33331,104,110,-6,6
33332,55,67,-12,12
33333,62,69,-7,7
33334,101,101,0,0
33335,78,89,-11,11
33336,86,82,4,4
33337,81,83,-2,2
33338,104,101,3,3
33339,57,63,-6,6
33340,101,98,3,3
33341,84,87,-3,3
33342,73,87,-14,14
33343,106,115,-9,9
33344,102,112,-10,10
33345,71,84,-13,13
33346,144,144,0,0
33347,131,120,11,11
33348,82,78,4,4
33349,83,83,0,0
33350,169,167,2,2
33351,70,71,-1,1
33352,158,152,6,6
33353,162,138,24,24
33354,104,101,3,3
33355,52,55,-3,3
33356,59,68,-9,9
33357,70,77,-7,7
33358,112,122,-10,10
33359,106,101,5,5
33360,130,125,5,5
33361,111,107,4,4
33362,117,110,7,7
33363,118,131,-13,13
33364,74,84,-10,10
33365,52,64,-12,12
33366,97,117,-20,20
33367,72,80,-8,8
33368,84,85,-1,1
33369,50,61,-11,11
33370,101,106,-5,5
33371,52,61,-9,9
33372,85,97,-12,12
33373,90,93,-3,3
33374,66,78,-12,12
33375,132,122,10,10
33376,91,99,-8,8
33377,46,57,-11,11
33378,36,50,-14,14
33379,94,103,-9,9
33380,65,72,-7,7
33381,85,90,-5,5
33382,78,79,-1,1
33383,140,150,-10,10
33384,79,90,-11,11
33385,108,110,-2,2
33386,84,88,-4,4
33387,89,94,-5,5
33388,119,116,3,3
33389,52,58,-6,6
33390,130,125,5,5
33391,57,60,-3,3
33392,128,125,3,3
33393,106,101,5,5
33394,65,64,1,1
33395,75,89,-14,14
33396,153,160,-7,7
33397,42,53,-11,11
33398,70,73,-3,3
33399,157,155,2,2
33400,153,150,3,3
33401,93,92,1,1
33402,85,87,-2,2
33403,70,91,-21,21
33404,84,97,-13,13
33405,61,67,-6,6
33406,80,85,-5,5
33407,60,65,-5,5
33408,60,70,-10,10
33409,122,126,-4,4
33410,87,94,-7,7
33411,207,163,44,44
33412,102,109,-7,7
33413,52,68,-16,16
33414,75,85,-10,10
33415,62,70,-8,8
33416,82,94,-12,12
33417,144,127,17,17
33418,130,138,-8,8
33419,90,88,2,2
33420,71,80,-9,9
33421,77,78,-1,1
33422,72,78,-6,6
33423,46,56,-10,10
33424,55,72,-17,17
33425,64,108,-44,44
33426,73,75,-2,2
33427,76,87,-11,11
33428,100,104,-4,4
33429,108,102,6,6
33430,130,127,3,3
33431,136,132,4,4
33432,89,93,-4,4
33433,79,93,-14,14
33434,110,105,5,5
33435,125,136,-11,11
33436,79,93,-14,14
33437,32,46,-14,14
33438,97,129,-32,32
33439,135,135,0,0
33440,93,98,-5,5
33441,111,113,-2,2
33442,87,104,-17,17
33443,131,125,6,6
33444,72,75,-3,3
33445,72,88,-16,16
33446,192,169,23,23
33447,129,126,3,3
33448,102,103,-1,1
33449,86,84,2,2
33450,134,127,7,7
33451,157,155,2,2
33452,75,84,-9,9
33453,93,98,-5,5
33454,96,99,-3,3
33455,105,109,-4,4
33456,110,111,-1,1
33457,137,131,6,6
33458,194,187,7,7
33459,82,86,-4,4
33460,102,117,-15,15
33461,92,98,-6,6
33462,119,106,13,13
33463,113,114,-1,1
33464,85,92,-7,7
33465,66,75,-9,9
33466,145,144,1,1
33467,112,119,-7,7
33468,133,139,-6,6
33469,113,109,4,4
33470,175,150,25,25
33471,113,119,-6,6
33472,59,65,-6,6
33473,97,108,-11,11
33474,74,82,-8,8
33475,53,65,-12,12
33476,108,116,-8,8
33477,133,126,7,7
33478,46,55,-9,9
33479,135,126,9,9
33480,111,111,0,0
33481,117,113,4,4
33482,69,75,-6,6
33483,175,160,15,15
33484,83,85,-2,2
33485,80,88,-8,8
33486,95,111,-16,16
33487,80,86,-6,6
33488,71,80,-9,9
33489,61,65,-4,4
33490,83,88,-5,5
33491,168,156,12,12
33492,78,81,-3,3
33493,79,90,-11,11
33494,112,121,-9,9
33495,73,78,-5,5
33496,71,93,-22,22
33497,86,93,-7,7
33498,105,117,-12,12
33499,103,103,0,0
33500,81,86,-5,5
33501,70,77,-7,7
33502,107,103,4,4
33503,150,151,-1,1
33504,70,69,1,1
33505,80,91,-11,11
33506,48,66,-18,18
33507,100,112,-12,12
33508,52,69,-17,17
33509,97,102,-5,5
33510,172,167,5,5
33511,28,44,-16,16
33512,42,85,-43,43
33513,120,123,-3,3
33514,60,71,-11,11
33515,118,107,11,11
33516,175,167,8,8
33517,69,75,-6,6
33518,50,60,-10,10
33519,90,97,-7,7
33520,109,113,-4,4
33521,63,78,-15,15
33522,63,73,-10,10
33523,54,64,-10,10
33524,115,120,-5,5
33525,61,69,-8,8
33526,91,101,-10,10
33527,76,96,-20,20
33528,72,85,-13,13
33529,64,72,-8,8
33530,47,55,-8,8
33531,67,68,-1,1
33532,111,110,1,1
33533,102,136,-34,34
33534,68,70,-2,2
33535,101,92,9,9
33536,154,137,17,17
33537,71,77,-6,6
33538,77,81,-4,4
33539,74,80,-6,6
33540,95,102,-7,7
33541,98,103,-5,5
33542,87,90,-3,3
33543,134,138,-4,4
33544,118,122,-4,4
33545,146,141,5,5
33546,82,98,-16,16
33547,85,79,6,6
33548,68,96,-28,28
33549,62,71,-9,9
33550,79,73,6,6
33551,33,47,-14,14
33552,130,122,8,8
33553,88,83,5,5
33554,132,134,-2,2
33555,69,82,-13,13
33556,98,94,4,4
33557,113,109,4,4
33558,84,90,-6,6
33559,78,81,-3,3
33560,121,118,3,3
33561,69,75,-6,6
33562,70,89,-19,19
33563,89,102,-13,13
33564,97,98,-1,1
33565,89,90,-1,1
33566,128,126,2,2
33567,149,143,6,6
33568,115,114,1,1
33569,68,70,-2,2
33570,44,52,-8,8
33571,36,48,-12,12
33572,64,87,-23,23
33573,75,74,1,1
33574,85,90,-5,5
33575,90,95,-5,5
33576,98,119,-21,21
33577,110,109,1,1
33578,91,102,-11,11
33579,179,161,18,18
33580,97,93,4,4
33581,65,74,-9,9
33582,111,126,-15,15
33583,191,167,24,24
33584,181,159,22,22
33585,58,72,-14,14
33586,90,82,8,8
33587,101,97,4,4
33588,164,145,19,19
33589,117,109,8,8
33590,84,97,-13,13
33591,112,109,3,3
33592,117,110,7,7
33593,80,89,-9,9
33594,150,143,7,7
33595,94,99,-5,5
33596,115,122,-7,7
33597,157,146,11,11
33598,69,79,-10,10
33599,61,67,-6,6
33600,97,103,-6,6
33601,74,85,-11,11
33602,90,100,-10,10
33603,59,65,-6,6
33604,121,114,7,7
33605,102,97,5,5
33606,107,115,-8,8
33607,102,113,-11,11
33608,256,278,-22,22
33609,75,84,-9,9
33610,80,85,-5,5
33611,67,75,-8,8
33612,122,120,2,2
33613,65,68,-3,3
33614,74,89,-15,15
33615,86,95,-9,9
33616,206,198,8,8
33617,139,146,-7,7
33618,76,82,-6,6
33619,186,174,12,12
33620,111,114,-3,3
33621,80,77,3,3
33622,148,145,3,3
33623,76,88,-12,12
33624,123,147,-24,24
33625,79,102,-23,23
33626,118,112,6,6
33627,51,61,-10,10
33628,88,110,-22,22
33629,157,152,5,5
33630,84,96,-12,12
33631,129,125,4,4
33632,131,118,13,13
33633,74,99,-25,25
33634,93,100,-7,7
33635,88,96,-8,8
33636,74,89,-15,15
33637,102,106,-4,4
33638,143,140,3,3
33639,67,69,-2,2
33640,197,185,12,12
33641,98,94,4,4
33642,117,114,3,3
33643,120,123,-3,3
33644,118,127,-9,9
33645,63,61,2,2
33646,139,139,0,0
33647,144,149,-5,5
33648,96,99,-3,3
33649,110,95,15,15
33650,121,123,-2,2
33651,68,88,-20,20
33652,84,113,-29,29
33653,118,120,-2,2
33654,96,104,-8,8
33655,78,85,-7,7
33656,27,37,-10,10
33657,157,150,7,7
33658,137,131,6,6
33659,107,112,-5,5
33660,95,100,-5,5
33661,45,63,-18,18
33662,69,107,-38,38
33663,196,176,20,20
33664,108,100,8,8
33665,88,90,-2,2
33666,199,181,18,18
33667,111,121,-10,10
33668,179,164,15,15
33669,157,156,1,1
33670,82,78,4,4
33671,77,78,-1,1
33672,56,63,-7,7
33673,63,73,-10,10
33674,196,183,13,13
33675,89,99,-10,10
33676,126,122,4,4
33677,39,51,-12,12
33678,80,95,-15,15
33679,97,100,-3,3
33680,85,89,-4,4
33681,58,65,-7,7
33682,132,129,3,3
33683,54,74,-20,20
33684,99,101,-2,2
33685,91,98,-7,7
33686,75,76,-1,1
33687,57,74,-17,17
33688,66,77,-11,11
33689,105,120,-15,15
33690,51,59,-8,8
33691,134,128,6,6
33692,27,41,-14,14
33693,71,71,0,0
33694,65,69,-4,4
33695,112,98,14,14
33696,100,109,-9,9
33697,56,67,-11,11
33698,74,83,-9,9
33699,137,132,5,5
33700,96,106,-10,10
33701,113,127,-14,14
33702,56,64,-8,8
33703,91,99,-8,8
33704,179,178,1,1
33705,54,59,-5,5
33706,90,102,-12,12
33707,92,94,-2,2
33708,87,90,-3,3
33709,122,118,4,4
33710,150,139,11,11
33711,90,90,0,0
33712,98,101,-3,3
33713,59,70,-11,11
33714,122,126,-4,4
33715,150,152,-2,2
33716,74,80,-6,6
33717,65,76,-11,11
33718,53,68,-15,15
33719,93,98,-5,5
33720,108,108,0,0
33721,70,85,-15,15
33722,135,136,-1,1
33723,87,98,-11,11
33724,65,80,-15,15
33725,55,57,-2,2
33726,40,52,-12,12
33727,88,91,-3,3
33728,168,157,11,11
33729,37,48,-11,11
33730,80,78,2,2
33731,92,87,5,5
33732,157,143,14,14
33733,121,125,-4,4
33734,119,127,-8,8
33735,131,110,21,21
33736,112,108,4,4
33737,71,88,-17,17
33738,73,80,-7,7
33739,99,98,1,1
33740,81,80,1,1
33741,70,76,-6,6
33742,91,95,-4,4
33743,63,68,-5,5
33744,65,70,-5,5
33745,92,105,-13,13
33746,83,86,-3,3
33747,62,73,-11,11
33748,137,138,-1,1
33749,194,179,15,15
33750,104,100,4,4
33751,136,139,-3,3
33752,149,147,2,2
33753,109,111,-2,2
33754,70,74,-4,4
33755,121,121,0,0
33756,73,82,-9,9
33757,97,96,1,1
33758,105,103,2,2
33759,131,134,-3,3
33760,118,116,2,2
33761,97,98,-1,1
33762,49,60,-11,11
33763,110,111,-1,1
33764,87,97,-10,10
33765,107,108,-1,1
33766,72,77,-5,5
33767,173,169,4,4
33768,117,122,-5,5
33769,91,102,-11,11
33770,93,82,11,11
33771,34,39,-5,5
33772,75,75,0,0
33773,110,120,-10,10
33774,76,92,-16,16
33775,122,158,-36,36
33776,94,103,-9,9
33777,60,70,-10,10
33778,96,102,-6,6
33779,92,102,-10,10
33780,155,144,11,11
33781,116,110,6,6
33782,113,115,-2,2
33783,70,69,1,1
33784,127,132,-5,5
33785,104,115,-11,11
33786,103,109,-6,6
33787,66,66,0,0
33788,58,66,-8,8
33789,47,67,-20,20
33790,124,132,-8,8
33791,47,51,-4,4
33792,134,123,11,11
33793,126,120,6,6
33794,133,138,-5,5
33795,101,109,-8,8
33796,48,59,-11,11
33797,69,81,-12,12
33798,62,68,-6,6
33799,112,107,5,5
33800,124,134,-10,10
33801,68,74,-6,6
33802,70,74,-4,4
33803,98,104,-6,6
33804,61,81,-20,20
33805,98,110,-12,12
33806,128,120,8,8
33807,112,112,0,0
33808,62,73,-11,11
33809,106,102,4,4
33810,90,86,4,4
33811,57,65,-8,8
33812,127,132,-5,5
33813,83,85,-2,2
33814,123,126,-3,3
33815,99,97,2,2
33816,114,118,-4,4
33817,124,136,-12,12
33818,63,72,-9,9
33819,169,162,7,7
33820,86,90,-4,4
33821,97,101,-4,4
33822,95,95,0,0
33823,97,103,-6,6
33824,120,114,6,6
33825,100,102,-2,2
33826,127,137,-10,10
33827,65,76,-11,11
33828,74,80,-6,6
33829,146,144,2,2
33830,93,101,-8,8
33831,76,79,-3,3
33832,127,125,2,2
33833,61,69,-8,8
33834,81,91,-10,10
33835,132,114,18,18
33836,69,69,0,0
33837,56,76,-20,20
33838,103,106,-3,3
33839,110,117,-7,7
33840,102,107,-5,5
33841,74,75,-1,1
33842,111,116,-5,5
33843,74,83,-9,9
33844,58,65,-7,7
33845,96,110,-14,14
33846,67,74,-7,7
33847,57,65,-8,8
33848,104,103,1,1
33849,60,74,-14,14
33850,50,65,-15,15
33851,120,122,-2,2
33852,73,79,-6,6
33853,45,54,-9,9
33854,95,104,-9,9
33855,125,133,-8,8
33856,106,108,-2,2
33857,80,80,0,0
33858,138,139,-1,1
33859,105,112,-7,7
33860,100,103,-3,3
33861,89,93,-4,4
33862,161,143,18,18
33863,115,122,-7,7
33864,109,108,1,1
33865,120,115,5,5
33866,64,71,-7,7
33867,85,93,-8,8
33868,139,138,1,1
33869,56,67,-11,11
33870,100,108,-8,8
33871,61,68,-7,7
33872,87,97,-10,10
33873,78,76,2,2
33874,135,128,7,7
33875,149,150,-1,1
33876,123,123,0,0
33877,114,102,12,12
33878,106,115,-9,9
33879,121,111,10,10
33880,103,119,-16,16
33881,133,139,-6,6
33882,83,86,-3,3
33883,90,89,1,1
33884,43,49,-6,6
33885,195,184,11,11
33886,82,82,0,0
33887,121,121,0,0
33888,77,83,-6,6
33889,80,89,-9,9
33890,56,65,-9,9
33891,70,74,-4,4
33892,57,64,-7,7
33893,98,106,-8,8
33894,85,91,-6,6
33895,102,105,-3,3
33896,114,107,7,7
33897,153,148,5,5
33898,61,67,-6,6
33899,99,103,-4,4
33900,77,80,-3,3
33901,89,81,8,8
33902,79,81,-2,2
33903,108,118,-10,10
33904,102,93,9,9
33905,54,68,-14,14
33906,101,99,2,2
33907,131,127,4,4
33908,56,71,-15,15
33909,110,110,0,0
33910,78,78,0,0
33911,153,142,11,11
33912,73,84,-11,11
33913,105,104,1,1
33914,57,77,-20,20
33915,95,111,-16,16
33916,56,72,-16,16
33917,107,102,5,5
33918,62,86,-24,24
33919,157,151,6,6
33920,94,97,-3,3
33921,84,77,7,7
33922,131,133,-2,2
33923,75,80,-5,5
33924,122,121,1,1
33925,114,127,-13,13
33926,61,65,-4,4
33927,137,146,-9,9
33928,72,78,-6,6
33929,115,103,12,12
33930,49,89,-40,40
33931,98,95,3,3
33932,114,122,-8,8
33933,79,85,-6,6
33934,75,77,-2,2
33935,111,100,11,11
33936,84,92,-8,8
33937,61,70,-9,9
33938,70,82,-12,12
33939,103,115,-12,12
33940,119,114,5,5
33941,62,73,-11,11
33942,94,88,6,6
33943,161,152,9,9
33944,253,224,29,29
33945,112,120,-8,8
33946,63,81,-18,18
33947,90,92,-2,2
33948,124,125,-1,1
33949,85,79,6,6
33950,167,166,1,1
33951,115,103,12,12
33952,113,106,7,7
33953,95,99,-4,4
33954,93,99,-6,6
33955,138,127,11,11
33956,74,80,-6,6
33957,52,65,-13,13
33958,104,108,-4,4
33959,143,138,5,5
33960,74,88,-14,14
33961,69,75,-6,6
33962,133,140,-7,7
33963,82,90,-8,8
33964,98,94,4,4
33965,77,81,-4,4
33966,142,143,-1,1
33967,84,93,-9,9
33968,95,106,-11,11
33969,83,86,-3,3
33970,114,108,6,6
33971,53,82,-29,29
33972,91,93,-2,2
33973,122,132,-10,10
33974,89,117,-28,28
33975,81,91,-10,10
33976,110,121,-11,11
33977,96,97,-1,1
33978,119,117,2,2
33979,80,90,-10,10
33980,108,102,6,6
33981,71,75,-4,4
33982,80,83,-3,3
33983,157,162,-5,5
33984,85,79,6,6
33985,47,62,-15,15
33986,68,72,-4,4
33987,86,79,7,7
33988,71,76,-5,5
33989,64,68,-4,4
33990,65,72,-7,7
33991,155,163,-8,8
33992,108,121,-13,13
33993,188,173,15,15
33994,109,110,-1,1
33995,64,75,-11,11
33996,120,145,-25,25
33997,72,82,-10,10
33998,55,66,-11,11
33999,69,72,-3,3
34000,186,172,14,14
34001,96,114,-18,18
34002,77,86,-9,9
34003,83,88,-5,5
34004,79,82,-3,3
34005,55,73,-18,18
34006,155,150,5,5
34007,91,96,-5,5
34008,48,64,-16,16
34009,122,127,-5,5
34010,75,92,-17,17
34011,109,116,-7,7
34012,110,111,-1,1
34013,79,84,-5,5
34014,69,76,-7,7
34015,78,91,-13,13
34016,129,133,-4,4
34017,131,129,2,2
34018,45,56,-11,11
34019,96,100,-4,4
34020,105,124,-19,19
34021,128,132,-4,4
34022,139,142,-3,3
34023,116,112,4,4
34024,81,87,-6,6
34025,77,86,-9,9
34026,100,105,-5,5
34027,68,72,-4,4
34028,70,81,-11,11
34029,222,233,-11,11
34030,22,44,-22,22
34031,121,120,1,1
34032,67,77,-10,10
34033,87,86,1,1
34034,58,65,-7,7
34035,69,86,-17,17
34036,71,85,-14,14
34037,54,73,-19,19
34038,60,63,-3,3
34039,87,92,-5,5
34040,101,100,1,1
34041,61,70,-9,9
34042,141,132,9,9
34043,121,132,-11,11
34044,102,101,1,1
34045,78,86,-8,8
34046,96,114,-18,18
34047,56,60,-4,4
34048,101,96,5,5
34049,64,74,-10,10
34050,55,73,-18,18
34051,89,86,3,3
34052,84,82,2,2
34053,90,92,-2,2
34054,166,153,13,13
34055,85,116,-31,31
34056,94,98,-4,4
34057,130,139,-9,9
34058,146,153,-7,7
34059,77,100,-23,23
34060,97,96,1,1
34061,102,103,-1,1
34062,150,155,-5,5
34063,104,105,-1,1
34064,90,95,-5,5
34065,70,76,-6,6
34066,45,52,-7,7
34067,76,76,0,0
34068,90,111,-21,21
34069,63,69,-6,6
34070,123,117,6,6
34071,91,83,8,8
34072,102,96,6,6
34073,120,113,7,7
34074,48,75,-27,27
34075,42,56,-14,14
34076,85,93,-8,8
34077,67,69,-2,2
34078,73,69,4,4
34079,67,75,-8,8
34080,87,93,-6,6
34081,172,156,16,16
34082,128,135,-7,7
34083,116,119,-3,3
34084,102,100,2,2
34085,134,138,-4,4
34086,94,106,-12,12
34087,55,67,-12,12
34088,175,179,-4,4
34089,71,78,-7,7
34090,53,67,-14,14
34091,92,105,-13,13
34092,111,109,2,2
34093,120,123,-3,3
34094,107,121,-14,14
34095,48,50,-2,2
34096,85,85,0,0
34097,122,144,-22,22
34098,90,101,-11,11
34099,70,72,-2,2
34100,63,71,-8,8
34101,110,106,4,4
34102,56,69,-13,13
34103,96,109,-13,13
34104,79,85,-6,6
34105,56,63,-7,7
34106,115,110,5,5
34107,60,72,-12,12
34108,59,67,-8,8
34109,74,78,-4,4
34110,110,119,-9,9
34111,99,116,-17,17
34112,106,108,-2,2
34113,62,63,-1,1
34114,93,97,-4,4
34115,59,65,-6,6
34116,88,86,2,2
34117,75,93,-18,18
34118,78,76,2,2
34119,67,79,-12,12
34120,118,112,6,6
34121,66,68,-2,2
34122,69,76,-7,7
34123,110,108,2,2
34124,102,107,-5,5
34125,127,130,-3,3
34126,99,107,-8,8
34127,127,133,-6,6
34128,97,91,6,6
34129,52,60,-8,8
34130,56,67,-11,11
34131,64,68,-4,4
34132,111,109,2,2
34133,114,115,-1,1
34134,162,147,15,15
34135,56,77,-21,21
34136,35,44,-9,9
34137,83,91,-8,8
34138,151,152,-1,1
34139,77,82,-5,5
34140,65,79,-14,14
34141,67,77,-10,10
34142,81,84,-3,3
34143,56,65,-9,9
34144,67,74,-7,7
34145,59,63,-4,4
34146,142,125,17,17
34147,79,86,-7,7
34148,104,108,-4,4
34149,68,76,-8,8
34150,67,81,-14,14
34151,56,64,-8,8
34152,66,74,-8,8
34153,31,39,-8,8
34154,121,114,7,7
34155,115,117,-2,2
34156,68,73,-5,5
34157,103,112,-9,9
34158,71,82,-11,11
34159,115,124,-9,9
34160,122,115,7,7
34161,99,96,3,3
34162,112,115,-3,3
34163,215,229,-14,14
34164,68,81,-13,13
34165,84,86,-2,2
34166,82,88,-6,6
34167,82,87,-5,5
34168,95,97,-2,2
34169,80,87,-7,7
34170,121,117,4,4
34171,103,100,3,3
34172,74,83,-9,9
34173,59,65,-6,6
34174,106,105,1,1
34175,62,66,-4,4
34176,49,59,-10,10
34177,62,70,-8,8
34178,151,147,4,4
34179,178,155,23,23
34180,96,101,-5,5
34181,91,96,-5,5
34182,74,80,-6,6
34183,78,90,-12,12
34184,95,120,-25,25
34185,109,110,-1,1
34186,59,70,-11,11
34187,64,65,-1,1
34188,122,111,11,11
34189,106,114,-8,8
34190,137,132,5,5
34191,79,83,-4,4
34192,45,60,-15,15
34193,96,94,2,2
34194,53,60,-7,7
34195,121,118,3,3
34196,138,142,-4,4
34197,107,105,2,2
34198,90,93,-3,3
34199,83,92,-9,9
34200,65,71,-6,6
34201,68,84,-16,16
34202,50,58,-8,8
34203,44,76,-32,32
34204,78,89,-11,11
34205,74,82,-8,8
34206,67,73,-6,6
34207,116,109,7,7
34208,50,56,-6,6
34209,100,96,4,4
34210,52,61,-9,9
34211,70,74,-4,4
34212,92,98,-6,6
34213,130,121,9,9
34214,139,145,-6,6
34215,96,93,3,3
34216,98,97,1,1
34217,49,58,-9,9
34218,90,89,1,1
34219,103,114,-11,11
34220,39,56,-17,17
34221,172,156,16,16
34222,104,103,1,1
34223,63,70,-7,7
34224,78,81,-3,3
34225,65,74,-9,9
34226,58,64,-6,6
34227,140,145,-5,5
34228,95,110,-15,15
34229,77,80,-3,3
34230,122,119,3,3
34231,63,60,3,3
34232,26,42,-16,16
34233,78,82,-4,4
34234,60,72,-12,12
34235,80,87,-7,7
34236,96,103,-7,7
34237,62,70,-8,8
34238,77,88,-11,11
34239,101,99,2,2
34240,103,110,-7,7
34241,87,99,-12,12
34242,132,138,-6,6
34243,223,198,25,25
34244,117,113,4,4
34245,151,149,2,2
34246,87,101,-14,14
34247,103,106,-3,3
34248,59,74,-15,15
34249,150,134,16,16
34250,100,96,4,4
34251,92,90,2,2
34252,65,84,-19,19
34253,72,79,-7,7
34254,48,55,-7,7
34255,114,111,3,3
34256,63,65,-2,2
34257,139,139,0,0
34258,86,90,-4,4
34259,96,92,4,4
34260,80,83,-3,3
34261,126,122,4,4
34262,112,111,1,1
34263,99,113,-14,14
34264,83,83,0,0
34265,62,65,-3,3
34266,53,71,-18,18
34267,40,52,-12,12
34268,103,104,-1,1
34269,87,96,-9,9
34270,66,75,-9,9
34271,116,109,7,7
34272,107,102,5,5
34273,121,123,-2,2
34274,114,107,7,7
34275,111,114,-3,3
34276,105,109,-4,4
34277,103,107,-4,4
34278,106,98,8,8
34279,126,128,-2,2
34280,104,101,3,3
34281,77,80,-3,3
34282,114,122,-8,8
34283,77,81,-4,4
34284,83,88,-5,5
34285,78,92,-14,14
34286,81,88,-7,7
34287,64,72,-8,8
34288,134,132,2,2
34289,78,85,-7,7
34290,137,133,4,4
34291,80,86,-6,6
34292,145,138,7,7
34293,103,111,-8,8
34294,101,101,0,0
34295,87,87,0,0
34296,83,90,-7,7
34297,98,94,4,4
34298,133,137,-4,4
34299,114,121,-7,7
34300,119,107,12,12
34301,94,98,-4,4
34302,85,96,-11,11
34303,162,162,0,0
34304,85,79,6,6
34305,62,69,-7,7
34306,83,87,-4,4
34307,99,100,-1,1
34308,79,90,-11,11
34309,95,101,-6,6
34310,140,144,-4,4
34311,165,158,7,7
34312,104,103,1,1
34313,110,126,-16,16
34314,138,178,-40,40
34315,117,131,-14,14
34316,120,120,0,0
34317,67,87,-20,20
34318,82,86,-4,4
34319,110,107,3,3
34320,110,107,3,3
34321,63,77,-14,14
34322,54,63,-9,9
34323,128,137,-9,9
34324,90,88,2,2
34325,99,110,-11,11
34326,121,146,-25,25
34327,47,67,-20,20
34328,88,92,-4,4
34329,96,92,4,4
34330,83,105,-22,22
34331,91,85,6,6
34332,100,105,-5,5
34333,68,79,-11,11
34334,44,56,-12,12
34335,94,97,-3,3
34336,48,60,-12,12
34337,63,68,-5,5
34338,114,115,-1,1
34339,88,87,1,1
34340,105,105,0,0
34341,67,76,-9,9
34342,61,58,3,3
34343,120,119,1,1
34344,111,106,5,5
34345,102,97,5,5
34346,111,108,3,3
34347,48,56,-8,8
34348,102,109,-7,7
34349,101,105,-4,4
34350,88,97,-9,9
34351,58,70,-12,12
34352,64,71,-7,7
34353,65,75,-10,10
34354,156,149,7,7
34355,84,90,-6,6
34356,169,151,18,18
34357,130,117,13,13
34358,51,68,-17,17
34359,60,66,-6,6
34360,109,101,8,8
34361,107,111,-4,4
34362,133,145,-12,12
34363,73,80,-7,7
34364,117,118,-1,1
34365,105,106,-1,1
34366,118,137,-19,19
34367,107,111,-4,4
34368,89,91,-2,2
34369,130,126,4,4
34370,107,117,-10,10
34371,86,94,-8,8
34372,87,97,-10,10
34373,166,154,12,12
34374,91,99,-8,8
34375,83,83,0,0
34376,90,104,-14,14
34377,60,76,-16,16
34378,73,82,-9,9
34379,133,123,10,10
34380,131,131,0,0
34381,128,157,-29,29
34382,93,94,-1,1
34383,48,60,-12,12
34384,126,112,14,14
34385,62,80,-18,18
34386,50,68,-18,18
34387,70,78,-8,8
34388,111,117,-6,6
34389,89,88,1,1
34390,94,101,-7,7
34391,38,54,-16,16
34392,76,93,-17,17
34393,92,99,-7,7
34394,66,72,-6,6
34395,84,88,-4,4
34396,72,81,-9,9
34397,79,82,-3,3
34398,78,85,-7,7
34399,61,67,-6,6
34400,68,73,-5,5
34401,114,111,3,3
34402,84,93,-9,9
34403,51,72,-21,21
34404,96,93,3,3
34405,74,78,-4,4
34406,64,81,-17,17
34407,79,82,-3,3
34408,89,87,2,2
34409,150,152,-2,2
34410,137,124,13,13
34411,62,71,-9,9
34412,120,114,6,6
34413,75,66,9,9
34414,63,73,-10,10
34415,144,154,-10,10
34416,83,83,0,0
34417,71,108,-37,37
34418,125,127,-2,2
34419,71,76,-5,5
34420,90,99,-9,9
34421,57,64,-7,7
34422,68,81,-13,13
34423,117,111,6,6
34424,142,143,-1,1
34425,95,93,2,2
34426,91,103,-12,12
34427,86,96,-10,10
34428,119,129,-10,10
34429,71,82,-11,11
34430,97,95,2,2
34431,92,98,-6,6
34432,86,88,-2,2
34433,48,76,-28,28
34434,50,50,0,0
34435,105,139,-34,34
34436,105,114,-9,9
34437,127,118,9,9
34438,108,111,-3,3
34439,71,77,-6,6
34440,73,82,-9,9
34441,68,84,-16,16
34442,147,136,11,11
34443,142,144,-2,2
34444,39,56,-17,17
34445,91,84,7,7
34446,79,91,-12,12
34447,84,83,1,1
34448,123,134,-11,11
34449,63,74,-11,11
34450,196,185,11,11
34451,161,161,0,0
34452,152,131,21,21
34453,144,136,8,8
34454,96,102,-6,6
34455,125,127,-2,2
34456,82,83,-1,1
34457,128,120,8,8
34458,160,165,-5,5
34459,43,56,-13,13
34460,68,76,-8,8
34461,108,92,16,16
34462,74,80,-6,6
34463,52,64,-12,12
34464,107,123,-16,16
34465,64,75,-11,11
34466,89,92,-3,3
34467,85,83,2,2
34468,73,85,-12,12
34469,177,185,-8,8
34470,111,112,-1,1
34471,67,82,-15,15
34472,76,80,-4,4
34473,152,139,13,13
34474,90,98,-8,8
34475,79,84,-5,5
34476,99,107,-8,8
34477,78,80,-2,2
34478,131,131,0,0
34479,100,99,1,1
34480,74,87,-13,13
34481,99,103,-4,4
34482,135,134,1,1
34483,104,114,-10,10
34484,67,71,-4,4
34485,102,95,7,7
34486,48,61,-13,13
34487,243,229,14,14
34488,97,99,-2,2
34489,112,112,0,0
34490,118,125,-7,7
34491,77,87,-10,10
34492,73,70,3,3
34493,99,107,-8,8
34494,60,85,-25,25
34495,155,152,3,3
34496,125,126,-1,1
34497,202,174,28,28
34498,82,95,-13,13
34499,100,98,2,2
34500,78,82,-4,4
34501,59,72,-13,13
34502,48,64,-16,16
34503,121,130,-9,9
34504,128,125,3,3
34505,96,110,-14,14
34506,133,126,7,7
34507,107,109,-2,2
34508,106,104,2,2
34509,111,128,-17,17
34510,48,75,-27,27
34511,79,93,-14,14
34512,121,115,6,6
34513,147,143,4,4
34514,113,120,-7,7
34515,58,65,-7,7
34516,93,87,6,6
34517,109,113,-4,4
34518,85,95,-10,10
34519,69,83,-14,14
34520,70,75,-5,5
34521,81,95,-14,14
34522,47,54,-7,7
34523,121,118,3,3
34524,151,139,12,12
34525,80,88,-8,8
34526,60,64,-4,4
34527,133,129,4,4
34528,65,77,-12,12
34529,162,162,0,0
34530,73,73,0,0
34531,108,107,1,1
34532,87,89,-2,2
34533,101,111,-10,10
34534,90,97,-7,7
34535,130,150,-20,20
34536,133,128,5,5
34537,139,139,0,0
34538,95,105,-10,10
34539,96,102,-6,6
34540,66,75,-9,9
34541,69,78,-9,9
34542,69,75,-6,6
34543,86,88,-2,2
34544,95,102,-7,7
34545,91,92,-1,1
34546,189,164,25,25
34547,109,111,-2,2
34548,63,71,-8,8
34549,156,156,0,0
34550,64,71,-7,7
34551,117,114,3,3
34552,55,60,-5,5
34553,115,123,-8,8
34554,103,100,3,3
34555,155,149,6,6
34556,78,86,-8,8
34557,159,165,-6,6
34558,73,75,-2,2
34559,188,181,7,7
34560,150,151,-1,1
34561,103,99,4,4
34562,80,88,-8,8
34563,92,99,-7,7
34564,121,124,-3,3
34565,113,116,-3,3
34566,106,107,-1,1
34567,72,71,1,1
34568,120,120,0,0
34569,49,60,-11,11
34570,124,135,-11,11
34571,82,89,-7,7
34572,145,163,-18,18
34573,61,65,-4,4
34574,108,109,-1,1
34575,53,65,-12,12
34576,117,112,5,5
34577,88,95,-7,7
34578,122,101,21,21
34579,56,65,-9,9
34580,161,151,10,10
34581,115,112,3,3
34582,100,107,-7,7
34583,149,151,-2,2
34584,126,123,3,3
34585,74,85,-11,11
34586,124,121,3,3
34587,101,103,-2,2
34588,83,100,-17,17
34589,105,103,2,2
34590,143,140,3,3
34591,153,146,7,7
34592,54,63,-9,9
34593,52,65,-13,13
34594,87,89,-2,2
34595,63,71,-8,8
34596,84,94,-10,10
34597,96,101,-5,5
34598,59,73,-14,14
34599,141,134,7,7
34600,121,117,4,4
34601,21,34,-13,13
34602,93,94,-1,1
34603,126,131,-5,5
34604,91,97,-6,6
34605,126,125,1,1
34606,79,82,-3,3
34607,133,138,-5,5
34608,72,81,-9,9
34609,117,107,10,10
34610,51,67,-16,16
34611,92,95,-3,3
34612,78,86,-8,8
34613,70,81,-11,11
34614,77,82,-5,5
34615,94,91,3,3
34616,75,83,-8,8
34617,93,100,-7,7
34618,75,75,0,0
34619,149,146,3,3
34620,99,106,-7,7
34621,94,109,-15,15
34622,98,96,2,2
34623,68,75,-7,7
34624,101,148,-47,47
34625,115,111,4,4
34626,87,89,-2,2
34627,100,116,-16,16
34628,80,94,-14,14
34629,133,129,4,4
34630,54,63,-9,9
34631,164,160,4,4
34632,98,101,-3,3
34633,75,83,-8,8
34634,77,76,1,1
34635,126,124,2,2
34636,124,122,2,2
34637,89,95,-6,6
34638,77,86,-9,9
34639,162,149,13,13
34640,129,119,10,10
34641,126,128,-2,2
34642,90,89,1,1
34643,145,142,3,3
34644,59,75,-16,16
34645,79,80,-1,1
34646,100,97,3,3
34647,136,136,0,0
34648,53,67,-14,14
34649,109,108,1,1
34650,79,84,-5,5
34651,111,115,-4,4
34652,172,144,28,28
34653,142,142,0,0
34654,81,85,-4,4
34655,100,102,-2,2
34656,71,79,-8,8
34657,37,55,-18,18
34658,91,94,-3,3
34659,85,88,-3,3
34660,96,99,-3,3
34661,96,98,-2,2
34662,72,72,0,0
34663,58,65,-7,7
34664,128,137,-9,9
34665,90,87,3,3
34666,79,86,-7,7
34667,57,61,-4,4
34668,164,144,20,20
34669,147,122,25,25
34670,42,59,-17,17
34671,92,107,-15,15
34672,73,82,-9,9
34673,80,85,-5,5
34674,82,86,-4,4
34675,82,91,-9,9
34676,124,124,0,0
34677,87,100,-13,13
34678,93,98,-5,5
34679,151,138,13,13
34680,88,91,-3,3
34681,99,98,1,1
34682,104,110,-6,6
34683,80,88,-8,8
34684,91,88,3,3
34685,116,136,-20,20
34686,136,128,8,8
34687,76,115,-39,39
34688,125,138,-13,13
34689,99,96,3,3
34690,112,122,-10,10
34691,103,120,-17,17
34692,152,148,4,4
34693,122,122,0,0
34694,74,76,-2,2
34695,106,114,-8,8
34696,76,78,-2,2
34697,59,68,-9,9
34698,100,127,-27,27
34699,58,70,-12,12
34700,69,78,-9,9
34701,120,131,-11,11
34702,74,80,-6,6
34703,55,66,-11,11
34704,89,93,-4,4
34705,79,82,-3,3
34706,137,142,-5,5
34707,81,86,-5,5
34708,64,84,-20,20
34709,170,167,3,3
34710,69,74,-5,5
34711,72,74,-2,2
34712,73,76,-3,3
34713,66,79,-13,13
34714,114,114,0,0
34715,96,111,-15,15
34716,67,76,-9,9
34717,83,88,-5,5
34718,72,76,-4,4
34719,150,150,0,0
34720,56,59,-3,3
34721,66,75,-9,9
34722,53,71,-18,18
34723,169,155,14,14
34724,66,74,-8,8
34725,105,116,-11,11
34726,101,104,-3,3
34727,78,90,-12,12
34728,130,131,-1,1
34729,140,137,3,3
34730,91,113,-22,22
34731,89,84,5,5
34732,73,80,-7,7
34733,111,115,-4,4
34734,111,118,-7,7
34735,154,143,11,11
34736,56,63,-7,7
34737,136,133,3,3
34738,101,97,4,4
34739,120,125,-5,5
34740,62,62,0,0
34741,105,112,-7,7
34742,76,83,-7,7
34743,161,160,1,1
34744,88,98,-10,10
34745,51,64,-13,13
34746,108,113,-5,5
34747,101,104,-3,3
34748,74,80,-6,6
34749,189,166,23,23
34750,46,53,-7,7
34751,58,68,-10,10
34752,100,93,7,7
34753,171,150,21,21
34754,45,54,-9,9
34755,87,77,10,10
34756,57,64,-7,7
34757,137,127,10,10
34758,72,78,-6,6
34759,115,115,0,0
34760,98,99,-1,1
34761,58,68,-10,10
34762,87,112,-25,25
34763,79,83,-4,4
34764,79,83,-4,4
34765,67,70,-3,3
34766,32,46,-14,14
34767,76,83,-7,7
34768,80,76,4,4
34769,106,98,8,8
34770,54,68,-14,14
34771,75,86,-11,11
34772,149,147,2,2
34773,110,104,6,6
34774,106,115,-9,9
34775,130,132,-2,2
34776,49,58,-9,9
34777,119,129,-10,10
34778,75,84,-9,9
34779,89,94,-5,5
34780,63,67,-4,4
34781,64,61,3,3
34782,116,116,0,0
34783,79,76,3,3
34784,92,100,-8,8
34785,70,81,-11,11
34786,120,118,2,2
34787,165,159,6,6
34788,187,193,-6,6
34789,82,86,-4,4
34790,53,76,-23,23
34791,88,91,-3,3
34792,75,78,-3,3
34793,66,68,-2,2
34794,80,85,-5,5
34795,113,108,5,5
34796,48,53,-5,5
34797,52,59,-7,7
34798,169,161,8,8
34799,100,115,-15,15
34800,71,87,-16,16
34801,103,120,-17,17
34802,127,128,-1,1
34803,132,134,-2,2
34804,136,140,-4,4
34805,67,69,-2,2
34806,127,133,-6,6
34807,142,146,-4,4
34808,114,126,-12,12
34809,71,85,-14,14
34810,77,82,-5,5
34811,86,99,-13,13
34812,166,147,19,19
34813,116,117,-1,1
34814,42,52,-10,10
34815,91,90,1,1
34816,81,82,-1,1
34817,109,108,1,1
34818,164,165,-1,1
34819,119,124,-5,5
34820,79,80,-1,1
34821,122,121,1,1
34822,67,72,-5,5
34823,96,98,-2,2
34824,81,85,-4,4
34825,110,89,21,21
34826,142,141,1,1
34827,30,47,-17,17
34828,102,124,-22,22
34829,128,119,9,9
34830,127,140,-13,13
34831,55,98,-43,43
34832,125,157,-32,32
34833,85,96,-11,11
34834,82,90,-8,8
34835,99,110,-11,11
34836,142,145,-3,3
34837,99,114,-15,15
34838,96,107,-11,11
34839,87,105,-18,18
34840,76,82,-6,6
34841,95,107,-12,12
34842,61,70,-9,9
34843,58,72,-14,14
34844,88,93,-5,5
34845,87,102,-15,15
34846,89,91,-2,2
34847,100,99,1,1
34848,87,91,-4,4
34849,86,91,-5,5
34850,43,61,-18,18
34851,33,48,-15,15
34852,97,98,-1,1
34853,130,128,2,2
34854,149,141,8,8
34855,139,126,13,13
34856,71,82,-11,11
34857,53,71,-18,18
34858,69,73,-4,4
34859,114,106,8,8
34860,60,76,-16,16
34861,53,71,-18,18
34862,80,83,-3,3
34863,75,73,2,2
34864,101,118,-17,17
34865,147,145,2,2
34866,100,96,4,4
34867,112,124,-12,12
34868,61,69,-8,8
34869,68,75,-7,7
34870,41,67,-26,26
34871,72,83,-11,11
34872,69,83,-14,14
34873,135,126,9,9
34874,112,118,-6,6
34875,63,67,-4,4
34876,83,85,-2,2
34877,74,84,-10,10
34878,85,99,-14,14
34879,91,88,3,3
34880,150,148,2,2
34881,96,97,-1,1
34882,61,91,-30,30
34883,51,76,-25,25
34884,61,69,-8,8
34885,143,161,-18,18
34886,64,74,-10,10
34887,59,66,-7,7
34888,67,88,-21,21
34889,65,87,-22,22
34890,142,131,11,11
34891,66,74,-8,8
34892,73,86,-13,13
34893,107,110,-3,3
34894,112,103,9,9
34895,104,108,-4,4
34896,46,54,-8,8
34897,83,82,1,1
34898,89,90,-1,1
34899,73,72,1,1
34900,59,67,-8,8
34901,59,66,-7,7
34902,112,115,-3,3
34903,75,84,-9,9
34904,68,79,-11,11
34905,80,95,-15,15
34906,70,87,-17,17
34907,77,86,-9,9
34908,49,57,-8,8
34909,91,94,-3,3
34910,65,70,-5,5
34911,77,80,-3,3
34912,130,124,6,6
34913,77,82,-5,5
34914,175,178,-3,3
34915,103,115,-12,12
34916,79,83,-4,4
34917,74,74,0,0
34918,98,111,-13,13
34919,111,112,-1,1
34920,105,117,-12,12
34921,106,110,-4,4
34922,43,54,-11,11
34923,91,102,-11,11
34924,88,93,-5,5
34925,121,121,0,0
34926,111,108,3,3
34927,65,73,-8,8
34928,63,68,-5,5
34929,91,103,-12,12
34930,70,80,-10,10
34931,117,112,5,5
34932,56,69,-13,13
34933,153,155,-2,2
34934,135,139,-4,4
34935,66,72,-6,6
34936,97,105,-8,8
34937,94,106,-12,12
34938,79,86,-7,7
34939,89,86,3,3
34940,117,116,1,1
34941,50,60,-10,10
34942,172,176,-4,4
34943,71,85,-14,14
34944,94,95,-1,1
34945,146,150,-4,4
34946,57,63,-6,6
34947,91,100,-9,9
34948,44,59,-15,15
34949,124,126,-2,2
34950,117,107,10,10
34951,93,91,2,2
34952,100,109,-9,9
34953,167,156,11,11
34954,97,99,-2,2
34955,117,115,2,2
34956,142,141,1,1
34957,62,69,-7,7
34958,99,108,-9,9
34959,83,91,-8,8
34960,61,73,-12,12
34961,80,91,-11,11
34962,85,84,1,1
34963,102,110,-8,8
34964,127,137,-10,10
34965,123,128,-5,5
34966,117,120,-3,3
34967,102,118,-16,16
34968,100,102,-2,2
34969,105,105,0,0
34970,116,106,10,10
34971,104,117,-13,13
34972,70,77,-7,7
34973,71,81,-10,10
34974,59,76,-17,17
34975,86,89,-3,3
34976,121,107,14,14
34977,104,101,3,3
34978,93,94,-1,1
34979,78,85,-7,7
34980,124,120,4,4
34981,83,93,-10,10
34982,126,127,-1,1
34983,91,94,-3,3
34984,89,108,-19,19
34985,79,82,-3,3
34986,110,115,-5,5
34987,80,87,-7,7
34988,116,118,-2,2
34989,133,124,9,9
34990,91,104,-13,13
34991,94,94,0,0
34992,160,149,11,11
34993,107,122,-15,15
34994,61,73,-12,12
34995,74,70,4,4
34996,80,86,-6,6
34997,50,65,-15,15
34998,98,104,-6,6
34999,47,58,-11,11
35000,63,89,-26,26
35001,92,99,-7,7
35002,97,100,-3,3
35003,101,110,-9,9
35004,48,63,-15,15
35005,114,119,-5,5
35006,106,109,-3,3
35007,98,100,-2,2
35008,133,135,-2,2
35009,98,91,7,7
35010,41,52,-11,11
35011,85,90,-5,5
35012,102,107,-5,5
35013,97,94,3,3
35014,49,59,-10,10
35015,50,64,-14,14
35016,86,94,-8,8
35017,96,116,-20,20
35018,110,106,4,4
35019,95,109,-14,14
35020,89,86,3,3
35021,92,94,-2,2
35022,109,110,-1,1
35023,75,82,-7,7
35024,61,64,-3,3
35025,82,96,-14,14
35026,88,97,-9,9
35027,139,139,0,0
35028,67,87,-20,20
35029,106,110,-4,4
35030,108,112,-4,4
35031,80,93,-13,13
35032,78,93,-15,15
35033,87,94,-7,7
35034,57,65,-8,8
35035,63,69,-6,6
35036,105,96,9,9
35037,129,114,15,15
35038,65,68,-3,3
35039,93,99,-6,6
35040,50,58,-8,8
35041,30,52,-22,22
35042,81,83,-2,2
35043,55,72,-17,17
35044,76,84,-8,8
35045,135,125,10,10
35046,55,65,-10,10
35047,140,144,-4,4
35048,92,91,1,1
35049,124,129,-5,5
35050,100,106,-6,6
35051,40,51,-11,11
35052,50,54,-4,4
35053,85,91,-6,6
35054,87,100,-13,13
35055,136,130,6,6
35056,65,78,-13,13
35057,97,86,11,11
35058,80,82,-2,2
35059,99,103,-4,4
35060,69,78,-9,9
35061,97,107,-10,10
35062,65,72,-7,7
35063,67,77,-10,10
35064,108,110,-2,2
35065,105,112,-7,7
35066,98,93,5,5
35067,73,80,-7,7
35068,87,90,-3,3
35069,80,77,3,3
35070,115,120,-5,5
35071,129,119,10,10
35072,62,71,-9,9
35073,141,133,8,8
35074,165,158,7,7
35075,167,164,3,3
35076,128,119,9,9
35077,163,149,14,14
35078,49,70,-21,21
35079,73,91,-18,18
35080,117,158,-41,41
35081,182,164,18,18
35082,91,86,5,5
35083,73,84,-11,11
35084,130,135,-5,5
35085,92,95,-3,3
35086,164,146,18,18
35087,100,115,-15,15
35088,106,112,-6,6
35089,155,160,-5,5
35090,84,89,-5,5
35091,115,125,-10,10
35092,74,83,-9,9
35093,62,66,-4,4
35094,76,85,-9,9
35095,82,95,-13,13
35096,116,109,7,7
35097,84,89,-5,5
35098,61,76,-15,15
35099,155,143,12,12
35100,87,149,-62,62
35101,118,123,-5,5
35102,126,132,-6,6
35103,123,129,-6,6
35104,72,84,-12,12
35105,106,111,-5,5
35106,119,115,4,4
35107,79,86,-7,7
35108,70,90,-20,20
35109,129,121,8,8
35110,93,88,5,5
35111,98,94,4,4
35112,164,172,-8,8
35113,110,120,-10,10
35114,108,113,-5,5
35115,79,84,-5,5
35116,140,144,-4,4
35117,81,94,-13,13
35118,84,93,-9,9
35119,64,66,-2,2
35120,101,103,-2,2
35121,65,74,-9,9
35122,71,86,-15,15
35123,66,75,-9,9
35124,81,88,-7,7
35125,82,99,-17,17
35126,101,111,-10,10
35127,95,103,-8,8
35128,95,104,-9,9
35129,177,173,4,4
35130,148,159,-11,11
35131,83,94,-11,11
35132,79,81,-2,2
35133,87,88,-1,1
35134,120,122,-2,2
35135,140,164,-24,24
35136,117,120,-3,3
35137,88,93,-5,5
35138,79,76,3,3
35139,89,99,-10,10
35140,83,86,-3,3
35141,79,99,-20,20
35142,118,117,1,1
35143,79,88,-9,9
35144,95,92,3,3
35145,62,71,-9,9
35146,67,79,-12,12
35147,63,75,-12,12
35148,99,91,8,8
35149,164,162,2,2
35150,71,68,3,3
35151,49,57,-8,8
35152,88,93,-5,5
35153,93,94,-1,1
35154,90,93,-3,3
35155,96,89,7,7
35156,91,95,-4,4
35157,41,50,-9,9
35158,94,98,-4,4
35159,58,65,-7,7
35160,87,93,-6,6
35161,100,100,0,0
35162,117,123,-6,6
35163,106,104,2,2
35164,65,81,-16,16
35165,126,131,-5,5
35166,92,100,-8,8
35167,78,92,-14,14
35168,98,102,-4,4
35169,102,120,-18,18
35170,115,105,10,10
35171,93,94,-1,1
35172,48,67,-19,19
35173,64,73,-9,9
35174,168,174,-6,6
35175,95,91,4,4
35176,125,127,-2,2
35177,128,141,-13,13
35178,137,124,13,13
35179,62,63,-1,1
35180,76,84,-8,8
35181,66,72,-6,6
35182,50,63,-13,13
35183,98,97,1,1
35184,101,113,-12,12
35185,77,83,-6,6
35186,97,102,-5,5
35187,116,112,4,4
35188,118,117,1,1
35189,157,157,0,0
35190,48,60,-12,12
35191,86,93,-7,7
35192,79,101,-22,22
35193,93,95,-2,2
35194,58,66,-8,8
35195,65,73,-8,8
35196,203,185,18,18
35197,59,67,-8,8
35198,103,100,3,3
35199,35,44,-9,9
35200,95,105,-10,10
35201,89,96,-7,7
35202,122,116,6,6
35203,97,101,-4,4
35204,84,87,-3,3
35205,146,133,13,13
35206,129,121,8,8
35207,76,88,-12,12
35208,79,84,-5,5
35209,92,95,-3,3
35210,82,79,3,3
35211,111,106,5,5
35212,88,88,0,0
35213,155,154,1,1
35214,75,76,-1,1
35215,109,109,0,0
35216,64,67,-3,3
35217,76,77,-1,1
35218,114,121,-7,7
35219,84,86,-2,2
35220,90,94,-4,4
35221,49,59,-10,10
35222,103,110,-7,7
35223,140,139,1,1
35224,64,73,-9,9
35225,171,175,-4,4
35226,89,90,-1,1
35227,57,71,-14,14
35228,99,81,18,18
35229,62,71,-9,9
35230,191,183,8,8
35231,108,104,4,4
35232,116,117,-1,1
35233,157,147,10,10
35234,98,116,-18,18
35235,167,172,-5,5
35236,89,89,0,0
35237,65,76,-11,11
35238,103,110,-7,7
35239,107,107,0,0
35240,66,69,-3,3
35241,137,138,-1,1
35242,68,71,-3,3
35243,64,69,-5,5
35244,137,133,4,4
35245,101,104,-3,3
35246,120,117,3,3
35247,99,106,-7,7
35248,58,75,-17,17
35249,93,100,-7,7
35250,48,73,-25,25
35251,96,118,-22,22
35252,68,75,-7,7
35253,95,104,-9,9
35254,117,113,4,4
35255,61,73,-12,12
35256,122,129,-7,7
35257,77,91,-14,14
35258,69,82,-13,13
35259,105,100,5,5
35260,126,128,-2,2
35261,67,69,-2,2
35262,122,122,0,0
35263,96,96,0,0
35264,188,170,18,18
35265,72,68,4,4
35266,122,119,3,3
35267,53,69,-16,16
35268,49,68,-19,19
35269,131,125,6,6
35270,118,109,9,9
35271,68,68,0,0
35272,84,95,-11,11
35273,80,90,-10,10
35274,95,111,-16,16
35275,54,61,-7,7
35276,80,89,-9,9
35277,55,66,-11,11
35278,50,57,-7,7
35279,141,143,-2,2
35280,118,114,4,4
35281,64,76,-12,12
35282,132,124,8,8
35283,81,83,-2,2
35284,49,54,-5,5
35285,86,93,-7,7
35286,107,111,-4,4
35287,123,123,0,0
35288,109,104,5,5
35289,121,119,2,2
35290,89,99,-10,10
35291,57,70,-13,13
35292,123,120,3,3
35293,102,110,-8,8
35294,143,132,11,11
35295,57,64,-7,7
35296,84,85,-1,1
35297,73,76,-3,3
35298,124,125,-1,1
35299,86,85,1,1
35300,128,128,0,0
35301,146,136,10,10
35302,92,93,-1,1
35303,68,83,-15,15
35304,88,96,-8,8
35305,147,150,-3,3
35306,134,139,-5,5
35307,91,97,-6,6
35308,137,135,2,2
35309,130,132,-2,2
35310,103,106,-3,3
35311,78,96,-18,18
35312,85,85,0,0
35313,57,64,-7,7
35314,159,146,13,13
35315,80,91,-11,11
35316,113,124,-11,11
35317,152,142,10,10
35318,163,152,11,11
35319,137,123,14,14
35320,116,119,-3,3
35321,144,139,5,5
35322,61,73,-12,12
35323,158,154,4,4
35324,120,148,-28,28
35325,64,76,-12,12
35326,106,104,2,2
35327,60,75,-15,15
35328,87,99,-12,12
35329,72,68,4,4
35330,92,96,-4,4
35331,164,150,14,14
35332,121,135,-14,14
35333,63,75,-12,12
35334,108,115,-7,7
35335,70,73,-3,3
35336,66,81,-15,15
35337,81,136,-55,55
35338,84,88,-4,4
35339,69,79,-10,10
35340,161,161,0,0
35341,73,78,-5,5
35342,62,67,-5,5
35343,66,76,-10,10
35344,80,90,-10,10
35345,110,129,-19,19
35346,145,139,6,6
35347,32,66,-34,34
35348,62,74,-12,12
35349,191,186,5,5
35350,84,88,-4,4
35351,96,95,1,1
35352,87,84,3,3
35353,54,64,-10,10
35354,85,90,-5,5
35355,118,116,2,2
35356,52,61,-9,9
35357,102,93,9,9
35358,66,74,-8,8
35359,151,154,-3,3
35360,129,141,-12,12
35361,61,64,-3,3
35362,102,113,-11,11
35363,88,98,-10,10
35364,61,81,-20,20
35365,77,90,-13,13
35366,79,87,-8,8
35367,110,108,2,2
35368,96,97,-1,1
35369,74,77,-3,3
35370,120,124,-4,4
35371,134,130,4,4
35372,66,76,-10,10
35373,61,67,-6,6
35374,130,122,8,8
35375,60,72,-12,12
35376,66,73,-7,7
35377,115,117,-2,2
35378,99,100,-1,1
35379,55,65,-10,10
35380,104,101,3,3
35381,104,110,-6,6
35382,97,105,-8,8
35383,48,58,-10,10
35384,51,65,-14,14
35385,51,52,-1,1
35386,80,87,-7,7
35387,57,62,-5,5
35388,77,67,10,10
35389,128,125,3,3
35390,141,148,-7,7
35391,77,81,-4,4
35392,132,132,0,0
35393,110,112,-2,2
35394,43,47,-4,4
35395,110,118,-8,8
35396,85,81,4,4
35397,92,103,-11,11
35398,49,57,-8,8
35399,69,74,-5,5
35400,64,70,-6,6
35401,82,83,-1,1
35402,59,74,-15,15
35403,69,74,-5,5
35404,66,73,-7,7
35405,92,93,-1,1
35406,101,94,7,7
35407,62,76,-14,14
35408,126,117,9,9
35409,119,126,-7,7
35410,117,108,9,9
35411,162,156,6,6
35412,100,103,-3,3
35413,107,120,-13,13
35414,49,64,-15,15
35415,75,82,-7,7
35416,85,88,-3,3
35417,87,83,4,4
35418,58,62,-4,4
35419,86,112,-26,26
35420,54,62,-8,8
35421,149,148,1,1
35422,99,93,6,6
35423,118,120,-2,2
35424,88,96,-8,8
35425,128,149,-21,21
35426,121,127,-6,6
35427,62,73,-11,11
35428,32,44,-12,12
35429,152,145,7,7
35430,58,62,-4,4
35431,77,87,-10,10
35432,127,117,10,10
35433,109,111,-2,2
35434,116,117,-1,1
35435,83,90,-7,7
35436,70,87,-17,17
35437,101,98,3,3
35438,70,74,-4,4
35439,117,113,4,4
35440,93,101,-8,8
35441,72,84,-12,12
35442,131,136,-5,5
35443,64,74,-10,10
35444,160,156,4,4
35445,86,83,3,3
35446,84,91,-7,7
35447,56,65,-9,9
35448,94,93,1,1
35449,149,140,9,9
35450,128,119,9,9
35451,97,112,-15,15
35452,178,168,10,10
35453,102,101,1,1
35454,53,61,-8,8
35455,124,115,9,9
35456,79,88,-9,9
35457,136,153,-17,17
35458,71,84,-13,13
35459,54,60,-6,6
35460,97,97,0,0
35461,72,83,-11,11
35462,169,151,18,18
35463,80,83,-3,3
35464,53,68,-15,15
35465,64,66,-2,2
35466,52,63,-11,11
35467,38,58,-20,20
35468,78,82,-4,4
35469,160,91,69,69
35470,113,111,2,2
35471,90,97,-7,7
35472,63,68,-5,5
35473,79,99,-20,20
35474,56,70,-14,14
35475,241,237,4,4
35476,68,76,-8,8
35477,145,150,-5,5
35478,69,73,-4,4
35479,107,106,1,1
35480,79,85,-6,6
35481,123,128,-5,5
35482,97,93,4,4
35483,77,82,-5,5
35484,66,140,-74,74
35485,83,87,-4,4
35486,82,92,-10,10
35487,78,85,-7,7
35488,89,91,-2,2
35489,76,71,5,5
35490,61,70,-9,9
35491,116,112,4,4
35492,128,140,-12,12
35493,130,135,-5,5
35494,46,55,-9,9
35495,105,108,-3,3
35496,150,130,20,20
35497,156,159,-3,3
35498,69,75,-6,6
35499,89,93,-4,4
35500,77,77,0,0
35501,123,127,-4,4
35502,97,97,0,0
35503,87,88,-1,1
35504,80,86,-6,6
35505,79,85,-6,6
35506,58,69,-11,11
35507,53,63,-10,10
35508,105,118,-13,13
35509,74,88,-14,14
35510,101,110,-9,9
35511,56,66,-10,10
35512,115,111,4,4
35513,141,151,-10,10
35514,116,116,0,0
35515,47,58,-11,11
35516,43,56,-13,13
35517,80,91,-11,11
35518,91,100,-9,9
35519,75,94,-19,19
35520,114,108,6,6
35521,79,89,-10,10
35522,106,101,5,5
35523,69,68,1,1
35524,87,81,6,6
35525,118,128,-10,10
35526,84,91,-7,7
35527,90,99,-9,9
35528,97,97,0,0
35529,57,65,-8,8
35530,132,135,-3,3
35531,90,114,-24,24
35532,108,111,-3,3
35533,132,123,9,9
35534,76,87,-11,11
35535,38,46,-8,8
35536,52,61,-9,9
35537,68,69,-1,1
35538,141,144,-3,3
35539,90,99,-9,9
35540,72,71,1,1
35541,74,75,-1,1
35542,89,90,-1,1
35543,72,78,-6,6
35544,78,69,9,9
35545,67,73,-6,6
35546,94,96,-2,2
35547,65,71,-6,6
35548,75,78,-3,3
35549,76,90,-14,14
35550,78,77,1,1
35551,70,83,-13,13
35552,124,117,7,7
35553,123,124,-1,1
35554,185,174,11,11
35555,126,113,13,13
35556,104,107,-3,3
35557,79,85,-6,6
35558,74,71,3,3
35559,82,87,-5,5
35560,47,63,-16,16
35561,40,49,-9,9
35562,102,106,-4,4
35563,68,82,-14,14
35564,95,104,-9,9
35565,111,108,3,3
35566,74,82,-8,8
35567,63,75,-12,12
35568,118,120,-2,2
35569,181,168,13,13
35570,63,74,-11,11
35571,73,79,-6,6
35572,76,85,-9,9
35573,80,85,-5,5
35574,99,107,-8,8
35575,83,95,-12,12
35576,48,56,-8,8
35577,140,133,7,7
35578,101,110,-9,9
35579,76,95,-19,19
35580,84,103,-19,19
35581,95,92,3,3
35582,60,69,-9,9
35583,78,83,-5,5
35584,125,129,-4,4
35585,90,95,-5,5
35586,99,103,-4,4
35587,58,60,-2,2
35588,128,132,-4,4
35589,67,75,-8,8
35590,96,116,-20,20
35591,96,94,2,2
35592,141,139,2,2
35593,77,87,-10,10
35594,114,106,8,8
35595,86,88,-2,2
35596,175,167,8,8
35597,129,127,2,2
35598,50,64,-14,14
35599,70,72,-2,2
35600,224,204,20,20
35601,146,142,4,4
35602,81,82,-1,1
35603,97,95,2,2
35604,118,129,-11,11
35605,77,73,4,4
35606,73,80,-7,7
35607,85,87,-2,2
35608,102,104,-2,2
35609,130,128,2,2
35610,133,139,-6,6
35611,129,124,5,5
35612,80,85,-5,5
35613,93,97,-4,4
35614,91,90,1,1
35615,41,101,-60,60
35616,82,95,-13,13
35617,67,76,-9,9
35618,85,89,-4,4
35619,75,86,-11,11
35620,118,123,-5,5
35621,118,104,14,14
35622,79,84,-5,5
35623,63,70,-7,7
35624,170,172,-2,2
35625,73,81,-8,8
35626,114,98,16,16
35627,154,161,-7,7
35628,54,74,-20,20
35629,115,112,3,3
35630,49,127,-78,78
35631,99,107,-8,8
35632,80,82,-2,2
35633,152,154,-2,2
35634,71,76,-5,5
35635,118,146,-28,28
35636,106,104,2,2
35637,106,116,-10,10
35638,173,156,17,17
35639,89,99,-10,10
35640,65,73,-8,8
35641,93,93,0,0
35642,109,112,-3,3
35643,126,136,-10,10
35644,143,165,-22,22
35645,127,135,-8,8
35646,114,109,5,5
35647,84,93,-9,9
35648,68,83,-15,15
35649,60,72,-12,12
35650,111,114,-3,3
35651,127,139,-12,12
35652,83,86,-3,3
35653,98,101,-3,3
35654,83,78,5,5
35655,77,84,-7,7
35656,51,60,-9,9
35657,88,97,-9,9
35658,48,68,-20,20
35659,147,145,2,2
35660,66,88,-22,22
35661,100,97,3,3
35662,76,86,-10,10
35663,59,68,-9,9
35664,116,113,3,3
35665,61,71,-10,10
35666,155,150,5,5
35667,99,104,-5,5
35668,112,111,1,1
35669,70,67,3,3
35670,79,91,-12,12
35671,96,103,-7,7
35672,90,98,-8,8
35673,104,103,1,1
35674,99,102,-3,3
35675,81,91,-10,10
35676,134,150,-16,16
35677,126,128,-2,2
35678,160,125,35,35
35679,75,79,-4,4
35680,104,112,-8,8
35681,150,137,13,13
35682,120,121,-1,1
35683,90,94,-4,4
35684,120,113,7,7
35685,142,140,2,2
35686,75,75,0,0
35687,102,101,1,1
35688,162,152,10,10
35689,74,79,-5,5
35690,75,82,-7,7
35691,99,102,-3,3
35692,130,131,-1,1
35693,53,61,-8,8
35694,127,135,-8,8
35695,103,99,4,4
35696,94,96,-2,2
35697,76,93,-17,17
35698,83,89,-6,6
35699,195,176,19,19
35700,58,77,-19,19
35701,51,69,-18,18
35702,153,147,6,6
35703,190,175,15,15
35704,87,91,-4,4
35705,96,100,-4,4
35706,100,98,2,2
35707,74,80,-6,6
35708,67,74,-7,7
35709,124,131,-7,7
35710,74,77,-3,3
35711,111,105,6,6
35712,93,118,-25,25
35713,107,103,4,4
35714,70,71,-1,1
35715,154,150,4,4
35716,125,114,11,11
35717,107,102,5,5
35718,69,92,-23,23
35719,101,108,-7,7
35720,95,91,4,4
35721,96,94,2,2
35722,85,89,-4,4
35723,70,100,-30,30
35724,68,70,-2,2
35725,61,69,-8,8
35726,155,156,-1,1
35727,58,71,-13,13
35728,72,77,-5,5
35729,47,60,-13,13
35730,98,106,-8,8
35731,145,138,7,7
35732,52,65,-13,13
35733,120,111,9,9
35734,78,79,-1,1
35735,56,65,-9,9
35736,89,100,-11,11
35737,82,90,-8,8
35738,104,111,-7,7
35739,128,141,-13,13
35740,159,143,16,16
35741,79,92,-13,13
35742,109,108,1,1
35743,120,126,-6,6
35744,79,104,-25,25
35745,73,73,0,0
35746,64,64,0,0
35747,97,94,3,3
35748,135,116,19,19
35749,81,93,-12,12
35750,91,93,-2,2
35751,58,61,-3,3
35752,78,93,-15,15
35753,77,80,-3,3
35754,47,53,-6,6
35755,167,157,10,10
35756,65,90,-25,25
35757,152,148,4,4
35758,159,156,3,3
35759,89,113,-24,24
35760,205,196,9,9
35761,108,104,4,4
35762,101,99,2,2
35763,129,131,-2,2
35764,123,128,-5,5
35765,90,94,-4,4
35766,138,129,9,9
35767,105,99,6,6
35768,93,91,2,2
35769,129,120,9,9
35770,110,103,7,7
35771,86,105,-19,19
35772,72,86,-14,14
35773,122,120,2,2
35774,37,46,-9,9
35775,173,171,2,2
35776,97,89,8,8
35777,45,52,-7,7
35778,97,91,6,6
35779,85,94,-9,9
35780,83,91,-8,8
35781,105,104,1,1
35782,138,137,1,1
35783,98,96,2,2
35784,128,122,6,6
35785,94,88,6,6
35786,131,117,14,14
35787,67,79,-12,12
35788,176,172,4,4
35789,116,113,3,3
35790,116,128,-12,12
35791,80,67,13,13
35792,84,86,-2,2
35793,69,80,-11,11
35794,165,166,-1,1
35795,55,73,-18,18
35796,123,124,-1,1
35797,117,125,-8,8
35798,81,77,4,4
35799,86,89,-3,3
35800,185,176,9,9
35801,104,103,1,1
35802,89,96,-7,7
35803,85,84,1,1
35804,156,144,12,12
35805,72,74,-2,2
35806,95,85,10,10
35807,86,82,4,4
35808,72,75,-3,3
35809,168,151,17,17
35810,42,55,-13,13
35811,93,100,-7,7
35812,103,95,8,8
35813,83,89,-6,6
35814,137,134,3,3
35815,117,127,-10,10
35816,77,89,-12,12
35817,79,96,-17,17
35818,121,123,-2,2
35819,110,123,-13,13
35820,101,100,1,1
35821,88,102,-14,14
35822,91,94,-3,3
35823,166,155,11,11
35824,63,66,-3,3
35825,92,99,-7,7
35826,138,128,10,10
35827,110,121,-11,11
35828,151,148,3,3
35829,121,135,-14,14
35830,73,80,-7,7
35831,77,79,-2,2
35832,197,196,1,1
35833,94,84,10,10
35834,67,77,-10,10
35835,147,128,19,19
35836,92,118,-26,26
35837,138,139,-1,1
35838,71,88,-17,17
35839,93,94,-1,1
35840,115,112,3,3
35841,90,90,0,0
35842,137,132,5,5
35843,136,141,-5,5
35844,63,68,-5,5
35845,68,74,-6,6
35846,105,104,1,1
35847,61,66,-5,5
35848,75,82,-7,7
35849,120,125,-5,5
35850,145,147,-2,2
35851,106,108,-2,2
35852,171,158,13,13
35853,87,99,-12,12
35854,112,105,7,7
35855,75,83,-8,8
35856,84,94,-10,10
35857,55,60,-5,5
35858,57,65,-8,8
35859,71,74,-3,3
35860,150,143,7,7
35861,42,57,-15,15
35862,95,99,-4,4
35863,100,106,-6,6
35864,77,76,1,1
35865,134,147,-13,13
35866,100,90,10,10
35867,117,125,-8,8
35868,74,113,-39,39
35869,106,103,3,3
35870,121,118,3,3
35871,115,113,2,2
35872,137,135,2,2
35873,80,86,-6,6
35874,81,89,-8,8
35875,50,66,-16,16
35876,60,74,-14,14
35877,143,130,13,13
35878,80,97,-17,17
35879,72,76,-4,4
35880,74,77,-3,3
35881,125,123,2,2
35882,111,108,3,3
35883,99,104,-5,5
35884,72,79,-7,7
35885,84,83,1,1
35886,52,60,-8,8
35887,54,60,-6,6
35888,63,69,-6,6
35889,101,102,-1,1
35890,65,64,1,1
35891,74,87,-13,13
35892,141,143,-2,2
35893,84,92,-8,8
35894,156,142,14,14
35895,105,103,2,2
35896,130,125,5,5
35897,74,84,-10,10
35898,97,110,-13,13
35899,111,117,-6,6
35900,65,74,-9,9
35901,124,125,-1,1
35902,80,87,-7,7
35903,93,95,-2,2
35904,122,120,2,2
35905,84,97,-13,13
35906,92,101,-9,9
35907,52,80,-28,28
35908,86,101,-15,15
35909,69,82,-13,13
35910,114,111,3,3
35911,68,72,-4,4
35912,123,130,-7,7
35913,104,123,-19,19
35914,119,112,7,7
35915,123,111,12,12
35916,99,98,1,1
35917,117,137,-20,20
35918,94,105,-11,11
35919,126,126,0,0
35920,148,139,9,9
35921,112,103,9,9
35922,168,172,-4,4
35923,81,84,-3,3
35924,100,100,0,0
35925,78,85,-7,7
35926,109,112,-3,3
35927,120,115,5,5
35928,119,129,-10,10
35929,83,110,-27,27
35930,138,136,2,2
35931,63,75,-12,12
35932,63,64,-1,1
35933,88,87,1,1
35934,50,58,-8,8
35935,171,166,5,5
35936,111,103,8,8
35937,154,155,-1,1
35938,131,120,11,11
35939,110,109,1,1
35940,74,84,-10,10
35941,116,126,-10,10
35942,112,115,-3,3
35943,89,95,-6,6
35944,109,119,-10,10
35945,68,75,-7,7
35946,77,82,-5,5
35947,69,74,-5,5
35948,54,71,-17,17
35949,74,78,-4,4
35950,140,140,0,0
35951,92,85,7,7
35952,47,63,-16,16
35953,49,69,-20,20
35954,72,79,-7,7
35955,79,89,-10,10
35956,45,62,-17,17
35957,53,67,-14,14
35958,114,122,-8,8
35959,64,76,-12,12
35960,63,66,-3,3
35961,113,105,8,8
35962,103,102,1,1
35963,109,109,0,0
35964,94,97,-3,3
35965,65,69,-4,4
35966,94,95,-1,1
35967,142,145,-3,3
35968,38,51,-13,13
35969,91,104,-13,13
35970,86,88,-2,2
35971,150,145,5,5
35972,66,73,-7,7
35973,68,70,-2,2
35974,62,65,-3,3
35975,53,57,-4,4
35976,53,62,-9,9
35977,117,116,1,1
35978,89,96,-7,7
35979,96,89,7,7
35980,109,112,-3,3
35981,100,101,-1,1
35982,132,124,8,8
35983,125,127,-2,2
35984,47,55,-8,8
35985,76,98,-22,22
35986,80,85,-5,5
35987,108,133,-25,25
35988,72,79,-7,7
35989,79,83,-4,4
35990,103,107,-4,4
35991,93,96,-3,3
35992,90,89,1,1
35993,76,81,-5,5
35994,88,93,-5,5
35995,70,77,-7,7
35996,162,140,22,22
35997,86,84,2,2
35998,62,71,-9,9
35999,78,85,-7,7
36000,51,56,-5,5
36001,131,116,15,15
36002,81,84,-3,3
36003,100,105,-5,5
36004,107,110,-3,3
36005,71,79,-8,8
36006,99,97,2,2
36007,128,123,5,5
36008,102,108,-6,6
36009,111,121,-10,10
36010,114,120,-6,6
36011,145,137,8,8
36012,123,114,9,9
36013,64,73,-9,9
36014,138,140,-2,2
36015,120,129,-9,9
36016,96,100,-4,4
36017,143,142,1,1
36018,79,86,-7,7
36019,139,147,-8,8
36020,124,120,4,4
36021,76,88,-12,12
36022,67,75,-8,8
36023,65,82,-17,17
36024,62,71,-9,9
36025,184,182,2,2
36026,102,107,-5,5
36027,60,68,-8,8
36028,79,94,-15,15
36029,63,70,-7,7
36030,70,64,6,6
36031,91,104,-13,13
36032,68,79,-11,11
36033,86,99,-13,13
36034,97,110,-13,13
36035,78,92,-14,14
36036,110,104,6,6
36037,94,92,2,2
36038,68,88,-20,20
36039,150,145,5,5
36040,81,85,-4,4
36041,58,67,-9,9
36042,48,56,-8,8
36043,76,79,-3,3
36044,102,102,0,0
36045,74,82,-8,8
36046,60,71,-11,11
36047,75,90,-15,15
36048,92,92,0,0
36049,62,71,-9,9
36050,91,100,-9,9
36051,93,97,-4,4
36052,146,148,-2,2
36053,94,93,1,1
36054,88,94,-6,6
36055,124,130,-6,6
36056,92,97,-5,5
36057,87,118,-31,31
36058,113,125,-12,12
36059,99,97,2,2
36060,90,94,-4,4
36061,95,94,1,1
36062,61,70,-9,9
36063,139,136,3,3
36064,106,124,-18,18
36065,42,58,-16,16
36066,95,97,-2,2
36067,121,131,-10,10
36068,130,140,-10,10
36069,121,127,-6,6
36070,74,78,-4,4
36071,84,91,-7,7
36072,70,75,-5,5
36073,73,82,-9,9
36074,116,111,5,5
36075,120,124,-4,4
36076,151,143,8,8
36077,80,85,-5,5
36078,90,100,-10,10
36079,68,79,-11,11
36080,102,105,-3,3
36081,180,172,8,8
36082,44,84,-40,40
36083,170,164,6,6
36084,99,93,6,6
36085,130,126,4,4
36086,78,110,-32,32
36087,107,107,0,0
36088,93,103,-10,10
36089,146,146,0,0
36090,97,97,0,0
36091,107,104,3,3
36092,116,115,1,1
36093,81,97,-16,16
36094,84,85,-1,1
36095,88,104,-16,16
36096,77,73,4,4
36097,65,72,-7,7
36098,158,147,11,11
36099,76,91,-15,15
36100,56,60,-4,4
36101,119,121,-2,2
36102,82,83,-1,1
36103,52,69,-17,17
36104,44,62,-18,18
36105,122,116,6,6
36106,92,99,-7,7
36107,87,91,-4,4
36108,152,157,-5,5
36109,97,100,-3,3
36110,127,121,6,6
36111,61,70,-9,9
36112,58,71,-13,13
36113,94,99,-5,5
36114,123,129,-6,6
36115,141,127,14,14
36116,61,77,-16,16
36117,151,173,-22,22
36118,117,119,-2,2
36119,88,93,-5,5
36120,71,74,-3,3
36121,131,137,-6,6
36122,98,99,-1,1
36123,54,66,-12,12
36124,133,127,6,6
36125,68,69,-1,1
36126,49,64,-15,15
36127,106,105,1,1
36128,144,138,6,6
36129,105,109,-4,4
36130,59,60,-1,1
36131,65,74,-9,9
36132,136,130,6,6
36133,58,64,-6,6
36134,49,60,-11,11
36135,47,57,-10,10
36136,87,92,-5,5
36137,81,96,-15,15
36138,110,103,7,7
36139,119,120,-1,1
36140,114,113,1,1
36141,77,77,0,0
36142,114,118,-4,4
36143,112,116,-4,4
36144,86,112,-26,26
36145,91,98,-7,7
36146,136,125,11,11
36147,52,57,-5,5
36148,85,94,-9,9
36149,97,98,-1,1
36150,151,149,2,2
36151,118,114,4,4
36152,156,140,16,16
36153,61,60,1,1
36154,107,109,-2,2
36155,173,173,0,0
36156,86,96,-10,10
36157,74,86,-12,12
36158,90,90,0,0
36159,61,70,-9,9
36160,112,118,-6,6
36161,114,110,4,4
36162,86,95,-9,9
36163,115,120,-5,5
36164,128,130,-2,2
36165,62,73,-11,11
36166,81,93,-12,12
36167,102,107,-5,5
36168,104,111,-7,7
36169,70,84,-14,14
36170,85,88,-3,3
36171,59,68,-9,9
36172,112,108,4,4
36173,141,148,-7,7
36174,103,110,-7,7
36175,89,91,-2,2
36176,83,86,-3,3
36177,54,58,-4,4
36178,70,80,-10,10
36179,75,83,-8,8
36180,124,124,0,0
36181,64,69,-5,5
36182,137,132,5,5
36183,112,129,-17,17
36184,60,76,-16,16
36185,103,114,-11,11
36186,76,78,-2,2
36187,100,91,9,9
36188,68,80,-12,12
36189,72,86,-14,14
36190,52,64,-12,12
36191,91,97,-6,6
36192,57,64,-7,7
36193,71,65,6,6
36194,99,104,-5,5
36195,117,137,-20,20
36196,179,170,9,9
36197,109,108,1,1
36198,33,61,-28,28
36199,101,105,-4,4
36200,105,102,3,3
36201,88,92,-4,4
36202,152,163,-11,11
36203,88,86,2,2
36204,140,132,8,8
36205,123,111,12,12
36206,129,132,-3,3
36207,57,64,-7,7
36208,53,58,-5,5
36209,65,75,-10,10
36210,72,77,-5,5
36211,127,143,-16,16
36212,62,76,-14,14
36213,47,59,-12,12
36214,101,95,6,6
36215,58,58,0,0
36216,90,99,-9,9
36217,71,77,-6,6
36218,148,139,9,9
36219,131,126,5,5
36220,173,177,-4,4
36221,140,132,8,8
36222,88,93,-5,5
36223,105,117,-12,12
36224,129,123,6,6
36225,105,101,4,4
36226,113,129,-16,16
36227,83,97,-14,14
36228,58,66,-8,8
36229,59,66,-7,7
36230,110,98,12,12
36231,106,112,-6,6
36232,95,101,-6,6
36233,101,91,10,10
36234,56,68,-12,12
36235,134,138,-4,4
36236,118,120,-2,2
36237,114,107,7,7
36238,70,79,-9,9
36239,68,85,-17,17
36240,66,76,-10,10
36241,92,91,1,1
36242,113,119,-6,6
36243,108,105,3,3
36244,91,103,-12,12
36245,146,150,-4,4
36246,114,114,0,0
36247,103,109,-6,6
36248,108,146,-38,38
36249,60,67,-7,7
36250,62,71,-9,9
36251,102,105,-3,3
36252,110,119,-9,9
36253,194,171,23,23
36254,53,64,-11,11
36255,102,102,0,0
36256,175,158,17,17
36257,66,70,-4,4
36258,108,110,-2,2
36259,112,111,1,1
36260,154,143,11,11
36261,121,129,-8,8
36262,66,68,-2,2
36263,84,89,-5,5
36264,72,76,-4,4
36265,97,94,3,3
36266,125,124,1,1
36267,53,59,-6,6
36268,56,68,-12,12
36269,139,144,-5,5
36270,76,88,-12,12
36271,98,97,1,1
36272,64,72,-8,8
36273,102,104,-2,2
36274,63,77,-14,14
36275,125,126,-1,1
36276,133,118,15,15
36277,61,68,-7,7
36278,57,66,-9,9
36279,87,88,-1,1
36280,65,77,-12,12
36281,45,57,-12,12
36282,105,114,-9,9
36283,123,124,-1,1
36284,96,94,2,2
36285,146,155,-9,9
36286,65,76,-11,11
36287,93,92,1,1
36288,67,74,-7,7
36289,112,96,16,16
36290,128,123,5,5
36291,78,84,-6,6
36292,73,77,-4,4
36293,89,92,-3,3
36294,62,66,-4,4
36295,127,135,-8,8
36296,126,118,8,8
36297,80,87,-7,7
36298,84,94,-10,10
36299,85,108,-23,23
36300,65,73,-8,8
36301,63,71,-8,8
36302,42,55,-13,13
36303,84,87,-3,3
36304,73,78,-5,5
36305,50,56,-6,6
36306,107,133,-26,26
36307,108,108,0,0
36308,65,74,-9,9
36309,150,130,20,20
36310,101,101,0,0
36311,51,52,-1,1
36312,74,74,0,0
36313,79,84,-5,5
36314,117,108,9,9
36315,71,90,-19,19
36316,70,84,-14,14
36317,75,80,-5,5
36318,38,56,-18,18
36319,104,112,-8,8
36320,97,97,0,0
36321,117,117,0,0
36322,78,80,-2,2
36323,58,75,-17,17
36324,133,135,-2,2
36325,51,61,-10,10
36326,117,123,-6,6
36327,82,84,-2,2
36328,155,153,2,2
36329,102,111,-9,9
36330,137,141,-4,4
36331,85,86,-1,1
36332,132,140,-8,8
36333,35,50,-15,15
36334,72,79,-7,7
36335,119,125,-6,6
36336,90,90,0,0
36337,69,76,-7,7
36338,76,86,-10,10
36339,85,93,-8,8
36340,114,108,6,6
36341,84,114,-30,30
36342,78,84,-6,6
36343,55,70,-15,15
36344,102,108,-6,6
36345,163,146,17,17
36346,69,79,-10,10
36347,126,126,0,0
36348,43,48,-5,5
36349,61,64,-3,3
36350,54,64,-10,10
36351,109,109,0,0
36352,102,123,-21,21
36353,80,88,-8,8
36354,206,186,20,20
36355,51,59,-8,8
36356,89,82,7,7
36357,72,85,-13,13
36358,127,127,0,0
36359,76,87,-11,11
36360,107,108,-1,1
36361,71,74,-3,3
36362,66,69,-3,3
36363,76,80,-4,4
36364,184,171,13,13
36365,129,132,-3,3
36366,55,66,-11,11
36367,110,117,-7,7
36368,75,84,-9,9
36369,61,75,-14,14
36370,136,130,6,6
36371,103,100,3,3
36372,115,126,-11,11
36373,55,66,-11,11
36374,113,110,3,3
36375,89,86,3,3
36376,121,112,9,9
36377,80,100,-20,20
36378,141,141,0,0
36379,150,165,-15,15
36380,90,90,0,0
36381,73,82,-9,9
36382,137,155,-18,18
36383,107,103,4,4
36384,86,89,-3,3
36385,112,115,-3,3
36386,46,64,-18,18
36387,72,80,-8,8
36388,99,107,-8,8
36389,63,70,-7,7
36390,126,110,16,16
36391,64,68,-4,4
36392,90,106,-16,16
36393,59,69,-10,10
36394,66,66,0,0
36395,114,102,12,12
36396,102,101,1,1
36397,77,81,-4,4
36398,90,85,5,5
36399,68,71,-3,3
36400,78,79,-1,1
36401,71,76,-5,5
36402,49,61,-12,12
36403,83,88,-5,5
36404,112,126,-14,14
36405,102,113,-11,11
36406,134,114,20,20
36407,57,66,-9,9
36408,71,81,-10,10
36409,163,162,1,1
36410,130,125,5,5
36411,123,132,-9,9
36412,117,122,-5,5
36413,78,81,-3,3
36414,39,55,-16,16
36415,49,61,-12,12
36416,57,66,-9,9
36417,51,65,-14,14
36418,123,114,9,9
36419,92,97,-5,5
36420,93,103,-10,10
36421,77,84,-7,7
36422,197,158,39,39
36423,112,116,-4,4
36424,63,76,-13,13
36425,83,91,-8,8
36426,68,91,-23,23
36427,105,104,1,1
36428,62,77,-15,15
36429,71,73,-2,2
36430,91,95,-4,4
36431,85,85,0,0
36432,197,201,-4,4
36433,124,121,3,3
36434,119,115,4,4
36435,130,140,-10,10
36436,81,80,1,1
36437,92,97,-5,5
36438,71,79,-8,8
36439,67,71,-4,4
36440,99,96,3,3
36441,94,100,-6,6
36442,114,121,-7,7
36443,167,156,11,11
36444,120,110,10,10
36445,125,115,10,10
36446,70,71,-1,1
36447,114,110,4,4
36448,95,96,-1,1
36449,46,58,-12,12
36450,101,111,-10,10
36451,61,66,-5,5
36452,90,104,-14,14
36453,67,142,-75,75
36454,157,145,12,12
36455,79,84,-5,5
36456,105,109,-4,4
36457,112,102,10,10
36458,89,97,-8,8
36459,105,107,-2,2
36460,124,122,2,2
36461,65,70,-5,5
36462,73,78,-5,5
36463,66,74,-8,8
36464,61,74,-13,13
36465,125,139,-14,14
36466,122,135,-13,13
36467,76,78,-2,2
36468,90,102,-12,12
36469,176,155,21,21
36470,62,74,-12,12
36471,139,140,-1,1
36472,43,52,-9,9
36473,67,80,-13,13
36474,50,61,-11,11
36475,66,73,-7,7
36476,59,70,-11,11
36477,81,81,0,0
36478,83,83,0,0
36479,92,94,-2,2
36480,76,89,-13,13
36481,62,68,-6,6
36482,64,86,-22,22
36483,92,105,-13,13
36484,123,121,2,2
36485,84,79,5,5
36486,88,97,-9,9
36487,58,70,-12,12
36488,87,91,-4,4
36489,73,79,-6,6
36490,44,61,-17,17
36491,123,122,1,1
36492,76,78,-2,2
36493,82,97,-15,15
36494,84,87,-3,3
36495,69,77,-8,8
36496,80,89,-9,9
36497,104,107,-3,3
36498,81,84,-3,3
36499,79,90,-11,11
36500,90,111,-21,21
36501,105,104,1,1
36502,140,139,1,1
36503,85,94,-9,9
36504,96,97,-1,1
36505,102,104,-2,2
36506,81,82,-1,1
36507,117,110,7,7
36508,68,72,-4,4
36509,79,86,-7,7
36510,143,138,5,5
36511,66,66,0,0
36512,52,60,-8,8
36513,109,100,9,9
36514,40,58,-18,18
36515,140,131,9,9
36516,115,114,1,1
36517,74,91,-17,17
36518,61,71,-10,10
36519,66,76,-10,10
36520,92,85,7,7
36521,48,77,-29,29
36522,116,115,1,1
36523,141,131,10,10
36524,113,111,2,2
36525,89,88,1,1
36526,139,128,11,11
36527,134,139,-5,5
36528,152,149,3,3
36529,88,94,-6,6
36530,93,98,-5,5
36531,161,152,9,9
36532,90,98,-8,8
36533,68,72,-4,4
36534,148,138,10,10
36535,82,88,-6,6
36536,96,97,-1,1
36537,171,173,-2,2
36538,96,112,-16,16
36539,66,76,-10,10
36540,113,110,3,3
36541,78,90,-12,12
36542,82,86,-4,4
36543,61,67,-6,6
36544,82,84,-2,2
36545,99,111,-12,12
36546,225,188,37,37
36547,81,84,-3,3
36548,62,65,-3,3
36549,66,75,-9,9
36550,44,64,-20,20
36551,74,93,-19,19
36552,83,85,-2,2
36553,109,112,-3,3
36554,51,69,-18,18
36555,121,125,-4,4
36556,83,79,4,4
36557,81,96,-15,15
36558,53,64,-11,11
36559,73,89,-16,16
36560,109,102,7,7
36561,151,152,-1,1
36562,115,119,-4,4
36563,122,116,6,6
36564,116,121,-5,5
36565,107,104,3,3
36566,109,105,4,4
36567,72,80,-8,8
36568,43,53,-10,10
36569,78,79,-1,1
36570,127,119,8,8
36571,50,60,-10,10
36572,96,98,-2,2
36573,53,64,-11,11
36574,37,53,-16,16
36575,94,92,2,2
36576,56,71,-15,15
36577,27,42,-15,15
36578,38,62,-24,24
36579,109,117,-8,8
36580,109,114,-5,5
36581,70,80,-10,10
36582,60,71,-11,11
36583,82,98,-16,16
36584,67,73,-6,6
36585,67,75,-8,8
36586,78,76,2,2
36587,62,79,-17,17
36588,49,65,-16,16
36589,109,105,4,4
36590,88,95,-7,7
36591,81,98,-17,17
36592,82,96,-14,14
36593,90,92,-2,2
36594,79,88,-9,9
36595,97,95,2,2
36596,75,87,-12,12
36597,104,102,2,2
36598,84,95,-11,11
36599,146,144,2,2
36600,62,67,-5,5
36601,104,114,-10,10
36602,106,114,-8,8
36603,92,97,-5,5
36604,92,95,-3,3
36605,92,101,-9,9
36606,71,80,-9,9
36607,91,97,-6,6
36608,87,89,-2,2
36609,79,101,-22,22
36610,86,104,-18,18
36611,128,120,8,8
36612,186,183,3,3
36613,138,130,8,8
36614,89,84,5,5
36615,168,159,9,9
36616,46,58,-12,12
36617,93,96,-3,3
36618,72,80,-8,8
36619,110,107,3,3
36620,99,94,5,5
36621,51,57,-6,6
36622,93,98,-5,5
36623,99,102,-3,3
36624,126,126,0,0
36625,64,73,-9,9
36626,209,194,15,15
36627,102,106,-4,4
36628,98,107,-9,9
36629,79,76,3,3
36630,85,95,-10,10
36631,64,73,-9,9
36632,83,84,-1,1
36633,121,107,14,14
36634,111,108,3,3
36635,72,78,-6,6
36636,97,96,1,1
36637,96,92,4,4
36638,64,72,-8,8
36639,128,132,-4,4
36640,34,45,-11,11
36641,124,103,21,21
36642,84,84,0,0
36643,132,130,2,2
36644,55,62,-7,7
36645,118,118,0,0
36646,47,57,-10,10
36647,74,74,0,0
36648,75,79,-4,4
36649,93,99,-6,6
36650,171,148,23,23
36651,81,88,-7,7
36652,62,72,-10,10
36653,81,84,-3,3
36654,83,81,2,2
36655,65,72,-7,7
36656,61,72,-11,11
36657,83,92,-9,9
36658,102,106,-4,4
36659,78,83,-5,5
36660,85,88,-3,3
36661,122,122,0,0
36662,60,68,-8,8
36663,151,158,-7,7
36664,72,83,-11,11
36665,93,97,-4,4
36666,99,102,-3,3
36667,95,106,-11,11
36668,105,105,0,0
36669,83,77,6,6
36670,128,136,-8,8
36671,76,110,-34,34
36672,114,110,4,4
36673,125,132,-7,7
36674,88,90,-2,2
36675,117,127,-10,10
36676,54,62,-8,8
36677,102,108,-6,6
36678,60,63,-3,3
36679,47,77,-30,30
36680,76,80,-4,4
36681,53,64,-11,11
36682,83,92,-9,9
36683,148,155,-7,7
36684,101,106,-5,5
36685,126,124,2,2
36686,124,187,-63,63
36687,114,117,-3,3
36688,74,86,-12,12
36689,83,97,-14,14
36690,109,107,2,2
36691,89,103,-14,14
36692,76,86,-10,10
36693,53,67,-14,14
36694,78,83,-5,5
36695,60,70,-10,10
36696,136,131,5,5
36697,42,64,-22,22
36698,126,121,5,5
36699,99,113,-14,14
36700,96,102,-6,6
36701,45,54,-9,9
36702,77,77,0,0
36703,167,150,17,17
36704,102,136,-34,34
36705,92,99,-7,7
36706,61,69,-8,8
36707,138,132,6,6
36708,117,130,-13,13
36709,127,120,7,7
36710,92,85,7,7
36711,83,92,-9,9
36712,69,75,-6,6
36713,189,175,14,14
36714,89,84,5,5
36715,154,151,3,3
36716,78,89,-11,11
36717,92,95,-3,3
36718,151,157,-6,6
36719,138,144,-6,6
36720,73,77,-4,4
36721,152,151,1,1
36722,122,124,-2,2
36723,71,71,0,0
36724,118,119,-1,1
36725,93,88,5,5
36726,104,107,-3,3
36727,85,84,1,1
36728,91,89,2,2
36729,50,59,-9,9
36730,102,95,7,7
36731,120,123,-3,3
36732,111,108,3,3
36733,71,80,-9,9
36734,57,60,-3,3
36735,161,132,29,29
36736,53,57,-4,4
36737,122,140,-18,18
36738,125,128,-3,3
36739,83,85,-2,2
36740,74,87,-13,13
36741,78,82,-4,4
36742,51,60,-9,9
36743,167,141,26,26
36744,78,86,-8,8
36745,207,194,13,13
36746,120,121,-1,1
36747,142,147,-5,5
36748,71,85,-14,14
36749,144,125,19,19
36750,55,60,-5,5
36751,75,73,2,2
36752,113,124,-11,11
36753,100,112,-12,12
36754,56,67,-11,11
36755,137,126,11,11
36756,92,98,-6,6
36757,142,138,4,4
36758,114,114,0,0
36759,47,57,-10,10
36760,61,65,-4,4
36761,130,124,6,6
36762,68,79,-11,11
36763,72,88,-16,16
36764,39,49,-10,10
36765,116,125,-9,9
36766,135,131,4,4
36767,121,122,-1,1
36768,126,125,1,1
36769,115,130,-15,15
36770,92,94,-2,2
36771,137,127,10,10
36772,67,73,-6,6
36773,58,59,-1,1
36774,74,84,-10,10
36775,66,62,4,4
36776,70,70,0,0
36777,89,111,-22,22
36778,85,100,-15,15
36779,77,81,-4,4
36780,54,65,-11,11
36781,103,109,-6,6
36782,45,61,-16,16
36783,35,61,-26,26
36784,84,116,-32,32
36785,61,79,-18,18
36786,114,109,5,5
36787,47,61,-14,14
36788,86,89,-3,3
36789,92,103,-11,11
36790,61,67,-6,6
36791,96,100,-4,4
36792,48,57,-9,9
36793,115,127,-12,12
36794,209,191,18,18
36795,89,94,-5,5
36796,63,63,0,0
36797,68,76,-8,8
36798,88,100,-12,12
36799,63,81,-18,18
36800,121,135,-14,14
36801,146,160,-14,14
36802,64,66,-2,2
36803,75,82,-7,7
36804,118,138,-20,20
36805,121,127,-6,6
36806,87,87,0,0
36807,80,85,-5,5
36808,80,89,-9,9
36809,107,102,5,5
36810,137,137,0,0
36811,96,91,5,5
36812,74,81,-7,7
36813,90,87,3,3
36814,70,70,0,0
36815,45,58,-13,13
36816,63,64,-1,1
36817,122,120,2,2
36818,80,85,-5,5
36819,91,98,-7,7
36820,241,227,14,14
36821,49,57,-8,8
36822,115,124,-9,9
36823,136,108,28,28
36824,87,82,5,5
36825,90,112,-22,22
36826,86,87,-1,1
36827,126,125,1,1
36828,63,84,-21,21
36829,68,74,-6,6
36830,83,81,2,2
36831,101,102,-1,1
36832,82,114,-32,32
36833,105,116,-11,11
36834,141,147,-6,6
36835,67,77,-10,10
36836,29,45,-16,16
36837,96,105,-9,9
36838,69,73,-4,4
36839,62,72,-10,10
36840,68,78,-10,10
36841,96,91,5,5
36842,122,130,-8,8
36843,109,118,-9,9
36844,83,84,-1,1
36845,127,124,3,3
36846,115,131,-16,16
36847,95,97,-2,2
36848,64,68,-4,4
36849,80,87,-7,7
36850,285,276,9,9
36851,88,92,-4,4
36852,154,126,28,28
36853,163,156,7,7
36854,68,115,-47,47
36855,72,86,-14,14
36856,184,185,-1,1
36857,87,86,1,1
36858,58,68,-10,10
36859,110,120,-10,10
36860,62,75,-13,13
36861,53,57,-4,4
36862,158,159,-1,1
36863,87,109,-22,22
36864,70,84,-14,14
36865,72,80,-8,8
36866,141,128,13,13
36867,94,95,-1,1
36868,48,64,-16,16
36869,56,62,-6,6
36870,169,161,8,8
36871,81,108,-27,27
36872,71,78,-7,7
36873,97,90,7,7
36874,73,83,-10,10
36875,90,98,-8,8
36876,122,117,5,5
36877,68,66,2,2
36878,128,122,6,6
36879,68,77,-9,9
36880,128,133,-5,5
36881,80,87,-7,7
36882,76,76,0,0
36883,131,141,-10,10
36884,96,103,-7,7
36885,118,128,-10,10
36886,112,107,5,5
36887,174,166,8,8
36888,44,52,-8,8
36889,92,102,-10,10
36890,66,73,-7,7
36891,90,100,-10,10
36892,144,141,3,3
36893,110,107,3,3
36894,164,146,18,18
36895,85,86,-1,1
36896,87,102,-15,15
36897,126,148,-22,22
36898,70,76,-6,6
36899,111,112,-1,1
36900,56,63,-7,7
36901,50,64,-14,14
36902,93,100,-7,7
36903,66,74,-8,8
36904,77,80,-3,3
36905,59,64,-5,5
36906,95,101,-6,6
36907,79,83,-4,4
36908,84,90,-6,6
36909,81,86,-5,5
36910,118,113,5,5
36911,62,66,-4,4
36912,113,119,-6,6
36913,89,84,5,5
36914,109,105,4,4
36915,157,151,6,6
36916,144,162,-18,18
36917,113,108,5,5
36918,136,125,11,11
36919,55,56,-1,1
36920,100,129,-29,29
36921,127,120,7,7
36922,137,135,2,2
36923,77,80,-3,3
36924,75,80,-5,5
36925,96,104,-8,8
36926,183,174,9,9
36927,100,99,1,1
36928,66,67,-1,1
36929,87,94,-7,7
36930,76,86,-10,10
36931,79,104,-25,25
36932,84,89,-5,5
36933,101,98,3,3
36934,110,116,-6,6
36935,97,100,-3,3
36936,55,65,-10,10
36937,94,91,3,3
36938,65,76,-11,11
36939,78,83,-5,5
36940,69,76,-7,7
36941,171,163,8,8
36942,78,82,-4,4
36943,58,69,-11,11
36944,79,85,-6,6
36945,90,87,3,3
36946,43,54,-11,11
36947,80,102,-22,22
36948,121,134,-13,13
36949,186,171,15,15
36950,87,93,-6,6
36951,25,30,-5,5
36952,77,88,-11,11
36953,111,117,-6,6
36954,60,65,-5,5
36955,70,79,-9,9
36956,145,136,9,9
36957,83,90,-7,7
36958,87,83,4,4
36959,79,81,-2,2
36960,110,113,-3,3
36961,70,73,-3,3
36962,157,150,7,7
36963,95,100,-5,5
36964,62,73,-11,11
36965,83,90,-7,7
36966,64,69,-5,5
36967,240,224,16,16
36968,77,86,-9,9
36969,171,156,15,15
36970,111,114,-3,3
36971,98,95,3,3
36972,60,68,-8,8
36973,94,100,-6,6
36974,117,113,4,4
36975,113,118,-5,5
36976,149,161,-12,12
36977,84,89,-5,5
36978,50,63,-13,13
36979,109,123,-14,14
36980,77,95,-18,18
36981,125,124,1,1
36982,74,89,-15,15
36983,80,85,-5,5
36984,70,78,-8,8
36985,79,84,-5,5
36986,125,113,12,12
36987,102,92,10,10
36988,72,77,-5,5
36989,99,104,-5,5
36990,73,88,-15,15
36991,104,99,5,5
36992,99,101,-2,2
36993,97,94,3,3
36994,135,140,-5,5
36995,80,91,-11,11
36996,146,144,2,2
36997,59,72,-13,13
36998,95,103,-8,8
36999,159,144,15,15
37000,73,72,1,1
37001,94,95,-1,1
37002,159,135,24,24
37003,178,162,16,16
37004,58,63,-5,5
37005,88,88,0,0
37006,88,98,-10,10
37007,81,93,-12,12
37008,79,80,-1,1
37009,54,64,-10,10
37010,88,90,-2,2
37011,75,76,-1,1
37012,101,93,8,8
37013,89,89,0,0
37014,51,64,-13,13
37015,121,121,0,0
37016,110,115,-5,5
37017,99,94,5,5
37018,63,71,-8,8
37019,113,117,-4,4
37020,137,140,-3,3
37021,114,129,-15,15
37022,87,91,-4,4
37023,176,150,26,26
37024,136,133,3,3
37025,104,106,-2,2
37026,131,169,-38,38
37027,100,115,-15,15
37028,110,119,-9,9
37029,54,59,-5,5
37030,99,105,-6,6
37031,55,67,-12,12
37032,141,131,10,10
37033,142,141,1,1
37034,125,117,8,8
37035,114,125,-11,11
37036,121,125,-4,4
37037,138,129,9,9
37038,66,82,-16,16
37039,108,106,2,2
37040,137,134,3,3
37041,57,63,-6,6
37042,97,104,-7,7
37043,114,107,7,7
37044,124,150,-26,26
37045,66,76,-10,10
37046,51,59,-8,8
37047,162,149,13,13
37048,161,156,5,5
37049,116,115,1,1
37050,111,115,-4,4
37051,143,144,-1,1
37052,41,57,-16,16
37053,97,92,5,5
37054,49,61,-12,12
37055,156,149,7,7
37056,48,54,-6,6
37057,82,84,-2,2
37058,58,64,-6,6
37059,81,83,-2,2
37060,81,86,-5,5
37061,68,75,-7,7
37062,120,125,-5,5
37063,28,48,-20,20
37064,84,105,-21,21
37065,96,104,-8,8
37066,79,86,-7,7
37067,446,415,31,31
37068,132,133,-1,1
37069,131,127,4,4
37070,60,77,-17,17
37071,78,79,-1,1
37072,113,118,-5,5
37073,67,73,-6,6
37074,83,85,-2,2
37075,77,76,1,1
37076,82,87,-5,5
37077,60,67,-7,7
37078,112,114,-2,2
37079,124,121,3,3
37080,150,138,12,12
37081,87,93,-6,6
37082,129,123,6,6
37083,151,145,6,6
37084,36,51,-15,15
37085,100,104,-4,4
37086,57,107,-50,50
37087,108,119,-11,11
37088,78,90,-12,12
37089,72,72,0,0
37090,69,88,-19,19
37091,108,117,-9,9
37092,87,90,-3,3
37093,51,70,-19,19
37094,48,61,-13,13
37095,98,115,-17,17
37096,31,61,-30,30
37097,140,126,14,14
37098,74,78,-4,4
37099,95,104,-9,9
37100,87,86,1,1
37101,120,124,-4,4
37102,83,82,1,1
37103,81,100,-19,19
37104,75,83,-8,8
37105,87,94,-7,7
37106,145,147,-2,2
37107,98,96,2,2
37108,52,57,-5,5
37109,83,88,-5,5
37110,55,80,-25,25
37111,110,119,-9,9
37112,125,136,-11,11
37113,87,85,2,2
37114,101,105,-4,4
37115,81,80,1,1
37116,143,140,3,3
37117,218,197,21,21
37118,79,79,0,0
37119,97,95,2,2
37120,58,68,-10,10
37121,116,125,-9,9
37122,76,74,2,2
37123,94,100,-6,6
37124,79,94,-15,15
37125,60,64,-4,4
37126,103,118,-15,15
37127,51,59,-8,8
37128,113,109,4,4
37129,83,104,-21,21
37130,121,122,-1,1
37131,87,78,9,9
37132,152,149,3,3
37133,97,100,-3,3
37134,169,167,2,2
37135,73,92,-19,19
37136,141,149,-8,8
37137,88,82,6,6
37138,75,165,-90,90
37139,78,83,-5,5
37140,114,111,3,3
37141,95,88,7,7
37142,100,114,-14,14
37143,94,100,-6,6
37144,62,72,-10,10
37145,75,104,-29,29
37146,91,99,-8,8
37147,155,142,13,13
37148,82,81,1,1
37149,120,121,-1,1
37150,154,146,8,8
37151,45,55,-10,10
37152,69,75,-6,6
37153,70,80,-10,10
37154,129,129,0,0
37155,83,84,-1,1
37156,102,103,-1,1
37157,34,47,-13,13
37158,84,85,-1,1
37159,93,94,-1,1
37160,173,157,16,16
37161,81,91,-10,10
37162,112,128,-16,16
37163,141,140,1,1
37164,117,115,2,2
37165,87,98,-11,11
37166,89,107,-18,18
37167,138,145,-7,7
37168,77,88,-11,11
37169,71,80,-9,9
37170,108,120,-12,12
37171,84,87,-3,3
37172,90,107,-17,17
37173,156,148,8,8
37174,90,99,-9,9
37175,91,95,-4,4
37176,64,69,-5,5
37177,66,74,-8,8
37178,59,63,-4,4
37179,124,116,8,8
37180,49,54,-5,5
37181,108,113,-5,5
37182,83,89,-6,6
37183,115,107,8,8
37184,59,69,-10,10
37185,51,73,-22,22
37186,90,91,-1,1
37187,77,96,-19,19
37188,59,61,-2,2
37189,100,104,-4,4
37190,138,136,2,2
37191,237,226,11,11
37192,71,78,-7,7
37193,51,58,-7,7
37194,160,166,-6,6
37195,162,132,30,30
37196,121,121,0,0
37197,122,120,2,2
37198,64,68,-4,4
37199,78,78,0,0
37200,107,137,-30,30
37201,102,111,-9,9
37202,74,88,-14,14
37203,90,106,-16,16
37204,65,65,0,0
37205,85,96,-11,11
37206,88,96,-8,8
37207,95,102,-7,7
37208,92,96,-4,4
37209,148,133,15,15
37210,89,93,-4,4
37211,63,71,-8,8
37212,98,91,7,7
37213,74,78,-4,4
37214,69,75,-6,6
37215,58,68,-10,10
37216,148,139,9,9
37217,75,85,-10,10
37218,128,132,-4,4
37219,63,82,-19,19
37220,113,104,9,9
37221,88,100,-12,12
37222,68,67,1,1
37223,98,101,-3,3
37224,79,89,-10,10
37225,69,78,-9,9
37226,284,249,35,35
37227,76,80,-4,4
37228,98,104,-6,6
37229,73,81,-8,8
37230,135,136,-1,1
37231,71,73,-2,2
37232,85,85,0,0
37233,58,72,-14,14
37234,110,113,-3,3
37235,63,69,-6,6
37236,91,98,-7,7
37237,72,84,-12,12
37238,111,138,-27,27
37239,75,77,-2,2
37240,127,125,2,2
37241,157,145,12,12
37242,136,140,-4,4
37243,66,70,-4,4
37244,53,63,-10,10
37245,76,84,-8,8
37246,76,75,1,1
37247,123,135,-12,12
37248,90,95,-5,5
37249,62,73,-11,11
37250,93,116,-23,23
37251,150,139,11,11
37252,114,118,-4,4
37253,99,90,9,9
37254,85,87,-2,2
37255,68,72,-4,4
37256,54,60,-6,6
37257,64,72,-8,8
37258,126,131,-5,5
37259,52,63,-11,11
37260,119,119,0,0
37261,112,113,-1,1
37262,257,226,31,31
37263,75,81,-6,6
37264,58,63,-5,5
37265,87,89,-2,2
37266,50,57,-7,7
37267,79,91,-12,12
37268,142,134,8,8
37269,122,129,-7,7
37270,69,82,-13,13
37271,82,82,0,0
37272,83,93,-10,10
37273,87,90,-3,3
37274,132,134,-2,2
37275,110,125,-15,15
37276,98,91,7,7
37277,93,95,-2,2
37278,112,122,-10,10
37279,101,95,6,6
37280,97,104,-7,7
37281,111,121,-10,10
37282,53,63,-10,10
37283,78,97,-19,19
37284,104,104,0,0
37285,86,89,-3,3
37286,109,111,-2,2
37287,136,134,2,2
37288,113,130,-17,17
37289,53,65,-12,12
37290,85,82,3,3
37291,142,133,9,9
37292,141,139,2,2
37293,87,93,-6,6
37294,79,83,-4,4
37295,171,157,14,14
37296,104,112,-8,8
37297,91,126,-35,35
37298,70,75,-5,5
37299,93,103,-10,10
37300,115,117,-2,2
37301,49,58,-9,9
37302,115,107,8,8
37303,85,90,-5,5
37304,96,103,-7,7
37305,112,113,-1,1
37306,133,140,-7,7
37307,114,115,-1,1
37308,78,104,-26,26
37309,158,149,9,9
37310,73,75,-2,2
37311,44,56,-12,12
37312,160,161,-1,1
37313,114,120,-6,6
37314,163,123,40,40
37315,113,110,3,3
37316,92,105,-13,13
37317,35,49,-14,14
37318,135,132,3,3
37319,113,113,0,0
37320,105,101,4,4
37321,79,79,0,0
37322,130,125,5,5
37323,129,132,-3,3
37324,81,89,-8,8
37325,71,84,-13,13
37326,233,202,31,31
37327,79,91,-12,12
37328,88,94,-6,6
37329,121,129,-8,8
37330,132,126,6,6
37331,179,168,11,11
37332,199,182,17,17
37333,133,128,5,5
37334,127,125,2,2
37335,71,81,-10,10
37336,59,69,-10,10
37337,92,103,-11,11
37338,98,102,-4,4
37339,93,87,6,6
37340,103,87,16,16
37341,114,130,-16,16
37342,80,92,-12,12
37343,84,91,-7,7
37344,95,92,3,3
37345,141,140,1,1
37346,184,172,12,12
37347,138,121,17,17
37348,59,68,-9,9
37349,172,165,7,7
37350,146,139,7,7
37351,72,82,-10,10
37352,139,141,-2,2
37353,108,109,-1,1
37354,91,105,-14,14
37355,38,44,-6,6
37356,44,59,-15,15
37357,86,92,-6,6
37358,68,81,-13,13
37359,68,70,-2,2
37360,100,107,-7,7
37361,135,126,9,9
37362,30,52,-22,22
37363,149,139,10,10
37364,93,98,-5,5
37365,132,142,-10,10
37366,61,68,-7,7
37367,104,111,-7,7
37368,119,120,-1,1
37369,61,73,-12,12
37370,79,83,-4,4
37371,48,63,-15,15
37372,80,70,10,10
37373,145,169,-24,24
37374,65,79,-14,14
37375,68,74,-6,6
37376,68,76,-8,8
37377,78,88,-10,10
37378,65,72,-7,7
37379,98,100,-2,2
37380,102,112,-10,10
37381,115,106,9,9
37382,71,74,-3,3
37383,63,75,-12,12
37384,64,82,-18,18
37385,97,100,-3,3
37386,102,96,6,6
37387,101,109,-8,8
37388,34,44,-10,10
37389,70,79,-9,9
37390,53,69,-16,16
37391,92,96,-4,4
37392,83,93,-10,10
37393,101,111,-10,10
37394,76,79,-3,3
37395,76,87,-11,11
37396,111,109,2,2
37397,49,71,-22,22
37398,55,71,-16,16
37399,115,114,1,1
37400,126,128,-2,2
37401,121,113,8,8
37402,145,141,4,4
37403,60,79,-19,19
37404,73,71,2,2
37405,63,71,-8,8
37406,71,80,-9,9
37407,81,89,-8,8
37408,98,100,-2,2
37409,138,142,-4,4
37410,69,83,-14,14
37411,172,184,-12,12
37412,57,74,-17,17
37413,119,115,4,4
37414,65,74,-9,9
37415,54,64,-10,10
37416,86,96,-10,10
37417,116,120,-4,4
37418,145,134,11,11
37419,102,111,-9,9
37420,108,111,-3,3
37421,63,69,-6,6
37422,125,126,-1,1
37423,90,96,-6,6
37424,139,146,-7,7
37425,94,97,-3,3
37426,86,94,-8,8
37427,44,77,-33,33
37428,89,100,-11,11
37429,82,87,-5,5
37430,114,107,7,7
37431,60,65,-5,5
37432,103,109,-6,6
37433,58,63,-5,5
37434,108,120,-12,12
37435,140,148,-8,8
37436,160,157,3,3
37437,54,61,-7,7
37438,106,101,5,5
37439,140,142,-2,2
37440,101,104,-3,3
37441,120,123,-3,3
37442,118,117,1,1
37443,116,116,0,0
37444,108,113,-5,5
37445,205,209,-4,4
37446,192,182,10,10
37447,97,100,-3,3
37448,59,66,-7,7
37449,60,71,-11,11
37450,51,61,-10,10
37451,48,56,-8,8
37452,118,119,-1,1
37453,209,191,18,18
37454,64,71,-7,7
37455,76,88,-12,12
37456,130,130,0,0
37457,83,90,-7,7
37458,69,83,-14,14
37459,66,65,1,1
37460,81,95,-14,14
37461,116,138,-22,22
37462,91,100,-9,9
37463,178,179,-1,1
37464,148,163,-15,15
37465,160,160,0,0
37466,116,130,-14,14
37467,87,98,-11,11
37468,93,101,-8,8
37469,71,80,-9,9
37470,121,121,0,0
37471,85,78,7,7
37472,75,84,-9,9
37473,101,104,-3,3
37474,72,81,-9,9
37475,60,67,-7,7
37476,102,100,2,2
37477,111,111,0,0
37478,81,95,-14,14
37479,75,95,-20,20
37480,107,116,-9,9
37481,75,85,-10,10
37482,67,82,-15,15
37483,126,136,-10,10
37484,106,112,-6,6
37485,126,128,-2,2
37486,104,114,-10,10
37487,65,79,-14,14
37488,92,97,-5,5
37489,78,78,0,0
37490,127,126,1,1
37491,88,94,-6,6
37492,35,60,-25,25
37493,87,93,-6,6
37494,53,70,-17,17
37495,108,112,-4,4
37496,89,96,-7,7
37497,79,83,-4,4
37498,79,91,-12,12
37499,138,124,14,14
37500,92,91,1,1
37501,84,87,-3,3
37502,65,71,-6,6
37503,74,80,-6,6
37504,147,143,4,4
37505,96,103,-7,7
37506,124,124,0,0
37507,84,97,-13,13
37508,118,118,0,0
37509,80,82,-2,2
37510,89,101,-12,12
37511,154,160,-6,6
37512,96,115,-19,19
37513,73,89,-16,16
37514,218,190,28,28
37515,108,111,-3,3
37516,156,152,4,4
37517,56,69,-13,13
37518,105,104,1,1
37519,103,130,-27,27
37520,98,106,-8,8
37521,161,160,1,1
37522,150,131,19,19
37523,50,60,-10,10
37524,99,99,0,0
37525,62,71,-9,9
37526,102,104,-2,2
37527,86,87,-1,1
37528,81,83,-2,2
37529,51,66,-15,15
37530,100,98,2,2
37531,74,77,-3,3
37532,65,65,0,0
37533,95,101,-6,6
37534,99,102,-3,3
37535,84,96,-12,12
37536,114,103,11,11
37537,99,96,3,3
37538,58,62,-4,4
37539,49,57,-8,8
37540,119,112,7,7
37541,83,91,-8,8
37542,96,106,-10,10
37543,70,79,-9,9
37544,108,113,-5,5
37545,128,120,8,8
37546,75,77,-2,2
37547,72,77,-5,5
37548,88,84,4,4
37549,71,75,-4,4
37550,103,102,1,1
37551,109,108,1,1
37552,77,86,-9,9
37553,74,79,-5,5
37554,105,102,3,3
37555,56,59,-3,3
37556,95,96,-1,1
37557,152,142,10,10
37558,62,68,-6,6
37559,128,126,2,2
37560,108,106,2,2
37561,58,69,-11,11
37562,144,127,17,17
37563,109,105,4,4
37564,66,70,-4,4
37565,114,116,-2,2
37566,150,137,13,13
37567,98,95,3,3
37568,151,143,8,8
37569,73,75,-2,2
37570,84,90,-6,6
37571,126,128,-2,2
37572,50,61,-11,11
37573,101,119,-18,18
37574,56,68,-12,12
37575,95,102,-7,7
37576,65,71,-6,6
37577,141,122,19,19
37578,94,95,-1,1
37579,67,78,-11,11
37580,55,66,-11,11
37581,65,71,-6,6
37582,52,72,-20,20
37583,95,93,2,2
37584,158,151,7,7
37585,106,46,60,60
37586,101,103,-2,2
37587,96,96,0,0
37588,132,137,-5,5
37589,91,92,-1,1
37590,80,84,-4,4
37591,209,192,17,17
37592,71,87,-16,16
37593,94,104,-10,10
37594,93,95,-2,2
37595,103,111,-8,8
37596,69,83,-14,14
37597,190,190,0,0
37598,92,96,-4,4
37599,105,102,3,3
37600,69,78,-9,9
37601,54,74,-20,20
37602,59,65,-6,6
37603,82,90,-8,8
37604,84,90,-6,6
37605,30,60,-30,30
37606,150,140,10,10
37607,65,70,-5,5
37608,88,89,-1,1
37609,80,83,-3,3
37610,174,166,8,8
37611,134,157,-23,23
37612,82,84,-2,2
37613,77,74,3,3
37614,65,76,-11,11
37615,49,59,-10,10
37616,95,103,-8,8
37617,67,74,-7,7
37618,69,72,-3,3
37619,125,139,-14,14
37620,124,133,-9,9
37621,81,88,-7,7
37622,93,99,-6,6
37623,148,127,21,21
37624,158,147,11,11
37625,107,110,-3,3
37626,138,129,9,9
37627,106,113,-7,7
37628,102,110,-8,8
37629,151,152,-1,1
37630,103,114,-11,11
37631,77,79,-2,2
37632,139,138,1,1
37633,122,123,-1,1
37634,86,81,5,5
37635,85,89,-4,4
37636,76,77,-1,1
37637,115,112,3,3
37638,137,129,8,8
37639,113,135,-22,22
37640,155,141,14,14
37641,66,84,-18,18
37642,75,78,-3,3
37643,120,126,-6,6
37644,116,106,10,10
37645,152,151,1,1
37646,56,65,-9,9
37647,205,183,22,22
37648,96,104,-8,8
37649,101,98,3,3
37650,100,103,-3,3
37651,94,94,0,0
37652,130,125,5,5
37653,61,82,-21,21
37654,123,121,2,2
37655,111,124,-13,13
37656,136,142,-6,6
37657,166,158,8,8
37658,85,101,-16,16
37659,99,103,-4,4
37660,58,66,-8,8
37661,98,98,0,0
37662,88,80,8,8
37663,164,146,18,18
37664,67,75,-8,8
37665,112,102,10,10
37666,105,106,-1,1
37667,151,144,7,7
37668,80,80,0,0
37669,121,128,-7,7
37670,179,152,27,27
37671,151,150,1,1
37672,116,119,-3,3
37673,93,93,0,0
37674,96,99,-3,3
37675,112,131,-19,19
37676,45,55,-10,10
37677,100,102,-2,2
37678,71,87,-16,16
37679,72,75,-3,3
37680,124,121,3,3
37681,54,58,-4,4
37682,135,132,3,3
37683,125,120,5,5
37684,125,106,19,19
37685,104,121,-17,17
37686,76,80,-4,4
37687,106,133,-27,27
37688,76,78,-2,2
37689,87,93,-6,6
37690,146,141,5,5
37691,91,89,2,2
37692,72,95,-23,23
37693,149,147,2,2
37694,82,85,-3,3
37695,157,149,8,8
37696,138,128,10,10
37697,122,124,-2,2
37698,105,108,-3,3
37699,88,91,-3,3
37700,157,172,-15,15
37701,108,102,6,6
37702,94,93,1,1
37703,102,112,-10,10
37704,51,70,-19,19
37705,84,93,-9,9
37706,67,89,-22,22
37707,128,125,3,3
37708,130,131,-1,1
37709,165,154,11,11
37710,100,119,-19,19
37711,121,134,-13,13
37712,74,84,-10,10
37713,58,64,-6,6
37714,88,102,-14,14
37715,105,114,-9,9
37716,116,121,-5,5
37717,103,102,1,1
37718,101,106,-5,5
37719,108,120,-12,12
37720,75,94,-19,19
37721,106,117,-11,11
37722,69,78,-9,9
37723,87,96,-9,9
37724,68,83,-15,15
37725,51,60,-9,9
37726,61,69,-8,8
37727,110,115,-5,5
37728,104,105,-1,1
37729,70,73,-3,3
37730,47,59,-12,12
37731,69,87,-18,18
37732,48,64,-16,16
37733,92,95,-3,3
37734,116,116,0,0
37735,94,102,-8,8
37736,79,86,-7,7
37737,116,138,-22,22
37738,133,140,-7,7
37739,70,81,-11,11
37740,153,149,4,4
37741,41,92,-51,51
37742,73,80,-7,7
37743,109,114,-5,5
37744,145,134,11,11
37745,106,113,-7,7
37746,89,87,2,2
37747,69,86,-17,17
37748,73,82,-9,9
37749,61,70,-9,9
37750,127,124,3,3
37751,104,110,-6,6
37752,103,107,-4,4
37753,107,103,4,4
37754,116,118,-2,2
37755,66,79,-13,13
37756,130,128,2,2
37757,102,99,3,3
37758,102,108,-6,6
37759,72,86,-14,14
37760,98,96,2,2
37761,55,60,-5,5
37762,90,103,-13,13
37763,116,117,-1,1
37764,64,77,-13,13
37765,113,112,1,1
37766,75,87,-12,12
37767,75,99,-24,24
37768,119,121,-2,2
37769,81,82,-1,1
37770,74,77,-3,3
37771,156,151,5,5
37772,93,95,-2,2
37773,84,89,-5,5
37774,118,143,-25,25
37775,70,78,-8,8
37776,197,196,1,1
37777,57,65,-8,8
37778,41,63,-22,22
37779,110,125,-15,15
37780,94,95,-1,1
37781,121,114,7,7
37782,77,86,-9,9
37783,104,91,13,13
37784,98,99,-1,1
37785,101,104,-3,3
37786,65,82,-17,17
37787,140,131,9,9
37788,113,109,4,4
37789,103,97,6,6
37790,84,82,2,2
37791,75,75,0,0
37792,136,127,9,9
37793,123,124,-1,1
37794,117,127,-10,10
37795,107,104,3,3
37796,64,69,-5,5
37797,61,73,-12,12
37798,216,182,34,34
37799,94,103,-9,9
37800,96,100,-4,4
37801,83,109,-26,26
37802,42,58,-16,16
37803,93,106,-13,13
37804,61,72,-11,11
37805,101,88,13,13
37806,118,120,-2,2
37807,100,100,0,0
37808,107,120,-13,13
37809,98,106,-8,8
37810,64,69,-5,5
37811,215,214,1,1
37812,127,124,3,3
37813,91,89,2,2
37814,113,133,-20,20
37815,82,88,-6,6
37816,120,126,-6,6
37817,72,79,-7,7
37818,77,98,-21,21
37819,79,93,-14,14
37820,67,79,-12,12
37821,89,96,-7,7
37822,54,65,-11,11
37823,97,105,-8,8
37824,82,86,-4,4
37825,91,110,-19,19
37826,83,84,-1,1
37827,54,72,-18,18
37828,116,119,-3,3
37829,80,92,-12,12
37830,75,80,-5,5
37831,187,191,-4,4
37832,78,94,-16,16
37833,95,105,-10,10
37834,87,91,-4,4
37835,74,83,-9,9
37836,67,71,-4,4
37837,66,67,-1,1
37838,78,81,-3,3
37839,107,105,2,2
37840,59,62,-3,3
37841,92,103,-11,11
37842,41,61,-20,20
37843,130,124,6,6
37844,100,110,-10,10
37845,88,89,-1,1
37846,67,68,-1,1
37847,100,97,3,3
37848,99,107,-8,8
37849,69,75,-6,6
37850,115,125,-10,10
37851,116,117,-1,1
37852,49,56,-7,7
37853,91,100,-9,9
37854,67,81,-14,14
37855,105,104,1,1
37856,137,139,-2,2
37857,72,90,-18,18
37858,61,69,-8,8
37859,86,89,-3,3
37860,91,104,-13,13
37861,85,90,-5,5
37862,83,79,4,4
37863,68,69,-1,1
37864,103,101,2,2
37865,106,99,7,7
37866,139,121,18,18
37867,115,121,-6,6
37868,48,60,-12,12
37869,159,159,0,0
37870,61,66,-5,5
37871,113,121,-8,8
37872,101,106,-5,5
37873,77,79,-2,2
37874,134,137,-3,3
37875,67,69,-2,2
37876,106,108,-2,2
37877,57,64,-7,7
37878,95,104,-9,9
37879,93,103,-10,10
37880,95,90,5,5
37881,179,173,6,6
37882,153,171,-18,18
37883,62,73,-11,11
37884,69,73,-4,4
37885,165,166,-1,1
37886,180,188,-8,8
37887,87,90,-3,3
37888,110,117,-7,7
37889,116,124,-8,8
37890,159,166,-7,7
37891,99,106,-7,7
37892,114,115,-1,1
37893,102,98,4,4
37894,154,152,2,2
37895,91,96,-5,5
37896,124,111,13,13
37897,91,94,-3,3
37898,41,55,-14,14
37899,45,58,-13,13
37900,71,93,-22,22
37901,76,82,-6,6
37902,99,113,-14,14
37903,111,107,4,4
37904,97,95,2,2
37905,124,125,-1,1
37906,96,112,-16,16
37907,79,100,-21,21
37908,122,133,-11,11
37909,115,104,11,11
37910,89,92,-3,3
37911,73,79,-6,6
37912,111,119,-8,8
37913,89,100,-11,11
37914,138,132,6,6
37915,100,113,-13,13
37916,78,91,-13,13
37917,83,92,-9,9
37918,86,98,-12,12
37919,135,142,-7,7
37920,114,117,-3,3
37921,56,67,-11,11
37922,149,160,-11,11
37923,81,87,-6,6
37924,79,83,-4,4
37925,103,109,-6,6
37926,56,75,-19,19
37927,150,142,8,8
37928,78,85,-7,7
37929,78,85,-7,7
37930,41,55,-14,14
37931,121,111,10,10
37932,123,125,-2,2
37933,76,92,-16,16
37934,103,106,-3,3
37935,35,66,-31,31
37936,124,122,2,2
37937,55,68,-13,13
37938,88,91,-3,3
37939,90,92,-2,2
37940,120,103,17,17
37941,71,78,-7,7
37942,79,88,-9,9
37943,62,73,-11,11
37944,86,91,-5,5
37945,64,75,-11,11
37946,131,145,-14,14
37947,146,140,6,6
37948,86,85,1,1
37949,98,97,1,1
37950,183,162,21,21
37951,91,95,-4,4
37952,77,82,-5,5
37953,142,141,1,1
37954,79,83,-4,4
37955,41,51,-10,10
37956,105,115,-10,10
37957,197,184,13,13
37958,115,117,-2,2
37959,71,81,-10,10
37960,140,146,-6,6
37961,130,131,-1,1
37962,83,88,-5,5
37963,108,126,-18,18
37964,67,71,-4,4
37965,70,88,-18,18
37966,93,101,-8,8
37967,64,77,-13,13
37968,98,120,-22,22
37969,115,119,-4,4
37970,62,70,-8,8
37971,88,96,-8,8
37972,61,69,-8,8
37973,198,186,12,12
37974,101,111,-10,10
37975,66,73,-7,7
37976,31,44,-13,13
37977,94,94,0,0
37978,93,109,-16,16
37979,117,157,-40,40
37980,99,104,-5,5
37981,36,49,-13,13
37982,76,84,-8,8
37983,67,81,-14,14
37984,78,91,-13,13
37985,50,62,-12,12
37986,55,58,-3,3
37987,92,99,-7,7
37988,94,91,3,3
37989,137,142,-5,5
37990,102,105,-3,3
37991,113,106,7,7
37992,89,86,3,3
37993,124,138,-14,14
37994,82,90,-8,8
37995,60,72,-12,12
37996,125,113,12,12
37997,78,89,-11,11
37998,143,138,5,5
37999,142,145,-3,3
38000,106,101,5,5
38001,124,118,6,6
38002,52,65,-13,13
38003,97,118,-21,21
38004,80,85,-5,5
38005,107,119,-12,12
38006,141,142,-1,1
38007,57,63,-6,6
38008,89,84,5,5
38009,104,116,-12,12
38010,154,146,8,8
38011,76,93,-17,17
38012,95,90,5,5
38013,179,164,15,15
38014,64,79,-15,15
38015,119,113,6,6
38016,108,125,-17,17
38017,114,117,-3,3
38018,92,96,-4,4
38019,109,111,-2,2
38020,139,142,-3,3
38021,130,130,0,0
38022,112,108,4,4
38023,123,117,6,6
38024,125,120,5,5
38025,66,67,-1,1
38026,77,92,-15,15
38027,87,93,-6,6
38028,97,112,-15,15
38029,56,63,-7,7
38030,146,138,8,8
38031,71,78,-7,7
38032,176,167,9,9
38033,96,96,0,0
38034,105,107,-2,2
38035,127,129,-2,2
38036,82,90,-8,8
38037,137,151,-14,14
38038,120,121,-1,1
38039,82,86,-4,4
38040,73,74,-1,1
38041,78,77,1,1
38042,83,89,-6,6
38043,83,88,-5,5
38044,74,87,-13,13
38045,81,87,-6,6
38046,178,161,17,17
38047,96,113,-17,17
38048,48,60,-12,12
38049,74,88,-14,14
38050,143,138,5,5
38051,94,93,1,1
38052,142,147,-5,5
38053,144,150,-6,6
38054,114,121,-7,7
38055,91,100,-9,9
38056,127,130,-3,3
38057,65,81,-16,16
38058,152,145,7,7
38059,106,106,0,0
38060,140,139,1,1
38061,96,104,-8,8
38062,72,114,-42,42
38063,71,53,18,18
38064,116,113,3,3
38065,156,148,8,8
38066,57,62,-5,5
38067,24,36,-12,12
38068,122,119,3,3
38069,118,116,2,2
38070,96,100,-4,4
38071,86,90,-4,4
38072,163,157,6,6
38073,60,73,-13,13
38074,80,79,1,1
38075,78,81,-3,3
38076,82,83,-1,1
38077,113,110,3,3
38078,104,117,-13,13
38079,154,174,-20,20
38080,34,50,-16,16
38081,111,117,-6,6
38082,103,103,0,0
38083,88,92,-4,4
38084,112,119,-7,7
38085,115,117,-2,2
38086,60,62,-2,2
38087,150,144,6,6
38088,116,114,2,2
38089,80,86,-6,6
38090,112,108,4,4
38091,116,117,-1,1
38092,83,92,-9,9
38093,161,148,13,13
38094,65,76,-11,11
38095,74,82,-8,8
38096,72,72,0,0
38097,185,162,23,23
38098,89,81,8,8
38099,90,95,-5,5
38100,175,162,13,13
38101,96,96,0,0
38102,96,94,2,2
38103,111,113,-2,2
38104,46,56,-10,10
38105,105,118,-13,13
38106,69,82,-13,13
38107,117,116,1,1
38108,91,94,-3,3
38109,70,80,-10,10
38110,150,139,11,11
38111,122,128,-6,6
38112,98,109,-11,11
38113,100,97,3,3
38114,160,143,17,17
38115,139,137,2,2
38116,170,160,10,10
38117,79,90,-11,11
38118,132,127,5,5
38119,121,122,-1,1
38120,118,124,-6,6
38121,102,96,6,6
38122,98,100,-2,2
38123,115,123,-8,8
38124,159,161,-2,2
38125,92,98,-6,6
38126,41,66,-25,25
38127,84,90,-6,6
38128,132,150,-18,18
38129,109,99,10,10
38130,78,92,-14,14
38131,114,107,7,7
38132,121,117,4,4
38133,93,93,0,0
38134,115,118,-3,3
38135,44,56,-12,12
38136,74,77,-3,3
38137,49,59,-10,10
38138,165,155,10,10
38139,83,87,-4,4
38140,158,148,10,10
38141,101,95,6,6
38142,118,116,2,2
38143,94,97,-3,3
38144,117,136,-19,19
38145,109,111,-2,2
38146,73,95,-22,22
38147,76,86,-10,10
38148,138,139,-1,1
38149,113,113,0,0
38150,96,101,-5,5
38151,73,83,-10,10
38152,112,108,4,4
38153,63,75,-12,12
38154,104,101,3,3
38155,82,94,-12,12
38156,54,67,-13,13
38157,84,87,-3,3
38158,133,143,-10,10
38159,101,106,-5,5
38160,108,122,-14,14
38161,83,87,-4,4
38162,78,87,-9,9
38163,82,81,1,1
38164,76,82,-6,6
38165,90,90,0,0
38166,105,111,-6,6
38167,61,66,-5,5
38168,102,122,-20,20
38169,104,123,-19,19
38170,72,79,-7,7
38171,74,71,3,3
38172,92,100,-8,8
38173,85,88,-3,3
38174,99,103,-4,4
38175,111,125,-14,14
38176,67,79,-12,12
38177,76,80,-4,4
38178,113,104,9,9
38179,107,104,3,3
38180,117,115,2,2
38181,116,126,-10,10
38182,97,102,-5,5
38183,125,132,-7,7
38184,112,119,-7,7
38185,71,87,-16,16
38186,115,116,-1,1
38187,59,86,-27,27
38188,97,100,-3,3
38189,124,122,2,2
38190,45,53,-8,8
38191,87,92,-5,5
38192,103,128,-25,25
38193,64,72,-8,8
38194,100,100,0,0
38195,97,90,7,7
38196,121,125,-4,4
38197,111,123,-12,12
38198,74,79,-5,5
38199,118,149,-31,31
38200,91,92,-1,1
38201,89,96,-7,7
38202,105,94,11,11
38203,79,90,-11,11
38204,68,76,-8,8
38205,125,134,-9,9
38206,87,89,-2,2
38207,123,119,4,4
38208,93,100,-7,7
38209,100,102,-2,2
38210,64,69,-5,5
38211,108,108,0,0
38212,68,65,3,3
38213,86,94,-8,8
38214,107,100,7,7
38215,73,82,-9,9
38216,128,138,-10,10
38217,119,118,1,1
38218,54,56,-2,2
38219,72,78,-6,6
38220,73,84,-11,11
38221,159,153,6,6
38222,83,88,-5,5
38223,97,97,0,0
38224,131,133,-2,2
38225,69,80,-11,11
38226,86,80,6,6
38227,119,128,-9,9
38228,100,97,3,3
38229,102,117,-15,15
38230,67,69,-2,2
38231,53,68,-15,15
38232,85,98,-13,13
38233,168,161,7,7
38234,61,66,-5,5
38235,77,83,-6,6
38236,85,96,-11,11
38237,69,73,-4,4
38238,124,123,1,1
38239,89,87,2,2
38240,148,149,-1,1
38241,143,135,8,8
38242,57,83,-26,26
38243,144,141,3,3
38244,66,75,-9,9
38245,83,102,-19,19
38246,120,123,-3,3
38247,131,133,-2,2
38248,51,64,-13,13
38249,77,67,10,10
38250,62,74,-12,12
38251,125,136,-11,11
38252,87,91,-4,4
38253,89,94,-5,5
38254,162,155,7,7
38255,109,119,-10,10
38256,126,132,-6,6
38257,87,97,-10,10
38258,87,106,-19,19
38259,116,118,-2,2
38260,51,64,-13,13
38261,65,68,-3,3
38262,95,94,1,1
38263,86,85,1,1
38264,98,105,-7,7
38265,74,79,-5,5
38266,87,98,-11,11
38267,113,112,1,1
38268,70,92,-22,22
38269,119,117,2,2
38270,180,171,9,9
38271,94,92,2,2
38272,67,80,-13,13
38273,85,92,-7,7
38274,147,153,-6,6
38275,79,74,5,5
38276,76,82,-6,6
38277,60,62,-2,2
38278,55,66,-11,11
38279,95,102,-7,7
38280,127,120,7,7
38281,100,106,-6,6
38282,85,92,-7,7
38283,127,126,1,1
38284,101,93,8,8
38285,70,76,-6,6
38286,102,104,-2,2
38287,73,78,-5,5
38288,107,111,-4,4
38289,129,135,-6,6
38290,114,113,1,1
38291,45,61,-16,16
38292,52,59,-7,7
38293,69,78,-9,9
38294,71,78,-7,7
38295,65,75,-10,10
38296,211,179,32,32
38297,113,128,-15,15
38298,97,100,-3,3
38299,60,72,-12,12
38300,184,155,29,29
38301,106,110,-4,4
38302,121,125,-4,4
38303,112,125,-13,13
38304,137,141,-4,4
38305,104,109,-5,5
38306,124,122,2,2
38307,72,72,0,0
38308,116,112,4,4
38309,76,80,-4,4
38310,99,106,-7,7
38311,75,83,-8,8
38312,81,89,-8,8
38313,69,77,-8,8
38314,72,86,-14,14
38315,87,78,9,9
38316,93,96,-3,3
38317,136,132,4,4
38318,101,98,3,3
38319,89,92,-3,3
38320,112,112,0,0
38321,65,75,-10,10
38322,118,113,5,5
38323,92,91,1,1
38324,80,93,-13,13
38325,98,100,-2,2
38326,70,74,-4,4
38327,127,121,6,6
38328,149,131,18,18
38329,70,73,-3,3
38330,139,143,-4,4
38331,82,83,-1,1
38332,91,98,-7,7
38333,39,66,-27,27
38334,82,102,-20,20
38335,105,108,-3,3
38336,147,146,1,1
38337,104,117,-13,13
38338,117,106,11,11
38339,91,109,-18,18
38340,90,102,-12,12
38341,104,100,4,4
38342,47,60,-13,13
38343,56,66,-10,10
38344,110,118,-8,8
38345,43,66,-23,23
38346,120,117,3,3
38347,70,81,-11,11
38348,75,83,-8,8
38349,77,84,-7,7
38350,72,77,-5,5
38351,105,106,-1,1
38352,218,199,19,19
38353,56,70,-14,14
38354,100,109,-9,9
38355,123,139,-16,16
38356,130,123,7,7
38357,63,69,-6,6
38358,89,97,-8,8
38359,60,75,-15,15
38360,65,87,-22,22
38361,118,118,0,0
38362,86,96,-10,10
38363,166,172,-6,6
38364,106,112,-6,6
38365,58,70,-12,12
38366,141,128,13,13
38367,96,100,-4,4
38368,106,105,1,1
38369,110,114,-4,4
38370,64,71,-7,7
38371,83,85,-2,2
38372,92,109,-17,17
38373,70,76,-6,6
38374,122,132,-10,10
38375,86,95,-9,9
38376,105,99,6,6
38377,99,110,-11,11
38378,57,64,-7,7
38379,79,84,-5,5
38380,59,62,-3,3
38381,70,78,-8,8
38382,104,107,-3,3
38383,86,94,-8,8
38384,112,125,-13,13
38385,102,107,-5,5
38386,63,74,-11,11
38387,118,117,1,1
38388,63,65,-2,2
38389,104,127,-23,23
38390,86,95,-9,9
38391,167,157,10,10
38392,164,156,8,8
38393,85,93,-8,8
38394,111,120,-9,9
38395,121,114,7,7
38396,94,99,-5,5
38397,77,93,-16,16
38398,35,50,-15,15
38399,95,96,-1,1
38400,133,138,-5,5
38401,85,93,-8,8
38402,67,68,-1,1
38403,114,119,-5,5
38404,157,149,8,8
38405,157,149,8,8
38406,94,108,-14,14
38407,54,69,-15,15
38408,64,68,-4,4
38409,109,108,1,1
38410,71,78,-7,7
38411,73,83,-10,10
38412,76,87,-11,11
38413,130,120,10,10
38414,79,82,-3,3
38415,142,153,-11,11
38416,89,93,-4,4
38417,105,112,-7,7
38418,78,95,-17,17
38419,64,71,-7,7
38420,63,76,-13,13
38421,89,96,-7,7
38422,171,170,1,1
38423,111,104,7,7
38424,86,85,1,1
38425,102,103,-1,1
38426,61,67,-6,6
38427,85,90,-5,5
38428,134,123,11,11
38429,81,89,-8,8
38430,142,144,-2,2
38431,80,81,-1,1
38432,83,86,-3,3
38433,121,116,5,5
38434,67,62,5,5
38435,100,119,-19,19
38436,129,127,2,2
38437,102,112,-10,10
38438,126,129,-3,3
38439,98,105,-7,7
38440,63,63,0,0
38441,72,82,-10,10
38442,88,100,-12,12
38443,64,74,-10,10
38444,107,120,-13,13
38445,89,87,2,2
38446,93,98,-5,5
38447,146,143,3,3
38448,101,111,-10,10
38449,87,91,-4,4
38450,97,102,-5,5
38451,78,70,8,8
38452,130,117,13,13
38453,85,79,6,6
38454,77,80,-3,3
38455,44,54,-10,10
38456,96,98,-2,2
38457,89,85,4,4
38458,117,119,-2,2
38459,41,49,-8,8
38460,113,116,-3,3
38461,103,92,11,11
38462,161,148,13,13
38463,196,188,8,8
38464,64,66,-2,2
38465,82,83,-1,1
38466,66,97,-31,31
38467,80,83,-3,3
38468,54,66,-12,12
38469,104,114,-10,10
38470,55,60,-5,5
38471,57,63,-6,6
38472,49,63,-14,14
38473,70,78,-8,8
38474,74,86,-12,12
38475,33,51,-18,18
38476,83,96,-13,13
38477,89,93,-4,4
38478,102,102,0,0
38479,156,164,-8,8
38480,36,54,-18,18
38481,62,65,-3,3
38482,102,98,4,4
38483,87,100,-13,13
38484,50,54,-4,4
38485,89,103,-14,14
38486,100,100,0,0
38487,98,91,7,7
38488,56,64,-8,8
38489,75,79,-4,4
38490,98,91,7,7
38491,117,111,6,6
38492,235,215,20,20
38493,54,64,-10,10
38494,68,69,-1,1
38495,116,126,-10,10
38496,32,47,-15,15
38497,55,60,-5,5
38498,82,88,-6,6
38499,119,122,-3,3
38500,183,185,-2,2
38501,112,91,21,21
38502,57,70,-13,13
38503,120,119,1,1
38504,77,88,-11,11
38505,68,81,-13,13
38506,126,122,4,4
38507,68,72,-4,4
38508,103,98,5,5
38509,110,119,-9,9
38510,122,110,12,12
38511,100,120,-20,20
38512,74,79,-5,5
38513,185,161,24,24
38514,118,136,-18,18
38515,41,56,-15,15
38516,91,98,-7,7
38517,83,81,2,2
38518,79,88,-9,9
38519,82,80,2,2
38520,84,91,-7,7
38521,70,65,5,5
38522,97,107,-10,10
38523,99,103,-4,4
38524,108,108,0,0
38525,85,88,-3,3
38526,132,128,4,4
38527,99,101,-2,2
38528,62,63,-1,1
38529,80,82,-2,2
38530,96,95,1,1
38531,98,96,2,2
38532,109,114,-5,5
38533,124,130,-6,6
38534,101,117,-16,16
38535,118,122,-4,4
38536,57,62,-5,5
38537,79,86,-7,7
38538,86,94,-8,8
38539,77,82,-5,5
38540,132,125,7,7
38541,74,72,2,2
38542,108,112,-4,4
38543,137,130,7,7
38544,102,106,-4,4
38545,150,144,6,6
38546,51,61,-10,10
38547,77,77,0,0
38548,59,60,-1,1
38549,42,46,-4,4
38550,141,142,-1,1
38551,132,125,7,7
38552,67,70,-3,3
38553,108,109,-1,1
38554,144,151,-7,7
38555,69,75,-6,6
38556,85,89,-4,4
38557,64,72,-8,8
38558,65,71,-6,6
38559,221,216,5,5
38560,70,76,-6,6
38561,56,59,-3,3
38562,62,72,-10,10
38563,88,107,-19,19
38564,108,116,-8,8
38565,178,163,15,15
38566,74,76,-2,2
38567,85,101,-16,16
38568,61,76,-15,15
38569,111,91,20,20
38570,103,114,-11,11
38571,110,112,-2,2
38572,74,75,-1,1
38573,172,172,0,0
38574,87,102,-15,15
38575,141,151,-10,10
38576,86,84,2,2
38577,89,104,-15,15
38578,106,94,12,12
38579,103,104,-1,1
38580,115,101,14,14
38581,61,61,0,0
38582,102,108,-6,6
38583,64,73,-9,9
38584,121,117,4,4
38585,61,73,-12,12
38586,75,79,-4,4
38587,43,49,-6,6
38588,84,89,-5,5
38589,118,115,3,3
38590,50,59,-9,9
38591,81,75,6,6
38592,160,155,5,5
38593,121,116,5,5
38594,77,97,-20,20
38595,124,123,1,1
38596,140,136,4,4
38597,56,67,-11,11
38598,92,92,0,0
38599,99,99,0,0
38600,169,162,7,7
38601,102,112,-10,10
38602,149,149,0,0
38603,161,168,-7,7
38604,73,84,-11,11
38605,81,90,-9,9
38606,76,82,-6,6
38607,131,127,4,4
38608,155,159,-4,4
38609,87,92,-5,5
38610,62,67,-5,5
38611,87,83,4,4
38612,78,93,-15,15
38613,74,80,-6,6
38614,49,79,-30,30
38615,92,93,-1,1
38616,133,134,-1,1
38617,149,145,4,4
38618,120,123,-3,3
38619,89,89,0,0
38620,102,104,-2,2
38621,62,63,-1,1
38622,57,56,1,1
38623,43,70,-27,27
38624,72,80,-8,8
38625,58,69,-11,11
38626,66,71,-5,5
38627,73,84,-11,11
38628,112,102,10,10
38629,158,146,12,12
38630,70,84,-14,14
38631,136,132,4,4
38632,85,86,-1,1
38633,37,55,-18,18
38634,87,94,-7,7
38635,130,141,-11,11
38636,88,95,-7,7
38637,57,68,-11,11
38638,117,119,-2,2
38639,105,101,4,4
38640,75,81,-6,6
38641,153,155,-2,2
38642,90,106,-16,16
38643,130,122,8,8
38644,86,94,-8,8
38645,124,133,-9,9
38646,83,90,-7,7
38647,145,134,11,11
38648,77,87,-10,10
38649,64,71,-7,7
38650,129,132,-3,3
38651,109,119,-10,10
38652,94,95,-1,1
38653,84,84,0,0
38654,64,69,-5,5
38655,90,95,-5,5
38656,171,167,4,4
38657,93,104,-11,11
38658,121,128,-7,7
38659,72,84,-12,12
38660,72,91,-19,19
38661,85,90,-5,5
38662,86,84,2,2
38663,93,104,-11,11
38664,94,85,9,9
38665,118,128,-10,10
38666,72,70,2,2
38667,64,72,-8,8
38668,127,117,10,10
38669,64,70,-6,6
38670,75,80,-5,5
38671,57,69,-12,12
38672,61,68,-7,7
38673,74,91,-17,17
38674,53,70,-17,17
38675,80,89,-9,9
38676,83,87,-4,4
38677,124,122,2,2
38678,81,94,-13,13
38679,84,100,-16,16
38680,128,122,6,6
38681,93,99,-6,6
38682,79,88,-9,9
38683,81,104,-23,23
38684,81,87,-6,6
38685,104,112,-8,8
38686,82,87,-5,5
38687,84,75,9,9
38688,71,80,-9,9
38689,62,68,-6,6
38690,66,77,-11,11
38691,63,74,-11,11
38692,77,79,-2,2
38693,56,65,-9,9
38694,155,150,5,5
38695,143,139,4,4
38696,75,81,-6,6
38697,92,105,-13,13
38698,108,107,1,1
38699,105,109,-4,4
38700,63,67,-4,4
38701,117,125,-8,8
38702,123,113,10,10
38703,69,79,-10,10
38704,119,131,-12,12
38705,92,110,-18,18
38706,94,94,0,0
38707,80,89,-9,9
38708,101,102,-1,1
38709,150,145,5,5
38710,92,93,-1,1
38711,97,99,-2,2
38712,100,105,-5,5
38713,74,91,-17,17
38714,157,157,0,0
38715,65,78,-13,13
38716,97,98,-1,1
38717,79,85,-6,6
38718,86,87,-1,1
38719,91,93,-2,2
38720,51,61,-10,10
38721,110,118,-8,8
38722,106,112,-6,6
38723,50,61,-11,11
38724,76,79,-3,3
38725,126,123,3,3
38726,73,77,-4,4
38727,80,91,-11,11
38728,90,88,2,2
38729,94,85,9,9
38730,99,100,-1,1
38731,140,133,7,7
38732,92,91,1,1
38733,96,101,-5,5
38734,107,114,-7,7
38735,120,112,8,8
38736,141,143,-2,2
38737,58,69,-11,11
38738,99,104,-5,5
38739,75,80,-5,5
38740,118,111,7,7
38741,93,97,-4,4
38742,104,95,9,9
38743,81,90,-9,9
38744,107,106,1,1
38745,91,114,-23,23
38746,87,94,-7,7
38747,53,69,-16,16
38748,147,141,6,6
38749,108,106,2,2
38750,76,79,-3,3
38751,59,65,-6,6
38752,85,100,-15,15
38753,82,86,-4,4
38754,57,68,-11,11
38755,37,53,-16,16
38756,129,132,-3,3
38757,57,58,-1,1
38758,67,74,-7,7
38759,76,78,-2,2
38760,85,86,-1,1
38761,130,124,6,6
38762,106,109,-3,3
38763,104,119,-15,15
38764,88,98,-10,10
38765,65,63,2,2
38766,75,81,-6,6
38767,145,141,4,4
38768,149,145,4,4
38769,44,56,-12,12
38770,69,71,-2,2
38771,93,103,-10,10
38772,78,80,-2,2
38773,63,75,-12,12
38774,78,90,-12,12
38775,85,85,0,0
38776,55,59,-4,4
38777,73,94,-21,21
38778,107,110,-3,3
38779,131,130,1,1
38780,87,92,-5,5
38781,40,60,-20,20
38782,139,125,14,14
38783,85,94,-9,9
38784,163,170,-7,7
38785,64,78,-14,14
38786,193,187,6,6
38787,86,101,-15,15
38788,98,102,-4,4
38789,51,65,-14,14
38790,128,124,4,4
38791,141,132,9,9
38792,84,88,-4,4
38793,142,141,1,1
38794,59,71,-12,12
38795,108,106,2,2
38796,39,55,-16,16
38797,156,152,4,4
38798,107,119,-12,12
38799,99,112,-13,13
38800,166,164,2,2
38801,85,89,-4,4
38802,84,89,-5,5
38803,98,99,-1,1
38804,76,78,-2,2
38805,138,131,7,7
38806,93,94,-1,1
38807,182,158,24,24
38808,149,135,14,14
38809,132,123,9,9
38810,127,121,6,6
38811,70,77,-7,7
38812,57,65,-8,8
38813,176,182,-6,6
38814,68,74,-6,6
38815,46,54,-8,8
38816,66,71,-5,5
38817,113,120,-7,7
38818,135,138,-3,3
38819,48,58,-10,10
38820,135,133,2,2
38821,70,80,-10,10
38822,91,99,-8,8
38823,125,124,1,1
38824,109,102,7,7
38825,53,64,-11,11
38826,91,99,-8,8
38827,70,74,-4,4
38828,65,78,-13,13
38829,125,119,6,6
38830,72,82,-10,10
38831,103,107,-4,4
38832,103,86,17,17
38833,101,88,13,13
38834,117,125,-8,8
38835,63,69,-6,6
38836,164,164,0,0
38837,57,72,-15,15
38838,120,127,-7,7
38839,133,130,3,3
38840,83,94,-11,11
38841,64,71,-7,7
38842,102,103,-1,1
38843,70,78,-8,8
38844,124,135,-11,11
38845,106,99,7,7
38846,156,150,6,6
38847,67,78,-11,11
38848,147,148,-1,1
38849,113,120,-7,7
38850,121,126,-5,5
38851,97,101,-4,4
38852,59,77,-18,18
38853,50,71,-21,21
38854,118,108,10,10
38855,56,63,-7,7
38856,87,87,0,0
38857,89,102,-13,13
38858,65,78,-13,13
38859,62,71,-9,9
38860,138,140,-2,2
38861,149,148,1,1
38862,69,72,-3,3
38863,76,91,-15,15
38864,65,79,-14,14
38865,70,76,-6,6
38866,133,142,-9,9
38867,77,86,-9,9
38868,93,102,-9,9
38869,105,137,-32,32
38870,67,75,-8,8
38871,84,90,-6,6
38872,83,96,-13,13
38873,46,51,-5,5
38874,102,103,-1,1
38875,80,80,0,0
38876,106,112,-6,6
38877,91,101,-10,10
38878,70,70,0,0
38879,213,193,20,20
38880,84,90,-6,6
38881,124,112,12,12
38882,113,110,3,3
38883,89,98,-9,9
38884,112,111,1,1
38885,78,79,-1,1
38886,60,64,-4,4
38887,119,110,9,9
38888,58,67,-9,9
38889,109,106,3,3
38890,113,138,-25,25
38891,101,96,5,5
38892,61,61,0,0
38893,76,89,-13,13
38894,84,89,-5,5
38895,86,98,-12,12
38896,108,103,5,5
38897,102,96,6,6
38898,151,145,6,6
38899,66,75,-9,9
38900,71,75,-4,4
38901,66,77,-11,11
38902,131,136,-5,5
38903,49,62,-13,13
38904,99,106,-7,7
38905,69,83,-14,14
38906,72,70,2,2
38907,179,162,17,17
38908,152,147,5,5
38909,70,76,-6,6
38910,63,78,-15,15
38911,104,112,-8,8
38912,22,48,-26,26
38913,105,107,-2,2
38914,174,172,2,2
38915,123,124,-1,1
38916,34,45,-11,11
38917,76,87,-11,11
38918,114,111,3,3
38919,84,104,-20,20
38920,114,104,10,10
38921,236,211,25,25
38922,86,98,-12,12
38923,91,86,5,5
38924,109,116,-7,7
38925,99,96,3,3
38926,79,77,2,2
38927,51,63,-12,12
38928,201,188,13,13
38929,60,68,-8,8
38930,89,98,-9,9
38931,84,88,-4,4
38932,40,52,-12,12
38933,68,72,-4,4
38934,58,64,-6,6
38935,73,77,-4,4
38936,121,127,-6,6
38937,55,59,-4,4
38938,91,100,-9,9
38939,57,68,-11,11
38940,68,66,2,2
38941,93,88,5,5
38942,59,70,-11,11
38943,76,78,-2,2
38944,99,106,-7,7
38945,85,112,-27,27
38946,113,110,3,3
38947,107,100,7,7
38948,184,173,11,11
38949,80,85,-5,5
38950,99,104,-5,5
38951,180,164,16,16
38952,94,109,-15,15
38953,37,50,-13,13
38954,59,75,-16,16
38955,65,70,-5,5
38956,93,100,-7,7
38957,88,100,-12,12
38958,92,99,-7,7
38959,128,117,11,11
38960,111,117,-6,6
38961,128,169,-41,41
38962,48,58,-10,10
38963,116,131,-15,15
38964,54,60,-6,6
38965,57,73,-16,16
38966,61,73,-12,12
38967,79,85,-6,6
38968,61,68,-7,7
38969,122,121,1,1
38970,89,94,-5,5
38971,121,118,3,3
38972,119,120,-1,1
38973,108,127,-19,19
38974,100,108,-8,8
38975,58,66,-8,8
38976,106,102,4,4
38977,88,97,-9,9
38978,103,98,5,5
38979,31,48,-17,17
38980,34,62,-28,28
38981,87,93,-6,6
38982,111,113,-2,2
38983,101,107,-6,6
38984,41,51,-10,10
38985,60,70,-10,10
38986,115,118,-3,3
38987,136,139,-3,3
38988,74,76,-2,2
38989,84,82,2,2
38990,110,110,0,0
38991,73,82,-9,9
38992,126,128,-2,2
38993,77,80,-3,3
38994,129,132,-3,3
38995,123,132,-9,9
38996,99,98,1,1
38997,88,73,15,15
38998,61,76,-15,15
38999,74,81,-7,7
39000,107,106,1,1
39001,122,119,3,3
39002,60,70,-10,10
39003,188,184,4,4
39004,84,81,3,3
39005,146,148,-2,2
39006,154,154,0,0
39007,114,125,-11,11
39008,117,113,4,4
39009,163,164,-1,1
39010,74,80,-6,6
39011,113,113,0,0
39012,68,73,-5,5
39013,137,135,2,2
39014,86,99,-13,13
39015,136,140,-4,4
39016,77,80,-3,3
39017,156,148,8,8
39018,146,140,6,6
39019,62,67,-5,5
39020,66,82,-16,16
39021,121,124,-3,3
39022,161,148,13,13
39023,102,118,-16,16
39024,67,69,-2,2
39025,129,127,2,2
39026,120,128,-8,8
39027,174,173,1,1
39028,179,169,10,10
39029,92,91,1,1
39030,112,117,-5,5
39031,110,106,4,4
39032,97,99,-2,2
39033,68,70,-2,2
39034,117,123,-6,6
39035,155,136,19,19
39036,60,68,-8,8
39037,167,148,19,19
39038,115,114,1,1
39039,134,138,-4,4
39040,48,63,-15,15
39041,89,87,2,2
39042,42,64,-22,22
39043,31,52,-21,21
39044,105,105,0,0
39045,138,131,7,7
39046,97,91,6,6
39047,83,90,-7,7
39048,54,62,-8,8
39049,65,70,-5,5
39050,94,106,-12,12
39051,86,92,-6,6
39052,88,99,-11,11
39053,63,66,-3,3
39054,144,144,0,0
39055,62,70,-8,8
39056,63,83,-20,20
39057,98,99,-1,1
39058,60,64,-4,4
39059,49,62,-13,13
39060,96,97,-1,1
39061,71,81,-10,10
39062,120,119,1,1
39063,150,134,16,16
39064,80,84,-4,4
39065,58,67,-9,9
39066,64,75,-11,11
39067,140,139,1,1
39068,124,130,-6,6
39069,97,95,2,2
39070,161,140,21,21
39071,50,70,-20,20
39072,101,108,-7,7
39073,44,62,-18,18
39074,99,106,-7,7
39075,171,159,12,12
39076,43,58,-15,15
39077,93,110,-17,17
39078,139,138,1,1
39079,120,119,1,1
39080,98,108,-10,10
39081,101,109,-8,8
39082,80,81,-1,1
39083,63,65,-2,2
39084,149,150,-1,1
39085,132,127,5,5
39086,71,79,-8,8
39087,92,103,-11,11
39088,61,79,-18,18
39089,110,112,-2,2
39090,67,75,-8,8
39091,38,75,-37,37
39092,89,112,-23,23
39093,86,95,-9,9
39094,157,171,-14,14
39095,63,76,-13,13
39096,56,67,-11,11
39097,96,110,-14,14
39098,58,72,-14,14
39099,164,165,-1,1
39100,107,110,-3,3
39101,131,128,3,3
39102,119,116,3,3
39103,103,111,-8,8
39104,58,67,-9,9
39105,158,144,14,14
39106,148,133,15,15
39107,107,118,-11,11
39108,108,100,8,8
39109,85,81,4,4
39110,76,87,-11,11
39111,72,73,-1,1
39112,133,138,-5,5
39113,71,78,-7,7
39114,90,88,2,2
39115,105,109,-4,4
39116,107,115,-8,8
39117,84,87,-3,3
39118,67,81,-14,14
39119,154,149,5,5
39120,63,80,-17,17
39121,182,169,13,13
39122,130,122,8,8
39123,126,130,-4,4
39124,135,130,5,5
39125,86,91,-5,5
39126,90,99,-9,9
39127,69,74,-5,5
39128,99,111,-12,12
39129,81,95,-14,14
39130,92,96,-4,4
39131,83,87,-4,4
39132,76,79,-3,3
39133,79,77,2,2
39134,59,72,-13,13
39135,100,106,-6,6
39136,60,71,-11,11
39137,76,87,-11,11
39138,110,102,8,8
39139,112,114,-2,2
39140,93,103,-10,10
39141,101,106,-5,5
39142,107,117,-10,10
39143,180,175,5,5
39144,109,111,-2,2
39145,85,81,4,4
39146,123,121,2,2
39147,90,98,-8,8
39148,118,118,0,0
39149,108,102,6,6
39150,95,96,-1,1
39151,119,117,2,2
39152,115,106,9,9
39153,145,138,7,7
39154,46,70,-24,24
39155,59,70,-11,11
39156,127,137,-10,10
39157,114,115,-1,1
39158,101,104,-3,3
39159,134,135,-1,1
39160,99,103,-4,4
39161,143,141,2,2
39162,136,132,4,4
39163,152,150,2,2
39164,103,111,-8,8
39165,79,79,0,0
39166,83,85,-2,2
39167,125,115,10,10
39168,74,98,-24,24
39169,44,57,-13,13
39170,100,111,-11,11
39171,111,113,-2,2
39172,65,69,-4,4
39173,102,102,0,0
39174,109,110,-1,1
39175,80,77,3,3
39176,117,119,-2,2
39177,121,118,3,3
39178,154,147,7,7
39179,55,68,-13,13
39180,90,97,-7,7
39181,137,124,13,13
39182,53,62,-9,9
39183,137,143,-6,6
39184,64,72,-8,8
39185,133,124,9,9
39186,38,47,-9,9
39187,105,95,10,10
39188,45,53,-8,8
39189,133,127,6,6
39190,121,122,-1,1
39191,138,131,7,7
39192,84,80,4,4
39193,79,85,-6,6
39194,48,60,-12,12
39195,51,67,-16,16
39196,90,97,-7,7
39197,79,79,0,0
39198,73,79,-6,6
39199,82,79,3,3
39200,90,99,-9,9
39201,98,85,13,13
39202,56,68,-12,12
39203,100,102,-2,2
39204,55,73,-18,18
39205,116,129,-13,13
39206,61,66,-5,5
39207,77,78,-1,1
39208,131,131,0,0
39209,115,110,5,5
39210,94,92,2,2
39211,80,82,-2,2
39212,57,68,-11,11
39213,112,111,1,1
39214,98,99,-1,1
39215,136,143,-7,7
39216,125,117,8,8
39217,90,104,-14,14
39218,81,90,-9,9
39219,123,120,3,3
39220,114,123,-9,9
39221,35,59,-24,24
39222,55,62,-7,7
39223,110,108,2,2
39224,52,60,-8,8
39225,191,174,17,17
39226,48,67,-19,19
39227,70,67,3,3
39228,116,117,-1,1
39229,114,121,-7,7
39230,71,80,-9,9
39231,130,117,13,13
39232,92,96,-4,4
39233,111,117,-6,6
39234,150,152,-2,2
39235,112,133,-21,21
39236,85,93,-8,8
39237,75,81,-6,6
39238,64,71,-7,7
39239,65,74,-9,9
39240,164,158,6,6
39241,63,55,8,8
39242,105,111,-6,6
39243,96,98,-2,2
39244,102,92,10,10
39245,84,80,4,4
39246,72,86,-14,14
39247,118,124,-6,6
39248,110,110,0,0
39249,81,90,-9,9
39250,109,115,-6,6
39251,76,77,-1,1
39252,64,68,-4,4
39253,133,122,11,11
39254,143,131,12,12
39255,72,81,-9,9
39256,74,86,-12,12
39257,41,51,-10,10
39258,65,73,-8,8
39259,73,75,-2,2
39260,63,78,-15,15
39261,175,162,13,13
39262,85,103,-18,18
39263,82,87,-5,5
39264,48,60,-12,12
39265,97,98,-1,1
39266,86,95,-9,9
39267,66,75,-9,9
39268,80,83,-3,3
39269,84,93,-9,9
39270,90,93,-3,3
39271,76,90,-14,14
39272,90,96,-6,6
39273,128,133,-5,5
39274,76,92,-16,16
39275,84,88,-4,4
39276,116,121,-5,5
39277,72,85,-13,13
39278,88,88,0,0
39279,58,67,-9,9
39280,80,84,-4,4
39281,122,118,4,4
39282,84,95,-11,11
39283,62,70,-8,8
39284,78,79,-1,1
39285,113,119,-6,6
39286,152,148,4,4
39287,68,80,-12,12
39288,72,75,-3,3
39289,104,109,-5,5
39290,100,105,-5,5
39291,92,89,3,3
39292,95,93,2,2
39293,66,71,-5,5
39294,78,87,-9,9
39295,117,112,5,5
39296,109,96,13,13
39297,157,146,11,11
39298,100,95,5,5
39299,101,99,2,2
39300,68,69,-1,1
39301,137,123,14,14
39302,144,148,-4,4
39303,152,150,2,2
39304,121,116,5,5
39305,83,90,-7,7
39306,86,111,-25,25
39307,72,71,1,1
39308,82,102,-20,20
39309,115,112,3,3
39310,44,53,-9,9
39311,130,139,-9,9
39312,84,89,-5,5
39313,104,104,0,0
39314,70,70,0,0
39315,152,135,17,17
39316,66,76,-10,10
39317,137,118,19,19
39318,86,89,-3,3
39319,130,118,12,12
39320,105,104,1,1
39321,79,87,-8,8
39322,79,83,-4,4
39323,68,72,-4,4
39324,86,86,0,0
39325,90,106,-16,16
39326,174,159,15,15
39327,41,53,-12,12
39328,109,104,5,5
39329,98,95,3,3
39330,79,89,-10,10
39331,107,115,-8,8
39332,138,143,-5,5
39333,49,53,-4,4
39334,68,84,-16,16
39335,465,369,96,96
39336,102,97,5,5
39337,108,116,-8,8
39338,98,106,-8,8
39339,70,70,0,0
39340,90,96,-6,6
39341,103,108,-5,5
39342,84,80,4,4
39343,128,140,-12,12
39344,205,187,18,18
39345,149,139,10,10
39346,51,63,-12,12
39347,64,75,-11,11
39348,155,144,11,11
39349,61,72,-11,11
39350,91,92,-1,1
39351,69,80,-11,11
39352,51,71,-20,20
39353,59,63,-4,4
39354,110,103,7,7
39355,145,131,14,14
39356,86,104,-18,18
39357,192,179,13,13
39358,80,76,4,4
39359,62,68,-6,6
39360,116,124,-8,8
39361,94,110,-16,16
39362,60,66,-6,6
39363,128,146,-18,18
39364,129,126,3,3
39365,111,116,-5,5
39366,137,139,-2,2
39367,164,152,12,12
39368,119,119,0,0
39369,90,96,-6,6
39370,114,125,-11,11
39371,26,31,-5,5
39372,107,114,-7,7
39373,68,75,-7,7
39374,118,121,-3,3
39375,124,123,1,1
39376,170,159,11,11
39377,61,71,-10,10
39378,136,139,-3,3
39379,196,147,49,49
39380,87,86,1,1
39381,95,109,-14,14
39382,108,114,-6,6
39383,151,147,4,4
39384,67,78,-11,11
39385,149,147,2,2
39386,113,112,1,1
39387,50,66,-16,16
39388,79,90,-11,11
39389,103,104,-1,1
39390,80,81,-1,1
39391,172,173,-1,1
39392,105,113,-8,8
39393,82,89,-7,7
39394,47,58,-11,11
39395,54,60,-6,6
39396,80,82,-2,2
39397,64,66,-2,2
39398,150,142,8,8
39399,134,134,0,0
39400,61,76,-15,15
39401,108,106,2,2
39402,116,120,-4,4
39403,101,126,-25,25
39404,81,86,-5,5
39405,90,101,-11,11
39406,71,82,-11,11
39407,119,121,-2,2
39408,133,136,-3,3
39409,125,134,-9,9
39410,70,70,0,0
39411,182,171,11,11
39412,114,125,-11,11
39413,136,143,-7,7
39414,76,83,-7,7
39415,114,108,6,6
39416,46,58,-12,12
39417,97,114,-17,17
39418,70,80,-10,10
39419,63,65,-2,2
39420,100,97,3,3
39421,114,112,2,2
39422,52,60,-8,8
39423,130,135,-5,5
39424,108,105,3,3
39425,133,123,10,10
39426,26,47,-21,21
39427,75,81,-6,6
39428,112,126,-14,14
39429,73,74,-1,1
39430,44,61,-17,17
39431,75,80,-5,5
39432,93,95,-2,2
39433,60,80,-20,20
39434,83,87,-4,4
39435,140,132,8,8
39436,100,107,-7,7
39437,107,106,1,1
39438,95,85,10,10
39439,111,105,6,6
39440,112,114,-2,2
39441,67,79,-12,12
39442,52,62,-10,10
39443,113,108,5,5
39444,77,82,-5,5
39445,135,138,-3,3
39446,61,70,-9,9
39447,58,74,-16,16
39448,60,67,-7,7
39449,100,102,-2,2
39450,49,66,-17,17
39451,71,72,-1,1
39452,104,110,-6,6
39453,49,62,-13,13
39454,141,141,0,0
39455,113,117,-4,4
39456,74,75,-1,1
39457,135,139,-4,4
39458,61,72,-11,11
39459,115,118,-3,3
39460,89,102,-13,13
39461,76,84,-8,8
39462,111,126,-15,15
39463,61,78,-17,17
39464,54,63,-9,9
39465,95,105,-10,10
39466,125,128,-3,3
39467,168,166,2,2
39468,71,76,-5,5
39469,80,83,-3,3
39470,224,218,6,6
39471,87,94,-7,7
39472,65,73,-8,8
39473,130,140,-10,10
39474,111,120,-9,9
39475,76,78,-2,2
39476,111,111,0,0
39477,88,99,-11,11
39478,97,98,-1,1
39479,118,124,-6,6
39480,93,87,6,6
39481,131,124,7,7
39482,82,87,-5,5
39483,153,143,10,10
39484,76,85,-9,9
39485,105,118,-13,13
39486,38,50,-12,12
39487,56,73,-17,17
39488,75,80,-5,5
39489,40,51,-11,11
39490,139,150,-11,11
39491,78,100,-22,22
39492,72,78,-6,6
39493,123,132,-9,9
39494,71,77,-6,6
39495,144,140,4,4
39496,51,64,-13,13
39497,63,70,-7,7
39498,51,61,-10,10
39499,98,98,0,0
39500,83,84,-1,1
39501,75,91,-16,16
39502,108,114,-6,6
39503,100,102,-2,2
39504,61,67,-6,6
39505,76,82,-6,6
39506,156,210,-54,54
39507,69,72,-3,3
39508,219,196,23,23
39509,112,114,-2,2
39510,86,93,-7,7
39511,53,59,-6,6
39512,108,110,-2,2
39513,82,85,-3,3
39514,89,86,3,3
39515,125,120,5,5
39516,96,121,-25,25
39517,113,115,-2,2
39518,61,73,-12,12
39519,39,53,-14,14
39520,65,83,-18,18
39521,101,103,-2,2
39522,188,167,21,21
39523,73,78,-5,5
39524,51,71,-20,20
39525,126,128,-2,2
39526,95,124,-29,29
39527,85,108,-23,23
39528,112,130,-18,18
39529,117,126,-9,9
39530,109,99,10,10
39531,47,67,-20,20
39532,63,82,-19,19
39533,92,98,-6,6
39534,78,85,-7,7
39535,100,97,3,3
39536,137,127,10,10
39537,163,158,5,5
39538,74,85,-11,11
39539,64,80,-16,16
39540,87,80,7,7
39541,87,94,-7,7
39542,120,128,-8,8
39543,129,126,3,3
39544,137,140,-3,3
39545,65,73,-8,8
39546,67,72,-5,5
39547,83,89,-6,6
39548,91,89,2,2
39549,88,87,1,1
39550,47,59,-12,12
39551,119,122,-3,3
39552,76,85,-9,9
39553,96,98,-2,2
39554,69,84,-15,15
39555,91,95,-4,4
39556,95,100,-5,5
39557,89,105,-16,16
39558,89,85,4,4
39559,106,111,-5,5
39560,86,75,11,11
39561,119,115,4,4
39562,76,87,-11,11
39563,95,91,4,4
39564,93,96,-3,3
39565,93,87,6,6
39566,87,93,-6,6
39567,142,148,-6,6
39568,81,87,-6,6
39569,54,59,-5,5
39570,131,126,5,5
39571,53,63,-10,10
39572,132,135,-3,3
39573,83,91,-8,8
39574,77,73,4,4
39575,86,97,-11,11
39576,135,133,2,2
39577,114,113,1,1
39578,75,93,-18,18
39579,62,79,-17,17
39580,96,97,-1,1
39581,88,88,0,0
39582,58,67,-9,9
39583,55,69,-14,14
39584,70,73,-3,3
39585,162,147,15,15
39586,98,92,6,6
39587,73,75,-2,2
39588,52,65,-13,13
39589,86,91,-5,5
39590,133,127,6,6
39591,102,106,-4,4
39592,137,137,0,0
39593,58,63,-5,5
39594,94,84,10,10
39595,158,149,9,9
39596,88,95,-7,7
39597,81,94,-13,13
39598,88,82,6,6
39599,170,177,-7,7
39600,132,130,2,2
39601,160,158,2,2
39602,69,75,-6,6
39603,78,83,-5,5
39604,47,74,-27,27
39605,122,125,-3,3
39606,46,54,-8,8
39607,81,90,-9,9
39608,173,179,-6,6
39609,36,113,-77,77
39610,84,82,2,2
39611,118,108,10,10
39612,113,105,8,8
39613,162,158,4,4
39614,98,108,-10,10
39615,96,104,-8,8
39616,71,77,-6,6
39617,68,73,-5,5
39618,85,88,-3,3
39619,34,68,-34,34
39620,69,89,-20,20
39621,69,79,-10,10
39622,128,127,1,1
39623,99,107,-8,8
39624,121,128,-7,7
39625,179,162,17,17
39626,92,103,-11,11
39627,171,175,-4,4
39628,94,100,-6,6
39629,112,119,-7,7
39630,79,81,-2,2
39631,57,70,-13,13
39632,72,86,-14,14
39633,161,142,19,19
39634,132,132,0,0
39635,126,119,7,7
39636,78,89,-11,11
39637,72,76,-4,4
39638,88,97,-9,9
39639,93,94,-1,1
39640,56,66,-10,10
39641,179,166,13,13
39642,99,101,-2,2
39643,143,132,11,11
39644,25,44,-19,19
39645,85,89,-4,4
39646,50,58,-8,8
39647,110,110,0,0
39648,133,127,6,6
39649,103,103,0,0
39650,149,148,1,1
39651,146,150,-4,4
39652,65,76,-11,11
39653,117,136,-19,19
39654,53,62,-9,9
39655,155,144,11,11
39656,127,129,-2,2
39657,87,93,-6,6
39658,167,155,12,12
39659,74,75,-1,1
39660,65,74,-9,9
39661,50,61,-11,11
39662,109,112,-3,3
39663,65,73,-8,8
39664,98,97,1,1
39665,128,125,3,3
39666,132,136,-4,4
39667,174,172,2,2
39668,81,88,-7,7
39669,69,80,-11,11
39670,77,78,-1,1
39671,69,75,-6,6
39672,68,76,-8,8
39673,132,141,-9,9
39674,152,165,-13,13
39675,87,93,-6,6
39676,30,45,-15,15
39677,98,93,5,5
39678,99,100,-1,1
39679,116,119,-3,3
39680,100,101,-1,1
39681,137,135,2,2
39682,63,71,-8,8
39683,82,95,-13,13
39684,99,114,-15,15
39685,58,67,-9,9
39686,68,78,-10,10
39687,121,119,2,2
39688,91,84,7,7
39689,61,85,-24,24
39690,46,59,-13,13
39691,107,119,-12,12
39692,80,82,-2,2
39693,78,89,-11,11
39694,83,85,-2,2
39695,139,138,1,1
39696,113,119,-6,6
39697,109,121,-12,12
39698,168,164,4,4
39699,148,140,8,8
39700,90,88,2,2
39701,49,62,-13,13
39702,91,106,-15,15
39703,48,59,-11,11
39704,99,106,-7,7
39705,125,130,-5,5
39706,77,101,-24,24
39707,89,92,-3,3
39708,85,83,2,2
39709,85,87,-2,2
39710,60,72,-12,12
39711,100,101,-1,1
39712,61,69,-8,8
39713,87,92,-5,5
39714,79,87,-8,8
39715,48,55,-7,7
39716,90,105,-15,15
39717,85,88,-3,3
39718,77,76,1,1
39719,56,67,-11,11
39720,55,65,-10,10
39721,148,149,-1,1
39722,108,106,2,2
39723,69,71,-2,2
39724,151,143,8,8
39725,98,91,7,7
39726,87,96,-9,9
39727,76,83,-7,7
39728,84,87,-3,3
39729,39,54,-15,15
39730,105,107,-2,2
39731,68,96,-28,28
39732,58,75,-17,17
39733,81,85,-4,4
39734,108,117,-9,9
39735,98,104,-6,6
39736,148,124,24,24
39737,71,80,-9,9
39738,108,106,2,2
39739,68,79,-11,11
39740,82,87,-5,5
39741,159,145,14,14
39742,109,100,9,9
39743,113,109,4,4
39744,106,108,-2,2
39745,124,120,4,4
39746,74,80,-6,6
39747,23,37,-14,14
39748,94,92,2,2
39749,69,74,-5,5
39750,63,72,-9,9
39751,49,65,-16,16
39752,83,87,-4,4
39753,65,73,-8,8
39754,122,100,22,22
39755,110,115,-5,5
39756,145,143,2,2
39757,128,121,7,7
39758,61,65,-4,4
39759,135,130,5,5
39760,62,61,1,1
39761,143,125,18,18
39762,59,67,-8,8
39763,133,128,5,5
39764,84,98,-14,14
39765,127,125,2,2
39766,75,77,-2,2
39767,128,126,2,2
39768,85,96,-11,11
39769,127,118,9,9
39770,66,81,-15,15
39771,45,52,-7,7
39772,89,92,-3,3
39773,82,82,0,0
39774,98,97,1,1
39775,51,69,-18,18
39776,112,119,-7,7
39777,70,75,-5,5
39778,75,66,9,9
39779,97,102,-5,5
39780,59,81,-22,22
39781,51,55,-4,4
39782,53,62,-9,9
39783,56,74,-18,18
39784,67,68,-1,1
39785,66,78,-12,12
39786,89,92,-3,3
39787,94,89,5,5
39788,77,91,-14,14
39789,41,55,-14,14
39790,85,89,-4,4
39791,72,76,-4,4
39792,108,111,-3,3
39793,105,110,-5,5
39794,67,78,-11,11
39795,97,97,0,0
39796,76,82,-6,6
39797,133,146,-13,13
39798,93,97,-4,4
39799,40,54,-14,14
39800,66,69,-3,3
39801,43,56,-13,13
39802,145,138,7,7
39803,135,123,12,12
39804,64,76,-12,12
39805,76,98,-22,22
39806,55,63,-8,8
39807,78,78,0,0
39808,103,105,-2,2
39809,141,146,-5,5
39810,152,151,1,1
39811,110,126,-16,16
39812,122,118,4,4
39813,78,85,-7,7
39814,82,88,-6,6
39815,104,98,6,6
39816,112,112,0,0
39817,69,73,-4,4
39818,48,57,-9,9
39819,60,73,-13,13
39820,54,60,-6,6
39821,128,122,6,6
39822,61,65,-4,4
39823,108,115,-7,7
39824,86,92,-6,6
39825,74,88,-14,14
39826,168,160,8,8
39827,76,81,-5,5
39828,80,87,-7,7
39829,96,92,4,4
39830,74,80,-6,6
39831,59,64,-5,5
39832,143,141,2,2
39833,68,68,0,0
39834,76,84,-8,8
39835,97,105,-8,8
39836,66,75,-9,9
39837,94,100,-6,6
39838,159,155,4,4
39839,76,76,0,0
39840,121,125,-4,4
39841,123,125,-2,2
39842,80,86,-6,6
39843,77,85,-8,8
39844,52,65,-13,13
39845,115,123,-8,8
39846,180,159,21,21
39847,70,76,-6,6
39848,79,93,-14,14
39849,112,106,6,6
39850,89,97,-8,8
39851,83,88,-5,5
39852,108,117,-9,9
39853,67,77,-10,10
39854,86,87,-1,1
39855,82,93,-11,11
39856,156,161,-5,5
39857,141,131,10,10
39858,154,149,5,5
39859,63,71,-8,8
39860,52,62,-10,10
39861,122,117,5,5
39862,69,83,-14,14
39863,93,96,-3,3
39864,106,117,-11,11
39865,76,87,-11,11
39866,97,93,4,4
39867,96,98,-2,2
39868,116,118,-2,2
39869,98,101,-3,3
39870,89,90,-1,1
39871,137,143,-6,6
39872,88,80,8,8
39873,115,118,-3,3
39874,135,133,2,2
39875,99,108,-9,9
39876,68,80,-12,12
39877,98,103,-5,5
39878,119,115,4,4
39879,77,81,-4,4
39880,74,87,-13,13
39881,115,116,-1,1
39882,67,74,-7,7
39883,79,90,-11,11
39884,107,117,-10,10
39885,83,88,-5,5
39886,74,88,-14,14
39887,160,159,1,1
39888,56,69,-13,13
39889,74,81,-7,7
39890,95,103,-8,8
39891,141,153,-12,12
39892,98,101,-3,3
39893,84,89,-5,5
39894,118,116,2,2
39895,58,62,-4,4
39896,54,68,-14,14
39897,74,81,-7,7
39898,69,78,-9,9
39899,123,112,11,11
39900,59,67,-8,8
39901,50,65,-15,15
39902,56,62,-6,6
39903,55,65,-10,10
39904,145,140,5,5
39905,89,88,1,1
39906,74,74,0,0
39907,67,75,-8,8
39908,100,105,-5,5
39909,99,101,-2,2
39910,64,74,-10,10
39911,49,65,-16,16
39912,144,147,-3,3
39913,65,72,-7,7
39914,57,67,-10,10
39915,74,80,-6,6
39916,82,91,-9,9
39917,80,81,-1,1
39918,167,185,-18,18
39919,55,57,-2,2
39920,98,105,-7,7
39921,69,75,-6,6
39922,60,70,-10,10
39923,149,144,5,5
39924,170,165,5,5
39925,56,67,-11,11
39926,120,121,-1,1
39927,114,119,-5,5
39928,123,126,-3,3
39929,67,79,-12,12
39930,145,144,1,1
39931,72,78,-6,6
39932,85,89,-4,4
39933,117,116,1,1
39934,87,110,-23,23
39935,66,77,-11,11
39936,116,123,-7,7
39937,53,70,-17,17
39938,109,108,1,1
39939,26,41,-15,15
39940,51,60,-9,9
39941,65,68,-3,3
39942,89,86,3,3
39943,110,98,12,12
39944,70,78,-8,8
39945,46,54,-8,8
39946,119,119,0,0
39947,127,123,4,4
39948,95,98,-3,3
39949,68,76,-8,8
39950,73,78,-5,5
39951,112,111,1,1
39952,152,157,-5,5
39953,83,90,-7,7
39954,115,117,-2,2
39955,131,113,18,18
39956,49,54,-5,5
39957,118,104,14,14
39958,94,93,1,1
39959,120,129,-9,9
39960,64,87,-23,23
39961,145,141,4,4
39962,63,75,-12,12
39963,62,68,-6,6
39964,55,63,-8,8
39965,113,125,-12,12
39966,62,74,-12,12
39967,80,83,-3,3
39968,100,99,1,1
39969,72,82,-10,10
39970,75,81,-6,6
39971,104,106,-2,2
39972,56,58,-2,2
39973,116,129,-13,13
39974,87,96,-9,9
39975,109,109,0,0
39976,107,118,-11,11
39977,63,72,-9,9
39978,127,136,-9,9
39979,124,113,11,11
39980,67,73,-6,6
39981,229,188,41,41
39982,144,127,17,17
39983,110,114,-4,4
39984,70,72,-2,2
39985,102,102,0,0
39986,153,134,19,19
39987,82,90,-8,8
39988,50,58,-8,8
39989,54,65,-11,11
39990,97,94,3,3
39991,75,88,-13,13
39992,83,85,-2,2
39993,88,92,-4,4
39994,129,124,5,5
39995,91,84,7,7
39996,115,107,8,8
39997,96,99,-3,3
39998,177,172,5,5
39999,109,116,-7,7
40000,91,98,-7,7
40001,102,101,1,1
40002,75,75,0,0
40003,67,77,-10,10
40004,85,90,-5,5
40005,133,131,2,2
40006,122,120,2,2
40007,99,102,-3,3
40008,72,83,-11,11
40009,80,89,-9,9
40010,61,67,-6,6
40011,118,116,2,2
40012,112,115,-3,3
40013,69,83,-14,14
40014,156,150,6,6
40015,140,137,3,3
40016,55,60,-5,5
40017,85,97,-12,12
40018,104,104,0,0
40019,113,112,1,1
40020,61,77,-16,16
40021,110,122,-12,12
40022,142,131,11,11
40023,93,95,-2,2
40024,49,62,-13,13
40025,139,141,-2,2
40026,42,54,-12,12
40027,80,78,2,2
40028,138,137,1,1
40029,148,145,3,3
40030,28,54,-26,26
40031,54,67,-13,13
40032,85,85,0,0
40033,84,87,-3,3
40034,161,149,12,12
40035,80,84,-4,4
40036,108,127,-19,19
40037,91,100,-9,9
40038,92,92,0,0
40039,92,106,-14,14
40040,91,90,1,1
40041,146,137,9,9
40042,59,76,-17,17
40043,109,104,5,5
40044,67,77,-10,10
40045,89,97,-8,8
40046,156,143,13,13
40047,106,104,2,2
40048,71,79,-8,8
40049,161,153,8,8
40050,97,97,0,0
40051,95,98,-3,3
40052,128,131,-3,3
40053,79,98,-19,19
40054,127,140,-13,13
40055,88,98,-10,10
40056,63,71,-8,8
40057,47,59,-12,12
40058,67,80,-13,13
40059,44,52,-8,8
40060,70,73,-3,3
40061,59,65,-6,6
40062,115,120,-5,5
40063,123,132,-9,9
40064,49,58,-9,9
40065,81,85,-4,4
40066,55,68,-13,13
40067,105,102,3,3
40068,120,120,0,0
40069,95,104,-9,9
40070,73,84,-11,11
40071,76,84,-8,8
40072,95,98,-3,3
40073,35,48,-13,13
40074,85,84,1,1
40075,65,83,-18,18
40076,125,126,-1,1
40077,62,71,-9,9
40078,95,99,-4,4
40079,139,137,2,2
40080,77,88,-11,11
40081,65,70,-5,5
40082,53,66,-13,13
40083,83,79,4,4
40084,62,59,3,3
40085,74,81,-7,7
40086,32,46,-14,14
40087,67,72,-5,5
40088,134,125,9,9
40089,78,89,-11,11
40090,88,90,-2,2
40091,81,89,-8,8
40092,60,72,-12,12
40093,117,107,10,10
40094,61,74,-13,13
40095,147,146,1,1
40096,217,193,24,24
40097,84,87,-3,3
40098,67,74,-7,7
40099,158,174,-16,16
40100,51,68,-17,17
40101,91,98,-7,7
40102,72,73,-1,1
40103,121,126,-5,5
40104,76,78,-2,2
40105,117,114,3,3
40106,63,74,-11,11
40107,82,94,-12,12
40108,87,103,-16,16
40109,77,81,-4,4
40110,67,77,-10,10
40111,129,109,20,20
40112,56,67,-11,11
40113,60,72,-12,12
40114,130,122,8,8
40115,106,122,-16,16
40116,73,76,-3,3
40117,89,96,-7,7
40118,85,102,-17,17
40119,71,74,-3,3
40120,206,219,-13,13
40121,142,148,-6,6
40122,106,112,-6,6
40123,98,101,-3,3
40124,60,80,-20,20
40125,113,121,-8,8
40126,57,67,-10,10
40127,73,72,1,1
40128,186,161,25,25
40129,87,99,-12,12
40130,122,117,5,5
40131,80,92,-12,12
40132,130,125,5,5
40133,106,108,-2,2
40134,175,195,-20,20
40135,135,123,12,12
40136,115,117,-2,2
40137,80,86,-6,6
40138,125,117,8,8
40139,85,99,-14,14
40140,85,86,-1,1
40141,143,136,7,7
40142,92,92,0,0
40143,74,69,5,5
40144,66,82,-16,16
40145,68,75,-7,7
40146,103,102,1,1
40147,82,86,-4,4
40148,57,67,-10,10
40149,102,115,-13,13
40150,117,118,-1,1
40151,79,89,-10,10
40152,179,156,23,23
40153,111,124,-13,13
40154,59,68,-9,9
40155,90,94,-4,4
40156,82,113,-31,31
40157,120,119,1,1
40158,89,95,-6,6
40159,76,80,-4,4
40160,74,73,1,1
40161,54,62,-8,8
40162,51,70,-19,19
40163,71,80,-9,9
40164,116,105,11,11
40165,84,85,-1,1
40166,107,107,0,0
40167,83,85,-2,2
40168,170,159,11,11
40169,118,122,-4,4
40170,115,111,4,4
40171,78,93,-15,15
40172,155,148,7,7
40173,143,147,-4,4
40174,80,93,-13,13
40175,64,81,-17,17
40176,97,94,3,3
40177,92,97,-5,5
40178,63,75,-12,12
40179,196,173,23,23
40180,70,84,-14,14
40181,95,101,-6,6
40182,73,81,-8,8
40183,64,80,-16,16
40184,86,102,-16,16
40185,93,101,-8,8
40186,81,83,-2,2
40187,132,111,21,21
40188,89,76,13,13
40189,80,79,1,1
40190,61,68,-7,7
40191,148,150,-2,2
40192,104,106,-2,2
40193,105,109,-4,4
40194,94,93,1,1
40195,72,81,-9,9
40196,71,78,-7,7
40197,115,116,-1,1
40198,100,102,-2,2
40199,64,70,-6,6
40200,88,94,-6,6
40201,175,183,-8,8
40202,153,160,-7,7
40203,58,62,-4,4
40204,143,146,-3,3
40205,49,57,-8,8
40206,62,67,-5,5
40207,72,77,-5,5
40208,112,115,-3,3
40209,90,94,-4,4
40210,88,92,-4,4
40211,92,91,1,1
40212,25,43,-18,18
40213,97,99,-2,2
40214,133,125,8,8
40215,86,94,-8,8
40216,81,84,-3,3
40217,164,154,10,10
40218,64,67,-3,3
40219,79,82,-3,3
40220,108,116,-8,8
40221,62,76,-14,14
40222,84,89,-5,5
40223,187,187,0,0
40224,70,84,-14,14
40225,119,116,3,3
40226,86,98,-12,12
40227,118,115,3,3
40228,79,90,-11,11
40229,77,83,-6,6
40230,85,95,-10,10
40231,107,102,5,5
40232,76,82,-6,6
40233,54,59,-5,5
40234,66,74,-8,8
40235,64,78,-14,14
40236,56,60,-4,4
40237,147,154,-7,7
40238,92,84,8,8
40239,119,115,4,4
40240,61,79,-18,18
40241,112,110,2,2
40242,116,123,-7,7
40243,68,84,-16,16
40244,153,151,2,2
40245,114,127,-13,13
40246,115,115,0,0
40247,91,96,-5,5
40248,68,79,-11,11
40249,111,113,-2,2
40250,79,77,2,2
40251,57,69,-12,12
40252,114,117,-3,3
40253,66,78,-12,12
40254,96,87,9,9
40255,83,99,-16,16
40256,93,89,4,4
40257,83,80,3,3
40258,80,83,-3,3
40259,82,89,-7,7
40260,114,115,-1,1
40261,49,67,-18,18
40262,67,79,-12,12
40263,79,84,-5,5
40264,77,81,-4,4
40265,64,73,-9,9
40266,177,165,12,12
40267,71,81,-10,10
40268,99,99,0,0
40269,90,93,-3,3
40270,107,108,-1,1
40271,103,98,5,5
40272,144,141,3,3
40273,81,84,-3,3
40274,69,78,-9,9
40275,63,87,-24,24
40276,105,110,-5,5
40277,100,97,3,3
40278,118,124,-6,6
40279,89,85,4,4
40280,90,96,-6,6
40281,88,98,-10,10
40282,69,73,-4,4
40283,59,64,-5,5
40284,84,88,-4,4
40285,143,143,0,0
40286,112,125,-13,13
40287,143,154,-11,11
40288,78,94,-16,16
40289,38,50,-12,12
40290,107,100,7,7
40291,57,68,-11,11
40292,62,102,-40,40
40293,79,88,-9,9
40294,72,84,-12,12
40295,85,87,-2,2
40296,83,90,-7,7
40297,69,75,-6,6
40298,62,66,-4,4
40299,80,86,-6,6
40300,55,76,-21,21
40301,77,75,2,2
40302,77,95,-18,18
40303,81,93,-12,12
40304,88,89,-1,1
40305,75,90,-15,15
40306,103,110,-7,7
40307,63,67,-4,4
40308,115,105,10,10
40309,149,154,-5,5
40310,48,60,-12,12
40311,67,70,-3,3
40312,167,146,21,21
40313,116,116,0,0
40314,40,55,-15,15
40315,93,100,-7,7
40316,98,98,0,0
40317,105,98,7,7
40318,150,142,8,8
40319,174,150,24,24
40320,156,129,27,27
40321,61,104,-43,43
40322,124,132,-8,8
40323,61,69,-8,8
40324,58,67,-9,9
40325,147,150,-3,3
40326,80,95,-15,15
40327,115,107,8,8
40328,139,140,-1,1
40329,73,81,-8,8
40330,208,204,4,4
40331,92,104,-12,12
40332,63,66,-3,3
40333,126,117,9,9
40334,31,42,-11,11
40335,55,79,-24,24
40336,154,150,4,4
40337,110,115,-5,5
40338,62,70,-8,8
40339,124,121,3,3
40340,81,81,0,0
40341,78,81,-3,3
40342,122,137,-15,15
40343,110,124,-14,14
40344,100,92,8,8
40345,112,115,-3,3
40346,58,63,-5,5
40347,92,95,-3,3
40348,143,142,1,1
40349,76,80,-4,4
40350,62,75,-13,13
40351,72,82,-10,10
40352,96,102,-6,6
40353,98,102,-4,4
40354,209,185,24,24
40355,81,84,-3,3
40356,65,78,-13,13
40357,111,102,9,9
40358,158,153,5,5
40359,106,115,-9,9
40360,124,120,4,4
40361,90,89,1,1
40362,95,102,-7,7
40363,86,96,-10,10
40364,89,88,1,1
40365,59,76,-17,17
40366,132,122,10,10
40367,91,83,8,8
40368,90,90,0,0
40369,85,92,-7,7
40370,77,95,-18,18
40371,68,69,-1,1
40372,77,91,-14,14
40373,125,135,-10,10
40374,53,60,-7,7
40375,100,112,-12,12
40376,128,134,-6,6
40377,78,76,2,2
40378,73,94,-21,21
40379,79,86,-7,7
40380,89,97,-8,8
40381,101,107,-6,6
40382,93,111,-18,18
40383,93,99,-6,6
40384,62,70,-8,8
40385,113,114,-1,1
40386,117,115,2,2
40387,133,128,5,5
40388,107,115,-8,8
40389,64,92,-28,28
40390,48,64,-16,16
40391,103,103,0,0
40392,91,102,-11,11
40393,121,132,-11,11
40394,109,116,-7,7
40395,92,96,-4,4
40396,118,113,5,5
40397,82,91,-9,9
40398,76,75,1,1
40399,98,96,2,2
40400,118,112,6,6
40401,124,132,-8,8
40402,120,108,12,12
40403,85,96,-11,11
40404,112,115,-3,3
40405,88,93,-5,5
40406,65,66,-1,1
40407,48,56,-8,8
40408,66,81,-15,15
40409,106,88,18,18
40410,174,151,23,23
40411,161,154,7,7
40412,42,85,-43,43
40413,65,77,-12,12
40414,47,64,-17,17
40415,100,114,-14,14
40416,91,95,-4,4
40417,59,67,-8,8
40418,77,90,-13,13
40419,83,87,-4,4
40420,91,90,1,1
40421,91,93,-2,2
40422,163,161,2,2
40423,89,89,0,0
40424,144,151,-7,7
40425,107,120,-13,13
40426,75,79,-4,4
40427,210,205,5,5
40428,168,159,9,9
40429,116,104,12,12
40430,67,88,-21,21
40431,66,73,-7,7
40432,23,44,-21,21
40433,99,99,0,0
40434,66,75,-9,9
40435,56,64,-8,8
40436,92,91,1,1
40437,132,126,6,6
40438,67,79,-12,12
40439,42,47,-5,5
40440,123,127,-4,4
40441,44,56,-12,12
40442,117,118,-1,1
40443,109,110,-1,1
40444,106,110,-4,4
40445,92,96,-4,4
40446,88,88,0,0
40447,74,84,-10,10
40448,114,128,-14,14
40449,146,133,13,13
40450,105,106,-1,1
40451,91,102,-11,11
40452,124,122,2,2
40453,178,169,9,9
40454,98,101,-3,3
40455,145,151,-6,6
40456,76,83,-7,7
40457,100,102,-2,2
40458,128,113,15,15
40459,152,146,6,6
40460,40,51,-11,11
40461,65,78,-13,13
40462,107,114,-7,7
40463,90,92,-2,2
40464,100,109,-9,9
40465,71,93,-22,22
40466,55,66,-11,11
40467,80,91,-11,11
40468,131,109,22,22
40469,28,46,-18,18
40470,93,104,-11,11
40471,149,157,-8,8
40472,88,95,-7,7
40473,50,61,-11,11
40474,82,97,-15,15
40475,125,120,5,5
40476,131,120,11,11
40477,93,108,-15,15
40478,83,85,-2,2
40479,149,156,-7,7
40480,74,86,-12,12
40481,124,127,-3,3
40482,174,157,17,17
40483,83,117,-34,34
40484,119,126,-7,7
40485,85,85,0,0
40486,70,70,0,0
40487,197,186,11,11
40488,131,129,2,2
40489,130,124,6,6
40490,73,85,-12,12
40491,97,95,2,2
40492,85,88,-3,3
40493,198,173,25,25
40494,100,98,2,2
40495,81,94,-13,13
40496,71,80,-9,9
40497,97,101,-4,4
40498,77,94,-17,17
40499,88,93,-5,5
40500,90,89,1,1
40501,74,82,-8,8
40502,70,80,-10,10
40503,63,66,-3,3
40504,149,143,6,6
40505,97,94,3,3
40506,65,77,-12,12
40507,81,86,-5,5
40508,100,105,-5,5
40509,79,95,-16,16
40510,106,109,-3,3
40511,79,89,-10,10
40512,137,141,-4,4
40513,82,92,-10,10
40514,68,67,1,1
40515,100,97,3,3
40516,40,54,-14,14
40517,57,63,-6,6
40518,73,85,-12,12
40519,85,93,-8,8
40520,135,127,8,8
40521,126,124,2,2
40522,158,155,3,3
40523,110,110,0,0
40524,125,132,-7,7
40525,115,111,4,4
40526,112,118,-6,6
40527,71,81,-10,10
40528,121,142,-21,21
40529,97,111,-14,14
40530,104,109,-5,5
40531,97,102,-5,5
40532,54,67,-13,13
40533,76,85,-9,9
40534,132,114,18,18
40535,98,108,-10,10
40536,107,107,0,0
40537,119,118,1,1
40538,125,120,5,5
40539,96,104,-8,8
40540,49,63,-14,14
40541,89,83,6,6
40542,101,100,1,1
40543,86,101,-15,15
40544,43,54,-11,11
40545,40,49,-9,9
40546,109,111,-2,2
40547,49,64,-15,15
40548,99,103,-4,4
40549,120,105,15,15
40550,70,89,-19,19
40551,177,166,11,11
40552,59,75,-16,16
40553,90,97,-7,7
40554,99,102,-3,3
40555,99,106,-7,7
40556,113,106,7,7
40557,87,102,-15,15
40558,120,121,-1,1
40559,122,117,5,5
40560,156,160,-4,4
40561,90,88,2,2
40562,109,111,-2,2
40563,59,76,-17,17
40564,110,116,-6,6
40565,64,73,-9,9
40566,76,83,-7,7
40567,93,93,0,0
40568,81,93,-12,12
40569,155,148,7,7
40570,77,96,-19,19
40571,52,63,-11,11
40572,48,64,-16,16
40573,94,106,-12,12
40574,72,84,-12,12
40575,78,99,-21,21
40576,108,108,0,0
40577,74,88,-14,14
40578,67,72,-5,5
40579,88,88,0,0
40580,127,125,2,2
40581,88,105,-17,17
40582,53,70,-17,17
40583,101,106,-5,5
40584,105,104,1,1
40585,120,123,-3,3
40586,63,79,-16,16
40587,50,60,-10,10
40588,67,75,-8,8
40589,121,126,-5,5
40590,76,82,-6,6
40591,95,86,9,9
40592,97,105,-8,8
40593,63,76,-13,13
40594,135,132,3,3
40595,61,70,-9,9
40596,79,84,-5,5
40597,133,128,5,5
40598,97,108,-11,11
40599,78,72,6,6
40600,96,98,-2,2
40601,47,53,-6,6
40602,139,130,9,9
40603,99,97,2,2
40604,113,107,6,6
40605,94,95,-1,1
40606,100,111,-11,11
40607,71,87,-16,16
40608,102,112,-10,10
40609,113,112,1,1
40610,85,91,-6,6
40611,75,73,2,2
40612,62,64,-2,2
40613,111,94,17,17
40614,80,84,-4,4
40615,117,118,-1,1
40616,107,109,-2,2
40617,75,83,-8,8
40618,82,93,-11,11
40619,73,81,-8,8
40620,110,110,0,0
40621,115,113,2,2
40622,151,146,5,5
40623,60,73,-13,13
40624,51,64,-13,13
40625,76,77,-1,1
40626,115,107,8,8
40627,79,85,-6,6
40628,85,93,-8,8
40629,84,92,-8,8
40630,136,126,10,10
40631,76,85,-9,9
40632,30,52,-22,22
40633,141,138,3,3
40634,83,83,0,0
40635,81,92,-11,11
40636,79,90,-11,11
40637,113,117,-4,4
40638,88,87,1,1
40639,145,170,-25,25
40640,156,153,3,3
40641,80,93,-13,13
40642,103,106,-3,3
40643,116,114,2,2
40644,76,77,-1,1
40645,123,125,-2,2
40646,93,95,-2,2
40647,103,113,-10,10
40648,67,72,-5,5
40649,102,113,-11,11
40650,92,90,2,2
40651,86,91,-5,5
40652,56,66,-10,10
40653,80,90,-10,10
40654,137,138,-1,1
40655,48,68,-20,20
40656,87,82,5,5
40657,112,122,-10,10
40658,74,74,0,0
40659,87,93,-6,6
40660,101,114,-13,13
40661,58,69,-11,11
40662,116,115,1,1
40663,97,98,-1,1
40664,65,70,-5,5
40665,98,93,5,5
40666,98,96,2,2
40667,156,147,9,9
40668,88,93,-5,5
40669,85,96,-11,11
40670,64,69,-5,5
40671,72,80,-8,8
40672,107,118,-11,11
40673,87,108,-21,21
40674,115,115,0,0
40675,102,93,9,9
40676,120,114,6,6
40677,87,100,-13,13
40678,81,88,-7,7
40679,53,62,-9,9
40680,71,83,-12,12
40681,78,82,-4,4
40682,104,102,2,2
40683,113,122,-9,9
40684,51,54,-3,3
40685,65,78,-13,13
40686,109,135,-26,26
40687,78,89,-11,11
40688,105,98,7,7
40689,93,104,-11,11
40690,103,104,-1,1
40691,113,107,6,6
40692,77,94,-17,17
40693,135,133,2,2
40694,82,77,5,5
40695,84,88,-4,4
40696,56,72,-16,16
40697,54,62,-8,8
40698,146,137,9,9
40699,149,144,5,5
40700,91,87,4,4
40701,61,66,-5,5
40702,117,130,-13,13
40703,46,58,-12,12
40704,159,157,2,2
40705,94,91,3,3
40706,153,141,12,12
40707,108,107,1,1
40708,85,84,1,1
40709,69,78,-9,9
40710,295,212,83,83
40711,74,82,-8,8
40712,103,110,-7,7
40713,80,83,-3,3
40714,68,76,-8,8
40715,120,131,-11,11
40716,86,91,-5,5
40717,118,117,1,1
40718,74,83,-9,9
40719,99,92,7,7
40720,76,78,-2,2
40721,134,126,8,8
40722,97,115,-18,18
40723,66,80,-14,14
40724,92,105,-13,13
40725,50,60,-10,10
40726,83,94,-11,11
40727,98,106,-8,8
40728,72,76,-4,4
40729,71,80,-9,9
40730,71,84,-13,13
40731,78,87,-9,9
40732,81,90,-9,9
40733,126,128,-2,2
40734,71,75,-4,4
40735,70,76,-6,6
40736,141,141,0,0
40737,75,77,-2,2
40738,85,86,-1,1
40739,89,95,-6,6
40740,82,90,-8,8
40741,174,161,13,13
40742,77,83,-6,6
40743,113,128,-15,15
40744,165,165,0,0
40745,55,61,-6,6
40746,94,91,3,3
40747,81,91,-10,10
40748,103,104,-1,1
40749,87,87,0,0
40750,68,87,-19,19
40751,205,216,-11,11
40752,85,92,-7,7
40753,66,73,-7,7
40754,68,73,-5,5
40755,87,92,-5,5
40756,101,97,4,4
40757,115,118,-3,3
40758,69,74,-5,5
40759,144,139,5,5
40760,97,102,-5,5
40761,107,113,-6,6
40762,88,108,-20,20
40763,138,133,5,5
40764,90,88,2,2
40765,129,144,-15,15
40766,66,71,-5,5
40767,75,81,-6,6
40768,118,114,4,4
40769,99,103,-4,4
40770,77,79,-2,2
40771,89,90,-1,1
40772,95,101,-6,6
40773,56,64,-8,8
40774,115,116,-1,1
40775,59,68,-9,9
40776,117,120,-3,3
40777,110,117,-7,7
40778,120,101,19,19
40779,98,90,8,8
40780,121,128,-7,7
40781,100,90,10,10
40782,85,87,-2,2
40783,106,107,-1,1
40784,165,156,9,9
40785,65,78,-13,13
40786,58,65,-7,7
40787,165,160,5,5
40788,56,68,-12,12
40789,62,73,-11,11
40790,85,84,1,1
40791,93,103,-10,10
40792,57,70,-13,13
40793,97,102,-5,5
40794,96,104,-8,8
40795,45,59,-14,14
40796,114,114,0,0
40797,77,80,-3,3
40798,77,91,-14,14
40799,89,89,0,0
40800,70,77,-7,7
40801,84,94,-10,10
40802,89,110,-21,21
40803,104,112,-8,8
40804,88,92,-4,4
40805,68,74,-6,6
40806,67,77,-10,10
40807,51,58,-7,7
40808,144,152,-8,8
40809,135,132,3,3
40810,89,93,-4,4
40811,122,120,2,2
40812,110,110,0,0
40813,81,88,-7,7
40814,147,155,-8,8
40815,60,68,-8,8
40816,137,146,-9,9
40817,110,115,-5,5
40818,125,124,1,1
40819,89,99,-10,10
40820,129,146,-17,17
40821,70,69,1,1
40822,149,151,-2,2
40823,72,82,-10,10
40824,96,104,-8,8
40825,76,84,-8,8
40826,154,151,3,3
40827,220,196,24,24
40828,106,114,-8,8
40829,95,105,-10,10
40830,158,163,-5,5
40831,140,144,-4,4
40832,86,94,-8,8
40833,96,91,5,5
40834,100,101,-1,1
40835,70,89,-19,19
40836,64,72,-8,8
40837,147,146,1,1
40838,75,82,-7,7
40839,80,81,-1,1
40840,161,147,14,14
40841,83,107,-24,24
40842,89,85,4,4
40843,169,158,11,11
40844,85,92,-7,7
40845,151,154,-3,3
40846,85,86,-1,1
40847,61,72,-11,11
40848,62,71,-9,9
40849,118,113,5,5
40850,97,100,-3,3
40851,118,117,1,1
40852,104,97,7,7
40853,44,53,-9,9
40854,101,104,-3,3
40855,69,77,-8,8
40856,52,64,-12,12
40857,115,117,-2,2
40858,56,62,-6,6
40859,110,124,-14,14
40860,96,125,-29,29
40861,88,92,-4,4
40862,94,101,-7,7
40863,60,70,-10,10
40864,108,112,-4,4
40865,114,108,6,6
40866,87,93,-6,6
40867,102,108,-6,6
40868,75,76,-1,1
40869,56,61,-5,5
40870,123,132,-9,9
40871,29,54,-25,25
40872,70,88,-18,18
40873,87,90,-3,3
40874,48,70,-22,22
40875,108,105,3,3
40876,164,165,-1,1
40877,125,116,9,9
40878,66,73,-7,7
40879,190,178,12,12
40880,91,93,-2,2
40881,116,100,16,16
40882,96,100,-4,4
40883,86,89,-3,3
40884,157,165,-8,8
40885,149,140,9,9
40886,54,63,-9,9
40887,81,88,-7,7
40888,97,106,-9,9
40889,128,124,4,4
40890,96,102,-6,6
40891,121,126,-5,5
40892,131,127,4,4
40893,133,124,9,9
40894,130,127,3,3
40895,97,95,2,2
40896,68,82,-14,14
40897,118,112,6,6
40898,91,94,-3,3
40899,90,109,-19,19
40900,65,73,-8,8
40901,143,131,12,12
40902,80,74,6,6
40903,96,87,9,9
40904,104,101,3,3
40905,112,117,-5,5
40906,86,92,-6,6
40907,91,97,-6,6
40908,205,176,29,29
40909,73,90,-17,17
40910,101,96,5,5
40911,73,81,-8,8
40912,90,91,-1,1
40913,191,196,-5,5
40914,90,97,-7,7
40915,149,148,1,1
40916,73,90,-17,17
40917,152,154,-2,2
40918,115,113,2,2
40919,88,97,-9,9
40920,86,89,-3,3
40921,103,104,-1,1
40922,37,49,-12,12
40923,83,82,1,1
40924,76,74,2,2
40925,56,62,-6,6
40926,130,129,1,1
40927,67,70,-3,3
40928,78,81,-3,3
40929,105,108,-3,3
40930,101,101,0,0
40931,88,87,1,1
40932,83,92,-9,9
40933,108,111,-3,3
40934,67,72,-5,5
40935,107,107,0,0
40936,43,47,-4,4
40937,71,86,-15,15
40938,99,95,4,4
40939,120,132,-12,12
40940,132,122,10,10
40941,30,46,-16,16
40942,88,94,-6,6
40943,82,103,-21,21
40944,59,74,-15,15
40945,68,77,-9,9
40946,120,113,7,7
40947,60,68,-8,8
40948,103,104,-1,1
40949,110,110,0,0
40950,114,112,2,2
40951,90,93,-3,3
40952,192,183,9,9
40953,100,104,-4,4
40954,119,120,-1,1
40955,91,90,1,1
40956,98,101,-3,3
40957,51,60,-9,9
40958,94,94,0,0
40959,98,105,-7,7
40960,71,73,-2,2
40961,106,123,-17,17
40962,78,88,-10,10
40963,66,76,-10,10
40964,79,87,-8,8
40965,85,92,-7,7
40966,147,148,-1,1
40967,68,73,-5,5
40968,66,70,-4,4
40969,81,86,-5,5
40970,133,132,1,1
40971,120,121,-1,1
40972,71,83,-12,12
40973,169,168,1,1
40974,159,151,8,8
40975,57,70,-13,13
40976,73,82,-9,9
40977,44,54,-10,10
40978,85,93,-8,8
40979,49,70,-21,21
40980,54,61,-7,7
40981,89,90,-1,1
40982,62,77,-15,15
40983,88,89,-1,1
40984,93,103,-10,10
40985,66,73,-7,7
40986,69,77,-8,8
40987,138,152,-14,14
40988,88,95,-7,7
40989,102,109,-7,7
40990,45,54,-9,9
40991,48,60,-12,12
40992,106,113,-7,7
40993,158,134,24,24
40994,125,124,1,1
40995,64,86,-22,22
40996,153,156,-3,3
40997,66,71,-5,5
40998,87,95,-8,8
40999,90,94,-4,4
41000,105,108,-3,3
41001,51,58,-7,7
41002,148,138,10,10
41003,123,133,-10,10
41004,59,68,-9,9
41005,88,83,5,5
41006,91,99,-8,8
41007,77,88,-11,11
41008,98,101,-3,3
41009,84,92,-8,8
41010,97,96,1,1
41011,129,119,10,10
41012,158,159,-1,1
41013,99,107,-8,8
41014,153,157,-4,4
41015,140,124,16,16
41016,97,95,2,2
41017,116,124,-8,8
41018,108,106,2,2
41019,117,119,-2,2
41020,112,110,2,2
41021,70,77,-7,7
41022,117,124,-7,7
41023,186,181,5,5
41024,88,94,-6,6
41025,40,53,-13,13
41026,69,80,-11,11
41027,138,130,8,8
41028,68,79,-11,11
41029,194,173,21,21
41030,141,138,3,3
41031,66,85,-19,19
41032,87,101,-14,14
41033,112,113,-1,1
41034,120,108,12,12
41035,117,114,3,3
41036,116,121,-5,5
41037,113,123,-10,10
41038,109,122,-13,13
41039,116,117,-1,1
41040,107,104,3,3
41041,156,145,11,11
41042,54,62,-8,8
41043,96,96,0,0
41044,116,114,2,2
41045,105,102,3,3
41046,53,60,-7,7
41047,146,144,2,2
41048,111,125,-14,14
41049,55,60,-5,5
41050,130,125,5,5
41051,89,91,-2,2
41052,99,117,-18,18
41053,101,99,2,2
41054,107,115,-8,8
41055,56,65,-9,9
41056,72,78,-6,6
41057,141,141,0,0
41058,49,62,-13,13
41059,50,52,-2,2
41060,106,99,7,7
41061,71,77,-6,6
41062,82,102,-20,20
41063,112,110,2,2
41064,114,118,-4,4
41065,91,95,-4,4
41066,79,85,-6,6
41067,87,94,-7,7
41068,72,76,-4,4
41069,140,143,-3,3
41070,79,92,-13,13
41071,103,99,4,4
41072,105,109,-4,4
41073,80,87,-7,7
41074,63,71,-8,8
41075,89,92,-3,3
41076,58,70,-12,12
41077,71,71,0,0
41078,91,100,-9,9
41079,64,67,-3,3
41080,134,133,1,1
41081,144,149,-5,5
41082,46,74,-28,28
41083,79,95,-16,16
41084,137,128,9,9
41085,71,76,-5,5
41086,88,91,-3,3
41087,99,95,4,4
41088,77,85,-8,8
41089,71,78,-7,7
41090,66,72,-6,6
41091,57,71,-14,14
41092,107,113,-6,6
41093,157,160,-3,3
41094,59,72,-13,13
41095,107,121,-14,14
41096,150,139,11,11
41097,97,103,-6,6
41098,56,63,-7,7
41099,122,120,2,2
41100,118,109,9,9
41101,98,89,9,9
41102,87,97,-10,10
41103,84,80,4,4
41104,67,71,-4,4
41105,97,104,-7,7
41106,110,112,-2,2
41107,75,83,-8,8
41108,49,66,-17,17
41109,121,139,-18,18
41110,124,122,2,2
41111,86,90,-4,4
41112,91,98,-7,7
41113,74,73,1,1
41114,87,83,4,4
41115,61,71,-10,10
41116,76,89,-13,13
41117,169,168,1,1
41118,79,84,-5,5
41119,85,100,-15,15
41120,129,116,13,13
41121,68,77,-9,9
41122,88,113,-25,25
41123,136,128,8,8
41124,81,89,-8,8
41125,143,156,-13,13
41126,66,71,-5,5
41127,90,103,-13,13
41128,69,78,-9,9
41129,129,129,0,0
41130,77,89,-12,12
41131,128,131,-3,3
41132,110,114,-4,4
41133,125,129,-4,4
41134,82,89,-7,7
41135,147,141,6,6
41136,77,84,-7,7
41137,81,77,4,4
41138,91,95,-4,4
41139,106,98,8,8
41140,65,76,-11,11
41141,59,67,-8,8
41142,107,117,-10,10
41143,75,91,-16,16
41144,86,101,-15,15
41145,92,95,-3,3
41146,87,94,-7,7
41147,115,132,-17,17
41148,70,82,-12,12
41149,78,74,4,4
41150,77,80,-3,3
41151,142,151,-9,9
41152,161,158,3,3
41153,145,132,13,13
41154,102,105,-3,3
41155,68,77,-9,9
41156,81,91,-10,10
41157,92,92,0,0
41158,91,97,-6,6
41159,87,91,-4,4
41160,168,163,5,5
41161,58,64,-6,6
41162,119,106,13,13
41163,55,57,-2,2
41164,69,77,-8,8
41165,69,77,-8,8
41166,99,106,-7,7
41167,72,78,-6,6
41168,82,94,-12,12
41169,134,131,3,3
41170,88,86,2,2
41171,61,74,-13,13
41172,77,84,-7,7
41173,106,121,-15,15
41174,89,95,-6,6
41175,90,94,-4,4
41176,102,114,-12,12
41177,77,85,-8,8
41178,63,70,-7,7
41179,76,85,-9,9
41180,67,69,-2,2
41181,64,79,-15,15
41182,66,77,-11,11
41183,126,124,2,2
41184,91,106,-15,15
41185,148,130,18,18
41186,111,111,0,0
41187,58,71,-13,13
41188,93,93,0,0
41189,80,80,0,0
41190,173,164,9,9
41191,80,83,-3,3
41192,117,117,0,0
41193,69,67,2,2
41194,115,118,-3,3
41195,122,114,8,8
41196,76,82,-6,6
41197,89,79,10,10
41198,92,112,-20,20
41199,101,104,-3,3
41200,156,149,7,7
41201,88,91,-3,3
41202,61,68,-7,7
41203,80,82,-2,2
41204,128,124,4,4
41205,101,100,1,1
41206,114,116,-2,2
41207,142,124,18,18
41208,53,60,-7,7
41209,138,135,3,3
41210,49,62,-13,13
41211,146,137,9,9
41212,91,92,-1,1
41213,136,145,-9,9
41214,60,76,-16,16
41215,147,141,6,6
41216,86,92,-6,6
41217,71,77,-6,6
41218,127,155,-28,28
41219,62,75,-13,13
41220,109,105,4,4
41221,69,77,-8,8
41222,186,185,1,1
41223,44,58,-14,14
41224,39,50,-11,11
41225,89,95,-6,6
41226,113,117,-4,4
41227,65,71,-6,6
41228,63,75,-12,12
41229,61,74,-13,13
41230,132,126,6,6
41231,70,79,-9,9
41232,179,172,7,7
41233,103,116,-13,13
41234,118,114,4,4
41235,71,79,-8,8
41236,156,142,14,14
41237,95,96,-1,1
41238,108,117,-9,9
41239,92,98,-6,6
41240,125,117,8,8
41241,103,98,5,5
41242,87,83,4,4
41243,57,71,-14,14
41244,95,100,-5,5
41245,207,215,-8,8
41246,72,82,-10,10
41247,158,155,3,3
41248,78,85,-7,7
41249,59,71,-12,12
41250,77,75,2,2
41251,78,79,-1,1
41252,120,110,10,10
41253,137,136,1,1
41254,71,74,-3,3
41255,117,114,3,3
41256,97,99,-2,2
41257,108,110,-2,2
41258,64,75,-11,11
41259,125,121,4,4
41260,57,60,-3,3
41261,47,63,-16,16
41262,110,102,8,8
41263,173,181,-8,8
41264,70,72,-2,2
41265,112,115,-3,3
41266,69,77,-8,8
41267,95,96,-1,1
41268,50,55,-5,5
41269,60,68,-8,8
41270,108,114,-6,6
41271,88,94,-6,6
41272,141,162,-21,21
41273,65,74,-9,9
41274,111,127,-16,16
41275,110,106,4,4
41276,156,135,21,21
41277,70,95,-25,25
41278,77,89,-12,12
41279,111,110,1,1
41280,77,82,-5,5
41281,132,147,-15,15
41282,94,90,4,4
41283,87,99,-12,12
41284,71,84,-13,13
41285,69,82,-13,13
41286,57,65,-8,8
41287,63,76,-13,13
41288,170,168,2,2
41289,99,99,0,0
41290,91,97,-6,6
41291,75,87,-12,12
41292,155,149,6,6
41293,169,159,10,10
41294,121,114,7,7
41295,56,67,-11,11
41296,73,83,-10,10
41297,142,93,49,49
41298,76,91,-15,15
41299,117,130,-13,13
41300,113,121,-8,8
41301,63,64,-1,1
41302,146,139,7,7
41303,71,73,-2,2
41304,68,73,-5,5
41305,96,101,-5,5
41306,64,75,-11,11
41307,79,77,2,2
41308,77,83,-6,6
41309,54,65,-11,11
41310,81,90,-9,9
41311,106,114,-8,8
41312,130,123,7,7
41313,63,65,-2,2
41314,74,83,-9,9
41315,87,92,-5,5
41316,97,100,-3,3
41317,136,148,-12,12
41318,78,80,-2,2
41319,114,109,5,5
41320,172,195,-23,23
41321,69,91,-22,22
41322,55,71,-16,16
41323,68,72,-4,4
41324,84,86,-2,2
41325,64,73,-9,9
41326,44,57,-13,13
41327,98,97,1,1
41328,118,127,-9,9
41329,115,111,4,4
41330,151,149,2,2
41331,66,73,-7,7
41332,150,137,13,13
41333,94,94,0,0
41334,83,94,-11,11
41335,138,130,8,8
41336,96,101,-5,5
41337,117,118,-1,1
41338,32,44,-12,12
41339,167,162,5,5
41340,162,147,15,15
41341,120,129,-9,9
41342,84,92,-8,8
41343,64,71,-7,7
41344,147,144,3,3
41345,74,85,-11,11
41346,42,63,-21,21
41347,65,83,-18,18
41348,87,92,-5,5
41349,101,113,-12,12
41350,64,69,-5,5
41351,54,70,-16,16
41352,99,108,-9,9
41353,60,71,-11,11
41354,62,74,-12,12
41355,134,126,8,8
41356,79,88,-9,9
41357,74,78,-4,4
41358,103,114,-11,11
41359,160,164,-4,4
41360,103,103,0,0
41361,96,102,-6,6
41362,66,69,-3,3
41363,72,74,-2,2
41364,69,79,-10,10
41365,115,116,-1,1
41366,74,78,-4,4
41367,47,60,-13,13
41368,116,109,7,7
41369,75,87,-12,12
41370,74,89,-15,15
41371,138,132,6,6
41372,83,90,-7,7
41373,78,89,-11,11
41374,144,136,8,8
41375,94,96,-2,2
41376,91,92,-1,1
41377,97,107,-10,10
41378,79,85,-6,6
41379,87,92,-5,5
41380,50,61,-11,11
41381,61,66,-5,5
41382,66,83,-17,17
41383,83,86,-3,3
41384,69,71,-2,2
41385,117,111,6,6
41386,123,118,5,5
41387,152,134,18,18
41388,53,58,-5,5
41389,41,75,-34,34
41390,120,117,3,3
41391,50,62,-12,12
41392,103,108,-5,5
41393,59,81,-22,22
41394,146,141,5,5
41395,74,73,1,1
41396,119,116,3,3
41397,100,104,-4,4
41398,109,103,6,6
41399,140,132,8,8
41400,104,108,-4,4
41401,118,127,-9,9
41402,129,121,8,8
41403,62,72,-10,10
41404,80,88,-8,8
41405,67,75,-8,8
41406,45,58,-13,13
41407,111,116,-5,5
41408,110,116,-6,6
41409,68,77,-9,9
41410,84,103,-19,19
41411,132,119,13,13
41412,67,72,-5,5
41413,66,75,-9,9
41414,53,75,-22,22
41415,88,96,-8,8
41416,115,124,-9,9
41417,142,148,-6,6
41418,134,140,-6,6
41419,108,111,-3,3
41420,63,73,-10,10
41421,68,70,-2,2
41422,96,93,3,3
41423,73,82,-9,9
41424,88,101,-13,13
41425,107,101,6,6
41426,114,135,-21,21
41427,132,132,0,0
41428,64,77,-13,13
41429,73,75,-2,2
41430,109,105,4,4
41431,65,73,-8,8
41432,138,117,21,21
41433,103,99,4,4
41434,132,127,5,5
41435,67,73,-6,6
41436,70,79,-9,9
41437,114,129,-15,15
41438,54,68,-14,14
41439,87,85,2,2
41440,57,69,-12,12
41441,163,166,-3,3
41442,83,92,-9,9
41443,48,59,-11,11
41444,62,78,-16,16
41445,110,105,5,5
41446,64,70,-6,6
41447,154,151,3,3
41448,119,116,3,3
41449,81,91,-10,10
41450,76,82,-6,6
41451,125,109,16,16
41452,82,84,-2,2
41453,140,140,0,0
41454,58,62,-4,4
41455,90,87,3,3
41456,94,93,1,1
41457,70,79,-9,9
41458,126,121,5,5
41459,42,53,-11,11
41460,96,112,-16,16
41461,144,131,13,13
41462,84,83,1,1
41463,91,90,1,1
41464,89,89,0,0
41465,68,78,-10,10
41466,74,81,-7,7
41467,73,80,-7,7
41468,95,93,2,2
41469,141,129,12,12
41470,144,133,11,11
41471,115,122,-7,7
41472,126,114,12,12
41473,81,81,0,0
41474,70,75,-5,5
41475,101,107,-6,6
41476,36,50,-14,14
41477,103,105,-2,2
41478,50,63,-13,13
41479,108,102,6,6
41480,168,179,-11,11
41481,89,104,-15,15
41482,128,126,2,2
41483,87,84,3,3
41484,72,69,3,3
41485,166,157,9,9
41486,75,79,-4,4
41487,116,121,-5,5
41488,66,72,-6,6
41489,89,102,-13,13
41490,72,86,-14,14
41491,103,120,-17,17
41492,82,90,-8,8
41493,108,117,-9,9
41494,115,109,6,6
41495,154,171,-17,17
41496,96,101,-5,5
41497,70,78,-8,8
41498,105,105,0,0
41499,103,112,-9,9
41500,80,89,-9,9
41501,167,136,31,31
41502,131,135,-4,4
41503,87,93,-6,6
41504,83,87,-4,4
41505,221,198,23,23
41506,67,73,-6,6
41507,114,114,0,0
41508,88,85,3,3
41509,80,81,-1,1
41510,183,174,9,9
41511,67,80,-13,13
41512,172,164,8,8
41513,56,60,-4,4
41514,60,65,-5,5
41515,60,66,-6,6
41516,77,87,-10,10
41517,85,83,2,2
41518,64,73,-9,9
41519,88,96,-8,8
41520,143,129,14,14
41521,148,148,0,0
41522,73,79,-6,6
41523,97,106,-9,9
41524,85,97,-12,12
41525,62,64,-2,2
41526,82,86,-4,4
41527,63,66,-3,3
41528,55,66,-11,11
41529,133,125,8,8
41530,96,106,-10,10
41531,98,103,-5,5
41532,67,72,-5,5
41533,104,114,-10,10
41534,118,154,-36,36
41535,83,99,-16,16
41536,110,118,-8,8
41537,138,134,4,4
41538,79,80,-1,1
41539,75,73,2,2
41540,67,74,-7,7
41541,59,69,-10,10
41542,63,66,-3,3
41543,125,124,1,1
41544,156,159,-3,3
41545,88,86,2,2
41546,106,107,-1,1
41547,88,92,-4,4
41548,126,130,-4,4
41549,71,85,-14,14
41550,109,113,-4,4
41551,61,103,-42,42
41552,100,110,-10,10
41553,157,137,20,20
41554,168,165,3,3
41555,110,110,0,0
41556,92,103,-11,11
41557,118,131,-13,13
41558,159,163,-4,4
41559,67,73,-6,6
41560,78,95,-17,17
41561,93,98,-5,5
41562,76,79,-3,3
41563,156,148,8,8
41564,63,80,-17,17
41565,87,91,-4,4
41566,79,82,-3,3
41567,56,63,-7,7
41568,65,70,-5,5
41569,99,104,-5,5
41570,90,82,8,8
41571,108,116,-8,8
41572,59,65,-6,6
41573,48,80,-32,32
41574,73,79,-6,6
41575,111,105,6,6
41576,69,75,-6,6
41577,149,132,17,17
41578,87,83,4,4
41579,87,85,2,2
41580,85,90,-5,5
41581,112,106,6,6
41582,78,95,-17,17
41583,74,84,-10,10
41584,85,92,-7,7
41585,77,90,-13,13
41586,113,108,5,5
41587,106,111,-5,5
41588,61,77,-16,16
41589,82,96,-14,14
41590,115,124,-9,9
41591,51,62,-11,11
41592,109,98,11,11
41593,61,68,-7,7
41594,60,71,-11,11
41595,129,125,4,4
41596,152,133,19,19
41597,90,93,-3,3
41598,204,187,17,17
41599,95,92,3,3
41600,81,92,-11,11
41601,75,81,-6,6
41602,95,95,0,0
41603,108,113,-5,5
41604,140,134,6,6
41605,47,56,-9,9
41606,92,86,6,6
41607,127,134,-7,7
41608,64,79,-15,15
41609,86,82,4,4
41610,83,85,-2,2
41611,86,98,-12,12
41612,110,111,-1,1
41613,128,140,-12,12
41614,152,147,5,5
41615,106,114,-8,8
41616,71,79,-8,8
41617,70,84,-14,14
41618,71,76,-5,5
41619,80,94,-14,14
41620,10,35,-25,25
41621,95,92,3,3
41622,88,89,-1,1
41623,55,54,1,1
41624,96,88,8,8
41625,114,106,8,8
41626,113,109,4,4
41627,115,112,3,3
41628,50,61,-11,11
41629,130,134,-4,4
41630,130,130,0,0
41631,85,89,-4,4
41632,72,77,-5,5
41633,177,169,8,8
41634,90,102,-12,12
41635,131,143,-12,12
41636,68,79,-11,11
41637,46,60,-14,14
41638,96,103,-7,7
41639,161,152,9,9
41640,60,68,-8,8
41641,73,84,-11,11
41642,50,61,-11,11
41643,60,61,-1,1
41644,122,122,0,0
41645,136,129,7,7
41646,90,89,1,1
41647,131,130,1,1
41648,95,97,-2,2
41649,66,75,-9,9
41650,105,119,-14,14
41651,82,85,-3,3
41652,107,109,-2,2
41653,61,66,-5,5
41654,136,126,10,10
41655,128,140,-12,12
41656,66,79,-13,13
41657,125,126,-1,1
41658,69,74,-5,5
41659,68,85,-17,17
41660,84,88,-4,4
41661,47,62,-15,15
41662,77,84,-7,7
41663,113,109,4,4
41664,155,157,-2,2
41665,88,99,-11,11
41666,76,79,-3,3
41667,104,146,-42,42
41668,43,55,-12,12
41669,69,78,-9,9
41670,94,108,-14,14
41671,121,122,-1,1
41672,178,171,7,7
41673,69,72,-3,3
41674,113,123,-10,10
41675,118,118,0,0
41676,86,89,-3,3
41677,71,78,-7,7
41678,112,114,-2,2
41679,114,109,5,5
41680,68,71,-3,3
41681,75,79,-4,4
41682,103,102,1,1
41683,71,78,-7,7
41684,57,64,-7,7
41685,88,92,-4,4
41686,165,156,9,9
41687,79,92,-13,13
41688,133,138,-5,5
41689,125,119,6,6
41690,91,113,-22,22
41691,117,121,-4,4
41692,108,106,2,2
41693,101,106,-5,5
41694,61,69,-8,8
41695,170,161,9,9
41696,152,148,4,4
41697,86,92,-6,6
41698,89,92,-3,3
41699,137,133,4,4
41700,107,110,-3,3
41701,145,136,9,9
41702,152,160,-8,8
41703,89,84,5,5
41704,81,82,-1,1
41705,102,109,-7,7
41706,85,96,-11,11
41707,70,77,-7,7
41708,85,90,-5,5
41709,105,104,1,1
41710,79,79,0,0
41711,55,71,-16,16
41712,94,94,0,0
41713,49,64,-15,15
41714,42,54,-12,12
41715,302,218,84,84
41716,116,112,4,4
41717,68,75,-7,7
41718,81,89,-8,8
41719,98,114,-16,16
41720,120,115,5,5
41721,135,139,-4,4
41722,85,96,-11,11
41723,76,84,-8,8
41724,125,124,1,1
41725,26,37,-11,11
41726,111,97,14,14
41727,152,141,11,11
41728,85,88,-3,3
41729,99,105,-6,6
41730,98,112,-14,14
41731,99,101,-2,2
41732,81,84,-3,3
41733,98,115,-17,17
41734,101,93,8,8
41735,64,73,-9,9
41736,185,181,4,4
41737,97,98,-1,1
41738,93,105,-12,12
41739,65,73,-8,8
41740,89,94,-5,5
41741,53,64,-11,11
41742,96,98,-2,2
41743,133,131,2,2
41744,149,134,15,15
41745,155,148,7,7
41746,86,88,-2,2
41747,64,69,-5,5
41748,133,129,4,4
41749,119,135,-16,16
41750,70,82,-12,12
41751,57,63,-6,6
41752,56,69,-13,13
41753,55,62,-7,7
41754,57,67,-10,10
41755,106,111,-5,5
41756,85,100,-15,15
41757,80,89,-9,9
41758,71,90,-19,19
41759,79,99,-20,20
41760,72,85,-13,13
41761,67,69,-2,2
41762,200,192,8,8
41763,55,66,-11,11
41764,103,106,-3,3
41765,80,84,-4,4
41766,113,117,-4,4
41767,34,75,-41,41
41768,77,84,-7,7
41769,145,146,-1,1
41770,143,150,-7,7
41771,100,101,-1,1
41772,53,76,-23,23
41773,61,94,-33,33
41774,109,118,-9,9
41775,86,80,6,6
41776,72,81,-9,9
41777,86,96,-10,10
41778,115,131,-16,16
41779,74,85,-11,11
41780,85,89,-4,4
41781,97,100,-3,3
41782,111,109,2,2
41783,63,83,-20,20
41784,104,110,-6,6
41785,101,103,-2,2
41786,110,110,0,0
41787,72,84,-12,12
41788,128,129,-1,1
41789,74,93,-19,19
41790,108,104,4,4
41791,110,111,-1,1
41792,68,73,-5,5
41793,41,54,-13,13
41794,153,160,-7,7
41795,115,124,-9,9
41796,58,71,-13,13
41797,45,72,-27,27
41798,92,92,0,0
41799,57,67,-10,10
41800,125,116,9,9
41801,82,93,-11,11
41802,61,71,-10,10
41803,148,138,10,10
41804,72,76,-4,4
41805,108,116,-8,8
41806,97,111,-14,14
41807,134,125,9,9
41808,50,57,-7,7
41809,66,73,-7,7
41810,61,64,-3,3
41811,91,91,0,0
41812,133,131,2,2
41813,131,119,12,12
41814,67,82,-15,15
41815,112,112,0,0
41816,100,118,-18,18
41817,193,181,12,12
41818,90,91,-1,1
41819,77,84,-7,7
41820,80,86,-6,6
41821,117,119,-2,2
41822,87,96,-9,9
41823,64,75,-11,11
41824,61,70,-9,9
41825,120,130,-10,10
41826,119,119,0,0
41827,137,132,5,5
41828,54,62,-8,8
41829,162,147,15,15
41830,152,165,-13,13
41831,69,71,-2,2
41832,80,88,-8,8
41833,92,96,-4,4
41834,96,93,3,3
41835,107,115,-8,8
41836,71,80,-9,9
41837,83,94,-11,11
41838,89,99,-10,10
41839,121,119,2,2
41840,81,87,-6,6
41841,112,121,-9,9
41842,147,137,10,10
41843,62,70,-8,8
41844,129,127,2,2
41845,74,85,-11,11
41846,168,147,21,21
41847,47,55,-8,8
41848,128,135,-7,7
41849,49,64,-15,15
41850,56,65,-9,9
41851,89,86,3,3
41852,67,74,-7,7
41853,68,82,-14,14
41854,114,120,-6,6
41855,137,152,-15,15
41856,122,122,0,0
41857,74,82,-8,8
41858,67,73,-6,6
41859,129,128,1,1
41860,139,142,-3,3
41861,62,72,-10,10
41862,100,104,-4,4
41863,88,89,-1,1
41864,64,74,-10,10
41865,92,90,2,2
41866,119,138,-19,19
41867,81,87,-6,6
41868,59,65,-6,6
41869,106,107,-1,1
41870,94,85,9,9
41871,112,106,6,6
41872,80,89,-9,9
41873,101,114,-13,13
41874,135,131,4,4
41875,135,130,5,5
41876,104,101,3,3
41877,85,88,-3,3
41878,176,171,5,5
41879,79,85,-6,6
41880,69,73,-4,4
41881,41,49,-8,8
41882,47,55,-8,8
41883,67,76,-9,9
41884,69,82,-13,13
41885,51,60,-9,9
41886,73,91,-18,18
41887,108,106,2,2
41888,47,51,-4,4
41889,120,135,-15,15
41890,117,114,3,3
41891,91,106,-15,15
41892,110,120,-10,10
41893,82,81,1,1
41894,97,100,-3,3
41895,92,96,-4,4
41896,72,77,-5,5
41897,74,72,2,2
41898,80,99,-19,19
41899,49,55,-6,6
41900,133,129,4,4
41901,85,90,-5,5
41902,116,118,-2,2
41903,72,71,1,1
41904,125,124,1,1
41905,91,96,-5,5
41906,103,104,-1,1
41907,110,111,-1,1
41908,102,110,-8,8
41909,111,107,4,4
41910,50,69,-19,19
41911,50,58,-8,8
41912,106,110,-4,4
41913,79,84,-5,5
41914,138,128,10,10
41915,110,123,-13,13
41916,59,70,-11,11
41917,72,80,-8,8
41918,190,172,18,18
41919,93,94,-1,1
41920,47,54,-7,7
41921,46,65,-19,19
41922,135,133,2,2
41923,56,74,-18,18
41924,67,73,-6,6
41925,101,106,-5,5
41926,78,82,-4,4
41927,61,78,-17,17
41928,43,61,-18,18
41929,142,147,-5,5
41930,88,99,-11,11
41931,119,121,-2,2
41932,146,132,14,14
41933,93,99,-6,6
41934,109,117,-8,8
41935,105,111,-6,6
41936,98,107,-9,9
41937,75,77,-2,2
41938,78,88,-10,10
41939,101,115,-14,14
41940,88,109,-21,21
41941,133,141,-8,8
41942,66,75,-9,9
41943,101,103,-2,2
41944,94,100,-6,6
41945,86,91,-5,5
41946,95,93,2,2
41947,96,107,-11,11
41948,83,87,-4,4
41949,119,106,13,13
41950,116,122,-6,6
41951,92,94,-2,2
41952,89,101,-12,12
41953,215,222,-7,7
41954,96,101,-5,5
41955,138,132,6,6
41956,73,79,-6,6
41957,72,83,-11,11
41958,83,98,-15,15
41959,119,118,1,1
41960,83,87,-4,4
41961,140,132,8,8
41962,164,152,12,12
41963,105,102,3,3
41964,109,96,13,13
41965,100,99,1,1
41966,95,101,-6,6
41967,85,83,2,2
41968,83,89,-6,6
41969,148,144,4,4
41970,95,104,-9,9
41971,110,132,-22,22
41972,104,120,-16,16
41973,125,142,-17,17
41974,110,128,-18,18
41975,109,111,-2,2
41976,87,88,-1,1
41977,166,165,1,1
41978,68,86,-18,18
41979,104,96,8,8
41980,127,109,18,18
41981,60,70,-10,10
41982,106,100,6,6
41983,58,68,-10,10
41984,59,64,-5,5
41985,98,102,-4,4
41986,150,156,-6,6
41987,107,118,-11,11
41988,75,87,-12,12
41989,95,102,-7,7
41990,82,90,-8,8
41991,101,94,7,7
41992,63,76,-13,13
41993,81,74,7,7
41994,60,69,-9,9
41995,121,121,0,0
41996,110,105,5,5
41997,73,84,-11,11
41998,62,76,-14,14
41999,66,76,-10,10
42000,87,96,-9,9
42001,130,145,-15,15
42002,84,94,-10,10
42003,142,147,-5,5
42004,61,69,-8,8
42005,109,110,-1,1
42006,147,140,7,7
42007,37,65,-28,28
42008,246,197,49,49
42009,61,73,-12,12
42010,111,113,-2,2
42011,92,97,-5,5
42012,133,147,-14,14
42013,161,149,12,12
42014,128,136,-8,8
42015,73,72,1,1
42016,115,117,-2,2
42017,159,154,5,5
42018,75,79,-4,4
42019,85,103,-18,18
42020,79,86,-7,7
42021,103,104,-1,1
42022,109,109,0,0
42023,89,94,-5,5
42024,158,160,-2,2
42025,86,95,-9,9
42026,114,108,6,6
42027,145,142,3,3
42028,83,84,-1,1
42029,142,145,-3,3
42030,48,63,-15,15
42031,69,79,-10,10
42032,90,108,-18,18
42033,152,141,11,11
42034,72,85,-13,13
42035,93,99,-6,6
42036,59,69,-10,10
42037,142,142,0,0
42038,95,91,4,4
42039,152,139,13,13
42040,87,92,-5,5
42041,79,72,7,7
42042,80,86,-6,6
42043,89,98,-9,9
42044,74,78,-4,4
42045,78,81,-3,3
42046,100,104,-4,4
42047,92,101,-9,9
42048,135,138,-3,3
42049,112,117,-5,5
42050,109,118,-9,9
42051,86,83,3,3
42052,80,83,-3,3
42053,92,110,-18,18
42054,93,103,-10,10
42055,111,117,-6,6
42056,64,71,-7,7
42057,96,85,11,11
42058,79,100,-21,21
42059,148,163,-15,15
42060,74,90,-16,16
42061,91,88,3,3
42062,85,88,-3,3
42063,104,104,0,0
42064,132,137,-5,5
42065,75,90,-15,15
42066,175,178,-3,3
42067,77,76,1,1
42068,92,97,-5,5
42069,150,144,6,6
42070,35,23,12,12
42071,79,81,-2,2
42072,57,71,-14,14
42073,70,65,5,5
42074,117,135,-18,18
42075,84,86,-2,2
42076,51,84,-33,33
42077,88,97,-9,9
42078,83,88,-5,5
42079,89,86,3,3
42080,79,86,-7,7
42081,76,85,-9,9
42082,50,65,-15,15
42083,102,101,1,1
42084,111,131,-20,20
42085,82,93,-11,11
42086,114,126,-12,12
42087,99,97,2,2
42088,111,109,2,2
42089,99,109,-10,10
42090,68,71,-3,3
42091,159,145,14,14
42092,78,86,-8,8
42093,43,61,-18,18
42094,64,73,-9,9
42095,77,90,-13,13
42096,38,55,-17,17
42097,39,49,-10,10
42098,87,101,-14,14
42099,89,88,1,1
42100,101,104,-3,3
42101,115,115,0,0
42102,101,101,0,0
42103,52,68,-16,16
42104,68,78,-10,10
42105,57,71,-14,14
42106,97,95,2,2
42107,80,92,-12,12
42108,95,103,-8,8
42109,155,147,8,8
42110,74,83,-9,9
42111,104,103,1,1
42112,63,77,-14,14
42113,28,45,-17,17
42114,96,95,1,1
42115,104,112,-8,8
42116,118,116,2,2
42117,81,80,1,1
42118,58,67,-9,9
42119,85,97,-12,12
42120,59,73,-14,14
42121,91,111,-20,20
42122,120,117,3,3
42123,58,55,3,3
42124,89,84,5,5
42125,101,107,-6,6
42126,89,93,-4,4
42127,68,71,-3,3
42128,122,115,7,7
42129,71,86,-15,15
42130,71,78,-7,7
42131,75,104,-29,29
42132,130,140,-10,10
42133,103,95,8,8
42134,114,116,-2,2
42135,145,144,1,1
42136,108,106,2,2
42137,102,109,-7,7
42138,107,107,0,0
42139,97,99,-2,2
42140,94,90,4,4
42141,70,78,-8,8
42142,91,97,-6,6
42143,92,102,-10,10
42144,60,73,-13,13
42145,83,90,-7,7
42146,92,90,2,2
42147,106,114,-8,8
42148,47,66,-19,19
42149,72,77,-5,5
42150,137,133,4,4
42151,69,81,-12,12
42152,69,68,1,1
42153,123,123,0,0
42154,77,88,-11,11
42155,74,73,1,1
42156,144,150,-6,6
42157,132,132,0,0
42158,109,110,-1,1
42159,93,99,-6,6
42160,56,63,-7,7
42161,125,122,3,3
42162,54,70,-16,16
42163,127,120,7,7
42164,96,100,-4,4
42165,106,100,6,6
42166,98,103,-5,5
42167,97,100,-3,3
42168,65,72,-7,7
42169,91,89,2,2
42170,90,98,-8,8
42171,135,127,8,8
42172,109,122,-13,13
42173,101,105,-4,4
42174,80,87,-7,7
42175,105,113,-8,8
42176,64,70,-6,6
42177,155,156,-1,1
42178,119,123,-4,4
42179,76,74,2,2
42180,122,119,3,3
42181,59,68,-9,9
42182,63,71,-8,8
42183,92,102,-10,10
42184,101,104,-3,3
42185,100,101,-1,1
42186,88,101,-13,13
42187,98,99,-1,1
42188,153,140,13,13
42189,92,93,-1,1
42190,76,76,0,0
42191,110,108,2,2
42192,86,95,-9,9
42193,130,130,0,0
42194,126,128,-2,2
42195,78,77,1,1
42196,77,86,-9,9
42197,104,112,-8,8
42198,126,136,-10,10
42199,79,82,-3,3
42200,117,129,-12,12
42201,45,58,-13,13
42202,100,107,-7,7
42203,83,80,3,3
42204,134,135,-1,1
42205,83,85,-2,2
42206,90,104,-14,14
42207,86,95,-9,9
42208,89,93,-4,4
42209,60,74,-14,14
42210,78,85,-7,7
42211,120,129,-9,9
42212,72,81,-9,9
42213,104,111,-7,7
42214,188,175,13,13
42215,93,96,-3,3
42216,159,147,12,12
42217,80,85,-5,5
42218,96,108,-12,12
42219,114,123,-9,9
42220,113,121,-8,8
42221,62,78,-16,16
42222,140,141,-1,1
42223,157,148,9,9
42224,61,75,-14,14
42225,95,109,-14,14
42226,130,136,-6,6
42227,134,142,-8,8
42228,84,93,-9,9
42229,83,86,-3,3
42230,96,104,-8,8
42231,85,85,0,0
42232,117,127,-10,10
42233,49,59,-10,10
42234,55,62,-7,7
42235,116,103,13,13
42236,65,75,-10,10
42237,86,90,-4,4
42238,58,80,-22,22
42239,55,71,-16,16
42240,109,107,2,2
42241,109,104,5,5
42242,115,117,-2,2
42243,131,114,17,17
42244,79,87,-8,8
42245,74,84,-10,10
42246,114,115,-1,1
42247,125,118,7,7
42248,90,89,1,1
42249,81,87,-6,6
42250,109,107,2,2
42251,90,91,-1,1
42252,58,62,-4,4
42253,67,76,-9,9
42254,88,85,3,3
42255,71,94,-23,23
42256,118,131,-13,13
42257,109,114,-5,5
42258,75,101,-26,26
42259,38,50,-12,12
42260,173,165,8,8
42261,153,156,-3,3
42262,66,67,-1,1
42263,58,69,-11,11
42264,44,57,-13,13
42265,86,85,1,1
42266,100,102,-2,2
42267,86,96,-10,10
42268,106,109,-3,3
42269,80,84,-4,4
42270,84,86,-2,2
42271,76,80,-4,4
42272,96,96,0,0
42273,90,96,-6,6
42274,116,127,-11,11
42275,196,170,26,26
42276,103,105,-2,2
42277,95,108,-13,13
42278,68,74,-6,6
42279,96,91,5,5
42280,109,107,2,2
42281,86,93,-7,7
42282,174,175,-1,1
42283,78,89,-11,11
42284,47,60,-13,13
42285,96,98,-2,2
42286,92,95,-3,3
42287,79,76,3,3
42288,85,89,-4,4
42289,113,120,-7,7
42290,96,102,-6,6
42291,80,84,-4,4
42292,43,51,-8,8
42293,93,108,-15,15
42294,63,77,-14,14
42295,96,95,1,1
42296,103,107,-4,4
42297,53,68,-15,15
42298,99,98,1,1
42299,79,89,-10,10
42300,70,75,-5,5
42301,106,101,5,5
42302,104,144,-40,40
42303,141,145,-4,4
42304,99,92,7,7
42305,96,96,0,0
42306,55,60,-5,5
42307,99,103,-4,4
42308,116,121,-5,5
42309,64,97,-33,33
42310,152,139,13,13
42311,63,73,-10,10
42312,78,79,-1,1
42313,123,141,-18,18
42314,126,126,0,0
42315,79,78,1,1
42316,92,82,10,10
42317,94,105,-11,11
42318,200,189,11,11
42319,157,156,1,1
42320,80,84,-4,4
42321,57,66,-9,9
42322,141,140,1,1
42323,60,72,-12,12
42324,85,88,-3,3
42325,54,59,-5,5
42326,159,167,-8,8
42327,150,140,10,10
42328,87,88,-1,1
42329,47,72,-25,25
42330,96,103,-7,7
42331,82,87,-5,5
42332,74,76,-2,2
42333,120,126,-6,6
42334,109,95,14,14
42335,86,94,-8,8
42336,129,127,2,2
42337,196,187,9,9
42338,178,165,13,13
42339,105,103,2,2
42340,61,74,-13,13
42341,67,76,-9,9
42342,109,113,-4,4
42343,111,129,-18,18
42344,52,75,-23,23
42345,89,87,2,2
42346,71,90,-19,19
42347,111,113,-2,2
42348,40,44,-4,4
42349,79,91,-12,12
42350,99,98,1,1
42351,96,100,-4,4
42352,63,67,-4,4
42353,103,127,-24,24
42354,97,115,-18,18
42355,90,96,-6,6
42356,119,110,9,9
42357,176,165,11,11
42358,97,103,-6,6
42359,131,147,-16,16
42360,86,83,3,3
42361,77,80,-3,3
42362,84,88,-4,4
42363,70,77,-7,7
42364,109,112,-3,3
42365,121,120,1,1
42366,125,140,-15,15
42367,150,130,20,20
42368,103,104,-1,1
42369,151,137,14,14
42370,58,69,-11,11
42371,64,68,-4,4
42372,122,127,-5,5
42373,104,102,2,2
42374,92,90,2,2
42375,100,105,-5,5
42376,142,132,10,10
42377,93,91,2,2
42378,120,116,4,4
42379,75,86,-11,11
42380,106,110,-4,4
42381,60,81,-21,21
42382,83,90,-7,7
42383,98,103,-5,5
42384,56,55,1,1
42385,37,49,-12,12
42386,97,92,5,5
42387,152,148,4,4
42388,97,96,1,1
42389,76,78,-2,2
42390,80,96,-16,16
42391,56,66,-10,10
42392,108,101,7,7
42393,128,109,19,19
42394,117,116,1,1
42395,103,105,-2,2
42396,31,49,-18,18
42397,84,84,0,0
42398,92,101,-9,9
42399,115,130,-15,15
42400,128,134,-6,6
42401,128,127,1,1
42402,75,88,-13,13
42403,72,83,-11,11
42404,95,95,0,0
42405,56,66,-10,10
42406,83,100,-17,17
42407,97,107,-10,10
42408,109,104,5,5
42409,126,122,4,4
42410,135,143,-8,8
42411,75,84,-9,9
42412,73,79,-6,6
42413,89,96,-7,7
42414,94,100,-6,6
42415,81,86,-5,5
42416,78,84,-6,6
42417,79,79,0,0
42418,78,84,-6,6
42419,105,114,-9,9
42420,112,115,-3,3
42421,75,75,0,0
42422,98,101,-3,3
42423,94,97,-3,3
42424,56,73,-17,17
42425,92,90,2,2
42426,68,75,-7,7
42427,104,109,-5,5
42428,144,130,14,14
42429,50,65,-15,15
42430,51,63,-12,12
42431,61,80,-19,19
42432,83,95,-12,12
42433,28,48,-20,20
42434,99,105,-6,6
42435,83,93,-10,10
42436,162,150,12,12
42437,104,105,-1,1
42438,88,96,-8,8
42439,95,96,-1,1
42440,116,111,5,5
42441,144,138,6,6
42442,69,62,7,7
42443,102,116,-14,14
42444,116,119,-3,3
42445,61,71,-10,10
42446,108,116,-8,8
42447,55,64,-9,9
42448,142,139,3,3
42449,156,150,6,6
42450,129,121,8,8
42451,180,168,12,12
42452,111,122,-11,11
42453,179,177,2,2
42454,89,106,-17,17
42455,114,113,1,1
42456,96,96,0,0
42457,117,123,-6,6
42458,64,74,-10,10
42459,57,65,-8,8
42460,54,66,-12,12
42461,95,93,2,2
42462,89,77,12,12
42463,109,104,5,5
42464,76,84,-8,8
42465,67,73,-6,6
42466,65,73,-8,8
42467,76,91,-15,15
42468,92,95,-3,3
42469,92,95,-3,3
42470,74,77,-3,3
42471,92,91,1,1
42472,80,80,0,0
42473,89,96,-7,7
42474,43,54,-11,11
42475,69,79,-10,10
42476,88,95,-7,7
42477,84,97,-13,13
42478,115,122,-7,7
42479,56,62,-6,6
42480,95,108,-13,13
42481,80,100,-20,20
42482,80,85,-5,5
42483,98,100,-2,2
42484,49,59,-10,10
42485,91,91,0,0
42486,64,74,-10,10
42487,53,69,-16,16
42488,85,82,3,3
42489,98,100,-2,2
42490,100,97,3,3
42491,69,77,-8,8
42492,48,62,-14,14
42493,105,101,4,4
42494,163,148,15,15
42495,150,149,1,1
42496,85,93,-8,8
42497,128,132,-4,4
42498,99,108,-9,9
42499,103,102,1,1
42500,128,119,9,9
42501,107,116,-9,9
42502,55,72,-17,17
42503,84,100,-16,16
42504,90,102,-12,12
42505,90,102,-12,12
42506,72,77,-5,5
42507,91,98,-7,7
42508,87,99,-12,12
42509,84,75,9,9
42510,42,54,-12,12
42511,65,73,-8,8
42512,131,133,-2,2
42513,48,67,-19,19
42514,109,106,3,3
42515,85,95,-10,10
42516,66,68,-2,2
42517,83,93,-10,10
42518,46,55,-9,9
42519,141,136,5,5
42520,59,73,-14,14
42521,87,91,-4,4
42522,84,98,-14,14
42523,86,98,-12,12
42524,127,122,5,5
42525,111,123,-12,12
42526,102,111,-9,9
42527,65,75,-10,10
42528,70,75,-5,5
42529,61,76,-15,15
42530,104,106,-2,2
42531,111,111,0,0
42532,202,181,21,21
42533,100,97,3,3
42534,136,139,-3,3
42535,35,50,-15,15
42536,40,49,-9,9
42537,115,114,1,1
42538,116,113,3,3
42539,72,74,-2,2
42540,108,112,-4,4
42541,106,125,-19,19
42542,62,75,-13,13
42543,127,122,5,5
42544,94,96,-2,2
42545,89,88,1,1
42546,70,78,-8,8
42547,72,85,-13,13
42548,98,91,7,7
42549,96,97,-1,1
42550,108,115,-7,7
42551,142,126,16,16
42552,77,84,-7,7
42553,67,75,-8,8
42554,81,93,-12,12
42555,54,62,-8,8
42556,124,129,-5,5
42557,110,120,-10,10
42558,101,104,-3,3
42559,86,97,-11,11
42560,117,118,-1,1
42561,111,110,1,1
42562,136,130,6,6
42563,78,82,-4,4
42564,62,83,-21,21
42565,231,216,15,15
42566,180,183,-3,3
42567,91,95,-4,4
42568,134,138,-4,4
42569,80,85,-5,5
42570,100,105,-5,5
42571,123,123,0,0
42572,109,113,-4,4
42573,70,77,-7,7
42574,57,65,-8,8
42575,148,145,3,3
42576,76,78,-2,2
42577,70,79,-9,9
42578,82,92,-10,10
42579,102,112,-10,10
42580,198,193,5,5
42581,56,64,-8,8
42582,94,100,-6,6
42583,97,105,-8,8
42584,103,99,4,4
42585,81,84,-3,3
42586,102,103,-1,1
42587,85,91,-6,6
42588,165,149,16,16
42589,50,63,-13,13
42590,124,128,-4,4
42591,101,105,-4,4
42592,79,83,-4,4
42593,138,145,-7,7
42594,191,147,44,44
42595,162,159,3,3
42596,126,121,5,5
42597,103,108,-5,5
42598,49,62,-13,13
42599,113,119,-6,6
42600,100,100,0,0
42601,118,119,-1,1
42602,117,130,-13,13
42603,84,90,-6,6
42604,110,105,5,5
42605,128,119,9,9
42606,105,110,-5,5
42607,59,61,-2,2
42608,91,97,-6,6
42609,68,69,-1,1
42610,72,87,-15,15
42611,135,136,-1,1
42612,79,105,-26,26
42613,107,112,-5,5
42614,30,49,-19,19
42615,70,79,-9,9
42616,105,107,-2,2
42617,92,98,-6,6
42618,177,171,6,6
42619,84,93,-9,9
42620,67,84,-17,17
42621,150,132,18,18
42622,65,93,-28,28
42623,69,80,-11,11
42624,94,99,-5,5
42625,87,82,5,5
42626,73,89,-16,16
42627,70,83,-13,13
42628,93,91,2,2
42629,110,109,1,1
42630,87,82,5,5
42631,109,112,-3,3
42632,71,83,-12,12
42633,103,113,-10,10
42634,152,144,8,8
42635,70,81,-11,11
42636,125,112,13,13
42637,91,100,-9,9
42638,172,168,4,4
42639,60,75,-15,15
42640,99,132,-33,33
42641,61,68,-7,7
42642,91,95,-4,4
42643,94,93,1,1
42644,135,130,5,5
42645,43,62,-19,19
42646,83,94,-11,11
42647,93,98,-5,5
42648,116,118,-2,2
42649,131,114,17,17
42650,140,152,-12,12
42651,101,112,-11,11
42652,160,152,8,8
42653,157,142,15,15
42654,147,177,-30,30
42655,151,153,-2,2
42656,162,160,2,2
42657,52,105,-53,53
42658,77,80,-3,3
42659,86,91,-5,5
42660,86,96,-10,10
42661,91,89,2,2
42662,118,113,5,5
42663,103,100,3,3
42664,103,107,-4,4
42665,74,82,-8,8
42666,119,118,1,1
42667,89,91,-2,2
42668,107,108,-1,1
42669,109,147,-38,38
42670,85,97,-12,12
42671,70,75,-5,5
42672,86,88,-2,2
42673,105,112,-7,7
42674,98,106,-8,8
42675,75,82,-7,7
42676,50,66,-16,16
42677,67,74,-7,7
42678,76,80,-4,4
42679,80,79,1,1
42680,124,131,-7,7
42681,60,76,-16,16
42682,73,77,-4,4
42683,52,59,-7,7
42684,102,105,-3,3
42685,29,37,-8,8
42686,66,80,-14,14
42687,80,78,2,2
42688,76,80,-4,4
42689,107,110,-3,3
42690,68,67,1,1
42691,129,119,10,10
42692,51,56,-5,5
42693,131,137,-6,6
42694,73,82,-9,9
42695,157,152,5,5
42696,96,105,-9,9
42697,19,57,-38,38
42698,109,105,4,4
42699,67,78,-11,11
42700,132,134,-2,2
42701,156,131,25,25
42702,85,100,-15,15
42703,90,94,-4,4
42704,85,88,-3,3
42705,44,62,-18,18
42706,150,143,7,7
42707,65,74,-9,9
42708,91,108,-17,17
42709,63,85,-22,22
42710,80,90,-10,10
42711,163,167,-4,4
42712,110,105,5,5
42713,100,106,-6,6
42714,89,88,1,1
42715,51,60,-9,9
42716,97,109,-12,12
42717,82,90,-8,8
42718,85,88,-3,3
42719,73,85,-12,12
42720,80,82,-2,2
42721,50,67,-17,17
42722,81,81,0,0
42723,68,75,-7,7
42724,76,83,-7,7
42725,75,77,-2,2
42726,82,97,-15,15
42727,78,87,-9,9
42728,53,76,-23,23
42729,55,65,-10,10
42730,41,52,-11,11
42731,95,103,-8,8
42732,55,62,-7,7
42733,99,124,-25,25
42734,64,79,-15,15
42735,93,110,-17,17
42736,61,66,-5,5
42737,95,98,-3,3
42738,116,122,-6,6
42739,83,79,4,4
42740,82,81,1,1
42741,137,122,15,15
42742,69,81,-12,12
42743,69,70,-1,1
42744,60,61,-1,1
42745,81,93,-12,12
42746,128,132,-4,4
42747,78,80,-2,2
42748,79,90,-11,11
42749,74,86,-12,12
42750,69,77,-8,8
42751,140,135,5,5
42752,108,120,-12,12
42753,61,66,-5,5
42754,142,143,-1,1
42755,42,48,-6,6
42756,68,71,-3,3
42757,74,80,-6,6
42758,94,99,-5,5
42759,164,161,3,3
42760,77,81,-4,4
42761,94,92,2,2
42762,192,194,-2,2
42763,121,125,-4,4
42764,61,68,-7,7
42765,120,128,-8,8
42766,103,106,-3,3
42767,89,90,-1,1
42768,100,98,2,2
42769,97,94,3,3
42770,64,75,-11,11
42771,165,164,1,1
42772,74,79,-5,5
42773,65,75,-10,10
42774,39,57,-18,18
42775,183,170,13,13
42776,82,90,-8,8
42777,111,110,1,1
42778,150,139,11,11
42779,89,86,3,3
42780,116,117,-1,1
42781,106,109,-3,3
42782,129,135,-6,6
42783,59,70,-11,11
42784,161,140,21,21
42785,108,128,-20,20
42786,63,81,-18,18
42787,114,114,0,0
42788,80,89,-9,9
42789,81,89,-8,8
42790,72,74,-2,2
42791,99,98,1,1
42792,98,89,9,9
42793,111,103,8,8
42794,120,116,4,4
42795,119,120,-1,1
42796,69,80,-11,11
42797,137,131,6,6
42798,130,133,-3,3
42799,106,98,8,8
42800,58,68,-10,10
42801,144,142,2,2
42802,117,122,-5,5
42803,146,157,-11,11
42804,137,136,1,1
42805,116,125,-9,9
42806,86,87,-1,1
42807,89,92,-3,3
42808,107,106,1,1
42809,108,115,-7,7
42810,109,105,4,4
42811,53,64,-11,11
42812,79,77,2,2
42813,59,71,-12,12
42814,84,87,-3,3
42815,156,144,12,12
42816,121,123,-2,2
42817,66,75,-9,9
42818,74,77,-3,3
42819,47,126,-79,79
42820,106,106,0,0
42821,98,95,3,3
42822,68,69,-1,1
42823,58,73,-15,15
42824,86,94,-8,8
42825,87,97,-10,10
42826,85,97,-12,12
42827,143,138,5,5
42828,168,150,18,18
42829,63,78,-15,15
42830,72,123,-51,51
42831,170,183,-13,13
42832,139,150,-11,11
42833,104,115,-11,11
42834,66,66,0,0
42835,78,83,-5,5
42836,66,68,-2,2
42837,78,80,-2,2
42838,178,161,17,17
42839,176,170,6,6
42840,77,77,0,0
42841,51,59,-8,8
42842,112,99,13,13
42843,110,132,-22,22
42844,140,148,-8,8
42845,120,116,4,4
42846,88,93,-5,5
42847,85,97,-12,12
42848,166,154,12,12
42849,71,81,-10,10
42850,112,127,-15,15
42851,73,75,-2,2
42852,80,85,-5,5
42853,113,132,-19,19
42854,62,70,-8,8
42855,94,75,19,19
42856,145,149,-4,4
42857,131,141,-10,10
42858,103,104,-1,1
42859,98,107,-9,9
42860,84,85,-1,1
42861,133,128,5,5
42862,144,138,6,6
42863,141,135,6,6
42864,119,111,8,8
42865,87,92,-5,5
42866,79,86,-7,7
42867,63,76,-13,13
42868,89,103,-14,14
42869,38,50,-12,12
42870,99,110,-11,11
42871,114,109,5,5
42872,129,117,12,12
42873,155,153,2,2
42874,87,83,4,4
42875,70,74,-4,4
42876,112,109,3,3
42877,137,131,6,6
42878,92,91,1,1
42879,145,142,3,3
42880,154,140,14,14
42881,130,127,3,3
42882,45,56,-11,11
42883,63,68,-5,5
42884,58,62,-4,4
42885,96,105,-9,9
42886,102,105,-3,3
42887,118,129,-11,11
42888,119,121,-2,2
42889,75,81,-6,6
42890,115,120,-5,5
42891,94,98,-4,4
42892,108,109,-1,1
42893,101,101,0,0
42894,136,137,-1,1
42895,110,116,-6,6
42896,127,129,-2,2
42897,94,88,6,6
42898,124,113,11,11
42899,68,76,-8,8
42900,128,122,6,6
42901,138,139,-1,1
42902,83,90,-7,7
42903,125,111,14,14
42904,63,71,-8,8
42905,133,114,19,19
42906,77,82,-5,5
42907,94,98,-4,4
42908,116,108,8,8
42909,93,99,-6,6
42910,84,92,-8,8
42911,125,125,0,0
42912,123,130,-7,7
42913,92,95,-3,3
42914,155,151,4,4
42915,86,171,-85,85
42916,75,81,-6,6
42917,74,85,-11,11
42918,78,86,-8,8
42919,96,92,4,4
42920,113,123,-10,10
42921,139,163,-24,24
42922,95,93,2,2
42923,83,87,-4,4
42924,128,135,-7,7
42925,102,108,-6,6
42926,124,142,-18,18
42927,71,79,-8,8
42928,63,72,-9,9
42929,71,78,-7,7
42930,131,139,-8,8
42931,115,138,-23,23
42932,91,93,-2,2
42933,92,103,-11,11
42934,59,62,-3,3
42935,138,139,-1,1
42936,71,75,-4,4
42937,53,62,-9,9
42938,103,107,-4,4
42939,85,85,0,0
42940,92,99,-7,7
42941,109,124,-15,15
42942,74,89,-15,15
42943,100,103,-3,3
42944,111,111,0,0
42945,112,115,-3,3
42946,112,109,3,3
42947,31,47,-16,16
42948,57,75,-18,18
42949,194,178,16,16
42950,75,83,-8,8
42951,119,124,-5,5
42952,106,107,-1,1
42953,89,86,3,3
42954,75,77,-2,2
42955,77,87,-10,10
42956,68,79,-11,11
42957,48,56,-8,8
42958,53,62,-9,9
42959,91,94,-3,3
42960,90,107,-17,17
42961,57,72,-15,15
42962,81,86,-5,5
42963,113,114,-1,1
42964,89,93,-4,4
42965,74,77,-3,3
42966,89,90,-1,1
42967,73,87,-14,14
42968,54,55,-1,1
42969,77,88,-11,11
42970,108,99,9,9
42971,59,72,-13,13
42972,218,201,17,17
42973,118,131,-13,13
42974,86,98,-12,12
42975,153,148,5,5
42976,123,125,-2,2
42977,117,122,-5,5
42978,51,52,-1,1
42979,77,82,-5,5
42980,59,64,-5,5
42981,69,83,-14,14
42982,67,81,-14,14
42983,83,85,-2,2
42984,137,128,9,9
42985,96,93,3,3
42986,68,76,-8,8
42987,91,103,-12,12
42988,81,92,-11,11
42989,79,73,6,6
42990,50,59,-9,9
42991,78,84,-6,6
42992,32,47,-15,15
42993,64,69,-5,5
42994,80,92,-12,12
42995,99,108,-9,9
42996,131,144,-13,13
42997,48,58,-10,10
42998,77,77,0,0
42999,128,132,-4,4
43000,120,125,-5,5
43001,55,66,-11,11
43002,79,77,2,2
43003,85,87,-2,2
43004,148,137,11,11
43005,136,137,-1,1
43006,111,127,-16,16
43007,105,134,-29,29
43008,93,97,-4,4
43009,79,81,-2,2
43010,87,91,-4,4
43011,69,79,-10,10
43012,109,107,2,2
43013,156,150,6,6
43014,106,114,-8,8
43015,105,111,-6,6
43016,42,48,-6,6
43017,84,86,-2,2
43018,15,42,-27,27
43019,89,101,-12,12
43020,179,175,4,4
43021,65,74,-9,9
43022,108,118,-10,10
43023,40,54,-14,14
43024,89,87,2,2
43025,138,131,7,7
43026,134,149,-15,15
43027,102,101,1,1
43028,103,108,-5,5
43029,143,131,12,12
43030,65,78,-13,13
43031,74,78,-4,4
43032,116,113,3,3
43033,79,86,-7,7
43034,74,83,-9,9
43035,91,77,14,14
43036,99,100,-1,1
43037,64,67,-3,3
43038,120,117,3,3
43039,103,97,6,6
43040,90,91,-1,1
43041,51,59,-8,8
43042,96,93,3,3
43043,77,80,-3,3
43044,142,146,-4,4
43045,77,72,5,5
43046,90,92,-2,2
43047,141,139,2,2
43048,85,94,-9,9
43049,98,96,2,2
43050,146,143,3,3
43051,120,116,4,4
43052,107,116,-9,9
43053,97,106,-9,9
43054,125,132,-7,7
43055,81,92,-11,11
43056,99,109,-10,10
43057,90,102,-12,12
43058,53,59,-6,6
43059,88,84,4,4
43060,70,72,-2,2
43061,57,81,-24,24
43062,77,79,-2,2
43063,51,72,-21,21
43064,110,113,-3,3
43065,72,81,-9,9
43066,101,105,-4,4
43067,177,161,16,16
43068,153,143,10,10
43069,157,156,1,1
43070,67,75,-8,8
43071,63,70,-7,7
43072,208,184,24,24
43073,84,88,-4,4
43074,69,77,-8,8
43075,110,100,10,10
43076,85,77,8,8
43077,37,47,-10,10
43078,142,122,20,20
43079,82,96,-14,14
43080,81,92,-11,11
43081,94,99,-5,5
43082,143,145,-2,2
43083,118,115,3,3
43084,86,101,-15,15
43085,76,87,-11,11
43086,73,70,3,3
43087,131,122,9,9
43088,53,69,-16,16
43089,66,72,-6,6
43090,101,109,-8,8
43091,115,115,0,0
43092,136,133,3,3
43093,61,91,-30,30
43094,86,93,-7,7
43095,71,86,-15,15
43096,81,86,-5,5
43097,69,85,-16,16
43098,36,54,-18,18
43099,157,153,4,4
43100,57,66,-9,9
43101,73,72,1,1
43102,185,164,21,21
43103,62,63,-1,1
43104,123,125,-2,2
43105,65,72,-7,7
43106,73,76,-3,3
43107,98,99,-1,1
43108,101,98,3,3
43109,104,106,-2,2
43110,83,89,-6,6
43111,58,69,-11,11
43112,85,89,-4,4
43113,55,64,-9,9
43114,80,81,-1,1
43115,66,70,-4,4
43116,83,83,0,0
43117,107,117,-10,10
43118,104,102,2,2
43119,44,58,-14,14
43120,63,80,-17,17
43121,85,85,0,0
43122,133,129,4,4
43123,59,65,-6,6
43124,130,108,22,22
43125,74,81,-7,7
43126,62,67,-5,5
43127,109,103,6,6
43128,71,80,-9,9
43129,55,96,-41,41
43130,142,142,0,0
43131,117,126,-9,9
43132,110,107,3,3
43133,35,60,-25,25
43134,85,95,-10,10
43135,63,66,-3,3
43136,79,95,-16,16
43137,101,99,2,2
43138,73,83,-10,10
43139,150,161,-11,11
43140,164,146,18,18
43141,121,124,-3,3
43142,56,67,-11,11
43143,82,92,-10,10
43144,115,137,-22,22
43145,103,99,4,4
43146,80,82,-2,2
43147,90,98,-8,8
43148,103,103,0,0
43149,122,128,-6,6
43150,113,120,-7,7
43151,62,77,-15,15
43152,120,124,-4,4
43153,94,105,-11,11
43154,93,95,-2,2
43155,52,63,-11,11
43156,89,87,2,2
43157,72,68,4,4
43158,65,64,1,1
43159,92,92,0,0
43160,59,70,-11,11
43161,86,112,-26,26
43162,119,111,8,8
43163,64,73,-9,9
43164,142,120,22,22
43165,80,87,-7,7
43166,68,76,-8,8
43167,85,90,-5,5
43168,69,75,-6,6
43169,157,154,3,3
43170,120,112,8,8
43171,135,132,3,3
43172,72,74,-2,2
43173,99,94,5,5
43174,88,97,-9,9
43175,101,103,-2,2
43176,72,81,-9,9
43177,166,171,-5,5
43178,49,58,-9,9
43179,89,91,-2,2
43180,113,107,6,6
43181,113,113,0,0
43182,85,95,-10,10
43183,67,82,-15,15
43184,89,95,-6,6
43185,63,73,-10,10
43186,52,92,-40,40
43187,127,123,4,4
43188,106,106,0,0
43189,120,107,13,13
43190,97,119,-22,22
43191,57,69,-12,12
43192,68,78,-10,10
43193,105,108,-3,3
43194,106,112,-6,6
43195,133,137,-4,4
43196,63,78,-15,15
43197,58,66,-8,8
43198,106,113,-7,7
43199,103,101,2,2
43200,71,79,-8,8
43201,103,108,-5,5
43202,42,50,-8,8
43203,91,92,-1,1
43204,103,113,-10,10
43205,90,95,-5,5
43206,103,111,-8,8
43207,111,107,4,4
43208,132,123,9,9
43209,115,114,1,1
43210,121,127,-6,6
43211,122,118,4,4
43212,132,127,5,5
43213,32,55,-23,23
43214,110,105,5,5
43215,87,102,-15,15
43216,135,133,2,2
43217,102,105,-3,3
43218,82,90,-8,8
43219,131,125,6,6
43220,102,107,-5,5
43221,52,60,-8,8
43222,100,114,-14,14
43223,100,99,1,1
43224,90,102,-12,12
43225,85,94,-9,9
43226,61,69,-8,8
43227,154,167,-13,13
43228,137,128,9,9
43229,107,102,5,5
43230,98,100,-2,2
43231,92,93,-1,1
43232,191,171,20,20
43233,113,123,-10,10
43234,104,112,-8,8
43235,62,68,-6,6
43236,80,84,-4,4
43237,50,58,-8,8
43238,100,91,9,9
43239,126,133,-7,7
43240,113,109,4,4
43241,69,76,-7,7
43242,62,66,-4,4
43243,52,78,-26,26
43244,118,119,-1,1
43245,59,71,-12,12
43246,40,53,-13,13
43247,93,98,-5,5
43248,105,116,-11,11
43249,127,119,8,8
43250,84,98,-14,14
43251,93,107,-14,14
43252,121,130,-9,9
43253,94,102,-8,8
43254,64,75,-11,11
43255,109,106,3,3
43256,123,136,-13,13
43257,130,127,3,3
43258,138,137,1,1
43259,67,76,-9,9
43260,99,105,-6,6
43261,84,86,-2,2
43262,112,126,-14,14
43263,103,107,-4,4
43264,60,66,-6,6
43265,90,117,-27,27
43266,131,138,-7,7
43267,47,56,-9,9
43268,90,90,0,0
43269,81,88,-7,7
43270,84,86,-2,2
43271,81,87,-6,6
43272,105,114,-9,9
43273,67,77,-10,10
43274,86,92,-6,6
43275,140,144,-4,4
43276,78,79,-1,1
43277,96,97,-1,1
43278,102,111,-9,9
43279,43,55,-12,12
43280,71,87,-16,16
43281,91,102,-11,11
43282,84,88,-4,4
43283,125,124,1,1
43284,50,73,-23,23
43285,90,99,-9,9
43286,68,70,-2,2
43287,129,127,2,2
43288,133,141,-8,8
43289,72,98,-26,26
43290,150,148,2,2
43291,179,163,16,16
43292,96,99,-3,3
43293,72,77,-5,5
43294,178,156,22,22
43295,89,95,-6,6
43296,129,121,8,8
43297,84,87,-3,3
43298,87,87,0,0
43299,82,81,1,1
43300,82,96,-14,14
43301,91,93,-2,2
43302,112,118,-6,6
43303,88,97,-9,9
43304,100,110,-10,10
43305,164,157,7,7
43306,89,99,-10,10
43307,72,86,-14,14
43308,111,119,-8,8
43309,123,132,-9,9
43310,163,148,15,15
43311,65,77,-12,12
43312,130,142,-12,12
43313,145,144,1,1
43314,92,99,-7,7
43315,50,66,-16,16
43316,73,95,-22,22
43317,57,67,-10,10
43318,89,83,6,6
43319,82,88,-6,6
43320,67,72,-5,5
43321,91,104,-13,13
43322,112,114,-2,2
43323,73,80,-7,7
43324,64,71,-7,7
43325,119,136,-17,17
43326,61,61,0,0
43327,26,43,-17,17
43328,67,75,-8,8
43329,178,165,13,13
43330,97,90,7,7
43331,132,117,15,15
43332,121,127,-6,6
43333,143,124,19,19
43334,92,103,-11,11
43335,78,85,-7,7
43336,99,109,-10,10
43337,68,70,-2,2
43338,61,67,-6,6
43339,139,144,-5,5
43340,162,161,1,1
43341,86,89,-3,3
43342,106,104,2,2
43343,48,54,-6,6
43344,125,123,2,2
43345,123,123,0,0
43346,117,116,1,1
43347,229,196,33,33
43348,83,91,-8,8
43349,72,118,-46,46
43350,130,131,-1,1
43351,49,58,-9,9
43352,124,129,-5,5
43353,123,129,-6,6
43354,127,136,-9,9
43355,78,85,-7,7
43356,87,114,-27,27
43357,129,119,10,10
43358,97,96,1,1
43359,129,146,-17,17
43360,69,80,-11,11
43361,84,91,-7,7
43362,122,115,7,7
43363,158,145,13,13
43364,77,89,-12,12
43365,86,104,-18,18
43366,100,110,-10,10
43367,93,102,-9,9
43368,117,117,0,0
43369,139,131,8,8
43370,100,97,3,3
43371,162,152,10,10
43372,68,77,-9,9
43373,68,77,-9,9
43374,85,83,2,2
43375,105,103,2,2
43376,174,158,16,16
43377,85,92,-7,7
43378,108,104,4,4
43379,67,75,-8,8
43380,115,116,-1,1
43381,63,70,-7,7
43382,107,106,1,1
43383,99,108,-9,9
43384,52,62,-10,10
43385,87,90,-3,3
43386,125,104,21,21
43387,64,65,-1,1
43388,101,109,-8,8
43389,118,120,-2,2
43390,129,130,-1,1
43391,100,109,-9,9
43392,71,71,0,0
43393,70,82,-12,12
43394,70,84,-14,14
43395,101,89,12,12
43396,71,80,-9,9
43397,70,75,-5,5
43398,115,114,1,1
43399,56,63,-7,7
43400,106,112,-6,6
43401,125,128,-3,3
43402,104,104,0,0
43403,84,89,-5,5
43404,64,74,-10,10
43405,82,91,-9,9
43406,99,113,-14,14
43407,167,167,0,0
43408,107,107,0,0
43409,91,94,-3,3
43410,83,92,-9,9
43411,89,84,5,5
43412,92,96,-4,4
43413,114,111,3,3
43414,126,111,15,15
43415,133,133,0,0
43416,51,63,-12,12
43417,87,86,1,1
43418,67,71,-4,4
43419,67,73,-6,6
43420,142,131,11,11
43421,139,134,5,5
43422,125,115,10,10
43423,81,81,0,0
43424,210,190,20,20
43425,113,115,-2,2
43426,57,77,-20,20
43427,94,99,-5,5
43428,121,104,17,17
43429,107,111,-4,4
43430,38,57,-19,19
43431,81,91,-10,10
43432,126,116,10,10
43433,248,240,8,8
43434,92,94,-2,2
43435,153,147,6,6
43436,127,131,-4,4
43437,45,58,-13,13
43438,81,113,-32,32
43439,164,162,2,2
43440,140,151,-11,11
43441,114,116,-2,2
43442,115,119,-4,4
43443,87,88,-1,1
43444,57,65,-8,8
43445,51,55,-4,4
43446,95,113,-18,18
43447,33,45,-12,12
43448,128,126,2,2
43449,101,102,-1,1
43450,75,84,-9,9
43451,138,141,-3,3
43452,136,127,9,9
43453,63,92,-29,29
43454,80,71,9,9
43455,90,109,-19,19
43456,47,56,-9,9
43457,96,100,-4,4
43458,62,67,-5,5
43459,98,98,0,0
43460,140,141,-1,1
43461,84,82,2,2
43462,143,148,-5,5
43463,84,92,-8,8
43464,151,159,-8,8
43465,87,82,5,5
43466,107,117,-10,10
43467,118,113,5,5
43468,60,72,-12,12
43469,82,90,-8,8
43470,167,160,7,7
43471,110,103,7,7
43472,98,103,-5,5
43473,83,90,-7,7
43474,76,81,-5,5
43475,93,94,-1,1
43476,102,105,-3,3
43477,76,74,2,2
43478,76,87,-11,11
43479,115,115,0,0
43480,77,86,-9,9
43481,98,101,-3,3
43482,149,145,4,4
43483,78,83,-5,5
43484,119,129,-10,10
43485,121,118,3,3
43486,46,83,-37,37
43487,67,81,-14,14
43488,129,126,3,3
43489,114,122,-8,8
43490,73,80,-7,7
43491,118,122,-4,4
43492,90,98,-8,8
43493,165,163,2,2
43494,147,149,-2,2
43495,52,56,-4,4
43496,111,123,-12,12
43497,160,145,15,15
43498,88,101,-13,13
43499,105,109,-4,4
43500,105,97,8,8
43501,90,97,-7,7
43502,120,126,-6,6
43503,89,82,7,7
43504,79,87,-8,8
43505,82,96,-14,14
43506,122,127,-5,5
43507,96,99,-3,3
43508,48,62,-14,14
43509,70,72,-2,2
43510,65,79,-14,14
43511,78,86,-8,8
43512,133,139,-6,6
43513,48,58,-10,10
43514,90,93,-3,3
43515,54,65,-11,11
43516,104,99,5,5
43517,91,87,4,4
43518,112,115,-3,3
43519,63,74,-11,11
43520,113,117,-4,4
43521,99,93,6,6
43522,100,103,-3,3
43523,69,75,-6,6
43524,122,121,1,1
43525,84,89,-5,5
43526,119,113,6,6
43527,103,100,3,3
43528,91,109,-18,18
43529,55,66,-11,11
43530,64,75,-11,11
43531,87,87,0,0
43532,220,209,11,11
43533,85,95,-10,10
43534,63,75,-12,12
43535,64,72,-8,8
43536,109,121,-12,12
43537,80,83,-3,3
43538,91,93,-2,2
43539,146,150,-4,4
43540,125,129,-4,4
43541,130,139,-9,9
43542,127,143,-16,16
43543,113,105,8,8
43544,125,127,-2,2
43545,84,91,-7,7
43546,111,113,-2,2
43547,138,132,6,6
43548,47,57,-10,10
43549,75,88,-13,13
43550,98,115,-17,17
43551,163,154,9,9
43552,140,130,10,10
43553,50,54,-4,4
43554,77,82,-5,5
43555,64,64,0,0
43556,76,80,-4,4
43557,108,110,-2,2
43558,53,57,-4,4
43559,65,79,-14,14
43560,197,189,8,8
43561,182,170,12,12
43562,71,75,-4,4
43563,134,118,16,16
43564,126,119,7,7
43565,54,66,-12,12
43566,132,140,-8,8
43567,86,86,0,0
43568,106,112,-6,6
43569,53,68,-15,15
43570,87,94,-7,7
43571,80,86,-6,6
43572,150,156,-6,6
43573,49,59,-10,10
43574,137,111,26,26
43575,51,60,-9,9
43576,90,89,1,1
43577,125,126,-1,1
43578,110,118,-8,8
43579,112,120,-8,8
43580,51,62,-11,11
43581,105,99,6,6
43582,110,118,-8,8
43583,93,101,-8,8
43584,169,162,7,7
43585,97,86,11,11
43586,97,87,10,10
43587,89,99,-10,10
43588,75,80,-5,5
43589,119,120,-1,1
43590,93,100,-7,7
43591,53,67,-14,14
43592,121,111,10,10
43593,61,83,-22,22
43594,98,110,-12,12
43595,92,98,-6,6
43596,63,67,-4,4
43597,101,95,6,6
43598,180,170,10,10
43599,70,78,-8,8
43600,66,76,-10,10
43601,121,194,-73,73
43602,100,104,-4,4
43603,151,150,1,1
43604,44,69,-25,25
43605,93,98,-5,5
43606,79,78,1,1
43607,133,123,10,10
43608,51,60,-9,9
43609,111,116,-5,5
43610,83,89,-6,6
43611,93,104,-11,11
43612,78,73,5,5
43613,75,80,-5,5
43614,133,135,-2,2
43615,128,118,10,10
43616,98,108,-10,10
43617,137,124,13,13
43618,79,90,-11,11
43619,90,92,-2,2
43620,62,75,-13,13
43621,170,171,-1,1
43622,123,126,-3,3
43623,57,71,-14,14
43624,87,103,-16,16
43625,35,56,-21,21
43626,76,92,-16,16
43627,95,88,7,7
43628,63,80,-17,17
43629,74,80,-6,6
43630,125,135,-10,10
43631,115,121,-6,6
43632,63,70,-7,7
43633,141,138,3,3
43634,78,82,-4,4
43635,71,78,-7,7
43636,90,92,-2,2
43637,235,226,9,9
43638,118,114,4,4
43639,65,78,-13,13
43640,98,96,2,2
43641,97,111,-14,14
43642,48,65,-17,17
43643,110,119,-9,9
43644,96,99,-3,3
43645,119,120,-1,1
43646,141,142,-1,1
43647,80,87,-7,7
43648,88,117,-29,29
43649,93,97,-4,4
43650,141,141,0,0
43651,59,87,-28,28
43652,98,101,-3,3
43653,66,84,-18,18
43654,91,96,-5,5
43655,90,94,-4,4
43656,111,114,-3,3
43657,96,100,-4,4
43658,103,102,1,1
43659,59,63,-4,4
43660,68,78,-10,10
43661,73,77,-4,4
43662,60,73,-13,13
43663,75,95,-20,20
43664,65,76,-11,11
43665,91,98,-7,7
43666,53,69,-16,16
43667,97,105,-8,8
43668,66,71,-5,5
43669,94,103,-9,9
43670,97,99,-2,2
43671,81,84,-3,3
43672,134,132,2,2
43673,96,106,-10,10
43674,115,122,-7,7
43675,51,78,-27,27
43676,75,84,-9,9
43677,157,147,10,10
43678,86,92,-6,6
43679,147,152,-5,5
43680,85,90,-5,5
43681,88,99,-11,11
43682,46,55,-9,9
43683,119,122,-3,3
43684,109,108,1,1
43685,142,146,-4,4
43686,95,99,-4,4
43687,93,106,-13,13
43688,79,84,-5,5
43689,142,141,1,1
43690,83,93,-10,10
43691,93,96,-3,3
43692,149,116,33,33
43693,114,107,7,7
43694,99,94,5,5
43695,125,133,-8,8
43696,116,113,3,3
43697,131,139,-8,8
43698,103,99,4,4
43699,79,80,-1,1
43700,171,168,3,3
43701,69,82,-13,13
43702,78,93,-15,15
43703,67,85,-18,18
43704,82,87,-5,5
43705,110,127,-17,17
43706,171,161,10,10
43707,46,53,-7,7
43708,60,68,-8,8
43709,179,166,13,13
43710,68,80,-12,12
43711,66,71,-5,5
43712,67,74,-7,7
43713,87,109,-22,22
43714,61,70,-9,9
43715,61,71,-10,10
43716,122,130,-8,8
43717,96,98,-2,2
43718,106,99,7,7
43719,54,61,-7,7
43720,76,83,-7,7
43721,111,119,-8,8
43722,44,53,-9,9
43723,163,163,0,0
43724,71,70,1,1
43725,74,81,-7,7
43726,97,105,-8,8
43727,134,132,2,2
43728,82,80,2,2
43729,79,103,-24,24
43730,138,128,10,10
43731,82,102,-20,20
43732,152,152,0,0
43733,111,121,-10,10
43734,123,118,5,5
43735,77,77,0,0
43736,146,140,6,6
43737,82,85,-3,3
43738,69,79,-10,10
43739,91,105,-14,14
43740,166,154,12,12
43741,53,63,-10,10
43742,71,77,-6,6
43743,84,88,-4,4
43744,68,80,-12,12
43745,94,107,-13,13
43746,101,132,-31,31
43747,106,106,0,0
43748,93,92,1,1
43749,69,78,-9,9
43750,136,129,7,7
43751,90,94,-4,4
43752,87,82,5,5
43753,64,66,-2,2
43754,62,105,-43,43
43755,77,90,-13,13
43756,47,68,-21,21
43757,122,123,-1,1
43758,67,74,-7,7
43759,87,101,-14,14
43760,84,82,2,2
43761,68,79,-11,11
43762,60,71,-11,11
43763,75,82,-7,7
43764,90,90,0,0
43765,69,89,-20,20
43766,77,80,-3,3
43767,82,85,-3,3
43768,127,129,-2,2
43769,58,66,-8,8
43770,151,143,8,8
43771,125,140,-15,15
43772,114,116,-2,2
43773,106,114,-8,8
43774,85,93,-8,8
43775,92,97,-5,5
43776,70,74,-4,4
43777,124,129,-5,5
43778,97,107,-10,10
43779,71,82,-11,11
43780,146,146,0,0
43781,93,99,-6,6
43782,91,89,2,2
43783,63,70,-7,7
43784,60,67,-7,7
43785,84,108,-24,24
43786,192,196,-4,4
43787,93,90,3,3
43788,133,126,7,7
43789,95,99,-4,4
43790,65,69,-4,4
43791,81,95,-14,14
43792,107,116,-9,9
43793,131,123,8,8
43794,130,138,-8,8
43795,68,72,-4,4
43796,77,84,-7,7
43797,112,122,-10,10
43798,67,81,-14,14
43799,91,93,-2,2
43800,90,91,-1,1
43801,125,128,-3,3
43802,69,73,-4,4
43803,106,111,-5,5
43804,110,105,5,5
43805,65,69,-4,4
43806,87,91,-4,4
43807,60,61,-1,1
43808,91,91,0,0
43809,153,142,11,11
43810,95,98,-3,3
43811,150,144,6,6
43812,61,75,-14,14
43813,169,179,-10,10
43814,76,82,-6,6
43815,93,98,-5,5
43816,75,77,-2,2
43817,76,89,-13,13
43818,85,107,-22,22
43819,63,76,-13,13
43820,86,94,-8,8
43821,111,113,-2,2
43822,81,84,-3,3
43823,225,167,58,58
43824,49,58,-9,9
43825,90,96,-6,6
43826,67,74,-7,7
43827,109,117,-8,8
43828,103,101,2,2
43829,73,76,-3,3
43830,137,140,-3,3
43831,93,103,-10,10
43832,68,74,-6,6
43833,82,104,-22,22
43834,66,80,-14,14
43835,110,103,7,7
43836,170,175,-5,5
43837,104,105,-1,1
43838,73,84,-11,11
43839,137,132,5,5
43840,55,60,-5,5
43841,52,67,-15,15
43842,95,93,2,2
43843,48,58,-10,10
43844,67,83,-16,16
43845,64,71,-7,7
43846,71,79,-8,8
43847,77,81,-4,4
43848,66,67,-1,1
43849,78,82,-4,4
43850,71,81,-10,10
43851,117,122,-5,5
43852,83,82,1,1
43853,43,58,-15,15
43854,100,100,0,0
43855,50,64,-14,14
43856,140,143,-3,3
43857,86,109,-23,23
43858,63,69,-6,6
43859,91,95,-4,4
43860,113,114,-1,1
43861,63,71,-8,8
43862,61,66,-5,5
43863,78,93,-15,15
43864,34,57,-23,23
43865,90,109,-19,19
43866,47,51,-4,4
43867,64,77,-13,13
43868,58,73,-15,15
43869,116,124,-8,8
43870,117,119,-2,2
43871,84,97,-13,13
43872,105,113,-8,8
43873,86,93,-7,7
43874,68,66,2,2
43875,131,141,-10,10
43876,77,88,-11,11
43877,76,76,0,0
43878,117,111,6,6
43879,97,98,-1,1
43880,123,123,0,0
43881,98,105,-7,7
43882,71,75,-4,4
43883,127,129,-2,2
43884,56,61,-5,5
43885,122,114,8,8
43886,49,63,-14,14
43887,60,71,-11,11
43888,115,112,3,3
43889,78,88,-10,10
43890,46,59,-13,13
43891,119,121,-2,2
43892,129,148,-19,19
43893,66,71,-5,5
43894,142,144,-2,2
43895,79,82,-3,3
43896,71,84,-13,13
43897,144,143,1,1
43898,106,112,-6,6
43899,77,86,-9,9
43900,74,87,-13,13
43901,69,76,-7,7
43902,88,88,0,0
43903,59,66,-7,7
43904,123,119,4,4
43905,54,63,-9,9
43906,43,55,-12,12
43907,155,143,12,12
43908,68,76,-8,8
43909,131,137,-6,6
43910,146,141,5,5
43911,102,93,9,9
43912,80,90,-10,10
43913,57,72,-15,15
43914,81,87,-6,6
43915,104,122,-18,18
43916,39,47,-8,8
43917,78,88,-10,10
43918,112,116,-4,4
43919,44,90,-46,46
43920,79,83,-4,4
43921,132,131,1,1
43922,117,135,-18,18
43923,80,91,-11,11
43924,88,87,1,1
43925,61,66,-5,5
43926,57,58,-1,1
43927,123,127,-4,4
43928,60,72,-12,12
43929,113,113,0,0
43930,64,78,-14,14
43931,101,99,2,2
43932,143,142,1,1
43933,71,83,-12,12
43934,80,79,1,1
43935,70,72,-2,2
43936,45,57,-12,12
43937,44,59,-15,15
43938,92,92,0,0
43939,67,79,-12,12
43940,63,62,1,1
43941,139,135,4,4
43942,127,121,6,6
43943,69,72,-3,3
43944,136,131,5,5
43945,109,123,-14,14
43946,120,121,-1,1
43947,63,69,-6,6
43948,50,60,-10,10
43949,97,96,1,1
43950,103,98,5,5
43951,89,92,-3,3
43952,85,84,1,1
43953,173,169,4,4
43954,128,130,-2,2
43955,171,172,-1,1
43956,49,57,-8,8
43957,99,94,5,5
43958,129,142,-13,13
43959,85,97,-12,12
43960,102,103,-1,1
43961,124,126,-2,2
43962,122,116,6,6
43963,137,142,-5,5
43964,89,98,-9,9
43965,51,58,-7,7
43966,81,105,-24,24
43967,88,87,1,1
43968,76,85,-9,9
43969,111,123,-12,12
43970,86,92,-6,6
43971,131,132,-1,1
43972,23,41,-18,18
43973,109,110,-1,1
43974,84,90,-6,6
43975,101,107,-6,6
43976,139,141,-2,2
43977,58,79,-21,21
43978,71,80,-9,9
43979,95,90,5,5
43980,70,75,-5,5
43981,65,76,-11,11
43982,95,95,0,0
43983,109,106,3,3
43984,57,66,-9,9
43985,103,105,-2,2
43986,184,165,19,19
43987,80,84,-4,4
43988,103,107,-4,4
43989,94,129,-35,35
43990,62,68,-6,6
43991,110,95,15,15
43992,109,113,-4,4
43993,47,58,-11,11
43994,107,118,-11,11
43995,184,165,19,19
43996,122,140,-18,18
43997,155,159,-4,4
43998,66,79,-13,13
43999,63,68,-5,5
44000,104,122,-18,18
44001,100,96,4,4
44002,82,107,-25,25
44003,162,162,0,0
44004,122,128,-6,6
44005,78,136,-58,58
44006,71,73,-2,2
44007,131,117,14,14
44008,113,111,2,2
44009,84,94,-10,10
44010,65,71,-6,6
44011,81,91,-10,10
44012,93,88,5,5
44013,67,75,-8,8
44014,148,134,14,14
44015,72,86,-14,14
44016,106,102,4,4
44017,79,95,-16,16
44018,113,118,-5,5
44019,66,71,-5,5
44020,68,73,-5,5
44021,63,68,-5,5
44022,81,103,-22,22
44023,117,117,0,0
44024,70,112,-42,42
44025,78,82,-4,4
44026,165,173,-8,8
44027,40,49,-9,9
44028,85,96,-11,11
44029,73,113,-40,40
44030,104,107,-3,3
44031,129,122,7,7
44032,116,113,3,3
44033,115,114,1,1
44034,82,85,-3,3
44035,84,93,-9,9
44036,82,92,-10,10
44037,29,70,-41,41
44038,64,80,-16,16
44039,66,65,1,1
44040,114,114,0,0
44041,146,135,11,11
44042,65,69,-4,4
44043,42,49,-7,7
44044,157,161,-4,4
44045,89,94,-5,5
44046,116,134,-18,18
44047,54,61,-7,7
44048,77,82,-5,5
44049,79,88,-9,9
44050,137,138,-1,1
44051,67,72,-5,5
44052,105,120,-15,15
44053,149,122,27,27
44054,57,69,-12,12
44055,104,121,-17,17
44056,89,102,-13,13
44057,82,94,-12,12
44058,106,128,-22,22
44059,191,182,9,9
44060,87,91,-4,4
44061,58,66,-8,8
44062,114,117,-3,3
44063,114,121,-7,7
44064,118,116,2,2
44065,159,153,6,6
44066,58,62,-4,4
44067,95,102,-7,7
44068,74,85,-11,11
44069,135,124,11,11
44070,134,139,-5,5
44071,87,88,-1,1
44072,130,122,8,8
44073,119,122,-3,3
44074,142,138,4,4
44075,152,150,2,2
44076,105,106,-1,1
44077,63,72,-9,9
44078,92,98,-6,6
44079,75,77,-2,2
44080,96,96,0,0
44081,75,72,3,3
44082,56,62,-6,6
44083,72,76,-4,4
44084,89,113,-24,24
44085,58,68,-10,10
44086,76,80,-4,4
44087,90,113,-23,23
44088,73,88,-15,15
44089,78,84,-6,6
44090,110,124,-14,14
44091,174,154,20,20
44092,104,96,8,8
44093,94,104,-10,10
44094,165,152,13,13
44095,107,105,2,2
44096,78,84,-6,6
44097,90,91,-1,1
44098,124,123,1,1
44099,129,120,9,9
44100,66,69,-3,3
44101,73,86,-13,13
44102,139,143,-4,4
44103,72,83,-11,11
44104,140,135,5,5
44105,93,101,-8,8
44106,135,133,2,2
44107,56,63,-7,7
44108,76,79,-3,3
44109,102,97,5,5
44110,102,111,-9,9
44111,130,127,3,3
44112,152,155,-3,3
44113,76,81,-5,5
44114,178,179,-1,1
44115,85,84,1,1
44116,78,79,-1,1
44117,97,119,-22,22
44118,113,123,-10,10
44119,81,94,-13,13
44120,65,82,-17,17
44121,42,58,-16,16
44122,72,88,-16,16
44123,115,117,-2,2
44124,80,92,-12,12
44125,39,48,-9,9
44126,85,88,-3,3
44127,101,98,3,3
44128,158,161,-3,3
44129,91,99,-8,8
44130,68,77,-9,9
44131,112,122,-10,10
44132,161,161,0,0
44133,147,155,-8,8
44134,63,71,-8,8
44135,60,83,-23,23
44136,84,89,-5,5
44137,112,118,-6,6
44138,129,125,4,4
44139,136,138,-2,2
44140,130,129,1,1
44141,74,81,-7,7
44142,111,115,-4,4
44143,118,122,-4,4
44144,60,64,-4,4
44145,59,75,-16,16
44146,90,97,-7,7
44147,72,82,-10,10
44148,118,123,-5,5
44149,63,69,-6,6
44150,91,93,-2,2
44151,106,116,-10,10
44152,89,94,-5,5
44153,111,116,-5,5
44154,131,135,-4,4
44155,85,96,-11,11
44156,97,104,-7,7
44157,41,55,-14,14
44158,104,113,-9,9
44159,137,144,-7,7
44160,110,109,1,1
44161,50,84,-34,34
44162,143,133,10,10
44163,110,113,-3,3
44164,79,89,-10,10
44165,79,87,-8,8
44166,71,84,-13,13
44167,116,123,-7,7
44168,89,91,-2,2
44169,85,97,-12,12
44170,62,75,-13,13
44171,105,100,5,5
44172,110,118,-8,8
44173,68,88,-20,20
44174,125,132,-7,7
44175,120,118,2,2
44176,118,120,-2,2
44177,63,68,-5,5
44178,42,54,-12,12
44179,49,60,-11,11
44180,96,102,-6,6
44181,107,114,-7,7
44182,108,121,-13,13
44183,94,99,-5,5
44184,89,92,-3,3
44185,117,119,-2,2
44186,120,127,-7,7
44187,71,78,-7,7
44188,71,81,-10,10
44189,58,73,-15,15
44190,90,107,-17,17
44191,118,116,2,2
44192,43,75,-32,32
44193,78,84,-6,6
44194,159,152,7,7
44195,99,116,-17,17
44196,92,101,-9,9
44197,148,140,8,8
44198,97,90,7,7
44199,84,96,-12,12
44200,45,54,-9,9
44201,63,74,-11,11
44202,117,113,4,4
44203,122,121,1,1
44204,115,114,1,1
44205,110,111,-1,1
44206,114,112,2,2
44207,71,79,-8,8
44208,132,143,-11,11
44209,73,77,-4,4
44210,137,132,5,5
44211,79,84,-5,5
44212,79,78,1,1
44213,106,110,-4,4
44214,99,96,3,3
44215,77,105,-28,28
44216,127,134,-7,7
44217,96,95,1,1
44218,66,70,-4,4
44219,63,71,-8,8
44220,95,103,-8,8
44221,97,100,-3,3
44222,42,49,-7,7
44223,60,56,4,4
44224,59,70,-11,11
44225,66,72,-6,6
44226,140,110,30,30
44227,64,75,-11,11
44228,72,77,-5,5
44229,85,85,0,0
44230,119,105,14,14
44231,99,97,2,2
44232,133,127,6,6
44233,75,85,-10,10
44234,66,74,-8,8
44235,102,102,0,0
44236,63,74,-11,11
44237,133,129,4,4
44238,144,142,2,2
44239,141,128,13,13
44240,97,104,-7,7
44241,90,102,-12,12
44242,124,130,-6,6
44243,123,127,-4,4
44244,191,177,14,14
44245,62,65,-3,3
44246,58,68,-10,10
44247,98,97,1,1
44248,113,115,-2,2
44249,107,102,5,5
44250,106,112,-6,6
44251,95,98,-3,3
44252,144,133,11,11
44253,50,58,-8,8
44254,195,172,23,23
44255,122,110,12,12
44256,97,89,8,8
44257,71,66,5,5
44258,153,147,6,6
44259,67,78,-11,11
44260,51,61,-10,10
44261,65,77,-12,12
44262,78,84,-6,6
44263,87,89,-2,2
44264,72,84,-12,12
44265,81,85,-4,4
44266,149,146,3,3
44267,119,111,8,8
44268,102,98,4,4
44269,93,97,-4,4
44270,116,120,-4,4
44271,125,125,0,0
44272,138,133,5,5
44273,75,88,-13,13
44274,100,103,-3,3
44275,107,100,7,7
44276,91,121,-30,30
44277,135,137,-2,2
44278,47,63,-16,16
44279,95,91,4,4
44280,88,104,-16,16
44281,71,74,-3,3
44282,110,128,-18,18
44283,108,111,-3,3
44284,49,68,-19,19
44285,48,60,-12,12
44286,93,96,-3,3
44287,94,98,-4,4
44288,140,140,0,0
44289,68,64,4,4
44290,79,93,-14,14
44291,147,147,0,0
44292,107,102,5,5
44293,77,82,-5,5
44294,87,95,-8,8
44295,183,181,2,2
44296,123,119,4,4
44297,143,139,4,4
44298,94,99,-5,5
44299,96,94,2,2
44300,85,98,-13,13
44301,112,117,-5,5
44302,82,89,-7,7
44303,103,106,-3,3
44304,98,103,-5,5
44305,104,116,-12,12
44306,81,82,-1,1
44307,57,65,-8,8
44308,113,129,-16,16
44309,80,86,-6,6
44310,117,119,-2,2
44311,68,68,0,0
44312,76,81,-5,5
44313,69,87,-18,18
44314,86,95,-9,9
44315,107,101,6,6
44316,63,68,-5,5
44317,127,130,-3,3
44318,87,90,-3,3
44319,82,89,-7,7
44320,92,92,0,0
44321,78,87,-9,9
44322,117,114,3,3
44323,93,111,-18,18
44324,116,120,-4,4
44325,51,64,-13,13
44326,80,82,-2,2
44327,126,134,-8,8
44328,48,70,-22,22
44329,183,181,2,2
44330,61,70,-9,9
44331,128,136,-8,8
44332,95,90,5,5
44333,107,99,8,8
44334,87,98,-11,11
44335,136,141,-5,5
44336,49,62,-13,13
44337,77,79,-2,2
44338,114,115,-1,1
44339,139,129,10,10
44340,90,96,-6,6
44341,164,177,-13,13
44342,124,137,-13,13
44343,115,121,-6,6
44344,111,107,4,4
44345,144,144,0,0
44346,72,85,-13,13
44347,121,119,2,2
44348,131,127,4,4
44349,99,111,-12,12
44350,55,71,-16,16
44351,125,121,4,4
44352,43,53,-10,10
44353,75,73,2,2
44354,71,75,-4,4
44355,62,72,-10,10
44356,86,89,-3,3
44357,78,84,-6,6
44358,101,105,-4,4
44359,81,88,-7,7
44360,144,138,6,6
44361,121,115,6,6
44362,84,90,-6,6
44363,91,91,0,0
44364,108,129,-21,21
44365,84,86,-2,2
44366,96,94,2,2
44367,130,133,-3,3
44368,53,61,-8,8
44369,111,123,-12,12
44370,65,63,2,2
44371,138,130,8,8
44372,39,47,-8,8
44373,54,67,-13,13
44374,48,54,-6,6
44375,62,67,-5,5
44376,110,116,-6,6
44377,88,95,-7,7
44378,92,91,1,1
44379,124,119,5,5
44380,86,90,-4,4
44381,89,101,-12,12
44382,96,108,-12,12
44383,50,61,-11,11
44384,92,90,2,2
44385,70,78,-8,8
44386,101,107,-6,6
44387,143,136,7,7
44388,128,144,-16,16
44389,83,90,-7,7
44390,59,69,-10,10
44391,131,128,3,3
44392,79,81,-2,2
44393,66,70,-4,4
44394,110,106,4,4
44395,99,103,-4,4
44396,100,110,-10,10
44397,92,99,-7,7
44398,115,110,5,5
44399,87,84,3,3
44400,105,103,2,2
44401,77,83,-6,6
44402,93,103,-10,10
44403,124,125,-1,1
44404,71,84,-13,13
44405,68,75,-7,7
44406,107,119,-12,12
44407,130,131,-1,1
44408,32,50,-18,18
44409,96,115,-19,19
44410,82,80,2,2
44411,73,76,-3,3
44412,57,87,-30,30
44413,60,70,-10,10
44414,61,78,-17,17
44415,127,116,11,11
44416,67,68,-1,1
44417,148,135,13,13
44418,111,114,-3,3
44419,119,116,3,3
44420,86,87,-1,1
44421,88,91,-3,3
44422,68,72,-4,4
44423,65,77,-12,12
44424,64,78,-14,14
44425,158,139,19,19
44426,144,134,10,10
44427,91,100,-9,9
44428,63,71,-8,8
44429,88,96,-8,8
44430,122,112,10,10
44431,51,67,-16,16
44432,124,136,-12,12
44433,118,108,10,10
44434,49,57,-8,8
44435,94,89,5,5
44436,69,75,-6,6
44437,168,160,8,8
44438,79,89,-10,10
44439,70,80,-10,10
44440,199,193,6,6
44441,43,58,-15,15
44442,85,94,-9,9
44443,51,59,-8,8
44444,135,128,7,7
44445,57,81,-24,24
44446,191,193,-2,2
44447,94,107,-13,13
44448,109,116,-7,7
44449,76,79,-3,3
44450,175,174,1,1
44451,126,133,-7,7
44452,143,139,4,4
44453,101,102,-1,1
44454,50,79,-29,29
44455,84,95,-11,11
44456,94,96,-2,2
44457,110,109,1,1
44458,170,149,21,21
44459,149,142,7,7
44460,94,102,-8,8
44461,102,110,-8,8
44462,118,136,-18,18
44463,112,119,-7,7
44464,108,111,-3,3
44465,58,69,-11,11
44466,39,114,-75,75
44467,112,111,1,1
44468,107,121,-14,14
44469,61,65,-4,4
44470,99,99,0,0
44471,62,79,-17,17
44472,119,113,6,6
44473,105,102,3,3
44474,93,88,5,5
44475,109,114,-5,5
44476,132,130,2,2
44477,83,113,-30,30
44478,46,59,-13,13
44479,170,160,10,10
44480,217,188,29,29
44481,119,121,-2,2
44482,140,157,-17,17
44483,106,107,-1,1
44484,100,103,-3,3
44485,61,68,-7,7
44486,111,134,-23,23
44487,117,106,11,11
44488,68,85,-17,17
44489,94,101,-7,7
44490,74,80,-6,6
44491,109,122,-13,13
44492,98,120,-22,22
44493,103,102,1,1
44494,78,96,-18,18
44495,80,86,-6,6
44496,83,90,-7,7
44497,76,88,-12,12
44498,110,111,-1,1
44499,152,145,7,7
44500,81,77,4,4
44501,133,139,-6,6
44502,66,70,-4,4
44503,102,103,-1,1
44504,102,103,-1,1
44505,53,61,-8,8
44506,139,140,-1,1
44507,133,129,4,4
44508,57,65,-8,8
44509,61,69,-8,8
44510,116,111,5,5
44511,97,98,-1,1
44512,187,165,22,22
44513,62,67,-5,5
44514,102,104,-2,2
44515,62,75,-13,13
44516,48,54,-6,6
44517,108,120,-12,12
44518,68,73,-5,5
44519,112,113,-1,1
44520,154,148,6,6
44521,76,85,-9,9
44522,110,121,-11,11
44523,89,99,-10,10
44524,128,125,3,3
44525,61,76,-15,15
44526,60,75,-15,15
44527,143,148,-5,5
44528,107,122,-15,15
44529,76,73,3,3
44530,79,87,-8,8
44531,65,70,-5,5
44532,104,113,-9,9
44533,145,144,1,1
44534,86,84,2,2
44535,83,88,-5,5
44536,88,106,-18,18
44537,178,166,12,12
44538,116,124,-8,8
44539,105,126,-21,21
44540,72,86,-14,14
44541,77,84,-7,7
44542,56,73,-17,17
44543,109,102,7,7
44544,45,53,-8,8
44545,106,105,1,1
44546,42,55,-13,13
44547,118,123,-5,5
44548,102,100,2,2
44549,47,80,-33,33
44550,70,80,-10,10
44551,103,107,-4,4
44552,123,130,-7,7
44553,170,172,-2,2
44554,124,137,-13,13
44555,98,108,-10,10
44556,57,76,-19,19
44557,122,132,-10,10
44558,59,67,-8,8
44559,107,105,2,2
44560,73,77,-4,4
44561,65,76,-11,11
44562,53,61,-8,8
44563,152,146,6,6
44564,81,83,-2,2
44565,87,91,-4,4
44566,77,79,-2,2
44567,129,138,-9,9
44568,165,161,4,4
44569,111,117,-6,6
44570,108,116,-8,8
44571,67,76,-9,9
44572,78,82,-4,4
44573,105,106,-1,1
44574,72,75,-3,3
44575,75,91,-16,16
44576,85,86,-1,1
44577,57,65,-8,8
44578,115,126,-11,11
44579,74,78,-4,4
44580,170,167,3,3
44581,90,102,-12,12
44582,85,93,-8,8
44583,65,77,-12,12
44584,45,54,-9,9
44585,160,145,15,15
44586,160,144,16,16
44587,99,105,-6,6
44588,62,81,-19,19
44589,121,129,-8,8
44590,129,128,1,1
44591,98,107,-9,9
44592,104,105,-1,1
44593,69,77,-8,8
44594,75,76,-1,1
44595,95,96,-1,1
44596,118,121,-3,3
44597,94,139,-45,45
44598,100,112,-12,12
44599,129,122,7,7
44600,118,117,1,1
44601,57,159,-102,102
44602,68,74,-6,6
44603,123,128,-5,5
44604,93,92,1,1
44605,53,70,-17,17
44606,92,96,-4,4
44607,78,84,-6,6
44608,175,151,24,24
44609,115,132,-17,17
44610,70,82,-12,12
44611,161,145,16,16
44612,61,69,-8,8
44613,64,68,-4,4
44614,86,94,-8,8
44615,84,90,-6,6
44616,152,125,27,27
44617,116,118,-2,2
44618,53,64,-11,11
44619,57,68,-11,11
44620,68,82,-14,14
44621,178,169,9,9
44622,93,95,-2,2
44623,120,116,4,4
44624,136,147,-11,11
44625,39,52,-13,13
44626,102,105,-3,3
44627,167,173,-6,6
44628,65,72,-7,7
44629,50,67,-17,17
44630,80,85,-5,5
44631,126,124,2,2
44632,67,72,-5,5
44633,59,74,-15,15
44634,116,116,0,0
44635,95,101,-6,6
44636,57,65,-8,8
44637,75,91,-16,16
44638,99,104,-5,5
44639,94,98,-4,4
44640,65,69,-4,4
44641,90,95,-5,5
44642,126,118,8,8
44643,86,100,-14,14
44644,103,107,-4,4
44645,92,108,-16,16
44646,120,120,0,0
44647,86,89,-3,3
44648,19,33,-14,14
44649,138,133,5,5
44650,86,92,-6,6
44651,126,123,3,3
44652,103,108,-5,5
44653,89,92,-3,3
44654,71,79,-8,8
44655,63,71,-8,8
44656,76,84,-8,8
44657,154,151,3,3
44658,64,70,-6,6
44659,73,79,-6,6
44660,61,69,-8,8
44661,57,74,-17,17
44662,142,147,-5,5
44663,193,182,11,11
44664,58,86,-28,28
44665,89,103,-14,14
44666,88,95,-7,7
44667,121,123,-2,2
44668,110,113,-3,3
44669,116,119,-3,3
44670,100,99,1,1
44671,62,67,-5,5
44672,100,112,-12,12
44673,146,131,15,15
44674,33,45,-12,12
44675,105,109,-4,4
44676,93,99,-6,6
44677,48,65,-17,17
44678,74,85,-11,11
44679,55,65,-10,10
44680,77,78,-1,1
44681,83,82,1,1
44682,162,153,9,9
44683,59,66,-7,7
44684,196,188,8,8
44685,95,94,1,1
44686,64,68,-4,4
44687,107,118,-11,11
44688,163,154,9,9
44689,78,81,-3,3
44690,66,79,-13,13
44691,62,78,-16,16
44692,109,104,5,5
44693,77,85,-8,8
44694,125,121,4,4
44695,103,102,1,1
44696,81,84,-3,3
44697,50,60,-10,10
44698,116,135,-19,19
44699,70,88,-18,18
44700,68,70,-2,2
44701,96,95,1,1
44702,155,139,16,16
44703,128,138,-10,10
44704,75,85,-10,10
44705,116,119,-3,3
44706,88,96,-8,8
44707,100,96,4,4
44708,73,81,-8,8
44709,140,144,-4,4
44710,106,107,-1,1
44711,87,95,-8,8
44712,78,95,-17,17
44713,92,96,-4,4
44714,109,107,2,2
44715,69,81,-12,12
44716,174,173,1,1
44717,60,67,-7,7
44718,61,65,-4,4
44719,59,71,-12,12
44720,124,123,1,1
44721,85,88,-3,3
44722,136,118,18,18
44723,118,124,-6,6
44724,81,90,-9,9
44725,80,88,-8,8
44726,69,73,-4,4
44727,60,72,-12,12
44728,63,72,-9,9
44729,46,53,-7,7
44730,61,68,-7,7
44731,65,84,-19,19
44732,104,114,-10,10
44733,144,139,5,5
44734,73,97,-24,24
44735,77,83,-6,6
44736,96,99,-3,3
44737,71,86,-15,15
44738,74,82,-8,8
44739,60,71,-11,11
44740,80,86,-6,6
44741,74,86,-12,12
44742,168,153,15,15
44743,145,139,6,6
44744,86,97,-11,11
44745,137,139,-2,2
44746,121,123,-2,2
44747,91,85,6,6
44748,68,77,-9,9
44749,78,75,3,3
44750,84,92,-8,8
44751,150,145,5,5
44752,103,95,8,8
44753,79,84,-5,5
44754,63,73,-10,10
44755,70,76,-6,6
44756,229,216,13,13
44757,130,143,-13,13
44758,81,92,-11,11
44759,112,106,6,6
44760,134,124,10,10
44761,82,90,-8,8
44762,152,215,-63,63
44763,90,105,-15,15
44764,105,120,-15,15
44765,138,139,-1,1
44766,95,100,-5,5
44767,86,87,-1,1
44768,91,90,1,1
44769,58,81,-23,23
44770,130,125,5,5
44771,154,148,6,6
44772,69,80,-11,11
44773,158,138,20,20
44774,136,133,3,3
44775,56,68,-12,12
44776,86,87,-1,1
44777,49,58,-9,9
44778,138,136,2,2
44779,100,106,-6,6
44780,146,144,2,2
44781,56,63,-7,7
44782,79,87,-8,8
44783,53,62,-9,9
44784,59,65,-6,6
44785,64,67,-3,3
44786,108,106,2,2
44787,66,75,-9,9
44788,117,122,-5,5
44789,60,65,-5,5
44790,51,58,-7,7
44791,104,108,-4,4
44792,92,115,-23,23
44793,87,85,2,2
44794,84,114,-30,30
44795,155,151,4,4
44796,100,113,-13,13
44797,43,52,-9,9
44798,72,68,4,4
44799,124,134,-10,10
44800,116,140,-24,24
44801,159,143,16,16
44802,91,110,-19,19
44803,71,74,-3,3
44804,158,151,7,7
44805,71,81,-10,10
44806,102,101,1,1
44807,117,121,-4,4
44808,94,99,-5,5
44809,79,95,-16,16
44810,51,63,-12,12
44811,63,67,-4,4
44812,55,65,-10,10
44813,152,134,18,18
44814,78,67,11,11
44815,54,62,-8,8
44816,80,83,-3,3
44817,59,66,-7,7
44818,84,92,-8,8
44819,110,110,0,0
44820,124,115,9,9
44821,92,87,5,5
44822,126,132,-6,6
44823,130,125,5,5
44824,89,95,-6,6
44825,109,112,-3,3
44826,87,104,-17,17
44827,75,73,2,2
44828,225,212,13,13
44829,182,184,-2,2
44830,82,89,-7,7
44831,54,68,-14,14
44832,187,169,18,18
44833,128,137,-9,9
44834,87,84,3,3
44835,92,89,3,3
44836,58,73,-15,15
44837,63,67,-4,4
44838,100,98,2,2
44839,102,117,-15,15
44840,46,61,-15,15
44841,89,103,-14,14
44842,61,65,-4,4
44843,134,136,-2,2
44844,69,77,-8,8
44845,118,117,1,1
44846,153,148,5,5
44847,115,114,1,1
44848,88,89,-1,1
44849,91,99,-8,8
44850,51,62,-11,11
44851,68,86,-18,18
44852,155,144,11,11
44853,52,60,-8,8
44854,71,79,-8,8
44855,100,105,-5,5
44856,81,83,-2,2
44857,168,158,10,10
44858,80,83,-3,3
44859,83,87,-4,4
44860,90,102,-12,12
44861,99,100,-1,1
44862,45,56,-11,11
44863,110,115,-5,5
44864,118,107,11,11
44865,98,103,-5,5
44866,162,154,8,8
44867,54,63,-9,9
44868,80,89,-9,9
44869,91,87,4,4
44870,81,83,-2,2
44871,89,93,-4,4
44872,58,63,-5,5
44873,194,203,-9,9
44874,78,87,-9,9
44875,63,67,-4,4
44876,61,69,-8,8
44877,98,99,-1,1
44878,95,101,-6,6
44879,97,97,0,0
44880,96,115,-19,19
44881,89,90,-1,1
44882,154,147,7,7
44883,51,61,-10,10
44884,117,106,11,11
44885,42,61,-19,19
44886,92,93,-1,1
44887,91,100,-9,9
44888,162,170,-8,8
44889,75,81,-6,6
44890,104,109,-5,5
44891,117,122,-5,5
44892,74,90,-16,16
44893,52,60,-8,8
44894,77,80,-3,3
44895,83,85,-2,2
44896,71,82,-11,11
44897,57,62,-5,5
44898,62,69,-7,7
44899,114,113,1,1
44900,58,73,-15,15
44901,120,128,-8,8
44902,74,80,-6,6
44903,95,87,8,8
44904,63,75,-12,12
44905,84,96,-12,12
44906,57,69,-12,12
44907,70,80,-10,10
44908,71,86,-15,15
44909,71,68,3,3
44910,140,128,12,12
44911,116,126,-10,10
44912,62,74,-12,12
44913,96,110,-14,14
44914,73,81,-8,8
44915,79,83,-4,4
44916,97,92,5,5
44917,80,77,3,3
44918,76,83,-7,7
44919,67,74,-7,7
44920,176,170,6,6
44921,71,89,-18,18
44922,89,93,-4,4
44923,75,80,-5,5
44924,142,135,7,7
44925,96,100,-4,4
44926,70,83,-13,13
44927,134,133,1,1
44928,123,125,-2,2
44929,71,87,-16,16
44930,45,64,-19,19
44931,102,104,-2,2
44932,130,137,-7,7
44933,134,137,-3,3
44934,71,89,-18,18
44935,111,129,-18,18
44936,134,127,7,7
44937,131,116,15,15
44938,136,164,-28,28
44939,116,117,-1,1
44940,156,150,6,6
44941,139,131,8,8
44942,102,107,-5,5
44943,69,82,-13,13
44944,81,83,-2,2
44945,109,120,-11,11
44946,94,100,-6,6
44947,77,78,-1,1
44948,173,179,-6,6
44949,70,81,-11,11
44950,77,86,-9,9
44951,95,98,-3,3
44952,96,99,-3,3
44953,90,98,-8,8
44954,47,76,-29,29
44955,116,125,-9,9
44956,84,79,5,5
44957,62,75,-13,13
44958,128,142,-14,14
44959,83,88,-5,5
44960,90,100,-10,10
44961,86,92,-6,6
44962,113,115,-2,2
44963,153,139,14,14
44964,90,94,-4,4
44965,96,101,-5,5
44966,76,88,-12,12
44967,73,82,-9,9
44968,98,102,-4,4
44969,23,53,-30,30
44970,57,68,-11,11
44971,65,85,-20,20
44972,107,116,-9,9
44973,140,139,1,1
44974,112,108,4,4
44975,149,161,-12,12
44976,100,88,12,12
44977,100,103,-3,3
44978,64,66,-2,2
44979,89,90,-1,1
44980,154,147,7,7
44981,53,63,-10,10
44982,45,53,-8,8
44983,61,71,-10,10
44984,108,112,-4,4
44985,88,86,2,2
44986,109,122,-13,13
44987,143,127,16,16
44988,91,109,-18,18
44989,102,106,-4,4
44990,61,76,-15,15
44991,85,90,-5,5
44992,121,111,10,10
44993,65,68,-3,3
44994,56,60,-4,4
44995,103,104,-1,1
44996,111,104,7,7
44997,102,103,-1,1
44998,99,93,6,6
44999,97,121,-24,24
45000,79,82,-3,3
45001,139,138,1,1
45002,107,98,9,9
45003,166,170,-4,4
45004,51,63,-12,12
45005,75,74,1,1
45006,113,111,2,2
45007,69,88,-19,19
45008,129,132,-3,3
45009,197,196,1,1
45010,104,107,-3,3
45011,99,109,-10,10
45012,86,84,2,2
45013,95,93,2,2
45014,138,135,3,3
45015,78,81,-3,3
45016,47,90,-43,43
45017,56,66,-10,10
45018,62,71,-9,9
45019,64,75,-11,11
45020,105,94,11,11
45021,104,104,0,0
45022,140,136,4,4
45023,84,113,-29,29
45024,126,136,-10,10
45025,82,86,-4,4
45026,75,81,-6,6
45027,92,101,-9,9
45028,77,84,-7,7
45029,100,102,-2,2
45030,140,145,-5,5
45031,67,68,-1,1
45032,117,126,-9,9
45033,54,65,-11,11
45034,81,91,-10,10
45035,130,132,-2,2
45036,100,98,2,2
45037,86,89,-3,3
45038,57,72,-15,15
45039,115,113,2,2
45040,147,148,-1,1
45041,86,89,-3,3
45042,39,53,-14,14
45043,79,84,-5,5
45044,89,101,-12,12
45045,70,73,-3,3
45046,73,85,-12,12
45047,113,108,5,5
45048,99,109,-10,10
45049,78,83,-5,5
45050,132,137,-5,5
45051,79,97,-18,18
45052,143,141,2,2
45053,57,68,-11,11
45054,49,56,-7,7
45055,85,94,-9,9
45056,49,84,-35,35
45057,96,93,3,3
45058,87,93,-6,6
45059,151,125,26,26
45060,147,146,1,1
45061,94,106,-12,12
45062,91,94,-3,3
45063,56,62,-6,6
45064,123,138,-15,15
45065,188,171,17,17
45066,55,55,0,0
45067,117,111,6,6
45068,106,106,0,0
45069,109,121,-12,12
45070,61,64,-3,3
45071,46,67,-21,21
45072,62,67,-5,5
45073,102,104,-2,2
45074,62,66,-4,4
45075,85,91,-6,6
45076,89,95,-6,6
45077,96,100,-4,4
45078,132,131,1,1
45079,94,100,-6,6
45080,118,111,7,7
45081,73,79,-6,6
45082,69,79,-10,10
45083,57,69,-12,12
45084,86,93,-7,7
45085,130,121,9,9
45086,144,139,5,5
45087,67,73,-6,6
45088,64,110,-46,46
45089,85,87,-2,2
45090,104,116,-12,12
45091,109,105,4,4
45092,110,110,0,0
45093,129,123,6,6
45094,97,98,-1,1
45095,85,89,-4,4
45096,104,105,-1,1
45097,77,90,-13,13
45098,81,91,-10,10
45099,97,97,0,0
45100,130,145,-15,15
45101,67,73,-6,6
45102,55,64,-9,9
45103,92,89,3,3
45104,83,95,-12,12
45105,135,143,-8,8
45106,69,69,0,0
45107,109,113,-4,4
45108,98,94,4,4
45109,95,94,1,1
45110,121,123,-2,2
45111,80,79,1,1
45112,79,85,-6,6
45113,123,131,-8,8
45114,117,118,-1,1
45115,59,70,-11,11
45116,89,96,-7,7
45117,82,89,-7,7
45118,117,112,5,5
45119,69,79,-10,10
45120,123,113,10,10
45121,57,75,-18,18
45122,87,86,1,1
45123,105,113,-8,8
45124,108,112,-4,4
45125,76,79,-3,3
45126,74,109,-35,35
45127,84,79,5,5
45128,96,104,-8,8
45129,78,85,-7,7
45130,76,90,-14,14
45131,88,99,-11,11
45132,89,93,-4,4
45133,90,100,-10,10
45134,60,68,-8,8
45135,53,65,-12,12
45136,67,77,-10,10
45137,89,94,-5,5
45138,149,136,13,13
45139,95,102,-7,7
45140,109,119,-10,10
45141,169,174,-5,5
45142,78,80,-2,2
45143,122,124,-2,2
45144,48,72,-24,24
45145,108,123,-15,15
45146,90,95,-5,5
45147,147,143,4,4
45148,69,75,-6,6
45149,112,108,4,4
45150,158,151,7,7
45151,123,135,-12,12
45152,42,56,-14,14
45153,135,131,4,4
45154,148,144,4,4
45155,109,114,-5,5
45156,73,76,-3,3
45157,88,92,-4,4
45158,90,87,3,3
45159,55,65,-10,10
45160,83,93,-10,10
45161,54,57,-3,3
45162,85,93,-8,8
45163,75,77,-2,2
45164,121,125,-4,4
45165,65,68,-3,3
45166,77,77,0,0
45167,102,100,2,2
45168,104,114,-10,10
45169,67,69,-2,2
45170,134,124,10,10
45171,107,100,7,7
45172,87,95,-8,8
45173,168,162,6,6
45174,145,151,-6,6
45175,127,136,-9,9
45176,168,156,12,12
45177,113,109,4,4
45178,64,78,-14,14
45179,64,74,-10,10
45180,83,91,-8,8
45181,83,90,-7,7
45182,125,118,7,7
45183,61,64,-3,3
45184,40,52,-12,12
45185,57,61,-4,4
45186,153,145,8,8
45187,101,108,-7,7
45188,83,92,-9,9
45189,89,104,-15,15
45190,111,120,-9,9
45191,77,84,-7,7
45192,127,120,7,7
45193,128,126,2,2
45194,146,137,9,9
45195,49,64,-15,15
45196,49,69,-20,20
45197,57,72,-15,15
45198,89,91,-2,2
45199,88,110,-22,22
45200,153,157,-4,4
45201,71,79,-8,8
45202,135,141,-6,6
45203,109,106,3,3
45204,73,76,-3,3
45205,185,184,1,1
45206,69,73,-4,4
45207,109,114,-5,5
45208,74,87,-13,13
45209,181,152,29,29
45210,96,105,-9,9
45211,93,111,-18,18
45212,60,63,-3,3
45213,104,114,-10,10
45214,67,66,1,1
45215,89,102,-13,13
45216,128,119,9,9
45217,100,102,-2,2
45218,96,97,-1,1
45219,90,89,1,1
45220,68,73,-5,5
45221,126,120,6,6
45222,54,70,-16,16
45223,106,113,-7,7
45224,63,70,-7,7
45225,113,102,11,11
45226,45,63,-18,18
45227,98,100,-2,2
45228,156,145,11,11
45229,52,64,-12,12
45230,134,125,9,9
45231,74,85,-11,11
45232,102,110,-8,8
45233,100,103,-3,3
45234,62,72,-10,10
45235,82,84,-2,2
45236,105,97,8,8
45237,69,80,-11,11
45238,124,138,-14,14
45239,118,115,3,3
45240,82,88,-6,6
45241,63,74,-11,11
45242,70,76,-6,6
45243,68,75,-7,7
45244,121,117,4,4
45245,73,80,-7,7
45246,51,62,-11,11
45247,81,81,0,0
45248,146,135,11,11
45249,88,92,-4,4
45250,101,101,0,0
45251,126,139,-13,13
45252,119,122,-3,3
45253,113,123,-10,10
45254,172,152,20,20
45255,81,85,-4,4
45256,90,95,-5,5
45257,110,112,-2,2
45258,134,140,-6,6
45259,37,58,-21,21
45260,62,71,-9,9
45261,65,72,-7,7
45262,52,59,-7,7
45263,76,88,-12,12
45264,116,117,-1,1
45265,98,132,-34,34
45266,61,69,-8,8
45267,84,94,-10,10
45268,153,144,9,9
45269,72,75,-3,3
45270,77,83,-6,6
45271,86,92,-6,6
45272,99,110,-11,11
45273,124,121,3,3
45274,66,87,-21,21
45275,76,82,-6,6
45276,67,61,6,6
45277,133,123,10,10
45278,91,96,-5,5
45279,71,87,-16,16
45280,207,197,10,10
45281,65,73,-8,8
45282,97,106,-9,9
45283,131,139,-8,8
45284,120,113,7,7
45285,59,67,-8,8
45286,124,123,1,1
45287,74,78,-4,4
45288,101,104,-3,3
45289,85,89,-4,4
45290,85,92,-7,7
45291,137,131,6,6
45292,76,77,-1,1
45293,136,141,-5,5
45294,139,138,1,1
45295,49,63,-14,14
45296,136,137,-1,1
45297,75,73,2,2
45298,109,114,-5,5
45299,53,62,-9,9
45300,110,114,-4,4
45301,59,69,-10,10
45302,119,120,-1,1
45303,86,90,-4,4
45304,139,132,7,7
45305,132,130,2,2
45306,191,187,4,4
45307,87,87,0,0
45308,90,95,-5,5
45309,122,122,0,0
45310,73,72,1,1
45311,122,115,7,7
45312,93,103,-10,10
45313,46,61,-15,15
45314,84,95,-11,11
45315,103,97,6,6
45316,39,49,-10,10
45317,96,108,-12,12
45318,72,77,-5,5
45319,146,139,7,7
45320,80,96,-16,16
45321,68,84,-16,16
45322,49,59,-10,10
45323,110,112,-2,2
45324,117,121,-4,4
45325,121,115,6,6
45326,55,72,-17,17
45327,149,156,-7,7
45328,78,83,-5,5
45329,60,76,-16,16
45330,161,159,2,2
45331,95,106,-11,11
45332,75,71,4,4
45333,92,101,-9,9
45334,112,125,-13,13
45335,67,79,-12,12
45336,91,94,-3,3
45337,109,109,0,0
45338,177,167,10,10
45339,105,118,-13,13
45340,82,85,-3,3
45341,89,84,5,5
45342,109,110,-1,1
45343,67,87,-20,20
45344,117,129,-12,12
45345,96,103,-7,7
45346,49,63,-14,14
45347,110,108,2,2
45348,57,61,-4,4
45349,118,99,19,19
45350,120,119,1,1
45351,77,85,-8,8
45352,107,101,6,6
45353,60,76,-16,16
45354,70,69,1,1
45355,115,120,-5,5
45356,70,80,-10,10
45357,70,72,-2,2
45358,96,119,-23,23
45359,72,88,-16,16
45360,72,75,-3,3
45361,67,81,-14,14
45362,170,158,12,12
45363,57,64,-7,7
45364,67,72,-5,5
45365,85,93,-8,8
45366,95,110,-15,15
45367,119,144,-25,25
45368,84,84,0,0
45369,65,92,-27,27
45370,225,218,7,7
45371,97,100,-3,3
45372,81,89,-8,8
45373,104,107,-3,3
45374,23,23,0,0
45375,75,80,-5,5
45376,115,116,-1,1
45377,111,105,6,6
45378,60,63,-3,3
45379,72,80,-8,8
45380,100,106,-6,6
45381,85,86,-1,1
45382,60,68,-8,8
45383,55,71,-16,16
45384,120,129,-9,9
45385,121,133,-12,12
45386,79,81,-2,2
45387,89,93,-4,4
45388,127,118,9,9
45389,86,90,-4,4
45390,58,63,-5,5
45391,99,94,5,5
45392,126,133,-7,7
45393,53,62,-9,9
45394,55,66,-11,11
45395,107,115,-8,8
45396,67,72,-5,5
45397,83,99,-16,16
45398,81,91,-10,10
45399,92,98,-6,6
45400,109,105,4,4
45401,148,153,-5,5
45402,115,126,-11,11
45403,124,122,2,2
45404,103,110,-7,7
45405,122,131,-9,9
45406,104,110,-6,6
45407,58,54,4,4
45408,68,75,-7,7
45409,83,96,-13,13
45410,51,75,-24,24
45411,84,90,-6,6
45412,129,135,-6,6
45413,64,76,-12,12
45414,150,139,11,11
45415,48,60,-12,12
45416,67,67,0,0
45417,72,77,-5,5
45418,101,103,-2,2
45419,68,73,-5,5
45420,135,129,6,6
45421,98,101,-3,3
45422,73,81,-8,8
45423,93,106,-13,13
45424,161,161,0,0
45425,58,67,-9,9
45426,125,129,-4,4
45427,91,97,-6,6
45428,82,85,-3,3
45429,82,95,-13,13
45430,89,112,-23,23
45431,45,50,-5,5
45432,56,99,-43,43
45433,152,176,-24,24
45434,110,107,3,3
45435,81,84,-3,3
45436,43,61,-18,18
45437,154,163,-9,9
45438,82,79,3,3
45439,104,114,-10,10
45440,78,91,-13,13
45441,130,121,9,9
45442,66,83,-17,17
45443,86,96,-10,10
45444,98,110,-12,12
45445,106,112,-6,6
45446,78,89,-11,11
45447,89,88,1,1
45448,84,93,-9,9
45449,111,105,6,6
45450,73,80,-7,7
45451,115,142,-27,27
45452,174,163,11,11
45453,87,83,4,4
45454,102,106,-4,4
45455,77,80,-3,3
45456,37,44,-7,7
45457,131,132,-1,1
45458,104,104,0,0
45459,109,145,-36,36
45460,89,90,-1,1
45461,108,109,-1,1
45462,158,149,9,9
45463,69,74,-5,5
45464,89,87,2,2
45465,42,49,-7,7
45466,97,89,8,8
45467,70,82,-12,12
45468,116,115,1,1
45469,138,149,-11,11
45470,110,112,-2,2
45471,105,102,3,3
45472,51,68,-17,17
45473,94,105,-11,11
45474,75,79,-4,4
45475,129,136,-7,7
45476,88,88,0,0
45477,100,96,4,4
45478,79,84,-5,5
45479,176,174,2,2
45480,86,87,-1,1
45481,88,100,-12,12
45482,105,119,-14,14
45483,140,137,3,3
45484,72,75,-3,3
45485,111,106,5,5
45486,105,101,4,4
45487,191,179,12,12
45488,120,125,-5,5
45489,99,109,-10,10
45490,45,61,-16,16
45491,94,95,-1,1
45492,80,95,-15,15
45493,85,89,-4,4
45494,74,75,-1,1
45495,78,86,-8,8
45496,131,124,7,7
45497,95,101,-6,6
45498,59,68,-9,9
45499,72,68,4,4
45500,108,114,-6,6
45501,71,81,-10,10
45502,74,76,-2,2
45503,134,141,-7,7
45504,101,108,-7,7
45505,68,70,-2,2
45506,127,129,-2,2
45507,195,170,25,25
45508,73,80,-7,7
45509,77,87,-10,10
45510,79,80,-1,1
45511,59,61,-2,2
45512,115,104,11,11
45513,79,86,-7,7
45514,91,96,-5,5
45515,82,86,-4,4
45516,72,77,-5,5
45517,63,80,-17,17
45518,89,96,-7,7
45519,69,80,-11,11
45520,62,96,-34,34
45521,45,59,-14,14
45522,87,96,-9,9
45523,75,88,-13,13
45524,105,110,-5,5
45525,93,105,-12,12
45526,104,106,-2,2
45527,86,96,-10,10
45528,159,158,1,1
45529,93,91,2,2
45530,112,117,-5,5
45531,120,117,3,3
45532,62,66,-4,4
45533,108,112,-4,4
45534,124,127,-3,3
45535,167,152,15,15
45536,163,161,2,2
45537,113,114,-1,1
45538,98,94,4,4
45539,64,78,-14,14
45540,120,116,4,4
45541,52,57,-5,5
45542,42,54,-12,12
45543,131,145,-14,14
45544,95,87,8,8
45545,85,92,-7,7
45546,71,73,-2,2
45547,116,113,3,3
45548,91,86,5,5
45549,94,97,-3,3
45550,52,63,-11,11
45551,84,105,-21,21
45552,61,65,-4,4
45553,101,109,-8,8
45554,97,103,-6,6
45555,96,108,-12,12
45556,141,149,-8,8
45557,124,120,4,4
45558,72,77,-5,5
45559,79,136,-57,57
45560,155,160,-5,5
45561,112,125,-13,13
45562,63,70,-7,7
45563,73,81,-8,8
45564,67,77,-10,10
45565,61,66,-5,5
45566,114,112,2,2
45567,33,46,-13,13
45568,64,73,-9,9
45569,79,80,-1,1
45570,149,161,-12,12
45571,97,99,-2,2
45572,84,88,-4,4
45573,134,145,-11,11
45574,85,99,-14,14
45575,123,119,4,4
45576,97,98,-1,1
45577,69,74,-5,5
45578,116,108,8,8
45579,92,89,3,3
45580,125,127,-2,2
45581,103,98,5,5
45582,99,94,5,5
45583,154,163,-9,9
45584,102,103,-1,1
45585,53,64,-11,11
45586,104,114,-10,10
45587,218,186,32,32
45588,57,64,-7,7
45589,154,161,-7,7
45590,141,147,-6,6
45591,113,128,-15,15
45592,69,77,-8,8
45593,87,104,-17,17
45594,126,128,-2,2
45595,99,108,-9,9
45596,85,95,-10,10
45597,78,90,-12,12
45598,85,80,5,5
45599,77,79,-2,2
45600,97,99,-2,2
45601,67,82,-15,15
45602,114,113,1,1
45603,130,142,-12,12
45604,127,121,6,6
45605,66,69,-3,3
45606,74,87,-13,13
45607,117,118,-1,1
45608,57,63,-6,6
45609,169,164,5,5
45610,79,86,-7,7
45611,122,140,-18,18
45612,117,124,-7,7
45613,82,90,-8,8
45614,119,122,-3,3
45615,105,106,-1,1
45616,121,116,5,5
45617,107,111,-4,4
45618,63,73,-10,10
45619,76,86,-10,10
45620,141,125,16,16
45621,76,81,-5,5
45622,189,149,40,40
45623,78,85,-7,7
45624,105,124,-19,19
45625,69,78,-9,9
45626,95,107,-12,12
45627,55,69,-14,14
45628,85,83,2,2
45629,62,73,-11,11
45630,72,81,-9,9
45631,91,96,-5,5
45632,78,94,-16,16
45633,69,73,-4,4
45634,58,65,-7,7
45635,104,103,1,1
45636,90,98,-8,8
45637,45,65,-20,20
45638,109,105,4,4
45639,174,177,-3,3
45640,102,118,-16,16
45641,72,85,-13,13
45642,93,96,-3,3
45643,88,119,-31,31
45644,147,140,7,7
45645,116,115,1,1
45646,71,99,-28,28
45647,59,68,-9,9
45648,110,113,-3,3
45649,112,111,1,1
45650,67,68,-1,1
45651,63,77,-14,14
45652,99,91,8,8
45653,71,77,-6,6
45654,61,73,-12,12
45655,145,183,-38,38
45656,59,70,-11,11
45657,91,102,-11,11
45658,97,104,-7,7
45659,67,78,-11,11
45660,75,77,-2,2
45661,107,97,10,10
45662,47,70,-23,23
45663,111,120,-9,9
45664,122,118,4,4
45665,145,145,0,0
45666,133,121,12,12
45667,90,90,0,0
45668,153,149,4,4
45669,83,83,0,0
45670,44,63,-19,19
45671,64,70,-6,6
45672,74,83,-9,9
45673,98,103,-5,5
45674,117,87,30,30
45675,83,91,-8,8
45676,52,65,-13,13
45677,74,78,-4,4
45678,128,128,0,0
45679,75,81,-6,6
45680,71,77,-6,6
45681,72,77,-5,5
45682,80,86,-6,6
45683,98,99,-1,1
45684,138,140,-2,2
45685,161,157,4,4
45686,152,152,0,0
45687,117,117,0,0
45688,96,106,-10,10
45689,76,83,-7,7
45690,150,150,0,0
45691,71,83,-12,12
45692,127,136,-9,9
45693,93,101,-8,8
45694,116,118,-2,2
45695,128,124,4,4
45696,47,57,-10,10
45697,53,64,-11,11
45698,173,166,7,7
45699,84,103,-19,19
45700,74,79,-5,5
45701,40,57,-17,17
45702,125,109,16,16
45703,100,114,-14,14
45704,62,69,-7,7
45705,120,116,4,4
45706,163,146,17,17
45707,111,115,-4,4
45708,62,77,-15,15
45709,104,114,-10,10
45710,96,97,-1,1
45711,71,75,-4,4
45712,94,104,-10,10
45713,109,112,-3,3
45714,46,61,-15,15
45715,94,96,-2,2
45716,52,60,-8,8
45717,88,91,-3,3
45718,68,85,-17,17
45719,193,205,-12,12
45720,137,132,5,5
45721,109,113,-4,4
45722,97,108,-11,11
45723,114,108,6,6
45724,90,95,-5,5
45725,57,70,-13,13
45726,119,114,5,5
45727,157,152,5,5
45728,86,86,0,0
45729,108,111,-3,3
45730,82,91,-9,9
45731,111,107,4,4
45732,110,112,-2,2
45733,108,105,3,3
45734,92,88,4,4
45735,38,45,-7,7
45736,92,98,-6,6
45737,92,93,-1,1
45738,68,70,-2,2
45739,74,85,-11,11
45740,83,91,-8,8
45741,106,95,11,11
45742,86,92,-6,6
45743,78,76,2,2
45744,155,165,-10,10
45745,116,119,-3,3
45746,129,108,21,21
45747,99,101,-2,2
45748,114,114,0,0
45749,103,99,4,4
45750,82,78,4,4
45751,50,58,-8,8
45752,86,88,-2,2
45753,82,85,-3,3
45754,82,100,-18,18
45755,50,70,-20,20
45756,88,81,7,7
45757,86,87,-1,1
45758,103,105,-2,2
45759,60,66,-6,6
45760,68,72,-4,4
45761,86,77,9,9
45762,85,86,-1,1
45763,80,83,-3,3
45764,58,74,-16,16
45765,63,84,-21,21
45766,117,121,-4,4
45767,97,111,-14,14
45768,59,69,-10,10
45769,66,76,-10,10
45770,121,123,-2,2
45771,77,80,-3,3
45772,47,56,-9,9
45773,61,73,-12,12
45774,128,126,2,2
45775,225,206,19,19
45776,145,136,9,9
45777,125,138,-13,13
45778,40,56,-16,16
45779,94,92,2,2
45780,103,105,-2,2
45781,137,135,2,2
45782,151,147,4,4
45783,98,106,-8,8
45784,115,114,1,1
45785,77,78,-1,1
45786,75,104,-29,29
45787,75,91,-16,16
45788,117,117,0,0
45789,133,139,-6,6
45790,89,103,-14,14
45791,92,96,-4,4
45792,66,72,-6,6
45793,26,39,-13,13
45794,135,128,7,7
45795,82,94,-12,12
45796,44,57,-13,13
45797,79,68,11,11
45798,135,143,-8,8
45799,122,135,-13,13
45800,177,173,4,4
45801,93,92,1,1
45802,54,60,-6,6
45803,104,119,-15,15
45804,69,72,-3,3
45805,64,73,-9,9
45806,113,124,-11,11
45807,69,71,-2,2
45808,127,136,-9,9
45809,115,117,-2,2
45810,75,80,-5,5
45811,81,82,-1,1
45812,35,51,-16,16
45813,120,122,-2,2
45814,86,93,-7,7
45815,111,108,3,3
45816,149,141,8,8
45817,86,88,-2,2
45818,122,121,1,1
45819,80,93,-13,13
45820,91,92,-1,1
45821,106,109,-3,3
45822,30,63,-33,33
45823,84,88,-4,4
45824,159,136,23,23
45825,76,87,-11,11
45826,73,81,-8,8
45827,78,86,-8,8
45828,271,243,28,28
45829,138,147,-9,9
45830,72,83,-11,11
45831,77,77,0,0
45832,94,100,-6,6
45833,101,105,-4,4
45834,72,75,-3,3
45835,101,110,-9,9
45836,120,121,-1,1
45837,159,159,0,0
45838,78,88,-10,10
45839,78,89,-11,11
45840,106,106,0,0
45841,87,101,-14,14
45842,62,70,-8,8
45843,106,112,-6,6
45844,127,138,-11,11
45845,101,102,-1,1
45846,56,63,-7,7
45847,41,61,-20,20
45848,83,89,-6,6
45849,128,133,-5,5
45850,86,84,2,2
45851,82,93,-11,11
45852,104,105,-1,1
45853,116,139,-23,23
45854,115,109,6,6
45855,81,84,-3,3
45856,82,104,-22,22
45857,88,87,1,1
45858,115,118,-3,3
45859,170,167,3,3
45860,110,116,-6,6
45861,228,202,26,26
45862,161,146,15,15
45863,72,83,-11,11
45864,171,155,16,16
45865,117,112,5,5
45866,116,119,-3,3
45867,60,60,0,0
45868,113,124,-11,11
45869,121,119,2,2
45870,41,62,-21,21
45871,98,97,1,1
45872,83,85,-2,2
45873,56,65,-9,9
45874,107,102,5,5
45875,90,90,0,0
45876,91,98,-7,7
45877,68,78,-10,10
45878,131,125,6,6
45879,95,94,1,1
45880,93,92,1,1
45881,99,100,-1,1
45882,195,166,29,29
45883,124,118,6,6
45884,124,121,3,3
45885,44,73,-29,29
45886,63,72,-9,9
45887,175,161,14,14
45888,127,115,12,12
45889,113,118,-5,5
45890,118,103,15,15
45891,99,112,-13,13
45892,89,94,-5,5
45893,64,73,-9,9
45894,73,80,-7,7
45895,104,100,4,4
45896,50,65,-15,15
45897,94,87,7,7
45898,115,120,-5,5
45899,91,98,-7,7
45900,80,80,0,0
45901,81,91,-10,10
45902,80,90,-10,10
45903,100,99,1,1
45904,123,125,-2,2
45905,89,90,-1,1
45906,71,77,-6,6
45907,162,144,18,18
45908,152,139,13,13
45909,69,74,-5,5
45910,81,95,-14,14
45911,71,82,-11,11
45912,90,89,1,1
45913,104,106,-2,2
45914,106,104,2,2
45915,66,74,-8,8
45916,66,71,-5,5
45917,79,93,-14,14
45918,45,55,-10,10
45919,89,91,-2,2
45920,105,92,13,13
45921,59,64,-5,5
45922,103,101,2,2
45923,116,123,-7,7
45924,93,95,-2,2
45925,116,137,-21,21
45926,133,125,8,8
45927,86,88,-2,2
45928,86,82,4,4
45929,65,69,-4,4
45930,139,131,8,8
45931,117,127,-10,10
45932,67,70,-3,3
45933,119,106,13,13
45934,81,106,-25,25
45935,127,130,-3,3
45936,142,134,8,8
45937,87,92,-5,5
45938,70,74,-4,4
45939,79,86,-7,7
45940,119,123,-4,4
45941,73,74,-1,1
45942,72,71,1,1
45943,87,98,-11,11
45944,108,107,1,1
45945,120,124,-4,4
45946,82,83,-1,1
45947,97,105,-8,8
45948,73,84,-11,11
45949,69,74,-5,5
45950,96,102,-6,6
45951,44,52,-8,8
45952,104,105,-1,1
45953,68,80,-12,12
45954,108,90,18,18
45955,81,91,-10,10
45956,124,125,-1,1
45957,91,88,3,3
45958,116,137,-21,21
45959,41,48,-7,7
45960,93,98,-5,5
45961,100,109,-9,9
45962,70,88,-18,18
45963,82,87,-5,5
45964,124,120,4,4
45965,168,156,12,12
45966,81,86,-5,5
45967,124,134,-10,10
45968,74,75,-1,1
45969,191,180,11,11
45970,99,110,-11,11
45971,72,79,-7,7
45972,92,103,-11,11
45973,122,127,-5,5
45974,104,103,1,1
45975,93,93,0,0
45976,50,60,-10,10
45977,79,90,-11,11
45978,86,91,-5,5
45979,147,159,-12,12
45980,129,142,-13,13
45981,135,148,-13,13
45982,124,112,12,12
45983,91,97,-6,6
45984,80,92,-12,12
45985,150,158,-8,8
45986,113,113,0,0
45987,74,75,-1,1
45988,165,153,12,12
45989,105,97,8,8
45990,49,59,-10,10
45991,96,107,-11,11
45992,115,118,-3,3
45993,132,123,9,9
45994,111,109,2,2
45995,44,57,-13,13
45996,98,94,4,4
45997,52,56,-4,4
45998,78,91,-13,13
45999,71,79,-8,8
46000,30,41,-11,11
46001,116,121,-5,5
46002,128,152,-24,24
46003,75,89,-14,14
46004,47,59,-12,12
46005,89,99,-10,10
46006,88,84,4,4
46007,102,106,-4,4
46008,48,60,-12,12
46009,59,65,-6,6
46010,131,127,4,4
46011,71,77,-6,6
46012,81,90,-9,9
46013,110,114,-4,4
46014,154,154,0,0
46015,120,123,-3,3
46016,155,144,11,11
46017,109,109,0,0
46018,71,84,-13,13
46019,81,89,-8,8
46020,58,67,-9,9
46021,69,89,-20,20
46022,134,132,2,2
46023,99,100,-1,1
46024,71,80,-9,9
46025,99,103,-4,4
46026,76,85,-9,9
46027,98,89,9,9
46028,68,77,-9,9
46029,105,97,8,8
46030,109,108,1,1
46031,143,145,-2,2
46032,112,111,1,1
46033,82,109,-27,27
46034,59,65,-6,6
46035,170,159,11,11
46036,84,96,-12,12
46037,84,99,-15,15
46038,97,104,-7,7
46039,241,214,27,27
46040,216,190,26,26
46041,121,124,-3,3
46042,72,71,1,1
46043,61,67,-6,6
46044,76,79,-3,3
46045,140,144,-4,4
46046,101,101,0,0
46047,92,90,2,2
46048,65,68,-3,3
46049,62,74,-12,12
46050,62,72,-10,10
46051,172,153,19,19
46052,82,83,-1,1
46053,118,123,-5,5
46054,99,99,0,0
46055,121,121,0,0
46056,108,109,-1,1
46057,96,86,10,10
46058,145,135,10,10
46059,111,141,-30,30
46060,46,58,-12,12
46061,74,76,-2,2
46062,96,97,-1,1
46063,60,66,-6,6
46064,110,139,-29,29
46065,78,87,-9,9
46066,114,106,8,8
46067,154,168,-14,14
46068,165,153,12,12
46069,42,50,-8,8
46070,91,93,-2,2
46071,100,105,-5,5
46072,110,99,11,11
46073,67,79,-12,12
46074,68,81,-13,13
46075,137,119,18,18
46076,87,95,-8,8
46077,93,92,1,1
46078,86,92,-6,6
46079,200,203,-3,3
46080,119,119,0,0
46081,176,169,7,7
46082,75,79,-4,4
46083,125,113,12,12
46084,74,87,-13,13
46085,102,101,1,1
46086,53,61,-8,8
46087,107,107,0,0
46088,95,96,-1,1
46089,120,127,-7,7
46090,88,93,-5,5
46091,66,78,-12,12
46092,94,94,0,0
46093,137,143,-6,6
46094,67,84,-17,17
46095,83,87,-4,4
46096,56,64,-8,8
46097,139,126,13,13
46098,100,99,1,1
46099,78,94,-16,16
46100,103,102,1,1
46101,59,71,-12,12
46102,47,66,-19,19
46103,65,69,-4,4
46104,112,109,3,3
46105,132,122,10,10
46106,82,93,-11,11
46107,118,117,1,1
46108,109,101,8,8
46109,91,94,-3,3
46110,67,74,-7,7
46111,83,91,-8,8
46112,79,84,-5,5
46113,26,38,-12,12
46114,44,64,-20,20
46115,71,85,-14,14
46116,86,87,-1,1
46117,77,82,-5,5
46118,53,60,-7,7
46119,98,95,3,3
46120,144,127,17,17
46121,89,87,2,2
46122,67,74,-7,7
46123,147,139,8,8
46124,127,130,-3,3
46125,85,87,-2,2
46126,66,71,-5,5
46127,89,87,2,2
46128,89,95,-6,6
46129,75,80,-5,5
46130,72,74,-2,2
46131,101,109,-8,8
46132,126,108,18,18
46133,62,71,-9,9
46134,83,84,-1,1
46135,151,145,6,6
46136,102,101,1,1
46137,215,208,7,7
46138,149,141,8,8
46139,133,132,1,1
46140,90,86,4,4
46141,100,91,9,9
46142,57,62,-5,5
46143,61,67,-6,6
46144,41,46,-5,5
46145,137,131,6,6
46146,164,156,8,8
46147,242,239,3,3
46148,99,104,-5,5
46149,51,60,-9,9
46150,68,72,-4,4
46151,78,81,-3,3
46152,120,119,1,1
46153,87,90,-3,3
46154,105,100,5,5
46155,112,110,2,2
46156,87,96,-9,9
46157,88,94,-6,6
46158,71,74,-3,3
46159,125,122,3,3
46160,73,81,-8,8
46161,108,111,-3,3
46162,76,84,-8,8
46163,45,49,-4,4
46164,100,106,-6,6
46165,76,84,-8,8
46166,158,154,4,4
46167,92,98,-6,6
46168,77,87,-10,10
46169,44,54,-10,10
46170,115,124,-9,9
46171,85,98,-13,13
46172,109,116,-7,7
46173,89,96,-7,7
46174,39,55,-16,16
46175,66,76,-10,10
46176,62,75,-13,13
46177,89,98,-9,9
46178,130,133,-3,3
46179,92,96,-4,4
46180,138,128,10,10
46181,118,111,7,7
46182,219,252,-33,33
46183,104,108,-4,4
46184,94,102,-8,8
46185,100,93,7,7
46186,54,60,-6,6
46187,153,140,13,13
46188,84,90,-6,6
46189,91,104,-13,13
46190,46,55,-9,9
46191,53,69,-16,16
46192,77,79,-2,2
46193,80,78,2,2
46194,138,131,7,7
46195,80,81,-1,1
46196,138,121,17,17
46197,141,138,3,3
46198,91,94,-3,3
46199,176,162,14,14
46200,117,121,-4,4
46201,69,81,-12,12
46202,108,121,-13,13
46203,101,101,0,0
46204,135,134,1,1
46205,115,122,-7,7
46206,102,109,-7,7
46207,56,68,-12,12
46208,96,104,-8,8
46209,69,74,-5,5
46210,106,120,-14,14
46211,151,159,-8,8
46212,110,112,-2,2
46213,112,109,3,3
46214,134,126,8,8
46215,65,71,-6,6
46216,66,73,-7,7
46217,97,104,-7,7
46218,109,113,-4,4
46219,141,139,2,2
46220,78,98,-20,20
46221,94,117,-23,23
46222,64,78,-14,14
46223,47,67,-20,20
46224,79,82,-3,3
46225,104,111,-7,7
46226,39,54,-15,15
46227,62,79,-17,17
46228,123,125,-2,2
46229,144,132,12,12
46230,108,114,-6,6
46231,183,160,23,23
46232,85,91,-6,6
46233,49,65,-16,16
46234,40,53,-13,13
46235,27,51,-24,24
46236,107,111,-4,4
46237,135,146,-11,11
46238,129,121,8,8
46239,77,81,-4,4
46240,61,75,-14,14
46241,58,76,-18,18
46242,144,140,4,4
46243,53,64,-11,11
46244,95,105,-10,10
46245,82,81,1,1
46246,73,80,-7,7
46247,174,175,-1,1
46248,101,103,-2,2
46249,100,133,-33,33
46250,81,80,1,1
46251,94,96,-2,2
46252,76,85,-9,9
46253,70,78,-8,8
46254,100,108,-8,8
46255,79,83,-4,4
46256,83,88,-5,5
46257,90,100,-10,10
46258,136,133,3,3
46259,61,71,-10,10
46260,106,113,-7,7
46261,90,96,-6,6
46262,32,47,-15,15
46263,100,110,-10,10
46264,74,74,0,0
46265,62,70,-8,8
46266,101,98,3,3
46267,104,100,4,4
46268,94,90,4,4
46269,95,104,-9,9
46270,134,131,3,3
46271,134,139,-5,5
46272,77,80,-3,3
46273,80,102,-22,22
46274,90,94,-4,4
46275,128,122,6,6
46276,108,118,-10,10
46277,64,77,-13,13
46278,44,68,-24,24
46279,115,117,-2,2
46280,49,66,-17,17
46281,64,82,-18,18
46282,64,70,-6,6
46283,128,125,3,3
46284,69,79,-10,10
46285,73,76,-3,3
46286,38,53,-15,15
46287,71,79,-8,8
46288,94,101,-7,7
46289,89,98,-9,9
46290,63,72,-9,9
46291,116,111,5,5
46292,83,91,-8,8
46293,38,55,-17,17
46294,57,70,-13,13
46295,84,89,-5,5
46296,552,401,151,151
46297,75,79,-4,4
46298,70,84,-14,14
46299,90,108,-18,18
46300,181,202,-21,21
46301,109,108,1,1
46302,99,113,-14,14
46303,99,102,-3,3
46304,73,80,-7,7
46305,71,81,-10,10
46306,125,133,-8,8
46307,142,145,-3,3
46308,125,125,0,0
46309,99,101,-2,2
46310,127,124,3,3
46311,134,123,11,11
46312,87,86,1,1
46313,99,110,-11,11
46314,116,126,-10,10
46315,57,67,-10,10
46316,160,149,11,11
46317,104,102,2,2
46318,106,109,-3,3
46319,82,92,-10,10
46320,149,135,14,14
46321,122,124,-2,2
46322,46,60,-14,14
46323,44,66,-22,22
46324,47,65,-18,18
46325,46,73,-27,27
46326,103,112,-9,9
46327,118,122,-4,4
46328,62,71,-9,9
46329,61,75,-14,14
46330,90,96,-6,6
46331,87,85,2,2
46332,163,149,14,14
46333,108,117,-9,9
46334,68,73,-5,5
46335,128,126,2,2
46336,132,153,-21,21
46337,48,62,-14,14
46338,66,71,-5,5
46339,62,73,-11,11
46340,77,91,-14,14
46341,47,68,-21,21
46342,124,122,2,2
46343,95,106,-11,11
46344,65,70,-5,5
46345,70,80,-10,10
46346,133,131,2,2
46347,98,103,-5,5
46348,138,145,-7,7
46349,93,100,-7,7
46350,136,130,6,6
46351,119,114,5,5
46352,102,111,-9,9
46353,106,126,-20,20
46354,75,85,-10,10
46355,58,64,-6,6
46356,130,119,11,11
46357,85,93,-8,8
46358,102,118,-16,16
46359,66,72,-6,6
46360,83,104,-21,21
46361,85,91,-6,6
46362,122,121,1,1
46363,107,118,-11,11
46364,68,80,-12,12
46365,58,67,-9,9
46366,87,89,-2,2
46367,67,77,-10,10
46368,74,84,-10,10
46369,68,72,-4,4
46370,104,100,4,4
46371,158,157,1,1
46372,131,127,4,4
46373,103,106,-3,3
46374,109,114,-5,5
46375,64,70,-6,6
46376,123,121,2,2
46377,111,107,4,4
46378,38,52,-14,14
46379,59,62,-3,3
46380,46,67,-21,21
46381,101,111,-10,10
46382,149,143,6,6
46383,116,116,0,0
46384,62,85,-23,23
46385,78,86,-8,8
46386,92,92,0,0
46387,109,106,3,3
46388,94,101,-7,7
46389,107,116,-9,9
46390,75,85,-10,10
46391,64,76,-12,12
46392,30,51,-21,21
46393,127,128,-1,1
46394,67,74,-7,7
46395,109,113,-4,4
46396,187,172,15,15
46397,90,100,-10,10
46398,123,121,2,2
46399,72,72,0,0
46400,124,129,-5,5
46401,110,112,-2,2
46402,108,113,-5,5
46403,65,78,-13,13
46404,116,127,-11,11
46405,77,96,-19,19
46406,40,55,-15,15
46407,108,111,-3,3
46408,159,151,8,8
46409,60,67,-7,7
46410,116,112,4,4
46411,124,142,-18,18
46412,94,104,-10,10
46413,90,87,3,3
46414,30,44,-14,14
46415,89,91,-2,2
46416,89,90,-1,1
46417,111,122,-11,11
46418,84,91,-7,7
46419,49,62,-13,13
46420,75,70,5,5
46421,136,123,13,13
46422,41,74,-33,33
46423,72,78,-6,6
46424,173,164,9,9
46425,70,81,-11,11
46426,90,99,-9,9
46427,153,155,-2,2
46428,138,144,-6,6
46429,147,149,-2,2
46430,116,131,-15,15
46431,148,143,5,5
46432,117,121,-4,4
46433,103,104,-1,1
46434,123,124,-1,1
46435,151,141,10,10
46436,126,131,-5,5
46437,105,116,-11,11
46438,111,117,-6,6
46439,71,70,1,1
46440,99,117,-18,18
46441,59,74,-15,15
46442,104,100,4,4
46443,60,64,-4,4
46444,88,95,-7,7
46445,63,67,-4,4
46446,186,174,12,12
46447,97,96,1,1
46448,128,123,5,5
46449,162,151,11,11
46450,74,76,-2,2
46451,92,91,1,1
46452,153,146,7,7
46453,97,102,-5,5
46454,116,119,-3,3
46455,161,139,22,22
46456,73,80,-7,7
46457,107,114,-7,7
46458,112,130,-18,18
46459,89,91,-2,2
46460,92,92,0,0
46461,83,89,-6,6
46462,108,126,-18,18
46463,108,119,-11,11
46464,49,55,-6,6
46465,64,69,-5,5
46466,109,120,-11,11
46467,52,59,-7,7
46468,139,145,-6,6
46469,90,94,-4,4
46470,90,97,-7,7
46471,70,79,-9,9
46472,97,103,-6,6
46473,56,69,-13,13
46474,64,82,-18,18
46475,67,70,-3,3
46476,48,59,-11,11
46477,69,73,-4,4
46478,93,99,-6,6
46479,144,142,2,2
46480,145,153,-8,8
46481,142,144,-2,2
46482,150,151,-1,1
46483,58,63,-5,5
46484,120,112,8,8
46485,102,105,-3,3
46486,142,149,-7,7
46487,100,107,-7,7
46488,125,126,-1,1
46489,84,102,-18,18
46490,123,127,-4,4
46491,145,154,-9,9
46492,86,95,-9,9
46493,73,78,-5,5
46494,97,98,-1,1
46495,57,65,-8,8
46496,122,122,0,0
46497,71,68,3,3
46498,99,105,-6,6
46499,83,80,3,3
46500,165,164,1,1
46501,193,170,23,23
46502,104,99,5,5
46503,110,129,-19,19
46504,65,70,-5,5
46505,72,82,-10,10
46506,76,83,-7,7
46507,173,167,6,6
46508,76,97,-21,21
46509,95,98,-3,3
46510,96,99,-3,3
46511,82,83,-1,1
46512,91,104,-13,13
46513,88,90,-2,2
46514,104,112,-8,8
46515,114,122,-8,8
46516,109,109,0,0
46517,74,79,-5,5
46518,137,131,6,6
46519,93,95,-2,2
46520,88,94,-6,6
46521,55,72,-17,17
46522,72,81,-9,9
46523,71,99,-28,28
46524,110,101,9,9
46525,114,120,-6,6
46526,128,134,-6,6
46527,65,78,-13,13
46528,114,120,-6,6
46529,97,98,-1,1
46530,117,150,-33,33
46531,72,82,-10,10
46532,92,92,0,0
46533,64,70,-6,6
46534,125,132,-7,7
46535,99,106,-7,7
46536,56,71,-15,15
46537,54,61,-7,7
46538,122,124,-2,2
46539,178,177,1,1
46540,179,172,7,7
46541,80,85,-5,5
46542,109,110,-1,1
46543,83,88,-5,5
46544,103,99,4,4
46545,61,74,-13,13
46546,125,119,6,6
46547,96,94,2,2
46548,96,120,-24,24
46549,97,102,-5,5
46550,108,95,13,13
46551,89,98,-9,9
46552,55,61,-6,6
46553,87,134,-47,47
46554,49,60,-11,11
46555,94,100,-6,6
46556,93,122,-29,29
46557,75,82,-7,7
46558,65,72,-7,7
46559,52,61,-9,9
46560,83,83,0,0
46561,123,110,13,13
46562,92,93,-1,1
46563,74,85,-11,11
46564,109,103,6,6
46565,52,63,-11,11
46566,76,77,-1,1
46567,116,114,2,2
46568,83,83,0,0
46569,82,85,-3,3
46570,144,141,3,3
46571,35,50,-15,15
46572,155,153,2,2
46573,136,127,9,9
46574,123,124,-1,1
46575,81,85,-4,4
46576,66,77,-11,11
46577,131,126,5,5
46578,133,120,13,13
46579,71,73,-2,2
46580,82,89,-7,7
46581,82,88,-6,6
46582,42,51,-9,9
46583,137,152,-15,15
46584,140,168,-28,28
46585,58,74,-16,16
46586,117,109,8,8
46587,69,88,-19,19
46588,85,93,-8,8
46589,52,53,-1,1
46590,87,104,-17,17
46591,135,145,-10,10
46592,64,71,-7,7
46593,129,113,16,16
46594,190,187,3,3
46595,68,81,-13,13
46596,82,83,-1,1
46597,75,84,-9,9
46598,149,135,14,14
46599,84,88,-4,4
46600,54,61,-7,7
46601,98,102,-4,4
46602,99,94,5,5
46603,125,127,-2,2
46604,86,92,-6,6
46605,95,95,0,0
46606,75,83,-8,8
46607,80,80,0,0
46608,118,125,-7,7
46609,91,91,0,0
46610,106,103,3,3
46611,85,97,-12,12
46612,153,147,6,6
46613,103,110,-7,7
46614,159,157,2,2
46615,69,74,-5,5
46616,166,142,24,24
46617,109,108,1,1
46618,133,124,9,9
46619,191,175,16,16
46620,113,98,15,15
46621,124,119,5,5
46622,139,135,4,4
46623,88,96,-8,8
46624,43,80,-37,37
46625,71,81,-10,10
46626,116,118,-2,2
46627,115,112,3,3
46628,118,121,-3,3
46629,62,69,-7,7
46630,106,113,-7,7
46631,116,131,-15,15
46632,137,131,6,6
46633,201,173,28,28
46634,53,64,-11,11
46635,73,81,-8,8
46636,46,59,-13,13
46637,90,93,-3,3
46638,126,129,-3,3
46639,113,118,-5,5
46640,80,80,0,0
46641,102,98,4,4
46642,161,150,11,11
46643,103,108,-5,5
46644,119,131,-12,12
46645,54,71,-17,17
46646,159,150,9,9
46647,87,85,2,2
46648,59,61,-2,2
46649,59,71,-12,12
46650,90,91,-1,1
46651,59,73,-14,14
46652,104,103,1,1
46653,131,138,-7,7
46654,60,68,-8,8
46655,68,72,-4,4
46656,86,89,-3,3
46657,88,89,-1,1
46658,146,146,0,0
46659,62,68,-6,6
46660,152,151,1,1
46661,104,107,-3,3
46662,67,73,-6,6
46663,102,108,-6,6
46664,96,103,-7,7
46665,99,117,-18,18
46666,99,108,-9,9
46667,76,84,-8,8
46668,97,104,-7,7
46669,83,93,-10,10
46670,112,121,-9,9
46671,63,71,-8,8
46672,136,143,-7,7
46673,74,82,-8,8
46674,172,153,19,19
46675,136,126,10,10
46676,120,127,-7,7
46677,116,120,-4,4
46678,126,125,1,1
46679,114,112,2,2
46680,72,81,-9,9
46681,104,106,-2,2
46682,147,153,-6,6
46683,103,108,-5,5
46684,81,80,1,1
46685,80,90,-10,10
46686,101,107,-6,6
46687,125,113,12,12
46688,92,86,6,6
46689,84,87,-3,3
46690,80,114,-34,34
46691,150,146,4,4
46692,61,71,-10,10
46693,112,112,0,0
46694,112,105,7,7
46695,67,68,-1,1
46696,137,134,3,3
46697,58,71,-13,13
46698,105,108,-3,3
46699,88,97,-9,9
46700,76,79,-3,3
46701,88,87,1,1
46702,108,115,-7,7
46703,97,99,-2,2
46704,141,143,-2,2
46705,64,83,-19,19
46706,51,64,-13,13
46707,101,95,6,6
46708,158,157,1,1
46709,97,102,-5,5
46710,79,91,-12,12
46711,69,74,-5,5
46712,97,111,-14,14
46713,90,94,-4,4
46714,85,96,-11,11
46715,90,93,-3,3
46716,120,121,-1,1
46717,61,69,-8,8
46718,145,146,-1,1
46719,77,85,-8,8
46720,49,65,-16,16
46721,81,89,-8,8
46722,70,78,-8,8
46723,107,104,3,3
46724,87,90,-3,3
46725,66,74,-8,8
46726,108,113,-5,5
46727,86,91,-5,5
46728,68,76,-8,8
46729,84,79,5,5
46730,72,79,-7,7
46731,67,78,-11,11
46732,73,80,-7,7
46733,81,87,-6,6
46734,65,64,1,1
46735,130,118,12,12
46736,47,54,-7,7
46737,117,122,-5,5
46738,141,128,13,13
46739,204,173,31,31
46740,85,88,-3,3
46741,116,128,-12,12
46742,118,114,4,4
46743,110,114,-4,4
46744,100,102,-2,2
46745,93,98,-5,5
46746,53,57,-4,4
46747,86,83,3,3
46748,70,76,-6,6
46749,80,85,-5,5
46750,146,148,-2,2
46751,72,79,-7,7
46752,154,151,3,3
46753,206,204,2,2
46754,72,83,-11,11
46755,141,139,2,2
46756,83,109,-26,26
46757,141,147,-6,6
46758,97,112,-15,15
46759,137,133,4,4
46760,124,130,-6,6
46761,84,92,-8,8
46762,102,122,-20,20
46763,22,63,-41,41
46764,97,104,-7,7
46765,59,68,-9,9
46766,124,131,-7,7
46767,198,194,4,4
46768,93,87,6,6
46769,96,97,-1,1
46770,99,94,5,5
46771,191,158,33,33
46772,88,89,-1,1
46773,88,90,-2,2
46774,114,112,2,2
46775,85,98,-13,13
46776,85,79,6,6
46777,63,74,-11,11
46778,129,116,13,13
46779,142,145,-3,3
46780,66,81,-15,15
46781,64,67,-3,3
46782,72,75,-3,3
46783,143,146,-3,3
46784,73,72,1,1
46785,92,99,-7,7
46786,80,83,-3,3
46787,123,121,2,2
46788,67,77,-10,10
46789,87,108,-21,21
46790,81,73,8,8
46791,77,107,-30,30
46792,70,75,-5,5
46793,120,124,-4,4
46794,119,127,-8,8
46795,116,129,-13,13
46796,193,196,-3,3
46797,90,101,-11,11
46798,113,131,-18,18
46799,109,103,6,6
46800,85,92,-7,7
46801,63,70,-7,7
46802,56,65,-9,9
46803,131,139,-8,8
46804,108,111,-3,3
46805,58,65,-7,7
46806,57,72,-15,15
46807,98,121,-23,23
46808,86,108,-22,22
46809,60,69,-9,9
46810,54,68,-14,14
46811,160,147,13,13
46812,91,108,-17,17
46813,179,149,30,30
46814,68,91,-23,23
46815,143,143,0,0
46816,86,83,3,3
46817,115,121,-6,6
46818,139,129,10,10
46819,95,100,-5,5
46820,66,85,-19,19
46821,66,72,-6,6
46822,143,143,0,0
46823,87,90,-3,3
46824,85,98,-13,13
46825,77,87,-10,10
46826,77,76,1,1
46827,91,88,3,3
46828,80,85,-5,5
46829,23,40,-17,17
46830,92,95,-3,3
46831,109,106,3,3
46832,115,111,4,4
46833,93,102,-9,9
46834,67,77,-10,10
46835,150,145,5,5
46836,78,77,1,1
46837,159,160,-1,1
46838,124,116,8,8
46839,93,111,-18,18
46840,133,140,-7,7
46841,79,90,-11,11
46842,62,70,-8,8
46843,73,77,-4,4
46844,66,74,-8,8
46845,69,72,-3,3
46846,146,159,-13,13
46847,73,74,-1,1
46848,91,105,-14,14
46849,67,74,-7,7
46850,80,106,-26,26
46851,96,97,-1,1
46852,75,77,-2,2
46853,72,91,-19,19
46854,87,89,-2,2
46855,93,91,2,2
46856,115,115,0,0
46857,142,139,3,3
46858,168,141,27,27
46859,149,142,7,7
46860,91,95,-4,4
46861,69,81,-12,12
46862,112,111,1,1
46863,83,86,-3,3
46864,63,66,-3,3
46865,84,91,-7,7
46866,113,108,5,5
46867,98,100,-2,2
46868,174,174,0,0
46869,103,100,3,3
46870,32,84,-52,52
46871,126,131,-5,5
46872,132,137,-5,5
46873,49,58,-9,9
46874,107,111,-4,4
46875,121,138,-17,17
46876,132,114,18,18
46877,75,83,-8,8
46878,71,82,-11,11
46879,69,87,-18,18
46880,158,154,4,4
46881,73,78,-5,5
46882,146,133,13,13
46883,49,66,-17,17
46884,124,128,-4,4
46885,71,74,-3,3
46886,43,52,-9,9
46887,94,104,-10,10
46888,120,136,-16,16
46889,107,113,-6,6
46890,83,82,1,1
46891,111,112,-1,1
46892,79,86,-7,7
46893,93,101,-8,8
46894,130,132,-2,2
46895,119,114,5,5
46896,80,79,1,1
46897,80,78,2,2
46898,76,82,-6,6
46899,101,109,-8,8
46900,131,131,0,0
46901,91,101,-10,10
46902,81,95,-14,14
46903,102,106,-4,4
46904,108,98,10,10
46905,79,84,-5,5
46906,121,117,4,4
46907,135,141,-6,6
46908,68,86,-18,18
46909,104,117,-13,13
46910,44,53,-9,9
46911,103,113,-10,10
46912,136,144,-8,8
46913,107,97,10,10
46914,78,97,-19,19
46915,75,83,-8,8
46916,37,47,-10,10
46917,24,36,-12,12
46918,166,167,-1,1
46919,134,126,8,8
46920,116,120,-4,4
46921,85,91,-6,6
46922,130,134,-4,4
46923,150,145,5,5
46924,103,106,-3,3
46925,92,94,-2,2
46926,127,138,-11,11
46927,72,82,-10,10
46928,95,107,-12,12
46929,56,62,-6,6
46930,170,152,18,18
46931,106,106,0,0
46932,78,86,-8,8
46933,135,141,-6,6
46934,113,110,3,3
46935,191,180,11,11
46936,61,73,-12,12
46937,95,90,5,5
46938,119,120,-1,1
46939,114,110,4,4
46940,88,90,-2,2
46941,71,78,-7,7
46942,76,82,-6,6
46943,50,65,-15,15
46944,69,79,-10,10
46945,51,82,-31,31
46946,74,90,-16,16
46947,79,84,-5,5
46948,74,88,-14,14
46949,113,122,-9,9
46950,99,113,-14,14
46951,86,92,-6,6
46952,91,91,0,0
46953,83,102,-19,19
46954,106,105,1,1
46955,66,70,-4,4
46956,74,76,-2,2
46957,78,80,-2,2
46958,101,107,-6,6
46959,78,93,-15,15
46960,91,105,-14,14
46961,94,105,-11,11
46962,86,91,-5,5
46963,64,73,-9,9
46964,98,86,12,12
46965,100,114,-14,14
46966,148,140,8,8
46967,96,108,-12,12
46968,135,121,14,14
46969,123,140,-17,17
46970,65,73,-8,8
46971,86,86,0,0
46972,86,90,-4,4
46973,93,97,-4,4
46974,106,107,-1,1
46975,122,120,2,2
46976,75,92,-17,17
46977,86,89,-3,3
46978,51,62,-11,11
46979,56,69,-13,13
46980,125,131,-6,6
46981,92,93,-1,1
46982,108,120,-12,12
46983,151,146,5,5
46984,83,91,-8,8
46985,66,81,-15,15
46986,138,127,11,11
46987,120,126,-6,6
46988,79,82,-3,3
46989,86,97,-11,11
46990,163,164,-1,1
46991,112,115,-3,3
46992,98,95,3,3
46993,40,78,-38,38
46994,85,96,-11,11
46995,73,85,-12,12
46996,84,99,-15,15
46997,127,135,-8,8
46998,113,107,6,6
46999,116,116,0,0
47000,91,98,-7,7
47001,91,82,9,9
47002,50,60,-10,10
47003,78,87,-9,9
47004,90,95,-5,5
47005,125,123,2,2
47006,84,95,-11,11
47007,79,84,-5,5
47008,69,76,-7,7
47009,115,107,8,8
47010,227,239,-12,12
47011,107,117,-10,10
47012,136,162,-26,26
47013,88,89,-1,1
47014,117,120,-3,3
47015,81,93,-12,12
47016,150,146,4,4
47017,101,128,-27,27
47018,169,164,5,5
47019,75,86,-11,11
47020,146,152,-6,6
47021,96,97,-1,1
47022,66,76,-10,10
47023,73,80,-7,7
47024,85,100,-15,15
47025,104,97,7,7
47026,53,66,-13,13
47027,148,158,-10,10
47028,119,118,1,1
47029,45,50,-5,5
47030,72,78,-6,6
47031,126,128,-2,2
47032,64,69,-5,5
47033,119,124,-5,5
47034,89,100,-11,11
47035,139,140,-1,1
47036,111,119,-8,8
47037,100,106,-6,6
47038,82,89,-7,7
47039,138,136,2,2
47040,47,54,-7,7
47041,167,152,15,15
47042,63,70,-7,7
47043,118,118,0,0
47044,201,204,-3,3
47045,82,95,-13,13
47046,91,99,-8,8
47047,81,89,-8,8
47048,91,92,-1,1
47049,119,114,5,5
47050,88,87,1,1
47051,76,84,-8,8
47052,86,92,-6,6
47053,47,58,-11,11
47054,134,142,-8,8
47055,96,102,-6,6
47056,82,87,-5,5
47057,82,84,-2,2
47058,89,97,-8,8
47059,99,108,-9,9
47060,93,102,-9,9
47061,87,92,-5,5
47062,62,73,-11,11
47063,58,64,-6,6
47064,82,90,-8,8
47065,142,146,-4,4
47066,101,100,1,1
47067,127,121,6,6
47068,46,56,-10,10
47069,116,114,2,2
47070,54,69,-15,15
47071,71,75,-4,4
47072,121,142,-21,21
47073,80,85,-5,5
47074,86,94,-8,8
47075,119,115,4,4
47076,71,82,-11,11
47077,171,161,10,10
47078,126,116,10,10
47079,57,62,-5,5
47080,99,103,-4,4
47081,55,72,-17,17
47082,77,87,-10,10
47083,110,112,-2,2
47084,77,109,-32,32
47085,111,111,0,0
47086,164,166,-2,2
47087,104,100,4,4
47088,85,90,-5,5
47089,75,82,-7,7
47090,119,118,1,1
47091,82,91,-9,9
47092,122,113,9,9
47093,111,111,0,0
47094,102,102,0,0
47095,54,61,-7,7
47096,96,102,-6,6
47097,65,74,-9,9
47098,135,138,-3,3
47099,79,80,-1,1
47100,92,86,6,6
47101,56,67,-11,11
47102,109,99,10,10
47103,124,126,-2,2
47104,65,77,-12,12
47105,84,90,-6,6
47106,107,106,1,1
47107,114,115,-1,1
47108,92,88,4,4
47109,129,129,0,0
47110,159,153,6,6
47111,80,88,-8,8
47112,106,111,-5,5
47113,76,86,-10,10
47114,81,94,-13,13
47115,115,117,-2,2
47116,89,101,-12,12
47117,66,77,-11,11
47118,49,63,-14,14
47119,74,78,-4,4
47120,77,77,0,0
47121,98,99,-1,1
47122,181,167,14,14
47123,65,73,-8,8
47124,125,126,-1,1
47125,120,130,-10,10
47126,92,90,2,2
47127,125,123,2,2
47128,97,104,-7,7
47129,113,107,6,6
47130,69,79,-10,10
47131,41,53,-12,12
47132,112,116,-4,4
47133,93,92,1,1
47134,77,80,-3,3
47135,114,128,-14,14
47136,90,97,-7,7
47137,119,130,-11,11
47138,85,102,-17,17
47139,99,111,-12,12
47140,113,98,15,15
47141,112,122,-10,10
47142,43,54,-11,11
47143,73,77,-4,4
47144,149,151,-2,2
47145,72,81,-9,9
47146,62,74,-12,12
47147,74,81,-7,7
47148,197,187,10,10
47149,93,109,-16,16
47150,103,86,17,17
47151,96,95,1,1
47152,191,169,22,22
47153,116,114,2,2
47154,75,77,-2,2
47155,99,109,-10,10
47156,94,91,3,3
47157,124,135,-11,11
47158,83,87,-4,4
47159,131,129,2,2
47160,108,99,9,9
47161,108,126,-18,18
47162,77,84,-7,7
47163,77,73,4,4
47164,126,127,-1,1
47165,59,85,-26,26
47166,101,117,-16,16
47167,121,124,-3,3
47168,116,125,-9,9
47169,124,116,8,8
47170,69,70,-1,1
47171,160,153,7,7
47172,67,79,-12,12
47173,111,119,-8,8
47174,80,104,-24,24
47175,44,55,-11,11
47176,89,94,-5,5
47177,92,94,-2,2
47178,105,115,-10,10
47179,113,108,5,5
47180,83,89,-6,6
47181,54,61,-7,7
47182,47,56,-9,9
47183,105,100,5,5
47184,65,68,-3,3
47185,118,114,4,4
47186,115,113,2,2
47187,92,104,-12,12
47188,69,67,2,2
47189,42,54,-12,12
47190,64,66,-2,2
47191,119,128,-9,9
47192,142,134,8,8
47193,117,113,4,4
47194,67,79,-12,12
47195,157,148,9,9
47196,57,70,-13,13
47197,122,116,6,6
47198,84,85,-1,1
47199,112,121,-9,9
47200,96,105,-9,9
47201,75,75,0,0
47202,86,91,-5,5
47203,168,153,15,15
47204,128,121,7,7
47205,111,105,6,6
47206,95,100,-5,5
47207,74,89,-15,15
47208,101,95,6,6
47209,69,71,-2,2
47210,160,159,1,1
47211,139,132,7,7
47212,24,67,-43,43
47213,89,92,-3,3
47214,102,111,-9,9
47215,49,64,-15,15
47216,94,113,-19,19
47217,76,78,-2,2
47218,170,154,16,16
47219,158,154,4,4
47220,31,88,-57,57
47221,66,76,-10,10
47222,106,97,9,9
47223,60,76,-16,16
47224,77,87,-10,10
47225,68,75,-7,7
47226,129,133,-4,4
47227,60,67,-7,7
47228,106,110,-4,4
47229,64,67,-3,3
47230,67,77,-10,10
47231,85,91,-6,6
47232,79,79,0,0
47233,175,166,9,9
47234,20,65,-45,45
47235,169,154,15,15
47236,90,99,-9,9
47237,74,79,-5,5
47238,68,88,-20,20
47239,52,66,-14,14
47240,81,93,-12,12
47241,106,114,-8,8
47242,113,122,-9,9
47243,64,71,-7,7
47244,98,109,-11,11
47245,120,125,-5,5
47246,85,88,-3,3
47247,70,71,-1,1
47248,121,120,1,1
47249,132,125,7,7
47250,50,58,-8,8
47251,68,85,-17,17
47252,55,64,-9,9
47253,122,118,4,4
47254,107,103,4,4
47255,69,80,-11,11
47256,115,115,0,0
47257,118,118,0,0
47258,184,217,-33,33
47259,78,94,-16,16
47260,47,58,-11,11
47261,65,71,-6,6
47262,109,103,6,6
47263,89,87,2,2
47264,141,147,-6,6
47265,68,96,-28,28
47266,167,152,15,15
47267,68,82,-14,14
47268,86,95,-9,9
47269,93,95,-2,2
47270,91,93,-2,2
47271,65,78,-13,13
47272,132,134,-2,2
47273,91,100,-9,9
47274,71,72,-1,1
47275,71,75,-4,4
47276,120,123,-3,3
47277,118,114,4,4
47278,117,121,-4,4
47279,157,156,1,1
47280,73,84,-11,11
47281,108,115,-7,7
47282,82,79,3,3
47283,122,123,-1,1
47284,143,147,-4,4
47285,172,161,11,11
47286,76,72,4,4
47287,130,134,-4,4
47288,61,65,-4,4
47289,65,76,-11,11
47290,128,119,9,9
47291,98,100,-2,2
47292,161,167,-6,6
47293,56,63,-7,7
47294,97,142,-45,45
47295,176,188,-12,12
47296,125,127,-2,2
47297,115,114,1,1
47298,81,92,-11,11
47299,103,105,-2,2
47300,53,62,-9,9
47301,173,168,5,5
47302,132,128,4,4
47303,129,124,5,5
47304,120,122,-2,2
47305,123,122,1,1
47306,203,169,34,34
47307,59,60,-1,1
47308,67,76,-9,9
47309,132,124,8,8
47310,182,166,16,16
47311,143,144,-1,1
47312,97,93,4,4
47313,91,93,-2,2
47314,96,111,-15,15
47315,91,94,-3,3
47316,87,87,0,0
47317,143,149,-6,6
47318,65,67,-2,2
47319,78,75,3,3
47320,78,83,-5,5
47321,140,142,-2,2
47322,93,100,-7,7
47323,52,59,-7,7
47324,95,105,-10,10
47325,96,94,2,2
47326,72,80,-8,8
47327,113,117,-4,4
47328,97,96,1,1
47329,77,84,-7,7
47330,71,79,-8,8
47331,58,65,-7,7
47332,72,77,-5,5
47333,210,186,24,24
47334,97,94,3,3
47335,141,147,-6,6
47336,130,136,-6,6
47337,105,113,-8,8
47338,66,83,-17,17
47339,78,96,-18,18
47340,96,102,-6,6
47341,120,121,-1,1
47342,57,70,-13,13
47343,162,159,3,3
47344,134,139,-5,5
47345,161,150,11,11
47346,171,171,0,0
47347,91,103,-12,12
47348,46,57,-11,11
47349,128,127,1,1
47350,113,107,6,6
47351,96,97,-1,1
47352,55,63,-8,8
47353,101,109,-8,8
47354,146,143,3,3
47355,83,126,-43,43
47356,41,53,-12,12
47357,117,120,-3,3
47358,118,126,-8,8
47359,89,98,-9,9
47360,88,93,-5,5
47361,37,45,-8,8
47362,68,80,-12,12
47363,53,58,-5,5
47364,106,108,-2,2
47365,125,120,5,5
47366,79,86,-7,7
47367,100,103,-3,3
47368,99,110,-11,11
47369,99,109,-10,10
47370,130,126,4,4
47371,75,91,-16,16
47372,101,101,0,0
47373,90,94,-4,4
47374,154,141,13,13
47375,116,114,2,2
47376,60,75,-15,15
47377,144,147,-3,3
47378,75,83,-8,8
47379,110,111,-1,1
47380,124,129,-5,5
47381,79,95,-16,16
47382,38,54,-16,16
47383,90,96,-6,6
47384,84,82,2,2
47385,76,87,-11,11
47386,88,98,-10,10
47387,124,129,-5,5
47388,76,87,-11,11
47389,84,84,0,0
47390,75,82,-7,7
47391,78,81,-3,3
47392,48,60,-12,12
47393,70,85,-15,15
47394,125,121,4,4
47395,129,133,-4,4
47396,75,80,-5,5
47397,91,110,-19,19
47398,108,111,-3,3
47399,100,98,2,2
47400,56,74,-18,18
47401,140,130,10,10
47402,62,68,-6,6
47403,224,186,38,38
47404,109,123,-14,14
47405,159,162,-3,3
47406,90,98,-8,8
47407,125,120,5,5
47408,96,101,-5,5
47409,74,92,-18,18
47410,109,117,-8,8
47411,84,89,-5,5
47412,50,59,-9,9
47413,146,143,3,3
47414,116,111,5,5
47415,93,94,-1,1
47416,92,92,0,0
47417,72,72,0,0
47418,159,140,19,19
47419,79,81,-2,2
47420,117,113,4,4
47421,92,89,3,3
47422,102,104,-2,2
47423,61,70,-9,9
47424,55,60,-5,5
47425,91,87,4,4
47426,94,94,0,0
47427,64,72,-8,8
47428,121,121,0,0
47429,50,59,-9,9
47430,91,93,-2,2
47431,87,93,-6,6
47432,100,102,-2,2
47433,60,74,-14,14
47434,139,141,-2,2
47435,77,80,-3,3
47436,54,67,-13,13
47437,117,103,14,14
47438,105,121,-16,16
47439,105,109,-4,4
47440,78,85,-7,7
47441,108,103,5,5
47442,111,125,-14,14
47443,112,122,-10,10
47444,69,77,-8,8
47445,100,111,-11,11
47446,96,98,-2,2
47447,31,58,-27,27
47448,75,80,-5,5
47449,68,77,-9,9
47450,53,64,-11,11
47451,63,72,-9,9
47452,85,86,-1,1
47453,126,130,-4,4
47454,107,112,-5,5
47455,130,130,0,0
47456,65,72,-7,7
47457,73,78,-5,5
47458,107,114,-7,7
47459,121,126,-5,5
47460,99,104,-5,5
47461,92,102,-10,10
47462,170,171,-1,1
47463,85,76,9,9
47464,142,141,1,1
47465,86,92,-6,6
47466,63,74,-11,11
47467,121,116,5,5
47468,84,96,-12,12
47469,66,72,-6,6
47470,60,66,-6,6
47471,68,70,-2,2
47472,113,126,-13,13
47473,101,105,-4,4
47474,48,62,-14,14
47475,154,152,2,2
47476,160,153,7,7
47477,102,97,5,5
47478,94,99,-5,5
47479,84,84,0,0
47480,107,116,-9,9
47481,66,77,-11,11
47482,87,94,-7,7
47483,84,80,4,4
47484,86,96,-10,10
47485,101,73,28,28
47486,83,84,-1,1
47487,70,71,-1,1
47488,104,98,6,6
47489,78,79,-1,1
47490,69,75,-6,6
47491,172,162,10,10
47492,66,84,-18,18
47493,96,95,1,1
47494,73,81,-8,8
47495,122,132,-10,10
47496,66,80,-14,14
47497,78,86,-8,8
47498,70,136,-66,66
47499,62,74,-12,12
47500,64,69,-5,5
47501,189,174,15,15
47502,101,106,-5,5
47503,83,90,-7,7
47504,88,85,3,3
47505,108,106,2,2
47506,109,113,-4,4
47507,50,52,-2,2
47508,100,100,0,0
47509,98,96,2,2
47510,74,76,-2,2
47511,151,136,15,15
47512,67,78,-11,11
47513,145,138,7,7
47514,99,101,-2,2
47515,79,85,-6,6
47516,66,79,-13,13
47517,87,88,-1,1
47518,104,100,4,4
47519,75,79,-4,4
47520,81,78,3,3
47521,79,91,-12,12
47522,82,87,-5,5
47523,202,183,19,19
47524,64,69,-5,5
47525,142,141,1,1
47526,77,96,-19,19
47527,95,112,-17,17
47528,127,134,-7,7
47529,89,99,-10,10
47530,136,149,-13,13
47531,63,76,-13,13
47532,123,121,2,2
47533,113,113,0,0
47534,98,104,-6,6
47535,136,126,10,10
47536,124,119,5,5
47537,124,120,4,4
47538,162,150,12,12
47539,81,99,-18,18
47540,93,97,-4,4
47541,83,94,-11,11
47542,127,117,10,10
47543,60,61,-1,1
47544,83,89,-6,6
47545,60,69,-9,9
47546,103,114,-11,11
47547,93,87,6,6
47548,78,85,-7,7
47549,97,98,-1,1
47550,73,75,-2,2
47551,128,123,5,5
47552,92,101,-9,9
47553,37,48,-11,11
47554,154,153,1,1
47555,60,74,-14,14
47556,94,96,-2,2
47557,103,105,-2,2
47558,72,79,-7,7
47559,65,80,-15,15
47560,85,95,-10,10
47561,111,114,-3,3
47562,88,97,-9,9
47563,110,107,3,3
47564,102,102,0,0
47565,59,68,-9,9
47566,89,86,3,3
47567,113,104,9,9
47568,65,79,-14,14
47569,148,143,5,5
47570,83,89,-6,6
47571,81,86,-5,5
47572,88,91,-3,3
47573,67,77,-10,10
47574,44,59,-15,15
47575,98,108,-10,10
47576,89,94,-5,5
47577,85,92,-7,7
47578,165,149,16,16
47579,58,74,-16,16
47580,118,114,4,4
47581,138,124,14,14
47582,85,85,0,0
47583,77,84,-7,7
47584,58,65,-7,7
47585,78,78,0,0
47586,94,110,-16,16
47587,51,67,-16,16
47588,109,121,-12,12
47589,72,82,-10,10
47590,71,75,-4,4
47591,83,96,-13,13
47592,97,99,-2,2
47593,81,90,-9,9
47594,192,204,-12,12
47595,152,146,6,6
47596,101,105,-4,4
47597,65,66,-1,1
47598,77,86,-9,9
47599,130,123,7,7
47600,124,105,19,19
47601,89,99,-10,10
47602,105,119,-14,14
47603,85,88,-3,3
47604,147,148,-1,1
47605,108,124,-16,16
47606,86,91,-5,5
47607,66,74,-8,8
47608,62,67,-5,5
47609,74,75,-1,1
47610,144,129,15,15
47611,77,81,-4,4
47612,53,53,0,0
47613,81,82,-1,1
47614,121,122,-1,1
47615,71,75,-4,4
47616,75,74,1,1
47617,105,102,3,3
47618,98,105,-7,7
47619,133,139,-6,6
47620,115,126,-11,11
47621,56,65,-9,9
47622,139,137,2,2
47623,108,113,-5,5
47624,207,187,20,20
47625,43,61,-18,18
47626,135,132,3,3
47627,122,128,-6,6
47628,61,73,-12,12
47629,97,92,5,5
47630,77,80,-3,3
47631,123,112,11,11
47632,59,70,-11,11
47633,113,123,-10,10
47634,125,126,-1,1
47635,88,92,-4,4
47636,72,74,-2,2
47637,137,142,-5,5
47638,113,109,4,4
47639,112,109,3,3
47640,60,73,-13,13
47641,106,114,-8,8
47642,143,144,-1,1
47643,91,95,-4,4
47644,95,95,0,0
47645,155,143,12,12
47646,106,113,-7,7
47647,103,121,-18,18
47648,142,132,10,10
47649,76,81,-5,5
47650,115,124,-9,9
47651,96,125,-29,29
47652,103,101,2,2
47653,106,115,-9,9
47654,67,73,-6,6
47655,100,103,-3,3
47656,103,100,3,3
47657,72,79,-7,7
47658,142,139,3,3
47659,32,60,-28,28
47660,137,148,-11,11
47661,57,71,-14,14
47662,69,82,-13,13
47663,47,62,-15,15
47664,82,82,0,0
47665,113,107,6,6
47666,81,92,-11,11
47667,96,101,-5,5
47668,67,71,-4,4
47669,138,131,7,7
47670,73,76,-3,3
47671,62,85,-23,23
47672,45,63,-18,18
47673,106,105,1,1
47674,65,69,-4,4
47675,79,85,-6,6
47676,109,119,-10,10
47677,147,142,5,5
47678,67,69,-2,2
47679,94,95,-1,1
47680,73,80,-7,7
47681,57,72,-15,15
47682,124,115,9,9
47683,68,77,-9,9
47684,89,89,0,0
47685,105,100,5,5
47686,64,81,-17,17
47687,78,90,-12,12
47688,108,106,2,2
47689,171,169,2,2
47690,92,88,4,4
47691,63,74,-11,11
47692,66,75,-9,9
47693,85,96,-11,11
47694,134,133,1,1
47695,73,77,-4,4
47696,85,89,-4,4
47697,81,86,-5,5
47698,119,119,0,0
47699,64,68,-4,4
47700,73,77,-4,4
47701,120,113,7,7
47702,122,121,1,1
47703,97,107,-10,10
47704,69,79,-10,10
47705,88,90,-2,2
47706,86,93,-7,7
47707,87,94,-7,7
47708,152,145,7,7
47709,65,72,-7,7
47710,37,57,-20,20
47711,125,116,9,9
47712,117,130,-13,13
47713,72,78,-6,6
47714,120,142,-22,22
47715,67,76,-9,9
47716,147,145,2,2
47717,142,140,2,2
47718,111,99,12,12
47719,104,108,-4,4
47720,90,87,3,3
47721,76,82,-6,6
47722,82,83,-1,1
47723,122,104,18,18
47724,176,165,11,11
47725,97,86,11,11
47726,84,91,-7,7
47727,94,93,1,1
47728,175,182,-7,7
47729,90,98,-8,8
47730,62,70,-8,8
47731,116,111,5,5
47732,137,135,2,2
47733,141,135,6,6
47734,96,118,-22,22
47735,99,103,-4,4
47736,66,70,-4,4
47737,183,179,4,4
47738,64,70,-6,6
47739,137,149,-12,12
47740,51,61,-10,10
47741,35,44,-9,9
47742,137,126,11,11
47743,151,156,-5,5
47744,115,117,-2,2
47745,94,96,-2,2
47746,42,49,-7,7
47747,57,71,-14,14
47748,102,115,-13,13
47749,59,67,-8,8
47750,73,90,-17,17
47751,80,83,-3,3
47752,102,114,-12,12
47753,111,111,0,0
47754,150,150,0,0
47755,149,140,9,9
47756,129,123,6,6
47757,35,66,-31,31
47758,50,62,-12,12
47759,85,86,-1,1
47760,90,94,-4,4
47761,129,121,8,8
47762,111,119,-8,8
47763,80,94,-14,14
47764,165,172,-7,7
47765,69,76,-7,7
47766,132,122,10,10
47767,145,140,5,5
47768,51,61,-10,10
47769,152,142,10,10
47770,64,72,-8,8
47771,168,156,12,12
47772,100,111,-11,11
47773,72,71,1,1
47774,86,96,-10,10
47775,67,81,-14,14
47776,71,81,-10,10
47777,156,154,2,2
47778,92,93,-1,1
47779,93,100,-7,7
47780,95,104,-9,9
47781,113,114,-1,1
47782,105,105,0,0
47783,77,88,-11,11
47784,96,110,-14,14
47785,103,109,-6,6
47786,76,96,-20,20
47787,77,79,-2,2
47788,103,98,5,5
47789,80,85,-5,5
47790,72,83,-11,11
47791,98,103,-5,5
47792,94,90,4,4
47793,145,152,-7,7
47794,57,60,-3,3
47795,95,94,1,1
47796,97,83,14,14
47797,160,149,11,11
47798,161,155,6,6
47799,71,74,-3,3
47800,95,94,1,1
47801,100,104,-4,4
47802,57,55,2,2
47803,96,99,-3,3
47804,70,75,-5,5
47805,51,86,-35,35
47806,70,76,-6,6
47807,27,45,-18,18
47808,93,94,-1,1
47809,110,111,-1,1
47810,128,128,0,0
47811,146,156,-10,10
47812,81,77,4,4
47813,100,99,1,1
47814,77,76,1,1
47815,57,68,-11,11
47816,110,109,1,1
47817,90,99,-9,9
47818,105,115,-10,10
47819,91,89,2,2
47820,158,153,5,5
47821,79,80,-1,1
47822,52,61,-9,9
47823,86,85,1,1
47824,100,102,-2,2
47825,65,71,-6,6
47826,116,111,5,5
47827,75,79,-4,4
47828,95,96,-1,1
47829,71,81,-10,10
47830,87,97,-10,10
47831,79,80,-1,1
47832,77,82,-5,5
47833,55,64,-9,9
47834,94,98,-4,4
47835,99,99,0,0
47836,98,104,-6,6
47837,95,114,-19,19
47838,123,127,-4,4
47839,76,94,-18,18
47840,157,164,-7,7
47841,75,84,-9,9
47842,114,116,-2,2
47843,47,50,-3,3
47844,110,114,-4,4
47845,122,121,1,1
47846,89,105,-16,16
47847,65,74,-9,9
47848,63,75,-12,12
47849,140,132,8,8
47850,101,108,-7,7
47851,132,130,2,2
47852,175,181,-6,6
47853,79,83,-4,4
47854,97,100,-3,3
47855,108,101,7,7
47856,76,74,2,2
47857,80,81,-1,1
47858,114,110,4,4
47859,160,168,-8,8
47860,101,99,2,2
47861,143,134,9,9
47862,40,53,-13,13
47863,151,144,7,7
47864,111,131,-20,20
47865,105,126,-21,21
47866,93,95,-2,2
47867,121,124,-3,3
47868,162,155,7,7
47869,91,105,-14,14
47870,86,91,-5,5
47871,133,143,-10,10
47872,69,79,-10,10
47873,110,104,6,6
47874,76,78,-2,2
47875,70,82,-12,12
47876,129,114,15,15
47877,105,103,2,2
47878,118,118,0,0
47879,51,63,-12,12
47880,155,146,9,9
47881,80,86,-6,6
47882,91,111,-20,20
47883,87,90,-3,3
47884,61,79,-18,18
47885,65,71,-6,6
47886,85,93,-8,8
47887,89,93,-4,4
47888,62,70,-8,8
47889,85,91,-6,6
47890,65,80,-15,15
47891,127,125,2,2
47892,94,102,-8,8
47893,106,110,-4,4
47894,72,78,-6,6
47895,115,117,-2,2
47896,100,95,5,5
47897,56,64,-8,8
47898,78,91,-13,13
47899,100,104,-4,4
47900,94,98,-4,4
47901,104,103,1,1
47902,76,81,-5,5
47903,100,102,-2,2
47904,114,112,2,2
47905,94,91,3,3
47906,92,100,-8,8
47907,51,60,-9,9
47908,129,131,-2,2
47909,30,45,-15,15
47910,91,108,-17,17
47911,72,81,-9,9
47912,99,102,-3,3
47913,59,67,-8,8
47914,103,105,-2,2
47915,140,122,18,18
47916,71,81,-10,10
47917,77,81,-4,4
47918,108,113,-5,5
47919,87,84,3,3
47920,150,154,-4,4
47921,108,117,-9,9
47922,78,82,-4,4
47923,143,140,3,3
47924,109,121,-12,12
47925,81,90,-9,9
47926,82,94,-12,12
47927,46,56,-10,10
47928,142,132,10,10
47929,54,64,-10,10
47930,89,101,-12,12
47931,53,61,-8,8
47932,73,76,-3,3
47933,74,82,-8,8
47934,43,50,-7,7
47935,89,96,-7,7
47936,71,80,-9,9
47937,62,82,-20,20
47938,59,72,-13,13
47939,114,109,5,5
47940,56,64,-8,8
47941,94,100,-6,6
47942,102,115,-13,13
47943,112,112,0,0
47944,75,83,-8,8
47945,77,94,-17,17
47946,124,126,-2,2
47947,128,120,8,8
47948,70,83,-13,13
47949,84,139,-55,55
47950,151,141,10,10
47951,113,110,3,3
47952,85,85,0,0
47953,82,104,-22,22
47954,163,165,-2,2
47955,124,139,-15,15
47956,80,82,-2,2
47957,122,149,-27,27
47958,88,83,5,5
47959,66,69,-3,3
47960,83,89,-6,6
47961,118,115,3,3
47962,57,63,-6,6
47963,66,80,-14,14
47964,108,112,-4,4
47965,93,106,-13,13
47966,51,59,-8,8
47967,171,163,8,8
47968,114,108,6,6
47969,45,59,-14,14
47970,86,86,0,0
47971,62,77,-15,15
47972,67,75,-8,8
47973,76,86,-10,10
47974,108,117,-9,9
47975,100,121,-21,21
47976,139,136,3,3
47977,115,118,-3,3
47978,144,121,23,23
47979,90,86,4,4
47980,91,86,5,5
47981,75,85,-10,10
47982,135,132,3,3
47983,67,83,-16,16
47984,117,107,10,10
47985,127,118,9,9
47986,59,65,-6,6
47987,48,61,-13,13
47988,69,75,-6,6
47989,93,90,3,3
47990,123,128,-5,5
47991,131,143,-12,12
47992,105,108,-3,3
47993,121,129,-8,8
47994,111,119,-8,8
47995,43,54,-11,11
47996,131,126,5,5
47997,133,126,7,7
47998,74,84,-10,10
47999,154,140,14,14
48000,36,49,-13,13
48001,83,97,-14,14
48002,114,120,-6,6
48003,115,111,4,4
48004,117,116,1,1
48005,129,126,3,3
48006,119,119,0,0
48007,65,73,-8,8
48008,88,96,-8,8
48009,80,80,0,0
48010,43,50,-7,7
48011,68,78,-10,10
48012,157,149,8,8
48013,104,108,-4,4
48014,56,61,-5,5
48015,52,66,-14,14
48016,115,113,2,2
48017,64,68,-4,4
48018,139,139,0,0
48019,58,68,-10,10
48020,105,113,-8,8
48021,196,193,3,3
48022,117,109,8,8
48023,108,97,11,11
48024,109,126,-17,17
48025,53,58,-5,5
48026,97,91,6,6
48027,89,98,-9,9
48028,136,133,3,3
48029,156,164,-8,8
48030,107,103,4,4
48031,48,52,-4,4
48032,108,117,-9,9
48033,151,140,11,11
48034,71,91,-20,20
48035,99,97,2,2
48036,119,107,12,12
48037,131,133,-2,2
48038,72,80,-8,8
48039,112,112,0,0
48040,142,151,-9,9
48041,130,130,0,0
48042,103,109,-6,6
48043,136,137,-1,1
48044,61,67,-6,6
48045,93,95,-2,2
48046,124,125,-1,1
48047,44,59,-15,15
48048,166,175,-9,9
48049,134,139,-5,5
48050,85,87,-2,2
48051,56,72,-16,16
48052,58,73,-15,15
48053,95,98,-3,3
48054,113,112,1,1
48055,80,91,-11,11
48056,105,104,1,1
48057,56,59,-3,3
48058,79,90,-11,11
48059,77,88,-11,11
48060,90,94,-4,4
48061,68,86,-18,18
48062,65,77,-12,12
48063,95,100,-5,5
48064,51,63,-12,12
48065,99,96,3,3
48066,81,77,4,4
48067,116,108,8,8
48068,72,80,-8,8
48069,55,69,-14,14
48070,144,143,1,1
48071,74,87,-13,13
48072,135,142,-7,7
48073,60,71,-11,11
48074,76,91,-15,15
48075,144,126,18,18
48076,141,128,13,13
48077,80,71,9,9
48078,74,87,-13,13
48079,83,89,-6,6
48080,76,76,0,0
48081,100,104,-4,4
48082,97,101,-4,4
48083,141,125,16,16
48084,109,108,1,1
48085,87,115,-28,28
48086,104,108,-4,4
48087,69,76,-7,7
48088,60,78,-18,18
48089,71,83,-12,12
48090,64,73,-9,9
48091,69,82,-13,13
48092,92,98,-6,6
48093,93,95,-2,2
48094,88,87,1,1
48095,11,27,-16,16
48096,132,127,5,5
48097,62,76,-14,14
48098,73,95,-22,22
48099,110,105,5,5
48100,84,95,-11,11
48101,63,62,1,1
48102,110,112,-2,2
48103,61,64,-3,3
48104,81,96,-15,15
48105,107,111,-4,4
48106,161,150,11,11
48107,66,71,-5,5
48108,59,75,-16,16
48109,115,129,-14,14
48110,113,115,-2,2
48111,125,128,-3,3
48112,104,108,-4,4
48113,90,96,-6,6
48114,84,88,-4,4
48115,101,105,-4,4
48116,151,143,8,8
48117,127,128,-1,1
48118,102,103,-1,1
48119,85,96,-11,11
48120,64,75,-11,11
48121,114,119,-5,5
48122,104,101,3,3
48123,99,105,-6,6
48124,60,69,-9,9
48125,102,114,-12,12
48126,125,124,1,1
48127,109,125,-16,16
48128,106,106,0,0
48129,91,100,-9,9
48130,54,77,-23,23
48131,86,107,-21,21
48132,108,118,-10,10
48133,61,72,-11,11
48134,63,86,-23,23
48135,112,116,-4,4
48136,35,46,-11,11
48137,86,89,-3,3
48138,79,91,-12,12
48139,112,115,-3,3
48140,180,176,4,4
48141,94,92,2,2
48142,125,121,4,4
48143,82,84,-2,2
48144,94,104,-10,10
48145,83,82,1,1
48146,93,103,-10,10
48147,89,96,-7,7
48148,63,72,-9,9
48149,120,125,-5,5
48150,91,84,7,7
48151,102,128,-26,26
48152,70,81,-11,11
48153,66,70,-4,4
48154,73,79,-6,6
48155,122,113,9,9
48156,50,60,-10,10
48157,65,81,-16,16
48158,146,143,3,3
48159,72,81,-9,9
48160,109,103,6,6
48161,67,81,-14,14
48162,138,137,1,1
48163,78,84,-6,6
48164,143,146,-3,3
48165,82,86,-4,4
48166,147,158,-11,11
48167,115,118,-3,3
48168,107,113,-6,6
48169,60,69,-9,9
48170,95,94,1,1
48171,95,98,-3,3
48172,39,57,-18,18
48173,75,92,-17,17
48174,61,69,-8,8
48175,194,210,-16,16
48176,67,81,-14,14
48177,104,103,1,1
48178,79,87,-8,8
48179,57,78,-21,21
48180,45,57,-12,12
48181,66,80,-14,14
48182,70,78,-8,8
48183,61,82,-21,21
48184,93,94,-1,1
48185,104,106,-2,2
48186,122,138,-16,16
48187,64,71,-7,7
48188,68,78,-10,10
48189,132,137,-5,5
48190,55,63,-8,8
48191,117,118,-1,1
48192,89,89,0,0
48193,83,95,-12,12
48194,94,104,-10,10
48195,59,61,-2,2
48196,149,141,8,8
48197,77,89,-12,12
48198,92,103,-11,11
48199,84,82,2,2
48200,71,76,-5,5
48201,75,77,-2,2
48202,123,115,8,8
48203,108,112,-4,4
48204,90,97,-7,7
48205,99,89,10,10
48206,38,53,-15,15
48207,59,73,-14,14
48208,104,106,-2,2
48209,114,127,-13,13
48210,83,90,-7,7
48211,182,163,19,19
48212,89,92,-3,3
48213,77,75,2,2
48214,146,134,12,12
48215,74,81,-7,7
48216,73,75,-2,2
48217,71,76,-5,5
48218,70,72,-2,2
48219,139,146,-7,7
48220,75,68,7,7
48221,110,130,-20,20
48222,106,113,-7,7
48223,150,148,2,2
48224,132,127,5,5
48225,108,102,6,6
48226,56,67,-11,11
48227,133,134,-1,1
48228,123,114,9,9
48229,58,62,-4,4
48230,73,88,-15,15
48231,118,112,6,6
48232,83,89,-6,6
48233,66,70,-4,4
48234,83,90,-7,7
48235,89,94,-5,5
48236,87,100,-13,13
48237,95,100,-5,5
48238,57,68,-11,11
48239,124,128,-4,4
48240,136,138,-2,2
48241,102,106,-4,4
48242,123,128,-5,5
48243,53,60,-7,7
48244,59,75,-16,16
48245,150,135,15,15
48246,140,137,3,3
48247,88,93,-5,5
48248,140,137,3,3
48249,86,95,-9,9
48250,106,109,-3,3
48251,127,143,-16,16
48252,88,87,1,1
48253,99,111,-12,12
48254,83,89,-6,6
48255,81,88,-7,7
48256,151,140,11,11
48257,144,148,-4,4
48258,55,63,-8,8
48259,66,72,-6,6
48260,103,103,0,0
48261,100,101,-1,1
48262,76,78,-2,2
48263,115,115,0,0
48264,135,127,8,8
48265,128,120,8,8
48266,163,156,7,7
48267,81,83,-2,2
48268,88,93,-5,5
48269,86,118,-32,32
48270,147,140,7,7
48271,179,169,10,10
48272,98,99,-1,1
48273,91,92,-1,1
48274,145,143,2,2
48275,53,64,-11,11
48276,122,127,-5,5
48277,79,82,-3,3
48278,118,132,-14,14
48279,100,93,7,7
48280,76,76,0,0
48281,148,147,1,1
48282,55,62,-7,7
48283,80,84,-4,4
48284,129,139,-10,10
48285,52,71,-19,19
48286,108,112,-4,4
48287,71,78,-7,7
48288,49,59,-10,10
48289,111,108,3,3
48290,97,95,2,2
48291,106,100,6,6
48292,31,45,-14,14
48293,62,72,-10,10
48294,140,157,-17,17
48295,102,99,3,3
48296,68,68,0,0
48297,66,74,-8,8
48298,98,105,-7,7
48299,29,45,-16,16
48300,162,155,7,7
48301,68,76,-8,8
48302,39,53,-14,14
48303,61,71,-10,10
48304,126,138,-12,12
48305,82,74,8,8
48306,95,91,4,4
48307,86,98,-12,12
48308,91,96,-5,5
48309,68,90,-22,22
48310,70,80,-10,10
48311,56,59,-3,3
48312,113,116,-3,3
48313,83,82,1,1
48314,185,169,16,16
48315,133,130,3,3
48316,98,100,-2,2
48317,47,62,-15,15
48318,86,85,1,1
48319,115,110,5,5
48320,121,117,4,4
48321,130,135,-5,5
48322,116,117,-1,1
48323,55,61,-6,6
48324,88,91,-3,3
48325,158,160,-2,2
48326,208,206,2,2
48327,104,101,3,3
48328,109,113,-4,4
48329,94,106,-12,12
48330,49,61,-12,12
48331,66,79,-13,13
48332,135,151,-16,16
48333,112,105,7,7
48334,75,81,-6,6
48335,99,102,-3,3
48336,98,106,-8,8
48337,77,91,-14,14
48338,108,102,6,6
48339,81,88,-7,7
48340,99,116,-17,17
48341,113,98,15,15
48342,68,79,-11,11
48343,111,116,-5,5
48344,57,69,-12,12
48345,141,129,12,12
48346,96,98,-2,2
48347,57,73,-16,16
48348,86,92,-6,6
48349,64,90,-26,26
48350,58,61,-3,3
48351,68,76,-8,8
48352,79,82,-3,3
48353,128,131,-3,3
48354,133,127,6,6
48355,129,140,-11,11
48356,98,99,-1,1
48357,126,118,8,8
48358,68,78,-10,10
48359,98,98,0,0
48360,76,70,6,6
48361,151,139,12,12
48362,143,145,-2,2
48363,81,90,-9,9
48364,154,142,12,12
48365,99,106,-7,7
48366,58,66,-8,8
48367,40,51,-11,11
48368,101,108,-7,7
48369,88,87,1,1
48370,102,97,5,5
48371,82,84,-2,2
48372,80,83,-3,3
48373,77,81,-4,4
48374,91,93,-2,2
48375,133,134,-1,1
48376,160,145,15,15
48377,137,137,0,0
48378,110,109,1,1
48379,78,77,1,1
48380,83,91,-8,8
48381,68,86,-18,18
48382,85,96,-11,11
48383,90,93,-3,3
48384,51,61,-10,10
48385,95,97,-2,2
48386,133,127,6,6
48387,63,73,-10,10
48388,64,70,-6,6
48389,64,66,-2,2
48390,128,136,-8,8
48391,94,105,-11,11
48392,87,90,-3,3
48393,49,60,-11,11
48394,66,70,-4,4
48395,53,62,-9,9
48396,99,104,-5,5
48397,55,70,-15,15
48398,166,160,6,6
48399,179,168,11,11
48400,100,98,2,2
48401,97,99,-2,2
48402,139,130,9,9
48403,59,68,-9,9
48404,175,165,10,10
48405,123,136,-13,13
48406,72,80,-8,8
48407,77,92,-15,15
48408,86,82,4,4
48409,52,65,-13,13
48410,122,139,-17,17
48411,83,86,-3,3
48412,109,122,-13,13
48413,123,121,2,2
48414,72,82,-10,10
48415,86,92,-6,6
48416,97,114,-17,17
48417,98,98,0,0
48418,98,94,4,4
48419,72,75,-3,3
48420,160,147,13,13
48421,61,66,-5,5
48422,91,97,-6,6
48423,65,67,-2,2
48424,145,140,5,5
48425,60,67,-7,7
48426,125,119,6,6
48427,57,66,-9,9
48428,117,114,3,3
48429,104,105,-1,1
48430,141,139,2,2
48431,65,73,-8,8
48432,78,78,0,0
48433,74,81,-7,7
48434,82,88,-6,6
48435,83,90,-7,7
48436,79,89,-10,10
48437,79,86,-7,7
48438,73,80,-7,7
48439,154,140,14,14
48440,89,95,-6,6
48441,83,94,-11,11
48442,79,83,-4,4
48443,167,152,15,15
48444,103,121,-18,18
48445,89,92,-3,3
48446,199,185,14,14
48447,63,77,-14,14
48448,67,71,-4,4
48449,152,164,-12,12
48450,98,106,-8,8
48451,78,85,-7,7
48452,78,82,-4,4
48453,119,128,-9,9
48454,93,101,-8,8
48455,121,128,-7,7
48456,105,98,7,7
48457,184,143,41,41
48458,60,69,-9,9
48459,167,148,19,19
48460,51,64,-13,13
48461,114,123,-9,9
48462,59,68,-9,9
48463,98,107,-9,9
48464,62,73,-11,11
48465,74,68,6,6
48466,87,87,0,0
48467,84,88,-4,4
48468,63,68,-5,5
48469,103,99,4,4
48470,133,125,8,8
48471,125,116,9,9
48472,137,142,-5,5
48473,82,81,1,1
48474,145,147,-2,2
48475,111,118,-7,7
48476,117,116,1,1
48477,61,68,-7,7
48478,107,115,-8,8
48479,127,127,0,0
48480,50,57,-7,7
48481,75,78,-3,3
48482,173,167,6,6
48483,162,148,14,14
48484,72,88,-16,16
48485,104,106,-2,2
48486,84,86,-2,2
48487,84,83,1,1
48488,99,105,-6,6
48489,109,110,-1,1
48490,125,135,-10,10
48491,100,106,-6,6
48492,108,117,-9,9
48493,118,124,-6,6
48494,70,83,-13,13
48495,67,66,1,1
48496,39,51,-12,12
48497,87,94,-7,7
48498,71,88,-17,17
48499,65,73,-8,8
48500,185,168,17,17
48501,89,91,-2,2
48502,94,96,-2,2
48503,68,78,-10,10
48504,66,72,-6,6
48505,126,124,2,2
48506,99,105,-6,6
48507,100,105,-5,5
48508,85,86,-1,1
48509,38,56,-18,18
48510,170,161,9,9
48511,109,102,7,7
48512,90,90,0,0
48513,58,65,-7,7
48514,52,63,-11,11
48515,162,174,-12,12
48516,60,69,-9,9
48517,99,102,-3,3
48518,80,81,-1,1
48519,82,101,-19,19
48520,112,114,-2,2
48521,81,78,3,3
48522,112,131,-19,19
48523,160,151,9,9
48524,44,59,-15,15
48525,60,71,-11,11
48526,87,86,1,1
48527,66,67,-1,1
48528,54,61,-7,7
48529,158,141,17,17
48530,125,127,-2,2
48531,61,69,-8,8
48532,179,168,11,11
48533,174,147,27,27
48534,86,106,-20,20
48535,86,103,-17,17
48536,79,103,-24,24
48537,60,69,-9,9
48538,78,79,-1,1
48539,128,137,-9,9
48540,111,109,2,2
48541,98,103,-5,5
48542,142,126,16,16
48543,65,72,-7,7
48544,142,132,10,10
48545,176,175,1,1
48546,88,88,0,0
48547,165,160,5,5
48548,85,97,-12,12
48549,85,85,0,0
48550,88,96,-8,8
48551,97,109,-12,12
48552,125,128,-3,3
48553,99,100,-1,1
48554,83,85,-2,2
48555,97,99,-2,2
48556,96,98,-2,2
48557,62,74,-12,12
48558,99,117,-18,18
48559,57,68,-11,11
48560,77,88,-11,11
48561,77,89,-12,12
48562,104,128,-24,24
48563,114,108,6,6
48564,94,93,1,1
48565,67,90,-23,23
48566,112,109,3,3
48567,128,123,5,5
48568,93,101,-8,8
48569,115,130,-15,15
48570,63,69,-6,6
48571,67,78,-11,11
48572,136,141,-5,5
48573,96,110,-14,14
48574,97,108,-11,11
48575,97,114,-17,17
48576,100,98,2,2
48577,60,69,-9,9
48578,155,176,-21,21
48579,80,96,-16,16
48580,92,109,-17,17
48581,130,126,4,4
48582,139,129,10,10
48583,121,124,-3,3
48584,58,68,-10,10
48585,73,85,-12,12
48586,98,102,-4,4
48587,95,107,-12,12
48588,126,121,5,5
48589,112,115,-3,3
48590,82,94,-12,12
48591,105,107,-2,2
48592,68,86,-18,18
48593,67,85,-18,18
48594,121,125,-4,4
48595,164,146,18,18
48596,107,118,-11,11
48597,110,111,-1,1
48598,125,128,-3,3
48599,71,77,-6,6
48600,77,89,-12,12
48601,97,101,-4,4
48602,114,124,-10,10
48603,140,142,-2,2
48604,57,69,-12,12
48605,99,101,-2,2
48606,99,101,-2,2
48607,52,55,-3,3
48608,83,81,2,2
48609,173,231,-58,58
48610,94,104,-10,10
48611,47,64,-17,17
48612,58,74,-16,16
48613,61,78,-17,17
48614,82,101,-19,19
48615,53,75,-22,22
48616,53,63,-10,10
48617,77,84,-7,7
48618,88,101,-13,13
48619,74,84,-10,10
48620,74,75,-1,1
48621,150,144,6,6
48622,135,139,-4,4
48623,176,174,2,2
48624,53,69,-16,16
48625,140,139,1,1
48626,106,121,-15,15
48627,189,170,19,19
48628,104,121,-17,17
48629,71,92,-21,21
48630,66,68,-2,2
48631,82,96,-14,14
48632,111,132,-21,21
48633,114,108,6,6
48634,140,141,-1,1
48635,95,104,-9,9
48636,152,146,6,6
48637,101,116,-15,15
48638,67,69,-2,2
48639,47,64,-17,17
48640,73,86,-13,13
48641,84,105,-21,21
48642,92,89,3,3
48643,157,157,0,0
48644,128,134,-6,6
48645,96,110,-14,14
48646,91,95,-4,4
48647,92,92,0,0
48648,132,130,2,2
48649,170,165,5,5
48650,103,96,7,7
48651,46,64,-18,18
48652,123,115,8,8
48653,91,86,5,5
48654,111,118,-7,7
48655,144,149,-5,5
48656,73,82,-9,9
48657,116,112,4,4
48658,137,136,1,1
48659,131,123,8,8
48660,37,51,-14,14
48661,84,95,-11,11
48662,91,94,-3,3
48663,175,176,-1,1
48664,137,142,-5,5
48665,91,91,0,0
48666,41,57,-16,16
48667,88,85,3,3
48668,86,86,0,0
48669,67,78,-11,11
48670,181,167,14,14
48671,108,110,-2,2
48672,51,52,-1,1
48673,145,140,5,5
48674,87,93,-6,6
48675,42,52,-10,10
48676,92,95,-3,3
48677,196,180,16,16
48678,43,55,-12,12
48679,108,114,-6,6
48680,131,122,9,9
48681,105,116,-11,11
48682,77,87,-10,10
48683,80,84,-4,4
48684,144,140,4,4
48685,120,138,-18,18
48686,70,77,-7,7
48687,62,70,-8,8
48688,40,51,-11,11
48689,80,80,0,0
48690,93,92,1,1
48691,41,57,-16,16
48692,90,99,-9,9
48693,82,83,-1,1
48694,85,95,-10,10
48695,103,101,2,2
48696,119,119,0,0
48697,65,74,-9,9
48698,85,86,-1,1
48699,114,109,5,5
48700,95,95,0,0
48701,39,47,-8,8
48702,89,90,-1,1
48703,116,120,-4,4
48704,133,140,-7,7
48705,76,83,-7,7
48706,146,139,7,7
48707,55,65,-10,10
48708,170,168,2,2
48709,76,79,-3,3
48710,89,96,-7,7
48711,76,99,-23,23
48712,107,103,4,4
48713,69,72,-3,3
48714,94,111,-17,17
48715,106,110,-4,4
48716,91,86,5,5
48717,158,163,-5,5
48718,110,115,-5,5
48719,69,80,-11,11
48720,90,90,0,0
48721,99,98,1,1
48722,74,80,-6,6
48723,94,104,-10,10
48724,70,78,-8,8
48725,81,98,-17,17
48726,136,149,-13,13
48727,89,98,-9,9
48728,113,122,-9,9
48729,110,108,2,2
48730,137,142,-5,5
48731,100,102,-2,2
48732,114,114,0,0
48733,122,111,11,11
48734,27,38,-11,11
48735,105,117,-12,12
48736,65,79,-14,14
48737,120,135,-15,15
48738,68,76,-8,8
48739,158,154,4,4
48740,76,85,-9,9
48741,123,121,2,2
48742,71,74,-3,3
48743,86,94,-8,8
48744,68,82,-14,14
48745,118,117,1,1
48746,36,53,-17,17
48747,26,40,-14,14
48748,55,63,-8,8
48749,87,92,-5,5
48750,117,113,4,4
48751,36,52,-16,16
48752,112,111,1,1
48753,73,73,0,0
48754,93,96,-3,3
48755,122,114,8,8
48756,117,116,1,1
48757,116,130,-14,14
48758,95,96,-1,1
48759,51,58,-7,7
48760,81,86,-5,5
48761,88,84,4,4
48762,62,71,-9,9
48763,84,74,10,10
48764,69,82,-13,13
48765,62,72,-10,10
48766,101,108,-7,7
48767,112,115,-3,3
48768,182,162,20,20
48769,51,67,-16,16
48770,89,97,-8,8
48771,123,127,-4,4
48772,91,95,-4,4
48773,67,81,-14,14
48774,150,141,9,9
48775,61,74,-13,13
48776,107,108,-1,1
48777,53,66,-13,13
48778,79,89,-10,10
48779,143,157,-14,14
48780,115,125,-10,10
48781,66,77,-11,11
48782,104,106,-2,2
48783,154,163,-9,9
48784,96,95,1,1
48785,165,166,-1,1
48786,124,129,-5,5
48787,108,107,1,1
48788,106,116,-10,10
48789,124,130,-6,6
48790,91,101,-10,10
48791,98,123,-25,25
48792,74,88,-14,14
48793,146,151,-5,5
48794,136,142,-6,6
48795,96,114,-18,18
48796,117,120,-3,3
48797,113,113,0,0
48798,118,115,3,3
48799,151,135,16,16
48800,157,156,1,1
48801,98,89,9,9
48802,136,138,-2,2
48803,119,136,-17,17
48804,66,71,-5,5
48805,144,141,3,3
48806,118,123,-5,5
48807,186,180,6,6
48808,91,98,-7,7
48809,99,102,-3,3
48810,78,86,-8,8
48811,81,91,-10,10
48812,77,87,-10,10
48813,51,61,-10,10
48814,81,91,-10,10
48815,110,112,-2,2
48816,83,87,-4,4
48817,75,94,-19,19
48818,73,80,-7,7
48819,113,115,-2,2
48820,84,86,-2,2
48821,94,98,-4,4
48822,77,98,-21,21
48823,101,101,0,0
48824,100,95,5,5
48825,68,75,-7,7
48826,65,75,-10,10
48827,159,159,0,0
48828,66,73,-7,7
48829,149,132,17,17
48830,81,105,-24,24
48831,56,65,-9,9
48832,149,165,-16,16
48833,56,65,-9,9
48834,110,115,-5,5
48835,61,71,-10,10
48836,57,57,0,0
48837,107,113,-6,6
48838,58,69,-11,11
48839,106,112,-6,6
48840,145,130,15,15
48841,70,79,-9,9
48842,115,118,-3,3
48843,106,94,12,12
48844,144,138,6,6
48845,129,118,11,11
48846,127,130,-3,3
48847,223,195,28,28
48848,147,150,-3,3
48849,95,96,-1,1
48850,34,48,-14,14
48851,66,68,-2,2
48852,88,95,-7,7
48853,91,90,1,1
48854,90,91,-1,1
48855,131,137,-6,6
48856,61,73,-12,12
48857,66,71,-5,5
48858,125,130,-5,5
48859,69,73,-4,4
48860,73,90,-17,17
48861,87,92,-5,5
48862,89,91,-2,2
48863,69,80,-11,11
48864,114,115,-1,1
48865,64,76,-12,12
48866,146,142,4,4
48867,93,102,-9,9
48868,54,65,-11,11
48869,171,177,-6,6
48870,63,71,-8,8
48871,70,86,-16,16
48872,61,74,-13,13
48873,75,78,-3,3
48874,158,144,14,14
48875,65,85,-20,20
48876,93,100,-7,7
48877,97,95,2,2
48878,126,111,15,15
48879,122,121,1,1
48880,128,142,-14,14
48881,109,111,-2,2
48882,90,91,-1,1
48883,167,167,0,0
48884,79,76,3,3
48885,56,67,-11,11
48886,117,114,3,3
48887,80,84,-4,4
48888,48,61,-13,13
48889,72,82,-10,10
48890,69,77,-8,8
48891,105,107,-2,2
48892,103,106,-3,3
48893,94,98,-4,4
48894,91,89,2,2
48895,117,123,-6,6
48896,168,205,-37,37
48897,60,68,-8,8
48898,93,109,-16,16
48899,110,107,3,3
48900,61,67,-6,6
48901,133,134,-1,1
48902,124,116,8,8
48903,131,131,0,0
48904,81,87,-6,6
48905,78,80,-2,2
48906,117,115,2,2
48907,116,121,-5,5
48908,75,85,-10,10
48909,50,62,-12,12
48910,76,77,-1,1
48911,120,117,3,3
48912,96,97,-1,1
48913,99,124,-25,25
48914,163,157,6,6
48915,136,131,5,5
48916,150,142,8,8
48917,87,104,-17,17
48918,116,118,-2,2
48919,127,127,0,0
48920,73,75,-2,2
48921,110,115,-5,5
48922,65,71,-6,6
48923,74,82,-8,8
48924,98,101,-3,3
48925,74,77,-3,3
48926,105,108,-3,3
48927,92,98,-6,6
48928,80,89,-9,9
48929,111,116,-5,5
48930,93,99,-6,6
48931,69,75,-6,6
48932,76,87,-11,11
48933,59,63,-4,4
48934,127,129,-2,2
48935,45,59,-14,14
48936,100,87,13,13
48937,111,115,-4,4
48938,165,200,-35,35
48939,161,172,-11,11
48940,108,116,-8,8
48941,85,82,3,3
48942,131,139,-8,8
48943,28,48,-20,20
48944,92,90,2,2
48945,55,64,-9,9
48946,134,126,8,8
48947,112,109,3,3
48948,123,116,7,7
48949,137,140,-3,3
48950,72,88,-16,16
48951,116,111,5,5
48952,136,135,1,1
48953,122,122,0,0
48954,120,127,-7,7
48955,85,83,2,2
48956,98,111,-13,13
48957,108,128,-20,20
48958,95,102,-7,7
48959,71,77,-6,6
48960,160,147,13,13
48961,112,123,-11,11
48962,98,109,-11,11
48963,72,76,-4,4
48964,102,107,-5,5
48965,95,93,2,2
48966,130,126,4,4
48967,96,99,-3,3
48968,123,124,-1,1
48969,100,114,-14,14
48970,172,169,3,3
48971,55,66,-11,11
48972,60,79,-19,19
48973,101,107,-6,6
48974,90,109,-19,19
48975,76,93,-17,17
48976,80,84,-4,4
48977,100,116,-16,16
48978,61,72,-11,11
48979,75,82,-7,7
48980,81,106,-25,25
48981,121,123,-2,2
48982,81,90,-9,9
48983,139,143,-4,4
48984,86,81,5,5
48985,94,100,-6,6
48986,121,124,-3,3
48987,83,81,2,2
48988,127,136,-9,9
48989,49,69,-20,20
48990,83,95,-12,12
48991,76,79,-3,3
48992,113,112,1,1
48993,73,76,-3,3
48994,85,90,-5,5
48995,97,101,-4,4
48996,82,84,-2,2
48997,103,106,-3,3
48998,68,75,-7,7
48999,65,73,-8,8
49000,46,63,-17,17
49001,108,107,1,1
49002,96,111,-15,15
49003,133,133,0,0
49004,97,104,-7,7
49005,62,66,-4,4
49006,95,100,-5,5
49007,132,123,9,9
49008,164,153,11,11
49009,62,69,-7,7
49010,81,90,-9,9
49011,91,97,-6,6
49012,73,79,-6,6
49013,73,78,-5,5
49014,105,116,-11,11
49015,75,81,-6,6
49016,73,71,2,2
49017,94,107,-13,13
49018,112,123,-11,11
49019,107,99,8,8
49020,79,82,-3,3
49021,128,136,-8,8
49022,100,99,1,1
49023,68,79,-11,11
49024,84,80,4,4
49025,115,139,-24,24
49026,68,77,-9,9
49027,50,61,-11,11
49028,80,89,-9,9
49029,71,81,-10,10
49030,115,119,-4,4
49031,103,118,-15,15
49032,112,112,0,0
49033,95,96,-1,1
49034,132,138,-6,6
49035,108,114,-6,6
49036,89,102,-13,13
49037,96,95,1,1
49038,110,112,-2,2
49039,103,153,-50,50
49040,113,101,12,12
49041,72,85,-13,13
49042,85,98,-13,13
49043,106,114,-8,8
49044,101,107,-6,6
49045,117,136,-19,19
49046,67,81,-14,14
49047,82,89,-7,7
49048,61,69,-8,8
49049,64,70,-6,6
49050,86,95,-9,9
49051,89,94,-5,5
49052,49,60,-11,11
49053,136,125,11,11
49054,137,141,-4,4
49055,79,74,5,5
49056,127,119,8,8
49057,130,132,-2,2
49058,119,142,-23,23
49059,83,81,2,2
49060,98,105,-7,7
49061,124,123,1,1
49062,72,94,-22,22
49063,114,120,-6,6
49064,144,136,8,8
49065,117,113,4,4
49066,68,76,-8,8
49067,41,55,-14,14
49068,88,99,-11,11
49069,156,150,6,6
49070,85,88,-3,3
49071,99,105,-6,6
49072,71,90,-19,19
49073,152,146,6,6
49074,86,87,-1,1
49075,95,93,2,2
49076,100,102,-2,2
49077,99,100,-1,1
49078,137,111,26,26
49079,78,76,2,2
49080,142,139,3,3
49081,80,95,-15,15
49082,70,76,-6,6
49083,112,111,1,1
49084,116,123,-7,7
49085,76,88,-12,12
49086,128,126,2,2
49087,101,102,-1,1
49088,111,114,-3,3
49089,71,76,-5,5
49090,129,129,0,0
49091,170,161,9,9
49092,136,123,13,13
49093,105,103,2,2
49094,117,114,3,3
49095,102,100,2,2
49096,77,87,-10,10
49097,103,115,-12,12
49098,53,61,-8,8
49099,94,103,-9,9
49100,73,76,-3,3
49101,65,73,-8,8
49102,107,132,-25,25
49103,78,93,-15,15
49104,83,88,-5,5
49105,117,121,-4,4
49106,33,41,-8,8
49107,97,104,-7,7
49108,119,122,-3,3
49109,74,78,-4,4
49110,96,100,-4,4
49111,113,121,-8,8
49112,68,87,-19,19
49113,78,81,-3,3
49114,123,108,15,15
49115,121,131,-10,10
49116,74,79,-5,5
49117,100,101,-1,1
49118,71,79,-8,8
49119,46,58,-12,12
49120,90,100,-10,10
49121,63,83,-20,20
49122,94,96,-2,2
49123,83,92,-9,9
49124,86,93,-7,7
49125,116,125,-9,9
49126,107,106,1,1
49127,111,127,-16,16
49128,211,186,25,25
49129,71,73,-2,2
49130,57,77,-20,20
49131,135,130,5,5
49132,111,112,-1,1
49133,97,95,2,2
49134,139,139,0,0
49135,96,103,-7,7
49136,91,95,-4,4
49137,131,130,1,1
49138,134,134,0,0
49139,81,89,-8,8
49140,123,120,3,3
49141,122,131,-9,9
49142,149,149,0,0
49143,122,119,3,3
49144,114,113,1,1
49145,112,105,7,7
49146,110,108,2,2
49147,111,118,-7,7
49148,50,64,-14,14
49149,52,60,-8,8
49150,119,135,-16,16
49151,67,74,-7,7
49152,135,135,0,0
49153,81,81,0,0
49154,122,113,9,9
49155,130,134,-4,4
49156,60,69,-9,9
49157,108,122,-14,14
49158,97,104,-7,7
49159,50,65,-15,15
49160,77,79,-2,2
49161,106,102,4,4
49162,100,109,-9,9
49163,70,82,-12,12
49164,99,108,-9,9
49165,108,113,-5,5
49166,138,131,7,7
49167,132,137,-5,5
49168,73,86,-13,13
49169,73,86,-13,13
49170,111,109,2,2
49171,101,106,-5,5
49172,123,127,-4,4
49173,80,132,-52,52
49174,56,56,0,0
49175,101,98,3,3
49176,119,123,-4,4
49177,125,144,-19,19
49178,107,112,-5,5
49179,141,143,-2,2
49180,110,130,-20,20
49181,91,87,4,4
49182,67,73,-6,6
49183,91,95,-4,4
49184,62,72,-10,10
49185,66,70,-4,4
49186,51,80,-29,29
49187,26,41,-15,15
49188,112,115,-3,3
49189,85,84,1,1
49190,173,164,9,9
49191,65,68,-3,3
49192,71,80,-9,9
49193,48,55,-7,7
49194,113,122,-9,9
49195,111,116,-5,5
49196,76,88,-12,12
49197,72,81,-9,9
49198,104,105,-1,1
49199,113,114,-1,1
49200,80,84,-4,4
49201,129,135,-6,6
49202,80,83,-3,3
49203,99,106,-7,7
49204,98,109,-11,11
49205,186,181,5,5
49206,84,92,-8,8
49207,46,57,-11,11
49208,81,98,-17,17
49209,62,66,-4,4
49210,85,88,-3,3
49211,63,69,-6,6
49212,114,126,-12,12
49213,91,94,-3,3
49214,100,120,-20,20
49215,53,58,-5,5
49216,127,117,10,10
49217,93,92,1,1
49218,59,70,-11,11
49219,52,57,-5,5
49220,100,104,-4,4
49221,73,84,-11,11
49222,110,117,-7,7
49223,88,82,6,6
49224,87,90,-3,3
49225,53,62,-9,9
49226,96,99,-3,3
49227,70,90,-20,20
49228,80,96,-16,16
49229,80,86,-6,6
49230,78,79,-1,1
49231,45,51,-6,6
49232,97,100,-3,3
49233,172,160,12,12
49234,92,99,-7,7
49235,72,80,-8,8
49236,125,139,-14,14
49237,72,80,-8,8
49238,156,153,3,3
49239,61,69,-8,8
49240,118,125,-7,7
49241,89,118,-29,29
49242,126,112,14,14
49243,121,116,5,5
49244,63,80,-17,17
49245,96,94,2,2
49246,123,120,3,3
49247,80,92,-12,12
49248,120,126,-6,6
49249,75,83,-8,8
49250,128,129,-1,1
49251,166,160,6,6
49252,129,128,1,1
49253,74,87,-13,13
49254,70,82,-12,12
49255,75,81,-6,6
49256,115,104,11,11
49257,109,110,-1,1
49258,86,93,-7,7
49259,90,101,-11,11
49260,95,96,-1,1
49261,102,115,-13,13
49262,178,167,11,11
49263,140,134,6,6
49264,148,146,2,2
49265,75,84,-9,9
49266,94,91,3,3
49267,83,96,-13,13
49268,184,173,11,11
49269,98,97,1,1
49270,36,42,-6,6
49271,68,75,-7,7
49272,88,90,-2,2
49273,71,75,-4,4
49274,80,84,-4,4
49275,81,86,-5,5
49276,98,113,-15,15
49277,99,94,5,5
49278,41,57,-16,16
49279,51,63,-12,12
49280,161,153,8,8
49281,76,82,-6,6
49282,103,106,-3,3
49283,86,87,-1,1
49284,111,110,1,1
49285,132,124,8,8
49286,91,91,0,0
49287,114,106,8,8
49288,106,105,1,1
49289,140,141,-1,1
49290,54,60,-6,6
49291,231,210,21,21
49292,74,82,-8,8
49293,59,66,-7,7
49294,149,139,10,10
49295,98,95,3,3
49296,96,100,-4,4
49297,98,105,-7,7
49298,29,46,-17,17
49299,80,84,-4,4
49300,115,114,1,1
49301,75,74,1,1
49302,93,98,-5,5
49303,86,90,-4,4
49304,67,67,0,0
49305,56,66,-10,10
49306,120,123,-3,3
49307,188,173,15,15
49308,31,48,-17,17
49309,51,67,-16,16
49310,55,63,-8,8
49311,81,89,-8,8
49312,75,84,-9,9
49313,63,72,-9,9
49314,85,91,-6,6
49315,32,42,-10,10
49316,83,94,-11,11
49317,86,98,-12,12
49318,122,110,12,12
49319,46,60,-14,14
49320,122,115,7,7
49321,101,108,-7,7
49322,55,71,-16,16
49323,80,78,2,2
49324,106,110,-4,4
49325,79,95,-16,16
49326,143,149,-6,6
49327,124,129,-5,5
49328,128,130,-2,2
49329,88,100,-12,12
49330,98,111,-13,13
49331,207,191,16,16
49332,133,126,7,7
49333,46,55,-9,9
49334,115,127,-12,12
49335,75,66,9,9
49336,93,92,1,1
49337,99,108,-9,9
49338,107,115,-8,8
49339,99,100,-1,1
49340,78,84,-6,6
49341,104,98,6,6
49342,112,121,-9,9
49343,75,86,-11,11
49344,84,90,-6,6
49345,87,102,-15,15
49346,83,82,1,1
49347,151,143,8,8
49348,23,47,-24,24
49349,168,161,7,7
49350,62,71,-9,9
49351,65,72,-7,7
49352,68,76,-8,8
49353,110,118,-8,8
49354,159,149,10,10
49355,44,56,-12,12
49356,144,143,1,1
49357,71,77,-6,6
49358,71,75,-4,4
49359,131,119,12,12
49360,148,108,40,40
49361,116,120,-4,4
49362,117,110,7,7
49363,116,140,-24,24
49364,95,93,2,2
49365,59,75,-16,16
49366,41,50,-9,9
49367,80,95,-15,15
49368,66,77,-11,11
49369,98,95,3,3
49370,186,178,8,8
49371,109,105,4,4
49372,97,129,-32,32
49373,74,75,-1,1
49374,113,120,-7,7
49375,61,65,-4,4
49376,108,112,-4,4
49377,123,120,3,3
49378,78,87,-9,9
49379,57,69,-12,12
49380,42,52,-10,10
49381,118,130,-12,12
49382,59,64,-5,5
49383,96,109,-13,13
49384,69,77,-8,8
49385,94,91,3,3
49386,84,101,-17,17
49387,182,188,-6,6
49388,44,57,-13,13
49389,74,89,-15,15
49390,84,79,5,5
49391,173,159,14,14
49392,73,85,-12,12
49393,67,74,-7,7
49394,84,92,-8,8
49395,106,110,-4,4
49396,80,90,-10,10
49397,79,97,-18,18
49398,61,65,-4,4
49399,73,88,-15,15
49400,50,58,-8,8
49401,94,98,-4,4
49402,86,98,-12,12
49403,71,72,-1,1
49404,60,77,-17,17
49405,126,129,-3,3
49406,60,66,-6,6
49407,65,67,-2,2
49408,83,85,-2,2
49409,47,54,-7,7
49410,234,193,41,41
49411,101,93,8,8
49412,111,112,-1,1
49413,65,67,-2,2
49414,50,64,-14,14
49415,63,76,-13,13
49416,121,131,-10,10
49417,63,58,5,5
49418,105,102,3,3
49419,51,67,-16,16
49420,85,83,2,2
49421,154,140,14,14
49422,130,123,7,7
49423,95,98,-3,3
49424,55,63,-8,8
49425,95,101,-6,6
49426,154,148,6,6
49427,109,108,1,1
49428,57,72,-15,15
49429,109,108,1,1
49430,125,112,13,13
49431,85,85,0,0
49432,76,77,-1,1
49433,66,86,-20,20
49434,89,90,-1,1
49435,64,71,-7,7
49436,46,62,-16,16
49437,79,85,-6,6
49438,114,117,-3,3
49439,73,74,-1,1
49440,130,136,-6,6
49441,78,76,2,2
49442,62,76,-14,14
49443,49,58,-9,9
49444,65,75,-10,10
49445,66,72,-6,6
49446,72,84,-12,12
49447,81,85,-4,4
49448,131,134,-3,3
49449,113,117,-4,4
49450,103,104,-1,1
49451,60,66,-6,6
49452,61,68,-7,7
49453,62,67,-5,5
49454,79,82,-3,3
49455,111,132,-21,21
49456,108,109,-1,1
49457,124,109,15,15
49458,93,113,-20,20
49459,121,127,-6,6
49460,49,57,-8,8
49461,72,82,-10,10
49462,86,78,8,8
49463,64,72,-8,8
49464,95,89,6,6
49465,108,115,-7,7
49466,148,145,3,3
49467,71,74,-3,3
49468,85,105,-20,20
49469,72,81,-9,9
49470,107,109,-2,2
49471,121,110,11,11
49472,119,120,-1,1
49473,81,108,-27,27
49474,94,101,-7,7
49475,147,127,20,20
49476,101,111,-10,10
49477,106,119,-13,13
49478,59,70,-11,11
49479,70,74,-4,4
49480,52,58,-6,6
49481,89,88,1,1
49482,128,131,-3,3
49483,111,119,-8,8
49484,146,144,2,2
49485,49,59,-10,10
49486,110,109,1,1
49487,119,121,-2,2
49488,96,103,-7,7
49489,119,119,0,0
49490,140,133,7,7
49491,124,126,-2,2
49492,90,89,1,1
49493,68,79,-11,11
49494,92,103,-11,11
49495,163,151,12,12
49496,77,79,-2,2
49497,103,107,-4,4
49498,126,114,12,12
49499,70,83,-13,13
49500,127,122,5,5
49501,76,86,-10,10
49502,138,138,0,0
49503,88,102,-14,14
49504,58,85,-27,27
49505,68,72,-4,4
49506,146,151,-5,5
49507,139,142,-3,3
49508,71,84,-13,13
49509,143,138,5,5
49510,123,112,11,11
49511,55,66,-11,11
49512,93,101,-8,8
49513,74,91,-17,17
49514,122,124,-2,2
49515,79,88,-9,9
49516,75,80,-5,5
49517,72,88,-16,16
49518,122,124,-2,2
49519,82,86,-4,4
49520,66,75,-9,9
49521,67,76,-9,9
49522,62,71,-9,9
49523,108,104,4,4
49524,82,89,-7,7
49525,93,103,-10,10
49526,57,67,-10,10
49527,73,81,-8,8
49528,116,106,10,10
49529,97,94,3,3
49530,107,112,-5,5
49531,69,76,-7,7
49532,118,122,-4,4
49533,112,117,-5,5
49534,75,88,-13,13
49535,128,140,-12,12
49536,96,103,-7,7
49537,81,87,-6,6
49538,149,140,9,9
49539,65,76,-11,11
49540,28,41,-13,13
49541,92,98,-6,6
49542,82,82,0,0
49543,65,87,-22,22
49544,130,129,1,1
49545,85,92,-7,7
49546,105,113,-8,8
49547,119,119,0,0
49548,124,116,8,8
49549,89,92,-3,3
49550,52,60,-8,8
49551,95,96,-1,1
49552,111,130,-19,19
49553,110,102,8,8
49554,104,108,-4,4
49555,107,119,-12,12
49556,79,84,-5,5
49557,98,96,2,2
49558,113,118,-5,5
49559,59,67,-8,8
49560,86,86,0,0
49561,40,53,-13,13
49562,59,63,-4,4
49563,108,112,-4,4
49564,49,67,-18,18
49565,86,80,6,6
49566,84,82,2,2
49567,93,94,-1,1
49568,74,80,-6,6
49569,73,80,-7,7
49570,89,101,-12,12
49571,83,94,-11,11
49572,94,108,-14,14
49573,103,97,6,6
49574,117,131,-14,14
49575,162,156,6,6
49576,72,90,-18,18
49577,107,119,-12,12
49578,122,119,3,3
49579,108,117,-9,9
49580,96,85,11,11
49581,98,100,-2,2
49582,111,121,-10,10
49583,51,59,-8,8
49584,70,85,-15,15
49585,64,73,-9,9
49586,47,51,-4,4
49587,45,55,-10,10
49588,69,95,-26,26
49589,91,97,-6,6
49590,77,72,5,5
49591,83,85,-2,2
49592,73,74,-1,1
49593,70,78,-8,8
49594,228,187,41,41
49595,50,61,-11,11
49596,69,78,-9,9
49597,88,90,-2,2
49598,76,81,-5,5
49599,80,81,-1,1
49600,73,79,-6,6
49601,86,94,-8,8
49602,103,131,-28,28
49603,135,131,4,4
49604,75,89,-14,14
49605,78,86,-8,8
49606,114,107,7,7
49607,112,124,-12,12
49608,66,77,-11,11
49609,94,92,2,2
49610,86,83,3,3
49611,86,87,-1,1
49612,115,125,-10,10
49613,81,80,1,1
49614,96,110,-14,14
49615,100,107,-7,7
49616,137,139,-2,2
49617,71,76,-5,5
49618,77,81,-4,4
49619,102,105,-3,3
49620,83,92,-9,9
49621,87,94,-7,7
49622,123,111,12,12
49623,65,76,-11,11
49624,59,72,-13,13
49625,98,101,-3,3
49626,127,140,-13,13
49627,141,133,8,8
49628,55,63,-8,8
49629,63,73,-10,10
49630,102,101,1,1
49631,63,78,-15,15
49632,108,107,1,1
49633,105,108,-3,3
49634,57,57,0,0
49635,64,62,2,2
49636,83,87,-4,4
49637,97,104,-7,7
49638,97,105,-8,8
49639,84,101,-17,17
49640,117,121,-4,4
49641,99,97,2,2
49642,106,113,-7,7
49643,101,103,-2,2
49644,91,89,2,2
49645,131,128,3,3
49646,162,162,0,0
49647,81,86,-5,5
49648,56,72,-16,16
49649,120,109,11,11
49650,103,97,6,6
49651,43,51,-8,8
49652,59,68,-9,9
49653,90,91,-1,1
49654,116,116,0,0
49655,55,58,-3,3
49656,97,94,3,3
49657,99,99,0,0
49658,52,65,-13,13
49659,32,44,-12,12
49660,91,105,-14,14
49661,92,99,-7,7
49662,52,62,-10,10
49663,159,143,16,16
49664,144,130,14,14
49665,115,120,-5,5
49666,44,57,-13,13
49667,114,123,-9,9
49668,183,171,12,12
49669,94,97,-3,3
49670,82,100,-18,18
49671,85,79,6,6
49672,71,73,-2,2
49673,151,147,4,4
49674,98,103,-5,5
49675,116,121,-5,5
49676,108,107,1,1
49677,85,89,-4,4
49678,96,117,-21,21
49679,94,111,-17,17
49680,59,70,-11,11
49681,81,88,-7,7
49682,125,130,-5,5
49683,64,78,-14,14
49684,106,103,3,3
49685,89,92,-3,3
49686,91,87,4,4
49687,72,70,2,2
49688,69,82,-13,13
49689,94,87,7,7
49690,133,130,3,3
49691,115,119,-4,4
49692,92,97,-5,5
49693,171,153,18,18
49694,108,109,-1,1
49695,102,104,-2,2
49696,133,142,-9,9
49697,89,86,3,3
49698,93,94,-1,1
49699,39,61,-22,22
49700,119,115,4,4
49701,116,119,-3,3
49702,71,67,4,4
49703,121,127,-6,6
49704,109,110,-1,1
49705,121,111,10,10
49706,87,96,-9,9
49707,73,91,-18,18
49708,103,98,5,5
49709,50,64,-14,14
49710,53,62,-9,9
49711,94,99,-5,5
49712,143,150,-7,7
49713,68,72,-4,4
49714,148,139,9,9
49715,54,61,-7,7
49716,121,116,5,5
49717,116,127,-11,11
49718,91,106,-15,15
49719,74,77,-3,3
49720,68,74,-6,6
49721,129,135,-6,6
49722,69,75,-6,6
49723,43,59,-16,16
49724,125,121,4,4
49725,101,118,-17,17
49726,188,168,20,20
49727,135,124,11,11
49728,57,69,-12,12
49729,96,101,-5,5
49730,68,71,-3,3
49731,154,143,11,11
49732,101,109,-8,8
49733,48,63,-15,15
49734,62,79,-17,17
49735,182,173,9,9
49736,83,83,0,0
49737,52,63,-11,11
49738,97,89,8,8
49739,108,102,6,6
49740,90,108,-18,18
49741,88,90,-2,2
49742,109,114,-5,5
49743,84,100,-16,16
49744,93,109,-16,16
49745,87,89,-2,2
49746,75,81,-6,6
49747,77,88,-11,11
49748,159,145,14,14
49749,56,65,-9,9
49750,135,123,12,12
49751,42,56,-14,14
49752,42,48,-6,6
49753,82,99,-17,17
49754,106,106,0,0
49755,98,114,-16,16
49756,59,72,-13,13
49757,158,142,16,16
49758,109,121,-12,12
49759,93,96,-3,3
49760,174,164,10,10
49761,91,97,-6,6
49762,138,124,14,14
49763,104,105,-1,1
49764,92,99,-7,7
49765,67,78,-11,11
49766,87,99,-12,12
49767,135,127,8,8
49768,102,99,3,3
49769,164,156,8,8
49770,67,78,-11,11
49771,106,99,7,7
49772,88,101,-13,13
49773,109,112,-3,3
49774,97,93,4,4
49775,49,61,-12,12
49776,124,121,3,3
49777,64,69,-5,5
49778,160,148,12,12
49779,108,112,-4,4
49780,71,75,-4,4
49781,108,103,5,5
49782,87,91,-4,4
49783,181,168,13,13
49784,100,97,3,3
49785,52,62,-10,10
49786,128,128,0,0
49787,84,88,-4,4
49788,123,115,8,8
49789,131,136,-5,5
49790,113,124,-11,11
49791,127,131,-4,4
49792,85,93,-8,8
49793,71,80,-9,9
49794,108,113,-5,5
49795,74,79,-5,5
49796,160,153,7,7
49797,72,84,-12,12
49798,75,81,-6,6
49799,122,126,-4,4
49800,85,88,-3,3
49801,74,89,-15,15
49802,44,79,-35,35
49803,110,129,-19,19
49804,64,77,-13,13
49805,40,59,-19,19
49806,124,122,2,2
49807,88,94,-6,6
49808,123,123,0,0
49809,122,130,-8,8
49810,122,126,-4,4
49811,104,102,2,2
49812,100,112,-12,12
49813,83,83,0,0
49814,50,67,-17,17
49815,93,98,-5,5
49816,91,92,-1,1
49817,78,84,-6,6
49818,121,120,1,1
49819,90,95,-5,5
49820,53,65,-12,12
49821,112,109,3,3
49822,82,86,-4,4
49823,167,158,9,9
49824,97,99,-2,2
49825,63,67,-4,4
49826,112,116,-4,4
49827,102,89,13,13
49828,78,83,-5,5
49829,124,124,0,0
49830,60,66,-6,6
49831,59,61,-2,2
49832,55,69,-14,14
49833,154,148,6,6
49834,86,91,-5,5
49835,102,100,2,2
49836,70,79,-9,9
49837,47,60,-13,13
49838,79,72,7,7
49839,62,68,-6,6
49840,114,141,-27,27
49841,117,111,6,6
49842,60,70,-10,10
49843,86,81,5,5
49844,152,153,-1,1
49845,168,169,-1,1
49846,124,137,-13,13
49847,60,64,-4,4
49848,125,116,9,9
49849,62,75,-13,13
49850,88,97,-9,9
49851,66,72,-6,6
49852,175,160,15,15
49853,88,94,-6,6
49854,45,60,-15,15
49855,74,78,-4,4
49856,135,134,1,1
49857,106,106,0,0
49858,130,117,13,13
49859,79,91,-12,12
49860,81,86,-5,5
49861,65,79,-14,14
49862,107,100,7,7
49863,97,95,2,2
49864,76,92,-16,16
49865,116,111,5,5
49866,59,67,-8,8
49867,54,70,-16,16
49868,98,100,-2,2
49869,128,147,-19,19
49870,106,108,-2,2
49871,78,85,-7,7
49872,131,132,-1,1
49873,69,73,-4,4
49874,153,159,-6,6
49875,71,81,-10,10
49876,67,78,-11,11
49877,107,106,1,1
49878,75,104,-29,29
49879,87,94,-7,7
49880,94,89,5,5
49881,90,103,-13,13
49882,74,87,-13,13
49883,135,136,-1,1
49884,134,132,2,2
49885,151,141,10,10
49886,92,106,-14,14
49887,92,103,-11,11
49888,80,87,-7,7
49889,91,99,-8,8
49890,89,96,-7,7
49891,86,89,-3,3
49892,76,85,-9,9
49893,107,108,-1,1
49894,140,122,18,18
49895,85,106,-21,21
49896,85,88,-3,3
49897,69,69,0,0
49898,96,97,-1,1
49899,62,64,-2,2
49900,79,80,-1,1
49901,138,119,19,19
49902,115,110,5,5
49903,106,109,-3,3
49904,93,96,-3,3
49905,122,121,1,1
49906,106,102,4,4
49907,90,94,-4,4
49908,88,81,7,7
49909,72,78,-6,6
49910,84,99,-15,15
49911,138,143,-5,5
49912,92,102,-10,10
49913,95,100,-5,5
49914,86,87,-1,1
49915,73,72,1,1
49916,70,86,-16,16
49917,61,69,-8,8
49918,161,149,12,12
49919,89,88,1,1
49920,130,130,0,0
49921,99,79,20,20
49922,79,83,-4,4
49923,47,63,-16,16
49924,75,93,-18,18
49925,69,75,-6,6
49926,78,85,-7,7
49927,45,53,-8,8
49928,67,83,-16,16
49929,99,106,-7,7
49930,92,109,-17,17
49931,116,117,-1,1
49932,132,125,7,7
49933,88,101,-13,13
49934,94,103,-9,9
49935,112,124,-12,12
49936,40,63,-23,23
49937,58,66,-8,8
49938,88,85,3,3
49939,85,91,-6,6
49940,86,68,18,18
49941,145,143,2,2
49942,105,104,1,1
49943,99,99,0,0
49944,62,71,-9,9
49945,95,102,-7,7
49946,90,88,2,2
49947,57,57,0,0
49948,104,103,1,1
49949,70,76,-6,6
49950,103,96,7,7
49951,102,99,3,3
49952,56,67,-11,11
49953,67,75,-8,8
49954,65,74,-9,9
49955,65,80,-15,15
49956,100,134,-34,34
49957,77,92,-15,15
49958,140,130,10,10
49959,86,83,3,3
49960,123,122,1,1
49961,33,81,-48,48
49962,102,107,-5,5
49963,116,115,1,1
49964,63,73,-10,10
49965,79,88,-9,9
49966,160,151,9,9
49967,60,67,-7,7
49968,65,67,-2,2
49969,84,91,-7,7
49970,67,73,-6,6
49971,90,97,-7,7
49972,70,87,-17,17
49973,68,76,-8,8
49974,104,120,-16,16
49975,87,91,-4,4
49976,124,115,9,9
49977,128,127,1,1
49978,166,167,-1,1
49979,72,82,-10,10
49980,54,64,-10,10
49981,111,104,7,7
49982,93,91,2,2
49983,107,107,0,0
49984,137,136,1,1
49985,89,89,0,0
49986,68,67,1,1
49987,52,61,-9,9
49988,75,88,-13,13
49989,79,82,-3,3
49990,48,61,-13,13
49991,75,79,-4,4
49992,85,88,-3,3
49993,78,86,-8,8
49994,101,102,-1,1
49995,173,152,21,21
49996,90,91,-1,1
49997,55,61,-6,6
49998,98,110,-12,12
49999,131,121,10,10
50000,149,141,8,8
50001,90,93,-3,3
50002,51,59,-8,8
50003,68,77,-9,9
50004,111,106,5,5
50005,77,87,-10,10
50006,150,150,0,0
50007,123,120,3,3
50008,42,58,-16,16
50009,111,109,2,2
50010,73,79,-6,6
50011,77,86,-9,9
50012,74,92,-18,18
50013,145,133,12,12
50014,77,75,2,2
50015,102,107,-5,5
50016,79,86,-7,7
50017,65,73,-8,8
50018,64,72,-8,8
50019,54,55,-1,1
50020,127,121,6,6
50021,126,138,-12,12
50022,83,88,-5,5
50023,108,104,4,4
50024,103,106,-3,3
50025,132,137,-5,5
50026,141,131,10,10
50027,132,134,-2,2
50028,71,80,-9,9
50029,111,114,-3,3
50030,133,129,4,4
50031,102,104,-2,2
50032,57,66,-9,9
50033,92,109,-17,17
50034,120,116,4,4
50035,85,86,-1,1
50036,86,98,-12,12
50037,79,80,-1,1
50038,69,83,-14,14
50039,63,63,0,0
50040,118,124,-6,6
50041,132,131,1,1
50042,72,81,-9,9
50043,98,114,-16,16
50044,110,113,-3,3
50045,105,117,-12,12
50046,67,74,-7,7
50047,92,99,-7,7
50048,118,132,-14,14
50049,134,118,16,16
50050,70,77,-7,7
50051,129,120,9,9
50052,67,71,-4,4
50053,36,47,-11,11
50054,137,146,-9,9
50055,40,59,-19,19
50056,89,94,-5,5
50057,89,93,-4,4
50058,83,87,-4,4
50059,70,92,-22,22
50060,125,126,-1,1
50061,113,111,2,2
50062,64,70,-6,6
50063,101,99,2,2
50064,92,92,0,0
50065,118,116,2,2
50066,70,78,-8,8
50067,87,123,-36,36
50068,112,111,1,1
50069,195,194,1,1
50070,122,125,-3,3
50071,59,67,-8,8
50072,155,145,10,10
50073,131,127,4,4
50074,143,123,20,20
50075,117,112,5,5
50076,120,118,2,2
50077,113,111,2,2
50078,102,105,-3,3
50079,131,122,9,9
50080,105,103,2,2
50081,87,96,-9,9
50082,66,75,-9,9
50083,122,140,-18,18
50084,116,107,9,9
50085,104,109,-5,5
50086,51,63,-12,12
50087,90,100,-10,10
50088,87,92,-5,5
50089,93,109,-16,16
50090,61,75,-14,14
50091,106,113,-7,7
50092,47,60,-13,13
50093,80,84,-4,4
50094,74,78,-4,4
50095,50,59,-9,9
50096,167,161,6,6
50097,56,61,-5,5
50098,110,130,-20,20
50099,160,136,24,24
50100,105,113,-8,8
50101,63,69,-6,6
50102,97,104,-7,7
50103,98,102,-4,4
50104,108,112,-4,4
50105,105,107,-2,2
50106,119,112,7,7
50107,144,139,5,5
50108,65,69,-4,4
50109,112,110,2,2
50110,113,108,5,5
50111,98,112,-14,14
50112,83,85,-2,2
50113,170,162,8,8
50114,88,99,-11,11
50115,109,104,5,5
50116,92,95,-3,3
50117,121,123,-2,2
50118,58,59,-1,1
50119,96,131,-35,35
50120,108,106,2,2
50121,150,147,3,3
50122,78,84,-6,6
50123,43,51,-8,8
50124,49,64,-15,15
50125,173,157,16,16
50126,100,101,-1,1
50127,104,106,-2,2
50128,76,91,-15,15
50129,108,110,-2,2
50130,148,141,7,7
50131,74,82,-8,8
50132,72,71,1,1
50133,78,77,1,1
50134,108,112,-4,4
50135,92,99,-7,7
50136,94,104,-10,10
50137,104,111,-7,7
50138,102,114,-12,12
50139,70,77,-7,7
50140,88,88,0,0
50141,104,114,-10,10
50142,115,101,14,14
50143,87,85,2,2
50144,110,112,-2,2
50145,70,82,-12,12
50146,78,84,-6,6
50147,80,88,-8,8
50148,56,64,-8,8
50149,125,125,0,0
50150,79,83,-4,4
50151,90,88,2,2
50152,134,139,-5,5
50153,123,124,-1,1
50154,116,109,7,7
50155,79,89,-10,10
50156,100,117,-17,17
50157,55,67,-12,12
50158,86,89,-3,3
50159,125,131,-6,6
50160,68,76,-8,8
50161,73,85,-12,12
50162,103,99,4,4
50163,172,174,-2,2
50164,18,30,-12,12
50165,80,91,-11,11
50166,64,69,-5,5
50167,90,95,-5,5
50168,100,109,-9,9
50169,52,69,-17,17
50170,199,182,17,17
50171,90,97,-7,7
50172,80,104,-24,24
50173,138,144,-6,6
50174,64,77,-13,13
50175,101,100,1,1
50176,116,127,-11,11
50177,134,123,11,11
50178,113,113,0,0
50179,84,87,-3,3
50180,55,77,-22,22
50181,194,184,10,10
50182,81,95,-14,14
50183,100,97,3,3
50184,97,104,-7,7
50185,64,72,-8,8
50186,55,65,-10,10
50187,68,79,-11,11
50188,103,109,-6,6
50189,102,94,8,8
50190,68,69,-1,1
50191,95,96,-1,1
50192,74,82,-8,8
50193,77,66,11,11
50194,97,107,-10,10
50195,77,75,2,2
50196,124,123,1,1
50197,62,74,-12,12
50198,78,85,-7,7
50199,149,144,5,5
50200,53,71,-18,18
50201,80,93,-13,13
50202,82,95,-13,13
50203,69,77,-8,8
50204,80,95,-15,15
50205,45,54,-9,9
50206,66,76,-10,10
50207,46,62,-16,16
50208,82,93,-11,11
50209,45,54,-9,9
50210,105,104,1,1
50211,109,101,8,8
50212,89,95,-6,6
50213,69,77,-8,8
50214,132,115,17,17
50215,106,112,-6,6
50216,132,129,3,3
50217,141,143,-2,2
50218,282,268,14,14
50219,151,164,-13,13
50220,93,95,-2,2
50221,129,136,-7,7
50222,82,99,-17,17
50223,72,80,-8,8
50224,86,90,-4,4
50225,42,51,-9,9
50226,85,85,0,0
50227,105,102,3,3
50228,110,110,0,0
50229,50,64,-14,14
50230,88,101,-13,13
50231,98,94,4,4
50232,85,85,0,0
50233,122,129,-7,7
50234,122,148,-26,26
50235,124,119,5,5
50236,77,85,-8,8
50237,117,119,-2,2
50238,98,116,-18,18
50239,90,88,2,2
50240,129,124,5,5
50241,88,104,-16,16
50242,73,82,-9,9
50243,77,89,-12,12
50244,139,147,-8,8
50245,96,96,0,0
50246,102,99,3,3
50247,87,94,-7,7
50248,70,76,-6,6
50249,159,155,4,4
50250,60,70,-10,10
50251,69,72,-3,3
50252,113,115,-2,2
50253,156,147,9,9
50254,118,113,5,5
50255,53,60,-7,7
50256,104,117,-13,13
50257,83,83,0,0
50258,67,66,1,1
50259,95,113,-18,18
50260,103,104,-1,1
50261,132,149,-17,17
50262,115,109,6,6
50263,89,97,-8,8
50264,107,106,1,1
50265,99,108,-9,9
50266,97,100,-3,3
50267,54,66,-12,12
50268,101,106,-5,5
50269,97,92,5,5
50270,81,93,-12,12
50271,150,159,-9,9
50272,76,106,-30,30
50273,87,97,-10,10
50274,101,123,-22,22
50275,51,61,-10,10
50276,99,102,-3,3
50277,76,80,-4,4
50278,170,157,13,13
50279,129,111,18,18
50280,73,86,-13,13
50281,172,177,-5,5
50282,142,142,0,0
50283,104,109,-5,5
50284,125,123,2,2
50285,51,63,-12,12
50286,127,128,-1,1
50287,150,142,8,8
50288,71,82,-11,11
50289,129,139,-10,10
50290,92,105,-13,13
50291,83,87,-4,4
50292,82,90,-8,8
50293,143,152,-9,9
50294,105,107,-2,2
50295,60,68,-8,8
50296,79,91,-12,12
50297,26,39,-13,13
50298,131,122,9,9
50299,90,92,-2,2
50300,72,82,-10,10
50301,62,73,-11,11
50302,76,78,-2,2
50303,138,140,-2,2
50304,81,88,-7,7
50305,108,106,2,2
50306,88,102,-14,14
50307,115,121,-6,6
50308,123,121,2,2
50309,89,100,-11,11
50310,123,123,0,0
50311,104,101,3,3
50312,67,71,-4,4
50313,82,96,-14,14
50314,68,69,-1,1
50315,72,74,-2,2
50316,92,95,-3,3
50317,60,68,-8,8
50318,76,96,-20,20
50319,91,102,-11,11
50320,95,90,5,5
50321,101,113,-12,12
50322,96,102,-6,6
50323,122,121,1,1
50324,139,142,-3,3
50325,141,120,21,21
50326,89,88,1,1
50327,103,121,-18,18
50328,51,68,-17,17
50329,75,90,-15,15
50330,107,114,-7,7
50331,64,73,-9,9
50332,54,64,-10,10
50333,90,92,-2,2
50334,75,86,-11,11
50335,136,131,5,5
50336,99,113,-14,14
50337,128,138,-10,10
50338,125,114,11,11
50339,131,121,10,10
50340,61,58,3,3
50341,60,64,-4,4
50342,70,88,-18,18
50343,136,145,-9,9
50344,91,89,2,2
50345,74,80,-6,6
50346,63,75,-12,12
50347,113,105,8,8
50348,78,75,3,3
50349,208,181,27,27
50350,153,152,1,1
50351,154,154,0,0
50352,92,96,-4,4
50353,61,71,-10,10
50354,88,98,-10,10
50355,53,75,-22,22
50356,60,67,-7,7
50357,101,102,-1,1
50358,108,111,-3,3
50359,70,75,-5,5
50360,73,78,-5,5
50361,86,94,-8,8
50362,63,69,-6,6
50363,105,113,-8,8
50364,72,72,0,0
50365,145,138,7,7
50366,71,78,-7,7
50367,148,137,11,11
50368,68,84,-16,16
50369,158,147,11,11
50370,176,168,8,8
50371,98,87,11,11
50372,151,144,7,7
50373,72,95,-23,23
50374,48,60,-12,12
50375,77,80,-3,3
50376,65,70,-5,5
50377,107,111,-4,4
50378,93,91,2,2
50379,103,117,-14,14
50380,95,99,-4,4
50381,45,59,-14,14
50382,148,144,4,4
50383,130,130,0,0
50384,123,122,1,1
50385,91,97,-6,6
50386,127,152,-25,25
50387,66,83,-17,17
50388,71,76,-5,5
50389,133,128,5,5
50390,111,119,-8,8
50391,92,104,-12,12
50392,72,74,-2,2
50393,70,77,-7,7
50394,158,152,6,6
50395,56,64,-8,8
50396,63,72,-9,9
50397,73,78,-5,5
50398,170,158,12,12
50399,118,127,-9,9
50400,83,97,-14,14
50401,59,72,-13,13
50402,95,89,6,6
50403,79,71,8,8
50404,79,81,-2,2
50405,103,125,-22,22
50406,127,127,0,0
50407,93,101,-8,8
50408,82,86,-4,4
50409,48,58,-10,10
50410,90,98,-8,8
50411,76,75,1,1
50412,91,101,-10,10
50413,43,59,-16,16
50414,66,74,-8,8
50415,55,68,-13,13
50416,93,97,-4,4
50417,102,102,0,0
50418,56,65,-9,9
50419,91,95,-4,4
50420,126,133,-7,7
50421,78,93,-15,15
50422,81,84,-3,3
50423,103,105,-2,2
50424,114,111,3,3
50425,103,106,-3,3
50426,137,142,-5,5
50427,111,111,0,0
50428,71,78,-7,7
50429,99,92,7,7
50430,118,119,-1,1
50431,145,139,6,6
50432,83,85,-2,2
50433,59,60,-1,1
50434,79,88,-9,9
50435,60,66,-6,6
50436,59,62,-3,3
50437,109,116,-7,7
50438,74,85,-11,11
50439,125,137,-12,12
50440,112,109,3,3
50441,74,79,-5,5
50442,149,145,4,4
50443,79,93,-14,14
50444,76,82,-6,6
50445,124,123,1,1
50446,62,73,-11,11
50447,59,80,-21,21
50448,190,175,15,15
50449,62,85,-23,23
50450,105,120,-15,15
50451,97,88,9,9
50452,128,127,1,1
50453,113,116,-3,3
50454,98,96,2,2
50455,37,52,-15,15
50456,136,141,-5,5
50457,79,98,-19,19
50458,47,63,-16,16
50459,98,92,6,6
50460,101,109,-8,8
50461,87,88,-1,1
50462,49,67,-18,18
50463,88,81,7,7
50464,92,92,0,0
50465,128,130,-2,2
50466,111,112,-1,1
50467,106,108,-2,2
50468,57,72,-15,15
50469,95,107,-12,12
50470,60,68,-8,8
50471,131,124,7,7
50472,88,89,-1,1
50473,83,91,-8,8
50474,109,109,0,0
50475,114,118,-4,4
50476,84,93,-9,9
50477,85,92,-7,7
50478,86,94,-8,8
50479,76,85,-9,9
50480,112,105,7,7
50481,106,118,-12,12
50482,56,65,-9,9
50483,120,125,-5,5
50484,53,67,-14,14
50485,32,60,-28,28
50486,184,186,-2,2
50487,82,83,-1,1
50488,66,72,-6,6
50489,67,84,-17,17
50490,123,125,-2,2
50491,123,123,0,0
50492,146,131,15,15
50493,74,80,-6,6
50494,113,111,2,2
50495,102,113,-11,11
50496,143,138,5,5
50497,88,91,-3,3
50498,136,133,3,3
50499,149,154,-5,5
50500,165,164,1,1
50501,59,69,-10,10
50502,87,92,-5,5
50503,85,85,0,0
50504,54,71,-17,17
50505,48,56,-8,8
50506,73,76,-3,3
50507,74,77,-3,3
50508,125,136,-11,11
50509,71,72,-1,1
50510,36,47,-11,11
50511,127,117,10,10
50512,71,75,-4,4
50513,92,96,-4,4
50514,55,64,-9,9
50515,62,67,-5,5
50516,76,75,1,1
50517,64,68,-4,4
50518,129,132,-3,3
50519,147,143,4,4
50520,69,76,-7,7
50521,76,76,0,0
50522,86,93,-7,7
50523,66,64,2,2
50524,76,78,-2,2
50525,74,85,-11,11
50526,54,64,-10,10
50527,109,115,-6,6
50528,141,139,2,2
50529,55,66,-11,11
50530,121,110,11,11
50531,79,88,-9,9
50532,80,84,-4,4
50533,156,155,1,1
50534,44,50,-6,6
50535,114,107,7,7
50536,105,107,-2,2
50537,73,81,-8,8
50538,84,89,-5,5
50539,176,167,9,9
50540,62,68,-6,6
50541,121,120,1,1
50542,114,121,-7,7
50543,87,100,-13,13
50544,77,88,-11,11
50545,64,69,-5,5
50546,165,155,10,10
50547,139,152,-13,13
50548,121,119,2,2
50549,97,97,0,0
50550,193,169,24,24
50551,125,136,-11,11
50552,76,115,-39,39
50553,54,57,-3,3
50554,134,142,-8,8
50555,72,82,-10,10
50556,96,100,-4,4
50557,37,49,-12,12
50558,125,121,4,4
50559,87,85,2,2
50560,33,47,-14,14
50561,71,80,-9,9
50562,53,61,-8,8
50563,59,68,-9,9
50564,110,107,3,3
50565,82,90,-8,8
50566,110,109,1,1
50567,64,67,-3,3
50568,65,71,-6,6
50569,134,129,5,5
50570,58,71,-13,13
50571,90,99,-9,9
50572,79,90,-11,11
50573,66,91,-25,25
50574,88,105,-17,17
50575,89,125,-36,36
50576,124,128,-4,4
50577,111,114,-3,3
50578,144,134,10,10
50579,131,133,-2,2
50580,133,131,2,2
50581,104,108,-4,4
50582,63,72,-9,9
50583,72,73,-1,1
50584,76,79,-3,3
50585,59,63,-4,4
50586,110,105,5,5
50587,69,73,-4,4
50588,112,114,-2,2
50589,41,60,-19,19
50590,135,132,3,3
50591,101,131,-30,30
50592,86,89,-3,3
50593,116,129,-13,13
50594,88,93,-5,5
50595,74,90,-16,16
50596,41,56,-15,15
50597,91,107,-16,16
50598,164,156,8,8
50599,58,61,-3,3
50600,203,200,3,3
50601,84,95,-11,11
50602,91,81,10,10
50603,98,107,-9,9
50604,123,129,-6,6
50605,63,66,-3,3
50606,88,87,1,1
50607,92,106,-14,14
50608,117,121,-4,4
50609,72,74,-2,2
50610,69,76,-7,7
50611,77,82,-5,5
50612,77,82,-5,5
50613,73,74,-1,1
50614,94,99,-5,5
50615,118,116,2,2
50616,98,103,-5,5
50617,82,87,-5,5
50618,137,130,7,7
50619,84,100,-16,16
50620,113,112,1,1
50621,145,135,10,10
50622,67,76,-9,9
50623,101,109,-8,8
50624,37,67,-30,30
50625,49,67,-18,18
50626,63,73,-10,10
50627,76,82,-6,6
50628,216,188,28,28
50629,138,144,-6,6
50630,96,102,-6,6
50631,76,91,-15,15
50632,66,71,-5,5
50633,55,57,-2,2
50634,92,96,-4,4
50635,83,98,-15,15
50636,107,123,-16,16
50637,124,119,5,5
50638,78,84,-6,6
50639,149,150,-1,1
50640,154,150,4,4
50641,67,72,-5,5
50642,82,88,-6,6
50643,99,107,-8,8
50644,107,115,-8,8
50645,156,153,3,3
50646,174,195,-21,21
50647,103,104,-1,1
50648,116,119,-3,3
50649,44,49,-5,5
50650,108,110,-2,2
50651,94,110,-16,16
50652,63,73,-10,10
50653,95,100,-5,5
50654,57,67,-10,10
50655,72,79,-7,7
50656,72,81,-9,9
50657,101,110,-9,9
50658,94,121,-27,27
50659,86,78,8,8
50660,157,149,8,8
50661,56,65,-9,9
50662,77,88,-11,11
50663,76,92,-16,16
50664,164,162,2,2
50665,68,85,-17,17
50666,65,79,-14,14
50667,124,125,-1,1
50668,62,69,-7,7
50669,138,135,3,3
50670,146,145,1,1
50671,135,155,-20,20
50672,124,115,9,9
50673,105,104,1,1
50674,71,72,-1,1
50675,84,90,-6,6
50676,84,81,3,3
50677,70,75,-5,5
50678,112,107,5,5
50679,127,122,5,5
50680,51,122,-71,71
50681,104,106,-2,2
50682,96,106,-10,10
50683,97,91,6,6
50684,72,80,-8,8
50685,117,116,1,1
50686,115,132,-17,17
50687,76,86,-10,10
50688,98,105,-7,7
50689,70,79,-9,9
50690,97,104,-7,7
50691,131,146,-15,15
50692,50,60,-10,10
50693,68,74,-6,6
50694,64,68,-4,4
50695,103,115,-12,12
50696,48,56,-8,8
50697,106,108,-2,2
50698,80,85,-5,5
50699,131,136,-5,5
50700,59,70,-11,11
50701,196,190,6,6
50702,143,153,-10,10
50703,74,77,-3,3
50704,69,80,-11,11
50705,70,80,-10,10
50706,114,108,6,6
50707,70,73,-3,3
50708,42,56,-14,14
50709,112,126,-14,14
50710,79,84,-5,5
50711,159,158,1,1
50712,121,113,8,8
50713,69,80,-11,11
50714,93,91,2,2
50715,90,95,-5,5
50716,91,98,-7,7
50717,65,72,-7,7
50718,136,144,-8,8
50719,65,74,-9,9
50720,51,66,-15,15
50721,131,124,7,7
50722,81,91,-10,10
50723,60,122,-62,62
50724,99,100,-1,1
50725,37,79,-42,42
50726,131,122,9,9
50727,164,144,20,20
50728,63,73,-10,10
50729,208,190,18,18
50730,40,59,-19,19
50731,94,107,-13,13
50732,114,121,-7,7
50733,72,83,-11,11
50734,83,83,0,0
50735,65,77,-12,12
50736,124,129,-5,5
50737,45,57,-12,12
50738,78,83,-5,5
50739,139,133,6,6
50740,63,73,-10,10
50741,88,99,-11,11
50742,81,88,-7,7
50743,79,76,3,3
50744,106,108,-2,2
50745,129,129,0,0
50746,107,116,-9,9
50747,67,82,-15,15
50748,119,121,-2,2
50749,96,108,-12,12
50750,96,92,4,4
50751,64,75,-11,11
50752,110,114,-4,4
50753,122,127,-5,5
50754,159,159,0,0
50755,84,94,-10,10
50756,78,82,-4,4
50757,186,186,0,0
50758,77,84,-7,7
50759,95,94,1,1
50760,78,82,-4,4
50761,84,113,-29,29
50762,115,115,0,0
50763,104,108,-4,4
50764,84,81,3,3
50765,94,93,1,1
50766,103,101,2,2
50767,120,120,0,0
50768,80,91,-11,11
50769,63,64,-1,1
50770,113,124,-11,11
50771,82,96,-14,14
50772,111,113,-2,2
50773,103,110,-7,7
50774,122,123,-1,1
50775,81,89,-8,8
50776,141,145,-4,4
50777,122,128,-6,6
50778,136,133,3,3
50779,67,76,-9,9
50780,91,112,-21,21
50781,86,93,-7,7
50782,97,95,2,2
50783,42,73,-31,31
50784,63,74,-11,11
50785,118,120,-2,2
50786,81,97,-16,16
50787,62,63,-1,1
50788,55,67,-12,12
50789,89,96,-7,7
50790,71,77,-6,6
50791,57,72,-15,15
50792,83,92,-9,9
50793,153,146,7,7
50794,106,104,2,2
50795,122,115,7,7
50796,76,82,-6,6
50797,90,101,-11,11
50798,70,89,-19,19
50799,33,44,-11,11
50800,83,87,-4,4
50801,50,63,-13,13
50802,118,116,2,2
50803,115,115,0,0
50804,45,54,-9,9
50805,58,65,-7,7
50806,38,52,-14,14
50807,97,111,-14,14
50808,39,57,-18,18
50809,28,42,-14,14
50810,117,122,-5,5
50811,115,113,2,2
50812,121,121,0,0
50813,105,115,-10,10
50814,88,90,-2,2
50815,64,78,-14,14
50816,85,93,-8,8
50817,103,93,10,10
50818,76,80,-4,4
50819,60,71,-11,11
50820,73,83,-10,10
50821,70,74,-4,4
50822,54,65,-11,11
50823,83,97,-14,14
50824,77,82,-5,5
50825,58,62,-4,4
50826,105,98,7,7
50827,145,143,2,2
50828,119,108,11,11
50829,100,104,-4,4
50830,84,93,-9,9
50831,88,87,1,1
50832,90,90,0,0
50833,65,80,-15,15
50834,131,132,-1,1
50835,76,96,-20,20
50836,166,168,-2,2
50837,52,57,-5,5
50838,156,158,-2,2
50839,139,152,-13,13
50840,80,81,-1,1
50841,73,87,-14,14
50842,94,98,-4,4
50843,83,91,-8,8
50844,108,105,3,3
50845,71,78,-7,7
50846,98,109,-11,11
50847,94,99,-5,5
50848,99,102,-3,3
50849,29,42,-13,13
50850,85,86,-1,1
50851,92,98,-6,6
50852,96,102,-6,6
50853,107,108,-1,1
50854,31,61,-30,30
50855,80,80,0,0
50856,86,91,-5,5
50857,147,141,6,6
50858,113,121,-8,8
50859,58,67,-9,9
50860,69,80,-11,11
50861,81,89,-8,8
50862,105,111,-6,6
50863,146,136,10,10
50864,126,123,3,3
50865,72,79,-7,7
50866,110,110,0,0
50867,140,145,-5,5
50868,93,93,0,0
50869,88,95,-7,7
50870,84,106,-22,22
50871,57,66,-9,9
50872,78,80,-2,2
50873,76,80,-4,4
50874,143,129,14,14
50875,108,143,-35,35
50876,45,65,-20,20
50877,87,100,-13,13
50878,77,86,-9,9
50879,96,120,-24,24
50880,84,89,-5,5
50881,60,69,-9,9
50882,74,86,-12,12
50883,83,88,-5,5
50884,69,73,-4,4
50885,58,60,-2,2
50886,73,77,-4,4
50887,81,90,-9,9
50888,106,105,1,1
50889,140,153,-13,13
50890,75,84,-9,9
50891,102,105,-3,3
50892,137,121,16,16
50893,63,97,-34,34
50894,80,83,-3,3
50895,65,77,-12,12
50896,151,145,6,6
50897,138,142,-4,4
50898,104,99,5,5
50899,142,140,2,2
50900,77,92,-15,15
50901,102,114,-12,12
50902,83,88,-5,5
50903,74,87,-13,13
50904,113,113,0,0
50905,115,116,-1,1
50906,86,99,-13,13
50907,66,67,-1,1
50908,123,117,6,6
50909,173,166,7,7
50910,138,146,-8,8
50911,121,127,-6,6
50912,187,183,4,4
50913,103,98,5,5
50914,93,150,-57,57
50915,134,131,3,3
50916,84,84,0,0
50917,140,133,7,7
50918,139,130,9,9
50919,112,122,-10,10
50920,81,86,-5,5
50921,48,56,-8,8
50922,111,113,-2,2
50923,133,130,3,3
50924,158,151,7,7
50925,47,60,-13,13
50926,115,127,-12,12
50927,59,73,-14,14
50928,136,133,3,3
50929,86,95,-9,9
50930,89,104,-15,15
50931,104,113,-9,9
50932,88,95,-7,7
50933,68,77,-9,9
50934,105,100,5,5
50935,122,116,6,6
50936,93,91,2,2
50937,172,167,5,5
50938,77,91,-14,14
50939,141,134,7,7
50940,106,117,-11,11
50941,102,113,-11,11
50942,136,129,7,7
50943,83,84,-1,1
50944,60,72,-12,12
50945,90,105,-15,15
50946,69,77,-8,8
50947,96,99,-3,3
50948,101,104,-3,3
50949,90,84,6,6
50950,95,107,-12,12
50951,80,96,-16,16
50952,91,98,-7,7
50953,125,127,-2,2
50954,85,87,-2,2
50955,129,134,-5,5
50956,117,123,-6,6
50957,77,82,-5,5
50958,82,93,-11,11
50959,135,131,4,4
50960,120,120,0,0
50961,89,85,4,4
50962,161,159,2,2
50963,70,78,-8,8
50964,60,73,-13,13
50965,172,165,7,7
50966,136,136,0,0
50967,86,84,2,2
50968,106,116,-10,10
50969,107,114,-7,7
50970,98,105,-7,7
50971,120,147,-27,27
50972,158,156,2,2
50973,61,68,-7,7
50974,101,102,-1,1
50975,94,100,-6,6
50976,60,74,-14,14
50977,68,76,-8,8
50978,99,91,8,8
50979,56,60,-4,4
50980,110,103,7,7
50981,102,109,-7,7
50982,83,90,-7,7
50983,92,100,-8,8
50984,77,81,-4,4
50985,125,137,-12,12
50986,79,78,1,1
50987,67,74,-7,7
50988,113,116,-3,3
50989,122,127,-5,5
50990,131,132,-1,1
50991,104,103,1,1
50992,89,109,-20,20
50993,92,97,-5,5
50994,217,152,65,65
50995,45,55,-10,10
50996,69,85,-16,16
50997,112,119,-7,7
50998,146,128,18,18
50999,95,102,-7,7
51000,91,97,-6,6
51001,70,81,-11,11
51002,75,92,-17,17
51003,95,100,-5,5
51004,112,107,5,5
51005,58,68,-10,10
51006,54,60,-6,6
51007,94,104,-10,10
51008,108,105,3,3
51009,89,98,-9,9
51010,90,94,-4,4
51011,129,128,1,1
51012,105,103,2,2
51013,94,98,-4,4
51014,132,154,-22,22
51015,95,86,9,9
51016,68,66,2,2
51017,97,97,0,0
51018,128,123,5,5
51019,116,121,-5,5
51020,93,100,-7,7
51021,89,88,1,1
51022,176,180,-4,4
51023,172,179,-7,7
51024,54,60,-6,6
51025,60,72,-12,12
51026,39,57,-18,18
51027,96,90,6,6
51028,60,84,-24,24
51029,52,62,-10,10
51030,105,108,-3,3
51031,137,134,3,3
51032,151,139,12,12
51033,108,126,-18,18
51034,100,104,-4,4
51035,68,76,-8,8
51036,99,104,-5,5
51037,100,104,-4,4
51038,112,110,2,2
51039,78,77,1,1
51040,110,114,-4,4
51041,70,72,-2,2
51042,122,123,-1,1
51043,72,87,-15,15
51044,191,172,19,19
51045,106,112,-6,6
51046,102,104,-2,2
51047,130,125,5,5
51048,83,91,-8,8
51049,70,78,-8,8
51050,93,105,-12,12
51051,98,98,0,0
51052,72,77,-5,5
51053,121,114,7,7
51054,157,150,7,7
51055,72,85,-13,13
51056,88,94,-6,6
51057,109,113,-4,4
51058,129,126,3,3
51059,185,173,12,12
51060,82,95,-13,13
51061,45,51,-6,6
51062,47,58,-11,11
51063,75,88,-13,13
51064,107,100,7,7
51065,73,82,-9,9
51066,90,96,-6,6
51067,69,81,-12,12
51068,100,115,-15,15
51069,87,84,3,3
51070,56,61,-5,5
51071,83,83,0,0
51072,140,140,0,0
51073,64,67,-3,3
51074,97,98,-1,1
51075,86,91,-5,5
51076,129,120,9,9
51077,119,114,5,5
51078,85,92,-7,7
51079,109,110,-1,1
51080,92,96,-4,4
51081,152,140,12,12
51082,74,85,-11,11
51083,147,193,-46,46
51084,117,121,-4,4
51085,85,98,-13,13
51086,115,125,-10,10
51087,96,95,1,1
51088,109,115,-6,6
51089,70,77,-7,7
51090,107,108,-1,1
51091,71,90,-19,19
51092,80,89,-9,9
51093,117,117,0,0
51094,149,152,-3,3
51095,74,79,-5,5
51096,100,98,2,2
51097,131,139,-8,8
51098,100,106,-6,6
51099,72,77,-5,5
51100,92,110,-18,18
51101,68,72,-4,4
51102,71,83,-12,12
51103,60,62,-2,2
51104,74,83,-9,9
51105,114,113,1,1
51106,44,57,-13,13
51107,104,120,-16,16
51108,143,141,2,2
51109,159,149,10,10
51110,76,83,-7,7
51111,93,96,-3,3
51112,91,98,-7,7
51113,91,99,-8,8
51114,188,171,17,17
51115,85,90,-5,5
51116,58,61,-3,3
51117,115,117,-2,2
51118,51,61,-10,10
51119,49,57,-8,8
51120,108,117,-9,9
51121,92,99,-7,7
51122,102,113,-11,11
51123,113,115,-2,2
51124,100,103,-3,3
51125,80,80,0,0
51126,109,119,-10,10
51127,72,82,-10,10
51128,91,101,-10,10
51129,93,96,-3,3
51130,44,55,-11,11
51131,104,113,-9,9
51132,50,71,-21,21
51133,76,82,-6,6
51134,53,59,-6,6
51135,119,119,0,0
51136,105,104,1,1
51137,110,127,-17,17
51138,148,151,-3,3
51139,105,101,4,4
51140,139,133,6,6
51141,97,92,5,5
51142,113,104,9,9
51143,85,91,-6,6
51144,113,108,5,5
51145,60,66,-6,6
51146,66,65,1,1
51147,115,115,0,0
51148,30,62,-32,32
51149,76,78,-2,2
51150,73,85,-12,12
51151,72,85,-13,13
51152,141,135,6,6
51153,58,74,-16,16
51154,101,106,-5,5
51155,80,79,1,1
51156,76,83,-7,7
51157,118,126,-8,8
51158,97,104,-7,7
51159,96,112,-16,16
51160,40,53,-13,13
51161,157,147,10,10
51162,125,123,2,2
51163,99,99,0,0
51164,66,73,-7,7
51165,117,121,-4,4
51166,94,106,-12,12
51167,54,67,-13,13
51168,62,68,-6,6
51169,74,78,-4,4
51170,166,159,7,7
51171,142,147,-5,5
51172,81,98,-17,17
51173,110,123,-13,13
51174,114,112,2,2
51175,96,99,-3,3
51176,54,61,-7,7
51177,97,105,-8,8
51178,86,107,-21,21
51179,67,79,-12,12
51180,65,75,-10,10
51181,89,101,-12,12
51182,86,96,-10,10
51183,71,80,-9,9
51184,146,145,1,1
51185,81,75,6,6
51186,108,110,-2,2
51187,116,117,-1,1
51188,90,102,-12,12
51189,108,104,4,4
51190,127,124,3,3
51191,60,66,-6,6
51192,66,69,-3,3
51193,180,171,9,9
51194,52,61,-9,9
51195,93,100,-7,7
51196,127,128,-1,1
51197,96,92,4,4
51198,110,101,9,9
51199,102,116,-14,14
51200,110,117,-7,7
51201,72,72,0,0
51202,161,156,5,5
51203,89,85,4,4
51204,78,82,-4,4
51205,77,90,-13,13
51206,80,83,-3,3
51207,78,84,-6,6
51208,135,124,11,11
51209,88,87,1,1
51210,102,95,7,7
51211,73,80,-7,7
51212,101,104,-3,3
51213,84,88,-4,4
51214,87,88,-1,1
51215,79,92,-13,13
51216,84,91,-7,7
51217,140,141,-1,1
51218,106,115,-9,9
51219,75,75,0,0
51220,94,99,-5,5
51221,79,92,-13,13
51222,93,96,-3,3
51223,155,157,-2,2
51224,97,108,-11,11
51225,109,124,-15,15
51226,115,110,5,5
51227,126,126,0,0
51228,90,97,-7,7
51229,72,84,-12,12
51230,63,68,-5,5
51231,105,106,-1,1
51232,68,79,-11,11
51233,143,128,15,15
51234,116,119,-3,3
51235,121,127,-6,6
51236,130,113,17,17
51237,75,80,-5,5
51238,70,85,-15,15
51239,109,102,7,7
51240,98,100,-2,2
51241,106,99,7,7
51242,76,84,-8,8
51243,60,64,-4,4
51244,68,79,-11,11
51245,165,149,16,16
51246,90,111,-21,21
51247,178,165,13,13
51248,79,88,-9,9
51249,72,73,-1,1
51250,87,91,-4,4
51251,82,86,-4,4
51252,57,66,-9,9
51253,110,115,-5,5
51254,111,113,-2,2
51255,70,86,-16,16
51256,112,117,-5,5
51257,52,62,-10,10
51258,94,95,-1,1
51259,97,106,-9,9
51260,66,75,-9,9
51261,67,77,-10,10
51262,66,77,-11,11
51263,107,110,-3,3
51264,156,194,-38,38
51265,40,95,-55,55
51266,60,71,-11,11
51267,109,130,-21,21
51268,62,70,-8,8
51269,126,121,5,5
51270,96,107,-11,11
51271,106,101,5,5
51272,109,102,7,7
51273,77,83,-6,6
51274,70,74,-4,4
51275,75,102,-27,27
51276,194,186,8,8
51277,24,39,-15,15
51278,94,102,-8,8
51279,102,97,5,5
51280,126,124,2,2
51281,150,132,18,18
51282,126,134,-8,8
51283,82,94,-12,12
51284,92,109,-17,17
51285,87,92,-5,5
51286,122,132,-10,10
51287,129,136,-7,7
51288,93,97,-4,4
51289,62,75,-13,13
51290,148,149,-1,1
51291,73,80,-7,7
51292,114,107,7,7
51293,82,86,-4,4
51294,99,107,-8,8
51295,181,169,12,12
51296,158,148,10,10
51297,100,107,-7,7
51298,143,140,3,3
51299,118,123,-5,5
51300,85,89,-4,4
51301,127,135,-8,8
51302,83,98,-15,15
51303,95,97,-2,2
51304,63,64,-1,1
51305,76,78,-2,2
51306,111,121,-10,10
51307,69,83,-14,14
51308,100,95,5,5
51309,47,57,-10,10
51310,83,96,-13,13
51311,85,94,-9,9
51312,74,79,-5,5
51313,53,77,-24,24
51314,75,86,-11,11
51315,71,91,-20,20
51316,108,109,-1,1
51317,71,80,-9,9
51318,121,122,-1,1
51319,100,111,-11,11
51320,113,119,-6,6
51321,86,84,2,2
51322,86,80,6,6
51323,115,117,-2,2
51324,38,51,-13,13
51325,140,137,3,3
51326,119,128,-9,9
51327,104,106,-2,2
51328,135,124,11,11
51329,147,137,10,10
51330,116,113,3,3
51331,137,138,-1,1
51332,86,92,-6,6
51333,96,100,-4,4
51334,76,79,-3,3
51335,64,69,-5,5
51336,57,61,-4,4
51337,90,108,-18,18
51338,56,79,-23,23
51339,84,99,-15,15
51340,109,104,5,5
51341,124,129,-5,5
51342,138,127,11,11
51343,73,78,-5,5
51344,98,99,-1,1
51345,93,88,5,5
51346,51,54,-3,3
51347,54,60,-6,6
51348,62,69,-7,7
51349,126,127,-1,1
51350,85,89,-4,4
51351,86,82,4,4
51352,67,70,-3,3
51353,80,90,-10,10
51354,55,64,-9,9
51355,115,116,-1,1
51356,71,77,-6,6
51357,86,90,-4,4
51358,120,120,0,0
51359,94,95,-1,1
51360,71,80,-9,9
51361,106,119,-13,13
51362,101,104,-3,3
51363,41,54,-13,13
51364,77,75,2,2
51365,130,121,9,9
51366,154,148,6,6
51367,102,98,4,4
51368,56,66,-10,10
51369,108,111,-3,3
51370,74,86,-12,12
51371,33,110,-77,77
51372,109,113,-4,4
51373,113,113,0,0
51374,115,116,-1,1
51375,73,82,-9,9
51376,60,76,-16,16
51377,115,115,0,0
51378,85,97,-12,12
51379,121,112,9,9
51380,128,127,1,1
51381,76,93,-17,17
51382,158,156,2,2
51383,109,112,-3,3
51384,47,59,-12,12
51385,76,79,-3,3
51386,75,73,2,2
51387,92,90,2,2
51388,92,99,-7,7
51389,110,105,5,5
51390,101,104,-3,3
51391,95,95,0,0
51392,107,112,-5,5
51393,96,100,-4,4
51394,127,129,-2,2
51395,104,110,-6,6
51396,84,83,1,1
51397,44,54,-10,10
51398,112,122,-10,10
51399,94,107,-13,13
51400,65,73,-8,8
51401,67,79,-12,12
51402,106,110,-4,4
51403,85,85,0,0
51404,75,93,-18,18
51405,72,74,-2,2
51406,99,84,15,15
51407,63,71,-8,8
51408,157,154,3,3
51409,70,75,-5,5
51410,79,83,-4,4
51411,99,98,1,1
51412,100,109,-9,9
51413,152,143,9,9
51414,111,126,-15,15
51415,73,84,-11,11
51416,117,119,-2,2
51417,74,82,-8,8
51418,84,98,-14,14
51419,117,113,4,4
51420,70,80,-10,10
51421,72,85,-13,13
51422,62,69,-7,7
51423,90,99,-9,9
51424,123,115,8,8
51425,81,88,-7,7
51426,62,69,-7,7
51427,74,78,-4,4
51428,189,171,18,18
51429,97,104,-7,7
51430,131,131,0,0
51431,66,79,-13,13
51432,131,131,0,0
51433,101,96,5,5
51434,205,199,6,6
51435,92,104,-12,12
51436,74,88,-14,14
51437,108,104,4,4
51438,78,78,0,0
51439,69,81,-12,12
51440,92,102,-10,10
51441,76,82,-6,6
51442,83,91,-8,8
51443,104,106,-2,2
51444,85,85,0,0
51445,74,78,-4,4
51446,134,143,-9,9
51447,119,116,3,3
51448,92,91,1,1
51449,88,90,-2,2
51450,126,135,-9,9
51451,100,105,-5,5
51452,45,61,-16,16
51453,131,120,11,11
51454,55,64,-9,9
51455,180,174,6,6
51456,133,117,16,16
51457,94,77,17,17
51458,62,86,-24,24
51459,119,121,-2,2
51460,183,183,0,0
51461,88,91,-3,3
51462,115,97,18,18
51463,100,95,5,5
51464,64,81,-17,17
51465,83,111,-28,28
51466,138,141,-3,3
51467,62,77,-15,15
51468,193,175,18,18
51469,90,89,1,1
51470,77,91,-14,14
51471,111,111,0,0
51472,99,92,7,7
51473,118,126,-8,8
51474,131,128,3,3
51475,71,71,0,0
51476,78,85,-7,7
51477,94,91,3,3
51478,92,99,-7,7
51479,97,103,-6,6
51480,89,89,0,0
51481,131,120,11,11
51482,119,104,15,15
51483,59,70,-11,11
51484,80,86,-6,6
51485,116,111,5,5
51486,93,91,2,2
51487,72,83,-11,11
51488,185,161,24,24
51489,85,96,-11,11
51490,108,125,-17,17
51491,84,91,-7,7
51492,100,106,-6,6
51493,109,94,15,15
51494,43,55,-12,12
51495,77,85,-8,8
51496,87,87,0,0
51497,121,117,4,4
51498,109,115,-6,6
51499,83,94,-11,11
51500,108,100,8,8
51501,166,147,19,19
51502,68,73,-5,5
51503,112,134,-22,22
51504,103,109,-6,6
51505,106,113,-7,7
51506,33,44,-11,11
51507,56,59,-3,3
51508,72,78,-6,6
51509,136,136,0,0
51510,79,84,-5,5
51511,143,131,12,12
51512,103,104,-1,1
51513,75,85,-10,10
51514,73,80,-7,7
51515,68,76,-8,8
51516,68,89,-21,21
51517,102,93,9,9
51518,83,88,-5,5
51519,70,85,-15,15
51520,88,89,-1,1
51521,124,123,1,1
51522,111,117,-6,6
51523,103,109,-6,6
51524,104,91,13,13
51525,122,123,-1,1
51526,119,121,-2,2
51527,71,107,-36,36
51528,196,190,6,6
51529,70,74,-4,4
51530,70,92,-22,22
51531,88,92,-4,4
51532,122,121,1,1
51533,102,101,1,1
51534,119,114,5,5
51535,138,138,0,0
51536,165,154,11,11
51537,94,109,-15,15
51538,52,62,-10,10
51539,86,88,-2,2
51540,63,75,-12,12
51541,92,90,2,2
51542,65,69,-4,4
51543,47,55,-8,8
51544,62,68,-6,6
51545,79,95,-16,16
51546,166,140,26,26
51547,96,96,0,0
51548,120,133,-13,13
51549,117,118,-1,1
51550,99,97,2,2
51551,124,133,-9,9
51552,138,129,9,9
51553,60,71,-11,11
51554,90,94,-4,4
51555,76,86,-10,10
51556,113,136,-23,23
51557,129,132,-3,3
51558,80,86,-6,6
51559,99,98,1,1
51560,87,93,-6,6
51561,74,81,-7,7
51562,70,78,-8,8
51563,50,61,-11,11
51564,83,89,-6,6
51565,150,143,7,7
51566,104,102,2,2
51567,107,110,-3,3
51568,101,101,0,0
51569,153,150,3,3
51570,81,89,-8,8
51571,58,77,-19,19
51572,104,103,1,1
51573,64,72,-8,8
51574,58,63,-5,5
51575,137,140,-3,3
51576,132,116,16,16
51577,110,114,-4,4
51578,120,126,-6,6
51579,92,100,-8,8
51580,83,118,-35,35
51581,41,58,-17,17
51582,194,206,-12,12
51583,79,80,-1,1
51584,65,73,-8,8
51585,126,138,-12,12
51586,125,141,-16,16
51587,148,142,6,6
51588,63,70,-7,7
51589,82,93,-11,11
51590,127,125,2,2
51591,141,133,8,8
51592,98,110,-12,12
51593,140,142,-2,2
51594,92,92,0,0
51595,78,91,-13,13
51596,72,79,-7,7
51597,133,123,10,10
51598,82,94,-12,12
51599,53,66,-13,13
51600,68,73,-5,5
51601,135,136,-1,1
51602,76,97,-21,21
51603,84,82,2,2
51604,109,108,1,1
51605,115,124,-9,9
51606,32,40,-8,8
51607,202,180,22,22
51608,64,68,-4,4
51609,69,73,-4,4
51610,61,69,-8,8
51611,81,81,0,0
51612,81,92,-11,11
51613,103,104,-1,1
51614,73,76,-3,3
51615,103,121,-18,18
51616,153,157,-4,4
51617,78,85,-7,7
51618,100,99,1,1
51619,136,150,-14,14
51620,58,67,-9,9
51621,75,91,-16,16
51622,130,122,8,8
51623,127,119,8,8
51624,51,67,-16,16
51625,87,80,7,7
51626,99,105,-6,6
51627,121,118,3,3
51628,83,93,-10,10
51629,65,71,-6,6
51630,86,93,-7,7
51631,129,131,-2,2
51632,77,92,-15,15
51633,63,76,-13,13
51634,70,75,-5,5
51635,75,84,-9,9
51636,75,85,-10,10
51637,132,134,-2,2
51638,157,155,2,2
51639,130,136,-6,6
51640,80,89,-9,9
51641,97,104,-7,7
51642,68,74,-6,6
51643,98,106,-8,8
51644,81,90,-9,9
51645,51,62,-11,11
51646,84,91,-7,7
51647,79,83,-4,4
51648,151,147,4,4
51649,82,87,-5,5
51650,127,126,1,1
51651,63,75,-12,12
51652,97,101,-4,4
51653,121,122,-1,1
51654,157,151,6,6
51655,101,101,0,0
51656,160,163,-3,3
51657,92,95,-3,3
51658,107,122,-15,15
51659,108,101,7,7
51660,119,108,11,11
51661,61,73,-12,12
51662,112,108,4,4
51663,71,74,-3,3
51664,99,106,-7,7
51665,68,81,-13,13
51666,116,121,-5,5
51667,64,80,-16,16
51668,124,131,-7,7
51669,139,138,1,1
51670,80,87,-7,7
51671,157,149,8,8
51672,101,102,-1,1
51673,114,114,0,0
51674,126,135,-9,9
51675,148,145,3,3
51676,77,89,-12,12
51677,187,180,7,7
51678,139,139,0,0
51679,164,157,7,7
51680,98,104,-6,6
51681,86,96,-10,10
51682,61,68,-7,7
51683,143,150,-7,7
51684,57,62,-5,5
51685,52,60,-8,8
51686,92,111,-19,19
51687,108,106,2,2
51688,156,138,18,18
51689,159,147,12,12
51690,157,144,13,13
51691,102,101,1,1
51692,138,127,11,11
51693,78,83,-5,5
51694,83,80,3,3
51695,108,99,9,9
51696,60,63,-3,3
51697,142,127,15,15
51698,55,64,-9,9
51699,65,71,-6,6
51700,125,126,-1,1
51701,90,99,-9,9
51702,74,82,-8,8
51703,156,151,5,5
51704,76,84,-8,8
51705,94,105,-11,11
51706,84,88,-4,4
51707,84,86,-2,2
51708,68,86,-18,18
51709,144,143,1,1
51710,74,76,-2,2
51711,104,109,-5,5
51712,98,80,18,18
51713,92,95,-3,3
51714,106,109,-3,3
51715,94,98,-4,4
51716,91,101,-10,10
51717,61,52,9,9
51718,77,78,-1,1
51719,71,80,-9,9
51720,98,101,-3,3
51721,73,88,-15,15
51722,103,114,-11,11
51723,124,118,6,6
51724,135,126,9,9
51725,118,130,-12,12
51726,96,107,-11,11
51727,54,67,-13,13
51728,112,103,9,9
51729,72,81,-9,9
51730,70,83,-13,13
51731,85,85,0,0
51732,51,56,-5,5
51733,106,120,-14,14
51734,113,109,4,4
51735,76,75,1,1
51736,63,77,-14,14
51737,140,129,11,11
51738,103,101,2,2
51739,163,165,-2,2
51740,126,126,0,0
51741,92,103,-11,11
51742,40,54,-14,14
51743,33,45,-12,12
51744,99,103,-4,4
51745,113,106,7,7
51746,59,64,-5,5
51747,88,108,-20,20
51748,58,67,-9,9
51749,98,101,-3,3
51750,135,125,10,10
51751,92,98,-6,6
51752,101,105,-4,4
51753,116,117,-1,1
51754,171,168,3,3
51755,98,90,8,8
51756,99,101,-2,2
51757,77,82,-5,5
51758,99,101,-2,2
51759,61,66,-5,5
51760,124,108,16,16
51761,36,49,-13,13
51762,124,115,9,9
51763,89,92,-3,3
51764,144,152,-8,8
51765,113,112,1,1
51766,157,150,7,7
51767,95,99,-4,4
51768,101,109,-8,8
51769,76,86,-10,10
51770,65,84,-19,19
51771,222,182,40,40
51772,123,120,3,3
51773,71,96,-25,25
51774,102,98,4,4
51775,96,104,-8,8
51776,105,106,-1,1
51777,81,89,-8,8
51778,122,141,-19,19
51779,64,74,-10,10
51780,43,85,-42,42
51781,114,107,7,7
51782,62,71,-9,9
51783,104,116,-12,12
51784,175,182,-7,7
51785,98,110,-12,12
51786,87,90,-3,3
51787,144,143,1,1
51788,76,93,-17,17
51789,125,129,-4,4
51790,70,78,-8,8
51791,86,103,-17,17
51792,140,119,21,21
51793,44,60,-16,16
51794,101,100,1,1
51795,68,77,-9,9
51796,155,155,0,0
51797,125,126,-1,1
51798,49,61,-12,12
51799,140,144,-4,4
51800,105,105,0,0
51801,192,197,-5,5
51802,89,86,3,3
51803,140,136,4,4
51804,140,138,2,2
51805,112,119,-7,7
51806,136,122,14,14
51807,76,90,-14,14
51808,64,78,-14,14
51809,64,83,-19,19
51810,83,92,-9,9
51811,72,72,0,0
51812,145,147,-2,2
51813,113,107,6,6
51814,114,108,6,6
51815,154,143,11,11
51816,67,71,-4,4
51817,197,169,28,28
51818,61,67,-6,6
51819,99,102,-3,3
51820,91,97,-6,6
51821,181,157,24,24
51822,45,52,-7,7
51823,55,67,-12,12
51824,183,196,-13,13
51825,106,114,-8,8
51826,57,78,-21,21
51827,133,128,5,5
51828,36,48,-12,12
51829,98,106,-8,8
51830,54,58,-4,4
51831,140,142,-2,2
51832,114,115,-1,1
51833,99,92,7,7
51834,69,75,-6,6
51835,144,139,5,5
51836,112,124,-12,12
51837,101,102,-1,1
51838,88,85,3,3
51839,88,93,-5,5
51840,94,94,0,0
51841,67,73,-6,6
51842,46,61,-15,15
51843,72,73,-1,1
51844,80,83,-3,3
51845,75,81,-6,6
51846,94,93,1,1
51847,117,123,-6,6
51848,67,75,-8,8
51849,71,80,-9,9
51850,67,88,-21,21
51851,68,71,-3,3
51852,91,93,-2,2
51853,71,81,-10,10
51854,114,119,-5,5
51855,93,103,-10,10
51856,73,84,-11,11
51857,164,150,14,14
51858,132,125,7,7
51859,66,65,1,1
51860,153,140,13,13
51861,108,121,-13,13
51862,110,110,0,0
51863,156,143,13,13
51864,162,154,8,8
51865,150,150,0,0
51866,125,124,1,1
51867,61,69,-8,8
51868,95,97,-2,2
51869,152,138,14,14
51870,125,135,-10,10
51871,119,111,8,8
51872,166,185,-19,19
51873,120,106,14,14
51874,58,67,-9,9
51875,45,56,-11,11
51876,117,129,-12,12
51877,65,68,-3,3
51878,105,114,-9,9
51879,70,79,-9,9
51880,78,79,-1,1
51881,91,90,1,1
51882,78,76,2,2
51883,116,136,-20,20
51884,132,118,14,14
51885,143,136,7,7
51886,117,128,-11,11
51887,147,156,-9,9
51888,63,72,-9,9
51889,80,97,-17,17
51890,98,99,-1,1
51891,51,66,-15,15
51892,51,60,-9,9
51893,73,76,-3,3
51894,95,93,2,2
51895,100,102,-2,2
51896,74,89,-15,15
51897,110,104,6,6
51898,78,84,-6,6
51899,54,71,-17,17
51900,115,116,-1,1
51901,139,132,7,7
51902,73,83,-10,10
51903,67,72,-5,5
51904,76,84,-8,8
51905,108,109,-1,1
51906,104,106,-2,2
51907,130,130,0,0
51908,116,120,-4,4
51909,57,67,-10,10
51910,102,110,-8,8
51911,108,108,0,0
51912,95,92,3,3
51913,40,53,-13,13
51914,76,91,-15,15
51915,71,73,-2,2
51916,137,139,-2,2
51917,118,115,3,3
51918,129,127,2,2
51919,67,78,-11,11
51920,72,80,-8,8
51921,111,121,-10,10
51922,95,101,-6,6
51923,130,143,-13,13
51924,116,123,-7,7
51925,68,77,-9,9
51926,103,107,-4,4
51927,95,102,-7,7
51928,117,120,-3,3
51929,62,62,0,0
51930,75,87,-12,12
51931,56,72,-16,16
51932,120,113,7,7
51933,113,115,-2,2
51934,85,86,-1,1
51935,71,99,-28,28
51936,130,133,-3,3
51937,87,97,-10,10
51938,156,150,6,6
51939,89,95,-6,6
51940,61,67,-6,6
51941,115,116,-1,1
51942,144,131,13,13
51943,73,85,-12,12
51944,94,101,-7,7
51945,102,105,-3,3
51946,125,129,-4,4
51947,71,71,0,0
51948,140,139,1,1
51949,143,137,6,6
51950,77,88,-11,11
51951,86,83,3,3
51952,70,77,-7,7
51953,101,98,3,3
51954,82,86,-4,4
51955,93,91,2,2
51956,55,68,-13,13
51957,138,146,-8,8
51958,88,96,-8,8
51959,81,94,-13,13
51960,176,159,17,17
51961,90,102,-12,12
51962,52,65,-13,13
51963,97,102,-5,5
51964,45,60,-15,15
51965,114,122,-8,8
51966,155,150,5,5
51967,151,173,-22,22
51968,60,71,-11,11
51969,82,81,1,1
51970,96,100,-4,4
51971,126,116,10,10
51972,90,95,-5,5
51973,83,78,5,5
51974,72,83,-11,11
51975,139,136,3,3
51976,137,134,3,3
51977,119,123,-4,4
51978,115,102,13,13
51979,76,80,-4,4
51980,80,102,-22,22
51981,101,102,-1,1
51982,92,95,-3,3
51983,65,72,-7,7
51984,89,96,-7,7
51985,72,77,-5,5
51986,45,52,-7,7
51987,69,76,-7,7
51988,81,87,-6,6
51989,95,99,-4,4
51990,76,84,-8,8
51991,49,52,-3,3
51992,97,104,-7,7
51993,90,90,0,0
51994,130,130,0,0
51995,74,85,-11,11
51996,46,63,-17,17
51997,74,87,-13,13
51998,108,107,1,1
51999,115,126,-11,11
52000,37,51,-14,14
52001,79,84,-5,5
52002,75,84,-9,9
52003,174,157,17,17
52004,107,108,-1,1
52005,53,59,-6,6
52006,83,95,-12,12
52007,60,67,-7,7
52008,98,107,-9,9
52009,57,65,-8,8
52010,54,62,-8,8
52011,83,85,-2,2
52012,182,209,-27,27
52013,107,117,-10,10
52014,89,102,-13,13
52015,105,109,-4,4
52016,109,119,-10,10
52017,141,132,9,9
52018,121,129,-8,8
52019,91,108,-17,17
52020,117,113,4,4
52021,58,65,-7,7
52022,80,79,1,1
52023,88,94,-6,6
52024,80,88,-8,8
52025,146,143,3,3
52026,105,106,-1,1
52027,128,143,-15,15
52028,79,83,-4,4
52029,123,127,-4,4
52030,85,88,-3,3
52031,77,80,-3,3
52032,70,73,-3,3
52033,100,108,-8,8
52034,71,76,-5,5
52035,123,122,1,1
52036,85,94,-9,9
52037,113,114,-1,1
52038,98,96,2,2
52039,67,83,-16,16
52040,130,137,-7,7
52041,176,159,17,17
52042,117,119,-2,2
52043,130,125,5,5
52044,114,112,2,2
52045,108,113,-5,5
52046,111,122,-11,11
52047,91,93,-2,2
52048,153,142,11,11
52049,83,90,-7,7
52050,91,100,-9,9
52051,103,111,-8,8
52052,123,125,-2,2
52053,57,70,-13,13
52054,115,117,-2,2
52055,86,99,-13,13
52056,147,141,6,6
52057,116,136,-20,20
52058,87,92,-5,5
52059,81,88,-7,7
52060,58,63,-5,5
52061,97,90,7,7
52062,138,145,-7,7
52063,74,77,-3,3
52064,60,76,-16,16
52065,94,100,-6,6
52066,150,161,-11,11
52067,143,143,0,0
52068,72,79,-7,7
52069,80,89,-9,9
52070,94,100,-6,6
52071,85,88,-3,3
52072,108,108,0,0
52073,106,99,7,7
52074,86,91,-5,5
52075,160,150,10,10
52076,84,90,-6,6
52077,78,80,-2,2
52078,89,100,-11,11
52079,76,93,-17,17
52080,57,60,-3,3
52081,93,99,-6,6
52082,92,102,-10,10
52083,79,103,-24,24
52084,105,109,-4,4
52085,146,142,4,4
52086,79,93,-14,14
52087,96,104,-8,8
52088,97,102,-5,5
52089,74,81,-7,7
52090,79,94,-15,15
52091,90,93,-3,3
52092,133,136,-3,3
52093,81,87,-6,6
52094,140,137,3,3
52095,20,34,-14,14
52096,42,100,-58,58
52097,178,158,20,20
52098,57,73,-16,16
52099,91,100,-9,9
52100,125,145,-20,20
52101,77,80,-3,3
52102,73,82,-9,9
52103,96,106,-10,10
52104,63,69,-6,6
52105,75,81,-6,6
52106,117,117,0,0
52107,135,138,-3,3
52108,105,115,-10,10
52109,141,141,0,0
52110,123,113,10,10
52111,71,90,-19,19
52112,108,99,9,9
52113,104,113,-9,9
52114,108,104,4,4
52115,93,98,-5,5
52116,102,105,-3,3
52117,99,94,5,5
52118,95,106,-11,11
52119,53,62,-9,9
52120,117,107,10,10
52121,79,95,-16,16
52122,55,72,-17,17
52123,163,162,1,1
52124,53,61,-8,8
52125,80,87,-7,7
52126,124,123,1,1
52127,75,76,-1,1
52128,133,133,0,0
52129,83,87,-4,4
52130,54,70,-16,16
52131,52,61,-9,9
52132,67,74,-7,7
52133,75,78,-3,3
52134,106,106,0,0
52135,140,136,4,4
52136,124,130,-6,6
52137,65,77,-12,12
52138,94,106,-12,12
52139,108,116,-8,8
52140,132,119,13,13
52141,123,124,-1,1
52142,73,89,-16,16
52143,246,224,22,22
52144,91,89,2,2
52145,48,63,-15,15
52146,109,102,7,7
52147,120,113,7,7
52148,71,72,-1,1
52149,44,57,-13,13
52150,83,87,-4,4
52151,77,79,-2,2
52152,108,107,1,1
52153,76,80,-4,4
52154,116,110,6,6
52155,98,115,-17,17
52156,114,108,6,6
52157,142,130,12,12
52158,92,106,-14,14
52159,82,84,-2,2
52160,86,91,-5,5
52161,65,73,-8,8
52162,91,94,-3,3
52163,158,159,-1,1
52164,79,82,-3,3
52165,89,87,2,2
52166,54,57,-3,3
52167,144,130,14,14
52168,167,175,-8,8
52169,94,109,-15,15
52170,75,80,-5,5
52171,110,122,-12,12
52172,113,110,3,3
52173,63,72,-9,9
52174,138,135,3,3
52175,101,99,2,2
52176,99,114,-15,15
52177,98,106,-8,8
52178,138,157,-19,19
52179,116,124,-8,8
52180,53,71,-18,18
52181,97,100,-3,3
52182,79,73,6,6
52183,94,110,-16,16
52184,72,84,-12,12
52185,104,116,-12,12
52186,113,105,8,8
52187,105,116,-11,11
52188,84,89,-5,5
52189,66,78,-12,12
52190,75,82,-7,7
52191,106,108,-2,2
52192,100,100,0,0
52193,75,89,-14,14
52194,45,51,-6,6
52195,126,135,-9,9
52196,102,100,2,2
52197,108,113,-5,5
52198,99,98,1,1
52199,146,151,-5,5
52200,107,114,-7,7
52201,105,117,-12,12
52202,58,64,-6,6
52203,114,121,-7,7
52204,151,136,15,15
52205,72,81,-9,9
52206,79,80,-1,1
52207,131,125,6,6
52208,91,95,-4,4
52209,52,64,-12,12
52210,81,78,3,3
52211,85,84,1,1
52212,96,97,-1,1
52213,42,56,-14,14
52214,73,73,0,0
52215,100,95,5,5
52216,104,103,1,1
52217,85,96,-11,11
52218,67,79,-12,12
52219,71,82,-11,11
52220,100,99,1,1
52221,134,116,18,18
52222,104,112,-8,8
52223,90,87,3,3
52224,96,131,-35,35
52225,61,95,-34,34
52226,65,78,-13,13
52227,139,139,0,0
52228,46,58,-12,12
52229,70,77,-7,7
52230,142,135,7,7
52231,90,97,-7,7
52232,112,110,2,2
52233,113,110,3,3
52234,59,72,-13,13
52235,111,112,-1,1
52236,84,97,-13,13
52237,74,76,-2,2
52238,78,78,0,0
52239,145,150,-5,5
52240,100,123,-23,23
52241,103,100,3,3
52242,55,62,-7,7
52243,93,101,-8,8
52244,78,83,-5,5
52245,80,85,-5,5
52246,104,100,4,4
52247,66,75,-9,9
52248,68,69,-1,1
52249,60,63,-3,3
52250,103,120,-17,17
52251,69,75,-6,6
52252,92,97,-5,5
52253,48,65,-17,17
52254,54,69,-15,15
52255,54,60,-6,6
52256,58,70,-12,12
52257,160,148,12,12
52258,83,84,-1,1
52259,90,89,1,1
52260,71,128,-57,57
52261,168,175,-7,7
52262,137,142,-5,5
52263,139,143,-4,4
52264,74,77,-3,3
52265,75,85,-10,10
52266,65,69,-4,4
52267,93,87,6,6
52268,94,97,-3,3
52269,65,82,-17,17
52270,110,114,-4,4
52271,29,49,-20,20
52272,91,93,-2,2
52273,78,83,-5,5
52274,77,82,-5,5
52275,93,99,-6,6
52276,158,149,9,9
52277,206,197,9,9
52278,98,105,-7,7
52279,131,130,1,1
52280,115,113,2,2
52281,129,113,16,16
52282,97,95,2,2
52283,97,99,-2,2
52284,78,97,-19,19
52285,81,88,-7,7
52286,107,112,-5,5
52287,80,87,-7,7
52288,67,76,-9,9
52289,66,80,-14,14
52290,56,64,-8,8
52291,72,78,-6,6
52292,50,64,-14,14
52293,70,107,-37,37
52294,128,124,4,4
52295,138,143,-5,5
52296,38,51,-13,13
52297,113,115,-2,2
52298,168,164,4,4
52299,115,110,5,5
52300,88,93,-5,5
52301,80,84,-4,4
52302,124,133,-9,9
52303,190,179,11,11
52304,92,101,-9,9
52305,83,90,-7,7
52306,78,87,-9,9
52307,64,65,-1,1
52308,121,122,-1,1
52309,74,81,-7,7
52310,59,70,-11,11
52311,200,154,46,46
52312,157,148,9,9
52313,86,91,-5,5
52314,126,123,3,3
52315,75,84,-9,9
52316,95,115,-20,20
52317,118,111,7,7
52318,174,162,12,12
52319,148,141,7,7
52320,70,81,-11,11
52321,99,102,-3,3
52322,73,80,-7,7
52323,178,155,23,23
52324,127,123,4,4
52325,137,138,-1,1
52326,35,49,-14,14
52327,58,66,-8,8
52328,104,114,-10,10
52329,85,88,-3,3
52330,91,96,-5,5
52331,40,49,-9,9
52332,83,90,-7,7
52333,100,109,-9,9
52334,73,83,-10,10
52335,51,65,-14,14
52336,263,193,70,70
52337,87,96,-9,9
52338,85,88,-3,3
52339,85,91,-6,6
52340,89,89,0,0
52341,176,170,6,6
52342,103,107,-4,4
52343,128,138,-10,10
52344,166,168,-2,2
52345,92,111,-19,19
52346,100,106,-6,6
52347,98,94,4,4
52348,57,67,-10,10
52349,127,122,5,5
52350,86,94,-8,8
52351,144,147,-3,3
52352,60,72,-12,12
52353,113,116,-3,3
52354,113,112,1,1
52355,103,104,-1,1
52356,90,93,-3,3
52357,56,60,-4,4
52358,47,60,-13,13
52359,105,114,-9,9
52360,61,71,-10,10
52361,128,142,-14,14
52362,55,85,-30,30
52363,67,74,-7,7
52364,65,73,-8,8
52365,116,112,4,4
52366,76,84,-8,8
52367,41,50,-9,9
52368,83,84,-1,1
52369,82,93,-11,11
52370,50,64,-14,14
52371,81,96,-15,15
52372,57,59,-2,2
52373,83,84,-1,1
52374,87,103,-16,16
52375,56,60,-4,4
52376,68,73,-5,5
52377,71,75,-4,4
52378,77,85,-8,8
52379,67,72,-5,5
52380,120,112,8,8
52381,74,84,-10,10
52382,121,127,-6,6
52383,73,82,-9,9
52384,53,63,-10,10
52385,68,78,-10,10
52386,95,96,-1,1
52387,103,111,-8,8
52388,46,59,-13,13
52389,73,72,1,1
52390,148,145,3,3
52391,145,126,19,19
52392,105,99,6,6
52393,71,79,-8,8
52394,43,58,-15,15
52395,106,109,-3,3
52396,114,118,-4,4
52397,80,82,-2,2
52398,64,78,-14,14
52399,125,118,7,7
52400,84,101,-17,17
52401,86,95,-9,9
52402,101,102,-1,1
52403,95,98,-3,3
52404,90,98,-8,8
52405,93,96,-3,3
52406,62,69,-7,7
52407,146,142,4,4
52408,87,93,-6,6
52409,85,82,3,3
52410,134,125,9,9
52411,82,84,-2,2
52412,46,56,-10,10
52413,73,74,-1,1
52414,23,43,-20,20
52415,167,157,10,10
52416,116,101,15,15
52417,112,121,-9,9
52418,227,214,13,13
52419,108,114,-6,6
52420,93,98,-5,5
52421,76,83,-7,7
52422,75,84,-9,9
52423,74,87,-13,13
52424,85,83,2,2
52425,68,74,-6,6
52426,93,90,3,3
52427,143,142,1,1
52428,132,128,4,4
52429,68,74,-6,6
52430,49,65,-16,16
52431,116,111,5,5
52432,87,87,0,0
52433,114,110,4,4
52434,133,128,5,5
52435,81,84,-3,3
52436,105,101,4,4
52437,88,94,-6,6
52438,158,146,12,12
52439,82,80,2,2
52440,91,97,-6,6
52441,158,162,-4,4
52442,77,86,-9,9
52443,61,89,-28,28
52444,57,69,-12,12
52445,76,88,-12,12
52446,80,88,-8,8
52447,90,100,-10,10
52448,75,71,4,4
52449,105,106,-1,1
52450,99,104,-5,5
52451,134,139,-5,5
52452,70,80,-10,10
52453,139,147,-8,8
52454,67,75,-8,8
52455,186,167,19,19
52456,101,105,-4,4
52457,142,140,2,2
52458,66,72,-6,6
52459,88,87,1,1
52460,79,89,-10,10
52461,80,88,-8,8
52462,103,114,-11,11
52463,133,145,-12,12
52464,21,65,-44,44
52465,98,89,9,9
52466,67,75,-8,8
52467,117,143,-26,26
52468,71,79,-8,8
52469,45,58,-13,13
52470,90,89,1,1
52471,122,112,10,10
52472,133,130,3,3
52473,70,75,-5,5
52474,99,109,-10,10
52475,161,151,10,10
52476,123,121,2,2
52477,116,113,3,3
52478,148,129,19,19
52479,55,57,-2,2
52480,107,114,-7,7
52481,69,72,-3,3
52482,103,121,-18,18
52483,50,60,-10,10
52484,76,83,-7,7
52485,98,105,-7,7
52486,63,72,-9,9
52487,69,74,-5,5
52488,115,116,-1,1
52489,64,71,-7,7
52490,80,86,-6,6
52491,93,93,0,0
52492,93,96,-3,3
52493,107,102,5,5
52494,91,95,-4,4
52495,73,89,-16,16
52496,163,149,14,14
52497,82,82,0,0
52498,133,127,6,6
52499,70,84,-14,14
52500,74,81,-7,7
52501,72,77,-5,5
52502,51,53,-2,2
52503,192,170,22,22
52504,59,78,-19,19
52505,69,72,-3,3
52506,47,56,-9,9
52507,146,158,-12,12
52508,149,139,10,10
52509,96,114,-18,18
52510,73,75,-2,2
52511,143,137,6,6
52512,101,109,-8,8
52513,96,104,-8,8
52514,108,118,-10,10
52515,77,84,-7,7
52516,45,61,-16,16
52517,89,101,-12,12
52518,160,152,8,8
52519,97,109,-12,12
52520,82,91,-9,9
52521,80,82,-2,2
52522,70,76,-6,6
52523,123,117,6,6
52524,109,108,1,1
52525,162,159,3,3
52526,129,132,-3,3
52527,80,83,-3,3
52528,49,60,-11,11
52529,129,119,10,10
52530,79,82,-3,3
52531,89,103,-14,14
52532,92,103,-11,11
52533,87,88,-1,1
52534,104,98,6,6
52535,106,96,10,10
52536,169,168,1,1
52537,96,112,-16,16
52538,66,73,-7,7
52539,140,142,-2,2
52540,128,124,4,4
52541,82,85,-3,3
52542,128,118,10,10
52543,109,120,-11,11
52544,59,74,-15,15
52545,61,71,-10,10
52546,109,97,12,12
52547,72,87,-15,15
52548,57,73,-16,16
52549,94,104,-10,10
52550,86,90,-4,4
52551,57,65,-8,8
52552,142,142,0,0
52553,79,91,-12,12
52554,150,145,5,5
52555,122,133,-11,11
52556,106,119,-13,13
52557,41,54,-13,13
52558,218,200,18,18
52559,106,103,3,3
52560,80,81,-1,1
52561,87,93,-6,6
52562,121,134,-13,13
52563,68,74,-6,6
52564,79,89,-10,10
52565,63,69,-6,6
52566,57,74,-17,17
52567,132,142,-10,10
52568,86,92,-6,6
52569,92,94,-2,2
52570,187,172,15,15
52571,97,99,-2,2
52572,135,136,-1,1
52573,126,116,10,10
52574,79,87,-8,8
52575,69,86,-17,17
52576,142,145,-3,3
52577,97,97,0,0
52578,104,115,-11,11
52579,112,119,-7,7
52580,168,173,-5,5
52581,145,131,14,14
52582,137,134,3,3
52583,142,134,8,8
52584,81,83,-2,2
52585,97,102,-5,5
52586,90,86,4,4
52587,121,145,-24,24
52588,71,85,-14,14
52589,61,67,-6,6
52590,95,113,-18,18
52591,95,119,-24,24
52592,53,73,-20,20
52593,126,131,-5,5
52594,72,88,-16,16
52595,86,83,3,3
52596,141,146,-5,5
52597,96,108,-12,12
52598,98,108,-10,10
52599,123,126,-3,3
52600,46,58,-12,12
52601,95,90,5,5
52602,127,123,4,4
52603,153,140,13,13
52604,115,111,4,4
52605,104,100,4,4
52606,53,65,-12,12
52607,95,95,0,0
52608,88,91,-3,3
52609,133,118,15,15
52610,88,93,-5,5
52611,25,55,-30,30
52612,142,128,14,14
52613,98,111,-13,13
52614,93,96,-3,3
52615,99,96,3,3
52616,152,146,6,6
52617,124,127,-3,3
52618,112,117,-5,5
52619,134,123,11,11
52620,104,113,-9,9
52621,86,89,-3,3
52622,117,120,-3,3
52623,77,84,-7,7
52624,88,96,-8,8
52625,72,76,-4,4
52626,87,113,-26,26
52627,80,86,-6,6
52628,103,107,-4,4
52629,136,140,-4,4
52630,105,116,-11,11
52631,96,99,-3,3
52632,90,91,-1,1
52633,53,60,-7,7
52634,77,84,-7,7
52635,60,66,-6,6
52636,115,126,-11,11
52637,93,95,-2,2
52638,91,86,5,5
52639,162,161,1,1
52640,115,107,8,8
52641,148,158,-10,10
52642,68,78,-10,10
52643,79,90,-11,11
52644,53,61,-8,8
52645,60,69,-9,9
52646,63,78,-15,15
52647,102,107,-5,5
52648,111,107,4,4
52649,116,118,-2,2
52650,50,59,-9,9
52651,113,107,6,6
52652,46,63,-17,17
52653,62,67,-5,5
52654,112,114,-2,2
52655,58,76,-18,18
52656,85,96,-11,11
52657,111,107,4,4
52658,105,108,-3,3
52659,113,129,-16,16
52660,174,161,13,13
52661,125,123,2,2
52662,109,108,1,1
52663,67,78,-11,11
52664,76,75,1,1
52665,193,222,-29,29
52666,128,130,-2,2
52667,88,88,0,0
52668,70,81,-11,11
52669,63,72,-9,9
52670,148,127,21,21
52671,89,100,-11,11
52672,152,151,1,1
52673,62,72,-10,10
52674,141,127,14,14
52675,48,59,-11,11
52676,185,172,13,13
52677,89,92,-3,3
52678,87,90,-3,3
52679,50,64,-14,14
52680,79,80,-1,1
52681,124,137,-13,13
52682,109,110,-1,1
52683,54,63,-9,9
52684,90,95,-5,5
52685,85,91,-6,6
52686,35,103,-68,68
52687,86,89,-3,3
52688,47,60,-13,13
52689,103,99,4,4
52690,105,112,-7,7
52691,47,65,-18,18
52692,44,55,-11,11
52693,137,131,6,6
52694,69,81,-12,12
52695,47,57,-10,10
52696,63,71,-8,8
52697,118,120,-2,2
52698,83,94,-11,11
52699,80,98,-18,18
52700,119,101,18,18
52701,107,117,-10,10
52702,100,117,-17,17
52703,96,104,-8,8
52704,90,102,-12,12
52705,136,133,3,3
52706,142,151,-9,9
52707,82,90,-8,8
52708,64,62,2,2
52709,89,94,-5,5
52710,49,66,-17,17
52711,138,129,9,9
52712,74,70,4,4
52713,55,77,-22,22
52714,147,131,16,16
52715,87,98,-11,11
52716,67,86,-19,19
52717,90,87,3,3
52718,72,94,-22,22
52719,110,115,-5,5
52720,166,169,-3,3
52721,128,112,16,16
52722,70,83,-13,13
52723,95,104,-9,9
52724,58,61,-3,3
52725,95,98,-3,3
52726,78,88,-10,10
52727,99,109,-10,10
52728,79,81,-2,2
52729,96,91,5,5
52730,87,90,-3,3
52731,57,71,-14,14
52732,67,73,-6,6
52733,84,97,-13,13
52734,73,80,-7,7
52735,77,83,-6,6
52736,65,72,-7,7
52737,34,54,-20,20
52738,103,105,-2,2
52739,117,127,-10,10
52740,73,75,-2,2
52741,121,116,5,5
52742,67,77,-10,10
52743,118,105,13,13
52744,145,146,-1,1
52745,83,90,-7,7
52746,105,105,0,0
52747,81,76,5,5
52748,92,99,-7,7
52749,44,52,-8,8
52750,104,107,-3,3
52751,45,52,-7,7
52752,96,98,-2,2
52753,115,123,-8,8
52754,91,102,-11,11
52755,64,82,-18,18
52756,63,67,-4,4
52757,83,94,-11,11
52758,126,129,-3,3
52759,57,71,-14,14
52760,209,191,18,18
52761,153,138,15,15
52762,57,67,-10,10
52763,70,74,-4,4
52764,118,131,-13,13
52765,110,114,-4,4
52766,63,65,-2,2
52767,117,117,0,0
52768,151,133,18,18
52769,135,148,-13,13
52770,75,78,-3,3
52771,121,116,5,5
52772,142,148,-6,6
52773,107,104,3,3
52774,87,95,-8,8
52775,83,92,-9,9
52776,54,56,-2,2
52777,120,121,-1,1
52778,75,85,-10,10
52779,116,119,-3,3
52780,80,86,-6,6
52781,132,144,-12,12
52782,61,71,-10,10
52783,70,82,-12,12
52784,57,54,3,3
52785,137,136,1,1
52786,112,103,9,9
52787,77,85,-8,8
52788,78,85,-7,7
52789,94,100,-6,6
52790,85,93,-8,8
52791,61,68,-7,7
52792,80,84,-4,4
52793,116,109,7,7
52794,64,88,-24,24
52795,69,78,-9,9
52796,124,114,10,10
52797,78,74,4,4
52798,109,118,-9,9
52799,90,90,0,0
52800,148,145,3,3
52801,64,74,-10,10
52802,59,71,-12,12
52803,42,51,-9,9
52804,132,132,0,0
52805,132,129,3,3
52806,68,69,-1,1
52807,173,179,-6,6
52808,73,77,-4,4
52809,88,93,-5,5
52810,95,95,0,0
52811,56,62,-6,6
52812,83,80,3,3
52813,131,140,-9,9
52814,65,78,-13,13
52815,77,83,-6,6
52816,110,119,-9,9
52817,80,119,-39,39
52818,76,75,1,1
52819,73,81,-8,8
52820,66,76,-10,10
52821,149,139,10,10
52822,55,69,-14,14
52823,60,63,-3,3
52824,151,149,2,2
52825,112,123,-11,11
52826,67,72,-5,5
52827,67,89,-22,22
52828,77,90,-13,13
52829,114,121,-7,7
52830,123,135,-12,12
52831,83,87,-4,4
52832,42,64,-22,22
52833,104,115,-11,11
52834,90,95,-5,5
52835,107,118,-11,11
52836,153,139,14,14
52837,68,72,-4,4
52838,41,58,-17,17
52839,82,87,-5,5
52840,55,64,-9,9
52841,114,111,3,3
52842,92,97,-5,5
52843,90,100,-10,10
52844,70,76,-6,6
52845,75,85,-10,10
52846,112,98,14,14
52847,76,85,-9,9
52848,107,88,19,19
52849,96,100,-4,4
52850,107,109,-2,2
52851,46,57,-11,11
52852,103,115,-12,12
52853,122,120,2,2
52854,117,118,-1,1
52855,69,87,-18,18
52856,100,110,-10,10
52857,70,70,0,0
52858,96,109,-13,13
52859,89,93,-4,4
52860,112,124,-12,12
52861,93,115,-22,22
52862,104,106,-2,2
52863,79,85,-6,6
52864,150,145,5,5
52865,145,142,3,3
52866,135,140,-5,5
52867,61,70,-9,9
52868,75,85,-10,10
52869,63,68,-5,5
52870,77,86,-9,9
52871,115,122,-7,7
52872,94,97,-3,3
52873,60,65,-5,5
52874,99,104,-5,5
52875,162,169,-7,7
52876,89,98,-9,9
52877,84,100,-16,16
52878,90,103,-13,13
52879,132,127,5,5
52880,106,103,3,3
52881,50,51,-1,1
52882,66,68,-2,2
52883,153,144,9,9
52884,55,63,-8,8
52885,92,94,-2,2
52886,113,119,-6,6
52887,54,65,-11,11
52888,132,128,4,4
52889,116,107,9,9
52890,88,210,-122,122
52891,127,126,1,1
52892,80,90,-10,10
52893,125,116,9,9
52894,108,104,4,4
52895,104,108,-4,4
52896,62,76,-14,14
52897,76,85,-9,9
52898,77,88,-11,11
52899,120,120,0,0
52900,71,80,-9,9
52901,54,74,-20,20
52902,115,122,-7,7
52903,138,144,-6,6
52904,95,95,0,0
52905,31,48,-17,17
52906,46,52,-6,6
52907,147,137,10,10
52908,129,141,-12,12
52909,82,75,7,7
52910,81,90,-9,9
52911,62,69,-7,7
52912,140,136,4,4
52913,101,104,-3,3
52914,120,112,8,8
52915,48,54,-6,6
52916,132,127,5,5
52917,164,151,13,13
52918,48,68,-20,20
52919,81,99,-18,18
52920,74,81,-7,7
52921,79,96,-17,17
52922,97,100,-3,3
52923,81,94,-13,13
52924,47,59,-12,12
52925,97,106,-9,9
52926,59,72,-13,13
52927,68,70,-2,2
52928,67,73,-6,6
52929,66,73,-7,7
52930,143,130,13,13
52931,88,92,-4,4
52932,96,100,-4,4
52933,169,144,25,25
52934,106,100,6,6
52935,106,111,-5,5
52936,78,85,-7,7
52937,107,117,-10,10
52938,132,146,-14,14
52939,88,84,4,4
52940,68,86,-18,18
52941,104,106,-2,2
52942,79,82,-3,3
52943,96,96,0,0
52944,159,155,4,4
52945,133,141,-8,8
52946,81,89,-8,8
52947,67,79,-12,12
52948,86,94,-8,8
52949,75,81,-6,6
52950,106,112,-6,6
52951,55,69,-14,14
52952,167,152,15,15
52953,33,44,-11,11
52954,114,129,-15,15
52955,153,137,16,16
52956,76,82,-6,6
52957,74,85,-11,11
52958,152,154,-2,2
52959,176,141,35,35
52960,86,88,-2,2
52961,191,171,20,20
52962,116,117,-1,1
52963,87,90,-3,3
52964,133,133,0,0
52965,131,139,-8,8
52966,96,99,-3,3
52967,113,126,-13,13
52968,52,62,-10,10
52969,68,83,-15,15
52970,110,113,-3,3
52971,58,64,-6,6
52972,104,123,-19,19
52973,93,96,-3,3
52974,118,121,-3,3
52975,92,100,-8,8
52976,77,87,-10,10
52977,43,52,-9,9
52978,19,42,-23,23
52979,156,141,15,15
52980,145,143,2,2
52981,85,96,-11,11
52982,85,81,4,4
52983,121,116,5,5
52984,76,81,-5,5
52985,137,143,-6,6
52986,76,82,-6,6
52987,91,94,-3,3
52988,93,95,-2,2
52989,133,141,-8,8
52990,128,127,1,1
52991,106,110,-4,4
52992,77,87,-10,10
52993,104,103,1,1
52994,82,85,-3,3
52995,77,83,-6,6
52996,91,106,-15,15
52997,73,102,-29,29
52998,144,133,11,11
52999,103,103,0,0
53000,97,106,-9,9
53001,238,225,13,13
53002,87,89,-2,2
53003,135,128,7,7
53004,63,72,-9,9
53005,95,97,-2,2
53006,42,51,-9,9
53007,69,82,-13,13
53008,98,95,3,3
53009,147,149,-2,2
53010,108,118,-10,10
53011,52,61,-9,9
53012,69,72,-3,3
53013,92,86,6,6
53014,129,135,-6,6
53015,83,89,-6,6
53016,108,118,-10,10
53017,126,135,-9,9
53018,84,87,-3,3
53019,86,80,6,6
53020,82,106,-24,24
53021,88,95,-7,7
53022,101,94,7,7
53023,130,124,6,6
53024,83,90,-7,7
53025,118,126,-8,8
53026,106,107,-1,1
53027,108,116,-8,8
53028,85,75,10,10
53029,133,127,6,6
53030,77,83,-6,6
53031,110,107,3,3
53032,71,85,-14,14
53033,72,85,-13,13
53034,44,53,-9,9
53035,69,73,-4,4
53036,106,105,1,1
53037,103,105,-2,2
53038,82,81,1,1
53039,119,131,-12,12
53040,94,103,-9,9
53041,67,74,-7,7
53042,81,85,-4,4
53043,102,112,-10,10
53044,68,71,-3,3
53045,154,141,13,13
53046,80,81,-1,1
53047,120,119,1,1
53048,59,77,-18,18
53049,149,147,2,2
53050,66,79,-13,13
53051,80,73,7,7
53052,61,71,-10,10
53053,40,58,-18,18
53054,80,89,-9,9
53055,54,63,-9,9
53056,90,109,-19,19
53057,107,106,1,1
53058,62,71,-9,9
53059,157,165,-8,8
53060,113,111,2,2
53061,107,124,-17,17
53062,87,80,7,7
53063,90,97,-7,7
53064,155,151,4,4
53065,37,59,-22,22
53066,66,77,-11,11
53067,92,102,-10,10
53068,74,76,-2,2
53069,38,50,-12,12
53070,83,82,1,1
53071,90,105,-15,15
53072,262,322,-60,60
53073,83,87,-4,4
53074,65,73,-8,8
53075,84,84,0,0
53076,50,61,-11,11
53077,95,108,-13,13
53078,80,92,-12,12
53079,135,129,6,6
53080,75,79,-4,4
53081,79,88,-9,9
53082,179,171,8,8
53083,119,120,-1,1
53084,89,82,7,7
53085,58,76,-18,18
53086,98,111,-13,13
53087,58,67,-9,9
53088,62,67,-5,5
53089,65,75,-10,10
53090,90,94,-4,4
53091,134,125,9,9
53092,61,71,-10,10
53093,142,138,4,4
53094,71,82,-11,11
53095,147,126,21,21
53096,122,126,-4,4
53097,151,143,8,8
53098,105,109,-4,4
53099,56,65,-9,9
53100,124,130,-6,6
53101,140,146,-6,6
53102,107,111,-4,4
53103,103,112,-9,9
53104,98,94,4,4
53105,63,64,-1,1
53106,51,64,-13,13
53107,81,86,-5,5
53108,65,79,-14,14
53109,150,145,5,5
53110,134,131,3,3
53111,46,55,-9,9
53112,120,112,8,8
53113,80,91,-11,11
53114,93,96,-3,3
53115,176,158,18,18
53116,115,126,-11,11
53117,128,130,-2,2
53118,143,136,7,7
53119,55,63,-8,8
53120,85,81,4,4
53121,102,98,4,4
53122,54,63,-9,9
53123,151,131,20,20
53124,83,80,3,3
53125,47,56,-9,9
53126,80,83,-3,3
53127,126,121,5,5
53128,105,112,-7,7
53129,103,114,-11,11
53130,70,83,-13,13
53131,64,70,-6,6
53132,116,118,-2,2
53133,124,138,-14,14
53134,89,89,0,0
53135,73,82,-9,9
53136,131,139,-8,8
53137,120,115,5,5
53138,102,101,1,1
53139,88,88,0,0
53140,82,88,-6,6
53141,88,93,-5,5
53142,135,119,16,16
53143,119,117,2,2
53144,67,78,-11,11
53145,55,60,-5,5
53146,170,164,6,6
53147,125,142,-17,17
53148,132,120,12,12
53149,146,146,0,0
53150,83,86,-3,3
53151,85,86,-1,1
53152,101,103,-2,2
53153,84,92,-8,8
53154,135,134,1,1
53155,54,60,-6,6
53156,74,71,3,3
53157,72,80,-8,8
53158,112,99,13,13
53159,137,144,-7,7
53160,82,77,5,5
53161,121,112,9,9
53162,83,88,-5,5
53163,112,124,-12,12
53164,66,66,0,0
53165,90,91,-1,1
53166,111,120,-9,9
53167,70,84,-14,14
53168,98,109,-11,11
53169,101,104,-3,3
53170,108,103,5,5
53171,77,83,-6,6
53172,94,104,-10,10
53173,77,88,-11,11
53174,52,73,-21,21
53175,114,121,-7,7
53176,79,85,-6,6
53177,43,63,-20,20
53178,110,103,7,7
53179,51,62,-11,11
53180,81,86,-5,5
53181,122,117,5,5
53182,128,135,-7,7
53183,92,112,-20,20
53184,111,111,0,0
53185,106,99,7,7
53186,56,68,-12,12
53187,137,128,9,9
53188,75,76,-1,1
53189,71,75,-4,4
53190,67,74,-7,7
53191,89,91,-2,2
53192,96,100,-4,4
53193,106,110,-4,4
53194,71,74,-3,3
53195,128,119,9,9
53196,63,73,-10,10
53197,82,82,0,0
53198,67,73,-6,6
53199,80,87,-7,7
53200,124,120,4,4
53201,117,114,3,3
53202,115,130,-15,15
53203,107,113,-6,6
53204,65,73,-8,8
53205,119,123,-4,4
53206,88,104,-16,16
53207,53,66,-13,13
53208,156,147,9,9
53209,71,77,-6,6
53210,89,96,-7,7
53211,88,84,4,4
53212,113,117,-4,4
53213,43,55,-12,12
53214,106,109,-3,3
53215,85,88,-3,3
53216,108,129,-21,21
53217,70,68,2,2
53218,163,165,-2,2
53219,102,106,-4,4
53220,74,79,-5,5
53221,60,68,-8,8
53222,107,107,0,0
53223,59,79,-20,20
53224,90,81,9,9
53225,134,129,5,5
53226,159,153,6,6
53227,99,94,5,5
53228,75,84,-9,9
53229,62,66,-4,4
53230,93,97,-4,4
53231,101,104,-3,3
53232,61,70,-9,9
53233,88,84,4,4
53234,99,109,-10,10
53235,45,56,-11,11
53236,65,76,-11,11
53237,120,114,6,6
53238,85,89,-4,4
53239,76,85,-9,9
53240,111,111,0,0
53241,75,84,-9,9
53242,96,105,-9,9
53243,134,124,10,10
53244,62,63,-1,1
53245,69,71,-2,2
53246,95,101,-6,6
53247,93,92,1,1
53248,73,84,-11,11
53249,89,85,4,4
53250,59,60,-1,1
53251,73,72,1,1
53252,115,118,-3,3
53253,86,88,-2,2
53254,141,158,-17,17
53255,109,129,-20,20
53256,112,104,8,8
53257,74,84,-10,10
53258,57,66,-9,9
53259,61,70,-9,9
53260,104,112,-8,8
53261,111,100,11,11
53262,80,86,-6,6
53263,107,103,4,4
53264,43,51,-8,8
53265,71,86,-15,15
53266,54,64,-10,10
53267,74,90,-16,16
53268,77,80,-3,3
53269,86,103,-17,17
53270,65,74,-9,9
53271,103,97,6,6
53272,67,78,-11,11
53273,77,73,4,4
53274,53,69,-16,16
53275,128,128,0,0
53276,75,86,-11,11
53277,111,137,-26,26
53278,94,97,-3,3
53279,93,94,-1,1
53280,131,120,11,11
53281,61,97,-36,36
53282,69,74,-5,5
53283,70,68,2,2
53284,50,62,-12,12
53285,69,73,-4,4
53286,101,98,3,3
53287,86,84,2,2
53288,98,97,1,1
53289,140,112,28,28
53290,88,93,-5,5
53291,51,60,-9,9
53292,72,87,-15,15
53293,109,117,-8,8
53294,67,86,-19,19
53295,114,110,4,4
53296,98,99,-1,1
53297,98,112,-14,14
53298,107,123,-16,16
53299,133,145,-12,12
53300,161,161,0,0
53301,161,157,4,4
53302,125,126,-1,1
53303,90,97,-7,7
53304,112,119,-7,7
53305,61,71,-10,10
53306,186,179,7,7
53307,102,117,-15,15
53308,273,274,-1,1
53309,125,131,-6,6
53310,124,132,-8,8
53311,115,113,2,2
53312,86,90,-4,4
53313,67,76,-9,9
53314,90,100,-10,10
53315,146,141,5,5
53316,64,71,-7,7
53317,78,83,-5,5
53318,73,77,-4,4
53319,132,126,6,6
53320,78,86,-8,8
53321,108,121,-13,13
53322,72,76,-4,4
53323,112,125,-13,13
53324,110,112,-2,2
53325,157,148,9,9
53326,87,89,-2,2
53327,63,66,-3,3
53328,47,56,-9,9
53329,55,70,-15,15
53330,57,66,-9,9
53331,77,87,-10,10
53332,73,78,-5,5
53333,52,62,-10,10
53334,60,84,-24,24
53335,171,183,-12,12
53336,153,147,6,6
53337,128,128,0,0
53338,101,103,-2,2
53339,58,66,-8,8
53340,67,72,-5,5
53341,58,68,-10,10
53342,69,74,-5,5
53343,198,175,23,23
53344,85,84,1,1
53345,96,90,6,6
53346,68,99,-31,31
53347,80,84,-4,4
53348,56,71,-15,15
53349,67,75,-8,8
53350,57,64,-7,7
53351,39,50,-11,11
53352,81,92,-11,11
53353,117,118,-1,1
53354,104,110,-6,6
53355,105,117,-12,12
53356,83,86,-3,3
53357,135,139,-4,4
53358,76,74,2,2
53359,122,116,6,6
53360,78,84,-6,6
53361,37,51,-14,14
53362,134,125,9,9
53363,71,79,-8,8
53364,119,117,2,2
53365,23,44,-21,21
53366,145,142,3,3
53367,99,105,-6,6
53368,70,85,-15,15
53369,41,67,-26,26
53370,82,95,-13,13
53371,102,100,2,2
53372,64,70,-6,6
53373,60,69,-9,9
53374,157,149,8,8
53375,144,130,14,14
53376,107,111,-4,4
53377,108,123,-15,15
53378,79,86,-7,7
53379,77,92,-15,15
53380,102,101,1,1
53381,62,72,-10,10
53382,87,96,-9,9
53383,156,145,11,11
53384,59,65,-6,6
53385,54,64,-10,10
53386,114,117,-3,3
53387,87,107,-20,20
53388,132,134,-2,2
53389,135,137,-2,2
53390,126,117,9,9
53391,105,114,-9,9
53392,95,106,-11,11
53393,101,105,-4,4
53394,51,66,-15,15
53395,63,79,-16,16
53396,149,147,2,2
53397,72,70,2,2
53398,147,142,5,5
53399,67,71,-4,4
53400,106,119,-13,13
53401,98,109,-11,11
53402,100,99,1,1
53403,93,110,-17,17
53404,69,79,-10,10
53405,116,131,-15,15
53406,88,91,-3,3
53407,114,140,-26,26
53408,53,63,-10,10
53409,55,63,-8,8
53410,86,99,-13,13
53411,110,107,3,3
53412,82,86,-4,4
53413,87,85,2,2
53414,60,63,-3,3
53415,59,66,-7,7
53416,72,74,-2,2
53417,99,93,6,6
53418,111,100,11,11
53419,105,113,-8,8
53420,110,106,4,4
53421,56,65,-9,9
53422,126,137,-11,11
53423,75,84,-9,9
53424,56,65,-9,9
53425,119,139,-20,20
53426,98,103,-5,5
53427,171,173,-2,2
53428,169,145,24,24
53429,126,133,-7,7
53430,194,172,22,22
53431,112,111,1,1
53432,73,78,-5,5
53433,106,113,-7,7
53434,101,93,8,8
53435,119,118,1,1
53436,96,92,4,4
53437,58,66,-8,8
53438,89,98,-9,9
53439,78,77,1,1
53440,85,99,-14,14
53441,87,95,-8,8
53442,70,83,-13,13
53443,50,66,-16,16
53444,51,61,-10,10
53445,91,89,2,2
53446,79,91,-12,12
53447,98,102,-4,4
53448,117,132,-15,15
53449,94,107,-13,13
53450,141,136,5,5
53451,133,139,-6,6
53452,48,62,-14,14
53453,121,124,-3,3
53454,90,97,-7,7
53455,50,70,-20,20
53456,69,84,-15,15
53457,90,107,-17,17
53458,83,88,-5,5
53459,89,108,-19,19
53460,84,90,-6,6
53461,72,68,4,4
53462,65,77,-12,12
53463,93,96,-3,3
53464,70,76,-6,6
53465,68,75,-7,7
53466,128,143,-15,15
53467,102,92,10,10
53468,111,119,-8,8
53469,54,62,-8,8
53470,94,107,-13,13
53471,102,101,1,1
53472,104,103,1,1
53473,90,96,-6,6
53474,96,106,-10,10
53475,119,137,-18,18
53476,80,92,-12,12
53477,77,83,-6,6
53478,228,222,6,6
53479,134,122,12,12
53480,140,154,-14,14
53481,47,56,-9,9
53482,113,113,0,0
53483,58,67,-9,9
53484,34,46,-12,12
53485,46,53,-7,7
53486,68,69,-1,1
53487,68,74,-6,6
53488,43,59,-16,16
53489,74,88,-14,14
53490,88,96,-8,8
53491,130,144,-14,14
53492,112,98,14,14
53493,91,93,-2,2
53494,70,75,-5,5
53495,137,136,1,1
53496,67,68,-1,1
53497,90,86,4,4
53498,137,126,11,11
53499,83,95,-12,12
53500,105,116,-11,11
53501,78,87,-9,9
53502,93,84,9,9
53503,88,86,2,2
53504,65,70,-5,5
53505,105,104,1,1
53506,131,140,-9,9
53507,52,59,-7,7
53508,48,62,-14,14
53509,127,134,-7,7
53510,70,88,-18,18
53511,62,64,-2,2
53512,119,125,-6,6
53513,75,83,-8,8
53514,90,88,2,2
53515,60,73,-13,13
53516,133,130,3,3
53517,86,86,0,0
53518,77,90,-13,13
53519,81,86,-5,5
53520,98,104,-6,6
53521,101,109,-8,8
53522,70,79,-9,9
53523,86,84,2,2
53524,111,120,-9,9
53525,99,96,3,3
53526,62,69,-7,7
53527,111,121,-10,10
53528,57,66,-9,9
53529,93,97,-4,4
53530,77,87,-10,10
53531,122,120,2,2
53532,96,109,-13,13
53533,52,63,-11,11
53534,66,66,0,0
53535,102,104,-2,2
53536,79,98,-19,19
53537,83,96,-13,13
53538,90,93,-3,3
53539,117,119,-2,2
53540,87,94,-7,7
53541,127,119,8,8
53542,50,65,-15,15
53543,62,73,-11,11
53544,63,83,-20,20
53545,80,80,0,0
53546,111,137,-26,26
53547,53,51,2,2
53548,105,109,-4,4
53549,97,93,4,4
53550,48,56,-8,8
53551,66,76,-10,10
53552,113,119,-6,6
53553,142,140,2,2
53554,42,51,-9,9
53555,55,60,-5,5
53556,111,102,9,9
53557,89,92,-3,3
53558,76,93,-17,17
53559,126,122,4,4
53560,103,106,-3,3
53561,53,67,-14,14
53562,90,93,-3,3
53563,66,68,-2,2
53564,60,74,-14,14
53565,49,63,-14,14
53566,230,192,38,38
53567,64,68,-4,4
53568,104,109,-5,5
53569,82,89,-7,7
53570,157,151,6,6
53571,53,63,-10,10
53572,93,101,-8,8
53573,76,77,-1,1
53574,61,72,-11,11
53575,100,98,2,2
53576,52,65,-13,13
53577,69,75,-6,6
53578,117,117,0,0
53579,124,125,-1,1
53580,100,111,-11,11
53581,149,132,17,17
53582,99,104,-5,5
53583,120,109,11,11
53584,79,88,-9,9
53585,177,173,4,4
53586,62,68,-6,6
53587,99,99,0,0
53588,157,150,7,7
53589,117,123,-6,6
53590,98,101,-3,3
53591,68,72,-4,4
53592,85,88,-3,3
53593,91,105,-14,14
53594,106,102,4,4
53595,129,129,0,0
53596,134,126,8,8
53597,85,90,-5,5
53598,122,133,-11,11
53599,89,94,-5,5
53600,46,58,-12,12
53601,91,98,-7,7
53602,136,138,-2,2
53603,52,59,-7,7
53604,98,109,-11,11
53605,98,94,4,4
53606,129,127,2,2
53607,49,57,-8,8
53608,75,79,-4,4
53609,70,80,-10,10
53610,102,101,1,1
53611,114,118,-4,4
53612,31,48,-17,17
53613,120,118,2,2
53614,108,111,-3,3
53615,84,95,-11,11
53616,61,72,-11,11
53617,150,149,1,1
53618,52,91,-39,39
53619,44,59,-15,15
53620,71,84,-13,13
53621,62,73,-11,11
53622,74,84,-10,10
53623,100,102,-2,2
53624,83,93,-10,10
53625,82,92,-10,10
53626,149,137,12,12
53627,113,126,-13,13
53628,99,93,6,6
53629,94,100,-6,6
53630,77,89,-12,12
53631,116,130,-14,14
53632,154,157,-3,3
53633,84,89,-5,5
53634,116,108,8,8
53635,169,162,7,7
53636,126,126,0,0
53637,31,43,-12,12
53638,84,89,-5,5
53639,81,86,-5,5
53640,109,109,0,0
53641,96,102,-6,6
53642,78,80,-2,2
53643,100,103,-3,3
53644,101,102,-1,1
53645,63,77,-14,14
53646,118,119,-1,1
53647,119,115,4,4
53648,70,70,0,0
53649,82,79,3,3
53650,57,65,-8,8
53651,89,97,-8,8
53652,124,118,6,6
53653,67,77,-10,10
53654,87,87,0,0
53655,115,111,4,4
53656,76,77,-1,1
53657,63,70,-7,7
53658,105,104,1,1
53659,77,80,-3,3
53660,124,131,-7,7
53661,84,83,1,1
53662,52,59,-7,7
53663,55,60,-5,5
53664,120,113,7,7
53665,206,177,29,29
53666,67,79,-12,12
53667,93,100,-7,7
53668,67,76,-9,9
53669,71,70,1,1
53670,87,84,3,3
53671,72,72,0,0
53672,108,111,-3,3
53673,116,116,0,0
53674,62,64,-2,2
53675,61,74,-13,13
53676,57,67,-10,10
53677,100,100,0,0
53678,78,74,4,4
53679,93,100,-7,7
53680,102,107,-5,5
53681,187,185,2,2
53682,88,85,3,3
53683,100,105,-5,5
53684,169,166,3,3
53685,160,168,-8,8
53686,142,136,6,6
53687,146,148,-2,2
53688,81,92,-11,11
53689,41,53,-12,12
53690,111,103,8,8
53691,124,121,3,3
53692,114,121,-7,7
53693,133,144,-11,11
53694,88,87,1,1
53695,90,90,0,0
53696,76,83,-7,7
53697,83,98,-15,15
53698,130,129,1,1
53699,48,66,-18,18
53700,85,104,-19,19
53701,77,81,-4,4
53702,130,135,-5,5
53703,118,112,6,6
53704,106,108,-2,2
53705,67,78,-11,11
53706,111,117,-6,6
53707,94,92,2,2
53708,69,74,-5,5
53709,76,96,-20,20
53710,96,94,2,2
53711,84,84,0,0
53712,144,126,18,18
53713,66,84,-18,18
53714,86,90,-4,4
53715,56,71,-15,15
53716,103,113,-10,10
53717,154,147,7,7
53718,80,83,-3,3
53719,89,94,-5,5
53720,63,75,-12,12
53721,90,93,-3,3
53722,102,96,6,6
53723,132,135,-3,3
53724,103,110,-7,7
53725,138,137,1,1
53726,107,106,1,1
53727,84,93,-9,9
53728,158,145,13,13
53729,143,143,0,0
53730,83,90,-7,7
53731,101,100,1,1
53732,42,59,-17,17
53733,156,146,10,10
53734,96,105,-9,9
53735,124,136,-12,12
53736,91,95,-4,4
53737,139,134,5,5
53738,80,82,-2,2
53739,95,95,0,0
53740,95,94,1,1
53741,83,92,-9,9
53742,88,97,-9,9
53743,120,124,-4,4
53744,79,89,-10,10
53745,114,112,2,2
53746,54,63,-9,9
53747,72,85,-13,13
53748,122,117,5,5
53749,125,128,-3,3
53750,100,103,-3,3
53751,90,105,-15,15
53752,92,97,-5,5
53753,85,88,-3,3
53754,115,115,0,0
53755,76,76,0,0
53756,94,110,-16,16
53757,128,122,6,6
53758,49,93,-44,44
53759,134,129,5,5
53760,114,115,-1,1
53761,75,82,-7,7
53762,71,72,-1,1
53763,131,131,0,0
53764,110,110,0,0
53765,113,107,6,6
53766,79,95,-16,16
53767,90,83,7,7
53768,112,102,10,10
53769,92,98,-6,6
53770,141,135,6,6
53771,46,58,-12,12
53772,103,107,-4,4
53773,124,127,-3,3
53774,98,100,-2,2
53775,106,98,8,8
53776,95,92,3,3
53777,50,62,-12,12
53778,98,100,-2,2
53779,127,128,-1,1
53780,147,146,1,1
53781,136,131,5,5
53782,68,71,-3,3
53783,133,132,1,1
53784,112,115,-3,3
53785,73,74,-1,1
53786,104,108,-4,4
53787,118,117,1,1
53788,84,99,-15,15
53789,66,74,-8,8
53790,74,76,-2,2
53791,71,70,1,1
53792,122,120,2,2
53793,88,92,-4,4
53794,90,102,-12,12
53795,44,56,-12,12
53796,68,88,-20,20
53797,72,85,-13,13
53798,141,140,1,1
53799,84,114,-30,30
53800,120,117,3,3
53801,46,48,-2,2
53802,59,65,-6,6
53803,136,130,6,6
53804,47,56,-9,9
53805,57,69,-12,12
53806,64,84,-20,20
53807,114,102,12,12
53808,75,73,2,2
53809,72,81,-9,9
53810,58,63,-5,5
53811,70,80,-10,10
53812,146,135,11,11
53813,83,103,-20,20
53814,116,135,-19,19
53815,143,145,-2,2
53816,118,112,6,6
53817,200,176,24,24
53818,116,106,10,10
53819,124,125,-1,1
53820,142,146,-4,4
53821,184,160,24,24
53822,137,138,-1,1
53823,76,91,-15,15
53824,96,99,-3,3
53825,52,60,-8,8
53826,91,88,3,3
53827,55,64,-9,9
53828,95,92,3,3
53829,59,70,-11,11
53830,145,150,-5,5
53831,84,78,6,6
53832,112,117,-5,5
53833,63,80,-17,17
53834,60,72,-12,12
53835,134,135,-1,1
53836,88,91,-3,3
53837,72,79,-7,7
53838,107,117,-10,10
53839,74,77,-3,3
53840,94,89,5,5
53841,84,85,-1,1
53842,55,79,-24,24
53843,30,42,-12,12
53844,31,53,-22,22
53845,77,88,-11,11
53846,74,80,-6,6
53847,99,92,7,7
53848,148,144,4,4
53849,70,83,-13,13
53850,86,84,2,2
53851,124,141,-17,17
53852,144,143,1,1
53853,77,77,0,0
53854,117,112,5,5
53855,78,80,-2,2
53856,53,71,-18,18
53857,105,102,3,3
53858,79,73,6,6
53859,127,121,6,6
53860,94,92,2,2
53861,159,159,0,0
53862,90,95,-5,5
53863,71,82,-11,11
53864,156,146,10,10
53865,140,140,0,0
53866,57,57,0,0
53867,91,96,-5,5
53868,61,71,-10,10
53869,91,102,-11,11
53870,54,64,-10,10
53871,78,80,-2,2
53872,133,123,10,10
53873,121,116,5,5
53874,151,150,1,1
53875,119,117,2,2
53876,76,110,-34,34
53877,98,94,4,4
53878,97,102,-5,5
53879,41,51,-10,10
53880,149,162,-13,13
53881,119,120,-1,1
53882,80,86,-6,6
53883,67,71,-4,4
53884,70,78,-8,8
53885,120,117,3,3
53886,125,126,-1,1
53887,76,84,-8,8
53888,77,88,-11,11
53889,89,96,-7,7
53890,63,66,-3,3
53891,163,154,9,9
53892,51,55,-4,4
53893,68,73,-5,5
53894,131,135,-4,4
53895,109,111,-2,2
53896,61,63,-2,2
53897,118,131,-13,13
53898,103,104,-1,1
53899,137,121,16,16
53900,93,92,1,1
53901,116,101,15,15
53902,61,69,-8,8
53903,80,91,-11,11
53904,88,94,-6,6
53905,121,132,-11,11
53906,63,73,-10,10
53907,150,146,4,4
53908,130,129,1,1
53909,112,114,-2,2
53910,48,61,-13,13
53911,159,158,1,1
53912,75,76,-1,1
53913,66,78,-12,12
53914,75,79,-4,4
53915,70,75,-5,5
53916,80,79,1,1
53917,95,100,-5,5
53918,57,64,-7,7
53919,79,79,0,0
53920,69,74,-5,5
53921,60,73,-13,13
53922,115,109,6,6
53923,121,100,21,21
53924,71,69,2,2
53925,88,86,2,2
53926,97,102,-5,5
53927,56,68,-12,12
53928,107,100,7,7
53929,35,45,-10,10
53930,112,116,-4,4
53931,74,83,-9,9
53932,80,84,-4,4
53933,89,105,-16,16
53934,81,93,-12,12
53935,142,143,-1,1
53936,109,115,-6,6
53937,118,110,8,8
53938,93,94,-1,1
53939,127,129,-2,2
53940,84,90,-6,6
53941,135,138,-3,3
53942,128,129,-1,1
53943,88,85,3,3
53944,77,91,-14,14
53945,73,86,-13,13
53946,92,93,-1,1
53947,163,165,-2,2
53948,117,112,5,5
53949,186,182,4,4
53950,118,126,-8,8
53951,79,73,6,6
53952,81,90,-9,9
53953,114,133,-19,19
53954,83,89,-6,6
53955,89,85,4,4
53956,139,143,-4,4
53957,85,91,-6,6
53958,52,65,-13,13
53959,112,106,6,6
53960,79,86,-7,7
53961,90,90,0,0
53962,102,107,-5,5
53963,86,90,-4,4
53964,83,84,-1,1
53965,149,141,8,8
53966,50,63,-13,13
53967,73,77,-4,4
53968,66,74,-8,8
53969,106,115,-9,9
53970,78,80,-2,2
53971,85,91,-6,6
53972,97,111,-14,14
53973,50,55,-5,5
53974,126,139,-13,13
53975,83,98,-15,15
53976,98,100,-2,2
53977,75,80,-5,5
53978,93,97,-4,4
53979,143,133,10,10
53980,142,128,14,14
53981,55,69,-14,14
53982,68,71,-3,3
53983,61,66,-5,5
53984,68,73,-5,5
53985,119,106,13,13
53986,85,86,-1,1
53987,56,62,-6,6
53988,105,115,-10,10
53989,74,79,-5,5
53990,61,68,-7,7
53991,125,126,-1,1
53992,49,56,-7,7
53993,117,129,-12,12
53994,109,119,-10,10
53995,108,127,-19,19
53996,153,166,-13,13
53997,59,63,-4,4
53998,173,161,12,12
53999,90,93,-3,3
54000,102,100,2,2
54001,53,63,-10,10
54002,91,101,-10,10
54003,162,135,27,27
54004,129,130,-1,1
54005,110,110,0,0
54006,80,77,3,3
54007,94,92,2,2
54008,107,108,-1,1
54009,57,69,-12,12
54010,109,114,-5,5
54011,73,80,-7,7
54012,229,216,13,13
54013,170,172,-2,2
54014,70,73,-3,3
54015,104,111,-7,7
54016,83,84,-1,1
54017,101,102,-1,1
54018,86,94,-8,8
54019,108,114,-6,6
54020,96,101,-5,5
54021,80,91,-11,11
54022,68,76,-8,8
54023,91,92,-1,1
54024,112,119,-7,7
54025,122,119,3,3
54026,132,125,7,7
54027,96,102,-6,6
54028,81,91,-10,10
54029,80,98,-18,18
54030,101,97,4,4
54031,117,117,0,0
54032,100,106,-6,6
54033,83,103,-20,20
54034,93,98,-5,5
54035,103,108,-5,5
54036,48,71,-23,23
54037,110,107,3,3
54038,128,121,7,7
54039,37,47,-10,10
54040,110,121,-11,11
54041,94,101,-7,7
54042,127,144,-17,17
54043,70,73,-3,3
54044,112,111,1,1
54045,189,184,5,5
54046,95,106,-11,11
54047,123,131,-8,8
54048,152,150,2,2
54049,85,89,-4,4
54050,60,72,-12,12
54051,74,75,-1,1
54052,89,97,-8,8
54053,97,101,-4,4
54054,159,146,13,13
54055,90,98,-8,8
54056,76,84,-8,8
54057,83,102,-19,19
54058,71,84,-13,13
54059,105,97,8,8
54060,102,106,-4,4
54061,161,150,11,11
54062,123,114,9,9
54063,85,90,-5,5
54064,41,51,-10,10
54065,165,155,10,10
54066,60,99,-39,39
54067,123,129,-6,6
54068,59,61,-2,2
54069,51,59,-8,8
54070,160,160,0,0
54071,134,146,-12,12
54072,87,98,-11,11
54073,91,94,-3,3
54074,52,62,-10,10
54075,111,111,0,0
54076,139,147,-8,8
54077,65,78,-13,13
54078,96,96,0,0
54079,92,94,-2,2
54080,77,92,-15,15
54081,106,121,-15,15
54082,194,189,5,5
54083,127,127,0,0
54084,121,107,14,14
54085,140,154,-14,14
54086,129,129,0,0
54087,59,71,-12,12
54088,82,92,-10,10
54089,59,69,-10,10
54090,98,100,-2,2
54091,214,187,27,27
54092,107,110,-3,3
54093,122,131,-9,9
54094,75,76,-1,1
54095,52,59,-7,7
54096,129,122,7,7
54097,59,66,-7,7
54098,64,68,-4,4
54099,144,139,5,5
54100,99,103,-4,4
54101,156,148,8,8
54102,173,168,5,5
54103,82,86,-4,4
54104,145,132,13,13
54105,105,102,3,3
54106,102,115,-13,13
54107,69,73,-4,4
54108,51,62,-11,11
54109,44,57,-13,13
54110,30,46,-16,16
54111,118,109,9,9
54112,85,85,0,0
54113,70,76,-6,6
54114,61,78,-17,17
54115,69,74,-5,5
54116,81,86,-5,5
54117,68,68,0,0
54118,149,144,5,5
54119,47,71,-24,24
54120,53,65,-12,12
54121,143,139,4,4
54122,91,103,-12,12
54123,93,99,-6,6
54124,45,58,-13,13
54125,122,126,-4,4
54126,112,110,2,2
54127,165,149,16,16
54128,57,69,-12,12
54129,101,107,-6,6
54130,54,67,-13,13
54131,55,61,-6,6
54132,74,76,-2,2
54133,95,96,-1,1
54134,58,97,-39,39
54135,114,128,-14,14
54136,73,96,-23,23
54137,81,84,-3,3
54138,63,69,-6,6
54139,139,152,-13,13
54140,96,96,0,0
54141,111,113,-2,2
54142,157,145,12,12
54143,167,164,3,3
54144,166,145,21,21
54145,115,123,-8,8
54146,80,81,-1,1
54147,166,144,22,22
54148,89,92,-3,3
54149,69,72,-3,3
54150,34,48,-14,14
54151,92,96,-4,4
54152,81,95,-14,14
54153,131,136,-5,5
54154,65,76,-11,11
54155,107,110,-3,3
54156,61,70,-9,9
54157,77,90,-13,13
54158,92,101,-9,9
54159,175,178,-3,3
54160,154,157,-3,3
54161,101,110,-9,9
54162,96,96,0,0
54163,82,87,-5,5
54164,72,76,-4,4
54165,60,69,-9,9
54166,137,127,10,10
54167,44,57,-13,13
54168,77,77,0,0
54169,111,112,-1,1
54170,41,59,-18,18
54171,119,112,7,7
54172,83,90,-7,7
54173,108,105,3,3
54174,128,118,10,10
54175,76,94,-18,18
54176,41,54,-13,13
54177,79,86,-7,7
54178,175,167,8,8
54179,115,109,6,6
54180,87,99,-12,12
54181,136,129,7,7
54182,76,80,-4,4
54183,107,120,-13,13
54184,86,98,-12,12
54185,118,112,6,6
54186,98,99,-1,1
54187,73,78,-5,5
54188,176,166,10,10
54189,110,104,6,6
54190,73,78,-5,5
54191,73,81,-8,8
54192,109,123,-14,14
54193,96,107,-11,11
54194,128,124,4,4
54195,65,68,-3,3
54196,81,92,-11,11
54197,76,81,-5,5
54198,81,95,-14,14
54199,55,57,-2,2
54200,93,97,-4,4
54201,138,144,-6,6
54202,127,123,4,4
54203,110,102,8,8
54204,97,97,0,0
54205,106,121,-15,15
54206,70,80,-10,10
54207,84,105,-21,21
54208,103,106,-3,3
54209,109,102,7,7
54210,82,85,-3,3
54211,82,88,-6,6
54212,75,79,-4,4
54213,96,99,-3,3
54214,74,81,-7,7
54215,50,62,-12,12
54216,80,80,0,0
54217,129,141,-12,12
54218,127,132,-5,5
54219,101,114,-13,13
54220,94,98,-4,4
54221,80,89,-9,9
54222,51,60,-9,9
54223,98,99,-1,1
54224,93,101,-8,8
54225,138,139,-1,1
54226,127,119,8,8
54227,115,114,1,1
54228,57,65,-8,8
54229,62,69,-7,7
54230,125,127,-2,2
54231,74,91,-17,17
54232,104,99,5,5
54233,112,119,-7,7
54234,101,100,1,1
54235,81,77,4,4
54236,58,68,-10,10
54237,98,92,6,6
54238,60,65,-5,5
54239,60,72,-12,12
54240,119,116,3,3
54241,92,97,-5,5
54242,79,91,-12,12
54243,72,77,-5,5
54244,59,70,-11,11
54245,53,62,-9,9
54246,133,127,6,6
54247,81,96,-15,15
54248,167,153,14,14
54249,110,109,1,1
54250,62,72,-10,10
54251,77,80,-3,3
54252,81,95,-14,14
54253,108,97,11,11
54254,107,105,2,2
54255,56,66,-10,10
54256,74,80,-6,6
54257,55,80,-25,25
54258,41,49,-8,8
54259,95,96,-1,1
54260,80,90,-10,10
54261,107,109,-2,2
54262,89,95,-6,6
54263,69,75,-6,6
54264,89,90,-1,1
54265,125,119,6,6
54266,139,141,-2,2
54267,63,73,-10,10
54268,79,94,-15,15
54269,111,120,-9,9
54270,80,87,-7,7
54271,89,101,-12,12
54272,65,69,-4,4
54273,139,142,-3,3
54274,105,108,-3,3
54275,59,66,-7,7
54276,108,102,6,6
54277,71,80,-9,9
54278,57,73,-16,16
54279,65,72,-7,7
54280,66,71,-5,5
54281,171,171,0,0
54282,69,94,-25,25
54283,137,125,12,12
54284,62,71,-9,9
54285,92,97,-5,5
54286,87,84,3,3
54287,131,129,2,2
54288,160,168,-8,8
54289,78,89,-11,11
54290,82,96,-14,14
54291,152,171,-19,19
54292,34,45,-11,11
54293,80,96,-16,16
54294,201,190,11,11
54295,89,92,-3,3
54296,88,99,-11,11
54297,137,133,4,4
54298,58,66,-8,8
54299,87,105,-18,18
54300,106,114,-8,8
54301,67,74,-7,7
54302,57,61,-4,4
54303,83,83,0,0
54304,105,99,6,6
54305,187,162,25,25
54306,92,97,-5,5
54307,43,54,-11,11
54308,130,137,-7,7
54309,103,104,-1,1
54310,79,86,-7,7
54311,176,170,6,6
54312,120,113,7,7
54313,75,79,-4,4
54314,75,75,0,0
54315,77,79,-2,2
54316,87,88,-1,1
54317,49,67,-18,18
54318,164,145,19,19
54319,142,132,10,10
54320,136,134,2,2
54321,51,64,-13,13
54322,79,86,-7,7
54323,173,166,7,7
54324,118,120,-2,2
54325,75,82,-7,7
54326,87,99,-12,12
54327,66,70,-4,4
54328,67,76,-9,9
54329,124,124,0,0
54330,62,71,-9,9
54331,88,100,-12,12
54332,87,89,-2,2
54333,125,132,-7,7
54334,107,92,15,15
54335,65,67,-2,2
54336,50,61,-11,11
54337,80,78,2,2
54338,166,161,5,5
54339,142,139,3,3
54340,171,163,8,8
54341,57,65,-8,8
54342,87,92,-5,5
54343,106,99,7,7
54344,95,108,-13,13
54345,108,103,5,5
54346,105,101,4,4
54347,112,114,-2,2
54348,101,94,7,7
54349,89,94,-5,5
54350,49,61,-12,12
54351,84,88,-4,4
54352,101,107,-6,6
54353,66,70,-4,4
54354,83,85,-2,2
54355,58,63,-5,5
54356,85,94,-9,9
54357,91,116,-25,25
54358,53,72,-19,19
54359,94,100,-6,6
54360,97,87,10,10
54361,76,81,-5,5
54362,45,66,-21,21
54363,49,58,-9,9
54364,150,147,3,3
54365,104,105,-1,1
54366,111,118,-7,7
54367,68,68,0,0
54368,93,104,-11,11
54369,100,111,-11,11
54370,107,110,-3,3
54371,121,124,-3,3
54372,60,71,-11,11
54373,134,138,-4,4
54374,127,127,0,0
54375,76,88,-12,12
54376,122,113,9,9
54377,71,73,-2,2
54378,73,84,-11,11
54379,74,76,-2,2
54380,133,137,-4,4
54381,78,77,1,1
54382,60,82,-22,22
54383,112,132,-20,20
54384,87,100,-13,13
54385,105,102,3,3
54386,62,72,-10,10
54387,76,80,-4,4
54388,124,119,5,5
54389,108,121,-13,13
54390,63,68,-5,5
54391,192,182,10,10
54392,63,82,-19,19
54393,94,100,-6,6
54394,76,99,-23,23
54395,153,148,5,5
54396,145,140,5,5
54397,118,128,-10,10
54398,144,148,-4,4
54399,80,92,-12,12
54400,81,84,-3,3
54401,167,149,18,18
54402,112,95,17,17
54403,87,99,-12,12
54404,114,95,19,19
54405,96,102,-6,6
54406,72,75,-3,3
54407,148,150,-2,2
54408,105,113,-8,8
54409,138,145,-7,7
54410,80,85,-5,5
54411,79,87,-8,8
54412,92,91,1,1
54413,104,114,-10,10
54414,60,77,-17,17
54415,179,164,15,15
54416,86,90,-4,4
54417,32,60,-28,28
54418,134,113,21,21
54419,71,76,-5,5
54420,93,99,-6,6
54421,112,109,3,3
54422,117,119,-2,2
54423,112,114,-2,2
54424,83,92,-9,9
54425,111,115,-4,4
54426,143,143,0,0
54427,84,86,-2,2
54428,58,70,-12,12
54429,78,85,-7,7
54430,116,107,9,9
54431,120,115,5,5
54432,102,100,2,2
54433,155,105,50,50
54434,106,109,-3,3
54435,79,81,-2,2
54436,111,119,-8,8
54437,72,76,-4,4
54438,59,66,-7,7
54439,139,147,-8,8
54440,119,113,6,6
54441,100,98,2,2
54442,59,79,-20,20
54443,67,81,-14,14
54444,149,156,-7,7
54445,74,78,-4,4
54446,96,101,-5,5
54447,196,199,-3,3
54448,144,142,2,2
54449,101,99,2,2
54450,80,98,-18,18
54451,76,89,-13,13
54452,96,102,-6,6
54453,112,111,1,1
54454,73,100,-27,27
54455,126,137,-11,11
54456,92,93,-1,1
54457,125,138,-13,13
54458,64,77,-13,13
54459,146,147,-1,1
54460,77,98,-21,21
54461,148,146,2,2
54462,126,128,-2,2
54463,95,101,-6,6
54464,58,62,-4,4
54465,146,137,9,9
54466,148,138,10,10
54467,104,110,-6,6
54468,129,119,10,10
54469,60,60,0,0
54470,83,88,-5,5
54471,67,63,4,4
54472,132,127,5,5
54473,82,96,-14,14
54474,34,58,-24,24
54475,76,91,-15,15
54476,116,125,-9,9
54477,119,127,-8,8
54478,96,103,-7,7
54479,138,140,-2,2
54480,80,85,-5,5
54481,109,113,-4,4
54482,103,104,-1,1
54483,57,71,-14,14
54484,41,49,-8,8
54485,121,122,-1,1
54486,87,85,2,2
54487,125,123,2,2
54488,82,99,-17,17
54489,36,48,-12,12
54490,63,71,-8,8
54491,112,113,-1,1
54492,90,88,2,2
54493,110,122,-12,12
54494,184,170,14,14
54495,97,104,-7,7
54496,64,74,-10,10
54497,115,107,8,8
54498,85,88,-3,3
54499,60,68,-8,8
54500,68,83,-15,15
54501,118,121,-3,3
54502,56,76,-20,20
54503,49,70,-21,21
54504,92,103,-11,11
54505,62,66,-4,4
54506,131,133,-2,2
54507,125,128,-3,3
54508,146,149,-3,3
54509,78,86,-8,8
54510,69,74,-5,5
54511,76,75,1,1
54512,66,73,-7,7
54513,71,79,-8,8
54514,97,105,-8,8
54515,264,246,18,18
54516,38,55,-17,17
54517,134,142,-8,8
54518,70,74,-4,4
54519,67,75,-8,8
54520,128,126,2,2
54521,138,113,25,25
54522,101,118,-17,17
54523,76,82,-6,6
54524,42,56,-14,14
54525,138,125,13,13
54526,126,119,7,7
54527,80,82,-2,2
54528,61,69,-8,8
54529,105,99,6,6
54530,113,117,-4,4
54531,96,105,-9,9
54532,97,102,-5,5
54533,74,90,-16,16
54534,129,133,-4,4
54535,83,85,-2,2
54536,87,89,-2,2
54537,72,72,0,0
54538,120,115,5,5
54539,95,121,-26,26
54540,62,73,-11,11
54541,54,63,-9,9
54542,80,93,-13,13
54543,109,101,8,8
54544,90,87,3,3
54545,30,43,-13,13
54546,103,105,-2,2
54547,91,108,-17,17
54548,92,88,4,4
54549,79,91,-12,12
54550,120,121,-1,1
54551,131,127,4,4
54552,91,96,-5,5
54553,64,71,-7,7
54554,106,109,-3,3
54555,81,88,-7,7
54556,86,88,-2,2
54557,190,198,-8,8
54558,80,87,-7,7
54559,108,117,-9,9
54560,136,149,-13,13
54561,84,88,-4,4
54562,122,124,-2,2
54563,80,80,0,0
54564,80,79,1,1
54565,143,140,3,3
54566,31,44,-13,13
54567,96,98,-2,2
54568,74,73,1,1
54569,130,127,3,3
54570,99,101,-2,2
54571,90,99,-9,9
54572,89,87,2,2
54573,122,112,10,10
54574,116,118,-2,2
54575,111,117,-6,6
54576,129,123,6,6
54577,97,104,-7,7
54578,122,110,12,12
54579,94,119,-25,25
54580,78,87,-9,9
54581,101,102,-1,1
54582,77,89,-12,12
54583,99,113,-14,14
54584,91,113,-22,22
54585,74,79,-5,5
54586,120,119,1,1
54587,109,103,6,6
54588,54,65,-11,11
54589,105,101,4,4
54590,140,148,-8,8
54591,175,167,8,8
54592,103,98,5,5
54593,80,88,-8,8
54594,71,82,-11,11
54595,101,101,0,0
54596,91,98,-7,7
54597,75,92,-17,17
54598,51,63,-12,12
54599,59,68,-9,9
54600,108,107,1,1
54601,198,177,21,21
54602,48,55,-7,7
54603,117,125,-8,8
54604,44,56,-12,12
54605,105,112,-7,7
54606,78,87,-9,9
54607,92,108,-16,16
54608,89,90,-1,1
54609,68,74,-6,6
54610,50,67,-17,17
54611,83,81,2,2
54612,71,76,-5,5
54613,96,121,-25,25
54614,146,141,5,5
54615,134,113,21,21
54616,73,104,-31,31
54617,84,113,-29,29
54618,86,94,-8,8
54619,152,144,8,8
54620,59,66,-7,7
54621,183,168,15,15
54622,50,61,-11,11
54623,83,88,-5,5
54624,103,100,3,3
54625,63,69,-6,6
54626,58,66,-8,8
54627,79,80,-1,1
54628,65,93,-28,28
54629,50,66,-16,16
54630,89,88,1,1
54631,132,123,9,9
54632,91,103,-12,12
54633,79,88,-9,9
54634,89,88,1,1
54635,117,129,-12,12
54636,89,88,1,1
54637,109,119,-10,10
54638,124,122,2,2
54639,97,102,-5,5
54640,131,133,-2,2
54641,86,90,-4,4
54642,77,82,-5,5
54643,96,102,-6,6
54644,94,99,-5,5
54645,74,79,-5,5
54646,129,129,0,0
54647,104,104,0,0
54648,113,124,-11,11
54649,99,105,-6,6
54650,63,58,5,5
54651,95,102,-7,7
54652,68,84,-16,16
54653,194,163,31,31
54654,99,113,-14,14
54655,123,137,-14,14
54656,119,117,2,2
54657,108,103,5,5
54658,66,88,-22,22
54659,60,71,-11,11
54660,58,72,-14,14
54661,183,172,11,11
54662,190,184,6,6
54663,165,149,16,16
54664,80,93,-13,13
54665,166,161,5,5
54666,123,130,-7,7
54667,131,138,-7,7
54668,62,74,-12,12
54669,83,78,5,5
54670,125,116,9,9
54671,103,114,-11,11
54672,101,112,-11,11
54673,95,95,0,0
54674,59,72,-13,13
54675,107,103,4,4
54676,79,76,3,3
54677,87,84,3,3
54678,84,92,-8,8
54679,67,74,-7,7
54680,75,78,-3,3
54681,85,86,-1,1
54682,89,87,2,2
54683,105,123,-18,18
54684,71,81,-10,10
54685,150,137,13,13
54686,59,67,-8,8
54687,86,90,-4,4
54688,85,90,-5,5
54689,110,119,-9,9
54690,76,77,-1,1
54691,100,102,-2,2
54692,109,102,7,7
54693,110,112,-2,2
54694,97,111,-14,14
54695,109,115,-6,6
54696,188,175,13,13
54697,52,62,-10,10
54698,56,67,-11,11
54699,87,92,-5,5
54700,72,78,-6,6
54701,171,163,8,8
54702,109,109,0,0
54703,86,93,-7,7
54704,140,133,7,7
54705,113,113,0,0
54706,89,95,-6,6
54707,102,104,-2,2
54708,82,85,-3,3
54709,87,88,-1,1
54710,85,91,-6,6
54711,150,143,7,7
54712,151,136,15,15
54713,65,79,-14,14
54714,150,144,6,6
54715,102,106,-4,4
54716,88,90,-2,2
54717,108,114,-6,6
54718,38,56,-18,18
54719,123,127,-4,4
54720,92,85,7,7
54721,120,114,6,6
54722,108,106,2,2
54723,72,73,-1,1
54724,62,66,-4,4
54725,105,110,-5,5
54726,71,90,-19,19
54727,99,93,6,6
54728,88,93,-5,5
54729,79,100,-21,21
54730,86,90,-4,4
54731,116,106,10,10
54732,74,87,-13,13
54733,93,104,-11,11
54734,198,160,38,38
54735,96,97,-1,1
54736,78,81,-3,3
54737,57,62,-5,5
54738,45,58,-13,13
54739,140,140,0,0
54740,76,78,-2,2
54741,88,96,-8,8
54742,127,129,-2,2
54743,50,66,-16,16
54744,101,115,-14,14
54745,71,84,-13,13
54746,141,134,7,7
54747,110,124,-14,14
54748,144,130,14,14
54749,114,127,-13,13
54750,66,68,-2,2
54751,90,103,-13,13
54752,83,85,-2,2
54753,143,130,13,13
54754,81,81,0,0
54755,41,46,-5,5
54756,165,161,4,4
54757,92,103,-11,11
54758,43,76,-33,33
54759,84,79,5,5
54760,58,77,-19,19
54761,74,76,-2,2
54762,102,88,14,14
54763,62,78,-16,16
54764,115,110,5,5
54765,93,105,-12,12
54766,155,144,11,11
54767,173,178,-5,5
54768,145,140,5,5
54769,75,79,-4,4
54770,116,110,6,6
54771,114,122,-8,8
54772,115,122,-7,7
54773,123,123,0,0
54774,86,104,-18,18
54775,95,95,0,0
54776,59,67,-8,8
54777,123,126,-3,3
54778,111,122,-11,11
54779,109,133,-24,24
54780,92,94,-2,2
54781,118,139,-21,21
54782,42,52,-10,10
54783,65,75,-10,10
54784,74,79,-5,5
54785,144,149,-5,5
54786,139,134,5,5
54787,71,80,-9,9
54788,66,74,-8,8
54789,81,92,-11,11
54790,103,114,-11,11
54791,65,69,-4,4
54792,137,151,-14,14
54793,86,94,-8,8
54794,64,58,6,6
54795,96,101,-5,5
54796,76,91,-15,15
54797,56,64,-8,8
54798,59,68,-9,9
54799,70,78,-8,8
54800,79,83,-4,4
54801,92,93,-1,1
54802,64,80,-16,16
54803,141,145,-4,4
54804,111,114,-3,3
54805,123,114,9,9
54806,55,67,-12,12
54807,58,65,-7,7
54808,105,93,12,12
54809,124,115,9,9
54810,76,78,-2,2
54811,72,93,-21,21
54812,68,84,-16,16
54813,39,54,-15,15
54814,83,82,1,1
54815,90,91,-1,1
54816,84,79,5,5
54817,131,122,9,9
54818,100,93,7,7
54819,68,74,-6,6
54820,199,181,18,18
54821,111,112,-1,1
54822,63,68,-5,5
54823,112,111,1,1
54824,58,71,-13,13
54825,167,163,4,4
54826,167,158,9,9
54827,204,188,16,16
54828,88,94,-6,6
54829,112,125,-13,13
54830,109,113,-4,4
54831,74,71,3,3
54832,118,123,-5,5
54833,114,117,-3,3
54834,52,62,-10,10
54835,79,86,-7,7
54836,63,69,-6,6
54837,34,50,-16,16
54838,75,84,-9,9
54839,66,76,-10,10
54840,165,170,-5,5
54841,140,115,25,25
54842,68,78,-10,10
54843,119,115,4,4
54844,109,113,-4,4
54845,79,85,-6,6
54846,96,90,6,6
54847,96,96,0,0
54848,58,66,-8,8
54849,99,103,-4,4
54850,68,79,-11,11
54851,61,68,-7,7
54852,89,101,-12,12
54853,135,129,6,6
54854,60,71,-11,11
54855,92,97,-5,5
54856,84,83,1,1
54857,84,95,-11,11
54858,94,97,-3,3
54859,101,114,-13,13
54860,119,119,0,0
54861,139,149,-10,10
54862,84,90,-6,6
54863,204,163,41,41
54864,97,99,-2,2
54865,79,93,-14,14
54866,101,107,-6,6
54867,86,89,-3,3
54868,84,84,0,0
54869,67,75,-8,8
54870,98,101,-3,3
54871,79,84,-5,5
54872,90,85,5,5
54873,62,70,-8,8
54874,65,74,-9,9
54875,62,77,-15,15
54876,41,50,-9,9
54877,140,128,12,12
54878,167,158,9,9
54879,129,132,-3,3
54880,170,191,-21,21
54881,76,82,-6,6
54882,88,91,-3,3
54883,57,65,-8,8
54884,55,65,-10,10
54885,81,83,-2,2
54886,142,138,4,4
54887,118,111,7,7
54888,66,70,-4,4
54889,61,76,-15,15
54890,97,105,-8,8
54891,88,93,-5,5
54892,101,104,-3,3
54893,64,89,-25,25
54894,116,116,0,0
54895,90,89,1,1
54896,87,102,-15,15
54897,98,94,4,4
54898,111,114,-3,3
54899,67,70,-3,3
54900,51,63,-12,12
54901,123,128,-5,5
54902,59,73,-14,14
54903,67,73,-6,6
54904,48,56,-8,8
54905,52,71,-19,19
54906,180,184,-4,4
54907,61,71,-10,10
54908,162,153,9,9
54909,76,86,-10,10
54910,57,65,-8,8
54911,90,94,-4,4
54912,55,69,-14,14
54913,103,115,-12,12
54914,72,85,-13,13
54915,70,69,1,1
54916,154,142,12,12
54917,113,117,-4,4
54918,108,115,-7,7
54919,50,71,-21,21
54920,45,71,-26,26
54921,71,70,1,1
54922,132,129,3,3
54923,164,155,9,9
54924,100,106,-6,6
54925,46,52,-6,6
54926,85,86,-1,1
54927,88,87,1,1
54928,107,114,-7,7
54929,84,86,-2,2
54930,48,56,-8,8
54931,98,105,-7,7
54932,154,149,5,5
54933,115,115,0,0
54934,69,77,-8,8
54935,47,60,-13,13
54936,79,78,1,1
54937,74,75,-1,1
54938,77,88,-11,11
54939,52,65,-13,13
54940,146,142,4,4
54941,74,89,-15,15
54942,122,120,2,2
54943,83,113,-30,30
54944,134,116,18,18
54945,113,126,-13,13
54946,113,111,2,2
54947,100,119,-19,19
54948,77,81,-4,4
54949,91,91,0,0
54950,112,146,-34,34
54951,109,105,4,4
54952,97,98,-1,1
54953,156,153,3,3
54954,128,122,6,6
54955,88,96,-8,8
54956,68,76,-8,8
54957,69,77,-8,8
54958,137,138,-1,1
54959,68,84,-16,16
54960,65,71,-6,6
54961,93,94,-1,1
54962,58,66,-8,8
54963,55,67,-12,12
54964,121,124,-3,3
54965,133,140,-7,7
54966,50,61,-11,11
54967,228,212,16,16
54968,101,97,4,4
54969,51,61,-10,10
54970,89,90,-1,1
54971,63,79,-16,16
54972,70,87,-17,17
54973,41,48,-7,7
54974,114,112,2,2
54975,65,77,-12,12
54976,83,91,-8,8
54977,61,67,-6,6
54978,68,80,-12,12
54979,107,110,-3,3
54980,70,148,-78,78
54981,122,110,12,12
54982,44,54,-10,10
54983,138,138,0,0
54984,178,178,0,0
54985,94,92,2,2
54986,107,100,7,7
54987,63,71,-8,8
54988,84,98,-14,14
54989,124,119,5,5
54990,68,89,-21,21
54991,78,89,-11,11
54992,177,170,7,7
54993,49,67,-18,18
54994,60,62,-2,2
54995,63,81,-18,18
54996,39,71,-32,32
54997,88,94,-6,6
54998,150,149,1,1
54999,105,107,-2,2
55000,88,89,-1,1
55001,58,60,-2,2
55002,47,57,-10,10
55003,135,124,11,11
55004,101,97,4,4
55005,61,70,-9,9
55006,114,104,10,10
55007,75,80,-5,5
55008,88,86,2,2
55009,69,72,-3,3
55010,95,95,0,0
55011,120,134,-14,14
55012,148,160,-12,12
55013,80,87,-7,7
55014,54,62,-8,8
55015,85,90,-5,5
55016,123,103,20,20
55017,101,107,-6,6
55018,108,116,-8,8
55019,62,72,-10,10
55020,68,88,-20,20
55021,55,65,-10,10
55022,103,108,-5,5
55023,115,112,3,3
55024,94,95,-1,1
55025,77,82,-5,5
55026,146,140,6,6
55027,62,71,-9,9
55028,57,66,-9,9
55029,204,193,11,11
55030,52,71,-19,19
55031,111,132,-21,21
55032,67,70,-3,3
55033,116,116,0,0
55034,168,167,1,1
55035,47,61,-14,14
55036,75,78,-3,3
55037,92,102,-10,10
55038,139,145,-6,6
55039,130,133,-3,3
55040,118,113,5,5
55041,72,80,-8,8
55042,90,100,-10,10
55043,104,87,17,17
55044,99,109,-10,10
55045,98,100,-2,2
55046,84,90,-6,6
55047,106,97,9,9
55048,69,74,-5,5
55049,72,84,-12,12
55050,86,92,-6,6
55051,122,113,9,9
55052,103,96,7,7
55053,113,121,-8,8
55054,70,68,2,2
55055,73,96,-23,23
55056,79,82,-3,3
55057,102,99,3,3
55058,79,84,-5,5
55059,67,71,-4,4
55060,61,67,-6,6
55061,78,90,-12,12
55062,83,85,-2,2
55063,91,90,1,1
55064,49,63,-14,14
55065,64,71,-7,7
55066,76,83,-7,7
55067,155,151,4,4
55068,90,94,-4,4
55069,78,116,-38,38
55070,67,79,-12,12
55071,112,115,-3,3
55072,90,95,-5,5
55073,98,108,-10,10
55074,93,98,-5,5
55075,103,111,-8,8
55076,64,74,-10,10
55077,94,101,-7,7
55078,58,67,-9,9
55079,76,89,-13,13
55080,153,147,6,6
55081,96,91,5,5
55082,151,149,2,2
55083,60,79,-19,19
55084,87,84,3,3
55085,30,50,-20,20
55086,83,82,1,1
55087,107,117,-10,10
55088,114,113,1,1
55089,74,79,-5,5
55090,99,120,-21,21
55091,120,118,2,2
55092,89,93,-4,4
55093,215,206,9,9
55094,53,61,-8,8
55095,74,82,-8,8
55096,112,109,3,3
55097,76,84,-8,8
55098,69,74,-5,5
55099,146,140,6,6
55100,92,92,0,0
55101,72,77,-5,5
55102,184,175,9,9
55103,50,58,-8,8
55104,82,85,-3,3
55105,90,92,-2,2
55106,152,142,10,10
55107,41,56,-15,15
55108,149,143,6,6
55109,83,88,-5,5
55110,45,66,-21,21
55111,225,212,13,13
55112,169,161,8,8
55113,44,58,-14,14
55114,118,126,-8,8
55115,108,107,1,1
55116,125,130,-5,5
55117,124,122,2,2
55118,65,89,-24,24
55119,164,151,13,13
55120,138,139,-1,1
55121,87,94,-7,7
55122,51,62,-11,11
55123,98,108,-10,10
55124,64,74,-10,10
55125,63,74,-11,11
55126,101,107,-6,6
55127,90,90,0,0
55128,104,99,5,5
55129,140,137,3,3
55130,121,117,4,4
55131,107,110,-3,3
55132,85,94,-9,9
55133,116,123,-7,7
55134,55,70,-15,15
55135,74,88,-14,14
55136,178,148,30,30
55137,134,124,10,10
55138,62,71,-9,9
55139,113,114,-1,1
55140,75,78,-3,3
55141,84,87,-3,3
55142,88,85,3,3
55143,68,86,-18,18
55144,46,59,-13,13
55145,150,167,-17,17
55146,99,94,5,5
55147,108,109,-1,1
55148,118,89,29,29
55149,48,63,-15,15
55150,104,95,9,9
55151,73,69,4,4
55152,109,108,1,1
55153,62,73,-11,11
55154,91,86,5,5
55155,119,122,-3,3
55156,157,157,0,0
55157,117,116,1,1
55158,60,68,-8,8
55159,90,95,-5,5
55160,102,105,-3,3
55161,100,100,0,0
55162,99,102,-3,3
55163,108,101,7,7
55164,90,91,-1,1
55165,120,119,1,1
55166,97,101,-4,4
55167,78,88,-10,10
55168,105,106,-1,1
55169,160,154,6,6
55170,143,137,6,6
55171,112,120,-8,8
55172,152,143,9,9
55173,153,144,9,9
55174,65,70,-5,5
55175,66,77,-11,11
55176,63,70,-7,7
55177,55,88,-33,33
55178,75,80,-5,5
55179,91,90,1,1
55180,81,83,-2,2
55181,138,130,8,8
55182,120,113,7,7
55183,86,88,-2,2
55184,75,81,-6,6
55185,15,35,-20,20
55186,71,82,-11,11
55187,158,147,11,11
55188,102,93,9,9
55189,58,66,-8,8
55190,54,54,0,0
55191,77,92,-15,15
55192,82,81,1,1
55193,69,74,-5,5
55194,92,104,-12,12
55195,132,137,-5,5
55196,109,113,-4,4
55197,192,176,16,16
55198,62,66,-4,4
55199,41,51,-10,10
55200,120,121,-1,1
55201,82,88,-6,6
55202,116,112,4,4
55203,44,63,-19,19
55204,87,92,-5,5
55205,63,79,-16,16
55206,75,88,-13,13
55207,106,100,6,6
55208,198,188,10,10
55209,87,85,2,2
55210,45,52,-7,7
55211,95,99,-4,4
55212,128,126,2,2
55213,72,79,-7,7
55214,80,91,-11,11
55215,144,154,-10,10
55216,83,85,-2,2
55217,138,138,0,0
55218,107,101,6,6
55219,42,54,-12,12
55220,105,108,-3,3
55221,129,129,0,0
55222,78,84,-6,6
55223,157,141,16,16
55224,135,132,3,3
55225,38,46,-8,8
55226,174,162,12,12
55227,83,88,-5,5
55228,79,78,1,1
55229,172,171,1,1
55230,76,71,5,5
55231,106,96,10,10
55232,102,114,-12,12
55233,60,73,-13,13
55234,160,152,8,8
55235,58,65,-7,7
55236,66,77,-11,11
55237,93,95,-2,2
55238,97,95,2,2
55239,99,111,-12,12
55240,232,226,6,6
55241,111,105,6,6
55242,57,70,-13,13
55243,92,107,-15,15
55244,70,69,1,1
55245,58,78,-20,20
55246,58,64,-6,6
55247,80,89,-9,9
55248,119,113,6,6
55249,111,108,3,3
55250,73,80,-7,7
55251,72,73,-1,1
55252,98,98,0,0
55253,114,126,-12,12
55254,115,110,5,5
55255,180,56,124,124
55256,137,147,-10,10
55257,106,99,7,7
55258,116,120,-4,4
55259,161,154,7,7
55260,53,64,-11,11
55261,160,149,11,11
55262,105,114,-9,9
55263,85,89,-4,4
55264,137,142,-5,5
55265,78,85,-7,7
55266,152,157,-5,5
55267,107,103,4,4
55268,61,72,-11,11
55269,113,106,7,7
55270,145,143,2,2
55271,125,119,6,6
55272,63,70,-7,7
55273,83,93,-10,10
55274,139,125,14,14
55275,79,80,-1,1
55276,136,135,1,1
55277,77,85,-8,8
55278,101,96,5,5
55279,54,67,-13,13
55280,103,106,-3,3
55281,84,88,-4,4
55282,62,71,-9,9
55283,149,154,-5,5
55284,52,61,-9,9
55285,143,147,-4,4
55286,185,177,8,8
55287,121,113,8,8
55288,93,110,-17,17
55289,89,93,-4,4
55290,71,76,-5,5
55291,96,93,3,3
55292,92,90,2,2
55293,132,129,3,3
55294,110,120,-10,10
55295,81,89,-8,8
55296,138,130,8,8
55297,121,127,-6,6
55298,136,129,7,7
55299,108,121,-13,13
55300,102,106,-4,4
55301,107,117,-10,10
55302,123,123,0,0
55303,78,79,-1,1
55304,123,134,-11,11
55305,191,173,18,18
55306,83,80,3,3
55307,66,76,-10,10
55308,147,142,5,5
55309,75,78,-3,3
55310,142,148,-6,6
55311,54,64,-10,10
55312,79,92,-13,13
55313,65,63,2,2
55314,69,78,-9,9
55315,92,95,-3,3
55316,116,104,12,12
55317,138,117,21,21
55318,60,71,-11,11
55319,113,116,-3,3
55320,107,109,-2,2
55321,71,87,-16,16
55322,87,86,1,1
55323,66,74,-8,8
55324,115,119,-4,4
55325,88,97,-9,9
55326,59,72,-13,13
55327,109,110,-1,1
55328,101,107,-6,6
55329,99,96,3,3
55330,84,88,-4,4
55331,79,80,-1,1
55332,144,131,13,13
55333,74,85,-11,11
55334,67,76,-9,9
55335,79,88,-9,9
55336,69,77,-8,8
55337,64,77,-13,13
55338,74,75,-1,1
55339,122,148,-26,26
55340,88,98,-10,10
55341,85,103,-18,18
55342,135,146,-11,11
55343,150,138,12,12
55344,120,124,-4,4
55345,85,89,-4,4
55346,87,96,-9,9
55347,69,81,-12,12
55348,136,124,12,12
55349,139,122,17,17
55350,81,86,-5,5
55351,88,96,-8,8
55352,117,117,0,0
55353,127,133,-6,6
55354,83,91,-8,8
55355,53,64,-11,11
55356,41,47,-6,6
55357,97,102,-5,5
55358,169,164,5,5
55359,112,109,3,3
55360,38,51,-13,13
55361,84,89,-5,5
55362,67,74,-7,7
55363,92,91,1,1
55364,110,110,0,0
55365,88,102,-14,14
55366,78,80,-2,2
55367,84,93,-9,9
55368,69,75,-6,6
55369,99,102,-3,3
55370,101,114,-13,13
55371,86,92,-6,6
55372,102,107,-5,5
55373,60,73,-13,13
55374,54,64,-10,10
55375,111,125,-14,14
55376,138,129,9,9
55377,82,78,4,4
55378,96,115,-19,19
55379,62,72,-10,10
55380,161,157,4,4
55381,73,85,-12,12
55382,92,94,-2,2
55383,115,118,-3,3
55384,150,143,7,7
55385,78,84,-6,6
55386,93,96,-3,3
55387,80,82,-2,2
55388,88,99,-11,11
55389,89,95,-6,6
55390,107,107,0,0
55391,76,76,0,0
55392,115,123,-8,8
55393,96,102,-6,6
55394,119,118,1,1
55395,56,66,-10,10
55396,100,107,-7,7
55397,101,98,3,3
55398,89,92,-3,3
55399,75,85,-10,10
55400,106,104,2,2
55401,68,75,-7,7
55402,69,70,-1,1
55403,83,82,1,1
55404,85,96,-11,11
55405,130,129,1,1
55406,64,69,-5,5
55407,44,61,-17,17
55408,83,84,-1,1
55409,54,100,-46,46
55410,130,117,13,13
55411,91,101,-10,10
55412,59,87,-28,28
55413,109,101,8,8
55414,145,151,-6,6
55415,65,66,-1,1
55416,50,58,-8,8
55417,147,139,8,8
55418,90,99,-9,9
55419,143,146,-3,3
55420,97,99,-2,2
55421,111,115,-4,4
55422,63,67,-4,4
55423,70,90,-20,20
55424,109,99,10,10
55425,108,123,-15,15
55426,149,145,4,4
55427,98,99,-1,1
55428,137,134,3,3
55429,45,55,-10,10
55430,95,99,-4,4
55431,59,77,-18,18
55432,71,75,-4,4
55433,117,121,-4,4
55434,73,80,-7,7
55435,80,84,-4,4
55436,168,144,24,24
55437,149,156,-7,7
55438,53,60,-7,7
55439,65,82,-17,17
55440,160,148,12,12
55441,83,87,-4,4
55442,88,97,-9,9
55443,98,91,7,7
55444,51,63,-12,12
55445,54,67,-13,13
55446,70,83,-13,13
55447,80,88,-8,8
55448,169,147,22,22
55449,109,111,-2,2
55450,57,66,-9,9
55451,119,124,-5,5
55452,238,218,20,20
55453,132,134,-2,2
55454,78,91,-13,13
55455,88,88,0,0
55456,85,91,-6,6
55457,27,59,-32,32
55458,62,76,-14,14
55459,131,127,4,4
55460,138,129,9,9
55461,43,100,-57,57
55462,58,76,-18,18
55463,76,84,-8,8
55464,72,89,-17,17
55465,121,100,21,21
55466,107,106,1,1
55467,81,98,-17,17
55468,49,74,-25,25
55469,113,107,6,6
55470,71,75,-4,4
55471,44,57,-13,13
55472,81,83,-2,2
55473,73,73,0,0
55474,85,93,-8,8
55475,100,97,3,3
55476,126,124,2,2
55477,96,99,-3,3
55478,67,75,-8,8
55479,114,125,-11,11
55480,97,84,13,13
55481,185,164,21,21
55482,55,62,-7,7
55483,177,178,-1,1
55484,85,90,-5,5
55485,117,121,-4,4
55486,157,147,10,10
55487,129,127,2,2
55488,94,104,-10,10
55489,87,96,-9,9
55490,139,126,13,13
55491,121,124,-3,3
55492,65,66,-1,1
55493,58,71,-13,13
55494,98,102,-4,4
55495,37,51,-14,14
55496,63,76,-13,13
55497,193,188,5,5
55498,101,110,-9,9
55499,69,89,-20,20
55500,133,130,3,3
55501,121,112,9,9
55502,91,99,-8,8
55503,85,91,-6,6
55504,67,85,-18,18
55505,117,122,-5,5
55506,61,65,-4,4
55507,61,70,-9,9
55508,97,109,-12,12
55509,81,91,-10,10
55510,89,99,-10,10
55511,58,69,-11,11
55512,80,81,-1,1
55513,96,91,5,5
55514,87,95,-8,8
55515,69,78,-9,9
55516,116,125,-9,9
55517,138,147,-9,9
55518,65,73,-8,8
55519,90,90,0,0
55520,87,93,-6,6
55521,102,104,-2,2
55522,79,94,-15,15
55523,146,150,-4,4
55524,130,123,7,7
55525,127,116,11,11
55526,96,94,2,2
55527,80,83,-3,3
55528,132,149,-17,17
55529,115,105,10,10
55530,81,96,-15,15
55531,86,91,-5,5
55532,105,104,1,1
55533,130,130,0,0
55534,84,87,-3,3
55535,52,102,-50,50
55536,72,76,-4,4
55537,82,86,-4,4
55538,115,117,-2,2
55539,100,102,-2,2
55540,102,107,-5,5
55541,107,112,-5,5
55542,116,119,-3,3
55543,61,66,-5,5
55544,95,103,-8,8
55545,78,78,0,0
55546,78,90,-12,12
55547,79,77,2,2
55548,82,92,-10,10
55549,71,80,-9,9
55550,128,121,7,7
55551,89,100,-11,11
55552,115,139,-24,24
55553,83,81,2,2
55554,80,79,1,1
55555,79,101,-22,22
55556,69,91,-22,22
55557,123,120,3,3
55558,67,78,-11,11
55559,135,132,3,3
55560,134,156,-22,22
55561,133,131,2,2
55562,52,63,-11,11
55563,175,168,7,7
55564,95,91,4,4
55565,122,124,-2,2
55566,74,75,-1,1
55567,73,82,-9,9
55568,53,64,-11,11
55569,69,79,-10,10
55570,103,116,-13,13
55571,45,56,-11,11
55572,107,104,3,3
55573,49,66,-17,17
55574,132,122,10,10
55575,89,93,-4,4
55576,62,71,-9,9
55577,109,111,-2,2
55578,81,87,-6,6
55579,72,84,-12,12
55580,52,59,-7,7
55581,74,85,-11,11
55582,36,51,-15,15
55583,68,77,-9,9
55584,73,84,-11,11
55585,89,97,-8,8
55586,63,69,-6,6
55587,69,79,-10,10
55588,103,121,-18,18
55589,53,65,-12,12
55590,103,111,-8,8
55591,108,105,3,3
55592,109,158,-49,49
55593,187,191,-4,4
55594,69,75,-6,6
55595,124,118,6,6
55596,117,120,-3,3
55597,94,99,-5,5
55598,44,53,-9,9
55599,120,117,3,3
55600,140,141,-1,1
55601,131,127,4,4
55602,100,112,-12,12
55603,147,149,-2,2
55604,55,57,-2,2
55605,126,133,-7,7
55606,84,95,-11,11
55607,81,91,-10,10
55608,110,97,13,13
55609,68,80,-12,12
55610,90,101,-11,11
55611,79,88,-9,9
55612,108,117,-9,9
55613,69,78,-9,9
55614,67,69,-2,2
55615,151,155,-4,4
55616,121,119,2,2
55617,67,80,-13,13
55618,100,100,0,0
55619,105,108,-3,3
55620,105,121,-16,16
55621,92,102,-10,10
55622,107,114,-7,7
55623,163,159,4,4
55624,110,116,-6,6
55625,115,112,3,3
55626,93,91,2,2
55627,143,141,2,2
55628,105,90,15,15
55629,102,101,1,1
55630,54,60,-6,6
55631,117,120,-3,3
55632,94,94,0,0
55633,121,110,11,11
55634,51,57,-6,6
55635,93,103,-10,10
55636,136,140,-4,4
55637,75,73,2,2
55638,83,78,5,5
55639,90,90,0,0
55640,110,115,-5,5
55641,69,72,-3,3
55642,110,111,-1,1
55643,78,90,-12,12
55644,85,86,-1,1
55645,89,95,-6,6
55646,86,106,-20,20
55647,106,115,-9,9
55648,102,105,-3,3
55649,52,66,-14,14
55650,207,204,3,3
55651,93,93,0,0
55652,113,123,-10,10
55653,97,102,-5,5
55654,80,96,-16,16
55655,118,134,-16,16
55656,90,98,-8,8
55657,88,104,-16,16
55658,96,102,-6,6
55659,103,115,-12,12
55660,65,73,-8,8
55661,48,59,-11,11
55662,85,82,3,3
55663,104,105,-1,1
55664,54,61,-7,7
55665,89,83,6,6
55666,132,131,1,1
55667,83,93,-10,10
55668,80,85,-5,5
55669,76,81,-5,5
55670,67,68,-1,1
55671,89,91,-2,2
55672,149,149,0,0
55673,106,119,-13,13
55674,149,150,-1,1
55675,52,62,-10,10
55676,58,71,-13,13
55677,70,82,-12,12
55678,78,82,-4,4
55679,212,197,15,15
55680,105,105,0,0
55681,101,95,6,6
55682,107,103,4,4
55683,145,143,2,2
55684,77,84,-7,7
55685,108,101,7,7
55686,97,101,-4,4
55687,90,86,4,4
55688,104,109,-5,5
55689,99,100,-1,1
55690,94,92,2,2
55691,105,114,-9,9
55692,69,79,-10,10
55693,81,92,-11,11
55694,88,93,-5,5
55695,112,124,-12,12
55696,93,101,-8,8
55697,130,132,-2,2
55698,145,129,16,16
55699,130,125,5,5
55700,62,83,-21,21
55701,99,104,-5,5
55702,67,71,-4,4
55703,129,125,4,4
55704,72,83,-11,11
55705,96,96,0,0
55706,76,84,-8,8
55707,102,104,-2,2
55708,81,87,-6,6
55709,157,153,4,4
55710,100,109,-9,9
55711,122,118,4,4
55712,65,73,-8,8
55713,82,81,1,1
55714,95,95,0,0
55715,133,142,-9,9
55716,108,114,-6,6
55717,81,88,-7,7
55718,91,98,-7,7
55719,134,130,4,4
55720,146,142,4,4
55721,93,104,-11,11
55722,53,63,-10,10
55723,108,105,3,3
55724,93,94,-1,1
55725,99,97,2,2
55726,158,150,8,8
55727,66,81,-15,15
55728,66,74,-8,8
55729,83,95,-12,12
55730,103,101,2,2
55731,54,62,-8,8
55732,144,142,2,2
55733,88,103,-15,15
55734,105,98,7,7
55735,115,112,3,3
55736,125,125,0,0
55737,67,82,-15,15
55738,193,171,22,22
55739,127,112,15,15
55740,29,52,-23,23
55741,86,93,-7,7
55742,121,130,-9,9
55743,94,93,1,1
55744,125,123,2,2
55745,174,175,-1,1
55746,163,158,5,5
55747,128,115,13,13
55748,155,146,9,9
55749,123,133,-10,10
55750,100,104,-4,4
55751,80,92,-12,12
55752,121,120,1,1
55753,31,43,-12,12
55754,96,93,3,3
55755,80,85,-5,5
55756,83,86,-3,3
55757,82,85,-3,3
55758,97,106,-9,9
55759,72,80,-8,8
55760,69,79,-10,10
55761,86,91,-5,5
55762,73,92,-19,19
55763,100,110,-10,10
55764,66,75,-9,9
55765,83,79,4,4
55766,92,104,-12,12
55767,68,72,-4,4
55768,118,125,-7,7
55769,97,120,-23,23
55770,62,71,-9,9
55771,78,79,-1,1
55772,48,62,-14,14
55773,98,100,-2,2
55774,71,79,-8,8
55775,62,72,-10,10
55776,45,68,-23,23
55777,122,125,-3,3
55778,91,92,-1,1
55779,71,143,-72,72
55780,68,71,-3,3
55781,118,127,-9,9
55782,79,89,-10,10
55783,120,126,-6,6
55784,134,145,-11,11
55785,72,81,-9,9
55786,92,94,-2,2
55787,49,77,-28,28
55788,100,103,-3,3
55789,90,99,-9,9
55790,71,80,-9,9
55791,83,90,-7,7
55792,71,78,-7,7
55793,90,100,-10,10
55794,168,172,-4,4
55795,68,87,-19,19
55796,50,63,-13,13
55797,59,64,-5,5
55798,52,64,-12,12
55799,104,106,-2,2
55800,95,104,-9,9
55801,57,72,-15,15
55802,211,206,5,5
55803,58,68,-10,10
55804,125,122,3,3
55805,99,104,-5,5
55806,88,104,-16,16
55807,182,157,25,25
55808,99,103,-4,4
55809,66,66,0,0
55810,169,160,9,9
55811,105,108,-3,3
55812,92,98,-6,6
55813,110,113,-3,3
55814,111,107,4,4
55815,95,94,1,1
55816,74,77,-3,3
55817,135,123,12,12
55818,51,103,-52,52
55819,78,83,-5,5
55820,118,112,6,6
55821,118,121,-3,3
55822,104,109,-5,5
55823,37,54,-17,17
55824,96,104,-8,8
55825,93,94,-1,1
55826,60,96,-36,36
55827,102,101,1,1
55828,112,123,-11,11
55829,73,84,-11,11
55830,142,134,8,8
55831,67,73,-6,6
55832,69,72,-3,3
55833,103,180,-77,77
55834,42,77,-35,35
55835,99,92,7,7
55836,181,167,14,14
55837,94,96,-2,2
55838,83,91,-8,8
55839,98,90,8,8
55840,151,139,12,12
55841,149,132,17,17
55842,92,103,-11,11
55843,129,144,-15,15
55844,79,81,-2,2
55845,119,129,-10,10
55846,159,152,7,7
55847,63,78,-15,15
55848,74,80,-6,6
55849,141,143,-2,2
55850,133,130,3,3
55851,106,107,-1,1
55852,180,171,9,9
55853,152,137,15,15
55854,85,89,-4,4
55855,118,112,6,6
55856,127,128,-1,1
55857,143,151,-8,8
55858,80,96,-16,16
55859,123,128,-5,5
55860,131,131,0,0
55861,53,57,-4,4
55862,83,81,2,2
55863,97,97,0,0
55864,120,126,-6,6
55865,71,76,-5,5
55866,127,117,10,10
55867,68,78,-10,10
55868,79,84,-5,5
55869,104,121,-17,17
55870,139,149,-10,10
55871,143,155,-12,12
55872,102,118,-16,16
55873,75,79,-4,4
55874,105,114,-9,9
55875,71,71,0,0
55876,52,60,-8,8
55877,73,75,-2,2
55878,95,92,3,3
55879,84,83,1,1
55880,77,85,-8,8
55881,63,78,-15,15
55882,80,97,-17,17
55883,111,108,3,3
55884,146,136,10,10
55885,136,147,-11,11
55886,58,62,-4,4
55887,77,82,-5,5
55888,74,107,-33,33
55889,157,156,1,1
55890,113,110,3,3
55891,88,88,0,0
55892,98,106,-8,8
55893,70,80,-10,10
55894,70,82,-12,12
55895,95,100,-5,5
55896,113,103,10,10
55897,65,74,-9,9
55898,82,80,2,2
55899,89,98,-9,9
55900,90,88,2,2
55901,75,96,-21,21
55902,73,71,2,2
55903,45,60,-15,15
55904,75,90,-15,15
55905,89,89,0,0
55906,127,116,11,11
55907,189,187,2,2
55908,132,131,1,1
55909,95,97,-2,2
55910,113,112,1,1
55911,81,91,-10,10
55912,121,127,-6,6
55913,73,83,-10,10
55914,107,110,-3,3
55915,72,76,-4,4
55916,110,123,-13,13
55917,69,78,-9,9
55918,149,142,7,7
55919,63,73,-10,10
55920,115,116,-1,1
55921,105,107,-2,2
55922,88,94,-6,6
55923,65,75,-10,10
55924,87,95,-8,8
55925,94,108,-14,14
55926,125,126,-1,1
55927,93,90,3,3
55928,112,111,1,1
55929,103,95,8,8
55930,117,121,-4,4
55931,95,98,-3,3
55932,76,83,-7,7
55933,94,112,-18,18
55934,50,58,-8,8
55935,115,126,-11,11
55936,105,100,5,5
55937,108,105,3,3
55938,141,144,-3,3
55939,102,103,-1,1
55940,58,76,-18,18
55941,108,108,0,0
55942,89,86,3,3
55943,71,81,-10,10
55944,59,65,-6,6
55945,89,90,-1,1
55946,57,67,-10,10
55947,106,105,1,1
55948,161,147,14,14
55949,92,92,0,0
55950,66,75,-9,9
55951,82,87,-5,5
55952,84,82,2,2
55953,115,107,8,8
55954,110,113,-3,3
55955,135,134,1,1
55956,93,95,-2,2
55957,134,152,-18,18
55958,105,100,5,5
55959,79,81,-2,2
55960,25,31,-6,6
55961,124,132,-8,8
55962,29,46,-17,17
55963,96,90,6,6
55964,125,124,1,1
55965,52,64,-12,12
55966,101,106,-5,5
55967,70,75,-5,5
55968,98,96,2,2
55969,77,77,0,0
55970,167,155,12,12
55971,82,87,-5,5
55972,91,90,1,1
55973,70,73,-3,3
55974,74,81,-7,7
55975,121,124,-3,3
55976,46,68,-22,22
55977,76,85,-9,9
55978,111,119,-8,8
55979,58,63,-5,5
55980,65,69,-4,4
55981,53,59,-6,6
55982,109,124,-15,15
55983,80,89,-9,9
55984,88,93,-5,5
55985,110,108,2,2
55986,98,96,2,2
55987,97,108,-11,11
55988,128,122,6,6
55989,144,138,6,6
55990,82,89,-7,7
55991,131,126,5,5
55992,100,100,0,0
55993,95,99,-4,4
55994,108,106,2,2
55995,82,91,-9,9
55996,73,72,1,1
55997,94,103,-9,9
55998,99,114,-15,15
55999,88,90,-2,2
56000,157,155,2,2
56001,75,83,-8,8
56002,95,104,-9,9
56003,82,87,-5,5
56004,160,170,-10,10
56005,146,142,4,4
56006,166,173,-7,7
56007,76,82,-6,6
56008,139,140,-1,1
56009,110,115,-5,5
56010,118,126,-8,8
56011,122,116,6,6
56012,50,65,-15,15
56013,59,68,-9,9
56014,112,115,-3,3
56015,108,128,-20,20
56016,42,58,-16,16
56017,112,117,-5,5
56018,126,118,8,8
56019,88,98,-10,10
56020,121,108,13,13
56021,83,84,-1,1
56022,95,104,-9,9
56023,98,97,1,1
56024,104,111,-7,7
56025,66,74,-8,8
56026,129,135,-6,6
56027,85,81,4,4
56028,101,108,-7,7
56029,68,83,-15,15
56030,86,92,-6,6
56031,79,80,-1,1
56032,91,97,-6,6
56033,113,125,-12,12
56034,149,142,7,7
56035,76,83,-7,7
56036,107,112,-5,5
56037,110,116,-6,6
56038,75,85,-10,10
56039,100,106,-6,6
56040,110,120,-10,10
56041,115,118,-3,3
56042,128,130,-2,2
56043,177,163,14,14
56044,105,107,-2,2
56045,79,147,-68,68
56046,126,127,-1,1
56047,135,153,-18,18
56048,66,70,-4,4
56049,148,142,6,6
56050,128,128,0,0
56051,106,101,5,5
56052,99,90,9,9
56053,73,73,0,0
56054,64,75,-11,11
56055,98,124,-26,26
56056,111,110,1,1
56057,124,130,-6,6
56058,117,117,0,0
56059,94,99,-5,5
56060,86,85,1,1
56061,80,84,-4,4
56062,105,113,-8,8
56063,77,90,-13,13
56064,101,103,-2,2
56065,118,116,2,2
56066,130,113,17,17
56067,97,100,-3,3
56068,77,83,-6,6
56069,76,84,-8,8
56070,122,131,-9,9
56071,116,141,-25,25
56072,67,83,-16,16
56073,109,107,2,2
56074,62,71,-9,9
56075,95,91,4,4
56076,130,128,2,2
56077,49,68,-19,19
56078,64,67,-3,3
56079,84,92,-8,8
56080,147,129,18,18
56081,121,115,6,6
56082,158,157,1,1
56083,105,99,6,6
56084,99,108,-9,9
56085,108,115,-7,7
56086,159,157,2,2
56087,87,90,-3,3
56088,128,138,-10,10
56089,58,75,-17,17
56090,110,115,-5,5
56091,187,179,8,8
56092,87,94,-7,7
56093,143,147,-4,4
56094,84,83,1,1
56095,132,138,-6,6
56096,74,78,-4,4
56097,109,111,-2,2
56098,86,111,-25,25
56099,111,111,0,0
56100,49,57,-8,8
56101,73,78,-5,5
56102,125,140,-15,15
56103,75,80,-5,5
56104,78,82,-4,4
56105,99,101,-2,2
56106,103,117,-14,14
56107,106,105,1,1
56108,57,65,-8,8
56109,139,136,3,3
56110,90,88,2,2
56111,67,71,-4,4
56112,60,70,-10,10
56113,46,52,-6,6
56114,56,69,-13,13
56115,135,131,4,4
56116,52,59,-7,7
56117,102,105,-3,3
56118,79,86,-7,7
56119,75,83,-8,8
56120,118,121,-3,3
56121,107,124,-17,17
56122,24,36,-12,12
56123,102,102,0,0
56124,78,85,-7,7
56125,94,90,4,4
56126,109,97,12,12
56127,139,140,-1,1
56128,105,115,-10,10
56129,155,150,5,5
56130,53,59,-6,6
56131,82,97,-15,15
56132,159,167,-8,8
56133,105,105,0,0
56134,102,108,-6,6
56135,78,85,-7,7
56136,67,72,-5,5
56137,149,151,-2,2
56138,84,90,-6,6
56139,87,99,-12,12
56140,132,142,-10,10
56141,83,86,-3,3
56142,75,83,-8,8
56143,99,101,-2,2
56144,77,92,-15,15
56145,97,96,1,1
56146,132,116,16,16
56147,105,114,-9,9
56148,105,96,9,9
56149,59,62,-3,3
56150,69,75,-6,6
56151,120,116,4,4
56152,59,75,-16,16
56153,105,99,6,6
56154,81,87,-6,6
56155,156,159,-3,3
56156,62,78,-16,16
56157,63,73,-10,10
56158,156,144,12,12
56159,48,145,-97,97
56160,81,87,-6,6
56161,78,85,-7,7
56162,72,76,-4,4
56163,110,112,-2,2
56164,76,86,-10,10
56165,82,88,-6,6
56166,76,83,-7,7
56167,106,110,-4,4
56168,109,124,-15,15
56169,96,97,-1,1
56170,129,136,-7,7
56171,71,76,-5,5
56172,124,140,-16,16
56173,107,110,-3,3
56174,97,97,0,0
56175,113,108,5,5
56176,152,143,9,9
56177,91,109,-18,18
56178,78,86,-8,8
56179,158,151,7,7
56180,117,119,-2,2
56181,97,103,-6,6
56182,83,84,-1,1
56183,132,130,2,2
56184,79,84,-5,5
56185,101,111,-10,10
56186,135,128,7,7
56187,96,85,11,11
56188,82,80,2,2
56189,70,84,-14,14
56190,110,111,-1,1
56191,141,130,11,11
56192,61,69,-8,8
56193,97,95,2,2
56194,119,102,17,17
56195,67,78,-11,11
56196,92,111,-19,19
56197,84,78,6,6
56198,65,74,-9,9
56199,84,95,-11,11
56200,124,121,3,3
56201,135,141,-6,6
56202,146,138,8,8
56203,109,119,-10,10
56204,145,149,-4,4
56205,89,88,1,1
56206,136,135,1,1
56207,85,89,-4,4
56208,55,67,-12,12
56209,92,102,-10,10
56210,61,69,-8,8
56211,132,128,4,4
56212,65,77,-12,12
56213,112,119,-7,7
56214,107,104,3,3
56215,48,56,-8,8
56216,55,66,-11,11
56217,109,112,-3,3
56218,136,134,2,2
56219,94,100,-6,6
56220,45,57,-12,12
56221,139,135,4,4
56222,72,87,-15,15
56223,156,144,12,12
56224,58,67,-9,9
56225,96,91,5,5
56226,83,87,-4,4
56227,94,94,0,0
56228,29,43,-14,14
56229,124,125,-1,1
56230,71,84,-13,13
56231,146,140,6,6
56232,97,93,4,4
56233,104,113,-9,9
56234,32,49,-17,17
56235,140,139,1,1
56236,57,63,-6,6
56237,112,115,-3,3
56238,70,82,-12,12
56239,92,90,2,2
56240,57,68,-11,11
56241,107,120,-13,13
56242,76,84,-8,8
56243,81,85,-4,4
56244,115,125,-10,10
56245,22,76,-54,54
56246,96,103,-7,7
56247,84,99,-15,15
56248,103,105,-2,2
56249,126,114,12,12
56250,76,81,-5,5
56251,159,148,11,11
56252,74,72,2,2
56253,87,87,0,0
56254,46,63,-17,17
56255,33,52,-19,19
56256,76,73,3,3
56257,98,108,-10,10
56258,73,76,-3,3
56259,105,102,3,3
56260,51,67,-16,16
56261,94,90,4,4
56262,54,69,-15,15
56263,86,99,-13,13
56264,60,70,-10,10
56265,144,140,4,4
56266,74,71,3,3
56267,90,94,-4,4
56268,100,110,-10,10
56269,107,120,-13,13
56270,129,116,13,13
56271,133,129,4,4
56272,70,79,-9,9
56273,101,98,3,3
56274,60,74,-14,14
56275,200,178,22,22
56276,64,69,-5,5
56277,143,135,8,8
56278,90,93,-3,3
56279,72,76,-4,4
56280,85,94,-9,9
56281,136,139,-3,3
56282,94,108,-14,14
56283,135,126,9,9
56284,102,103,-1,1
56285,71,88,-17,17
56286,74,84,-10,10
56287,122,132,-10,10
56288,86,91,-5,5
56289,40,54,-14,14
56290,109,120,-11,11
56291,113,127,-14,14
56292,110,108,2,2
56293,68,81,-13,13
56294,130,135,-5,5
56295,89,98,-9,9
56296,106,112,-6,6
56297,98,102,-4,4
56298,71,66,5,5
56299,128,134,-6,6
56300,158,143,15,15
56301,82,84,-2,2
56302,42,54,-12,12
56303,67,72,-5,5
56304,107,120,-13,13
56305,77,84,-7,7
56306,113,124,-11,11
56307,73,76,-3,3
56308,189,186,3,3
56309,101,106,-5,5
56310,117,131,-14,14
56311,113,119,-6,6
56312,81,84,-3,3
56313,113,112,1,1
56314,108,109,-1,1
56315,133,144,-11,11
56316,117,120,-3,3
56317,119,120,-1,1
56318,72,72,0,0
56319,72,87,-15,15
56320,105,112,-7,7
56321,70,76,-6,6
56322,66,70,-4,4
56323,152,142,10,10
56324,89,89,0,0
56325,20,26,-6,6
56326,72,80,-8,8
56327,89,88,1,1
56328,83,94,-11,11
56329,121,135,-14,14
56330,119,114,5,5
56331,101,104,-3,3
56332,84,90,-6,6
56333,78,88,-10,10
56334,166,157,9,9
56335,117,118,-1,1
56336,141,139,2,2
56337,123,123,0,0
56338,162,159,3,3
56339,50,62,-12,12
56340,60,62,-2,2
56341,86,96,-10,10
56342,70,77,-7,7
56343,129,136,-7,7
56344,65,73,-8,8
56345,75,86,-11,11
56346,91,80,11,11
56347,55,68,-13,13
56348,82,89,-7,7
56349,102,108,-6,6
56350,74,77,-3,3
56351,84,87,-3,3
56352,128,125,3,3
56353,91,96,-5,5
56354,120,122,-2,2
56355,85,95,-10,10
56356,108,124,-16,16
56357,72,79,-7,7
56358,90,90,0,0
56359,85,94,-9,9
56360,112,117,-5,5
56361,148,154,-6,6
56362,105,114,-9,9
56363,44,53,-9,9
56364,42,60,-18,18
56365,103,100,3,3
56366,93,86,7,7
56367,63,70,-7,7
56368,169,181,-12,12
56369,65,72,-7,7
56370,74,80,-6,6
56371,99,103,-4,4
56372,129,135,-6,6
56373,93,97,-4,4
56374,139,138,1,1
56375,64,115,-51,51
56376,93,95,-2,2
56377,53,77,-24,24
56378,110,110,0,0
56379,97,98,-1,1
56380,170,165,5,5
56381,56,73,-17,17
56382,172,177,-5,5
56383,71,75,-4,4
56384,161,153,8,8
56385,130,141,-11,11
56386,101,110,-9,9
56387,107,112,-5,5
56388,101,106,-5,5
56389,64,75,-11,11
56390,75,77,-2,2
56391,128,135,-7,7
56392,80,86,-6,6
56393,129,129,0,0
56394,54,66,-12,12
56395,71,82,-11,11
56396,55,57,-2,2
56397,91,104,-13,13
56398,119,112,7,7
56399,94,99,-5,5
56400,158,150,8,8
56401,60,72,-12,12
56402,158,162,-4,4
56403,56,61,-5,5
56404,121,125,-4,4
56405,79,76,3,3
56406,120,120,0,0
56407,64,79,-15,15
56408,62,88,-26,26
56409,80,83,-3,3
56410,135,130,5,5
56411,102,122,-20,20
56412,115,109,6,6
56413,142,151,-9,9
56414,115,134,-19,19
56415,119,128,-9,9
56416,138,141,-3,3
56417,97,92,5,5
56418,80,82,-2,2
56419,97,107,-10,10
56420,111,112,-1,1
56421,91,100,-9,9
56422,95,107,-12,12
56423,91,98,-7,7
56424,101,95,6,6
56425,130,130,0,0
56426,89,95,-6,6
56427,86,99,-13,13
56428,178,167,11,11
56429,168,164,4,4
56430,63,66,-3,3
56431,69,70,-1,1
56432,186,167,19,19
56433,143,137,6,6
56434,76,71,5,5
56435,87,97,-10,10
56436,46,61,-15,15
56437,81,87,-6,6
56438,43,55,-12,12
56439,125,120,5,5
56440,190,184,6,6
56441,112,106,6,6
56442,161,158,3,3
56443,119,116,3,3
56444,98,105,-7,7
56445,122,116,6,6
56446,94,96,-2,2
56447,68,80,-12,12
56448,103,94,9,9
56449,126,113,13,13
56450,75,78,-3,3
56451,123,118,5,5
56452,81,86,-5,5
56453,144,156,-12,12
56454,53,57,-4,4
56455,164,155,9,9
56456,60,71,-11,11
56457,117,119,-2,2
56458,121,127,-6,6
56459,90,100,-10,10
56460,86,88,-2,2
56461,63,74,-11,11
56462,147,140,7,7
56463,103,105,-2,2
56464,68,76,-8,8
56465,91,90,1,1
56466,81,78,3,3
56467,71,76,-5,5
56468,63,71,-8,8
56469,123,127,-4,4
56470,105,105,0,0
56471,81,89,-8,8
56472,112,127,-15,15
56473,78,83,-5,5
56474,85,91,-6,6
56475,118,123,-5,5
56476,65,67,-2,2
56477,127,136,-9,9
56478,83,86,-3,3
56479,91,95,-4,4
56480,62,69,-7,7
56481,75,87,-12,12
56482,88,101,-13,13
56483,163,160,3,3
56484,48,68,-20,20
56485,93,111,-18,18
56486,85,91,-6,6
56487,142,144,-2,2
56488,93,104,-11,11
56489,73,81,-8,8
56490,65,73,-8,8
56491,83,87,-4,4
56492,77,81,-4,4
56493,113,118,-5,5
56494,121,119,2,2
56495,71,82,-11,11
56496,64,71,-7,7
56497,70,84,-14,14
56498,155,141,14,14
56499,59,67,-8,8
56500,80,81,-1,1
56501,80,89,-9,9
56502,59,68,-9,9
56503,83,83,0,0
56504,68,69,-1,1
56505,77,93,-16,16
56506,121,116,5,5
56507,63,77,-14,14
56508,82,87,-5,5
56509,145,144,1,1
56510,63,77,-14,14
56511,124,132,-8,8
56512,83,95,-12,12
56513,175,175,0,0
56514,185,186,-1,1
56515,65,73,-8,8
56516,61,66,-5,5
56517,76,81,-5,5
56518,75,86,-11,11
56519,74,98,-24,24
56520,136,125,11,11
56521,47,58,-11,11
56522,66,63,3,3
56523,131,128,3,3
56524,123,115,8,8
56525,118,118,0,0
56526,58,65,-7,7
56527,89,90,-1,1
56528,156,146,10,10
56529,55,69,-14,14
56530,115,107,8,8
56531,111,114,-3,3
56532,116,132,-16,16
56533,62,75,-13,13
56534,108,104,4,4
56535,120,132,-12,12
56536,112,119,-7,7
56537,56,71,-15,15
56538,142,145,-3,3
56539,91,85,6,6
56540,86,91,-5,5
56541,121,123,-2,2
56542,80,79,1,1
56543,103,106,-3,3
56544,76,91,-15,15
56545,100,130,-30,30
56546,94,97,-3,3
56547,117,130,-13,13
56548,84,86,-2,2
56549,87,96,-9,9
56550,127,125,2,2
56551,90,94,-4,4
56552,96,95,1,1
56553,56,64,-8,8
56554,74,79,-5,5
56555,98,100,-2,2
56556,107,116,-9,9
56557,125,114,11,11
56558,66,67,-1,1
56559,91,101,-10,10
56560,154,162,-8,8
56561,151,131,20,20
56562,77,83,-6,6
56563,60,69,-9,9
56564,72,86,-14,14
56565,132,121,11,11
56566,74,82,-8,8
56567,63,69,-6,6
56568,129,127,2,2
56569,169,166,3,3
56570,88,105,-17,17
56571,129,126,3,3
56572,140,134,6,6
56573,80,94,-14,14
56574,94,101,-7,7
56575,49,68,-19,19
56576,145,147,-2,2
56577,97,104,-7,7
56578,94,101,-7,7
56579,83,89,-6,6
56580,135,135,0,0
56581,103,105,-2,2
56582,40,54,-14,14
56583,119,143,-24,24
56584,60,69,-9,9
56585,44,53,-9,9
56586,104,113,-9,9
56587,49,57,-8,8
56588,70,85,-15,15
56589,59,67,-8,8
56590,114,131,-17,17
56591,65,67,-2,2
56592,60,68,-8,8
56593,121,134,-13,13
56594,115,112,3,3
56595,75,80,-5,5
56596,74,80,-6,6
56597,103,101,2,2
56598,59,67,-8,8
56599,125,134,-9,9
56600,94,96,-2,2
56601,73,77,-4,4
56602,54,63,-9,9
56603,58,63,-5,5
56604,174,175,-1,1
56605,46,57,-11,11
56606,79,87,-8,8
56607,108,104,4,4
56608,50,68,-18,18
56609,120,114,6,6
56610,159,153,6,6
56611,171,174,-3,3
56612,81,90,-9,9
56613,85,91,-6,6
56614,118,141,-23,23
56615,73,82,-9,9
56616,114,115,-1,1
56617,77,77,0,0
56618,150,135,15,15
56619,72,84,-12,12
56620,64,90,-26,26
56621,85,98,-13,13
56622,112,118,-6,6
56623,57,63,-6,6
56624,101,103,-2,2
56625,83,91,-8,8
56626,74,78,-4,4
56627,142,139,3,3
56628,111,105,6,6
56629,135,125,10,10
56630,64,72,-8,8
56631,75,74,1,1
56632,188,188,0,0
56633,63,87,-24,24
56634,124,117,7,7
56635,42,60,-18,18
56636,136,125,11,11
56637,50,61,-11,11
56638,87,99,-12,12
56639,140,132,8,8
56640,94,99,-5,5
56641,94,100,-6,6
56642,61,83,-22,22
56643,86,92,-6,6
56644,126,117,9,9
56645,63,69,-6,6
56646,82,86,-4,4
56647,140,146,-6,6
56648,134,125,9,9
56649,79,86,-7,7
56650,126,141,-15,15
56651,101,114,-13,13
56652,103,106,-3,3
56653,70,73,-3,3
56654,85,79,6,6
56655,84,94,-10,10
56656,58,72,-14,14
56657,139,131,8,8
56658,67,85,-18,18
56659,101,109,-8,8
56660,83,91,-8,8
56661,66,69,-3,3
56662,59,68,-9,9
56663,77,85,-8,8
56664,53,68,-15,15
56665,130,126,4,4
56666,59,72,-13,13
56667,94,89,5,5
56668,120,118,2,2
56669,108,104,4,4
56670,95,94,1,1
56671,67,72,-5,5
56672,103,112,-9,9
56673,68,69,-1,1
56674,82,85,-3,3
56675,111,119,-8,8
56676,78,83,-5,5
56677,59,70,-11,11
56678,72,84,-12,12
56679,101,101,0,0
56680,77,89,-12,12
56681,65,72,-7,7
56682,64,78,-14,14
56683,57,71,-14,14
56684,95,103,-8,8
56685,68,79,-11,11
56686,137,127,10,10
56687,65,73,-8,8
56688,82,86,-4,4
56689,73,84,-11,11
56690,96,111,-15,15
56691,110,103,7,7
56692,139,139,0,0
56693,87,82,5,5
56694,113,106,7,7
56695,40,47,-7,7
56696,81,90,-9,9
56697,51,64,-13,13
56698,173,160,13,13
56699,72,93,-21,21
56700,107,111,-4,4
56701,112,123,-11,11
56702,125,116,9,9
56703,56,65,-9,9
56704,141,135,6,6
56705,150,142,8,8
56706,136,141,-5,5
56707,127,123,4,4
56708,132,139,-7,7
56709,96,95,1,1
56710,35,59,-24,24
56711,86,90,-4,4
56712,108,106,2,2
56713,149,141,8,8
56714,103,109,-6,6
56715,144,156,-12,12
56716,135,128,7,7
56717,112,107,5,5
56718,86,106,-20,20
56719,54,59,-5,5
56720,78,82,-4,4
56721,72,78,-6,6
56722,87,96,-9,9
56723,79,104,-25,25
56724,109,128,-19,19
56725,120,111,9,9
56726,173,160,13,13
56727,57,69,-12,12
56728,40,50,-10,10
56729,82,91,-9,9
56730,70,82,-12,12
56731,86,97,-11,11
56732,98,105,-7,7
56733,134,146,-12,12
56734,45,51,-6,6
56735,129,127,2,2
56736,68,81,-13,13
56737,91,89,2,2
56738,113,110,3,3
56739,52,66,-14,14
56740,94,95,-1,1
56741,94,105,-11,11
56742,113,113,0,0
56743,128,118,10,10
56744,99,112,-13,13
56745,105,104,1,1
56746,86,112,-26,26
56747,148,147,1,1
56748,138,127,11,11
56749,99,89,10,10
56750,94,100,-6,6
56751,73,83,-10,10
56752,153,141,12,12
56753,95,101,-6,6
56754,118,128,-10,10
56755,129,128,1,1
56756,50,69,-19,19
56757,123,120,3,3
56758,142,140,2,2
56759,123,122,1,1
56760,148,156,-8,8
56761,107,110,-3,3
56762,98,108,-10,10
56763,112,116,-4,4
56764,137,136,1,1
56765,106,113,-7,7
56766,97,94,3,3
56767,96,106,-10,10
56768,245,196,49,49
56769,115,111,4,4
56770,81,85,-4,4
56771,130,112,18,18
56772,86,82,4,4
56773,128,126,2,2
56774,73,78,-5,5
56775,110,108,2,2
56776,130,126,4,4
56777,97,100,-3,3
56778,80,90,-10,10
56779,91,96,-5,5
56780,88,87,1,1
56781,105,110,-5,5
56782,75,73,2,2
56783,93,109,-16,16
56784,115,116,-1,1
56785,133,130,3,3
56786,142,127,15,15
56787,62,79,-17,17
56788,78,88,-10,10
56789,91,89,2,2
56790,102,104,-2,2
56791,109,113,-4,4
56792,102,99,3,3
56793,90,90,0,0
56794,135,125,10,10
56795,31,59,-28,28
56796,143,141,2,2
56797,123,126,-3,3
56798,102,102,0,0
56799,59,64,-5,5
56800,83,94,-11,11
56801,99,102,-3,3
56802,50,73,-23,23
56803,168,151,17,17
56804,80,90,-10,10
56805,104,119,-15,15
56806,117,115,2,2
56807,113,121,-8,8
56808,73,98,-25,25
56809,72,84,-12,12
56810,144,135,9,9
56811,131,136,-5,5
56812,107,130,-23,23
56813,85,95,-10,10
56814,58,73,-15,15
56815,67,70,-3,3
56816,62,69,-7,7
56817,63,66,-3,3
56818,148,153,-5,5
56819,139,132,7,7
56820,82,91,-9,9
56821,133,133,0,0
56822,70,79,-9,9
56823,99,106,-7,7
56824,115,116,-1,1
56825,121,125,-4,4
56826,107,118,-11,11
56827,113,105,8,8
56828,61,71,-10,10
56829,80,84,-4,4
56830,78,83,-5,5
56831,68,70,-2,2
56832,122,131,-9,9
56833,109,100,9,9
56834,71,74,-3,3
56835,60,73,-13,13
56836,125,125,0,0
56837,68,70,-2,2
56838,114,116,-2,2
56839,93,87,6,6
56840,75,82,-7,7
56841,99,104,-5,5
56842,133,130,3,3
56843,78,87,-9,9
56844,45,55,-10,10
56845,87,85,2,2
56846,72,88,-16,16
56847,129,130,-1,1
56848,93,96,-3,3
56849,95,102,-7,7
56850,119,128,-9,9
56851,96,87,9,9
56852,45,55,-10,10
56853,151,144,7,7
56854,75,76,-1,1
56855,84,92,-8,8
56856,75,78,-3,3
56857,97,143,-46,46
56858,79,88,-9,9
56859,132,133,-1,1
56860,108,113,-5,5
56861,115,115,0,0
56862,89,104,-15,15
56863,84,93,-9,9
56864,132,136,-4,4
56865,94,93,1,1
56866,182,184,-2,2
56867,170,156,14,14
56868,93,97,-4,4
56869,70,83,-13,13
56870,38,53,-15,15
56871,102,115,-13,13
56872,139,133,6,6
56873,97,109,-12,12
56874,87,92,-5,5
56875,86,86,0,0
56876,76,94,-18,18
56877,91,104,-13,13
56878,81,82,-1,1
56879,86,87,-1,1
56880,90,92,-2,2
56881,73,85,-12,12
56882,122,125,-3,3
56883,81,83,-2,2
56884,182,171,11,11
56885,73,81,-8,8
56886,108,110,-2,2
56887,70,74,-4,4
56888,170,160,10,10
56889,98,99,-1,1
56890,83,93,-10,10
56891,89,99,-10,10
56892,79,89,-10,10
56893,77,89,-12,12
56894,82,95,-13,13
56895,79,88,-9,9
56896,165,153,12,12
56897,57,73,-16,16
56898,94,110,-16,16
56899,101,95,6,6
56900,170,179,-9,9
56901,68,80,-12,12
56902,121,119,2,2
56903,137,126,11,11
56904,72,75,-3,3
56905,109,113,-4,4
56906,81,83,-2,2
56907,71,82,-11,11
56908,135,139,-4,4
56909,105,106,-1,1
56910,101,101,0,0
56911,71,84,-13,13
56912,93,100,-7,7
56913,75,80,-5,5
56914,68,139,-71,71
56915,107,111,-4,4
56916,76,80,-4,4
56917,127,124,3,3
56918,117,127,-10,10
56919,123,114,9,9
56920,158,162,-4,4
56921,96,102,-6,6
56922,44,54,-10,10
56923,100,105,-5,5
56924,69,77,-8,8
56925,77,90,-13,13
56926,66,80,-14,14
56927,71,69,2,2
56928,117,115,2,2
56929,103,112,-9,9
56930,99,101,-2,2
56931,131,136,-5,5
56932,50,55,-5,5
56933,39,51,-12,12
56934,74,80,-6,6
56935,51,63,-12,12
56936,91,101,-10,10
56937,104,115,-11,11
56938,76,82,-6,6
56939,126,130,-4,4
56940,79,89,-10,10
56941,88,100,-12,12
56942,103,109,-6,6
56943,156,145,11,11
56944,153,155,-2,2
56945,82,87,-5,5
56946,69,81,-12,12
56947,85,93,-8,8
56948,90,105,-15,15
56949,118,115,3,3
56950,113,116,-3,3
56951,63,78,-15,15
56952,39,53,-14,14
56953,125,123,2,2
56954,111,140,-29,29
56955,85,88,-3,3
56956,69,79,-10,10
56957,164,159,5,5
56958,115,120,-5,5
56959,100,125,-25,25
56960,97,106,-9,9
56961,76,93,-17,17
56962,109,121,-12,12
56963,122,122,0,0
56964,75,85,-10,10
56965,94,102,-8,8
56966,73,77,-4,4
56967,138,134,4,4
56968,109,98,11,11
56969,84,95,-11,11
56970,65,71,-6,6
56971,97,99,-2,2
56972,150,145,5,5
56973,158,159,-1,1
56974,74,82,-8,8
56975,64,74,-10,10
56976,102,107,-5,5
56977,83,101,-18,18
56978,181,162,19,19
56979,149,142,7,7
56980,67,70,-3,3
56981,108,116,-8,8
56982,126,131,-5,5
56983,129,128,1,1
56984,123,122,1,1
56985,88,86,2,2
56986,79,92,-13,13
56987,122,110,12,12
56988,88,87,1,1
56989,129,133,-4,4
56990,82,85,-3,3
56991,72,81,-9,9
56992,116,109,7,7
56993,93,99,-6,6
56994,82,86,-4,4
56995,153,156,-3,3
56996,169,155,14,14
56997,79,97,-18,18
56998,92,95,-3,3
56999,123,119,4,4
57000,75,98,-23,23
57001,162,168,-6,6
57002,79,84,-5,5
57003,90,93,-3,3
57004,74,89,-15,15
57005,130,133,-3,3
57006,128,122,6,6
57007,75,93,-18,18
57008,86,93,-7,7
57009,111,117,-6,6
57010,100,101,-1,1
57011,57,68,-11,11
57012,126,125,1,1
57013,61,73,-12,12
57014,79,85,-6,6
57015,80,76,4,4
57016,49,62,-13,13
57017,83,89,-6,6
57018,65,74,-9,9
57019,76,85,-9,9
57020,99,103,-4,4
57021,152,142,10,10
57022,74,83,-9,9
57023,90,100,-10,10
57024,116,127,-11,11
57025,150,154,-4,4
57026,98,113,-15,15
57027,136,131,5,5
57028,109,113,-4,4
57029,131,150,-19,19
57030,44,57,-13,13
57031,52,61,-9,9
57032,73,79,-6,6
57033,160,135,25,25
57034,104,109,-5,5
57035,71,73,-2,2
57036,52,64,-12,12
57037,69,74,-5,5
57038,120,111,9,9
57039,51,58,-7,7
57040,65,79,-14,14
57041,93,93,0,0
57042,62,84,-22,22
57043,108,110,-2,2
57044,86,98,-12,12
57045,65,76,-11,11
57046,151,154,-3,3
57047,82,92,-10,10
57048,54,61,-7,7
57049,57,67,-10,10
57050,87,96,-9,9
57051,75,87,-12,12
57052,76,84,-8,8
57053,144,145,-1,1
57054,82,93,-11,11
57055,70,75,-5,5
57056,65,74,-9,9
57057,130,137,-7,7
57058,179,188,-9,9
57059,143,148,-5,5
57060,128,127,1,1
57061,59,69,-10,10
57062,141,133,8,8
57063,91,92,-1,1
57064,117,112,5,5
57065,103,108,-5,5
57066,102,111,-9,9
57067,150,132,18,18
57068,91,90,1,1
57069,82,93,-11,11
57070,72,72,0,0
57071,146,135,11,11
57072,51,61,-10,10
57073,119,127,-8,8
57074,94,102,-8,8
57075,113,108,5,5
57076,115,112,3,3
57077,50,63,-13,13
57078,72,96,-24,24
57079,127,124,3,3
57080,67,94,-27,27
57081,76,84,-8,8
57082,96,111,-15,15
57083,137,151,-14,14
57084,189,185,4,4
57085,83,91,-8,8
57086,90,98,-8,8
57087,85,88,-3,3
57088,99,106,-7,7
57089,88,94,-6,6
57090,163,174,-11,11
57091,78,86,-8,8
57092,63,68,-5,5
57093,87,96,-9,9
57094,81,88,-7,7
57095,117,134,-17,17
57096,86,84,2,2
57097,97,99,-2,2
57098,120,119,1,1
57099,61,63,-2,2
57100,109,117,-8,8
57101,82,88,-6,6
57102,98,96,2,2
57103,100,98,2,2
57104,114,110,4,4
57105,61,72,-11,11
57106,88,97,-9,9
57107,75,85,-10,10
57108,96,106,-10,10
57109,125,132,-7,7
57110,216,205,11,11
57111,91,97,-6,6
57112,149,173,-24,24
57113,104,100,4,4
57114,69,77,-8,8
57115,65,73,-8,8
57116,116,109,7,7
57117,66,73,-7,7
57118,53,62,-9,9
57119,61,80,-19,19
57120,106,112,-6,6
57121,118,114,4,4
57122,145,143,2,2
57123,90,93,-3,3
57124,76,80,-4,4
57125,48,59,-11,11
57126,38,52,-14,14
57127,65,75,-10,10
57128,98,95,3,3
57129,48,67,-19,19
57130,93,98,-5,5
57131,117,123,-6,6
57132,66,75,-9,9
57133,110,100,10,10
57134,121,121,0,0
57135,95,94,1,1
57136,81,87,-6,6
57137,48,67,-19,19
57138,80,91,-11,11
57139,136,148,-12,12
57140,55,59,-4,4
57141,110,109,1,1
57142,104,123,-19,19
57143,89,90,-1,1
57144,90,105,-15,15
57145,111,117,-6,6
57146,85,100,-15,15
57147,113,116,-3,3
57148,100,106,-6,6
57149,147,144,3,3
57150,86,97,-11,11
57151,76,88,-12,12
57152,164,146,18,18
57153,130,120,10,10
57154,99,98,1,1
57155,40,52,-12,12
57156,175,179,-4,4
57157,148,152,-4,4
57158,106,114,-8,8
57159,152,158,-6,6
57160,91,100,-9,9
57161,98,102,-4,4
57162,51,68,-17,17
57163,88,94,-6,6
57164,89,93,-4,4
57165,63,68,-5,5
57166,84,90,-6,6
57167,75,77,-2,2
57168,117,115,2,2
57169,111,117,-6,6
57170,134,149,-15,15
57171,81,94,-13,13
57172,101,109,-8,8
57173,61,68,-7,7
57174,116,119,-3,3
57175,77,88,-11,11
57176,121,113,8,8
57177,101,101,0,0
57178,22,41,-19,19
57179,89,94,-5,5
57180,134,137,-3,3
57181,132,140,-8,8
57182,48,59,-11,11
57183,102,104,-2,2
57184,90,89,1,1
57185,89,98,-9,9
57186,109,118,-9,9
57187,164,151,13,13
57188,93,101,-8,8
57189,93,103,-10,10
57190,63,80,-17,17
57191,99,105,-6,6
57192,72,78,-6,6
57193,85,93,-8,8
57194,76,85,-9,9
57195,85,87,-2,2
57196,125,98,27,27
57197,63,71,-8,8
57198,47,62,-15,15
57199,123,127,-4,4
57200,88,102,-14,14
57201,75,78,-3,3
57202,78,84,-6,6
57203,73,72,1,1
57204,113,135,-22,22
57205,88,88,0,0
57206,91,87,4,4
57207,99,103,-4,4
57208,92,109,-17,17
57209,102,113,-11,11
57210,84,97,-13,13
57211,153,149,4,4
57212,117,126,-9,9
57213,61,68,-7,7
57214,81,86,-5,5
57215,148,144,4,4
57216,88,84,4,4
57217,109,112,-3,3
57218,124,121,3,3
57219,44,63,-19,19
57220,75,78,-3,3
57221,107,114,-7,7
57222,74,83,-9,9
57223,75,74,1,1
57224,97,97,0,0
57225,95,93,2,2
57226,72,75,-3,3
57227,71,76,-5,5
57228,100,107,-7,7
57229,110,102,8,8
57230,67,69,-2,2
57231,59,65,-6,6
57232,162,152,10,10
57233,97,103,-6,6
57234,66,79,-13,13
57235,87,91,-4,4
57236,142,142,0,0
57237,77,88,-11,11
57238,61,64,-3,3
57239,61,122,-61,61
57240,131,123,8,8
57241,84,92,-8,8
57242,77,88,-11,11
57243,60,68,-8,8
57244,77,85,-8,8
57245,47,57,-10,10
57246,71,84,-13,13
57247,118,125,-7,7
57248,105,119,-14,14
57249,137,139,-2,2
57250,48,70,-22,22
57251,81,90,-9,9
57252,105,102,3,3
57253,107,108,-1,1
57254,149,148,1,1
57255,88,92,-4,4
57256,104,101,3,3
57257,130,118,12,12
57258,118,123,-5,5
57259,50,75,-25,25
57260,113,111,2,2
57261,48,59,-11,11
57262,105,113,-8,8
57263,63,78,-15,15
57264,63,73,-10,10
57265,65,80,-15,15
57266,105,110,-5,5
57267,38,48,-10,10
57268,57,64,-7,7
57269,94,99,-5,5
57270,87,85,2,2
57271,68,75,-7,7
57272,66,81,-15,15
57273,87,97,-10,10
57274,121,118,3,3
57275,104,105,-1,1
57276,124,132,-8,8
57277,158,144,14,14
57278,30,46,-16,16
57279,101,122,-21,21
57280,86,82,4,4
57281,93,94,-1,1
57282,123,140,-17,17
57283,102,95,7,7
57284,142,159,-17,17
57285,61,85,-24,24
57286,75,87,-12,12
57287,125,136,-11,11
57288,95,98,-3,3
57289,171,164,7,7
57290,96,131,-35,35
57291,123,128,-5,5
57292,106,116,-10,10
57293,62,72,-10,10
57294,87,90,-3,3
57295,57,66,-9,9
57296,56,60,-4,4
57297,124,126,-2,2
57298,81,85,-4,4
57299,109,103,6,6
57300,165,173,-8,8
57301,171,165,6,6
57302,104,104,0,0
57303,59,72,-13,13
57304,40,54,-14,14
57305,74,101,-27,27
57306,127,128,-1,1
57307,73,88,-15,15
57308,130,127,3,3
57309,47,71,-24,24
57310,59,71,-12,12
57311,156,144,12,12
57312,101,100,1,1
57313,89,81,8,8
57314,95,102,-7,7
57315,60,79,-19,19
57316,91,98,-7,7
57317,74,80,-6,6
57318,160,155,5,5
57319,114,115,-1,1
57320,148,144,4,4
57321,80,82,-2,2
57322,24,35,-11,11
57323,52,63,-11,11
57324,259,234,25,25
57325,44,52,-8,8
57326,149,145,4,4
57327,57,68,-11,11
57328,126,136,-10,10
57329,142,137,5,5
57330,111,117,-6,6
57331,167,160,7,7
57332,76,82,-6,6
57333,69,70,-1,1
57334,110,123,-13,13
57335,92,102,-10,10
57336,99,92,7,7
57337,95,103,-8,8
57338,114,109,5,5
57339,91,100,-9,9
57340,104,103,1,1
57341,84,91,-7,7
57342,164,149,15,15
57343,44,61,-17,17
57344,75,76,-1,1
57345,95,98,-3,3
57346,27,45,-18,18
57347,81,89,-8,8
57348,72,80,-8,8
57349,100,97,3,3
57350,131,119,12,12
57351,61,74,-13,13
57352,89,94,-5,5
57353,65,75,-10,10
57354,53,73,-20,20
57355,103,117,-14,14
57356,129,132,-3,3
57357,114,109,5,5
57358,102,107,-5,5
57359,87,99,-12,12
57360,77,75,2,2
57361,72,80,-8,8
57362,71,82,-11,11
57363,67,66,1,1
57364,116,121,-5,5
57365,102,101,1,1
57366,83,84,-1,1
57367,55,61,-6,6
57368,71,89,-18,18
57369,84,83,1,1
57370,98,102,-4,4
57371,101,97,4,4
57372,82,80,2,2
57373,117,123,-6,6
57374,126,134,-8,8
57375,66,80,-14,14
57376,81,92,-11,11
57377,189,195,-6,6
57378,90,89,1,1
57379,86,88,-2,2
57380,107,107,0,0
57381,117,141,-24,24
57382,54,61,-7,7
57383,81,95,-14,14
57384,85,86,-1,1
57385,88,99,-11,11
57386,57,69,-12,12
57387,103,110,-7,7
57388,103,103,0,0
57389,95,95,0,0
57390,107,106,1,1
57391,91,95,-4,4
57392,111,135,-24,24
57393,200,184,16,16
57394,83,92,-9,9
57395,86,91,-5,5
57396,80,90,-10,10
57397,109,120,-11,11
57398,69,77,-8,8
57399,78,82,-4,4
57400,70,83,-13,13
57401,77,84,-7,7
57402,69,71,-2,2
57403,96,95,1,1
57404,121,144,-23,23
57405,90,103,-13,13
57406,152,145,7,7
57407,91,91,0,0
57408,89,92,-3,3
57409,104,102,2,2
57410,88,78,10,10
57411,113,113,0,0
57412,81,99,-18,18
57413,92,93,-1,1
57414,112,104,8,8
57415,113,121,-8,8
57416,119,112,7,7
57417,68,76,-8,8
57418,183,162,21,21
57419,154,143,11,11
57420,115,121,-6,6
57421,173,189,-16,16
57422,108,106,2,2
57423,124,139,-15,15
57424,71,74,-3,3
57425,84,82,2,2
57426,80,90,-10,10
57427,90,104,-14,14
57428,74,75,-1,1
57429,89,83,6,6
57430,81,95,-14,14
57431,100,95,5,5
57432,136,139,-3,3
57433,55,64,-9,9
57434,105,108,-3,3
57435,77,81,-4,4
57436,192,190,2,2
57437,99,97,2,2
57438,90,95,-5,5
57439,134,130,4,4
57440,113,119,-6,6
57441,90,90,0,0
57442,150,140,10,10
57443,52,62,-10,10
57444,102,104,-2,2
57445,55,61,-6,6
57446,110,116,-6,6
57447,57,66,-9,9
57448,57,68,-11,11
57449,97,100,-3,3
57450,117,129,-12,12
57451,83,94,-11,11
57452,121,118,3,3
57453,58,67,-9,9
57454,101,105,-4,4
57455,63,75,-12,12
57456,105,110,-5,5
57457,94,91,3,3
57458,138,138,0,0
57459,62,68,-6,6
57460,113,118,-5,5
57461,50,66,-16,16
57462,90,97,-7,7
57463,135,141,-6,6
57464,68,69,-1,1
57465,94,99,-5,5
57466,63,68,-5,5
57467,179,166,13,13
57468,78,81,-3,3
57469,197,180,17,17
57470,124,130,-6,6
57471,115,127,-12,12
57472,105,106,-1,1
57473,135,134,1,1
57474,59,71,-12,12
57475,75,95,-20,20
57476,131,123,8,8
57477,125,128,-3,3
57478,82,96,-14,14
57479,193,179,14,14
57480,23,37,-14,14
57481,67,72,-5,5
57482,204,193,11,11
57483,78,87,-9,9
57484,95,107,-12,12
57485,143,143,0,0
57486,69,76,-7,7
57487,78,79,-1,1
57488,185,178,7,7
57489,60,71,-11,11
57490,93,89,4,4
57491,49,61,-12,12
57492,151,136,15,15
57493,93,94,-1,1
57494,109,107,2,2
57495,58,64,-6,6
57496,132,118,14,14
57497,85,84,1,1
57498,118,104,14,14
57499,69,76,-7,7
57500,76,82,-6,6
57501,68,85,-17,17
57502,68,75,-7,7
57503,103,119,-16,16
57504,116,117,-1,1
57505,189,169,20,20
57506,64,76,-12,12
57507,54,61,-7,7
57508,99,111,-12,12
57509,140,132,8,8
57510,52,58,-6,6
57511,144,146,-2,2
57512,96,101,-5,5
57513,60,90,-30,30
57514,131,135,-4,4
57515,101,117,-16,16
57516,21,52,-31,31
57517,77,85,-8,8
57518,94,99,-5,5
57519,64,68,-4,4
57520,77,79,-2,2
57521,89,96,-7,7
57522,68,75,-7,7
57523,100,83,17,17
57524,94,99,-5,5
57525,99,100,-1,1
57526,104,110,-6,6
57527,76,83,-7,7
57528,41,52,-11,11
57529,89,86,3,3
57530,159,140,19,19
57531,145,133,12,12
57532,89,88,1,1
57533,117,125,-8,8
57534,56,70,-14,14
57535,112,111,1,1
57536,59,64,-5,5
57537,54,63,-9,9
57538,83,82,1,1
57539,70,80,-10,10
57540,64,73,-9,9
57541,134,136,-2,2
57542,107,121,-14,14
57543,81,87,-6,6
57544,117,125,-8,8
57545,123,129,-6,6
57546,114,107,7,7
57547,173,161,12,12
57548,79,79,0,0
57549,117,110,7,7
57550,32,49,-17,17
57551,87,91,-4,4
57552,189,187,2,2
57553,70,84,-14,14
57554,155,138,17,17
57555,81,88,-7,7
57556,168,161,7,7
57557,114,116,-2,2
57558,153,158,-5,5
57559,124,120,4,4
57560,51,55,-4,4
57561,105,117,-12,12
57562,101,121,-20,20
57563,86,94,-8,8
57564,129,127,2,2
57565,122,119,3,3
57566,149,142,7,7
57567,85,87,-2,2
57568,73,77,-4,4
57569,66,77,-11,11
57570,180,161,19,19
57571,33,46,-13,13
57572,70,82,-12,12
57573,101,121,-20,20
57574,89,100,-11,11
57575,120,122,-2,2
57576,121,115,6,6
57577,91,95,-4,4
57578,90,94,-4,4
57579,121,121,0,0
57580,154,158,-4,4
57581,110,109,1,1
57582,65,70,-5,5
57583,107,122,-15,15
57584,141,137,4,4
57585,61,74,-13,13
57586,119,128,-9,9
57587,135,140,-5,5
57588,185,164,21,21
57589,46,59,-13,13
57590,89,93,-4,4
57591,134,137,-3,3
57592,102,103,-1,1
57593,138,140,-2,2
57594,104,100,4,4
57595,176,166,10,10
57596,112,115,-3,3
57597,135,135,0,0
57598,119,123,-4,4
57599,82,80,2,2
57600,99,108,-9,9
57601,119,117,2,2
57602,98,111,-13,13
57603,96,107,-11,11
57604,90,107,-17,17
57605,81,79,2,2
57606,65,72,-7,7
57607,120,119,1,1
57608,90,93,-3,3
57609,80,91,-11,11
57610,81,93,-12,12
57611,78,106,-28,28
57612,82,82,0,0
57613,155,135,20,20
57614,77,79,-2,2
57615,116,121,-5,5
57616,78,84,-6,6
57617,69,71,-2,2
57618,64,73,-9,9
57619,88,94,-6,6
57620,56,66,-10,10
57621,62,74,-12,12
57622,49,64,-15,15
57623,120,111,9,9
57624,154,151,3,3
57625,86,93,-7,7
57626,61,75,-14,14
57627,66,70,-4,4
57628,145,128,17,17
57629,83,95,-12,12
57630,136,130,6,6
57631,88,102,-14,14
57632,71,84,-13,13
57633,93,93,0,0
57634,97,98,-1,1
57635,94,91,3,3
57636,97,109,-12,12
57637,57,75,-18,18
57638,142,141,1,1
57639,119,117,2,2
57640,87,97,-10,10
57641,131,141,-10,10
57642,119,127,-8,8
57643,76,78,-2,2
57644,55,60,-5,5
57645,106,106,0,0
57646,70,81,-11,11
57647,103,108,-5,5
57648,96,91,5,5
57649,150,151,-1,1
57650,128,133,-5,5
57651,38,49,-11,11
57652,65,84,-19,19
57653,79,83,-4,4
57654,96,93,3,3
57655,88,89,-1,1
57656,185,201,-16,16
57657,81,83,-2,2
57658,151,141,10,10
57659,94,99,-5,5
57660,72,85,-13,13
57661,110,112,-2,2
57662,109,107,2,2
57663,80,82,-2,2
57664,68,80,-12,12
57665,111,105,6,6
57666,67,78,-11,11
57667,95,97,-2,2
57668,114,124,-10,10
57669,51,59,-8,8
57670,111,112,-1,1
57671,118,110,8,8
57672,157,136,21,21
57673,82,90,-8,8
57674,119,99,20,20
57675,73,80,-7,7
57676,88,87,1,1
57677,46,54,-8,8
57678,61,69,-8,8
57679,81,90,-9,9
57680,117,122,-5,5
57681,87,86,1,1
57682,71,70,1,1
57683,70,78,-8,8
57684,98,113,-15,15
57685,89,97,-8,8
57686,100,99,1,1
57687,124,118,6,6
57688,166,157,9,9
57689,90,93,-3,3
57690,43,54,-11,11
57691,175,154,21,21
57692,104,111,-7,7
57693,180,174,6,6
57694,57,64,-7,7
57695,36,58,-22,22
57696,144,155,-11,11
57697,136,130,6,6
57698,56,67,-11,11
57699,93,101,-8,8
57700,91,95,-4,4
57701,98,103,-5,5
57702,82,74,8,8
57703,101,116,-15,15
57704,113,119,-6,6
57705,53,66,-13,13
57706,55,66,-11,11
57707,120,115,5,5
57708,105,107,-2,2
57709,71,81,-10,10
57710,78,84,-6,6
57711,165,164,1,1
57712,82,92,-10,10
57713,126,123,3,3
57714,114,113,1,1
57715,143,139,4,4
57716,118,115,3,3
57717,94,102,-8,8
57718,41,49,-8,8
57719,67,73,-6,6
57720,83,86,-3,3
57721,119,109,10,10
57722,62,71,-9,9
57723,55,59,-4,4
57724,95,102,-7,7
57725,91,100,-9,9
57726,68,77,-9,9
57727,144,149,-5,5
57728,64,71,-7,7
57729,43,65,-22,22
57730,81,92,-11,11
57731,94,89,5,5
57732,77,83,-6,6
57733,167,170,-3,3
57734,51,66,-15,15
57735,117,111,6,6
57736,93,99,-6,6
57737,71,80,-9,9
57738,64,74,-10,10
57739,168,158,10,10
57740,98,102,-4,4
57741,38,49,-11,11
57742,124,117,7,7
57743,104,118,-14,14
57744,45,55,-10,10
57745,36,53,-17,17
57746,82,87,-5,5
57747,120,117,3,3
57748,108,119,-11,11
57749,43,55,-12,12
57750,85,84,1,1
57751,146,140,6,6
57752,82,104,-22,22
57753,115,109,6,6
57754,98,92,6,6
57755,87,87,0,0
57756,124,133,-9,9
57757,86,89,-3,3
57758,92,111,-19,19
57759,109,98,11,11
57760,125,124,1,1
57761,140,148,-8,8
57762,84,104,-20,20
57763,66,74,-8,8
57764,131,123,8,8
57765,81,82,-1,1
57766,88,87,1,1
57767,143,155,-12,12
57768,74,85,-11,11
57769,118,129,-11,11
57770,56,69,-13,13
57771,61,69,-8,8
57772,112,121,-9,9
57773,119,114,5,5
57774,102,98,4,4
57775,101,130,-29,29
57776,71,75,-4,4
57777,118,120,-2,2
57778,119,135,-16,16
57779,83,90,-7,7
57780,133,123,10,10
57781,57,65,-8,8
57782,87,93,-6,6
57783,6,29,-23,23
57784,76,87,-11,11
57785,124,122,2,2
57786,28,42,-14,14
57787,65,69,-4,4
57788,86,81,5,5
57789,111,119,-8,8
57790,59,73,-14,14
57791,94,98,-4,4
57792,97,117,-20,20
57793,115,119,-4,4
57794,75,85,-10,10
57795,144,140,4,4
57796,86,101,-15,15
57797,74,80,-6,6
57798,102,112,-10,10
57799,79,83,-4,4
57800,99,103,-4,4
57801,140,159,-19,19
57802,101,108,-7,7
57803,156,146,10,10
57804,92,93,-1,1
57805,70,79,-9,9
57806,59,77,-18,18
57807,116,112,4,4
57808,138,141,-3,3
57809,136,143,-7,7
57810,61,68,-7,7
57811,53,64,-11,11
57812,79,79,0,0
57813,90,91,-1,1
57814,127,126,1,1
57815,177,150,27,27
57816,110,125,-15,15
57817,129,127,2,2
57818,106,129,-23,23
57819,74,83,-9,9
57820,154,158,-4,4
57821,129,134,-5,5
57822,73,79,-6,6
57823,77,90,-13,13
57824,84,95,-11,11
57825,103,101,2,2
57826,90,126,-36,36
57827,109,111,-2,2
57828,68,72,-4,4
57829,72,73,-1,1
57830,105,120,-15,15
57831,65,73,-8,8
57832,95,97,-2,2
57833,133,138,-5,5
57834,103,101,2,2
57835,107,117,-10,10
57836,79,81,-2,2
57837,116,112,4,4
57838,91,89,2,2
57839,72,89,-17,17
57840,66,92,-26,26
57841,147,140,7,7
57842,90,104,-14,14
57843,192,210,-18,18
57844,98,119,-21,21
57845,105,102,3,3
57846,44,59,-15,15
57847,102,96,6,6
57848,82,96,-14,14
57849,107,111,-4,4
57850,102,104,-2,2
57851,135,129,6,6
57852,157,147,10,10
57853,61,64,-3,3
57854,155,147,8,8
57855,121,134,-13,13
57856,77,80,-3,3
57857,142,139,3,3
57858,95,94,1,1
57859,104,101,3,3
57860,77,83,-6,6
57861,135,133,2,2
57862,101,104,-3,3
57863,65,69,-4,4
57864,108,109,-1,1
57865,46,60,-14,14
57866,196,192,4,4
57867,83,89,-6,6
57868,92,88,4,4
57869,66,67,-1,1
57870,87,88,-1,1
57871,76,81,-5,5
57872,24,41,-17,17
57873,94,110,-16,16
57874,85,79,6,6
57875,147,193,-46,46
57876,104,117,-13,13
57877,97,101,-4,4
57878,159,144,15,15
57879,103,103,0,0
57880,114,120,-6,6
57881,133,134,-1,1
57882,66,72,-6,6
57883,101,109,-8,8
57884,71,73,-2,2
57885,85,91,-6,6
57886,87,80,7,7
57887,116,101,15,15
57888,88,87,1,1
57889,64,69,-5,5
57890,48,62,-14,14
57891,55,64,-9,9
57892,61,95,-34,34
57893,86,102,-16,16
57894,56,65,-9,9
57895,58,62,-4,4
57896,77,83,-6,6
57897,70,82,-12,12
57898,78,90,-12,12
57899,136,130,6,6
57900,69,77,-8,8
57901,68,69,-1,1
57902,102,103,-1,1
57903,67,72,-5,5
57904,82,83,-1,1
57905,54,62,-8,8
57906,70,82,-12,12
57907,83,86,-3,3
57908,129,122,7,7
57909,43,54,-11,11
57910,46,66,-20,20
57911,119,122,-3,3
57912,50,60,-10,10
57913,76,82,-6,6
57914,168,163,5,5
57915,83,85,-2,2
57916,116,111,5,5
57917,121,137,-16,16
57918,96,108,-12,12
57919,126,137,-11,11
57920,86,96,-10,10
57921,85,85,0,0
57922,93,86,7,7
57923,52,62,-10,10
57924,129,129,0,0
57925,87,90,-3,3
57926,38,52,-14,14
57927,61,81,-20,20
57928,77,83,-6,6
57929,73,76,-3,3
57930,143,151,-8,8
57931,59,70,-11,11
57932,57,68,-11,11
57933,64,73,-9,9
57934,140,139,1,1
57935,109,117,-8,8
57936,91,95,-4,4
57937,64,72,-8,8
57938,105,94,11,11
57939,121,112,9,9
57940,65,69,-4,4
57941,80,90,-10,10
57942,75,83,-8,8
57943,90,89,1,1
57944,93,107,-14,14
57945,60,71,-11,11
57946,75,81,-6,6
57947,97,103,-6,6
57948,130,127,3,3
57949,111,110,1,1
57950,82,81,1,1
57951,102,103,-1,1
57952,72,75,-3,3
57953,180,179,1,1
57954,71,88,-17,17
57955,92,96,-4,4
57956,109,111,-2,2
57957,113,111,2,2
57958,117,119,-2,2
57959,105,109,-4,4
57960,85,87,-2,2
57961,75,75,0,0
57962,77,83,-6,6
57963,79,86,-7,7
57964,106,106,0,0
57965,52,71,-19,19
57966,107,89,18,18
57967,89,96,-7,7
57968,150,146,4,4
57969,84,91,-7,7
57970,78,86,-8,8
57971,124,123,1,1
57972,58,67,-9,9
57973,110,113,-3,3
57974,108,113,-5,5
57975,95,114,-19,19
57976,139,128,11,11
57977,92,96,-4,4
57978,63,77,-14,14
57979,81,90,-9,9
57980,103,97,6,6
57981,75,81,-6,6
57982,75,91,-16,16
57983,125,123,2,2
57984,98,109,-11,11
57985,101,103,-2,2
57986,73,88,-15,15
57987,95,98,-3,3
57988,120,117,3,3
57989,90,108,-18,18
57990,178,160,18,18
57991,111,118,-7,7
57992,90,94,-4,4
57993,91,83,8,8
57994,92,87,5,5
57995,77,83,-6,6
57996,87,89,-2,2
57997,121,122,-1,1
57998,99,93,6,6
57999,119,131,-12,12
58000,85,99,-14,14
58001,102,105,-3,3
58002,102,101,1,1
58003,68,69,-1,1
58004,159,142,17,17
58005,91,82,9,9
58006,85,96,-11,11
58007,77,91,-14,14
58008,136,136,0,0
58009,182,170,12,12
58010,101,106,-5,5
58011,63,64,-1,1
58012,89,107,-18,18
58013,78,83,-5,5
58014,104,103,1,1
58015,113,113,0,0
58016,88,94,-6,6
58017,87,91,-4,4
58018,182,166,16,16
58019,97,99,-2,2
58020,123,122,1,1
58021,93,125,-32,32
58022,77,73,4,4
58023,87,90,-3,3
58024,71,79,-8,8
58025,60,71,-11,11
58026,95,104,-9,9
58027,92,89,3,3
58028,78,82,-4,4
58029,84,95,-11,11
58030,153,145,8,8
58031,140,149,-9,9
58032,99,91,8,8
58033,57,67,-10,10
58034,83,93,-10,10
58035,79,81,-2,2
58036,87,96,-9,9
58037,85,109,-24,24
58038,80,88,-8,8
58039,69,79,-10,10
58040,68,76,-8,8
58041,94,102,-8,8
58042,79,91,-12,12
58043,115,115,0,0
58044,59,67,-8,8
58045,183,188,-5,5
58046,64,71,-7,7
58047,109,105,4,4
58048,54,56,-2,2
58049,62,67,-5,5
58050,69,88,-19,19
58051,62,65,-3,3
58052,71,76,-5,5
58053,140,137,3,3
58054,73,77,-4,4
58055,124,127,-3,3
58056,86,97,-11,11
58057,142,151,-9,9
58058,170,167,3,3
58059,69,73,-4,4
58060,124,131,-7,7
58061,123,130,-7,7
58062,104,93,11,11
58063,65,79,-14,14
58064,110,114,-4,4
58065,80,82,-2,2
58066,66,77,-11,11
58067,96,105,-9,9
58068,116,126,-10,10
58069,74,83,-9,9
58070,59,65,-6,6
58071,64,64,0,0
58072,115,120,-5,5
58073,89,87,2,2
58074,136,123,13,13
58075,51,60,-9,9
58076,73,77,-4,4
58077,68,81,-13,13
58078,116,114,2,2
58079,135,142,-7,7
58080,29,46,-17,17
58081,96,92,4,4
58082,38,63,-25,25
58083,170,168,2,2
58084,125,125,0,0
58085,160,145,15,15
58086,108,120,-12,12
58087,144,141,3,3
58088,70,71,-1,1
58089,100,100,0,0
58090,62,70,-8,8
58091,129,131,-2,2
58092,99,95,4,4
58093,93,103,-10,10
58094,108,102,6,6
58095,59,62,-3,3
58096,43,60,-17,17
58097,119,111,8,8
58098,71,70,1,1
58099,147,160,-13,13
58100,60,69,-9,9
58101,79,92,-13,13
58102,64,76,-12,12
58103,73,80,-7,7
58104,105,113,-8,8
58105,80,83,-3,3
58106,79,86,-7,7
58107,90,94,-4,4
58108,89,85,4,4
58109,73,77,-4,4
58110,113,121,-8,8
58111,78,91,-13,13
58112,63,86,-23,23
58113,142,136,6,6
58114,145,158,-13,13
58115,95,103,-8,8
58116,101,104,-3,3
58117,126,118,8,8
58118,154,142,12,12
58119,184,156,28,28
58120,116,123,-7,7
58121,84,91,-7,7
58122,129,135,-6,6
58123,74,80,-6,6
58124,97,98,-1,1
58125,88,113,-25,25
58126,102,112,-10,10
58127,69,77,-8,8
58128,73,86,-13,13
58129,77,73,4,4
58130,98,101,-3,3
58131,78,87,-9,9
58132,108,98,10,10
58133,78,83,-5,5
58134,86,96,-10,10
58135,70,73,-3,3
58136,70,79,-9,9
58137,78,81,-3,3
58138,81,83,-2,2
58139,55,69,-14,14
58140,37,49,-12,12
58141,80,86,-6,6
58142,68,75,-7,7
58143,130,131,-1,1
58144,100,101,-1,1
58145,71,81,-10,10
58146,97,99,-2,2
58147,147,147,0,0
58148,93,102,-9,9
58149,165,167,-2,2
58150,70,78,-8,8
58151,59,74,-15,15
58152,46,58,-12,12
58153,132,120,12,12
58154,90,83,7,7
58155,208,191,17,17
58156,124,133,-9,9
58157,92,103,-11,11
58158,75,79,-4,4
58159,103,102,1,1
58160,47,60,-13,13
58161,72,69,3,3
58162,65,73,-8,8
58163,107,115,-8,8
58164,131,132,-1,1
58165,67,82,-15,15
58166,119,118,1,1
58167,63,71,-8,8
58168,153,140,13,13
58169,72,81,-9,9
58170,131,144,-13,13
58171,92,92,0,0
58172,70,76,-6,6
58173,93,104,-11,11
58174,48,72,-24,24
58175,75,77,-2,2
58176,185,185,0,0
58177,90,89,1,1
58178,53,61,-8,8
58179,130,132,-2,2
58180,139,150,-11,11
58181,92,101,-9,9
58182,77,114,-37,37
58183,130,121,9,9
58184,88,87,1,1
58185,68,82,-14,14
58186,144,126,18,18
58187,73,82,-9,9
58188,136,140,-4,4
58189,115,113,2,2
58190,79,89,-10,10
58191,97,99,-2,2
58192,70,74,-4,4
58193,76,87,-11,11
58194,110,109,1,1
58195,103,117,-14,14
58196,106,110,-4,4
58197,82,87,-5,5
58198,82,94,-12,12
58199,64,72,-8,8
58200,108,110,-2,2
58201,162,154,8,8
58202,64,79,-15,15
58203,42,57,-15,15
58204,128,128,0,0
58205,93,91,2,2
58206,83,87,-4,4
58207,75,76,-1,1
58208,113,114,-1,1
58209,131,127,4,4
58210,70,71,-1,1
58211,82,90,-8,8
58212,53,62,-9,9
58213,92,98,-6,6
58214,123,122,1,1
58215,132,125,7,7
58216,71,75,-4,4
58217,83,89,-6,6
58218,52,61,-9,9
58219,102,103,-1,1
58220,51,64,-13,13
58221,90,88,2,2
58222,121,131,-10,10
58223,125,128,-3,3
58224,66,72,-6,6
58225,99,112,-13,13
58226,71,90,-19,19
58227,103,103,0,0
58228,87,92,-5,5
58229,130,133,-3,3
58230,74,82,-8,8
58231,171,164,7,7
58232,146,132,14,14
58233,81,87,-6,6
58234,72,74,-2,2
58235,81,101,-20,20
58236,58,69,-11,11
58237,111,110,1,1
58238,148,149,-1,1
58239,76,82,-6,6
58240,78,79,-1,1
58241,91,103,-12,12
58242,91,100,-9,9
58243,70,79,-9,9
58244,155,141,14,14
58245,89,99,-10,10
58246,55,60,-5,5
58247,97,89,8,8
58248,71,76,-5,5
58249,134,141,-7,7
58250,85,81,4,4
58251,76,82,-6,6
58252,98,114,-16,16
58253,51,66,-15,15
58254,111,112,-1,1
58255,59,71,-12,12
58256,112,110,2,2
58257,43,52,-9,9
58258,122,115,7,7
58259,62,79,-17,17
58260,57,63,-6,6
58261,94,105,-11,11
58262,92,94,-2,2
58263,113,123,-10,10
58264,125,122,3,3
58265,98,106,-8,8
58266,58,66,-8,8
58267,110,109,1,1
58268,69,79,-10,10
58269,57,72,-15,15
58270,54,60,-6,6
58271,69,73,-4,4
58272,84,97,-13,13
58273,81,97,-16,16
58274,72,80,-8,8
58275,120,117,3,3
58276,59,70,-11,11
58277,121,116,5,5
58278,54,70,-16,16
58279,62,69,-7,7
58280,83,80,3,3
58281,85,83,2,2
58282,102,109,-7,7
58283,109,100,9,9
58284,128,142,-14,14
58285,128,119,9,9
58286,155,124,31,31
58287,75,85,-10,10
58288,44,50,-6,6
58289,106,109,-3,3
58290,122,113,9,9
58291,99,98,1,1
58292,76,81,-5,5
58293,93,93,0,0
58294,59,71,-12,12
58295,115,110,5,5
58296,147,144,3,3
58297,104,112,-8,8
58298,56,68,-12,12
58299,119,117,2,2
58300,92,98,-6,6
58301,55,66,-11,11
58302,70,71,-1,1
58303,79,89,-10,10
58304,106,105,1,1
58305,141,133,8,8
58306,142,143,-1,1
58307,100,106,-6,6
58308,71,74,-3,3
58309,37,48,-11,11
58310,58,67,-9,9
58311,107,117,-10,10
58312,104,107,-3,3
58313,125,126,-1,1
58314,95,125,-30,30
58315,164,155,9,9
58316,45,62,-17,17
58317,86,85,1,1
58318,101,104,-3,3
58319,117,113,4,4
58320,85,99,-14,14
58321,60,68,-8,8
58322,141,150,-9,9
58323,101,110,-9,9
58324,113,106,7,7
58325,108,117,-9,9
58326,86,89,-3,3
58327,121,117,4,4
58328,165,179,-14,14
58329,58,64,-6,6
58330,165,164,1,1
58331,99,101,-2,2
58332,77,88,-11,11
58333,120,119,1,1
58334,132,125,7,7
58335,138,125,13,13
58336,104,128,-24,24
58337,59,66,-7,7
58338,68,70,-2,2
58339,76,84,-8,8
58340,81,95,-14,14
58341,126,124,2,2
58342,125,103,22,22
58343,39,50,-11,11
58344,103,90,13,13
58345,64,80,-16,16
58346,120,113,7,7
58347,53,65,-12,12
58348,81,80,1,1
58349,128,125,3,3
58350,75,82,-7,7
58351,67,65,2,2
58352,158,145,13,13
58353,77,97,-20,20
58354,140,144,-4,4
58355,75,88,-13,13
58356,114,118,-4,4
58357,82,87,-5,5
58358,96,102,-6,6
58359,142,136,6,6
58360,84,100,-16,16
58361,84,75,9,9
58362,69,73,-4,4
58363,63,72,-9,9
58364,83,91,-8,8
58365,136,137,-1,1
58366,107,109,-2,2
58367,95,102,-7,7
58368,157,141,16,16
58369,89,96,-7,7
58370,85,87,-2,2
58371,102,107,-5,5
58372,103,110,-7,7
58373,88,88,0,0
58374,100,100,0,0
58375,69,73,-4,4
58376,84,79,5,5
58377,32,47,-15,15
58378,52,66,-14,14
58379,156,148,8,8
58380,71,70,1,1
58381,114,108,6,6
58382,83,87,-4,4
58383,81,86,-5,5
58384,164,142,22,22
58385,109,108,1,1
58386,89,99,-10,10
58387,125,117,8,8
58388,82,81,1,1
58389,73,82,-9,9
58390,117,144,-27,27
58391,69,77,-8,8
58392,98,98,0,0
58393,114,107,7,7
58394,86,92,-6,6
58395,112,107,5,5
58396,96,105,-9,9
58397,113,115,-2,2
58398,86,101,-15,15
58399,130,127,3,3
58400,80,85,-5,5
58401,134,139,-5,5
58402,158,158,0,0
58403,59,64,-5,5
58404,55,67,-12,12
58405,87,97,-10,10
58406,42,56,-14,14
58407,76,80,-4,4
58408,62,66,-4,4
58409,119,115,4,4
58410,103,109,-6,6
58411,172,174,-2,2
58412,134,141,-7,7
58413,68,73,-5,5
58414,62,66,-4,4
58415,57,70,-13,13
58416,147,141,6,6
58417,93,96,-3,3
58418,116,115,1,1
58419,161,160,1,1
58420,79,99,-20,20
58421,148,148,0,0
58422,118,119,-1,1
58423,46,64,-18,18
58424,130,134,-4,4
58425,163,155,8,8
58426,56,68,-12,12
58427,74,78,-4,4
58428,66,80,-14,14
58429,84,81,3,3
58430,76,86,-10,10
58431,88,90,-2,2
58432,69,77,-8,8
58433,60,69,-9,9
58434,75,81,-6,6
58435,164,152,12,12
58436,71,86,-15,15
58437,125,109,16,16
58438,86,97,-11,11
58439,62,64,-2,2
58440,82,87,-5,5
58441,55,65,-10,10
58442,58,77,-19,19
58443,52,69,-17,17
58444,107,109,-2,2
58445,82,93,-11,11
58446,118,114,4,4
58447,104,106,-2,2
58448,65,71,-6,6
58449,148,160,-12,12
58450,104,112,-8,8
58451,189,181,8,8
58452,126,134,-8,8
58453,92,94,-2,2
58454,122,125,-3,3
58455,75,80,-5,5
58456,99,102,-3,3
58457,99,110,-11,11
58458,154,156,-2,2
58459,89,102,-13,13
58460,145,148,-3,3
58461,81,76,5,5
58462,146,157,-11,11
58463,171,175,-4,4
58464,52,62,-10,10
58465,81,80,1,1
58466,102,102,0,0
58467,137,151,-14,14
58468,43,54,-11,11
58469,93,101,-8,8
58470,62,70,-8,8
58471,110,108,2,2
58472,78,78,0,0
58473,112,124,-12,12
58474,64,77,-13,13
58475,52,61,-9,9
58476,51,74,-23,23
58477,71,83,-12,12
58478,62,72,-10,10
58479,54,59,-5,5
58480,81,76,5,5
58481,156,138,18,18
58482,76,86,-10,10
58483,74,73,1,1
58484,63,76,-13,13
58485,59,61,-2,2
58486,45,55,-10,10
58487,127,114,13,13
58488,110,106,4,4
58489,68,72,-4,4
58490,89,96,-7,7
58491,64,71,-7,7
58492,116,125,-9,9
58493,68,81,-13,13
58494,211,210,1,1
58495,93,91,2,2
58496,79,84,-5,5
58497,84,90,-6,6
58498,73,79,-6,6
58499,82,81,1,1
58500,80,101,-21,21
58501,75,83,-8,8
58502,83,90,-7,7
58503,123,121,2,2
58504,52,60,-8,8
58505,133,126,7,7
58506,90,93,-3,3
58507,70,73,-3,3
58508,74,87,-13,13
58509,84,92,-8,8
58510,90,97,-7,7
58511,92,98,-6,6
58512,55,72,-17,17
58513,62,76,-14,14
58514,120,123,-3,3
58515,84,92,-8,8
58516,83,82,1,1
58517,95,118,-23,23
58518,79,81,-2,2
58519,89,99,-10,10
58520,149,144,5,5
58521,81,117,-36,36
58522,91,98,-7,7
58523,87,83,4,4
58524,76,83,-7,7
58525,45,56,-11,11
58526,226,218,8,8
58527,125,126,-1,1
58528,148,163,-15,15
58529,60,69,-9,9
58530,134,136,-2,2
58531,165,159,6,6
58532,129,127,2,2
58533,65,68,-3,3
58534,89,92,-3,3
58535,95,103,-8,8
58536,83,88,-5,5
58537,79,80,-1,1
58538,111,110,1,1
58539,83,84,-1,1
58540,121,121,0,0
58541,97,102,-5,5
58542,114,119,-5,5
58543,55,60,-5,5
58544,118,119,-1,1
58545,95,92,3,3
58546,80,85,-5,5
58547,112,118,-6,6
58548,127,122,5,5
58549,140,133,7,7
58550,100,167,-67,67
58551,50,60,-10,10
58552,130,128,2,2
58553,77,83,-6,6
58554,86,100,-14,14
58555,117,105,12,12
58556,163,155,8,8
58557,78,84,-6,6
58558,118,116,2,2
58559,110,120,-10,10
58560,93,89,4,4
58561,76,97,-21,21
58562,71,68,3,3
58563,85,93,-8,8
58564,39,52,-13,13
58565,77,89,-12,12
58566,57,63,-6,6
58567,68,77,-9,9
58568,74,79,-5,5
58569,80,81,-1,1
58570,86,96,-10,10
58571,55,63,-8,8
58572,129,118,11,11
58573,181,187,-6,6
58574,71,77,-6,6
58575,106,135,-29,29
58576,43,53,-10,10
58577,157,156,1,1
58578,68,74,-6,6
58579,134,132,2,2
58580,137,148,-11,11
58581,71,77,-6,6
58582,48,56,-8,8
58583,45,60,-15,15
58584,75,83,-8,8
58585,67,85,-18,18
58586,108,102,6,6
58587,81,85,-4,4
58588,94,102,-8,8
58589,229,222,7,7
58590,58,70,-12,12
58591,75,91,-16,16
58592,97,117,-20,20
58593,142,142,0,0
58594,196,163,33,33
58595,78,85,-7,7
58596,101,116,-15,15
58597,100,101,-1,1
58598,82,81,1,1
58599,100,107,-7,7
58600,81,91,-10,10
58601,81,92,-11,11
58602,106,142,-36,36
58603,74,74,0,0
58604,77,92,-15,15
58605,124,125,-1,1
58606,35,50,-15,15
58607,76,88,-12,12
58608,106,107,-1,1
58609,83,96,-13,13
58610,82,88,-6,6
58611,77,84,-7,7
58612,113,115,-2,2
58613,86,86,0,0
58614,115,113,2,2
58615,98,100,-2,2
58616,69,83,-14,14
58617,90,101,-11,11
58618,99,98,1,1
58619,59,73,-14,14
58620,109,106,3,3
58621,72,82,-10,10
58622,130,126,4,4
58623,118,123,-5,5
58624,113,112,1,1
58625,98,101,-3,3
58626,102,99,3,3
58627,142,129,13,13
58628,95,107,-12,12
58629,89,98,-9,9
58630,45,67,-22,22
58631,35,46,-11,11
58632,54,64,-10,10
58633,102,95,7,7
58634,27,41,-14,14
58635,66,70,-4,4
58636,35,54,-19,19
58637,115,112,3,3
58638,148,148,0,0
58639,98,96,2,2
58640,115,124,-9,9
58641,79,93,-14,14
58642,84,91,-7,7
58643,147,145,2,2
58644,79,80,-1,1
58645,62,67,-5,5
58646,95,91,4,4
58647,71,78,-7,7
58648,66,74,-8,8
58649,84,92,-8,8
58650,142,137,5,5
58651,142,134,8,8
58652,91,95,-4,4
58653,102,105,-3,3
58654,105,140,-35,35
58655,66,70,-4,4
58656,83,96,-13,13
58657,63,69,-6,6
58658,66,77,-11,11
58659,109,127,-18,18
58660,71,78,-7,7
58661,92,98,-6,6
58662,139,148,-9,9
58663,117,122,-5,5
58664,120,123,-3,3
58665,94,116,-22,22
58666,99,103,-4,4
58667,58,61,-3,3
58668,129,133,-4,4
58669,66,81,-15,15
58670,126,108,18,18
58671,111,119,-8,8
58672,54,60,-6,6
58673,153,129,24,24
58674,82,90,-8,8
58675,56,67,-11,11
58676,59,69,-10,10
58677,146,141,5,5
58678,64,73,-9,9
58679,56,65,-9,9
58680,60,69,-9,9
58681,21,57,-36,36
58682,132,140,-8,8
58683,85,91,-6,6
58684,113,112,1,1
58685,81,85,-4,4
58686,110,115,-5,5
58687,98,99,-1,1
58688,86,96,-10,10
58689,102,104,-2,2
58690,129,147,-18,18
58691,89,90,-1,1
58692,121,124,-3,3
58693,104,106,-2,2
58694,63,75,-12,12
58695,138,141,-3,3
58696,119,139,-20,20
58697,92,94,-2,2
58698,113,113,0,0
58699,97,102,-5,5
58700,162,153,9,9
58701,41,56,-15,15
58702,112,117,-5,5
58703,124,122,2,2
58704,76,83,-7,7
58705,116,123,-7,7
58706,86,87,-1,1
58707,69,71,-2,2
58708,99,109,-10,10
58709,65,75,-10,10
58710,70,86,-16,16
58711,111,104,7,7
58712,79,80,-1,1
58713,92,101,-9,9
58714,92,87,5,5
58715,126,127,-1,1
58716,109,109,0,0
58717,65,78,-13,13
58718,79,84,-5,5
58719,160,159,1,1
58720,75,86,-11,11
58721,95,96,-1,1
58722,97,98,-1,1
58723,102,91,11,11
58724,75,76,-1,1
58725,119,127,-8,8
58726,31,44,-13,13
58727,137,128,9,9
58728,99,115,-16,16
58729,135,131,4,4
58730,143,146,-3,3
58731,128,129,-1,1
58732,135,134,1,1
58733,56,59,-3,3
58734,79,78,1,1
58735,157,142,15,15
58736,103,118,-15,15
58737,147,143,4,4
58738,78,84,-6,6
58739,124,122,2,2
58740,57,76,-19,19
58741,63,87,-24,24
58742,79,81,-2,2
58743,87,97,-10,10
58744,105,101,4,4
58745,119,116,3,3
58746,41,50,-9,9
58747,62,76,-14,14
58748,148,153,-5,5
58749,113,113,0,0
58750,236,214,22,22
58751,49,61,-12,12
58752,78,90,-12,12
58753,105,109,-4,4
58754,136,133,3,3
58755,93,102,-9,9
58756,55,65,-10,10
58757,87,97,-10,10
58758,67,83,-16,16
58759,113,109,4,4
58760,52,61,-9,9
58761,102,134,-32,32
58762,149,133,16,16
58763,65,81,-16,16
58764,106,100,6,6
58765,88,89,-1,1
58766,175,160,15,15
58767,116,125,-9,9
58768,128,134,-6,6
58769,86,92,-6,6
58770,154,139,15,15
58771,93,97,-4,4
58772,65,98,-33,33
58773,119,123,-4,4
58774,81,82,-1,1
58775,93,118,-25,25
58776,77,88,-11,11
58777,144,122,22,22
58778,105,114,-9,9
58779,111,101,10,10
58780,143,130,13,13
58781,96,96,0,0
58782,86,101,-15,15
58783,78,81,-3,3
58784,136,133,3,3
58785,82,84,-2,2
58786,91,94,-3,3
58787,83,93,-10,10
58788,106,110,-4,4
58789,94,103,-9,9
58790,99,106,-7,7
58791,78,81,-3,3
58792,154,145,9,9
58793,77,72,5,5
58794,184,176,8,8
58795,192,179,13,13
58796,77,81,-4,4
58797,105,114,-9,9
58798,62,74,-12,12
58799,103,106,-3,3
58800,59,71,-12,12
58801,77,80,-3,3
58802,155,161,-6,6
58803,90,91,-1,1
58804,98,123,-25,25
58805,93,96,-3,3
58806,132,137,-5,5
58807,115,122,-7,7
58808,67,71,-4,4
58809,198,198,0,0
58810,90,93,-3,3
58811,114,112,2,2
58812,108,114,-6,6
58813,77,88,-11,11
58814,114,124,-10,10
58815,126,140,-14,14
58816,86,88,-2,2
58817,67,74,-7,7
58818,108,112,-4,4
58819,92,96,-4,4
58820,123,125,-2,2
58821,96,104,-8,8
58822,64,70,-6,6
58823,166,161,5,5
58824,218,221,-3,3
58825,89,97,-8,8
58826,76,85,-9,9
58827,69,74,-5,5
58828,122,125,-3,3
58829,115,120,-5,5
58830,87,112,-25,25
58831,119,116,3,3
58832,95,96,-1,1
58833,82,87,-5,5
58834,57,67,-10,10
58835,100,111,-11,11
58836,86,84,2,2
58837,101,98,3,3
58838,65,64,1,1
58839,106,110,-4,4
58840,75,81,-6,6
58841,142,135,7,7
58842,81,83,-2,2
58843,77,87,-10,10
58844,59,61,-2,2
58845,130,121,9,9
58846,100,97,3,3
58847,92,99,-7,7
58848,55,69,-14,14
58849,101,134,-33,33
58850,66,70,-4,4
58851,108,102,6,6
58852,83,89,-6,6
58853,69,72,-3,3
58854,140,134,6,6
58855,87,88,-1,1
58856,96,102,-6,6
58857,167,147,20,20
58858,72,76,-4,4
58859,88,96,-8,8
58860,124,118,6,6
58861,91,100,-9,9
58862,51,60,-9,9
58863,87,76,11,11
58864,92,99,-7,7
58865,58,68,-10,10
58866,45,54,-9,9
58867,95,93,2,2
58868,134,125,9,9
58869,91,95,-4,4
58870,121,119,2,2
58871,51,56,-5,5
58872,58,65,-7,7
58873,48,60,-12,12
58874,75,84,-9,9
58875,46,63,-17,17
58876,56,66,-10,10
58877,87,89,-2,2
58878,47,69,-22,22
58879,88,98,-10,10
58880,112,110,2,2
58881,56,67,-11,11
58882,104,109,-5,5
58883,61,64,-3,3
58884,96,104,-8,8
58885,113,109,4,4
58886,66,71,-5,5
58887,153,157,-4,4
58888,115,126,-11,11
58889,100,106,-6,6
58890,73,75,-2,2
58891,89,80,9,9
58892,101,115,-14,14
58893,82,96,-14,14
58894,89,102,-13,13
58895,94,103,-9,9
58896,93,92,1,1
58897,113,117,-4,4
58898,129,127,2,2
58899,68,69,-1,1
58900,68,70,-2,2
58901,94,96,-2,2
58902,157,149,8,8
58903,99,99,0,0
58904,54,70,-16,16
58905,123,119,4,4
58906,94,88,6,6
58907,183,187,-4,4
58908,74,74,0,0
58909,59,65,-6,6
58910,173,157,16,16
58911,122,120,2,2
58912,75,81,-6,6
58913,77,86,-9,9
58914,63,70,-7,7
58915,90,103,-13,13
58916,56,69,-13,13
58917,82,87,-5,5
58918,86,110,-24,24
58919,149,149,0,0
58920,108,105,3,3
58921,73,80,-7,7
58922,67,74,-7,7
58923,93,99,-6,6
58924,55,65,-10,10
58925,108,118,-10,10
58926,118,121,-3,3
58927,30,45,-15,15
58928,70,64,6,6
58929,94,101,-7,7
58930,84,83,1,1
58931,77,79,-2,2
58932,64,68,-4,4
58933,103,106,-3,3
58934,93,122,-29,29
58935,91,91,0,0
58936,65,75,-10,10
58937,108,105,3,3
58938,117,111,6,6
58939,45,55,-10,10
58940,113,120,-7,7
58941,70,75,-5,5
58942,75,101,-26,26
58943,79,84,-5,5
58944,59,64,-5,5
58945,59,67,-8,8
58946,42,61,-19,19
58947,96,91,5,5
58948,109,109,0,0
58949,95,107,-12,12
58950,126,131,-5,5
58951,89,99,-10,10
58952,99,105,-6,6
58953,145,147,-2,2
58954,108,107,1,1
58955,84,90,-6,6
58956,82,92,-10,10
58957,171,163,8,8
58958,103,99,4,4
58959,118,117,1,1
58960,180,161,19,19
58961,61,69,-8,8
58962,163,147,16,16
58963,135,152,-17,17
58964,152,142,10,10
58965,109,98,11,11
58966,61,75,-14,14
58967,108,116,-8,8
58968,181,190,-9,9
58969,104,115,-11,11
58970,105,105,0,0
58971,68,77,-9,9
58972,116,146,-30,30
58973,144,140,4,4
58974,85,87,-2,2
58975,141,149,-8,8
58976,152,158,-6,6
58977,114,119,-5,5
58978,143,138,5,5
58979,155,153,2,2
58980,191,178,13,13
58981,102,101,1,1
58982,77,79,-2,2
58983,97,106,-9,9
58984,85,99,-14,14
58985,82,83,-1,1
58986,83,81,2,2
58987,64,71,-7,7
58988,135,137,-2,2
58989,86,85,1,1
58990,59,65,-6,6
58991,71,67,4,4
58992,65,64,1,1
58993,134,129,5,5
58994,85,92,-7,7
58995,159,156,3,3
58996,145,151,-6,6
58997,66,77,-11,11
58998,71,80,-9,9
58999,154,139,15,15
59000,159,164,-5,5
59001,50,62,-12,12
59002,95,106,-11,11
59003,81,85,-4,4
59004,128,117,11,11
59005,79,85,-6,6
59006,93,105,-12,12
59007,156,156,0,0
59008,107,95,12,12
59009,48,59,-11,11
59010,49,59,-10,10
59011,52,119,-67,67
59012,43,57,-14,14
59013,166,158,8,8
59014,59,69,-10,10
59015,97,95,2,2
59016,143,154,-11,11
59017,107,118,-11,11
59018,122,122,0,0
59019,77,79,-2,2
59020,77,88,-11,11
59021,52,62,-10,10
59022,70,76,-6,6
59023,93,96,-3,3
59024,93,111,-18,18
59025,110,118,-8,8
59026,53,65,-12,12
59027,67,72,-5,5
59028,185,177,8,8
59029,90,83,7,7
59030,107,108,-1,1
59031,148,157,-9,9
59032,119,123,-4,4
59033,95,111,-16,16
59034,112,102,10,10
59035,171,180,-9,9
59036,110,97,13,13
59037,76,88,-12,12
59038,99,104,-5,5
59039,94,104,-10,10
59040,107,117,-10,10
59041,73,79,-6,6
59042,133,121,12,12
59043,70,85,-15,15
59044,80,75,5,5
59045,149,146,3,3
59046,78,68,10,10
59047,95,100,-5,5
59048,79,92,-13,13
59049,42,62,-20,20
59050,73,77,-4,4
59051,346,268,78,78
59052,70,60,10,10
59053,75,82,-7,7
59054,144,148,-4,4
59055,63,69,-6,6
59056,80,85,-5,5
59057,124,118,6,6
59058,69,72,-3,3
59059,99,102,-3,3
59060,140,123,17,17
59061,117,115,2,2
59062,58,72,-14,14
59063,84,91,-7,7
59064,47,57,-10,10
59065,86,87,-1,1
59066,52,64,-12,12
59067,77,85,-8,8
59068,69,75,-6,6
59069,107,105,2,2
59070,118,106,12,12
59071,81,97,-16,16
59072,109,106,3,3
59073,97,108,-11,11
59074,85,89,-4,4
59075,81,82,-1,1
59076,65,69,-4,4
59077,101,118,-17,17
59078,90,103,-13,13
59079,68,83,-15,15
59080,59,62,-3,3
59081,97,103,-6,6
59082,104,105,-1,1
59083,52,58,-6,6
59084,58,67,-9,9
59085,64,76,-12,12
59086,92,97,-5,5
59087,179,164,15,15
59088,112,109,3,3
59089,100,114,-14,14
59090,60,66,-6,6
59091,102,107,-5,5
59092,111,112,-1,1
59093,100,98,2,2
59094,80,80,0,0
59095,89,90,-1,1
59096,124,134,-10,10
59097,70,79,-9,9
59098,85,99,-14,14
59099,79,90,-11,11
59100,74,79,-5,5
59101,66,79,-13,13
59102,75,85,-10,10
59103,83,87,-4,4
59104,65,76,-11,11
59105,119,121,-2,2
59106,102,98,4,4
59107,81,89,-8,8
59108,77,83,-6,6
59109,81,84,-3,3
59110,94,103,-9,9
59111,103,111,-8,8
59112,104,106,-2,2
59113,118,108,10,10
59114,90,92,-2,2
59115,71,79,-8,8
59116,114,112,2,2
59117,120,104,16,16
59118,85,86,-1,1
59119,79,88,-9,9
59120,49,58,-9,9
59121,74,77,-3,3
59122,99,102,-3,3
59123,106,124,-18,18
59124,89,95,-6,6
59125,21,49,-28,28
59126,114,117,-3,3
59127,90,103,-13,13
59128,129,125,4,4
59129,64,68,-4,4
59130,44,54,-10,10
59131,150,139,11,11
59132,136,139,-3,3
59133,119,126,-7,7
59134,68,83,-15,15
59135,87,100,-13,13
59136,66,79,-13,13
59137,103,108,-5,5
59138,117,120,-3,3
59139,111,99,12,12
59140,112,94,18,18
59141,101,99,2,2
59142,143,147,-4,4
59143,81,89,-8,8
59144,180,159,21,21
59145,61,69,-8,8
59146,131,128,3,3
59147,70,80,-10,10
59148,107,114,-7,7
59149,135,124,11,11
59150,92,93,-1,1
59151,81,84,-3,3
59152,108,111,-3,3
59153,90,93,-3,3
59154,86,83,3,3
59155,127,118,9,9
59156,47,58,-11,11
59157,130,131,-1,1
59158,84,97,-13,13
59159,79,83,-4,4
59160,91,96,-5,5
59161,120,111,9,9
59162,80,85,-5,5
59163,59,72,-13,13
59164,81,96,-15,15
59165,143,146,-3,3
59166,117,106,11,11
59167,143,143,0,0
59168,154,135,19,19
59169,57,68,-11,11
59170,69,76,-7,7
59171,44,57,-13,13
59172,84,96,-12,12
59173,96,94,2,2
59174,80,82,-2,2
59175,61,85,-24,24
59176,64,82,-18,18
59177,67,75,-8,8
59178,108,108,0,0
59179,87,92,-5,5
59180,87,90,-3,3
59181,112,102,10,10
59182,147,145,2,2
59183,143,143,0,0
59184,124,131,-7,7
59185,160,150,10,10
59186,109,114,-5,5
59187,71,74,-3,3
59188,138,135,3,3
59189,76,80,-4,4
59190,96,94,2,2
59191,94,94,0,0
59192,44,55,-11,11
59193,83,93,-10,10
59194,49,61,-12,12
59195,75,88,-13,13
59196,104,114,-10,10
59197,75,81,-6,6
59198,93,97,-4,4
59199,96,108,-12,12
59200,81,95,-14,14
59201,80,85,-5,5
59202,97,86,11,11
59203,65,77,-12,12
59204,46,60,-14,14
59205,79,86,-7,7
59206,88,95,-7,7
59207,62,79,-17,17
59208,84,81,3,3
59209,70,79,-9,9
59210,129,138,-9,9
59211,104,85,19,19
59212,116,122,-6,6
59213,126,125,1,1
59214,95,104,-9,9
59215,66,71,-5,5
59216,81,84,-3,3
59217,133,121,12,12
59218,95,101,-6,6
59219,151,140,11,11
59220,88,95,-7,7
59221,110,115,-5,5
59222,69,70,-1,1
59223,106,103,3,3
59224,64,76,-12,12
59225,126,118,8,8
59226,41,57,-16,16
59227,97,99,-2,2
59228,46,79,-33,33
59229,52,72,-20,20
59230,66,65,1,1
59231,81,85,-4,4
59232,81,89,-8,8
59233,85,88,-3,3
59234,35,48,-13,13
59235,118,113,5,5
59236,94,102,-8,8
59237,92,90,2,2
59238,55,68,-13,13
59239,99,97,2,2
59240,68,78,-10,10
59241,56,66,-10,10
59242,97,109,-12,12
59243,110,119,-9,9
59244,152,144,8,8
59245,40,55,-15,15
59246,52,66,-14,14
59247,169,175,-6,6
59248,160,147,13,13
59249,78,81,-3,3
59250,77,94,-17,17
59251,40,51,-11,11
59252,93,119,-26,26
59253,115,113,2,2
59254,108,119,-11,11
59255,69,78,-9,9
59256,126,154,-28,28
59257,133,146,-13,13
59258,116,116,0,0
59259,76,96,-20,20
59260,42,56,-14,14
59261,74,87,-13,13
59262,145,140,5,5
59263,72,72,0,0
59264,103,117,-14,14
59265,67,75,-8,8
59266,139,129,10,10
59267,93,94,-1,1
59268,112,110,2,2
59269,176,165,11,11
59270,70,74,-4,4
59271,158,132,26,26
59272,71,77,-6,6
59273,47,51,-4,4
59274,93,89,4,4
59275,57,73,-16,16
59276,75,74,1,1
59277,62,78,-16,16
59278,104,124,-20,20
59279,143,144,-1,1
59280,83,82,1,1
59281,75,77,-2,2
59282,92,95,-3,3
59283,60,78,-18,18
59284,117,119,-2,2
59285,64,73,-9,9
59286,61,68,-7,7
59287,87,83,4,4
59288,175,177,-2,2
59289,58,65,-7,7
59290,77,73,4,4
59291,96,85,11,11
59292,120,127,-7,7
59293,176,166,10,10
59294,132,134,-2,2
59295,67,74,-7,7
59296,73,80,-7,7
59297,120,144,-24,24
59298,71,81,-10,10
59299,63,68,-5,5
59300,74,74,0,0
59301,35,61,-26,26
59302,129,123,6,6
59303,132,141,-9,9
59304,75,83,-8,8
59305,122,120,2,2
59306,89,91,-2,2
59307,90,87,3,3
59308,71,82,-11,11
59309,92,89,3,3
59310,184,168,16,16
59311,59,92,-33,33
59312,90,95,-5,5
59313,100,112,-12,12
59314,83,91,-8,8
59315,83,91,-8,8
59316,78,85,-7,7
59317,106,107,-1,1
59318,107,115,-8,8
59319,45,57,-12,12
59320,82,91,-9,9
59321,85,98,-13,13
59322,109,95,14,14
59323,70,79,-9,9
59324,70,80,-10,10
59325,109,114,-5,5
59326,62,67,-5,5
59327,63,76,-13,13
59328,67,80,-13,13
59329,38,49,-11,11
59330,45,53,-8,8
59331,111,107,4,4
59332,99,115,-16,16
59333,52,66,-14,14
59334,93,97,-4,4
59335,103,121,-18,18
59336,86,93,-7,7
59337,69,76,-7,7
59338,52,86,-34,34
59339,215,176,39,39
59340,90,93,-3,3
59341,54,62,-8,8
59342,110,109,1,1
59343,97,92,5,5
59344,150,115,35,35
59345,142,133,9,9
59346,57,77,-20,20
59347,116,115,1,1
59348,177,162,15,15
59349,109,110,-1,1
59350,78,85,-7,7
59351,79,87,-8,8
59352,51,61,-10,10
59353,80,87,-7,7
59354,99,113,-14,14
59355,49,57,-8,8
59356,153,156,-3,3
59357,174,174,0,0
59358,100,102,-2,2
59359,147,138,9,9
59360,75,101,-26,26
59361,138,130,8,8
59362,78,80,-2,2
59363,77,86,-9,9
59364,93,88,5,5
59365,148,142,6,6
59366,176,159,17,17
59367,74,80,-6,6
59368,178,185,-7,7
59369,107,119,-12,12
59370,103,101,2,2
59371,125,126,-1,1
59372,119,114,5,5
59373,98,105,-7,7
59374,69,69,0,0
59375,72,75,-3,3
59376,81,103,-22,22
59377,54,66,-12,12
59378,110,117,-7,7
59379,84,89,-5,5
59380,148,148,0,0
59381,61,63,-2,2
59382,94,108,-14,14
59383,79,98,-19,19
59384,77,82,-5,5
59385,83,89,-6,6
59386,102,97,5,5
59387,99,102,-3,3
59388,104,103,1,1
59389,128,139,-11,11
59390,73,83,-10,10
59391,85,89,-4,4
59392,123,139,-16,16
59393,87,94,-7,7
59394,135,119,16,16
59395,71,74,-3,3
59396,81,101,-20,20
59397,64,68,-4,4
59398,71,76,-5,5
59399,105,106,-1,1
59400,59,62,-3,3
59401,140,137,3,3
59402,161,154,7,7
59403,100,94,6,6
59404,89,94,-5,5
59405,64,77,-13,13
59406,154,150,4,4
59407,167,133,34,34
59408,178,166,12,12
59409,88,83,5,5
59410,79,104,-25,25
59411,72,86,-14,14
59412,85,88,-3,3
59413,92,97,-5,5
59414,71,87,-16,16
59415,60,69,-9,9
59416,66,67,-1,1
59417,95,89,6,6
59418,82,86,-4,4
59419,82,95,-13,13
59420,91,88,3,3
59421,121,113,8,8
59422,78,83,-5,5
59423,148,141,7,7
59424,95,99,-4,4
59425,138,150,-12,12
59426,61,74,-13,13
59427,66,74,-8,8
59428,83,87,-4,4
59429,61,74,-13,13
59430,60,64,-4,4
59431,56,63,-7,7
59432,127,126,1,1
59433,62,67,-5,5
59434,133,135,-2,2
59435,79,79,0,0
59436,123,110,13,13
59437,53,61,-8,8
59438,79,84,-5,5
59439,126,117,9,9
59440,117,136,-19,19
59441,136,136,0,0
59442,81,112,-31,31
59443,105,131,-26,26
59444,118,126,-8,8
59445,66,74,-8,8
59446,59,65,-6,6
59447,129,135,-6,6
59448,93,105,-12,12
59449,87,94,-7,7
59450,45,57,-12,12
59451,64,71,-7,7
59452,121,127,-6,6
59453,168,152,16,16
59454,81,81,0,0
59455,99,100,-1,1
59456,117,108,9,9
59457,95,90,5,5
59458,66,79,-13,13
59459,122,116,6,6
59460,112,124,-12,12
59461,71,85,-14,14
59462,172,176,-4,4
59463,108,101,7,7
59464,85,89,-4,4
59465,130,126,4,4
59466,64,70,-6,6
59467,74,86,-12,12
59468,63,72,-9,9
59469,145,144,1,1
59470,95,100,-5,5
59471,138,151,-13,13
59472,105,106,-1,1
59473,51,64,-13,13
59474,109,122,-13,13
59475,91,112,-21,21
59476,70,75,-5,5
59477,129,129,0,0
59478,106,94,12,12
59479,82,82,0,0
59480,54,63,-9,9
59481,151,163,-12,12
59482,120,116,4,4
59483,151,148,3,3
59484,96,109,-13,13
59485,62,73,-11,11
59486,165,156,9,9
59487,138,130,8,8
59488,128,133,-5,5
59489,80,77,3,3
59490,94,101,-7,7
59491,86,97,-11,11
59492,130,133,-3,3
59493,154,143,11,11
59494,81,86,-5,5
59495,152,148,4,4
59496,52,74,-22,22
59497,65,72,-7,7
59498,109,99,10,10
59499,72,76,-4,4
59500,103,102,1,1
59501,112,105,7,7
59502,65,79,-14,14
59503,77,92,-15,15
59504,189,196,-7,7
59505,178,170,8,8
59506,48,60,-12,12
59507,145,144,1,1
59508,47,71,-24,24
59509,146,143,3,3
59510,118,122,-4,4
59511,78,87,-9,9
59512,93,106,-13,13
59513,72,78,-6,6
59514,86,94,-8,8
59515,118,117,1,1
59516,87,93,-6,6
59517,42,54,-12,12
59518,87,101,-14,14
59519,87,95,-8,8
59520,159,155,4,4
59521,96,102,-6,6
59522,50,61,-11,11
59523,76,96,-20,20
59524,111,118,-7,7
59525,140,137,3,3
59526,133,124,9,9
59527,89,104,-15,15
59528,94,107,-13,13
59529,60,62,-2,2
59530,67,75,-8,8
59531,166,147,19,19
59532,74,82,-8,8
59533,88,95,-7,7
59534,113,113,0,0
59535,114,116,-2,2
59536,98,95,3,3
59537,52,67,-15,15
59538,109,111,-2,2
59539,51,62,-11,11
59540,92,94,-2,2
59541,79,86,-7,7
59542,65,76,-11,11
59543,80,88,-8,8
59544,130,124,6,6
59545,90,104,-14,14
59546,108,97,11,11
59547,84,97,-13,13
59548,160,160,0,0
59549,53,63,-10,10
59550,62,74,-12,12
59551,65,82,-17,17
59552,65,74,-9,9
59553,61,67,-6,6
59554,35,48,-13,13
59555,113,111,2,2
59556,69,82,-13,13
59557,56,64,-8,8
59558,103,119,-16,16
59559,76,79,-3,3
59560,106,120,-14,14
59561,157,153,4,4
59562,150,148,2,2
59563,79,84,-5,5
59564,94,99,-5,5
59565,59,71,-12,12
59566,135,157,-22,22
59567,91,101,-10,10
59568,129,132,-3,3
59569,80,89,-9,9
59570,58,63,-5,5
59571,96,87,9,9
59572,160,163,-3,3
59573,80,83,-3,3
59574,55,66,-11,11
59575,101,103,-2,2
59576,85,87,-2,2
59577,68,76,-8,8
59578,95,116,-21,21
59579,110,111,-1,1
59580,75,80,-5,5
59581,73,82,-9,9
59582,90,95,-5,5
59583,78,87,-9,9
59584,148,144,4,4
59585,94,97,-3,3
59586,64,72,-8,8
59587,186,171,15,15
59588,40,55,-15,15
59589,74,80,-6,6
59590,140,134,6,6
59591,103,106,-3,3
59592,179,152,27,27
59593,209,173,36,36
59594,114,121,-7,7
59595,44,64,-20,20
59596,84,85,-1,1
59597,55,64,-9,9
59598,150,145,5,5
59599,64,73,-9,9
59600,61,73,-12,12
59601,89,94,-5,5
59602,129,120,9,9
59603,61,68,-7,7
59604,125,112,13,13
59605,129,127,2,2
59606,94,99,-5,5
59607,86,85,1,1
59608,124,130,-6,6
59609,45,61,-16,16
59610,131,121,10,10
59611,89,93,-4,4
59612,140,149,-9,9
59613,85,93,-8,8
59614,178,166,12,12
59615,120,121,-1,1
59616,135,127,8,8
59617,72,73,-1,1
59618,45,59,-14,14
59619,63,71,-8,8
59620,62,76,-14,14
59621,87,92,-5,5
59622,165,169,-4,4
59623,107,131,-24,24
59624,69,87,-18,18
59625,94,99,-5,5
59626,58,66,-8,8
59627,105,106,-1,1
59628,115,118,-3,3
59629,92,92,0,0
59630,80,84,-4,4
59631,154,159,-5,5
59632,61,61,0,0
59633,115,119,-4,4
59634,52,59,-7,7
59635,69,76,-7,7
59636,58,71,-13,13
59637,92,103,-11,11
59638,56,66,-10,10
59639,94,115,-21,21
59640,70,82,-12,12
59641,126,108,18,18
59642,77,86,-9,9
59643,77,79,-2,2
59644,160,161,-1,1
59645,69,77,-8,8
59646,73,81,-8,8
59647,72,79,-7,7
59648,72,77,-5,5
59649,124,114,10,10
59650,78,81,-3,3
59651,81,86,-5,5
59652,156,152,4,4
59653,67,69,-2,2
59654,118,120,-2,2
59655,79,77,2,2
59656,81,82,-1,1
59657,87,84,3,3
59658,57,79,-22,22
59659,70,174,-104,104
59660,147,115,32,32
59661,141,137,4,4
59662,42,68,-26,26
59663,89,98,-9,9
59664,94,98,-4,4
59665,103,107,-4,4
59666,100,106,-6,6
59667,56,69,-13,13
59668,85,106,-21,21
59669,77,81,-4,4
59670,89,93,-4,4
59671,125,144,-19,19
59672,41,54,-13,13
59673,135,123,12,12
59674,70,84,-14,14
59675,51,57,-6,6
59676,86,100,-14,14
59677,100,105,-5,5
59678,103,109,-6,6
59679,62,70,-8,8
59680,153,140,13,13
59681,173,168,5,5
59682,137,145,-8,8
59683,107,99,8,8
59684,161,150,11,11
59685,139,143,-4,4
59686,62,65,-3,3
59687,71,71,0,0
59688,104,130,-26,26
59689,115,113,2,2
59690,144,143,1,1
59691,76,86,-10,10
59692,168,162,6,6
59693,76,78,-2,2
59694,78,87,-9,9
59695,94,124,-30,30
59696,92,96,-4,4
59697,96,95,1,1
59698,131,124,7,7
59699,93,102,-9,9
59700,93,91,2,2
59701,60,73,-13,13
59702,78,75,3,3
59703,72,86,-14,14
59704,141,111,30,30
59705,116,113,3,3
59706,83,97,-14,14
59707,78,90,-12,12
59708,79,83,-4,4
59709,113,121,-8,8
59710,46,58,-12,12
59711,93,103,-10,10
59712,99,93,6,6
59713,103,118,-15,15
59714,98,95,3,3
59715,113,113,0,0
59716,121,142,-21,21
59717,58,69,-11,11
59718,92,94,-2,2
59719,89,100,-11,11
59720,99,106,-7,7
59721,89,95,-6,6
59722,79,89,-10,10
59723,138,133,5,5
59724,79,85,-6,6
59725,73,84,-11,11
59726,88,89,-1,1
59727,73,91,-18,18
59728,95,101,-6,6
59729,104,113,-9,9
59730,77,76,1,1
59731,54,66,-12,12
59732,128,130,-2,2
59733,88,97,-9,9
59734,89,93,-4,4
59735,100,108,-8,8
59736,132,134,-2,2
59737,73,86,-13,13
59738,69,78,-9,9
59739,88,85,3,3
59740,127,129,-2,2
59741,135,139,-4,4
59742,71,75,-4,4
59743,133,131,2,2
59744,98,102,-4,4
59745,96,89,7,7
59746,121,118,3,3
59747,110,104,6,6
59748,63,75,-12,12
59749,149,144,5,5
59750,75,95,-20,20
59751,61,79,-18,18
59752,203,180,23,23
59753,106,112,-6,6
59754,90,92,-2,2
59755,111,100,11,11
59756,98,94,4,4
59757,70,92,-22,22
59758,77,77,0,0
59759,65,76,-11,11
59760,110,114,-4,4
59761,82,96,-14,14
59762,135,135,0,0
59763,133,133,0,0
59764,93,94,-1,1
59765,96,109,-13,13
59766,83,89,-6,6
59767,83,90,-7,7
59768,114,109,5,5
59769,169,175,-6,6
59770,83,81,2,2
59771,87,93,-6,6
59772,80,99,-19,19
59773,64,74,-10,10
59774,185,174,11,11
59775,110,104,6,6
59776,109,106,3,3
59777,52,62,-10,10
59778,103,105,-2,2
59779,34,54,-20,20
59780,69,121,-52,52
59781,154,149,5,5
59782,149,145,4,4
59783,81,81,0,0
59784,81,86,-5,5
59785,68,75,-7,7
59786,93,90,3,3
59787,57,62,-5,5
59788,129,130,-1,1
59789,98,105,-7,7
59790,117,130,-13,13
59791,76,89,-13,13
59792,36,40,-4,4
59793,130,128,2,2
59794,81,86,-5,5
59795,72,89,-17,17
59796,76,84,-8,8
59797,63,73,-10,10
59798,97,99,-2,2
59799,61,74,-13,13
59800,85,90,-5,5
59801,110,139,-29,29
59802,85,86,-1,1
59803,77,91,-14,14
59804,127,122,5,5
59805,49,59,-10,10
59806,85,92,-7,7
59807,83,99,-16,16
59808,132,145,-13,13
59809,136,141,-5,5
59810,73,78,-5,5
59811,71,81,-10,10
59812,79,81,-2,2
59813,88,98,-10,10
59814,70,130,-60,60
59815,75,74,1,1
59816,46,53,-7,7
59817,101,98,3,3
59818,128,142,-14,14
59819,92,90,2,2
59820,149,131,18,18
59821,122,96,26,26
59822,79,105,-26,26
59823,48,75,-27,27
59824,101,107,-6,6
59825,94,94,0,0
59826,125,130,-5,5
59827,91,108,-17,17
59828,78,85,-7,7
59829,121,121,0,0
59830,166,148,18,18
59831,96,101,-5,5
59832,124,145,-21,21
59833,159,152,7,7
59834,66,76,-10,10
59835,82,85,-3,3
59836,75,82,-7,7
59837,59,64,-5,5
59838,85,91,-6,6
59839,99,94,5,5
59840,148,140,8,8
59841,109,103,6,6
59842,81,87,-6,6
59843,99,95,4,4
59844,47,61,-14,14
59845,78,86,-8,8
59846,85,91,-6,6
59847,76,90,-14,14
59848,54,56,-2,2
59849,106,115,-9,9
59850,83,84,-1,1
59851,66,75,-9,9
59852,47,63,-16,16
59853,60,73,-13,13
59854,109,115,-6,6
59855,122,123,-1,1
59856,92,95,-3,3
59857,102,98,4,4
59858,130,142,-12,12
59859,104,104,0,0
59860,106,98,8,8
59861,74,82,-8,8
59862,149,149,0,0
59863,46,67,-21,21
59864,55,63,-8,8
59865,81,88,-7,7
59866,86,95,-9,9
59867,159,149,10,10
59868,49,58,-9,9
59869,76,86,-10,10
59870,109,114,-5,5
59871,88,82,6,6
59872,66,78,-12,12
59873,95,100,-5,5
59874,123,121,2,2
59875,49,60,-11,11
59876,60,65,-5,5
59877,140,140,0,0
59878,72,73,-1,1
59879,103,116,-13,13
59880,88,100,-12,12
59881,94,97,-3,3
59882,97,99,-2,2
59883,112,114,-2,2
59884,37,58,-21,21
59885,70,79,-9,9
59886,217,215,2,2
59887,159,144,15,15
59888,86,91,-5,5
59889,116,122,-6,6
59890,76,78,-2,2
59891,159,150,9,9
59892,102,104,-2,2
59893,72,80,-8,8
59894,102,108,-6,6
59895,94,89,5,5
59896,56,64,-8,8
59897,136,142,-6,6
59898,78,81,-3,3
59899,75,85,-10,10
59900,138,135,3,3
59901,79,81,-2,2
59902,89,99,-10,10
59903,63,76,-13,13
59904,59,62,-3,3
59905,127,134,-7,7
59906,100,96,4,4
59907,60,67,-7,7
59908,100,104,-4,4
59909,108,101,7,7
59910,152,144,8,8
59911,118,120,-2,2
59912,81,88,-7,7
59913,49,56,-7,7
59914,90,93,-3,3
59915,97,98,-1,1
59916,90,93,-3,3
59917,138,134,4,4
59918,116,135,-19,19
59919,86,93,-7,7
59920,106,100,6,6
59921,155,145,10,10
59922,100,102,-2,2
59923,66,77,-11,11
59924,84,88,-4,4
59925,103,107,-4,4
59926,56,70,-14,14
59927,100,99,1,1
59928,93,93,0,0
59929,135,141,-6,6
59930,32,46,-14,14
59931,93,110,-17,17
59932,107,131,-24,24
59933,62,74,-12,12
59934,59,68,-9,9
59935,91,95,-4,4
59936,75,84,-9,9
59937,73,81,-8,8
59938,96,108,-12,12
59939,115,120,-5,5
59940,63,75,-12,12
59941,85,110,-25,25
59942,72,87,-15,15
59943,158,171,-13,13
59944,91,88,3,3
59945,69,85,-16,16
59946,89,119,-30,30
59947,74,81,-7,7
59948,104,237,-133,133
59949,49,63,-14,14
59950,99,99,0,0
59951,127,127,0,0
59952,73,86,-13,13
59953,49,63,-14,14
59954,87,94,-7,7
59955,157,149,8,8
59956,80,93,-13,13
59957,144,127,17,17
59958,83,98,-15,15
59959,131,131,0,0
59960,95,107,-12,12
59961,141,142,-1,1
59962,89,106,-17,17
59963,59,61,-2,2
59964,86,91,-5,5
59965,118,120,-2,2
59966,78,89,-11,11
59967,148,147,1,1
59968,59,60,-1,1
59969,104,112,-8,8
59970,85,89,-4,4
59971,103,113,-10,10
59972,236,206,30,30
59973,66,83,-17,17
59974,50,72,-22,22
59975,77,78,-1,1
59976,114,102,12,12
59977,85,89,-4,4
59978,88,91,-3,3
59979,74,78,-4,4
59980,71,79,-8,8
59981,155,151,4,4
59982,62,76,-14,14
59983,100,98,2,2
59984,82,96,-14,14
59985,113,112,1,1
59986,104,119,-15,15
59987,104,106,-2,2
59988,105,128,-23,23
59989,153,150,3,3
59990,76,78,-2,2
59991,85,82,3,3
59992,119,130,-11,11
59993,106,102,4,4
59994,73,85,-12,12
59995,137,129,8,8
59996,79,80,-1,1
59997,186,188,-2,2
59998,63,73,-10,10
59999,93,92,1,1
60000,126,136,-10,10
60001,70,74,-4,4
60002,128,120,8,8
60003,61,69,-8,8
60004,83,80,3,3
60005,108,105,3,3
60006,87,99,-12,12
60007,97,107,-10,10
60008,62,72,-10,10
60009,129,134,-5,5
60010,124,122,2,2
60011,63,75,-12,12
60012,138,133,5,5
60013,53,60,-7,7
60014,76,78,-2,2
60015,138,146,-8,8
60016,123,137,-14,14
60017,57,62,-5,5
60018,83,84,-1,1
60019,96,107,-11,11
60020,119,134,-15,15
60021,72,75,-3,3
60022,78,81,-3,3
60023,106,99,7,7
60024,83,83,0,0
60025,71,71,0,0
60026,205,180,25,25
60027,59,72,-13,13
60028,57,61,-4,4
60029,90,91,-1,1
60030,34,71,-37,37
60031,215,182,33,33
60032,85,94,-9,9
60033,158,157,1,1
60034,136,129,7,7
60035,55,58,-3,3
60036,119,119,0,0
60037,109,146,-37,37
60038,57,65,-8,8
60039,92,90,2,2
60040,99,97,2,2
60041,95,97,-2,2
60042,74,72,2,2
60043,84,89,-5,5
60044,107,108,-1,1
60045,78,79,-1,1
60046,64,74,-10,10
60047,66,82,-16,16
60048,88,92,-4,4
60049,135,123,12,12
60050,139,135,4,4
60051,126,150,-24,24
60052,82,90,-8,8
60053,70,72,-2,2
60054,81,92,-11,11
60055,60,70,-10,10
60056,56,64,-8,8
60057,131,130,1,1
60058,59,69,-10,10
60059,83,83,0,0
60060,145,144,1,1
60061,86,91,-5,5
60062,102,107,-5,5
60063,77,84,-7,7
60064,136,125,11,11
60065,68,73,-5,5
60066,81,82,-1,1
60067,82,82,0,0
60068,85,89,-4,4
60069,121,124,-3,3
60070,69,73,-4,4
60071,56,66,-10,10
60072,170,160,10,10
60073,123,129,-6,6
60074,71,77,-6,6
60075,77,83,-6,6
60076,140,137,3,3
60077,141,134,7,7
60078,98,100,-2,2
60079,93,91,2,2
60080,69,87,-18,18
60081,104,108,-4,4
60082,53,73,-20,20
60083,75,85,-10,10
60084,120,121,-1,1
60085,86,98,-12,12
60086,98,99,-1,1
60087,84,91,-7,7
60088,88,99,-11,11
60089,113,117,-4,4
60090,74,80,-6,6
60091,91,90,1,1
60092,149,133,16,16
60093,82,84,-2,2
60094,84,88,-4,4
60095,195,190,5,5
60096,117,127,-10,10
60097,120,126,-6,6
60098,180,166,14,14
60099,80,97,-17,17
60100,122,121,1,1
60101,135,134,1,1
60102,159,161,-2,2
60103,107,114,-7,7
60104,76,85,-9,9
60105,85,91,-6,6
60106,87,88,-1,1
60107,88,87,1,1
60108,41,54,-13,13
60109,78,80,-2,2
60110,61,67,-6,6
60111,87,90,-3,3
60112,129,121,8,8
60113,84,89,-5,5
60114,142,132,10,10
60115,126,134,-8,8
60116,89,92,-3,3
60117,74,74,0,0
60118,51,61,-10,10
60119,141,130,11,11
60120,83,83,0,0
60121,120,159,-39,39
60122,144,146,-2,2
60123,67,80,-13,13
60124,82,91,-9,9
60125,67,79,-12,12
60126,85,90,-5,5
60127,62,59,3,3
60128,106,112,-6,6
60129,59,66,-7,7
60130,73,75,-2,2
60131,145,145,0,0
60132,65,71,-6,6
60133,72,74,-2,2
60134,118,114,4,4
60135,105,122,-17,17
60136,71,77,-6,6
60137,96,102,-6,6
60138,111,107,4,4
60139,73,96,-23,23
60140,88,88,0,0
60141,210,204,6,6
60142,104,102,2,2
60143,76,77,-1,1
60144,43,56,-13,13
60145,110,107,3,3
60146,93,87,6,6
60147,114,114,0,0
60148,190,190,0,0
60149,87,89,-2,2
60150,85,82,3,3
60151,95,99,-4,4
60152,97,119,-22,22
60153,58,66,-8,8
60154,126,138,-12,12
60155,145,133,12,12
60156,61,73,-12,12
60157,113,101,12,12
60158,42,59,-17,17
60159,108,105,3,3
60160,93,88,5,5
60161,157,157,0,0
60162,75,81,-6,6
60163,59,72,-13,13
60164,101,95,6,6
60165,83,84,-1,1
60166,95,96,-1,1
60167,100,103,-3,3
60168,69,77,-8,8
60169,108,117,-9,9
60170,79,77,2,2
60171,105,104,1,1
60172,98,118,-20,20
60173,123,131,-8,8
60174,103,107,-4,4
60175,158,153,5,5
60176,98,101,-3,3
60177,128,127,1,1
60178,54,60,-6,6
60179,54,75,-21,21
60180,86,91,-5,5
60181,119,124,-5,5
60182,67,73,-6,6
60183,114,117,-3,3
60184,104,105,-1,1
60185,81,89,-8,8
60186,84,86,-2,2
60187,86,91,-5,5
60188,93,98,-5,5
60189,75,76,-1,1
60190,69,79,-10,10
60191,96,96,0,0
60192,117,125,-8,8
60193,164,155,9,9
60194,121,122,-1,1
60195,93,93,0,0
60196,91,91,0,0
60197,144,138,6,6
60198,101,105,-4,4
60199,135,120,15,15
60200,102,107,-5,5
60201,83,89,-6,6
60202,88,87,1,1
60203,101,112,-11,11
60204,102,107,-5,5
60205,102,114,-12,12
60206,105,103,2,2
60207,99,109,-10,10
60208,151,144,7,7
60209,67,80,-13,13
60210,164,142,22,22
60211,85,92,-7,7
60212,89,99,-10,10
60213,59,65,-6,6
60214,94,90,4,4
60215,123,120,3,3
60216,79,103,-24,24
60217,74,78,-4,4
60218,176,169,7,7
60219,59,77,-18,18
60220,100,107,-7,7
60221,123,128,-5,5
60222,104,110,-6,6
60223,145,153,-8,8
60224,97,105,-8,8
60225,175,167,8,8
60226,63,69,-6,6
60227,124,140,-16,16
60228,68,69,-1,1
60229,139,135,4,4
60230,78,78,0,0
60231,79,78,1,1
60232,48,66,-18,18
60233,141,140,1,1
60234,136,125,11,11
60235,123,134,-11,11
60236,85,92,-7,7
60237,128,121,7,7
60238,97,98,-1,1
60239,63,69,-6,6
60240,141,150,-9,9
60241,87,91,-4,4
60242,93,105,-12,12
60243,54,59,-5,5
60244,133,126,7,7
60245,50,62,-12,12
60246,71,77,-6,6
60247,75,81,-6,6
60248,165,166,-1,1
60249,64,71,-7,7
60250,95,91,4,4
60251,65,65,0,0
60252,106,105,1,1
60253,91,84,7,7
60254,70,82,-12,12
60255,124,125,-1,1
60256,48,62,-14,14
60257,74,83,-9,9
60258,64,68,-4,4
60259,104,106,-2,2
60260,82,88,-6,6
60261,82,88,-6,6
60262,147,149,-2,2
60263,123,111,12,12
60264,81,91,-10,10
60265,146,153,-7,7
60266,88,87,1,1
60267,78,88,-10,10
60268,118,126,-8,8
60269,160,156,4,4
60270,176,168,8,8
60271,133,122,11,11
60272,122,124,-2,2
60273,74,84,-10,10
60274,75,85,-10,10
60275,116,122,-6,6
60276,116,115,1,1
60277,126,123,3,3
60278,53,65,-12,12
60279,58,88,-30,30
60280,169,165,4,4
60281,100,117,-17,17
60282,56,69,-13,13
60283,63,78,-15,15
60284,58,64,-6,6
60285,56,74,-18,18
60286,131,139,-8,8
60287,74,73,1,1
60288,143,143,0,0
60289,127,135,-8,8
60290,98,102,-4,4
60291,60,62,-2,2
60292,65,84,-19,19
60293,76,75,1,1
60294,72,79,-7,7
60295,83,86,-3,3
60296,41,58,-17,17
60297,91,94,-3,3
60298,125,132,-7,7
60299,119,130,-11,11
60300,92,90,2,2
60301,100,117,-17,17
60302,125,124,1,1
60303,95,102,-7,7
60304,108,108,0,0
60305,118,117,1,1
60306,124,139,-15,15
60307,31,46,-15,15
60308,175,176,-1,1
60309,122,125,-3,3
60310,117,131,-14,14
60311,30,59,-29,29
60312,184,170,14,14
60313,93,94,-1,1
60314,98,99,-1,1
60315,82,85,-3,3
60316,91,93,-2,2
60317,67,82,-15,15
60318,103,87,16,16
60319,127,139,-12,12
60320,64,71,-7,7
60321,70,87,-17,17
60322,68,78,-10,10
60323,87,104,-17,17
60324,103,102,1,1
60325,91,98,-7,7
60326,77,79,-2,2
60327,70,70,0,0
60328,90,100,-10,10
60329,64,73,-9,9
60330,53,65,-12,12
60331,87,84,3,3
60332,112,104,8,8
60333,91,95,-4,4
60334,132,136,-4,4
60335,116,121,-5,5
60336,99,110,-11,11
60337,80,82,-2,2
60338,125,129,-4,4
60339,83,83,0,0
60340,123,131,-8,8
60341,126,124,2,2
60342,114,120,-6,6
60343,139,134,5,5
60344,135,145,-10,10
60345,61,64,-3,3
60346,70,83,-13,13
60347,112,111,1,1
60348,79,83,-4,4
60349,58,74,-16,16
60350,131,143,-12,12
60351,154,148,6,6
60352,85,92,-7,7
60353,116,109,7,7
60354,71,84,-13,13
60355,62,78,-16,16
60356,72,81,-9,9
60357,137,141,-4,4
60358,152,155,-3,3
60359,85,85,0,0
60360,63,69,-6,6
60361,67,65,2,2
60362,108,117,-9,9
60363,120,131,-11,11
60364,103,106,-3,3
60365,96,109,-13,13
60366,108,115,-7,7
60367,49,112,-63,63
60368,83,96,-13,13
60369,91,90,1,1
60370,112,113,-1,1
60371,148,142,6,6
60372,110,121,-11,11
60373,90,97,-7,7
60374,71,70,1,1
60375,95,113,-18,18
60376,78,77,1,1
60377,102,109,-7,7
60378,99,97,2,2
60379,71,78,-7,7
60380,103,107,-4,4
60381,75,84,-9,9
60382,128,128,0,0
60383,37,49,-12,12
60384,82,81,1,1
60385,82,96,-14,14
60386,105,110,-5,5
60387,96,97,-1,1
60388,57,59,-2,2
60389,135,138,-3,3
60390,87,95,-8,8
60391,75,87,-12,12
60392,75,91,-16,16
60393,127,122,5,5
60394,105,108,-3,3
60395,61,66,-5,5
60396,66,98,-32,32
60397,140,137,3,3
60398,129,133,-4,4
60399,150,139,11,11
60400,109,109,0,0
60401,115,127,-12,12
60402,118,118,0,0
60403,58,67,-9,9
60404,79,76,3,3
60405,28,43,-15,15
60406,173,155,18,18
60407,89,98,-9,9
60408,95,94,1,1
60409,71,83,-12,12
60410,87,93,-6,6
60411,77,78,-1,1
60412,106,111,-5,5
60413,88,94,-6,6
60414,74,83,-9,9
60415,66,88,-22,22
60416,64,84,-20,20
60417,115,124,-9,9
60418,59,65,-6,6
60419,142,132,10,10
60420,73,72,1,1
60421,138,134,4,4
60422,110,113,-3,3
60423,81,95,-14,14
60424,143,157,-14,14
60425,137,125,12,12
60426,177,167,10,10
60427,100,108,-8,8
60428,112,117,-5,5
60429,136,134,2,2
60430,48,55,-7,7
60431,112,141,-29,29
60432,115,120,-5,5
60433,134,137,-3,3
60434,97,109,-12,12
60435,86,89,-3,3
60436,115,114,1,1
60437,80,83,-3,3
60438,157,152,5,5
60439,59,64,-5,5
60440,118,121,-3,3
60441,64,80,-16,16
60442,123,125,-2,2
60443,70,84,-14,14
60444,60,71,-11,11
60445,76,87,-11,11
60446,161,157,4,4
60447,129,141,-12,12
60448,66,70,-4,4
60449,104,100,4,4
60450,86,92,-6,6
60451,53,64,-11,11
60452,76,80,-4,4
60453,202,181,21,21
60454,81,83,-2,2
60455,136,139,-3,3
60456,80,79,1,1
60457,54,65,-11,11
60458,71,74,-3,3
60459,37,54,-17,17
60460,92,92,0,0
60461,81,88,-7,7
60462,94,124,-30,30
60463,116,116,0,0
60464,89,97,-8,8
60465,123,121,2,2
60466,95,98,-3,3
60467,114,114,0,0
60468,134,142,-8,8
60469,153,153,0,0
60470,82,86,-4,4
60471,104,102,2,2
60472,101,109,-8,8
60473,73,72,1,1
60474,121,127,-6,6
60475,147,136,11,11
60476,70,85,-15,15
60477,126,127,-1,1
60478,284,248,36,36
60479,124,130,-6,6
60480,107,108,-1,1
60481,78,83,-5,5
60482,116,115,1,1
60483,139,136,3,3
60484,127,125,2,2
60485,61,72,-11,11
60486,56,66,-10,10
60487,105,105,0,0
60488,68,80,-12,12
60489,101,100,1,1
60490,64,70,-6,6
60491,70,79,-9,9
60492,129,130,-1,1
60493,86,88,-2,2
60494,71,75,-4,4
60495,57,141,-84,84
60496,63,84,-21,21
60497,100,96,4,4
60498,138,146,-8,8
60499,143,138,5,5
60500,123,125,-2,2
60501,114,124,-10,10
60502,69,75,-6,6
60503,71,79,-8,8
60504,65,63,2,2
60505,94,108,-14,14
60506,73,84,-11,11
60507,77,86,-9,9
60508,68,78,-10,10
60509,126,140,-14,14
60510,133,126,7,7
60511,111,126,-15,15
60512,80,86,-6,6
60513,74,85,-11,11
60514,91,90,1,1
60515,111,123,-12,12
60516,100,102,-2,2
60517,191,168,23,23
60518,124,116,8,8
60519,55,65,-10,10
60520,113,106,7,7
60521,34,46,-12,12
60522,108,107,1,1
60523,74,74,0,0
60524,163,147,16,16
60525,135,124,11,11
60526,86,108,-22,22
60527,122,122,0,0
60528,135,131,4,4
60529,68,91,-23,23
60530,75,81,-6,6
60531,127,139,-12,12
60532,65,76,-11,11
60533,83,92,-9,9
60534,103,99,4,4
60535,79,82,-3,3
60536,77,82,-5,5
60537,116,124,-8,8
60538,123,122,1,1
60539,70,73,-3,3
60540,66,79,-13,13
60541,102,113,-11,11
60542,108,130,-22,22
60543,64,64,0,0
60544,116,129,-13,13
60545,154,157,-3,3
60546,78,85,-7,7
60547,97,103,-6,6
60548,64,75,-11,11
60549,109,112,-3,3
60550,109,105,4,4
60551,110,121,-11,11
60552,124,121,3,3
60553,50,63,-13,13
60554,75,76,-1,1
60555,112,121,-9,9
60556,72,83,-11,11
60557,113,116,-3,3
60558,70,87,-17,17
60559,112,94,18,18
60560,71,76,-5,5
60561,117,122,-5,5
60562,88,92,-4,4
60563,88,85,3,3
60564,96,89,7,7
60565,114,120,-6,6
60566,46,64,-18,18
60567,82,93,-11,11
60568,77,81,-4,4
60569,68,86,-18,18
60570,79,92,-13,13
60571,78,85,-7,7
60572,48,58,-10,10
60573,55,65,-10,10
60574,110,114,-4,4
60575,106,107,-1,1
60576,88,87,1,1
60577,90,103,-13,13
60578,84,98,-14,14
60579,78,91,-13,13
60580,108,120,-12,12
60581,52,70,-18,18
60582,162,139,23,23
60583,46,54,-8,8
60584,100,113,-13,13
60585,95,96,-1,1
60586,138,140,-2,2
60587,53,64,-11,11
60588,100,96,4,4
60589,93,95,-2,2
60590,90,115,-25,25
60591,103,110,-7,7
60592,92,89,3,3
60593,52,60,-8,8
60594,104,106,-2,2
60595,49,60,-11,11
60596,82,84,-2,2
60597,104,102,2,2
60598,167,167,0,0
60599,58,71,-13,13
60600,79,87,-8,8
60601,75,74,1,1
60602,70,81,-11,11
60603,78,88,-10,10
60604,70,78,-8,8
60605,130,136,-6,6
60606,90,98,-8,8
60607,68,76,-8,8
60608,97,108,-11,11
60609,83,90,-7,7
60610,51,64,-13,13
60611,70,80,-10,10
60612,35,68,-33,33
60613,24,56,-32,32
60614,113,103,10,10
60615,133,126,7,7
60616,90,98,-8,8
60617,84,87,-3,3
60618,86,92,-6,6
60619,63,68,-5,5
60620,51,60,-9,9
60621,153,145,8,8
60622,113,116,-3,3
60623,47,57,-10,10
60624,111,108,3,3
60625,67,69,-2,2
60626,51,37,14,14
60627,57,73,-16,16
60628,67,67,0,0
60629,149,145,4,4
60630,71,76,-5,5
60631,100,116,-16,16
60632,94,103,-9,9
60633,61,67,-6,6
60634,100,96,4,4
60635,147,146,1,1
60636,92,95,-3,3
60637,79,89,-10,10
60638,95,101,-6,6
60639,155,161,-6,6
60640,88,89,-1,1
60641,149,181,-32,32
60642,128,130,-2,2
60643,73,64,9,9
60644,124,126,-2,2
60645,78,87,-9,9
60646,73,80,-7,7
60647,104,105,-1,1
60648,124,114,10,10
60649,65,75,-10,10
60650,98,103,-5,5
60651,100,99,1,1
60652,79,78,1,1
60653,216,185,31,31
60654,77,86,-9,9
60655,64,82,-18,18
60656,43,53,-10,10
60657,124,119,5,5
60658,87,90,-3,3
60659,98,99,-1,1
60660,91,91,0,0
60661,81,84,-3,3
60662,109,123,-14,14
60663,61,83,-22,22
60664,86,94,-8,8
60665,126,123,3,3
60666,85,86,-1,1
60667,94,120,-26,26
60668,68,76,-8,8
60669,77,80,-3,3
60670,72,78,-6,6
60671,107,114,-7,7
60672,83,88,-5,5
60673,116,120,-4,4
60674,59,66,-7,7
60675,53,60,-7,7
60676,137,137,0,0
60677,128,120,8,8
60678,97,100,-3,3
60679,97,102,-5,5
60680,75,79,-4,4
60681,107,98,9,9
60682,96,98,-2,2
60683,139,132,7,7
60684,62,68,-6,6
60685,90,92,-2,2
60686,104,111,-7,7
60687,124,123,1,1
60688,107,111,-4,4
60689,124,134,-10,10
60690,105,105,0,0
60691,134,140,-6,6
60692,122,118,4,4
60693,70,81,-11,11
60694,152,153,-1,1
60695,95,97,-2,2
60696,67,92,-25,25
60697,109,109,0,0
60698,170,209,-39,39
60699,80,87,-7,7
60700,88,88,0,0
60701,131,106,25,25
60702,84,83,1,1
60703,97,107,-10,10
60704,149,135,14,14
60705,79,90,-11,11
60706,93,110,-17,17
60707,81,88,-7,7
60708,125,128,-3,3
60709,82,83,-1,1
60710,79,83,-4,4
60711,65,65,0,0
60712,95,101,-6,6
60713,111,122,-11,11
60714,113,114,-1,1
60715,119,124,-5,5
60716,68,78,-10,10
60717,135,121,14,14
60718,102,97,5,5
60719,96,117,-21,21
60720,107,112,-5,5
60721,86,88,-2,2
60722,158,137,21,21
60723,141,134,7,7
60724,129,136,-7,7
60725,49,56,-7,7
60726,149,145,4,4
60727,114,118,-4,4
60728,40,50,-10,10
60729,55,66,-11,11
60730,85,88,-3,3
60731,65,66,-1,1
60732,97,110,-13,13
60733,148,141,7,7
60734,141,132,9,9
60735,69,70,-1,1
60736,80,87,-7,7
60737,158,142,16,16
60738,75,87,-12,12
60739,88,95,-7,7
60740,110,107,3,3
60741,82,90,-8,8
60742,58,74,-16,16
60743,76,80,-4,4
60744,48,59,-11,11
60745,106,99,7,7
60746,108,114,-6,6
60747,191,172,19,19
60748,100,101,-1,1
60749,58,70,-12,12
60750,117,120,-3,3
60751,233,193,40,40
60752,78,89,-11,11
60753,83,83,0,0
60754,66,73,-7,7
60755,55,61,-6,6
60756,77,87,-10,10
60757,102,101,1,1
60758,62,66,-4,4
60759,71,77,-6,6
60760,139,141,-2,2
60761,132,135,-3,3
60762,94,104,-10,10
60763,107,118,-11,11
60764,60,77,-17,17
60765,94,112,-18,18
60766,72,67,5,5
60767,86,90,-4,4
60768,75,86,-11,11
60769,87,93,-6,6
60770,148,136,12,12
60771,120,115,5,5
60772,68,76,-8,8
60773,81,80,1,1
60774,222,212,10,10
60775,68,72,-4,4
60776,103,115,-12,12
60777,133,119,14,14
60778,135,122,13,13
60779,97,98,-1,1
60780,56,63,-7,7
60781,73,78,-5,5
60782,110,112,-2,2
60783,116,122,-6,6
60784,46,48,-2,2
60785,119,116,3,3
60786,42,52,-10,10
60787,71,91,-20,20
60788,80,73,7,7
60789,87,94,-7,7
60790,73,80,-7,7
60791,99,100,-1,1
60792,36,52,-16,16
60793,70,75,-5,5
60794,55,62,-7,7
60795,104,104,0,0
60796,135,139,-4,4
60797,103,102,1,1
60798,83,91,-8,8
60799,87,82,5,5
60800,78,79,-1,1
60801,68,80,-12,12
60802,70,85,-15,15
60803,112,109,3,3
60804,99,103,-4,4
60805,103,107,-4,4
60806,87,91,-4,4
60807,105,107,-2,2
60808,94,99,-5,5
60809,185,171,14,14
60810,167,163,4,4
60811,67,80,-13,13
60812,98,89,9,9
60813,109,119,-10,10
60814,139,140,-1,1
60815,88,90,-2,2
60816,117,113,4,4
60817,101,114,-13,13
60818,124,141,-17,17
60819,182,155,27,27
60820,198,172,26,26
60821,115,116,-1,1
60822,92,101,-9,9
60823,77,79,-2,2
60824,104,107,-3,3
60825,75,76,-1,1
60826,93,89,4,4
60827,173,173,0,0
60828,121,131,-10,10
60829,141,121,20,20
60830,66,88,-22,22
60831,72,73,-1,1
60832,104,118,-14,14
60833,103,104,-1,1
60834,81,86,-5,5
60835,122,106,16,16
60836,131,125,6,6
60837,58,67,-9,9
60838,106,110,-4,4
60839,119,115,4,4
60840,57,62,-5,5
60841,77,80,-3,3
60842,67,68,-1,1
60843,85,89,-4,4
60844,62,73,-11,11
60845,140,138,2,2
60846,72,86,-14,14
60847,125,133,-8,8
60848,166,158,8,8
60849,133,126,7,7
60850,101,90,11,11
60851,156,150,6,6
60852,68,75,-7,7
60853,70,75,-5,5
60854,127,123,4,4
60855,89,89,0,0
60856,111,104,7,7
60857,154,135,19,19
60858,91,93,-2,2
60859,59,69,-10,10
60860,105,109,-4,4
60861,108,126,-18,18
60862,87,100,-13,13
60863,143,140,3,3
60864,88,91,-3,3
60865,83,90,-7,7
60866,105,99,6,6
60867,96,106,-10,10
60868,95,94,1,1
60869,104,117,-13,13
60870,97,120,-23,23
60871,111,116,-5,5
60872,93,93,0,0
60873,54,59,-5,5
60874,90,98,-8,8
60875,52,59,-7,7
60876,85,95,-10,10
60877,114,117,-3,3
60878,152,161,-9,9
60879,79,78,1,1
60880,118,125,-7,7
60881,85,83,2,2
60882,94,93,1,1
60883,49,62,-13,13
60884,56,67,-11,11
60885,156,144,12,12
60886,55,58,-3,3
60887,116,117,-1,1
60888,84,90,-6,6
60889,105,106,-1,1
60890,122,118,4,4
60891,80,90,-10,10
60892,89,85,4,4
60893,117,116,1,1
60894,50,58,-8,8
60895,65,79,-14,14
60896,115,121,-6,6
60897,78,80,-2,2
60898,112,118,-6,6
60899,84,84,0,0
60900,144,147,-3,3
60901,95,94,1,1
60902,125,128,-3,3
60903,115,131,-16,16
60904,76,81,-5,5
60905,119,118,1,1
60906,133,152,-19,19
60907,90,87,3,3
60908,112,113,-1,1
60909,76,79,-3,3
60910,147,140,7,7
60911,55,64,-9,9
60912,131,122,9,9
60913,116,111,5,5
60914,84,87,-3,3
60915,72,80,-8,8
60916,73,80,-7,7
60917,43,59,-16,16
60918,73,78,-5,5
60919,82,95,-13,13
60920,56,69,-13,13
60921,99,93,6,6
60922,105,117,-12,12
60923,79,97,-18,18
60924,138,126,12,12
60925,111,121,-10,10
60926,36,49,-13,13
60927,138,134,4,4
60928,89,98,-9,9
60929,93,88,5,5
60930,132,137,-5,5
60931,108,107,1,1
60932,66,74,-8,8
60933,71,79,-8,8
60934,65,69,-4,4
60935,200,185,15,15
60936,72,112,-40,40
60937,232,232,0,0
60938,75,80,-5,5
60939,186,175,11,11
60940,125,121,4,4
60941,95,110,-15,15
60942,203,159,44,44
60943,176,158,18,18
60944,129,131,-2,2
60945,76,84,-8,8
60946,143,142,1,1
60947,49,57,-8,8
60948,92,94,-2,2
60949,92,96,-4,4
60950,75,90,-15,15
60951,105,101,4,4
60952,155,138,17,17
60953,95,104,-9,9
60954,86,100,-14,14
60955,132,125,7,7
60956,46,60,-14,14
60957,69,81,-12,12
60958,58,79,-21,21
60959,140,135,5,5
60960,70,73,-3,3
60961,89,98,-9,9
60962,84,78,6,6
60963,124,124,0,0
60964,71,81,-10,10
60965,127,128,-1,1
60966,69,75,-6,6
60967,111,109,2,2
60968,125,126,-1,1
60969,85,94,-9,9
60970,76,83,-7,7
60971,85,95,-10,10
60972,55,62,-7,7
60973,92,97,-5,5
60974,182,166,16,16
60975,89,90,-1,1
60976,102,100,2,2
60977,113,122,-9,9
60978,131,139,-8,8
60979,133,145,-12,12
60980,98,99,-1,1
60981,154,140,14,14
60982,99,102,-3,3
60983,114,118,-4,4
60984,110,111,-1,1
60985,125,112,13,13
60986,52,70,-18,18
60987,42,50,-8,8
60988,80,80,0,0
60989,83,88,-5,5
60990,143,139,4,4
60991,56,68,-12,12
60992,131,128,3,3
60993,112,128,-16,16
60994,110,112,-2,2
60995,104,101,3,3
60996,71,77,-6,6
60997,36,44,-8,8
60998,57,67,-10,10
60999,72,84,-12,12
61000,119,111,8,8
61001,194,176,18,18
61002,107,104,3,3
61003,123,123,0,0
61004,87,87,0,0
61005,157,153,4,4
61006,75,83,-8,8
61007,94,100,-6,6
61008,85,90,-5,5
61009,85,97,-12,12
61010,44,54,-10,10
61011,78,87,-9,9
61012,97,87,10,10
61013,34,64,-30,30
61014,38,49,-11,11
61015,93,93,0,0
61016,113,113,0,0
61017,130,126,4,4
61018,46,55,-9,9
61019,94,104,-10,10
61020,144,136,8,8
61021,60,68,-8,8
61022,110,112,-2,2
61023,78,86,-8,8
61024,172,169,3,3
61025,117,128,-11,11
61026,60,79,-19,19
61027,114,106,8,8
61028,136,146,-10,10
61029,130,140,-10,10
61030,140,133,7,7
61031,58,71,-13,13
61032,87,90,-3,3
61033,154,144,10,10
61034,84,90,-6,6
61035,78,80,-2,2
61036,224,269,-45,45
61037,77,80,-3,3
61038,114,115,-1,1
61039,64,71,-7,7
61040,145,140,5,5
61041,62,66,-4,4
61042,123,126,-3,3
61043,126,128,-2,2
61044,59,77,-18,18
61045,59,75,-16,16
61046,65,87,-22,22
61047,81,91,-10,10
61048,104,99,5,5
61049,94,102,-8,8
61050,131,135,-4,4
61051,60,65,-5,5
61052,111,105,6,6
61053,159,145,14,14
61054,145,145,0,0
61055,67,71,-4,4
61056,114,114,0,0
61057,82,85,-3,3
61058,93,99,-6,6
61059,53,68,-15,15
61060,83,95,-12,12
61061,101,110,-9,9
61062,112,130,-18,18
61063,71,67,4,4
61064,86,84,2,2
61065,49,106,-57,57
61066,59,64,-5,5
61067,125,120,5,5
61068,157,157,0,0
61069,90,100,-10,10
61070,160,163,-3,3
61071,128,116,12,12
61072,78,86,-8,8
61073,153,153,0,0
61074,87,110,-23,23
61075,133,129,4,4
61076,96,104,-8,8
61077,88,102,-14,14
61078,69,85,-16,16
61079,150,160,-10,10
61080,134,127,7,7
61081,122,124,-2,2
61082,91,96,-5,5
61083,156,145,11,11
61084,76,83,-7,7
61085,44,55,-11,11
61086,117,125,-8,8
61087,110,113,-3,3
61088,101,92,9,9
61089,81,82,-1,1
61090,52,58,-6,6
61091,164,162,2,2
61092,40,51,-11,11
61093,80,90,-10,10
61094,129,123,6,6
61095,131,124,7,7
61096,87,94,-7,7
61097,79,83,-4,4
61098,110,109,1,1
61099,120,116,4,4
61100,100,125,-25,25
61101,113,118,-5,5
61102,97,119,-22,22
61103,75,78,-3,3
61104,85,98,-13,13
61105,49,59,-10,10
61106,103,122,-19,19
61107,177,169,8,8
61108,94,102,-8,8
61109,130,129,1,1
61110,72,81,-9,9
61111,158,154,4,4
61112,47,58,-11,11
61113,74,91,-17,17
61114,101,113,-12,12
61115,51,66,-15,15
61116,83,89,-6,6
61117,142,142,0,0
61118,58,68,-10,10
61119,83,93,-10,10
61120,45,55,-10,10
61121,138,136,2,2
61122,152,147,5,5
61123,101,111,-10,10
61124,77,76,1,1
61125,52,83,-31,31
61126,89,86,3,3
61127,149,141,8,8
61128,78,75,3,3
61129,146,146,0,0
61130,122,126,-4,4
61131,88,85,3,3
61132,131,135,-4,4
61133,67,74,-7,7
61134,107,100,7,7
61135,139,148,-9,9
61136,164,152,12,12
61137,134,130,4,4
61138,71,76,-5,5
61139,87,85,2,2
61140,68,77,-9,9
61141,56,112,-56,56
61142,118,125,-7,7
61143,101,110,-9,9
61144,75,86,-11,11
61145,127,142,-15,15
61146,85,94,-9,9
61147,57,80,-23,23
61148,37,57,-20,20
61149,116,119,-3,3
61150,108,106,2,2
61151,137,138,-1,1
61152,58,67,-9,9
61153,67,93,-26,26
61154,106,110,-4,4
61155,132,121,11,11
61156,102,101,1,1
61157,115,120,-5,5
61158,85,90,-5,5
61159,107,111,-4,4
61160,49,59,-10,10
61161,139,157,-18,18
61162,126,134,-8,8
61163,135,142,-7,7
61164,69,73,-4,4
61165,88,87,1,1
61166,117,115,2,2
61167,77,80,-3,3
61168,51,62,-11,11
61169,92,110,-18,18
61170,80,94,-14,14
61171,82,85,-3,3
61172,157,154,3,3
61173,83,89,-6,6
61174,136,127,9,9
61175,147,140,7,7
61176,49,58,-9,9
61177,86,89,-3,3
61178,125,118,7,7
61179,73,74,-1,1
61180,99,115,-16,16
61181,102,110,-8,8
61182,101,107,-6,6
61183,109,104,5,5
61184,126,124,2,2
61185,142,129,13,13
61186,62,69,-7,7
61187,113,118,-5,5
61188,149,132,17,17
61189,61,72,-11,11
61190,66,80,-14,14
61191,122,119,3,3
61192,89,96,-7,7
61193,76,84,-8,8
61194,74,90,-16,16
61195,61,71,-10,10
61196,44,62,-18,18
61197,107,127,-20,20
61198,104,100,4,4
61199,109,111,-2,2
61200,140,131,9,9
61201,43,57,-14,14
61202,40,52,-12,12
61203,223,193,30,30
61204,95,95,0,0
61205,47,60,-13,13
61206,71,73,-2,2
61207,121,110,11,11
61208,119,126,-7,7
61209,135,141,-6,6
61210,78,78,0,0
61211,96,91,5,5
61212,71,79,-8,8
61213,71,84,-13,13
61214,108,133,-25,25
61215,64,70,-6,6
61216,169,186,-17,17
61217,80,86,-6,6
61218,78,84,-6,6
61219,100,101,-1,1
61220,90,93,-3,3
61221,108,106,2,2
61222,84,91,-7,7
61223,150,146,4,4
61224,91,99,-8,8
61225,55,68,-13,13
61226,83,89,-6,6
61227,119,157,-38,38
61228,86,93,-7,7
61229,101,109,-8,8
61230,89,89,0,0
61231,80,92,-12,12
61232,116,112,4,4
61233,146,150,-4,4
61234,64,79,-15,15
61235,175,168,7,7
61236,139,141,-2,2
61237,79,81,-2,2
61238,120,121,-1,1
61239,84,96,-12,12
61240,132,139,-7,7
61241,71,77,-6,6
61242,104,99,5,5
61243,60,69,-9,9
61244,171,149,22,22
61245,93,98,-5,5
61246,132,134,-2,2
61247,55,63,-8,8
61248,74,66,8,8
61249,126,119,7,7
61250,75,83,-8,8
61251,45,62,-17,17
61252,95,98,-3,3
61253,154,145,9,9
61254,143,135,8,8
61255,111,117,-6,6
61256,97,109,-12,12
61257,203,222,-19,19
61258,42,49,-7,7
61259,49,58,-9,9
61260,111,113,-2,2
61261,76,71,5,5
61262,79,82,-3,3
61263,70,86,-16,16
61264,57,65,-8,8
61265,60,63,-3,3
61266,119,124,-5,5
61267,76,85,-9,9
61268,72,74,-2,2
61269,124,119,5,5
61270,138,124,14,14
61271,118,120,-2,2
61272,119,115,4,4
61273,94,87,7,7
61274,113,136,-23,23
61275,69,89,-20,20
61276,106,104,2,2
61277,41,58,-17,17
61278,88,88,0,0
61279,124,138,-14,14
61280,51,62,-11,11
61281,70,83,-13,13
61282,112,114,-2,2
61283,100,104,-4,4
61284,143,140,3,3
61285,87,98,-11,11
61286,61,70,-9,9
61287,64,74,-10,10
61288,130,143,-13,13
61289,81,84,-3,3
61290,73,73,0,0
61291,47,57,-10,10
61292,99,117,-18,18
61293,95,98,-3,3
61294,105,111,-6,6
61295,126,129,-3,3
61296,108,104,4,4
61297,67,75,-8,8
61298,72,88,-16,16
61299,65,68,-3,3
61300,109,112,-3,3
61301,52,60,-8,8
61302,122,117,5,5
61303,59,70,-11,11
61304,117,132,-15,15
61305,79,78,1,1
61306,46,56,-10,10
61307,64,78,-14,14
61308,71,90,-19,19
61309,60,66,-6,6
61310,70,76,-6,6
61311,114,118,-4,4
61312,101,109,-8,8
61313,138,141,-3,3
61314,98,95,3,3
61315,92,102,-10,10
61316,196,188,8,8
61317,109,120,-11,11
61318,55,63,-8,8
61319,166,166,0,0
61320,68,78,-10,10
61321,61,71,-10,10
61322,79,87,-8,8
61323,86,86,0,0
61324,90,91,-1,1
61325,128,125,3,3
61326,102,108,-6,6
61327,118,118,0,0
61328,86,89,-3,3
61329,105,108,-3,3
61330,78,85,-7,7
61331,96,101,-5,5
61332,38,53,-15,15
61333,96,100,-4,4
61334,123,124,-1,1
61335,85,85,0,0
61336,117,113,4,4
61337,78,110,-32,32
61338,131,138,-7,7
61339,82,89,-7,7
61340,87,96,-9,9
61341,81,90,-9,9
61342,59,64,-5,5
61343,84,88,-4,4
61344,89,103,-14,14
61345,65,70,-5,5
61346,131,133,-2,2
61347,55,64,-9,9
61348,66,77,-11,11
61349,74,76,-2,2
61350,84,75,9,9
61351,110,109,1,1
61352,63,82,-19,19
61353,97,91,6,6
61354,55,72,-17,17
61355,94,99,-5,5
61356,148,148,0,0
61357,110,100,10,10
61358,161,158,3,3
61359,139,136,3,3
61360,63,78,-15,15
61361,120,123,-3,3
61362,79,87,-8,8
61363,131,136,-5,5
61364,150,139,11,11
61365,80,87,-7,7
61366,37,50,-13,13
61367,116,121,-5,5
61368,82,85,-3,3
61369,130,130,0,0
61370,68,80,-12,12
61371,86,87,-1,1
61372,90,87,3,3
61373,57,64,-7,7
61374,149,143,6,6
61375,79,92,-13,13
61376,126,129,-3,3
61377,120,137,-17,17
61378,197,184,13,13
61379,62,67,-5,5
61380,88,91,-3,3
61381,144,137,7,7
61382,99,99,0,0
61383,101,119,-18,18
61384,111,108,3,3
61385,61,69,-8,8
61386,85,88,-3,3
61387,96,98,-2,2
61388,125,124,1,1
61389,107,104,3,3
61390,136,130,6,6
61391,148,144,4,4
61392,98,108,-10,10
61393,66,69,-3,3
61394,95,86,9,9
61395,107,99,8,8
61396,47,62,-15,15
61397,78,83,-5,5
61398,81,82,-1,1
61399,72,79,-7,7
61400,84,99,-15,15
61401,145,151,-6,6
61402,77,80,-3,3
61403,90,89,1,1
61404,131,123,8,8
61405,91,90,1,1
61406,38,76,-38,38
61407,94,99,-5,5
61408,111,114,-3,3
61409,145,146,-1,1
61410,84,90,-6,6
61411,87,82,5,5
61412,115,113,2,2
61413,95,94,1,1
61414,144,135,9,9
61415,90,90,0,0
61416,101,97,4,4
61417,91,95,-4,4
61418,190,189,1,1
61419,80,88,-8,8
61420,167,154,13,13
61421,83,80,3,3
61422,66,71,-5,5
61423,50,61,-11,11
61424,111,117,-6,6
61425,83,96,-13,13
61426,72,73,-1,1
61427,73,75,-2,2
61428,79,90,-11,11
61429,66,79,-13,13
61430,83,87,-4,4
61431,262,248,14,14
61432,108,123,-15,15
61433,117,118,-1,1
61434,98,92,6,6
61435,85,93,-8,8
61436,63,72,-9,9
61437,190,181,9,9
61438,85,90,-5,5
61439,123,117,6,6
61440,144,143,1,1
61441,75,81,-6,6
61442,97,97,0,0
61443,85,83,2,2
61444,69,73,-4,4
61445,77,85,-8,8
61446,61,71,-10,10
61447,75,78,-3,3
61448,97,123,-26,26
61449,70,76,-6,6
61450,85,89,-4,4
61451,61,75,-14,14
61452,77,80,-3,3
61453,58,72,-14,14
61454,83,85,-2,2
61455,91,101,-10,10
61456,53,69,-16,16
61457,55,59,-4,4
61458,87,94,-7,7
61459,80,92,-12,12
61460,53,69,-16,16
61461,133,130,3,3
61462,90,101,-11,11
61463,60,71,-11,11
61464,68,75,-7,7
61465,66,64,2,2
61466,112,118,-6,6
61467,139,138,1,1
61468,50,61,-11,11
61469,120,126,-6,6
61470,77,85,-8,8
61471,81,78,3,3
61472,87,88,-1,1
61473,43,56,-13,13
61474,68,70,-2,2
61475,58,61,-3,3
61476,120,125,-5,5
61477,114,110,4,4
61478,173,162,11,11
61479,62,75,-13,13
61480,115,112,3,3
61481,213,199,14,14
61482,108,111,-3,3
61483,53,72,-19,19
61484,85,83,2,2
61485,119,120,-1,1
61486,74,84,-10,10
61487,93,95,-2,2
61488,72,78,-6,6
61489,104,94,10,10
61490,88,94,-6,6
61491,56,70,-14,14
61492,139,137,2,2
61493,110,118,-8,8
61494,93,93,0,0
61495,54,55,-1,1
61496,83,97,-14,14
61497,73,73,0,0
61498,202,183,19,19
61499,95,99,-4,4
61500,51,66,-15,15
61501,141,127,14,14
61502,130,131,-1,1
61503,89,99,-10,10
61504,67,75,-8,8
61505,92,88,4,4
61506,138,149,-11,11
61507,50,58,-8,8
61508,85,83,2,2
61509,118,105,13,13
61510,84,86,-2,2
61511,95,96,-1,1
61512,92,101,-9,9
61513,141,152,-11,11
61514,94,102,-8,8
61515,117,123,-6,6
61516,82,75,7,7
61517,73,85,-12,12
61518,108,102,6,6
61519,93,108,-15,15
61520,156,159,-3,3
61521,84,92,-8,8
61522,106,100,6,6
61523,91,100,-9,9
61524,88,97,-9,9
61525,78,78,0,0
61526,136,135,1,1
61527,59,73,-14,14
61528,94,106,-12,12
61529,100,105,-5,5
61530,144,141,3,3
61531,89,116,-27,27
61532,67,77,-10,10
61533,28,44,-16,16
61534,114,116,-2,2
61535,123,135,-12,12
61536,85,80,5,5
61537,77,84,-7,7
61538,89,110,-21,21
61539,90,93,-3,3
61540,80,90,-10,10
61541,114,123,-9,9
61542,46,57,-11,11
61543,123,119,4,4
61544,132,130,2,2
61545,106,121,-15,15
61546,93,99,-6,6
61547,100,126,-26,26
61548,82,82,0,0
61549,170,175,-5,5
61550,103,123,-20,20
61551,60,69,-9,9
61552,101,118,-17,17
61553,101,100,1,1
61554,106,103,3,3
61555,53,71,-18,18
61556,45,56,-11,11
61557,102,121,-19,19
61558,74,79,-5,5
61559,107,118,-11,11
61560,95,103,-8,8
61561,96,97,-1,1
61562,100,101,-1,1
61563,40,61,-21,21
61564,85,85,0,0
61565,59,69,-10,10
61566,107,105,2,2
61567,157,149,8,8
61568,72,82,-10,10
61569,104,98,6,6
61570,53,68,-15,15
61571,131,129,2,2
61572,147,141,6,6
61573,80,85,-5,5
61574,135,139,-4,4
61575,119,112,7,7
61576,128,122,6,6
61577,126,124,2,2
61578,91,89,2,2
61579,102,97,5,5
61580,55,69,-14,14
61581,69,77,-8,8
61582,57,71,-14,14
61583,53,65,-12,12
61584,109,100,9,9
61585,106,95,11,11
61586,106,113,-7,7
61587,128,123,5,5
61588,84,86,-2,2
61589,73,80,-7,7
61590,137,113,24,24
61591,96,103,-7,7
61592,106,109,-3,3
61593,119,122,-3,3
61594,113,118,-5,5
61595,138,141,-3,3
61596,52,61,-9,9
61597,115,115,0,0
61598,66,74,-8,8
61599,114,123,-9,9
61600,46,62,-16,16
61601,108,109,-1,1
61602,85,84,1,1
61603,67,69,-2,2
61604,66,67,-1,1
61605,76,86,-10,10
61606,93,92,1,1
61607,145,156,-11,11
61608,122,117,5,5
61609,88,89,-1,1
61610,59,69,-10,10
61611,77,82,-5,5
61612,84,91,-7,7
61613,71,81,-10,10
61614,93,93,0,0
61615,71,75,-4,4
61616,40,59,-19,19
61617,165,158,7,7
61618,104,112,-8,8
61619,54,62,-8,8
61620,46,48,-2,2
61621,70,74,-4,4
61622,51,63,-12,12
61623,86,87,-1,1
61624,86,89,-3,3
61625,90,93,-3,3
61626,160,159,1,1
61627,119,118,1,1
61628,78,90,-12,12
61629,112,130,-18,18
61630,89,96,-7,7
61631,96,103,-7,7
61632,96,99,-3,3
61633,96,99,-3,3
61634,33,45,-12,12
61635,78,82,-4,4
61636,65,66,-1,1
61637,69,79,-10,10
61638,85,92,-7,7
61639,71,71,0,0
61640,119,111,8,8
61641,100,101,-1,1
61642,102,106,-4,4
61643,96,91,5,5
61644,77,82,-5,5
61645,91,102,-11,11
61646,175,164,11,11
61647,96,103,-7,7
61648,133,127,6,6
61649,107,128,-21,21
61650,98,98,0,0
61651,94,104,-10,10
61652,67,76,-9,9
61653,116,125,-9,9
61654,73,86,-13,13
61655,83,80,3,3
61656,75,83,-8,8
61657,109,127,-18,18
61658,143,148,-5,5
61659,84,95,-11,11
61660,79,90,-11,11
61661,104,110,-6,6
61662,44,54,-10,10
61663,53,55,-2,2
61664,108,113,-5,5
61665,86,97,-11,11
61666,119,125,-6,6
61667,56,51,5,5
61668,88,96,-8,8
61669,118,125,-7,7
61670,102,106,-4,4
61671,49,57,-8,8
61672,99,101,-2,2
61673,105,176,-71,71
61674,131,116,15,15
61675,78,78,0,0
61676,99,99,0,0
61677,23,40,-17,17
61678,126,130,-4,4
61679,92,93,-1,1
61680,85,98,-13,13
61681,61,71,-10,10
61682,137,143,-6,6
61683,74,84,-10,10
61684,129,125,4,4
61685,156,157,-1,1
61686,72,73,-1,1
61687,151,140,11,11
61688,72,74,-2,2
61689,81,94,-13,13
61690,128,121,7,7
61691,136,126,10,10
61692,111,118,-7,7
61693,150,154,-4,4
61694,79,86,-7,7
61695,124,125,-1,1
61696,133,130,3,3
61697,106,117,-11,11
61698,71,77,-6,6
61699,69,71,-2,2
61700,105,119,-14,14
61701,60,65,-5,5
61702,97,99,-2,2
61703,129,139,-10,10
61704,70,80,-10,10
61705,137,149,-12,12
61706,110,103,7,7
61707,97,100,-3,3
61708,149,169,-20,20
61709,63,71,-8,8
61710,71,81,-10,10
61711,108,106,2,2
61712,127,128,-1,1
61713,92,101,-9,9
61714,41,53,-12,12
61715,87,89,-2,2
61716,95,96,-1,1
61717,58,71,-13,13
61718,103,116,-13,13
61719,106,109,-3,3
61720,100,109,-9,9
61721,49,64,-15,15
61722,103,131,-28,28
61723,147,157,-10,10
61724,110,108,2,2
61725,121,147,-26,26
61726,66,71,-5,5
61727,66,74,-8,8
61728,75,79,-4,4
61729,127,139,-12,12
61730,96,98,-2,2
61731,179,163,16,16
61732,153,152,1,1
61733,89,87,2,2
61734,111,120,-9,9
61735,124,111,13,13
61736,86,82,4,4
61737,98,111,-13,13
61738,82,90,-8,8
61739,138,125,13,13
61740,98,95,3,3
61741,187,176,11,11
61742,141,134,7,7
61743,72,84,-12,12
61744,110,108,2,2
61745,87,95,-8,8
61746,60,67,-7,7
61747,71,79,-8,8
61748,123,131,-8,8
61749,57,67,-10,10
61750,113,121,-8,8
61751,148,148,0,0
61752,73,83,-10,10
61753,62,75,-13,13
61754,108,133,-25,25
61755,105,107,-2,2
61756,152,126,26,26
61757,51,60,-9,9
61758,127,128,-1,1
61759,31,48,-17,17
61760,68,74,-6,6
61761,163,152,11,11
61762,160,150,10,10
61763,73,85,-12,12
61764,43,54,-11,11
61765,102,104,-2,2
61766,91,111,-20,20
61767,136,124,12,12
61768,92,91,1,1
61769,60,72,-12,12
61770,45,59,-14,14
61771,111,111,0,0
61772,95,107,-12,12
61773,100,100,0,0
61774,139,148,-9,9
61775,99,97,2,2
61776,68,77,-9,9
61777,55,62,-7,7
61778,110,104,6,6
61779,67,79,-12,12
61780,103,104,-1,1
61781,115,117,-2,2
61782,131,146,-15,15
61783,106,117,-11,11
61784,154,153,1,1
61785,104,118,-14,14
61786,91,92,-1,1
61787,139,144,-5,5
61788,56,65,-9,9
61789,139,136,3,3
61790,72,71,1,1
61791,144,141,3,3
61792,112,116,-4,4
61793,68,72,-4,4
61794,88,92,-4,4
61795,79,99,-20,20
61796,104,112,-8,8
61797,54,59,-5,5
61798,111,106,5,5
61799,87,92,-5,5
61800,185,173,12,12
61801,92,95,-3,3
61802,68,80,-12,12
61803,91,95,-4,4
61804,84,82,2,2
61805,82,86,-4,4
61806,126,128,-2,2
61807,71,80,-9,9
61808,72,73,-1,1
61809,137,139,-2,2
61810,61,74,-13,13
61811,106,111,-5,5
61812,59,63,-4,4
61813,77,77,0,0
61814,149,134,15,15
61815,63,72,-9,9
61816,66,78,-12,12
61817,105,106,-1,1
61818,85,88,-3,3
61819,109,103,6,6
61820,81,93,-12,12
61821,60,70,-10,10
61822,40,55,-15,15
61823,95,96,-1,1
61824,110,101,9,9
61825,68,70,-2,2
61826,67,74,-7,7
61827,76,81,-5,5
61828,188,182,6,6
61829,59,65,-6,6
61830,131,122,9,9
61831,108,110,-2,2
61832,114,119,-5,5
61833,108,108,0,0
61834,104,105,-1,1
61835,94,101,-7,7
61836,47,58,-11,11
61837,77,76,1,1
61838,80,87,-7,7
61839,96,96,0,0
61840,103,109,-6,6
61841,109,111,-2,2
61842,66,83,-17,17
61843,98,95,3,3
61844,126,116,10,10
61845,97,116,-19,19
61846,99,100,-1,1
61847,107,117,-10,10
61848,129,129,0,0
61849,87,96,-9,9
61850,69,76,-7,7
61851,115,109,6,6
61852,99,105,-6,6
61853,99,101,-2,2
61854,155,168,-13,13
61855,121,120,1,1
61856,123,130,-7,7
61857,91,95,-4,4
61858,68,84,-16,16
61859,118,113,5,5
61860,98,106,-8,8
61861,108,108,0,0
61862,112,115,-3,3
61863,80,78,2,2
61864,92,139,-47,47
61865,116,114,2,2
61866,56,68,-12,12
61867,127,131,-4,4
61868,50,62,-12,12
61869,121,113,8,8
61870,157,157,0,0
61871,78,80,-2,2
61872,85,85,0,0
61873,142,141,1,1
61874,42,57,-15,15
61875,62,73,-11,11
61876,61,74,-13,13
61877,75,83,-8,8
61878,82,90,-8,8
61879,107,106,1,1
61880,130,135,-5,5
61881,64,75,-11,11
61882,75,78,-3,3
61883,109,108,1,1
61884,65,79,-14,14
61885,112,116,-4,4
61886,88,97,-9,9
61887,140,136,4,4
61888,132,128,4,4
61889,108,117,-9,9
61890,92,87,5,5
61891,63,68,-5,5
61892,48,59,-11,11
61893,144,121,23,23
61894,104,103,1,1
61895,107,107,0,0
61896,52,77,-25,25
61897,73,80,-7,7
61898,44,56,-12,12
61899,120,119,1,1
61900,87,88,-1,1
61901,110,117,-7,7
61902,73,79,-6,6
61903,79,93,-14,14
61904,57,70,-13,13
61905,68,79,-11,11
61906,81,100,-19,19
61907,63,67,-4,4
61908,41,48,-7,7
61909,71,68,3,3
61910,106,116,-10,10
61911,105,96,9,9
61912,183,153,30,30
61913,111,120,-9,9
61914,137,134,3,3
61915,51,64,-13,13
61916,40,49,-9,9
61917,70,87,-17,17
61918,120,118,2,2
61919,57,70,-13,13
61920,66,69,-3,3
61921,140,129,11,11
61922,71,82,-11,11
61923,96,97,-1,1
61924,108,113,-5,5
61925,134,151,-17,17
61926,97,102,-5,5
61927,44,52,-8,8
61928,49,55,-6,6
61929,63,66,-3,3
61930,97,104,-7,7
61931,38,50,-12,12
61932,68,73,-5,5
61933,114,115,-1,1
61934,105,111,-6,6
61935,36,47,-11,11
61936,69,70,-1,1
61937,101,106,-5,5
61938,155,143,12,12
61939,53,75,-22,22
61940,151,145,6,6
61941,65,69,-4,4
61942,64,74,-10,10
61943,181,167,14,14
61944,110,121,-11,11
61945,93,101,-8,8
61946,183,169,14,14
61947,94,95,-1,1
61948,91,95,-4,4
61949,105,116,-11,11
61950,51,65,-14,14
61951,76,81,-5,5
61952,60,77,-17,17
61953,72,77,-5,5
61954,108,107,1,1
61955,119,119,0,0
61956,98,113,-15,15
61957,119,111,8,8
61958,122,119,3,3
61959,90,93,-3,3
61960,55,63,-8,8
61961,62,66,-4,4
61962,41,67,-26,26
61963,86,88,-2,2
61964,58,73,-15,15
61965,159,164,-5,5
61966,84,90,-6,6
61967,101,105,-4,4
61968,107,100,7,7
61969,150,146,4,4
61970,105,114,-9,9
61971,83,90,-7,7
61972,78,95,-17,17
61973,51,63,-12,12
61974,83,99,-16,16
61975,111,121,-10,10
61976,116,126,-10,10
61977,124,104,20,20
61978,116,115,1,1
61979,133,132,1,1
61980,143,140,3,3
61981,102,107,-5,5
61982,94,101,-7,7
61983,66,73,-7,7
61984,76,87,-11,11
61985,108,106,2,2
61986,69,69,0,0
61987,90,86,4,4
61988,65,81,-16,16
61989,157,160,-3,3
61990,81,78,3,3
61991,116,126,-10,10
61992,94,98,-4,4
61993,98,120,-22,22
61994,149,142,7,7
61995,87,93,-6,6
61996,124,126,-2,2
61997,121,123,-2,2
61998,157,148,9,9
61999,100,101,-1,1
62000,129,135,-6,6
62001,97,99,-2,2
62002,57,64,-7,7
62003,108,107,1,1
62004,64,65,-1,1
62005,195,177,18,18
62006,81,82,-1,1
62007,92,94,-2,2
62008,139,147,-8,8
62009,67,73,-6,6
62010,78,93,-15,15
62011,56,70,-14,14
62012,90,93,-3,3
62013,69,80,-11,11
62014,109,104,5,5
62015,67,74,-7,7
62016,65,75,-10,10
62017,67,82,-15,15
62018,128,119,9,9
62019,101,102,-1,1
62020,103,106,-3,3
62021,66,70,-4,4
62022,78,85,-7,7
62023,121,118,3,3
62024,99,111,-12,12
62025,69,70,-1,1
62026,64,74,-10,10
62027,66,71,-5,5
62028,76,83,-7,7
62029,91,96,-5,5
62030,49,65,-16,16
62031,222,182,40,40
62032,71,71,0,0
62033,155,157,-2,2
62034,80,84,-4,4
62035,94,85,9,9
62036,70,72,-2,2
62037,106,109,-3,3
62038,81,89,-8,8
62039,90,87,3,3
62040,73,82,-9,9
62041,65,71,-6,6
62042,71,81,-10,10
62043,140,126,14,14
62044,109,121,-12,12
62045,72,77,-5,5
62046,95,107,-12,12
62047,92,90,2,2
62048,104,117,-13,13
62049,74,81,-7,7
62050,102,107,-5,5
62051,75,86,-11,11
62052,100,100,0,0
62053,111,119,-8,8
62054,52,60,-8,8
62055,79,78,1,1
62056,99,98,1,1
62057,140,147,-7,7
62058,181,186,-5,5
62059,106,111,-5,5
62060,59,60,-1,1
62061,129,126,3,3
62062,95,119,-24,24
62063,50,66,-16,16
62064,71,75,-4,4
62065,46,64,-18,18
62066,103,114,-11,11
62067,82,91,-9,9
62068,114,111,3,3
62069,114,113,1,1
62070,92,99,-7,7
62071,74,85,-11,11
62072,102,107,-5,5
62073,104,104,0,0
62074,86,87,-1,1
62075,51,78,-27,27
62076,86,86,0,0
62077,78,87,-9,9
62078,99,110,-11,11
62079,95,92,3,3
62080,82,90,-8,8
62081,111,119,-8,8
62082,129,121,8,8
62083,90,115,-25,25
62084,139,143,-4,4
62085,72,87,-15,15
62086,55,68,-13,13
62087,165,157,8,8
62088,115,119,-4,4
62089,61,78,-17,17
62090,84,85,-1,1
62091,136,136,0,0
62092,83,85,-2,2
62093,27,42,-15,15
62094,108,110,-2,2
62095,147,137,10,10
62096,120,125,-5,5
62097,73,98,-25,25
62098,60,76,-16,16
62099,123,130,-7,7
62100,89,97,-8,8
62101,73,73,0,0
62102,64,76,-12,12
62103,62,71,-9,9
62104,100,99,1,1
62105,100,95,5,5
62106,48,70,-22,22
62107,119,118,1,1
62108,53,61,-8,8
62109,142,149,-7,7
62110,58,68,-10,10
62111,100,117,-17,17
62112,77,81,-4,4
62113,71,92,-21,21
62114,126,126,0,0
62115,50,61,-11,11
62116,205,173,32,32
62117,60,69,-9,9
62118,91,97,-6,6
62119,70,81,-11,11
62120,90,99,-9,9
62121,159,161,-2,2
62122,75,82,-7,7
62123,116,101,15,15
62124,109,116,-7,7
62125,143,139,4,4
62126,112,107,5,5
62127,84,92,-8,8
62128,170,175,-5,5
62129,150,157,-7,7
62130,109,106,3,3
62131,161,153,8,8
62132,99,107,-8,8
62133,127,115,12,12
62134,62,37,25,25
62135,133,128,5,5
62136,101,114,-13,13
62137,127,128,-1,1
62138,89,93,-4,4
62139,95,93,2,2
62140,150,144,6,6
62141,49,59,-10,10
62142,92,98,-6,6
62143,92,97,-5,5
62144,38,55,-17,17
62145,145,155,-10,10
62146,156,164,-8,8
62147,125,127,-2,2
62148,51,58,-7,7
62149,134,117,17,17
62150,92,110,-18,18
62151,85,97,-12,12
62152,60,68,-8,8
62153,67,77,-10,10
62154,99,114,-15,15
62155,159,162,-3,3
62156,86,95,-9,9
62157,75,68,7,7
62158,42,50,-8,8
62159,71,84,-13,13
62160,136,139,-3,3
62161,67,83,-16,16
62162,112,117,-5,5
62163,71,80,-9,9
62164,48,64,-16,16
62165,139,143,-4,4
62166,114,153,-39,39
62167,48,56,-8,8
62168,86,94,-8,8
62169,119,117,2,2
62170,94,99,-5,5
62171,105,112,-7,7
62172,104,98,6,6
62173,85,91,-6,6
62174,66,67,-1,1
62175,93,94,-1,1
62176,88,98,-10,10
62177,67,75,-8,8
62178,91,105,-14,14
62179,110,114,-4,4
62180,80,80,0,0
62181,98,109,-11,11
62182,126,131,-5,5
62183,52,66,-14,14
62184,63,77,-14,14
62185,91,102,-11,11
62186,103,107,-4,4
62187,68,78,-10,10
62188,73,89,-16,16
62189,95,104,-9,9
62190,100,102,-2,2
62191,111,105,6,6
62192,100,109,-9,9
62193,75,84,-9,9
62194,84,97,-13,13
62195,75,87,-12,12
62196,139,130,9,9
62197,105,110,-5,5
62198,84,98,-14,14
62199,137,130,7,7
62200,65,102,-37,37
62201,97,96,1,1
62202,78,87,-9,9
62203,122,130,-8,8
62204,72,82,-10,10
62205,80,102,-22,22
62206,132,127,5,5
62207,113,114,-1,1
62208,121,123,-2,2
62209,72,82,-10,10
62210,95,105,-10,10
62211,124,129,-5,5
62212,122,122,0,0
62213,152,153,-1,1
62214,105,105,0,0
62215,103,113,-10,10
62216,111,108,3,3
62217,60,62,-2,2
62218,75,103,-28,28
62219,69,78,-9,9
62220,85,83,2,2
62221,91,105,-14,14
62222,106,101,5,5
62223,76,90,-14,14
62224,43,55,-12,12
62225,65,69,-4,4
62226,180,180,0,0
62227,38,65,-27,27
62228,86,92,-6,6
62229,77,81,-4,4
62230,110,114,-4,4
62231,111,117,-6,6
62232,134,127,7,7
62233,123,125,-2,2
62234,67,75,-8,8
62235,77,85,-8,8
62236,95,108,-13,13
62237,94,97,-3,3
62238,131,137,-6,6
62239,88,105,-17,17
62240,130,131,-1,1
62241,78,84,-6,6
62242,98,101,-3,3
62243,66,71,-5,5
62244,63,72,-9,9
62245,85,88,-3,3
62246,82,91,-9,9
62247,82,94,-12,12
62248,104,105,-1,1
62249,120,121,-1,1
62250,68,77,-9,9
62251,108,113,-5,5
62252,101,102,-1,1
62253,102,103,-1,1
62254,161,166,-5,5
62255,48,64,-16,16
62256,82,94,-12,12
62257,134,136,-2,2
62258,102,100,2,2
62259,47,63,-16,16
62260,101,85,16,16
62261,103,103,0,0
62262,158,150,8,8
62263,79,90,-11,11
62264,126,125,1,1
62265,72,86,-14,14
62266,103,107,-4,4
62267,86,100,-14,14
62268,73,91,-18,18
62269,150,148,2,2
62270,69,75,-6,6
62271,89,93,-4,4
62272,102,100,2,2
62273,89,93,-4,4
62274,92,102,-10,10
62275,91,93,-2,2
62276,69,79,-10,10
62277,31,47,-16,16
62278,62,67,-5,5
62279,74,86,-12,12
62280,73,73,0,0
62281,92,87,5,5
62282,68,75,-7,7
62283,121,117,4,4
62284,160,162,-2,2
62285,124,130,-6,6
62286,71,77,-6,6
62287,98,90,8,8
62288,85,90,-5,5
62289,93,93,0,0
62290,87,89,-2,2
62291,210,182,28,28
62292,74,83,-9,9
62293,84,95,-11,11
62294,141,142,-1,1
62295,68,76,-8,8
62296,118,119,-1,1
62297,75,83,-8,8
62298,150,145,5,5
62299,162,159,3,3
62300,59,69,-10,10
62301,82,90,-8,8
62302,118,114,4,4
62303,94,104,-10,10
62304,75,97,-22,22
62305,71,78,-7,7
62306,131,130,1,1
62307,120,115,5,5
62308,91,97,-6,6
62309,112,107,5,5
62310,145,147,-2,2
62311,93,89,4,4
62312,93,96,-3,3
62313,89,84,5,5
62314,110,109,1,1
62315,78,83,-5,5
62316,80,81,-1,1
62317,133,139,-6,6
62318,50,56,-6,6
62319,82,89,-7,7
62320,145,129,16,16
62321,126,113,13,13
62322,105,103,2,2
62323,159,160,-1,1
62324,118,125,-7,7
62325,142,143,-1,1
62326,108,105,3,3
62327,110,116,-6,6
62328,106,100,6,6
62329,119,120,-1,1
62330,90,99,-9,9
62331,68,78,-10,10
62332,119,115,4,4
62333,162,158,4,4
62334,76,88,-12,12
62335,89,86,3,3
62336,57,68,-11,11
62337,79,85,-6,6
62338,72,87,-15,15
62339,110,103,7,7
62340,82,84,-2,2
62341,76,78,-2,2
62342,68,80,-12,12
62343,79,106,-27,27
62344,64,75,-11,11
62345,151,139,12,12
62346,64,71,-7,7
62347,110,106,4,4
62348,78,78,0,0
62349,123,124,-1,1
62350,118,120,-2,2
62351,58,70,-12,12
62352,140,141,-1,1
62353,128,120,8,8
62354,57,61,-4,4
62355,101,112,-11,11
62356,106,106,0,0
62357,71,82,-11,11
62358,61,68,-7,7
62359,187,165,22,22
62360,123,117,6,6
62361,64,66,-2,2
62362,59,71,-12,12
62363,83,89,-6,6
62364,68,81,-13,13
62365,83,84,-1,1
62366,111,109,2,2
62367,86,100,-14,14
62368,87,93,-6,6
62369,97,100,-3,3
62370,76,84,-8,8
62371,91,100,-9,9
62372,169,154,15,15
62373,51,59,-8,8
62374,57,79,-22,22
62375,168,174,-6,6
62376,93,78,15,15
62377,93,95,-2,2
62378,98,91,7,7
62379,76,92,-16,16
62380,142,137,5,5
62381,60,70,-10,10
62382,118,116,2,2
62383,40,70,-30,30
62384,68,69,-1,1
62385,75,78,-3,3
62386,97,100,-3,3
62387,124,130,-6,6
62388,68,70,-2,2
62389,89,92,-3,3
62390,109,114,-5,5
62391,53,63,-10,10
62392,112,111,1,1
62393,140,149,-9,9
62394,113,108,5,5
62395,105,118,-13,13
62396,69,74,-5,5
62397,98,122,-24,24
62398,150,148,2,2
62399,93,97,-4,4
62400,117,128,-11,11
62401,44,51,-7,7
62402,65,65,0,0
62403,78,78,0,0
62404,149,150,-1,1
62405,75,78,-3,3
62406,82,88,-6,6
62407,93,92,1,1
62408,129,135,-6,6
62409,46,59,-13,13
62410,56,60,-4,4
62411,99,91,8,8
62412,31,54,-23,23
62413,113,116,-3,3
62414,167,168,-1,1
62415,113,119,-6,6
62416,171,172,-1,1
62417,71,78,-7,7
62418,103,109,-6,6
62419,76,87,-11,11
62420,64,66,-2,2
62421,105,111,-6,6
62422,176,172,4,4
62423,127,122,5,5
62424,118,111,7,7
62425,88,100,-12,12
62426,133,138,-5,5
62427,84,98,-14,14
62428,108,117,-9,9
62429,72,78,-6,6
62430,128,128,0,0
62431,36,49,-13,13
62432,116,111,5,5
62433,105,110,-5,5
62434,85,94,-9,9
62435,48,61,-13,13
62436,142,130,12,12
62437,78,73,5,5
62438,72,83,-11,11
62439,255,245,10,10
62440,113,122,-9,9
62441,98,95,3,3
62442,143,131,12,12
62443,85,112,-27,27
62444,111,118,-7,7
62445,106,108,-2,2
62446,111,117,-6,6
62447,84,85,-1,1
62448,74,83,-9,9
62449,87,96,-9,9
62450,133,137,-4,4
62451,111,123,-12,12
62452,78,86,-8,8
62453,83,93,-10,10
62454,117,110,7,7
62455,97,98,-1,1
62456,127,135,-8,8
62457,66,72,-6,6
62458,124,121,3,3
62459,72,80,-8,8
62460,108,99,9,9
62461,124,130,-6,6
62462,137,125,12,12
62463,84,91,-7,7
62464,175,174,1,1
62465,32,38,-6,6
62466,127,114,13,13
62467,139,143,-4,4
62468,84,118,-34,34
62469,138,149,-11,11
62470,147,154,-7,7
62471,49,59,-10,10
62472,87,91,-4,4
62473,71,79,-8,8
62474,89,84,5,5
62475,122,124,-2,2
62476,110,119,-9,9
62477,112,114,-2,2
62478,161,145,16,16
62479,78,97,-19,19
62480,84,90,-6,6
62481,96,95,1,1
62482,83,87,-4,4
62483,166,152,14,14
62484,69,72,-3,3
62485,48,54,-6,6
62486,84,76,8,8
62487,113,101,12,12
62488,89,96,-7,7
62489,51,65,-14,14
62490,101,107,-6,6
62491,70,73,-3,3
62492,107,104,3,3
62493,99,101,-2,2
62494,142,136,6,6
62495,123,115,8,8
62496,81,83,-2,2
62497,60,64,-4,4
62498,139,133,6,6
62499,93,95,-2,2
62500,123,134,-11,11
62501,101,86,15,15
62502,128,134,-6,6
62503,72,77,-5,5
62504,134,125,9,9
62505,89,95,-6,6
62506,162,156,6,6
62507,129,116,13,13
62508,97,102,-5,5
62509,63,80,-17,17
62510,88,96,-8,8
62511,47,56,-9,9
62512,163,153,10,10
62513,169,172,-3,3
62514,88,89,-1,1
62515,116,121,-5,5
62516,68,79,-11,11
62517,66,75,-9,9
62518,75,82,-7,7
62519,79,94,-15,15
62520,132,139,-7,7
62521,64,76,-12,12
62522,154,151,3,3
62523,159,138,21,21
62524,97,106,-9,9
62525,151,145,6,6
62526,64,73,-9,9
62527,86,83,3,3
62528,86,114,-28,28
62529,105,107,-2,2
62530,135,139,-4,4
62531,78,92,-14,14
62532,180,161,19,19
62533,126,122,4,4
62534,115,121,-6,6
62535,95,112,-17,17
62536,123,114,9,9
62537,49,58,-9,9
62538,94,106,-12,12
62539,170,164,6,6
62540,92,93,-1,1
62541,101,108,-7,7
62542,93,99,-6,6
62543,123,142,-19,19
62544,83,81,2,2
62545,122,111,11,11
62546,109,125,-16,16
62547,67,66,1,1
62548,59,72,-13,13
62549,79,79,0,0
62550,82,90,-8,8
62551,69,73,-4,4
62552,83,93,-10,10
62553,116,112,4,4
62554,202,177,25,25
62555,92,106,-14,14
62556,95,98,-3,3
62557,104,113,-9,9
62558,124,122,2,2
62559,203,186,17,17
62560,95,97,-2,2
62561,131,130,1,1
62562,42,52,-10,10
62563,106,93,13,13
62564,40,54,-14,14
62565,81,87,-6,6
62566,125,118,7,7
62567,82,86,-4,4
62568,121,117,4,4
62569,85,99,-14,14
62570,104,97,7,7
62571,82,86,-4,4
62572,76,82,-6,6
62573,60,68,-8,8
62574,91,82,9,9
62575,96,84,12,12
62576,118,116,2,2
62577,101,96,5,5
62578,140,143,-3,3
62579,153,153,0,0
62580,115,128,-13,13
62581,38,64,-26,26
62582,74,85,-11,11
62583,28,65,-37,37
62584,65,75,-10,10
62585,113,122,-9,9
62586,109,114,-5,5
62587,93,97,-4,4
62588,87,90,-3,3
62589,54,64,-10,10
62590,125,126,-1,1
62591,141,143,-2,2
62592,114,123,-9,9
62593,122,123,-1,1
62594,138,142,-4,4
62595,98,99,-1,1
62596,84,87,-3,3
62597,118,123,-5,5
62598,114,122,-8,8
62599,69,80,-11,11
62600,47,64,-17,17
62601,72,72,0,0
62602,72,72,0,0
62603,85,92,-7,7
62604,48,57,-9,9
62605,96,97,-1,1
62606,90,94,-4,4
62607,99,95,4,4
62608,122,135,-13,13
62609,60,69,-9,9
62610,80,92,-12,12
62611,79,89,-10,10
62612,54,63,-9,9
62613,90,98,-8,8
62614,84,94,-10,10
62615,98,104,-6,6
62616,106,109,-3,3
62617,70,81,-11,11
62618,93,92,1,1
62619,81,84,-3,3
62620,108,110,-2,2
62621,66,75,-9,9
62622,92,94,-2,2
62623,58,64,-6,6
62624,80,85,-5,5
62625,72,84,-12,12
62626,92,94,-2,2
62627,114,125,-11,11
62628,149,139,10,10
62629,85,88,-3,3
62630,61,62,-1,1
62631,104,101,3,3
62632,100,98,2,2
62633,132,131,1,1
62634,132,129,3,3
62635,114,108,6,6
62636,89,97,-8,8
62637,52,59,-7,7
62638,51,58,-7,7
62639,109,121,-12,12
62640,112,125,-13,13
62641,80,79,1,1
62642,158,174,-16,16
62643,103,103,0,0
62644,59,67,-8,8
62645,118,118,0,0
62646,114,113,1,1
62647,101,103,-2,2
62648,64,73,-9,9
62649,75,79,-4,4
62650,110,101,9,9
62651,168,183,-15,15
62652,109,102,7,7
62653,106,110,-4,4
62654,32,83,-51,51
62655,86,96,-10,10
62656,185,148,37,37
62657,125,139,-14,14
62658,48,58,-10,10
62659,128,134,-6,6
62660,138,144,-6,6
62661,75,74,1,1
62662,84,109,-25,25
62663,115,106,9,9
62664,58,74,-16,16
62665,97,102,-5,5
62666,152,141,11,11
62667,94,102,-8,8
62668,114,119,-5,5
62669,130,143,-13,13
62670,61,70,-9,9
62671,185,167,18,18
62672,110,114,-4,4
62673,58,63,-5,5
62674,79,86,-7,7
62675,79,82,-3,3
62676,93,93,0,0
62677,129,132,-3,3
62678,134,128,6,6
62679,98,109,-11,11
62680,162,158,4,4
62681,83,88,-5,5
62682,107,100,7,7
62683,98,112,-14,14
62684,131,121,10,10
62685,57,60,-3,3
62686,153,142,11,11
62687,126,130,-4,4
62688,89,95,-6,6
62689,68,74,-6,6
62690,131,122,9,9
62691,68,82,-14,14
62692,94,91,3,3
62693,135,129,6,6
62694,96,101,-5,5
62695,95,109,-14,14
62696,90,94,-4,4
62697,55,65,-10,10
62698,108,117,-9,9
62699,36,48,-12,12
62700,73,76,-3,3
62701,73,88,-15,15
62702,102,101,1,1
62703,52,60,-8,8
62704,22,60,-38,38
62705,102,97,5,5
62706,136,126,10,10
62707,83,89,-6,6
62708,76,82,-6,6
62709,135,136,-1,1
62710,116,127,-11,11
62711,69,80,-11,11
62712,42,54,-12,12
62713,86,81,5,5
62714,131,143,-12,12
62715,119,120,-1,1
62716,65,70,-5,5
62717,100,110,-10,10
62718,65,75,-10,10
62719,73,79,-6,6
62720,63,70,-7,7
62721,115,153,-38,38
62722,164,154,10,10
62723,146,149,-3,3
62724,64,75,-11,11
62725,101,102,-1,1
62726,124,125,-1,1
62727,74,97,-23,23
62728,92,85,7,7
62729,90,95,-5,5
62730,93,99,-6,6
62731,76,86,-10,10
62732,133,139,-6,6
62733,54,66,-12,12
62734,147,126,21,21
62735,107,115,-8,8
62736,132,121,11,11
62737,129,123,6,6
62738,95,95,0,0
62739,78,97,-19,19
62740,93,93,0,0
62741,85,99,-14,14
62742,138,155,-17,17
62743,106,111,-5,5
62744,45,57,-12,12
62745,50,62,-12,12
62746,55,56,-1,1
62747,44,60,-16,16
62748,70,80,-10,10
62749,125,125,0,0
62750,82,87,-5,5
62751,80,84,-4,4
62752,120,121,-1,1
62753,100,101,-1,1
62754,70,74,-4,4
62755,65,71,-6,6
62756,96,107,-11,11
62757,93,98,-5,5
62758,106,104,2,2
62759,168,155,13,13
62760,169,163,6,6
62761,95,90,5,5
62762,95,104,-9,9
62763,81,85,-4,4
62764,65,72,-7,7
62765,64,84,-20,20
62766,62,85,-23,23
62767,119,122,-3,3
62768,93,91,2,2
62769,77,81,-4,4
62770,141,141,0,0
62771,66,76,-10,10
62772,76,95,-19,19
62773,148,146,2,2
62774,57,73,-16,16
62775,78,69,9,9
62776,134,121,13,13
62777,133,131,2,2
62778,66,74,-8,8
62779,75,79,-4,4
62780,97,98,-1,1
62781,131,126,5,5
62782,171,164,7,7
62783,222,206,16,16
62784,102,108,-6,6
62785,60,70,-10,10
62786,144,149,-5,5
62787,43,51,-8,8
62788,82,84,-2,2
62789,84,91,-7,7
62790,92,105,-13,13
62791,94,83,11,11
62792,179,178,1,1
62793,119,126,-7,7
62794,61,73,-12,12
62795,93,104,-11,11
62796,53,61,-8,8
62797,142,144,-2,2
62798,69,75,-6,6
62799,90,98,-8,8
62800,139,142,-3,3
62801,90,113,-23,23
62802,56,64,-8,8
62803,113,120,-7,7
62804,91,96,-5,5
62805,86,92,-6,6
62806,111,109,2,2
62807,74,74,0,0
62808,139,131,8,8
62809,96,92,4,4
62810,105,103,2,2
62811,139,142,-3,3
62812,61,71,-10,10
62813,70,82,-12,12
62814,70,83,-13,13
62815,61,68,-7,7
62816,127,139,-12,12
62817,92,108,-16,16
62818,120,115,5,5
62819,52,60,-8,8
62820,86,90,-4,4
62821,62,67,-5,5
62822,101,123,-22,22
62823,85,106,-21,21
62824,96,108,-12,12
62825,105,110,-5,5
62826,122,125,-3,3
62827,116,118,-2,2
62828,98,89,9,9
62829,154,154,0,0
62830,100,99,1,1
62831,164,157,7,7
62832,162,157,5,5
62833,136,139,-3,3
62834,62,75,-13,13
62835,178,170,8,8
62836,109,100,9,9
62837,121,113,8,8
62838,108,130,-22,22
62839,84,96,-12,12
62840,131,120,11,11
62841,122,116,6,6
62842,64,80,-16,16
62843,84,90,-6,6
62844,72,79,-7,7
62845,185,167,18,18
62846,77,81,-4,4
62847,137,158,-21,21
62848,93,106,-13,13
62849,86,97,-11,11
62850,144,131,13,13
62851,78,92,-14,14
62852,61,72,-11,11
62853,129,121,8,8
62854,52,74,-22,22
62855,195,187,8,8
62856,87,97,-10,10
62857,101,110,-9,9
62858,103,114,-11,11
62859,169,169,0,0
62860,104,107,-3,3
62861,80,85,-5,5
62862,40,63,-23,23
62863,90,103,-13,13
62864,89,99,-10,10
62865,105,108,-3,3
62866,86,99,-13,13
62867,133,131,2,2
62868,89,93,-4,4
62869,64,68,-4,4
62870,94,106,-12,12
62871,86,99,-13,13
62872,128,127,1,1
62873,53,65,-12,12
62874,91,85,6,6
62875,74,78,-4,4
62876,64,71,-7,7
62877,81,76,5,5
62878,66,78,-12,12
62879,76,76,0,0
62880,91,94,-3,3
62881,76,79,-3,3
62882,109,103,6,6
62883,77,79,-2,2
62884,76,81,-5,5
62885,110,107,3,3
62886,88,91,-3,3
62887,120,117,3,3
62888,127,132,-5,5
62889,106,114,-8,8
62890,201,186,15,15
62891,111,114,-3,3
62892,231,212,19,19
62893,59,72,-13,13
62894,150,143,7,7
62895,141,135,6,6
62896,62,64,-2,2
62897,191,186,5,5
62898,119,123,-4,4
62899,72,86,-14,14
62900,103,107,-4,4
62901,79,91,-12,12
62902,106,110,-4,4
62903,104,123,-19,19
62904,88,99,-11,11
62905,78,93,-15,15
62906,81,98,-17,17
62907,98,105,-7,7
62908,123,123,0,0
62909,142,136,6,6
62910,74,80,-6,6
62911,163,154,9,9
62912,102,98,4,4
62913,60,68,-8,8
62914,133,119,14,14
62915,59,69,-10,10
62916,47,62,-15,15
62917,86,98,-12,12
62918,124,118,6,6
62919,28,40,-12,12
62920,59,67,-8,8
62921,124,141,-17,17
62922,105,105,0,0
62923,103,102,1,1
62924,80,86,-6,6
62925,82,85,-3,3
62926,84,87,-3,3
62927,128,131,-3,3
62928,101,112,-11,11
62929,72,80,-8,8
62930,89,86,3,3
62931,119,123,-4,4
62932,181,177,4,4
62933,146,144,2,2
62934,58,65,-7,7
62935,80,80,0,0
62936,37,51,-14,14
62937,45,62,-17,17
62938,95,111,-16,16
62939,108,108,0,0
62940,79,80,-1,1
62941,85,81,4,4
62942,53,68,-15,15
62943,211,195,16,16
62944,103,108,-5,5
62945,77,79,-2,2
62946,75,81,-6,6
62947,95,101,-6,6
62948,102,98,4,4
62949,77,85,-8,8
62950,54,64,-10,10
62951,110,111,-1,1
62952,121,118,3,3
62953,89,82,7,7
62954,93,105,-12,12
62955,44,58,-14,14
62956,84,99,-15,15
62957,135,131,4,4
62958,66,68,-2,2
62959,104,118,-14,14
62960,141,134,7,7
62961,98,98,0,0
62962,90,100,-10,10
62963,115,116,-1,1
62964,109,115,-6,6
62965,69,84,-15,15
62966,64,69,-5,5
62967,185,170,15,15
62968,114,113,1,1
62969,191,178,13,13
62970,49,55,-6,6
62971,83,97,-14,14
62972,100,103,-3,3
62973,98,95,3,3
62974,69,85,-16,16
62975,103,96,7,7
62976,148,157,-9,9
62977,81,81,0,0
62978,151,152,-1,1
62979,70,70,0,0
62980,88,88,0,0
62981,93,106,-13,13
62982,60,86,-26,26
62983,88,88,0,0
62984,63,74,-11,11
62985,92,92,0,0
62986,108,116,-8,8
62987,78,97,-19,19
62988,156,146,10,10
62989,63,70,-7,7
62990,58,67,-9,9
62991,38,47,-9,9
62992,107,107,0,0
62993,101,103,-2,2
62994,65,80,-15,15
62995,120,128,-8,8
62996,101,100,1,1
62997,106,99,7,7
62998,72,79,-7,7
62999,127,123,4,4
63000,65,73,-8,8
63001,126,119,7,7
63002,113,115,-2,2
63003,104,118,-14,14
63004,152,146,6,6
63005,57,70,-13,13
63006,83,84,-1,1
63007,101,108,-7,7
63008,81,87,-6,6
63009,54,71,-17,17
63010,80,86,-6,6
63011,83,93,-10,10
63012,31,42,-11,11
63013,64,73,-9,9
63014,159,163,-4,4
63015,133,131,2,2
63016,116,127,-11,11
63017,57,59,-2,2
63018,99,99,0,0
63019,62,64,-2,2
63020,90,91,-1,1
63021,117,118,-1,1
63022,142,135,7,7
63023,177,166,11,11
63024,59,68,-9,9
63025,89,105,-16,16
63026,69,74,-5,5
63027,63,77,-14,14
63028,46,82,-36,36
63029,136,145,-9,9
63030,105,123,-18,18
63031,127,139,-12,12
63032,66,79,-13,13
63033,138,140,-2,2
63034,71,78,-7,7
63035,97,101,-4,4
63036,112,117,-5,5
63037,77,86,-9,9
63038,57,67,-10,10
63039,84,95,-11,11
63040,85,85,0,0
63041,111,108,3,3
63042,123,123,0,0
63043,110,121,-11,11
63044,114,121,-7,7
63045,111,143,-32,32
63046,71,85,-14,14
63047,93,93,0,0
63048,343,331,12,12
63049,72,80,-8,8
63050,186,164,22,22
63051,62,70,-8,8
63052,79,86,-7,7
63053,129,135,-6,6
63054,121,142,-21,21
63055,105,105,0,0
63056,157,149,8,8
63057,115,111,4,4
63058,78,80,-2,2
63059,179,189,-10,10
63060,80,87,-7,7
63061,113,123,-10,10
63062,87,95,-8,8
63063,95,100,-5,5
63064,95,107,-12,12
63065,104,109,-5,5
63066,88,94,-6,6
63067,61,73,-12,12
63068,63,65,-2,2
63069,87,109,-22,22
63070,157,166,-9,9
63071,92,123,-31,31
63072,53,62,-9,9
63073,128,120,8,8
63074,114,117,-3,3
63075,95,103,-8,8
63076,102,104,-2,2
63077,120,126,-6,6
63078,110,124,-14,14
63079,207,197,10,10
63080,103,106,-3,3
63081,55,64,-9,9
63082,98,100,-2,2
63083,99,106,-7,7
63084,94,102,-8,8
63085,82,96,-14,14
63086,60,91,-31,31
63087,95,106,-11,11
63088,113,108,5,5
63089,113,118,-5,5
63090,105,104,1,1
63091,80,76,4,4
63092,104,113,-9,9
63093,97,101,-4,4
63094,62,74,-12,12
63095,62,78,-16,16
63096,85,97,-12,12
63097,114,114,0,0
63098,72,72,0,0
63099,82,83,-1,1
63100,94,91,3,3
63101,90,99,-9,9
63102,110,101,9,9
63103,90,89,1,1
63104,80,89,-9,9
63105,109,103,6,6
63106,61,73,-12,12
63107,185,181,4,4
63108,117,123,-6,6
63109,139,141,-2,2
63110,56,67,-11,11
63111,74,77,-3,3
63112,107,119,-12,12
63113,78,94,-16,16
63114,51,61,-10,10
63115,87,93,-6,6
63116,114,113,1,1
63117,83,89,-6,6
63118,137,131,6,6
63119,117,114,3,3
63120,87,99,-12,12
63121,69,79,-10,10
63122,86,95,-9,9
63123,150,150,0,0
63124,162,157,5,5
63125,87,90,-3,3
63126,68,74,-6,6
63127,68,74,-6,6
63128,126,115,11,11
63129,109,104,5,5
63130,106,121,-15,15
63131,114,115,-1,1
63132,136,144,-8,8
63133,128,114,14,14
63134,109,119,-10,10
63135,114,123,-9,9
63136,102,106,-4,4
63137,144,129,15,15
63138,52,62,-10,10
63139,73,90,-17,17
63140,116,116,0,0
63141,111,102,9,9
63142,106,114,-8,8
63143,125,127,-2,2
63144,119,108,11,11
63145,77,87,-10,10
63146,78,84,-6,6
63147,62,68,-6,6
63148,80,92,-12,12
63149,101,110,-9,9
63150,130,140,-10,10
63151,165,152,13,13
63152,88,81,7,7
63153,97,112,-15,15
63154,125,121,4,4
63155,55,68,-13,13
63156,76,86,-10,10
63157,124,134,-10,10
63158,82,91,-9,9
63159,60,72,-12,12
63160,107,110,-3,3
63161,109,116,-7,7
63162,162,156,6,6
63163,95,120,-25,25
63164,54,60,-6,6
63165,125,126,-1,1
63166,107,104,3,3
63167,74,72,2,2
63168,155,154,1,1
63169,77,89,-12,12
63170,80,80,0,0
63171,122,128,-6,6
63172,71,85,-14,14
63173,112,111,1,1
63174,61,74,-13,13
63175,88,99,-11,11
63176,171,155,16,16
63177,98,96,2,2
63178,59,71,-12,12
63179,150,153,-3,3
63180,94,99,-5,5
63181,112,117,-5,5
63182,113,99,14,14
63183,92,99,-7,7
63184,121,125,-4,4
63185,101,98,3,3
63186,82,86,-4,4
63187,125,115,10,10
63188,74,79,-5,5
63189,68,74,-6,6
63190,104,112,-8,8
63191,80,87,-7,7
63192,101,100,1,1
63193,96,106,-10,10
63194,96,98,-2,2
63195,79,91,-12,12
63196,75,79,-4,4
63197,121,123,-2,2
63198,173,166,7,7
63199,123,122,1,1
63200,124,122,2,2
63201,123,119,4,4
63202,129,135,-6,6
63203,119,111,8,8
63204,107,117,-10,10
63205,117,114,3,3
63206,74,84,-10,10
63207,72,81,-9,9
63208,92,104,-12,12
63209,102,98,4,4
63210,123,137,-14,14
63211,119,128,-9,9
63212,71,76,-5,5
63213,64,77,-13,13
63214,108,107,1,1
63215,140,128,12,12
63216,90,101,-11,11
63217,128,120,8,8
63218,99,103,-4,4
63219,82,102,-20,20
63220,156,154,2,2
63221,137,138,-1,1
63222,78,75,3,3
63223,95,102,-7,7
63224,82,101,-19,19
63225,90,99,-9,9
63226,64,72,-8,8
63227,73,84,-11,11
63228,53,68,-15,15
63229,123,126,-3,3
63230,62,72,-10,10
63231,92,101,-9,9
63232,123,121,2,2
63233,125,119,6,6
63234,41,55,-14,14
63235,187,179,8,8
63236,91,94,-3,3
63237,76,82,-6,6
63238,176,165,11,11
63239,93,103,-10,10
63240,87,99,-12,12
63241,89,97,-8,8
63242,88,87,1,1
63243,99,98,1,1
63244,134,122,12,12
63245,95,102,-7,7
63246,105,109,-4,4
63247,42,60,-18,18
63248,96,96,0,0
63249,50,69,-19,19
63250,63,71,-8,8
63251,95,111,-16,16
63252,99,102,-3,3
63253,109,126,-17,17
63254,133,122,11,11
63255,90,88,2,2
63256,71,77,-6,6
63257,58,76,-18,18
63258,173,169,4,4
63259,77,80,-3,3
63260,88,71,17,17
63261,72,76,-4,4
63262,116,113,3,3
63263,61,71,-10,10
63264,94,91,3,3
63265,117,126,-9,9
63266,114,117,-3,3
63267,147,144,3,3
63268,125,121,4,4
63269,100,120,-20,20
63270,101,94,7,7
63271,112,114,-2,2
63272,94,90,4,4
63273,119,115,4,4
63274,154,151,3,3
63275,82,88,-6,6
63276,58,73,-15,15
63277,131,124,7,7
63278,82,91,-9,9
63279,96,100,-4,4
63280,80,78,2,2
63281,118,122,-4,4
63282,51,72,-21,21
63283,164,163,1,1
63284,77,112,-35,35
63285,144,146,-2,2
63286,132,140,-8,8
63287,89,94,-5,5
63288,78,76,2,2
63289,51,66,-15,15
63290,100,109,-9,9
63291,108,110,-2,2
63292,143,130,13,13
63293,88,92,-4,4
63294,67,69,-2,2
63295,121,133,-12,12
63296,90,89,1,1
63297,65,75,-10,10
63298,79,86,-7,7
63299,144,140,4,4
63300,55,70,-15,15
63301,78,87,-9,9
63302,82,97,-15,15
63303,78,82,-4,4
63304,160,163,-3,3
63305,89,86,3,3
63306,101,111,-10,10
63307,114,103,11,11
63308,86,86,0,0
63309,155,153,2,2
63310,105,115,-10,10
63311,76,77,-1,1
63312,149,141,8,8
63313,99,115,-16,16
63314,120,111,9,9
63315,69,76,-7,7
63316,102,105,-3,3
63317,59,66,-7,7
63318,54,71,-17,17
63319,107,102,5,5
63320,60,70,-10,10
63321,70,70,0,0
63322,219,209,10,10
63323,83,86,-3,3
63324,68,74,-6,6
63325,89,97,-8,8
63326,68,80,-12,12
63327,108,115,-7,7
63328,94,105,-11,11
63329,90,96,-6,6
63330,171,160,11,11
63331,35,48,-13,13
63332,39,50,-11,11
63333,80,122,-42,42
63334,69,74,-5,5
63335,109,114,-5,5
63336,112,119,-7,7
63337,127,137,-10,10
63338,87,94,-7,7
63339,60,132,-72,72
63340,67,80,-13,13
63341,151,144,7,7
63342,115,117,-2,2
63343,86,95,-9,9
63344,97,92,5,5
63345,128,122,6,6
63346,137,127,10,10
63347,102,108,-6,6
63348,76,85,-9,9
63349,33,41,-8,8
63350,89,95,-6,6
63351,68,73,-5,5
63352,55,63,-8,8
63353,104,113,-9,9
63354,98,107,-9,9
63355,67,72,-5,5
63356,103,99,4,4
63357,87,93,-6,6
63358,92,97,-5,5
63359,97,92,5,5
63360,144,142,2,2
63361,94,112,-18,18
63362,95,94,1,1
63363,131,121,10,10
63364,102,99,3,3
63365,132,135,-3,3
63366,83,93,-10,10
63367,127,135,-8,8
63368,71,75,-4,4
63369,86,89,-3,3
63370,202,178,24,24
63371,181,173,8,8
63372,129,130,-1,1
63373,112,112,0,0
63374,118,117,1,1
63375,46,53,-7,7
63376,120,111,9,9
63377,55,72,-17,17
63378,141,138,3,3
63379,92,93,-1,1
63380,137,141,-4,4
63381,59,66,-7,7
63382,192,199,-7,7
63383,144,145,-1,1
63384,91,100,-9,9
63385,111,113,-2,2
63386,52,57,-5,5
63387,135,134,1,1
63388,43,61,-18,18
63389,138,127,11,11
63390,159,148,11,11
63391,88,101,-13,13
63392,63,73,-10,10
63393,90,98,-8,8
63394,101,99,2,2
63395,72,80,-8,8
63396,64,68,-4,4
63397,81,82,-1,1
63398,94,98,-4,4
63399,125,132,-7,7
63400,64,69,-5,5
63401,68,74,-6,6
63402,77,90,-13,13
63403,125,131,-6,6
63404,68,76,-8,8
63405,131,128,3,3
63406,72,77,-5,5
63407,113,111,2,2
63408,136,136,0,0
63409,136,132,4,4
63410,129,121,8,8
63411,118,117,1,1
63412,79,82,-3,3
63413,98,99,-1,1
63414,117,120,-3,3
63415,98,113,-15,15
63416,30,49,-19,19
63417,76,78,-2,2
63418,87,88,-1,1
63419,110,109,1,1
63420,80,87,-7,7
63421,48,71,-23,23
63422,120,118,2,2
63423,98,106,-8,8
63424,43,57,-14,14
63425,84,85,-1,1
63426,62,73,-11,11
63427,165,169,-4,4
63428,56,66,-10,10
63429,85,91,-6,6
63430,109,102,7,7
63431,149,141,8,8
63432,55,60,-5,5
63433,89,98,-9,9
63434,68,82,-14,14
63435,68,76,-8,8
63436,146,145,1,1
63437,112,113,-1,1
63438,104,103,1,1
63439,49,62,-13,13
63440,67,70,-3,3
63441,70,77,-7,7
63442,109,108,1,1
63443,56,65,-9,9
63444,148,142,6,6
63445,97,105,-8,8
63446,79,83,-4,4
63447,116,111,5,5
63448,97,101,-4,4
63449,79,82,-3,3
63450,74,74,0,0
63451,67,66,1,1
63452,118,113,5,5
63453,72,84,-12,12
63454,128,112,16,16
63455,113,119,-6,6
63456,103,114,-11,11
63457,86,98,-12,12
63458,59,71,-12,12
63459,114,125,-11,11
63460,125,134,-9,9
63461,105,105,0,0
63462,70,75,-5,5
63463,147,140,7,7
63464,90,87,3,3
63465,81,94,-13,13
63466,65,79,-14,14
63467,63,70,-7,7
63468,110,112,-2,2
63469,108,105,3,3
63470,62,88,-26,26
63471,107,111,-4,4
63472,47,58,-11,11
63473,76,83,-7,7
63474,92,100,-8,8
63475,129,128,1,1
63476,87,94,-7,7
63477,90,88,2,2
63478,75,82,-7,7
63479,69,81,-12,12
63480,61,70,-9,9
63481,76,79,-3,3
63482,49,58,-9,9
63483,133,128,5,5
63484,147,151,-4,4
63485,115,105,10,10
63486,88,100,-12,12
63487,70,76,-6,6
63488,77,83,-6,6
63489,64,70,-6,6
63490,182,166,16,16
63491,103,102,1,1
63492,91,97,-6,6
63493,104,107,-3,3
63494,67,69,-2,2
63495,90,98,-8,8
63496,81,89,-8,8
63497,140,143,-3,3
63498,64,72,-8,8
63499,132,137,-5,5
63500,64,69,-5,5
63501,117,120,-3,3
63502,86,98,-12,12
63503,216,198,18,18
63504,129,126,3,3
63505,107,107,0,0
63506,114,118,-4,4
63507,99,98,1,1
63508,232,201,31,31
63509,81,91,-10,10
63510,117,120,-3,3
63511,142,143,-1,1
63512,33,44,-11,11
63513,80,91,-11,11
63514,95,97,-2,2
63515,84,87,-3,3
63516,111,122,-11,11
63517,53,66,-13,13
63518,47,64,-17,17
63519,80,86,-6,6
63520,81,86,-5,5
63521,74,77,-3,3
63522,49,62,-13,13
63523,124,115,9,9
63524,98,102,-4,4
63525,155,158,-3,3
63526,58,67,-9,9
63527,111,108,3,3
63528,99,115,-16,16
63529,124,121,3,3
63530,62,72,-10,10
63531,55,59,-4,4
63532,72,78,-6,6
63533,62,76,-14,14
63534,74,77,-3,3
63535,76,71,5,5
63536,102,100,2,2
63537,87,103,-16,16
63538,136,131,5,5
63539,89,89,0,0
63540,68,74,-6,6
63541,67,77,-10,10
63542,97,105,-8,8
63543,123,119,4,4
63544,170,162,8,8
63545,120,127,-7,7
63546,110,120,-10,10
63547,100,108,-8,8
63548,37,52,-15,15
63549,84,79,5,5
63550,62,71,-9,9
63551,145,140,5,5
63552,106,111,-5,5
63553,115,114,1,1
63554,126,128,-2,2
63555,141,152,-11,11
63556,92,93,-1,1
63557,110,111,-1,1
63558,59,77,-18,18
63559,90,89,1,1
63560,77,83,-6,6
63561,70,78,-8,8
63562,77,79,-2,2
63563,79,78,1,1
63564,154,148,6,6
63565,137,144,-7,7
63566,106,105,1,1
63567,116,111,5,5
63568,119,113,6,6
63569,65,66,-1,1
63570,139,133,6,6
63571,145,138,7,7
63572,141,139,2,2
63573,119,117,2,2
63574,70,79,-9,9
63575,78,86,-8,8
63576,75,75,0,0
63577,100,100,0,0
63578,163,155,8,8
63579,162,161,1,1
63580,153,147,6,6
63581,94,103,-9,9
63582,74,77,-3,3
63583,88,95,-7,7
63584,67,79,-12,12
63585,100,113,-13,13
63586,117,129,-12,12
63587,80,82,-2,2
63588,95,88,7,7
63589,77,86,-9,9
63590,121,121,0,0
63591,141,133,8,8
63592,83,81,2,2
63593,55,64,-9,9
63594,87,85,2,2
63595,76,85,-9,9
63596,116,109,7,7
63597,162,186,-24,24
63598,114,118,-4,4
63599,79,83,-4,4
63600,117,124,-7,7
63601,54,64,-10,10
63602,87,95,-8,8
63603,124,127,-3,3
63604,101,103,-2,2
63605,53,63,-10,10
63606,133,133,0,0
63607,75,96,-21,21
63608,78,95,-17,17
63609,69,89,-20,20
63610,40,47,-7,7
63611,84,85,-1,1
63612,94,99,-5,5
63613,75,78,-3,3
63614,95,103,-8,8
63615,82,102,-20,20
63616,75,80,-5,5
63617,141,121,20,20
63618,98,106,-8,8
63619,101,113,-12,12
63620,49,57,-8,8
63621,45,52,-7,7
63622,94,101,-7,7
63623,132,115,17,17
63624,122,115,7,7
63625,96,102,-6,6
63626,89,89,0,0
63627,114,119,-5,5
63628,112,111,1,1
63629,55,72,-17,17
63630,63,70,-7,7
63631,133,122,11,11
63632,71,85,-14,14
63633,81,77,4,4
63634,104,113,-9,9
63635,97,91,6,6
63636,103,113,-10,10
63637,110,105,5,5
63638,91,96,-5,5
63639,60,68,-8,8
63640,58,71,-13,13
63641,91,96,-5,5
63642,69,80,-11,11
63643,75,92,-17,17
63644,175,182,-7,7
63645,62,72,-10,10
63646,121,127,-6,6
63647,64,72,-8,8
63648,103,101,2,2
63649,109,81,28,28
63650,111,108,3,3
63651,87,87,0,0
63652,146,140,6,6
63653,68,77,-9,9
63654,69,79,-10,10
63655,79,90,-11,11
63656,111,114,-3,3
63657,72,74,-2,2
63658,110,106,4,4
63659,106,112,-6,6
63660,112,108,4,4
63661,85,80,5,5
63662,153,161,-8,8
63663,102,92,10,10
63664,75,85,-10,10
63665,123,119,4,4
63666,80,101,-21,21
63667,81,89,-8,8
63668,76,83,-7,7
63669,107,111,-4,4
63670,163,155,8,8
63671,75,90,-15,15
63672,83,85,-2,2
63673,72,74,-2,2
63674,73,82,-9,9
63675,47,62,-15,15
63676,127,124,3,3
63677,31,44,-13,13
63678,88,89,-1,1
63679,131,131,0,0
63680,140,156,-16,16
63681,172,169,3,3
63682,86,87,-1,1
63683,137,136,1,1
63684,108,111,-3,3
63685,67,75,-8,8
63686,157,172,-15,15
63687,42,60,-18,18
63688,81,89,-8,8
63689,96,93,3,3
63690,189,177,12,12
63691,97,110,-13,13
63692,82,95,-13,13
63693,105,97,8,8
63694,107,101,6,6
63695,81,92,-11,11
63696,44,49,-5,5
63697,93,100,-7,7
63698,63,70,-7,7
63699,46,100,-54,54
63700,128,139,-11,11
63701,133,140,-7,7
63702,40,53,-13,13
63703,119,116,3,3
63704,100,98,2,2
63705,96,100,-4,4
63706,84,90,-6,6
63707,188,188,0,0
63708,66,76,-10,10
63709,145,148,-3,3
63710,50,68,-18,18
63711,74,79,-5,5
63712,82,89,-7,7
63713,92,89,3,3
63714,131,129,2,2
63715,69,74,-5,5
63716,97,95,2,2
63717,137,136,1,1
63718,98,105,-7,7
63719,67,77,-10,10
63720,107,117,-10,10
63721,49,56,-7,7
63722,76,82,-6,6
63723,66,73,-7,7
63724,170,158,12,12
63725,101,110,-9,9
63726,95,89,6,6
63727,76,78,-2,2
63728,82,86,-4,4
63729,84,87,-3,3
63730,106,115,-9,9
63731,64,83,-19,19
63732,91,97,-6,6
63733,86,90,-4,4
63734,54,61,-7,7
63735,82,104,-22,22
63736,89,94,-5,5
63737,97,99,-2,2
63738,161,154,7,7
63739,48,51,-3,3
63740,109,109,0,0
63741,159,152,7,7
63742,106,113,-7,7
63743,181,156,25,25
63744,129,140,-11,11
63745,101,114,-13,13
63746,114,114,0,0
63747,126,120,6,6
63748,168,151,17,17
63749,95,107,-12,12
63750,80,86,-6,6
63751,96,97,-1,1
63752,35,56,-21,21
63753,73,81,-8,8
63754,89,94,-5,5
63755,107,103,4,4
63756,88,97,-9,9
63757,92,102,-10,10
63758,91,84,7,7
63759,91,88,3,3
63760,120,138,-18,18
63761,82,86,-4,4
63762,80,90,-10,10
63763,55,59,-4,4
63764,76,76,0,0
63765,72,77,-5,5
63766,105,103,2,2
63767,113,111,2,2
63768,67,74,-7,7
63769,101,112,-11,11
63770,80,88,-8,8
63771,80,90,-10,10
63772,96,94,2,2
63773,71,83,-12,12
63774,148,151,-3,3
63775,72,76,-4,4
63776,127,138,-11,11
63777,75,81,-6,6
63778,83,91,-8,8
63779,90,100,-10,10
63780,86,92,-6,6
63781,75,85,-10,10
63782,72,79,-7,7
63783,70,68,2,2
63784,105,106,-1,1
63785,41,57,-16,16
63786,68,78,-10,10
63787,86,88,-2,2
63788,64,65,-1,1
63789,86,97,-11,11
63790,51,71,-20,20
63791,124,115,9,9
63792,88,99,-11,11
63793,93,100,-7,7
63794,54,76,-22,22
63795,71,69,2,2
63796,132,139,-7,7
63797,101,101,0,0
63798,172,155,17,17
63799,176,175,1,1
63800,173,180,-7,7
63801,130,131,-1,1
63802,79,81,-2,2
63803,102,108,-6,6
63804,133,132,1,1
63805,90,79,11,11
63806,102,103,-1,1
63807,65,71,-6,6
63808,128,127,1,1
63809,159,134,25,25
63810,57,69,-12,12
63811,171,165,6,6
63812,66,81,-15,15
63813,165,161,4,4
63814,51,58,-7,7
63815,111,115,-4,4
63816,211,182,29,29
63817,89,89,0,0
63818,74,83,-9,9
63819,86,105,-19,19
63820,129,113,16,16
63821,67,69,-2,2
63822,112,115,-3,3
63823,102,92,10,10
63824,76,80,-4,4
63825,67,84,-17,17
63826,96,96,0,0
63827,115,120,-5,5
63828,95,103,-8,8
63829,129,128,1,1
63830,78,81,-3,3
63831,58,69,-11,11
63832,93,95,-2,2
63833,53,57,-4,4
63834,62,71,-9,9
63835,89,94,-5,5
63836,110,110,0,0
63837,109,120,-11,11
63838,34,69,-35,35
63839,94,88,6,6
63840,54,65,-11,11
63841,111,117,-6,6
63842,128,132,-4,4
63843,141,142,-1,1
63844,92,92,0,0
63845,102,92,10,10
63846,94,104,-10,10
63847,130,125,5,5
63848,93,102,-9,9
63849,86,80,6,6
63850,102,105,-3,3
63851,137,127,10,10
63852,55,54,1,1
63853,118,117,1,1
63854,121,122,-1,1
63855,155,146,9,9
63856,71,86,-15,15
63857,140,143,-3,3
63858,64,80,-16,16
63859,110,120,-10,10
63860,119,125,-6,6
63861,55,66,-11,11
63862,80,93,-13,13
63863,142,128,14,14
63864,44,62,-18,18
63865,111,117,-6,6
63866,113,111,2,2
63867,146,134,12,12
63868,169,170,-1,1
63869,129,119,10,10
63870,76,87,-11,11
63871,67,69,-2,2
63872,75,80,-5,5
63873,68,76,-8,8
63874,74,88,-14,14
63875,80,83,-3,3
63876,33,45,-12,12
63877,91,94,-3,3
63878,75,78,-3,3
63879,94,95,-1,1
63880,142,130,12,12
63881,50,116,-66,66
63882,193,193,0,0
63883,81,92,-11,11
63884,111,108,3,3
63885,130,129,1,1
63886,51,61,-10,10
63887,73,80,-7,7
63888,136,144,-8,8
63889,94,98,-4,4
63890,111,104,7,7
63891,119,123,-4,4
63892,101,103,-2,2
63893,79,82,-3,3
63894,92,96,-4,4
63895,84,85,-1,1
63896,48,62,-14,14
63897,105,110,-5,5
63898,87,83,4,4
63899,91,101,-10,10
63900,78,90,-12,12
63901,136,152,-16,16
63902,123,128,-5,5
63903,130,131,-1,1
63904,126,123,3,3
63905,84,98,-14,14
63906,122,128,-6,6
63907,124,130,-6,6
63908,117,114,3,3
63909,49,56,-7,7
63910,63,67,-4,4
63911,64,73,-9,9
63912,57,68,-11,11
63913,37,55,-18,18
63914,38,53,-15,15
63915,56,63,-7,7
63916,137,132,5,5
63917,109,119,-10,10
63918,158,151,7,7
63919,112,123,-11,11
63920,96,105,-9,9
63921,99,106,-7,7
63922,68,78,-10,10
63923,94,103,-9,9
63924,118,123,-5,5
63925,80,90,-10,10
63926,78,91,-13,13
63927,94,95,-1,1
63928,172,171,1,1
63929,39,52,-13,13
63930,62,80,-18,18
63931,152,138,14,14
63932,120,117,3,3
63933,90,88,2,2
63934,105,103,2,2
63935,80,84,-4,4
63936,58,70,-12,12
63937,51,64,-13,13
63938,90,94,-4,4
63939,107,107,0,0
63940,71,81,-10,10
63941,61,73,-12,12
63942,111,135,-24,24
63943,88,99,-11,11
63944,56,68,-12,12
63945,93,96,-3,3
63946,106,105,1,1
63947,96,99,-3,3
63948,81,93,-12,12
63949,63,66,-3,3
63950,112,121,-9,9
63951,120,115,5,5
63952,59,62,-3,3
63953,103,95,8,8
63954,50,65,-15,15
63955,115,101,14,14
63956,54,73,-19,19
63957,71,78,-7,7
63958,59,66,-7,7
63959,115,111,4,4
63960,47,63,-16,16
63961,100,101,-1,1
63962,77,83,-6,6
63963,195,176,19,19
63964,118,121,-3,3
63965,90,94,-4,4
63966,101,105,-4,4
63967,141,138,3,3
63968,153,148,5,5
63969,72,86,-14,14
63970,76,86,-10,10
63971,141,127,14,14
63972,168,154,14,14
63973,189,166,23,23
63974,52,63,-11,11
63975,90,94,-4,4
63976,81,87,-6,6
63977,54,66,-12,12
63978,128,121,7,7
63979,86,96,-10,10
63980,65,76,-11,11
63981,53,60,-7,7
63982,57,69,-12,12
63983,90,76,14,14
63984,73,86,-13,13
63985,75,90,-15,15
63986,85,87,-2,2
63987,143,142,1,1
63988,44,65,-21,21
63989,81,83,-2,2
63990,76,87,-11,11
63991,126,124,2,2
63992,46,62,-16,16
63993,139,127,12,12
63994,154,149,5,5
63995,161,163,-2,2
63996,59,63,-4,4
63997,78,85,-7,7
63998,85,91,-6,6
63999,48,65,-17,17
64000,71,77,-6,6
64001,79,88,-9,9
64002,65,71,-6,6
64003,78,83,-5,5
64004,117,122,-5,5
64005,51,60,-9,9
64006,153,99,54,54
64007,118,125,-7,7
64008,66,72,-6,6
64009,75,86,-11,11
64010,102,111,-9,9
64011,85,92,-7,7
64012,64,73,-9,9
64013,95,104,-9,9
64014,160,152,8,8
64015,94,94,0,0
64016,68,87,-19,19
64017,180,180,0,0
64018,52,84,-32,32
64019,106,110,-4,4
64020,85,86,-1,1
64021,115,134,-19,19
64022,57,58,-1,1
64023,104,106,-2,2
64024,53,64,-11,11
64025,79,77,2,2
64026,68,85,-17,17
64027,86,84,2,2
64028,121,115,6,6
64029,54,62,-8,8
64030,74,77,-3,3
64031,122,143,-21,21
64032,67,80,-13,13
64033,128,137,-9,9
64034,56,66,-10,10
64035,146,144,2,2
64036,111,123,-12,12
64037,86,96,-10,10
64038,96,92,4,4
64039,144,151,-7,7
64040,73,81,-8,8
64041,50,61,-11,11
64042,179,176,3,3
64043,83,90,-7,7
64044,62,70,-8,8
64045,103,109,-6,6
64046,101,104,-3,3
64047,59,72,-13,13
64048,74,72,2,2
64049,72,78,-6,6
64050,75,89,-14,14
64051,109,118,-9,9
64052,102,97,5,5
64053,143,139,4,4
64054,83,101,-18,18
64055,156,161,-5,5
64056,124,117,7,7
64057,80,85,-5,5
64058,161,146,15,15
64059,54,67,-13,13
64060,75,96,-21,21
64061,155,142,13,13
64062,117,107,10,10
64063,130,136,-6,6
64064,225,201,24,24
64065,94,98,-4,4
64066,63,68,-5,5
64067,72,75,-3,3
64068,179,170,9,9
64069,141,142,-1,1
64070,82,81,1,1
64071,62,61,1,1
64072,122,126,-4,4
64073,79,80,-1,1
64074,93,86,7,7
64075,137,161,-24,24
64076,110,116,-6,6
64077,137,138,-1,1
64078,84,78,6,6
64079,64,69,-5,5
64080,64,64,0,0
64081,56,68,-12,12
64082,70,80,-10,10
64083,76,83,-7,7
64084,118,114,4,4
64085,88,86,2,2
64086,81,84,-3,3
64087,129,125,4,4
64088,64,76,-12,12
64089,97,97,0,0
64090,123,129,-6,6
64091,86,81,5,5
64092,97,97,0,0
64093,115,122,-7,7
64094,96,109,-13,13
64095,77,82,-5,5
64096,168,184,-16,16
64097,51,64,-13,13
64098,90,91,-1,1
64099,56,71,-15,15
64100,71,85,-14,14
64101,107,115,-8,8
64102,94,92,2,2
64103,46,66,-20,20
64104,118,112,6,6
64105,129,126,3,3
64106,106,116,-10,10
64107,81,91,-10,10
64108,82,85,-3,3
64109,56,63,-7,7
64110,79,79,0,0
64111,71,79,-8,8
64112,148,157,-9,9
64113,205,187,18,18
64114,142,128,14,14
64115,85,85,0,0
64116,47,59,-12,12
64117,91,93,-2,2
64118,108,110,-2,2
64119,73,75,-2,2
64120,102,110,-8,8
64121,129,140,-11,11
64122,130,161,-31,31
64123,103,99,4,4
64124,70,98,-28,28
64125,90,91,-1,1
64126,118,137,-19,19
64127,85,78,7,7
64128,63,76,-13,13
64129,62,67,-5,5
64130,93,98,-5,5
64131,66,84,-18,18
64132,57,66,-9,9
64133,43,58,-15,15
64134,104,103,1,1
64135,131,128,3,3
64136,88,87,1,1
64137,79,86,-7,7
64138,83,79,4,4
64139,77,80,-3,3
64140,82,90,-8,8
64141,109,110,-1,1
64142,118,115,3,3
64143,134,139,-5,5
64144,124,134,-10,10
64145,105,114,-9,9
64146,102,101,1,1
64147,109,108,1,1
64148,100,104,-4,4
64149,84,92,-8,8
64150,88,91,-3,3
64151,86,89,-3,3
64152,92,92,0,0
64153,125,124,1,1
64154,70,76,-6,6
64155,167,141,26,26
64156,151,159,-8,8
64157,80,82,-2,2
64158,125,112,13,13
64159,140,150,-10,10
64160,101,105,-4,4
64161,68,70,-2,2
64162,48,59,-11,11
64163,105,105,0,0
64164,72,75,-3,3
64165,73,81,-8,8
64166,139,139,0,0
64167,88,98,-10,10
64168,65,100,-35,35
64169,100,102,-2,2
64170,150,148,2,2
64171,116,117,-1,1
64172,64,72,-8,8
64173,115,108,7,7
64174,58,71,-13,13
64175,132,142,-10,10
64176,91,88,3,3
64177,75,75,0,0
64178,98,107,-9,9
64179,109,110,-1,1
64180,115,107,8,8
64181,86,101,-15,15
64182,100,94,6,6
64183,77,82,-5,5
64184,156,161,-5,5
64185,63,69,-6,6
64186,81,89,-8,8
64187,95,97,-2,2
64188,70,76,-6,6
64189,100,104,-4,4
64190,92,96,-4,4
64191,150,157,-7,7
64192,99,109,-10,10
64193,133,131,2,2
64194,46,60,-14,14
64195,99,96,3,3
64196,128,122,6,6
64197,77,87,-10,10
64198,77,83,-6,6
64199,62,76,-14,14
64200,175,155,20,20
64201,183,182,1,1
64202,80,90,-10,10
64203,124,131,-7,7
64204,116,114,2,2
64205,140,148,-8,8
64206,74,74,0,0
64207,104,123,-19,19
64208,43,64,-21,21
64209,191,177,14,14
64210,245,240,5,5
64211,94,93,1,1
64212,110,106,4,4
64213,86,93,-7,7
64214,49,65,-16,16
64215,116,122,-6,6
64216,58,65,-7,7
64217,51,56,-5,5
64218,96,99,-3,3
64219,73,85,-12,12
64220,100,106,-6,6
64221,83,140,-57,57
64222,130,128,2,2
64223,64,76,-12,12
64224,77,87,-10,10
64225,126,134,-8,8
64226,52,61,-9,9
64227,84,86,-2,2
64228,69,88,-19,19
64229,107,129,-22,22
64230,104,99,5,5
64231,55,62,-7,7
64232,87,98,-11,11
64233,88,98,-10,10
64234,147,156,-9,9
64235,122,119,3,3
64236,120,116,4,4
64237,166,159,7,7
64238,80,93,-13,13
64239,122,129,-7,7
64240,43,51,-8,8
64241,121,116,5,5
64242,70,81,-11,11
64243,101,104,-3,3
64244,57,69,-12,12
64245,100,100,0,0
64246,52,66,-14,14
64247,69,79,-10,10
64248,52,58,-6,6
64249,60,70,-10,10
64250,74,76,-2,2
64251,92,99,-7,7
64252,47,61,-14,14
64253,91,99,-8,8
64254,72,82,-10,10
64255,45,53,-8,8
64256,70,86,-16,16
64257,119,123,-4,4
64258,113,121,-8,8
64259,51,63,-12,12
64260,56,66,-10,10
64261,95,98,-3,3
64262,82,98,-16,16
64263,79,85,-6,6
64264,70,80,-10,10
64265,78,86,-8,8
64266,94,97,-3,3
64267,68,73,-5,5
64268,87,98,-11,11
64269,164,178,-14,14
64270,101,98,3,3
64271,145,146,-1,1
64272,50,57,-7,7
64273,65,87,-22,22
64274,108,101,7,7
64275,77,80,-3,3
64276,153,141,12,12
64277,113,109,4,4
64278,181,155,26,26
64279,52,59,-7,7
64280,96,102,-6,6
64281,139,133,6,6
64282,91,97,-6,6
64283,73,81,-8,8
64284,77,85,-8,8
64285,71,77,-6,6
64286,51,59,-8,8
64287,90,95,-5,5
64288,68,72,-4,4
64289,73,79,-6,6
64290,94,107,-13,13
64291,69,73,-4,4
64292,90,97,-7,7
64293,154,156,-2,2
64294,163,144,19,19
64295,74,82,-8,8
64296,55,64,-9,9
64297,73,84,-11,11
64298,33,40,-7,7
64299,154,148,6,6
64300,70,61,9,9
64301,72,80,-8,8
64302,96,105,-9,9
64303,117,118,-1,1
64304,127,125,2,2
64305,84,94,-10,10
64306,99,111,-12,12
64307,72,77,-5,5
64308,144,136,8,8
64309,74,83,-9,9
64310,75,80,-5,5
64311,89,90,-1,1
64312,122,118,4,4
64313,165,159,6,6
64314,45,53,-8,8
64315,82,95,-13,13
64316,84,86,-2,2
64317,166,164,2,2
64318,140,130,10,10
64319,96,107,-11,11
64320,73,78,-5,5
64321,200,185,15,15
64322,113,113,0,0
64323,137,133,4,4
64324,87,95,-8,8
64325,127,127,0,0
64326,74,69,5,5
64327,89,90,-1,1
64328,128,140,-12,12
64329,73,81,-8,8
64330,53,59,-6,6
64331,26,53,-27,27
64332,104,108,-4,4
64333,91,91,0,0
64334,157,150,7,7
64335,93,94,-1,1
64336,125,132,-7,7
64337,66,67,-1,1
64338,125,125,0,0
64339,144,121,23,23
64340,106,103,3,3
64341,129,123,6,6
64342,86,99,-13,13
64343,188,181,7,7
64344,142,136,6,6
64345,54,63,-9,9
64346,185,156,29,29
64347,152,151,1,1
64348,55,61,-6,6
64349,74,85,-11,11
64350,132,138,-6,6
64351,80,85,-5,5
64352,77,83,-6,6
64353,67,82,-15,15
64354,71,74,-3,3
64355,129,131,-2,2
64356,116,113,3,3
64357,97,98,-1,1
64358,39,51,-12,12
64359,44,60,-16,16
64360,73,81,-8,8
64361,78,81,-3,3
64362,68,71,-3,3
64363,57,62,-5,5
64364,97,84,13,13
64365,77,83,-6,6
64366,159,157,2,2
64367,144,133,11,11
64368,58,68,-10,10
64369,74,87,-13,13
64370,47,57,-10,10
64371,86,90,-4,4
64372,95,87,8,8
64373,74,77,-3,3
64374,84,99,-15,15
64375,175,169,6,6
64376,47,57,-10,10
64377,110,107,3,3
64378,181,174,7,7
64379,117,118,-1,1
64380,77,74,3,3
64381,88,85,3,3
64382,84,97,-13,13
64383,56,62,-6,6
64384,49,56,-7,7
64385,75,86,-11,11
64386,58,62,-4,4
64387,110,114,-4,4
64388,80,89,-9,9
64389,120,131,-11,11
64390,79,103,-24,24
64391,107,118,-11,11
64392,79,86,-7,7
64393,69,76,-7,7
64394,36,56,-20,20
64395,106,110,-4,4
64396,64,67,-3,3
64397,91,103,-12,12
64398,70,80,-10,10
64399,69,74,-5,5
64400,75,85,-10,10
64401,54,63,-9,9
64402,69,82,-13,13
64403,105,120,-15,15
64404,67,80,-13,13
64405,28,50,-22,22
64406,57,65,-8,8
64407,46,48,-2,2
64408,52,64,-12,12
64409,122,125,-3,3
64410,101,103,-2,2
64411,129,124,5,5
64412,143,157,-14,14
64413,193,181,12,12
64414,55,64,-9,9
64415,92,98,-6,6
64416,107,95,12,12
64417,137,123,14,14
64418,100,106,-6,6
64419,61,72,-11,11
64420,113,101,12,12
64421,112,109,3,3
64422,78,77,1,1
64423,82,94,-12,12
64424,58,74,-16,16
64425,65,61,4,4
64426,52,67,-15,15
64427,106,110,-4,4
64428,47,59,-12,12
64429,72,87,-15,15
64430,75,82,-7,7
64431,135,144,-9,9
64432,87,96,-9,9
64433,175,170,5,5
64434,99,109,-10,10
64435,50,59,-9,9
64436,90,88,2,2
64437,83,96,-13,13
64438,68,78,-10,10
64439,85,91,-6,6
64440,73,83,-10,10
64441,58,74,-16,16
64442,78,85,-7,7
64443,89,104,-15,15
64444,49,57,-8,8
64445,73,71,2,2
64446,108,94,14,14
64447,60,72,-12,12
64448,142,129,13,13
64449,217,198,19,19
64450,57,59,-2,2
64451,61,66,-5,5
64452,82,81,1,1
64453,73,82,-9,9
64454,108,110,-2,2
64455,139,149,-10,10
64456,80,83,-3,3
64457,218,201,17,17
64458,119,121,-2,2
64459,105,104,1,1
64460,57,68,-11,11
64461,106,123,-17,17
64462,74,87,-13,13
64463,77,89,-12,12
64464,143,139,4,4
64465,103,106,-3,3
64466,120,118,2,2
64467,124,112,12,12
64468,112,110,2,2
64469,105,104,1,1
64470,144,145,-1,1
64471,97,97,0,0
64472,65,68,-3,3
64473,74,82,-8,8
64474,55,65,-10,10
64475,80,85,-5,5
64476,115,117,-2,2
64477,145,151,-6,6
64478,103,115,-12,12
64479,132,128,4,4
64480,46,46,0,0
64481,59,64,-5,5
64482,83,83,0,0
64483,150,153,-3,3
64484,182,174,8,8
64485,44,58,-14,14
64486,64,82,-18,18
64487,53,61,-8,8
64488,78,92,-14,14
64489,112,123,-11,11
64490,109,112,-3,3
64491,95,107,-12,12
64492,62,94,-32,32
64493,57,69,-12,12
64494,130,132,-2,2
64495,101,101,0,0
64496,135,140,-5,5
64497,100,120,-20,20
64498,107,120,-13,13
64499,97,110,-13,13
64500,79,81,-2,2
64501,80,90,-10,10
64502,94,80,14,14
64503,122,122,0,0
64504,57,67,-10,10
64505,58,68,-10,10
64506,76,82,-6,6
64507,144,132,12,12
64508,51,55,-4,4
64509,54,66,-12,12
64510,85,92,-7,7
64511,61,69,-8,8
64512,148,126,22,22
64513,33,48,-15,15
64514,99,100,-1,1
64515,117,112,5,5
64516,82,86,-4,4
64517,54,86,-32,32
64518,144,139,5,5
64519,141,136,5,5
64520,80,92,-12,12
64521,203,184,19,19
64522,93,97,-4,4
64523,65,72,-7,7
64524,61,61,0,0
64525,139,131,8,8
64526,84,92,-8,8
64527,72,89,-17,17
64528,68,79,-11,11
64529,56,74,-18,18
64530,101,105,-4,4
64531,63,78,-15,15
64532,94,102,-8,8
64533,120,121,-1,1
64534,113,122,-9,9
64535,32,46,-14,14
64536,94,109,-15,15
64537,116,118,-2,2
64538,101,100,1,1
64539,57,68,-11,11
64540,144,141,3,3
64541,76,83,-7,7
64542,94,98,-4,4
64543,80,88,-8,8
64544,100,103,-3,3
64545,150,140,10,10
64546,85,93,-8,8
64547,77,80,-3,3
64548,75,79,-4,4
64549,170,160,10,10
64550,138,147,-9,9
64551,74,74,0,0
64552,83,89,-6,6
64553,193,191,2,2
64554,95,90,5,5
64555,132,133,-1,1
64556,69,75,-6,6
64557,120,137,-17,17
64558,102,104,-2,2
64559,87,82,5,5
64560,133,121,12,12
64561,106,109,-3,3
64562,90,101,-11,11
64563,61,72,-11,11
64564,87,92,-5,5
64565,130,129,1,1
64566,77,86,-9,9
64567,80,102,-22,22
64568,95,85,10,10
64569,64,70,-6,6
64570,57,70,-13,13
64571,70,77,-7,7
64572,111,113,-2,2
64573,54,65,-11,11
64574,142,167,-25,25
64575,52,66,-14,14
64576,47,59,-12,12
64577,133,140,-7,7
64578,140,148,-8,8
64579,60,73,-13,13
64580,186,160,26,26
64581,77,85,-8,8
64582,101,97,4,4
64583,59,65,-6,6
64584,121,133,-12,12
64585,104,113,-9,9
64586,155,136,19,19
64587,83,85,-2,2
64588,77,81,-4,4
64589,123,113,10,10
64590,59,67,-8,8
64591,105,95,10,10
64592,75,88,-13,13
64593,116,112,4,4
64594,72,80,-8,8
64595,149,156,-7,7
64596,119,119,0,0
64597,63,77,-14,14
64598,87,86,1,1
64599,137,133,4,4
64600,82,80,2,2
64601,125,126,-1,1
64602,36,51,-15,15
64603,67,77,-10,10
64604,116,120,-4,4
64605,155,144,11,11
64606,103,98,5,5
64607,104,105,-1,1
64608,143,143,0,0
64609,123,122,1,1
64610,121,116,5,5
64611,87,81,6,6
64612,72,81,-9,9
64613,49,77,-28,28
64614,69,87,-18,18
64615,72,92,-20,20
64616,116,102,14,14
64617,138,145,-7,7
64618,97,105,-8,8
64619,63,68,-5,5
64620,109,107,2,2
64621,80,86,-6,6
64622,96,97,-1,1
64623,98,92,6,6
64624,101,110,-9,9
64625,143,157,-14,14
64626,90,96,-6,6
64627,85,88,-3,3
64628,120,130,-10,10
64629,65,69,-4,4
64630,161,147,14,14
64631,124,112,12,12
64632,103,107,-4,4
64633,99,104,-5,5
64634,121,135,-14,14
64635,122,122,0,0
64636,104,118,-14,14
64637,160,171,-11,11
64638,109,92,17,17
64639,63,75,-12,12
64640,112,116,-4,4
64641,88,90,-2,2
64642,88,94,-6,6
64643,101,119,-18,18
64644,50,60,-10,10
64645,170,176,-6,6
64646,64,78,-14,14
64647,102,113,-11,11
64648,93,97,-4,4
64649,132,132,0,0
64650,75,89,-14,14
64651,84,81,3,3
64652,60,71,-11,11
64653,103,122,-19,19
64654,58,67,-9,9
64655,153,140,13,13
64656,135,125,10,10
64657,62,90,-28,28
64658,162,149,13,13
64659,74,84,-10,10
64660,90,88,2,2
64661,127,127,0,0
64662,97,108,-11,11
64663,102,104,-2,2
64664,117,119,-2,2
64665,38,54,-16,16
64666,114,115,-1,1
64667,45,51,-6,6
64668,100,104,-4,4
64669,61,64,-3,3
64670,101,99,2,2
64671,120,123,-3,3
64672,152,144,8,8
64673,84,94,-10,10
64674,100,96,4,4
64675,108,105,3,3
64676,124,139,-15,15
64677,148,156,-8,8
64678,46,56,-10,10
64679,119,123,-4,4
64680,118,113,5,5
64681,52,67,-15,15
64682,104,113,-9,9
64683,82,105,-23,23
64684,100,94,6,6
64685,118,117,1,1
64686,70,81,-11,11
64687,104,96,8,8
64688,141,138,3,3
64689,97,101,-4,4
64690,24,39,-15,15
64691,192,170,22,22
64692,71,72,-1,1
64693,78,94,-16,16
64694,46,59,-13,13
64695,79,89,-10,10
64696,153,152,1,1
64697,88,105,-17,17
64698,64,79,-15,15
64699,81,80,1,1
64700,81,85,-4,4
64701,105,104,1,1
64702,88,95,-7,7
64703,120,127,-7,7
64704,68,73,-5,5
64705,84,88,-4,4
64706,121,118,3,3
64707,80,79,1,1
64708,138,139,-1,1
64709,90,88,2,2
64710,87,95,-8,8
64711,92,98,-6,6
64712,111,122,-11,11
64713,77,79,-2,2
64714,74,80,-6,6
64715,170,146,24,24
64716,77,87,-10,10
64717,117,128,-11,11
64718,151,139,12,12
64719,84,93,-9,9
64720,108,122,-14,14
64721,69,83,-14,14
64722,121,129,-8,8
64723,94,109,-15,15
64724,41,52,-11,11
64725,140,137,3,3
64726,76,77,-1,1
64727,85,84,1,1
64728,104,117,-13,13
64729,48,61,-13,13
64730,128,141,-13,13
64731,68,73,-5,5
64732,70,75,-5,5
64733,93,90,3,3
64734,69,88,-19,19
64735,56,62,-6,6
64736,96,102,-6,6
64737,50,58,-8,8
64738,64,75,-11,11
64739,69,82,-13,13
64740,89,93,-4,4
64741,75,84,-9,9
64742,77,87,-10,10
64743,68,71,-3,3
64744,59,97,-38,38
64745,140,126,14,14
64746,79,80,-1,1
64747,46,53,-7,7
64748,54,56,-2,2
64749,89,98,-9,9
64750,99,107,-8,8
64751,68,75,-7,7
64752,86,100,-14,14
64753,106,101,5,5
64754,82,85,-3,3
64755,97,127,-30,30
64756,29,53,-24,24
64757,99,99,0,0
64758,119,124,-5,5
64759,102,107,-5,5
64760,104,109,-5,5
64761,148,132,16,16
64762,146,141,5,5
64763,107,103,4,4
64764,49,60,-11,11
64765,45,57,-12,12
64766,133,131,2,2
64767,102,110,-8,8
64768,110,119,-9,9
64769,100,106,-6,6
64770,112,111,1,1
64771,59,75,-16,16
64772,73,72,1,1
64773,115,128,-13,13
64774,88,93,-5,5
64775,77,94,-17,17
64776,133,131,2,2
64777,86,92,-6,6
64778,74,73,1,1
64779,125,124,1,1
64780,97,103,-6,6
64781,71,75,-4,4
64782,42,55,-13,13
64783,140,142,-2,2
64784,70,79,-9,9
64785,76,88,-12,12
64786,59,67,-8,8
64787,87,101,-14,14
64788,134,125,9,9
64789,173,162,11,11
64790,47,57,-10,10
64791,112,106,6,6
64792,94,108,-14,14
64793,81,82,-1,1
64794,152,151,1,1
64795,56,67,-11,11
64796,72,82,-10,10
64797,82,85,-3,3
64798,68,76,-8,8
64799,87,95,-8,8
64800,116,138,-22,22
64801,49,54,-5,5
64802,124,122,2,2
64803,146,152,-6,6
64804,151,143,8,8
64805,67,94,-27,27
64806,57,98,-41,41
64807,147,148,-1,1
64808,104,109,-5,5
64809,124,130,-6,6
64810,46,60,-14,14
64811,118,122,-4,4
64812,110,115,-5,5
64813,82,86,-4,4
64814,97,96,1,1
64815,104,100,4,4
64816,46,55,-9,9
64817,76,87,-11,11
64818,66,74,-8,8
64819,51,58,-7,7
64820,63,65,-2,2
64821,81,83,-2,2
64822,110,116,-6,6
64823,160,157,3,3
64824,65,72,-7,7
64825,43,54,-11,11
64826,67,127,-60,60
64827,104,104,0,0
64828,83,95,-12,12
64829,57,75,-18,18
64830,139,138,1,1
64831,78,86,-8,8
64832,68,68,0,0
64833,91,92,-1,1
64834,117,123,-6,6
64835,117,118,-1,1
64836,110,117,-7,7
64837,67,73,-6,6
64838,89,97,-8,8
64839,96,109,-13,13
64840,92,105,-13,13
64841,87,92,-5,5
64842,92,90,2,2
64843,59,73,-14,14
64844,66,71,-5,5
64845,160,163,-3,3
64846,188,170,18,18
64847,96,102,-6,6
64848,75,87,-12,12
64849,140,138,2,2
64850,95,98,-3,3
64851,83,89,-6,6
64852,103,107,-4,4
64853,81,89,-8,8
64854,87,93,-6,6
64855,90,96,-6,6
64856,66,74,-8,8
64857,100,100,0,0
64858,75,81,-6,6
64859,50,62,-12,12
64860,68,78,-10,10
64861,82,84,-2,2
64862,72,71,1,1
64863,56,67,-11,11
64864,113,114,-1,1
64865,41,54,-13,13
64866,56,66,-10,10
64867,92,94,-2,2
64868,68,75,-7,7
64869,63,70,-7,7
64870,111,119,-8,8
64871,74,82,-8,8
64872,91,95,-4,4
64873,84,139,-55,55
64874,107,120,-13,13
64875,95,97,-2,2
64876,80,82,-2,2
64877,125,136,-11,11
64878,57,63,-6,6
64879,115,125,-10,10
64880,117,119,-2,2
64881,71,83,-12,12
64882,72,77,-5,5
64883,199,184,15,15
64884,100,109,-9,9
64885,75,73,2,2
64886,78,82,-4,4
64887,82,84,-2,2
64888,85,92,-7,7
64889,53,65,-12,12
64890,89,94,-5,5
64891,111,107,4,4
64892,58,66,-8,8
64893,74,75,-1,1
64894,106,123,-17,17
64895,139,141,-2,2
64896,94,99,-5,5
64897,66,71,-5,5
64898,140,127,13,13
64899,100,103,-3,3
64900,60,67,-7,7
64901,118,115,3,3
64902,108,100,8,8
64903,131,123,8,8
64904,141,152,-11,11
64905,107,109,-2,2
64906,65,85,-20,20
64907,104,112,-8,8
64908,121,129,-8,8
64909,93,104,-11,11
64910,85,95,-10,10
64911,77,90,-13,13
64912,113,110,3,3
64913,44,54,-10,10
64914,110,127,-17,17
64915,75,75,0,0
64916,65,81,-16,16
64917,59,67,-8,8
64918,102,97,5,5
64919,93,114,-21,21
64920,85,90,-5,5
64921,57,64,-7,7
64922,129,126,3,3
64923,45,63,-18,18
64924,60,85,-25,25
64925,89,103,-14,14
64926,93,98,-5,5
64927,104,108,-4,4
64928,55,62,-7,7
64929,83,93,-10,10
64930,137,133,4,4
64931,109,103,6,6
64932,69,79,-10,10
64933,110,126,-16,16
64934,119,106,13,13
64935,97,96,1,1
64936,81,87,-6,6
64937,104,105,-1,1
64938,71,84,-13,13
64939,50,66,-16,16
64940,136,132,4,4
64941,70,71,-1,1
64942,63,78,-15,15
64943,90,100,-10,10
64944,102,105,-3,3
64945,50,59,-9,9
64946,138,130,8,8
64947,103,131,-28,28
64948,127,124,3,3
64949,129,134,-5,5
64950,144,144,0,0
64951,52,67,-15,15
64952,72,81,-9,9
64953,94,102,-8,8
64954,77,78,-1,1
64955,62,73,-11,11
64956,91,100,-9,9
64957,58,67,-9,9
64958,78,81,-3,3
64959,63,71,-8,8
64960,111,106,5,5
64961,87,92,-5,5
64962,85,88,-3,3
64963,224,195,29,29
64964,99,98,1,1
64965,84,83,1,1
64966,101,105,-4,4
64967,156,140,16,16
64968,50,59,-9,9
64969,82,87,-5,5
64970,190,197,-7,7
64971,127,138,-11,11
64972,61,68,-7,7
64973,100,107,-7,7
64974,81,91,-10,10
64975,141,128,13,13
64976,80,85,-5,5
64977,67,74,-7,7
64978,90,98,-8,8
64979,81,83,-2,2
64980,55,59,-4,4
64981,85,92,-7,7
64982,36,51,-15,15
64983,87,83,4,4
64984,73,90,-17,17
64985,90,93,-3,3
64986,69,73,-4,4
64987,88,92,-4,4
64988,64,75,-11,11
64989,56,65,-9,9
64990,130,123,7,7
64991,59,65,-6,6
64992,140,148,-8,8
64993,129,122,7,7
64994,122,122,0,0
64995,69,73,-4,4
64996,65,81,-16,16
64997,103,108,-5,5
64998,36,43,-7,7
64999,193,192,1,1
65000,123,120,3,3
65001,77,82,-5,5
65002,75,79,-4,4
65003,85,99,-14,14
65004,124,126,-2,2
65005,148,149,-1,1
65006,92,101,-9,9
65007,70,72,-2,2
65008,129,126,3,3
65009,51,59,-8,8
65010,98,94,4,4
65011,130,123,7,7
65012,134,133,1,1
65013,89,87,2,2
65014,83,97,-14,14
65015,89,96,-7,7
65016,101,103,-2,2
65017,110,103,7,7
65018,68,75,-7,7
65019,68,71,-3,3
65020,72,81,-9,9
65021,77,88,-11,11
65022,147,139,8,8
65023,117,117,0,0
65024,79,100,-21,21
65025,103,110,-7,7
65026,65,76,-11,11
65027,102,105,-3,3
65028,66,74,-8,8
65029,101,101,0,0
65030,77,87,-10,10
65031,58,69,-11,11
65032,75,83,-8,8
65033,50,72,-22,22
65034,116,115,1,1
65035,78,82,-4,4
65036,111,104,7,7
65037,35,49,-14,14
65038,94,97,-3,3
65039,136,129,7,7
65040,71,76,-5,5
65041,94,112,-18,18
65042,81,83,-2,2
65043,54,60,-6,6
65044,94,93,1,1
65045,94,101,-7,7
65046,143,141,2,2
65047,82,89,-7,7
65048,156,144,12,12
65049,81,93,-12,12
65050,169,169,0,0
65051,104,104,0,0
65052,107,112,-5,5
65053,69,88,-19,19
65054,123,110,13,13
65055,51,61,-10,10
65056,88,100,-12,12
65057,41,55,-14,14
65058,56,71,-15,15
65059,138,141,-3,3
65060,102,98,4,4
65061,97,100,-3,3
65062,124,136,-12,12
65063,124,121,3,3
65064,119,138,-19,19
65065,55,63,-8,8
65066,116,120,-4,4
65067,60,65,-5,5
65068,134,126,8,8
65069,63,95,-32,32
65070,73,80,-7,7
65071,145,145,0,0
65072,111,120,-9,9
65073,110,122,-12,12
65074,194,180,14,14
65075,92,103,-11,11
65076,97,94,3,3
65077,116,120,-4,4
65078,61,64,-3,3
65079,150,149,1,1
65080,45,59,-14,14
65081,99,93,6,6
65082,79,82,-3,3
65083,118,124,-6,6
65084,74,75,-1,1
65085,108,109,-1,1
65086,85,87,-2,2
65087,89,85,4,4
65088,107,113,-6,6
65089,165,171,-6,6
65090,84,86,-2,2
65091,132,129,3,3
65092,90,92,-2,2
65093,144,123,21,21
65094,87,98,-11,11
65095,103,96,7,7
65096,98,107,-9,9
65097,88,90,-2,2
65098,125,126,-1,1
65099,112,105,7,7
65100,51,66,-15,15
65101,105,109,-4,4
65102,149,132,17,17
65103,109,108,1,1
65104,74,81,-7,7
65105,83,88,-5,5
65106,85,92,-7,7
65107,75,77,-2,2
65108,78,90,-12,12
65109,67,74,-7,7
65110,48,57,-9,9
65111,109,95,14,14
65112,92,90,2,2
65113,90,98,-8,8
65114,90,92,-2,2
65115,98,101,-3,3
65116,76,80,-4,4
65117,83,91,-8,8
65118,148,151,-3,3
65119,99,103,-4,4
65120,68,76,-8,8
65121,79,82,-3,3
65122,98,107,-9,9
65123,194,192,2,2
65124,90,88,2,2
65125,70,73,-3,3
65126,88,95,-7,7
65127,66,72,-6,6
65128,81,77,4,4
65129,122,128,-6,6
65130,96,104,-8,8
65131,69,78,-9,9
65132,113,105,8,8
65133,61,76,-15,15
65134,101,92,9,9
65135,178,168,10,10
65136,111,113,-2,2
65137,81,84,-3,3
65138,147,165,-18,18
65139,121,121,0,0
65140,78,82,-4,4
65141,86,91,-5,5
65142,54,62,-8,8
65143,46,55,-9,9
65144,62,74,-12,12
65145,94,120,-26,26
65146,101,107,-6,6
65147,60,73,-13,13
65148,72,73,-1,1
65149,75,90,-15,15
65150,148,141,7,7
65151,123,118,5,5
65152,81,97,-16,16
65153,126,130,-4,4
65154,163,153,10,10
65155,105,110,-5,5
65156,85,89,-4,4
65157,102,103,-1,1
65158,89,93,-4,4
65159,123,132,-9,9
65160,62,67,-5,5
65161,78,93,-15,15
65162,98,98,0,0
65163,68,75,-7,7
65164,99,107,-8,8
65165,112,110,2,2
65166,89,91,-2,2
65167,89,100,-11,11
65168,83,84,-1,1
65169,119,120,-1,1
65170,92,107,-15,15
65171,77,88,-11,11
65172,74,78,-4,4
65173,115,132,-17,17
65174,107,106,1,1
65175,98,96,2,2
65176,136,131,5,5
65177,42,57,-15,15
65178,119,123,-4,4
65179,119,123,-4,4
65180,109,107,2,2
65181,113,117,-4,4
65182,164,160,4,4
65183,86,87,-1,1
65184,97,103,-6,6
65185,112,117,-5,5
65186,124,124,0,0
65187,84,100,-16,16
65188,77,83,-6,6
65189,87,94,-7,7
65190,52,62,-10,10
65191,112,110,2,2
65192,78,82,-4,4
65193,93,97,-4,4
65194,115,131,-16,16
65195,76,78,-2,2
65196,209,192,17,17
65197,41,64,-23,23
65198,115,112,3,3
65199,155,140,15,15
65200,53,61,-8,8
65201,72,78,-6,6
65202,110,93,17,17
65203,91,101,-10,10
65204,99,101,-2,2
65205,88,99,-11,11
65206,100,105,-5,5
65207,73,90,-17,17
65208,70,74,-4,4
65209,126,123,3,3
65210,102,106,-4,4
65211,97,97,0,0
65212,60,72,-12,12
65213,44,58,-14,14
65214,62,78,-16,16
65215,52,64,-12,12
65216,128,128,0,0
65217,168,167,1,1
65218,101,105,-4,4
65219,106,114,-8,8
65220,191,173,18,18
65221,51,70,-19,19
65222,196,170,26,26
65223,92,103,-11,11
65224,47,55,-8,8
65225,115,112,3,3
65226,70,74,-4,4
65227,84,96,-12,12
65228,145,140,5,5
65229,102,111,-9,9
65230,31,43,-12,12
65231,65,70,-5,5
65232,92,96,-4,4
65233,77,87,-10,10
65234,90,101,-11,11
65235,30,43,-13,13
65236,72,86,-14,14
65237,109,115,-6,6
65238,148,149,-1,1
65239,81,88,-7,7
65240,75,78,-3,3
65241,60,67,-7,7
65242,147,145,2,2
65243,95,86,9,9
65244,71,82,-11,11
65245,145,153,-8,8
65246,91,103,-12,12
65247,48,77,-29,29
65248,94,96,-2,2
65249,86,101,-15,15
65250,70,75,-5,5
65251,120,124,-4,4
65252,117,120,-3,3
65253,118,100,18,18
65254,66,73,-7,7
65255,70,77,-7,7
65256,51,58,-7,7
65257,80,88,-8,8
65258,78,88,-10,10
65259,136,126,10,10
65260,105,115,-10,10
65261,94,91,3,3
65262,119,115,4,4
65263,119,124,-5,5
65264,66,75,-9,9
65265,133,129,4,4
65266,106,109,-3,3
65267,110,106,4,4
65268,109,109,0,0
65269,97,110,-13,13
65270,54,67,-13,13
65271,143,139,4,4
65272,103,110,-7,7
65273,55,60,-5,5
65274,72,78,-6,6
65275,300,245,55,55
65276,110,112,-2,2
65277,120,121,-1,1
65278,114,124,-10,10
65279,65,75,-10,10
65280,51,60,-9,9
65281,107,102,5,5
65282,86,98,-12,12
65283,91,98,-7,7
65284,102,97,5,5
65285,72,72,0,0
65286,82,87,-5,5
65287,134,129,5,5
65288,133,127,6,6
65289,79,88,-9,9
65290,146,146,0,0
65291,176,194,-18,18
65292,117,118,-1,1
65293,82,91,-9,9
65294,105,109,-4,4
65295,89,99,-10,10
65296,72,83,-11,11
65297,71,67,4,4
65298,117,124,-7,7
65299,140,139,1,1
65300,80,88,-8,8
65301,53,63,-10,10
65302,185,181,4,4
65303,111,107,4,4
65304,92,101,-9,9
65305,91,94,-3,3
65306,112,104,8,8
65307,59,65,-6,6
65308,106,105,1,1
65309,53,70,-17,17
65310,132,135,-3,3
65311,80,92,-12,12
65312,163,163,0,0
65313,58,70,-12,12
65314,138,130,8,8
65315,173,170,3,3
65316,64,77,-13,13
65317,78,81,-3,3
65318,101,111,-10,10
65319,103,107,-4,4
65320,87,88,-1,1
65321,105,106,-1,1
65322,94,95,-1,1
65323,89,101,-12,12
65324,63,78,-15,15
65325,92,91,1,1
65326,139,145,-6,6
65327,78,87,-9,9
65328,58,86,-28,28
65329,77,87,-10,10
65330,71,116,-45,45
65331,154,158,-4,4
65332,93,94,-1,1
65333,61,67,-6,6
65334,168,158,10,10
65335,139,130,9,9
65336,78,84,-6,6
65337,132,127,5,5
65338,56,62,-6,6
65339,78,88,-10,10
65340,86,94,-8,8
65341,68,74,-6,6
65342,31,63,-32,32
65343,60,67,-7,7
65344,150,145,5,5
65345,117,116,1,1
65346,104,105,-1,1
65347,102,107,-5,5
65348,77,93,-16,16
65349,64,77,-13,13
65350,103,109,-6,6
65351,113,122,-9,9
65352,96,105,-9,9
65353,114,103,11,11
65354,126,127,-1,1
65355,106,112,-6,6
65356,59,68,-9,9
65357,81,89,-8,8
65358,109,106,3,3
65359,121,132,-11,11
65360,70,73,-3,3
65361,148,150,-2,2
65362,94,106,-12,12
65363,127,123,4,4
65364,117,127,-10,10
65365,104,106,-2,2
65366,46,60,-14,14
65367,106,119,-13,13
65368,94,94,0,0
65369,124,117,7,7
65370,62,73,-11,11
65371,62,82,-20,20
65372,74,89,-15,15
65373,53,64,-11,11
65374,40,56,-16,16
65375,70,76,-6,6
65376,60,70,-10,10
65377,45,51,-6,6
65378,111,117,-6,6
65379,37,56,-19,19
65380,88,106,-18,18
65381,51,110,-59,59
65382,66,76,-10,10
65383,76,82,-6,6
65384,91,91,0,0
65385,121,126,-5,5
65386,135,137,-2,2
65387,87,99,-12,12
65388,99,104,-5,5
65389,106,108,-2,2
65390,83,92,-9,9
65391,94,93,1,1
65392,76,81,-5,5
65393,69,72,-3,3
65394,100,116,-16,16
65395,118,118,0,0
65396,66,86,-20,20
65397,89,95,-6,6
65398,104,122,-18,18
65399,110,103,7,7
65400,106,105,1,1
65401,118,120,-2,2
65402,83,94,-11,11
65403,85,87,-2,2
65404,73,92,-19,19
65405,72,72,0,0
65406,61,67,-6,6
65407,59,68,-9,9
65408,114,128,-14,14
65409,68,82,-14,14
65410,179,177,2,2
65411,70,79,-9,9
65412,91,93,-2,2
65413,114,114,0,0
65414,108,110,-2,2
65415,79,87,-8,8
65416,79,81,-2,2
65417,125,132,-7,7
65418,117,108,9,9
65419,68,83,-15,15
65420,79,82,-3,3
65421,103,117,-14,14
65422,207,179,28,28
65423,63,75,-12,12
65424,117,119,-2,2
65425,63,70,-7,7
65426,71,79,-8,8
65427,74,90,-16,16
65428,55,63,-8,8
65429,170,160,10,10
65430,69,73,-4,4
65431,51,69,-18,18
65432,55,63,-8,8
65433,73,79,-6,6
65434,89,111,-22,22
65435,173,157,16,16
65436,119,123,-4,4
65437,85,95,-10,10
65438,94,100,-6,6
65439,104,99,5,5
65440,96,103,-7,7
65441,61,72,-11,11
65442,86,96,-10,10
65443,95,98,-3,3
65444,161,157,4,4
65445,80,84,-4,4
65446,112,109,3,3
65447,75,86,-11,11
65448,141,132,9,9
65449,161,162,-1,1
65450,99,105,-6,6
65451,94,98,-4,4
65452,146,138,8,8
65453,72,79,-7,7
65454,105,96,9,9
65455,69,75,-6,6
65456,113,113,0,0
65457,132,119,13,13
65458,121,126,-5,5
65459,91,101,-10,10
65460,70,75,-5,5
65461,96,97,-1,1
65462,155,147,8,8
65463,130,140,-10,10
65464,186,164,22,22
65465,96,103,-7,7
65466,146,159,-13,13
65467,113,110,3,3
65468,86,96,-10,10
65469,104,102,2,2
65470,66,72,-6,6
65471,96,94,2,2
65472,88,82,6,6
65473,111,109,2,2
65474,146,137,9,9
65475,86,84,2,2
65476,46,56,-10,10
65477,72,77,-5,5
65478,170,152,18,18
65479,35,45,-10,10
65480,90,97,-7,7
65481,143,148,-5,5
65482,157,149,8,8
65483,62,74,-12,12
65484,65,73,-8,8
65485,75,77,-2,2
65486,89,93,-4,4
65487,82,81,1,1
65488,80,89,-9,9
65489,56,62,-6,6
65490,76,80,-4,4
65491,113,119,-6,6
65492,104,116,-12,12
65493,99,100,-1,1
65494,62,69,-7,7
65495,140,145,-5,5
65496,76,88,-12,12
65497,114,112,2,2
65498,108,118,-10,10
65499,81,79,2,2
65500,63,70,-7,7
65501,125,124,1,1
65502,70,68,2,2
65503,90,97,-7,7
65504,37,52,-15,15
65505,92,107,-15,15
65506,96,106,-10,10
65507,85,89,-4,4
65508,106,116,-10,10
65509,86,88,-2,2
65510,101,94,7,7
65511,101,106,-5,5
65512,100,108,-8,8
65513,105,104,1,1
65514,71,83,-12,12
65515,58,64,-6,6
65516,179,167,12,12
65517,106,110,-4,4
65518,89,92,-3,3
65519,84,85,-1,1
65520,113,110,3,3
65521,129,121,8,8
65522,87,101,-14,14
65523,122,127,-5,5
65524,109,115,-6,6
65525,78,90,-12,12
65526,96,100,-4,4
65527,176,153,23,23
65528,114,113,1,1
65529,89,85,4,4
65530,115,106,9,9
65531,73,72,1,1
65532,68,77,-9,9
65533,148,143,5,5
65534,70,77,-7,7
65535,108,105,3,3
65536,60,65,-5,5
65537,98,94,4,4
65538,47,57,-10,10
65539,84,92,-8,8
65540,60,63,-3,3
65541,119,127,-8,8
65542,66,79,-13,13
65543,115,119,-4,4
65544,172,155,17,17
65545,105,102,3,3
65546,83,85,-2,2
65547,75,77,-2,2
65548,48,57,-9,9
65549,100,104,-4,4
65550,59,75,-16,16
65551,67,69,-2,2
65552,103,112,-9,9
65553,48,55,-7,7
65554,108,123,-15,15
65555,77,73,4,4
65556,126,125,1,1
65557,82,108,-26,26
65558,38,57,-19,19
65559,99,97,2,2
65560,56,69,-13,13
65561,131,119,12,12
65562,96,92,4,4
65563,83,93,-10,10
65564,120,116,4,4
65565,102,101,1,1
65566,93,101,-8,8
65567,127,123,4,4
65568,67,64,3,3
65569,98,99,-1,1
65570,77,75,2,2
65571,84,81,3,3
65572,96,96,0,0
65573,118,120,-2,2
65574,84,89,-5,5
65575,70,90,-20,20
65576,100,107,-7,7
65577,118,113,5,5
65578,54,64,-10,10
65579,170,159,11,11
65580,91,105,-14,14
65581,86,87,-1,1
65582,82,93,-11,11
65583,123,125,-2,2
65584,94,98,-4,4
65585,86,84,2,2
65586,142,150,-8,8
65587,132,121,11,11
65588,140,139,1,1
65589,177,153,24,24
65590,54,67,-13,13
65591,51,63,-12,12
65592,130,125,5,5
65593,71,80,-9,9
65594,61,67,-6,6
65595,93,96,-3,3
65596,93,107,-14,14
65597,83,80,3,3
65598,104,100,4,4
65599,93,101,-8,8
65600,88,91,-3,3
65601,89,99,-10,10
65602,154,158,-4,4
65603,53,62,-9,9
65604,85,88,-3,3
65605,89,101,-12,12
65606,107,113,-6,6
65607,102,105,-3,3
65608,88,102,-14,14
65609,35,46,-11,11
65610,118,113,5,5
65611,63,69,-6,6
65612,56,69,-13,13
65613,41,54,-13,13
65614,108,116,-8,8
65615,137,140,-3,3
65616,70,71,-1,1
65617,131,146,-15,15
65618,83,82,1,1
65619,87,90,-3,3
65620,87,98,-11,11
65621,134,136,-2,2
65622,108,97,11,11
65623,73,88,-15,15
65624,110,107,3,3
65625,100,87,13,13
65626,57,82,-25,25
65627,101,102,-1,1
65628,124,122,2,2
65629,100,106,-6,6
65630,116,120,-4,4
65631,124,113,11,11
65632,119,127,-8,8
65633,95,115,-20,20
65634,131,120,11,11
65635,46,60,-14,14
65636,119,116,3,3
65637,86,88,-2,2
65638,148,149,-1,1
65639,63,68,-5,5
65640,84,83,1,1
65641,88,90,-2,2
65642,125,119,6,6
65643,180,159,21,21
65644,92,99,-7,7
65645,73,82,-9,9
65646,54,67,-13,13
65647,125,131,-6,6
65648,158,156,2,2
65649,115,114,1,1
65650,176,174,2,2
65651,71,93,-22,22
65652,109,122,-13,13
65653,115,114,1,1
65654,135,130,5,5
65655,75,80,-5,5
65656,71,82,-11,11
65657,74,91,-17,17
65658,123,134,-11,11
65659,85,92,-7,7
65660,124,123,1,1
65661,51,58,-7,7
65662,53,67,-14,14
65663,97,110,-13,13
65664,92,97,-5,5
65665,122,127,-5,5
65666,183,168,15,15
65667,94,105,-11,11
65668,151,142,9,9
65669,65,72,-7,7
65670,146,145,1,1
65671,68,83,-15,15
65672,186,167,19,19
65673,121,115,6,6
65674,77,83,-6,6
65675,99,109,-10,10
65676,102,110,-8,8
65677,80,87,-7,7
65678,123,124,-1,1
65679,90,101,-11,11
65680,96,104,-8,8
65681,119,105,14,14
65682,136,133,3,3
65683,84,85,-1,1
65684,135,139,-4,4
65685,84,108,-24,24
65686,56,64,-8,8
65687,81,88,-7,7
65688,69,66,3,3
65689,89,80,9,9
65690,105,107,-2,2
65691,113,118,-5,5
65692,79,82,-3,3
65693,167,152,15,15
65694,85,85,0,0
65695,80,87,-7,7
65696,72,79,-7,7
65697,129,131,-2,2
65698,155,138,17,17
65699,53,67,-14,14
65700,48,57,-9,9
65701,45,52,-7,7
65702,55,63,-8,8
65703,99,105,-6,6
65704,91,100,-9,9
65705,75,77,-2,2
65706,84,92,-8,8
65707,38,55,-17,17
65708,41,57,-16,16
65709,86,92,-6,6
65710,76,79,-3,3
65711,53,65,-12,12
65712,63,71,-8,8
65713,79,82,-3,3
65714,145,141,4,4
65715,97,104,-7,7
65716,120,120,0,0
65717,74,80,-6,6
65718,96,103,-7,7
65719,101,98,3,3
65720,94,108,-14,14
65721,92,87,5,5
65722,83,78,5,5
65723,122,112,10,10
65724,57,63,-6,6
65725,56,72,-16,16
65726,123,126,-3,3
65727,104,108,-4,4
65728,147,138,9,9
65729,190,196,-6,6
65730,120,121,-1,1
65731,173,163,10,10
65732,52,61,-9,9
65733,134,128,6,6
65734,110,107,3,3
65735,84,86,-2,2
65736,92,100,-8,8
65737,112,111,1,1
65738,60,67,-7,7
65739,76,84,-8,8
65740,159,148,11,11
65741,61,78,-17,17
65742,141,134,7,7
65743,107,111,-4,4
65744,103,98,5,5
65745,129,132,-3,3
65746,61,66,-5,5
65747,77,78,-1,1
65748,84,93,-9,9
65749,78,85,-7,7
65750,47,56,-9,9
65751,140,134,6,6
65752,56,62,-6,6
65753,154,143,11,11
65754,77,91,-14,14
65755,85,78,7,7
65756,104,115,-11,11
65757,70,94,-24,24
65758,71,78,-7,7
65759,63,67,-4,4
65760,84,86,-2,2
65761,110,102,8,8
65762,88,96,-8,8
65763,74,83,-9,9
65764,72,91,-19,19
65765,46,58,-12,12
65766,94,99,-5,5
65767,93,104,-11,11
65768,63,67,-4,4
65769,100,103,-3,3
65770,71,76,-5,5
65771,113,119,-6,6
65772,88,89,-1,1
65773,83,74,9,9
65774,76,91,-15,15
65775,83,80,3,3
65776,153,138,15,15
65777,134,137,-3,3
65778,91,97,-6,6
65779,56,66,-10,10
65780,89,97,-8,8
65781,51,63,-12,12
65782,121,117,4,4
65783,107,114,-7,7
65784,97,148,-51,51
65785,79,86,-7,7
65786,115,109,6,6
65787,60,70,-10,10
65788,105,105,0,0
65789,65,74,-9,9
65790,57,67,-10,10
65791,169,159,10,10
65792,92,94,-2,2
65793,104,120,-16,16
65794,68,72,-4,4
65795,72,74,-2,2
65796,92,96,-4,4
65797,124,128,-4,4
65798,85,95,-10,10
65799,123,123,0,0
65800,112,109,3,3
65801,138,151,-13,13
65802,205,188,17,17
65803,88,94,-6,6
65804,82,88,-6,6
65805,77,87,-10,10
65806,68,72,-4,4
65807,125,125,0,0
65808,87,94,-7,7
65809,112,117,-5,5
65810,66,81,-15,15
65811,132,128,4,4
65812,136,126,10,10
65813,232,220,12,12
65814,63,74,-11,11
65815,77,87,-10,10
65816,121,120,1,1
65817,161,153,8,8
65818,200,163,37,37
65819,65,70,-5,5
65820,104,99,5,5
65821,129,120,9,9
65822,129,148,-19,19
65823,123,118,5,5
65824,72,83,-11,11
65825,59,66,-7,7
65826,94,109,-15,15
65827,102,119,-17,17
65828,74,84,-10,10
65829,64,71,-7,7
65830,48,60,-12,12
65831,80,89,-9,9
65832,112,107,5,5
65833,67,128,-61,61
65834,79,93,-14,14
65835,79,87,-8,8
65836,51,63,-12,12
65837,213,197,16,16
65838,116,123,-7,7
65839,82,89,-7,7
65840,88,94,-6,6
65841,154,164,-10,10
65842,93,94,-1,1
65843,115,115,0,0
65844,58,64,-6,6
65845,89,100,-11,11
65846,69,74,-5,5
65847,124,121,3,3
65848,87,93,-6,6
65849,114,119,-5,5
65850,75,84,-9,9
65851,46,71,-25,25
65852,54,64,-10,10
65853,63,69,-6,6
65854,54,62,-8,8
65855,70,77,-7,7
65856,98,98,0,0
65857,74,82,-8,8
65858,76,82,-6,6
65859,80,84,-4,4
65860,73,132,-59,59
65861,108,110,-2,2
65862,100,104,-4,4
65863,64,63,1,1
65864,101,107,-6,6
65865,75,80,-5,5
65866,66,80,-14,14
65867,142,139,3,3
65868,47,57,-10,10
65869,71,71,0,0
65870,26,44,-18,18
65871,53,64,-11,11
65872,133,135,-2,2
65873,96,101,-5,5
65874,91,99,-8,8
65875,83,83,0,0
65876,103,112,-9,9
65877,89,88,1,1
65878,90,99,-9,9
65879,95,107,-12,12
65880,32,47,-15,15
65881,72,85,-13,13
65882,99,91,8,8
65883,115,116,-1,1
65884,86,97,-11,11
65885,93,106,-13,13
65886,129,123,6,6
65887,92,95,-3,3
65888,114,119,-5,5
65889,84,88,-4,4
65890,93,96,-3,3
65891,89,108,-19,19
65892,59,66,-7,7
65893,63,73,-10,10
65894,59,69,-10,10
65895,115,119,-4,4
65896,144,127,17,17
65897,76,86,-10,10
65898,112,114,-2,2
65899,118,136,-18,18
65900,80,90,-10,10
65901,106,110,-4,4
65902,92,104,-12,12
65903,65,74,-9,9
65904,130,142,-12,12
65905,108,107,1,1
65906,44,61,-17,17
65907,101,106,-5,5
65908,72,84,-12,12
65909,67,76,-9,9
65910,73,84,-11,11
65911,184,169,15,15
65912,83,85,-2,2
65913,77,85,-8,8
65914,113,113,0,0
65915,46,53,-7,7
65916,101,114,-13,13
65917,92,99,-7,7
65918,122,117,5,5
65919,67,71,-4,4
65920,134,128,6,6
65921,82,92,-10,10
65922,142,144,-2,2
65923,101,97,4,4
65924,119,131,-12,12
65925,44,53,-9,9
65926,105,109,-4,4
65927,99,108,-9,9
65928,127,127,0,0
65929,76,80,-4,4
65930,107,99,8,8
65931,104,120,-16,16
65932,104,103,1,1
65933,100,104,-4,4
65934,106,104,2,2
65935,66,68,-2,2
65936,154,143,11,11
65937,124,130,-6,6
65938,118,122,-4,4
65939,79,84,-5,5
65940,76,82,-6,6
65941,89,90,-1,1
65942,67,82,-15,15
65943,104,111,-7,7
65944,108,100,8,8
65945,76,81,-5,5
65946,47,60,-13,13
65947,98,109,-11,11
65948,137,146,-9,9
65949,111,111,0,0
65950,62,63,-1,1
65951,37,47,-10,10
65952,69,73,-4,4
65953,115,125,-10,10
65954,98,105,-7,7
65955,62,70,-8,8
65956,94,96,-2,2
65957,46,65,-19,19
65958,97,93,4,4
65959,108,103,5,5
65960,124,127,-3,3
65961,74,93,-19,19
65962,113,118,-5,5
65963,96,103,-7,7
65964,135,132,3,3
65965,81,90,-9,9
65966,101,104,-3,3
65967,109,117,-8,8
65968,121,121,0,0
65969,62,64,-2,2
65970,105,118,-13,13
65971,105,98,7,7
65972,96,86,10,10
65973,90,78,12,12
65974,81,81,0,0
65975,137,131,6,6
65976,86,88,-2,2
65977,86,96,-10,10
65978,105,112,-7,7
65979,120,116,4,4
65980,70,72,-2,2
65981,90,91,-1,1
65982,90,91,-1,1
65983,79,87,-8,8
65984,62,70,-8,8
65985,56,70,-14,14
65986,62,70,-8,8
65987,123,114,9,9
65988,108,116,-8,8
65989,73,84,-11,11
65990,92,90,2,2
65991,97,99,-2,2
65992,94,98,-4,4
65993,119,124,-5,5
65994,125,124,1,1
65995,252,220,32,32
65996,124,126,-2,2
65997,76,89,-13,13
65998,120,121,-1,1
65999,83,90,-7,7
66000,82,89,-7,7
66001,93,101,-8,8
66002,56,69,-13,13
66003,78,96,-18,18
66004,121,154,-33,33
66005,100,96,4,4
66006,91,88,3,3
66007,66,72,-6,6
66008,62,69,-7,7
66009,72,79,-7,7
66010,77,85,-8,8
66011,93,94,-1,1
66012,176,164,12,12
66013,55,64,-9,9
66014,75,85,-10,10
66015,60,68,-8,8
66016,143,127,16,16
66017,117,129,-12,12
66018,36,58,-22,22
66019,45,53,-8,8
66020,96,99,-3,3
66021,81,96,-15,15
66022,106,105,1,1
66023,83,100,-17,17
66024,105,102,3,3
66025,80,92,-12,12
66026,43,53,-10,10
66027,103,109,-6,6
66028,134,130,4,4
66029,53,62,-9,9
66030,115,113,2,2
66031,157,144,13,13
66032,67,78,-11,11
66033,104,123,-19,19
66034,148,150,-2,2
66035,116,111,5,5
66036,100,100,0,0
66037,63,74,-11,11
66038,71,84,-13,13
66039,71,71,0,0
66040,67,80,-13,13
66041,105,117,-12,12
66042,102,104,-2,2
66043,53,65,-12,12
66044,71,81,-10,10
66045,115,124,-9,9
66046,105,105,0,0
66047,62,87,-25,25
66048,119,119,0,0
66049,151,144,7,7
66050,55,71,-16,16
66051,76,87,-11,11
66052,37,47,-10,10
66053,126,107,19,19
66054,116,101,15,15
66055,119,123,-4,4
66056,86,87,-1,1
66057,64,78,-14,14
66058,53,64,-11,11
66059,108,106,2,2
66060,118,119,-1,1
66061,126,129,-3,3
66062,71,75,-4,4
66063,99,106,-7,7
66064,49,60,-11,11
66065,87,96,-9,9
66066,75,77,-2,2
66067,89,97,-8,8
66068,94,95,-1,1
66069,100,95,5,5
66070,80,80,0,0
66071,78,83,-5,5
66072,65,76,-11,11
66073,104,101,3,3
66074,111,121,-10,10
66075,182,149,33,33
66076,69,77,-8,8
66077,67,72,-5,5
66078,99,121,-22,22
66079,82,79,3,3
66080,99,90,9,9
66081,66,74,-8,8
66082,162,157,5,5
66083,142,135,7,7
66084,84,93,-9,9
66085,70,91,-21,21
66086,106,106,0,0
66087,57,65,-8,8
66088,89,88,1,1
66089,119,120,-1,1
66090,90,88,2,2
66091,59,72,-13,13
66092,80,81,-1,1
66093,113,112,1,1
66094,47,59,-12,12
66095,72,79,-7,7
66096,178,186,-8,8
66097,76,90,-14,14
66098,96,105,-9,9
66099,83,88,-5,5
66100,63,73,-10,10
66101,144,144,0,0
66102,42,61,-19,19
66103,52,56,-4,4
66104,125,118,7,7
66105,63,72,-9,9
66106,69,66,3,3
66107,78,78,0,0
66108,63,88,-25,25
66109,80,92,-12,12
66110,101,102,-1,1
66111,187,153,34,34
66112,163,150,13,13
66113,109,119,-10,10
66114,101,117,-16,16
66115,86,91,-5,5
66116,72,90,-18,18
66117,142,168,-26,26
66118,99,93,6,6
66119,64,74,-10,10
66120,79,87,-8,8
66121,85,81,4,4
66122,107,93,14,14
66123,97,97,0,0
66124,116,118,-2,2
66125,67,75,-8,8
66126,89,105,-16,16
66127,122,114,8,8
66128,140,138,2,2
66129,62,67,-5,5
66130,119,133,-14,14
66131,117,115,2,2
66132,104,117,-13,13
66133,47,62,-15,15
66134,73,82,-9,9
66135,159,139,20,20
66136,101,109,-8,8
66137,77,74,3,3
66138,58,66,-8,8
66139,78,84,-6,6
66140,97,95,2,2
66141,76,81,-5,5
66142,88,95,-7,7
66143,64,70,-6,6
66144,81,97,-16,16
66145,69,72,-3,3
66146,115,134,-19,19
66147,65,93,-28,28
66148,76,75,1,1
66149,58,71,-13,13
66150,33,47,-14,14
66151,133,127,6,6
66152,45,76,-31,31
66153,123,127,-4,4
66154,100,102,-2,2
66155,82,88,-6,6
66156,83,89,-6,6
66157,117,112,5,5
66158,74,74,0,0
66159,103,106,-3,3
66160,72,79,-7,7
66161,142,132,10,10
66162,121,111,10,10
66163,82,85,-3,3
66164,80,83,-3,3
66165,100,105,-5,5
66166,164,163,1,1
66167,95,96,-1,1
66168,57,66,-9,9
66169,81,83,-2,2
66170,39,49,-10,10
66171,123,121,2,2
66172,127,126,1,1
66173,82,86,-4,4
66174,105,105,0,0
66175,72,77,-5,5
66176,37,53,-16,16
66177,85,93,-8,8
66178,152,147,5,5
66179,80,83,-3,3
66180,55,66,-11,11
66181,76,94,-18,18
66182,21,48,-27,27
66183,220,205,15,15
66184,159,144,15,15
66185,90,97,-7,7
66186,148,151,-3,3
66187,102,103,-1,1
66188,83,86,-3,3
66189,80,100,-20,20
66190,100,93,7,7
66191,111,103,8,8
66192,79,88,-9,9
66193,82,83,-1,1
66194,82,87,-5,5
66195,197,191,6,6
66196,188,169,19,19
66197,177,184,-7,7
66198,76,81,-5,5
66199,157,174,-17,17
66200,49,67,-18,18
66201,44,58,-14,14
66202,66,74,-8,8
66203,156,147,9,9
66204,111,121,-10,10
66205,69,85,-16,16
66206,188,184,4,4
66207,126,115,11,11
66208,73,77,-4,4
66209,111,105,6,6
66210,94,92,2,2
66211,57,72,-15,15
66212,132,128,4,4
66213,164,163,1,1
66214,55,66,-11,11
66215,139,136,3,3
66216,77,78,-1,1
66217,43,57,-14,14
66218,96,94,2,2
66219,88,91,-3,3
66220,74,78,-4,4
66221,81,87,-6,6
66222,84,92,-8,8
66223,100,103,-3,3
66224,108,100,8,8
66225,44,65,-21,21
66226,77,87,-10,10
66227,79,88,-9,9
66228,111,116,-5,5
66229,86,91,-5,5
66230,61,69,-8,8
66231,85,87,-2,2
66232,45,61,-16,16
66233,81,78,3,3
66234,159,146,13,13
66235,80,80,0,0
66236,94,91,3,3
66237,89,93,-4,4
66238,96,96,0,0
66239,95,88,7,7
66240,127,114,13,13
66241,71,70,1,1
66242,68,71,-3,3
66243,80,93,-13,13
66244,122,121,1,1
66245,136,139,-3,3
66246,95,101,-6,6
66247,89,95,-6,6
66248,88,98,-10,10
66249,44,52,-8,8
66250,121,116,5,5
66251,47,56,-9,9
66252,72,75,-3,3
66253,72,77,-5,5
66254,145,160,-15,15
66255,77,85,-8,8
66256,129,144,-15,15
66257,65,76,-11,11
66258,121,120,1,1
66259,92,92,0,0
66260,100,112,-12,12
66261,36,51,-15,15
66262,122,119,3,3
66263,112,104,8,8
66264,76,77,-1,1
66265,112,127,-15,15
66266,75,86,-11,11
66267,81,86,-5,5
66268,102,94,8,8
66269,43,60,-17,17
66270,92,98,-6,6
66271,118,108,10,10
66272,73,79,-6,6
66273,179,181,-2,2
66274,63,76,-13,13
66275,128,139,-11,11
66276,161,161,0,0
66277,178,157,21,21
66278,90,91,-1,1
66279,74,80,-6,6
66280,74,85,-11,11
66281,95,103,-8,8
66282,98,103,-5,5
66283,94,96,-2,2
66284,115,125,-10,10
66285,131,142,-11,11
66286,99,87,12,12
66287,87,91,-4,4
66288,74,83,-9,9
66289,56,68,-12,12
66290,58,65,-7,7
66291,77,91,-14,14
66292,122,113,9,9
66293,70,78,-8,8
66294,40,58,-18,18
66295,106,114,-8,8
66296,100,106,-6,6
66297,73,82,-9,9
66298,72,73,-1,1
66299,99,106,-7,7
66300,135,141,-6,6
66301,184,165,19,19
66302,50,74,-24,24
66303,77,83,-6,6
66304,48,58,-10,10
66305,76,82,-6,6
66306,87,100,-13,13
66307,137,131,6,6
66308,110,122,-12,12
66309,84,94,-10,10
66310,74,84,-10,10
66311,83,79,4,4
66312,76,83,-7,7
66313,107,137,-30,30
66314,78,78,0,0
66315,87,89,-2,2
66316,64,77,-13,13
66317,60,68,-8,8
66318,94,104,-10,10
66319,80,82,-2,2
66320,50,60,-10,10
66321,54,63,-9,9
66322,65,68,-3,3
66323,101,114,-13,13
66324,89,91,-2,2
66325,127,128,-1,1
66326,59,72,-13,13
66327,90,105,-15,15
66328,77,87,-10,10
66329,100,112,-12,12
66330,103,104,-1,1
66331,33,61,-28,28
66332,61,67,-6,6
66333,63,82,-19,19
66334,47,60,-13,13
66335,51,56,-5,5
66336,141,144,-3,3
66337,74,78,-4,4
66338,74,81,-7,7
66339,85,88,-3,3
66340,149,139,10,10
66341,90,100,-10,10
66342,79,92,-13,13
66343,93,109,-16,16
66344,79,82,-3,3
66345,146,148,-2,2
66346,81,82,-1,1
66347,83,111,-28,28
66348,196,186,10,10
66349,114,111,3,3
66350,102,103,-1,1
66351,140,138,2,2
66352,46,53,-7,7
66353,189,176,13,13
66354,102,108,-6,6
66355,96,96,0,0
66356,73,92,-19,19
66357,131,141,-10,10
66358,143,130,13,13
66359,94,109,-15,15
66360,95,99,-4,4
66361,131,126,5,5
66362,138,129,9,9
66363,55,67,-12,12
66364,40,50,-10,10
66365,97,96,1,1
66366,70,85,-15,15
66367,95,97,-2,2
66368,86,84,2,2
66369,107,105,2,2
66370,45,62,-17,17
66371,107,112,-5,5
66372,77,78,-1,1
66373,75,79,-4,4
66374,85,88,-3,3
66375,81,92,-11,11
66376,100,98,2,2
66377,65,79,-14,14
66378,57,67,-10,10
66379,61,61,0,0
66380,79,86,-7,7
66381,104,109,-5,5
66382,106,110,-4,4
66383,55,60,-5,5
66384,100,100,0,0
66385,89,97,-8,8
66386,73,78,-5,5
66387,77,89,-12,12
66388,59,65,-6,6
66389,71,81,-10,10
66390,52,74,-22,22
66391,58,62,-4,4
66392,72,72,0,0
66393,90,90,0,0
66394,57,69,-12,12
66395,82,102,-20,20
66396,92,94,-2,2
66397,88,84,4,4
66398,49,64,-15,15
66399,91,89,2,2
66400,171,160,11,11
66401,75,96,-21,21
66402,82,85,-3,3
66403,74,77,-3,3
66404,116,121,-5,5
66405,95,87,8,8
66406,116,112,4,4
66407,74,109,-35,35
66408,100,104,-4,4
66409,81,94,-13,13
66410,141,156,-15,15
66411,113,110,3,3
66412,100,97,3,3
66413,80,78,2,2
66414,96,96,0,0
66415,83,91,-8,8
66416,68,82,-14,14
66417,66,71,-5,5
66418,73,81,-8,8
66419,169,170,-1,1
66420,119,106,13,13
66421,82,100,-18,18
66422,85,88,-3,3
66423,92,110,-18,18
66424,92,96,-4,4
66425,164,153,11,11
66426,131,138,-7,7
66427,106,129,-23,23
66428,72,76,-4,4
66429,54,64,-10,10
66430,75,83,-8,8
66431,62,69,-7,7
66432,89,90,-1,1
66433,63,65,-2,2
66434,87,87,0,0
66435,136,126,10,10
66436,79,84,-5,5
66437,86,92,-6,6
66438,71,79,-8,8
66439,68,69,-1,1
66440,127,126,1,1
66441,78,89,-11,11
66442,43,54,-11,11
66443,82,84,-2,2
66444,61,72,-11,11
66445,91,106,-15,15
66446,78,83,-5,5
66447,121,123,-2,2
66448,83,91,-8,8
66449,169,176,-7,7
66450,56,67,-11,11
66451,78,71,7,7
66452,73,81,-8,8
66453,66,76,-10,10
66454,67,70,-3,3
66455,69,64,5,5
66456,96,102,-6,6
66457,118,115,3,3
66458,67,76,-9,9
66459,58,76,-18,18
66460,77,72,5,5
66461,164,150,14,14
66462,57,70,-13,13
66463,98,103,-5,5
66464,97,96,1,1
66465,58,67,-9,9
66466,107,115,-8,8
66467,70,82,-12,12
66468,121,117,4,4
66469,144,131,13,13
66470,157,157,0,0
66471,113,118,-5,5
66472,66,70,-4,4
66473,47,87,-40,40
66474,106,105,1,1
66475,77,88,-11,11
66476,180,175,5,5
66477,55,67,-12,12
66478,57,76,-19,19
66479,104,105,-1,1
66480,120,121,-1,1
66481,124,116,8,8
66482,157,160,-3,3
66483,185,183,2,2
66484,63,72,-9,9
66485,158,142,16,16
66486,161,163,-2,2
66487,61,71,-10,10
66488,104,112,-8,8
66489,65,76,-11,11
66490,174,167,7,7
66491,52,62,-10,10
66492,118,116,2,2
66493,89,90,-1,1
66494,88,91,-3,3
66495,88,96,-8,8
66496,62,75,-13,13
66497,67,74,-7,7
66498,118,114,4,4
66499,113,122,-9,9
66500,99,109,-10,10
66501,68,76,-8,8
66502,50,54,-4,4
66503,123,121,2,2
66504,97,98,-1,1
66505,93,113,-20,20
66506,132,126,6,6
66507,70,79,-9,9
66508,65,69,-4,4
66509,80,102,-22,22
66510,79,81,-2,2
66511,96,100,-4,4
66512,69,84,-15,15
66513,142,142,0,0
66514,126,130,-4,4
66515,88,113,-25,25
66516,57,63,-6,6
66517,68,72,-4,4
66518,97,110,-13,13
66519,128,130,-2,2
66520,129,143,-14,14
66521,92,96,-4,4
66522,146,131,15,15
66523,83,91,-8,8
66524,92,92,0,0
66525,207,184,23,23
66526,40,59,-19,19
66527,92,102,-10,10
66528,95,114,-19,19
66529,107,105,2,2
66530,51,61,-10,10
66531,210,187,23,23
66532,73,78,-5,5
66533,103,100,3,3
66534,120,121,-1,1
66535,132,119,13,13
66536,112,111,1,1
66537,86,90,-4,4
66538,195,193,2,2
66539,69,77,-8,8
66540,91,94,-3,3
66541,57,81,-24,24
66542,112,112,0,0
66543,72,89,-17,17
66544,90,90,0,0
66545,99,104,-5,5
66546,46,51,-5,5
66547,51,61,-10,10
66548,107,109,-2,2
66549,156,160,-4,4
66550,61,70,-9,9
66551,88,89,-1,1
66552,107,107,0,0
66553,121,111,10,10
66554,89,88,1,1
66555,99,107,-8,8
66556,87,98,-11,11
66557,46,60,-14,14
66558,152,154,-2,2
66559,67,76,-9,9
66560,164,165,-1,1
66561,68,76,-8,8
66562,94,98,-4,4
66563,60,73,-13,13
66564,205,180,25,25
66565,92,94,-2,2
66566,95,93,2,2
66567,67,67,0,0
66568,55,68,-13,13
66569,151,140,11,11
66570,160,156,4,4
66571,29,43,-14,14
66572,108,109,-1,1
66573,112,126,-14,14
66574,109,159,-50,50
66575,86,88,-2,2
66576,75,83,-8,8
66577,60,72,-12,12
66578,64,78,-14,14
66579,64,91,-27,27
66580,110,116,-6,6
66581,81,92,-11,11
66582,79,85,-6,6
66583,124,118,6,6
66584,94,104,-10,10
66585,73,97,-24,24
66586,111,109,2,2
66587,107,108,-1,1
66588,71,74,-3,3
66589,125,129,-4,4
66590,123,116,7,7
66591,63,69,-6,6
66592,98,104,-6,6
66593,101,98,3,3
66594,129,134,-5,5
66595,96,101,-5,5
66596,58,67,-9,9
66597,162,163,-1,1
66598,48,57,-9,9
66599,151,142,9,9
66600,67,74,-7,7
66601,122,118,4,4
66602,100,106,-6,6
66603,135,146,-11,11
66604,213,182,31,31
66605,129,141,-12,12
66606,61,75,-14,14
66607,70,80,-10,10
66608,88,93,-5,5
66609,75,83,-8,8
66610,159,161,-2,2
66611,100,106,-6,6
66612,75,77,-2,2
66613,120,134,-14,14
66614,70,79,-9,9
66615,129,120,9,9
66616,124,108,16,16
66617,105,106,-1,1
66618,60,65,-5,5
66619,76,77,-1,1
66620,64,79,-15,15
66621,145,160,-15,15
66622,95,116,-21,21
66623,104,114,-10,10
66624,148,141,7,7
66625,126,129,-3,3
66626,142,138,4,4
66627,67,76,-9,9
66628,96,108,-12,12
66629,114,114,0,0
66630,47,64,-17,17
66631,125,138,-13,13
66632,66,78,-12,12
66633,203,234,-31,31
66634,58,71,-13,13
66635,114,112,2,2
66636,100,122,-22,22
66637,92,105,-13,13
66638,114,126,-12,12
66639,67,78,-11,11
66640,56,59,-3,3
66641,78,81,-3,3
66642,62,70,-8,8
66643,77,95,-18,18
66644,104,104,0,0
66645,37,56,-19,19
66646,94,97,-3,3
66647,108,103,5,5
66648,42,52,-10,10
66649,106,109,-3,3
66650,74,78,-4,4
66651,116,104,12,12
66652,77,71,6,6
66653,123,131,-8,8
66654,89,100,-11,11
66655,74,79,-5,5
66656,118,117,1,1
66657,73,81,-8,8
66658,69,91,-22,22
66659,79,84,-5,5
66660,58,70,-12,12
66661,172,147,25,25
66662,118,115,3,3
66663,140,138,2,2
66664,124,126,-2,2
66665,111,106,5,5
66666,88,108,-20,20
66667,90,123,-33,33
66668,59,63,-4,4
66669,139,143,-4,4
66670,125,124,1,1
66671,64,72,-8,8
66672,147,140,7,7
66673,50,66,-16,16
66674,81,89,-8,8
66675,105,112,-7,7
66676,63,75,-12,12
66677,87,96,-9,9
66678,90,91,-1,1
66679,47,56,-9,9
66680,134,134,0,0
66681,61,67,-6,6
66682,73,94,-21,21
66683,73,72,1,1
66684,78,88,-10,10
66685,134,129,5,5
66686,51,57,-6,6
66687,108,110,-2,2
66688,96,98,-2,2
66689,54,72,-18,18
66690,122,125,-3,3
66691,129,131,-2,2
66692,86,83,3,3
66693,114,114,0,0
66694,70,77,-7,7
66695,79,87,-8,8
66696,56,64,-8,8
66697,66,73,-7,7
66698,89,90,-1,1
66699,106,106,0,0
66700,77,85,-8,8
66701,82,84,-2,2
66702,63,87,-24,24
66703,87,93,-6,6
66704,119,128,-9,9
66705,146,137,9,9
66706,71,72,-1,1
66707,70,86,-16,16
66708,82,90,-8,8
66709,72,82,-10,10
66710,91,98,-7,7
66711,57,79,-22,22
66712,68,73,-5,5
66713,92,90,2,2
66714,71,78,-7,7
66715,100,98,2,2
66716,106,103,3,3
66717,64,66,-2,2
66718,58,72,-14,14
66719,74,78,-4,4
66720,104,120,-16,16
66721,133,129,4,4
66722,59,64,-5,5
66723,77,84,-7,7
66724,90,92,-2,2
66725,116,100,16,16
66726,94,93,1,1
66727,102,108,-6,6
66728,130,129,1,1
66729,115,118,-3,3
66730,79,80,-1,1
66731,151,146,5,5
66732,88,106,-18,18
66733,188,171,17,17
66734,91,95,-4,4
66735,81,81,0,0
66736,74,82,-8,8
66737,80,82,-2,2
66738,125,123,2,2
66739,140,137,3,3
66740,60,71,-11,11
66741,45,61,-16,16
66742,65,79,-14,14
66743,120,123,-3,3
66744,105,111,-6,6
66745,136,140,-4,4
66746,31,66,-35,35
66747,77,87,-10,10
66748,79,92,-13,13
66749,96,103,-7,7
66750,40,65,-25,25
66751,54,64,-10,10
66752,94,91,3,3
66753,83,105,-22,22
66754,54,65,-11,11
66755,92,98,-6,6
66756,146,132,14,14
66757,172,162,10,10
66758,62,68,-6,6
66759,155,153,2,2
66760,111,109,2,2
66761,99,100,-1,1
66762,126,121,5,5
66763,55,64,-9,9
66764,202,191,11,11
66765,60,70,-10,10
66766,97,97,0,0
66767,111,107,4,4
66768,114,115,-1,1
66769,81,82,-1,1
66770,35,57,-22,22
66771,88,89,-1,1
66772,62,76,-14,14
66773,84,92,-8,8
66774,96,95,1,1
66775,105,109,-4,4
66776,67,78,-11,11
66777,68,83,-15,15
66778,75,79,-4,4
66779,64,76,-12,12
66780,165,147,18,18
66781,92,124,-32,32
66782,136,121,15,15
66783,93,101,-8,8
66784,58,61,-3,3
66785,72,83,-11,11
66786,87,93,-6,6
66787,53,67,-14,14
66788,138,144,-6,6
66789,98,105,-7,7
66790,81,87,-6,6
66791,82,90,-8,8
66792,140,149,-9,9
66793,92,95,-3,3
66794,116,121,-5,5
66795,169,161,8,8
66796,76,91,-15,15
66797,70,76,-6,6
66798,206,184,22,22
66799,118,116,2,2
66800,82,93,-11,11
66801,143,136,7,7
66802,113,108,5,5
66803,82,87,-5,5
66804,72,80,-8,8
66805,53,59,-6,6
66806,38,60,-22,22
66807,102,104,-2,2
66808,98,106,-8,8
66809,60,74,-14,14
66810,133,131,2,2
66811,108,108,0,0
66812,103,103,0,0
66813,58,68,-10,10
66814,80,86,-6,6
66815,72,82,-10,10
66816,103,101,2,2
66817,115,127,-12,12
66818,66,80,-14,14
66819,134,139,-5,5
66820,129,124,5,5
66821,82,88,-6,6
66822,92,96,-4,4
66823,72,75,-3,3
66824,156,153,3,3
66825,97,104,-7,7
66826,80,88,-8,8
66827,110,99,11,11
66828,112,107,5,5
66829,73,77,-4,4
66830,93,102,-9,9
66831,84,102,-18,18
66832,69,71,-2,2
66833,63,83,-20,20
66834,97,101,-4,4
66835,51,69,-18,18
66836,117,118,-1,1
66837,102,120,-18,18
66838,63,72,-9,9
66839,90,115,-25,25
66840,75,82,-7,7
66841,31,83,-52,52
66842,118,126,-8,8
66843,110,127,-17,17
66844,126,125,1,1
66845,132,140,-8,8
66846,94,92,2,2
66847,55,74,-19,19
66848,119,116,3,3
66849,47,58,-11,11
66850,152,135,17,17
66851,38,63,-25,25
66852,96,114,-18,18
66853,79,76,3,3
66854,63,66,-3,3
66855,120,125,-5,5
66856,97,96,1,1
66857,65,68,-3,3
66858,108,107,1,1
66859,146,146,0,0
66860,99,107,-8,8
66861,50,60,-10,10
66862,98,104,-6,6
66863,61,65,-4,4
66864,67,77,-10,10
66865,102,102,0,0
66866,98,98,0,0
66867,127,124,3,3
66868,134,131,3,3
66869,107,105,2,2
66870,62,70,-8,8
66871,83,87,-4,4
66872,41,48,-7,7
66873,65,80,-15,15
66874,73,84,-11,11
66875,81,84,-3,3
66876,85,86,-1,1
66877,85,81,4,4
66878,117,117,0,0
66879,128,131,-3,3
66880,89,92,-3,3
66881,42,49,-7,7
66882,125,143,-18,18
66883,68,73,-5,5
66884,72,84,-12,12
66885,96,100,-4,4
66886,134,138,-4,4
66887,122,128,-6,6
66888,87,96,-9,9
66889,54,64,-10,10
66890,79,86,-7,7
66891,148,134,14,14
66892,66,77,-11,11
66893,142,137,5,5
66894,106,99,7,7
66895,48,56,-8,8
66896,57,79,-22,22
66897,126,127,-1,1
66898,51,64,-13,13
66899,109,122,-13,13
66900,106,113,-7,7
66901,102,106,-4,4
66902,94,98,-4,4
66903,112,118,-6,6
66904,140,131,9,9
66905,117,122,-5,5
66906,112,99,13,13
66907,49,73,-24,24
66908,156,149,7,7
66909,89,89,0,0
66910,74,85,-11,11
66911,67,79,-12,12
66912,70,88,-18,18
66913,93,104,-11,11
66914,93,99,-6,6
66915,101,109,-8,8
66916,76,92,-16,16
66917,67,75,-8,8
66918,106,107,-1,1
66919,72,85,-13,13
66920,65,70,-5,5
66921,87,92,-5,5
66922,89,89,0,0
66923,257,300,-43,43
66924,175,173,2,2
66925,69,70,-1,1
66926,76,75,1,1
66927,65,70,-5,5
66928,153,147,6,6
66929,68,76,-8,8
66930,116,112,4,4
66931,114,123,-9,9
66932,76,84,-8,8
66933,65,71,-6,6
66934,104,106,-2,2
66935,148,142,6,6
66936,43,53,-10,10
66937,90,94,-4,4
66938,99,99,0,0
66939,128,137,-9,9
66940,110,112,-2,2
66941,42,73,-31,31
66942,120,125,-5,5
66943,135,119,16,16
66944,134,141,-7,7
66945,116,123,-7,7
66946,138,126,12,12
66947,125,118,7,7
66948,43,55,-12,12
66949,89,86,3,3
66950,126,114,12,12
66951,90,88,2,2
66952,77,86,-9,9
66953,91,94,-3,3
66954,120,114,6,6
66955,63,69,-6,6
66956,88,92,-4,4
66957,50,60,-10,10
66958,110,116,-6,6
66959,71,75,-4,4
66960,81,86,-5,5
66961,120,117,3,3
66962,94,96,-2,2
66963,51,65,-14,14
66964,84,91,-7,7
66965,96,102,-6,6
66966,179,165,14,14
66967,57,65,-8,8
66968,114,118,-4,4
66969,111,120,-9,9
66970,111,107,4,4
66971,101,98,3,3
66972,53,58,-5,5
66973,97,103,-6,6
66974,98,97,1,1
66975,50,63,-13,13
66976,82,89,-7,7
66977,108,104,4,4
66978,59,70,-11,11
66979,69,73,-4,4
66980,68,77,-9,9
66981,69,84,-15,15
66982,73,83,-10,10
66983,28,41,-13,13
66984,75,83,-8,8
66985,68,72,-4,4
66986,110,119,-9,9
66987,99,105,-6,6
66988,72,82,-10,10
66989,74,82,-8,8
66990,70,80,-10,10
66991,109,101,8,8
66992,191,185,6,6
66993,54,61,-7,7
66994,119,123,-4,4
66995,76,86,-10,10
66996,174,167,7,7
66997,87,90,-3,3
66998,88,97,-9,9
66999,53,64,-11,11
67000,75,84,-9,9
67001,68,70,-2,2
67002,118,124,-6,6
67003,114,113,1,1
67004,101,107,-6,6
67005,102,108,-6,6
67006,82,91,-9,9
67007,100,107,-7,7
67008,134,133,1,1
67009,140,143,-3,3
67010,109,118,-9,9
67011,124,125,-1,1
67012,157,141,16,16
67013,67,72,-5,5
67014,117,119,-2,2
67015,64,70,-6,6
67016,89,100,-11,11
67017,52,56,-4,4
67018,126,126,0,0
67019,99,105,-6,6
67020,82,88,-6,6
67021,96,87,9,9
67022,85,83,2,2
67023,68,90,-22,22
67024,132,127,5,5
67025,148,143,5,5
67026,56,64,-8,8
67027,173,173,0,0
67028,115,120,-5,5
67029,99,101,-2,2
67030,115,130,-15,15
67031,71,81,-10,10
67032,141,138,3,3
67033,111,114,-3,3
67034,53,62,-9,9
67035,279,216,63,63
67036,101,93,8,8
67037,93,95,-2,2
67038,71,74,-3,3
67039,163,159,4,4
67040,52,56,-4,4
67041,109,110,-1,1
67042,80,94,-14,14
67043,72,110,-38,38
67044,72,78,-6,6
67045,87,90,-3,3
67046,82,92,-10,10
67047,74,84,-10,10
67048,156,148,8,8
67049,133,128,5,5
67050,123,120,3,3
67051,63,70,-7,7
67052,70,80,-10,10
67053,40,50,-10,10
67054,76,91,-15,15
67055,201,200,1,1
67056,76,88,-12,12
67057,109,119,-10,10
67058,116,119,-3,3
67059,45,53,-8,8
67060,59,66,-7,7
67061,104,98,6,6
67062,122,152,-30,30
67063,108,103,5,5
67064,59,71,-12,12
67065,111,124,-13,13
67066,47,55,-8,8
67067,123,126,-3,3
67068,127,120,7,7
67069,98,102,-4,4
67070,90,95,-5,5
67071,70,82,-12,12
67072,102,104,-2,2
67073,101,105,-4,4
67074,72,95,-23,23
67075,86,108,-22,22
67076,77,86,-9,9
67077,175,153,22,22
67078,85,91,-6,6
67079,109,112,-3,3
67080,143,139,4,4
67081,79,91,-12,12
67082,81,89,-8,8
67083,110,105,5,5
67084,68,86,-18,18
67085,107,107,0,0
67086,115,114,1,1
67087,120,123,-3,3
67088,67,76,-9,9
67089,95,95,0,0
67090,116,115,1,1
67091,83,91,-8,8
67092,97,95,2,2
67093,85,94,-9,9
67094,91,102,-11,11
67095,147,142,5,5
67096,60,75,-15,15
67097,104,102,2,2
67098,99,101,-2,2
67099,142,133,9,9
67100,65,74,-9,9
67101,58,68,-10,10
67102,81,94,-13,13
67103,85,89,-4,4
67104,158,153,5,5
67105,57,66,-9,9
67106,32,45,-13,13
67107,161,151,10,10
67108,139,136,3,3
67109,123,125,-2,2
67110,141,143,-2,2
67111,127,128,-1,1
67112,65,74,-9,9
67113,177,165,12,12
67114,131,128,3,3
67115,140,134,6,6
67116,51,64,-13,13
67117,85,93,-8,8
67118,75,81,-6,6
67119,103,102,1,1
67120,155,141,14,14
67121,85,89,-4,4
67122,72,81,-9,9
67123,80,77,3,3
67124,62,75,-13,13
67125,58,68,-10,10
67126,53,64,-11,11
67127,76,91,-15,15
67128,117,123,-6,6
67129,75,77,-2,2
67130,138,138,0,0
67131,82,83,-1,1
67132,79,87,-8,8
67133,83,97,-14,14
67134,79,82,-3,3
67135,141,135,6,6
67136,76,76,0,0
67137,165,158,7,7
67138,150,153,-3,3
67139,65,71,-6,6
67140,37,49,-12,12
67141,55,65,-10,10
67142,227,205,22,22
67143,82,92,-10,10
67144,70,78,-8,8
67145,57,66,-9,9
67146,73,74,-1,1
67147,78,81,-3,3
67148,58,68,-10,10
67149,87,91,-4,4
67150,48,64,-16,16
67151,127,132,-5,5
67152,65,66,-1,1
67153,111,101,10,10
67154,74,81,-7,7
67155,103,100,3,3
67156,91,87,4,4
67157,188,206,-18,18
67158,98,114,-16,16
67159,86,89,-3,3
67160,68,70,-2,2
67161,99,105,-6,6
67162,68,74,-6,6
67163,87,90,-3,3
67164,110,116,-6,6
67165,53,68,-15,15
67166,75,83,-8,8
67167,113,116,-3,3
67168,103,126,-23,23
67169,48,69,-21,21
67170,180,167,13,13
67171,67,82,-15,15
67172,69,79,-10,10
67173,114,128,-14,14
67174,82,82,0,0
67175,152,145,7,7
67176,108,113,-5,5
67177,126,129,-3,3
67178,126,140,-14,14
67179,68,78,-10,10
67180,111,110,1,1
67181,127,116,11,11
67182,106,106,0,0
67183,93,107,-14,14
67184,134,139,-5,5
67185,65,78,-13,13
67186,129,120,9,9
67187,84,91,-7,7
67188,64,75,-11,11
67189,147,142,5,5
67190,123,124,-1,1
67191,102,102,0,0
67192,66,70,-4,4
67193,56,71,-15,15
67194,99,112,-13,13
67195,92,92,0,0
67196,96,98,-2,2
67197,125,141,-16,16
67198,85,88,-3,3
67199,100,100,0,0
67200,77,87,-10,10
67201,69,75,-6,6
67202,95,99,-4,4
67203,87,90,-3,3
67204,112,113,-1,1
67205,124,124,0,0
67206,99,98,1,1
67207,65,66,-1,1
67208,119,110,9,9
67209,66,76,-10,10
67210,89,88,1,1
67211,139,129,10,10
67212,111,105,6,6
67213,81,100,-19,19
67214,100,102,-2,2
67215,82,83,-1,1
67216,145,155,-10,10
67217,91,98,-7,7
67218,187,189,-2,2
67219,84,90,-6,6
67220,45,57,-12,12
67221,116,122,-6,6
67222,69,75,-6,6
67223,80,90,-10,10
67224,44,49,-5,5
67225,93,107,-14,14
67226,58,63,-5,5
67227,74,84,-10,10
67228,74,82,-8,8
67229,99,118,-19,19
67230,93,103,-10,10
67231,67,68,-1,1
67232,108,111,-3,3
67233,108,118,-10,10
67234,116,108,8,8
67235,127,114,13,13
67236,98,99,-1,1
67237,115,122,-7,7
67238,131,127,4,4
67239,185,163,22,22
67240,120,111,9,9
67241,75,84,-9,9
67242,165,140,25,25
67243,44,81,-37,37
67244,82,90,-8,8
67245,66,82,-16,16
67246,72,83,-11,11
67247,137,132,5,5
67248,66,78,-12,12
67249,79,99,-20,20
67250,48,63,-15,15
67251,76,80,-4,4
67252,87,90,-3,3
67253,90,91,-1,1
67254,67,77,-10,10
67255,139,139,0,0
67256,52,62,-10,10
67257,97,93,4,4
67258,135,128,7,7
67259,60,64,-4,4
67260,65,73,-8,8
67261,61,62,-1,1
67262,175,165,10,10
67263,146,133,13,13
67264,64,82,-18,18
67265,122,123,-1,1
67266,66,75,-9,9
67267,62,69,-7,7
67268,97,104,-7,7
67269,117,128,-11,11
67270,72,81,-9,9
67271,66,92,-26,26
67272,147,138,9,9
67273,139,131,8,8
67274,143,151,-8,8
67275,106,111,-5,5
67276,81,97,-16,16
67277,85,79,6,6
67278,112,107,5,5
67279,74,90,-16,16
67280,157,146,11,11
67281,76,78,-2,2
67282,69,77,-8,8
67283,133,129,4,4
67284,79,94,-15,15
67285,58,67,-9,9
67286,111,115,-4,4
67287,195,180,15,15
67288,129,119,10,10
67289,58,76,-18,18
67290,101,116,-15,15
67291,186,180,6,6
67292,76,76,0,0
67293,72,79,-7,7
67294,100,110,-10,10
67295,60,69,-9,9
67296,59,70,-11,11
67297,118,119,-1,1
67298,195,172,23,23
67299,92,94,-2,2
67300,245,250,-5,5
67301,102,118,-16,16
67302,84,93,-9,9
67303,95,99,-4,4
67304,126,123,3,3
67305,101,98,3,3
67306,192,172,20,20
67307,118,122,-4,4
67308,72,85,-13,13
67309,66,78,-12,12
67310,72,81,-9,9
67311,75,83,-8,8
67312,47,58,-11,11
67313,53,65,-12,12
67314,75,88,-13,13
67315,77,97,-20,20
67316,133,143,-10,10
67317,66,72,-6,6
67318,122,128,-6,6
67319,151,152,-1,1
67320,95,114,-19,19
67321,70,86,-16,16
67322,66,72,-6,6
67323,101,102,-1,1
67324,92,93,-1,1
67325,94,93,1,1
67326,80,76,4,4
67327,86,96,-10,10
67328,99,94,5,5
67329,167,151,16,16
67330,104,102,2,2
67331,92,89,3,3
67332,82,98,-16,16
67333,93,95,-2,2
67334,57,64,-7,7
67335,80,84,-4,4
67336,154,139,15,15
67337,92,92,0,0
67338,121,114,7,7
67339,90,102,-12,12
67340,94,100,-6,6
67341,100,102,-2,2
67342,55,71,-16,16
67343,179,176,3,3
67344,157,149,8,8
67345,58,77,-19,19
67346,94,114,-20,20
67347,85,87,-2,2
67348,55,70,-15,15
67349,72,69,3,3
67350,114,114,0,0
67351,99,102,-3,3
67352,75,76,-1,1
67353,45,52,-7,7
67354,58,64,-6,6
67355,110,111,-1,1
67356,69,82,-13,13
67357,68,76,-8,8
67358,102,99,3,3
67359,77,89,-12,12
67360,85,90,-5,5
67361,112,121,-9,9
67362,40,49,-9,9
67363,73,84,-11,11
67364,76,87,-11,11
67365,65,73,-8,8
67366,72,90,-18,18
67367,89,113,-24,24
67368,110,117,-7,7
67369,91,94,-3,3
67370,59,91,-32,32
67371,90,89,1,1
67372,84,90,-6,6
67373,130,125,5,5
67374,63,66,-3,3
67375,63,72,-9,9
67376,87,90,-3,3
67377,106,119,-13,13
67378,145,139,6,6
67379,128,134,-6,6
67380,81,89,-8,8
67381,111,102,9,9
67382,76,88,-12,12
67383,53,69,-16,16
67384,82,85,-3,3
67385,100,105,-5,5
67386,74,94,-20,20
67387,105,110,-5,5
67388,58,66,-8,8
67389,102,110,-8,8
67390,113,112,1,1
67391,99,107,-8,8
67392,113,113,0,0
67393,55,67,-12,12
67394,98,95,3,3
67395,108,118,-10,10
67396,54,61,-7,7
67397,99,102,-3,3
67398,78,85,-7,7
67399,68,77,-9,9
67400,45,54,-9,9
67401,71,84,-13,13
67402,216,173,43,43
67403,103,107,-4,4
67404,77,82,-5,5
67405,64,75,-11,11
67406,108,114,-6,6
67407,106,95,11,11
67408,124,114,10,10
67409,71,78,-7,7
67410,91,88,3,3
67411,80,92,-12,12
67412,122,123,-1,1
67413,105,110,-5,5
67414,80,87,-7,7
67415,142,126,16,16
67416,64,95,-31,31
67417,95,86,9,9
67418,112,125,-13,13
67419,83,83,0,0
67420,147,147,0,0
67421,47,57,-10,10
67422,80,89,-9,9
67423,104,115,-11,11
67424,71,81,-10,10
67425,67,71,-4,4
67426,69,78,-9,9
67427,82,87,-5,5
67428,85,85,0,0
67429,144,144,0,0
67430,81,92,-11,11
67431,141,144,-3,3
67432,86,87,-1,1
67433,176,173,3,3
67434,74,75,-1,1
67435,91,94,-3,3
67436,102,90,12,12
67437,74,75,-1,1
67438,97,98,-1,1
67439,60,70,-10,10
67440,97,103,-6,6
67441,119,121,-2,2
67442,97,109,-12,12
67443,70,78,-8,8
67444,102,99,3,3
67445,61,73,-12,12
67446,86,85,1,1
67447,45,54,-9,9
67448,51,58,-7,7
67449,130,136,-6,6
67450,74,86,-12,12
67451,78,86,-8,8
67452,163,163,0,0
67453,52,71,-19,19
67454,99,107,-8,8
67455,84,92,-8,8
67456,109,104,5,5
67457,84,90,-6,6
67458,88,101,-13,13
67459,117,113,4,4
67460,186,174,12,12
67461,55,63,-8,8
67462,65,85,-20,20
67463,119,133,-14,14
67464,71,79,-8,8
67465,87,85,2,2
67466,51,64,-13,13
67467,46,59,-13,13
67468,61,70,-9,9
67469,103,99,4,4
67470,84,88,-4,4
67471,56,67,-11,11
67472,73,83,-10,10
67473,84,90,-6,6
67474,127,114,13,13
67475,178,181,-3,3
67476,71,82,-11,11
67477,107,108,-1,1
67478,111,107,4,4
67479,69,80,-11,11
67480,94,99,-5,5
67481,45,63,-18,18
67482,94,108,-14,14
67483,120,125,-5,5
67484,63,76,-13,13
67485,78,84,-6,6
67486,40,56,-16,16
67487,114,113,1,1
67488,112,111,1,1
67489,152,146,6,6
67490,184,158,26,26
67491,84,87,-3,3
67492,122,116,6,6
67493,108,104,4,4
67494,64,74,-10,10
67495,114,113,1,1
67496,143,146,-3,3
67497,97,93,4,4
67498,99,102,-3,3
67499,145,153,-8,8
67500,63,72,-9,9
67501,111,118,-7,7
67502,68,79,-11,11
67503,108,121,-13,13
67504,94,87,7,7
67505,77,84,-7,7
67506,49,63,-14,14
67507,82,87,-5,5
67508,66,73,-7,7
67509,74,75,-1,1
67510,142,150,-8,8
67511,82,92,-10,10
67512,87,89,-2,2
67513,78,89,-11,11
67514,58,71,-13,13
67515,108,109,-1,1
67516,50,86,-36,36
67517,170,166,4,4
67518,74,84,-10,10
67519,102,107,-5,5
67520,95,102,-7,7
67521,90,92,-2,2
67522,118,118,0,0
67523,70,73,-3,3
67524,111,115,-4,4
67525,96,112,-16,16
67526,81,87,-6,6
67527,110,108,2,2
67528,94,93,1,1
67529,99,110,-11,11
67530,107,112,-5,5
67531,129,137,-8,8
67532,135,125,10,10
67533,123,115,8,8
67534,67,79,-12,12
67535,79,86,-7,7
67536,91,100,-9,9
67537,72,76,-4,4
67538,150,161,-11,11
67539,117,129,-12,12
67540,60,71,-11,11
67541,102,111,-9,9
67542,32,54,-22,22
67543,65,73,-8,8
67544,163,160,3,3
67545,99,107,-8,8
67546,76,81,-5,5
67547,146,136,10,10
67548,137,132,5,5
67549,131,134,-3,3
67550,152,142,10,10
67551,93,115,-22,22
67552,78,83,-5,5
67553,83,86,-3,3
67554,109,101,8,8
67555,134,147,-13,13
67556,56,79,-23,23
67557,82,85,-3,3
67558,50,49,1,1
67559,104,105,-1,1
67560,78,89,-11,11
67561,60,68,-8,8
67562,137,128,9,9
67563,64,68,-4,4
67564,144,144,0,0
67565,49,59,-10,10
67566,104,106,-2,2
67567,66,73,-7,7
67568,71,76,-5,5
67569,128,121,7,7
67570,84,107,-23,23
67571,141,149,-8,8
67572,97,96,1,1
67573,52,60,-8,8
67574,74,80,-6,6
67575,98,120,-22,22
67576,71,77,-6,6
67577,56,67,-11,11
67578,71,83,-12,12
67579,123,120,3,3
67580,146,135,11,11
67581,77,83,-6,6
67582,68,81,-13,13
67583,110,100,10,10
67584,85,90,-5,5
67585,162,132,30,30
67586,105,100,5,5
67587,68,75,-7,7
67588,100,97,3,3
67589,103,105,-2,2
67590,121,111,10,10
67591,96,92,4,4
67592,199,179,20,20
67593,83,88,-5,5
67594,91,95,-4,4
67595,61,70,-9,9
67596,103,112,-9,9
67597,95,100,-5,5
67598,68,78,-10,10
67599,94,94,0,0
67600,54,63,-9,9
67601,160,139,21,21
67602,123,118,5,5
67603,154,142,12,12
67604,48,63,-15,15
67605,66,78,-12,12
67606,81,88,-7,7
67607,56,66,-10,10
67608,160,145,15,15
67609,121,152,-31,31
67610,103,96,7,7
67611,126,122,4,4
67612,82,84,-2,2
67613,63,82,-19,19
67614,88,93,-5,5
67615,111,120,-9,9
67616,139,139,0,0
67617,103,102,1,1
67618,74,85,-11,11
67619,133,123,10,10
67620,49,63,-14,14
67621,93,95,-2,2
67622,86,89,-3,3
67623,77,74,3,3
67624,56,76,-20,20
67625,66,70,-4,4
67626,132,127,5,5
67627,149,138,11,11
67628,39,48,-9,9
67629,117,118,-1,1
67630,98,101,-3,3
67631,59,66,-7,7
67632,146,152,-6,6
67633,106,97,9,9
67634,63,75,-12,12
67635,90,96,-6,6
67636,73,85,-12,12
67637,80,84,-4,4
67638,89,93,-4,4
67639,88,91,-3,3
67640,51,59,-8,8
67641,85,91,-6,6
67642,106,126,-20,20
67643,136,131,5,5
67644,46,55,-9,9
67645,107,115,-8,8
67646,154,160,-6,6
67647,109,113,-4,4
67648,79,82,-3,3
67649,94,87,7,7
67650,64,72,-8,8
67651,63,66,-3,3
67652,62,67,-5,5
67653,58,70,-12,12
67654,48,58,-10,10
67655,67,76,-9,9
67656,74,78,-4,4
67657,94,96,-2,2
67658,75,78,-3,3
67659,158,143,15,15
67660,134,127,7,7
67661,189,173,16,16
67662,62,77,-15,15
67663,73,79,-6,6
67664,89,101,-12,12
67665,42,49,-7,7
67666,129,120,9,9
67667,65,82,-17,17
67668,49,59,-10,10
67669,163,150,13,13
67670,93,93,0,0
67671,185,171,14,14
67672,91,94,-3,3
67673,43,55,-12,12
67674,163,161,2,2
67675,65,75,-10,10
67676,49,48,1,1
67677,62,69,-7,7
67678,123,135,-12,12
67679,78,86,-8,8
67680,144,139,5,5
67681,75,107,-32,32
67682,83,86,-3,3
67683,122,108,14,14
67684,92,95,-3,3
67685,101,106,-5,5
67686,75,90,-15,15
67687,130,118,12,12
67688,160,159,1,1
67689,58,70,-12,12
67690,154,148,6,6
67691,101,98,3,3
67692,54,71,-17,17
67693,177,173,4,4
67694,198,183,15,15
67695,98,112,-14,14
67696,87,104,-17,17
67697,116,115,1,1
67698,63,68,-5,5
67699,95,95,0,0
67700,57,64,-7,7
67701,64,66,-2,2
67702,69,68,1,1
67703,79,84,-5,5
67704,89,106,-17,17
67705,53,63,-10,10
67706,94,103,-9,9
67707,85,99,-14,14
67708,85,92,-7,7
67709,80,97,-17,17
67710,80,95,-15,15
67711,95,95,0,0
67712,95,96,-1,1
67713,72,83,-11,11
67714,59,68,-9,9
67715,122,113,9,9
67716,76,81,-5,5
67717,103,97,6,6
67718,80,89,-9,9
67719,84,90,-6,6
67720,108,111,-3,3
67721,94,97,-3,3
67722,128,126,2,2
67723,121,122,-1,1
67724,156,142,14,14
67725,120,117,3,3
67726,97,102,-5,5
67727,87,104,-17,17
67728,116,115,1,1
67729,48,55,-7,7
67730,139,139,0,0
67731,93,92,1,1
67732,184,189,-5,5
67733,62,66,-4,4
67734,116,126,-10,10
67735,114,108,6,6
67736,104,104,0,0
67737,94,109,-15,15
67738,169,164,5,5
67739,89,98,-9,9
67740,91,101,-10,10
67741,97,105,-8,8
67742,111,112,-1,1
67743,69,74,-5,5
67744,120,118,2,2
67745,105,126,-21,21
67746,99,104,-5,5
67747,37,72,-35,35
67748,105,98,7,7
67749,69,80,-11,11
67750,67,72,-5,5
67751,31,46,-15,15
67752,60,72,-12,12
67753,90,101,-11,11
67754,74,79,-5,5
67755,123,119,4,4
67756,97,104,-7,7
67757,55,59,-4,4
67758,127,127,0,0
67759,122,122,0,0
67760,103,113,-10,10
67761,141,140,1,1
67762,67,72,-5,5
67763,113,123,-10,10
67764,135,138,-3,3
67765,203,188,15,15
67766,88,94,-6,6
67767,94,105,-11,11
67768,103,107,-4,4
67769,86,89,-3,3
67770,143,148,-5,5
67771,52,59,-7,7
67772,75,90,-15,15
67773,114,128,-14,14
67774,92,90,2,2
67775,113,112,1,1
67776,123,125,-2,2
67777,68,82,-14,14
67778,86,103,-17,17
67779,27,45,-18,18
67780,126,130,-4,4
67781,89,89,0,0
67782,113,104,9,9
67783,106,104,2,2
67784,90,88,2,2
67785,82,82,0,0
67786,88,97,-9,9
67787,97,99,-2,2
67788,141,134,7,7
67789,123,116,7,7
67790,188,195,-7,7
67791,108,111,-3,3
67792,73,79,-6,6
67793,104,109,-5,5
67794,87,96,-9,9
67795,78,88,-10,10
67796,75,77,-2,2
67797,153,142,11,11
67798,74,74,0,0
67799,129,119,10,10
67800,117,113,4,4
67801,82,93,-11,11
67802,103,105,-2,2
67803,93,87,6,6
67804,89,95,-6,6
67805,44,61,-17,17
67806,76,82,-6,6
67807,79,99,-20,20
67808,87,93,-6,6
67809,38,49,-11,11
67810,120,125,-5,5
67811,88,95,-7,7
67812,155,143,12,12
67813,120,114,6,6
67814,89,89,0,0
67815,100,100,0,0
67816,66,71,-5,5
67817,85,96,-11,11
67818,90,83,7,7
67819,126,127,-1,1
67820,153,134,19,19
67821,83,86,-3,3
67822,113,109,4,4
67823,88,95,-7,7
67824,152,158,-6,6
67825,104,103,1,1
67826,75,80,-5,5
67827,48,53,-5,5
67828,127,127,0,0
67829,79,81,-2,2
67830,117,120,-3,3
67831,63,76,-13,13
67832,113,125,-12,12
67833,143,157,-14,14
67834,110,111,-1,1
67835,75,92,-17,17
67836,48,63,-15,15
67837,64,97,-33,33
67838,99,104,-5,5
67839,91,93,-2,2
67840,111,109,2,2
67841,89,92,-3,3
67842,141,136,5,5
67843,101,97,4,4
67844,74,81,-7,7
67845,124,115,9,9
67846,115,123,-8,8
67847,94,106,-12,12
67848,110,117,-7,7
67849,70,80,-10,10
67850,89,99,-10,10
67851,53,63,-10,10
67852,85,100,-15,15
67853,166,154,12,12
67854,77,77,0,0
67855,76,78,-2,2
67856,137,146,-9,9
67857,79,93,-14,14
67858,144,125,19,19
67859,57,57,0,0
67860,102,106,-4,4
67861,77,84,-7,7
67862,105,116,-11,11
67863,99,97,2,2
67864,40,50,-10,10
67865,96,98,-2,2
67866,99,109,-10,10
67867,69,71,-2,2
67868,111,106,5,5
67869,119,128,-9,9
67870,152,146,6,6
67871,138,134,4,4
67872,146,157,-11,11
67873,79,105,-26,26
67874,113,112,1,1
67875,65,79,-14,14
67876,135,123,12,12
67877,58,50,8,8
67878,68,81,-13,13
67879,103,98,5,5
67880,110,119,-9,9
67881,57,66,-9,9
67882,191,179,12,12
67883,87,87,0,0
67884,130,124,6,6
67885,94,99,-5,5
67886,101,111,-10,10
67887,52,55,-3,3
67888,134,134,0,0
67889,75,79,-4,4
67890,91,102,-11,11
67891,109,113,-4,4
67892,96,94,2,2
67893,55,63,-8,8
67894,114,113,1,1
67895,159,149,10,10
67896,74,77,-3,3
67897,89,102,-13,13
67898,45,60,-15,15
67899,50,76,-26,26
67900,78,80,-2,2
67901,136,143,-7,7
67902,81,84,-3,3
67903,104,97,7,7
67904,42,53,-11,11
67905,45,54,-9,9
67906,91,86,5,5
67907,81,87,-6,6
67908,73,83,-10,10
67909,163,153,10,10
67910,62,68,-6,6
67911,62,88,-26,26
67912,117,108,9,9
67913,91,101,-10,10
67914,81,95,-14,14
67915,183,159,24,24
67916,115,119,-4,4
67917,45,54,-9,9
67918,67,76,-9,9
67919,73,79,-6,6
67920,115,118,-3,3
67921,143,137,6,6
67922,122,116,6,6
67923,158,142,16,16
67924,132,130,2,2
67925,56,69,-13,13
67926,138,140,-2,2
67927,128,120,8,8
67928,170,160,10,10
67929,101,100,1,1
67930,147,142,5,5
67931,116,122,-6,6
67932,97,120,-23,23
67933,116,125,-9,9
67934,73,77,-4,4
67935,58,61,-3,3
67936,99,96,3,3
67937,148,151,-3,3
67938,56,66,-10,10
67939,144,148,-4,4
67940,73,75,-2,2
67941,124,135,-11,11
67942,58,90,-32,32
67943,72,82,-10,10
67944,57,62,-5,5
67945,77,74,3,3
67946,93,97,-4,4
67947,136,132,4,4
67948,56,66,-10,10
67949,106,101,5,5
67950,68,71,-3,3
67951,107,109,-2,2
67952,137,135,2,2
67953,51,61,-10,10
67954,161,159,2,2
67955,75,79,-4,4
67956,207,183,24,24
67957,134,144,-10,10
67958,139,139,0,0
67959,85,91,-6,6
67960,64,73,-9,9
67961,57,67,-10,10
67962,87,90,-3,3
67963,143,140,3,3
67964,89,99,-10,10
67965,78,79,-1,1
67966,73,95,-22,22
67967,188,201,-13,13
67968,115,106,9,9
67969,119,101,18,18
67970,74,84,-10,10
67971,96,104,-8,8
67972,64,72,-8,8
67973,117,117,0,0
67974,127,130,-3,3
67975,70,82,-12,12
67976,97,109,-12,12
67977,163,168,-5,5
67978,143,135,8,8
67979,69,82,-13,13
67980,98,112,-14,14
67981,87,88,-1,1
67982,100,103,-3,3
67983,111,125,-14,14
67984,129,136,-7,7
67985,94,87,7,7
67986,124,126,-2,2
67987,70,85,-15,15
67988,64,69,-5,5
67989,131,126,5,5
67990,81,97,-16,16
67991,121,116,5,5
67992,139,133,6,6
67993,49,60,-11,11
67994,54,66,-12,12
67995,109,116,-7,7
67996,71,83,-12,12
67997,124,118,6,6
67998,110,102,8,8
67999,103,109,-6,6
68000,104,116,-12,12
68001,95,119,-24,24
68002,85,81,4,4
68003,83,83,0,0
68004,111,119,-8,8
68005,68,63,5,5
68006,76,80,-4,4
68007,47,58,-11,11
68008,143,132,11,11
68009,64,73,-9,9
68010,102,105,-3,3
68011,77,85,-8,8
68012,52,65,-13,13
68013,52,64,-12,12
68014,75,86,-11,11
68015,83,89,-6,6
68016,70,74,-4,4
68017,44,58,-14,14
68018,41,55,-14,14
68019,77,80,-3,3
68020,53,62,-9,9
68021,132,132,0,0
68022,112,110,2,2
68023,81,82,-1,1
68024,85,88,-3,3
68025,90,97,-7,7
68026,51,60,-9,9
68027,55,73,-18,18
68028,45,72,-27,27
68029,52,60,-8,8
68030,98,101,-3,3
68031,72,79,-7,7
68032,239,229,10,10
68033,123,115,8,8
68034,164,152,12,12
68035,75,80,-5,5
68036,145,143,2,2
68037,63,73,-10,10
68038,63,102,-39,39
68039,100,112,-12,12
68040,110,116,-6,6
68041,76,95,-19,19
68042,94,104,-10,10
68043,109,100,9,9
68044,59,77,-18,18
68045,140,155,-15,15
68046,83,84,-1,1
68047,136,128,8,8
68048,50,65,-15,15
68049,85,86,-1,1
68050,113,107,6,6
68051,49,64,-15,15
68052,98,92,6,6
68053,80,74,6,6
68054,95,102,-7,7
68055,129,136,-7,7
68056,89,88,1,1
68057,115,114,1,1
68058,73,84,-11,11
68059,75,87,-12,12
68060,168,155,13,13
68061,52,64,-12,12
68062,76,78,-2,2
68063,104,106,-2,2
68064,124,112,12,12
68065,113,123,-10,10
68066,80,83,-3,3
68067,79,108,-29,29
68068,89,94,-5,5
68069,90,87,3,3
68070,46,60,-14,14
68071,80,80,0,0
68072,108,124,-16,16
68073,46,54,-8,8
68074,106,104,2,2
68075,139,137,2,2
68076,99,104,-5,5
68077,50,61,-11,11
68078,65,69,-4,4
68079,69,78,-9,9
68080,125,125,0,0
68081,97,99,-2,2
68082,84,92,-8,8
68083,114,123,-9,9
68084,39,46,-7,7
68085,106,107,-1,1
68086,88,97,-9,9
68087,80,91,-11,11
68088,178,167,11,11
68089,104,117,-13,13
68090,76,79,-3,3
68091,108,102,6,6
68092,82,98,-16,16
68093,44,60,-16,16
68094,67,71,-4,4
68095,69,81,-12,12
68096,69,69,0,0
68097,112,112,0,0
68098,151,139,12,12
68099,47,59,-12,12
68100,70,76,-6,6
68101,86,90,-4,4
68102,95,100,-5,5
68103,68,78,-10,10
68104,44,55,-11,11
68105,70,78,-8,8
68106,132,127,5,5
68107,66,77,-11,11
68108,104,104,0,0
68109,155,154,1,1
68110,136,135,1,1
68111,74,78,-4,4
68112,109,115,-6,6
68113,88,99,-11,11
68114,156,166,-10,10
68115,153,153,0,0
68116,83,78,5,5
68117,88,86,2,2
68118,167,172,-5,5
68119,44,54,-10,10
68120,124,117,7,7
68121,71,74,-3,3
68122,131,121,10,10
68123,94,91,3,3
68124,64,73,-9,9
68125,81,86,-5,5
68126,69,75,-6,6
68127,52,59,-7,7
68128,84,93,-9,9
68129,59,68,-9,9
68130,117,120,-3,3
68131,115,110,5,5
68132,86,91,-5,5
68133,111,109,2,2
68134,69,83,-14,14
68135,119,118,1,1
68136,73,78,-5,5
68137,81,87,-6,6
68138,79,96,-17,17
68139,89,102,-13,13
68140,51,63,-12,12
68141,63,71,-8,8
68142,87,95,-8,8
68143,116,119,-3,3
68144,115,114,1,1
68145,111,119,-8,8
68146,38,46,-8,8
68147,130,141,-11,11
68148,100,98,2,2
68149,60,62,-2,2
68150,91,88,3,3
68151,67,73,-6,6
68152,73,73,0,0
68153,152,151,1,1
68154,199,188,11,11
68155,156,151,5,5
68156,61,72,-11,11
68157,109,102,7,7
68158,69,80,-11,11
68159,87,93,-6,6
68160,65,74,-9,9
68161,83,94,-11,11
68162,94,98,-4,4
68163,104,95,9,9
68164,72,86,-14,14
68165,74,95,-21,21
68166,93,91,2,2
68167,88,88,0,0
68168,88,87,1,1
68169,75,88,-13,13
68170,102,107,-5,5
68171,72,79,-7,7
68172,95,89,6,6
68173,98,101,-3,3
68174,86,93,-7,7
68175,91,112,-21,21
68176,67,74,-7,7
68177,73,81,-8,8
68178,129,134,-5,5
68179,64,68,-4,4
68180,94,100,-6,6
68181,123,115,8,8
68182,89,92,-3,3
68183,45,61,-16,16
68184,95,101,-6,6
68185,77,83,-6,6
68186,61,73,-12,12
68187,151,158,-7,7
68188,53,61,-8,8
68189,109,106,3,3
68190,84,94,-10,10
68191,86,95,-9,9
68192,105,106,-1,1
68193,107,119,-12,12
68194,97,107,-10,10
68195,41,51,-10,10
68196,69,76,-7,7
68197,111,90,21,21
68198,40,52,-12,12
68199,140,139,1,1
68200,65,76,-11,11
68201,149,131,18,18
68202,46,53,-7,7
68203,103,110,-7,7
68204,80,88,-8,8
68205,41,52,-11,11
68206,97,136,-39,39
68207,65,71,-6,6
68208,124,152,-28,28
68209,65,72,-7,7
68210,85,85,0,0
68211,151,147,4,4
68212,75,81,-6,6
68213,92,99,-7,7
68214,96,97,-1,1
68215,120,128,-8,8
68216,71,75,-4,4
68217,77,85,-8,8
68218,84,99,-15,15
68219,100,113,-13,13
68220,105,120,-15,15
68221,123,121,2,2
68222,53,63,-10,10
68223,178,176,2,2
68224,99,102,-3,3
68225,64,73,-9,9
68226,78,90,-12,12
68227,108,108,0,0
68228,77,84,-7,7
68229,157,148,9,9
68230,72,85,-13,13
68231,68,77,-9,9
68232,87,82,5,5
68233,70,83,-13,13
68234,52,63,-11,11
68235,85,84,1,1
68236,100,111,-11,11
68237,71,74,-3,3
68238,109,119,-10,10
68239,154,167,-13,13
68240,96,82,14,14
68241,78,94,-16,16
68242,82,98,-16,16
68243,114,114,0,0
68244,103,110,-7,7
68245,118,126,-8,8
68246,87,95,-8,8
68247,121,129,-8,8
68248,94,99,-5,5
68249,62,67,-5,5
68250,89,92,-3,3
68251,105,106,-1,1
68252,85,85,0,0
68253,79,94,-15,15
68254,86,91,-5,5
68255,100,103,-3,3
68256,104,104,0,0
68257,83,87,-4,4
68258,90,91,-1,1
68259,112,130,-18,18
68260,69,79,-10,10
68261,121,108,13,13
68262,84,93,-9,9
68263,87,89,-2,2
68264,92,99,-7,7
68265,147,144,3,3
68266,86,92,-6,6
68267,89,87,2,2
68268,52,73,-21,21
68269,110,110,0,0
68270,145,142,3,3
68271,87,90,-3,3
68272,107,91,16,16
68273,145,126,19,19
68274,55,63,-8,8
68275,51,69,-18,18
68276,95,100,-5,5
68277,101,104,-3,3
68278,72,75,-3,3
68279,90,91,-1,1
68280,91,84,7,7
68281,94,104,-10,10
68282,60,74,-14,14
68283,59,64,-5,5
68284,96,96,0,0
68285,55,65,-10,10
68286,101,92,9,9
68287,95,105,-10,10
68288,113,111,2,2
68289,77,78,-1,1
68290,114,132,-18,18
68291,101,111,-10,10
68292,100,109,-9,9
68293,64,75,-11,11
68294,100,99,1,1
68295,158,146,12,12
68296,81,88,-7,7
68297,62,73,-11,11
68298,136,130,6,6
68299,156,152,4,4
68300,160,150,10,10
68301,128,132,-4,4
68302,49,57,-8,8
68303,135,128,7,7
68304,81,93,-12,12
68305,85,92,-7,7
68306,74,76,-2,2
68307,141,134,7,7
68308,98,102,-4,4
68309,140,133,7,7
68310,102,100,2,2
68311,91,104,-13,13
68312,68,73,-5,5
68313,117,111,6,6
68314,57,61,-4,4
68315,70,81,-11,11
68316,203,167,36,36
68317,96,118,-22,22
68318,128,130,-2,2
68319,81,81,0,0
68320,81,99,-18,18
68321,66,69,-3,3
68322,128,126,2,2
68323,150,146,4,4
68324,79,91,-12,12
68325,68,82,-14,14
68326,57,69,-12,12
68327,63,79,-16,16
68328,110,117,-7,7
68329,84,90,-6,6
68330,84,80,4,4
68331,59,70,-11,11
68332,101,94,7,7
68333,73,84,-11,11
68334,82,90,-8,8
68335,163,157,6,6
68336,113,116,-3,3
68337,95,83,12,12
68338,73,82,-9,9
68339,83,86,-3,3
68340,114,121,-7,7
68341,136,120,16,16
68342,86,95,-9,9
68343,81,86,-5,5
68344,108,116,-8,8
68345,149,153,-4,4
68346,101,103,-2,2
68347,78,85,-7,7
68348,126,119,7,7
68349,122,135,-13,13
68350,112,111,1,1
68351,67,72,-5,5
68352,62,69,-7,7
68353,112,120,-8,8
68354,171,161,10,10
68355,65,69,-4,4
68356,97,94,3,3
68357,43,54,-11,11
68358,71,69,2,2
68359,71,74,-3,3
68360,55,54,1,1
68361,72,89,-17,17
68362,85,88,-3,3
68363,190,174,16,16
68364,97,103,-6,6
68365,100,103,-3,3
68366,75,83,-8,8
68367,130,119,11,11
68368,60,66,-6,6
68369,105,107,-2,2
68370,85,87,-2,2
68371,89,100,-11,11
68372,93,99,-6,6
68373,39,72,-33,33
68374,74,74,0,0
68375,148,151,-3,3
68376,136,132,4,4
68377,61,79,-18,18
68378,181,168,13,13
68379,99,98,1,1
68380,165,160,5,5
68381,97,98,-1,1
68382,116,113,3,3
68383,105,116,-11,11
68384,50,55,-5,5
68385,71,88,-17,17
68386,115,113,2,2
68387,61,63,-2,2
68388,101,110,-9,9
68389,80,85,-5,5
68390,100,110,-10,10
68391,79,96,-17,17
68392,121,122,-1,1
68393,85,99,-14,14
68394,87,97,-10,10
68395,61,73,-12,12
68396,125,136,-11,11
68397,85,94,-9,9
68398,87,94,-7,7
68399,64,76,-12,12
68400,66,74,-8,8
68401,85,91,-6,6
68402,159,146,13,13
68403,132,139,-7,7
68404,96,102,-6,6
68405,100,116,-16,16
68406,76,79,-3,3
68407,117,123,-6,6
68408,101,119,-18,18
68409,86,91,-5,5
68410,117,114,3,3
68411,96,95,1,1
68412,55,67,-12,12
68413,145,140,5,5
68414,68,80,-12,12
68415,71,73,-2,2
68416,129,127,2,2
68417,121,120,1,1
68418,92,85,7,7
68419,57,64,-7,7
68420,50,58,-8,8
68421,56,67,-11,11
68422,52,62,-10,10
68423,61,67,-6,6
68424,164,154,10,10
68425,119,122,-3,3
68426,85,85,0,0
68427,83,84,-1,1
68428,149,147,2,2
68429,103,98,5,5
68430,61,53,8,8
68431,142,145,-3,3
68432,80,90,-10,10
68433,49,61,-12,12
68434,109,104,5,5
68435,101,102,-1,1
68436,77,87,-10,10
68437,160,172,-12,12
68438,108,117,-9,9
68439,137,134,3,3
68440,125,125,0,0
68441,76,86,-10,10
68442,145,131,14,14
68443,86,97,-11,11
68444,131,128,3,3
68445,99,111,-12,12
68446,97,101,-4,4
68447,67,70,-3,3
68448,107,132,-25,25
68449,87,89,-2,2
68450,104,105,-1,1
68451,77,81,-4,4
68452,49,61,-12,12
68453,152,142,10,10
68454,138,136,2,2
68455,183,173,10,10
68456,53,65,-12,12
68457,100,102,-2,2
68458,71,81,-10,10
68459,73,96,-23,23
68460,108,104,4,4
68461,85,99,-14,14
68462,72,81,-9,9
68463,92,93,-1,1
68464,127,125,2,2
68465,61,88,-27,27
68466,86,105,-19,19
68467,56,60,-4,4
68468,104,97,7,7
68469,86,91,-5,5
68470,142,145,-3,3
68471,78,92,-14,14
68472,96,89,7,7
68473,75,87,-12,12
68474,88,92,-4,4
68475,69,75,-6,6
68476,62,72,-10,10
68477,107,109,-2,2
68478,65,73,-8,8
68479,129,141,-12,12
68480,86,97,-11,11
68481,77,76,1,1
68482,115,105,10,10
68483,87,88,-1,1
68484,32,41,-9,9
68485,80,96,-16,16
68486,107,109,-2,2
68487,112,128,-16,16
68488,83,88,-5,5
68489,89,98,-9,9
68490,65,71,-6,6
68491,63,76,-13,13
68492,56,66,-10,10
68493,99,93,6,6
68494,88,94,-6,6
68495,130,137,-7,7
68496,59,69,-10,10
68497,157,132,25,25
68498,94,111,-17,17
68499,94,98,-4,4
68500,61,71,-10,10
68501,98,107,-9,9
68502,98,100,-2,2
68503,108,104,4,4
68504,122,123,-1,1
68505,115,117,-2,2
68506,49,60,-11,11
68507,79,87,-8,8
68508,96,106,-10,10
68509,81,97,-16,16
68510,54,61,-7,7
68511,70,84,-14,14
68512,141,134,7,7
68513,113,191,-78,78
68514,110,125,-15,15
68515,75,85,-10,10
68516,85,99,-14,14
68517,85,85,0,0
68518,105,106,-1,1
68519,62,74,-12,12
68520,39,54,-15,15
68521,83,91,-8,8
68522,103,103,0,0
68523,69,77,-8,8
68524,103,104,-1,1
68525,82,85,-3,3
68526,98,101,-3,3
68527,134,128,6,6
68528,51,69,-18,18
68529,98,99,-1,1
68530,58,67,-9,9
68531,66,81,-15,15
68532,66,71,-5,5
68533,139,131,8,8
68534,182,174,8,8
68535,118,136,-18,18
68536,69,72,-3,3
68537,61,74,-13,13
68538,101,98,3,3
68539,126,106,20,20
68540,87,90,-3,3
68541,53,64,-11,11
68542,83,85,-2,2
68543,113,120,-7,7
68544,109,104,5,5
68545,60,67,-7,7
68546,113,117,-4,4
68547,84,99,-15,15
68548,60,67,-7,7
68549,56,72,-16,16
68550,52,59,-7,7
68551,111,109,2,2
68552,74,86,-12,12
68553,57,65,-8,8
68554,72,79,-7,7
68555,77,86,-9,9
68556,93,96,-3,3
68557,167,146,21,21
68558,64,71,-7,7
68559,97,94,3,3
68560,106,112,-6,6
68561,165,152,13,13
68562,86,109,-23,23
68563,146,138,8,8
68564,98,100,-2,2
68565,88,92,-4,4
68566,89,92,-3,3
68567,99,100,-1,1
68568,86,92,-6,6
68569,95,117,-22,22
68570,70,72,-2,2
68571,91,110,-19,19
68572,98,101,-3,3
68573,92,93,-1,1
68574,103,104,-1,1
68575,91,89,2,2
68576,58,80,-22,22
68577,61,72,-11,11
68578,53,60,-7,7
68579,83,87,-4,4
68580,56,66,-10,10
68581,84,90,-6,6
68582,73,86,-13,13
68583,73,80,-7,7
68584,81,88,-7,7
68585,69,78,-9,9
68586,71,82,-11,11
68587,107,119,-12,12
68588,111,113,-2,2
68589,107,106,1,1
68590,115,104,11,11
68591,75,82,-7,7
68592,129,120,9,9
68593,94,96,-2,2
68594,52,61,-9,9
68595,146,144,2,2
68596,99,106,-7,7
68597,93,111,-18,18
68598,57,67,-10,10
68599,102,119,-17,17
68600,58,69,-11,11
68601,95,139,-44,44
68602,92,96,-4,4
68603,99,100,-1,1
68604,115,119,-4,4
68605,77,82,-5,5
68606,176,176,0,0
68607,97,108,-11,11
68608,153,140,13,13
68609,74,77,-3,3
68610,182,165,17,17
68611,91,105,-14,14
68612,67,86,-19,19
68613,85,100,-15,15
68614,109,111,-2,2
68615,113,110,3,3
68616,111,117,-6,6
68617,95,111,-16,16
68618,74,79,-5,5
68619,110,110,0,0
68620,58,62,-4,4
68621,135,132,3,3
68622,108,112,-4,4
68623,112,125,-13,13
68624,49,61,-12,12
68625,114,121,-7,7
68626,57,67,-10,10
68627,74,76,-2,2
68628,99,105,-6,6
68629,96,96,0,0
68630,88,90,-2,2
68631,79,90,-11,11
68632,82,77,5,5
68633,99,100,-1,1
68634,116,113,3,3
68635,80,85,-5,5
68636,120,119,1,1
68637,70,73,-3,3
68638,74,78,-4,4
68639,55,73,-18,18
68640,97,96,1,1
68641,74,82,-8,8
68642,92,105,-13,13
68643,71,78,-7,7
68644,86,89,-3,3
68645,66,72,-6,6
68646,74,76,-2,2
68647,90,96,-6,6
68648,110,108,2,2
68649,94,98,-4,4
68650,101,102,-1,1
68651,115,116,-1,1
68652,91,99,-8,8
68653,102,108,-6,6
68654,116,123,-7,7
68655,130,131,-1,1
68656,45,59,-14,14
68657,77,85,-8,8
68658,117,130,-13,13
68659,109,114,-5,5
68660,94,97,-3,3
68661,130,129,1,1
68662,37,53,-16,16
68663,73,83,-10,10
68664,79,77,2,2
68665,80,96,-16,16
68666,143,128,15,15
68667,69,78,-9,9
68668,143,141,2,2
68669,105,110,-5,5
68670,150,143,7,7
68671,94,94,0,0
68672,107,104,3,3
68673,64,71,-7,7
68674,154,140,14,14
68675,129,131,-2,2
68676,118,118,0,0
68677,86,92,-6,6
68678,98,104,-6,6
68679,134,144,-10,10
68680,96,104,-8,8
68681,90,95,-5,5
68682,173,174,-1,1
68683,83,91,-8,8
68684,168,167,1,1
68685,97,100,-3,3
68686,88,94,-6,6
68687,54,59,-5,5
68688,142,128,14,14
68689,152,145,7,7
68690,75,90,-15,15
68691,73,79,-6,6
68692,170,177,-7,7
68693,82,89,-7,7
68694,103,119,-16,16
68695,135,127,8,8
68696,98,102,-4,4
68697,190,178,12,12
68698,110,102,8,8
68699,56,69,-13,13
68700,160,150,10,10
68701,86,105,-19,19
68702,105,108,-3,3
68703,42,53,-11,11
68704,148,162,-14,14
68705,78,78,0,0
68706,108,112,-4,4
68707,81,87,-6,6
68708,135,134,1,1
68709,84,99,-15,15
68710,115,104,11,11
68711,124,121,3,3
68712,67,82,-15,15
68713,97,100,-3,3
68714,90,93,-3,3
68715,158,150,8,8
68716,162,153,9,9
68717,165,165,0,0
68718,76,86,-10,10
68719,174,172,2,2
68720,125,122,3,3
68721,155,154,1,1
68722,80,92,-12,12
68723,150,156,-6,6
68724,54,61,-7,7
68725,119,109,10,10
68726,83,81,2,2
68727,56,67,-11,11
68728,69,86,-17,17
68729,94,101,-7,7
68730,103,113,-10,10
68731,120,116,4,4
68732,119,128,-9,9
68733,92,97,-5,5
68734,102,105,-3,3
68735,75,81,-6,6
68736,64,70,-6,6
68737,175,162,13,13
68738,66,72,-6,6
68739,69,70,-1,1
68740,66,71,-5,5
68741,42,53,-11,11
68742,222,213,9,9
68743,161,154,7,7
68744,139,125,14,14
68745,88,94,-6,6
68746,81,82,-1,1
68747,160,165,-5,5
68748,100,106,-6,6
68749,64,79,-15,15
68750,26,41,-15,15
68751,126,125,1,1
68752,49,57,-8,8
68753,101,104,-3,3
68754,78,80,-2,2
68755,82,87,-5,5
68756,68,76,-8,8
68757,90,96,-6,6
68758,78,82,-4,4
68759,114,119,-5,5
68760,160,155,5,5
68761,108,110,-2,2
68762,93,99,-6,6
68763,52,60,-8,8
68764,142,139,3,3
68765,151,160,-9,9
68766,118,127,-9,9
68767,90,93,-3,3
68768,103,98,5,5
68769,126,123,3,3
68770,121,121,0,0
68771,111,118,-7,7
68772,87,90,-3,3
68773,48,57,-9,9
68774,86,81,5,5
68775,60,109,-49,49
68776,162,145,17,17
68777,98,94,4,4
68778,134,126,8,8
68779,147,146,1,1
68780,113,120,-7,7
68781,79,82,-3,3
68782,76,78,-2,2
68783,72,89,-17,17
68784,59,73,-14,14
68785,151,143,8,8
68786,114,116,-2,2
68787,71,81,-10,10
68788,146,144,2,2
68789,83,86,-3,3
68790,65,69,-4,4
68791,60,67,-7,7
68792,113,102,11,11
68793,146,137,9,9
68794,103,111,-8,8
68795,123,117,6,6
68796,59,73,-14,14
68797,158,143,15,15
68798,114,105,9,9
68799,133,124,9,9
68800,151,143,8,8
68801,41,53,-12,12
68802,80,83,-3,3
68803,71,75,-4,4
68804,88,97,-9,9
68805,94,110,-16,16
68806,41,59,-18,18
68807,129,144,-15,15
68808,126,123,3,3
68809,132,121,11,11
68810,38,54,-16,16
68811,81,90,-9,9
68812,97,105,-8,8
68813,99,102,-3,3
68814,159,153,6,6
68815,113,120,-7,7
68816,42,60,-18,18
68817,176,164,12,12
68818,96,91,5,5
68819,122,122,0,0
68820,134,141,-7,7
68821,63,70,-7,7
68822,81,85,-4,4
68823,94,104,-10,10
68824,122,118,4,4
68825,99,94,5,5
68826,103,112,-9,9
68827,77,114,-37,37
68828,90,104,-14,14
68829,139,126,13,13
68830,74,75,-1,1
68831,83,89,-6,6
68832,84,89,-5,5
68833,108,106,2,2
68834,80,91,-11,11
68835,117,119,-2,2
68836,81,84,-3,3
68837,73,81,-8,8
68838,146,141,5,5
68839,83,89,-6,6
68840,71,76,-5,5
68841,99,111,-12,12
68842,52,60,-8,8
68843,97,111,-14,14
68844,80,86,-6,6
68845,112,117,-5,5
68846,57,77,-20,20
68847,105,106,-1,1
68848,145,151,-6,6
68849,104,98,6,6
68850,94,88,6,6
68851,109,116,-7,7
68852,73,78,-5,5
68853,54,62,-8,8
68854,99,100,-1,1
68855,204,190,14,14
68856,42,57,-15,15
68857,40,49,-9,9
68858,61,63,-2,2
68859,98,104,-6,6
68860,88,98,-10,10
68861,107,123,-16,16
68862,101,107,-6,6
68863,156,150,6,6
68864,43,57,-14,14
68865,85,88,-3,3
68866,130,121,9,9
68867,49,65,-16,16
68868,82,85,-3,3
68869,105,108,-3,3
68870,141,153,-12,12
68871,124,129,-5,5
68872,149,166,-17,17
68873,61,65,-4,4
68874,163,162,1,1
68875,94,104,-10,10
68876,64,75,-11,11
68877,129,145,-16,16
68878,71,83,-12,12
68879,95,106,-11,11
68880,106,115,-9,9
68881,103,89,14,14
68882,81,83,-2,2
68883,89,89,0,0
68884,144,141,3,3
68885,64,77,-13,13
68886,37,126,-89,89
68887,87,85,2,2
68888,34,44,-10,10
68889,94,101,-7,7
68890,84,94,-10,10
68891,76,78,-2,2
68892,79,81,-2,2
68893,96,108,-12,12
68894,99,100,-1,1
68895,102,107,-5,5
68896,66,73,-7,7
68897,96,91,5,5
68898,75,81,-6,6
68899,98,97,1,1
68900,75,79,-4,4
68901,106,108,-2,2
68902,85,90,-5,5
68903,104,119,-15,15
68904,83,95,-12,12
68905,92,97,-5,5
68906,110,131,-21,21
68907,89,109,-20,20
68908,148,141,7,7
68909,105,109,-4,4
68910,90,89,1,1
68911,42,62,-20,20
68912,102,107,-5,5
68913,142,134,8,8
68914,122,122,0,0
68915,109,106,3,3
68916,101,111,-10,10
68917,89,101,-12,12
68918,118,121,-3,3
68919,146,138,8,8
68920,100,109,-9,9
68921,99,97,2,2
68922,62,64,-2,2
68923,84,84,0,0
68924,62,75,-13,13
68925,190,170,20,20
68926,105,115,-10,10
68927,101,99,2,2
68928,69,81,-12,12
68929,105,106,-1,1
68930,135,138,-3,3
68931,162,170,-8,8
68932,96,100,-4,4
68933,80,81,-1,1
68934,83,92,-9,9
68935,133,131,2,2
68936,77,84,-7,7
68937,130,129,1,1
68938,143,160,-17,17
68939,83,93,-10,10
68940,77,83,-6,6
68941,148,143,5,5
68942,88,87,1,1
68943,47,53,-6,6
68944,66,65,1,1
68945,54,73,-19,19
68946,97,98,-1,1
68947,80,94,-14,14
68948,51,75,-24,24
68949,122,130,-8,8
68950,134,123,11,11
68951,152,152,0,0
68952,96,106,-10,10
68953,75,87,-12,12
68954,143,143,0,0
68955,164,162,2,2
68956,99,107,-8,8
68957,149,155,-6,6
68958,126,120,6,6
68959,90,87,3,3
68960,102,110,-8,8
68961,18,40,-22,22
68962,103,137,-34,34
68963,130,128,2,2
68964,67,77,-10,10
68965,69,72,-3,3
68966,84,90,-6,6
68967,122,128,-6,6
68968,103,100,3,3
68969,65,67,-2,2
68970,111,119,-8,8
68971,177,173,4,4
68972,64,68,-4,4
68973,159,161,-2,2
68974,123,132,-9,9
68975,67,78,-11,11
68976,138,148,-10,10
68977,88,99,-11,11
68978,94,111,-17,17
68979,114,111,3,3
68980,81,81,0,0
68981,68,71,-3,3
68982,214,201,13,13
68983,145,133,12,12
68984,54,64,-10,10
68985,100,96,4,4
68986,146,142,4,4
68987,213,191,22,22
68988,106,119,-13,13
68989,57,61,-4,4
68990,128,126,2,2
68991,97,100,-3,3
68992,90,100,-10,10
68993,102,106,-4,4
68994,153,141,12,12
68995,84,87,-3,3
68996,27,41,-14,14
68997,51,58,-7,7
68998,73,82,-9,9
68999,86,89,-3,3
69000,77,80,-3,3
69001,154,142,12,12
69002,107,106,1,1
69003,173,169,4,4
69004,80,90,-10,10
69005,92,95,-3,3
69006,86,90,-4,4
69007,70,80,-10,10
69008,116,129,-13,13
69009,79,85,-6,6
69010,101,106,-5,5
69011,138,135,3,3
69012,125,115,10,10
69013,65,72,-7,7
69014,82,87,-5,5
69015,88,95,-7,7
69016,40,59,-19,19
69017,104,111,-7,7
69018,111,112,-1,1
69019,81,85,-4,4
69020,67,83,-16,16
69021,91,103,-12,12
69022,135,136,-1,1
69023,155,164,-9,9
69024,89,89,0,0
69025,58,74,-16,16
69026,137,132,5,5
69027,69,74,-5,5
69028,84,92,-8,8
69029,110,100,10,10
69030,68,97,-29,29
69031,126,114,12,12
69032,185,151,34,34
69033,64,67,-3,3
69034,119,120,-1,1
69035,133,135,-2,2
69036,96,97,-1,1
69037,54,60,-6,6
69038,90,95,-5,5
69039,75,79,-4,4
69040,123,128,-5,5
69041,91,96,-5,5
69042,114,115,-1,1
69043,49,86,-37,37
69044,119,117,2,2
69045,78,79,-1,1
69046,105,104,1,1
69047,113,116,-3,3
69048,75,77,-2,2
69049,162,158,4,4
69050,62,68,-6,6
69051,93,89,4,4
69052,67,70,-3,3
69053,118,120,-2,2
69054,76,81,-5,5
69055,132,126,6,6
69056,43,52,-9,9
69057,69,81,-12,12
69058,99,105,-6,6
69059,81,86,-5,5
69060,103,103,0,0
69061,87,89,-2,2
69062,88,87,1,1
69063,92,93,-1,1
69064,102,101,1,1
69065,53,62,-9,9
69066,80,85,-5,5
69067,86,87,-1,1
69068,107,114,-7,7
69069,165,173,-8,8
69070,43,53,-10,10
69071,84,84,0,0
69072,129,127,2,2
69073,135,135,0,0
69074,32,69,-37,37
69075,49,64,-15,15
69076,91,95,-4,4
69077,72,78,-6,6
69078,85,89,-4,4
69079,75,86,-11,11
69080,95,124,-29,29
69081,132,128,4,4
69082,98,110,-12,12
69083,34,42,-8,8
69084,114,113,1,1
69085,104,100,4,4
69086,111,106,5,5
69087,59,63,-4,4
69088,38,52,-14,14
69089,45,53,-8,8
69090,160,174,-14,14
69091,87,89,-2,2
69092,78,89,-11,11
69093,180,151,29,29
69094,112,122,-10,10
69095,99,107,-8,8
69096,77,84,-7,7
69097,64,88,-24,24
69098,93,86,7,7
69099,135,152,-17,17
69100,80,88,-8,8
69101,105,97,8,8
69102,93,99,-6,6
69103,97,105,-8,8
69104,93,107,-14,14
69105,126,113,13,13
69106,100,102,-2,2
69107,93,98,-5,5
69108,116,121,-5,5
69109,89,94,-5,5
69110,72,94,-22,22
69111,158,143,15,15
69112,107,98,9,9
69113,57,67,-10,10
69114,95,107,-12,12
69115,199,190,9,9
69116,98,102,-4,4
69117,50,57,-7,7
69118,72,74,-2,2
69119,86,86,0,0
69120,36,53,-17,17
69121,77,73,4,4
69122,144,148,-4,4
69123,101,123,-22,22
69124,141,141,0,0
69125,136,132,4,4
69126,81,86,-5,5
69127,96,121,-25,25
69128,92,97,-5,5
69129,37,54,-17,17
69130,117,121,-4,4
69131,96,94,2,2
69132,120,142,-22,22
69133,58,67,-9,9
69134,147,135,12,12
69135,60,70,-10,10
69136,85,88,-3,3
69137,71,69,2,2
69138,74,78,-4,4
69139,98,102,-4,4
69140,59,64,-5,5
69141,77,85,-8,8
69142,77,87,-10,10
69143,76,86,-10,10
69144,52,63,-11,11
69145,116,115,1,1
69146,78,90,-12,12
69147,74,80,-6,6
69148,124,124,0,0
69149,58,63,-5,5
69150,86,90,-4,4
69151,132,125,7,7
69152,108,102,6,6
69153,38,50,-12,12
69154,138,142,-4,4
69155,74,79,-5,5
69156,73,81,-8,8
69157,95,91,4,4
69158,129,137,-8,8
69159,102,101,1,1
69160,112,113,-1,1
69161,141,142,-1,1
69162,76,82,-6,6
69163,142,142,0,0
69164,72,80,-8,8
69165,163,159,4,4
69166,122,122,0,0
69167,44,51,-7,7
69168,104,107,-3,3
69169,72,89,-17,17
69170,60,64,-4,4
69171,69,74,-5,5
69172,113,110,3,3
69173,89,96,-7,7
69174,42,58,-16,16
69175,146,146,0,0
69176,147,129,18,18
69177,132,148,-16,16
69178,107,103,4,4
69179,77,86,-9,9
69180,102,105,-3,3
69181,153,143,10,10
69182,56,87,-31,31
69183,105,114,-9,9
69184,129,134,-5,5
69185,99,97,2,2
69186,55,63,-8,8
69187,102,116,-14,14
69188,102,100,2,2
69189,111,116,-5,5
69190,123,128,-5,5
69191,62,73,-11,11
69192,152,168,-16,16
69193,89,89,0,0
69194,94,94,0,0
69195,35,61,-26,26
69196,94,98,-4,4
69197,110,119,-9,9
69198,175,176,-1,1
69199,105,102,3,3
69200,42,56,-14,14
69201,152,144,8,8
69202,149,139,10,10
69203,207,183,24,24
69204,152,159,-7,7
69205,88,102,-14,14
69206,94,97,-3,3
69207,76,74,2,2
69208,84,88,-4,4
69209,87,92,-5,5
69210,59,60,-1,1
69211,112,110,2,2
69212,110,107,3,3
69213,136,119,17,17
69214,81,99,-18,18
69215,177,163,14,14
69216,120,128,-8,8
69217,86,94,-8,8
69218,57,67,-10,10
69219,100,88,12,12
69220,134,133,1,1
69221,75,78,-3,3
69222,88,87,1,1
69223,82,92,-10,10
69224,54,69,-15,15
69225,74,74,0,0
69226,50,61,-11,11
69227,125,117,8,8
69228,85,94,-9,9
69229,148,145,3,3
69230,88,97,-9,9
69231,58,85,-27,27
69232,124,111,13,13
69233,129,128,1,1
69234,100,103,-3,3
69235,76,81,-5,5
69236,86,88,-2,2
69237,57,74,-17,17
69238,84,91,-7,7
69239,103,101,2,2
69240,87,94,-7,7
69241,114,120,-6,6
69242,58,68,-10,10
69243,100,98,2,2
69244,92,94,-2,2
69245,78,89,-11,11
69246,73,90,-17,17
69247,73,76,-3,3
69248,106,112,-6,6
69249,135,136,-1,1
69250,95,113,-18,18
69251,75,84,-9,9
69252,116,127,-11,11
69253,58,63,-5,5
69254,135,127,8,8
69255,75,84,-9,9
69256,51,64,-13,13
69257,69,76,-7,7
69258,97,113,-16,16
69259,73,82,-9,9
69260,91,101,-10,10
69261,156,154,2,2
69262,67,79,-12,12
69263,77,79,-2,2
69264,133,141,-8,8
69265,129,150,-21,21
69266,110,110,0,0
69267,121,139,-18,18
69268,150,148,2,2
69269,89,91,-2,2
69270,71,86,-15,15
69271,119,110,9,9
69272,70,83,-13,13
69273,121,128,-7,7
69274,116,123,-7,7
69275,123,131,-8,8
69276,95,96,-1,1
69277,70,72,-2,2
69278,111,96,15,15
69279,113,110,3,3
69280,92,85,7,7
69281,52,65,-13,13
69282,114,111,3,3
69283,106,109,-3,3
69284,102,121,-19,19
69285,72,87,-15,15
69286,134,119,15,15
69287,101,104,-3,3
69288,134,126,8,8
69289,111,117,-6,6
69290,99,105,-6,6
69291,98,97,1,1
69292,94,101,-7,7
69293,44,54,-10,10
69294,92,98,-6,6
69295,81,84,-3,3
69296,74,81,-7,7
69297,51,56,-5,5
69298,135,138,-3,3
69299,34,51,-17,17
69300,151,151,0,0
69301,64,69,-5,5
69302,105,111,-6,6
69303,117,110,7,7
69304,88,92,-4,4
69305,100,104,-4,4
69306,88,90,-2,2
69307,84,94,-10,10
69308,189,184,5,5
69309,45,58,-13,13
69310,64,76,-12,12
69311,94,99,-5,5
69312,199,183,16,16
69313,80,83,-3,3
69314,105,112,-7,7
69315,112,108,4,4
69316,59,54,5,5
69317,54,67,-13,13
69318,123,120,3,3
69319,59,69,-10,10
69320,186,178,8,8
69321,110,110,0,0
69322,117,112,5,5
69323,82,88,-6,6
69324,202,178,24,24
69325,129,117,12,12
69326,91,96,-5,5
69327,131,116,15,15
69328,117,112,5,5
69329,82,80,2,2
69330,78,92,-14,14
69331,129,133,-4,4
69332,46,53,-7,7
69333,122,129,-7,7
69334,124,116,8,8
69335,186,190,-4,4
69336,103,106,-3,3
69337,112,122,-10,10
69338,135,143,-8,8
69339,68,78,-10,10
69340,110,116,-6,6
69341,57,62,-5,5
69342,144,138,6,6
69343,115,107,8,8
69344,143,142,1,1
69345,75,90,-15,15
69346,69,72,-3,3
69347,140,133,7,7
69348,93,105,-12,12
69349,74,78,-4,4
69350,165,164,1,1
69351,77,88,-11,11
69352,57,67,-10,10
69353,87,108,-21,21
69354,123,128,-5,5
69355,78,91,-13,13
69356,120,123,-3,3
69357,100,106,-6,6
69358,112,117,-5,5
69359,87,96,-9,9
69360,98,91,7,7
69361,106,107,-1,1
69362,91,101,-10,10
69363,107,111,-4,4
69364,67,70,-3,3
69365,125,128,-3,3
69366,61,67,-6,6
69367,96,102,-6,6
69368,73,78,-5,5
69369,70,75,-5,5
69370,89,89,0,0
69371,114,114,0,0
69372,74,84,-10,10
69373,133,122,11,11
69374,107,119,-12,12
69375,91,95,-4,4
69376,83,85,-2,2
69377,76,76,0,0
69378,75,87,-12,12
69379,83,84,-1,1
69380,62,66,-4,4
69381,71,86,-15,15
69382,40,52,-12,12
69383,131,126,5,5
69384,138,144,-6,6
69385,43,56,-13,13
69386,76,91,-15,15
69387,128,152,-24,24
69388,62,71,-9,9
69389,128,124,4,4
69390,79,89,-10,10
69391,140,133,7,7
69392,94,107,-13,13
69393,96,101,-5,5
69394,43,49,-6,6
69395,159,152,7,7
69396,62,64,-2,2
69397,131,130,1,1
69398,65,74,-9,9
69399,63,75,-12,12
69400,116,128,-12,12
69401,65,85,-20,20
69402,70,75,-5,5
69403,56,66,-10,10
69404,95,101,-6,6
69405,120,117,3,3
69406,93,103,-10,10
69407,92,97,-5,5
69408,101,97,4,4
69409,106,111,-5,5
69410,151,143,8,8
69411,98,101,-3,3
69412,63,68,-5,5
69413,120,123,-3,3
69414,93,97,-4,4
69415,89,92,-3,3
69416,47,56,-9,9
69417,92,102,-10,10
69418,95,93,2,2
69419,90,89,1,1
69420,116,110,6,6
69421,88,93,-5,5
69422,107,116,-9,9
69423,168,180,-12,12
69424,49,55,-6,6
69425,111,108,3,3
69426,76,87,-11,11
69427,89,90,-1,1
69428,72,80,-8,8
69429,131,133,-2,2
69430,61,81,-20,20
69431,106,105,1,1
69432,65,75,-10,10
69433,76,86,-10,10
69434,62,94,-32,32
69435,63,68,-5,5
69436,77,81,-4,4
69437,120,112,8,8
69438,109,113,-4,4
69439,93,94,-1,1
69440,66,73,-7,7
69441,72,73,-1,1
69442,94,93,1,1
69443,143,132,11,11
69444,75,82,-7,7
69445,99,102,-3,3
69446,112,116,-4,4
69447,66,74,-8,8
69448,72,74,-2,2
69449,46,63,-17,17
69450,100,106,-6,6
69451,89,89,0,0
69452,101,106,-5,5
69453,63,67,-4,4
69454,108,111,-3,3
69455,89,99,-10,10
69456,101,101,0,0
69457,94,95,-1,1
69458,73,82,-9,9
69459,148,124,24,24
69460,142,141,1,1
69461,92,96,-4,4
69462,151,150,1,1
69463,119,121,-2,2
69464,61,72,-11,11
69465,124,129,-5,5
69466,46,59,-13,13
69467,67,83,-16,16
69468,46,71,-25,25
69469,81,85,-4,4
69470,104,109,-5,5
69471,47,59,-12,12
69472,88,93,-5,5
69473,115,90,25,25
69474,92,116,-24,24
69475,100,92,8,8
69476,141,139,2,2
69477,107,112,-5,5
69478,127,113,14,14
69479,117,130,-13,13
69480,72,78,-6,6
69481,81,91,-10,10
69482,100,135,-35,35
69483,84,106,-22,22
69484,70,72,-2,2
69485,152,145,7,7
69486,32,50,-18,18
69487,121,130,-9,9
69488,69,75,-6,6
69489,63,71,-8,8
69490,76,81,-5,5
69491,81,91,-10,10
69492,106,106,0,0
69493,69,82,-13,13
69494,54,67,-13,13
69495,92,92,0,0
69496,61,70,-9,9
69497,141,131,10,10
69498,78,83,-5,5
69499,124,146,-22,22
69500,94,96,-2,2
69501,66,75,-9,9
69502,156,161,-5,5
69503,80,107,-27,27
69504,84,92,-8,8
69505,161,161,0,0
69506,106,105,1,1
69507,98,104,-6,6
69508,108,112,-4,4
69509,109,105,4,4
69510,85,87,-2,2
69511,74,88,-14,14
69512,74,80,-6,6
69513,88,104,-16,16
69514,128,124,4,4
69515,93,95,-2,2
69516,140,142,-2,2
69517,109,109,0,0
69518,58,64,-6,6
69519,73,73,0,0
69520,86,90,-4,4
69521,94,97,-3,3
69522,332,300,32,32
69523,112,106,6,6
69524,48,56,-8,8
69525,73,83,-10,10
69526,116,116,0,0
69527,105,98,7,7
69528,65,72,-7,7
69529,108,107,1,1
69530,83,98,-15,15
69531,81,96,-15,15
69532,155,157,-2,2
69533,110,101,9,9
69534,120,116,4,4
69535,92,89,3,3
69536,152,144,8,8
69537,131,141,-10,10
69538,48,70,-22,22
69539,68,76,-8,8
69540,74,80,-6,6
69541,86,102,-16,16
69542,148,157,-9,9
69543,188,180,8,8
69544,79,93,-14,14
69545,125,122,3,3
69546,95,91,4,4
69547,63,66,-3,3
69548,78,77,1,1
69549,116,122,-6,6
69550,83,90,-7,7
69551,68,78,-10,10
69552,104,120,-16,16
69553,107,110,-3,3
69554,93,95,-2,2
69555,115,116,-1,1
69556,105,92,13,13
69557,76,99,-23,23
69558,129,120,9,9
69559,53,59,-6,6
69560,78,92,-14,14
69561,108,104,4,4
69562,39,51,-12,12
69563,81,81,0,0
69564,122,131,-9,9
69565,74,76,-2,2
69566,63,72,-9,9
69567,115,116,-1,1
69568,119,125,-6,6
69569,130,131,-1,1
69570,103,129,-26,26
69571,107,114,-7,7
69572,69,85,-16,16
69573,130,124,6,6
69574,98,121,-23,23
69575,126,118,8,8
69576,119,111,8,8
69577,86,96,-10,10
69578,211,206,5,5
69579,82,88,-6,6
69580,64,69,-5,5
69581,96,82,14,14
69582,63,71,-8,8
69583,102,106,-4,4
69584,119,131,-12,12
69585,82,95,-13,13
69586,119,116,3,3
69587,64,69,-5,5
69588,48,53,-5,5
69589,140,138,2,2
69590,112,111,1,1
69591,93,111,-18,18
69592,88,96,-8,8
69593,93,97,-4,4
69594,60,66,-6,6
69595,66,77,-11,11
69596,48,56,-8,8
69597,101,100,1,1
69598,54,63,-9,9
69599,99,100,-1,1
69600,81,86,-5,5
69601,155,146,9,9
69602,80,79,1,1
69603,69,77,-8,8
69604,65,82,-17,17
69605,81,94,-13,13
69606,100,107,-7,7
69607,89,104,-15,15
69608,86,93,-7,7
69609,107,115,-8,8
69610,61,71,-10,10
69611,59,60,-1,1
69612,51,64,-13,13
69613,147,152,-5,5
69614,127,119,8,8
69615,130,140,-10,10
69616,53,58,-5,5
69617,117,101,16,16
69618,132,132,0,0
69619,119,119,0,0
69620,107,96,11,11
69621,79,98,-19,19
69622,157,155,2,2
69623,125,116,9,9
69624,60,71,-11,11
69625,79,76,3,3
69626,80,90,-10,10
69627,151,137,14,14
69628,109,108,1,1
69629,64,72,-8,8
69630,111,105,6,6
69631,44,62,-18,18
69632,95,90,5,5
69633,137,131,6,6
69634,121,107,14,14
69635,51,69,-18,18
69636,53,72,-19,19
69637,93,96,-3,3
69638,91,97,-6,6
69639,125,119,6,6
69640,59,70,-11,11
69641,63,69,-6,6
69642,111,103,8,8
69643,117,121,-4,4
69644,74,76,-2,2
69645,117,127,-10,10
69646,65,71,-6,6
69647,100,102,-2,2
69648,227,218,9,9
69649,145,169,-24,24
69650,82,90,-8,8
69651,93,84,9,9
69652,120,131,-11,11
69653,122,114,8,8
69654,121,118,3,3
69655,106,98,8,8
69656,95,104,-9,9
69657,71,76,-5,5
69658,64,81,-17,17
69659,103,106,-3,3
69660,66,88,-22,22
69661,60,73,-13,13
69662,85,91,-6,6
69663,110,116,-6,6
69664,109,113,-4,4
69665,80,96,-16,16
69666,80,76,4,4
69667,147,150,-3,3
69668,107,120,-13,13
69669,61,68,-7,7
69670,163,167,-4,4
69671,60,67,-7,7
69672,85,89,-4,4
69673,152,158,-6,6
69674,90,94,-4,4
69675,81,85,-4,4
69676,76,79,-3,3
69677,95,94,1,1
69678,70,79,-9,9
69679,101,101,0,0
69680,65,70,-5,5
69681,78,94,-16,16
69682,94,102,-8,8
69683,69,76,-7,7
69684,161,163,-2,2
69685,97,109,-12,12
69686,66,78,-12,12
69687,171,155,16,16
69688,93,89,4,4
69689,98,98,0,0
69690,101,108,-7,7
69691,97,101,-4,4
69692,74,83,-9,9
69693,88,84,4,4
69694,184,181,3,3
69695,74,84,-10,10
69696,65,82,-17,17
69697,193,186,7,7
69698,103,102,1,1
69699,57,67,-10,10
69700,113,135,-22,22
69701,145,168,-23,23
69702,60,69,-9,9
69703,128,143,-15,15
69704,89,96,-7,7
69705,80,84,-4,4
69706,79,79,0,0
69707,114,109,5,5
69708,200,192,8,8
69709,133,133,0,0
69710,114,112,2,2
69711,125,119,6,6
69712,82,87,-5,5
69713,90,87,3,3
69714,95,98,-3,3
69715,140,142,-2,2
69716,96,107,-11,11
69717,186,181,5,5
69718,89,103,-14,14
69719,57,71,-14,14
69720,76,85,-9,9
69721,64,68,-4,4
69722,138,136,2,2
69723,97,95,2,2
69724,95,107,-12,12
69725,157,161,-4,4
69726,76,77,-1,1
69727,77,86,-9,9
69728,110,114,-4,4
69729,191,174,17,17
69730,70,79,-9,9
69731,100,117,-17,17
69732,98,109,-11,11
69733,64,77,-13,13
69734,106,107,-1,1
69735,95,101,-6,6
69736,70,84,-14,14
69737,132,119,13,13
69738,43,48,-5,5
69739,177,162,15,15
69740,59,65,-6,6
69741,42,55,-13,13
69742,40,48,-8,8
69743,82,50,32,32
69744,79,91,-12,12
69745,62,79,-17,17
69746,108,107,1,1
69747,103,117,-14,14
69748,92,96,-4,4
69749,63,74,-11,11
69750,65,77,-12,12
69751,144,147,-3,3
69752,92,96,-4,4
69753,129,129,0,0
69754,137,142,-5,5
69755,122,131,-9,9
69756,48,72,-24,24
69757,85,75,10,10
69758,90,100,-10,10
69759,82,83,-1,1
69760,112,107,5,5
69761,85,93,-8,8
69762,91,91,0,0
69763,78,86,-8,8
69764,69,75,-6,6
69765,121,112,9,9
69766,68,77,-9,9
69767,131,133,-2,2
69768,89,94,-5,5
69769,93,97,-4,4
69770,54,56,-2,2
69771,136,140,-4,4
69772,35,77,-42,42
69773,178,157,21,21
69774,105,103,2,2
69775,145,150,-5,5
69776,75,88,-13,13
69777,117,110,7,7
69778,63,72,-9,9
69779,132,136,-4,4
69780,100,108,-8,8
69781,67,74,-7,7
69782,47,62,-15,15
69783,128,118,10,10
69784,119,129,-10,10
69785,119,124,-5,5
69786,93,86,7,7
69787,121,125,-4,4
69788,79,80,-1,1
69789,166,157,9,9
69790,87,87,0,0
69791,85,94,-9,9
69792,80,83,-3,3
69793,68,81,-13,13
69794,131,138,-7,7
69795,124,124,0,0
69796,146,154,-8,8
69797,71,75,-4,4
69798,89,104,-15,15
69799,60,72,-12,12
69800,64,70,-6,6
69801,63,80,-17,17
69802,61,69,-8,8
69803,119,113,6,6
69804,83,95,-12,12
69805,96,105,-9,9
69806,116,139,-23,23
69807,122,120,2,2
69808,102,99,3,3
69809,85,92,-7,7
69810,129,133,-4,4
69811,109,103,6,6
69812,41,52,-11,11
69813,95,107,-12,12
69814,131,118,13,13
69815,98,85,13,13
69816,105,100,5,5
69817,35,53,-18,18
69818,65,75,-10,10
69819,69,72,-3,3
69820,72,73,-1,1
69821,101,108,-7,7
69822,86,91,-5,5
69823,103,110,-7,7
69824,110,104,6,6
69825,77,75,2,2
69826,98,85,13,13
69827,107,104,3,3
69828,72,85,-13,13
69829,109,113,-4,4
69830,68,69,-1,1
69831,64,66,-2,2
69832,158,154,4,4
69833,112,126,-14,14
69834,71,89,-18,18
69835,119,118,1,1
69836,63,74,-11,11
69837,66,74,-8,8
69838,90,92,-2,2
69839,114,122,-8,8
69840,81,92,-11,11
69841,136,124,12,12
69842,92,94,-2,2
69843,46,70,-24,24
69844,48,59,-11,11
69845,99,95,4,4
69846,63,72,-9,9
69847,113,114,-1,1
69848,77,84,-7,7
69849,95,108,-13,13
69850,95,98,-3,3
69851,92,101,-9,9
69852,77,81,-4,4
69853,108,111,-3,3
69854,80,85,-5,5
69855,106,107,-1,1
69856,193,188,5,5
69857,138,128,10,10
69858,146,148,-2,2
69859,146,149,-3,3
69860,121,114,7,7
69861,134,124,10,10
69862,92,95,-3,3
69863,109,108,1,1
69864,94,106,-12,12
69865,96,106,-10,10
69866,105,121,-16,16
69867,124,128,-4,4
69868,101,101,0,0
69869,63,80,-17,17
69870,91,100,-9,9
69871,75,88,-13,13
69872,89,107,-18,18
69873,134,134,0,0
69874,130,130,0,0
69875,71,88,-17,17
69876,152,153,-1,1
69877,79,73,6,6
69878,82,79,3,3
69879,80,92,-12,12
69880,51,64,-13,13
69881,134,135,-1,1
69882,120,112,8,8
69883,88,90,-2,2
69884,66,79,-13,13
69885,40,55,-15,15
69886,81,82,-1,1
69887,125,119,6,6
69888,57,67,-10,10
69889,127,123,4,4
69890,70,71,-1,1
69891,144,109,35,35
69892,100,116,-16,16
69893,190,175,15,15
69894,79,85,-6,6
69895,95,81,14,14
69896,86,81,5,5
69897,75,69,6,6
69898,108,108,0,0
69899,74,79,-5,5
69900,110,124,-14,14
69901,121,116,5,5
69902,75,84,-9,9
69903,193,170,23,23
69904,102,101,1,1
69905,83,93,-10,10
69906,161,158,3,3
69907,43,64,-21,21
69908,157,181,-24,24
69909,152,162,-10,10
69910,166,160,6,6
69911,61,65,-4,4
69912,123,122,1,1
69913,77,74,3,3
69914,76,74,2,2
69915,103,112,-9,9
69916,73,75,-2,2
69917,94,101,-7,7
69918,71,85,-14,14
69919,69,87,-18,18
69920,46,53,-7,7
69921,59,64,-5,5
69922,109,105,4,4
69923,166,171,-5,5
69924,65,73,-8,8
69925,97,97,0,0
69926,170,156,14,14
69927,76,90,-14,14
69928,79,86,-7,7
69929,84,96,-12,12
69930,36,44,-8,8
69931,149,150,-1,1
69932,61,66,-5,5
69933,109,112,-3,3
69934,160,145,15,15
69935,96,95,1,1
69936,139,143,-4,4
69937,59,68,-9,9
69938,52,51,1,1
69939,148,137,11,11
69940,90,80,10,10
69941,68,67,1,1
69942,60,72,-12,12
69943,110,113,-3,3
69944,80,102,-22,22
69945,37,47,-10,10
69946,75,91,-16,16
69947,62,79,-17,17
69948,66,73,-7,7
69949,99,111,-12,12
69950,105,102,3,3
69951,165,152,13,13
69952,164,158,6,6
69953,93,98,-5,5
69954,58,82,-24,24
69955,93,95,-2,2
69956,37,54,-17,17
69957,68,80,-12,12
69958,122,126,-4,4
69959,36,47,-11,11
69960,109,114,-5,5
69961,111,109,2,2
69962,39,51,-12,12
69963,139,138,1,1
69964,109,115,-6,6
69965,169,165,4,4
69966,138,140,-2,2
69967,104,129,-25,25
69968,170,180,-10,10
69969,66,73,-7,7
69970,154,153,1,1
69971,46,58,-12,12
69972,136,126,10,10
69973,81,85,-4,4
69974,390,311,79,79
69975,88,90,-2,2
69976,66,83,-17,17
69977,69,76,-7,7
69978,48,64,-16,16
69979,136,126,10,10
69980,85,91,-6,6
69981,73,78,-5,5
69982,128,138,-10,10
69983,90,104,-14,14
69984,105,111,-6,6
69985,127,125,2,2
69986,102,109,-7,7
69987,111,113,-2,2
69988,110,102,8,8
69989,92,94,-2,2
69990,66,109,-43,43
69991,103,106,-3,3
69992,111,108,3,3
69993,120,125,-5,5
69994,96,106,-10,10
69995,141,141,0,0
69996,89,108,-19,19
69997,66,76,-10,10
69998,95,92,3,3
69999,83,96,-13,13
70000,62,67,-5,5
70001,136,141,-5,5
70002,99,103,-4,4
70003,78,78,0,0
70004,79,92,-13,13
70005,86,87,-1,1
70006,70,74,-4,4
70007,128,133,-5,5
70008,100,90,10,10
70009,116,110,6,6
70010,165,180,-15,15
70011,125,123,2,2
70012,63,81,-18,18
70013,93,107,-14,14
70014,135,128,7,7
70015,61,70,-9,9
70016,55,74,-19,19
70017,95,93,2,2
70018,98,104,-6,6
70019,54,63,-9,9
70020,85,94,-9,9
70021,96,95,1,1
70022,132,129,3,3
70023,81,90,-9,9
70024,57,67,-10,10
70025,71,73,-2,2
70026,92,94,-2,2
70027,99,93,6,6
70028,87,89,-2,2
70029,116,106,10,10
70030,46,59,-13,13
70031,29,36,-7,7
70032,163,171,-8,8
70033,110,109,1,1
70034,68,75,-7,7
70035,62,66,-4,4
70036,60,61,-1,1
70037,91,102,-11,11
70038,35,46,-11,11
70039,61,74,-13,13
70040,101,98,3,3
70041,135,132,3,3
70042,169,173,-4,4
70043,122,116,6,6
70044,182,175,7,7
70045,86,95,-9,9
70046,121,118,3,3
70047,65,68,-3,3
70048,84,94,-10,10
70049,98,95,3,3
70050,61,74,-13,13
70051,71,82,-11,11
70052,54,64,-10,10
70053,130,123,7,7
70054,47,58,-11,11
70055,78,81,-3,3
70056,83,80,3,3
70057,119,111,8,8
70058,86,84,2,2
70059,92,100,-8,8
70060,76,81,-5,5
70061,80,90,-10,10
70062,103,100,3,3
70063,113,115,-2,2
70064,79,90,-11,11
70065,68,76,-8,8
70066,115,114,1,1
70067,62,75,-13,13
70068,107,122,-15,15
70069,115,111,4,4
70070,138,142,-4,4
70071,115,124,-9,9
70072,117,111,6,6
70073,92,149,-57,57
70074,122,117,5,5
70075,54,63,-9,9
70076,76,83,-7,7
70077,96,94,2,2
70078,57,65,-8,8
70079,108,112,-4,4
70080,104,117,-13,13
70081,107,109,-2,2
70082,66,71,-5,5
70083,57,71,-14,14
70084,72,77,-5,5
70085,63,101,-38,38
70086,119,123,-4,4
70087,123,118,5,5
70088,86,90,-4,4
70089,121,108,13,13
70090,72,71,1,1
70091,70,76,-6,6
70092,84,81,3,3
70093,72,84,-12,12
70094,61,65,-4,4
70095,128,117,11,11
70096,90,98,-8,8
70097,138,154,-16,16
70098,80,86,-6,6
70099,134,108,26,26
70100,135,141,-6,6
70101,108,107,1,1
70102,114,111,3,3
70103,87,90,-3,3
70104,29,53,-24,24
70105,84,91,-7,7
70106,139,141,-2,2
70107,126,118,8,8
70108,61,64,-3,3
70109,22,34,-12,12
70110,61,76,-15,15
70111,74,89,-15,15
70112,120,120,0,0
70113,69,73,-4,4
70114,61,76,-15,15
70115,88,97,-9,9
70116,102,107,-5,5
70117,107,112,-5,5
70118,103,107,-4,4
70119,89,96,-7,7
70120,134,138,-4,4
70121,52,69,-17,17
70122,63,99,-36,36
70123,116,110,6,6
70124,123,134,-11,11
70125,101,101,0,0
70126,58,68,-10,10
70127,95,100,-5,5
70128,66,71,-5,5
70129,69,74,-5,5
70130,107,105,2,2
70131,118,131,-13,13
70132,155,142,13,13
70133,75,81,-6,6
70134,103,99,4,4
70135,81,80,1,1
70136,94,99,-5,5
70137,64,71,-7,7
70138,135,134,1,1
70139,116,140,-24,24
70140,213,186,27,27
70141,87,93,-6,6
70142,109,129,-20,20
70143,149,148,1,1
70144,81,98,-17,17
70145,78,84,-6,6
70146,62,70,-8,8
70147,73,82,-9,9
70148,68,68,0,0
70149,103,82,21,21
70150,121,111,10,10
70151,165,151,14,14
70152,105,104,1,1
70153,71,70,1,1
70154,139,148,-9,9
70155,75,103,-28,28
70156,146,155,-9,9
70157,88,99,-11,11
70158,184,182,2,2
70159,122,115,7,7
70160,50,69,-19,19
70161,98,102,-4,4
70162,28,78,-50,50
70163,68,66,2,2
70164,34,48,-14,14
70165,88,86,2,2
70166,87,97,-10,10
70167,91,92,-1,1
70168,97,100,-3,3
70169,93,84,9,9
70170,46,55,-9,9
70171,63,69,-6,6
70172,54,67,-13,13
70173,68,77,-9,9
70174,100,120,-20,20
70175,51,58,-7,7
70176,92,102,-10,10
70177,111,119,-8,8
70178,66,72,-6,6
70179,60,79,-19,19
70180,66,74,-8,8
70181,130,118,12,12
70182,125,116,9,9
70183,134,142,-8,8
70184,139,143,-4,4
70185,105,113,-8,8
70186,70,77,-7,7
70187,106,104,2,2
70188,146,136,10,10
70189,144,147,-3,3
70190,108,128,-20,20
70191,77,86,-9,9
70192,99,98,1,1
70193,79,83,-4,4
70194,65,73,-8,8
70195,65,84,-19,19
70196,89,106,-17,17
70197,128,121,7,7
70198,95,121,-26,26
70199,131,143,-12,12
70200,48,56,-8,8
70201,127,119,8,8
70202,102,109,-7,7
70203,127,126,1,1
70204,53,65,-12,12
70205,148,137,11,11
70206,173,160,13,13
70207,110,109,1,1
70208,61,73,-12,12
70209,65,73,-8,8
70210,83,87,-4,4
70211,125,128,-3,3
70212,94,97,-3,3
70213,82,84,-2,2
70214,95,92,3,3
70215,48,63,-15,15
70216,112,116,-4,4
70217,74,80,-6,6
70218,114,112,2,2
70219,64,74,-10,10
70220,109,107,2,2
70221,163,153,10,10
70222,136,140,-4,4
70223,218,198,20,20
70224,114,109,5,5
70225,152,149,3,3
70226,115,121,-6,6
70227,70,81,-11,11
70228,76,79,-3,3
70229,101,106,-5,5
70230,122,117,5,5
70231,95,93,2,2
70232,112,145,-33,33
70233,114,118,-4,4
70234,93,97,-4,4
70235,56,78,-22,22
70236,110,126,-16,16
70237,97,102,-5,5
70238,86,99,-13,13
70239,87,91,-4,4
70240,55,76,-21,21
70241,183,202,-19,19
70242,99,104,-5,5
70243,102,106,-4,4
70244,113,113,0,0
70245,95,99,-4,4
70246,191,172,19,19
70247,82,91,-9,9
70248,55,59,-4,4
70249,60,70,-10,10
70250,81,86,-5,5
70251,87,92,-5,5
70252,142,146,-4,4
70253,97,90,7,7
70254,116,105,11,11
70255,73,77,-4,4
70256,87,99,-12,12
70257,102,97,5,5
70258,57,66,-9,9
70259,56,68,-12,12
70260,193,165,28,28
70261,99,105,-6,6
70262,61,73,-12,12
70263,90,91,-1,1
70264,129,137,-8,8
70265,86,90,-4,4
70266,68,83,-15,15
70267,106,102,4,4
70268,101,115,-14,14
70269,139,134,5,5
70270,97,111,-14,14
70271,79,93,-14,14
70272,54,70,-16,16
70273,47,61,-14,14
70274,119,115,4,4
70275,93,95,-2,2
70276,70,76,-6,6
70277,109,112,-3,3
70278,55,75,-20,20
70279,127,140,-13,13
70280,76,83,-7,7
70281,35,51,-16,16
70282,66,71,-5,5
70283,72,77,-5,5
70284,91,104,-13,13
70285,128,136,-8,8
70286,123,128,-5,5
70287,129,130,-1,1
70288,106,104,2,2
70289,84,95,-11,11
70290,99,91,8,8
70291,59,62,-3,3
70292,54,66,-12,12
70293,120,122,-2,2
70294,188,174,14,14
70295,83,86,-3,3
70296,146,134,12,12
70297,69,76,-7,7
70298,58,67,-9,9
70299,173,156,17,17
70300,131,120,11,11
70301,150,143,7,7
70302,115,115,0,0
70303,107,102,5,5
70304,131,135,-4,4
70305,101,106,-5,5
70306,105,98,7,7
70307,104,107,-3,3
70308,138,129,9,9
70309,62,69,-7,7
70310,88,99,-11,11
70311,44,54,-10,10
70312,116,121,-5,5
70313,84,83,1,1
70314,80,106,-26,26
70315,112,115,-3,3
70316,85,89,-4,4
70317,82,80,2,2
70318,101,110,-9,9
70319,123,136,-13,13
70320,137,128,9,9
70321,112,101,11,11
70322,72,82,-10,10
70323,100,101,-1,1
70324,106,106,0,0
70325,64,60,4,4
70326,115,112,3,3
70327,44,54,-10,10
70328,112,115,-3,3
70329,113,110,3,3
70330,203,188,15,15
70331,113,105,8,8
70332,154,154,0,0
70333,88,98,-10,10
70334,88,107,-19,19
70335,56,66,-10,10
70336,116,118,-2,2
70337,104,108,-4,4
70338,96,96,0,0
70339,99,104,-5,5
70340,98,109,-11,11
70341,128,139,-11,11
70342,79,83,-4,4
70343,97,109,-12,12
70344,68,83,-15,15
70345,93,85,8,8
70346,99,103,-4,4
70347,68,78,-10,10
70348,83,83,0,0
70349,85,90,-5,5
70350,89,101,-12,12
70351,95,97,-2,2
70352,133,131,2,2
70353,86,91,-5,5
70354,94,95,-1,1
70355,63,78,-15,15
70356,134,138,-4,4
70357,79,90,-11,11
70358,55,61,-6,6
70359,82,90,-8,8
70360,60,73,-13,13
70361,63,77,-14,14
70362,179,165,14,14
70363,127,130,-3,3
70364,65,68,-3,3
70365,101,106,-5,5
70366,112,110,2,2
70367,66,76,-10,10
70368,104,110,-6,6
70369,80,103,-23,23
70370,84,82,2,2
70371,57,67,-10,10
70372,55,61,-6,6
70373,134,132,2,2
70374,125,121,4,4
70375,83,89,-6,6
70376,66,72,-6,6
70377,59,88,-29,29
70378,117,118,-1,1
70379,103,131,-28,28
70380,101,96,5,5
70381,128,132,-4,4
70382,92,101,-9,9
70383,167,157,10,10
70384,79,86,-7,7
70385,121,120,1,1
70386,85,82,3,3
70387,80,73,7,7
70388,26,39,-13,13
70389,52,63,-11,11
70390,58,75,-17,17
70391,137,138,-1,1
70392,48,59,-11,11
70393,138,133,5,5
70394,81,74,7,7
70395,132,132,0,0
70396,111,112,-1,1
70397,115,122,-7,7
70398,129,131,-2,2
70399,125,131,-6,6
70400,138,163,-25,25
70401,51,64,-13,13
70402,131,143,-12,12
70403,164,170,-6,6
70404,107,97,10,10
70405,102,103,-1,1
70406,66,73,-7,7
70407,59,66,-7,7
70408,60,66,-6,6
70409,145,142,3,3
70410,143,143,0,0
70411,121,130,-9,9
70412,98,107,-9,9
70413,107,96,11,11
70414,69,73,-4,4
70415,154,157,-3,3
70416,93,102,-9,9
70417,93,99,-6,6
70418,41,51,-10,10
70419,103,113,-10,10
70420,81,86,-5,5
70421,105,100,5,5
70422,60,64,-4,4
70423,90,100,-10,10
70424,76,80,-4,4
70425,98,102,-4,4
70426,70,75,-5,5
70427,49,65,-16,16
70428,113,110,3,3
70429,45,67,-22,22
70430,109,111,-2,2
70431,53,65,-12,12
70432,98,87,11,11
70433,70,74,-4,4
70434,91,90,1,1
70435,126,120,6,6
70436,68,65,3,3
70437,54,80,-26,26
70438,99,93,6,6
70439,85,94,-9,9
70440,85,85,0,0
70441,93,100,-7,7
70442,69,74,-5,5
70443,59,64,-5,5
70444,47,65,-18,18
70445,83,89,-6,6
70446,103,115,-12,12
70447,93,90,3,3
70448,125,139,-14,14
70449,97,100,-3,3
70450,103,112,-9,9
70451,79,85,-6,6
70452,103,120,-17,17
70453,132,126,6,6
70454,165,168,-3,3
70455,132,129,3,3
70456,88,92,-4,4
70457,92,92,0,0
70458,75,79,-4,4
70459,108,104,4,4
70460,98,100,-2,2
70461,133,153,-20,20
70462,75,75,0,0
70463,187,187,0,0
70464,123,121,2,2
70465,63,89,-26,26
70466,92,109,-17,17
70467,117,118,-1,1
70468,98,92,6,6
70469,247,224,23,23
70470,98,105,-7,7
70471,102,94,8,8
70472,66,81,-15,15
70473,62,67,-5,5
70474,84,91,-7,7
70475,52,59,-7,7
70476,107,106,1,1
70477,155,145,10,10
70478,118,120,-2,2
70479,150,153,-3,3
70480,112,109,3,3
70481,106,115,-9,9
70482,61,68,-7,7
70483,101,107,-6,6
70484,80,77,3,3
70485,65,86,-21,21
70486,86,85,1,1
70487,74,75,-1,1
70488,163,149,14,14
70489,100,110,-10,10
70490,44,55,-11,11
70491,86,80,6,6
70492,119,120,-1,1
70493,80,83,-3,3
70494,57,76,-19,19
70495,136,117,19,19
70496,113,119,-6,6
70497,75,80,-5,5
70498,41,62,-21,21
70499,125,142,-17,17
70500,77,83,-6,6
70501,97,95,2,2
70502,159,158,1,1
70503,43,56,-13,13
70504,47,55,-8,8
70505,53,64,-11,11
70506,141,131,10,10
70507,79,88,-9,9
70508,74,80,-6,6
70509,117,118,-1,1
70510,39,55,-16,16
70511,74,84,-10,10
70512,131,139,-8,8
70513,95,100,-5,5
70514,152,141,11,11
70515,80,89,-9,9
70516,125,113,12,12
70517,114,120,-6,6
70518,113,108,5,5
70519,58,74,-16,16
70520,98,96,2,2
70521,135,128,7,7
70522,88,104,-16,16
70523,147,147,0,0
70524,83,87,-4,4
70525,145,148,-3,3
70526,144,147,-3,3
70527,142,131,11,11
70528,65,74,-9,9
70529,59,70,-11,11
70530,116,119,-3,3
70531,51,62,-11,11
70532,48,57,-9,9
70533,113,124,-11,11
70534,87,77,10,10
70535,72,85,-13,13
70536,100,103,-3,3
70537,66,74,-8,8
70538,106,116,-10,10
70539,128,121,7,7
70540,71,74,-3,3
70541,69,82,-13,13
70542,117,132,-15,15
70543,125,128,-3,3
70544,105,104,1,1
70545,43,57,-14,14
70546,154,157,-3,3
70547,77,83,-6,6
70548,104,109,-5,5
70549,112,111,1,1
70550,84,88,-4,4
70551,69,76,-7,7
70552,135,127,8,8
70553,130,127,3,3
70554,117,126,-9,9
70555,47,63,-16,16
70556,114,120,-6,6
70557,100,109,-9,9
70558,129,139,-10,10
70559,59,70,-11,11
70560,159,153,6,6
70561,61,67,-6,6
70562,51,63,-12,12
70563,92,95,-3,3
70564,73,80,-7,7
70565,98,86,12,12
70566,117,120,-3,3
70567,100,112,-12,12
70568,54,77,-23,23
70569,76,77,-1,1
70570,132,134,-2,2
70571,178,141,37,37
70572,91,98,-7,7
70573,127,119,8,8
70574,75,79,-4,4
70575,70,76,-6,6
70576,124,128,-4,4
70577,125,131,-6,6
70578,80,88,-8,8
70579,59,68,-9,9
70580,82,94,-12,12
70581,130,137,-7,7
70582,82,95,-13,13
70583,93,90,3,3
70584,82,92,-10,10
70585,160,149,11,11
70586,83,84,-1,1
70587,128,122,6,6
70588,123,113,10,10
70589,98,99,-1,1
70590,104,100,4,4
70591,109,105,4,4
70592,48,55,-7,7
70593,62,68,-6,6
70594,63,68,-5,5
70595,63,74,-11,11
70596,115,111,4,4
70597,94,93,1,1
70598,94,102,-8,8
70599,91,95,-4,4
70600,141,144,-3,3
70601,162,158,4,4
70602,91,100,-9,9
70603,88,96,-8,8
70604,117,131,-14,14
70605,52,62,-10,10
70606,57,68,-11,11
70607,106,96,10,10
70608,77,91,-14,14
70609,58,68,-10,10
70610,85,86,-1,1
70611,110,110,0,0
70612,74,85,-11,11
70613,97,96,1,1
70614,58,69,-11,11
70615,92,100,-8,8
70616,97,103,-6,6
70617,73,78,-5,5
70618,89,98,-9,9
70619,108,109,-1,1
70620,129,124,5,5
70621,83,85,-2,2
70622,97,96,1,1
70623,88,91,-3,3
70624,88,88,0,0
70625,74,83,-9,9
70626,103,111,-8,8
70627,93,91,2,2
70628,39,51,-12,12
70629,168,156,12,12
70630,102,96,6,6
70631,77,87,-10,10
70632,209,212,-3,3
70633,88,90,-2,2
70634,88,95,-7,7
70635,95,105,-10,10
70636,113,111,2,2
70637,109,114,-5,5
70638,93,100,-7,7
70639,167,156,11,11
70640,55,81,-26,26
70641,115,119,-4,4
70642,101,107,-6,6
70643,52,69,-17,17
70644,155,157,-2,2
70645,47,65,-18,18
70646,123,124,-1,1
70647,71,75,-4,4
70648,109,119,-10,10
70649,63,76,-13,13
70650,132,151,-19,19
70651,74,86,-12,12
70652,89,104,-15,15
70653,131,130,1,1
70654,71,80,-9,9
70655,100,92,8,8
70656,76,92,-16,16
70657,67,74,-7,7
70658,121,112,9,9
70659,45,64,-19,19
70660,79,76,3,3
70661,145,145,0,0
70662,242,211,31,31
70663,64,75,-11,11
70664,146,137,9,9
70665,80,85,-5,5
70666,135,142,-7,7
70667,94,95,-1,1
70668,88,86,2,2
70669,119,125,-6,6
70670,129,124,5,5
70671,86,89,-3,3
70672,60,64,-4,4
70673,148,155,-7,7
70674,43,62,-19,19
70675,41,53,-12,12
70676,272,243,29,29
70677,116,101,15,15
70678,86,88,-2,2
70679,69,79,-10,10
70680,51,58,-7,7
70681,80,85,-5,5
70682,83,86,-3,3
70683,108,109,-1,1
70684,66,72,-6,6
70685,178,181,-3,3
70686,138,141,-3,3
70687,124,112,12,12
70688,58,65,-7,7
70689,93,98,-5,5
70690,135,127,8,8
70691,98,87,11,11
70692,91,89,2,2
70693,83,82,1,1
70694,192,188,4,4
70695,119,109,10,10
70696,44,59,-15,15
70697,83,93,-10,10
70698,75,86,-11,11
70699,216,208,8,8
70700,178,173,5,5
70701,81,86,-5,5
70702,56,75,-19,19
70703,85,89,-4,4
70704,87,89,-2,2
70705,77,83,-6,6
70706,73,81,-8,8
70707,122,124,-2,2
70708,169,153,16,16
70709,155,147,8,8
70710,111,114,-3,3
70711,37,50,-13,13
70712,116,123,-7,7
70713,107,111,-4,4
70714,63,74,-11,11
70715,97,97,0,0
70716,108,100,8,8
70717,94,98,-4,4
70718,56,66,-10,10
70719,49,54,-5,5
70720,87,96,-9,9
70721,110,113,-3,3
70722,89,100,-11,11
70723,87,86,1,1
70724,127,129,-2,2
70725,82,91,-9,9
70726,58,62,-4,4
70727,69,80,-11,11
70728,66,67,-1,1
70729,62,85,-23,23
70730,80,89,-9,9
70731,62,70,-8,8
70732,46,59,-13,13
70733,48,74,-26,26
70734,77,77,0,0
70735,99,120,-21,21
70736,98,104,-6,6
70737,87,94,-7,7
70738,63,73,-10,10
70739,114,123,-9,9
70740,121,131,-10,10
70741,70,81,-11,11
70742,118,110,8,8
70743,116,120,-4,4
70744,89,98,-9,9
70745,100,105,-5,5
70746,249,259,-10,10
70747,202,182,20,20
70748,152,147,5,5
70749,140,138,2,2
70750,162,153,9,9
70751,90,93,-3,3
70752,132,122,10,10
70753,79,76,3,3
70754,73,77,-4,4
70755,115,110,5,5
70756,188,176,12,12
70757,72,78,-6,6
70758,112,118,-6,6
70759,131,129,2,2
70760,128,132,-4,4
70761,125,127,-2,2
70762,133,126,7,7
70763,159,151,8,8
70764,96,101,-5,5
70765,85,91,-6,6
70766,103,105,-2,2
70767,74,79,-5,5
70768,139,141,-2,2
70769,114,116,-2,2
70770,35,47,-12,12
70771,56,68,-12,12
70772,85,95,-10,10
70773,111,101,10,10
70774,107,112,-5,5
70775,138,142,-4,4
70776,79,83,-4,4
70777,89,95,-6,6
70778,97,95,2,2
70779,88,86,2,2
70780,77,86,-9,9
70781,83,84,-1,1
70782,138,140,-2,2
70783,109,113,-4,4
70784,58,72,-14,14
70785,65,75,-10,10
70786,97,105,-8,8
70787,95,101,-6,6
70788,93,94,-1,1
70789,80,90,-10,10
70790,88,89,-1,1
70791,104,111,-7,7
70792,72,81,-9,9
70793,75,75,0,0
70794,88,95,-7,7
70795,104,117,-13,13
70796,70,77,-7,7
70797,83,93,-10,10
70798,108,103,5,5
70799,84,85,-1,1
70800,91,104,-13,13
70801,115,118,-3,3
70802,80,93,-13,13
70803,122,131,-9,9
70804,116,117,-1,1
70805,119,116,3,3
70806,105,111,-6,6
70807,80,91,-11,11
70808,63,88,-25,25
70809,108,118,-10,10
70810,73,78,-5,5
70811,116,122,-6,6
70812,101,96,5,5
70813,78,85,-7,7
70814,137,143,-6,6
70815,94,103,-9,9
70816,63,66,-3,3
70817,122,135,-13,13
70818,145,141,4,4
70819,110,107,3,3
70820,86,89,-3,3
70821,160,154,6,6
70822,149,142,7,7
70823,93,94,-1,1
70824,77,76,1,1
70825,43,58,-15,15
70826,85,95,-10,10
70827,85,83,2,2
70828,71,77,-6,6
70829,68,79,-11,11
70830,85,91,-6,6
70831,74,88,-14,14
70832,152,164,-12,12
70833,161,149,12,12
70834,130,138,-8,8
70835,83,85,-2,2
70836,102,108,-6,6
70837,96,108,-12,12
70838,111,118,-7,7
70839,41,52,-11,11
70840,54,65,-11,11
70841,119,119,0,0
70842,89,85,4,4
70843,105,101,4,4
70844,163,159,4,4
70845,102,106,-4,4
70846,90,92,-2,2
70847,52,74,-22,22
70848,61,68,-7,7
70849,84,102,-18,18
70850,87,98,-11,11
70851,56,79,-23,23
70852,86,104,-18,18
70853,153,147,6,6
70854,130,124,6,6
70855,171,159,12,12
70856,81,88,-7,7
70857,76,82,-6,6
70858,82,93,-11,11
70859,114,126,-12,12
70860,103,113,-10,10
70861,98,104,-6,6
70862,130,133,-3,3
70863,145,126,19,19
70864,66,86,-20,20
70865,136,120,16,16
70866,96,115,-19,19
70867,35,51,-16,16
70868,77,84,-7,7
70869,108,107,1,1
70870,91,107,-16,16
70871,68,78,-10,10
70872,114,117,-3,3
70873,38,51,-13,13
70874,123,108,15,15
70875,81,88,-7,7
70876,96,96,0,0
70877,89,92,-3,3
70878,129,148,-19,19
70879,93,95,-2,2
70880,57,65,-8,8
70881,81,80,1,1
70882,137,129,8,8
70883,83,83,0,0
70884,97,100,-3,3
70885,100,105,-5,5
70886,83,89,-6,6
70887,94,93,1,1
70888,87,101,-14,14
70889,154,150,4,4
70890,126,123,3,3
70891,74,80,-6,6
70892,87,97,-10,10
70893,62,79,-17,17
70894,61,68,-7,7
70895,94,90,4,4
70896,91,90,1,1
70897,67,73,-6,6
70898,87,89,-2,2
70899,58,74,-16,16
70900,126,122,4,4
70901,102,99,3,3
70902,97,103,-6,6
70903,60,69,-9,9
70904,84,91,-7,7
70905,168,136,32,32
70906,89,95,-6,6
70907,60,65,-5,5
70908,99,106,-7,7
70909,119,115,4,4
70910,90,94,-4,4
70911,150,151,-1,1
70912,95,103,-8,8
70913,79,83,-4,4
70914,45,53,-8,8
70915,101,104,-3,3
70916,123,125,-2,2
70917,145,149,-4,4
70918,56,65,-9,9
70919,83,92,-9,9
70920,48,60,-12,12
70921,65,71,-6,6
70922,102,112,-10,10
70923,75,80,-5,5
70924,194,205,-11,11
70925,55,67,-12,12
70926,61,68,-7,7
70927,97,97,0,0
70928,123,130,-7,7
70929,47,58,-11,11
70930,99,116,-17,17
70931,88,93,-5,5
70932,65,69,-4,4
70933,71,77,-6,6
70934,140,138,2,2
70935,113,115,-2,2
70936,70,79,-9,9
70937,123,129,-6,6
70938,113,104,9,9
70939,170,153,17,17
70940,101,109,-8,8
70941,113,111,2,2
70942,102,100,2,2
70943,74,83,-9,9
70944,73,88,-15,15
70945,90,100,-10,10
70946,62,68,-6,6
70947,104,124,-20,20
70948,119,120,-1,1
70949,71,73,-2,2
70950,129,142,-13,13
70951,48,63,-15,15
70952,149,157,-8,8
70953,63,70,-7,7
70954,115,119,-4,4
70955,110,114,-4,4
70956,93,124,-31,31
70957,100,105,-5,5
70958,90,97,-7,7
70959,46,63,-17,17
70960,126,123,3,3
70961,99,101,-2,2
70962,65,70,-5,5
70963,77,81,-4,4
70964,70,70,0,0
70965,82,98,-16,16
70966,91,97,-6,6
70967,142,134,8,8
70968,73,77,-4,4
70969,146,141,5,5
70970,106,108,-2,2
70971,185,188,-3,3
70972,72,77,-5,5
70973,119,112,7,7
70974,56,68,-12,12
70975,110,110,0,0
70976,94,96,-2,2
70977,79,94,-15,15
70978,50,57,-7,7
70979,86,89,-3,3
70980,73,77,-4,4
70981,81,86,-5,5
70982,68,80,-12,12
70983,69,79,-10,10
70984,135,127,8,8
70985,162,138,24,24
70986,107,106,1,1
70987,74,81,-7,7
70988,61,72,-11,11
70989,101,99,2,2
70990,70,73,-3,3
70991,101,127,-26,26
70992,61,72,-11,11
70993,103,107,-4,4
70994,47,112,-65,65
70995,87,89,-2,2
70996,73,82,-9,9
70997,100,94,6,6
70998,97,93,4,4
70999,75,85,-10,10
71000,77,82,-5,5
71001,59,69,-10,10
71002,136,141,-5,5
71003,44,54,-10,10
71004,149,141,8,8
71005,85,94,-9,9
71006,132,136,-4,4
71007,54,63,-9,9
71008,98,97,1,1
71009,102,113,-11,11
71010,122,123,-1,1
71011,70,74,-4,4
71012,121,109,12,12
71013,86,92,-6,6
71014,99,103,-4,4
71015,71,72,-1,1
71016,113,115,-2,2
71017,100,107,-7,7
71018,61,68,-7,7
71019,69,81,-12,12
71020,103,118,-15,15
71021,122,142,-20,20
71022,90,87,3,3
71023,113,105,8,8
71024,99,110,-11,11
71025,100,97,3,3
71026,77,88,-11,11
71027,84,85,-1,1
71028,101,100,1,1
71029,86,88,-2,2
71030,43,56,-13,13
71031,73,85,-12,12
71032,128,125,3,3
71033,81,78,3,3
71034,67,66,1,1
71035,137,139,-2,2
71036,77,81,-4,4
71037,52,65,-13,13
71038,103,113,-10,10
71039,107,108,-1,1
71040,101,99,2,2
71041,80,87,-7,7
71042,114,117,-3,3
71043,112,116,-4,4
71044,118,110,8,8
71045,110,111,-1,1
71046,88,90,-2,2
71047,63,96,-33,33
71048,125,122,3,3
71049,126,120,6,6
71050,68,90,-22,22
71051,59,72,-13,13
71052,69,78,-9,9
71053,90,88,2,2
71054,108,118,-10,10
71055,80,89,-9,9
71056,63,70,-7,7
71057,52,61,-9,9
71058,72,85,-13,13
71059,76,86,-10,10
71060,92,93,-1,1
71061,133,157,-24,24
71062,65,76,-11,11
71063,69,73,-4,4
71064,121,117,4,4
71065,92,94,-2,2
71066,67,75,-8,8
71067,134,129,5,5
71068,81,81,0,0
71069,68,86,-18,18
71070,67,74,-7,7
71071,52,61,-9,9
71072,107,112,-5,5
71073,120,119,1,1
71074,133,136,-3,3
71075,150,141,9,9
71076,124,142,-18,18
71077,86,92,-6,6
71078,29,38,-9,9
71079,170,154,16,16
71080,88,93,-5,5
71081,158,151,7,7
71082,58,67,-9,9
71083,129,127,2,2
71084,94,100,-6,6
71085,116,122,-6,6
71086,159,153,6,6
71087,86,88,-2,2
71088,174,179,-5,5
71089,104,103,1,1
71090,90,85,5,5
71091,101,102,-1,1
71092,107,114,-7,7
71093,133,122,11,11
71094,70,72,-2,2
71095,100,103,-3,3
71096,174,174,0,0
71097,41,54,-13,13
71098,85,91,-6,6
71099,76,82,-6,6
71100,73,84,-11,11
71101,131,133,-2,2
71102,83,88,-5,5
71103,88,98,-10,10
71104,128,130,-2,2
71105,86,91,-5,5
71106,163,161,2,2
71107,104,109,-5,5
71108,50,59,-9,9
71109,114,100,14,14
71110,108,115,-7,7
71111,72,81,-9,9
71112,63,74,-11,11
71113,51,60,-9,9
71114,94,96,-2,2
71115,76,76,0,0
71116,39,50,-11,11
71117,100,103,-3,3
71118,64,76,-12,12
71119,87,91,-4,4
71120,112,111,1,1
71121,105,112,-7,7
71122,84,92,-8,8
71123,135,135,0,0
71124,66,74,-8,8
71125,164,162,2,2
71126,53,66,-13,13
71127,131,123,8,8
71128,97,100,-3,3
71129,44,60,-16,16
71130,85,91,-6,6
71131,58,60,-2,2
71132,105,115,-10,10
71133,51,60,-9,9
71134,67,76,-9,9
71135,82,96,-14,14
71136,100,100,0,0
71137,154,141,13,13
71138,89,101,-12,12
71139,88,88,0,0
71140,104,96,8,8
71141,82,83,-1,1
71142,97,96,1,1
71143,87,106,-19,19
71144,71,70,1,1
71145,87,100,-13,13
71146,71,80,-9,9
71147,168,160,8,8
71148,124,118,6,6
71149,75,74,1,1
71150,137,113,24,24
71151,131,127,4,4
71152,161,166,-5,5
71153,80,85,-5,5
71154,109,112,-3,3
71155,65,74,-9,9
71156,152,155,-3,3
71157,120,115,5,5
71158,116,122,-6,6
71159,82,103,-21,21
71160,214,200,14,14
71161,75,79,-4,4
71162,95,95,0,0
71163,120,116,4,4
71164,126,128,-2,2
71165,112,114,-2,2
71166,115,129,-14,14
71167,94,95,-1,1
71168,84,95,-11,11
71169,99,106,-7,7
71170,69,71,-2,2
71171,62,69,-7,7
71172,106,113,-7,7
71173,110,106,4,4
71174,78,86,-8,8
71175,161,192,-31,31
71176,140,108,32,32
71177,83,104,-21,21
71178,110,109,1,1
71179,50,65,-15,15
71180,160,148,12,12
71181,93,91,2,2
71182,161,161,0,0
71183,37,51,-14,14
71184,58,59,-1,1
71185,109,125,-16,16
71186,99,109,-10,10
71187,124,147,-23,23
71188,65,70,-5,5
71189,113,108,5,5
71190,114,127,-13,13
71191,127,121,6,6
71192,99,94,5,5
71193,83,84,-1,1
71194,74,86,-12,12
71195,112,121,-9,9
71196,76,83,-7,7
71197,86,88,-2,2
71198,59,76,-17,17
71199,185,164,21,21
71200,113,98,15,15
71201,90,94,-4,4
71202,60,75,-15,15
71203,136,118,18,18
71204,94,103,-9,9
71205,100,99,1,1
71206,93,94,-1,1
71207,80,88,-8,8
71208,138,122,16,16
71209,123,121,2,2
71210,84,93,-9,9
71211,96,109,-13,13
71212,123,120,3,3
71213,46,94,-48,48
71214,54,66,-12,12
71215,135,138,-3,3
71216,135,120,15,15
71217,79,89,-10,10
71218,127,122,5,5
71219,75,84,-9,9
71220,43,71,-28,28
71221,107,95,12,12
71222,86,84,2,2
71223,114,128,-14,14
71224,56,61,-5,5
71225,80,84,-4,4
71226,86,88,-2,2
71227,62,66,-4,4
71228,78,75,3,3
71229,158,161,-3,3
71230,96,119,-23,23
71231,88,93,-5,5
71232,62,66,-4,4
71233,116,110,6,6
71234,103,113,-10,10
71235,108,121,-13,13
71236,96,97,-1,1
71237,65,73,-8,8
71238,64,75,-11,11
71239,136,128,8,8
71240,92,101,-9,9
71241,66,70,-4,4
71242,106,110,-4,4
71243,168,153,15,15
71244,91,93,-2,2
71245,90,101,-11,11
71246,83,85,-2,2
71247,198,188,10,10
71248,98,103,-5,5
71249,116,104,12,12
71250,77,88,-11,11
71251,95,104,-9,9
71252,113,116,-3,3
71253,102,105,-3,3
71254,54,61,-7,7
71255,138,145,-7,7
71256,76,82,-6,6
71257,58,65,-7,7
71258,74,80,-6,6
71259,93,106,-13,13
71260,56,81,-25,25
71261,139,145,-6,6
71262,169,167,2,2
71263,131,134,-3,3
71264,64,59,5,5
71265,89,98,-9,9
71266,111,110,1,1
71267,149,144,5,5
71268,86,86,0,0
71269,67,97,-30,30
71270,54,64,-10,10
71271,47,61,-14,14
71272,43,60,-17,17
71273,90,95,-5,5
71274,139,127,12,12
71275,62,71,-9,9
71276,67,80,-13,13
71277,75,85,-10,10
71278,87,90,-3,3
71279,82,86,-4,4
71280,41,57,-16,16
71281,86,92,-6,6
71282,151,143,8,8
71283,87,89,-2,2
71284,107,110,-3,3
71285,67,72,-5,5
71286,90,105,-15,15
71287,133,135,-2,2
71288,42,52,-10,10
71289,124,120,4,4
71290,66,72,-6,6
71291,74,83,-9,9
71292,54,61,-7,7
71293,123,122,1,1
71294,137,138,-1,1
71295,67,71,-4,4
71296,113,122,-9,9
71297,103,97,6,6
71298,161,149,12,12
71299,114,109,5,5
71300,112,111,1,1
71301,103,109,-6,6
71302,112,119,-7,7
71303,123,136,-13,13
71304,65,74,-9,9
71305,97,97,0,0
71306,68,69,-1,1
71307,69,78,-9,9
71308,69,70,-1,1
71309,143,139,4,4
71310,107,110,-3,3
71311,59,84,-25,25
71312,125,122,3,3
71313,57,71,-14,14
71314,108,113,-5,5
71315,86,91,-5,5
71316,98,100,-2,2
71317,82,87,-5,5
71318,87,126,-39,39
71319,65,74,-9,9
71320,96,97,-1,1
71321,60,66,-6,6
71322,77,84,-7,7
71323,81,86,-5,5
71324,147,144,3,3
71325,75,76,-1,1
71326,75,79,-4,4
71327,85,100,-15,15
71328,94,97,-3,3
71329,158,157,1,1
71330,103,89,14,14
71331,125,115,10,10
71332,119,144,-25,25
71333,109,111,-2,2
71334,64,67,-3,3
71335,74,84,-10,10
71336,33,47,-14,14
71337,104,102,2,2
71338,73,87,-14,14
71339,148,132,16,16
71340,57,71,-14,14
71341,62,64,-2,2
71342,143,141,2,2
71343,96,115,-19,19
71344,61,71,-10,10
71345,126,130,-4,4
71346,66,89,-23,23
71347,97,108,-11,11
71348,58,68,-10,10
71349,85,92,-7,7
71350,207,190,17,17
71351,114,112,2,2
71352,105,107,-2,2
71353,92,96,-4,4
71354,80,84,-4,4
71355,97,101,-4,4
71356,93,96,-3,3
71357,55,63,-8,8
71358,89,90,-1,1
71359,116,118,-2,2
71360,98,102,-4,4
71361,79,79,0,0
71362,127,130,-3,3
71363,112,110,2,2
71364,131,117,14,14
71365,92,101,-9,9
71366,81,89,-8,8
71367,236,219,17,17
71368,110,125,-15,15
71369,66,79,-13,13
71370,100,108,-8,8
71371,98,104,-6,6
71372,118,110,8,8
71373,91,102,-11,11
71374,162,148,14,14
71375,77,78,-1,1
71376,67,77,-10,10
71377,131,131,0,0
71378,103,109,-6,6
71379,57,68,-11,11
71380,93,87,6,6
71381,72,88,-16,16
71382,67,76,-9,9
71383,49,69,-20,20
71384,72,78,-6,6
71385,56,64,-8,8
71386,154,171,-17,17
71387,72,84,-12,12
71388,44,59,-15,15
71389,97,100,-3,3
71390,173,145,28,28
71391,151,146,5,5
71392,92,92,0,0
71393,41,68,-27,27
71394,101,111,-10,10
71395,151,140,11,11
71396,112,107,5,5
71397,82,89,-7,7
71398,147,140,7,7
71399,104,94,10,10
71400,156,145,11,11
71401,69,75,-6,6
71402,88,98,-10,10
71403,49,64,-15,15
71404,72,82,-10,10
71405,87,91,-4,4
71406,83,87,-4,4
71407,78,75,3,3
71408,109,114,-5,5
71409,118,127,-9,9
71410,146,185,-39,39
71411,95,96,-1,1
71412,139,137,2,2
71413,112,121,-9,9
71414,74,87,-13,13
71415,101,110,-9,9
71416,69,76,-7,7
71417,60,63,-3,3
71418,52,61,-9,9
71419,70,75,-5,5
71420,52,60,-8,8
71421,93,101,-8,8
71422,75,81,-6,6
71423,50,70,-20,20
71424,64,74,-10,10
71425,167,150,17,17
71426,59,68,-9,9
71427,117,122,-5,5
71428,97,102,-5,5
71429,93,99,-6,6
71430,70,80,-10,10
71431,91,88,3,3
71432,52,62,-10,10
71433,97,105,-8,8
71434,66,65,1,1
71435,91,93,-2,2
71436,72,119,-47,47
71437,113,110,3,3
71438,91,91,0,0
71439,50,70,-20,20
71440,85,110,-25,25
71441,167,162,5,5
71442,78,84,-6,6
71443,149,142,7,7
71444,102,100,2,2
71445,116,114,2,2
71446,69,83,-14,14
71447,63,73,-10,10
71448,108,117,-9,9
71449,81,84,-3,3
71450,82,86,-4,4
71451,113,118,-5,5
71452,83,92,-9,9
71453,97,95,2,2
71454,78,100,-22,22
71455,102,106,-4,4
71456,109,118,-9,9
71457,64,82,-18,18
71458,98,101,-3,3
71459,156,142,14,14
71460,126,128,-2,2
71461,90,96,-6,6
71462,122,123,-1,1
71463,67,78,-11,11
71464,60,66,-6,6
71465,60,70,-10,10
71466,73,78,-5,5
71467,135,138,-3,3
71468,116,117,-1,1
71469,92,93,-1,1
71470,116,117,-1,1
71471,76,83,-7,7
71472,137,132,5,5
71473,38,61,-23,23
71474,212,194,18,18
71475,115,118,-3,3
71476,170,160,10,10
71477,140,157,-17,17
71478,194,166,28,28
71479,119,119,0,0
71480,46,58,-12,12
71481,67,74,-7,7
71482,114,113,1,1
71483,107,129,-22,22
71484,83,105,-22,22
71485,103,100,3,3
71486,75,87,-12,12
71487,117,156,-39,39
71488,59,63,-4,4
71489,68,98,-30,30
71490,117,126,-9,9
71491,142,135,7,7
71492,50,59,-9,9
71493,72,81,-9,9
71494,114,129,-15,15
71495,161,158,3,3
71496,104,105,-1,1
71497,241,229,12,12
71498,72,80,-8,8
71499,89,98,-9,9
71500,76,84,-8,8
71501,97,103,-6,6
71502,93,91,2,2
71503,73,72,1,1
71504,67,65,2,2
71505,89,97,-8,8
71506,91,97,-6,6
71507,112,114,-2,2
71508,156,156,0,0
71509,59,69,-10,10
71510,71,82,-11,11
71511,35,48,-13,13
71512,60,66,-6,6
71513,151,157,-6,6
71514,83,88,-5,5
71515,114,122,-8,8
71516,66,67,-1,1
71517,68,79,-11,11
71518,128,127,1,1
71519,168,145,23,23
71520,84,87,-3,3
71521,87,92,-5,5
71522,94,97,-3,3
71523,44,61,-17,17
71524,93,99,-6,6
71525,135,130,5,5
71526,80,84,-4,4
71527,105,104,1,1
71528,86,96,-10,10
71529,115,119,-4,4
71530,183,170,13,13
71531,120,117,3,3
71532,25,40,-15,15
71533,53,63,-10,10
71534,131,116,15,15
71535,164,155,9,9
71536,74,82,-8,8
71537,125,124,1,1
71538,91,101,-10,10
71539,106,100,6,6
71540,95,96,-1,1
71541,75,78,-3,3
71542,114,111,3,3
71543,70,74,-4,4
71544,89,86,3,3
71545,37,45,-8,8
71546,90,89,1,1
71547,60,69,-9,9
71548,106,113,-7,7
71549,59,71,-12,12
71550,114,123,-9,9
71551,69,77,-8,8
71552,96,105,-9,9
71553,90,81,9,9
71554,132,142,-10,10
71555,117,123,-6,6
71556,78,85,-7,7
71557,63,76,-13,13
71558,96,110,-14,14
71559,132,111,21,21
71560,83,84,-1,1
71561,114,112,2,2
71562,109,107,2,2
71563,97,94,3,3
71564,81,89,-8,8
71565,95,98,-3,3
71566,82,90,-8,8
71567,127,136,-9,9
71568,108,114,-6,6
71569,91,106,-15,15
71570,87,91,-4,4
71571,92,95,-3,3
71572,165,165,0,0
71573,85,90,-5,5
71574,50,67,-17,17
71575,62,66,-4,4
71576,97,102,-5,5
71577,87,97,-10,10
71578,66,69,-3,3
71579,76,80,-4,4
71580,75,84,-9,9
71581,172,167,5,5
71582,45,56,-11,11
71583,86,95,-9,9
71584,73,89,-16,16
71585,189,168,21,21
71586,65,75,-10,10
71587,76,86,-10,10
71588,95,99,-4,4
71589,95,92,3,3
71590,87,93,-6,6
71591,108,111,-3,3
71592,91,86,5,5
71593,69,86,-17,17
71594,141,147,-6,6
71595,75,79,-4,4
71596,82,90,-8,8
71597,55,63,-8,8
71598,55,71,-16,16
71599,121,122,-1,1
71600,55,58,-3,3
71601,131,124,7,7
71602,111,107,4,4
71603,52,68,-16,16
71604,141,135,6,6
71605,82,90,-8,8
71606,49,60,-11,11
71607,67,86,-19,19
71608,65,70,-5,5
71609,116,123,-7,7
71610,112,117,-5,5
71611,117,118,-1,1
71612,137,137,0,0
71613,95,107,-12,12
71614,59,69,-10,10
71615,84,96,-12,12
71616,89,84,5,5
71617,137,138,-1,1
71618,194,162,32,32
71619,144,138,6,6
71620,106,103,3,3
71621,122,113,9,9
71622,67,80,-13,13
71623,104,113,-9,9
71624,114,112,2,2
71625,84,99,-15,15
71626,49,72,-23,23
71627,232,202,30,30
71628,79,79,0,0
71629,101,111,-10,10
71630,105,108,-3,3
71631,104,109,-5,5
71632,221,194,27,27
71633,124,112,12,12
71634,154,146,8,8
71635,110,110,0,0
71636,75,84,-9,9
71637,175,166,9,9
71638,162,165,-3,3
71639,169,150,19,19
71640,82,101,-19,19
71641,69,75,-6,6
71642,63,72,-9,9
71643,101,108,-7,7
71644,59,67,-8,8
71645,123,126,-3,3
71646,105,117,-12,12
71647,99,97,2,2
71648,58,73,-15,15
71649,103,101,2,2
71650,77,91,-14,14
71651,64,67,-3,3
71652,49,55,-6,6
71653,96,101,-5,5
71654,78,89,-11,11
71655,124,133,-9,9
71656,66,96,-30,30
71657,163,155,8,8
71658,140,156,-16,16
71659,77,85,-8,8
71660,55,71,-16,16
71661,64,67,-3,3
71662,73,95,-22,22
71663,86,94,-8,8
71664,87,89,-2,2
71665,80,90,-10,10
71666,74,88,-14,14
71667,69,72,-3,3
71668,118,121,-3,3
71669,74,88,-14,14
71670,162,158,4,4
71671,63,74,-11,11
71672,88,93,-5,5
71673,105,106,-1,1
71674,70,67,3,3
71675,86,96,-10,10
71676,82,87,-5,5
71677,181,184,-3,3
71678,60,68,-8,8
71679,139,143,-4,4
71680,45,49,-4,4
71681,84,89,-5,5
71682,87,89,-2,2
71683,94,91,3,3
71684,94,100,-6,6
71685,102,127,-25,25
71686,82,88,-6,6
71687,102,93,9,9
71688,51,58,-7,7
71689,91,90,1,1
71690,92,96,-4,4
71691,119,121,-2,2
71692,98,108,-10,10
71693,92,94,-2,2
71694,144,141,3,3
71695,117,121,-4,4
71696,61,68,-7,7
71697,55,57,-2,2
71698,89,90,-1,1
71699,83,91,-8,8
71700,122,114,8,8
71701,101,108,-7,7
71702,71,80,-9,9
71703,183,180,3,3
71704,79,86,-7,7
71705,68,88,-20,20
71706,124,125,-1,1
71707,96,95,1,1
71708,82,86,-4,4
71709,99,116,-17,17
71710,145,131,14,14
71711,143,144,-1,1
71712,131,135,-4,4
71713,83,86,-3,3
71714,118,131,-13,13
71715,65,75,-10,10
71716,52,67,-15,15
71717,78,85,-7,7
71718,76,82,-6,6
71719,142,130,12,12
71720,90,90,0,0
71721,64,76,-12,12
71722,70,75,-5,5
71723,81,94,-13,13
71724,155,152,3,3
71725,94,115,-21,21
71726,64,71,-7,7
71727,83,84,-1,1
71728,112,114,-2,2
71729,112,100,12,12
71730,132,129,3,3
71731,84,82,2,2
71732,63,74,-11,11
71733,78,88,-10,10
71734,143,134,9,9
71735,71,81,-10,10
71736,94,98,-4,4
71737,75,82,-7,7
71738,54,70,-16,16
71739,81,81,0,0
71740,72,84,-12,12
71741,95,95,0,0
71742,136,133,3,3
71743,89,90,-1,1
71744,66,76,-10,10
71745,95,94,1,1
71746,85,89,-4,4
71747,114,120,-6,6
71748,70,74,-4,4
71749,70,78,-8,8
71750,115,122,-7,7
71751,139,143,-4,4
71752,104,104,0,0
71753,65,71,-6,6
71754,145,134,11,11
71755,108,108,0,0
71756,81,85,-4,4
71757,85,79,6,6
71758,59,75,-16,16
71759,146,155,-9,9
71760,89,109,-20,20
71761,94,100,-6,6
71762,82,86,-4,4
71763,58,72,-14,14
71764,78,84,-6,6
71765,92,89,3,3
71766,65,70,-5,5
71767,100,100,0,0
71768,126,123,3,3
71769,115,108,7,7
71770,64,66,-2,2
71771,67,79,-12,12
71772,114,110,4,4
71773,73,79,-6,6
71774,86,89,-3,3
71775,92,88,4,4
71776,393,372,21,21
71777,121,140,-19,19
71778,77,90,-13,13
71779,106,99,7,7
71780,81,88,-7,7
71781,99,91,8,8
71782,150,152,-2,2
71783,98,102,-4,4
71784,107,113,-6,6
71785,59,62,-3,3
71786,53,61,-8,8
71787,99,101,-2,2
71788,138,136,2,2
71789,58,72,-14,14
71790,85,88,-3,3
71791,129,126,3,3
71792,60,64,-4,4
71793,67,72,-5,5
71794,107,106,1,1
71795,42,57,-15,15
71796,73,80,-7,7
71797,81,92,-11,11
71798,154,130,24,24
71799,84,88,-4,4
71800,67,75,-8,8
71801,62,66,-4,4
71802,93,93,0,0
71803,119,116,3,3
71804,112,111,1,1
71805,146,139,7,7
71806,45,51,-6,6
71807,127,123,4,4
71808,87,89,-2,2
71809,122,126,-4,4
71810,83,84,-1,1
71811,116,118,-2,2
71812,95,108,-13,13
71813,101,105,-4,4
71814,132,131,1,1
71815,116,113,3,3
71816,79,77,2,2
71817,94,94,0,0
71818,131,122,9,9
71819,61,65,-4,4
71820,66,76,-10,10
71821,78,86,-8,8
71822,145,152,-7,7
71823,166,164,2,2
71824,88,91,-3,3
71825,99,96,3,3
71826,85,94,-9,9
71827,62,70,-8,8
71828,85,93,-8,8
71829,103,110,-7,7
71830,123,147,-24,24
71831,43,58,-15,15
71832,89,101,-12,12
71833,61,72,-11,11
71834,65,73,-8,8
71835,81,83,-2,2
71836,77,79,-2,2
71837,118,124,-6,6
71838,53,60,-7,7
71839,90,87,3,3
71840,101,120,-19,19
71841,88,92,-4,4
71842,136,139,-3,3
71843,142,140,2,2
71844,79,78,1,1
71845,124,127,-3,3
71846,69,73,-4,4
71847,55,66,-11,11
71848,84,90,-6,6
71849,34,45,-11,11
71850,86,83,3,3
71851,67,67,0,0
71852,234,211,23,23
71853,175,171,4,4
71854,50,57,-7,7
71855,75,78,-3,3
71856,61,70,-9,9
71857,103,105,-2,2
71858,59,66,-7,7
71859,83,100,-17,17
71860,50,57,-7,7
71861,89,95,-6,6
71862,65,79,-14,14
71863,140,129,11,11
71864,158,156,2,2
71865,113,107,6,6
71866,118,124,-6,6
71867,172,155,17,17
71868,119,126,-7,7
71869,106,110,-4,4
71870,146,147,-1,1
71871,72,77,-5,5
71872,84,89,-5,5
71873,78,87,-9,9
71874,58,62,-4,4
71875,85,84,1,1
71876,137,131,6,6
71877,86,119,-33,33
71878,78,84,-6,6
71879,88,98,-10,10
71880,108,106,2,2
71881,104,97,7,7
71882,77,94,-17,17
71883,101,110,-9,9
71884,109,108,1,1
71885,84,85,-1,1
71886,70,73,-3,3
71887,134,139,-5,5
71888,51,54,-3,3
71889,128,128,0,0
71890,103,116,-13,13
71891,76,86,-10,10
71892,101,113,-12,12
71893,92,99,-7,7
71894,72,83,-11,11
71895,68,80,-12,12
71896,84,91,-7,7
71897,88,96,-8,8
71898,119,130,-11,11
71899,56,60,-4,4
71900,31,48,-17,17
71901,91,97,-6,6
71902,163,159,4,4
71903,124,119,5,5
71904,71,74,-3,3
71905,101,100,1,1
71906,112,144,-32,32
71907,103,105,-2,2
71908,74,80,-6,6
71909,57,67,-10,10
71910,137,138,-1,1
71911,124,116,8,8
71912,77,94,-17,17
71913,83,86,-3,3
71914,66,83,-17,17
71915,110,104,6,6
71916,65,72,-7,7
71917,98,109,-11,11
71918,87,88,-1,1
71919,90,90,0,0
71920,140,140,0,0
71921,116,119,-3,3
71922,128,123,5,5
71923,73,75,-2,2
71924,155,179,-24,24
71925,96,106,-10,10
71926,115,119,-4,4
71927,63,72,-9,9
71928,57,59,-2,2
71929,113,127,-14,14
71930,104,96,8,8
71931,53,66,-13,13
71932,62,73,-11,11
71933,53,65,-12,12
71934,71,75,-4,4
71935,76,85,-9,9
71936,117,114,3,3
71937,57,70,-13,13
71938,79,78,1,1
71939,69,88,-19,19
71940,78,81,-3,3
71941,40,69,-29,29
71942,58,78,-20,20
71943,105,102,3,3
71944,87,105,-18,18
71945,118,109,9,9
71946,101,117,-16,16
71947,32,43,-11,11
71948,75,82,-7,7
71949,112,116,-4,4
71950,112,105,7,7
71951,124,134,-10,10
71952,68,73,-5,5
71953,72,74,-2,2
71954,52,64,-12,12
71955,84,88,-4,4
71956,78,80,-2,2
71957,106,96,10,10
71958,126,128,-2,2
71959,103,108,-5,5
71960,110,101,9,9
71961,91,87,4,4
71962,149,139,10,10
71963,55,62,-7,7
71964,113,112,1,1
71965,72,77,-5,5
71966,79,89,-10,10
71967,125,124,1,1
71968,126,117,9,9
71969,156,162,-6,6
71970,69,74,-5,5
71971,59,59,0,0
71972,92,116,-24,24
71973,65,71,-6,6
71974,94,100,-6,6
71975,76,92,-16,16
71976,145,142,3,3
71977,141,142,-1,1
71978,71,79,-8,8
71979,91,94,-3,3
71980,56,68,-12,12
71981,107,117,-10,10
71982,73,77,-4,4
71983,120,139,-19,19
71984,109,83,26,26
71985,125,119,6,6
71986,80,83,-3,3
71987,55,64,-9,9
71988,92,98,-6,6
71989,125,125,0,0
71990,74,81,-7,7
71991,65,80,-15,15
71992,85,93,-8,8
71993,41,56,-15,15
71994,73,89,-16,16
71995,133,112,21,21
71996,48,59,-11,11
71997,81,85,-4,4
71998,109,120,-11,11
71999,98,101,-3,3
72000,123,124,-1,1
72001,103,111,-8,8
72002,79,86,-7,7
72003,60,71,-11,11
72004,93,100,-7,7
72005,162,137,25,25
72006,121,117,4,4
72007,113,129,-16,16
72008,64,78,-14,14
72009,61,74,-13,13
72010,110,111,-1,1
72011,106,105,1,1
72012,111,110,1,1
72013,72,85,-13,13
72014,50,55,-5,5
72015,58,59,-1,1
72016,112,124,-12,12
72017,86,103,-17,17
72018,77,82,-5,5
72019,116,120,-4,4
72020,77,84,-7,7
72021,156,146,10,10
72022,94,102,-8,8
72023,152,142,10,10
72024,153,150,3,3
72025,91,96,-5,5
72026,114,113,1,1
72027,54,65,-11,11
72028,68,70,-2,2
72029,108,135,-27,27
72030,144,140,4,4
72031,122,121,1,1
72032,94,104,-10,10
72033,100,98,2,2
72034,63,74,-11,11
72035,109,110,-1,1
72036,92,89,3,3
72037,104,101,3,3
72038,80,75,5,5
72039,83,87,-4,4
72040,115,123,-8,8
72041,149,153,-4,4
72042,111,114,-3,3
72043,64,78,-14,14
72044,117,108,9,9
72045,68,75,-7,7
72046,98,96,2,2
72047,58,65,-7,7
72048,109,105,4,4
72049,84,84,0,0
72050,59,70,-11,11
72051,122,112,10,10
72052,67,79,-12,12
72053,74,75,-1,1
72054,65,75,-10,10
72055,95,94,1,1
72056,90,95,-5,5
72057,71,77,-6,6
72058,46,50,-4,4
72059,37,68,-31,31
72060,128,126,2,2
72061,110,112,-2,2
72062,98,113,-15,15
72063,55,60,-5,5
72064,118,114,4,4
72065,28,43,-15,15
72066,164,156,8,8
72067,97,103,-6,6
72068,149,133,16,16
72069,100,95,5,5
72070,102,115,-13,13
72071,99,101,-2,2
72072,170,150,20,20
72073,124,131,-7,7
72074,109,123,-14,14
72075,146,137,9,9
72076,170,172,-2,2
72077,85,75,10,10
72078,106,105,1,1
72079,96,102,-6,6
72080,105,105,0,0
72081,116,109,7,7
72082,61,72,-11,11
72083,114,119,-5,5
72084,105,107,-2,2
72085,163,171,-8,8
72086,50,59,-9,9
72087,141,124,17,17
72088,79,92,-13,13
72089,129,126,3,3
72090,82,84,-2,2
72091,61,69,-8,8
72092,69,80,-11,11
72093,62,82,-20,20
72094,93,94,-1,1
72095,92,101,-9,9
72096,91,109,-18,18
72097,45,56,-11,11
72098,167,156,11,11
72099,71,76,-5,5
72100,43,60,-17,17
72101,122,126,-4,4
72102,73,74,-1,1
72103,99,100,-1,1
72104,82,87,-5,5
72105,119,112,7,7
72106,135,122,13,13
72107,46,56,-10,10
72108,102,100,2,2
72109,66,71,-5,5
72110,159,158,1,1
72111,93,97,-4,4
72112,93,89,4,4
72113,71,78,-7,7
72114,106,93,13,13
72115,99,98,1,1
72116,145,159,-14,14
72117,102,115,-13,13
72118,146,144,2,2
72119,129,133,-4,4
72120,105,118,-13,13
72121,119,112,7,7
72122,49,61,-12,12
72123,114,110,4,4
72124,137,143,-6,6
72125,84,89,-5,5
72126,63,70,-7,7
72127,120,114,6,6
72128,63,69,-6,6
72129,153,142,11,11
72130,73,85,-12,12
72131,110,104,6,6
72132,178,172,6,6
72133,73,107,-34,34
72134,80,80,0,0
72135,98,101,-3,3
72136,122,124,-2,2
72137,122,124,-2,2
72138,95,100,-5,5
72139,100,108,-8,8
72140,107,112,-5,5
72141,86,84,2,2
72142,62,65,-3,3
72143,77,83,-6,6
72144,49,60,-11,11
72145,68,77,-9,9
72146,25,39,-14,14
72147,83,85,-2,2
72148,54,52,2,2
72149,122,124,-2,2
72150,115,120,-5,5
72151,92,91,1,1
72152,120,132,-12,12
72153,161,153,8,8
72154,100,103,-3,3
72155,127,137,-10,10
72156,56,70,-14,14
72157,120,122,-2,2
72158,319,291,28,28
72159,161,150,11,11
72160,120,110,10,10
72161,119,115,4,4
72162,119,104,15,15
72163,155,141,14,14
72164,90,96,-6,6
72165,43,58,-15,15
72166,67,67,0,0
72167,75,76,-1,1
72168,86,92,-6,6
72169,107,107,0,0
72170,109,113,-4,4
72171,105,112,-7,7
72172,120,126,-6,6
72173,57,65,-8,8
72174,81,89,-8,8
72175,114,115,-1,1
72176,101,101,0,0
72177,104,101,3,3
72178,105,99,6,6
72179,93,100,-7,7
72180,117,114,3,3
72181,93,94,-1,1
72182,60,70,-10,10
72183,81,75,6,6
72184,96,99,-3,3
72185,99,105,-6,6
72186,88,87,1,1
72187,113,124,-11,11
72188,91,105,-14,14
72189,142,137,5,5
72190,95,99,-4,4
72191,79,88,-9,9
72192,80,97,-17,17
72193,54,60,-6,6
72194,124,121,3,3
72195,86,95,-9,9
72196,154,138,16,16
72197,77,86,-9,9
72198,129,116,13,13
72199,196,170,26,26
72200,78,84,-6,6
72201,63,75,-12,12
72202,176,165,11,11
72203,102,104,-2,2
72204,102,116,-14,14
72205,92,92,0,0
72206,145,140,5,5
72207,64,71,-7,7
72208,100,95,5,5
72209,96,115,-19,19
72210,96,89,7,7
72211,51,59,-8,8
72212,61,80,-19,19
72213,129,125,4,4
72214,196,181,15,15
72215,61,70,-9,9
72216,86,88,-2,2
72217,69,84,-15,15
72218,121,118,3,3
72219,87,100,-13,13
72220,105,100,5,5
72221,67,87,-20,20
72222,71,92,-21,21
72223,165,153,12,12
72224,132,130,2,2
72225,171,164,7,7
72226,81,82,-1,1
72227,142,141,1,1
72228,75,83,-8,8
72229,102,100,2,2
72230,86,98,-12,12
72231,136,127,9,9
72232,63,67,-4,4
72233,122,131,-9,9
72234,89,96,-7,7
72235,97,109,-12,12
72236,67,74,-7,7
72237,105,104,1,1
72238,64,71,-7,7
72239,85,99,-14,14
72240,99,108,-9,9
72241,80,78,2,2
72242,115,109,6,6
72243,65,73,-8,8
72244,104,95,9,9
72245,115,116,-1,1
72246,147,146,1,1
72247,105,106,-1,1
72248,141,140,1,1
72249,163,159,4,4
72250,129,122,7,7
72251,90,96,-6,6
72252,73,85,-12,12
72253,101,84,17,17
72254,103,107,-4,4
72255,53,67,-14,14
72256,67,77,-10,10
72257,78,84,-6,6
72258,75,79,-4,4
72259,76,80,-4,4
72260,105,111,-6,6
72261,103,98,5,5
72262,108,121,-13,13
72263,154,141,13,13
72264,84,93,-9,9
72265,125,121,4,4
72266,71,76,-5,5
72267,84,94,-10,10
72268,81,87,-6,6
72269,95,101,-6,6
72270,249,212,37,37
72271,101,107,-6,6
72272,69,81,-12,12
72273,109,121,-12,12
72274,76,82,-6,6
72275,92,100,-8,8
72276,56,69,-13,13
72277,85,98,-13,13
72278,51,62,-11,11
72279,117,107,10,10
72280,74,83,-9,9
72281,184,168,16,16
72282,82,94,-12,12
72283,93,106,-13,13
72284,87,85,2,2
72285,56,62,-6,6
72286,65,68,-3,3
72287,95,92,3,3
72288,112,121,-9,9
72289,110,113,-3,3
72290,137,138,-1,1
72291,73,79,-6,6
72292,128,128,0,0
72293,99,93,6,6
72294,133,129,4,4
72295,109,110,-1,1
72296,74,91,-17,17
72297,99,94,5,5
72298,23,44,-21,21
72299,87,102,-15,15
72300,175,166,9,9
72301,71,81,-10,10
72302,64,75,-11,11
72303,74,88,-14,14
72304,127,129,-2,2
72305,136,144,-8,8
72306,114,117,-3,3
72307,143,141,2,2
72308,115,119,-4,4
72309,83,96,-13,13
72310,118,120,-2,2
72311,64,70,-6,6
72312,94,103,-9,9
72313,69,68,1,1
72314,142,140,2,2
72315,75,78,-3,3
72316,58,64,-6,6
72317,19,41,-22,22
72318,83,94,-11,11
72319,59,69,-10,10
72320,99,103,-4,4
72321,69,81,-12,12
72322,95,95,0,0
72323,248,199,49,49
72324,129,127,2,2
72325,45,59,-14,14
72326,129,132,-3,3
72327,99,98,1,1
72328,98,101,-3,3
72329,115,122,-7,7
72330,136,140,-4,4
72331,111,109,2,2
72332,98,108,-10,10
72333,85,97,-12,12
72334,141,140,1,1
72335,94,107,-13,13
72336,94,100,-6,6
72337,112,126,-14,14
72338,107,117,-10,10
72339,127,128,-1,1
72340,113,105,8,8
72341,131,116,15,15
72342,69,81,-12,12
72343,51,61,-10,10
72344,148,140,8,8
72345,79,75,4,4
72346,108,117,-9,9
72347,105,114,-9,9
72348,82,104,-22,22
72349,152,162,-10,10
72350,77,88,-11,11
72351,96,109,-13,13
72352,118,134,-16,16
72353,176,174,2,2
72354,161,168,-7,7
72355,74,79,-5,5
72356,89,105,-16,16
72357,126,137,-11,11
72358,105,106,-1,1
72359,102,106,-4,4
72360,74,86,-12,12
72361,122,118,4,4
72362,80,89,-9,9
72363,75,80,-5,5
72364,148,146,2,2
72365,129,127,2,2
72366,68,72,-4,4
72367,74,95,-21,21
72368,96,89,7,7
72369,88,89,-1,1
72370,53,74,-21,21
72371,79,85,-6,6
72372,78,81,-3,3
72373,69,79,-10,10
72374,134,126,8,8
72375,77,81,-4,4
72376,144,127,17,17
72377,102,108,-6,6
72378,112,129,-17,17
72379,122,121,1,1
72380,87,90,-3,3
72381,111,118,-7,7
72382,102,105,-3,3
72383,73,82,-9,9
72384,86,92,-6,6
72385,74,78,-4,4
72386,132,125,7,7
72387,128,133,-5,5
72388,130,128,2,2
72389,62,70,-8,8
72390,44,56,-12,12
72391,78,88,-10,10
72392,95,99,-4,4
72393,95,89,6,6
72394,116,119,-3,3
72395,80,85,-5,5
72396,57,68,-11,11
72397,84,103,-19,19
72398,122,117,5,5
72399,115,125,-10,10
72400,185,160,25,25
72401,144,125,19,19
72402,54,65,-11,11
72403,125,126,-1,1
72404,107,114,-7,7
72405,140,146,-6,6
72406,59,67,-8,8
72407,64,73,-9,9
72408,83,88,-5,5
72409,56,64,-8,8
72410,79,78,1,1
72411,58,64,-6,6
72412,92,101,-9,9
72413,138,142,-4,4
72414,110,110,0,0
72415,197,176,21,21
72416,102,105,-3,3
72417,75,78,-3,3
72418,127,122,5,5
72419,95,104,-9,9
72420,64,67,-3,3
72421,68,82,-14,14
72422,174,169,5,5
72423,61,69,-8,8
72424,74,74,0,0
72425,106,111,-5,5
72426,60,71,-11,11
72427,73,91,-18,18
72428,92,96,-4,4
72429,189,161,28,28
72430,99,97,2,2
72431,147,144,3,3
72432,120,120,0,0
72433,75,86,-11,11
72434,57,64,-7,7
72435,56,65,-9,9
72436,73,79,-6,6
72437,67,72,-5,5
72438,176,162,14,14
72439,131,133,-2,2
72440,101,102,-1,1
72441,77,78,-1,1
72442,90,120,-30,30
72443,106,114,-8,8
72444,120,122,-2,2
72445,82,84,-2,2
72446,117,117,0,0
72447,57,83,-26,26
72448,57,78,-21,21
72449,104,103,1,1
72450,85,87,-2,2
72451,112,120,-8,8
72452,89,96,-7,7
72453,88,107,-19,19
72454,87,85,2,2
72455,103,125,-22,22
72456,151,142,9,9
72457,92,102,-10,10
72458,98,92,6,6
72459,63,81,-18,18
72460,88,97,-9,9
72461,85,88,-3,3
72462,29,42,-13,13
72463,88,104,-16,16
72464,105,114,-9,9
72465,108,109,-1,1
72466,69,76,-7,7
72467,100,103,-3,3
72468,67,79,-12,12
72469,78,74,4,4
72470,97,107,-10,10
72471,84,81,3,3
72472,57,75,-18,18
72473,124,117,7,7
72474,117,114,3,3
72475,101,97,4,4
72476,104,110,-6,6
72477,97,113,-16,16
72478,69,74,-5,5
72479,105,107,-2,2
72480,78,92,-14,14
72481,75,78,-3,3
72482,67,68,-1,1
72483,182,167,15,15
72484,49,64,-15,15
72485,89,96,-7,7
72486,72,79,-7,7
72487,97,105,-8,8
72488,72,78,-6,6
72489,66,70,-4,4
72490,118,130,-12,12
72491,49,63,-14,14
72492,87,87,0,0
72493,157,137,20,20
72494,63,73,-10,10
72495,69,81,-12,12
72496,163,169,-6,6
72497,221,218,3,3
72498,60,73,-13,13
72499,97,103,-6,6
72500,64,66,-2,2
72501,87,103,-16,16
72502,101,104,-3,3
72503,96,103,-7,7
72504,111,124,-13,13
72505,67,77,-10,10
72506,112,115,-3,3
72507,92,91,1,1
72508,90,104,-14,14
72509,127,139,-12,12
72510,62,71,-9,9
72511,82,93,-11,11
72512,131,120,11,11
72513,66,69,-3,3
72514,122,131,-9,9
72515,80,98,-18,18
72516,83,93,-10,10
72517,71,86,-15,15
72518,76,77,-1,1
72519,130,136,-6,6
72520,72,70,2,2
72521,51,61,-10,10
72522,114,122,-8,8
72523,62,73,-11,11
72524,46,52,-6,6
72525,58,72,-14,14
72526,84,99,-15,15
72527,69,76,-7,7
72528,59,118,-59,59
72529,65,75,-10,10
72530,175,168,7,7
72531,135,136,-1,1
72532,106,109,-3,3
72533,72,88,-16,16
72534,124,126,-2,2
72535,126,124,2,2
72536,120,123,-3,3
72537,92,96,-4,4
72538,68,71,-3,3
72539,109,110,-1,1
72540,74,90,-16,16
72541,61,72,-11,11
72542,96,100,-4,4
72543,115,130,-15,15
72544,88,98,-10,10
72545,112,113,-1,1
72546,182,163,19,19
72547,156,150,6,6
72548,156,150,6,6
72549,103,95,8,8
72550,89,92,-3,3
72551,114,109,5,5
72552,106,99,7,7
72553,85,82,3,3
72554,107,105,2,2
72555,75,77,-2,2
72556,84,92,-8,8
72557,120,124,-4,4
72558,95,91,4,4
72559,48,59,-11,11
72560,65,67,-2,2
72561,59,75,-16,16
72562,85,87,-2,2
72563,125,123,2,2
72564,89,90,-1,1
72565,92,93,-1,1
72566,131,135,-4,4
72567,83,91,-8,8
72568,81,81,0,0
72569,82,80,2,2
72570,66,73,-7,7
72571,126,129,-3,3
72572,167,153,14,14
72573,103,109,-6,6
72574,119,119,0,0
72575,133,133,0,0
72576,138,142,-4,4
72577,136,131,5,5
72578,57,65,-8,8
72579,111,113,-2,2
72580,75,84,-9,9
72581,64,70,-6,6
72582,111,114,-3,3
72583,126,129,-3,3
72584,147,141,6,6
72585,188,167,21,21
72586,123,75,48,48
72587,87,102,-15,15
72588,77,83,-6,6
72589,82,84,-2,2
72590,83,91,-8,8
72591,69,86,-17,17
72592,136,143,-7,7
72593,53,68,-15,15
72594,81,87,-6,6
72595,124,126,-2,2
72596,111,109,2,2
72597,120,121,-1,1
72598,66,79,-13,13
72599,68,72,-4,4
72600,147,151,-4,4
72601,193,173,20,20
72602,62,67,-5,5
72603,113,118,-5,5
72604,83,88,-5,5
72605,114,124,-10,10
72606,138,142,-4,4
72607,63,76,-13,13
72608,153,141,12,12
72609,75,86,-11,11
72610,104,108,-4,4
72611,138,146,-8,8
72612,86,82,4,4
72613,85,93,-8,8
72614,132,135,-3,3
72615,86,90,-4,4
72616,60,72,-12,12
72617,119,119,0,0
72618,233,211,22,22
72619,125,137,-12,12
72620,128,124,4,4
72621,135,140,-5,5
72622,92,92,0,0
72623,134,131,3,3
72624,108,110,-2,2
72625,154,143,11,11
72626,149,146,3,3
72627,112,109,3,3
72628,117,116,1,1
72629,158,153,5,5
72630,83,86,-3,3
72631,92,101,-9,9
72632,80,81,-1,1
72633,86,95,-9,9
72634,23,36,-13,13
72635,90,97,-7,7
72636,129,135,-6,6
72637,122,120,2,2
72638,49,62,-13,13
72639,58,70,-12,12
72640,115,112,3,3
72641,92,95,-3,3
72642,146,165,-19,19
72643,69,93,-24,24
72644,107,120,-13,13
72645,152,147,5,5
72646,106,106,0,0
72647,78,85,-7,7
72648,122,114,8,8
72649,97,110,-13,13
72650,62,72,-10,10
72651,125,129,-4,4
72652,172,163,9,9
72653,73,82,-9,9
72654,88,91,-3,3
72655,69,81,-12,12
72656,72,72,0,0
72657,87,94,-7,7
72658,53,63,-10,10
72659,65,73,-8,8
72660,117,115,2,2
72661,105,114,-9,9
72662,168,158,10,10
72663,83,95,-12,12
72664,65,76,-11,11
72665,108,106,2,2
72666,45,63,-18,18
72667,123,116,7,7
72668,62,74,-12,12
72669,69,80,-11,11
72670,65,74,-9,9
72671,88,105,-17,17
72672,70,78,-8,8
72673,115,115,0,0
72674,68,70,-2,2
72675,109,112,-3,3
72676,117,121,-4,4
72677,68,77,-9,9
72678,93,98,-5,5
72679,76,78,-2,2
72680,147,142,5,5
72681,124,120,4,4
72682,146,147,-1,1
72683,104,118,-14,14
72684,85,92,-7,7
72685,107,100,7,7
72686,131,123,8,8
72687,71,77,-6,6
72688,78,79,-1,1
72689,69,79,-10,10
72690,124,135,-11,11
72691,101,101,0,0
72692,64,68,-4,4
72693,69,76,-7,7
72694,60,74,-14,14
72695,97,96,1,1
72696,78,84,-6,6
72697,106,132,-26,26
72698,102,102,0,0
72699,102,104,-2,2
72700,135,136,-1,1
72701,84,99,-15,15
72702,132,125,7,7
72703,81,85,-4,4
72704,55,58,-3,3
72705,80,82,-2,2
72706,89,107,-18,18
72707,218,383,-165,165
72708,68,72,-4,4
72709,136,121,15,15
72710,78,79,-1,1
72711,66,76,-10,10
72712,115,118,-3,3
72713,102,98,4,4
72714,64,74,-10,10
72715,32,45,-13,13
72716,61,64,-3,3
72717,98,102,-4,4
72718,87,82,5,5
72719,75,69,6,6
72720,131,124,7,7
72721,82,97,-15,15
72722,102,100,2,2
72723,68,70,-2,2
72724,129,128,1,1
72725,147,144,3,3
72726,54,64,-10,10
72727,95,101,-6,6
72728,181,172,9,9
72729,102,110,-8,8
72730,49,63,-14,14
72731,100,95,5,5
72732,72,82,-10,10
72733,137,150,-13,13
72734,57,63,-6,6
72735,85,85,0,0
72736,69,76,-7,7
72737,44,49,-5,5
72738,102,104,-2,2
72739,140,141,-1,1
72740,59,70,-11,11
72741,59,74,-15,15
72742,67,71,-4,4
72743,96,105,-9,9
72744,54,58,-4,4
72745,81,84,-3,3
72746,154,149,5,5
72747,134,142,-8,8
72748,100,89,11,11
72749,104,101,3,3
72750,92,106,-14,14
72751,63,73,-10,10
72752,115,105,10,10
72753,55,66,-11,11
72754,163,153,10,10
72755,122,127,-5,5
72756,106,106,0,0
72757,90,99,-9,9
72758,97,101,-4,4
72759,69,80,-11,11
72760,86,90,-4,4
72761,87,92,-5,5
72762,134,123,11,11
72763,83,97,-14,14
72764,96,104,-8,8
72765,75,80,-5,5
72766,91,88,3,3
72767,74,76,-2,2
72768,105,108,-3,3
72769,109,111,-2,2
72770,50,74,-24,24
72771,83,82,1,1
72772,101,103,-2,2
72773,98,107,-9,9
72774,78,85,-7,7
72775,115,106,9,9
72776,151,144,7,7
72777,50,52,-2,2
72778,111,116,-5,5
72779,75,90,-15,15
72780,191,182,9,9
72781,82,84,-2,2
72782,133,129,4,4
72783,131,129,2,2
72784,69,74,-5,5
72785,112,107,5,5
72786,52,67,-15,15
72787,109,124,-15,15
72788,82,94,-12,12
72789,106,116,-10,10
72790,36,48,-12,12
72791,84,87,-3,3
72792,103,105,-2,2
72793,56,64,-8,8
72794,78,83,-5,5
72795,69,77,-8,8
72796,67,76,-9,9
72797,83,96,-13,13
72798,103,110,-7,7
72799,84,91,-7,7
72800,68,79,-11,11
72801,78,83,-5,5
72802,118,116,2,2
72803,112,113,-1,1
72804,108,113,-5,5
72805,113,111,2,2
72806,116,105,11,11
72807,67,73,-6,6
72808,110,115,-5,5
72809,100,98,2,2
72810,111,106,5,5
72811,82,90,-8,8
72812,157,152,5,5
72813,75,84,-9,9
72814,102,103,-1,1
72815,90,96,-6,6
72816,60,71,-11,11
72817,88,96,-8,8
72818,96,102,-6,6
72819,117,143,-26,26
72820,76,89,-13,13
72821,166,151,15,15
72822,187,153,34,34
72823,73,71,2,2
72824,91,104,-13,13
72825,125,127,-2,2
72826,60,71,-11,11
72827,91,96,-5,5
72828,99,121,-22,22
72829,80,78,2,2
72830,125,123,2,2
72831,111,123,-12,12
72832,54,65,-11,11
72833,192,173,19,19
72834,159,148,11,11
72835,71,76,-5,5
72836,80,88,-8,8
72837,58,66,-8,8
72838,78,81,-3,3
72839,146,136,10,10
72840,73,75,-2,2
72841,178,158,20,20
72842,94,101,-7,7
72843,131,126,5,5
72844,70,67,3,3
72845,126,135,-9,9
72846,84,87,-3,3
72847,80,90,-10,10
72848,214,185,29,29
72849,111,115,-4,4
72850,134,141,-7,7
72851,89,110,-21,21
72852,124,143,-19,19
72853,112,112,0,0
72854,94,106,-12,12
72855,110,111,-1,1
72856,143,143,0,0
72857,70,78,-8,8
72858,112,117,-5,5
72859,88,90,-2,2
72860,89,88,1,1
72861,78,82,-4,4
72862,121,116,5,5
72863,69,76,-7,7
72864,82,85,-3,3
72865,137,168,-31,31
72866,116,120,-4,4
72867,169,158,11,11
72868,108,105,3,3
72869,62,68,-6,6
72870,66,89,-23,23
72871,126,124,2,2
72872,77,76,1,1
72873,170,160,10,10
72874,48,58,-10,10
72875,123,118,5,5
72876,135,131,4,4
72877,128,130,-2,2
72878,108,113,-5,5
72879,102,99,3,3
72880,89,95,-6,6
72881,68,79,-11,11
72882,83,83,0,0
72883,174,170,4,4
72884,130,118,12,12
72885,176,162,14,14
72886,87,101,-14,14
72887,69,70,-1,1
72888,69,81,-12,12
72889,100,90,10,10
72890,164,158,6,6
72891,94,106,-12,12
72892,82,84,-2,2
72893,191,189,2,2
72894,99,109,-10,10
72895,78,88,-10,10
72896,68,75,-7,7
72897,121,110,11,11
72898,128,126,2,2
72899,149,147,2,2
72900,164,152,12,12
72901,74,81,-7,7
72902,67,68,-1,1
72903,59,71,-12,12
72904,100,119,-19,19
72905,62,79,-17,17
72906,100,108,-8,8
72907,79,88,-9,9
72908,137,156,-19,19
72909,74,85,-11,11
72910,94,99,-5,5
72911,119,104,15,15
72912,103,102,1,1
72913,95,99,-4,4
72914,60,64,-4,4
72915,111,114,-3,3
72916,34,48,-14,14
72917,78,94,-16,16
72918,97,102,-5,5
72919,111,115,-4,4
72920,85,97,-12,12
72921,149,142,7,7
72922,90,88,2,2
72923,49,60,-11,11
72924,138,135,3,3
72925,69,72,-3,3
72926,79,80,-1,1
72927,70,74,-4,4
72928,82,90,-8,8
72929,79,87,-8,8
72930,85,99,-14,14
72931,89,92,-3,3
72932,67,75,-8,8
72933,106,119,-13,13
72934,70,84,-14,14
72935,74,87,-13,13
72936,55,71,-16,16
72937,164,162,2,2
72938,77,80,-3,3
72939,57,62,-5,5
72940,97,112,-15,15
72941,136,144,-8,8
72942,83,89,-6,6
72943,66,75,-9,9
72944,92,101,-9,9
72945,92,102,-10,10
72946,71,74,-3,3
72947,67,84,-17,17
72948,150,140,10,10
72949,69,79,-10,10
72950,132,126,6,6
72951,194,183,11,11
72952,137,138,-1,1
72953,68,77,-9,9
72954,90,102,-12,12
72955,113,112,1,1
72956,61,64,-3,3
72957,160,150,10,10
72958,149,148,1,1
72959,48,63,-15,15
72960,128,129,-1,1
72961,102,105,-3,3
72962,95,102,-7,7
72963,68,70,-2,2
72964,164,156,8,8
72965,92,104,-12,12
72966,100,99,1,1
72967,68,82,-14,14
72968,81,86,-5,5
72969,87,89,-2,2
72970,121,108,13,13
72971,95,103,-8,8
72972,99,96,3,3
72973,59,73,-14,14
72974,140,129,11,11
72975,109,97,12,12
72976,147,141,6,6
72977,84,90,-6,6
72978,111,109,2,2
72979,85,95,-10,10
72980,63,78,-15,15
72981,64,69,-5,5
72982,75,78,-3,3
72983,136,123,13,13
72984,140,143,-3,3
72985,45,53,-8,8
72986,159,158,1,1
72987,110,108,2,2
72988,54,72,-18,18
72989,129,130,-1,1
72990,170,180,-10,10
72991,111,114,-3,3
72992,72,74,-2,2
72993,129,131,-2,2
72994,67,73,-6,6
72995,159,169,-10,10
72996,60,71,-11,11
72997,91,96,-5,5
72998,126,120,6,6
72999,240,203,37,37
73000,113,115,-2,2
73001,85,84,1,1
73002,54,71,-17,17
73003,68,73,-5,5
73004,89,90,-1,1
73005,142,138,4,4
73006,146,136,10,10
73007,87,91,-4,4
73008,122,129,-7,7
73009,81,67,14,14
73010,77,84,-7,7
73011,113,109,4,4
73012,182,183,-1,1
73013,111,109,2,2
73014,97,92,5,5
73015,90,92,-2,2
73016,149,145,4,4
73017,62,83,-21,21
73018,121,122,-1,1
73019,90,93,-3,3
73020,64,63,1,1
73021,158,153,5,5
73022,89,92,-3,3
73023,93,95,-2,2
73024,82,84,-2,2
73025,80,92,-12,12
73026,231,229,2,2
73027,52,64,-12,12
73028,185,170,15,15
73029,125,129,-4,4
73030,116,110,6,6
73031,70,79,-9,9
73032,92,92,0,0
73033,135,141,-6,6
73034,83,93,-10,10
73035,78,86,-8,8
73036,89,91,-2,2
73037,98,98,0,0
73038,74,88,-14,14
73039,117,117,0,0
73040,65,201,-136,136
73041,80,85,-5,5
73042,82,84,-2,2
73043,144,150,-6,6
73044,64,70,-6,6
73045,144,141,3,3
73046,46,53,-7,7
73047,29,44,-15,15
73048,81,86,-5,5
73049,115,118,-3,3
73050,99,99,0,0
73051,80,84,-4,4
73052,111,108,3,3
73053,113,117,-4,4
73054,119,108,11,11
73055,49,52,-3,3
73056,128,127,1,1
73057,168,157,11,11
73058,52,61,-9,9
73059,115,115,0,0
73060,230,203,27,27
73061,113,133,-20,20
73062,66,71,-5,5
73063,102,105,-3,3
73064,52,61,-9,9
73065,94,97,-3,3
73066,69,76,-7,7
73067,146,155,-9,9
73068,130,128,2,2
73069,82,80,2,2
73070,51,59,-8,8
73071,114,111,3,3
73072,58,73,-15,15
73073,70,83,-13,13
73074,74,82,-8,8
73075,75,75,0,0
73076,54,58,-4,4
73077,134,140,-6,6
73078,46,53,-7,7
73079,79,79,0,0
73080,66,83,-17,17
73081,114,120,-6,6
73082,76,91,-15,15
73083,149,144,5,5
73084,126,121,5,5
73085,91,101,-10,10
73086,56,69,-13,13
73087,131,135,-4,4
73088,119,133,-14,14
73089,119,120,-1,1
73090,124,125,-1,1
73091,142,143,-1,1
73092,215,188,27,27
73093,59,67,-8,8
73094,60,67,-7,7
73095,76,87,-11,11
73096,54,58,-4,4
73097,78,93,-15,15
73098,133,143,-10,10
73099,56,60,-4,4
73100,79,86,-7,7
73101,74,74,0,0
73102,55,73,-18,18
73103,62,64,-2,2
73104,47,56,-9,9
73105,112,120,-8,8
73106,112,110,2,2
73107,122,118,4,4
73108,104,106,-2,2
73109,81,106,-25,25
73110,76,89,-13,13
73111,61,66,-5,5
73112,230,182,48,48
73113,87,91,-4,4
73114,94,93,1,1
73115,83,85,-2,2
73116,154,137,17,17
73117,140,136,4,4
73118,81,92,-11,11
73119,78,84,-6,6
73120,112,110,2,2
73121,133,123,10,10
73122,72,82,-10,10
73123,150,127,23,23
73124,133,134,-1,1
73125,74,72,2,2
73126,122,125,-3,3
73127,90,93,-3,3
73128,69,72,-3,3
73129,75,86,-11,11
73130,50,54,-4,4
73131,135,130,5,5
73132,126,124,2,2
73133,68,94,-26,26
73134,88,96,-8,8
73135,78,90,-12,12
73136,55,68,-13,13
73137,94,106,-12,12
73138,57,68,-11,11
73139,70,79,-9,9
73140,150,146,4,4
73141,67,79,-12,12
73142,78,88,-10,10
73143,82,88,-6,6
73144,123,129,-6,6
73145,75,75,0,0
73146,151,152,-1,1
73147,79,81,-2,2
73148,116,111,5,5
73149,89,89,0,0
73150,143,137,6,6
73151,94,99,-5,5
73152,94,106,-12,12
73153,81,90,-9,9
73154,77,90,-13,13
73155,85,91,-6,6
73156,104,116,-12,12
73157,58,66,-8,8
73158,76,85,-9,9
73159,72,79,-7,7
73160,90,89,1,1
73161,126,138,-12,12
73162,81,88,-7,7
73163,113,116,-3,3
73164,72,84,-12,12
73165,111,121,-10,10
73166,94,93,1,1
73167,77,78,-1,1
73168,76,76,0,0
73169,91,90,1,1
73170,84,91,-7,7
73171,50,67,-17,17
73172,111,118,-7,7
73173,160,153,7,7
73174,90,89,1,1
73175,165,173,-8,8
73176,153,139,14,14
73177,38,52,-14,14
73178,76,97,-21,21
73179,73,79,-6,6
73180,99,107,-8,8
73181,64,73,-9,9
73182,148,142,6,6
73183,146,144,2,2
73184,86,93,-7,7
73185,70,79,-9,9
73186,74,76,-2,2
73187,102,102,0,0
73188,76,76,0,0
73189,115,124,-9,9
73190,111,111,0,0
73191,67,79,-12,12
73192,120,134,-14,14
73193,72,80,-8,8
73194,93,95,-2,2
73195,256,248,8,8
73196,157,154,3,3
73197,70,77,-7,7
73198,95,107,-12,12
73199,99,102,-3,3
73200,94,101,-7,7
73201,81,79,2,2
73202,102,102,0,0
73203,107,109,-2,2
73204,137,130,7,7
73205,91,97,-6,6
73206,90,101,-11,11
73207,68,75,-7,7
73208,59,66,-7,7
73209,86,94,-8,8
73210,118,131,-13,13
73211,197,192,5,5
73212,55,60,-5,5
73213,82,81,1,1
73214,96,105,-9,9
73215,88,101,-13,13
73216,72,94,-22,22
73217,56,77,-21,21
73218,110,111,-1,1
73219,75,77,-2,2
73220,107,123,-16,16
73221,100,109,-9,9
73222,137,128,9,9
73223,76,81,-5,5
73224,174,170,4,4
73225,101,111,-10,10
73226,85,92,-7,7
73227,53,66,-13,13
73228,108,103,5,5
73229,82,86,-4,4
73230,84,95,-11,11
73231,92,99,-7,7
73232,125,141,-16,16
73233,93,108,-15,15
73234,54,67,-13,13
73235,113,111,2,2
73236,196,188,8,8
73237,71,74,-3,3
73238,75,79,-4,4
73239,46,57,-11,11
73240,107,115,-8,8
73241,82,93,-11,11
73242,88,109,-21,21
73243,57,60,-3,3
73244,153,163,-10,10
73245,131,142,-11,11
73246,111,130,-19,19
73247,136,139,-3,3
73248,58,68,-10,10
73249,85,93,-8,8
73250,98,97,1,1
73251,80,88,-8,8
73252,82,95,-13,13
73253,74,76,-2,2
73254,135,125,10,10
73255,88,95,-7,7
73256,27,47,-20,20
73257,60,70,-10,10
73258,82,86,-4,4
73259,176,175,1,1
73260,163,143,20,20
73261,130,137,-7,7
73262,120,115,5,5
73263,143,124,19,19
73264,138,143,-5,5
73265,88,89,-1,1
73266,125,125,0,0
73267,81,86,-5,5
73268,56,64,-8,8
73269,70,80,-10,10
73270,59,71,-12,12
73271,117,137,-20,20
73272,35,51,-16,16
73273,115,110,5,5
73274,59,69,-10,10
73275,88,86,2,2
73276,124,132,-8,8
73277,110,102,8,8
73278,118,113,5,5
73279,103,97,6,6
73280,121,124,-3,3
73281,78,85,-7,7
73282,69,77,-8,8
73283,129,124,5,5
73284,75,77,-2,2
73285,54,61,-7,7
73286,185,166,19,19
73287,105,104,1,1
73288,65,67,-2,2
73289,145,134,11,11
73290,134,129,5,5
73291,102,101,1,1
73292,75,80,-5,5
73293,106,105,1,1
73294,122,124,-2,2
73295,42,55,-13,13
73296,144,150,-6,6
73297,104,104,0,0
73298,117,114,3,3
73299,69,76,-7,7
73300,63,83,-20,20
73301,184,151,33,33
73302,96,102,-6,6
73303,86,86,0,0
73304,98,106,-8,8
73305,78,83,-5,5
73306,91,93,-2,2
73307,53,58,-5,5
73308,79,84,-5,5
73309,141,134,7,7
73310,82,84,-2,2
73311,49,58,-9,9
73312,109,105,4,4
73313,61,69,-8,8
73314,90,97,-7,7
73315,61,63,-2,2
73316,94,111,-17,17
73317,134,141,-7,7
73318,65,75,-10,10
73319,136,132,4,4
73320,164,158,6,6
73321,98,110,-12,12
73322,83,89,-6,6
73323,40,52,-12,12
73324,67,85,-18,18
73325,90,94,-4,4
73326,62,65,-3,3
73327,60,64,-4,4
73328,115,106,9,9
73329,135,139,-4,4
73330,75,81,-6,6
73331,35,68,-33,33
73332,94,110,-16,16
73333,113,110,3,3
73334,133,132,1,1
73335,103,88,15,15
73336,108,103,5,5
73337,65,73,-8,8
73338,67,64,3,3
73339,121,118,3,3
73340,89,107,-18,18
73341,69,77,-8,8
73342,128,130,-2,2
73343,99,97,2,2
73344,100,102,-2,2
73345,88,83,5,5
73346,160,151,9,9
73347,94,94,0,0
73348,111,117,-6,6
73349,83,81,2,2
73350,51,70,-19,19
73351,126,123,3,3
73352,150,137,13,13
73353,57,61,-4,4
73354,63,73,-10,10
73355,112,117,-5,5
73356,196,186,10,10
73357,71,79,-8,8
73358,152,149,3,3
73359,87,94,-7,7
73360,59,68,-9,9
73361,144,142,2,2
73362,122,118,4,4
73363,61,73,-12,12
73364,99,114,-15,15
73365,74,78,-4,4
73366,68,77,-9,9
73367,92,102,-10,10
73368,147,152,-5,5
73369,114,115,-1,1
73370,64,71,-7,7
73371,92,86,6,6
73372,85,83,2,2
73373,100,99,1,1
73374,142,137,5,5
73375,34,44,-10,10
73376,107,101,6,6
73377,110,107,3,3
73378,154,148,6,6
73379,69,77,-8,8
73380,91,106,-15,15
73381,124,119,5,5
73382,71,72,-1,1
73383,61,62,-1,1
73384,110,112,-2,2
73385,86,98,-12,12
73386,143,131,12,12
73387,65,72,-7,7
73388,82,81,1,1
73389,90,101,-11,11
73390,156,163,-7,7
73391,177,170,7,7
73392,108,109,-1,1
73393,100,113,-13,13
73394,60,75,-15,15
73395,81,99,-18,18
73396,99,104,-5,5
73397,63,91,-28,28
73398,87,103,-16,16
73399,53,58,-5,5
73400,47,58,-11,11
73401,65,80,-15,15
73402,79,79,0,0
73403,65,74,-9,9
73404,99,106,-7,7
73405,61,66,-5,5
73406,101,113,-12,12
73407,75,76,-1,1
73408,99,109,-10,10
73409,84,87,-3,3
73410,130,126,4,4
73411,147,136,11,11
73412,103,109,-6,6
73413,48,56,-8,8
73414,88,92,-4,4
73415,115,112,3,3
73416,81,90,-9,9
73417,69,83,-14,14
73418,144,148,-4,4
73419,103,103,0,0
73420,84,86,-2,2
73421,175,176,-1,1
73422,133,120,13,13
73423,88,94,-6,6
73424,112,118,-6,6
73425,98,105,-7,7
73426,79,81,-2,2
73427,65,71,-6,6
73428,75,93,-18,18
73429,101,108,-7,7
73430,44,57,-13,13
73431,89,94,-5,5
73432,107,110,-3,3
73433,85,90,-5,5
73434,42,55,-13,13
73435,86,98,-12,12
73436,92,94,-2,2
73437,70,83,-13,13
73438,79,84,-5,5
73439,39,64,-25,25
73440,90,94,-4,4
73441,126,122,4,4
73442,116,117,-1,1
73443,69,79,-10,10
73444,51,64,-13,13
73445,107,104,3,3
73446,88,91,-3,3
73447,104,103,1,1
73448,81,79,2,2
73449,78,83,-5,5
73450,87,95,-8,8
73451,63,82,-19,19
73452,92,98,-6,6
73453,125,135,-10,10
73454,113,112,1,1
73455,50,59,-9,9
73456,71,76,-5,5
73457,78,87,-9,9
73458,65,72,-7,7
73459,145,141,4,4
73460,64,67,-3,3
73461,83,89,-6,6
73462,162,147,15,15
73463,84,89,-5,5
73464,149,151,-2,2
73465,68,75,-7,7
73466,84,92,-8,8
73467,74,73,1,1
73468,106,110,-4,4
73469,87,94,-7,7
73470,102,120,-18,18
73471,142,131,11,11
73472,159,153,6,6
73473,49,58,-9,9
73474,133,139,-6,6
73475,89,94,-5,5
73476,47,60,-13,13
73477,111,119,-8,8
73478,79,81,-2,2
73479,108,123,-15,15
73480,58,68,-10,10
73481,111,119,-8,8
73482,46,56,-10,10
73483,69,71,-2,2
73484,144,148,-4,4
73485,122,122,0,0
73486,114,113,1,1
73487,60,66,-6,6
73488,75,85,-10,10
73489,79,84,-5,5
73490,97,106,-9,9
73491,177,178,-1,1
73492,111,107,4,4
73493,35,52,-17,17
73494,133,120,13,13
73495,58,65,-7,7
73496,114,105,9,9
73497,80,88,-8,8
73498,133,123,10,10
73499,116,120,-4,4
73500,88,80,8,8
73501,126,124,2,2
73502,135,127,8,8
73503,85,94,-9,9
73504,154,154,0,0
73505,118,114,4,4
73506,92,94,-2,2
73507,146,151,-5,5
73508,63,73,-10,10
73509,77,90,-13,13
73510,113,113,0,0
73511,110,134,-24,24
73512,63,75,-12,12
73513,78,81,-3,3
73514,130,124,6,6
73515,64,68,-4,4
73516,81,90,-9,9
73517,75,76,-1,1
73518,41,57,-16,16
73519,139,135,4,4
73520,60,68,-8,8
73521,81,88,-7,7
73522,108,108,0,0
73523,102,103,-1,1
73524,63,69,-6,6
73525,111,109,2,2
73526,42,54,-12,12
73527,93,98,-5,5
73528,106,116,-10,10
73529,92,91,1,1
73530,87,90,-3,3
73531,100,105,-5,5
73532,73,82,-9,9
73533,65,69,-4,4
73534,84,96,-12,12
73535,158,157,1,1
73536,73,78,-5,5
73537,116,132,-16,16
73538,79,92,-13,13
73539,114,111,3,3
73540,108,111,-3,3
73541,89,91,-2,2
73542,65,83,-18,18
73543,123,122,1,1
73544,70,80,-10,10
73545,58,67,-9,9
73546,61,74,-13,13
73547,118,138,-20,20
73548,91,102,-11,11
73549,82,94,-12,12
73550,42,61,-19,19
73551,43,55,-12,12
73552,144,135,9,9
73553,60,80,-20,20
73554,29,59,-30,30
73555,111,104,7,7
73556,69,74,-5,5
73557,192,173,19,19
73558,88,110,-22,22
73559,64,71,-7,7
73560,131,136,-5,5
73561,107,116,-9,9
73562,95,108,-13,13
73563,70,78,-8,8
73564,51,57,-6,6
73565,195,182,13,13
73566,77,84,-7,7
73567,117,125,-8,8
73568,87,85,2,2
73569,46,52,-6,6
73570,71,77,-6,6
73571,65,72,-7,7
73572,171,180,-9,9
73573,106,110,-4,4
73574,82,89,-7,7
73575,130,122,8,8
73576,58,73,-15,15
73577,105,114,-9,9
73578,121,125,-4,4
73579,148,157,-9,9
73580,87,92,-5,5
73581,98,105,-7,7
73582,74,91,-17,17
73583,138,139,-1,1
73584,95,103,-8,8
73585,104,108,-4,4
73586,64,67,-3,3
73587,74,82,-8,8
73588,126,109,17,17
73589,93,103,-10,10
73590,80,85,-5,5
73591,62,72,-10,10
73592,56,71,-15,15
73593,91,99,-8,8
73594,202,186,16,16
73595,97,103,-6,6
73596,109,120,-11,11
73597,62,57,5,5
73598,156,154,2,2
73599,62,64,-2,2
73600,156,156,0,0
73601,60,70,-10,10
73602,67,70,-3,3
73603,109,116,-7,7
73604,129,122,7,7
73605,126,119,7,7
73606,141,135,6,6
73607,117,110,7,7
73608,167,163,4,4
73609,123,134,-11,11
73610,127,118,9,9
73611,70,75,-5,5
73612,67,76,-9,9
73613,93,98,-5,5
73614,79,84,-5,5
73615,80,88,-8,8
73616,81,93,-12,12
73617,77,79,-2,2
73618,57,72,-15,15
73619,125,140,-15,15
73620,137,126,11,11
73621,98,106,-8,8
73622,76,78,-2,2
73623,99,97,2,2
73624,88,95,-7,7
73625,71,76,-5,5
73626,85,86,-1,1
73627,93,101,-8,8
73628,112,106,6,6
73629,63,73,-10,10
73630,79,98,-19,19
73631,90,96,-6,6
73632,71,75,-4,4
73633,67,92,-25,25
73634,147,132,15,15
73635,57,82,-25,25
73636,61,68,-7,7
73637,100,101,-1,1
73638,79,81,-2,2
73639,136,116,20,20
73640,88,96,-8,8
73641,67,74,-7,7
73642,173,167,6,6
73643,111,107,4,4
73644,96,90,6,6
73645,91,89,2,2
73646,90,89,1,1
73647,93,94,-1,1
73648,99,105,-6,6
73649,57,62,-5,5
73650,71,76,-5,5
73651,165,155,10,10
73652,91,109,-18,18
73653,59,67,-8,8
73654,103,106,-3,3
73655,72,80,-8,8
73656,95,98,-3,3
73657,86,81,5,5
73658,142,126,16,16
73659,92,95,-3,3
73660,86,95,-9,9
73661,143,139,4,4
73662,37,51,-14,14
73663,66,73,-7,7
73664,121,119,2,2
73665,89,95,-6,6
73666,54,74,-20,20
73667,64,71,-7,7
73668,48,55,-7,7
73669,33,48,-15,15
73670,154,149,5,5
73671,55,66,-11,11
73672,85,85,0,0
73673,68,75,-7,7
73674,88,94,-6,6
73675,61,72,-11,11
73676,123,119,4,4
73677,98,104,-6,6
73678,161,157,4,4
73679,53,66,-13,13
73680,68,79,-11,11
73681,131,125,6,6
73682,100,104,-4,4
73683,64,69,-5,5
73684,109,121,-12,12
73685,87,91,-4,4
73686,78,83,-5,5
73687,56,70,-14,14
73688,96,95,1,1
73689,104,104,0,0
73690,94,101,-7,7
73691,66,70,-4,4
73692,106,104,2,2
73693,132,146,-14,14
73694,142,125,17,17
73695,112,122,-10,10
73696,104,87,17,17
73697,129,140,-11,11
73698,107,108,-1,1
73699,137,146,-9,9
73700,81,89,-8,8
73701,57,62,-5,5
73702,126,122,4,4
73703,57,78,-21,21
73704,141,129,12,12
73705,94,96,-2,2
73706,56,71,-15,15
73707,100,98,2,2
73708,65,76,-11,11
73709,153,150,3,3
73710,106,112,-6,6
73711,65,72,-7,7
73712,89,96,-7,7
73713,69,66,3,3
73714,172,165,7,7
73715,74,82,-8,8
73716,55,69,-14,14
73717,95,99,-4,4
73718,80,89,-9,9
73719,72,79,-7,7
73720,69,77,-8,8
73721,77,92,-15,15
73722,136,130,6,6
73723,60,70,-10,10
73724,106,103,3,3
73725,98,97,1,1
73726,113,114,-1,1
73727,66,72,-6,6
73728,117,116,1,1
73729,75,82,-7,7
73730,123,124,-1,1
73731,54,59,-5,5
73732,157,167,-10,10
73733,100,99,1,1
73734,74,83,-9,9
73735,61,70,-9,9
73736,72,81,-9,9
73737,81,82,-1,1
73738,138,150,-12,12
73739,137,142,-5,5
73740,163,144,19,19
73741,65,85,-20,20
73742,130,130,0,0
73743,68,80,-12,12
73744,97,95,2,2
73745,167,163,4,4
73746,93,83,10,10
73747,63,76,-13,13
73748,91,93,-2,2
73749,174,159,15,15
73750,138,127,11,11
73751,75,80,-5,5
73752,129,139,-10,10
73753,116,109,7,7
73754,47,53,-6,6
73755,116,111,5,5
73756,103,102,1,1
73757,112,108,4,4
73758,133,126,7,7
73759,55,78,-23,23
73760,75,85,-10,10
73761,53,62,-9,9
73762,88,102,-14,14
73763,132,130,2,2
73764,35,47,-12,12
73765,45,61,-16,16
73766,67,76,-9,9
73767,124,114,10,10
73768,148,141,7,7
73769,138,128,10,10
73770,98,99,-1,1
73771,81,84,-3,3
73772,54,64,-10,10
73773,35,53,-18,18
73774,69,72,-3,3
73775,66,72,-6,6
73776,116,115,1,1
73777,86,88,-2,2
73778,95,99,-4,4
73779,95,102,-7,7
73780,61,66,-5,5
73781,79,83,-4,4
73782,74,99,-25,25
73783,117,119,-2,2
73784,63,71,-8,8
73785,138,122,16,16
73786,125,129,-4,4
73787,95,97,-2,2
73788,66,74,-8,8
73789,53,62,-9,9
73790,83,88,-5,5
73791,60,73,-13,13
73792,52,62,-10,10
73793,55,59,-4,4
73794,100,113,-13,13
73795,91,111,-20,20
73796,87,94,-7,7
73797,63,64,-1,1
73798,122,103,19,19
73799,75,77,-2,2
73800,57,74,-17,17
73801,55,64,-9,9
73802,110,104,6,6
73803,88,98,-10,10
73804,155,165,-10,10
73805,96,104,-8,8
73806,81,82,-1,1
73807,102,101,1,1
73808,141,128,13,13
73809,105,107,-2,2
73810,68,72,-4,4
73811,80,80,0,0
73812,94,106,-12,12
73813,60,69,-9,9
73814,107,98,9,9
73815,112,114,-2,2
73816,92,99,-7,7
73817,86,81,5,5
73818,131,117,14,14
73819,62,65,-3,3
73820,146,149,-3,3
73821,67,84,-17,17
73822,77,88,-11,11
73823,101,109,-8,8
73824,80,81,-1,1
73825,97,90,7,7
73826,140,133,7,7
73827,128,143,-15,15
73828,108,112,-4,4
73829,91,94,-3,3
73830,91,100,-9,9
73831,87,89,-2,2
73832,151,138,13,13
73833,91,98,-7,7
73834,161,148,13,13
73835,60,70,-10,10
73836,135,129,6,6
73837,73,92,-19,19
73838,88,104,-16,16
73839,71,78,-7,7
73840,80,89,-9,9
73841,50,58,-8,8
73842,106,109,-3,3
73843,66,71,-5,5
73844,90,98,-8,8
73845,122,124,-2,2
73846,99,100,-1,1
73847,73,79,-6,6
73848,60,69,-9,9
73849,63,76,-13,13
73850,105,125,-20,20
73851,34,47,-13,13
73852,74,90,-16,16
73853,122,120,2,2
73854,123,113,10,10
73855,66,70,-4,4
73856,122,121,1,1
73857,114,109,5,5
73858,165,165,0,0
73859,139,152,-13,13
73860,58,56,2,2
73861,70,78,-8,8
73862,71,70,1,1
73863,158,180,-22,22
73864,66,72,-6,6
73865,166,136,30,30
73866,129,135,-6,6
73867,91,96,-5,5
73868,109,133,-24,24
73869,118,131,-13,13
73870,90,98,-8,8
73871,125,124,1,1
73872,94,96,-2,2
73873,107,103,4,4
73874,144,127,17,17
73875,83,87,-4,4
73876,71,83,-12,12
73877,93,97,-4,4
73878,103,106,-3,3
73879,78,82,-4,4
73880,33,82,-49,49
73881,44,84,-40,40
73882,129,122,7,7
73883,210,194,16,16
73884,98,95,3,3
73885,60,80,-20,20
73886,110,109,1,1
73887,56,68,-12,12
73888,149,136,13,13
73889,86,91,-5,5
73890,101,105,-4,4
73891,80,81,-1,1
73892,96,100,-4,4
73893,66,77,-11,11
73894,73,81,-8,8
73895,87,79,8,8
73896,73,75,-2,2
73897,96,97,-1,1
73898,36,53,-17,17
73899,171,205,-34,34
73900,125,128,-3,3
73901,82,89,-7,7
73902,79,83,-4,4
73903,148,140,8,8
73904,137,135,2,2
73905,82,92,-10,10
73906,72,100,-28,28
73907,57,63,-6,6
73908,162,162,0,0
73909,148,137,11,11
73910,82,85,-3,3
73911,76,86,-10,10
73912,72,73,-1,1
73913,42,50,-8,8
73914,102,110,-8,8
73915,61,74,-13,13
73916,107,111,-4,4
73917,72,70,2,2
73918,117,131,-14,14
73919,70,76,-6,6
73920,60,66,-6,6
73921,110,100,10,10
73922,94,98,-4,4
73923,121,131,-10,10
73924,102,107,-5,5
73925,61,71,-10,10
73926,69,77,-8,8
73927,51,73,-22,22
73928,113,127,-14,14
73929,148,170,-22,22
73930,129,125,4,4
73931,60,68,-8,8
73932,82,106,-24,24
73933,149,143,6,6
73934,64,68,-4,4
73935,95,103,-8,8
73936,105,105,0,0
73937,129,129,0,0
73938,140,141,-1,1
73939,143,148,-5,5
73940,67,69,-2,2
73941,81,87,-6,6
73942,131,123,8,8
73943,61,65,-4,4
73944,95,98,-3,3
73945,121,120,1,1
73946,96,89,7,7
73947,159,142,17,17
73948,51,59,-8,8
73949,72,80,-8,8
73950,83,91,-8,8
73951,114,113,1,1
73952,90,97,-7,7
73953,72,75,-3,3
73954,88,87,1,1
73955,149,141,8,8
73956,69,72,-3,3
73957,67,76,-9,9
73958,65,79,-14,14
73959,119,127,-8,8
73960,146,138,8,8
73961,75,90,-15,15
73962,175,159,16,16
73963,109,118,-9,9
73964,80,84,-4,4
73965,99,98,1,1
73966,137,137,0,0
73967,77,101,-24,24
73968,44,77,-33,33
73969,96,96,0,0
73970,55,65,-10,10
73971,113,112,1,1
73972,108,111,-3,3
73973,55,61,-6,6
73974,138,123,15,15
73975,74,79,-5,5
73976,69,78,-9,9
73977,131,132,-1,1
73978,129,161,-32,32
73979,103,106,-3,3
73980,50,58,-8,8
73981,90,97,-7,7
73982,42,50,-8,8
73983,140,156,-16,16
73984,76,100,-24,24
73985,113,109,4,4
73986,43,58,-15,15
73987,73,90,-17,17
73988,116,122,-6,6
73989,112,123,-11,11
73990,126,131,-5,5
73991,98,106,-8,8
73992,83,109,-26,26
73993,51,68,-17,17
73994,73,95,-22,22
73995,220,191,29,29
73996,72,87,-15,15
73997,63,70,-7,7
73998,107,114,-7,7
73999,90,92,-2,2
74000,50,70,-20,20
74001,100,99,1,1
74002,126,121,5,5
74003,73,81,-8,8
74004,88,99,-11,11
74005,65,83,-18,18
74006,73,72,1,1
74007,83,89,-6,6
74008,118,126,-8,8
74009,77,79,-2,2
74010,175,167,8,8
74011,101,101,0,0
74012,72,75,-3,3
74013,84,91,-7,7
74014,320,371,-51,51
74015,86,105,-19,19
74016,48,58,-10,10
74017,82,80,2,2
74018,111,107,4,4
74019,83,89,-6,6
74020,105,119,-14,14
74021,87,100,-13,13
74022,92,97,-5,5
74023,106,109,-3,3
74024,179,177,2,2
74025,123,115,8,8
74026,68,81,-13,13
74027,52,56,-4,4
74028,155,138,17,17
74029,97,114,-17,17
74030,78,85,-7,7
74031,52,58,-6,6
74032,62,72,-10,10
74033,92,101,-9,9
74034,113,112,1,1
74035,141,137,4,4
74036,66,78,-12,12
74037,97,94,3,3
74038,80,106,-26,26
74039,71,98,-27,27
74040,117,115,2,2
74041,202,187,15,15
74042,89,90,-1,1
74043,65,77,-12,12
74044,83,96,-13,13
74045,151,143,8,8
74046,68,69,-1,1
74047,84,97,-13,13
74048,114,112,2,2
74049,67,74,-7,7
74050,48,53,-5,5
74051,108,113,-5,5
74052,159,142,17,17
74053,84,88,-4,4
74054,153,143,10,10
74055,52,77,-25,25
74056,159,153,6,6
74057,118,123,-5,5
74058,83,96,-13,13
74059,50,58,-8,8
74060,125,124,1,1
74061,41,98,-57,57
74062,62,78,-16,16
74063,85,83,2,2
74064,133,137,-4,4
74065,129,124,5,5
74066,97,102,-5,5
74067,102,108,-6,6
74068,23,42,-19,19
74069,74,84,-10,10
74070,41,60,-19,19
74071,108,118,-10,10
74072,104,109,-5,5
74073,108,99,9,9
74074,97,101,-4,4
74075,74,86,-12,12
74076,94,99,-5,5
74077,78,83,-5,5
74078,117,124,-7,7
74079,119,122,-3,3
74080,60,60,0,0
74081,86,86,0,0
74082,84,90,-6,6
74083,72,79,-7,7
74084,93,103,-10,10
74085,72,79,-7,7
74086,156,140,16,16
74087,73,82,-9,9
74088,108,120,-12,12
74089,126,141,-15,15
74090,93,100,-7,7
74091,79,75,4,4
74092,181,154,27,27
74093,83,83,0,0
74094,119,122,-3,3
74095,71,75,-4,4
74096,77,79,-2,2
74097,104,124,-20,20
74098,72,84,-12,12
74099,68,77,-9,9
74100,98,102,-4,4
74101,57,84,-27,27
74102,80,111,-31,31
74103,73,78,-5,5
74104,191,173,18,18
74105,100,96,4,4
74106,132,120,12,12
74107,40,50,-10,10
74108,54,63,-9,9
74109,154,151,3,3
74110,139,137,2,2
74111,107,109,-2,2
74112,128,124,4,4
74113,133,128,5,5
74114,83,80,3,3
74115,63,94,-31,31
74116,81,86,-5,5
74117,163,157,6,6
74118,109,110,-1,1
74119,63,69,-6,6
74120,90,93,-3,3
74121,81,100,-19,19
74122,66,70,-4,4
74123,120,128,-8,8
74124,89,89,0,0
74125,67,76,-9,9
74126,85,96,-11,11
74127,78,86,-8,8
74128,75,85,-10,10
74129,198,183,15,15
74130,92,93,-1,1
74131,118,111,7,7
74132,57,67,-10,10
74133,155,151,4,4
74134,86,87,-1,1
74135,67,69,-2,2
74136,178,151,27,27
74137,68,77,-9,9
74138,85,90,-5,5
74139,79,90,-11,11
74140,93,89,4,4
74141,50,63,-13,13
74142,58,66,-8,8
74143,104,107,-3,3
74144,100,100,0,0
74145,201,180,21,21
74146,105,113,-8,8
74147,105,113,-8,8
74148,90,99,-9,9
74149,68,83,-15,15
74150,74,85,-11,11
74151,60,66,-6,6
74152,59,79,-20,20
74153,97,110,-13,13
74154,87,88,-1,1
74155,55,69,-14,14
74156,111,109,2,2
74157,119,109,10,10
74158,115,124,-9,9
74159,59,64,-5,5
74160,61,69,-8,8
74161,30,62,-32,32
74162,96,96,0,0
74163,131,122,9,9
74164,183,177,6,6
74165,161,166,-5,5
74166,146,147,-1,1
74167,200,184,16,16
74168,100,105,-5,5
74169,114,114,0,0
74170,108,110,-2,2
74171,73,77,-4,4
74172,75,75,0,0
74173,72,78,-6,6
74174,143,151,-8,8
74175,101,96,5,5
74176,66,74,-8,8
74177,164,150,14,14
74178,85,91,-6,6
74179,88,90,-2,2
74180,98,104,-6,6
74181,54,102,-48,48
74182,95,102,-7,7
74183,64,75,-11,11
74184,144,144,0,0
74185,105,107,-2,2
74186,102,112,-10,10
74187,114,99,15,15
74188,54,63,-9,9
74189,112,108,4,4
74190,181,162,19,19
74191,110,107,3,3
74192,75,75,0,0
74193,51,68,-17,17
74194,98,100,-2,2
74195,85,94,-9,9
74196,54,69,-15,15
74197,57,70,-13,13
74198,77,93,-16,16
74199,66,85,-19,19
74200,84,82,2,2
74201,102,111,-9,9
74202,124,129,-5,5
74203,129,127,2,2
74204,195,191,4,4
74205,111,116,-5,5
74206,109,122,-13,13
74207,68,72,-4,4
74208,57,63,-6,6
74209,76,94,-18,18
74210,99,100,-1,1
74211,78,90,-12,12
74212,124,133,-9,9
74213,83,82,1,1
74214,82,83,-1,1
74215,73,77,-4,4
74216,66,75,-9,9
74217,102,106,-4,4
74218,107,119,-12,12
74219,101,102,-1,1
74220,119,126,-7,7
74221,120,134,-14,14
74222,69,80,-11,11
74223,80,103,-23,23
74224,113,114,-1,1
74225,63,75,-12,12
74226,94,91,3,3
74227,146,149,-3,3
74228,109,111,-2,2
74229,117,111,6,6
74230,66,74,-8,8
74231,151,134,17,17
74232,60,63,-3,3
74233,146,159,-13,13
74234,135,139,-4,4
74235,90,88,2,2
74236,48,65,-17,17
74237,71,77,-6,6
74238,155,154,1,1
74239,86,81,5,5
74240,111,127,-16,16
74241,96,98,-2,2
74242,137,151,-14,14
74243,81,90,-9,9
74244,60,70,-10,10
74245,83,99,-16,16
74246,106,114,-8,8
74247,67,77,-10,10
74248,52,61,-9,9
74249,104,103,1,1
74250,73,87,-14,14
74251,87,91,-4,4
74252,148,151,-3,3
74253,77,78,-1,1
74254,92,97,-5,5
74255,201,190,11,11
74256,50,60,-10,10
74257,149,146,3,3
74258,150,136,14,14
74259,89,102,-13,13
74260,131,129,2,2
74261,73,75,-2,2
74262,83,95,-12,12
74263,155,153,2,2
74264,80,70,10,10
74265,128,130,-2,2
74266,59,66,-7,7
74267,85,100,-15,15
74268,87,110,-23,23
74269,85,89,-4,4
74270,72,74,-2,2
74271,72,85,-13,13
74272,56,65,-9,9
74273,127,131,-4,4
74274,73,76,-3,3
74275,94,86,8,8
74276,72,74,-2,2
74277,48,55,-7,7
74278,130,120,10,10
74279,103,96,7,7
74280,96,87,9,9
74281,140,142,-2,2
74282,63,74,-11,11
74283,61,69,-8,8
74284,78,82,-4,4
74285,75,77,-2,2
74286,81,91,-10,10
74287,79,88,-9,9
74288,94,101,-7,7
74289,117,120,-3,3
74290,59,65,-6,6
74291,84,86,-2,2
74292,149,143,6,6
74293,109,116,-7,7
74294,46,62,-16,16
74295,131,122,9,9
74296,118,114,4,4
74297,83,98,-15,15
74298,68,92,-24,24
74299,70,91,-21,21
74300,49,59,-10,10
74301,73,77,-4,4
74302,132,139,-7,7
74303,93,90,3,3
74304,159,162,-3,3
74305,107,113,-6,6
74306,185,167,18,18
74307,143,141,2,2
74308,60,74,-14,14
74309,78,83,-5,5
74310,106,111,-5,5
74311,98,91,7,7
74312,101,93,8,8
74313,39,63,-24,24
74314,104,109,-5,5
74315,51,70,-19,19
74316,88,87,1,1
74317,83,88,-5,5
74318,116,133,-17,17
74319,59,65,-6,6
74320,88,90,-2,2
74321,206,176,30,30
74322,147,128,19,19
74323,40,58,-18,18
74324,45,57,-12,12
74325,89,94,-5,5
74326,146,140,6,6
74327,76,88,-12,12
74328,92,82,10,10
74329,35,49,-14,14
74330,77,98,-21,21
74331,104,115,-11,11
74332,97,95,2,2
74333,135,132,3,3
74334,63,70,-7,7
74335,54,65,-11,11
74336,117,125,-8,8
74337,79,83,-4,4
74338,64,75,-11,11
74339,63,70,-7,7
74340,63,70,-7,7
74341,80,88,-8,8
74342,136,135,1,1
74343,106,99,7,7
74344,76,81,-5,5
74345,80,84,-4,4
74346,126,125,1,1
74347,96,96,0,0
74348,56,60,-4,4
74349,124,127,-3,3
74350,137,136,1,1
74351,63,71,-8,8
74352,59,71,-12,12
74353,102,103,-1,1
74354,41,49,-8,8
74355,84,92,-8,8
74356,99,104,-5,5
74357,108,119,-11,11
74358,125,129,-4,4
74359,115,115,0,0
74360,84,89,-5,5
74361,100,109,-9,9
74362,128,131,-3,3
74363,60,67,-7,7
74364,77,88,-11,11
74365,63,67,-4,4
74366,90,105,-15,15
74367,64,79,-15,15
74368,61,58,3,3
74369,99,111,-12,12
74370,97,106,-9,9
74371,65,62,3,3
74372,99,105,-6,6
74373,181,167,14,14
74374,83,92,-9,9
74375,102,107,-5,5
74376,136,146,-10,10
74377,56,62,-6,6
74378,132,128,4,4
74379,76,83,-7,7
74380,101,101,0,0
74381,110,99,11,11
74382,51,57,-6,6
74383,60,72,-12,12
74384,127,130,-3,3
74385,81,113,-32,32
74386,59,71,-12,12
74387,82,88,-6,6
74388,103,100,3,3
74389,99,102,-3,3
74390,50,52,-2,2
74391,85,104,-19,19
74392,67,66,1,1
74393,125,124,1,1
74394,93,94,-1,1
74395,116,115,1,1
74396,68,83,-15,15
74397,77,83,-6,6
74398,95,100,-5,5
74399,59,74,-15,15
74400,111,103,8,8
74401,79,89,-10,10
74402,84,95,-11,11
74403,89,100,-11,11
74404,164,161,3,3
74405,72,78,-6,6
74406,78,88,-10,10
74407,149,157,-8,8
74408,95,86,9,9
74409,85,84,1,1
74410,96,101,-5,5
74411,72,72,0,0
74412,112,105,7,7
74413,77,82,-5,5
74414,40,52,-12,12
74415,110,114,-4,4
74416,59,78,-19,19
74417,107,108,-1,1
74418,66,82,-16,16
74419,87,88,-1,1
74420,72,79,-7,7
74421,85,95,-10,10
74422,49,58,-9,9
74423,72,84,-12,12
74424,156,187,-31,31
74425,75,68,7,7
74426,83,85,-2,2
74427,107,110,-3,3
74428,97,95,2,2
74429,108,105,3,3
74430,89,85,4,4
74431,103,119,-16,16
74432,133,138,-5,5
74433,56,60,-4,4
74434,77,84,-7,7
74435,88,93,-5,5
74436,106,114,-8,8
74437,134,140,-6,6
74438,81,93,-12,12
74439,126,125,1,1
74440,69,79,-10,10
74441,120,163,-43,43
74442,121,124,-3,3
74443,62,69,-7,7
74444,85,86,-1,1
74445,93,95,-2,2
74446,111,112,-1,1
74447,99,119,-20,20
74448,50,61,-11,11
74449,98,113,-15,15
74450,83,81,2,2
74451,94,109,-15,15
74452,144,144,0,0
74453,49,62,-13,13
74454,46,52,-6,6
74455,87,98,-11,11
74456,80,92,-12,12
74457,150,131,19,19
74458,67,79,-12,12
74459,39,49,-10,10
74460,82,86,-4,4
74461,76,85,-9,9
74462,56,65,-9,9
74463,33,53,-20,20
74464,95,96,-1,1
74465,67,65,2,2
74466,87,97,-10,10
74467,101,100,1,1
74468,62,71,-9,9
74469,62,83,-21,21
74470,93,91,2,2
74471,71,68,3,3
74472,79,87,-8,8
74473,86,89,-3,3
74474,70,80,-10,10
74475,117,115,2,2
74476,51,70,-19,19
74477,168,163,5,5
74478,120,114,6,6
74479,99,98,1,1
74480,73,86,-13,13
74481,120,124,-4,4
74482,136,131,5,5
74483,57,88,-31,31
74484,89,89,0,0
74485,89,104,-15,15
74486,81,91,-10,10
74487,72,69,3,3
74488,104,103,1,1
74489,141,136,5,5
74490,79,83,-4,4
74491,167,159,8,8
74492,86,90,-4,4
74493,138,126,12,12
74494,66,75,-9,9
74495,59,67,-8,8
74496,110,124,-14,14
74497,82,81,1,1
74498,92,98,-6,6
74499,62,64,-2,2
74500,82,81,1,1
74501,62,76,-14,14
74502,94,93,1,1
74503,135,153,-18,18
74504,227,245,-18,18
74505,85,88,-3,3
74506,74,88,-14,14
74507,106,141,-35,35
74508,52,63,-11,11
74509,96,115,-19,19
74510,97,104,-7,7
74511,143,144,-1,1
74512,84,76,8,8
74513,77,73,4,4
74514,49,59,-10,10
74515,116,114,2,2
74516,67,100,-33,33
74517,74,87,-13,13
74518,83,89,-6,6
74519,77,82,-5,5
74520,113,116,-3,3
74521,125,122,3,3
74522,59,69,-10,10
74523,62,72,-10,10
74524,148,148,0,0
74525,56,70,-14,14
74526,85,103,-18,18
74527,158,147,11,11
74528,79,91,-12,12
74529,87,86,1,1
74530,115,141,-26,26
74531,62,68,-6,6
74532,78,82,-4,4
74533,107,101,6,6
74534,129,126,3,3
74535,109,106,3,3
74536,46,60,-14,14
74537,73,75,-2,2
74538,47,53,-6,6
74539,57,71,-14,14
74540,136,143,-7,7
74541,74,77,-3,3
74542,73,79,-6,6
74543,117,118,-1,1
74544,64,60,4,4
74545,65,79,-14,14
74546,61,70,-9,9
74547,40,59,-19,19
74548,84,86,-2,2
74549,96,100,-4,4
74550,108,103,5,5
74551,148,147,1,1
74552,111,111,0,0
74553,131,137,-6,6
74554,55,69,-14,14
74555,132,129,3,3
74556,156,131,25,25
74557,68,72,-4,4
74558,109,101,8,8
74559,65,66,-1,1
74560,78,76,2,2
74561,136,127,9,9
74562,190,193,-3,3
74563,157,156,1,1
74564,110,115,-5,5
74565,50,66,-16,16
74566,123,133,-10,10
74567,127,122,5,5
74568,88,95,-7,7
74569,116,116,0,0
74570,85,96,-11,11
74571,116,116,0,0
74572,181,168,13,13
74573,87,97,-10,10
74574,135,142,-7,7
74575,64,82,-18,18
74576,92,94,-2,2
74577,59,70,-11,11
74578,81,78,3,3
74579,71,76,-5,5
74580,130,143,-13,13
74581,96,91,5,5
74582,86,86,0,0
74583,107,130,-23,23
74584,118,116,2,2
74585,93,100,-7,7
74586,88,98,-10,10
74587,54,69,-15,15
74588,101,109,-8,8
74589,58,69,-11,11
74590,109,105,4,4
74591,106,117,-11,11
74592,139,139,0,0
74593,50,64,-14,14
74594,168,167,1,1
74595,115,121,-6,6
74596,70,80,-10,10
74597,92,92,0,0
74598,133,131,2,2
74599,74,81,-7,7
74600,159,164,-5,5
74601,120,128,-8,8
74602,84,107,-23,23
74603,103,111,-8,8
74604,183,154,29,29
74605,139,131,8,8
74606,86,80,6,6
74607,82,90,-8,8
74608,61,78,-17,17
74609,123,107,16,16
74610,87,94,-7,7
74611,135,139,-4,4
74612,99,97,2,2
74613,74,79,-5,5
74614,74,85,-11,11
74615,139,139,0,0
74616,85,89,-4,4
74617,70,82,-12,12
74618,106,106,0,0
74619,123,124,-1,1
74620,100,106,-6,6
74621,61,69,-8,8
74622,92,97,-5,5
74623,132,138,-6,6
74624,59,70,-11,11
74625,226,207,19,19
74626,84,83,1,1
74627,165,169,-4,4
74628,83,96,-13,13
74629,115,117,-2,2
74630,159,145,14,14
74631,93,90,3,3
74632,126,136,-10,10
74633,51,59,-8,8
74634,118,117,1,1
74635,80,76,4,4
74636,161,151,10,10
74637,91,94,-3,3
74638,83,89,-6,6
74639,91,96,-5,5
74640,234,213,21,21
74641,78,79,-1,1
74642,101,102,-1,1
74643,72,78,-6,6
74644,92,84,8,8
74645,44,66,-22,22
74646,76,85,-9,9
74647,106,105,1,1
74648,119,113,6,6
74649,111,100,11,11
74650,111,120,-9,9
74651,105,101,4,4
74652,62,73,-11,11
74653,113,119,-6,6
74654,94,102,-8,8
74655,155,150,5,5
74656,59,65,-6,6
74657,86,101,-15,15
74658,61,68,-7,7
74659,198,185,13,13
74660,83,89,-6,6
74661,50,67,-17,17
74662,126,123,3,3
74663,95,93,2,2
74664,95,91,4,4
74665,24,43,-19,19
74666,90,99,-9,9
74667,47,53,-6,6
74668,64,81,-17,17
74669,107,114,-7,7
74670,94,90,4,4
74671,77,84,-7,7
74672,111,129,-18,18
74673,107,110,-3,3
74674,33,47,-14,14
74675,73,78,-5,5
74676,63,71,-8,8
74677,90,100,-10,10
74678,89,175,-86,86
74679,79,80,-1,1
74680,128,129,-1,1
74681,91,94,-3,3
74682,114,114,0,0
74683,103,101,2,2
74684,61,58,3,3
74685,122,134,-12,12
74686,114,114,0,0
74687,143,142,1,1
74688,75,81,-6,6
74689,66,69,-3,3
74690,90,96,-6,6
74691,108,98,10,10
74692,74,83,-9,9
74693,137,138,-1,1
74694,121,114,7,7
74695,85,109,-24,24
74696,47,60,-13,13
74697,51,70,-19,19
74698,79,78,1,1
74699,80,84,-4,4
74700,111,111,0,0
74701,126,137,-11,11
74702,37,49,-12,12
74703,87,90,-3,3
74704,102,107,-5,5
74705,73,81,-8,8
74706,81,97,-16,16
74707,85,78,7,7
74708,127,126,1,1
74709,127,119,8,8
74710,93,109,-16,16
74711,122,125,-3,3
74712,175,156,19,19
74713,96,100,-4,4
74714,88,91,-3,3
74715,162,144,18,18
74716,124,138,-14,14
74717,42,49,-7,7
74718,90,94,-4,4
74719,91,98,-7,7
74720,129,129,0,0
74721,53,64,-11,11
74722,75,83,-8,8
74723,88,94,-6,6
74724,70,72,-2,2
74725,185,177,8,8
74726,105,107,-2,2
74727,128,121,7,7
74728,103,107,-4,4
74729,100,109,-9,9
74730,71,78,-7,7
74731,157,141,16,16
74732,103,114,-11,11
74733,118,121,-3,3
74734,140,172,-32,32
74735,102,107,-5,5
74736,71,75,-4,4
74737,143,146,-3,3
74738,58,70,-12,12
74739,96,106,-10,10
74740,112,116,-4,4
74741,85,90,-5,5
74742,92,107,-15,15
74743,81,92,-11,11
74744,102,106,-4,4
74745,43,66,-23,23
74746,87,87,0,0
74747,118,119,-1,1
74748,85,80,5,5
74749,100,107,-7,7
74750,83,97,-14,14
74751,83,77,6,6
74752,89,91,-2,2
74753,50,63,-13,13
74754,134,134,0,0
74755,65,67,-2,2
74756,72,83,-11,11
74757,75,77,-2,2
74758,78,83,-5,5
74759,81,93,-12,12
74760,105,116,-11,11
74761,67,70,-3,3
74762,136,79,57,57
74763,86,106,-20,20
74764,139,136,3,3
74765,78,83,-5,5
74766,38,48,-10,10
74767,78,81,-3,3
74768,59,63,-4,4
74769,91,91,0,0
74770,152,153,-1,1
74771,148,157,-9,9
74772,108,108,0,0
74773,77,79,-2,2
74774,83,83,0,0
74775,89,90,-1,1
74776,104,101,3,3
74777,117,122,-5,5
74778,151,147,4,4
74779,45,60,-15,15
74780,60,62,-2,2
74781,125,129,-4,4
74782,41,52,-11,11
74783,49,59,-10,10
74784,140,138,2,2
74785,90,99,-9,9
74786,93,100,-7,7
74787,100,92,8,8
74788,125,121,4,4
74789,114,119,-5,5
74790,128,130,-2,2
74791,60,67,-7,7
74792,191,181,10,10
74793,140,144,-4,4
74794,82,106,-24,24
74795,76,77,-1,1
74796,117,119,-2,2
74797,83,92,-9,9
74798,82,86,-4,4
74799,122,132,-10,10
74800,60,70,-10,10
74801,117,118,-1,1
74802,96,97,-1,1
74803,115,117,-2,2
74804,134,136,-2,2
74805,109,114,-5,5
74806,91,90,1,1
74807,72,82,-10,10
74808,96,98,-2,2
74809,80,87,-7,7
74810,71,80,-9,9
74811,95,90,5,5
74812,101,105,-4,4
74813,67,72,-5,5
74814,87,101,-14,14
74815,89,96,-7,7
74816,62,71,-9,9
74817,126,152,-26,26
74818,78,89,-11,11
74819,100,107,-7,7
74820,96,98,-2,2
74821,100,103,-3,3
74822,59,70,-11,11
74823,93,94,-1,1
74824,120,124,-4,4
74825,70,78,-8,8
74826,46,55,-9,9
74827,153,147,6,6
74828,91,98,-7,7
74829,94,100,-6,6
74830,74,94,-20,20
74831,87,82,5,5
74832,76,82,-6,6
74833,56,66,-10,10
74834,104,126,-22,22
74835,126,125,1,1
74836,115,117,-2,2
74837,107,116,-9,9
74838,41,61,-20,20
74839,75,76,-1,1
74840,76,91,-15,15
74841,75,85,-10,10
74842,50,62,-12,12
74843,118,120,-2,2
74844,131,130,1,1
74845,92,138,-46,46
74846,113,109,4,4
74847,126,117,9,9
74848,65,79,-14,14
74849,128,127,1,1
74850,89,95,-6,6
74851,100,94,6,6
74852,85,87,-2,2
74853,166,152,14,14
74854,100,118,-18,18
74855,119,123,-4,4
74856,72,78,-6,6
74857,78,84,-6,6
74858,70,69,1,1
74859,84,90,-6,6
74860,56,62,-6,6
74861,18,43,-25,25
74862,75,83,-8,8
74863,107,120,-13,13
74864,86,86,0,0
74865,128,133,-5,5
74866,99,109,-10,10
74867,69,82,-13,13
74868,130,126,4,4
74869,127,129,-2,2
74870,188,180,8,8
74871,99,108,-9,9
74872,83,87,-4,4
74873,105,92,13,13
74874,56,69,-13,13
74875,84,90,-6,6
74876,43,58,-15,15
74877,104,122,-18,18
74878,93,99,-6,6
74879,111,121,-10,10
74880,106,120,-14,14
74881,77,81,-4,4
74882,74,76,-2,2
74883,138,139,-1,1
74884,47,56,-9,9
74885,158,154,4,4
74886,111,117,-6,6
74887,84,93,-9,9
74888,129,141,-12,12
74889,76,87,-11,11
74890,84,87,-3,3
74891,67,73,-6,6
74892,61,63,-2,2
74893,107,103,4,4
74894,79,75,4,4
74895,112,126,-14,14
74896,53,62,-9,9
74897,84,89,-5,5
74898,46,55,-9,9
74899,115,113,2,2
74900,48,52,-4,4
74901,51,59,-8,8
74902,73,90,-17,17
74903,81,106,-25,25
74904,53,63,-10,10
74905,144,145,-1,1
74906,93,94,-1,1
74907,63,81,-18,18
74908,47,52,-5,5
74909,117,110,7,7
74910,172,131,41,41
74911,57,71,-14,14
74912,143,142,1,1
74913,108,119,-11,11
74914,140,133,7,7
74915,70,76,-6,6
74916,96,99,-3,3
74917,107,115,-8,8
74918,116,116,0,0
74919,120,123,-3,3
74920,60,61,-1,1
74921,77,89,-12,12
74922,112,118,-6,6
74923,97,114,-17,17
74924,183,186,-3,3
74925,95,98,-3,3
74926,92,94,-2,2
74927,76,97,-21,21
74928,99,107,-8,8
74929,85,86,-1,1
74930,76,87,-11,11
74931,93,97,-4,4
74932,50,65,-15,15
74933,55,67,-12,12
74934,88,92,-4,4
74935,97,115,-18,18
74936,83,89,-6,6
74937,54,59,-5,5
74938,86,89,-3,3
74939,77,90,-13,13
74940,282,329,-47,47
74941,136,136,0,0
74942,91,88,3,3
74943,150,164,-14,14
74944,66,76,-10,10
74945,71,84,-13,13
74946,87,91,-4,4
74947,87,98,-11,11
74948,119,124,-5,5
74949,148,139,9,9
74950,117,116,1,1
74951,85,93,-8,8
74952,97,99,-2,2
74953,49,64,-15,15
74954,103,114,-11,11
74955,38,48,-10,10
74956,86,102,-16,16
74957,49,55,-6,6
74958,103,104,-1,1
74959,103,133,-30,30
74960,45,55,-10,10
74961,103,107,-4,4
74962,83,85,-2,2
74963,95,94,1,1
74964,60,75,-15,15
74965,102,109,-7,7
74966,138,148,-10,10
74967,83,86,-3,3
74968,95,102,-7,7
74969,96,99,-3,3
74970,150,152,-2,2
74971,53,58,-5,5
74972,133,120,13,13
74973,45,57,-12,12
74974,50,57,-7,7
74975,35,94,-59,59
74976,103,97,6,6
74977,58,64,-6,6
74978,72,83,-11,11
74979,100,113,-13,13
74980,95,94,1,1
74981,109,105,4,4
74982,57,75,-18,18
74983,68,91,-23,23
74984,89,93,-4,4
74985,129,126,3,3
74986,118,122,-4,4
74987,114,117,-3,3
74988,112,112,0,0
74989,103,104,-1,1
74990,95,98,-3,3
74991,130,140,-10,10
74992,95,91,4,4
74993,129,130,-1,1
74994,84,88,-4,4
74995,103,114,-11,11
74996,146,145,1,1
74997,84,98,-14,14
74998,143,139,4,4
74999,84,96,-12,12
75000,69,83,-14,14
75001,94,107,-13,13
75002,56,79,-23,23
75003,133,139,-6,6
75004,49,68,-19,19
75005,58,60,-2,2
75006,122,113,9,9
75007,117,118,-1,1
75008,87,88,-1,1
75009,113,117,-4,4
75010,60,71,-11,11
75011,65,72,-7,7
75012,103,105,-2,2
75013,152,141,11,11
75014,121,124,-3,3
75015,119,117,2,2
75016,47,61,-14,14
75017,113,111,2,2
75018,101,106,-5,5
75019,73,88,-15,15
75020,88,104,-16,16
75021,156,142,14,14
75022,99,97,2,2
75023,86,93,-7,7
75024,101,110,-9,9
75025,91,96,-5,5
75026,59,67,-8,8
75027,72,80,-8,8
75028,111,102,9,9
75029,108,109,-1,1
75030,78,85,-7,7
75031,63,80,-17,17
75032,97,105,-8,8
75033,76,81,-5,5
75034,94,108,-14,14
75035,83,86,-3,3
75036,72,77,-5,5
75037,113,105,8,8
75038,126,124,2,2
75039,86,104,-18,18
75040,67,67,0,0
75041,149,145,4,4
75042,89,88,1,1
75043,115,107,8,8
75044,111,103,8,8
75045,135,142,-7,7
75046,54,66,-12,12
75047,123,133,-10,10
75048,82,96,-14,14
75049,26,47,-21,21
75050,66,72,-6,6
75051,117,110,7,7
75052,135,149,-14,14
75053,70,72,-2,2
75054,59,66,-7,7
75055,141,143,-2,2
75056,64,69,-5,5
75057,126,131,-5,5
75058,97,98,-1,1
75059,54,62,-8,8
75060,99,99,0,0
75061,138,133,5,5
75062,130,139,-9,9
75063,111,97,14,14
75064,81,86,-5,5
75065,97,100,-3,3
75066,146,146,0,0
75067,92,90,2,2
75068,68,63,5,5
75069,70,80,-10,10
75070,79,78,1,1
75071,57,71,-14,14
75072,70,75,-5,5
75073,52,66,-14,14
75074,82,95,-13,13
75075,72,81,-9,9
75076,86,87,-1,1
75077,124,116,8,8
75078,71,76,-5,5
75079,75,71,4,4
75080,111,107,4,4
75081,85,81,4,4
75082,77,82,-5,5
75083,116,120,-4,4
75084,121,134,-13,13
75085,63,68,-5,5
75086,65,67,-2,2
75087,92,102,-10,10
75088,115,113,2,2
75089,62,67,-5,5
75090,90,92,-2,2
75091,50,60,-10,10
75092,81,91,-10,10
75093,33,46,-13,13
75094,141,136,5,5
75095,51,60,-9,9
75096,32,53,-21,21
75097,89,108,-19,19
75098,117,122,-5,5
75099,97,109,-12,12
75100,92,89,3,3
75101,71,77,-6,6
75102,76,84,-8,8
75103,42,57,-15,15
75104,84,98,-14,14
75105,87,99,-12,12
75106,153,147,6,6
75107,91,98,-7,7
75108,59,88,-29,29
75109,69,76,-7,7
75110,109,102,7,7
75111,115,113,2,2
75112,169,170,-1,1
75113,67,76,-9,9
75114,96,100,-4,4
75115,94,97,-3,3
75116,173,149,24,24
75117,96,98,-2,2
75118,127,111,16,16
75119,58,65,-7,7
75120,69,73,-4,4
75121,68,75,-7,7
75122,141,142,-1,1
75123,110,137,-27,27
75124,46,97,-51,51
75125,56,123,-67,67
75126,99,109,-10,10
75127,117,113,4,4
75128,53,62,-9,9
75129,92,97,-5,5
75130,100,115,-15,15
75131,100,94,6,6
75132,92,105,-13,13
75133,67,71,-4,4
75134,148,136,12,12
75135,122,129,-7,7
75136,162,155,7,7
75137,86,93,-7,7
75138,165,150,15,15
75139,106,97,9,9
75140,84,105,-21,21
75141,97,101,-4,4
75142,61,71,-10,10
75143,187,189,-2,2
75144,153,163,-10,10
75145,57,71,-14,14
75146,101,106,-5,5
75147,154,133,21,21
75148,108,110,-2,2
75149,55,61,-6,6
75150,113,107,6,6
75151,55,62,-7,7
75152,101,101,0,0
75153,91,101,-10,10
75154,89,95,-6,6
75155,96,93,3,3
75156,52,70,-18,18
75157,54,63,-9,9
75158,69,76,-7,7
75159,95,114,-19,19
75160,88,86,2,2
75161,126,127,-1,1
75162,82,97,-15,15
75163,76,88,-12,12
75164,112,109,3,3
75165,117,117,0,0
75166,113,115,-2,2
75167,97,97,0,0
75168,98,104,-6,6
75169,83,86,-3,3
75170,76,77,-1,1
75171,80,82,-2,2
75172,111,114,-3,3
75173,135,131,4,4
75174,62,72,-10,10
75175,140,139,1,1
75176,68,77,-9,9
75177,141,143,-2,2
75178,53,69,-16,16
75179,140,144,-4,4
75180,74,76,-2,2
75181,70,77,-7,7
75182,78,94,-16,16
75183,103,105,-2,2
75184,97,100,-3,3
75185,75,81,-6,6
75186,143,146,-3,3
75187,163,158,5,5
75188,71,75,-4,4
75189,58,62,-4,4
75190,69,74,-5,5
75191,72,80,-8,8
75192,158,158,0,0
75193,93,105,-12,12
75194,80,85,-5,5
75195,142,136,6,6
75196,46,70,-24,24
75197,76,78,-2,2
75198,129,166,-37,37
75199,82,86,-4,4
75200,146,139,7,7
75201,93,96,-3,3
75202,113,110,3,3
75203,142,153,-11,11
75204,72,75,-3,3
75205,74,78,-4,4
75206,88,110,-22,22
75207,105,116,-11,11
75208,110,122,-12,12
75209,83,88,-5,5
75210,27,61,-34,34
75211,136,135,1,1
75212,81,85,-4,4
75213,98,98,0,0
75214,120,119,1,1
75215,92,89,3,3
75216,145,148,-3,3
75217,137,138,-1,1
75218,103,114,-11,11
75219,121,136,-15,15
75220,54,73,-19,19
75221,112,113,-1,1
75222,76,85,-9,9
75223,89,92,-3,3
75224,160,136,24,24
75225,28,50,-22,22
75226,76,77,-1,1
75227,165,162,3,3
75228,100,96,4,4
75229,152,149,3,3
75230,82,92,-10,10
75231,94,92,2,2
75232,60,68,-8,8
75233,125,125,0,0
75234,69,78,-9,9
75235,120,101,19,19
75236,91,95,-4,4
75237,96,94,2,2
75238,45,53,-8,8
75239,56,68,-12,12
75240,76,80,-4,4
75241,75,83,-8,8
75242,79,86,-7,7
75243,124,119,5,5
75244,106,105,1,1
75245,122,121,1,1
75246,51,67,-16,16
75247,69,75,-6,6
75248,85,97,-12,12
75249,115,150,-35,35
75250,115,109,6,6
75251,115,114,1,1
75252,60,74,-14,14
75253,76,81,-5,5
75254,32,48,-16,16
75255,79,85,-6,6
75256,44,52,-8,8
75257,58,68,-10,10
75258,130,125,5,5
75259,132,131,1,1
75260,79,85,-6,6
75261,92,101,-9,9
75262,144,147,-3,3
75263,54,67,-13,13
75264,133,125,8,8
75265,64,82,-18,18
75266,92,94,-2,2
75267,156,152,4,4
75268,58,67,-9,9
75269,82,78,4,4
75270,86,90,-4,4
75271,173,166,7,7
75272,94,95,-1,1
75273,60,73,-13,13
75274,108,110,-2,2
75275,126,128,-2,2
75276,56,64,-8,8
75277,98,107,-9,9
75278,92,87,5,5
75279,117,111,6,6
75280,52,56,-4,4
75281,94,94,0,0
75282,78,80,-2,2
75283,76,106,-30,30
75284,67,71,-4,4
75285,124,132,-8,8
75286,128,131,-3,3
75287,73,72,1,1
75288,62,65,-3,3
75289,100,112,-12,12
75290,130,139,-9,9
75291,61,71,-10,10
75292,262,235,27,27
75293,60,65,-5,5
75294,102,113,-11,11
75295,57,63,-6,6
75296,97,108,-11,11
75297,84,94,-10,10
75298,61,92,-31,31
75299,135,127,8,8
75300,104,93,11,11
75301,79,85,-6,6
75302,187,162,25,25
75303,62,66,-4,4
75304,94,96,-2,2
75305,94,109,-15,15
75306,94,92,2,2
75307,126,119,7,7
75308,126,118,8,8
75309,108,108,0,0
75310,60,59,1,1
75311,93,111,-18,18
75312,53,64,-11,11
75313,61,69,-8,8
75314,79,84,-5,5
75315,74,78,-4,4
75316,50,57,-7,7
75317,75,66,9,9
75318,40,55,-15,15
75319,47,56,-9,9
75320,78,86,-8,8
75321,51,62,-11,11
75322,97,103,-6,6
75323,54,60,-6,6
75324,100,107,-7,7
75325,91,94,-3,3
75326,48,63,-15,15
75327,46,57,-11,11
75328,153,151,2,2
75329,123,126,-3,3
75330,52,65,-13,13
75331,92,89,3,3
75332,71,86,-15,15
75333,141,129,12,12
75334,46,50,-4,4
75335,72,82,-10,10
75336,84,85,-1,1
75337,82,96,-14,14
75338,78,81,-3,3
75339,77,77,0,0
75340,93,88,5,5
75341,47,58,-11,11
75342,67,73,-6,6
75343,67,74,-7,7
75344,113,111,2,2
75345,179,172,7,7
75346,95,103,-8,8
75347,164,161,3,3
75348,45,59,-14,14
75349,127,121,6,6
75350,118,128,-10,10
75351,96,94,2,2
75352,57,63,-6,6
75353,151,150,1,1
75354,69,94,-25,25
75355,79,83,-4,4
75356,86,92,-6,6
75357,186,175,11,11
75358,147,140,7,7
75359,109,118,-9,9
75360,97,96,1,1
75361,110,111,-1,1
75362,69,72,-3,3
75363,65,78,-13,13
75364,119,115,4,4
75365,58,75,-17,17
75366,77,80,-3,3
75367,97,103,-6,6
75368,95,96,-1,1
75369,123,131,-8,8
75370,107,134,-27,27
75371,117,118,-1,1
75372,72,91,-19,19
75373,119,116,3,3
75374,103,106,-3,3
75375,129,133,-4,4
75376,83,84,-1,1
75377,248,252,-4,4
75378,93,90,3,3
75379,129,131,-2,2
75380,68,81,-13,13
75381,117,119,-2,2
75382,87,94,-7,7
75383,118,119,-1,1
75384,98,98,0,0
75385,103,112,-9,9
75386,69,76,-7,7
75387,110,109,1,1
75388,125,128,-3,3
75389,113,115,-2,2
75390,112,111,1,1
75391,81,80,1,1
75392,86,94,-8,8
75393,148,140,8,8
75394,102,99,3,3
75395,31,46,-15,15
75396,64,73,-9,9
75397,114,123,-9,9
75398,87,93,-6,6
75399,127,126,1,1
75400,91,102,-11,11
75401,74,74,0,0
75402,175,160,15,15
75403,223,176,47,47
75404,87,83,4,4
75405,67,72,-5,5
75406,59,67,-8,8
75407,104,98,6,6
75408,64,91,-27,27
75409,149,157,-8,8
75410,125,124,1,1
75411,45,55,-10,10
75412,93,103,-10,10
75413,86,93,-7,7
75414,80,82,-2,2
75415,73,72,1,1
75416,92,91,1,1
75417,120,143,-23,23
75418,126,122,4,4
75419,73,79,-6,6
75420,54,67,-13,13
75421,65,74,-9,9
75422,100,104,-4,4
75423,105,105,0,0
75424,85,84,1,1
75425,100,96,4,4
75426,81,91,-10,10
75427,67,74,-7,7
75428,174,169,5,5
75429,132,127,5,5
75430,127,108,19,19
75431,96,107,-11,11
75432,73,78,-5,5
75433,86,88,-2,2
75434,73,78,-5,5
75435,124,126,-2,2
75436,75,80,-5,5
75437,49,70,-21,21
75438,99,132,-33,33
75439,55,62,-7,7
75440,141,121,20,20
75441,62,78,-16,16
75442,75,84,-9,9
75443,99,102,-3,3
75444,97,98,-1,1
75445,104,112,-8,8
75446,96,96,0,0
75447,122,124,-2,2
75448,101,85,16,16
75449,109,115,-6,6
75450,111,115,-4,4
75451,99,97,2,2
75452,77,91,-14,14
75453,118,127,-9,9
75454,89,94,-5,5
75455,75,87,-12,12
75456,59,74,-15,15
75457,57,71,-14,14
75458,99,97,2,2
75459,88,84,4,4
75460,106,103,3,3
75461,101,111,-10,10
75462,131,128,3,3
75463,127,129,-2,2
75464,65,66,-1,1
75465,101,94,7,7
75466,140,137,3,3
75467,122,123,-1,1
75468,80,86,-6,6
75469,128,136,-8,8
75470,85,92,-7,7
75471,111,117,-6,6
75472,78,94,-16,16
75473,93,96,-3,3
75474,42,54,-12,12
75475,66,64,2,2
75476,95,103,-8,8
75477,90,79,11,11
75478,100,109,-9,9
75479,82,85,-3,3
75480,67,83,-16,16
75481,105,103,2,2
75482,110,108,2,2
75483,56,69,-13,13
75484,37,47,-10,10
75485,65,75,-10,10
75486,72,76,-4,4
75487,106,111,-5,5
75488,99,100,-1,1
75489,104,106,-2,2
75490,87,94,-7,7
75491,76,89,-13,13
75492,53,55,-2,2
75493,57,67,-10,10
75494,69,70,-1,1
75495,83,82,1,1
75496,56,72,-16,16
75497,78,84,-6,6
75498,95,109,-14,14
75499,78,81,-3,3
75500,74,79,-5,5
75501,82,108,-26,26
75502,95,96,-1,1
75503,85,90,-5,5
75504,63,73,-10,10
75505,124,126,-2,2
75506,67,70,-3,3
75507,112,120,-8,8
75508,94,99,-5,5
75509,69,73,-4,4
75510,121,134,-13,13
75511,82,90,-8,8
75512,111,111,0,0
75513,126,129,-3,3
75514,74,74,0,0
75515,81,84,-3,3
75516,100,104,-4,4
75517,148,139,9,9
75518,88,92,-4,4
75519,70,73,-3,3
75520,150,133,17,17
75521,88,90,-2,2
75522,28,43,-15,15
75523,93,93,0,0
75524,96,108,-12,12
75525,90,94,-4,4
75526,150,163,-13,13
75527,75,87,-12,12
75528,93,106,-13,13
75529,150,146,4,4
75530,123,108,15,15
75531,133,138,-5,5
75532,69,92,-23,23
75533,167,144,23,23
75534,46,55,-9,9
75535,92,99,-7,7
75536,54,62,-8,8
75537,154,142,12,12
75538,45,55,-10,10
75539,137,132,5,5
75540,115,111,4,4
75541,99,94,5,5
75542,93,94,-1,1
75543,83,86,-3,3
75544,115,109,6,6
75545,23,64,-41,41
75546,92,98,-6,6
75547,85,96,-11,11
75548,80,81,-1,1
75549,190,193,-3,3
75550,95,95,0,0
75551,153,138,15,15
75552,83,95,-12,12
75553,51,60,-9,9
75554,85,88,-3,3
75555,85,94,-9,9
75556,59,75,-16,16
75557,172,159,13,13
75558,53,61,-8,8
75559,128,120,8,8
75560,72,79,-7,7
75561,130,124,6,6
75562,54,66,-12,12
75563,145,126,19,19
75564,94,105,-11,11
75565,111,112,-1,1
75566,35,59,-24,24
75567,74,83,-9,9
75568,85,97,-12,12
75569,129,132,-3,3
75570,49,64,-15,15
75571,56,71,-15,15
75572,99,100,-1,1
75573,79,100,-21,21
75574,129,128,1,1
75575,74,82,-8,8
75576,78,94,-16,16
75577,70,78,-8,8
75578,157,174,-17,17
75579,98,106,-8,8
75580,66,75,-9,9
75581,75,83,-8,8
75582,76,79,-3,3
75583,94,106,-12,12
75584,100,96,4,4
75585,50,59,-9,9
75586,98,103,-5,5
75587,96,107,-11,11
75588,134,138,-4,4
75589,108,104,4,4
75590,212,205,7,7
75591,138,139,-1,1
75592,88,90,-2,2
75593,12,25,-13,13
75594,66,73,-7,7
75595,98,94,4,4
75596,110,111,-1,1
75597,75,78,-3,3
75598,146,155,-9,9
75599,176,183,-7,7
75600,91,90,1,1
75601,88,92,-4,4
75602,51,61,-10,10
75603,190,176,14,14
75604,128,125,3,3
75605,74,81,-7,7
75606,83,91,-8,8
75607,64,68,-4,4
75608,127,130,-3,3
75609,130,123,7,7
75610,95,93,2,2
75611,66,143,-77,77
75612,46,47,-1,1
75613,79,86,-7,7
75614,110,109,1,1
75615,116,119,-3,3
75616,68,81,-13,13
75617,70,93,-23,23
75618,59,80,-21,21
75619,107,99,8,8
75620,77,92,-15,15
75621,97,120,-23,23
75622,160,152,8,8
75623,130,142,-12,12
75624,60,67,-7,7
75625,104,103,1,1
75626,91,95,-4,4
75627,89,104,-15,15
75628,49,62,-13,13
75629,155,156,-1,1
75630,94,93,1,1
75631,146,146,0,0
75632,87,97,-10,10
75633,127,126,1,1
75634,79,91,-12,12
75635,93,97,-4,4
75636,121,128,-7,7
75637,74,75,-1,1
75638,113,117,-4,4
75639,163,153,10,10
75640,122,112,10,10
75641,118,129,-11,11
75642,56,66,-10,10
75643,129,123,6,6
75644,128,126,2,2
75645,159,151,8,8
75646,62,77,-15,15
75647,108,112,-4,4
75648,72,77,-5,5
75649,79,88,-9,9
75650,166,162,4,4
75651,62,77,-15,15
75652,144,149,-5,5
75653,129,125,4,4
75654,72,80,-8,8
75655,93,91,2,2
75656,86,99,-13,13
75657,126,123,3,3
75658,86,90,-4,4
75659,87,91,-4,4
75660,183,177,6,6
75661,68,74,-6,6
75662,80,81,-1,1
75663,63,79,-16,16
75664,61,72,-11,11
75665,103,108,-5,5
75666,46,60,-14,14
75667,107,103,4,4
75668,127,134,-7,7
75669,89,90,-1,1
75670,104,108,-4,4
75671,82,92,-10,10
75672,114,120,-6,6
75673,82,87,-5,5
75674,109,118,-9,9
75675,105,110,-5,5
75676,67,77,-10,10
75677,64,68,-4,4
75678,109,109,0,0
75679,50,60,-10,10
75680,49,63,-14,14
75681,89,96,-7,7
75682,163,156,7,7
75683,64,76,-12,12
75684,180,165,15,15
75685,73,126,-53,53
75686,155,149,6,6
75687,106,108,-2,2
75688,102,100,2,2
75689,142,145,-3,3
75690,62,69,-7,7
75691,93,102,-9,9
75692,125,113,12,12
75693,71,78,-7,7
75694,62,77,-15,15
75695,129,131,-2,2
75696,109,124,-15,15
75697,174,167,7,7
75698,103,110,-7,7
75699,124,117,7,7
75700,74,85,-11,11
75701,96,96,0,0
75702,112,112,0,0
75703,78,87,-9,9
75704,59,67,-8,8
75705,54,65,-11,11
75706,86,88,-2,2
75707,99,116,-17,17
75708,120,135,-15,15
75709,134,132,2,2
75710,141,132,9,9
75711,99,106,-7,7
75712,92,96,-4,4
75713,121,126,-5,5
75714,74,78,-4,4
75715,101,97,4,4
75716,14,96,-82,82
75717,80,83,-3,3
75718,88,88,0,0
75719,60,72,-12,12
75720,112,117,-5,5
75721,153,140,13,13
75722,108,110,-2,2
75723,98,103,-5,5
75724,78,100,-22,22
75725,115,145,-30,30
75726,71,74,-3,3
75727,129,133,-4,4
75728,56,67,-11,11
75729,68,72,-4,4
75730,80,84,-4,4
75731,110,123,-13,13
75732,86,101,-15,15
75733,139,141,-2,2
75734,125,122,3,3
75735,73,82,-9,9
75736,122,118,4,4
75737,99,103,-4,4
75738,78,80,-2,2
75739,150,141,9,9
75740,112,101,11,11
75741,95,101,-6,6
75742,85,87,-2,2
75743,67,78,-11,11
75744,91,91,0,0
75745,110,104,6,6
75746,88,78,10,10
75747,115,133,-18,18
75748,78,86,-8,8
75749,89,104,-15,15
75750,71,76,-5,5
75751,65,68,-3,3
75752,67,85,-18,18
75753,144,136,8,8
75754,98,105,-7,7
75755,78,80,-2,2
75756,130,136,-6,6
75757,75,85,-10,10
75758,83,85,-2,2
75759,72,75,-3,3
75760,106,106,0,0
75761,44,56,-12,12
75762,108,110,-2,2
75763,80,76,4,4
75764,98,109,-11,11
75765,97,99,-2,2
75766,124,140,-16,16
75767,96,93,3,3
75768,71,77,-6,6
75769,118,124,-6,6
75770,115,111,4,4
75771,88,90,-2,2
75772,104,109,-5,5
75773,75,73,2,2
75774,115,110,5,5
75775,94,87,7,7
75776,97,103,-6,6
75777,71,80,-9,9
75778,73,91,-18,18
75779,64,75,-11,11
75780,61,71,-10,10
75781,46,54,-8,8
75782,81,88,-7,7
75783,56,68,-12,12
75784,99,101,-2,2
75785,131,142,-11,11
75786,75,97,-22,22
75787,74,75,-1,1
75788,111,110,1,1
75789,136,131,5,5
75790,81,84,-3,3
75791,50,61,-11,11
75792,95,98,-3,3
75793,108,121,-13,13
75794,62,111,-49,49
75795,78,84,-6,6
75796,92,91,1,1
75797,42,55,-13,13
75798,102,112,-10,10
75799,104,112,-8,8
75800,55,73,-18,18
75801,69,81,-12,12
75802,90,98,-8,8
75803,63,78,-15,15
75804,101,107,-6,6
75805,43,52,-9,9
75806,69,80,-11,11
75807,109,111,-2,2
75808,142,146,-4,4
75809,140,141,-1,1
75810,67,75,-8,8
75811,62,70,-8,8
75812,114,106,8,8
75813,107,110,-3,3
75814,85,109,-24,24
75815,167,163,4,4
75816,163,167,-4,4
75817,85,92,-7,7
75818,73,87,-14,14
75819,109,110,-1,1
75820,61,72,-11,11
75821,77,87,-10,10
75822,207,182,25,25
75823,99,105,-6,6
75824,182,174,8,8
75825,99,103,-4,4
75826,83,90,-7,7
75827,75,85,-10,10
75828,139,140,-1,1
75829,47,55,-8,8
75830,65,85,-20,20
75831,143,123,20,20
75832,73,81,-8,8
75833,79,88,-9,9
75834,85,82,3,3
75835,88,96,-8,8
75836,141,135,6,6
75837,71,102,-31,31
75838,96,99,-3,3
75839,153,144,9,9
75840,133,122,11,11
75841,80,90,-10,10
75842,171,178,-7,7
75843,125,135,-10,10
75844,91,90,1,1
75845,61,71,-10,10
75846,131,122,9,9
75847,136,123,13,13
75848,58,66,-8,8
75849,93,94,-1,1
75850,88,95,-7,7
75851,68,75,-7,7
75852,129,131,-2,2
75853,127,118,9,9
75854,98,145,-47,47
75855,87,92,-5,5
75856,84,92,-8,8
75857,51,88,-37,37
75858,72,77,-5,5
75859,144,140,4,4
75860,96,99,-3,3
75861,61,64,-3,3
75862,86,89,-3,3
75863,78,80,-2,2
75864,51,68,-17,17
75865,151,147,4,4
75866,109,109,0,0
75867,108,121,-13,13
75868,80,81,-1,1
75869,67,66,1,1
75870,125,142,-17,17
75871,75,78,-3,3
75872,176,175,1,1
75873,105,110,-5,5
75874,82,93,-11,11
75875,146,146,0,0
75876,49,98,-49,49
75877,68,90,-22,22
75878,119,124,-5,5
75879,40,49,-9,9
75880,118,122,-4,4
75881,65,70,-5,5
75882,92,103,-11,11
75883,69,71,-2,2
75884,110,110,0,0
75885,94,95,-1,1
75886,152,175,-23,23
75887,118,122,-4,4
75888,72,79,-7,7
75889,141,134,7,7
75890,43,55,-12,12
75891,122,117,5,5
75892,73,80,-7,7
75893,92,94,-2,2
75894,101,119,-18,18
75895,66,81,-15,15
75896,70,72,-2,2
75897,43,53,-10,10
75898,84,81,3,3
75899,83,100,-17,17
75900,71,75,-4,4
75901,97,94,3,3
75902,116,115,1,1
75903,107,121,-14,14
75904,152,145,7,7
75905,130,149,-19,19
75906,49,58,-9,9
75907,111,108,3,3
75908,124,112,12,12
75909,75,79,-4,4
75910,112,132,-20,20
75911,111,122,-11,11
75912,97,103,-6,6
75913,47,52,-5,5
75914,114,103,11,11
75915,107,112,-5,5
75916,93,98,-5,5
75917,107,107,0,0
75918,114,120,-6,6
75919,124,138,-14,14
75920,133,123,10,10
75921,64,69,-5,5
75922,80,89,-9,9
75923,155,142,13,13
75924,98,112,-14,14
75925,82,77,5,5
75926,50,59,-9,9
75927,64,70,-6,6
75928,97,104,-7,7
75929,123,117,6,6
75930,46,61,-15,15
75931,78,76,2,2
75932,122,123,-1,1
75933,181,159,22,22
75934,64,77,-13,13
75935,56,66,-10,10
75936,72,87,-15,15
75937,141,138,3,3
75938,126,123,3,3
75939,71,71,0,0
75940,81,77,4,4
75941,137,136,1,1
75942,91,94,-3,3
75943,117,112,5,5
75944,160,159,1,1
75945,101,94,7,7
75946,55,71,-16,16
75947,104,110,-6,6
75948,72,79,-7,7
75949,165,158,7,7
75950,74,75,-1,1
75951,72,82,-10,10
75952,138,122,16,16
75953,87,91,-4,4
75954,66,71,-5,5
75955,78,87,-9,9
75956,80,81,-1,1
75957,111,119,-8,8
75958,132,134,-2,2
75959,70,75,-5,5
75960,96,99,-3,3
75961,127,126,1,1
75962,121,130,-9,9
75963,57,61,-4,4
75964,203,198,5,5
75965,94,97,-3,3
75966,81,101,-20,20
75967,52,60,-8,8
75968,150,141,9,9
75969,83,119,-36,36
75970,99,92,7,7
75971,64,69,-5,5
75972,79,85,-6,6
75973,81,90,-9,9
75974,47,59,-12,12
75975,54,66,-12,12
75976,152,144,8,8
75977,44,60,-16,16
75978,87,94,-7,7
75979,161,155,6,6
75980,83,89,-6,6
75981,75,82,-7,7
75982,111,121,-10,10
75983,60,64,-4,4
75984,98,97,1,1
75985,74,86,-12,12
75986,81,81,0,0
75987,113,116,-3,3
75988,110,106,4,4
75989,84,90,-6,6
75990,57,65,-8,8
75991,70,76,-6,6
75992,175,159,16,16
75993,95,103,-8,8
75994,94,98,-4,4
75995,107,109,-2,2
75996,75,86,-11,11
75997,85,101,-16,16
75998,162,145,17,17
75999,93,100,-7,7
76000,73,82,-9,9
76001,86,92,-6,6
76002,179,172,7,7
76003,202,195,7,7
76004,98,103,-5,5
76005,85,95,-10,10
76006,37,53,-16,16
76007,121,117,4,4
76008,128,124,4,4
76009,87,101,-14,14
76010,141,148,-7,7
76011,70,72,-2,2
76012,151,162,-11,11
76013,116,117,-1,1
76014,81,84,-3,3
76015,81,79,2,2
76016,89,96,-7,7
76017,124,109,15,15
76018,94,101,-7,7
76019,56,71,-15,15
76020,151,147,4,4
76021,157,149,8,8
76022,70,79,-9,9
76023,154,152,2,2
76024,130,130,0,0
76025,121,117,4,4
76026,119,126,-7,7
76027,94,103,-9,9
76028,62,78,-16,16
76029,99,98,1,1
76030,82,81,1,1
76031,145,146,-1,1
76032,107,123,-16,16
76033,107,114,-7,7
76034,128,122,6,6
76035,52,62,-10,10
76036,103,104,-1,1
76037,70,76,-6,6
76038,161,160,1,1
76039,74,83,-9,9
76040,70,75,-5,5
76041,114,106,8,8
76042,150,150,0,0
76043,105,121,-16,16
76044,119,131,-12,12
76045,71,82,-11,11
76046,102,99,3,3
76047,43,62,-19,19
76048,84,91,-7,7
76049,70,82,-12,12
76050,82,88,-6,6
76051,74,72,2,2
76052,98,103,-5,5
76053,55,65,-10,10
76054,110,118,-8,8
76055,145,151,-6,6
76056,80,83,-3,3
76057,137,144,-7,7
76058,77,91,-14,14
76059,80,79,1,1
76060,73,74,-1,1
76061,83,83,0,0
76062,100,96,4,4
76063,85,88,-3,3
76064,101,107,-6,6
76065,79,87,-8,8
76066,89,100,-11,11
76067,60,70,-10,10
76068,112,102,10,10
76069,173,166,7,7
76070,60,65,-5,5
76071,41,49,-8,8
76072,57,73,-16,16
76073,88,95,-7,7
76074,101,100,1,1
76075,82,79,3,3
76076,100,103,-3,3
76077,85,91,-6,6
76078,117,108,9,9
76079,83,91,-8,8
76080,162,146,16,16
76081,59,65,-6,6
76082,127,122,5,5
76083,170,156,14,14
76084,114,113,1,1
76085,111,113,-2,2
76086,44,53,-9,9
76087,91,104,-13,13
76088,76,89,-13,13
76089,64,77,-13,13
76090,67,71,-4,4
76091,135,130,5,5
76092,75,81,-6,6
76093,110,111,-1,1
76094,84,84,0,0
76095,77,78,-1,1
76096,97,104,-7,7
76097,85,95,-10,10
76098,61,66,-5,5
76099,86,91,-5,5
76100,75,78,-3,3
76101,83,112,-29,29
76102,168,163,5,5
76103,97,100,-3,3
76104,64,74,-10,10
76105,126,122,4,4
76106,85,94,-9,9
76107,111,118,-7,7
76108,87,92,-5,5
76109,101,114,-13,13
76110,162,119,43,43
76111,143,145,-2,2
76112,123,118,5,5
76113,82,84,-2,2
76114,101,101,0,0
76115,92,109,-17,17
76116,87,105,-18,18
76117,93,90,3,3
76118,100,114,-14,14
76119,92,91,1,1
76120,85,81,4,4
76121,49,56,-7,7
76122,79,96,-17,17
76123,58,63,-5,5
76124,85,97,-12,12
76125,61,66,-5,5
76126,140,140,0,0
76127,127,135,-8,8
76128,152,150,2,2
76129,67,69,-2,2
76130,64,70,-6,6
76131,136,144,-8,8
76132,74,77,-3,3
76133,100,96,4,4
76134,158,144,14,14
76135,80,92,-12,12
76136,88,93,-5,5
76137,110,122,-12,12
76138,74,74,0,0
76139,116,125,-9,9
76140,82,82,0,0
76141,117,117,0,0
76142,81,84,-3,3
76143,74,79,-5,5
76144,104,107,-3,3
76145,147,136,11,11
76146,82,84,-2,2
76147,50,56,-6,6
76148,180,171,9,9
76149,182,186,-4,4
76150,63,80,-17,17
76151,190,167,23,23
76152,122,142,-20,20
76153,99,99,0,0
76154,66,78,-12,12
76155,53,76,-23,23
76156,63,72,-9,9
76157,125,141,-16,16
76158,112,108,4,4
76159,85,92,-7,7
76160,56,66,-10,10
76161,85,90,-5,5
76162,70,84,-14,14
76163,83,93,-10,10
76164,135,137,-2,2
76165,57,62,-5,5
76166,84,88,-4,4
76167,90,109,-19,19
76168,59,66,-7,7
76169,77,80,-3,3
76170,64,67,-3,3
76171,99,104,-5,5
76172,109,106,3,3
76173,97,103,-6,6
76174,92,93,-1,1
76175,87,95,-8,8
76176,42,50,-8,8
76177,74,88,-14,14
76178,162,179,-17,17
76179,125,115,10,10
76180,178,182,-4,4
76181,98,113,-15,15
76182,89,102,-13,13
76183,72,74,-2,2
76184,78,82,-4,4
76185,53,67,-14,14
76186,85,84,1,1
76187,122,120,2,2
76188,101,112,-11,11
76189,81,84,-3,3
76190,128,98,30,30
76191,98,103,-5,5
76192,154,164,-10,10
76193,122,130,-8,8
76194,63,65,-2,2
76195,83,96,-13,13
76196,98,103,-5,5
76197,70,76,-6,6
76198,89,107,-18,18
76199,111,123,-12,12
76200,44,61,-17,17
76201,48,65,-17,17
76202,104,104,0,0
76203,106,108,-2,2
76204,148,133,15,15
76205,128,133,-5,5
76206,118,118,0,0
76207,105,98,7,7
76208,141,149,-8,8
76209,115,108,7,7
76210,161,158,3,3
76211,71,97,-26,26
76212,149,140,9,9
76213,77,85,-8,8
76214,117,112,5,5
76215,119,120,-1,1
76216,116,109,7,7
76217,88,94,-6,6
76218,107,113,-6,6
76219,72,86,-14,14
76220,137,158,-21,21
76221,122,133,-11,11
76222,126,126,0,0
76223,50,66,-16,16
76224,119,108,11,11
76225,79,78,1,1
76226,124,137,-13,13
76227,128,130,-2,2
76228,132,123,9,9
76229,90,94,-4,4
76230,95,102,-7,7
76231,97,95,2,2
76232,63,73,-10,10
76233,109,107,2,2
76234,133,147,-14,14
76235,104,108,-4,4
76236,35,78,-43,43
76237,72,81,-9,9
76238,65,78,-13,13
76239,120,113,7,7
76240,135,157,-22,22
76241,130,123,7,7
76242,137,140,-3,3
76243,81,83,-2,2
76244,83,91,-8,8
76245,51,64,-13,13
76246,77,86,-9,9
76247,116,112,4,4
76248,72,86,-14,14
76249,97,107,-10,10
76250,78,80,-2,2
76251,63,69,-6,6
76252,130,137,-7,7
76253,158,155,3,3
76254,75,88,-13,13
76255,76,81,-5,5
76256,101,106,-5,5
76257,44,60,-16,16
76258,74,79,-5,5
76259,98,96,2,2
76260,134,133,1,1
76261,104,106,-2,2
76262,88,92,-4,4
76263,179,163,16,16
76264,46,60,-14,14
76265,141,145,-4,4
76266,91,89,2,2
76267,72,79,-7,7
76268,82,86,-4,4
76269,73,75,-2,2
76270,139,135,4,4
76271,124,121,3,3
76272,100,100,0,0
76273,98,100,-2,2
76274,80,87,-7,7
76275,97,118,-21,21
76276,62,73,-11,11
76277,136,140,-4,4
76278,93,91,2,2
76279,104,106,-2,2
76280,158,155,3,3
76281,105,104,1,1
76282,82,76,6,6
76283,150,149,1,1
76284,161,150,11,11
76285,68,72,-4,4
76286,97,103,-6,6
76287,106,107,-1,1
76288,75,76,-1,1
76289,95,98,-3,3
76290,84,90,-6,6
76291,144,130,14,14
76292,115,121,-6,6
76293,45,59,-14,14
76294,99,99,0,0
76295,91,94,-3,3
76296,75,72,3,3
76297,134,119,15,15
76298,69,72,-3,3
76299,74,80,-6,6
76300,53,63,-10,10
76301,74,83,-9,9
76302,95,101,-6,6
76303,54,67,-13,13
76304,96,98,-2,2
76305,93,96,-3,3
76306,108,112,-4,4
76307,104,123,-19,19
76308,80,84,-4,4
76309,87,84,3,3
76310,98,107,-9,9
76311,60,70,-10,10
76312,65,75,-10,10
76313,75,88,-13,13
76314,80,94,-14,14
76315,81,96,-15,15
76316,123,117,6,6
76317,89,99,-10,10
76318,142,143,-1,1
76319,64,65,-1,1
76320,100,108,-8,8
76321,45,64,-19,19
76322,118,115,3,3
76323,73,82,-9,9
76324,74,83,-9,9
76325,102,111,-9,9
76326,66,83,-17,17
76327,120,128,-8,8
76328,57,63,-6,6
76329,149,133,16,16
76330,131,136,-5,5
76331,81,82,-1,1
76332,61,73,-12,12
76333,89,97,-8,8
76334,66,70,-4,4
76335,64,73,-9,9
76336,76,86,-10,10
76337,124,121,3,3
76338,48,63,-15,15
76339,68,73,-5,5
76340,100,106,-6,6
76341,96,100,-4,4
76342,50,55,-5,5
76343,85,95,-10,10
76344,85,91,-6,6
76345,61,70,-9,9
76346,91,85,6,6
76347,72,77,-5,5
76348,129,117,12,12
76349,104,103,1,1
76350,54,72,-18,18
76351,53,62,-9,9
76352,105,116,-11,11
76353,91,108,-17,17
76354,66,83,-17,17
76355,59,66,-7,7
76356,118,117,1,1
76357,109,119,-10,10
76358,63,72,-9,9
76359,63,65,-2,2
76360,68,73,-5,5
76361,166,180,-14,14
76362,84,87,-3,3
76363,66,68,-2,2
76364,100,118,-18,18
76365,104,104,0,0
76366,65,72,-7,7
76367,57,66,-9,9
76368,99,103,-4,4
76369,96,116,-20,20
76370,71,74,-3,3
76371,57,68,-11,11
76372,105,116,-11,11
76373,88,89,-1,1
76374,54,65,-11,11
76375,181,166,15,15
76376,100,104,-4,4
76377,103,105,-2,2
76378,138,130,8,8
76379,65,78,-13,13
76380,71,80,-9,9
76381,70,75,-5,5
76382,72,75,-3,3
76383,66,68,-2,2
76384,79,85,-6,6
76385,169,166,3,3
76386,129,123,6,6
76387,129,113,16,16
76388,63,67,-4,4
76389,92,94,-2,2
76390,109,116,-7,7
76391,58,68,-10,10
76392,108,104,4,4
76393,107,104,3,3
76394,162,158,4,4
76395,57,65,-8,8
76396,109,119,-10,10
76397,86,92,-6,6
76398,91,90,1,1
76399,89,86,3,3
76400,93,100,-7,7
76401,70,75,-5,5
76402,73,81,-8,8
76403,71,74,-3,3
76404,59,62,-3,3
76405,166,165,1,1
76406,71,69,2,2
76407,71,69,2,2
76408,132,120,12,12
76409,103,113,-10,10
76410,114,109,5,5
76411,103,114,-11,11
76412,98,103,-5,5
76413,92,89,3,3
76414,102,117,-15,15
76415,113,124,-11,11
76416,130,153,-23,23
76417,56,72,-16,16
76418,127,124,3,3
76419,53,76,-23,23
76420,129,130,-1,1
76421,93,94,-1,1
76422,133,126,7,7
76423,93,94,-1,1
76424,92,100,-8,8
76425,45,60,-15,15
76426,96,92,4,4
76427,104,128,-24,24
76428,65,71,-6,6
76429,114,113,1,1
76430,52,58,-6,6
76431,80,89,-9,9
76432,135,131,4,4
76433,78,118,-40,40
76434,69,74,-5,5
76435,61,63,-2,2
76436,75,74,1,1
76437,131,139,-8,8
76438,108,120,-12,12
76439,96,101,-5,5
76440,178,166,12,12
76441,171,177,-6,6
76442,81,82,-1,1
76443,91,92,-1,1
76444,69,81,-12,12
76445,146,137,9,9
76446,111,102,9,9
76447,65,72,-7,7
76448,86,89,-3,3
76449,79,100,-21,21
76450,108,104,4,4
76451,94,98,-4,4
76452,107,112,-5,5
76453,100,97,3,3
76454,121,116,5,5
76455,144,152,-8,8
76456,66,72,-6,6
76457,40,49,-9,9
76458,99,106,-7,7
76459,32,55,-23,23
76460,69,77,-8,8
76461,145,147,-2,2
76462,76,86,-10,10
76463,85,89,-4,4
76464,53,62,-9,9
76465,27,45,-18,18
76466,55,73,-18,18
76467,41,50,-9,9
76468,57,68,-11,11
76469,83,74,9,9
76470,77,79,-2,2
76471,85,99,-14,14
76472,118,110,8,8
76473,55,64,-9,9
76474,62,68,-6,6
76475,111,112,-1,1
76476,108,107,1,1
76477,89,98,-9,9
76478,97,96,1,1
76479,94,104,-10,10
76480,61,71,-10,10
76481,82,95,-13,13
76482,83,94,-11,11
76483,140,130,10,10
76484,152,140,12,12
76485,86,85,1,1
76486,33,48,-15,15
76487,88,93,-5,5
76488,71,76,-5,5
76489,97,118,-21,21
76490,81,95,-14,14
76491,129,127,2,2
76492,55,65,-10,10
76493,122,126,-4,4
76494,103,117,-14,14
76495,98,99,-1,1
76496,89,91,-2,2
76497,87,89,-2,2
76498,79,91,-12,12
76499,98,111,-13,13
76500,49,66,-17,17
76501,82,87,-5,5
76502,120,123,-3,3
76503,108,111,-3,3
76504,169,156,13,13
76505,161,158,3,3
76506,134,141,-7,7
76507,96,103,-7,7
76508,56,65,-9,9
76509,101,111,-10,10
76510,86,100,-14,14
76511,82,79,3,3
76512,85,96,-11,11
76513,79,84,-5,5
76514,78,86,-8,8
76515,105,100,5,5
76516,142,140,2,2
76517,65,80,-15,15
76518,57,70,-13,13
76519,81,88,-7,7
76520,139,116,23,23
76521,84,84,0,0
76522,81,88,-7,7
76523,154,134,20,20
76524,147,141,6,6
76525,153,144,9,9
76526,73,81,-8,8
76527,141,135,6,6
76528,43,58,-15,15
76529,101,102,-1,1
76530,42,58,-16,16
76531,78,85,-7,7
76532,97,114,-17,17
76533,65,77,-12,12
76534,58,68,-10,10
76535,79,93,-14,14
76536,95,102,-7,7
76537,105,121,-16,16
76538,37,55,-18,18
76539,82,89,-7,7
76540,130,132,-2,2
76541,99,115,-16,16
76542,125,108,17,17
76543,51,70,-19,19
76544,87,90,-3,3
76545,147,155,-8,8
76546,61,66,-5,5
76547,122,130,-8,8
76548,70,85,-15,15
76549,81,78,3,3
76550,93,96,-3,3
76551,136,139,-3,3
76552,61,71,-10,10
76553,75,90,-15,15
76554,118,109,9,9
76555,110,119,-9,9
76556,153,160,-7,7
76557,57,66,-9,9
76558,128,120,8,8
76559,118,113,5,5
76560,81,96,-15,15
76561,82,84,-2,2
76562,126,125,1,1
76563,110,110,0,0
76564,91,100,-9,9
76565,106,94,12,12
76566,92,91,1,1
76567,74,88,-14,14
76568,119,120,-1,1
76569,47,57,-10,10
76570,81,94,-13,13
76571,101,99,2,2
76572,91,93,-2,2
76573,68,76,-8,8
76574,119,118,1,1
76575,90,95,-5,5
76576,104,110,-6,6
76577,80,88,-8,8
76578,84,93,-9,9
76579,132,125,7,7
76580,32,73,-41,41
76581,139,137,2,2
76582,85,85,0,0
76583,83,86,-3,3
76584,55,65,-10,10
76585,98,115,-17,17
76586,177,171,6,6
76587,81,92,-11,11
76588,90,101,-11,11
76589,133,125,8,8
76590,85,76,9,9
76591,58,62,-4,4
76592,133,134,-1,1
76593,81,83,-2,2
76594,149,142,7,7
76595,107,109,-2,2
76596,113,101,12,12
76597,108,103,5,5
76598,93,95,-2,2
76599,100,95,5,5
76600,66,75,-9,9
76601,109,106,3,3
76602,77,95,-18,18
76603,208,180,28,28
76604,79,91,-12,12
76605,74,74,0,0
76606,74,77,-3,3
76607,131,125,6,6
76608,127,117,10,10
76609,77,77,0,0
76610,100,88,12,12
76611,82,116,-34,34
76612,100,110,-10,10
76613,65,78,-13,13
76614,97,107,-10,10
76615,146,137,9,9
76616,99,93,6,6
76617,117,113,4,4
76618,71,79,-8,8
76619,60,64,-4,4
76620,75,80,-5,5
76621,46,54,-8,8
76622,121,110,11,11
76623,55,63,-8,8
76624,119,128,-9,9
76625,178,173,5,5
76626,131,131,0,0
76627,123,124,-1,1
76628,99,102,-3,3
76629,164,160,4,4
76630,69,78,-9,9
76631,55,65,-10,10
76632,148,151,-3,3
76633,67,73,-6,6
76634,138,141,-3,3
76635,115,110,5,5
76636,134,129,5,5
76637,91,101,-10,10
76638,94,97,-3,3
76639,114,113,1,1
76640,92,95,-3,3
76641,98,106,-8,8
76642,41,48,-7,7
76643,49,63,-14,14
76644,59,75,-16,16
76645,90,90,0,0
76646,165,153,12,12
76647,53,63,-10,10
76648,67,73,-6,6
76649,77,78,-1,1
76650,87,87,0,0
76651,65,72,-7,7
76652,133,132,1,1
76653,98,101,-3,3
76654,103,107,-4,4
76655,85,85,0,0
76656,153,144,9,9
76657,85,82,3,3
76658,126,135,-9,9
76659,102,115,-13,13
76660,115,114,1,1
76661,78,88,-10,10
76662,152,157,-5,5
76663,72,78,-6,6
76664,65,71,-6,6
76665,71,76,-5,5
76666,134,138,-4,4
76667,104,106,-2,2
76668,54,70,-16,16
76669,133,126,7,7
76670,99,93,6,6
76671,69,74,-5,5
76672,169,168,1,1
76673,94,99,-5,5
76674,106,114,-8,8
76675,86,94,-8,8
76676,107,106,1,1
76677,52,66,-14,14
76678,71,82,-11,11
76679,87,89,-2,2
76680,155,162,-7,7
76681,58,68,-10,10
76682,144,137,7,7
76683,111,109,2,2
76684,90,94,-4,4
76685,74,70,4,4
76686,100,98,2,2
76687,112,116,-4,4
76688,117,119,-2,2
76689,48,95,-47,47
76690,107,99,8,8
76691,144,142,2,2
76692,86,82,4,4
76693,101,101,0,0
76694,94,100,-6,6
76695,129,119,10,10
76696,132,137,-5,5
76697,61,69,-8,8
76698,103,112,-9,9
76699,104,102,2,2
76700,135,119,16,16
76701,76,87,-11,11
76702,112,122,-10,10
76703,114,100,14,14
76704,69,69,0,0
76705,92,86,6,6
76706,80,89,-9,9
76707,139,134,5,5
76708,76,80,-4,4
76709,71,74,-3,3
76710,100,105,-5,5
76711,106,101,5,5
76712,145,137,8,8
76713,76,89,-13,13
76714,92,106,-14,14
76715,49,56,-7,7
76716,110,111,-1,1
76717,92,100,-8,8
76718,173,149,24,24
76719,98,104,-6,6
76720,175,154,21,21
76721,75,92,-17,17
76722,103,96,7,7
76723,111,134,-23,23
76724,215,209,6,6
76725,131,125,6,6
76726,67,80,-13,13
76727,127,140,-13,13
76728,72,78,-6,6
76729,43,73,-30,30
76730,65,70,-5,5
76731,69,75,-6,6
76732,149,158,-9,9
76733,75,75,0,0
76734,81,85,-4,4
76735,76,70,6,6
76736,53,70,-17,17
76737,79,92,-13,13
76738,152,143,9,9
76739,97,103,-6,6
76740,48,59,-11,11
76741,107,113,-6,6
76742,118,119,-1,1
76743,78,81,-3,3
76744,98,100,-2,2
76745,121,117,4,4
76746,108,106,2,2
76747,59,68,-9,9
76748,95,106,-11,11
76749,98,102,-4,4
76750,71,78,-7,7
76751,76,81,-5,5
76752,100,112,-12,12
76753,70,74,-4,4
76754,71,70,1,1
76755,94,80,14,14
76756,86,94,-8,8
76757,102,117,-15,15
76758,106,106,0,0
76759,74,85,-11,11
76760,49,62,-13,13
76761,103,100,3,3
76762,70,82,-12,12
76763,168,169,-1,1
76764,66,80,-14,14
76765,128,132,-4,4
76766,110,111,-1,1
76767,82,81,1,1
76768,92,87,5,5
76769,187,183,4,4
76770,101,122,-21,21
76771,47,55,-8,8
76772,72,80,-8,8
76773,77,82,-5,5
76774,30,44,-14,14
76775,124,129,-5,5
76776,218,189,29,29
76777,110,119,-9,9
76778,106,116,-10,10
76779,133,122,11,11
76780,88,82,6,6
76781,58,67,-9,9
76782,184,164,20,20
76783,152,137,15,15
76784,87,97,-10,10
76785,167,157,10,10
76786,93,102,-9,9
76787,130,115,15,15
76788,96,92,4,4
76789,119,128,-9,9
76790,81,87,-6,6
76791,52,58,-6,6
76792,66,66,0,0
76793,102,112,-10,10
76794,76,81,-5,5
76795,117,108,9,9
76796,98,100,-2,2
76797,81,87,-6,6
76798,99,109,-10,10
76799,81,81,0,0
76800,64,77,-13,13
76801,139,144,-5,5
76802,84,92,-8,8
76803,68,74,-6,6
76804,42,50,-8,8
76805,73,72,1,1
76806,158,130,28,28
76807,101,108,-7,7
76808,122,118,4,4
76809,76,93,-17,17
76810,129,154,-25,25
76811,99,95,4,4
76812,71,72,-1,1
76813,80,86,-6,6
76814,141,135,6,6
76815,48,55,-7,7
76816,146,139,7,7
76817,83,91,-8,8
76818,102,104,-2,2
76819,87,94,-7,7
76820,83,82,1,1
76821,63,81,-18,18
76822,89,95,-6,6
76823,142,133,9,9
76824,90,102,-12,12
76825,97,96,1,1
76826,130,130,0,0
76827,88,92,-4,4
76828,146,148,-2,2
76829,118,112,6,6
76830,124,123,1,1
76831,108,122,-14,14
76832,53,67,-14,14
76833,78,85,-7,7
76834,54,63,-9,9
76835,121,117,4,4
76836,105,120,-15,15
76837,47,66,-19,19
76838,58,63,-5,5
76839,126,117,9,9
76840,165,151,14,14
76841,118,115,3,3
76842,54,64,-10,10
76843,98,101,-3,3
76844,39,50,-11,11
76845,88,99,-11,11
76846,85,97,-12,12
76847,92,108,-16,16
76848,101,103,-2,2
76849,69,85,-16,16
76850,70,73,-3,3
76851,57,99,-42,42
76852,89,92,-3,3
76853,165,158,7,7
76854,88,94,-6,6
76855,142,136,6,6
76856,109,118,-9,9
76857,105,108,-3,3
76858,94,103,-9,9
76859,124,125,-1,1
76860,119,116,3,3
76861,41,50,-9,9
76862,102,108,-6,6
76863,90,79,11,11
76864,126,129,-3,3
76865,59,78,-19,19
76866,74,82,-8,8
76867,104,115,-11,11
76868,101,105,-4,4
76869,102,102,0,0
76870,123,132,-9,9
76871,90,95,-5,5
76872,85,86,-1,1
76873,85,98,-13,13
76874,57,64,-7,7
76875,73,80,-7,7
76876,73,83,-10,10
76877,106,113,-7,7
76878,47,53,-6,6
76879,91,101,-10,10
76880,93,89,4,4
76881,63,78,-15,15
76882,80,84,-4,4
76883,71,76,-5,5
76884,92,93,-1,1
76885,125,125,0,0
76886,82,97,-15,15
76887,97,105,-8,8
76888,59,60,-1,1
76889,125,138,-13,13
76890,115,109,6,6
76891,103,105,-2,2
76892,97,103,-6,6
76893,89,93,-4,4
76894,78,85,-7,7
76895,159,148,11,11
76896,117,129,-12,12
76897,100,100,0,0
76898,104,108,-4,4
76899,97,111,-14,14
76900,114,107,7,7
76901,118,128,-10,10
76902,99,89,10,10
76903,98,99,-1,1
76904,114,115,-1,1
76905,99,104,-5,5
76906,95,98,-3,3
76907,68,80,-12,12
76908,119,117,2,2
76909,125,121,4,4
76910,74,83,-9,9
76911,97,97,0,0
76912,101,101,0,0
76913,157,153,4,4
76914,141,138,3,3
76915,132,137,-5,5
76916,104,107,-3,3
76917,85,94,-9,9
76918,110,113,-3,3
76919,91,103,-12,12
76920,53,61,-8,8
76921,81,90,-9,9
76922,78,86,-8,8
76923,79,97,-18,18
76924,73,74,-1,1
76925,81,90,-9,9
76926,89,92,-3,3
76927,78,81,-3,3
76928,122,113,9,9
76929,64,74,-10,10
76930,52,60,-8,8
76931,87,96,-9,9
76932,134,137,-3,3
76933,104,105,-1,1
76934,116,123,-7,7
76935,102,112,-10,10
76936,160,149,11,11
76937,83,84,-1,1
76938,159,166,-7,7
76939,130,140,-10,10
76940,92,94,-2,2
76941,95,96,-1,1
76942,179,188,-9,9
76943,132,117,15,15
76944,53,60,-7,7
76945,100,101,-1,1
76946,105,99,6,6
76947,77,84,-7,7
76948,115,117,-2,2
76949,126,130,-4,4
76950,91,95,-4,4
76951,79,85,-6,6
76952,40,56,-16,16
76953,128,130,-2,2
76954,145,150,-5,5
76955,153,143,10,10
76956,81,84,-3,3
76957,113,124,-11,11
76958,138,125,13,13
76959,100,105,-5,5
76960,77,77,0,0
76961,71,79,-8,8
76962,110,115,-5,5
76963,118,120,-2,2
76964,137,140,-3,3
76965,94,97,-3,3
76966,65,70,-5,5
76967,52,75,-23,23
76968,74,81,-7,7
76969,68,72,-4,4
76970,101,108,-7,7
76971,104,105,-1,1
76972,138,133,5,5
76973,71,75,-4,4
76974,140,127,13,13
76975,83,89,-6,6
76976,91,94,-3,3
76977,125,120,5,5
76978,77,89,-12,12
76979,63,68,-5,5
76980,116,116,0,0
76981,102,107,-5,5
76982,121,130,-9,9
76983,116,116,0,0
76984,181,175,6,6
76985,112,123,-11,11
76986,151,158,-7,7
76987,127,123,4,4
76988,87,92,-5,5
76989,123,123,0,0
76990,74,93,-19,19
76991,161,156,5,5
76992,48,57,-9,9
76993,207,196,11,11
76994,124,131,-7,7
76995,91,104,-13,13
76996,104,109,-5,5
76997,118,126,-8,8
76998,112,115,-3,3
76999,70,77,-7,7
77000,76,79,-3,3
77001,133,126,7,7
77002,79,80,-1,1
77003,56,74,-18,18
77004,111,139,-28,28
77005,48,63,-15,15
77006,80,76,4,4
77007,144,147,-3,3
77008,39,46,-7,7
77009,91,96,-5,5
77010,97,102,-5,5
77011,93,92,1,1
77012,142,133,9,9
77013,116,117,-1,1
77014,86,95,-9,9
77015,128,134,-6,6
77016,101,111,-10,10
77017,53,70,-17,17
77018,153,148,5,5
77019,69,85,-16,16
77020,101,99,2,2
77021,146,150,-4,4
77022,107,110,-3,3
77023,86,92,-6,6
77024,44,58,-14,14
77025,64,76,-12,12
77026,90,77,13,13
77027,69,78,-9,9
77028,78,94,-16,16
77029,141,141,0,0
77030,54,56,-2,2
77031,61,63,-2,2
77032,140,127,13,13
77033,158,137,21,21
77034,96,100,-4,4
77035,159,155,4,4
77036,155,137,18,18
77037,152,142,10,10
77038,62,65,-3,3
77039,84,84,0,0
77040,197,189,8,8
77041,123,125,-2,2
77042,80,90,-10,10
77043,25,39,-14,14
77044,140,145,-5,5
77045,65,78,-13,13
77046,67,101,-34,34
77047,62,74,-12,12
77048,71,75,-4,4
77049,138,141,-3,3
77050,73,77,-4,4
77051,84,92,-8,8
77052,227,202,25,25
77053,97,97,0,0
77054,47,56,-9,9
77055,74,85,-11,11
77056,75,85,-10,10
77057,64,73,-9,9
77058,107,110,-3,3
77059,60,64,-4,4
77060,70,76,-6,6
77061,117,106,11,11
77062,110,123,-13,13
77063,118,122,-4,4
77064,86,90,-4,4
77065,61,76,-15,15
77066,72,78,-6,6
77067,153,144,9,9
77068,92,101,-9,9
77069,117,121,-4,4
77070,79,83,-4,4
77071,111,104,7,7
77072,48,59,-11,11
77073,71,71,0,0
77074,100,104,-4,4
77075,90,90,0,0
77076,67,76,-9,9
77077,111,115,-4,4
77078,68,75,-7,7
77079,113,111,2,2
77080,78,99,-21,21
77081,94,97,-3,3
77082,86,93,-7,7
77083,131,136,-5,5
77084,142,130,12,12
77085,83,95,-12,12
77086,62,84,-22,22
77087,74,74,0,0
77088,143,142,1,1
77089,163,160,3,3
77090,78,80,-2,2
77091,42,49,-7,7
77092,69,78,-9,9
77093,68,76,-8,8
77094,132,126,6,6
77095,59,66,-7,7
77096,107,109,-2,2
77097,107,113,-6,6
77098,49,58,-9,9
77099,114,114,0,0
77100,87,88,-1,1
77101,103,92,11,11
77102,122,119,3,3
77103,114,116,-2,2
77104,172,161,11,11
77105,69,79,-10,10
77106,57,73,-16,16
77107,108,115,-7,7
77108,80,103,-23,23
77109,70,78,-8,8
77110,126,127,-1,1
77111,102,101,1,1
77112,45,57,-12,12
77113,72,75,-3,3
77114,174,158,16,16
77115,101,112,-11,11
77116,53,61,-8,8
77117,71,74,-3,3
77118,157,167,-10,10
77119,139,132,7,7
77120,116,112,4,4
77121,86,84,2,2
77122,96,93,3,3
77123,107,113,-6,6
77124,98,116,-18,18
77125,89,99,-10,10
77126,117,127,-10,10
77127,108,111,-3,3
77128,54,64,-10,10
77129,116,121,-5,5
77130,111,111,0,0
77131,139,144,-5,5
77132,74,78,-4,4
77133,117,127,-10,10
77134,106,118,-12,12
77135,158,151,7,7
77136,97,102,-5,5
77137,70,71,-1,1
77138,106,112,-6,6
77139,82,81,1,1
77140,141,131,10,10
77141,132,129,3,3
77142,114,109,5,5
77143,145,142,3,3
77144,56,68,-12,12
77145,109,101,8,8
77146,131,117,14,14
77147,154,119,35,35
77148,73,74,-1,1
77149,63,74,-11,11
77150,134,148,-14,14
77151,91,89,2,2
77152,127,125,2,2
77153,42,58,-16,16
77154,101,110,-9,9
77155,52,56,-4,4
77156,143,147,-4,4
77157,92,92,0,0
77158,84,87,-3,3
77159,101,118,-17,17
77160,117,121,-4,4
77161,85,92,-7,7
77162,52,63,-11,11
77163,74,75,-1,1
77164,78,73,5,5
77165,64,69,-5,5
77166,90,97,-7,7
77167,59,70,-11,11
77168,53,69,-16,16
77169,94,100,-6,6
77170,77,81,-4,4
77171,108,101,7,7
77172,138,134,4,4
77173,83,92,-9,9
77174,150,141,9,9
77175,108,107,1,1
77176,64,70,-6,6
77177,101,115,-14,14
77178,92,90,2,2
77179,150,143,7,7
77180,133,138,-5,5
77181,42,58,-16,16
77182,43,56,-13,13
77183,63,69,-6,6
77184,82,92,-10,10
77185,56,59,-3,3
77186,101,115,-14,14
77187,65,82,-17,17
77188,112,115,-3,3
77189,50,60,-10,10
77190,130,124,6,6
77191,88,103,-15,15
77192,74,77,-3,3
77193,129,140,-11,11
77194,57,74,-17,17
77195,110,112,-2,2
77196,99,106,-7,7
77197,77,79,-2,2
77198,117,114,3,3
77199,107,104,3,3
77200,62,65,-3,3
77201,75,85,-10,10
77202,97,107,-10,10
77203,54,68,-14,14
77204,80,82,-2,2
77205,84,88,-4,4
77206,52,59,-7,7
77207,106,109,-3,3
77208,99,118,-19,19
77209,92,93,-1,1
77210,53,65,-12,12
77211,135,137,-2,2
77212,116,109,7,7
77213,96,106,-10,10
77214,116,116,0,0
77215,90,92,-2,2
77216,187,159,28,28
77217,55,98,-43,43
77218,48,54,-6,6
77219,77,89,-12,12
77220,74,84,-10,10
77221,97,109,-12,12
77222,159,155,4,4
77223,127,126,1,1
77224,83,88,-5,5
77225,67,74,-7,7
77226,103,97,6,6
77227,68,68,0,0
77228,75,75,0,0
77229,88,95,-7,7
77230,82,122,-40,40
77231,128,123,5,5
77232,177,163,14,14
77233,140,135,5,5
77234,108,95,13,13
77235,59,63,-4,4
77236,97,102,-5,5
77237,105,107,-2,2
77238,59,68,-9,9
77239,74,79,-5,5
77240,63,69,-6,6
77241,53,62,-9,9
77242,67,75,-8,8
77243,88,91,-3,3
77244,116,119,-3,3
77245,141,143,-2,2
77246,123,129,-6,6
77247,111,116,-5,5
77248,89,97,-8,8
77249,112,121,-9,9
77250,118,118,0,0
77251,51,62,-11,11
77252,165,178,-13,13
77253,70,83,-13,13
77254,92,91,1,1
77255,156,136,20,20
77256,160,139,21,21
77257,64,69,-5,5
77258,137,140,-3,3
77259,93,92,1,1
77260,124,128,-4,4
77261,77,85,-8,8
77262,128,128,0,0
77263,79,74,5,5
77264,61,80,-19,19
77265,112,107,5,5
77266,45,53,-8,8
77267,67,69,-2,2
77268,126,125,1,1
77269,92,95,-3,3
77270,74,83,-9,9
77271,67,79,-12,12
77272,105,108,-3,3
77273,167,168,-1,1
77274,131,130,1,1
77275,84,130,-46,46
77276,110,125,-15,15
77277,72,83,-11,11
77278,71,128,-57,57
77279,115,122,-7,7
77280,159,153,6,6
77281,82,96,-14,14
77282,100,116,-16,16
77283,70,68,2,2
77284,104,112,-8,8
77285,49,56,-7,7
77286,104,112,-8,8
77287,101,114,-13,13
77288,66,77,-11,11
77289,87,92,-5,5
77290,85,100,-15,15
77291,124,137,-13,13
77292,121,118,3,3
77293,97,96,1,1
77294,63,68,-5,5
77295,93,100,-7,7
77296,79,79,0,0
77297,49,56,-7,7
77298,95,101,-6,6
77299,76,86,-10,10
77300,133,135,-2,2
77301,66,76,-10,10
77302,85,103,-18,18
77303,228,243,-15,15
77304,124,136,-12,12
77305,90,88,2,2
77306,95,98,-3,3
77307,54,68,-14,14
77308,82,97,-15,15
77309,155,143,12,12
77310,173,166,7,7
77311,171,158,13,13
77312,42,62,-20,20
77313,141,143,-2,2
77314,92,90,2,2
77315,94,95,-1,1
77316,82,91,-9,9
77317,132,128,4,4
77318,124,122,2,2
77319,94,94,0,0
77320,60,69,-9,9
77321,58,71,-13,13
77322,102,115,-13,13
77323,112,112,0,0
77324,121,120,1,1
77325,133,140,-7,7
77326,54,74,-20,20
77327,105,116,-11,11
77328,82,91,-9,9
77329,104,102,2,2
77330,91,92,-1,1
77331,103,114,-11,11
77332,96,110,-14,14
77333,147,159,-12,12
77334,95,100,-5,5
77335,111,122,-11,11
77336,106,113,-7,7
77337,59,66,-7,7
77338,77,78,-1,1
77339,97,89,8,8
77340,73,73,0,0
77341,105,104,1,1
77342,122,118,4,4
77343,55,70,-15,15
77344,108,115,-7,7
77345,59,63,-4,4
77346,124,129,-5,5
77347,116,131,-15,15
77348,100,102,-2,2
77349,76,87,-11,11
77350,102,100,2,2
77351,95,104,-9,9
77352,138,133,5,5
77353,119,124,-5,5
77354,78,85,-7,7
77355,108,114,-6,6
77356,34,47,-13,13
77357,105,110,-5,5
77358,120,116,4,4
77359,91,97,-6,6
77360,103,117,-14,14
77361,75,81,-6,6
77362,176,157,19,19
77363,85,86,-1,1
77364,75,80,-5,5
77365,103,108,-5,5
77366,81,88,-7,7
77367,105,120,-15,15
77368,50,67,-17,17
77369,118,119,-1,1
77370,163,159,4,4
77371,137,131,6,6
77372,167,168,-1,1
77373,116,117,-1,1
77374,52,61,-9,9
77375,115,111,4,4
77376,188,193,-5,5
77377,187,174,13,13
77378,84,86,-2,2
77379,124,121,3,3
77380,95,98,-3,3
77381,79,91,-12,12
77382,72,74,-2,2
77383,68,73,-5,5
77384,116,117,-1,1
77385,83,104,-21,21
77386,94,94,0,0
77387,63,71,-8,8
77388,200,197,3,3
77389,61,73,-12,12
77390,148,139,9,9
77391,56,66,-10,10
77392,110,111,-1,1
77393,94,99,-5,5
77394,59,79,-20,20
77395,76,78,-2,2
77396,67,81,-14,14
77397,102,109,-7,7
77398,165,149,16,16
77399,79,87,-8,8
77400,74,75,-1,1
77401,136,131,5,5
77402,116,108,8,8
77403,95,106,-11,11
77404,112,115,-3,3
77405,65,79,-14,14
77406,43,55,-12,12
77407,92,97,-5,5
77408,48,61,-13,13
77409,75,85,-10,10
77410,118,119,-1,1
77411,99,104,-5,5
77412,101,99,2,2
77413,41,69,-28,28
77414,78,92,-14,14
77415,129,121,8,8
77416,109,117,-8,8
77417,81,86,-5,5
77418,167,161,6,6
77419,55,82,-27,27
77420,202,178,24,24
77421,118,114,4,4
77422,122,127,-5,5
77423,67,76,-9,9
77424,67,72,-5,5
77425,54,63,-9,9
77426,54,67,-13,13
77427,89,99,-10,10
77428,107,107,0,0
77429,94,98,-4,4
77430,72,70,2,2
77431,127,132,-5,5
77432,84,103,-19,19
77433,64,74,-10,10
77434,96,100,-4,4
77435,116,114,2,2
77436,127,128,-1,1
77437,128,126,2,2
77438,118,133,-15,15
77439,62,73,-11,11
77440,73,73,0,0
77441,36,48,-12,12
77442,165,144,21,21
77443,100,111,-11,11
77444,65,73,-8,8
77445,75,85,-10,10
77446,75,95,-20,20
77447,97,105,-8,8
77448,93,109,-16,16
77449,57,66,-9,9
77450,59,69,-10,10
77451,85,86,-1,1
77452,99,111,-12,12
77453,87,94,-7,7
77454,102,116,-14,14
77455,75,84,-9,9
77456,92,98,-6,6
77457,79,95,-16,16
77458,50,67,-17,17
77459,48,60,-12,12
77460,217,189,28,28
77461,132,124,8,8
77462,101,108,-7,7
77463,82,86,-4,4
77464,116,123,-7,7
77465,112,105,7,7
77466,66,85,-19,19
77467,81,92,-11,11
77468,56,65,-9,9
77469,97,94,3,3
77470,84,83,1,1
77471,37,50,-13,13
77472,74,77,-3,3
77473,127,130,-3,3
77474,54,63,-9,9
77475,80,85,-5,5
77476,57,61,-4,4
77477,106,90,16,16
77478,91,96,-5,5
77479,103,108,-5,5
77480,114,105,9,9
77481,131,140,-9,9
77482,85,87,-2,2
77483,85,93,-8,8
77484,93,100,-7,7
77485,74,76,-2,2
77486,88,96,-8,8
77487,52,59,-7,7
77488,41,46,-5,5
77489,82,86,-4,4
77490,112,117,-5,5
77491,67,71,-4,4
77492,69,86,-17,17
77493,150,138,12,12
77494,93,101,-8,8
77495,63,68,-5,5
77496,95,93,2,2
77497,46,57,-11,11
77498,72,78,-6,6
77499,77,88,-11,11
77500,87,98,-11,11
77501,121,128,-7,7
77502,149,144,5,5
77503,82,79,3,3
77504,57,61,-4,4
77505,127,115,12,12
77506,103,98,5,5
77507,96,99,-3,3
77508,82,82,0,0
77509,161,154,7,7
77510,133,129,4,4
77511,73,79,-6,6
77512,71,68,3,3
77513,168,175,-7,7
77514,137,135,2,2
77515,72,73,-1,1
77516,77,89,-12,12
77517,114,116,-2,2
77518,115,113,2,2
77519,70,70,0,0
77520,78,86,-8,8
77521,118,127,-9,9
77522,88,90,-2,2
77523,81,82,-1,1
77524,118,122,-4,4
77525,60,65,-5,5
77526,98,106,-8,8
77527,99,93,6,6
77528,55,63,-8,8
77529,100,101,-1,1
77530,75,84,-9,9
77531,77,76,1,1
77532,139,144,-5,5
77533,99,97,2,2
77534,106,112,-6,6
77535,92,104,-12,12
77536,87,93,-6,6
77537,55,68,-13,13
77538,89,104,-15,15
77539,106,120,-14,14
77540,161,165,-4,4
77541,72,82,-10,10
77542,119,112,7,7
77543,90,88,2,2
77544,110,111,-1,1
77545,51,62,-11,11
77546,63,75,-12,12
77547,42,55,-13,13
77548,85,85,0,0
77549,144,141,3,3
77550,69,83,-14,14
77551,43,55,-12,12
77552,94,104,-10,10
77553,178,189,-11,11
77554,80,84,-4,4
77555,65,73,-8,8
77556,62,70,-8,8
77557,62,68,-6,6
77558,144,152,-8,8
77559,102,103,-1,1
77560,104,109,-5,5
77561,45,60,-15,15
77562,57,64,-7,7
77563,132,111,21,21
77564,105,104,1,1
77565,99,104,-5,5
77566,60,76,-16,16
77567,72,80,-8,8
77568,122,132,-10,10
77569,141,142,-1,1
77570,94,94,0,0
77571,89,102,-13,13
77572,43,59,-16,16
77573,160,151,9,9
77574,84,80,4,4
77575,84,88,-4,4
77576,90,100,-10,10
77577,68,73,-5,5
77578,189,176,13,13
77579,77,91,-14,14
77580,59,71,-12,12
77581,139,142,-3,3
77582,98,102,-4,4
77583,147,137,10,10
77584,158,141,17,17
77585,97,97,0,0
77586,109,117,-8,8
77587,112,111,1,1
77588,74,78,-4,4
77589,155,145,10,10
77590,75,80,-5,5
77591,129,125,4,4
77592,189,184,5,5
77593,98,106,-8,8
77594,68,77,-9,9
77595,100,103,-3,3
77596,136,127,9,9
77597,144,143,1,1
77598,123,126,-3,3
77599,60,67,-7,7
77600,131,124,7,7
77601,74,87,-13,13
77602,148,123,25,25
77603,112,108,4,4
77604,60,70,-10,10
77605,89,89,0,0
77606,83,95,-12,12
77607,100,93,7,7
77608,70,79,-9,9
77609,119,128,-9,9
77610,52,67,-15,15
77611,72,78,-6,6
77612,127,128,-1,1
77613,82,89,-7,7
77614,65,69,-4,4
77615,75,76,-1,1
77616,65,72,-7,7
77617,80,104,-24,24
77618,95,124,-29,29
77619,74,88,-14,14
77620,107,110,-3,3
77621,63,72,-9,9
77622,117,116,1,1
77623,83,79,4,4
77624,74,80,-6,6
77625,56,58,-2,2
77626,143,150,-7,7
77627,61,76,-15,15
77628,92,101,-9,9
77629,147,159,-12,12
77630,68,83,-15,15
77631,95,97,-2,2
77632,80,92,-12,12
77633,129,124,5,5
77634,133,151,-18,18
77635,47,53,-6,6
77636,65,64,1,1
77637,85,86,-1,1
77638,100,102,-2,2
77639,113,113,0,0
77640,104,103,1,1
77641,70,74,-4,4
77642,16,35,-19,19
77643,102,103,-1,1
77644,125,116,9,9
77645,83,91,-8,8
77646,114,106,8,8
77647,150,151,-1,1
77648,164,155,9,9
77649,97,103,-6,6
77650,71,75,-4,4
77651,78,83,-5,5
77652,128,122,6,6
77653,111,109,2,2
77654,78,82,-4,4
77655,83,88,-5,5
77656,84,85,-1,1
77657,81,88,-7,7
77658,103,120,-17,17
77659,91,100,-9,9
77660,79,84,-5,5
77661,84,90,-6,6
77662,143,127,16,16
77663,97,100,-3,3
77664,85,90,-5,5
77665,120,115,5,5
77666,88,104,-16,16
77667,114,107,7,7
77668,116,114,2,2
77669,72,85,-13,13
77670,101,100,1,1
77671,129,132,-3,3
77672,119,109,10,10
77673,86,93,-7,7
77674,75,89,-14,14
77675,76,80,-4,4
77676,84,85,-1,1
77677,75,85,-10,10
77678,124,126,-2,2
77679,177,190,-13,13
77680,75,80,-5,5
77681,117,122,-5,5
77682,99,132,-33,33
77683,50,58,-8,8
77684,70,88,-18,18
77685,115,116,-1,1
77686,60,68,-8,8
77687,96,96,0,0
77688,142,148,-6,6
77689,87,85,2,2
77690,112,118,-6,6
77691,116,107,9,9
77692,56,63,-7,7
77693,158,158,0,0
77694,188,182,6,6
77695,181,166,15,15
77696,104,96,8,8
77697,159,156,3,3
77698,122,132,-10,10
77699,69,81,-12,12
77700,105,102,3,3
77701,84,97,-13,13
77702,80,85,-5,5
77703,62,67,-5,5
77704,75,79,-4,4
77705,72,85,-13,13
77706,86,86,0,0
77707,99,110,-11,11
77708,59,67,-8,8
77709,104,103,1,1
77710,78,84,-6,6
77711,97,105,-8,8
77712,129,124,5,5
77713,64,76,-12,12
77714,105,106,-1,1
77715,93,89,4,4
77716,92,97,-5,5
77717,40,50,-10,10
77718,98,108,-10,10
77719,132,138,-6,6
77720,67,81,-14,14
77721,51,87,-36,36
77722,81,97,-16,16
77723,142,146,-4,4
77724,145,140,5,5
77725,72,74,-2,2
77726,102,103,-1,1
77727,87,88,-1,1
77728,111,111,0,0
77729,80,82,-2,2
77730,85,88,-3,3
77731,144,134,10,10
77732,66,80,-14,14
77733,98,96,2,2
77734,91,98,-7,7
77735,61,73,-12,12
77736,46,62,-16,16
77737,89,101,-12,12
77738,105,100,5,5
77739,102,97,5,5
77740,100,109,-9,9
77741,58,69,-11,11
77742,116,119,-3,3
77743,73,80,-7,7
77744,96,99,-3,3
77745,89,91,-2,2
77746,79,89,-10,10
77747,74,81,-7,7
77748,100,94,6,6
77749,35,56,-21,21
77750,49,58,-9,9
77751,79,84,-5,5
77752,102,98,4,4
77753,104,91,13,13
77754,198,177,21,21
77755,136,130,6,6
77756,62,77,-15,15
77757,100,105,-5,5
77758,89,92,-3,3
77759,131,128,3,3
77760,82,86,-4,4
77761,157,150,7,7
77762,71,78,-7,7
77763,54,61,-7,7
77764,115,125,-10,10
77765,80,86,-6,6
77766,69,77,-8,8
77767,80,77,3,3
77768,89,95,-6,6
77769,91,95,-4,4
77770,171,149,22,22
77771,86,87,-1,1
77772,120,124,-4,4
77773,72,80,-8,8
77774,67,71,-4,4
77775,122,142,-20,20
77776,71,77,-6,6
77777,119,121,-2,2
77778,80,85,-5,5
77779,110,105,5,5
77780,47,56,-9,9
77781,193,171,22,22
77782,80,82,-2,2
77783,52,64,-12,12
77784,61,70,-9,9
77785,90,97,-7,7
77786,85,90,-5,5
77787,74,80,-6,6
77788,85,94,-9,9
77789,125,148,-23,23
77790,150,143,7,7
77791,89,94,-5,5
77792,93,97,-4,4
77793,131,136,-5,5
77794,66,76,-10,10
77795,78,79,-1,1
77796,151,151,0,0
77797,91,99,-8,8
77798,75,88,-13,13
77799,39,51,-12,12
77800,54,58,-4,4
77801,106,103,3,3
77802,128,135,-7,7
77803,49,68,-19,19
77804,124,124,0,0
77805,76,82,-6,6
77806,89,91,-2,2
77807,48,54,-6,6
77808,135,153,-18,18
77809,108,115,-7,7
77810,113,105,8,8
77811,97,90,7,7
77812,155,156,-1,1
77813,154,144,10,10
77814,118,110,8,8
77815,87,85,2,2
77816,56,70,-14,14
77817,56,79,-23,23
77818,70,87,-17,17
77819,45,60,-15,15
77820,49,79,-30,30
77821,91,87,4,4
77822,76,79,-3,3
77823,81,106,-25,25
77824,121,126,-5,5
77825,109,110,-1,1
77826,72,83,-11,11
77827,75,83,-8,8
77828,35,55,-20,20
77829,90,101,-11,11
77830,132,131,1,1
77831,140,153,-13,13
77832,75,87,-12,12
77833,76,82,-6,6
77834,111,134,-23,23
77835,92,104,-12,12
77836,120,139,-19,19
77837,119,120,-1,1
77838,78,91,-13,13
77839,86,92,-6,6
77840,60,73,-13,13
77841,158,150,8,8
77842,94,92,2,2
77843,126,125,1,1
77844,112,107,5,5
77845,112,108,4,4
77846,73,82,-9,9
77847,94,102,-8,8
77848,133,128,5,5
77849,70,68,2,2
77850,83,82,1,1
77851,117,126,-9,9
77852,104,108,-4,4
77853,109,111,-2,2
77854,173,151,22,22
77855,55,75,-20,20
77856,46,59,-13,13
77857,36,50,-14,14
77858,76,84,-8,8
77859,136,136,0,0
77860,102,103,-1,1
77861,110,113,-3,3
77862,94,94,0,0
77863,80,86,-6,6
77864,149,141,8,8
77865,249,228,21,21
77866,150,155,-5,5
77867,49,63,-14,14
77868,58,67,-9,9
77869,54,60,-6,6
77870,83,78,5,5
77871,119,114,5,5
77872,58,68,-10,10
77873,123,114,9,9
77874,125,120,5,5
77875,115,123,-8,8
77876,74,90,-16,16
77877,71,72,-1,1
77878,162,141,21,21
77879,96,107,-11,11
77880,63,70,-7,7
77881,87,97,-10,10
77882,74,68,6,6
77883,70,95,-25,25
77884,114,120,-6,6
77885,72,74,-2,2
77886,58,73,-15,15
77887,117,113,4,4
77888,77,101,-24,24
77889,57,71,-14,14
77890,142,136,6,6
77891,57,72,-15,15
77892,77,82,-5,5
77893,100,127,-27,27
77894,92,112,-20,20
77895,53,64,-11,11
77896,98,97,1,1
77897,96,100,-4,4
77898,67,72,-5,5
77899,69,76,-7,7
77900,108,112,-4,4
77901,97,95,2,2
77902,75,77,-2,2
77903,97,107,-10,10
77904,127,120,7,7
77905,87,87,0,0
77906,86,89,-3,3
77907,84,81,3,3
77908,86,90,-4,4
77909,88,91,-3,3
77910,97,101,-4,4
77911,86,92,-6,6
77912,79,93,-14,14
77913,183,178,5,5
77914,97,103,-6,6
77915,136,136,0,0
77916,78,84,-6,6
77917,128,130,-2,2
77918,116,113,3,3
77919,167,165,2,2
77920,143,153,-10,10
77921,72,85,-13,13
77922,101,102,-1,1
77923,89,94,-5,5
77924,63,68,-5,5
77925,136,130,6,6
77926,129,131,-2,2
77927,77,86,-9,9
77928,70,86,-16,16
77929,114,112,2,2
77930,100,116,-16,16
77931,133,127,6,6
77932,130,134,-4,4
77933,64,69,-5,5
77934,105,108,-3,3
77935,171,156,15,15
77936,120,117,3,3
77937,95,99,-4,4
77938,72,81,-9,9
77939,75,76,-1,1
77940,110,103,7,7
77941,119,114,5,5
77942,184,171,13,13
77943,132,132,0,0
77944,128,139,-11,11
77945,78,100,-22,22
77946,124,129,-5,5
77947,123,126,-3,3
77948,105,99,6,6
77949,51,66,-15,15
77950,89,105,-16,16
77951,58,70,-12,12
77952,112,112,0,0
77953,97,100,-3,3
77954,95,102,-7,7
77955,79,87,-8,8
77956,85,90,-5,5
77957,135,125,10,10
77958,127,136,-9,9
77959,95,90,5,5
77960,141,148,-7,7
77961,76,86,-10,10
77962,63,70,-7,7
77963,106,108,-2,2
77964,95,93,2,2
77965,91,92,-1,1
77966,147,145,2,2
77967,124,122,2,2
77968,88,84,4,4
77969,70,79,-9,9
77970,80,99,-19,19
77971,41,52,-11,11
77972,59,69,-10,10
77973,97,107,-10,10
77974,61,68,-7,7
77975,148,138,10,10
77976,106,105,1,1
77977,102,117,-15,15
77978,66,75,-9,9
77979,75,76,-1,1
77980,98,97,1,1
77981,58,60,-2,2
77982,59,68,-9,9
77983,53,60,-7,7
77984,53,81,-28,28
77985,121,113,8,8
77986,101,94,7,7
77987,145,138,7,7
77988,57,68,-11,11
77989,74,77,-3,3
77990,65,72,-7,7
77991,79,93,-14,14
77992,117,117,0,0
77993,65,71,-6,6
77994,64,75,-11,11
77995,81,79,2,2
77996,125,112,13,13
77997,67,73,-6,6
77998,69,75,-6,6
77999,59,62,-3,3
78000,126,121,5,5
78001,106,111,-5,5
78002,63,73,-10,10
78003,89,100,-11,11
78004,120,105,15,15
78005,97,103,-6,6
78006,70,76,-6,6
78007,116,128,-12,12
78008,77,72,5,5
78009,49,58,-9,9
78010,71,74,-3,3
78011,64,81,-17,17
78012,72,71,1,1
78013,128,115,13,13
78014,98,95,3,3
78015,66,75,-9,9
78016,112,117,-5,5
78017,51,62,-11,11
78018,85,87,-2,2
78019,100,95,5,5
78020,92,91,1,1
78021,111,113,-2,2
78022,100,121,-21,21
78023,96,99,-3,3
78024,166,152,14,14
78025,137,146,-9,9
78026,72,78,-6,6
78027,115,122,-7,7
78028,88,88,0,0
78029,91,97,-6,6
78030,103,109,-6,6
78031,47,61,-14,14
78032,86,101,-15,15
78033,136,129,7,7
78034,157,160,-3,3
78035,124,124,0,0
78036,137,140,-3,3
78037,101,104,-3,3
78038,74,78,-4,4
78039,85,84,1,1
78040,45,54,-9,9
78041,168,159,9,9
78042,115,111,4,4
78043,116,134,-18,18
78044,84,98,-14,14
78045,102,107,-5,5
78046,59,78,-19,19
78047,106,114,-8,8
78048,60,76,-16,16
78049,123,123,0,0
78050,85,81,4,4
78051,60,74,-14,14
78052,82,77,5,5
78053,160,149,11,11
78054,82,88,-6,6
78055,83,89,-6,6
78056,73,83,-10,10
78057,113,118,-5,5
78058,95,92,3,3
78059,100,98,2,2
78060,40,56,-16,16
78061,80,87,-7,7
78062,110,110,0,0
78063,144,147,-3,3
78064,115,109,6,6
78065,64,84,-20,20
78066,119,116,3,3
78067,102,109,-7,7
78068,159,141,18,18
78069,104,104,0,0
78070,91,95,-4,4
78071,133,135,-2,2
78072,98,102,-4,4
78073,96,107,-11,11
78074,134,132,2,2
78075,160,154,6,6
78076,59,77,-18,18
78077,74,87,-13,13
78078,106,102,4,4
78079,64,68,-4,4
78080,90,100,-10,10
78081,67,74,-7,7
78082,100,105,-5,5
78083,68,73,-5,5
78084,159,156,3,3
78085,87,93,-6,6
78086,123,135,-12,12
78087,78,84,-6,6
78088,95,96,-1,1
78089,56,77,-21,21
78090,102,108,-6,6
78091,108,98,10,10
78092,73,75,-2,2
78093,111,114,-3,3
78094,137,137,0,0
78095,84,94,-10,10
78096,89,86,3,3
78097,70,90,-20,20
78098,78,87,-9,9
78099,152,152,0,0
78100,81,88,-7,7
78101,49,60,-11,11
78102,69,77,-8,8
78103,102,96,6,6
78104,62,72,-10,10
78105,91,93,-2,2
78106,72,61,11,11
78107,47,54,-7,7
78108,184,163,21,21
78109,103,98,5,5
78110,69,81,-12,12
78111,51,68,-17,17
78112,120,139,-19,19
78113,105,92,13,13
78114,46,64,-18,18
78115,75,81,-6,6
78116,71,78,-7,7
78117,45,59,-14,14
78118,80,94,-14,14
78119,79,94,-15,15
78120,78,82,-4,4
78121,62,75,-13,13
78122,86,89,-3,3
78123,122,129,-7,7
78124,101,100,1,1
78125,72,79,-7,7
78126,141,142,-1,1
78127,69,78,-9,9
78128,93,96,-3,3
78129,55,61,-6,6
78130,121,118,3,3
78131,105,115,-10,10
78132,99,93,6,6
78133,195,172,23,23
78134,76,82,-6,6
78135,124,119,5,5
78136,100,88,12,12
78137,152,152,0,0
78138,108,108,0,0
78139,49,58,-9,9
78140,176,165,11,11
78141,104,195,-91,91
78142,81,71,10,10
78143,97,98,-1,1
78144,58,65,-7,7
78145,110,108,2,2
78146,55,69,-14,14
78147,69,74,-5,5
78148,107,136,-29,29
78149,71,75,-4,4
78150,88,93,-5,5
78151,43,61,-18,18
78152,117,123,-6,6
78153,81,73,8,8
78154,75,85,-10,10
78155,108,117,-9,9
78156,63,71,-8,8
78157,74,83,-9,9
78158,68,74,-6,6
78159,62,69,-7,7
78160,52,59,-7,7
78161,78,91,-13,13
78162,108,118,-10,10
78163,188,161,27,27
78164,61,71,-10,10
78165,77,81,-4,4
78166,97,94,3,3
78167,67,75,-8,8
78168,77,110,-33,33
78169,91,99,-8,8
78170,69,77,-8,8
78171,131,137,-6,6
78172,56,64,-8,8
78173,49,63,-14,14
78174,126,129,-3,3
78175,114,115,-1,1
78176,90,94,-4,4
78177,75,92,-17,17
78178,83,85,-2,2
78179,92,107,-15,15
78180,83,91,-8,8
78181,89,84,5,5
78182,85,90,-5,5
78183,70,72,-2,2
78184,108,107,1,1
78185,71,79,-8,8
78186,68,70,-2,2
78187,70,77,-7,7
78188,107,117,-10,10
78189,58,66,-8,8
78190,51,59,-8,8
78191,55,71,-16,16
78192,161,163,-2,2
78193,46,62,-16,16
78194,92,98,-6,6
78195,154,152,2,2
78196,83,91,-8,8
78197,128,127,1,1
78198,73,80,-7,7
78199,87,93,-6,6
78200,122,118,4,4
78201,108,98,10,10
78202,76,94,-18,18
78203,59,75,-16,16
78204,83,90,-7,7
78205,92,98,-6,6
78206,96,103,-7,7
78207,105,102,3,3
78208,58,71,-13,13
78209,81,83,-2,2
78210,110,104,6,6
78211,44,64,-20,20
78212,81,85,-4,4
78213,63,78,-15,15
78214,78,83,-5,5
78215,68,80,-12,12
78216,120,132,-12,12
78217,181,170,11,11
78218,141,135,6,6
78219,178,164,14,14
78220,64,67,-3,3
78221,72,82,-10,10
78222,45,51,-6,6
78223,143,134,9,9
78224,145,138,7,7
78225,111,115,-4,4
78226,86,93,-7,7
78227,125,134,-9,9
78228,79,84,-5,5
78229,67,79,-12,12
78230,173,162,11,11
78231,81,91,-10,10
78232,88,99,-11,11
78233,63,74,-11,11
78234,66,98,-32,32
78235,96,99,-3,3
78236,100,87,13,13
78237,57,62,-5,5
78238,125,118,7,7
78239,156,148,8,8
78240,125,119,6,6
78241,133,136,-3,3
78242,66,72,-6,6
78243,159,163,-4,4
78244,44,77,-33,33
78245,67,70,-3,3
78246,105,107,-2,2
78247,77,85,-8,8
78248,64,76,-12,12
78249,62,95,-33,33
78250,69,71,-2,2
78251,163,155,8,8
78252,62,73,-11,11
78253,50,60,-10,10
78254,100,106,-6,6
78255,108,106,2,2
78256,70,77,-7,7
78257,97,98,-1,1
78258,83,82,1,1
78259,137,150,-13,13
78260,70,75,-5,5
78261,122,106,16,16
78262,79,92,-13,13
78263,52,79,-27,27
78264,86,98,-12,12
78265,93,91,2,2
78266,93,115,-22,22
78267,62,70,-8,8
78268,109,103,6,6
78269,107,115,-8,8
78270,83,88,-5,5
78271,57,67,-10,10
78272,61,73,-12,12
78273,43,60,-17,17
78274,156,142,14,14
78275,102,101,1,1
78276,56,77,-21,21
78277,199,190,9,9
78278,103,109,-6,6
78279,77,84,-7,7
78280,147,156,-9,9
78281,99,115,-16,16
78282,74,115,-41,41
78283,71,72,-1,1
78284,142,143,-1,1
78285,72,74,-2,2
78286,28,58,-30,30
78287,99,117,-18,18
78288,145,157,-12,12
78289,51,58,-7,7
78290,132,142,-10,10
78291,102,105,-3,3
78292,69,75,-6,6
78293,142,143,-1,1
78294,52,57,-5,5
78295,87,98,-11,11
78296,122,128,-6,6
78297,93,108,-15,15
78298,85,95,-10,10
78299,101,102,-1,1
78300,88,96,-8,8
78301,64,72,-8,8
78302,131,130,1,1
78303,91,95,-4,4
78304,174,160,14,14
78305,50,57,-7,7
78306,78,89,-11,11
78307,76,89,-13,13
78308,118,120,-2,2
78309,56,67,-11,11
78310,53,62,-9,9
78311,98,109,-11,11
78312,119,128,-9,9
78313,133,133,0,0
78314,66,72,-6,6
78315,117,127,-10,10
78316,94,97,-3,3
78317,79,88,-9,9
78318,114,119,-5,5
78319,96,89,7,7
78320,81,91,-10,10
78321,83,91,-8,8
78322,74,81,-7,7
78323,89,89,0,0
78324,73,90,-17,17
78325,160,157,3,3
78326,120,120,0,0
78327,52,58,-6,6
78328,127,137,-10,10
78329,93,93,0,0
78330,108,122,-14,14
78331,95,100,-5,5
78332,75,82,-7,7
78333,124,115,9,9
78334,90,98,-8,8
78335,101,111,-10,10
78336,44,58,-14,14
78337,113,113,0,0
78338,64,80,-16,16
78339,135,134,1,1
78340,147,140,7,7
78341,112,119,-7,7
78342,63,73,-10,10
78343,91,105,-14,14
78344,93,81,12,12
78345,116,114,2,2
78346,124,135,-11,11
78347,127,133,-6,6
78348,114,127,-13,13
78349,137,119,18,18
78350,56,69,-13,13
78351,54,66,-12,12
78352,78,88,-10,10
78353,71,78,-7,7
78354,72,80,-8,8
78355,67,80,-13,13
78356,48,55,-7,7
78357,115,138,-23,23
78358,53,59,-6,6
78359,95,101,-6,6
78360,56,76,-20,20
78361,45,52,-7,7
78362,209,197,12,12
78363,85,100,-15,15
78364,80,83,-3,3
78365,139,146,-7,7
78366,64,71,-7,7
78367,83,94,-11,11
78368,121,120,1,1
78369,102,114,-12,12
78370,94,96,-2,2
78371,119,119,0,0
78372,59,70,-11,11
78373,61,95,-34,34
78374,74,79,-5,5
78375,76,83,-7,7
78376,91,99,-8,8
78377,132,122,10,10
78378,54,68,-14,14
78379,74,82,-8,8
78380,96,93,3,3
78381,60,74,-14,14
78382,91,101,-10,10
78383,102,106,-4,4
78384,131,133,-2,2
78385,95,94,1,1
78386,35,45,-10,10
78387,70,84,-14,14
78388,115,110,5,5
78389,63,75,-12,12
78390,70,85,-15,15
78391,73,74,-1,1
78392,79,86,-7,7
78393,114,123,-9,9
78394,75,90,-15,15
78395,103,108,-5,5
78396,111,109,2,2
78397,110,123,-13,13
78398,55,62,-7,7
78399,89,101,-12,12
78400,53,71,-18,18
78401,114,107,7,7
78402,104,111,-7,7
78403,45,55,-10,10
78404,122,121,1,1
78405,72,83,-11,11
78406,140,133,7,7
78407,132,123,9,9
78408,127,158,-31,31
78409,133,131,2,2
78410,66,72,-6,6
78411,99,103,-4,4
78412,112,115,-3,3
78413,104,93,11,11
78414,143,142,1,1
78415,107,108,-1,1
78416,122,126,-4,4
78417,166,166,0,0
78418,169,166,3,3
78419,165,168,-3,3
78420,147,130,17,17
78421,63,68,-5,5
78422,71,86,-15,15
78423,59,64,-5,5
78424,127,135,-8,8
78425,168,154,14,14
78426,43,55,-12,12
78427,103,105,-2,2
78428,109,106,3,3
78429,99,110,-11,11
78430,71,79,-8,8
78431,94,102,-8,8
78432,104,106,-2,2
78433,96,103,-7,7
78434,85,84,1,1
78435,122,109,13,13
78436,85,91,-6,6
78437,49,61,-12,12
78438,44,70,-26,26
78439,65,68,-3,3
78440,78,86,-8,8
78441,117,116,1,1
78442,103,102,1,1
78443,106,99,7,7
78444,97,109,-12,12
78445,167,183,-16,16
78446,50,62,-12,12
78447,134,127,7,7
78448,100,114,-14,14
78449,81,90,-9,9
78450,108,116,-8,8
78451,55,65,-10,10
78452,82,91,-9,9
78453,94,118,-24,24
78454,94,93,1,1
78455,61,69,-8,8
78456,141,138,3,3
78457,79,86,-7,7
78458,71,87,-16,16
78459,48,62,-14,14
78460,140,147,-7,7
78461,70,100,-30,30
78462,63,68,-5,5
78463,137,129,8,8
78464,40,51,-11,11
78465,103,103,0,0
78466,67,84,-17,17
78467,82,84,-2,2
78468,119,125,-6,6
78469,131,128,3,3
78470,77,98,-21,21
78471,98,99,-1,1
78472,148,158,-10,10
78473,91,91,0,0
78474,95,103,-8,8
78475,60,64,-4,4
78476,72,78,-6,6
78477,123,123,0,0
78478,68,76,-8,8
78479,124,134,-10,10
78480,128,130,-2,2
78481,114,120,-6,6
78482,90,96,-6,6
78483,108,114,-6,6
78484,114,109,5,5
78485,33,62,-29,29
78486,95,103,-8,8
78487,113,115,-2,2
78488,57,67,-10,10
78489,71,76,-5,5
78490,110,106,4,4
78491,67,76,-9,9
78492,59,70,-11,11
78493,105,110,-5,5
78494,132,125,7,7
78495,93,104,-11,11
78496,90,98,-8,8
78497,134,128,6,6
78498,32,46,-14,14
78499,108,148,-40,40
78500,81,81,0,0
78501,94,100,-6,6
78502,116,124,-8,8
78503,131,134,-3,3
78504,63,77,-14,14
78505,96,98,-2,2
78506,71,68,3,3
78507,71,72,-1,1
78508,79,92,-13,13
78509,115,116,-1,1
78510,48,74,-26,26
78511,85,88,-3,3
78512,113,109,4,4
78513,89,95,-6,6
78514,131,135,-4,4
78515,91,101,-10,10
78516,72,76,-4,4
78517,169,155,14,14
78518,133,141,-8,8
78519,176,162,14,14
78520,118,127,-9,9
78521,71,86,-15,15
78522,65,75,-10,10
78523,144,126,18,18
78524,72,92,-20,20
78525,70,82,-12,12
78526,70,77,-7,7
78527,117,110,7,7
78528,97,101,-4,4
78529,57,66,-9,9
78530,61,89,-28,28
78531,80,86,-6,6
78532,92,95,-3,3
78533,85,97,-12,12
78534,125,115,10,10
78535,90,103,-13,13
78536,80,84,-4,4
78537,71,83,-12,12
78538,149,137,12,12
78539,69,74,-5,5
78540,104,102,2,2
78541,95,95,0,0
78542,129,114,15,15
78543,144,130,14,14
78544,61,71,-10,10
78545,130,122,8,8
78546,144,139,5,5
78547,39,48,-9,9
78548,114,118,-4,4
78549,48,58,-10,10
78550,94,94,0,0
78551,92,91,1,1
78552,101,94,7,7
78553,79,89,-10,10
78554,113,107,6,6
78555,69,83,-14,14
78556,41,56,-15,15
78557,69,80,-11,11
78558,108,112,-4,4
78559,66,73,-7,7
78560,93,90,3,3
78561,86,86,0,0
78562,79,84,-5,5
78563,80,90,-10,10
78564,87,91,-4,4
78565,179,169,10,10
78566,67,71,-4,4
78567,71,84,-13,13
78568,86,85,1,1
78569,92,103,-11,11
78570,109,115,-6,6
78571,45,62,-17,17
78572,84,91,-7,7
78573,158,155,3,3
78574,92,93,-1,1
78575,75,78,-3,3
78576,84,90,-6,6
78577,65,79,-14,14
78578,104,100,4,4
78579,44,56,-12,12
78580,198,165,33,33
78581,124,122,2,2
78582,134,123,11,11
78583,122,115,7,7
78584,77,82,-5,5
78585,103,105,-2,2
78586,98,98,0,0
78587,59,62,-3,3
78588,87,84,3,3
78589,74,73,1,1
78590,67,79,-12,12
78591,85,92,-7,7
78592,79,79,0,0
78593,96,101,-5,5
78594,121,124,-3,3
78595,98,117,-19,19
78596,145,136,9,9
78597,110,110,0,0
78598,144,149,-5,5
78599,85,88,-3,3
78600,114,124,-10,10
78601,95,98,-3,3
78602,51,67,-16,16
78603,97,97,0,0
78604,81,74,7,7
78605,81,85,-4,4
78606,85,90,-5,5
78607,154,154,0,0
78608,125,124,1,1
78609,97,105,-8,8
78610,161,152,9,9
78611,144,131,13,13
78612,127,125,2,2
78613,88,91,-3,3
78614,180,168,12,12
78615,90,101,-11,11
78616,66,83,-17,17
78617,95,99,-4,4
78618,94,105,-11,11
78619,75,84,-9,9
78620,65,77,-12,12
78621,111,126,-15,15
78622,67,73,-6,6
78623,86,96,-10,10
78624,141,134,7,7
78625,102,103,-1,1
78626,142,149,-7,7
78627,188,185,3,3
78628,62,63,-1,1
78629,104,113,-9,9
78630,63,68,-5,5
78631,100,99,1,1
78632,148,142,6,6
78633,103,111,-8,8
78634,122,131,-9,9
78635,69,77,-8,8
78636,89,90,-1,1
78637,113,100,13,13
78638,135,135,0,0
78639,158,147,11,11
78640,74,72,2,2
78641,54,63,-9,9
78642,106,108,-2,2
78643,56,92,-36,36
78644,113,110,3,3
78645,95,90,5,5
78646,134,134,0,0
78647,73,81,-8,8
78648,51,58,-7,7
78649,50,53,-3,3
78650,33,46,-13,13
78651,130,122,8,8
78652,111,136,-25,25
78653,58,66,-8,8
78654,103,103,0,0
78655,136,140,-4,4
78656,99,101,-2,2
78657,99,97,2,2
78658,116,114,2,2
78659,149,148,1,1
78660,69,78,-9,9
78661,81,98,-17,17
78662,57,63,-6,6
78663,85,86,-1,1
78664,78,100,-22,22
78665,94,98,-4,4
78666,112,110,2,2
78667,141,122,19,19
78668,133,128,5,5
78669,85,99,-14,14
78670,100,111,-11,11
78671,62,69,-7,7
78672,121,122,-1,1
78673,54,65,-11,11
78674,154,152,2,2
78675,142,128,14,14
78676,104,121,-17,17
78677,103,103,0,0
78678,70,73,-3,3
78679,118,117,1,1
78680,115,115,0,0
78681,145,145,0,0
78682,106,113,-7,7
78683,114,116,-2,2
78684,87,87,0,0
78685,155,142,13,13
78686,142,135,7,7
78687,132,128,4,4
78688,94,98,-4,4
78689,142,142,0,0
78690,150,147,3,3
78691,53,64,-11,11
78692,94,94,0,0
78693,85,102,-17,17
78694,62,76,-14,14
78695,53,59,-6,6
78696,81,93,-12,12
78697,175,169,6,6
78698,55,61,-6,6
78699,72,88,-16,16
78700,93,93,0,0
78701,73,88,-15,15
78702,47,63,-16,16
78703,67,76,-9,9
78704,117,115,2,2
78705,104,108,-4,4
78706,76,80,-4,4
78707,99,91,8,8
78708,131,126,5,5
78709,84,98,-14,14
78710,105,118,-13,13
78711,157,144,13,13
78712,111,121,-10,10
78713,91,99,-8,8
78714,74,90,-16,16
78715,79,84,-5,5
78716,103,97,6,6
78717,119,117,2,2
78718,163,135,28,28
78719,69,78,-9,9
78720,112,111,1,1
78721,55,72,-17,17
78722,97,105,-8,8
78723,99,95,4,4
78724,58,76,-18,18
78725,125,113,12,12
78726,88,86,2,2
78727,81,86,-5,5
78728,158,161,-3,3
78729,55,74,-19,19
78730,114,122,-8,8
78731,95,101,-6,6
78732,87,111,-24,24
78733,139,127,12,12
78734,79,83,-4,4
78735,75,74,1,1
78736,56,68,-12,12
78737,113,136,-23,23
78738,148,137,11,11
78739,160,144,16,16
78740,97,102,-5,5
78741,88,95,-7,7
78742,89,94,-5,5
78743,101,105,-4,4
78744,53,65,-12,12
78745,97,114,-17,17
78746,67,77,-10,10
78747,117,112,5,5
78748,72,70,2,2
78749,40,53,-13,13
78750,48,60,-12,12
78751,88,87,1,1
78752,95,88,7,7
78753,132,131,1,1
78754,63,70,-7,7
78755,95,100,-5,5
78756,84,88,-4,4
78757,33,49,-16,16
78758,70,77,-7,7
78759,154,152,2,2
78760,163,150,13,13
78761,175,162,13,13
78762,92,93,-1,1
78763,150,148,2,2
78764,67,75,-8,8
78765,127,135,-8,8
78766,131,130,1,1
78767,194,175,19,19
78768,113,115,-2,2
78769,106,105,1,1
78770,88,86,2,2
78771,75,81,-6,6
78772,56,79,-23,23
78773,86,103,-17,17
78774,66,69,-3,3
78775,171,163,8,8
78776,127,125,2,2
78777,110,112,-2,2
78778,93,99,-6,6
78779,89,96,-7,7
78780,72,88,-16,16
78781,98,96,2,2
78782,77,84,-7,7
78783,93,98,-5,5
78784,112,103,9,9
78785,68,74,-6,6
78786,104,118,-14,14
78787,78,80,-2,2
78788,69,82,-13,13
78789,48,58,-10,10
78790,65,77,-12,12
78791,109,116,-7,7
78792,90,109,-19,19
78793,141,137,4,4
78794,100,107,-7,7
78795,133,139,-6,6
78796,110,106,4,4
78797,54,60,-6,6
78798,71,78,-7,7
78799,144,140,4,4
78800,57,74,-17,17
78801,88,97,-9,9
78802,107,103,4,4
78803,128,127,1,1
78804,93,102,-9,9
78805,136,141,-5,5
78806,107,100,7,7
78807,151,142,9,9
78808,114,111,3,3
78809,67,74,-7,7
78810,94,99,-5,5
78811,90,89,1,1
78812,105,99,6,6
78813,132,124,8,8
78814,90,92,-2,2
78815,120,130,-10,10
78816,91,102,-11,11
78817,155,149,6,6
78818,62,68,-6,6
78819,109,108,1,1
78820,100,113,-13,13
78821,160,143,17,17
78822,96,100,-4,4
78823,104,117,-13,13
78824,93,97,-4,4
78825,72,80,-8,8
78826,59,79,-20,20
78827,74,78,-4,4
78828,83,80,3,3
78829,92,88,4,4
78830,100,109,-9,9
78831,87,89,-2,2
78832,122,125,-3,3
78833,78,82,-4,4
78834,79,79,0,0
78835,138,126,12,12
78836,158,148,10,10
78837,75,81,-6,6
78838,100,98,2,2
78839,134,129,5,5
78840,138,156,-18,18
78841,82,96,-14,14
78842,52,56,-4,4
78843,74,85,-11,11
78844,60,64,-4,4
78845,49,75,-26,26
78846,45,55,-10,10
78847,83,87,-4,4
78848,55,65,-10,10
78849,74,78,-4,4
78850,96,94,2,2
78851,71,83,-12,12
78852,73,79,-6,6
78853,104,120,-16,16
78854,57,64,-7,7
78855,79,86,-7,7
78856,109,115,-6,6
78857,65,68,-3,3
78858,129,145,-16,16
78859,75,79,-4,4
78860,209,192,17,17
78861,102,100,2,2
78862,102,111,-9,9
78863,142,132,10,10
78864,140,122,18,18
78865,44,51,-7,7
78866,102,110,-8,8
78867,89,85,4,4
78868,86,87,-1,1
78869,85,92,-7,7
78870,88,88,0,0
78871,77,90,-13,13
78872,123,130,-7,7
78873,62,81,-19,19
78874,163,160,3,3
78875,114,118,-4,4
78876,55,70,-15,15
78877,112,118,-6,6
78878,125,127,-2,2
78879,123,126,-3,3
78880,96,99,-3,3
78881,111,109,2,2
78882,136,129,7,7
78883,75,82,-7,7
78884,134,136,-2,2
78885,77,90,-13,13
78886,98,105,-7,7
78887,94,95,-1,1
78888,77,86,-9,9
78889,83,84,-1,1
78890,97,91,6,6
78891,82,86,-4,4
78892,126,123,3,3
78893,159,162,-3,3
78894,100,109,-9,9
78895,100,118,-18,18
78896,121,122,-1,1
78897,117,105,12,12
78898,81,93,-12,12
78899,90,93,-3,3
78900,68,72,-4,4
78901,110,116,-6,6
78902,118,135,-17,17
78903,97,99,-2,2
78904,81,84,-3,3
78905,105,108,-3,3
78906,95,93,2,2
78907,66,80,-14,14
78908,109,113,-4,4
78909,141,142,-1,1
78910,52,62,-10,10
78911,80,81,-1,1
78912,93,93,0,0
78913,76,82,-6,6
78914,111,116,-5,5
78915,107,105,2,2
78916,132,127,5,5
78917,100,108,-8,8
78918,138,129,9,9
78919,122,122,0,0
78920,105,109,-4,4
78921,85,89,-4,4
78922,96,94,2,2
78923,60,63,-3,3
78924,106,106,0,0
78925,47,67,-20,20
78926,97,100,-3,3
78927,36,49,-13,13
78928,111,103,8,8
78929,121,131,-10,10
78930,85,83,2,2
78931,95,94,1,1
78932,78,85,-7,7
78933,113,121,-8,8
78934,72,77,-5,5
78935,110,120,-10,10
78936,38,50,-12,12
78937,133,132,1,1
78938,52,84,-32,32
78939,49,59,-10,10
78940,57,65,-8,8
78941,209,165,44,44
78942,93,102,-9,9
78943,62,71,-9,9
78944,51,64,-13,13
78945,82,110,-28,28
78946,77,81,-4,4
78947,165,152,13,13
78948,58,65,-7,7
78949,108,107,1,1
78950,43,59,-16,16
78951,83,90,-7,7
78952,92,96,-4,4
78953,127,124,3,3
78954,47,58,-11,11
78955,78,82,-4,4
78956,62,75,-13,13
78957,136,129,7,7
78958,121,128,-7,7
78959,79,88,-9,9
78960,83,96,-13,13
78961,100,106,-6,6
78962,86,104,-18,18
78963,89,98,-9,9
78964,74,77,-3,3
78965,133,135,-2,2
78966,107,111,-4,4
78967,89,89,0,0
78968,72,77,-5,5
78969,78,93,-15,15
78970,52,60,-8,8
78971,94,98,-4,4
78972,107,109,-2,2
78973,61,65,-4,4
78974,224,201,23,23
78975,75,75,0,0
78976,53,66,-13,13
78977,95,103,-8,8
78978,63,68,-5,5
78979,133,138,-5,5
78980,45,51,-6,6
78981,65,68,-3,3
78982,93,94,-1,1
78983,68,80,-12,12
78984,86,93,-7,7
78985,116,120,-4,4
78986,112,119,-7,7
78987,79,78,1,1
78988,83,85,-2,2
78989,136,147,-11,11
78990,58,67,-9,9
78991,98,99,-1,1
78992,216,218,-2,2
78993,135,134,1,1
78994,87,91,-4,4
78995,99,99,0,0
78996,85,89,-4,4
78997,57,64,-7,7
78998,69,71,-2,2
78999,72,78,-6,6
79000,42,57,-15,15
79001,50,60,-10,10
79002,120,121,-1,1
79003,43,55,-12,12
79004,58,66,-8,8
79005,64,80,-16,16
79006,47,58,-11,11
79007,118,115,3,3
79008,91,119,-28,28
79009,115,120,-5,5
79010,132,137,-5,5
79011,124,126,-2,2
79012,127,142,-15,15
79013,90,88,2,2
79014,142,144,-2,2
79015,72,80,-8,8
79016,91,101,-10,10
79017,93,102,-9,9
79018,159,162,-3,3
79019,76,85,-9,9
79020,89,102,-13,13
79021,127,110,17,17
79022,76,81,-5,5
79023,101,103,-2,2
79024,95,100,-5,5
79025,82,88,-6,6
79026,109,110,-1,1
79027,108,105,3,3
79028,84,93,-9,9
79029,184,176,8,8
79030,77,80,-3,3
79031,92,88,4,4
79032,57,69,-12,12
79033,104,103,1,1
79034,118,125,-7,7
79035,111,109,2,2
79036,78,72,6,6
79037,122,121,1,1
79038,72,77,-5,5
79039,106,100,6,6
79040,61,66,-5,5
79041,106,109,-3,3
79042,122,124,-2,2
79043,119,123,-4,4
79044,141,127,14,14
79045,114,114,0,0
79046,124,119,5,5
79047,86,84,2,2
79048,43,63,-20,20
79049,177,177,0,0
79050,169,178,-9,9
79051,100,108,-8,8
79052,70,80,-10,10
79053,80,87,-7,7
79054,82,87,-5,5
79055,97,96,1,1
79056,112,109,3,3
79057,122,119,3,3
79058,62,69,-7,7
79059,146,130,16,16
79060,77,92,-15,15
79061,95,102,-7,7
79062,167,149,18,18
79063,62,98,-36,36
79064,112,139,-27,27
79065,56,68,-12,12
79066,126,118,8,8
79067,127,117,10,10
79068,221,207,14,14
79069,180,172,8,8
79070,73,73,0,0
79071,53,63,-10,10
79072,82,93,-11,11
79073,58,63,-5,5
79074,78,82,-4,4
79075,130,126,4,4
79076,39,45,-6,6
79077,93,118,-25,25
79078,87,87,0,0
79079,82,81,1,1
79080,130,136,-6,6
79081,74,80,-6,6
79082,93,95,-2,2
79083,69,84,-15,15
79084,57,65,-8,8
79085,79,79,0,0
79086,120,121,-1,1
79087,91,86,5,5
79088,99,114,-15,15
79089,100,99,1,1
79090,93,96,-3,3
79091,78,88,-10,10
79092,82,91,-9,9
79093,242,209,33,33
79094,154,151,3,3
79095,63,71,-8,8
79096,52,61,-9,9
79097,106,106,0,0
79098,87,110,-23,23
79099,106,116,-10,10
79100,36,47,-11,11
79101,108,131,-23,23
79102,153,189,-36,36
79103,44,65,-21,21
79104,119,119,0,0
79105,51,63,-12,12
79106,156,145,11,11
79107,114,134,-20,20
79108,123,124,-1,1
79109,149,145,4,4
79110,90,88,2,2
79111,67,75,-8,8
79112,179,170,9,9
79113,123,126,-3,3
79114,88,95,-7,7
79115,211,207,4,4
79116,149,142,7,7
79117,58,63,-5,5
79118,85,88,-3,3
79119,94,98,-4,4
79120,125,136,-11,11
79121,50,63,-13,13
79122,78,77,1,1
79123,91,93,-2,2
79124,166,166,0,0
79125,89,88,1,1
79126,55,71,-16,16
79127,140,140,0,0
79128,122,126,-4,4
79129,92,85,7,7
79130,59,67,-8,8
79131,112,122,-10,10
79132,97,105,-8,8
79133,109,120,-11,11
79134,121,143,-22,22
79135,75,84,-9,9
79136,80,81,-1,1
79137,104,106,-2,2
79138,130,132,-2,2
79139,148,149,-1,1
79140,54,61,-7,7
79141,121,114,7,7
79142,65,89,-24,24
79143,51,67,-16,16
79144,142,128,14,14
79145,40,48,-8,8
79146,58,70,-12,12
79147,92,94,-2,2
79148,71,79,-8,8
79149,96,99,-3,3
79150,118,115,3,3
79151,54,66,-12,12
79152,91,105,-14,14
79153,70,74,-4,4
79154,85,89,-4,4
79155,47,63,-16,16
79156,137,141,-4,4
79157,88,100,-12,12
79158,73,81,-8,8
79159,99,102,-3,3
79160,68,76,-8,8
79161,174,177,-3,3
79162,119,129,-10,10
79163,84,89,-5,5
79164,103,122,-19,19
79165,174,170,4,4
79166,98,100,-2,2
79167,86,84,2,2
79168,101,109,-8,8
79169,88,84,4,4
79170,78,76,2,2
79171,94,94,0,0
79172,131,127,4,4
79173,104,100,4,4
79174,89,101,-12,12
79175,104,122,-18,18
79176,43,58,-15,15
79177,85,89,-4,4
79178,66,77,-11,11
79179,108,122,-14,14
79180,89,107,-18,18
79181,54,67,-13,13
79182,75,80,-5,5
79183,85,100,-15,15
79184,94,99,-5,5
79185,58,68,-10,10
79186,191,179,12,12
79187,63,67,-4,4
79188,73,73,0,0
79189,92,99,-7,7
79190,125,117,8,8
79191,90,96,-6,6
79192,128,129,-1,1
79193,38,55,-17,17
79194,84,85,-1,1
79195,85,86,-1,1
79196,147,142,5,5
79197,54,60,-6,6
79198,78,83,-5,5
79199,117,110,7,7
79200,78,89,-11,11
79201,83,83,0,0
79202,125,152,-27,27
79203,108,109,-1,1
79204,94,100,-6,6
79205,45,55,-10,10
79206,120,121,-1,1
79207,86,92,-6,6
79208,85,89,-4,4
79209,50,58,-8,8
79210,89,91,-2,2
79211,90,91,-1,1
79212,75,81,-6,6
79213,110,118,-8,8
79214,82,85,-3,3
79215,140,139,1,1
79216,102,109,-7,7
79217,78,87,-9,9
79218,90,96,-6,6
79219,49,59,-10,10
79220,60,66,-6,6
79221,128,144,-16,16
79222,91,101,-10,10
79223,94,97,-3,3
79224,101,100,1,1
79225,90,94,-4,4
79226,115,114,1,1
79227,111,102,9,9
79228,110,122,-12,12
79229,64,76,-12,12
79230,112,105,7,7
79231,88,94,-6,6
79232,108,106,2,2
79233,100,104,-4,4
79234,66,75,-9,9
79235,142,129,13,13
79236,64,71,-7,7
79237,140,140,0,0
79238,124,120,4,4
79239,66,76,-10,10
79240,99,98,1,1
79241,78,77,1,1
79242,103,116,-13,13
79243,121,120,1,1
79244,96,93,3,3
79245,30,46,-16,16
79246,69,70,-1,1
79247,97,96,1,1
79248,81,82,-1,1
79249,72,78,-6,6
79250,93,89,4,4
79251,84,99,-15,15
79252,84,98,-14,14
79253,98,103,-5,5
79254,57,79,-22,22
79255,81,89,-8,8
79256,88,98,-10,10
79257,98,102,-4,4
79258,171,164,7,7
79259,76,82,-6,6
79260,126,137,-11,11
79261,90,96,-6,6
79262,91,86,5,5
79263,94,90,4,4
79264,91,89,2,2
79265,122,125,-3,3
79266,81,93,-12,12
79267,86,109,-23,23
79268,79,85,-6,6
79269,76,93,-17,17
79270,97,110,-13,13
79271,125,147,-22,22
79272,125,131,-6,6
79273,62,70,-8,8
79274,63,76,-13,13
79275,81,88,-7,7
79276,115,103,12,12
79277,162,164,-2,2
79278,103,103,0,0
79279,64,70,-6,6
79280,153,141,12,12
79281,69,84,-15,15
79282,132,122,10,10
79283,76,75,1,1
79284,63,83,-20,20
79285,65,72,-7,7
79286,89,95,-6,6
79287,165,144,21,21
79288,84,86,-2,2
79289,89,87,2,2
79290,130,126,4,4
79291,73,71,2,2
79292,110,124,-14,14
79293,157,144,13,13
79294,82,93,-11,11
79295,100,103,-3,3
79296,128,127,1,1
79297,122,122,0,0
79298,102,108,-6,6
79299,102,99,3,3
79300,86,82,4,4
79301,124,129,-5,5
79302,157,149,8,8
79303,104,104,0,0
79304,94,100,-6,6
79305,59,69,-10,10
79306,103,101,2,2
79307,78,79,-1,1
79308,73,86,-13,13
79309,76,84,-8,8
79310,112,126,-14,14
79311,103,115,-12,12
79312,159,138,21,21
79313,42,56,-14,14
79314,83,84,-1,1
79315,108,112,-4,4
79316,129,128,1,1
79317,129,133,-4,4
79318,145,137,8,8
79319,70,77,-7,7
79320,71,75,-4,4
79321,60,72,-12,12
79322,100,100,0,0
79323,173,168,5,5
79324,156,145,11,11
79325,101,103,-2,2
79326,99,107,-8,8
79327,130,132,-2,2
79328,68,128,-60,60
79329,138,130,8,8
79330,138,140,-2,2
79331,126,130,-4,4
79332,74,79,-5,5
79333,75,77,-2,2
79334,79,83,-4,4
79335,67,73,-6,6
79336,80,125,-45,45
79337,86,83,3,3
79338,57,67,-10,10
79339,111,125,-14,14
79340,95,100,-5,5
79341,85,84,1,1
79342,88,89,-1,1
79343,72,78,-6,6
79344,22,34,-12,12
79345,97,89,8,8
79346,130,122,8,8
79347,55,67,-12,12
79348,95,95,0,0
79349,86,92,-6,6
79350,53,63,-10,10
79351,66,73,-7,7
79352,122,136,-14,14
79353,130,132,-2,2
79354,135,130,5,5
79355,47,56,-9,9
79356,65,106,-41,41
79357,46,51,-5,5
79358,155,140,15,15
79359,60,71,-11,11
79360,75,85,-10,10
79361,97,96,1,1
79362,142,127,15,15
79363,57,73,-16,16
79364,80,84,-4,4
79365,44,50,-6,6
79366,107,111,-4,4
79367,39,63,-24,24
79368,163,162,1,1
79369,152,163,-11,11
79370,119,119,0,0
79371,98,90,8,8
79372,67,84,-17,17
79373,61,65,-4,4
79374,99,107,-8,8
79375,62,71,-9,9
79376,68,74,-6,6
79377,72,83,-11,11
79378,83,93,-10,10
79379,103,101,2,2
79380,116,130,-14,14
79381,122,127,-5,5
79382,88,96,-8,8
79383,129,121,8,8
79384,86,88,-2,2
79385,82,89,-7,7
79386,83,93,-10,10
79387,71,86,-15,15
79388,77,83,-6,6
79389,100,110,-10,10
79390,206,197,9,9
79391,152,174,-22,22
79392,58,64,-6,6
79393,141,140,1,1
79394,96,91,5,5
79395,149,133,16,16
79396,80,80,0,0
79397,48,56,-8,8
79398,75,85,-10,10
79399,95,96,-1,1
79400,126,138,-12,12
79401,74,80,-6,6
79402,95,95,0,0
79403,59,73,-14,14
79404,164,161,3,3
79405,95,96,-1,1
79406,46,59,-13,13
79407,88,91,-3,3
79408,135,144,-9,9
79409,140,129,11,11
79410,103,108,-5,5
79411,69,76,-7,7
79412,144,129,15,15
79413,147,134,13,13
79414,105,117,-12,12
79415,154,128,26,26
79416,77,80,-3,3
79417,74,83,-9,9
79418,132,130,2,2
79419,56,68,-12,12
79420,48,61,-13,13
79421,77,83,-6,6
79422,20,43,-23,23
79423,94,101,-7,7
79424,66,76,-10,10
79425,72,76,-4,4
79426,130,124,6,6
79427,282,256,26,26
79428,139,125,14,14
79429,99,114,-15,15
79430,67,75,-8,8
79431,72,80,-8,8
79432,96,113,-17,17
79433,76,84,-8,8
79434,119,119,0,0
79435,93,89,4,4
79436,61,75,-14,14
79437,79,77,2,2
79438,107,106,1,1
79439,152,159,-7,7
79440,85,84,1,1
79441,62,75,-13,13
79442,103,98,5,5
79443,59,68,-9,9
79444,109,119,-10,10
79445,84,97,-13,13
79446,85,83,2,2
79447,77,97,-20,20
79448,182,175,7,7
79449,105,115,-10,10
79450,165,165,0,0
79451,101,102,-1,1
79452,91,93,-2,2
79453,93,95,-2,2
79454,105,115,-10,10
79455,98,106,-8,8
79456,140,142,-2,2
79457,150,137,13,13
79458,168,160,8,8
79459,155,146,9,9
79460,75,71,4,4
79461,56,62,-6,6
79462,41,60,-19,19
79463,84,87,-3,3
79464,46,59,-13,13
79465,168,165,3,3
79466,148,140,8,8
79467,92,98,-6,6
79468,93,94,-1,1
79469,108,106,2,2
79470,52,64,-12,12
79471,100,101,-1,1
79472,77,90,-13,13
79473,95,94,1,1
79474,67,74,-7,7
79475,84,81,3,3
79476,107,106,1,1
79477,80,82,-2,2
79478,104,107,-3,3
79479,86,92,-6,6
79480,90,86,4,4
79481,70,83,-13,13
79482,125,139,-14,14
79483,68,75,-7,7
79484,125,126,-1,1
79485,133,137,-4,4
79486,77,80,-3,3
79487,70,81,-11,11
79488,182,170,12,12
79489,114,105,9,9
79490,114,118,-4,4
79491,183,183,0,0
79492,57,72,-15,15
79493,111,116,-5,5
79494,49,62,-13,13
79495,58,66,-8,8
79496,97,114,-17,17
79497,141,146,-5,5
79498,133,131,2,2
79499,115,110,5,5
79500,142,136,6,6
79501,53,61,-8,8
79502,69,70,-1,1
79503,152,137,15,15
79504,52,62,-10,10
79505,145,144,1,1
79506,90,92,-2,2
79507,125,121,4,4
79508,73,69,4,4
79509,72,78,-6,6
79510,69,85,-16,16
79511,146,138,8,8
79512,149,149,0,0
79513,79,84,-5,5
79514,105,115,-10,10
79515,65,68,-3,3
79516,139,130,9,9
79517,123,119,4,4
79518,105,90,15,15
79519,40,52,-12,12
79520,65,75,-10,10
79521,134,132,2,2
79522,123,120,3,3
79523,127,120,7,7
79524,39,76,-37,37
79525,104,116,-12,12
79526,48,60,-12,12
79527,78,90,-12,12
79528,102,101,1,1
79529,72,67,5,5
79530,130,135,-5,5
79531,107,114,-7,7
79532,90,95,-5,5
79533,85,89,-4,4
79534,103,109,-6,6
79535,118,113,5,5
79536,67,80,-13,13
79537,101,95,6,6
79538,108,110,-2,2
79539,134,149,-15,15
79540,83,80,3,3
79541,103,110,-7,7
79542,43,65,-22,22
79543,154,142,12,12
79544,137,138,-1,1
79545,133,125,8,8
79546,165,145,20,20
79547,68,80,-12,12
79548,144,143,1,1
79549,112,122,-10,10
79550,96,101,-5,5
79551,84,88,-4,4
79552,131,117,14,14
79553,95,97,-2,2
79554,166,152,14,14
79555,56,70,-14,14
79556,112,113,-1,1
79557,55,62,-7,7
79558,88,93,-5,5
79559,81,80,1,1
79560,79,84,-5,5
79561,105,110,-5,5
79562,52,61,-9,9
79563,131,128,3,3
79564,101,108,-7,7
79565,98,89,9,9
79566,60,65,-5,5
79567,66,75,-9,9
79568,85,81,4,4
79569,81,83,-2,2
79570,117,128,-11,11
79571,61,68,-7,7
79572,74,83,-9,9
79573,64,74,-10,10
79574,61,68,-7,7
79575,106,108,-2,2
79576,82,87,-5,5
79577,68,91,-23,23
79578,100,108,-8,8
79579,111,99,12,12
79580,73,84,-11,11
79581,110,111,-1,1
79582,110,120,-10,10
79583,150,146,4,4
79584,119,126,-7,7
79585,140,144,-4,4
79586,107,104,3,3
79587,31,50,-19,19
79588,111,113,-2,2
79589,93,102,-9,9
79590,73,81,-8,8
79591,75,89,-14,14
79592,106,124,-18,18
79593,46,56,-10,10
79594,169,163,6,6
79595,128,130,-2,2
79596,189,188,1,1
79597,119,122,-3,3
79598,61,62,-1,1
79599,109,114,-5,5
79600,129,119,10,10
79601,118,123,-5,5
79602,91,94,-3,3
79603,95,102,-7,7
79604,106,99,7,7
79605,188,178,10,10
79606,78,82,-4,4
79607,59,76,-17,17
79608,66,71,-5,5
79609,62,74,-12,12
79610,137,132,5,5
79611,82,91,-9,9
79612,115,120,-5,5
79613,102,114,-12,12
79614,50,78,-28,28
79615,119,122,-3,3
79616,159,161,-2,2
79617,146,143,3,3
79618,62,65,-3,3
79619,72,72,0,0
79620,82,86,-4,4
79621,64,73,-9,9
79622,74,81,-7,7
79623,104,101,3,3
79624,169,136,33,33
79625,86,95,-9,9
79626,178,189,-11,11
79627,83,89,-6,6
79628,115,115,0,0
79629,124,126,-2,2
79630,123,149,-26,26
79631,90,96,-6,6
79632,51,59,-8,8
79633,99,99,0,0
79634,99,128,-29,29
79635,108,100,8,8
79636,124,114,10,10
79637,144,147,-3,3
79638,128,134,-6,6
79639,70,79,-9,9
79640,74,87,-13,13
79641,134,140,-6,6
79642,119,126,-7,7
79643,41,53,-12,12
79644,101,112,-11,11
79645,149,141,8,8
79646,121,115,6,6
79647,56,63,-7,7
79648,108,108,0,0
79649,72,82,-10,10
79650,98,98,0,0
79651,67,70,-3,3
79652,69,76,-7,7
79653,89,94,-5,5
79654,122,130,-8,8
79655,75,81,-6,6
79656,80,90,-10,10
79657,184,184,0,0
79658,80,84,-4,4
79659,136,136,0,0
79660,85,89,-4,4
79661,86,88,-2,2
79662,99,112,-13,13
79663,161,165,-4,4
79664,106,115,-9,9
79665,86,92,-6,6
79666,160,152,8,8
79667,140,148,-8,8
79668,157,159,-2,2
79669,121,123,-2,2
79670,61,74,-13,13
79671,108,111,-3,3
79672,110,112,-2,2
79673,101,101,0,0
79674,85,89,-4,4
79675,125,129,-4,4
79676,67,74,-7,7
79677,64,72,-8,8
79678,47,69,-22,22
79679,111,121,-10,10
79680,45,61,-16,16
79681,79,74,5,5
79682,102,101,1,1
79683,99,87,12,12
79684,121,121,0,0
79685,75,90,-15,15
79686,172,168,4,4
79687,67,80,-13,13
79688,111,104,7,7
79689,119,134,-15,15
79690,134,127,7,7
79691,139,140,-1,1
79692,67,77,-10,10
79693,100,121,-21,21
79694,64,74,-10,10
79695,105,107,-2,2
79696,106,108,-2,2
79697,41,51,-10,10
79698,122,123,-1,1
79699,96,104,-8,8
79700,74,80,-6,6
79701,97,95,2,2
79702,106,107,-1,1
79703,58,63,-5,5
79704,61,69,-8,8
79705,72,78,-6,6
79706,97,100,-3,3
79707,104,109,-5,5
79708,90,98,-8,8
79709,190,177,13,13
79710,113,127,-14,14
79711,72,97,-25,25
79712,102,100,2,2
79713,143,122,21,21
79714,71,78,-7,7
79715,80,93,-13,13
79716,45,54,-9,9
79717,57,70,-13,13
79718,109,113,-4,4
79719,80,84,-4,4
79720,54,69,-15,15
79721,75,83,-8,8
79722,80,89,-9,9
79723,73,80,-7,7
79724,216,201,15,15
79725,73,84,-11,11
79726,124,122,2,2
79727,160,134,26,26
79728,140,138,2,2
79729,136,130,6,6
79730,68,71,-3,3
79731,91,93,-2,2
79732,69,68,1,1
79733,93,106,-13,13
79734,103,104,-1,1
79735,93,97,-4,4
79736,53,61,-8,8
79737,116,116,0,0
79738,57,79,-22,22
79739,89,90,-1,1
79740,58,64,-6,6
79741,136,140,-4,4
79742,95,101,-6,6
79743,59,72,-13,13
79744,169,156,13,13
79745,105,109,-4,4
79746,119,109,10,10
79747,89,93,-4,4
79748,132,123,9,9
79749,81,80,1,1
79750,52,54,-2,2
79751,139,123,16,16
79752,60,70,-10,10
79753,128,124,4,4
79754,54,60,-6,6
79755,123,129,-6,6
79756,99,102,-3,3
79757,36,53,-17,17
79758,40,53,-13,13
79759,114,119,-5,5
79760,89,88,1,1
79761,68,76,-8,8
79762,96,89,7,7
79763,120,123,-3,3
79764,85,90,-5,5
79765,67,70,-3,3
79766,90,95,-5,5
79767,59,66,-7,7
79768,86,82,4,4
79769,187,178,9,9
79770,117,113,4,4
79771,50,67,-17,17
79772,90,89,1,1
79773,92,95,-3,3
79774,57,69,-12,12
79775,55,65,-10,10
79776,51,65,-14,14
79777,84,92,-8,8
79778,110,117,-7,7
79779,52,73,-21,21
79780,56,73,-17,17
79781,82,87,-5,5
79782,141,144,-3,3
79783,104,105,-1,1
79784,113,119,-6,6
79785,119,114,5,5
79786,124,124,0,0
79787,79,83,-4,4
79788,99,98,1,1
79789,133,120,13,13
79790,53,64,-11,11
79791,88,91,-3,3
79792,58,64,-6,6
79793,90,100,-10,10
79794,89,102,-13,13
79795,91,106,-15,15
79796,110,110,0,0
79797,77,85,-8,8
79798,71,79,-8,8
79799,77,86,-9,9
79800,115,124,-9,9
79801,62,81,-19,19
79802,167,165,2,2
79803,105,113,-8,8
79804,100,100,0,0
79805,100,110,-10,10
79806,111,120,-9,9
79807,92,93,-1,1
79808,162,158,4,4
79809,109,117,-8,8
79810,164,157,7,7
79811,63,65,-2,2
79812,67,78,-11,11
79813,158,164,-6,6
79814,82,87,-5,5
79815,65,65,0,0
79816,118,115,3,3
79817,87,98,-11,11
79818,159,159,0,0
79819,122,116,6,6
79820,102,109,-7,7
79821,63,72,-9,9
79822,94,100,-6,6
79823,100,107,-7,7
79824,87,77,10,10
79825,98,96,2,2
79826,79,77,2,2
79827,104,100,4,4
79828,115,114,1,1
79829,118,139,-21,21
79830,82,86,-4,4
79831,130,122,8,8
79832,98,107,-9,9
79833,141,150,-9,9
79834,197,184,13,13
79835,141,145,-4,4
79836,91,96,-5,5
79837,80,83,-3,3
79838,104,99,5,5
79839,171,164,7,7
79840,292,245,47,47
79841,113,120,-7,7
79842,111,111,0,0
79843,116,119,-3,3
79844,66,69,-3,3
79845,146,145,1,1
79846,62,73,-11,11
79847,105,106,-1,1
79848,66,72,-6,6
79849,59,68,-9,9
79850,74,85,-11,11
79851,91,87,4,4
79852,117,119,-2,2
79853,101,110,-9,9
79854,167,175,-8,8
79855,69,76,-7,7
79856,120,122,-2,2
79857,119,116,3,3
79858,130,126,4,4
79859,69,72,-3,3
79860,97,109,-12,12
79861,76,85,-9,9
79862,183,176,7,7
79863,65,77,-12,12
79864,155,145,10,10
79865,80,81,-1,1
79866,107,114,-7,7
79867,46,68,-22,22
79868,95,92,3,3
79869,72,76,-4,4
79870,74,86,-12,12
79871,73,79,-6,6
79872,66,69,-3,3
79873,76,82,-6,6
79874,75,82,-7,7
79875,36,67,-31,31
79876,82,88,-6,6
79877,150,142,8,8
79878,88,99,-11,11
79879,40,53,-13,13
79880,82,90,-8,8
79881,166,158,8,8
79882,113,116,-3,3
79883,120,122,-2,2
79884,136,135,1,1
79885,53,68,-15,15
79886,233,204,29,29
79887,78,82,-4,4
79888,112,112,0,0
79889,103,114,-11,11
79890,100,100,0,0
79891,86,98,-12,12
79892,69,79,-10,10
79893,109,115,-6,6
79894,105,105,0,0
79895,51,92,-41,41
79896,99,115,-16,16
79897,138,146,-8,8
79898,42,96,-54,54
79899,87,88,-1,1
79900,141,139,2,2
79901,75,90,-15,15
79902,96,99,-3,3
79903,56,64,-8,8
79904,122,122,0,0
79905,65,74,-9,9
79906,113,103,10,10
79907,67,69,-2,2
79908,83,84,-1,1
79909,91,85,6,6
79910,136,140,-4,4
79911,85,84,1,1
79912,66,76,-10,10
79913,79,71,8,8
79914,73,78,-5,5
79915,106,107,-1,1
79916,76,80,-4,4
79917,149,141,8,8
79918,38,55,-17,17
79919,108,105,3,3
79920,91,100,-9,9
79921,105,108,-3,3
79922,85,92,-7,7
79923,62,77,-15,15
79924,117,143,-26,26
79925,62,75,-13,13
79926,115,109,6,6
79927,85,78,7,7
79928,150,152,-2,2
79929,132,132,0,0
79930,74,86,-12,12
79931,44,70,-26,26
79932,152,157,-5,5
79933,142,148,-6,6
79934,106,112,-6,6
79935,97,102,-5,5
79936,97,93,4,4
79937,53,68,-15,15
79938,116,120,-4,4
79939,141,141,0,0
79940,109,114,-5,5
79941,90,90,0,0
79942,111,116,-5,5
79943,186,189,-3,3
79944,133,130,3,3
79945,83,84,-1,1
79946,69,85,-16,16
79947,73,82,-9,9
79948,154,143,11,11
79949,93,109,-16,16
79950,87,91,-4,4
79951,126,132,-6,6
79952,91,98,-7,7
79953,79,84,-5,5
79954,82,95,-13,13
79955,112,97,15,15
79956,72,71,1,1
79957,179,181,-2,2
79958,67,79,-12,12
79959,61,82,-21,21
79960,134,128,6,6
79961,129,125,4,4
79962,79,82,-3,3
79963,95,99,-4,4
79964,147,141,6,6
79965,86,97,-11,11
79966,64,73,-9,9
79967,73,85,-12,12
79968,60,66,-6,6
79969,122,131,-9,9
79970,91,101,-10,10
79971,78,90,-12,12
79972,69,83,-14,14
79973,64,90,-26,26
79974,120,118,2,2
79975,101,105,-4,4
79976,51,60,-9,9
79977,80,88,-8,8
79978,100,144,-44,44
79979,104,109,-5,5
79980,69,82,-13,13
79981,94,99,-5,5
79982,110,125,-15,15
79983,157,159,-2,2
79984,56,68,-12,12
79985,118,124,-6,6
79986,29,35,-6,6
79987,110,144,-34,34
79988,102,100,2,2
79989,78,85,-7,7
79990,116,132,-16,16
79991,129,131,-2,2
79992,124,133,-9,9
79993,69,91,-22,22
79994,94,102,-8,8
79995,105,100,5,5
79996,127,142,-15,15
79997,99,103,-4,4
79998,106,101,5,5
79999,45,55,-10,10
80000,73,76,-3,3
80001,57,60,-3,3
80002,71,77,-6,6
80003,84,90,-6,6
80004,91,95,-4,4
80005,93,95,-2,2
80006,75,84,-9,9
80007,98,96,2,2
80008,76,79,-3,3
80009,87,88,-1,1
80010,100,109,-9,9
80011,101,100,1,1
80012,63,81,-18,18
80013,94,91,3,3
80014,58,69,-11,11
80015,77,74,3,3
80016,136,124,12,12
80017,86,95,-9,9
80018,109,107,2,2
80019,77,80,-3,3
80020,146,141,5,5
80021,128,129,-1,1
80022,164,158,6,6
80023,71,79,-8,8
80024,147,153,-6,6
80025,96,96,0,0
80026,65,71,-6,6
80027,95,99,-4,4
80028,84,91,-7,7
80029,104,105,-1,1
80030,75,81,-6,6
80031,168,165,3,3
80032,200,182,18,18
80033,153,158,-5,5
80034,171,171,0,0
80035,111,125,-14,14
80036,65,81,-16,16
80037,85,100,-15,15
80038,98,89,9,9
80039,111,118,-7,7
80040,112,116,-4,4
80041,113,113,0,0
80042,148,135,13,13
80043,115,120,-5,5
80044,63,80,-17,17
80045,95,92,3,3
80046,98,105,-7,7
80047,117,124,-7,7
80048,144,139,5,5
80049,115,126,-11,11
80050,124,120,4,4
80051,115,123,-8,8
80052,93,105,-12,12
80053,83,92,-9,9
80054,83,89,-6,6
80055,106,111,-5,5
80056,104,106,-2,2
80057,149,167,-18,18
80058,94,104,-10,10
80059,61,71,-10,10
80060,63,81,-18,18
80061,98,104,-6,6
80062,70,81,-11,11
80063,96,105,-9,9
80064,89,93,-4,4
80065,120,148,-28,28
80066,85,83,2,2
80067,159,138,21,21
80068,144,148,-4,4
80069,63,73,-10,10
80070,102,103,-1,1
80071,119,114,5,5
80072,106,114,-8,8
80073,88,80,8,8
80074,54,64,-10,10
80075,58,69,-11,11
80076,130,123,7,7
80077,168,155,13,13
80078,73,77,-4,4
80079,133,138,-5,5
80080,98,104,-6,6
80081,86,85,1,1
80082,81,89,-8,8
80083,83,89,-6,6
80084,59,68,-9,9
80085,43,56,-13,13
80086,80,87,-7,7
80087,73,83,-10,10
80088,86,91,-5,5
80089,89,120,-31,31
80090,77,83,-6,6
80091,59,61,-2,2
80092,64,101,-37,37
80093,82,82,0,0
80094,47,56,-9,9
80095,99,90,9,9
80096,104,108,-4,4
80097,62,73,-11,11
80098,70,82,-12,12
80099,65,74,-9,9
80100,79,84,-5,5
80101,86,92,-6,6
80102,105,109,-4,4
80103,91,101,-10,10
80104,117,111,6,6
80105,43,55,-12,12
80106,171,162,9,9
80107,115,116,-1,1
80108,111,118,-7,7
80109,73,80,-7,7
80110,118,118,0,0
80111,84,85,-1,1
80112,96,107,-11,11
80113,115,117,-2,2
80114,172,163,9,9
80115,138,135,3,3
80116,130,125,5,5
80117,142,141,1,1
80118,92,99,-7,7
80119,71,71,0,0
80120,42,51,-9,9
80121,93,95,-2,2
80122,116,109,7,7
80123,90,87,3,3
80124,74,84,-10,10
80125,56,69,-13,13
80126,139,127,12,12
80127,76,89,-13,13
80128,97,108,-11,11
80129,88,96,-8,8
80130,70,76,-6,6
80131,148,146,2,2
80132,70,77,-7,7
80133,112,119,-7,7
80134,81,75,6,6
80135,52,63,-11,11
80136,95,106,-11,11
80137,80,89,-9,9
80138,46,59,-13,13
80139,50,58,-8,8
80140,129,127,2,2
80141,90,95,-5,5
80142,132,120,12,12
80143,143,139,4,4
80144,130,150,-20,20
80145,147,139,8,8
80146,103,103,0,0
80147,61,67,-6,6
80148,88,98,-10,10
80149,158,151,7,7
80150,50,63,-13,13
80151,115,115,0,0
80152,86,96,-10,10
80153,95,96,-1,1
80154,135,148,-13,13
80155,84,91,-7,7
80156,116,140,-24,24
80157,31,50,-19,19
80158,86,93,-7,7
80159,87,86,1,1
80160,99,95,4,4
80161,61,71,-10,10
80162,66,69,-3,3
80163,99,102,-3,3
80164,83,77,6,6
80165,63,67,-4,4
80166,85,84,1,1
80167,90,97,-7,7
80168,114,115,-1,1
80169,77,84,-7,7
80170,74,84,-10,10
80171,85,90,-5,5
80172,49,92,-43,43
80173,29,47,-18,18
80174,77,76,1,1
80175,70,76,-6,6
80176,72,85,-13,13
80177,67,90,-23,23
80178,73,79,-6,6
80179,112,104,8,8
80180,153,158,-5,5
80181,120,123,-3,3
80182,96,101,-5,5
80183,104,107,-3,3
80184,74,86,-12,12
80185,50,58,-8,8
80186,74,79,-5,5
80187,91,93,-2,2
80188,100,106,-6,6
80189,45,64,-19,19
80190,96,106,-10,10
80191,57,65,-8,8
80192,117,114,3,3
80193,116,115,1,1
80194,117,120,-3,3
80195,85,96,-11,11
80196,90,99,-9,9
80197,120,109,11,11
80198,63,79,-16,16
80199,131,149,-18,18
80200,55,66,-11,11
80201,159,165,-6,6
80202,95,92,3,3
80203,91,97,-6,6
80204,52,60,-8,8
80205,73,77,-4,4
80206,107,106,1,1
80207,73,86,-13,13
80208,144,141,3,3
80209,101,110,-9,9
80210,84,85,-1,1
80211,72,85,-13,13
80212,100,116,-16,16
80213,57,68,-11,11
80214,89,88,1,1
80215,85,88,-3,3
80216,136,139,-3,3
80217,104,110,-6,6
80218,180,171,9,9
80219,88,90,-2,2
80220,81,94,-13,13
80221,98,101,-3,3
80222,63,65,-2,2
80223,81,96,-15,15
80224,132,141,-9,9
80225,139,140,-1,1
80226,156,146,10,10
80227,94,99,-5,5
80228,113,120,-7,7
80229,155,175,-20,20
80230,106,102,4,4
80231,71,80,-9,9
80232,98,110,-12,12
80233,48,142,-94,94
80234,54,63,-9,9
80235,86,87,-1,1
80236,103,107,-4,4
80237,148,139,9,9
80238,73,74,-1,1
80239,135,143,-8,8
80240,93,96,-3,3
80241,137,141,-4,4
80242,82,88,-6,6
80243,78,79,-1,1
80244,95,101,-6,6
80245,74,76,-2,2
80246,95,99,-4,4
80247,64,73,-9,9
80248,100,111,-11,11
80249,95,104,-9,9
80250,28,52,-24,24
80251,38,52,-14,14
80252,92,96,-4,4
80253,134,139,-5,5
80254,68,77,-9,9
80255,117,118,-1,1
80256,118,116,2,2
80257,79,81,-2,2
80258,61,70,-9,9
80259,132,126,6,6
80260,98,114,-16,16
80261,70,81,-11,11
80262,117,112,5,5
80263,61,63,-2,2
80264,69,79,-10,10
80265,76,74,2,2
80266,56,69,-13,13
80267,108,108,0,0
80268,70,79,-9,9
80269,53,63,-10,10
80270,94,101,-7,7
80271,158,156,2,2
80272,146,144,2,2
80273,94,104,-10,10
80274,48,60,-12,12
80275,85,95,-10,10
80276,117,108,9,9
80277,119,114,5,5
80278,72,82,-10,10
80279,103,104,-1,1
80280,85,87,-2,2
80281,121,112,9,9
80282,66,84,-18,18
80283,177,190,-13,13
80284,85,88,-3,3
80285,151,157,-6,6
80286,57,64,-7,7
80287,83,79,4,4
80288,68,73,-5,5
80289,118,123,-5,5
80290,70,72,-2,2
80291,30,55,-25,25
80292,94,105,-11,11
80293,68,78,-10,10
80294,153,157,-4,4
80295,81,82,-1,1
80296,106,110,-4,4
80297,93,91,2,2
80298,152,156,-4,4
80299,117,119,-2,2
80300,121,120,1,1
80301,104,115,-11,11
80302,130,122,8,8
80303,113,111,2,2
80304,108,107,1,1
80305,110,107,3,3
80306,76,91,-15,15
80307,119,121,-2,2
80308,79,78,1,1
80309,96,100,-4,4
80310,74,96,-22,22
80311,71,75,-4,4
80312,79,76,3,3
80313,62,71,-9,9
80314,67,76,-9,9
80315,149,132,17,17
80316,70,79,-9,9
80317,87,90,-3,3
80318,302,274,28,28
80319,51,63,-12,12
80320,73,76,-3,3
80321,47,58,-11,11
80322,138,129,9,9
80323,155,149,6,6
80324,67,79,-12,12
80325,118,129,-11,11
80326,73,82,-9,9
80327,67,80,-13,13
80328,43,63,-20,20
80329,101,115,-14,14
80330,89,88,1,1
80331,67,76,-9,9
80332,148,149,-1,1
80333,131,133,-2,2
80334,73,74,-1,1
80335,135,146,-11,11
80336,71,85,-14,14
80337,71,76,-5,5
80338,108,101,7,7
80339,131,126,5,5
80340,115,132,-17,17
80341,56,68,-12,12
80342,84,88,-4,4
80343,92,104,-12,12
80344,38,47,-9,9
80345,134,121,13,13
80346,75,80,-5,5
80347,124,115,9,9
80348,126,127,-1,1
80349,103,119,-16,16
80350,57,59,-2,2
80351,82,96,-14,14
80352,113,118,-5,5
80353,103,114,-11,11
80354,119,108,11,11
80355,259,278,-19,19
80356,87,92,-5,5
80357,180,153,27,27
80358,84,98,-14,14
80359,110,124,-14,14
80360,116,112,4,4
80361,114,117,-3,3
80362,124,135,-11,11
80363,92,87,5,5
80364,86,98,-12,12
80365,85,92,-7,7
80366,65,73,-8,8
80367,73,78,-5,5
80368,72,79,-7,7
80369,108,111,-3,3
80370,47,53,-6,6
80371,96,105,-9,9
80372,66,76,-10,10
80373,70,83,-13,13
80374,134,130,4,4
80375,47,59,-12,12
80376,50,63,-13,13
80377,69,80,-11,11
80378,82,89,-7,7
80379,103,105,-2,2
80380,79,83,-4,4
80381,82,89,-7,7
80382,77,91,-14,14
80383,77,89,-12,12
80384,99,103,-4,4
80385,99,107,-8,8
80386,156,167,-11,11
80387,82,82,0,0
80388,123,118,5,5
80389,75,73,2,2
80390,47,60,-13,13
80391,32,50,-18,18
80392,72,83,-11,11
80393,92,98,-6,6
80394,128,109,19,19
80395,100,108,-8,8
80396,78,91,-13,13
80397,141,138,3,3
80398,361,274,87,87
80399,142,140,2,2
80400,28,66,-38,38
80401,53,60,-7,7
80402,80,89,-9,9
80403,81,90,-9,9
80404,181,157,24,24
80405,55,71,-16,16
80406,81,84,-3,3
80407,58,71,-13,13
80408,28,41,-13,13
80409,76,88,-12,12
80410,77,89,-12,12
80411,125,125,0,0
80412,89,103,-14,14
80413,91,97,-6,6
80414,103,108,-5,5
80415,97,103,-6,6
80416,90,86,4,4
80417,69,77,-8,8
80418,140,141,-1,1
80419,59,65,-6,6
80420,140,140,0,0
80421,119,125,-6,6
80422,86,99,-13,13
80423,71,77,-6,6
80424,179,175,4,4
80425,119,106,13,13
80426,115,111,4,4
80427,61,76,-15,15
80428,160,161,-1,1
80429,127,129,-2,2
80430,186,191,-5,5
80431,95,108,-13,13
80432,73,85,-12,12
80433,86,86,0,0
80434,64,76,-12,12
80435,164,155,9,9
80436,80,84,-4,4
80437,107,125,-18,18
80438,138,134,4,4
80439,95,100,-5,5
80440,161,152,9,9
80441,81,83,-2,2
80442,118,118,0,0
80443,102,105,-3,3
80444,79,86,-7,7
80445,83,87,-4,4
80446,96,90,6,6
80447,99,106,-7,7
80448,101,103,-2,2
80449,73,78,-5,5
80450,151,148,3,3
80451,86,96,-10,10
80452,107,105,2,2
80453,102,100,2,2
80454,87,91,-4,4
80455,110,110,0,0
80456,75,90,-15,15
80457,68,95,-27,27
80458,88,97,-9,9
80459,84,88,-4,4
80460,81,84,-3,3
80461,78,84,-6,6
80462,73,79,-6,6
80463,103,100,3,3
80464,175,165,10,10
80465,122,122,0,0
80466,106,106,0,0
80467,53,59,-6,6
80468,120,124,-4,4
80469,135,139,-4,4
80470,96,99,-3,3
80471,69,76,-7,7
80472,86,90,-4,4
80473,94,105,-11,11
80474,46,58,-12,12
80475,93,96,-3,3
80476,111,119,-8,8
80477,54,65,-11,11
80478,63,70,-7,7
80479,59,72,-13,13
80480,61,70,-9,9
80481,68,81,-13,13
80482,140,130,10,10
80483,79,79,0,0
80484,148,151,-3,3
80485,114,116,-2,2
80486,77,87,-10,10
80487,95,90,5,5
80488,53,61,-8,8
80489,102,113,-11,11
80490,150,154,-4,4
80491,142,126,16,16
80492,123,133,-10,10
80493,85,86,-1,1
80494,86,85,1,1
80495,106,104,2,2
80496,123,120,3,3
80497,99,102,-3,3
80498,78,77,1,1
80499,74,80,-6,6
80500,83,84,-1,1
80501,68,103,-35,35
80502,100,111,-11,11
80503,71,72,-1,1
80504,85,78,7,7
80505,105,106,-1,1
80506,132,130,2,2
80507,109,101,8,8
80508,95,97,-2,2
80509,101,101,0,0
80510,49,64,-15,15
80511,37,50,-13,13
80512,80,93,-13,13
80513,66,65,1,1
80514,70,76,-6,6
80515,93,91,2,2
80516,54,67,-13,13
80517,99,112,-13,13
80518,100,103,-3,3
80519,143,143,0,0
80520,67,72,-5,5
80521,69,76,-7,7
80522,72,97,-25,25
80523,88,97,-9,9
80524,116,97,19,19
80525,103,108,-5,5
80526,129,134,-5,5
80527,112,115,-3,3
80528,47,55,-8,8
80529,80,83,-3,3
80530,87,89,-2,2
80531,102,111,-9,9
80532,111,117,-6,6
80533,113,117,-4,4
80534,85,84,1,1
80535,57,71,-14,14
80536,110,106,4,4
80537,91,97,-6,6
80538,127,126,1,1
80539,71,77,-6,6
80540,110,107,3,3
80541,143,142,1,1
80542,90,95,-5,5
80543,122,114,8,8
80544,124,121,3,3
80545,53,60,-7,7
80546,77,89,-12,12
80547,35,50,-15,15
80548,63,81,-18,18
80549,115,111,4,4
80550,128,128,0,0
80551,99,103,-4,4
80552,90,102,-12,12
80553,80,84,-4,4
80554,98,99,-1,1
80555,95,95,0,0
80556,138,138,0,0
80557,84,85,-1,1
80558,129,138,-9,9
80559,101,97,4,4
80560,109,100,9,9
80561,142,145,-3,3
80562,72,64,8,8
80563,110,112,-2,2
80564,52,57,-5,5
80565,66,91,-25,25
80566,69,78,-9,9
80567,79,81,-2,2
80568,69,76,-7,7
80569,97,99,-2,2
80570,96,97,-1,1
80571,105,104,1,1
80572,144,139,5,5
80573,129,122,7,7
80574,75,86,-11,11
80575,111,108,3,3
80576,149,143,6,6
80577,110,112,-2,2
80578,73,79,-6,6
80579,58,68,-10,10
80580,47,57,-10,10
80581,82,93,-11,11
80582,70,78,-8,8
80583,124,110,14,14
80584,78,83,-5,5
80585,136,129,7,7
80586,147,152,-5,5
80587,84,105,-21,21
80588,121,124,-3,3
80589,63,69,-6,6
80590,94,97,-3,3
80591,125,131,-6,6
80592,82,96,-14,14
80593,158,143,15,15
80594,67,76,-9,9
80595,61,75,-14,14
80596,119,121,-2,2
80597,65,80,-15,15
80598,86,92,-6,6
80599,98,88,10,10
80600,143,143,0,0
80601,105,109,-4,4
80602,113,131,-18,18
80603,77,78,-1,1
80604,107,117,-10,10
80605,58,68,-10,10
80606,145,148,-3,3
80607,52,78,-26,26
80608,109,106,3,3
80609,71,75,-4,4
80610,64,77,-13,13
80611,129,127,2,2
80612,83,93,-10,10
80613,40,65,-25,25
80614,102,114,-12,12
80615,65,69,-4,4
80616,100,92,8,8
80617,131,130,1,1
80618,90,91,-1,1
80619,92,102,-10,10
80620,67,85,-18,18
80621,121,118,3,3
80622,126,117,9,9
80623,93,100,-7,7
80624,157,153,4,4
80625,89,93,-4,4
80626,53,68,-15,15
80627,96,95,1,1
80628,111,107,4,4
80629,121,118,3,3
80630,67,84,-17,17
80631,59,65,-6,6
80632,88,93,-5,5
80633,71,87,-16,16
80634,57,66,-9,9
80635,118,112,6,6
80636,78,80,-2,2
80637,118,117,1,1
80638,85,91,-6,6
80639,102,108,-6,6
80640,69,79,-10,10
80641,179,182,-3,3
80642,94,112,-18,18
80643,100,103,-3,3
80644,91,88,3,3
80645,139,147,-8,8
80646,77,87,-10,10
80647,64,72,-8,8
80648,64,71,-7,7
80649,137,139,-2,2
80650,113,112,1,1
80651,93,90,3,3
80652,100,106,-6,6
80653,88,93,-5,5
80654,87,87,0,0
80655,144,144,0,0
80656,41,60,-19,19
80657,51,64,-13,13
80658,78,79,-1,1
80659,72,78,-6,6
80660,66,74,-8,8
80661,58,74,-16,16
80662,123,128,-5,5
80663,90,89,1,1
80664,56,62,-6,6
80665,98,94,4,4
80666,91,95,-4,4
80667,126,123,3,3
80668,68,66,2,2
80669,117,113,4,4
80670,46,59,-13,13
80671,71,81,-10,10
80672,111,111,0,0
80673,89,90,-1,1
80674,58,72,-14,14
80675,104,106,-2,2
80676,110,108,2,2
80677,101,104,-3,3
80678,203,222,-19,19
80679,90,98,-8,8
80680,82,84,-2,2
80681,133,119,14,14
80682,67,74,-7,7
80683,75,82,-7,7
80684,90,89,1,1
80685,91,89,2,2
80686,91,100,-9,9
80687,67,70,-3,3
80688,122,120,2,2
80689,59,69,-10,10
80690,40,55,-15,15
80691,104,103,1,1
80692,118,122,-4,4
80693,92,90,2,2
80694,157,168,-11,11
80695,65,74,-9,9
80696,60,72,-12,12
80697,100,99,1,1
80698,31,46,-15,15
80699,94,95,-1,1
80700,45,56,-11,11
80701,109,104,5,5
80702,85,89,-4,4
80703,86,96,-10,10
80704,185,176,9,9
80705,97,95,2,2
80706,69,69,0,0
80707,194,192,2,2
80708,63,84,-21,21
80709,141,142,-1,1
80710,87,81,6,6
80711,131,133,-2,2
80712,152,141,11,11
80713,96,98,-2,2
80714,111,116,-5,5
80715,92,88,4,4
80716,108,107,1,1
80717,83,87,-4,4
80718,52,63,-11,11
80719,103,109,-6,6
80720,189,182,7,7
80721,80,78,2,2
80722,149,142,7,7
80723,146,136,10,10
80724,66,70,-4,4
80725,38,53,-15,15
80726,124,133,-9,9
80727,55,64,-9,9
80728,141,124,17,17
80729,83,123,-40,40
80730,144,152,-8,8
80731,127,130,-3,3
80732,80,80,0,0
80733,125,126,-1,1
80734,115,116,-1,1
80735,79,85,-6,6
80736,73,79,-6,6
80737,92,84,8,8
80738,84,93,-9,9
80739,103,107,-4,4
80740,104,115,-11,11
80741,101,110,-9,9
80742,92,103,-11,11
80743,169,158,11,11
80744,53,61,-8,8
80745,114,110,4,4
80746,138,144,-6,6
80747,86,85,1,1
80748,85,92,-7,7
80749,147,146,1,1
80750,58,73,-15,15
80751,128,127,1,1
80752,65,78,-13,13
80753,89,91,-2,2
80754,95,104,-9,9
80755,84,90,-6,6
80756,115,110,5,5
80757,142,140,2,2
80758,120,118,2,2
80759,102,109,-7,7
80760,121,143,-22,22
80761,48,62,-14,14
80762,127,109,18,18
80763,76,78,-2,2
80764,133,127,6,6
80765,108,107,1,1
80766,67,72,-5,5
80767,33,49,-16,16
80768,148,134,14,14
80769,115,103,12,12
80770,68,103,-35,35
80771,132,145,-13,13
80772,167,158,9,9
80773,145,154,-9,9
80774,126,126,0,0
80775,72,73,-1,1
80776,108,115,-7,7
80777,75,86,-11,11
80778,66,79,-13,13
80779,72,76,-4,4
80780,99,99,0,0
80781,67,73,-6,6
80782,113,118,-5,5
80783,108,105,3,3
80784,94,97,-3,3
80785,57,69,-12,12
80786,97,97,0,0
80787,64,73,-9,9
80788,127,133,-6,6
80789,90,89,1,1
80790,185,179,6,6
80791,110,103,7,7
80792,59,70,-11,11
80793,119,110,9,9
80794,88,107,-19,19
80795,196,183,13,13
80796,95,101,-6,6
80797,69,83,-14,14
80798,159,165,-6,6
80799,66,92,-26,26
80800,100,93,7,7
80801,90,101,-11,11
80802,71,74,-3,3
80803,63,73,-10,10
80804,104,96,8,8
80805,64,80,-16,16
80806,67,83,-16,16
80807,71,82,-11,11
80808,155,146,9,9
80809,89,87,2,2
80810,128,126,2,2
80811,95,106,-11,11
80812,51,59,-8,8
80813,118,117,1,1
80814,102,104,-2,2
80815,124,127,-3,3
80816,68,79,-11,11
80817,50,60,-10,10
80818,86,93,-7,7
80819,89,99,-10,10
80820,113,106,7,7
80821,126,126,0,0
80822,64,85,-21,21
80823,120,124,-4,4
80824,62,72,-10,10
80825,73,93,-20,20
80826,145,144,1,1
80827,63,71,-8,8
80828,80,94,-14,14
80829,82,89,-7,7
80830,41,49,-8,8
80831,93,100,-7,7
80832,107,106,1,1
80833,60,70,-10,10
80834,93,95,-2,2
80835,97,103,-6,6
80836,90,95,-5,5
80837,111,120,-9,9
80838,57,64,-7,7
80839,75,80,-5,5
80840,54,67,-13,13
80841,55,77,-22,22
80842,84,90,-6,6
80843,95,100,-5,5
80844,101,93,8,8
80845,91,97,-6,6
80846,65,73,-8,8
80847,59,68,-9,9
80848,112,111,1,1
80849,164,164,0,0
80850,61,72,-11,11
80851,75,82,-7,7
80852,149,143,6,6
80853,152,139,13,13
80854,65,74,-9,9
80855,90,91,-1,1
80856,96,106,-10,10
80857,105,104,1,1
80858,75,88,-13,13
80859,61,68,-7,7
80860,102,102,0,0
80861,96,95,1,1
80862,96,88,8,8
80863,89,90,-1,1
80864,100,97,3,3
80865,96,93,3,3
80866,57,67,-10,10
80867,67,79,-12,12
80868,148,145,3,3
80869,108,108,0,0
80870,50,63,-13,13
80871,151,142,9,9
80872,72,87,-15,15
80873,55,66,-11,11
80874,166,144,22,22
80875,75,85,-10,10
80876,154,141,13,13
80877,71,84,-13,13
80878,77,83,-6,6
80879,72,73,-1,1
80880,79,87,-8,8
80881,166,155,11,11
80882,72,83,-11,11
80883,91,93,-2,2
80884,80,90,-10,10
80885,111,93,18,18
80886,81,94,-13,13
80887,74,86,-12,12
80888,129,126,3,3
80889,120,112,8,8
80890,79,84,-5,5
80891,95,91,4,4
80892,82,90,-8,8
80893,124,124,0,0
80894,73,78,-5,5
80895,328,412,-84,84
80896,95,93,2,2
80897,90,89,1,1
80898,105,109,-4,4
80899,131,133,-2,2
80900,96,102,-6,6
80901,64,60,4,4
80902,129,113,16,16
80903,84,85,-1,1
80904,126,124,2,2
80905,132,134,-2,2
80906,108,114,-6,6
80907,74,77,-3,3
80908,122,121,1,1
80909,96,115,-19,19
80910,172,183,-11,11
80911,150,142,8,8
80912,82,87,-5,5
80913,119,124,-5,5
80914,42,53,-11,11
80915,125,116,9,9
80916,47,51,-4,4
80917,78,77,1,1
80918,51,65,-14,14
80919,56,72,-16,16
80920,100,109,-9,9
80921,105,106,-1,1
80922,241,194,47,47
80923,148,144,4,4
80924,49,59,-10,10
80925,116,115,1,1
80926,45,51,-6,6
80927,89,89,0,0
80928,83,93,-10,10
80929,106,112,-6,6
80930,84,99,-15,15
80931,82,84,-2,2
80932,69,77,-8,8
80933,87,93,-6,6
80934,85,108,-23,23
80935,75,75,0,0
80936,142,144,-2,2
80937,84,90,-6,6
80938,112,104,8,8
80939,74,83,-9,9
80940,82,94,-12,12
80941,96,104,-8,8
80942,106,106,0,0
80943,41,61,-20,20
80944,70,73,-3,3
80945,62,70,-8,8
80946,108,111,-3,3
80947,115,108,7,7
80948,79,82,-3,3
80949,101,105,-4,4
80950,73,76,-3,3
80951,69,77,-8,8
80952,42,52,-10,10
80953,130,130,0,0
80954,74,73,1,1
80955,69,75,-6,6
80956,112,112,0,0
80957,95,101,-6,6
80958,56,68,-12,12
80959,98,88,10,10
80960,93,103,-10,10
80961,93,92,1,1
80962,99,105,-6,6
80963,137,129,8,8
80964,127,130,-3,3
80965,82,85,-3,3
80966,58,77,-19,19
80967,83,80,3,3
80968,130,123,7,7
80969,99,91,8,8
80970,134,139,-5,5
80971,134,127,7,7
80972,73,76,-3,3
80973,98,115,-17,17
80974,56,64,-8,8
80975,106,112,-6,6
80976,157,145,12,12
80977,70,75,-5,5
80978,105,105,0,0
80979,108,122,-14,14
80980,65,75,-10,10
80981,82,84,-2,2
80982,75,82,-7,7
80983,88,96,-8,8
80984,79,87,-8,8
80985,85,96,-11,11
80986,98,94,4,4
80987,70,76,-6,6
80988,132,140,-8,8
80989,121,112,9,9
80990,120,141,-21,21
80991,131,127,4,4
80992,100,112,-12,12
80993,103,104,-1,1
80994,89,95,-6,6
80995,87,93,-6,6
80996,63,72,-9,9
80997,101,102,-1,1
80998,80,82,-2,2
80999,60,66,-6,6
81000,53,65,-12,12
81001,147,135,12,12
81002,83,90,-7,7
81003,91,95,-4,4
81004,120,118,2,2
81005,79,83,-4,4
81006,66,67,-1,1
81007,126,111,15,15
81008,155,142,13,13
81009,73,80,-7,7
81010,75,77,-2,2
81011,110,112,-2,2
81012,87,92,-5,5
81013,92,94,-2,2
81014,133,139,-6,6
81015,100,99,1,1
81016,89,91,-2,2
81017,73,81,-8,8
81018,56,62,-6,6
81019,117,110,7,7
81020,77,69,8,8
81021,58,66,-8,8
81022,132,132,0,0
81023,149,132,17,17
81024,60,66,-6,6
81025,88,90,-2,2
81026,118,109,9,9
81027,71,81,-10,10
81028,158,155,3,3
81029,143,133,10,10
81030,63,76,-13,13
81031,49,67,-18,18
81032,111,109,2,2
81033,121,124,-3,3
81034,97,92,5,5
81035,116,117,-1,1
81036,58,68,-10,10
81037,66,64,2,2
81038,63,68,-5,5
81039,54,56,-2,2
81040,83,91,-8,8
81041,66,75,-9,9
81042,48,59,-11,11
81043,69,81,-12,12
81044,39,74,-35,35
81045,158,136,22,22
81046,48,59,-11,11
81047,63,69,-6,6
81048,93,107,-14,14
81049,87,93,-6,6
81050,64,71,-7,7
81051,148,126,22,22
81052,58,67,-9,9
81053,51,66,-15,15
81054,53,67,-14,14
81055,138,139,-1,1
81056,75,82,-7,7
81057,94,99,-5,5
81058,49,65,-16,16
81059,132,143,-11,11
81060,98,99,-1,1
81061,97,110,-13,13
81062,100,99,1,1
81063,107,107,0,0
81064,65,69,-4,4
81065,67,74,-7,7
81066,54,62,-8,8
81067,123,123,0,0
81068,133,122,11,11
81069,105,135,-30,30
81070,91,100,-9,9
81071,121,123,-2,2
81072,81,95,-14,14
81073,59,74,-15,15
81074,154,140,14,14
81075,85,91,-6,6
81076,80,99,-19,19
81077,181,171,10,10
81078,112,112,0,0
81079,80,85,-5,5
81080,140,130,10,10
81081,92,86,6,6
81082,87,82,5,5
81083,62,82,-20,20
81084,136,129,7,7
81085,74,79,-5,5
81086,74,76,-2,2
81087,45,55,-10,10
81088,87,93,-6,6
81089,81,85,-4,4
81090,37,45,-8,8
81091,73,78,-5,5
81092,81,88,-7,7
81093,119,116,3,3
81094,139,140,-1,1
81095,106,115,-9,9
81096,105,108,-3,3
81097,129,132,-3,3
81098,97,106,-9,9
81099,94,122,-28,28
81100,89,116,-27,27
81101,84,88,-4,4
81102,182,163,19,19
81103,44,59,-15,15
81104,98,97,1,1
81105,83,87,-4,4
81106,159,151,8,8
81107,61,70,-9,9
81108,145,127,18,18
81109,113,140,-27,27
81110,74,82,-8,8
81111,44,54,-10,10
81112,70,84,-14,14
81113,87,111,-24,24
81114,156,146,10,10
81115,78,84,-6,6
81116,99,103,-4,4
81117,120,114,6,6
81118,100,116,-16,16
81119,90,90,0,0
81120,90,99,-9,9
81121,126,130,-4,4
81122,59,59,0,0
81123,82,87,-5,5
81124,71,83,-12,12
81125,87,87,0,0
81126,72,87,-15,15
81127,112,107,5,5
81128,65,70,-5,5
81129,68,78,-10,10
81130,62,72,-10,10
81131,130,131,-1,1
81132,60,68,-8,8
81133,100,111,-11,11
81134,48,59,-11,11
81135,97,99,-2,2
81136,85,86,-1,1
81137,143,128,15,15
81138,112,114,-2,2
81139,70,80,-10,10
81140,107,122,-15,15
81141,103,102,1,1
81142,79,80,-1,1
81143,65,69,-4,4
81144,74,75,-1,1
81145,62,72,-10,10
81146,146,146,0,0
81147,138,140,-2,2
81148,109,111,-2,2
81149,57,65,-8,8
81150,81,91,-10,10
81151,100,102,-2,2
81152,55,69,-14,14
81153,71,81,-10,10
81154,137,128,9,9
81155,173,170,3,3
81156,53,68,-15,15
81157,69,75,-6,6
81158,115,103,12,12
81159,71,82,-11,11
81160,129,129,0,0
81161,142,137,5,5
81162,48,59,-11,11
81163,77,85,-8,8
81164,81,97,-16,16
81165,103,105,-2,2
81166,75,79,-4,4
81167,86,86,0,0
81168,105,113,-8,8
81169,61,64,-3,3
81170,109,105,4,4
81171,98,98,0,0
81172,153,154,-1,1
81173,50,65,-15,15
81174,178,165,13,13
81175,85,86,-1,1
81176,118,123,-5,5
81177,94,92,2,2
81178,116,102,14,14
81179,92,92,0,0
81180,96,102,-6,6
81181,44,54,-10,10
81182,96,99,-3,3
81183,146,127,19,19
81184,90,85,5,5
81185,86,89,-3,3
81186,112,115,-3,3
81187,102,117,-15,15
81188,47,57,-10,10
81189,107,103,4,4
81190,52,77,-25,25
81191,122,125,-3,3
81192,84,82,2,2
81193,76,83,-7,7
81194,72,81,-9,9
81195,181,181,0,0
81196,71,80,-9,9
81197,92,103,-11,11
81198,152,147,5,5
81199,133,129,4,4
81200,97,105,-8,8
81201,135,143,-8,8
81202,75,85,-10,10
81203,99,109,-10,10
81204,92,124,-32,32
81205,113,122,-9,9
81206,65,70,-5,5
81207,100,109,-9,9
81208,124,130,-6,6
81209,82,86,-4,4
81210,111,120,-9,9
81211,101,101,0,0
81212,60,70,-10,10
81213,141,132,9,9
81214,69,75,-6,6
81215,141,145,-4,4
81216,111,103,8,8
81217,169,167,2,2
81218,126,125,1,1
81219,75,88,-13,13
81220,120,115,5,5
81221,141,146,-5,5
81222,104,126,-22,22
81223,48,62,-14,14
81224,93,98,-5,5
81225,140,139,1,1
81226,97,92,5,5
81227,110,109,1,1
81228,45,54,-9,9
81229,92,97,-5,5
81230,87,82,5,5
81231,90,86,4,4
81232,68,79,-11,11
81233,64,76,-12,12
81234,59,62,-3,3
81235,135,132,3,3
81236,52,62,-10,10
81237,121,130,-9,9
81238,78,89,-11,11
81239,97,101,-4,4
81240,64,91,-27,27
81241,113,120,-7,7
81242,83,87,-4,4
81243,79,81,-2,2
81244,77,89,-12,12
81245,56,69,-13,13
81246,156,152,4,4
81247,134,131,3,3
81248,66,73,-7,7
81249,113,120,-7,7
81250,89,88,1,1
81251,95,106,-11,11
81252,98,105,-7,7
81253,137,145,-8,8
81254,113,107,6,6
81255,173,159,14,14
81256,122,121,1,1
81257,92,93,-1,1
81258,142,134,8,8
81259,82,87,-5,5
81260,42,53,-11,11
81261,116,142,-26,26
81262,89,94,-5,5
81263,140,137,3,3
81264,130,116,14,14
81265,80,83,-3,3
81266,113,124,-11,11
81267,60,68,-8,8
81268,143,167,-24,24
81269,86,86,0,0
81270,126,120,6,6
81271,75,77,-2,2
81272,120,116,4,4
81273,125,118,7,7
81274,195,188,7,7
81275,71,78,-7,7
81276,131,118,13,13
81277,111,114,-3,3
81278,89,100,-11,11
81279,93,96,-3,3
81280,80,87,-7,7
81281,80,82,-2,2
81282,46,53,-7,7
81283,134,131,3,3
81284,83,87,-4,4
81285,145,144,1,1
81286,80,86,-6,6
81287,82,80,2,2
81288,86,84,2,2
81289,62,77,-15,15
81290,46,59,-13,13
81291,112,113,-1,1
81292,99,103,-4,4
81293,145,138,7,7
81294,166,169,-3,3
81295,45,59,-14,14
81296,126,113,13,13
81297,89,92,-3,3
81298,99,109,-10,10
81299,77,84,-7,7
81300,119,106,13,13
81301,93,117,-24,24
81302,102,119,-17,17
81303,62,70,-8,8
81304,57,67,-10,10
81305,63,74,-11,11
81306,56,69,-13,13
81307,137,134,3,3
81308,101,102,-1,1
81309,90,85,5,5
81310,136,134,2,2
81311,70,76,-6,6
81312,81,87,-6,6
81313,66,72,-6,6
81314,93,99,-6,6
81315,73,76,-3,3
81316,90,93,-3,3
81317,83,88,-5,5
81318,89,89,0,0
81319,103,113,-10,10
81320,105,103,2,2
81321,83,106,-23,23
81322,115,118,-3,3
81323,99,109,-10,10
81324,85,92,-7,7
81325,73,83,-10,10
81326,80,91,-11,11
81327,49,63,-14,14
81328,80,88,-8,8
81329,63,72,-9,9
81330,33,46,-13,13
81331,178,185,-7,7
81332,105,134,-29,29
81333,41,62,-21,21
81334,92,101,-9,9
81335,98,100,-2,2
81336,71,79,-8,8
81337,30,47,-17,17
81338,62,71,-9,9
81339,126,147,-21,21
81340,102,109,-7,7
81341,122,125,-3,3
81342,79,86,-7,7
81343,152,143,9,9
81344,159,147,12,12
81345,161,163,-2,2
81346,71,71,0,0
81347,84,92,-8,8
81348,118,108,10,10
81349,73,78,-5,5
81350,118,121,-3,3
81351,102,94,8,8
81352,69,84,-15,15
81353,101,96,5,5
81354,127,123,4,4
81355,84,83,1,1
81356,40,49,-9,9
81357,70,73,-3,3
81358,135,131,4,4
81359,77,84,-7,7
81360,78,86,-8,8
81361,70,76,-6,6
81362,73,83,-10,10
81363,85,88,-3,3
81364,106,104,2,2
81365,151,144,7,7
81366,153,156,-3,3
81367,133,123,10,10
81368,121,118,3,3
81369,110,112,-2,2
81370,71,86,-15,15
81371,98,98,0,0
81372,126,135,-9,9
81373,86,94,-8,8
81374,77,85,-8,8
81375,198,177,21,21
81376,133,132,1,1
81377,124,134,-10,10
81378,90,90,0,0
81379,60,68,-8,8
81380,80,99,-19,19
81381,47,57,-10,10
81382,82,81,1,1
81383,119,101,18,18
81384,66,74,-8,8
81385,136,128,8,8
81386,141,137,4,4
81387,50,66,-16,16
81388,71,84,-13,13
81389,98,98,0,0
81390,121,112,9,9
81391,81,94,-13,13
81392,117,121,-4,4
81393,112,116,-4,4
81394,94,95,-1,1
81395,55,77,-22,22
81396,97,111,-14,14
81397,92,102,-10,10
81398,137,141,-4,4
81399,54,66,-12,12
81400,140,139,1,1
81401,138,128,10,10
81402,85,86,-1,1
81403,84,93,-9,9
81404,104,106,-2,2
81405,113,116,-3,3
81406,109,119,-10,10
81407,76,97,-21,21
81408,79,89,-10,10
81409,65,68,-3,3
81410,81,85,-4,4
81411,131,119,12,12
81412,204,182,22,22
81413,77,81,-4,4
81414,161,148,13,13
81415,97,102,-5,5
81416,110,102,8,8
81417,76,81,-5,5
81418,70,74,-4,4
81419,122,125,-3,3
81420,52,63,-11,11
81421,121,126,-5,5
81422,89,94,-5,5
81423,99,92,7,7
81424,62,71,-9,9
81425,117,115,2,2
81426,92,104,-12,12
81427,169,166,3,3
81428,122,116,6,6
81429,88,101,-13,13
81430,94,95,-1,1
81431,163,141,22,22
81432,72,78,-6,6
81433,87,99,-12,12
81434,104,117,-13,13
81435,51,62,-11,11
81436,57,62,-5,5
81437,149,148,1,1
81438,87,92,-5,5
81439,109,115,-6,6
81440,120,119,1,1
81441,79,80,-1,1
81442,129,129,0,0
81443,162,152,10,10
81444,133,134,-1,1
81445,82,89,-7,7
81446,110,111,-1,1
81447,180,167,13,13
81448,104,106,-2,2
81449,134,132,2,2
81450,114,111,3,3
81451,130,145,-15,15
81452,94,102,-8,8
81453,182,166,16,16
81454,93,101,-8,8
81455,74,84,-10,10
81456,66,74,-8,8
81457,164,232,-68,68
81458,125,170,-45,45
81459,74,87,-13,13
81460,148,148,0,0
81461,69,79,-10,10
81462,98,102,-4,4
81463,71,78,-7,7
81464,107,106,1,1
81465,133,126,7,7
81466,72,74,-2,2
81467,68,77,-9,9
81468,97,96,1,1
81469,185,165,20,20
81470,184,181,3,3
81471,106,116,-10,10
81472,143,145,-2,2
81473,82,98,-16,16
81474,47,61,-14,14
81475,82,81,1,1
81476,97,92,5,5
81477,58,68,-10,10
81478,115,109,6,6
81479,137,125,12,12
81480,112,114,-2,2
81481,101,103,-2,2
81482,56,62,-6,6
81483,80,84,-4,4
81484,79,88,-9,9
81485,186,166,20,20
81486,79,80,-1,1
81487,80,77,3,3
81488,85,83,2,2
81489,123,113,10,10
81490,94,92,2,2
81491,71,90,-19,19
81492,83,89,-6,6
81493,45,57,-12,12
81494,120,148,-28,28
81495,165,161,4,4
81496,73,80,-7,7
81497,87,91,-4,4
81498,80,88,-8,8
81499,132,140,-8,8
81500,82,83,-1,1
81501,77,81,-4,4
81502,62,74,-12,12
81503,74,82,-8,8
81504,87,100,-13,13
81505,142,139,3,3
81506,119,113,6,6
81507,62,68,-6,6
