,original,predict,differ,abs
0,67,73,-6,6
1,58,62,-4,4
2,88,83,5,5
3,183,161,22,22
4,81,83,-2,2
5,88,86,2,2
6,83,91,-8,8
7,183,178,5,5
8,81,74,7,7
9,117,122,-5,5
10,64,56,8,8
11,59,67,-8,8
12,74,74,0,0
13,100,117,-17,17
14,103,98,5,5
15,66,66,0,0
16,97,88,9,9
17,120,112,8,8
18,79,83,-4,4
19,110,120,-10,10
20,217,188,29,29
21,156,148,8,8
22,97,89,8,8
23,101,127,-26,26
24,82,77,5,5
25,127,123,4,4
26,112,109,3,3
27,191,163,28,28
28,48,42,6,6
29,106,116,-10,10
30,133,122,11,11
31,57,58,-1,1
32,108,116,-8,8
33,89,82,7,7
34,50,57,-7,7
35,62,32,30,30
36,102,95,7,7
37,55,55,0,0
38,89,105,-16,16
39,96,108,-12,12
40,70,71,-1,1
41,115,116,-1,1
42,82,90,-8,8
43,102,112,-10,10
44,167,150,17,17
45,82,84,-2,2
46,118,128,-10,10
47,85,83,2,2
48,93,90,3,3
49,111,99,12,12
50,77,74,3,3
51,136,132,4,4
52,109,102,7,7
53,85,91,-6,6
54,133,128,5,5
55,138,128,10,10
56,100,112,-12,12
57,130,131,-1,1
58,96,108,-12,12
59,58,58,0,0
60,115,115,0,0
61,73,75,-2,2
62,135,125,10,10
63,177,166,11,11
64,96,106,-10,10
65,77,83,-6,6
66,84,86,-2,2
67,105,95,10,10
68,193,179,14,14
69,143,148,-5,5
70,111,117,-6,6
71,104,103,1,1
72,265,236,29,29
73,88,100,-12,12
74,78,79,-1,1
75,58,56,2,2
76,86,83,3,3
77,59,64,-5,5
78,139,132,7,7
79,96,97,-1,1
80,90,85,5,5
81,83,82,1,1
82,133,134,-1,1
83,141,138,3,3
84,72,71,1,1
85,75,78,-3,3
86,43,46,-3,3
87,68,70,-2,2
88,170,148,22,22
89,92,97,-5,5
90,64,87,-23,23
91,101,108,-7,7
92,82,68,14,14
93,81,79,2,2
94,75,76,-1,1
95,99,94,5,5
96,45,55,-10,10
97,186,185,1,1
98,127,146,-19,19
99,100,106,-6,6
100,66,64,2,2
101,129,121,8,8
102,107,121,-14,14
103,128,139,-11,11
104,90,80,10,10
105,68,63,5,5
106,107,108,-1,1
107,90,81,9,9
108,89,94,-5,5
109,70,74,-4,4
110,174,160,14,14
111,90,85,5,5
112,76,77,-1,1
113,67,65,2,2
114,76,86,-10,10
115,168,163,5,5
116,91,87,4,4
117,103,100,3,3
118,91,93,-2,2
119,67,69,-2,2
120,118,125,-7,7
121,51,51,0,0
122,76,76,0,0
123,110,121,-11,11
124,99,97,2,2
125,96,97,-1,1
126,169,192,-23,23
127,89,89,0,0
128,94,99,-5,5
129,123,137,-14,14
130,186,168,18,18
131,132,128,4,4
132,102,93,9,9
133,78,84,-6,6
134,129,118,11,11
135,116,102,14,14
136,136,128,8,8
137,131,131,0,0
138,105,104,1,1
139,69,80,-11,11
140,66,66,0,0
141,127,129,-2,2
142,127,130,-3,3
143,66,81,-15,15
144,112,134,-22,22
145,115,108,7,7
146,98,92,6,6
147,69,61,8,8
148,93,89,4,4
149,121,128,-7,7
150,92,100,-8,8
151,73,71,2,2
152,139,133,6,6
153,80,84,-4,4
154,89,93,-4,4
155,67,59,8,8
156,66,66,0,0
157,81,83,-2,2
158,59,54,5,5
159,128,131,-3,3
160,109,116,-7,7
161,50,46,4,4
162,74,66,8,8
163,80,84,-4,4
164,132,117,15,15
165,51,49,2,2
166,115,115,0,0
167,70,79,-9,9
168,159,135,24,24
169,151,153,-2,2
170,94,102,-8,8
171,81,87,-6,6
172,77,85,-8,8
173,42,48,-6,6
174,135,137,-2,2
175,106,105,1,1
176,50,49,1,1
177,162,151,11,11
178,130,114,16,16
179,120,111,9,9
180,84,88,-4,4
181,76,66,10,10
182,67,65,2,2
183,75,70,5,5
184,39,38,1,1
185,119,106,13,13
186,55,58,-3,3
187,90,93,-3,3
188,124,130,-6,6
189,171,161,10,10
190,70,69,1,1
191,137,134,3,3
192,127,130,-3,3
193,143,143,0,0
194,195,153,42,42
195,112,114,-2,2
196,43,36,7,7
197,114,114,0,0
198,111,120,-9,9
199,80,83,-3,3
200,128,110,18,18
201,176,173,3,3
202,64,59,5,5
203,142,137,5,5
204,100,90,10,10
205,63,57,6,6
206,145,132,13,13
207,101,101,0,0
208,78,74,4,4
209,98,94,4,4
210,147,149,-2,2
211,50,54,-4,4
212,70,68,2,2
213,175,160,15,15
214,87,104,-17,17
215,87,80,7,7
216,108,131,-23,23
217,67,66,1,1
218,95,103,-8,8
219,89,90,-1,1
220,135,152,-17,17
221,79,96,-17,17
222,43,45,-2,2
223,195,164,31,31
224,83,90,-7,7
225,81,83,-2,2
226,63,70,-7,7
227,119,117,2,2
228,98,94,4,4
229,44,40,4,4
230,47,51,-4,4
231,87,69,18,18
232,90,77,13,13
233,62,50,12,12
234,103,100,3,3
235,140,147,-7,7
236,114,118,-4,4
237,57,70,-13,13
238,81,75,6,6
239,74,96,-22,22
240,61,74,-13,13
241,43,37,6,6
242,55,56,-1,1
243,100,99,1,1
244,124,126,-2,2
245,107,110,-3,3
246,121,133,-12,12
247,86,93,-7,7
248,146,131,15,15
249,147,146,1,1
250,47,43,4,4
251,124,125,-1,1
252,89,90,-1,1
253,50,60,-10,10
254,110,113,-3,3
255,158,156,2,2
256,86,83,3,3
257,102,109,-7,7
258,107,111,-4,4
259,64,76,-12,12
260,136,136,0,0
261,125,112,13,13
262,115,104,11,11
263,71,67,4,4
264,80,80,0,0
265,82,86,-4,4
266,79,88,-9,9
267,102,97,5,5
268,49,51,-2,2
269,109,112,-3,3
270,52,53,-1,1
271,72,71,1,1
272,68,68,0,0
273,151,152,-1,1
274,112,108,4,4
275,97,109,-12,12
276,82,94,-12,12
277,72,74,-2,2
278,125,136,-11,11
279,128,131,-3,3
280,94,99,-5,5
281,76,76,0,0
282,71,77,-6,6
283,112,119,-7,7
284,75,70,5,5
285,77,74,3,3
286,78,74,4,4
287,89,81,8,8
288,88,92,-4,4
289,97,97,0,0
290,80,78,2,2
291,67,74,-7,7
292,83,87,-4,4
293,85,84,1,1
294,76,75,1,1
295,64,63,1,1
296,107,112,-5,5
297,141,159,-18,18
298,130,126,4,4
299,51,64,-13,13
300,66,63,3,3
301,75,88,-13,13
302,186,190,-4,4
303,86,82,4,4
304,141,146,-5,5
305,83,78,5,5
306,85,90,-5,5
307,148,141,7,7
308,87,94,-7,7
309,77,73,4,4
310,27,31,-4,4
311,88,98,-10,10
312,92,97,-5,5
313,86,95,-9,9
314,135,132,3,3
315,77,74,3,3
316,73,73,0,0
317,133,143,-10,10
318,51,50,1,1
319,125,129,-4,4
320,98,110,-12,12
321,143,135,8,8
322,140,137,3,3
323,87,91,-4,4
324,89,74,15,15
325,69,64,5,5
326,96,58,38,38
327,127,125,2,2
328,79,75,4,4
329,137,123,14,14
330,85,92,-7,7
331,84,91,-7,7
332,52,58,-6,6
333,77,60,17,17
334,78,83,-5,5
335,104,98,6,6
336,89,99,-10,10
337,89,63,26,26
338,56,53,3,3
339,106,96,10,10
340,71,64,7,7
341,132,126,6,6
342,82,73,9,9
343,100,92,8,8
344,51,62,-11,11
345,66,67,-1,1
346,85,77,8,8
347,112,111,1,1
348,34,50,-16,16
349,134,126,8,8
350,93,98,-5,5
351,114,134,-20,20
352,137,127,10,10
353,88,96,-8,8
354,108,116,-8,8
355,106,100,6,6
356,146,180,-34,34
357,54,77,-23,23
358,170,136,34,34
359,86,73,13,13
360,110,91,19,19
361,82,95,-13,13
362,101,96,5,5
363,64,76,-12,12
364,44,54,-10,10
365,84,91,-7,7
366,60,64,-4,4
367,101,107,-6,6
368,120,109,11,11
369,60,60,0,0
370,130,126,4,4
371,41,46,-5,5
372,116,105,11,11
373,58,61,-3,3
374,77,74,3,3
375,96,102,-6,6
376,88,97,-9,9
377,103,104,-1,1
378,35,51,-16,16
379,64,62,2,2
380,86,73,13,13
381,89,91,-2,2
382,108,107,1,1
383,116,112,4,4
384,82,85,-3,3
385,65,69,-4,4
386,64,69,-5,5
387,134,136,-2,2
388,65,68,-3,3
389,77,81,-4,4
390,120,126,-6,6
391,54,57,-3,3
392,90,89,1,1
393,87,92,-5,5
394,97,104,-7,7
395,17,30,-13,13
396,69,86,-17,17
397,31,23,8,8
398,90,90,0,0
399,104,118,-14,14
400,97,99,-2,2
401,52,64,-12,12
402,81,85,-4,4
403,88,91,-3,3
404,150,138,12,12
405,103,120,-17,17
406,47,37,10,10
407,119,119,0,0
408,107,117,-10,10
409,88,58,30,30
410,85,83,2,2
411,95,87,8,8
412,89,79,10,10
413,87,93,-6,6
414,148,139,9,9
415,98,97,1,1
416,148,142,6,6
417,77,83,-6,6
418,70,77,-7,7
419,64,70,-6,6
420,110,124,-14,14
421,143,153,-10,10
422,122,163,-41,41
423,82,88,-6,6
424,112,113,-1,1
425,128,136,-8,8
426,148,149,-1,1
427,80,77,3,3
428,56,52,4,4
429,90,89,1,1
430,110,113,-3,3
431,88,99,-11,11
432,91,95,-4,4
433,99,95,4,4
434,122,114,8,8
435,66,59,7,7
436,106,96,10,10
437,65,60,5,5
438,164,154,10,10
439,68,67,1,1
440,48,68,-20,20
441,88,82,6,6
442,107,101,6,6
443,58,67,-9,9
444,91,85,6,6
445,113,109,4,4
446,107,102,5,5
447,101,99,2,2
448,72,80,-8,8
449,134,131,3,3
450,87,91,-4,4
451,64,66,-2,2
452,72,67,5,5
453,146,147,-1,1
454,110,117,-7,7
455,104,105,-1,1
456,129,147,-18,18
457,134,135,-1,1
458,123,130,-7,7
459,62,64,-2,2
460,71,72,-1,1
461,58,68,-10,10
462,88,84,4,4
463,134,134,0,0
464,81,87,-6,6
465,77,93,-16,16
466,118,115,3,3
467,131,119,12,12
468,66,68,-2,2
469,61,62,-1,1
470,43,39,4,4
471,121,120,1,1
472,101,110,-9,9
473,112,104,8,8
474,67,66,1,1
475,88,83,5,5
476,57,52,5,5
477,93,71,22,22
478,77,63,14,14
479,57,60,-3,3
480,55,71,-16,16
481,68,60,8,8
482,118,119,-1,1
483,63,62,1,1
484,110,115,-5,5
485,58,57,1,1
486,119,109,10,10
487,110,136,-26,26
488,146,136,10,10
489,50,41,9,9
490,104,102,2,2
491,136,138,-2,2
492,145,154,-9,9
493,110,108,2,2
494,124,132,-8,8
495,117,120,-3,3
496,134,128,6,6
497,98,89,9,9
498,104,120,-16,16
499,78,74,4,4
500,100,94,6,6
501,45,49,-4,4
502,108,121,-13,13
503,50,56,-6,6
504,69,72,-3,3
505,106,104,2,2
506,66,63,3,3
507,61,68,-7,7
508,96,94,2,2
509,96,103,-7,7
510,53,56,-3,3
511,93,100,-7,7
512,80,75,5,5
513,73,78,-5,5
514,70,76,-6,6
515,100,90,10,10
516,137,132,5,5
517,114,119,-5,5
518,70,71,-1,1
519,55,64,-9,9
520,108,78,30,30
521,138,142,-4,4
522,95,97,-2,2
523,142,143,-1,1
524,83,87,-4,4
525,122,122,0,0
526,97,98,-1,1
527,56,52,4,4
528,122,126,-4,4
529,73,77,-4,4
530,69,67,2,2
531,95,96,-1,1
532,68,74,-6,6
533,95,91,4,4
534,78,97,-19,19
535,90,83,7,7
536,106,105,1,1
537,42,42,0,0
538,76,81,-5,5
539,157,166,-9,9
540,119,114,5,5
541,99,106,-7,7
542,61,68,-7,7
543,102,100,2,2
544,92,101,-9,9
545,124,121,3,3
546,82,84,-2,2
547,76,81,-5,5
548,67,75,-8,8
549,148,142,6,6
550,74,75,-1,1
551,66,69,-3,3
552,108,108,0,0
553,64,64,0,0
554,102,100,2,2
555,63,62,1,1
556,66,58,8,8
557,74,70,4,4
558,74,80,-6,6
559,67,68,-1,1
560,86,103,-17,17
561,81,96,-15,15
562,90,95,-5,5
563,47,51,-4,4
564,68,71,-3,3
565,88,81,7,7
566,83,78,5,5
567,76,76,0,0
568,55,51,4,4
569,100,106,-6,6
570,108,115,-7,7
571,178,161,17,17
572,80,84,-4,4
573,82,80,2,2
574,149,137,12,12
575,69,77,-8,8
576,70,77,-7,7
577,90,112,-22,22
578,91,88,3,3
579,75,70,5,5
580,88,91,-3,3
581,134,125,9,9
582,49,52,-3,3
583,51,56,-5,5
584,113,117,-4,4
585,88,92,-4,4
586,53,52,1,1
587,84,47,37,37
588,105,96,9,9
589,85,80,5,5
590,105,99,6,6
591,75,75,0,0
592,139,139,0,0
593,103,101,2,2
594,87,90,-3,3
595,65,80,-15,15
596,74,72,2,2
597,98,118,-20,20
598,110,105,5,5
599,112,104,8,8
600,88,77,11,11
601,85,85,0,0
602,55,45,10,10
603,86,82,4,4
604,124,128,-4,4
605,114,120,-6,6
606,57,53,4,4
607,56,61,-5,5
608,78,75,3,3
609,122,138,-16,16
610,79,68,11,11
611,81,75,6,6
612,117,102,15,15
613,112,123,-11,11
614,95,102,-7,7
615,195,172,23,23
616,76,84,-8,8
617,104,106,-2,2
618,112,110,2,2
619,103,120,-17,17
620,91,90,1,1
621,105,105,0,0
622,127,117,10,10
623,60,67,-7,7
624,111,118,-7,7
625,106,112,-6,6
626,109,110,-1,1
627,85,80,5,5
628,67,71,-4,4
629,81,86,-5,5
630,83,85,-2,2
631,56,59,-3,3
632,92,94,-2,2
633,71,88,-17,17
634,95,89,6,6
635,93,98,-5,5
636,144,143,1,1
637,53,55,-2,2
638,77,84,-7,7
639,71,77,-6,6
640,95,94,1,1
641,95,98,-3,3
642,61,59,2,2
643,141,132,9,9
644,133,128,5,5
645,94,93,1,1
646,112,119,-7,7
647,84,89,-5,5
648,92,102,-10,10
649,84,99,-15,15
650,94,97,-3,3
651,72,74,-2,2
652,102,122,-20,20
653,61,65,-4,4
654,108,114,-6,6
655,105,104,1,1
656,85,90,-5,5
657,74,78,-4,4
658,50,53,-3,3
659,101,99,2,2
660,82,77,5,5
661,108,97,11,11
662,148,141,7,7
663,126,126,0,0
664,136,152,-16,16
665,75,76,-1,1
666,36,35,1,1
667,42,53,-11,11
668,69,68,1,1
669,126,122,4,4
670,109,97,12,12
671,90,90,0,0
672,116,119,-3,3
673,151,176,-25,25
674,147,135,12,12
675,52,95,-43,43
676,107,109,-2,2
677,90,91,-1,1
678,162,149,13,13
679,103,108,-5,5
680,150,144,6,6
681,62,79,-17,17
682,111,105,6,6
683,77,85,-8,8
684,166,161,5,5
685,151,151,0,0
686,116,120,-4,4
687,79,82,-3,3
688,94,122,-28,28
689,110,122,-12,12
690,152,135,17,17
691,176,162,14,14
692,92,101,-9,9
693,156,145,11,11
694,92,94,-2,2
695,77,71,6,6
696,32,49,-17,17
697,87,90,-3,3
698,108,108,0,0
699,104,95,9,9
700,70,72,-2,2
701,66,56,10,10
702,118,112,6,6
703,65,65,0,0
704,111,106,5,5
705,74,73,1,1
706,81,92,-11,11
707,88,82,6,6
708,87,99,-12,12
709,116,124,-8,8
710,47,45,2,2
711,95,93,2,2
712,44,51,-7,7
713,91,117,-26,26
714,83,87,-4,4
715,137,132,5,5
716,80,86,-6,6
717,147,137,10,10
718,119,125,-6,6
719,137,106,31,31
720,133,144,-11,11
721,89,95,-6,6
722,150,139,11,11
723,108,115,-7,7
724,96,84,12,12
725,88,87,1,1
726,140,128,12,12
727,128,133,-5,5
728,53,55,-2,2
729,100,127,-27,27
730,58,69,-11,11
731,110,106,4,4
732,125,128,-3,3
733,124,113,11,11
734,109,113,-4,4
735,122,125,-3,3
736,95,98,-3,3
737,93,95,-2,2
738,85,85,0,0
739,98,86,12,12
740,68,72,-4,4
741,48,58,-10,10
742,97,104,-7,7
743,81,80,1,1
744,88,83,5,5
745,91,107,-16,16
746,64,62,2,2
747,204,176,28,28
748,114,107,7,7
749,185,147,38,38
750,75,75,0,0
751,70,69,1,1
752,145,148,-3,3
753,87,85,2,2
754,45,52,-7,7
755,73,67,6,6
756,125,130,-5,5
757,60,67,-7,7
758,95,90,5,5
759,119,101,18,18
760,76,74,2,2
761,56,54,2,2
762,44,51,-7,7
763,98,101,-3,3
764,86,79,7,7
765,161,135,26,26
766,102,132,-30,30
767,103,104,-1,1
768,69,71,-2,2
769,151,152,-1,1
770,92,75,17,17
771,80,86,-6,6
772,87,87,0,0
773,108,99,9,9
774,51,56,-5,5
775,110,112,-2,2
776,64,62,2,2
777,73,69,4,4
778,92,90,2,2
779,93,93,0,0
780,103,103,0,0
781,49,45,4,4
782,71,72,-1,1
783,70,68,2,2
784,67,67,0,0
785,100,97,3,3
786,93,97,-4,4
787,75,76,-1,1
788,97,105,-8,8
789,84,93,-9,9
790,140,131,9,9
791,151,138,13,13
792,78,88,-10,10
793,79,77,2,2
794,108,126,-18,18
795,95,82,13,13
796,98,93,5,5
797,119,122,-3,3
798,83,98,-15,15
799,67,73,-6,6
800,64,66,-2,2
801,102,93,9,9
802,75,77,-2,2
803,68,82,-14,14
804,78,75,3,3
805,53,53,0,0
806,126,125,1,1
807,89,94,-5,5
808,85,102,-17,17
809,64,72,-8,8
810,85,78,7,7
811,74,76,-2,2
812,66,61,5,5
813,79,64,15,15
814,125,110,15,15
815,119,110,9,9
816,26,55,-29,29
817,66,67,-1,1
818,88,84,4,4
819,111,97,14,14
820,86,81,5,5
821,76,83,-7,7
822,86,82,4,4
823,145,137,8,8
824,46,46,0,0
825,107,104,3,3
826,99,88,11,11
827,63,60,3,3
828,68,72,-4,4
829,100,90,10,10
830,110,128,-18,18
831,77,83,-6,6
832,66,68,-2,2
833,64,59,5,5
834,77,89,-12,12
835,144,148,-4,4
836,106,105,1,1
837,93,83,10,10
838,73,81,-8,8
839,103,105,-2,2
840,105,110,-5,5
841,75,79,-4,4
842,83,82,1,1
843,112,128,-16,16
844,156,145,11,11
845,156,146,10,10
846,77,84,-7,7
847,76,71,5,5
848,95,96,-1,1
849,41,52,-11,11
850,106,117,-11,11
851,135,128,7,7
852,92,96,-4,4
853,91,102,-11,11
854,112,108,4,4
855,84,94,-10,10
856,77,70,7,7
857,29,59,-30,30
858,64,62,2,2
859,143,128,15,15
860,59,58,1,1
861,155,148,7,7
862,207,165,42,42
863,129,122,7,7
864,115,109,6,6
865,108,102,6,6
866,162,136,26,26
867,69,77,-8,8
868,62,75,-13,13
869,79,88,-9,9
870,57,61,-4,4
871,90,84,6,6
872,98,96,2,2
873,108,113,-5,5
874,80,96,-16,16
875,114,103,11,11
876,57,55,2,2
877,41,81,-40,40
878,90,82,8,8
879,84,78,6,6
880,87,92,-5,5
881,70,77,-7,7
882,109,114,-5,5
883,76,74,2,2
884,62,55,7,7
885,83,83,0,0
886,124,134,-10,10
887,122,134,-12,12
888,55,47,8,8
889,108,117,-9,9
890,109,116,-7,7
891,52,50,2,2
892,134,121,13,13
893,60,53,7,7
894,71,68,3,3
895,123,121,2,2
896,60,65,-5,5
897,140,132,8,8
898,109,99,10,10
899,150,185,-35,35
900,74,79,-5,5
901,94,84,10,10
902,71,77,-6,6
903,139,136,3,3
904,87,105,-18,18
905,72,73,-1,1
906,53,50,3,3
907,163,147,16,16
908,111,96,15,15
909,70,62,8,8
910,46,49,-3,3
911,138,134,4,4
912,127,126,1,1
913,70,76,-6,6
914,107,123,-16,16
915,64,64,0,0
916,69,93,-24,24
917,196,188,8,8
918,136,138,-2,2
919,52,50,2,2
920,79,80,-1,1
921,109,111,-2,2
922,78,84,-6,6
923,115,116,-1,1
924,77,93,-16,16
925,110,104,6,6
926,74,70,4,4
927,49,45,4,4
928,55,56,-1,1
929,145,135,10,10
930,119,113,6,6
931,96,93,3,3
932,196,191,5,5
933,72,75,-3,3
934,90,97,-7,7
935,62,106,-44,44
936,118,118,0,0
937,137,141,-4,4
938,79,77,2,2
939,152,152,0,0
940,87,99,-12,12
941,112,111,1,1
942,62,65,-3,3
943,72,83,-11,11
944,109,101,8,8
945,83,83,0,0
946,68,69,-1,1
947,97,103,-6,6
948,59,60,-1,1
949,173,159,14,14
950,73,70,3,3
951,85,100,-15,15
952,62,67,-5,5
953,75,70,5,5
954,90,103,-13,13
955,93,87,6,6
956,98,94,4,4
957,116,108,8,8
958,50,49,1,1
959,106,112,-6,6
960,114,100,14,14
961,98,99,-1,1
962,184,172,12,12
963,69,73,-4,4
964,147,142,5,5
965,29,46,-17,17
966,108,112,-4,4
967,65,67,-2,2
968,96,101,-5,5
969,84,88,-4,4
970,70,69,1,1
971,162,149,13,13
972,112,116,-4,4
973,71,72,-1,1
974,139,129,10,10
975,72,83,-11,11
976,68,75,-7,7
977,76,81,-5,5
978,87,74,13,13
979,52,48,4,4
980,115,115,0,0
981,161,152,9,9
982,88,75,13,13
983,107,105,2,2
984,84,79,5,5
985,90,92,-2,2
986,55,59,-4,4
987,138,130,8,8
988,90,84,6,6
989,114,107,7,7
990,111,137,-26,26
991,44,42,2,2
992,111,117,-6,6
993,128,114,14,14
994,98,89,9,9
995,93,85,8,8
996,74,78,-4,4
997,130,126,4,4
998,82,97,-15,15
999,178,150,28,28
1000,42,44,-2,2
1001,96,98,-2,2
1002,39,51,-12,12
1003,75,82,-7,7
1004,147,138,9,9
1005,102,111,-9,9
1006,212,185,27,27
1007,64,68,-4,4
1008,91,86,5,5
1009,39,41,-2,2
1010,92,102,-10,10
1011,159,143,16,16
1012,119,116,3,3
1013,128,126,2,2
1014,125,112,13,13
1015,63,70,-7,7
1016,117,120,-3,3
1017,117,140,-23,23
1018,35,42,-7,7
1019,108,104,4,4
1020,108,105,3,3
1021,77,77,0,0
1022,88,86,2,2
1023,45,50,-5,5
1024,88,106,-18,18
1025,110,98,12,12
1026,93,88,5,5
1027,77,90,-13,13
1028,144,132,12,12
1029,63,70,-7,7
1030,56,53,3,3
1031,143,133,10,10
1032,119,135,-16,16
1033,85,83,2,2
1034,94,93,1,1
1035,115,118,-3,3
1036,117,121,-4,4
1037,71,69,2,2
1038,79,85,-6,6
1039,119,69,50,50
1040,78,79,-1,1
1041,101,119,-18,18
1042,89,98,-9,9
1043,91,98,-7,7
1044,112,113,-1,1
1045,131,128,3,3
1046,43,40,3,3
1047,162,153,9,9
1048,55,56,-1,1
1049,116,119,-3,3
1050,49,50,-1,1
1051,88,79,9,9
1052,108,117,-9,9
1053,72,67,5,5
1054,115,111,4,4
1055,55,54,1,1
1056,146,138,8,8
1057,97,84,13,13
1058,81,81,0,0
1059,146,140,6,6
1060,133,120,13,13
1061,62,65,-3,3
1062,148,146,2,2
1063,98,89,9,9
1064,81,65,16,16
1065,73,78,-5,5
1066,81,73,8,8
1067,148,145,3,3
1068,141,127,14,14
1069,56,45,11,11
1070,123,124,-1,1
1071,83,62,21,21
1072,117,128,-11,11
1073,99,101,-2,2
1074,99,114,-15,15
1075,64,64,0,0
1076,92,84,8,8
1077,40,36,4,4
1078,183,186,-3,3
1079,44,60,-16,16
1080,115,115,0,0
1081,49,58,-9,9
1082,127,118,9,9
1083,155,159,-4,4
1084,81,93,-12,12
1085,92,87,5,5
1086,74,60,14,14
1087,108,114,-6,6
1088,57,61,-4,4
1089,61,71,-10,10
1090,125,143,-18,18
1091,97,83,14,14
1092,60,78,-18,18
1093,78,80,-2,2
1094,71,83,-12,12
1095,84,88,-4,4
1096,177,161,16,16
1097,80,76,4,4
1098,130,131,-1,1
1099,81,83,-2,2
1100,88,94,-6,6
1101,56,51,5,5
1102,149,138,11,11
1103,92,79,13,13
1104,90,89,1,1
1105,45,51,-6,6
1106,63,73,-10,10
1107,92,89,3,3
1108,124,122,2,2
1109,140,143,-3,3
1110,122,136,-14,14
1111,47,51,-4,4
1112,67,71,-4,4
1113,199,179,20,20
1114,110,148,-38,38
1115,78,81,-3,3
1116,42,36,6,6
1117,51,55,-4,4
1118,183,171,12,12
1119,160,162,-2,2
1120,117,127,-10,10
1121,70,77,-7,7
1122,90,84,6,6
1123,101,114,-13,13
1124,73,80,-7,7
1125,64,67,-3,3
1126,69,72,-3,3
1127,98,95,3,3
1128,121,125,-4,4
1129,83,77,6,6
1130,170,162,8,8
1131,80,82,-2,2
1132,68,72,-4,4
1133,130,140,-10,10
1134,66,74,-8,8
1135,65,84,-19,19
1136,95,94,1,1
1137,99,92,7,7
1138,95,123,-28,28
1139,174,160,14,14
1140,154,135,19,19
1141,121,107,14,14
1142,109,103,6,6
1143,87,107,-20,20
1144,61,55,6,6
1145,96,97,-1,1
1146,96,97,-1,1
1147,118,110,8,8
1148,97,90,7,7
1149,105,104,1,1
1150,87,83,4,4
1151,104,87,17,17
1152,80,89,-9,9
1153,54,54,0,0
1154,92,89,3,3
1155,48,53,-5,5
1156,78,83,-5,5
1157,136,119,17,17
1158,139,120,19,19
1159,61,119,-58,58
1160,83,89,-6,6
1161,103,116,-13,13
1162,128,114,14,14
1163,131,128,3,3
1164,76,94,-18,18
1165,74,74,0,0
1166,135,130,5,5
1167,73,83,-10,10
1168,115,117,-2,2
1169,81,89,-8,8
1170,140,141,-1,1
1171,69,78,-9,9
1172,46,50,-4,4
1173,109,118,-9,9
1174,197,175,22,22
1175,111,125,-14,14
1176,100,101,-1,1
1177,77,77,0,0
1178,66,69,-3,3
1179,67,68,-1,1
1180,120,134,-14,14
1181,349,361,-12,12
1182,78,76,2,2
1183,118,128,-10,10
1184,51,55,-4,4
1185,82,87,-5,5
1186,49,45,4,4
1187,72,70,2,2
1188,112,340,-228,228
1189,140,121,19,19
1190,69,60,9,9
1191,94,96,-2,2
1192,69,68,1,1
1193,96,108,-12,12
1194,77,129,-52,52
1195,92,103,-11,11
1196,141,145,-4,4
1197,94,95,-1,1
1198,92,85,7,7
1199,96,123,-27,27
1200,69,66,3,3
1201,35,44,-9,9
1202,78,82,-4,4
1203,113,116,-3,3
1204,99,100,-1,1
1205,108,106,2,2
1206,118,110,8,8
1207,95,101,-6,6
1208,106,122,-16,16
1209,101,88,13,13
1210,77,90,-13,13
1211,97,91,6,6
1212,86,78,8,8
1213,60,66,-6,6
1214,101,114,-13,13
1215,105,97,8,8
1216,73,75,-2,2
1217,90,91,-1,1
1218,121,115,6,6
1219,80,84,-4,4
1220,85,93,-8,8
1221,158,153,5,5
1222,75,86,-11,11
1223,70,77,-7,7
1224,66,72,-6,6
1225,107,115,-8,8
1226,182,175,7,7
1227,134,129,5,5
1228,103,97,6,6
1229,69,84,-15,15
1230,95,83,12,12
1231,33,36,-3,3
1232,58,61,-3,3
1233,63,71,-8,8
1234,115,106,9,9
1235,111,111,0,0
1236,128,115,13,13
1237,141,131,10,10
1238,50,59,-9,9
1239,129,119,10,10
1240,49,53,-4,4
1241,91,87,4,4
1242,131,129,2,2
1243,120,105,15,15
1244,91,89,2,2
1245,108,113,-5,5
1246,70,73,-3,3
1247,51,52,-1,1
1248,92,102,-10,10
1249,77,75,2,2
1250,149,143,6,6
1251,117,122,-5,5
1252,144,141,3,3
1253,82,71,11,11
1254,107,113,-6,6
1255,51,50,1,1
1256,55,53,2,2
1257,101,114,-13,13
1258,99,104,-5,5
1259,114,107,7,7
1260,55,65,-10,10
1261,83,78,5,5
1262,174,159,15,15
1263,136,129,7,7
1264,89,96,-7,7
1265,67,80,-13,13
1266,81,84,-3,3
1267,122,122,0,0
1268,74,75,-1,1
1269,149,150,-1,1
1270,62,69,-7,7
1271,64,71,-7,7
1272,85,95,-10,10
1273,163,145,18,18
1274,72,77,-5,5
1275,62,61,1,1
1276,50,55,-5,5
1277,57,68,-11,11
1278,82,96,-14,14
1279,58,57,1,1
1280,51,49,2,2
1281,63,69,-6,6
1282,125,91,34,34
1283,78,83,-5,5
1284,57,57,0,0
1285,65,63,2,2
1286,111,117,-6,6
1287,90,83,7,7
1288,107,106,1,1
1289,81,75,6,6
1290,133,117,16,16
1291,111,127,-16,16
1292,64,72,-8,8
1293,56,75,-19,19
1294,51,63,-12,12
1295,64,72,-8,8
1296,156,141,15,15
1297,96,107,-11,11
1298,94,88,6,6
1299,65,97,-32,32
1300,167,148,19,19
1301,44,41,3,3
1302,255,204,51,51
1303,80,80,0,0
1304,142,128,14,14
1305,73,61,12,12
1306,114,112,2,2
1307,81,69,12,12
1308,66,66,0,0
1309,91,86,5,5
1310,106,94,12,12
1311,84,89,-5,5
1312,120,146,-26,26
1313,115,113,2,2
1314,130,132,-2,2
1315,192,188,4,4
1316,150,141,9,9
1317,87,83,4,4
1318,69,76,-7,7
1319,170,176,-6,6
1320,99,94,5,5
1321,72,70,2,2
1322,106,103,3,3
1323,142,120,22,22
1324,44,41,3,3
1325,87,93,-6,6
1326,72,90,-18,18
1327,116,103,13,13
1328,66,67,-1,1
1329,43,45,-2,2
1330,145,134,11,11
1331,92,88,4,4
1332,86,93,-7,7
1333,87,97,-10,10
1334,71,70,1,1
1335,136,119,17,17
1336,73,83,-10,10
1337,81,84,-3,3
1338,65,67,-2,2
1339,97,87,10,10
1340,61,61,0,0
1341,76,68,8,8
1342,55,59,-4,4
1343,100,94,6,6
1344,120,123,-3,3
1345,110,128,-18,18
1346,103,111,-8,8
1347,57,58,-1,1
1348,95,83,12,12
1349,82,86,-4,4
1350,105,117,-12,12
1351,68,69,-1,1
1352,177,152,25,25
1353,97,98,-1,1
1354,150,130,20,20
1355,38,36,2,2
1356,85,80,5,5
1357,79,84,-5,5
1358,78,80,-2,2
1359,98,100,-2,2
1360,138,118,20,20
1361,92,87,5,5
1362,110,106,4,4
1363,135,142,-7,7
1364,96,101,-5,5
1365,107,104,3,3
1366,84,96,-12,12
1367,82,78,4,4
1368,87,115,-28,28
1369,58,59,-1,1
1370,55,40,15,15
1371,69,74,-5,5
1372,193,176,17,17
1373,102,111,-9,9
1374,105,106,-1,1
1375,74,88,-14,14
1376,122,149,-27,27
1377,85,85,0,0
1378,103,94,9,9
1379,139,134,5,5
1380,91,73,18,18
1381,84,98,-14,14
1382,155,134,21,21
1383,73,68,5,5
1384,141,139,2,2
1385,70,60,10,10
1386,93,86,7,7
1387,100,94,6,6
1388,96,91,5,5
1389,56,58,-2,2
1390,93,114,-21,21
1391,97,134,-37,37
1392,43,41,2,2
1393,58,56,2,2
1394,107,103,4,4
1395,118,116,2,2
1396,64,62,2,2
1397,114,102,12,12
1398,84,78,6,6
1399,68,71,-3,3
1400,170,154,16,16
1401,121,126,-5,5
1402,180,167,13,13
1403,81,80,1,1
1404,131,126,5,5
1405,166,151,15,15
1406,83,88,-5,5
1407,107,99,8,8
1408,95,93,2,2
1409,88,83,5,5
1410,149,138,11,11
1411,160,149,11,11
1412,112,119,-7,7
1413,145,138,7,7
1414,38,33,5,5
1415,104,97,7,7
1416,125,129,-4,4
1417,86,79,7,7
1418,105,100,5,5
1419,44,49,-5,5
1420,116,108,8,8
1421,136,140,-4,4
1422,149,141,8,8
1423,135,111,24,24
1424,51,38,13,13
1425,94,104,-10,10
1426,88,101,-13,13
1427,128,128,0,0
1428,148,136,12,12
1429,103,119,-16,16
1430,59,58,1,1
1431,75,69,6,6
1432,83,77,6,6
1433,73,76,-3,3
1434,75,94,-19,19
1435,74,82,-8,8
1436,85,82,3,3
1437,74,69,5,5
1438,99,101,-2,2
1439,122,134,-12,12
1440,130,140,-10,10
1441,61,69,-8,8
1442,48,40,8,8
1443,111,113,-2,2
1444,58,60,-2,2
1445,61,75,-14,14
1446,129,132,-3,3
1447,55,58,-3,3
1448,159,154,5,5
1449,81,78,3,3
1450,44,45,-1,1
1451,64,63,1,1
1452,105,98,7,7
1453,131,139,-8,8
1454,188,167,21,21
1455,107,106,1,1
1456,74,73,1,1
1457,155,166,-11,11
1458,93,83,10,10
1459,125,127,-2,2
1460,113,113,0,0
1461,81,81,0,0
1462,73,73,0,0
1463,78,76,2,2
1464,124,101,23,23
1465,68,82,-14,14
1466,90,95,-5,5
1467,108,93,15,15
1468,73,70,3,3
1469,92,92,0,0
1470,118,114,4,4
1471,70,61,9,9
1472,98,104,-6,6
1473,70,76,-6,6
1474,72,74,-2,2
1475,107,99,8,8
1476,112,117,-5,5
1477,118,122,-4,4
1478,86,85,1,1
1479,114,106,8,8
1480,121,111,10,10
1481,120,114,6,6
1482,275,227,48,48
1483,98,88,10,10
1484,95,116,-21,21
1485,80,73,7,7
1486,126,130,-4,4
1487,98,99,-1,1
1488,133,135,-2,2
1489,61,59,2,2
1490,129,122,7,7
1491,117,120,-3,3
1492,54,77,-23,23
1493,54,62,-8,8
1494,48,43,5,5
1495,85,82,3,3
1496,56,77,-21,21
1497,77,93,-16,16
1498,140,130,10,10
1499,69,70,-1,1
1500,88,89,-1,1
1501,107,109,-2,2
1502,81,82,-1,1
1503,134,125,9,9
1504,80,89,-9,9
1505,121,117,4,4
1506,111,104,7,7
1507,72,78,-6,6
1508,155,160,-5,5
1509,61,68,-7,7
1510,70,74,-4,4
1511,55,58,-3,3
1512,74,77,-3,3
1513,151,145,6,6
1514,38,34,4,4
1515,164,183,-19,19
1516,66,75,-9,9
1517,58,54,4,4
1518,66,56,10,10
1519,116,99,17,17
1520,71,85,-14,14
1521,99,101,-2,2
1522,108,121,-13,13
1523,77,76,1,1
1524,56,64,-8,8
1525,126,116,10,10
1526,117,106,11,11
1527,71,65,6,6
1528,80,76,4,4
1529,69,68,1,1
1530,76,44,32,32
1531,137,136,1,1
1532,184,168,16,16
1533,131,123,8,8
1534,149,137,12,12
1535,95,86,9,9
1536,122,123,-1,1
1537,54,60,-6,6
1538,88,91,-3,3
1539,83,78,5,5
1540,69,78,-9,9
1541,87,109,-22,22
1542,156,150,6,6
1543,118,123,-5,5
1544,55,53,2,2
1545,83,82,1,1
1546,81,95,-14,14
1547,101,117,-16,16
1548,73,71,2,2
1549,105,111,-6,6
1550,82,90,-8,8
1551,65,67,-2,2
1552,78,80,-2,2
1553,115,116,-1,1
1554,133,125,8,8
1555,58,61,-3,3
1556,108,110,-2,2
1557,128,149,-21,21
1558,136,130,6,6
1559,37,38,-1,1
1560,95,102,-7,7
1561,121,120,1,1
1562,87,84,3,3
1563,100,129,-29,29
1564,89,84,5,5
1565,126,138,-12,12
1566,109,121,-12,12
1567,103,106,-3,3
1568,150,139,11,11
1569,94,120,-26,26
1570,148,142,6,6
1571,60,61,-1,1
1572,70,70,0,0
1573,131,134,-3,3
1574,70,66,4,4
1575,95,109,-14,14
1576,66,63,3,3
1577,86,74,12,12
1578,91,92,-1,1
1579,75,84,-9,9
1580,46,51,-5,5
1581,100,104,-4,4
1582,98,97,1,1
1583,92,89,3,3
1584,112,110,2,2
1585,167,154,13,13
1586,90,88,2,2
1587,109,113,-4,4
1588,93,114,-21,21
1589,61,65,-4,4
1590,123,125,-2,2
1591,93,93,0,0
1592,74,66,8,8
1593,36,37,-1,1
1594,89,83,6,6
1595,144,142,2,2
1596,80,84,-4,4
1597,114,113,1,1
1598,106,103,3,3
1599,57,61,-4,4
1600,70,71,-1,1
1601,112,113,-1,1
1602,92,86,6,6
1603,106,105,1,1
1604,122,135,-13,13
1605,128,128,0,0
1606,109,113,-4,4
1607,75,73,2,2
1608,120,111,9,9
1609,60,56,4,4
1610,137,129,8,8
1611,78,82,-4,4
1612,93,92,1,1
1613,91,89,2,2
1614,84,84,0,0
1615,137,138,-1,1
1616,43,34,9,9
1617,74,44,30,30
1618,77,75,2,2
1619,114,125,-11,11
1620,104,94,10,10
1621,101,120,-19,19
1622,43,34,9,9
1623,106,105,1,1
1624,90,92,-2,2
1625,114,114,0,0
1626,82,74,8,8
1627,62,66,-4,4
1628,112,111,1,1
1629,46,56,-10,10
1630,104,93,11,11
1631,106,102,4,4
1632,62,63,-1,1
1633,123,127,-4,4
1634,95,98,-3,3
1635,64,68,-4,4
1636,76,85,-9,9
1637,104,97,7,7
1638,126,123,3,3
1639,144,138,6,6
1640,119,125,-6,6
1641,74,74,0,0
1642,51,60,-9,9
1643,91,99,-8,8
1644,86,95,-9,9
1645,95,91,4,4
1646,72,75,-3,3
1647,162,154,8,8
1648,87,89,-2,2
1649,91,94,-3,3
1650,122,149,-27,27
1651,70,73,-3,3
1652,106,115,-9,9
1653,89,103,-14,14
1654,59,54,5,5
1655,44,43,1,1
1656,74,72,2,2
1657,77,81,-4,4
1658,135,119,16,16
1659,107,101,6,6
1660,64,65,-1,1
1661,52,71,-19,19
1662,61,66,-5,5
1663,74,82,-8,8
1664,87,101,-14,14
1665,106,103,3,3
1666,64,65,-1,1
1667,70,76,-6,6
1668,77,78,-1,1
1669,62,71,-9,9
1670,67,61,6,6
1671,109,107,2,2
1672,118,113,5,5
1673,74,78,-4,4
1674,100,104,-4,4
1675,83,101,-18,18
1676,83,80,3,3
1677,121,117,4,4
1678,79,89,-10,10
1679,46,47,-1,1
1680,92,84,8,8
1681,102,99,3,3
1682,103,95,8,8
1683,64,58,6,6
1684,101,97,4,4
1685,105,100,5,5
1686,55,56,-1,1
1687,66,62,4,4
1688,60,67,-7,7
1689,62,65,-3,3
1690,150,149,1,1
1691,84,88,-4,4
1692,98,114,-16,16
1693,59,64,-5,5
1694,57,57,0,0
1695,88,141,-53,53
1696,146,142,4,4
1697,58,63,-5,5
1698,73,50,23,23
1699,192,175,17,17
1700,58,61,-3,3
1701,97,80,17,17
1702,84,88,-4,4
1703,149,135,14,14
1704,162,136,26,26
1705,53,65,-12,12
1706,48,57,-9,9
1707,103,109,-6,6
1708,64,63,1,1
1709,85,65,20,20
1710,64,66,-2,2
1711,73,71,2,2
1712,72,68,4,4
1713,136,117,19,19
1714,103,109,-6,6
1715,161,141,20,20
1716,89,89,0,0
1717,102,94,8,8
1718,66,128,-62,62
1719,87,82,5,5
1720,101,97,4,4
1721,90,99,-9,9
1722,108,105,3,3
1723,59,66,-7,7
1724,118,115,3,3
1725,56,49,7,7
1726,195,179,16,16
1727,70,60,10,10
1728,90,89,1,1
1729,108,114,-6,6
1730,118,142,-24,24
1731,74,81,-7,7
1732,115,111,4,4
1733,31,32,-1,1
1734,121,117,4,4
1735,43,51,-8,8
1736,78,81,-3,3
1737,63,65,-2,2
1738,57,55,2,2
1739,53,58,-5,5
1740,63,64,-1,1
1741,88,89,-1,1
1742,80,101,-21,21
1743,133,139,-6,6
1744,90,84,6,6
1745,130,138,-8,8
1746,70,70,0,0
1747,169,161,8,8
1748,45,52,-7,7
1749,171,162,9,9
1750,84,81,3,3
1751,95,98,-3,3
1752,73,82,-9,9
1753,59,55,4,4
1754,82,89,-7,7
1755,101,97,4,4
1756,77,83,-6,6
1757,57,67,-10,10
1758,97,95,2,2
1759,69,73,-4,4
1760,82,75,7,7
1761,60,79,-19,19
1762,70,72,-2,2
1763,79,83,-4,4
1764,127,136,-9,9
1765,92,109,-17,17
1766,119,133,-14,14
1767,59,63,-4,4
1768,66,66,0,0
1769,44,45,-1,1
1770,46,39,7,7
1771,129,106,23,23
1772,93,89,4,4
1773,98,134,-36,36
1774,89,98,-9,9
1775,74,71,3,3
1776,96,97,-1,1
1777,103,91,12,12
1778,84,90,-6,6
1779,75,69,6,6
1780,167,148,19,19
1781,85,88,-3,3
1782,108,129,-21,21
1783,59,57,2,2
1784,101,96,5,5
1785,76,80,-4,4
1786,118,108,10,10
1787,67,73,-6,6
1788,53,64,-11,11
1789,108,108,0,0
1790,103,129,-26,26
1791,130,139,-9,9
1792,83,83,0,0
1793,52,58,-6,6
1794,79,83,-4,4
1795,80,87,-7,7
1796,88,72,16,16
1797,55,57,-2,2
1798,53,44,9,9
1799,116,116,0,0
1800,103,101,2,2
1801,73,77,-4,4
1802,72,77,-5,5
1803,155,144,11,11
1804,205,196,9,9
1805,55,60,-5,5
1806,119,122,-3,3
1807,93,89,4,4
1808,81,76,5,5
1809,93,95,-2,2
1810,121,126,-5,5
1811,62,62,0,0
1812,61,66,-5,5
1813,113,115,-2,2
1814,79,71,8,8
1815,130,138,-8,8
1816,68,79,-11,11
1817,81,81,0,0
1818,114,97,17,17
1819,101,89,12,12
1820,63,53,10,10
1821,87,108,-21,21
1822,117,116,1,1
1823,114,117,-3,3
1824,109,110,-1,1
1825,96,94,2,2
1826,54,58,-4,4
1827,132,138,-6,6
1828,85,101,-16,16
1829,70,65,5,5
1830,60,54,6,6
1831,68,70,-2,2
1832,48,42,6,6
1833,75,79,-4,4
1834,126,120,6,6
1835,106,103,3,3
1836,60,60,0,0
1837,70,59,11,11
1838,52,47,5,5
1839,86,82,4,4
1840,74,70,4,4
1841,118,114,4,4
1842,43,48,-5,5
1843,207,192,15,15
1844,97,84,13,13
1845,78,77,1,1
1846,100,106,-6,6
1847,108,94,14,14
1848,73,80,-7,7
1849,151,136,15,15
1850,45,49,-4,4
1851,81,74,7,7
1852,68,68,0,0
1853,140,141,-1,1
1854,121,117,4,4
1855,88,102,-14,14
1856,42,39,3,3
1857,76,79,-3,3
1858,89,87,2,2
1859,61,63,-2,2
1860,98,95,3,3
1861,78,83,-5,5
1862,54,58,-4,4
1863,128,141,-13,13
1864,160,152,8,8
1865,65,67,-2,2
1866,109,110,-1,1
1867,149,151,-2,2
1868,112,102,10,10
1869,78,83,-5,5
1870,61,61,0,0
1871,82,76,6,6
1872,54,52,2,2
1873,45,52,-7,7
1874,102,92,10,10
1875,92,93,-1,1
1876,121,122,-1,1
1877,119,116,3,3
1878,84,79,5,5
1879,99,104,-5,5
1880,116,118,-2,2
1881,119,121,-2,2
1882,157,157,0,0
1883,119,108,11,11
1884,92,85,7,7
1885,60,66,-6,6
1886,101,98,3,3
1887,90,94,-4,4
1888,132,147,-15,15
1889,156,148,8,8
1890,101,100,1,1
1891,88,87,1,1
1892,141,121,20,20
1893,56,61,-5,5
1894,85,79,6,6
1895,182,166,16,16
1896,127,119,8,8
1897,76,74,2,2
1898,83,81,2,2
1899,59,52,7,7
1900,33,28,5,5
1901,38,34,4,4
1902,90,85,5,5
1903,87,103,-16,16
1904,81,91,-10,10
1905,123,128,-5,5
1906,111,122,-11,11
1907,207,208,-1,1
1908,140,136,4,4
1909,90,90,0,0
1910,67,69,-2,2
1911,102,134,-32,32
1912,65,66,-1,1
1913,81,84,-3,3
1914,75,75,0,0
1915,93,94,-1,1
1916,87,120,-33,33
1917,183,161,22,22
1918,95,96,-1,1
1919,200,187,13,13
1920,95,95,0,0
1921,199,172,27,27
1922,87,850,-763,763
1923,56,58,-2,2
1924,55,66,-11,11
1925,90,97,-7,7
1926,64,72,-8,8
1927,57,53,4,4
1928,179,183,-4,4
1929,78,78,0,0
1930,54,59,-5,5
1931,112,108,4,4
1932,69,88,-19,19
1933,73,80,-7,7
1934,64,68,-4,4
1935,65,76,-11,11
1936,63,69,-6,6
1937,159,138,21,21
1938,71,76,-5,5
1939,90,89,1,1
1940,116,106,10,10
1941,110,104,6,6
1942,80,95,-15,15
1943,116,133,-17,17
1944,101,119,-18,18
1945,145,137,8,8
1946,144,147,-3,3
1947,163,152,11,11
1948,115,121,-6,6
1949,115,124,-9,9
1950,102,122,-20,20
1951,105,115,-10,10
1952,61,59,2,2
1953,74,81,-7,7
1954,88,89,-1,1
1955,86,82,4,4
1956,98,101,-3,3
1957,113,111,2,2
1958,82,45,37,37
1959,124,114,10,10
1960,76,75,1,1
1961,137,136,1,1
1962,88,100,-12,12
1963,130,123,7,7
1964,75,67,8,8
1965,97,87,10,10
1966,114,113,1,1
1967,92,93,-1,1
1968,106,113,-7,7
1969,89,96,-7,7
1970,72,89,-17,17
1971,92,91,1,1
1972,66,54,12,12
1973,26,31,-5,5
1974,106,103,3,3
1975,82,87,-5,5
1976,112,113,-1,1
1977,94,95,-1,1
1978,106,104,2,2
1979,114,117,-3,3
1980,85,97,-12,12
1981,144,177,-33,33
1982,137,125,12,12
1983,56,66,-10,10
1984,62,47,15,15
1985,65,68,-3,3
1986,71,75,-4,4
1987,78,89,-11,11
1988,66,61,5,5
1989,106,110,-4,4
1990,74,108,-34,34
1991,46,136,-90,90
1992,140,131,9,9
1993,129,129,0,0
1994,83,90,-7,7
1995,81,84,-3,3
1996,49,47,2,2
1997,124,125,-1,1
1998,42,37,5,5
1999,89,90,-1,1
2000,101,102,-1,1
2001,184,190,-6,6
2002,113,110,3,3
2003,212,187,25,25
2004,120,115,5,5
2005,95,99,-4,4
2006,120,124,-4,4
2007,97,95,2,2
2008,72,67,5,5
2009,80,70,10,10
2010,87,94,-7,7
2011,100,100,0,0
2012,185,178,7,7
2013,90,96,-6,6
2014,77,80,-3,3
2015,67,72,-5,5
2016,63,65,-2,2
2017,74,77,-3,3
2018,104,106,-2,2
2019,129,124,5,5
2020,73,71,2,2
2021,128,122,6,6
2022,64,55,9,9
2023,88,81,7,7
2024,47,57,-10,10
2025,68,69,-1,1
2026,75,70,5,5
2027,75,78,-3,3
2028,80,84,-4,4
2029,61,73,-12,12
2030,74,74,0,0
2031,79,89,-10,10
2032,62,68,-6,6
2033,121,124,-3,3
2034,77,79,-2,2
2035,104,123,-19,19
2036,116,113,3,3
2037,61,76,-15,15
2038,86,81,5,5
2039,83,111,-28,28
2040,119,121,-2,2
2041,109,114,-5,5
2042,83,90,-7,7
2043,66,67,-1,1
2044,112,120,-8,8
2045,110,115,-5,5
2046,115,135,-20,20
2047,97,100,-3,3
2048,115,117,-2,2
2049,78,81,-3,3
2050,58,59,-1,1
2051,98,109,-11,11
2052,104,108,-4,4
2053,109,104,5,5
2054,143,136,7,7
2055,98,96,2,2
2056,56,64,-8,8
2057,61,66,-5,5
2058,86,83,3,3
2059,73,76,-3,3
2060,101,102,-1,1
2061,165,140,25,25
2062,64,58,6,6
2063,62,61,1,1
2064,68,65,3,3
2065,101,104,-3,3
2066,72,80,-8,8
2067,56,58,-2,2
2068,109,110,-1,1
2069,63,60,3,3
2070,48,47,1,1
2071,134,126,8,8
2072,91,105,-14,14
2073,80,87,-7,7
2074,112,115,-3,3
2075,49,47,2,2
2076,91,89,2,2
2077,75,87,-12,12
2078,86,82,4,4
2079,142,136,6,6
2080,79,73,6,6
2081,122,121,1,1
2082,139,129,10,10
2083,79,67,12,12
2084,184,170,14,14
2085,134,155,-21,21
2086,99,96,3,3
2087,59,65,-6,6
2088,77,85,-8,8
2089,84,79,5,5
2090,116,121,-5,5
2091,41,43,-2,2
2092,70,56,14,14
2093,39,35,4,4
2094,82,82,0,0
2095,58,59,-1,1
2096,166,163,3,3
2097,71,72,-1,1
2098,119,117,2,2
2099,92,105,-13,13
2100,116,111,5,5
2101,121,120,1,1
2102,106,102,4,4
2103,82,87,-5,5
2104,137,137,0,0
2105,113,119,-6,6
2106,84,82,2,2
2107,136,124,12,12
2108,57,63,-6,6
2109,142,130,12,12
2110,55,48,7,7
2111,82,89,-7,7
2112,208,186,22,22
2113,101,92,9,9
2114,156,151,5,5
2115,175,173,2,2
2116,137,121,16,16
2117,105,130,-25,25
2118,84,85,-1,1
2119,78,75,3,3
2120,115,107,8,8
2121,74,72,2,2
2122,67,68,-1,1
2123,46,41,5,5
2124,123,134,-11,11
2125,68,61,7,7
2126,110,124,-14,14
2127,95,94,1,1
2128,77,86,-9,9
2129,86,88,-2,2
2130,62,51,11,11
2131,91,92,-1,1
2132,76,86,-10,10
2133,92,87,5,5
2134,98,98,0,0
2135,108,109,-1,1
2136,142,138,4,4
2137,111,65,46,46
2138,96,103,-7,7
2139,86,85,1,1
2140,138,134,4,4
2141,89,89,0,0
2142,149,138,11,11
2143,82,94,-12,12
2144,135,147,-12,12
2145,94,96,-2,2
2146,79,92,-13,13
2147,84,90,-6,6
2148,44,81,-37,37
2149,46,54,-8,8
2150,96,92,4,4
2151,114,116,-2,2
2152,57,55,2,2
2153,79,77,2,2
2154,78,83,-5,5
2155,117,147,-30,30
2156,98,84,14,14
2157,57,50,7,7
2158,99,89,10,10
2159,97,90,7,7
2160,98,92,6,6
2161,70,69,1,1
2162,102,113,-11,11
2163,82,100,-18,18
2164,81,84,-3,3
2165,69,78,-9,9
2166,66,63,3,3
2167,97,92,5,5
2168,86,86,0,0
2169,58,56,2,2
2170,83,97,-14,14
2171,78,77,1,1
2172,64,52,12,12
2173,127,105,22,22
2174,73,61,12,12
2175,70,78,-8,8
2176,93,100,-7,7
2177,116,126,-10,10
2178,103,87,16,16
2179,44,36,8,8
2180,84,91,-7,7
2181,116,100,16,16
2182,102,120,-18,18
2183,56,45,11,11
2184,117,114,3,3
2185,111,119,-8,8
2186,82,90,-8,8
2187,115,108,7,7
2188,96,107,-11,11
2189,137,123,14,14
2190,111,94,17,17
2191,63,70,-7,7
2192,65,64,1,1
2193,57,58,-1,1
2194,82,74,8,8
2195,64,91,-27,27
2196,100,107,-7,7
2197,68,68,0,0
2198,57,62,-5,5
2199,76,73,3,3
2200,138,133,5,5
2201,61,64,-3,3
2202,80,87,-7,7
2203,98,106,-8,8
2204,137,123,14,14
2205,101,99,2,2
2206,122,125,-3,3
2207,75,81,-6,6
2208,118,115,3,3
2209,87,89,-2,2
2210,116,93,23,23
2211,97,101,-4,4
2212,147,148,-1,1
2213,74,73,1,1
2214,55,57,-2,2
2215,110,97,13,13
2216,93,98,-5,5
2217,64,74,-10,10
2218,105,116,-11,11
2219,70,101,-31,31
2220,92,87,5,5
2221,63,64,-1,1
2222,93,93,0,0
2223,60,64,-4,4
2224,82,82,0,0
2225,108,113,-5,5
2226,118,124,-6,6
2227,167,161,6,6
2228,112,117,-5,5
2229,85,89,-4,4
2230,77,91,-14,14
2231,105,116,-11,11
2232,144,146,-2,2
2233,159,185,-26,26
2234,68,71,-3,3
2235,42,35,7,7
2236,111,126,-15,15
2237,67,70,-3,3
2238,135,130,5,5
2239,45,28,17,17
2240,79,82,-3,3
2241,117,136,-19,19
2242,94,99,-5,5
2243,44,79,-35,35
2244,94,105,-11,11
2245,140,140,0,0
2246,98,100,-2,2
2247,66,70,-4,4
2248,63,68,-5,5
2249,65,78,-13,13
2250,104,110,-6,6
2251,92,101,-9,9
2252,86,93,-7,7
2253,81,86,-5,5
2254,77,89,-12,12
2255,78,80,-2,2
2256,48,59,-11,11
2257,39,25,14,14
2258,47,35,12,12
2259,94,104,-10,10
2260,161,147,14,14
2261,72,53,19,19
2262,35,41,-6,6
2263,89,98,-9,9
2264,69,95,-26,26
2265,102,110,-8,8
2266,79,103,-24,24
2267,107,105,2,2
2268,111,134,-23,23
2269,95,101,-6,6
2270,102,105,-3,3
2271,89,94,-5,5
2272,65,63,2,2
2273,108,106,2,2
2274,57,67,-10,10
2275,103,104,-1,1
2276,151,136,15,15
2277,184,157,27,27
2278,78,78,0,0
2279,185,162,23,23
2280,63,66,-3,3
2281,131,125,6,6
2282,155,135,20,20
2283,87,80,7,7
2284,136,133,3,3
2285,104,106,-2,2
2286,54,56,-2,2
2287,107,116,-9,9
2288,64,58,6,6
2289,68,71,-3,3
2290,90,91,-1,1
2291,65,77,-12,12
2292,86,97,-11,11
2293,78,81,-3,3
2294,72,70,2,2
2295,50,58,-8,8
2296,107,102,5,5
2297,101,228,-127,127
2298,104,103,1,1
2299,47,38,9,9
2300,87,87,0,0
2301,102,106,-4,4
2302,103,96,7,7
2303,62,47,15,15
2304,57,64,-7,7
2305,68,73,-5,5
2306,109,110,-1,1
2307,80,88,-8,8
2308,76,92,-16,16
2309,97,102,-5,5
2310,83,83,0,0
2311,116,110,6,6
2312,72,61,11,11
2313,49,54,-5,5
2314,108,119,-11,11
2315,106,104,2,2
2316,135,116,19,19
2317,115,120,-5,5
2318,111,102,9,9
2319,95,91,4,4
2320,56,63,-7,7
2321,154,137,17,17
2322,106,109,-3,3
2323,71,80,-9,9
2324,92,84,8,8
2325,96,82,14,14
2326,75,81,-6,6
2327,127,114,13,13
2328,66,72,-6,6
2329,78,83,-5,5
2330,148,142,6,6
2331,95,95,0,0
2332,145,118,27,27
2333,80,94,-14,14
2334,48,50,-2,2
2335,73,87,-14,14
2336,128,149,-21,21
2337,38,47,-9,9
2338,180,177,3,3
2339,63,61,2,2
2340,60,62,-2,2
2341,149,152,-3,3
2342,97,102,-5,5
2343,57,62,-5,5
2344,158,135,23,23
2345,85,92,-7,7
2346,83,78,5,5
2347,145,133,12,12
2348,76,77,-1,1
2349,107,107,0,0
2350,177,171,6,6
2351,106,93,13,13
2352,73,80,-7,7
2353,43,49,-6,6
2354,141,124,17,17
2355,100,108,-8,8
2356,81,100,-19,19
2357,267,225,42,42
2358,69,75,-6,6
2359,114,114,0,0
2360,110,116,-6,6
2361,107,113,-6,6
2362,95,85,10,10
2363,92,86,6,6
2364,166,149,17,17
2365,83,88,-5,5
2366,140,136,4,4
2367,102,95,7,7
2368,82,91,-9,9
2369,88,88,0,0
2370,129,113,16,16
2371,171,183,-12,12
2372,53,52,1,1
2373,139,124,15,15
2374,131,122,9,9
2375,137,123,14,14
2376,65,72,-7,7
2377,83,84,-1,1
2378,191,184,7,7
2379,65,59,6,6
2380,197,179,18,18
2381,101,104,-3,3
2382,147,141,6,6
2383,159,154,5,5
2384,46,47,-1,1
2385,151,155,-4,4
2386,104,100,4,4
2387,132,142,-10,10
2388,67,67,0,0
2389,80,81,-1,1
2390,198,190,8,8
2391,116,135,-19,19
2392,72,105,-33,33
2393,152,130,22,22
2394,63,75,-12,12
2395,61,63,-2,2
2396,112,113,-1,1
2397,96,88,8,8
2398,90,86,4,4
2399,118,124,-6,6
2400,102,106,-4,4
2401,65,67,-2,2
2402,93,96,-3,3
2403,64,60,4,4
2404,88,98,-10,10
2405,116,119,-3,3
2406,94,116,-22,22
2407,96,107,-11,11
2408,83,93,-10,10
2409,125,121,4,4
2410,71,67,4,4
2411,147,150,-3,3
2412,117,122,-5,5
2413,125,125,0,0
2414,65,61,4,4
2415,69,85,-16,16
2416,72,72,0,0
2417,80,95,-15,15
2418,73,71,2,2
2419,62,66,-4,4
2420,126,118,8,8
2421,56,58,-2,2
2422,90,98,-8,8
2423,95,104,-9,9
2424,67,67,0,0
2425,37,42,-5,5
2426,128,125,3,3
2427,63,59,4,4
2428,32,24,8,8
2429,63,58,5,5
2430,42,48,-6,6
2431,90,97,-7,7
2432,58,61,-3,3
2433,159,141,18,18
2434,114,135,-21,21
2435,76,52,24,24
2436,71,70,1,1
2437,91,90,1,1
2438,144,132,12,12
2439,71,67,4,4
2440,70,75,-5,5
2441,109,109,0,0
2442,86,91,-5,5
2443,114,121,-7,7
2444,66,44,22,22
2445,92,81,11,11
2446,71,83,-12,12
2447,92,87,5,5
2448,137,157,-20,20
2449,73,84,-11,11
2450,73,58,15,15
2451,101,97,4,4
2452,119,115,4,4
2453,97,95,2,2
2454,110,109,1,1
2455,69,61,8,8
2456,81,81,0,0
2457,67,80,-13,13
2458,139,130,9,9
2459,88,86,2,2
2460,114,114,0,0
2461,64,58,6,6
2462,86,80,6,6
2463,122,117,5,5
2464,122,113,9,9
2465,94,92,2,2
2466,128,132,-4,4
2467,83,78,5,5
2468,92,92,0,0
2469,175,169,6,6
2470,141,145,-4,4
2471,72,79,-7,7
2472,135,146,-11,11
2473,84,82,2,2
2474,123,119,4,4
2475,113,117,-4,4
2476,135,129,6,6
2477,83,85,-2,2
2478,58,61,-3,3
2479,146,149,-3,3
2480,123,123,0,0
2481,50,50,0,0
2482,67,78,-11,11
2483,80,88,-8,8
2484,136,132,4,4
2485,165,151,14,14
2486,84,82,2,2
2487,107,105,2,2
2488,151,155,-4,4
2489,111,113,-2,2
2490,51,49,2,2
2491,78,82,-4,4
2492,145,128,17,17
2493,54,60,-6,6
2494,86,87,-1,1
2495,93,99,-6,6
2496,117,113,4,4
2497,52,53,-1,1
2498,84,89,-5,5
2499,196,200,-4,4
2500,70,50,20,20
2501,166,157,9,9
2502,103,88,15,15
2503,67,78,-11,11
2504,54,55,-1,1
2505,91,89,2,2
2506,124,123,1,1
2507,80,77,3,3
2508,111,114,-3,3
2509,108,97,11,11
2510,134,139,-5,5
2511,98,102,-4,4
2512,64,99,-35,35
2513,73,72,1,1
2514,94,96,-2,2
2515,61,76,-15,15
2516,90,100,-10,10
2517,102,93,9,9
2518,150,138,12,12
2519,97,101,-4,4
2520,76,78,-2,2
2521,58,59,-1,1
2522,90,74,16,16
2523,70,69,1,1
2524,65,70,-5,5
2525,78,73,5,5
2526,53,63,-10,10
2527,83,77,6,6
2528,103,69,34,34
2529,74,71,3,3
2530,173,166,7,7
2531,63,67,-4,4
2532,104,103,1,1
2533,96,99,-3,3
2534,110,124,-14,14
2535,83,87,-4,4
2536,89,92,-3,3
2537,95,104,-9,9
2538,74,93,-19,19
2539,55,50,5,5
2540,117,115,2,2
2541,32,26,6,6
2542,64,72,-8,8
2543,103,98,5,5
2544,121,118,3,3
2545,129,118,11,11
2546,90,94,-4,4
2547,119,141,-22,22
2548,105,101,4,4
2549,78,74,4,4
2550,159,143,16,16
2551,73,84,-11,11
2552,128,120,8,8
2553,149,144,5,5
2554,129,118,11,11
2555,87,90,-3,3
2556,69,75,-6,6
2557,120,117,3,3
2558,57,59,-2,2
2559,107,120,-13,13
2560,56,51,5,5
2561,128,74,54,54
2562,153,128,25,25
2563,114,122,-8,8
2564,96,106,-10,10
2565,111,106,5,5
2566,130,142,-12,12
2567,88,97,-9,9
2568,75,77,-2,2
2569,85,91,-6,6
2570,105,102,3,3
2571,48,51,-3,3
2572,98,96,2,2
2573,62,72,-10,10
2574,142,139,3,3
2575,91,65,26,26
2576,85,94,-9,9
2577,67,59,8,8
2578,116,113,3,3
2579,82,91,-9,9
2580,136,138,-2,2
2581,145,140,5,5
2582,76,78,-2,2
2583,46,49,-3,3
2584,112,124,-12,12
2585,119,117,2,2
2586,75,90,-15,15
2587,58,68,-10,10
2588,90,96,-6,6
2589,106,118,-12,12
2590,117,119,-2,2
2591,97,97,0,0
2592,142,158,-16,16
2593,156,148,8,8
2594,136,72,64,64
2595,73,82,-9,9
2596,98,89,9,9
2597,79,87,-8,8
2598,130,133,-3,3
2599,114,123,-9,9
2600,122,126,-4,4
2601,87,79,8,8
2602,136,125,11,11
2603,157,143,14,14
2604,53,54,-1,1
2605,106,103,3,3
2606,62,65,-3,3
2607,87,97,-10,10
2608,75,74,1,1
2609,71,79,-8,8
2610,87,84,3,3
2611,81,82,-1,1
2612,110,116,-6,6
2613,119,118,1,1
2614,103,100,3,3
2615,65,61,4,4
2616,137,120,17,17
2617,66,66,0,0
2618,78,78,0,0
2619,93,105,-12,12
2620,117,116,1,1
2621,95,97,-2,2
2622,88,81,7,7
2623,102,93,9,9
2624,49,56,-7,7
2625,82,76,6,6
2626,70,78,-8,8
2627,78,87,-9,9
2628,75,68,7,7
2629,80,73,7,7
2630,133,133,0,0
2631,82,88,-6,6
2632,147,100,47,47
2633,174,166,8,8
2634,65,68,-3,3
2635,95,98,-3,3
2636,105,96,9,9
2637,72,71,1,1
2638,78,78,0,0
2639,137,138,-1,1
2640,153,150,3,3
2641,131,154,-23,23
2642,53,57,-4,4
2643,88,85,3,3
2644,74,76,-2,2
2645,62,67,-5,5
2646,97,115,-18,18
2647,121,119,2,2
2648,106,110,-4,4
2649,76,111,-35,35
2650,103,105,-2,2
2651,87,72,15,15
2652,67,63,4,4
2653,68,98,-30,30
2654,123,115,8,8
2655,68,60,8,8
2656,115,119,-4,4
2657,116,113,3,3
2658,95,97,-2,2
2659,57,65,-8,8
2660,106,108,-2,2
2661,85,83,2,2
2662,106,91,15,15
2663,87,85,2,2
2664,86,88,-2,2
2665,84,86,-2,2
2666,60,56,4,4
2667,99,108,-9,9
2668,84,125,-41,41
2669,60,58,2,2
2670,134,126,8,8
2671,130,126,4,4
2672,78,77,1,1
2673,62,65,-3,3
2674,90,87,3,3
2675,105,112,-7,7
2676,104,113,-9,9
2677,102,101,1,1
2678,125,118,7,7
2679,74,47,27,27
2680,100,103,-3,3
2681,103,111,-8,8
2682,77,62,15,15
2683,86,80,6,6
2684,97,102,-5,5
2685,81,88,-7,7
2686,88,94,-6,6
2687,52,60,-8,8
2688,59,73,-14,14
2689,89,84,5,5
2690,51,65,-14,14
2691,45,48,-3,3
2692,103,114,-11,11
2693,70,79,-9,9
2694,148,144,4,4
2695,91,103,-12,12
2696,45,38,7,7
2697,146,145,1,1
2698,119,118,1,1
2699,107,120,-13,13
2700,170,148,22,22
2701,62,66,-4,4
2702,130,117,13,13
2703,40,56,-16,16
2704,91,96,-5,5
2705,61,62,-1,1
2706,72,70,2,2
2707,113,117,-4,4
2708,120,106,14,14
2709,52,45,7,7
2710,43,53,-10,10
2711,63,61,2,2
2712,106,101,5,5
2713,109,115,-6,6
2714,136,122,14,14
2715,100,100,0,0
2716,58,62,-4,4
2717,64,62,2,2
2718,135,139,-4,4
2719,125,129,-4,4
2720,91,108,-17,17
2721,81,85,-4,4
2722,53,46,7,7
2723,120,127,-7,7
2724,96,104,-8,8
2725,42,41,1,1
2726,122,114,8,8
2727,67,61,6,6
2728,97,95,2,2
2729,65,64,1,1
2730,86,92,-6,6
2731,72,71,1,1
2732,62,60,2,2
2733,72,69,3,3
2734,83,75,8,8
2735,129,137,-8,8
2736,109,104,5,5
2737,72,90,-18,18
2738,78,86,-8,8
2739,175,179,-4,4
2740,125,125,0,0
2741,65,54,11,11
2742,122,126,-4,4
2743,79,88,-9,9
2744,35,37,-2,2
2745,86,93,-7,7
2746,120,109,11,11
2747,96,93,3,3
2748,152,142,10,10
2749,114,124,-10,10
2750,94,102,-8,8
2751,67,70,-3,3
2752,94,101,-7,7
2753,145,124,21,21
2754,52,45,7,7
2755,108,113,-5,5
2756,86,94,-8,8
2757,91,94,-3,3
2758,132,134,-2,2
2759,160,157,3,3
2760,94,77,17,17
2761,136,123,13,13
2762,46,38,8,8
2763,76,76,0,0
2764,66,71,-5,5
2765,72,72,0,0
2766,102,109,-7,7
2767,77,81,-4,4
2768,56,62,-6,6
2769,139,148,-9,9
2770,217,202,15,15
2771,105,116,-11,11
2772,86,87,-1,1
2773,172,162,10,10
2774,131,135,-4,4
2775,141,139,2,2
2776,85,97,-12,12
2777,68,62,6,6
2778,90,102,-12,12
2779,75,77,-2,2
2780,82,91,-9,9
2781,76,63,13,13
2782,92,91,1,1
2783,76,80,-4,4
2784,108,109,-1,1
2785,99,96,3,3
2786,65,69,-4,4
2787,101,113,-12,12
2788,196,178,18,18
2789,80,93,-13,13
2790,130,141,-11,11
2791,57,69,-12,12
2792,105,93,12,12
2793,83,88,-5,5
2794,75,94,-19,19
2795,37,38,-1,1
2796,92,111,-19,19
2797,70,69,1,1
2798,35,33,2,2
2799,120,113,7,7
2800,87,77,10,10
2801,56,47,9,9
2802,84,89,-5,5
2803,185,168,17,17
2804,95,82,13,13
2805,76,77,-1,1
2806,60,63,-3,3
2807,84,87,-3,3
2808,67,67,0,0
2809,79,81,-2,2
2810,106,117,-11,11
2811,121,117,4,4
2812,81,101,-20,20
2813,93,94,-1,1
2814,150,144,6,6
2815,104,110,-6,6
2816,95,97,-2,2
2817,120,111,9,9
2818,140,142,-2,2
2819,106,115,-9,9
2820,92,82,10,10
2821,75,78,-3,3
2822,69,77,-8,8
2823,78,83,-5,5
2824,57,59,-2,2
2825,71,67,4,4
2826,110,104,6,6
2827,90,91,-1,1
2828,58,56,2,2
2829,52,57,-5,5
2830,108,110,-2,2
2831,53,58,-5,5
2832,102,99,3,3
2833,89,96,-7,7
2834,158,142,16,16
2835,81,77,4,4
2836,93,107,-14,14
2837,127,122,5,5
2838,117,113,4,4
2839,105,101,4,4
2840,133,130,3,3
2841,106,99,7,7
2842,149,138,11,11
2843,117,116,1,1
2844,92,95,-3,3
2845,74,78,-4,4
2846,156,155,1,1
2847,90,84,6,6
2848,116,121,-5,5
2849,118,107,11,11
2850,109,110,-1,1
2851,110,114,-4,4
2852,84,97,-13,13
2853,120,109,11,11
2854,145,148,-3,3
2855,64,69,-5,5
2856,95,119,-24,24
2857,54,55,-1,1
2858,109,105,4,4
2859,81,81,0,0
2860,74,80,-6,6
2861,123,128,-5,5
2862,88,92,-4,4
2863,153,159,-6,6
2864,119,126,-7,7
2865,100,107,-7,7
2866,91,89,2,2
2867,85,76,9,9
2868,72,68,4,4
2869,137,123,14,14
2870,120,139,-19,19
2871,58,62,-4,4
2872,106,104,2,2
2873,100,111,-11,11
2874,75,79,-4,4
2875,71,71,0,0
2876,90,83,7,7
2877,56,58,-2,2
2878,109,112,-3,3
2879,97,105,-8,8
2880,95,87,8,8
2881,84,89,-5,5
2882,64,66,-2,2
2883,79,68,11,11
2884,66,66,0,0
2885,65,67,-2,2
2886,117,116,1,1
2887,143,145,-2,2
2888,65,64,1,1
2889,80,80,0,0
2890,111,122,-11,11
2891,116,118,-2,2
2892,80,145,-65,65
2893,89,98,-9,9
2894,181,166,15,15
2895,95,88,7,7
2896,81,81,0,0
2897,172,148,24,24
2898,137,134,3,3
2899,83,88,-5,5
2900,98,103,-5,5
2901,131,126,5,5
2902,75,84,-9,9
2903,160,157,3,3
2904,115,106,9,9
2905,124,142,-18,18
2906,121,116,5,5
2907,113,116,-3,3
2908,116,112,4,4
2909,62,70,-8,8
2910,94,88,6,6
2911,92,93,-1,1
2912,144,136,8,8
2913,37,67,-30,30
2914,65,76,-11,11
2915,159,165,-6,6
2916,76,75,1,1
2917,116,117,-1,1
2918,79,84,-5,5
2919,89,111,-22,22
2920,79,78,1,1
2921,100,109,-9,9
2922,92,84,8,8
2923,90,88,2,2
2924,53,57,-4,4
2925,97,104,-7,7
2926,148,150,-2,2
2927,104,111,-7,7
2928,57,51,6,6
2929,71,72,-1,1
2930,116,133,-17,17
2931,191,179,12,12
2932,122,116,6,6
2933,60,60,0,0
2934,125,162,-37,37
2935,69,91,-22,22
2936,98,99,-1,1
2937,131,121,10,10
2938,105,117,-12,12
2939,103,99,4,4
2940,60,70,-10,10
2941,67,69,-2,2
2942,118,124,-6,6
2943,58,62,-4,4
2944,76,72,4,4
2945,109,101,8,8
2946,72,76,-4,4
2947,87,86,1,1
2948,57,63,-6,6
2949,85,87,-2,2
2950,78,80,-2,2
2951,88,81,7,7
2952,75,79,-4,4
2953,124,123,1,1
2954,84,93,-9,9
2955,112,107,5,5
2956,98,94,4,4
2957,152,144,8,8
2958,54,60,-6,6
2959,121,117,4,4
2960,164,177,-13,13
2961,58,60,-2,2
2962,164,162,2,2
2963,47,55,-8,8
2964,163,168,-5,5
2965,104,106,-2,2
2966,66,77,-11,11
2967,111,116,-5,5
2968,60,60,0,0
2969,45,50,-5,5
2970,98,79,19,19
2971,129,126,3,3
2972,94,93,1,1
2973,100,105,-5,5
2974,88,93,-5,5
2975,79,82,-3,3
2976,73,78,-5,5
2977,125,126,-1,1
2978,91,93,-2,2
2979,102,103,-1,1
2980,137,135,2,2
2981,186,176,10,10
2982,67,70,-3,3
2983,59,64,-5,5
2984,36,32,4,4
2985,128,126,2,2
2986,80,75,5,5
2987,102,116,-14,14
2988,137,115,22,22
2989,58,51,7,7
2990,94,110,-16,16
2991,90,83,7,7
2992,110,105,5,5
2993,101,117,-16,16
2994,78,83,-5,5
2995,121,105,16,16
2996,87,82,5,5
2997,81,72,9,9
2998,70,73,-3,3
2999,142,140,2,2
3000,93,93,0,0
3001,98,91,7,7
3002,125,126,-1,1
3003,65,68,-3,3
3004,126,144,-18,18
3005,77,80,-3,3
3006,79,80,-1,1
3007,85,92,-7,7
3008,65,48,17,17
3009,74,78,-4,4
3010,124,130,-6,6
3011,112,104,8,8
3012,99,101,-2,2
3013,73,71,2,2
3014,97,90,7,7
3015,73,76,-3,3
3016,58,60,-2,2
3017,172,161,11,11
3018,91,96,-5,5
3019,67,59,8,8
3020,100,106,-6,6
3021,110,110,0,0
3022,58,64,-6,6
3023,96,112,-16,16
3024,69,77,-8,8
3025,91,102,-11,11
3026,64,66,-2,2
3027,71,72,-1,1
3028,49,69,-20,20
3029,88,97,-9,9
3030,147,121,26,26
3031,71,68,3,3
3032,117,106,11,11
3033,89,97,-8,8
3034,95,88,7,7
3035,78,93,-15,15
3036,82,92,-10,10
3037,72,73,-1,1
3038,137,124,13,13
3039,122,143,-21,21
3040,115,104,11,11
3041,120,118,2,2
3042,119,120,-1,1
3043,84,79,5,5
3044,88,85,3,3
3045,60,66,-6,6
3046,115,117,-2,2
3047,81,83,-2,2
3048,136,147,-11,11
3049,85,95,-10,10
3050,100,106,-6,6
3051,118,116,2,2
3052,109,106,3,3
3053,61,75,-14,14
3054,105,104,1,1
3055,206,177,29,29
3056,112,110,2,2
3057,83,83,0,0
3058,181,181,0,0
3059,151,133,18,18
3060,104,108,-4,4
3061,83,100,-17,17
3062,109,103,6,6
3063,62,64,-2,2
3064,76,72,4,4
3065,86,96,-10,10
3066,127,120,7,7
3067,83,84,-1,1
3068,122,113,9,9
3069,103,117,-14,14
3070,107,106,1,1
3071,94,92,2,2
3072,103,93,10,10
3073,72,69,3,3
3074,66,67,-1,1
3075,70,95,-25,25
3076,54,49,5,5
3077,57,70,-13,13
3078,165,165,0,0
3079,125,120,5,5
3080,125,131,-6,6
3081,92,91,1,1
3082,53,48,5,5
3083,106,129,-23,23
3084,95,86,9,9
3085,94,87,7,7
3086,72,77,-5,5
3087,78,76,2,2
3088,113,116,-3,3
3089,106,97,9,9
3090,101,99,2,2
3091,102,111,-9,9
3092,95,92,3,3
3093,69,76,-7,7
3094,74,68,6,6
3095,104,103,1,1
3096,78,96,-18,18
3097,86,96,-10,10
3098,41,54,-13,13
3099,86,87,-1,1
3100,80,78,2,2
3101,182,166,16,16
3102,83,85,-2,2
3103,65,56,9,9
3104,81,77,4,4
3105,159,155,4,4
3106,103,105,-2,2
3107,102,97,5,5
3108,60,46,14,14
3109,142,143,-1,1
3110,62,60,2,2
3111,129,126,3,3
3112,79,90,-11,11
3113,87,86,1,1
3114,127,115,12,12
3115,56,59,-3,3
3116,94,111,-17,17
3117,90,91,-1,1
3118,62,72,-10,10
3119,60,69,-9,9
3120,110,145,-35,35
3121,98,103,-5,5
3122,58,62,-4,4
3123,88,85,3,3
3124,35,39,-4,4
3125,138,141,-3,3
3126,73,80,-7,7
3127,99,90,9,9
3128,87,90,-3,3
3129,69,72,-3,3
3130,102,94,8,8
3131,89,87,2,2
3132,106,99,7,7
3133,116,112,4,4
3134,69,72,-3,3
3135,75,68,7,7
3136,91,82,9,9
3137,67,64,3,3
3138,133,142,-9,9
3139,76,85,-9,9
3140,103,107,-4,4
3141,71,65,6,6
3142,135,131,4,4
3143,99,105,-6,6
3144,104,97,7,7
3145,146,132,14,14
3146,57,38,19,19
3147,108,130,-22,22
3148,82,75,7,7
3149,106,97,9,9
3150,110,114,-4,4
3151,98,102,-4,4
3152,62,60,2,2
3153,102,105,-3,3
3154,130,134,-4,4
3155,108,109,-1,1
3156,61,59,2,2
3157,73,87,-14,14
3158,54,55,-1,1
3159,63,57,6,6
3160,140,124,16,16
3161,47,120,-73,73
3162,68,79,-11,11
3163,134,127,7,7
3164,106,106,0,0
3165,72,76,-4,4
3166,107,107,0,0
3167,107,109,-2,2
3168,53,55,-2,2
3169,112,101,11,11
3170,124,127,-3,3
3171,103,102,1,1
3172,76,85,-9,9
3173,103,102,1,1
3174,92,111,-19,19
3175,40,41,-1,1
3176,79,81,-2,2
3177,83,87,-4,4
3178,77,72,5,5
3179,75,74,1,1
3180,63,61,2,2
3181,134,133,1,1
3182,66,74,-8,8
3183,173,164,9,9
3184,100,98,2,2
3185,119,114,5,5
3186,143,136,7,7
3187,61,74,-13,13
3188,59,54,5,5
3189,91,96,-5,5
3190,61,62,-1,1
3191,127,127,0,0
3192,164,156,8,8
3193,81,81,0,0
3194,136,131,5,5
3195,73,84,-11,11
3196,72,68,4,4
3197,82,80,2,2
3198,79,81,-2,2
3199,70,76,-6,6
3200,95,90,5,5
3201,63,62,1,1
3202,67,62,5,5
3203,127,126,1,1
3204,107,105,2,2
3205,58,63,-5,5
3206,91,95,-4,4
3207,60,56,4,4
3208,94,103,-9,9
3209,90,83,7,7
3210,49,42,7,7
3211,94,112,-18,18
3212,68,63,5,5
3213,86,80,6,6
3214,107,95,12,12
3215,54,40,14,14
3216,88,83,5,5
3217,69,83,-14,14
3218,85,83,2,2
3219,99,96,3,3
3220,116,136,-20,20
3221,113,105,8,8
3222,42,56,-14,14
3223,36,38,-2,2
3224,52,59,-7,7
3225,88,82,6,6
3226,62,68,-6,6
3227,87,79,8,8
3228,97,106,-9,9
3229,94,99,-5,5
3230,113,111,2,2
3231,168,162,6,6
3232,107,98,9,9
3233,130,125,5,5
3234,169,168,1,1
3235,84,90,-6,6
3236,151,127,24,24
3237,75,68,7,7
3238,73,69,4,4
3239,64,81,-17,17
3240,144,143,1,1
3241,86,91,-5,5
3242,91,89,2,2
3243,76,72,4,4
3244,112,112,0,0
3245,46,44,2,2
3246,51,38,13,13
3247,116,109,7,7
3248,106,111,-5,5
3249,63,75,-12,12
3250,115,101,14,14
3251,151,168,-17,17
3252,70,65,5,5
3253,153,154,-1,1
3254,66,62,4,4
3255,95,102,-7,7
3256,71,68,3,3
3257,75,67,8,8
3258,83,81,2,2
3259,75,77,-2,2
3260,111,99,12,12
3261,95,98,-3,3
3262,133,125,8,8
3263,56,47,9,9
3264,42,48,-6,6
3265,61,63,-2,2
3266,72,75,-3,3
3267,60,59,1,1
3268,95,88,7,7
3269,115,129,-14,14
3270,101,110,-9,9
3271,65,64,1,1
3272,100,111,-11,11
3273,69,73,-4,4
3274,81,74,7,7
3275,82,79,3,3
3276,107,105,2,2
3277,112,120,-8,8
3278,99,102,-3,3
3279,75,74,1,1
3280,161,150,11,11
3281,76,72,4,4
3282,142,144,-2,2
3283,111,119,-8,8
3284,78,84,-6,6
3285,137,129,8,8
3286,40,42,-2,2
3287,65,70,-5,5
3288,88,94,-6,6
3289,103,90,13,13
3290,143,166,-23,23
3291,37,24,13,13
3292,65,61,4,4
3293,90,88,2,2
3294,97,96,1,1
3295,107,106,1,1
3296,104,116,-12,12
3297,151,137,14,14
3298,98,102,-4,4
3299,91,94,-3,3
3300,90,84,6,6
3301,79,85,-6,6
3302,62,56,6,6
3303,83,82,1,1
3304,102,110,-8,8
3305,92,103,-11,11
3306,48,51,-3,3
3307,103,117,-14,14
3308,65,61,4,4
3309,84,93,-9,9
3310,57,53,4,4
3311,108,110,-2,2
3312,80,79,1,1
3313,66,85,-19,19
3314,106,99,7,7
3315,52,51,1,1
3316,107,120,-13,13
3317,107,99,8,8
3318,57,63,-6,6
3319,137,132,5,5
3320,69,71,-2,2
3321,90,87,3,3
3322,65,67,-2,2
3323,49,50,-1,1
3324,153,140,13,13
3325,119,115,4,4
3326,75,78,-3,3
3327,160,150,10,10
3328,140,139,1,1
3329,146,147,-1,1
3330,104,92,12,12
3331,94,97,-3,3
3332,60,51,9,9
3333,118,97,21,21
3334,71,71,0,0
3335,66,68,-2,2
3336,183,166,17,17
3337,103,95,8,8
3338,119,120,-1,1
3339,107,120,-13,13
3340,92,88,4,4
3341,89,99,-10,10
3342,116,108,8,8
3343,84,79,5,5
3344,118,126,-8,8
3345,52,48,4,4
3346,75,81,-6,6
3347,163,170,-7,7
3348,96,98,-2,2
3349,104,115,-11,11
3350,135,145,-10,10
3351,78,81,-3,3
3352,127,121,6,6
3353,96,97,-1,1
3354,123,108,15,15
3355,119,108,11,11
3356,83,91,-8,8
3357,107,112,-5,5
3358,96,84,12,12
3359,105,121,-16,16
3360,142,136,6,6
3361,67,82,-15,15
3362,67,76,-9,9
3363,126,121,5,5
3364,59,61,-2,2
3365,59,65,-6,6
3366,74,78,-4,4
3367,87,89,-2,2
3368,69,75,-6,6
3369,66,67,-1,1
3370,117,104,13,13
3371,186,175,11,11
3372,63,71,-8,8
3373,125,124,1,1
3374,87,84,3,3
3375,97,102,-5,5
3376,96,89,7,7
3377,49,46,3,3
3378,105,113,-8,8
3379,48,50,-2,2
3380,111,111,0,0
3381,98,102,-4,4
3382,123,105,18,18
3383,74,70,4,4
3384,55,45,10,10
3385,124,133,-9,9
3386,151,142,9,9
3387,54,62,-8,8
3388,44,47,-3,3
3389,78,89,-11,11
3390,141,145,-4,4
3391,85,79,6,6
3392,40,41,-1,1
3393,77,85,-8,8
3394,104,99,5,5
3395,71,65,6,6
3396,94,101,-7,7
3397,98,107,-9,9
3398,56,57,-1,1
3399,64,73,-9,9
3400,107,108,-1,1
3401,58,66,-8,8
3402,40,45,-5,5
3403,107,90,17,17
3404,110,110,0,0
3405,124,121,3,3
3406,100,92,8,8
3407,88,96,-8,8
3408,131,110,21,21
3409,93,93,0,0
3410,134,140,-6,6
3411,81,93,-12,12
3412,81,88,-7,7
3413,84,92,-8,8
3414,86,86,0,0
3415,152,148,4,4
3416,64,65,-1,1
3417,73,77,-4,4
3418,118,128,-10,10
3419,73,73,0,0
3420,88,77,11,11
3421,112,126,-14,14
3422,141,143,-2,2
3423,150,151,-1,1
3424,105,102,3,3
3425,163,150,13,13
3426,29,36,-7,7
3427,94,96,-2,2
3428,67,76,-9,9
3429,98,115,-17,17
3430,89,86,3,3
3431,106,106,0,0
3432,100,101,-1,1
3433,107,93,14,14
3434,64,66,-2,2
3435,45,55,-10,10
3436,77,84,-7,7
3437,144,125,19,19
3438,103,107,-4,4
3439,67,94,-27,27
3440,38,40,-2,2
3441,116,112,4,4
3442,102,108,-6,6
3443,119,120,-1,1
3444,88,92,-4,4
3445,111,108,3,3
3446,48,48,0,0
3447,131,118,13,13
3448,86,87,-1,1
3449,76,76,0,0
3450,80,71,9,9
3451,99,100,-1,1
3452,132,131,1,1
3453,91,107,-16,16
3454,105,100,5,5
3455,159,162,-3,3
3456,117,113,4,4
3457,142,149,-7,7
3458,69,69,0,0
3459,79,81,-2,2
3460,134,143,-9,9
3461,101,98,3,3
3462,94,104,-10,10
3463,97,122,-25,25
3464,112,101,11,11
3465,70,69,1,1
3466,139,136,3,3
3467,120,109,11,11
3468,93,111,-18,18
3469,70,69,1,1
3470,77,76,1,1
3471,91,90,1,1
3472,57,54,3,3
3473,75,88,-13,13
3474,64,71,-7,7
3475,88,97,-9,9
3476,90,97,-7,7
3477,82,86,-4,4
3478,54,58,-4,4
3479,101,95,6,6
3480,102,109,-7,7
3481,92,92,0,0
3482,77,76,1,1
3483,76,80,-4,4
3484,109,121,-12,12
3485,48,54,-6,6
3486,86,93,-7,7
3487,91,94,-3,3
3488,60,57,3,3
3489,117,117,0,0
3490,121,116,5,5
3491,129,142,-13,13
3492,90,100,-10,10
3493,106,89,17,17
3494,80,73,7,7
3495,129,121,8,8
3496,65,58,7,7
3497,48,46,2,2
3498,104,96,8,8
3499,72,71,1,1
3500,69,71,-2,2
3501,115,118,-3,3
3502,147,166,-19,19
3503,83,86,-3,3
3504,96,93,3,3
3505,83,85,-2,2
3506,106,107,-1,1
3507,83,85,-2,2
3508,94,84,10,10
3509,101,85,16,16
3510,112,124,-12,12
3511,56,62,-6,6
3512,106,105,1,1
3513,93,98,-5,5
3514,83,90,-7,7
3515,60,51,9,9
3516,116,114,2,2
3517,127,113,14,14
3518,65,70,-5,5
3519,134,140,-6,6
3520,45,58,-13,13
3521,74,80,-6,6
3522,107,115,-8,8
3523,97,108,-11,11
3524,145,139,6,6
3525,101,102,-1,1
3526,104,72,32,32
3527,90,95,-5,5
3528,98,108,-10,10
3529,107,115,-8,8
3530,66,75,-9,9
3531,76,85,-9,9
3532,39,43,-4,4
3533,89,89,0,0
3534,47,48,-1,1
3535,68,76,-8,8
3536,47,52,-5,5
3537,194,162,32,32
3538,107,116,-9,9
3539,155,141,14,14
3540,163,162,1,1
3541,93,73,20,20
3542,124,119,5,5
3543,28,26,2,2
3544,101,104,-3,3
3545,70,76,-6,6
3546,61,65,-4,4
3547,92,84,8,8
3548,78,90,-12,12
3549,51,60,-9,9
3550,99,104,-5,5
3551,95,92,3,3
3552,137,122,15,15
3553,90,84,6,6
3554,84,86,-2,2
3555,72,79,-7,7
3556,83,90,-7,7
3557,94,97,-3,3
3558,86,89,-3,3
3559,86,79,7,7
3560,87,91,-4,4
3561,104,114,-10,10
3562,58,55,3,3
3563,50,63,-13,13
3564,44,46,-2,2
3565,83,87,-4,4
3566,97,96,1,1
3567,146,140,6,6
3568,147,130,17,17
3569,107,108,-1,1
3570,117,105,12,12
3571,152,154,-2,2
3572,130,125,5,5
3573,157,155,2,2
3574,268,269,-1,1
3575,90,85,5,5
3576,101,106,-5,5
3577,73,73,0,0
3578,120,128,-8,8
3579,86,91,-5,5
3580,144,123,21,21
3581,97,87,10,10
3582,93,92,1,1
3583,49,54,-5,5
3584,97,97,0,0
3585,99,97,2,2
3586,63,64,-1,1
3587,135,129,6,6
3588,66,70,-4,4
3589,71,71,0,0
3590,74,73,1,1
3591,160,150,10,10
3592,52,57,-5,5
3593,84,82,2,2
3594,127,144,-17,17
3595,82,78,4,4
3596,80,91,-11,11
3597,108,110,-2,2
3598,104,116,-12,12
3599,106,98,8,8
3600,154,153,1,1
3601,54,51,3,3
3602,91,106,-15,15
3603,115,136,-21,21
3604,98,104,-6,6
3605,117,112,5,5
3606,46,46,0,0
3607,93,95,-2,2
3608,50,52,-2,2
3609,110,173,-63,63
3610,101,97,4,4
3611,121,119,2,2
3612,129,128,1,1
3613,123,107,16,16
3614,55,54,1,1
3615,97,85,12,12
3616,102,97,5,5
3617,127,137,-10,10
3618,66,66,0,0
3619,75,76,-1,1
3620,125,139,-14,14
3621,75,63,12,12
3622,137,147,-10,10
3623,76,78,-2,2
3624,80,69,11,11
3625,93,94,-1,1
3626,213,201,12,12
3627,73,70,3,3
3628,99,96,3,3
3629,152,140,12,12
3630,110,122,-12,12
3631,53,66,-13,13
3632,83,71,12,12
3633,94,102,-8,8
3634,60,63,-3,3
3635,150,135,15,15
3636,146,136,10,10
3637,156,161,-5,5
3638,99,92,7,7
3639,66,65,1,1
3640,85,67,18,18
3641,68,84,-16,16
3642,174,161,13,13
3643,112,102,10,10
3644,102,100,2,2
3645,96,100,-4,4
3646,123,117,6,6
3647,62,73,-11,11
3648,42,44,-2,2
3649,84,94,-10,10
3650,99,114,-15,15
3651,96,103,-7,7
3652,94,85,9,9
3653,88,85,3,3
3654,113,105,8,8
3655,136,140,-4,4
3656,51,59,-8,8
3657,82,89,-7,7
3658,103,90,13,13
3659,109,104,5,5
3660,39,37,2,2
3661,66,59,7,7
3662,68,67,1,1
3663,97,93,4,4
3664,85,85,0,0
3665,123,115,8,8
3666,134,143,-9,9
3667,171,163,8,8
3668,88,94,-6,6
3669,83,81,2,2
3670,52,57,-5,5
3671,90,96,-6,6
3672,75,78,-3,3
3673,80,90,-10,10
3674,85,83,2,2
3675,113,131,-18,18
3676,85,74,11,11
3677,124,121,3,3
3678,126,122,4,4
3679,136,124,12,12
3680,111,112,-1,1
3681,122,110,12,12
3682,84,83,1,1
3683,53,35,18,18
3684,83,85,-2,2
3685,132,131,1,1
3686,133,135,-2,2
3687,96,88,8,8
3688,53,55,-2,2
3689,87,101,-14,14
3690,63,63,0,0
3691,92,87,5,5
3692,73,76,-3,3
3693,142,131,11,11
3694,93,82,11,11
3695,69,70,-1,1
3696,59,56,3,3
3697,120,124,-4,4
3698,52,42,10,10
3699,50,44,6,6
3700,80,90,-10,10
3701,68,66,2,2
3702,73,70,3,3
3703,245,201,44,44
3704,147,143,4,4
3705,75,69,6,6
3706,59,62,-3,3
3707,84,82,2,2
3708,92,91,1,1
3709,146,144,2,2
3710,183,177,6,6
3711,64,69,-5,5
3712,101,93,8,8
3713,102,98,4,4
3714,117,115,2,2
3715,178,178,0,0
3716,143,132,11,11
3717,68,75,-7,7
3718,90,85,5,5
3719,48,49,-1,1
3720,74,78,-4,4
3721,63,62,1,1
3722,74,87,-13,13
3723,83,87,-4,4
3724,89,102,-13,13
3725,112,111,1,1
3726,89,99,-10,10
3727,71,59,12,12
3728,72,74,-2,2
3729,66,65,1,1
3730,173,176,-3,3
3731,139,135,4,4
3732,94,102,-8,8
3733,48,53,-5,5
3734,102,108,-6,6
3735,69,74,-5,5
3736,67,64,3,3
3737,91,89,2,2
3738,109,114,-5,5
3739,39,47,-8,8
3740,146,137,9,9
3741,103,107,-4,4
3742,149,150,-1,1
3743,78,69,9,9
3744,78,79,-1,1
3745,76,64,12,12
3746,81,81,0,0
3747,155,162,-7,7
3748,76,85,-9,9
3749,113,103,10,10
3750,87,86,1,1
3751,81,77,4,4
3752,82,94,-12,12
3753,107,114,-7,7
3754,148,140,8,8
3755,57,67,-10,10
3756,73,70,3,3
3757,112,109,3,3
3758,48,48,0,0
3759,77,88,-11,11
3760,142,126,16,16
3761,142,129,13,13
3762,122,132,-10,10
3763,67,61,6,6
3764,132,127,5,5
3765,134,145,-11,11
3766,96,86,10,10
3767,70,67,3,3
3768,84,81,3,3
3769,108,98,10,10
3770,159,146,13,13
3771,114,124,-10,10
3772,71,70,1,1
3773,88,98,-10,10
3774,95,91,4,4
3775,36,29,7,7
3776,99,99,0,0
3777,54,57,-3,3
3778,148,154,-6,6
3779,75,70,5,5
3780,64,78,-14,14
3781,170,156,14,14
3782,176,162,14,14
3783,143,124,19,19
3784,108,99,9,9
3785,94,187,-93,93
3786,102,122,-20,20
3787,92,102,-10,10
3788,132,139,-7,7
3789,84,89,-5,5
3790,152,148,4,4
3791,94,86,8,8
3792,103,107,-4,4
3793,122,132,-10,10
3794,79,86,-7,7
3795,81,72,9,9
3796,81,81,0,0
3797,65,58,7,7
3798,90,81,9,9
3799,85,89,-4,4
3800,74,75,-1,1
3801,110,103,7,7
3802,62,53,9,9
3803,132,126,6,6
3804,94,95,-1,1
3805,77,71,6,6
3806,69,86,-17,17
3807,90,90,0,0
3808,58,62,-4,4
3809,101,108,-7,7
3810,72,74,-2,2
3811,49,65,-16,16
3812,120,123,-3,3
3813,60,72,-12,12
3814,140,150,-10,10
3815,53,51,2,2
3816,66,73,-7,7
3817,60,58,2,2
3818,103,107,-4,4
3819,92,95,-3,3
3820,158,141,17,17
3821,71,103,-32,32
3822,73,82,-9,9
3823,66,69,-3,3
3824,149,161,-12,12
3825,146,133,13,13
3826,68,60,8,8
3827,108,104,4,4
3828,54,57,-3,3
3829,70,72,-2,2
3830,98,103,-5,5
3831,112,115,-3,3
3832,64,57,7,7
3833,96,101,-5,5
3834,124,131,-7,7
3835,73,70,3,3
3836,75,74,1,1
3837,97,92,5,5
3838,100,104,-4,4
3839,153,170,-17,17
3840,145,149,-4,4
3841,98,92,6,6
3842,114,111,3,3
3843,111,101,10,10
3844,68,77,-9,9
3845,60,58,2,2
3846,87,105,-18,18
3847,74,75,-1,1
3848,54,57,-3,3
3849,77,72,5,5
3850,63,61,2,2
3851,120,116,4,4
3852,107,96,11,11
3853,75,83,-8,8
3854,96,100,-4,4
3855,50,45,5,5
3856,152,144,8,8
3857,133,120,13,13
3858,140,156,-16,16
3859,63,68,-5,5
3860,82,86,-4,4
3861,101,117,-16,16
3862,78,73,5,5
3863,101,94,7,7
3864,74,70,4,4
3865,104,108,-4,4
3866,97,96,1,1
3867,55,69,-14,14
3868,166,162,4,4
3869,110,91,19,19
3870,76,101,-25,25
3871,81,90,-9,9
3872,128,128,0,0
3873,108,102,6,6
3874,68,67,1,1
3875,86,91,-5,5
3876,79,81,-2,2
3877,65,63,2,2
3878,148,149,-1,1
3879,165,148,17,17
3880,96,103,-7,7
3881,61,62,-1,1
3882,86,78,8,8
3883,65,57,8,8
3884,124,136,-12,12
3885,94,101,-7,7
3886,55,53,2,2
3887,71,71,0,0
3888,132,119,13,13
3889,55,54,1,1
3890,97,117,-20,20
3891,96,102,-6,6
3892,101,96,5,5
3893,100,92,8,8
3894,78,76,2,2
3895,132,136,-4,4
3896,73,79,-6,6
3897,93,85,8,8
3898,51,44,7,7
3899,136,129,7,7
3900,80,69,11,11
3901,159,161,-2,2
3902,151,149,2,2
3903,64,66,-2,2
3904,75,78,-3,3
3905,151,131,20,20
3906,72,79,-7,7
3907,113,91,22,22
3908,88,97,-9,9
3909,93,96,-3,3
3910,62,67,-5,5
3911,59,68,-9,9
3912,104,103,1,1
3913,133,130,3,3
3914,66,74,-8,8
3915,90,101,-11,11
3916,98,95,3,3
3917,181,144,37,37
3918,68,60,8,8
3919,81,76,5,5
3920,148,143,5,5
3921,92,84,8,8
3922,109,109,0,0
3923,176,173,3,3
3924,236,219,17,17
3925,112,105,7,7
3926,74,77,-3,3
3927,82,79,3,3
3928,78,75,3,3
3929,83,85,-2,2
3930,89,96,-7,7
3931,95,101,-6,6
3932,177,173,4,4
3933,53,64,-11,11
3934,94,110,-16,16
3935,104,110,-6,6
3936,63,74,-11,11
3937,94,90,4,4
3938,95,96,-1,1
3939,122,115,7,7
3940,135,132,3,3
3941,170,154,16,16
3942,104,114,-10,10
3943,153,151,2,2
3944,70,95,-25,25
3945,124,110,14,14
3946,81,86,-5,5
3947,143,143,0,0
3948,86,96,-10,10
3949,87,84,3,3
3950,92,102,-10,10
3951,111,107,4,4
3952,73,85,-12,12
3953,83,80,3,3
3954,117,113,4,4
3955,92,95,-3,3
3956,70,78,-8,8
3957,107,99,8,8
3958,62,69,-7,7
3959,96,95,1,1
3960,93,92,1,1
3961,50,60,-10,10
3962,61,51,10,10
3963,118,123,-5,5
3964,117,116,1,1
3965,116,104,12,12
3966,183,168,15,15
3967,56,63,-7,7
3968,67,63,4,4
3969,81,76,5,5
3970,117,113,4,4
3971,98,103,-5,5
3972,63,61,2,2
3973,62,56,6,6
3974,84,89,-5,5
3975,156,156,0,0
3976,105,105,0,0
3977,89,76,13,13
3978,132,123,9,9
3979,106,108,-2,2
3980,111,120,-9,9
3981,150,146,4,4
3982,95,93,2,2
3983,20,38,-18,18
3984,99,100,-1,1
3985,103,118,-15,15
3986,73,89,-16,16
3987,83,79,4,4
3988,69,81,-12,12
3989,130,124,6,6
3990,106,103,3,3
3991,104,102,2,2
3992,125,128,-3,3
3993,121,102,19,19
3994,190,186,4,4
3995,116,124,-8,8
3996,87,102,-15,15
3997,71,77,-6,6
3998,71,80,-9,9
3999,146,149,-3,3
4000,97,104,-7,7
4001,98,94,4,4
4002,127,129,-2,2
4003,74,75,-1,1
4004,47,47,0,0
4005,92,92,0,0
4006,82,82,0,0
4007,118,112,6,6
4008,137,118,19,19
4009,101,104,-3,3
4010,51,52,-1,1
4011,88,111,-23,23
4012,177,148,29,29
4013,82,81,1,1
4014,90,102,-12,12
4015,99,94,5,5
4016,83,94,-11,11
4017,104,113,-9,9
4018,83,73,10,10
4019,57,55,2,2
4020,155,148,7,7
4021,107,97,10,10
4022,72,76,-4,4
4023,72,72,0,0
4024,102,105,-3,3
4025,90,88,2,2
4026,111,106,5,5
4027,123,119,4,4
4028,46,51,-5,5
4029,81,80,1,1
4030,95,77,18,18
4031,125,123,2,2
4032,105,103,2,2
4033,74,77,-3,3
4034,166,147,19,19
4035,96,98,-2,2
4036,70,61,9,9
4037,56,35,21,21
4038,66,66,0,0
4039,85,91,-6,6
4040,46,50,-4,4
4041,47,47,0,0
4042,68,74,-6,6
4043,130,140,-10,10
4044,141,143,-2,2
4045,95,95,0,0
4046,111,103,8,8
4047,50,52,-2,2
4048,111,110,1,1
4049,100,110,-10,10
4050,72,70,2,2
4051,80,85,-5,5
4052,120,114,6,6
4053,180,165,15,15
4054,39,45,-6,6
4055,103,116,-13,13
4056,95,94,1,1
4057,146,159,-13,13
4058,110,111,-1,1
4059,48,34,14,14
4060,83,115,-32,32
4061,66,83,-17,17
4062,86,92,-6,6
4063,79,73,6,6
4064,113,123,-10,10
4065,114,110,4,4
4066,86,75,11,11
4067,165,161,4,4
4068,69,84,-15,15
4069,124,128,-4,4
4070,103,120,-17,17
4071,76,63,13,13
4072,118,122,-4,4
4073,157,150,7,7
4074,107,110,-3,3
4075,170,155,15,15
4076,58,61,-3,3
4077,59,62,-3,3
4078,124,119,5,5
4079,142,126,16,16
4080,105,121,-16,16
4081,116,118,-2,2
4082,140,128,12,12
4083,92,96,-4,4
4084,130,136,-6,6
4085,113,106,7,7
4086,129,141,-12,12
4087,73,76,-3,3
4088,100,106,-6,6
4089,87,98,-11,11
4090,75,74,1,1
4091,87,95,-8,8
4092,113,99,14,14
4093,64,69,-5,5
4094,83,81,2,2
4095,75,78,-3,3
4096,124,126,-2,2
4097,87,80,7,7
4098,63,64,-1,1
4099,78,75,3,3
4100,86,87,-1,1
4101,104,120,-16,16
4102,95,112,-17,17
4103,119,128,-9,9
4104,99,112,-13,13
4105,54,59,-5,5
4106,73,73,0,0
4107,71,78,-7,7
4108,83,88,-5,5
4109,182,155,27,27
4110,74,91,-17,17
4111,133,133,0,0
4112,80,77,3,3
4113,98,107,-9,9
4114,98,103,-5,5
4115,96,98,-2,2
4116,84,72,12,12
4117,199,209,-10,10
4118,153,147,6,6
4119,121,136,-15,15
4120,104,116,-12,12
4121,79,84,-5,5
4122,109,94,15,15
4123,74,82,-8,8
4124,48,54,-6,6
4125,127,130,-3,3
4126,77,81,-4,4
4127,57,59,-2,2
4128,88,86,2,2
4129,76,79,-3,3
4130,120,114,6,6
4131,86,92,-6,6
4132,62,70,-8,8
4133,60,61,-1,1
4134,83,85,-2,2
4135,90,87,3,3
4136,69,67,2,2
4137,65,66,-1,1
4138,97,100,-3,3
4139,107,102,5,5
4140,131,137,-6,6
4141,118,113,5,5
4142,107,157,-50,50
4143,72,81,-9,9
4144,153,151,2,2
4145,83,83,0,0
4146,55,56,-1,1
4147,106,109,-3,3
4148,97,118,-21,21
4149,176,163,13,13
4150,139,124,15,15
4151,84,96,-12,12
4152,112,104,8,8
4153,58,66,-8,8
4154,119,116,3,3
4155,75,80,-5,5
4156,155,154,1,1
4157,71,64,7,7
4158,150,137,13,13
4159,94,97,-3,3
4160,54,62,-8,8
4161,70,73,-3,3
4162,125,114,11,11
4163,36,27,9,9
4164,78,81,-3,3
4165,96,92,4,4
4166,100,97,3,3
4167,106,106,0,0
4168,129,120,9,9
4169,39,43,-4,4
4170,44,42,2,2
4171,97,90,7,7
4172,80,87,-7,7
4173,52,49,3,3
4174,102,103,-1,1
4175,101,97,4,4
4176,90,103,-13,13
4177,151,165,-14,14
4178,82,92,-10,10
4179,117,115,2,2
4180,63,68,-5,5
4181,135,140,-5,5
4182,71,62,9,9
4183,96,110,-14,14
4184,123,118,5,5
4185,75,71,4,4
4186,60,60,0,0
4187,103,103,0,0
4188,59,57,2,2
4189,116,130,-14,14
4190,92,87,5,5
4191,76,66,10,10
4192,53,47,6,6
4193,107,117,-10,10
4194,70,73,-3,3
4195,101,100,1,1
4196,88,88,0,0
4197,84,81,3,3
4198,26,52,-26,26
4199,107,111,-4,4
4200,121,123,-2,2
4201,66,70,-4,4
4202,75,81,-6,6
4203,140,148,-8,8
4204,87,84,3,3
4205,57,51,6,6
4206,100,99,1,1
4207,183,163,20,20
4208,131,152,-21,21
4209,98,125,-27,27
4210,70,74,-4,4
4211,80,81,-1,1
4212,112,122,-10,10
4213,164,167,-3,3
4214,112,107,5,5
4215,49,48,1,1
4216,69,77,-8,8
4217,64,75,-11,11
4218,78,88,-10,10
4219,116,118,-2,2
4220,113,107,6,6
4221,123,123,0,0
4222,101,106,-5,5
4223,100,110,-10,10
4224,84,85,-1,1
4225,114,109,5,5
4226,109,113,-4,4
4227,52,47,5,5
4228,115,115,0,0
4229,106,107,-1,1
4230,93,91,2,2
4231,69,78,-9,9
4232,149,130,19,19
4233,87,89,-2,2
4234,103,102,1,1
4235,106,109,-3,3
4236,76,97,-21,21
4237,124,134,-10,10
4238,115,117,-2,2
4239,82,83,-1,1
4240,152,163,-11,11
4241,138,133,5,5
4242,196,179,17,17
4243,133,115,18,18
4244,146,134,12,12
4245,105,108,-3,3
4246,92,104,-12,12
4247,71,60,11,11
4248,97,105,-8,8
4249,70,76,-6,6
4250,107,119,-12,12
4251,80,83,-3,3
4252,63,62,1,1
4253,75,78,-3,3
4254,75,77,-2,2
4255,75,76,-1,1
4256,104,92,12,12
4257,152,139,13,13
4258,71,68,3,3
4259,107,106,1,1
4260,161,158,3,3
4261,71,80,-9,9
4262,91,84,7,7
4263,98,96,2,2
4264,108,108,0,0
4265,78,74,4,4
4266,116,123,-7,7
4267,108,103,5,5
4268,81,85,-4,4
4269,65,71,-6,6
4270,111,113,-2,2
4271,70,72,-2,2
4272,55,57,-2,2
4273,102,106,-4,4
4274,102,106,-4,4
4275,56,59,-3,3
4276,100,88,12,12
4277,47,45,2,2
4278,145,144,1,1
4279,108,106,2,2
4280,143,139,4,4
4281,123,112,11,11
4282,172,169,3,3
4283,60,74,-14,14
4284,105,108,-3,3
4285,46,46,0,0
4286,80,73,7,7
4287,114,123,-9,9
4288,189,187,2,2
4289,82,71,11,11
4290,126,123,3,3
4291,157,142,15,15
4292,147,170,-23,23
4293,27,70,-43,43
4294,79,82,-3,3
4295,75,69,6,6
4296,65,60,5,5
4297,68,67,1,1
4298,126,122,4,4
4299,133,142,-9,9
4300,101,95,6,6
4301,80,80,0,0
4302,103,97,6,6
4303,95,91,4,4
4304,103,97,6,6
4305,113,113,0,0
4306,42,40,2,2
4307,85,91,-6,6
4308,82,90,-8,8
4309,104,104,0,0
4310,85,81,4,4
4311,107,100,7,7
4312,78,72,6,6
4313,66,65,1,1
4314,108,116,-8,8
4315,90,103,-13,13
4316,88,97,-9,9
4317,59,60,-1,1
4318,79,80,-1,1
4319,69,71,-2,2
4320,135,135,0,0
4321,96,115,-19,19
4322,148,146,2,2
4323,31,34,-3,3
4324,65,74,-9,9
4325,86,85,1,1
4326,47,42,5,5
4327,83,82,1,1
4328,170,170,0,0
4329,63,68,-5,5
4330,110,104,6,6
4331,182,152,30,30
4332,141,148,-7,7
4333,94,100,-6,6
4334,81,81,0,0
4335,87,94,-7,7
4336,131,129,2,2
4337,117,96,21,21
4338,64,56,8,8
4339,150,168,-18,18
4340,93,107,-14,14
4341,88,91,-3,3
4342,90,96,-6,6
4343,86,92,-6,6
4344,96,119,-23,23
4345,173,160,13,13
4346,104,100,4,4
4347,44,46,-2,2
4348,81,78,3,3
4349,71,66,5,5
4350,77,70,7,7
4351,82,75,7,7
4352,196,181,15,15
4353,126,119,7,7
4354,100,105,-5,5
4355,159,146,13,13
4356,61,74,-13,13
4357,54,43,11,11
4358,73,66,7,7
4359,73,79,-6,6
4360,88,81,7,7
4361,136,137,-1,1
4362,94,96,-2,2
4363,164,174,-10,10
4364,100,106,-6,6
4365,126,118,8,8
4366,50,50,0,0
4367,79,87,-8,8
4368,94,108,-14,14
4369,110,115,-5,5
4370,144,137,7,7
4371,62,62,0,0
4372,92,95,-3,3
4373,59,61,-2,2
4374,279,243,36,36
4375,149,148,1,1
4376,61,77,-16,16
4377,72,91,-19,19
4378,64,68,-4,4
4379,142,142,0,0
4380,56,55,1,1
4381,140,147,-7,7
4382,221,200,21,21
4383,111,101,10,10
4384,93,91,2,2
4385,110,113,-3,3
4386,83,73,10,10
4387,65,78,-13,13
4388,154,156,-2,2
4389,92,91,1,1
4390,144,137,7,7
4391,102,105,-3,3
4392,131,133,-2,2
4393,98,93,5,5
4394,104,99,5,5
4395,95,99,-4,4
4396,108,116,-8,8
4397,89,86,3,3
4398,139,144,-5,5
4399,116,120,-4,4
4400,58,63,-5,5
4401,140,146,-6,6
4402,89,96,-7,7
4403,103,98,5,5
4404,67,70,-3,3
4405,62,59,3,3
4406,162,158,4,4
4407,77,75,2,2
4408,99,104,-5,5
4409,92,79,13,13
4410,105,121,-16,16
4411,99,100,-1,1
4412,82,96,-14,14
4413,139,130,9,9
4414,99,98,1,1
4415,82,87,-5,5
4416,95,92,3,3
4417,101,101,0,0
4418,85,93,-8,8
4419,102,99,3,3
4420,133,133,0,0
4421,76,77,-1,1
4422,126,124,2,2
4423,101,105,-4,4
4424,119,103,16,16
4425,152,156,-4,4
4426,136,126,10,10
4427,87,88,-1,1
4428,116,110,6,6
4429,60,66,-6,6
4430,96,97,-1,1
4431,76,75,1,1
4432,128,122,6,6
4433,85,86,-1,1
4434,84,84,0,0
4435,153,137,16,16
4436,72,66,6,6
4437,73,66,7,7
4438,108,97,11,11
4439,73,76,-3,3
4440,94,94,0,0
4441,86,87,-1,1
4442,89,87,2,2
4443,56,61,-5,5
4444,195,181,14,14
4445,70,72,-2,2
4446,64,61,3,3
4447,96,90,6,6
4448,103,116,-13,13
4449,131,132,-1,1
4450,93,90,3,3
4451,122,124,-2,2
4452,54,61,-7,7
4453,67,76,-9,9
4454,66,61,5,5
4455,110,117,-7,7
4456,108,107,1,1
4457,119,129,-10,10
4458,80,73,7,7
4459,60,69,-9,9
4460,88,90,-2,2
4461,123,107,16,16
4462,59,63,-4,4
4463,103,95,8,8
4464,93,95,-2,2
4465,90,95,-5,5
4466,157,152,5,5
4467,94,92,2,2
4468,79,37,42,42
4469,131,132,-1,1
4470,50,49,1,1
4471,111,122,-11,11
4472,106,116,-10,10
4473,104,109,-5,5
4474,94,97,-3,3
4475,71,68,3,3
4476,168,154,14,14
4477,102,112,-10,10
4478,58,64,-6,6
4479,49,45,4,4
4480,96,97,-1,1
4481,74,89,-15,15
4482,135,142,-7,7
4483,171,160,11,11
4484,70,71,-1,1
4485,118,134,-16,16
4486,90,82,8,8
4487,101,118,-17,17
4488,97,100,-3,3
4489,107,107,0,0
4490,87,85,2,2
4491,43,44,-1,1
4492,79,79,0,0
4493,106,99,7,7
4494,39,33,6,6
4495,178,161,17,17
4496,74,78,-4,4
4497,36,41,-5,5
4498,68,67,1,1
4499,114,118,-4,4
4500,80,90,-10,10
4501,109,122,-13,13
4502,128,125,3,3
4503,87,98,-11,11
4504,110,122,-12,12
4505,100,102,-2,2
4506,128,139,-11,11
4507,136,148,-12,12
4508,129,138,-9,9
4509,122,125,-3,3
4510,102,99,3,3
4511,109,108,1,1
4512,58,65,-7,7
4513,122,116,6,6
4514,90,86,4,4
4515,57,52,5,5
4516,107,105,2,2
4517,168,167,1,1
4518,98,99,-1,1
4519,120,115,5,5
4520,74,84,-10,10
4521,88,84,4,4
4522,96,86,10,10
4523,64,94,-30,30
4524,55,55,0,0
4525,94,92,2,2
4526,148,156,-8,8
4527,92,109,-17,17
4528,95,110,-15,15
4529,110,108,2,2
4530,83,74,9,9
4531,139,137,2,2
4532,108,98,10,10
4533,78,79,-1,1
4534,78,83,-5,5
4535,98,98,0,0
4536,104,104,0,0
4537,68,64,4,4
4538,103,112,-9,9
4539,66,69,-3,3
4540,100,100,0,0
4541,123,117,6,6
4542,74,72,2,2
4543,136,125,11,11
4544,47,50,-3,3
4545,92,88,4,4
4546,122,116,6,6
4547,125,127,-2,2
4548,122,110,12,12
4549,61,60,1,1
4550,82,105,-23,23
4551,112,108,4,4
4552,48,50,-2,2
4553,146,149,-3,3
4554,67,53,14,14
4555,115,119,-4,4
4556,165,164,1,1
4557,87,94,-7,7
4558,40,50,-10,10
4559,55,53,2,2
4560,127,122,5,5
4561,70,76,-6,6
4562,99,108,-9,9
4563,45,50,-5,5
4564,95,90,5,5
4565,80,84,-4,4
4566,47,54,-7,7
4567,99,123,-24,24
4568,118,121,-3,3
4569,104,111,-7,7
4570,75,79,-4,4
4571,90,88,2,2
4572,82,75,7,7
4573,163,142,21,21
4574,93,102,-9,9
4575,166,173,-7,7
4576,69,80,-11,11
4577,122,133,-11,11
4578,148,147,1,1
4579,56,53,3,3
4580,66,65,1,1
4581,83,97,-14,14
4582,63,62,1,1
4583,108,105,3,3
4584,123,113,10,10
4585,161,174,-13,13
4586,83,107,-24,24
4587,49,43,6,6
4588,78,81,-3,3
4589,101,103,-2,2
4590,38,41,-3,3
4591,98,98,0,0
4592,174,149,25,25
4593,75,94,-19,19
4594,56,58,-2,2
4595,138,139,-1,1
4596,38,35,3,3
4597,51,48,3,3
4598,69,67,2,2
4599,98,106,-8,8
4600,87,86,1,1
4601,88,87,1,1
4602,156,158,-2,2
4603,140,136,4,4
4604,92,106,-14,14
4605,49,55,-6,6
4606,82,88,-6,6
4607,217,246,-29,29
4608,99,107,-8,8
4609,110,101,9,9
4610,79,84,-5,5
4611,69,66,3,3
4612,87,82,5,5
4613,84,81,3,3
4614,77,82,-5,5
4615,78,71,7,7
4616,100,103,-3,3
4617,112,108,4,4
4618,130,124,6,6
4619,137,102,35,35
4620,125,116,9,9
4621,86,91,-5,5
4622,152,149,3,3
4623,96,106,-10,10
4624,111,123,-12,12
4625,99,107,-8,8
4626,56,58,-2,2
4627,211,198,13,13
4628,109,118,-9,9
4629,137,128,9,9
4630,74,83,-9,9
4631,120,123,-3,3
4632,81,82,-1,1
4633,71,79,-8,8
4634,88,84,4,4
4635,111,106,5,5
4636,197,180,17,17
4637,85,82,3,3
4638,112,115,-3,3
4639,44,56,-12,12
4640,86,87,-1,1
4641,72,97,-25,25
4642,59,64,-5,5
4643,82,94,-12,12
4644,69,68,1,1
4645,91,76,15,15
4646,142,146,-4,4
4647,84,73,11,11
4648,81,77,4,4
4649,101,97,4,4
4650,190,175,15,15
4651,107,97,10,10
4652,119,128,-9,9
4653,77,78,-1,1
4654,152,140,12,12
4655,64,52,12,12
4656,77,80,-3,3
4657,51,48,3,3
4658,77,77,0,0
4659,84,89,-5,5
4660,60,65,-5,5
4661,107,109,-2,2
4662,87,107,-20,20
4663,116,124,-8,8
4664,160,152,8,8
4665,116,124,-8,8
4666,84,82,2,2
4667,113,121,-8,8
4668,105,112,-7,7
4669,55,46,9,9
4670,91,93,-2,2
4671,113,106,7,7
4672,62,48,14,14
4673,75,75,0,0
4674,45,47,-2,2
4675,177,179,-2,2
4676,131,136,-5,5
4677,112,115,-3,3
4678,127,141,-14,14
4679,146,125,21,21
4680,138,138,0,0
4681,93,101,-8,8
4682,65,73,-8,8
4683,168,168,0,0
4684,112,123,-11,11
4685,149,142,7,7
4686,140,141,-1,1
4687,94,96,-2,2
4688,141,135,6,6
4689,75,86,-11,11
4690,134,134,0,0
4691,95,97,-2,2
4692,119,103,16,16
4693,95,105,-10,10
4694,65,71,-6,6
4695,95,99,-4,4
4696,97,106,-9,9
4697,132,136,-4,4
4698,87,86,1,1
4699,124,140,-16,16
4700,115,114,1,1
4701,45,42,3,3
4702,110,100,10,10
4703,57,62,-5,5
4704,126,105,21,21
4705,50,52,-2,2
4706,132,135,-3,3
4707,71,62,9,9
4708,88,85,3,3
4709,91,98,-7,7
4710,79,79,0,0
4711,47,32,15,15
4712,103,111,-8,8
4713,38,39,-1,1
4714,68,67,1,1
4715,130,126,4,4
4716,157,141,16,16
4717,99,92,7,7
4718,62,58,4,4
4719,79,79,0,0
4720,74,77,-3,3
4721,154,143,11,11
4722,36,64,-28,28
4723,81,78,3,3
4724,69,68,1,1
4725,39,39,0,0
4726,106,96,10,10
4727,141,133,8,8
4728,71,71,0,0
4729,108,104,4,4
4730,142,136,6,6
4731,43,45,-2,2
4732,109,111,-2,2
4733,72,73,-1,1
4734,110,106,4,4
4735,84,94,-10,10
4736,88,82,6,6
4737,156,142,14,14
4738,106,112,-6,6
4739,160,161,-1,1
4740,105,101,4,4
4741,231,217,14,14
4742,111,104,7,7
4743,53,49,4,4
4744,124,136,-12,12
4745,105,102,3,3
4746,144,148,-4,4
4747,83,92,-9,9
4748,81,82,-1,1
4749,96,100,-4,4
4750,143,145,-2,2
4751,118,106,12,12
4752,77,80,-3,3
4753,116,132,-16,16
4754,116,67,49,49
4755,76,80,-4,4
4756,73,73,0,0
4757,92,92,0,0
4758,89,91,-2,2
4759,58,58,0,0
4760,70,71,-1,1
4761,134,134,0,0
4762,73,93,-20,20
4763,139,129,10,10
4764,59,63,-4,4
4765,59,62,-3,3
4766,72,71,1,1
4767,81,93,-12,12
4768,96,99,-3,3
4769,190,185,5,5
4770,131,123,8,8
4771,188,179,9,9
4772,141,148,-7,7
4773,103,105,-2,2
4774,65,80,-15,15
4775,86,92,-6,6
4776,64,67,-3,3
4777,115,124,-9,9
4778,58,66,-8,8
4779,150,137,13,13
4780,70,73,-3,3
4781,91,87,4,4
4782,104,105,-1,1
4783,78,84,-6,6
4784,57,60,-3,3
4785,117,108,9,9
4786,82,85,-3,3
4787,50,55,-5,5
4788,76,82,-6,6
4789,64,64,0,0
4790,140,131,9,9
4791,88,95,-7,7
4792,41,48,-7,7
4793,56,76,-20,20
4794,161,163,-2,2
4795,107,96,11,11
4796,94,97,-3,3
4797,71,60,11,11
4798,163,153,10,10
4799,99,88,11,11
4800,30,31,-1,1
4801,99,89,10,10
4802,161,133,28,28
4803,82,75,7,7
4804,92,89,3,3
4805,152,142,10,10
4806,131,120,11,11
4807,99,93,6,6
4808,50,47,3,3
4809,80,86,-6,6
4810,99,93,6,6
4811,69,71,-2,2
4812,67,73,-6,6
4813,143,132,11,11
4814,68,71,-3,3
4815,65,71,-6,6
4816,94,91,3,3
4817,55,51,4,4
4818,94,92,2,2
4819,45,48,-3,3
4820,140,137,3,3
4821,65,63,2,2
4822,62,68,-6,6
4823,94,96,-2,2
4824,129,128,1,1
4825,123,122,1,1
4826,80,75,5,5
4827,86,68,18,18
4828,112,115,-3,3
4829,89,87,2,2
4830,72,70,2,2
4831,65,62,3,3
4832,90,91,-1,1
4833,71,84,-13,13
4834,107,111,-4,4
4835,140,139,1,1
4836,57,54,3,3
4837,104,109,-5,5
4838,56,49,7,7
4839,103,84,19,19
4840,104,102,2,2
4841,78,79,-1,1
4842,126,130,-4,4
4843,101,97,4,4
4844,85,94,-9,9
4845,72,53,19,19
4846,57,58,-1,1
4847,51,60,-9,9
4848,102,105,-3,3
4849,85,87,-2,2
4850,71,65,6,6
4851,87,83,4,4
4852,74,77,-3,3
4853,104,104,0,0
4854,102,102,0,0
4855,181,165,16,16
4856,130,126,4,4
4857,75,92,-17,17
4858,102,100,2,2
4859,56,61,-5,5
4860,72,77,-5,5
4861,90,102,-12,12
4862,66,68,-2,2
4863,82,85,-3,3
4864,139,150,-11,11
4865,97,77,20,20
4866,83,86,-3,3
4867,71,77,-6,6
4868,81,78,3,3
4869,80,72,8,8
4870,152,148,4,4
4871,54,51,3,3
4872,51,49,2,2
4873,142,128,14,14
4874,134,140,-6,6
4875,253,291,-38,38
4876,85,110,-25,25
4877,274,239,35,35
4878,180,161,19,19
4879,85,95,-10,10
4880,68,80,-12,12
4881,126,119,7,7
4882,147,135,12,12
4883,67,69,-2,2
4884,58,64,-6,6
4885,146,137,9,9
4886,170,165,5,5
4887,80,83,-3,3
4888,117,123,-6,6
4889,72,77,-5,5
4890,52,58,-6,6
4891,92,101,-9,9
4892,88,77,11,11
4893,106,109,-3,3
4894,93,91,2,2
4895,151,144,7,7
4896,90,87,3,3
4897,71,77,-6,6
4898,63,62,1,1
4899,171,154,17,17
4900,83,73,10,10
4901,125,120,5,5
4902,123,110,13,13
4903,119,112,7,7
4904,100,94,6,6
4905,97,112,-15,15
4906,82,73,9,9
4907,104,114,-10,10
4908,84,89,-5,5
4909,133,155,-22,22
4910,66,66,0,0
4911,328,305,23,23
4912,66,67,-1,1
4913,129,127,2,2
4914,60,61,-1,1
4915,107,120,-13,13
4916,88,78,10,10
4917,92,101,-9,9
4918,97,83,14,14
4919,95,98,-3,3
4920,176,159,17,17
4921,93,85,8,8
4922,124,129,-5,5
4923,80,76,4,4
4924,117,126,-9,9
4925,92,86,6,6
4926,137,125,12,12
4927,160,151,9,9
4928,114,112,2,2
4929,78,75,3,3
4930,73,72,1,1
4931,62,59,3,3
4932,85,95,-10,10
4933,52,57,-5,5
4934,53,33,20,20
4935,98,86,12,12
4936,92,93,-1,1
4937,100,101,-1,1
4938,114,113,1,1
4939,139,140,-1,1
4940,76,79,-3,3
4941,119,116,3,3
4942,41,46,-5,5
4943,53,41,12,12
4944,268,258,10,10
4945,66,65,1,1
4946,130,114,16,16
4947,115,110,5,5
4948,157,155,2,2
4949,50,55,-5,5
4950,75,68,7,7
4951,79,70,9,9
4952,85,87,-2,2
4953,42,68,-26,26
4954,85,90,-5,5
4955,95,99,-4,4
4956,72,77,-5,5
4957,90,107,-17,17
4958,81,78,3,3
4959,109,117,-8,8
4960,146,157,-11,11
4961,131,128,3,3
4962,138,128,10,10
4963,32,41,-9,9
4964,86,83,3,3
4965,76,83,-7,7
4966,73,98,-25,25
4967,132,133,-1,1
4968,136,139,-3,3
4969,36,40,-4,4
4970,40,36,4,4
4971,62,61,1,1
4972,99,111,-12,12
4973,63,79,-16,16
4974,90,76,14,14
4975,63,74,-11,11
4976,63,69,-6,6
4977,73,85,-12,12
4978,73,79,-6,6
4979,120,111,9,9
4980,161,155,6,6
4981,74,74,0,0
4982,74,59,15,15
4983,49,53,-4,4
4984,157,132,25,25
4985,123,120,3,3
4986,91,85,6,6
4987,115,108,7,7
4988,85,82,3,3
4989,66,66,0,0
4990,102,90,12,12
4991,98,98,0,0
4992,100,92,8,8
4993,105,114,-9,9
4994,84,80,4,4
4995,95,90,5,5
4996,108,101,7,7
4997,62,51,11,11
4998,116,116,0,0
4999,79,80,-1,1
5000,73,71,2,2
5001,50,59,-9,9
5002,97,92,5,5
5003,145,121,24,24
5004,152,142,10,10
5005,134,124,10,10
5006,110,106,4,4
5007,114,109,5,5
5008,72,61,11,11
5009,113,99,14,14
5010,58,65,-7,7
5011,50,60,-10,10
5012,29,23,6,6
5013,71,71,0,0
5014,90,92,-2,2
5015,140,128,12,12
5016,123,122,1,1
5017,131,124,7,7
5018,50,48,2,2
5019,82,83,-1,1
5020,77,84,-7,7
5021,98,95,3,3
5022,83,75,8,8
5023,88,77,11,11
5024,122,123,-1,1
5025,87,84,3,3
5026,107,107,0,0
5027,75,86,-11,11
5028,89,94,-5,5
5029,124,123,1,1
5030,105,103,2,2
5031,62,63,-1,1
5032,125,109,16,16
5033,94,109,-15,15
5034,91,93,-2,2
5035,74,83,-9,9
5036,82,98,-16,16
5037,60,60,0,0
5038,69,72,-3,3
5039,132,135,-3,3
5040,76,78,-2,2
5041,169,162,7,7
5042,101,103,-2,2
5043,167,161,6,6
5044,79,82,-3,3
5045,78,98,-20,20
5046,61,69,-8,8
5047,137,131,6,6
5048,116,106,10,10
5049,77,86,-9,9
5050,76,81,-5,5
5051,157,161,-4,4
5052,90,105,-15,15
5053,79,80,-1,1
5054,131,113,18,18
5055,118,128,-10,10
5056,110,97,13,13
5057,151,139,12,12
5058,159,158,1,1
5059,95,101,-6,6
5060,78,72,6,6
5061,107,112,-5,5
5062,131,128,3,3
5063,87,87,0,0
5064,42,44,-2,2
5065,66,71,-5,5
5066,101,99,2,2
5067,140,135,5,5
5068,66,59,7,7
5069,43,44,-1,1
5070,100,105,-5,5
5071,120,122,-2,2
5072,76,65,11,11
5073,121,141,-20,20
5074,78,76,2,2
5075,121,120,1,1
5076,51,52,-1,1
5077,101,109,-8,8
5078,136,133,3,3
5079,107,126,-19,19
5080,106,113,-7,7
5081,116,109,7,7
5082,89,85,4,4
5083,65,67,-2,2
5084,154,138,16,16
5085,130,125,5,5
5086,98,87,11,11
5087,75,83,-8,8
5088,81,76,5,5
5089,82,91,-9,9
5090,86,98,-12,12
5091,93,106,-13,13
5092,73,81,-8,8
5093,76,79,-3,3
5094,166,155,11,11
5095,98,106,-8,8
5096,120,100,20,20
5097,67,72,-5,5
5098,81,84,-3,3
5099,170,158,12,12
5100,40,51,-11,11
5101,101,99,2,2
5102,80,80,0,0
5103,121,107,14,14
5104,58,55,3,3
5105,115,112,3,3
5106,63,60,3,3
5107,87,96,-9,9
5108,148,144,4,4
5109,102,103,-1,1
5110,79,82,-3,3
5111,118,109,9,9
5112,92,95,-3,3
5113,110,110,0,0
5114,131,129,2,2
5115,139,144,-5,5
5116,68,75,-7,7
5117,122,127,-5,5
5118,140,130,10,10
5119,124,130,-6,6
5120,103,94,9,9
5121,59,73,-14,14
5122,80,86,-6,6
5123,131,127,4,4
5124,104,100,4,4
5125,155,155,0,0
5126,89,94,-5,5
5127,68,88,-20,20
5128,79,79,0,0
5129,110,109,1,1
5130,54,53,1,1
5131,121,134,-13,13
5132,101,107,-6,6
5133,109,114,-5,5
5134,100,97,3,3
5135,132,134,-2,2
5136,71,64,7,7
5137,89,96,-7,7
5138,92,90,2,2
5139,91,93,-2,2
5140,117,111,6,6
5141,100,101,-1,1
5142,118,112,6,6
5143,160,133,27,27
5144,121,113,8,8
5145,88,95,-7,7
5146,152,160,-8,8
5147,56,55,1,1
5148,51,54,-3,3
5149,110,99,11,11
5150,79,82,-3,3
5151,68,76,-8,8
5152,52,52,0,0
5153,129,136,-7,7
5154,81,74,7,7
5155,39,39,0,0
5156,55,125,-70,70
5157,53,55,-2,2
5158,92,94,-2,2
5159,72,75,-3,3
5160,103,100,3,3
5161,141,130,11,11
5162,82,88,-6,6
5163,69,72,-3,3
5164,168,165,3,3
5165,65,72,-7,7
5166,76,90,-14,14
5167,104,108,-4,4
5168,89,91,-2,2
5169,101,106,-5,5
5170,53,60,-7,7
5171,105,104,1,1
5172,90,85,5,5
5173,116,112,4,4
5174,137,134,3,3
5175,126,108,18,18
5176,43,37,6,6
5177,65,66,-1,1
5178,76,75,1,1
5179,104,100,4,4
5180,88,80,8,8
5181,75,74,1,1
5182,82,87,-5,5
5183,40,69,-29,29
5184,77,78,-1,1
5185,66,62,4,4
5186,154,166,-12,12
5187,86,79,7,7
5188,112,120,-8,8
5189,93,98,-5,5
5190,130,150,-20,20
5191,177,160,17,17
5192,148,146,2,2
5193,80,85,-5,5
5194,58,56,2,2
5195,115,116,-1,1
5196,118,116,2,2
5197,66,64,2,2
5198,161,147,14,14
5199,80,90,-10,10
5200,105,105,0,0
5201,56,47,9,9
5202,66,71,-5,5
5203,93,89,4,4
5204,105,111,-6,6
5205,96,99,-3,3
5206,62,63,-1,1
5207,68,68,0,0
5208,83,84,-1,1
5209,110,125,-15,15
5210,109,110,-1,1
5211,147,145,2,2
5212,68,67,1,1
5213,121,112,9,9
5214,128,140,-12,12
5215,136,144,-8,8
5216,110,100,10,10
5217,84,81,3,3
5218,93,93,0,0
5219,68,72,-4,4
5220,88,96,-8,8
5221,89,101,-12,12
5222,134,134,0,0
5223,128,127,1,1
5224,79,74,5,5
5225,66,67,-1,1
5226,58,54,4,4
5227,58,74,-16,16
5228,69,69,0,0
5229,56,59,-3,3
5230,85,91,-6,6
5231,73,72,1,1
5232,97,94,3,3
5233,100,95,5,5
5234,82,71,11,11
5235,65,69,-4,4
5236,90,101,-11,11
5237,66,80,-14,14
5238,58,59,-1,1
5239,62,111,-49,49
5240,50,50,0,0
5241,84,74,10,10
5242,82,87,-5,5
5243,147,148,-1,1
5244,91,88,3,3
5245,95,92,3,3
5246,121,118,3,3
5247,56,62,-6,6
5248,54,37,17,17
5249,103,102,1,1
5250,86,76,10,10
5251,85,90,-5,5
5252,97,80,17,17
5253,92,87,5,5
5254,59,56,3,3
5255,115,115,0,0
5256,116,118,-2,2
5257,101,105,-4,4
5258,120,98,22,22
5259,164,154,10,10
5260,55,49,6,6
5261,91,96,-5,5
5262,75,80,-5,5
5263,121,131,-10,10
5264,57,59,-2,2
5265,38,52,-14,14
5266,92,84,8,8
5267,67,69,-2,2
5268,120,123,-3,3
5269,83,80,3,3
5270,138,147,-9,9
5271,169,153,16,16
5272,59,73,-14,14
5273,47,56,-9,9
5274,46,48,-2,2
5275,123,127,-4,4
5276,142,143,-1,1
5277,80,88,-8,8
5278,31,38,-7,7
5279,128,128,0,0
5280,112,100,12,12
5281,98,103,-5,5
5282,55,55,0,0
5283,110,100,10,10
5284,91,89,2,2
5285,112,92,20,20
5286,115,112,3,3
5287,73,73,0,0
5288,106,110,-4,4
5289,93,92,1,1
5290,166,170,-4,4
5291,128,131,-3,3
5292,112,107,5,5
5293,89,87,2,2
5294,74,78,-4,4
5295,106,132,-26,26
5296,72,64,8,8
5297,78,77,1,1
5298,92,94,-2,2
5299,140,136,4,4
5300,103,100,3,3
5301,102,116,-14,14
5302,63,78,-15,15
5303,169,157,12,12
5304,78,80,-2,2
5305,132,130,2,2
5306,50,44,6,6
5307,127,108,19,19
5308,138,110,28,28
5309,61,52,9,9
5310,87,89,-2,2
5311,109,116,-7,7
5312,77,74,3,3
5313,92,105,-13,13
5314,84,82,2,2
5315,140,123,17,17
5316,79,86,-7,7
5317,87,73,14,14
5318,76,80,-4,4
5319,54,54,0,0
5320,77,87,-10,10
5321,28,61,-33,33
5322,85,73,12,12
5323,41,41,0,0
5324,78,83,-5,5
5325,117,111,6,6
5326,99,100,-1,1
5327,130,131,-1,1
5328,58,62,-4,4
5329,76,73,3,3
5330,72,83,-11,11
5331,72,74,-2,2
5332,130,123,7,7
5333,85,92,-7,7
5334,74,83,-9,9
5335,117,124,-7,7
5336,105,107,-2,2
5337,114,116,-2,2
5338,94,77,17,17
5339,127,127,0,0
5340,100,99,1,1
5341,100,104,-4,4
5342,114,111,3,3
5343,137,140,-3,3
5344,141,135,6,6
5345,186,167,19,19
5346,49,60,-11,11
5347,71,74,-3,3
5348,144,147,-3,3
5349,108,91,17,17
5350,102,91,11,11
5351,129,120,9,9
5352,123,116,7,7
5353,48,55,-7,7
5354,70,68,2,2
5355,81,83,-2,2
5356,72,77,-5,5
5357,76,80,-4,4
5358,114,120,-6,6
5359,130,128,2,2
5360,113,117,-4,4
5361,57,61,-4,4
5362,77,80,-3,3
5363,117,118,-1,1
5364,79,72,7,7
5365,87,94,-7,7
5366,99,100,-1,1
5367,211,189,22,22
5368,92,79,13,13
5369,119,109,10,10
5370,54,59,-5,5
5371,111,114,-3,3
5372,67,69,-2,2
5373,185,182,3,3
5374,68,79,-11,11
5375,190,164,26,26
5376,124,120,4,4
5377,80,90,-10,10
5378,78,83,-5,5
5379,92,103,-11,11
5380,70,71,-1,1
5381,51,64,-13,13
5382,89,98,-9,9
5383,82,88,-6,6
5384,83,81,2,2
5385,204,177,27,27
5386,114,108,6,6
5387,62,60,2,2
5388,100,88,12,12
5389,143,170,-27,27
5390,89,94,-5,5
5391,123,137,-14,14
5392,150,148,2,2
5393,135,120,15,15
5394,114,126,-12,12
5395,94,103,-9,9
5396,158,148,10,10
5397,58,65,-7,7
5398,94,96,-2,2
5399,59,61,-2,2
5400,81,110,-29,29
5401,70,70,0,0
5402,79,77,2,2
5403,49,54,-5,5
5404,85,85,0,0
5405,85,88,-3,3
5406,55,55,0,0
5407,97,107,-10,10
5408,95,96,-1,1
5409,129,124,5,5
5410,53,59,-6,6
5411,109,119,-10,10
5412,92,92,0,0
5413,122,100,22,22
5414,102,106,-4,4
5415,98,118,-20,20
5416,68,75,-7,7
5417,108,110,-2,2
5418,92,86,6,6
5419,95,91,4,4
5420,65,60,5,5
5421,27,26,1,1
5422,62,46,16,16
5423,109,108,1,1
5424,72,76,-4,4
5425,58,52,6,6
5426,121,115,6,6
5427,101,96,5,5
5428,63,70,-7,7
5429,38,17,21,21
5430,145,136,9,9
5431,103,109,-6,6
5432,215,243,-28,28
5433,122,118,4,4
5434,90,96,-6,6
5435,67,64,3,3
5436,98,95,3,3
5437,106,116,-10,10
5438,119,121,-2,2
5439,93,94,-1,1
5440,48,60,-12,12
5441,87,95,-8,8
5442,108,106,2,2
5443,72,72,0,0
5444,124,125,-1,1
5445,114,127,-13,13
5446,43,38,5,5
5447,109,110,-1,1
5448,99,111,-12,12
5449,116,112,4,4
5450,72,99,-27,27
5451,122,127,-5,5
5452,98,103,-5,5
5453,144,156,-12,12
5454,78,73,5,5
5455,70,72,-2,2
5456,114,124,-10,10
5457,137,140,-3,3
5458,113,105,8,8
5459,115,105,10,10
5460,85,83,2,2
5461,63,62,1,1
5462,114,127,-13,13
5463,88,91,-3,3
5464,125,110,15,15
5465,116,117,-1,1
5466,150,134,16,16
5467,78,75,3,3
5468,75,77,-2,2
5469,81,93,-12,12
5470,116,140,-24,24
5471,64,60,4,4
5472,93,89,4,4
5473,96,88,8,8
5474,147,151,-4,4
5475,77,75,2,2
5476,139,145,-6,6
5477,64,59,5,5
5478,82,72,10,10
5479,70,71,-1,1
5480,142,139,3,3
5481,99,96,3,3
5482,64,64,0,0
5483,80,88,-8,8
5484,69,66,3,3
5485,64,69,-5,5
5486,99,103,-4,4
5487,120,113,7,7
5488,80,82,-2,2
5489,145,144,1,1
5490,161,153,8,8
5491,86,100,-14,14
5492,123,124,-1,1
5493,91,84,7,7
5494,147,144,3,3
5495,92,86,6,6
5496,79,82,-3,3
5497,144,127,17,17
5498,72,74,-2,2
5499,91,103,-12,12
5500,162,158,4,4
5501,76,82,-6,6
5502,82,83,-1,1
5503,63,72,-9,9
5504,71,76,-5,5
5505,74,77,-3,3
5506,152,147,5,5
5507,102,108,-6,6
5508,70,63,7,7
5509,46,43,3,3
5510,85,95,-10,10
5511,81,83,-2,2
5512,85,85,0,0
5513,108,100,8,8
5514,124,119,5,5
5515,81,82,-1,1
5516,97,132,-35,35
5517,137,137,0,0
5518,125,112,13,13
5519,90,98,-8,8
5520,83,81,2,2
5521,89,90,-1,1
5522,124,118,6,6
5523,101,91,10,10
5524,103,104,-1,1
5525,61,62,-1,1
5526,85,75,10,10
5527,102,103,-1,1
5528,83,99,-16,16
5529,91,99,-8,8
5530,131,110,21,21
5531,150,129,21,21
5532,107,105,2,2
5533,115,116,-1,1
5534,126,122,4,4
5535,129,130,-1,1
5536,95,93,2,2
5537,143,130,13,13
5538,115,120,-5,5
5539,85,86,-1,1
5540,164,156,8,8
5541,95,104,-9,9
5542,137,146,-9,9
5543,121,114,7,7
5544,83,83,0,0
5545,115,117,-2,2
5546,154,169,-15,15
5547,115,112,3,3
5548,88,83,5,5
5549,116,123,-7,7
5550,119,106,13,13
5551,30,37,-7,7
5552,100,101,-1,1
5553,132,135,-3,3
5554,186,173,13,13
5555,82,85,-3,3
5556,176,162,14,14
5557,107,106,1,1
5558,89,81,8,8
5559,94,102,-8,8
5560,51,48,3,3
5561,138,139,-1,1
5562,78,79,-1,1
5563,59,57,2,2
5564,58,55,3,3
5565,67,66,1,1
5566,79,77,2,2
5567,54,58,-4,4
5568,62,66,-4,4
5569,83,88,-5,5
5570,75,81,-6,6
5571,115,119,-4,4
5572,114,114,0,0
5573,126,116,10,10
5574,88,100,-12,12
5575,69,63,6,6
5576,38,54,-16,16
5577,71,75,-4,4
5578,66,65,1,1
5579,62,64,-2,2
5580,75,73,2,2
5581,59,54,5,5
5582,97,106,-9,9
5583,81,88,-7,7
5584,69,92,-23,23
5585,81,79,2,2
5586,101,108,-7,7
5587,97,89,8,8
5588,60,74,-14,14
5589,119,112,7,7
5590,113,144,-31,31
5591,130,121,9,9
5592,61,65,-4,4
5593,166,151,15,15
5594,51,47,4,4
5595,140,129,11,11
5596,109,115,-6,6
5597,115,114,1,1
5598,112,106,6,6
5599,89,95,-6,6
5600,65,71,-6,6
5601,97,110,-13,13
5602,81,70,11,11
5603,59,61,-2,2
5604,52,53,-1,1
5605,74,87,-13,13
5606,76,75,1,1
5607,111,58,53,53
5608,112,113,-1,1
5609,66,70,-4,4
5610,96,102,-6,6
5611,61,65,-4,4
5612,162,142,20,20
5613,120,113,7,7
5614,68,82,-14,14
5615,61,76,-15,15
5616,110,108,2,2
5617,114,122,-8,8
5618,41,36,5,5
5619,63,54,9,9
5620,77,73,4,4
5621,92,86,6,6
5622,80,76,4,4
5623,40,44,-4,4
5624,56,59,-3,3
5625,72,73,-1,1
5626,123,122,1,1
5627,77,81,-4,4
5628,107,115,-8,8
5629,112,114,-2,2
5630,72,74,-2,2
5631,99,103,-4,4
5632,118,109,9,9
5633,77,76,1,1
5634,139,141,-2,2
5635,84,85,-1,1
5636,62,63,-1,1
5637,100,102,-2,2
5638,80,80,0,0
5639,91,96,-5,5
5640,113,114,-1,1
5641,45,40,5,5
5642,71,64,7,7
5643,122,104,18,18
5644,53,53,0,0
5645,78,92,-14,14
5646,65,78,-13,13
5647,40,49,-9,9
5648,136,127,9,9
5649,120,117,3,3
5650,104,119,-15,15
5651,85,75,10,10
5652,89,90,-1,1
5653,84,87,-3,3
5654,80,87,-7,7
5655,119,123,-4,4
5656,105,107,-2,2
5657,61,77,-16,16
5658,53,63,-10,10
5659,69,76,-7,7
5660,83,81,2,2
5661,122,115,7,7
5662,88,88,0,0
5663,88,79,9,9
5664,104,115,-11,11
5665,94,88,6,6
5666,133,131,2,2
5667,53,48,5,5
5668,73,76,-3,3
5669,92,99,-7,7
5670,92,93,-1,1
5671,91,91,0,0
5672,82,89,-7,7
5673,87,88,-1,1
5674,135,133,2,2
5675,126,131,-5,5
5676,94,90,4,4
5677,55,54,1,1
5678,104,99,5,5
5679,127,129,-2,2
5680,135,141,-6,6
5681,145,136,9,9
5682,99,105,-6,6
5683,96,99,-3,3
5684,103,94,9,9
5685,32,18,14,14
5686,74,74,0,0
5687,109,97,12,12
5688,59,65,-6,6
5689,101,100,1,1
5690,69,70,-1,1
5691,71,84,-13,13
5692,101,99,2,2
5693,129,135,-6,6
5694,114,113,1,1
5695,73,69,4,4
5696,179,163,16,16
5697,81,82,-1,1
5698,127,117,10,10
5699,129,138,-9,9
5700,57,46,11,11
5701,50,43,7,7
5702,80,68,12,12
5703,116,114,2,2
5704,93,88,5,5
5705,164,152,12,12
5706,43,40,3,3
5707,96,115,-19,19
5708,88,80,8,8
5709,66,71,-5,5
5710,97,101,-4,4
5711,86,92,-6,6
5712,83,90,-7,7
5713,87,88,-1,1
5714,61,60,1,1
5715,81,87,-6,6
5716,164,157,7,7
5717,138,129,9,9
5718,115,128,-13,13
5719,86,94,-8,8
5720,118,138,-20,20
5721,67,68,-1,1
5722,87,92,-5,5
5723,74,80,-6,6
5724,51,38,13,13
5725,67,68,-1,1
5726,84,87,-3,3
5727,94,97,-3,3
5728,69,62,7,7
5729,115,124,-9,9
5730,48,48,0,0
5731,77,78,-1,1
5732,81,81,0,0
5733,110,117,-7,7
5734,74,90,-16,16
5735,54,57,-3,3
5736,84,92,-8,8
5737,70,71,-1,1
5738,64,67,-3,3
5739,80,93,-13,13
5740,78,76,2,2
5741,83,94,-11,11
5742,81,80,1,1
5743,34,29,5,5
5744,149,161,-12,12
5745,50,54,-4,4
5746,57,48,9,9
5747,75,74,1,1
5748,139,124,15,15
5749,48,46,2,2
5750,61,63,-2,2
5751,96,90,6,6
5752,64,61,3,3
5753,90,98,-8,8
5754,81,81,0,0
5755,119,123,-4,4
5756,129,139,-10,10
5757,111,131,-20,20
5758,79,75,4,4
5759,107,107,0,0
5760,77,85,-8,8
5761,67,68,-1,1
5762,103,102,1,1
5763,60,59,1,1
5764,115,120,-5,5
5765,62,61,1,1
5766,71,74,-3,3
5767,67,76,-9,9
5768,46,50,-4,4
5769,52,54,-2,2
5770,55,52,3,3
5771,95,84,11,11
5772,119,100,19,19
5773,156,157,-1,1
5774,89,84,5,5
5775,130,115,15,15
5776,149,156,-7,7
5777,53,63,-10,10
5778,103,100,3,3
5779,181,157,24,24
5780,88,93,-5,5
5781,91,98,-7,7
5782,79,76,3,3
5783,64,86,-22,22
5784,85,98,-13,13
5785,45,44,1,1
5786,72,71,1,1
5787,118,112,6,6
5788,54,49,5,5
5789,98,104,-6,6
5790,79,90,-11,11
5791,63,63,0,0
5792,27,39,-12,12
5793,142,132,10,10
5794,67,71,-4,4
5795,146,140,6,6
5796,80,85,-5,5
5797,68,86,-18,18
5798,92,100,-8,8
5799,48,49,-1,1
5800,117,113,4,4
5801,98,102,-4,4
5802,73,77,-4,4
5803,84,94,-10,10
5804,95,93,2,2
5805,120,123,-3,3
5806,151,166,-15,15
5807,50,46,4,4
5808,93,96,-3,3
5809,150,149,1,1
5810,65,86,-21,21
5811,76,79,-3,3
5812,69,73,-4,4
5813,91,91,0,0
5814,81,88,-7,7
5815,92,90,2,2
5816,127,147,-20,20
5817,100,98,2,2
5818,98,100,-2,2
5819,109,105,4,4
5820,69,73,-4,4
5821,94,111,-17,17
5822,156,145,11,11
5823,82,91,-9,9
5824,62,66,-4,4
5825,56,53,3,3
5826,44,46,-2,2
5827,134,87,47,47
5828,75,72,3,3
5829,88,92,-4,4
5830,63,68,-5,5
5831,106,108,-2,2
5832,121,118,3,3
5833,94,103,-9,9
5834,89,104,-15,15
5835,45,47,-2,2
5836,76,81,-5,5
5837,85,87,-2,2
5838,129,125,4,4
5839,113,110,3,3
5840,127,120,7,7
5841,129,150,-21,21
5842,92,90,2,2
5843,60,59,1,1
5844,91,78,13,13
5845,90,87,3,3
5846,143,142,1,1
5847,79,82,-3,3
5848,118,158,-40,40
5849,65,53,12,12
5850,88,80,8,8
5851,102,102,0,0
5852,67,67,0,0
5853,104,99,5,5
5854,164,156,8,8
5855,145,141,4,4
5856,51,50,1,1
5857,35,37,-2,2
5858,125,115,10,10
5859,78,80,-2,2
5860,110,101,9,9
5861,133,129,4,4
5862,92,98,-6,6
5863,89,87,2,2
5864,66,65,1,1
5865,96,102,-6,6
5866,74,73,1,1
5867,21,23,-2,2
5868,52,51,1,1
5869,49,46,3,3
5870,133,137,-4,4
5871,56,59,-3,3
5872,48,49,-1,1
5873,53,45,8,8
5874,86,88,-2,2
5875,81,102,-21,21
5876,139,144,-5,5
5877,111,129,-18,18
5878,118,125,-7,7
5879,61,69,-8,8
5880,88,99,-11,11
5881,58,44,14,14
5882,91,88,3,3
5883,110,111,-1,1
5884,118,122,-4,4
5885,109,106,3,3
5886,52,54,-2,2
5887,69,72,-3,3
5888,144,133,11,11
5889,87,86,1,1
5890,153,148,5,5
5891,49,56,-7,7
5892,106,112,-6,6
5893,85,87,-2,2
5894,95,95,0,0
5895,99,100,-1,1
5896,154,168,-14,14
5897,64,74,-10,10
5898,74,67,7,7
5899,94,91,3,3
5900,83,56,27,27
5901,66,66,0,0
5902,48,47,1,1
5903,87,98,-11,11
5904,28,46,-18,18
5905,63,62,1,1
5906,117,114,3,3
5907,169,154,15,15
5908,54,52,2,2
5909,118,119,-1,1
5910,77,75,2,2
5911,87,89,-2,2
5912,259,224,35,35
5913,116,119,-3,3
5914,141,140,1,1
5915,63,69,-6,6
5916,194,180,14,14
5917,58,72,-14,14
5918,117,113,4,4
5919,101,110,-9,9
5920,128,125,3,3
5921,99,91,8,8
5922,122,113,9,9
5923,146,143,3,3
5924,117,106,11,11
5925,85,89,-4,4
5926,156,145,11,11
5927,85,84,1,1
5928,149,152,-3,3
5929,62,68,-6,6
5930,133,130,3,3
5931,76,79,-3,3
5932,67,68,-1,1
5933,125,155,-30,30
5934,73,72,1,1
5935,106,110,-4,4
5936,98,105,-7,7
5937,113,109,4,4
5938,151,146,5,5
5939,91,94,-3,3
5940,115,121,-6,6
5941,99,107,-8,8
5942,51,47,4,4
5943,102,112,-10,10
5944,123,115,8,8
5945,71,74,-3,3
5946,116,114,2,2
5947,118,118,0,0
5948,151,161,-10,10
5949,93,86,7,7
5950,77,80,-3,3
5951,52,47,5,5
5952,88,87,1,1
5953,56,53,3,3
5954,152,166,-14,14
5955,129,133,-4,4
5956,75,90,-15,15
5957,98,94,4,4
5958,149,153,-4,4
5959,73,75,-2,2
5960,96,112,-16,16
5961,145,149,-4,4
5962,88,87,1,1
5963,159,146,13,13
5964,178,163,15,15
5965,81,92,-11,11
5966,142,131,11,11
5967,97,99,-2,2
5968,145,150,-5,5
5969,91,92,-1,1
5970,85,67,18,18
5971,87,76,11,11
5972,90,71,19,19
5973,68,68,0,0
5974,94,93,1,1
5975,101,96,5,5
5976,92,84,8,8
5977,71,77,-6,6
5978,113,125,-12,12
5979,102,102,0,0
5980,114,112,2,2
5981,97,99,-2,2
5982,47,57,-10,10
5983,60,61,-1,1
5984,135,129,6,6
5985,58,58,0,0
5986,206,196,10,10
5987,68,71,-3,3
5988,42,46,-4,4
5989,73,60,13,13
5990,83,84,-1,1
5991,72,70,2,2
5992,111,63,48,48
5993,58,49,9,9
5994,130,132,-2,2
5995,111,114,-3,3
5996,140,150,-10,10
5997,95,104,-9,9
5998,96,100,-4,4
5999,91,85,6,6
6000,79,79,0,0
6001,74,70,4,4
6002,169,152,17,17
6003,117,118,-1,1
6004,78,65,13,13
6005,115,123,-8,8
6006,44,39,5,5
6007,103,115,-12,12
6008,78,94,-16,16
6009,49,48,1,1
6010,126,131,-5,5
6011,93,81,12,12
6012,140,142,-2,2
6013,85,82,3,3
6014,116,124,-8,8
6015,83,79,4,4
6016,96,98,-2,2
6017,143,130,13,13
6018,74,89,-15,15
6019,92,99,-7,7
6020,63,48,15,15
6021,49,57,-8,8
6022,144,144,0,0
6023,54,59,-5,5
6024,116,168,-52,52
6025,66,75,-9,9
6026,56,63,-7,7
6027,56,77,-21,21
6028,107,119,-12,12
6029,140,132,8,8
6030,92,102,-10,10
6031,76,82,-6,6
6032,90,95,-5,5
6033,138,145,-7,7
6034,71,65,6,6
6035,89,106,-17,17
6036,66,57,9,9
6037,60,63,-3,3
6038,116,126,-10,10
6039,179,179,0,0
6040,90,78,12,12
6041,116,119,-3,3
6042,89,89,0,0
6043,95,90,5,5
6044,85,74,11,11
6045,53,42,11,11
6046,166,164,2,2
6047,43,42,1,1
6048,119,126,-7,7
6049,105,125,-20,20
6050,121,113,8,8
6051,73,72,1,1
6052,67,68,-1,1
6053,119,125,-6,6
6054,106,115,-9,9
6055,72,68,4,4
6056,75,73,2,2
6057,70,75,-5,5
6058,143,137,6,6
6059,83,80,3,3
6060,83,85,-2,2
6061,46,63,-17,17
6062,47,42,5,5
6063,119,125,-6,6
6064,108,98,10,10
6065,43,43,0,0
6066,64,65,-1,1
6067,83,88,-5,5
6068,141,134,7,7
6069,107,104,3,3
6070,35,53,-18,18
6071,119,121,-2,2
6072,88,83,5,5
6073,77,84,-7,7
6074,75,69,6,6
6075,140,137,3,3
6076,66,64,2,2
6077,121,120,1,1
6078,47,59,-12,12
6079,68,69,-1,1
6080,112,112,0,0
6081,178,165,13,13
6082,87,93,-6,6
6083,164,150,14,14
6084,79,84,-5,5
6085,71,71,0,0
6086,111,137,-26,26
6087,78,83,-5,5
6088,160,153,7,7
6089,98,92,6,6
6090,115,171,-56,56
6091,95,108,-13,13
6092,65,65,0,0
6093,159,152,7,7
6094,85,88,-3,3
6095,69,71,-2,2
6096,116,133,-17,17
6097,55,62,-7,7
6098,96,104,-8,8
6099,94,97,-3,3
6100,72,70,2,2
6101,94,89,5,5
6102,124,129,-5,5
6103,62,62,0,0
6104,79,79,0,0
6105,146,137,9,9
6106,42,44,-2,2
6107,85,82,3,3
6108,100,89,11,11
6109,131,127,4,4
6110,72,79,-7,7
6111,49,50,-1,1
6112,116,116,0,0
6113,102,99,3,3
6114,135,133,2,2
6115,138,133,5,5
6116,40,50,-10,10
6117,104,108,-4,4
6118,99,92,7,7
6119,50,48,2,2
6120,108,104,4,4
6121,106,110,-4,4
6122,93,89,4,4
6123,155,153,2,2
6124,127,127,0,0
6125,78,84,-6,6
6126,87,93,-6,6
6127,73,76,-3,3
6128,92,97,-5,5
6129,86,86,0,0
6130,117,119,-2,2
6131,65,61,4,4
6132,44,47,-3,3
6133,142,131,11,11
6134,83,97,-14,14
6135,104,98,6,6
6136,119,109,10,10
6137,112,101,11,11
6138,96,82,14,14
6139,58,63,-5,5
6140,44,36,8,8
6141,107,114,-7,7
6142,115,117,-2,2
6143,87,93,-6,6
6144,102,102,0,0
6145,89,85,4,4
6146,119,116,3,3
6147,101,118,-17,17
6148,55,61,-6,6
6149,92,92,0,0
6150,108,98,10,10
6151,57,61,-4,4
6152,119,117,2,2
6153,133,130,3,3
6154,80,86,-6,6
6155,66,73,-7,7
6156,114,106,8,8
6157,111,122,-11,11
6158,140,138,2,2
6159,108,90,18,18
6160,89,104,-15,15
6161,88,80,8,8
6162,76,82,-6,6
6163,80,93,-13,13
6164,98,92,6,6
6165,73,67,6,6
6166,136,132,4,4
6167,50,49,1,1
6168,88,100,-12,12
6169,69,71,-2,2
6170,151,137,14,14
6171,66,61,5,5
6172,73,73,0,0
6173,65,59,6,6
6174,72,73,-1,1
6175,52,59,-7,7
6176,108,88,20,20
6177,86,84,2,2
6178,34,49,-15,15
6179,183,176,7,7
6180,54,48,6,6
6181,122,129,-7,7
6182,64,66,-2,2
6183,75,78,-3,3
6184,105,100,5,5
6185,65,70,-5,5
6186,84,99,-15,15
6187,101,104,-3,3
6188,117,113,4,4
6189,148,150,-2,2
6190,66,62,4,4
6191,106,112,-6,6
6192,147,130,17,17
6193,108,120,-12,12
6194,133,102,31,31
6195,42,42,0,0
6196,67,60,7,7
6197,117,119,-2,2
6198,127,127,0,0
6199,84,85,-1,1
6200,72,70,2,2
6201,77,79,-2,2
6202,83,81,2,2
6203,77,92,-15,15
6204,133,139,-6,6
6205,61,71,-10,10
6206,75,81,-6,6
6207,81,75,6,6
6208,95,96,-1,1
6209,115,115,0,0
6210,106,99,7,7
6211,85,71,14,14
6212,89,91,-2,2
6213,103,103,0,0
6214,78,78,0,0
6215,83,81,2,2
6216,128,115,13,13
6217,64,75,-11,11
6218,87,87,0,0
6219,108,99,9,9
6220,108,108,0,0
6221,77,78,-1,1
6222,65,72,-7,7
6223,56,57,-1,1
6224,69,60,9,9
6225,83,91,-8,8
6226,93,103,-10,10
6227,85,84,1,1
6228,177,170,7,7
6229,52,52,0,0
6230,35,35,0,0
6231,128,123,5,5
6232,98,98,0,0
6233,83,76,7,7
6234,67,63,4,4
6235,102,102,0,0
6236,115,115,0,0
6237,103,109,-6,6
6238,99,102,-3,3
6239,100,100,0,0
6240,148,125,23,23
6241,67,66,1,1
6242,131,137,-6,6
6243,76,72,4,4
6244,91,88,3,3
6245,110,72,38,38
6246,133,125,8,8
6247,77,114,-37,37
6248,151,143,8,8
6249,130,137,-7,7
6250,80,89,-9,9
6251,86,90,-4,4
6252,117,125,-8,8
6253,72,73,-1,1
6254,104,112,-8,8
6255,108,100,8,8
6256,103,117,-14,14
6257,57,60,-3,3
6258,30,36,-6,6
6259,70,72,-2,2
6260,93,114,-21,21
6261,75,72,3,3
6262,46,47,-1,1
6263,169,138,31,31
6264,88,90,-2,2
6265,71,79,-8,8
6266,97,110,-13,13
6267,133,123,10,10
6268,77,78,-1,1
6269,93,100,-7,7
6270,52,71,-19,19
6271,124,136,-12,12
6272,60,90,-30,30
6273,53,60,-7,7
6274,98,93,5,5
6275,105,92,13,13
6276,92,85,7,7
6277,106,100,6,6
6278,55,52,3,3
6279,94,100,-6,6
6280,94,83,11,11
6281,67,78,-11,11
6282,109,96,13,13
6283,61,66,-5,5
6284,49,54,-5,5
6285,99,91,8,8
6286,109,101,8,8
6287,73,69,4,4
6288,107,99,8,8
6289,82,79,3,3
6290,122,119,3,3
6291,50,55,-5,5
6292,102,92,10,10
6293,99,102,-3,3
6294,40,42,-2,2
6295,61,57,4,4
6296,94,97,-3,3
6297,55,49,6,6
6298,66,61,5,5
6299,58,69,-11,11
6300,139,142,-3,3
6301,104,92,12,12
6302,74,70,4,4
6303,77,70,7,7
6304,77,66,11,11
6305,91,95,-4,4
6306,74,72,2,2
6307,63,60,3,3
6308,56,56,0,0
6309,103,116,-13,13
6310,83,82,1,1
6311,69,80,-11,11
6312,165,151,14,14
6313,109,108,1,1
6314,93,87,6,6
6315,123,122,1,1
6316,142,131,11,11
6317,71,64,7,7
6318,102,110,-8,8
6319,81,86,-5,5
6320,178,153,25,25
6321,75,69,6,6
6322,68,74,-6,6
6323,135,130,5,5
6324,103,104,-1,1
6325,108,109,-1,1
6326,62,64,-2,2
6327,95,101,-6,6
6328,114,112,2,2
6329,120,124,-4,4
6330,124,128,-4,4
6331,90,91,-1,1
6332,29,33,-4,4
6333,69,73,-4,4
6334,61,70,-9,9
6335,85,82,3,3
6336,83,88,-5,5
6337,122,115,7,7
6338,148,141,7,7
6339,108,99,9,9
6340,96,101,-5,5
6341,75,86,-11,11
6342,101,111,-10,10
6343,81,82,-1,1
6344,98,110,-12,12
6345,95,96,-1,1
6346,100,96,4,4
6347,96,98,-2,2
6348,161,164,-3,3
6349,84,88,-4,4
6350,55,51,4,4
6351,59,60,-1,1
6352,124,127,-3,3
6353,137,141,-4,4
6354,118,125,-7,7
6355,144,124,20,20
6356,182,171,11,11
6357,126,120,6,6
6358,127,116,11,11
6359,111,110,1,1
6360,92,96,-4,4
6361,106,105,1,1
6362,74,83,-9,9
6363,68,90,-22,22
6364,108,118,-10,10
6365,95,95,0,0
6366,103,112,-9,9
6367,81,83,-2,2
6368,86,89,-3,3
6369,170,157,13,13
6370,50,51,-1,1
6371,51,54,-3,3
6372,94,90,4,4
6373,146,165,-19,19
6374,74,80,-6,6
6375,100,94,6,6
6376,128,110,18,18
6377,74,66,8,8
6378,108,115,-7,7
6379,77,79,-2,2
6380,63,63,0,0
6381,50,36,14,14
6382,109,104,5,5
6383,52,56,-4,4
6384,68,62,6,6
6385,90,96,-6,6
6386,80,88,-8,8
6387,55,63,-8,8
6388,103,103,0,0
6389,84,88,-4,4
6390,90,78,12,12
6391,66,67,-1,1
6392,167,151,16,16
6393,82,87,-5,5
6394,73,70,3,3
6395,86,90,-4,4
6396,71,77,-6,6
6397,80,96,-16,16
6398,92,103,-11,11
6399,117,113,4,4
6400,51,65,-14,14
6401,94,85,9,9
6402,84,83,1,1
6403,135,131,4,4
6404,66,74,-8,8
6405,151,146,5,5
6406,92,95,-3,3
6407,102,112,-10,10
6408,116,105,11,11
6409,50,57,-7,7
6410,88,90,-2,2
6411,119,111,8,8
6412,107,106,1,1
6413,93,102,-9,9
6414,142,131,11,11
6415,52,54,-2,2
6416,115,119,-4,4
6417,52,54,-2,2
6418,56,57,-1,1
6419,152,136,16,16
6420,83,78,5,5
6421,62,66,-4,4
6422,64,74,-10,10
6423,119,113,6,6
6424,157,143,14,14
6425,51,57,-6,6
6426,118,120,-2,2
6427,58,58,0,0
6428,94,92,2,2
6429,45,55,-10,10
6430,120,114,6,6
6431,88,94,-6,6
6432,84,90,-6,6
6433,131,124,7,7
6434,98,92,6,6
6435,50,52,-2,2
6436,88,79,9,9
6437,101,116,-15,15
6438,78,74,4,4
6439,40,58,-18,18
6440,103,114,-11,11
6441,96,87,9,9
6442,83,80,3,3
6443,93,96,-3,3
6444,82,72,10,10
6445,103,107,-4,4
6446,41,63,-22,22
6447,39,45,-6,6
6448,60,60,0,0
6449,137,140,-3,3
6450,46,41,5,5
6451,51,48,3,3
6452,82,85,-3,3
6453,131,119,12,12
6454,66,76,-10,10
6455,76,75,1,1
6456,204,192,12,12
6457,106,103,3,3
6458,72,67,5,5
6459,145,149,-4,4
6460,80,87,-7,7
6461,89,95,-6,6
6462,148,157,-9,9
6463,141,134,7,7
6464,59,63,-4,4
6465,51,48,3,3
6466,88,84,4,4
6467,77,71,6,6
6468,103,97,6,6
6469,94,86,8,8
6470,92,73,19,19
6471,82,80,2,2
6472,89,95,-6,6
6473,72,72,0,0
6474,135,124,11,11
6475,135,133,2,2
6476,85,85,0,0
6477,63,67,-4,4
6478,173,159,14,14
6479,108,102,6,6
6480,141,131,10,10
6481,85,85,0,0
6482,144,139,5,5
6483,66,66,0,0
6484,86,92,-6,6
6485,84,64,20,20
6486,107,105,2,2
6487,60,64,-4,4
6488,62,74,-12,12
6489,174,170,4,4
6490,68,48,20,20
6491,74,85,-11,11
6492,67,65,2,2
6493,72,66,6,6
6494,117,124,-7,7
6495,93,115,-22,22
6496,69,80,-11,11
6497,75,69,6,6
6498,84,81,3,3
6499,101,105,-4,4
6500,78,82,-4,4
6501,202,191,11,11
6502,97,109,-12,12
6503,79,78,1,1
6504,97,117,-20,20
6505,60,67,-7,7
6506,58,59,-1,1
6507,113,120,-7,7
6508,63,66,-3,3
6509,79,76,3,3
6510,94,95,-1,1
6511,129,134,-5,5
6512,142,141,1,1
6513,96,98,-2,2
6514,83,76,7,7
6515,137,125,12,12
6516,99,105,-6,6
6517,92,95,-3,3
6518,92,122,-30,30
6519,69,70,-1,1
6520,126,136,-10,10
6521,148,152,-4,4
6522,90,89,1,1
6523,94,87,7,7
6524,111,113,-2,2
6525,86,105,-19,19
6526,49,68,-19,19
6527,124,125,-1,1
6528,107,112,-5,5
6529,129,131,-2,2
6530,58,49,9,9
6531,70,70,0,0
6532,70,78,-8,8
6533,91,87,4,4
6534,86,79,7,7
6535,102,103,-1,1
6536,83,99,-16,16
6537,119,116,3,3
6538,76,61,15,15
6539,49,37,12,12
6540,94,82,12,12
6541,124,109,15,15
6542,65,63,2,2
6543,96,108,-12,12
6544,170,169,1,1
6545,68,77,-9,9
6546,28,26,2,2
6547,135,138,-3,3
6548,151,128,23,23
6549,80,84,-4,4
6550,79,93,-14,14
6551,68,88,-20,20
6552,118,112,6,6
6553,73,81,-8,8
6554,104,115,-11,11
6555,147,128,19,19
6556,91,90,1,1
6557,147,133,14,14
6558,55,63,-8,8
6559,66,70,-4,4
6560,121,112,9,9
6561,70,71,-1,1
6562,107,107,0,0
6563,153,149,4,4
6564,124,127,-3,3
6565,59,65,-6,6
6566,90,90,0,0
6567,57,57,0,0
6568,129,111,18,18
6569,98,106,-8,8
6570,152,145,7,7
6571,55,64,-9,9
6572,93,54,39,39
6573,61,59,2,2
6574,135,128,7,7
6575,72,70,2,2
6576,105,111,-6,6
6577,65,102,-37,37
6578,91,92,-1,1
6579,117,113,4,4
6580,85,88,-3,3
6581,125,115,10,10
6582,57,59,-2,2
6583,151,140,11,11
6584,68,72,-4,4
6585,104,114,-10,10
6586,53,59,-6,6
6587,88,92,-4,4
6588,91,79,12,12
6589,184,163,21,21
6590,99,99,0,0
6591,189,166,23,23
6592,186,172,14,14
6593,125,116,9,9
6594,62,74,-12,12
6595,103,107,-4,4
6596,183,182,1,1
6597,62,62,0,0
6598,66,67,-1,1
6599,73,69,4,4
6600,114,112,2,2
6601,123,124,-1,1
6602,108,94,14,14
6603,115,111,4,4
6604,124,116,8,8
6605,66,78,-12,12
6606,104,70,34,34
6607,75,76,-1,1
6608,108,117,-9,9
6609,81,86,-5,5
6610,82,72,10,10
6611,80,75,5,5
6612,30,34,-4,4
6613,90,93,-3,3
6614,62,61,1,1
6615,86,80,6,6
6616,56,55,1,1
6617,95,99,-4,4
6618,100,105,-5,5
6619,102,104,-2,2
6620,102,105,-3,3
6621,59,53,6,6
6622,152,142,10,10
6623,163,158,5,5
6624,143,140,3,3
6625,162,154,8,8
6626,84,86,-2,2
6627,78,84,-6,6
6628,92,95,-3,3
6629,79,91,-12,12
6630,78,67,11,11
6631,120,108,12,12
6632,99,93,6,6
6633,103,94,9,9
6634,76,85,-9,9
6635,80,85,-5,5
6636,66,63,3,3
6637,128,122,6,6
6638,85,73,12,12
6639,100,102,-2,2
6640,46,49,-3,3
6641,125,129,-4,4
6642,111,113,-2,2
6643,119,117,2,2
6644,59,63,-4,4
6645,55,48,7,7
6646,158,150,8,8
6647,106,121,-15,15
6648,136,136,0,0
6649,108,106,2,2
6650,124,122,2,2
6651,106,108,-2,2
6652,92,81,11,11
6653,118,125,-7,7
6654,108,106,2,2
6655,114,117,-3,3
6656,51,64,-13,13
6657,85,78,7,7
6658,61,89,-28,28
6659,74,77,-3,3
6660,67,57,10,10
6661,108,107,1,1
6662,132,129,3,3
6663,78,77,1,1
6664,102,109,-7,7
6665,175,163,12,12
6666,140,134,6,6
6667,93,96,-3,3
6668,75,86,-11,11
6669,98,102,-4,4
6670,98,93,5,5
6671,119,107,12,12
6672,121,145,-24,24
6673,94,93,1,1
6674,117,114,3,3
6675,108,109,-1,1
6676,87,109,-22,22
6677,100,98,2,2
6678,88,89,-1,1
6679,86,66,20,20
6680,65,69,-4,4
6681,81,79,2,2
6682,89,77,12,12
6683,114,115,-1,1
6684,108,112,-4,4
6685,95,94,1,1
6686,100,98,2,2
6687,98,105,-7,7
6688,88,87,1,1
6689,95,88,7,7
6690,92,92,0,0
6691,161,151,10,10
6692,57,57,0,0
6693,89,89,0,0
6694,67,52,15,15
6695,101,100,1,1
6696,102,113,-11,11
6697,84,84,0,0
6698,64,66,-2,2
6699,127,132,-5,5
6700,97,97,0,0
6701,101,100,1,1
6702,65,71,-6,6
6703,89,84,5,5
6704,70,65,5,5
6705,67,66,1,1
6706,169,156,13,13
6707,59,69,-10,10
6708,163,148,15,15
6709,38,46,-8,8
6710,117,115,2,2
6711,53,58,-5,5
6712,52,56,-4,4
6713,120,117,3,3
6714,80,74,6,6
6715,52,59,-7,7
6716,127,152,-25,25
6717,87,98,-11,11
6718,54,71,-17,17
6719,66,63,3,3
6720,98,91,7,7
6721,112,114,-2,2
6722,56,59,-3,3
6723,114,129,-15,15
6724,90,89,1,1
6725,87,93,-6,6
6726,58,59,-1,1
6727,118,117,1,1
6728,96,98,-2,2
6729,102,113,-11,11
6730,84,91,-7,7
6731,111,98,13,13
6732,62,71,-9,9
6733,73,74,-1,1
6734,69,84,-15,15
6735,133,118,15,15
6736,87,84,3,3
6737,64,64,0,0
6738,85,90,-5,5
6739,103,92,11,11
6740,86,79,7,7
6741,68,73,-5,5
6742,145,143,2,2
6743,74,76,-2,2
6744,91,99,-8,8
6745,102,94,8,8
6746,128,131,-3,3
6747,104,115,-11,11
6748,110,120,-10,10
6749,56,46,10,10
6750,83,86,-3,3
6751,109,111,-2,2
6752,77,76,1,1
6753,164,143,21,21
6754,137,135,2,2
6755,134,121,13,13
6756,172,163,9,9
6757,116,115,1,1
6758,80,75,5,5
6759,50,57,-7,7
6760,168,142,26,26
6761,68,77,-9,9
6762,88,106,-18,18
6763,48,42,6,6
6764,60,62,-2,2
6765,135,140,-5,5
6766,75,71,4,4
6767,187,181,6,6
6768,78,72,6,6
6769,117,101,16,16
6770,109,110,-1,1
6771,79,75,4,4
6772,80,84,-4,4
6773,72,73,-1,1
6774,105,112,-7,7
6775,130,132,-2,2
6776,108,116,-8,8
6777,39,49,-10,10
6778,94,107,-13,13
6779,76,86,-10,10
6780,84,95,-11,11
6781,110,121,-11,11
6782,79,79,0,0
6783,129,119,10,10
6784,66,68,-2,2
6785,73,72,1,1
6786,90,76,14,14
6787,69,68,1,1
6788,76,67,9,9
6789,96,122,-26,26
6790,113,116,-3,3
6791,118,120,-2,2
6792,78,75,3,3
6793,92,87,5,5
6794,96,94,2,2
6795,111,124,-13,13
6796,143,154,-11,11
6797,101,105,-4,4
6798,99,106,-7,7
6799,110,122,-12,12
6800,105,108,-3,3
6801,79,82,-3,3
6802,80,96,-16,16
6803,54,55,-1,1
6804,86,87,-1,1
6805,66,73,-7,7
6806,96,98,-2,2
6807,151,142,9,9
6808,78,105,-27,27
6809,82,87,-5,5
6810,93,97,-4,4
6811,57,65,-8,8
6812,129,125,4,4
6813,89,91,-2,2
6814,83,76,7,7
6815,72,92,-20,20
6816,85,94,-9,9
6817,58,60,-2,2
6818,69,68,1,1
6819,69,81,-12,12
6820,55,54,1,1
6821,114,117,-3,3
6822,145,127,18,18
6823,81,85,-4,4
6824,41,33,8,8
6825,88,107,-19,19
6826,108,108,0,0
6827,104,103,1,1
6828,74,66,8,8
6829,111,112,-1,1
6830,74,71,3,3
6831,82,80,2,2
6832,129,124,5,5
6833,75,83,-8,8
6834,137,128,9,9
6835,135,135,0,0
6836,93,93,0,0
6837,73,92,-19,19
6838,125,120,5,5
6839,110,124,-14,14
6840,147,168,-21,21
6841,86,97,-11,11
6842,96,92,4,4
6843,104,101,3,3
6844,110,110,0,0
6845,80,79,1,1
6846,66,78,-12,12
6847,168,163,5,5
6848,123,141,-18,18
6849,138,143,-5,5
6850,66,66,0,0
6851,66,58,8,8
6852,143,133,10,10
6853,88,80,8,8
6854,76,84,-8,8
6855,143,145,-2,2
6856,108,101,7,7
6857,74,71,3,3
6858,76,76,0,0
6859,59,63,-4,4
6860,87,81,6,6
6861,113,109,4,4
6862,57,63,-6,6
6863,56,68,-12,12
6864,102,97,5,5
6865,74,75,-1,1
6866,89,98,-9,9
6867,75,83,-8,8
6868,128,130,-2,2
6869,106,113,-7,7
6870,92,89,3,3
6871,138,138,0,0
6872,75,72,3,3
6873,103,109,-6,6
6874,120,112,8,8
6875,136,132,4,4
6876,72,76,-4,4
6877,128,147,-19,19
6878,128,126,2,2
6879,150,141,9,9
6880,86,82,4,4
6881,85,82,3,3
6882,62,55,7,7
6883,76,75,1,1
6884,123,127,-4,4
6885,64,70,-6,6
6886,116,120,-4,4
6887,62,70,-8,8
6888,81,77,4,4
6889,118,110,8,8
6890,117,118,-1,1
6891,123,107,16,16
6892,144,122,22,22
6893,109,113,-4,4
6894,79,78,1,1
6895,97,98,-1,1
6896,87,86,1,1
6897,55,58,-3,3
6898,65,65,0,0
6899,103,108,-5,5
6900,90,76,14,14
6901,87,91,-4,4
6902,43,48,-5,5
6903,92,82,10,10
6904,147,152,-5,5
6905,106,106,0,0
6906,68,78,-10,10
6907,71,66,5,5
6908,97,98,-1,1
6909,93,98,-5,5
6910,69,87,-18,18
6911,92,100,-8,8
6912,77,89,-12,12
6913,132,120,12,12
6914,87,92,-5,5
6915,118,112,6,6
6916,58,57,1,1
6917,43,43,0,0
6918,80,88,-8,8
6919,118,107,11,11
6920,107,119,-12,12
6921,132,138,-6,6
6922,86,98,-12,12
6923,114,112,2,2
6924,85,82,3,3
6925,66,69,-3,3
6926,65,65,0,0
6927,84,81,3,3
6928,122,125,-3,3
6929,74,88,-14,14
6930,154,159,-5,5
6931,93,90,3,3
6932,40,74,-34,34
6933,88,84,4,4
6934,84,88,-4,4
6935,67,70,-3,3
6936,113,124,-11,11
6937,110,108,2,2
6938,217,174,43,43
6939,99,100,-1,1
6940,107,116,-9,9
6941,120,121,-1,1
6942,116,108,8,8
6943,70,82,-12,12
6944,86,81,5,5
6945,89,94,-5,5
6946,75,79,-4,4
6947,72,74,-2,2
6948,75,80,-5,5
6949,55,65,-10,10
6950,196,180,16,16
6951,114,108,6,6
6952,142,87,55,55
6953,76,82,-6,6
6954,71,63,8,8
6955,80,84,-4,4
6956,81,78,3,3
6957,106,98,8,8
6958,126,128,-2,2
6959,114,120,-6,6
6960,90,80,10,10
6961,134,133,1,1
6962,112,124,-12,12
6963,86,88,-2,2
6964,109,123,-14,14
6965,98,117,-19,19
6966,123,124,-1,1
6967,48,54,-6,6
6968,89,85,4,4
6969,141,142,-1,1
6970,122,123,-1,1
6971,65,122,-57,57
6972,163,156,7,7
6973,106,102,4,4
6974,145,159,-14,14
6975,65,64,1,1
6976,111,93,18,18
6977,110,111,-1,1
6978,40,38,2,2
6979,77,80,-3,3
6980,81,76,5,5
6981,136,136,0,0
6982,124,133,-9,9
6983,107,119,-12,12
6984,83,81,2,2
6985,137,129,8,8
6986,93,102,-9,9
6987,95,96,-1,1
6988,82,110,-28,28
6989,91,101,-10,10
6990,139,123,16,16
6991,49,49,0,0
6992,36,22,14,14
6993,76,68,8,8
6994,57,61,-4,4
6995,128,129,-1,1
6996,77,88,-11,11
6997,86,91,-5,5
6998,144,138,6,6
6999,72,74,-2,2
7000,48,49,-1,1
7001,86,89,-3,3
7002,96,93,3,3
7003,67,72,-5,5
7004,65,63,2,2
7005,132,123,9,9
7006,128,127,1,1
7007,115,109,6,6
7008,109,117,-8,8
7009,63,67,-4,4
7010,55,67,-12,12
7011,119,102,17,17
7012,70,61,9,9
7013,125,143,-18,18
7014,146,132,14,14
7015,84,77,7,7
7016,120,126,-6,6
7017,83,94,-11,11
7018,68,66,2,2
7019,106,98,8,8
7020,147,135,12,12
7021,81,82,-1,1
7022,87,90,-3,3
7023,86,82,4,4
7024,67,80,-13,13
7025,100,89,11,11
7026,81,84,-3,3
7027,70,78,-8,8
7028,94,90,4,4
7029,123,120,3,3
7030,121,111,10,10
7031,71,77,-6,6
7032,73,74,-1,1
7033,79,72,7,7
7034,98,109,-11,11
7035,147,113,34,34
7036,86,97,-11,11
7037,83,77,6,6
7038,117,114,3,3
7039,93,101,-8,8
7040,44,49,-5,5
7041,68,71,-3,3
7042,74,78,-4,4
7043,76,96,-20,20
7044,96,84,12,12
7045,80,73,7,7
7046,73,90,-17,17
7047,93,84,9,9
7048,48,57,-9,9
7049,85,92,-7,7
7050,140,140,0,0
7051,81,83,-2,2
7052,57,54,3,3
7053,93,90,3,3
7054,119,121,-2,2
7055,129,138,-9,9
7056,88,91,-3,3
7057,101,106,-5,5
7058,91,95,-4,4
7059,59,55,4,4
7060,109,111,-2,2
7061,89,78,11,11
7062,101,99,2,2
7063,116,113,3,3
7064,86,90,-4,4
7065,113,114,-1,1
7066,101,100,1,1
7067,110,118,-8,8
7068,115,140,-25,25
7069,137,161,-24,24
7070,64,76,-12,12
7071,133,126,7,7
7072,80,88,-8,8
7073,61,47,14,14
7074,116,121,-5,5
7075,154,148,6,6
7076,69,72,-3,3
7077,123,133,-10,10
7078,63,68,-5,5
7079,99,114,-15,15
7080,52,45,7,7
7081,86,83,3,3
7082,79,83,-4,4
7083,97,103,-6,6
7084,68,68,0,0
7085,79,83,-4,4
7086,82,78,4,4
7087,66,61,5,5
7088,28,18,10,10
7089,54,65,-11,11
7090,76,77,-1,1
7091,74,88,-14,14
7092,97,100,-3,3
7093,82,82,0,0
7094,103,106,-3,3
7095,61,53,8,8
7096,69,60,9,9
7097,60,64,-4,4
7098,61,91,-30,30
7099,100,104,-4,4
7100,100,104,-4,4
7101,129,122,7,7
7102,184,165,19,19
7103,119,119,0,0
7104,91,82,9,9
7105,99,116,-17,17
7106,100,99,1,1
7107,58,66,-8,8
7108,70,68,2,2
7109,76,86,-10,10
7110,77,79,-2,2
7111,70,73,-3,3
7112,116,112,4,4
7113,149,148,1,1
7114,124,126,-2,2
7115,139,115,24,24
7116,142,150,-8,8
7117,77,85,-8,8
7118,96,85,11,11
7119,215,186,29,29
7120,70,74,-4,4
7121,118,121,-3,3
7122,89,93,-4,4
7123,106,105,1,1
7124,117,121,-4,4
7125,60,66,-6,6
7126,67,72,-5,5
7127,149,150,-1,1
7128,364,456,-92,92
7129,110,112,-2,2
7130,106,97,9,9
7131,161,158,3,3
7132,119,131,-12,12
7133,113,148,-35,35
7134,100,113,-13,13
7135,51,59,-8,8
7136,121,124,-3,3
7137,108,112,-4,4
7138,107,113,-6,6
7139,62,62,0,0
7140,84,86,-2,2
7141,93,81,12,12
7142,143,146,-3,3
7143,136,138,-2,2
7144,53,62,-9,9
7145,97,102,-5,5
7146,139,146,-7,7
7147,126,127,-1,1
7148,46,54,-8,8
7149,172,169,3,3
7150,101,107,-6,6
7151,89,86,3,3
7152,118,116,2,2
7153,71,74,-3,3
7154,120,125,-5,5
7155,77,80,-3,3
7156,145,127,18,18
7157,45,42,3,3
7158,80,75,5,5
7159,58,62,-4,4
7160,117,107,10,10
7161,91,96,-5,5
7162,192,172,20,20
7163,68,65,3,3
7164,71,62,9,9
7165,82,83,-1,1
7166,84,87,-3,3
7167,70,81,-11,11
7168,47,53,-6,6
7169,95,91,4,4
7170,59,63,-4,4
7171,154,147,7,7
7172,131,121,10,10
7173,98,102,-4,4
7174,38,45,-7,7
7175,86,95,-9,9
7176,55,61,-6,6
7177,40,39,1,1
7178,119,110,9,9
7179,247,211,36,36
7180,96,105,-9,9
7181,69,76,-7,7
7182,87,95,-8,8
7183,93,99,-6,6
7184,84,80,4,4
7185,127,134,-7,7
7186,106,103,3,3
7187,62,62,0,0
7188,84,94,-10,10
7189,48,55,-7,7
7190,116,121,-5,5
7191,83,89,-6,6
7192,123,127,-4,4
7193,97,90,7,7
7194,119,99,20,20
7195,113,124,-11,11
7196,70,78,-8,8
7197,123,129,-6,6
7198,86,80,6,6
7199,49,49,0,0
7200,113,123,-10,10
7201,100,106,-6,6
7202,131,127,4,4
7203,93,97,-4,4
7204,92,74,18,18
7205,73,72,1,1
7206,61,63,-2,2
7207,72,72,0,0
7208,91,92,-1,1
7209,86,90,-4,4
7210,82,78,4,4
7211,179,175,4,4
7212,121,101,20,20
7213,58,60,-2,2
7214,83,77,6,6
7215,100,82,18,18
7216,84,80,4,4
7217,76,72,4,4
7218,83,75,8,8
7219,81,79,2,2
7220,119,114,5,5
7221,160,149,11,11
7222,97,109,-12,12
7223,143,157,-14,14
7224,49,45,4,4
7225,188,164,24,24
7226,79,89,-10,10
7227,62,67,-5,5
7228,71,69,2,2
7229,114,138,-24,24
7230,167,167,0,0
7231,100,93,7,7
7232,90,74,16,16
7233,106,109,-3,3
7234,129,134,-5,5
7235,81,79,2,2
7236,52,48,4,4
7237,86,88,-2,2
7238,92,111,-19,19
7239,59,64,-5,5
7240,98,106,-8,8
7241,94,94,0,0
7242,173,168,5,5
7243,82,97,-15,15
7244,121,122,-1,1
7245,84,78,6,6
7246,44,36,8,8
7247,88,97,-9,9
7248,91,86,5,5
7249,97,97,0,0
7250,46,43,3,3
7251,114,108,6,6
7252,108,104,4,4
7253,66,64,2,2
7254,71,72,-1,1
7255,76,79,-3,3
7256,159,155,4,4
7257,39,60,-21,21
7258,47,59,-12,12
7259,142,118,24,24
7260,124,126,-2,2
7261,109,115,-6,6
7262,110,116,-6,6
7263,59,54,5,5
7264,107,96,11,11
7265,59,57,2,2
7266,93,102,-9,9
7267,96,100,-4,4
7268,40,42,-2,2
7269,124,121,3,3
7270,90,73,17,17
7271,52,51,1,1
7272,95,92,3,3
7273,81,83,-2,2
7274,171,149,22,22
7275,78,67,11,11
7276,97,88,9,9
7277,82,86,-4,4
7278,93,81,12,12
7279,106,109,-3,3
7280,129,122,7,7
7281,110,118,-8,8
7282,28,51,-23,23
7283,152,156,-4,4
7284,113,107,6,6
7285,62,59,3,3
7286,51,56,-5,5
7287,167,161,6,6
7288,60,55,5,5
7289,176,162,14,14
7290,139,139,0,0
7291,193,187,6,6
7292,78,85,-7,7
7293,76,74,2,2
7294,80,82,-2,2
7295,86,101,-15,15
7296,102,95,7,7
7297,51,50,1,1
7298,32,27,5,5
7299,133,116,17,17
7300,160,144,16,16
7301,75,69,6,6
7302,84,79,5,5
7303,85,86,-1,1
7304,89,98,-9,9
7305,69,70,-1,1
7306,113,113,0,0
7307,69,72,-3,3
7308,76,92,-16,16
7309,56,75,-19,19
7310,86,83,3,3
7311,92,100,-8,8
7312,54,61,-7,7
7313,100,92,8,8
7314,37,35,2,2
7315,140,143,-3,3
7316,57,71,-14,14
7317,83,88,-5,5
7318,75,64,11,11
7319,59,64,-5,5
7320,99,115,-16,16
7321,108,109,-1,1
7322,93,102,-9,9
7323,78,87,-9,9
7324,166,161,5,5
7325,81,84,-3,3
7326,80,83,-3,3
7327,166,156,10,10
7328,56,57,-1,1
7329,108,115,-7,7
7330,88,90,-2,2
7331,124,135,-11,11
7332,71,76,-5,5
7333,111,103,8,8
7334,77,85,-8,8
7335,84,81,3,3
7336,85,82,3,3
7337,103,89,14,14
7338,67,77,-10,10
7339,128,124,4,4
7340,54,44,10,10
7341,98,97,1,1
7342,115,130,-15,15
7343,80,81,-1,1
7344,66,60,6,6
7345,84,81,3,3
7346,179,174,5,5
7347,70,77,-7,7
7348,93,98,-5,5
7349,139,147,-8,8
7350,136,130,6,6
7351,173,169,4,4
7352,112,107,5,5
7353,76,97,-21,21
7354,112,114,-2,2
7355,118,123,-5,5
7356,109,104,5,5
7357,101,114,-13,13
7358,105,96,9,9
7359,67,69,-2,2
7360,131,128,3,3
7361,41,50,-9,9
7362,49,49,0,0
7363,113,128,-15,15
7364,137,136,1,1
7365,96,102,-6,6
7366,68,67,1,1
7367,110,124,-14,14
7368,70,74,-4,4
7369,155,151,4,4
7370,58,56,2,2
7371,140,147,-7,7
7372,119,130,-11,11
7373,67,74,-7,7
7374,79,84,-5,5
7375,68,68,0,0
7376,62,62,0,0
7377,48,54,-6,6
7378,104,102,2,2
7379,67,80,-13,13
7380,63,65,-2,2
7381,70,70,0,0
7382,83,99,-16,16
7383,66,65,1,1
7384,67,83,-16,16
7385,54,55,-1,1
7386,144,138,6,6
7387,68,75,-7,7
7388,76,80,-4,4
7389,62,62,0,0
7390,147,137,10,10
7391,80,105,-25,25
7392,53,53,0,0
7393,73,55,18,18
7394,74,72,2,2
7395,63,72,-9,9
7396,111,101,10,10
7397,199,179,20,20
7398,90,88,2,2
7399,65,68,-3,3
7400,68,61,7,7
7401,81,80,1,1
7402,95,90,5,5
7403,83,81,2,2
7404,99,80,19,19
7405,64,73,-9,9
7406,70,73,-3,3
7407,62,55,7,7
7408,60,66,-6,6
7409,84,91,-7,7
7410,63,59,4,4
7411,91,112,-21,21
7412,53,70,-17,17
7413,114,108,6,6
7414,102,102,0,0
7415,80,72,8,8
7416,85,92,-7,7
7417,112,117,-5,5
7418,86,89,-3,3
7419,61,70,-9,9
7420,118,114,4,4
7421,108,95,13,13
7422,179,157,22,22
7423,87,92,-5,5
7424,185,163,22,22
7425,91,93,-2,2
7426,73,90,-17,17
7427,63,58,5,5
7428,159,141,18,18
7429,146,149,-3,3
7430,75,89,-14,14
7431,73,74,-1,1
7432,107,101,6,6
7433,93,89,4,4
7434,89,96,-7,7
7435,82,96,-14,14
7436,79,74,5,5
7437,50,48,2,2
7438,69,76,-7,7
7439,89,83,6,6
7440,145,167,-22,22
7441,84,93,-9,9
7442,115,119,-4,4
7443,103,119,-16,16
7444,90,94,-4,4
7445,57,58,-1,1
7446,118,107,11,11
7447,99,102,-3,3
7448,124,124,0,0
7449,102,116,-14,14
7450,97,107,-10,10
7451,64,62,2,2
7452,78,67,11,11
7453,121,122,-1,1
7454,163,157,6,6
7455,63,59,4,4
7456,53,60,-7,7
7457,71,73,-2,2
7458,79,81,-2,2
7459,102,107,-5,5
7460,130,124,6,6
7461,114,109,5,5
7462,118,131,-13,13
7463,93,100,-7,7
7464,78,66,12,12
7465,87,91,-4,4
7466,107,99,8,8
7467,105,98,7,7
7468,135,153,-18,18
7469,64,61,3,3
7470,80,74,6,6
7471,79,89,-10,10
7472,156,163,-7,7
7473,123,128,-5,5
7474,81,93,-12,12
7475,91,93,-2,2
7476,184,169,15,15
7477,62,74,-12,12
7478,76,83,-7,7
7479,112,104,8,8
7480,60,70,-10,10
7481,103,101,2,2
7482,83,88,-5,5
7483,69,68,1,1
7484,206,197,9,9
7485,78,84,-6,6
7486,82,72,10,10
7487,81,82,-1,1
7488,39,37,2,2
7489,109,118,-9,9
7490,32,26,6,6
7491,65,73,-8,8
7492,88,87,1,1
7493,94,99,-5,5
7494,87,95,-8,8
7495,74,71,3,3
7496,88,83,5,5
7497,103,111,-8,8
7498,72,61,11,11
7499,83,93,-10,10
7500,197,208,-11,11
7501,41,46,-5,5
7502,76,75,1,1
7503,129,110,19,19
7504,40,59,-19,19
7505,136,141,-5,5
7506,62,61,1,1
7507,66,56,10,10
7508,106,119,-13,13
7509,62,60,2,2
7510,109,105,4,4
7511,136,129,7,7
7512,100,105,-5,5
7513,160,154,6,6
7514,105,99,6,6
7515,122,117,5,5
7516,98,107,-9,9
7517,78,81,-3,3
7518,75,79,-4,4
7519,67,69,-2,2
7520,56,58,-2,2
7521,60,56,4,4
7522,38,36,2,2
7523,53,57,-4,4
7524,57,64,-7,7
7525,113,115,-2,2
7526,83,69,14,14
7527,81,77,4,4
7528,136,153,-17,17
7529,78,66,12,12
7530,89,97,-8,8
7531,86,87,-1,1
7532,68,73,-5,5
7533,156,147,9,9
7534,85,80,5,5
7535,126,127,-1,1
7536,57,69,-12,12
7537,114,123,-9,9
7538,113,104,9,9
7539,75,89,-14,14
7540,130,122,8,8
7541,79,58,21,21
7542,112,119,-7,7
7543,120,122,-2,2
7544,76,75,1,1
7545,86,83,3,3
7546,60,61,-1,1
7547,52,61,-9,9
7548,80,75,5,5
7549,136,125,11,11
7550,71,76,-5,5
7551,152,146,6,6
7552,59,64,-5,5
7553,88,83,5,5
7554,71,71,0,0
7555,71,70,1,1
7556,88,92,-4,4
7557,44,51,-7,7
7558,95,97,-2,2
7559,99,106,-7,7
7560,74,79,-5,5
7561,148,139,9,9
7562,74,75,-1,1
7563,103,93,10,10
7564,70,63,7,7
7565,128,122,6,6
7566,70,54,16,16
7567,69,74,-5,5
7568,95,64,31,31
7569,125,124,1,1
7570,87,90,-3,3
7571,130,136,-6,6
7572,105,131,-26,26
7573,96,90,6,6
7574,90,96,-6,6
7575,52,45,7,7
7576,77,88,-11,11
7577,143,131,12,12
7578,97,112,-15,15
7579,81,86,-5,5
7580,55,45,10,10
7581,122,126,-4,4
7582,59,60,-1,1
7583,106,106,0,0
7584,146,128,18,18
7585,62,65,-3,3
7586,122,116,6,6
7587,166,155,11,11
7588,76,71,5,5
7589,82,91,-9,9
7590,114,110,4,4
7591,113,134,-21,21
7592,94,101,-7,7
7593,113,118,-5,5
7594,79,84,-5,5
7595,106,108,-2,2
7596,123,122,1,1
7597,118,112,6,6
7598,80,74,6,6
7599,94,91,3,3
7600,89,84,5,5
7601,64,58,6,6
7602,113,120,-7,7
7603,137,131,6,6
7604,53,106,-53,53
7605,133,132,1,1
7606,65,64,1,1
7607,78,82,-4,4
7608,40,42,-2,2
7609,60,64,-4,4
7610,52,57,-5,5
7611,136,128,8,8
7612,155,157,-2,2
7613,94,96,-2,2
7614,75,79,-4,4
7615,36,32,4,4
7616,132,128,4,4
7617,117,127,-10,10
7618,136,145,-9,9
7619,141,119,22,22
7620,65,71,-6,6
7621,96,88,8,8
7622,68,78,-10,10
7623,144,133,11,11
7624,148,136,12,12
7625,117,131,-14,14
7626,60,68,-8,8
7627,98,94,4,4
7628,114,116,-2,2
7629,139,127,12,12
7630,109,108,1,1
7631,69,77,-8,8
7632,105,103,2,2
7633,116,100,16,16
7634,72,68,4,4
7635,74,79,-5,5
7636,102,107,-5,5
7637,62,53,9,9
7638,36,29,7,7
7639,94,95,-1,1
7640,78,79,-1,1
7641,150,137,13,13
7642,81,82,-1,1
7643,154,152,2,2
7644,115,130,-15,15
7645,44,53,-9,9
7646,88,95,-7,7
7647,80,79,1,1
7648,75,68,7,7
7649,58,53,5,5
7650,124,120,4,4
7651,90,86,4,4
7652,117,113,4,4
7653,93,90,3,3
7654,133,133,0,0
7655,71,69,2,2
7656,82,88,-6,6
7657,66,69,-3,3
7658,69,72,-3,3
7659,112,110,2,2
7660,114,111,3,3
7661,81,67,14,14
7662,110,117,-7,7
7663,76,74,2,2
7664,97,106,-9,9
7665,83,92,-9,9
7666,73,80,-7,7
7667,109,109,0,0
7668,67,63,4,4
7669,101,114,-13,13
7670,74,74,0,0
7671,122,126,-4,4
7672,51,59,-8,8
7673,80,94,-14,14
7674,118,115,3,3
7675,87,81,6,6
7676,84,80,4,4
7677,135,135,0,0
7678,51,104,-53,53
7679,121,111,10,10
7680,60,58,2,2
7681,150,142,8,8
7682,41,37,4,4
7683,55,55,0,0
7684,149,122,27,27
7685,136,127,9,9
7686,121,109,12,12
7687,121,120,1,1
7688,50,62,-12,12
7689,61,59,2,2
7690,129,135,-6,6
7691,83,99,-16,16
7692,83,112,-29,29
7693,77,74,3,3
7694,110,99,11,11
7695,110,93,17,17
7696,108,115,-7,7
7697,95,100,-5,5
7698,91,86,5,5
7699,99,96,3,3
7700,105,112,-7,7
7701,104,126,-22,22
7702,82,89,-7,7
7703,68,67,1,1
7704,77,79,-2,2
7705,103,93,10,10
7706,87,88,-1,1
7707,55,52,3,3
7708,94,93,1,1
7709,67,67,0,0
7710,75,93,-18,18
7711,137,137,0,0
7712,69,72,-3,3
7713,67,68,-1,1
7714,77,98,-21,21
7715,68,67,1,1
7716,117,118,-1,1
7717,109,119,-10,10
7718,164,139,25,25
7719,102,118,-16,16
7720,77,89,-12,12
7721,71,99,-28,28
7722,71,77,-6,6
7723,146,133,13,13
7724,40,32,8,8
7725,121,123,-2,2
7726,86,81,5,5
7727,99,107,-8,8
7728,68,73,-5,5
7729,89,79,10,10
7730,71,73,-2,2
7731,72,72,0,0
7732,49,53,-4,4
7733,155,118,37,37
7734,145,143,2,2
7735,102,113,-11,11
7736,131,131,0,0
7737,101,89,12,12
7738,61,64,-3,3
7739,108,114,-6,6
7740,62,68,-6,6
7741,93,106,-13,13
7742,84,85,-1,1
7743,56,101,-45,45
7744,143,138,5,5
7745,145,136,9,9
7746,103,92,11,11
7747,88,89,-1,1
7748,96,106,-10,10
7749,63,66,-3,3
7750,88,87,1,1
7751,50,57,-7,7
7752,106,109,-3,3
7753,89,74,15,15
7754,101,112,-11,11
7755,134,123,11,11
7756,91,87,4,4
7757,134,150,-16,16
7758,79,82,-3,3
7759,161,152,9,9
7760,127,129,-2,2
7761,88,97,-9,9
7762,61,74,-13,13
7763,60,70,-10,10
7764,102,99,3,3
7765,140,145,-5,5
7766,69,68,1,1
7767,101,117,-16,16
7768,175,168,7,7
7769,129,151,-22,22
7770,115,119,-4,4
7771,88,104,-16,16
7772,79,86,-7,7
7773,102,100,2,2
7774,43,47,-4,4
7775,97,104,-7,7
7776,132,139,-7,7
7777,58,55,3,3
7778,89,96,-7,7
7779,90,92,-2,2
7780,98,105,-7,7
7781,102,103,-1,1
7782,88,88,0,0
7783,106,111,-5,5
7784,99,106,-7,7
7785,151,147,4,4
7786,111,93,18,18
7787,65,69,-4,4
7788,71,75,-4,4
7789,79,94,-15,15
7790,65,63,2,2
7791,136,133,3,3
7792,151,158,-7,7
7793,108,109,-1,1
7794,121,108,13,13
7795,54,66,-12,12
7796,96,101,-5,5
7797,98,90,8,8
7798,62,66,-4,4
7799,78,84,-6,6
7800,97,110,-13,13
7801,80,74,6,6
7802,65,67,-2,2
7803,74,84,-10,10
7804,118,121,-3,3
7805,109,100,9,9
7806,99,96,3,3
7807,78,91,-13,13
7808,59,71,-12,12
7809,84,95,-11,11
7810,108,115,-7,7
7811,89,98,-9,9
7812,119,112,7,7
7813,182,168,14,14
7814,133,119,14,14
7815,90,96,-6,6
7816,144,171,-27,27
7817,109,105,4,4
7818,154,142,12,12
7819,54,53,1,1
7820,59,61,-2,2
7821,120,124,-4,4
7822,113,127,-14,14
7823,90,83,7,7
7824,119,114,5,5
7825,72,75,-3,3
7826,173,166,7,7
7827,252,279,-27,27
7828,123,130,-7,7
7829,178,159,19,19
7830,207,192,15,15
7831,86,90,-4,4
7832,61,61,0,0
7833,82,91,-9,9
7834,77,80,-3,3
7835,90,87,3,3
7836,85,100,-15,15
7837,133,152,-19,19
7838,67,59,8,8
7839,71,78,-7,7
7840,118,126,-8,8
7841,168,173,-5,5
7842,101,107,-6,6
7843,126,117,9,9
7844,127,124,3,3
7845,197,183,14,14
7846,67,66,1,1
7847,59,60,-1,1
7848,139,137,2,2
7849,84,88,-4,4
7850,75,78,-3,3
7851,124,116,8,8
7852,61,64,-3,3
7853,78,81,-3,3
7854,102,91,11,11
7855,50,44,6,6
7856,72,86,-14,14
7857,98,109,-11,11
7858,109,110,-1,1
7859,97,90,7,7
7860,79,69,10,10
7861,73,81,-8,8
7862,114,109,5,5
7863,118,117,1,1
7864,101,111,-10,10
7865,103,107,-4,4
7866,49,54,-5,5
7867,49,55,-6,6
7868,37,40,-3,3
7869,121,116,5,5
7870,69,72,-3,3
7871,126,132,-6,6
7872,91,92,-1,1
7873,119,120,-1,1
7874,105,98,7,7
7875,129,130,-1,1
7876,83,89,-6,6
7877,99,109,-10,10
7878,106,119,-13,13
7879,67,68,-1,1
7880,132,134,-2,2
7881,110,105,5,5
7882,72,68,4,4
7883,126,120,6,6
7884,129,140,-11,11
7885,74,76,-2,2
7886,131,133,-2,2
7887,97,91,6,6
7888,118,126,-8,8
7889,124,122,2,2
7890,66,75,-9,9
7891,99,96,3,3
7892,93,100,-7,7
7893,169,162,7,7
7894,109,120,-11,11
7895,194,172,22,22
7896,131,122,9,9
7897,67,67,0,0
7898,102,107,-5,5
7899,126,130,-4,4
7900,166,166,0,0
7901,52,62,-10,10
7902,129,143,-14,14
7903,175,172,3,3
7904,77,73,4,4
7905,52,50,2,2
7906,73,71,2,2
7907,97,101,-4,4
7908,49,53,-4,4
7909,112,116,-4,4
7910,108,115,-7,7
7911,91,86,5,5
7912,84,116,-32,32
7913,35,43,-8,8
7914,182,191,-9,9
7915,61,65,-4,4
7916,61,36,25,25
7917,79,80,-1,1
7918,55,55,0,0
7919,64,62,2,2
7920,142,128,14,14
7921,66,65,1,1
7922,74,81,-7,7
7923,150,142,8,8
7924,99,101,-2,2
7925,106,113,-7,7
7926,72,85,-13,13
7927,121,118,3,3
7928,114,115,-1,1
7929,75,71,4,4
7930,65,69,-4,4
7931,116,122,-6,6
7932,99,97,2,2
7933,199,191,8,8
7934,60,61,-1,1
7935,67,66,1,1
7936,81,80,1,1
7937,178,140,38,38
7938,70,82,-12,12
7939,131,123,8,8
7940,149,140,9,9
7941,70,70,0,0
7942,97,104,-7,7
7943,104,88,16,16
7944,73,75,-2,2
7945,74,83,-9,9
7946,87,99,-12,12
7947,112,112,0,0
7948,126,121,5,5
7949,86,111,-25,25
7950,134,132,2,2
7951,117,105,12,12
7952,61,57,4,4
7953,71,84,-13,13
7954,80,89,-9,9
7955,63,65,-2,2
7956,70,69,1,1
7957,63,76,-13,13
7958,46,54,-8,8
7959,59,61,-2,2
7960,89,84,5,5
7961,134,135,-1,1
7962,113,110,3,3
7963,73,88,-15,15
7964,122,115,7,7
7965,59,63,-4,4
7966,142,149,-7,7
7967,175,169,6,6
7968,61,56,5,5
7969,142,146,-4,4
7970,68,59,9,9
7971,51,46,5,5
7972,94,103,-9,9
7973,104,100,4,4
7974,85,92,-7,7
7975,155,155,0,0
7976,157,169,-12,12
7977,115,107,8,8
7978,94,102,-8,8
7979,86,108,-22,22
7980,115,129,-14,14
7981,85,85,0,0
7982,106,108,-2,2
7983,64,66,-2,2
7984,38,80,-42,42
7985,51,48,3,3
7986,106,113,-7,7
7987,101,111,-10,10
7988,46,56,-10,10
7989,85,72,13,13
7990,104,110,-6,6
7991,95,97,-2,2
7992,130,122,8,8
7993,151,138,13,13
7994,57,58,-1,1
7995,93,102,-9,9
7996,69,57,12,12
7997,39,32,7,7
7998,76,82,-6,6
7999,84,75,9,9
8000,41,45,-4,4
8001,45,53,-8,8
8002,68,69,-1,1
8003,82,79,3,3
8004,68,71,-3,3
8005,73,71,2,2
8006,49,66,-17,17
8007,93,96,-3,3
8008,75,73,2,2
8009,85,77,8,8
8010,103,108,-5,5
8011,129,126,3,3
8012,116,131,-15,15
8013,77,69,8,8
8014,83,93,-10,10
8015,104,91,13,13
8016,124,109,15,15
8017,89,97,-8,8
8018,88,100,-12,12
8019,49,59,-10,10
8020,104,106,-2,2
8021,107,118,-11,11
8022,125,129,-4,4
8023,57,63,-6,6
8024,104,100,4,4
8025,51,70,-19,19
8026,86,81,5,5
8027,96,100,-4,4
8028,190,176,14,14
8029,84,91,-7,7
8030,105,109,-4,4
8031,94,86,8,8
8032,74,73,1,1
8033,100,90,10,10
8034,126,116,10,10
8035,73,73,0,0
8036,83,89,-6,6
8037,141,139,2,2
8038,124,132,-8,8
8039,79,79,0,0
8040,135,126,9,9
8041,81,73,8,8
8042,137,139,-2,2
8043,75,74,1,1
8044,54,69,-15,15
8045,102,104,-2,2
8046,157,141,16,16
8047,93,95,-2,2
8048,155,136,19,19
8049,71,68,3,3
8050,109,85,24,24
8051,60,64,-4,4
8052,57,69,-12,12
8053,113,113,0,0
8054,130,133,-3,3
8055,71,78,-7,7
8056,92,81,11,11
8057,148,128,20,20
8058,117,108,9,9
8059,68,73,-5,5
8060,161,143,18,18
8061,85,83,2,2
8062,65,66,-1,1
8063,43,39,4,4
8064,102,97,5,5
8065,69,65,4,4
8066,185,176,9,9
8067,133,124,9,9
8068,104,104,0,0
8069,105,105,0,0
8070,120,119,1,1
8071,85,90,-5,5
8072,73,57,16,16
8073,158,177,-19,19
8074,76,74,2,2
8075,87,82,5,5
8076,148,145,3,3
8077,85,92,-7,7
8078,98,86,12,12
8079,66,74,-8,8
8080,100,111,-11,11
8081,110,115,-5,5
8082,86,89,-3,3
8083,119,125,-6,6
8084,75,75,0,0
8085,110,119,-9,9
8086,69,80,-11,11
8087,127,116,11,11
8088,98,92,6,6
8089,116,123,-7,7
8090,65,68,-3,3
8091,94,98,-4,4
8092,58,58,0,0
8093,68,68,0,0
8094,118,119,-1,1
8095,27,15,12,12
8096,74,68,6,6
8097,81,83,-2,2
8098,98,94,4,4
8099,56,57,-1,1
8100,101,99,2,2
8101,128,127,1,1
8102,104,105,-1,1
8103,69,56,13,13
8104,130,121,9,9
8105,121,124,-3,3
8106,42,85,-43,43
8107,89,97,-8,8
8108,71,71,0,0
8109,129,115,14,14
8110,59,65,-6,6
8111,101,105,-4,4
8112,102,104,-2,2
8113,109,117,-8,8
8114,94,91,3,3
8115,108,116,-8,8
8116,102,92,10,10
8117,89,95,-6,6
8118,121,126,-5,5
8119,122,144,-22,22
8120,67,75,-8,8
8121,51,67,-16,16
8122,89,89,0,0
8123,88,92,-4,4
8124,131,120,11,11
8125,103,112,-9,9
8126,151,163,-12,12
8127,134,135,-1,1
8128,108,114,-6,6
8129,92,94,-2,2
8130,65,59,6,6
8131,81,84,-3,3
8132,68,76,-8,8
8133,91,88,3,3
8134,114,100,14,14
8135,48,63,-15,15
8136,102,104,-2,2
8137,149,149,0,0
8138,108,109,-1,1
8139,60,62,-2,2
8140,103,110,-7,7
8141,65,78,-13,13
8142,119,131,-12,12
8143,104,105,-1,1
8144,64,50,14,14
8145,48,48,0,0
8146,55,46,9,9
8147,75,81,-6,6
8148,44,60,-16,16
8149,73,78,-5,5
8150,54,51,3,3
8151,54,58,-4,4
8152,52,58,-6,6
8153,95,91,4,4
8154,66,75,-9,9
8155,85,116,-31,31
8156,75,74,1,1
8157,95,99,-4,4
8158,95,89,6,6
8159,36,35,1,1
8160,79,86,-7,7
8161,123,123,0,0
8162,81,74,7,7
8163,176,146,30,30
8164,60,55,5,5
8165,61,72,-11,11
8166,140,134,6,6
8167,127,120,7,7
8168,96,105,-9,9
8169,99,90,9,9
8170,108,101,7,7
8171,58,59,-1,1
8172,51,62,-11,11
8173,95,94,1,1
8174,58,72,-14,14
8175,76,75,1,1
8176,116,104,12,12
8177,108,98,10,10
8178,168,148,20,20
8179,27,32,-5,5
8180,145,129,16,16
8181,53,56,-3,3
8182,67,69,-2,2
8183,92,92,0,0
8184,78,82,-4,4
8185,113,118,-5,5
8186,141,152,-11,11
8187,136,124,12,12
8188,103,111,-8,8
8189,86,91,-5,5
8190,195,191,4,4
8191,75,65,10,10
8192,63,68,-5,5
8193,66,66,0,0
8194,127,116,11,11
8195,122,109,13,13
8196,54,101,-47,47
8197,101,109,-8,8
8198,93,80,13,13
8199,64,71,-7,7
8200,108,109,-1,1
8201,111,111,0,0
8202,77,68,9,9
8203,154,158,-4,4
8204,94,86,8,8
8205,84,79,5,5
8206,76,93,-17,17
8207,87,82,5,5
8208,126,119,7,7
8209,82,78,4,4
8210,82,88,-6,6
8211,80,78,2,2
8212,126,127,-1,1
8213,64,66,-2,2
8214,142,123,19,19
8215,143,140,3,3
8216,127,143,-16,16
8217,76,90,-14,14
8218,57,75,-18,18
8219,109,105,4,4
8220,141,129,12,12
8221,129,123,6,6
8222,114,104,10,10
8223,83,84,-1,1
8224,149,152,-3,3
8225,47,61,-14,14
8226,88,92,-4,4
8227,88,82,6,6
8228,105,102,3,3
8229,93,106,-13,13
8230,109,93,16,16
8231,87,80,7,7
8232,43,39,4,4
8233,81,72,9,9
8234,101,85,16,16
8235,80,67,13,13
8236,112,109,3,3
8237,92,102,-10,10
8238,102,105,-3,3
8239,71,72,-1,1
8240,166,158,8,8
8241,98,90,8,8
8242,129,118,11,11
8243,79,89,-10,10
8244,109,114,-5,5
8245,145,134,11,11
8246,166,159,7,7
8247,76,83,-7,7
8248,46,42,4,4
8249,113,110,3,3
8250,75,84,-9,9
8251,86,80,6,6
8252,76,77,-1,1
8253,88,100,-12,12
8254,67,72,-5,5
8255,100,100,0,0
8256,71,78,-7,7
8257,59,63,-4,4
8258,181,170,11,11
8259,56,58,-2,2
8260,114,97,17,17
8261,92,86,6,6
8262,100,100,0,0
8263,75,96,-21,21
8264,188,167,21,21
8265,51,49,2,2
8266,84,94,-10,10
8267,171,180,-9,9
8268,66,56,10,10
8269,92,86,6,6
8270,122,122,0,0
8271,40,40,0,0
8272,87,87,0,0
8273,122,117,5,5
8274,98,90,8,8
8275,96,87,9,9
8276,120,118,2,2
8277,82,91,-9,9
8278,88,87,1,1
8279,60,64,-4,4
8280,83,84,-1,1
8281,81,66,15,15
8282,151,150,1,1
8283,187,176,11,11
8284,98,113,-15,15
8285,95,89,6,6
8286,77,80,-3,3
8287,144,143,1,1
8288,81,85,-4,4
8289,91,97,-6,6
8290,149,141,8,8
8291,99,119,-20,20
8292,96,81,15,15
8293,129,132,-3,3
8294,63,51,12,12
8295,86,72,14,14
8296,64,68,-4,4
8297,74,68,6,6
8298,93,93,0,0
8299,85,85,0,0
8300,248,223,25,25
8301,91,98,-7,7
8302,58,60,-2,2
8303,93,81,12,12
8304,93,98,-5,5
8305,55,59,-4,4
8306,102,100,2,2
8307,107,98,9,9
8308,79,81,-2,2
8309,84,82,2,2
8310,95,95,0,0
8311,110,109,1,1
8312,80,83,-3,3
8313,44,41,3,3
8314,96,89,7,7
8315,59,67,-8,8
8316,109,113,-4,4
8317,198,187,11,11
8318,81,93,-12,12
8319,119,114,5,5
8320,106,108,-2,2
8321,114,104,10,10
8322,51,55,-4,4
8323,110,109,1,1
8324,112,120,-8,8
8325,99,98,1,1
8326,80,76,4,4
8327,59,66,-7,7
8328,110,112,-2,2
8329,125,119,6,6
8330,137,137,0,0
8331,73,76,-3,3
8332,190,175,15,15
8333,137,151,-14,14
8334,46,44,2,2
8335,124,130,-6,6
8336,87,80,7,7
8337,114,108,6,6
8338,83,82,1,1
8339,85,91,-6,6
8340,142,148,-6,6
8341,108,98,10,10
8342,129,144,-15,15
8343,107,114,-7,7
8344,109,115,-6,6
8345,144,157,-13,13
8346,76,78,-2,2
8347,38,48,-10,10
8348,157,158,-1,1
8349,55,54,1,1
8350,99,109,-10,10
8351,153,144,9,9
8352,74,73,1,1
8353,74,72,2,2
8354,78,74,4,4
8355,74,95,-21,21
8356,94,99,-5,5
8357,112,97,15,15
8358,141,137,4,4
8359,82,78,4,4
8360,160,156,4,4
8361,103,105,-2,2
8362,110,106,4,4
8363,42,43,-1,1
8364,69,71,-2,2
8365,59,55,4,4
8366,98,101,-3,3
8367,75,67,8,8
8368,58,56,2,2
8369,74,71,3,3
8370,108,109,-1,1
8371,66,75,-9,9
8372,105,105,0,0
8373,46,61,-15,15
8374,55,54,1,1
8375,71,66,5,5
8376,115,115,0,0
8377,88,83,5,5
8378,47,46,1,1
8379,174,163,11,11
8380,94,87,7,7
8381,74,79,-5,5
8382,84,82,2,2
8383,85,80,5,5
8384,65,62,3,3
8385,39,31,8,8
8386,118,108,10,10
8387,101,98,3,3
8388,78,83,-5,5
8389,97,108,-11,11
8390,104,98,6,6
8391,98,96,2,2
8392,81,95,-14,14
8393,112,116,-4,4
8394,98,97,1,1
8395,96,96,0,0
8396,53,41,12,12
8397,67,80,-13,13
8398,70,75,-5,5
8399,114,100,14,14
8400,104,111,-7,7
8401,65,70,-5,5
8402,80,57,23,23
8403,96,99,-3,3
8404,70,67,3,3
8405,105,108,-3,3
8406,100,89,11,11
8407,160,149,11,11
8408,91,105,-14,14
8409,100,109,-9,9
8410,119,102,17,17
8411,65,67,-2,2
8412,99,107,-8,8
8413,172,143,29,29
8414,83,77,6,6
8415,85,79,6,6
8416,69,61,8,8
8417,59,62,-3,3
8418,93,95,-2,2
8419,81,80,1,1
8420,75,78,-3,3
8421,62,67,-5,5
8422,115,109,6,6
8423,107,146,-39,39
8424,105,106,-1,1
8425,51,55,-4,4
8426,76,81,-5,5
8427,88,91,-3,3
8428,145,139,6,6
8429,114,115,-1,1
8430,38,39,-1,1
8431,133,125,8,8
8432,74,78,-4,4
8433,119,119,0,0
8434,96,93,3,3
8435,143,127,16,16
8436,60,63,-3,3
8437,130,120,10,10
8438,120,105,15,15
8439,122,137,-15,15
8440,113,108,5,5
8441,68,75,-7,7
8442,98,98,0,0
8443,143,121,22,22
8444,77,69,8,8
8445,92,94,-2,2
8446,61,60,1,1
8447,74,80,-6,6
8448,94,84,10,10
8449,102,99,3,3
8450,118,103,15,15
8451,119,125,-6,6
8452,193,172,21,21
8453,95,99,-4,4
8454,89,91,-2,2
8455,129,127,2,2
8456,124,115,9,9
8457,84,80,4,4
8458,76,80,-4,4
8459,55,55,0,0
8460,143,139,4,4
8461,134,125,9,9
8462,88,90,-2,2
8463,132,138,-6,6
8464,114,99,15,15
8465,71,68,3,3
8466,79,72,7,7
8467,101,95,6,6
8468,134,132,2,2
8469,61,53,8,8
8470,81,83,-2,2
8471,107,121,-14,14
8472,86,85,1,1
8473,83,84,-1,1
8474,94,99,-5,5
8475,102,109,-7,7
8476,110,139,-29,29
8477,137,142,-5,5
8478,56,75,-19,19
8479,134,130,4,4
8480,80,90,-10,10
8481,46,49,-3,3
8482,111,114,-3,3
8483,112,118,-6,6
8484,121,122,-1,1
8485,113,115,-2,2
8486,91,100,-9,9
8487,47,52,-5,5
8488,65,63,2,2
8489,56,73,-17,17
8490,83,87,-4,4
8491,85,92,-7,7
8492,102,103,-1,1
8493,80,86,-6,6
8494,110,113,-3,3
8495,141,137,4,4
8496,90,85,5,5
8497,73,67,6,6
8498,60,62,-2,2
8499,178,146,32,32
8500,124,125,-1,1
8501,108,101,7,7
8502,100,107,-7,7
8503,78,86,-8,8
8504,115,132,-17,17
8505,127,134,-7,7
8506,47,41,6,6
8507,58,41,17,17
8508,151,144,7,7
8509,104,95,9,9
8510,56,61,-5,5
8511,79,97,-18,18
8512,67,71,-4,4
8513,109,114,-5,5
8514,83,72,11,11
8515,101,77,24,24
8516,78,90,-12,12
8517,101,120,-19,19
8518,64,76,-12,12
8519,69,66,3,3
8520,81,79,2,2
8521,185,182,3,3
8522,89,84,5,5
8523,137,114,23,23
8524,98,96,2,2
8525,185,168,17,17
8526,62,80,-18,18
8527,135,131,4,4
8528,140,123,17,17
8529,166,164,2,2
8530,68,76,-8,8
8531,100,107,-7,7
8532,122,136,-14,14
8533,105,110,-5,5
8534,129,124,5,5
8535,117,112,5,5
8536,74,79,-5,5
8537,91,90,1,1
8538,96,93,3,3
8539,96,97,-1,1
8540,76,85,-9,9
8541,106,98,8,8
8542,71,67,4,4
8543,43,34,9,9
8544,88,86,2,2
8545,79,103,-24,24
8546,104,97,7,7
8547,82,88,-6,6
8548,112,119,-7,7
8549,104,117,-13,13
8550,55,58,-3,3
8551,90,95,-5,5
8552,47,64,-17,17
8553,111,105,6,6
8554,127,127,0,0
8555,67,76,-9,9
8556,163,144,19,19
8557,154,154,0,0
8558,63,65,-2,2
8559,50,59,-9,9
8560,56,70,-14,14
8561,104,121,-17,17
8562,80,86,-6,6
8563,83,77,6,6
8564,64,66,-2,2
8565,55,53,2,2
8566,84,74,10,10
8567,130,129,1,1
8568,85,86,-1,1
8569,109,110,-1,1
8570,153,139,14,14
8571,104,123,-19,19
8572,129,125,4,4
8573,106,99,7,7
8574,173,182,-9,9
8575,93,93,0,0
8576,93,88,5,5
8577,99,97,2,2
8578,66,71,-5,5
8579,98,92,6,6
8580,110,147,-37,37
8581,50,63,-13,13
8582,104,106,-2,2
8583,110,120,-10,10
8584,60,71,-11,11
8585,102,97,5,5
8586,87,79,8,8
8587,133,128,5,5
8588,133,131,2,2
8589,122,114,8,8
8590,92,90,2,2
8591,139,144,-5,5
8592,52,53,-1,1
8593,83,104,-21,21
8594,91,90,1,1
8595,65,65,0,0
8596,113,125,-12,12
8597,77,83,-6,6
8598,161,155,6,6
8599,92,95,-3,3
8600,180,158,22,22
8601,77,67,10,10
8602,109,109,0,0
8603,81,86,-5,5
8604,98,98,0,0
8605,54,55,-1,1
8606,126,125,1,1
8607,91,96,-5,5
8608,77,81,-4,4
8609,124,128,-4,4
8610,78,85,-7,7
8611,189,155,34,34
8612,80,76,4,4
8613,159,157,2,2
8614,73,79,-6,6
8615,90,101,-11,11
8616,62,55,7,7
8617,90,89,1,1
8618,134,146,-12,12
8619,121,99,22,22
8620,87,84,3,3
8621,59,58,1,1
8622,89,103,-14,14
8623,105,112,-7,7
8624,97,92,5,5
8625,110,110,0,0
8626,141,129,12,12
8627,85,90,-5,5
8628,132,131,1,1
8629,89,93,-4,4
8630,75,75,0,0
8631,81,76,5,5
8632,77,57,20,20
8633,104,102,2,2
8634,132,133,-1,1
8635,136,129,7,7
8636,82,86,-4,4
8637,85,96,-11,11
8638,76,78,-2,2
8639,109,134,-25,25
8640,51,61,-10,10
8641,85,91,-6,6
8642,58,63,-5,5
8643,161,157,4,4
8644,85,95,-10,10
8645,61,52,9,9
8646,82,83,-1,1
8647,114,122,-8,8
8648,113,112,1,1
8649,82,82,0,0
8650,128,122,6,6
8651,113,114,-1,1
8652,61,67,-6,6
8653,85,77,8,8
8654,112,107,5,5
8655,76,68,8,8
8656,89,90,-1,1
8657,142,131,11,11
8658,81,79,2,2
8659,143,141,2,2
8660,94,83,11,11
8661,134,103,31,31
8662,59,56,3,3
8663,55,60,-5,5
8664,75,81,-6,6
8665,87,93,-6,6
8666,69,57,12,12
8667,104,100,4,4
8668,57,53,4,4
8669,68,69,-1,1
8670,169,157,12,12
8671,114,127,-13,13
8672,92,94,-2,2
8673,97,89,8,8
8674,121,121,0,0
8675,89,61,28,28
8676,116,122,-6,6
8677,93,101,-8,8
8678,116,104,12,12
8679,125,118,7,7
8680,82,118,-36,36
8681,50,48,2,2
8682,46,35,11,11
8683,45,38,7,7
8684,120,123,-3,3
8685,93,85,8,8
8686,102,103,-1,1
8687,126,129,-3,3
8688,108,123,-15,15
8689,110,107,3,3
8690,101,91,10,10
8691,73,77,-4,4
8692,58,59,-1,1
8693,113,103,10,10
8694,136,145,-9,9
8695,64,70,-6,6
8696,125,169,-44,44
8697,88,79,9,9
8698,92,88,4,4
8699,106,109,-3,3
8700,90,108,-18,18
8701,85,74,11,11
8702,80,78,2,2
8703,110,116,-6,6
8704,80,81,-1,1
8705,117,102,15,15
8706,47,60,-13,13
8707,112,105,7,7
8708,84,88,-4,4
8709,116,116,0,0
8710,61,63,-2,2
8711,82,73,9,9
8712,164,142,22,22
8713,125,133,-8,8
8714,80,84,-4,4
8715,66,68,-2,2
8716,61,66,-5,5
8717,82,101,-19,19
8718,81,97,-16,16
8719,143,128,15,15
8720,145,130,15,15
8721,75,68,7,7
8722,60,84,-24,24
8723,86,88,-2,2
8724,99,102,-3,3
8725,112,114,-2,2
8726,98,98,0,0
8727,96,74,22,22
8728,64,67,-3,3
8729,62,68,-6,6
8730,123,133,-10,10
8731,83,92,-9,9
8732,101,99,2,2
8733,27,16,11,11
8734,167,154,13,13
8735,149,157,-8,8
8736,94,93,1,1
8737,155,148,7,7
8738,39,39,0,0
8739,62,66,-4,4
8740,81,78,3,3
8741,58,56,2,2
8742,74,88,-14,14
8743,139,154,-15,15
8744,74,70,4,4
8745,84,94,-10,10
8746,155,113,42,42
8747,114,121,-7,7
8748,152,252,-100,100
8749,104,93,11,11
8750,92,109,-17,17
8751,55,59,-4,4
8752,91,89,2,2
8753,90,86,4,4
8754,86,84,2,2
8755,76,100,-24,24
8756,86,91,-5,5
8757,49,46,3,3
8758,105,108,-3,3
8759,67,69,-2,2
8760,96,122,-26,26
8761,105,103,2,2
8762,98,64,34,34
8763,114,111,3,3
8764,114,117,-3,3
8765,103,123,-20,20
8766,128,126,2,2
8767,110,103,7,7
8768,89,72,17,17
8769,67,65,2,2
8770,136,137,-1,1
8771,154,140,14,14
8772,62,73,-11,11
8773,109,111,-2,2
8774,91,87,4,4
8775,63,63,0,0
8776,172,155,17,17
8777,93,90,3,3
8778,81,76,5,5
8779,87,88,-1,1
8780,49,71,-22,22
8781,157,154,3,3
8782,87,84,3,3
8783,61,82,-21,21
8784,60,53,7,7
8785,129,130,-1,1
8786,75,67,8,8
8787,86,103,-17,17
8788,37,31,6,6
8789,110,114,-4,4
8790,124,111,13,13
8791,65,74,-9,9
8792,148,152,-4,4
8793,73,86,-13,13
8794,105,112,-7,7
8795,70,72,-2,2
8796,63,71,-8,8
8797,71,70,1,1
8798,71,76,-5,5
8799,68,70,-2,2
8800,96,91,5,5
8801,87,85,2,2
8802,88,91,-3,3
8803,69,69,0,0
8804,83,93,-10,10
8805,72,76,-4,4
8806,98,105,-7,7
8807,126,125,1,1
8808,45,53,-8,8
8809,52,49,3,3
8810,103,109,-6,6
8811,77,73,4,4
8812,83,79,4,4
8813,73,71,2,2
8814,108,112,-4,4
8815,73,83,-10,10
8816,80,83,-3,3
8817,57,54,3,3
8818,63,65,-2,2
8819,24,21,3,3
8820,89,69,20,20
8821,61,62,-1,1
8822,97,94,3,3
8823,85,94,-9,9
8824,143,142,1,1
8825,129,122,7,7
8826,75,82,-7,7
8827,71,72,-1,1
8828,92,91,1,1
8829,72,67,5,5
8830,91,81,10,10
8831,83,73,10,10
8832,75,84,-9,9
8833,66,70,-4,4
8834,43,37,6,6
8835,127,124,3,3
8836,125,138,-13,13
8837,44,39,5,5
8838,51,59,-8,8
8839,54,55,-1,1
8840,203,234,-31,31
8841,127,126,1,1
8842,102,103,-1,1
8843,81,78,3,3
8844,69,68,1,1
8845,121,114,7,7
8846,85,88,-3,3
8847,125,120,5,5
8848,138,133,5,5
8849,191,161,30,30
8850,92,99,-7,7
8851,94,90,4,4
8852,128,127,1,1
8853,35,47,-12,12
8854,104,96,8,8
8855,86,81,5,5
8856,132,138,-6,6
8857,89,97,-8,8
8858,48,49,-1,1
8859,75,62,13,13
8860,80,68,12,12
8861,100,90,10,10
8862,115,112,3,3
8863,135,130,5,5
8864,88,90,-2,2
8865,108,116,-8,8
8866,141,145,-4,4
8867,81,81,0,0
8868,147,146,1,1
8869,94,89,5,5
8870,86,85,1,1
8871,125,125,0,0
8872,62,64,-2,2
8873,82,96,-14,14
8874,123,122,1,1
8875,80,78,2,2
8876,108,107,1,1
8877,91,77,14,14
8878,124,120,4,4
8879,93,83,10,10
8880,141,152,-11,11
8881,97,56,41,41
8882,177,172,5,5
8883,80,88,-8,8
8884,133,151,-18,18
8885,98,107,-9,9
8886,104,91,13,13
8887,64,65,-1,1
8888,170,162,8,8
8889,91,94,-3,3
8890,98,98,0,0
8891,125,120,5,5
8892,65,70,-5,5
8893,86,95,-9,9
8894,75,66,9,9
8895,72,73,-1,1
8896,53,60,-7,7
8897,93,88,5,5
8898,69,71,-2,2
8899,95,97,-2,2
8900,76,77,-1,1
8901,73,75,-2,2
8902,56,52,4,4
8903,92,89,3,3
8904,43,49,-6,6
8905,60,55,5,5
8906,74,82,-8,8
8907,85,90,-5,5
8908,91,91,0,0
8909,92,88,4,4
8910,91,94,-3,3
8911,60,67,-7,7
8912,142,148,-6,6
8913,127,140,-13,13
8914,87,93,-6,6
8915,130,145,-15,15
8916,104,103,1,1
8917,62,60,2,2
8918,125,122,3,3
8919,96,180,-84,84
8920,170,141,29,29
8921,103,119,-16,16
8922,185,166,19,19
8923,80,79,1,1
8924,56,67,-11,11
8925,105,117,-12,12
8926,63,64,-1,1
8927,88,91,-3,3
8928,79,84,-5,5
8929,60,78,-18,18
8930,84,87,-3,3
8931,123,130,-7,7
8932,107,102,5,5
8933,94,99,-5,5
8934,70,67,3,3
8935,141,132,9,9
8936,56,45,11,11
8937,166,166,0,0
8938,120,100,20,20
8939,137,125,12,12
8940,88,93,-5,5
8941,127,97,30,30
8942,157,146,11,11
8943,130,138,-8,8
8944,106,111,-5,5
8945,131,138,-7,7
8946,54,54,0,0
8947,132,128,4,4
8948,80,78,2,2
8949,81,89,-8,8
8950,128,113,15,15
8951,36,41,-5,5
8952,106,114,-8,8
8953,85,83,2,2
8954,64,65,-1,1
8955,81,83,-2,2
8956,120,109,11,11
8957,130,124,6,6
8958,99,91,8,8
8959,70,71,-1,1
8960,78,72,6,6
8961,112,141,-29,29
8962,82,84,-2,2
8963,184,166,18,18
8964,129,130,-1,1
8965,111,107,4,4
8966,99,125,-26,26
8967,51,59,-8,8
8968,102,100,2,2
8969,66,71,-5,5
8970,74,79,-5,5
8971,129,136,-7,7
8972,54,63,-9,9
8973,117,130,-13,13
8974,120,117,3,3
8975,73,79,-6,6
8976,177,196,-19,19
8977,157,150,7,7
8978,77,78,-1,1
8979,55,60,-5,5
8980,132,131,1,1
8981,180,161,19,19
8982,72,70,2,2
8983,88,97,-9,9
8984,71,74,-3,3
8985,85,81,4,4
8986,51,50,1,1
8987,61,73,-12,12
8988,76,62,14,14
8989,90,101,-11,11
8990,64,70,-6,6
8991,67,83,-16,16
8992,95,101,-6,6
8993,46,49,-3,3
8994,92,79,13,13
8995,121,140,-19,19
8996,93,99,-6,6
8997,92,98,-6,6
8998,52,47,5,5
8999,112,124,-12,12
9000,66,116,-50,50
9001,76,76,0,0
9002,157,157,0,0
9003,75,75,0,0
9004,68,72,-4,4
9005,64,67,-3,3
9006,135,127,8,8
9007,107,105,2,2
9008,79,77,2,2
9009,82,85,-3,3
9010,101,93,8,8
9011,142,158,-16,16
9012,108,105,3,3
9013,93,103,-10,10
9014,111,112,-1,1
9015,111,110,1,1
9016,101,92,9,9
9017,67,57,10,10
9018,58,57,1,1
9019,117,113,4,4
9020,100,102,-2,2
9021,96,93,3,3
9022,106,105,1,1
9023,82,83,-1,1
9024,57,59,-2,2
9025,95,86,9,9
9026,92,88,4,4
9027,78,84,-6,6
9028,85,81,4,4
9029,46,31,15,15
9030,60,66,-6,6
9031,68,76,-8,8
9032,90,93,-3,3
9033,106,104,2,2
9034,72,78,-6,6
9035,91,88,3,3
9036,142,142,0,0
9037,63,54,9,9
9038,55,54,1,1
9039,112,110,2,2
9040,165,166,-1,1
9041,80,78,2,2
9042,58,48,10,10
9043,96,100,-4,4
9044,69,68,1,1
9045,85,104,-19,19
9046,74,78,-4,4
9047,148,138,10,10
9048,61,60,1,1
9049,114,118,-4,4
9050,117,117,0,0
9051,87,92,-5,5
9052,148,134,14,14
9053,129,133,-4,4
9054,100,95,5,5
9055,79,75,4,4
9056,84,82,2,2
9057,75,72,3,3
9058,101,96,5,5
9059,74,81,-7,7
9060,98,82,16,16
9061,97,91,6,6
9062,58,57,1,1
9063,104,101,3,3
9064,122,112,10,10
9065,33,39,-6,6
9066,62,51,11,11
9067,59,61,-2,2
9068,66,67,-1,1
9069,112,111,1,1
9070,109,102,7,7
9071,67,76,-9,9
9072,157,174,-17,17
9073,147,134,13,13
9074,114,113,1,1
9075,45,38,7,7
9076,71,76,-5,5
9077,135,127,8,8
9078,64,56,8,8
9079,101,110,-9,9
9080,93,97,-4,4
9081,92,83,9,9
9082,128,127,1,1
9083,90,81,9,9
9084,113,95,18,18
9085,62,70,-8,8
9086,66,61,5,5
9087,69,78,-9,9
9088,90,86,4,4
9089,69,67,2,2
9090,87,88,-1,1
9091,70,82,-12,12
9092,88,95,-7,7
9093,60,65,-5,5
9094,172,163,9,9
9095,94,87,7,7
9096,53,61,-8,8
9097,81,79,2,2
9098,103,90,13,13
9099,146,146,0,0
9100,93,94,-1,1
9101,106,111,-5,5
9102,115,109,6,6
9103,171,160,11,11
9104,80,99,-19,19
9105,89,73,16,16
9106,75,88,-13,13
9107,197,198,-1,1
9108,52,62,-10,10
9109,56,57,-1,1
9110,76,71,5,5
9111,136,132,4,4
9112,127,127,0,0
9113,102,105,-3,3
9114,100,101,-1,1
9115,154,149,5,5
9116,127,138,-11,11
9117,115,113,2,2
9118,69,79,-10,10
9119,113,103,10,10
9120,116,120,-4,4
9121,92,97,-5,5
9122,95,108,-13,13
9123,81,78,3,3
9124,81,80,1,1
9125,148,143,5,5
9126,94,88,6,6
9127,117,131,-14,14
9128,47,54,-7,7
9129,100,98,2,2
9130,133,125,8,8
9131,79,96,-17,17
9132,147,146,1,1
9133,62,58,4,4
9134,77,80,-3,3
9135,154,139,15,15
9136,112,119,-7,7
9137,65,58,7,7
9138,42,37,5,5
9139,114,119,-5,5
9140,114,104,10,10
9141,77,66,11,11
9142,68,77,-9,9
9143,84,91,-7,7
9144,120,122,-2,2
9145,132,129,3,3
9146,113,127,-14,14
9147,86,79,7,7
9148,78,79,-1,1
9149,73,91,-18,18
9150,68,61,7,7
9151,93,97,-4,4
9152,113,123,-10,10
9153,58,54,4,4
9154,63,54,9,9
9155,54,57,-3,3
9156,123,101,22,22
9157,43,38,5,5
9158,82,80,2,2
9159,144,132,12,12
9160,73,88,-15,15
9161,49,60,-11,11
9162,103,106,-3,3
9163,179,178,1,1
9164,106,106,0,0
9165,93,117,-24,24
9166,135,145,-10,10
9167,120,121,-1,1
9168,130,118,12,12
9169,79,96,-17,17
9170,82,77,5,5
9171,55,59,-4,4
9172,74,70,4,4
9173,153,153,0,0
9174,93,97,-4,4
9175,107,103,4,4
9176,136,148,-12,12
9177,88,88,0,0
9178,56,65,-9,9
9179,171,158,13,13
9180,115,111,4,4
9181,53,58,-5,5
9182,124,139,-15,15
9183,117,106,11,11
9184,76,77,-1,1
9185,168,161,7,7
9186,78,68,10,10
9187,42,39,3,3
9188,74,76,-2,2
9189,156,149,7,7
9190,81,87,-6,6
9191,88,84,4,4
9192,169,158,11,11
9193,74,70,4,4
9194,108,110,-2,2
9195,98,93,5,5
9196,175,190,-15,15
9197,39,45,-6,6
9198,47,50,-3,3
9199,100,82,18,18
9200,105,93,12,12
9201,103,106,-3,3
9202,114,116,-2,2
9203,65,67,-2,2
9204,70,66,4,4
9205,79,72,7,7
9206,96,100,-4,4
9207,123,132,-9,9
9208,94,92,2,2
9209,124,140,-16,16
9210,102,95,7,7
9211,108,106,2,2
9212,78,82,-4,4
9213,111,113,-2,2
9214,84,89,-5,5
9215,58,45,13,13
9216,124,110,14,14
9217,92,74,18,18
9218,75,77,-2,2
9219,64,56,8,8
9220,89,89,0,0
9221,88,96,-8,8
9222,58,68,-10,10
9223,116,117,-1,1
9224,57,62,-5,5
9225,98,97,1,1
9226,138,144,-6,6
9227,87,95,-8,8
9228,58,54,4,4
9229,141,136,5,5
9230,72,71,1,1
9231,63,68,-5,5
9232,173,164,9,9
9233,113,110,3,3
9234,114,113,1,1
9235,95,87,8,8
9236,80,89,-9,9
9237,75,74,1,1
9238,113,114,-1,1
9239,86,98,-12,12
9240,54,56,-2,2
9241,99,95,4,4
9242,149,130,19,19
9243,73,67,6,6
9244,86,77,9,9
9245,108,103,5,5
9246,74,74,0,0
9247,59,59,0,0
9248,106,116,-10,10
9249,158,138,20,20
9250,45,53,-8,8
9251,77,74,3,3
9252,116,131,-15,15
9253,52,65,-13,13
9254,93,103,-10,10
9255,129,119,10,10
9256,63,52,11,11
9257,41,38,3,3
9258,62,59,3,3
9259,168,161,7,7
9260,117,123,-6,6
9261,142,141,1,1
9262,112,106,6,6
9263,101,90,11,11
9264,86,85,1,1
9265,77,81,-4,4
9266,141,127,14,14
9267,80,107,-27,27
9268,107,132,-25,25
9269,90,93,-3,3
9270,65,72,-7,7
9271,57,56,1,1
9272,89,82,7,7
9273,63,60,3,3
9274,121,124,-3,3
9275,108,102,6,6
9276,83,85,-2,2
9277,116,108,8,8
9278,66,75,-9,9
9279,128,123,5,5
9280,98,103,-5,5
9281,76,79,-3,3
9282,130,118,12,12
9283,55,46,9,9
9284,64,66,-2,2
9285,107,124,-17,17
9286,117,106,11,11
9287,124,123,1,1
9288,88,89,-1,1
9289,44,46,-2,2
9290,89,89,0,0
9291,82,89,-7,7
9292,78,79,-1,1
9293,63,70,-7,7
9294,60,53,7,7
9295,55,59,-4,4
9296,80,86,-6,6
9297,56,59,-3,3
9298,68,72,-4,4
9299,177,175,2,2
9300,69,76,-7,7
9301,63,72,-9,9
9302,116,115,1,1
9303,96,103,-7,7
9304,142,131,11,11
9305,85,83,2,2
9306,56,64,-8,8
9307,91,82,9,9
9308,72,71,1,1
9309,69,79,-10,10
9310,114,103,11,11
9311,131,134,-3,3
9312,70,71,-1,1
9313,138,136,2,2
9314,103,93,10,10
9315,69,77,-8,8
9316,97,97,0,0
9317,98,114,-16,16
9318,117,107,10,10
9319,95,103,-8,8
9320,130,124,6,6
9321,174,162,12,12
9322,114,126,-12,12
9323,87,97,-10,10
9324,92,91,1,1
9325,57,60,-3,3
9326,93,90,3,3
9327,90,93,-3,3
9328,87,102,-15,15
9329,87,90,-3,3
9330,115,120,-5,5
9331,103,111,-8,8
9332,66,64,2,2
9333,95,93,2,2
9334,98,102,-4,4
9335,82,78,4,4
9336,63,45,18,18
9337,39,40,-1,1
9338,60,69,-9,9
9339,112,102,10,10
9340,159,165,-6,6
9341,41,42,-1,1
9342,96,95,1,1
9343,117,116,1,1
9344,69,71,-2,2
9345,82,92,-10,10
9346,125,108,17,17
9347,82,82,0,0
9348,65,74,-9,9
9349,92,86,6,6
9350,91,86,5,5
9351,91,89,2,2
9352,95,92,3,3
9353,28,23,5,5
9354,64,64,0,0
9355,73,72,1,1
9356,122,116,6,6
9357,76,83,-7,7
9358,82,81,1,1
9359,134,122,12,12
9360,118,114,4,4
9361,72,77,-5,5
9362,96,128,-32,32
9363,176,152,24,24
9364,156,146,10,10
9365,64,74,-10,10
9366,99,105,-6,6
9367,94,93,1,1
9368,84,77,7,7
9369,88,90,-2,2
9370,144,147,-3,3
9371,123,116,7,7
9372,99,106,-7,7
9373,63,92,-29,29
9374,64,73,-9,9
9375,141,135,6,6
9376,71,95,-24,24
9377,166,155,11,11
9378,118,120,-2,2
9379,120,110,10,10
9380,145,159,-14,14
9381,87,87,0,0
9382,90,93,-3,3
9383,80,95,-15,15
9384,125,126,-1,1
9385,59,54,5,5
9386,171,168,3,3
9387,72,66,6,6
9388,121,113,8,8
9389,47,35,12,12
9390,73,80,-7,7
9391,124,110,14,14
9392,87,92,-5,5
9393,95,95,0,0
9394,77,76,1,1
9395,167,167,0,0
9396,53,64,-11,11
9397,89,88,1,1
9398,83,76,7,7
9399,77,92,-15,15
9400,127,121,6,6
9401,94,97,-3,3
9402,95,85,10,10
9403,93,100,-7,7
9404,74,66,8,8
9405,112,115,-3,3
9406,117,106,11,11
9407,69,69,0,0
9408,88,88,0,0
9409,71,68,3,3
9410,57,46,11,11
9411,89,83,6,6
9412,98,118,-20,20
9413,123,126,-3,3
9414,88,86,2,2
9415,136,123,13,13
9416,85,78,7,7
9417,93,94,-1,1
9418,150,148,2,2
9419,50,53,-3,3
9420,77,82,-5,5
9421,87,91,-4,4
9422,123,119,4,4
9423,71,78,-7,7
9424,142,139,3,3
9425,78,83,-5,5
9426,111,101,10,10
9427,54,78,-24,24
9428,66,62,4,4
9429,110,103,7,7
9430,96,97,-1,1
9431,56,57,-1,1
9432,17,18,-1,1
9433,84,91,-7,7
9434,108,123,-15,15
9435,103,87,16,16
9436,102,102,0,0
9437,81,73,8,8
9438,125,124,1,1
9439,120,129,-9,9
9440,89,93,-4,4
9441,73,66,7,7
9442,110,111,-1,1
9443,86,83,3,3
9444,94,93,1,1
9445,76,71,5,5
9446,72,71,1,1
9447,41,45,-4,4
9448,129,122,7,7
9449,80,80,0,0
9450,92,87,5,5
9451,208,172,36,36
9452,170,160,10,10
9453,88,86,2,2
9454,43,42,1,1
9455,65,61,4,4
9456,52,53,-1,1
9457,44,50,-6,6
9458,96,102,-6,6
9459,165,162,3,3
9460,92,89,3,3
9461,104,92,12,12
9462,131,128,3,3
9463,73,74,-1,1
9464,131,121,10,10
9465,51,74,-23,23
9466,63,71,-8,8
9467,107,112,-5,5
9468,109,131,-22,22
9469,131,112,19,19
9470,96,91,5,5
9471,90,81,9,9
9472,60,71,-11,11
9473,106,115,-9,9
9474,101,81,20,20
9475,67,68,-1,1
9476,117,122,-5,5
9477,76,74,2,2
9478,78,70,8,8
9479,94,93,1,1
9480,95,99,-4,4
9481,78,65,13,13
9482,133,130,3,3
9483,41,47,-6,6
9484,105,89,16,16
9485,102,112,-10,10
9486,88,97,-9,9
9487,106,118,-12,12
9488,89,85,4,4
9489,98,120,-22,22
9490,128,123,5,5
9491,102,101,1,1
9492,132,140,-8,8
9493,101,103,-2,2
9494,144,140,4,4
9495,61,63,-2,2
9496,61,59,2,2
9497,114,124,-10,10
9498,125,118,7,7
9499,70,67,3,3
9500,83,84,-1,1
9501,147,146,1,1
9502,97,102,-5,5
9503,82,85,-3,3
9504,87,81,6,6
9505,94,87,7,7
9506,54,50,4,4
9507,71,80,-9,9
9508,105,105,0,0
9509,87,89,-2,2
9510,95,107,-12,12
9511,71,76,-5,5
9512,76,82,-6,6
9513,123,124,-1,1
9514,127,172,-45,45
9515,84,98,-14,14
9516,48,52,-4,4
9517,108,95,13,13
9518,157,131,26,26
9519,54,57,-3,3
9520,100,90,10,10
9521,118,117,1,1
9522,57,57,0,0
9523,137,128,9,9
9524,80,77,3,3
9525,48,37,11,11
9526,49,36,13,13
9527,94,95,-1,1
9528,101,92,9,9
9529,64,65,-1,1
9530,114,128,-14,14
9531,82,78,4,4
9532,62,62,0,0
9533,57,67,-10,10
9534,88,92,-4,4
9535,92,104,-12,12
9536,66,88,-22,22
9537,76,83,-7,7
9538,59,55,4,4
9539,89,91,-2,2
9540,63,67,-4,4
9541,51,48,3,3
9542,123,121,2,2
9543,88,93,-5,5
9544,59,67,-8,8
9545,66,66,0,0
9546,135,124,11,11
9547,54,59,-5,5
9548,24,24,0,0
9549,91,82,9,9
9550,166,161,5,5
9551,45,43,2,2
9552,95,91,4,4
9553,99,103,-4,4
9554,70,83,-13,13
9555,81,72,9,9
9556,97,67,30,30
9557,75,93,-18,18
9558,55,61,-6,6
9559,86,90,-4,4
9560,172,159,13,13
9561,65,76,-11,11
9562,174,165,9,9
9563,78,78,0,0
9564,81,87,-6,6
9565,68,68,0,0
9566,74,69,5,5
9567,46,48,-2,2
9568,119,129,-10,10
9569,48,51,-3,3
9570,112,116,-4,4
9571,135,145,-10,10
9572,91,81,10,10
9573,103,93,10,10
9574,95,120,-25,25
9575,91,74,17,17
9576,201,168,33,33
9577,89,88,1,1
9578,71,68,3,3
9579,198,176,22,22
9580,93,85,8,8
9581,82,81,1,1
9582,132,131,1,1
9583,79,92,-13,13
9584,60,64,-4,4
9585,72,85,-13,13
9586,107,117,-10,10
9587,112,119,-7,7
9588,99,98,1,1
9589,104,122,-18,18
9590,68,70,-2,2
9591,57,60,-3,3
9592,47,48,-1,1
9593,96,98,-2,2
9594,95,124,-29,29
9595,43,41,2,2
9596,116,105,11,11
9597,65,68,-3,3
9598,106,96,10,10
9599,117,135,-18,18
9600,96,96,0,0
9601,67,63,4,4
9602,100,94,6,6
9603,108,107,1,1
9604,103,103,0,0
9605,58,60,-2,2
9606,88,96,-8,8
9607,133,130,3,3
9608,161,151,10,10
9609,95,94,1,1
9610,99,90,9,9
9611,69,67,2,2
9612,112,106,6,6
9613,127,118,9,9
9614,66,68,-2,2
9615,116,122,-6,6
9616,105,118,-13,13
9617,100,94,6,6
9618,93,99,-6,6
9619,79,83,-4,4
9620,121,111,10,10
9621,86,94,-8,8
9622,88,86,2,2
9623,177,158,19,19
9624,67,59,8,8
9625,73,71,2,2
9626,105,97,8,8
9627,115,121,-6,6
9628,141,142,-1,1
9629,75,74,1,1
9630,58,62,-4,4
9631,86,96,-10,10
9632,137,143,-6,6
9633,113,112,1,1
9634,92,93,-1,1
9635,83,88,-5,5
9636,103,123,-20,20
9637,145,152,-7,7
9638,84,87,-3,3
9639,123,130,-7,7
9640,104,99,5,5
9641,61,61,0,0
9642,79,90,-11,11
9643,90,117,-27,27
9644,115,120,-5,5
9645,138,139,-1,1
9646,80,81,-1,1
9647,92,97,-5,5
9648,126,125,1,1
9649,62,46,16,16
9650,81,80,1,1
9651,88,94,-6,6
9652,90,101,-11,11
9653,70,72,-2,2
9654,113,116,-3,3
9655,81,87,-6,6
9656,70,88,-18,18
9657,87,88,-1,1
9658,62,72,-10,10
9659,54,51,3,3
9660,85,91,-6,6
9661,76,72,4,4
9662,44,48,-4,4
9663,106,94,12,12
9664,116,114,2,2
9665,114,115,-1,1
9666,156,152,4,4
9667,127,116,11,11
9668,61,63,-2,2
9669,57,60,-3,3
9670,128,129,-1,1
9671,90,84,6,6
9672,113,107,6,6
9673,81,81,0,0
9674,48,56,-8,8
9675,47,51,-4,4
9676,139,130,9,9
9677,154,149,5,5
9678,104,130,-26,26
9679,97,102,-5,5
9680,123,119,4,4
9681,68,63,5,5
9682,94,94,0,0
9683,77,84,-7,7
9684,45,45,0,0
9685,78,81,-3,3
9686,75,76,-1,1
9687,79,83,-4,4
9688,175,197,-22,22
9689,117,108,9,9
9690,108,102,6,6
9691,106,110,-4,4
9692,82,72,10,10
9693,112,108,4,4
9694,74,76,-2,2
9695,117,116,1,1
9696,94,99,-5,5
9697,226,203,23,23
9698,120,116,4,4
9699,40,39,1,1
9700,40,103,-63,63
9701,119,121,-2,2
9702,51,54,-3,3
9703,61,62,-1,1
9704,119,121,-2,2
9705,97,78,19,19
9706,70,82,-12,12
9707,101,89,12,12
9708,160,149,11,11
9709,88,84,4,4
9710,41,42,-1,1
9711,86,73,13,13
9712,76,80,-4,4
9713,66,75,-9,9
9714,110,114,-4,4
9715,120,119,1,1
9716,97,107,-10,10
9717,89,99,-10,10
9718,117,117,0,0
9719,59,64,-5,5
9720,145,137,8,8
9721,84,77,7,7
9722,78,88,-10,10
9723,65,62,3,3
9724,62,68,-6,6
9725,114,117,-3,3
9726,76,84,-8,8
9727,51,61,-10,10
9728,131,140,-9,9
9729,162,165,-3,3
9730,90,106,-16,16
9731,95,96,-1,1
9732,49,60,-11,11
9733,81,84,-3,3
9734,103,101,2,2
9735,136,145,-9,9
9736,116,116,0,0
9737,74,75,-1,1
9738,54,58,-4,4
9739,110,119,-9,9
9740,113,95,18,18
9741,142,119,23,23
9742,130,102,28,28
9743,156,141,15,15
9744,186,183,3,3
9745,70,70,0,0
9746,115,109,6,6
9747,149,134,15,15
9748,135,136,-1,1
9749,72,69,3,3
9750,143,139,4,4
9751,190,171,19,19
9752,117,132,-15,15
9753,124,123,1,1
9754,78,95,-17,17
9755,90,102,-12,12
9756,49,46,3,3
9757,52,59,-7,7
9758,48,57,-9,9
9759,69,67,2,2
9760,69,71,-2,2
9761,40,50,-10,10
9762,89,94,-5,5
9763,85,88,-3,3
9764,104,113,-9,9
9765,130,133,-3,3
9766,110,98,12,12
9767,136,120,16,16
9768,91,81,10,10
9769,83,85,-2,2
9770,50,51,-1,1
9771,104,105,-1,1
9772,83,76,7,7
9773,114,117,-3,3
9774,119,131,-12,12
9775,88,81,7,7
9776,68,102,-34,34
9777,84,101,-17,17
9778,93,80,13,13
9779,56,59,-3,3
9780,66,74,-8,8
9781,60,63,-3,3
9782,58,61,-3,3
9783,142,145,-3,3
9784,197,176,21,21
9785,53,56,-3,3
9786,86,78,8,8
9787,85,84,1,1
9788,153,139,14,14
9789,58,60,-2,2
9790,78,80,-2,2
9791,159,147,12,12
9792,129,121,8,8
9793,115,113,2,2
9794,64,64,0,0
9795,142,144,-2,2
9796,83,82,1,1
9797,171,170,1,1
9798,137,165,-28,28
9799,107,115,-8,8
9800,101,94,7,7
9801,75,61,14,14
9802,103,101,2,2
9803,80,81,-1,1
9804,51,62,-11,11
9805,92,90,2,2
9806,88,88,0,0
9807,96,99,-3,3
9808,140,126,14,14
9809,107,103,4,4
9810,59,65,-6,6
9811,128,108,20,20
9812,80,82,-2,2
9813,40,41,-1,1
9814,139,143,-4,4
9815,79,74,5,5
9816,89,90,-1,1
9817,127,130,-3,3
9818,132,121,11,11
9819,104,111,-7,7
9820,100,79,21,21
9821,76,70,6,6
9822,182,145,37,37
9823,43,34,9,9
9824,56,59,-3,3
9825,140,124,16,16
9826,98,99,-1,1
9827,66,79,-13,13
9828,52,40,12,12
9829,100,97,3,3
9830,131,122,9,9
9831,47,51,-4,4
9832,57,58,-1,1
9833,58,63,-5,5
9834,100,101,-1,1
9835,143,157,-14,14
9836,81,67,14,14
9837,130,87,43,43
9838,63,77,-14,14
9839,84,102,-18,18
9840,86,88,-2,2
9841,118,116,2,2
9842,109,100,9,9
9843,176,176,0,0
9844,68,75,-7,7
9845,102,105,-3,3
9846,65,63,2,2
9847,88,92,-4,4
9848,127,114,13,13
9849,56,54,2,2
9850,104,109,-5,5
9851,105,95,10,10
9852,84,86,-2,2
9853,27,67,-40,40
9854,95,107,-12,12
9855,77,80,-3,3
9856,192,184,8,8
9857,78,65,13,13
9858,122,126,-4,4
9859,80,94,-14,14
9860,94,85,9,9
9861,126,131,-5,5
9862,44,40,4,4
9863,73,84,-11,11
9864,104,89,15,15
9865,71,67,4,4
9866,65,82,-17,17
9867,96,87,9,9
9868,116,76,40,40
9869,103,104,-1,1
9870,129,126,3,3
9871,143,144,-1,1
9872,100,119,-19,19
9873,133,123,10,10
9874,64,64,0,0
9875,121,131,-10,10
9876,61,69,-8,8
9877,55,63,-8,8
9878,49,43,6,6
9879,86,89,-3,3
9880,85,82,3,3
9881,61,62,-1,1
9882,128,137,-9,9
9883,91,79,12,12
9884,99,89,10,10
9885,92,93,-1,1
9886,179,170,9,9
9887,114,103,11,11
9888,66,61,5,5
9889,78,84,-6,6
9890,69,70,-1,1
9891,121,122,-1,1
9892,85,77,8,8
9893,110,124,-14,14
9894,92,111,-19,19
9895,117,113,4,4
9896,174,163,11,11
9897,135,136,-1,1
9898,64,53,11,11
9899,75,73,2,2
9900,97,112,-15,15
9901,120,118,2,2
9902,102,109,-7,7
9903,91,83,8,8
9904,70,76,-6,6
9905,64,81,-17,17
9906,49,50,-1,1
9907,94,91,3,3
9908,71,81,-10,10
9909,136,159,-23,23
9910,68,73,-5,5
9911,122,117,5,5
9912,73,67,6,6
9913,114,115,-1,1
9914,98,98,0,0
9915,104,108,-4,4
9916,103,100,3,3
9917,108,105,3,3
9918,127,123,4,4
9919,130,140,-10,10
9920,95,98,-3,3
9921,89,85,4,4
9922,73,75,-2,2
9923,157,143,14,14
9924,103,96,7,7
9925,105,105,0,0
9926,112,100,12,12
9927,109,102,7,7
9928,79,66,13,13
9929,92,116,-24,24
9930,72,70,2,2
9931,48,51,-3,3
9932,98,89,9,9
9933,111,113,-2,2
9934,119,109,10,10
9935,139,127,12,12
9936,55,68,-13,13
9937,107,115,-8,8
9938,135,147,-12,12
9939,102,105,-3,3
9940,88,90,-2,2
9941,105,130,-25,25
9942,136,123,13,13
9943,82,86,-4,4
9944,67,72,-5,5
9945,123,122,1,1
9946,120,128,-8,8
9947,94,106,-12,12
9948,51,51,0,0
9949,95,88,7,7
9950,92,92,0,0
9951,154,163,-9,9
9952,76,92,-16,16
9953,59,56,3,3
9954,153,142,11,11
9955,66,79,-13,13
9956,96,102,-6,6
9957,131,133,-2,2
9958,81,76,5,5
9959,80,86,-6,6
9960,59,61,-2,2
9961,72,75,-3,3
9962,148,131,17,17
9963,123,144,-21,21
9964,72,54,18,18
9965,59,64,-5,5
9966,145,158,-13,13
9967,95,100,-5,5
9968,125,121,4,4
9969,79,81,-2,2
9970,79,85,-6,6
9971,68,74,-6,6
9972,135,143,-8,8
9973,96,100,-4,4
9974,64,65,-1,1
9975,62,55,7,7
9976,102,96,6,6
9977,141,147,-6,6
9978,82,76,6,6
9979,84,64,20,20
9980,85,90,-5,5
9981,77,80,-3,3
9982,107,103,4,4
9983,94,92,2,2
9984,84,77,7,7
9985,90,89,1,1
9986,127,120,7,7
9987,94,90,4,4
9988,142,175,-33,33
9989,88,99,-11,11
9990,104,102,2,2
9991,66,73,-7,7
9992,48,50,-2,2
9993,76,73,3,3
9994,105,115,-10,10
9995,62,56,6,6
9996,82,79,3,3
9997,123,129,-6,6
9998,88,96,-8,8
9999,68,60,8,8
10000,171,159,12,12
10001,134,128,6,6
10002,81,78,3,3
10003,66,63,3,3
10004,49,51,-2,2
10005,92,89,3,3
10006,121,122,-1,1
10007,133,132,1,1
10008,147,135,12,12
10009,81,84,-3,3
10010,69,73,-4,4
10011,83,84,-1,1
10012,88,85,3,3
10013,59,52,7,7
10014,91,97,-6,6
10015,153,163,-10,10
10016,114,114,0,0
10017,77,87,-10,10
10018,85,63,22,22
10019,80,75,5,5
10020,74,79,-5,5
10021,169,156,13,13
10022,108,113,-5,5
10023,121,127,-6,6
10024,83,90,-7,7
10025,56,52,4,4
10026,74,77,-3,3
10027,53,56,-3,3
10028,80,89,-9,9
10029,79,86,-7,7
10030,117,113,4,4
10031,174,162,12,12
10032,77,69,8,8
10033,114,103,11,11
10034,79,87,-8,8
10035,158,138,20,20
10036,80,83,-3,3
10037,90,120,-30,30
10038,111,111,0,0
10039,155,144,11,11
10040,55,62,-7,7
10041,74,79,-5,5
10042,62,68,-6,6
10043,138,136,2,2
10044,143,151,-8,8
10045,113,120,-7,7
10046,100,107,-7,7
10047,115,100,15,15
10048,49,50,-1,1
10049,139,150,-11,11
10050,114,122,-8,8
10051,125,120,5,5
10052,61,69,-8,8
10053,136,130,6,6
10054,77,83,-6,6
10055,211,188,23,23
10056,66,60,6,6
10057,111,106,5,5
10058,122,130,-8,8
10059,139,136,3,3
10060,121,118,3,3
10061,108,112,-4,4
10062,85,92,-7,7
10063,110,121,-11,11
10064,62,71,-9,9
10065,107,107,0,0
10066,49,46,3,3
10067,82,63,19,19
10068,92,90,2,2
10069,59,67,-8,8
10070,56,52,4,4
10071,105,94,11,11
10072,61,69,-8,8
10073,95,105,-10,10
10074,56,60,-4,4
10075,148,149,-1,1
10076,123,130,-7,7
10077,111,125,-14,14
10078,75,66,9,9
10079,139,150,-11,11
10080,68,73,-5,5
10081,90,87,3,3
10082,150,155,-5,5
10083,133,118,15,15
10084,49,54,-5,5
10085,62,68,-6,6
10086,111,109,2,2
10087,117,112,5,5
10088,151,157,-6,6
10089,100,103,-3,3
10090,42,50,-8,8
10091,78,84,-6,6
10092,48,49,-1,1
10093,118,109,9,9
10094,70,65,5,5
10095,117,127,-10,10
10096,61,77,-16,16
10097,94,97,-3,3
10098,78,77,1,1
10099,170,163,7,7
10100,68,66,2,2
10101,78,70,8,8
10102,47,49,-2,2
10103,130,116,14,14
10104,80,75,5,5
10105,70,78,-8,8
10106,49,59,-10,10
10107,117,116,1,1
10108,86,92,-6,6
10109,82,81,1,1
10110,54,49,5,5
10111,160,154,6,6
10112,78,92,-14,14
10113,82,83,-1,1
10114,59,58,1,1
10115,115,110,5,5
10116,86,94,-8,8
10117,119,117,2,2
10118,116,119,-3,3
10119,90,99,-9,9
10120,75,82,-7,7
10121,81,77,4,4
10122,87,82,5,5
10123,108,104,4,4
10124,50,55,-5,5
10125,53,51,2,2
10126,130,150,-20,20
10127,125,118,7,7
10128,118,111,7,7
10129,112,118,-6,6
10130,62,65,-3,3
10131,105,103,2,2
10132,90,93,-3,3
10133,143,148,-5,5
10134,58,63,-5,5
10135,64,71,-7,7
10136,108,101,7,7
10137,98,79,19,19
10138,136,135,1,1
10139,101,112,-11,11
10140,85,86,-1,1
10141,92,94,-2,2
10142,144,139,5,5
10143,80,84,-4,4
10144,110,99,11,11
10145,66,64,2,2
10146,73,72,1,1
10147,59,57,2,2
10148,88,91,-3,3
10149,74,78,-4,4
10150,61,61,0,0
10151,125,112,13,13
10152,55,54,1,1
10153,115,122,-7,7
10154,58,65,-7,7
10155,76,82,-6,6
10156,137,145,-8,8
10157,81,80,1,1
10158,116,118,-2,2
10159,81,80,1,1
10160,94,96,-2,2
10161,78,99,-21,21
10162,80,74,6,6
10163,99,94,5,5
10164,118,117,1,1
10165,137,131,6,6
10166,98,104,-6,6
10167,71,64,7,7
10168,83,83,0,0
10169,132,141,-9,9
10170,69,69,0,0
10171,119,109,10,10
10172,101,121,-20,20
10173,92,93,-1,1
10174,74,73,1,1
10175,95,101,-6,6
10176,67,71,-4,4
10177,50,56,-6,6
10178,106,94,12,12
10179,102,98,4,4
10180,359,312,47,47
10181,58,62,-4,4
10182,94,90,4,4
10183,90,78,12,12
10184,88,86,2,2
10185,105,97,8,8
10186,75,74,1,1
10187,89,88,1,1
10188,86,82,4,4
10189,133,128,5,5
10190,35,33,2,2
10191,88,82,6,6
10192,177,159,18,18
10193,100,101,-1,1
10194,65,65,0,0
10195,104,101,3,3
10196,67,63,4,4
10197,86,87,-1,1
10198,123,115,8,8
10199,108,110,-2,2
10200,84,88,-4,4
10201,54,55,-1,1
10202,95,97,-2,2
10203,86,93,-7,7
10204,70,78,-8,8
10205,84,76,8,8
10206,107,102,5,5
10207,45,48,-3,3
10208,85,89,-4,4
10209,79,83,-4,4
10210,125,123,2,2
10211,92,95,-3,3
10212,74,78,-4,4
10213,139,139,0,0
10214,84,80,4,4
10215,103,106,-3,3
10216,60,73,-13,13
10217,78,81,-3,3
10218,69,39,30,30
10219,131,135,-4,4
10220,102,99,3,3
10221,69,73,-4,4
10222,58,64,-6,6
10223,43,50,-7,7
10224,29,22,7,7
10225,86,87,-1,1
10226,114,117,-3,3
10227,38,41,-3,3
10228,113,116,-3,3
10229,74,87,-13,13
10230,67,67,0,0
10231,221,207,14,14
10232,103,101,2,2
10233,224,206,18,18
10234,82,100,-18,18
10235,104,101,3,3
10236,115,116,-1,1
10237,70,90,-20,20
10238,92,95,-3,3
10239,118,115,3,3
10240,159,134,25,25
10241,124,121,3,3
10242,165,134,31,31
10243,118,116,2,2
10244,79,75,4,4
10245,113,109,4,4
10246,61,58,3,3
10247,112,113,-1,1
10248,68,71,-3,3
10249,71,78,-7,7
10250,127,113,14,14
10251,82,84,-2,2
10252,63,71,-8,8
10253,189,193,-4,4
10254,73,75,-2,2
10255,76,68,8,8
10256,99,109,-10,10
10257,131,134,-3,3
10258,88,82,6,6
10259,61,66,-5,5
10260,135,133,2,2
10261,52,60,-8,8
10262,114,115,-1,1
10263,82,83,-1,1
10264,106,108,-2,2
10265,102,130,-28,28
10266,105,116,-11,11
10267,77,85,-8,8
10268,66,62,4,4
10269,129,123,6,6
10270,73,75,-2,2
10271,77,78,-1,1
10272,70,72,-2,2
10273,40,34,6,6
10274,55,70,-15,15
10275,130,130,0,0
10276,168,152,16,16
10277,76,60,16,16
10278,136,131,5,5
10279,104,108,-4,4
10280,52,58,-6,6
10281,151,145,6,6
10282,74,80,-6,6
10283,60,71,-11,11
10284,90,94,-4,4
10285,81,82,-1,1
10286,118,122,-4,4
10287,96,96,0,0
10288,96,86,10,10
10289,151,151,0,0
10290,125,121,4,4
10291,73,68,5,5
10292,107,105,2,2
10293,113,112,1,1
10294,118,121,-3,3
10295,71,82,-11,11
10296,68,70,-2,2
10297,65,72,-7,7
10298,48,49,-1,1
10299,73,77,-4,4
10300,86,114,-28,28
10301,45,45,0,0
10302,87,88,-1,1
10303,113,110,3,3
10304,137,132,5,5
10305,114,120,-6,6
10306,61,64,-3,3
10307,106,96,10,10
10308,128,136,-8,8
10309,111,116,-5,5
10310,100,101,-1,1
10311,100,108,-8,8
10312,133,145,-12,12
10313,96,97,-1,1
10314,133,135,-2,2
10315,130,134,-4,4
10316,78,82,-4,4
10317,130,114,16,16
10318,110,132,-22,22
10319,75,80,-5,5
10320,144,149,-5,5
10321,81,89,-8,8
10322,63,69,-6,6
10323,122,128,-6,6
10324,119,140,-21,21
10325,99,117,-18,18
10326,111,114,-3,3
10327,143,142,1,1
10328,104,120,-16,16
10329,93,86,7,7
10330,72,82,-10,10
10331,79,74,5,5
10332,128,144,-16,16
10333,99,96,3,3
10334,76,81,-5,5
10335,100,104,-4,4
10336,70,70,0,0
10337,148,151,-3,3
10338,68,67,1,1
10339,100,113,-13,13
10340,74,94,-20,20
10341,86,75,11,11
10342,93,84,9,9
10343,138,130,8,8
10344,149,153,-4,4
10345,65,59,6,6
10346,89,92,-3,3
10347,117,65,52,52
10348,98,96,2,2
10349,127,132,-5,5
10350,106,107,-1,1
10351,68,72,-4,4
10352,160,147,13,13
10353,83,92,-9,9
10354,129,108,21,21
10355,117,111,6,6
10356,74,85,-11,11
10357,101,106,-5,5
10358,113,123,-10,10
10359,121,124,-3,3
10360,122,130,-8,8
10361,117,112,5,5
10362,131,149,-18,18
10363,68,67,1,1
10364,86,96,-10,10
10365,97,92,5,5
10366,125,118,7,7
10367,65,76,-11,11
10368,49,46,3,3
10369,81,84,-3,3
10370,103,105,-2,2
10371,110,106,4,4
10372,86,100,-14,14
10373,103,99,4,4
10374,103,108,-5,5
10375,59,58,1,1
10376,119,103,16,16
10377,40,32,8,8
10378,102,100,2,2
10379,120,112,8,8
10380,103,111,-8,8
10381,101,101,0,0
10382,106,105,1,1
10383,110,118,-8,8
10384,82,78,4,4
10385,88,86,2,2
10386,174,172,2,2
10387,99,89,10,10
10388,66,69,-3,3
10389,105,114,-9,9
10390,59,64,-5,5
10391,128,114,14,14
10392,53,62,-9,9
10393,123,126,-3,3
10394,88,103,-15,15
10395,80,83,-3,3
10396,72,88,-16,16
10397,73,78,-5,5
10398,60,56,4,4
10399,88,89,-1,1
10400,82,78,4,4
10401,156,145,11,11
10402,163,147,16,16
10403,73,70,3,3
10404,105,99,6,6
10405,137,124,13,13
10406,74,79,-5,5
10407,85,81,4,4
10408,71,80,-9,9
10409,56,66,-10,10
10410,95,93,2,2
10411,48,49,-1,1
10412,113,114,-1,1
10413,96,96,0,0
10414,111,106,5,5
10415,80,120,-40,40
10416,44,35,9,9
10417,73,71,2,2
10418,132,115,17,17
10419,100,91,9,9
10420,126,124,2,2
10421,77,87,-10,10
10422,81,94,-13,13
10423,68,60,8,8
10424,73,85,-12,12
10425,100,101,-1,1
10426,98,93,5,5
10427,60,61,-1,1
10428,110,108,2,2
10429,102,100,2,2
10430,75,77,-2,2
10431,138,138,0,0
10432,81,68,13,13
10433,108,120,-12,12
10434,148,135,13,13
10435,59,56,3,3
10436,88,95,-7,7
10437,104,92,12,12
10438,72,67,5,5
10439,82,82,0,0
10440,93,100,-7,7
10441,93,89,4,4
10442,160,152,8,8
10443,129,137,-8,8
10444,113,120,-7,7
10445,116,101,15,15
10446,119,109,10,10
10447,86,83,3,3
10448,44,33,11,11
10449,76,69,7,7
10450,61,61,0,0
10451,80,87,-7,7
10452,99,91,8,8
10453,87,96,-9,9
10454,117,119,-2,2
10455,50,72,-22,22
10456,150,136,14,14
10457,123,114,9,9
10458,100,62,38,38
10459,147,140,7,7
10460,185,177,8,8
10461,59,57,2,2
10462,81,71,10,10
10463,61,72,-11,11
10464,126,122,4,4
10465,82,84,-2,2
10466,100,96,4,4
10467,81,80,1,1
10468,39,27,12,12
10469,77,78,-1,1
10470,51,45,6,6
10471,98,111,-13,13
10472,133,147,-14,14
10473,80,81,-1,1
10474,151,136,15,15
10475,88,84,4,4
10476,55,54,1,1
10477,72,80,-8,8
10478,75,95,-20,20
10479,77,66,11,11
10480,81,69,12,12
10481,144,136,8,8
10482,121,105,16,16
10483,57,56,1,1
10484,69,61,8,8
10485,99,105,-6,6
10486,64,74,-10,10
10487,130,110,20,20
10488,106,107,-1,1
10489,72,74,-2,2
10490,67,73,-6,6
10491,68,66,2,2
10492,79,85,-6,6
10493,81,87,-6,6
10494,69,68,1,1
10495,67,68,-1,1
10496,73,76,-3,3
10497,39,39,0,0
10498,112,128,-16,16
10499,71,73,-2,2
10500,132,125,7,7
10501,133,128,5,5
10502,95,96,-1,1
10503,112,112,0,0
10504,112,97,15,15
10505,99,123,-24,24
10506,71,79,-8,8
10507,127,147,-20,20
10508,89,96,-7,7
10509,87,92,-5,5
10510,124,119,5,5
10511,66,71,-5,5
10512,92,99,-7,7
10513,80,77,3,3
10514,94,96,-2,2
10515,146,153,-7,7
10516,139,136,3,3
10517,136,135,1,1
10518,63,61,2,2
10519,54,51,3,3
10520,171,154,17,17
10521,91,80,11,11
10522,170,156,14,14
10523,147,134,13,13
10524,70,66,4,4
10525,140,150,-10,10
10526,117,118,-1,1
10527,72,71,1,1
10528,132,141,-9,9
10529,63,60,3,3
10530,102,107,-5,5
10531,81,86,-5,5
10532,90,86,4,4
10533,87,77,10,10
10534,127,125,2,2
10535,56,45,11,11
10536,44,49,-5,5
10537,122,122,0,0
10538,111,108,3,3
10539,66,76,-10,10
10540,110,113,-3,3
10541,101,109,-8,8
10542,119,131,-12,12
10543,75,84,-9,9
10544,65,72,-7,7
10545,55,55,0,0
10546,76,85,-9,9
10547,70,76,-6,6
10548,157,191,-34,34
10549,27,22,5,5
10550,83,78,5,5
10551,125,127,-2,2
10552,95,99,-4,4
10553,86,81,5,5
10554,116,117,-1,1
10555,66,61,5,5
10556,144,157,-13,13
10557,96,105,-9,9
10558,94,101,-7,7
10559,37,41,-4,4
10560,195,171,24,24
10561,108,126,-18,18
10562,130,124,6,6
10563,78,79,-1,1
10564,57,57,0,0
10565,72,64,8,8
10566,57,71,-14,14
10567,90,104,-14,14
10568,67,58,9,9
10569,157,155,2,2
10570,57,65,-8,8
10571,94,99,-5,5
10572,69,73,-4,4
10573,86,91,-5,5
10574,58,61,-3,3
10575,105,98,7,7
10576,74,70,4,4
10577,116,112,4,4
10578,78,79,-1,1
10579,115,104,11,11
10580,64,61,3,3
10581,127,119,8,8
10582,77,75,2,2
10583,99,92,7,7
10584,68,70,-2,2
10585,101,112,-11,11
10586,88,89,-1,1
10587,121,126,-5,5
10588,100,100,0,0
10589,87,70,17,17
10590,80,70,10,10
10591,43,42,1,1
10592,103,114,-11,11
10593,149,142,7,7
10594,67,71,-4,4
10595,110,115,-5,5
10596,127,128,-1,1
10597,55,57,-2,2
10598,133,127,6,6
10599,82,88,-6,6
10600,45,40,5,5
10601,59,62,-3,3
10602,120,124,-4,4
10603,103,117,-14,14
10604,145,150,-5,5
10605,119,122,-3,3
10606,75,83,-8,8
10607,74,74,0,0
10608,109,114,-5,5
10609,148,153,-5,5
10610,80,79,1,1
10611,68,68,0,0
10612,116,119,-3,3
10613,114,104,10,10
10614,100,105,-5,5
10615,72,78,-6,6
10616,119,132,-13,13
10617,96,87,9,9
10618,58,60,-2,2
10619,132,139,-7,7
10620,169,160,9,9
10621,70,72,-2,2
10622,90,85,5,5
10623,93,90,3,3
10624,107,125,-18,18
10625,124,121,3,3
10626,43,48,-5,5
10627,102,99,3,3
10628,107,107,0,0
10629,61,62,-1,1
10630,62,59,3,3
10631,72,67,5,5
10632,129,118,11,11
10633,74,78,-4,4
10634,81,74,7,7
10635,107,96,11,11
10636,79,78,1,1
10637,43,40,3,3
10638,72,72,0,0
10639,102,86,16,16
10640,93,95,-2,2
10641,90,91,-1,1
10642,66,61,5,5
10643,125,128,-3,3
10644,73,73,0,0
10645,78,75,3,3
10646,49,49,0,0
10647,81,73,8,8
10648,74,85,-11,11
10649,78,83,-5,5
10650,82,81,1,1
10651,92,117,-25,25
10652,110,73,37,37
10653,96,89,7,7
10654,83,89,-6,6
10655,143,139,4,4
10656,88,79,9,9
10657,111,116,-5,5
10658,54,55,-1,1
10659,66,72,-6,6
10660,68,82,-14,14
10661,57,63,-6,6
10662,169,137,32,32
10663,63,69,-6,6
10664,131,159,-28,28
10665,102,102,0,0
10666,47,50,-3,3
10667,58,64,-6,6
10668,127,128,-1,1
10669,100,103,-3,3
10670,109,117,-8,8
10671,109,106,3,3
10672,92,85,7,7
10673,93,78,15,15
10674,64,65,-1,1
10675,95,99,-4,4
10676,97,87,10,10
10677,87,91,-4,4
10678,65,73,-8,8
10679,84,89,-5,5
10680,140,117,23,23
10681,88,87,1,1
10682,56,54,2,2
10683,131,133,-2,2
10684,107,100,7,7
10685,93,88,5,5
10686,125,122,3,3
10687,204,178,26,26
10688,128,116,12,12
10689,80,83,-3,3
10690,161,168,-7,7
10691,114,116,-2,2
10692,96,77,19,19
10693,79,84,-5,5
10694,60,63,-3,3
10695,176,161,15,15
10696,41,40,1,1
10697,50,57,-7,7
10698,45,45,0,0
10699,168,134,34,34
10700,65,67,-2,2
10701,57,47,10,10
10702,98,101,-3,3
10703,77,77,0,0
10704,84,87,-3,3
10705,76,74,2,2
10706,75,86,-11,11
10707,93,98,-5,5
10708,71,110,-39,39
10709,87,82,5,5
10710,65,74,-9,9
10711,130,117,13,13
10712,74,66,8,8
10713,34,36,-2,2
10714,129,115,14,14
10715,114,122,-8,8
10716,70,69,1,1
10717,50,62,-12,12
10718,93,87,6,6
10719,55,45,10,10
10720,94,81,13,13
10721,46,31,15,15
10722,50,48,2,2
10723,104,99,5,5
10724,118,126,-8,8
10725,102,102,0,0
10726,84,89,-5,5
10727,165,173,-8,8
10728,97,102,-5,5
10729,92,100,-8,8
10730,89,79,10,10
10731,76,79,-3,3
10732,75,96,-21,21
10733,142,140,2,2
10734,96,99,-3,3
10735,145,151,-6,6
10736,87,89,-2,2
10737,64,58,6,6
10738,48,54,-6,6
10739,94,91,3,3
10740,69,64,5,5
10741,66,63,3,3
10742,131,119,12,12
10743,98,90,8,8
10744,94,102,-8,8
10745,65,69,-4,4
10746,89,101,-12,12
10747,128,120,8,8
10748,144,146,-2,2
10749,53,57,-4,4
10750,108,114,-6,6
10751,29,25,4,4
10752,58,56,2,2
10753,94,106,-12,12
10754,74,70,4,4
10755,133,139,-6,6
10756,75,75,0,0
10757,87,78,9,9
10758,133,125,8,8
10759,74,45,29,29
10760,80,82,-2,2
10761,52,48,4,4
10762,116,116,0,0
10763,158,148,10,10
10764,224,199,25,25
10765,97,102,-5,5
10766,128,124,4,4
10767,102,106,-4,4
10768,114,105,9,9
10769,41,49,-8,8
10770,86,88,-2,2
10771,42,49,-7,7
10772,111,114,-3,3
10773,142,150,-8,8
10774,68,75,-7,7
10775,65,70,-5,5
10776,116,126,-10,10
10777,91,87,4,4
10778,157,156,1,1
10779,140,137,3,3
10780,126,123,3,3
10781,77,77,0,0
10782,86,92,-6,6
10783,102,102,0,0
10784,95,93,2,2
10785,64,64,0,0
10786,103,120,-17,17
10787,55,58,-3,3
10788,77,74,3,3
10789,160,140,20,20
10790,58,61,-3,3
10791,191,204,-13,13
10792,121,121,0,0
10793,77,69,8,8
10794,161,135,26,26
10795,65,59,6,6
10796,80,100,-20,20
10797,77,84,-7,7
10798,67,70,-3,3
10799,51,47,4,4
10800,76,79,-3,3
10801,155,138,17,17
10802,96,86,10,10
10803,65,63,2,2
10804,98,95,3,3
10805,101,99,2,2
10806,49,31,18,18
10807,112,92,20,20
10808,81,62,19,19
10809,49,56,-7,7
10810,65,62,3,3
10811,90,84,6,6
10812,126,116,10,10
10813,48,43,5,5
10814,120,105,15,15
10815,55,55,0,0
10816,75,88,-13,13
10817,83,96,-13,13
10818,135,117,18,18
10819,131,136,-5,5
10820,117,122,-5,5
10821,88,82,6,6
10822,92,92,0,0
10823,90,101,-11,11
10824,98,108,-10,10
10825,101,96,5,5
10826,138,133,5,5
10827,84,88,-4,4
10828,104,105,-1,1
10829,98,111,-13,13
10830,87,93,-6,6
10831,102,105,-3,3
10832,81,85,-4,4
10833,75,76,-1,1
10834,145,132,13,13
10835,114,112,2,2
10836,63,68,-5,5
10837,51,52,-1,1
10838,109,111,-2,2
10839,69,65,4,4
10840,87,102,-15,15
10841,72,66,6,6
10842,114,112,2,2
10843,96,87,9,9
10844,140,155,-15,15
10845,171,155,16,16
10846,97,95,2,2
10847,77,74,3,3
10848,125,108,17,17
10849,75,67,8,8
10850,98,108,-10,10
10851,118,116,2,2
10852,120,117,3,3
10853,69,63,6,6
10854,57,46,11,11
10855,129,118,11,11
10856,127,130,-3,3
10857,81,83,-2,2
10858,102,98,4,4
10859,154,143,11,11
10860,116,114,2,2
10861,47,52,-5,5
10862,124,122,2,2
10863,124,121,3,3
10864,138,116,22,22
10865,82,84,-2,2
10866,120,115,5,5
10867,114,107,7,7
10868,90,103,-13,13
10869,88,86,2,2
10870,53,51,2,2
10871,84,77,7,7
10872,80,80,0,0
10873,147,139,8,8
10874,79,90,-11,11
10875,115,113,2,2
10876,80,81,-1,1
10877,117,113,4,4
10878,123,127,-4,4
10879,54,54,0,0
10880,93,95,-2,2
10881,145,140,5,5
10882,128,137,-9,9
10883,73,76,-3,3
10884,51,50,1,1
10885,65,66,-1,1
10886,102,124,-22,22
10887,95,115,-20,20
10888,58,63,-5,5
10889,49,59,-10,10
10890,113,123,-10,10
10891,121,126,-5,5
10892,148,143,5,5
10893,139,144,-5,5
10894,96,116,-20,20
10895,143,133,10,10
10896,92,107,-15,15
10897,78,77,1,1
10898,11,17,-6,6
10899,66,66,0,0
10900,79,79,0,0
10901,70,62,8,8
10902,67,70,-3,3
10903,77,80,-3,3
10904,144,147,-3,3
10905,84,94,-10,10
10906,50,49,1,1
10907,79,78,1,1
10908,90,107,-17,17
10909,62,59,3,3
10910,134,140,-6,6
10911,110,114,-4,4
10912,78,90,-12,12
10913,142,133,9,9
10914,79,86,-7,7
10915,143,138,5,5
10916,80,90,-10,10
10917,37,31,6,6
10918,70,65,5,5
10919,96,97,-1,1
10920,135,144,-9,9
10921,76,70,6,6
10922,181,167,14,14
10923,105,107,-2,2
10924,49,49,0,0
10925,65,74,-9,9
10926,139,135,4,4
10927,38,38,0,0
10928,83,94,-11,11
10929,56,58,-2,2
10930,120,107,13,13
10931,109,112,-3,3
10932,160,151,9,9
10933,117,127,-10,10
10934,92,99,-7,7
10935,99,98,1,1
10936,114,114,0,0
10937,70,65,5,5
10938,93,96,-3,3
10939,112,99,13,13
10940,118,110,8,8
10941,72,69,3,3
10942,51,55,-4,4
10943,119,101,18,18
10944,85,81,4,4
10945,101,96,5,5
10946,78,85,-7,7
10947,75,77,-2,2
10948,69,82,-13,13
10949,120,114,6,6
10950,72,68,4,4
10951,64,78,-14,14
10952,80,77,3,3
10953,80,101,-21,21
10954,75,76,-1,1
10955,76,73,3,3
10956,157,145,12,12
10957,80,95,-15,15
10958,117,115,2,2
10959,103,94,9,9
10960,129,111,18,18
10961,139,134,5,5
10962,98,93,5,5
10963,87,60,27,27
10964,165,147,18,18
10965,73,71,2,2
10966,137,135,2,2
10967,150,156,-6,6
10968,74,83,-9,9
10969,157,149,8,8
10970,82,102,-20,20
10971,74,66,8,8
10972,37,46,-9,9
10973,95,91,4,4
10974,104,90,14,14
10975,124,124,0,0
10976,37,29,8,8
10977,80,106,-26,26
10978,80,91,-11,11
10979,88,81,7,7
10980,147,127,20,20
10981,65,70,-5,5
10982,101,102,-1,1
10983,93,92,1,1
10984,71,67,4,4
10985,64,59,5,5
10986,71,72,-1,1
10987,60,73,-13,13
10988,64,79,-15,15
10989,55,53,2,2
10990,48,75,-27,27
10991,141,130,11,11
10992,95,96,-1,1
10993,58,63,-5,5
10994,95,94,1,1
10995,71,78,-7,7
10996,89,90,-1,1
10997,125,125,0,0
10998,170,172,-2,2
10999,153,159,-6,6
11000,84,87,-3,3
11001,137,138,-1,1
11002,81,76,5,5
11003,77,82,-5,5
11004,75,81,-6,6
11005,110,112,-2,2
11006,53,54,-1,1
11007,92,91,1,1
11008,105,114,-9,9
11009,55,62,-7,7
11010,85,103,-18,18
11011,141,127,14,14
11012,126,126,0,0
11013,82,89,-7,7
11014,124,121,3,3
11015,76,96,-20,20
11016,126,110,16,16
11017,56,57,-1,1
11018,65,66,-1,1
11019,91,107,-16,16
11020,65,80,-15,15
11021,84,90,-6,6
11022,95,101,-6,6
11023,109,100,9,9
11024,74,72,2,2
11025,60,54,6,6
11026,65,68,-3,3
11027,77,80,-3,3
11028,79,79,0,0
11029,65,61,4,4
11030,110,115,-5,5
11031,116,127,-11,11
11032,67,69,-2,2
11033,83,84,-1,1
11034,120,112,8,8
11035,157,133,24,24
11036,123,124,-1,1
11037,80,76,4,4
11038,99,111,-12,12
11039,88,81,7,7
11040,67,84,-17,17
11041,134,130,4,4
11042,76,74,2,2
11043,96,116,-20,20
11044,83,90,-7,7
11045,57,62,-5,5
11046,93,90,3,3
11047,60,61,-1,1
11048,85,86,-1,1
11049,62,70,-8,8
11050,110,115,-5,5
11051,108,118,-10,10
11052,66,67,-1,1
11053,67,82,-15,15
11054,71,66,5,5
11055,79,79,0,0
11056,145,149,-4,4
11057,62,71,-9,9
11058,60,74,-14,14
11059,126,127,-1,1
11060,120,126,-6,6
11061,67,69,-2,2
11062,96,95,1,1
11063,54,53,1,1
11064,66,59,7,7
11065,101,100,1,1
11066,83,76,7,7
11067,120,114,6,6
11068,186,178,8,8
11069,72,72,0,0
11070,91,79,12,12
11071,158,143,15,15
11072,67,76,-9,9
11073,118,98,20,20
11074,63,66,-3,3
11075,105,101,4,4
11076,124,120,4,4
11077,108,89,19,19
11078,121,120,1,1
11079,39,41,-2,2
11080,90,91,-1,1
11081,218,229,-11,11
11082,71,87,-16,16
11083,81,87,-6,6
11084,61,56,5,5
11085,86,76,10,10
11086,59,54,5,5
11087,168,163,5,5
11088,86,98,-12,12
11089,104,116,-12,12
11090,89,93,-4,4
11091,80,81,-1,1
11092,81,72,9,9
11093,87,77,10,10
11094,119,104,15,15
11095,136,126,10,10
11096,113,110,3,3
11097,68,85,-17,17
11098,86,82,4,4
11099,103,105,-2,2
11100,72,79,-7,7
11101,142,137,5,5
11102,172,189,-17,17
11103,166,165,1,1
11104,96,109,-13,13
11105,106,108,-2,2
11106,125,121,4,4
11107,125,124,1,1
11108,75,108,-33,33
11109,94,84,10,10
11110,103,101,2,2
11111,58,58,0,0
11112,81,78,3,3
11113,133,133,0,0
11114,122,122,0,0
11115,99,108,-9,9
11116,67,69,-2,2
11117,126,116,10,10
11118,91,91,0,0
11119,73,77,-4,4
11120,89,93,-4,4
11121,124,145,-21,21
11122,68,62,6,6
11123,126,120,6,6
11124,76,82,-6,6
11125,167,142,25,25
11126,36,36,0,0
11127,137,142,-5,5
11128,93,95,-2,2
11129,115,118,-3,3
11130,125,116,9,9
11131,79,77,2,2
11132,59,56,3,3
11133,90,93,-3,3
11134,73,73,0,0
11135,74,71,3,3
11136,111,109,2,2
11137,129,117,12,12
11138,80,79,1,1
11139,97,98,-1,1
11140,83,83,0,0
11141,129,123,6,6
11142,120,119,1,1
11143,93,85,8,8
11144,95,111,-16,16
11145,101,88,13,13
11146,93,95,-2,2
11147,112,124,-12,12
11148,103,98,5,5
11149,60,72,-12,12
11150,95,108,-13,13
11151,62,74,-12,12
11152,69,68,1,1
11153,83,99,-16,16
11154,53,49,4,4
11155,98,86,12,12
11156,101,111,-10,10
11157,73,92,-19,19
11158,94,101,-7,7
11159,55,60,-5,5
11160,93,114,-21,21
11161,70,71,-1,1
11162,102,109,-7,7
11163,75,72,3,3
11164,77,70,7,7
11165,96,95,1,1
11166,93,104,-11,11
11167,78,85,-7,7
11168,155,140,15,15
11169,94,94,0,0
11170,66,67,-1,1
11171,71,94,-23,23
11172,96,84,12,12
11173,143,140,3,3
11174,60,56,4,4
11175,79,86,-7,7
11176,93,90,3,3
11177,126,123,3,3
11178,128,122,6,6
11179,103,92,11,11
11180,95,94,1,1
11181,86,103,-17,17
11182,95,86,9,9
11183,68,67,1,1
11184,102,104,-2,2
11185,74,76,-2,2
11186,94,122,-28,28
11187,83,64,19,19
11188,107,105,2,2
11189,65,49,16,16
11190,66,76,-10,10
11191,113,117,-4,4
11192,164,142,22,22
11193,60,67,-7,7
11194,139,150,-11,11
11195,96,96,0,0
11196,87,77,10,10
11197,113,115,-2,2
11198,180,176,4,4
11199,106,103,3,3
11200,73,76,-3,3
11201,121,131,-10,10
11202,125,119,6,6
11203,62,73,-11,11
11204,56,50,6,6
11205,81,90,-9,9
11206,103,106,-3,3
11207,107,104,3,3
11208,70,63,7,7
11209,107,105,2,2
11210,167,218,-51,51
11211,72,63,9,9
11212,123,109,14,14
11213,178,180,-2,2
11214,142,148,-6,6
11215,138,132,6,6
11216,148,135,13,13
11217,141,140,1,1
11218,119,133,-14,14
11219,67,58,9,9
11220,126,144,-18,18
11221,35,76,-41,41
11222,86,89,-3,3
11223,82,89,-7,7
11224,135,164,-29,29
11225,111,103,8,8
11226,145,137,8,8
11227,99,88,11,11
11228,69,78,-9,9
11229,81,98,-17,17
11230,58,56,2,2
11231,58,66,-8,8
11232,141,130,11,11
11233,75,85,-10,10
11234,108,131,-23,23
11235,128,136,-8,8
11236,87,104,-17,17
11237,90,93,-3,3
11238,133,130,3,3
11239,73,69,4,4
11240,63,64,-1,1
11241,73,74,-1,1
11242,136,143,-7,7
11243,105,101,4,4
11244,60,67,-7,7
11245,102,97,5,5
11246,100,103,-3,3
11247,57,59,-2,2
11248,71,52,19,19
11249,76,75,1,1
11250,58,59,-1,1
11251,204,193,11,11
11252,96,90,6,6
11253,113,105,8,8
11254,114,104,10,10
11255,138,130,8,8
11256,79,86,-7,7
11257,142,147,-5,5
11258,109,106,3,3
11259,141,141,0,0
11260,73,67,6,6
11261,89,71,18,18
11262,85,85,0,0
11263,159,147,12,12
11264,107,107,0,0
11265,68,74,-6,6
11266,79,81,-2,2
11267,109,112,-3,3
11268,78,74,4,4
11269,61,70,-9,9
11270,102,109,-7,7
11271,140,130,10,10
11272,156,147,9,9
11273,155,155,0,0
11274,118,110,8,8
11275,85,77,8,8
11276,162,148,14,14
11277,105,104,1,1
11278,100,100,0,0
11279,102,100,2,2
11280,130,120,10,10
11281,55,59,-4,4
11282,69,78,-9,9
11283,89,82,7,7
11284,39,46,-7,7
11285,139,140,-1,1
11286,94,89,5,5
11287,79,78,1,1
11288,171,156,15,15
11289,139,135,4,4
11290,85,96,-11,11
11291,86,84,2,2
11292,114,108,6,6
11293,134,130,4,4
11294,51,41,10,10
11295,47,45,2,2
11296,56,64,-8,8
11297,72,75,-3,3
11298,96,106,-10,10
11299,143,150,-7,7
11300,115,99,16,16
11301,99,111,-12,12
11302,91,100,-9,9
11303,85,98,-13,13
11304,151,133,18,18
11305,42,53,-11,11
11306,125,124,1,1
11307,41,61,-20,20
11308,137,123,14,14
11309,100,90,10,10
11310,143,122,21,21
11311,174,167,7,7
11312,81,80,1,1
11313,106,111,-5,5
11314,150,136,14,14
11315,66,70,-4,4
11316,119,116,3,3
11317,133,120,13,13
11318,58,58,0,0
11319,90,100,-10,10
11320,111,118,-7,7
11321,157,159,-2,2
11322,106,107,-1,1
11323,121,114,7,7
11324,61,64,-3,3
11325,111,125,-14,14
11326,88,93,-5,5
11327,81,82,-1,1
11328,93,96,-3,3
11329,77,79,-2,2
11330,163,136,27,27
11331,104,110,-6,6
11332,76,71,5,5
11333,52,54,-2,2
11334,87,103,-16,16
11335,104,98,6,6
11336,62,60,2,2
11337,112,119,-7,7
11338,76,83,-7,7
11339,129,128,1,1
11340,106,123,-17,17
11341,63,66,-3,3
11342,87,91,-4,4
11343,106,121,-15,15
11344,86,74,12,12
11345,88,71,17,17
11346,89,93,-4,4
11347,71,81,-10,10
11348,116,106,10,10
11349,55,53,2,2
11350,83,92,-9,9
11351,64,68,-4,4
11352,71,68,3,3
11353,128,122,6,6
11354,57,58,-1,1
11355,127,125,2,2
11356,47,41,6,6
11357,94,86,8,8
11358,60,56,4,4
11359,60,65,-5,5
11360,55,58,-3,3
11361,97,102,-5,5
11362,82,92,-10,10
11363,109,110,-1,1
11364,111,106,5,5
11365,61,58,3,3
11366,70,73,-3,3
11367,79,78,1,1
11368,107,107,0,0
11369,89,89,0,0
11370,60,56,4,4
11371,147,152,-5,5
11372,83,83,0,0
11373,104,104,0,0
11374,134,139,-5,5
11375,88,90,-2,2
11376,35,37,-2,2
11377,117,130,-13,13
11378,78,75,3,3
11379,149,130,19,19
11380,85,87,-2,2
11381,97,101,-4,4
11382,115,130,-15,15
11383,109,99,10,10
11384,81,76,5,5
11385,81,84,-3,3
11386,93,106,-13,13
11387,123,133,-10,10
11388,95,99,-4,4
11389,102,101,1,1
11390,57,55,2,2
11391,179,188,-9,9
11392,126,125,1,1
11393,62,67,-5,5
11394,65,76,-11,11
11395,109,105,4,4
11396,74,78,-4,4
11397,113,115,-2,2
11398,121,116,5,5
11399,114,127,-13,13
11400,63,60,3,3
11401,103,90,13,13
11402,80,82,-2,2
11403,45,85,-40,40
11404,93,97,-4,4
11405,121,117,4,4
11406,166,168,-2,2
11407,63,75,-12,12
11408,66,60,6,6
11409,55,75,-20,20
11410,116,126,-10,10
11411,96,90,6,6
11412,76,72,4,4
11413,54,62,-8,8
11414,108,115,-7,7
11415,51,54,-3,3
11416,109,111,-2,2
11417,75,71,4,4
11418,86,94,-8,8
11419,82,96,-14,14
11420,36,41,-5,5
11421,64,71,-7,7
11422,119,115,4,4
11423,53,63,-10,10
11424,73,73,0,0
11425,58,54,4,4
11426,41,40,1,1
11427,58,61,-3,3
11428,118,123,-5,5
11429,134,123,11,11
11430,75,80,-5,5
11431,50,51,-1,1
11432,98,104,-6,6
11433,33,31,2,2
11434,109,110,-1,1
11435,79,87,-8,8
11436,60,56,4,4
11437,100,105,-5,5
11438,85,81,4,4
11439,75,80,-5,5
11440,82,82,0,0
11441,57,56,1,1
11442,164,168,-4,4
11443,157,151,6,6
11444,76,66,10,10
11445,72,81,-9,9
11446,57,79,-22,22
11447,96,107,-11,11
11448,90,93,-3,3
11449,100,95,5,5
11450,129,127,2,2
11451,91,88,3,3
11452,98,100,-2,2
11453,102,100,2,2
11454,198,202,-4,4
11455,78,77,1,1
11456,60,63,-3,3
11457,173,172,1,1
11458,98,104,-6,6
11459,72,70,2,2
11460,90,136,-46,46
11461,170,171,-1,1
11462,163,152,11,11
11463,77,81,-4,4
11464,66,68,-2,2
11465,67,59,8,8
11466,66,76,-10,10
11467,99,103,-4,4
11468,86,85,1,1
11469,85,94,-9,9
11470,71,72,-1,1
11471,136,125,11,11
11472,86,82,4,4
11473,60,67,-7,7
11474,119,122,-3,3
11475,132,142,-10,10
11476,114,122,-8,8
11477,66,65,1,1
11478,147,150,-3,3
11479,90,90,0,0
11480,112,106,6,6
11481,68,62,6,6
11482,119,110,9,9
11483,121,117,4,4
11484,70,104,-34,34
11485,124,119,5,5
11486,47,52,-5,5
11487,70,84,-14,14
11488,80,69,11,11
11489,44,44,0,0
11490,75,80,-5,5
11491,65,71,-6,6
11492,80,75,5,5
11493,95,98,-3,3
11494,124,119,5,5
11495,50,53,-3,3
11496,133,129,4,4
11497,77,77,0,0
11498,105,110,-5,5
11499,70,71,-1,1
11500,86,85,1,1
11501,97,93,4,4
11502,80,79,1,1
11503,98,105,-7,7
11504,106,111,-5,5
11505,74,60,14,14
11506,66,73,-7,7
11507,118,123,-5,5
11508,110,102,8,8
11509,156,151,5,5
11510,67,69,-2,2
11511,170,135,35,35
11512,117,108,9,9
11513,101,100,1,1
11514,130,123,7,7
11515,93,97,-4,4
11516,105,102,3,3
11517,41,61,-20,20
11518,84,73,11,11
11519,59,58,1,1
11520,141,126,15,15
11521,47,52,-5,5
11522,114,105,9,9
11523,137,123,14,14
11524,126,147,-21,21
11525,62,64,-2,2
11526,111,111,0,0
11527,74,78,-4,4
11528,81,77,4,4
11529,160,154,6,6
11530,102,102,0,0
11531,91,87,4,4
11532,83,86,-3,3
11533,72,67,5,5
11534,68,73,-5,5
11535,126,112,14,14
11536,77,84,-7,7
11537,160,143,17,17
11538,106,111,-5,5
11539,81,86,-5,5
11540,170,160,10,10
11541,131,126,5,5
11542,50,64,-14,14
11543,115,117,-2,2
11544,70,77,-7,7
11545,109,117,-8,8
11546,72,67,5,5
11547,74,79,-5,5
11548,67,71,-4,4
11549,81,79,2,2
11550,83,89,-6,6
11551,105,108,-3,3
11552,95,97,-2,2
11553,133,128,5,5
11554,115,127,-12,12
11555,98,91,7,7
11556,55,28,27,27
11557,109,109,0,0
11558,50,63,-13,13
11559,145,140,5,5
11560,89,80,9,9
11561,85,87,-2,2
11562,85,85,0,0
11563,65,71,-6,6
11564,86,87,-1,1
11565,105,93,12,12
11566,53,52,1,1
11567,60,68,-8,8
11568,121,121,0,0
11569,52,67,-15,15
11570,53,58,-5,5
11571,164,161,3,3
11572,92,98,-6,6
11573,100,95,5,5
11574,111,106,5,5
11575,67,65,2,2
11576,169,160,9,9
11577,86,82,4,4
11578,51,43,8,8
11579,96,93,3,3
11580,97,83,14,14
11581,82,71,11,11
11582,75,80,-5,5
11583,103,97,6,6
11584,91,88,3,3
11585,108,119,-11,11
11586,85,91,-6,6
11587,137,139,-2,2
11588,88,96,-8,8
11589,167,166,1,1
11590,65,71,-6,6
11591,92,90,2,2
11592,98,94,4,4
11593,68,67,1,1
11594,65,61,4,4
11595,60,56,4,4
11596,71,68,3,3
11597,50,49,1,1
11598,79,80,-1,1
11599,102,99,3,3
11600,85,78,7,7
11601,69,64,5,5
11602,105,108,-3,3
11603,114,110,4,4
11604,77,81,-4,4
11605,70,59,11,11
11606,80,81,-1,1
11607,137,140,-3,3
11608,105,112,-7,7
11609,83,90,-7,7
11610,95,97,-2,2
11611,70,73,-3,3
11612,183,171,12,12
11613,50,55,-5,5
11614,164,150,14,14
11615,125,119,6,6
11616,90,90,0,0
11617,108,111,-3,3
11618,150,162,-12,12
11619,90,70,20,20
11620,73,73,0,0
11621,86,94,-8,8
11622,91,105,-14,14
11623,108,119,-11,11
11624,120,125,-5,5
11625,127,117,10,10
11626,65,63,2,2
11627,121,98,23,23
11628,80,70,10,10
11629,89,84,5,5
11630,81,78,3,3
11631,96,67,29,29
11632,119,116,3,3
11633,118,121,-3,3
11634,128,128,0,0
11635,56,71,-15,15
11636,56,77,-21,21
11637,86,86,0,0
11638,79,78,1,1
11639,116,108,8,8
11640,69,71,-2,2
11641,111,116,-5,5
11642,81,95,-14,14
11643,56,55,1,1
11644,119,124,-5,5
11645,82,74,8,8
11646,81,67,14,14
11647,136,122,14,14
11648,127,129,-2,2
11649,108,115,-7,7
11650,129,131,-2,2
11651,74,102,-28,28
11652,63,76,-13,13
11653,168,152,16,16
11654,100,108,-8,8
11655,66,71,-5,5
11656,70,85,-15,15
11657,101,102,-1,1
11658,112,104,8,8
11659,102,92,10,10
11660,124,118,6,6
11661,82,85,-3,3
11662,94,95,-1,1
11663,70,80,-10,10
11664,72,76,-4,4
11665,67,67,0,0
11666,117,125,-8,8
11667,47,39,8,8
11668,110,105,5,5
11669,93,91,2,2
11670,64,64,0,0
11671,134,133,1,1
11672,66,75,-9,9
11673,69,65,4,4
11674,99,101,-2,2
11675,137,145,-8,8
11676,58,60,-2,2
11677,85,79,6,6
11678,94,79,15,15
11679,104,103,1,1
11680,108,109,-1,1
11681,89,85,4,4
11682,176,162,14,14
11683,88,95,-7,7
11684,46,45,1,1
11685,94,95,-1,1
11686,162,156,6,6
11687,92,96,-4,4
11688,96,93,3,3
11689,124,147,-23,23
11690,74,86,-12,12
11691,68,75,-7,7
11692,67,68,-1,1
11693,90,96,-6,6
11694,87,94,-7,7
11695,86,77,9,9
11696,68,72,-4,4
11697,90,83,7,7
11698,77,79,-2,2
11699,126,116,10,10
11700,126,121,5,5
11701,94,95,-1,1
11702,172,185,-13,13
11703,63,97,-34,34
11704,101,98,3,3
11705,148,141,7,7
11706,87,93,-6,6
11707,127,117,10,10
11708,121,106,15,15
11709,142,143,-1,1
11710,73,79,-6,6
11711,71,72,-1,1
11712,103,131,-28,28
11713,39,38,1,1
11714,99,106,-7,7
11715,69,71,-2,2
11716,182,181,1,1
11717,138,152,-14,14
11718,142,132,10,10
11719,114,119,-5,5
11720,54,83,-29,29
11721,93,89,4,4
11722,110,108,2,2
11723,38,39,-1,1
11724,133,136,-3,3
11725,143,126,17,17
11726,125,124,1,1
11727,69,72,-3,3
11728,120,130,-10,10
11729,121,121,0,0
11730,71,70,1,1
11731,97,92,5,5
11732,104,97,7,7
11733,97,103,-6,6
11734,47,50,-3,3
11735,184,183,1,1
11736,110,123,-13,13
11737,67,66,1,1
11738,106,105,1,1
11739,66,83,-17,17
11740,118,108,10,10
11741,81,83,-2,2
11742,83,84,-1,1
11743,64,75,-11,11
11744,70,65,5,5
11745,50,53,-3,3
11746,93,87,6,6
11747,157,146,11,11
11748,51,49,2,2
11749,77,78,-1,1
11750,87,82,5,5
11751,119,113,6,6
11752,115,118,-3,3
11753,85,74,11,11
11754,63,93,-30,30
11755,91,97,-6,6
11756,67,64,3,3
11757,64,78,-14,14
11758,127,136,-9,9
11759,67,68,-1,1
11760,71,77,-6,6
11761,96,93,3,3
11762,111,114,-3,3
11763,62,64,-2,2
11764,77,73,4,4
11765,174,171,3,3
11766,138,125,13,13
11767,65,67,-2,2
11768,116,110,6,6
11769,47,50,-3,3
11770,119,115,4,4
11771,94,89,5,5
11772,122,126,-4,4
11773,92,97,-5,5
11774,148,141,7,7
11775,67,72,-5,5
11776,101,106,-5,5
11777,86,87,-1,1
11778,53,41,12,12
11779,77,82,-5,5
11780,126,119,7,7
11781,74,64,10,10
11782,91,92,-1,1
11783,81,85,-4,4
11784,43,45,-2,2
11785,114,112,2,2
11786,79,90,-11,11
11787,96,97,-1,1
11788,106,95,11,11
11789,79,84,-5,5
11790,120,133,-13,13
11791,107,105,2,2
11792,98,104,-6,6
11793,47,37,10,10
11794,76,81,-5,5
11795,85,85,0,0
11796,67,80,-13,13
11797,79,83,-4,4
11798,90,105,-15,15
11799,84,87,-3,3
11800,152,151,1,1
11801,152,142,10,10
11802,87,85,2,2
11803,65,67,-2,2
11804,83,84,-1,1
11805,205,188,17,17
11806,151,144,7,7
11807,114,96,18,18
11808,83,88,-5,5
11809,66,77,-11,11
11810,66,74,-8,8
11811,105,108,-3,3
11812,176,158,18,18
11813,166,160,6,6
11814,185,171,14,14
11815,108,110,-2,2
11816,95,95,0,0
11817,67,83,-16,16
11818,87,98,-11,11
11819,82,87,-5,5
11820,121,121,0,0
11821,71,78,-7,7
11822,62,66,-4,4
11823,113,96,17,17
11824,104,102,2,2
11825,68,72,-4,4
11826,93,101,-8,8
11827,74,63,11,11
11828,60,67,-7,7
11829,80,91,-11,11
11830,70,76,-6,6
11831,75,83,-8,8
11832,76,73,3,3
11833,75,75,0,0
11834,80,61,19,19
11835,45,51,-6,6
11836,93,109,-16,16
11837,99,113,-14,14
11838,77,77,0,0
11839,89,83,6,6
11840,143,145,-2,2
11841,83,96,-13,13
11842,102,109,-7,7
11843,122,114,8,8
11844,118,107,11,11
11845,132,109,23,23
11846,102,118,-16,16
11847,75,73,2,2
11848,105,108,-3,3
11849,124,127,-3,3
11850,75,80,-5,5
11851,47,55,-8,8
11852,130,128,2,2
11853,147,150,-3,3
11854,134,123,11,11
11855,71,69,2,2
11856,72,73,-1,1
11857,42,47,-5,5
11858,97,94,3,3
11859,99,118,-19,19
11860,147,155,-8,8
11861,127,130,-3,3
11862,65,61,4,4
11863,73,84,-11,11
11864,54,60,-6,6
11865,87,98,-11,11
11866,125,128,-3,3
11867,120,122,-2,2
11868,75,73,2,2
11869,101,98,3,3
11870,139,141,-2,2
11871,93,89,4,4
11872,85,90,-5,5
11873,162,155,7,7
11874,158,166,-8,8
11875,234,204,30,30
11876,76,75,1,1
11877,68,65,3,3
11878,60,63,-3,3
11879,115,108,7,7
11880,92,96,-4,4
11881,99,79,20,20
11882,95,91,4,4
11883,69,82,-13,13
11884,53,57,-4,4
11885,100,96,4,4
11886,157,149,8,8
11887,103,97,6,6
11888,117,115,2,2
11889,100,100,0,0
11890,95,88,7,7
11891,146,135,11,11
11892,97,96,1,1
11893,49,50,-1,1
11894,83,84,-1,1
11895,89,90,-1,1
11896,97,101,-4,4
11897,98,102,-4,4
11898,99,93,6,6
11899,52,55,-3,3
11900,92,94,-2,2
11901,128,136,-8,8
11902,60,57,3,3
11903,47,48,-1,1
11904,106,96,10,10
11905,78,71,7,7
11906,143,155,-12,12
11907,90,84,6,6
11908,125,121,4,4
11909,80,91,-11,11
11910,114,112,2,2
11911,161,157,4,4
11912,120,109,11,11
11913,41,47,-6,6
11914,38,46,-8,8
11915,105,116,-11,11
11916,48,34,14,14
11917,58,56,2,2
11918,112,104,8,8
11919,59,65,-6,6
11920,76,69,7,7
11921,118,118,0,0
11922,77,74,3,3
11923,51,54,-3,3
11924,76,70,6,6
11925,56,55,1,1
11926,40,45,-5,5
11927,69,68,1,1
11928,77,78,-1,1
11929,91,99,-8,8
11930,149,146,3,3
11931,110,102,8,8
11932,115,122,-7,7
11933,117,112,5,5
11934,93,95,-2,2
11935,31,34,-3,3
11936,111,140,-29,29
11937,79,79,0,0
11938,72,74,-2,2
11939,44,28,16,16
11940,89,88,1,1
11941,51,51,0,0
11942,186,188,-2,2
11943,144,135,9,9
11944,98,98,0,0
11945,68,68,0,0
11946,82,91,-9,9
11947,110,117,-7,7
11948,101,83,18,18
11949,73,75,-2,2
11950,106,106,0,0
11951,50,46,4,4
11952,128,132,-4,4
11953,82,72,10,10
11954,39,60,-21,21
11955,57,63,-6,6
11956,100,105,-5,5
11957,132,140,-8,8
11958,58,64,-6,6
11959,65,59,6,6
11960,46,49,-3,3
11961,90,95,-5,5
11962,132,128,4,4
11963,84,90,-6,6
11964,95,90,5,5
11965,152,156,-4,4
11966,67,77,-10,10
11967,96,108,-12,12
11968,78,75,3,3
11969,99,89,10,10
11970,71,82,-11,11
11971,116,115,1,1
11972,122,122,0,0
11973,81,81,0,0
11974,42,48,-6,6
11975,121,117,4,4
11976,144,141,3,3
11977,190,181,9,9
11978,132,131,1,1
11979,112,100,12,12
11980,106,90,16,16
11981,104,106,-2,2
11982,79,78,1,1
11983,81,82,-1,1
11984,92,119,-27,27
11985,55,56,-1,1
11986,85,83,2,2
11987,72,73,-1,1
11988,48,50,-2,2
11989,92,105,-13,13
11990,44,47,-3,3
11991,112,104,8,8
11992,118,113,5,5
11993,74,76,-2,2
11994,102,92,10,10
11995,93,111,-18,18
11996,113,103,10,10
11997,89,93,-4,4
11998,133,135,-2,2
11999,45,47,-2,2
12000,53,55,-2,2
12001,139,143,-4,4
12002,61,67,-6,6
12003,85,107,-22,22
12004,67,68,-1,1
12005,81,75,6,6
12006,33,34,-1,1
12007,74,76,-2,2
12008,81,79,2,2
12009,81,92,-11,11
12010,114,116,-2,2
12011,158,170,-12,12
12012,59,69,-10,10
12013,60,67,-7,7
12014,111,109,2,2
12015,102,102,0,0
12016,89,76,13,13
12017,80,78,2,2
12018,73,80,-7,7
12019,53,54,-1,1
12020,124,123,1,1
12021,108,103,5,5
12022,101,90,11,11
12023,93,91,2,2
12024,69,72,-3,3
12025,111,116,-5,5
12026,74,78,-4,4
12027,80,81,-1,1
12028,101,95,6,6
12029,127,152,-25,25
12030,78,72,6,6
12031,143,146,-3,3
12032,114,127,-13,13
12033,49,55,-6,6
12034,115,118,-3,3
12035,103,102,1,1
12036,84,90,-6,6
12037,88,93,-5,5
12038,92,78,14,14
12039,108,117,-9,9
12040,90,91,-1,1
12041,65,67,-2,2
12042,60,62,-2,2
12043,72,72,0,0
12044,129,139,-10,10
12045,76,79,-3,3
12046,109,117,-8,8
12047,88,103,-15,15
12048,60,62,-2,2
12049,47,36,11,11
12050,100,97,3,3
12051,117,126,-9,9
12052,125,121,4,4
12053,113,101,12,12
12054,54,55,-1,1
12055,111,114,-3,3
12056,156,144,12,12
12057,110,107,3,3
12058,82,84,-2,2
12059,114,108,6,6
12060,68,81,-13,13
12061,66,75,-9,9
12062,90,100,-10,10
12063,63,67,-4,4
12064,100,104,-4,4
12065,66,70,-4,4
12066,141,142,-1,1
12067,79,78,1,1
12068,104,98,6,6
12069,140,134,6,6
12070,72,76,-4,4
12071,39,42,-3,3
12072,118,120,-2,2
12073,97,86,11,11
12074,95,107,-12,12
12075,86,92,-6,6
12076,90,83,7,7
12077,86,99,-13,13
12078,95,100,-5,5
12079,118,112,6,6
12080,94,91,3,3
12081,130,125,5,5
12082,58,57,1,1
12083,121,125,-4,4
12084,125,129,-4,4
12085,150,150,0,0
12086,102,99,3,3
12087,122,117,5,5
12088,109,97,12,12
12089,74,82,-8,8
12090,93,82,11,11
12091,53,60,-7,7
12092,117,128,-11,11
12093,93,101,-8,8
12094,191,190,1,1
12095,142,132,10,10
12096,123,117,6,6
12097,83,90,-7,7
12098,127,125,2,2
12099,83,90,-7,7
12100,85,80,5,5
12101,83,85,-2,2
12102,94,96,-2,2
12103,164,159,5,5
12104,72,61,11,11
12105,76,59,17,17
12106,122,106,16,16
12107,59,34,25,25
12108,87,88,-1,1
12109,88,56,32,32
12110,61,60,1,1
12111,154,150,4,4
12112,159,146,13,13
12113,163,153,10,10
12114,104,98,6,6
12115,121,134,-13,13
12116,116,110,6,6
12117,98,99,-1,1
12118,84,91,-7,7
12119,42,33,9,9
12120,78,80,-2,2
12121,99,112,-13,13
12122,77,95,-18,18
12123,189,163,26,26
12124,66,83,-17,17
12125,144,144,0,0
12126,196,183,13,13
12127,107,105,2,2
12128,68,74,-6,6
12129,88,82,6,6
12130,36,38,-2,2
12131,107,112,-5,5
12132,123,90,33,33
12133,62,69,-7,7
12134,207,184,23,23
12135,89,85,4,4
12136,74,79,-5,5
12137,87,88,-1,1
12138,135,119,16,16
12139,72,72,0,0
12140,183,140,43,43
12141,118,124,-6,6
12142,110,94,16,16
12143,111,111,0,0
12144,122,122,0,0
12145,90,90,0,0
12146,121,122,-1,1
12147,58,51,7,7
12148,126,116,10,10
12149,105,104,1,1
12150,109,108,1,1
12151,71,77,-6,6
12152,148,140,8,8
12153,95,100,-5,5
12154,103,85,18,18
12155,90,109,-19,19
12156,77,82,-5,5
12157,126,112,14,14
12158,141,134,7,7
12159,134,120,14,14
12160,49,42,7,7
12161,99,103,-4,4
12162,130,123,7,7
12163,74,74,0,0
12164,64,70,-6,6
12165,196,188,8,8
12166,106,107,-1,1
12167,100,111,-11,11
12168,88,90,-2,2
12169,116,117,-1,1
12170,107,115,-8,8
12171,128,121,7,7
12172,93,83,10,10
12173,150,129,21,21
12174,92,82,10,10
12175,96,90,6,6
12176,115,120,-5,5
12177,111,113,-2,2
12178,87,93,-6,6
12179,69,73,-4,4
12180,139,153,-14,14
12181,104,100,4,4
12182,115,129,-14,14
12183,114,106,8,8
12184,58,70,-12,12
12185,77,80,-3,3
12186,79,83,-4,4
12187,114,111,3,3
12188,111,118,-7,7
12189,102,108,-6,6
12190,161,149,12,12
12191,197,184,13,13
12192,72,62,10,10
12193,142,134,8,8
12194,49,40,9,9
12195,63,70,-7,7
12196,135,139,-4,4
12197,192,168,24,24
12198,47,53,-6,6
12199,110,117,-7,7
12200,71,77,-6,6
12201,108,109,-1,1
12202,137,149,-12,12
12203,128,114,14,14
12204,137,137,0,0
12205,148,140,8,8
12206,82,85,-3,3
12207,70,82,-12,12
12208,60,53,7,7
12209,115,114,1,1
12210,76,72,4,4
12211,86,86,0,0
12212,97,98,-1,1
12213,122,122,0,0
12214,104,88,16,16
12215,149,154,-5,5
12216,73,73,0,0
12217,88,85,3,3
12218,93,90,3,3
12219,94,101,-7,7
12220,110,111,-1,1
12221,56,58,-2,2
12222,66,69,-3,3
12223,73,77,-4,4
12224,96,94,2,2
12225,121,105,16,16
12226,122,128,-6,6
12227,94,84,10,10
12228,88,100,-12,12
12229,130,135,-5,5
12230,63,48,15,15
12231,141,134,7,7
12232,54,63,-9,9
12233,73,73,0,0
12234,71,67,4,4
12235,95,89,6,6
12236,121,109,12,12
12237,73,71,2,2
12238,125,123,2,2
12239,67,79,-12,12
12240,121,124,-3,3
12241,109,103,6,6
12242,64,67,-3,3
12243,96,91,5,5
12244,119,142,-23,23
12245,93,105,-12,12
12246,75,72,3,3
12247,95,96,-1,1
12248,66,73,-7,7
12249,99,99,0,0
12250,47,44,3,3
12251,84,96,-12,12
12252,165,234,-69,69
12253,97,94,3,3
12254,73,80,-7,7
12255,37,39,-2,2
12256,104,99,5,5
12257,71,76,-5,5
12258,65,67,-2,2
12259,66,62,4,4
12260,63,62,1,1
12261,96,104,-8,8
12262,130,133,-3,3
12263,141,130,11,11
12264,86,105,-19,19
12265,108,117,-9,9
12266,128,115,13,13
12267,118,113,5,5
12268,83,81,2,2
12269,68,77,-9,9
12270,84,90,-6,6
12271,105,100,5,5
12272,61,74,-13,13
12273,73,78,-5,5
12274,65,64,1,1
12275,131,114,17,17
12276,118,114,4,4
12277,93,99,-6,6
12278,76,71,5,5
12279,75,73,2,2
12280,65,72,-7,7
12281,70,64,6,6
12282,140,145,-5,5
12283,95,92,3,3
12284,145,120,25,25
12285,82,71,11,11
12286,185,161,24,24
12287,71,71,0,0
12288,100,111,-11,11
12289,99,91,8,8
12290,64,68,-4,4
12291,65,72,-7,7
12292,51,47,4,4
12293,79,95,-16,16
12294,50,51,-1,1
12295,128,138,-10,10
12296,109,106,3,3
12297,106,90,16,16
12298,50,55,-5,5
12299,126,121,5,5
12300,105,103,2,2
12301,39,49,-10,10
12302,70,73,-3,3
12303,134,99,35,35
12304,46,56,-10,10
12305,81,84,-3,3
12306,115,124,-9,9
12307,56,68,-12,12
12308,90,93,-3,3
12309,107,108,-1,1
12310,38,36,2,2
12311,112,107,5,5
12312,86,84,2,2
12313,102,101,1,1
12314,81,89,-8,8
12315,133,121,12,12
12316,65,67,-2,2
12317,67,71,-4,4
12318,63,65,-2,2
12319,105,99,6,6
12320,81,83,-2,2
12321,97,106,-9,9
12322,96,99,-3,3
12323,113,132,-19,19
12324,91,92,-1,1
12325,67,74,-7,7
12326,85,82,3,3
12327,102,106,-4,4
12328,76,74,2,2
12329,190,194,-4,4
12330,63,59,4,4
12331,87,72,15,15
12332,140,129,11,11
12333,113,100,13,13
12334,102,108,-6,6
12335,62,59,3,3
12336,57,53,4,4
12337,48,40,8,8
12338,62,61,1,1
12339,94,113,-19,19
12340,95,110,-15,15
12341,183,173,10,10
12342,80,79,1,1
12343,164,154,10,10
12344,66,70,-4,4
12345,67,83,-16,16
12346,103,100,3,3
12347,69,81,-12,12
12348,118,125,-7,7
12349,78,81,-3,3
12350,66,67,-1,1
12351,94,97,-3,3
12352,92,104,-12,12
12353,142,125,17,17
12354,55,63,-8,8
12355,101,103,-2,2
12356,79,73,6,6
12357,122,134,-12,12
12358,123,105,18,18
12359,38,32,6,6
12360,65,74,-9,9
12361,138,113,25,25
12362,76,74,2,2
12363,114,118,-4,4
12364,79,81,-2,2
12365,114,107,7,7
12366,68,71,-3,3
12367,78,75,3,3
12368,93,102,-9,9
12369,103,110,-7,7
12370,163,143,20,20
12371,101,100,1,1
12372,126,128,-2,2
12373,67,63,4,4
12374,78,76,2,2
12375,116,111,5,5
12376,128,122,6,6
12377,91,92,-1,1
12378,142,133,9,9
12379,65,73,-8,8
12380,145,152,-7,7
12381,61,55,6,6
12382,136,146,-10,10
12383,84,80,4,4
12384,98,93,5,5
12385,87,89,-2,2
12386,107,113,-6,6
12387,115,124,-9,9
12388,106,116,-10,10
12389,93,91,2,2
12390,80,70,10,10
12391,130,119,11,11
12392,115,114,1,1
12393,97,113,-16,16
12394,92,94,-2,2
12395,88,96,-8,8
12396,66,65,1,1
12397,66,65,1,1
12398,87,89,-2,2
12399,106,103,3,3
12400,70,78,-8,8
12401,180,162,18,18
12402,87,102,-15,15
12403,89,81,8,8
12404,92,98,-6,6
12405,125,114,11,11
12406,88,100,-12,12
12407,109,108,1,1
12408,35,39,-4,4
12409,67,73,-6,6
12410,117,112,5,5
12411,190,162,28,28
12412,114,122,-8,8
12413,137,130,7,7
12414,138,150,-12,12
12415,129,136,-7,7
12416,106,90,16,16
12417,63,67,-4,4
12418,58,59,-1,1
12419,57,62,-5,5
12420,86,104,-18,18
12421,104,99,5,5
12422,97,96,1,1
12423,101,107,-6,6
12424,137,128,9,9
12425,64,52,12,12
12426,176,183,-7,7
12427,93,89,4,4
12428,120,117,3,3
12429,108,105,3,3
12430,70,72,-2,2
12431,97,94,3,3
12432,83,101,-18,18
12433,83,79,4,4
12434,150,163,-13,13
12435,64,58,6,6
12436,89,87,2,2
12437,96,99,-3,3
12438,114,106,8,8
12439,119,121,-2,2
12440,61,62,-1,1
12441,96,96,0,0
12442,105,110,-5,5
12443,61,55,6,6
12444,141,142,-1,1
12445,86,82,4,4
12446,87,89,-2,2
12447,90,76,14,14
12448,105,112,-7,7
12449,91,89,2,2
12450,111,114,-3,3
12451,76,68,8,8
12452,87,88,-1,1
12453,91,109,-18,18
12454,107,126,-19,19
12455,110,106,4,4
12456,124,132,-8,8
12457,128,124,4,4
12458,109,105,4,4
12459,71,70,1,1
12460,87,72,15,15
12461,148,148,0,0
12462,107,109,-2,2
12463,134,144,-10,10
12464,23,19,4,4
12465,119,132,-13,13
12466,91,78,13,13
12467,25,20,5,5
12468,61,72,-11,11
12469,101,95,6,6
12470,72,70,2,2
12471,95,97,-2,2
12472,47,42,5,5
12473,97,94,3,3
12474,81,83,-2,2
12475,59,57,2,2
12476,77,69,8,8
12477,138,130,8,8
12478,120,112,8,8
12479,136,145,-9,9
12480,79,87,-8,8
12481,63,62,1,1
12482,102,111,-9,9
12483,158,148,10,10
12484,73,86,-13,13
12485,53,52,1,1
12486,83,88,-5,5
12487,155,153,2,2
12488,139,123,16,16
12489,93,89,4,4
12490,128,132,-4,4
12491,98,109,-11,11
12492,96,86,10,10
12493,153,147,6,6
12494,104,104,0,0
12495,115,105,10,10
12496,72,75,-3,3
12497,90,84,6,6
12498,127,138,-11,11
12499,112,126,-14,14
12500,64,71,-7,7
12501,73,68,5,5
12502,72,82,-10,10
12503,73,75,-2,2
12504,56,58,-2,2
12505,106,103,3,3
12506,144,129,15,15
12507,47,49,-2,2
12508,147,138,9,9
12509,95,88,7,7
12510,76,80,-4,4
12511,128,143,-15,15
12512,81,72,9,9
12513,79,82,-3,3
12514,86,90,-4,4
12515,44,49,-5,5
12516,87,91,-4,4
12517,102,105,-3,3
12518,116,118,-2,2
12519,105,108,-3,3
12520,113,126,-13,13
12521,152,142,10,10
12522,175,190,-15,15
12523,70,71,-1,1
12524,173,172,1,1
12525,87,75,12,12
12526,102,99,3,3
12527,88,96,-8,8
12528,76,78,-2,2
12529,110,101,9,9
12530,99,103,-4,4
12531,71,72,-1,1
12532,75,80,-5,5
12533,105,104,1,1
12534,153,157,-4,4
12535,100,115,-15,15
12536,90,87,3,3
12537,83,92,-9,9
12538,82,74,8,8
12539,49,56,-7,7
12540,69,58,11,11
12541,113,117,-4,4
12542,63,59,4,4
12543,58,60,-2,2
12544,65,66,-1,1
12545,145,140,5,5
12546,50,48,2,2
12547,83,90,-7,7
12548,100,101,-1,1
12549,76,77,-1,1
12550,72,66,6,6
12551,71,93,-22,22
12552,106,109,-3,3
12553,127,145,-18,18
12554,96,97,-1,1
12555,67,70,-3,3
12556,140,150,-10,10
12557,56,55,1,1
12558,108,106,2,2
12559,94,98,-4,4
12560,59,60,-1,1
12561,84,87,-3,3
12562,96,103,-7,7
12563,92,109,-17,17
12564,186,189,-3,3
12565,62,62,0,0
12566,164,157,7,7
12567,49,45,4,4
12568,62,59,3,3
12569,50,59,-9,9
12570,128,137,-9,9
12571,57,62,-5,5
12572,69,72,-3,3
12573,48,48,0,0
12574,132,129,3,3
12575,140,144,-4,4
12576,107,107,0,0
12577,80,82,-2,2
12578,78,78,0,0
12579,140,108,32,32
12580,78,82,-4,4
12581,123,111,12,12
12582,87,103,-16,16
12583,91,105,-14,14
12584,119,136,-17,17
12585,107,102,5,5
12586,52,59,-7,7
12587,61,71,-10,10
12588,102,100,2,2
12589,79,75,4,4
12590,81,83,-2,2
12591,72,70,2,2
12592,74,89,-15,15
12593,73,64,9,9
12594,114,92,22,22
12595,127,125,2,2
12596,92,84,8,8
12597,118,126,-8,8
12598,115,181,-66,66
12599,73,73,0,0
12600,93,96,-3,3
12601,70,72,-2,2
12602,73,75,-2,2
12603,107,111,-4,4
12604,96,96,0,0
12605,101,84,17,17
12606,76,92,-16,16
12607,85,78,7,7
12608,111,101,10,10
12609,42,51,-9,9
12610,69,67,2,2
12611,97,87,10,10
12612,90,86,4,4
12613,96,98,-2,2
12614,114,136,-22,22
12615,121,117,4,4
12616,68,74,-6,6
12617,45,45,0,0
12618,73,74,-1,1
12619,109,111,-2,2
12620,175,172,3,3
12621,90,82,8,8
12622,70,71,-1,1
12623,85,89,-4,4
12624,62,66,-4,4
12625,89,97,-8,8
12626,132,132,0,0
12627,155,165,-10,10
12628,99,113,-14,14
12629,60,54,6,6
12630,110,108,2,2
12631,87,84,3,3
12632,98,117,-19,19
12633,80,84,-4,4
12634,127,128,-1,1
12635,172,163,9,9
12636,181,171,10,10
12637,130,115,15,15
12638,76,77,-1,1
12639,86,83,3,3
12640,105,101,4,4
12641,105,115,-10,10
12642,56,69,-13,13
12643,65,69,-4,4
12644,42,38,4,4
12645,120,116,4,4
12646,65,66,-1,1
12647,76,86,-10,10
12648,134,128,6,6
12649,28,69,-41,41
12650,96,97,-1,1
12651,92,94,-2,2
12652,53,49,4,4
12653,66,61,5,5
12654,79,74,5,5
12655,101,116,-15,15
12656,78,102,-24,24
12657,88,97,-9,9
12658,136,133,3,3
12659,142,132,10,10
12660,73,61,12,12
12661,97,92,5,5
12662,80,82,-2,2
12663,51,53,-2,2
12664,69,88,-19,19
12665,52,55,-3,3
12666,57,57,0,0
12667,100,137,-37,37
12668,147,135,12,12
12669,129,134,-5,5
12670,92,108,-16,16
12671,107,97,10,10
12672,99,108,-9,9
12673,89,91,-2,2
12674,58,62,-4,4
12675,103,91,12,12
12676,33,36,-3,3
12677,103,93,10,10
12678,88,83,5,5
12679,81,83,-2,2
12680,53,48,5,5
12681,70,84,-14,14
12682,32,37,-5,5
12683,88,84,4,4
12684,99,119,-20,20
12685,110,108,2,2
12686,78,76,2,2
12687,99,103,-4,4
12688,46,43,3,3
12689,136,125,11,11
12690,75,68,7,7
12691,117,102,15,15
12692,93,91,2,2
12693,132,132,0,0
12694,70,74,-4,4
12695,69,74,-5,5
12696,49,33,16,16
12697,71,67,4,4
12698,118,112,6,6
12699,97,102,-5,5
12700,76,88,-12,12
12701,195,149,46,46
12702,128,128,0,0
12703,66,59,7,7
12704,120,117,3,3
12705,73,75,-2,2
12706,62,70,-8,8
12707,104,96,8,8
12708,94,92,2,2
12709,94,94,0,0
12710,110,103,7,7
12711,96,97,-1,1
12712,107,101,6,6
12713,77,87,-10,10
12714,91,104,-13,13
12715,63,62,1,1
12716,128,124,4,4
12717,77,82,-5,5
12718,67,76,-9,9
12719,124,115,9,9
12720,94,92,2,2
12721,64,65,-1,1
12722,74,76,-2,2
12723,88,85,3,3
12724,70,76,-6,6
12725,78,81,-3,3
12726,66,76,-10,10
12727,104,101,3,3
12728,134,137,-3,3
12729,92,89,3,3
12730,74,72,2,2
12731,93,90,3,3
12732,98,96,2,2
12733,100,83,17,17
12734,87,86,1,1
12735,101,98,3,3
12736,49,51,-2,2
12737,121,116,5,5
12738,84,96,-12,12
12739,158,156,2,2
12740,115,119,-4,4
12741,125,116,9,9
12742,53,40,13,13
12743,80,90,-10,10
12744,68,67,1,1
12745,103,97,6,6
12746,107,111,-4,4
12747,77,92,-15,15
12748,100,113,-13,13
12749,120,131,-11,11
12750,91,86,5,5
12751,77,63,14,14
12752,132,125,7,7
12753,131,130,1,1
12754,43,60,-17,17
12755,45,43,2,2
12756,124,118,6,6
12757,86,81,5,5
12758,107,101,6,6
12759,82,87,-5,5
12760,204,189,15,15
12761,107,98,9,9
12762,120,110,10,10
12763,140,131,9,9
12764,153,140,13,13
12765,83,78,5,5
12766,47,39,8,8
12767,91,82,9,9
12768,68,56,12,12
12769,56,53,3,3
12770,77,82,-5,5
12771,37,35,2,2
12772,117,115,2,2
12773,85,85,0,0
12774,101,100,1,1
12775,67,67,0,0
12776,118,127,-9,9
12777,56,63,-7,7
12778,68,65,3,3
12779,65,71,-6,6
12780,105,104,1,1
12781,102,105,-3,3
12782,116,108,8,8
12783,69,68,1,1
12784,79,80,-1,1
12785,105,106,-1,1
12786,101,82,19,19
12787,106,95,11,11
12788,89,83,6,6
12789,77,84,-7,7
12790,116,114,2,2
12791,111,106,5,5
12792,91,74,17,17
12793,74,74,0,0
12794,96,99,-3,3
12795,119,124,-5,5
12796,124,116,8,8
12797,83,79,4,4
12798,59,63,-4,4
12799,87,79,8,8
12800,55,59,-4,4
12801,121,127,-6,6
12802,94,88,6,6
12803,90,93,-3,3
12804,181,176,5,5
12805,93,65,28,28
12806,72,73,-1,1
12807,92,93,-1,1
12808,153,143,10,10
12809,55,56,-1,1
12810,61,61,0,0
12811,99,94,5,5
12812,82,83,-1,1
12813,102,98,4,4
12814,148,146,2,2
12815,112,105,7,7
12816,172,161,11,11
12817,133,136,-3,3
12818,97,114,-17,17
12819,70,77,-7,7
12820,70,79,-9,9
12821,98,78,20,20
12822,96,106,-10,10
12823,69,74,-5,5
12824,90,87,3,3
12825,138,131,7,7
12826,132,124,8,8
12827,153,154,-1,1
12828,86,71,15,15
12829,108,97,11,11
12830,80,91,-11,11
12831,154,130,24,24
12832,116,123,-7,7
12833,103,99,4,4
12834,104,110,-6,6
12835,116,111,5,5
12836,107,96,11,11
12837,96,95,1,1
12838,90,97,-7,7
12839,50,60,-10,10
12840,104,99,5,5
12841,72,74,-2,2
12842,106,97,9,9
12843,87,89,-2,2
12844,124,129,-5,5
12845,27,34,-7,7
12846,133,133,0,0
12847,122,110,12,12
12848,124,138,-14,14
12849,89,98,-9,9
12850,97,141,-44,44
12851,84,92,-8,8
12852,140,134,6,6
12853,136,129,7,7
12854,20,16,4,4
12855,93,94,-1,1
12856,85,90,-5,5
12857,74,78,-4,4
12858,103,93,10,10
12859,75,76,-1,1
12860,46,47,-1,1
12861,84,99,-15,15
12862,75,77,-2,2
12863,53,51,2,2
12864,52,86,-34,34
12865,87,86,1,1
12866,109,100,9,9
12867,105,93,12,12
12868,67,68,-1,1
12869,154,135,19,19
12870,84,91,-7,7
12871,128,122,6,6
12872,113,119,-6,6
12873,87,83,4,4
12874,101,108,-7,7
12875,96,104,-8,8
12876,39,41,-2,2
12877,133,126,7,7
12878,191,185,6,6
12879,60,64,-4,4
12880,125,122,3,3
12881,75,76,-1,1
12882,40,39,1,1
12883,103,103,0,0
12884,79,82,-3,3
12885,185,181,4,4
12886,124,127,-3,3
12887,109,114,-5,5
12888,89,104,-15,15
12889,67,78,-11,11
12890,47,44,3,3
12891,76,70,6,6
12892,122,124,-2,2
12893,106,102,4,4
12894,142,130,12,12
12895,96,65,31,31
12896,52,53,-1,1
12897,96,97,-1,1
12898,117,118,-1,1
12899,69,71,-2,2
12900,89,88,1,1
12901,72,70,2,2
12902,180,167,13,13
12903,94,89,5,5
12904,53,54,-1,1
12905,93,102,-9,9
12906,161,144,17,17
12907,137,132,5,5
12908,129,133,-4,4
12909,89,64,25,25
12910,102,96,6,6
12911,159,149,10,10
12912,67,66,1,1
12913,67,62,5,5
12914,97,99,-2,2
12915,71,72,-1,1
12916,153,154,-1,1
12917,100,106,-6,6
12918,92,103,-11,11
12919,79,92,-13,13
12920,79,76,3,3
12921,73,72,1,1
12922,133,140,-7,7
12923,51,47,4,4
12924,139,133,6,6
12925,115,128,-13,13
12926,89,89,0,0
12927,124,131,-7,7
12928,90,88,2,2
12929,128,127,1,1
12930,131,127,4,4
12931,71,72,-1,1
12932,113,112,1,1
12933,127,129,-2,2
12934,61,57,4,4
12935,113,121,-8,8
12936,112,95,17,17
12937,75,76,-1,1
12938,125,111,14,14
12939,73,79,-6,6
12940,100,114,-14,14
12941,187,173,14,14
12942,101,93,8,8
12943,103,93,10,10
12944,99,108,-9,9
12945,65,65,0,0
12946,116,118,-2,2
12947,97,112,-15,15
12948,83,87,-4,4
12949,90,94,-4,4
12950,101,114,-13,13
12951,97,108,-11,11
12952,107,105,2,2
12953,119,131,-12,12
12954,78,75,3,3
12955,79,80,-1,1
12956,74,81,-7,7
12957,150,140,10,10
12958,83,96,-13,13
12959,131,130,1,1
12960,68,77,-9,9
12961,222,174,48,48
12962,88,88,0,0
12963,109,112,-3,3
12964,149,154,-5,5
12965,82,90,-8,8
12966,33,26,7,7
12967,97,109,-12,12
12968,88,93,-5,5
12969,127,133,-6,6
12970,70,70,0,0
12971,86,99,-13,13
12972,63,61,2,2
12973,101,106,-5,5
12974,85,86,-1,1
12975,97,92,5,5
12976,68,75,-7,7
12977,79,92,-13,13
12978,182,173,9,9
12979,68,80,-12,12
12980,68,72,-4,4
12981,81,77,4,4
12982,118,106,12,12
12983,93,94,-1,1
12984,117,102,15,15
12985,144,138,6,6
12986,134,121,13,13
12987,69,81,-12,12
12988,133,127,6,6
12989,88,98,-10,10
12990,63,62,1,1
12991,116,122,-6,6
12992,113,119,-6,6
12993,103,98,5,5
12994,127,152,-25,25
12995,116,127,-11,11
12996,114,115,-1,1
12997,123,113,10,10
12998,72,67,5,5
12999,107,104,3,3
13000,121,102,19,19
13001,100,91,9,9
13002,87,99,-12,12
13003,102,94,8,8
13004,155,152,3,3
13005,72,84,-12,12
13006,84,85,-1,1
13007,86,94,-8,8
13008,115,124,-9,9
13009,100,95,5,5
13010,81,76,5,5
13011,51,58,-7,7
13012,54,52,2,2
13013,86,87,-1,1
13014,92,92,0,0
13015,60,65,-5,5
13016,112,117,-5,5
13017,92,88,4,4
13018,87,86,1,1
13019,95,97,-2,2
13020,80,79,1,1
13021,139,142,-3,3
13022,103,109,-6,6
13023,120,127,-7,7
13024,75,87,-12,12
13025,51,51,0,0
13026,76,76,0,0
13027,67,74,-7,7
13028,165,181,-16,16
13029,84,92,-8,8
13030,83,83,0,0
13031,61,60,1,1
13032,159,159,0,0
13033,64,56,8,8
13034,140,141,-1,1
13035,65,78,-13,13
13036,68,71,-3,3
13037,67,62,5,5
13038,87,97,-10,10
13039,109,114,-5,5
13040,116,117,-1,1
13041,94,108,-14,14
13042,135,124,11,11
13043,77,78,-1,1
13044,55,56,-1,1
13045,61,59,2,2
13046,73,73,0,0
13047,139,128,11,11
13048,106,128,-22,22
13049,78,89,-11,11
13050,74,66,8,8
13051,99,98,1,1
13052,88,94,-6,6
13053,93,89,4,4
13054,69,65,4,4
13055,235,210,25,25
13056,83,85,-2,2
13057,101,77,24,24
13058,66,66,0,0
13059,58,57,1,1
13060,119,122,-3,3
13061,129,123,6,6
13062,82,80,2,2
13063,168,168,0,0
13064,72,79,-7,7
13065,125,116,9,9
13066,82,77,5,5
13067,97,95,2,2
13068,56,62,-6,6
13069,123,140,-17,17
13070,79,71,8,8
13071,84,82,2,2
13072,112,111,1,1
13073,80,90,-10,10
13074,106,106,0,0
13075,60,63,-3,3
13076,72,75,-3,3
13077,96,107,-11,11
13078,60,35,25,25
13079,117,110,7,7
13080,66,69,-3,3
13081,78,84,-6,6
13082,55,58,-3,3
13083,164,143,21,21
13084,184,183,1,1
13085,78,84,-6,6
13086,61,70,-9,9
13087,109,130,-21,21
13088,101,107,-6,6
13089,79,78,1,1
13090,51,55,-4,4
13091,64,62,2,2
13092,62,65,-3,3
13093,144,141,3,3
13094,57,61,-4,4
13095,50,54,-4,4
13096,81,84,-3,3
13097,99,106,-7,7
13098,97,102,-5,5
13099,129,119,10,10
13100,104,114,-10,10
13101,93,99,-6,6
13102,84,76,8,8
13103,90,97,-7,7
13104,112,128,-16,16
13105,69,72,-3,3
13106,69,66,3,3
13107,107,96,11,11
13108,145,129,16,16
13109,84,78,6,6
13110,51,49,2,2
13111,100,94,6,6
13112,82,91,-9,9
13113,71,98,-27,27
13114,104,102,2,2
13115,67,78,-11,11
13116,89,92,-3,3
13117,61,78,-17,17
13118,74,80,-6,6
13119,101,109,-8,8
13120,67,68,-1,1
13121,72,81,-9,9
13122,70,76,-6,6
13123,158,161,-3,3
13124,94,93,1,1
13125,84,82,2,2
13126,120,123,-3,3
13127,152,154,-2,2
13128,137,132,5,5
13129,82,99,-17,17
13130,116,112,4,4
13131,112,103,9,9
13132,99,96,3,3
13133,150,148,2,2
13134,66,59,7,7
13135,81,78,3,3
13136,50,50,0,0
13137,133,142,-9,9
13138,65,70,-5,5
13139,65,64,1,1
13140,80,80,0,0
13141,53,44,9,9
13142,108,92,16,16
13143,80,68,12,12
13144,126,135,-9,9
13145,73,80,-7,7
13146,58,57,1,1
13147,80,80,0,0
13148,62,65,-3,3
13149,64,68,-4,4
13150,55,56,-1,1
13151,81,82,-1,1
13152,97,107,-10,10
13153,78,75,3,3
13154,101,97,4,4
13155,72,85,-13,13
13156,112,109,3,3
13157,84,86,-2,2
13158,68,70,-2,2
13159,102,101,1,1
13160,117,124,-7,7
13161,88,85,3,3
13162,127,111,16,16
13163,64,64,0,0
13164,87,92,-5,5
13165,80,81,-1,1
13166,101,90,11,11
13167,122,118,4,4
13168,67,63,4,4
13169,131,126,5,5
13170,97,108,-11,11
13171,135,123,12,12
13172,88,90,-2,2
13173,115,131,-16,16
13174,134,113,21,21
13175,116,119,-3,3
13176,79,87,-8,8
13177,45,49,-4,4
13178,100,107,-7,7
13179,85,104,-19,19
13180,63,75,-12,12
13181,89,91,-2,2
13182,76,83,-7,7
13183,138,128,10,10
13184,123,129,-6,6
13185,74,80,-6,6
13186,43,40,3,3
13187,66,74,-8,8
13188,86,112,-26,26
13189,115,122,-7,7
13190,30,39,-9,9
13191,66,71,-5,5
13192,208,166,42,42
13193,90,89,1,1
13194,71,65,6,6
13195,94,86,8,8
13196,171,187,-16,16
13197,55,56,-1,1
13198,43,45,-2,2
13199,67,59,8,8
13200,143,126,17,17
13201,98,96,2,2
13202,100,94,6,6
13203,108,108,0,0
13204,91,83,8,8
13205,131,138,-7,7
13206,79,67,12,12
13207,153,157,-4,4
13208,37,38,-1,1
13209,46,43,3,3
13210,241,215,26,26
13211,89,87,2,2
13212,72,71,1,1
13213,100,94,6,6
13214,83,80,3,3
13215,98,104,-6,6
13216,128,125,3,3
13217,162,129,33,33
13218,81,80,1,1
13219,98,104,-6,6
13220,70,80,-10,10
13221,182,157,25,25
13222,71,70,1,1
13223,173,173,0,0
13224,54,57,-3,3
13225,66,70,-4,4
13226,85,78,7,7
13227,93,101,-8,8
13228,71,114,-43,43
13229,163,159,4,4
13230,86,82,4,4
13231,74,74,0,0
13232,148,154,-6,6
13233,112,118,-6,6
13234,90,88,2,2
13235,64,58,6,6
13236,78,98,-20,20
13237,115,120,-5,5
13238,105,100,5,5
13239,90,85,5,5
13240,117,112,5,5
13241,103,102,1,1
13242,139,147,-8,8
13243,107,114,-7,7
13244,118,131,-13,13
13245,94,85,9,9
13246,56,53,3,3
13247,97,99,-2,2
13248,77,74,3,3
13249,117,103,14,14
13250,125,117,8,8
13251,67,75,-8,8
13252,73,77,-4,4
13253,152,138,14,14
13254,73,66,7,7
13255,121,119,2,2
13256,166,159,7,7
13257,90,89,1,1
13258,96,107,-11,11
13259,149,159,-10,10
13260,61,63,-2,2
13261,144,131,13,13
13262,121,128,-7,7
13263,131,120,11,11
13264,58,47,11,11
13265,51,56,-5,5
13266,54,70,-16,16
13267,72,74,-2,2
13268,99,101,-2,2
13269,124,122,2,2
13270,105,106,-1,1
13271,100,103,-3,3
13272,153,144,9,9
13273,76,79,-3,3
13274,120,112,8,8
13275,94,99,-5,5
13276,85,80,5,5
13277,84,97,-13,13
13278,53,71,-18,18
13279,106,106,0,0
13280,108,114,-6,6
13281,140,136,4,4
13282,113,120,-7,7
13283,57,66,-9,9
13284,108,113,-5,5
13285,123,117,6,6
13286,108,101,7,7
13287,83,77,6,6
13288,99,89,10,10
13289,78,76,2,2
13290,96,99,-3,3
13291,58,56,2,2
13292,82,81,1,1
13293,148,138,10,10
13294,86,97,-11,11
13295,81,72,9,9
13296,119,124,-5,5
13297,97,114,-17,17
13298,118,123,-5,5
13299,92,94,-2,2
13300,102,109,-7,7
13301,72,71,1,1
13302,64,65,-1,1
13303,86,90,-4,4
13304,57,66,-9,9
13305,102,98,4,4
13306,67,58,9,9
13307,88,88,0,0
13308,139,129,10,10
13309,61,64,-3,3
13310,77,77,0,0
13311,158,156,2,2
13312,130,126,4,4
13313,132,140,-8,8
13314,187,204,-17,17
13315,79,72,7,7
13316,96,104,-8,8
13317,76,88,-12,12
13318,71,69,2,2
13319,78,84,-6,6
13320,209,201,8,8
13321,75,75,0,0
13322,146,128,18,18
13323,100,99,1,1
13324,80,83,-3,3
13325,70,73,-3,3
13326,65,66,-1,1
13327,95,104,-9,9
13328,80,78,2,2
13329,69,69,0,0
13330,132,139,-7,7
13331,77,74,3,3
13332,98,92,6,6
13333,94,94,0,0
13334,86,84,2,2
13335,90,90,0,0
13336,75,76,-1,1
13337,130,98,32,32
13338,87,104,-17,17
13339,141,132,9,9
13340,161,141,20,20
13341,68,94,-26,26
13342,97,93,4,4
13343,125,108,17,17
13344,36,44,-8,8
13345,115,111,4,4
13346,68,66,2,2
13347,106,106,0,0
13348,96,107,-11,11
13349,82,83,-1,1
13350,73,71,2,2
13351,89,77,12,12
13352,75,59,16,16
13353,85,112,-27,27
13354,134,152,-18,18
13355,90,84,6,6
13356,83,85,-2,2
13357,129,119,10,10
13358,140,144,-4,4
13359,60,67,-7,7
13360,82,78,4,4
13361,153,127,26,26
13362,80,96,-16,16
13363,119,125,-6,6
13364,108,113,-5,5
13365,54,54,0,0
13366,99,102,-3,3
13367,130,159,-29,29
13368,100,98,2,2
13369,59,57,2,2
13370,84,88,-4,4
13371,117,115,2,2
13372,60,70,-10,10
13373,55,54,1,1
13374,96,100,-4,4
13375,73,84,-11,11
13376,64,79,-15,15
13377,75,73,2,2
13378,55,49,6,6
13379,90,82,8,8
13380,142,145,-3,3
13381,139,135,4,4
13382,118,110,8,8
13383,120,117,3,3
13384,112,113,-1,1
13385,43,46,-3,3
13386,106,110,-4,4
13387,187,191,-4,4
13388,117,120,-3,3
13389,111,109,2,2
13390,188,191,-3,3
13391,156,138,18,18
13392,136,142,-6,6
13393,88,89,-1,1
13394,29,24,5,5
13395,107,94,13,13
13396,113,100,13,13
13397,93,102,-9,9
13398,81,81,0,0
13399,22,22,0,0
13400,69,70,-1,1
13401,168,155,13,13
13402,147,140,7,7
13403,105,114,-9,9
13404,145,131,14,14
13405,58,70,-12,12
13406,60,73,-13,13
13407,150,149,1,1
13408,70,69,1,1
13409,69,60,9,9
13410,140,146,-6,6
13411,88,89,-1,1
13412,120,119,1,1
13413,63,63,0,0
13414,81,93,-12,12
13415,66,57,9,9
13416,91,82,9,9
13417,131,141,-10,10
13418,126,111,15,15
13419,138,143,-5,5
13420,103,116,-13,13
13421,103,104,-1,1
13422,50,45,5,5
13423,64,79,-15,15
13424,75,82,-7,7
13425,67,60,7,7
13426,97,85,12,12
13427,109,122,-13,13
13428,137,131,6,6
13429,71,70,1,1
13430,98,91,7,7
13431,82,100,-18,18
13432,65,67,-2,2
13433,117,104,13,13
13434,148,148,0,0
13435,190,161,29,29
13436,84,76,8,8
13437,110,90,20,20
13438,138,135,3,3
13439,74,81,-7,7
13440,130,115,15,15
13441,79,79,0,0
13442,92,111,-19,19
13443,137,143,-6,6
13444,104,91,13,13
13445,160,125,35,35
13446,90,92,-2,2
13447,101,105,-4,4
13448,123,126,-3,3
13449,73,74,-1,1
13450,66,69,-3,3
13451,124,112,12,12
13452,173,157,16,16
13453,142,138,4,4
13454,32,23,9,9
13455,104,101,3,3
13456,65,92,-27,27
13457,60,58,2,2
13458,71,80,-9,9
13459,56,54,2,2
13460,122,117,5,5
13461,135,136,-1,1
13462,162,149,13,13
13463,96,115,-19,19
13464,126,128,-2,2
13465,74,74,0,0
13466,102,114,-12,12
13467,80,82,-2,2
13468,88,85,3,3
13469,92,81,11,11
13470,107,111,-4,4
13471,87,126,-39,39
13472,58,60,-2,2
13473,80,76,4,4
13474,79,81,-2,2
13475,114,120,-6,6
13476,78,92,-14,14
13477,75,79,-4,4
13478,168,162,6,6
13479,114,119,-5,5
13480,59,75,-16,16
13481,152,154,-2,2
13482,66,69,-3,3
13483,98,93,5,5
13484,70,76,-6,6
13485,101,91,10,10
13486,130,135,-5,5
13487,114,100,14,14
13488,63,60,3,3
13489,181,167,14,14
13490,86,88,-2,2
13491,107,123,-16,16
13492,59,55,4,4
13493,74,70,4,4
13494,134,141,-7,7
13495,199,164,35,35
13496,58,61,-3,3
13497,99,105,-6,6
13498,103,111,-8,8
13499,183,166,17,17
13500,96,103,-7,7
13501,99,105,-6,6
13502,113,107,6,6
13503,88,80,8,8
13504,88,94,-6,6
13505,128,120,8,8
13506,82,91,-9,9
13507,80,80,0,0
13508,53,58,-5,5
13509,47,45,2,2
13510,102,92,10,10
13511,97,96,1,1
13512,68,71,-3,3
13513,125,118,7,7
13514,110,130,-20,20
13515,77,70,7,7
13516,127,120,7,7
13517,87,97,-10,10
13518,107,95,12,12
13519,105,112,-7,7
13520,153,130,23,23
13521,61,72,-11,11
13522,33,85,-52,52
13523,146,152,-6,6
13524,100,113,-13,13
13525,170,159,11,11
13526,134,122,12,12
13527,78,106,-28,28
13528,73,66,7,7
13529,60,58,2,2
13530,64,63,1,1
13531,99,90,9,9
13532,80,91,-11,11
13533,65,70,-5,5
13534,67,62,5,5
13535,141,131,10,10
13536,60,68,-8,8
13537,138,152,-14,14
13538,154,143,11,11
13539,58,63,-5,5
13540,114,120,-6,6
13541,132,120,12,12
13542,98,101,-3,3
13543,80,92,-12,12
13544,105,114,-9,9
13545,84,105,-21,21
13546,78,80,-2,2
13547,154,143,11,11
13548,67,75,-8,8
13549,95,113,-18,18
13550,125,119,6,6
13551,128,123,5,5
13552,42,40,2,2
13553,204,181,23,23
13554,98,105,-7,7
13555,112,117,-5,5
13556,132,128,4,4
13557,139,136,3,3
13558,93,86,7,7
13559,146,141,5,5
13560,56,58,-2,2
13561,65,66,-1,1
13562,124,123,1,1
13563,103,113,-10,10
13564,86,90,-4,4
13565,60,66,-6,6
13566,98,103,-5,5
13567,80,129,-49,49
13568,89,102,-13,13
13569,148,130,18,18
13570,40,44,-4,4
13571,80,91,-11,11
13572,70,78,-8,8
13573,82,75,7,7
13574,133,148,-15,15
13575,75,84,-9,9
13576,75,74,1,1
13577,120,102,18,18
13578,50,56,-6,6
13579,111,129,-18,18
13580,86,81,5,5
13581,115,123,-8,8
13582,63,61,2,2
13583,93,93,0,0
13584,104,99,5,5
13585,153,155,-2,2
13586,51,52,-1,1
13587,128,118,10,10
13588,92,90,2,2
13589,51,61,-10,10
13590,84,87,-3,3
13591,104,102,2,2
13592,101,97,4,4
13593,83,85,-2,2
13594,69,74,-5,5
13595,96,96,0,0
13596,83,63,20,20
13597,54,70,-16,16
13598,83,73,10,10
13599,54,53,1,1
13600,61,60,1,1
13601,116,117,-1,1
13602,113,100,13,13
13603,76,72,4,4
13604,87,91,-4,4
13605,59,60,-1,1
13606,141,136,5,5
13607,97,109,-12,12
13608,89,80,9,9
13609,131,129,2,2
13610,71,65,6,6
13611,60,51,9,9
13612,39,46,-7,7
13613,68,78,-10,10
13614,61,61,0,0
13615,107,116,-9,9
13616,95,93,2,2
13617,94,111,-17,17
13618,82,83,-1,1
13619,110,110,0,0
13620,113,116,-3,3
13621,107,103,4,4
13622,161,151,10,10
13623,180,161,19,19
13624,101,105,-4,4
13625,88,87,1,1
13626,87,82,5,5
13627,115,125,-10,10
13628,121,120,1,1
13629,139,142,-3,3
13630,123,128,-5,5
13631,63,62,1,1
13632,122,117,5,5
13633,68,69,-1,1
13634,110,104,6,6
13635,57,81,-24,24
13636,82,74,8,8
13637,95,92,3,3
13638,134,135,-1,1
13639,98,92,6,6
13640,128,137,-9,9
13641,95,96,-1,1
13642,104,134,-30,30
13643,175,160,15,15
13644,109,97,12,12
13645,164,149,15,15
13646,118,139,-21,21
13647,70,64,6,6
13648,54,62,-8,8
13649,145,142,3,3
13650,68,68,0,0
13651,82,89,-7,7
13652,61,65,-4,4
13653,92,104,-12,12
13654,89,78,11,11
13655,96,94,2,2
13656,122,124,-2,2
13657,79,79,0,0
13658,75,76,-1,1
13659,108,107,1,1
13660,43,40,3,3
13661,67,69,-2,2
13662,75,79,-4,4
13663,67,71,-4,4
13664,88,93,-5,5
13665,55,56,-1,1
13666,96,106,-10,10
13667,60,63,-3,3
13668,125,115,10,10
13669,56,63,-7,7
13670,111,110,1,1
13671,105,121,-16,16
13672,77,94,-17,17
13673,89,92,-3,3
13674,79,82,-3,3
13675,107,116,-9,9
13676,124,129,-5,5
13677,119,115,4,4
13678,57,89,-32,32
13679,127,131,-4,4
13680,64,74,-10,10
13681,96,100,-4,4
13682,89,82,7,7
13683,71,71,0,0
13684,76,76,0,0
13685,110,109,1,1
13686,120,129,-9,9
13687,98,97,1,1
13688,84,90,-6,6
13689,233,207,26,26
13690,75,63,12,12
13691,107,81,26,26
13692,76,76,0,0
13693,84,85,-1,1
13694,86,86,0,0
13695,103,99,4,4
13696,106,101,5,5
13697,150,135,15,15
13698,73,71,2,2
13699,130,144,-14,14
13700,132,120,12,12
13701,139,145,-6,6
13702,115,114,1,1
13703,155,150,5,5
13704,75,90,-15,15
13705,70,71,-1,1
13706,127,117,10,10
13707,65,45,20,20
13708,100,110,-10,10
13709,170,168,2,2
13710,135,142,-7,7
13711,75,79,-4,4
13712,164,175,-11,11
13713,125,123,2,2
13714,104,109,-5,5
13715,53,53,0,0
13716,146,145,1,1
13717,102,89,13,13
13718,70,85,-15,15
13719,54,62,-8,8
13720,108,123,-15,15
13721,97,92,5,5
13722,104,102,2,2
13723,140,140,0,0
13724,94,95,-1,1
13725,62,72,-10,10
13726,105,98,7,7
13727,48,49,-1,1
13728,63,69,-6,6
13729,64,56,8,8
13730,51,48,3,3
13731,63,61,2,2
13732,121,114,7,7
13733,120,114,6,6
13734,86,86,0,0
13735,91,93,-2,2
13736,55,66,-11,11
13737,98,106,-8,8
13738,69,64,5,5
13739,45,35,10,10
13740,126,143,-17,17
13741,169,172,-3,3
13742,95,89,6,6
13743,106,112,-6,6
13744,91,85,6,6
13745,126,115,11,11
13746,67,68,-1,1
13747,55,61,-6,6
13748,74,78,-4,4
13749,87,75,12,12
13750,87,91,-4,4
13751,83,74,9,9
13752,114,129,-15,15
13753,125,125,0,0
13754,120,114,6,6
13755,86,86,0,0
13756,66,74,-8,8
13757,106,109,-3,3
13758,62,57,5,5
13759,87,111,-24,24
13760,68,61,7,7
13761,77,82,-5,5
13762,106,101,5,5
13763,101,101,0,0
13764,93,84,9,9
13765,63,77,-14,14
13766,53,57,-4,4
13767,116,119,-3,3
13768,116,115,1,1
13769,92,121,-29,29
13770,80,84,-4,4
13771,93,94,-1,1
13772,129,131,-2,2
13773,97,103,-6,6
13774,51,66,-15,15
13775,98,91,7,7
13776,80,120,-40,40
13777,74,82,-8,8
13778,157,144,13,13
13779,163,151,12,12
13780,62,69,-7,7
13781,107,107,0,0
13782,107,99,8,8
13783,107,106,1,1
13784,83,86,-3,3
13785,117,107,10,10
13786,94,106,-12,12
13787,65,66,-1,1
13788,61,64,-3,3
13789,79,81,-2,2
13790,137,134,3,3
13791,141,134,7,7
13792,95,95,0,0
13793,101,107,-6,6
13794,95,100,-5,5
13795,142,128,14,14
13796,107,102,5,5
13797,80,74,6,6
13798,91,98,-7,7
13799,71,72,-1,1
13800,81,74,7,7
13801,96,94,2,2
13802,151,145,6,6
13803,75,82,-7,7
13804,69,72,-3,3
13805,70,71,-1,1
13806,66,68,-2,2
13807,100,106,-6,6
13808,107,105,2,2
13809,116,111,5,5
13810,59,64,-5,5
13811,90,94,-4,4
13812,60,53,7,7
13813,55,51,4,4
13814,66,68,-2,2
13815,90,99,-9,9
13816,80,77,3,3
13817,151,86,65,65
13818,91,94,-3,3
13819,59,59,0,0
13820,73,74,-1,1
13821,51,49,2,2
13822,95,103,-8,8
13823,92,91,1,1
13824,61,62,-1,1
13825,80,80,0,0
13826,107,126,-19,19
13827,79,81,-2,2
13828,167,147,20,20
13829,58,61,-3,3
13830,104,102,2,2
13831,106,118,-12,12
13832,61,51,10,10
13833,111,123,-12,12
13834,97,108,-11,11
13835,101,99,2,2
13836,67,73,-6,6
13837,56,58,-2,2
13838,57,57,0,0
13839,82,73,9,9
13840,95,88,7,7
13841,69,81,-12,12
13842,58,66,-8,8
13843,105,101,4,4
13844,163,139,24,24
13845,61,68,-7,7
13846,90,71,19,19
13847,220,199,21,21
13848,96,91,5,5
13849,44,38,6,6
13850,59,64,-5,5
13851,60,63,-3,3
13852,64,72,-8,8
13853,94,92,2,2
13854,151,148,3,3
13855,75,76,-1,1
13856,75,74,1,1
13857,79,75,4,4
13858,70,76,-6,6
13859,107,110,-3,3
13860,145,132,13,13
13861,70,57,13,13
13862,75,67,8,8
13863,141,133,8,8
13864,66,67,-1,1
13865,79,70,9,9
13866,111,101,10,10
13867,112,97,15,15
13868,125,139,-14,14
13869,121,128,-7,7
13870,108,110,-2,2
13871,74,83,-9,9
13872,106,115,-9,9
13873,118,118,0,0
13874,162,141,21,21
13875,142,112,30,30
13876,65,70,-5,5
13877,59,57,2,2
13878,91,86,5,5
13879,75,76,-1,1
13880,125,109,16,16
13881,146,155,-9,9
13882,84,83,1,1
13883,95,96,-1,1
13884,88,82,6,6
13885,95,84,11,11
13886,54,59,-5,5
13887,68,56,12,12
13888,250,234,16,16
13889,64,41,23,23
13890,89,85,4,4
13891,63,70,-7,7
13892,47,62,-15,15
13893,113,113,0,0
13894,118,112,6,6
13895,77,80,-3,3
13896,175,155,20,20
13897,87,88,-1,1
13898,85,88,-3,3
13899,107,98,9,9
13900,77,72,5,5
13901,112,114,-2,2
13902,67,77,-10,10
13903,124,137,-13,13
13904,69,69,0,0
13905,170,170,0,0
13906,91,82,9,9
13907,69,71,-2,2
13908,69,64,5,5
13909,102,105,-3,3
13910,87,97,-10,10
13911,61,67,-6,6
13912,140,129,11,11
13913,56,42,14,14
13914,50,53,-3,3
13915,71,64,7,7
13916,46,50,-4,4
13917,102,105,-3,3
13918,72,70,2,2
13919,102,109,-7,7
13920,98,98,0,0
13921,114,122,-8,8
13922,83,88,-5,5
13923,75,77,-2,2
13924,92,88,4,4
13925,107,109,-2,2
13926,166,149,17,17
13927,72,76,-4,4
13928,43,48,-5,5
13929,98,85,13,13
13930,141,135,6,6
13931,112,93,19,19
13932,149,165,-16,16
13933,17,34,-17,17
13934,63,67,-4,4
13935,127,127,0,0
13936,128,128,0,0
13937,64,74,-10,10
13938,59,63,-4,4
13939,45,60,-15,15
13940,104,93,11,11
13941,82,84,-2,2
13942,52,47,5,5
13943,96,90,6,6
13944,108,106,2,2
13945,122,119,3,3
13946,105,102,3,3
13947,72,79,-7,7
13948,75,73,2,2
13949,111,114,-3,3
13950,86,83,3,3
13951,121,122,-1,1
13952,86,77,9,9
13953,66,69,-3,3
13954,93,102,-9,9
13955,128,143,-15,15
13956,142,138,4,4
13957,87,67,20,20
13958,84,85,-1,1
13959,103,103,0,0
13960,113,117,-4,4
13961,136,126,10,10
13962,74,68,6,6
13963,108,122,-14,14
13964,89,94,-5,5
13965,84,85,-1,1
13966,98,104,-6,6
13967,51,54,-3,3
13968,53,46,7,7
13969,88,95,-7,7
13970,96,95,1,1
13971,105,113,-8,8
13972,95,84,11,11
13973,119,125,-6,6
13974,79,70,9,9
13975,110,93,17,17
13976,68,65,3,3
13977,98,103,-5,5
13978,162,175,-13,13
13979,124,126,-2,2
13980,54,51,3,3
13981,89,98,-9,9
13982,55,51,4,4
13983,147,143,4,4
13984,118,109,9,9
13985,28,24,4,4
13986,115,121,-6,6
13987,87,88,-1,1
13988,129,127,2,2
13989,100,97,3,3
13990,119,123,-4,4
13991,95,93,2,2
13992,130,132,-2,2
13993,57,50,7,7
13994,103,99,4,4
13995,100,94,6,6
13996,95,95,0,0
13997,61,62,-1,1
13998,59,63,-4,4
13999,126,108,18,18
14000,162,162,0,0
14001,98,107,-9,9
14002,134,114,20,20
14003,118,114,4,4
14004,57,58,-1,1
14005,84,88,-4,4
14006,84,76,8,8
14007,120,129,-9,9
14008,163,158,5,5
14009,64,64,0,0
14010,83,78,5,5
14011,69,86,-17,17
14012,135,103,32,32
14013,86,78,8,8
14014,60,54,6,6
14015,77,86,-9,9
14016,92,93,-1,1
14017,85,91,-6,6
14018,161,152,9,9
14019,126,94,32,32
14020,63,65,-2,2
14021,93,105,-12,12
14022,73,76,-3,3
14023,107,111,-4,4
14024,74,78,-4,4
14025,73,63,10,10
14026,108,104,4,4
14027,182,175,7,7
14028,134,126,8,8
14029,67,68,-1,1
14030,91,90,1,1
14031,131,157,-26,26
14032,146,135,11,11
14033,80,76,4,4
14034,139,135,4,4
14035,188,179,9,9
14036,150,149,1,1
14037,74,74,0,0
14038,115,121,-6,6
14039,87,81,6,6
14040,83,68,15,15
14041,71,71,0,0
14042,95,97,-2,2
14043,110,107,3,3
14044,91,87,4,4
14045,108,108,0,0
14046,51,45,6,6
14047,71,75,-4,4
14048,50,36,14,14
14049,66,65,1,1
14050,56,68,-12,12
14051,108,107,1,1
14052,114,106,8,8
14053,86,84,2,2
14054,88,88,0,0
14055,66,56,10,10
14056,111,112,-1,1
14057,53,58,-5,5
14058,94,93,1,1
14059,74,76,-2,2
14060,129,139,-10,10
14061,75,82,-7,7
14062,198,171,27,27
14063,76,73,3,3
14064,94,95,-1,1
14065,70,67,3,3
14066,172,153,19,19
14067,61,56,5,5
14068,80,75,5,5
14069,102,106,-4,4
14070,114,118,-4,4
14071,70,73,-3,3
14072,75,90,-15,15
14073,112,110,2,2
14074,44,50,-6,6
14075,145,165,-20,20
14076,68,98,-30,30
14077,148,144,4,4
14078,56,58,-2,2
14079,81,89,-8,8
14080,73,75,-2,2
14081,122,128,-6,6
14082,75,84,-9,9
14083,121,133,-12,12
14084,139,147,-8,8
14085,63,65,-2,2
14086,125,121,4,4
14087,85,69,16,16
14088,112,101,11,11
14089,114,120,-6,6
14090,134,120,14,14
14091,98,110,-12,12
14092,75,80,-5,5
14093,135,109,26,26
14094,96,100,-4,4
14095,102,104,-2,2
14096,150,152,-2,2
14097,186,164,22,22
14098,63,59,4,4
14099,116,108,8,8
14100,83,74,9,9
14101,110,99,11,11
14102,104,99,5,5
14103,71,68,3,3
14104,111,125,-14,14
14105,106,112,-6,6
14106,147,146,1,1
14107,67,69,-2,2
14108,212,187,25,25
14109,83,92,-9,9
14110,174,143,31,31
14111,113,129,-16,16
14112,68,79,-11,11
14113,159,153,6,6
14114,52,61,-9,9
14115,123,117,6,6
14116,112,113,-1,1
14117,69,78,-9,9
14118,61,69,-8,8
14119,63,64,-1,1
14120,70,73,-3,3
14121,65,73,-8,8
14122,145,147,-2,2
14123,121,118,3,3
14124,60,54,6,6
14125,187,168,19,19
14126,24,30,-6,6
14127,136,133,3,3
14128,65,80,-15,15
14129,67,69,-2,2
14130,189,185,4,4
14131,83,110,-27,27
14132,76,79,-3,3
14133,91,93,-2,2
14134,74,85,-11,11
14135,55,65,-10,10
14136,107,99,8,8
14137,160,151,9,9
14138,149,143,6,6
14139,96,89,7,7
14140,88,83,5,5
14141,118,132,-14,14
14142,91,83,8,8
14143,92,95,-3,3
14144,74,77,-3,3
14145,118,123,-5,5
14146,81,91,-10,10
14147,95,99,-4,4
14148,68,73,-5,5
14149,132,131,1,1
14150,49,48,1,1
14151,115,114,1,1
14152,148,141,7,7
14153,109,129,-20,20
14154,104,105,-1,1
14155,159,155,4,4
14156,83,75,8,8
14157,47,46,1,1
14158,92,90,2,2
14159,101,104,-3,3
14160,57,60,-3,3
14161,40,56,-16,16
14162,153,139,14,14
14163,163,146,17,17
14164,66,75,-9,9
14165,90,88,2,2
14166,55,50,5,5
14167,52,60,-8,8
14168,96,104,-8,8
14169,115,113,2,2
14170,47,37,10,10
14171,77,93,-16,16
14172,76,82,-6,6
14173,115,121,-6,6
14174,93,97,-4,4
14175,120,102,18,18
14176,83,68,15,15
14177,119,108,11,11
14178,40,48,-8,8
14179,47,52,-5,5
14180,55,55,0,0
14181,96,89,7,7
14182,88,93,-5,5
14183,74,87,-13,13
14184,80,92,-12,12
14185,68,65,3,3
14186,144,132,12,12
14187,101,98,3,3
14188,116,118,-2,2
14189,63,57,6,6
14190,51,62,-11,11
14191,123,110,13,13
14192,145,146,-1,1
14193,107,101,6,6
14194,109,110,-1,1
14195,115,112,3,3
14196,59,60,-1,1
14197,63,72,-9,9
14198,190,181,9,9
14199,69,59,10,10
14200,77,84,-7,7
14201,78,87,-9,9
14202,85,96,-11,11
14203,112,94,18,18
14204,82,83,-1,1
14205,150,145,5,5
14206,72,80,-8,8
14207,105,112,-7,7
14208,80,78,2,2
14209,39,37,2,2
14210,102,107,-5,5
14211,68,76,-8,8
14212,95,95,0,0
14213,24,16,8,8
14214,50,55,-5,5
14215,66,54,12,12
14216,69,76,-7,7
14217,120,123,-3,3
14218,140,130,10,10
14219,69,73,-4,4
14220,187,160,27,27
14221,107,105,2,2
14222,67,64,3,3
14223,126,131,-5,5
14224,112,129,-17,17
14225,93,103,-10,10
14226,89,96,-7,7
14227,93,100,-7,7
14228,48,29,19,19
14229,153,143,10,10
14230,67,70,-3,3
14231,48,56,-8,8
14232,58,70,-12,12
14233,179,163,16,16
14234,91,95,-4,4
14235,123,130,-7,7
14236,70,57,13,13
14237,32,31,1,1
14238,96,92,4,4
14239,53,35,18,18
14240,99,105,-6,6
14241,133,122,11,11
14242,77,86,-9,9
14243,47,46,1,1
14244,55,55,0,0
14245,85,80,5,5
14246,135,128,7,7
14247,103,102,1,1
14248,62,73,-11,11
14249,73,71,2,2
14250,117,137,-20,20
14251,112,115,-3,3
14252,34,30,4,4
14253,46,48,-2,2
14254,68,63,5,5
14255,42,39,3,3
14256,88,113,-25,25
14257,88,103,-15,15
14258,78,82,-4,4
14259,74,84,-10,10
14260,145,135,10,10
14261,144,140,4,4
14262,146,142,4,4
14263,50,56,-6,6
14264,134,113,21,21
14265,81,75,6,6
14266,81,77,4,4
14267,64,62,2,2
14268,134,133,1,1
14269,177,168,9,9
14270,115,113,2,2
14271,105,115,-10,10
14272,142,119,23,23
14273,104,109,-5,5
14274,74,85,-11,11
14275,177,154,23,23
14276,47,47,0,0
14277,127,127,0,0
14278,186,169,17,17
14279,81,104,-23,23
14280,78,69,9,9
14281,155,141,14,14
14282,170,140,30,30
14283,97,87,10,10
14284,94,98,-4,4
14285,77,84,-7,7
14286,83,71,12,12
14287,109,112,-3,3
14288,92,94,-2,2
14289,93,94,-1,1
14290,63,83,-20,20
14291,85,92,-7,7
14292,92,101,-9,9
14293,68,62,6,6
14294,111,118,-7,7
14295,181,178,3,3
14296,57,55,2,2
14297,93,99,-6,6
14298,68,80,-12,12
14299,95,104,-9,9
14300,123,115,8,8
14301,58,62,-4,4
14302,159,149,10,10
14303,97,91,6,6
14304,82,85,-3,3
14305,70,68,2,2
14306,87,77,10,10
14307,63,64,-1,1
14308,138,134,4,4
14309,124,126,-2,2
14310,90,88,2,2
14311,72,65,7,7
14312,82,90,-8,8
14313,102,121,-19,19
14314,149,149,0,0
14315,127,127,0,0
14316,127,100,27,27
14317,80,76,4,4
14318,79,68,11,11
14319,126,127,-1,1
14320,160,156,4,4
14321,88,93,-5,5
14322,57,47,10,10
14323,117,118,-1,1
14324,88,81,7,7
14325,117,126,-9,9
14326,108,110,-2,2
14327,122,133,-11,11
14328,126,116,10,10
14329,137,132,5,5
14330,119,102,17,17
14331,94,103,-9,9
14332,89,68,21,21
14333,65,68,-3,3
14334,80,81,-1,1
14335,73,79,-6,6
14336,137,122,15,15
14337,112,111,1,1
14338,93,92,1,1
14339,121,108,13,13
14340,94,99,-5,5
14341,74,77,-3,3
14342,126,116,10,10
14343,102,101,1,1
14344,61,57,4,4
14345,107,119,-12,12
14346,187,170,17,17
14347,129,123,6,6
14348,96,106,-10,10
14349,85,74,11,11
14350,89,96,-7,7
14351,65,56,9,9
14352,67,86,-19,19
14353,95,98,-3,3
14354,90,82,8,8
14355,70,87,-17,17
14356,51,60,-9,9
14357,67,76,-9,9
14358,105,89,16,16
14359,72,89,-17,17
14360,73,64,9,9
14361,90,91,-1,1
14362,60,56,4,4
14363,125,116,9,9
14364,128,126,2,2
14365,114,114,0,0
14366,80,51,29,29
14367,130,117,13,13
14368,170,177,-7,7
14369,163,179,-16,16
14370,121,107,14,14
14371,65,71,-6,6
14372,110,116,-6,6
14373,86,84,2,2
14374,136,134,2,2
14375,95,97,-2,2
14376,82,84,-2,2
14377,117,110,7,7
14378,122,128,-6,6
14379,61,55,6,6
14380,49,50,-1,1
14381,188,163,25,25
14382,61,66,-5,5
14383,164,159,5,5
14384,64,68,-4,4
14385,100,95,5,5
14386,75,72,3,3
14387,90,86,4,4
14388,83,77,6,6
14389,74,85,-11,11
14390,88,88,0,0
14391,110,101,9,9
14392,104,106,-2,2
14393,61,64,-3,3
14394,80,83,-3,3
14395,121,107,14,14
14396,72,84,-12,12
14397,80,82,-2,2
14398,38,36,2,2
14399,136,117,19,19
14400,85,96,-11,11
14401,86,92,-6,6
14402,129,124,5,5
14403,58,59,-1,1
14404,73,86,-13,13
14405,135,136,-1,1
14406,106,115,-9,9
14407,53,51,2,2
14408,54,56,-2,2
14409,62,77,-15,15
14410,91,104,-13,13
14411,61,60,1,1
14412,56,61,-5,5
14413,53,54,-1,1
14414,67,68,-1,1
14415,81,87,-6,6
14416,77,88,-11,11
14417,92,101,-9,9
14418,181,172,9,9
14419,68,74,-6,6
14420,73,76,-3,3
14421,102,99,3,3
14422,85,91,-6,6
14423,78,79,-1,1
14424,85,80,5,5
14425,86,93,-7,7
14426,61,36,25,25
14427,60,69,-9,9
14428,70,94,-24,24
14429,63,68,-5,5
14430,141,149,-8,8
14431,82,83,-1,1
14432,125,116,9,9
14433,25,22,3,3
14434,124,115,9,9
14435,42,46,-4,4
14436,123,132,-9,9
14437,50,41,9,9
14438,94,101,-7,7
14439,175,157,18,18
14440,119,124,-5,5
14441,97,103,-6,6
14442,112,110,2,2
14443,105,99,6,6
14444,85,87,-2,2
14445,117,126,-9,9
14446,140,133,7,7
14447,117,109,8,8
14448,45,48,-3,3
14449,73,80,-7,7
14450,71,81,-10,10
14451,41,32,9,9
14452,134,135,-1,1
14453,102,96,6,6
14454,69,66,3,3
14455,98,107,-9,9
14456,113,107,6,6
14457,90,96,-6,6
14458,67,63,4,4
14459,83,90,-7,7
14460,64,70,-6,6
14461,192,159,33,33
14462,93,88,5,5
14463,111,120,-9,9
14464,122,128,-6,6
14465,89,98,-9,9
14466,77,100,-23,23
14467,66,64,2,2
14468,57,61,-4,4
14469,84,87,-3,3
14470,90,105,-15,15
14471,103,99,4,4
14472,144,146,-2,2
14473,120,128,-8,8
14474,105,102,3,3
14475,121,116,5,5
14476,51,91,-40,40
14477,91,84,7,7
14478,73,83,-10,10
14479,60,66,-6,6
14480,50,47,3,3
14481,94,108,-14,14
14482,107,92,15,15
14483,62,49,13,13
14484,77,83,-6,6
14485,109,106,3,3
14486,113,107,6,6
14487,95,105,-10,10
14488,153,151,2,2
14489,146,134,12,12
14490,75,79,-4,4
14491,97,105,-8,8
14492,96,98,-2,2
14493,112,129,-17,17
14494,93,113,-20,20
14495,88,93,-5,5
14496,143,139,4,4
14497,131,125,6,6
14498,92,92,0,0
14499,77,77,0,0
14500,94,89,5,5
14501,60,82,-22,22
14502,70,72,-2,2
14503,73,73,0,0
14504,115,112,3,3
14505,111,115,-4,4
14506,41,38,3,3
14507,49,42,7,7
14508,141,131,10,10
14509,85,76,9,9
14510,89,93,-4,4
14511,84,76,8,8
14512,102,98,4,4
14513,100,103,-3,3
14514,72,71,1,1
14515,99,94,5,5
14516,68,62,6,6
14517,63,58,5,5
14518,156,164,-8,8
14519,113,110,3,3
14520,109,101,8,8
14521,141,138,3,3
14522,173,161,12,12
14523,95,110,-15,15
14524,89,93,-4,4
14525,103,100,3,3
14526,71,76,-5,5
14527,81,84,-3,3
14528,93,92,1,1
14529,138,164,-26,26
14530,94,86,8,8
14531,168,166,2,2
14532,56,60,-4,4
14533,70,62,8,8
14534,143,117,26,26
14535,115,118,-3,3
14536,78,75,3,3
14537,71,50,21,21
14538,61,57,4,4
14539,174,162,12,12
14540,136,132,4,4
14541,137,148,-11,11
14542,64,56,8,8
14543,98,103,-5,5
14544,61,64,-3,3
14545,79,86,-7,7
14546,58,61,-3,3
14547,88,90,-2,2
14548,83,82,1,1
14549,58,68,-10,10
14550,113,105,8,8
14551,65,69,-4,4
14552,98,111,-13,13
14553,98,98,0,0
14554,119,106,13,13
14555,81,90,-9,9
14556,107,110,-3,3
14557,69,68,1,1
14558,102,103,-1,1
14559,64,67,-3,3
14560,92,103,-11,11
14561,91,80,11,11
14562,76,70,6,6
14563,120,122,-2,2
14564,131,130,1,1
14565,73,66,7,7
14566,113,74,39,39
14567,46,56,-10,10
14568,31,22,9,9
14569,86,77,9,9
14570,124,132,-8,8
14571,69,68,1,1
14572,103,103,0,0
14573,78,87,-9,9
14574,85,80,5,5
14575,43,40,3,3
14576,102,104,-2,2
14577,64,68,-4,4
14578,112,117,-5,5
14579,104,104,0,0
14580,116,113,3,3
14581,72,75,-3,3
14582,86,95,-9,9
14583,45,46,-1,1
14584,90,94,-4,4
14585,204,186,18,18
14586,38,43,-5,5
14587,95,79,16,16
14588,102,115,-13,13
14589,193,179,14,14
14590,130,130,0,0
14591,47,46,1,1
14592,132,129,3,3
14593,176,158,18,18
14594,67,73,-6,6
14595,100,106,-6,6
14596,73,70,3,3
14597,44,48,-4,4
14598,65,62,3,3
14599,34,45,-11,11
14600,56,72,-16,16
14601,87,95,-8,8
14602,87,102,-15,15
14603,44,48,-4,4
14604,115,96,19,19
14605,82,80,2,2
14606,134,139,-5,5
14607,161,151,10,10
14608,61,57,4,4
14609,150,155,-5,5
14610,106,108,-2,2
14611,68,70,-2,2
14612,106,96,10,10
14613,96,97,-1,1
14614,142,147,-5,5
14615,74,68,6,6
14616,47,51,-4,4
14617,130,139,-9,9
14618,121,126,-5,5
14619,104,103,1,1
14620,79,83,-4,4
14621,85,80,5,5
14622,92,90,2,2
14623,52,100,-48,48
14624,144,176,-32,32
14625,92,65,27,27
14626,58,58,0,0
14627,116,126,-10,10
14628,71,81,-10,10
14629,65,61,4,4
14630,86,84,2,2
14631,51,57,-6,6
14632,51,54,-3,3
14633,169,158,11,11
14634,117,127,-10,10
14635,94,96,-2,2
14636,77,67,10,10
14637,61,58,3,3
14638,64,66,-2,2
14639,38,52,-14,14
14640,54,49,5,5
14641,70,71,-1,1
14642,77,82,-5,5
14643,127,114,13,13
14644,58,65,-7,7
14645,84,87,-3,3
14646,89,88,1,1
14647,52,56,-4,4
14648,73,73,0,0
14649,64,77,-13,13
14650,53,59,-6,6
14651,112,111,1,1
14652,92,91,1,1
14653,90,62,28,28
14654,72,75,-3,3
14655,99,108,-9,9
14656,84,78,6,6
14657,90,101,-11,11
14658,135,142,-7,7
14659,91,88,3,3
14660,81,89,-8,8
14661,119,120,-1,1
14662,70,70,0,0
14663,62,63,-1,1
14664,80,84,-4,4
14665,69,65,4,4
14666,107,119,-12,12
14667,145,144,1,1
14668,137,125,12,12
14669,94,98,-4,4
14670,158,138,20,20
14671,174,195,-21,21
14672,100,111,-11,11
14673,141,154,-13,13
14674,131,137,-6,6
14675,168,157,11,11
14676,98,98,0,0
14677,116,121,-5,5
14678,101,105,-4,4
14679,89,105,-16,16
14680,119,117,2,2
14681,139,137,2,2
14682,25,20,5,5
14683,106,105,1,1
14684,161,164,-3,3
14685,123,125,-2,2
14686,87,78,9,9
14687,58,56,2,2
14688,62,59,3,3
14689,89,85,4,4
14690,81,90,-9,9
14691,70,60,10,10
14692,78,73,5,5
14693,163,160,3,3
14694,46,70,-24,24
14695,57,54,3,3
14696,108,116,-8,8
14697,148,99,49,49
14698,74,82,-8,8
14699,54,45,9,9
14700,64,74,-10,10
14701,162,129,33,33
14702,124,112,12,12
14703,75,77,-2,2
14704,76,78,-2,2
14705,81,89,-8,8
14706,56,61,-5,5
14707,90,89,1,1
14708,70,81,-11,11
14709,66,84,-18,18
14710,75,75,0,0
14711,95,116,-21,21
14712,123,122,1,1
14713,125,130,-5,5
14714,44,43,1,1
14715,141,137,4,4
14716,53,55,-2,2
14717,97,99,-2,2
14718,100,92,8,8
14719,78,92,-14,14
14720,199,187,12,12
14721,124,121,3,3
14722,56,70,-14,14
14723,62,54,8,8
14724,109,98,11,11
14725,149,127,22,22
14726,101,104,-3,3
14727,129,128,1,1
14728,138,127,11,11
14729,118,127,-9,9
14730,151,132,19,19
14731,58,48,10,10
14732,148,146,2,2
14733,89,95,-6,6
14734,93,93,0,0
14735,111,101,10,10
14736,131,128,3,3
14737,106,105,1,1
14738,123,126,-3,3
14739,119,143,-24,24
14740,106,111,-5,5
14741,121,113,8,8
14742,74,62,12,12
14743,94,104,-10,10
14744,83,82,1,1
14745,159,143,16,16
14746,126,116,10,10
14747,71,70,1,1
14748,52,48,4,4
14749,139,159,-20,20
14750,98,86,12,12
14751,94,103,-9,9
14752,58,58,0,0
14753,126,129,-3,3
14754,65,65,0,0
14755,98,92,6,6
14756,170,161,9,9
14757,71,74,-3,3
14758,63,61,2,2
14759,74,77,-3,3
14760,119,118,1,1
14761,73,85,-12,12
14762,88,91,-3,3
14763,96,99,-3,3
14764,125,123,2,2
14765,119,123,-4,4
14766,88,93,-5,5
14767,98,92,6,6
14768,103,124,-21,21
14769,95,98,-3,3
14770,80,82,-2,2
14771,88,92,-4,4
14772,50,46,4,4
14773,81,79,2,2
14774,72,67,5,5
14775,56,47,9,9
14776,54,43,11,11
14777,70,77,-7,7
14778,92,89,3,3
14779,79,76,3,3
14780,64,69,-5,5
14781,121,120,1,1
14782,55,54,1,1
14783,110,106,4,4
14784,142,133,9,9
14785,160,144,16,16
14786,61,56,5,5
14787,59,60,-1,1
14788,102,115,-13,13
14789,95,88,7,7
14790,62,68,-6,6
14791,142,146,-4,4
14792,91,64,27,27
14793,114,111,3,3
14794,54,53,1,1
14795,93,101,-8,8
14796,96,101,-5,5
14797,75,85,-10,10
14798,95,98,-3,3
14799,59,64,-5,5
14800,87,74,13,13
14801,121,113,8,8
14802,85,89,-4,4
14803,74,79,-5,5
14804,94,102,-8,8
14805,117,116,1,1
14806,136,130,6,6
14807,51,46,5,5
14808,143,133,10,10
14809,110,117,-7,7
14810,112,104,8,8
14811,59,57,2,2
14812,69,64,5,5
14813,92,83,9,9
14814,92,89,3,3
14815,125,119,6,6
14816,93,85,8,8
14817,94,86,8,8
14818,183,160,23,23
14819,158,160,-2,2
14820,126,117,9,9
14821,201,185,16,16
14822,96,88,8,8
14823,69,91,-22,22
14824,112,141,-29,29
14825,60,68,-8,8
14826,81,76,5,5
14827,229,201,28,28
14828,81,83,-2,2
14829,49,53,-4,4
14830,98,89,9,9
14831,104,102,2,2
14832,117,109,8,8
14833,91,100,-9,9
14834,96,85,11,11
14835,82,79,3,3
14836,193,180,13,13
14837,75,81,-6,6
14838,101,102,-1,1
14839,128,116,12,12
14840,103,104,-1,1
14841,84,76,8,8
14842,162,154,8,8
14843,117,121,-4,4
14844,104,122,-18,18
14845,85,86,-1,1
14846,90,94,-4,4
14847,67,72,-5,5
14848,91,79,12,12
14849,152,155,-3,3
14850,60,60,0,0
14851,107,110,-3,3
14852,114,145,-31,31
14853,95,99,-4,4
14854,85,86,-1,1
14855,72,91,-19,19
14856,66,86,-20,20
14857,81,89,-8,8
14858,112,106,6,6
14859,39,36,3,3
14860,125,132,-7,7
14861,67,69,-2,2
14862,103,97,6,6
14863,44,45,-1,1
14864,52,51,1,1
14865,58,69,-11,11
14866,105,103,2,2
14867,55,63,-8,8
14868,107,126,-19,19
14869,102,109,-7,7
14870,61,82,-21,21
14871,129,120,9,9
14872,72,76,-4,4
14873,144,138,6,6
14874,67,69,-2,2
14875,131,123,8,8
14876,59,57,2,2
14877,142,136,6,6
14878,80,86,-6,6
14879,95,91,4,4
14880,62,68,-6,6
14881,99,106,-7,7
14882,69,77,-8,8
14883,36,36,0,0
14884,53,59,-6,6
14885,174,152,22,22
14886,120,121,-1,1
14887,60,73,-13,13
14888,44,41,3,3
14889,104,109,-5,5
14890,70,66,4,4
14891,80,75,5,5
14892,72,61,11,11
14893,114,131,-17,17
14894,110,116,-6,6
14895,69,68,1,1
14896,108,112,-4,4
14897,136,127,9,9
14898,62,66,-4,4
14899,170,168,2,2
14900,109,109,0,0
14901,85,87,-2,2
14902,93,87,6,6
14903,117,113,4,4
14904,102,85,17,17
14905,123,115,8,8
14906,91,103,-12,12
14907,65,70,-5,5
14908,52,68,-16,16
14909,139,126,13,13
14910,88,93,-5,5
14911,67,86,-19,19
14912,143,141,2,2
14913,153,151,2,2
14914,65,63,2,2
14915,84,82,2,2
14916,101,118,-17,17
14917,90,114,-24,24
14918,75,72,3,3
14919,95,92,3,3
14920,197,177,20,20
14921,60,54,6,6
14922,152,149,3,3
14923,69,68,1,1
14924,79,83,-4,4
14925,63,64,-1,1
14926,114,125,-11,11
14927,94,89,5,5
14928,107,102,5,5
14929,94,98,-4,4
14930,68,69,-1,1
14931,95,89,6,6
14932,123,121,2,2
14933,81,73,8,8
14934,141,130,11,11
14935,78,78,0,0
14936,100,112,-12,12
14937,120,122,-2,2
14938,36,73,-37,37
14939,81,94,-13,13
14940,118,102,16,16
14941,122,126,-4,4
14942,80,75,5,5
14943,130,123,7,7
14944,44,31,13,13
14945,170,165,5,5
14946,74,95,-21,21
14947,66,77,-11,11
14948,192,178,14,14
14949,84,88,-4,4
14950,116,131,-15,15
14951,81,80,1,1
14952,43,41,2,2
14953,69,71,-2,2
14954,63,58,5,5
14955,94,95,-1,1
14956,84,81,3,3
14957,56,54,2,2
14958,106,112,-6,6
14959,152,129,23,23
14960,92,90,2,2
14961,68,66,2,2
14962,87,104,-17,17
14963,88,107,-19,19
14964,78,81,-3,3
14965,64,78,-14,14
14966,147,144,3,3
14967,57,56,1,1
14968,81,85,-4,4
14969,59,65,-6,6
14970,70,73,-3,3
14971,87,93,-6,6
14972,90,85,5,5
14973,87,83,4,4
14974,49,41,8,8
14975,160,145,15,15
14976,131,117,14,14
14977,83,83,0,0
14978,44,45,-1,1
14979,44,54,-10,10
14980,52,45,7,7
14981,102,102,0,0
14982,69,71,-2,2
14983,99,98,1,1
14984,81,94,-13,13
14985,91,101,-10,10
14986,87,84,3,3
14987,57,56,1,1
14988,82,90,-8,8
14989,56,60,-4,4
14990,76,74,2,2
14991,79,76,3,3
14992,78,74,4,4
14993,121,108,13,13
14994,119,77,42,42
14995,68,74,-6,6
14996,146,133,13,13
14997,106,91,15,15
14998,132,122,10,10
14999,47,45,2,2
15000,70,71,-1,1
15001,114,100,14,14
15002,71,68,3,3
15003,85,94,-9,9
15004,132,134,-2,2
15005,33,27,6,6
15006,16,43,-27,27
15007,68,72,-4,4
15008,62,68,-6,6
15009,84,94,-10,10
15010,50,51,-1,1
15011,91,94,-3,3
15012,116,107,9,9
15013,97,91,6,6
15014,126,127,-1,1
15015,102,113,-11,11
15016,111,96,15,15
15017,113,116,-3,3
15018,149,134,15,15
15019,87,56,31,31
15020,120,111,9,9
15021,124,119,5,5
15022,145,133,12,12
15023,78,79,-1,1
15024,158,155,3,3
15025,47,55,-8,8
15026,228,221,7,7
15027,86,96,-10,10
15028,97,107,-10,10
15029,105,105,0,0
15030,59,59,0,0
15031,134,115,19,19
15032,122,125,-3,3
15033,116,130,-14,14
15034,72,79,-7,7
15035,95,114,-19,19
15036,48,46,2,2
15037,71,67,4,4
15038,164,174,-10,10
15039,80,81,-1,1
15040,96,92,4,4
15041,133,130,3,3
15042,121,134,-13,13
15043,122,116,6,6
15044,99,91,8,8
15045,96,95,1,1
15046,41,50,-9,9
15047,157,143,14,14
15048,104,86,18,18
15049,65,75,-10,10
15050,103,110,-7,7
15051,118,118,0,0
15052,99,102,-3,3
15053,126,118,8,8
15054,106,100,6,6
15055,55,50,5,5
15056,75,71,4,4
15057,69,76,-7,7
15058,107,112,-5,5
15059,122,131,-9,9
15060,63,68,-5,5
15061,107,102,5,5
15062,96,118,-22,22
15063,62,77,-15,15
15064,72,73,-1,1
15065,152,135,17,17
15066,65,73,-8,8
15067,78,73,5,5
15068,115,121,-6,6
15069,113,106,7,7
15070,113,93,20,20
15071,105,96,9,9
15072,116,121,-5,5
15073,158,145,13,13
15074,57,56,1,1
15075,141,148,-7,7
15076,82,83,-1,1
15077,106,107,-1,1
15078,96,91,5,5
15079,104,101,3,3
15080,98,96,2,2
15081,83,92,-9,9
15082,138,123,15,15
15083,148,140,8,8
15084,71,77,-6,6
15085,90,112,-22,22
15086,134,126,8,8
15087,129,140,-11,11
15088,127,135,-8,8
15089,77,77,0,0
15090,69,75,-6,6
15091,102,98,4,4
15092,69,61,8,8
15093,65,62,3,3
15094,102,112,-10,10
15095,56,74,-18,18
15096,123,113,10,10
15097,73,74,-1,1
15098,61,71,-10,10
15099,102,125,-23,23
15100,98,100,-2,2
15101,80,75,5,5
15102,85,88,-3,3
15103,61,67,-6,6
15104,127,125,2,2
15105,68,66,2,2
15106,127,129,-2,2
15107,71,75,-4,4
15108,71,60,11,11
15109,149,141,8,8
15110,91,91,0,0
15111,98,105,-7,7
15112,51,50,1,1
15113,90,92,-2,2
15114,105,121,-16,16
15115,84,84,0,0
15116,98,87,11,11
15117,188,181,7,7
15118,57,59,-2,2
15119,135,114,21,21
15120,107,103,4,4
15121,166,159,7,7
15122,102,99,3,3
15123,162,152,10,10
15124,74,75,-1,1
15125,81,86,-5,5
15126,58,61,-3,3
15127,93,81,12,12
15128,67,52,15,15
15129,136,138,-2,2
15130,122,120,2,2
15131,114,119,-5,5
15132,66,61,5,5
15133,121,117,4,4
15134,82,90,-8,8
15135,110,108,2,2
15136,63,69,-6,6
15137,108,111,-3,3
15138,77,82,-5,5
15139,86,87,-1,1
15140,74,68,6,6
15141,101,102,-1,1
15142,114,124,-10,10
15143,105,99,6,6
15144,106,108,-2,2
15145,83,75,8,8
15146,169,163,6,6
15147,71,72,-1,1
15148,87,91,-4,4
15149,67,62,5,5
15150,86,115,-29,29
15151,244,219,25,25
15152,96,99,-3,3
15153,136,140,-4,4
15154,64,67,-3,3
15155,131,142,-11,11
15156,142,147,-5,5
15157,63,73,-10,10
15158,56,63,-7,7
15159,65,66,-1,1
15160,116,126,-10,10
15161,57,55,2,2
15162,109,117,-8,8
15163,114,125,-11,11
15164,68,60,8,8
15165,114,115,-1,1
15166,64,79,-15,15
15167,112,126,-14,14
15168,47,53,-6,6
15169,66,59,7,7
15170,81,89,-8,8
15171,127,133,-6,6
15172,109,107,2,2
15173,72,66,6,6
15174,94,93,1,1
15175,46,52,-6,6
15176,113,85,28,28
15177,70,63,7,7
15178,80,85,-5,5
15179,64,69,-5,5
15180,113,104,9,9
15181,56,61,-5,5
15182,112,102,10,10
15183,50,56,-6,6
15184,101,95,6,6
15185,173,170,3,3
15186,57,49,8,8
15187,104,96,8,8
15188,90,87,3,3
15189,76,71,5,5
15190,94,95,-1,1
15191,105,136,-31,31
15192,121,134,-13,13
15193,126,146,-20,20
15194,127,121,6,6
15195,116,115,1,1
15196,88,80,8,8
15197,62,82,-20,20
15198,190,179,11,11
15199,91,97,-6,6
15200,68,74,-6,6
15201,102,99,3,3
15202,150,127,23,23
15203,85,93,-8,8
15204,45,48,-3,3
15205,106,112,-6,6
15206,64,61,3,3
15207,152,159,-7,7
15208,124,127,-3,3
15209,77,86,-9,9
15210,80,95,-15,15
15211,68,50,18,18
15212,131,133,-2,2
15213,141,125,16,16
15214,138,124,14,14
15215,139,165,-26,26
15216,54,66,-12,12
15217,81,83,-2,2
15218,131,143,-12,12
15219,105,105,0,0
15220,88,82,6,6
15221,97,100,-3,3
15222,132,128,4,4
15223,80,86,-6,6
15224,83,83,0,0
15225,56,65,-9,9
15226,68,85,-17,17
15227,88,87,1,1
15228,101,108,-7,7
15229,123,124,-1,1
15230,123,132,-9,9
15231,56,71,-15,15
15232,139,139,0,0
15233,102,106,-4,4
15234,53,55,-2,2
15235,145,149,-4,4
15236,94,99,-5,5
15237,126,130,-4,4
15238,92,87,5,5
15239,82,85,-3,3
15240,74,82,-8,8
15241,165,133,32,32
15242,99,105,-6,6
15243,139,143,-4,4
15244,84,78,6,6
15245,85,90,-5,5
15246,63,51,12,12
15247,174,149,25,25
15248,127,102,25,25
15249,93,103,-10,10
15250,106,109,-3,3
15251,108,137,-29,29
15252,93,87,6,6
15253,98,89,9,9
15254,91,87,4,4
15255,68,71,-3,3
15256,98,98,0,0
15257,264,286,-22,22
15258,105,96,9,9
15259,71,79,-8,8
15260,57,54,3,3
15261,99,100,-1,1
15262,87,84,3,3
15263,109,105,4,4
15264,132,134,-2,2
15265,66,75,-9,9
15266,99,103,-4,4
15267,70,65,5,5
15268,111,113,-2,2
15269,124,115,9,9
15270,53,60,-7,7
15271,113,105,8,8
15272,69,60,9,9
15273,69,78,-9,9
15274,80,80,0,0
15275,87,80,7,7
15276,117,110,7,7
15277,105,97,8,8
15278,64,61,3,3
15279,41,49,-8,8
15280,60,56,4,4
15281,93,91,2,2
15282,74,65,9,9
15283,100,93,7,7
15284,75,70,5,5
15285,117,105,12,12
15286,129,124,5,5
15287,145,156,-11,11
15288,102,100,2,2
15289,147,142,5,5
15290,55,60,-5,5
15291,91,80,11,11
15292,46,43,3,3
15293,211,174,37,37
15294,125,129,-4,4
15295,76,72,4,4
15296,84,83,1,1
15297,104,102,2,2
15298,62,69,-7,7
15299,77,79,-2,2
15300,100,100,0,0
15301,83,88,-5,5
15302,90,95,-5,5
15303,181,162,19,19
15304,132,134,-2,2
15305,88,89,-1,1
15306,85,86,-1,1
15307,69,74,-5,5
15308,59,59,0,0
15309,42,27,15,15
15310,138,135,3,3
15311,75,70,5,5
15312,116,128,-12,12
15313,76,84,-8,8
15314,85,84,1,1
15315,60,67,-7,7
15316,101,110,-9,9
15317,117,120,-3,3
15318,73,81,-8,8
15319,65,70,-5,5
15320,136,136,0,0
15321,40,36,4,4
15322,61,62,-1,1
15323,138,130,8,8
15324,55,61,-6,6
15325,87,78,9,9
15326,60,53,7,7
15327,42,40,2,2
15328,184,185,-1,1
15329,136,143,-7,7
15330,46,63,-17,17
15331,157,128,29,29
15332,99,105,-6,6
15333,64,60,4,4
15334,95,95,0,0
15335,138,136,2,2
15336,63,67,-4,4
15337,72,73,-1,1
15338,52,55,-3,3
15339,90,80,10,10
15340,78,87,-9,9
15341,97,108,-11,11
15342,118,124,-6,6
15343,89,94,-5,5
15344,55,60,-5,5
15345,109,110,-1,1
15346,64,71,-7,7
15347,103,102,1,1
15348,96,98,-2,2
15349,101,101,0,0
15350,130,128,2,2
15351,67,76,-9,9
15352,65,63,2,2
15353,80,74,6,6
15354,90,90,0,0
15355,86,83,3,3
15356,62,59,3,3
15357,162,152,10,10
15358,107,114,-7,7
15359,42,47,-5,5
15360,104,112,-8,8
15361,125,128,-3,3
15362,93,96,-3,3
15363,163,172,-9,9
15364,42,50,-8,8
15365,127,125,2,2
15366,94,100,-6,6
15367,88,88,0,0
15368,147,148,-1,1
15369,155,153,2,2
15370,107,102,5,5
15371,65,63,2,2
15372,94,112,-18,18
15373,77,84,-7,7
15374,128,125,3,3
15375,70,74,-4,4
15376,51,61,-10,10
15377,101,106,-5,5
15378,108,93,15,15
15379,169,160,9,9
15380,56,62,-6,6
15381,114,106,8,8
15382,129,139,-10,10
15383,98,96,2,2
15384,62,66,-4,4
15385,52,56,-4,4
15386,125,111,14,14
15387,123,117,6,6
15388,107,109,-2,2
15389,100,115,-15,15
15390,153,164,-11,11
15391,81,83,-2,2
15392,82,90,-8,8
15393,97,102,-5,5
15394,28,29,-1,1
15395,123,129,-6,6
15396,66,73,-7,7
15397,91,96,-5,5
15398,95,89,6,6
15399,66,73,-7,7
15400,105,106,-1,1
15401,64,59,5,5
15402,106,108,-2,2
15403,136,126,10,10
15404,87,86,1,1
15405,71,67,4,4
15406,116,122,-6,6
15407,88,94,-6,6
15408,53,54,-1,1
15409,126,114,12,12
15410,144,132,12,12
15411,74,75,-1,1
15412,63,67,-4,4
15413,72,75,-3,3
15414,73,59,14,14
15415,76,87,-11,11
15416,88,85,3,3
15417,78,80,-2,2
15418,103,107,-4,4
15419,76,69,7,7
15420,41,78,-37,37
15421,231,204,27,27
15422,134,149,-15,15
15423,126,114,12,12
15424,138,126,12,12
15425,103,117,-14,14
15426,90,94,-4,4
15427,73,73,0,0
15428,63,77,-14,14
15429,81,97,-16,16
15430,120,97,23,23
15431,92,95,-3,3
15432,100,102,-2,2
15433,51,59,-8,8
15434,116,116,0,0
15435,97,98,-1,1
15436,87,75,12,12
15437,138,129,9,9
15438,52,60,-8,8
15439,36,40,-4,4
15440,167,167,0,0
15441,80,88,-8,8
15442,117,123,-6,6
15443,91,78,13,13
15444,163,147,16,16
15445,112,124,-12,12
15446,75,79,-4,4
15447,119,115,4,4
15448,61,62,-1,1
15449,71,66,5,5
15450,117,119,-2,2
15451,115,127,-12,12
15452,99,102,-3,3
15453,125,126,-1,1
15454,100,98,2,2
15455,153,157,-4,4
15456,146,144,2,2
15457,157,144,13,13
15458,104,113,-9,9
15459,130,131,-1,1
15460,137,149,-12,12
15461,105,114,-9,9
15462,101,94,7,7
15463,110,120,-10,10
15464,97,92,5,5
15465,87,72,15,15
15466,107,109,-2,2
15467,87,86,1,1
15468,90,62,28,28
15469,90,83,7,7
15470,118,120,-2,2
15471,57,58,-1,1
15472,108,117,-9,9
15473,51,48,3,3
15474,56,76,-20,20
15475,53,65,-12,12
15476,55,60,-5,5
15477,68,77,-9,9
15478,61,63,-2,2
15479,142,156,-14,14
15480,83,56,27,27
15481,56,61,-5,5
15482,60,72,-12,12
15483,59,68,-9,9
15484,119,130,-11,11
15485,60,69,-9,9
15486,60,69,-9,9
15487,106,107,-1,1
15488,78,74,4,4
15489,83,84,-1,1
15490,63,68,-5,5
15491,147,170,-23,23
15492,182,163,19,19
15493,129,126,3,3
15494,97,105,-8,8
15495,115,120,-5,5
15496,105,109,-4,4
15497,102,101,1,1
15498,127,137,-10,10
15499,157,156,1,1
15500,84,81,3,3
15501,152,130,22,22
15502,74,81,-7,7
15503,79,83,-4,4
15504,123,122,1,1
15505,135,148,-13,13
15506,82,90,-8,8
15507,111,110,1,1
15508,62,92,-30,30
15509,59,64,-5,5
15510,77,91,-14,14
15511,63,65,-2,2
15512,81,75,6,6
15513,56,51,5,5
15514,69,75,-6,6
15515,65,70,-5,5
15516,82,83,-1,1
15517,91,87,4,4
15518,190,165,25,25
15519,185,174,11,11
15520,131,127,4,4
15521,65,64,1,1
15522,158,152,6,6
15523,144,154,-10,10
15524,73,86,-13,13
15525,80,72,8,8
15526,152,143,9,9
15527,62,68,-6,6
15528,64,68,-4,4
15529,65,76,-11,11
15530,146,139,7,7
15531,124,122,2,2
15532,108,103,5,5
15533,131,132,-1,1
15534,107,116,-9,9
15535,104,106,-2,2
15536,78,74,4,4
15537,115,127,-12,12
15538,159,152,7,7
15539,103,117,-14,14
15540,101,106,-5,5
15541,63,66,-3,3
15542,160,152,8,8
15543,61,63,-2,2
15544,60,61,-1,1
15545,130,139,-9,9
15546,96,96,0,0
15547,84,89,-5,5
15548,93,99,-6,6
15549,110,115,-5,5
15550,66,65,1,1
15551,77,69,8,8
15552,103,100,3,3
15553,78,83,-5,5
15554,147,152,-5,5
15555,87,106,-19,19
15556,84,76,8,8
15557,83,79,4,4
15558,69,67,2,2
15559,180,206,-26,26
15560,140,142,-2,2
15561,57,61,-4,4
15562,120,117,3,3
15563,62,64,-2,2
15564,79,83,-4,4
15565,127,136,-9,9
15566,64,70,-6,6
15567,81,76,5,5
15568,100,103,-3,3
15569,118,118,0,0
15570,85,71,14,14
15571,77,92,-15,15
15572,104,101,3,3
15573,72,69,3,3
15574,101,105,-4,4
15575,95,102,-7,7
15576,98,93,5,5
15577,62,59,3,3
15578,98,89,9,9
15579,113,129,-16,16
15580,62,66,-4,4
15581,52,53,-1,1
15582,112,91,21,21
15583,80,79,1,1
15584,106,123,-17,17
15585,63,67,-4,4
15586,49,57,-8,8
15587,72,83,-11,11
15588,117,109,8,8
15589,116,107,9,9
15590,94,90,4,4
15591,95,97,-2,2
15592,83,98,-15,15
15593,119,116,3,3
15594,106,109,-3,3
15595,92,86,6,6
15596,70,77,-7,7
15597,133,125,8,8
15598,64,61,3,3
15599,169,154,15,15
15600,93,88,5,5
15601,102,111,-9,9
15602,87,74,13,13
15603,71,75,-4,4
15604,62,62,0,0
15605,59,53,6,6
15606,85,77,8,8
15607,72,72,0,0
15608,50,41,9,9
15609,92,96,-4,4
15610,127,125,2,2
15611,57,54,3,3
15612,107,104,3,3
15613,65,65,0,0
15614,82,86,-4,4
15615,81,84,-3,3
15616,98,103,-5,5
15617,82,81,1,1
15618,110,134,-24,24
15619,166,152,14,14
15620,107,115,-8,8
15621,50,52,-2,2
15622,148,129,19,19
15623,70,74,-4,4
15624,100,90,10,10
15625,108,114,-6,6
15626,113,121,-8,8
15627,53,63,-10,10
15628,126,125,1,1
15629,72,74,-2,2
15630,197,184,13,13
15631,47,45,2,2
15632,89,87,2,2
15633,143,128,15,15
15634,119,123,-4,4
15635,76,82,-6,6
15636,73,82,-9,9
15637,68,72,-4,4
15638,111,111,0,0
15639,121,111,10,10
15640,92,107,-15,15
15641,113,109,4,4
15642,98,110,-12,12
15643,152,160,-8,8
15644,80,83,-3,3
15645,82,74,8,8
15646,128,118,10,10
15647,49,58,-9,9
15648,128,127,1,1
15649,63,65,-2,2
15650,52,55,-3,3
15651,89,86,3,3
15652,68,64,4,4
15653,109,105,4,4
15654,83,84,-1,1
15655,97,104,-7,7
15656,73,77,-4,4
15657,75,75,0,0
15658,127,118,9,9
15659,52,84,-32,32
15660,69,66,3,3
15661,152,154,-2,2
15662,87,73,14,14
15663,130,112,18,18
15664,72,78,-6,6
15665,114,124,-10,10
15666,75,63,12,12
15667,136,126,10,10
15668,77,74,3,3
15669,88,80,8,8
15670,64,71,-7,7
15671,90,78,12,12
15672,174,173,1,1
15673,57,66,-9,9
15674,56,63,-7,7
15675,78,78,0,0
15676,81,79,2,2
15677,67,61,6,6
15678,123,115,8,8
15679,146,151,-5,5
15680,123,122,1,1
15681,98,110,-12,12
15682,61,81,-20,20
15683,109,109,0,0
15684,76,84,-8,8
15685,121,127,-6,6
15686,81,83,-2,2
15687,38,54,-16,16
15688,70,78,-8,8
15689,83,85,-2,2
15690,100,100,0,0
15691,79,96,-17,17
15692,98,102,-4,4
15693,79,71,8,8
15694,196,173,23,23
15695,137,135,2,2
15696,67,65,2,2
15697,87,95,-8,8
15698,79,80,-1,1
15699,84,96,-12,12
15700,104,126,-22,22
15701,105,124,-19,19
15702,113,100,13,13
15703,54,39,15,15
15704,77,63,14,14
15705,124,114,10,10
15706,103,110,-7,7
15707,175,151,24,24
15708,67,67,0,0
15709,86,97,-11,11
15710,65,70,-5,5
15711,74,63,11,11
15712,85,50,35,35
15713,77,75,2,2
15714,94,104,-10,10
15715,163,146,17,17
15716,107,116,-9,9
15717,126,124,2,2
15718,97,90,7,7
15719,80,82,-2,2
15720,150,145,5,5
15721,67,71,-4,4
15722,120,106,14,14
15723,86,98,-12,12
15724,80,79,1,1
15725,79,78,1,1
15726,98,99,-1,1
15727,100,104,-4,4
15728,105,99,6,6
15729,140,152,-12,12
15730,110,103,7,7
15731,101,91,10,10
15732,50,54,-4,4
15733,132,127,5,5
15734,160,150,10,10
15735,119,106,13,13
15736,94,89,5,5
15737,83,80,3,3
15738,92,87,5,5
15739,76,75,1,1
15740,103,112,-9,9
15741,93,97,-4,4
15742,67,63,4,4
15743,104,113,-9,9
15744,123,120,3,3
15745,90,83,7,7
15746,75,77,-2,2
15747,120,118,2,2
15748,66,58,8,8
15749,106,107,-1,1
15750,120,119,1,1
15751,98,89,9,9
15752,105,105,0,0
15753,97,92,5,5
15754,101,96,5,5
15755,80,82,-2,2
15756,87,85,2,2
15757,68,66,2,2
15758,160,151,9,9
15759,77,81,-4,4
15760,65,69,-4,4
15761,90,91,-1,1
15762,34,29,5,5
15763,90,96,-6,6
15764,83,76,7,7
15765,47,44,3,3
15766,47,74,-27,27
15767,106,116,-10,10
15768,63,67,-4,4
15769,96,91,5,5
15770,108,115,-7,7
15771,85,77,8,8
15772,157,143,14,14
15773,90,53,37,37
15774,116,116,0,0
15775,132,138,-6,6
15776,123,119,4,4
15777,118,119,-1,1
15778,45,55,-10,10
15779,60,60,0,0
15780,179,154,25,25
15781,111,110,1,1
15782,118,119,-1,1
15783,87,103,-16,16
15784,51,60,-9,9
15785,37,38,-1,1
15786,91,90,1,1
15787,69,68,1,1
15788,130,113,17,17
15789,102,108,-6,6
15790,93,99,-6,6
15791,129,120,9,9
15792,54,51,3,3
15793,70,68,2,2
15794,125,115,10,10
15795,59,60,-1,1
15796,46,39,7,7
15797,64,69,-5,5
15798,113,104,9,9
15799,110,98,12,12
15800,46,50,-4,4
15801,134,146,-12,12
15802,71,88,-17,17
15803,143,147,-4,4
15804,63,66,-3,3
15805,120,141,-21,21
15806,86,81,5,5
15807,74,80,-6,6
15808,118,124,-6,6
15809,61,67,-6,6
15810,65,62,3,3
15811,136,119,17,17
15812,85,87,-2,2
15813,105,86,19,19
15814,146,140,6,6
15815,98,106,-8,8
15816,30,30,0,0
15817,76,81,-5,5
15818,148,151,-3,3
15819,126,111,15,15
15820,121,118,3,3
15821,173,129,44,44
15822,68,91,-23,23
15823,100,96,4,4
15824,109,108,1,1
15825,73,81,-8,8
15826,97,99,-2,2
15827,92,96,-4,4
15828,97,96,1,1
15829,88,97,-9,9
15830,159,136,23,23
15831,104,108,-4,4
15832,65,68,-3,3
15833,84,82,2,2
15834,82,82,0,0
15835,100,110,-10,10
15836,105,108,-3,3
15837,70,77,-7,7
15838,77,69,8,8
15839,111,104,7,7
15840,96,86,10,10
15841,98,111,-13,13
15842,89,94,-5,5
15843,62,68,-6,6
15844,144,142,2,2
15845,134,125,9,9
15846,96,99,-3,3
15847,64,73,-9,9
15848,74,79,-5,5
15849,113,112,1,1
15850,125,146,-21,21
15851,122,115,7,7
15852,66,74,-8,8
15853,46,49,-3,3
15854,115,123,-8,8
15855,59,67,-8,8
15856,76,76,0,0
15857,97,93,4,4
15858,125,130,-5,5
15859,138,102,36,36
15860,24,22,2,2
15861,34,28,6,6
15862,77,77,0,0
15863,112,115,-3,3
15864,123,120,3,3
15865,88,88,0,0
15866,130,121,9,9
15867,108,101,7,7
15868,52,48,4,4
15869,112,121,-9,9
15870,41,44,-3,3
15871,68,74,-6,6
15872,111,105,6,6
15873,97,100,-3,3
15874,73,83,-10,10
15875,75,77,-2,2
15876,79,93,-14,14
15877,62,59,3,3
15878,75,90,-15,15
15879,128,131,-3,3
15880,113,121,-8,8
15881,49,46,3,3
15882,65,61,4,4
15883,64,66,-2,2
15884,97,114,-17,17
15885,117,115,2,2
15886,62,60,2,2
15887,75,94,-19,19
15888,80,90,-10,10
15889,63,66,-3,3
15890,50,60,-10,10
15891,112,111,1,1
15892,129,122,7,7
15893,78,76,2,2
15894,102,101,1,1
15895,101,96,5,5
15896,67,71,-4,4
15897,49,48,1,1
15898,184,170,14,14
15899,81,81,0,0
15900,70,69,1,1
15901,95,93,2,2
15902,111,99,12,12
15903,141,124,17,17
15904,105,116,-11,11
15905,54,44,10,10
15906,78,77,1,1
15907,155,144,11,11
15908,134,128,6,6
15909,88,78,10,10
15910,66,76,-10,10
15911,64,76,-12,12
15912,60,60,0,0
15913,94,91,3,3
15914,103,93,10,10
15915,146,150,-4,4
15916,74,88,-14,14
15917,73,68,5,5
15918,62,61,1,1
15919,103,105,-2,2
15920,126,126,0,0
15921,96,89,7,7
15922,160,143,17,17
15923,118,113,5,5
15924,128,118,10,10
15925,191,174,17,17
15926,123,115,8,8
15927,107,101,6,6
15928,55,53,2,2
15929,47,36,11,11
15930,55,51,4,4
15931,58,57,1,1
15932,107,115,-8,8
15933,76,75,1,1
15934,96,86,10,10
15935,57,59,-2,2
15936,110,116,-6,6
15937,79,76,3,3
15938,65,70,-5,5
15939,123,112,11,11
15940,61,55,6,6
15941,65,72,-7,7
15942,113,108,5,5
15943,49,47,2,2
15944,82,92,-10,10
15945,98,105,-7,7
15946,75,78,-3,3
15947,112,122,-10,10
15948,113,106,7,7
15949,94,97,-3,3
15950,58,47,11,11
15951,64,66,-2,2
15952,105,111,-6,6
15953,101,109,-8,8
15954,68,75,-7,7
15955,101,96,5,5
15956,52,39,13,13
15957,70,59,11,11
15958,97,125,-28,28
15959,117,107,10,10
15960,68,72,-4,4
15961,127,115,12,12
15962,69,75,-6,6
15963,90,98,-8,8
15964,40,42,-2,2
15965,114,106,8,8
15966,98,105,-7,7
15967,66,67,-1,1
15968,67,92,-25,25
15969,190,186,4,4
15970,104,103,1,1
15971,74,78,-4,4
15972,69,59,10,10
15973,86,95,-9,9
15974,102,93,9,9
15975,122,117,5,5
15976,142,138,4,4
15977,103,93,10,10
15978,164,151,13,13
15979,110,127,-17,17
15980,64,67,-3,3
15981,74,69,5,5
15982,61,53,8,8
15983,63,70,-7,7
15984,100,85,15,15
15985,107,112,-5,5
15986,102,94,8,8
15987,31,40,-9,9
15988,147,134,13,13
15989,60,63,-3,3
15990,86,81,5,5
15991,114,127,-13,13
15992,103,120,-17,17
15993,75,78,-3,3
15994,95,100,-5,5
15995,87,82,5,5
15996,99,92,7,7
15997,114,119,-5,5
15998,76,83,-7,7
15999,120,123,-3,3
16000,90,79,11,11
16001,64,61,3,3
16002,113,118,-5,5
16003,66,65,1,1
16004,123,107,16,16
16005,132,116,16,16
16006,124,106,18,18
16007,56,57,-1,1
16008,125,129,-4,4
16009,101,109,-8,8
16010,89,67,22,22
16011,57,69,-12,12
16012,98,92,6,6
16013,101,104,-3,3
16014,82,87,-5,5
16015,128,131,-3,3
16016,56,61,-5,5
16017,162,165,-3,3
16018,84,100,-16,16
16019,79,71,8,8
16020,53,57,-4,4
16021,55,56,-1,1
16022,62,65,-3,3
16023,73,82,-9,9
16024,42,50,-8,8
16025,127,135,-8,8
16026,52,52,0,0
16027,121,130,-9,9
16028,75,88,-13,13
16029,89,83,6,6
16030,64,63,1,1
16031,36,29,7,7
16032,89,82,7,7
16033,72,66,6,6
16034,148,148,0,0
16035,106,113,-7,7
16036,158,163,-5,5
16037,131,130,1,1
16038,130,132,-2,2
16039,77,70,7,7
16040,136,130,6,6
16041,102,107,-5,5
16042,86,89,-3,3
16043,89,83,6,6
16044,101,91,10,10
16045,99,96,3,3
16046,100,96,4,4
16047,69,72,-3,3
16048,92,89,3,3
16049,69,74,-5,5
16050,128,126,2,2
16051,151,135,16,16
16052,39,35,4,4
16053,44,53,-9,9
16054,74,101,-27,27
16055,82,75,7,7
16056,140,138,2,2
16057,120,115,5,5
16058,79,69,10,10
16059,89,93,-4,4
16060,158,185,-27,27
16061,105,131,-26,26
16062,113,116,-3,3
16063,58,40,18,18
16064,95,95,0,0
16065,82,91,-9,9
16066,140,137,3,3
16067,66,77,-11,11
16068,94,97,-3,3
16069,116,126,-10,10
16070,70,85,-15,15
16071,90,95,-5,5
16072,73,84,-11,11
16073,62,102,-40,40
16074,55,58,-3,3
16075,87,73,14,14
16076,97,96,1,1
16077,75,74,1,1
16078,113,116,-3,3
16079,148,133,15,15
16080,144,163,-19,19
16081,64,60,4,4
16082,117,105,12,12
16083,89,88,1,1
16084,106,104,2,2
16085,130,120,10,10
16086,91,95,-4,4
16087,52,48,4,4
16088,54,62,-8,8
16089,117,107,10,10
16090,127,142,-15,15
16091,104,89,15,15
16092,122,114,8,8
16093,67,57,10,10
16094,73,82,-9,9
16095,84,85,-1,1
16096,63,63,0,0
16097,199,188,11,11
16098,138,154,-16,16
16099,85,83,2,2
16100,112,115,-3,3
16101,100,101,-1,1
16102,184,181,3,3
16103,90,90,0,0
16104,55,61,-6,6
16105,142,131,11,11
16106,124,126,-2,2
16107,83,92,-9,9
16108,79,91,-12,12
16109,52,55,-3,3
16110,92,97,-5,5
16111,71,75,-4,4
16112,47,44,3,3
16113,83,72,11,11
16114,68,67,1,1
16115,65,75,-10,10
16116,99,98,1,1
16117,114,122,-8,8
16118,98,111,-13,13
16119,84,107,-23,23
16120,181,155,26,26
16121,51,46,5,5
16122,95,80,15,15
16123,77,83,-6,6
16124,70,79,-9,9
16125,103,93,10,10
16126,106,104,2,2
16127,70,80,-10,10
16128,92,92,0,0
16129,104,92,12,12
16130,49,62,-13,13
16131,62,72,-10,10
16132,52,56,-4,4
16133,88,89,-1,1
16134,84,78,6,6
16135,80,87,-7,7
16136,55,59,-4,4
16137,84,81,3,3
16138,158,128,30,30
16139,76,67,9,9
16140,58,63,-5,5
16141,94,91,3,3
16142,44,44,0,0
16143,96,92,4,4
16144,134,131,3,3
16145,124,126,-2,2
16146,137,139,-2,2
16147,139,126,13,13
16148,40,38,2,2
16149,64,64,0,0
16150,100,102,-2,2
16151,90,88,2,2
16152,88,92,-4,4
16153,80,81,-1,1
16154,67,61,6,6
16155,96,96,0,0
16156,74,69,5,5
16157,80,75,5,5
16158,54,58,-4,4
16159,133,123,10,10
16160,71,68,3,3
16161,151,140,11,11
16162,150,150,0,0
16163,107,109,-2,2
16164,104,109,-5,5
16165,96,101,-5,5
16166,164,168,-4,4
16167,61,76,-15,15
16168,95,95,0,0
16169,120,119,1,1
16170,107,115,-8,8
16171,116,104,12,12
16172,89,86,3,3
16173,42,40,2,2
16174,74,73,1,1
16175,100,109,-9,9
16176,66,68,-2,2
16177,105,110,-5,5
16178,108,98,10,10
16179,144,147,-3,3
16180,118,117,1,1
16181,82,78,4,4
16182,164,139,25,25
16183,125,135,-10,10
16184,68,62,6,6
16185,102,94,8,8
16186,109,126,-17,17
16187,111,97,14,14
16188,115,96,19,19
16189,58,51,7,7
16190,109,105,4,4
16191,90,85,5,5
16192,99,97,2,2
16193,124,135,-11,11
16194,147,124,23,23
16195,67,67,0,0
16196,89,93,-4,4
16197,77,70,7,7
16198,106,135,-29,29
16199,78,79,-1,1
16200,58,74,-16,16
16201,119,114,5,5
16202,74,81,-7,7
16203,80,81,-1,1
16204,143,139,4,4
16205,160,150,10,10
16206,117,110,7,7
16207,79,72,7,7
16208,103,106,-3,3
16209,88,80,8,8
16210,74,83,-9,9
16211,96,108,-12,12
16212,94,110,-16,16
16213,66,63,3,3
16214,43,51,-8,8
16215,137,135,2,2
16216,89,84,5,5
16217,95,101,-6,6
16218,172,175,-3,3
16219,37,41,-4,4
16220,75,74,1,1
16221,112,111,1,1
16222,98,95,3,3
16223,137,143,-6,6
16224,122,109,13,13
16225,55,50,5,5
16226,65,62,3,3
16227,105,124,-19,19
16228,67,77,-10,10
16229,115,111,4,4
16230,35,69,-34,34
16231,95,92,3,3
16232,62,59,3,3
16233,60,51,9,9
16234,142,123,19,19
16235,74,84,-10,10
16236,100,96,4,4
16237,179,120,59,59
16238,173,154,19,19
16239,161,158,3,3
16240,76,73,3,3
16241,79,91,-12,12
16242,116,88,28,28
16243,58,64,-6,6
16244,83,82,1,1
16245,48,56,-8,8
16246,74,74,0,0
16247,57,58,-1,1
16248,84,74,10,10
16249,114,108,6,6
16250,72,63,9,9
16251,96,104,-8,8
16252,113,152,-39,39
16253,105,98,7,7
16254,149,134,15,15
16255,62,69,-7,7
16256,72,65,7,7
16257,77,75,2,2
16258,152,145,7,7
16259,94,89,5,5
16260,115,115,0,0
16261,56,47,9,9
16262,65,67,-2,2
16263,111,105,6,6
16264,73,86,-13,13
16265,75,68,7,7
16266,90,70,20,20
16267,121,128,-7,7
16268,111,103,8,8
16269,179,167,12,12
16270,136,140,-4,4
16271,111,133,-22,22
16272,35,44,-9,9
16273,90,94,-4,4
16274,58,53,5,5
16275,172,158,14,14
16276,77,78,-1,1
16277,81,76,5,5
16278,31,29,2,2
16279,87,91,-4,4
16280,63,76,-13,13
16281,114,110,4,4
16282,96,97,-1,1
16283,83,87,-4,4
16284,117,126,-9,9
16285,121,107,14,14
16286,89,96,-7,7
16287,106,115,-9,9
16288,108,105,3,3
16289,121,125,-4,4
16290,160,146,14,14
16291,110,115,-5,5
16292,87,82,5,5
16293,107,108,-1,1
16294,117,128,-11,11
16295,74,83,-9,9
16296,96,91,5,5
16297,133,124,9,9
16298,81,92,-11,11
16299,81,86,-5,5
16300,76,77,-1,1
16301,57,65,-8,8
16302,131,136,-5,5
16303,91,85,6,6
16304,39,44,-5,5
16305,119,120,-1,1
16306,138,131,7,7
16307,105,113,-8,8
16308,77,62,15,15
16309,132,142,-10,10
16310,58,64,-6,6
16311,42,40,2,2
16312,67,69,-2,2
16313,54,55,-1,1
16314,74,70,4,4
16315,95,98,-3,3
16316,73,54,19,19
16317,75,90,-15,15
16318,58,51,7,7
16319,112,107,5,5
16320,114,104,10,10
16321,118,124,-6,6
16322,63,66,-3,3
16323,59,74,-15,15
16324,56,64,-8,8
16325,66,65,1,1
16326,64,66,-2,2
16327,100,90,10,10
16328,97,100,-3,3
16329,155,149,6,6
16330,93,84,9,9
16331,123,126,-3,3
16332,89,53,36,36
16333,76,87,-11,11
16334,178,174,4,4
16335,67,56,11,11
16336,112,111,1,1
16337,105,101,4,4
16338,95,93,2,2
16339,81,83,-2,2
16340,67,77,-10,10
16341,79,54,25,25
16342,117,123,-6,6
16343,72,80,-8,8
16344,103,100,3,3
16345,109,113,-4,4
16346,59,61,-2,2
16347,101,101,0,0
16348,112,119,-7,7
16349,158,143,15,15
16350,119,122,-3,3
16351,92,94,-2,2
16352,38,42,-4,4
16353,66,76,-10,10
16354,69,69,0,0
16355,51,50,1,1
16356,200,166,34,34
16357,93,88,5,5
16358,97,96,1,1
16359,171,149,22,22
16360,65,70,-5,5
16361,102,95,7,7
16362,72,73,-1,1
16363,55,57,-2,2
16364,118,100,18,18
16365,86,85,1,1
16366,135,118,17,17
16367,78,53,25,25
16368,115,122,-7,7
16369,140,148,-8,8
16370,61,66,-5,5
16371,48,56,-8,8
16372,78,79,-1,1
16373,195,191,4,4
16374,48,64,-16,16
16375,71,55,16,16
16376,126,121,5,5
16377,207,188,19,19
16378,111,103,8,8
16379,75,90,-15,15
16380,106,102,4,4
16381,84,83,1,1
16382,140,139,1,1
16383,77,96,-19,19
16384,88,94,-6,6
16385,63,68,-5,5
16386,146,135,11,11
16387,43,42,1,1
16388,87,87,0,0
16389,63,61,2,2
16390,92,100,-8,8
16391,64,71,-7,7
16392,107,95,12,12
16393,114,107,7,7
16394,76,68,8,8
16395,108,121,-13,13
16396,61,52,9,9
16397,157,152,5,5
16398,161,147,14,14
16399,81,82,-1,1
16400,42,36,6,6
16401,120,86,34,34
16402,118,110,8,8
16403,99,93,6,6
16404,78,79,-1,1
16405,39,37,2,2
16406,62,66,-4,4
16407,93,94,-1,1
16408,51,52,-1,1
16409,63,87,-24,24
16410,131,137,-6,6
16411,117,104,13,13
16412,96,93,3,3
16413,158,141,17,17
16414,88,90,-2,2
16415,77,84,-7,7
16416,84,90,-6,6
16417,123,130,-7,7
16418,84,84,0,0
16419,122,127,-5,5
16420,88,94,-6,6
16421,73,65,8,8
16422,198,198,0,0
16423,87,78,9,9
16424,76,82,-6,6
16425,85,92,-7,7
16426,86,103,-17,17
16427,161,156,5,5
16428,132,104,28,28
16429,65,54,11,11
16430,65,52,13,13
16431,155,134,21,21
16432,94,104,-10,10
16433,91,87,4,4
16434,94,112,-18,18
16435,132,129,3,3
16436,74,93,-19,19
16437,134,129,5,5
16438,186,180,6,6
16439,117,106,11,11
16440,128,134,-6,6
16441,49,52,-3,3
16442,52,58,-6,6
16443,54,50,4,4
16444,49,55,-6,6
16445,61,69,-8,8
16446,87,89,-2,2
16447,121,128,-7,7
16448,110,113,-3,3
16449,29,34,-5,5
16450,75,71,4,4
16451,119,131,-12,12
16452,100,98,2,2
16453,73,99,-26,26
16454,71,74,-3,3
16455,61,84,-23,23
16456,91,106,-15,15
16457,68,85,-17,17
16458,79,74,5,5
16459,141,149,-8,8
16460,89,88,1,1
16461,132,135,-3,3
16462,110,103,7,7
16463,70,75,-5,5
16464,49,49,0,0
16465,99,102,-3,3
16466,60,59,1,1
16467,94,97,-3,3
16468,89,87,2,2
16469,149,142,7,7
16470,78,72,6,6
16471,133,145,-12,12
16472,134,147,-13,13
16473,65,73,-8,8
16474,117,104,13,13
16475,96,93,3,3
16476,130,113,17,17
16477,138,133,5,5
16478,85,91,-6,6
16479,128,136,-8,8
16480,84,87,-3,3
16481,127,115,12,12
16482,67,74,-7,7
16483,149,156,-7,7
16484,77,71,6,6
16485,91,91,0,0
16486,137,132,5,5
16487,142,136,6,6
16488,68,66,2,2
16489,129,136,-7,7
16490,120,118,2,2
16491,38,36,2,2
16492,109,110,-1,1
16493,101,87,14,14
16494,66,108,-42,42
16495,61,69,-8,8
16496,107,110,-3,3
16497,112,102,10,10
16498,114,126,-12,12
16499,96,101,-5,5
16500,136,135,1,1
16501,60,66,-6,6
16502,108,99,9,9
16503,109,106,3,3
16504,98,91,7,7
16505,53,72,-19,19
16506,68,60,8,8
16507,114,110,4,4
16508,181,177,4,4
16509,121,120,1,1
16510,67,59,8,8
16511,78,65,13,13
16512,74,63,11,11
16513,47,42,5,5
16514,113,124,-11,11
16515,41,29,12,12
16516,57,67,-10,10
16517,68,61,7,7
16518,88,92,-4,4
16519,76,98,-22,22
16520,96,99,-3,3
16521,45,52,-7,7
16522,119,118,1,1
16523,104,113,-9,9
16524,111,110,1,1
16525,62,58,4,4
16526,94,97,-3,3
16527,86,83,3,3
16528,78,93,-15,15
16529,132,122,10,10
16530,105,108,-3,3
16531,141,127,14,14
16532,59,65,-6,6
16533,205,175,30,30
16534,91,92,-1,1
16535,87,108,-21,21
16536,87,92,-5,5
16537,102,86,16,16
16538,94,90,4,4
16539,77,87,-10,10
16540,61,62,-1,1
16541,152,132,20,20
16542,85,83,2,2
16543,120,116,4,4
16544,83,93,-10,10
16545,135,135,0,0
16546,52,54,-2,2
16547,79,88,-9,9
16548,50,45,5,5
16549,152,140,12,12
16550,80,69,11,11
16551,83,86,-3,3
16552,163,161,2,2
16553,75,78,-3,3
16554,72,72,0,0
16555,93,95,-2,2
16556,118,113,5,5
16557,84,90,-6,6
16558,72,77,-5,5
16559,75,80,-5,5
16560,79,83,-4,4
16561,84,96,-12,12
16562,88,91,-3,3
16563,99,100,-1,1
16564,59,65,-6,6
16565,112,104,8,8
16566,128,119,9,9
16567,115,98,17,17
16568,101,120,-19,19
16569,60,65,-5,5
16570,80,82,-2,2
16571,134,135,-1,1
16572,72,66,6,6
16573,160,151,9,9
16574,123,124,-1,1
16575,111,105,6,6
16576,61,63,-2,2
16577,68,69,-1,1
16578,131,138,-7,7
16579,135,131,4,4
16580,217,220,-3,3
16581,56,54,2,2
16582,86,97,-11,11
16583,104,99,5,5
16584,87,93,-6,6
16585,76,80,-4,4
16586,137,126,11,11
16587,86,87,-1,1
16588,53,57,-4,4
16589,82,85,-3,3
16590,52,46,6,6
16591,85,84,1,1
16592,110,108,2,2
16593,58,57,1,1
16594,103,107,-4,4
16595,40,37,3,3
16596,70,66,4,4
16597,50,47,3,3
16598,69,71,-2,2
16599,108,115,-7,7
16600,82,64,18,18
16601,138,127,11,11
16602,103,102,1,1
16603,119,110,9,9
16604,111,101,10,10
16605,154,150,4,4
16606,131,125,6,6
16607,67,68,-1,1
16608,76,74,2,2
16609,104,106,-2,2
16610,134,125,9,9
16611,41,39,2,2
16612,54,46,8,8
16613,116,113,3,3
16614,58,54,4,4
16615,74,88,-14,14
16616,101,100,1,1
16617,62,61,1,1
16618,141,136,5,5
16619,93,94,-1,1
16620,98,97,1,1
16621,88,102,-14,14
16622,33,31,2,2
16623,115,138,-23,23
16624,86,97,-11,11
16625,156,141,15,15
16626,66,63,3,3
16627,93,94,-1,1
16628,61,63,-2,2
16629,128,122,6,6
16630,161,145,16,16
16631,51,51,0,0
16632,59,53,6,6
16633,97,95,2,2
16634,157,134,23,23
16635,91,100,-9,9
16636,67,66,1,1
16637,90,94,-4,4
16638,82,81,1,1
16639,104,98,6,6
16640,96,96,0,0
16641,122,127,-5,5
16642,86,84,2,2
16643,126,135,-9,9
16644,87,81,6,6
16645,77,82,-5,5
16646,117,109,8,8
16647,144,138,6,6
16648,86,78,8,8
16649,61,61,0,0
16650,79,102,-23,23
16651,96,101,-5,5
16652,89,104,-15,15
16653,89,95,-6,6
16654,110,108,2,2
16655,87,80,7,7
16656,39,32,7,7
16657,98,93,5,5
16658,151,141,10,10
16659,89,88,1,1
16660,67,73,-6,6
16661,71,69,2,2
16662,119,118,1,1
16663,86,86,0,0
16664,147,133,14,14
16665,51,51,0,0
16666,83,100,-17,17
16667,83,92,-9,9
16668,54,55,-1,1
16669,138,99,39,39
16670,64,69,-5,5
16671,80,78,2,2
16672,58,47,11,11
16673,92,88,4,4
16674,56,79,-23,23
16675,114,127,-13,13
16676,58,62,-4,4
16677,51,58,-7,7
16678,111,110,1,1
16679,66,75,-9,9
16680,64,62,2,2
16681,99,110,-11,11
16682,73,71,2,2
16683,110,99,11,11
16684,99,104,-5,5
16685,92,85,7,7
16686,57,59,-2,2
16687,138,132,6,6
16688,156,158,-2,2
16689,113,112,1,1
16690,37,42,-5,5
16691,119,116,3,3
16692,109,115,-6,6
16693,137,138,-1,1
16694,187,149,38,38
16695,77,82,-5,5
16696,78,72,6,6
16697,89,92,-3,3
16698,144,141,3,3
16699,111,120,-9,9
16700,46,52,-6,6
16701,119,121,-2,2
16702,89,75,14,14
16703,85,83,2,2
16704,155,141,14,14
16705,164,163,1,1
16706,176,169,7,7
16707,61,64,-3,3
16708,143,151,-8,8
16709,66,53,13,13
16710,138,128,10,10
16711,107,109,-2,2
16712,80,75,5,5
16713,95,90,5,5
16714,94,106,-12,12
16715,90,87,3,3
16716,65,68,-3,3
16717,75,69,6,6
16718,54,56,-2,2
16719,84,91,-7,7
16720,129,131,-2,2
16721,142,120,22,22
16722,96,97,-1,1
16723,112,120,-8,8
16724,93,84,9,9
16725,57,63,-6,6
16726,36,45,-9,9
16727,46,50,-4,4
16728,94,100,-6,6
16729,57,60,-3,3
16730,106,116,-10,10
16731,130,131,-1,1
16732,62,64,-2,2
16733,89,92,-3,3
16734,137,137,0,0
16735,107,108,-1,1
16736,58,57,1,1
16737,73,71,2,2
16738,86,101,-15,15
16739,103,114,-11,11
16740,121,121,0,0
16741,66,66,0,0
16742,87,91,-4,4
16743,59,53,6,6
16744,109,115,-6,6
16745,79,89,-10,10
16746,68,68,0,0
16747,66,59,7,7
16748,72,74,-2,2
16749,100,100,0,0
16750,102,100,2,2
16751,55,60,-5,5
16752,98,77,21,21
16753,107,111,-4,4
16754,77,48,29,29
16755,76,76,0,0
16756,65,64,1,1
16757,134,122,12,12
16758,39,47,-8,8
16759,123,119,4,4
16760,64,60,4,4
16761,105,104,1,1
16762,66,71,-5,5
16763,203,185,18,18
16764,144,101,43,43
16765,75,78,-3,3
16766,106,103,3,3
16767,104,99,5,5
16768,73,82,-9,9
16769,83,76,7,7
16770,81,100,-19,19
16771,83,86,-3,3
16772,100,110,-10,10
16773,103,98,5,5
16774,76,72,4,4
16775,66,70,-4,4
16776,72,72,0,0
16777,87,103,-16,16
16778,81,88,-7,7
16779,109,108,1,1
16780,103,96,7,7
16781,112,128,-16,16
16782,170,162,8,8
16783,89,83,6,6
16784,73,80,-7,7
16785,59,62,-3,3
16786,135,137,-2,2
16787,61,67,-6,6
16788,78,80,-2,2
16789,125,113,12,12
16790,64,67,-3,3
16791,54,58,-4,4
16792,119,121,-2,2
16793,92,102,-10,10
16794,117,117,0,0
16795,88,78,10,10
16796,99,94,5,5
16797,48,51,-3,3
16798,123,128,-5,5
16799,113,112,1,1
16800,98,102,-4,4
16801,66,59,7,7
16802,82,74,8,8
16803,38,46,-8,8
16804,86,96,-10,10
16805,135,142,-7,7
16806,140,136,4,4
16807,73,72,1,1
16808,95,91,4,4
16809,40,39,1,1
16810,67,90,-23,23
16811,160,151,9,9
16812,121,117,4,4
16813,104,85,19,19
16814,98,99,-1,1
16815,125,119,6,6
16816,119,99,20,20
16817,109,114,-5,5
16818,73,74,-1,1
16819,212,195,17,17
16820,81,80,1,1
16821,104,101,3,3
16822,44,48,-4,4
16823,82,64,18,18
16824,181,170,11,11
16825,50,49,1,1
16826,90,99,-9,9
16827,87,85,2,2
16828,76,91,-15,15
16829,211,194,17,17
16830,104,103,1,1
16831,114,112,2,2
16832,143,150,-7,7
16833,142,142,0,0
16834,153,162,-9,9
16835,60,58,2,2
16836,60,60,0,0
16837,111,98,13,13
16838,143,150,-7,7
16839,76,81,-5,5
16840,73,70,3,3
16841,76,68,8,8
16842,75,77,-2,2
16843,58,62,-4,4
16844,57,52,5,5
16845,112,109,3,3
16846,151,131,20,20
16847,51,52,-1,1
16848,64,59,5,5
16849,80,81,-1,1
16850,89,85,4,4
16851,155,143,12,12
16852,97,95,2,2
16853,82,87,-5,5
16854,122,123,-1,1
16855,110,114,-4,4
16856,91,93,-2,2
16857,27,67,-40,40
16858,55,49,6,6
16859,107,105,2,2
16860,61,65,-4,4
16861,67,81,-14,14
16862,111,117,-6,6
16863,95,96,-1,1
16864,129,131,-2,2
16865,165,175,-10,10
16866,139,132,7,7
16867,97,126,-29,29
16868,88,86,2,2
16869,64,77,-13,13
16870,83,78,5,5
16871,118,112,6,6
16872,81,73,8,8
16873,78,80,-2,2
16874,164,165,-1,1
16875,60,67,-7,7
16876,23,32,-9,9
16877,60,57,3,3
16878,58,69,-11,11
16879,102,106,-4,4
16880,100,103,-3,3
16881,103,107,-4,4
16882,98,91,7,7
16883,136,142,-6,6
16884,110,109,1,1
16885,95,91,4,4
16886,113,115,-2,2
16887,143,150,-7,7
16888,141,131,10,10
16889,117,112,5,5
16890,63,74,-11,11
16891,83,78,5,5
16892,52,57,-5,5
16893,95,108,-13,13
16894,85,124,-39,39
16895,75,86,-11,11
16896,137,140,-3,3
16897,81,79,2,2
16898,55,54,1,1
16899,128,116,12,12
16900,135,128,7,7
16901,107,96,11,11
16902,68,73,-5,5
16903,95,91,4,4
16904,131,124,7,7
16905,106,106,0,0
16906,84,103,-19,19
16907,120,117,3,3
16908,69,69,0,0
16909,93,100,-7,7
16910,100,100,0,0
16911,152,144,8,8
16912,139,138,1,1
16913,109,108,1,1
16914,122,122,0,0
16915,70,72,-2,2
16916,89,88,1,1
16917,81,78,3,3
16918,59,58,1,1
16919,74,80,-6,6
16920,121,110,11,11
16921,88,85,3,3
16922,72,91,-19,19
16923,107,109,-2,2
16924,47,59,-12,12
16925,105,105,0,0
16926,61,69,-8,8
16927,116,107,9,9
16928,110,103,7,7
16929,63,66,-3,3
16930,121,120,1,1
16931,52,48,4,4
16932,92,76,16,16
16933,102,110,-8,8
16934,86,92,-6,6
16935,171,179,-8,8
16936,97,101,-4,4
16937,105,100,5,5
16938,127,134,-7,7
16939,84,107,-23,23
16940,99,92,7,7
16941,65,57,8,8
16942,86,71,15,15
16943,107,103,4,4
16944,84,87,-3,3
16945,136,122,14,14
16946,82,83,-1,1
16947,52,62,-10,10
16948,103,113,-10,10
16949,102,101,1,1
16950,126,121,5,5
16951,185,169,16,16
16952,143,135,8,8
16953,48,67,-19,19
16954,142,131,11,11
16955,58,69,-11,11
16956,164,163,1,1
16957,95,95,0,0
16958,191,179,12,12
16959,115,114,1,1
16960,58,63,-5,5
16961,121,124,-3,3
16962,101,98,3,3
16963,79,85,-6,6
16964,84,90,-6,6
16965,69,68,1,1
16966,153,147,6,6
16967,67,77,-10,10
16968,69,85,-16,16
16969,71,80,-9,9
16970,94,93,1,1
16971,110,116,-6,6
16972,105,106,-1,1
16973,88,99,-11,11
16974,93,96,-3,3
16975,70,69,1,1
16976,65,72,-7,7
16977,62,68,-6,6
16978,120,116,4,4
16979,55,43,12,12
16980,73,77,-4,4
16981,102,101,1,1
16982,71,72,-1,1
16983,111,128,-17,17
16984,156,153,3,3
16985,89,97,-8,8
16986,67,61,6,6
16987,71,80,-9,9
16988,71,72,-1,1
16989,108,105,3,3
16990,72,70,2,2
16991,80,81,-1,1
16992,104,88,16,16
16993,111,114,-3,3
16994,58,56,2,2
16995,68,59,9,9
16996,92,90,2,2
16997,161,154,7,7
16998,107,98,9,9
16999,66,79,-13,13
17000,76,89,-13,13
17001,105,103,2,2
17002,140,128,12,12
17003,77,81,-4,4
17004,70,74,-4,4
17005,133,133,0,0
17006,50,51,-1,1
17007,66,67,-1,1
17008,60,72,-12,12
17009,72,83,-11,11
17010,123,122,1,1
17011,88,85,3,3
17012,110,111,-1,1
17013,94,92,2,2
17014,88,84,4,4
17015,82,77,5,5
17016,107,122,-15,15
17017,69,64,5,5
17018,85,95,-10,10
17019,81,83,-2,2
17020,57,58,-1,1
17021,124,113,11,11
17022,126,132,-6,6
17023,59,46,13,13
17024,78,79,-1,1
17025,112,115,-3,3
17026,87,100,-13,13
17027,101,112,-11,11
17028,101,100,1,1
17029,150,154,-4,4
17030,135,127,8,8
17031,146,142,4,4
17032,61,59,2,2
17033,103,99,4,4
17034,134,128,6,6
17035,68,75,-7,7
17036,84,72,12,12
17037,59,63,-4,4
17038,115,108,7,7
17039,98,83,15,15
17040,118,141,-23,23
17041,97,104,-7,7
17042,94,104,-10,10
17043,143,139,4,4
17044,119,119,0,0
17045,82,102,-20,20
17046,86,96,-10,10
17047,79,87,-8,8
17048,178,179,-1,1
17049,151,132,19,19
17050,133,126,7,7
17051,71,81,-10,10
17052,56,46,10,10
17053,61,66,-5,5
17054,69,78,-9,9
17055,95,100,-5,5
17056,98,98,0,0
17057,88,94,-6,6
17058,86,91,-5,5
17059,79,89,-10,10
17060,77,77,0,0
17061,88,104,-16,16
17062,110,110,0,0
17063,138,132,6,6
17064,98,108,-10,10
17065,99,101,-2,2
17066,73,73,0,0
17067,143,140,3,3
17068,44,46,-2,2
17069,136,125,11,11
17070,150,140,10,10
17071,125,117,8,8
17072,134,123,11,11
17073,93,104,-11,11
17074,107,113,-6,6
17075,38,42,-4,4
17076,133,154,-21,21
17077,151,147,4,4
17078,104,115,-11,11
17079,83,81,2,2
17080,124,127,-3,3
17081,161,153,8,8
17082,72,74,-2,2
17083,77,82,-5,5
17084,111,114,-3,3
17085,107,104,3,3
17086,107,111,-4,4
17087,98,99,-1,1
17088,168,167,1,1
17089,100,93,7,7
17090,70,73,-3,3
17091,68,59,9,9
17092,74,67,7,7
17093,129,133,-4,4
17094,121,127,-6,6
17095,69,68,1,1
17096,121,113,8,8
17097,103,104,-1,1
17098,187,174,13,13
17099,61,57,4,4
17100,81,84,-3,3
17101,117,134,-17,17
17102,46,55,-9,9
17103,77,74,3,3
17104,85,87,-2,2
17105,47,48,-1,1
17106,81,88,-7,7
17107,99,91,8,8
17108,152,163,-11,11
17109,58,62,-4,4
17110,45,51,-6,6
17111,87,92,-5,5
17112,100,84,16,16
17113,41,38,3,3
17114,184,158,26,26
17115,72,66,6,6
17116,38,38,0,0
17117,79,101,-22,22
17118,98,90,8,8
17119,71,75,-4,4
17120,62,62,0,0
17121,90,83,7,7
17122,97,89,8,8
17123,52,52,0,0
17124,74,72,2,2
17125,154,150,4,4
17126,99,99,0,0
17127,44,39,5,5
17128,85,82,3,3
17129,128,135,-7,7
17130,128,122,6,6
17131,78,96,-18,18
17132,62,67,-5,5
17133,112,128,-16,16
17134,63,71,-8,8
17135,88,90,-2,2
17136,51,50,1,1
17137,129,127,2,2
17138,65,64,1,1
17139,56,60,-4,4
17140,102,97,5,5
17141,87,81,6,6
17142,129,127,2,2
17143,61,64,-3,3
17144,79,80,-1,1
17145,57,70,-13,13
17146,171,161,10,10
17147,90,91,-1,1
17148,96,90,6,6
17149,91,90,1,1
17150,47,46,1,1
17151,87,91,-4,4
17152,86,101,-15,15
17153,133,138,-5,5
17154,133,133,0,0
17155,89,91,-2,2
17156,64,57,7,7
17157,54,54,0,0
17158,99,122,-23,23
17159,91,94,-3,3
17160,76,89,-13,13
17161,75,76,-1,1
17162,72,67,5,5
17163,107,121,-14,14
17164,39,34,5,5
17165,99,96,3,3
17166,121,113,8,8
17167,89,80,9,9
17168,132,132,0,0
17169,108,116,-8,8
17170,84,75,9,9
17171,104,104,0,0
17172,68,63,5,5
17173,55,56,-1,1
17174,74,70,4,4
17175,85,91,-6,6
17176,63,65,-2,2
17177,77,83,-6,6
17178,103,104,-1,1
17179,66,68,-2,2
17180,77,71,6,6
17181,112,105,7,7
17182,127,142,-15,15
17183,100,105,-5,5
17184,59,62,-3,3
17185,111,99,12,12
17186,29,34,-5,5
17187,77,74,3,3
17188,98,103,-5,5
17189,108,112,-4,4
17190,196,184,12,12
17191,79,77,2,2
17192,150,145,5,5
17193,99,95,4,4
17194,73,70,3,3
17195,75,78,-3,3
17196,62,86,-24,24
17197,77,83,-6,6
17198,100,94,6,6
17199,139,127,12,12
17200,80,84,-4,4
17201,151,127,24,24
17202,125,128,-3,3
17203,70,77,-7,7
17204,141,129,12,12
17205,76,84,-8,8
17206,74,81,-7,7
17207,108,102,6,6
17208,146,131,15,15
17209,65,63,2,2
17210,92,99,-7,7
17211,98,101,-3,3
17212,112,117,-5,5
17213,155,137,18,18
17214,109,106,3,3
17215,127,133,-6,6
17216,40,52,-12,12
17217,106,126,-20,20
17218,106,121,-15,15
17219,68,73,-5,5
17220,73,76,-3,3
17221,69,75,-6,6
17222,93,92,1,1
17223,95,93,2,2
17224,99,96,3,3
17225,108,108,0,0
17226,77,61,16,16
17227,76,79,-3,3
17228,102,105,-3,3
17229,117,107,10,10
17230,88,87,1,1
17231,82,82,0,0
17232,99,98,1,1
17233,147,136,11,11
17234,66,65,1,1
17235,79,69,10,10
17236,62,72,-10,10
17237,175,153,22,22
17238,101,108,-7,7
17239,64,68,-4,4
17240,74,83,-9,9
17241,72,90,-18,18
17242,64,67,-3,3
17243,73,68,5,5
17244,48,59,-11,11
17245,186,171,15,15
17246,100,121,-21,21
17247,120,110,10,10
17248,53,65,-12,12
17249,120,117,3,3
17250,98,111,-13,13
17251,34,28,6,6
17252,97,77,20,20
17253,118,116,2,2
17254,128,112,16,16
17255,90,84,6,6
17256,63,67,-4,4
17257,160,143,17,17
17258,177,143,34,34
17259,185,178,7,7
17260,104,103,1,1
17261,68,64,4,4
17262,119,128,-9,9
17263,110,103,7,7
17264,67,64,3,3
17265,56,57,-1,1
17266,160,149,11,11
17267,103,122,-19,19
17268,68,70,-2,2
17269,112,122,-10,10
17270,75,75,0,0
17271,101,107,-6,6
17272,89,111,-22,22
17273,57,63,-6,6
17274,65,65,0,0
17275,95,99,-4,4
17276,93,94,-1,1
17277,100,97,3,3
17278,127,127,0,0
17279,105,99,6,6
17280,58,44,14,14
17281,70,71,-1,1
17282,146,146,0,0
17283,90,90,0,0
17284,75,78,-3,3
17285,92,96,-4,4
17286,122,114,8,8
17287,77,79,-2,2
17288,50,55,-5,5
17289,69,72,-3,3
17290,36,40,-4,4
17291,97,86,11,11
17292,81,81,0,0
17293,127,129,-2,2
17294,142,150,-8,8
17295,98,103,-5,5
17296,91,78,13,13
17297,84,87,-3,3
17298,94,111,-17,17
17299,71,84,-13,13
17300,87,85,2,2
17301,109,113,-4,4
17302,58,59,-1,1
17303,63,68,-5,5
17304,65,65,0,0
17305,45,43,2,2
17306,87,72,15,15
17307,64,68,-4,4
17308,82,86,-4,4
17309,156,146,10,10
17310,138,131,7,7
17311,76,78,-2,2
17312,134,124,10,10
17313,115,111,4,4
17314,92,96,-4,4
17315,126,131,-5,5
17316,103,110,-7,7
17317,56,60,-4,4
17318,125,133,-8,8
17319,108,109,-1,1
17320,69,65,4,4
17321,151,146,5,5
17322,88,94,-6,6
17323,101,97,4,4
17324,165,159,6,6
17325,151,137,14,14
17326,82,84,-2,2
17327,65,67,-2,2
17328,93,100,-7,7
17329,102,103,-1,1
17330,71,77,-6,6
17331,66,75,-9,9
17332,101,105,-4,4
17333,109,102,7,7
17334,67,64,3,3
17335,150,147,3,3
17336,71,53,18,18
17337,93,102,-9,9
17338,106,112,-6,6
17339,127,119,8,8
17340,167,156,11,11
17341,67,86,-19,19
17342,137,128,9,9
17343,90,92,-2,2
17344,48,52,-4,4
17345,79,77,2,2
17346,72,83,-11,11
17347,139,136,3,3
17348,81,87,-6,6
17349,124,116,8,8
17350,114,112,2,2
17351,75,88,-13,13
17352,73,76,-3,3
17353,90,85,5,5
17354,156,146,10,10
17355,107,106,1,1
17356,88,84,4,4
17357,135,145,-10,10
17358,120,110,10,10
17359,55,75,-20,20
17360,58,65,-7,7
17361,104,112,-8,8
17362,53,58,-5,5
17363,65,62,3,3
17364,71,73,-2,2
17365,36,38,-2,2
17366,135,131,4,4
17367,159,146,13,13
17368,118,102,16,16
17369,93,104,-11,11
17370,91,95,-4,4
17371,66,73,-7,7
17372,68,60,8,8
17373,81,81,0,0
17374,138,147,-9,9
17375,68,72,-4,4
17376,128,134,-6,6
17377,97,113,-16,16
17378,83,101,-18,18
17379,194,181,13,13
17380,63,66,-3,3
17381,68,59,9,9
17382,68,71,-3,3
17383,89,92,-3,3
17384,103,97,6,6
17385,113,116,-3,3
17386,95,95,0,0
17387,93,91,2,2
17388,68,71,-3,3
17389,57,52,5,5
17390,58,67,-9,9
17391,174,156,18,18
17392,71,71,0,0
17393,106,75,31,31
17394,63,67,-4,4
17395,63,58,5,5
17396,126,115,11,11
17397,104,105,-1,1
17398,83,86,-3,3
17399,80,82,-2,2
17400,175,164,11,11
17401,77,95,-18,18
17402,146,134,12,12
17403,78,81,-3,3
17404,114,109,5,5
17405,86,103,-17,17
17406,149,152,-3,3
17407,170,165,5,5
17408,121,116,5,5
17409,61,63,-2,2
17410,64,63,1,1
17411,67,64,3,3
17412,99,109,-10,10
17413,185,162,23,23
17414,56,64,-8,8
17415,99,99,0,0
17416,75,90,-15,15
17417,85,77,8,8
17418,92,90,2,2
17419,91,84,7,7
17420,80,65,15,15
17421,56,65,-9,9
17422,80,78,2,2
17423,135,137,-2,2
17424,98,130,-32,32
17425,150,155,-5,5
17426,53,68,-15,15
17427,106,102,4,4
17428,74,75,-1,1
17429,196,178,18,18
17430,88,79,9,9
17431,47,44,3,3
17432,101,122,-21,21
17433,110,108,2,2
17434,116,120,-4,4
17435,96,112,-16,16
17436,65,63,2,2
17437,55,48,7,7
17438,140,143,-3,3
17439,94,87,7,7
17440,89,82,7,7
17441,101,91,10,10
17442,80,72,8,8
17443,112,116,-4,4
17444,106,115,-9,9
17445,103,118,-15,15
17446,60,67,-7,7
17447,95,108,-13,13
17448,87,95,-8,8
17449,45,44,1,1
17450,92,91,1,1
17451,108,102,6,6
17452,98,96,2,2
17453,62,66,-4,4
17454,107,111,-4,4
17455,74,71,3,3
17456,137,125,12,12
17457,75,77,-2,2
17458,66,66,0,0
17459,100,104,-4,4
17460,129,137,-8,8
17461,79,77,2,2
17462,111,106,5,5
17463,88,98,-10,10
17464,63,68,-5,5
17465,95,107,-12,12
17466,74,79,-5,5
17467,108,114,-6,6
17468,115,111,4,4
17469,96,105,-9,9
17470,146,128,18,18
17471,178,173,5,5
17472,171,166,5,5
17473,171,179,-8,8
17474,151,153,-2,2
17475,90,92,-2,2
17476,94,84,10,10
17477,89,78,11,11
17478,71,69,2,2
17479,223,204,19,19
17480,66,68,-2,2
17481,116,112,4,4
17482,69,75,-6,6
17483,153,147,6,6
17484,48,59,-11,11
17485,83,64,19,19
17486,177,165,12,12
17487,70,85,-15,15
17488,80,83,-3,3
17489,77,80,-3,3
17490,69,65,4,4
17491,81,72,9,9
17492,115,122,-7,7
17493,96,99,-3,3
17494,94,82,12,12
17495,46,49,-3,3
17496,88,108,-20,20
17497,90,78,12,12
17498,89,91,-2,2
17499,65,59,6,6
17500,78,77,1,1
17501,76,81,-5,5
17502,116,98,18,18
17503,127,121,6,6
17504,146,148,-2,2
17505,89,99,-10,10
17506,42,52,-10,10
17507,73,50,23,23
17508,61,61,0,0
17509,79,74,5,5
17510,105,108,-3,3
17511,64,58,6,6
17512,115,118,-3,3
17513,66,73,-7,7
17514,75,65,10,10
17515,82,90,-8,8
17516,46,61,-15,15
17517,106,111,-5,5
17518,74,81,-7,7
17519,58,60,-2,2
17520,89,87,2,2
17521,76,64,12,12
17522,90,79,11,11
17523,108,103,5,5
17524,89,103,-14,14
17525,75,71,4,4
17526,98,89,9,9
17527,87,80,7,7
17528,65,69,-4,4
17529,121,106,15,15
17530,63,66,-3,3
17531,139,146,-7,7
17532,80,83,-3,3
17533,75,58,17,17
17534,64,68,-4,4
17535,48,52,-4,4
17536,115,117,-2,2
17537,82,80,2,2
17538,120,123,-3,3
17539,141,143,-2,2
17540,67,73,-6,6
17541,48,58,-10,10
17542,117,111,6,6
17543,173,162,11,11
17544,74,92,-18,18
17545,53,39,14,14
17546,33,39,-6,6
17547,79,88,-9,9
17548,76,74,2,2
17549,119,101,18,18
17550,139,139,0,0
17551,77,76,1,1
17552,115,97,18,18
17553,67,73,-6,6
17554,105,90,15,15
17555,127,133,-6,6
17556,84,87,-3,3
17557,106,103,3,3
17558,79,91,-12,12
17559,96,102,-6,6
17560,82,82,0,0
17561,146,136,10,10
17562,98,103,-5,5
17563,116,118,-2,2
17564,42,43,-1,1
17565,82,83,-1,1
17566,71,73,-2,2
17567,103,95,8,8
17568,60,64,-4,4
17569,86,89,-3,3
17570,137,131,6,6
17571,105,95,10,10
17572,68,76,-8,8
17573,94,103,-9,9
17574,190,184,6,6
17575,61,59,2,2
17576,112,108,4,4
17577,72,70,2,2
17578,137,117,20,20
17579,85,90,-5,5
17580,190,169,21,21
17581,145,151,-6,6
17582,100,103,-3,3
17583,143,133,10,10
17584,81,81,0,0
17585,58,65,-7,7
17586,79,94,-15,15
17587,119,113,6,6
17588,63,63,0,0
17589,106,99,7,7
17590,111,105,6,6
17591,90,94,-4,4
17592,134,138,-4,4
17593,129,134,-5,5
17594,67,66,1,1
17595,128,130,-2,2
17596,43,45,-2,2
17597,58,60,-2,2
17598,123,131,-8,8
17599,63,60,3,3
17600,61,66,-5,5
17601,74,64,10,10
17602,117,114,3,3
17603,132,104,28,28
17604,73,60,13,13
17605,127,132,-5,5
17606,170,165,5,5
17607,101,100,1,1
17608,118,107,11,11
17609,73,72,1,1
17610,82,92,-10,10
17611,100,103,-3,3
17612,62,73,-11,11
17613,80,73,7,7
17614,50,53,-3,3
17615,68,69,-1,1
17616,163,158,5,5
17617,49,46,3,3
17618,75,77,-2,2
17619,133,120,13,13
17620,115,119,-4,4
17621,102,106,-4,4
17622,74,74,0,0
17623,161,147,14,14
17624,130,125,5,5
17625,122,117,5,5
17626,109,105,4,4
17627,120,126,-6,6
17628,72,56,16,16
17629,90,95,-5,5
17630,80,88,-8,8
17631,103,116,-13,13
17632,134,130,4,4
17633,93,103,-10,10
17634,82,81,1,1
17635,184,163,21,21
17636,84,82,2,2
17637,62,59,3,3
17638,65,72,-7,7
17639,68,70,-2,2
17640,118,121,-3,3
17641,81,92,-11,11
17642,116,124,-8,8
17643,116,124,-8,8
17644,85,81,4,4
17645,55,59,-4,4
17646,91,89,2,2
17647,79,82,-3,3
17648,24,43,-19,19
17649,155,142,13,13
17650,97,94,3,3
17651,69,74,-5,5
17652,105,109,-4,4
17653,158,153,5,5
17654,129,131,-2,2
17655,115,109,6,6
17656,92,103,-11,11
17657,82,97,-15,15
17658,100,100,0,0
17659,66,57,9,9
17660,46,46,0,0
17661,141,151,-10,10
17662,128,125,3,3
17663,101,84,17,17
17664,103,98,5,5
17665,75,73,2,2
17666,125,114,11,11
17667,50,48,2,2
17668,67,68,-1,1
17669,91,98,-7,7
17670,95,92,3,3
17671,133,130,3,3
17672,124,124,0,0
17673,59,53,6,6
17674,138,142,-4,4
17675,132,118,14,14
17676,109,114,-5,5
17677,72,79,-7,7
17678,84,87,-3,3
17679,107,111,-4,4
17680,73,90,-17,17
17681,76,79,-3,3
17682,122,113,9,9
17683,107,117,-10,10
17684,38,35,3,3
17685,127,120,7,7
17686,82,80,2,2
17687,189,167,22,22
17688,115,126,-11,11
17689,100,96,4,4
17690,70,73,-3,3
17691,81,32,49,49
17692,150,156,-6,6
17693,94,97,-3,3
17694,88,84,4,4
17695,81,91,-10,10
17696,148,146,2,2
17697,75,84,-9,9
17698,90,97,-7,7
17699,124,126,-2,2
17700,46,45,1,1
17701,103,111,-8,8
17702,101,93,8,8
17703,93,90,3,3
17704,105,119,-14,14
17705,91,96,-5,5
17706,138,134,4,4
17707,85,84,1,1
17708,102,100,2,2
17709,72,81,-9,9
17710,81,80,1,1
17711,118,116,2,2
17712,114,121,-7,7
17713,118,114,4,4
17714,79,82,-3,3
17715,149,138,11,11
17716,74,80,-6,6
17717,46,49,-3,3
17718,76,66,10,10
17719,80,82,-2,2
17720,124,140,-16,16
17721,126,134,-8,8
17722,57,51,6,6
17723,91,105,-14,14
17724,206,173,33,33
17725,122,112,10,10
17726,89,96,-7,7
17727,108,109,-1,1
17728,170,147,23,23
17729,89,93,-4,4
17730,90,88,2,2
17731,85,94,-9,9
17732,80,75,5,5
17733,105,93,12,12
17734,84,76,8,8
17735,97,97,0,0
17736,60,62,-2,2
17737,39,47,-8,8
17738,103,94,9,9
17739,122,116,6,6
17740,105,106,-1,1
17741,72,79,-7,7
17742,72,80,-8,8
17743,126,127,-1,1
17744,113,106,7,7
17745,88,86,2,2
17746,121,120,1,1
17747,88,94,-6,6
17748,72,68,4,4
17749,65,77,-12,12
17750,74,78,-4,4
17751,112,118,-6,6
17752,53,60,-7,7
17753,138,138,0,0
17754,108,109,-1,1
17755,65,63,2,2
17756,72,74,-2,2
17757,122,113,9,9
17758,48,57,-9,9
17759,93,91,2,2
17760,124,121,3,3
17761,92,97,-5,5
17762,66,72,-6,6
17763,69,71,-2,2
17764,144,155,-11,11
17765,103,107,-4,4
17766,96,92,4,4
17767,107,110,-3,3
17768,129,125,4,4
17769,60,62,-2,2
17770,72,73,-1,1
17771,53,54,-1,1
17772,117,96,21,21
17773,109,117,-8,8
17774,73,74,-1,1
17775,121,116,5,5
17776,193,185,8,8
17777,69,78,-9,9
17778,80,70,10,10
17779,135,116,19,19
17780,47,41,6,6
17781,75,71,4,4
17782,135,155,-20,20
17783,97,103,-6,6
17784,76,77,-1,1
17785,108,106,2,2
17786,110,117,-7,7
17787,87,99,-12,12
17788,59,59,0,0
17789,163,152,11,11
17790,80,83,-3,3
17791,169,145,24,24
17792,91,108,-17,17
17793,122,116,6,6
17794,97,104,-7,7
17795,63,68,-5,5
17796,139,144,-5,5
17797,76,77,-1,1
17798,80,74,6,6
17799,79,75,4,4
17800,112,113,-1,1
17801,94,95,-1,1
17802,103,107,-4,4
17803,53,60,-7,7
17804,70,71,-1,1
17805,156,155,1,1
17806,29,54,-25,25
17807,128,131,-3,3
17808,125,114,11,11
17809,126,114,12,12
17810,50,55,-5,5
17811,152,152,0,0
17812,195,159,36,36
17813,76,81,-5,5
17814,87,75,12,12
17815,80,75,5,5
17816,66,67,-1,1
17817,72,68,4,4
17818,104,114,-10,10
17819,67,66,1,1
17820,109,111,-2,2
17821,146,130,16,16
17822,59,65,-6,6
17823,78,75,3,3
17824,73,66,7,7
17825,139,134,5,5
17826,103,102,1,1
17827,112,117,-5,5
17828,99,93,6,6
17829,68,65,3,3
17830,53,59,-6,6
17831,152,131,21,21
17832,55,56,-1,1
17833,96,106,-10,10
17834,78,83,-5,5
17835,69,88,-19,19
17836,54,54,0,0
17837,118,89,29,29
17838,120,109,11,11
17839,45,43,2,2
17840,94,99,-5,5
17841,141,144,-3,3
17842,81,91,-10,10
17843,85,87,-2,2
17844,100,107,-7,7
17845,104,112,-8,8
17846,189,159,30,30
17847,79,72,7,7
17848,98,96,2,2
17849,53,52,1,1
17850,139,122,17,17
17851,96,117,-21,21
17852,75,76,-1,1
17853,74,76,-2,2
17854,142,147,-5,5
17855,135,151,-16,16
17856,40,40,0,0
17857,176,165,11,11
17858,55,56,-1,1
17859,70,79,-9,9
17860,71,75,-4,4
17861,55,60,-5,5
17862,168,164,4,4
17863,146,134,12,12
17864,111,117,-6,6
17865,117,99,18,18
17866,64,61,3,3
17867,106,99,7,7
17868,110,97,13,13
17869,79,83,-4,4
17870,95,95,0,0
17871,121,118,3,3
17872,129,136,-7,7
17873,98,90,8,8
17874,60,56,4,4
17875,53,57,-4,4
17876,121,121,0,0
17877,112,125,-13,13
17878,54,54,0,0
17879,76,77,-1,1
17880,126,142,-16,16
17881,131,126,5,5
17882,45,41,4,4
17883,135,133,2,2
17884,95,84,11,11
17885,80,74,6,6
17886,96,97,-1,1
17887,143,139,4,4
17888,59,61,-2,2
17889,140,144,-4,4
17890,73,77,-4,4
17891,109,128,-19,19
17892,116,131,-15,15
17893,42,44,-2,2
17894,44,39,5,5
17895,151,149,2,2
17896,109,118,-9,9
17897,106,92,14,14
17898,131,118,13,13
17899,139,135,4,4
17900,77,71,6,6
17901,127,124,3,3
17902,79,88,-9,9
17903,140,136,4,4
17904,63,62,1,1
17905,121,126,-5,5
17906,65,65,0,0
17907,146,123,23,23
17908,110,94,16,16
17909,101,110,-9,9
17910,35,38,-3,3
17911,105,103,2,2
17912,154,159,-5,5
17913,72,73,-1,1
17914,98,100,-2,2
17915,126,130,-4,4
17916,142,141,1,1
17917,98,118,-20,20
17918,82,94,-12,12
17919,86,92,-6,6
17920,79,74,5,5
17921,111,98,13,13
17922,74,74,0,0
17923,58,58,0,0
17924,48,37,11,11
17925,74,73,1,1
17926,123,118,5,5
17927,40,21,19,19
17928,80,67,13,13
17929,63,22,41,41
17930,115,80,35,35
17931,107,111,-4,4
17932,80,72,8,8
17933,85,82,3,3
17934,166,158,8,8
17935,71,79,-8,8
17936,56,67,-11,11
17937,48,53,-5,5
17938,96,89,7,7
17939,54,53,1,1
17940,124,122,2,2
17941,92,101,-9,9
17942,51,52,-1,1
17943,62,69,-7,7
17944,89,94,-5,5
17945,141,131,10,10
17946,87,73,14,14
17947,75,82,-7,7
17948,81,79,2,2
17949,65,88,-23,23
17950,90,89,1,1
17951,85,85,0,0
17952,71,82,-11,11
17953,61,64,-3,3
17954,104,111,-7,7
17955,98,109,-11,11
17956,68,67,1,1
17957,77,70,7,7
17958,90,90,0,0
17959,71,84,-13,13
17960,59,69,-10,10
17961,109,101,8,8
17962,105,110,-5,5
17963,175,159,16,16
17964,83,88,-5,5
17965,139,132,7,7
17966,68,69,-1,1
17967,88,92,-4,4
17968,75,72,3,3
17969,104,114,-10,10
17970,126,127,-1,1
17971,91,93,-2,2
17972,94,97,-3,3
17973,89,98,-9,9
17974,41,45,-4,4
17975,91,103,-12,12
17976,81,88,-7,7
17977,72,66,6,6
17978,146,129,17,17
17979,80,84,-4,4
17980,141,123,18,18
17981,104,91,13,13
17982,111,109,2,2
17983,115,127,-12,12
17984,67,65,2,2
17985,132,125,7,7
17986,118,123,-5,5
17987,79,73,6,6
17988,67,78,-11,11
17989,158,143,15,15
17990,90,89,1,1
17991,78,81,-3,3
17992,52,40,12,12
17993,67,70,-3,3
17994,57,55,2,2
17995,93,96,-3,3
17996,73,75,-2,2
17997,100,102,-2,2
17998,150,140,10,10
17999,68,67,1,1
18000,74,78,-4,4
18001,100,100,0,0
18002,92,101,-9,9
18003,101,103,-2,2
18004,96,92,4,4
18005,161,153,8,8
18006,71,74,-3,3
18007,97,103,-6,6
18008,62,67,-5,5
18009,70,74,-4,4
18010,106,100,6,6
18011,67,75,-8,8
18012,56,66,-10,10
18013,75,73,2,2
18014,47,49,-2,2
18015,78,80,-2,2
18016,62,57,5,5
18017,68,77,-9,9
18018,106,99,7,7
18019,125,126,-1,1
18020,84,100,-16,16
18021,107,108,-1,1
18022,63,56,7,7
18023,76,90,-14,14
18024,98,87,11,11
18025,139,124,15,15
18026,94,94,0,0
18027,142,139,3,3
18028,121,119,2,2
18029,79,74,5,5
18030,123,126,-3,3
18031,82,86,-4,4
18032,174,164,10,10
18033,116,129,-13,13
18034,51,47,4,4
18035,157,145,12,12
18036,57,55,2,2
18037,71,61,10,10
18038,30,32,-2,2
18039,102,100,2,2
18040,140,122,18,18
18041,156,151,5,5
18042,44,44,0,0
18043,157,142,15,15
18044,91,96,-5,5
18045,111,110,1,1
18046,107,106,1,1
18047,83,86,-3,3
18048,83,86,-3,3
18049,103,95,8,8
18050,84,75,9,9
18051,79,89,-10,10
18052,119,105,14,14
18053,66,70,-4,4
18054,34,38,-4,4
18055,134,133,1,1
18056,108,113,-5,5
18057,60,77,-17,17
18058,33,33,0,0
18059,105,111,-6,6
18060,71,78,-7,7
18061,92,98,-6,6
18062,62,68,-6,6
18063,54,58,-4,4
18064,85,85,0,0
18065,154,142,12,12
18066,109,101,8,8
18067,120,143,-23,23
18068,55,54,1,1
18069,102,121,-19,19
18070,58,53,5,5
18071,34,37,-3,3
18072,91,87,4,4
18073,110,113,-3,3
18074,117,113,4,4
18075,102,129,-27,27
18076,95,94,1,1
18077,38,41,-3,3
18078,88,87,1,1
18079,107,110,-3,3
18080,113,122,-9,9
18081,58,63,-5,5
18082,56,63,-7,7
18083,68,77,-9,9
18084,59,54,5,5
18085,169,169,0,0
18086,70,66,4,4
18087,117,120,-3,3
18088,84,81,3,3
18089,150,154,-4,4
18090,123,132,-9,9
18091,72,76,-4,4
18092,108,114,-6,6
18093,87,86,1,1
18094,123,144,-21,21
18095,79,84,-5,5
18096,112,137,-25,25
18097,77,78,-1,1
18098,123,120,3,3
18099,109,116,-7,7
18100,82,76,6,6
18101,57,56,1,1
18102,120,117,3,3
18103,117,122,-5,5
18104,53,49,4,4
18105,72,85,-13,13
18106,90,84,6,6
18107,92,110,-18,18
18108,88,80,8,8
18109,55,77,-22,22
18110,62,57,5,5
18111,108,106,2,2
18112,85,85,0,0
18113,66,81,-15,15
18114,165,170,-5,5
18115,124,107,17,17
18116,75,80,-5,5
18117,54,52,2,2
18118,141,138,3,3
18119,67,68,-1,1
18120,94,95,-1,1
18121,102,106,-4,4
18122,119,129,-10,10
18123,53,56,-3,3
18124,122,132,-10,10
18125,60,64,-4,4
18126,88,100,-12,12
18127,101,106,-5,5
18128,64,66,-2,2
18129,48,67,-19,19
18130,75,73,2,2
18131,53,71,-18,18
18132,123,120,3,3
18133,90,82,8,8
18134,137,145,-8,8
18135,95,97,-2,2
18136,88,112,-24,24
18137,106,129,-23,23
18138,155,146,9,9
18139,75,56,19,19
18140,62,68,-6,6
18141,91,87,4,4
18142,58,45,13,13
18143,51,61,-10,10
18144,120,120,0,0
18145,94,99,-5,5
18146,112,113,-1,1
18147,84,105,-21,21
18148,67,73,-6,6
18149,83,85,-2,2
18150,162,157,5,5
18151,122,122,0,0
18152,36,41,-5,5
18153,127,132,-5,5
18154,75,107,-32,32
18155,119,105,14,14
18156,147,146,1,1
18157,105,105,0,0
18158,55,64,-9,9
18159,90,87,3,3
18160,57,55,2,2
18161,100,102,-2,2
18162,63,51,12,12
18163,58,62,-4,4
18164,140,137,3,3
18165,107,106,1,1
18166,71,78,-7,7
18167,145,154,-9,9
18168,64,74,-10,10
18169,94,83,11,11
18170,71,64,7,7
18171,68,77,-9,9
18172,109,99,10,10
18173,67,69,-2,2
18174,81,80,1,1
18175,101,95,6,6
18176,135,130,5,5
18177,60,53,7,7
18178,154,139,15,15
18179,131,118,13,13
18180,97,109,-12,12
18181,65,63,2,2
18182,132,123,9,9
18183,95,95,0,0
18184,97,91,6,6
18185,122,119,3,3
18186,80,68,12,12
18187,89,83,6,6
18188,97,90,7,7
18189,106,112,-6,6
18190,101,104,-3,3
18191,116,122,-6,6
18192,70,81,-11,11
18193,44,51,-7,7
18194,149,147,2,2
18195,95,107,-12,12
18196,79,83,-4,4
18197,114,108,6,6
18198,77,69,8,8
18199,121,113,8,8
18200,80,80,0,0
18201,117,116,1,1
18202,150,140,10,10
18203,85,80,5,5
18204,72,93,-21,21
18205,112,107,5,5
18206,91,82,9,9
18207,61,55,6,6
18208,126,124,2,2
18209,78,87,-9,9
18210,129,126,3,3
18211,71,63,8,8
18212,72,81,-9,9
18213,166,160,6,6
18214,134,123,11,11
18215,36,29,7,7
18216,63,67,-4,4
18217,73,73,0,0
18218,88,90,-2,2
18219,88,92,-4,4
18220,113,130,-17,17
18221,138,144,-6,6
18222,88,72,16,16
18223,127,142,-15,15
18224,216,207,9,9
18225,108,113,-5,5
18226,137,141,-4,4
18227,66,81,-15,15
18228,68,75,-7,7
18229,100,97,3,3
18230,50,54,-4,4
18231,130,129,1,1
18232,100,94,6,6
18233,201,174,27,27
18234,53,53,0,0
18235,65,59,6,6
18236,60,60,0,0
18237,177,172,5,5
18238,88,81,7,7
18239,64,67,-3,3
18240,141,146,-5,5
18241,87,91,-4,4
18242,144,135,9,9
18243,118,97,21,21
18244,84,86,-2,2
18245,80,93,-13,13
18246,131,138,-7,7
18247,61,65,-4,4
18248,93,92,1,1
18249,78,91,-13,13
18250,58,57,1,1
18251,99,84,15,15
18252,107,102,5,5
18253,119,120,-1,1
18254,104,114,-10,10
18255,87,99,-12,12
18256,88,81,7,7
18257,131,132,-1,1
18258,126,131,-5,5
18259,125,118,7,7
18260,99,112,-13,13
18261,127,131,-4,4
18262,34,45,-11,11
18263,77,69,8,8
18264,88,94,-6,6
18265,106,124,-18,18
18266,104,101,3,3
18267,78,102,-24,24
18268,78,78,0,0
18269,211,188,23,23
18270,68,54,14,14
18271,110,109,1,1
18272,86,64,22,22
18273,102,106,-4,4
18274,82,80,2,2
18275,57,56,1,1
18276,106,108,-2,2
18277,52,64,-12,12
18278,60,57,3,3
18279,78,83,-5,5
18280,66,59,7,7
18281,134,129,5,5
18282,61,59,2,2
18283,88,87,1,1
18284,95,96,-1,1
18285,79,79,0,0
18286,109,114,-5,5
18287,74,76,-2,2
18288,82,76,6,6
18289,77,80,-3,3
18290,89,92,-3,3
18291,115,116,-1,1
18292,64,67,-3,3
18293,143,141,2,2
18294,189,177,12,12
18295,27,30,-3,3
18296,82,95,-13,13
18297,127,136,-9,9
18298,121,105,16,16
18299,103,109,-6,6
18300,55,58,-3,3
18301,163,151,12,12
18302,93,96,-3,3
18303,95,103,-8,8
18304,123,129,-6,6
18305,59,55,4,4
18306,112,100,12,12
18307,76,79,-3,3
18308,77,83,-6,6
18309,62,66,-4,4
18310,71,75,-4,4
18311,60,57,3,3
18312,141,149,-8,8
18313,91,100,-9,9
18314,96,95,1,1
18315,58,62,-4,4
18316,93,95,-2,2
18317,165,172,-7,7
18318,199,188,11,11
18319,98,100,-2,2
18320,152,157,-5,5
18321,81,76,5,5
18322,93,86,7,7
18323,122,113,9,9
18324,83,89,-6,6
18325,82,76,6,6
18326,61,63,-2,2
18327,87,92,-5,5
18328,44,51,-7,7
18329,90,102,-12,12
18330,50,49,1,1
18331,122,112,10,10
18332,82,82,0,0
18333,101,100,1,1
18334,93,100,-7,7
18335,132,123,9,9
18336,111,119,-8,8
18337,96,88,8,8
18338,47,49,-2,2
18339,113,122,-9,9
18340,182,175,7,7
18341,107,131,-24,24
18342,99,115,-16,16
18343,72,75,-3,3
18344,84,92,-8,8
18345,55,61,-6,6
18346,154,152,2,2
18347,39,43,-4,4
18348,107,110,-3,3
18349,89,91,-2,2
18350,114,121,-7,7
18351,99,108,-9,9
18352,76,75,1,1
18353,61,60,1,1
18354,112,93,19,19
18355,79,80,-1,1
18356,81,88,-7,7
18357,80,85,-5,5
18358,49,65,-16,16
18359,48,41,7,7
18360,113,118,-5,5
18361,91,76,15,15
18362,76,78,-2,2
18363,144,151,-7,7
18364,67,64,3,3
18365,81,73,8,8
18366,111,106,5,5
18367,78,77,1,1
18368,53,55,-2,2
18369,77,85,-8,8
18370,71,102,-31,31
18371,76,65,11,11
18372,65,62,3,3
18373,90,96,-6,6
18374,165,153,12,12
18375,188,177,11,11
18376,58,162,-104,104
18377,81,84,-3,3
18378,65,59,6,6
18379,91,91,0,0
18380,116,120,-4,4
18381,145,131,14,14
18382,111,109,2,2
18383,146,138,8,8
18384,119,112,7,7
18385,91,98,-7,7
18386,116,116,0,0
18387,48,42,6,6
18388,107,120,-13,13
18389,63,72,-9,9
18390,120,113,7,7
18391,86,85,1,1
18392,93,98,-5,5
18393,89,95,-6,6
18394,95,103,-8,8
18395,90,89,1,1
18396,104,116,-12,12
18397,144,140,4,4
18398,119,119,0,0
18399,82,81,1,1
18400,61,72,-11,11
18401,93,101,-8,8
18402,142,149,-7,7
18403,73,71,2,2
18404,133,116,17,17
18405,128,134,-6,6
18406,104,105,-1,1
18407,90,88,2,2
18408,88,92,-4,4
18409,65,86,-21,21
18410,102,103,-1,1
18411,176,166,10,10
18412,90,95,-5,5
18413,241,206,35,35
18414,115,111,4,4
18415,69,70,-1,1
18416,94,85,9,9
18417,123,119,4,4
18418,96,118,-22,22
18419,90,93,-3,3
18420,59,64,-5,5
18421,76,75,1,1
18422,72,76,-4,4
18423,70,69,1,1
18424,67,62,5,5
18425,83,82,1,1
18426,205,184,21,21
18427,62,65,-3,3
18428,214,196,18,18
18429,79,70,9,9
18430,142,131,11,11
18431,88,86,2,2
18432,107,121,-14,14
18433,120,119,1,1
18434,108,113,-5,5
18435,102,97,5,5
18436,64,70,-6,6
18437,86,88,-2,2
18438,70,73,-3,3
18439,130,123,7,7
18440,97,90,7,7
18441,85,89,-4,4
18442,67,63,4,4
18443,142,106,36,36
18444,48,52,-4,4
18445,88,91,-3,3
18446,123,120,3,3
18447,69,84,-15,15
18448,92,93,-1,1
18449,69,73,-4,4
18450,45,45,0,0
18451,64,57,7,7
18452,84,74,10,10
18453,131,132,-1,1
18454,78,83,-5,5
18455,32,37,-5,5
18456,85,90,-5,5
18457,100,95,5,5
18458,99,84,15,15
18459,125,121,4,4
18460,91,85,6,6
18461,196,182,14,14
18462,94,115,-21,21
18463,54,53,1,1
18464,134,128,6,6
18465,168,147,21,21
18466,64,61,3,3
18467,73,73,0,0
18468,96,91,5,5
18469,82,67,15,15
18470,48,36,12,12
18471,65,69,-4,4
18472,121,122,-1,1
18473,102,106,-4,4
18474,69,68,1,1
18475,92,101,-9,9
18476,79,78,1,1
18477,107,107,0,0
18478,76,98,-22,22
18479,73,80,-7,7
18480,75,69,6,6
18481,150,152,-2,2
18482,149,137,12,12
18483,144,139,5,5
18484,113,120,-7,7
18485,62,72,-10,10
18486,108,109,-1,1
18487,103,103,0,0
18488,58,76,-18,18
18489,42,54,-12,12
18490,115,107,8,8
18491,58,101,-43,43
18492,115,100,15,15
18493,109,106,3,3
18494,51,41,10,10
18495,70,67,3,3
18496,68,79,-11,11
18497,143,131,12,12
18498,83,77,6,6
18499,116,112,4,4
18500,45,47,-2,2
18501,90,78,12,12
18502,67,67,0,0
18503,100,98,2,2
18504,113,113,0,0
18505,30,31,-1,1
18506,98,105,-7,7
18507,67,72,-5,5
18508,53,56,-3,3
18509,105,107,-2,2
18510,123,131,-8,8
18511,57,54,3,3
18512,125,116,9,9
18513,98,95,3,3
18514,111,111,0,0
18515,122,111,11,11
18516,117,120,-3,3
18517,74,70,4,4
18518,84,86,-2,2
18519,143,147,-4,4
18520,121,118,3,3
18521,121,113,8,8
18522,99,103,-4,4
18523,103,96,7,7
18524,104,89,15,15
18525,63,60,3,3
18526,222,194,28,28
18527,113,110,3,3
18528,88,104,-16,16
18529,122,106,16,16
18530,109,121,-12,12
18531,72,66,6,6
18532,64,63,1,1
18533,144,133,11,11
18534,82,82,0,0
18535,82,91,-9,9
18536,162,151,11,11
18537,112,127,-15,15
18538,62,64,-2,2
18539,78,109,-31,31
18540,48,45,3,3
18541,90,88,2,2
18542,130,126,4,4
18543,70,73,-3,3
18544,141,142,-1,1
18545,138,136,2,2
18546,126,76,50,50
18547,71,70,1,1
18548,89,94,-5,5
18549,138,131,7,7
18550,70,68,2,2
18551,123,107,16,16
18552,72,76,-4,4
18553,107,109,-2,2
18554,58,54,4,4
18555,90,86,4,4
18556,136,140,-4,4
18557,163,154,9,9
18558,108,110,-2,2
18559,83,54,29,29
18560,117,121,-4,4
18561,142,134,8,8
18562,69,71,-2,2
18563,100,88,12,12
18564,211,193,18,18
18565,148,150,-2,2
18566,82,80,2,2
18567,86,82,4,4
18568,201,181,20,20
18569,113,114,-1,1
18570,126,127,-1,1
18571,64,60,4,4
18572,98,101,-3,3
18573,51,48,3,3
18574,93,105,-12,12
18575,60,64,-4,4
18576,82,82,0,0
18577,95,129,-34,34
18578,94,85,9,9
18579,81,87,-6,6
18580,111,117,-6,6
18581,63,64,-1,1
18582,55,47,8,8
18583,142,138,4,4
18584,139,141,-2,2
18585,118,118,0,0
18586,209,184,25,25
18587,73,73,0,0
18588,103,107,-4,4
18589,118,127,-9,9
18590,124,122,2,2
18591,79,92,-13,13
18592,124,121,3,3
18593,129,122,7,7
18594,91,95,-4,4
18595,83,92,-9,9
18596,120,108,12,12
18597,91,90,1,1
18598,101,107,-6,6
18599,117,112,5,5
18600,154,147,7,7
18601,83,86,-3,3
18602,113,115,-2,2
18603,83,93,-10,10
18604,106,113,-7,7
18605,47,35,12,12
18606,63,68,-5,5
18607,99,101,-2,2
18608,47,67,-20,20
18609,111,105,6,6
18610,111,112,-1,1
18611,152,147,5,5
18612,91,106,-15,15
18613,111,117,-6,6
18614,103,124,-21,21
18615,80,87,-7,7
18616,133,129,4,4
18617,83,80,3,3
18618,67,59,8,8
18619,124,125,-1,1
18620,93,104,-11,11
18621,80,85,-5,5
18622,64,70,-6,6
18623,74,79,-5,5
18624,92,96,-4,4
18625,122,115,7,7
18626,92,115,-23,23
18627,111,114,-3,3
18628,148,130,18,18
18629,102,103,-1,1
18630,101,109,-8,8
18631,89,92,-3,3
18632,94,105,-11,11
18633,78,73,5,5
18634,88,80,8,8
18635,87,92,-5,5
18636,59,53,6,6
18637,75,70,5,5
18638,101,103,-2,2
18639,96,103,-7,7
18640,64,65,-1,1
18641,106,101,5,5
18642,90,89,1,1
18643,95,101,-6,6
18644,107,110,-3,3
18645,95,100,-5,5
18646,78,97,-19,19
18647,124,147,-23,23
18648,142,146,-4,4
18649,73,67,6,6
18650,111,119,-8,8
18651,92,84,8,8
18652,205,184,21,21
18653,93,83,10,10
18654,87,98,-11,11
18655,43,49,-6,6
18656,51,60,-9,9
18657,102,105,-3,3
18658,85,97,-12,12
18659,152,146,6,6
18660,69,58,11,11
18661,47,43,4,4
18662,52,49,3,3
18663,94,98,-4,4
18664,149,143,6,6
18665,81,71,10,10
18666,96,86,10,10
18667,88,89,-1,1
18668,81,78,3,3
18669,129,117,12,12
18670,107,142,-35,35
18671,93,88,5,5
18672,90,96,-6,6
18673,72,72,0,0
18674,82,83,-1,1
18675,73,75,-2,2
18676,102,103,-1,1
18677,52,57,-5,5
18678,79,88,-9,9
18679,131,135,-4,4
18680,56,55,1,1
18681,58,54,4,4
18682,66,56,10,10
18683,58,60,-2,2
18684,76,81,-5,5
18685,83,80,3,3
18686,84,86,-2,2
18687,100,141,-41,41
18688,114,110,4,4
18689,112,117,-5,5
18690,104,95,9,9
18691,110,111,-1,1
18692,160,168,-8,8
18693,98,95,3,3
18694,122,136,-14,14
18695,39,36,3,3
18696,120,125,-5,5
18697,84,83,1,1
18698,64,68,-4,4
18699,87,100,-13,13
18700,102,98,4,4
18701,87,96,-9,9
18702,76,73,3,3
18703,132,128,4,4
18704,65,58,7,7
18705,136,120,16,16
18706,87,82,5,5
18707,93,87,6,6
18708,130,123,7,7
18709,96,102,-6,6
18710,93,93,0,0
18711,67,79,-12,12
18712,116,117,-1,1
18713,81,88,-7,7
18714,107,128,-21,21
18715,70,40,30,30
18716,113,103,10,10
18717,78,83,-5,5
18718,93,94,-1,1
18719,62,76,-14,14
18720,43,44,-1,1
18721,81,76,5,5
18722,85,97,-12,12
18723,128,120,8,8
18724,110,115,-5,5
18725,37,33,4,4
18726,66,71,-5,5
18727,56,55,1,1
18728,95,107,-12,12
18729,95,102,-7,7
18730,92,95,-3,3
18731,99,107,-8,8
18732,75,87,-12,12
18733,186,164,22,22
18734,30,27,3,3
18735,63,60,3,3
18736,60,54,6,6
18737,38,34,4,4
18738,70,86,-16,16
18739,85,89,-4,4
18740,71,42,29,29
18741,122,123,-1,1
18742,45,33,12,12
18743,94,92,2,2
18744,133,127,6,6
18745,89,88,1,1
18746,85,84,1,1
18747,80,90,-10,10
18748,141,132,9,9
18749,108,111,-3,3
18750,39,55,-16,16
18751,85,103,-18,18
18752,99,104,-5,5
18753,81,79,2,2
18754,123,128,-5,5
18755,98,97,1,1
18756,81,87,-6,6
18757,110,112,-2,2
18758,64,73,-9,9
18759,75,82,-7,7
18760,59,52,7,7
18761,66,73,-7,7
18762,81,47,34,34
18763,92,92,0,0
18764,115,112,3,3
18765,129,133,-4,4
18766,99,98,1,1
18767,72,83,-11,11
18768,91,95,-4,4
18769,69,71,-2,2
18770,80,77,3,3
18771,89,95,-6,6
18772,92,104,-12,12
18773,95,105,-10,10
18774,166,150,16,16
18775,61,64,-3,3
18776,59,54,5,5
18777,42,55,-13,13
18778,53,58,-5,5
18779,101,94,7,7
18780,90,81,9,9
18781,116,101,15,15
18782,83,75,8,8
18783,89,91,-2,2
18784,121,118,3,3
18785,74,53,21,21
18786,113,100,13,13
18787,85,93,-8,8
18788,137,133,4,4
18789,72,95,-23,23
18790,78,68,10,10
18791,113,123,-10,10
18792,144,119,25,25
18793,54,52,2,2
18794,74,72,2,2
18795,72,71,1,1
18796,73,68,5,5
18797,163,153,10,10
18798,96,94,2,2
18799,90,95,-5,5
18800,64,63,1,1
18801,61,49,12,12
18802,79,80,-1,1
18803,118,118,0,0
18804,70,69,1,1
18805,108,115,-7,7
18806,83,108,-25,25
18807,55,53,2,2
18808,139,142,-3,3
18809,49,52,-3,3
18810,159,155,4,4
18811,30,31,-1,1
18812,111,109,2,2
18813,112,116,-4,4
18814,149,160,-11,11
18815,104,113,-9,9
18816,166,143,23,23
18817,76,75,1,1
18818,128,139,-11,11
18819,54,60,-6,6
18820,99,95,4,4
18821,53,49,4,4
18822,98,97,1,1
18823,94,101,-7,7
18824,144,172,-28,28
18825,47,48,-1,1
18826,124,129,-5,5
18827,137,150,-13,13
18828,55,48,7,7
18829,79,71,8,8
18830,103,109,-6,6
18831,67,81,-14,14
18832,45,41,4,4
18833,129,116,13,13
18834,33,48,-15,15
18835,108,113,-5,5
18836,68,71,-3,3
18837,165,160,5,5
18838,108,107,1,1
18839,142,125,17,17
18840,108,119,-11,11
18841,56,66,-10,10
18842,73,78,-5,5
18843,121,129,-8,8
18844,139,134,5,5
18845,124,113,11,11
18846,59,58,1,1
18847,98,121,-23,23
18848,42,40,2,2
18849,94,107,-13,13
18850,120,107,13,13
18851,64,71,-7,7
18852,52,58,-6,6
18853,193,181,12,12
18854,99,103,-4,4
18855,73,79,-6,6
18856,166,137,29,29
18857,116,111,5,5
18858,69,88,-19,19
18859,67,65,2,2
18860,81,72,9,9
18861,112,105,7,7
18862,120,100,20,20
18863,67,61,6,6
18864,105,94,11,11
18865,146,129,17,17
18866,110,104,6,6
18867,90,102,-12,12
18868,94,90,4,4
18869,106,117,-11,11
18870,95,90,5,5
18871,112,112,0,0
18872,104,104,0,0
18873,60,67,-7,7
18874,93,80,13,13
18875,171,168,3,3
18876,57,37,20,20
18877,106,92,14,14
18878,83,91,-8,8
18879,65,59,6,6
18880,111,116,-5,5
18881,117,127,-10,10
18882,71,73,-2,2
18883,46,47,-1,1
18884,87,99,-12,12
18885,80,78,2,2
18886,58,53,5,5
18887,47,50,-3,3
18888,196,172,24,24
18889,100,105,-5,5
18890,122,126,-4,4
18891,126,134,-8,8
18892,61,67,-6,6
18893,68,75,-7,7
18894,90,101,-11,11
18895,96,100,-4,4
18896,154,157,-3,3
18897,153,153,0,0
18898,83,86,-3,3
18899,130,121,9,9
18900,110,97,13,13
18901,122,120,2,2
18902,85,78,7,7
18903,55,57,-2,2
18904,85,89,-4,4
18905,122,132,-10,10
18906,71,65,6,6
18907,149,145,4,4
18908,101,101,0,0
18909,81,100,-19,19
18910,95,101,-6,6
18911,120,116,4,4
18912,137,140,-3,3
18913,132,147,-15,15
18914,83,77,6,6
18915,121,114,7,7
18916,121,117,4,4
18917,125,133,-8,8
18918,81,90,-9,9
18919,137,133,4,4
18920,89,87,2,2
18921,113,113,0,0
18922,23,41,-18,18
18923,123,107,16,16
18924,172,165,7,7
18925,64,61,3,3
18926,122,134,-12,12
18927,67,70,-3,3
18928,86,87,-1,1
18929,42,46,-4,4
18930,126,122,4,4
18931,148,135,13,13
18932,81,78,3,3
18933,78,86,-8,8
18934,74,71,3,3
18935,52,59,-7,7
18936,67,73,-6,6
18937,69,72,-3,3
18938,76,86,-10,10
18939,56,56,0,0
18940,103,114,-11,11
18941,86,98,-12,12
18942,67,70,-3,3
18943,74,79,-5,5
18944,61,67,-6,6
18945,42,53,-11,11
18946,106,112,-6,6
18947,59,58,1,1
18948,65,62,3,3
18949,148,159,-11,11
18950,161,167,-6,6
18951,140,130,10,10
18952,140,139,1,1
18953,70,77,-7,7
18954,157,137,20,20
18955,70,79,-9,9
18956,110,121,-11,11
18957,132,166,-34,34
18958,40,34,6,6
18959,115,113,2,2
18960,165,162,3,3
18961,46,56,-10,10
18962,108,125,-17,17
18963,145,136,9,9
18964,153,139,14,14
18965,64,64,0,0
18966,104,96,8,8
18967,104,88,16,16
18968,103,86,17,17
18969,99,109,-10,10
18970,58,58,0,0
18971,78,73,5,5
18972,116,118,-2,2
18973,95,112,-17,17
18974,77,74,3,3
18975,100,100,0,0
18976,147,136,11,11
18977,73,72,1,1
18978,90,95,-5,5
18979,91,90,1,1
18980,136,125,11,11
18981,156,137,19,19
18982,71,72,-1,1
18983,65,65,0,0
18984,82,83,-1,1
18985,116,121,-5,5
18986,134,131,3,3
18987,70,74,-4,4
18988,98,96,2,2
18989,194,174,20,20
18990,58,61,-3,3
18991,111,161,-50,50
18992,55,46,9,9
18993,105,108,-3,3
18994,85,84,1,1
18995,105,100,5,5
18996,83,89,-6,6
18997,96,83,13,13
18998,83,82,1,1
18999,153,148,5,5
19000,81,85,-4,4
19001,60,57,3,3
19002,137,140,-3,3
19003,140,130,10,10
19004,88,93,-5,5
19005,124,133,-9,9
19006,101,95,6,6
19007,84,75,9,9
19008,99,95,4,4
19009,59,48,11,11
19010,83,92,-9,9
19011,113,121,-8,8
19012,83,80,3,3
19013,65,67,-2,2
19014,52,57,-5,5
19015,120,125,-5,5
19016,102,100,2,2
19017,50,57,-7,7
19018,134,150,-16,16
19019,90,93,-3,3
19020,79,74,5,5
19021,78,89,-11,11
19022,122,117,5,5
19023,69,78,-9,9
19024,72,72,0,0
19025,71,73,-2,2
19026,112,72,40,40
19027,111,103,8,8
19028,96,97,-1,1
19029,96,98,-2,2
19030,67,64,3,3
19031,102,115,-13,13
19032,71,76,-5,5
19033,147,141,6,6
19034,123,128,-5,5
19035,89,78,11,11
19036,72,80,-8,8
19037,81,86,-5,5
19038,61,56,5,5
19039,79,91,-12,12
19040,112,109,3,3
19041,167,165,2,2
19042,74,80,-6,6
19043,122,114,8,8
19044,78,78,0,0
19045,64,54,10,10
19046,72,75,-3,3
19047,90,81,9,9
19048,86,80,6,6
19049,122,119,3,3
19050,70,54,16,16
19051,80,78,2,2
19052,55,60,-5,5
19053,86,82,4,4
19054,117,119,-2,2
19055,95,88,7,7
19056,88,98,-10,10
19057,123,123,0,0
19058,102,101,1,1
19059,73,72,1,1
19060,33,33,0,0
19061,133,128,5,5
19062,65,78,-13,13
19063,75,63,12,12
19064,39,35,4,4
19065,119,118,1,1
19066,88,90,-2,2
19067,110,106,4,4
19068,59,59,0,0
19069,94,95,-1,1
19070,90,93,-3,3
19071,64,69,-5,5
19072,111,113,-2,2
19073,95,99,-4,4
19074,77,78,-1,1
19075,60,58,2,2
19076,151,156,-5,5
19077,90,88,2,2
19078,65,69,-4,4
19079,100,116,-16,16
19080,59,62,-3,3
19081,89,89,0,0
19082,91,98,-7,7
19083,152,145,7,7
19084,58,52,6,6
19085,98,106,-8,8
19086,111,112,-1,1
19087,94,87,7,7
19088,98,102,-4,4
19089,99,93,6,6
19090,132,131,1,1
19091,99,116,-17,17
19092,163,171,-8,8
19093,105,112,-7,7
19094,109,118,-9,9
19095,49,48,1,1
19096,97,115,-18,18
19097,153,141,12,12
19098,73,95,-22,22
19099,71,68,3,3
19100,89,93,-4,4
19101,110,113,-3,3
19102,73,77,-4,4
19103,151,128,23,23
19104,146,145,1,1
19105,74,75,-1,1
19106,76,65,11,11
19107,57,200,-143,143
19108,96,89,7,7
19109,143,125,18,18
19110,98,87,11,11
19111,74,75,-1,1
19112,78,75,3,3
19113,139,160,-21,21
19114,81,88,-7,7
19115,74,79,-5,5
19116,81,78,3,3
19117,149,171,-22,22
19118,59,74,-15,15
19119,92,97,-5,5
19120,88,84,4,4
19121,94,101,-7,7
19122,106,106,0,0
19123,143,132,11,11
19124,61,70,-9,9
19125,84,85,-1,1
19126,107,122,-15,15
19127,129,131,-2,2
19128,80,81,-1,1
19129,89,86,3,3
19130,159,152,7,7
19131,44,49,-5,5
19132,116,122,-6,6
19133,79,78,1,1
19134,82,76,6,6
19135,77,84,-7,7
19136,124,114,10,10
19137,97,106,-9,9
19138,62,71,-9,9
19139,65,71,-6,6
19140,78,62,16,16
19141,105,105,0,0
19142,107,118,-11,11
19143,60,63,-3,3
19144,63,60,3,3
19145,71,64,7,7
19146,122,120,2,2
19147,76,80,-4,4
19148,137,141,-4,4
19149,89,90,-1,1
19150,87,91,-4,4
19151,147,151,-4,4
19152,121,143,-22,22
19153,91,82,9,9
19154,62,60,2,2
19155,77,87,-10,10
19156,95,90,5,5
19157,71,74,-3,3
19158,129,132,-3,3
19159,114,120,-6,6
19160,196,188,8,8
19161,113,118,-5,5
19162,122,114,8,8
19163,120,116,4,4
19164,104,117,-13,13
19165,99,102,-3,3
19166,80,82,-2,2
19167,69,73,-4,4
19168,100,105,-5,5
19169,63,71,-8,8
19170,145,139,6,6
19171,55,43,12,12
19172,91,92,-1,1
19173,148,142,6,6
19174,75,71,4,4
19175,106,109,-3,3
19176,179,157,22,22
19177,86,97,-11,11
19178,72,75,-3,3
19179,127,142,-15,15
19180,68,66,2,2
19181,69,87,-18,18
19182,136,134,2,2
19183,91,87,4,4
19184,102,108,-6,6
19185,128,120,8,8
19186,94,90,4,4
19187,105,106,-1,1
19188,146,139,7,7
19189,72,65,7,7
19190,105,108,-3,3
19191,137,135,2,2
19192,169,167,2,2
19193,130,145,-15,15
19194,126,132,-6,6
19195,125,116,9,9
19196,102,105,-3,3
19197,74,87,-13,13
19198,74,90,-16,16
19199,97,100,-3,3
19200,113,114,-1,1
19201,54,54,0,0
19202,127,109,18,18
19203,73,79,-6,6
19204,145,151,-6,6
19205,117,113,4,4
19206,123,124,-1,1
19207,188,163,25,25
19208,75,87,-12,12
19209,76,86,-10,10
19210,45,40,5,5
19211,86,85,1,1
19212,74,79,-5,5
19213,103,118,-15,15
19214,140,122,18,18
19215,95,100,-5,5
19216,102,111,-9,9
19217,34,35,-1,1
19218,101,98,3,3
19219,62,74,-12,12
19220,81,88,-7,7
19221,84,84,0,0
19222,114,119,-5,5
19223,90,84,6,6
19224,66,109,-43,43
19225,98,101,-3,3
19226,68,80,-12,12
19227,115,113,2,2
19228,101,53,48,48
19229,137,125,12,12
19230,125,133,-8,8
19231,84,89,-5,5
19232,43,59,-16,16
19233,99,92,7,7
19234,126,131,-5,5
19235,97,105,-8,8
19236,105,119,-14,14
19237,74,76,-2,2
19238,108,112,-4,4
19239,70,80,-10,10
19240,49,53,-4,4
19241,133,135,-2,2
19242,105,107,-2,2
19243,147,146,1,1
19244,98,98,0,0
19245,124,131,-7,7
19246,73,79,-6,6
19247,78,75,3,3
19248,106,108,-2,2
19249,63,62,1,1
19250,87,92,-5,5
19251,80,74,6,6
19252,101,100,1,1
19253,80,79,1,1
19254,107,98,9,9
19255,65,71,-6,6
19256,62,62,0,0
19257,124,126,-2,2
19258,37,36,1,1
19259,109,108,1,1
19260,48,60,-12,12
19261,152,142,10,10
19262,163,156,7,7
19263,126,127,-1,1
19264,62,73,-11,11
19265,128,134,-6,6
19266,104,107,-3,3
19267,110,127,-17,17
19268,79,90,-11,11
19269,79,82,-3,3
19270,145,147,-2,2
19271,74,84,-10,10
19272,59,65,-6,6
19273,107,104,3,3
19274,88,89,-1,1
19275,47,43,4,4
19276,111,118,-7,7
19277,108,106,2,2
19278,133,123,10,10
19279,155,159,-4,4
19280,85,86,-1,1
19281,135,130,5,5
19282,104,100,4,4
19283,149,151,-2,2
19284,78,74,4,4
19285,76,75,1,1
19286,96,103,-7,7
19287,130,121,9,9
19288,90,86,4,4
19289,55,65,-10,10
19290,123,128,-5,5
19291,65,57,8,8
19292,69,45,24,24
19293,50,51,-1,1
19294,51,59,-8,8
19295,81,69,12,12
19296,108,132,-24,24
19297,81,89,-8,8
19298,42,43,-1,1
19299,141,125,16,16
19300,66,76,-10,10
19301,103,107,-4,4
19302,147,136,11,11
19303,105,92,13,13
19304,136,117,19,19
19305,58,60,-2,2
19306,108,94,14,14
19307,63,54,9,9
19308,116,118,-2,2
19309,147,145,2,2
19310,73,71,2,2
19311,92,92,0,0
19312,63,59,4,4
19313,98,103,-5,5
19314,153,149,4,4
19315,98,95,3,3
19316,68,70,-2,2
19317,70,58,12,12
19318,69,135,-66,66
19319,68,67,1,1
19320,66,71,-5,5
19321,83,90,-7,7
19322,113,107,6,6
19323,123,121,2,2
19324,39,40,-1,1
19325,127,120,7,7
19326,119,124,-5,5
19327,80,81,-1,1
19328,202,209,-7,7
19329,71,74,-3,3
19330,49,52,-3,3
19331,73,87,-14,14
19332,90,99,-9,9
19333,86,89,-3,3
19334,71,84,-13,13
19335,62,70,-8,8
19336,89,82,7,7
19337,205,180,25,25
19338,157,120,37,37
19339,95,108,-13,13
19340,54,55,-1,1
19341,86,83,3,3
19342,105,124,-19,19
19343,51,61,-10,10
19344,56,91,-35,35
19345,142,142,0,0
19346,151,140,11,11
19347,72,64,8,8
19348,71,85,-14,14
19349,73,68,5,5
19350,58,56,2,2
19351,175,208,-33,33
19352,132,132,0,0
19353,102,106,-4,4
19354,115,111,4,4
19355,92,101,-9,9
19356,77,74,3,3
19357,113,116,-3,3
19358,103,108,-5,5
19359,147,162,-15,15
19360,93,120,-27,27
19361,105,110,-5,5
19362,95,89,6,6
19363,158,144,14,14
19364,117,113,4,4
19365,113,135,-22,22
19366,84,74,10,10
19367,64,72,-8,8
19368,98,102,-4,4
19369,91,103,-12,12
19370,106,101,5,5
19371,57,65,-8,8
19372,130,131,-1,1
19373,67,72,-5,5
19374,60,60,0,0
19375,80,72,8,8
19376,109,111,-2,2
19377,56,84,-28,28
19378,61,65,-4,4
19379,162,151,11,11
19380,105,103,2,2
19381,118,114,4,4
19382,88,88,0,0
19383,61,50,11,11
19384,101,93,8,8
19385,130,137,-7,7
19386,116,119,-3,3
19387,66,72,-6,6
19388,67,51,16,16
19389,68,79,-11,11
19390,54,53,1,1
19391,76,63,13,13
19392,91,92,-1,1
19393,48,46,2,2
19394,108,109,-1,1
19395,50,51,-1,1
19396,121,139,-18,18
19397,55,56,-1,1
19398,99,84,15,15
19399,109,101,8,8
19400,129,122,7,7
19401,59,59,0,0
19402,193,190,3,3
19403,115,115,0,0
19404,168,159,9,9
19405,109,116,-7,7
19406,79,95,-16,16
19407,69,70,-1,1
19408,124,141,-17,17
19409,86,98,-12,12
19410,108,113,-5,5
19411,57,62,-5,5
19412,69,58,11,11
19413,73,73,0,0
19414,93,106,-13,13
19415,108,111,-3,3
19416,47,41,6,6
19417,96,94,2,2
19418,136,148,-12,12
19419,62,50,12,12
19420,35,44,-9,9
19421,168,174,-6,6
19422,72,62,10,10
19423,53,55,-2,2
19424,181,180,1,1
19425,106,100,6,6
19426,110,130,-20,20
19427,71,76,-5,5
19428,81,97,-16,16
19429,66,69,-3,3
19430,96,110,-14,14
19431,94,94,0,0
19432,101,91,10,10
19433,56,55,1,1
19434,161,145,16,16
19435,120,114,6,6
19436,90,90,0,0
19437,74,79,-5,5
19438,119,115,4,4
19439,120,121,-1,1
19440,116,130,-14,14
19441,72,69,3,3
19442,100,93,7,7
19443,72,88,-16,16
19444,152,150,2,2
19445,65,73,-8,8
19446,84,76,8,8
19447,100,104,-4,4
19448,116,102,14,14
19449,88,89,-1,1
19450,94,106,-12,12
19451,76,70,6,6
19452,70,74,-4,4
19453,72,80,-8,8
19454,114,113,1,1
19455,95,98,-3,3
19456,88,79,9,9
19457,103,121,-18,18
19458,82,84,-2,2
19459,66,74,-8,8
19460,126,109,17,17
19461,215,244,-29,29
19462,127,127,0,0
19463,71,72,-1,1
19464,106,95,11,11
19465,125,131,-6,6
19466,98,95,3,3
19467,80,95,-15,15
19468,76,81,-5,5
19469,126,124,2,2
19470,45,50,-5,5
19471,98,92,6,6
19472,75,75,0,0
19473,76,70,6,6
19474,103,119,-16,16
19475,149,150,-1,1
19476,110,108,2,2
19477,71,76,-5,5
19478,121,122,-1,1
19479,86,92,-6,6
19480,44,35,9,9
19481,126,132,-6,6
19482,145,132,13,13
19483,94,107,-13,13
19484,49,55,-6,6
19485,99,97,2,2
19486,75,85,-10,10
19487,77,93,-16,16
19488,65,68,-3,3
19489,117,117,0,0
19490,87,83,4,4
19491,87,103,-16,16
19492,138,139,-1,1
19493,66,74,-8,8
19494,100,101,-1,1
19495,107,107,0,0
19496,82,108,-26,26
19497,76,81,-5,5
19498,67,91,-24,24
19499,40,46,-6,6
19500,88,98,-10,10
19501,184,169,15,15
19502,92,88,4,4
19503,134,139,-5,5
19504,105,106,-1,1
19505,112,113,-1,1
19506,70,69,1,1
19507,70,67,3,3
19508,57,62,-5,5
19509,120,121,-1,1
19510,98,104,-6,6
19511,115,107,8,8
19512,84,101,-17,17
19513,97,92,5,5
19514,85,80,5,5
19515,67,71,-4,4
19516,93,86,7,7
19517,123,121,2,2
19518,52,104,-52,52
19519,113,106,7,7
19520,63,62,1,1
19521,97,91,6,6
19522,103,101,2,2
19523,91,104,-13,13
19524,74,81,-7,7
19525,110,117,-7,7
19526,162,154,8,8
19527,98,98,0,0
19528,103,95,8,8
19529,96,112,-16,16
19530,35,32,3,3
19531,85,89,-4,4
19532,69,72,-3,3
19533,80,76,4,4
19534,60,59,1,1
19535,87,101,-14,14
19536,77,79,-2,2
19537,139,142,-3,3
19538,51,52,-1,1
19539,122,115,7,7
19540,125,111,14,14
19541,63,56,7,7
19542,125,120,5,5
19543,85,97,-12,12
19544,112,116,-4,4
19545,58,58,0,0
19546,104,105,-1,1
19547,120,114,6,6
19548,43,42,1,1
19549,90,110,-20,20
19550,29,16,13,13
19551,92,85,7,7
19552,99,83,16,16
19553,55,55,0,0
19554,66,60,6,6
19555,78,75,3,3
19556,67,70,-3,3
19557,91,69,22,22
19558,143,129,14,14
19559,86,85,1,1
19560,57,74,-17,17
19561,96,96,0,0
19562,101,120,-19,19
19563,58,58,0,0
19564,113,107,6,6
19565,44,38,6,6
19566,140,126,14,14
19567,150,147,3,3
19568,117,124,-7,7
19569,86,92,-6,6
19570,99,89,10,10
19571,114,104,10,10
19572,81,77,4,4
19573,64,57,7,7
19574,132,136,-4,4
19575,82,83,-1,1
19576,141,144,-3,3
19577,68,84,-16,16
19578,137,127,10,10
19579,75,77,-2,2
19580,71,74,-3,3
19581,59,70,-11,11
19582,45,37,8,8
19583,70,60,10,10
19584,107,107,0,0
19585,59,53,6,6
19586,41,42,-1,1
19587,65,72,-7,7
19588,50,53,-3,3
19589,88,93,-5,5
19590,114,122,-8,8
19591,64,47,17,17
19592,154,152,2,2
19593,64,75,-11,11
19594,46,65,-19,19
19595,120,114,6,6
19596,80,85,-5,5
19597,52,49,3,3
19598,88,108,-20,20
19599,65,99,-34,34
19600,49,56,-7,7
19601,82,96,-14,14
19602,108,124,-16,16
19603,59,60,-1,1
19604,68,72,-4,4
19605,99,93,6,6
19606,100,102,-2,2
19607,100,97,3,3
19608,156,146,10,10
19609,91,97,-6,6
19610,152,137,15,15
19611,125,114,11,11
19612,60,66,-6,6
19613,43,53,-10,10
19614,48,46,2,2
19615,94,102,-8,8
19616,70,67,3,3
19617,52,55,-3,3
19618,70,73,-3,3
19619,154,141,13,13
19620,133,137,-4,4
19621,72,78,-6,6
19622,79,87,-8,8
19623,111,118,-7,7
19624,72,71,1,1
19625,147,150,-3,3
19626,94,93,1,1
19627,41,38,3,3
19628,79,89,-10,10
19629,61,63,-2,2
19630,68,73,-5,5
19631,70,77,-7,7
19632,80,86,-6,6
19633,58,68,-10,10
19634,45,47,-2,2
19635,187,170,17,17
19636,84,85,-1,1
19637,76,76,0,0
19638,154,151,3,3
19639,139,135,4,4
19640,173,165,8,8
19641,75,65,10,10
19642,148,134,14,14
19643,174,160,14,14
19644,100,110,-10,10
19645,29,27,2,2
19646,102,93,9,9
19647,67,73,-6,6
19648,51,52,-1,1
19649,133,112,21,21
19650,36,29,7,7
19651,66,65,1,1
19652,65,55,10,10
19653,73,76,-3,3
19654,151,151,0,0
19655,87,80,7,7
19656,138,145,-7,7
19657,65,74,-9,9
19658,97,97,0,0
19659,84,83,1,1
19660,171,159,12,12
19661,110,110,0,0
19662,120,115,5,5
19663,99,96,3,3
19664,135,170,-35,35
19665,90,91,-1,1
19666,70,66,4,4
19667,99,99,0,0
19668,58,59,-1,1
19669,109,145,-36,36
19670,77,82,-5,5
19671,74,74,0,0
19672,134,140,-6,6
19673,130,113,17,17
19674,65,62,3,3
19675,109,105,4,4
19676,75,82,-7,7
19677,125,124,1,1
19678,99,101,-2,2
19679,147,144,3,3
19680,160,147,13,13
19681,49,49,0,0
19682,62,67,-5,5
19683,332,308,24,24
19684,127,128,-1,1
19685,34,37,-3,3
19686,145,150,-5,5
19687,108,107,1,1
19688,66,72,-6,6
19689,65,72,-7,7
19690,157,148,9,9
19691,89,88,1,1
19692,97,107,-10,10
19693,116,109,7,7
19694,102,103,-1,1
19695,118,127,-9,9
19696,161,161,0,0
19697,97,109,-12,12
19698,40,45,-5,5
19699,63,69,-6,6
19700,70,82,-12,12
19701,83,78,5,5
19702,100,106,-6,6
19703,76,75,1,1
19704,105,104,1,1
19705,72,88,-16,16
19706,69,89,-20,20
19707,136,133,3,3
19708,126,109,17,17
19709,130,130,0,0
19710,116,121,-5,5
19711,87,78,9,9
19712,100,105,-5,5
19713,100,94,6,6
19714,55,57,-2,2
19715,92,97,-5,5
19716,101,95,6,6
19717,149,150,-1,1
19718,98,87,11,11
19719,89,90,-1,1
19720,40,43,-3,3
19721,91,91,0,0
19722,103,108,-5,5
19723,88,79,9,9
19724,76,95,-19,19
19725,43,50,-7,7
19726,60,71,-11,11
19727,165,149,16,16
19728,148,166,-18,18
19729,114,114,0,0
19730,97,89,8,8
19731,141,136,5,5
19732,82,77,5,5
19733,89,87,2,2
19734,141,136,5,5
19735,31,41,-10,10
19736,87,100,-13,13
19737,83,95,-12,12
19738,64,70,-6,6
19739,68,76,-8,8
19740,75,69,6,6
19741,102,103,-1,1
19742,54,63,-9,9
19743,108,115,-7,7
19744,104,92,12,12
19745,132,132,0,0
19746,77,81,-4,4
19747,130,123,7,7
19748,46,40,6,6
19749,83,60,23,23
19750,79,87,-8,8
19751,180,168,12,12
19752,118,124,-6,6
19753,105,114,-9,9
19754,93,103,-10,10
19755,81,79,2,2
19756,61,66,-5,5
19757,142,152,-10,10
19758,93,97,-4,4
19759,100,105,-5,5
19760,146,136,10,10
19761,64,68,-4,4
19762,116,108,8,8
19763,55,42,13,13
19764,55,68,-13,13
19765,86,102,-16,16
19766,90,92,-2,2
19767,146,141,5,5
19768,55,53,2,2
19769,76,72,4,4
19770,48,55,-7,7
19771,84,71,13,13
19772,62,52,10,10
19773,93,93,0,0
19774,104,100,4,4
19775,108,125,-17,17
19776,83,92,-9,9
19777,57,54,3,3
19778,76,78,-2,2
19779,100,135,-35,35
19780,96,99,-3,3
19781,124,97,27,27
19782,55,71,-16,16
19783,61,58,3,3
19784,104,97,7,7
19785,70,78,-8,8
19786,94,79,15,15
19787,64,71,-7,7
19788,113,121,-8,8
19789,92,97,-5,5
19790,136,149,-13,13
19791,115,97,18,18
19792,103,110,-7,7
19793,84,99,-15,15
19794,60,62,-2,2
19795,83,126,-43,43
19796,127,128,-1,1
19797,137,114,23,23
19798,64,57,7,7
19799,180,157,23,23
19800,144,133,11,11
19801,82,79,3,3
19802,89,84,5,5
19803,122,123,-1,1
19804,85,93,-8,8
19805,127,119,8,8
19806,86,79,7,7
19807,81,90,-9,9
19808,102,83,19,19
19809,104,66,38,38
19810,47,49,-2,2
19811,163,149,14,14
19812,102,105,-3,3
19813,152,140,12,12
19814,139,131,8,8
19815,88,76,12,12
19816,57,49,8,8
19817,79,74,5,5
19818,60,51,9,9
19819,104,95,9,9
19820,92,92,0,0
19821,74,71,3,3
19822,94,96,-2,2
19823,102,110,-8,8
19824,109,106,3,3
19825,86,78,8,8
19826,85,79,6,6
19827,86,80,6,6
19828,158,146,12,12
19829,78,78,0,0
19830,72,68,4,4
19831,127,130,-3,3
19832,81,85,-4,4
19833,99,106,-7,7
19834,64,67,-3,3
19835,137,146,-9,9
19836,99,103,-4,4
19837,74,85,-11,11
19838,80,99,-19,19
19839,99,102,-3,3
19840,95,102,-7,7
19841,48,50,-2,2
19842,77,80,-3,3
19843,88,96,-8,8
19844,99,105,-6,6
19845,87,93,-6,6
19846,75,82,-7,7
19847,103,111,-8,8
19848,190,185,5,5
19849,88,54,34,34
19850,85,97,-12,12
19851,59,53,6,6
19852,63,86,-23,23
19853,85,92,-7,7
19854,67,89,-22,22
19855,76,78,-2,2
19856,115,107,8,8
19857,62,60,2,2
19858,61,56,5,5
19859,147,137,10,10
19860,153,151,2,2
19861,68,64,4,4
19862,106,116,-10,10
19863,79,81,-2,2
19864,165,147,18,18
19865,63,59,4,4
19866,106,110,-4,4
19867,74,76,-2,2
19868,135,130,5,5
19869,76,85,-9,9
19870,113,130,-17,17
19871,77,80,-3,3
19872,67,68,-1,1
19873,93,108,-15,15
19874,170,157,13,13
19875,77,91,-14,14
19876,88,90,-2,2
19877,103,101,2,2
19878,85,88,-3,3
19879,82,74,8,8
19880,70,78,-8,8
19881,94,114,-20,20
19882,44,52,-8,8
19883,103,95,8,8
19884,99,99,0,0
19885,67,68,-1,1
19886,56,63,-7,7
19887,94,95,-1,1
19888,77,78,-1,1
19889,68,71,-3,3
19890,125,113,12,12
19891,110,111,-1,1
19892,102,87,15,15
19893,57,49,8,8
19894,68,87,-19,19
19895,75,75,0,0
19896,101,96,5,5
19897,57,61,-4,4
19898,93,114,-21,21
19899,52,33,19,19
19900,57,59,-2,2
19901,123,114,9,9
19902,111,114,-3,3
19903,62,67,-5,5
19904,89,109,-20,20
19905,114,111,3,3
19906,45,51,-6,6
19907,79,76,3,3
19908,134,129,5,5
19909,101,96,5,5
19910,92,87,5,5
19911,74,71,3,3
19912,95,92,3,3
19913,49,58,-9,9
19914,86,82,4,4
19915,50,66,-16,16
19916,55,48,7,7
19917,49,43,6,6
19918,87,94,-7,7
19919,59,68,-9,9
19920,108,124,-16,16
19921,88,87,1,1
19922,118,131,-13,13
19923,108,104,4,4
19924,38,49,-11,11
19925,94,93,1,1
19926,35,37,-2,2
19927,114,121,-7,7
19928,124,114,10,10
19929,108,116,-8,8
19930,129,139,-10,10
19931,69,76,-7,7
19932,108,116,-8,8
19933,66,66,0,0
19934,62,59,3,3
19935,107,110,-3,3
19936,65,64,1,1
19937,169,159,10,10
19938,115,115,0,0
19939,116,117,-1,1
19940,87,89,-2,2
19941,62,54,8,8
19942,128,120,8,8
19943,126,123,3,3
19944,139,145,-6,6
19945,217,178,39,39
19946,147,153,-6,6
19947,117,112,5,5
19948,181,176,5,5
19949,101,138,-37,37
19950,66,71,-5,5
19951,77,76,1,1
19952,110,112,-2,2
19953,186,173,13,13
19954,60,61,-1,1
19955,68,72,-4,4
19956,125,129,-4,4
19957,52,53,-1,1
19958,75,82,-7,7
19959,109,118,-9,9
19960,44,52,-8,8
19961,123,130,-7,7
19962,123,112,11,11
19963,69,69,0,0
19964,51,52,-1,1
19965,148,138,10,10
19966,104,97,7,7
19967,64,74,-10,10
19968,82,99,-17,17
19969,82,77,5,5
19970,135,136,-1,1
19971,54,57,-3,3
19972,88,81,7,7
19973,88,84,4,4
19974,102,100,2,2
19975,45,50,-5,5
19976,85,86,-1,1
19977,117,104,13,13
19978,124,119,5,5
19979,60,53,7,7
19980,40,60,-20,20
19981,133,126,7,7
19982,101,110,-9,9
19983,80,85,-5,5
19984,90,111,-21,21
19985,85,91,-6,6
19986,68,68,0,0
19987,150,158,-8,8
19988,86,89,-3,3
19989,105,117,-12,12
19990,45,36,9,9
19991,149,145,4,4
19992,74,80,-6,6
19993,40,42,-2,2
19994,75,78,-3,3
19995,47,52,-5,5
19996,70,72,-2,2
19997,56,54,2,2
19998,46,54,-8,8
19999,98,108,-10,10
20000,107,99,8,8
20001,121,114,7,7
20002,192,190,2,2
20003,50,55,-5,5
20004,62,83,-21,21
20005,93,92,1,1
20006,96,75,21,21
20007,72,72,0,0
20008,134,140,-6,6
20009,98,103,-5,5
20010,159,140,19,19
20011,115,110,5,5
20012,54,49,5,5
20013,60,64,-4,4
20014,80,87,-7,7
20015,103,107,-4,4
20016,89,87,2,2
20017,118,113,5,5
20018,109,106,3,3
20019,65,82,-17,17
20020,62,67,-5,5
20021,100,106,-6,6
20022,127,137,-10,10
20023,54,59,-5,5
20024,113,103,10,10
20025,122,117,5,5
20026,140,142,-2,2
20027,71,69,2,2
20028,86,101,-15,15
20029,94,98,-4,4
20030,124,118,6,6
20031,59,62,-3,3
20032,115,119,-4,4
20033,61,60,1,1
20034,65,53,12,12
20035,79,63,16,16
20036,122,119,3,3
20037,97,107,-10,10
20038,64,70,-6,6
20039,107,104,3,3
20040,109,109,0,0
20041,70,72,-2,2
20042,63,61,2,2
20043,104,110,-6,6
20044,88,79,9,9
20045,91,91,0,0
20046,136,135,1,1
20047,67,67,0,0
20048,65,55,10,10
20049,97,107,-10,10
20050,114,123,-9,9
20051,122,134,-12,12
20052,76,66,10,10
20053,96,98,-2,2
20054,90,74,16,16
20055,68,72,-4,4
20056,78,76,2,2
20057,158,150,8,8
20058,77,85,-8,8
20059,65,64,1,1
20060,126,119,7,7
20061,102,101,1,1
20062,96,94,2,2
20063,120,130,-10,10
20064,44,45,-1,1
20065,68,70,-2,2
20066,170,173,-3,3
20067,40,37,3,3
20068,43,52,-9,9
20069,95,89,6,6
20070,114,114,0,0
20071,60,62,-2,2
20072,35,40,-5,5
20073,70,66,4,4
20074,126,120,6,6
20075,68,77,-9,9
20076,137,145,-8,8
20077,154,138,16,16
20078,139,136,3,3
20079,103,97,6,6
20080,82,77,5,5
20081,94,104,-10,10
20082,136,140,-4,4
20083,81,70,11,11
20084,51,47,4,4
20085,126,123,3,3
20086,89,123,-34,34
20087,88,93,-5,5
20088,77,69,8,8
20089,83,88,-5,5
20090,77,72,5,5
20091,84,84,0,0
20092,82,56,26,26
20093,65,66,-1,1
20094,113,104,9,9
20095,78,100,-22,22
20096,54,59,-5,5
20097,94,108,-14,14
20098,59,68,-9,9
20099,117,128,-11,11
20100,78,62,16,16
20101,48,35,13,13
20102,54,66,-12,12
20103,99,100,-1,1
20104,71,67,4,4
20105,136,133,3,3
20106,45,51,-6,6
20107,84,83,1,1
20108,82,85,-3,3
20109,45,53,-8,8
20110,125,106,19,19
20111,50,51,-1,1
20112,71,75,-4,4
20113,89,84,5,5
20114,61,66,-5,5
20115,105,97,8,8
20116,143,136,7,7
20117,185,174,11,11
20118,48,45,3,3
20119,98,101,-3,3
20120,38,50,-12,12
20121,92,87,5,5
20122,139,136,3,3
20123,99,89,10,10
20124,106,106,0,0
20125,60,76,-16,16
20126,96,81,15,15
20127,138,139,-1,1
20128,83,81,2,2
20129,152,122,30,30
20130,115,123,-8,8
20131,84,100,-16,16
20132,133,138,-5,5
20133,128,127,1,1
20134,78,73,5,5
20135,93,96,-3,3
20136,105,108,-3,3
20137,90,92,-2,2
20138,205,199,6,6
20139,80,83,-3,3
20140,80,83,-3,3
20141,118,109,9,9
20142,60,74,-14,14
20143,101,94,7,7
20144,95,94,1,1
20145,130,142,-12,12
20146,113,116,-3,3
20147,79,88,-9,9
20148,88,79,9,9
20149,109,108,1,1
20150,98,125,-27,27
20151,70,71,-1,1
20152,92,75,17,17
20153,157,159,-2,2
20154,44,55,-11,11
20155,95,93,2,2
20156,87,74,13,13
20157,109,96,13,13
20158,111,114,-3,3
20159,86,83,3,3
20160,149,145,4,4
20161,111,105,6,6
20162,45,45,0,0
20163,150,152,-2,2
20164,89,80,9,9
20165,67,80,-13,13
20166,87,85,2,2
20167,150,140,10,10
20168,124,107,17,17
20169,96,97,-1,1
20170,125,121,4,4
20171,116,133,-17,17
20172,80,91,-11,11
20173,156,129,27,27
20174,159,163,-4,4
20175,108,115,-7,7
20176,90,94,-4,4
20177,117,107,10,10
20178,139,131,8,8
20179,87,86,1,1
20180,79,75,4,4
20181,103,101,2,2
20182,157,149,8,8
20183,159,169,-10,10
20184,46,76,-30,30
20185,84,85,-1,1
20186,62,75,-13,13
20187,99,100,-1,1
20188,62,63,-1,1
20189,87,102,-15,15
20190,186,181,5,5
20191,104,97,7,7
20192,83,86,-3,3
20193,82,83,-1,1
20194,82,94,-12,12
20195,116,120,-4,4
20196,48,45,3,3
20197,72,85,-13,13
20198,81,81,0,0
20199,89,105,-16,16
20200,66,69,-3,3
20201,99,108,-9,9
20202,97,94,3,3
20203,83,80,3,3
20204,57,58,-1,1
20205,95,96,-1,1
20206,81,82,-1,1
20207,77,92,-15,15
20208,65,67,-2,2
20209,109,107,2,2
20210,58,59,-1,1
20211,38,32,6,6
20212,109,113,-4,4
20213,128,129,-1,1
20214,68,65,3,3
20215,134,141,-7,7
20216,80,88,-8,8
20217,197,179,18,18
20218,105,111,-6,6
20219,78,82,-4,4
20220,99,115,-16,16
20221,88,91,-3,3
20222,105,98,7,7
20223,63,77,-14,14
20224,76,108,-32,32
20225,80,84,-4,4
20226,68,77,-9,9
20227,97,100,-3,3
20228,107,102,5,5
20229,96,78,18,18
20230,120,153,-33,33
20231,110,104,6,6
20232,67,67,0,0
20233,154,136,18,18
20234,133,122,11,11
20235,98,108,-10,10
20236,93,90,3,3
20237,93,94,-1,1
20238,95,102,-7,7
20239,96,90,6,6
20240,66,66,0,0
20241,54,51,3,3
20242,89,97,-8,8
20243,165,148,17,17
20244,189,191,-2,2
20245,62,70,-8,8
20246,49,44,5,5
20247,59,60,-1,1
20248,82,82,0,0
20249,75,78,-3,3
20250,121,113,8,8
20251,116,123,-7,7
20252,185,178,7,7
20253,139,131,8,8
20254,73,76,-3,3
20255,147,156,-9,9
20256,109,122,-13,13
20257,119,128,-9,9
20258,83,76,7,7
20259,122,127,-5,5
20260,84,94,-10,10
20261,130,124,6,6
20262,137,138,-1,1
20263,96,105,-9,9
20264,81,83,-2,2
20265,123,114,9,9
20266,83,69,14,14
20267,104,104,0,0
20268,121,108,13,13
20269,130,126,4,4
20270,104,104,0,0
20271,107,109,-2,2
20272,121,118,3,3
20273,76,81,-5,5
20274,59,58,1,1
20275,127,129,-2,2
20276,179,178,1,1
20277,70,74,-4,4
20278,83,82,1,1
20279,83,93,-10,10
20280,52,67,-15,15
20281,58,63,-5,5
20282,116,132,-16,16
20283,57,69,-12,12
20284,107,102,5,5
20285,164,167,-3,3
20286,110,107,3,3
20287,101,102,-1,1
20288,159,154,5,5
20289,103,113,-10,10
20290,133,142,-9,9
20291,59,71,-12,12
20292,93,107,-14,14
20293,129,121,8,8
20294,49,71,-22,22
20295,98,106,-8,8
20296,100,101,-1,1
20297,131,128,3,3
20298,140,151,-11,11
20299,87,93,-6,6
20300,138,130,8,8
20301,145,144,1,1
20302,124,124,0,0
20303,111,106,5,5
20304,128,121,7,7
20305,83,73,10,10
20306,90,107,-17,17
20307,96,90,6,6
20308,160,152,8,8
20309,75,76,-1,1
20310,83,91,-8,8
20311,115,124,-9,9
20312,78,87,-9,9
20313,91,94,-3,3
20314,60,63,-3,3
20315,92,88,4,4
20316,107,100,7,7
20317,94,106,-12,12
20318,75,103,-28,28
20319,60,63,-3,3
20320,58,69,-11,11
20321,103,106,-3,3
20322,68,73,-5,5
20323,141,120,21,21
20324,89,104,-15,15
20325,172,156,16,16
20326,147,140,7,7
20327,94,85,9,9
20328,128,128,0,0
20329,76,77,-1,1
20330,97,90,7,7
20331,110,110,0,0
20332,89,92,-3,3
20333,72,66,6,6
20334,104,117,-13,13
20335,82,108,-26,26
20336,87,84,3,3
20337,96,84,12,12
20338,94,104,-10,10
20339,158,164,-6,6
20340,102,106,-4,4
20341,62,68,-6,6
20342,53,59,-6,6
20343,98,99,-1,1
20344,96,94,2,2
20345,79,82,-3,3
20346,131,119,12,12
20347,44,52,-8,8
20348,102,96,6,6
20349,69,83,-14,14
20350,106,113,-7,7
20351,128,136,-8,8
20352,49,55,-6,6
20353,123,115,8,8
20354,191,166,25,25
20355,116,108,8,8
20356,127,124,3,3
20357,42,42,0,0
20358,124,108,16,16
20359,92,104,-12,12
20360,143,146,-3,3
20361,68,69,-1,1
20362,111,108,3,3
20363,120,137,-17,17
20364,93,84,9,9
20365,46,52,-6,6
20366,116,113,3,3
20367,84,84,0,0
20368,39,42,-3,3
20369,70,65,5,5
20370,59,79,-20,20
20371,107,128,-21,21
20372,59,58,1,1
20373,115,108,7,7
20374,92,100,-8,8
20375,105,118,-13,13
20376,110,103,7,7
20377,60,59,1,1
20378,119,113,6,6
20379,106,109,-3,3
20380,90,93,-3,3
20381,63,68,-5,5
20382,103,98,5,5
20383,105,118,-13,13
20384,98,100,-2,2
20385,48,54,-6,6
20386,110,127,-17,17
20387,119,100,19,19
20388,86,88,-2,2
20389,82,101,-19,19
20390,65,67,-2,2
20391,89,95,-6,6
20392,118,127,-9,9
20393,146,134,12,12
20394,65,78,-13,13
20395,125,123,2,2
20396,87,88,-1,1
20397,89,91,-2,2
20398,75,74,1,1
20399,87,86,1,1
20400,130,131,-1,1
20401,51,50,1,1
20402,129,140,-11,11
20403,81,78,3,3
20404,80,77,3,3
20405,66,76,-10,10
20406,47,53,-6,6
20407,103,103,0,0
20408,77,69,8,8
20409,60,53,7,7
20410,133,136,-3,3
20411,66,62,4,4
20412,161,152,9,9
20413,101,100,1,1
20414,80,85,-5,5
20415,124,137,-13,13
20416,140,141,-1,1
20417,120,111,9,9
20418,141,126,15,15
20419,90,89,1,1
20420,54,60,-6,6
20421,63,65,-2,2
20422,115,126,-11,11
20423,59,70,-11,11
20424,68,73,-5,5
20425,51,58,-7,7
20426,56,64,-8,8
20427,69,80,-11,11
20428,71,76,-5,5
20429,103,118,-15,15
20430,94,101,-7,7
20431,157,170,-13,13
20432,122,115,7,7
20433,111,114,-3,3
20434,120,136,-16,16
20435,103,96,7,7
20436,62,73,-11,11
20437,130,130,0,0
20438,81,87,-6,6
20439,166,150,16,16
20440,79,89,-10,10
20441,90,100,-10,10
20442,91,96,-5,5
20443,44,47,-3,3
20444,87,94,-7,7
20445,117,109,8,8
20446,101,109,-8,8
20447,106,104,2,2
20448,102,100,2,2
20449,74,74,0,0
20450,175,164,11,11
20451,71,81,-10,10
20452,122,121,1,1
20453,165,159,6,6
20454,134,139,-5,5
20455,192,178,14,14
20456,80,74,6,6
20457,65,49,16,16
20458,105,105,0,0
20459,121,120,1,1
20460,84,92,-8,8
20461,106,108,-2,2
20462,91,88,3,3
20463,174,169,5,5
20464,64,61,3,3
20465,58,65,-7,7
20466,76,69,7,7
20467,70,75,-5,5
20468,143,137,6,6
20469,92,98,-6,6
20470,94,93,1,1
20471,95,96,-1,1
20472,119,116,3,3
20473,101,96,5,5
20474,110,118,-8,8
20475,144,150,-6,6
20476,129,145,-16,16
20477,79,76,3,3
20478,99,111,-12,12
20479,85,86,-1,1
20480,142,128,14,14
20481,77,87,-10,10
20482,62,64,-2,2
20483,122,124,-2,2
20484,106,103,3,3
20485,52,46,6,6
20486,79,72,7,7
20487,95,89,6,6
20488,77,87,-10,10
20489,89,86,3,3
20490,70,77,-7,7
20491,97,99,-2,2
20492,100,110,-10,10
20493,79,76,3,3
20494,138,144,-6,6
20495,123,114,9,9
20496,152,133,19,19
20497,135,125,10,10
20498,83,90,-7,7
20499,118,106,12,12
20500,91,88,3,3
20501,83,90,-7,7
20502,77,76,1,1
20503,69,65,4,4
20504,68,72,-4,4
20505,139,126,13,13
20506,171,158,13,13
20507,80,73,7,7
20508,83,79,4,4
20509,108,104,4,4
20510,92,97,-5,5
20511,59,57,2,2
20512,74,71,3,3
20513,62,59,3,3
20514,138,135,3,3
20515,55,50,5,5
20516,85,82,3,3
20517,77,67,10,10
20518,39,39,0,0
20519,65,46,19,19
20520,109,116,-7,7
20521,91,94,-3,3
20522,74,70,4,4
20523,74,82,-8,8
20524,154,152,2,2
20525,153,138,15,15
20526,40,44,-4,4
20527,110,111,-1,1
20528,63,64,-1,1
20529,114,110,4,4
20530,114,130,-16,16
20531,62,75,-13,13
20532,81,70,11,11
20533,49,50,-1,1
20534,63,63,0,0
20535,93,97,-4,4
20536,76,74,2,2
20537,146,149,-3,3
20538,87,80,7,7
20539,162,166,-4,4
20540,91,110,-19,19
20541,107,131,-24,24
20542,82,94,-12,12
20543,97,93,4,4
20544,42,42,0,0
20545,81,78,3,3
20546,115,114,1,1
20547,120,108,12,12
20548,62,62,0,0
20549,131,136,-5,5
20550,82,86,-4,4
20551,59,61,-2,2
20552,127,140,-13,13
20553,100,93,7,7
20554,92,88,4,4
20555,55,64,-9,9
20556,111,107,4,4
20557,92,88,4,4
20558,111,121,-10,10
20559,189,167,22,22
20560,93,76,17,17
20561,61,59,2,2
20562,50,44,6,6
20563,62,62,0,0
20564,46,53,-7,7
20565,145,159,-14,14
20566,82,82,0,0
20567,83,86,-3,3
20568,78,76,2,2
20569,69,66,3,3
20570,117,112,5,5
20571,142,139,3,3
20572,111,114,-3,3
20573,72,71,1,1
20574,95,89,6,6
20575,141,126,15,15
20576,179,157,22,22
20577,85,100,-15,15
20578,286,241,45,45
20579,87,91,-4,4
20580,93,97,-4,4
20581,87,82,5,5
20582,49,53,-4,4
20583,87,93,-6,6
20584,143,128,15,15
20585,98,115,-17,17
20586,70,72,-2,2
20587,112,116,-4,4
20588,53,55,-2,2
20589,55,51,4,4
20590,88,86,2,2
20591,113,117,-4,4
20592,86,81,5,5
20593,59,33,26,26
20594,62,62,0,0
20595,71,90,-19,19
20596,102,119,-17,17
20597,69,83,-14,14
20598,117,119,-2,2
20599,79,79,0,0
20600,131,147,-16,16
20601,45,44,1,1
20602,81,85,-4,4
20603,62,71,-9,9
20604,82,87,-5,5
20605,86,69,17,17
20606,52,50,2,2
20607,79,85,-6,6
20608,108,101,7,7
20609,62,70,-8,8
20610,94,95,-1,1
20611,74,86,-12,12
20612,136,122,14,14
20613,151,150,1,1
20614,145,156,-11,11
20615,99,106,-7,7
20616,169,180,-11,11
20617,69,71,-2,2
20618,54,57,-3,3
20619,93,89,4,4
20620,106,107,-1,1
20621,77,80,-3,3
20622,100,113,-13,13
20623,96,106,-10,10
20624,56,57,-1,1
20625,99,98,1,1
20626,115,121,-6,6
20627,90,93,-3,3
20628,56,61,-5,5
20629,83,79,4,4
20630,117,109,8,8
20631,75,76,-1,1
20632,88,89,-1,1
20633,80,84,-4,4
20634,150,132,18,18
20635,126,113,13,13
20636,92,79,13,13
20637,117,118,-1,1
20638,75,80,-5,5
20639,92,82,10,10
20640,72,73,-1,1
20641,45,54,-9,9
20642,55,69,-14,14
20643,123,136,-13,13
20644,127,119,8,8
20645,128,131,-3,3
20646,161,153,8,8
20647,130,123,7,7
20648,87,79,8,8
20649,223,185,38,38
20650,79,89,-10,10
20651,155,144,11,11
20652,77,81,-4,4
20653,82,77,5,5
20654,101,106,-5,5
20655,89,94,-5,5
20656,106,115,-9,9
20657,68,59,9,9
20658,98,94,4,4
20659,102,109,-7,7
20660,88,77,11,11
20661,102,102,0,0
20662,173,153,20,20
20663,52,69,-17,17
20664,114,116,-2,2
20665,85,79,6,6
20666,86,84,2,2
20667,77,73,4,4
20668,81,79,2,2
20669,89,78,11,11
20670,149,138,11,11
20671,68,70,-2,2
20672,77,76,1,1
20673,83,80,3,3
20674,71,74,-3,3
20675,71,72,-1,1
20676,91,96,-5,5
20677,56,59,-3,3
20678,80,83,-3,3
20679,129,109,20,20
20680,95,95,0,0
20681,114,108,6,6
20682,149,137,12,12
20683,74,72,2,2
20684,84,86,-2,2
20685,72,79,-7,7
20686,119,124,-5,5
20687,82,77,5,5
20688,94,118,-24,24
20689,89,104,-15,15
20690,45,45,0,0
20691,77,72,5,5
20692,169,177,-8,8
20693,100,84,16,16
20694,114,107,7,7
20695,95,94,1,1
20696,97,118,-21,21
20697,224,206,18,18
20698,96,95,1,1
20699,66,64,2,2
20700,97,96,1,1
20701,113,114,-1,1
20702,107,112,-5,5
20703,59,73,-14,14
20704,148,160,-12,12
20705,66,39,27,27
20706,151,150,1,1
20707,87,85,2,2
20708,119,108,11,11
20709,63,64,-1,1
20710,122,114,8,8
20711,75,73,2,2
20712,142,148,-6,6
20713,33,33,0,0
20714,86,86,0,0
20715,33,39,-6,6
20716,144,124,20,20
20717,124,115,9,9
20718,77,81,-4,4
20719,144,135,9,9
20720,88,103,-15,15
20721,87,97,-10,10
20722,45,42,3,3
20723,104,88,16,16
20724,70,71,-1,1
20725,87,89,-2,2
20726,139,140,-1,1
20727,136,134,2,2
20728,85,77,8,8
20729,106,111,-5,5
20730,134,125,9,9
20731,98,94,4,4
20732,77,81,-4,4
20733,131,132,-1,1
20734,125,147,-22,22
20735,76,75,1,1
20736,110,104,6,6
20737,123,118,5,5
20738,56,37,19,19
20739,62,64,-2,2
20740,59,61,-2,2
20741,96,107,-11,11
20742,107,99,8,8
20743,126,141,-15,15
20744,114,117,-3,3
20745,85,96,-11,11
20746,63,60,3,3
20747,59,79,-20,20
20748,80,75,5,5
20749,93,88,5,5
20750,82,93,-11,11
20751,73,71,2,2
20752,133,135,-2,2
20753,145,128,17,17
20754,78,80,-2,2
20755,89,92,-3,3
20756,81,81,0,0
20757,100,104,-4,4
20758,129,139,-10,10
20759,80,80,0,0
20760,122,117,5,5
20761,26,38,-12,12
20762,151,151,0,0
20763,118,129,-11,11
20764,146,129,17,17
20765,75,77,-2,2
20766,80,93,-13,13
20767,52,61,-9,9
20768,128,112,16,16
20769,76,96,-20,20
20770,73,80,-7,7
20771,55,61,-6,6
20772,94,96,-2,2
20773,115,112,3,3
20774,70,76,-6,6
20775,125,116,9,9
20776,50,50,0,0
20777,90,100,-10,10
20778,110,113,-3,3
20779,120,127,-7,7
20780,62,65,-3,3
20781,78,89,-11,11
20782,132,133,-1,1
20783,46,46,0,0
20784,140,148,-8,8
20785,97,93,4,4
20786,53,53,0,0
20787,93,100,-7,7
20788,145,143,2,2
20789,84,94,-10,10
20790,121,128,-7,7
20791,124,127,-3,3
20792,65,65,0,0
20793,129,135,-6,6
20794,111,111,0,0
20795,81,74,7,7
20796,87,71,16,16
20797,64,66,-2,2
20798,92,93,-1,1
20799,74,73,1,1
20800,78,78,0,0
20801,72,94,-22,22
20802,101,105,-4,4
20803,35,39,-4,4
20804,171,153,18,18
20805,54,46,8,8
20806,155,168,-13,13
20807,151,157,-6,6
20808,45,41,4,4
20809,87,88,-1,1
20810,115,105,10,10
20811,75,72,3,3
20812,89,89,0,0
20813,134,127,7,7
20814,65,68,-3,3
20815,51,54,-3,3
20816,33,37,-4,4
20817,85,95,-10,10
20818,114,116,-2,2
20819,120,121,-1,1
20820,83,90,-7,7
20821,106,109,-3,3
20822,41,45,-4,4
20823,101,121,-20,20
20824,134,145,-11,11
20825,132,129,3,3
20826,53,56,-3,3
20827,89,90,-1,1
20828,120,127,-7,7
20829,106,119,-13,13
20830,165,185,-20,20
20831,59,73,-14,14
20832,77,83,-6,6
20833,105,106,-1,1
20834,113,125,-12,12
20835,85,92,-7,7
20836,57,56,1,1
20837,101,114,-13,13
20838,109,102,7,7
20839,129,130,-1,1
20840,75,88,-13,13
20841,143,140,3,3
20842,48,53,-5,5
20843,115,122,-7,7
20844,57,112,-55,55
20845,76,73,3,3
20846,79,82,-3,3
20847,107,113,-6,6
20848,61,66,-5,5
20849,134,139,-5,5
20850,93,88,5,5
20851,141,140,1,1
20852,81,76,5,5
20853,65,82,-17,17
20854,148,140,8,8
20855,70,86,-16,16
20856,78,88,-10,10
20857,46,50,-4,4
20858,108,108,0,0
20859,94,94,0,0
20860,165,158,7,7
20861,83,92,-9,9
20862,131,133,-2,2
20863,91,82,9,9
20864,86,117,-31,31
20865,99,104,-5,5
20866,111,97,14,14
20867,93,92,1,1
20868,82,67,15,15
20869,60,78,-18,18
20870,89,90,-1,1
20871,153,156,-3,3
20872,102,107,-5,5
20873,92,95,-3,3
20874,102,97,5,5
20875,118,130,-12,12
20876,75,76,-1,1
20877,176,162,14,14
20878,129,123,6,6
20879,69,77,-8,8
20880,83,80,3,3
20881,124,120,4,4
20882,68,66,2,2
20883,102,97,5,5
20884,63,65,-2,2
20885,96,114,-18,18
20886,120,129,-9,9
20887,75,86,-11,11
20888,111,111,0,0
20889,181,160,21,21
20890,82,86,-4,4
20891,132,122,10,10
20892,48,70,-22,22
20893,75,77,-2,2
20894,64,64,0,0
20895,41,40,1,1
20896,64,79,-15,15
20897,97,95,2,2
20898,77,83,-6,6
20899,91,92,-1,1
20900,51,52,-1,1
20901,68,71,-3,3
20902,121,129,-8,8
20903,86,84,2,2
20904,59,66,-7,7
20905,107,108,-1,1
20906,84,88,-4,4
20907,55,54,1,1
20908,76,86,-10,10
20909,93,84,9,9
20910,40,39,1,1
20911,118,107,11,11
20912,156,160,-4,4
20913,126,125,1,1
20914,74,72,2,2
20915,96,96,0,0
20916,121,123,-2,2
20917,76,72,4,4
20918,122,129,-7,7
20919,89,86,3,3
20920,59,56,3,3
20921,84,80,4,4
20922,83,79,4,4
20923,73,72,1,1
20924,63,64,-1,1
20925,64,73,-9,9
20926,125,116,9,9
20927,101,93,8,8
20928,122,131,-9,9
20929,63,65,-2,2
20930,107,128,-21,21
20931,68,64,4,4
20932,74,72,2,2
20933,102,111,-9,9
20934,119,128,-9,9
20935,106,99,7,7
20936,66,65,1,1
20937,87,91,-4,4
20938,85,85,0,0
20939,66,66,0,0
20940,145,141,4,4
20941,180,164,16,16
20942,75,77,-2,2
20943,63,76,-13,13
20944,144,149,-5,5
20945,66,70,-4,4
20946,49,41,8,8
20947,98,103,-5,5
20948,77,65,12,12
20949,105,102,3,3
20950,81,104,-23,23
20951,92,86,6,6
20952,104,114,-10,10
20953,151,148,3,3
20954,51,58,-7,7
20955,124,135,-11,11
20956,84,83,1,1
20957,58,59,-1,1
20958,108,106,2,2
20959,41,41,0,0
20960,151,147,4,4
20961,113,104,9,9
20962,138,137,1,1
20963,70,79,-9,9
20964,106,109,-3,3
20965,95,108,-13,13
20966,121,131,-10,10
20967,66,64,2,2
20968,98,87,11,11
20969,70,76,-6,6
20970,142,141,1,1
20971,139,139,0,0
20972,62,65,-3,3
20973,138,147,-9,9
20974,70,79,-9,9
20975,138,127,11,11
20976,105,103,2,2
20977,61,61,0,0
20978,113,119,-6,6
20979,173,150,23,23
20980,94,89,5,5
20981,90,84,6,6
20982,112,108,4,4
20983,43,42,1,1
20984,140,138,2,2
20985,197,200,-3,3
20986,116,115,1,1
20987,229,199,30,30
20988,119,120,-1,1
20989,80,70,10,10
20990,115,121,-6,6
20991,61,74,-13,13
20992,41,50,-9,9
20993,101,100,1,1
20994,185,180,5,5
20995,46,46,0,0
20996,221,208,13,13
20997,113,109,4,4
20998,60,62,-2,2
20999,116,106,10,10
21000,125,121,4,4
21001,99,97,2,2
21002,97,119,-22,22
21003,171,154,17,17
21004,79,83,-4,4
21005,73,78,-5,5
21006,80,89,-9,9
21007,148,147,1,1
21008,111,127,-16,16
21009,110,119,-9,9
21010,84,96,-12,12
21011,60,74,-14,14
21012,94,86,8,8
21013,57,63,-6,6
21014,118,116,2,2
21015,115,115,0,0
21016,118,136,-18,18
21017,133,121,12,12
21018,67,75,-8,8
21019,148,145,3,3
21020,34,72,-38,38
21021,59,59,0,0
21022,71,70,1,1
21023,59,55,4,4
21024,58,71,-13,13
21025,61,54,7,7
21026,105,108,-3,3
21027,144,138,6,6
21028,135,136,-1,1
21029,120,123,-3,3
21030,180,191,-11,11
21031,177,157,20,20
21032,115,128,-13,13
21033,138,130,8,8
21034,113,101,12,12
21035,97,92,5,5
21036,88,80,8,8
21037,108,125,-17,17
21038,106,111,-5,5
21039,81,84,-3,3
21040,105,108,-3,3
21041,30,32,-2,2
21042,97,101,-4,4
21043,39,33,6,6
21044,57,48,9,9
21045,92,122,-30,30
21046,85,82,3,3
21047,94,94,0,0
21048,165,157,8,8
21049,119,143,-24,24
21050,120,116,4,4
21051,139,131,8,8
21052,42,41,1,1
21053,78,79,-1,1
21054,78,87,-9,9
21055,73,66,7,7
21056,84,85,-1,1
21057,159,145,14,14
21058,84,94,-10,10
21059,133,126,7,7
21060,87,90,-3,3
21061,147,139,8,8
21062,83,77,6,6
21063,51,80,-29,29
21064,107,105,2,2
21065,62,63,-1,1
21066,94,91,3,3
21067,62,61,1,1
21068,79,82,-3,3
21069,177,144,33,33
21070,104,96,8,8
21071,85,105,-20,20
21072,100,91,9,9
21073,69,73,-4,4
21074,119,128,-9,9
21075,90,75,15,15
21076,82,80,2,2
21077,54,49,5,5
21078,115,113,2,2
21079,74,71,3,3
21080,113,111,2,2
21081,56,57,-1,1
21082,68,74,-6,6
21083,195,185,10,10
21084,150,135,15,15
21085,62,74,-12,12
21086,71,75,-4,4
21087,81,83,-2,2
21088,131,134,-3,3
21089,90,89,1,1
21090,86,93,-7,7
21091,168,171,-3,3
21092,101,100,1,1
21093,109,105,4,4
21094,71,103,-32,32
21095,67,64,3,3
21096,115,113,2,2
21097,95,108,-13,13
21098,84,79,5,5
21099,74,82,-8,8
21100,69,68,1,1
21101,63,63,0,0
21102,127,119,8,8
21103,82,86,-4,4
21104,78,76,2,2
21105,78,80,-2,2
21106,147,152,-5,5
21107,96,96,0,0
21108,72,86,-14,14
21109,65,61,4,4
21110,107,112,-5,5
21111,119,115,4,4
21112,101,97,4,4
21113,162,160,2,2
21114,119,119,0,0
21115,93,98,-5,5
21116,102,108,-6,6
21117,145,140,5,5
21118,94,90,4,4
21119,83,98,-15,15
21120,166,155,11,11
21121,63,70,-7,7
21122,90,92,-2,2
21123,53,56,-3,3
21124,103,104,-1,1
21125,117,113,4,4
21126,99,96,3,3
21127,44,30,14,14
21128,149,146,3,3
21129,104,102,2,2
21130,225,212,13,13
21131,101,102,-1,1
21132,101,105,-4,4
21133,76,70,6,6
21134,80,76,4,4
21135,70,71,-1,1
21136,130,127,3,3
21137,148,143,5,5
21138,70,81,-11,11
21139,137,151,-14,14
21140,59,57,2,2
21141,71,76,-5,5
21142,134,129,5,5
21143,116,111,5,5
21144,104,108,-4,4
21145,63,69,-6,6
21146,61,61,0,0
21147,89,116,-27,27
21148,61,59,2,2
21149,97,94,3,3
21150,102,95,7,7
21151,63,61,2,2
21152,165,150,15,15
21153,88,91,-3,3
21154,112,97,15,15
21155,90,87,3,3
21156,179,167,12,12
21157,89,93,-4,4
21158,19,16,3,3
21159,123,120,3,3
21160,111,139,-28,28
21161,89,88,1,1
21162,86,87,-1,1
21163,92,105,-13,13
21164,93,90,3,3
21165,91,93,-2,2
21166,70,70,0,0
21167,105,105,0,0
21168,85,81,4,4
21169,78,74,4,4
21170,112,115,-3,3
21171,96,99,-3,3
21172,54,59,-5,5
21173,121,113,8,8
21174,131,136,-5,5
21175,66,70,-4,4
21176,61,64,-3,3
21177,80,92,-12,12
21178,89,86,3,3
21179,74,69,5,5
21180,65,78,-13,13
21181,101,110,-9,9
21182,97,88,9,9
21183,108,116,-8,8
21184,96,106,-10,10
21185,132,131,1,1
21186,62,62,0,0
21187,82,80,2,2
21188,154,134,20,20
21189,82,98,-16,16
21190,50,56,-6,6
21191,68,64,4,4
21192,124,136,-12,12
21193,74,71,3,3
21194,149,144,5,5
21195,59,62,-3,3
21196,56,44,12,12
21197,58,59,-1,1
21198,151,155,-4,4
21199,113,109,4,4
21200,74,102,-28,28
21201,71,61,10,10
21202,86,85,1,1
21203,65,54,11,11
21204,69,73,-4,4
21205,161,152,9,9
21206,89,95,-6,6
21207,36,37,-1,1
21208,55,51,4,4
21209,97,92,5,5
21210,89,79,10,10
21211,64,59,5,5
21212,98,103,-5,5
21213,89,89,0,0
21214,44,42,2,2
21215,162,162,0,0
21216,126,128,-2,2
21217,82,91,-9,9
21218,77,87,-10,10
21219,81,84,-3,3
21220,137,145,-8,8
21221,69,68,1,1
21222,86,82,4,4
21223,67,72,-5,5
21224,101,104,-3,3
21225,74,78,-4,4
21226,71,71,0,0
21227,66,66,0,0
21228,104,106,-2,2
21229,111,135,-24,24
21230,86,91,-5,5
21231,96,98,-2,2
21232,79,83,-4,4
21233,183,184,-1,1
21234,89,89,0,0
21235,133,129,4,4
21236,80,84,-4,4
21237,72,75,-3,3
21238,109,97,12,12
21239,107,102,5,5
21240,84,84,0,0
21241,67,60,7,7
21242,102,100,2,2
21243,66,208,-142,142
21244,132,134,-2,2
21245,103,103,0,0
21246,91,96,-5,5
21247,111,120,-9,9
21248,110,107,3,3
21249,156,168,-12,12
21250,44,34,10,10
21251,48,46,2,2
21252,79,100,-21,21
21253,58,53,5,5
21254,134,127,7,7
21255,105,106,-1,1
21256,79,76,3,3
21257,124,168,-44,44
21258,109,94,15,15
21259,79,80,-1,1
21260,66,72,-6,6
21261,93,88,5,5
21262,93,91,2,2
21263,85,100,-15,15
21264,92,92,0,0
21265,103,104,-1,1
21266,104,104,0,0
21267,108,118,-10,10
21268,82,84,-2,2
21269,92,99,-7,7
21270,41,42,-1,1
21271,47,48,-1,1
21272,79,90,-11,11
21273,101,115,-14,14
21274,66,65,1,1
21275,83,80,3,3
21276,89,84,5,5
21277,55,56,-1,1
21278,137,132,5,5
21279,92,85,7,7
21280,131,127,4,4
21281,99,98,1,1
21282,100,111,-11,11
21283,82,80,2,2
21284,57,61,-4,4
21285,74,81,-7,7
21286,79,85,-6,6
21287,83,80,3,3
21288,118,121,-3,3
21289,133,155,-22,22
21290,129,120,9,9
21291,70,83,-13,13
21292,145,136,9,9
21293,149,139,10,10
21294,113,134,-21,21
21295,56,61,-5,5
21296,44,41,3,3
21297,89,100,-11,11
21298,90,92,-2,2
21299,74,67,7,7
21300,117,110,7,7
21301,65,62,3,3
21302,48,52,-4,4
21303,92,90,2,2
21304,72,68,4,4
21305,83,90,-7,7
21306,63,68,-5,5
21307,135,114,21,21
21308,147,146,1,1
21309,142,154,-12,12
21310,122,108,14,14
21311,77,78,-1,1
21312,106,106,0,0
21313,65,73,-8,8
21314,70,71,-1,1
21315,124,118,6,6
21316,100,100,0,0
21317,56,56,0,0
21318,72,59,13,13
21319,83,78,5,5
21320,66,65,1,1
21321,45,47,-2,2
21322,162,157,5,5
21323,85,82,3,3
21324,115,112,3,3
21325,122,125,-3,3
21326,72,72,0,0
21327,68,79,-11,11
21328,65,67,-2,2
21329,84,83,1,1
21330,161,142,19,19
21331,149,140,9,9
21332,109,108,1,1
21333,57,58,-1,1
21334,85,79,6,6
21335,100,97,3,3
21336,171,138,33,33
21337,73,85,-12,12
21338,78,77,1,1
21339,67,77,-10,10
21340,122,134,-12,12
21341,84,76,8,8
21342,171,147,24,24
21343,87,89,-2,2
21344,140,140,0,0
21345,86,98,-12,12
21346,85,94,-9,9
21347,50,49,1,1
21348,78,84,-6,6
21349,67,51,16,16
21350,81,83,-2,2
21351,75,77,-2,2
21352,91,96,-5,5
21353,119,120,-1,1
21354,138,141,-3,3
21355,58,58,0,0
21356,137,128,9,9
21357,88,98,-10,10
21358,122,113,9,9
21359,106,101,5,5
21360,101,94,7,7
21361,88,101,-13,13
21362,83,75,8,8
21363,80,78,2,2
21364,111,114,-3,3
21365,183,179,4,4
21366,73,71,2,2
21367,97,100,-3,3
21368,55,60,-5,5
21369,116,125,-9,9
21370,78,78,0,0
21371,99,106,-7,7
21372,141,129,12,12
21373,56,61,-5,5
21374,65,62,3,3
21375,72,62,10,10
21376,99,84,15,15
21377,96,100,-4,4
21378,69,77,-8,8
21379,94,115,-21,21
21380,98,96,2,2
21381,55,62,-7,7
21382,107,112,-5,5
21383,68,63,5,5
21384,84,96,-12,12
21385,65,64,1,1
21386,177,157,20,20
21387,62,60,2,2
21388,182,167,15,15
21389,72,44,28,28
21390,151,145,6,6
21391,80,73,7,7
21392,122,124,-2,2
21393,136,121,15,15
21394,141,142,-1,1
21395,88,83,5,5
21396,88,80,8,8
21397,127,120,7,7
21398,92,97,-5,5
21399,74,71,3,3
21400,111,108,3,3
21401,204,199,5,5
21402,111,109,2,2
21403,59,52,7,7
21404,129,112,17,17
21405,107,94,13,13
21406,104,96,8,8
21407,76,78,-2,2
21408,113,115,-2,2
21409,110,112,-2,2
21410,69,64,5,5
21411,67,69,-2,2
21412,85,83,2,2
21413,94,91,3,3
21414,93,91,2,2
21415,90,90,0,0
21416,61,52,9,9
21417,56,54,2,2
21418,114,107,7,7
21419,71,66,5,5
21420,86,78,8,8
21421,114,116,-2,2
21422,50,46,4,4
21423,155,152,3,3
21424,108,124,-16,16
21425,104,90,14,14
21426,89,86,3,3
21427,75,72,3,3
21428,149,151,-2,2
21429,94,84,10,10
21430,63,80,-17,17
21431,127,136,-9,9
21432,103,109,-6,6
21433,90,80,10,10
21434,64,71,-7,7
21435,144,144,0,0
21436,119,111,8,8
21437,45,53,-8,8
21438,78,83,-5,5
21439,45,55,-10,10
21440,113,121,-8,8
21441,89,99,-10,10
21442,122,120,2,2
21443,93,95,-2,2
21444,54,58,-4,4
21445,89,82,7,7
21446,85,74,11,11
21447,101,107,-6,6
21448,132,145,-13,13
21449,47,44,3,3
21450,83,80,3,3
21451,89,81,8,8
21452,77,78,-1,1
21453,150,142,8,8
21454,130,121,9,9
21455,85,90,-5,5
21456,114,114,0,0
21457,155,156,-1,1
21458,63,60,3,3
21459,94,104,-10,10
21460,42,41,1,1
21461,138,135,3,3
21462,78,88,-10,10
21463,79,83,-4,4
21464,95,98,-3,3
21465,80,68,12,12
21466,80,94,-14,14
21467,39,43,-4,4
21468,143,135,8,8
21469,88,86,2,2
21470,47,49,-2,2
21471,70,70,0,0
21472,174,156,18,18
21473,148,148,0,0
21474,185,168,17,17
21475,122,127,-5,5
21476,138,136,2,2
21477,99,93,6,6
21478,50,53,-3,3
21479,104,101,3,3
21480,69,70,-1,1
21481,127,121,6,6
21482,59,64,-5,5
21483,89,87,2,2
21484,81,88,-7,7
21485,64,65,-1,1
21486,124,117,7,7
21487,75,82,-7,7
21488,102,102,0,0
21489,156,147,9,9
21490,81,81,0,0
21491,90,88,2,2
21492,58,60,-2,2
21493,153,141,12,12
21494,100,93,7,7
21495,133,126,7,7
21496,133,131,2,2
21497,68,77,-9,9
21498,104,103,1,1
21499,74,77,-3,3
21500,138,126,12,12
21501,83,85,-2,2
21502,125,144,-19,19
21503,98,102,-4,4
21504,92,82,10,10
21505,39,33,6,6
21506,93,101,-8,8
21507,47,59,-12,12
21508,72,71,1,1
21509,138,127,11,11
21510,81,84,-3,3
21511,102,106,-4,4
21512,146,140,6,6
21513,80,76,4,4
21514,76,79,-3,3
21515,130,141,-11,11
21516,138,131,7,7
21517,69,77,-8,8
21518,134,124,10,10
21519,73,79,-6,6
21520,55,64,-9,9
21521,68,78,-10,10
21522,78,96,-18,18
21523,85,80,5,5
21524,118,120,-2,2
21525,80,72,8,8
21526,153,163,-10,10
21527,81,81,0,0
21528,85,90,-5,5
21529,117,116,1,1
21530,126,123,3,3
21531,34,34,0,0
21532,72,67,5,5
21533,138,127,11,11
21534,82,93,-11,11
21535,113,115,-2,2
21536,63,73,-10,10
21537,80,68,12,12
21538,67,65,2,2
21539,117,133,-16,16
21540,120,115,5,5
21541,75,74,1,1
21542,117,129,-12,12
21543,103,108,-5,5
21544,149,153,-4,4
21545,169,165,4,4
21546,85,94,-9,9
21547,91,84,7,7
21548,121,127,-6,6
21549,95,125,-30,30
21550,123,131,-8,8
21551,36,44,-8,8
21552,71,74,-3,3
21553,106,121,-15,15
21554,101,92,9,9
21555,60,83,-23,23
21556,68,67,1,1
21557,76,68,8,8
21558,91,88,3,3
21559,84,87,-3,3
21560,97,98,-1,1
21561,75,76,-1,1
21562,44,42,2,2
21563,78,74,4,4
21564,55,46,9,9
21565,106,125,-19,19
21566,125,120,5,5
21567,185,161,24,24
21568,148,181,-33,33
21569,156,144,12,12
21570,128,128,0,0
21571,96,95,1,1
21572,99,101,-2,2
21573,63,81,-18,18
21574,78,82,-4,4
21575,162,157,5,5
21576,75,77,-2,2
21577,103,111,-8,8
21578,110,106,4,4
21579,116,116,0,0
21580,51,53,-2,2
21581,126,130,-4,4
21582,37,47,-10,10
21583,109,93,16,16
21584,115,117,-2,2
21585,70,65,5,5
21586,94,106,-12,12
21587,113,114,-1,1
21588,91,90,1,1
21589,71,78,-7,7
21590,55,60,-5,5
21591,63,76,-13,13
21592,59,59,0,0
21593,81,84,-3,3
21594,135,135,0,0
21595,95,92,3,3
21596,67,78,-11,11
21597,80,81,-1,1
21598,73,84,-11,11
21599,98,93,5,5
21600,104,101,3,3
21601,63,55,8,8
21602,60,58,2,2
21603,117,120,-3,3
21604,60,62,-2,2
21605,127,125,2,2
21606,121,105,16,16
21607,118,112,6,6
21608,80,77,3,3
21609,77,77,0,0
21610,104,95,9,9
21611,182,202,-20,20
21612,90,97,-7,7
21613,49,48,1,1
21614,86,91,-5,5
21615,88,92,-4,4
21616,114,107,7,7
21617,56,57,-1,1
21618,66,63,3,3
21619,68,130,-62,62
21620,88,91,-3,3
21621,45,89,-44,44
21622,231,227,4,4
21623,136,126,10,10
21624,69,65,4,4
21625,123,128,-5,5
21626,60,56,4,4
21627,72,75,-3,3
21628,84,85,-1,1
21629,123,128,-5,5
21630,58,66,-8,8
21631,58,59,-1,1
21632,71,58,13,13
21633,97,92,5,5
21634,61,62,-1,1
21635,57,65,-8,8
21636,172,161,11,11
21637,62,59,3,3
21638,112,120,-8,8
21639,126,128,-2,2
21640,85,84,1,1
21641,105,115,-10,10
21642,100,105,-5,5
21643,117,132,-15,15
21644,76,93,-17,17
21645,85,86,-1,1
21646,187,174,13,13
21647,145,142,3,3
21648,64,69,-5,5
21649,107,105,2,2
21650,140,130,10,10
21651,46,49,-3,3
21652,63,58,5,5
21653,93,91,2,2
21654,111,115,-4,4
21655,60,62,-2,2
21656,120,107,13,13
21657,67,69,-2,2
21658,157,153,4,4
21659,133,129,4,4
21660,112,123,-11,11
21661,119,141,-22,22
21662,86,84,2,2
21663,128,132,-4,4
21664,109,107,2,2
21665,133,129,4,4
21666,62,55,7,7
21667,167,164,3,3
21668,122,116,6,6
21669,42,35,7,7
21670,66,69,-3,3
21671,110,113,-3,3
21672,84,100,-16,16
21673,115,118,-3,3
21674,174,168,6,6
21675,85,84,1,1
21676,100,104,-4,4
21677,56,68,-12,12
21678,72,62,10,10
21679,87,88,-1,1
21680,70,81,-11,11
21681,76,75,1,1
21682,89,88,1,1
21683,69,70,-1,1
21684,175,159,16,16
21685,191,170,21,21
21686,66,63,3,3
21687,145,143,2,2
21688,127,122,5,5
21689,54,51,3,3
21690,70,65,5,5
21691,67,71,-4,4
21692,77,77,0,0
21693,119,125,-6,6
21694,38,31,7,7
21695,77,78,-1,1
21696,49,48,1,1
21697,63,61,2,2
21698,40,31,9,9
21699,69,89,-20,20
21700,35,41,-6,6
21701,93,90,3,3
21702,61,77,-16,16
21703,50,44,6,6
21704,113,126,-13,13
21705,123,112,11,11
21706,75,75,0,0
21707,94,95,-1,1
21708,71,74,-3,3
21709,114,118,-4,4
21710,68,64,4,4
21711,129,139,-10,10
21712,61,50,11,11
21713,92,91,1,1
21714,76,68,8,8
21715,106,93,13,13
21716,123,120,3,3
21717,89,89,0,0
21718,88,98,-10,10
21719,48,59,-11,11
21720,87,91,-4,4
21721,53,67,-14,14
21722,120,115,5,5
21723,105,110,-5,5
21724,117,109,8,8
21725,128,123,5,5
21726,173,152,21,21
21727,85,93,-8,8
21728,97,90,7,7
21729,101,93,8,8
21730,67,71,-4,4
21731,71,73,-2,2
21732,89,82,7,7
21733,85,104,-19,19
21734,83,85,-2,2
21735,78,71,7,7
21736,76,76,0,0
21737,115,115,0,0
21738,68,68,0,0
21739,75,69,6,6
21740,106,89,17,17
21741,76,78,-2,2
21742,123,128,-5,5
21743,82,95,-13,13
21744,82,87,-5,5
21745,162,151,11,11
21746,64,69,-5,5
21747,66,60,6,6
21748,48,42,6,6
21749,86,89,-3,3
21750,59,71,-12,12
21751,118,116,2,2
21752,75,77,-2,2
21753,138,133,5,5
21754,50,31,19,19
21755,96,81,15,15
21756,68,71,-3,3
21757,83,80,3,3
21758,93,105,-12,12
21759,78,83,-5,5
21760,45,43,2,2
21761,85,90,-5,5
21762,123,115,8,8
21763,42,47,-5,5
21764,84,84,0,0
21765,123,123,0,0
21766,45,57,-12,12
21767,88,88,0,0
21768,85,82,3,3
21769,79,71,8,8
21770,75,74,1,1
21771,125,125,0,0
21772,33,37,-4,4
21773,84,96,-12,12
21774,117,120,-3,3
21775,79,81,-2,2
21776,190,178,12,12
21777,112,117,-5,5
21778,86,90,-4,4
21779,115,113,2,2
21780,74,72,2,2
21781,85,88,-3,3
21782,28,20,8,8
21783,45,46,-1,1
21784,115,109,6,6
21785,92,91,1,1
21786,78,71,7,7
21787,129,126,3,3
21788,119,123,-4,4
21789,78,80,-2,2
21790,78,70,8,8
21791,211,184,27,27
21792,95,103,-8,8
21793,101,104,-3,3
21794,163,147,16,16
21795,168,150,18,18
21796,109,108,1,1
21797,98,101,-3,3
21798,61,66,-5,5
21799,131,133,-2,2
21800,74,74,0,0
21801,66,71,-5,5
21802,130,116,14,14
21803,71,71,0,0
21804,135,137,-2,2
21805,88,92,-4,4
21806,150,158,-8,8
21807,152,107,45,45
21808,117,108,9,9
21809,133,128,5,5
21810,77,83,-6,6
21811,75,69,6,6
21812,63,59,4,4
21813,73,70,3,3
21814,72,72,0,0
21815,62,78,-16,16
21816,98,104,-6,6
21817,103,99,4,4
21818,167,174,-7,7
21819,73,86,-13,13
21820,68,65,3,3
21821,104,104,0,0
21822,96,98,-2,2
21823,165,159,6,6
21824,128,130,-2,2
21825,147,139,8,8
21826,139,137,2,2
21827,156,143,13,13
21828,86,94,-8,8
21829,78,85,-7,7
21830,78,79,-1,1
21831,89,83,6,6
21832,115,108,7,7
21833,122,120,2,2
21834,47,59,-12,12
21835,60,71,-11,11
21836,87,101,-14,14
21837,77,78,-1,1
21838,115,105,10,10
21839,105,87,18,18
21840,120,117,3,3
21841,95,96,-1,1
21842,103,100,3,3
21843,57,54,3,3
21844,132,127,5,5
21845,118,128,-10,10
21846,134,115,19,19
21847,85,96,-11,11
21848,130,139,-9,9
21849,107,111,-4,4
21850,112,117,-5,5
21851,63,62,1,1
21852,176,162,14,14
21853,83,75,8,8
21854,88,95,-7,7
21855,141,119,22,22
21856,121,122,-1,1
21857,119,106,13,13
21858,51,60,-9,9
21859,60,57,3,3
21860,103,91,12,12
21861,122,124,-2,2
21862,79,82,-3,3
21863,103,95,8,8
21864,86,94,-8,8
21865,58,64,-6,6
21866,103,102,1,1
21867,89,83,6,6
21868,94,86,8,8
21869,115,122,-7,7
21870,151,176,-25,25
21871,97,97,0,0
21872,88,86,2,2
21873,78,81,-3,3
21874,79,73,6,6
21875,51,33,18,18
21876,77,76,1,1
21877,98,90,8,8
21878,160,139,21,21
21879,114,109,5,5
21880,95,102,-7,7
21881,77,84,-7,7
21882,75,82,-7,7
21883,142,133,9,9
21884,72,74,-2,2
21885,150,135,15,15
21886,67,72,-5,5
21887,104,101,3,3
21888,95,104,-9,9
21889,116,112,4,4
21890,43,76,-33,33
21891,98,100,-2,2
21892,85,78,7,7
21893,93,92,1,1
21894,106,109,-3,3
21895,99,97,2,2
21896,179,163,16,16
21897,61,79,-18,18
21898,77,76,1,1
21899,64,64,0,0
21900,90,91,-1,1
21901,106,117,-11,11
21902,67,67,0,0
21903,102,101,1,1
21904,94,60,34,34
21905,92,90,2,2
21906,81,70,11,11
21907,84,82,2,2
21908,131,126,5,5
21909,96,107,-11,11
21910,89,86,3,3
21911,107,107,0,0
21912,73,78,-5,5
21913,81,76,5,5
21914,69,78,-9,9
21915,73,76,-3,3
21916,150,149,1,1
21917,115,105,10,10
21918,90,88,2,2
21919,63,54,9,9
21920,138,124,14,14
21921,125,126,-1,1
21922,111,116,-5,5
21923,124,123,1,1
21924,37,40,-3,3
21925,114,117,-3,3
21926,67,68,-1,1
21927,116,124,-8,8
21928,134,138,-4,4
21929,58,58,0,0
21930,75,73,2,2
21931,119,115,4,4
21932,94,91,3,3
21933,72,70,2,2
21934,144,131,13,13
21935,86,87,-1,1
21936,112,116,-4,4
21937,57,56,1,1
21938,121,120,1,1
21939,118,123,-5,5
21940,79,86,-7,7
21941,53,54,-1,1
21942,61,55,6,6
21943,90,98,-8,8
21944,114,116,-2,2
21945,101,106,-5,5
21946,180,176,4,4
21947,136,151,-15,15
21948,100,98,2,2
21949,107,105,2,2
21950,95,104,-9,9
21951,75,75,0,0
21952,86,92,-6,6
21953,71,77,-6,6
21954,126,124,2,2
21955,125,135,-10,10
21956,162,158,4,4
21957,71,82,-11,11
21958,60,52,8,8
21959,118,121,-3,3
21960,104,61,43,43
21961,117,112,5,5
21962,144,132,12,12
21963,78,90,-12,12
21964,95,91,4,4
21965,157,172,-15,15
21966,70,67,3,3
21967,68,71,-3,3
21968,125,124,1,1
21969,111,98,13,13
21970,112,106,6,6
21971,118,120,-2,2
21972,71,58,13,13
21973,126,123,3,3
21974,96,95,1,1
21975,59,68,-9,9
21976,82,92,-10,10
21977,101,110,-9,9
21978,80,87,-7,7
21979,61,65,-4,4
21980,89,109,-20,20
21981,107,97,10,10
21982,55,58,-3,3
21983,99,95,4,4
21984,131,134,-3,3
21985,80,76,4,4
21986,110,99,11,11
21987,94,96,-2,2
21988,32,39,-7,7
21989,105,104,1,1
21990,103,112,-9,9
21991,152,148,4,4
21992,136,124,12,12
21993,78,78,0,0
21994,68,62,6,6
21995,68,90,-22,22
21996,36,41,-5,5
21997,111,115,-4,4
21998,64,63,1,1
21999,70,70,0,0
22000,89,87,2,2
22001,103,111,-8,8
22002,79,78,1,1
22003,175,172,3,3
22004,103,113,-10,10
22005,84,86,-2,2
22006,79,79,0,0
22007,93,100,-7,7
22008,124,116,8,8
22009,106,109,-3,3
22010,144,141,3,3
22011,100,95,5,5
22012,70,73,-3,3
22013,122,137,-15,15
22014,101,101,0,0
22015,125,124,1,1
22016,94,101,-7,7
22017,134,146,-12,12
22018,69,65,4,4
22019,119,112,7,7
22020,106,105,1,1
22021,122,120,2,2
22022,54,53,1,1
22023,89,87,2,2
22024,76,101,-25,25
22025,86,92,-6,6
22026,144,128,16,16
22027,93,91,2,2
22028,105,109,-4,4
22029,101,102,-1,1
22030,81,92,-11,11
22031,85,77,8,8
22032,157,144,13,13
22033,112,122,-10,10
22034,76,80,-4,4
22035,85,99,-14,14
22036,141,124,17,17
22037,87,92,-5,5
22038,71,84,-13,13
22039,104,113,-9,9
22040,73,76,-3,3
22041,143,137,6,6
22042,92,104,-12,12
22043,80,83,-3,3
22044,98,100,-2,2
22045,80,76,4,4
22046,54,56,-2,2
22047,134,169,-35,35
22048,70,69,1,1
22049,114,120,-6,6
22050,80,72,8,8
22051,90,84,6,6
22052,82,88,-6,6
22053,103,103,0,0
22054,82,81,1,1
22055,92,97,-5,5
22056,82,88,-6,6
22057,66,67,-1,1
22058,124,163,-39,39
22059,61,67,-6,6
22060,63,71,-8,8
22061,91,94,-3,3
22062,72,72,0,0
22063,54,64,-10,10
22064,87,95,-8,8
22065,104,112,-8,8
22066,61,60,1,1
22067,125,116,9,9
22068,129,137,-8,8
22069,33,43,-10,10
22070,97,96,1,1
22071,73,88,-15,15
22072,154,134,20,20
22073,74,69,5,5
22074,125,121,4,4
22075,54,56,-2,2
22076,68,71,-3,3
22077,91,88,3,3
22078,68,65,3,3
22079,92,111,-19,19
22080,117,108,9,9
22081,98,103,-5,5
22082,124,113,11,11
22083,71,77,-6,6
22084,66,63,3,3
22085,37,31,6,6
22086,108,109,-1,1
22087,59,58,1,1
22088,84,84,0,0
22089,162,148,14,14
22090,108,113,-5,5
22091,120,124,-4,4
22092,102,111,-9,9
22093,68,82,-14,14
22094,146,127,19,19
22095,116,115,1,1
22096,66,64,2,2
22097,67,73,-6,6
22098,46,58,-12,12
22099,92,88,4,4
22100,150,139,11,11
22101,58,44,14,14
22102,103,107,-4,4
22103,112,102,10,10
22104,90,100,-10,10
22105,98,95,3,3
22106,54,60,-6,6
22107,76,76,0,0
22108,77,83,-6,6
22109,111,111,0,0
22110,118,125,-7,7
22111,125,121,4,4
22112,94,103,-9,9
22113,73,81,-8,8
22114,173,164,9,9
22115,155,150,5,5
22116,120,130,-10,10
22117,86,76,10,10
22118,115,108,7,7
22119,149,141,8,8
22120,68,93,-25,25
22121,130,118,12,12
22122,65,65,0,0
22123,63,44,19,19
22124,39,36,3,3
22125,82,81,1,1
22126,74,58,16,16
22127,57,67,-10,10
22128,105,111,-6,6
22129,106,109,-3,3
22130,126,145,-19,19
22131,113,103,10,10
22132,109,113,-4,4
22133,95,102,-7,7
22134,86,75,11,11
22135,99,93,6,6
22136,65,108,-43,43
22137,70,73,-3,3
22138,66,69,-3,3
22139,45,38,7,7
22140,77,75,2,2
22141,50,56,-6,6
22142,105,115,-10,10
22143,101,107,-6,6
22144,62,72,-10,10
22145,82,85,-3,3
22146,69,61,8,8
22147,122,138,-16,16
22148,147,146,1,1
22149,220,294,-74,74
22150,69,73,-4,4
22151,93,93,0,0
22152,111,110,1,1
22153,152,137,15,15
22154,124,126,-2,2
22155,43,42,1,1
22156,112,100,12,12
22157,83,86,-3,3
22158,140,142,-2,2
22159,110,121,-11,11
22160,71,80,-9,9
22161,96,109,-13,13
22162,148,161,-13,13
22163,53,30,23,23
22164,120,112,8,8
22165,188,185,3,3
22166,29,31,-2,2
22167,117,118,-1,1
22168,104,104,0,0
22169,81,81,0,0
22170,124,125,-1,1
22171,103,117,-14,14
22172,139,139,0,0
22173,79,67,12,12
22174,133,133,0,0
22175,112,113,-1,1
22176,99,113,-14,14
22177,101,99,2,2
22178,75,67,8,8
22179,110,111,-1,1
22180,121,117,4,4
22181,110,100,10,10
22182,68,83,-15,15
22183,99,100,-1,1
22184,67,71,-4,4
22185,72,89,-17,17
22186,151,129,22,22
22187,87,101,-14,14
22188,83,93,-10,10
22189,58,66,-8,8
22190,56,56,0,0
22191,72,71,1,1
22192,91,94,-3,3
22193,61,57,4,4
22194,95,84,11,11
22195,101,104,-3,3
22196,98,100,-2,2
22197,128,129,-1,1
22198,183,168,15,15
22199,68,69,-1,1
22200,97,98,-1,1
22201,74,68,6,6
22202,127,134,-7,7
22203,91,90,1,1
22204,95,98,-3,3
22205,83,76,7,7
22206,130,124,6,6
22207,143,103,40,40
22208,68,73,-5,5
22209,72,75,-3,3
22210,81,79,2,2
22211,63,65,-2,2
22212,92,90,2,2
22213,70,85,-15,15
22214,114,118,-4,4
22215,119,84,35,35
22216,130,134,-4,4
22217,94,96,-2,2
22218,104,102,2,2
22219,99,110,-11,11
22220,55,58,-3,3
22221,111,112,-1,1
22222,101,95,6,6
22223,86,91,-5,5
22224,89,91,-2,2
22225,91,122,-31,31
22226,140,145,-5,5
22227,74,76,-2,2
22228,82,84,-2,2
22229,103,87,16,16
22230,104,97,7,7
22231,75,85,-10,10
22232,92,99,-7,7
22233,53,56,-3,3
22234,74,80,-6,6
22235,38,38,0,0
22236,141,139,2,2
22237,91,89,2,2
22238,97,86,11,11
22239,115,118,-3,3
22240,141,146,-5,5
22241,72,86,-14,14
22242,87,90,-3,3
22243,114,118,-4,4
22244,96,88,8,8
22245,68,67,1,1
22246,123,135,-12,12
22247,91,89,2,2
22248,91,90,1,1
22249,116,125,-9,9
22250,49,75,-26,26
22251,57,54,3,3
22252,124,124,0,0
22253,88,101,-13,13
22254,129,126,3,3
22255,55,57,-2,2
22256,188,165,23,23
22257,64,64,0,0
22258,71,76,-5,5
22259,45,43,2,2
22260,93,105,-12,12
22261,68,67,1,1
22262,161,166,-5,5
22263,69,80,-11,11
22264,113,111,2,2
22265,74,86,-12,12
22266,58,63,-5,5
22267,149,154,-5,5
22268,49,52,-3,3
22269,96,93,3,3
22270,122,126,-4,4
22271,92,80,12,12
22272,124,137,-13,13
22273,93,87,6,6
22274,149,154,-5,5
22275,179,165,14,14
22276,147,143,4,4
22277,121,116,5,5
22278,62,63,-1,1
22279,50,45,5,5
22280,54,58,-4,4
22281,104,94,10,10
22282,73,67,6,6
22283,101,107,-6,6
22284,71,89,-18,18
22285,90,92,-2,2
22286,71,69,2,2
22287,72,77,-5,5
22288,61,92,-31,31
22289,65,68,-3,3
22290,81,84,-3,3
22291,37,45,-8,8
22292,65,74,-9,9
22293,128,140,-12,12
22294,55,89,-34,34
22295,55,75,-20,20
22296,131,122,9,9
22297,67,62,5,5
22298,138,131,7,7
22299,66,52,14,14
22300,62,65,-3,3
22301,187,173,14,14
22302,127,117,10,10
22303,105,116,-11,11
22304,78,82,-4,4
22305,94,96,-2,2
22306,94,105,-11,11
22307,108,113,-5,5
22308,135,130,5,5
22309,78,72,6,6
22310,87,107,-20,20
22311,59,66,-7,7
22312,134,151,-17,17
22313,89,85,4,4
22314,79,87,-8,8
22315,27,39,-12,12
22316,74,55,19,19
22317,56,63,-7,7
22318,121,121,0,0
22319,88,92,-4,4
22320,145,168,-23,23
22321,99,103,-4,4
22322,127,121,6,6
22323,85,84,1,1
22324,91,77,14,14
22325,184,183,1,1
22326,76,76,0,0
22327,86,85,1,1
22328,88,83,5,5
22329,156,150,6,6
22330,106,115,-9,9
22331,102,91,11,11
22332,106,102,4,4
22333,87,98,-11,11
22334,60,65,-5,5
22335,82,76,6,6
22336,112,103,9,9
22337,118,120,-2,2
22338,75,64,11,11
22339,94,96,-2,2
22340,57,66,-9,9
22341,96,93,3,3
22342,67,69,-2,2
22343,78,92,-14,14
22344,114,107,7,7
22345,70,69,1,1
22346,60,60,0,0
22347,91,91,0,0
22348,86,81,5,5
22349,84,92,-8,8
22350,75,74,1,1
22351,133,142,-9,9
22352,193,183,10,10
22353,68,75,-7,7
22354,139,136,3,3
22355,57,69,-12,12
22356,110,114,-4,4
22357,83,102,-19,19
22358,159,130,29,29
22359,110,111,-1,1
22360,150,137,13,13
22361,95,107,-12,12
22362,139,120,19,19
22363,72,70,2,2
22364,147,136,11,11
22365,89,85,4,4
22366,136,141,-5,5
22367,47,45,2,2
22368,158,156,2,2
22369,111,112,-1,1
22370,99,90,9,9
22371,112,113,-1,1
22372,82,93,-11,11
22373,38,31,7,7
22374,82,91,-9,9
22375,80,80,0,0
22376,119,117,2,2
22377,68,75,-7,7
22378,117,118,-1,1
22379,76,78,-2,2
22380,94,96,-2,2
22381,68,70,-2,2
22382,49,43,6,6
22383,59,56,3,3
22384,135,134,1,1
22385,111,123,-12,12
22386,102,99,3,3
22387,118,119,-1,1
22388,90,88,2,2
22389,62,67,-5,5
22390,104,109,-5,5
22391,120,114,6,6
22392,105,105,0,0
22393,131,131,0,0
22394,103,113,-10,10
22395,117,122,-5,5
22396,92,92,0,0
22397,70,77,-7,7
22398,108,110,-2,2
22399,71,68,3,3
22400,58,64,-6,6
22401,91,89,2,2
22402,98,92,6,6
22403,40,45,-5,5
22404,92,90,2,2
22405,100,105,-5,5
22406,138,146,-8,8
22407,132,122,10,10
22408,101,118,-17,17
22409,71,80,-9,9
22410,86,87,-1,1
22411,107,108,-1,1
22412,85,81,4,4
22413,68,75,-7,7
22414,80,80,0,0
22415,125,126,-1,1
22416,99,95,4,4
22417,122,116,6,6
22418,190,168,22,22
22419,109,94,15,15
22420,83,75,8,8
22421,121,158,-37,37
22422,79,93,-14,14
22423,142,153,-11,11
22424,63,64,-1,1
22425,66,67,-1,1
22426,114,107,7,7
22427,80,83,-3,3
22428,72,57,15,15
22429,190,171,19,19
22430,91,92,-1,1
22431,152,143,9,9
22432,74,56,18,18
22433,88,98,-10,10
22434,181,189,-8,8
22435,118,119,-1,1
22436,131,122,9,9
22437,64,108,-44,44
22438,86,85,1,1
22439,74,72,2,2
22440,79,81,-2,2
22441,99,109,-10,10
22442,169,159,10,10
22443,68,61,7,7
22444,79,76,3,3
22445,181,156,25,25
22446,119,109,10,10
22447,120,105,15,15
22448,67,75,-8,8
22449,67,76,-9,9
22450,76,74,2,2
22451,87,89,-2,2
22452,91,97,-6,6
22453,161,150,11,11
22454,58,58,0,0
22455,57,61,-4,4
22456,95,100,-5,5
22457,63,64,-1,1
22458,64,58,6,6
22459,55,59,-4,4
22460,136,145,-9,9
22461,107,106,1,1
22462,83,82,1,1
22463,52,60,-8,8
22464,127,146,-19,19
22465,90,92,-2,2
22466,141,137,4,4
22467,87,95,-8,8
22468,99,100,-1,1
22469,67,72,-5,5
22470,79,86,-7,7
22471,102,102,0,0
22472,168,167,1,1
22473,154,152,2,2
22474,118,115,3,3
22475,68,79,-11,11
22476,109,111,-2,2
22477,41,47,-6,6
22478,65,76,-11,11
22479,108,107,1,1
22480,26,31,-5,5
22481,99,121,-22,22
22482,137,140,-3,3
22483,180,165,15,15
22484,223,202,21,21
22485,103,92,11,11
22486,91,95,-4,4
22487,120,117,3,3
22488,73,77,-4,4
22489,69,70,-1,1
22490,76,96,-20,20
22491,73,57,16,16
22492,41,40,1,1
22493,143,153,-10,10
22494,121,132,-11,11
22495,97,106,-9,9
22496,86,97,-11,11
22497,80,85,-5,5
22498,105,116,-11,11
22499,111,95,16,16
22500,133,149,-16,16
22501,120,114,6,6
22502,156,173,-17,17
22503,100,111,-11,11
22504,41,39,2,2
22505,94,101,-7,7
22506,59,56,3,3
22507,71,70,1,1
22508,68,71,-3,3
22509,102,94,8,8
22510,134,136,-2,2
22511,60,57,3,3
22512,169,142,27,27
22513,80,97,-17,17
22514,126,149,-23,23
22515,146,138,8,8
22516,128,142,-14,14
22517,67,62,5,5
22518,92,99,-7,7
22519,72,76,-4,4
22520,79,83,-4,4
22521,102,103,-1,1
22522,62,66,-4,4
22523,59,62,-3,3
22524,116,109,7,7
22525,96,101,-5,5
22526,86,84,2,2
22527,68,84,-16,16
22528,90,92,-2,2
22529,90,83,7,7
22530,141,138,3,3
22531,109,111,-2,2
22532,51,65,-14,14
22533,107,105,2,2
22534,130,128,2,2
22535,103,112,-9,9
22536,49,59,-10,10
22537,106,97,9,9
22538,87,85,2,2
22539,68,67,1,1
22540,88,89,-1,1
22541,79,86,-7,7
22542,104,90,14,14
22543,94,97,-3,3
22544,123,127,-4,4
22545,98,80,18,18
22546,123,118,5,5
22547,104,108,-4,4
22548,60,63,-3,3
22549,70,72,-2,2
22550,89,83,6,6
22551,122,117,5,5
22552,55,59,-4,4
22553,141,135,6,6
22554,80,83,-3,3
22555,97,105,-8,8
22556,126,117,9,9
22557,73,77,-4,4
22558,63,77,-14,14
22559,151,128,23,23
22560,109,106,3,3
22561,161,157,4,4
22562,80,84,-4,4
22563,126,114,12,12
22564,89,94,-5,5
22565,95,88,7,7
22566,163,155,8,8
22567,121,104,17,17
22568,80,83,-3,3
22569,79,71,8,8
22570,94,89,5,5
22571,143,138,5,5
22572,95,93,2,2
22573,108,117,-9,9
22574,94,99,-5,5
22575,102,100,2,2
22576,84,98,-14,14
22577,80,80,0,0
22578,135,128,7,7
22579,98,90,8,8
22580,113,119,-6,6
22581,85,118,-33,33
22582,97,93,4,4
22583,67,69,-2,2
22584,135,124,11,11
22585,31,25,6,6
22586,154,164,-10,10
22587,136,137,-1,1
22588,35,35,0,0
22589,145,140,5,5
22590,76,70,6,6
22591,89,99,-10,10
22592,84,91,-7,7
22593,82,98,-16,16
22594,76,78,-2,2
22595,88,101,-13,13
22596,85,77,8,8
22597,109,123,-14,14
22598,165,152,13,13
22599,88,92,-4,4
22600,54,59,-5,5
22601,93,87,6,6
22602,66,68,-2,2
22603,75,78,-3,3
22604,55,56,-1,1
22605,72,76,-4,4
22606,113,110,3,3
22607,127,125,2,2
22608,53,57,-4,4
22609,94,105,-11,11
22610,90,90,0,0
22611,65,79,-14,14
22612,60,67,-7,7
22613,59,46,13,13
22614,107,107,0,0
22615,93,105,-12,12
22616,128,119,9,9
22617,55,54,1,1
22618,93,93,0,0
22619,79,79,0,0
22620,148,131,17,17
22621,129,130,-1,1
22622,51,60,-9,9
22623,92,100,-8,8
22624,93,113,-20,20
22625,114,117,-3,3
22626,72,79,-7,7
22627,92,101,-9,9
22628,81,75,6,6
22629,69,73,-4,4
22630,93,92,1,1
22631,189,177,12,12
22632,71,76,-5,5
22633,87,90,-3,3
22634,48,126,-78,78
22635,94,95,-1,1
22636,116,133,-17,17
22637,62,52,10,10
22638,240,213,27,27
22639,104,108,-4,4
22640,80,90,-10,10
22641,66,61,5,5
22642,100,98,2,2
22643,133,128,5,5
22644,103,97,6,6
22645,137,144,-7,7
22646,165,156,9,9
22647,125,123,2,2
22648,86,81,5,5
22649,95,92,3,3
22650,103,119,-16,16
22651,140,124,16,16
22652,95,95,0,0
22653,68,74,-6,6
22654,52,52,0,0
22655,77,76,1,1
22656,121,118,3,3
22657,107,112,-5,5
22658,98,96,2,2
22659,100,94,6,6
22660,81,86,-5,5
22661,46,38,8,8
22662,162,157,5,5
22663,136,129,7,7
22664,85,91,-6,6
22665,83,69,14,14
22666,135,121,14,14
22667,39,43,-4,4
22668,61,65,-4,4
22669,73,61,12,12
22670,87,75,12,12
22671,76,78,-2,2
22672,84,110,-26,26
22673,94,82,12,12
22674,163,172,-9,9
22675,80,94,-14,14
22676,86,110,-24,24
22677,152,141,11,11
22678,100,117,-17,17
22679,75,73,2,2
22680,92,81,11,11
22681,84,79,5,5
22682,144,133,11,11
22683,69,66,3,3
22684,109,116,-7,7
22685,109,94,15,15
22686,88,78,10,10
22687,67,76,-9,9
22688,115,108,7,7
22689,125,128,-3,3
22690,95,102,-7,7
22691,87,81,6,6
22692,98,92,6,6
22693,83,100,-17,17
22694,101,103,-2,2
22695,51,45,6,6
22696,108,111,-3,3
22697,136,134,2,2
22698,208,213,-5,5
22699,121,112,9,9
22700,84,71,13,13
22701,86,90,-4,4
22702,148,146,2,2
22703,110,124,-14,14
22704,117,112,5,5
22705,96,101,-5,5
22706,69,69,0,0
22707,137,135,2,2
22708,66,64,2,2
22709,89,74,15,15
22710,44,55,-11,11
22711,136,129,7,7
22712,128,109,19,19
22713,73,76,-3,3
22714,155,155,0,0
22715,89,81,8,8
22716,87,74,13,13
22717,147,143,4,4
22718,64,60,4,4
22719,37,38,-1,1
22720,122,116,6,6
22721,44,62,-18,18
22722,126,126,0,0
22723,60,70,-10,10
22724,148,152,-4,4
22725,134,140,-6,6
22726,87,83,4,4
22727,135,149,-14,14
22728,90,79,11,11
22729,60,61,-1,1
22730,86,77,9,9
22731,150,153,-3,3
22732,59,60,-1,1
22733,111,115,-4,4
22734,54,54,0,0
22735,158,137,21,21
22736,135,119,16,16
22737,32,31,1,1
22738,63,62,1,1
22739,117,104,13,13
22740,83,95,-12,12
22741,54,55,-1,1
22742,151,145,6,6
22743,64,68,-4,4
22744,44,47,-3,3
22745,138,132,6,6
22746,48,58,-10,10
22747,123,120,3,3
22748,97,100,-3,3
22749,59,61,-2,2
22750,96,93,3,3
22751,19,16,3,3
22752,112,127,-15,15
22753,131,146,-15,15
22754,153,146,7,7
22755,100,101,-1,1
22756,183,169,14,14
22757,121,116,5,5
22758,129,124,5,5
22759,93,110,-17,17
22760,89,96,-7,7
22761,92,88,4,4
22762,81,93,-12,12
22763,133,131,2,2
22764,77,86,-9,9
22765,63,58,5,5
22766,66,65,1,1
22767,74,82,-8,8
22768,150,153,-3,3
22769,76,106,-30,30
22770,68,47,21,21
22771,73,79,-6,6
22772,93,92,1,1
22773,90,86,4,4
22774,81,97,-16,16
22775,59,56,3,3
22776,160,132,28,28
22777,47,43,4,4
22778,109,140,-31,31
22779,133,126,7,7
22780,114,119,-5,5
22781,89,81,8,8
22782,86,83,3,3
22783,95,89,6,6
22784,149,153,-4,4
22785,86,84,2,2
22786,112,112,0,0
22787,61,109,-48,48
22788,32,34,-2,2
22789,141,138,3,3
22790,106,97,9,9
22791,62,72,-10,10
22792,98,97,1,1
22793,169,140,29,29
22794,75,91,-16,16
22795,113,112,1,1
22796,69,74,-5,5
22797,54,65,-11,11
22798,72,80,-8,8
22799,140,150,-10,10
22800,86,91,-5,5
22801,106,108,-2,2
22802,81,86,-5,5
22803,109,101,8,8
22804,120,109,11,11
22805,103,102,1,1
22806,201,171,30,30
22807,115,126,-11,11
22808,94,82,12,12
22809,110,123,-13,13
22810,90,86,4,4
22811,117,115,2,2
22812,80,76,4,4
22813,136,136,0,0
22814,95,96,-1,1
22815,121,108,13,13
22816,38,41,-3,3
22817,100,92,8,8
22818,83,88,-5,5
22819,102,105,-3,3
22820,100,95,5,5
22821,67,71,-4,4
22822,88,134,-46,46
22823,68,64,4,4
22824,145,133,12,12
22825,86,85,1,1
22826,107,95,12,12
22827,85,104,-19,19
22828,102,115,-13,13
22829,132,136,-4,4
22830,61,61,0,0
22831,70,67,3,3
22832,91,89,2,2
22833,139,138,1,1
22834,51,44,7,7
22835,39,35,4,4
22836,100,92,8,8
22837,93,94,-1,1
22838,89,101,-12,12
22839,92,103,-11,11
22840,35,27,8,8
22841,93,94,-1,1
22842,64,53,11,11
22843,62,53,9,9
22844,102,91,11,11
22845,101,108,-7,7
22846,93,90,3,3
22847,63,62,1,1
22848,88,84,4,4
22849,80,88,-8,8
22850,134,85,49,49
22851,77,77,0,0
22852,73,79,-6,6
22853,57,61,-4,4
22854,118,92,26,26
22855,134,133,1,1
22856,127,131,-4,4
22857,88,78,10,10
22858,91,83,8,8
22859,110,110,0,0
22860,46,47,-1,1
22861,105,114,-9,9
22862,103,117,-14,14
22863,108,102,6,6
22864,93,98,-5,5
22865,75,79,-4,4
22866,131,129,2,2
22867,130,125,5,5
22868,89,87,2,2
22869,49,105,-56,56
22870,120,115,5,5
22871,151,158,-7,7
22872,92,94,-2,2
22873,77,79,-2,2
22874,126,124,2,2
22875,100,111,-11,11
22876,54,63,-9,9
22877,110,103,7,7
22878,133,138,-5,5
22879,119,122,-3,3
22880,126,121,5,5
22881,42,41,1,1
22882,63,67,-4,4
22883,170,173,-3,3
22884,68,83,-15,15
22885,114,124,-10,10
22886,115,90,25,25
22887,64,67,-3,3
22888,90,84,6,6
22889,126,121,5,5
22890,72,92,-20,20
22891,116,133,-17,17
22892,151,152,-1,1
22893,98,84,14,14
22894,135,126,9,9
22895,132,130,2,2
22896,166,157,9,9
22897,109,102,7,7
22898,73,60,13,13
22899,43,42,1,1
22900,60,63,-3,3
22901,95,96,-1,1
22902,185,168,17,17
22903,116,119,-3,3
22904,120,123,-3,3
22905,117,114,3,3
22906,80,93,-13,13
22907,54,58,-4,4
22908,94,98,-4,4
22909,104,103,1,1
22910,167,175,-8,8
22911,183,186,-3,3
22912,125,139,-14,14
22913,67,67,0,0
22914,127,116,11,11
22915,108,107,1,1
22916,110,111,-1,1
22917,72,72,0,0
22918,76,77,-1,1
22919,60,60,0,0
22920,127,119,8,8
22921,60,57,3,3
22922,117,113,4,4
22923,62,65,-3,3
22924,98,101,-3,3
22925,64,56,8,8
22926,90,88,2,2
22927,155,151,4,4
22928,69,70,-1,1
22929,91,89,2,2
22930,91,81,10,10
22931,97,88,9,9
22932,116,109,7,7
22933,100,101,-1,1
22934,81,89,-8,8
22935,77,71,6,6
22936,46,41,5,5
22937,86,100,-14,14
22938,98,91,7,7
22939,128,105,23,23
22940,53,58,-5,5
22941,86,84,2,2
22942,106,107,-1,1
22943,118,113,5,5
22944,132,130,2,2
22945,179,175,4,4
22946,72,65,7,7
22947,57,47,10,10
22948,159,154,5,5
22949,56,48,8,8
22950,90,101,-11,11
22951,84,87,-3,3
22952,120,123,-3,3
22953,99,99,0,0
22954,121,113,8,8
22955,96,97,-1,1
22956,46,55,-9,9
22957,84,94,-10,10
22958,79,82,-3,3
22959,165,166,-1,1
22960,72,76,-4,4
22961,75,77,-2,2
22962,116,122,-6,6
22963,117,120,-3,3
22964,95,91,4,4
22965,138,145,-7,7
22966,64,67,-3,3
22967,70,73,-3,3
22968,51,50,1,1
22969,74,95,-21,21
22970,105,110,-5,5
22971,137,134,3,3
22972,93,91,2,2
22973,72,80,-8,8
22974,83,78,5,5
22975,113,110,3,3
22976,97,96,1,1
22977,76,85,-9,9
22978,65,65,0,0
22979,159,150,9,9
22980,72,73,-1,1
22981,127,117,10,10
22982,94,92,2,2
22983,83,83,0,0
22984,84,90,-6,6
22985,60,70,-10,10
22986,100,105,-5,5
22987,108,109,-1,1
22988,118,121,-3,3
22989,76,69,7,7
22990,87,69,18,18
22991,50,50,0,0
22992,38,43,-5,5
22993,146,128,18,18
22994,114,114,0,0
22995,52,52,0,0
22996,84,89,-5,5
22997,122,125,-3,3
22998,102,102,0,0
22999,181,168,13,13
23000,98,89,9,9
23001,39,48,-9,9
23002,84,72,12,12
23003,145,119,26,26
23004,124,124,0,0
23005,110,126,-16,16
23006,57,63,-6,6
23007,88,74,14,14
23008,64,58,6,6
23009,195,180,15,15
23010,131,137,-6,6
23011,124,126,-2,2
23012,79,94,-15,15
23013,66,69,-3,3
23014,100,102,-2,2
23015,82,76,6,6
23016,81,89,-8,8
23017,85,86,-1,1
23018,192,189,3,3
23019,112,112,0,0
23020,166,151,15,15
23021,101,98,3,3
23022,82,71,11,11
23023,89,79,10,10
23024,94,89,5,5
23025,79,88,-9,9
23026,108,121,-13,13
23027,117,109,8,8
23028,123,115,8,8
23029,81,82,-1,1
23030,87,81,6,6
23031,66,72,-6,6
23032,35,36,-1,1
23033,102,99,3,3
23034,145,132,13,13
23035,62,58,4,4
23036,121,112,9,9
23037,69,72,-3,3
23038,142,128,14,14
23039,74,68,6,6
23040,92,88,4,4
23041,63,63,0,0
23042,71,76,-5,5
23043,148,140,8,8
23044,72,90,-18,18
23045,75,91,-16,16
23046,118,127,-9,9
23047,103,107,-4,4
23048,136,118,18,18
23049,126,130,-4,4
23050,93,103,-10,10
23051,101,111,-10,10
23052,133,116,17,17
23053,83,89,-6,6
23054,91,100,-9,9
23055,52,54,-2,2
23056,100,98,2,2
23057,88,84,4,4
23058,80,87,-7,7
23059,83,104,-21,21
23060,90,83,7,7
23061,69,98,-29,29
23062,85,80,5,5
23063,107,104,3,3
23064,103,97,6,6
23065,60,59,1,1
23066,152,152,0,0
23067,40,38,2,2
23068,87,91,-4,4
23069,78,84,-6,6
23070,145,156,-11,11
23071,47,49,-2,2
23072,139,121,18,18
23073,94,96,-2,2
23074,138,168,-30,30
23075,115,105,10,10
23076,94,96,-2,2
23077,106,106,0,0
23078,85,98,-13,13
23079,82,75,7,7
23080,61,60,1,1
23081,160,164,-4,4
23082,157,169,-12,12
23083,87,92,-5,5
23084,135,117,18,18
23085,120,122,-2,2
23086,104,96,8,8
23087,165,150,15,15
23088,88,86,2,2
23089,67,72,-5,5
23090,87,81,6,6
23091,66,70,-4,4
23092,74,78,-4,4
23093,76,82,-6,6
23094,62,69,-7,7
23095,79,74,5,5
23096,91,96,-5,5
23097,70,63,7,7
23098,148,139,9,9
23099,135,124,11,11
23100,74,84,-10,10
23101,78,78,0,0
23102,93,97,-4,4
23103,124,120,4,4
23104,129,133,-4,4
23105,98,88,10,10
23106,72,68,4,4
23107,53,58,-5,5
23108,138,128,10,10
23109,184,155,29,29
23110,85,92,-7,7
23111,82,90,-8,8
23112,105,114,-9,9
23113,99,98,1,1
23114,65,67,-2,2
23115,73,74,-1,1
23116,66,67,-1,1
23117,102,106,-4,4
23118,85,78,7,7
23119,188,182,6,6
23120,81,199,-118,118
23121,124,125,-1,1
23122,59,62,-3,3
23123,108,113,-5,5
23124,92,96,-4,4
23125,100,96,4,4
23126,105,113,-8,8
23127,93,99,-6,6
23128,155,152,3,3
23129,71,68,3,3
23130,65,58,7,7
23131,94,90,4,4
23132,122,130,-8,8
23133,70,63,7,7
23134,65,69,-4,4
23135,160,153,7,7
23136,115,118,-3,3
23137,134,137,-3,3
23138,101,104,-3,3
23139,105,101,4,4
23140,93,94,-1,1
23141,94,88,6,6
23142,82,76,6,6
23143,90,89,1,1
23144,78,72,6,6
23145,145,138,7,7
23146,120,123,-3,3
23147,94,95,-1,1
23148,95,87,8,8
23149,115,129,-14,14
23150,49,45,4,4
23151,134,145,-11,11
23152,88,84,4,4
23153,82,89,-7,7
23154,67,52,15,15
23155,71,68,3,3
23156,56,75,-19,19
23157,88,85,3,3
23158,34,30,4,4
23159,62,76,-14,14
23160,82,92,-10,10
23161,111,113,-2,2
23162,48,51,-3,3
23163,102,112,-10,10
23164,143,131,12,12
23165,47,50,-3,3
23166,76,77,-1,1
23167,119,116,3,3
23168,64,62,2,2
23169,72,71,1,1
23170,141,131,10,10
23171,64,58,6,6
23172,127,127,0,0
23173,72,77,-5,5
23174,111,101,10,10
23175,104,84,20,20
23176,77,87,-10,10
23177,133,149,-16,16
23178,113,117,-4,4
23179,110,110,0,0
23180,89,88,1,1
23181,125,129,-4,4
23182,127,112,15,15
23183,68,65,3,3
23184,99,105,-6,6
23185,86,101,-15,15
23186,111,107,4,4
23187,118,110,8,8
23188,74,66,8,8
23189,132,137,-5,5
23190,99,96,3,3
23191,139,139,0,0
23192,107,112,-5,5
23193,70,78,-8,8
23194,77,74,3,3
23195,101,107,-6,6
23196,103,106,-3,3
23197,86,96,-10,10
23198,104,94,10,10
23199,100,110,-10,10
23200,150,137,13,13
23201,69,67,2,2
23202,129,123,6,6
23203,162,163,-1,1
23204,111,127,-16,16
23205,133,139,-6,6
23206,87,90,-3,3
23207,74,83,-9,9
23208,95,94,1,1
23209,110,128,-18,18
23210,124,125,-1,1
23211,155,138,17,17
23212,74,67,7,7
23213,80,82,-2,2
23214,90,83,7,7
23215,100,98,2,2
23216,112,109,3,3
23217,81,68,13,13
23218,73,82,-9,9
23219,122,121,1,1
23220,130,129,1,1
23221,129,129,0,0
23222,123,119,4,4
23223,84,87,-3,3
23224,63,66,-3,3
23225,144,128,16,16
23226,91,164,-73,73
23227,66,74,-8,8
23228,95,94,1,1
23229,129,117,12,12
23230,75,76,-1,1
23231,152,191,-39,39
23232,119,101,18,18
23233,107,107,0,0
23234,184,169,15,15
23235,84,100,-16,16
23236,123,116,7,7
23237,167,151,16,16
23238,59,57,2,2
23239,68,75,-7,7
23240,119,118,1,1
23241,77,56,21,21
23242,70,76,-6,6
23243,79,75,4,4
23244,114,131,-17,17
23245,75,78,-3,3
23246,64,56,8,8
23247,127,122,5,5
23248,52,58,-6,6
23249,67,60,7,7
23250,73,71,2,2
23251,85,76,9,9
23252,63,72,-9,9
23253,88,83,5,5
23254,89,107,-18,18
23255,133,118,15,15
23256,82,82,0,0
23257,115,106,9,9
23258,97,104,-7,7
23259,81,92,-11,11
23260,102,93,9,9
23261,68,62,6,6
23262,64,63,1,1
23263,70,68,2,2
23264,73,71,2,2
23265,59,62,-3,3
23266,136,148,-12,12
23267,103,108,-5,5
23268,137,121,16,16
23269,73,76,-3,3
23270,83,73,10,10
23271,95,86,9,9
23272,138,135,3,3
23273,86,68,18,18
23274,66,86,-20,20
23275,134,180,-46,46
23276,116,113,3,3
23277,70,70,0,0
23278,118,124,-6,6
23279,131,123,8,8
23280,40,64,-24,24
23281,82,86,-4,4
23282,78,79,-1,1
23283,97,89,8,8
23284,89,94,-5,5
23285,133,125,8,8
23286,76,71,5,5
23287,152,138,14,14
23288,92,90,2,2
23289,62,62,0,0
23290,179,156,23,23
23291,127,121,6,6
23292,115,113,2,2
23293,54,68,-14,14
23294,136,119,17,17
23295,76,83,-7,7
23296,62,79,-17,17
23297,78,80,-2,2
23298,182,167,15,15
23299,67,65,2,2
23300,110,92,18,18
23301,92,88,4,4
23302,150,142,8,8
23303,122,126,-4,4
23304,62,70,-8,8
23305,109,93,16,16
23306,123,122,1,1
23307,107,122,-15,15
23308,50,60,-10,10
23309,62,67,-5,5
23310,115,115,0,0
23311,41,49,-8,8
23312,106,101,5,5
23313,58,53,5,5
23314,67,65,2,2
23315,64,60,4,4
23316,71,92,-21,21
23317,83,108,-25,25
23318,157,170,-13,13
23319,90,89,1,1
23320,100,109,-9,9
23321,92,100,-8,8
23322,87,105,-18,18
23323,76,92,-16,16
23324,101,112,-11,11
23325,56,51,5,5
23326,65,68,-3,3
23327,70,73,-3,3
23328,57,59,-2,2
23329,112,147,-35,35
23330,50,63,-13,13
23331,47,53,-6,6
23332,140,152,-12,12
23333,51,53,-2,2
23334,61,69,-8,8
23335,78,84,-6,6
23336,70,67,3,3
23337,98,99,-1,1
23338,152,133,19,19
23339,99,101,-2,2
23340,93,105,-12,12
23341,90,89,1,1
23342,51,61,-10,10
23343,94,90,4,4
23344,82,85,-3,3
23345,137,128,9,9
23346,85,98,-13,13
23347,131,142,-11,11
23348,110,101,9,9
23349,70,69,1,1
23350,99,113,-14,14
23351,146,130,16,16
23352,37,41,-4,4
23353,94,90,4,4
23354,124,124,0,0
23355,91,112,-21,21
23356,85,91,-6,6
23357,58,60,-2,2
23358,78,87,-9,9
23359,62,70,-8,8
23360,51,53,-2,2
23361,85,93,-8,8
23362,64,65,-1,1
23363,108,115,-7,7
23364,89,94,-5,5
23365,120,125,-5,5
23366,131,126,5,5
23367,50,55,-5,5
23368,109,110,-1,1
23369,82,81,1,1
23370,115,108,7,7
23371,121,130,-9,9
23372,193,173,20,20
23373,66,63,3,3
23374,125,118,7,7
23375,64,60,4,4
23376,105,101,4,4
23377,47,51,-4,4
23378,57,81,-24,24
23379,105,101,4,4
23380,124,127,-3,3
23381,90,116,-26,26
23382,126,111,15,15
23383,89,101,-12,12
23384,122,117,5,5
23385,116,117,-1,1
23386,80,79,1,1
23387,92,86,6,6
23388,62,84,-22,22
23389,144,160,-16,16
23390,45,59,-14,14
23391,139,130,9,9
23392,117,119,-2,2
23393,99,98,1,1
23394,98,102,-4,4
23395,87,91,-4,4
23396,171,159,12,12
23397,127,111,16,16
23398,114,113,1,1
23399,100,109,-9,9
23400,71,84,-13,13
23401,143,131,12,12
23402,84,86,-2,2
23403,89,88,1,1
23404,85,77,8,8
23405,69,63,6,6
23406,145,160,-15,15
23407,115,122,-7,7
23408,116,116,0,0
23409,114,127,-13,13
23410,58,54,4,4
23411,79,76,3,3
23412,73,73,0,0
23413,114,121,-7,7
23414,140,140,0,0
23415,92,97,-5,5
23416,111,112,-1,1
23417,131,145,-14,14
23418,76,78,-2,2
23419,94,96,-2,2
23420,91,103,-12,12
23421,76,68,8,8
23422,115,108,7,7
23423,65,70,-5,5
23424,113,116,-3,3
23425,85,92,-7,7
23426,214,234,-20,20
23427,211,198,13,13
23428,41,42,-1,1
23429,78,77,1,1
23430,161,162,-1,1
23431,79,76,3,3
23432,51,55,-4,4
23433,103,107,-4,4
23434,73,77,-4,4
23435,55,61,-6,6
23436,136,128,8,8
23437,131,125,6,6
23438,77,77,0,0
23439,80,74,6,6
23440,110,117,-7,7
23441,54,56,-2,2
23442,111,115,-4,4
23443,84,87,-3,3
23444,70,64,6,6
23445,70,70,0,0
23446,106,100,6,6
23447,97,97,0,0
23448,100,101,-1,1
23449,135,126,9,9
23450,86,93,-7,7
23451,42,34,8,8
23452,132,145,-13,13
23453,73,79,-6,6
23454,125,132,-7,7
23455,83,83,0,0
23456,125,128,-3,3
23457,120,125,-5,5
23458,110,112,-2,2
23459,197,171,26,26
23460,111,104,7,7
23461,86,96,-10,10
23462,76,75,1,1
23463,150,137,13,13
23464,115,130,-15,15
23465,89,94,-5,5
23466,176,140,36,36
23467,64,73,-9,9
23468,120,120,0,0
23469,121,126,-5,5
23470,64,83,-19,19
23471,49,69,-20,20
23472,70,62,8,8
23473,112,109,3,3
23474,89,102,-13,13
23475,107,109,-2,2
23476,155,150,5,5
23477,73,79,-6,6
23478,129,136,-7,7
23479,161,148,13,13
23480,89,87,2,2
23481,113,107,6,6
23482,99,98,1,1
23483,127,132,-5,5
23484,115,120,-5,5
23485,78,83,-5,5
23486,155,171,-16,16
23487,54,52,2,2
23488,89,84,5,5
23489,115,121,-6,6
23490,82,82,0,0
23491,165,163,2,2
23492,90,86,4,4
23493,87,85,2,2
23494,115,110,5,5
23495,70,62,8,8
23496,85,78,7,7
23497,101,99,2,2
23498,118,138,-20,20
23499,135,117,18,18
23500,74,81,-7,7
23501,108,124,-16,16
23502,134,139,-5,5
23503,109,107,2,2
23504,77,76,1,1
23505,71,67,4,4
23506,78,73,5,5
23507,125,111,14,14
23508,90,85,5,5
23509,47,37,10,10
23510,89,67,22,22
23511,102,90,12,12
23512,94,99,-5,5
23513,137,139,-2,2
23514,110,107,3,3
23515,100,100,0,0
23516,125,127,-2,2
23517,57,75,-18,18
23518,120,120,0,0
23519,149,142,7,7
23520,69,78,-9,9
23521,91,101,-10,10
23522,69,72,-3,3
23523,143,135,8,8
23524,112,103,9,9
23525,108,95,13,13
23526,83,93,-10,10
23527,102,108,-6,6
23528,55,57,-2,2
23529,101,97,4,4
23530,39,40,-1,1
23531,173,177,-4,4
23532,98,98,0,0
23533,136,128,8,8
23534,62,64,-2,2
23535,188,162,26,26
23536,98,105,-7,7
23537,132,128,4,4
23538,89,101,-12,12
23539,106,115,-9,9
23540,101,117,-16,16
23541,150,130,20,20
23542,194,174,20,20
23543,108,108,0,0
23544,78,90,-12,12
23545,70,66,4,4
23546,93,105,-12,12
23547,65,67,-2,2
23548,113,108,5,5
23549,129,124,5,5
23550,94,99,-5,5
23551,108,109,-1,1
23552,90,91,-1,1
23553,68,68,0,0
23554,98,98,0,0
23555,96,115,-19,19
23556,85,94,-9,9
23557,137,150,-13,13
23558,112,112,0,0
23559,168,165,3,3
23560,87,91,-4,4
23561,134,135,-1,1
23562,75,93,-18,18
23563,135,128,7,7
23564,81,80,1,1
23565,96,102,-6,6
23566,91,99,-8,8
23567,104,101,3,3
23568,105,102,3,3
23569,56,52,4,4
23570,111,105,6,6
23571,56,76,-20,20
23572,62,65,-3,3
23573,103,99,4,4
23574,144,151,-7,7
23575,101,100,1,1
23576,79,72,7,7
23577,102,92,10,10
23578,121,123,-2,2
23579,140,135,5,5
23580,135,131,4,4
23581,80,75,5,5
23582,51,60,-9,9
23583,152,163,-11,11
23584,94,99,-5,5
23585,52,48,4,4
23586,78,81,-3,3
23587,82,76,6,6
23588,75,72,3,3
23589,117,115,2,2
23590,136,130,6,6
23591,92,88,4,4
23592,55,48,7,7
23593,126,123,3,3
23594,55,58,-3,3
23595,43,43,0,0
23596,83,95,-12,12
23597,116,122,-6,6
23598,113,114,-1,1
23599,60,64,-4,4
23600,100,106,-6,6
23601,100,109,-9,9
23602,113,106,7,7
23603,123,140,-17,17
23604,69,77,-8,8
23605,113,130,-17,17
23606,71,76,-5,5
23607,132,124,8,8
23608,151,152,-1,1
23609,57,60,-3,3
23610,105,102,3,3
23611,188,186,2,2
23612,79,76,3,3
23613,151,151,0,0
23614,137,139,-2,2
23615,42,43,-1,1
23616,144,140,4,4
23617,41,32,9,9
23618,82,83,-1,1
23619,91,84,7,7
23620,65,62,3,3
23621,65,67,-2,2
23622,103,107,-4,4
23623,116,117,-1,1
23624,149,148,1,1
23625,202,181,21,21
23626,61,62,-1,1
23627,78,80,-2,2
23628,154,134,20,20
23629,87,90,-3,3
23630,93,86,7,7
23631,134,157,-23,23
23632,116,124,-8,8
23633,124,133,-9,9
23634,148,149,-1,1
23635,140,142,-2,2
23636,69,63,6,6
23637,107,107,0,0
23638,99,99,0,0
23639,137,132,5,5
23640,165,141,24,24
23641,102,93,9,9
23642,116,111,5,5
23643,95,76,19,19
23644,86,106,-20,20
23645,88,97,-9,9
23646,108,107,1,1
23647,153,159,-6,6
23648,69,70,-1,1
23649,76,77,-1,1
23650,103,99,4,4
23651,79,95,-16,16
23652,129,111,18,18
23653,87,87,0,0
23654,67,67,0,0
23655,81,83,-2,2
23656,118,116,2,2
23657,69,67,2,2
23658,63,68,-5,5
23659,77,74,3,3
23660,113,111,2,2
23661,143,141,2,2
23662,57,58,-1,1
23663,86,89,-3,3
23664,36,47,-11,11
23665,128,110,18,18
23666,111,117,-6,6
23667,68,72,-4,4
23668,60,68,-8,8
23669,90,83,7,7
23670,99,101,-2,2
23671,80,76,4,4
23672,79,88,-9,9
23673,84,98,-14,14
23674,77,68,9,9
23675,132,137,-5,5
23676,94,59,35,35
23677,95,102,-7,7
23678,67,66,1,1
23679,134,123,11,11
23680,148,149,-1,1
23681,92,98,-6,6
23682,85,85,0,0
23683,69,80,-11,11
23684,107,120,-13,13
23685,113,132,-19,19
23686,49,52,-3,3
23687,31,35,-4,4
23688,72,78,-6,6
23689,135,140,-5,5
23690,126,110,16,16
23691,67,73,-6,6
23692,70,87,-17,17
23693,64,66,-2,2
23694,70,92,-22,22
23695,88,82,6,6
23696,66,71,-5,5
23697,80,88,-8,8
23698,82,92,-10,10
23699,85,91,-6,6
23700,128,132,-4,4
23701,116,120,-4,4
23702,74,71,3,3
23703,107,102,5,5
23704,74,75,-1,1
23705,133,118,15,15
23706,91,91,0,0
23707,100,101,-1,1
23708,90,88,2,2
23709,41,40,1,1
23710,117,117,0,0
23711,91,90,1,1
23712,108,115,-7,7
23713,61,60,1,1
23714,201,179,22,22
23715,112,112,0,0
23716,62,62,0,0
23717,70,68,2,2
23718,79,85,-6,6
23719,85,80,5,5
23720,138,138,0,0
23721,132,131,1,1
23722,46,56,-10,10
23723,172,174,-2,2
23724,120,111,9,9
23725,120,120,0,0
23726,96,104,-8,8
23727,108,104,4,4
23728,125,142,-17,17
23729,72,79,-7,7
23730,110,104,6,6
23731,51,60,-9,9
23732,127,132,-5,5
23733,109,118,-9,9
23734,70,69,1,1
23735,91,93,-2,2
23736,53,60,-7,7
23737,195,196,-1,1
23738,63,72,-9,9
23739,97,110,-13,13
23740,109,104,5,5
23741,116,128,-12,12
23742,52,67,-15,15
23743,66,77,-11,11
23744,70,70,0,0
23745,143,144,-1,1
23746,61,182,-121,121
23747,105,97,8,8
23748,58,53,5,5
23749,141,137,4,4
23750,64,63,1,1
23751,126,135,-9,9
23752,154,146,8,8
23753,103,94,9,9
23754,54,56,-2,2
23755,100,103,-3,3
23756,99,98,1,1
23757,84,91,-7,7
23758,67,69,-2,2
23759,51,57,-6,6
23760,118,129,-11,11
23761,139,119,20,20
23762,83,85,-2,2
23763,127,127,0,0
23764,98,91,7,7
23765,86,77,9,9
23766,53,53,0,0
23767,111,118,-7,7
23768,82,87,-5,5
23769,101,102,-1,1
23770,79,78,1,1
23771,82,92,-10,10
23772,101,92,9,9
23773,172,151,21,21
23774,49,51,-2,2
23775,144,138,6,6
23776,79,77,2,2
23777,71,76,-5,5
23778,109,113,-4,4
23779,97,96,1,1
23780,134,125,9,9
23781,139,157,-18,18
23782,103,100,3,3
23783,104,94,10,10
23784,45,56,-11,11
23785,124,131,-7,7
23786,77,84,-7,7
23787,92,96,-4,4
23788,54,54,0,0
23789,96,104,-8,8
23790,77,63,14,14
23791,99,88,11,11
23792,46,52,-6,6
23793,128,130,-2,2
23794,114,123,-9,9
23795,183,174,9,9
23796,74,79,-5,5
23797,152,140,12,12
23798,95,98,-3,3
23799,84,66,18,18
23800,103,100,3,3
23801,118,108,10,10
23802,82,99,-17,17
23803,161,161,0,0
23804,93,82,11,11
23805,91,94,-3,3
23806,106,101,5,5
23807,91,85,6,6
23808,52,62,-10,10
23809,89,85,4,4
23810,80,85,-5,5
23811,112,111,1,1
23812,69,68,1,1
23813,68,66,2,2
23814,219,233,-14,14
23815,89,88,1,1
23816,127,125,2,2
23817,84,91,-7,7
23818,85,83,2,2
23819,28,55,-27,27
23820,141,133,8,8
23821,92,100,-8,8
23822,130,124,6,6
23823,59,66,-7,7
23824,143,135,8,8
23825,145,130,15,15
23826,73,72,1,1
23827,177,178,-1,1
23828,169,153,16,16
23829,54,56,-2,2
23830,128,115,13,13
23831,52,60,-8,8
23832,129,135,-6,6
23833,99,98,1,1
23834,119,102,17,17
23835,75,77,-2,2
23836,119,115,4,4
23837,103,97,6,6
23838,130,132,-2,2
23839,119,107,12,12
23840,100,96,4,4
23841,159,168,-9,9
23842,75,69,6,6
23843,86,93,-7,7
23844,123,129,-6,6
23845,74,84,-10,10
23846,50,60,-10,10
23847,57,51,6,6
23848,50,50,0,0
23849,71,75,-4,4
23850,96,95,1,1
23851,76,75,1,1
23852,130,121,9,9
23853,62,68,-6,6
23854,92,84,8,8
23855,98,114,-16,16
23856,67,60,7,7
23857,231,219,12,12
23858,68,60,8,8
23859,59,55,4,4
23860,82,67,15,15
23861,67,79,-12,12
23862,88,81,7,7
23863,138,132,6,6
23864,81,72,9,9
23865,117,121,-4,4
23866,67,64,3,3
23867,57,64,-7,7
23868,53,54,-1,1
23869,87,87,0,0
23870,123,128,-5,5
23871,128,125,3,3
23872,80,87,-7,7
23873,95,102,-7,7
23874,105,108,-3,3
23875,92,93,-1,1
23876,97,96,1,1
23877,96,95,1,1
23878,114,102,12,12
23879,57,60,-3,3
23880,174,158,16,16
23881,98,93,5,5
23882,96,89,7,7
23883,34,49,-15,15
23884,53,55,-2,2
23885,70,75,-5,5
23886,100,111,-11,11
23887,112,113,-1,1
23888,86,93,-7,7
23889,106,107,-1,1
23890,75,74,1,1
23891,97,110,-13,13
23892,93,96,-3,3
23893,105,68,37,37
23894,108,102,6,6
23895,137,156,-19,19
23896,99,105,-6,6
23897,71,70,1,1
23898,157,161,-4,4
23899,111,110,1,1
23900,102,93,9,9
23901,144,137,7,7
23902,86,82,4,4
23903,63,77,-14,14
23904,97,97,0,0
23905,30,30,0,0
23906,77,78,-1,1
23907,111,109,2,2
23908,77,70,7,7
23909,41,36,5,5
23910,82,90,-8,8
23911,144,139,5,5
23912,117,134,-17,17
23913,94,92,2,2
23914,58,56,2,2
23915,101,96,5,5
23916,105,92,13,13
23917,99,101,-2,2
23918,88,83,5,5
23919,69,80,-11,11
23920,67,62,5,5
23921,51,55,-4,4
23922,120,113,7,7
23923,60,67,-7,7
23924,90,86,4,4
23925,81,79,2,2
23926,163,176,-13,13
23927,142,142,0,0
23928,65,69,-4,4
23929,156,142,14,14
23930,52,45,7,7
23931,74,69,5,5
23932,115,118,-3,3
23933,126,126,0,0
23934,48,46,2,2
23935,129,136,-7,7
23936,160,158,2,2
23937,110,121,-11,11
23938,121,135,-14,14
23939,97,97,0,0
23940,110,139,-29,29
23941,135,129,6,6
23942,153,142,11,11
23943,103,125,-22,22
23944,103,101,2,2
23945,119,106,13,13
23946,76,82,-6,6
23947,195,193,2,2
23948,57,60,-3,3
23949,59,72,-13,13
23950,146,142,4,4
23951,91,83,8,8
23952,101,96,5,5
23953,240,215,25,25
23954,88,86,2,2
23955,83,77,6,6
23956,77,80,-3,3
23957,82,82,0,0
23958,82,95,-13,13
23959,119,110,9,9
23960,106,104,2,2
23961,101,115,-14,14
23962,78,86,-8,8
23963,82,81,1,1
23964,82,81,1,1
23965,126,119,7,7
23966,87,95,-8,8
23967,96,94,2,2
23968,68,71,-3,3
23969,100,91,9,9
23970,71,76,-5,5
23971,91,102,-11,11
23972,118,121,-3,3
23973,93,98,-5,5
23974,87,90,-3,3
23975,75,88,-13,13
23976,64,60,4,4
23977,94,103,-9,9
23978,45,50,-5,5
23979,97,90,7,7
23980,115,112,3,3
23981,84,63,21,21
23982,139,133,6,6
23983,155,155,0,0
23984,65,66,-1,1
23985,72,75,-3,3
23986,65,64,1,1
23987,45,41,4,4
23988,92,100,-8,8
23989,148,161,-13,13
23990,163,143,20,20
23991,80,77,3,3
23992,131,122,9,9
23993,74,67,7,7
23994,62,66,-4,4
23995,65,61,4,4
23996,110,92,18,18
23997,119,73,46,46
23998,110,108,2,2
23999,89,94,-5,5
24000,104,121,-17,17
24001,110,132,-22,22
24002,83,72,11,11
24003,134,128,6,6
24004,110,110,0,0
24005,74,91,-17,17
24006,152,155,-3,3
24007,103,110,-7,7
24008,47,50,-3,3
24009,104,99,5,5
24010,59,63,-4,4
24011,76,62,14,14
24012,82,92,-10,10
24013,100,103,-3,3
24014,127,121,6,6
24015,70,65,5,5
24016,71,74,-3,3
24017,83,106,-23,23
24018,80,85,-5,5
24019,102,107,-5,5
24020,70,82,-12,12
24021,89,93,-4,4
24022,75,76,-1,1
24023,104,100,4,4
24024,84,73,11,11
24025,56,59,-3,3
24026,55,68,-13,13
24027,141,159,-18,18
24028,82,85,-3,3
24029,182,165,17,17
24030,154,149,5,5
24031,86,85,1,1
24032,78,79,-1,1
24033,91,94,-3,3
24034,115,121,-6,6
24035,112,126,-14,14
24036,98,116,-18,18
24037,83,79,4,4
24038,58,64,-6,6
24039,72,72,0,0
24040,46,39,7,7
24041,54,55,-1,1
24042,99,98,1,1
24043,100,131,-31,31
24044,114,119,-5,5
24045,56,55,1,1
24046,49,52,-3,3
24047,63,46,17,17
24048,63,62,1,1
24049,72,77,-5,5
24050,97,98,-1,1
24051,59,63,-4,4
24052,123,128,-5,5
24053,109,125,-16,16
24054,108,105,3,3
24055,95,97,-2,2
24056,94,99,-5,5
24057,59,62,-3,3
24058,80,90,-10,10
24059,140,138,2,2
24060,102,102,0,0
24061,65,70,-5,5
24062,117,112,5,5
24063,63,61,2,2
24064,77,92,-15,15
24065,137,112,25,25
24066,114,111,3,3
24067,78,72,6,6
24068,45,42,3,3
24069,84,94,-10,10
24070,96,105,-9,9
24071,62,67,-5,5
24072,67,74,-7,7
24073,178,161,17,17
24074,78,93,-15,15
24075,112,106,6,6
24076,99,93,6,6
24077,94,103,-9,9
24078,86,75,11,11
24079,116,112,4,4
24080,64,61,3,3
24081,51,53,-2,2
24082,176,149,27,27
24083,120,113,7,7
24084,121,113,8,8
24085,84,85,-1,1
24086,108,111,-3,3
24087,97,99,-2,2
24088,91,96,-5,5
24089,117,118,-1,1
24090,102,84,18,18
24091,53,53,0,0
24092,82,75,7,7
24093,63,55,8,8
24094,50,93,-43,43
24095,121,114,7,7
24096,33,37,-4,4
24097,75,75,0,0
24098,98,109,-11,11
24099,95,91,4,4
24100,94,95,-1,1
24101,43,51,-8,8
24102,88,104,-16,16
24103,72,74,-2,2
24104,118,115,3,3
24105,76,83,-7,7
24106,58,58,0,0
24107,104,77,27,27
24108,115,106,9,9
24109,63,60,3,3
24110,105,112,-7,7
24111,59,57,2,2
24112,58,57,1,1
24113,146,135,11,11
24114,82,82,0,0
24115,114,124,-10,10
24116,95,90,5,5
24117,46,48,-2,2
24118,122,124,-2,2
24119,78,80,-2,2
24120,97,94,3,3
24121,111,113,-2,2
24122,161,140,21,21
24123,157,157,0,0
24124,90,95,-5,5
24125,69,69,0,0
24126,78,75,3,3
24127,111,103,8,8
24128,56,59,-3,3
24129,83,70,13,13
24130,186,167,19,19
24131,76,82,-6,6
24132,76,83,-7,7
24133,136,140,-4,4
24134,87,87,0,0
24135,87,77,10,10
24136,72,106,-34,34
24137,64,85,-21,21
24138,162,160,2,2
24139,59,62,-3,3
24140,77,73,4,4
24141,58,60,-2,2
24142,65,58,7,7
24143,103,97,6,6
24144,74,79,-5,5
24145,83,75,8,8
24146,62,63,-1,1
24147,115,112,3,3
24148,88,95,-7,7
24149,79,85,-6,6
24150,102,102,0,0
24151,76,74,2,2
24152,72,73,-1,1
24153,127,130,-3,3
24154,57,64,-7,7
24155,123,127,-4,4
24156,108,104,4,4
24157,179,168,11,11
24158,56,79,-23,23
24159,129,136,-7,7
24160,76,87,-11,11
24161,160,128,32,32
24162,108,96,12,12
24163,65,72,-7,7
24164,80,73,7,7
24165,68,86,-18,18
24166,125,157,-32,32
24167,55,58,-3,3
24168,101,110,-9,9
24169,102,96,6,6
24170,151,156,-5,5
24171,98,129,-31,31
24172,72,84,-12,12
24173,124,132,-8,8
24174,113,112,1,1
24175,84,80,4,4
24176,51,57,-6,6
24177,73,76,-3,3
24178,58,50,8,8
24179,103,105,-2,2
24180,89,78,11,11
24181,103,111,-8,8
24182,122,124,-2,2
24183,62,65,-3,3
24184,152,143,9,9
24185,49,49,0,0
24186,76,83,-7,7
24187,107,109,-2,2
24188,63,88,-25,25
24189,132,125,7,7
24190,167,84,83,83
24191,105,99,6,6
24192,160,158,2,2
24193,86,90,-4,4
24194,105,106,-1,1
24195,88,97,-9,9
24196,102,95,7,7
24197,102,120,-18,18
24198,101,114,-13,13
24199,48,51,-3,3
24200,131,137,-6,6
24201,45,41,4,4
24202,100,108,-8,8
24203,77,77,0,0
24204,131,138,-7,7
24205,106,114,-8,8
24206,115,109,6,6
24207,140,130,10,10
24208,111,112,-1,1
24209,100,103,-3,3
24210,55,61,-6,6
24211,80,75,5,5
24212,98,117,-19,19
24213,61,55,6,6
24214,106,104,2,2
24215,91,98,-7,7
24216,96,90,6,6
24217,88,88,0,0
24218,79,86,-7,7
24219,108,121,-13,13
24220,108,114,-6,6
24221,137,119,18,18
24222,110,117,-7,7
24223,67,70,-3,3
24224,81,78,3,3
24225,74,77,-3,3
24226,95,107,-12,12
24227,36,27,9,9
24228,96,105,-9,9
24229,80,85,-5,5
24230,86,83,3,3
24231,145,152,-7,7
24232,163,156,7,7
24233,57,55,2,2
24234,91,101,-10,10
24235,100,110,-10,10
24236,55,48,7,7
24237,118,116,2,2
24238,183,179,4,4
24239,79,87,-8,8
24240,82,72,10,10
24241,107,104,3,3
24242,47,52,-5,5
24243,103,109,-6,6
24244,78,74,4,4
24245,114,122,-8,8
24246,127,124,3,3
24247,65,70,-5,5
24248,149,161,-12,12
24249,72,67,5,5
24250,75,81,-6,6
24251,99,106,-7,7
24252,91,96,-5,5
24253,50,63,-13,13
24254,116,116,0,0
24255,150,149,1,1
24256,136,142,-6,6
24257,145,98,47,47
24258,64,71,-7,7
24259,81,83,-2,2
24260,76,71,5,5
24261,91,96,-5,5
24262,64,57,7,7
24263,52,53,-1,1
24264,85,95,-10,10
24265,93,97,-4,4
24266,80,93,-13,13
24267,84,93,-9,9
24268,71,71,0,0
24269,73,71,2,2
24270,54,63,-9,9
24271,87,82,5,5
24272,88,109,-21,21
24273,50,57,-7,7
24274,122,111,11,11
24275,98,106,-8,8
24276,82,74,8,8
24277,173,184,-11,11
24278,78,73,5,5
24279,106,82,24,24
24280,103,107,-4,4
24281,78,73,5,5
24282,57,66,-9,9
24283,125,132,-7,7
24284,103,111,-8,8
24285,100,102,-2,2
24286,78,88,-10,10
24287,122,114,8,8
24288,122,135,-13,13
24289,135,124,11,11
24290,110,101,9,9
24291,174,146,28,28
24292,54,54,0,0
24293,43,38,5,5
24294,82,76,6,6
24295,91,83,8,8
24296,104,98,6,6
24297,148,141,7,7
24298,30,28,2,2
24299,115,115,0,0
24300,122,122,0,0
24301,126,116,10,10
24302,68,78,-10,10
24303,119,106,13,13
24304,124,126,-2,2
24305,81,71,10,10
24306,74,66,8,8
24307,75,78,-3,3
24308,57,67,-10,10
24309,92,77,15,15
24310,79,77,2,2
24311,118,123,-5,5
24312,62,67,-5,5
24313,86,87,-1,1
24314,57,57,0,0
24315,93,117,-24,24
24316,111,97,14,14
24317,77,79,-2,2
24318,66,76,-10,10
24319,142,112,30,30
24320,117,109,8,8
24321,48,50,-2,2
24322,195,173,22,22
24323,100,103,-3,3
24324,103,69,34,34
24325,59,69,-10,10
24326,76,76,0,0
24327,108,117,-9,9
24328,127,131,-4,4
24329,91,78,13,13
24330,67,74,-7,7
24331,157,144,13,13
24332,120,135,-15,15
24333,79,80,-1,1
24334,95,101,-6,6
24335,103,113,-10,10
24336,126,120,6,6
24337,73,99,-26,26
24338,53,64,-11,11
24339,126,130,-4,4
24340,78,74,4,4
24341,128,124,4,4
24342,51,58,-7,7
24343,76,77,-1,1
24344,130,132,-2,2
24345,87,91,-4,4
24346,76,84,-8,8
24347,71,73,-2,2
24348,115,113,2,2
24349,119,126,-7,7
24350,75,79,-4,4
24351,75,73,2,2
24352,93,93,0,0
24353,128,139,-11,11
24354,127,164,-37,37
24355,94,101,-7,7
24356,133,124,9,9
24357,53,46,7,7
24358,146,143,3,3
24359,117,126,-9,9
24360,74,81,-7,7
24361,126,115,11,11
24362,41,54,-13,13
24363,143,142,1,1
24364,90,90,0,0
24365,73,79,-6,6
24366,156,147,9,9
24367,72,72,0,0
24368,59,55,4,4
24369,27,56,-29,29
24370,93,103,-10,10
24371,87,99,-12,12
24372,44,45,-1,1
24373,182,189,-7,7
24374,90,91,-1,1
24375,170,182,-12,12
24376,128,130,-2,2
24377,102,96,6,6
24378,99,92,7,7
24379,106,113,-7,7
24380,86,84,2,2
24381,127,125,2,2
24382,99,87,12,12
24383,101,117,-16,16
24384,155,135,20,20
24385,184,159,25,25
24386,98,96,2,2
24387,95,91,4,4
24388,108,138,-30,30
24389,103,102,1,1
24390,147,153,-6,6
24391,100,93,7,7
24392,76,93,-17,17
24393,308,260,48,48
24394,71,89,-18,18
24395,80,77,3,3
24396,88,82,6,6
24397,92,107,-15,15
24398,105,114,-9,9
24399,63,72,-9,9
24400,89,83,6,6
24401,77,95,-18,18
24402,94,101,-7,7
24403,72,93,-21,21
24404,65,61,4,4
24405,132,129,3,3
24406,90,90,0,0
24407,83,81,2,2
24408,35,75,-40,40
24409,163,155,8,8
24410,73,67,6,6
24411,117,119,-2,2
24412,87,87,0,0
24413,70,77,-7,7
24414,189,175,14,14
24415,81,79,2,2
24416,59,58,1,1
24417,110,119,-9,9
24418,103,105,-2,2
24419,89,95,-6,6
24420,90,80,10,10
24421,475,392,83,83
24422,66,52,14,14
24423,97,96,1,1
24424,89,80,9,9
24425,106,100,6,6
24426,81,83,-2,2
24427,143,136,7,7
24428,113,115,-2,2
24429,83,87,-4,4
24430,276,252,24,24
24431,88,88,0,0
24432,91,97,-6,6
24433,179,160,19,19
24434,175,144,31,31
24435,86,94,-8,8
24436,60,64,-4,4
24437,86,86,0,0
24438,104,103,1,1
24439,144,141,3,3
24440,93,101,-8,8
24441,98,99,-1,1
24442,59,73,-14,14
24443,112,139,-27,27
24444,98,109,-11,11
24445,60,63,-3,3
24446,72,67,5,5
24447,42,52,-10,10
24448,57,59,-2,2
24449,138,129,9,9
24450,99,95,4,4
24451,134,134,0,0
24452,96,82,14,14
24453,101,111,-10,10
24454,88,86,2,2
24455,79,88,-9,9
24456,61,62,-1,1
24457,77,69,8,8
24458,119,124,-5,5
24459,124,116,8,8
24460,77,80,-3,3
24461,81,88,-7,7
24462,70,71,-1,1
24463,120,132,-12,12
24464,90,99,-9,9
24465,88,97,-9,9
24466,49,46,3,3
24467,70,71,-1,1
24468,90,90,0,0
24469,70,70,0,0
24470,119,110,9,9
24471,99,100,-1,1
24472,79,95,-16,16
24473,112,113,-1,1
24474,63,67,-4,4
24475,40,44,-4,4
24476,145,138,7,7
24477,82,79,3,3
24478,87,86,1,1
24479,75,70,5,5
24480,71,70,1,1
24481,84,84,0,0
24482,85,79,6,6
24483,101,94,7,7
24484,111,104,7,7
24485,90,99,-9,9
24486,63,61,2,2
24487,174,175,-1,1
24488,106,97,9,9
24489,64,80,-16,16
24490,33,33,0,0
24491,100,112,-12,12
24492,185,163,22,22
24493,68,71,-3,3
24494,29,26,3,3
24495,45,51,-6,6
24496,58,62,-4,4
24497,120,112,8,8
24498,124,110,14,14
24499,70,68,2,2
24500,104,110,-6,6
24501,101,97,4,4
24502,92,98,-6,6
24503,81,84,-3,3
24504,59,53,6,6
24505,84,84,0,0
24506,67,75,-8,8
24507,105,100,5,5
24508,81,82,-1,1
24509,56,59,-3,3
24510,115,123,-8,8
24511,117,114,3,3
24512,95,91,4,4
24513,134,121,13,13
24514,89,100,-11,11
24515,136,140,-4,4
24516,100,98,2,2
24517,95,115,-20,20
24518,73,75,-2,2
24519,58,66,-8,8
24520,157,146,11,11
24521,77,83,-6,6
24522,54,41,13,13
24523,90,100,-10,10
24524,85,94,-9,9
24525,71,73,-2,2
24526,73,71,2,2
24527,87,96,-9,9
24528,57,62,-5,5
24529,64,63,1,1
24530,72,72,0,0
24531,184,161,23,23
24532,152,122,30,30
24533,88,95,-7,7
24534,90,90,0,0
24535,96,106,-10,10
24536,117,104,13,13
24537,65,66,-1,1
24538,101,99,2,2
24539,130,132,-2,2
24540,189,170,19,19
24541,80,84,-4,4
24542,72,63,9,9
24543,99,105,-6,6
24544,131,131,0,0
24545,120,132,-12,12
24546,64,67,-3,3
24547,59,46,13,13
24548,69,86,-17,17
24549,44,50,-6,6
24550,85,95,-10,10
24551,51,71,-20,20
24552,70,77,-7,7
24553,61,72,-11,11
24554,110,126,-16,16
24555,69,69,0,0
24556,56,60,-4,4
24557,125,142,-17,17
24558,91,88,3,3
24559,53,63,-10,10
24560,91,96,-5,5
24561,42,41,1,1
24562,85,89,-4,4
24563,33,32,1,1
24564,94,77,17,17
24565,143,133,10,10
24566,72,62,10,10
24567,85,85,0,0
24568,132,133,-1,1
24569,103,103,0,0
24570,131,111,20,20
24571,72,74,-2,2
24572,109,105,4,4
24573,104,109,-5,5
24574,128,107,21,21
24575,147,131,16,16
24576,90,94,-4,4
24577,44,48,-4,4
24578,84,93,-9,9
24579,129,151,-22,22
24580,76,93,-17,17
24581,82,92,-10,10
24582,155,134,21,21
24583,141,131,10,10
24584,110,124,-14,14
24585,117,124,-7,7
24586,112,117,-5,5
24587,109,117,-8,8
24588,63,52,11,11
24589,68,70,-2,2
24590,140,131,9,9
24591,42,50,-8,8
24592,97,112,-15,15
24593,73,72,1,1
24594,49,38,11,11
24595,163,136,27,27
24596,116,110,6,6
24597,98,115,-17,17
24598,97,102,-5,5
24599,76,80,-4,4
24600,84,88,-4,4
24601,52,47,5,5
24602,134,129,5,5
24603,62,55,7,7
24604,123,127,-4,4
24605,55,57,-2,2
24606,80,87,-7,7
24607,77,79,-2,2
24608,121,131,-10,10
24609,45,51,-6,6
24610,66,67,-1,1
24611,59,38,21,21
24612,45,49,-4,4
24613,63,58,5,5
24614,65,78,-13,13
24615,95,96,-1,1
24616,84,78,6,6
24617,110,128,-18,18
24618,83,85,-2,2
24619,133,139,-6,6
24620,111,114,-3,3
24621,69,75,-6,6
24622,43,38,5,5
24623,97,104,-7,7
24624,78,92,-14,14
24625,75,79,-4,4
24626,130,126,4,4
24627,73,73,0,0
24628,156,168,-12,12
24629,110,96,14,14
24630,132,135,-3,3
24631,108,119,-11,11
24632,97,105,-8,8
24633,139,135,4,4
24634,88,88,0,0
24635,136,123,13,13
24636,115,108,7,7
24637,141,137,4,4
24638,125,126,-1,1
24639,114,111,3,3
24640,127,124,3,3
24641,87,94,-7,7
24642,126,121,5,5
24643,83,95,-12,12
24644,68,67,1,1
24645,100,103,-3,3
24646,67,75,-8,8
24647,79,77,2,2
24648,123,123,0,0
24649,49,54,-5,5
24650,73,70,3,3
24651,105,105,0,0
24652,86,87,-1,1
24653,78,90,-12,12
24654,97,98,-1,1
24655,95,100,-5,5
24656,46,51,-5,5
24657,105,101,4,4
24658,157,145,12,12
24659,97,118,-21,21
24660,130,125,5,5
24661,114,131,-17,17
24662,56,60,-4,4
24663,37,44,-7,7
24664,133,133,0,0
24665,80,106,-26,26
24666,56,55,1,1
24667,64,65,-1,1
24668,78,80,-2,2
24669,96,89,7,7
24670,90,83,7,7
24671,126,116,10,10
24672,85,92,-7,7
24673,60,56,4,4
24674,92,88,4,4
24675,105,103,2,2
24676,92,96,-4,4
24677,85,89,-4,4
24678,187,167,20,20
24679,108,125,-17,17
24680,64,69,-5,5
24681,99,97,2,2
24682,92,91,1,1
24683,111,111,0,0
24684,83,74,9,9
24685,92,97,-5,5
24686,68,62,6,6
24687,158,142,16,16
24688,54,54,0,0
24689,86,77,9,9
24690,94,94,0,0
24691,102,107,-5,5
24692,55,41,14,14
24693,52,62,-10,10
24694,69,73,-4,4
24695,97,98,-1,1
24696,59,63,-4,4
24697,86,90,-4,4
24698,104,111,-7,7
24699,119,126,-7,7
24700,124,114,10,10
24701,99,103,-4,4
24702,94,96,-2,2
24703,129,139,-10,10
24704,134,117,17,17
24705,58,58,0,0
24706,131,120,11,11
24707,100,93,7,7
24708,97,86,11,11
24709,75,69,6,6
24710,133,134,-1,1
24711,87,69,18,18
24712,76,80,-4,4
24713,55,59,-4,4
24714,167,164,3,3
24715,108,113,-5,5
24716,64,64,0,0
24717,56,71,-15,15
24718,49,48,1,1
24719,55,49,6,6
24720,80,82,-2,2
24721,55,53,2,2
24722,169,156,13,13
24723,156,148,8,8
24724,102,96,6,6
24725,94,91,3,3
24726,92,88,4,4
24727,116,137,-21,21
24728,120,131,-11,11
24729,107,103,4,4
24730,113,115,-2,2
24731,75,81,-6,6
24732,67,49,18,18
24733,98,93,5,5
24734,193,162,31,31
24735,165,175,-10,10
24736,92,86,6,6
24737,53,52,1,1
24738,82,83,-1,1
24739,113,121,-8,8
24740,89,98,-9,9
24741,93,97,-4,4
24742,94,91,3,3
24743,87,84,3,3
24744,145,135,10,10
24745,142,131,11,11
24746,115,111,4,4
24747,82,87,-5,5
24748,87,99,-12,12
24749,74,76,-2,2
24750,61,85,-24,24
24751,125,128,-3,3
24752,74,74,0,0
24753,129,127,2,2
24754,88,84,4,4
24755,93,94,-1,1
24756,83,85,-2,2
24757,123,110,13,13
24758,103,94,9,9
24759,136,135,1,1
24760,88,90,-2,2
24761,94,93,1,1
24762,71,81,-10,10
24763,80,90,-10,10
24764,73,76,-3,3
24765,90,89,1,1
24766,81,73,8,8
24767,85,92,-7,7
24768,48,55,-7,7
24769,122,132,-10,10
24770,120,122,-2,2
24771,100,107,-7,7
24772,123,115,8,8
24773,154,135,19,19
24774,49,52,-3,3
24775,110,102,8,8
24776,90,97,-7,7
24777,103,103,0,0
24778,69,79,-10,10
24779,113,111,2,2
24780,102,104,-2,2
24781,80,118,-38,38
24782,45,48,-3,3
24783,154,153,1,1
24784,116,111,5,5
24785,125,111,14,14
24786,182,156,26,26
24787,68,74,-6,6
24788,82,70,12,12
24789,78,77,1,1
24790,60,76,-16,16
24791,119,112,7,7
24792,76,78,-2,2
24793,102,96,6,6
24794,94,103,-9,9
24795,76,79,-3,3
24796,52,53,-1,1
24797,82,77,5,5
24798,117,114,3,3
24799,110,113,-3,3
24800,165,143,22,22
24801,79,69,10,10
24802,132,135,-3,3
24803,118,105,13,13
24804,95,92,3,3
24805,74,80,-6,6
24806,52,64,-12,12
24807,104,111,-7,7
24808,103,122,-19,19
24809,119,115,4,4
24810,99,108,-9,9
24811,141,132,9,9
24812,62,58,4,4
24813,95,97,-2,2
24814,115,117,-2,2
24815,97,111,-14,14
24816,46,46,0,0
24817,122,132,-10,10
24818,121,121,0,0
24819,102,111,-9,9
24820,148,144,4,4
24821,71,73,-2,2
24822,114,117,-3,3
24823,126,128,-2,2
24824,84,76,8,8
24825,83,83,0,0
24826,101,85,16,16
24827,98,102,-4,4
24828,121,119,2,2
24829,84,97,-13,13
24830,56,67,-11,11
24831,90,75,15,15
24832,85,91,-6,6
24833,87,80,7,7
24834,113,116,-3,3
24835,140,137,3,3
24836,116,117,-1,1
24837,120,122,-2,2
24838,82,76,6,6
24839,150,141,9,9
24840,89,90,-1,1
24841,72,73,-1,1
24842,106,111,-5,5
24843,66,73,-7,7
24844,67,73,-6,6
24845,78,71,7,7
24846,118,113,5,5
24847,83,93,-10,10
24848,133,140,-7,7
24849,127,123,4,4
24850,178,160,18,18
24851,70,69,1,1
24852,50,50,0,0
24853,121,108,13,13
24854,127,126,1,1
24855,62,56,6,6
24856,74,71,3,3
24857,79,80,-1,1
24858,95,93,2,2
24859,103,110,-7,7
24860,113,105,8,8
24861,58,82,-24,24
24862,162,126,36,36
24863,43,48,-5,5
24864,73,71,2,2
24865,60,61,-1,1
24866,134,130,4,4
24867,66,69,-3,3
24868,42,61,-19,19
24869,89,89,0,0
24870,82,72,10,10
24871,133,132,1,1
24872,28,25,3,3
24873,120,107,13,13
24874,60,54,6,6
24875,59,67,-8,8
24876,54,52,2,2
24877,81,87,-6,6
24878,102,99,3,3
24879,47,48,-1,1
24880,90,81,9,9
24881,123,108,15,15
24882,83,84,-1,1
24883,92,110,-18,18
24884,105,103,2,2
24885,108,91,17,17
24886,114,123,-9,9
24887,57,58,-1,1
24888,67,72,-5,5
24889,85,90,-5,5
24890,68,70,-2,2
24891,55,52,3,3
24892,93,80,13,13
24893,61,64,-3,3
24894,61,60,1,1
24895,87,90,-3,3
24896,85,88,-3,3
24897,88,90,-2,2
24898,57,56,1,1
24899,65,65,0,0
24900,58,63,-5,5
24901,118,117,1,1
24902,94,101,-7,7
24903,164,155,9,9
24904,74,77,-3,3
24905,106,171,-65,65
24906,97,118,-21,21
24907,117,108,9,9
24908,123,123,0,0
24909,72,86,-14,14
24910,73,68,5,5
24911,105,147,-42,42
24912,53,57,-4,4
24913,63,65,-2,2
24914,85,79,6,6
24915,136,143,-7,7
24916,113,114,-1,1
24917,92,109,-17,17
24918,97,99,-2,2
24919,95,103,-8,8
24920,106,105,1,1
24921,167,161,6,6
24922,121,131,-10,10
24923,42,32,10,10
24924,80,88,-8,8
24925,48,61,-13,13
24926,116,117,-1,1
24927,117,112,5,5
24928,67,65,2,2
24929,69,75,-6,6
24930,114,114,0,0
24931,134,127,7,7
24932,91,89,2,2
24933,88,90,-2,2
24934,130,137,-7,7
24935,187,180,7,7
24936,99,101,-2,2
24937,95,110,-15,15
24938,151,142,9,9
24939,97,99,-2,2
24940,66,66,0,0
24941,39,38,1,1
24942,114,113,1,1
24943,124,118,6,6
24944,109,110,-1,1
24945,92,107,-15,15
24946,50,52,-2,2
24947,139,125,14,14
24948,116,115,1,1
24949,79,80,-1,1
24950,69,89,-20,20
24951,95,101,-6,6
24952,112,116,-4,4
24953,57,68,-11,11
24954,57,63,-6,6
24955,112,124,-12,12
24956,77,83,-6,6
24957,79,86,-7,7
24958,115,110,5,5
24959,52,58,-6,6
24960,121,104,17,17
24961,93,98,-5,5
24962,51,34,17,17
24963,71,73,-2,2
24964,126,120,6,6
24965,149,144,5,5
24966,91,112,-21,21
24967,142,136,6,6
24968,55,67,-12,12
24969,110,116,-6,6
24970,197,187,10,10
24971,85,81,4,4
24972,115,114,1,1
24973,111,111,0,0
24974,136,124,12,12
24975,57,63,-6,6
24976,100,91,9,9
24977,121,124,-3,3
24978,105,101,4,4
24979,145,158,-13,13
24980,93,86,7,7
24981,104,103,1,1
24982,104,95,9,9
24983,89,81,8,8
24984,82,68,14,14
24985,137,128,9,9
24986,112,105,7,7
24987,99,91,8,8
24988,94,106,-12,12
24989,140,126,14,14
24990,75,84,-9,9
24991,114,119,-5,5
24992,71,70,1,1
24993,155,141,14,14
24994,71,72,-1,1
24995,61,65,-4,4
24996,84,107,-23,23
24997,75,77,-2,2
24998,128,156,-28,28
24999,247,236,11,11
25000,101,110,-9,9
25001,113,104,9,9
25002,116,122,-6,6
25003,112,109,3,3
25004,83,91,-8,8
25005,52,58,-6,6
25006,73,52,21,21
25007,43,61,-18,18
25008,96,108,-12,12
25009,49,59,-10,10
25010,57,64,-7,7
25011,104,138,-34,34
25012,86,72,14,14
25013,66,64,2,2
25014,69,81,-12,12
25015,92,108,-16,16
25016,120,118,2,2
25017,124,127,-3,3
25018,109,107,2,2
25019,90,105,-15,15
25020,88,79,9,9
25021,60,61,-1,1
25022,100,106,-6,6
25023,171,202,-31,31
25024,55,63,-8,8
25025,143,145,-2,2
25026,104,106,-2,2
25027,120,124,-4,4
25028,132,116,16,16
25029,142,135,7,7
25030,68,65,3,3
25031,74,74,0,0
25032,107,116,-9,9
25033,82,78,4,4
25034,48,51,-3,3
25035,83,71,12,12
25036,66,65,1,1
25037,90,92,-2,2
25038,114,123,-9,9
25039,123,108,15,15
25040,140,123,17,17
25041,71,62,9,9
25042,112,104,8,8
25043,175,176,-1,1
25044,148,131,17,17
25045,87,85,2,2
25046,156,145,11,11
25047,44,40,4,4
25048,105,104,1,1
25049,120,125,-5,5
25050,65,66,-1,1
25051,120,122,-2,2
25052,69,68,1,1
25053,91,100,-9,9
25054,135,94,41,41
25055,133,138,-5,5
25056,81,80,1,1
25057,74,70,4,4
25058,144,154,-10,10
25059,146,144,2,2
25060,95,87,8,8
25061,223,180,43,43
25062,126,111,15,15
25063,49,47,2,2
25064,102,103,-1,1
25065,116,119,-3,3
25066,60,60,0,0
25067,154,158,-4,4
25068,134,132,2,2
25069,100,102,-2,2
25070,76,74,2,2
25071,74,77,-3,3
25072,77,69,8,8
25073,88,93,-5,5
25074,76,81,-5,5
25075,81,86,-5,5
25076,165,151,14,14
25077,108,106,2,2
25078,53,37,16,16
25079,59,66,-7,7
25080,85,104,-19,19
25081,98,100,-2,2
25082,58,60,-2,2
25083,105,106,-1,1
25084,148,140,8,8
25085,159,145,14,14
25086,163,157,6,6
25087,102,100,2,2
25088,71,90,-19,19
25089,156,171,-15,15
25090,97,90,7,7
25091,97,90,7,7
25092,72,76,-4,4
25093,83,111,-28,28
25094,81,66,15,15
25095,103,99,4,4
25096,95,96,-1,1
25097,82,97,-15,15
25098,121,120,1,1
25099,78,81,-3,3
25100,98,94,4,4
25101,145,143,2,2
25102,122,122,0,0
25103,123,117,6,6
25104,76,58,18,18
25105,195,171,24,24
25106,48,40,8,8
25107,59,71,-12,12
25108,73,74,-1,1
25109,73,74,-1,1
25110,63,60,3,3
25111,178,153,25,25
25112,69,69,0,0
25113,96,96,0,0
25114,67,67,0,0
25115,46,41,5,5
25116,88,94,-6,6
25117,47,59,-12,12
25118,45,47,-2,2
25119,47,41,6,6
25120,123,114,9,9
25121,124,125,-1,1
25122,167,157,10,10
25123,136,136,0,0
25124,72,78,-6,6
25125,109,118,-9,9
25126,74,78,-4,4
25127,80,79,1,1
25128,126,127,-1,1
25129,119,117,2,2
25130,60,60,0,0
25131,98,102,-4,4
25132,128,124,4,4
25133,96,86,10,10
25134,109,112,-3,3
25135,135,133,2,2
25136,86,87,-1,1
25137,125,128,-3,3
25138,71,80,-9,9
25139,137,134,3,3
25140,86,92,-6,6
25141,150,161,-11,11
25142,83,95,-12,12
25143,57,58,-1,1
25144,87,88,-1,1
25145,58,62,-4,4
25146,74,87,-13,13
25147,168,148,20,20
25148,145,142,3,3
25149,65,71,-6,6
25150,76,86,-10,10
25151,114,115,-1,1
25152,151,152,-1,1
25153,146,168,-22,22
25154,65,67,-2,2
25155,77,98,-21,21
25156,165,143,22,22
25157,89,107,-18,18
25158,107,113,-6,6
25159,96,112,-16,16
25160,115,117,-2,2
25161,74,67,7,7
25162,160,152,8,8
25163,82,84,-2,2
25164,80,78,2,2
25165,94,96,-2,2
25166,97,101,-4,4
25167,48,64,-16,16
25168,79,71,8,8
25169,16,16,0,0
25170,100,108,-8,8
25171,51,73,-22,22
25172,86,83,3,3
25173,108,107,1,1
25174,46,39,7,7
25175,55,49,6,6
25176,112,123,-11,11
25177,84,86,-2,2
25178,100,102,-2,2
25179,150,141,9,9
25180,138,133,5,5
25181,92,99,-7,7
25182,66,68,-2,2
25183,103,108,-5,5
25184,96,96,0,0
25185,148,151,-3,3
25186,81,75,6,6
25187,45,87,-42,42
25188,126,126,0,0
25189,168,161,7,7
25190,76,77,-1,1
25191,134,147,-13,13
25192,83,82,1,1
25193,118,111,7,7
25194,117,119,-2,2
25195,100,109,-9,9
25196,96,102,-6,6
25197,122,113,9,9
25198,76,85,-9,9
25199,96,104,-8,8
25200,103,99,4,4
25201,70,75,-5,5
25202,209,179,30,30
25203,75,77,-2,2
25204,54,59,-5,5
25205,111,113,-2,2
25206,70,66,4,4
25207,100,109,-9,9
25208,108,103,5,5
25209,56,61,-5,5
25210,172,179,-7,7
25211,67,70,-3,3
25212,118,100,18,18
25213,47,57,-10,10
25214,69,72,-3,3
25215,85,90,-5,5
25216,63,58,5,5
25217,267,245,22,22
25218,101,105,-4,4
25219,126,122,4,4
25220,99,105,-6,6
25221,124,137,-13,13
25222,145,126,19,19
25223,83,88,-5,5
25224,96,89,7,7
25225,149,169,-20,20
25226,65,67,-2,2
25227,83,76,7,7
25228,51,48,3,3
25229,73,87,-14,14
25230,164,141,23,23
25231,76,80,-4,4
25232,86,96,-10,10
25233,128,121,7,7
25234,126,114,12,12
25235,75,80,-5,5
25236,85,93,-8,8
25237,59,57,2,2
25238,80,74,6,6
25239,115,115,0,0
25240,96,88,8,8
25241,57,62,-5,5
25242,78,75,3,3
25243,92,100,-8,8
25244,114,115,-1,1
25245,97,90,7,7
25246,67,51,16,16
25247,68,77,-9,9
25248,88,91,-3,3
25249,58,62,-4,4
25250,86,101,-15,15
25251,81,80,1,1
25252,80,80,0,0
25253,107,119,-12,12
25254,65,68,-3,3
25255,77,74,3,3
25256,30,27,3,3
25257,81,71,10,10
25258,91,107,-16,16
25259,62,68,-6,6
25260,78,87,-9,9
25261,103,100,3,3
25262,113,102,11,11
25263,121,113,8,8
25264,75,71,4,4
25265,113,114,-1,1
25266,52,59,-7,7
25267,93,103,-10,10
25268,51,59,-8,8
25269,128,119,9,9
25270,86,67,19,19
25271,107,104,3,3
25272,105,105,0,0
25273,195,188,7,7
25274,64,58,6,6
25275,56,57,-1,1
25276,38,85,-47,47
25277,111,130,-19,19
25278,72,79,-7,7
25279,103,106,-3,3
25280,93,97,-4,4
25281,90,102,-12,12
25282,64,80,-16,16
25283,142,124,18,18
25284,96,89,7,7
25285,85,94,-9,9
25286,99,99,0,0
25287,52,52,0,0
25288,117,140,-23,23
25289,76,72,4,4
25290,80,93,-13,13
25291,99,93,6,6
25292,103,103,0,0
25293,60,71,-11,11
25294,96,102,-6,6
25295,112,120,-8,8
25296,77,69,8,8
25297,126,115,11,11
25298,125,127,-2,2
25299,132,131,1,1
25300,79,84,-5,5
25301,106,104,2,2
25302,35,39,-4,4
25303,85,75,10,10
25304,63,62,1,1
25305,65,73,-8,8
25306,23,45,-22,22
25307,73,77,-4,4
25308,103,112,-9,9
25309,79,79,0,0
25310,81,89,-8,8
25311,54,50,4,4
25312,77,77,0,0
25313,90,87,3,3
25314,92,93,-1,1
25315,54,59,-5,5
25316,101,107,-6,6
25317,102,86,16,16
25318,77,87,-10,10
25319,113,127,-14,14
25320,166,158,8,8
25321,74,81,-7,7
25322,116,123,-7,7
25323,127,141,-14,14
25324,89,90,-1,1
25325,101,100,1,1
25326,103,112,-9,9
25327,127,127,0,0
25328,83,81,2,2
25329,123,123,0,0
25330,118,126,-8,8
25331,160,160,0,0
25332,79,71,8,8
25333,76,69,7,7
25334,51,46,5,5
25335,110,115,-5,5
25336,112,126,-14,14
25337,73,67,6,6
25338,90,84,6,6
25339,87,89,-2,2
25340,97,103,-6,6
25341,51,45,6,6
25342,175,166,9,9
25343,51,53,-2,2
25344,96,99,-3,3
25345,96,85,11,11
25346,87,94,-7,7
25347,98,95,3,3
25348,195,173,22,22
25349,74,69,5,5
25350,111,99,12,12
25351,62,63,-1,1
25352,62,88,-26,26
25353,50,44,6,6
25354,77,76,1,1
25355,68,56,12,12
25356,72,77,-5,5
25357,82,78,4,4
25358,69,74,-5,5
25359,133,126,7,7
25360,57,57,0,0
25361,87,105,-18,18
25362,86,84,2,2
25363,53,84,-31,31
25364,111,141,-30,30
25365,85,92,-7,7
25366,68,62,6,6
25367,82,93,-11,11
25368,125,124,1,1
25369,127,111,16,16
25370,46,78,-32,32
25371,125,126,-1,1
25372,133,123,10,10
25373,84,86,-2,2
25374,70,66,4,4
25375,130,116,14,14
25376,86,93,-7,7
25377,161,157,4,4
25378,100,134,-34,34
25379,107,108,-1,1
25380,89,90,-1,1
25381,62,46,16,16
25382,75,82,-7,7
25383,82,86,-4,4
25384,104,105,-1,1
25385,83,102,-19,19
25386,109,116,-7,7
25387,57,51,6,6
25388,125,122,3,3
25389,87,77,10,10
25390,201,167,34,34
25391,75,79,-4,4
25392,80,82,-2,2
25393,143,166,-23,23
25394,120,126,-6,6
25395,146,147,-1,1
25396,70,68,2,2
25397,93,96,-3,3
25398,110,117,-7,7
25399,43,44,-1,1
25400,97,87,10,10
25401,70,67,3,3
25402,85,84,1,1
25403,91,101,-10,10
25404,85,91,-6,6
25405,120,113,7,7
25406,70,70,0,0
25407,61,67,-6,6
25408,67,73,-6,6
25409,156,151,5,5
25410,45,43,2,2
25411,121,134,-13,13
25412,93,112,-19,19
25413,111,140,-29,29
25414,72,80,-8,8
25415,44,41,3,3
25416,140,144,-4,4
25417,52,54,-2,2
25418,70,72,-2,2
25419,117,118,-1,1
25420,60,37,23,23
25421,73,94,-21,21
25422,107,108,-1,1
25423,90,90,0,0
25424,59,69,-10,10
25425,102,125,-23,23
25426,73,73,0,0
25427,86,91,-5,5
25428,58,60,-2,2
25429,66,71,-5,5
25430,62,110,-48,48
25431,130,128,2,2
25432,121,105,16,16
25433,114,115,-1,1
25434,128,136,-8,8
25435,106,109,-3,3
25436,94,85,9,9
25437,139,137,2,2
25438,57,58,-1,1
25439,62,74,-12,12
25440,59,68,-9,9
25441,134,127,7,7
25442,88,88,0,0
25443,67,68,-1,1
25444,91,95,-4,4
25445,79,74,5,5
25446,99,103,-4,4
25447,135,156,-21,21
25448,118,115,3,3
25449,97,98,-1,1
25450,96,93,3,3
25451,81,87,-6,6
25452,93,98,-5,5
25453,108,110,-2,2
25454,69,63,6,6
25455,106,118,-12,12
25456,80,87,-7,7
25457,108,108,0,0
25458,95,89,6,6
25459,41,39,2,2
25460,97,97,0,0
25461,161,134,27,27
25462,96,87,9,9
25463,86,103,-17,17
25464,123,124,-1,1
25465,84,81,3,3
25466,81,81,0,0
25467,99,106,-7,7
25468,108,108,0,0
25469,57,65,-8,8
25470,82,92,-10,10
25471,117,146,-29,29
25472,78,89,-11,11
25473,206,199,7,7
25474,70,72,-2,2
25475,66,72,-6,6
25476,132,137,-5,5
25477,73,75,-2,2
25478,53,56,-3,3
25479,47,51,-4,4
25480,73,81,-8,8
25481,72,75,-3,3
25482,96,89,7,7
25483,182,175,7,7
25484,80,73,7,7
25485,98,97,1,1
25486,103,109,-6,6
25487,182,173,9,9
25488,136,141,-5,5
25489,101,106,-5,5
25490,81,75,6,6
25491,161,155,6,6
25492,83,99,-16,16
25493,57,70,-13,13
25494,119,105,14,14
25495,103,103,0,0
25496,143,127,16,16
25497,61,105,-44,44
25498,117,114,3,3
25499,113,111,2,2
25500,94,96,-2,2
25501,70,76,-6,6
25502,116,120,-4,4
25503,102,93,9,9
25504,154,147,7,7
25505,91,87,4,4
25506,105,117,-12,12
25507,114,120,-6,6
25508,160,149,11,11
25509,94,99,-5,5
25510,151,124,27,27
25511,170,158,12,12
25512,76,77,-1,1
25513,74,70,4,4
25514,101,115,-14,14
25515,62,58,4,4
25516,84,86,-2,2
25517,109,118,-9,9
25518,106,97,9,9
25519,119,111,8,8
25520,89,92,-3,3
25521,53,50,3,3
25522,37,35,2,2
25523,97,101,-4,4
25524,91,86,5,5
25525,94,88,6,6
25526,111,94,17,17
25527,203,190,13,13
25528,71,66,5,5
25529,63,64,-1,1
25530,55,59,-4,4
25531,87,80,7,7
25532,125,140,-15,15
25533,101,113,-12,12
25534,98,89,9,9
25535,116,121,-5,5
25536,79,81,-2,2
25537,206,190,16,16
25538,102,104,-2,2
25539,153,137,16,16
25540,86,98,-12,12
25541,60,61,-1,1
25542,95,112,-17,17
25543,156,148,8,8
25544,90,82,8,8
25545,131,116,15,15
25546,107,97,10,10
25547,56,52,4,4
25548,96,100,-4,4
25549,67,80,-13,13
25550,66,68,-2,2
25551,116,113,3,3
25552,97,101,-4,4
25553,132,134,-2,2
25554,87,93,-6,6
25555,94,106,-12,12
25556,50,50,0,0
25557,104,95,9,9
25558,179,174,5,5
25559,121,105,16,16
25560,54,57,-3,3
25561,86,79,7,7
25562,29,21,8,8
25563,109,107,2,2
25564,81,103,-22,22
25565,75,92,-17,17
25566,179,159,20,20
25567,59,49,10,10
25568,122,118,4,4
25569,209,185,24,24
25570,53,56,-3,3
25571,79,75,4,4
25572,97,95,2,2
25573,99,100,-1,1
25574,50,49,1,1
25575,81,91,-10,10
25576,77,73,4,4
25577,179,169,10,10
25578,100,108,-8,8
25579,57,72,-15,15
25580,88,97,-9,9
25581,47,53,-6,6
25582,92,104,-12,12
25583,94,95,-1,1
25584,49,52,-3,3
25585,155,134,21,21
25586,93,105,-12,12
25587,160,146,14,14
25588,34,28,6,6
25589,109,107,2,2
25590,112,116,-4,4
25591,65,65,0,0
25592,76,64,12,12
25593,82,96,-14,14
25594,97,92,5,5
25595,72,76,-4,4
25596,95,104,-9,9
25597,59,73,-14,14
25598,52,47,5,5
25599,81,78,3,3
25600,87,82,5,5
25601,129,128,1,1
25602,57,74,-17,17
25603,54,54,0,0
25604,122,110,12,12
25605,90,91,-1,1
25606,136,134,2,2
25607,55,45,10,10
25608,69,79,-10,10
25609,118,118,0,0
25610,103,104,-1,1
25611,70,71,-1,1
25612,43,47,-4,4
25613,66,67,-1,1
25614,140,138,2,2
25615,89,101,-12,12
25616,147,133,14,14
25617,112,119,-7,7
25618,78,65,13,13
25619,40,40,0,0
25620,55,59,-4,4
25621,77,80,-3,3
25622,80,98,-18,18
25623,71,77,-6,6
25624,82,84,-2,2
25625,82,86,-4,4
25626,93,104,-11,11
25627,68,71,-3,3
25628,96,93,3,3
25629,116,117,-1,1
25630,53,65,-12,12
25631,87,83,4,4
25632,116,110,6,6
25633,102,102,0,0
25634,89,86,3,3
25635,121,111,10,10
25636,92,92,0,0
25637,29,47,-18,18
25638,98,90,8,8
25639,70,60,10,10
25640,127,119,8,8
25641,208,183,25,25
25642,85,81,4,4
25643,84,84,0,0
25644,92,98,-6,6
25645,118,151,-33,33
25646,66,75,-9,9
25647,79,87,-8,8
25648,167,147,20,20
25649,174,168,6,6
25650,92,87,5,5
25651,90,98,-8,8
25652,103,98,5,5
25653,85,86,-1,1
25654,43,50,-7,7
25655,144,142,2,2
25656,66,60,6,6
25657,33,40,-7,7
25658,50,65,-15,15
25659,68,64,4,4
25660,152,155,-3,3
25661,102,99,3,3
25662,45,49,-4,4
25663,67,61,6,6
25664,59,63,-4,4
25665,92,93,-1,1
25666,138,130,8,8
25667,152,144,8,8
25668,79,79,0,0
25669,122,129,-7,7
25670,122,125,-3,3
25671,59,70,-11,11
25672,164,149,15,15
25673,93,145,-52,52
25674,86,95,-9,9
25675,133,128,5,5
25676,95,108,-13,13
25677,86,98,-12,12
25678,76,76,0,0
25679,152,145,7,7
25680,99,91,8,8
25681,62,60,2,2
25682,92,99,-7,7
25683,105,95,10,10
25684,95,94,1,1
25685,103,63,40,40
25686,64,71,-7,7
25687,113,127,-14,14
25688,139,146,-7,7
25689,116,112,4,4
25690,109,117,-8,8
25691,110,105,5,5
25692,102,99,3,3
25693,108,116,-8,8
25694,83,70,13,13
25695,151,149,2,2
25696,84,100,-16,16
25697,109,102,7,7
25698,136,134,2,2
25699,109,105,4,4
25700,136,119,17,17
25701,109,101,8,8
25702,68,72,-4,4
25703,76,72,4,4
25704,81,81,0,0
25705,102,102,0,0
25706,139,141,-2,2
25707,86,91,-5,5
25708,105,108,-3,3
25709,58,67,-9,9
25710,35,47,-12,12
25711,49,55,-6,6
25712,82,79,3,3
25713,70,87,-17,17
25714,79,80,-1,1
25715,66,62,4,4
25716,122,113,9,9
25717,77,57,20,20
25718,120,122,-2,2
25719,155,144,11,11
25720,123,126,-3,3
25721,74,87,-13,13
25722,88,86,2,2
25723,143,140,3,3
25724,88,81,7,7
25725,57,56,1,1
25726,130,123,7,7
25727,81,90,-9,9
25728,83,91,-8,8
25729,173,148,25,25
25730,66,74,-8,8
25731,91,96,-5,5
25732,70,51,19,19
25733,73,64,9,9
25734,72,78,-6,6
25735,73,75,-2,2
25736,109,114,-5,5
25737,106,55,51,51
25738,72,67,5,5
25739,80,87,-7,7
25740,188,161,27,27
25741,112,103,9,9
25742,116,118,-2,2
25743,115,106,9,9
25744,97,89,8,8
25745,171,170,1,1
25746,96,108,-12,12
25747,97,94,3,3
25748,60,58,2,2
25749,119,117,2,2
25750,144,137,7,7
25751,64,63,1,1
25752,55,59,-4,4
25753,92,92,0,0
25754,92,89,3,3
25755,133,138,-5,5
25756,62,67,-5,5
25757,143,146,-3,3
25758,92,103,-11,11
25759,95,114,-19,19
25760,43,45,-2,2
25761,110,102,8,8
25762,94,83,11,11
25763,68,72,-4,4
25764,81,82,-1,1
25765,150,136,14,14
25766,129,128,1,1
25767,133,123,10,10
25768,105,100,5,5
25769,66,93,-27,27
25770,91,97,-6,6
25771,90,74,16,16
25772,117,111,6,6
25773,140,139,1,1
25774,165,184,-19,19
25775,95,97,-2,2
25776,85,96,-11,11
25777,158,136,22,22
25778,138,148,-10,10
25779,96,94,2,2
25780,122,121,1,1
25781,65,61,4,4
25782,63,66,-3,3
25783,111,111,0,0
25784,80,109,-29,29
25785,79,86,-7,7
25786,100,90,10,10
25787,81,92,-11,11
25788,92,86,6,6
25789,75,93,-18,18
25790,82,85,-3,3
25791,79,81,-2,2
25792,57,66,-9,9
25793,148,135,13,13
25794,79,89,-10,10
25795,122,123,-1,1
25796,82,89,-7,7
25797,61,55,6,6
25798,38,47,-9,9
25799,94,108,-14,14
25800,101,86,15,15
25801,89,85,4,4
25802,68,66,2,2
25803,47,51,-4,4
25804,90,86,4,4
25805,60,60,0,0
25806,114,109,5,5
25807,80,87,-7,7
25808,127,117,10,10
25809,102,107,-5,5
25810,69,65,4,4
25811,53,62,-9,9
25812,59,67,-8,8
25813,95,102,-7,7
25814,64,46,18,18
25815,144,153,-9,9
25816,71,64,7,7
25817,100,107,-7,7
25818,116,116,0,0
25819,104,104,0,0
25820,177,176,1,1
25821,108,111,-3,3
25822,132,126,6,6
25823,118,109,9,9
25824,135,147,-12,12
25825,115,105,10,10
25826,73,74,-1,1
25827,133,128,5,5
25828,95,92,3,3
25829,80,76,4,4
25830,48,77,-29,29
25831,158,146,12,12
25832,73,78,-5,5
25833,94,93,1,1
25834,74,91,-17,17
25835,154,156,-2,2
25836,127,125,2,2
25837,73,72,1,1
25838,89,80,9,9
25839,61,58,3,3
25840,87,84,3,3
25841,65,82,-17,17
25842,81,87,-6,6
25843,99,97,2,2
25844,83,90,-7,7
25845,90,93,-3,3
25846,82,87,-5,5
25847,115,110,5,5
25848,137,145,-8,8
25849,78,77,1,1
25850,94,87,7,7
25851,101,108,-7,7
25852,96,89,7,7
25853,77,78,-1,1
25854,112,105,7,7
25855,138,137,1,1
25856,98,98,0,0
25857,91,101,-10,10
25858,143,138,5,5
25859,153,152,1,1
25860,40,43,-3,3
25861,69,73,-4,4
25862,67,71,-4,4
25863,43,50,-7,7
25864,104,135,-31,31
25865,117,109,8,8
25866,84,80,4,4
25867,84,92,-8,8
25868,74,71,3,3
25869,75,72,3,3
25870,147,150,-3,3
25871,94,98,-4,4
25872,92,92,0,0
25873,71,76,-5,5
25874,84,82,2,2
25875,78,110,-32,32
25876,83,77,6,6
25877,84,95,-11,11
25878,42,52,-10,10
25879,149,144,5,5
25880,95,95,0,0
25881,132,115,17,17
25882,83,82,1,1
25883,131,128,3,3
25884,62,58,4,4
25885,87,99,-12,12
25886,91,84,7,7
25887,155,166,-11,11
25888,73,82,-9,9
25889,98,102,-4,4
25890,72,73,-1,1
25891,75,89,-14,14
25892,147,140,7,7
25893,54,63,-9,9
25894,128,124,4,4
25895,98,100,-2,2
25896,111,119,-8,8
25897,81,83,-2,2
25898,87,76,11,11
25899,28,68,-40,40
25900,123,124,-1,1
25901,82,75,7,7
25902,82,73,9,9
25903,113,110,3,3
25904,121,130,-9,9
25905,124,118,6,6
25906,85,80,5,5
25907,82,87,-5,5
25908,107,112,-5,5
25909,113,116,-3,3
25910,74,77,-3,3
25911,97,88,9,9
25912,56,70,-14,14
25913,89,91,-2,2
25914,132,136,-4,4
25915,134,128,6,6
25916,93,100,-7,7
25917,128,140,-12,12
25918,121,128,-7,7
25919,132,131,1,1
25920,114,113,1,1
25921,93,90,3,3
25922,132,128,4,4
25923,139,124,15,15
25924,59,61,-2,2
25925,185,164,21,21
25926,47,43,4,4
25927,68,67,1,1
25928,122,125,-3,3
25929,130,132,-2,2
25930,98,99,-1,1
25931,42,40,2,2
25932,125,122,3,3
25933,56,61,-5,5
25934,129,135,-6,6
25935,60,86,-26,26
25936,51,55,-4,4
25937,78,84,-6,6
25938,62,71,-9,9
25939,80,94,-14,14
25940,39,48,-9,9
25941,120,126,-6,6
25942,100,102,-2,2
25943,112,128,-16,16
25944,85,85,0,0
25945,118,109,9,9
25946,124,130,-6,6
25947,56,50,6,6
25948,97,106,-9,9
25949,83,86,-3,3
25950,91,104,-13,13
25951,68,71,-3,3
25952,108,118,-10,10
25953,87,91,-4,4
25954,57,61,-4,4
25955,70,66,4,4
25956,87,85,2,2
25957,111,111,0,0
25958,79,97,-18,18
25959,117,103,14,14
25960,95,105,-10,10
25961,139,134,5,5
25962,52,47,5,5
25963,47,90,-43,43
25964,104,111,-7,7
25965,89,83,6,6
25966,86,92,-6,6
25967,90,88,2,2
25968,113,118,-5,5
25969,89,87,2,2
25970,94,98,-4,4
25971,134,129,5,5
25972,63,61,2,2
25973,102,97,5,5
25974,146,142,4,4
25975,140,138,2,2
25976,73,77,-4,4
25977,127,141,-14,14
25978,47,55,-8,8
25979,90,111,-21,21
25980,77,73,4,4
25981,136,129,7,7
25982,121,123,-2,2
25983,82,86,-4,4
25984,114,121,-7,7
25985,114,110,4,4
25986,80,85,-5,5
25987,82,87,-5,5
25988,79,81,-2,2
25989,107,120,-13,13
25990,113,103,10,10
25991,114,121,-7,7
25992,52,58,-6,6
25993,67,70,-3,3
25994,74,81,-7,7
25995,113,121,-8,8
25996,77,74,3,3
25997,125,133,-8,8
25998,60,55,5,5
25999,78,80,-2,2
26000,94,102,-8,8
26001,102,98,4,4
26002,115,104,11,11
26003,114,113,1,1
26004,115,120,-5,5
26005,109,104,5,5
26006,107,110,-3,3
26007,80,77,3,3
26008,111,110,1,1
26009,36,51,-15,15
26010,78,79,-1,1
26011,87,82,5,5
26012,74,72,2,2
26013,70,80,-10,10
26014,64,63,1,1
26015,51,51,0,0
26016,97,99,-2,2
26017,106,107,-1,1
26018,150,150,0,0
26019,105,120,-15,15
26020,80,79,1,1
26021,81,84,-3,3
26022,78,85,-7,7
26023,103,109,-6,6
26024,68,70,-2,2
26025,69,69,0,0
26026,100,119,-19,19
26027,100,80,20,20
26028,171,155,16,16
26029,102,110,-8,8
26030,98,93,5,5
26031,81,95,-14,14
26032,86,86,0,0
26033,47,52,-5,5
26034,83,80,3,3
26035,139,136,3,3
26036,71,77,-6,6
26037,142,142,0,0
26038,65,65,0,0
26039,68,69,-1,1
26040,63,69,-6,6
26041,105,100,5,5
26042,53,59,-6,6
26043,126,126,0,0
26044,137,138,-1,1
26045,64,61,3,3
26046,126,149,-23,23
26047,117,112,5,5
26048,65,94,-29,29
26049,133,132,1,1
26050,64,61,3,3
26051,96,91,5,5
26052,92,93,-1,1
26053,99,104,-5,5
26054,148,150,-2,2
26055,54,62,-8,8
26056,99,85,14,14
26057,89,94,-5,5
26058,63,63,0,0
26059,90,89,1,1
26060,71,77,-6,6
26061,82,74,8,8
26062,89,70,19,19
26063,58,65,-7,7
26064,88,101,-13,13
26065,91,105,-14,14
26066,29,31,-2,2
26067,63,77,-14,14
26068,73,79,-6,6
26069,68,62,6,6
26070,76,94,-18,18
26071,73,62,11,11
26072,152,135,17,17
26073,113,96,17,17
26074,57,58,-1,1
26075,81,80,1,1
26076,102,110,-8,8
26077,87,108,-21,21
26078,106,113,-7,7
26079,83,84,-1,1
26080,164,149,15,15
26081,122,106,16,16
26082,68,76,-8,8
26083,79,72,7,7
26084,57,50,7,7
26085,116,127,-11,11
26086,57,55,2,2
26087,105,95,10,10
26088,95,88,7,7
26089,164,161,3,3
26090,159,156,3,3
26091,92,87,5,5
26092,100,108,-8,8
26093,64,59,5,5
26094,121,156,-35,35
26095,157,149,8,8
26096,116,115,1,1
26097,46,45,1,1
26098,106,90,16,16
26099,67,70,-3,3
26100,83,91,-8,8
26101,66,65,1,1
26102,105,130,-25,25
26103,166,167,-1,1
26104,109,78,31,31
26105,75,77,-2,2
26106,86,82,4,4
26107,91,91,0,0
26108,76,68,8,8
26109,149,150,-1,1
26110,102,95,7,7
26111,76,76,0,0
26112,64,62,2,2
26113,108,100,8,8
26114,99,98,1,1
26115,104,105,-1,1
26116,136,139,-3,3
26117,72,92,-20,20
26118,92,89,3,3
26119,70,70,0,0
26120,69,71,-2,2
26121,154,143,11,11
26122,129,129,0,0
26123,102,103,-1,1
26124,107,106,1,1
26125,107,109,-2,2
26126,75,66,9,9
26127,108,116,-8,8
26128,96,88,8,8
26129,80,81,-1,1
26130,73,81,-8,8
26131,129,124,5,5
26132,57,61,-4,4
26133,92,94,-2,2
26134,70,79,-9,9
26135,61,62,-1,1
26136,52,49,3,3
26137,145,144,1,1
26138,74,78,-4,4
26139,75,72,3,3
26140,134,133,1,1
26141,105,117,-12,12
26142,108,94,14,14
26143,98,98,0,0
26144,96,92,4,4
26145,135,136,-1,1
26146,103,104,-1,1
26147,84,79,5,5
26148,132,130,2,2
26149,114,104,10,10
26150,87,82,5,5
26151,55,62,-7,7
26152,65,59,6,6
26153,48,52,-4,4
26154,64,67,-3,3
26155,113,105,8,8
26156,137,124,13,13
26157,124,123,1,1
26158,47,60,-13,13
26159,103,94,9,9
26160,136,129,7,7
26161,80,81,-1,1
26162,65,83,-18,18
26163,117,119,-2,2
26164,113,119,-6,6
26165,71,51,20,20
26166,132,138,-6,6
26167,102,86,16,16
26168,191,178,13,13
26169,127,119,8,8
26170,102,110,-8,8
26171,104,92,12,12
26172,113,115,-2,2
26173,74,95,-21,21
26174,143,147,-4,4
26175,73,68,5,5
26176,143,141,2,2
26177,120,102,18,18
26178,95,98,-3,3
26179,84,88,-4,4
26180,146,135,11,11
26181,70,68,2,2
26182,125,111,14,14
26183,79,77,2,2
26184,77,89,-12,12
26185,69,64,5,5
26186,100,97,3,3
26187,190,167,23,23
26188,90,101,-11,11
26189,67,84,-17,17
26190,179,173,6,6
26191,68,81,-13,13
26192,79,97,-18,18
26193,149,133,16,16
26194,87,57,30,30
26195,58,84,-26,26
26196,176,177,-1,1
26197,67,70,-3,3
26198,76,86,-10,10
26199,127,126,1,1
26200,73,69,4,4
26201,68,76,-8,8
26202,70,70,0,0
26203,101,87,14,14
26204,122,131,-9,9
26205,95,97,-2,2
26206,90,95,-5,5
26207,85,90,-5,5
26208,138,131,7,7
26209,115,125,-10,10
26210,122,114,8,8
26211,59,60,-1,1
26212,51,48,3,3
26213,106,105,1,1
26214,110,114,-4,4
26215,111,109,2,2
26216,62,87,-25,25
26217,93,86,7,7
26218,46,51,-5,5
26219,107,113,-6,6
26220,144,128,16,16
26221,92,85,7,7
26222,92,97,-5,5
26223,95,109,-14,14
26224,154,144,10,10
26225,54,54,0,0
26226,102,102,0,0
26227,61,61,0,0
26228,109,108,1,1
26229,155,133,22,22
26230,83,77,6,6
26231,79,82,-3,3
26232,102,103,-1,1
26233,133,123,10,10
26234,134,149,-15,15
26235,81,83,-2,2
26236,151,147,4,4
26237,46,47,-1,1
26238,97,98,-1,1
26239,62,62,0,0
26240,114,105,9,9
26241,83,92,-9,9
26242,114,112,2,2
26243,87,108,-21,21
26244,110,96,14,14
26245,232,223,9,9
26246,35,36,-1,1
26247,96,98,-2,2
26248,87,101,-14,14
26249,52,44,8,8
26250,89,88,1,1
26251,84,74,10,10
26252,84,85,-1,1
26253,151,144,7,7
26254,51,51,0,0
26255,112,100,12,12
26256,189,177,12,12
26257,68,64,4,4
26258,77,72,5,5
26259,62,70,-8,8
26260,112,114,-2,2
26261,95,90,5,5
26262,81,86,-5,5
26263,108,97,11,11
26264,96,98,-2,2
26265,58,54,4,4
26266,84,84,0,0
26267,116,102,14,14
26268,97,100,-3,3
26269,92,92,0,0
26270,101,111,-10,10
26271,56,53,3,3
26272,74,82,-8,8
26273,115,108,7,7
26274,74,78,-4,4
26275,58,58,0,0
26276,129,133,-4,4
26277,91,92,-1,1
26278,59,57,2,2
26279,52,48,4,4
26280,73,78,-5,5
26281,69,59,10,10
26282,119,101,18,18
26283,126,126,0,0
26284,114,100,14,14
26285,100,105,-5,5
26286,86,84,2,2
26287,116,131,-15,15
26288,72,69,3,3
26289,61,65,-4,4
26290,83,75,8,8
26291,94,90,4,4
26292,90,110,-20,20
26293,93,100,-7,7
26294,31,26,5,5
26295,163,165,-2,2
26296,99,99,0,0
26297,46,56,-10,10
26298,55,54,1,1
26299,75,77,-2,2
26300,72,71,1,1
26301,107,102,5,5
26302,89,99,-10,10
26303,66,54,12,12
26304,67,72,-5,5
26305,145,140,5,5
26306,151,141,10,10
26307,153,128,25,25
26308,56,53,3,3
26309,97,95,2,2
26310,162,140,22,22
26311,90,88,2,2
26312,106,98,8,8
26313,27,28,-1,1
26314,93,87,6,6
26315,105,111,-6,6
26316,123,139,-16,16
26317,61,70,-9,9
26318,64,62,2,2
26319,109,107,2,2
26320,153,158,-5,5
26321,81,75,6,6
26322,167,153,14,14
26323,100,94,6,6
26324,40,48,-8,8
26325,84,93,-9,9
26326,126,124,2,2
26327,69,81,-12,12
26328,54,45,9,9
26329,41,40,1,1
26330,86,91,-5,5
26331,71,65,6,6
26332,97,99,-2,2
26333,131,149,-18,18
26334,42,37,5,5
26335,102,99,3,3
26336,83,88,-5,5
26337,187,173,14,14
26338,180,172,8,8
26339,73,79,-6,6
26340,108,144,-36,36
26341,57,61,-4,4
26342,121,123,-2,2
26343,88,91,-3,3
26344,105,101,4,4
26345,80,85,-5,5
26346,86,96,-10,10
26347,124,112,12,12
26348,117,116,1,1
26349,112,113,-1,1
26350,66,61,5,5
26351,94,105,-11,11
26352,107,116,-9,9
26353,45,49,-4,4
26354,121,125,-4,4
26355,82,61,21,21
26356,69,71,-2,2
26357,160,147,13,13
26358,119,115,4,4
26359,58,57,1,1
26360,100,108,-8,8
26361,72,73,-1,1
26362,67,64,3,3
26363,66,63,3,3
26364,119,118,1,1
26365,138,149,-11,11
26366,65,61,4,4
26367,105,119,-14,14
26368,36,45,-9,9
26369,69,71,-2,2
26370,78,76,2,2
26371,131,122,9,9
26372,109,124,-15,15
26373,75,70,5,5
26374,63,50,13,13
26375,53,62,-9,9
26376,105,111,-6,6
26377,64,70,-6,6
26378,70,73,-3,3
26379,26,29,-3,3
26380,181,177,4,4
26381,66,63,3,3
26382,130,139,-9,9
26383,122,114,8,8
26384,94,101,-7,7
26385,124,127,-3,3
26386,70,75,-5,5
26387,114,116,-2,2
26388,93,92,1,1
26389,106,112,-6,6
26390,96,97,-1,1
26391,90,86,4,4
26392,118,130,-12,12
26393,63,91,-28,28
26394,79,85,-6,6
26395,43,50,-7,7
26396,112,122,-10,10
26397,45,33,12,12
26398,114,131,-17,17
26399,107,100,7,7
26400,83,83,0,0
26401,40,45,-5,5
26402,98,105,-7,7
26403,115,116,-1,1
26404,92,107,-15,15
26405,131,147,-16,16
26406,106,99,7,7
26407,99,97,2,2
26408,67,74,-7,7
26409,171,157,14,14
26410,128,102,26,26
26411,88,79,9,9
26412,56,62,-6,6
26413,113,112,1,1
26414,62,48,14,14
26415,81,74,7,7
26416,83,83,0,0
26417,113,106,7,7
26418,100,109,-9,9
26419,91,92,-1,1
26420,79,84,-5,5
26421,156,144,12,12
26422,113,143,-30,30
26423,67,86,-19,19
26424,129,124,5,5
26425,89,97,-8,8
26426,66,68,-2,2
26427,102,112,-10,10
26428,131,128,3,3
26429,111,121,-10,10
26430,47,39,8,8
26431,37,48,-11,11
26432,92,99,-7,7
26433,91,92,-1,1
26434,101,98,3,3
26435,43,53,-10,10
26436,78,77,1,1
26437,102,100,2,2
26438,92,92,0,0
26439,96,107,-11,11
26440,109,114,-5,5
26441,98,106,-8,8
26442,131,116,15,15
26443,104,120,-16,16
26444,96,129,-33,33
26445,98,94,4,4
26446,66,64,2,2
26447,75,79,-4,4
26448,70,67,3,3
26449,49,52,-3,3
26450,110,101,9,9
26451,128,113,15,15
26452,50,50,0,0
26453,85,87,-2,2
26454,59,54,5,5
26455,41,43,-2,2
26456,71,70,1,1
26457,117,113,4,4
26458,91,89,2,2
26459,64,63,1,1
26460,118,121,-3,3
26461,43,45,-2,2
26462,134,130,4,4
26463,101,99,2,2
26464,109,99,10,10
26465,114,122,-8,8
26466,118,124,-6,6
26467,70,75,-5,5
26468,102,99,3,3
26469,157,154,3,3
26470,308,279,29,29
26471,104,118,-14,14
26472,106,108,-2,2
26473,74,71,3,3
26474,148,146,2,2
26475,106,102,4,4
26476,74,73,1,1
26477,118,112,6,6
26478,114,116,-2,2
26479,60,60,0,0
26480,135,118,17,17
26481,60,51,9,9
26482,62,71,-9,9
26483,120,126,-6,6
26484,150,159,-9,9
26485,112,106,6,6
26486,87,86,1,1
26487,100,98,2,2
26488,52,60,-8,8
26489,82,88,-6,6
26490,136,136,0,0
26491,65,70,-5,5
26492,104,96,8,8
26493,134,134,0,0
26494,104,87,17,17
26495,119,128,-9,9
26496,119,116,3,3
26497,60,72,-12,12
26498,155,150,5,5
26499,129,133,-4,4
26500,46,51,-5,5
26501,58,59,-1,1
26502,73,67,6,6
26503,114,102,12,12
26504,85,107,-22,22
26505,77,77,0,0
26506,89,97,-8,8
26507,186,168,18,18
26508,74,69,5,5
26509,80,70,10,10
26510,108,113,-5,5
26511,112,76,36,36
26512,38,48,-10,10
26513,61,55,6,6
26514,109,108,1,1
26515,46,39,7,7
26516,139,125,14,14
26517,85,86,-1,1
26518,97,96,1,1
26519,60,79,-19,19
26520,36,46,-10,10
26521,89,103,-14,14
26522,147,144,3,3
26523,94,87,7,7
26524,88,80,8,8
26525,120,116,4,4
26526,75,85,-10,10
26527,95,94,1,1
26528,90,80,10,10
26529,46,53,-7,7
26530,49,52,-3,3
26531,145,144,1,1
26532,93,79,14,14
26533,48,41,7,7
26534,93,92,1,1
26535,76,69,7,7
26536,51,47,4,4
26537,102,93,9,9
26538,86,78,8,8
26539,88,87,1,1
26540,97,104,-7,7
26541,139,130,9,9
26542,163,152,11,11
26543,91,105,-14,14
26544,139,129,10,10
26545,56,69,-13,13
26546,56,66,-10,10
26547,84,82,2,2
26548,85,91,-6,6
26549,55,59,-4,4
26550,82,85,-3,3
26551,90,80,10,10
26552,102,94,8,8
26553,46,47,-1,1
26554,151,148,3,3
26555,90,82,8,8
26556,78,113,-35,35
26557,70,64,6,6
26558,126,117,9,9
26559,114,125,-11,11
26560,135,126,9,9
26561,209,187,22,22
26562,163,151,12,12
26563,62,62,0,0
26564,79,89,-10,10
26565,90,88,2,2
26566,126,125,1,1
26567,161,145,16,16
26568,119,114,5,5
26569,65,79,-14,14
26570,75,85,-10,10
26571,94,90,4,4
26572,57,54,3,3
26573,60,63,-3,3
26574,62,61,1,1
26575,61,61,0,0
26576,174,158,16,16
26577,65,67,-2,2
26578,122,134,-12,12
26579,103,128,-25,25
26580,66,69,-3,3
26581,110,102,8,8
26582,59,67,-8,8
26583,120,112,8,8
26584,101,102,-1,1
26585,94,91,3,3
26586,125,135,-10,10
26587,76,74,2,2
26588,66,85,-19,19
26589,85,86,-1,1
26590,101,106,-5,5
26591,79,78,1,1
26592,179,177,2,2
26593,73,81,-8,8
26594,97,103,-6,6
26595,40,56,-16,16
26596,75,81,-6,6
26597,157,156,1,1
26598,77,84,-7,7
26599,108,118,-10,10
26600,129,123,6,6
26601,100,94,6,6
26602,76,89,-13,13
26603,40,47,-7,7
26604,72,77,-5,5
26605,81,80,1,1
26606,122,112,10,10
26607,77,73,4,4
26608,162,159,3,3
26609,52,52,0,0
26610,86,80,6,6
26611,61,56,5,5
26612,139,145,-6,6
26613,122,117,5,5
26614,129,141,-12,12
26615,64,62,2,2
26616,53,58,-5,5
26617,163,182,-19,19
26618,76,88,-12,12
26619,47,51,-4,4
26620,57,59,-2,2
26621,142,135,7,7
26622,89,83,6,6
26623,100,99,1,1
26624,126,127,-1,1
26625,149,138,11,11
26626,102,96,6,6
26627,51,58,-7,7
26628,131,121,10,10
26629,113,112,1,1
26630,128,121,7,7
26631,84,78,6,6
26632,88,87,1,1
26633,96,96,0,0
26634,131,118,13,13
26635,142,150,-8,8
26636,139,132,7,7
26637,62,71,-9,9
26638,162,169,-7,7
26639,100,99,1,1
26640,94,91,3,3
26641,118,116,2,2
26642,140,133,7,7
26643,105,104,1,1
26644,54,52,2,2
26645,80,84,-4,4
26646,54,53,1,1
26647,82,86,-4,4
26648,78,73,5,5
26649,81,83,-2,2
26650,55,55,0,0
26651,142,141,1,1
26652,152,139,13,13
26653,121,122,-1,1
26654,109,110,-1,1
26655,80,90,-10,10
26656,73,76,-3,3
26657,154,114,40,40
26658,122,134,-12,12
26659,85,82,3,3
26660,65,67,-2,2
26661,127,118,9,9
26662,44,40,4,4
26663,90,96,-6,6
26664,115,123,-8,8
26665,124,124,0,0
26666,148,144,4,4
26667,49,47,2,2
26668,77,83,-6,6
26669,173,161,12,12
26670,68,85,-17,17
26671,149,142,7,7
26672,73,78,-5,5
26673,54,51,3,3
26674,90,84,6,6
26675,73,75,-2,2
26676,74,82,-8,8
26677,49,51,-2,2
26678,79,77,2,2
26679,117,123,-6,6
26680,57,68,-11,11
26681,123,113,10,10
26682,94,91,3,3
26683,124,100,24,24
26684,74,74,0,0
26685,63,64,-1,1
26686,116,109,7,7
26687,93,87,6,6
26688,115,122,-7,7
26689,64,68,-4,4
26690,117,120,-3,3
26691,74,76,-2,2
26692,49,52,-3,3
26693,72,68,4,4
26694,86,87,-1,1
26695,52,50,2,2
26696,87,87,0,0
26697,152,149,3,3
26698,61,65,-4,4
26699,67,70,-3,3
26700,64,72,-8,8
26701,100,103,-3,3
26702,135,117,18,18
26703,120,120,0,0
26704,124,120,4,4
26705,105,106,-1,1
26706,144,149,-5,5
26707,100,107,-7,7
26708,80,85,-5,5
26709,73,89,-16,16
26710,82,84,-2,2
26711,76,78,-2,2
26712,115,116,-1,1
26713,106,117,-11,11
26714,125,126,-1,1
26715,86,84,2,2
26716,94,101,-7,7
26717,80,88,-8,8
26718,145,128,17,17
26719,122,121,1,1
26720,122,118,4,4
26721,115,104,11,11
26722,66,61,5,5
26723,85,84,1,1
26724,95,100,-5,5
26725,110,94,16,16
26726,49,52,-3,3
26727,80,92,-12,12
26728,101,94,7,7
26729,77,77,0,0
26730,89,101,-12,12
26731,130,119,11,11
26732,106,112,-6,6
26733,56,54,2,2
26734,68,63,5,5
26735,152,142,10,10
26736,113,129,-16,16
26737,98,95,3,3
26738,125,122,3,3
26739,71,74,-3,3
26740,123,111,12,12
26741,97,60,37,37
26742,77,78,-1,1
26743,56,56,0,0
26744,127,135,-8,8
26745,49,62,-13,13
26746,115,112,3,3
26747,61,61,0,0
26748,97,95,2,2
26749,101,107,-6,6
26750,77,94,-17,17
26751,117,129,-12,12
26752,90,100,-10,10
26753,120,120,0,0
26754,80,79,1,1
26755,71,69,2,2
26756,54,59,-5,5
26757,80,89,-9,9
26758,110,114,-4,4
26759,71,99,-28,28
26760,82,92,-10,10
26761,68,79,-11,11
26762,78,87,-9,9
26763,69,69,0,0
26764,87,83,4,4
26765,94,93,1,1
26766,137,133,4,4
26767,57,62,-5,5
26768,56,57,-1,1
26769,57,58,-1,1
26770,62,62,0,0
26771,63,71,-8,8
26772,165,161,4,4
26773,115,106,9,9
26774,133,133,0,0
26775,94,85,9,9
26776,107,112,-5,5
26777,106,109,-3,3
26778,112,120,-8,8
26779,93,84,9,9
26780,55,57,-2,2
26781,85,82,3,3
26782,41,39,2,2
26783,120,106,14,14
26784,99,99,0,0
26785,83,78,5,5
26786,84,85,-1,1
26787,110,110,0,0
26788,124,128,-4,4
26789,122,116,6,6
26790,38,40,-2,2
26791,120,133,-13,13
26792,97,97,0,0
26793,61,64,-3,3
26794,113,118,-5,5
26795,74,62,12,12
26796,79,76,3,3
26797,125,106,19,19
26798,81,80,1,1
26799,125,128,-3,3
26800,123,125,-2,2
26801,90,97,-7,7
26802,48,52,-4,4
26803,55,60,-5,5
26804,62,56,6,6
26805,64,73,-9,9
26806,91,100,-9,9
26807,145,142,3,3
26808,86,82,4,4
26809,66,72,-6,6
26810,116,125,-9,9
26811,76,79,-3,3
26812,88,94,-6,6
26813,103,113,-10,10
26814,97,103,-6,6
26815,138,143,-5,5
26816,75,75,0,0
26817,92,90,2,2
26818,149,144,5,5
26819,60,61,-1,1
26820,108,109,-1,1
26821,30,36,-6,6
26822,89,82,7,7
26823,49,52,-3,3
26824,97,93,4,4
26825,128,118,10,10
26826,96,95,1,1
26827,96,97,-1,1
26828,63,50,13,13
26829,76,78,-2,2
26830,106,107,-1,1
26831,79,87,-8,8
26832,127,126,1,1
26833,45,48,-3,3
26834,105,118,-13,13
26835,90,89,1,1
26836,43,43,0,0
26837,235,165,70,70
26838,50,57,-7,7
26839,111,103,8,8
26840,69,70,-1,1
26841,52,142,-90,90
26842,105,103,2,2
26843,49,47,2,2
26844,66,71,-5,5
26845,64,61,3,3
26846,75,70,5,5
26847,70,65,5,5
26848,96,89,7,7
26849,86,91,-5,5
26850,109,120,-11,11
26851,357,244,113,113
26852,74,68,6,6
26853,96,100,-4,4
26854,101,105,-4,4
26855,86,90,-4,4
26856,97,90,7,7
26857,47,44,3,3
26858,76,91,-15,15
26859,139,129,10,10
26860,127,135,-8,8
26861,119,103,16,16
26862,133,122,11,11
26863,190,185,5,5
26864,119,116,3,3
26865,96,91,5,5
26866,31,30,1,1
26867,94,105,-11,11
26868,112,116,-4,4
26869,104,102,2,2
26870,162,154,8,8
26871,128,124,4,4
26872,142,147,-5,5
26873,107,60,47,47
26874,120,112,8,8
26875,57,60,-3,3
26876,157,142,15,15
26877,94,98,-4,4
26878,109,130,-21,21
26879,58,65,-7,7
26880,108,93,15,15
26881,88,85,3,3
26882,123,138,-15,15
26883,85,87,-2,2
26884,136,121,15,15
26885,72,62,10,10
26886,77,73,4,4
26887,59,58,1,1
26888,154,140,14,14
26889,63,84,-21,21
26890,40,30,10,10
26891,142,141,1,1
26892,160,147,13,13
26893,68,65,3,3
26894,91,79,12,12
26895,77,89,-12,12
26896,135,129,6,6
26897,134,194,-60,60
26898,172,164,8,8
26899,131,151,-20,20
26900,86,91,-5,5
26901,67,69,-2,2
26902,55,59,-4,4
26903,148,138,10,10
26904,66,71,-5,5
26905,120,104,16,16
26906,83,91,-8,8
26907,101,92,9,9
26908,83,75,8,8
26909,106,139,-33,33
26910,99,103,-4,4
26911,67,70,-3,3
26912,130,124,6,6
26913,79,86,-7,7
26914,43,50,-7,7
26915,146,134,12,12
26916,57,64,-7,7
26917,100,107,-7,7
26918,139,129,10,10
26919,114,103,11,11
26920,61,60,1,1
26921,77,106,-29,29
26922,102,112,-10,10
26923,104,105,-1,1
26924,145,150,-5,5
26925,81,90,-9,9
26926,87,92,-5,5
26927,135,144,-9,9
26928,117,121,-4,4
26929,82,77,5,5
26930,118,125,-7,7
26931,106,118,-12,12
26932,123,127,-4,4
26933,109,111,-2,2
26934,66,64,2,2
26935,86,82,4,4
26936,104,107,-3,3
26937,61,79,-18,18
26938,59,81,-22,22
26939,68,70,-2,2
26940,68,75,-7,7
26941,63,69,-6,6
26942,85,81,4,4
26943,135,143,-8,8
26944,117,127,-10,10
26945,134,118,16,16
26946,104,110,-6,6
26947,73,73,0,0
26948,79,81,-2,2
26949,137,135,2,2
26950,106,102,4,4
26951,80,56,24,24
26952,175,181,-6,6
26953,96,108,-12,12
26954,137,120,17,17
26955,119,124,-5,5
26956,118,112,6,6
26957,135,122,13,13
26958,127,108,19,19
26959,103,108,-5,5
26960,87,91,-4,4
26961,90,71,19,19
26962,50,56,-6,6
26963,68,69,-1,1
26964,75,76,-1,1
26965,150,153,-3,3
26966,107,97,10,10
26967,122,141,-19,19
26968,48,43,5,5
26969,141,138,3,3
26970,96,98,-2,2
26971,93,95,-2,2
26972,85,81,4,4
26973,55,60,-5,5
26974,51,53,-2,2
26975,99,93,6,6
26976,52,58,-6,6
26977,79,66,13,13
26978,110,109,1,1
26979,121,114,7,7
26980,37,36,1,1
26981,92,98,-6,6
26982,66,56,10,10
26983,148,133,15,15
26984,83,82,1,1
26985,175,164,11,11
26986,88,79,9,9
26987,110,98,12,12
26988,79,80,-1,1
26989,64,51,13,13
26990,124,115,9,9
26991,129,123,6,6
26992,91,88,3,3
26993,59,57,2,2
26994,49,72,-23,23
26995,132,128,4,4
26996,76,114,-38,38
26997,110,103,7,7
26998,61,54,7,7
26999,90,101,-11,11
27000,126,124,2,2
27001,98,97,1,1
27002,59,53,6,6
27003,93,105,-12,12
27004,76,67,9,9
27005,75,72,3,3
27006,85,89,-4,4
27007,149,140,9,9
27008,89,92,-3,3
27009,112,109,3,3
27010,88,60,28,28
27011,65,61,4,4
27012,86,88,-2,2
27013,64,33,31,31
27014,81,98,-17,17
27015,86,92,-6,6
27016,70,69,1,1
27017,150,138,12,12
27018,102,106,-4,4
27019,92,83,9,9
27020,47,53,-6,6
27021,92,101,-9,9
27022,108,113,-5,5
27023,85,87,-2,2
27024,127,127,0,0
27025,114,107,7,7
27026,89,83,6,6
27027,98,102,-4,4
27028,47,47,0,0
27029,95,104,-9,9
27030,174,175,-1,1
27031,74,75,-1,1
27032,214,206,8,8
27033,35,38,-3,3
27034,202,197,5,5
27035,83,80,3,3
27036,125,123,2,2
27037,109,97,12,12
27038,54,51,3,3
27039,56,49,7,7
27040,71,71,0,0
27041,81,82,-1,1
27042,78,80,-2,2
27043,61,58,3,3
27044,77,74,3,3
27045,114,112,2,2
27046,59,66,-7,7
27047,116,129,-13,13
27048,49,63,-14,14
27049,66,86,-20,20
27050,91,81,10,10
27051,98,103,-5,5
27052,73,73,0,0
27053,78,74,4,4
27054,105,118,-13,13
27055,112,111,1,1
27056,84,93,-9,9
27057,78,72,6,6
27058,112,126,-14,14
27059,178,154,24,24
27060,134,135,-1,1
27061,93,94,-1,1
27062,99,99,0,0
27063,67,71,-4,4
27064,76,87,-11,11
27065,80,74,6,6
27066,74,68,6,6
27067,83,83,0,0
27068,99,117,-18,18
27069,70,59,11,11
27070,64,67,-3,3
27071,128,134,-6,6
27072,93,79,14,14
27073,65,63,2,2
27074,40,41,-1,1
27075,133,124,9,9
27076,97,102,-5,5
27077,89,92,-3,3
27078,73,76,-3,3
27079,102,94,8,8
27080,62,64,-2,2
27081,91,95,-4,4
27082,147,141,6,6
27083,70,67,3,3
27084,71,74,-3,3
27085,86,79,7,7
27086,62,57,5,5
27087,104,92,12,12
27088,72,68,4,4
27089,52,55,-3,3
27090,38,37,1,1
27091,67,80,-13,13
27092,196,178,18,18
27093,47,47,0,0
27094,51,51,0,0
27095,88,92,-4,4
27096,96,95,1,1
27097,42,44,-2,2
27098,101,106,-5,5
27099,105,104,1,1
27100,70,71,-1,1
27101,87,97,-10,10
27102,120,123,-3,3
27103,71,70,1,1
27104,118,111,7,7
27105,71,85,-14,14
27106,101,110,-9,9
27107,80,81,-1,1
27108,107,98,9,9
27109,87,77,10,10
27110,60,66,-6,6
27111,56,53,3,3
27112,79,73,6,6
27113,148,147,1,1
27114,75,71,4,4
27115,53,55,-2,2
27116,88,87,1,1
27117,104,129,-25,25
27118,77,67,10,10
27119,53,48,5,5
27120,114,117,-3,3
27121,74,67,7,7
27122,73,83,-10,10
27123,127,116,11,11
27124,81,73,8,8
27125,127,117,10,10
27126,139,127,12,12
27127,78,83,-5,5
27128,79,77,2,2
27129,115,104,11,11
27130,125,114,11,11
27131,141,141,0,0
27132,127,113,14,14
27133,105,109,-4,4
27134,57,63,-6,6
27135,99,106,-7,7
27136,91,88,3,3
27137,98,102,-4,4
27138,114,130,-16,16
27139,74,77,-3,3
27140,143,123,20,20
27141,68,73,-5,5
27142,159,140,19,19
27143,69,65,4,4
27144,72,66,6,6
27145,48,46,2,2
27146,110,110,0,0
27147,86,80,6,6
27148,72,76,-4,4
27149,80,76,4,4
27150,70,76,-6,6
27151,37,44,-7,7
27152,79,80,-1,1
27153,53,45,8,8
27154,82,82,0,0
27155,55,69,-14,14
27156,72,78,-6,6
27157,104,100,4,4
27158,81,84,-3,3
27159,131,131,0,0
27160,110,119,-9,9
27161,70,77,-7,7
27162,96,106,-10,10
27163,56,63,-7,7
27164,76,71,5,5
27165,87,89,-2,2
27166,100,94,6,6
27167,51,60,-9,9
27168,67,67,0,0
27169,50,54,-4,4
27170,72,88,-16,16
27171,69,62,7,7
27172,96,98,-2,2
27173,90,87,3,3
27174,84,81,3,3
27175,136,140,-4,4
27176,83,86,-3,3
27177,93,102,-9,9
27178,130,145,-15,15
27179,111,113,-2,2
27180,107,117,-10,10
27181,112,120,-8,8
27182,27,29,-2,2
27183,156,138,18,18
27184,102,92,10,10
27185,122,120,2,2
27186,114,103,11,11
27187,39,36,3,3
27188,137,128,9,9
27189,86,88,-2,2
27190,83,76,7,7
27191,148,153,-5,5
27192,108,114,-6,6
27193,102,95,7,7
27194,95,104,-9,9
27195,52,55,-3,3
27196,78,84,-6,6
27197,99,102,-3,3
27198,124,124,0,0
27199,94,102,-8,8
27200,120,121,-1,1
27201,102,103,-1,1
27202,128,130,-2,2
27203,64,51,13,13
27204,78,73,5,5
27205,65,74,-9,9
27206,128,126,2,2
27207,88,77,11,11
27208,63,62,1,1
27209,86,93,-7,7
27210,102,104,-2,2
27211,120,87,33,33
27212,95,104,-9,9
27213,83,80,3,3
27214,96,106,-10,10
27215,75,81,-6,6
27216,50,52,-2,2
27217,69,67,2,2
27218,118,100,18,18
27219,103,114,-11,11
27220,88,97,-9,9
27221,83,86,-3,3
27222,113,103,10,10
27223,89,81,8,8
27224,92,91,1,1
27225,96,98,-2,2
27226,97,123,-26,26
27227,57,49,8,8
27228,70,70,0,0
27229,79,90,-11,11
27230,81,71,10,10
27231,106,107,-1,1
27232,178,165,13,13
27233,141,127,14,14
27234,97,91,6,6
27235,152,148,4,4
27236,82,84,-2,2
27237,62,50,12,12
27238,69,73,-4,4
27239,145,153,-8,8
27240,80,78,2,2
27241,124,124,0,0
27242,128,138,-10,10
27243,147,142,5,5
27244,181,177,4,4
27245,92,94,-2,2
27246,48,53,-5,5
27247,144,133,11,11
27248,54,62,-8,8
27249,116,113,3,3
27250,106,86,20,20
27251,72,74,-2,2
27252,139,130,9,9
27253,153,158,-5,5
27254,105,92,13,13
27255,152,150,2,2
27256,137,130,7,7
27257,123,128,-5,5
27258,49,56,-7,7
27259,80,84,-4,4
27260,63,43,20,20
27261,35,66,-31,31
27262,53,58,-5,5
27263,80,84,-4,4
27264,56,48,8,8
27265,143,149,-6,6
27266,160,154,6,6
27267,98,96,2,2
27268,98,107,-9,9
27269,83,94,-11,11
27270,117,124,-7,7
27271,143,138,5,5
27272,91,104,-13,13
27273,60,70,-10,10
27274,106,95,11,11
27275,33,36,-3,3
27276,65,65,0,0
27277,79,74,5,5
27278,47,43,4,4
27279,78,74,4,4
27280,108,111,-3,3
27281,59,70,-11,11
27282,75,83,-8,8
27283,130,130,0,0
27284,75,93,-18,18
27285,89,97,-8,8
27286,85,77,8,8
27287,127,125,2,2
27288,71,84,-13,13
27289,103,122,-19,19
27290,40,36,4,4
27291,57,80,-23,23
27292,142,130,12,12
27293,61,74,-13,13
27294,77,72,5,5
27295,95,101,-6,6
27296,90,65,25,25
27297,101,104,-3,3
27298,64,62,2,2
27299,154,133,21,21
27300,90,84,6,6
27301,103,105,-2,2
27302,134,141,-7,7
27303,96,81,15,15
27304,48,47,1,1
27305,88,81,7,7
27306,126,122,4,4
27307,80,86,-6,6
27308,66,66,0,0
27309,43,38,5,5
27310,71,65,6,6
27311,102,108,-6,6
27312,78,76,2,2
27313,99,98,1,1
27314,110,109,1,1
27315,105,110,-5,5
27316,103,112,-9,9
27317,103,103,0,0
27318,62,68,-6,6
27319,92,103,-11,11
27320,68,80,-12,12
27321,94,95,-1,1
27322,97,100,-3,3
27323,50,69,-19,19
27324,46,45,1,1
27325,76,72,4,4
27326,127,108,19,19
27327,55,56,-1,1
27328,62,62,0,0
27329,114,116,-2,2
27330,70,71,-1,1
27331,110,117,-7,7
27332,115,117,-2,2
27333,102,95,7,7
27334,105,119,-14,14
27335,99,102,-3,3
27336,122,125,-3,3
27337,69,72,-3,3
27338,69,65,4,4
27339,79,82,-3,3
27340,67,73,-6,6
27341,76,53,23,23
27342,54,58,-4,4
27343,96,99,-3,3
27344,90,93,-3,3
27345,73,71,2,2
27346,76,76,0,0
27347,48,60,-12,12
27348,104,112,-8,8
27349,64,64,0,0
27350,76,80,-4,4
27351,106,110,-4,4
27352,58,66,-8,8
27353,118,118,0,0
27354,78,87,-9,9
27355,119,131,-12,12
27356,64,75,-11,11
27357,144,126,18,18
27358,112,97,15,15
27359,60,61,-1,1
27360,58,87,-29,29
27361,148,157,-9,9
27362,70,69,1,1
27363,193,166,27,27
27364,90,105,-15,15
27365,50,46,4,4
27366,94,88,6,6
27367,114,100,14,14
27368,57,56,1,1
27369,72,81,-9,9
27370,97,83,14,14
27371,121,111,10,10
27372,96,95,1,1
27373,78,81,-3,3
27374,124,131,-7,7
27375,156,149,7,7
27376,103,97,6,6
27377,117,137,-20,20
27378,75,65,10,10
27379,101,104,-3,3
27380,45,40,5,5
27381,60,65,-5,5
27382,124,130,-6,6
27383,129,129,0,0
27384,90,98,-8,8
27385,79,87,-8,8
27386,64,64,0,0
27387,87,94,-7,7
27388,138,130,8,8
27389,106,106,0,0
27390,96,102,-6,6
27391,124,120,4,4
27392,78,78,0,0
27393,99,102,-3,3
27394,208,164,44,44
27395,111,115,-4,4
27396,107,98,9,9
27397,92,81,11,11
27398,87,84,3,3
27399,108,116,-8,8
27400,70,56,14,14
27401,115,116,-1,1
27402,86,94,-8,8
27403,86,81,5,5
27404,165,161,4,4
27405,59,103,-44,44
27406,111,115,-4,4
27407,196,169,27,27
27408,99,92,7,7
27409,121,99,22,22
27410,57,56,1,1
27411,78,73,5,5
27412,98,103,-5,5
27413,90,78,12,12
27414,89,94,-5,5
27415,97,93,4,4
27416,77,74,3,3
27417,78,78,0,0
27418,95,110,-15,15
27419,98,115,-17,17
27420,126,111,15,15
27421,107,109,-2,2
27422,83,85,-2,2
27423,129,137,-8,8
27424,93,94,-1,1
27425,210,179,31,31
27426,112,121,-9,9
27427,51,54,-3,3
27428,93,96,-3,3
27429,61,72,-11,11
27430,76,87,-11,11
27431,107,105,2,2
27432,115,100,15,15
27433,106,104,2,2
27434,77,83,-6,6
27435,102,110,-8,8
27436,54,61,-7,7
27437,81,76,5,5
27438,64,73,-9,9
27439,134,129,5,5
27440,124,115,9,9
27441,49,62,-13,13
27442,90,103,-13,13
27443,72,65,7,7
27444,76,75,1,1
27445,114,116,-2,2
27446,59,70,-11,11
27447,97,118,-21,21
27448,96,88,8,8
27449,177,142,35,35
27450,111,104,7,7
27451,105,116,-11,11
27452,78,88,-10,10
27453,85,91,-6,6
27454,71,70,1,1
27455,114,117,-3,3
27456,78,85,-7,7
27457,164,165,-1,1
27458,75,79,-4,4
27459,128,123,5,5
27460,105,112,-7,7
27461,75,76,-1,1
27462,87,88,-1,1
27463,104,105,-1,1
27464,130,120,10,10
27465,101,109,-8,8
27466,81,85,-4,4
27467,75,68,7,7
27468,115,112,3,3
27469,80,75,5,5
27470,54,76,-22,22
27471,93,98,-5,5
27472,142,129,13,13
27473,41,44,-3,3
27474,78,80,-2,2
27475,62,68,-6,6
27476,68,74,-6,6
27477,45,54,-9,9
27478,99,105,-6,6
27479,92,89,3,3
27480,88,78,10,10
27481,134,140,-6,6
27482,112,95,17,17
27483,97,104,-7,7
27484,131,134,-3,3
27485,71,71,0,0
27486,39,42,-3,3
27487,68,74,-6,6
27488,47,53,-6,6
27489,60,59,1,1
27490,151,119,32,32
27491,81,71,10,10
27492,104,104,0,0
27493,99,108,-9,9
27494,103,96,7,7
27495,84,82,2,2
27496,92,95,-3,3
27497,108,108,0,0
27498,124,131,-7,7
27499,68,65,3,3
27500,107,121,-14,14
27501,97,82,15,15
27502,108,103,5,5
27503,54,65,-11,11
27504,75,74,1,1
27505,43,44,-1,1
27506,105,109,-4,4
27507,103,122,-19,19
27508,85,90,-5,5
27509,121,120,1,1
27510,85,91,-6,6
27511,102,100,2,2
27512,113,120,-7,7
27513,70,78,-8,8
27514,120,117,3,3
27515,106,92,14,14
27516,72,75,-3,3
27517,89,99,-10,10
27518,90,82,8,8
27519,52,48,4,4
27520,78,85,-7,7
27521,88,90,-2,2
27522,290,239,51,51
27523,98,100,-2,2
27524,94,109,-15,15
27525,130,125,5,5
27526,50,56,-6,6
27527,102,103,-1,1
27528,72,72,0,0
27529,79,84,-5,5
27530,101,102,-1,1
27531,88,74,14,14
27532,75,77,-2,2
27533,109,114,-5,5
27534,68,63,5,5
27535,117,124,-7,7
27536,112,108,4,4
27537,149,141,8,8
27538,94,97,-3,3
27539,73,72,1,1
27540,86,83,3,3
27541,68,77,-9,9
27542,94,91,3,3
27543,96,100,-4,4
27544,86,117,-31,31
27545,84,91,-7,7
27546,98,91,7,7
27547,149,134,15,15
27548,92,97,-5,5
27549,72,65,7,7
27550,108,114,-6,6
27551,85,97,-12,12
27552,92,98,-6,6
27553,72,77,-5,5
27554,73,78,-5,5
27555,91,92,-1,1
27556,167,168,-1,1
27557,78,84,-6,6
27558,50,61,-11,11
27559,96,42,54,54
27560,105,100,5,5
27561,102,105,-3,3
27562,106,105,1,1
27563,138,126,12,12
27564,123,122,1,1
27565,76,82,-6,6
27566,95,97,-2,2
27567,87,92,-5,5
27568,154,158,-4,4
27569,75,79,-4,4
27570,137,120,17,17
27571,98,85,13,13
27572,96,100,-4,4
27573,68,76,-8,8
27574,66,71,-5,5
27575,96,97,-1,1
27576,99,98,1,1
27577,53,65,-12,12
27578,36,69,-33,33
27579,79,83,-4,4
27580,108,105,3,3
27581,20,28,-8,8
27582,95,94,1,1
27583,78,82,-4,4
27584,114,122,-8,8
27585,89,100,-11,11
27586,118,140,-22,22
27587,163,149,14,14
27588,64,64,0,0
27589,50,41,9,9
27590,65,69,-4,4
27591,91,89,2,2
27592,126,128,-2,2
27593,96,94,2,2
27594,115,117,-2,2
27595,114,118,-4,4
27596,139,126,13,13
27597,45,56,-11,11
27598,155,158,-3,3
27599,77,71,6,6
27600,105,98,7,7
27601,156,132,24,24
27602,90,90,0,0
27603,105,99,6,6
27604,36,39,-3,3
27605,134,163,-29,29
27606,111,120,-9,9
27607,61,52,9,9
27608,97,99,-2,2
27609,76,81,-5,5
27610,81,85,-4,4
27611,71,71,0,0
27612,99,99,0,0
27613,98,103,-5,5
27614,89,87,2,2
27615,153,160,-7,7
27616,110,118,-8,8
27617,61,57,4,4
27618,72,76,-4,4
27619,107,102,5,5
27620,107,111,-4,4
27621,116,121,-5,5
27622,116,111,5,5
27623,71,67,4,4
27624,95,95,0,0
27625,99,98,1,1
27626,59,57,2,2
27627,107,138,-31,31
27628,130,122,8,8
27629,95,77,18,18
27630,165,147,18,18
27631,171,161,10,10
27632,93,106,-13,13
27633,79,87,-8,8
27634,175,161,14,14
27635,121,119,2,2
27636,155,153,2,2
27637,174,171,3,3
27638,81,70,11,11
27639,57,56,1,1
27640,180,148,32,32
27641,116,109,7,7
27642,162,161,1,1
27643,77,79,-2,2
27644,78,78,0,0
27645,111,109,2,2
27646,87,56,31,31
27647,37,44,-7,7
27648,176,179,-3,3
27649,69,81,-12,12
27650,72,76,-4,4
27651,91,90,1,1
27652,102,110,-8,8
27653,81,86,-5,5
27654,142,141,1,1
27655,189,155,34,34
27656,200,178,22,22
27657,61,68,-7,7
27658,89,93,-4,4
27659,94,91,3,3
27660,88,92,-4,4
27661,85,79,6,6
27662,88,92,-4,4
27663,52,56,-4,4
27664,61,91,-30,30
27665,79,89,-10,10
27666,141,134,7,7
27667,83,86,-3,3
27668,112,142,-30,30
27669,123,119,4,4
27670,54,50,4,4
27671,66,63,3,3
27672,117,119,-2,2
27673,73,71,2,2
27674,70,84,-14,14
27675,66,59,7,7
27676,105,124,-19,19
27677,77,76,1,1
27678,100,94,6,6
27679,167,143,24,24
27680,73,67,6,6
27681,130,125,5,5
27682,87,76,11,11
27683,85,84,1,1
27684,69,52,17,17
27685,73,73,0,0
27686,77,83,-6,6
27687,138,134,4,4
27688,80,88,-8,8
27689,55,54,1,1
27690,117,112,5,5
27691,110,112,-2,2
27692,60,61,-1,1
27693,96,85,11,11
27694,85,82,3,3
27695,106,113,-7,7
27696,94,98,-4,4
27697,69,80,-11,11
27698,125,132,-7,7
27699,179,163,16,16
27700,86,85,1,1
27701,129,128,1,1
27702,82,84,-2,2
27703,91,79,12,12
27704,150,142,8,8
27705,57,59,-2,2
27706,70,60,10,10
27707,134,141,-7,7
27708,71,76,-5,5
27709,74,79,-5,5
27710,83,84,-1,1
27711,82,101,-19,19
27712,70,71,-1,1
27713,82,92,-10,10
27714,52,57,-5,5
27715,93,91,2,2
27716,54,67,-13,13
27717,136,132,4,4
27718,72,64,8,8
27719,86,118,-32,32
27720,108,120,-12,12
27721,93,95,-2,2
27722,57,76,-19,19
27723,78,82,-4,4
27724,130,132,-2,2
27725,83,97,-14,14
27726,116,88,28,28
27727,103,94,9,9
27728,79,86,-7,7
27729,43,46,-3,3
27730,100,104,-4,4
27731,77,78,-1,1
27732,127,122,5,5
27733,83,84,-1,1
27734,134,164,-30,30
27735,108,102,6,6
27736,122,117,5,5
27737,86,93,-7,7
27738,71,73,-2,2
27739,111,116,-5,5
27740,132,126,6,6
27741,200,183,17,17
27742,77,80,-3,3
27743,131,119,12,12
27744,75,79,-4,4
27745,66,68,-2,2
27746,83,78,5,5
27747,155,152,3,3
27748,104,94,10,10
27749,85,81,4,4
27750,149,136,13,13
27751,198,233,-35,35
27752,68,85,-17,17
27753,143,118,25,25
27754,118,95,23,23
27755,75,76,-1,1
27756,150,157,-7,7
27757,52,57,-5,5
27758,153,142,11,11
27759,88,92,-4,4
27760,101,123,-22,22
27761,74,73,1,1
27762,102,88,14,14
27763,140,133,7,7
27764,71,65,6,6
27765,110,80,30,30
27766,110,116,-6,6
27767,63,65,-2,2
27768,66,65,1,1
27769,49,53,-4,4
27770,54,57,-3,3
27771,86,89,-3,3
27772,58,57,1,1
27773,54,54,0,0
27774,60,75,-15,15
27775,77,80,-3,3
27776,70,78,-8,8
27777,91,91,0,0
27778,112,108,4,4
27779,89,83,6,6
27780,80,81,-1,1
27781,95,95,0,0
27782,98,89,9,9
27783,91,91,0,0
27784,117,127,-10,10
27785,76,82,-6,6
27786,126,144,-18,18
27787,131,117,14,14
27788,65,70,-5,5
27789,90,83,7,7
27790,77,77,0,0
27791,114,122,-8,8
27792,88,88,0,0
27793,90,89,1,1
27794,84,95,-11,11
27795,135,118,17,17
27796,95,93,2,2
27797,94,102,-8,8
27798,106,104,2,2
27799,75,73,2,2
27800,115,116,-1,1
27801,143,148,-5,5
27802,60,59,1,1
27803,68,57,11,11
27804,73,71,2,2
27805,168,150,18,18
27806,99,104,-5,5
27807,108,108,0,0
27808,77,85,-8,8
27809,60,52,8,8
27810,79,77,2,2
27811,103,120,-17,17
27812,120,118,2,2
27813,137,145,-8,8
27814,80,84,-4,4
27815,78,79,-1,1
27816,49,55,-6,6
27817,97,101,-4,4
27818,104,116,-12,12
27819,172,152,20,20
27820,154,154,0,0
27821,93,105,-12,12
27822,103,96,7,7
27823,51,50,1,1
27824,72,72,0,0
27825,81,88,-7,7
27826,69,58,11,11
27827,111,104,7,7
27828,106,105,1,1
27829,143,137,6,6
27830,46,43,3,3
27831,118,124,-6,6
27832,136,117,19,19
27833,103,99,4,4
27834,115,108,7,7
27835,100,95,5,5
27836,130,123,7,7
27837,146,140,6,6
27838,106,105,1,1
27839,160,146,14,14
27840,151,118,33,33
27841,111,106,5,5
27842,132,124,8,8
27843,70,62,8,8
27844,95,101,-6,6
27845,113,115,-2,2
27846,100,132,-32,32
27847,84,102,-18,18
27848,144,123,21,21
27849,75,82,-7,7
27850,127,142,-15,15
27851,35,40,-5,5
27852,48,60,-12,12
27853,52,55,-3,3
27854,110,106,4,4
27855,109,109,0,0
27856,72,73,-1,1
27857,99,103,-4,4
27858,58,54,4,4
27859,81,74,7,7
27860,96,85,11,11
27861,71,74,-3,3
27862,122,106,16,16
27863,151,141,10,10
27864,92,93,-1,1
27865,69,72,-3,3
27866,111,110,1,1
27867,106,98,8,8
27868,122,116,6,6
27869,100,88,12,12
27870,62,64,-2,2
27871,77,77,0,0
27872,111,114,-3,3
27873,68,76,-8,8
27874,97,92,5,5
27875,118,93,25,25
27876,118,111,7,7
27877,97,107,-10,10
27878,78,87,-9,9
27879,146,142,4,4
27880,99,104,-5,5
27881,76,76,0,0
27882,64,61,3,3
27883,48,48,0,0
27884,89,90,-1,1
27885,59,59,0,0
27886,74,75,-1,1
27887,72,75,-3,3
27888,83,77,6,6
27889,83,64,19,19
27890,97,93,4,4
27891,100,105,-5,5
27892,181,169,12,12
27893,37,30,7,7
27894,64,66,-2,2
27895,84,74,10,10
27896,68,55,13,13
27897,54,53,1,1
27898,85,85,0,0
27899,75,75,0,0
27900,98,109,-11,11
27901,147,133,14,14
27902,138,135,3,3
27903,61,57,4,4
27904,83,88,-5,5
27905,158,127,31,31
27906,119,117,2,2
27907,88,83,5,5
27908,119,123,-4,4
27909,118,104,14,14
27910,68,70,-2,2
27911,49,53,-4,4
27912,112,101,11,11
27913,113,110,3,3
27914,83,89,-6,6
27915,81,91,-10,10
27916,31,36,-5,5
27917,87,82,5,5
27918,144,138,6,6
27919,133,137,-4,4
27920,137,137,0,0
27921,95,96,-1,1
27922,80,82,-2,2
27923,109,108,1,1
27924,90,96,-6,6
27925,70,72,-2,2
27926,66,73,-7,7
27927,81,78,3,3
27928,156,158,-2,2
27929,70,76,-6,6
27930,95,104,-9,9
27931,109,104,5,5
27932,61,116,-55,55
27933,40,39,1,1
27934,138,139,-1,1
27935,96,89,7,7
27936,53,66,-13,13
27937,85,94,-9,9
27938,137,126,11,11
27939,113,111,2,2
27940,127,125,2,2
27941,77,75,2,2
27942,66,71,-5,5
27943,36,38,-2,2
27944,83,91,-8,8
27945,120,104,16,16
27946,55,58,-3,3
27947,61,65,-4,4
27948,68,63,5,5
27949,93,95,-2,2
27950,173,164,9,9
27951,58,65,-7,7
27952,75,79,-4,4
27953,83,67,16,16
27954,141,148,-7,7
27955,67,69,-2,2
27956,35,50,-15,15
27957,63,69,-6,6
27958,52,58,-6,6
27959,183,172,11,11
27960,52,50,2,2
27961,72,72,0,0
27962,77,81,-4,4
27963,61,57,4,4
27964,124,128,-4,4
27965,78,84,-6,6
27966,123,115,8,8
27967,122,120,2,2
27968,88,100,-12,12
27969,74,79,-5,5
27970,66,73,-7,7
27971,69,81,-12,12
27972,92,100,-8,8
27973,79,78,1,1
27974,45,78,-33,33
27975,115,120,-5,5
27976,143,138,5,5
27977,99,108,-9,9
27978,129,136,-7,7
27979,103,101,2,2
27980,90,101,-11,11
27981,88,84,4,4
27982,123,132,-9,9
27983,175,139,36,36
27984,95,91,4,4
27985,105,116,-11,11
27986,65,75,-10,10
27987,66,62,4,4
27988,137,127,10,10
27989,84,88,-4,4
27990,110,102,8,8
27991,118,109,9,9
27992,114,117,-3,3
27993,97,109,-12,12
27994,90,86,4,4
27995,124,129,-5,5
27996,158,151,7,7
27997,67,91,-24,24
27998,96,92,4,4
27999,97,92,5,5
28000,108,108,0,0
28001,106,103,3,3
28002,56,50,6,6
28003,69,71,-2,2
28004,41,49,-8,8
28005,67,69,-2,2
28006,172,168,4,4
28007,53,49,4,4
28008,94,90,4,4
28009,121,119,2,2
28010,97,79,18,18
28011,91,100,-9,9
28012,117,73,44,44
28013,125,154,-29,29
28014,59,65,-6,6
28015,114,106,8,8
28016,87,83,4,4
28017,106,119,-13,13
28018,77,83,-6,6
28019,135,123,12,12
28020,145,128,17,17
28021,72,68,4,4
28022,53,55,-2,2
28023,149,138,11,11
28024,101,106,-5,5
28025,76,50,26,26
28026,87,89,-2,2
28027,73,69,4,4
28028,107,116,-9,9
28029,67,65,2,2
28030,67,74,-7,7
28031,80,82,-2,2
28032,91,88,3,3
28033,91,90,1,1
28034,104,120,-16,16
28035,66,59,7,7
28036,90,89,1,1
28037,71,88,-17,17
28038,118,105,13,13
28039,87,105,-18,18
28040,68,63,5,5
28041,114,122,-8,8
28042,117,116,1,1
28043,130,123,7,7
28044,134,142,-8,8
28045,125,120,5,5
28046,74,68,6,6
28047,88,87,1,1
28048,56,63,-7,7
28049,116,116,0,0
28050,145,148,-3,3
28051,75,68,7,7
28052,71,85,-14,14
28053,50,48,2,2
28054,97,98,-1,1
28055,55,48,7,7
28056,52,47,5,5
28057,154,132,22,22
28058,132,128,4,4
28059,180,157,23,23
28060,68,80,-12,12
28061,86,88,-2,2
28062,147,156,-9,9
28063,68,83,-15,15
28064,80,83,-3,3
28065,98,90,8,8
28066,109,114,-5,5
28067,88,95,-7,7
28068,78,90,-12,12
28069,86,80,6,6
28070,42,40,2,2
28071,74,84,-10,10
28072,137,132,5,5
28073,110,108,2,2
28074,76,99,-23,23
28075,64,68,-4,4
28076,150,139,11,11
28077,116,99,17,17
28078,74,78,-4,4
28079,69,63,6,6
28080,55,58,-3,3
28081,114,131,-17,17
28082,178,172,6,6
28083,78,87,-9,9
28084,71,65,6,6
28085,80,90,-10,10
28086,119,127,-8,8
28087,59,66,-7,7
28088,75,69,6,6
28089,77,84,-7,7
28090,64,70,-6,6
28091,118,110,8,8
28092,141,138,3,3
28093,144,151,-7,7
28094,118,116,2,2
28095,90,76,14,14
28096,96,102,-6,6
28097,107,101,6,6
28098,141,145,-4,4
28099,71,54,17,17
28100,94,92,2,2
28101,196,175,21,21
28102,93,99,-6,6
28103,122,108,14,14
28104,78,81,-3,3
28105,83,106,-23,23
28106,84,81,3,3
28107,65,63,2,2
28108,165,170,-5,5
28109,116,142,-26,26
28110,91,79,12,12
28111,69,61,8,8
28112,87,81,6,6
28113,94,101,-7,7
28114,113,115,-2,2
28115,169,170,-1,1
28116,112,106,6,6
28117,85,87,-2,2
28118,113,109,4,4
28119,145,125,20,20
28120,53,52,1,1
28121,97,99,-2,2
28122,102,112,-10,10
28123,107,107,0,0
28124,88,82,6,6
28125,76,66,10,10
28126,46,51,-5,5
28127,83,85,-2,2
28128,99,93,6,6
28129,118,115,3,3
28130,85,81,4,4
28131,112,118,-6,6
28132,120,113,7,7
28133,246,208,38,38
28134,124,109,15,15
28135,64,65,-1,1
28136,118,106,12,12
28137,118,109,9,9
28138,78,77,1,1
28139,74,78,-4,4
28140,86,79,7,7
28141,90,68,22,22
28142,132,138,-6,6
28143,125,124,1,1
28144,70,63,7,7
28145,69,67,2,2
28146,119,113,6,6
28147,144,128,16,16
28148,172,158,14,14
28149,83,72,11,11
28150,99,94,5,5
28151,104,101,3,3
28152,127,129,-2,2
28153,78,77,1,1
28154,110,100,10,10
28155,53,48,5,5
28156,79,91,-12,12
28157,47,45,2,2
28158,123,131,-8,8
28159,132,136,-4,4
28160,104,104,0,0
28161,127,124,3,3
28162,105,101,4,4
28163,65,75,-10,10
28164,100,97,3,3
28165,192,199,-7,7
28166,61,91,-30,30
28167,106,117,-11,11
28168,38,79,-41,41
28169,186,160,26,26
28170,166,146,20,20
28171,122,117,5,5
28172,141,134,7,7
28173,122,128,-6,6
28174,39,54,-15,15
28175,117,116,1,1
28176,128,124,4,4
28177,148,139,9,9
28178,118,122,-4,4
28179,96,96,0,0
28180,72,80,-8,8
28181,76,73,3,3
28182,63,56,7,7
28183,84,98,-14,14
28184,102,108,-6,6
28185,75,73,2,2
28186,92,86,6,6
28187,69,74,-5,5
28188,94,86,8,8
28189,70,67,3,3
28190,112,102,10,10
28191,87,83,4,4
28192,68,72,-4,4
28193,123,152,-29,29
28194,81,73,8,8
28195,116,127,-11,11
28196,82,89,-7,7
28197,149,138,11,11
28198,60,82,-22,22
28199,59,68,-9,9
28200,110,112,-2,2
28201,89,136,-47,47
28202,114,124,-10,10
28203,128,125,3,3
28204,57,64,-7,7
28205,77,84,-7,7
28206,85,83,2,2
28207,194,191,3,3
28208,72,84,-12,12
28209,75,82,-7,7
28210,57,83,-26,26
28211,165,153,12,12
28212,99,89,10,10
28213,84,86,-2,2
28214,89,96,-7,7
28215,64,67,-3,3
28216,115,128,-13,13
28217,81,83,-2,2
28218,96,102,-6,6
28219,134,131,3,3
28220,74,75,-1,1
28221,121,141,-20,20
28222,81,96,-15,15
28223,58,54,4,4
28224,77,72,5,5
28225,97,100,-3,3
28226,66,62,4,4
28227,104,105,-1,1
28228,112,120,-8,8
28229,59,57,2,2
28230,151,146,5,5
28231,111,109,2,2
28232,133,132,1,1
28233,76,73,3,3
28234,93,98,-5,5
28235,76,72,4,4
28236,85,76,9,9
28237,151,148,3,3
28238,76,80,-4,4
28239,79,77,2,2
28240,172,173,-1,1
28241,148,129,19,19
28242,89,101,-12,12
28243,87,77,10,10
28244,128,126,2,2
28245,71,57,14,14
28246,72,70,2,2
28247,77,78,-1,1
28248,100,101,-1,1
28249,107,121,-14,14
28250,86,86,0,0
28251,81,78,3,3
28252,93,93,0,0
28253,56,54,2,2
28254,138,138,0,0
28255,77,83,-6,6
28256,175,168,7,7
28257,72,71,1,1
28258,93,91,2,2
28259,92,94,-2,2
28260,104,116,-12,12
28261,132,99,33,33
28262,81,85,-4,4
28263,71,74,-3,3
28264,140,138,2,2
28265,102,97,5,5
28266,53,53,0,0
28267,87,89,-2,2
28268,147,142,5,5
28269,93,99,-6,6
28270,65,68,-3,3
28271,154,133,21,21
28272,222,190,32,32
28273,107,109,-2,2
28274,81,79,2,2
28275,59,61,-2,2
28276,63,62,1,1
28277,100,98,2,2
28278,89,84,5,5
28279,70,66,4,4
28280,90,95,-5,5
28281,135,131,4,4
28282,112,113,-1,1
28283,102,101,1,1
28284,126,127,-1,1
28285,87,97,-10,10
28286,98,105,-7,7
28287,128,118,10,10
28288,54,55,-1,1
28289,88,87,1,1
28290,79,72,7,7
28291,177,169,8,8
28292,110,108,2,2
28293,68,70,-2,2
28294,126,128,-2,2
28295,115,113,2,2
28296,105,105,0,0
28297,86,84,2,2
28298,66,101,-35,35
28299,65,57,8,8
28300,78,93,-15,15
28301,87,91,-4,4
28302,108,106,2,2
28303,46,59,-13,13
28304,106,102,4,4
28305,127,125,2,2
28306,137,142,-5,5
28307,84,76,8,8
28308,73,81,-8,8
28309,70,68,2,2
28310,76,78,-2,2
28311,84,72,12,12
28312,125,74,51,51
28313,73,76,-3,3
28314,176,174,2,2
28315,97,101,-4,4
28316,128,133,-5,5
28317,74,72,2,2
28318,145,149,-4,4
28319,93,99,-6,6
28320,70,73,-3,3
28321,67,83,-16,16
28322,84,85,-1,1
28323,59,60,-1,1
28324,92,91,1,1
28325,112,112,0,0
28326,51,48,3,3
28327,56,55,1,1
28328,92,92,0,0
28329,49,46,3,3
28330,98,102,-4,4
28331,71,76,-5,5
28332,72,75,-3,3
28333,68,79,-11,11
28334,87,91,-4,4
28335,121,117,4,4
28336,94,99,-5,5
28337,76,85,-9,9
28338,112,109,3,3
28339,69,63,6,6
28340,113,113,0,0
28341,129,132,-3,3
28342,105,110,-5,5
28343,99,110,-11,11
28344,58,66,-8,8
28345,130,125,5,5
28346,85,78,7,7
28347,73,50,23,23
28348,56,50,6,6
28349,97,107,-10,10
28350,104,115,-11,11
28351,73,76,-3,3
28352,111,100,11,11
28353,73,72,1,1
28354,98,89,9,9
28355,102,109,-7,7
28356,80,81,-1,1
28357,47,44,3,3
28358,102,113,-11,11
28359,76,84,-8,8
28360,69,96,-27,27
28361,85,89,-4,4
28362,111,104,7,7
28363,34,30,4,4
28364,137,145,-8,8
28365,79,78,1,1
28366,72,85,-13,13
28367,62,66,-4,4
28368,91,93,-2,2
28369,82,87,-5,5
28370,120,131,-11,11
28371,92,108,-16,16
28372,110,111,-1,1
28373,122,124,-2,2
28374,119,116,3,3
28375,183,181,2,2
28376,61,71,-10,10
28377,97,88,9,9
28378,117,119,-2,2
28379,71,77,-6,6
28380,100,95,5,5
28381,119,113,6,6
28382,94,85,9,9
28383,94,93,1,1
28384,97,92,5,5
28385,62,57,5,5
28386,74,75,-1,1
28387,104,108,-4,4
28388,143,147,-4,4
28389,74,73,1,1
28390,126,126,0,0
28391,64,72,-8,8
28392,97,97,0,0
28393,82,79,3,3
28394,56,64,-8,8
28395,98,104,-6,6
28396,139,128,11,11
28397,102,108,-6,6
28398,100,102,-2,2
28399,115,102,13,13
28400,138,122,16,16
28401,39,36,3,3
28402,132,132,0,0
28403,127,134,-7,7
28404,98,100,-2,2
28405,83,77,6,6
28406,106,113,-7,7
28407,161,137,24,24
28408,77,68,9,9
28409,76,90,-14,14
28410,96,89,7,7
28411,107,109,-2,2
28412,85,300,-215,215
28413,79,85,-6,6
28414,102,100,2,2
28415,57,52,5,5
28416,79,80,-1,1
28417,76,88,-12,12
28418,82,91,-9,9
28419,56,54,2,2
28420,84,85,-1,1
28421,110,103,7,7
28422,183,157,26,26
28423,118,127,-9,9
28424,100,98,2,2
28425,109,102,7,7
28426,101,104,-3,3
28427,57,62,-5,5
28428,89,106,-17,17
28429,148,129,19,19
28430,202,197,5,5
28431,137,138,-1,1
28432,91,90,1,1
28433,112,113,-1,1
28434,68,75,-7,7
28435,83,84,-1,1
28436,72,71,1,1
28437,79,75,4,4
28438,116,121,-5,5
28439,54,54,0,0
28440,87,87,0,0
28441,82,91,-9,9
28442,104,106,-2,2
28443,126,129,-3,3
28444,106,109,-3,3
28445,116,108,8,8
28446,91,99,-8,8
28447,77,77,0,0
28448,123,135,-12,12
28449,145,155,-10,10
28450,88,81,7,7
28451,95,110,-15,15
28452,79,77,2,2
28453,91,97,-6,6
28454,133,122,11,11
28455,165,177,-12,12
28456,61,69,-8,8
28457,63,73,-10,10
28458,120,122,-2,2
28459,54,51,3,3
28460,145,143,2,2
28461,130,122,8,8
28462,68,78,-10,10
28463,55,55,0,0
28464,90,85,5,5
28465,102,91,11,11
28466,52,48,4,4
28467,102,104,-2,2
28468,162,155,7,7
28469,85,91,-6,6
28470,81,81,0,0
28471,57,50,7,7
28472,82,76,6,6
28473,135,81,54,54
28474,43,42,1,1
28475,82,78,4,4
28476,66,69,-3,3
28477,102,105,-3,3
28478,70,74,-4,4
28479,151,143,8,8
28480,127,125,2,2
28481,77,53,24,24
28482,137,132,5,5
28483,83,72,11,11
28484,183,169,14,14
28485,43,41,2,2
28486,129,127,2,2
28487,58,47,11,11
28488,73,82,-9,9
28489,67,59,8,8
28490,57,66,-9,9
28491,133,143,-10,10
28492,76,85,-9,9
28493,87,92,-5,5
28494,76,81,-5,5
28495,99,96,3,3
28496,95,101,-6,6
28497,56,59,-3,3
28498,146,137,9,9
28499,123,108,15,15
28500,93,115,-22,22
28501,71,72,-1,1
28502,97,89,8,8
28503,122,109,13,13
28504,97,105,-8,8
28505,86,85,1,1
28506,87,94,-7,7
28507,134,132,2,2
28508,99,110,-11,11
28509,135,136,-1,1
28510,85,86,-1,1
28511,132,123,9,9
28512,54,46,8,8
28513,77,87,-10,10
28514,63,71,-8,8
28515,138,141,-3,3
28516,58,59,-1,1
28517,141,128,13,13
28518,161,152,9,9
28519,105,116,-11,11
28520,107,119,-12,12
28521,153,159,-6,6
28522,90,87,3,3
28523,147,146,1,1
28524,92,100,-8,8
28525,34,28,6,6
28526,90,99,-9,9
28527,50,51,-1,1
28528,83,82,1,1
28529,127,132,-5,5
28530,59,53,6,6
28531,57,61,-4,4
28532,115,117,-2,2
28533,91,94,-3,3
28534,143,131,12,12
28535,119,114,5,5
28536,97,92,5,5
28537,155,147,8,8
28538,128,122,6,6
28539,67,74,-7,7
28540,60,64,-4,4
28541,103,98,5,5
28542,128,122,6,6
28543,100,103,-3,3
28544,71,75,-4,4
28545,85,85,0,0
28546,74,74,0,0
28547,172,141,31,31
28548,73,77,-4,4
28549,51,54,-3,3
28550,76,74,2,2
28551,110,106,4,4
28552,125,131,-6,6
28553,49,52,-3,3
28554,145,132,13,13
28555,81,79,2,2
28556,79,106,-27,27
28557,108,107,1,1
28558,95,97,-2,2
28559,66,61,5,5
28560,78,77,1,1
28561,41,49,-8,8
28562,89,84,5,5
28563,60,65,-5,5
28564,88,82,6,6
28565,54,63,-9,9
28566,112,109,3,3
28567,135,122,13,13
28568,123,119,4,4
28569,76,94,-18,18
28570,82,81,1,1
28571,38,37,1,1
28572,51,57,-6,6
28573,33,44,-11,11
28574,100,99,1,1
28575,64,73,-9,9
28576,98,105,-7,7
28577,104,103,1,1
28578,108,109,-1,1
28579,112,114,-2,2
28580,54,57,-3,3
28581,75,77,-2,2
28582,89,93,-4,4
28583,137,126,11,11
28584,66,51,15,15
28585,81,80,1,1
28586,91,97,-6,6
28587,84,89,-5,5
28588,52,47,5,5
28589,64,70,-6,6
28590,176,169,7,7
28591,59,65,-6,6
28592,70,63,7,7
28593,69,55,14,14
28594,83,108,-25,25
28595,71,85,-14,14
28596,61,64,-3,3
28597,65,62,3,3
28598,94,124,-30,30
28599,53,49,4,4
28600,66,56,10,10
28601,93,88,5,5
28602,66,59,7,7
28603,75,71,4,4
28604,96,100,-4,4
28605,66,24,42,42
28606,158,140,18,18
28607,80,61,19,19
28608,67,66,1,1
28609,67,69,-2,2
28610,79,75,4,4
28611,57,56,1,1
28612,66,69,-3,3
28613,44,43,1,1
28614,59,57,2,2
28615,150,140,10,10
28616,128,123,5,5
28617,74,88,-14,14
28618,38,56,-18,18
28619,51,47,4,4
28620,123,125,-2,2
28621,61,56,5,5
28622,77,68,9,9
28623,61,63,-2,2
28624,94,95,-1,1
28625,104,109,-5,5
28626,62,71,-9,9
28627,115,108,7,7
28628,122,104,18,18
28629,96,102,-6,6
28630,84,90,-6,6
28631,119,107,12,12
28632,99,94,5,5
28633,85,87,-2,2
28634,118,111,7,7
28635,144,136,8,8
28636,54,52,2,2
28637,152,142,10,10
28638,47,55,-8,8
28639,67,63,4,4
28640,81,80,1,1
28641,125,127,-2,2
28642,104,97,7,7
28643,63,71,-8,8
28644,71,63,8,8
28645,56,62,-6,6
28646,144,136,8,8
28647,125,131,-6,6
28648,64,60,4,4
28649,108,90,18,18
28650,87,82,5,5
28651,66,79,-13,13
28652,83,99,-16,16
28653,102,102,0,0
28654,120,124,-4,4
28655,114,112,2,2
28656,114,112,2,2
28657,148,149,-1,1
28658,100,96,4,4
28659,76,82,-6,6
28660,53,61,-8,8
28661,104,115,-11,11
28662,101,104,-3,3
28663,93,95,-2,2
28664,50,41,9,9
28665,47,50,-3,3
28666,137,138,-1,1
28667,109,104,5,5
28668,83,100,-17,17
28669,32,29,3,3
28670,69,61,8,8
28671,92,94,-2,2
28672,78,83,-5,5
28673,96,109,-13,13
28674,92,78,14,14
28675,53,55,-2,2
28676,144,142,2,2
28677,107,98,9,9
28678,112,109,3,3
28679,72,64,8,8
28680,108,98,10,10
28681,84,82,2,2
28682,54,55,-1,1
28683,82,120,-38,38
28684,98,90,8,8
28685,73,74,-1,1
28686,50,43,7,7
28687,89,91,-2,2
28688,66,65,1,1
28689,140,141,-1,1
28690,97,95,2,2
28691,77,82,-5,5
28692,106,80,26,26
28693,73,75,-2,2
28694,122,113,9,9
28695,80,78,2,2
28696,60,61,-1,1
28697,90,87,3,3
28698,83,85,-2,2
28699,86,91,-5,5
28700,33,31,2,2
28701,134,123,11,11
28702,117,131,-14,14
28703,60,56,4,4
28704,116,115,1,1
28705,110,119,-9,9
28706,129,126,3,3
28707,88,86,2,2
28708,76,74,2,2
28709,171,168,3,3
28710,98,65,33,33
28711,100,91,9,9
28712,66,56,10,10
28713,140,138,2,2
28714,101,91,10,10
28715,61,61,0,0
28716,89,90,-1,1
28717,93,99,-6,6
28718,101,89,12,12
28719,63,74,-11,11
28720,85,92,-7,7
28721,94,95,-1,1
28722,114,138,-24,24
28723,104,109,-5,5
28724,78,80,-2,2
28725,108,115,-7,7
28726,57,59,-2,2
28727,38,46,-8,8
28728,69,81,-12,12
28729,106,117,-11,11
28730,77,81,-4,4
28731,235,231,4,4
28732,98,100,-2,2
28733,111,120,-9,9
28734,70,85,-15,15
28735,102,97,5,5
28736,92,106,-14,14
28737,67,83,-16,16
28738,83,90,-7,7
28739,71,76,-5,5
28740,92,82,10,10
28741,59,63,-4,4
28742,90,90,0,0
28743,71,68,3,3
28744,52,60,-8,8
28745,109,100,9,9
28746,105,116,-11,11
28747,79,71,8,8
28748,81,65,16,16
28749,84,88,-4,4
28750,80,74,6,6
28751,56,66,-10,10
28752,84,80,4,4
28753,44,54,-10,10
28754,85,84,1,1
28755,62,68,-6,6
28756,83,81,2,2
28757,59,80,-21,21
28758,92,91,1,1
28759,99,106,-7,7
28760,131,140,-9,9
28761,58,54,4,4
28762,164,150,14,14
28763,132,120,12,12
28764,73,65,8,8
28765,82,88,-6,6
28766,57,65,-8,8
28767,97,112,-15,15
28768,26,30,-4,4
28769,107,102,5,5
28770,88,82,6,6
28771,84,74,10,10
28772,82,88,-6,6
28773,141,171,-30,30
28774,78,79,-1,1
28775,146,143,3,3
28776,84,78,6,6
28777,93,84,9,9
28778,74,75,-1,1
28779,139,129,10,10
28780,125,131,-6,6
28781,65,66,-1,1
28782,101,112,-11,11
28783,114,127,-13,13
28784,54,56,-2,2
28785,99,93,6,6
28786,83,68,15,15
28787,128,129,-1,1
28788,90,95,-5,5
28789,77,83,-6,6
28790,68,57,11,11
28791,78,98,-20,20
28792,76,78,-2,2
28793,85,83,2,2
28794,106,109,-3,3
28795,207,162,45,45
28796,105,103,2,2
28797,110,106,4,4
28798,86,80,6,6
28799,166,146,20,20
28800,118,118,0,0
28801,99,89,10,10
28802,80,94,-14,14
28803,27,47,-20,20
28804,125,117,8,8
28805,92,99,-7,7
28806,85,81,4,4
28807,91,96,-5,5
28808,61,62,-1,1
28809,86,86,0,0
28810,50,51,-1,1
28811,101,106,-5,5
28812,79,69,10,10
28813,82,96,-14,14
28814,63,48,15,15
28815,100,94,6,6
28816,103,86,17,17
28817,150,138,12,12
28818,86,75,11,11
28819,72,79,-7,7
28820,54,55,-1,1
28821,136,140,-4,4
28822,60,55,5,5
28823,118,115,3,3
28824,64,60,4,4
28825,78,73,5,5
28826,76,71,5,5
28827,145,129,16,16
28828,62,70,-8,8
28829,98,102,-4,4
28830,100,103,-3,3
28831,142,138,4,4
28832,77,91,-14,14
28833,81,89,-8,8
28834,79,82,-3,3
28835,78,77,1,1
28836,84,92,-8,8
28837,63,59,4,4
28838,94,92,2,2
28839,89,85,4,4
28840,78,83,-5,5
28841,132,137,-5,5
28842,151,145,6,6
28843,156,143,13,13
28844,41,57,-16,16
28845,106,110,-4,4
28846,99,103,-4,4
28847,42,47,-5,5
28848,79,66,13,13
28849,60,77,-17,17
28850,136,144,-8,8
28851,130,128,2,2
28852,136,145,-9,9
28853,81,76,5,5
28854,112,114,-2,2
28855,60,66,-6,6
28856,93,84,9,9
28857,103,113,-10,10
28858,180,171,9,9
28859,93,94,-1,1
28860,172,171,1,1
28861,95,116,-21,21
28862,79,95,-16,16
28863,55,63,-8,8
28864,105,111,-6,6
28865,118,118,0,0
28866,111,111,0,0
28867,66,78,-12,12
28868,146,143,3,3
28869,81,118,-37,37
28870,75,72,3,3
28871,79,86,-7,7
28872,64,63,1,1
28873,97,101,-4,4
28874,103,102,1,1
28875,68,71,-3,3
28876,74,81,-7,7
28877,80,79,1,1
28878,90,35,55,55
28879,59,60,-1,1
28880,109,120,-11,11
28881,90,90,0,0
28882,71,76,-5,5
28883,108,108,0,0
28884,83,76,7,7
28885,130,125,5,5
28886,85,89,-4,4
28887,49,57,-8,8
28888,73,72,1,1
28889,104,110,-6,6
28890,131,130,1,1
28891,69,70,-1,1
28892,102,99,3,3
28893,74,73,1,1
28894,58,57,1,1
28895,167,152,15,15
28896,144,136,8,8
28897,108,108,0,0
28898,70,72,-2,2
28899,84,85,-1,1
28900,50,53,-3,3
28901,68,71,-3,3
28902,128,130,-2,2
28903,106,111,-5,5
28904,63,65,-2,2
28905,61,180,-119,119
28906,82,74,8,8
28907,100,115,-15,15
28908,92,97,-5,5
28909,75,86,-11,11
28910,132,120,12,12
28911,85,91,-6,6
28912,183,169,14,14
28913,115,113,2,2
28914,125,120,5,5
28915,99,97,2,2
28916,102,97,5,5
28917,125,134,-9,9
28918,75,80,-5,5
28919,173,159,14,14
28920,66,75,-9,9
28921,90,79,11,11
28922,88,91,-3,3
28923,124,133,-9,9
28924,70,85,-15,15
28925,93,87,6,6
28926,64,58,6,6
28927,60,52,8,8
28928,134,128,6,6
28929,104,98,6,6
28930,44,50,-6,6
28931,109,96,13,13
28932,68,64,4,4
28933,81,86,-5,5
28934,103,122,-19,19
28935,99,104,-5,5
28936,80,82,-2,2
28937,104,109,-5,5
28938,67,76,-9,9
28939,126,128,-2,2
28940,53,55,-2,2
28941,135,133,2,2
28942,95,67,28,28
28943,95,102,-7,7
28944,63,67,-4,4
28945,140,120,20,20
28946,71,79,-8,8
28947,79,79,0,0
28948,47,61,-14,14
28949,87,107,-20,20
28950,57,59,-2,2
28951,81,85,-4,4
28952,53,56,-3,3
28953,88,105,-17,17
28954,109,113,-4,4
28955,85,89,-4,4
28956,114,119,-5,5
28957,81,85,-4,4
28958,85,99,-14,14
28959,95,97,-2,2
28960,61,70,-9,9
28961,65,69,-4,4
28962,47,39,8,8
28963,57,54,3,3
28964,66,73,-7,7
28965,86,89,-3,3
28966,76,76,0,0
28967,143,131,12,12
28968,79,110,-31,31
28969,87,82,5,5
28970,99,97,2,2
28971,103,121,-18,18
28972,83,79,4,4
28973,116,119,-3,3
28974,128,113,15,15
28975,159,153,6,6
28976,113,98,15,15
28977,124,119,5,5
28978,81,90,-9,9
28979,66,53,13,13
28980,82,74,8,8
28981,58,68,-10,10
28982,101,119,-18,18
28983,67,88,-21,21
28984,97,90,7,7
28985,78,76,2,2
28986,104,108,-4,4
28987,117,110,7,7
28988,82,98,-16,16
28989,125,127,-2,2
28990,152,164,-12,12
28991,92,92,0,0
28992,128,122,6,6
28993,68,71,-3,3
28994,101,90,11,11
28995,96,101,-5,5
28996,98,99,-1,1
28997,134,135,-1,1
28998,106,113,-7,7
28999,54,53,1,1
29000,88,96,-8,8
29001,66,59,7,7
29002,99,103,-4,4
29003,82,84,-2,2
29004,118,130,-12,12
29005,66,67,-1,1
29006,96,100,-4,4
29007,139,142,-3,3
29008,25,26,-1,1
29009,123,120,3,3
29010,130,132,-2,2
29011,92,85,7,7
29012,80,81,-1,1
29013,67,57,10,10
29014,71,61,10,10
29015,92,93,-1,1
29016,113,105,8,8
29017,67,82,-15,15
29018,58,66,-8,8
29019,39,97,-58,58
29020,78,83,-5,5
29021,113,96,17,17
29022,50,47,3,3
29023,66,64,2,2
29024,88,89,-1,1
29025,88,101,-13,13
29026,131,121,10,10
29027,64,85,-21,21
29028,91,91,0,0
29029,101,90,11,11
29030,110,107,3,3
29031,56,68,-12,12
29032,77,80,-3,3
29033,129,128,1,1
29034,91,112,-21,21
29035,97,103,-6,6
29036,98,97,1,1
29037,75,79,-4,4
29038,109,94,15,15
29039,64,78,-14,14
29040,71,75,-4,4
29041,54,58,-4,4
29042,59,64,-5,5
29043,145,145,0,0
29044,86,85,1,1
29045,56,48,8,8
29046,79,84,-5,5
29047,114,114,0,0
29048,65,72,-7,7
29049,104,101,3,3
29050,61,64,-3,3
29051,155,150,5,5
29052,106,103,3,3
29053,48,61,-13,13
29054,173,151,22,22
29055,31,35,-4,4
29056,87,89,-2,2
29057,147,136,11,11
29058,79,73,6,6
29059,92,102,-10,10
29060,100,85,15,15
29061,118,138,-20,20
29062,83,81,2,2
29063,72,73,-1,1
29064,101,101,0,0
29065,83,93,-10,10
29066,94,88,6,6
29067,103,112,-9,9
29068,73,77,-4,4
29069,179,174,5,5
29070,115,111,4,4
29071,85,85,0,0
29072,101,100,1,1
29073,130,135,-5,5
29074,155,160,-5,5
29075,65,61,4,4
29076,116,126,-10,10
29077,71,71,0,0
29078,78,83,-5,5
29079,129,132,-3,3
29080,78,74,4,4
29081,141,133,8,8
29082,139,130,9,9
29083,90,92,-2,2
29084,174,166,8,8
29085,92,88,4,4
29086,76,77,-1,1
29087,40,47,-7,7
29088,36,30,6,6
29089,78,76,2,2
29090,89,93,-4,4
29091,63,66,-3,3
29092,79,78,1,1
29093,127,118,9,9
29094,61,64,-3,3
29095,118,76,42,42
29096,112,102,10,10
29097,131,125,6,6
29098,78,81,-3,3
29099,95,96,-1,1
29100,75,62,13,13
29101,170,159,11,11
29102,97,101,-4,4
29103,62,68,-6,6
29104,130,119,11,11
29105,116,131,-15,15
29106,72,77,-5,5
29107,89,85,4,4
29108,95,99,-4,4
29109,82,91,-9,9
29110,54,61,-7,7
29111,102,109,-7,7
29112,106,103,3,3
29113,138,138,0,0
29114,90,95,-5,5
29115,53,63,-10,10
29116,111,103,8,8
29117,91,89,2,2
29118,84,92,-8,8
29119,116,106,10,10
29120,119,119,0,0
29121,82,85,-3,3
29122,102,93,9,9
29123,64,64,0,0
29124,40,50,-10,10
29125,104,104,0,0
29126,73,73,0,0
29127,92,91,1,1
29128,127,109,18,18
29129,155,150,5,5
29130,82,81,1,1
29131,86,85,1,1
29132,61,56,5,5
29133,136,131,5,5
29134,123,135,-12,12
29135,40,52,-12,12
29136,103,100,3,3
29137,145,148,-3,3
29138,92,111,-19,19
29139,60,85,-25,25
29140,71,71,0,0
29141,63,60,3,3
29142,51,53,-2,2
29143,92,96,-4,4
29144,48,49,-1,1
29145,66,47,19,19
29146,165,163,2,2
29147,114,115,-1,1
29148,48,51,-3,3
29149,121,119,2,2
29150,134,128,6,6
29151,68,61,7,7
29152,34,41,-7,7
29153,68,65,3,3
29154,72,81,-9,9
29155,63,63,0,0
29156,59,67,-8,8
29157,94,93,1,1
29158,59,58,1,1
29159,77,97,-20,20
29160,119,118,1,1
29161,134,139,-5,5
29162,120,121,-1,1
29163,90,82,8,8
29164,79,78,1,1
29165,70,60,10,10
29166,103,97,6,6
29167,111,97,14,14
29168,62,66,-4,4
29169,139,129,10,10
29170,138,143,-5,5
29171,213,204,9,9
29172,73,74,-1,1
29173,116,117,-1,1
29174,135,136,-1,1
29175,77,69,8,8
29176,89,85,4,4
29177,40,37,3,3
29178,82,75,7,7
29179,101,113,-12,12
29180,81,98,-17,17
29181,159,152,7,7
29182,89,92,-3,3
29183,74,82,-8,8
29184,106,103,3,3
29185,53,63,-10,10
29186,98,121,-23,23
29187,96,101,-5,5
29188,116,118,-2,2
29189,68,74,-6,6
29190,74,72,2,2
29191,167,163,4,4
29192,90,100,-10,10
29193,106,100,6,6
29194,62,59,3,3
29195,46,51,-5,5
29196,68,76,-8,8
29197,73,71,2,2
29198,78,82,-4,4
29199,58,57,1,1
29200,129,124,5,5
29201,79,91,-12,12
29202,92,88,4,4
29203,34,48,-14,14
29204,81,47,34,34
29205,73,64,9,9
29206,171,164,7,7
29207,90,99,-9,9
29208,70,85,-15,15
29209,199,194,5,5
29210,68,63,5,5
29211,161,170,-9,9
29212,46,44,2,2
29213,61,67,-6,6
29214,112,115,-3,3
29215,133,130,3,3
29216,91,87,4,4
29217,80,112,-32,32
29218,160,148,12,12
29219,90,82,8,8
29220,103,94,9,9
29221,87,79,8,8
29222,148,140,8,8
29223,183,141,42,42
29224,87,85,2,2
29225,161,154,7,7
29226,80,78,2,2
29227,128,131,-3,3
29228,123,113,10,10
29229,159,152,7,7
29230,48,41,7,7
29231,77,82,-5,5
29232,87,92,-5,5
29233,53,57,-4,4
29234,118,118,0,0
29235,89,53,36,36
29236,76,77,-1,1
29237,145,127,18,18
29238,125,113,12,12
29239,97,109,-12,12
29240,49,58,-9,9
29241,62,77,-15,15
29242,81,93,-12,12
29243,136,139,-3,3
29244,100,109,-9,9
29245,187,191,-4,4
29246,105,120,-15,15
29247,176,191,-15,15
29248,113,114,-1,1
29249,115,130,-15,15
29250,86,92,-6,6
29251,120,116,4,4
29252,74,83,-9,9
29253,86,99,-13,13
29254,99,123,-24,24
29255,70,69,1,1
29256,109,120,-11,11
29257,110,104,6,6
29258,102,107,-5,5
29259,156,147,9,9
29260,107,105,2,2
29261,53,58,-5,5
29262,121,117,4,4
29263,97,81,16,16
29264,103,117,-14,14
29265,66,59,7,7
29266,108,135,-27,27
29267,59,63,-4,4
29268,64,60,4,4
29269,70,72,-2,2
29270,86,87,-1,1
29271,118,120,-2,2
29272,61,63,-2,2
29273,120,114,6,6
29274,112,119,-7,7
29275,176,161,15,15
29276,61,63,-2,2
29277,89,106,-17,17
29278,115,108,7,7
29279,112,98,14,14
29280,110,109,1,1
29281,92,87,5,5
29282,124,117,7,7
29283,60,59,1,1
29284,70,67,3,3
29285,98,98,0,0
29286,77,81,-4,4
29287,60,60,0,0
29288,149,144,5,5
29289,135,134,1,1
29290,71,66,5,5
29291,47,57,-10,10
29292,141,148,-7,7
29293,76,89,-13,13
29294,85,81,4,4
29295,66,67,-1,1
29296,86,86,0,0
29297,144,135,9,9
29298,74,81,-7,7
29299,181,167,14,14
29300,79,82,-3,3
29301,106,100,6,6
29302,138,132,6,6
29303,91,77,14,14
29304,76,73,3,3
29305,140,138,2,2
29306,77,78,-1,1
29307,54,60,-6,6
29308,71,75,-4,4
29309,110,102,8,8
29310,90,87,3,3
29311,116,120,-4,4
29312,83,80,3,3
29313,59,62,-3,3
29314,92,93,-1,1
29315,144,142,2,2
29316,67,56,11,11
29317,105,103,2,2
29318,62,61,1,1
29319,136,121,15,15
29320,111,115,-4,4
29321,64,72,-8,8
29322,73,61,12,12
29323,86,100,-14,14
29324,84,89,-5,5
29325,74,70,4,4
29326,135,126,9,9
29327,119,112,7,7
29328,83,90,-7,7
29329,102,107,-5,5
29330,84,94,-10,10
29331,66,120,-54,54
29332,47,43,4,4
29333,97,94,3,3
29334,106,111,-5,5
29335,75,76,-1,1
29336,108,135,-27,27
29337,154,147,7,7
29338,91,88,3,3
29339,75,82,-7,7
29340,155,143,12,12
29341,75,87,-12,12
29342,211,190,21,21
29343,69,62,7,7
29344,52,57,-5,5
29345,84,64,20,20
29346,89,87,2,2
29347,79,76,3,3
29348,78,91,-13,13
29349,90,87,3,3
29350,305,260,45,45
29351,83,85,-2,2
29352,193,184,9,9
29353,124,127,-3,3
29354,46,45,1,1
29355,85,83,2,2
29356,84,88,-4,4
29357,98,91,7,7
29358,72,75,-3,3
29359,60,67,-7,7
29360,102,102,0,0
29361,92,96,-4,4
29362,102,104,-2,2
29363,74,69,5,5
29364,114,109,5,5
29365,86,95,-9,9
29366,114,120,-6,6
29367,151,161,-10,10
29368,91,89,2,2
29369,78,75,3,3
29370,153,146,7,7
29371,80,93,-13,13
29372,108,109,-1,1
29373,88,80,8,8
29374,153,139,14,14
29375,71,78,-7,7
29376,95,102,-7,7
29377,127,117,10,10
29378,139,134,5,5
29379,46,55,-9,9
29380,124,125,-1,1
29381,93,96,-3,3
29382,114,103,11,11
29383,93,90,3,3
29384,67,66,1,1
29385,110,113,-3,3
29386,63,63,0,0
29387,70,63,7,7
29388,87,85,2,2
29389,122,125,-3,3
29390,107,114,-7,7
29391,153,144,9,9
29392,94,93,1,1
29393,101,106,-5,5
29394,78,81,-3,3
29395,82,95,-13,13
29396,88,81,7,7
29397,94,88,6,6
29398,37,52,-15,15
29399,67,67,0,0
29400,85,78,7,7
29401,105,89,16,16
29402,40,41,-1,1
29403,194,190,4,4
29404,123,127,-4,4
29405,87,81,6,6
29406,102,102,0,0
29407,145,132,13,13
29408,68,65,3,3
29409,159,142,17,17
29410,82,76,6,6
29411,83,79,4,4
29412,82,94,-12,12
29413,69,64,5,5
29414,103,93,10,10
29415,105,105,0,0
29416,100,111,-11,11
29417,55,47,8,8
29418,80,82,-2,2
29419,73,80,-7,7
29420,51,52,-1,1
29421,124,125,-1,1
29422,52,58,-6,6
29423,115,141,-26,26
29424,116,117,-1,1
29425,101,109,-8,8
29426,63,35,28,28
29427,52,57,-5,5
29428,84,81,3,3
29429,142,140,2,2
29430,71,74,-3,3
29431,82,91,-9,9
29432,85,89,-4,4
29433,74,71,3,3
29434,61,47,14,14
29435,107,111,-4,4
29436,98,97,1,1
29437,80,77,3,3
29438,69,78,-9,9
29439,64,68,-4,4
29440,137,132,5,5
29441,77,75,2,2
29442,94,107,-13,13
29443,86,88,-2,2
29444,60,61,-1,1
29445,54,63,-9,9
29446,62,67,-5,5
29447,86,104,-18,18
29448,60,57,3,3
29449,64,64,0,0
29450,91,101,-10,10
29451,71,75,-4,4
29452,78,97,-19,19
29453,104,111,-7,7
29454,103,109,-6,6
29455,167,171,-4,4
29456,129,107,22,22
29457,125,185,-60,60
29458,108,123,-15,15
29459,77,76,1,1
29460,121,121,0,0
29461,77,74,3,3
29462,61,69,-8,8
29463,67,70,-3,3
29464,96,89,7,7
29465,113,129,-16,16
29466,70,69,1,1
29467,79,78,1,1
29468,91,99,-8,8
29469,86,97,-11,11
29470,74,80,-6,6
29471,78,88,-10,10
29472,117,86,31,31
29473,82,66,16,16
29474,79,80,-1,1
29475,138,154,-16,16
29476,92,84,8,8
29477,69,67,2,2
29478,81,89,-8,8
29479,73,77,-4,4
29480,100,108,-8,8
29481,51,48,3,3
29482,60,62,-2,2
29483,109,98,11,11
29484,131,123,8,8
29485,71,74,-3,3
29486,77,81,-4,4
29487,97,112,-15,15
29488,69,67,2,2
29489,124,118,6,6
29490,69,71,-2,2
29491,131,120,11,11
29492,87,86,1,1
29493,178,171,7,7
29494,111,117,-6,6
29495,122,117,5,5
29496,155,141,14,14
29497,136,110,26,26
29498,113,132,-19,19
29499,64,74,-10,10
29500,111,108,3,3
29501,94,93,1,1
29502,58,51,7,7
29503,89,94,-5,5
29504,82,80,2,2
29505,87,86,1,1
29506,50,52,-2,2
29507,79,78,1,1
29508,140,129,11,11
29509,134,234,-100,100
29510,119,116,3,3
29511,140,148,-8,8
29512,119,119,0,0
29513,52,53,-1,1
29514,124,148,-24,24
29515,131,87,44,44
29516,45,46,-1,1
29517,70,69,1,1
29518,99,104,-5,5
29519,82,81,1,1
29520,73,68,5,5
29521,120,132,-12,12
29522,107,127,-20,20
29523,88,91,-3,3
29524,82,83,-1,1
29525,59,52,7,7
29526,90,104,-14,14
29527,56,63,-7,7
29528,113,110,3,3
29529,78,68,10,10
29530,61,71,-10,10
29531,89,93,-4,4
29532,44,53,-9,9
29533,62,60,2,2
29534,111,112,-1,1
29535,75,78,-3,3
29536,74,72,2,2
29537,79,70,9,9
29538,89,92,-3,3
29539,94,94,0,0
29540,116,114,2,2
29541,120,131,-11,11
29542,180,167,13,13
29543,48,42,6,6
29544,85,91,-6,6
29545,112,105,7,7
29546,114,90,24,24
29547,78,70,8,8
29548,111,125,-14,14
29549,71,76,-5,5
29550,64,68,-4,4
29551,47,47,0,0
29552,85,90,-5,5
29553,90,102,-12,12
29554,137,134,3,3
29555,138,140,-2,2
29556,64,57,7,7
29557,78,80,-2,2
29558,42,33,9,9
29559,98,94,4,4
29560,59,54,5,5
29561,76,83,-7,7
29562,106,101,5,5
29563,33,35,-2,2
29564,121,131,-10,10
29565,108,103,5,5
29566,76,85,-9,9
29567,64,61,3,3
29568,73,66,7,7
29569,112,115,-3,3
29570,105,104,1,1
29571,59,68,-9,9
29572,205,174,31,31
29573,78,91,-13,13
29574,79,91,-12,12
29575,123,126,-3,3
29576,83,88,-5,5
29577,115,123,-8,8
29578,75,76,-1,1
29579,86,92,-6,6
29580,111,120,-9,9
29581,82,108,-26,26
29582,157,147,10,10
29583,58,58,0,0
29584,101,103,-2,2
29585,99,103,-4,4
29586,96,103,-7,7
29587,133,138,-5,5
29588,93,96,-3,3
29589,79,77,2,2
29590,87,73,14,14
29591,101,115,-14,14
29592,73,65,8,8
29593,76,79,-3,3
29594,110,104,6,6
29595,100,99,1,1
29596,87,93,-6,6
29597,126,129,-3,3
29598,81,76,5,5
29599,70,83,-13,13
29600,139,140,-1,1
29601,74,69,5,5
29602,147,120,27,27
29603,92,91,1,1
29604,133,118,15,15
29605,87,83,4,4
29606,96,102,-6,6
29607,70,110,-40,40
29608,75,82,-7,7
29609,121,124,-3,3
29610,88,89,-1,1
29611,96,103,-7,7
29612,196,129,67,67
29613,90,98,-8,8
29614,110,122,-12,12
29615,59,38,21,21
29616,131,132,-1,1
29617,56,58,-2,2
29618,98,101,-3,3
29619,94,89,5,5
29620,73,80,-7,7
29621,52,52,0,0
29622,97,91,6,6
29623,119,113,6,6
29624,94,88,6,6
29625,144,149,-5,5
29626,128,129,-1,1
29627,81,87,-6,6
29628,101,104,-3,3
29629,138,136,2,2
29630,68,66,2,2
29631,124,111,13,13
29632,61,82,-21,21
29633,118,108,10,10
29634,69,69,0,0
29635,84,88,-4,4
29636,175,158,17,17
29637,54,56,-2,2
29638,72,85,-13,13
29639,82,76,6,6
29640,102,98,4,4
29641,107,114,-7,7
29642,110,114,-4,4
29643,128,130,-2,2
29644,132,137,-5,5
29645,80,79,1,1
29646,60,70,-10,10
29647,54,60,-6,6
29648,89,96,-7,7
29649,90,95,-5,5
29650,62,88,-26,26
29651,64,83,-19,19
29652,74,62,12,12
29653,123,192,-69,69
29654,77,78,-1,1
29655,79,78,1,1
29656,88,92,-4,4
29657,77,91,-14,14
29658,96,116,-20,20
29659,80,90,-10,10
29660,104,102,2,2
29661,46,51,-5,5
29662,70,77,-7,7
29663,93,100,-7,7
29664,103,102,1,1
29665,117,110,7,7
29666,80,85,-5,5
29667,93,100,-7,7
29668,88,92,-4,4
29669,101,90,11,11
29670,69,82,-13,13
29671,97,87,10,10
29672,56,49,7,7
29673,101,105,-4,4
29674,122,127,-5,5
29675,95,105,-10,10
29676,113,110,3,3
29677,150,160,-10,10
29678,164,159,5,5
29679,87,88,-1,1
29680,128,121,7,7
29681,66,71,-5,5
29682,68,57,11,11
29683,120,109,11,11
29684,151,138,13,13
29685,72,65,7,7
29686,89,94,-5,5
29687,231,217,14,14
29688,49,48,1,1
29689,68,61,7,7
29690,81,80,1,1
29691,96,104,-8,8
29692,123,115,8,8
29693,88,85,3,3
29694,188,185,3,3
29695,78,73,5,5
29696,78,74,4,4
29697,105,112,-7,7
29698,102,102,0,0
29699,74,80,-6,6
29700,74,84,-10,10
29701,63,49,14,14
29702,106,106,0,0
29703,90,87,3,3
29704,100,91,9,9
29705,106,97,9,9
29706,74,83,-9,9
29707,75,78,-3,3
29708,119,132,-13,13
29709,115,113,2,2
29710,125,115,10,10
29711,106,104,2,2
29712,113,113,0,0
29713,81,82,-1,1
29714,84,81,3,3
29715,79,88,-9,9
29716,129,122,7,7
29717,55,54,1,1
29718,99,105,-6,6
29719,88,100,-12,12
29720,129,116,13,13
29721,92,92,0,0
29722,113,121,-8,8
29723,67,72,-5,5
29724,96,109,-13,13
29725,64,74,-10,10
29726,132,143,-11,11
29727,172,151,21,21
29728,104,116,-12,12
29729,83,71,12,12
29730,70,95,-25,25
29731,104,105,-1,1
29732,78,75,3,3
29733,66,88,-22,22
29734,81,78,3,3
29735,63,68,-5,5
29736,74,79,-5,5
29737,109,102,7,7
29738,70,69,1,1
29739,91,79,12,12
29740,95,91,4,4
29741,76,77,-1,1
29742,68,59,9,9
29743,92,92,0,0
29744,65,65,0,0
29745,36,41,-5,5
29746,105,105,0,0
29747,110,114,-4,4
29748,121,118,3,3
29749,49,48,1,1
29750,98,89,9,9
29751,117,110,7,7
29752,52,110,-58,58
29753,84,91,-7,7
29754,148,145,3,3
29755,63,65,-2,2
29756,63,68,-5,5
29757,92,99,-7,7
29758,85,81,4,4
29759,93,85,8,8
29760,88,80,8,8
29761,80,93,-13,13
29762,83,86,-3,3
29763,61,71,-10,10
29764,76,78,-2,2
29765,81,99,-18,18
29766,75,71,4,4
29767,61,52,9,9
29768,110,107,3,3
29769,91,86,5,5
29770,63,57,6,6
29771,126,138,-12,12
29772,102,88,14,14
29773,102,103,-1,1
29774,107,104,3,3
29775,49,47,2,2
29776,71,74,-3,3
29777,70,81,-11,11
29778,94,105,-11,11
29779,201,188,13,13
29780,80,88,-8,8
29781,62,58,4,4
29782,97,97,0,0
29783,77,84,-7,7
29784,74,113,-39,39
29785,55,50,5,5
29786,88,85,3,3
29787,27,37,-10,10
29788,64,64,0,0
29789,95,104,-9,9
29790,74,78,-4,4
29791,99,122,-23,23
29792,68,68,0,0
29793,65,60,5,5
29794,97,105,-8,8
29795,73,68,5,5
29796,88,84,4,4
29797,121,123,-2,2
29798,102,98,4,4
29799,101,112,-11,11
29800,78,91,-13,13
29801,156,153,3,3
29802,76,89,-13,13
29803,66,59,7,7
29804,91,104,-13,13
29805,82,81,1,1
29806,150,143,7,7
29807,46,40,6,6
29808,164,170,-6,6
29809,134,144,-10,10
29810,124,121,3,3
29811,75,77,-2,2
29812,64,77,-13,13
29813,207,190,17,17
29814,125,129,-4,4
29815,143,141,2,2
29816,79,75,4,4
29817,62,63,-1,1
29818,149,154,-5,5
29819,136,140,-4,4
29820,48,51,-3,3
29821,117,115,2,2
29822,50,57,-7,7
29823,88,87,1,1
29824,62,64,-2,2
29825,37,30,7,7
29826,142,134,8,8
29827,59,60,-1,1
29828,123,115,8,8
29829,78,85,-7,7
29830,117,106,11,11
29831,84,90,-6,6
29832,191,173,18,18
29833,176,164,12,12
29834,68,50,18,18
29835,58,43,15,15
29836,74,76,-2,2
29837,166,154,12,12
29838,178,164,14,14
29839,102,103,-1,1
29840,106,103,3,3
29841,121,125,-4,4
29842,157,146,11,11
29843,60,58,2,2
29844,116,113,3,3
29845,133,136,-3,3
29846,50,48,2,2
29847,90,94,-4,4
29848,138,133,5,5
29849,216,203,13,13
29850,114,115,-1,1
29851,107,111,-4,4
29852,68,52,16,16
29853,52,61,-9,9
29854,139,132,7,7
29855,98,89,9,9
29856,143,131,12,12
29857,97,83,14,14
29858,80,88,-8,8
29859,60,53,7,7
29860,104,101,3,3
29861,102,101,1,1
29862,155,144,11,11
29863,157,147,10,10
29864,122,122,0,0
29865,89,89,0,0
29866,68,69,-1,1
29867,68,62,6,6
29868,102,103,-1,1
29869,107,117,-10,10
29870,62,63,-1,1
29871,145,145,0,0
29872,92,91,1,1
29873,113,109,4,4
29874,72,64,8,8
29875,67,65,2,2
29876,86,92,-6,6
29877,78,90,-12,12
29878,94,100,-6,6
29879,103,98,5,5
29880,145,154,-9,9
29881,74,86,-12,12
29882,128,135,-7,7
29883,146,125,21,21
29884,54,67,-13,13
29885,162,153,9,9
29886,150,137,13,13
29887,57,68,-11,11
29888,118,115,3,3
29889,37,38,-1,1
29890,121,115,6,6
29891,130,123,7,7
29892,62,67,-5,5
29893,66,67,-1,1
29894,119,106,13,13
29895,120,115,5,5
29896,100,115,-15,15
29897,121,130,-9,9
29898,85,71,14,14
29899,99,95,4,4
29900,63,69,-6,6
29901,98,94,4,4
29902,62,65,-3,3
29903,78,78,0,0
29904,61,58,3,3
29905,110,101,9,9
29906,90,91,-1,1
29907,125,105,20,20
29908,59,53,6,6
29909,83,72,11,11
29910,103,114,-11,11
29911,66,67,-1,1
29912,131,136,-5,5
29913,72,78,-6,6
29914,56,57,-1,1
29915,110,115,-5,5
29916,72,73,-1,1
29917,120,121,-1,1
29918,82,85,-3,3
29919,79,88,-9,9
29920,169,154,15,15
29921,140,141,-1,1
29922,139,121,18,18
29923,53,60,-7,7
29924,93,106,-13,13
29925,95,89,6,6
29926,91,93,-2,2
29927,96,96,0,0
29928,115,115,0,0
29929,80,70,10,10
29930,61,54,7,7
29931,125,141,-16,16
29932,79,78,1,1
29933,113,110,3,3
29934,113,132,-19,19
29935,79,82,-3,3
29936,143,140,3,3
29937,69,81,-12,12
29938,71,99,-28,28
29939,67,67,0,0
29940,53,45,8,8
29941,132,133,-1,1
29942,129,117,12,12
29943,85,87,-2,2
29944,107,106,1,1
29945,143,136,7,7
29946,57,47,10,10
29947,99,104,-5,5
29948,54,61,-7,7
29949,102,115,-13,13
29950,64,64,0,0
29951,86,114,-28,28
29952,88,87,1,1
29953,170,147,23,23
29954,71,71,0,0
29955,127,139,-12,12
29956,61,63,-2,2
29957,63,66,-3,3
29958,46,50,-4,4
29959,78,68,10,10
29960,85,90,-5,5
29961,86,78,8,8
29962,91,89,2,2
29963,75,73,2,2
29964,75,80,-5,5
29965,73,105,-32,32
29966,74,72,2,2
29967,69,78,-9,9
29968,77,74,3,3
29969,119,120,-1,1
29970,77,89,-12,12
29971,143,138,5,5
29972,132,142,-10,10
29973,89,97,-8,8
29974,60,61,-1,1
29975,131,133,-2,2
29976,83,81,2,2
29977,80,64,16,16
29978,92,98,-6,6
29979,187,183,4,4
29980,128,123,5,5
29981,151,149,2,2
29982,44,44,0,0
29983,83,74,9,9
29984,78,81,-3,3
29985,81,80,1,1
29986,73,82,-9,9
29987,138,136,2,2
29988,45,43,2,2
29989,58,59,-1,1
29990,105,111,-6,6
29991,103,105,-2,2
29992,91,94,-3,3
29993,48,49,-1,1
29994,74,81,-7,7
29995,104,95,9,9
29996,69,81,-12,12
29997,62,66,-4,4
29998,140,154,-14,14
29999,129,149,-20,20
30000,98,95,3,3
30001,99,95,4,4
30002,71,65,6,6
30003,149,154,-5,5
30004,101,106,-5,5
30005,114,134,-20,20
30006,181,171,10,10
30007,112,117,-5,5
30008,112,121,-9,9
30009,95,113,-18,18
30010,133,132,1,1
30011,168,150,18,18
30012,24,21,3,3
30013,119,115,4,4
30014,102,101,1,1
30015,84,79,5,5
30016,134,124,10,10
30017,69,66,3,3
30018,66,67,-1,1
30019,74,71,3,3
30020,113,111,2,2
30021,64,74,-10,10
30022,79,77,2,2
30023,103,89,14,14
30024,107,106,1,1
30025,66,74,-8,8
30026,88,88,0,0
30027,158,156,2,2
30028,123,118,5,5
30029,73,87,-14,14
30030,105,113,-8,8
30031,65,69,-4,4
30032,119,129,-10,10
30033,68,67,1,1
30034,64,66,-2,2
30035,74,71,3,3
30036,23,22,1,1
30037,97,95,2,2
30038,124,121,3,3
30039,72,77,-5,5
30040,132,132,0,0
30041,42,53,-11,11
30042,121,110,11,11
30043,89,89,0,0
30044,113,118,-5,5
30045,114,117,-3,3
30046,57,59,-2,2
30047,63,65,-2,2
30048,121,120,1,1
30049,144,142,2,2
30050,118,116,2,2
30051,64,66,-2,2
30052,121,113,8,8
30053,135,131,4,4
30054,80,66,14,14
30055,110,104,6,6
30056,100,102,-2,2
30057,94,97,-3,3
30058,83,75,8,8
30059,87,88,-1,1
30060,67,62,5,5
30061,95,108,-13,13
30062,88,85,3,3
30063,93,94,-1,1
30064,91,77,14,14
30065,133,135,-2,2
30066,77,98,-21,21
30067,106,118,-12,12
30068,53,59,-6,6
30069,89,88,1,1
30070,154,133,21,21
30071,98,104,-6,6
30072,54,47,7,7
30073,79,83,-4,4
30074,115,115,0,0
30075,135,129,6,6
30076,81,77,4,4
30077,56,49,7,7
30078,54,64,-10,10
30079,73,67,6,6
30080,80,87,-7,7
30081,114,109,5,5
30082,170,176,-6,6
30083,124,116,8,8
30084,63,63,0,0
30085,93,115,-22,22
30086,77,80,-3,3
30087,178,165,13,13
30088,67,65,2,2
30089,72,59,13,13
30090,60,60,0,0
30091,64,64,0,0
30092,85,93,-8,8
30093,158,150,8,8
30094,124,113,11,11
30095,70,121,-51,51
30096,61,64,-3,3
30097,110,126,-16,16
30098,94,102,-8,8
30099,161,146,15,15
30100,98,123,-25,25
30101,165,151,14,14
30102,82,92,-10,10
30103,102,109,-7,7
30104,105,104,1,1
30105,85,90,-5,5
30106,106,110,-4,4
30107,91,71,20,20
30108,86,92,-6,6
30109,44,45,-1,1
30110,96,99,-3,3
30111,114,115,-1,1
30112,83,87,-4,4
30113,24,18,6,6
30114,75,82,-7,7
30115,140,147,-7,7
30116,46,44,2,2
30117,80,77,3,3
30118,82,101,-19,19
30119,125,132,-7,7
30120,56,60,-4,4
30121,76,73,3,3
30122,44,46,-2,2
30123,102,91,11,11
30124,146,136,10,10
30125,46,50,-4,4
30126,80,88,-8,8
30127,117,129,-12,12
30128,85,58,27,27
30129,60,53,7,7
30130,81,94,-13,13
30131,42,34,8,8
30132,79,97,-18,18
30133,98,97,1,1
30134,110,102,8,8
30135,74,73,1,1
30136,54,52,2,2
30137,113,115,-2,2
30138,78,89,-11,11
30139,52,51,1,1
30140,449,487,-38,38
30141,121,128,-7,7
30142,68,67,1,1
30143,35,40,-5,5
30144,36,32,4,4
30145,81,86,-5,5
30146,155,144,11,11
30147,207,183,24,24
30148,105,114,-9,9
30149,66,77,-11,11
30150,105,90,15,15
30151,63,55,8,8
30152,97,93,4,4
30153,114,111,3,3
30154,69,72,-3,3
30155,181,176,5,5
30156,58,67,-9,9
30157,56,60,-4,4
30158,41,44,-3,3
30159,61,70,-9,9
30160,108,123,-15,15
30161,113,106,7,7
30162,46,36,10,10
30163,85,84,1,1
30164,109,115,-6,6
30165,144,144,0,0
30166,45,79,-34,34
30167,56,52,4,4
30168,71,63,8,8
30169,83,74,9,9
30170,72,77,-5,5
30171,92,88,4,4
30172,97,128,-31,31
30173,52,49,3,3
30174,135,140,-5,5
30175,69,73,-4,4
30176,88,91,-3,3
30177,79,81,-2,2
30178,74,77,-3,3
30179,74,76,-2,2
30180,102,108,-6,6
30181,154,144,10,10
30182,225,202,23,23
30183,98,99,-1,1
30184,77,78,-1,1
30185,164,150,14,14
30186,144,118,26,26
30187,75,73,2,2
30188,142,156,-14,14
30189,115,117,-2,2
30190,81,84,-3,3
30191,103,117,-14,14
30192,94,98,-4,4
30193,76,77,-1,1
30194,50,47,3,3
30195,108,121,-13,13
30196,146,135,11,11
30197,90,85,5,5
30198,129,130,-1,1
30199,74,111,-37,37
30200,105,105,0,0
30201,91,92,-1,1
30202,121,131,-10,10
30203,109,99,10,10
30204,85,104,-19,19
30205,111,126,-15,15
30206,136,134,2,2
30207,74,68,6,6
30208,89,93,-4,4
30209,102,101,1,1
30210,63,56,7,7
30211,113,117,-4,4
30212,92,86,6,6
30213,87,83,4,4
30214,98,95,3,3
30215,111,108,3,3
30216,116,112,4,4
30217,133,139,-6,6
30218,160,139,21,21
30219,86,82,4,4
30220,132,123,9,9
30221,110,103,7,7
30222,53,52,1,1
30223,95,92,3,3
30224,88,93,-5,5
30225,56,56,0,0
30226,75,80,-5,5
30227,76,76,0,0
30228,47,44,3,3
30229,96,92,4,4
30230,39,63,-24,24
30231,159,155,4,4
30232,61,55,6,6
30233,53,51,2,2
30234,84,85,-1,1
30235,85,80,5,5
30236,82,88,-6,6
30237,88,90,-2,2
30238,87,65,22,22
30239,111,117,-6,6
30240,161,149,12,12
30241,131,129,2,2
30242,89,83,6,6
30243,156,153,3,3
30244,61,57,4,4
30245,94,98,-4,4
30246,102,90,12,12
30247,167,164,3,3
30248,182,175,7,7
30249,59,56,3,3
30250,162,148,14,14
30251,132,129,3,3
30252,66,44,22,22
30253,88,91,-3,3
30254,106,90,16,16
30255,59,64,-5,5
30256,86,99,-13,13
30257,45,48,-3,3
30258,42,52,-10,10
30259,54,53,1,1
30260,79,82,-3,3
30261,139,143,-4,4
30262,98,110,-12,12
30263,113,121,-8,8
30264,87,87,0,0
30265,55,62,-7,7
30266,47,55,-8,8
30267,93,104,-11,11
30268,55,63,-8,8
30269,113,147,-34,34
30270,87,83,4,4
30271,138,138,0,0
30272,106,101,5,5
30273,76,83,-7,7
30274,89,88,1,1
30275,90,93,-3,3
30276,119,119,0,0
30277,106,110,-4,4
30278,89,88,1,1
30279,80,89,-9,9
30280,77,78,-1,1
30281,138,132,6,6
30282,99,98,1,1
30283,70,79,-9,9
30284,107,110,-3,3
30285,64,67,-3,3
30286,123,115,8,8
30287,75,84,-9,9
30288,46,55,-9,9
30289,94,95,-1,1
30290,68,68,0,0
30291,116,130,-14,14
30292,68,75,-7,7
30293,42,32,10,10
30294,74,57,17,17
30295,102,109,-7,7
30296,111,111,0,0
30297,102,117,-15,15
30298,155,177,-22,22
30299,97,104,-7,7
30300,75,77,-2,2
30301,158,178,-20,20
30302,66,59,7,7
30303,72,70,2,2
30304,197,158,39,39
30305,133,114,19,19
30306,103,114,-11,11
30307,119,123,-4,4
30308,88,92,-4,4
30309,56,64,-8,8
30310,59,70,-11,11
30311,73,81,-8,8
30312,100,101,-1,1
30313,83,89,-6,6
30314,104,108,-4,4
30315,91,97,-6,6
30316,86,89,-3,3
30317,62,61,1,1
30318,90,100,-10,10
30319,79,71,8,8
30320,127,136,-9,9
30321,108,116,-8,8
30322,38,47,-9,9
30323,63,71,-8,8
30324,55,57,-2,2
30325,111,96,15,15
30326,53,57,-4,4
30327,77,73,4,4
30328,143,147,-4,4
30329,136,129,7,7
30330,47,53,-6,6
30331,85,82,3,3
30332,96,96,0,0
30333,87,93,-6,6
30334,87,87,0,0
30335,144,129,15,15
30336,105,98,7,7
30337,96,105,-9,9
30338,78,85,-7,7
30339,140,154,-14,14
30340,69,71,-2,2
30341,41,51,-10,10
30342,73,83,-10,10
30343,75,73,2,2
30344,54,61,-7,7
30345,71,84,-13,13
30346,92,103,-11,11
30347,78,63,15,15
30348,106,103,3,3
30349,77,75,2,2
30350,74,68,6,6
30351,59,55,4,4
30352,94,112,-18,18
30353,86,90,-4,4
30354,102,121,-19,19
30355,87,94,-7,7
30356,121,125,-4,4
30357,75,73,2,2
30358,108,102,6,6
30359,174,149,25,25
30360,119,113,6,6
30361,84,85,-1,1
30362,98,102,-4,4
30363,84,92,-8,8
30364,89,83,6,6
30365,87,76,11,11
30366,43,47,-4,4
30367,95,102,-7,7
30368,62,65,-3,3
30369,97,105,-8,8
30370,110,112,-2,2
30371,102,106,-4,4
30372,95,102,-7,7
30373,84,85,-1,1
30374,88,102,-14,14
30375,101,105,-4,4
30376,154,154,0,0
30377,159,143,16,16
30378,103,107,-4,4
30379,75,78,-3,3
30380,119,109,10,10
30381,27,30,-3,3
30382,77,76,1,1
30383,169,151,18,18
30384,151,151,0,0
30385,72,68,4,4
30386,145,125,20,20
30387,62,71,-9,9
30388,52,63,-11,11
30389,69,73,-4,4
30390,74,78,-4,4
30391,102,96,6,6
30392,91,96,-5,5
30393,93,91,2,2
30394,81,81,0,0
30395,137,131,6,6
30396,157,155,2,2
30397,48,48,0,0
30398,122,122,0,0
30399,64,64,0,0
30400,175,169,6,6
30401,74,65,9,9
30402,47,44,3,3
30403,103,105,-2,2
30404,88,89,-1,1
30405,64,73,-9,9
30406,94,91,3,3
30407,111,106,5,5
30408,209,183,26,26
30409,80,89,-9,9
30410,108,114,-6,6
30411,103,110,-7,7
30412,93,119,-26,26
30413,86,87,-1,1
30414,105,107,-2,2
30415,110,109,1,1
30416,82,89,-7,7
30417,69,63,6,6
30418,43,31,12,12
30419,74,86,-12,12
30420,131,123,8,8
30421,137,141,-4,4
30422,110,122,-12,12
30423,61,70,-9,9
30424,90,94,-4,4
30425,78,74,4,4
30426,82,88,-6,6
30427,82,83,-1,1
30428,66,65,1,1
30429,136,148,-12,12
30430,112,99,13,13
30431,71,74,-3,3
30432,114,126,-12,12
30433,105,151,-46,46
30434,93,83,10,10
30435,122,133,-11,11
30436,167,165,2,2
30437,67,70,-3,3
30438,62,77,-15,15
30439,116,112,4,4
30440,120,122,-2,2
30441,126,116,10,10
30442,110,111,-1,1
30443,85,86,-1,1
30444,124,115,9,9
30445,129,134,-5,5
30446,99,125,-26,26
30447,172,162,10,10
30448,76,82,-6,6
30449,64,62,2,2
30450,138,125,13,13
30451,59,52,7,7
30452,123,96,27,27
30453,140,83,57,57
30454,67,66,1,1
30455,211,192,19,19
30456,155,137,18,18
30457,84,89,-5,5
30458,125,122,3,3
30459,72,75,-3,3
30460,121,126,-5,5
30461,121,127,-6,6
30462,141,152,-11,11
30463,67,64,3,3
30464,73,105,-32,32
30465,107,113,-6,6
30466,72,66,6,6
30467,65,69,-4,4
30468,82,77,5,5
30469,87,80,7,7
30470,87,84,3,3
30471,52,55,-3,3
30472,84,85,-1,1
30473,81,75,6,6
30474,75,80,-5,5
30475,126,132,-6,6
30476,45,46,-1,1
30477,48,44,4,4
30478,77,84,-7,7
30479,150,135,15,15
30480,100,97,3,3
30481,128,144,-16,16
30482,86,87,-1,1
30483,72,66,6,6
30484,108,116,-8,8
30485,61,41,20,20
30486,121,123,-2,2
30487,132,133,-1,1
30488,112,118,-6,6
30489,148,152,-4,4
30490,89,104,-15,15
30491,47,51,-4,4
30492,75,75,0,0
30493,113,124,-11,11
30494,82,85,-3,3
30495,82,82,0,0
30496,155,145,10,10
30497,114,100,14,14
30498,85,90,-5,5
30499,97,102,-5,5
30500,117,116,1,1
30501,57,58,-1,1
30502,121,117,4,4
30503,50,53,-3,3
30504,32,39,-7,7
30505,126,125,1,1
30506,85,89,-4,4
30507,45,53,-8,8
30508,105,100,5,5
30509,84,86,-2,2
30510,99,96,3,3
30511,129,105,24,24
30512,115,117,-2,2
30513,127,131,-4,4
30514,42,69,-27,27
30515,86,104,-18,18
30516,106,108,-2,2
30517,108,104,4,4
30518,143,145,-2,2
30519,98,111,-13,13
30520,131,105,26,26
30521,117,126,-9,9
30522,82,75,7,7
30523,79,80,-1,1
30524,58,62,-4,4
30525,96,91,5,5
30526,105,94,11,11
30527,103,113,-10,10
30528,72,84,-12,12
30529,108,119,-11,11
30530,155,152,3,3
30531,164,152,12,12
30532,60,57,3,3
30533,130,128,2,2
30534,123,111,12,12
30535,104,117,-13,13
30536,79,81,-2,2
30537,136,138,-2,2
30538,130,129,1,1
30539,135,124,11,11
30540,77,75,2,2
30541,136,125,11,11
30542,107,62,45,45
30543,127,123,4,4
30544,116,122,-6,6
30545,132,131,1,1
30546,88,85,3,3
30547,74,64,10,10
30548,71,82,-11,11
30549,53,53,0,0
30550,57,56,1,1
30551,189,177,12,12
30552,49,48,1,1
30553,124,129,-5,5
30554,127,125,2,2
30555,45,55,-10,10
30556,110,121,-11,11
30557,104,115,-11,11
30558,82,85,-3,3
30559,133,136,-3,3
30560,229,205,24,24
30561,64,70,-6,6
30562,107,90,17,17
30563,109,112,-3,3
30564,174,156,18,18
30565,176,168,8,8
30566,101,94,7,7
30567,113,108,5,5
30568,139,132,7,7
30569,56,58,-2,2
30570,75,73,2,2
30571,89,93,-4,4
30572,34,40,-6,6
30573,130,134,-4,4
30574,81,83,-2,2
30575,103,109,-6,6
30576,99,107,-8,8
30577,136,135,1,1
30578,37,32,5,5
30579,82,75,7,7
30580,125,130,-5,5
30581,121,116,5,5
30582,94,93,1,1
30583,67,65,2,2
30584,110,123,-13,13
30585,82,75,7,7
30586,106,117,-11,11
30587,154,140,14,14
30588,97,80,17,17
30589,65,71,-6,6
30590,81,92,-11,11
30591,53,54,-1,1
30592,123,115,8,8
30593,123,115,8,8
30594,60,52,8,8
30595,59,61,-2,2
30596,71,100,-29,29
30597,154,144,10,10
30598,89,81,8,8
30599,89,86,3,3
30600,95,81,14,14
30601,78,83,-5,5
30602,79,86,-7,7
30603,132,130,2,2
30604,124,139,-15,15
30605,125,121,4,4
30606,73,70,3,3
30607,109,110,-1,1
30608,84,83,1,1
30609,114,123,-9,9
30610,98,106,-8,8
30611,229,210,19,19
30612,118,130,-12,12
30613,105,103,2,2
30614,56,58,-2,2
30615,86,85,1,1
30616,72,77,-5,5
30617,144,161,-17,17
30618,151,135,16,16
30619,91,89,2,2
30620,134,135,-1,1
30621,142,144,-2,2
30622,119,113,6,6
30623,115,107,8,8
30624,122,123,-1,1
30625,121,118,3,3
30626,145,154,-9,9
30627,151,144,7,7
30628,99,57,42,42
30629,90,88,2,2
30630,115,136,-21,21
30631,65,81,-16,16
30632,90,93,-3,3
30633,78,80,-2,2
30634,65,71,-6,6
30635,77,85,-8,8
30636,64,65,-1,1
30637,204,211,-7,7
30638,134,137,-3,3
30639,144,132,12,12
30640,127,131,-4,4
30641,88,81,7,7
30642,61,66,-5,5
30643,118,120,-2,2
30644,91,95,-4,4
30645,143,129,14,14
30646,166,145,21,21
30647,77,75,2,2
30648,97,94,3,3
30649,97,100,-3,3
30650,98,89,9,9
30651,71,68,3,3
30652,77,74,3,3
30653,145,141,4,4
30654,127,126,1,1
30655,144,141,3,3
30656,128,121,7,7
30657,148,135,13,13
30658,67,64,3,3
30659,147,155,-8,8
30660,85,106,-21,21
30661,98,104,-6,6
30662,72,78,-6,6
30663,74,76,-2,2
30664,111,118,-7,7
30665,80,76,4,4
30666,73,73,0,0
30667,79,81,-2,2
30668,90,79,11,11
30669,104,93,11,11
30670,70,73,-3,3
30671,99,112,-13,13
30672,64,65,-1,1
30673,68,70,-2,2
30674,96,91,5,5
30675,44,35,9,9
30676,84,87,-3,3
30677,81,77,4,4
30678,152,146,6,6
30679,69,79,-10,10
30680,86,107,-21,21
30681,89,95,-6,6
30682,151,153,-2,2
30683,80,87,-7,7
30684,97,84,13,13
30685,55,54,1,1
30686,126,123,3,3
30687,110,117,-7,7
30688,112,128,-16,16
30689,156,145,11,11
30690,52,38,14,14
30691,88,86,2,2
30692,98,103,-5,5
30693,131,119,12,12
30694,114,111,3,3
30695,154,150,4,4
30696,52,40,12,12
30697,134,140,-6,6
30698,60,55,5,5
30699,68,63,5,5
30700,119,122,-3,3
30701,61,77,-16,16
30702,94,107,-13,13
30703,98,105,-7,7
30704,103,118,-15,15
30705,120,121,-1,1
30706,97,104,-7,7
30707,126,112,14,14
30708,103,101,2,2
30709,97,103,-6,6
30710,89,88,1,1
30711,69,69,0,0
30712,58,63,-5,5
30713,109,110,-1,1
30714,91,83,8,8
30715,76,78,-2,2
30716,206,183,23,23
30717,109,96,13,13
30718,167,163,4,4
30719,124,120,4,4
30720,68,67,1,1
30721,162,137,25,25
30722,92,104,-12,12
30723,160,164,-4,4
30724,107,110,-3,3
30725,104,97,7,7
30726,72,74,-2,2
30727,59,65,-6,6
30728,102,90,12,12
30729,110,126,-16,16
30730,71,75,-4,4
30731,96,93,3,3
30732,117,109,8,8
30733,67,73,-6,6
30734,64,84,-20,20
30735,111,119,-8,8
30736,54,50,4,4
30737,70,73,-3,3
30738,89,83,6,6
30739,125,142,-17,17
30740,81,93,-12,12
30741,132,122,10,10
30742,122,129,-7,7
30743,83,92,-9,9
30744,49,57,-8,8
30745,134,127,7,7
30746,86,91,-5,5
30747,87,83,4,4
30748,113,120,-7,7
30749,147,146,1,1
30750,57,48,9,9
30751,81,81,0,0
30752,84,89,-5,5
30753,130,124,6,6
30754,103,101,2,2
30755,57,53,4,4
30756,58,54,4,4
30757,147,132,15,15
30758,136,133,3,3
30759,78,86,-8,8
30760,92,90,2,2
30761,69,77,-8,8
30762,151,145,6,6
30763,155,156,-1,1
30764,80,85,-5,5
30765,71,63,8,8
30766,113,174,-61,61
30767,129,111,18,18
30768,113,117,-4,4
30769,82,89,-7,7
30770,69,56,13,13
30771,95,98,-3,3
30772,86,87,-1,1
30773,86,84,2,2
30774,73,64,9,9
30775,84,90,-6,6
30776,99,99,0,0
30777,159,139,20,20
30778,94,94,0,0
30779,93,96,-3,3
30780,52,54,-2,2
30781,92,93,-1,1
30782,77,87,-10,10
30783,83,95,-12,12
30784,145,145,0,0
30785,89,85,4,4
30786,98,89,9,9
30787,128,132,-4,4
30788,70,84,-14,14
30789,85,87,-2,2
30790,94,97,-3,3
30791,63,73,-10,10
30792,120,121,-1,1
30793,93,95,-2,2
30794,113,109,4,4
30795,164,165,-1,1
30796,121,115,6,6
30797,61,57,4,4
30798,100,143,-43,43
30799,67,48,19,19
30800,107,110,-3,3
30801,56,51,5,5
30802,79,84,-5,5
30803,116,152,-36,36
30804,139,133,6,6
30805,112,122,-10,10
30806,92,89,3,3
30807,108,113,-5,5
30808,124,148,-24,24
30809,158,161,-3,3
30810,106,106,0,0
30811,132,137,-5,5
30812,100,95,5,5
30813,64,106,-42,42
30814,128,115,13,13
30815,53,58,-5,5
30816,54,53,1,1
30817,81,78,3,3
30818,67,72,-5,5
30819,97,128,-31,31
30820,129,124,5,5
30821,122,116,6,6
30822,139,133,6,6
30823,44,40,4,4
30824,131,122,9,9
30825,67,75,-8,8
30826,115,114,1,1
30827,53,53,0,0
30828,84,93,-9,9
30829,124,127,-3,3
30830,74,68,6,6
30831,104,117,-13,13
30832,70,78,-8,8
30833,112,127,-15,15
30834,90,81,9,9
30835,83,113,-30,30
30836,71,73,-2,2
30837,81,88,-7,7
30838,124,140,-16,16
30839,161,167,-6,6
30840,52,53,-1,1
30841,78,87,-9,9
30842,57,49,8,8
30843,113,113,0,0
30844,105,98,7,7
30845,119,114,5,5
30846,48,57,-9,9
30847,123,139,-16,16
30848,96,98,-2,2
30849,124,116,8,8
30850,129,132,-3,3
30851,125,137,-12,12
30852,104,118,-14,14
30853,117,122,-5,5
30854,151,140,11,11
30855,125,124,1,1
30856,87,102,-15,15
30857,71,72,-1,1
30858,58,57,1,1
30859,127,135,-8,8
30860,143,140,3,3
30861,78,77,1,1
30862,114,133,-19,19
30863,49,48,1,1
30864,86,89,-3,3
30865,81,95,-14,14
30866,85,87,-2,2
30867,158,152,6,6
30868,57,49,8,8
30869,109,105,4,4
30870,95,96,-1,1
30871,45,46,-1,1
30872,76,95,-19,19
30873,83,91,-8,8
30874,100,117,-17,17
30875,65,83,-18,18
30876,76,80,-4,4
30877,47,50,-3,3
30878,70,75,-5,5
30879,157,150,7,7
30880,204,177,27,27
30881,88,87,1,1
30882,93,92,1,1
30883,53,62,-9,9
30884,97,105,-8,8
30885,84,83,1,1
30886,66,74,-8,8
30887,73,78,-5,5
30888,64,67,-3,3
30889,102,91,11,11
30890,56,56,0,0
30891,73,80,-7,7
30892,78,86,-8,8
30893,64,75,-11,11
30894,89,92,-3,3
30895,108,105,3,3
30896,79,75,4,4
30897,99,102,-3,3
30898,104,111,-7,7
30899,174,162,12,12
30900,76,79,-3,3
30901,67,62,5,5
30902,103,103,0,0
30903,72,73,-1,1
30904,65,80,-15,15
30905,79,80,-1,1
30906,39,71,-32,32
30907,42,43,-1,1
30908,43,41,2,2
30909,130,127,3,3
30910,56,52,4,4
30911,67,75,-8,8
30912,61,58,3,3
30913,79,68,11,11
30914,122,107,15,15
30915,121,121,0,0
30916,87,84,3,3
30917,95,103,-8,8
30918,76,78,-2,2
30919,98,93,5,5
30920,149,147,2,2
30921,37,37,0,0
30922,91,81,10,10
30923,99,95,4,4
30924,64,62,2,2
30925,113,122,-9,9
30926,82,83,-1,1
30927,71,72,-1,1
30928,103,109,-6,6
30929,58,59,-1,1
30930,112,114,-2,2
30931,61,58,3,3
30932,60,74,-14,14
30933,118,129,-11,11
30934,48,53,-5,5
30935,86,73,13,13
30936,61,68,-7,7
30937,123,117,6,6
30938,151,145,6,6
30939,50,48,2,2
30940,123,131,-8,8
30941,186,184,2,2
30942,59,67,-8,8
30943,141,139,2,2
30944,130,146,-16,16
30945,83,81,2,2
30946,63,65,-2,2
30947,168,154,14,14
30948,88,86,2,2
30949,49,56,-7,7
30950,47,51,-4,4
30951,81,88,-7,7
30952,176,145,31,31
30953,58,63,-5,5
30954,48,40,8,8
30955,117,119,-2,2
30956,115,105,10,10
30957,120,114,6,6
30958,90,86,4,4
30959,46,55,-9,9
30960,113,127,-14,14
30961,64,71,-7,7
30962,126,123,3,3
30963,153,139,14,14
30964,114,117,-3,3
30965,182,178,4,4
30966,114,120,-6,6
30967,91,91,0,0
30968,116,107,9,9
30969,135,125,10,10
30970,70,79,-9,9
30971,80,75,5,5
30972,50,67,-17,17
30973,90,93,-3,3
30974,50,53,-3,3
30975,144,137,7,7
30976,77,75,2,2
30977,81,58,23,23
30978,41,47,-6,6
30979,80,83,-3,3
30980,97,94,3,3
30981,65,66,-1,1
30982,70,72,-2,2
30983,176,175,1,1
30984,143,145,-2,2
30985,79,75,4,4
30986,122,119,3,3
30987,135,142,-7,7
30988,85,95,-10,10
30989,50,62,-12,12
30990,88,94,-6,6
30991,120,113,7,7
30992,134,130,4,4
30993,74,75,-1,1
30994,86,95,-9,9
30995,95,95,0,0
30996,56,60,-4,4
30997,92,92,0,0
30998,86,89,-3,3
30999,70,87,-17,17
31000,81,78,3,3
31001,113,115,-2,2
31002,99,97,2,2
31003,77,79,-2,2
31004,31,14,17,17
31005,99,100,-1,1
31006,85,84,1,1
31007,80,85,-5,5
31008,92,91,1,1
31009,56,60,-4,4
31010,139,150,-11,11
31011,51,45,6,6
31012,36,50,-14,14
31013,126,124,2,2
31014,76,82,-6,6
31015,96,117,-21,21
31016,87,93,-6,6
31017,117,117,0,0
31018,102,107,-5,5
31019,89,95,-6,6
31020,107,96,11,11
31021,79,79,0,0
31022,89,93,-4,4
31023,67,65,2,2
31024,114,111,3,3
31025,69,72,-3,3
31026,115,104,11,11
31027,168,166,2,2
31028,84,86,-2,2
31029,79,55,24,24
31030,133,131,2,2
31031,123,114,9,9
31032,102,109,-7,7
31033,123,114,9,9
31034,97,84,13,13
31035,89,96,-7,7
31036,92,99,-7,7
31037,171,145,26,26
31038,72,68,4,4
31039,92,105,-13,13
31040,54,64,-10,10
31041,113,116,-3,3
31042,110,102,8,8
31043,64,63,1,1
31044,64,66,-2,2
31045,69,66,3,3
31046,81,82,-1,1
31047,101,107,-6,6
31048,92,89,3,3
31049,85,96,-11,11
31050,58,49,9,9
31051,124,122,2,2
31052,81,80,1,1
31053,108,104,4,4
31054,93,85,8,8
31055,70,64,6,6
31056,119,108,11,11
31057,65,56,9,9
31058,90,84,6,6
31059,53,52,1,1
31060,73,74,-1,1
31061,52,74,-22,22
31062,97,103,-6,6
31063,118,99,19,19
31064,95,96,-1,1
31065,89,92,-3,3
31066,66,63,3,3
31067,75,87,-12,12
31068,107,99,8,8
31069,63,64,-1,1
31070,148,132,16,16
31071,110,117,-7,7
31072,96,116,-20,20
31073,123,119,4,4
31074,123,122,1,1
31075,106,94,12,12
31076,101,103,-2,2
31077,105,106,-1,1
31078,94,108,-14,14
31079,53,68,-15,15
31080,53,62,-9,9
31081,116,112,4,4
31082,122,117,5,5
31083,96,105,-9,9
31084,117,111,6,6
31085,105,96,9,9
31086,74,76,-2,2
31087,43,49,-6,6
31088,110,112,-2,2
31089,71,73,-2,2
31090,72,69,3,3
31091,109,107,2,2
31092,142,141,1,1
31093,69,66,3,3
31094,127,132,-5,5
31095,113,120,-7,7
31096,61,62,-1,1
31097,108,111,-3,3
31098,83,80,3,3
31099,58,66,-8,8
31100,107,109,-2,2
31101,108,125,-17,17
31102,97,96,1,1
31103,101,96,5,5
31104,101,113,-12,12
31105,123,116,7,7
31106,68,73,-5,5
31107,89,81,8,8
31108,47,48,-1,1
31109,128,116,12,12
31110,117,113,4,4
31111,94,87,7,7
31112,111,106,5,5
31113,51,52,-1,1
31114,65,71,-6,6
31115,79,98,-19,19
31116,140,155,-15,15
31117,152,142,10,10
31118,108,116,-8,8
31119,115,107,8,8
31120,78,102,-24,24
31121,100,102,-2,2
31122,69,60,9,9
31123,127,127,0,0
31124,64,60,4,4
31125,148,149,-1,1
31126,105,98,7,7
31127,123,120,3,3
31128,56,62,-6,6
31129,60,71,-11,11
31130,100,92,8,8
31131,77,106,-29,29
31132,89,116,-27,27
31133,63,74,-11,11
31134,70,70,0,0
31135,74,71,3,3
31136,74,86,-12,12
31137,149,136,13,13
31138,60,65,-5,5
31139,115,178,-63,63
31140,65,67,-2,2
31141,95,83,12,12
31142,126,146,-20,20
31143,84,94,-10,10
31144,114,101,13,13
31145,130,124,6,6
31146,117,116,1,1
31147,135,145,-10,10
31148,110,115,-5,5
31149,74,70,4,4
31150,91,57,34,34
31151,102,102,0,0
31152,76,83,-7,7
31153,81,95,-14,14
31154,117,115,2,2
31155,58,62,-4,4
31156,52,69,-17,17
31157,44,61,-17,17
31158,126,140,-14,14
31159,102,103,-1,1
31160,68,60,8,8
31161,96,110,-14,14
31162,116,102,14,14
31163,96,95,1,1
31164,44,49,-5,5
31165,49,46,3,3
31166,109,115,-6,6
31167,40,48,-8,8
31168,84,120,-36,36
31169,57,55,2,2
31170,85,94,-9,9
31171,44,43,1,1
31172,77,75,2,2
31173,70,83,-13,13
31174,63,71,-8,8
31175,75,72,3,3
31176,88,90,-2,2
31177,98,95,3,3
31178,66,90,-24,24
31179,78,73,5,5
31180,95,107,-12,12
31181,99,138,-39,39
31182,20,99,-79,79
31183,88,95,-7,7
31184,165,162,3,3
31185,127,122,5,5
31186,55,57,-2,2
31187,145,140,5,5
31188,72,73,-1,1
31189,84,75,9,9
31190,62,63,-1,1
31191,107,101,6,6
31192,113,95,18,18
31193,64,63,1,1
31194,132,118,14,14
31195,80,65,15,15
31196,64,70,-6,6
31197,58,65,-7,7
31198,53,71,-18,18
31199,101,97,4,4
31200,97,90,7,7
31201,93,95,-2,2
31202,87,78,9,9
31203,78,78,0,0
31204,70,62,8,8
31205,119,96,23,23
31206,66,67,-1,1
31207,82,85,-3,3
31208,117,101,16,16
31209,106,97,9,9
31210,79,79,0,0
31211,129,155,-26,26
31212,95,94,1,1
31213,66,75,-9,9
31214,63,62,1,1
31215,128,126,2,2
31216,86,77,9,9
31217,87,95,-8,8
31218,115,105,10,10
31219,126,125,1,1
31220,66,112,-46,46
31221,138,142,-4,4
31222,118,102,16,16
31223,105,103,2,2
31224,59,65,-6,6
31225,51,47,4,4
31226,45,63,-18,18
31227,79,78,1,1
31228,103,103,0,0
31229,86,90,-4,4
31230,63,63,0,0
31231,104,98,6,6
31232,144,143,1,1
31233,160,146,14,14
31234,55,59,-4,4
31235,83,74,9,9
31236,104,102,2,2
31237,61,60,1,1
31238,92,97,-5,5
31239,72,78,-6,6
31240,103,98,5,5
31241,192,165,27,27
31242,89,86,3,3
31243,76,79,-3,3
31244,70,78,-8,8
31245,81,77,4,4
31246,96,98,-2,2
31247,120,116,4,4
31248,88,91,-3,3
31249,81,80,1,1
31250,91,98,-7,7
31251,104,98,6,6
31252,71,72,-1,1
31253,51,40,11,11
31254,138,127,11,11
31255,88,70,18,18
31256,64,75,-11,11
31257,108,109,-1,1
31258,120,113,7,7
31259,78,103,-25,25
31260,158,142,16,16
31261,185,161,24,24
31262,168,166,2,2
31263,96,103,-7,7
31264,100,84,16,16
31265,48,118,-70,70
31266,80,79,1,1
31267,49,51,-2,2
31268,108,108,0,0
31269,71,74,-3,3
31270,111,110,1,1
31271,75,83,-8,8
31272,117,114,3,3
31273,156,152,4,4
31274,111,105,6,6
31275,108,117,-9,9
31276,54,55,-1,1
31277,83,89,-6,6
31278,91,82,9,9
31279,53,60,-7,7
31280,46,43,3,3
31281,39,44,-5,5
31282,97,115,-18,18
31283,97,118,-21,21
31284,93,86,7,7
31285,173,166,7,7
31286,76,77,-1,1
31287,146,135,11,11
31288,128,136,-8,8
31289,81,75,6,6
31290,90,92,-2,2
31291,109,111,-2,2
31292,123,109,14,14
31293,100,103,-3,3
31294,77,78,-1,1
31295,77,78,-1,1
31296,109,99,10,10
31297,85,84,1,1
31298,94,89,5,5
31299,57,56,1,1
31300,51,51,0,0
31301,50,60,-10,10
31302,80,76,4,4
31303,73,70,3,3
31304,68,79,-11,11
31305,153,138,15,15
31306,120,142,-22,22
31307,99,106,-7,7
31308,97,98,-1,1
31309,82,82,0,0
31310,85,99,-14,14
31311,84,67,17,17
31312,93,108,-15,15
31313,55,61,-6,6
31314,53,56,-3,3
31315,148,141,7,7
31316,115,123,-8,8
31317,116,118,-2,2
31318,109,101,8,8
31319,72,81,-9,9
31320,85,90,-5,5
31321,78,66,12,12
31322,133,132,1,1
31323,89,89,0,0
31324,53,62,-9,9
31325,145,169,-24,24
31326,75,69,6,6
31327,60,65,-5,5
31328,71,66,5,5
31329,62,63,-1,1
31330,165,157,8,8
31331,51,52,-1,1
31332,146,170,-24,24
31333,64,66,-2,2
31334,75,86,-11,11
31335,79,75,4,4
31336,85,92,-7,7
31337,100,100,0,0
31338,119,108,11,11
31339,106,117,-11,11
31340,79,71,8,8
31341,163,150,13,13
31342,121,129,-8,8
31343,66,70,-4,4
31344,114,105,9,9
31345,77,81,-4,4
31346,57,59,-2,2
31347,87,90,-3,3
31348,86,85,1,1
31349,71,80,-9,9
31350,124,125,-1,1
31351,65,61,4,4
31352,111,111,0,0
31353,62,66,-4,4
31354,94,88,6,6
31355,76,77,-1,1
31356,122,137,-15,15
31357,136,147,-11,11
31358,76,73,3,3
31359,82,95,-13,13
31360,62,51,11,11
31361,65,60,5,5
31362,63,75,-12,12
31363,50,52,-2,2
31364,56,70,-14,14
31365,80,83,-3,3
31366,95,92,3,3
31367,94,96,-2,2
31368,90,79,11,11
31369,116,103,13,13
31370,113,107,6,6
31371,70,75,-5,5
31372,31,33,-2,2
31373,70,73,-3,3
31374,72,68,4,4
31375,92,88,4,4
31376,82,81,1,1
31377,58,73,-15,15
31378,104,110,-6,6
31379,75,78,-3,3
31380,90,92,-2,2
31381,130,134,-4,4
31382,126,125,1,1
31383,89,87,2,2
31384,108,124,-16,16
31385,51,58,-7,7
31386,132,132,0,0
31387,91,90,1,1
31388,109,122,-13,13
31389,103,120,-17,17
31390,87,88,-1,1
31391,123,125,-2,2
31392,109,101,8,8
31393,77,98,-21,21
31394,96,96,0,0
31395,82,83,-1,1
31396,111,111,0,0
31397,72,74,-2,2
31398,117,114,3,3
31399,117,114,3,3
31400,137,134,3,3
31401,107,101,6,6
31402,91,100,-9,9
31403,110,114,-4,4
31404,76,85,-9,9
31405,83,79,4,4
31406,142,134,8,8
31407,97,104,-7,7
31408,54,54,0,0
31409,71,79,-8,8
31410,91,100,-9,9
31411,100,105,-5,5
31412,47,50,-3,3
31413,114,98,16,16
31414,65,53,12,12
31415,33,27,6,6
31416,88,86,2,2
31417,102,109,-7,7
31418,72,88,-16,16
31419,95,102,-7,7
31420,100,103,-3,3
31421,200,201,-1,1
31422,147,125,22,22
31423,98,112,-14,14
31424,111,111,0,0
31425,105,110,-5,5
31426,89,89,0,0
31427,108,107,1,1
31428,35,66,-31,31
31429,54,59,-5,5
31430,124,124,0,0
31431,90,70,20,20
31432,130,130,0,0
31433,138,119,19,19
31434,143,125,18,18
31435,74,72,2,2
31436,47,58,-11,11
31437,64,69,-5,5
31438,174,179,-5,5
31439,96,97,-1,1
31440,132,127,5,5
31441,66,77,-11,11
31442,105,113,-8,8
31443,128,133,-5,5
31444,99,97,2,2
31445,70,68,2,2
31446,62,59,3,3
31447,78,76,2,2
31448,93,103,-10,10
31449,89,70,19,19
31450,104,119,-15,15
31451,74,73,1,1
31452,102,84,18,18
31453,58,58,0,0
31454,89,90,-1,1
31455,84,73,11,11
31456,128,122,6,6
31457,91,90,1,1
31458,80,77,3,3
31459,84,94,-10,10
31460,100,100,0,0
31461,115,109,6,6
31462,92,97,-5,5
31463,155,149,6,6
31464,175,144,31,31
31465,79,77,2,2
31466,70,68,2,2
31467,64,66,-2,2
31468,111,121,-10,10
31469,83,83,0,0
31470,92,95,-3,3
31471,153,145,8,8
31472,138,134,4,4
31473,90,119,-29,29
31474,104,113,-9,9
31475,52,50,2,2
31476,72,74,-2,2
31477,76,78,-2,2
31478,69,73,-4,4
31479,145,135,10,10
31480,67,67,0,0
31481,79,80,-1,1
31482,103,97,6,6
31483,145,149,-4,4
31484,86,89,-3,3
31485,112,104,8,8
31486,130,127,3,3
31487,173,169,4,4
31488,75,79,-4,4
31489,195,166,29,29
31490,93,94,-1,1
31491,102,99,3,3
31492,64,57,7,7
31493,68,64,4,4
31494,58,55,3,3
31495,93,83,10,10
31496,119,103,16,16
31497,54,55,-1,1
31498,72,89,-17,17
31499,82,84,-2,2
31500,130,134,-4,4
31501,75,80,-5,5
31502,73,79,-6,6
31503,72,73,-1,1
31504,243,262,-19,19
31505,62,76,-14,14
31506,79,56,23,23
31507,129,125,4,4
31508,119,109,10,10
31509,121,128,-7,7
31510,135,127,8,8
31511,64,59,5,5
31512,84,85,-1,1
31513,68,73,-5,5
31514,89,86,3,3
31515,59,50,9,9
31516,67,77,-10,10
31517,108,115,-7,7
31518,55,59,-4,4
31519,161,132,29,29
31520,75,78,-3,3
31521,113,116,-3,3
31522,102,96,6,6
31523,116,118,-2,2
31524,134,123,11,11
31525,161,138,23,23
31526,122,95,27,27
31527,103,118,-15,15
31528,75,78,-3,3
31529,162,142,20,20
31530,76,89,-13,13
31531,57,57,0,0
31532,74,82,-8,8
31533,78,73,5,5
31534,68,67,1,1
31535,101,96,5,5
31536,66,71,-5,5
31537,61,51,10,10
31538,120,116,4,4
31539,62,59,3,3
31540,149,133,16,16
31541,85,88,-3,3
31542,126,115,11,11
31543,192,183,9,9
31544,94,92,2,2
31545,69,70,-1,1
31546,99,84,15,15
31547,114,104,10,10
31548,75,76,-1,1
31549,113,130,-17,17
31550,165,156,9,9
31551,133,124,9,9
31552,86,118,-32,32
31553,72,64,8,8
31554,97,96,1,1
31555,113,153,-40,40
31556,110,120,-10,10
31557,119,118,1,1
31558,60,63,-3,3
31559,72,88,-16,16
31560,110,113,-3,3
31561,151,148,3,3
31562,70,99,-29,29
31563,89,95,-6,6
31564,112,98,14,14
31565,70,64,6,6
31566,64,67,-3,3
31567,155,152,3,3
31568,103,110,-7,7
31569,115,107,8,8
31570,57,60,-3,3
31571,92,99,-7,7
31572,96,91,5,5
31573,61,60,1,1
31574,144,128,16,16
31575,75,81,-6,6
31576,138,133,5,5
31577,103,109,-6,6
31578,118,105,13,13
31579,80,87,-7,7
31580,107,100,7,7
31581,84,83,1,1
31582,87,80,7,7
31583,56,50,6,6
31584,129,117,12,12
31585,94,89,5,5
31586,72,79,-7,7
31587,193,178,15,15
31588,141,133,8,8
31589,98,99,-1,1
31590,116,124,-8,8
31591,154,144,10,10
31592,116,122,-6,6
31593,75,79,-4,4
31594,107,98,9,9
31595,83,76,7,7
31596,103,117,-14,14
31597,99,97,2,2
31598,109,119,-10,10
31599,95,92,3,3
31600,85,77,8,8
31601,81,74,7,7
31602,112,71,41,41
31603,82,88,-6,6
31604,56,57,-1,1
31605,64,63,1,1
31606,105,125,-20,20
31607,118,115,3,3
31608,82,86,-4,4
31609,96,99,-3,3
31610,69,69,0,0
31611,128,127,1,1
31612,88,101,-13,13
31613,90,90,0,0
31614,141,132,9,9
31615,75,84,-9,9
31616,108,115,-7,7
31617,153,149,4,4
31618,101,103,-2,2
31619,76,77,-1,1
31620,86,97,-11,11
31621,49,44,5,5
31622,130,137,-7,7
31623,95,98,-3,3
31624,33,43,-10,10
31625,156,159,-3,3
31626,49,43,6,6
31627,89,84,5,5
31628,86,80,6,6
31629,80,77,3,3
31630,97,92,5,5
31631,59,62,-3,3
31632,153,147,6,6
31633,51,51,0,0
31634,88,81,7,7
31635,145,154,-9,9
31636,165,174,-9,9
31637,74,81,-7,7
31638,80,93,-13,13
31639,101,95,6,6
31640,46,46,0,0
31641,62,60,2,2
31642,107,98,9,9
31643,66,69,-3,3
31644,153,146,7,7
31645,75,80,-5,5
31646,49,51,-2,2
31647,120,125,-5,5
31648,131,129,2,2
31649,106,116,-10,10
31650,147,138,9,9
31651,81,83,-2,2
31652,94,93,1,1
31653,57,65,-8,8
31654,61,77,-16,16
31655,47,49,-2,2
31656,53,55,-2,2
31657,117,109,8,8
31658,98,60,38,38
31659,48,49,-1,1
31660,190,182,8,8
31661,68,69,-1,1
31662,106,98,8,8
31663,57,80,-23,23
31664,131,134,-3,3
31665,132,119,13,13
31666,74,80,-6,6
31667,125,129,-4,4
31668,86,91,-5,5
31669,49,48,1,1
31670,95,98,-3,3
31671,67,61,6,6
31672,82,88,-6,6
31673,93,92,1,1
31674,52,59,-7,7
31675,55,60,-5,5
31676,111,106,5,5
31677,73,74,-1,1
31678,72,82,-10,10
31679,160,159,1,1
31680,97,101,-4,4
31681,95,91,4,4
31682,117,97,20,20
31683,67,54,13,13
31684,55,64,-9,9
31685,103,96,7,7
31686,108,116,-8,8
31687,82,79,3,3
31688,155,150,5,5
31689,87,80,7,7
31690,88,90,-2,2
31691,84,100,-16,16
31692,66,74,-8,8
31693,59,61,-2,2
31694,80,79,1,1
31695,120,123,-3,3
31696,92,97,-5,5
31697,36,33,3,3
31698,89,73,16,16
31699,113,79,34,34
31700,86,90,-4,4
31701,117,148,-31,31
31702,78,75,3,3
31703,72,81,-9,9
31704,76,69,7,7
31705,76,75,1,1
31706,87,82,5,5
31707,76,100,-24,24
31708,79,63,16,16
31709,51,42,9,9
31710,121,137,-16,16
31711,100,90,10,10
31712,83,84,-1,1
31713,84,78,6,6
31714,100,116,-16,16
31715,125,135,-10,10
31716,73,63,10,10
31717,59,57,2,2
31718,79,85,-6,6
31719,76,75,1,1
31720,108,118,-10,10
31721,64,72,-8,8
31722,101,100,1,1
31723,140,133,7,7
31724,89,97,-8,8
31725,72,75,-3,3
31726,82,89,-7,7
31727,68,74,-6,6
31728,41,51,-10,10
31729,77,76,1,1
31730,150,136,14,14
31731,121,120,1,1
31732,96,120,-24,24
31733,50,49,1,1
31734,45,49,-4,4
31735,118,126,-8,8
31736,108,106,2,2
31737,74,69,5,5
31738,148,155,-7,7
31739,109,104,5,5
31740,53,58,-5,5
31741,69,65,4,4
31742,75,85,-10,10
31743,75,94,-19,19
31744,93,91,2,2
31745,36,37,-1,1
31746,62,70,-8,8
31747,139,138,1,1
31748,67,65,2,2
31749,199,193,6,6
31750,61,59,2,2
31751,66,67,-1,1
31752,58,58,0,0
31753,58,58,0,0
31754,98,104,-6,6
31755,65,65,0,0
31756,96,97,-1,1
31757,105,104,1,1
31758,44,43,1,1
31759,116,116,0,0
31760,87,86,1,1
31761,94,108,-14,14
31762,130,138,-8,8
31763,103,97,6,6
31764,85,81,4,4
31765,94,108,-14,14
31766,78,80,-2,2
31767,120,112,8,8
31768,48,50,-2,2
31769,107,101,6,6
31770,87,93,-6,6
31771,115,119,-4,4
31772,122,122,0,0
31773,137,126,11,11
31774,19,16,3,3
31775,90,95,-5,5
31776,45,44,1,1
31777,53,55,-2,2
31778,132,120,12,12
31779,54,51,3,3
31780,123,135,-12,12
31781,88,106,-18,18
31782,90,83,7,7
31783,112,110,2,2
31784,67,54,13,13
31785,50,54,-4,4
31786,65,65,0,0
31787,44,47,-3,3
31788,86,96,-10,10
31789,65,71,-6,6
31790,80,92,-12,12
31791,128,116,12,12
31792,166,149,17,17
31793,105,103,2,2
31794,77,84,-7,7
31795,113,130,-17,17
31796,82,78,4,4
31797,94,93,1,1
31798,123,115,8,8
31799,118,116,2,2
31800,159,160,-1,1
31801,100,81,19,19
31802,95,85,10,10
31803,128,130,-2,2
31804,67,82,-15,15
31805,131,111,20,20
31806,78,80,-2,2
31807,58,57,1,1
31808,126,117,9,9
31809,136,149,-13,13
31810,75,74,1,1
31811,100,96,4,4
31812,52,48,4,4
31813,94,85,9,9
31814,64,69,-5,5
31815,65,70,-5,5
31816,85,91,-6,6
31817,100,107,-7,7
31818,134,132,2,2
31819,88,92,-4,4
31820,87,88,-1,1
31821,112,116,-4,4
31822,222,206,16,16
31823,103,99,4,4
31824,131,151,-20,20
31825,143,134,9,9
31826,89,87,2,2
31827,144,131,13,13
31828,90,93,-3,3
31829,117,111,6,6
31830,41,42,-1,1
31831,161,150,11,11
31832,87,96,-9,9
31833,67,70,-3,3
31834,89,112,-23,23
31835,58,54,4,4
31836,54,55,-1,1
31837,66,54,12,12
31838,62,66,-4,4
31839,46,41,5,5
31840,116,129,-13,13
31841,146,151,-5,5
31842,153,158,-5,5
31843,110,94,16,16
31844,83,75,8,8
31845,138,140,-2,2
31846,117,113,4,4
31847,86,73,13,13
31848,170,167,3,3
31849,96,105,-9,9
31850,57,50,7,7
31851,102,97,5,5
31852,96,90,6,6
31853,88,92,-4,4
31854,117,116,1,1
31855,83,101,-18,18
31856,94,105,-11,11
31857,68,75,-7,7
31858,81,71,10,10
31859,165,158,7,7
31860,93,88,5,5
31861,169,162,7,7
31862,79,96,-17,17
31863,91,85,6,6
31864,96,98,-2,2
31865,107,94,13,13
31866,98,98,0,0
31867,81,76,5,5
31868,125,122,3,3
31869,111,108,3,3
31870,50,54,-4,4
31871,102,114,-12,12
31872,94,90,4,4
31873,57,58,-1,1
31874,110,106,4,4
31875,89,96,-7,7
31876,69,52,17,17
31877,116,118,-2,2
31878,135,124,11,11
31879,76,75,1,1
31880,98,88,10,10
31881,72,67,5,5
31882,68,75,-7,7
31883,77,78,-1,1
31884,125,140,-15,15
31885,115,109,6,6
31886,136,127,9,9
31887,80,83,-3,3
31888,82,80,2,2
31889,76,80,-4,4
31890,82,79,3,3
31891,138,133,5,5
31892,108,100,8,8
31893,153,147,6,6
31894,76,75,1,1
31895,100,88,12,12
31896,97,96,1,1
31897,119,110,9,9
31898,35,39,-4,4
31899,39,37,2,2
31900,102,97,5,5
31901,93,108,-15,15
31902,122,121,1,1
31903,88,82,6,6
31904,84,89,-5,5
31905,207,190,17,17
31906,67,72,-5,5
31907,111,114,-3,3
31908,75,77,-2,2
31909,112,92,20,20
31910,59,69,-10,10
31911,66,63,3,3
31912,161,157,4,4
31913,80,88,-8,8
31914,64,64,0,0
31915,123,77,46,46
31916,123,118,5,5
31917,144,141,3,3
31918,61,60,1,1
31919,85,77,8,8
31920,100,95,5,5
31921,100,97,3,3
31922,65,52,13,13
31923,75,77,-2,2
31924,104,96,8,8
31925,112,121,-9,9
31926,93,103,-10,10
31927,69,63,6,6
31928,58,56,2,2
31929,120,120,0,0
31930,131,126,5,5
31931,101,93,8,8
31932,156,156,0,0
31933,83,81,2,2
31934,62,63,-1,1
31935,94,96,-2,2
31936,87,92,-5,5
31937,182,173,9,9
31938,132,131,1,1
31939,100,104,-4,4
31940,74,76,-2,2
31941,57,64,-7,7
31942,95,94,1,1
31943,64,58,6,6
31944,99,94,5,5
31945,102,113,-11,11
31946,144,135,9,9
31947,152,145,7,7
31948,66,60,6,6
31949,57,62,-5,5
31950,73,80,-7,7
31951,85,81,4,4
31952,111,116,-5,5
31953,78,82,-4,4
31954,87,86,1,1
31955,58,70,-12,12
31956,125,117,8,8
31957,98,99,-1,1
31958,127,117,10,10
31959,125,120,5,5
31960,107,110,-3,3
31961,57,64,-7,7
31962,161,154,7,7
31963,109,104,5,5
31964,110,103,7,7
31965,64,62,2,2
31966,304,315,-11,11
31967,75,76,-1,1
31968,161,168,-7,7
31969,85,97,-12,12
31970,124,109,15,15
31971,53,55,-2,2
31972,98,102,-4,4
31973,124,117,7,7
31974,67,61,6,6
31975,59,49,10,10
31976,115,106,9,9
31977,91,82,9,9
31978,108,110,-2,2
31979,82,92,-10,10
31980,104,98,6,6
31981,65,71,-6,6
31982,107,108,-1,1
31983,140,142,-2,2
31984,83,88,-5,5
31985,128,155,-27,27
31986,65,61,4,4
31987,70,78,-8,8
31988,160,164,-4,4
31989,94,96,-2,2
31990,74,69,5,5
31991,99,104,-5,5
31992,105,108,-3,3
31993,65,71,-6,6
31994,46,43,3,3
31995,72,79,-7,7
31996,53,38,15,15
31997,110,117,-7,7
31998,100,95,5,5
31999,65,72,-7,7
32000,102,98,4,4
32001,128,126,2,2
32002,90,87,3,3
32003,139,161,-22,22
32004,145,135,10,10
32005,89,81,8,8
32006,68,80,-12,12
32007,64,52,12,12
32008,79,86,-7,7
32009,86,77,9,9
32010,60,65,-5,5
32011,101,102,-1,1
32012,36,40,-4,4
32013,103,103,0,0
32014,52,49,3,3
32015,152,147,5,5
32016,80,91,-11,11
32017,142,126,16,16
32018,129,113,16,16
32019,140,126,14,14
32020,49,39,10,10
32021,147,158,-11,11
32022,100,93,7,7
32023,59,70,-11,11
32024,106,113,-7,7
32025,88,92,-4,4
32026,86,88,-2,2
32027,106,89,17,17
32028,110,110,0,0
32029,43,42,1,1
32030,114,127,-13,13
32031,77,72,5,5
32032,103,103,0,0
32033,125,129,-4,4
32034,65,65,0,0
32035,105,106,-1,1
32036,98,120,-22,22
32037,132,141,-9,9
32038,119,116,3,3
32039,80,82,-2,2
32040,107,124,-17,17
32041,94,88,6,6
32042,59,70,-11,11
32043,109,110,-1,1
32044,144,148,-4,4
32045,45,47,-2,2
32046,66,50,16,16
32047,122,125,-3,3
32048,88,89,-1,1
32049,53,38,15,15
32050,58,65,-7,7
32051,68,72,-4,4
32052,104,102,2,2
32053,129,128,1,1
32054,55,57,-2,2
32055,80,67,13,13
32056,100,101,-1,1
32057,64,74,-10,10
32058,150,148,2,2
32059,80,69,11,11
32060,96,98,-2,2
32061,83,92,-9,9
32062,39,45,-6,6
32063,112,101,11,11
32064,146,127,19,19
32065,91,99,-8,8
32066,77,91,-14,14
32067,121,124,-3,3
32068,113,116,-3,3
32069,132,139,-7,7
32070,102,91,11,11
32071,71,70,1,1
32072,81,85,-4,4
32073,60,72,-12,12
32074,112,112,0,0
32075,95,89,6,6
32076,116,120,-4,4
32077,85,86,-1,1
32078,116,121,-5,5
32079,107,111,-4,4
32080,156,138,18,18
32081,84,85,-1,1
32082,77,85,-8,8
32083,111,105,6,6
32084,61,89,-28,28
32085,124,124,0,0
32086,106,92,14,14
32087,116,115,1,1
32088,64,79,-15,15
32089,108,104,4,4
32090,76,75,1,1
32091,72,78,-6,6
32092,75,65,10,10
32093,66,63,3,3
32094,128,138,-10,10
32095,189,166,23,23
32096,120,116,4,4
32097,64,62,2,2
32098,141,143,-2,2
32099,96,97,-1,1
32100,170,160,10,10
32101,83,83,0,0
32102,101,106,-5,5
32103,81,90,-9,9
32104,43,50,-7,7
32105,150,152,-2,2
32106,70,55,15,15
32107,89,85,4,4
32108,115,114,1,1
32109,103,104,-1,1
32110,54,47,7,7
32111,63,62,1,1
32112,127,131,-4,4
32113,96,73,23,23
32114,79,95,-16,16
32115,83,97,-14,14
32116,108,100,8,8
32117,116,110,6,6
32118,121,116,5,5
32119,127,111,16,16
32120,109,111,-2,2
32121,96,107,-11,11
32122,82,83,-1,1
32123,103,143,-40,40
32124,142,141,1,1
32125,161,159,2,2
32126,126,128,-2,2
32127,78,75,3,3
32128,157,163,-6,6
32129,63,67,-4,4
32130,64,68,-4,4
32131,90,89,1,1
32132,95,104,-9,9
32133,146,157,-11,11
32134,56,56,0,0
32135,48,39,9,9
32136,68,68,0,0
32137,94,94,0,0
32138,87,84,3,3
32139,122,111,11,11
32140,126,112,14,14
32141,55,52,3,3
32142,61,54,7,7
32143,89,99,-10,10
32144,62,70,-8,8
32145,71,69,2,2
32146,87,94,-7,7
32147,39,32,7,7
32148,123,120,3,3
32149,79,81,-2,2
32150,109,106,3,3
32151,101,118,-17,17
32152,107,97,10,10
32153,114,110,4,4
32154,81,100,-19,19
32155,167,163,4,4
32156,71,75,-4,4
32157,65,67,-2,2
32158,76,75,1,1
32159,94,93,1,1
32160,162,150,12,12
32161,86,103,-17,17
32162,162,165,-3,3
32163,50,52,-2,2
32164,109,109,0,0
32165,70,68,2,2
32166,69,65,4,4
32167,36,34,2,2
32168,117,109,8,8
32169,104,91,13,13
32170,107,110,-3,3
32171,66,72,-6,6
32172,98,92,6,6
32173,113,119,-6,6
32174,57,61,-4,4
32175,117,114,3,3
32176,79,100,-21,21
32177,88,95,-7,7
32178,101,102,-1,1
32179,98,102,-4,4
32180,164,195,-31,31
32181,108,111,-3,3
32182,79,84,-5,5
32183,77,84,-7,7
32184,81,78,3,3
32185,111,104,7,7
32186,108,111,-3,3
32187,104,93,11,11
32188,51,44,7,7
32189,79,77,2,2
32190,141,137,4,4
32191,105,109,-4,4
32192,79,86,-7,7
32193,121,112,9,9
32194,85,104,-19,19
32195,60,64,-4,4
32196,76,74,2,2
32197,66,66,0,0
32198,140,134,6,6
32199,115,99,16,16
32200,135,125,10,10
32201,137,144,-7,7
32202,108,120,-12,12
32203,56,63,-7,7
32204,145,140,5,5
32205,107,115,-8,8
32206,75,48,27,27
32207,73,76,-3,3
32208,58,59,-1,1
32209,73,76,-3,3
32210,100,94,6,6
32211,154,145,9,9
32212,89,84,5,5
32213,86,80,6,6
32214,218,192,26,26
32215,96,101,-5,5
32216,72,76,-4,4
32217,136,147,-11,11
32218,197,189,8,8
32219,75,75,0,0
32220,138,137,1,1
32221,112,129,-17,17
32222,97,104,-7,7
32223,50,58,-8,8
32224,144,132,12,12
32225,62,64,-2,2
32226,91,103,-12,12
32227,108,111,-3,3
32228,111,116,-5,5
32229,154,135,19,19
32230,84,91,-7,7
32231,181,178,3,3
32232,80,87,-7,7
32233,134,126,8,8
32234,78,78,0,0
32235,243,201,42,42
32236,59,51,8,8
32237,83,75,8,8
32238,76,69,7,7
32239,88,87,1,1
32240,62,63,-1,1
32241,81,91,-10,10
32242,127,128,-1,1
32243,119,113,6,6
32244,70,85,-15,15
32245,114,106,8,8
32246,91,89,2,2
32247,120,106,14,14
32248,61,57,4,4
32249,73,76,-3,3
32250,77,82,-5,5
32251,175,176,-1,1
32252,86,83,3,3
32253,125,118,7,7
32254,109,113,-4,4
32255,90,103,-13,13
32256,71,76,-5,5
32257,64,52,12,12
32258,91,82,9,9
32259,116,119,-3,3
32260,63,57,6,6
32261,79,76,3,3
32262,56,43,13,13
32263,144,135,9,9
32264,130,115,15,15
32265,73,86,-13,13
32266,64,44,20,20
32267,146,131,15,15
32268,30,48,-18,18
32269,107,127,-20,20
32270,80,94,-14,14
32271,94,122,-28,28
32272,57,59,-2,2
32273,85,84,1,1
32274,157,154,3,3
32275,131,128,3,3
32276,170,153,17,17
32277,115,120,-5,5
32278,124,114,10,10
32279,83,83,0,0
32280,139,134,5,5
32281,104,107,-3,3
32282,54,56,-2,2
32283,117,114,3,3
32284,84,96,-12,12
32285,97,97,0,0
32286,50,45,5,5
32287,57,69,-12,12
32288,84,86,-2,2
32289,70,70,0,0
32290,75,81,-6,6
32291,33,47,-14,14
32292,110,125,-15,15
32293,60,61,-1,1
32294,66,73,-7,7
32295,121,103,18,18
32296,97,99,-2,2
32297,128,122,6,6
32298,82,81,1,1
32299,110,111,-1,1
32300,135,137,-2,2
32301,96,91,5,5
32302,79,75,4,4
32303,82,75,7,7
32304,112,95,17,17
32305,119,126,-7,7
32306,113,96,17,17
32307,129,128,1,1
32308,30,30,0,0
32309,143,150,-7,7
32310,48,48,0,0
32311,70,74,-4,4
32312,66,106,-40,40
32313,117,122,-5,5
32314,49,55,-6,6
32315,73,83,-10,10
32316,104,115,-11,11
32317,78,86,-8,8
32318,94,92,2,2
32319,39,36,3,3
32320,163,151,12,12
32321,131,132,-1,1
32322,78,109,-31,31
32323,107,119,-12,12
32324,40,44,-4,4
32325,83,86,-3,3
32326,88,98,-10,10
32327,104,103,1,1
32328,116,104,12,12
32329,144,131,13,13
32330,93,96,-3,3
32331,89,89,0,0
32332,110,113,-3,3
32333,62,91,-29,29
32334,100,101,-1,1
32335,79,89,-10,10
32336,80,79,1,1
32337,120,122,-2,2
32338,84,106,-22,22
32339,88,95,-7,7
32340,132,130,2,2
32341,93,85,8,8
32342,79,87,-8,8
32343,27,37,-10,10
32344,97,99,-2,2
32345,167,156,11,11
32346,146,148,-2,2
32347,45,43,2,2
32348,53,48,5,5
32349,57,60,-3,3
32350,40,43,-3,3
32351,77,81,-4,4
32352,120,115,5,5
32353,87,105,-18,18
32354,189,165,24,24
32355,84,87,-3,3
32356,68,72,-4,4
32357,85,83,2,2
32358,75,81,-6,6
32359,58,63,-5,5
32360,67,69,-2,2
32361,58,63,-5,5
32362,38,30,8,8
32363,63,65,-2,2
32364,82,94,-12,12
32365,111,127,-16,16
32366,168,148,20,20
32367,67,69,-2,2
32368,92,93,-1,1
32369,43,38,5,5
32370,126,115,11,11
32371,94,98,-4,4
32372,108,112,-4,4
32373,80,86,-6,6
32374,159,143,16,16
32375,101,81,20,20
32376,71,64,7,7
32377,77,89,-12,12
32378,53,59,-6,6
32379,96,101,-5,5
32380,144,124,20,20
32381,96,105,-9,9
32382,120,120,0,0
32383,91,92,-1,1
32384,57,65,-8,8
32385,95,105,-10,10
32386,114,119,-5,5
32387,115,114,1,1
32388,63,48,15,15
32389,103,101,2,2
32390,213,196,17,17
32391,82,90,-8,8
32392,113,105,8,8
32393,75,71,4,4
32394,122,126,-4,4
32395,82,73,9,9
32396,112,105,7,7
32397,114,105,9,9
32398,62,52,10,10
32399,145,137,8,8
32400,153,157,-4,4
32401,102,76,26,26
32402,65,74,-9,9
32403,79,71,8,8
32404,85,99,-14,14
32405,69,65,4,4
32406,69,81,-12,12
32407,106,145,-39,39
32408,73,68,5,5
32409,95,88,7,7
32410,68,78,-10,10
32411,72,75,-3,3
32412,71,79,-8,8
32413,135,125,10,10
32414,115,112,3,3
32415,75,77,-2,2
32416,57,61,-4,4
32417,33,36,-3,3
32418,73,79,-6,6
32419,147,144,3,3
32420,100,105,-5,5
32421,81,78,3,3
32422,130,123,7,7
32423,63,66,-3,3
32424,75,78,-3,3
32425,97,113,-16,16
32426,80,94,-14,14
32427,67,68,-1,1
32428,135,132,3,3
32429,48,45,3,3
32430,113,131,-18,18
32431,62,57,5,5
32432,66,65,1,1
32433,62,54,8,8
32434,140,155,-15,15
32435,82,90,-8,8
32436,86,86,0,0
32437,123,136,-13,13
32438,134,126,8,8
32439,63,65,-2,2
32440,142,131,11,11
32441,63,64,-1,1
32442,94,89,5,5
32443,72,77,-5,5
32444,146,144,2,2
32445,90,62,28,28
32446,57,57,0,0
32447,51,59,-8,8
32448,64,68,-4,4
32449,80,93,-13,13
32450,105,110,-5,5
32451,109,105,4,4
32452,99,113,-14,14
32453,209,192,17,17
32454,82,74,8,8
32455,49,38,11,11
32456,72,71,1,1
32457,62,68,-6,6
32458,50,54,-4,4
32459,153,155,-2,2
32460,140,141,-1,1
32461,95,83,12,12
32462,81,76,5,5
32463,114,107,7,7
32464,130,125,5,5
32465,31,35,-4,4
32466,86,96,-10,10
32467,100,110,-10,10
32468,58,58,0,0
32469,58,57,1,1
32470,95,89,6,6
32471,121,126,-5,5
32472,83,80,3,3
32473,152,139,13,13
32474,138,140,-2,2
32475,128,128,0,0
32476,92,104,-12,12
32477,64,51,13,13
32478,72,83,-11,11
32479,110,114,-4,4
32480,57,55,2,2
32481,99,95,4,4
32482,98,95,3,3
32483,73,81,-8,8
32484,53,47,6,6
32485,55,54,1,1
32486,61,62,-1,1
32487,239,198,41,41
32488,86,86,0,0
32489,133,110,23,23
32490,80,86,-6,6
32491,76,68,8,8
32492,79,73,6,6
32493,140,135,5,5
32494,97,98,-1,1
32495,74,64,10,10
32496,142,133,9,9
32497,82,80,2,2
32498,62,68,-6,6
32499,101,113,-12,12
32500,69,85,-16,16
32501,171,156,15,15
32502,69,81,-12,12
32503,72,72,0,0
32504,93,89,4,4
32505,78,90,-12,12
32506,68,64,4,4
32507,54,57,-3,3
32508,110,107,3,3
32509,69,82,-13,13
32510,92,91,1,1
32511,65,64,1,1
32512,28,23,5,5
32513,65,57,8,8
32514,69,62,7,7
32515,119,107,12,12
32516,78,73,5,5
32517,75,77,-2,2
32518,70,68,2,2
32519,57,70,-13,13
32520,88,90,-2,2
32521,80,79,1,1
32522,113,126,-13,13
32523,63,61,2,2
32524,91,90,1,1
32525,141,128,13,13
32526,88,89,-1,1
32527,46,50,-4,4
32528,109,102,7,7
32529,98,100,-2,2
32530,177,162,15,15
32531,142,137,5,5
32532,56,55,1,1
32533,166,152,14,14
32534,70,69,1,1
32535,64,68,-4,4
32536,70,76,-6,6
32537,66,78,-12,12
32538,104,103,1,1
32539,131,130,1,1
32540,82,82,0,0
32541,65,60,5,5
32542,95,92,3,3
32543,79,74,5,5
32544,86,80,6,6
32545,84,84,0,0
32546,103,82,21,21
32547,77,75,2,2
32548,125,136,-11,11
32549,122,126,-4,4
32550,64,62,2,2
32551,95,106,-11,11
32552,79,85,-6,6
32553,67,67,0,0
32554,160,149,11,11
32555,103,104,-1,1
32556,114,117,-3,3
32557,74,78,-4,4
32558,123,136,-13,13
32559,50,52,-2,2
32560,53,54,-1,1
32561,195,194,1,1
32562,71,75,-4,4
32563,171,153,18,18
32564,90,97,-7,7
32565,75,75,0,0
32566,84,91,-7,7
32567,86,124,-38,38
32568,101,105,-4,4
32569,131,115,16,16
32570,159,149,10,10
32571,52,68,-16,16
32572,119,122,-3,3
32573,85,85,0,0
32574,97,96,1,1
32575,73,75,-2,2
32576,54,63,-9,9
32577,73,64,9,9
32578,127,119,8,8
32579,164,160,4,4
32580,104,98,6,6
32581,57,49,8,8
32582,40,48,-8,8
32583,103,109,-6,6
32584,149,148,1,1
32585,105,105,0,0
32586,184,166,18,18
32587,74,70,4,4
32588,145,131,14,14
32589,74,87,-13,13
32590,83,92,-9,9
32591,82,79,3,3
32592,85,101,-16,16
32593,133,143,-10,10
32594,68,64,4,4
32595,56,68,-12,12
32596,183,168,15,15
32597,66,69,-3,3
32598,115,132,-17,17
32599,86,84,2,2
32600,64,58,6,6
32601,41,40,1,1
32602,97,117,-20,20
32603,76,79,-3,3
32604,64,64,0,0
32605,67,66,1,1
32606,92,86,6,6
32607,86,86,0,0
32608,86,87,-1,1
32609,114,114,0,0
32610,134,127,7,7
32611,80,76,4,4
32612,151,168,-17,17
32613,99,104,-5,5
32614,144,134,10,10
32615,118,116,2,2
32616,74,75,-1,1
32617,85,86,-1,1
32618,51,59,-8,8
32619,57,58,-1,1
32620,152,140,12,12
32621,80,81,-1,1
32622,83,77,6,6
32623,69,66,3,3
32624,126,131,-5,5
32625,178,162,16,16
32626,101,107,-6,6
32627,110,122,-12,12
32628,53,57,-4,4
32629,89,101,-12,12
32630,97,103,-6,6
32631,81,79,2,2
32632,87,83,4,4
32633,52,50,2,2
32634,98,95,3,3
32635,109,109,0,0
32636,103,102,1,1
32637,90,76,14,14
32638,73,70,3,3
32639,157,153,4,4
32640,106,105,1,1
32641,144,144,0,0
32642,105,113,-8,8
32643,191,178,13,13
32644,79,81,-2,2
32645,113,104,9,9
32646,66,66,0,0
32647,62,77,-15,15
32648,71,77,-6,6
32649,93,111,-18,18
32650,90,79,11,11
32651,81,80,1,1
32652,97,100,-3,3
32653,43,57,-14,14
32654,150,138,12,12
32655,78,76,2,2
32656,122,114,8,8
32657,76,77,-1,1
32658,50,58,-8,8
32659,78,75,3,3
32660,68,72,-4,4
32661,92,88,4,4
32662,65,71,-6,6
32663,112,113,-1,1
32664,69,75,-6,6
32665,86,85,1,1
32666,73,77,-4,4
32667,99,102,-3,3
32668,99,93,6,6
32669,70,79,-9,9
32670,88,85,3,3
32671,66,66,0,0
32672,123,118,5,5
32673,72,67,5,5
32674,120,137,-17,17
32675,51,56,-5,5
32676,68,65,3,3
32677,103,107,-4,4
32678,76,74,2,2
32679,77,86,-9,9
32680,143,153,-10,10
32681,128,121,7,7
32682,87,78,9,9
32683,47,47,0,0
32684,119,115,4,4
32685,119,106,13,13
32686,52,49,3,3
32687,123,114,9,9
32688,78,81,-3,3
32689,135,143,-8,8
32690,65,68,-3,3
32691,50,54,-4,4
32692,59,81,-22,22
32693,95,86,9,9
32694,74,89,-15,15
32695,127,110,17,17
32696,135,103,32,32
32697,80,79,1,1
32698,81,85,-4,4
32699,102,106,-4,4
32700,131,137,-6,6
32701,96,89,7,7
32702,100,102,-2,2
32703,104,108,-4,4
32704,112,116,-4,4
32705,103,94,9,9
32706,96,94,2,2
32707,86,82,4,4
32708,130,133,-3,3
32709,47,44,3,3
32710,118,119,-1,1
32711,81,81,0,0
32712,117,100,17,17
32713,77,86,-9,9
32714,129,122,7,7
32715,111,98,13,13
32716,131,130,1,1
32717,67,71,-4,4
32718,66,78,-12,12
32719,111,116,-5,5
32720,71,89,-18,18
32721,58,57,1,1
32722,61,77,-16,16
32723,65,63,2,2
32724,91,113,-22,22
32725,126,128,-2,2
32726,79,68,11,11
32727,98,96,2,2
32728,83,107,-24,24
32729,46,46,0,0
32730,71,78,-7,7
32731,56,67,-11,11
32732,74,68,6,6
32733,86,82,4,4
32734,125,119,6,6
32735,71,65,6,6
32736,62,63,-1,1
32737,96,63,33,33
32738,145,136,9,9
32739,73,72,1,1
32740,67,70,-3,3
32741,87,90,-3,3
32742,79,71,8,8
32743,93,94,-1,1
32744,72,74,-2,2
32745,68,65,3,3
32746,72,73,-1,1
32747,132,119,13,13
32748,75,75,0,0
32749,86,87,-1,1
32750,101,95,6,6
32751,193,190,3,3
32752,124,126,-2,2
32753,96,94,2,2
32754,102,108,-6,6
32755,48,44,4,4
32756,95,81,14,14
32757,172,162,10,10
32758,174,176,-2,2
32759,171,156,15,15
32760,64,66,-2,2
32761,90,92,-2,2
32762,77,88,-11,11
32763,79,74,5,5
32764,82,82,0,0
32765,128,125,3,3
32766,96,110,-14,14
32767,88,88,0,0
32768,78,87,-9,9
32769,115,126,-11,11
32770,75,89,-14,14
32771,132,130,2,2
32772,161,146,15,15
32773,117,115,2,2
32774,61,59,2,2
32775,84,67,17,17
32776,102,104,-2,2
32777,108,109,-1,1
32778,108,118,-10,10
32779,156,155,1,1
32780,107,105,2,2
32781,74,69,5,5
32782,185,194,-9,9
32783,61,72,-11,11
32784,106,112,-6,6
32785,73,77,-4,4
32786,83,75,8,8
32787,53,53,0,0
32788,216,198,18,18
32789,90,86,4,4
32790,94,106,-12,12
32791,113,120,-7,7
32792,48,46,2,2
32793,125,142,-17,17
32794,58,53,5,5
32795,112,112,0,0
32796,91,88,3,3
32797,90,103,-13,13
32798,104,100,4,4
32799,59,64,-5,5
32800,74,66,8,8
32801,99,110,-11,11
32802,76,89,-13,13
32803,101,100,1,1
32804,143,132,11,11
32805,66,67,-1,1
32806,108,94,14,14
32807,126,121,5,5
32808,102,94,8,8
32809,106,110,-4,4
32810,84,83,1,1
32811,133,124,9,9
32812,68,70,-2,2
32813,133,138,-5,5
32814,91,94,-3,3
32815,148,146,2,2
32816,131,125,6,6
32817,105,99,6,6
32818,111,120,-9,9
32819,50,53,-3,3
32820,118,108,10,10
32821,56,62,-6,6
32822,76,74,2,2
32823,141,128,13,13
32824,162,149,13,13
32825,144,149,-5,5
32826,131,141,-10,10
32827,57,55,2,2
32828,105,109,-4,4
32829,74,74,0,0
32830,118,143,-25,25
32831,157,155,2,2
32832,105,101,4,4
32833,90,91,-1,1
32834,96,110,-14,14
32835,161,170,-9,9
32836,83,81,2,2
32837,145,137,8,8
32838,55,59,-4,4
32839,113,127,-14,14
32840,72,72,0,0
32841,199,196,3,3
32842,57,74,-17,17
32843,86,94,-8,8
32844,124,120,4,4
32845,59,69,-10,10
32846,65,53,12,12
32847,82,82,0,0
32848,127,126,1,1
32849,82,92,-10,10
32850,101,94,7,7
32851,105,107,-2,2
32852,94,94,0,0
32853,125,120,5,5
32854,96,65,31,31
32855,48,52,-4,4
32856,68,73,-5,5
32857,98,99,-1,1
32858,152,139,13,13
32859,139,124,15,15
32860,80,87,-7,7
32861,113,111,2,2
32862,102,114,-12,12
32863,94,94,0,0
32864,56,58,-2,2
32865,112,110,2,2
32866,71,69,2,2
32867,163,177,-14,14
32868,95,98,-3,3
32869,165,159,6,6
32870,100,96,4,4
32871,104,102,2,2
32872,68,65,3,3
32873,152,135,17,17
32874,62,73,-11,11
32875,56,56,0,0
32876,87,96,-9,9
32877,48,44,4,4
32878,85,84,1,1
32879,82,99,-17,17
32880,70,96,-26,26
32881,80,83,-3,3
32882,100,104,-4,4
32883,158,150,8,8
32884,143,133,10,10
32885,76,76,0,0
32886,64,65,-1,1
32887,121,127,-6,6
32888,72,76,-4,4
32889,53,50,3,3
32890,202,186,16,16
32891,54,55,-1,1
32892,58,58,0,0
32893,125,111,14,14
32894,74,66,8,8
32895,58,111,-53,53
32896,144,140,4,4
32897,124,125,-1,1
32898,84,74,10,10
32899,27,62,-35,35
32900,84,78,6,6
32901,176,157,19,19
32902,44,51,-7,7
32903,66,65,1,1
32904,73,92,-19,19
32905,71,88,-17,17
32906,42,74,-32,32
32907,61,81,-20,20
32908,71,68,3,3
32909,90,99,-9,9
32910,74,75,-1,1
32911,109,94,15,15
32912,124,117,7,7
32913,94,96,-2,2
32914,158,169,-11,11
32915,97,84,13,13
32916,73,74,-1,1
32917,90,97,-7,7
32918,64,61,3,3
32919,144,153,-9,9
32920,104,106,-2,2
32921,186,163,23,23
32922,102,97,5,5
32923,85,88,-3,3
32924,96,108,-12,12
32925,122,125,-3,3
32926,97,91,6,6
32927,96,97,-1,1
32928,50,48,2,2
32929,110,134,-24,24
32930,89,87,2,2
32931,98,94,4,4
32932,123,132,-9,9
32933,53,51,2,2
32934,114,103,11,11
32935,152,156,-4,4
32936,146,143,3,3
32937,134,132,2,2
32938,105,113,-8,8
32939,38,76,-38,38
32940,99,96,3,3
32941,107,109,-2,2
32942,92,85,7,7
32943,120,117,3,3
32944,129,135,-6,6
32945,95,88,7,7
32946,90,96,-6,6
32947,103,99,4,4
32948,114,119,-5,5
32949,59,62,-3,3
32950,36,51,-15,15
32951,99,103,-4,4
32952,76,80,-4,4
32953,149,139,10,10
32954,106,100,6,6
32955,61,71,-10,10
32956,47,50,-3,3
32957,158,155,3,3
32958,54,53,1,1
32959,50,58,-8,8
32960,98,105,-7,7
32961,94,90,4,4
32962,67,70,-3,3
32963,49,52,-3,3
32964,146,139,7,7
32965,135,127,8,8
32966,87,78,9,9
32967,98,98,0,0
32968,59,60,-1,1
32969,86,84,2,2
32970,62,64,-2,2
32971,113,107,6,6
32972,93,96,-3,3
32973,75,85,-10,10
32974,83,74,9,9
32975,138,136,2,2
32976,67,69,-2,2
32977,84,77,7,7
32978,117,113,4,4
32979,64,67,-3,3
32980,80,81,-1,1
32981,85,95,-10,10
32982,67,67,0,0
32983,96,98,-2,2
32984,72,76,-4,4
32985,63,78,-15,15
32986,151,135,16,16
32987,49,35,14,14
32988,103,84,19,19
32989,32,27,5,5
32990,70,67,3,3
32991,135,138,-3,3
32992,55,56,-1,1
32993,99,99,0,0
32994,114,114,0,0
32995,82,78,4,4
32996,119,121,-2,2
32997,104,106,-2,2
32998,123,118,5,5
32999,113,124,-11,11
33000,153,153,0,0
33001,89,87,2,2
33002,48,63,-15,15
33003,113,112,1,1
33004,83,89,-6,6
33005,129,119,10,10
33006,67,74,-7,7
33007,96,95,1,1
33008,92,89,3,3
33009,103,101,2,2
33010,121,108,13,13
33011,48,50,-2,2
33012,98,97,1,1
33013,112,103,9,9
33014,107,112,-5,5
33015,92,83,9,9
33016,72,78,-6,6
33017,86,86,0,0
33018,86,86,0,0
33019,120,123,-3,3
33020,65,75,-10,10
33021,86,90,-4,4
33022,138,134,4,4
33023,74,82,-8,8
33024,60,54,6,6
33025,125,118,7,7
33026,61,76,-15,15
33027,99,95,4,4
33028,150,143,7,7
33029,69,66,3,3
33030,41,40,1,1
33031,108,100,8,8
33032,163,160,3,3
33033,121,122,-1,1
33034,72,75,-3,3
33035,109,104,5,5
33036,133,140,-7,7
33037,74,77,-3,3
33038,119,119,0,0
33039,77,73,4,4
33040,97,113,-16,16
33041,76,78,-2,2
33042,102,103,-1,1
33043,88,83,5,5
33044,139,138,1,1
33045,93,91,2,2
33046,171,161,10,10
33047,115,131,-16,16
33048,73,75,-2,2
33049,102,94,8,8
33050,97,95,2,2
33051,107,107,0,0
33052,180,178,2,2
33053,78,83,-5,5
33054,279,256,23,23
33055,86,104,-18,18
33056,80,81,-1,1
33057,131,135,-4,4
33058,49,46,3,3
33059,100,98,2,2
33060,53,61,-8,8
33061,116,116,0,0
33062,61,64,-3,3
33063,73,64,9,9
33064,70,67,3,3
33065,56,59,-3,3
33066,69,65,4,4
33067,76,73,3,3
33068,57,60,-3,3
33069,36,35,1,1
33070,75,85,-10,10
33071,62,61,1,1
33072,78,74,4,4
33073,112,113,-1,1
33074,85,76,9,9
33075,164,147,17,17
33076,52,64,-12,12
33077,102,103,-1,1
33078,34,39,-5,5
33079,52,57,-5,5
33080,63,81,-18,18
33081,60,57,3,3
33082,145,137,8,8
33083,74,75,-1,1
33084,106,109,-3,3
33085,53,54,-1,1
33086,114,132,-18,18
33087,135,134,1,1
33088,119,115,4,4
33089,84,100,-16,16
33090,62,58,4,4
33091,150,150,0,0
33092,178,203,-25,25
33093,125,131,-6,6
33094,125,129,-4,4
33095,56,60,-4,4
33096,83,87,-4,4
33097,79,89,-10,10
33098,66,70,-4,4
33099,62,59,3,3
33100,77,81,-4,4
33101,113,114,-1,1
33102,119,115,4,4
33103,100,96,4,4
33104,121,124,-3,3
33105,102,106,-4,4
33106,106,124,-18,18
33107,67,71,-4,4
33108,104,95,9,9
33109,133,126,7,7
33110,138,129,9,9
33111,62,72,-10,10
33112,110,129,-19,19
33113,140,126,14,14
33114,80,77,3,3
33115,103,110,-7,7
33116,114,106,8,8
33117,55,52,3,3
33118,91,90,1,1
33119,38,35,3,3
33120,89,77,12,12
33121,129,119,10,10
33122,30,64,-34,34
33123,103,104,-1,1
33124,100,112,-12,12
33125,87,91,-4,4
33126,99,97,2,2
33127,87,87,0,0
33128,91,95,-4,4
33129,105,102,3,3
33130,104,106,-2,2
33131,46,41,5,5
33132,86,80,6,6
33133,59,84,-25,25
33134,135,137,-2,2
33135,47,52,-5,5
33136,108,101,7,7
33137,108,103,5,5
33138,120,129,-9,9
33139,50,78,-28,28
33140,102,135,-33,33
33141,129,131,-2,2
33142,82,144,-62,62
33143,141,130,11,11
33144,87,81,6,6
33145,108,103,5,5
33146,113,127,-14,14
33147,166,161,5,5
33148,82,78,4,4
33149,34,61,-27,27
33150,57,51,6,6
33151,128,139,-11,11
33152,86,95,-9,9
33153,70,69,1,1
33154,106,113,-7,7
33155,111,119,-8,8
33156,89,105,-16,16
33157,28,32,-4,4
33158,102,106,-4,4
33159,159,135,24,24
33160,170,157,13,13
33161,98,104,-6,6
33162,77,81,-4,4
33163,118,123,-5,5
33164,96,97,-1,1
33165,51,57,-6,6
33166,63,62,1,1
33167,70,74,-4,4
33168,99,111,-12,12
33169,58,58,0,0
33170,60,61,-1,1
33171,78,86,-8,8
33172,45,62,-17,17
33173,89,104,-15,15
33174,69,74,-5,5
33175,84,77,7,7
33176,73,76,-3,3
33177,178,164,14,14
33178,63,69,-6,6
33179,108,109,-1,1
33180,105,118,-13,13
33181,43,45,-2,2
33182,82,84,-2,2
33183,76,80,-4,4
33184,143,131,12,12
33185,91,88,3,3
33186,63,68,-5,5
33187,136,136,0,0
33188,83,72,11,11
33189,128,121,7,7
33190,63,67,-4,4
33191,72,85,-13,13
33192,96,90,6,6
33193,66,80,-14,14
33194,89,96,-7,7
33195,74,69,5,5
33196,69,72,-3,3
33197,86,85,1,1
33198,105,104,1,1
33199,92,100,-8,8
33200,49,58,-9,9
33201,151,138,13,13
33202,87,106,-19,19
33203,86,86,0,0
33204,55,52,3,3
33205,113,123,-10,10
33206,96,96,0,0
33207,84,80,4,4
33208,102,102,0,0
33209,85,88,-3,3
33210,141,146,-5,5
33211,90,79,11,11
33212,57,59,-2,2
33213,80,93,-13,13
33214,111,106,5,5
33215,82,130,-48,48
33216,85,87,-2,2
33217,85,82,3,3
33218,67,63,4,4
33219,86,86,0,0
33220,102,84,18,18
33221,71,74,-3,3
33222,130,149,-19,19
33223,76,80,-4,4
33224,70,77,-7,7
33225,86,97,-11,11
33226,55,51,4,4
33227,97,98,-1,1
33228,98,122,-24,24
33229,70,60,10,10
33230,102,99,3,3
33231,79,72,7,7
33232,104,101,3,3
33233,70,64,6,6
33234,94,89,5,5
33235,103,106,-3,3
33236,102,123,-21,21
33237,102,98,4,4
33238,67,64,3,3
33239,165,166,-1,1
33240,73,80,-7,7
33241,149,147,2,2
33242,92,97,-5,5
33243,57,66,-9,9
33244,76,68,8,8
33245,129,111,18,18
33246,66,74,-8,8
33247,132,123,9,9
33248,108,107,1,1
33249,162,132,30,30
33250,104,107,-3,3
33251,98,112,-14,14
33252,81,83,-2,2
33253,106,112,-6,6
33254,134,134,0,0
33255,118,125,-7,7
33256,156,144,12,12
33257,73,70,3,3
33258,106,118,-12,12
33259,64,60,4,4
33260,66,62,4,4
33261,126,107,19,19
33262,103,104,-1,1
33263,57,61,-4,4
33264,158,165,-7,7
33265,103,103,0,0
33266,103,105,-2,2
33267,172,171,1,1
33268,137,127,10,10
33269,95,91,4,4
33270,127,121,6,6
33271,87,87,0,0
33272,136,121,15,15
33273,51,55,-4,4
33274,95,97,-2,2
33275,100,112,-12,12
33276,140,138,2,2
33277,102,97,5,5
33278,69,62,7,7
33279,148,145,3,3
33280,121,137,-16,16
33281,133,139,-6,6
33282,106,109,-3,3
33283,95,101,-6,6
33284,71,86,-15,15
33285,148,140,8,8
33286,188,179,9,9
33287,111,114,-3,3
33288,88,89,-1,1
33289,71,86,-15,15
33290,83,93,-10,10
33291,44,39,5,5
33292,69,66,3,3
33293,44,43,1,1
33294,111,99,12,12
33295,105,114,-9,9
33296,76,77,-1,1
33297,95,95,0,0
33298,181,163,18,18
33299,128,118,10,10
33300,81,86,-5,5
33301,175,155,20,20
33302,57,52,5,5
33303,70,70,0,0
33304,77,74,3,3
33305,61,60,1,1
33306,108,113,-5,5
33307,69,73,-4,4
33308,61,56,5,5
33309,116,117,-1,1
33310,50,51,-1,1
33311,95,88,7,7
33312,62,71,-9,9
33313,161,153,8,8
33314,101,109,-8,8
33315,84,79,5,5
33316,87,89,-2,2
33317,71,82,-11,11
33318,56,57,-1,1
33319,77,79,-2,2
33320,100,130,-30,30
33321,74,63,11,11
33322,59,67,-8,8
33323,117,113,4,4
33324,102,102,0,0
33325,97,99,-2,2
33326,77,81,-4,4
33327,128,133,-5,5
33328,89,88,1,1
33329,67,71,-4,4
33330,69,84,-15,15
33331,104,109,-5,5
33332,55,52,3,3
33333,62,66,-4,4
33334,101,103,-2,2
33335,78,59,19,19
33336,86,77,9,9
33337,81,70,11,11
33338,104,99,5,5
33339,57,56,1,1
33340,101,96,5,5
33341,84,86,-2,2
33342,73,71,2,2
33343,106,104,2,2
33344,102,113,-11,11
33345,71,73,-2,2
33346,144,146,-2,2
33347,131,117,14,14
33348,82,73,9,9
33349,83,74,9,9
33350,169,159,10,10
33351,70,71,-1,1
33352,158,152,6,6
33353,162,144,18,18
33354,104,94,10,10
33355,52,45,7,7
33356,59,54,5,5
33357,70,71,-1,1
33358,112,120,-8,8
33359,106,100,6,6
33360,130,123,7,7
33361,111,118,-7,7
33362,117,109,8,8
33363,118,128,-10,10
33364,74,86,-12,12
33365,52,41,11,11
33366,97,115,-18,18
33367,72,77,-5,5
33368,84,80,4,4
33369,50,50,0,0
33370,101,97,4,4
33371,52,60,-8,8
33372,85,94,-9,9
33373,90,97,-7,7
33374,66,70,-4,4
33375,132,123,9,9
33376,91,94,-3,3
33377,46,50,-4,4
33378,36,40,-4,4
33379,94,97,-3,3
33380,65,66,-1,1
33381,85,83,2,2
33382,78,80,-2,2
33383,140,151,-11,11
33384,79,89,-10,10
33385,108,116,-8,8
33386,84,77,7,7
33387,89,90,-1,1
33388,119,106,13,13
33389,52,51,1,1
33390,130,132,-2,2
33391,57,51,6,6
33392,128,127,1,1
33393,106,98,8,8
33394,65,52,13,13
33395,75,92,-17,17
33396,153,165,-12,12
33397,42,43,-1,1
33398,70,68,2,2
33399,157,152,5,5
33400,153,145,8,8
33401,93,89,4,4
33402,85,84,1,1
33403,70,89,-19,19
33404,84,93,-9,9
33405,61,60,1,1
33406,80,85,-5,5
33407,60,58,2,2
33408,60,61,-1,1
33409,122,124,-2,2
33410,87,94,-7,7
33411,207,174,33,33
33412,102,116,-14,14
33413,52,61,-9,9
33414,75,83,-8,8
33415,62,64,-2,2
33416,82,93,-11,11
33417,144,130,14,14
33418,130,140,-10,10
33419,90,83,7,7
33420,71,72,-1,1
33421,77,74,3,3
33422,72,70,2,2
33423,46,49,-3,3
33424,55,68,-13,13
33425,64,119,-55,55
33426,73,70,3,3
33427,76,77,-1,1
33428,100,106,-6,6
33429,108,106,2,2
33430,130,117,13,13
33431,136,127,9,9
33432,89,94,-5,5
33433,79,87,-8,8
33434,110,109,1,1
33435,125,126,-1,1
33436,79,87,-8,8
33437,32,26,6,6
33438,97,126,-29,29
33439,135,136,-1,1
33440,93,107,-14,14
33441,111,109,2,2
33442,87,100,-13,13
33443,131,118,13,13
33444,72,68,4,4
33445,72,86,-14,14
33446,192,172,20,20
33447,129,122,7,7
33448,102,105,-3,3
33449,86,81,5,5
33450,134,131,3,3
33451,157,153,4,4
33452,75,84,-9,9
33453,93,93,0,0
33454,96,96,0,0
33455,105,104,1,1
33456,110,110,0,0
33457,137,133,4,4
33458,194,190,4,4
33459,82,79,3,3
33460,102,116,-14,14
33461,92,95,-3,3
33462,119,101,18,18
33463,113,112,1,1
33464,85,88,-3,3
33465,66,68,-2,2
33466,145,131,14,14
33467,112,116,-4,4
33468,133,130,3,3
33469,113,108,5,5
33470,175,149,26,26
33471,113,123,-10,10
33472,59,62,-3,3
33473,97,104,-7,7
33474,74,78,-4,4
33475,53,51,2,2
33476,108,102,6,6
33477,133,126,7,7
33478,46,45,1,1
33479,135,129,6,6
33480,111,102,9,9
33481,117,110,7,7
33482,69,71,-2,2
33483,175,160,15,15
33484,83,80,3,3
33485,80,87,-7,7
33486,95,96,-1,1
33487,80,82,-2,2
33488,71,75,-4,4
33489,61,59,2,2
33490,83,82,1,1
33491,168,161,7,7
33492,78,77,1,1
33493,79,86,-7,7
33494,112,121,-9,9
33495,73,71,2,2
33496,71,98,-27,27
33497,86,89,-3,3
33498,105,122,-17,17
33499,103,101,2,2
33500,81,74,7,7
33501,70,73,-3,3
33502,107,99,8,8
33503,150,144,6,6
33504,70,61,9,9
33505,80,88,-8,8
33506,48,60,-12,12
33507,100,114,-14,14
33508,52,63,-11,11
33509,97,95,2,2
33510,172,175,-3,3
33511,28,28,0,0
33512,42,73,-31,31
33513,120,118,2,2
33514,60,67,-7,7
33515,118,117,1,1
33516,175,161,14,14
33517,69,70,-1,1
33518,50,46,4,4
33519,90,85,5,5
33520,109,105,4,4
33521,63,67,-4,4
33522,63,67,-4,4
33523,54,54,0,0
33524,115,117,-2,2
33525,61,64,-3,3
33526,91,95,-4,4
33527,76,98,-22,22
33528,72,73,-1,1
33529,64,67,-3,3
33530,47,43,4,4
33531,67,58,9,9
33532,111,98,13,13
33533,102,134,-32,32
33534,68,63,5,5
33535,101,90,11,11
33536,154,133,21,21
33537,71,83,-12,12
33538,77,71,6,6
33539,74,75,-1,1
33540,95,101,-6,6
33541,98,95,3,3
33542,87,81,6,6
33543,134,137,-3,3
33544,118,116,2,2
33545,146,148,-2,2
33546,82,97,-15,15
33547,85,72,13,13
33548,68,96,-28,28
33549,62,64,-2,2
33550,79,62,17,17
33551,33,30,3,3
33552,130,119,11,11
33553,88,56,32,32
33554,132,132,0,0
33555,69,75,-6,6
33556,98,90,8,8
33557,113,84,29,29
33558,84,86,-2,2
33559,78,79,-1,1
33560,121,118,3,3
33561,69,64,5,5
33562,70,86,-16,16
33563,89,98,-9,9
33564,97,103,-6,6
33565,89,98,-9,9
33566,128,127,1,1
33567,149,149,0,0
33568,115,123,-8,8
33569,68,62,6,6
33570,44,38,6,6
33571,36,38,-2,2
33572,64,79,-15,15
33573,75,66,9,9
33574,85,92,-7,7
33575,90,98,-8,8
33576,98,111,-13,13
33577,110,106,4,4
33578,91,101,-10,10
33579,179,155,24,24
33580,97,84,13,13
33581,65,67,-2,2
33582,111,123,-12,12
33583,191,169,22,22
33584,181,149,32,32
33585,58,64,-6,6
33586,90,78,12,12
33587,101,94,7,7
33588,164,136,28,28
33589,117,111,6,6
33590,84,87,-3,3
33591,112,106,6,6
33592,117,109,8,8
33593,80,83,-3,3
33594,150,141,9,9
33595,94,95,-1,1
33596,115,124,-9,9
33597,157,151,6,6
33598,69,73,-4,4
33599,61,57,4,4
33600,97,99,-2,2
33601,74,79,-5,5
33602,90,99,-9,9
33603,59,55,4,4
33604,121,104,17,17
33605,102,93,9,9
33606,107,118,-11,11
33607,102,110,-8,8
33608,256,264,-8,8
33609,75,77,-2,2
33610,80,81,-1,1
33611,67,69,-2,2
33612,122,115,7,7
33613,65,61,4,4
33614,74,80,-6,6
33615,86,93,-7,7
33616,206,202,4,4
33617,139,142,-3,3
33618,76,82,-6,6
33619,186,175,11,11
33620,111,112,-1,1
33621,80,76,4,4
33622,148,138,10,10
33623,76,86,-10,10
33624,123,152,-29,29
33625,79,99,-20,20
33626,118,118,0,0
33627,51,57,-6,6
33628,88,104,-16,16
33629,157,159,-2,2
33630,84,93,-9,9
33631,129,123,6,6
33632,131,119,12,12
33633,74,103,-29,29
33634,93,95,-2,2
33635,88,90,-2,2
33636,74,81,-7,7
33637,102,102,0,0
33638,143,132,11,11
33639,67,62,5,5
33640,197,204,-7,7
33641,98,92,6,6
33642,117,112,5,5
33643,120,139,-19,19
33644,118,137,-19,19
33645,63,50,13,13
33646,139,145,-6,6
33647,144,147,-3,3
33648,96,87,9,9
33649,110,94,16,16
33650,121,129,-8,8
33651,68,87,-19,19
33652,84,113,-29,29
33653,118,123,-5,5
33654,96,100,-4,4
33655,78,79,-1,1
33656,27,19,8,8
33657,157,145,12,12
33658,137,125,12,12
33659,107,101,6,6
33660,95,97,-2,2
33661,45,59,-14,14
33662,69,96,-27,27
33663,196,172,24,24
33664,108,91,17,17
33665,88,89,-1,1
33666,199,175,24,24
33667,111,126,-15,15
33668,179,157,22,22
33669,157,149,8,8
33670,82,75,7,7
33671,77,70,7,7
33672,56,49,7,7
33673,63,69,-6,6
33674,196,180,16,16
33675,89,99,-10,10
33676,126,129,-3,3
33677,39,37,2,2
33678,80,91,-11,11
33679,97,92,5,5
33680,85,72,13,13
33681,58,57,1,1
33682,132,126,6,6
33683,54,68,-14,14
33684,99,96,3,3
33685,91,95,-4,4
33686,75,73,2,2
33687,57,73,-16,16
33688,66,66,0,0
33689,105,121,-16,16
33690,51,64,-13,13
33691,134,138,-4,4
33692,27,20,7,7
33693,71,71,0,0
33694,65,55,10,10
33695,112,87,25,25
33696,100,106,-6,6
33697,56,58,-2,2
33698,74,76,-2,2
33699,137,136,1,1
33700,96,98,-2,2
33701,113,119,-6,6
33702,56,58,-2,2
33703,91,94,-3,3
33704,179,171,8,8
33705,54,49,5,5
33706,90,81,9,9
33707,92,98,-6,6
33708,87,90,-3,3
33709,122,116,6,6
33710,150,135,15,15
33711,90,88,2,2
33712,98,102,-4,4
33713,59,46,13,13
33714,122,128,-6,6
33715,150,162,-12,12
33716,74,73,1,1
33717,65,72,-7,7
33718,53,56,-3,3
33719,93,87,6,6
33720,108,109,-1,1
33721,70,75,-5,5
33722,135,127,8,8
33723,87,93,-6,6
33724,65,74,-9,9
33725,55,48,7,7
33726,40,38,2,2
33727,88,81,7,7
33728,168,158,10,10
33729,37,37,0,0
33730,80,67,13,13
33731,92,79,13,13
33732,157,133,24,24
33733,121,119,2,2
33734,119,122,-3,3
33735,131,105,26,26
33736,112,96,16,16
33737,71,86,-15,15
33738,73,73,0,0
33739,99,96,3,3
33740,81,77,4,4
33741,70,73,-3,3
33742,91,87,4,4
33743,63,63,0,0
33744,65,61,4,4
33745,92,108,-16,16
33746,83,81,2,2
33747,62,66,-4,4
33748,137,138,-1,1
33749,194,168,26,26
33750,104,104,0,0
33751,136,134,2,2
33752,149,149,0,0
33753,109,110,-1,1
33754,70,61,9,9
33755,121,113,8,8
33756,73,67,6,6
33757,97,92,5,5
33758,105,96,9,9
33759,131,130,1,1
33760,118,120,-2,2
33761,97,99,-2,2
33762,49,51,-2,2
33763,110,123,-13,13
33764,87,88,-1,1
33765,107,103,4,4
33766,72,68,4,4
33767,173,170,3,3
33768,117,127,-10,10
33769,91,97,-6,6
33770,93,80,13,13
33771,34,17,17,17
33772,75,72,3,3
33773,110,114,-4,4
33774,76,95,-19,19
33775,122,166,-44,44
33776,94,98,-4,4
33777,60,68,-8,8
33778,96,110,-14,14
33779,92,96,-4,4
33780,155,139,16,16
33781,116,108,8,8
33782,113,117,-4,4
33783,70,66,4,4
33784,127,142,-15,15
33785,104,132,-28,28
33786,103,110,-7,7
33787,66,57,9,9
33788,58,59,-1,1
33789,47,62,-15,15
33790,124,125,-1,1
33791,47,39,8,8
33792,134,122,12,12
33793,126,119,7,7
33794,133,132,1,1
33795,101,101,0,0
33796,48,42,6,6
33797,69,80,-11,11
33798,62,63,-1,1
33799,112,106,6,6
33800,124,133,-9,9
33801,68,67,1,1
33802,70,69,1,1
33803,98,100,-2,2
33804,61,74,-13,13
33805,98,104,-6,6
33806,128,113,15,15
33807,112,114,-2,2
33808,62,66,-4,4
33809,106,97,9,9
33810,90,83,7,7
33811,57,57,0,0
33812,127,133,-6,6
33813,83,79,4,4
33814,123,120,3,3
33815,99,94,5,5
33816,114,119,-5,5
33817,124,131,-7,7
33818,63,64,-1,1
33819,169,158,11,11
33820,86,93,-7,7
33821,97,101,-4,4
33822,95,68,27,27
33823,97,102,-5,5
33824,120,109,11,11
33825,100,96,4,4
33826,127,131,-4,4
33827,65,70,-5,5
33828,74,75,-1,1
33829,146,132,14,14
33830,93,96,-3,3
33831,76,63,13,13
33832,127,129,-2,2
33833,61,62,-1,1
33834,81,88,-7,7
33835,132,116,16,16
33836,69,61,8,8
33837,56,72,-16,16
33838,103,96,7,7
33839,110,119,-9,9
33840,102,106,-4,4
33841,74,72,2,2
33842,111,112,-1,1
33843,74,80,-6,6
33844,58,56,2,2
33845,96,105,-9,9
33846,67,66,1,1
33847,57,48,9,9
33848,104,99,5,5
33849,60,65,-5,5
33850,50,60,-10,10
33851,120,117,3,3
33852,73,74,-1,1
33853,45,42,3,3
33854,95,104,-9,9
33855,125,135,-10,10
33856,106,104,2,2
33857,80,77,3,3
33858,138,145,-7,7
33859,105,115,-10,10
33860,100,103,-3,3
33861,89,95,-6,6
33862,161,133,28,28
33863,115,125,-10,10
33864,109,107,2,2
33865,120,115,5,5
33866,64,68,-4,4
33867,85,87,-2,2
33868,139,134,5,5
33869,56,60,-4,4
33870,100,100,0,0
33871,61,58,3,3
33872,87,88,-1,1
33873,78,72,6,6
33874,135,132,3,3
33875,149,149,0,0
33876,123,122,1,1
33877,114,99,15,15
33878,106,114,-8,8
33879,121,110,11,11
33880,103,110,-7,7
33881,133,140,-7,7
33882,83,84,-1,1
33883,90,84,6,6
33884,43,40,3,3
33885,195,186,9,9
33886,82,75,7,7
33887,121,119,2,2
33888,77,80,-3,3
33889,80,83,-3,3
33890,56,58,-2,2
33891,70,65,5,5
33892,57,60,-3,3
33893,98,106,-8,8
33894,85,84,1,1
33895,102,104,-2,2
33896,114,102,12,12
33897,153,150,3,3
33898,61,56,5,5
33899,99,102,-3,3
33900,77,78,-1,1
33901,89,83,6,6
33902,79,64,15,15
33903,108,126,-18,18
33904,102,88,14,14
33905,54,64,-10,10
33906,101,96,5,5
33907,131,120,11,11
33908,56,69,-13,13
33909,110,106,4,4
33910,78,70,8,8
33911,153,144,9,9
33912,73,79,-6,6
33913,105,100,5,5
33914,57,50,7,7
33915,95,109,-14,14
33916,56,59,-3,3
33917,107,111,-4,4
33918,62,80,-18,18
33919,157,148,9,9
33920,94,96,-2,2
33921,84,71,13,13
33922,131,128,3,3
33923,75,79,-4,4
33924,122,112,10,10
33925,114,125,-11,11
33926,61,60,1,1
33927,137,159,-22,22
33928,72,74,-2,2
33929,115,104,11,11
33930,49,92,-43,43
33931,98,91,7,7
33932,114,118,-4,4
33933,79,72,7,7
33934,75,77,-2,2
33935,111,102,9,9
33936,84,88,-4,4
33937,61,64,-3,3
33938,70,77,-7,7
33939,103,109,-6,6
33940,119,109,10,10
33941,62,77,-15,15
33942,94,94,0,0
33943,161,152,9,9
33944,253,212,41,41
33945,112,118,-6,6
33946,63,78,-15,15
33947,90,85,5,5
33948,124,123,1,1
33949,85,73,12,12
33950,167,162,5,5
33951,115,99,16,16
33952,113,108,5,5
33953,95,95,0,0
33954,93,92,1,1
33955,138,121,17,17
33956,74,74,0,0
33957,52,54,-2,2
33958,104,96,8,8
33959,143,146,-3,3
33960,74,82,-8,8
33961,69,69,0,0
33962,133,165,-32,32
33963,82,81,1,1
33964,98,91,7,7
33965,77,72,5,5
33966,142,144,-2,2
33967,84,90,-6,6
33968,95,107,-12,12
33969,83,90,-7,7
33970,114,101,13,13
33971,53,73,-20,20
33972,91,89,2,2
33973,122,126,-4,4
33974,89,109,-20,20
33975,81,91,-10,10
33976,110,122,-12,12
33977,96,92,4,4
33978,119,114,5,5
33979,80,85,-5,5
33980,108,104,4,4
33981,71,64,7,7
33982,80,77,3,3
33983,157,154,3,3
33984,85,70,15,15
33985,47,51,-4,4
33986,68,58,10,10
33987,86,74,12,12
33988,71,70,1,1
33989,64,62,2,2
33990,65,63,2,2
33991,155,159,-4,4
33992,108,117,-9,9
33993,188,167,21,21
33994,109,126,-17,17
33995,64,65,-1,1
33996,120,136,-16,16
33997,72,79,-7,7
33998,55,57,-2,2
33999,69,68,1,1
34000,186,181,5,5
34001,96,107,-11,11
34002,77,84,-7,7
34003,83,90,-7,7
34004,79,77,2,2
34005,55,69,-14,14
34006,155,148,7,7
34007,91,91,0,0
34008,48,55,-7,7
34009,122,123,-1,1
34010,75,99,-24,24
34011,109,111,-2,2
34012,110,107,3,3
34013,79,83,-4,4
34014,69,74,-5,5
34015,78,84,-6,6
34016,129,134,-5,5
34017,131,131,0,0
34018,45,43,2,2
34019,96,99,-3,3
34020,105,123,-18,18
34021,128,129,-1,1
34022,139,140,-1,1
34023,116,105,11,11
34024,81,84,-3,3
34025,77,84,-7,7
34026,100,97,3,3
34027,68,63,5,5
34028,70,75,-5,5
34029,222,241,-19,19
34030,22,34,-12,12
34031,121,110,11,11
34032,67,72,-5,5
34033,87,70,17,17
34034,58,57,1,1
34035,69,85,-16,16
34036,71,81,-10,10
34037,54,65,-11,11
34038,60,56,4,4
34039,87,83,4,4
34040,101,100,1,1
34041,61,68,-7,7
34042,141,133,8,8
34043,121,140,-19,19
34044,102,97,5,5
34045,78,85,-7,7
34046,96,116,-20,20
34047,56,46,10,10
34048,101,90,11,11
34049,64,67,-3,3
34050,55,67,-12,12
34051,89,84,5,5
34052,84,78,6,6
34053,90,88,2,2
34054,166,148,18,18
34055,85,113,-28,28
34056,94,95,-1,1
34057,130,154,-24,24
34058,146,149,-3,3
34059,77,93,-16,16
34060,97,92,5,5
34061,102,97,5,5
34062,150,156,-6,6
34063,104,95,9,9
34064,90,93,-3,3
34065,70,75,-5,5
34066,45,47,-2,2
34067,76,74,2,2
34068,90,113,-23,23
34069,63,67,-4,4
34070,123,116,7,7
34071,91,80,11,11
34072,102,83,19,19
34073,120,112,8,8
34074,48,73,-25,25
34075,42,47,-5,5
34076,85,91,-6,6
34077,67,64,3,3
34078,73,65,8,8
34079,67,67,0,0
34080,87,88,-1,1
34081,172,168,4,4
34082,128,148,-20,20
34083,116,124,-8,8
34084,102,95,7,7
34085,134,134,0,0
34086,94,102,-8,8
34087,55,53,2,2
34088,175,172,3,3
34089,71,74,-3,3
34090,53,62,-9,9
34091,92,103,-11,11
34092,111,111,0,0
34093,120,119,1,1
34094,107,126,-19,19
34095,48,45,3,3
34096,85,84,1,1
34097,122,146,-24,24
34098,90,99,-9,9
34099,70,73,-3,3
34100,63,72,-9,9
34101,110,101,9,9
34102,56,61,-5,5
34103,96,106,-10,10
34104,79,84,-5,5
34105,56,60,-4,4
34106,115,104,11,11
34107,60,67,-7,7
34108,59,55,4,4
34109,74,75,-1,1
34110,110,124,-14,14
34111,99,120,-21,21
34112,106,108,-2,2
34113,62,52,10,10
34114,93,93,0,0
34115,59,61,-2,2
34116,88,80,8,8
34117,75,95,-20,20
34118,78,73,5,5
34119,67,74,-7,7
34120,118,107,11,11
34121,66,59,7,7
34122,69,70,-1,1
34123,110,104,6,6
34124,102,106,-4,4
34125,127,130,-3,3
34126,99,106,-7,7
34127,127,134,-7,7
34128,97,87,10,10
34129,52,43,9,9
34130,56,52,4,4
34131,64,61,3,3
34132,111,110,1,1
34133,114,119,-5,5
34134,162,143,19,19
34135,56,65,-9,9
34136,35,37,-2,2
34137,83,85,-2,2
34138,151,150,1,1
34139,77,75,2,2
34140,65,65,0,0
34141,67,68,-1,1
34142,81,73,8,8
34143,56,55,1,1
34144,67,66,1,1
34145,59,42,17,17
34146,142,129,13,13
34147,79,83,-4,4
34148,104,104,0,0
34149,68,69,-1,1
34150,67,79,-12,12
34151,56,54,2,2
34152,66,63,3,3
34153,31,22,9,9
34154,121,120,1,1
34155,115,125,-10,10
34156,68,64,4,4
34157,103,106,-3,3
34158,71,57,14,14
34159,115,119,-4,4
34160,122,116,6,6
34161,99,95,4,4
34162,112,115,-3,3
34163,215,215,0,0
34164,68,77,-9,9
34165,84,90,-6,6
34166,82,78,4,4
34167,82,83,-1,1
34168,95,92,3,3
34169,80,82,-2,2
34170,121,115,6,6
34171,103,105,-2,2
34172,74,82,-8,8
34173,59,58,1,1
34174,106,105,1,1
34175,62,63,-1,1
34176,49,54,-5,5
34177,62,64,-2,2
34178,151,153,-2,2
34179,178,152,26,26
34180,96,96,0,0
34181,91,96,-5,5
34182,74,68,6,6
34183,78,85,-7,7
34184,95,115,-20,20
34185,109,105,4,4
34186,59,57,2,2
34187,64,59,5,5
34188,122,105,17,17
34189,106,103,3,3
34190,137,125,12,12
34191,79,79,0,0
34192,45,52,-7,7
34193,96,90,6,6
34194,53,50,3,3
34195,121,114,7,7
34196,138,146,-8,8
34197,107,101,6,6
34198,90,91,-1,1
34199,83,87,-4,4
34200,65,65,0,0
34201,68,84,-16,16
34202,50,51,-1,1
34203,44,73,-29,29
34204,78,87,-9,9
34205,74,76,-2,2
34206,67,69,-2,2
34207,116,111,5,5
34208,50,48,2,2
34209,100,94,6,6
34210,52,54,-2,2
34211,70,66,4,4
34212,92,94,-2,2
34213,130,117,13,13
34214,139,131,8,8
34215,96,88,8,8
34216,98,93,5,5
34217,49,42,7,7
34218,90,85,5,5
34219,103,114,-11,11
34220,39,48,-9,9
34221,172,146,26,26
34222,104,108,-4,4
34223,63,61,2,2
34224,78,78,0,0
34225,65,68,-3,3
34226,58,60,-2,2
34227,140,143,-3,3
34228,95,104,-9,9
34229,77,70,7,7
34230,122,116,6,6
34231,63,51,12,12
34232,26,21,5,5
34233,78,79,-1,1
34234,60,64,-4,4
34235,80,84,-4,4
34236,96,101,-5,5
34237,62,62,0,0
34238,77,87,-10,10
34239,101,96,5,5
34240,103,100,3,3
34241,87,99,-12,12
34242,132,125,7,7
34243,223,189,34,34
34244,117,109,8,8
34245,151,143,8,8
34246,87,98,-11,11
34247,103,104,-1,1
34248,59,66,-7,7
34249,150,142,8,8
34250,100,97,3,3
34251,92,81,11,11
34252,65,79,-14,14
34253,72,71,1,1
34254,48,49,-1,1
34255,114,102,12,12
34256,63,57,6,6
34257,139,144,-5,5
34258,86,81,5,5
34259,96,91,5,5
34260,80,76,4,4
34261,126,119,7,7
34262,112,107,5,5
34263,99,120,-21,21
34264,83,78,5,5
34265,62,59,3,3
34266,53,65,-12,12
34267,40,44,-4,4
34268,103,103,0,0
34269,87,95,-8,8
34270,66,71,-5,5
34271,116,107,9,9
34272,107,99,8,8
34273,121,119,2,2
34274,114,103,11,11
34275,111,110,1,1
34276,105,113,-8,8
34277,103,111,-8,8
34278,106,99,7,7
34279,126,122,4,4
34280,104,107,-3,3
34281,77,75,2,2
34282,114,119,-5,5
34283,77,79,-2,2
34284,83,86,-3,3
34285,78,89,-11,11
34286,81,83,-2,2
34287,64,67,-3,3
34288,134,138,-4,4
34289,78,82,-4,4
34290,137,138,-1,1
34291,80,80,0,0
34292,145,134,11,11
34293,103,103,0,0
34294,101,101,0,0
34295,87,93,-6,6
34296,83,84,-1,1
34297,98,84,14,14
34298,133,132,1,1
34299,114,107,7,7
34300,119,115,4,4
34301,94,97,-3,3
34302,85,94,-9,9
34303,162,166,-4,4
34304,85,77,8,8
34305,62,55,7,7
34306,83,77,6,6
34307,99,89,10,10
34308,79,88,-9,9
34309,95,99,-4,4
34310,140,144,-4,4
34311,165,154,11,11
34312,104,97,7,7
34313,110,120,-10,10
34314,138,164,-26,26
34315,117,128,-11,11
34316,120,122,-2,2
34317,67,86,-19,19
34318,82,89,-7,7
34319,110,109,1,1
34320,110,108,2,2
34321,63,73,-10,10
34322,54,56,-2,2
34323,128,135,-7,7
34324,90,83,7,7
34325,99,103,-4,4
34326,121,143,-22,22
34327,47,52,-5,5
34328,88,83,5,5
34329,96,93,3,3
34330,83,101,-18,18
34331,91,81,10,10
34332,100,104,-4,4
34333,68,61,7,7
34334,44,48,-4,4
34335,94,93,1,1
34336,48,51,-3,3
34337,63,64,-1,1
34338,114,111,3,3
34339,88,86,2,2
34340,105,99,6,6
34341,67,69,-2,2
34342,61,47,14,14
34343,120,128,-8,8
34344,111,103,8,8
34345,102,100,2,2
34346,111,119,-8,8
34347,48,44,4,4
34348,102,101,1,1
34349,101,105,-4,4
34350,88,101,-13,13
34351,58,63,-5,5
34352,64,65,-1,1
34353,65,73,-8,8
34354,156,145,11,11
34355,84,83,1,1
34356,169,146,23,23
34357,130,106,24,24
34358,51,60,-9,9
34359,60,58,2,2
34360,109,94,15,15
34361,107,108,-1,1
34362,133,149,-16,16
34363,73,77,-4,4
34364,117,120,-3,3
34365,105,104,1,1
34366,118,133,-15,15
34367,107,107,0,0
34368,89,96,-7,7
34369,130,122,8,8
34370,107,108,-1,1
34371,86,81,5,5
34372,87,96,-9,9
34373,166,159,7,7
34374,91,94,-3,3
34375,83,82,1,1
34376,90,91,-1,1
34377,60,71,-11,11
34378,73,74,-1,1
34379,133,123,10,10
34380,131,133,-2,2
34381,128,156,-28,28
34382,93,88,5,5
34383,48,49,-1,1
34384,126,114,12,12
34385,62,80,-18,18
34386,50,56,-6,6
34387,70,73,-3,3
34388,111,111,0,0
34389,89,95,-6,6
34390,94,106,-12,12
34391,38,39,-1,1
34392,76,92,-16,16
34393,92,88,4,4
34394,66,66,0,0
34395,84,85,-1,1
34396,72,78,-6,6
34397,79,77,2,2
34398,78,78,0,0
34399,61,56,5,5
34400,68,62,6,6
34401,114,110,4,4
34402,84,90,-6,6
34403,51,57,-6,6
34404,96,87,9,9
34405,74,65,9,9
34406,64,80,-16,16
34407,79,79,0,0
34408,89,84,5,5
34409,150,146,4,4
34410,137,118,19,19
34411,62,61,1,1
34412,120,122,-2,2
34413,75,58,17,17
34414,63,68,-5,5
34415,144,158,-14,14
34416,83,80,3,3
34417,71,102,-31,31
34418,125,131,-6,6
34419,71,69,2,2
34420,90,96,-6,6
34421,57,58,-1,1
34422,68,84,-16,16
34423,117,109,8,8
34424,142,143,-1,1
34425,95,93,2,2
34426,91,104,-13,13
34427,86,92,-6,6
34428,119,131,-12,12
34429,71,75,-4,4
34430,97,91,6,6
34431,92,95,-3,3
34432,86,78,8,8
34433,48,63,-15,15
34434,50,35,15,15
34435,105,158,-53,53
34436,105,105,0,0
34437,127,112,15,15
34438,108,109,-1,1
34439,71,73,-2,2
34440,73,75,-2,2
34441,68,81,-13,13
34442,147,134,13,13
34443,142,135,7,7
34444,39,42,-3,3
34445,91,80,11,11
34446,79,93,-14,14
34447,84,79,5,5
34448,123,129,-6,6
34449,63,67,-4,4
34450,196,189,7,7
34451,161,159,2,2
34452,152,135,17,17
34453,144,129,15,15
34454,96,98,-2,2
34455,125,123,2,2
34456,82,67,15,15
34457,128,112,16,16
34458,160,159,1,1
34459,43,49,-6,6
34460,68,72,-4,4
34461,108,92,16,16
34462,74,77,-3,3
34463,52,43,9,9
34464,107,125,-18,18
34465,64,70,-6,6
34466,89,89,0,0
34467,85,69,16,16
34468,73,81,-8,8
34469,177,171,6,6
34470,111,116,-5,5
34471,67,78,-11,11
34472,76,72,4,4
34473,152,131,21,21
34474,90,89,1,1
34475,79,77,2,2
34476,99,104,-5,5
34477,78,77,1,1
34478,131,121,10,10
34479,100,100,0,0
34480,74,83,-9,9
34481,99,105,-6,6
34482,135,134,1,1
34483,104,110,-6,6
34484,67,67,0,0
34485,102,85,17,17
34486,48,43,5,5
34487,243,222,21,21
34488,97,97,0,0
34489,112,114,-2,2
34490,118,125,-7,7
34491,77,82,-5,5
34492,73,60,13,13
34493,99,103,-4,4
34494,60,71,-11,11
34495,155,154,1,1
34496,125,127,-2,2
34497,202,179,23,23
34498,82,95,-13,13
34499,100,103,-3,3
34500,78,77,1,1
34501,59,68,-9,9
34502,48,60,-12,12
34503,121,122,-1,1
34504,128,131,-3,3
34505,96,101,-5,5
34506,133,131,2,2
34507,107,105,2,2
34508,106,102,4,4
34509,111,130,-19,19
34510,48,52,-4,4
34511,79,74,5,5
34512,121,114,7,7
34513,147,142,5,5
34514,113,119,-6,6
34515,58,58,0,0
34516,93,78,15,15
34517,109,109,0,0
34518,85,93,-8,8
34519,69,79,-10,10
34520,70,70,0,0
34521,81,92,-11,11
34522,47,47,0,0
34523,121,108,13,13
34524,151,141,10,10
34525,80,85,-5,5
34526,60,55,5,5
34527,133,123,10,10
34528,65,72,-7,7
34529,162,158,4,4
34530,73,72,1,1
34531,108,102,6,6
34532,87,88,-1,1
34533,101,106,-5,5
34534,90,94,-4,4
34535,130,143,-13,13
34536,133,128,5,5
34537,139,151,-12,12
34538,95,105,-10,10
34539,96,99,-3,3
34540,66,68,-2,2
34541,69,70,-1,1
34542,69,59,10,10
34543,86,81,5,5
34544,95,99,-4,4
34545,91,94,-3,3
34546,189,164,25,25
34547,109,114,-5,5
34548,63,66,-3,3
34549,156,153,3,3
34550,64,77,-13,13
34551,117,120,-3,3
34552,55,52,3,3
34553,115,124,-9,9
34554,103,106,-3,3
34555,155,148,7,7
34556,78,87,-9,9
34557,159,158,1,1
34558,73,64,9,9
34559,188,174,14,14
34560,150,143,7,7
34561,103,107,-4,4
34562,80,82,-2,2
34563,92,93,-1,1
34564,121,127,-6,6
34565,113,108,5,5
34566,106,102,4,4
34567,72,58,14,14
34568,120,134,-14,14
34569,49,54,-5,5
34570,124,130,-6,6
34571,82,85,-3,3
34572,145,162,-17,17
34573,61,59,2,2
34574,108,105,3,3
34575,53,55,-2,2
34576,117,116,1,1
34577,88,88,0,0
34578,122,98,24,24
34579,56,56,0,0
34580,161,150,11,11
34581,115,110,5,5
34582,100,93,7,7
34583,149,148,1,1
34584,126,126,0,0
34585,74,59,15,15
34586,124,122,2,2
34587,101,100,1,1
34588,83,93,-10,10
34589,105,101,4,4
34590,143,134,9,9
34591,153,150,3,3
34592,54,58,-4,4
34593,52,59,-7,7
34594,87,89,-2,2
34595,63,62,1,1
34596,84,84,0,0
34597,96,93,3,3
34598,59,46,13,13
34599,141,139,2,2
34600,121,115,6,6
34601,21,17,4,4
34602,93,87,6,6
34603,126,126,0,0
34604,91,86,5,5
34605,126,125,1,1
34606,79,79,0,0
34607,133,133,0,0
34608,72,78,-6,6
34609,117,99,18,18
34610,51,57,-6,6
34611,92,95,-3,3
34612,78,81,-3,3
34613,70,73,-3,3
34614,77,78,-1,1
34615,94,86,8,8
34616,75,78,-3,3
34617,93,98,-5,5
34618,75,69,6,6
34619,149,141,8,8
34620,99,100,-1,1
34621,94,105,-11,11
34622,98,94,4,4
34623,68,70,-2,2
34624,101,139,-38,38
34625,115,107,8,8
34626,87,83,4,4
34627,100,114,-14,14
34628,80,86,-6,6
34629,133,126,7,7
34630,54,55,-1,1
34631,164,155,9,9
34632,98,97,1,1
34633,75,80,-5,5
34634,77,72,5,5
34635,126,128,-2,2
34636,124,122,2,2
34637,89,93,-4,4
34638,77,80,-3,3
34639,162,133,29,29
34640,129,115,14,14
34641,126,124,2,2
34642,90,86,4,4
34643,145,148,-3,3
34644,59,70,-11,11
34645,79,74,5,5
34646,100,91,9,9
34647,136,147,-11,11
34648,53,59,-6,6
34649,109,109,0,0
34650,79,81,-2,2
34651,111,110,1,1
34652,172,145,27,27
34653,142,138,4,4
34654,81,87,-6,6
34655,100,96,4,4
34656,71,69,2,2
34657,37,27,10,10
34658,91,92,-1,1
34659,85,84,1,1
34660,96,97,-1,1
34661,96,96,0,0
34662,72,67,5,5
34663,58,59,-1,1
34664,128,131,-3,3
34665,90,86,4,4
34666,79,87,-8,8
34667,57,53,4,4
34668,164,130,34,34
34669,147,121,26,26
34670,42,54,-12,12
34671,92,106,-14,14
34672,73,78,-5,5
34673,80,78,2,2
34674,82,84,-2,2
34675,82,85,-3,3
34676,124,122,2,2
34677,87,97,-10,10
34678,93,104,-11,11
34679,151,138,13,13
34680,88,87,1,1
34681,99,89,10,10
34682,104,102,2,2
34683,80,81,-1,1
34684,91,85,6,6
34685,116,130,-14,14
34686,136,125,11,11
34687,76,114,-38,38
34688,125,131,-6,6
34689,99,85,14,14
34690,112,134,-22,22
34691,103,127,-24,24
34692,152,148,4,4
34693,122,122,0,0
34694,74,61,13,13
34695,106,109,-3,3
34696,76,72,4,4
34697,59,62,-3,3
34698,100,121,-21,21
34699,58,57,1,1
34700,69,72,-3,3
34701,120,132,-12,12
34702,74,74,0,0
34703,55,59,-4,4
34704,89,91,-2,2
34705,79,94,-15,15
34706,137,141,-4,4
34707,81,83,-2,2
34708,64,62,2,2
34709,170,165,5,5
34710,69,68,1,1
34711,72,68,4,4
34712,73,91,-18,18
34713,66,70,-4,4
34714,114,105,9,9
34715,96,104,-8,8
34716,67,73,-6,6
34717,83,84,-1,1
34718,72,72,0,0
34719,150,157,-7,7
34720,56,52,4,4
34721,66,71,-5,5
34722,53,58,-5,5
34723,169,152,17,17
34724,66,71,-5,5
34725,105,111,-6,6
34726,101,100,1,1
34727,78,89,-11,11
34728,130,128,2,2
34729,140,135,5,5
34730,91,104,-13,13
34731,89,80,9,9
34732,73,76,-3,3
34733,111,114,-3,3
34734,111,119,-8,8
34735,154,150,4,4
34736,56,63,-7,7
34737,136,122,14,14
34738,101,89,12,12
34739,120,124,-4,4
34740,62,55,7,7
34741,105,101,4,4
34742,76,80,-4,4
34743,161,156,5,5
34744,88,86,2,2
34745,51,53,-2,2
34746,108,118,-10,10
34747,101,100,1,1
34748,74,74,0,0
34749,189,164,25,25
34750,46,46,0,0
34751,58,61,-3,3
34752,100,91,9,9
34753,171,158,13,13
34754,45,45,0,0
34755,87,63,24,24
34756,57,59,-2,2
34757,137,127,10,10
34758,72,71,1,1
34759,115,113,2,2
34760,98,104,-6,6
34761,58,57,1,1
34762,87,120,-33,33
34763,79,90,-11,11
34764,79,78,1,1
34765,67,70,-3,3
34766,32,37,-5,5
34767,76,79,-3,3
34768,80,73,7,7
34769,106,83,23,23
34770,54,62,-8,8
34771,75,80,-5,5
34772,149,149,0,0
34773,110,103,7,7
34774,106,104,2,2
34775,130,133,-3,3
34776,49,53,-4,4
34777,119,133,-14,14
34778,75,78,-3,3
34779,89,88,1,1
34780,63,61,2,2
34781,64,46,18,18
34782,116,117,-1,1
34783,79,71,8,8
34784,92,98,-6,6
34785,70,79,-9,9
34786,120,117,3,3
34787,165,152,13,13
34788,187,183,4,4
34789,82,74,8,8
34790,53,83,-30,30
34791,88,89,-1,1
34792,75,72,3,3
34793,66,54,12,12
34794,80,83,-3,3
34795,113,107,6,6
34796,48,39,9,9
34797,52,42,10,10
34798,169,159,10,10
34799,100,109,-9,9
34800,71,84,-13,13
34801,103,116,-13,13
34802,127,124,3,3
34803,132,136,-4,4
34804,136,138,-2,2
34805,67,54,13,13
34806,127,134,-7,7
34807,142,141,1,1
34808,114,109,5,5
34809,71,77,-6,6
34810,77,73,4,4
34811,86,103,-17,17
34812,166,147,19,19
34813,116,115,1,1
34814,42,37,5,5
34815,91,86,5,5
34816,81,80,1,1
34817,109,101,8,8
34818,164,159,5,5
34819,119,123,-4,4
34820,79,74,5,5
34821,122,127,-5,5
34822,67,65,2,2
34823,96,94,2,2
34824,81,86,-5,5
34825,110,87,23,23
34826,142,130,12,12
34827,30,28,2,2
34828,102,116,-14,14
34829,128,118,10,10
34830,127,135,-8,8
34831,55,98,-43,43
34832,125,138,-13,13
34833,85,94,-9,9
34834,82,87,-5,5
34835,99,112,-13,13
34836,142,137,5,5
34837,99,117,-18,18
34838,96,106,-10,10
34839,87,108,-21,21
34840,76,68,8,8
34841,95,103,-8,8
34842,61,63,-2,2
34843,58,75,-17,17
34844,88,92,-4,4
34845,87,99,-12,12
34846,89,89,0,0
34847,100,97,3,3
34848,87,100,-13,13
34849,86,88,-2,2
34850,43,55,-12,12
34851,33,32,1,1
34852,97,99,-2,2
34853,130,124,6,6
34854,149,139,10,10
34855,139,130,9,9
34856,71,78,-7,7
34857,53,75,-22,22
34858,69,65,4,4
34859,114,103,11,11
34860,60,75,-15,15
34861,53,58,-5,5
34862,80,77,3,3
34863,75,65,10,10
34864,101,128,-27,27
34865,147,143,4,4
34866,100,91,9,9
34867,112,121,-9,9
34868,61,68,-7,7
34869,68,66,2,2
34870,41,64,-23,23
34871,72,75,-3,3
34872,69,75,-6,6
34873,135,122,13,13
34874,112,105,7,7
34875,63,57,6,6
34876,83,81,2,2
34877,74,73,1,1
34878,85,92,-7,7
34879,91,85,6,6
34880,150,138,12,12
34881,96,93,3,3
34882,61,88,-27,27
34883,51,47,4,4
34884,61,64,-3,3
34885,143,158,-15,15
34886,64,64,0,0
34887,59,58,1,1
34888,67,82,-15,15
34889,65,72,-7,7
34890,142,129,13,13
34891,66,67,-1,1
34892,73,83,-10,10
34893,107,109,-2,2
34894,112,101,11,11
34895,104,107,-3,3
34896,46,32,14,14
34897,83,61,22,22
34898,89,85,4,4
34899,73,65,8,8
34900,59,59,0,0
34901,59,55,4,4
34902,112,111,1,1
34903,75,88,-13,13
34904,68,73,-5,5
34905,80,102,-22,22
34906,70,85,-15,15
34907,77,93,-16,16
34908,49,44,5,5
34909,91,82,9,9
34910,65,66,-1,1
34911,77,75,2,2
34912,130,117,13,13
34913,77,76,1,1
34914,175,175,0,0
34915,103,109,-6,6
34916,79,76,3,3
34917,74,70,4,4
34918,98,109,-11,11
34919,111,109,2,2
34920,105,129,-24,24
34921,106,110,-4,4
34922,43,40,3,3
34923,91,100,-9,9
34924,88,88,0,0
34925,121,113,8,8
34926,111,107,4,4
34927,65,81,-16,16
34928,63,58,5,5
34929,91,96,-5,5
34930,70,69,1,1
34931,117,121,-4,4
34932,56,63,-7,7
34933,153,149,4,4
34934,135,132,3,3
34935,66,64,2,2
34936,97,103,-6,6
34937,94,101,-7,7
34938,79,83,-4,4
34939,89,84,5,5
34940,117,107,10,10
34941,50,49,1,1
34942,172,168,4,4
34943,71,77,-6,6
34944,94,98,-4,4
34945,146,144,2,2
34946,57,58,-1,1
34947,91,95,-4,4
34948,44,40,4,4
34949,124,117,7,7
34950,117,104,13,13
34951,93,84,9,9
34952,100,105,-5,5
34953,167,167,0,0
34954,97,104,-7,7
34955,117,113,4,4
34956,142,134,8,8
34957,62,62,0,0
34958,99,102,-3,3
34959,83,82,1,1
34960,61,66,-5,5
34961,80,92,-12,12
34962,85,79,6,6
34963,102,106,-4,4
34964,127,134,-7,7
34965,123,123,0,0
34966,117,120,-3,3
34967,102,107,-5,5
34968,100,95,5,5
34969,105,110,-5,5
34970,116,102,14,14
34971,104,118,-14,14
34972,70,71,-1,1
34973,71,76,-5,5
34974,59,73,-14,14
34975,86,84,2,2
34976,121,104,17,17
34977,104,107,-3,3
34978,93,91,2,2
34979,78,78,0,0
34980,124,120,4,4
34981,83,94,-11,11
34982,126,120,6,6
34983,91,94,-3,3
34984,89,101,-12,12
34985,79,69,10,10
34986,110,114,-4,4
34987,80,81,-1,1
34988,116,118,-2,2
34989,133,124,9,9
34990,91,112,-21,21
34991,94,91,3,3
34992,160,146,14,14
34993,107,121,-14,14
34994,61,68,-7,7
34995,74,67,7,7
34996,80,78,2,2
34997,50,58,-8,8
34998,98,97,1,1
34999,47,50,-3,3
35000,63,89,-26,26
35001,92,111,-19,19
35002,97,88,9,9
35003,101,103,-2,2
35004,48,56,-8,8
35005,114,118,-4,4
35006,106,101,5,5
35007,98,98,0,0
35008,133,135,-2,2
35009,98,83,15,15
35010,41,43,-2,2
35011,85,91,-6,6
35012,102,101,1,1
35013,97,88,9,9
35014,49,54,-5,5
35015,50,55,-5,5
35016,86,93,-7,7
35017,96,109,-13,13
35018,110,105,5,5
35019,95,101,-6,6
35020,89,82,7,7
35021,92,91,1,1
35022,109,101,8,8
35023,75,81,-6,6
35024,61,56,5,5
35025,82,91,-9,9
35026,88,92,-4,4
35027,139,137,2,2
35028,67,83,-16,16
35029,106,110,-4,4
35030,108,111,-3,3
35031,80,87,-7,7
35032,78,91,-13,13
35033,87,91,-4,4
35034,57,61,-4,4
35035,63,63,0,0
35036,105,95,10,10
35037,129,114,15,15
35038,65,56,9,9
35039,93,91,2,2
35040,50,49,1,1
35041,30,31,-1,1
35042,81,79,2,2
35043,55,65,-10,10
35044,76,66,10,10
35045,135,121,14,14
35046,55,57,-2,2
35047,140,138,2,2
35048,92,87,5,5
35049,124,131,-7,7
35050,100,103,-3,3
35051,40,43,-3,3
35052,50,45,5,5
35053,85,90,-5,5
35054,87,98,-11,11
35055,136,130,6,6
35056,65,76,-11,11
35057,97,82,15,15
35058,80,75,5,5
35059,99,101,-2,2
35060,69,72,-3,3
35061,97,109,-12,12
35062,65,63,2,2
35063,67,74,-7,7
35064,108,111,-3,3
35065,105,111,-6,6
35066,98,91,7,7
35067,73,68,5,5
35068,87,86,1,1
35069,80,74,6,6
35070,115,122,-7,7
35071,129,115,14,14
35072,62,66,-4,4
35073,141,132,9,9
35074,165,158,7,7
35075,167,156,11,11
35076,128,113,15,15
35077,163,146,17,17
35078,49,68,-19,19
35079,73,80,-7,7
35080,117,187,-70,70
35081,182,160,22,22
35082,91,83,8,8
35083,73,79,-6,6
35084,130,140,-10,10
35085,92,88,4,4
35086,164,145,19,19
35087,100,114,-14,14
35088,106,107,-1,1
35089,155,152,3,3
35090,84,80,4,4
35091,115,124,-9,9
35092,74,78,-4,4
35093,62,60,2,2
35094,76,79,-3,3
35095,82,91,-9,9
35096,116,106,10,10
35097,84,84,0,0
35098,61,71,-10,10
35099,155,145,10,10
35100,87,150,-63,63
35101,118,122,-4,4
35102,126,134,-8,8
35103,123,129,-6,6
35104,72,83,-11,11
35105,106,108,-2,2
35106,119,118,1,1
35107,79,80,-1,1
35108,70,85,-15,15
35109,129,118,11,11
35110,93,85,8,8
35111,98,91,7,7
35112,164,170,-6,6
35113,110,116,-6,6
35114,108,113,-5,5
35115,79,79,0,0
35116,140,137,3,3
35117,81,92,-11,11
35118,84,97,-13,13
35119,64,60,4,4
35120,101,112,-11,11
35121,65,67,-2,2
35122,71,84,-13,13
35123,66,55,11,11
35124,81,88,-7,7
35125,82,96,-14,14
35126,101,98,3,3
35127,95,102,-7,7
35128,95,99,-4,4
35129,177,162,15,15
35130,148,143,5,5
35131,83,90,-7,7
35132,79,83,-4,4
35133,87,85,2,2
35134,120,125,-5,5
35135,140,170,-30,30
35136,117,119,-2,2
35137,88,89,-1,1
35138,79,74,5,5
35139,89,90,-1,1
35140,83,84,-1,1
35141,79,94,-15,15
35142,118,119,-1,1
35143,79,84,-5,5
35144,95,86,9,9
35145,62,66,-4,4
35146,67,74,-7,7
35147,63,64,-1,1
35148,99,86,13,13
35149,164,156,8,8
35150,71,60,11,11
35151,49,54,-5,5
35152,88,88,0,0
35153,93,68,25,25
35154,90,87,3,3
35155,96,86,10,10
35156,91,95,-4,4
35157,41,33,8,8
35158,94,97,-3,3
35159,58,39,19,19
35160,87,89,-2,2
35161,100,96,4,4
35162,117,118,-1,1
35163,106,106,0,0
35164,65,80,-15,15
35165,126,130,-4,4
35166,92,94,-2,2
35167,78,87,-9,9
35168,98,98,0,0
35169,102,121,-19,19
35170,115,110,5,5
35171,93,87,6,6
35172,48,58,-10,10
35173,64,68,-4,4
35174,168,168,0,0
35175,95,85,10,10
35176,125,129,-4,4
35177,128,140,-12,12
35178,137,125,12,12
35179,62,54,8,8
35180,76,84,-8,8
35181,66,71,-5,5
35182,50,56,-6,6
35183,98,96,2,2
35184,101,114,-13,13
35185,77,80,-3,3
35186,97,99,-2,2
35187,116,118,-2,2
35188,118,113,5,5
35189,157,158,-1,1
35190,48,52,-4,4
35191,86,96,-10,10
35192,79,89,-10,10
35193,93,92,1,1
35194,58,61,-3,3
35195,65,67,-2,2
35196,203,183,20,20
35197,59,59,0,0
35198,103,108,-5,5
35199,35,36,-1,1
35200,95,103,-8,8
35201,89,98,-9,9
35202,122,113,9,9
35203,97,98,-1,1
35204,84,84,0,0
35205,146,127,19,19
35206,129,116,13,13
35207,76,86,-10,10
35208,79,79,0,0
35209,92,92,0,0
35210,82,75,7,7
35211,111,101,10,10
35212,88,85,3,3
35213,155,135,20,20
35214,75,66,9,9
35215,109,109,0,0
35216,64,61,3,3
35217,76,68,8,8
35218,114,121,-7,7
35219,84,83,1,1
35220,90,93,-3,3
35221,49,52,-3,3
35222,103,108,-5,5
35223,140,134,6,6
35224,64,60,4,4
35225,171,173,-2,2
35226,89,92,-3,3
35227,57,65,-8,8
35228,99,53,46,46
35229,62,58,4,4
35230,191,167,24,24
35231,108,112,-4,4
35232,116,113,3,3
35233,157,146,11,11
35234,98,108,-10,10
35235,167,169,-2,2
35236,89,80,9,9
35237,65,73,-8,8
35238,103,105,-2,2
35239,107,103,4,4
35240,66,64,2,2
35241,137,138,-1,1
35242,68,65,3,3
35243,64,65,-1,1
35244,137,136,1,1
35245,101,101,0,0
35246,120,114,6,6
35247,99,108,-9,9
35248,58,68,-10,10
35249,93,101,-8,8
35250,48,71,-23,23
35251,96,121,-25,25
35252,68,68,0,0
35253,95,101,-6,6
35254,117,111,6,6
35255,61,62,-1,1
35256,122,121,1,1
35257,77,82,-5,5
35258,69,77,-8,8
35259,105,100,5,5
35260,126,132,-6,6
35261,67,66,1,1
35262,122,118,4,4
35263,96,87,9,9
35264,188,167,21,21
35265,72,38,34,34
35266,122,118,4,4
35267,53,52,1,1
35268,49,65,-16,16
35269,131,119,12,12
35270,118,105,13,13
35271,68,59,9,9
35272,84,91,-7,7
35273,80,88,-8,8
35274,95,115,-20,20
35275,54,51,3,3
35276,80,88,-8,8
35277,55,59,-4,4
35278,50,46,4,4
35279,141,140,1,1
35280,118,105,13,13
35281,64,76,-12,12
35282,132,122,10,10
35283,81,75,6,6
35284,49,46,3,3
35285,86,90,-4,4
35286,107,106,1,1
35287,123,115,8,8
35288,109,99,10,10
35289,121,115,6,6
35290,89,93,-4,4
35291,57,63,-6,6
35292,123,115,8,8
35293,102,110,-8,8
35294,143,131,12,12
35295,57,58,-1,1
35296,84,82,2,2
35297,73,67,6,6
35298,124,130,-6,6
35299,86,78,8,8
35300,128,129,-1,1
35301,146,133,13,13
35302,92,92,0,0
35303,68,79,-11,11
35304,88,96,-8,8
35305,147,140,7,7
35306,134,137,-3,3
35307,91,95,-4,4
35308,137,140,-3,3
35309,130,130,0,0
35310,103,97,6,6
35311,78,93,-15,15
35312,85,80,5,5
35313,57,57,0,0
35314,159,143,16,16
35315,80,86,-6,6
35316,113,129,-16,16
35317,152,137,15,15
35318,163,146,17,17
35319,137,129,8,8
35320,116,124,-8,8
35321,144,129,15,15
35322,61,62,-1,1
35323,158,148,10,10
35324,120,145,-25,25
35325,64,71,-7,7
35326,106,103,3,3
35327,60,66,-6,6
35328,87,91,-4,4
35329,72,57,15,15
35330,92,87,5,5
35331,164,157,7,7
35332,121,128,-7,7
35333,63,66,-3,3
35334,108,104,4,4
35335,70,61,9,9
35336,66,73,-7,7
35337,81,133,-52,52
35338,84,86,-2,2
35339,69,78,-9,9
35340,161,159,2,2
35341,73,74,-1,1
35342,62,60,2,2
35343,66,76,-10,10
35344,80,89,-9,9
35345,110,125,-15,15
35346,145,136,9,9
35347,32,54,-22,22
35348,62,64,-2,2
35349,191,181,10,10
35350,84,77,7,7
35351,96,87,9,9
35352,87,82,5,5
35353,54,57,-3,3
35354,85,85,0,0
35355,118,92,26,26
35356,52,45,7,7
35357,102,90,12,12
35358,66,72,-6,6
35359,151,151,0,0
35360,129,141,-12,12
35361,61,61,0,0
35362,102,111,-9,9
35363,88,96,-8,8
35364,61,74,-13,13
35365,77,88,-11,11
35366,79,89,-10,10
35367,110,103,7,7
35368,96,91,5,5
35369,74,75,-1,1
35370,120,122,-2,2
35371,134,123,11,11
35372,66,65,1,1
35373,61,63,-2,2
35374,130,123,7,7
35375,60,64,-4,4
35376,66,67,-1,1
35377,115,114,1,1
35378,99,95,4,4
35379,55,53,2,2
35380,104,98,6,6
35381,104,102,2,2
35382,97,114,-17,17
35383,48,50,-2,2
35384,51,60,-9,9
35385,51,40,11,11
35386,80,79,1,1
35387,57,56,1,1
35388,77,59,18,18
35389,128,126,2,2
35390,141,144,-3,3
35391,77,80,-3,3
35392,132,131,1,1
35393,110,100,10,10
35394,43,38,5,5
35395,110,121,-11,11
35396,85,74,11,11
35397,92,96,-4,4
35398,49,43,6,6
35399,69,68,1,1
35400,64,62,2,2
35401,82,79,3,3
35402,59,70,-11,11
35403,69,70,-1,1
35404,66,67,-1,1
35405,92,88,4,4
35406,101,91,10,10
35407,62,69,-7,7
35408,126,114,12,12
35409,119,121,-2,2
35410,117,107,10,10
35411,162,152,10,10
35412,100,102,-2,2
35413,107,119,-12,12
35414,49,60,-11,11
35415,75,78,-3,3
35416,85,81,4,4
35417,87,73,14,14
35418,58,54,4,4
35419,86,111,-25,25
35420,54,54,0,0
35421,149,144,5,5
35422,99,99,0,0
35423,118,117,1,1
35424,88,93,-5,5
35425,128,141,-13,13
35426,121,119,2,2
35427,62,76,-14,14
35428,32,28,4,4
35429,152,141,11,11
35430,58,57,1,1
35431,77,85,-8,8
35432,127,108,19,19
35433,109,111,-2,2
35434,116,122,-6,6
35435,83,90,-7,7
35436,70,81,-11,11
35437,101,96,5,5
35438,70,71,-1,1
35439,117,114,3,3
35440,93,102,-9,9
35441,72,78,-6,6
35442,131,130,1,1
35443,64,70,-6,6
35444,160,150,10,10
35445,86,82,4,4
35446,84,88,-4,4
35447,56,52,4,4
35448,94,89,5,5
35449,149,135,14,14
35450,128,108,20,20
35451,97,112,-15,15
35452,178,168,10,10
35453,102,104,-2,2
35454,53,51,2,2
35455,124,107,17,17
35456,79,81,-2,2
35457,136,161,-25,25
35458,71,76,-5,5
35459,54,50,4,4
35460,97,94,3,3
35461,72,72,0,0
35462,169,146,23,23
35463,80,79,1,1
35464,53,56,-3,3
35465,64,51,13,13
35466,52,50,2,2
35467,38,56,-18,18
35468,78,78,0,0
35469,160,109,51,51
35470,113,105,8,8
35471,90,95,-5,5
35472,63,63,0,0
35473,79,95,-16,16
35474,56,65,-9,9
35475,241,231,10,10
35476,68,73,-5,5
35477,145,151,-6,6
35478,69,67,2,2
35479,107,95,12,12
35480,79,95,-16,16
35481,123,123,0,0
35482,97,91,6,6
35483,77,74,3,3
35484,66,148,-82,82
35485,83,83,0,0
35486,82,85,-3,3
35487,78,79,-1,1
35488,89,86,3,3
35489,76,65,11,11
35490,61,63,-2,2
35491,116,122,-6,6
35492,128,143,-15,15
35493,130,127,3,3
35494,46,45,1,1
35495,105,100,5,5
35496,150,128,22,22
35497,156,150,6,6
35498,69,70,-1,1
35499,89,87,2,2
35500,77,73,4,4
35501,123,121,2,2
35502,97,95,2,2
35503,87,84,3,3
35504,80,81,-1,1
35505,79,76,3,3
35506,58,66,-8,8
35507,53,50,3,3
35508,105,114,-9,9
35509,74,79,-5,5
35510,101,106,-5,5
35511,56,50,6,6
35512,115,106,9,9
35513,141,143,-2,2
35514,116,108,8,8
35515,47,44,3,3
35516,43,36,7,7
35517,80,88,-8,8
35518,91,97,-6,6
35519,75,91,-16,16
35520,114,102,12,12
35521,79,82,-3,3
35522,106,104,2,2
35523,69,68,1,1
35524,87,77,10,10
35525,118,123,-5,5
35526,84,85,-1,1
35527,90,100,-10,10
35528,97,88,9,9
35529,57,61,-4,4
35530,132,139,-7,7
35531,90,117,-27,27
35532,108,101,7,7
35533,132,121,11,11
35534,76,82,-6,6
35535,38,30,8,8
35536,52,58,-6,6
35537,68,67,1,1
35538,141,136,5,5
35539,90,97,-7,7
35540,72,65,7,7
35541,74,66,8,8
35542,89,88,1,1
35543,72,68,4,4
35544,78,64,14,14
35545,67,69,-2,2
35546,94,95,-1,1
35547,65,66,-1,1
35548,75,73,2,2
35549,76,87,-11,11
35550,78,68,10,10
35551,70,79,-9,9
35552,124,112,12,12
35553,123,113,10,10
35554,185,175,10,10
35555,126,112,14,14
35556,104,106,-2,2
35557,79,68,11,11
35558,74,47,27,27
35559,82,79,3,3
35560,47,42,5,5
35561,40,43,-3,3
35562,102,104,-2,2
35563,68,85,-17,17
35564,95,103,-8,8
35565,111,108,3,3
35566,74,73,1,1
35567,63,67,-4,4
35568,118,118,0,0
35569,181,166,15,15
35570,63,67,-4,4
35571,73,76,-3,3
35572,76,80,-4,4
35573,80,81,-1,1
35574,99,101,-2,2
35575,83,97,-14,14
35576,48,45,3,3
35577,140,124,16,16
35578,101,103,-2,2
35579,76,94,-18,18
35580,84,110,-26,26
35581,95,79,16,16
35582,60,64,-4,4
35583,78,78,0,0
35584,125,124,1,1
35585,90,91,-1,1
35586,99,96,3,3
35587,58,52,6,6
35588,128,126,2,2
35589,67,71,-4,4
35590,96,115,-19,19
35591,96,89,7,7
35592,141,140,1,1
35593,77,83,-6,6
35594,114,96,18,18
35595,86,85,1,1
35596,175,161,14,14
35597,129,128,1,1
35598,50,57,-7,7
35599,70,66,4,4
35600,224,199,25,25
35601,146,133,13,13
35602,81,79,2,2
35603,97,90,7,7
35604,118,122,-4,4
35605,77,67,10,10
35606,73,81,-8,8
35607,85,84,1,1
35608,102,98,4,4
35609,130,128,2,2
35610,133,136,-3,3
35611,129,113,16,16
35612,80,89,-9,9
35613,93,98,-5,5
35614,91,89,2,2
35615,41,97,-56,56
35616,82,95,-13,13
35617,67,67,0,0
35618,85,84,1,1
35619,75,82,-7,7
35620,118,138,-20,20
35621,118,104,14,14
35622,79,77,2,2
35623,63,65,-2,2
35624,170,168,2,2
35625,73,79,-6,6
35626,114,96,18,18
35627,154,157,-3,3
35628,54,56,-2,2
35629,115,112,3,3
35630,49,125,-76,76
35631,99,105,-6,6
35632,80,78,2,2
35633,152,156,-4,4
35634,71,73,-2,2
35635,118,139,-21,21
35636,106,99,7,7
35637,106,118,-12,12
35638,173,152,21,21
35639,89,99,-10,10
35640,65,68,-3,3
35641,93,91,2,2
35642,109,111,-2,2
35643,126,130,-4,4
35644,143,151,-8,8
35645,127,136,-9,9
35646,114,100,14,14
35647,84,88,-4,4
35648,68,80,-12,12
35649,60,63,-3,3
35650,111,117,-6,6
35651,127,133,-6,6
35652,83,79,4,4
35653,98,98,0,0
35654,83,73,10,10
35655,77,80,-3,3
35656,51,55,-4,4
35657,88,98,-10,10
35658,48,63,-15,15
35659,147,139,8,8
35660,66,97,-31,31
35661,100,93,7,7
35662,76,76,0,0
35663,59,45,14,14
35664,116,112,4,4
35665,61,66,-5,5
35666,155,154,1,1
35667,99,110,-11,11
35668,112,111,1,1
35669,70,58,12,12
35670,79,87,-8,8
35671,96,111,-15,15
35672,90,105,-15,15
35673,104,98,6,6
35674,99,102,-3,3
35675,81,84,-3,3
35676,134,148,-14,14
35677,126,126,0,0
35678,160,125,35,35
35679,75,77,-2,2
35680,104,108,-4,4
35681,150,140,10,10
35682,120,126,-6,6
35683,90,91,-1,1
35684,120,120,0,0
35685,142,146,-4,4
35686,75,74,1,1
35687,102,85,17,17
35688,162,150,12,12
35689,74,67,7,7
35690,75,78,-3,3
35691,99,102,-3,3
35692,130,132,-2,2
35693,53,56,-3,3
35694,127,141,-14,14
35695,103,94,9,9
35696,94,92,2,2
35697,76,86,-10,10
35698,83,105,-22,22
35699,195,165,30,30
35700,58,72,-14,14
35701,51,56,-5,5
35702,153,148,5,5
35703,190,177,13,13
35704,87,86,1,1
35705,96,94,2,2
35706,100,91,9,9
35707,74,75,-1,1
35708,67,64,3,3
35709,124,127,-3,3
35710,74,73,1,1
35711,111,100,11,11
35712,93,112,-19,19
35713,107,100,7,7
35714,70,56,14,14
35715,154,147,7,7
35716,125,122,3,3
35717,107,92,15,15
35718,69,95,-26,26
35719,101,107,-6,6
35720,95,82,13,13
35721,96,90,6,6
35722,85,82,3,3
35723,70,103,-33,33
35724,68,60,8,8
35725,61,65,-4,4
35726,155,161,-6,6
35727,58,66,-8,8
35728,72,70,2,2
35729,47,51,-4,4
35730,98,101,-3,3
35731,145,136,9,9
35732,52,60,-8,8
35733,120,108,12,12
35734,78,80,-2,2
35735,56,57,-1,1
35736,89,88,1,1
35737,82,86,-4,4
35738,104,105,-1,1
35739,128,140,-12,12
35740,159,153,6,6
35741,79,91,-12,12
35742,109,104,5,5
35743,120,121,-1,1
35744,79,93,-14,14
35745,73,59,14,14
35746,64,45,19,19
35747,97,88,9,9
35748,135,117,18,18
35749,81,89,-8,8
35750,91,83,8,8
35751,58,57,1,1
35752,78,73,5,5
35753,77,77,0,0
35754,47,39,8,8
35755,167,153,14,14
35756,65,88,-23,23
35757,152,149,3,3
35758,159,147,12,12
35759,89,120,-31,31
35760,205,175,30,30
35761,108,97,11,11
35762,101,100,1,1
35763,129,124,5,5
35764,123,127,-4,4
35765,90,101,-11,11
35766,138,138,0,0
35767,105,99,6,6
35768,93,88,5,5
35769,129,114,15,15
35770,110,96,14,14
35771,86,100,-14,14
35772,72,60,12,12
35773,122,120,2,2
35774,37,42,-5,5
35775,173,166,7,7
35776,97,83,14,14
35777,45,41,4,4
35778,97,83,14,14
35779,85,102,-17,17
35780,83,84,-1,1
35781,105,98,7,7
35782,138,132,6,6
35783,98,96,2,2
35784,128,130,-2,2
35785,94,81,13,13
35786,131,118,13,13
35787,67,73,-6,6
35788,176,165,11,11
35789,116,118,-2,2
35790,116,133,-17,17
35791,80,38,42,42
35792,84,84,0,0
35793,69,76,-7,7
35794,165,159,6,6
35795,55,68,-13,13
35796,123,129,-6,6
35797,117,133,-16,16
35798,81,69,12,12
35799,86,81,5,5
35800,185,177,8,8
35801,104,100,4,4
35802,89,96,-7,7
35803,85,69,16,16
35804,156,141,15,15
35805,72,66,6,6
35806,95,79,16,16
35807,86,78,8,8
35808,72,65,7,7
35809,168,148,20,20
35810,42,44,-2,2
35811,93,95,-2,2
35812,103,90,13,13
35813,83,85,-2,2
35814,137,131,6,6
35815,117,122,-5,5
35816,77,85,-8,8
35817,79,93,-14,14
35818,121,121,0,0
35819,110,123,-13,13
35820,101,90,11,11
35821,88,116,-28,28
35822,91,89,2,2
35823,166,157,9,9
35824,63,61,2,2
35825,92,94,-2,2
35826,138,134,4,4
35827,110,111,-1,1
35828,151,151,0,0
35829,121,132,-11,11
35830,73,73,0,0
35831,77,74,3,3
35832,197,191,6,6
35833,94,83,11,11
35834,67,71,-4,4
35835,147,118,29,29
35836,92,122,-30,30
35837,138,130,8,8
35838,71,85,-14,14
35839,93,92,1,1
35840,115,113,2,2
35841,90,78,12,12
35842,137,131,6,6
35843,136,153,-17,17
35844,63,63,0,0
35845,68,71,-3,3
35846,105,110,-5,5
35847,61,61,0,0
35848,75,86,-11,11
35849,120,117,3,3
35850,145,144,1,1
35851,106,106,0,0
35852,171,153,18,18
35853,87,91,-4,4
35854,112,97,15,15
35855,75,75,0,0
35856,84,91,-7,7
35857,55,48,7,7
35858,57,59,-2,2
35859,71,72,-1,1
35860,150,144,6,6
35861,42,36,6,6
35862,95,91,4,4
35863,100,113,-13,13
35864,77,68,9,9
35865,134,144,-10,10
35866,100,83,17,17
35867,117,124,-7,7
35868,74,120,-46,46
35869,106,105,1,1
35870,121,111,10,10
35871,115,109,6,6
35872,137,134,3,3
35873,80,84,-4,4
35874,81,84,-3,3
35875,50,56,-6,6
35876,60,68,-8,8
35877,143,124,19,19
35878,80,102,-22,22
35879,72,72,0,0
35880,74,74,0,0
35881,125,124,1,1
35882,111,104,7,7
35883,99,106,-7,7
35884,72,79,-7,7
35885,84,74,10,10
35886,52,48,4,4
35887,54,53,1,1
35888,63,51,12,12
35889,101,104,-3,3
35890,65,58,7,7
35891,74,79,-5,5
35892,141,148,-7,7
35893,84,84,0,0
35894,156,134,22,22
35895,105,98,7,7
35896,130,130,0,0
35897,74,74,0,0
35898,97,111,-14,14
35899,111,118,-7,7
35900,65,67,-2,2
35901,124,122,2,2
35902,80,84,-4,4
35903,93,86,7,7
35904,122,125,-3,3
35905,84,97,-13,13
35906,92,98,-6,6
35907,52,70,-18,18
35908,86,87,-1,1
35909,69,75,-6,6
35910,114,116,-2,2
35911,68,68,0,0
35912,123,130,-7,7
35913,104,120,-16,16
35914,119,112,7,7
35915,123,99,24,24
35916,99,97,2,2
35917,117,131,-14,14
35918,94,103,-9,9
35919,126,123,3,3
35920,148,137,11,11
35921,112,105,7,7
35922,168,156,12,12
35923,81,79,2,2
35924,100,104,-4,4
35925,78,79,-1,1
35926,109,114,-5,5
35927,120,122,-2,2
35928,119,121,-2,2
35929,83,111,-28,28
35930,138,125,13,13
35931,63,67,-4,4
35932,63,57,6,6
35933,88,85,3,3
35934,50,48,2,2
35935,171,151,20,20
35936,111,90,21,21
35937,154,166,-12,12
35938,131,118,13,13
35939,110,108,2,2
35940,74,82,-8,8
35941,116,124,-8,8
35942,112,114,-2,2
35943,89,90,-1,1
35944,109,116,-7,7
35945,68,67,1,1
35946,77,80,-3,3
35947,69,67,2,2
35948,54,67,-13,13
35949,74,73,1,1
35950,140,139,1,1
35951,92,95,-3,3
35952,47,48,-1,1
35953,49,52,-3,3
35954,72,73,-1,1
35955,79,80,-1,1
35956,45,43,2,2
35957,53,58,-5,5
35958,114,117,-3,3
35959,64,70,-6,6
35960,63,62,1,1
35961,113,106,7,7
35962,103,100,3,3
35963,109,105,4,4
35964,94,92,2,2
35965,65,61,4,4
35966,94,68,26,26
35967,142,141,1,1
35968,38,35,3,3
35969,91,104,-13,13
35970,86,78,8,8
35971,150,145,5,5
35972,66,65,1,1
35973,68,64,4,4
35974,62,60,2,2
35975,53,51,2,2
35976,53,47,6,6
35977,117,113,4,4
35978,89,97,-8,8
35979,96,84,12,12
35980,109,119,-10,10
35981,100,103,-3,3
35982,132,124,8,8
35983,125,134,-9,9
35984,47,40,7,7
35985,76,96,-20,20
35986,80,84,-4,4
35987,108,133,-25,25
35988,72,75,-3,3
35989,79,77,2,2
35990,103,103,0,0
35991,93,91,2,2
35992,90,89,1,1
35993,76,78,-2,2
35994,88,84,4,4
35995,70,73,-3,3
35996,162,140,22,22
35997,86,76,10,10
35998,62,61,1,1
35999,78,82,-4,4
36000,51,48,3,3
36001,131,127,4,4
36002,81,69,12,12
36003,100,108,-8,8
36004,107,106,1,1
36005,71,73,-2,2
36006,99,101,-2,2
36007,128,123,5,5
36008,102,108,-6,6
36009,111,115,-4,4
36010,114,122,-8,8
36011,145,137,8,8
36012,123,112,11,11
36013,64,71,-7,7
36014,138,136,2,2
36015,120,128,-8,8
36016,96,99,-3,3
36017,143,142,1,1
36018,79,75,4,4
36019,139,141,-2,2
36020,124,118,6,6
36021,76,83,-7,7
36022,67,69,-2,2
36023,65,76,-11,11
36024,62,69,-7,7
36025,184,177,7,7
36026,102,103,-1,1
36027,60,62,-2,2
36028,79,87,-8,8
36029,63,62,1,1
36030,70,52,18,18
36031,91,102,-11,11
36032,68,73,-5,5
36033,86,83,3,3
36034,97,104,-7,7
36035,78,85,-7,7
36036,110,94,16,16
36037,94,92,2,2
36038,68,87,-19,19
36039,150,146,4,4
36040,81,82,-1,1
36041,58,64,-6,6
36042,48,47,1,1
36043,76,74,2,2
36044,102,97,5,5
36045,74,78,-4,4
36046,60,67,-7,7
36047,75,88,-13,13
36048,92,87,5,5
36049,62,62,0,0
36050,91,99,-8,8
36051,93,82,11,11
36052,146,150,-4,4
36053,94,93,1,1
36054,88,96,-8,8
36055,124,142,-18,18
36056,92,101,-9,9
36057,87,115,-28,28
36058,113,119,-6,6
36059,99,98,1,1
36060,90,89,1,1
36061,95,92,3,3
36062,61,59,2,2
36063,139,129,10,10
36064,106,125,-19,19
36065,42,44,-2,2
36066,95,87,8,8
36067,121,131,-10,10
36068,130,143,-13,13
36069,121,125,-4,4
36070,74,85,-11,11
36071,84,80,4,4
36072,70,71,-1,1
36073,73,73,0,0
36074,116,121,-5,5
36075,120,128,-8,8
36076,151,138,13,13
36077,80,76,4,4
36078,90,99,-9,9
36079,68,77,-9,9
36080,102,102,0,0
36081,180,168,12,12
36082,44,67,-23,23
36083,170,166,4,4
36084,99,89,10,10
36085,130,132,-2,2
36086,78,102,-24,24
36087,107,105,2,2
36088,93,104,-11,11
36089,146,148,-2,2
36090,97,95,2,2
36091,107,99,8,8
36092,116,113,3,3
36093,81,91,-10,10
36094,84,77,7,7
36095,88,101,-13,13
36096,77,50,27,27
36097,65,68,-3,3
36098,158,142,16,16
36099,76,84,-8,8
36100,56,51,5,5
36101,119,124,-5,5
36102,82,82,0,0
36103,52,56,-4,4
36104,44,37,7,7
36105,122,114,8,8
36106,92,100,-8,8
36107,87,87,0,0
36108,152,154,-2,2
36109,97,96,1,1
36110,127,111,16,16
36111,61,66,-5,5
36112,58,65,-7,7
36113,94,96,-2,2
36114,123,127,-4,4
36115,141,122,19,19
36116,61,61,0,0
36117,151,186,-35,35
36118,117,120,-3,3
36119,88,90,-2,2
36120,71,69,2,2
36121,131,131,0,0
36122,98,97,1,1
36123,54,60,-6,6
36124,133,131,2,2
36125,68,59,9,9
36126,49,57,-8,8
36127,106,104,2,2
36128,144,129,15,15
36129,105,110,-5,5
36130,59,62,-3,3
36131,65,70,-5,5
36132,136,124,12,12
36133,58,55,3,3
36134,49,47,2,2
36135,47,49,-2,2
36136,87,88,-1,1
36137,81,99,-18,18
36138,110,98,12,12
36139,119,123,-4,4
36140,114,113,1,1
36141,77,66,11,11
36142,114,109,5,5
36143,112,115,-3,3
36144,86,116,-30,30
36145,91,103,-12,12
36146,136,122,14,14
36147,52,51,1,1
36148,85,86,-1,1
36149,97,92,5,5
36150,151,143,8,8
36151,118,113,5,5
36152,156,131,25,25
36153,61,52,9,9
36154,107,102,5,5
36155,173,170,3,3
36156,86,93,-7,7
36157,74,82,-8,8
36158,90,82,8,8
36159,61,67,-6,6
36160,112,119,-7,7
36161,114,88,26,26
36162,86,92,-6,6
36163,115,121,-6,6
36164,128,122,6,6
36165,62,68,-6,6
36166,81,85,-4,4
36167,102,100,2,2
36168,104,105,-1,1
36169,70,80,-10,10
36170,85,81,4,4
36171,59,62,-3,3
36172,112,104,8,8
36173,141,141,0,0
36174,103,105,-2,2
36175,89,88,1,1
36176,83,74,9,9
36177,54,51,3,3
36178,70,65,5,5
36179,75,78,-3,3
36180,124,127,-3,3
36181,64,66,-2,2
36182,137,127,10,10
36183,112,121,-9,9
36184,60,67,-7,7
36185,103,107,-4,4
36186,76,71,5,5
36187,100,89,11,11
36188,68,74,-6,6
36189,72,82,-10,10
36190,52,54,-2,2
36191,91,102,-11,11
36192,57,57,0,0
36193,71,50,21,21
36194,99,106,-7,7
36195,117,132,-15,15
36196,179,170,9,9
36197,109,107,2,2
36198,33,58,-25,25
36199,101,104,-3,3
36200,105,96,9,9
36201,88,89,-1,1
36202,152,163,-11,11
36203,88,83,5,5
36204,140,128,12,12
36205,123,108,15,15
36206,129,117,12,12
36207,57,57,0,0
36208,53,51,2,2
36209,65,67,-2,2
36210,72,76,-4,4
36211,127,142,-15,15
36212,62,70,-8,8
36213,47,47,0,0
36214,101,103,-2,2
36215,58,48,10,10
36216,90,99,-9,9
36217,71,72,-1,1
36218,148,131,17,17
36219,131,127,4,4
36220,173,169,4,4
36221,140,128,12,12
36222,88,92,-4,4
36223,105,113,-8,8
36224,129,114,15,15
36225,105,99,6,6
36226,113,122,-9,9
36227,83,91,-8,8
36228,58,60,-2,2
36229,59,58,1,1
36230,110,100,10,10
36231,106,114,-8,8
36232,95,96,-1,1
36233,101,78,23,23
36234,56,39,17,17
36235,134,137,-3,3
36236,118,118,0,0
36237,114,106,8,8
36238,70,74,-4,4
36239,68,69,-1,1
36240,66,56,10,10
36241,92,86,6,6
36242,113,110,3,3
36243,108,102,6,6
36244,91,91,0,0
36245,146,147,-1,1
36246,114,111,3,3
36247,103,104,-1,1
36248,108,158,-50,50
36249,60,60,0,0
36250,62,53,9,9
36251,102,106,-4,4
36252,110,122,-12,12
36253,194,162,32,32
36254,53,58,-5,5
36255,102,98,4,4
36256,175,156,19,19
36257,66,63,3,3
36258,108,98,10,10
36259,112,106,6,6
36260,154,148,6,6
36261,121,123,-2,2
36262,66,61,5,5
36263,84,83,1,1
36264,72,69,3,3
36265,97,93,4,4
36266,125,120,5,5
36267,53,54,-1,1
36268,56,62,-6,6
36269,139,138,1,1
36270,76,99,-23,23
36271,98,99,-1,1
36272,64,62,2,2
36273,102,101,1,1
36274,63,73,-10,10
36275,125,130,-5,5
36276,133,110,23,23
36277,61,62,-1,1
36278,57,62,-5,5
36279,87,77,10,10
36280,65,78,-13,13
36281,45,50,-5,5
36282,105,108,-3,3
36283,123,101,22,22
36284,96,90,6,6
36285,146,162,-16,16
36286,65,72,-7,7
36287,93,97,-4,4
36288,67,66,1,1
36289,112,87,25,25
36290,128,123,5,5
36291,78,81,-3,3
36292,73,72,1,1
36293,89,86,3,3
36294,62,62,0,0
36295,127,140,-13,13
36296,126,114,12,12
36297,80,83,-3,3
36298,84,91,-7,7
36299,85,106,-21,21
36300,65,67,-2,2
36301,63,59,4,4
36302,42,46,-4,4
36303,84,81,3,3
36304,73,75,-2,2
36305,50,47,3,3
36306,107,131,-24,24
36307,108,103,5,5
36308,65,66,-1,1
36309,150,137,13,13
36310,101,98,3,3
36311,51,46,5,5
36312,74,72,2,2
36313,79,82,-3,3
36314,117,108,9,9
36315,71,80,-9,9
36316,70,81,-11,11
36317,75,76,-1,1
36318,38,39,-1,1
36319,104,121,-17,17
36320,97,94,3,3
36321,117,114,3,3
36322,78,78,0,0
36323,58,70,-12,12
36324,133,136,-3,3
36325,51,54,-3,3
36326,117,119,-2,2
36327,82,77,5,5
36328,155,145,10,10
36329,102,112,-10,10
36330,137,133,4,4
36331,85,82,3,3
36332,132,132,0,0
36333,35,36,-1,1
36334,72,85,-13,13
36335,119,125,-6,6
36336,90,94,-4,4
36337,69,72,-3,3
36338,76,84,-8,8
36339,85,94,-9,9
36340,114,109,5,5
36341,84,119,-35,35
36342,78,77,1,1
36343,55,58,-3,3
36344,102,108,-6,6
36345,163,138,25,25
36346,69,76,-7,7
36347,126,124,2,2
36348,43,34,9,9
36349,61,60,1,1
36350,54,51,3,3
36351,109,103,6,6
36352,102,116,-14,14
36353,80,84,-4,4
36354,206,181,25,25
36355,51,50,1,1
36356,89,66,23,23
36357,72,81,-9,9
36358,127,129,-2,2
36359,76,83,-7,7
36360,107,124,-17,17
36361,71,70,1,1
36362,66,61,5,5
36363,76,67,9,9
36364,184,152,32,32
36365,129,133,-4,4
36366,55,58,-3,3
36367,110,116,-6,6
36368,75,82,-7,7
36369,61,65,-4,4
36370,136,133,3,3
36371,103,89,14,14
36372,115,112,3,3
36373,55,61,-6,6
36374,113,110,3,3
36375,89,79,10,10
36376,121,113,8,8
36377,80,94,-14,14
36378,141,132,9,9
36379,150,156,-6,6
36380,90,86,4,4
36381,73,78,-5,5
36382,137,155,-18,18
36383,107,99,8,8
36384,86,86,0,0
36385,112,107,5,5
36386,46,56,-10,10
36387,72,76,-4,4
36388,99,106,-7,7
36389,63,63,0,0
36390,126,106,20,20
36391,64,62,2,2
36392,90,101,-11,11
36393,59,59,0,0
36394,66,62,4,4
36395,114,99,15,15
36396,102,104,-2,2
36397,77,75,2,2
36398,90,67,23,23
36399,68,67,1,1
36400,78,76,2,2
36401,71,70,1,1
36402,49,58,-9,9
36403,83,82,1,1
36404,112,120,-8,8
36405,102,114,-12,12
36406,134,115,19,19
36407,57,61,-4,4
36408,71,72,-1,1
36409,163,160,3,3
36410,130,131,-1,1
36411,123,142,-19,19
36412,117,117,0,0
36413,78,77,1,1
36414,39,48,-9,9
36415,49,46,3,3
36416,57,58,-1,1
36417,51,60,-9,9
36418,123,119,4,4
36419,92,93,-1,1
36420,93,90,3,3
36421,77,77,0,0
36422,197,158,39,39
36423,112,115,-3,3
36424,63,70,-7,7
36425,83,93,-10,10
36426,68,89,-21,21
36427,105,104,1,1
36428,62,67,-5,5
36429,71,67,4,4
36430,91,90,1,1
36431,85,83,2,2
36432,197,192,5,5
36433,124,118,6,6
36434,119,115,4,4
36435,130,148,-18,18
36436,81,74,7,7
36437,92,99,-7,7
36438,71,71,0,0
36439,67,67,0,0
36440,99,94,5,5
36441,94,99,-5,5
36442,114,123,-9,9
36443,167,150,17,17
36444,120,118,2,2
36445,125,122,3,3
36446,70,69,1,1
36447,114,106,8,8
36448,95,90,5,5
36449,46,48,-2,2
36450,101,104,-3,3
36451,61,53,8,8
36452,90,98,-8,8
36453,67,157,-90,90
36454,157,147,10,10
36455,79,77,2,2
36456,105,104,1,1
36457,112,106,6,6
36458,89,93,-4,4
36459,105,100,5,5
36460,124,123,1,1
36461,65,67,-2,2
36462,73,73,0,0
36463,66,71,-5,5
36464,61,68,-7,7
36465,125,133,-8,8
36466,122,139,-17,17
36467,76,72,4,4
36468,90,102,-12,12
36469,176,149,27,27
36470,62,75,-13,13
36471,139,135,4,4
36472,43,43,0,0
36473,67,79,-12,12
36474,50,52,-2,2
36475,66,66,0,0
36476,59,67,-8,8
36477,81,76,5,5
36478,83,72,11,11
36479,92,94,-2,2
36480,76,81,-5,5
36481,62,55,7,7
36482,64,78,-14,14
36483,92,104,-12,12
36484,123,122,1,1
36485,84,71,13,13
36486,88,88,0,0
36487,58,59,-1,1
36488,87,79,8,8
36489,73,74,-1,1
36490,44,54,-10,10
36491,123,116,7,7
36492,76,70,6,6
36493,82,89,-7,7
36494,84,76,8,8
36495,69,68,1,1
36496,80,92,-12,12
36497,104,102,2,2
36498,81,78,3,3
36499,79,89,-10,10
36500,90,108,-18,18
36501,105,100,5,5
36502,140,138,2,2
36503,85,85,0,0
36504,96,95,1,1
36505,102,100,2,2
36506,81,78,3,3
36507,117,113,4,4
36508,68,67,1,1
36509,79,83,-4,4
36510,143,138,5,5
36511,66,55,11,11
36512,52,53,-1,1
36513,109,101,8,8
36514,40,49,-9,9
36515,140,127,13,13
36516,115,107,8,8
36517,74,91,-17,17
36518,61,65,-4,4
36519,66,64,2,2
36520,92,79,13,13
36521,48,71,-23,23
36522,116,113,3,3
36523,141,130,11,11
36524,113,105,8,8
36525,89,79,10,10
36526,139,121,18,18
36527,134,138,-4,4
36528,152,143,9,9
36529,88,92,-4,4
36530,93,93,0,0
36531,161,150,11,11
36532,90,99,-9,9
36533,68,68,0,0
36534,148,134,14,14
36535,82,82,0,0
36536,96,90,6,6
36537,171,165,6,6
36538,96,105,-9,9
36539,66,58,8,8
36540,113,110,3,3
36541,78,83,-5,5
36542,82,81,1,1
36543,61,59,2,2
36544,82,82,0,0
36545,99,114,-15,15
36546,225,172,53,53
36547,81,81,0,0
36548,62,61,1,1
36549,66,71,-5,5
36550,44,41,3,3
36551,74,93,-19,19
36552,83,81,2,2
36553,109,98,11,11
36554,51,56,-5,5
36555,121,134,-13,13
36556,83,75,8,8
36557,81,91,-10,10
36558,53,52,1,1
36559,73,84,-11,11
36560,109,111,-2,2
36561,151,149,2,2
36562,115,122,-7,7
36563,122,117,5,5
36564,116,116,0,0
36565,107,98,9,9
36566,109,108,1,1
36567,72,75,-3,3
36568,43,36,7,7
36569,78,76,2,2
36570,127,120,7,7
36571,50,56,-6,6
36572,96,99,-3,3
36573,53,49,4,4
36574,37,39,-2,2
36575,94,81,13,13
36576,56,61,-5,5
36577,27,29,-2,2
36578,38,41,-3,3
36579,109,112,-3,3
36580,109,105,4,4
36581,70,80,-10,10
36582,60,63,-3,3
36583,82,88,-6,6
36584,67,64,3,3
36585,67,69,-2,2
36586,78,68,10,10
36587,62,69,-7,7
36588,49,49,0,0
36589,109,103,6,6
36590,88,95,-7,7
36591,81,94,-13,13
36592,82,93,-11,11
36593,90,89,1,1
36594,79,83,-4,4
36595,97,90,7,7
36596,75,78,-3,3
36597,104,101,3,3
36598,84,94,-10,10
36599,146,144,2,2
36600,62,64,-2,2
36601,104,110,-6,6
36602,106,90,16,16
36603,92,93,-1,1
36604,92,90,2,2
36605,92,99,-7,7
36606,71,79,-8,8
36607,91,97,-6,6
36608,87,92,-5,5
36609,79,103,-24,24
36610,86,102,-16,16
36611,128,116,12,12
36612,186,175,11,11
36613,138,128,10,10
36614,89,81,8,8
36615,168,160,8,8
36616,46,46,0,0
36617,93,90,3,3
36618,72,75,-3,3
36619,110,107,3,3
36620,99,85,14,14
36621,51,51,0,0
36622,93,95,-2,2
36623,99,101,-2,2
36624,126,125,1,1
36625,64,68,-4,4
36626,209,185,24,24
36627,102,103,-1,1
36628,98,107,-9,9
36629,79,70,9,9
36630,85,89,-4,4
36631,64,63,1,1
36632,83,79,4,4
36633,121,100,21,21
36634,111,110,1,1
36635,72,72,0,0
36636,97,107,-10,10
36637,96,87,9,9
36638,64,66,-2,2
36639,128,136,-8,8
36640,34,30,4,4
36641,124,98,26,26
36642,84,77,7,7
36643,132,127,5,5
36644,55,59,-4,4
36645,118,119,-1,1
36646,47,48,-1,1
36647,74,69,5,5
36648,75,74,1,1
36649,93,100,-7,7
36650,171,150,21,21
36651,81,81,0,0
36652,62,70,-8,8
36653,81,82,-1,1
36654,83,80,3,3
36655,65,63,2,2
36656,61,61,0,0
36657,83,89,-6,6
36658,102,105,-3,3
36659,78,71,7,7
36660,85,85,0,0
36661,122,115,7,7
36662,60,59,1,1
36663,151,155,-4,4
36664,72,76,-4,4
36665,93,91,2,2
36666,99,100,-1,1
36667,95,99,-4,4
36668,105,107,-2,2
36669,83,63,20,20
36670,128,131,-3,3
36671,76,109,-33,33
36672,114,101,13,13
36673,125,133,-8,8
36674,88,79,9,9
36675,117,123,-6,6
36676,54,53,1,1
36677,102,99,3,3
36678,60,55,5,5
36679,47,61,-14,14
36680,76,73,3,3
36681,53,49,4,4
36682,83,97,-14,14
36683,148,164,-16,16
36684,101,99,2,2
36685,126,121,5,5
36686,124,200,-76,76
36687,114,126,-12,12
36688,74,74,0,0
36689,83,99,-16,16
36690,109,107,2,2
36691,89,96,-7,7
36692,76,77,-1,1
36693,53,63,-10,10
36694,78,73,5,5
36695,60,63,-3,3
36696,136,131,5,5
36697,42,57,-15,15
36698,126,117,9,9
36699,99,113,-14,14
36700,96,107,-11,11
36701,45,43,2,2
36702,77,69,8,8
36703,167,145,22,22
36704,102,122,-20,20
36705,92,109,-17,17
36706,61,64,-3,3
36707,138,131,7,7
36708,117,126,-9,9
36709,127,122,5,5
36710,92,82,10,10
36711,83,91,-8,8
36712,69,72,-3,3
36713,189,167,22,22
36714,89,79,10,10
36715,154,146,8,8
36716,78,86,-8,8
36717,92,92,0,0
36718,151,154,-3,3
36719,138,144,-6,6
36720,73,72,1,1
36721,152,156,-4,4
36722,122,120,2,2
36723,71,61,10,10
36724,118,125,-7,7
36725,93,77,16,16
36726,104,106,-2,2
36727,85,78,7,7
36728,91,96,-5,5
36729,50,51,-1,1
36730,102,93,9,9
36731,120,125,-5,5
36732,111,110,1,1
36733,71,72,-1,1
36734,57,49,8,8
36735,161,135,26,26
36736,53,46,7,7
36737,122,141,-19,19
36738,125,123,2,2
36739,83,80,3,3
36740,74,86,-12,12
36741,78,77,1,1
36742,51,52,-1,1
36743,167,130,37,37
36744,78,80,-2,2
36745,207,185,22,22
36746,120,116,4,4
36747,142,151,-9,9
36748,71,84,-13,13
36749,144,125,19,19
36750,55,57,-2,2
36751,75,69,6,6
36752,113,119,-6,6
36753,100,113,-13,13
36754,56,34,22,22
36755,137,127,10,10
36756,92,98,-6,6
36757,142,134,8,8
36758,114,122,-8,8
36759,47,52,-5,5
36760,61,59,2,2
36761,130,125,5,5
36762,68,75,-7,7
36763,72,86,-14,14
36764,39,37,2,2
36765,116,121,-5,5
36766,135,129,6,6
36767,121,124,-3,3
36768,126,112,14,14
36769,115,132,-17,17
36770,92,90,2,2
36771,137,130,7,7
36772,67,72,-5,5
36773,58,52,6,6
36774,74,80,-6,6
36775,66,54,12,12
36776,70,68,2,2
36777,89,109,-20,20
36778,85,96,-11,11
36779,77,75,2,2
36780,54,34,20,20
36781,103,112,-9,9
36782,45,48,-3,3
36783,35,35,0,0
36784,84,113,-29,29
36785,61,62,-1,1
36786,114,115,-1,1
36787,47,53,-6,6
36788,86,88,-2,2
36789,92,92,0,0
36790,61,56,5,5
36791,96,102,-6,6
36792,48,50,-2,2
36793,115,128,-13,13
36794,209,189,20,20
36795,89,100,-11,11
36796,63,52,11,11
36797,68,71,-3,3
36798,88,107,-19,19
36799,63,68,-5,5
36800,121,134,-13,13
36801,146,153,-7,7
36802,64,60,4,4
36803,75,76,-1,1
36804,118,124,-6,6
36805,121,127,-6,6
36806,87,85,2,2
36807,80,74,6,6
36808,80,81,-1,1
36809,107,100,7,7
36810,137,127,10,10
36811,96,90,6,6
36812,74,75,-1,1
36813,90,87,3,3
36814,70,65,5,5
36815,45,36,9,9
36816,63,57,6,6
36817,122,114,8,8
36818,80,75,5,5
36819,91,95,-4,4
36820,241,213,28,28
36821,49,45,4,4
36822,115,125,-10,10
36823,136,80,56,56
36824,87,80,7,7
36825,90,105,-15,15
36826,86,80,6,6
36827,126,120,6,6
36828,63,75,-12,12
36829,68,71,-3,3
36830,83,67,16,16
36831,101,95,6,6
36832,82,112,-30,30
36833,105,114,-9,9
36834,141,143,-2,2
36835,67,72,-5,5
36836,29,32,-3,3
36837,96,106,-10,10
36838,69,68,1,1
36839,62,59,3,3
36840,68,74,-6,6
36841,96,88,8,8
36842,122,125,-3,3
36843,109,113,-4,4
36844,83,80,3,3
36845,127,118,9,9
36846,115,130,-15,15
36847,95,91,4,4
36848,64,62,2,2
36849,80,81,-1,1
36850,285,324,-39,39
36851,88,88,0,0
36852,154,126,28,28
36853,163,155,8,8
36854,68,109,-41,41
36855,72,81,-9,9
36856,184,181,3,3
36857,87,84,3,3
36858,58,61,-3,3
36859,110,121,-11,11
36860,62,69,-7,7
36861,53,47,6,6
36862,158,151,7,7
36863,87,104,-17,17
36864,70,85,-15,15
36865,72,71,1,1
36866,141,123,18,18
36867,94,91,3,3
36868,48,55,-7,7
36869,56,58,-2,2
36870,169,155,14,14
36871,81,106,-25,25
36872,71,68,3,3
36873,97,83,14,14
36874,73,75,-2,2
36875,90,98,-8,8
36876,122,124,-2,2
36877,68,58,10,10
36878,128,115,13,13
36879,68,70,-2,2
36880,128,134,-6,6
36881,80,84,-4,4
36882,76,59,17,17
36883,131,140,-9,9
36884,96,95,1,1
36885,118,125,-7,7
36886,112,109,3,3
36887,174,157,17,17
36888,44,34,10,10
36889,92,93,-1,1
36890,66,66,0,0
36891,90,96,-6,6
36892,144,146,-2,2
36893,110,104,6,6
36894,164,161,3,3
36895,85,83,2,2
36896,87,94,-7,7
36897,126,143,-17,17
36898,70,72,-2,2
36899,111,121,-10,10
36900,56,57,-1,1
36901,50,52,-2,2
36902,93,89,4,4
36903,66,69,-3,3
36904,77,77,0,0
36905,59,56,3,3
36906,95,103,-8,8
36907,79,81,-2,2
36908,84,85,-1,1
36909,81,79,2,2
36910,118,107,11,11
36911,62,60,2,2
36912,113,118,-5,5
36913,89,80,9,9
36914,109,109,0,0
36915,157,149,8,8
36916,144,167,-23,23
36917,113,100,13,13
36918,136,120,16,16
36919,55,48,7,7
36920,100,132,-32,32
36921,127,114,13,13
36922,137,131,6,6
36923,77,73,4,4
36924,75,67,8,8
36925,96,99,-3,3
36926,183,167,16,16
36927,100,95,5,5
36928,66,61,5,5
36929,87,89,-2,2
36930,76,75,1,1
36931,79,106,-27,27
36932,84,82,2,2
36933,101,103,-2,2
36934,110,111,-1,1
36935,97,98,-1,1
36936,55,59,-4,4
36937,94,89,5,5
36938,65,66,-1,1
36939,78,76,2,2
36940,69,76,-7,7
36941,171,156,15,15
36942,78,69,9,9
36943,58,60,-2,2
36944,79,78,1,1
36945,90,94,-4,4
36946,43,56,-13,13
36947,80,100,-20,20
36948,121,128,-7,7
36949,186,167,19,19
36950,87,94,-7,7
36951,25,27,-2,2
36952,77,91,-14,14
36953,111,112,-1,1
36954,60,59,1,1
36955,70,68,2,2
36956,145,137,8,8
36957,83,81,2,2
36958,87,80,7,7
36959,79,73,6,6
36960,110,109,1,1
36961,70,61,9,9
36962,157,154,3,3
36963,95,100,-5,5
36964,62,70,-8,8
36965,83,86,-3,3
36966,64,56,8,8
36967,240,219,21,21
36968,77,80,-3,3
36969,171,150,21,21
36970,111,112,-1,1
36971,98,84,14,14
36972,60,61,-1,1
36973,94,92,2,2
36974,117,116,1,1
36975,113,112,1,1
36976,149,159,-10,10
36977,84,81,3,3
36978,50,57,-7,7
36979,109,118,-9,9
36980,77,94,-17,17
36981,125,129,-4,4
36982,74,85,-11,11
36983,80,75,5,5
36984,70,74,-4,4
36985,79,80,-1,1
36986,125,111,14,14
36987,102,99,3,3
36988,72,74,-2,2
36989,99,115,-16,16
36990,73,75,-2,2
36991,104,97,7,7
36992,99,91,8,8
36993,97,93,4,4
36994,135,132,3,3
36995,80,89,-9,9
36996,146,141,5,5
36997,59,63,-4,4
36998,95,96,-1,1
36999,159,148,11,11
37000,73,68,5,5
37001,94,98,-4,4
37002,159,136,23,23
37003,178,191,-13,13
37004,58,53,5,5
37005,88,94,-6,6
37006,88,94,-6,6
37007,81,85,-4,4
37008,79,79,0,0
37009,54,57,-3,3
37010,88,90,-2,2
37011,75,68,7,7
37012,101,85,16,16
37013,89,83,6,6
37014,51,54,-3,3
37015,121,125,-4,4
37016,110,107,3,3
37017,99,93,6,6
37018,63,70,-7,7
37019,113,122,-9,9
37020,137,146,-9,9
37021,114,120,-6,6
37022,87,85,2,2
37023,176,143,33,33
37024,136,140,-4,4
37025,104,106,-2,2
37026,131,129,2,2
37027,100,111,-11,11
37028,110,113,-3,3
37029,54,52,2,2
37030,99,101,-2,2
37031,55,59,-4,4
37032,141,128,13,13
37033,142,134,8,8
37034,125,112,13,13
37035,114,121,-7,7
37036,121,121,0,0
37037,138,120,18,18
37038,66,71,-5,5
37039,108,108,0,0
37040,137,126,11,11
37041,57,49,8,8
37042,97,99,-2,2
37043,114,109,5,5
37044,124,148,-24,24
37045,66,71,-5,5
37046,51,48,3,3
37047,162,144,18,18
37048,161,146,15,15
37049,116,111,5,5
37050,111,112,-1,1
37051,143,144,-1,1
37052,41,48,-7,7
37053,97,86,11,11
37054,49,48,1,1
37055,156,156,0,0
37056,48,47,1,1
37057,82,78,4,4
37058,58,54,4,4
37059,81,74,7,7
37060,81,83,-2,2
37061,68,67,1,1
37062,120,122,-2,2
37063,28,31,-3,3
37064,84,102,-18,18
37065,96,107,-11,11
37066,79,81,-2,2
37067,446,432,14,14
37068,132,123,9,9
37069,131,125,6,6
37070,60,71,-11,11
37071,78,74,4,4
37072,113,111,2,2
37073,67,67,0,0
37074,83,83,0,0
37075,77,59,18,18
37076,82,84,-2,2
37077,60,62,-2,2
37078,112,117,-5,5
37079,124,119,5,5
37080,150,135,15,15
37081,87,86,1,1
37082,129,119,10,10
37083,151,139,12,12
37084,36,40,-4,4
37085,100,104,-4,4
37086,57,118,-61,61
37087,108,118,-10,10
37088,78,82,-4,4
37089,72,66,6,6
37090,69,83,-14,14
37091,108,115,-7,7
37092,87,90,-3,3
37093,51,64,-13,13
37094,48,41,7,7
37095,98,111,-13,13
37096,31,47,-16,16
37097,140,111,29,29
37098,74,58,16,16
37099,95,101,-6,6
37100,87,85,2,2
37101,120,128,-8,8
37102,83,77,6,6
37103,81,96,-15,15
37104,75,83,-8,8
37105,87,95,-8,8
37106,145,146,-1,1
37107,98,93,5,5
37108,52,45,7,7
37109,83,85,-2,2
37110,55,72,-17,17
37111,110,119,-9,9
37112,125,133,-8,8
37113,87,81,6,6
37114,101,101,0,0
37115,81,74,7,7
37116,143,146,-3,3
37117,218,198,20,20
37118,79,84,-5,5
37119,97,88,9,9
37120,58,61,-3,3
37121,116,121,-5,5
37122,76,69,7,7
37123,94,96,-2,2
37124,79,90,-11,11
37125,60,57,3,3
37126,103,114,-11,11
37127,51,51,0,0
37128,113,112,1,1
37129,83,101,-18,18
37130,121,122,-1,1
37131,87,81,6,6
37132,152,139,13,13
37133,97,104,-7,7
37134,169,163,6,6
37135,73,84,-11,11
37136,141,149,-8,8
37137,88,78,10,10
37138,75,166,-91,91
37139,78,77,1,1
37140,114,109,5,5
37141,95,83,12,12
37142,100,112,-12,12
37143,94,94,0,0
37144,62,68,-6,6
37145,75,107,-32,32
37146,91,96,-5,5
37147,155,139,16,16
37148,82,78,4,4
37149,120,120,0,0
37150,154,141,13,13
37151,45,44,1,1
37152,69,69,0,0
37153,70,76,-6,6
37154,129,139,-10,10
37155,83,74,9,9
37156,102,104,-2,2
37157,34,32,2,2
37158,84,81,3,3
37159,93,90,3,3
37160,173,149,24,24
37161,81,93,-12,12
37162,112,126,-14,14
37163,141,137,4,4
37164,117,112,5,5
37165,87,94,-7,7
37166,89,104,-15,15
37167,138,141,-3,3
37168,77,86,-9,9
37169,71,75,-4,4
37170,108,112,-4,4
37171,84,83,1,1
37172,90,103,-13,13
37173,156,152,4,4
37174,90,95,-5,5
37175,91,92,-1,1
37176,64,61,3,3
37177,66,65,1,1
37178,59,55,4,4
37179,124,123,1,1
37180,49,45,4,4
37181,108,107,1,1
37182,83,91,-8,8
37183,115,107,8,8
37184,59,61,-2,2
37185,51,73,-22,22
37186,90,76,14,14
37187,77,87,-10,10
37188,59,53,6,6
37189,100,95,5,5
37190,138,133,5,5
37191,237,212,25,25
37192,71,71,0,0
37193,51,53,-2,2
37194,160,166,-6,6
37195,162,116,46,46
37196,121,121,0,0
37197,122,117,5,5
37198,64,64,0,0
37199,78,80,-2,2
37200,107,134,-27,27
37201,102,115,-13,13
37202,74,86,-12,12
37203,90,98,-8,8
37204,65,61,4,4
37205,85,92,-7,7
37206,88,97,-9,9
37207,95,96,-1,1
37208,92,95,-3,3
37209,148,130,18,18
37210,89,90,-1,1
37211,63,67,-4,4
37212,98,91,7,7
37213,74,67,7,7
37214,69,75,-6,6
37215,58,64,-6,6
37216,148,145,3,3
37217,75,81,-6,6
37218,128,125,3,3
37219,63,78,-15,15
37220,113,74,39,39
37221,88,95,-7,7
37222,68,56,12,12
37223,98,102,-4,4
37224,79,86,-7,7
37225,69,74,-5,5
37226,284,252,32,32
37227,76,73,3,3
37228,98,107,-9,9
37229,73,77,-4,4
37230,135,132,3,3
37231,71,67,4,4
37232,85,85,0,0
37233,58,56,2,2
37234,110,118,-8,8
37235,63,67,-4,4
37236,91,101,-10,10
37237,72,71,1,1
37238,111,137,-26,26
37239,75,71,4,4
37240,127,127,0,0
37241,157,148,9,9
37242,136,131,5,5
37243,66,62,4,4
37244,53,55,-2,2
37245,76,78,-2,2
37246,76,68,8,8
37247,123,131,-8,8
37248,90,85,5,5
37249,62,69,-7,7
37250,93,116,-23,23
37251,150,129,21,21
37252,114,117,-3,3
37253,99,85,14,14
37254,85,85,0,0
37255,68,62,6,6
37256,54,53,1,1
37257,64,70,-6,6
37258,126,124,2,2
37259,52,56,-4,4
37260,119,127,-8,8
37261,112,114,-2,2
37262,257,227,30,30
37263,75,72,3,3
37264,58,51,7,7
37265,87,85,2,2
37266,50,46,4,4
37267,79,84,-5,5
37268,142,128,14,14
37269,122,131,-9,9
37270,69,71,-2,2
37271,82,83,-1,1
37272,83,82,1,1
37273,87,81,6,6
37274,132,132,0,0
37275,110,127,-17,17
37276,98,91,7,7
37277,93,89,4,4
37278,112,120,-8,8
37279,101,98,3,3
37280,97,101,-4,4
37281,111,125,-14,14
37282,53,54,-1,1
37283,78,96,-18,18
37284,104,100,4,4
37285,86,88,-2,2
37286,109,104,5,5
37287,136,121,15,15
37288,113,159,-46,46
37289,53,61,-8,8
37290,85,76,9,9
37291,142,126,16,16
37292,141,134,7,7
37293,87,87,0,0
37294,79,71,8,8
37295,171,156,15,15
37296,104,108,-4,4
37297,91,122,-31,31
37298,70,73,-3,3
37299,93,96,-3,3
37300,115,120,-5,5
37301,49,37,12,12
37302,115,104,11,11
37303,85,87,-2,2
37304,96,98,-2,2
37305,112,108,4,4
37306,133,137,-4,4
37307,114,113,1,1
37308,78,100,-22,22
37309,158,152,6,6
37310,73,70,3,3
37311,44,46,-2,2
37312,160,151,9,9
37313,114,117,-3,3
37314,163,126,37,37
37315,113,118,-5,5
37316,92,92,0,0
37317,35,18,17,17
37318,135,135,0,0
37319,113,107,6,6
37320,105,102,3,3
37321,79,74,5,5
37322,130,115,15,15
37323,129,132,-3,3
37324,81,84,-3,3
37325,71,75,-4,4
37326,233,192,41,41
37327,79,95,-16,16
37328,88,87,1,1
37329,121,128,-7,7
37330,132,123,9,9
37331,179,164,15,15
37332,199,183,16,16
37333,133,130,3,3
37334,127,124,3,3
37335,71,78,-7,7
37336,59,59,0,0
37337,92,101,-9,9
37338,98,109,-11,11
37339,93,77,16,16
37340,103,80,23,23
37341,114,126,-12,12
37342,80,82,-2,2
37343,84,77,7,7
37344,95,89,6,6
37345,141,140,1,1
37346,184,164,20,20
37347,138,123,15,15
37348,59,63,-4,4
37349,172,154,18,18
37350,146,134,12,12
37351,72,78,-6,6
37352,139,151,-12,12
37353,108,103,5,5
37354,91,106,-15,15
37355,38,33,5,5
37356,44,58,-14,14
37357,86,83,3,3
37358,68,81,-13,13
37359,68,64,4,4
37360,100,104,-4,4
37361,135,125,10,10
37362,30,41,-11,11
37363,149,143,6,6
37364,93,89,4,4
37365,132,142,-10,10
37366,61,58,3,3
37367,104,108,-4,4
37368,119,119,0,0
37369,61,62,-1,1
37370,79,83,-4,4
37371,48,57,-9,9
37372,80,40,40,40
37373,145,166,-21,21
37374,65,78,-13,13
37375,68,62,6,6
37376,68,73,-5,5
37377,78,83,-5,5
37378,65,63,2,2
37379,98,95,3,3
37380,102,107,-5,5
37381,115,98,17,17
37382,71,68,3,3
37383,63,74,-11,11
37384,64,75,-11,11
37385,97,99,-2,2
37386,102,89,13,13
37387,101,104,-3,3
37388,34,28,6,6
37389,70,69,1,1
37390,53,54,-1,1
37391,92,93,-1,1
37392,83,88,-5,5
37393,101,113,-12,12
37394,76,72,4,4
37395,76,82,-6,6
37396,111,104,7,7
37397,49,64,-15,15
37398,55,68,-13,13
37399,115,115,0,0
37400,126,123,3,3
37401,121,114,7,7
37402,145,142,3,3
37403,60,67,-7,7
37404,73,67,6,6
37405,63,67,-4,4
37406,71,77,-6,6
37407,81,91,-10,10
37408,98,105,-7,7
37409,138,141,-3,3
37410,69,75,-6,6
37411,172,177,-5,5
37412,57,62,-5,5
37413,119,114,5,5
37414,65,67,-2,2
37415,54,51,3,3
37416,86,91,-5,5
37417,116,117,-1,1
37418,145,157,-12,12
37419,102,112,-10,10
37420,108,106,2,2
37421,63,58,5,5
37422,125,114,11,11
37423,90,99,-9,9
37424,139,142,-3,3
37425,94,90,4,4
37426,86,91,-5,5
37427,44,55,-11,11
37428,89,100,-11,11
37429,82,81,1,1
37430,114,101,13,13
37431,60,57,3,3
37432,103,99,4,4
37433,58,56,2,2
37434,108,118,-10,10
37435,140,139,1,1
37436,160,159,1,1
37437,54,53,1,1
37438,106,107,-1,1
37439,140,136,4,4
37440,101,101,0,0
37441,120,123,-3,3
37442,118,110,8,8
37443,116,109,7,7
37444,108,110,-2,2
37445,205,195,10,10
37446,192,191,1,1
37447,97,97,0,0
37448,59,61,-2,2
37449,60,65,-5,5
37450,51,57,-6,6
37451,48,35,13,13
37452,118,116,2,2
37453,209,189,20,20
37454,64,66,-2,2
37455,76,78,-2,2
37456,130,125,5,5
37457,83,103,-20,20
37458,69,79,-10,10
37459,66,61,5,5
37460,81,89,-8,8
37461,116,135,-19,19
37462,91,101,-10,10
37463,178,173,5,5
37464,148,157,-9,9
37465,160,156,4,4
37466,116,136,-20,20
37467,87,99,-12,12
37468,93,100,-7,7
37469,71,72,-1,1
37470,121,119,2,2
37471,85,79,6,6
37472,75,85,-10,10
37473,101,102,-1,1
37474,72,82,-10,10
37475,60,53,7,7
37476,102,95,7,7
37477,111,104,7,7
37478,81,91,-10,10
37479,75,91,-16,16
37480,107,117,-10,10
37481,75,79,-4,4
37482,67,75,-8,8
37483,126,133,-7,7
37484,106,110,-4,4
37485,126,125,1,1
37486,104,109,-5,5
37487,65,72,-7,7
37488,92,90,2,2
37489,78,70,8,8
37490,127,118,9,9
37491,88,91,-3,3
37492,35,57,-22,22
37493,87,78,9,9
37494,53,66,-13,13
37495,108,108,0,0
37496,89,96,-7,7
37497,79,83,-4,4
37498,79,93,-14,14
37499,138,125,13,13
37500,92,87,5,5
37501,84,84,0,0
37502,65,64,1,1
37503,74,78,-4,4
37504,147,138,9,9
37505,96,103,-7,7
37506,124,118,6,6
37507,84,106,-22,22
37508,118,122,-4,4
37509,80,74,6,6
37510,89,94,-5,5
37511,154,155,-1,1
37512,96,95,1,1
37513,73,86,-13,13
37514,218,190,28,28
37515,108,113,-5,5
37516,156,161,-5,5
37517,56,62,-6,6
37518,105,108,-3,3
37519,103,129,-26,26
37520,98,106,-8,8
37521,161,156,5,5
37522,150,126,24,24
37523,50,53,-3,3
37524,99,102,-3,3
37525,62,66,-4,4
37526,102,99,3,3
37527,86,86,0,0
37528,81,82,-1,1
37529,51,65,-14,14
37530,100,100,0,0
37531,74,75,-1,1
37532,65,56,9,9
37533,95,95,0,0
37534,99,102,-3,3
37535,84,86,-2,2
37536,114,85,29,29
37537,99,98,1,1
37538,58,53,5,5
37539,49,48,1,1
37540,119,117,2,2
37541,83,92,-9,9
37542,96,103,-7,7
37543,70,84,-14,14
37544,108,102,6,6
37545,128,113,15,15
37546,75,71,4,4
37547,72,72,0,0
37548,88,76,12,12
37549,71,70,1,1
37550,103,94,9,9
37551,109,97,12,12
37552,77,82,-5,5
37553,74,75,-1,1
37554,105,93,12,12
37555,56,49,7,7
37556,95,92,3,3
37557,152,131,21,21
37558,62,60,2,2
37559,128,123,5,5
37560,108,112,-4,4
37561,58,62,-4,4
37562,144,139,5,5
37563,109,99,10,10
37564,66,67,-1,1
37565,114,119,-5,5
37566,150,129,21,21
37567,98,103,-5,5
37568,151,137,14,14
37569,73,65,8,8
37570,84,96,-12,12
37571,126,124,2,2
37572,50,55,-5,5
37573,101,115,-14,14
37574,56,62,-6,6
37575,95,101,-6,6
37576,65,62,3,3
37577,141,131,10,10
37578,94,91,3,3
37579,67,75,-8,8
37580,55,55,0,0
37581,65,69,-4,4
37582,52,65,-13,13
37583,95,88,7,7
37584,158,146,12,12
37585,106,27,79,79
37586,101,102,-1,1
37587,96,96,0,0
37588,132,144,-12,12
37589,91,88,3,3
37590,80,77,3,3
37591,209,191,18,18
37592,71,78,-7,7
37593,94,102,-8,8
37594,93,88,5,5
37595,103,104,-1,1
37596,69,76,-7,7
37597,190,182,8,8
37598,92,95,-3,3
37599,105,104,1,1
37600,69,75,-6,6
37601,54,75,-21,21
37602,59,58,1,1
37603,82,87,-5,5
37604,84,83,1,1
37605,30,51,-21,21
37606,150,147,3,3
37607,65,62,3,3
37608,88,94,-6,6
37609,80,80,0,0
37610,174,162,12,12
37611,134,150,-16,16
37612,82,82,0,0
37613,77,68,9,9
37614,65,69,-4,4
37615,49,47,2,2
37616,95,110,-15,15
37617,67,64,3,3
37618,69,64,5,5
37619,125,125,0,0
37620,124,142,-18,18
37621,81,85,-4,4
37622,93,94,-1,1
37623,148,126,22,22
37624,158,146,12,12
37625,107,107,0,0
37626,138,130,8,8
37627,106,102,4,4
37628,102,108,-6,6
37629,151,152,-1,1
37630,103,111,-8,8
37631,77,73,4,4
37632,139,139,0,0
37633,122,120,2,2
37634,86,83,3,3
37635,85,82,3,3
37636,76,75,1,1
37637,115,103,12,12
37638,137,129,8,8
37639,113,162,-49,49
37640,155,136,19,19
37641,66,80,-14,14
37642,75,67,8,8
37643,120,126,-6,6
37644,116,102,14,14
37645,152,154,-2,2
37646,56,57,-1,1
37647,205,185,20,20
37648,96,106,-10,10
37649,101,95,6,6
37650,100,104,-4,4
37651,94,89,5,5
37652,130,124,6,6
37653,61,77,-16,16
37654,123,114,9,9
37655,111,109,2,2
37656,136,149,-13,13
37657,166,150,16,16
37658,85,102,-17,17
37659,99,95,4,4
37660,58,61,-3,3
37661,98,91,7,7
37662,88,74,14,14
37663,164,153,11,11
37664,67,70,-3,3
37665,112,101,11,11
37666,105,108,-3,3
37667,151,137,14,14
37668,80,70,10,10
37669,121,125,-4,4
37670,179,149,30,30
37671,151,141,10,10
37672,116,115,1,1
37673,93,108,-15,15
37674,96,88,8,8
37675,112,120,-8,8
37676,45,51,-6,6
37677,100,101,-1,1
37678,71,87,-16,16
37679,72,71,1,1
37680,124,120,4,4
37681,54,47,7,7
37682,135,129,6,6
37683,125,114,11,11
37684,125,110,15,15
37685,104,113,-9,9
37686,76,77,-1,1
37687,106,130,-24,24
37688,76,73,3,3
37689,87,96,-9,9
37690,146,135,11,11
37691,91,79,12,12
37692,72,84,-12,12
37693,149,151,-2,2
37694,82,81,1,1
37695,157,165,-8,8
37696,138,139,-1,1
37697,122,127,-5,5
37698,105,108,-3,3
37699,88,88,0,0
37700,157,167,-10,10
37701,108,91,17,17
37702,94,92,2,2
37703,102,106,-4,4
37704,51,65,-14,14
37705,84,84,0,0
37706,67,85,-18,18
37707,128,119,9,9
37708,130,139,-9,9
37709,165,154,11,11
37710,100,114,-14,14
37711,121,131,-10,10
37712,74,83,-9,9
37713,58,56,2,2
37714,88,98,-10,10
37715,105,113,-8,8
37716,116,112,4,4
37717,103,99,4,4
37718,101,104,-3,3
37719,108,124,-16,16
37720,75,92,-17,17
37721,106,109,-3,3
37722,69,72,-3,3
37723,87,89,-2,2
37724,68,77,-9,9
37725,51,54,-3,3
37726,61,47,14,14
37727,110,106,4,4
37728,104,103,1,1
37729,70,68,2,2
37730,47,51,-4,4
37731,69,84,-15,15
37732,48,56,-8,8
37733,92,91,1,1
37734,116,117,-1,1
37735,94,102,-8,8
37736,79,81,-2,2
37737,116,139,-23,23
37738,133,128,5,5
37739,70,77,-7,7
37740,153,146,7,7
37741,41,84,-43,43
37742,73,75,-2,2
37743,109,110,-1,1
37744,145,132,13,13
37745,106,115,-9,9
37746,89,85,4,4
37747,69,80,-11,11
37748,73,61,12,12
37749,61,65,-4,4
37750,127,127,0,0
37751,104,106,-2,2
37752,103,102,1,1
37753,107,101,6,6
37754,116,122,-6,6
37755,66,68,-2,2
37756,130,126,4,4
37757,102,94,8,8
37758,102,108,-6,6
37759,72,89,-17,17
37760,98,93,5,5
37761,55,55,0,0
37762,90,100,-10,10
37763,116,111,5,5
37764,64,69,-5,5
37765,113,108,5,5
37766,75,73,2,2
37767,75,100,-25,25
37768,119,115,4,4
37769,81,87,-6,6
37770,74,72,2,2
37771,156,148,8,8
37772,93,82,11,11
37773,84,89,-5,5
37774,118,136,-18,18
37775,70,69,1,1
37776,197,187,10,10
37777,57,57,0,0
37778,41,43,-2,2
37779,110,121,-11,11
37780,94,92,2,2
37781,121,100,21,21
37782,77,80,-3,3
37783,104,90,14,14
37784,98,93,5,5
37785,101,91,10,10
37786,65,70,-5,5
37787,140,132,8,8
37788,113,103,10,10
37789,103,79,24,24
37790,84,78,6,6
37791,75,72,3,3
37792,136,128,8,8
37793,123,121,2,2
37794,117,121,-4,4
37795,107,103,4,4
37796,64,60,4,4
37797,61,75,-14,14
37798,216,172,44,44
37799,94,105,-11,11
37800,96,95,1,1
37801,83,113,-30,30
37802,42,50,-8,8
37803,93,99,-6,6
37804,61,66,-5,5
37805,101,78,23,23
37806,118,118,0,0
37807,100,91,9,9
37808,107,128,-21,21
37809,98,108,-10,10
37810,64,57,7,7
37811,215,198,17,17
37812,127,120,7,7
37813,91,94,-3,3
37814,113,126,-13,13
37815,82,85,-3,3
37816,120,132,-12,12
37817,72,72,0,0
37818,77,95,-18,18
37819,79,95,-16,16
37820,67,73,-6,6
37821,89,91,-2,2
37822,54,58,-4,4
37823,97,102,-5,5
37824,82,90,-8,8
37825,91,102,-11,11
37826,83,82,1,1
37827,54,65,-11,11
37828,116,125,-9,9
37829,80,88,-8,8
37830,75,76,-1,1
37831,187,184,3,3
37832,78,93,-15,15
37833,95,96,-1,1
37834,87,87,0,0
37835,74,92,-18,18
37836,67,67,0,0
37837,66,58,8,8
37838,78,71,7,7
37839,107,105,2,2
37840,59,52,7,7
37841,92,95,-3,3
37842,41,54,-13,13
37843,130,124,6,6
37844,100,110,-10,10
37845,88,81,7,7
37846,67,61,6,6
37847,100,91,9,9
37848,99,103,-4,4
37849,69,73,-4,4
37850,115,126,-11,11
37851,116,124,-8,8
37852,49,45,4,4
37853,91,98,-7,7
37854,67,77,-10,10
37855,105,95,10,10
37856,137,142,-5,5
37857,72,91,-19,19
37858,61,64,-3,3
37859,86,87,-1,1
37860,91,100,-9,9
37861,85,87,-2,2
37862,83,80,3,3
37863,68,61,7,7
37864,103,100,3,3
37865,106,94,12,12
37866,139,121,18,18
37867,115,128,-13,13
37868,48,47,1,1
37869,159,156,3,3
37870,61,57,4,4
37871,113,126,-13,13
37872,101,100,1,1
37873,77,73,4,4
37874,134,133,1,1
37875,67,62,5,5
37876,106,104,2,2
37877,57,59,-2,2
37878,95,99,-4,4
37879,93,102,-9,9
37880,95,86,9,9
37881,179,163,16,16
37882,153,165,-12,12
37883,62,69,-7,7
37884,69,68,1,1
37885,165,160,5,5
37886,180,188,-8,8
37887,87,83,4,4
37888,110,114,-4,4
37889,116,120,-4,4
37890,159,160,-1,1
37891,99,107,-8,8
37892,114,108,6,6
37893,102,91,11,11
37894,154,151,3,3
37895,91,93,-2,2
37896,124,112,12,12
37897,91,89,2,2
37898,41,45,-4,4
37899,45,44,1,1
37900,71,93,-22,22
37901,76,80,-4,4
37902,99,114,-15,15
37903,111,111,0,0
37904,97,93,4,4
37905,124,114,10,10
37906,96,125,-29,29
37907,79,70,9,9
37908,122,146,-24,24
37909,115,100,15,15
37910,89,91,-2,2
37911,73,76,-3,3
37912,111,124,-13,13
37913,89,86,3,3
37914,138,142,-4,4
37915,100,114,-14,14
37916,78,88,-10,10
37917,83,101,-18,18
37918,86,94,-8,8
37919,135,143,-8,8
37920,114,115,-1,1
37921,56,63,-7,7
37922,149,155,-6,6
37923,81,80,1,1
37924,79,77,2,2
37925,103,108,-5,5
37926,56,69,-13,13
37927,150,158,-8,8
37928,78,83,-5,5
37929,78,83,-5,5
37930,41,43,-2,2
37931,121,106,15,15
37932,123,135,-12,12
37933,76,88,-12,12
37934,103,97,6,6
37935,35,54,-19,19
37936,124,126,-2,2
37937,55,64,-9,9
37938,88,89,-1,1
37939,90,88,2,2
37940,120,95,25,25
37941,71,73,-2,2
37942,79,83,-4,4
37943,62,61,1,1
37944,86,87,-1,1
37945,64,70,-6,6
37946,131,144,-13,13
37947,146,134,12,12
37948,86,80,6,6
37949,98,99,-1,1
37950,183,155,28,28
37951,91,110,-19,19
37952,77,79,-2,2
37953,142,146,-4,4
37954,79,78,1,1
37955,41,41,0,0
37956,105,107,-2,2
37957,197,183,14,14
37958,115,122,-7,7
37959,71,78,-7,7
37960,140,143,-3,3
37961,130,121,9,9
37962,83,81,2,2
37963,108,127,-19,19
37964,67,76,-9,9
37965,70,88,-18,18
37966,93,100,-7,7
37967,64,74,-10,10
37968,98,120,-22,22
37969,115,119,-4,4
37970,62,61,1,1
37971,88,98,-10,10
37972,61,69,-8,8
37973,198,210,-12,12
37974,101,113,-12,12
37975,66,70,-4,4
37976,31,31,0,0
37977,94,92,2,2
37978,93,94,-1,1
37979,117,153,-36,36
37980,99,105,-6,6
37981,36,33,3,3
37982,76,76,0,0
37983,67,75,-8,8
37984,78,89,-11,11
37985,50,56,-6,6
37986,55,47,8,8
37987,92,98,-6,6
37988,94,93,1,1
37989,137,134,3,3
37990,102,102,0,0
37991,113,113,0,0
37992,89,83,6,6
37993,124,144,-20,20
37994,82,90,-8,8
37995,60,72,-12,12
37996,125,112,13,13
37997,78,84,-6,6
37998,143,146,-3,3
37999,142,139,3,3
38000,106,97,9,9
38001,124,112,12,12
38002,52,58,-6,6
38003,97,121,-24,24
38004,80,81,-1,1
38005,107,114,-7,7
38006,141,137,4,4
38007,57,58,-1,1
38008,89,78,11,11
38009,104,123,-19,19
38010,154,142,12,12
38011,76,82,-6,6
38012,95,78,17,17
38013,179,161,18,18
38014,64,78,-14,14
38015,119,108,11,11
38016,108,119,-11,11
38017,114,110,4,4
38018,92,90,2,2
38019,109,107,2,2
38020,139,136,3,3
38021,130,140,-10,10
38022,112,107,5,5
38023,123,109,14,14
38024,125,124,1,1
38025,66,60,6,6
38026,77,87,-10,10
38027,87,93,-6,6
38028,97,101,-4,4
38029,56,57,-1,1
38030,146,127,19,19
38031,71,84,-13,13
38032,176,163,13,13
38033,96,91,5,5
38034,105,107,-2,2
38035,127,134,-7,7
38036,82,87,-5,5
38037,137,151,-14,14
38038,120,109,11,11
38039,82,80,2,2
38040,73,72,1,1
38041,78,74,4,4
38042,83,85,-2,2
38043,83,92,-9,9
38044,74,83,-9,9
38045,81,88,-7,7
38046,178,161,17,17
38047,96,117,-21,21
38048,48,51,-3,3
38049,74,85,-11,11
38050,143,144,-1,1
38051,94,85,9,9
38052,142,139,3,3
38053,144,152,-8,8
38054,114,128,-14,14
38055,91,94,-3,3
38056,127,125,2,2
38057,65,76,-11,11
38058,152,142,10,10
38059,106,100,6,6
38060,140,134,6,6
38061,96,99,-3,3
38062,72,121,-49,49
38063,71,49,22,22
38064,116,114,2,2
38065,156,151,5,5
38066,57,57,0,0
38067,24,26,-2,2
38068,122,121,1,1
38069,118,111,7,7
38070,96,98,-2,2
38071,86,84,2,2
38072,163,152,11,11
38073,60,65,-5,5
38074,80,73,7,7
38075,78,75,3,3
38076,82,81,1,1
38077,113,109,4,4
38078,104,114,-10,10
38079,154,170,-16,16
38080,34,41,-7,7
38081,111,116,-5,5
38082,103,104,-1,1
38083,88,92,-4,4
38084,112,115,-3,3
38085,115,128,-13,13
38086,60,53,7,7
38087,150,139,11,11
38088,116,112,4,4
38089,80,77,3,3
38090,112,102,10,10
38091,116,123,-7,7
38092,83,91,-8,8
38093,161,145,16,16
38094,65,71,-6,6
38095,74,75,-1,1
38096,72,66,6,6
38097,185,154,31,31
38098,89,76,13,13
38099,90,95,-5,5
38100,175,152,23,23
38101,96,96,0,0
38102,96,90,6,6
38103,111,118,-7,7
38104,46,49,-3,3
38105,105,115,-10,10
38106,69,69,0,0
38107,117,119,-2,2
38108,91,92,-1,1
38109,70,77,-7,7
38110,150,139,11,11
38111,122,126,-4,4
38112,98,114,-16,16
38113,100,96,4,4
38114,160,142,18,18
38115,139,135,4,4
38116,170,152,18,18
38117,79,86,-7,7
38118,132,121,11,11
38119,121,121,0,0
38120,118,120,-2,2
38121,102,91,11,11
38122,98,95,3,3
38123,115,126,-11,11
38124,159,161,-2,2
38125,92,98,-6,6
38126,41,45,-4,4
38127,84,83,1,1
38128,132,150,-18,18
38129,109,103,6,6
38130,78,82,-4,4
38131,114,109,5,5
38132,121,113,8,8
38133,93,89,4,4
38134,115,112,3,3
38135,44,46,-2,2
38136,74,75,-1,1
38137,49,46,3,3
38138,165,168,-3,3
38139,83,85,-2,2
38140,158,148,10,10
38141,101,89,12,12
38142,118,120,-2,2
38143,94,99,-5,5
38144,117,140,-23,23
38145,109,107,2,2
38146,73,89,-16,16
38147,76,80,-4,4
38148,138,136,2,2
38149,113,101,12,12
38150,96,99,-3,3
38151,73,78,-5,5
38152,112,104,8,8
38153,63,74,-11,11
38154,104,96,8,8
38155,82,82,0,0
38156,54,60,-6,6
38157,84,83,1,1
38158,133,139,-6,6
38159,101,107,-6,6
38160,108,118,-10,10
38161,83,86,-3,3
38162,78,83,-5,5
38163,82,76,6,6
38164,76,79,-3,3
38165,90,83,7,7
38166,105,111,-6,6
38167,61,60,1,1
38168,102,122,-20,20
38169,104,125,-21,21
38170,72,73,-1,1
38171,74,58,16,16
38172,92,98,-6,6
38173,85,84,1,1
38174,99,99,0,0
38175,111,135,-24,24
38176,67,77,-10,10
38177,76,71,5,5
38178,113,103,10,10
38179,107,99,8,8
38180,117,109,8,8
38181,116,121,-5,5
38182,97,95,2,2
38183,125,124,1,1
38184,112,116,-4,4
38185,71,87,-16,16
38186,115,118,-3,3
38187,59,84,-25,25
38188,97,95,2,2
38189,124,116,8,8
38190,45,48,-3,3
38191,87,89,-2,2
38192,103,140,-37,37
38193,64,55,9,9
38194,100,95,5,5
38195,97,82,15,15
38196,121,117,4,4
38197,111,125,-14,14
38198,74,73,1,1
38199,118,148,-30,30
38200,91,88,3,3
38201,89,91,-2,2
38202,105,102,3,3
38203,79,94,-15,15
38204,68,73,-5,5
38205,125,132,-7,7
38206,87,82,5,5
38207,123,120,3,3
38208,93,99,-6,6
38209,100,101,-1,1
38210,64,58,6,6
38211,108,103,5,5
38212,68,58,10,10
38213,86,83,3,3
38214,107,77,30,30
38215,73,80,-7,7
38216,128,129,-1,1
38217,119,111,8,8
38218,54,49,5,5
38219,72,75,-3,3
38220,73,81,-8,8
38221,159,148,11,11
38222,83,84,-1,1
38223,97,95,2,2
38224,131,129,2,2
38225,69,73,-4,4
38226,86,79,7,7
38227,119,126,-7,7
38228,100,93,7,7
38229,102,110,-8,8
38230,67,64,3,3
38231,53,64,-11,11
38232,85,94,-9,9
38233,168,165,3,3
38234,61,54,7,7
38235,77,79,-2,2
38236,85,92,-7,7
38237,69,67,2,2
38238,124,120,4,4
38239,89,91,-2,2
38240,148,152,-4,4
38241,143,127,16,16
38242,57,71,-14,14
38243,144,130,14,14
38244,66,69,-3,3
38245,83,97,-14,14
38246,120,126,-6,6
38247,131,130,1,1
38248,51,48,3,3
38249,77,52,25,25
38250,62,71,-9,9
38251,125,133,-8,8
38252,87,92,-5,5
38253,89,91,-2,2
38254,162,163,-1,1
38255,109,119,-10,10
38256,126,129,-3,3
38257,87,93,-6,6
38258,87,110,-23,23
38259,116,115,1,1
38260,51,53,-2,2
38261,65,62,3,3
38262,95,87,8,8
38263,86,82,4,4
38264,98,104,-6,6
38265,74,69,5,5
38266,87,79,8,8
38267,113,104,9,9
38268,70,90,-20,20
38269,119,132,-13,13
38270,180,164,16,16
38271,94,86,8,8
38272,67,73,-6,6
38273,85,93,-8,8
38274,147,155,-8,8
38275,79,63,16,16
38276,76,80,-4,4
38277,60,48,12,12
38278,55,57,-2,2
38279,95,106,-11,11
38280,127,118,9,9
38281,100,100,0,0
38282,85,88,-3,3
38283,127,124,3,3
38284,101,94,7,7
38285,70,72,-2,2
38286,102,100,2,2
38287,73,71,2,2
38288,107,114,-7,7
38289,129,129,0,0
38290,114,113,1,1
38291,45,51,-6,6
38292,52,49,3,3
38293,69,73,-4,4
38294,71,73,-2,2
38295,65,66,-1,1
38296,211,177,34,34
38297,113,142,-29,29
38298,97,102,-5,5
38299,60,67,-7,7
38300,184,152,32,32
38301,106,98,8,8
38302,121,126,-5,5
38303,112,131,-19,19
38304,137,136,1,1
38305,104,105,-1,1
38306,124,128,-4,4
38307,72,57,15,15
38308,116,115,1,1
38309,76,72,4,4
38310,99,104,-5,5
38311,75,79,-4,4
38312,81,89,-8,8
38313,69,72,-3,3
38314,72,81,-9,9
38315,87,73,14,14
38316,93,86,7,7
38317,136,139,-3,3
38318,101,94,7,7
38319,89,84,5,5
38320,112,110,2,2
38321,65,68,-3,3
38322,118,115,3,3
38323,92,88,4,4
38324,80,92,-12,12
38325,98,98,0,0
38326,70,70,0,0
38327,127,115,12,12
38328,149,124,25,25
38329,70,67,3,3
38330,139,155,-16,16
38331,82,79,3,3
38332,91,88,3,3
38333,39,73,-34,34
38334,82,87,-5,5
38335,105,103,2,2
38336,147,146,1,1
38337,104,125,-21,21
38338,117,75,42,42
38339,91,104,-13,13
38340,90,93,-3,3
38341,104,100,4,4
38342,47,54,-7,7
38343,56,61,-5,5
38344,110,126,-16,16
38345,43,44,-1,1
38346,120,116,4,4
38347,70,73,-3,3
38348,75,77,-2,2
38349,77,76,1,1
38350,72,71,1,1
38351,105,101,4,4
38352,218,188,30,30
38353,56,62,-6,6
38354,100,104,-4,4
38355,123,138,-15,15
38356,130,119,11,11
38357,63,65,-2,2
38358,89,97,-8,8
38359,60,71,-11,11
38360,65,82,-17,17
38361,118,118,0,0
38362,86,85,1,1
38363,166,163,3,3
38364,106,109,-3,3
38365,58,63,-5,5
38366,141,126,15,15
38367,96,96,0,0
38368,106,103,3,3
38369,110,129,-19,19
38370,64,61,3,3
38371,83,79,4,4
38372,92,106,-14,14
38373,70,70,0,0
38374,122,137,-15,15
38375,86,96,-10,10
38376,105,98,7,7
38377,99,105,-6,6
38378,57,48,9,9
38379,79,79,0,0
38380,59,56,3,3
38381,70,71,-1,1
38382,104,99,5,5
38383,86,93,-7,7
38384,112,129,-17,17
38385,102,106,-4,4
38386,63,65,-2,2
38387,118,114,4,4
38388,63,62,1,1
38389,104,121,-17,17
38390,86,91,-5,5
38391,167,152,15,15
38392,164,154,10,10
38393,85,95,-10,10
38394,111,110,1,1
38395,121,107,14,14
38396,94,100,-6,6
38397,77,89,-12,12
38398,35,31,4,4
38399,95,91,4,4
38400,133,137,-4,4
38401,85,92,-7,7
38402,67,60,7,7
38403,114,119,-5,5
38404,157,144,13,13
38405,157,142,15,15
38406,94,106,-12,12
38407,54,61,-7,7
38408,64,64,0,0
38409,109,111,-2,2
38410,71,74,-3,3
38411,73,80,-7,7
38412,76,94,-18,18
38413,130,118,12,12
38414,79,80,-1,1
38415,142,147,-5,5
38416,89,90,-1,1
38417,105,109,-4,4
38418,78,93,-15,15
38419,64,61,3,3
38420,63,72,-9,9
38421,89,89,0,0
38422,171,176,-5,5
38423,111,94,17,17
38424,86,82,4,4
38425,102,96,6,6
38426,61,53,8,8
38427,85,90,-5,5
38428,134,127,7,7
38429,81,90,-9,9
38430,142,145,-3,3
38431,80,73,7,7
38432,83,79,4,4
38433,121,113,8,8
38434,67,54,13,13
38435,100,110,-10,10
38436,129,133,-4,4
38437,102,105,-3,3
38438,126,127,-1,1
38439,98,103,-5,5
38440,63,54,9,9
38441,72,78,-6,6
38442,88,94,-6,6
38443,64,69,-5,5
38444,107,114,-7,7
38445,89,84,5,5
38446,93,94,-1,1
38447,146,142,4,4
38448,101,107,-6,6
38449,87,89,-2,2
38450,97,104,-7,7
38451,78,61,17,17
38452,130,123,7,7
38453,85,73,12,12
38454,77,72,5,5
38455,44,52,-8,8
38456,96,99,-3,3
38457,89,89,0,0
38458,117,123,-6,6
38459,41,43,-2,2
38460,113,115,-2,2
38461,103,91,12,12
38462,161,155,6,6
38463,196,186,10,10
38464,64,66,-2,2
38465,82,76,6,6
38466,66,92,-26,26
38467,80,80,0,0
38468,54,61,-7,7
38469,104,111,-7,7
38470,55,50,5,5
38471,57,52,5,5
38472,49,54,-5,5
38473,70,67,3,3
38474,74,79,-5,5
38475,33,36,-3,3
38476,83,84,-1,1
38477,89,85,4,4
38478,102,101,1,1
38479,156,155,1,1
38480,36,41,-5,5
38481,62,60,2,2
38482,102,97,5,5
38483,87,92,-5,5
38484,50,49,1,1
38485,89,99,-10,10
38486,100,104,-4,4
38487,98,89,9,9
38488,56,57,-1,1
38489,75,67,8,8
38490,98,85,13,13
38491,117,108,9,9
38492,235,212,23,23
38493,54,56,-2,2
38494,68,46,22,22
38495,116,122,-6,6
38496,32,31,1,1
38497,55,53,2,2
38498,82,76,6,6
38499,119,121,-2,2
38500,183,187,-4,4
38501,112,85,27,27
38502,57,64,-7,7
38503,120,117,3,3
38504,77,82,-5,5
38505,68,73,-5,5
38506,126,121,5,5
38507,68,70,-2,2
38508,103,102,1,1
38509,110,127,-17,17
38510,122,107,15,15
38511,100,116,-16,16
38512,74,73,1,1
38513,185,165,20,20
38514,118,133,-15,15
38515,41,46,-5,5
38516,91,85,6,6
38517,83,80,3,3
38518,79,95,-16,16
38519,82,73,9,9
38520,84,86,-2,2
38521,70,59,11,11
38522,97,106,-9,9
38523,99,98,1,1
38524,108,107,1,1
38525,85,90,-5,5
38526,132,130,2,2
38527,99,100,-1,1
38528,62,58,4,4
38529,80,88,-8,8
38530,96,69,27,27
38531,98,91,7,7
38532,109,114,-5,5
38533,124,121,3,3
38534,101,114,-13,13
38535,118,124,-6,6
38536,57,58,-1,1
38537,79,84,-5,5
38538,86,91,-5,5
38539,77,75,2,2
38540,132,122,10,10
38541,74,70,4,4
38542,108,104,4,4
38543,137,127,10,10
38544,102,112,-10,10
38545,150,141,9,9
38546,51,51,0,0
38547,77,71,6,6
38548,59,54,5,5
38549,42,35,7,7
38550,141,136,5,5
38551,132,114,18,18
38552,67,66,1,1
38553,108,114,-6,6
38554,144,151,-7,7
38555,69,70,-1,1
38556,85,83,2,2
38557,64,61,3,3
38558,65,67,-2,2
38559,221,204,17,17
38560,70,71,-1,1
38561,56,54,2,2
38562,62,64,-2,2
38563,88,109,-21,21
38564,108,122,-14,14
38565,178,158,20,20
38566,74,66,8,8
38567,85,98,-13,13
38568,61,71,-10,10
38569,111,60,51,51
38570,103,110,-7,7
38571,110,111,-1,1
38572,74,71,3,3
38573,172,163,9,9
38574,87,100,-13,13
38575,141,152,-11,11
38576,86,79,7,7
38577,89,91,-2,2
38578,106,88,18,18
38579,103,101,2,2
38580,115,108,7,7
38581,61,74,-13,13
38582,102,108,-6,6
38583,64,66,-2,2
38584,121,114,7,7
38585,61,66,-5,5
38586,75,75,0,0
38587,43,38,5,5
38588,84,79,5,5
38589,118,113,5,5
38590,50,35,15,15
38591,81,69,12,12
38592,160,153,7,7
38593,121,109,12,12
38594,77,96,-19,19
38595,124,130,-6,6
38596,140,143,-3,3
38597,56,62,-6,6
38598,92,86,6,6
38599,99,111,-12,12
38600,169,159,10,10
38601,102,117,-15,15
38602,149,147,2,2
38603,161,163,-2,2
38604,73,82,-9,9
38605,81,83,-2,2
38606,76,80,-4,4
38607,131,124,7,7
38608,155,153,2,2
38609,87,90,-3,3
38610,62,57,5,5
38611,87,75,12,12
38612,78,93,-15,15
38613,74,87,-13,13
38614,49,68,-19,19
38615,92,90,2,2
38616,133,131,2,2
38617,149,145,4,4
38618,120,117,3,3
38619,89,87,2,2
38620,102,103,-1,1
38621,62,40,22,22
38622,57,46,11,11
38623,43,68,-25,25
38624,72,75,-3,3
38625,58,67,-9,9
38626,66,64,2,2
38627,73,78,-5,5
38628,112,103,9,9
38629,158,147,11,11
38630,70,82,-12,12
38631,136,130,6,6
38632,85,83,2,2
38633,37,42,-5,5
38634,87,87,0,0
38635,130,137,-7,7
38636,88,95,-7,7
38637,57,64,-7,7
38638,117,113,4,4
38639,105,100,5,5
38640,75,82,-7,7
38641,153,151,2,2
38642,90,112,-22,22
38643,130,114,16,16
38644,86,90,-4,4
38645,124,132,-8,8
38646,83,85,-2,2
38647,145,121,24,24
38648,77,84,-7,7
38649,64,61,3,3
38650,129,126,3,3
38651,109,114,-5,5
38652,94,91,3,3
38653,84,80,4,4
38654,64,57,7,7
38655,90,91,-1,1
38656,171,157,14,14
38657,93,97,-4,4
38658,121,120,1,1
38659,72,76,-4,4
38660,72,80,-8,8
38661,85,90,-5,5
38662,86,79,7,7
38663,93,93,0,0
38664,94,82,12,12
38665,118,116,2,2
38666,72,62,10,10
38667,64,65,-1,1
38668,127,121,6,6
38669,64,65,-1,1
38670,75,78,-3,3
38671,57,64,-7,7
38672,61,61,0,0
38673,74,87,-13,13
38674,53,61,-8,8
38675,80,82,-2,2
38676,83,85,-2,2
38677,124,127,-3,3
38678,81,99,-18,18
38679,84,98,-14,14
38680,128,117,11,11
38681,93,103,-10,10
38682,79,86,-7,7
38683,81,103,-22,22
38684,81,83,-2,2
38685,104,107,-3,3
38686,82,78,4,4
38687,84,65,19,19
38688,71,73,-2,2
38689,62,60,2,2
38690,66,69,-3,3
38691,63,63,0,0
38692,77,78,-1,1
38693,56,61,-5,5
38694,155,148,7,7
38695,143,136,7,7
38696,75,75,0,0
38697,92,88,4,4
38698,108,105,3,3
38699,105,107,-2,2
38700,63,61,2,2
38701,117,118,-1,1
38702,123,111,12,12
38703,69,76,-7,7
38704,119,128,-9,9
38705,92,109,-17,17
38706,94,81,13,13
38707,80,84,-4,4
38708,101,102,-1,1
38709,150,148,2,2
38710,92,91,1,1
38711,97,97,0,0
38712,100,98,2,2
38713,74,92,-18,18
38714,157,155,2,2
38715,65,72,-7,7
38716,97,106,-9,9
38717,79,73,6,6
38718,86,86,0,0
38719,91,80,11,11
38720,51,57,-6,6
38721,110,127,-17,17
38722,106,116,-10,10
38723,50,54,-4,4
38724,76,73,3,3
38725,126,118,8,8
38726,73,71,2,2
38727,80,85,-5,5
38728,90,95,-5,5
38729,94,78,16,16
38730,99,92,7,7
38731,140,133,7,7
38732,92,86,6,6
38733,96,100,-4,4
38734,107,112,-5,5
38735,120,111,9,9
38736,141,137,4,4
38737,58,63,-5,5
38738,99,101,-2,2
38739,75,74,1,1
38740,118,106,12,12
38741,93,101,-8,8
38742,104,93,11,11
38743,81,90,-9,9
38744,107,106,1,1
38745,91,103,-12,12
38746,87,82,5,5
38747,53,56,-3,3
38748,147,156,-9,9
38749,108,101,7,7
38750,76,72,4,4
38751,59,59,0,0
38752,85,93,-8,8
38753,82,93,-11,11
38754,57,64,-7,7
38755,37,45,-8,8
38756,129,124,5,5
38757,57,52,5,5
38758,67,79,-12,12
38759,76,60,16,16
38760,85,80,5,5
38761,130,127,3,3
38762,106,107,-1,1
38763,104,116,-12,12
38764,88,87,1,1
38765,65,40,25,25
38766,75,77,-2,2
38767,145,135,10,10
38768,149,143,6,6
38769,44,51,-7,7
38770,69,67,2,2
38771,93,102,-9,9
38772,78,71,7,7
38773,63,66,-3,3
38774,78,88,-10,10
38775,85,84,1,1
38776,55,55,0,0
38777,73,92,-19,19
38778,107,110,-3,3
38779,131,124,7,7
38780,87,81,6,6
38781,40,52,-12,12
38782,139,121,18,18
38783,85,93,-8,8
38784,163,173,-10,10
38785,64,66,-2,2
38786,193,181,12,12
38787,86,95,-9,9
38788,98,96,2,2
38789,51,57,-6,6
38790,128,125,3,3
38791,141,125,16,16
38792,84,82,2,2
38793,142,133,9,9
38794,59,66,-7,7
38795,108,113,-5,5
38796,39,42,-3,3
38797,156,156,0,0
38798,107,112,-5,5
38799,99,110,-11,11
38800,166,151,15,15
38801,85,84,1,1
38802,84,88,-4,4
38803,98,96,2,2
38804,76,79,-3,3
38805,138,126,12,12
38806,93,94,-1,1
38807,182,151,31,31
38808,149,133,16,16
38809,132,122,10,10
38810,127,127,0,0
38811,70,72,-2,2
38812,57,50,7,7
38813,176,191,-15,15
38814,68,67,1,1
38815,46,57,-11,11
38816,66,66,0,0
38817,113,121,-8,8
38818,135,137,-2,2
38819,48,48,0,0
38820,135,133,2,2
38821,70,74,-4,4
38822,91,95,-4,4
38823,125,115,10,10
38824,109,100,9,9
38825,53,56,-3,3
38826,91,86,5,5
38827,70,69,1,1
38828,65,70,-5,5
38829,125,115,10,10
38830,72,67,5,5
38831,103,108,-5,5
38832,103,63,40,40
38833,101,80,21,21
38834,117,114,3,3
38835,63,52,11,11
38836,164,159,5,5
38837,57,66,-9,9
38838,120,124,-4,4
38839,133,125,8,8
38840,83,90,-7,7
38841,64,68,-4,4
38842,102,103,-1,1
38843,70,71,-1,1
38844,124,123,1,1
38845,106,98,8,8
38846,156,148,8,8
38847,67,72,-5,5
38848,147,146,1,1
38849,113,119,-6,6
38850,121,123,-2,2
38851,97,96,1,1
38852,59,70,-11,11
38853,50,59,-9,9
38854,118,110,8,8
38855,56,54,2,2
38856,87,84,3,3
38857,89,101,-12,12
38858,65,73,-8,8
38859,62,67,-5,5
38860,138,145,-7,7
38861,149,149,0,0
38862,69,67,2,2
38863,76,84,-8,8
38864,65,77,-12,12
38865,70,64,6,6
38866,133,140,-7,7
38867,77,80,-3,3
38868,93,101,-8,8
38869,105,140,-35,35
38870,67,67,0,0
38871,84,76,8,8
38872,83,100,-17,17
38873,46,32,14,14
38874,102,97,5,5
38875,80,79,1,1
38876,106,112,-6,6
38877,91,96,-5,5
38878,70,46,24,24
38879,213,181,32,32
38880,84,89,-5,5
38881,124,101,23,23
38882,113,109,4,4
38883,89,93,-4,4
38884,112,114,-2,2
38885,78,73,5,5
38886,60,45,15,15
38887,119,111,8,8
38888,58,58,0,0
38889,109,98,11,11
38890,113,133,-20,20
38891,101,95,6,6
38892,61,57,4,4
38893,76,76,0,0
38894,84,87,-3,3
38895,86,90,-4,4
38896,108,116,-8,8
38897,102,94,8,8
38898,151,148,3,3
38899,66,68,-2,2
38900,71,66,5,5
38901,66,72,-6,6
38902,131,139,-8,8
38903,49,49,0,0
38904,99,118,-19,19
38905,69,76,-7,7
38906,72,67,5,5
38907,179,154,25,25
38908,152,152,0,0
38909,70,70,0,0
38910,63,66,-3,3
38911,104,111,-7,7
38912,22,38,-16,16
38913,105,111,-6,6
38914,174,165,9,9
38915,123,119,4,4
38916,34,40,-6,6
38917,76,84,-8,8
38918,114,105,9,9
38919,84,103,-19,19
38920,114,104,10,10
38921,236,203,33,33
38922,86,85,1,1
38923,91,89,2,2
38924,109,112,-3,3
38925,99,89,10,10
38926,79,71,8,8
38927,51,53,-2,2
38928,201,188,13,13
38929,60,59,1,1
38930,89,98,-9,9
38931,84,83,1,1
38932,40,47,-7,7
38933,68,65,3,3
38934,58,63,-5,5
38935,73,73,0,0
38936,121,126,-5,5
38937,55,44,11,11
38938,91,90,1,1
38939,57,60,-3,3
38940,68,63,5,5
38941,93,77,16,16
38942,59,55,4,4
38943,76,66,10,10
38944,99,100,-1,1
38945,85,111,-26,26
38946,113,116,-3,3
38947,107,96,11,11
38948,184,168,16,16
38949,80,85,-5,5
38950,99,85,14,14
38951,180,150,30,30
38952,94,103,-9,9
38953,37,27,10,10
38954,59,68,-9,9
38955,65,62,3,3
38956,93,94,-1,1
38957,88,95,-7,7
38958,92,103,-11,11
38959,128,115,13,13
38960,111,124,-13,13
38961,128,158,-30,30
38962,48,47,1,1
38963,116,130,-14,14
38964,54,48,6,6
38965,57,68,-11,11
38966,61,66,-5,5
38967,79,77,2,2
38968,61,58,3,3
38969,122,127,-5,5
38970,89,83,6,6
38971,121,116,5,5
38972,119,122,-3,3
38973,108,125,-17,17
38974,100,111,-11,11
38975,58,60,-2,2
38976,106,102,4,4
38977,88,90,-2,2
38978,103,95,8,8
38979,31,27,4,4
38980,34,52,-18,18
38981,87,99,-12,12
38982,111,109,2,2
38983,101,104,-3,3
38984,41,42,-1,1
38985,60,71,-11,11
38986,115,120,-5,5
38987,136,138,-2,2
38988,74,71,3,3
38989,84,77,7,7
38990,110,105,5,5
38991,73,80,-7,7
38992,126,123,3,3
38993,77,73,4,4
38994,129,127,2,2
38995,123,136,-13,13
38996,99,101,-2,2
38997,88,41,47,47
38998,61,71,-10,10
38999,74,76,-2,2
39000,107,104,3,3
39001,122,109,13,13
39002,60,70,-10,10
39003,188,184,4,4
39004,84,72,12,12
39005,146,148,-2,2
39006,154,162,-8,8
39007,114,121,-7,7
39008,117,115,2,2
39009,163,162,1,1
39010,74,76,-2,2
39011,113,121,-8,8
39012,68,82,-14,14
39013,137,135,2,2
39014,86,89,-3,3
39015,136,136,0,0
39016,77,61,16,16
39017,156,145,11,11
39018,146,139,7,7
39019,62,64,-2,2
39020,66,73,-7,7
39021,121,128,-7,7
39022,161,153,8,8
39023,102,113,-11,11
39024,67,60,7,7
39025,129,144,-15,15
39026,120,132,-12,12
39027,174,169,5,5
39028,179,162,17,17
39029,92,90,2,2
39030,112,118,-6,6
39031,110,102,8,8
39032,97,110,-13,13
39033,68,59,9,9
39034,117,117,0,0
39035,155,143,12,12
39036,60,62,-2,2
39037,167,148,19,19
39038,115,118,-3,3
39039,134,130,4,4
39040,48,54,-6,6
39041,89,83,6,6
39042,42,59,-17,17
39043,31,34,-3,3
39044,105,104,1,1
39045,138,125,13,13
39046,97,83,14,14
39047,83,87,-4,4
39048,54,54,0,0
39049,65,64,1,1
39050,94,105,-11,11
39051,86,82,4,4
39052,88,94,-6,6
39053,63,56,7,7
39054,144,134,10,10
39055,62,60,2,2
39056,63,73,-10,10
39057,98,98,0,0
39058,60,48,12,12
39059,49,46,3,3
39060,96,93,3,3
39061,71,76,-5,5
39062,120,112,8,8
39063,150,153,-3,3
39064,80,81,-1,1
39065,58,58,0,0
39066,64,73,-9,9
39067,140,135,5,5
39068,124,132,-8,8
39069,97,91,6,6
39070,161,140,21,21
39071,50,61,-11,11
39072,101,102,-1,1
39073,44,58,-14,14
39074,99,104,-5,5
39075,171,151,20,20
39076,43,52,-9,9
39077,93,105,-12,12
39078,139,135,4,4
39079,120,111,9,9
39080,98,111,-13,13
39081,101,96,5,5
39082,80,75,5,5
39083,63,59,4,4
39084,149,142,7,7
39085,132,131,1,1
39086,71,71,0,0
39087,92,101,-9,9
39088,61,72,-11,11
39089,110,112,-2,2
39090,67,69,-2,2
39091,38,78,-40,40
39092,89,105,-16,16
39093,86,87,-1,1
39094,157,166,-9,9
39095,63,74,-11,11
39096,56,62,-6,6
39097,96,106,-10,10
39098,58,61,-3,3
39099,164,161,3,3
39100,107,105,2,2
39101,131,135,-4,4
39102,119,123,-4,4
39103,103,102,1,1
39104,58,61,-3,3
39105,158,154,4,4
39106,148,121,27,27
39107,107,117,-10,10
39108,108,98,10,10
39109,85,78,7,7
39110,76,86,-10,10
39111,72,65,7,7
39112,133,127,6,6
39113,71,76,-5,5
39114,90,74,16,16
39115,105,105,0,0
39116,107,108,-1,1
39117,84,84,0,0
39118,67,72,-5,5
39119,154,146,8,8
39120,63,81,-18,18
39121,182,184,-2,2
39122,130,123,7,7
39123,126,122,4,4
39124,135,129,6,6
39125,86,82,4,4
39126,90,95,-5,5
39127,69,69,0,0
39128,99,110,-11,11
39129,81,91,-10,10
39130,92,95,-3,3
39131,83,86,-3,3
39132,76,69,7,7
39133,79,71,8,8
39134,59,69,-10,10
39135,100,105,-5,5
39136,60,53,7,7
39137,76,84,-8,8
39138,110,101,9,9
39139,112,112,0,0
39140,93,99,-6,6
39141,101,105,-4,4
39142,107,105,2,2
39143,180,187,-7,7
39144,109,108,1,1
39145,85,82,3,3
39146,123,123,0,0
39147,90,91,-1,1
39148,118,133,-15,15
39149,108,97,11,11
39150,95,94,1,1
39151,119,102,17,17
39152,115,102,13,13
39153,145,134,11,11
39154,46,53,-7,7
39155,59,64,-5,5
39156,127,137,-10,10
39157,114,113,1,1
39158,101,104,-3,3
39159,134,127,7,7
39160,99,98,1,1
39161,143,141,2,2
39162,136,134,2,2
39163,152,138,14,14
39164,103,112,-9,9
39165,79,75,4,4
39166,83,77,6,6
39167,125,120,5,5
39168,74,96,-22,22
39169,44,47,-3,3
39170,100,100,0,0
39171,111,116,-5,5
39172,65,64,1,1
39173,102,94,8,8
39174,109,112,-3,3
39175,80,73,7,7
39176,117,117,0,0
39177,121,114,7,7
39178,154,143,11,11
39179,55,61,-6,6
39180,90,92,-2,2
39181,137,111,26,26
39182,53,48,5,5
39183,137,143,-6,6
39184,64,61,3,3
39185,133,124,9,9
39186,38,24,14,14
39187,105,94,11,11
39188,45,46,-1,1
39189,133,128,5,5
39190,121,116,5,5
39191,138,134,4,4
39192,84,75,9,9
39193,79,79,0,0
39194,48,55,-7,7
39195,51,53,-2,2
39196,90,96,-6,6
39197,79,73,6,6
39198,73,72,1,1
39199,82,71,11,11
39200,90,93,-3,3
39201,98,77,21,21
39202,56,58,-2,2
39203,100,98,2,2
39204,55,68,-13,13
39205,116,124,-8,8
39206,61,57,4,4
39207,77,74,3,3
39208,131,123,8,8
39209,115,102,13,13
39210,94,85,9,9
39211,80,72,8,8
39212,57,60,-3,3
39213,112,107,5,5
39214,98,94,4,4
39215,136,149,-13,13
39216,125,115,10,10
39217,90,98,-8,8
39218,81,84,-3,3
39219,123,118,5,5
39220,114,122,-8,8
39221,35,52,-17,17
39222,55,59,-4,4
39223,110,114,-4,4
39224,52,51,1,1
39225,191,163,28,28
39226,48,54,-6,6
39227,70,66,4,4
39228,116,117,-1,1
39229,114,124,-10,10
39230,71,74,-3,3
39231,130,120,10,10
39232,92,96,-4,4
39233,111,121,-10,10
39234,150,157,-7,7
39235,112,125,-13,13
39236,85,93,-8,8
39237,75,72,3,3
39238,64,65,-1,1
39239,65,66,-1,1
39240,164,164,0,0
39241,63,60,3,3
39242,105,106,-1,1
39243,96,98,-2,2
39244,102,88,14,14
39245,84,73,11,11
39246,72,76,-4,4
39247,118,119,-1,1
39248,110,102,8,8
39249,81,83,-2,2
39250,109,116,-7,7
39251,76,67,9,9
39252,64,61,3,3
39253,133,127,6,6
39254,143,127,16,16
39255,72,74,-2,2
39256,74,90,-16,16
39257,41,40,1,1
39258,65,68,-3,3
39259,73,67,6,6
39260,63,75,-12,12
39261,175,163,12,12
39262,85,101,-16,16
39263,82,76,6,6
39264,48,46,2,2
39265,97,99,-2,2
39266,86,91,-5,5
39267,66,68,-2,2
39268,80,80,0,0
39269,84,89,-5,5
39270,90,88,2,2
39271,76,88,-12,12
39272,90,105,-15,15
39273,128,133,-5,5
39274,76,85,-9,9
39275,84,86,-2,2
39276,116,127,-11,11
39277,72,79,-7,7
39278,88,88,0,0
39279,58,57,1,1
39280,80,81,-1,1
39281,122,121,1,1
39282,84,95,-11,11
39283,62,60,2,2
39284,78,72,6,6
39285,113,118,-5,5
39286,152,144,8,8
39287,68,70,-2,2
39288,72,65,7,7
39289,104,105,-1,1
39290,100,108,-8,8
39291,92,90,2,2
39292,95,88,7,7
39293,66,67,-1,1
39294,78,83,-5,5
39295,117,108,9,9
39296,109,94,15,15
39297,157,148,9,9
39298,100,85,15,15
39299,101,98,3,3
39300,68,63,5,5
39301,137,124,13,13
39302,144,150,-6,6
39303,152,148,4,4
39304,121,115,6,6
39305,83,89,-6,6
39306,86,93,-7,7
39307,72,62,10,10
39308,82,99,-17,17
39309,115,111,4,4
39310,44,46,-2,2
39311,130,138,-8,8
39312,84,90,-6,6
39313,104,103,1,1
39314,70,68,2,2
39315,152,126,26,26
39316,66,66,0,0
39317,137,118,19,19
39318,86,84,2,2
39319,130,133,-3,3
39320,105,98,7,7
39321,79,82,-3,3
39322,79,75,4,4
39323,68,65,3,3
39324,86,82,4,4
39325,90,101,-11,11
39326,174,157,17,17
39327,41,28,13,13
39328,109,105,4,4
39329,98,91,7,7
39330,79,83,-4,4
39331,107,110,-3,3
39332,138,146,-8,8
39333,49,42,7,7
39334,68,75,-7,7
39335,465,402,63,63
39336,102,96,6,6
39337,108,114,-6,6
39338,98,103,-5,5
39339,70,67,3,3
39340,90,91,-1,1
39341,103,105,-2,2
39342,84,66,18,18
39343,128,141,-13,13
39344,205,190,15,15
39345,149,143,6,6
39346,51,56,-5,5
39347,64,67,-3,3
39348,155,148,7,7
39349,61,65,-4,4
39350,91,91,0,0
39351,69,77,-8,8
39352,51,60,-9,9
39353,59,53,6,6
39354,110,95,15,15
39355,145,134,11,11
39356,86,95,-9,9
39357,192,203,-11,11
39358,80,74,6,6
39359,62,62,0,0
39360,116,126,-10,10
39361,94,104,-10,10
39362,60,58,2,2
39363,128,143,-15,15
39364,129,130,-1,1
39365,111,107,4,4
39366,137,140,-3,3
39367,164,146,18,18
39368,119,115,4,4
39369,90,87,3,3
39370,114,128,-14,14
39371,26,17,9,9
39372,107,104,3,3
39373,68,67,1,1
39374,118,120,-2,2
39375,124,117,7,7
39376,170,161,9,9
39377,61,68,-7,7
39378,136,136,0,0
39379,196,143,53,53
39380,87,72,15,15
39381,95,105,-10,10
39382,108,132,-24,24
39383,151,139,12,12
39384,67,74,-7,7
39385,149,152,-3,3
39386,113,106,7,7
39387,50,100,-50,50
39388,79,94,-15,15
39389,103,113,-10,10
39390,80,74,6,6
39391,172,176,-4,4
39392,105,109,-4,4
39393,82,79,3,3
39394,47,46,1,1
39395,54,50,4,4
39396,80,76,4,4
39397,64,60,4,4
39398,150,136,14,14
39399,134,130,4,4
39400,61,70,-9,9
39401,108,110,-2,2
39402,116,126,-10,10
39403,101,112,-11,11
39404,81,84,-3,3
39405,90,98,-8,8
39406,71,73,-2,2
39407,119,118,1,1
39408,133,145,-12,12
39409,125,137,-12,12
39410,70,65,5,5
39411,182,156,26,26
39412,114,122,-8,8
39413,136,154,-18,18
39414,76,76,0,0
39415,114,103,11,11
39416,46,52,-6,6
39417,97,106,-9,9
39418,70,75,-5,5
39419,63,60,3,3
39420,100,85,15,15
39421,114,105,9,9
39422,52,51,1,1
39423,130,141,-11,11
39424,108,99,9,9
39425,133,121,12,12
39426,26,19,7,7
39427,75,71,4,4
39428,112,120,-8,8
39429,73,67,6,6
39430,44,40,4,4
39431,75,74,1,1
39432,93,90,3,3
39433,60,72,-12,12
39434,83,84,-1,1
39435,140,145,-5,5
39436,100,95,5,5
39437,107,105,2,2
39438,95,82,13,13
39439,111,98,13,13
39440,112,111,1,1
39441,67,73,-6,6
39442,52,54,-2,2
39443,113,100,13,13
39444,77,75,2,2
39445,135,132,3,3
39446,61,67,-6,6
39447,58,62,-4,4
39448,60,56,4,4
39449,100,98,2,2
39450,49,60,-11,11
39451,71,73,-2,2
39452,104,116,-12,12
39453,49,56,-7,7
39454,141,140,1,1
39455,113,122,-9,9
39456,74,68,6,6
39457,135,135,0,0
39458,61,67,-6,6
39459,115,121,-6,6
39460,89,99,-10,10
39461,76,75,1,1
39462,111,111,0,0
39463,61,75,-14,14
39464,54,48,6,6
39465,95,101,-6,6
39466,125,128,-3,3
39467,168,179,-11,11
39468,71,68,3,3
39469,80,88,-8,8
39470,224,221,3,3
39471,87,95,-8,8
39472,65,69,-4,4
39473,130,144,-14,14
39474,111,114,-3,3
39475,76,74,2,2
39476,111,109,2,2
39477,88,97,-9,9
39478,97,100,-3,3
39479,118,124,-6,6
39480,93,82,11,11
39481,131,117,14,14
39482,82,83,-1,1
39483,153,145,8,8
39484,76,80,-4,4
39485,105,117,-12,12
39486,38,41,-3,3
39487,56,67,-11,11
39488,75,75,0,0
39489,40,37,3,3
39490,139,142,-3,3
39491,78,104,-26,26
39492,72,72,0,0
39493,123,125,-2,2
39494,71,65,6,6
39495,144,147,-3,3
39496,51,60,-9,9
39497,63,44,19,19
39498,51,54,-3,3
39499,98,95,3,3
39500,83,75,8,8
39501,75,97,-22,22
39502,108,112,-4,4
39503,100,93,7,7
39504,61,53,8,8
39505,76,77,-1,1
39506,156,240,-84,84
39507,69,69,0,0
39508,219,233,-14,14
39509,112,114,-2,2
39510,86,96,-10,10
39511,53,37,16,16
39512,108,109,-1,1
39513,82,79,3,3
39514,89,82,7,7
39515,125,119,6,6
39516,96,122,-26,26
39517,113,119,-6,6
39518,61,68,-7,7
39519,39,41,-2,2
39520,65,79,-14,14
39521,101,108,-7,7
39522,188,165,23,23
39523,73,69,4,4
39524,51,62,-11,11
39525,126,130,-4,4
39526,95,117,-22,22
39527,85,97,-12,12
39528,112,125,-13,13
39529,117,116,1,1
39530,109,96,13,13
39531,47,58,-11,11
39532,63,71,-8,8
39533,92,98,-6,6
39534,78,72,6,6
39535,100,95,5,5
39536,137,132,5,5
39537,163,162,1,1
39538,74,83,-9,9
39539,64,79,-15,15
39540,87,73,14,14
39541,87,92,-5,5
39542,120,132,-12,12
39543,129,133,-4,4
39544,137,143,-6,6
39545,65,65,0,0
39546,67,63,4,4
39547,83,89,-6,6
39548,91,86,5,5
39549,88,82,6,6
39550,47,40,7,7
39551,119,127,-8,8
39552,76,79,-3,3
39553,96,90,6,6
39554,69,83,-14,14
39555,91,93,-2,2
39556,95,99,-4,4
39557,89,96,-7,7
39558,89,81,8,8
39559,106,114,-8,8
39560,86,52,34,34
39561,119,112,7,7
39562,76,82,-6,6
39563,95,85,10,10
39564,93,94,-1,1
39565,93,83,10,10
39566,87,83,4,4
39567,142,151,-9,9
39568,81,76,5,5
39569,54,47,7,7
39570,131,127,4,4
39571,53,58,-5,5
39572,132,139,-7,7
39573,83,87,-4,4
39574,77,67,10,10
39575,86,98,-12,12
39576,135,138,-3,3
39577,114,118,-4,4
39578,75,92,-17,17
39579,62,73,-11,11
39580,96,92,4,4
39581,88,80,8,8
39582,58,58,0,0
39583,55,58,-3,3
39584,70,68,2,2
39585,162,139,23,23
39586,98,95,3,3
39587,73,73,0,0
39588,52,56,-4,4
39589,86,89,-3,3
39590,133,125,8,8
39591,102,114,-12,12
39592,137,133,4,4
39593,58,55,3,3
39594,94,82,12,12
39595,158,140,18,18
39596,88,89,-1,1
39597,81,85,-4,4
39598,88,76,12,12
39599,170,165,5,5
39600,132,134,-2,2
39601,160,152,8,8
39602,69,70,-1,1
39603,78,79,-1,1
39604,47,60,-13,13
39605,122,123,-1,1
39606,46,38,8,8
39607,81,85,-4,4
39608,173,166,7,7
39609,36,116,-80,80
39610,84,84,0,0
39611,118,95,23,23
39612,113,95,18,18
39613,162,154,8,8
39614,98,105,-7,7
39615,96,92,4,4
39616,71,71,0,0
39617,68,69,-1,1
39618,85,82,3,3
39619,34,60,-26,26
39620,69,83,-14,14
39621,69,76,-7,7
39622,128,126,2,2
39623,99,109,-10,10
39624,121,113,8,8
39625,179,169,10,10
39626,92,96,-4,4
39627,171,170,1,1
39628,94,87,7,7
39629,112,121,-9,9
39630,79,68,11,11
39631,57,61,-4,4
39632,72,74,-2,2
39633,161,132,29,29
39634,132,133,-1,1
39635,126,119,7,7
39636,78,82,-4,4
39637,72,71,1,1
39638,88,96,-8,8
39639,93,94,-1,1
39640,56,56,0,0
39641,179,168,11,11
39642,99,90,9,9
39643,143,135,8,8
39644,25,28,-3,3
39645,85,84,1,1
39646,50,50,0,0
39647,110,103,7,7
39648,133,124,9,9
39649,103,89,14,14
39650,149,144,5,5
39651,146,146,0,0
39652,65,72,-7,7
39653,117,137,-20,20
39654,53,54,-1,1
39655,155,140,15,15
39656,127,125,2,2
39657,87,91,-4,4
39658,167,153,14,14
39659,74,69,5,5
39660,65,69,-4,4
39661,50,46,4,4
39662,109,98,11,11
39663,65,63,2,2
39664,98,88,10,10
39665,128,124,4,4
39666,132,134,-2,2
39667,174,170,4,4
39668,81,88,-7,7
39669,69,76,-7,7
39670,77,75,2,2
39671,69,71,-2,2
39672,68,68,0,0
39673,132,138,-6,6
39674,152,158,-6,6
39675,87,85,2,2
39676,30,40,-10,10
39677,98,92,6,6
39678,99,97,2,2
39679,116,124,-8,8
39680,100,99,1,1
39681,137,129,8,8
39682,63,61,2,2
39683,82,91,-9,9
39684,99,115,-16,16
39685,58,60,-2,2
39686,68,67,1,1
39687,121,113,8,8
39688,91,86,5,5
39689,61,83,-22,22
39690,46,43,3,3
39691,107,111,-4,4
39692,80,81,-1,1
39693,78,78,0,0
39694,83,82,1,1
39695,139,141,-2,2
39696,113,115,-2,2
39697,109,113,-4,4
39698,168,157,11,11
39699,148,134,14,14
39700,90,89,1,1
39701,49,53,-4,4
39702,91,99,-8,8
39703,48,45,3,3
39704,99,111,-12,12
39705,125,127,-2,2
39706,77,96,-19,19
39707,89,105,-16,16
39708,85,78,7,7
39709,85,81,4,4
39710,60,56,4,4
39711,100,100,0,0
39712,61,63,-2,2
39713,87,84,3,3
39714,79,78,1,1
39715,48,43,5,5
39716,90,97,-7,7
39717,85,85,0,0
39718,77,73,4,4
39719,56,60,-4,4
39720,55,58,-3,3
39721,148,141,7,7
39722,108,98,10,10
39723,69,66,3,3
39724,151,143,8,8
39725,98,79,19,19
39726,87,95,-8,8
39727,76,82,-6,6
39728,84,79,5,5
39729,39,35,4,4
39730,105,105,0,0
39731,68,96,-28,28
39732,58,76,-18,18
39733,81,84,-3,3
39734,108,112,-4,4
39735,98,103,-5,5
39736,148,97,51,51
39737,71,76,-5,5
39738,108,102,6,6
39739,68,75,-7,7
39740,82,84,-2,2
39741,159,140,19,19
39742,109,97,12,12
39743,113,110,3,3
39744,106,109,-3,3
39745,124,119,5,5
39746,74,74,0,0
39747,23,19,4,4
39748,94,85,9,9
39749,69,68,1,1
39750,63,72,-9,9
39751,49,61,-12,12
39752,83,84,-1,1
39753,65,67,-2,2
39754,122,100,22,22
39755,110,106,4,4
39756,145,147,-2,2
39757,128,128,0,0
39758,61,57,4,4
39759,135,130,5,5
39760,62,52,10,10
39761,143,133,10,10
39762,59,59,0,0
39763,133,149,-16,16
39764,84,96,-12,12
39765,127,137,-10,10
39766,75,67,8,8
39767,128,125,3,3
39768,85,94,-9,9
39769,127,111,16,16
39770,66,73,-7,7
39771,45,32,13,13
39772,89,93,-4,4
39773,82,75,7,7
39774,98,93,5,5
39775,51,68,-17,17
39776,112,118,-6,6
39777,70,68,2,2
39778,75,54,21,21
39779,97,96,1,1
39780,59,71,-12,12
39781,51,38,13,13
39782,53,51,2,2
39783,56,66,-10,10
39784,67,65,2,2
39785,66,73,-7,7
39786,89,96,-7,7
39787,94,84,10,10
39788,77,86,-9,9
39789,41,35,6,6
39790,85,89,-4,4
39791,72,67,5,5
39792,108,114,-6,6
39793,105,102,3,3
39794,67,75,-8,8
39795,97,100,-3,3
39796,76,77,-1,1
39797,133,152,-19,19
39798,93,93,0,0
39799,40,46,-6,6
39800,66,62,4,4
39801,43,45,-2,2
39802,145,142,3,3
39803,135,107,28,28
39804,64,72,-8,8
39805,76,103,-27,27
39806,55,57,-2,2
39807,78,60,18,18
39808,103,102,1,1
39809,141,141,0,0
39810,152,143,9,9
39811,110,127,-17,17
39812,122,121,1,1
39813,78,81,-3,3
39814,82,79,3,3
39815,104,97,7,7
39816,112,105,7,7
39817,69,69,0,0
39818,48,50,-2,2
39819,60,66,-6,6
39820,54,53,1,1
39821,128,119,9,9
39822,61,56,5,5
39823,108,120,-12,12
39824,86,93,-7,7
39825,74,84,-10,10
39826,168,148,20,20
39827,76,73,3,3
39828,80,85,-5,5
39829,96,89,7,7
39830,74,78,-4,4
39831,59,57,2,2
39832,143,140,3,3
39833,68,61,7,7
39834,76,80,-4,4
39835,97,104,-7,7
39836,66,74,-8,8
39837,94,91,3,3
39838,159,168,-9,9
39839,76,72,4,4
39840,121,123,-2,2
39841,123,128,-5,5
39842,80,82,-2,2
39843,77,76,1,1
39844,52,60,-8,8
39845,115,123,-8,8
39846,180,161,19,19
39847,70,68,2,2
39848,79,94,-15,15
39849,112,104,8,8
39850,89,93,-4,4
39851,83,83,0,0
39852,108,120,-12,12
39853,67,70,-3,3
39854,86,83,3,3
39855,82,91,-9,9
39856,156,152,4,4
39857,141,129,12,12
39858,154,144,10,10
39859,63,63,0,0
39860,52,50,2,2
39861,122,110,12,12
39862,69,80,-11,11
39863,93,90,3,3
39864,106,112,-6,6
39865,76,93,-17,17
39866,97,103,-6,6
39867,96,94,2,2
39868,116,115,1,1
39869,98,79,19,19
39870,89,86,3,3
39871,137,138,-1,1
39872,88,76,12,12
39873,115,113,2,2
39874,135,133,2,2
39875,99,100,-1,1
39876,68,84,-16,16
39877,98,92,6,6
39878,119,117,2,2
39879,77,70,7,7
39880,74,82,-8,8
39881,115,123,-8,8
39882,67,68,-1,1
39883,79,89,-10,10
39884,107,110,-3,3
39885,83,78,5,5
39886,74,81,-7,7
39887,160,157,3,3
39888,56,44,12,12
39889,74,78,-4,4
39890,95,101,-6,6
39891,141,158,-17,17
39892,98,100,-2,2
39893,84,87,-3,3
39894,118,121,-3,3
39895,58,56,2,2
39896,54,64,-10,10
39897,74,77,-3,3
39898,69,75,-6,6
39899,123,109,14,14
39900,59,61,-2,2
39901,50,63,-13,13
39902,56,55,1,1
39903,55,65,-10,10
39904,145,138,7,7
39905,89,82,7,7
39906,74,77,-3,3
39907,67,73,-6,6
39908,100,104,-4,4
39909,99,94,5,5
39910,64,71,-7,7
39911,49,56,-7,7
39912,144,150,-6,6
39913,65,65,0,0
39914,57,62,-5,5
39915,74,82,-8,8
39916,82,89,-7,7
39917,80,80,0,0
39918,167,188,-21,21
39919,55,44,11,11
39920,98,106,-8,8
39921,69,69,0,0
39922,60,64,-4,4
39923,149,142,7,7
39924,170,169,1,1
39925,56,51,5,5
39926,120,112,8,8
39927,114,119,-5,5
39928,123,121,2,2
39929,67,73,-6,6
39930,145,135,10,10
39931,72,65,7,7
39932,85,83,2,2
39933,117,135,-18,18
39934,87,110,-23,23
39935,66,71,-5,5
39936,116,128,-12,12
39937,53,64,-11,11
39938,109,95,14,14
39939,26,27,-1,1
39940,51,54,-3,3
39941,65,62,3,3
39942,89,80,9,9
39943,110,97,13,13
39944,70,70,0,0
39945,46,48,-2,2
39946,119,117,2,2
39947,127,122,5,5
39948,95,95,0,0
39949,68,68,0,0
39950,73,69,4,4
39951,112,103,9,9
39952,152,161,-9,9
39953,83,81,2,2
39954,115,115,0,0
39955,131,119,12,12
39956,49,47,2,2
39957,118,97,21,21
39958,94,88,6,6
39959,120,120,0,0
39960,64,66,-2,2
39961,145,141,4,4
39962,63,68,-5,5
39963,62,63,-1,1
39964,55,58,-3,3
39965,113,126,-13,13
39966,62,70,-8,8
39967,80,80,0,0
39968,100,92,8,8
39969,72,79,-7,7
39970,75,70,5,5
39971,104,98,6,6
39972,56,55,1,1
39973,116,127,-11,11
39974,87,89,-2,2
39975,109,114,-5,5
39976,107,112,-5,5
39977,63,76,-13,13
39978,127,132,-5,5
39979,124,107,17,17
39980,67,67,0,0
39981,229,177,52,52
39982,144,125,19,19
39983,110,114,-4,4
39984,70,67,3,3
39985,102,102,0,0
39986,153,132,21,21
39987,82,83,-1,1
39988,50,49,1,1
39989,54,57,-3,3
39990,97,89,8,8
39991,75,77,-2,2
39992,83,75,8,8
39993,88,85,3,3
39994,129,120,9,9
39995,91,81,10,10
39996,115,107,8,8
39997,96,95,1,1
39998,177,175,2,2
39999,109,111,-2,2
40000,91,97,-6,6
40001,102,103,-1,1
40002,75,72,3,3
40003,67,72,-5,5
40004,85,84,1,1
40005,133,123,10,10
40006,122,129,-7,7
40007,99,105,-6,6
40008,72,82,-10,10
40009,80,81,-1,1
40010,61,59,2,2
40011,118,110,8,8
40012,112,112,0,0
40013,69,75,-6,6
40014,156,142,14,14
40015,140,136,4,4
40016,55,51,4,4
40017,85,102,-17,17
40018,104,102,2,2
40019,113,110,3,3
40020,61,71,-10,10
40021,110,128,-18,18
40022,142,128,14,14
40023,93,93,0,0
40024,49,54,-5,5
40025,139,136,3,3
40026,42,43,-1,1
40027,80,63,17,17
40028,138,136,2,2
40029,148,138,10,10
40030,28,43,-15,15
40031,54,60,-6,6
40032,85,79,6,6
40033,84,78,6,6
40034,161,139,22,22
40035,80,76,4,4
40036,108,126,-18,18
40037,91,98,-7,7
40038,92,80,12,12
40039,92,104,-12,12
40040,91,86,5,5
40041,146,136,10,10
40042,59,73,-14,14
40043,109,96,13,13
40044,67,71,-4,4
40045,89,100,-11,11
40046,156,138,18,18
40047,106,97,9,9
40048,71,70,1,1
40049,161,157,4,4
40050,97,94,3,3
40051,95,95,0,0
40052,128,126,2,2
40053,79,96,-17,17
40054,127,144,-17,17
40055,88,96,-8,8
40056,63,60,3,3
40057,47,47,0,0
40058,67,74,-7,7
40059,44,42,2,2
40060,70,70,0,0
40061,59,52,7,7
40062,115,107,8,8
40063,123,135,-12,12
40064,49,37,12,12
40065,81,79,2,2
40066,55,62,-7,7
40067,105,97,8,8
40068,120,116,4,4
40069,95,101,-6,6
40070,73,81,-8,8
40071,76,83,-7,7
40072,95,97,-2,2
40073,35,38,-3,3
40074,85,88,-3,3
40075,65,74,-9,9
40076,125,131,-6,6
40077,62,62,0,0
40078,95,103,-8,8
40079,139,131,8,8
40080,77,84,-7,7
40081,65,52,13,13
40082,53,60,-7,7
40083,83,77,6,6
40084,62,53,9,9
40085,74,76,-2,2
40086,32,26,6,6
40087,67,67,0,0
40088,134,131,3,3
40089,78,87,-9,9
40090,88,87,1,1
40091,81,87,-6,6
40092,60,70,-10,10
40093,117,105,12,12
40094,61,73,-12,12
40095,147,147,0,0
40096,217,184,33,33
40097,84,81,3,3
40098,67,50,17,17
40099,158,169,-11,11
40100,51,55,-4,4
40101,91,97,-6,6
40102,72,70,2,2
40103,121,123,-2,2
40104,76,74,2,2
40105,117,110,7,7
40106,63,64,-1,1
40107,82,87,-5,5
40108,87,99,-12,12
40109,77,75,2,2
40110,67,69,-2,2
40111,129,115,14,14
40112,56,54,2,2
40113,60,62,-2,2
40114,130,119,11,11
40115,106,120,-14,14
40116,73,67,6,6
40117,89,91,-2,2
40118,85,97,-12,12
40119,71,69,2,2
40120,206,275,-69,69
40121,142,144,-2,2
40122,106,116,-10,10
40123,98,97,1,1
40124,60,76,-16,16
40125,113,115,-2,2
40126,57,57,0,0
40127,73,57,16,16
40128,186,162,24,24
40129,87,93,-6,6
40130,122,114,8,8
40131,80,87,-7,7
40132,130,125,5,5
40133,106,112,-6,6
40134,175,185,-10,10
40135,135,130,5,5
40136,115,112,3,3
40137,80,79,1,1
40138,125,125,0,0
40139,85,94,-9,9
40140,85,80,5,5
40141,143,139,4,4
40142,92,90,2,2
40143,74,62,12,12
40144,66,77,-11,11
40145,68,64,4,4
40146,103,81,22,22
40147,82,86,-4,4
40148,57,50,7,7
40149,102,115,-13,13
40150,117,114,3,3
40151,79,86,-7,7
40152,179,157,22,22
40153,111,125,-14,14
40154,59,63,-4,4
40155,90,88,2,2
40156,82,115,-33,33
40157,120,115,5,5
40158,89,91,-2,2
40159,76,75,1,1
40160,74,67,7,7
40161,54,57,-3,3
40162,51,62,-11,11
40163,71,74,-3,3
40164,116,102,14,14
40165,84,81,3,3
40166,107,109,-2,2
40167,83,79,4,4
40168,170,155,15,15
40169,118,120,-2,2
40170,115,106,9,9
40171,78,94,-16,16
40172,155,152,3,3
40173,143,155,-12,12
40174,80,87,-7,7
40175,64,74,-10,10
40176,97,88,9,9
40177,92,90,2,2
40178,63,65,-2,2
40179,196,173,23,23
40180,70,82,-12,12
40181,95,99,-4,4
40182,73,75,-2,2
40183,64,77,-13,13
40184,86,101,-15,15
40185,93,102,-9,9
40186,81,77,4,4
40187,132,109,23,23
40188,89,71,18,18
40189,80,71,9,9
40190,61,61,0,0
40191,148,143,5,5
40192,104,100,4,4
40193,105,114,-9,9
40194,94,89,5,5
40195,72,74,-2,2
40196,71,76,-5,5
40197,115,118,-3,3
40198,100,96,4,4
40199,64,67,-3,3
40200,88,74,14,14
40201,175,169,6,6
40202,153,156,-3,3
40203,58,57,1,1
40204,143,143,0,0
40205,49,47,2,2
40206,62,65,-3,3
40207,72,69,3,3
40208,112,109,3,3
40209,90,81,9,9
40210,88,84,4,4
40211,92,86,6,6
40212,25,40,-15,15
40213,97,94,3,3
40214,133,126,7,7
40215,86,81,5,5
40216,81,82,-1,1
40217,164,143,21,21
40218,64,61,3,3
40219,79,83,-4,4
40220,108,108,0,0
40221,62,69,-7,7
40222,84,87,-3,3
40223,187,177,10,10
40224,70,81,-11,11
40225,119,109,10,10
40226,86,100,-14,14
40227,118,113,5,5
40228,79,87,-8,8
40229,77,78,-1,1
40230,85,94,-9,9
40231,107,104,3,3
40232,76,85,-9,9
40233,54,52,2,2
40234,66,69,-3,3
40235,64,75,-11,11
40236,56,89,-33,33
40237,147,161,-14,14
40238,92,59,33,33
40239,119,112,7,7
40240,61,73,-12,12
40241,112,104,8,8
40242,116,122,-6,6
40243,68,79,-11,11
40244,153,133,20,20
40245,114,128,-14,14
40246,115,119,-4,4
40247,91,98,-7,7
40248,68,67,1,1
40249,111,104,7,7
40250,79,73,6,6
40251,57,64,-7,7
40252,114,116,-2,2
40253,66,74,-8,8
40254,96,80,16,16
40255,83,96,-13,13
40256,93,87,6,6
40257,83,77,6,6
40258,80,82,-2,2
40259,82,87,-5,5
40260,114,115,-1,1
40261,49,46,3,3
40262,67,73,-6,6
40263,79,82,-3,3
40264,77,76,1,1
40265,64,67,-3,3
40266,177,170,7,7
40267,71,74,-3,3
40268,99,97,2,2
40269,90,85,5,5
40270,107,111,-4,4
40271,103,97,6,6
40272,144,138,6,6
40273,81,78,3,3
40274,69,76,-7,7
40275,63,84,-21,21
40276,105,113,-8,8
40277,100,95,5,5
40278,118,126,-8,8
40279,89,89,0,0
40280,90,93,-3,3
40281,88,96,-8,8
40282,69,58,11,11
40283,59,56,3,3
40284,84,84,0,0
40285,143,141,2,2
40286,112,121,-9,9
40287,143,152,-9,9
40288,78,81,-3,3
40289,38,39,-1,1
40290,107,96,11,11
40291,57,60,-3,3
40292,62,88,-26,26
40293,79,78,1,1
40294,72,77,-5,5
40295,85,84,1,1
40296,83,86,-3,3
40297,69,59,10,10
40298,62,59,3,3
40299,80,79,1,1
40300,55,67,-12,12
40301,77,73,4,4
40302,77,80,-3,3
40303,81,90,-9,9
40304,88,88,0,0
40305,75,87,-12,12
40306,103,108,-5,5
40307,63,61,2,2
40308,115,100,15,15
40309,149,155,-6,6
40310,48,49,-1,1
40311,67,61,6,6
40312,167,149,18,18
40313,116,123,-7,7
40314,40,43,-3,3
40315,93,96,-3,3
40316,98,96,2,2
40317,105,97,8,8
40318,150,135,15,15
40319,174,162,12,12
40320,156,154,2,2
40321,61,102,-41,41
40322,124,129,-5,5
40323,61,61,0,0
40324,58,60,-2,2
40325,147,150,-3,3
40326,80,97,-17,17
40327,115,97,18,18
40328,139,126,13,13
40329,73,78,-5,5
40330,208,197,11,11
40331,92,97,-5,5
40332,63,58,5,5
40333,126,113,13,13
40334,31,30,1,1
40335,55,64,-9,9
40336,154,148,6,6
40337,110,111,-1,1
40338,62,67,-5,5
40339,124,118,6,6
40340,81,76,5,5
40341,78,70,8,8
40342,122,132,-10,10
40343,110,126,-16,16
40344,100,85,15,15
40345,112,113,-1,1
40346,58,59,-1,1
40347,92,89,3,3
40348,143,134,9,9
40349,76,73,3,3
40350,62,69,-7,7
40351,72,77,-5,5
40352,96,100,-4,4
40353,98,100,-2,2
40354,209,177,32,32
40355,81,81,0,0
40356,65,76,-11,11
40357,111,97,14,14
40358,158,163,-5,5
40359,106,107,-1,1
40360,124,113,11,11
40361,90,80,10,10
40362,95,97,-2,2
40363,86,105,-19,19
40364,89,90,-1,1
40365,59,72,-13,13
40366,132,122,10,10
40367,91,77,14,14
40368,90,88,2,2
40369,85,84,1,1
40370,77,95,-18,18
40371,68,62,6,6
40372,77,83,-6,6
40373,125,128,-3,3
40374,53,49,4,4
40375,100,112,-12,12
40376,128,129,-1,1
40377,78,65,13,13
40378,73,100,-27,27
40379,79,86,-7,7
40380,89,105,-16,16
40381,101,99,2,2
40382,93,112,-19,19
40383,93,99,-6,6
40384,62,63,-1,1
40385,113,111,2,2
40386,117,114,3,3
40387,133,126,7,7
40388,107,121,-14,14
40389,64,85,-21,21
40390,48,29,19,19
40391,103,100,3,3
40392,91,102,-11,11
40393,121,120,1,1
40394,109,113,-4,4
40395,92,92,0,0
40396,118,110,8,8
40397,82,90,-8,8
40398,76,70,6,6
40399,98,81,17,17
40400,118,118,0,0
40401,124,136,-12,12
40402,120,105,15,15
40403,85,91,-6,6
40404,112,112,0,0
40405,88,94,-6,6
40406,65,55,10,10
40407,48,46,2,2
40408,66,74,-8,8
40409,106,79,27,27
40410,174,174,0,0
40411,161,159,2,2
40412,42,80,-38,38
40413,65,69,-4,4
40414,47,62,-15,15
40415,100,124,-24,24
40416,91,94,-3,3
40417,59,59,0,0
40418,77,86,-9,9
40419,83,85,-2,2
40420,91,90,1,1
40421,91,89,2,2
40422,163,157,6,6
40423,89,84,5,5
40424,144,153,-9,9
40425,107,120,-13,13
40426,75,77,-2,2
40427,210,202,8,8
40428,168,171,-3,3
40429,116,93,23,23
40430,67,75,-8,8
40431,66,74,-8,8
40432,23,32,-9,9
40433,99,98,1,1
40434,66,68,-2,2
40435,56,59,-3,3
40436,92,95,-3,3
40437,132,124,8,8
40438,67,61,6,6
40439,42,40,2,2
40440,123,119,4,4
40441,44,48,-4,4
40442,117,119,-2,2
40443,109,108,1,1
40444,106,99,7,7
40445,92,90,2,2
40446,88,90,-2,2
40447,74,77,-3,3
40448,114,131,-17,17
40449,146,126,20,20
40450,105,106,-1,1
40451,91,101,-10,10
40452,124,125,-1,1
40453,178,166,12,12
40454,98,94,4,4
40455,145,156,-11,11
40456,76,81,-5,5
40457,100,101,-1,1
40458,128,117,11,11
40459,152,142,10,10
40460,40,41,-1,1
40461,65,73,-8,8
40462,107,120,-13,13
40463,90,89,1,1
40464,100,114,-14,14
40465,71,84,-13,13
40466,55,58,-3,3
40467,80,85,-5,5
40468,131,122,9,9
40469,28,33,-5,5
40470,93,84,9,9
40471,149,152,-3,3
40472,88,107,-19,19
40473,50,57,-7,7
40474,82,95,-13,13
40475,125,114,11,11
40476,131,107,24,24
40477,93,105,-12,12
40478,83,84,-1,1
40479,149,154,-5,5
40480,74,85,-11,11
40481,124,126,-2,2
40482,174,150,24,24
40483,83,109,-26,26
40484,119,126,-7,7
40485,85,81,4,4
40486,70,62,8,8
40487,197,193,4,4
40488,131,123,8,8
40489,130,114,16,16
40490,73,81,-8,8
40491,97,104,-7,7
40492,85,87,-2,2
40493,198,163,35,35
40494,100,100,0,0
40495,81,76,5,5
40496,71,73,-2,2
40497,97,99,-2,2
40498,77,89,-12,12
40499,88,85,3,3
40500,90,84,6,6
40501,74,85,-11,11
40502,70,73,-3,3
40503,63,60,3,3
40504,149,144,5,5
40505,97,98,-1,1
40506,65,70,-5,5
40507,81,89,-8,8
40508,100,102,-2,2
40509,79,92,-13,13
40510,106,110,-4,4
40511,79,87,-8,8
40512,137,132,5,5
40513,82,87,-5,5
40514,68,60,8,8
40515,100,91,9,9
40516,40,48,-8,8
40517,57,53,4,4
40518,73,84,-11,11
40519,85,88,-3,3
40520,135,138,-3,3
40521,126,123,3,3
40522,158,151,7,7
40523,110,114,-4,4
40524,125,129,-4,4
40525,115,120,-5,5
40526,112,114,-2,2
40527,71,78,-7,7
40528,121,137,-16,16
40529,97,110,-13,13
40530,104,98,6,6
40531,97,89,8,8
40532,54,57,-3,3
40533,76,84,-8,8
40534,132,105,27,27
40535,98,108,-10,10
40536,107,99,8,8
40537,119,111,8,8
40538,125,121,4,4
40539,96,100,-4,4
40540,49,59,-10,10
40541,89,80,9,9
40542,101,97,4,4
40543,86,91,-5,5
40544,43,45,-2,2
40545,40,38,2,2
40546,109,107,2,2
40547,49,56,-7,7
40548,99,102,-3,3
40549,120,78,42,42
40550,70,87,-17,17
40551,177,158,19,19
40552,59,69,-10,10
40553,90,90,0,0
40554,99,103,-4,4
40555,99,102,-3,3
40556,113,119,-6,6
40557,87,95,-8,8
40558,120,128,-8,8
40559,122,121,1,1
40560,156,155,1,1
40561,90,77,13,13
40562,109,108,1,1
40563,59,78,-19,19
40564,110,108,2,2
40565,64,67,-3,3
40566,76,76,0,0
40567,93,89,4,4
40568,81,76,5,5
40569,155,144,11,11
40570,77,81,-4,4
40571,52,56,-4,4
40572,48,61,-13,13
40573,94,100,-6,6
40574,72,79,-7,7
40575,78,97,-19,19
40576,108,116,-8,8
40577,74,84,-10,10
40578,67,66,1,1
40579,88,78,10,10
40580,127,119,8,8
40581,88,102,-14,14
40582,53,65,-12,12
40583,101,107,-6,6
40584,105,107,-2,2
40585,120,119,1,1
40586,63,75,-12,12
40587,50,56,-6,6
40588,67,76,-9,9
40589,121,131,-10,10
40590,76,78,-2,2
40591,95,90,5,5
40592,97,95,2,2
40593,63,71,-8,8
40594,135,137,-2,2
40595,61,37,24,24
40596,79,72,7,7
40597,133,133,0,0
40598,97,101,-4,4
40599,78,67,11,11
40600,96,100,-4,4
40601,47,48,-1,1
40602,139,119,20,20
40603,99,98,1,1
40604,113,105,8,8
40605,94,89,5,5
40606,100,108,-8,8
40607,71,84,-13,13
40608,102,109,-7,7
40609,113,112,1,1
40610,85,82,3,3
40611,75,62,13,13
40612,62,59,3,3
40613,111,94,17,17
40614,80,82,-2,2
40615,117,116,1,1
40616,107,114,-7,7
40617,75,80,-5,5
40618,82,91,-9,9
40619,73,76,-3,3
40620,110,106,4,4
40621,115,125,-10,10
40622,151,138,13,13
40623,60,60,0,0
40624,51,58,-7,7
40625,76,69,7,7
40626,115,99,16,16
40627,79,81,-2,2
40628,85,96,-11,11
40629,84,83,1,1
40630,136,125,11,11
40631,76,78,-2,2
40632,30,37,-7,7
40633,141,133,8,8
40634,83,79,4,4
40635,81,83,-2,2
40636,79,84,-5,5
40637,113,110,3,3
40638,88,81,7,7
40639,145,164,-19,19
40640,156,151,5,5
40641,80,96,-16,16
40642,103,104,-1,1
40643,116,113,3,3
40644,76,75,1,1
40645,123,128,-5,5
40646,93,106,-13,13
40647,103,109,-6,6
40648,67,67,0,0
40649,102,112,-10,10
40650,92,77,15,15
40651,86,82,4,4
40652,56,62,-6,6
40653,80,90,-10,10
40654,137,135,2,2
40655,48,56,-8,8
40656,87,55,32,32
40657,112,121,-9,9
40658,74,77,-3,3
40659,87,88,-1,1
40660,101,109,-8,8
40661,58,58,0,0
40662,116,117,-1,1
40663,97,94,3,3
40664,65,64,1,1
40665,98,90,8,8
40666,98,91,7,7
40667,156,155,1,1
40668,88,88,0,0
40669,85,94,-9,9
40670,64,55,9,9
40671,72,76,-4,4
40672,107,122,-15,15
40673,87,100,-13,13
40674,115,108,7,7
40675,102,92,10,10
40676,120,108,12,12
40677,87,92,-5,5
40678,81,78,3,3
40679,53,52,1,1
40680,71,73,-2,2
40681,78,79,-1,1
40682,104,102,2,2
40683,113,119,-6,6
40684,51,45,6,6
40685,65,74,-9,9
40686,109,153,-44,44
40687,78,83,-5,5
40688,105,92,13,13
40689,93,109,-16,16
40690,103,101,2,2
40691,113,102,11,11
40692,77,87,-10,10
40693,135,129,6,6
40694,82,67,15,15
40695,84,83,1,1
40696,56,64,-8,8
40697,54,52,2,2
40698,146,129,17,17
40699,149,141,8,8
40700,91,91,0,0
40701,61,59,2,2
40702,117,131,-14,14
40703,46,46,0,0
40704,159,148,11,11
40705,94,89,5,5
40706,153,144,9,9
40707,108,100,8,8
40708,85,82,3,3
40709,69,74,-5,5
40710,295,302,-7,7
40711,74,72,2,2
40712,103,108,-5,5
40713,80,81,-1,1
40714,68,70,-2,2
40715,120,127,-7,7
40716,86,83,3,3
40717,118,118,0,0
40718,74,78,-4,4
40719,99,92,7,7
40720,76,68,8,8
40721,134,122,12,12
40722,97,101,-4,4
40723,66,78,-12,12
40724,92,101,-9,9
40725,50,48,2,2
40726,83,94,-11,11
40727,98,96,2,2
40728,72,76,-4,4
40729,71,69,2,2
40730,71,76,-5,5
40731,78,83,-5,5
40732,81,86,-5,5
40733,126,131,-5,5
40734,71,70,1,1
40735,70,73,-3,3
40736,141,141,0,0
40737,75,66,9,9
40738,85,85,0,0
40739,89,91,-2,2
40740,82,85,-3,3
40741,174,157,17,17
40742,77,82,-5,5
40743,113,129,-16,16
40744,165,163,2,2
40745,55,54,1,1
40746,94,80,14,14
40747,81,83,-2,2
40748,103,98,5,5
40749,87,97,-10,10
40750,68,94,-26,26
40751,205,201,4,4
40752,85,88,-3,3
40753,66,66,0,0
40754,68,66,2,2
40755,87,83,4,4
40756,101,92,9,9
40757,115,113,2,2
40758,69,61,8,8
40759,144,137,7,7
40760,97,95,2,2
40761,107,110,-3,3
40762,88,96,-8,8
40763,138,135,3,3
40764,90,83,7,7
40765,129,147,-18,18
40766,66,75,-9,9
40767,75,73,2,2
40768,118,112,6,6
40769,99,98,1,1
40770,77,68,9,9
40771,89,84,5,5
40772,95,102,-7,7
40773,56,57,-1,1
40774,115,116,-1,1
40775,59,66,-7,7
40776,117,118,-1,1
40777,110,113,-3,3
40778,120,102,18,18
40779,98,89,9,9
40780,121,126,-5,5
40781,100,87,13,13
40782,85,91,-6,6
40783,106,105,1,1
40784,165,152,13,13
40785,65,64,1,1
40786,58,56,2,2
40787,165,148,17,17
40788,56,58,-2,2
40789,62,67,-5,5
40790,85,77,8,8
40791,93,96,-3,3
40792,57,61,-4,4
40793,97,95,2,2
40794,96,101,-5,5
40795,45,50,-5,5
40796,114,110,4,4
40797,77,54,23,23
40798,77,87,-10,10
40799,89,87,2,2
40800,70,55,15,15
40801,84,87,-3,3
40802,89,107,-18,18
40803,104,109,-5,5
40804,88,92,-4,4
40805,68,69,-1,1
40806,67,72,-5,5
40807,51,45,6,6
40808,144,148,-4,4
40809,135,132,3,3
40810,89,92,-3,3
40811,122,120,2,2
40812,110,113,-3,3
40813,81,85,-4,4
40814,147,151,-4,4
40815,60,63,-3,3
40816,137,148,-11,11
40817,110,115,-5,5
40818,125,118,7,7
40819,89,99,-10,10
40820,129,144,-15,15
40821,70,65,5,5
40822,149,153,-4,4
40823,72,68,4,4
40824,96,101,-5,5
40825,76,70,6,6
40826,154,150,4,4
40827,220,184,36,36
40828,106,105,1,1
40829,95,97,-2,2
40830,158,159,-1,1
40831,140,139,1,1
40832,86,92,-6,6
40833,96,90,6,6
40834,100,96,4,4
40835,70,73,-3,3
40836,64,64,0,0
40837,147,141,6,6
40838,75,77,-2,2
40839,80,78,2,2
40840,161,166,-5,5
40841,83,99,-16,16
40842,89,80,9,9
40843,169,165,4,4
40844,85,89,-4,4
40845,151,152,-1,1
40846,85,80,5,5
40847,61,68,-7,7
40848,62,66,-4,4
40849,118,106,12,12
40850,97,89,8,8
40851,118,112,6,6
40852,104,94,10,10
40853,44,43,1,1
40854,101,101,0,0
40855,69,69,0,0
40856,52,57,-5,5
40857,115,113,2,2
40858,56,55,1,1
40859,110,119,-9,9
40860,96,123,-27,27
40861,88,88,0,0
40862,94,89,5,5
40863,60,54,6,6
40864,108,104,4,4
40865,114,106,8,8
40866,87,88,-1,1
40867,102,108,-6,6
40868,75,67,8,8
40869,56,53,3,3
40870,123,135,-12,12
40871,29,41,-12,12
40872,70,78,-8,8
40873,87,90,-3,3
40874,48,65,-17,17
40875,108,99,9,9
40876,164,161,3,3
40877,125,111,14,14
40878,66,65,1,1
40879,190,175,15,15
40880,91,91,0,0
40881,116,77,39,39
40882,96,96,0,0
40883,86,82,4,4
40884,157,163,-6,6
40885,149,139,10,10
40886,54,58,-4,4
40887,81,83,-2,2
40888,97,102,-5,5
40889,128,125,3,3
40890,96,99,-3,3
40891,121,126,-5,5
40892,131,120,11,11
40893,133,126,7,7
40894,130,122,8,8
40895,97,90,7,7
40896,68,84,-16,16
40897,118,110,8,8
40898,91,94,-3,3
40899,90,105,-15,15
40900,65,61,4,4
40901,143,129,14,14
40902,80,72,8,8
40903,96,64,32,32
40904,104,99,5,5
40905,112,116,-4,4
40906,86,91,-5,5
40907,91,93,-2,2
40908,205,178,27,27
40909,73,83,-10,10
40910,101,91,10,10
40911,73,76,-3,3
40912,90,86,4,4
40913,191,185,6,6
40914,90,93,-3,3
40915,149,149,0,0
40916,73,86,-13,13
40917,152,145,7,7
40918,115,107,8,8
40919,88,95,-7,7
40920,86,83,3,3
40921,103,99,4,4
40922,37,36,1,1
40923,83,78,5,5
40924,76,70,6,6
40925,56,60,-4,4
40926,130,130,0,0
40927,67,66,1,1
40928,78,74,4,4
40929,105,108,-3,3
40930,101,109,-8,8
40931,88,93,-5,5
40932,83,92,-9,9
40933,108,110,-2,2
40934,67,67,0,0
40935,107,116,-9,9
40936,43,37,6,6
40937,71,78,-7,7
40938,99,96,3,3
40939,120,130,-10,10
40940,132,127,5,5
40941,30,35,-5,5
40942,88,89,-1,1
40943,82,96,-14,14
40944,59,67,-8,8
40945,68,85,-17,17
40946,120,108,12,12
40947,60,65,-5,5
40948,103,98,5,5
40949,110,112,-2,2
40950,114,107,7,7
40951,90,93,-3,3
40952,192,175,17,17
40953,100,99,1,1
40954,119,110,9,9
40955,91,76,15,15
40956,98,99,-1,1
40957,51,50,1,1
40958,94,89,5,5
40959,98,107,-9,9
40960,71,71,0,0
40961,106,125,-19,19
40962,78,82,-4,4
40963,66,71,-5,5
40964,79,82,-3,3
40965,85,91,-6,6
40966,147,145,2,2
40967,68,62,6,6
40968,66,64,2,2
40969,81,82,-1,1
40970,133,135,-2,2
40971,120,122,-2,2
40972,71,82,-11,11
40973,169,171,-2,2
40974,159,152,7,7
40975,57,65,-8,8
40976,73,77,-4,4
40977,44,42,2,2
40978,85,90,-5,5
40979,49,54,-5,5
40980,54,49,5,5
40981,89,82,7,7
40982,62,69,-7,7
40983,88,85,3,3
40984,93,100,-7,7
40985,66,67,-1,1
40986,69,68,1,1
40987,138,159,-21,21
40988,88,92,-4,4
40989,102,120,-18,18
40990,45,45,0,0
40991,48,49,-1,1
40992,106,111,-5,5
40993,158,123,35,35
40994,125,122,3,3
40995,64,79,-15,15
40996,153,151,2,2
40997,66,66,0,0
40998,87,89,-2,2
40999,90,91,-1,1
41000,105,106,-1,1
41001,51,47,4,4
41002,148,141,7,7
41003,123,130,-7,7
41004,59,56,3,3
41005,88,81,7,7
41006,91,101,-10,10
41007,77,77,0,0
41008,98,98,0,0
41009,84,89,-5,5
41010,97,100,-3,3
41011,129,115,14,14
41012,158,157,1,1
41013,99,103,-4,4
41014,153,152,1,1
41015,140,138,2,2
41016,97,90,7,7
41017,116,134,-18,18
41018,108,103,5,5
41019,117,118,-1,1
41020,112,112,0,0
41021,70,71,-1,1
41022,117,137,-20,20
41023,186,170,16,16
41024,88,92,-4,4
41025,40,41,-1,1
41026,69,72,-3,3
41027,138,129,9,9
41028,68,72,-4,4
41029,194,169,25,25
41030,141,130,11,11
41031,66,81,-15,15
41032,87,91,-4,4
41033,112,109,3,3
41034,120,109,11,11
41035,117,110,7,7
41036,116,130,-14,14
41037,113,117,-4,4
41038,109,124,-15,15
41039,116,115,1,1
41040,107,103,4,4
41041,156,141,15,15
41042,54,52,2,2
41043,96,95,1,1
41044,116,115,1,1
41045,105,104,1,1
41046,53,42,11,11
41047,146,143,3,3
41048,111,122,-11,11
41049,55,51,4,4
41050,130,128,2,2
41051,89,98,-9,9
41052,99,104,-5,5
41053,101,98,3,3
41054,107,116,-9,9
41055,56,58,-2,2
41056,72,70,2,2
41057,141,132,9,9
41058,49,55,-6,6
41059,50,41,9,9
41060,106,106,0,0
41061,71,73,-2,2
41062,82,101,-19,19
41063,112,109,3,3
41064,114,118,-4,4
41065,91,93,-2,2
41066,79,81,-2,2
41067,87,97,-10,10
41068,72,71,1,1
41069,140,141,-1,1
41070,79,86,-7,7
41071,103,91,12,12
41072,105,104,1,1
41073,80,82,-2,2
41074,63,67,-4,4
41075,89,90,-1,1
41076,58,61,-3,3
41077,71,60,11,11
41078,91,88,3,3
41079,64,58,6,6
41080,134,131,3,3
41081,144,140,4,4
41082,46,67,-21,21
41083,79,86,-7,7
41084,137,128,9,9
41085,71,69,2,2
41086,88,86,2,2
41087,99,94,5,5
41088,77,77,0,0
41089,71,76,-5,5
41090,66,66,0,0
41091,57,60,-3,3
41092,107,107,0,0
41093,157,149,8,8
41094,59,67,-8,8
41095,107,119,-12,12
41096,150,146,4,4
41097,97,112,-15,15
41098,56,56,0,0
41099,122,118,4,4
41100,118,121,-3,3
41101,98,63,35,35
41102,87,102,-15,15
41103,84,77,7,7
41104,67,63,4,4
41105,97,106,-9,9
41106,110,113,-3,3
41107,75,82,-7,7
41108,49,55,-6,6
41109,121,131,-10,10
41110,124,142,-18,18
41111,86,83,3,3
41112,91,97,-6,6
41113,74,69,5,5
41114,87,77,10,10
41115,61,67,-6,6
41116,76,77,-1,1
41117,169,181,-12,12
41118,79,80,-1,1
41119,85,98,-13,13
41120,129,96,33,33
41121,68,70,-2,2
41122,88,110,-22,22
41123,136,121,15,15
41124,81,83,-2,2
41125,143,138,5,5
41126,66,65,1,1
41127,90,94,-4,4
41128,69,68,1,1
41129,129,120,9,9
41130,77,82,-5,5
41131,128,124,4,4
41132,110,113,-3,3
41133,125,124,1,1
41134,82,86,-4,4
41135,147,133,14,14
41136,77,72,5,5
41137,81,70,11,11
41138,91,93,-2,2
41139,106,98,8,8
41140,65,72,-7,7
41141,59,66,-7,7
41142,107,113,-6,6
41143,75,85,-10,10
41144,86,104,-18,18
41145,92,85,7,7
41146,87,89,-2,2
41147,115,126,-11,11
41148,70,73,-3,3
41149,78,64,14,14
41150,77,76,1,1
41151,142,147,-5,5
41152,161,156,5,5
41153,145,133,12,12
41154,102,99,3,3
41155,68,67,1,1
41156,81,89,-8,8
41157,92,92,0,0
41158,91,94,-3,3
41159,87,87,0,0
41160,168,154,14,14
41161,58,60,-2,2
41162,119,103,16,16
41163,55,48,7,7
41164,69,67,2,2
41165,69,73,-4,4
41166,99,105,-6,6
41167,72,74,-2,2
41168,82,87,-5,5
41169,134,135,-1,1
41170,88,82,6,6
41171,61,69,-8,8
41172,77,78,-1,1
41173,106,111,-5,5
41174,89,89,0,0
41175,90,87,3,3
41176,102,107,-5,5
41177,77,72,5,5
41178,63,68,-5,5
41179,76,83,-7,7
41180,67,62,5,5
41181,64,72,-8,8
41182,66,76,-10,10
41183,126,123,3,3
41184,91,99,-8,8
41185,148,120,28,28
41186,111,99,12,12
41187,58,67,-9,9
41188,93,93,0,0
41189,80,78,2,2
41190,173,157,16,16
41191,80,79,1,1
41192,117,114,3,3
41193,69,53,16,16
41194,115,120,-5,5
41195,122,112,10,10
41196,76,75,1,1
41197,89,75,14,14
41198,92,111,-19,19
41199,101,102,-1,1
41200,156,139,17,17
41201,88,83,5,5
41202,61,62,-1,1
41203,80,76,4,4
41204,128,128,0,0
41205,101,92,9,9
41206,114,114,0,0
41207,142,124,18,18
41208,53,51,2,2
41209,138,136,2,2
41210,49,50,-1,1
41211,146,143,3,3
41212,91,92,-1,1
41213,136,141,-5,5
41214,60,67,-7,7
41215,147,141,6,6
41216,86,87,-1,1
41217,71,80,-9,9
41218,127,152,-25,25
41219,62,69,-7,7
41220,109,105,4,4
41221,69,70,-1,1
41222,186,182,4,4
41223,44,47,-3,3
41224,39,38,1,1
41225,89,96,-7,7
41226,113,113,0,0
41227,65,67,-2,2
41228,63,70,-7,7
41229,61,67,-6,6
41230,132,127,5,5
41231,70,77,-7,7
41232,179,160,19,19
41233,103,111,-8,8
41234,118,101,17,17
41235,71,78,-7,7
41236,156,136,20,20
41237,95,89,6,6
41238,108,111,-3,3
41239,92,99,-7,7
41240,125,120,5,5
41241,103,95,8,8
41242,87,75,12,12
41243,57,66,-9,9
41244,95,97,-2,2
41245,207,202,5,5
41246,72,79,-7,7
41247,158,146,12,12
41248,78,83,-5,5
41249,59,63,-4,4
41250,77,71,6,6
41251,78,75,3,3
41252,120,104,16,16
41253,137,127,10,10
41254,71,68,3,3
41255,117,115,2,2
41256,97,109,-12,12
41257,108,109,-1,1
41258,64,71,-7,7
41259,125,115,10,10
41260,57,48,9,9
41261,47,46,1,1
41262,110,97,13,13
41263,173,173,0,0
41264,70,64,6,6
41265,112,106,6,6
41266,69,73,-4,4
41267,95,97,-2,2
41268,50,49,1,1
41269,60,61,-1,1
41270,108,111,-3,3
41271,88,89,-1,1
41272,141,153,-12,12
41273,65,70,-5,5
41274,111,125,-14,14
41275,110,99,11,11
41276,156,132,24,24
41277,70,94,-24,24
41278,77,73,4,4
41279,111,114,-3,3
41280,77,83,-6,6
41281,132,160,-28,28
41282,94,87,7,7
41283,87,93,-6,6
41284,71,81,-10,10
41285,69,80,-11,11
41286,57,62,-5,5
41287,63,66,-3,3
41288,170,163,7,7
41289,99,103,-4,4
41290,91,100,-9,9
41291,75,82,-7,7
41292,155,145,10,10
41293,169,165,4,4
41294,121,121,0,0
41295,56,58,-2,2
41296,73,84,-11,11
41297,142,75,67,67
41298,76,93,-17,17
41299,117,138,-21,21
41300,113,115,-2,2
41301,63,55,8,8
41302,146,139,7,7
41303,71,65,6,6
41304,68,70,-2,2
41305,96,99,-3,3
41306,64,70,-6,6
41307,79,70,9,9
41308,77,78,-1,1
41309,54,59,-5,5
41310,81,85,-4,4
41311,106,118,-12,12
41312,130,117,13,13
41313,63,63,0,0
41314,74,80,-6,6
41315,87,90,-3,3
41316,97,95,2,2
41317,136,149,-13,13
41318,78,71,7,7
41319,114,111,3,3
41320,172,189,-17,17
41321,69,93,-24,24
41322,55,53,2,2
41323,68,66,2,2
41324,84,79,5,5
41325,64,65,-1,1
41326,44,43,1,1
41327,98,100,-2,2
41328,118,124,-6,6
41329,115,109,6,6
41330,151,151,0,0
41331,66,70,-4,4
41332,150,131,19,19
41333,94,90,4,4
41334,83,93,-10,10
41335,138,126,12,12
41336,96,98,-2,2
41337,117,117,0,0
41338,32,32,0,0
41339,167,159,8,8
41340,162,146,16,16
41341,120,127,-7,7
41342,84,92,-8,8
41343,64,63,1,1
41344,147,157,-10,10
41345,74,79,-5,5
41346,42,55,-13,13
41347,65,75,-10,10
41348,87,67,20,20
41349,101,114,-13,13
41350,64,65,-1,1
41351,54,63,-9,9
41352,99,103,-4,4
41353,60,69,-9,9
41354,62,63,-1,1
41355,134,125,9,9
41356,79,83,-4,4
41357,74,74,0,0
41358,103,105,-2,2
41359,160,162,-2,2
41360,103,109,-6,6
41361,96,93,3,3
41362,66,58,8,8
41363,72,66,6,6
41364,69,76,-7,7
41365,115,120,-5,5
41366,74,76,-2,2
41367,47,52,-5,5
41368,116,102,14,14
41369,75,92,-17,17
41370,74,97,-23,23
41371,138,133,5,5
41372,83,84,-1,1
41373,78,83,-5,5
41374,144,132,12,12
41375,94,94,0,0
41376,91,91,0,0
41377,97,107,-10,10
41378,79,87,-8,8
41379,87,87,0,0
41380,50,57,-7,7
41381,61,60,1,1
41382,66,83,-17,17
41383,83,84,-1,1
41384,69,63,6,6
41385,117,101,16,16
41386,123,116,7,7
41387,152,124,28,28
41388,53,51,2,2
41389,41,51,-10,10
41390,120,106,14,14
41391,50,53,-3,3
41392,103,103,0,0
41393,59,77,-18,18
41394,146,152,-6,6
41395,74,69,5,5
41396,119,126,-7,7
41397,100,102,-2,2
41398,109,94,15,15
41399,140,128,12,12
41400,104,107,-3,3
41401,118,128,-10,10
41402,129,119,10,10
41403,62,61,1,1
41404,80,89,-9,9
41405,67,79,-12,12
41406,45,49,-4,4
41407,111,110,1,1
41408,110,116,-6,6
41409,68,75,-7,7
41410,84,95,-11,11
41411,132,118,14,14
41412,67,63,4,4
41413,66,71,-5,5
41414,53,69,-16,16
41415,88,94,-6,6
41416,115,122,-7,7
41417,142,145,-3,3
41418,134,132,2,2
41419,108,107,1,1
41420,63,66,-3,3
41421,68,59,9,9
41422,96,80,16,16
41423,73,78,-5,5
41424,88,99,-11,11
41425,107,104,3,3
41426,114,132,-18,18
41427,132,128,4,4
41428,64,72,-8,8
41429,73,69,4,4
41430,109,104,5,5
41431,65,64,1,1
41432,138,106,32,32
41433,103,103,0,0
41434,132,131,1,1
41435,67,67,0,0
41436,70,80,-10,10
41437,114,125,-11,11
41438,54,59,-5,5
41439,87,83,4,4
41440,57,66,-9,9
41441,163,162,1,1
41442,83,90,-7,7
41443,48,47,1,1
41444,62,71,-9,9
41445,110,97,13,13
41446,64,66,-2,2
41447,154,147,7,7
41448,119,118,1,1
41449,81,88,-7,7
41450,76,69,7,7
41451,125,114,11,11
41452,82,83,-1,1
41453,140,138,2,2
41454,58,55,3,3
41455,90,90,0,0
41456,94,96,-2,2
41457,70,77,-7,7
41458,126,132,-6,6
41459,42,40,2,2
41460,96,94,2,2
41461,144,127,17,17
41462,84,75,9,9
41463,91,82,9,9
41464,89,84,5,5
41465,68,71,-3,3
41466,74,77,-3,3
41467,73,73,0,0
41468,95,91,4,4
41469,141,119,22,22
41470,144,138,6,6
41471,115,124,-9,9
41472,126,121,5,5
41473,81,77,4,4
41474,70,71,-1,1
41475,101,101,0,0
41476,36,39,-3,3
41477,103,85,18,18
41478,50,56,-6,6
41479,108,101,7,7
41480,168,176,-8,8
41481,89,105,-16,16
41482,128,127,1,1
41483,87,80,7,7
41484,72,59,13,13
41485,166,165,1,1
41486,75,73,2,2
41487,116,125,-9,9
41488,66,63,3,3
41489,89,89,0,0
41490,72,80,-8,8
41491,103,114,-11,11
41492,82,80,2,2
41493,108,111,-3,3
41494,115,104,11,11
41495,154,173,-19,19
41496,96,98,-2,2
41497,70,72,-2,2
41498,105,105,0,0
41499,103,103,0,0
41500,80,89,-9,9
41501,167,130,37,37
41502,131,127,4,4
41503,87,89,-2,2
41504,83,82,1,1
41505,221,205,16,16
41506,67,66,1,1
41507,114,117,-3,3
41508,88,86,2,2
41509,80,73,7,7
41510,183,175,8,8
41511,67,78,-11,11
41512,172,159,13,13
41513,56,52,4,4
41514,60,51,9,9
41515,60,61,-1,1
41516,77,87,-10,10
41517,85,79,6,6
41518,64,70,-6,6
41519,88,102,-14,14
41520,143,141,2,2
41521,148,150,-2,2
41522,73,74,-1,1
41523,97,103,-6,6
41524,85,95,-10,10
41525,62,58,4,4
41526,82,79,3,3
41527,63,58,5,5
41528,55,54,1,1
41529,133,128,5,5
41530,96,93,3,3
41531,98,102,-4,4
41532,67,66,1,1
41533,104,109,-5,5
41534,118,157,-39,39
41535,83,92,-9,9
41536,110,111,-1,1
41537,138,130,8,8
41538,79,72,7,7
41539,75,65,10,10
41540,67,68,-1,1
41541,59,59,0,0
41542,63,55,8,8
41543,125,122,3,3
41544,156,160,-4,4
41545,88,83,5,5
41546,106,107,-1,1
41547,88,81,7,7
41548,126,126,0,0
41549,71,83,-12,12
41550,109,107,2,2
41551,61,97,-36,36
41552,100,110,-10,10
41553,157,139,18,18
41554,168,162,6,6
41555,110,108,2,2
41556,92,93,-1,1
41557,118,128,-10,10
41558,159,155,4,4
41559,67,68,-1,1
41560,78,89,-11,11
41561,93,83,10,10
41562,76,71,5,5
41563,156,151,5,5
41564,63,73,-10,10
41565,87,87,0,0
41566,79,79,0,0
41567,56,56,0,0
41568,65,65,0,0
41569,99,106,-7,7
41570,90,84,6,6
41571,108,113,-5,5
41572,59,60,-1,1
41573,48,77,-29,29
41574,73,77,-4,4
41575,111,101,10,10
41576,69,71,-2,2
41577,149,127,22,22
41578,87,82,5,5
41579,87,81,6,6
41580,85,86,-1,1
41581,112,96,16,16
41582,78,100,-22,22
41583,74,78,-4,4
41584,85,87,-2,2
41585,77,84,-7,7
41586,113,115,-2,2
41587,106,102,4,4
41588,61,71,-10,10
41589,82,96,-14,14
41590,115,115,0,0
41591,51,53,-2,2
41592,109,93,16,16
41593,61,58,3,3
41594,60,68,-8,8
41595,129,115,14,14
41596,152,143,9,9
41597,90,85,5,5
41598,204,186,18,18
41599,95,92,3,3
41600,81,90,-9,9
41601,75,72,3,3
41602,95,92,3,3
41603,108,123,-15,15
41604,140,124,16,16
41605,47,41,6,6
41606,92,84,8,8
41607,127,131,-4,4
41608,64,74,-10,10
41609,86,78,8,8
41610,83,80,3,3
41611,86,99,-13,13
41612,110,108,2,2
41613,128,133,-5,5
41614,152,160,-8,8
41615,106,109,-3,3
41616,71,66,5,5
41617,70,77,-7,7
41618,71,69,2,2
41619,80,78,2,2
41620,10,18,-8,8
41621,95,85,10,10
41622,88,80,8,8
41623,55,47,8,8
41624,96,82,14,14
41625,114,102,12,12
41626,113,107,6,6
41627,115,108,7,7
41628,50,55,-5,5
41629,130,146,-16,16
41630,130,125,5,5
41631,85,85,0,0
41632,72,68,4,4
41633,177,168,9,9
41634,90,98,-8,8
41635,131,142,-11,11
41636,68,74,-6,6
41637,46,52,-6,6
41638,96,99,-3,3
41639,161,147,14,14
41640,60,62,-2,2
41641,73,74,-1,1
41642,50,52,-2,2
41643,60,54,6,6
41644,122,121,1,1
41645,136,134,2,2
41646,90,84,6,6
41647,131,126,5,5
41648,95,89,6,6
41649,66,70,-4,4
41650,105,117,-12,12
41651,82,81,1,1
41652,107,110,-3,3
41653,61,58,3,3
41654,136,128,8,8
41655,128,154,-26,26
41656,66,75,-9,9
41657,125,125,0,0
41658,69,67,2,2
41659,68,82,-14,14
41660,84,89,-5,5
41661,47,51,-4,4
41662,77,78,-1,1
41663,113,107,6,6
41664,155,155,0,0
41665,88,97,-9,9
41666,76,75,1,1
41667,104,154,-50,50
41668,43,46,-3,3
41669,69,73,-4,4
41670,94,114,-20,20
41671,121,120,1,1
41672,178,161,17,17
41673,69,63,6,6
41674,113,119,-6,6
41675,118,112,6,6
41676,86,82,4,4
41677,71,76,-5,5
41678,112,104,8,8
41679,114,103,11,11
41680,68,63,5,5
41681,75,78,-3,3
41682,103,95,8,8
41683,71,66,5,5
41684,57,55,2,2
41685,88,87,1,1
41686,165,153,12,12
41687,79,66,13,13
41688,133,137,-4,4
41689,125,125,0,0
41690,91,111,-20,20
41691,117,119,-2,2
41692,108,102,6,6
41693,101,105,-4,4
41694,61,58,3,3
41695,170,157,13,13
41696,152,146,6,6
41697,86,88,-2,2
41698,89,90,-1,1
41699,137,123,14,14
41700,107,107,0,0
41701,145,128,17,17
41702,152,154,-2,2
41703,89,73,16,16
41704,81,86,-5,5
41705,102,106,-4,4
41706,85,89,-4,4
41707,70,71,-1,1
41708,85,89,-4,4
41709,105,111,-6,6
41710,79,64,15,15
41711,55,66,-11,11
41712,94,91,3,3
41713,49,56,-7,7
41714,42,42,0,0
41715,302,325,-23,23
41716,116,109,7,7
41717,68,69,-1,1
41718,81,79,2,2
41719,98,109,-11,11
41720,120,105,15,15
41721,135,134,1,1
41722,85,91,-6,6
41723,76,83,-7,7
41724,125,125,0,0
41725,26,27,-1,1
41726,111,96,15,15
41727,152,137,15,15
41728,85,86,-1,1
41729,99,104,-5,5
41730,98,91,7,7
41731,99,102,-3,3
41732,81,73,8,8
41733,98,105,-7,7
41734,101,87,14,14
41735,64,69,-5,5
41736,185,181,4,4
41737,97,97,0,0
41738,93,102,-9,9
41739,65,71,-6,6
41740,89,92,-3,3
41741,53,59,-6,6
41742,96,96,0,0
41743,133,130,3,3
41744,149,136,13,13
41745,155,141,14,14
41746,86,86,0,0
41747,64,64,0,0
41748,133,122,11,11
41749,119,133,-14,14
41750,70,78,-8,8
41751,57,52,5,5
41752,56,62,-6,6
41753,55,56,-1,1
41754,57,64,-7,7
41755,106,111,-5,5
41756,85,95,-10,10
41757,80,68,12,12
41758,71,87,-16,16
41759,79,94,-15,15
41760,72,79,-7,7
41761,67,60,7,7
41762,200,178,22,22
41763,55,60,-5,5
41764,103,108,-5,5
41765,80,78,2,2
41766,113,119,-6,6
41767,34,68,-34,34
41768,77,83,-6,6
41769,145,143,2,2
41770,143,147,-4,4
41771,100,96,4,4
41772,53,49,4,4
41773,61,94,-33,33
41774,109,117,-8,8
41775,86,74,12,12
41776,72,75,-3,3
41777,86,86,0,0
41778,115,130,-15,15
41779,74,79,-5,5
41780,85,87,-2,2
41781,97,94,3,3
41782,111,108,3,3
41783,63,78,-15,15
41784,104,108,-4,4
41785,101,108,-7,7
41786,110,106,4,4
41787,72,76,-4,4
41788,128,127,1,1
41789,74,86,-12,12
41790,108,94,14,14
41791,110,114,-4,4
41792,68,70,-2,2
41793,41,38,3,3
41794,153,154,-1,1
41795,115,110,5,5
41796,58,73,-15,15
41797,45,64,-19,19
41798,92,84,8,8
41799,57,58,-1,1
41800,125,107,18,18
41801,82,90,-8,8
41802,61,66,-5,5
41803,148,135,13,13
41804,72,71,1,1
41805,108,109,-1,1
41806,97,103,-6,6
41807,134,121,13,13
41808,50,50,0,0
41809,66,71,-5,5
41810,61,55,6,6
41811,91,95,-4,4
41812,133,130,3,3
41813,131,111,20,20
41814,67,75,-8,8
41815,112,120,-8,8
41816,100,113,-13,13
41817,193,175,18,18
41818,90,95,-5,5
41819,77,72,5,5
41820,80,84,-4,4
41821,117,114,3,3
41822,87,92,-5,5
41823,64,69,-5,5
41824,61,60,1,1
41825,120,123,-3,3
41826,119,124,-5,5
41827,137,126,11,11
41828,54,50,4,4
41829,162,136,26,26
41830,152,151,1,1
41831,69,59,10,10
41832,80,89,-9,9
41833,92,99,-7,7
41834,96,94,2,2
41835,107,118,-11,11
41836,71,74,-3,3
41837,83,88,-5,5
41838,89,99,-10,10
41839,121,121,0,0
41840,81,84,-3,3
41841,112,117,-5,5
41842,147,127,20,20
41843,62,65,-3,3
41844,129,121,8,8
41845,74,82,-8,8
41846,168,143,25,25
41847,47,46,1,1
41848,128,130,-2,2
41849,49,47,2,2
41850,56,58,-2,2
41851,89,91,-2,2
41852,67,65,2,2
41853,68,69,-1,1
41854,114,121,-7,7
41855,137,148,-11,11
41856,122,123,-1,1
41857,74,77,-3,3
41858,67,62,5,5
41859,129,125,4,4
41860,139,141,-2,2
41861,62,66,-4,4
41862,100,92,8,8
41863,88,90,-2,2
41864,64,55,9,9
41865,92,85,7,7
41866,119,131,-12,12
41867,81,89,-8,8
41868,59,54,5,5
41869,106,102,4,4
41870,94,86,8,8
41871,112,102,10,10
41872,80,90,-10,10
41873,101,114,-13,13
41874,135,132,3,3
41875,135,124,11,11
41876,104,92,12,12
41877,85,79,6,6
41878,176,163,13,13
41879,79,83,-4,4
41880,69,64,5,5
41881,41,38,3,3
41882,47,45,2,2
41883,67,72,-5,5
41884,69,78,-9,9
41885,51,57,-6,6
41886,73,79,-6,6
41887,108,97,11,11
41888,47,42,5,5
41889,120,143,-23,23
41890,117,109,8,8
41891,91,100,-9,9
41892,110,115,-5,5
41893,82,84,-2,2
41894,97,97,0,0
41895,92,93,-1,1
41896,72,67,5,5
41897,74,62,12,12
41898,80,94,-14,14
41899,49,49,0,0
41900,133,133,0,0
41901,85,90,-5,5
41902,116,117,-1,1
41903,72,71,1,1
41904,125,124,1,1
41905,91,91,0,0
41906,103,102,1,1
41907,110,113,-3,3
41908,102,113,-11,11
41909,111,104,7,7
41910,50,64,-14,14
41911,50,45,5,5
41912,106,99,7,7
41913,79,80,-1,1
41914,138,132,6,6
41915,110,118,-8,8
41916,59,65,-6,6
41917,72,70,2,2
41918,190,172,18,18
41919,93,98,-5,5
41920,47,41,6,6
41921,46,57,-11,11
41922,135,128,7,7
41923,56,68,-12,12
41924,67,69,-2,2
41925,101,107,-6,6
41926,78,72,6,6
41927,61,77,-16,16
41928,43,59,-16,16
41929,142,132,10,10
41930,88,92,-4,4
41931,119,122,-3,3
41932,146,133,13,13
41933,93,92,1,1
41934,109,125,-16,16
41935,105,104,1,1
41936,98,106,-8,8
41937,75,73,2,2
41938,78,83,-5,5
41939,101,116,-15,15
41940,88,101,-13,13
41941,133,124,9,9
41942,66,65,1,1
41943,101,99,2,2
41944,94,107,-13,13
41945,86,71,15,15
41946,95,91,4,4
41947,96,106,-10,10
41948,83,88,-5,5
41949,119,114,5,5
41950,116,119,-3,3
41951,92,95,-3,3
41952,89,99,-10,10
41953,215,221,-6,6
41954,96,96,0,0
41955,138,120,18,18
41956,73,75,-2,2
41957,72,75,-3,3
41958,83,85,-2,2
41959,119,113,6,6
41960,83,84,-1,1
41961,140,155,-15,15
41962,164,155,9,9
41963,105,102,3,3
41964,109,100,9,9
41965,100,97,3,3
41966,95,98,-3,3
41967,85,74,11,11
41968,83,86,-3,3
41969,148,140,8,8
41970,95,107,-12,12
41971,110,124,-14,14
41972,104,120,-16,16
41973,125,130,-5,5
41974,110,126,-16,16
41975,109,107,2,2
41976,87,81,6,6
41977,166,150,16,16
41978,68,81,-13,13
41979,104,89,15,15
41980,127,112,15,15
41981,60,65,-5,5
41982,106,93,13,13
41983,58,61,-3,3
41984,59,58,1,1
41985,98,100,-2,2
41986,150,148,2,2
41987,107,121,-14,14
41988,75,81,-6,6
41989,95,101,-6,6
41990,82,88,-6,6
41991,101,92,9,9
41992,63,73,-10,10
41993,81,66,15,15
41994,60,65,-5,5
41995,121,114,7,7
41996,110,100,10,10
41997,73,80,-7,7
41998,62,78,-16,16
41999,66,68,-2,2
42000,87,96,-9,9
42001,130,140,-10,10
42002,84,94,-10,10
42003,142,167,-25,25
42004,61,67,-6,6
42005,109,114,-5,5
42006,147,148,-1,1
42007,37,56,-19,19
42008,246,189,57,57
42009,61,69,-8,8
42010,111,105,6,6
42011,92,109,-17,17
42012,133,143,-10,10
42013,161,154,7,7
42014,128,135,-7,7
42015,73,65,8,8
42016,115,118,-3,3
42017,159,150,9,9
42018,75,74,1,1
42019,85,96,-11,11
42020,79,83,-4,4
42021,103,101,2,2
42022,109,119,-10,10
42023,89,94,-5,5
42024,158,153,5,5
42025,86,89,-3,3
42026,114,97,17,17
42027,145,137,8,8
42028,83,78,5,5
42029,142,142,0,0
42030,48,55,-7,7
42031,69,71,-2,2
42032,90,103,-13,13
42033,152,139,13,13
42034,72,86,-14,14
42035,93,93,0,0
42036,59,54,5,5
42037,142,142,0,0
42038,95,86,9,9
42039,152,136,16,16
42040,87,90,-3,3
42041,79,70,9,9
42042,80,86,-6,6
42043,89,91,-2,2
42044,74,72,2,2
42045,78,77,1,1
42046,100,98,2,2
42047,92,97,-5,5
42048,135,133,2,2
42049,112,111,1,1
42050,109,116,-7,7
42051,86,81,5,5
42052,80,81,-1,1
42053,92,105,-13,13
42054,93,107,-14,14
42055,111,113,-2,2
42056,64,63,1,1
42057,96,79,17,17
42058,79,90,-11,11
42059,148,159,-11,11
42060,74,83,-9,9
42061,91,86,5,5
42062,85,83,2,2
42063,104,102,2,2
42064,132,130,2,2
42065,75,86,-11,11
42066,175,178,-3,3
42067,77,78,-1,1
42068,92,94,-2,2
42069,150,143,7,7
42070,35,48,-13,13
42071,79,80,-1,1
42072,57,56,1,1
42073,70,61,9,9
42074,117,127,-10,10
42075,84,78,6,6
42076,51,63,-12,12
42077,88,110,-22,22
42078,83,92,-9,9
42079,89,76,13,13
42080,79,80,-1,1
42081,76,83,-7,7
42082,50,57,-7,7
42083,102,107,-5,5
42084,111,127,-16,16
42085,82,90,-8,8
42086,114,136,-22,22
42087,99,78,21,21
42088,111,104,7,7
42089,99,107,-8,8
42090,68,67,1,1
42091,159,139,20,20
42092,78,76,2,2
42093,43,43,0,0
42094,64,64,0,0
42095,77,82,-5,5
42096,38,40,-2,2
42097,39,37,2,2
42098,87,99,-12,12
42099,89,85,4,4
42100,101,97,4,4
42101,115,115,0,0
42102,101,98,3,3
42103,52,55,-3,3
42104,68,75,-7,7
42105,57,55,2,2
42106,97,93,4,4
42107,80,92,-12,12
42108,95,98,-3,3
42109,155,146,9,9
42110,74,83,-9,9
42111,104,101,3,3
42112,63,71,-8,8
42113,28,26,2,2
42114,96,94,2,2
42115,104,110,-6,6
42116,118,119,-1,1
42117,81,75,6,6
42118,58,60,-2,2
42119,85,91,-6,6
42120,59,69,-10,10
42121,91,111,-20,20
42122,120,114,6,6
42123,58,43,15,15
42124,89,85,4,4
42125,101,116,-15,15
42126,89,89,0,0
42127,68,57,11,11
42128,122,113,9,9
42129,71,82,-11,11
42130,71,74,-3,3
42131,75,112,-37,37
42132,130,138,-8,8
42133,103,108,-5,5
42134,114,115,-1,1
42135,145,141,4,4
42136,108,101,7,7
42137,102,103,-1,1
42138,107,106,1,1
42139,97,97,0,0
42140,94,87,7,7
42141,70,73,-3,3
42142,91,92,-1,1
42143,92,101,-9,9
42144,60,66,-6,6
42145,83,85,-2,2
42146,92,83,9,9
42147,106,101,5,5
42148,47,60,-13,13
42149,72,74,-2,2
42150,137,127,10,10
42151,69,69,0,0
42152,69,60,9,9
42153,123,128,-5,5
42154,77,84,-7,7
42155,74,69,5,5
42156,144,142,2,2
42157,132,135,-3,3
42158,109,97,12,12
42159,93,100,-7,7
42160,56,59,-3,3
42161,125,121,4,4
42162,54,62,-8,8
42163,127,114,13,13
42164,96,109,-13,13
42165,106,100,6,6
42166,98,103,-5,5
42167,97,88,9,9
42168,65,66,-1,1
42169,91,83,8,8
42170,90,98,-8,8
42171,135,122,13,13
42172,109,124,-15,15
42173,101,108,-7,7
42174,80,81,-1,1
42175,105,110,-5,5
42176,64,61,3,3
42177,155,152,3,3
42178,119,129,-10,10
42179,76,68,8,8
42180,122,118,4,4
42181,59,64,-5,5
42182,63,65,-2,2
42183,92,98,-6,6
42184,101,103,-2,2
42185,100,94,6,6
42186,88,101,-13,13
42187,98,95,3,3
42188,153,138,15,15
42189,92,90,2,2
42190,76,68,8,8
42191,110,99,11,11
42192,86,91,-5,5
42193,130,140,-10,10
42194,126,126,0,0
42195,78,74,4,4
42196,77,78,-1,1
42197,104,114,-10,10
42198,126,148,-22,22
42199,79,77,2,2
42200,117,132,-15,15
42201,45,48,-3,3
42202,100,106,-6,6
42203,83,63,20,20
42204,134,126,8,8
42205,83,80,3,3
42206,90,104,-14,14
42207,86,84,2,2
42208,89,87,2,2
42209,60,67,-7,7
42210,78,82,-4,4
42211,120,118,2,2
42212,72,77,-5,5
42213,104,100,4,4
42214,188,171,17,17
42215,93,95,-2,2
42216,159,149,10,10
42217,80,79,1,1
42218,96,97,-1,1
42219,114,119,-5,5
42220,113,114,-1,1
42221,62,72,-10,10
42222,140,146,-6,6
42223,157,148,9,9
42224,61,68,-7,7
42225,95,110,-15,15
42226,130,126,4,4
42227,134,140,-6,6
42228,84,92,-8,8
42229,83,82,1,1
42230,96,98,-2,2
42231,85,80,5,5
42232,117,121,-4,4
42233,49,55,-6,6
42234,55,53,2,2
42235,116,95,21,21
42236,65,68,-3,3
42237,86,80,6,6
42238,58,77,-19,19
42239,55,49,6,6
42240,109,102,7,7
42241,109,99,10,10
42242,115,103,12,12
42243,131,111,20,20
42244,79,76,3,3
42245,74,75,-1,1
42246,114,109,5,5
42247,125,118,7,7
42248,90,86,4,4
42249,81,85,-4,4
42250,109,110,-1,1
42251,90,82,8,8
42252,58,38,20,20
42253,67,70,-3,3
42254,88,77,11,11
42255,71,94,-23,23
42256,118,129,-11,11
42257,109,112,-3,3
42258,75,98,-23,23
42259,38,43,-5,5
42260,173,160,13,13
42261,153,156,-3,3
42262,66,60,6,6
42263,58,59,-1,1
42264,44,47,-3,3
42265,86,74,12,12
42266,100,99,1,1
42267,86,90,-4,4
42268,106,107,-1,1
42269,80,81,-1,1
42270,84,84,0,0
42271,76,76,0,0
42272,96,93,3,3
42273,90,91,-1,1
42274,116,130,-14,14
42275,196,171,25,25
42276,103,105,-2,2
42277,95,99,-4,4
42278,68,66,2,2
42279,96,90,6,6
42280,109,100,9,9
42281,86,91,-5,5
42282,174,170,4,4
42283,78,84,-6,6
42284,47,52,-5,5
42285,96,97,-1,1
42286,92,91,1,1
42287,79,66,13,13
42288,85,83,2,2
42289,113,122,-9,9
42290,96,105,-9,9
42291,80,82,-2,2
42292,43,40,3,3
42293,93,102,-9,9
42294,63,77,-14,14
42295,96,91,5,5
42296,103,100,3,3
42297,53,58,-5,5
42298,99,97,2,2
42299,79,80,-1,1
42300,70,72,-2,2
42301,106,101,5,5
42302,104,152,-48,48
42303,141,137,4,4
42304,99,88,11,11
42305,96,103,-7,7
42306,55,49,6,6
42307,99,102,-3,3
42308,116,114,2,2
42309,64,93,-29,29
42310,152,138,14,14
42311,63,72,-9,9
42312,78,72,6,6
42313,123,141,-18,18
42314,126,130,-4,4
42315,79,75,4,4
42316,92,81,11,11
42317,94,105,-11,11
42318,200,193,7,7
42319,157,161,-4,4
42320,80,82,-2,2
42321,57,61,-4,4
42322,141,136,5,5
42323,60,68,-8,8
42324,85,85,0,0
42325,54,47,7,7
42326,159,161,-2,2
42327,150,137,13,13
42328,87,79,8,8
42329,47,61,-14,14
42330,96,94,2,2
42331,82,81,1,1
42332,74,55,19,19
42333,120,123,-3,3
42334,109,91,18,18
42335,86,95,-9,9
42336,129,122,7,7
42337,196,172,24,24
42338,178,168,10,10
42339,105,100,5,5
42340,61,51,10,10
42341,67,70,-3,3
42342,109,116,-7,7
42343,111,125,-14,14
42344,52,49,3,3
42345,89,82,7,7
42346,71,97,-26,26
42347,111,119,-8,8
42348,40,33,7,7
42349,79,87,-8,8
42350,99,95,4,4
42351,96,101,-5,5
42352,63,55,8,8
42353,103,123,-20,20
42354,97,110,-13,13
42355,90,97,-7,7
42356,119,103,16,16
42357,176,168,8,8
42358,97,107,-10,10
42359,131,155,-24,24
42360,86,78,8,8
42361,77,73,4,4
42362,84,84,0,0
42363,70,64,6,6
42364,109,109,0,0
42365,121,119,2,2
42366,125,146,-21,21
42367,150,135,15,15
42368,103,103,0,0
42369,151,137,14,14
42370,58,62,-4,4
42371,64,62,2,2
42372,122,124,-2,2
42373,104,99,5,5
42374,92,90,2,2
42375,100,103,-3,3
42376,142,131,11,11
42377,93,90,3,3
42378,120,122,-2,2
42379,75,81,-6,6
42380,106,111,-5,5
42381,60,70,-10,10
42382,83,89,-6,6
42383,98,101,-3,3
42384,56,51,5,5
42385,37,35,2,2
42386,97,86,11,11
42387,152,151,1,1
42388,97,93,4,4
42389,76,72,4,4
42390,80,92,-12,12
42391,56,58,-2,2
42392,108,108,0,0
42393,128,112,16,16
42394,117,112,5,5
42395,103,103,0,0
42396,31,27,4,4
42397,84,81,3,3
42398,92,92,0,0
42399,115,128,-13,13
42400,128,127,1,1
42401,128,135,-7,7
42402,75,85,-10,10
42403,72,106,-34,34
42404,95,95,0,0
42405,56,58,-2,2
42406,83,101,-18,18
42407,97,104,-7,7
42408,109,105,4,4
42409,126,117,9,9
42410,135,139,-4,4
42411,75,80,-5,5
42412,73,65,8,8
42413,89,68,21,21
42414,94,100,-6,6
42415,81,81,0,0
42416,78,78,0,0
42417,79,73,6,6
42418,78,81,-3,3
42419,105,106,-1,1
42420,112,114,-2,2
42421,75,71,4,4
42422,98,99,-1,1
42423,94,95,-1,1
42424,56,71,-15,15
42425,92,82,10,10
42426,68,71,-3,3
42427,104,100,4,4
42428,144,133,11,11
42429,50,60,-10,10
42430,51,50,1,1
42431,61,72,-11,11
42432,83,95,-12,12
42433,28,34,-6,6
42434,99,108,-9,9
42435,83,87,-4,4
42436,162,157,5,5
42437,104,108,-4,4
42438,88,91,-3,3
42439,95,96,-1,1
42440,116,117,-1,1
42441,144,133,11,11
42442,69,51,18,18
42443,102,106,-4,4
42444,116,118,-2,2
42445,61,65,-4,4
42446,108,114,-6,6
42447,55,58,-3,3
42448,142,137,5,5
42449,156,165,-9,9
42450,129,116,13,13
42451,180,165,15,15
42452,111,117,-6,6
42453,179,165,14,14
42454,89,101,-12,12
42455,114,117,-3,3
42456,96,80,16,16
42457,117,118,-1,1
42458,64,51,13,13
42459,57,59,-2,2
42460,54,60,-6,6
42461,95,89,6,6
42462,89,52,37,37
42463,109,99,10,10
42464,76,81,-5,5
42465,67,70,-3,3
42466,65,66,-1,1
42467,76,91,-15,15
42468,92,87,5,5
42469,92,98,-6,6
42470,74,73,1,1
42471,92,88,4,4
42472,80,66,14,14
42473,89,100,-11,11
42474,43,49,-6,6
42475,69,77,-8,8
42476,88,93,-5,5
42477,84,94,-10,10
42478,115,109,6,6
42479,56,48,8,8
42480,95,109,-14,14
42481,80,91,-11,11
42482,80,80,0,0
42483,98,98,0,0
42484,49,52,-3,3
42485,91,96,-5,5
42486,64,66,-2,2
42487,53,60,-7,7
42488,85,78,7,7
42489,98,94,4,4
42490,100,92,8,8
42491,69,71,-2,2
42492,48,58,-10,10
42493,105,101,4,4
42494,163,150,13,13
42495,150,153,-3,3
42496,85,89,-4,4
42497,128,125,3,3
42498,99,111,-12,12
42499,103,97,6,6
42500,128,121,7,7
42501,107,114,-7,7
42502,55,66,-11,11
42503,84,89,-5,5
42504,90,101,-11,11
42505,90,93,-3,3
42506,72,67,5,5
42507,91,98,-7,7
42508,87,100,-13,13
42509,84,54,30,30
42510,42,44,-2,2
42511,65,63,2,2
42512,131,128,3,3
42513,48,57,-9,9
42514,109,100,9,9
42515,85,103,-18,18
42516,66,61,5,5
42517,83,92,-9,9
42518,46,56,-10,10
42519,141,131,10,10
42520,59,63,-4,4
42521,87,87,0,0
42522,84,88,-4,4
42523,86,101,-15,15
42524,127,125,2,2
42525,111,123,-12,12
42526,102,110,-8,8
42527,65,70,-5,5
42528,70,71,-1,1
42529,61,69,-8,8
42530,104,110,-6,6
42531,111,116,-5,5
42532,202,215,-13,13
42533,100,96,4,4
42534,136,145,-9,9
42535,35,42,-7,7
42536,40,41,-1,1
42537,115,114,1,1
42538,116,119,-3,3
42539,72,59,13,13
42540,108,115,-7,7
42541,106,124,-18,18
42542,62,63,-1,1
42543,127,115,12,12
42544,94,90,4,4
42545,89,86,3,3
42546,70,73,-3,3
42547,72,77,-5,5
42548,98,92,6,6
42549,96,95,1,1
42550,108,117,-9,9
42551,142,124,18,18
42552,77,73,4,4
42553,67,71,-4,4
42554,81,93,-12,12
42555,54,50,4,4
42556,124,119,5,5
42557,110,131,-21,21
42558,101,98,3,3
42559,86,94,-8,8
42560,117,115,2,2
42561,111,108,3,3
42562,136,126,10,10
42563,78,80,-2,2
42564,62,76,-14,14
42565,231,193,38,38
42566,180,174,6,6
42567,91,95,-4,4
42568,134,134,0,0
42569,80,86,-6,6
42570,100,106,-6,6
42571,123,122,1,1
42572,109,106,3,3
42573,70,73,-3,3
42574,57,56,1,1
42575,148,136,12,12
42576,76,72,4,4
42577,70,73,-3,3
42578,82,84,-2,2
42579,102,105,-3,3
42580,198,186,12,12
42581,56,59,-3,3
42582,94,101,-7,7
42583,97,101,-4,4
42584,103,94,9,9
42585,81,80,1,1
42586,102,101,1,1
42587,85,81,4,4
42588,165,151,14,14
42589,50,58,-8,8
42590,124,117,7,7
42591,101,97,4,4
42592,79,83,-4,4
42593,138,149,-11,11
42594,191,153,38,38
42595,162,155,7,7
42596,126,123,3,3
42597,103,105,-2,2
42598,49,44,5,5
42599,113,113,0,0
42600,100,103,-3,3
42601,118,118,0,0
42602,117,128,-11,11
42603,84,88,-4,4
42604,110,103,7,7
42605,128,116,12,12
42606,105,94,11,11
42607,59,41,18,18
42608,91,89,2,2
42609,68,59,9,9
42610,72,81,-9,9
42611,135,137,-2,2
42612,79,92,-13,13
42613,107,109,-2,2
42614,30,28,2,2
42615,70,69,1,1
42616,105,106,-1,1
42617,92,97,-5,5
42618,177,171,6,6
42619,84,87,-3,3
42620,67,90,-23,23
42621,150,139,11,11
42622,65,92,-27,27
42623,69,79,-10,10
42624,94,90,4,4
42625,87,85,2,2
42626,73,84,-11,11
42627,70,79,-9,9
42628,93,81,12,12
42629,110,119,-9,9
42630,87,78,9,9
42631,109,116,-7,7
42632,71,81,-10,10
42633,103,102,1,1
42634,152,146,6,6
42635,70,76,-6,6
42636,125,115,10,10
42637,91,98,-7,7
42638,172,162,10,10
42639,60,69,-9,9
42640,99,139,-40,40
42641,61,61,0,0
42642,91,97,-6,6
42643,94,85,9,9
42644,135,128,7,7
42645,43,57,-14,14
42646,83,85,-2,2
42647,93,90,3,3
42648,116,115,1,1
42649,131,106,25,25
42650,140,144,-4,4
42651,101,105,-4,4
42652,160,143,17,17
42653,157,150,7,7
42654,147,171,-24,24
42655,151,149,2,2
42656,162,158,4,4
42657,52,108,-56,56
42658,77,62,15,15
42659,86,82,4,4
42660,86,89,-3,3
42661,91,86,5,5
42662,118,113,5,5
42663,103,102,1,1
42664,103,108,-5,5
42665,74,81,-7,7
42666,119,113,6,6
42667,89,86,3,3
42668,107,100,7,7
42669,109,145,-36,36
42670,85,91,-6,6
42671,70,72,-2,2
42672,86,82,4,4
42673,105,106,-1,1
42674,98,105,-7,7
42675,75,75,0,0
42676,50,56,-6,6
42677,67,71,-4,4
42678,76,76,0,0
42679,80,87,-7,7
42680,124,133,-9,9
42681,60,74,-14,14
42682,73,71,2,2
42683,52,54,-2,2
42684,102,102,0,0
42685,29,19,10,10
42686,66,78,-12,12
42687,80,75,5,5
42688,76,74,2,2
42689,107,104,3,3
42690,68,60,8,8
42691,129,125,4,4
42692,51,48,3,3
42693,131,130,1,1
42694,73,76,-3,3
42695,157,153,4,4
42696,96,102,-6,6
42697,19,53,-34,34
42698,109,109,0,0
42699,67,58,9,9
42700,132,135,-3,3
42701,156,128,28,28
42702,85,92,-7,7
42703,90,91,-1,1
42704,85,82,3,3
42705,44,51,-7,7
42706,150,134,16,16
42707,65,67,-2,2
42708,91,110,-19,19
42709,63,69,-6,6
42710,80,87,-7,7
42711,163,160,3,3
42712,110,102,8,8
42713,100,107,-7,7
42714,89,79,10,10
42715,51,53,-2,2
42716,97,104,-7,7
42717,82,85,-3,3
42718,85,83,2,2
42719,73,79,-6,6
42720,80,72,8,8
42721,50,60,-10,10
42722,81,86,-5,5
42723,68,72,-4,4
42724,76,78,-2,2
42725,75,72,3,3
42726,82,90,-8,8
42727,78,78,0,0
42728,53,71,-18,18
42729,55,57,-2,2
42730,41,22,19,19
42731,95,100,-5,5
42732,55,55,0,0
42733,99,123,-24,24
42734,64,74,-10,10
42735,93,102,-9,9
42736,61,59,2,2
42737,95,97,-2,2
42738,116,123,-7,7
42739,83,72,11,11
42740,82,82,0,0
42741,137,119,18,18
42742,69,76,-7,7
42743,69,62,7,7
42744,60,53,7,7
42745,81,92,-11,11
42746,128,134,-6,6
42747,78,76,2,2
42748,79,87,-8,8
42749,74,82,-8,8
42750,69,71,-2,2
42751,140,122,18,18
42752,108,122,-14,14
42753,61,46,15,15
42754,142,142,0,0
42755,42,37,5,5
42756,68,62,6,6
42757,74,73,1,1
42758,94,96,-2,2
42759,164,146,18,18
42760,77,78,-1,1
42761,94,86,8,8
42762,192,194,-2,2
42763,121,128,-7,7
42764,61,58,3,3
42765,120,130,-10,10
42766,103,104,-1,1
42767,89,88,1,1
42768,100,94,6,6
42769,97,91,6,6
42770,64,70,-6,6
42771,165,166,-1,1
42772,74,76,-2,2
42773,65,69,-4,4
42774,39,38,1,1
42775,183,171,12,12
42776,82,90,-8,8
42777,111,114,-3,3
42778,150,143,7,7
42779,89,82,7,7
42780,116,112,4,4
42781,106,110,-4,4
42782,129,129,0,0
42783,59,61,-2,2
42784,161,134,27,27
42785,108,125,-17,17
42786,63,75,-12,12
42787,114,106,8,8
42788,80,86,-6,6
42789,81,84,-3,3
42790,72,69,3,3
42791,99,95,4,4
42792,98,79,19,19
42793,111,99,12,12
42794,120,121,-1,1
42795,119,119,0,0
42796,69,72,-3,3
42797,137,128,9,9
42798,130,131,-1,1
42799,106,95,11,11
42800,58,65,-7,7
42801,144,136,8,8
42802,117,116,1,1
42803,146,157,-11,11
42804,137,135,2,2
42805,116,126,-10,10
42806,86,87,-1,1
42807,89,90,-1,1
42808,107,129,-22,22
42809,108,109,-1,1
42810,109,98,11,11
42811,53,58,-5,5
42812,79,76,3,3
42813,59,63,-4,4
42814,84,84,0,0
42815,156,131,25,25
42816,121,119,2,2
42817,66,63,3,3
42818,74,71,3,3
42819,47,111,-64,64
42820,106,104,2,2
42821,98,95,3,3
42822,68,60,8,8
42823,58,66,-8,8
42824,86,83,3,3
42825,87,95,-8,8
42826,85,95,-10,10
42827,143,143,0,0
42828,168,149,19,19
42829,63,70,-7,7
42830,72,117,-45,45
42831,170,175,-5,5
42832,139,143,-4,4
42833,104,117,-13,13
42834,66,61,5,5
42835,78,77,1,1
42836,66,56,10,10
42837,78,79,-1,1
42838,178,161,17,17
42839,176,161,15,15
42840,77,76,1,1
42841,51,50,1,1
42842,112,94,18,18
42843,110,138,-28,28
42844,140,148,-8,8
42845,120,108,12,12
42846,88,97,-9,9
42847,85,93,-8,8
42848,166,148,18,18
42849,71,82,-11,11
42850,112,123,-11,11
42851,73,74,-1,1
42852,80,83,-3,3
42853,113,140,-27,27
42854,62,59,3,3
42855,94,61,33,33
42856,145,146,-1,1
42857,131,140,-9,9
42858,103,101,2,2
42859,98,96,2,2
42860,84,75,9,9
42861,133,127,6,6
42862,144,142,2,2
42863,141,130,11,11
42864,119,107,12,12
42865,87,84,3,3
42866,79,83,-4,4
42867,63,70,-7,7
42868,89,99,-10,10
42869,38,37,1,1
42870,99,108,-9,9
42871,114,103,11,11
42872,129,122,7,7
42873,155,146,9,9
42874,87,73,14,14
42875,70,70,0,0
42876,112,100,12,12
42877,137,142,-5,5
42878,92,89,3,3
42879,145,137,8,8
42880,154,132,22,22
42881,130,131,-1,1
42882,45,30,15,15
42883,63,59,4,4
42884,58,49,9,9
42885,96,104,-8,8
42886,102,104,-2,2
42887,118,132,-14,14
42888,119,121,-2,2
42889,75,83,-8,8
42890,115,112,3,3
42891,94,102,-8,8
42892,108,109,-1,1
42893,101,100,1,1
42894,136,142,-6,6
42895,110,118,-8,8
42896,127,129,-2,2
42897,94,92,2,2
42898,124,107,17,17
42899,68,76,-8,8
42900,128,111,17,17
42901,138,146,-8,8
42902,83,87,-4,4
42903,125,107,18,18
42904,63,73,-10,10
42905,133,114,19,19
42906,77,79,-2,2
42907,94,95,-1,1
42908,116,107,9,9
42909,93,97,-4,4
42910,84,95,-11,11
42911,125,123,2,2
42912,123,126,-3,3
42913,92,93,-1,1
42914,155,161,-6,6
42915,86,195,-109,109
42916,75,79,-4,4
42917,74,82,-8,8
42918,78,83,-5,5
42919,96,98,-2,2
42920,113,128,-15,15
42921,139,159,-20,20
42922,95,90,5,5
42923,83,84,-1,1
42924,128,138,-10,10
42925,102,104,-2,2
42926,124,137,-13,13
42927,71,77,-6,6
42928,63,69,-6,6
42929,71,74,-3,3
42930,131,146,-15,15
42931,115,130,-15,15
42932,91,86,5,5
42933,92,93,-1,1
42934,59,47,12,12
42935,138,145,-7,7
42936,71,68,3,3
42937,53,43,10,10
42938,103,107,-4,4
42939,85,78,7,7
42940,92,95,-3,3
42941,109,128,-19,19
42942,74,84,-10,10
42943,100,94,6,6
42944,111,121,-10,10
42945,112,108,4,4
42946,112,105,7,7
42947,31,32,-1,1
42948,57,70,-13,13
42949,194,189,5,5
42950,75,56,19,19
42951,119,119,0,0
42952,106,104,2,2
42953,89,74,15,15
42954,75,71,4,4
42955,77,81,-4,4
42956,68,74,-6,6
42957,48,46,2,2
42958,53,49,4,4
42959,91,92,-1,1
42960,90,105,-15,15
42961,57,67,-10,10
42962,81,82,-1,1
42963,113,121,-8,8
42964,89,71,18,18
42965,74,72,2,2
42966,89,96,-7,7
42967,73,82,-9,9
42968,54,47,7,7
42969,77,80,-3,3
42970,108,99,9,9
42971,59,67,-8,8
42972,218,199,19,19
42973,118,127,-9,9
42974,86,94,-8,8
42975,153,145,8,8
42976,123,120,3,3
42977,117,119,-2,2
42978,51,45,6,6
42979,77,71,6,6
42980,59,58,1,1
42981,69,81,-12,12
42982,67,75,-8,8
42983,83,71,12,12
42984,137,128,9,9
42985,96,88,8,8
42986,68,70,-2,2
42987,91,97,-6,6
42988,81,81,0,0
42989,79,48,31,31
42990,50,40,10,10
42991,78,78,0,0
42992,32,37,-5,5
42993,64,66,-2,2
42994,80,94,-14,14
42995,99,80,19,19
42996,131,137,-6,6
42997,48,54,-6,6
42998,77,67,10,10
42999,128,124,4,4
43000,120,120,0,0
43001,55,60,-5,5
43002,79,69,10,10
43003,85,84,1,1
43004,148,137,11,11
43005,136,134,2,2
43006,111,127,-16,16
43007,105,144,-39,39
43008,93,87,6,6
43009,79,80,-1,1
43010,87,84,3,3
43011,69,77,-8,8
43012,109,114,-5,5
43013,156,145,11,11
43014,106,107,-1,1
43015,105,97,8,8
43016,42,39,3,3
43017,84,77,7,7
43018,15,22,-7,7
43019,89,96,-7,7
43020,179,160,19,19
43021,65,70,-5,5
43022,108,114,-6,6
43023,40,49,-9,9
43024,89,83,6,6
43025,138,125,13,13
43026,134,138,-4,4
43027,102,95,7,7
43028,103,97,6,6
43029,143,129,14,14
43030,65,72,-7,7
43031,74,72,2,2
43032,116,103,13,13
43033,79,85,-6,6
43034,74,79,-5,5
43035,91,75,16,16
43036,99,95,4,4
43037,64,58,6,6
43038,120,117,3,3
43039,103,95,8,8
43040,90,87,3,3
43041,51,51,0,0
43042,96,88,8,8
43043,77,70,7,7
43044,142,141,1,1
43045,77,81,-4,4
43046,90,87,3,3
43047,141,137,4,4
43048,85,96,-11,11
43049,98,90,8,8
43050,146,137,9,9
43051,120,114,6,6
43052,107,115,-8,8
43053,97,104,-7,7
43054,125,128,-3,3
43055,81,88,-7,7
43056,99,104,-5,5
43057,90,92,-2,2
43058,53,46,7,7
43059,88,80,8,8
43060,70,61,9,9
43061,57,76,-19,19
43062,77,75,2,2
43063,51,59,-8,8
43064,110,104,6,6
43065,72,74,-2,2
43066,101,101,0,0
43067,177,154,23,23
43068,153,146,7,7
43069,157,149,8,8
43070,67,63,4,4
43071,63,67,-4,4
43072,208,194,14,14
43073,84,79,5,5
43074,69,74,-5,5
43075,110,91,19,19
43076,85,69,16,16
43077,37,44,-7,7
43078,142,123,19,19
43079,82,93,-11,11
43080,81,101,-20,20
43081,94,98,-4,4
43082,143,140,3,3
43083,118,107,11,11
43084,86,95,-9,9
43085,76,81,-5,5
43086,73,64,9,9
43087,131,120,11,11
43088,53,60,-7,7
43089,66,65,1,1
43090,101,108,-7,7
43091,115,116,-1,1
43092,136,132,4,4
43093,61,68,-7,7
43094,86,89,-3,3
43095,71,78,-7,7
43096,81,83,-2,2
43097,69,77,-8,8
43098,36,41,-5,5
43099,157,148,9,9
43100,57,65,-8,8
43101,73,81,-8,8
43102,185,166,19,19
43103,62,59,3,3
43104,123,124,-1,1
43105,65,67,-2,2
43106,73,68,5,5
43107,98,108,-10,10
43108,101,105,-4,4
43109,104,97,7,7
43110,83,87,-4,4
43111,58,65,-7,7
43112,85,85,0,0
43113,55,57,-2,2
43114,80,73,7,7
43115,66,61,5,5
43116,83,79,4,4
43117,107,111,-4,4
43118,104,105,-1,1
43119,44,46,-2,2
43120,63,67,-4,4
43121,85,82,3,3
43122,133,120,13,13
43123,59,59,0,0
43124,130,103,27,27
43125,74,75,-1,1
43126,62,62,0,0
43127,109,107,2,2
43128,71,85,-14,14
43129,55,73,-18,18
43130,142,153,-11,11
43131,117,123,-6,6
43132,110,107,3,3
43133,35,33,2,2
43134,85,89,-4,4
43135,63,53,10,10
43136,79,87,-8,8
43137,101,101,0,0
43138,73,80,-7,7
43139,150,162,-12,12
43140,164,143,21,21
43141,121,110,11,11
43142,56,62,-6,6
43143,82,92,-10,10
43144,115,128,-13,13
43145,103,95,8,8
43146,80,75,5,5
43147,90,89,1,1
43148,103,99,4,4
43149,122,128,-6,6
43150,113,119,-6,6
43151,62,67,-5,5
43152,120,126,-6,6
43153,94,100,-6,6
43154,93,93,0,0
43155,52,50,2,2
43156,89,78,11,11
43157,72,63,9,9
43158,65,58,7,7
43159,92,86,6,6
43160,59,64,-5,5
43161,86,81,5,5
43162,119,119,0,0
43163,64,70,-6,6
43164,142,110,32,32
43165,80,84,-4,4
43166,68,56,12,12
43167,85,92,-7,7
43168,69,70,-1,1
43169,157,149,8,8
43170,120,108,12,12
43171,135,131,4,4
43172,72,71,1,1
43173,99,94,5,5
43174,88,96,-8,8
43175,101,101,0,0
43176,72,78,-6,6
43177,166,171,-5,5
43178,49,50,-1,1
43179,89,76,13,13
43180,113,105,8,8
43181,113,108,5,5
43182,85,94,-9,9
43183,67,82,-15,15
43184,89,93,-4,4
43185,63,66,-3,3
43186,52,145,-93,93
43187,127,131,-4,4
43188,106,104,2,2
43189,120,111,9,9
43190,97,108,-11,11
43191,57,62,-5,5
43192,68,86,-18,18
43193,105,120,-15,15
43194,106,132,-26,26
43195,133,138,-5,5
43196,63,71,-8,8
43197,58,58,0,0
43198,106,109,-3,3
43199,103,97,6,6
43200,71,77,-6,6
43201,103,107,-4,4
43202,42,33,9,9
43203,91,89,2,2
43204,103,113,-10,10
43205,90,92,-2,2
43206,103,107,-4,4
43207,111,115,-4,4
43208,132,115,17,17
43209,115,109,6,6
43210,121,134,-13,13
43211,122,110,12,12
43212,132,134,-2,2
43213,32,41,-9,9
43214,110,109,1,1
43215,87,93,-6,6
43216,135,135,0,0
43217,102,96,6,6
43218,82,85,-3,3
43219,131,130,1,1
43220,102,111,-9,9
43221,52,50,2,2
43222,100,117,-17,17
43223,100,97,3,3
43224,90,88,2,2
43225,85,93,-8,8
43226,61,65,-4,4
43227,154,164,-10,10
43228,137,127,10,10
43229,107,101,6,6
43230,98,97,1,1
43231,92,89,3,3
43232,191,172,19,19
43233,113,121,-8,8
43234,104,114,-10,10
43235,62,67,-5,5
43236,80,79,1,1
43237,50,51,-1,1
43238,100,87,13,13
43239,126,133,-7,7
43240,113,103,10,10
43241,69,70,-1,1
43242,62,61,1,1
43243,52,74,-22,22
43244,118,118,0,0
43245,59,63,-4,4
43246,40,46,-6,6
43247,93,92,1,1
43248,105,107,-2,2
43249,127,121,6,6
43250,84,95,-11,11
43251,93,101,-8,8
43252,121,130,-9,9
43253,94,100,-6,6
43254,64,74,-10,10
43255,109,107,2,2
43256,123,138,-15,15
43257,130,119,11,11
43258,138,132,6,6
43259,67,69,-2,2
43260,99,93,6,6
43261,84,86,-2,2
43262,112,124,-12,12
43263,103,101,2,2
43264,60,56,4,4
43265,90,114,-24,24
43266,131,140,-9,9
43267,47,48,-1,1
43268,90,87,3,3
43269,81,87,-6,6
43270,84,81,3,3
43271,81,84,-3,3
43272,105,120,-15,15
43273,67,76,-9,9
43274,86,89,-3,3
43275,140,139,1,1
43276,78,72,6,6
43277,96,93,3,3
43278,102,108,-6,6
43279,43,45,-2,2
43280,71,80,-9,9
43281,91,97,-6,6
43282,84,83,1,1
43283,125,118,7,7
43284,50,59,-9,9
43285,90,95,-5,5
43286,68,69,-1,1
43287,129,127,2,2
43288,133,131,2,2
43289,72,98,-26,26
43290,150,142,8,8
43291,179,160,19,19
43292,96,91,5,5
43293,72,62,10,10
43294,178,145,33,33
43295,89,92,-3,3
43296,129,119,10,10
43297,84,78,6,6
43298,87,85,2,2
43299,82,75,7,7
43300,82,97,-15,15
43301,91,90,1,1
43302,112,113,-1,1
43303,88,91,-3,3
43304,100,113,-13,13
43305,164,155,9,9
43306,89,90,-1,1
43307,72,76,-4,4
43308,111,116,-5,5
43309,123,131,-8,8
43310,163,144,19,19
43311,65,67,-2,2
43312,130,139,-9,9
43313,145,143,2,2
43314,92,92,0,0
43315,50,60,-10,10
43316,73,91,-18,18
43317,57,66,-9,9
43318,89,82,7,7
43319,82,74,8,8
43320,67,69,-2,2
43321,91,99,-8,8
43322,112,114,-2,2
43323,73,76,-3,3
43324,64,63,1,1
43325,119,137,-18,18
43326,61,56,5,5
43327,26,36,-10,10
43328,67,71,-4,4
43329,178,164,14,14
43330,97,95,2,2
43331,132,113,19,19
43332,121,122,-1,1
43333,143,123,20,20
43334,92,94,-2,2
43335,78,80,-2,2
43336,99,105,-6,6
43337,68,62,6,6
43338,61,60,1,1
43339,139,142,-3,3
43340,162,157,5,5
43341,86,84,2,2
43342,106,108,-2,2
43343,48,47,1,1
43344,125,119,6,6
43345,123,122,1,1
43346,117,115,2,2
43347,229,203,26,26
43348,83,88,-5,5
43349,72,118,-46,46
43350,130,130,0,0
43351,49,57,-8,8
43352,124,135,-11,11
43353,123,129,-6,6
43354,127,127,0,0
43355,78,79,-1,1
43356,87,114,-27,27
43357,129,112,17,17
43358,97,92,5,5
43359,129,149,-20,20
43360,69,54,15,15
43361,84,81,3,3
43362,122,113,9,9
43363,158,133,25,25
43364,77,91,-14,14
43365,86,104,-18,18
43366,100,110,-10,10
43367,93,105,-12,12
43368,117,119,-2,2
43369,139,136,3,3
43370,100,95,5,5
43371,162,155,7,7
43372,68,74,-6,6
43373,68,77,-9,9
43374,85,79,6,6
43375,105,101,4,4
43376,174,152,22,22
43377,85,90,-5,5
43378,108,104,4,4
43379,67,73,-6,6
43380,115,119,-4,4
43381,63,61,2,2
43382,107,106,1,1
43383,99,100,-1,1
43384,52,56,-4,4
43385,87,81,6,6
43386,125,96,29,29
43387,64,57,7,7
43388,101,106,-5,5
43389,118,122,-4,4
43390,129,135,-6,6
43391,100,105,-5,5
43392,71,66,5,5
43393,70,83,-13,13
43394,70,66,4,4
43395,101,88,13,13
43396,71,81,-10,10
43397,70,69,1,1
43398,115,116,-1,1
43399,56,55,1,1
43400,106,103,3,3
43401,125,124,1,1
43402,104,111,-7,7
43403,84,89,-5,5
43404,64,59,5,5
43405,82,82,0,0
43406,99,103,-4,4
43407,167,159,8,8
43408,107,90,17,17
43409,91,97,-6,6
43410,83,89,-6,6
43411,89,84,5,5
43412,92,93,-1,1
43413,114,110,4,4
43414,126,105,21,21
43415,133,141,-8,8
43416,51,59,-8,8
43417,87,83,4,4
43418,67,66,1,1
43419,67,70,-3,3
43420,142,134,8,8
43421,139,141,-2,2
43422,125,115,10,10
43423,81,77,4,4
43424,210,185,25,25
43425,113,117,-4,4
43426,57,64,-7,7
43427,94,94,0,0
43428,121,100,21,21
43429,107,110,-3,3
43430,38,45,-7,7
43431,81,87,-6,6
43432,126,107,19,19
43433,248,234,14,14
43434,92,91,1,1
43435,153,151,2,2
43436,127,134,-7,7
43437,45,43,2,2
43438,81,104,-23,23
43439,164,156,8,8
43440,140,152,-12,12
43441,114,116,-2,2
43442,115,119,-4,4
43443,87,86,1,1
43444,57,55,2,2
43445,51,47,4,4
43446,95,107,-12,12
43447,33,33,0,0
43448,128,125,3,3
43449,101,100,1,1
43450,75,82,-7,7
43451,138,137,1,1
43452,136,134,2,2
43453,63,91,-28,28
43454,80,73,7,7
43455,90,99,-9,9
43456,47,47,0,0
43457,96,100,-4,4
43458,62,60,2,2
43459,98,90,8,8
43460,140,131,9,9
43461,84,79,5,5
43462,143,138,5,5
43463,84,86,-2,2
43464,151,148,3,3
43465,87,72,15,15
43466,107,112,-5,5
43467,118,118,0,0
43468,60,61,-1,1
43469,82,85,-3,3
43470,167,157,10,10
43471,110,95,15,15
43472,98,97,1,1
43473,83,82,1,1
43474,76,75,1,1
43475,93,80,13,13
43476,102,106,-4,4
43477,76,71,5,5
43478,76,83,-7,7
43479,115,111,4,4
43480,77,90,-13,13
43481,98,90,8,8
43482,149,138,11,11
43483,78,74,4,4
43484,119,137,-18,18
43485,121,119,2,2
43486,46,77,-31,31
43487,67,73,-6,6
43488,129,120,9,9
43489,114,118,-4,4
43490,73,78,-5,5
43491,118,120,-2,2
43492,90,94,-4,4
43493,165,172,-7,7
43494,147,147,0,0
43495,52,50,2,2
43496,111,123,-12,12
43497,160,139,21,21
43498,88,96,-8,8
43499,105,104,1,1
43500,105,96,9,9
43501,90,102,-12,12
43502,120,127,-7,7
43503,89,73,16,16
43504,79,83,-4,4
43505,82,100,-18,18
43506,122,132,-10,10
43507,96,91,5,5
43508,48,58,-10,10
43509,70,61,9,9
43510,65,74,-9,9
43511,78,81,-3,3
43512,133,134,-1,1
43513,48,50,-2,2
43514,90,88,2,2
43515,54,53,1,1
43516,104,93,11,11
43517,91,96,-5,5
43518,112,109,3,3
43519,63,69,-6,6
43520,113,108,5,5
43521,99,91,8,8
43522,100,100,0,0
43523,69,69,0,0
43524,122,121,1,1
43525,84,88,-4,4
43526,119,107,12,12
43527,103,92,11,11
43528,91,107,-16,16
43529,55,59,-4,4
43530,64,73,-9,9
43531,87,83,4,4
43532,220,197,23,23
43533,85,81,4,4
43534,63,71,-8,8
43535,64,68,-4,4
43536,109,101,8,8
43537,80,78,2,2
43538,91,86,5,5
43539,146,145,1,1
43540,125,128,-3,3
43541,130,139,-9,9
43542,127,147,-20,20
43543,113,114,-1,1
43544,125,124,1,1
43545,84,83,1,1
43546,111,111,0,0
43547,138,124,14,14
43548,47,45,2,2
43549,75,85,-10,10
43550,98,109,-11,11
43551,163,159,4,4
43552,140,130,10,10
43553,50,44,6,6
43554,77,81,-4,4
43555,64,58,6,6
43556,76,74,2,2
43557,108,108,0,0
43558,53,50,3,3
43559,65,80,-15,15
43560,197,184,13,13
43561,182,170,12,12
43562,71,67,4,4
43563,134,117,17,17
43564,126,121,5,5
43565,54,59,-5,5
43566,132,128,4,4
43567,86,84,2,2
43568,106,109,-3,3
43569,53,58,-5,5
43570,87,95,-8,8
43571,80,71,9,9
43572,150,155,-5,5
43573,49,48,1,1
43574,137,89,48,48
43575,51,52,-1,1
43576,90,82,8,8
43577,125,125,0,0
43578,110,112,-2,2
43579,112,118,-6,6
43580,51,54,-3,3
43581,105,94,11,11
43582,110,119,-9,9
43583,93,99,-6,6
43584,169,154,15,15
43585,97,84,13,13
43586,97,81,16,16
43587,89,91,-2,2
43588,75,75,0,0
43589,119,114,5,5
43590,93,97,-4,4
43591,53,56,-3,3
43592,121,108,13,13
43593,61,71,-10,10
43594,98,109,-11,11
43595,92,95,-3,3
43596,63,60,3,3
43597,101,94,7,7
43598,180,169,11,11
43599,70,68,2,2
43600,66,65,1,1
43601,121,179,-58,58
43602,100,100,0,0
43603,151,144,7,7
43604,44,73,-29,29
43605,93,97,-4,4
43606,79,57,22,22
43607,133,131,2,2
43608,51,49,2,2
43609,111,113,-2,2
43610,83,92,-9,9
43611,93,105,-12,12
43612,78,68,10,10
43613,75,77,-2,2
43614,133,137,-4,4
43615,128,116,12,12
43616,98,106,-8,8
43617,137,128,9,9
43618,79,85,-6,6
43619,90,89,1,1
43620,62,58,4,4
43621,170,165,5,5
43622,123,109,14,14
43623,57,63,-6,6
43624,87,101,-14,14
43625,35,47,-12,12
43626,76,81,-5,5
43627,95,81,14,14
43628,63,108,-45,45
43629,74,79,-5,5
43630,125,121,4,4
43631,115,114,1,1
43632,63,67,-4,4
43633,141,129,12,12
43634,78,78,0,0
43635,71,72,-1,1
43636,90,92,-2,2
43637,235,222,13,13
43638,118,113,5,5
43639,65,61,4,4
43640,98,96,2,2
43641,97,107,-10,10
43642,48,58,-10,10
43643,110,111,-1,1
43644,96,96,0,0
43645,119,115,4,4
43646,141,136,5,5
43647,80,77,3,3
43648,88,116,-28,28
43649,93,95,-2,2
43650,141,138,3,3
43651,59,86,-27,27
43652,98,99,-1,1
43653,66,76,-10,10
43654,91,102,-11,11
43655,90,91,-1,1
43656,111,121,-10,10
43657,96,97,-1,1
43658,103,98,5,5
43659,59,59,0,0
43660,68,76,-8,8
43661,73,68,5,5
43662,60,71,-11,11
43663,75,89,-14,14
43664,65,69,-4,4
43665,91,93,-2,2
43666,53,65,-12,12
43667,97,101,-4,4
43668,66,62,4,4
43669,94,98,-4,4
43670,97,98,-1,1
43671,81,80,1,1
43672,134,127,7,7
43673,96,111,-15,15
43674,115,121,-6,6
43675,51,64,-13,13
43676,75,80,-5,5
43677,157,148,9,9
43678,86,90,-4,4
43679,147,162,-15,15
43680,85,86,-1,1
43681,88,88,0,0
43682,46,43,3,3
43683,119,131,-12,12
43684,109,107,2,2
43685,142,143,-1,1
43686,95,110,-15,15
43687,93,104,-11,11
43688,79,79,0,0
43689,142,138,4,4
43690,83,86,-3,3
43691,93,97,-4,4
43692,149,117,32,32
43693,114,106,8,8
43694,99,93,6,6
43695,125,130,-5,5
43696,116,122,-6,6
43697,131,135,-4,4
43698,103,89,14,14
43699,79,74,5,5
43700,171,169,2,2
43701,69,75,-6,6
43702,78,88,-10,10
43703,67,76,-9,9
43704,82,77,5,5
43705,110,119,-9,9
43706,171,160,11,11
43707,46,38,8,8
43708,60,46,14,14
43709,179,165,14,14
43710,68,75,-7,7
43711,66,69,-3,3
43712,67,66,1,1
43713,87,110,-23,23
43714,61,67,-6,6
43715,61,65,-4,4
43716,122,123,-1,1
43717,96,97,-1,1
43718,106,91,15,15
43719,54,44,10,10
43720,76,80,-4,4
43721,111,115,-4,4
43722,44,40,4,4
43723,163,166,-3,3
43724,71,65,6,6
43725,74,69,5,5
43726,97,98,-1,1
43727,134,128,6,6
43728,82,77,5,5
43729,79,106,-27,27
43730,138,126,12,12
43731,82,94,-12,12
43732,152,147,5,5
43733,111,101,10,10
43734,123,120,3,3
43735,77,65,12,12
43736,146,131,15,15
43737,82,79,3,3
43738,69,76,-7,7
43739,91,97,-6,6
43740,166,153,13,13
43741,53,59,-6,6
43742,71,72,-1,1
43743,84,84,0,0
43744,68,75,-7,7
43745,94,106,-12,12
43746,101,121,-20,20
43747,106,111,-5,5
43748,93,84,9,9
43749,69,74,-5,5
43750,136,128,8,8
43751,90,96,-6,6
43752,87,73,14,14
43753,64,60,4,4
43754,62,103,-41,41
43755,77,86,-9,9
43756,47,58,-11,11
43757,122,131,-9,9
43758,67,79,-12,12
43759,87,110,-23,23
43760,84,80,4,4
43761,68,76,-8,8
43762,60,67,-7,7
43763,75,78,-3,3
43764,90,92,-2,2
43765,69,85,-16,16
43766,77,77,0,0
43767,82,78,4,4
43768,127,127,0,0
43769,58,55,3,3
43770,151,132,19,19
43771,125,136,-11,11
43772,114,113,1,1
43773,106,120,-14,14
43774,85,85,0,0
43775,92,94,-2,2
43776,70,70,0,0
43777,124,126,-2,2
43778,97,104,-7,7
43779,71,74,-3,3
43780,146,140,6,6
43781,93,96,-3,3
43782,91,87,4,4
43783,63,67,-4,4
43784,60,62,-2,2
43785,84,114,-30,30
43786,192,189,3,3
43787,93,88,5,5
43788,133,123,10,10
43789,95,96,-1,1
43790,65,60,5,5
43791,81,90,-9,9
43792,107,111,-4,4
43793,131,122,9,9
43794,130,140,-10,10
43795,68,64,4,4
43796,77,81,-4,4
43797,112,122,-10,10
43798,67,85,-18,18
43799,91,97,-6,6
43800,90,94,-4,4
43801,125,128,-3,3
43802,69,68,1,1
43803,106,112,-6,6
43804,110,102,8,8
43805,65,53,12,12
43806,87,81,6,6
43807,60,57,3,3
43808,91,86,5,5
43809,153,143,10,10
43810,95,97,-2,2
43811,150,139,11,11
43812,61,71,-10,10
43813,169,183,-14,14
43814,76,68,8,8
43815,93,93,0,0
43816,75,73,2,2
43817,76,88,-12,12
43818,85,107,-22,22
43819,63,70,-7,7
43820,86,91,-5,5
43821,111,107,4,4
43822,81,78,3,3
43823,225,195,30,30
43824,49,89,-40,40
43825,90,92,-2,2
43826,67,65,2,2
43827,109,117,-8,8
43828,103,97,6,6
43829,73,72,1,1
43830,137,139,-2,2
43831,93,101,-8,8
43832,68,77,-9,9
43833,82,97,-15,15
43834,66,73,-7,7
43835,110,103,7,7
43836,170,168,2,2
43837,104,103,1,1
43838,73,80,-7,7
43839,137,126,11,11
43840,55,47,8,8
43841,52,56,-4,4
43842,95,88,7,7
43843,48,46,2,2
43844,67,79,-12,12
43845,64,65,-1,1
43846,71,70,1,1
43847,77,71,6,6
43848,66,59,7,7
43849,78,72,6,6
43850,71,76,-5,5
43851,117,125,-8,8
43852,83,75,8,8
43853,43,44,-1,1
43854,100,91,9,9
43855,50,57,-7,7
43856,140,147,-7,7
43857,86,115,-29,29
43858,63,61,2,2
43859,91,89,2,2
43860,113,110,3,3
43861,63,67,-4,4
43862,61,62,-1,1
43863,78,88,-10,10
43864,34,47,-13,13
43865,90,107,-17,17
43866,47,42,5,5
43867,64,73,-9,9
43868,58,63,-5,5
43869,116,126,-10,10
43870,117,113,4,4
43871,84,91,-7,7
43872,105,113,-8,8
43873,86,89,-3,3
43874,68,77,-9,9
43875,131,136,-5,5
43876,77,83,-6,6
43877,76,70,6,6
43878,117,104,13,13
43879,97,93,4,4
43880,123,124,-1,1
43881,98,108,-10,10
43882,71,67,4,4
43883,127,122,5,5
43884,56,56,0,0
43885,122,115,7,7
43886,49,56,-7,7
43887,60,66,-6,6
43888,115,112,3,3
43889,78,79,-1,1
43890,46,48,-2,2
43891,119,117,2,2
43892,129,147,-18,18
43893,66,65,1,1
43894,142,142,0,0
43895,79,78,1,1
43896,71,78,-7,7
43897,144,143,1,1
43898,106,112,-6,6
43899,77,83,-6,6
43900,74,80,-6,6
43901,69,75,-6,6
43902,88,85,3,3
43903,59,61,-2,2
43904,123,115,8,8
43905,54,58,-4,4
43906,43,49,-6,6
43907,155,162,-7,7
43908,68,69,-1,1
43909,131,127,4,4
43910,146,137,9,9
43911,102,91,11,11
43912,80,87,-7,7
43913,57,64,-7,7
43914,81,89,-8,8
43915,104,119,-15,15
43916,39,35,4,4
43917,78,83,-5,5
43918,112,98,14,14
43919,44,87,-43,43
43920,79,79,0,0
43921,132,126,6,6
43922,117,151,-34,34
43923,80,82,-2,2
43924,88,84,4,4
43925,61,65,-4,4
43926,57,47,10,10
43927,123,123,0,0
43928,60,69,-9,9
43929,113,108,5,5
43930,64,77,-13,13
43931,101,91,10,10
43932,143,147,-4,4
43933,71,74,-3,3
43934,80,75,5,5
43935,70,68,2,2
43936,45,42,3,3
43937,44,46,-2,2
43938,92,76,16,16
43939,67,75,-8,8
43940,63,54,9,9
43941,139,133,6,6
43942,127,118,9,9
43943,69,67,2,2
43944,136,133,3,3
43945,109,112,-3,3
43946,120,124,-4,4
43947,63,61,2,2
43948,50,55,-5,5
43949,97,96,1,1
43950,103,101,2,2
43951,89,84,5,5
43952,85,81,4,4
43953,173,165,8,8
43954,128,118,10,10
43955,171,182,-11,11
43956,49,46,3,3
43957,99,89,10,10
43958,129,148,-19,19
43959,85,92,-7,7
43960,102,111,-9,9
43961,124,131,-7,7
43962,122,118,4,4
43963,137,124,13,13
43964,89,87,2,2
43965,51,55,-4,4
43966,81,106,-25,25
43967,88,82,6,6
43968,76,83,-7,7
43969,111,127,-16,16
43970,86,78,8,8
43971,131,130,1,1
43972,23,27,-4,4
43973,109,113,-4,4
43974,84,84,0,0
43975,101,102,-1,1
43976,139,141,-2,2
43977,58,73,-15,15
43978,71,71,0,0
43979,95,80,15,15
43980,70,60,10,10
43981,65,72,-7,7
43982,95,90,5,5
43983,109,104,5,5
43984,57,59,-2,2
43985,103,101,2,2
43986,184,163,21,21
43987,80,82,-2,2
43988,103,104,-1,1
43989,94,125,-31,31
43990,62,59,3,3
43991,110,93,17,17
43992,109,119,-10,10
43993,47,50,-3,3
43994,107,112,-5,5
43995,184,163,21,21
43996,122,150,-28,28
43997,155,153,2,2
43998,66,71,-5,5
43999,63,64,-1,1
44000,104,126,-22,22
44001,100,86,14,14
44002,82,118,-36,36
44003,162,155,7,7
44004,122,127,-5,5
44005,78,127,-49,49
44006,71,64,7,7
44007,131,113,18,18
44008,113,91,22,22
44009,84,90,-6,6
44010,65,63,2,2
44011,81,90,-9,9
44012,93,83,10,10
44013,67,68,-1,1
44014,148,128,20,20
44015,72,81,-9,9
44016,106,103,3,3
44017,79,93,-14,14
44018,113,116,-3,3
44019,66,67,-1,1
44020,68,44,24,24
44021,63,62,1,1
44022,81,101,-20,20
44023,117,111,6,6
44024,70,105,-35,35
44025,78,78,0,0
44026,165,171,-6,6
44027,40,26,14,14
44028,85,95,-10,10
44029,73,127,-54,54
44030,104,111,-7,7
44031,129,122,7,7
44032,116,115,1,1
44033,115,113,2,2
44034,82,81,1,1
44035,84,93,-9,9
44036,82,91,-9,9
44037,29,66,-37,37
44038,64,77,-13,13
44039,66,57,9,9
44040,114,116,-2,2
44041,146,133,13,13
44042,65,61,4,4
44043,42,41,1,1
44044,157,158,-1,1
44045,89,83,6,6
44046,116,134,-18,18
44047,54,55,-1,1
44048,77,74,3,3
44049,79,93,-14,14
44050,137,131,6,6
44051,67,61,6,6
44052,105,114,-9,9
44053,149,124,25,25
44054,57,64,-7,7
44055,104,114,-10,10
44056,89,108,-19,19
44057,82,89,-7,7
44058,106,126,-20,20
44059,191,178,13,13
44060,87,89,-2,2
44061,58,55,3,3
44062,114,113,1,1
44063,114,120,-6,6
44064,118,114,4,4
44065,159,151,8,8
44066,58,52,6,6
44067,95,96,-1,1
44068,74,81,-7,7
44069,135,130,5,5
44070,134,129,5,5
44071,87,80,7,7
44072,130,122,8,8
44073,119,116,3,3
44074,142,134,8,8
44075,152,161,-9,9
44076,105,101,4,4
44077,63,64,-1,1
44078,92,90,2,2
44079,75,70,5,5
44080,96,93,3,3
44081,75,66,9,9
44082,56,55,1,1
44083,72,72,0,0
44084,89,104,-15,15
44085,58,58,0,0
44086,76,71,5,5
44087,90,116,-26,26
44088,73,85,-12,12
44089,78,80,-2,2
44090,110,121,-11,11
44091,174,164,10,10
44092,104,88,16,16
44093,94,104,-10,10
44094,165,143,22,22
44095,107,100,7,7
44096,78,79,-1,1
44097,90,94,-4,4
44098,124,123,1,1
44099,129,113,16,16
44100,66,62,4,4
44101,73,82,-9,9
44102,139,152,-13,13
44103,72,76,-4,4
44104,140,132,8,8
44105,93,101,-8,8
44106,135,133,2,2
44107,56,60,-4,4
44108,76,70,6,6
44109,102,87,15,15
44110,102,107,-5,5
44111,130,115,15,15
44112,152,157,-5,5
44113,76,78,-2,2
44114,178,174,4,4
44115,85,77,8,8
44116,78,73,5,5
44117,97,119,-22,22
44118,113,126,-13,13
44119,81,100,-19,19
44120,65,77,-12,12
44121,42,47,-5,5
44122,72,83,-11,11
44123,115,116,-1,1
44124,80,90,-10,10
44125,39,31,8,8
44126,85,79,6,6
44127,101,96,5,5
44128,158,148,10,10
44129,91,93,-2,2
44130,68,69,-1,1
44131,112,114,-2,2
44132,161,149,12,12
44133,147,152,-5,5
44134,63,60,3,3
44135,60,73,-13,13
44136,84,82,2,2
44137,112,108,4,4
44138,129,120,9,9
44139,136,129,7,7
44140,130,128,2,2
44141,74,79,-5,5
44142,111,108,3,3
44143,118,118,0,0
44144,60,58,2,2
44145,59,64,-5,5
44146,90,92,-2,2
44147,72,70,2,2
44148,118,121,-3,3
44149,63,67,-4,4
44150,91,88,3,3
44151,106,116,-10,10
44152,89,97,-8,8
44153,111,115,-4,4
44154,131,133,-2,2
44155,85,107,-22,22
44156,97,105,-8,8
44157,41,52,-11,11
44158,104,108,-4,4
44159,137,147,-10,10
44160,110,105,5,5
44161,50,63,-13,13
44162,143,140,3,3
44163,110,113,-3,3
44164,79,85,-6,6
44165,79,84,-5,5
44166,71,78,-7,7
44167,116,124,-8,8
44168,89,80,9,9
44169,85,83,2,2
44170,62,66,-4,4
44171,105,100,5,5
44172,110,115,-5,5
44173,68,81,-13,13
44174,125,126,-1,1
44175,120,118,2,2
44176,118,115,3,3
44177,63,65,-2,2
44178,42,43,-1,1
44179,49,41,8,8
44180,96,108,-12,12
44181,107,109,-2,2
44182,108,118,-10,10
44183,94,89,5,5
44184,89,88,1,1
44185,117,120,-3,3
44186,120,128,-8,8
44187,71,71,0,0
44188,71,77,-6,6
44189,58,60,-2,2
44190,90,108,-18,18
44191,118,126,-8,8
44192,43,69,-26,26
44193,78,81,-3,3
44194,159,153,6,6
44195,99,107,-8,8
44196,92,99,-7,7
44197,148,131,17,17
44198,97,88,9,9
44199,84,93,-9,9
44200,45,40,5,5
44201,63,60,3,3
44202,117,99,18,18
44203,122,127,-5,5
44204,115,122,-7,7
44205,110,105,5,5
44206,114,116,-2,2
44207,71,77,-6,6
44208,132,146,-14,14
44209,73,76,-3,3
44210,137,133,4,4
44211,79,58,21,21
44212,79,77,2,2
44213,106,107,-1,1
44214,99,92,7,7
44215,77,101,-24,24
44216,127,131,-4,4
44217,96,93,3,3
44218,66,65,1,1
44219,63,66,-3,3
44220,95,97,-2,2
44221,97,97,0,0
44222,42,38,4,4
44223,60,46,14,14
44224,59,67,-8,8
44225,66,64,2,2
44226,140,93,47,47
44227,64,69,-5,5
44228,72,72,0,0
44229,85,90,-5,5
44230,119,96,23,23
44231,99,97,2,2
44232,133,126,7,7
44233,75,83,-8,8
44234,66,69,-3,3
44235,102,101,1,1
44236,63,69,-6,6
44237,133,132,1,1
44238,144,134,10,10
44239,141,130,11,11
44240,97,106,-9,9
44241,90,100,-10,10
44242,124,129,-5,5
44243,123,142,-19,19
44244,191,158,33,33
44245,62,51,11,11
44246,58,61,-3,3
44247,98,92,6,6
44248,113,109,4,4
44249,107,101,6,6
44250,106,119,-13,13
44251,95,94,1,1
44252,144,141,3,3
44253,50,46,4,4
44254,195,169,26,26
44255,122,117,5,5
44256,97,83,14,14
44257,71,59,12,12
44258,153,154,-1,1
44259,67,70,-3,3
44260,51,52,-1,1
44261,65,70,-5,5
44262,78,79,-1,1
44263,87,85,2,2
44264,72,77,-5,5
44265,81,87,-6,6
44266,149,146,3,3
44267,119,99,20,20
44268,102,94,8,8
44269,93,95,-2,2
44270,116,117,-1,1
44271,125,123,2,2
44272,138,131,7,7
44273,75,78,-3,3
44274,100,101,-1,1
44275,107,95,12,12
44276,91,117,-26,26
44277,135,131,4,4
44278,47,50,-3,3
44279,95,92,3,3
44280,88,101,-13,13
44281,71,68,3,3
44282,110,124,-14,14
44283,108,110,-2,2
44284,49,59,-10,10
44285,48,41,7,7
44286,93,88,5,5
44287,94,111,-17,17
44288,140,147,-7,7
44289,68,56,12,12
44290,79,92,-13,13
44291,147,144,3,3
44292,107,95,12,12
44293,77,77,0,0
44294,87,85,2,2
44295,183,174,9,9
44296,123,114,9,9
44297,143,134,9,9
44298,94,92,2,2
44299,96,90,6,6
44300,85,90,-5,5
44301,112,113,-1,1
44302,82,84,-2,2
44303,103,105,-2,2
44304,98,114,-16,16
44305,104,113,-9,9
44306,81,81,0,0
44307,57,59,-2,2
44308,113,132,-19,19
44309,80,79,1,1
44310,117,119,-2,2
44311,68,61,7,7
44312,76,75,1,1
44313,69,88,-19,19
44314,86,107,-21,21
44315,107,99,8,8
44316,63,53,10,10
44317,127,129,-2,2
44318,87,81,6,6
44319,82,76,6,6
44320,92,93,-1,1
44321,78,80,-2,2
44322,117,108,9,9
44323,93,104,-11,11
44324,116,121,-5,5
44325,51,56,-5,5
44326,80,78,2,2
44327,126,129,-3,3
44328,48,48,0,0
44329,183,182,1,1
44330,61,67,-6,6
44331,128,128,0,0
44332,95,85,10,10
44333,107,100,7,7
44334,87,98,-11,11
44335,136,141,-5,5
44336,49,44,5,5
44337,77,71,6,6
44338,114,115,-1,1
44339,139,137,2,2
44340,90,96,-6,6
44341,164,172,-8,8
44342,124,135,-11,11
44343,115,118,-3,3
44344,111,99,12,12
44345,144,145,-1,1
44346,72,81,-9,9
44347,121,118,3,3
44348,131,112,19,19
44349,99,107,-8,8
44350,55,59,-4,4
44351,125,115,10,10
44352,43,47,-4,4
44353,75,67,8,8
44354,71,71,0,0
44355,62,67,-5,5
44356,86,88,-2,2
44357,78,80,-2,2
44358,101,105,-4,4
44359,81,85,-4,4
44360,144,135,9,9
44361,121,112,9,9
44362,84,86,-2,2
44363,91,86,5,5
44364,108,127,-19,19
44365,84,81,3,3
44366,96,96,0,0
44367,130,132,-2,2
44368,53,48,5,5
44369,111,118,-7,7
44370,65,53,12,12
44371,138,129,9,9
44372,39,39,0,0
44373,54,59,-5,5
44374,48,42,6,6
44375,62,60,2,2
44376,110,117,-7,7
44377,88,86,2,2
44378,92,86,6,6
44379,124,119,5,5
44380,86,86,0,0
44381,89,115,-26,26
44382,96,99,-3,3
44383,50,54,-4,4
44384,92,85,7,7
44385,70,64,6,6
44386,101,100,1,1
44387,143,129,14,14
44388,128,144,-16,16
44389,83,83,0,0
44390,59,64,-5,5
44391,131,127,4,4
44392,79,74,5,5
44393,66,57,9,9
44394,110,101,9,9
44395,99,103,-4,4
44396,100,105,-5,5
44397,92,96,-4,4
44398,115,107,8,8
44399,87,80,7,7
44400,105,94,11,11
44401,77,80,-3,3
44402,93,93,0,0
44403,124,125,-1,1
44404,71,80,-9,9
44405,68,70,-2,2
44406,107,116,-9,9
44407,130,127,3,3
44408,32,36,-4,4
44409,96,122,-26,26
44410,82,73,9,9
44411,73,69,4,4
44412,57,84,-27,27
44413,60,67,-7,7
44414,61,54,7,7
44415,127,119,8,8
44416,67,62,5,5
44417,148,131,17,17
44418,111,109,2,2
44419,119,112,7,7
44420,86,80,6,6
44421,88,88,0,0
44422,68,66,2,2
44423,65,79,-14,14
44424,64,73,-9,9
44425,158,151,7,7
44426,144,115,29,29
44427,91,99,-8,8
44428,63,69,-6,6
44429,88,97,-9,9
44430,122,115,7,7
44431,51,39,12,12
44432,124,132,-8,8
44433,118,105,13,13
44434,49,48,1,1
44435,94,84,10,10
44436,69,75,-6,6
44437,168,146,22,22
44438,79,86,-7,7
44439,70,75,-5,5
44440,199,195,4,4
44441,43,54,-11,11
44442,85,91,-6,6
44443,51,51,0,0
44444,135,135,0,0
44445,57,76,-19,19
44446,191,191,0,0
44447,94,99,-5,5
44448,109,116,-7,7
44449,76,72,4,4
44450,175,168,7,7
44451,126,127,-1,1
44452,143,138,5,5
44453,101,97,4,4
44454,50,70,-20,20
44455,84,86,-2,2
44456,94,92,2,2
44457,110,108,2,2
44458,170,142,28,28
44459,149,135,14,14
44460,94,97,-3,3
44461,102,99,3,3
44462,118,136,-18,18
44463,112,116,-4,4
44464,108,118,-10,10
44465,58,62,-4,4
44466,39,113,-74,74
44467,112,107,5,5
44468,107,127,-20,20
44469,61,54,7,7
44470,99,97,2,2
44471,62,72,-10,10
44472,119,116,3,3
44473,105,103,2,2
44474,93,84,9,9
44475,109,107,2,2
44476,132,129,3,3
44477,83,120,-37,37
44478,46,46,0,0
44479,170,156,14,14
44480,217,179,38,38
44481,119,127,-8,8
44482,140,158,-18,18
44483,106,107,-1,1
44484,100,103,-3,3
44485,61,63,-2,2
44486,111,132,-21,21
44487,117,108,9,9
44488,68,81,-13,13
44489,94,94,0,0
44490,74,70,4,4
44491,109,118,-9,9
44492,98,121,-23,23
44493,103,96,7,7
44494,78,93,-15,15
44495,80,85,-5,5
44496,83,91,-8,8
44497,76,85,-9,9
44498,110,122,-12,12
44499,152,145,7,7
44500,81,70,11,11
44501,133,130,3,3
44502,66,65,1,1
44503,102,97,5,5
44504,102,101,1,1
44505,53,55,-2,2
44506,139,146,-7,7
44507,133,125,8,8
44508,57,57,0,0
44509,61,62,-1,1
44510,116,101,15,15
44511,97,90,7,7
44512,187,189,-2,2
44513,62,61,1,1
44514,102,106,-4,4
44515,62,75,-13,13
44516,48,42,6,6
44517,108,116,-8,8
44518,68,65,3,3
44519,112,115,-3,3
44520,154,150,4,4
44521,76,84,-8,8
44522,110,120,-10,10
44523,89,97,-8,8
44524,128,125,3,3
44525,61,71,-10,10
44526,60,71,-11,11
44527,143,144,-1,1
44528,107,111,-4,4
44529,76,68,8,8
44530,79,82,-3,3
44531,65,63,2,2
44532,104,111,-7,7
44533,145,146,-1,1
44534,86,73,13,13
44535,83,85,-2,2
44536,88,90,-2,2
44537,178,165,13,13
44538,116,122,-6,6
44539,105,123,-18,18
44540,72,82,-10,10
44541,77,75,2,2
44542,56,56,0,0
44543,109,97,12,12
44544,45,44,1,1
44545,106,105,1,1
44546,42,47,-5,5
44547,118,118,0,0
44548,102,105,-3,3
44549,47,59,-12,12
44550,70,77,-7,7
44551,103,103,0,0
44552,123,122,1,1
44553,170,153,17,17
44554,124,133,-9,9
44555,98,107,-9,9
44556,57,67,-10,10
44557,122,133,-11,11
44558,59,58,1,1
44559,107,105,2,2
44560,73,73,0,0
44561,65,66,-1,1
44562,53,51,2,2
44563,152,145,7,7
44564,81,70,11,11
44565,87,87,0,0
44566,77,73,4,4
44567,129,137,-8,8
44568,165,158,7,7
44569,111,116,-5,5
44570,108,114,-6,6
44571,67,72,-5,5
44572,78,79,-1,1
44573,105,101,4,4
44574,72,70,2,2
44575,75,90,-15,15
44576,85,84,1,1
44577,57,61,-4,4
44578,115,127,-12,12
44579,74,74,0,0
44580,170,173,-3,3
44581,90,94,-4,4
44582,85,88,-3,3
44583,65,74,-9,9
44584,45,47,-2,2
44585,160,147,13,13
44586,160,144,16,16
44587,99,113,-14,14
44588,62,86,-24,24
44589,121,122,-1,1
44590,129,118,11,11
44591,98,103,-5,5
44592,104,100,4,4
44593,69,72,-3,3
44594,75,67,8,8
44595,95,91,4,4
44596,118,128,-10,10
44597,94,133,-39,39
44598,100,113,-13,13
44599,129,119,10,10
44600,118,126,-8,8
44601,57,156,-99,99
44602,68,73,-5,5
44603,123,122,1,1
44604,93,91,2,2
44605,53,70,-17,17
44606,92,90,2,2
44607,78,80,-2,2
44608,175,155,20,20
44609,115,131,-16,16
44610,70,80,-10,10
44611,161,139,22,22
44612,61,66,-5,5
44613,64,60,4,4
44614,86,88,-2,2
44615,84,82,2,2
44616,152,144,8,8
44617,116,122,-6,6
44618,53,55,-2,2
44619,57,63,-6,6
44620,68,74,-6,6
44621,178,175,3,3
44622,93,91,2,2
44623,120,114,6,6
44624,136,140,-4,4
44625,39,37,2,2
44626,102,113,-11,11
44627,167,157,10,10
44628,65,70,-5,5
44629,50,61,-11,11
44630,80,76,4,4
44631,126,108,18,18
44632,67,67,0,0
44633,59,71,-12,12
44634,116,116,0,0
44635,95,102,-7,7
44636,57,60,-3,3
44637,75,88,-13,13
44638,99,100,-1,1
44639,94,85,9,9
44640,65,67,-2,2
44641,90,94,-4,4
44642,126,114,12,12
44643,86,99,-13,13
44644,103,101,2,2
44645,92,111,-19,19
44646,120,124,-4,4
44647,86,85,1,1
44648,19,17,2,2
44649,138,130,8,8
44650,86,85,1,1
44651,126,145,-19,19
44652,103,84,19,19
44653,89,90,-1,1
44654,71,76,-5,5
44655,63,59,4,4
44656,76,80,-4,4
44657,154,146,8,8
44658,64,64,0,0
44659,73,75,-2,2
44660,61,52,9,9
44661,57,65,-8,8
44662,142,147,-5,5
44663,193,180,13,13
44664,58,86,-28,28
44665,89,102,-13,13
44666,88,90,-2,2
44667,121,119,2,2
44668,110,113,-3,3
44669,116,113,3,3
44670,100,98,2,2
44671,62,60,2,2
44672,100,108,-8,8
44673,146,133,13,13
44674,33,24,9,9
44675,105,114,-9,9
44676,93,99,-6,6
44677,48,56,-8,8
44678,74,65,9,9
44679,55,60,-5,5
44680,77,73,4,4
44681,83,60,23,23
44682,162,150,12,12
44683,59,63,-4,4
44684,196,192,4,4
44685,95,92,3,3
44686,64,63,1,1
44687,107,106,1,1
44688,163,148,15,15
44689,78,77,1,1
44690,66,79,-13,13
44691,62,67,-5,5
44692,109,101,8,8
44693,77,80,-3,3
44694,125,115,10,10
44695,103,101,2,2
44696,81,79,2,2
44697,50,56,-6,6
44698,116,131,-15,15
44699,70,60,10,10
44700,68,59,9,9
44701,96,97,-1,1
44702,155,129,26,26
44703,128,131,-3,3
44704,75,82,-7,7
44705,116,117,-1,1
44706,88,91,-3,3
44707,100,94,6,6
44708,73,76,-3,3
44709,140,139,1,1
44710,106,119,-13,13
44711,87,89,-2,2
44712,78,91,-13,13
44713,92,91,1,1
44714,109,110,-1,1
44715,69,74,-5,5
44716,174,155,19,19
44717,60,60,0,0
44718,61,56,5,5
44719,59,61,-2,2
44720,124,128,-4,4
44721,85,85,0,0
44722,136,119,17,17
44723,118,124,-6,6
44724,81,87,-6,6
44725,80,83,-3,3
44726,69,62,7,7
44727,60,63,-3,3
44728,63,67,-4,4
44729,46,29,17,17
44730,61,58,3,3
44731,65,81,-16,16
44732,104,114,-10,10
44733,144,132,12,12
44734,73,79,-6,6
44735,77,65,12,12
44736,96,96,0,0
44737,71,82,-11,11
44738,74,74,0,0
44739,60,63,-3,3
44740,80,80,0,0
44741,74,81,-7,7
44742,168,148,20,20
44743,145,137,8,8
44744,86,90,-4,4
44745,137,133,4,4
44746,121,121,0,0
44747,91,83,8,8
44748,68,71,-3,3
44749,78,63,15,15
44750,84,85,-1,1
44751,150,145,5,5
44752,103,94,9,9
44753,79,77,2,2
44754,63,63,0,0
44755,70,74,-4,4
44756,229,225,4,4
44757,130,141,-11,11
44758,81,95,-14,14
44759,112,104,8,8
44760,134,117,17,17
44761,82,88,-6,6
44762,152,198,-46,46
44763,90,113,-23,23
44764,105,117,-12,12
44765,138,142,-4,4
44766,95,102,-7,7
44767,86,77,9,9
44768,91,88,3,3
44769,58,81,-23,23
44770,130,117,13,13
44771,154,148,6,6
44772,69,77,-8,8
44773,158,125,33,33
44774,136,138,-2,2
44775,56,59,-3,3
44776,86,71,15,15
44777,49,49,0,0
44778,138,138,0,0
44779,100,94,6,6
44780,146,142,4,4
44781,56,62,-6,6
44782,79,78,1,1
44783,53,39,14,14
44784,59,51,8,8
44785,64,61,3,3
44786,108,98,10,10
44787,66,63,3,3
44788,117,120,-3,3
44789,60,58,2,2
44790,51,52,-1,1
44791,104,113,-9,9
44792,92,107,-15,15
44793,87,76,11,11
44794,84,88,-4,4
44795,155,155,0,0
44796,100,112,-12,12
44797,43,45,-2,2
44798,72,64,8,8
44799,124,121,3,3
44800,116,133,-17,17
44801,159,139,20,20
44802,91,109,-18,18
44803,71,64,7,7
44804,158,146,12,12
44805,71,75,-4,4
44806,102,89,13,13
44807,117,117,0,0
44808,94,93,1,1
44809,79,87,-8,8
44810,51,54,-3,3
44811,63,60,3,3
44812,55,61,-6,6
44813,152,133,19,19
44814,78,63,15,15
44815,54,54,0,0
44816,80,79,1,1
44817,59,60,-1,1
44818,84,89,-5,5
44819,110,110,0,0
44820,124,111,13,13
44821,92,62,30,30
44822,126,134,-8,8
44823,130,125,5,5
44824,89,91,-2,2
44825,109,109,0,0
44826,87,100,-13,13
44827,75,68,7,7
44828,225,214,11,11
44829,182,176,6,6
44830,82,87,-5,5
44831,54,64,-10,10
44832,187,180,7,7
44833,128,137,-9,9
44834,87,80,7,7
44835,92,86,6,6
44836,58,65,-7,7
44837,63,65,-2,2
44838,100,95,5,5
44839,102,113,-11,11
44840,46,54,-8,8
44841,89,100,-11,11
44842,61,57,4,4
44843,134,133,1,1
44844,69,70,-1,1
44845,118,117,1,1
44846,153,144,9,9
44847,115,109,6,6
44848,88,80,8,8
44849,91,94,-3,3
44850,51,52,-1,1
44851,68,77,-9,9
44852,155,150,5,5
44853,52,42,10,10
44854,71,72,-1,1
44855,100,93,7,7
44856,81,77,4,4
44857,168,166,2,2
44858,80,79,1,1
44859,83,88,-5,5
44860,90,98,-8,8
44861,99,94,5,5
44862,45,42,3,3
44863,110,119,-9,9
44864,118,104,14,14
44865,98,103,-5,5
44866,162,152,10,10
44867,54,45,9,9
44868,80,85,-5,5
44869,91,82,9,9
44870,81,72,9,9
44871,89,94,-5,5
44872,58,60,-2,2
44873,194,192,2,2
44874,78,79,-1,1
44875,63,60,3,3
44876,61,61,0,0
44877,98,92,6,6
44878,95,94,1,1
44879,97,91,6,6
44880,96,109,-13,13
44881,89,85,4,4
44882,154,141,13,13
44883,51,57,-6,6
44884,117,103,14,14
44885,42,66,-24,24
44886,92,89,3,3
44887,91,94,-3,3
44888,162,167,-5,5
44889,75,76,-1,1
44890,104,104,0,0
44891,117,123,-6,6
44892,74,83,-9,9
44893,52,55,-3,3
44894,77,82,-5,5
44895,83,84,-1,1
44896,71,78,-7,7
44897,57,55,2,2
44898,62,62,0,0
44899,114,114,0,0
44900,58,61,-3,3
44901,120,137,-17,17
44902,74,77,-3,3
44903,95,78,17,17
44904,63,75,-12,12
44905,84,105,-21,21
44906,57,56,1,1
44907,70,74,-4,4
44908,71,83,-12,12
44909,71,60,11,11
44910,140,123,17,17
44911,116,126,-10,10
44912,62,66,-4,4
44913,96,113,-17,17
44914,73,78,-5,5
44915,79,79,0,0
44916,97,90,7,7
44917,80,74,6,6
44918,76,77,-1,1
44919,67,66,1,1
44920,176,158,18,18
44921,71,85,-14,14
44922,89,89,0,0
44923,75,77,-2,2
44924,142,132,10,10
44925,96,95,1,1
44926,70,77,-7,7
44927,134,130,4,4
44928,123,121,2,2
44929,71,77,-6,6
44930,45,58,-13,13
44931,102,102,0,0
44932,130,137,-7,7
44933,134,134,0,0
44934,71,84,-13,13
44935,111,126,-15,15
44936,134,123,11,11
44937,131,118,13,13
44938,136,160,-24,24
44939,116,114,2,2
44940,156,147,9,9
44941,139,125,14,14
44942,102,104,-2,2
44943,69,77,-8,8
44944,81,77,4,4
44945,109,113,-4,4
44946,94,93,1,1
44947,77,76,1,1
44948,173,177,-4,4
44949,70,84,-14,14
44950,77,82,-5,5
44951,95,89,6,6
44952,96,95,1,1
44953,90,89,1,1
44954,47,70,-23,23
44955,116,115,1,1
44956,84,77,7,7
44957,62,62,0,0
44958,128,148,-20,20
44959,83,85,-2,2
44960,90,101,-11,11
44961,86,90,-4,4
44962,113,118,-5,5
44963,153,141,12,12
44964,90,97,-7,7
44965,96,104,-8,8
44966,76,86,-10,10
44967,73,77,-4,4
44968,98,97,1,1
44969,23,39,-16,16
44970,57,61,-4,4
44971,65,55,10,10
44972,107,110,-3,3
44973,140,133,7,7
44974,112,95,17,17
44975,149,151,-2,2
44976,100,82,18,18
44977,100,102,-2,2
44978,64,55,9,9
44979,89,93,-4,4
44980,154,149,5,5
44981,53,56,-3,3
44982,45,35,10,10
44983,61,63,-2,2
44984,108,115,-7,7
44985,88,89,-1,1
44986,109,129,-20,20
44987,143,128,15,15
44988,91,106,-15,15
44989,102,106,-4,4
44990,61,61,0,0
44991,85,90,-5,5
44992,121,100,21,21
44993,65,62,3,3
44994,56,53,3,3
44995,103,110,-7,7
44996,111,96,15,15
44997,102,98,4,4
44998,99,95,4,4
44999,97,126,-29,29
45000,79,76,3,3
45001,139,134,5,5
45002,107,94,13,13
45003,166,168,-2,2
45004,51,55,-4,4
45005,75,72,3,3
45006,113,113,0,0
45007,69,99,-30,30
45008,129,127,2,2
45009,197,184,13,13
45010,104,111,-7,7
45011,99,112,-13,13
45012,86,69,17,17
45013,95,86,9,9
45014,138,135,3,3
45015,78,82,-4,4
45016,47,86,-39,39
45017,56,56,0,0
45018,62,67,-5,5
45019,64,71,-7,7
45020,105,90,15,15
45021,104,102,2,2
45022,140,132,8,8
45023,84,105,-21,21
45024,126,131,-5,5
45025,82,80,2,2
45026,75,73,2,2
45027,92,90,2,2
45028,77,77,0,0
45029,100,95,5,5
45030,140,148,-8,8
45031,67,57,10,10
45032,117,121,-4,4
45033,54,59,-5,5
45034,81,89,-8,8
45035,130,128,2,2
45036,100,104,-4,4
45037,86,84,2,2
45038,57,60,-3,3
45039,115,105,10,10
45040,147,139,8,8
45041,86,94,-8,8
45042,39,39,0,0
45043,79,82,-3,3
45044,89,100,-11,11
45045,70,67,3,3
45046,73,77,-4,4
45047,113,98,15,15
45048,99,110,-11,11
45049,78,77,1,1
45050,132,133,-1,1
45051,79,93,-14,14
45052,143,142,1,1
45053,57,62,-5,5
45054,49,50,-1,1
45055,85,87,-2,2
45056,49,78,-29,29
45057,96,87,9,9
45058,87,88,-1,1
45059,151,124,27,27
45060,147,141,6,6
45061,94,98,-4,4
45062,91,96,-5,5
45063,56,55,1,1
45064,123,135,-12,12
45065,188,162,26,26
45066,55,47,8,8
45067,117,110,7,7
45068,106,106,0,0
45069,109,119,-10,10
45070,61,48,13,13
45071,46,53,-7,7
45072,62,57,5,5
45073,102,105,-3,3
45074,62,63,-1,1
45075,85,87,-2,2
45076,89,93,-4,4
45077,96,95,1,1
45078,132,133,-1,1
45079,94,96,-2,2
45080,118,103,15,15
45081,73,71,2,2
45082,69,67,2,2
45083,57,59,-2,2
45084,86,90,-4,4
45085,130,117,13,13
45086,144,131,13,13
45087,67,68,-1,1
45088,64,107,-43,43
45089,85,86,-1,1
45090,104,113,-9,9
45091,109,109,0,0
45092,110,116,-6,6
45093,129,126,3,3
45094,97,93,4,4
45095,85,81,4,4
45096,104,103,1,1
45097,77,83,-6,6
45098,81,87,-6,6
45099,97,94,3,3
45100,130,141,-11,11
45101,67,69,-2,2
45102,55,55,0,0
45103,92,77,15,15
45104,83,87,-4,4
45105,135,141,-6,6
45106,69,64,5,5
45107,109,109,0,0
45108,98,88,10,10
45109,95,90,5,5
45110,121,147,-26,26
45111,80,74,6,6
45112,79,72,7,7
45113,123,131,-8,8
45114,117,118,-1,1
45115,59,64,-5,5
45116,89,96,-7,7
45117,82,80,2,2
45118,117,108,9,9
45119,69,74,-5,5
45120,123,121,2,2
45121,57,70,-13,13
45122,87,78,9,9
45123,105,103,2,2
45124,108,109,-1,1
45125,76,78,-2,2
45126,74,103,-29,29
45127,84,66,18,18
45128,96,103,-7,7
45129,78,76,2,2
45130,76,82,-6,6
45131,88,103,-15,15
45132,89,99,-10,10
45133,90,93,-3,3
45134,60,56,4,4
45135,53,58,-5,5
45136,67,67,0,0
45137,89,99,-10,10
45138,149,143,6,6
45139,95,99,-4,4
45140,109,124,-15,15
45141,169,170,-1,1
45142,78,74,4,4
45143,122,118,4,4
45144,48,65,-17,17
45145,108,121,-13,13
45146,90,90,0,0
45147,147,145,2,2
45148,69,64,5,5
45149,112,101,11,11
45150,158,150,8,8
45151,123,137,-14,14
45152,42,45,-3,3
45153,135,132,3,3
45154,148,134,14,14
45155,109,108,1,1
45156,73,71,2,2
45157,88,81,7,7
45158,90,82,8,8
45159,55,57,-2,2
45160,83,93,-10,10
45161,54,46,8,8
45162,85,87,-2,2
45163,75,73,2,2
45164,121,123,-2,2
45165,65,65,0,0
45166,77,73,4,4
45167,102,101,1,1
45168,104,117,-13,13
45169,67,62,5,5
45170,134,128,6,6
45171,107,105,2,2
45172,87,90,-3,3
45173,168,160,8,8
45174,145,147,-2,2
45175,127,142,-15,15
45176,168,155,13,13
45177,113,107,6,6
45178,64,69,-5,5
45179,64,67,-3,3
45180,83,87,-4,4
45181,83,84,-1,1
45182,125,123,2,2
45183,61,62,-1,1
45184,40,50,-10,10
45185,57,53,4,4
45186,153,137,16,16
45187,101,107,-6,6
45188,83,84,-1,1
45189,89,101,-12,12
45190,111,113,-2,2
45191,77,85,-8,8
45192,127,121,6,6
45193,128,121,7,7
45194,146,135,11,11
45195,49,53,-4,4
45196,49,57,-8,8
45197,57,65,-8,8
45198,89,89,0,0
45199,88,111,-23,23
45200,153,173,-20,20
45201,71,74,-3,3
45202,135,131,4,4
45203,109,99,10,10
45204,73,59,14,14
45205,185,235,-50,50
45206,69,71,-2,2
45207,109,111,-2,2
45208,74,84,-10,10
45209,181,161,20,20
45210,96,100,-4,4
45211,93,110,-17,17
45212,60,57,3,3
45213,104,102,2,2
45214,67,65,2,2
45215,89,96,-7,7
45216,128,122,6,6
45217,100,100,0,0
45218,96,95,1,1
45219,90,78,12,12
45220,68,69,-1,1
45221,126,117,9,9
45222,54,60,-6,6
45223,106,106,0,0
45224,63,63,0,0
45225,113,96,17,17
45226,45,60,-15,15
45227,98,94,4,4
45228,156,147,9,9
45229,52,51,1,1
45230,134,121,13,13
45231,74,69,5,5
45232,102,102,0,0
45233,100,97,3,3
45234,62,67,-5,5
45235,82,76,6,6
45236,105,98,7,7
45237,69,70,-1,1
45238,124,142,-18,18
45239,118,110,8,8
45240,82,82,0,0
45241,63,68,-5,5
45242,70,69,1,1
45243,68,67,1,1
45244,121,112,9,9
45245,73,83,-10,10
45246,51,52,-1,1
45247,81,74,7,7
45248,146,125,21,21
45249,88,84,4,4
45250,101,99,2,2
45251,126,133,-7,7
45252,119,123,-4,4
45253,113,120,-7,7
45254,172,143,29,29
45255,81,82,-1,1
45256,90,87,3,3
45257,110,113,-3,3
45258,134,142,-8,8
45259,37,49,-12,12
45260,62,61,1,1
45261,65,58,7,7
45262,52,48,4,4
45263,76,85,-9,9
45264,116,127,-11,11
45265,98,135,-37,37
45266,61,66,-5,5
45267,84,84,0,0
45268,153,138,15,15
45269,72,67,5,5
45270,77,75,2,2
45271,86,86,0,0
45272,99,104,-5,5
45273,124,120,4,4
45274,66,62,4,4
45275,76,81,-5,5
45276,67,53,14,14
45277,133,117,16,16
45278,91,89,2,2
45279,71,84,-13,13
45280,207,191,16,16
45281,65,66,-1,1
45282,97,109,-12,12
45283,131,138,-7,7
45284,120,114,6,6
45285,59,58,1,1
45286,124,120,4,4
45287,74,76,-2,2
45288,101,100,1,1
45289,85,93,-8,8
45290,85,86,-1,1
45291,137,126,11,11
45292,76,73,3,3
45293,136,143,-7,7
45294,139,139,0,0
45295,49,56,-7,7
45296,136,133,3,3
45297,75,73,2,2
45298,109,113,-4,4
45299,53,54,-1,1
45300,110,109,1,1
45301,59,54,5,5
45302,119,120,-1,1
45303,86,81,5,5
45304,139,129,10,10
45305,132,112,20,20
45306,191,180,11,11
45307,87,87,0,0
45308,90,96,-6,6
45309,122,125,-3,3
45310,73,65,8,8
45311,122,111,11,11
45312,93,98,-5,5
45313,46,52,-6,6
45314,84,89,-5,5
45315,103,98,5,5
45316,39,36,3,3
45317,96,106,-10,10
45318,72,74,-2,2
45319,146,128,18,18
45320,80,91,-11,11
45321,68,61,7,7
45322,49,50,-1,1
45323,110,107,3,3
45324,117,120,-3,3
45325,121,109,12,12
45326,55,69,-14,14
45327,149,158,-9,9
45328,78,78,0,0
45329,60,65,-5,5
45330,161,147,14,14
45331,95,96,-1,1
45332,75,64,11,11
45333,92,99,-7,7
45334,112,130,-18,18
45335,67,71,-4,4
45336,91,90,1,1
45337,109,100,9,9
45338,177,161,16,16
45339,105,117,-12,12
45340,82,77,5,5
45341,89,79,10,10
45342,109,104,5,5
45343,67,92,-25,25
45344,117,131,-14,14
45345,96,94,2,2
45346,49,55,-6,6
45347,110,105,5,5
45348,57,54,3,3
45349,118,96,22,22
45350,120,116,4,4
45351,77,90,-13,13
45352,107,100,7,7
45353,60,61,-1,1
45354,70,70,0,0
45355,115,115,0,0
45356,70,76,-6,6
45357,70,55,15,15
45358,96,118,-22,22
45359,72,83,-11,11
45360,72,70,2,2
45361,67,77,-10,10
45362,170,150,20,20
45363,57,61,-4,4
45364,67,66,1,1
45365,85,89,-4,4
45366,95,114,-19,19
45367,119,146,-27,27
45368,84,80,4,4
45369,65,90,-25,25
45370,225,229,-4,4
45371,97,98,-1,1
45372,81,87,-6,6
45373,104,104,0,0
45374,23,25,-2,2
45375,75,81,-6,6
45376,115,124,-9,9
45377,111,103,8,8
45378,60,59,1,1
45379,72,74,-2,2
45380,100,100,0,0
45381,85,82,3,3
45382,60,65,-5,5
45383,55,63,-8,8
45384,120,124,-4,4
45385,121,134,-13,13
45386,79,76,3,3
45387,89,89,0,0
45388,127,122,5,5
45389,86,87,-1,1
45390,58,52,6,6
45391,99,93,6,6
45392,126,133,-7,7
45393,53,47,6,6
45394,55,56,-1,1
45395,107,108,-1,1
45396,67,63,4,4
45397,83,96,-13,13
45398,81,96,-15,15
45399,92,95,-3,3
45400,109,112,-3,3
45401,148,149,-1,1
45402,115,125,-10,10
45403,124,119,5,5
45404,103,102,1,1
45405,122,121,1,1
45406,104,106,-2,2
45407,58,49,9,9
45408,68,71,-3,3
45409,83,93,-10,10
45410,51,55,-4,4
45411,84,83,1,1
45412,129,140,-11,11
45413,64,68,-4,4
45414,150,137,13,13
45415,48,47,1,1
45416,67,59,8,8
45417,72,74,-2,2
45418,101,100,1,1
45419,68,61,7,7
45420,135,141,-6,6
45421,98,118,-20,20
45422,73,75,-2,2
45423,93,104,-11,11
45424,161,161,0,0
45425,58,63,-5,5
45426,125,130,-5,5
45427,91,98,-7,7
45428,82,80,2,2
45429,82,89,-7,7
45430,89,98,-9,9
45431,45,43,2,2
45432,56,118,-62,62
45433,152,176,-24,24
45434,110,103,7,7
45435,81,80,1,1
45436,43,49,-6,6
45437,154,156,-2,2
45438,82,77,5,5
45439,104,112,-8,8
45440,78,89,-11,11
45441,130,119,11,11
45442,66,76,-10,10
45443,86,90,-4,4
45444,98,105,-7,7
45445,106,98,8,8
45446,78,84,-6,6
45447,89,75,14,14
45448,84,95,-11,11
45449,111,100,11,11
45450,73,76,-3,3
45451,115,142,-27,27
45452,174,169,5,5
45453,87,78,9,9
45454,102,105,-3,3
45455,77,68,9,9
45456,37,30,7,7
45457,131,132,-1,1
45458,104,106,-2,2
45459,109,141,-32,32
45460,89,84,5,5
45461,108,106,2,2
45462,158,152,6,6
45463,69,70,-1,1
45464,89,81,8,8
45465,42,43,-1,1
45466,97,90,7,7
45467,70,79,-9,9
45468,116,117,-1,1
45469,138,148,-10,10
45470,110,106,4,4
45471,105,95,10,10
45472,51,68,-17,17
45473,94,102,-8,8
45474,75,75,0,0
45475,129,131,-2,2
45476,88,86,2,2
45477,100,95,5,5
45478,79,81,-2,2
45479,176,168,8,8
45480,86,83,3,3
45481,88,101,-13,13
45482,105,115,-10,10
45483,140,133,7,7
45484,72,74,-2,2
45485,111,96,15,15
45486,105,98,7,7
45487,191,179,12,12
45488,120,121,-1,1
45489,99,105,-6,6
45490,45,49,-4,4
45491,94,94,0,0
45492,80,94,-14,14
45493,85,81,4,4
45494,74,69,5,5
45495,78,84,-6,6
45496,131,116,15,15
45497,95,93,2,2
45498,59,61,-2,2
45499,72,62,10,10
45500,108,109,-1,1
45501,71,80,-9,9
45502,74,65,9,9
45503,134,143,-9,9
45504,101,110,-9,9
45505,68,53,15,15
45506,127,138,-11,11
45507,195,172,23,23
45508,73,79,-6,6
45509,77,81,-4,4
45510,79,74,5,5
45511,59,52,7,7
45512,115,105,10,10
45513,79,79,0,0
45514,91,89,2,2
45515,82,84,-2,2
45516,72,73,-1,1
45517,63,74,-11,11
45518,89,84,5,5
45519,69,73,-4,4
45520,62,91,-29,29
45521,45,50,-5,5
45522,87,93,-6,6
45523,75,85,-10,10
45524,105,106,-1,1
45525,93,98,-5,5
45526,104,109,-5,5
45527,86,88,-2,2
45528,159,153,6,6
45529,93,90,3,3
45530,112,115,-3,3
45531,120,124,-4,4
45532,62,45,17,17
45533,108,109,-1,1
45534,124,119,5,5
45535,167,147,20,20
45536,163,158,5,5
45537,113,110,3,3
45538,98,89,9,9
45539,64,75,-11,11
45540,120,115,5,5
45541,52,54,-2,2
45542,42,39,3,3
45543,131,139,-8,8
45544,95,86,9,9
45545,85,84,1,1
45546,71,70,1,1
45547,116,115,1,1
45548,91,81,10,10
45549,94,93,1,1
45550,52,58,-6,6
45551,84,109,-25,25
45552,61,53,8,8
45553,101,104,-3,3
45554,97,98,-1,1
45555,96,108,-12,12
45556,141,144,-3,3
45557,124,120,4,4
45558,72,66,6,6
45559,79,132,-53,53
45560,155,157,-2,2
45561,112,121,-9,9
45562,63,61,2,2
45563,73,72,1,1
45564,67,64,3,3
45565,61,61,0,0
45566,114,116,-2,2
45567,33,29,4,4
45568,64,70,-6,6
45569,79,76,3,3
45570,149,154,-5,5
45571,97,96,1,1
45572,84,84,0,0
45573,134,138,-4,4
45574,85,93,-8,8
45575,123,111,12,12
45576,97,75,22,22
45577,69,70,-1,1
45578,116,104,12,12
45579,92,81,11,11
45580,125,131,-6,6
45581,103,97,6,6
45582,99,89,10,10
45583,154,162,-8,8
45584,102,99,3,3
45585,53,55,-2,2
45586,104,104,0,0
45587,218,189,29,29
45588,57,59,-2,2
45589,154,151,3,3
45590,141,145,-4,4
45591,113,119,-6,6
45592,69,71,-2,2
45593,87,105,-18,18
45594,126,125,1,1
45595,99,101,-2,2
45596,85,90,-5,5
45597,78,96,-18,18
45598,85,78,7,7
45599,77,72,5,5
45600,97,101,-4,4
45601,67,75,-8,8
45602,114,113,1,1
45603,130,132,-2,2
45604,127,117,10,10
45605,66,64,2,2
45606,74,82,-8,8
45607,117,126,-9,9
45608,57,58,-1,1
45609,169,162,7,7
45610,79,83,-4,4
45611,122,137,-15,15
45612,117,121,-4,4
45613,82,84,-2,2
45614,119,117,2,2
45615,105,110,-5,5
45616,121,114,7,7
45617,107,100,7,7
45618,63,63,0,0
45619,76,85,-9,9
45620,141,101,40,40
45621,76,76,0,0
45622,189,167,22,22
45623,78,83,-5,5
45624,105,119,-14,14
45625,69,72,-3,3
45626,95,99,-4,4
45627,55,58,-3,3
45628,85,79,6,6
45629,62,70,-8,8
45630,72,70,2,2
45631,91,96,-5,5
45632,78,89,-11,11
45633,69,73,-4,4
45634,58,54,4,4
45635,104,96,8,8
45636,90,95,-5,5
45637,45,59,-14,14
45638,109,105,4,4
45639,174,167,7,7
45640,102,119,-17,17
45641,72,76,-4,4
45642,93,102,-9,9
45643,88,120,-32,32
45644,147,138,9,9
45645,116,116,0,0
45646,71,97,-26,26
45647,59,58,1,1
45648,110,116,-6,6
45649,112,109,3,3
45650,67,48,19,19
45651,63,69,-6,6
45652,99,89,10,10
45653,71,68,3,3
45654,61,70,-9,9
45655,145,172,-27,27
45656,59,66,-7,7
45657,91,100,-9,9
45658,97,102,-5,5
45659,67,67,0,0
45660,75,71,4,4
45661,107,95,12,12
45662,47,55,-8,8
45663,111,116,-5,5
45664,122,110,12,12
45665,145,147,-2,2
45666,133,116,17,17
45667,90,92,-2,2
45668,153,160,-7,7
45669,83,72,11,11
45670,44,53,-9,9
45671,64,61,3,3
45672,74,78,-4,4
45673,98,101,-3,3
45674,117,90,27,27
45675,83,97,-14,14
45676,52,52,0,0
45677,74,81,-7,7
45678,128,124,4,4
45679,75,76,-1,1
45680,71,72,-1,1
45681,72,73,-1,1
45682,80,77,3,3
45683,98,95,3,3
45684,138,134,4,4
45685,161,154,7,7
45686,152,143,9,9
45687,117,119,-2,2
45688,96,101,-5,5
45689,76,84,-8,8
45690,150,152,-2,2
45691,71,80,-9,9
45692,127,132,-5,5
45693,93,94,-1,1
45694,116,118,-2,2
45695,128,119,9,9
45696,47,42,5,5
45697,53,55,-2,2
45698,173,171,2,2
45699,84,94,-10,10
45700,74,71,3,3
45701,40,44,-4,4
45702,125,112,13,13
45703,100,110,-10,10
45704,62,63,-1,1
45705,120,109,11,11
45706,163,133,30,30
45707,111,113,-2,2
45708,62,70,-8,8
45709,104,112,-8,8
45710,96,92,4,4
45711,71,69,2,2
45712,94,101,-7,7
45713,109,110,-1,1
45714,46,61,-15,15
45715,94,88,6,6
45716,52,54,-2,2
45717,88,79,9,9
45718,68,82,-14,14
45719,193,203,-10,10
45720,137,135,2,2
45721,109,107,2,2
45722,97,100,-3,3
45723,114,104,10,10
45724,90,91,-1,1
45725,57,81,-24,24
45726,119,112,7,7
45727,157,147,10,10
45728,86,87,-1,1
45729,108,109,-1,1
45730,82,82,0,0
45731,111,104,7,7
45732,110,111,-1,1
45733,108,115,-7,7
45734,92,87,5,5
45735,38,36,2,2
45736,92,94,-2,2
45737,92,89,3,3
45738,68,64,4,4
45739,74,85,-11,11
45740,83,89,-6,6
45741,106,89,17,17
45742,86,92,-6,6
45743,78,60,18,18
45744,155,159,-4,4
45745,116,122,-6,6
45746,129,99,30,30
45747,99,100,-1,1
45748,114,111,3,3
45749,103,90,13,13
45750,82,70,12,12
45751,50,51,-1,1
45752,86,83,3,3
45753,82,76,6,6
45754,82,98,-16,16
45755,50,56,-6,6
45756,88,77,11,11
45757,86,85,1,1
45758,103,96,7,7
45759,60,60,0,0
45760,68,70,-2,2
45761,86,56,30,30
45762,85,84,1,1
45763,80,82,-2,2
45764,58,69,-11,11
45765,63,77,-14,14
45766,117,126,-9,9
45767,97,105,-8,8
45768,59,58,1,1
45769,66,71,-5,5
45770,121,133,-12,12
45771,77,73,4,4
45772,47,45,2,2
45773,61,66,-5,5
45774,128,122,6,6
45775,225,217,8,8
45776,145,133,12,12
45777,125,149,-24,24
45778,40,45,-5,5
45779,94,93,1,1
45780,103,102,1,1
45781,137,136,1,1
45782,151,145,6,6
45783,98,102,-4,4
45784,115,119,-4,4
45785,77,74,3,3
45786,75,93,-18,18
45787,75,77,-2,2
45788,117,116,1,1
45789,133,141,-8,8
45790,89,103,-14,14
45791,92,103,-11,11
45792,66,65,1,1
45793,26,31,-5,5
45794,135,123,12,12
45795,82,85,-3,3
45796,44,40,4,4
45797,79,51,28,28
45798,135,133,2,2
45799,122,129,-7,7
45800,177,165,12,12
45801,93,91,2,2
45802,54,52,2,2
45803,104,121,-17,17
45804,69,67,2,2
45805,64,69,-5,5
45806,113,123,-10,10
45807,69,66,3,3
45808,127,135,-8,8
45809,115,117,-2,2
45810,75,76,-1,1
45811,81,77,4,4
45812,35,39,-4,4
45813,120,115,5,5
45814,86,92,-6,6
45815,111,109,2,2
45816,149,136,13,13
45817,86,82,4,4
45818,122,116,6,6
45819,80,99,-19,19
45820,91,88,3,3
45821,106,107,-1,1
45822,30,68,-38,38
45823,84,85,-1,1
45824,159,133,26,26
45825,76,79,-3,3
45826,73,78,-5,5
45827,78,82,-4,4
45828,271,295,-24,24
45829,138,137,1,1
45830,72,79,-7,7
45831,77,55,22,22
45832,94,88,6,6
45833,101,109,-8,8
45834,72,70,2,2
45835,101,112,-11,11
45836,120,126,-6,6
45837,159,159,0,0
45838,78,80,-2,2
45839,78,87,-9,9
45840,106,104,2,2
45841,87,97,-10,10
45842,62,65,-3,3
45843,106,112,-6,6
45844,127,130,-3,3
45845,101,94,7,7
45846,56,54,2,2
45847,41,55,-14,14
45848,83,84,-1,1
45849,128,133,-5,5
45850,86,75,11,11
45851,82,91,-9,9
45852,104,97,7,7
45853,116,128,-12,12
45854,115,92,23,23
45855,81,88,-7,7
45856,82,98,-16,16
45857,88,81,7,7
45858,115,123,-8,8
45859,170,157,13,13
45860,110,112,-2,2
45861,228,194,34,34
45862,161,146,15,15
45863,72,82,-10,10
45864,171,154,17,17
45865,117,113,4,4
45866,116,114,2,2
45867,60,54,6,6
45868,113,124,-11,11
45869,121,118,3,3
45870,41,56,-15,15
45871,98,96,2,2
45872,83,80,3,3
45873,56,54,2,2
45874,107,103,4,4
45875,90,87,3,3
45876,91,100,-9,9
45877,68,70,-2,2
45878,131,122,9,9
45879,95,102,-7,7
45880,93,92,1,1
45881,99,92,7,7
45882,195,183,12,12
45883,124,121,3,3
45884,124,121,3,3
45885,44,83,-39,39
45886,63,64,-1,1
45887,175,155,20,20
45888,127,120,7,7
45889,113,115,-2,2
45890,118,102,16,16
45891,99,106,-7,7
45892,89,93,-4,4
45893,64,64,0,0
45894,73,74,-1,1
45895,104,101,3,3
45896,50,65,-15,15
45897,94,69,25,25
45898,115,116,-1,1
45899,91,89,2,2
45900,80,82,-2,2
45901,81,87,-6,6
45902,80,83,-3,3
45903,100,96,4,4
45904,123,117,6,6
45905,89,90,-1,1
45906,71,57,14,14
45907,162,137,25,25
45908,152,139,13,13
45909,69,72,-3,3
45910,81,92,-11,11
45911,71,79,-8,8
45912,90,83,7,7
45913,104,103,1,1
45914,106,97,9,9
45915,66,65,1,1
45916,66,64,2,2
45917,79,101,-22,22
45918,45,48,-3,3
45919,89,86,3,3
45920,105,101,4,4
45921,59,48,11,11
45922,103,91,12,12
45923,116,117,-1,1
45924,93,94,-1,1
45925,116,145,-29,29
45926,133,124,9,9
45927,86,87,-1,1
45928,86,76,10,10
45929,65,44,21,21
45930,139,121,18,18
45931,117,127,-10,10
45932,67,63,4,4
45933,119,102,17,17
45934,81,98,-17,17
45935,127,135,-8,8
45936,142,142,0,0
45937,87,94,-7,7
45938,70,75,-5,5
45939,79,86,-7,7
45940,119,121,-2,2
45941,73,69,4,4
45942,72,68,4,4
45943,87,89,-2,2
45944,108,108,0,0
45945,120,117,3,3
45946,82,79,3,3
45947,97,100,-3,3
45948,73,79,-6,6
45949,69,61,8,8
45950,96,93,3,3
45951,44,40,4,4
45952,104,102,2,2
45953,68,71,-3,3
45954,108,87,21,21
45955,81,89,-8,8
45956,124,124,0,0
45957,91,81,10,10
45958,116,136,-20,20
45959,41,38,3,3
45960,93,95,-2,2
45961,100,106,-6,6
45962,70,90,-20,20
45963,82,83,-1,1
45964,124,112,12,12
45965,168,160,8,8
45966,81,85,-4,4
45967,124,124,0,0
45968,74,71,3,3
45969,191,174,17,17
45970,99,100,-1,1
45971,72,79,-7,7
45972,92,100,-8,8
45973,122,126,-4,4
45974,104,96,8,8
45975,93,89,4,4
45976,50,51,-1,1
45977,79,86,-7,7
45978,86,91,-5,5
45979,147,161,-14,14
45980,129,139,-10,10
45981,135,147,-12,12
45982,124,105,19,19
45983,91,94,-3,3
45984,80,86,-6,6
45985,150,159,-9,9
45986,113,107,6,6
45987,74,69,5,5
45988,165,155,10,10
45989,105,97,8,8
45990,49,39,10,10
45991,96,104,-8,8
45992,115,125,-10,10
45993,132,147,-15,15
45994,111,102,9,9
45995,44,55,-11,11
45996,98,85,13,13
45997,52,50,2,2
45998,78,83,-5,5
45999,71,63,8,8
46000,30,29,1,1
46001,116,121,-5,5
46002,128,146,-18,18
46003,75,77,-2,2
46004,47,48,-1,1
46005,89,102,-13,13
46006,88,76,12,12
46007,102,100,2,2
46008,48,54,-6,6
46009,59,55,4,4
46010,131,122,9,9
46011,71,75,-4,4
46012,81,84,-3,3
46013,110,111,-1,1
46014,154,151,3,3
46015,120,133,-13,13
46016,155,140,15,15
46017,109,106,3,3
46018,71,82,-11,11
46019,81,79,2,2
46020,58,60,-2,2
46021,69,82,-13,13
46022,134,125,9,9
46023,99,115,-16,16
46024,71,80,-9,9
46025,99,100,-1,1
46026,76,80,-4,4
46027,98,80,18,18
46028,68,71,-3,3
46029,105,93,12,12
46030,109,105,4,4
46031,143,127,16,16
46032,112,110,2,2
46033,82,100,-18,18
46034,59,58,1,1
46035,170,156,14,14
46036,84,86,-2,2
46037,84,93,-9,9
46038,97,100,-3,3
46039,241,211,30,30
46040,216,195,21,21
46041,121,121,0,0
46042,72,64,8,8
46043,61,69,-8,8
46044,76,69,7,7
46045,140,136,4,4
46046,101,98,3,3
46047,92,84,8,8
46048,65,63,2,2
46049,62,67,-5,5
46050,62,66,-4,4
46051,172,147,25,25
46052,82,79,3,3
46053,118,118,0,0
46054,99,99,0,0
46055,121,113,8,8
46056,108,108,0,0
46057,96,76,20,20
46058,145,135,10,10
46059,111,150,-39,39
46060,46,54,-8,8
46061,74,65,9,9
46062,96,93,3,3
46063,60,56,4,4
46064,110,138,-28,28
46065,78,80,-2,2
46066,114,108,6,6
46067,154,166,-12,12
46068,165,145,20,20
46069,42,39,3,3
46070,91,88,3,3
46071,100,101,-1,1
46072,110,91,19,19
46073,67,75,-8,8
46074,68,75,-7,7
46075,137,111,26,26
46076,87,94,-7,7
46077,93,89,4,4
46078,86,89,-3,3
46079,200,194,6,6
46080,119,117,2,2
46081,176,167,9,9
46082,75,73,2,2
46083,125,118,7,7
46084,74,78,-4,4
46085,102,95,7,7
46086,53,52,1,1
46087,107,109,-2,2
46088,95,104,-9,9
46089,120,126,-6,6
46090,88,92,-4,4
46091,66,74,-8,8
46092,94,85,9,9
46093,137,140,-3,3
46094,67,72,-5,5
46095,83,78,5,5
46096,56,55,1,1
46097,139,118,21,21
46098,100,93,7,7
46099,78,92,-14,14
46100,103,98,5,5
46101,59,68,-9,9
46102,47,52,-5,5
46103,65,60,5,5
46104,112,107,5,5
46105,132,118,14,14
46106,82,90,-8,8
46107,118,115,3,3
46108,109,96,13,13
46109,91,83,8,8
46110,67,68,-1,1
46111,83,82,1,1
46112,79,81,-2,2
46113,26,17,9,9
46114,44,56,-12,12
46115,71,85,-14,14
46116,86,81,5,5
46117,77,77,0,0
46118,53,40,13,13
46119,98,100,-2,2
46120,144,149,-5,5
46121,89,84,5,5
46122,67,64,3,3
46123,147,141,6,6
46124,127,131,-4,4
46125,85,86,-1,1
46126,66,58,8,8
46127,89,74,15,15
46128,89,88,1,1
46129,75,76,-1,1
46130,72,63,9,9
46131,101,105,-4,4
46132,126,106,20,20
46133,62,60,2,2
46134,83,81,2,2
46135,151,139,12,12
46136,102,97,5,5
46137,215,203,12,12
46138,149,134,15,15
46139,133,127,6,6
46140,90,93,-3,3
46141,100,88,12,12
46142,57,55,2,2
46143,61,48,13,13
46144,41,40,1,1
46145,137,128,9,9
46146,164,152,12,12
46147,242,235,7,7
46148,99,100,-1,1
46149,51,52,-1,1
46150,68,68,0,0
46151,78,77,1,1
46152,120,120,0,0
46153,87,84,3,3
46154,105,98,7,7
46155,112,112,0,0
46156,87,88,-1,1
46157,88,89,-1,1
46158,71,70,1,1
46159,125,117,8,8
46160,73,76,-3,3
46161,108,109,-1,1
46162,76,79,-3,3
46163,45,43,2,2
46164,100,97,3,3
46165,76,81,-5,5
46166,158,170,-12,12
46167,92,86,6,6
46168,77,83,-6,6
46169,44,42,2,2
46170,115,116,-1,1
46171,85,88,-3,3
46172,109,107,2,2
46173,89,94,-5,5
46174,39,42,-3,3
46175,66,71,-5,5
46176,62,67,-5,5
46177,89,99,-10,10
46178,130,136,-6,6
46179,92,94,-2,2
46180,138,126,12,12
46181,118,108,10,10
46182,219,236,-17,17
46183,104,113,-9,9
46184,94,98,-4,4
46185,100,88,12,12
46186,54,47,7,7
46187,153,143,10,10
46188,84,84,0,0
46189,91,90,1,1
46190,46,50,-4,4
46191,53,62,-9,9
46192,77,71,6,6
46193,80,70,10,10
46194,138,132,6,6
46195,80,79,1,1
46196,138,127,11,11
46197,141,133,8,8
46198,91,89,2,2
46199,176,159,17,17
46200,117,123,-6,6
46201,69,76,-7,7
46202,108,115,-7,7
46203,101,99,2,2
46204,135,126,9,9
46205,115,117,-2,2
46206,102,105,-3,3
46207,56,62,-6,6
46208,96,102,-6,6
46209,69,68,1,1
46210,106,116,-10,10
46211,151,151,0,0
46212,110,105,5,5
46213,112,103,9,9
46214,134,123,11,11
46215,65,64,1,1
46216,66,65,1,1
46217,97,106,-9,9
46218,109,117,-8,8
46219,141,132,9,9
46220,78,88,-10,10
46221,94,106,-12,12
46222,64,69,-5,5
46223,47,60,-13,13
46224,79,85,-6,6
46225,104,113,-9,9
46226,39,25,14,14
46227,62,70,-8,8
46228,123,127,-4,4
46229,144,126,18,18
46230,108,121,-13,13
46231,183,157,26,26
46232,85,80,5,5
46233,49,46,3,3
46234,40,45,-5,5
46235,27,42,-15,15
46236,107,107,0,0
46237,135,142,-7,7
46238,129,107,22,22
46239,77,78,-1,1
46240,61,74,-13,13
46241,58,72,-14,14
46242,144,140,4,4
46243,53,56,-3,3
46244,95,102,-7,7
46245,82,75,7,7
46246,73,72,1,1
46247,174,178,-4,4
46248,101,97,4,4
46249,100,139,-39,39
46250,81,77,4,4
46251,94,89,5,5
46252,76,80,-4,4
46253,70,74,-4,4
46254,100,103,-3,3
46255,79,63,16,16
46256,83,89,-6,6
46257,90,96,-6,6
46258,136,126,10,10
46259,61,54,7,7
46260,106,108,-2,2
46261,90,89,1,1
46262,32,31,1,1
46263,100,111,-11,11
46264,74,67,7,7
46265,62,61,1,1
46266,101,98,3,3
46267,104,96,8,8
46268,94,95,-1,1
46269,95,107,-12,12
46270,134,142,-8,8
46271,134,136,-2,2
46272,77,76,1,1
46273,80,101,-21,21
46274,90,89,1,1
46275,128,119,9,9
46276,108,140,-32,32
46277,64,72,-8,8
46278,44,55,-11,11
46279,115,112,3,3
46280,49,53,-4,4
46281,64,78,-14,14
46282,64,66,-2,2
46283,128,125,3,3
46284,69,72,-3,3
46285,73,70,3,3
46286,38,35,3,3
46287,71,73,-2,2
46288,94,99,-5,5
46289,89,92,-3,3
46290,63,67,-4,4
46291,116,105,11,11
46292,83,90,-7,7
46293,38,29,9,9
46294,57,63,-6,6
46295,84,85,-1,1
46296,552,520,32,32
46297,75,71,4,4
46298,70,76,-6,6
46299,90,106,-16,16
46300,181,191,-10,10
46301,109,107,2,2
46302,99,114,-15,15
46303,99,97,2,2
46304,73,76,-3,3
46305,71,83,-12,12
46306,125,124,1,1
46307,142,145,-3,3
46308,125,125,0,0
46309,99,97,2,2
46310,127,127,0,0
46311,134,126,8,8
46312,87,82,5,5
46313,99,109,-10,10
46314,116,126,-10,10
46315,57,62,-5,5
46316,160,154,6,6
46317,104,95,9,9
46318,106,114,-8,8
46319,82,93,-11,11
46320,149,137,12,12
46321,122,144,-22,22
46322,46,50,-4,4
46323,44,52,-8,8
46324,47,59,-12,12
46325,46,66,-20,20
46326,103,111,-8,8
46327,118,123,-5,5
46328,62,64,-2,2
46329,61,66,-5,5
46330,90,99,-9,9
46331,87,76,11,11
46332,163,152,11,11
46333,108,117,-9,9
46334,68,90,-22,22
46335,128,119,9,9
46336,132,166,-34,34
46337,48,66,-18,18
46338,66,67,-1,1
46339,62,67,-5,5
46340,77,88,-11,11
46341,47,60,-13,13
46342,124,117,7,7
46343,95,98,-3,3
46344,65,65,0,0
46345,70,76,-6,6
46346,133,132,1,1
46347,98,105,-7,7
46348,138,149,-11,11
46349,93,96,-3,3
46350,136,127,9,9
46351,119,129,-10,10
46352,102,101,1,1
46353,106,124,-18,18
46354,75,75,0,0
46355,58,55,3,3
46356,130,127,3,3
46357,85,89,-4,4
46358,102,118,-16,16
46359,66,66,0,0
46360,83,95,-12,12
46361,85,88,-3,3
46362,122,119,3,3
46363,107,122,-15,15
46364,68,71,-3,3
46365,58,59,-1,1
46366,87,83,4,4
46367,67,69,-2,2
46368,74,77,-3,3
46369,68,59,9,9
46370,104,99,5,5
46371,158,156,2,2
46372,131,121,10,10
46373,103,107,-4,4
46374,109,117,-8,8
46375,64,67,-3,3
46376,123,109,14,14
46377,111,105,6,6
46378,38,45,-7,7
46379,59,49,10,10
46380,46,65,-19,19
46381,101,105,-4,4
46382,149,144,5,5
46383,116,110,6,6
46384,62,81,-19,19
46385,78,82,-4,4
46386,92,88,4,4
46387,109,105,4,4
46388,94,97,-3,3
46389,107,117,-10,10
46390,75,80,-5,5
46391,64,75,-11,11
46392,30,41,-11,11
46393,127,132,-5,5
46394,67,65,2,2
46395,109,114,-5,5
46396,187,169,18,18
46397,90,90,0,0
46398,123,120,3,3
46399,72,69,3,3
46400,124,124,0,0
46401,110,121,-11,11
46402,108,116,-8,8
46403,65,73,-8,8
46404,116,131,-15,15
46405,77,92,-15,15
46406,40,40,0,0
46407,108,113,-5,5
46408,159,153,6,6
46409,60,61,-1,1
46410,116,108,8,8
46411,124,139,-15,15
46412,94,97,-3,3
46413,90,75,15,15
46414,30,30,0,0
46415,89,97,-8,8
46416,89,87,2,2
46417,111,122,-11,11
46418,84,90,-6,6
46419,49,55,-6,6
46420,75,67,8,8
46421,136,127,9,9
46422,41,84,-43,43
46423,72,72,0,0
46424,173,170,3,3
46425,70,70,0,0
46426,90,93,-3,3
46427,153,148,5,5
46428,138,146,-8,8
46429,147,142,5,5
46430,116,130,-14,14
46431,148,143,5,5
46432,117,120,-3,3
46433,103,101,2,2
46434,123,121,2,2
46435,151,134,17,17
46436,126,126,0,0
46437,105,110,-5,5
46438,111,116,-5,5
46439,71,59,12,12
46440,99,122,-23,23
46441,59,69,-10,10
46442,104,98,6,6
46443,60,56,4,4
46444,88,84,4,4
46445,63,61,2,2
46446,186,175,11,11
46447,97,103,-6,6
46448,128,129,-1,1
46449,162,157,5,5
46450,74,74,0,0
46451,92,93,-1,1
46452,153,152,1,1
46453,97,103,-6,6
46454,116,113,3,3
46455,161,136,25,25
46456,73,67,6,6
46457,107,112,-5,5
46458,112,128,-16,16
46459,89,88,1,1
46460,92,99,-7,7
46461,83,84,-1,1
46462,108,117,-9,9
46463,108,117,-9,9
46464,49,49,0,0
46465,64,66,-2,2
46466,109,120,-11,11
46467,52,53,-1,1
46468,139,144,-5,5
46469,90,92,-2,2
46470,90,91,-1,1
46471,70,72,-2,2
46472,97,105,-8,8
46473,56,59,-3,3
46474,64,74,-10,10
46475,67,61,6,6
46476,48,51,-3,3
46477,69,65,4,4
46478,93,91,2,2
46479,144,143,1,1
46480,145,154,-9,9
46481,142,145,-3,3
46482,150,142,8,8
46483,58,57,1,1
46484,120,105,15,15
46485,102,100,2,2
46486,142,152,-10,10
46487,100,104,-4,4
46488,125,124,1,1
46489,84,80,4,4
46490,123,120,3,3
46491,145,149,-4,4
46492,86,89,-3,3
46493,73,75,-2,2
46494,97,101,-4,4
46495,57,57,0,0
46496,122,120,2,2
46497,71,53,18,18
46498,99,110,-11,11
46499,83,77,6,6
46500,165,147,18,18
46501,193,171,22,22
46502,104,95,9,9
46503,110,130,-20,20
46504,65,49,16,16
46505,72,74,-2,2
46506,76,77,-1,1
46507,173,172,1,1
46508,76,89,-13,13
46509,95,102,-7,7
46510,96,99,-3,3
46511,82,77,5,5
46512,91,101,-10,10
46513,88,87,1,1
46514,104,110,-6,6
46515,114,120,-6,6
46516,109,110,-1,1
46517,74,76,-2,2
46518,137,120,17,17
46519,93,93,0,0
46520,88,94,-6,6
46521,55,67,-12,12
46522,72,73,-1,1
46523,71,96,-25,25
46524,110,102,8,8
46525,114,114,0,0
46526,128,136,-8,8
46527,65,69,-4,4
46528,114,126,-12,12
46529,97,95,2,2
46530,117,153,-36,36
46531,72,76,-4,4
46532,92,88,4,4
46533,64,61,3,3
46534,125,128,-3,3
46535,99,101,-2,2
46536,56,65,-9,9
46537,54,54,0,0
46538,122,126,-4,4
46539,178,175,3,3
46540,179,175,4,4
46541,80,85,-5,5
46542,109,107,2,2
46543,83,91,-8,8
46544,103,92,11,11
46545,61,73,-12,12
46546,125,120,5,5
46547,96,95,1,1
46548,96,118,-22,22
46549,97,97,0,0
46550,108,99,9,9
46551,89,91,-2,2
46552,55,54,1,1
46553,87,128,-41,41
46554,49,54,-5,5
46555,94,100,-6,6
46556,93,115,-22,22
46557,75,71,4,4
46558,65,57,8,8
46559,52,56,-4,4
46560,83,86,-3,3
46561,123,107,16,16
46562,92,90,2,2
46563,74,81,-7,7
46564,109,98,11,11
46565,52,51,1,1
46566,76,67,9,9
46567,116,107,9,9
46568,83,81,2,2
46569,82,79,3,3
46570,144,137,7,7
46571,35,37,-2,2
46572,155,147,8,8
46573,136,123,13,13
46574,123,122,1,1
46575,81,81,0,0
46576,66,71,-5,5
46577,131,132,-1,1
46578,133,124,9,9
46579,71,69,2,2
46580,82,84,-2,2
46581,82,75,7,7
46582,42,35,7,7
46583,137,150,-13,13
46584,140,177,-37,37
46585,58,68,-10,10
46586,117,111,6,6
46587,69,97,-28,28
46588,85,82,3,3
46589,52,23,29,29
46590,87,99,-12,12
46591,135,144,-9,9
46592,64,64,0,0
46593,129,112,17,17
46594,190,188,2,2
46595,68,76,-8,8
46596,82,77,5,5
46597,75,77,-2,2
46598,149,131,18,18
46599,84,86,-2,2
46600,54,54,0,0
46601,98,94,4,4
46602,99,93,6,6
46603,125,128,-3,3
46604,86,85,1,1
46605,95,101,-6,6
46606,75,78,-3,3
46607,80,73,7,7
46608,118,120,-2,2
46609,91,86,5,5
46610,106,100,6,6
46611,85,93,-8,8
46612,153,166,-13,13
46613,103,106,-3,3
46614,159,151,8,8
46615,69,64,5,5
46616,166,152,14,14
46617,109,109,0,0
46618,133,128,5,5
46619,191,167,24,24
46620,113,98,15,15
46621,124,118,6,6
46622,139,138,1,1
46623,88,95,-7,7
46624,43,82,-39,39
46625,71,75,-4,4
46626,116,111,5,5
46627,115,112,3,3
46628,118,123,-5,5
46629,62,72,-10,10
46630,106,113,-7,7
46631,116,130,-14,14
46632,137,129,8,8
46633,201,172,29,29
46634,53,58,-5,5
46635,73,75,-2,2
46636,46,51,-5,5
46637,90,91,-1,1
46638,126,136,-10,10
46639,113,116,-3,3
46640,80,72,8,8
46641,102,93,9,9
46642,161,143,18,18
46643,103,104,-1,1
46644,119,125,-6,6
46645,54,60,-6,6
46646,159,146,13,13
46647,87,79,8,8
46648,59,55,4,4
46649,59,68,-9,9
46650,90,88,2,2
46651,59,69,-10,10
46652,104,97,7,7
46653,131,135,-4,4
46654,60,62,-2,2
46655,68,66,2,2
46656,86,84,2,2
46657,88,85,3,3
46658,146,150,-4,4
46659,62,64,-2,2
46660,152,147,5,5
46661,104,106,-2,2
46662,67,64,3,3
46663,102,111,-9,9
46664,96,103,-7,7
46665,99,112,-13,13
46666,99,103,-4,4
46667,76,75,1,1
46668,97,97,0,0
46669,83,90,-7,7
46670,112,114,-2,2
46671,63,65,-2,2
46672,136,136,0,0
46673,74,78,-4,4
46674,172,147,25,25
46675,136,123,13,13
46676,120,120,0,0
46677,116,117,-1,1
46678,126,109,17,17
46679,114,107,7,7
46680,72,75,-3,3
46681,104,106,-2,2
46682,147,144,3,3
46683,103,102,1,1
46684,81,78,3,3
46685,80,80,0,0
46686,101,96,5,5
46687,125,111,14,14
46688,92,90,2,2
46689,84,80,4,4
46690,80,111,-31,31
46691,150,149,1,1
46692,61,65,-4,4
46693,112,110,2,2
46694,112,110,2,2
46695,67,62,5,5
46696,137,127,10,10
46697,58,61,-3,3
46698,105,103,2,2
46699,88,90,-2,2
46700,76,73,3,3
46701,88,90,-2,2
46702,108,115,-7,7
46703,97,97,0,0
46704,141,135,6,6
46705,64,79,-15,15
46706,51,58,-7,7
46707,101,94,7,7
46708,158,157,1,1
46709,97,100,-3,3
46710,79,92,-13,13
46711,69,68,1,1
46712,97,113,-16,16
46713,90,102,-12,12
46714,85,86,-1,1
46715,90,86,4,4
46716,120,122,-2,2
46717,61,63,-2,2
46718,145,140,5,5
46719,77,84,-7,7
46720,49,59,-10,10
46721,81,86,-5,5
46722,70,73,-3,3
46723,107,97,10,10
46724,87,86,1,1
46725,66,72,-6,6
46726,108,115,-7,7
46727,86,78,8,8
46728,68,72,-4,4
46729,84,73,11,11
46730,72,73,-1,1
46731,67,69,-2,2
46732,73,72,1,1
46733,81,87,-6,6
46734,65,57,8,8
46735,130,120,10,10
46736,47,41,6,6
46737,117,117,0,0
46738,141,132,9,9
46739,204,200,4,4
46740,85,82,3,3
46741,116,128,-12,12
46742,118,108,10,10
46743,110,110,0,0
46744,100,94,6,6
46745,93,104,-11,11
46746,53,60,-7,7
46747,86,81,5,5
46748,70,72,-2,2
46749,80,86,-6,6
46750,146,143,3,3
46751,72,73,-1,1
46752,154,154,0,0
46753,206,200,6,6
46754,72,77,-5,5
46755,141,135,6,6
46756,83,107,-24,24
46757,141,140,1,1
46758,97,102,-5,5
46759,137,133,4,4
46760,124,120,4,4
46761,84,85,-1,1
46762,102,122,-20,20
46763,22,58,-36,36
46764,97,97,0,0
46765,59,63,-4,4
46766,124,140,-16,16
46767,198,182,16,16
46768,93,85,8,8
46769,96,93,3,3
46770,99,99,0,0
46771,191,154,37,37
46772,88,84,4,4
46773,88,80,8,8
46774,114,125,-11,11
46775,85,99,-14,14
46776,85,73,12,12
46777,63,67,-4,4
46778,129,94,35,35
46779,142,123,19,19
46780,66,72,-6,6
46781,64,58,6,6
46782,72,71,1,1
46783,143,142,1,1
46784,73,66,7,7
46785,92,94,-2,2
46786,80,69,11,11
46787,123,117,6,6
46788,67,72,-5,5
46789,87,103,-16,16
46790,81,76,5,5
46791,77,114,-37,37
46792,70,64,6,6
46793,120,128,-8,8
46794,119,123,-4,4
46795,116,123,-7,7
46796,193,187,6,6
46797,90,81,9,9
46798,113,143,-30,30
46799,109,107,2,2
46800,85,84,1,1
46801,63,68,-5,5
46802,56,58,-2,2
46803,131,134,-3,3
46804,108,107,1,1
46805,58,58,0,0
46806,57,66,-9,9
46807,98,127,-29,29
46808,86,100,-14,14
46809,60,65,-5,5
46810,54,62,-8,8
46811,160,156,4,4
46812,91,101,-10,10
46813,179,154,25,25
46814,68,86,-18,18
46815,143,143,0,0
46816,86,79,7,7
46817,115,117,-2,2
46818,139,125,14,14
46819,95,102,-7,7
46820,66,79,-13,13
46821,66,64,2,2
46822,143,142,1,1
46823,87,84,3,3
46824,85,107,-22,22
46825,77,81,-4,4
46826,77,70,7,7
46827,91,85,6,6
46828,80,81,-1,1
46829,23,27,-4,4
46830,92,94,-2,2
46831,109,110,-1,1
46832,115,101,14,14
46833,93,95,-2,2
46834,67,71,-4,4
46835,150,147,3,3
46836,78,73,5,5
46837,159,157,2,2
46838,124,124,0,0
46839,93,112,-19,19
46840,133,134,-1,1
46841,79,90,-11,11
46842,62,62,0,0
46843,73,77,-4,4
46844,66,69,-3,3
46845,69,68,1,1
46846,146,152,-6,6
46847,73,63,10,10
46848,91,102,-11,11
46849,67,66,1,1
46850,80,106,-26,26
46851,96,91,5,5
46852,75,83,-8,8
46853,72,88,-16,16
46854,87,82,5,5
46855,93,82,11,11
46856,115,110,5,5
46857,142,148,-6,6
46858,168,148,20,20
46859,149,142,7,7
46860,91,92,-1,1
46861,69,79,-10,10
46862,112,110,2,2
46863,83,80,3,3
46864,63,59,4,4
46865,84,86,-2,2
46866,113,114,-1,1
46867,98,95,3,3
46868,174,171,3,3
46869,103,96,7,7
46870,32,83,-51,51
46871,126,132,-6,6
46872,132,140,-8,8
46873,49,49,0,0
46874,107,113,-6,6
46875,121,141,-20,20
46876,132,104,28,28
46877,75,78,-3,3
46878,71,74,-3,3
46879,69,85,-16,16
46880,158,172,-14,14
46881,73,76,-3,3
46882,146,127,19,19
46883,49,51,-2,2
46884,124,133,-9,9
46885,71,71,0,0
46886,43,23,20,20
46887,94,109,-15,15
46888,120,131,-11,11
46889,107,110,-3,3
46890,83,78,5,5
46891,111,112,-1,1
46892,79,78,1,1
46893,93,92,1,1
46894,130,138,-8,8
46895,119,117,2,2
46896,80,80,0,0
46897,80,70,10,10
46898,76,66,10,10
46899,101,107,-6,6
46900,131,130,1,1
46901,91,96,-5,5
46902,81,90,-9,9
46903,102,112,-10,10
46904,108,102,6,6
46905,79,79,0,0
46906,121,118,3,3
46907,135,137,-2,2
46908,68,84,-16,16
46909,104,119,-15,15
46910,44,49,-5,5
46911,103,109,-6,6
46912,136,138,-2,2
46913,107,86,21,21
46914,78,91,-13,13
46915,75,85,-10,10
46916,37,33,4,4
46917,24,32,-8,8
46918,166,152,14,14
46919,134,132,2,2
46920,116,119,-3,3
46921,85,94,-9,9
46922,130,129,1,1
46923,150,135,15,15
46924,103,95,8,8
46925,92,92,0,0
46926,127,129,-2,2
46927,72,72,0,0
46928,95,102,-7,7
46929,56,55,1,1
46930,170,144,26,26
46931,106,102,4,4
46932,78,82,-4,4
46933,135,144,-9,9
46934,113,107,6,6
46935,191,169,22,22
46936,61,66,-5,5
46937,95,87,8,8
46938,119,121,-2,2
46939,114,102,12,12
46940,88,87,1,1
46941,71,67,4,4
46942,76,73,3,3
46943,50,55,-5,5
46944,69,67,2,2
46945,51,79,-28,28
46946,74,96,-22,22
46947,79,78,1,1
46948,74,77,-3,3
46949,113,120,-7,7
46950,99,113,-14,14
46951,86,86,0,0
46952,91,87,4,4
46953,83,100,-17,17
46954,106,100,6,6
46955,66,64,2,2
46956,74,68,6,6
46957,78,76,2,2
46958,101,101,0,0
46959,78,76,2,2
46960,91,102,-11,11
46961,94,93,1,1
46962,86,91,-5,5
46963,64,64,0,0
46964,98,81,17,17
46965,100,111,-11,11
46966,148,141,7,7
46967,96,107,-11,11
46968,135,114,21,21
46969,123,140,-17,17
46970,65,71,-6,6
46971,86,81,5,5
46972,86,81,5,5
46973,93,86,7,7
46974,106,105,1,1
46975,122,117,5,5
46976,75,88,-13,13
46977,86,84,2,2
46978,51,55,-4,4
46979,56,47,9,9
46980,125,131,-6,6
46981,92,91,1,1
46982,108,119,-11,11
46983,151,137,14,14
46984,83,88,-5,5
46985,66,76,-10,10
46986,138,125,13,13
46987,120,121,-1,1
46988,79,60,19,19
46989,86,97,-11,11
46990,163,160,3,3
46991,112,110,2,2
46992,98,87,11,11
46993,40,71,-31,31
46994,85,81,4,4
46995,73,78,-5,5
46996,84,103,-19,19
46997,127,134,-7,7
46998,113,104,9,9
46999,116,112,4,4
47000,91,94,-3,3
47001,91,73,18,18
47002,50,54,-4,4
47003,78,86,-8,8
47004,90,86,4,4
47005,125,124,1,1
47006,84,90,-6,6
47007,79,86,-7,7
47008,69,66,3,3
47009,115,106,9,9
47010,227,230,-3,3
47011,107,112,-5,5
47012,136,166,-30,30
47013,88,86,2,2
47014,117,127,-10,10
47015,81,83,-2,2
47016,150,148,2,2
47017,101,122,-21,21
47018,169,160,9,9
47019,75,79,-4,4
47020,146,148,-2,2
47021,96,95,1,1
47022,66,65,1,1
47023,73,77,-4,4
47024,85,103,-18,18
47025,104,89,15,15
47026,53,52,1,1
47027,148,160,-12,12
47028,119,99,20,20
47029,45,45,0,0
47030,72,74,-2,2
47031,126,129,-3,3
47032,64,65,-1,1
47033,119,125,-6,6
47034,89,97,-8,8
47035,139,142,-3,3
47036,111,113,-2,2
47037,100,109,-9,9
47038,82,81,1,1
47039,138,144,-6,6
47040,47,43,4,4
47041,167,172,-5,5
47042,63,61,2,2
47043,118,117,1,1
47044,201,213,-12,12
47045,82,99,-17,17
47046,91,106,-15,15
47047,81,82,-1,1
47048,91,86,5,5
47049,119,106,13,13
47050,88,88,0,0
47051,76,79,-3,3
47052,86,88,-2,2
47053,47,50,-3,3
47054,134,148,-14,14
47055,96,104,-8,8
47056,82,79,3,3
47057,82,81,1,1
47058,89,91,-2,2
47059,99,106,-7,7
47060,93,95,-2,2
47061,87,89,-2,2
47062,62,65,-3,3
47063,58,57,1,1
47064,82,82,0,0
47065,142,135,7,7
47066,101,97,4,4
47067,127,120,7,7
47068,46,43,3,3
47069,116,113,3,3
47070,54,61,-7,7
47071,71,63,8,8
47072,121,145,-24,24
47073,80,85,-5,5
47074,86,82,4,4
47075,119,112,7,7
47076,71,85,-14,14
47077,171,163,8,8
47078,126,114,12,12
47079,57,56,1,1
47080,99,101,-2,2
47081,55,55,0,0
47082,77,82,-5,5
47083,110,112,-2,2
47084,77,103,-26,26
47085,111,115,-4,4
47086,164,165,-1,1
47087,104,100,4,4
47088,85,86,-1,1
47089,75,79,-4,4
47090,119,113,6,6
47091,82,86,-4,4
47092,122,121,1,1
47093,111,110,1,1
47094,102,94,8,8
47095,54,53,1,1
47096,96,92,4,4
47097,65,68,-3,3
47098,135,138,-3,3
47099,79,73,6,6
47100,92,78,14,14
47101,56,62,-6,6
47102,109,117,-8,8
47103,124,127,-3,3
47104,65,62,3,3
47105,84,87,-3,3
47106,107,109,-2,2
47107,114,97,17,17
47108,92,84,8,8
47109,129,126,3,3
47110,159,147,12,12
47111,80,81,-1,1
47112,106,100,6,6
47113,76,78,-2,2
47114,81,91,-10,10
47115,115,116,-1,1
47116,89,99,-10,10
47117,66,70,-4,4
47118,49,58,-9,9
47119,74,72,2,2
47120,77,75,2,2
47121,98,96,2,2
47122,181,163,18,18
47123,65,67,-2,2
47124,125,122,3,3
47125,120,127,-7,7
47126,92,86,6,6
47127,125,122,3,3
47128,97,100,-3,3
47129,113,101,12,12
47130,69,73,-4,4
47131,41,45,-4,4
47132,112,111,1,1
47133,93,88,5,5
47134,77,71,6,6
47135,114,127,-13,13
47136,90,87,3,3
47137,119,129,-10,10
47138,85,95,-10,10
47139,99,110,-11,11
47140,113,104,9,9
47141,112,122,-10,10
47142,43,49,-6,6
47143,73,71,2,2
47144,149,143,6,6
47145,72,72,0,0
47146,62,66,-4,4
47147,74,80,-6,6
47148,197,182,15,15
47149,93,113,-20,20
47150,103,61,42,42
47151,96,94,2,2
47152,191,175,16,16
47153,116,115,1,1
47154,75,73,2,2
47155,99,107,-8,8
47156,94,88,6,6
47157,124,131,-7,7
47158,83,94,-11,11
47159,131,130,1,1
47160,108,92,16,16
47161,108,113,-5,5
47162,77,78,-1,1
47163,77,73,4,4
47164,126,124,2,2
47165,59,64,-5,5
47166,101,112,-11,11
47167,121,117,4,4
47168,116,126,-10,10
47169,124,126,-2,2
47170,69,64,5,5
47171,160,142,18,18
47172,67,65,2,2
47173,111,116,-5,5
47174,80,103,-23,23
47175,44,43,1,1
47176,89,88,1,1
47177,92,90,2,2
47178,105,118,-13,13
47179,113,120,-7,7
47180,83,87,-4,4
47181,54,55,-1,1
47182,47,50,-3,3
47183,105,97,8,8
47184,65,63,2,2
47185,118,111,7,7
47186,115,115,0,0
47187,92,101,-9,9
47188,69,57,12,12
47189,42,46,-4,4
47190,64,59,5,5
47191,119,126,-7,7
47192,142,132,10,10
47193,117,101,16,16
47194,67,71,-4,4
47195,157,147,10,10
47196,57,57,0,0
47197,122,103,19,19
47198,84,84,0,0
47199,112,117,-5,5
47200,96,101,-5,5
47201,75,67,8,8
47202,86,85,1,1
47203,168,155,13,13
47204,128,118,10,10
47205,111,116,-5,5
47206,95,96,-1,1
47207,74,90,-16,16
47208,101,89,12,12
47209,69,63,6,6
47210,160,160,0,0
47211,139,130,9,9
47212,24,61,-37,37
47213,89,86,3,3
47214,102,110,-8,8
47215,49,43,6,6
47216,94,109,-15,15
47217,76,84,-8,8
47218,170,150,20,20
47219,158,160,-2,2
47220,31,98,-67,67
47221,66,68,-2,2
47222,106,100,6,6
47223,60,66,-6,6
47224,77,82,-5,5
47225,68,76,-8,8
47226,129,128,1,1
47227,60,61,-1,1
47228,106,106,0,0
47229,64,61,3,3
47230,67,67,0,0
47231,85,89,-4,4
47232,79,73,6,6
47233,175,158,17,17
47234,20,54,-34,34
47235,169,147,22,22
47236,90,96,-6,6
47237,74,76,-2,2
47238,68,80,-12,12
47239,52,60,-8,8
47240,81,84,-3,3
47241,106,112,-6,6
47242,113,112,1,1
47243,64,66,-2,2
47244,98,122,-24,24
47245,120,120,0,0
47246,85,82,3,3
47247,70,65,5,5
47248,121,126,-5,5
47249,132,119,13,13
47250,50,53,-3,3
47251,68,80,-12,12
47252,55,58,-3,3
47253,122,112,10,10
47254,107,103,4,4
47255,69,72,-3,3
47256,115,111,4,4
47257,118,123,-5,5
47258,184,205,-21,21
47259,78,89,-11,11
47260,47,49,-2,2
47261,65,59,6,6
47262,109,101,8,8
47263,89,84,5,5
47264,141,136,5,5
47265,68,99,-31,31
47266,167,144,23,23
47267,68,79,-11,11
47268,86,92,-6,6
47269,93,91,2,2
47270,91,90,1,1
47271,65,74,-9,9
47272,132,124,8,8
47273,91,96,-5,5
47274,71,68,3,3
47275,71,65,6,6
47276,120,131,-11,11
47277,118,108,10,10
47278,117,104,13,13
47279,157,164,-7,7
47280,73,78,-5,5
47281,108,116,-8,8
47282,82,73,9,9
47283,122,120,2,2
47284,143,142,1,1
47285,172,167,5,5
47286,76,56,20,20
47287,130,140,-10,10
47288,61,62,-1,1
47289,65,71,-6,6
47290,128,131,-3,3
47291,98,97,1,1
47292,161,171,-10,10
47293,56,56,0,0
47294,97,138,-41,41
47295,176,222,-46,46
47296,125,128,-3,3
47297,115,110,5,5
47298,81,80,1,1
47299,103,108,-5,5
47300,53,54,-1,1
47301,173,171,2,2
47302,132,128,4,4
47303,129,121,8,8
47304,120,130,-10,10
47305,123,119,4,4
47306,203,180,23,23
47307,59,53,6,6
47308,67,72,-5,5
47309,132,119,13,13
47310,182,158,24,24
47311,143,134,9,9
47312,97,94,3,3
47313,91,85,6,6
47314,96,113,-17,17
47315,91,89,2,2
47316,87,85,2,2
47317,143,157,-14,14
47318,65,45,20,20
47319,78,73,5,5
47320,78,78,0,0
47321,140,145,-5,5
47322,93,98,-5,5
47323,52,50,2,2
47324,95,101,-6,6
47325,96,88,8,8
47326,72,74,-2,2
47327,113,117,-4,4
47328,97,109,-12,12
47329,77,78,-1,1
47330,71,69,2,2
47331,58,58,0,0
47332,72,75,-3,3
47333,210,177,33,33
47334,97,92,5,5
47335,141,146,-5,5
47336,130,137,-7,7
47337,105,109,-4,4
47338,66,75,-9,9
47339,78,89,-11,11
47340,96,102,-6,6
47341,120,116,4,4
47342,57,64,-7,7
47343,162,146,16,16
47344,134,135,-1,1
47345,161,137,24,24
47346,171,163,8,8
47347,91,99,-8,8
47348,46,48,-2,2
47349,128,122,6,6
47350,113,103,10,10
47351,96,95,1,1
47352,55,58,-3,3
47353,101,112,-11,11
47354,146,144,2,2
47355,83,121,-38,38
47356,41,42,-1,1
47357,117,122,-5,5
47358,118,122,-4,4
47359,89,93,-4,4
47360,88,86,2,2
47361,37,29,8,8
47362,68,76,-8,8
47363,53,52,1,1
47364,106,108,-2,2
47365,125,121,4,4
47366,79,78,1,1
47367,100,100,0,0
47368,99,97,2,2
47369,99,99,0,0
47370,130,114,16,16
47371,75,87,-12,12
47372,101,99,2,2
47373,90,90,0,0
47374,154,131,23,23
47375,116,112,4,4
47376,60,67,-7,7
47377,144,146,-2,2
47378,75,78,-3,3
47379,110,116,-6,6
47380,124,128,-4,4
47381,79,91,-12,12
47382,38,51,-13,13
47383,90,80,10,10
47384,84,80,4,4
47385,76,84,-8,8
47386,88,91,-3,3
47387,124,141,-17,17
47388,76,83,-7,7
47389,84,80,4,4
47390,75,74,1,1
47391,78,77,1,1
47392,48,50,-2,2
47393,70,82,-12,12
47394,125,125,0,0
47395,129,139,-10,10
47396,75,67,8,8
47397,91,105,-14,14
47398,108,112,-4,4
47399,100,97,3,3
47400,56,68,-12,12
47401,140,126,14,14
47402,62,63,-1,1
47403,224,186,38,38
47404,109,129,-20,20
47405,159,163,-4,4
47406,90,99,-9,9
47407,125,124,1,1
47408,96,99,-3,3
47409,74,92,-18,18
47410,109,112,-3,3
47411,84,87,-3,3
47412,50,39,11,11
47413,146,148,-2,2
47414,116,109,7,7
47415,93,90,3,3
47416,92,87,5,5
47417,72,69,3,3
47418,159,145,14,14
47419,79,82,-3,3
47420,117,114,3,3
47421,92,82,10,10
47422,102,101,1,1
47423,61,62,-1,1
47424,55,50,5,5
47425,91,77,14,14
47426,94,85,9,9
47427,64,67,-3,3
47428,121,120,1,1
47429,50,52,-2,2
47430,91,89,2,2
47431,87,89,-2,2
47432,100,96,4,4
47433,60,55,5,5
47434,139,139,0,0
47435,77,69,8,8
47436,54,44,10,10
47437,117,103,14,14
47438,105,121,-16,16
47439,105,110,-5,5
47440,78,82,-4,4
47441,108,105,3,3
47442,111,122,-11,11
47443,112,113,-1,1
47444,69,68,1,1
47445,100,111,-11,11
47446,96,91,5,5
47447,31,37,-6,6
47448,75,83,-8,8
47449,68,74,-6,6
47450,53,59,-6,6
47451,63,70,-7,7
47452,85,84,1,1
47453,126,127,-1,1
47454,107,108,-1,1
47455,130,129,1,1
47456,65,58,7,7
47457,73,72,1,1
47458,107,117,-10,10
47459,121,122,-1,1
47460,99,104,-5,5
47461,92,93,-1,1
47462,170,164,6,6
47463,85,72,13,13
47464,142,145,-3,3
47465,86,84,2,2
47466,63,62,1,1
47467,121,112,9,9
47468,84,96,-12,12
47469,66,61,5,5
47470,60,56,4,4
47471,68,59,9,9
47472,113,122,-9,9
47473,101,98,3,3
47474,48,53,-5,5
47475,154,153,1,1
47476,160,143,17,17
47477,102,93,9,9
47478,94,91,3,3
47479,84,81,3,3
47480,107,114,-7,7
47481,66,73,-7,7
47482,87,97,-10,10
47483,84,75,9,9
47484,86,91,-5,5
47485,101,60,41,41
47486,83,71,12,12
47487,70,65,5,5
47488,104,96,8,8
47489,78,73,5,5
47490,69,67,2,2
47491,172,163,9,9
47492,66,81,-15,15
47493,96,92,4,4
47494,73,74,-1,1
47495,122,121,1,1
47496,66,76,-10,10
47497,78,81,-3,3
47498,70,143,-73,73
47499,62,68,-6,6
47500,64,63,1,1
47501,189,170,19,19
47502,101,103,-2,2
47503,83,80,3,3
47504,88,79,9,9
47505,108,113,-5,5
47506,109,107,2,2
47507,50,45,5,5
47508,100,102,-2,2
47509,98,97,1,1
47510,74,72,2,2
47511,151,135,16,16
47512,67,73,-6,6
47513,145,149,-4,4
47514,99,91,8,8
47515,79,82,-3,3
47516,66,75,-9,9
47517,87,95,-8,8
47518,104,102,2,2
47519,75,73,2,2
47520,81,77,4,4
47521,79,90,-11,11
47522,82,81,1,1
47523,202,176,26,26
47524,64,65,-1,1
47525,142,141,1,1
47526,77,118,-41,41
47527,95,91,4,4
47528,127,134,-7,7
47529,89,96,-7,7
47530,136,150,-14,14
47531,63,70,-7,7
47532,123,118,5,5
47533,113,113,0,0
47534,98,92,6,6
47535,136,126,10,10
47536,124,119,5,5
47537,124,110,14,14
47538,162,145,17,17
47539,81,94,-13,13
47540,93,96,-3,3
47541,83,87,-4,4
47542,127,108,19,19
47543,60,67,-7,7
47544,83,87,-4,4
47545,60,62,-2,2
47546,103,119,-16,16
47547,93,81,12,12
47548,78,79,-1,1
47549,97,92,5,5
47550,73,71,2,2
47551,128,119,9,9
47552,92,100,-8,8
47553,37,37,0,0
47554,154,148,6,6
47555,60,66,-6,6
47556,94,98,-4,4
47557,103,99,4,4
47558,72,74,-2,2
47559,65,81,-16,16
47560,85,89,-4,4
47561,111,112,-1,1
47562,88,90,-2,2
47563,110,103,7,7
47564,102,98,4,4
47565,59,64,-5,5
47566,89,84,5,5
47567,113,106,7,7
47568,65,71,-6,6
47569,148,146,2,2
47570,83,83,0,0
47571,81,85,-4,4
47572,88,81,7,7
47573,67,75,-8,8
47574,44,54,-10,10
47575,98,110,-12,12
47576,89,86,3,3
47577,85,88,-3,3
47578,165,153,12,12
47579,58,67,-9,9
47580,118,112,6,6
47581,138,124,14,14
47582,85,79,6,6
47583,77,75,2,2
47584,58,64,-6,6
47585,78,75,3,3
47586,94,111,-17,17
47587,51,61,-10,10
47588,109,114,-5,5
47589,72,80,-8,8
47590,71,69,2,2
47591,83,86,-3,3
47592,97,97,0,0
47593,81,85,-4,4
47594,192,198,-6,6
47595,152,144,8,8
47596,101,100,1,1
47597,65,60,5,5
47598,77,76,1,1
47599,130,121,9,9
47600,124,101,23,23
47601,89,100,-11,11
47602,105,117,-12,12
47603,85,80,5,5
47604,147,141,6,6
47605,108,120,-12,12
47606,86,86,0,0
47607,66,65,1,1
47608,62,58,4,4
47609,74,73,1,1
47610,144,128,16,16
47611,77,73,4,4
47612,53,43,10,10
47613,81,73,8,8
47614,121,118,3,3
47615,71,72,-1,1
47616,75,46,29,29
47617,105,101,4,4
47618,98,104,-6,6
47619,133,132,1,1
47620,115,129,-14,14
47621,56,60,-4,4
47622,139,137,2,2
47623,108,104,4,4
47624,207,188,19,19
47625,43,45,-2,2
47626,135,129,6,6
47627,122,118,4,4
47628,61,69,-8,8
47629,97,94,3,3
47630,77,81,-4,4
47631,123,105,18,18
47632,59,59,0,0
47633,113,119,-6,6
47634,125,130,-5,5
47635,88,89,-1,1
47636,72,69,3,3
47637,137,134,3,3
47638,113,109,4,4
47639,112,107,5,5
47640,60,64,-4,4
47641,106,104,2,2
47642,143,139,4,4
47643,91,88,3,3
47644,95,84,11,11
47645,155,142,13,13
47646,106,111,-5,5
47647,103,112,-9,9
47648,142,131,11,11
47649,76,73,3,3
47650,115,123,-8,8
47651,96,129,-33,33
47652,103,100,3,3
47653,106,110,-4,4
47654,67,63,4,4
47655,100,97,3,3
47656,103,111,-8,8
47657,72,72,0,0
47658,142,130,12,12
47659,32,41,-9,9
47660,137,135,2,2
47661,57,65,-8,8
47662,69,79,-10,10
47663,47,44,3,3
47664,82,77,5,5
47665,113,109,4,4
47666,81,92,-11,11
47667,96,99,-3,3
47668,67,66,1,1
47669,138,127,11,11
47670,73,70,3,3
47671,62,91,-29,29
47672,45,56,-11,11
47673,106,101,5,5
47674,65,64,1,1
47675,79,86,-7,7
47676,109,111,-2,2
47677,147,136,11,11
47678,67,66,1,1
47679,94,94,0,0
47680,73,76,-3,3
47681,57,70,-13,13
47682,124,119,5,5
47683,68,50,18,18
47684,89,95,-6,6
47685,105,99,6,6
47686,64,88,-24,24
47687,78,84,-6,6
47688,108,104,4,4
47689,171,156,15,15
47690,92,92,0,0
47691,63,70,-7,7
47692,66,66,0,0
47693,85,89,-4,4
47694,134,133,1,1
47695,73,74,-1,1
47696,85,85,0,0
47697,81,72,9,9
47698,119,117,2,2
47699,64,53,11,11
47700,73,71,2,2
47701,120,100,20,20
47702,122,124,-2,2
47703,97,103,-6,6
47704,69,69,0,0
47705,88,86,2,2
47706,86,84,2,2
47707,87,88,-1,1
47708,152,146,6,6
47709,65,68,-3,3
47710,37,49,-12,12
47711,125,112,13,13
47712,117,136,-19,19
47713,72,71,1,1
47714,120,136,-16,16
47715,67,67,0,0
47716,147,143,4,4
47717,142,134,8,8
47718,111,114,-3,3
47719,104,110,-6,6
47720,90,85,5,5
47721,76,79,-3,3
47722,82,52,30,30
47723,122,102,20,20
47724,176,166,10,10
47725,97,84,13,13
47726,84,88,-4,4
47727,94,83,11,11
47728,175,183,-8,8
47729,90,93,-3,3
47730,62,67,-5,5
47731,116,108,8,8
47732,137,129,8,8
47733,141,137,4,4
47734,96,104,-8,8
47735,99,98,1,1
47736,66,66,0,0
47737,183,172,11,11
47738,64,67,-3,3
47739,137,146,-9,9
47740,51,59,-8,8
47741,35,31,4,4
47742,137,123,14,14
47743,151,154,-3,3
47744,115,112,3,3
47745,94,89,5,5
47746,42,38,4,4
47747,57,66,-9,9
47748,102,111,-9,9
47749,59,58,1,1
47750,73,77,-4,4
47751,80,79,1,1
47752,102,112,-10,10
47753,111,105,6,6
47754,150,143,7,7
47755,149,138,11,11
47756,129,121,8,8
47757,35,33,2,2
47758,50,59,-9,9
47759,85,94,-9,9
47760,90,93,-3,3
47761,129,122,7,7
47762,111,113,-2,2
47763,80,97,-17,17
47764,165,155,10,10
47765,69,70,-1,1
47766,132,129,3,3
47767,145,145,0,0
47768,51,49,2,2
47769,152,140,12,12
47770,64,63,1,1
47771,168,162,6,6
47772,100,106,-6,6
47773,72,63,9,9
47774,86,100,-14,14
47775,67,77,-10,10
47776,71,80,-9,9
47777,156,150,6,6
47778,92,88,4,4
47779,93,91,2,2
47780,95,106,-11,11
47781,113,112,1,1
47782,105,103,2,2
47783,77,86,-9,9
47784,96,117,-21,21
47785,103,107,-4,4
47786,76,87,-11,11
47787,77,70,7,7
47788,103,92,11,11
47789,80,81,-1,1
47790,72,78,-6,6
47791,98,96,2,2
47792,94,90,4,4
47793,145,142,3,3
47794,57,48,9,9
47795,95,86,9,9
47796,97,84,13,13
47797,160,137,23,23
47798,161,156,5,5
47799,71,67,4,4
47800,95,88,7,7
47801,100,100,0,0
47802,57,45,12,12
47803,96,99,-3,3
47804,70,70,0,0
47805,51,87,-36,36
47806,70,71,-1,1
47807,27,28,-1,1
47808,93,95,-2,2
47809,110,111,-1,1
47810,128,129,-1,1
47811,146,170,-24,24
47812,81,71,10,10
47813,100,93,7,7
47814,77,72,5,5
47815,57,63,-6,6
47816,110,106,4,4
47817,90,91,-1,1
47818,105,119,-14,14
47819,91,85,6,6
47820,158,158,0,0
47821,79,76,3,3
47822,52,46,6,6
47823,86,83,3,3
47824,100,97,3,3
47825,65,63,2,2
47826,116,110,6,6
47827,75,71,4,4
47828,95,97,-2,2
47829,71,79,-8,8
47830,87,96,-9,9
47831,79,66,13,13
47832,77,76,1,1
47833,55,50,5,5
47834,94,91,3,3
47835,99,107,-8,8
47836,98,94,4,4
47837,95,115,-20,20
47838,123,122,1,1
47839,76,96,-20,20
47840,157,161,-4,4
47841,75,84,-9,9
47842,114,111,3,3
47843,47,36,11,11
47844,110,112,-2,2
47845,122,117,5,5
47846,89,93,-4,4
47847,65,70,-5,5
47848,63,70,-7,7
47849,140,129,11,11
47850,101,107,-6,6
47851,132,130,2,2
47852,175,171,4,4
47853,79,79,0,0
47854,97,99,-2,2
47855,108,99,9,9
47856,76,69,7,7
47857,80,79,1,1
47858,114,109,5,5
47859,160,159,1,1
47860,101,90,11,11
47861,143,139,4,4
47862,40,46,-6,6
47863,151,141,10,10
47864,111,129,-18,18
47865,105,117,-12,12
47866,93,89,4,4
47867,121,125,-4,4
47868,162,154,8,8
47869,91,102,-11,11
47870,86,91,-5,5
47871,133,144,-11,11
47872,69,75,-6,6
47873,110,93,17,17
47874,76,74,2,2
47875,70,77,-7,7
47876,129,120,9,9
47877,105,101,4,4
47878,118,117,1,1
47879,51,56,-5,5
47880,155,144,11,11
47881,80,79,1,1
47882,91,110,-19,19
47883,87,78,9,9
47884,61,74,-13,13
47885,65,63,2,2
47886,85,91,-6,6
47887,89,99,-10,10
47888,62,68,-6,6
47889,85,86,-1,1
47890,65,80,-15,15
47891,127,119,8,8
47892,94,95,-1,1
47893,106,118,-12,12
47894,72,66,6,6
47895,115,112,3,3
47896,100,88,12,12
47897,56,57,-1,1
47898,78,101,-23,23
47899,100,104,-4,4
47900,94,94,0,0
47901,104,98,6,6
47902,76,82,-6,6
47903,100,96,4,4
47904,114,105,9,9
47905,94,85,9,9
47906,92,83,9,9
47907,51,52,-1,1
47908,129,127,2,2
47909,30,17,13,13
47910,91,94,-3,3
47911,72,78,-6,6
47912,99,94,5,5
47913,59,58,1,1
47914,103,103,0,0
47915,140,124,16,16
47916,71,76,-5,5
47917,77,75,2,2
47918,108,112,-4,4
47919,87,81,6,6
47920,150,147,3,3
47921,108,113,-5,5
47922,78,75,3,3
47923,143,134,9,9
47924,109,128,-19,19
47925,81,79,2,2
47926,82,91,-9,9
47927,46,53,-7,7
47928,142,130,12,12
47929,54,56,-2,2
47930,89,88,1,1
47931,53,57,-4,4
47932,73,74,-1,1
47933,74,81,-7,7
47934,43,39,4,4
47935,89,94,-5,5
47936,71,74,-3,3
47937,62,80,-18,18
47938,59,68,-9,9
47939,114,110,4,4
47940,56,58,-2,2
47941,94,100,-6,6
47942,102,106,-4,4
47943,112,108,4,4
47944,75,76,-1,1
47945,77,92,-15,15
47946,124,127,-3,3
47947,128,120,8,8
47948,70,82,-12,12
47949,84,150,-66,66
47950,151,153,-2,2
47951,113,113,0,0
47952,85,81,4,4
47953,82,122,-40,40
47954,163,159,4,4
47955,124,137,-13,13
47956,80,74,6,6
47957,122,149,-27,27
47958,88,88,0,0
47959,66,56,10,10
47960,83,79,4,4
47961,118,111,7,7
47962,57,45,12,12
47963,66,75,-9,9
47964,108,110,-2,2
47965,93,98,-5,5
47966,51,53,-2,2
47967,171,160,11,11
47968,114,109,5,5
47969,45,52,-7,7
47970,86,82,4,4
47971,62,72,-10,10
47972,67,68,-1,1
47973,76,73,3,3
47974,108,117,-9,9
47975,100,115,-15,15
47976,139,132,7,7
47977,115,124,-9,9
47978,144,118,26,26
47979,90,82,8,8
47980,91,84,7,7
47981,75,79,-4,4
47982,135,128,7,7
47983,67,77,-10,10
47984,117,104,13,13
47985,127,124,3,3
47986,59,57,2,2
47987,48,52,-4,4
47988,69,71,-2,2
47989,93,93,0,0
47990,123,126,-3,3
47991,131,142,-11,11
47992,105,107,-2,2
47993,121,129,-8,8
47994,111,116,-5,5
47995,43,41,2,2
47996,131,122,9,9
47997,133,135,-2,2
47998,74,75,-1,1
47999,154,128,26,26
48000,36,30,6,6
48001,83,88,-5,5
48002,114,116,-2,2
48003,115,110,5,5
48004,117,112,5,5
48005,129,126,3,3
48006,119,122,-3,3
48007,65,61,4,4
48008,88,88,0,0
48009,80,76,4,4
48010,43,39,4,4
48011,68,71,-3,3
48012,157,149,8,8
48013,104,96,8,8
48014,56,51,5,5
48015,52,58,-6,6
48016,115,116,-1,1
48017,64,60,4,4
48018,139,139,0,0
48019,58,60,-2,2
48020,105,108,-3,3
48021,196,183,13,13
48022,117,110,7,7
48023,108,92,16,16
48024,109,126,-17,17
48025,53,50,3,3
48026,97,92,5,5
48027,89,97,-8,8
48028,136,136,0,0
48029,156,169,-13,13
48030,107,103,4,4
48031,48,47,1,1
48032,108,109,-1,1
48033,151,146,5,5
48034,71,84,-13,13
48035,99,95,4,4
48036,119,108,11,11
48037,131,129,2,2
48038,72,72,0,0
48039,112,118,-6,6
48040,142,144,-2,2
48041,130,130,0,0
48042,103,106,-3,3
48043,136,133,3,3
48044,61,59,2,2
48045,93,92,1,1
48046,124,126,-2,2
48047,44,52,-8,8
48048,166,167,-1,1
48049,134,141,-7,7
48050,85,79,6,6
48051,56,66,-10,10
48052,58,61,-3,3
48053,95,95,0,0
48054,113,114,-1,1
48055,80,91,-11,11
48056,105,107,-2,2
48057,56,50,6,6
48058,79,82,-3,3
48059,77,83,-6,6
48060,90,93,-3,3
48061,68,56,12,12
48062,65,73,-8,8
48063,95,98,-3,3
48064,51,56,-5,5
48065,99,98,1,1
48066,81,71,10,10
48067,116,115,1,1
48068,72,78,-6,6
48069,55,60,-5,5
48070,144,149,-5,5
48071,74,82,-8,8
48072,135,133,2,2
48073,60,64,-4,4
48074,76,90,-14,14
48075,144,131,13,13
48076,141,117,24,24
48077,80,65,15,15
48078,74,86,-12,12
48079,83,83,0,0
48080,76,72,4,4
48081,100,96,4,4
48082,97,91,6,6
48083,141,120,21,21
48084,109,126,-17,17
48085,87,106,-19,19
48086,104,109,-5,5
48087,69,69,0,0
48088,60,71,-11,11
48089,71,81,-10,10
48090,64,63,1,1
48091,69,77,-8,8
48092,92,93,-1,1
48093,93,93,0,0
48094,88,81,7,7
48095,11,18,-7,7
48096,132,123,9,9
48097,62,69,-7,7
48098,73,93,-20,20
48099,110,110,0,0
48100,84,90,-6,6
48101,63,48,15,15
48102,110,125,-15,15
48103,61,63,-2,2
48104,81,90,-9,9
48105,107,107,0,0
48106,161,154,7,7
48107,66,63,3,3
48108,59,75,-16,16
48109,115,124,-9,9
48110,113,117,-4,4
48111,125,126,-1,1
48112,104,105,-1,1
48113,90,94,-4,4
48114,84,84,0,0
48115,101,112,-11,11
48116,151,145,6,6
48117,127,123,4,4
48118,102,99,3,3
48119,85,93,-8,8
48120,64,71,-7,7
48121,114,120,-6,6
48122,104,98,6,6
48123,99,99,0,0
48124,60,65,-5,5
48125,102,115,-13,13
48126,125,126,-1,1
48127,109,113,-4,4
48128,106,103,3,3
48129,91,99,-8,8
48130,54,71,-17,17
48131,86,105,-19,19
48132,108,120,-12,12
48133,61,67,-6,6
48134,63,70,-7,7
48135,112,114,-2,2
48136,35,34,1,1
48137,86,85,1,1
48138,79,92,-13,13
48139,112,112,0,0
48140,180,182,-2,2
48141,94,90,4,4
48142,125,111,14,14
48143,82,80,2,2
48144,94,104,-10,10
48145,83,79,4,4
48146,93,101,-8,8
48147,89,87,2,2
48148,63,67,-4,4
48149,120,123,-3,3
48150,91,81,10,10
48151,102,122,-20,20
48152,70,79,-9,9
48153,66,64,2,2
48154,73,57,16,16
48155,122,115,7,7
48156,50,48,2,2
48157,65,60,5,5
48158,146,156,-10,10
48159,72,77,-5,5
48160,109,100,9,9
48161,67,77,-10,10
48162,138,137,1,1
48163,78,80,-2,2
48164,143,151,-8,8
48165,82,76,6,6
48166,147,155,-8,8
48167,115,113,2,2
48168,107,122,-15,15
48169,60,63,-3,3
48170,95,91,4,4
48171,95,90,5,5
48172,39,44,-5,5
48173,75,90,-15,15
48174,61,63,-2,2
48175,194,202,-8,8
48176,67,74,-7,7
48177,104,105,-1,1
48178,79,87,-8,8
48179,57,75,-18,18
48180,45,46,-1,1
48181,66,71,-5,5
48182,70,73,-3,3
48183,61,82,-21,21
48184,93,89,4,4
48185,104,109,-5,5
48186,122,133,-11,11
48187,64,62,2,2
48188,68,72,-4,4
48189,132,131,1,1
48190,55,51,4,4
48191,117,118,-1,1
48192,89,88,1,1
48193,83,89,-6,6
48194,94,100,-6,6
48195,59,49,10,10
48196,149,141,8,8
48197,77,86,-9,9
48198,92,101,-9,9
48199,84,81,3,3
48200,71,69,2,2
48201,75,73,2,2
48202,123,114,9,9
48203,108,129,-21,21
48204,90,90,0,0
48205,99,80,19,19
48206,38,43,-5,5
48207,59,65,-6,6
48208,104,104,0,0
48209,114,125,-11,11
48210,83,88,-5,5
48211,182,151,31,31
48212,89,99,-10,10
48213,77,61,16,16
48214,146,127,19,19
48215,74,76,-2,2
48216,73,71,2,2
48217,71,72,-1,1
48218,70,67,3,3
48219,139,131,8,8
48220,75,47,28,28
48221,110,126,-16,16
48222,106,112,-6,6
48223,150,146,4,4
48224,132,119,13,13
48225,108,94,14,14
48226,56,62,-6,6
48227,133,131,2,2
48228,123,109,14,14
48229,58,49,9,9
48230,73,72,1,1
48231,118,109,9,9
48232,83,80,3,3
48233,66,47,19,19
48234,83,82,1,1
48235,89,88,1,1
48236,87,96,-9,9
48237,95,97,-2,2
48238,57,62,-5,5
48239,124,129,-5,5
48240,136,138,-2,2
48241,102,106,-4,4
48242,123,130,-7,7
48243,53,54,-1,1
48244,59,67,-8,8
48245,150,132,18,18
48246,140,133,7,7
48247,88,88,0,0
48248,140,137,3,3
48249,86,88,-2,2
48250,106,102,4,4
48251,127,142,-15,15
48252,88,84,4,4
48253,99,108,-9,9
48254,83,87,-4,4
48255,81,92,-11,11
48256,151,143,8,8
48257,144,146,-2,2
48258,55,57,-2,2
48259,66,62,4,4
48260,103,109,-6,6
48261,100,97,3,3
48262,76,57,19,19
48263,115,114,1,1
48264,135,116,19,19
48265,128,113,15,15
48266,163,156,7,7
48267,81,93,-12,12
48268,88,89,-1,1
48269,86,137,-51,51
48270,147,142,5,5
48271,179,161,18,18
48272,98,96,2,2
48273,91,87,4,4
48274,145,141,4,4
48275,53,60,-7,7
48276,122,128,-6,6
48277,79,79,0,0
48278,118,130,-12,12
48279,100,82,18,18
48280,76,69,7,7
48281,148,141,7,7
48282,55,56,-1,1
48283,80,78,2,2
48284,129,137,-8,8
48285,52,57,-5,5
48286,108,105,3,3
48287,71,75,-4,4
48288,49,46,3,3
48289,111,111,0,0
48290,97,90,7,7
48291,106,87,19,19
48292,31,45,-14,14
48293,62,65,-3,3
48294,140,157,-17,17
48295,102,93,9,9
48296,68,62,6,6
48297,66,70,-4,4
48298,98,109,-11,11
48299,29,39,-10,10
48300,162,150,12,12
48301,68,73,-5,5
48302,39,36,3,3
48303,61,62,-1,1
48304,126,129,-3,3
48305,82,71,11,11
48306,95,86,9,9
48307,86,88,-2,2
48308,91,91,0,0
48309,68,87,-19,19
48310,70,74,-4,4
48311,56,49,7,7
48312,113,110,3,3
48313,83,78,5,5
48314,185,168,17,17
48315,133,128,5,5
48316,98,98,0,0
48317,47,55,-8,8
48318,86,79,7,7
48319,115,106,9,9
48320,121,123,-2,2
48321,130,125,5,5
48322,116,127,-11,11
48323,55,56,-1,1
48324,88,85,3,3
48325,158,158,0,0
48326,208,189,19,19
48327,104,97,7,7
48328,109,107,2,2
48329,94,100,-6,6
48330,49,51,-2,2
48331,66,72,-6,6
48332,135,163,-28,28
48333,112,98,14,14
48334,75,89,-14,14
48335,99,101,-2,2
48336,98,100,-2,2
48337,77,84,-7,7
48338,108,97,11,11
48339,81,86,-5,5
48340,99,113,-14,14
48341,113,98,15,15
48342,68,79,-11,11
48343,111,114,-3,3
48344,57,63,-6,6
48345,141,129,12,12
48346,96,98,-2,2
48347,57,67,-10,10
48348,86,85,1,1
48349,64,84,-20,20
48350,58,56,2,2
48351,68,62,6,6
48352,79,73,6,6
48353,128,126,2,2
48354,133,127,6,6
48355,129,137,-8,8
48356,98,88,10,10
48357,126,116,10,10
48358,68,69,-1,1
48359,98,93,5,5
48360,76,64,12,12
48361,151,141,10,10
48362,143,141,2,2
48363,81,89,-8,8
48364,154,131,23,23
48365,99,107,-8,8
48366,58,59,-1,1
48367,40,37,3,3
48368,101,99,2,2
48369,88,87,1,1
48370,102,87,15,15
48371,82,81,1,1
48372,80,81,-1,1
48373,77,77,0,0
48374,91,94,-3,3
48375,133,132,1,1
48376,160,152,8,8
48377,137,132,5,5
48378,110,103,7,7
48379,78,74,4,4
48380,83,85,-2,2
48381,68,75,-7,7
48382,85,93,-8,8
48383,90,88,2,2
48384,51,58,-7,7
48385,95,92,3,3
48386,133,125,8,8
48387,63,70,-7,7
48388,64,66,-2,2
48389,64,61,3,3
48390,128,132,-4,4
48391,94,104,-10,10
48392,87,90,-3,3
48393,49,52,-3,3
48394,66,62,4,4
48395,53,55,-2,2
48396,99,96,3,3
48397,55,65,-10,10
48398,166,156,10,10
48399,179,165,14,14
48400,100,96,4,4
48401,97,103,-6,6
48402,139,127,12,12
48403,59,53,6,6
48404,175,159,16,16
48405,123,134,-11,11
48406,72,76,-4,4
48407,77,86,-9,9
48408,86,79,7,7
48409,52,61,-9,9
48410,122,137,-15,15
48411,83,80,3,3
48412,109,121,-12,12
48413,123,114,9,9
48414,72,77,-5,5
48415,86,98,-12,12
48416,97,110,-13,13
48417,98,92,6,6
48418,98,91,7,7
48419,72,72,0,0
48420,160,150,10,10
48421,61,55,6,6
48422,91,92,-1,1
48423,65,63,2,2
48424,145,139,6,6
48425,60,60,0,0
48426,125,121,4,4
48427,57,57,0,0
48428,117,114,3,3
48429,104,112,-8,8
48430,141,138,3,3
48431,65,68,-3,3
48432,78,73,5,5
48433,74,83,-9,9
48434,82,83,-1,1
48435,83,85,-2,2
48436,79,82,-3,3
48437,79,79,0,0
48438,73,76,-3,3
48439,154,138,16,16
48440,89,96,-7,7
48441,83,92,-9,9
48442,79,77,2,2
48443,167,151,16,16
48444,103,118,-15,15
48445,89,87,2,2
48446,199,182,17,17
48447,63,71,-8,8
48448,67,64,3,3
48449,152,175,-23,23
48450,98,106,-8,8
48451,78,89,-11,11
48452,78,77,1,1
48453,119,129,-10,10
48454,93,108,-15,15
48455,121,123,-2,2
48456,105,101,4,4
48457,184,154,30,30
48458,60,56,4,4
48459,167,145,22,22
48460,51,55,-4,4
48461,114,124,-10,10
48462,59,54,5,5
48463,98,105,-7,7
48464,62,68,-6,6
48465,74,65,9,9
48466,87,80,7,7
48467,84,77,7,7
48468,63,62,1,1
48469,103,97,6,6
48470,133,122,11,11
48471,125,105,20,20
48472,137,138,-1,1
48473,82,78,4,4
48474,145,159,-14,14
48475,111,111,0,0
48476,117,111,6,6
48477,61,58,3,3
48478,107,107,0,0
48479,127,126,1,1
48480,50,48,2,2
48481,75,73,2,2
48482,173,159,14,14
48483,162,156,6,6
48484,72,81,-9,9
48485,104,112,-8,8
48486,84,100,-16,16
48487,84,76,8,8
48488,99,101,-2,2
48489,109,121,-12,12
48490,125,126,-1,1
48491,100,98,2,2
48492,108,111,-3,3
48493,118,125,-7,7
48494,70,76,-6,6
48495,67,59,8,8
48496,39,31,8,8
48497,87,98,-11,11
48498,71,84,-13,13
48499,65,64,1,1
48500,185,158,27,27
48501,89,88,1,1
48502,94,93,1,1
48503,68,65,3,3
48504,66,61,5,5
48505,126,124,2,2
48506,99,100,-1,1
48507,100,104,-4,4
48508,85,79,6,6
48509,38,50,-12,12
48510,170,155,15,15
48511,109,100,9,9
48512,90,90,0,0
48513,58,53,5,5
48514,52,61,-9,9
48515,162,174,-12,12
48516,60,58,2,2
48517,99,98,1,1
48518,80,75,5,5
48519,82,100,-18,18
48520,112,112,0,0
48521,81,76,5,5
48522,112,125,-13,13
48523,160,150,10,10
48524,44,46,-2,2
48525,60,61,-1,1
48526,87,84,3,3
48527,66,59,7,7
48528,54,56,-2,2
48529,158,144,14,14
48530,125,127,-2,2
48531,61,64,-3,3
48532,179,163,16,16
48533,174,138,36,36
48534,86,104,-18,18
48535,86,95,-9,9
48536,79,102,-23,23
48537,60,63,-3,3
48538,78,76,2,2
48539,128,140,-12,12
48540,111,106,5,5
48541,98,103,-5,5
48542,142,129,13,13
48543,65,67,-2,2
48544,142,125,17,17
48545,176,175,1,1
48546,88,82,6,6
48547,165,156,9,9
48548,85,91,-6,6
48549,85,79,6,6
48550,88,99,-11,11
48551,97,107,-10,10
48552,125,131,-6,6
48553,99,94,5,5
48554,83,79,4,4
48555,97,78,19,19
48556,96,96,0,0
48557,62,68,-6,6
48558,99,112,-13,13
48559,57,61,-4,4
48560,77,85,-8,8
48561,77,83,-6,6
48562,104,120,-16,16
48563,114,112,2,2
48564,94,85,9,9
48565,67,82,-15,15
48566,112,113,-1,1
48567,128,131,-3,3
48568,93,97,-4,4
48569,115,113,2,2
48570,63,59,4,4
48571,67,75,-8,8
48572,136,141,-5,5
48573,96,109,-13,13
48574,97,114,-17,17
48575,97,102,-5,5
48576,100,96,4,4
48577,60,64,-4,4
48578,155,176,-21,21
48579,80,95,-15,15
48580,92,108,-16,16
48581,130,124,6,6
48582,139,121,18,18
48583,121,118,3,3
48584,58,65,-7,7
48585,73,82,-9,9
48586,98,98,0,0
48587,95,102,-7,7
48588,126,122,4,4
48589,112,115,-3,3
48590,82,90,-8,8
48591,105,98,7,7
48592,68,77,-9,9
48593,67,81,-14,14
48594,121,124,-3,3
48595,164,139,25,25
48596,107,116,-9,9
48597,110,111,-1,1
48598,125,129,-4,4
48599,71,72,-1,1
48600,77,85,-8,8
48601,97,99,-2,2
48602,114,122,-8,8
48603,140,139,1,1
48604,57,66,-9,9
48605,99,100,-1,1
48606,99,101,-2,2
48607,52,48,4,4
48608,83,75,8,8
48609,173,245,-72,72
48610,94,106,-12,12
48611,47,43,4,4
48612,58,66,-8,8
48613,61,73,-12,12
48614,82,98,-16,16
48615,53,76,-23,23
48616,53,53,0,0
48617,77,85,-8,8
48618,88,100,-12,12
48619,74,79,-5,5
48620,74,76,-2,2
48621,150,140,10,10
48622,135,147,-12,12
48623,176,182,-6,6
48624,53,56,-3,3
48625,140,141,-1,1
48626,106,112,-6,6
48627,189,162,27,27
48628,104,115,-11,11
48629,71,89,-18,18
48630,66,64,2,2
48631,82,98,-16,16
48632,111,137,-26,26
48633,114,122,-8,8
48634,140,134,6,6
48635,95,113,-18,18
48636,152,148,4,4
48637,101,115,-14,14
48638,67,63,4,4
48639,47,52,-5,5
48640,73,79,-6,6
48641,84,103,-19,19
48642,92,87,5,5
48643,157,166,-9,9
48644,128,133,-5,5
48645,96,119,-23,23
48646,91,92,-1,1
48647,92,87,5,5
48648,132,127,5,5
48649,170,163,7,7
48650,103,98,5,5
48651,46,52,-6,6
48652,123,116,7,7
48653,91,79,12,12
48654,111,111,0,0
48655,144,143,1,1
48656,73,78,-5,5
48657,116,107,9,9
48658,137,144,-7,7
48659,131,118,13,13
48660,37,42,-5,5
48661,84,85,-1,1
48662,91,90,1,1
48663,175,173,2,2
48664,137,138,-1,1
48665,91,93,-2,2
48666,41,41,0,0
48667,88,82,6,6
48668,86,83,3,3
48669,67,73,-6,6
48670,181,165,16,16
48671,108,109,-1,1
48672,51,40,11,11
48673,145,143,2,2
48674,87,90,-3,3
48675,42,42,0,0
48676,92,91,1,1
48677,196,171,25,25
48678,43,50,-7,7
48679,108,108,0,0
48680,131,118,13,13
48681,105,113,-8,8
48682,77,85,-8,8
48683,80,76,4,4
48684,144,141,3,3
48685,120,138,-18,18
48686,70,75,-5,5
48687,62,65,-3,3
48688,40,35,5,5
48689,80,76,4,4
48690,93,92,1,1
48691,41,49,-8,8
48692,90,98,-8,8
48693,82,78,4,4
48694,85,91,-6,6
48695,103,97,6,6
48696,119,109,10,10
48697,65,65,0,0
48698,85,83,2,2
48699,114,102,12,12
48700,95,97,-2,2
48701,39,33,6,6
48702,89,88,1,1
48703,116,128,-12,12
48704,133,139,-6,6
48705,76,79,-3,3
48706,146,145,1,1
48707,55,59,-4,4
48708,170,161,9,9
48709,76,74,2,2
48710,89,94,-5,5
48711,76,103,-27,27
48712,107,103,4,4
48713,69,64,5,5
48714,94,105,-11,11
48715,106,104,2,2
48716,91,75,16,16
48717,158,158,0,0
48718,110,111,-1,1
48719,69,79,-10,10
48720,90,87,3,3
48721,99,92,7,7
48722,74,73,1,1
48723,94,96,-2,2
48724,70,71,-1,1
48725,81,95,-14,14
48726,136,148,-12,12
48727,89,92,-3,3
48728,113,125,-12,12
48729,110,102,8,8
48730,137,146,-9,9
48731,100,101,-1,1
48732,114,105,9,9
48733,122,121,1,1
48734,27,15,12,12
48735,105,110,-5,5
48736,65,69,-4,4
48737,120,135,-15,15
48738,68,69,-1,1
48739,158,148,10,10
48740,76,80,-4,4
48741,123,113,10,10
48742,71,69,2,2
48743,86,85,1,1
48744,68,77,-9,9
48745,118,119,-1,1
48746,36,38,-2,2
48747,26,22,4,4
48748,55,59,-4,4
48749,87,80,7,7
48750,117,114,3,3
48751,36,35,1,1
48752,112,98,14,14
48753,73,65,8,8
48754,93,87,6,6
48755,122,115,7,7
48756,117,111,6,6
48757,116,129,-13,13
48758,95,94,1,1
48759,51,52,-1,1
48760,81,79,2,2
48761,88,80,8,8
48762,62,57,5,5
48763,84,65,19,19
48764,69,80,-11,11
48765,62,50,12,12
48766,101,108,-7,7
48767,112,115,-3,3
48768,182,163,19,19
48769,51,61,-10,10
48770,89,95,-6,6
48771,123,126,-3,3
48772,91,89,2,2
48773,67,83,-16,16
48774,150,132,18,18
48775,61,67,-6,6
48776,107,103,4,4
48777,53,47,6,6
48778,79,89,-10,10
48779,143,152,-9,9
48780,115,117,-2,2
48781,66,68,-2,2
48782,104,101,3,3
48783,154,158,-4,4
48784,96,85,11,11
48785,165,155,10,10
48786,124,124,0,0
48787,108,102,6,6
48788,106,119,-13,13
48789,124,129,-5,5
48790,91,109,-18,18
48791,98,113,-15,15
48792,74,78,-4,4
48793,146,147,-1,1
48794,136,142,-6,6
48795,96,118,-22,22
48796,117,113,4,4
48797,113,110,3,3
48798,118,116,2,2
48799,151,128,23,23
48800,157,150,7,7
48801,98,86,12,12
48802,136,134,2,2
48803,119,131,-12,12
48804,66,63,3,3
48805,144,135,9,9
48806,118,118,0,0
48807,186,196,-10,10
48808,91,99,-8,8
48809,99,105,-6,6
48810,78,84,-6,6
48811,81,79,2,2
48812,77,81,-4,4
48813,51,55,-4,4
48814,81,87,-6,6
48815,110,114,-4,4
48816,83,78,5,5
48817,75,91,-16,16
48818,73,73,0,0
48819,113,106,7,7
48820,84,77,7,7
48821,94,87,7,7
48822,77,96,-19,19
48823,101,95,6,6
48824,100,95,5,5
48825,68,66,2,2
48826,65,68,-3,3
48827,159,147,12,12
48828,66,73,-7,7
48829,149,130,19,19
48830,81,115,-34,34
48831,56,57,-1,1
48832,149,159,-10,10
48833,56,62,-6,6
48834,110,115,-5,5
48835,61,65,-4,4
48836,57,48,9,9
48837,107,112,-5,5
48838,58,66,-8,8
48839,106,109,-3,3
48840,145,135,10,10
48841,70,75,-5,5
48842,115,127,-12,12
48843,106,80,26,26
48844,144,138,6,6
48845,129,121,8,8
48846,127,124,3,3
48847,223,190,33,33
48848,147,153,-6,6
48849,95,94,1,1
48850,34,27,7,7
48851,66,62,4,4
48852,88,91,-3,3
48853,91,88,3,3
48854,90,82,8,8
48855,131,131,0,0
48856,61,66,-5,5
48857,66,54,12,12
48858,125,125,0,0
48859,69,69,0,0
48860,73,91,-18,18
48861,87,80,7,7
48862,89,86,3,3
48863,69,83,-14,14
48864,114,125,-11,11
48865,64,68,-4,4
48866,146,137,9,9
48867,93,105,-12,12
48868,54,58,-4,4
48869,171,177,-6,6
48870,63,56,7,7
48871,70,73,-3,3
48872,61,64,-3,3
48873,75,89,-14,14
48874,158,146,12,12
48875,65,81,-16,16
48876,93,99,-6,6
48877,97,93,4,4
48878,126,121,5,5
48879,122,122,0,0
48880,128,144,-16,16
48881,109,120,-11,11
48882,90,89,1,1
48883,167,160,7,7
48884,79,71,8,8
48885,56,60,-4,4
48886,117,117,0,0
48887,80,76,4,4
48888,48,57,-9,9
48889,72,79,-7,7
48890,69,74,-5,5
48891,105,99,6,6
48892,103,101,2,2
48893,94,97,-3,3
48894,91,89,2,2
48895,117,117,0,0
48896,168,174,-6,6
48897,60,63,-3,3
48898,93,113,-20,20
48899,110,112,-2,2
48900,61,62,-1,1
48901,133,134,-1,1
48902,124,116,8,8
48903,131,126,5,5
48904,81,84,-3,3
48905,78,71,7,7
48906,117,109,8,8
48907,116,116,0,0
48908,75,84,-9,9
48909,50,56,-6,6
48910,76,71,5,5
48911,120,118,2,2
48912,96,96,0,0
48913,99,131,-32,32
48914,163,150,13,13
48915,136,129,7,7
48916,150,137,13,13
48917,87,91,-4,4
48918,116,125,-9,9
48919,127,153,-26,26
48920,73,69,4,4
48921,110,121,-11,11
48922,65,65,0,0
48923,74,76,-2,2
48924,98,84,14,14
48925,74,70,4,4
48926,105,111,-6,6
48927,92,97,-5,5
48928,80,83,-3,3
48929,111,109,2,2
48930,93,89,4,4
48931,69,73,-4,4
48932,76,85,-9,9
48933,59,58,1,1
48934,127,129,-2,2
48935,45,51,-6,6
48936,100,87,13,13
48937,111,114,-3,3
48938,165,215,-50,50
48939,161,171,-10,10
48940,108,109,-1,1
48941,85,77,8,8
48942,131,133,-2,2
48943,28,32,-4,4
48944,92,92,0,0
48945,55,56,-1,1
48946,134,131,3,3
48947,112,99,13,13
48948,123,112,11,11
48949,137,140,-3,3
48950,72,85,-13,13
48951,116,114,2,2
48952,136,134,2,2
48953,122,127,-5,5
48954,120,124,-4,4
48955,85,80,5,5
48956,98,104,-6,6
48957,108,124,-16,16
48958,95,99,-4,4
48959,71,66,5,5
48960,160,158,2,2
48961,112,113,-1,1
48962,98,105,-7,7
48963,72,69,3,3
48964,102,106,-4,4
48965,95,91,4,4
48966,130,128,2,2
48967,96,95,1,1
48968,123,121,2,2
48969,100,104,-4,4
48970,172,173,-1,1
48971,55,56,-1,1
48972,60,71,-11,11
48973,101,105,-4,4
48974,90,107,-17,17
48975,76,88,-12,12
48976,80,68,12,12
48977,100,111,-11,11
48978,61,63,-2,2
48979,75,76,-1,1
48980,81,99,-18,18
48981,121,122,-1,1
48982,81,88,-7,7
48983,139,139,0,0
48984,86,73,13,13
48985,94,93,1,1
48986,121,122,-1,1
48987,83,68,15,15
48988,127,141,-14,14
48989,49,62,-13,13
48990,83,93,-10,10
48991,76,76,0,0
48992,113,119,-6,6
48993,73,70,3,3
48994,85,86,-1,1
48995,97,96,1,1
48996,82,86,-4,4
48997,103,112,-9,9
48998,68,72,-4,4
48999,65,69,-4,4
49000,46,63,-17,17
49001,108,102,6,6
49002,96,108,-12,12
49003,133,134,-1,1
49004,97,107,-10,10
49005,62,58,4,4
49006,95,98,-3,3
49007,132,116,16,16
49008,164,151,13,13
49009,62,60,2,2
49010,81,91,-10,10
49011,91,87,4,4
49012,73,73,0,0
49013,73,77,-4,4
49014,105,118,-13,13
49015,75,80,-5,5
49016,73,66,7,7
49017,94,105,-11,11
49018,112,122,-10,10
49019,107,92,15,15
49020,79,75,4,4
49021,128,137,-9,9
49022,100,92,8,8
49023,68,66,2,2
49024,84,74,10,10
49025,115,140,-25,25
49026,68,67,1,1
49027,50,52,-2,2
49028,80,87,-7,7
49029,71,79,-8,8
49030,115,107,8,8
49031,103,119,-16,16
49032,112,108,4,4
49033,95,95,0,0
49034,132,135,-3,3
49035,108,117,-9,9
49036,89,97,-8,8
49037,96,89,7,7
49038,110,110,0,0
49039,103,163,-60,60
49040,113,110,3,3
49041,72,81,-9,9
49042,85,98,-13,13
49043,106,105,1,1
49044,101,100,1,1
49045,117,129,-12,12
49046,67,77,-10,10
49047,82,86,-4,4
49048,61,61,0,0
49049,64,65,-1,1
49050,86,91,-5,5
49051,89,91,-2,2
49052,49,53,-4,4
49053,136,121,15,15
49054,137,144,-7,7
49055,79,60,19,19
49056,127,115,12,12
49057,130,126,4,4
49058,119,140,-21,21
49059,83,79,4,4
49060,98,100,-2,2
49061,124,122,2,2
49062,72,90,-18,18
49063,114,130,-16,16
49064,144,133,11,11
49065,117,111,6,6
49066,68,71,-3,3
49067,41,45,-4,4
49068,88,90,-2,2
49069,156,160,-4,4
49070,85,82,3,3
49071,99,104,-5,5
49072,71,88,-17,17
49073,152,141,11,11
49074,86,82,4,4
49075,95,87,8,8
49076,100,103,-3,3
49077,99,112,-13,13
49078,137,125,12,12
49079,78,70,8,8
49080,142,131,11,11
49081,80,88,-8,8
49082,70,65,5,5
49083,112,108,4,4
49084,116,127,-11,11
49085,76,79,-3,3
49086,128,125,3,3
49087,101,93,8,8
49088,111,111,0,0
49089,71,66,5,5
49090,129,127,2,2
49091,170,161,9,9
49092,136,116,20,20
49093,105,100,5,5
49094,117,110,7,7
49095,102,100,2,2
49096,77,81,-4,4
49097,103,105,-2,2
49098,53,55,-2,2
49099,94,108,-14,14
49100,73,66,7,7
49101,65,67,-2,2
49102,107,127,-20,20
49103,78,89,-11,11
49104,83,83,0,0
49105,117,122,-5,5
49106,33,29,4,4
49107,97,105,-8,8
49108,119,118,1,1
49109,74,72,2,2
49110,96,98,-2,2
49111,113,117,-4,4
49112,68,89,-21,21
49113,78,75,3,3
49114,123,92,31,31
49115,121,134,-13,13
49116,74,74,0,0
49117,100,95,5,5
49118,71,71,0,0
49119,46,55,-9,9
49120,90,94,-4,4
49121,63,75,-12,12
49122,94,88,6,6
49123,83,89,-6,6
49124,86,89,-3,3
49125,116,123,-7,7
49126,107,101,6,6
49127,111,122,-11,11
49128,211,215,-4,4
49129,71,67,4,4
49130,57,65,-8,8
49131,135,124,11,11
49132,111,113,-2,2
49133,97,87,10,10
49134,139,136,3,3
49135,96,96,0,0
49136,91,90,1,1
49137,131,127,4,4
49138,134,124,10,10
49139,81,81,0,0
49140,123,115,8,8
49141,122,134,-12,12
49142,149,147,2,2
49143,122,109,13,13
49144,114,111,3,3
49145,112,100,12,12
49146,110,107,3,3
49147,111,122,-11,11
49148,50,50,0,0
49149,52,51,1,1
49150,119,130,-11,11
49151,67,66,1,1
49152,135,152,-17,17
49153,81,83,-2,2
49154,122,113,9,9
49155,130,130,0,0
49156,60,62,-2,2
49157,108,122,-14,14
49158,97,106,-9,9
49159,50,58,-8,8
49160,77,74,3,3
49161,106,102,4,4
49162,100,106,-6,6
49163,70,78,-8,8
49164,99,102,-3,3
49165,108,120,-12,12
49166,138,125,13,13
49167,132,130,2,2
49168,73,78,-5,5
49169,73,75,-2,2
49170,111,106,5,5
49171,101,103,-2,2
49172,123,125,-2,2
49173,80,125,-45,45
49174,56,39,17,17
49175,101,92,9,9
49176,119,122,-3,3
49177,125,138,-13,13
49178,107,102,5,5
49179,141,131,10,10
49180,110,121,-11,11
49181,91,83,8,8
49182,67,69,-2,2
49183,91,112,-21,21
49184,62,66,-4,4
49185,66,66,0,0
49186,51,61,-10,10
49187,26,27,-1,1
49188,112,114,-2,2
49189,85,80,5,5
49190,173,160,13,13
49191,65,62,3,3
49192,71,74,-3,3
49193,48,48,0,0
49194,113,125,-12,12
49195,111,119,-8,8
49196,76,86,-10,10
49197,72,74,-2,2
49198,104,102,2,2
49199,113,113,0,0
49200,80,77,3,3
49201,129,136,-7,7
49202,80,82,-2,2
49203,99,97,2,2
49204,98,109,-11,11
49205,186,177,9,9
49206,84,89,-5,5
49207,46,48,-2,2
49208,81,94,-13,13
49209,62,58,4,4
49210,85,82,3,3
49211,63,60,3,3
49212,114,127,-13,13
49213,91,96,-5,5
49214,100,115,-15,15
49215,53,49,4,4
49216,127,112,15,15
49217,93,86,7,7
49218,59,65,-6,6
49219,52,48,4,4
49220,100,101,-1,1
49221,73,81,-8,8
49222,110,121,-11,11
49223,88,81,7,7
49224,87,88,-1,1
49225,53,53,0,0
49226,96,100,-4,4
49227,70,86,-16,16
49228,80,93,-13,13
49229,80,84,-4,4
49230,78,74,4,4
49231,45,40,5,5
49232,97,106,-9,9
49233,172,162,10,10
49234,92,93,-1,1
49235,72,78,-6,6
49236,125,136,-11,11
49237,72,79,-7,7
49238,156,153,3,3
49239,61,63,-2,2
49240,118,124,-6,6
49241,89,106,-17,17
49242,126,111,15,15
49243,121,124,-3,3
49244,63,83,-20,20
49245,96,95,1,1
49246,123,120,3,3
49247,80,89,-9,9
49248,120,119,1,1
49249,75,80,-5,5
49250,128,132,-4,4
49251,166,164,2,2
49252,129,134,-5,5
49253,74,88,-14,14
49254,70,77,-7,7
49255,75,79,-4,4
49256,115,100,15,15
49257,109,103,6,6
49258,86,86,0,0
49259,90,80,10,10
49260,95,89,6,6
49261,102,111,-9,9
49262,178,164,14,14
49263,140,130,10,10
49264,148,137,11,11
49265,75,76,-1,1
49266,94,86,8,8
49267,83,96,-13,13
49268,184,177,7,7
49269,98,94,4,4
49270,36,31,5,5
49271,68,70,-2,2
49272,88,98,-10,10
49273,71,71,0,0
49274,80,76,4,4
49275,81,74,7,7
49276,98,106,-8,8
49277,99,90,9,9
49278,41,49,-8,8
49279,51,43,8,8
49280,161,158,3,3
49281,76,79,-3,3
49282,103,101,2,2
49283,86,80,6,6
49284,111,109,2,2
49285,132,126,6,6
49286,91,85,6,6
49287,114,84,30,30
49288,106,104,2,2
49289,140,137,3,3
49290,54,50,4,4
49291,231,200,31,31
49292,74,74,0,0
49293,59,61,-2,2
49294,149,141,8,8
49295,98,100,-2,2
49296,96,94,2,2
49297,98,108,-10,10
49298,29,29,0,0
49299,80,81,-1,1
49300,115,105,10,10
49301,75,69,6,6
49302,93,90,3,3
49303,86,87,-1,1
49304,67,59,8,8
49305,56,51,5,5
49306,120,115,5,5
49307,188,173,15,15
49308,31,35,-4,4
49309,51,63,-12,12
49310,55,47,8,8
49311,81,83,-2,2
49312,75,78,-3,3
49313,63,67,-4,4
49314,85,88,-3,3
49315,32,23,9,9
49316,83,93,-10,10
49317,86,103,-17,17
49318,122,107,15,15
49319,46,47,-1,1
49320,122,114,8,8
49321,101,110,-9,9
49322,55,59,-4,4
49323,80,83,-3,3
49324,106,106,0,0
49325,79,91,-12,12
49326,143,154,-11,11
49327,124,126,-2,2
49328,128,137,-9,9
49329,88,95,-7,7
49330,98,101,-3,3
49331,207,181,26,26
49332,133,125,8,8
49333,46,49,-3,3
49334,115,125,-10,10
49335,75,55,20,20
49336,93,89,4,4
49337,99,103,-4,4
49338,107,110,-3,3
49339,99,93,6,6
49340,78,79,-1,1
49341,104,92,12,12
49342,112,122,-10,10
49343,75,57,18,18
49344,84,95,-11,11
49345,87,94,-7,7
49346,83,79,4,4
49347,151,145,6,6
49348,23,37,-14,14
49349,168,164,4,4
49350,62,67,-5,5
49351,65,64,1,1
49352,68,72,-4,4
49353,110,122,-12,12
49354,159,141,18,18
49355,44,36,8,8
49356,144,139,5,5
49357,71,71,0,0
49358,71,64,7,7
49359,131,123,8,8
49360,148,78,70,70
49361,116,116,0,0
49362,117,105,12,12
49363,116,139,-23,23
49364,95,88,7,7
49365,59,72,-13,13
49366,41,34,7,7
49367,80,88,-8,8
49368,66,73,-7,7
49369,98,96,2,2
49370,186,167,19,19
49371,109,105,4,4
49372,97,122,-25,25
49373,74,66,8,8
49374,113,116,-3,3
49375,61,56,5,5
49376,108,114,-6,6
49377,123,117,6,6
49378,78,84,-6,6
49379,57,58,-1,1
49380,42,28,14,14
49381,118,132,-14,14
49382,59,50,9,9
49383,96,105,-9,9
49384,69,64,5,5
49385,94,85,9,9
49386,84,112,-28,28
49387,182,188,-6,6
49388,44,50,-6,6
49389,74,82,-8,8
49390,84,75,9,9
49391,173,155,18,18
49392,73,79,-6,6
49393,67,71,-4,4
49394,84,88,-4,4
49395,106,110,-4,4
49396,80,86,-6,6
49397,79,94,-15,15
49398,61,45,16,16
49399,73,77,-4,4
49400,50,49,1,1
49401,94,88,6,6
49402,86,97,-11,11
49403,71,69,2,2
49404,60,69,-9,9
49405,126,124,2,2
49406,60,51,9,9
49407,65,57,8,8
49408,83,78,5,5
49409,47,42,5,5
49410,234,192,42,42
49411,101,89,12,12
49412,111,107,4,4
49413,65,62,3,3
49414,50,58,-8,8
49415,63,73,-10,10
49416,121,125,-4,4
49417,63,46,17,17
49418,105,104,1,1
49419,51,56,-5,5
49420,85,82,3,3
49421,154,134,20,20
49422,130,126,4,4
49423,95,96,-1,1
49424,55,50,5,5
49425,95,98,-3,3
49426,154,150,4,4
49427,109,107,2,2
49428,57,66,-9,9
49429,109,107,2,2
49430,125,119,6,6
49431,85,73,12,12
49432,76,67,9,9
49433,66,84,-18,18
49434,89,79,10,10
49435,64,66,-2,2
49436,46,56,-10,10
49437,79,81,-2,2
49438,114,112,2,2
49439,73,70,3,3
49440,130,133,-3,3
49441,78,71,7,7
49442,62,72,-10,10
49443,49,51,-2,2
49444,65,69,-4,4
49445,66,67,-1,1
49446,72,79,-7,7
49447,81,78,3,3
49448,131,129,2,2
49449,113,116,-3,3
49450,103,100,3,3
49451,60,58,2,2
49452,61,58,3,3
49453,62,52,10,10
49454,79,78,1,1
49455,111,135,-24,24
49456,108,104,4,4
49457,124,110,14,14
49458,93,99,-6,6
49459,121,121,0,0
49460,49,46,3,3
49461,72,84,-12,12
49462,86,75,11,11
49463,64,67,-3,3
49464,95,83,12,12
49465,108,123,-15,15
49466,148,138,10,10
49467,71,72,-1,1
49468,85,102,-17,17
49469,72,76,-4,4
49470,107,113,-6,6
49471,121,112,9,9
49472,119,116,3,3
49473,81,110,-29,29
49474,94,99,-5,5
49475,147,138,9,9
49476,101,111,-10,10
49477,106,113,-7,7
49478,59,62,-3,3
49479,70,69,1,1
49480,52,48,4,4
49481,89,84,5,5
49482,128,132,-4,4
49483,111,113,-2,2
49484,146,146,0,0
49485,49,49,0,0
49486,110,107,3,3
49487,119,108,11,11
49488,96,102,-6,6
49489,119,120,-1,1
49490,140,136,4,4
49491,124,131,-7,7
49492,90,83,7,7
49493,68,78,-10,10
49494,92,103,-11,11
49495,163,150,13,13
49496,77,79,-2,2
49497,103,105,-2,2
49498,126,111,15,15
49499,70,74,-4,4
49500,127,122,5,5
49501,76,83,-7,7
49502,138,139,-1,1
49503,88,97,-9,9
49504,58,84,-26,26
49505,68,64,4,4
49506,146,152,-6,6
49507,139,138,1,1
49508,71,79,-8,8
49509,143,126,17,17
49510,123,109,14,14
49511,55,61,-6,6
49512,93,97,-4,4
49513,74,95,-21,21
49514,122,122,0,0
49515,79,85,-6,6
49516,75,76,-1,1
49517,72,92,-20,20
49518,122,124,-2,2
49519,82,82,0,0
49520,66,64,2,2
49521,67,75,-8,8
49522,62,62,0,0
49523,108,102,6,6
49524,82,86,-4,4
49525,93,95,-2,2
49526,57,60,-3,3
49527,73,77,-4,4
49528,116,105,11,11
49529,97,87,10,10
49530,107,110,-3,3
49531,69,74,-5,5
49532,118,114,4,4
49533,112,111,1,1
49534,75,84,-9,9
49535,128,139,-11,11
49536,96,107,-11,11
49537,81,92,-11,11
49538,149,152,-3,3
49539,65,65,0,0
49540,28,16,12,12
49541,92,95,-3,3
49542,82,68,14,14
49543,65,77,-12,12
49544,130,130,0,0
49545,85,88,-3,3
49546,105,120,-15,15
49547,119,134,-15,15
49548,124,107,17,17
49549,89,86,3,3
49550,52,54,-2,2
49551,95,89,6,6
49552,111,132,-21,21
49553,110,95,15,15
49554,104,104,0,0
49555,107,111,-4,4
49556,79,80,-1,1
49557,98,88,10,10
49558,113,120,-7,7
49559,59,56,3,3
49560,86,81,5,5
49561,40,36,4,4
49562,59,57,2,2
49563,108,108,0,0
49564,49,59,-10,10
49565,86,73,13,13
49566,84,83,1,1
49567,93,91,2,2
49568,74,73,1,1
49569,73,76,-3,3
49570,89,89,0,0
49571,83,91,-8,8
49572,94,114,-20,20
49573,103,94,9,9
49574,117,135,-18,18
49575,162,149,13,13
49576,72,71,1,1
49577,107,116,-9,9
49578,122,125,-3,3
49579,108,113,-5,5
49580,96,81,15,15
49581,98,97,1,1
49582,111,112,-1,1
49583,51,50,1,1
49584,70,82,-12,12
49585,64,68,-4,4
49586,47,38,9,9
49587,45,45,0,0
49588,69,87,-18,18
49589,91,90,1,1
49590,77,67,10,10
49591,83,89,-6,6
49592,73,69,4,4
49593,70,67,3,3
49594,228,197,31,31
49595,50,38,12,12
49596,69,69,0,0
49597,88,86,2,2
49598,76,76,0,0
49599,80,77,3,3
49600,73,75,-2,2
49601,86,89,-3,3
49602,103,131,-28,28
49603,135,123,12,12
49604,75,79,-4,4
49605,78,82,-4,4
49606,114,105,9,9
49607,112,123,-11,11
49608,66,74,-8,8
49609,94,86,8,8
49610,86,79,7,7
49611,86,81,5,5
49612,115,131,-16,16
49613,81,76,5,5
49614,96,112,-16,16
49615,100,103,-3,3
49616,137,133,4,4
49617,71,71,0,0
49618,77,69,8,8
49619,102,100,2,2
49620,83,95,-12,12
49621,87,88,-1,1
49622,123,119,4,4
49623,65,75,-10,10
49624,59,66,-7,7
49625,98,107,-9,9
49626,127,141,-14,14
49627,141,132,9,9
49628,55,54,1,1
49629,63,69,-6,6
49630,102,97,5,5
49631,63,72,-9,9
49632,108,106,2,2
49633,105,103,2,2
49634,57,49,8,8
49635,64,52,12,12
49636,83,82,1,1
49637,97,103,-6,6
49638,97,104,-7,7
49639,84,97,-13,13
49640,117,113,4,4
49641,99,95,4,4
49642,106,106,0,0
49643,101,99,2,2
49644,91,88,3,3
49645,131,131,0,0
49646,162,151,11,11
49647,81,79,2,2
49648,56,66,-10,10
49649,120,103,17,17
49650,103,94,9,9
49651,43,36,7,7
49652,59,62,-3,3
49653,90,90,0,0
49654,116,105,11,11
49655,55,50,5,5
49656,97,94,3,3
49657,99,98,1,1
49658,52,58,-6,6
49659,32,26,6,6
49660,91,104,-13,13
49661,92,88,4,4
49662,52,51,1,1
49663,159,134,25,25
49664,144,134,10,10
49665,115,119,-4,4
49666,44,49,-5,5
49667,114,125,-11,11
49668,183,164,19,19
49669,94,95,-1,1
49670,82,95,-13,13
49671,85,64,21,21
49672,71,75,-4,4
49673,151,138,13,13
49674,98,93,5,5
49675,116,118,-2,2
49676,108,106,2,2
49677,85,83,2,2
49678,96,90,6,6
49679,94,116,-22,22
49680,59,61,-2,2
49681,81,87,-6,6
49682,125,123,2,2
49683,64,70,-6,6
49684,106,90,16,16
49685,89,100,-11,11
49686,91,80,11,11
49687,72,72,0,0
49688,69,75,-6,6
49689,94,73,21,21
49690,133,124,9,9
49691,115,113,2,2
49692,92,94,-2,2
49693,171,147,24,24
49694,108,105,3,3
49695,102,116,-14,14
49696,133,141,-8,8
49697,89,79,10,10
49698,93,89,4,4
49699,39,38,1,1
49700,119,109,10,10
49701,116,110,6,6
49702,71,60,11,11
49703,121,127,-6,6
49704,109,107,2,2
49705,121,109,12,12
49706,87,95,-8,8
49707,73,84,-11,11
49708,103,95,8,8
49709,50,57,-7,7
49710,53,56,-3,3
49711,94,96,-2,2
49712,143,149,-6,6
49713,68,63,5,5
49714,148,133,15,15
49715,54,47,7,7
49716,121,112,9,9
49717,116,101,15,15
49718,91,104,-13,13
49719,74,71,3,3
49720,68,71,-3,3
49721,129,133,-4,4
49722,69,64,5,5
49723,43,48,-5,5
49724,125,132,-7,7
49725,101,107,-6,6
49726,188,162,26,26
49727,135,125,10,10
49728,57,66,-9,9
49729,96,105,-9,9
49730,68,65,3,3
49731,154,146,8,8
49732,101,100,1,1
49733,48,53,-5,5
49734,62,71,-9,9
49735,182,168,14,14
49736,83,82,1,1
49737,52,54,-2,2
49738,97,82,15,15
49739,108,112,-4,4
49740,90,81,9,9
49741,88,95,-7,7
49742,109,116,-7,7
49743,84,103,-19,19
49744,93,114,-21,21
49745,87,86,1,1
49746,75,74,1,1
49747,77,64,13,13
49748,159,136,23,23
49749,56,60,-4,4
49750,135,113,22,22
49751,42,47,-5,5
49752,42,40,2,2
49753,82,104,-22,22
49754,106,93,13,13
49755,98,108,-10,10
49756,59,70,-11,11
49757,158,134,24,24
49758,109,114,-5,5
49759,93,96,-3,3
49760,174,162,12,12
49761,91,85,6,6
49762,138,118,20,20
49763,104,102,2,2
49764,92,98,-6,6
49765,67,73,-6,6
49766,87,97,-10,10
49767,135,120,15,15
49768,102,95,7,7
49769,164,153,11,11
49770,67,73,-6,6
49771,106,82,24,24
49772,88,96,-8,8
49773,109,105,4,4
49774,97,88,9,9
49775,49,49,0,0
49776,124,120,4,4
49777,64,64,0,0
49778,160,145,15,15
49779,108,110,-2,2
49780,71,68,3,3
49781,108,109,-1,1
49782,87,86,1,1
49783,181,161,20,20
49784,100,91,9,9
49785,52,47,5,5
49786,128,128,0,0
49787,84,79,5,5
49788,123,114,9,9
49789,131,134,-3,3
49790,113,122,-9,9
49791,127,123,4,4
49792,85,90,-5,5
49793,71,79,-8,8
49794,108,112,-4,4
49795,74,71,3,3
49796,160,154,6,6
49797,72,81,-9,9
49798,75,81,-6,6
49799,122,124,-2,2
49800,85,87,-2,2
49801,74,78,-4,4
49802,44,66,-22,22
49803,110,125,-15,15
49804,64,75,-11,11
49805,40,50,-10,10
49806,124,118,6,6
49807,88,82,6,6
49808,123,127,-4,4
49809,122,130,-8,8
49810,122,126,-4,4
49811,104,76,28,28
49812,100,99,1,1
49813,83,83,0,0
49814,50,57,-7,7
49815,93,96,-3,3
49816,91,82,9,9
49817,78,76,2,2
49818,121,117,4,4
49819,90,91,-1,1
49820,53,59,-6,6
49821,112,100,12,12
49822,82,79,3,3
49823,167,150,17,17
49824,97,93,4,4
49825,63,63,0,0
49826,112,109,3,3
49827,102,88,14,14
49828,78,81,-3,3
49829,124,121,3,3
49830,60,52,8,8
49831,59,55,4,4
49832,55,46,9,9
49833,154,149,5,5
49834,86,90,-4,4
49835,102,94,8,8
49836,70,76,-6,6
49837,47,46,1,1
49838,79,67,12,12
49839,62,62,0,0
49840,114,149,-35,35
49841,117,111,6,6
49842,60,54,6,6
49843,86,78,8,8
49844,152,153,-1,1
49845,168,164,4,4
49846,124,143,-19,19
49847,60,59,1,1
49848,125,117,8,8
49849,62,67,-5,5
49850,88,94,-6,6
49851,66,67,-1,1
49852,175,156,19,19
49853,88,94,-6,6
49854,45,50,-5,5
49855,74,72,2,2
49856,135,137,-2,2
49857,106,109,-3,3
49858,130,122,8,8
49859,79,86,-7,7
49860,81,85,-4,4
49861,65,69,-4,4
49862,107,101,6,6
49863,97,91,6,6
49864,76,87,-11,11
49865,116,110,6,6
49866,59,61,-2,2
49867,54,64,-10,10
49868,98,96,2,2
49869,128,145,-17,17
49870,106,122,-16,16
49871,78,74,4,4
49872,131,128,3,3
49873,69,66,3,3
49874,153,151,2,2
49875,71,76,-5,5
49876,67,80,-13,13
49877,107,104,3,3
49878,75,104,-29,29
49879,87,89,-2,2
49880,94,83,11,11
49881,90,97,-7,7
49882,74,79,-5,5
49883,135,131,4,4
49884,134,133,1,1
49885,151,135,16,16
49886,92,95,-3,3
49887,92,109,-17,17
49888,80,93,-13,13
49889,91,95,-4,4
49890,89,90,-1,1
49891,86,83,3,3
49892,76,76,0,0
49893,107,114,-7,7
49894,140,113,27,27
49895,85,104,-19,19
49896,85,80,5,5
49897,69,55,14,14
49898,96,100,-4,4
49899,62,57,5,5
49900,79,77,2,2
49901,138,116,22,22
49902,115,109,6,6
49903,106,115,-9,9
49904,93,88,5,5
49905,122,120,2,2
49906,106,98,8,8
49907,90,91,-1,1
49908,88,75,13,13
49909,72,76,-4,4
49910,84,90,-6,6
49911,138,148,-10,10
49912,92,103,-11,11
49913,95,103,-8,8
49914,86,85,1,1
49915,73,65,8,8
49916,70,80,-10,10
49917,61,58,3,3
49918,161,162,-1,1
49919,89,81,8,8
49920,130,129,1,1
49921,99,73,26,26
49922,79,75,4,4
49923,47,45,2,2
49924,75,89,-14,14
49925,69,74,-5,5
49926,78,82,-4,4
49927,45,48,-3,3
49928,67,82,-15,15
49929,99,107,-8,8
49930,92,100,-8,8
49931,116,123,-7,7
49932,132,116,16,16
49933,88,98,-10,10
49934,94,94,0,0
49935,112,128,-16,16
49936,40,52,-12,12
49937,58,60,-2,2
49938,88,82,6,6
49939,85,87,-2,2
49940,86,59,27,27
49941,145,160,-15,15
49942,105,102,3,3
49943,99,100,-1,1
49944,62,62,0,0
49945,95,99,-4,4
49946,90,83,7,7
49947,57,46,11,11
49948,104,96,8,8
49949,70,57,13,13
49950,103,90,13,13
49951,102,84,18,18
49952,56,53,3,3
49953,67,68,-1,1
49954,65,70,-5,5
49955,65,71,-6,6
49956,100,136,-36,36
49957,77,88,-11,11
49958,140,123,17,17
49959,86,82,4,4
49960,123,114,9,9
49961,33,67,-34,34
49962,102,105,-3,3
49963,116,112,4,4
49964,63,68,-5,5
49965,79,85,-6,6
49966,160,147,13,13
49967,60,58,2,2
49968,65,64,1,1
49969,84,88,-4,4
49970,67,69,-2,2
49971,90,99,-9,9
49972,70,85,-15,15
49973,68,70,-2,2
49974,104,119,-15,15
49975,87,90,-3,3
49976,124,108,16,16
49977,128,128,0,0
49978,166,157,9,9
49979,72,77,-5,5
49980,54,60,-6,6
49981,111,108,3,3
49982,93,87,6,6
49983,107,104,3,3
49984,137,132,5,5
49985,89,80,9,9
49986,68,62,6,6
49987,52,53,-1,1
49988,75,85,-10,10
49989,79,79,0,0
49990,48,58,-10,10
49991,75,75,0,0
49992,85,78,7,7
49993,78,78,0,0
49994,101,98,3,3
49995,173,147,26,26
49996,90,85,5,5
49997,55,52,3,3
49998,98,107,-9,9
49999,131,115,16,16
50000,149,142,7,7
50001,90,88,2,2
50002,51,50,1,1
50003,68,68,0,0
50004,111,105,6,6
50005,77,85,-8,8
50006,150,143,7,7
50007,123,129,-6,6
50008,42,41,1,1
50009,111,112,-1,1
50010,73,88,-15,15
50011,77,81,-4,4
50012,74,98,-24,24
50013,145,131,14,14
50014,77,67,10,10
50015,102,108,-6,6
50016,79,82,-3,3
50017,65,64,1,1
50018,64,60,4,4
50019,54,45,9,9
50020,127,122,5,5
50021,126,137,-11,11
50022,83,84,-1,1
50023,108,93,15,15
50024,103,101,2,2
50025,132,133,-1,1
50026,141,125,16,16
50027,132,139,-7,7
50028,71,78,-7,7
50029,111,108,3,3
50030,133,134,-1,1
50031,102,102,0,0
50032,57,63,-6,6
50033,92,107,-15,15
50034,120,109,11,11
50035,85,78,7,7
50036,86,90,-4,4
50037,79,71,8,8
50038,69,78,-9,9
50039,63,52,11,11
50040,118,120,-2,2
50041,132,148,-16,16
50042,72,76,-4,4
50043,98,112,-14,14
50044,110,112,-2,2
50045,105,114,-9,9
50046,67,64,3,3
50047,92,101,-9,9
50048,118,135,-17,17
50049,134,137,-3,3
50050,70,68,2,2
50051,129,119,10,10
50052,67,66,1,1
50053,36,46,-10,10
50054,137,147,-10,10
50055,40,53,-13,13
50056,89,96,-7,7
50057,89,92,-3,3
50058,83,84,-1,1
50059,70,83,-13,13
50060,125,134,-9,9
50061,113,109,4,4
50062,64,60,4,4
50063,101,100,1,1
50064,92,105,-13,13
50065,118,115,3,3
50066,70,73,-3,3
50067,87,116,-29,29
50068,112,114,-2,2
50069,195,190,5,5
50070,122,121,1,1
50071,59,66,-7,7
50072,155,143,12,12
50073,131,126,5,5
50074,143,123,20,20
50075,117,106,11,11
50076,120,112,8,8
50077,113,106,7,7
50078,102,101,1,1
50079,131,116,15,15
50080,105,103,2,2
50081,87,92,-5,5
50082,66,44,22,22
50083,122,131,-9,9
50084,116,108,8,8
50085,104,98,6,6
50086,51,60,-9,9
50087,90,90,0,0
50088,87,85,2,2
50089,93,115,-22,22
50090,61,70,-9,9
50091,106,113,-7,7
50092,47,54,-7,7
50093,80,81,-1,1
50094,74,71,3,3
50095,50,48,2,2
50096,167,153,14,14
50097,56,53,3,3
50098,110,123,-13,13
50099,160,114,46,46
50100,105,119,-14,14
50101,63,62,1,1
50102,97,103,-6,6
50103,98,100,-2,2
50104,108,111,-3,3
50105,105,111,-6,6
50106,119,109,10,10
50107,144,131,13,13
50108,65,57,8,8
50109,112,113,-1,1
50110,113,108,5,5
50111,98,106,-8,8
50112,83,76,7,7
50113,170,155,15,15
50114,88,92,-4,4
50115,109,100,9,9
50116,92,92,0,0
50117,121,115,6,6
50118,58,49,9,9
50119,96,125,-29,29
50120,108,101,7,7
50121,150,145,5,5
50122,78,83,-5,5
50123,43,38,5,5
50124,49,53,-4,4
50125,173,156,17,17
50126,100,98,2,2
50127,104,102,2,2
50128,76,99,-23,23
50129,108,119,-11,11
50130,148,142,6,6
50131,74,78,-4,4
50132,72,63,9,9
50133,78,72,6,6
50134,108,113,-5,5
50135,92,102,-10,10
50136,94,102,-8,8
50137,104,101,3,3
50138,102,111,-9,9
50139,70,74,-4,4
50140,88,87,1,1
50141,104,100,4,4
50142,115,96,19,19
50143,87,81,6,6
50144,110,116,-6,6
50145,70,62,8,8
50146,78,82,-4,4
50147,80,83,-3,3
50148,56,56,0,0
50149,125,136,-11,11
50150,79,75,4,4
50151,90,88,2,2
50152,134,133,1,1
50153,123,129,-6,6
50154,116,108,8,8
50155,79,86,-7,7
50156,100,120,-20,20
50157,55,62,-7,7
50158,86,81,5,5
50159,125,133,-8,8
50160,68,74,-6,6
50161,73,78,-5,5
50162,103,98,5,5
50163,172,162,10,10
50164,18,19,-1,1
50165,80,82,-2,2
50166,64,69,-5,5
50167,90,90,0,0
50168,100,105,-5,5
50169,52,58,-6,6
50170,199,182,17,17
50171,90,94,-4,4
50172,80,96,-16,16
50173,138,142,-4,4
50174,64,72,-8,8
50175,101,96,5,5
50176,116,151,-35,35
50177,134,119,15,15
50178,113,105,8,8
50179,84,87,-3,3
50180,55,73,-18,18
50181,194,172,22,22
50182,81,90,-9,9
50183,100,101,-1,1
50184,97,97,0,0
50185,64,59,5,5
50186,55,57,-2,2
50187,68,73,-5,5
50188,103,98,5,5
50189,102,98,4,4
50190,68,63,5,5
50191,95,90,5,5
50192,74,76,-2,2
50193,77,47,30,30
50194,97,108,-11,11
50195,77,53,24,24
50196,124,127,-3,3
50197,62,71,-9,9
50198,78,89,-11,11
50199,149,143,6,6
50200,53,61,-8,8
50201,80,87,-7,7
50202,82,88,-6,6
50203,69,74,-5,5
50204,80,90,-10,10
50205,45,46,-1,1
50206,66,67,-1,1
50207,46,54,-8,8
50208,82,89,-7,7
50209,45,41,4,4
50210,105,108,-3,3
50211,109,103,6,6
50212,89,90,-1,1
50213,69,71,-2,2
50214,132,112,20,20
50215,106,112,-6,6
50216,132,128,4,4
50217,141,155,-14,14
50218,282,309,-27,27
50219,151,165,-14,14
50220,93,92,1,1
50221,129,144,-15,15
50222,82,96,-14,14
50223,72,83,-11,11
50224,86,80,6,6
50225,42,42,0,0
50226,85,79,6,6
50227,105,94,11,11
50228,110,111,-1,1
50229,50,54,-4,4
50230,88,109,-21,21
50231,98,88,10,10
50232,85,76,9,9
50233,122,125,-3,3
50234,122,150,-28,28
50235,124,112,12,12
50236,77,73,4,4
50237,117,112,5,5
50238,98,115,-17,17
50239,90,84,6,6
50240,129,121,8,8
50241,88,106,-18,18
50242,73,75,-2,2
50243,77,76,1,1
50244,139,149,-10,10
50245,96,86,10,10
50246,102,95,7,7
50247,87,93,-6,6
50248,70,66,4,4
50249,159,148,11,11
50250,60,64,-4,4
50251,69,67,2,2
50252,113,117,-4,4
50253,156,142,14,14
50254,118,121,-3,3
50255,53,46,7,7
50256,104,103,1,1
50257,83,81,2,2
50258,67,64,3,3
50259,95,106,-11,11
50260,103,105,-2,2
50261,132,144,-12,12
50262,115,116,-1,1
50263,89,92,-3,3
50264,107,98,9,9
50265,99,109,-10,10
50266,97,106,-9,9
50267,54,58,-4,4
50268,101,105,-4,4
50269,97,90,7,7
50270,81,92,-11,11
50271,150,152,-2,2
50272,76,103,-27,27
50273,87,95,-8,8
50274,101,124,-23,23
50275,51,53,-2,2
50276,99,97,2,2
50277,76,72,4,4
50278,170,162,8,8
50279,129,114,15,15
50280,73,80,-7,7
50281,172,172,0,0
50282,142,142,0,0
50283,104,108,-4,4
50284,125,122,3,3
50285,51,48,3,3
50286,127,122,5,5
50287,150,134,16,16
50288,71,80,-9,9
50289,129,137,-8,8
50290,92,100,-8,8
50291,83,79,4,4
50292,82,86,-4,4
50293,143,144,-1,1
50294,105,106,-1,1
50295,60,63,-3,3
50296,79,87,-8,8
50297,26,29,-3,3
50298,131,114,17,17
50299,90,82,8,8
50300,72,67,5,5
50301,62,65,-3,3
50302,76,75,1,1
50303,138,140,-2,2
50304,81,82,-1,1
50305,108,105,3,3
50306,88,101,-13,13
50307,115,133,-18,18
50308,123,129,-6,6
50309,89,103,-14,14
50310,123,123,0,0
50311,104,102,2,2
50312,67,65,2,2
50313,82,91,-9,9
50314,68,62,6,6
50315,72,69,3,3
50316,92,94,-2,2
50317,60,61,-1,1
50318,76,97,-21,21
50319,91,101,-10,10
50320,95,84,11,11
50321,101,105,-4,4
50322,96,101,-5,5
50323,122,114,8,8
50324,139,141,-2,2
50325,141,118,23,23
50326,89,92,-3,3
50327,103,109,-6,6
50328,51,59,-8,8
50329,75,87,-12,12
50330,107,121,-14,14
50331,64,68,-4,4
50332,54,45,9,9
50333,90,92,-2,2
50334,75,83,-8,8
50335,136,125,11,11
50336,99,108,-9,9
50337,128,145,-17,17
50338,125,114,11,11
50339,131,122,9,9
50340,61,42,19,19
50341,60,61,-1,1
50342,70,83,-13,13
50343,136,134,2,2
50344,91,81,10,10
50345,74,79,-5,5
50346,63,67,-4,4
50347,113,105,8,8
50348,78,67,11,11
50349,208,193,15,15
50350,153,151,2,2
50351,154,151,3,3
50352,92,90,2,2
50353,61,57,4,4
50354,88,100,-12,12
50355,53,78,-25,25
50356,60,55,5,5
50357,101,97,4,4
50358,108,109,-1,1
50359,70,68,2,2
50360,73,78,-5,5
50361,86,87,-1,1
50362,63,65,-2,2
50363,105,115,-10,10
50364,72,64,8,8
50365,145,135,10,10
50366,71,71,0,0
50367,148,132,16,16
50368,68,66,2,2
50369,158,143,15,15
50370,176,161,15,15
50371,98,79,19,19
50372,151,139,12,12
50373,72,94,-22,22
50374,48,49,-1,1
50375,77,77,0,0
50376,65,60,5,5
50377,107,109,-2,2
50378,93,88,5,5
50379,103,114,-11,11
50380,95,92,3,3
50381,45,53,-8,8
50382,148,142,6,6
50383,130,138,-8,8
50384,123,121,2,2
50385,91,96,-5,5
50386,127,143,-16,16
50387,66,82,-16,16
50388,71,72,-1,1
50389,133,123,10,10
50390,111,119,-8,8
50391,92,103,-11,11
50392,72,63,9,9
50393,70,68,2,2
50394,158,151,7,7
50395,56,54,2,2
50396,63,65,-2,2
50397,73,68,5,5
50398,170,160,10,10
50399,118,134,-16,16
50400,83,98,-15,15
50401,59,68,-9,9
50402,95,84,11,11
50403,79,61,18,18
50404,79,74,5,5
50405,103,133,-30,30
50406,127,128,-1,1
50407,93,98,-5,5
50408,82,79,3,3
50409,48,53,-5,5
50410,90,85,5,5
50411,76,74,2,2
50412,91,97,-6,6
50413,43,54,-11,11
50414,66,64,2,2
50415,55,58,-3,3
50416,93,92,1,1
50417,102,94,8,8
50418,56,58,-2,2
50419,91,97,-6,6
50420,126,132,-6,6
50421,78,85,-7,7
50422,81,81,0,0
50423,103,107,-4,4
50424,114,113,1,1
50425,103,95,8,8
50426,137,149,-12,12
50427,111,109,2,2
50428,71,71,0,0
50429,99,84,15,15
50430,118,110,8,8
50431,145,138,7,7
50432,83,75,8,8
50433,59,55,4,4
50434,79,84,-5,5
50435,60,52,8,8
50436,59,56,3,3
50437,109,116,-7,7
50438,74,83,-9,9
50439,125,131,-6,6
50440,112,94,18,18
50441,74,67,7,7
50442,149,148,1,1
50443,79,95,-16,16
50444,76,85,-9,9
50445,124,121,3,3
50446,62,62,0,0
50447,59,74,-15,15
50448,190,178,12,12
50449,62,64,-2,2
50450,105,124,-19,19
50451,97,90,7,7
50452,128,119,9,9
50453,113,117,-4,4
50454,98,100,-2,2
50455,37,48,-11,11
50456,136,136,0,0
50457,79,98,-19,19
50458,47,52,-5,5
50459,98,84,14,14
50460,101,108,-7,7
50461,87,96,-9,9
50462,49,54,-5,5
50463,88,77,11,11
50464,92,88,4,4
50465,128,127,1,1
50466,111,109,2,2
50467,106,104,2,2
50468,57,69,-12,12
50469,95,102,-7,7
50470,60,53,7,7
50471,131,117,14,14
50472,88,84,4,4
50473,83,95,-12,12
50474,109,101,8,8
50475,114,119,-5,5
50476,84,93,-9,9
50477,85,90,-5,5
50478,86,86,0,0
50479,76,80,-4,4
50480,112,101,11,11
50481,106,115,-9,9
50482,56,59,-3,3
50483,120,135,-15,15
50484,53,63,-10,10
50485,32,40,-8,8
50486,184,185,-1,1
50487,82,84,-2,2
50488,66,61,5,5
50489,67,76,-9,9
50490,123,127,-4,4
50491,123,121,2,2
50492,146,131,15,15
50493,74,76,-2,2
50494,113,107,6,6
50495,102,110,-8,8
50496,143,135,8,8
50497,88,81,7,7
50498,136,130,6,6
50499,149,151,-2,2
50500,165,162,3,3
50501,59,62,-3,3
50502,87,73,14,14
50503,85,79,6,6
50504,54,63,-9,9
50505,48,38,10,10
50506,73,68,5,5
50507,74,69,5,5
50508,125,125,0,0
50509,71,64,7,7
50510,36,37,-1,1
50511,127,115,12,12
50512,71,63,8,8
50513,92,95,-3,3
50514,55,56,-1,1
50515,62,61,1,1
50516,76,75,1,1
50517,64,67,-3,3
50518,129,140,-11,11
50519,147,152,-5,5
50520,69,70,-1,1
50521,76,71,5,5
50522,86,91,-5,5
50523,66,61,5,5
50524,76,68,8,8
50525,74,79,-5,5
50526,54,59,-5,5
50527,109,117,-8,8
50528,141,134,7,7
50529,55,59,-4,4
50530,121,114,7,7
50531,79,79,0,0
50532,80,76,4,4
50533,156,160,-4,4
50534,44,41,3,3
50535,114,107,7,7
50536,105,104,1,1
50537,73,84,-11,11
50538,84,86,-2,2
50539,176,166,10,10
50540,62,48,14,14
50541,121,110,11,11
50542,114,116,-2,2
50543,87,93,-6,6
50544,77,100,-23,23
50545,64,63,1,1
50546,165,162,3,3
50547,139,147,-8,8
50548,121,115,6,6
50549,97,92,5,5
50550,193,160,33,33
50551,125,143,-18,18
50552,76,89,-13,13
50553,54,50,4,4
50554,134,142,-8,8
50555,72,76,-4,4
50556,96,88,8,8
50557,37,42,-5,5
50558,125,111,14,14
50559,87,81,6,6
50560,33,33,0,0
50561,71,73,-2,2
50562,53,56,-3,3
50563,59,65,-6,6
50564,110,100,10,10
50565,82,87,-5,5
50566,110,104,6,6
50567,64,61,3,3
50568,65,61,4,4
50569,134,127,7,7
50570,58,61,-3,3
50571,90,94,-4,4
50572,79,101,-22,22
50573,66,66,0,0
50574,88,103,-15,15
50575,89,132,-43,43
50576,124,125,-1,1
50577,111,110,1,1
50578,144,132,12,12
50579,131,145,-14,14
50580,133,142,-9,9
50581,104,102,2,2
50582,63,67,-4,4
50583,72,70,2,2
50584,76,72,4,4
50585,59,56,3,3
50586,110,107,3,3
50587,69,66,3,3
50588,112,112,0,0
50589,41,49,-8,8
50590,135,132,3,3
50591,101,118,-17,17
50592,86,85,1,1
50593,116,130,-14,14
50594,88,89,-1,1
50595,74,88,-14,14
50596,41,45,-4,4
50597,91,103,-12,12
50598,164,152,12,12
50599,58,59,-1,1
50600,203,193,10,10
50601,84,93,-9,9
50602,91,79,12,12
50603,98,106,-8,8
50604,123,131,-8,8
50605,63,51,12,12
50606,88,81,7,7
50607,92,102,-10,10
50608,117,114,3,3
50609,72,59,13,13
50610,69,78,-9,9
50611,77,76,1,1
50612,77,77,0,0
50613,73,66,7,7
50614,94,91,3,3
50615,118,112,6,6
50616,98,101,-3,3
50617,82,85,-3,3
50618,137,130,7,7
50619,84,105,-21,21
50620,113,109,4,4
50621,145,133,12,12
50622,67,68,-1,1
50623,101,113,-12,12
50624,37,47,-10,10
50625,49,55,-6,6
50626,63,73,-10,10
50627,76,69,7,7
50628,216,188,28,28
50629,138,142,-4,4
50630,96,99,-3,3
50631,76,90,-14,14
50632,66,67,-1,1
50633,55,51,4,4
50634,92,90,2,2
50635,83,83,0,0
50636,107,121,-14,14
50637,124,119,5,5
50638,78,75,3,3
50639,149,146,3,3
50640,154,148,6,6
50641,67,68,-1,1
50642,82,85,-3,3
50643,99,98,1,1
50644,107,111,-4,4
50645,156,149,7,7
50646,174,193,-19,19
50647,103,106,-3,3
50648,116,116,0,0
50649,44,33,11,11
50650,108,114,-6,6
50651,94,120,-26,26
50652,63,60,3,3
50653,95,93,2,2
50654,57,65,-8,8
50655,72,80,-8,8
50656,72,63,9,9
50657,101,99,2,2
50658,94,120,-26,26
50659,86,80,6,6
50660,157,149,8,8
50661,56,54,2,2
50662,77,81,-4,4
50663,76,85,-9,9
50664,164,155,9,9
50665,68,68,0,0
50666,65,74,-9,9
50667,124,118,6,6
50668,62,64,-2,2
50669,138,133,5,5
50670,146,140,6,6
50671,135,146,-11,11
50672,124,110,14,14
50673,105,105,0,0
50674,71,66,5,5
50675,84,84,0,0
50676,84,79,5,5
50677,70,67,3,3
50678,112,104,8,8
50679,127,129,-2,2
50680,51,132,-81,81
50681,104,106,-2,2
50682,96,97,-1,1
50683,97,81,16,16
50684,72,76,-4,4
50685,117,116,1,1
50686,115,133,-18,18
50687,76,80,-4,4
50688,98,101,-3,3
50689,70,76,-6,6
50690,97,95,2,2
50691,131,143,-12,12
50692,50,53,-3,3
50693,68,71,-3,3
50694,64,56,8,8
50695,103,105,-2,2
50696,48,52,-4,4
50697,106,107,-1,1
50698,80,83,-3,3
50699,131,131,0,0
50700,59,69,-10,10
50701,196,183,13,13
50702,143,149,-6,6
50703,74,70,4,4
50704,69,74,-5,5
50705,70,77,-7,7
50706,114,110,4,4
50707,70,68,2,2
50708,42,50,-8,8
50709,112,126,-14,14
50710,79,73,6,6
50711,159,149,10,10
50712,121,117,4,4
50713,69,77,-8,8
50714,93,87,6,6
50715,90,94,-4,4
50716,91,93,-2,2
50717,65,65,0,0
50718,136,135,1,1
50719,65,67,-2,2
50720,51,61,-10,10
50721,131,129,2,2
50722,81,84,-3,3
50723,60,118,-58,58
50724,99,91,8,8
50725,37,74,-37,37
50726,131,113,18,18
50727,164,152,12,12
50728,63,68,-5,5
50729,208,182,26,26
50730,40,45,-5,5
50731,94,110,-16,16
50732,114,122,-8,8
50733,72,78,-6,6
50734,83,80,3,3
50735,65,68,-3,3
50736,124,124,0,0
50737,45,48,-3,3
50738,78,76,2,2
50739,139,133,6,6
50740,63,72,-9,9
50741,88,94,-6,6
50742,81,88,-7,7
50743,79,61,18,18
50744,106,106,0,0
50745,129,140,-11,11
50746,107,115,-8,8
50747,67,74,-7,7
50748,119,116,3,3
50749,96,99,-3,3
50750,96,93,3,3
50751,64,79,-15,15
50752,110,89,21,21
50753,122,127,-5,5
50754,159,150,9,9
50755,84,87,-3,3
50756,78,77,1,1
50757,186,184,2,2
50758,77,73,4,4
50759,95,92,3,3
50760,78,75,3,3
50761,84,110,-26,26
50762,115,118,-3,3
50763,104,105,-1,1
50764,84,77,7,7
50765,94,92,2,2
50766,103,101,2,2
50767,120,121,-1,1
50768,80,88,-8,8
50769,63,59,4,4
50770,113,114,-1,1
50771,82,103,-21,21
50772,111,116,-5,5
50773,103,107,-4,4
50774,122,120,2,2
50775,81,83,-2,2
50776,141,146,-5,5
50777,122,124,-2,2
50778,136,127,9,9
50779,67,70,-3,3
50780,91,110,-19,19
50781,86,80,6,6
50782,97,95,2,2
50783,42,71,-29,29
50784,63,64,-1,1
50785,118,123,-5,5
50786,81,92,-11,11
50787,62,58,4,4
50788,55,47,8,8
50789,89,92,-3,3
50790,71,71,0,0
50791,57,53,4,4
50792,83,84,-1,1
50793,153,149,4,4
50794,106,103,3,3
50795,122,109,13,13
50796,76,78,-2,2
50797,90,100,-10,10
50798,70,82,-12,12
50799,33,33,0,0
50800,83,87,-4,4
50801,50,56,-6,6
50802,118,104,14,14
50803,115,112,3,3
50804,45,45,0,0
50805,58,61,-3,3
50806,38,43,-5,5
50807,97,106,-9,9
50808,39,52,-13,13
50809,28,27,1,1
50810,117,123,-6,6
50811,115,123,-8,8
50812,121,123,-2,2
50813,105,114,-9,9
50814,88,85,3,3
50815,64,73,-9,9
50816,85,93,-8,8
50817,103,87,16,16
50818,76,72,4,4
50819,60,65,-5,5
50820,73,84,-11,11
50821,70,64,6,6
50822,54,58,-4,4
50823,83,97,-14,14
50824,77,76,1,1
50825,58,56,2,2
50826,105,96,9,9
50827,145,140,5,5
50828,119,99,20,20
50829,100,101,-1,1
50830,84,90,-6,6
50831,88,76,12,12
50832,90,88,2,2
50833,65,72,-7,7
50834,131,130,1,1
50835,76,89,-13,13
50836,166,170,-4,4
50837,52,52,0,0
50838,156,162,-6,6
50839,139,148,-9,9
50840,80,76,4,4
50841,73,84,-11,11
50842,94,95,-1,1
50843,83,93,-10,10
50844,108,103,5,5
50845,71,67,4,4
50846,98,109,-11,11
50847,94,96,-2,2
50848,99,98,1,1
50849,29,24,5,5
50850,85,81,4,4
50851,92,98,-6,6
50852,96,90,6,6
50853,107,100,7,7
50854,31,51,-20,20
50855,80,55,25,25
50856,86,86,0,0
50857,147,138,9,9
50858,113,119,-6,6
50859,58,60,-2,2
50860,69,76,-7,7
50861,81,86,-5,5
50862,105,100,5,5
50863,146,123,23,23
50864,126,127,-1,1
50865,72,72,0,0
50866,110,106,4,4
50867,140,145,-5,5
50868,93,84,9,9
50869,88,90,-2,2
50870,84,108,-24,24
50871,57,60,-3,3
50872,78,76,2,2
50873,76,75,1,1
50874,143,131,12,12
50875,108,141,-33,33
50876,45,49,-4,4
50877,87,86,1,1
50878,77,83,-6,6
50879,96,125,-29,29
50880,84,86,-2,2
50881,60,63,-3,3
50882,74,78,-4,4
50883,83,86,-3,3
50884,69,66,3,3
50885,58,54,4,4
50886,73,71,2,2
50887,81,89,-8,8
50888,106,98,8,8
50889,140,145,-5,5
50890,75,76,-1,1
50891,102,116,-14,14
50892,137,114,23,23
50893,63,96,-33,33
50894,80,78,2,2
50895,65,60,5,5
50896,151,140,11,11
50897,138,150,-12,12
50898,104,99,5,5
50899,142,135,7,7
50900,77,90,-13,13
50901,102,110,-8,8
50902,83,84,-1,1
50903,74,83,-9,9
50904,113,118,-5,5
50905,115,111,4,4
50906,86,93,-7,7
50907,66,61,5,5
50908,123,109,14,14
50909,173,159,14,14
50910,138,145,-7,7
50911,121,119,2,2
50912,187,172,15,15
50913,103,97,6,6
50914,93,157,-64,64
50915,134,127,7,7
50916,84,78,6,6
50917,140,123,17,17
50918,139,132,7,7
50919,112,114,-2,2
50920,81,83,-2,2
50921,48,44,4,4
50922,111,107,4,4
50923,133,129,4,4
50924,158,140,18,18
50925,47,53,-6,6
50926,115,124,-9,9
50927,59,67,-8,8
50928,136,134,2,2
50929,86,101,-15,15
50930,89,95,-6,6
50931,104,103,1,1
50932,88,94,-6,6
50933,68,68,0,0
50934,105,94,11,11
50935,122,113,9,9
50936,93,83,10,10
50937,172,162,10,10
50938,77,91,-14,14
50939,141,151,-10,10
50940,106,107,-1,1
50941,102,112,-10,10
50942,136,132,4,4
50943,83,75,8,8
50944,60,63,-3,3
50945,90,115,-25,25
50946,69,74,-5,5
50947,96,98,-2,2
50948,101,114,-13,13
50949,90,81,9,9
50950,95,101,-6,6
50951,80,90,-10,10
50952,91,96,-5,5
50953,125,110,15,15
50954,85,87,-2,2
50955,129,134,-5,5
50956,117,121,-4,4
50957,77,82,-5,5
50958,82,98,-16,16
50959,135,135,0,0
50960,120,114,6,6
50961,89,75,14,14
50962,161,159,2,2
50963,70,74,-4,4
50964,60,64,-4,4
50965,172,166,6,6
50966,136,148,-12,12
50967,86,78,8,8
50968,106,115,-9,9
50969,107,111,-4,4
50970,98,95,3,3
50971,120,157,-37,37
50972,158,146,12,12
50973,61,61,0,0
50974,101,92,9,9
50975,94,91,3,3
50976,60,68,-8,8
50977,68,71,-3,3
50978,99,61,38,38
50979,56,52,4,4
50980,110,105,5,5
50981,102,105,-3,3
50982,83,87,-4,4
50983,92,93,-1,1
50984,77,60,17,17
50985,125,146,-21,21
50986,79,71,8,8
50987,67,58,9,9
50988,113,107,6,6
50989,122,126,-4,4
50990,131,128,3,3
50991,104,100,4,4
50992,89,98,-9,9
50993,92,93,-1,1
50994,217,143,74,74
50995,45,30,15,15
50996,69,78,-9,9
50997,112,121,-9,9
50998,146,123,23,23
50999,95,102,-7,7
51000,91,103,-12,12
51001,70,79,-9,9
51002,75,95,-20,20
51003,95,96,-1,1
51004,112,100,12,12
51005,58,56,2,2
51006,54,44,10,10
51007,94,99,-5,5
51008,108,106,2,2
51009,89,98,-9,9
51010,90,92,-2,2
51011,129,125,4,4
51012,105,105,0,0
51013,94,92,2,2
51014,132,151,-19,19
51015,95,74,21,21
51016,68,64,4,4
51017,97,97,0,0
51018,128,128,0,0
51019,116,118,-2,2
51020,93,88,5,5
51021,89,82,7,7
51022,176,176,0,0
51023,172,169,3,3
51024,54,53,1,1
51025,60,65,-5,5
51026,39,42,-3,3
51027,96,83,13,13
51028,60,87,-27,27
51029,52,58,-6,6
51030,105,106,-1,1
51031,137,138,-1,1
51032,151,142,9,9
51033,108,118,-10,10
51034,100,103,-3,3
51035,68,72,-4,4
51036,99,99,0,0
51037,100,106,-6,6
51038,112,105,7,7
51039,78,63,15,15
51040,110,117,-7,7
51041,70,66,4,4
51042,122,117,5,5
51043,72,81,-9,9
51044,191,170,21,21
51045,106,108,-2,2
51046,102,102,0,0
51047,130,116,14,14
51048,83,83,0,0
51049,70,74,-4,4
51050,93,105,-12,12
51051,98,88,10,10
51052,72,63,9,9
51053,121,114,7,7
51054,157,149,8,8
51055,72,73,-1,1
51056,88,87,1,1
51057,109,110,-1,1
51058,129,124,5,5
51059,185,164,21,21
51060,82,90,-8,8
51061,45,24,21,21
51062,47,51,-4,4
51063,75,83,-8,8
51064,107,104,3,3
51065,73,76,-3,3
51066,90,97,-7,7
51067,69,43,26,26
51068,100,120,-20,20
51069,87,82,5,5
51070,56,56,0,0
51071,83,80,3,3
51072,140,128,12,12
51073,64,58,6,6
51074,97,88,9,9
51075,86,87,-1,1
51076,129,107,22,22
51077,119,108,11,11
51078,85,91,-6,6
51079,109,107,2,2
51080,92,90,2,2
51081,152,133,19,19
51082,74,81,-7,7
51083,147,228,-81,81
51084,117,114,3,3
51085,85,89,-4,4
51086,115,132,-17,17
51087,96,93,3,3
51088,109,109,0,0
51089,70,68,2,2
51090,107,105,2,2
51091,71,80,-9,9
51092,80,86,-6,6
51093,117,115,2,2
51094,149,145,4,4
51095,74,79,-5,5
51096,100,96,4,4
51097,131,134,-3,3
51098,100,103,-3,3
51099,72,70,2,2
51100,92,104,-12,12
51101,68,63,5,5
51102,71,76,-5,5
51103,60,60,0,0
51104,74,71,3,3
51105,114,113,1,1
51106,44,39,5,5
51107,104,117,-13,13
51108,143,147,-4,4
51109,159,146,13,13
51110,76,78,-2,2
51111,93,92,1,1
51112,91,93,-2,2
51113,91,96,-5,5
51114,188,168,20,20
51115,85,88,-3,3
51116,58,53,5,5
51117,115,114,1,1
51118,51,55,-4,4
51119,49,45,4,4
51120,108,116,-8,8
51121,92,101,-9,9
51122,102,115,-13,13
51123,113,107,6,6
51124,100,102,-2,2
51125,80,73,7,7
51126,109,115,-6,6
51127,72,74,-2,2
51128,91,92,-1,1
51129,93,101,-8,8
51130,44,46,-2,2
51131,104,112,-8,8
51132,50,58,-8,8
51133,76,84,-8,8
51134,53,53,0,0
51135,119,119,0,0
51136,105,99,6,6
51137,110,126,-16,16
51138,148,158,-10,10
51139,105,98,7,7
51140,139,123,16,16
51141,97,89,8,8
51142,113,107,6,6
51143,85,86,-1,1
51144,113,108,5,5
51145,60,60,0,0
51146,66,61,5,5
51147,115,116,-1,1
51148,30,81,-51,51
51149,76,74,2,2
51150,73,81,-8,8
51151,72,81,-9,9
51152,141,128,13,13
51153,58,76,-18,18
51154,101,101,0,0
51155,80,82,-2,2
51156,76,68,8,8
51157,118,124,-6,6
51158,97,94,3,3
51159,96,115,-19,19
51160,40,42,-2,2
51161,157,145,12,12
51162,125,113,12,12
51163,99,94,5,5
51164,66,68,-2,2
51165,117,110,7,7
51166,94,99,-5,5
51167,54,60,-6,6
51168,62,66,-4,4
51169,74,71,3,3
51170,166,157,9,9
51171,142,145,-3,3
51172,81,93,-12,12
51173,110,118,-8,8
51174,114,106,8,8
51175,96,93,3,3
51176,54,56,-2,2
51177,97,110,-13,13
51178,86,108,-22,22
51179,67,67,0,0
51180,65,64,1,1
51181,89,101,-12,12
51182,86,95,-9,9
51183,71,75,-4,4
51184,146,149,-3,3
51185,81,72,9,9
51186,108,104,4,4
51187,116,112,4,4
51188,90,99,-9,9
51189,108,102,6,6
51190,127,119,8,8
51191,60,58,2,2
51192,66,63,3,3
51193,180,188,-8,8
51194,52,48,4,4
51195,93,90,3,3
51196,127,123,4,4
51197,96,86,10,10
51198,110,96,14,14
51199,102,111,-9,9
51200,110,111,-1,1
51201,72,70,2,2
51202,161,155,6,6
51203,89,81,8,8
51204,78,75,3,3
51205,77,86,-9,9
51206,80,79,1,1
51207,78,73,5,5
51208,135,122,13,13
51209,88,83,5,5
51210,102,86,16,16
51211,73,75,-2,2
51212,101,107,-6,6
51213,84,83,1,1
51214,87,83,4,4
51215,79,92,-13,13
51216,84,95,-11,11
51217,140,141,-1,1
51218,106,113,-7,7
51219,75,64,11,11
51220,94,98,-4,4
51221,79,85,-6,6
51222,93,91,2,2
51223,155,156,-1,1
51224,97,103,-6,6
51225,109,128,-19,19
51226,115,107,8,8
51227,126,120,6,6
51228,90,82,8,8
51229,72,67,5,5
51230,63,62,1,1
51231,105,103,2,2
51232,68,71,-3,3
51233,143,138,5,5
51234,116,117,-1,1
51235,121,128,-7,7
51236,130,114,16,16
51237,75,76,-1,1
51238,70,79,-9,9
51239,109,90,19,19
51240,98,97,1,1
51241,106,94,12,12
51242,76,78,-2,2
51243,60,59,1,1
51244,68,61,7,7
51245,165,147,18,18
51246,90,99,-9,9
51247,178,159,19,19
51248,79,81,-2,2
51249,72,54,18,18
51250,87,91,-4,4
51251,82,80,2,2
51252,57,58,-1,1
51253,110,114,-4,4
51254,111,109,2,2
51255,70,86,-16,16
51256,112,117,-5,5
51257,52,58,-6,6
51258,94,94,0,0
51259,97,98,-1,1
51260,66,67,-1,1
51261,67,74,-7,7
51262,66,77,-11,11
51263,107,113,-6,6
51264,156,194,-38,38
51265,40,89,-49,49
51266,60,64,-4,4
51267,109,144,-35,35
51268,62,61,1,1
51269,126,113,13,13
51270,96,89,7,7
51271,106,103,3,3
51272,109,95,14,14
51273,77,83,-6,6
51274,70,68,2,2
51275,75,100,-25,25
51276,194,176,18,18
51277,24,19,5,5
51278,94,99,-5,5
51279,102,97,5,5
51280,126,122,4,4
51281,150,133,17,17
51282,126,130,-4,4
51283,82,105,-23,23
51284,92,108,-16,16
51285,87,91,-4,4
51286,122,124,-2,2
51287,129,120,9,9
51288,93,93,0,0
51289,62,73,-11,11
51290,148,152,-4,4
51291,73,73,0,0
51292,114,103,11,11
51293,82,84,-2,2
51294,99,100,-1,1
51295,181,197,-16,16
51296,158,141,17,17
51297,100,102,-2,2
51298,143,136,7,7
51299,118,123,-5,5
51300,85,91,-6,6
51301,127,126,1,1
51302,83,95,-12,12
51303,95,95,0,0
51304,63,57,6,6
51305,76,74,2,2
51306,111,114,-3,3
51307,69,76,-7,7
51308,100,97,3,3
51309,47,48,-1,1
51310,83,95,-12,12
51311,85,94,-9,9
51312,74,74,0,0
51313,53,79,-26,26
51314,75,82,-7,7
51315,71,87,-16,16
51316,108,103,5,5
51317,71,76,-5,5
51318,121,124,-3,3
51319,100,113,-13,13
51320,113,116,-3,3
51321,86,71,15,15
51322,86,77,9,9
51323,115,113,2,2
51324,38,34,4,4
51325,140,139,1,1
51326,119,129,-10,10
51327,104,113,-9,9
51328,135,125,10,10
51329,147,127,20,20
51330,116,116,0,0
51331,137,143,-6,6
51332,86,86,0,0
51333,96,94,2,2
51334,76,79,-3,3
51335,64,61,3,3
51336,57,52,5,5
51337,90,106,-16,16
51338,56,73,-17,17
51339,84,102,-18,18
51340,109,111,-2,2
51341,124,124,0,0
51342,138,132,6,6
51343,73,72,1,1
51344,98,100,-2,2
51345,93,82,11,11
51346,51,29,22,22
51347,54,52,2,2
51348,62,65,-3,3
51349,126,125,1,1
51350,85,85,0,0
51351,86,75,11,11
51352,67,69,-2,2
51353,80,86,-6,6
51354,55,59,-4,4
51355,115,108,7,7
51356,71,74,-3,3
51357,86,87,-1,1
51358,120,117,3,3
51359,94,94,0,0
51360,71,70,1,1
51361,106,116,-10,10
51362,101,100,1,1
51363,41,44,-3,3
51364,77,69,8,8
51365,130,109,21,21
51366,154,145,9,9
51367,102,87,15,15
51368,56,58,-2,2
51369,108,107,1,1
51370,74,75,-1,1
51371,33,104,-71,71
51372,109,106,3,3
51373,113,117,-4,4
51374,115,118,-3,3
51375,73,79,-6,6
51376,60,75,-15,15
51377,115,104,11,11
51378,85,92,-7,7
51379,121,117,4,4
51380,128,119,9,9
51381,76,92,-16,16
51382,158,155,3,3
51383,109,100,9,9
51384,47,51,-4,4
51385,76,76,0,0
51386,75,69,6,6
51387,92,85,7,7
51388,92,99,-7,7
51389,110,107,3,3
51390,101,92,9,9
51391,95,91,4,4
51392,107,111,-4,4
51393,96,98,-2,2
51394,127,129,-2,2
51395,104,102,2,2
51396,84,79,5,5
51397,44,41,3,3
51398,112,118,-6,6
51399,94,109,-15,15
51400,65,67,-2,2
51401,67,75,-8,8
51402,106,102,4,4
51403,85,83,2,2
51404,75,94,-19,19
51405,72,71,1,1
51406,99,84,15,15
51407,63,68,-5,5
51408,157,152,5,5
51409,70,64,6,6
51410,79,78,1,1
51411,99,97,2,2
51412,100,110,-10,10
51413,152,139,13,13
51414,111,113,-2,2
51415,73,74,-1,1
51416,117,112,5,5
51417,74,77,-3,3
51418,84,95,-11,11
51419,117,116,1,1
51420,70,73,-3,3
51421,72,84,-12,12
51422,62,53,9,9
51423,90,107,-17,17
51424,123,113,10,10
51425,81,85,-4,4
51426,62,62,0,0
51427,74,70,4,4
51428,189,164,25,25
51429,97,102,-5,5
51430,131,128,3,3
51431,66,71,-5,5
51432,131,132,-1,1
51433,101,91,10,10
51434,205,193,12,12
51435,92,103,-11,11
51436,74,85,-11,11
51437,108,104,4,4
51438,78,70,8,8
51439,69,75,-6,6
51440,92,82,10,10
51441,76,81,-5,5
51442,83,88,-5,5
51443,104,112,-8,8
51444,85,80,5,5
51445,74,78,-4,4
51446,134,140,-6,6
51447,119,113,6,6
51448,92,90,2,2
51449,88,92,-4,4
51450,126,126,0,0
51451,100,106,-6,6
51452,45,50,-5,5
51453,131,117,14,14
51454,55,61,-6,6
51455,180,175,5,5
51456,133,112,21,21
51457,94,59,35,35
51458,62,77,-15,15
51459,119,107,12,12
51460,183,193,-10,10
51461,88,82,6,6
51462,115,103,12,12
51463,100,95,5,5
51464,64,79,-15,15
51465,83,103,-20,20
51466,138,140,-2,2
51467,62,69,-7,7
51468,193,165,28,28
51469,90,83,7,7
51470,77,88,-11,11
51471,111,116,-5,5
51472,99,101,-2,2
51473,118,125,-7,7
51474,131,133,-2,2
51475,71,63,8,8
51476,78,76,2,2
51477,94,82,12,12
51478,92,94,-2,2
51479,97,99,-2,2
51480,89,85,4,4
51481,131,126,5,5
51482,119,103,16,16
51483,59,64,-5,5
51484,80,79,1,1
51485,116,114,2,2
51486,93,86,7,7
51487,72,77,-5,5
51488,185,158,27,27
51489,85,90,-5,5
51490,108,121,-13,13
51491,84,91,-7,7
51492,100,98,2,2
51493,109,100,9,9
51494,43,47,-4,4
51495,77,84,-7,7
51496,87,83,4,4
51497,121,120,1,1
51498,109,114,-5,5
51499,83,91,-8,8
51500,108,98,10,10
51501,166,147,19,19
51502,68,66,2,2
51503,112,131,-19,19
51504,103,112,-9,9
51505,106,113,-7,7
51506,33,42,-9,9
51507,56,52,4,4
51508,72,68,4,4
51509,136,133,3,3
51510,79,82,-3,3
51511,143,138,5,5
51512,103,103,0,0
51513,75,67,8,8
51514,73,75,-2,2
51515,68,69,-1,1
51516,68,75,-7,7
51517,102,82,20,20
51518,83,80,3,3
51519,70,79,-9,9
51520,88,87,1,1
51521,124,120,4,4
51522,111,108,3,3
51523,103,113,-10,10
51524,104,101,3,3
51525,122,122,0,0
51526,119,120,-1,1
51527,71,105,-34,34
51528,196,188,8,8
51529,70,75,-5,5
51530,70,86,-16,16
51531,88,84,4,4
51532,122,122,0,0
51533,102,100,2,2
51534,119,116,3,3
51535,138,128,10,10
51536,165,154,11,11
51537,94,113,-19,19
51538,52,53,-1,1
51539,86,81,5,5
51540,63,68,-5,5
51541,92,85,7,7
51542,65,61,4,4
51543,47,47,0,0
51544,62,68,-6,6
51545,79,90,-11,11
51546,166,130,36,36
51547,96,95,1,1
51548,120,134,-14,14
51549,117,122,-5,5
51550,99,96,3,3
51551,124,135,-11,11
51552,138,123,15,15
51553,60,69,-9,9
51554,90,89,1,1
51555,76,83,-7,7
51556,113,131,-18,18
51557,129,129,0,0
51558,80,79,1,1
51559,99,100,-1,1
51560,87,91,-4,4
51561,74,86,-12,12
51562,70,70,0,0
51563,50,56,-6,6
51564,83,86,-3,3
51565,150,143,7,7
51566,104,97,7,7
51567,107,108,-1,1
51568,101,98,3,3
51569,153,154,-1,1
51570,81,82,-1,1
51571,58,72,-14,14
51572,104,100,4,4
51573,64,67,-3,3
51574,58,51,7,7
51575,137,138,-1,1
51576,132,115,17,17
51577,110,113,-3,3
51578,120,122,-2,2
51579,92,94,-2,2
51580,83,122,-39,39
51581,41,52,-11,11
51582,194,205,-11,11
51583,79,72,7,7
51584,65,68,-3,3
51585,126,129,-3,3
51586,125,126,-1,1
51587,148,138,10,10
51588,63,62,1,1
51589,82,83,-1,1
51590,127,122,5,5
51591,141,125,16,16
51592,98,102,-4,4
51593,140,146,-6,6
51594,92,90,2,2
51595,78,80,-2,2
51596,72,71,1,1
51597,133,118,15,15
51598,82,90,-8,8
51599,53,60,-7,7
51600,68,67,1,1
51601,135,149,-14,14
51602,76,104,-28,28
51603,84,79,5,5
51604,109,105,4,4
51605,115,118,-3,3
51606,32,21,11,11
51607,202,182,20,20
51608,64,60,4,4
51609,69,65,4,4
51610,61,59,2,2
51611,81,77,4,4
51612,81,91,-10,10
51613,103,100,3,3
51614,73,72,1,1
51615,103,114,-11,11
51616,153,146,7,7
51617,78,85,-7,7
51618,100,93,7,7
51619,136,150,-14,14
51620,58,60,-2,2
51621,75,70,5,5
51622,130,117,13,13
51623,127,112,15,15
51624,51,53,-2,2
51625,87,75,12,12
51626,99,100,-1,1
51627,121,113,8,8
51628,83,88,-5,5
51629,65,63,2,2
51630,86,91,-5,5
51631,129,130,-1,1
51632,77,88,-11,11
51633,63,69,-6,6
51634,70,70,0,0
51635,75,78,-3,3
51636,75,81,-6,6
51637,132,131,1,1
51638,157,151,6,6
51639,130,133,-3,3
51640,80,88,-8,8
51641,97,104,-7,7
51642,68,56,12,12
51643,98,100,-2,2
51644,81,87,-6,6
51645,51,54,-3,3
51646,84,91,-7,7
51647,79,78,1,1
51648,151,150,1,1
51649,82,88,-6,6
51650,127,119,8,8
51651,63,74,-11,11
51652,97,97,0,0
51653,121,117,4,4
51654,157,142,15,15
51655,101,98,3,3
51656,160,161,-1,1
51657,92,94,-2,2
51658,107,117,-10,10
51659,108,75,33,33
51660,119,103,16,16
51661,61,70,-9,9
51662,112,109,3,3
51663,71,75,-4,4
51664,99,110,-11,11
51665,68,71,-3,3
51666,116,150,-34,34
51667,64,73,-9,9
51668,124,128,-4,4
51669,139,135,4,4
51670,80,78,2,2
51671,157,153,4,4
51672,101,100,1,1
51673,114,108,6,6
51674,126,125,1,1
51675,148,151,-3,3
51676,77,86,-9,9
51677,187,178,9,9
51678,139,149,-10,10
51679,164,145,19,19
51680,98,101,-3,3
51681,86,91,-5,5
51682,61,61,0,0
51683,143,159,-16,16
51684,57,56,1,1
51685,52,45,7,7
51686,92,106,-14,14
51687,108,105,3,3
51688,156,125,31,31
51689,159,149,10,10
51690,157,143,14,14
51691,102,94,8,8
51692,138,134,4,4
51693,78,91,-13,13
51694,83,78,5,5
51695,108,99,9,9
51696,60,56,4,4
51697,142,119,23,23
51698,55,56,-1,1
51699,65,54,11,11
51700,125,125,0,0
51701,90,94,-4,4
51702,74,79,-5,5
51703,156,149,7,7
51704,76,78,-2,2
51705,94,110,-16,16
51706,84,79,5,5
51707,84,81,3,3
51708,68,72,-4,4
51709,144,137,7,7
51710,74,80,-6,6
51711,104,115,-11,11
51712,98,59,39,39
51713,92,89,3,3
51714,106,118,-12,12
51715,94,93,1,1
51716,91,99,-8,8
51717,61,27,34,34
51718,77,68,9,9
51719,71,73,-2,2
51720,98,95,3,3
51721,73,77,-4,4
51722,103,109,-6,6
51723,124,122,2,2
51724,135,112,23,23
51725,118,126,-8,8
51726,96,104,-8,8
51727,54,61,-7,7
51728,112,106,6,6
51729,72,68,4,4
51730,70,70,0,0
51731,85,92,-7,7
51732,51,48,3,3
51733,106,111,-5,5
51734,113,107,6,6
51735,76,71,5,5
51736,63,68,-5,5
51737,140,126,14,14
51738,103,97,6,6
51739,163,163,0,0
51740,126,131,-5,5
51741,92,96,-4,4
51742,40,35,5,5
51743,33,17,16,16
51744,99,101,-2,2
51745,113,103,10,10
51746,59,54,5,5
51747,88,110,-22,22
51748,58,63,-5,5
51749,98,100,-2,2
51750,135,122,13,13
51751,92,95,-3,3
51752,101,100,1,1
51753,116,114,2,2
51754,171,171,0,0
51755,98,93,5,5
51756,99,93,6,6
51757,77,77,0,0
51758,99,96,3,3
51759,61,59,2,2
51760,124,115,9,9
51761,36,35,1,1
51762,124,112,12,12
51763,89,88,1,1
51764,144,147,-3,3
51765,113,110,3,3
51766,157,146,11,11
51767,95,94,1,1
51768,101,105,-4,4
51769,76,84,-8,8
51770,65,75,-10,10
51771,222,176,46,46
51772,123,115,8,8
51773,71,92,-21,21
51774,102,95,7,7
51775,96,93,3,3
51776,105,107,-2,2
51777,81,83,-2,2
51778,122,137,-15,15
51779,64,68,-4,4
51780,43,39,4,4
51781,114,103,11,11
51782,62,66,-4,4
51783,104,104,0,0
51784,175,180,-5,5
51785,98,110,-12,12
51786,87,85,2,2
51787,144,136,8,8
51788,76,92,-16,16
51789,125,127,-2,2
51790,70,65,5,5
51791,86,93,-7,7
51792,140,125,15,15
51793,44,44,0,0
51794,101,98,3,3
51795,68,70,-2,2
51796,155,169,-14,14
51797,125,125,0,0
51798,49,53,-4,4
51799,140,139,1,1
51800,105,101,4,4
51801,192,192,0,0
51802,89,90,-1,1
51803,140,146,-6,6
51804,140,133,7,7
51805,112,120,-8,8
51806,136,118,18,18
51807,76,89,-13,13
51808,64,67,-3,3
51809,64,77,-13,13
51810,83,92,-9,9
51811,72,69,3,3
51812,145,151,-6,6
51813,113,101,12,12
51814,114,105,9,9
51815,154,146,8,8
51816,67,64,3,3
51817,197,173,24,24
51818,61,59,2,2
51819,99,98,1,1
51820,91,92,-1,1
51821,181,157,24,24
51822,45,45,0,0
51823,55,60,-5,5
51824,183,207,-24,24
51825,106,107,-1,1
51826,57,66,-9,9
51827,133,127,6,6
51828,36,36,0,0
51829,98,110,-12,12
51830,54,50,4,4
51831,140,132,8,8
51832,114,117,-3,3
51833,99,84,15,15
51834,69,68,1,1
51835,144,131,13,13
51836,112,115,-3,3
51837,101,102,-1,1
51838,88,83,5,5
51839,88,86,2,2
51840,94,91,3,3
51841,67,51,16,16
51842,46,40,6,6
51843,72,66,6,6
51844,80,76,4,4
51845,75,78,-3,3
51846,94,66,28,28
51847,117,128,-11,11
51848,67,78,-11,11
51849,71,71,0,0
51850,67,89,-22,22
51851,68,68,0,0
51852,91,91,0,0
51853,71,76,-5,5
51854,114,119,-5,5
51855,93,104,-11,11
51856,73,76,-3,3
51857,164,167,-3,3
51858,132,135,-3,3
51859,66,56,10,10
51860,153,147,6,6
51861,108,111,-3,3
51862,110,113,-3,3
51863,156,138,18,18
51864,162,148,14,14
51865,150,143,7,7
51866,125,115,10,10
51867,61,57,4,4
51868,95,99,-4,4
51869,152,129,23,23
51870,125,132,-7,7
51871,119,110,9,9
51872,166,181,-15,15
51873,120,108,12,12
51874,58,54,4,4
51875,45,46,-1,1
51876,117,127,-10,10
51877,65,60,5,5
51878,105,105,0,0
51879,70,76,-6,6
51880,78,76,2,2
51881,91,92,-1,1
51882,78,70,8,8
51883,116,139,-23,23
51884,132,115,17,17
51885,143,132,11,11
51886,117,130,-13,13
51887,147,157,-10,10
51888,63,70,-7,7
51889,80,101,-21,21
51890,98,96,2,2
51891,51,64,-13,13
51892,51,49,2,2
51893,73,72,1,1
51894,95,95,0,0
51895,100,92,8,8
51896,74,90,-16,16
51897,110,101,9,9
51898,78,80,-2,2
51899,54,55,-1,1
51900,115,107,8,8
51901,139,144,-5,5
51902,73,80,-7,7
51903,67,66,1,1
51904,76,74,2,2
51905,108,111,-3,3
51906,104,106,-2,2
51907,130,128,2,2
51908,116,121,-5,5
51909,57,60,-3,3
51910,102,107,-5,5
51911,108,104,4,4
51912,95,92,3,3
51913,40,45,-5,5
51914,76,79,-3,3
51915,71,69,2,2
51916,137,136,1,1
51917,118,106,12,12
51918,129,144,-15,15
51919,67,72,-5,5
51920,72,74,-2,2
51921,111,127,-16,16
51922,95,96,-1,1
51923,130,135,-5,5
51924,116,127,-11,11
51925,68,75,-7,7
51926,103,98,5,5
51927,95,97,-2,2
51928,117,121,-4,4
51929,62,53,9,9
51930,75,89,-14,14
51931,56,60,-4,4
51932,120,107,13,13
51933,113,116,-3,3
51934,85,82,3,3
51935,71,81,-10,10
51936,130,132,-2,2
51937,87,95,-8,8
51938,156,148,8,8
51939,89,84,5,5
51940,61,57,4,4
51941,115,114,1,1
51942,144,137,7,7
51943,73,80,-7,7
51944,94,96,-2,2
51945,102,101,1,1
51946,125,126,-1,1
51947,71,64,7,7
51948,140,137,3,3
51949,143,145,-2,2
51950,77,83,-6,6
51951,86,68,18,18
51952,70,71,-1,1
51953,101,90,11,11
51954,82,79,3,3
51955,93,87,6,6
51956,55,58,-3,3
51957,138,138,0,0
51958,88,95,-7,7
51959,81,87,-6,6
51960,176,153,23,23
51961,90,92,-2,2
51962,52,54,-2,2
51963,97,96,1,1
51964,45,51,-6,6
51965,114,125,-11,11
51966,155,146,9,9
51967,151,160,-9,9
51968,60,68,-8,8
51969,82,76,6,6
51970,96,96,0,0
51971,126,112,14,14
51972,90,91,-1,1
51973,83,72,11,11
51974,72,81,-9,9
51975,139,142,-3,3
51976,137,130,7,7
51977,119,119,0,0
51978,115,99,16,16
51979,76,76,0,0
51980,80,96,-16,16
51981,101,100,1,1
51982,92,89,3,3
51983,65,65,0,0
51984,89,94,-5,5
51985,72,71,1,1
51986,45,25,20,20
51987,69,74,-5,5
51988,81,80,1,1
51989,95,96,-1,1
51990,76,82,-6,6
51991,49,47,2,2
51992,97,101,-4,4
51993,90,65,25,25
51994,130,132,-2,2
51995,74,84,-10,10
51996,46,53,-7,7
51997,74,78,-4,4
51998,108,107,1,1
51999,115,125,-10,10
52000,37,45,-8,8
52001,79,75,4,4
52002,75,80,-5,5
52003,174,161,13,13
52004,107,103,4,4
52005,53,49,4,4
52006,83,70,13,13
52007,60,62,-2,2
52008,98,104,-6,6
52009,57,58,-1,1
52010,54,52,2,2
52011,83,78,5,5
52012,182,218,-36,36
52013,107,114,-7,7
52014,89,104,-15,15
52015,105,102,3,3
52016,109,115,-6,6
52017,141,126,15,15
52018,121,127,-6,6
52019,91,103,-12,12
52020,117,114,3,3
52021,58,42,16,16
52022,80,76,4,4
52023,88,75,13,13
52024,80,84,-4,4
52025,146,144,2,2
52026,105,102,3,3
52027,128,139,-11,11
52028,79,79,0,0
52029,123,118,5,5
52030,85,83,2,2
52031,77,72,5,5
52032,70,66,4,4
52033,100,104,-4,4
52034,71,71,0,0
52035,123,119,4,4
52036,85,92,-7,7
52037,113,105,8,8
52038,98,103,-5,5
52039,67,81,-14,14
52040,130,125,5,5
52041,176,160,16,16
52042,117,113,4,4
52043,130,123,7,7
52044,114,108,6,6
52045,108,109,-1,1
52046,111,117,-6,6
52047,91,88,3,3
52048,153,140,13,13
52049,83,83,0,0
52050,91,97,-6,6
52051,103,103,0,0
52052,123,116,7,7
52053,57,62,-5,5
52054,115,120,-5,5
52055,86,95,-9,9
52056,147,129,18,18
52057,116,134,-18,18
52058,87,86,1,1
52059,81,77,4,4
52060,58,61,-3,3
52061,97,89,8,8
52062,138,142,-4,4
52063,74,75,-1,1
52064,60,74,-14,14
52065,94,96,-2,2
52066,150,147,3,3
52067,143,138,5,5
52068,72,81,-9,9
52069,80,86,-6,6
52070,94,95,-1,1
52071,85,92,-7,7
52072,108,105,3,3
52073,106,89,17,17
52074,86,92,-6,6
52075,160,149,11,11
52076,84,85,-1,1
52077,78,73,5,5
52078,89,93,-4,4
52079,76,86,-10,10
52080,57,45,12,12
52081,93,98,-5,5
52082,92,94,-2,2
52083,79,98,-19,19
52084,105,110,-5,5
52085,146,152,-6,6
52086,79,88,-9,9
52087,96,103,-7,7
52088,97,99,-2,2
52089,74,77,-3,3
52090,79,91,-12,12
52091,90,87,3,3
52092,133,137,-4,4
52093,81,83,-2,2
52094,140,135,5,5
52095,20,17,3,3
52096,42,90,-48,48
52097,178,151,27,27
52098,57,60,-3,3
52099,91,101,-10,10
52100,125,148,-23,23
52101,77,72,5,5
52102,73,77,-4,4
52103,96,105,-9,9
52104,63,56,7,7
52105,75,75,0,0
52106,117,124,-7,7
52107,135,135,0,0
52108,105,116,-11,11
52109,141,133,8,8
52110,123,110,13,13
52111,71,71,0,0
52112,108,94,14,14
52113,104,111,-7,7
52114,108,101,7,7
52115,93,94,-1,1
52116,102,96,6,6
52117,99,94,5,5
52118,95,105,-10,10
52119,53,52,1,1
52120,117,107,10,10
52121,79,91,-12,12
52122,55,67,-12,12
52123,163,163,0,0
52124,53,51,2,2
52125,80,85,-5,5
52126,124,120,4,4
52127,75,73,2,2
52128,133,144,-11,11
52129,83,82,1,1
52130,54,59,-5,5
52131,52,50,2,2
52132,67,71,-4,4
52133,75,74,1,1
52134,106,102,4,4
52135,140,136,4,4
52136,124,130,-6,6
52137,65,70,-5,5
52138,94,107,-13,13
52139,108,109,-1,1
52140,132,121,11,11
52141,123,120,3,3
52142,73,96,-23,23
52143,246,231,15,15
52144,91,90,1,1
52145,48,59,-11,11
52146,109,98,11,11
52147,120,102,18,18
52148,71,65,6,6
52149,44,35,9,9
52150,83,84,-1,1
52151,77,81,-4,4
52152,108,103,5,5
52153,76,75,1,1
52154,116,104,12,12
52155,98,113,-15,15
52156,114,106,8,8
52157,142,132,10,10
52158,92,115,-23,23
52159,82,77,5,5
52160,86,88,-2,2
52161,65,68,-3,3
52162,91,92,-1,1
52163,158,146,12,12
52164,79,80,-1,1
52165,89,86,3,3
52166,54,49,5,5
52167,144,129,15,15
52168,167,170,-3,3
52169,94,105,-11,11
52170,75,75,0,0
52171,110,120,-10,10
52172,113,103,10,10
52173,63,62,1,1
52174,138,132,6,6
52175,101,71,30,30
52176,99,113,-14,14
52177,98,99,-1,1
52178,138,161,-23,23
52179,116,118,-2,2
52180,53,67,-14,14
52181,97,106,-9,9
52182,79,64,15,15
52183,94,117,-23,23
52184,72,80,-8,8
52185,104,114,-10,10
52186,113,100,13,13
52187,105,120,-15,15
52188,84,86,-2,2
52189,66,74,-8,8
52190,75,81,-6,6
52191,106,110,-4,4
52192,100,99,1,1
52193,75,87,-12,12
52194,45,37,8,8
52195,126,135,-9,9
52196,102,97,5,5
52197,108,117,-9,9
52198,99,99,0,0
52199,146,137,9,9
52200,107,116,-9,9
52201,105,115,-10,10
52202,58,58,0,0
52203,114,123,-9,9
52204,151,133,18,18
52205,72,76,-4,4
52206,79,74,5,5
52207,131,117,14,14
52208,91,96,-5,5
52209,52,53,-1,1
52210,81,74,7,7
52211,85,69,16,16
52212,96,93,3,3
52213,42,48,-6,6
52214,73,71,2,2
52215,100,99,1,1
52216,104,95,9,9
52217,85,100,-15,15
52218,67,74,-7,7
52219,71,70,1,1
52220,100,89,11,11
52221,134,113,21,21
52222,104,106,-2,2
52223,90,78,12,12
52224,96,126,-30,30
52225,61,83,-22,22
52226,65,73,-8,8
52227,139,135,4,4
52228,46,39,7,7
52229,70,75,-5,5
52230,142,129,13,13
52231,90,82,8,8
52232,112,99,13,13
52233,113,103,10,10
52234,59,65,-6,6
52235,111,105,6,6
52236,84,91,-7,7
52237,74,70,4,4
52238,78,69,9,9
52239,145,149,-4,4
52240,100,121,-21,21
52241,103,109,-6,6
52242,55,56,-1,1
52243,93,93,0,0
52244,78,76,2,2
52245,80,81,-1,1
52246,104,94,10,10
52247,66,66,0,0
52248,68,65,3,3
52249,60,55,5,5
52250,103,109,-6,6
52251,69,71,-2,2
52252,92,99,-7,7
52253,48,52,-4,4
52254,54,65,-11,11
52255,54,55,-1,1
52256,58,56,2,2
52257,160,151,9,9
52258,83,78,5,5
52259,90,80,10,10
52260,71,124,-53,53
52261,168,168,0,0
52262,137,145,-8,8
52263,139,143,-4,4
52264,74,72,2,2
52265,75,79,-4,4
52266,65,64,1,1
52267,93,82,11,11
52268,94,93,1,1
52269,65,77,-12,12
52270,110,113,-3,3
52271,29,40,-11,11
52272,91,95,-4,4
52273,78,77,1,1
52274,77,73,4,4
52275,93,95,-2,2
52276,158,145,13,13
52277,206,204,2,2
52278,98,107,-9,9
52279,131,133,-2,2
52280,115,113,2,2
52281,129,113,16,16
52282,97,89,8,8
52283,97,89,8,8
52284,78,95,-17,17
52285,81,74,7,7
52286,107,115,-8,8
52287,80,88,-8,8
52288,67,68,-1,1
52289,66,85,-19,19
52290,56,57,-1,1
52291,72,77,-5,5
52292,50,51,-1,1
52293,70,114,-44,44
52294,128,125,3,3
52295,138,147,-9,9
52296,38,44,-6,6
52297,113,111,2,2
52298,168,162,6,6
52299,115,107,8,8
52300,88,82,6,6
52301,80,78,2,2
52302,124,126,-2,2
52303,190,192,-2,2
52304,92,102,-10,10
52305,83,85,-2,2
52306,78,84,-6,6
52307,64,60,4,4
52308,121,128,-7,7
52309,74,76,-2,2
52310,59,59,0,0
52311,200,165,35,35
52312,157,142,15,15
52313,86,92,-6,6
52314,126,119,7,7
52315,75,83,-8,8
52316,95,106,-11,11
52317,118,115,3,3
52318,174,167,7,7
52319,148,145,3,3
52320,70,82,-12,12
52321,99,95,4,4
52322,73,75,-2,2
52323,178,151,27,27
52324,127,130,-3,3
52325,137,134,3,3
52326,35,32,3,3
52327,58,60,-2,2
52328,104,105,-1,1
52329,85,83,2,2
52330,91,89,2,2
52331,40,32,8,8
52332,83,87,-4,4
52333,100,99,1,1
52334,73,80,-7,7
52335,51,54,-3,3
52336,263,220,43,43
52337,87,91,-4,4
52338,85,87,-2,2
52339,85,84,1,1
52340,89,98,-9,9
52341,176,166,10,10
52342,103,103,0,0
52343,128,133,-5,5
52344,166,163,3,3
52345,92,112,-20,20
52346,100,102,-2,2
52347,98,90,8,8
52348,57,49,8,8
52349,127,118,9,9
52350,86,86,0,0
52351,144,146,-2,2
52352,60,60,0,0
52353,113,102,11,11
52354,113,112,1,1
52355,103,100,3,3
52356,90,86,4,4
52357,56,57,-1,1
52358,47,46,1,1
52359,105,111,-6,6
52360,61,61,0,0
52361,128,133,-5,5
52362,55,85,-30,30
52363,67,62,5,5
52364,65,69,-4,4
52365,116,110,6,6
52366,76,80,-4,4
52367,41,35,6,6
52368,83,75,8,8
52369,82,77,5,5
52370,50,59,-9,9
52371,81,96,-15,15
52372,57,54,3,3
52373,83,78,5,5
52374,87,95,-8,8
52375,56,33,23,23
52376,68,69,-1,1
52377,71,61,10,10
52378,77,80,-3,3
52379,67,70,-3,3
52380,120,112,8,8
52381,74,79,-5,5
52382,121,128,-7,7
52383,73,73,0,0
52384,53,60,-7,7
52385,68,72,-4,4
52386,95,89,6,6
52387,103,109,-6,6
52388,46,51,-5,5
52389,73,69,4,4
52390,148,144,4,4
52391,145,146,-1,1
52392,105,92,13,13
52393,71,73,-2,2
52394,43,49,-6,6
52395,106,105,1,1
52396,114,114,0,0
52397,80,80,0,0
52398,64,68,-4,4
52399,125,125,0,0
52400,84,103,-19,19
52401,86,87,-1,1
52402,101,98,3,3
52403,95,93,2,2
52404,90,97,-7,7
52405,93,93,0,0
52406,62,62,0,0
52407,146,141,5,5
52408,87,92,-5,5
52409,85,78,7,7
52410,134,122,12,12
52411,82,76,6,6
52412,46,48,-2,2
52413,73,66,7,7
52414,23,15,8,8
52415,167,155,12,12
52416,116,103,13,13
52417,112,112,0,0
52418,227,200,27,27
52419,108,117,-9,9
52420,93,98,-5,5
52421,76,79,-3,3
52422,75,77,-2,2
52423,74,93,-19,19
52424,85,83,2,2
52425,68,62,6,6
52426,93,86,7,7
52427,143,137,6,6
52428,132,125,7,7
52429,68,68,0,0
52430,49,40,9,9
52431,116,101,15,15
52432,87,84,3,3
52433,114,105,9,9
52434,133,121,12,12
52435,81,81,0,0
52436,105,98,7,7
52437,88,87,1,1
52438,158,163,-5,5
52439,82,73,9,9
52440,91,97,-6,6
52441,158,146,12,12
52442,77,75,2,2
52443,61,79,-18,18
52444,57,63,-6,6
52445,76,79,-3,3
52446,80,85,-5,5
52447,90,102,-12,12
52448,75,61,14,14
52449,105,99,6,6
52450,99,99,0,0
52451,134,137,-3,3
52452,70,77,-7,7
52453,139,153,-14,14
52454,67,71,-4,4
52455,186,167,19,19
52456,101,99,2,2
52457,142,140,2,2
52458,66,66,0,0
52459,88,83,5,5
52460,79,85,-6,6
52461,80,82,-2,2
52462,103,115,-12,12
52463,133,145,-12,12
52464,21,60,-39,39
52465,98,78,20,20
52466,67,60,7,7
52467,117,148,-31,31
52468,71,71,0,0
52469,45,44,1,1
52470,90,82,8,8
52471,122,105,17,17
52472,133,129,4,4
52473,70,68,2,2
52474,99,102,-3,3
52475,161,148,13,13
52476,123,118,5,5
52477,116,112,4,4
52478,148,128,20,20
52479,55,50,5,5
52480,107,107,0,0
52481,69,66,3,3
52482,103,118,-15,15
52483,50,55,-5,5
52484,76,82,-6,6
52485,98,97,1,1
52486,63,66,-3,3
52487,69,69,0,0
52488,115,118,-3,3
52489,64,61,3,3
52490,80,82,-2,2
52491,93,89,4,4
52492,93,89,4,4
52493,107,107,0,0
52494,91,90,1,1
52495,73,86,-13,13
52496,163,143,20,20
52497,82,81,1,1
52498,133,110,23,23
52499,70,80,-10,10
52500,74,73,1,1
52501,72,70,2,2
52502,51,44,7,7
52503,192,163,29,29
52504,59,63,-4,4
52505,69,61,8,8
52506,47,44,3,3
52507,146,158,-12,12
52508,149,133,16,16
52509,96,113,-17,17
52510,73,70,3,3
52511,143,133,10,10
52512,101,104,-3,3
52513,96,96,0,0
52514,108,120,-12,12
52515,77,78,-1,1
52516,45,55,-10,10
52517,89,96,-7,7
52518,160,152,8,8
52519,97,110,-13,13
52520,82,87,-5,5
52521,80,78,2,2
52522,70,68,2,2
52523,123,106,17,17
52524,109,105,4,4
52525,162,154,8,8
52526,129,127,2,2
52527,80,75,5,5
52528,49,53,-4,4
52529,129,122,7,7
52530,79,78,1,1
52531,89,99,-10,10
52532,92,101,-9,9
52533,87,82,5,5
52534,104,104,0,0
52535,106,98,8,8
52536,169,164,5,5
52537,96,102,-6,6
52538,66,59,7,7
52539,140,127,13,13
52540,128,123,5,5
52541,82,81,1,1
52542,128,122,6,6
52543,109,116,-7,7
52544,59,62,-3,3
52545,61,66,-5,5
52546,109,88,21,21
52547,72,79,-7,7
52548,57,53,4,4
52549,94,103,-9,9
52550,86,85,1,1
52551,57,61,-4,4
52552,142,168,-26,26
52553,79,89,-10,10
52554,150,142,8,8
52555,122,137,-15,15
52556,106,111,-5,5
52557,41,40,1,1
52558,218,191,27,27
52559,106,102,4,4
52560,80,76,4,4
52561,87,88,-1,1
52562,121,137,-16,16
52563,68,71,-3,3
52564,79,83,-4,4
52565,63,65,-2,2
52566,57,66,-9,9
52567,132,144,-12,12
52568,86,99,-13,13
52569,92,88,4,4
52570,187,175,12,12
52571,97,97,0,0
52572,135,126,9,9
52573,126,113,13,13
52574,79,84,-5,5
52575,69,80,-11,11
52576,142,140,2,2
52577,97,90,7,7
52578,104,113,-9,9
52579,112,113,-1,1
52580,168,172,-4,4
52581,145,129,16,16
52582,137,136,1,1
52583,142,133,9,9
52584,81,79,2,2
52585,97,103,-6,6
52586,90,76,14,14
52587,121,132,-11,11
52588,71,82,-11,11
52589,61,60,1,1
52590,95,121,-26,26
52591,95,120,-25,25
52592,53,55,-2,2
52593,126,130,-4,4
52594,72,80,-8,8
52595,86,79,7,7
52596,141,135,6,6
52597,96,107,-11,11
52598,98,105,-7,7
52599,123,121,2,2
52600,46,33,13,13
52601,95,82,13,13
52602,127,123,4,4
52603,153,150,3,3
52604,115,120,-5,5
52605,104,97,7,7
52606,53,61,-8,8
52607,95,91,4,4
52608,88,91,-3,3
52609,133,123,10,10
52610,88,91,-3,3
52611,25,37,-12,12
52612,142,141,1,1
52613,98,105,-7,7
52614,93,88,5,5
52615,99,94,5,5
52616,152,142,10,10
52617,124,131,-7,7
52618,112,114,-2,2
52619,134,128,6,6
52620,104,115,-11,11
52621,86,80,6,6
52622,117,120,-3,3
52623,77,80,-3,3
52624,88,93,-5,5
52625,72,73,-1,1
52626,87,112,-25,25
52627,80,79,1,1
52628,103,109,-6,6
52629,136,140,-4,4
52630,105,114,-9,9
52631,96,96,0,0
52632,90,88,2,2
52633,53,49,4,4
52634,77,77,0,0
52635,60,58,2,2
52636,115,124,-9,9
52637,93,90,3,3
52638,91,81,10,10
52639,162,174,-12,12
52640,115,111,4,4
52641,148,148,0,0
52642,68,74,-6,6
52643,79,84,-5,5
52644,53,49,4,4
52645,60,63,-3,3
52646,63,71,-8,8
52647,102,102,0,0
52648,111,108,3,3
52649,116,111,5,5
52650,50,55,-5,5
52651,113,103,10,10
52652,46,57,-11,11
52653,62,56,6,6
52654,112,110,2,2
52655,58,65,-7,7
52656,85,94,-9,9
52657,111,106,5,5
52658,105,101,4,4
52659,113,128,-15,15
52660,174,166,8,8
52661,125,117,8,8
52662,109,114,-5,5
52663,67,74,-7,7
52664,76,72,4,4
52665,193,270,-77,77
52666,128,135,-7,7
52667,88,83,5,5
52668,70,72,-2,2
52669,63,64,-1,1
52670,148,113,35,35
52671,89,107,-18,18
52672,152,149,3,3
52673,62,65,-3,3
52674,141,112,29,29
52675,48,47,1,1
52676,185,166,19,19
52677,89,86,3,3
52678,87,94,-7,7
52679,50,43,7,7
52680,79,76,3,3
52681,124,137,-13,13
52682,109,108,1,1
52683,54,59,-5,5
52684,90,88,2,2
52685,85,86,-1,1
52686,35,99,-64,64
52687,86,83,3,3
52688,47,50,-3,3
52689,103,94,9,9
52690,105,107,-2,2
52691,47,54,-7,7
52692,44,46,-2,2
52693,137,124,13,13
52694,69,76,-7,7
52695,47,51,-4,4
52696,63,61,2,2
52697,118,112,6,6
52698,83,89,-6,6
52699,80,94,-14,14
52700,119,103,16,16
52701,107,117,-10,10
52702,100,113,-13,13
52703,96,105,-9,9
52704,90,114,-24,24
52705,136,133,3,3
52706,142,143,-1,1
52707,82,84,-2,2
52708,64,57,7,7
52709,89,92,-3,3
52710,49,54,-5,5
52711,138,123,15,15
52712,74,70,4,4
52713,55,75,-20,20
52714,147,128,19,19
52715,87,95,-8,8
52716,67,82,-15,15
52717,90,84,6,6
52718,72,87,-15,15
52719,110,104,6,6
52720,166,165,1,1
52721,128,109,19,19
52722,70,78,-8,8
52723,95,95,0,0
52724,58,51,7,7
52725,95,96,-1,1
52726,78,84,-6,6
52727,99,115,-16,16
52728,79,80,-1,1
52729,96,90,6,6
52730,87,82,5,5
52731,57,68,-11,11
52732,67,66,1,1
52733,84,92,-8,8
52734,73,73,0,0
52735,77,60,17,17
52736,65,63,2,2
52737,34,44,-10,10
52738,103,106,-3,3
52739,117,128,-11,11
52740,73,66,7,7
52741,121,112,9,9
52742,67,72,-5,5
52743,118,96,22,22
52744,145,144,1,1
52745,83,74,9,9
52746,105,115,-10,10
52747,81,69,12,12
52748,92,95,-3,3
52749,44,38,6,6
52750,104,111,-7,7
52751,45,46,-1,1
52752,96,87,9,9
52753,115,116,-1,1
52754,91,99,-8,8
52755,64,75,-11,11
52756,63,63,0,0
52757,83,80,3,3
52758,126,128,-2,2
52759,57,67,-10,10
52760,209,184,25,25
52761,153,141,12,12
52762,57,61,-4,4
52763,70,68,2,2
52764,118,117,1,1
52765,110,112,-2,2
52766,63,57,6,6
52767,117,110,7,7
52768,151,133,18,18
52769,135,139,-4,4
52770,75,75,0,0
52771,121,116,5,5
52772,142,160,-18,18
52773,107,113,-6,6
52774,87,91,-4,4
52775,83,87,-4,4
52776,54,46,8,8
52777,120,114,6,6
52778,75,73,2,2
52779,116,117,-1,1
52780,80,74,6,6
52781,132,141,-9,9
52782,61,65,-4,4
52783,70,74,-4,4
52784,57,38,19,19
52785,137,131,6,6
52786,112,99,13,13
52787,77,78,-1,1
52788,78,86,-8,8
52789,94,105,-11,11
52790,85,89,-4,4
52791,61,63,-2,2
52792,80,79,1,1
52793,116,112,4,4
52794,64,84,-20,20
52795,69,71,-2,2
52796,124,112,12,12
52797,78,72,6,6
52798,109,115,-6,6
52799,90,82,8,8
52800,148,143,5,5
52801,64,68,-4,4
52802,59,52,7,7
52803,42,39,3,3
52804,132,137,-5,5
52805,132,124,8,8
52806,68,60,8,8
52807,173,176,-3,3
52808,73,59,14,14
52809,88,97,-9,9
52810,95,93,2,2
52811,56,53,3,3
52812,83,64,19,19
52813,131,140,-9,9
52814,65,72,-7,7
52815,77,81,-4,4
52816,110,120,-10,10
52817,80,121,-41,41
52818,76,65,11,11
52819,73,66,7,7
52820,66,72,-6,6
52821,149,137,12,12
52822,55,61,-6,6
52823,60,56,4,4
52824,151,142,9,9
52825,112,116,-4,4
52826,67,67,0,0
52827,67,78,-11,11
52828,77,84,-7,7
52829,114,115,-1,1
52830,123,127,-4,4
52831,83,78,5,5
52832,42,55,-13,13
52833,104,115,-11,11
52834,90,89,1,1
52835,107,115,-8,8
52836,153,140,13,13
52837,68,71,-3,3
52838,41,47,-6,6
52839,82,81,1,1
52840,55,56,-1,1
52841,114,109,5,5
52842,92,90,2,2
52843,90,86,4,4
52844,70,65,5,5
52845,75,80,-5,5
52846,112,100,12,12
52847,76,94,-18,18
52848,107,87,20,20
52849,96,99,-3,3
52850,107,116,-9,9
52851,46,48,-2,2
52852,103,117,-14,14
52853,122,127,-5,5
52854,117,113,4,4
52855,69,97,-28,28
52856,100,105,-5,5
52857,70,59,11,11
52858,96,107,-11,11
52859,89,92,-3,3
52860,112,122,-10,10
52861,93,103,-10,10
52862,104,94,10,10
52863,79,72,7,7
52864,150,157,-7,7
52865,145,145,0,0
52866,135,131,4,4
52867,61,66,-5,5
52868,75,75,0,0
52869,63,56,7,7
52870,77,78,-1,1
52871,115,129,-14,14
52872,94,93,1,1
52873,60,61,-1,1
52874,99,103,-4,4
52875,162,165,-3,3
52876,89,98,-9,9
52877,84,73,11,11
52878,90,103,-13,13
52879,132,122,10,10
52880,106,104,2,2
52881,50,43,7,7
52882,66,63,3,3
52883,153,146,7,7
52884,55,50,5,5
52885,92,92,0,0
52886,113,114,-1,1
52887,54,53,1,1
52888,132,119,13,13
52889,116,107,9,9
52890,88,238,-150,150
52891,127,120,7,7
52892,80,94,-14,14
52893,125,111,14,14
52894,108,100,8,8
52895,104,104,0,0
52896,62,69,-7,7
52897,76,82,-6,6
52898,77,76,1,1
52899,120,119,1,1
52900,71,74,-3,3
52901,54,69,-15,15
52902,115,122,-7,7
52903,138,141,-3,3
52904,95,92,3,3
52905,31,38,-7,7
52906,46,36,10,10
52907,147,129,18,18
52908,129,139,-10,10
52909,82,55,27,27
52910,81,93,-12,12
52911,62,60,2,2
52912,140,136,4,4
52913,101,106,-5,5
52914,120,110,10,10
52915,48,49,-1,1
52916,132,129,3,3
52917,164,157,7,7
52918,48,60,-12,12
52919,81,98,-17,17
52920,74,78,-4,4
52921,79,96,-17,17
52922,97,106,-9,9
52923,81,89,-8,8
52924,47,53,-6,6
52925,97,115,-18,18
52926,59,67,-8,8
52927,68,65,3,3
52928,67,67,0,0
52929,66,68,-2,2
52930,143,124,19,19
52931,88,86,2,2
52932,96,96,0,0
52933,169,140,29,29
52934,106,97,9,9
52935,106,120,-14,14
52936,78,81,-3,3
52937,107,118,-11,11
52938,132,146,-14,14
52939,88,76,12,12
52940,68,73,-5,5
52941,104,105,-1,1
52942,79,69,10,10
52943,96,84,12,12
52944,159,153,6,6
52945,133,131,2,2
52946,81,87,-6,6
52947,67,79,-12,12
52948,86,92,-6,6
52949,75,73,2,2
52950,106,112,-6,6
52951,55,62,-7,7
52952,167,146,21,21
52953,33,28,5,5
52954,114,123,-9,9
52955,153,133,20,20
52956,76,81,-5,5
52957,74,78,-4,4
52958,152,149,3,3
52959,176,145,31,31
52960,86,81,5,5
52961,191,197,-6,6
52962,116,122,-6,6
52963,87,80,7,7
52964,133,124,9,9
52965,131,141,-10,10
52966,96,93,3,3
52967,113,121,-8,8
52968,52,51,1,1
52969,68,82,-14,14
52970,110,109,1,1
52971,58,53,5,5
52972,104,126,-22,22
52973,93,100,-7,7
52974,118,113,5,5
52975,92,93,-1,1
52976,77,76,1,1
52977,43,43,0,0
52978,19,22,-3,3
52979,156,141,15,15
52980,145,144,1,1
52981,85,93,-8,8
52982,85,80,5,5
52983,121,112,9,9
52984,76,76,0,0
52985,137,148,-11,11
52986,76,80,-4,4
52987,91,91,0,0
52988,93,93,0,0
52989,133,139,-6,6
52990,128,114,14,14
52991,106,111,-5,5
52992,77,78,-1,1
52993,104,96,8,8
52994,82,89,-7,7
52995,77,79,-2,2
52996,91,102,-11,11
52997,73,103,-30,30
52998,144,144,0,0
52999,103,100,3,3
53000,97,93,4,4
53001,238,215,23,23
53002,87,84,3,3
53003,135,126,9,9
53004,63,66,-3,3
53005,95,90,5,5
53006,42,41,1,1
53007,69,70,-1,1
53008,98,92,6,6
53009,147,146,1,1
53010,108,120,-12,12
53011,52,51,1,1
53012,69,64,5,5
53013,92,61,31,31
53014,129,135,-6,6
53015,83,92,-9,9
53016,108,113,-5,5
53017,126,129,-3,3
53018,84,82,2,2
53019,86,70,16,16
53020,82,106,-24,24
53021,88,89,-1,1
53022,101,92,9,9
53023,130,123,7,7
53024,83,77,6,6
53025,118,128,-10,10
53026,106,109,-3,3
53027,108,119,-11,11
53028,85,68,17,17
53029,133,123,10,10
53030,77,71,6,6
53031,110,110,0,0
53032,71,81,-10,10
53033,72,78,-6,6
53034,44,39,5,5
53035,69,60,9,9
53036,106,104,2,2
53037,103,96,7,7
53038,82,75,7,7
53039,119,124,-5,5
53040,94,99,-5,5
53041,67,69,-2,2
53042,81,82,-1,1
53043,102,100,2,2
53044,68,67,1,1
53045,154,140,14,14
53046,80,73,7,7
53047,120,115,5,5
53048,59,81,-22,22
53049,149,157,-8,8
53050,66,70,-4,4
53051,80,68,12,12
53052,61,69,-8,8
53053,40,49,-9,9
53054,80,85,-5,5
53055,54,55,-1,1
53056,90,100,-10,10
53057,107,102,5,5
53058,62,65,-3,3
53059,157,158,-1,1
53060,113,115,-2,2
53061,107,114,-7,7
53062,87,75,12,12
53063,90,94,-4,4
53064,155,171,-16,16
53065,37,48,-11,11
53066,66,73,-7,7
53067,92,102,-10,10
53068,74,84,-10,10
53069,38,41,-3,3
53070,83,76,7,7
53071,90,104,-14,14
53072,262,314,-52,52
53073,83,82,1,1
53074,65,64,1,1
53075,84,80,4,4
53076,50,41,9,9
53077,95,103,-8,8
53078,80,89,-9,9
53079,135,128,7,7
53080,75,76,-1,1
53081,79,80,-1,1
53082,179,172,7,7
53083,119,120,-1,1
53084,89,78,11,11
53085,58,68,-10,10
53086,98,109,-11,11
53087,58,62,-4,4
53088,62,61,1,1
53089,65,70,-5,5
53090,90,85,5,5
53091,134,126,8,8
53092,61,67,-6,6
53093,142,152,-10,10
53094,71,78,-7,7
53095,147,127,20,20
53096,122,128,-6,6
53097,151,136,15,15
53098,105,108,-3,3
53099,56,57,-1,1
53100,124,127,-3,3
53101,140,146,-6,6
53102,107,101,6,6
53103,103,110,-7,7
53104,98,103,-5,5
53105,63,57,6,6
53106,51,60,-9,9
53107,81,84,-3,3
53108,65,78,-13,13
53109,150,141,9,9
53110,134,129,5,5
53111,46,34,12,12
53112,120,110,10,10
53113,80,90,-10,10
53114,93,94,-1,1
53115,176,160,16,16
53116,115,117,-2,2
53117,128,124,4,4
53118,143,123,20,20
53119,55,57,-2,2
53120,85,78,7,7
53121,102,99,3,3
53122,54,53,1,1
53123,151,128,23,23
53124,83,74,9,9
53125,47,49,-2,2
53126,80,82,-2,2
53127,126,127,-1,1
53128,105,117,-12,12
53129,103,108,-5,5
53130,70,74,-4,4
53131,64,64,0,0
53132,116,117,-1,1
53133,124,135,-11,11
53134,89,87,2,2
53135,73,80,-7,7
53136,131,132,-1,1
53137,120,105,15,15
53138,102,97,5,5
53139,88,83,5,5
53140,82,79,3,3
53141,88,82,6,6
53142,135,116,19,19
53143,119,124,-5,5
53144,67,74,-7,7
53145,55,54,1,1
53146,170,164,6,6
53147,125,156,-31,31
53148,132,120,12,12
53149,146,143,3,3
53150,83,83,0,0
53151,85,85,0,0
53152,101,102,-1,1
53153,84,84,0,0
53154,135,130,5,5
53155,54,52,2,2
53156,74,64,10,10
53157,72,67,5,5
53158,112,95,17,17
53159,137,138,-1,1
53160,82,73,9,9
53161,121,112,9,9
53162,83,87,-4,4
53163,112,121,-9,9
53164,66,61,5,5
53165,90,91,-1,1
53166,111,112,-1,1
53167,70,83,-13,13
53168,98,105,-7,7
53169,101,101,0,0
53170,108,107,1,1
53171,77,76,1,1
53172,94,105,-11,11
53173,77,86,-9,9
53174,52,55,-3,3
53175,114,118,-4,4
53176,79,83,-4,4
53177,43,43,0,0
53178,110,98,12,12
53179,51,30,21,21
53180,81,73,8,8
53181,122,112,10,10
53182,128,138,-10,10
53183,92,110,-18,18
53184,111,110,1,1
53185,106,98,8,8
53186,56,62,-6,6
53187,137,126,11,11
53188,75,71,4,4
53189,71,72,-1,1
53190,67,72,-5,5
53191,89,88,1,1
53192,96,104,-8,8
53193,106,113,-7,7
53194,71,69,2,2
53195,128,123,5,5
53196,63,61,2,2
53197,82,77,5,5
53198,67,69,-2,2
53199,80,80,0,0
53200,124,121,3,3
53201,117,115,2,2
53202,115,132,-17,17
53203,107,110,-3,3
53204,65,69,-4,4
53205,119,127,-8,8
53206,88,101,-13,13
53207,53,55,-2,2
53208,156,139,17,17
53209,71,69,2,2
53210,89,86,3,3
53211,88,73,15,15
53212,113,120,-7,7
53213,43,48,-5,5
53214,106,106,0,0
53215,85,84,1,1
53216,108,128,-20,20
53217,70,65,5,5
53218,163,196,-33,33
53219,102,105,-3,3
53220,74,73,1,1
53221,60,57,3,3
53222,107,101,6,6
53223,59,72,-13,13
53224,90,52,38,38
53225,134,131,3,3
53226,159,152,7,7
53227,99,92,7,7
53228,75,78,-3,3
53229,62,61,1,1
53230,93,83,10,10
53231,101,99,2,2
53232,61,64,-3,3
53233,88,61,27,27
53234,99,126,-27,27
53235,45,48,-3,3
53236,65,71,-6,6
53237,120,108,12,12
53238,85,90,-5,5
53239,76,80,-4,4
53240,111,107,4,4
53241,75,73,2,2
53242,96,92,4,4
53243,134,121,13,13
53244,62,53,9,9
53245,69,63,6,6
53246,95,90,5,5
53247,93,86,7,7
53248,73,55,18,18
53249,89,78,11,11
53250,59,54,5,5
53251,73,68,5,5
53252,115,112,3,3
53253,86,87,-1,1
53254,141,151,-10,10
53255,109,138,-29,29
53256,112,106,6,6
53257,74,80,-6,6
53258,57,61,-4,4
53259,61,65,-4,4
53260,104,106,-2,2
53261,111,96,15,15
53262,80,82,-2,2
53263,107,98,9,9
53264,43,39,4,4
53265,71,83,-12,12
53266,54,58,-4,4
53267,74,80,-6,6
53268,77,76,1,1
53269,86,104,-18,18
53270,65,67,-2,2
53271,103,93,10,10
53272,67,73,-6,6
53273,77,70,7,7
53274,53,58,-5,5
53275,128,125,3,3
53276,75,80,-5,5
53277,111,125,-14,14
53278,94,94,0,0
53279,93,93,0,0
53280,131,122,9,9
53281,61,97,-36,36
53282,69,51,18,18
53283,70,58,12,12
53284,50,56,-6,6
53285,69,66,3,3
53286,101,89,12,12
53287,86,76,10,10
53288,98,92,6,6
53289,140,116,24,24
53290,88,90,-2,2
53291,51,50,1,1
53292,72,77,-5,5
53293,109,113,-4,4
53294,67,79,-12,12
53295,114,119,-5,5
53296,98,95,3,3
53297,98,110,-12,12
53298,107,118,-11,11
53299,133,143,-10,10
53300,161,159,2,2
53301,161,147,14,14
53302,125,130,-5,5
53303,90,90,0,0
53304,112,118,-6,6
53305,61,68,-7,7
53306,186,189,-3,3
53307,102,112,-10,10
53308,273,262,11,11
53309,125,125,0,0
53310,124,128,-4,4
53311,115,105,10,10
53312,86,83,3,3
53313,67,67,0,0
53314,90,96,-6,6
53315,146,134,12,12
53316,64,68,-4,4
53317,78,78,0,0
53318,73,79,-6,6
53319,132,124,8,8
53320,78,84,-6,6
53321,108,118,-10,10
53322,72,72,0,0
53323,112,122,-10,10
53324,110,106,4,4
53325,157,145,12,12
53326,87,85,2,2
53327,63,57,6,6
53328,47,48,-1,1
53329,55,64,-9,9
53330,57,56,1,1
53331,77,84,-7,7
53332,73,75,-2,2
53333,52,58,-6,6
53334,60,78,-18,18
53335,171,175,-4,4
53336,153,144,9,9
53337,128,119,9,9
53338,101,103,-2,2
53339,58,60,-2,2
53340,67,65,2,2
53341,58,62,-4,4
53342,69,70,-1,1
53343,198,170,28,28
53344,85,77,8,8
53345,96,88,8,8
53346,68,90,-22,22
53347,80,79,1,1
53348,56,61,-5,5
53349,67,71,-4,4
53350,57,61,-4,4
53351,39,38,1,1
53352,81,82,-1,1
53353,117,121,-4,4
53354,104,107,-3,3
53355,105,115,-10,10
53356,83,82,1,1
53357,135,149,-14,14
53358,76,75,1,1
53359,122,116,6,6
53360,78,83,-5,5
53361,37,31,6,6
53362,134,123,11,11
53363,71,64,7,7
53364,119,121,-2,2
53365,23,21,2,2
53366,145,133,12,12
53367,99,101,-2,2
53368,70,80,-10,10
53369,41,57,-16,16
53370,82,90,-8,8
53371,102,95,7,7
53372,64,69,-5,5
53373,60,62,-2,2
53374,157,140,17,17
53375,144,122,22,22
53376,107,102,5,5
53377,108,123,-15,15
53378,79,73,6,6
53379,77,85,-8,8
53380,102,98,4,4
53381,62,64,-2,2
53382,87,90,-3,3
53383,156,140,16,16
53384,59,60,-1,1
53385,54,59,-5,5
53386,114,123,-9,9
53387,87,99,-12,12
53388,132,132,0,0
53389,135,134,1,1
53390,126,121,5,5
53391,105,104,1,1
53392,95,110,-15,15
53393,101,94,7,7
53394,51,56,-5,5
53395,63,75,-12,12
53396,149,142,7,7
53397,72,62,10,10
53398,147,135,12,12
53399,67,62,5,5
53400,106,116,-10,10
53401,98,105,-7,7
53402,100,91,9,9
53403,93,116,-23,23
53404,69,71,-2,2
53405,116,142,-26,26
53406,88,82,6,6
53407,114,135,-21,21
53408,53,58,-5,5
53409,55,53,2,2
53410,86,98,-12,12
53411,110,98,12,12
53412,82,83,-1,1
53413,87,81,6,6
53414,60,57,3,3
53415,59,61,-2,2
53416,72,55,17,17
53417,99,95,4,4
53418,111,99,12,12
53419,105,103,2,2
53420,110,112,-2,2
53421,56,57,-1,1
53422,126,134,-8,8
53423,75,82,-7,7
53424,56,54,2,2
53425,119,145,-26,26
53426,98,108,-10,10
53427,171,182,-11,11
53428,169,137,32,32
53429,126,135,-9,9
53430,194,175,19,19
53431,112,106,6,6
53432,73,72,1,1
53433,106,103,3,3
53434,101,90,11,11
53435,119,118,1,1
53436,96,85,11,11
53437,58,68,-10,10
53438,89,93,-4,4
53439,78,60,18,18
53440,85,95,-10,10
53441,87,87,0,0
53442,70,76,-6,6
53443,50,65,-15,15
53444,51,49,2,2
53445,91,96,-5,5
53446,79,95,-16,16
53447,98,100,-2,2
53448,117,131,-14,14
53449,94,105,-11,11
53450,141,129,12,12
53451,133,142,-9,9
53452,48,61,-13,13
53453,121,125,-4,4
53454,90,97,-7,7
53455,50,59,-9,9
53456,69,80,-11,11
53457,90,103,-13,13
53458,83,106,-23,23
53459,89,106,-17,17
53460,84,87,-3,3
53461,72,47,25,25
53462,65,71,-6,6
53463,93,89,4,4
53464,70,69,1,1
53465,68,67,1,1
53466,128,139,-11,11
53467,102,92,10,10
53468,111,118,-7,7
53469,54,57,-3,3
53470,94,100,-6,6
53471,102,98,4,4
53472,104,99,5,5
53473,90,94,-4,4
53474,96,103,-7,7
53475,119,130,-11,11
53476,80,75,5,5
53477,77,75,2,2
53478,228,334,-106,106
53479,134,132,2,2
53480,140,149,-9,9
53481,47,48,-1,1
53482,113,114,-1,1
53483,58,57,1,1
53484,34,37,-3,3
53485,46,35,11,11
53486,68,63,5,5
53487,68,63,5,5
53488,43,49,-6,6
53489,74,84,-10,10
53490,88,93,-5,5
53491,130,141,-11,11
53492,112,101,11,11
53493,91,93,-2,2
53494,70,65,5,5
53495,137,132,5,5
53496,67,56,11,11
53497,90,82,8,8
53498,137,116,21,21
53499,83,88,-5,5
53500,105,118,-13,13
53501,78,84,-6,6
53502,93,81,12,12
53503,88,83,5,5
53504,65,64,1,1
53505,105,93,12,12
53506,131,142,-11,11
53507,52,54,-2,2
53508,48,53,-5,5
53509,127,139,-12,12
53510,70,85,-15,15
53511,62,58,4,4
53512,119,117,2,2
53513,75,77,-2,2
53514,90,80,10,10
53515,60,68,-8,8
53516,133,136,-3,3
53517,86,83,3,3
53518,77,90,-13,13
53519,81,79,2,2
53520,98,105,-7,7
53521,101,110,-9,9
53522,70,72,-2,2
53523,86,78,8,8
53524,111,114,-3,3
53525,99,93,6,6
53526,62,64,-2,2
53527,111,114,-3,3
53528,57,60,-3,3
53529,93,94,-1,1
53530,77,82,-5,5
53531,122,122,0,0
53532,96,107,-11,11
53533,52,56,-4,4
53534,66,53,13,13
53535,102,101,1,1
53536,79,97,-18,18
53537,83,100,-17,17
53538,90,94,-4,4
53539,117,97,20,20
53540,87,89,-2,2
53541,127,119,8,8
53542,50,55,-5,5
53543,62,65,-3,3
53544,63,74,-11,11
53545,80,78,2,2
53546,111,136,-25,25
53547,53,37,16,16
53548,105,106,-1,1
53549,97,91,6,6
53550,48,45,3,3
53551,66,68,-2,2
53552,113,116,-3,3
53553,142,141,1,1
53554,42,36,6,6
53555,55,53,2,2
53556,111,105,6,6
53557,89,88,1,1
53558,76,103,-27,27
53559,126,125,1,1
53560,103,102,1,1
53561,53,59,-6,6
53562,90,90,0,0
53563,66,58,8,8
53564,60,71,-11,11
53565,49,57,-8,8
53566,230,217,13,13
53567,64,56,8,8
53568,104,109,-5,5
53569,82,86,-4,4
53570,157,154,3,3
53571,53,45,8,8
53572,93,99,-6,6
53573,76,68,8,8
53574,61,71,-10,10
53575,100,96,4,4
53576,52,60,-8,8
53577,69,72,-3,3
53578,117,116,1,1
53579,124,111,13,13
53580,100,103,-3,3
53581,149,136,13,13
53582,99,108,-9,9
53583,120,112,8,8
53584,79,84,-5,5
53585,177,170,7,7
53586,62,63,-1,1
53587,99,99,0,0
53588,157,145,12,12
53589,117,118,-1,1
53590,98,94,4,4
53591,68,64,4,4
53592,85,88,-3,3
53593,91,102,-11,11
53594,106,97,9,9
53595,129,128,1,1
53596,134,124,10,10
53597,85,79,6,6
53598,122,129,-7,7
53599,89,91,-2,2
53600,46,49,-3,3
53601,91,90,1,1
53602,136,138,-2,2
53603,52,53,-1,1
53604,98,105,-7,7
53605,98,94,4,4
53606,129,124,5,5
53607,49,50,-1,1
53608,75,60,15,15
53609,70,77,-7,7
53610,102,90,12,12
53611,114,114,0,0
53612,31,36,-5,5
53613,120,121,-1,1
53614,108,108,0,0
53615,84,87,-3,3
53616,61,66,-5,5
53617,150,149,1,1
53618,52,65,-13,13
53619,44,42,2,2
53620,71,67,4,4
53621,62,69,-7,7
53622,74,80,-6,6
53623,100,99,1,1
53624,83,90,-7,7
53625,82,96,-14,14
53626,149,135,14,14
53627,113,123,-10,10
53628,99,94,5,5
53629,94,95,-1,1
53630,77,91,-14,14
53631,116,133,-17,17
53632,154,146,8,8
53633,84,87,-3,3
53634,116,108,8,8
53635,169,162,7,7
53636,126,129,-3,3
53637,31,39,-8,8
53638,84,86,-2,2
53639,81,74,7,7
53640,109,106,3,3
53641,96,96,0,0
53642,78,74,4,4
53643,100,101,-1,1
53644,101,100,1,1
53645,63,69,-6,6
53646,118,109,9,9
53647,119,117,2,2
53648,70,64,6,6
53649,82,75,7,7
53650,57,52,5,5
53651,89,89,0,0
53652,124,119,5,5
53653,67,72,-5,5
53654,87,81,6,6
53655,115,113,2,2
53656,76,73,3,3
53657,63,64,-1,1
53658,105,107,-2,2
53659,77,75,2,2
53660,124,121,3,3
53661,84,77,7,7
53662,52,44,8,8
53663,55,46,9,9
53664,120,129,-9,9
53665,206,168,38,38
53666,67,78,-11,11
53667,93,93,0,0
53668,67,66,1,1
53669,71,65,6,6
53670,87,81,6,6
53671,72,61,11,11
53672,108,106,2,2
53673,116,117,-1,1
53674,62,59,3,3
53675,61,71,-10,10
53676,57,63,-6,6
53677,100,97,3,3
53678,78,88,-10,10
53679,93,90,3,3
53680,102,108,-6,6
53681,187,180,7,7
53682,88,83,5,5
53683,100,101,-1,1
53684,169,164,5,5
53685,160,164,-4,4
53686,142,134,8,8
53687,146,156,-10,10
53688,81,88,-7,7
53689,41,42,-1,1
53690,111,78,33,33
53691,124,116,8,8
53692,114,121,-7,7
53693,133,146,-13,13
53694,88,76,12,12
53695,90,88,2,2
53696,76,77,-1,1
53697,83,90,-7,7
53698,130,131,-1,1
53699,48,59,-11,11
53700,85,97,-12,12
53701,77,78,-1,1
53702,130,130,0,0
53703,118,105,13,13
53704,106,107,-1,1
53705,67,70,-3,3
53706,111,115,-4,4
53707,94,87,7,7
53708,69,61,8,8
53709,76,95,-19,19
53710,96,88,8,8
53711,84,81,3,3
53712,144,100,44,44
53713,66,77,-11,11
53714,86,84,2,2
53715,56,50,6,6
53716,103,119,-16,16
53717,154,148,6,6
53718,80,81,-1,1
53719,89,92,-3,3
53720,63,63,0,0
53721,90,89,1,1
53722,102,93,9,9
53723,132,132,0,0
53724,103,106,-3,3
53725,138,129,9,9
53726,107,110,-3,3
53727,84,84,0,0
53728,158,148,10,10
53729,143,137,6,6
53730,83,91,-8,8
53731,101,98,3,3
53732,42,51,-9,9
53733,156,158,-2,2
53734,96,102,-6,6
53735,124,130,-6,6
53736,91,90,1,1
53737,139,126,13,13
53738,80,78,2,2
53739,95,92,3,3
53740,95,94,1,1
53741,83,92,-9,9
53742,88,94,-6,6
53743,120,122,-2,2
53744,79,83,-4,4
53745,114,112,2,2
53746,54,55,-1,1
53747,72,76,-4,4
53748,122,114,8,8
53749,125,133,-8,8
53750,100,99,1,1
53751,90,100,-10,10
53752,92,93,-1,1
53753,85,84,1,1
53754,115,111,4,4
53755,76,72,4,4
53756,94,105,-11,11
53757,128,125,3,3
53758,49,73,-24,24
53759,134,120,14,14
53760,114,128,-14,14
53761,75,70,5,5
53762,71,64,7,7
53763,131,133,-2,2
53764,110,109,1,1
53765,113,113,0,0
53766,79,87,-8,8
53767,90,61,29,29
53768,112,98,14,14
53769,92,92,0,0
53770,141,137,4,4
53771,46,50,-4,4
53772,103,103,0,0
53773,124,128,-4,4
53774,98,91,7,7
53775,106,96,10,10
53776,95,83,12,12
53777,50,55,-5,5
53778,98,96,2,2
53779,127,121,6,6
53780,147,148,-1,1
53781,136,126,10,10
53782,68,67,1,1
53783,133,141,-8,8
53784,112,116,-4,4
53785,73,69,4,4
53786,104,110,-6,6
53787,118,116,2,2
53788,84,91,-7,7
53789,66,68,-2,2
53790,74,73,1,1
53791,71,59,12,12
53792,122,117,5,5
53793,88,95,-7,7
53794,90,91,-1,1
53795,44,50,-6,6
53796,68,94,-26,26
53797,72,77,-5,5
53798,141,137,4,4
53799,84,109,-25,25
53800,120,118,2,2
53801,46,45,1,1
53802,59,55,4,4
53803,136,118,18,18
53804,47,44,3,3
53805,57,62,-5,5
53806,64,86,-22,22
53807,114,106,8,8
53808,75,70,5,5
53809,72,75,-3,3
53810,58,49,9,9
53811,70,76,-6,6
53812,146,138,8,8
53813,83,99,-16,16
53814,116,134,-18,18
53815,143,142,1,1
53816,118,91,27,27
53817,200,185,15,15
53818,116,103,13,13
53819,124,135,-11,11
53820,142,148,-6,6
53821,184,157,27,27
53822,137,141,-4,4
53823,76,62,14,14
53824,96,87,9,9
53825,52,56,-4,4
53826,91,84,7,7
53827,55,53,2,2
53828,95,92,3,3
53829,59,62,-3,3
53830,145,149,-4,4
53831,84,55,29,29
53832,112,113,-1,1
53833,63,72,-9,9
53834,60,66,-6,6
53835,134,129,5,5
53836,88,79,9,9
53837,72,79,-7,7
53838,107,115,-8,8
53839,74,80,-6,6
53840,94,86,8,8
53841,84,81,3,3
53842,55,79,-24,24
53843,30,25,5,5
53844,31,37,-6,6
53845,77,81,-4,4
53846,74,74,0,0
53847,99,89,10,10
53848,148,140,8,8
53849,70,80,-10,10
53850,86,80,6,6
53851,124,139,-15,15
53852,144,134,10,10
53853,77,70,7,7
53854,117,109,8,8
53855,78,71,7,7
53856,53,66,-13,13
53857,105,99,6,6
53858,79,68,11,11
53859,127,121,6,6
53860,94,87,7,7
53861,159,165,-6,6
53862,90,88,2,2
53863,71,79,-8,8
53864,156,143,13,13
53865,140,145,-5,5
53866,57,45,12,12
53867,91,91,0,0
53868,61,60,1,1
53869,91,91,0,0
53870,54,58,-4,4
53871,78,78,0,0
53872,133,120,13,13
53873,121,106,15,15
53874,151,151,0,0
53875,119,119,0,0
53876,76,109,-33,33
53877,98,95,3,3
53878,97,89,8,8
53879,41,44,-3,3
53880,149,163,-14,14
53881,119,120,-1,1
53882,80,84,-4,4
53883,67,66,1,1
53884,70,86,-16,16
53885,120,116,4,4
53886,125,127,-2,2
53887,76,78,-2,2
53888,77,81,-4,4
53889,89,101,-12,12
53890,63,59,4,4
53891,163,158,5,5
53892,51,50,1,1
53893,68,68,0,0
53894,131,143,-12,12
53895,109,108,1,1
53896,61,57,4,4
53897,118,128,-10,10
53898,103,104,-1,1
53899,137,129,8,8
53900,93,88,5,5
53901,116,99,17,17
53902,61,63,-2,2
53903,80,90,-10,10
53904,88,91,-3,3
53905,121,130,-9,9
53906,63,65,-2,2
53907,150,146,4,4
53908,130,132,-2,2
53909,112,105,7,7
53910,48,52,-4,4
53911,159,148,11,11
53912,75,72,3,3
53913,66,72,-6,6
53914,75,76,-1,1
53915,70,73,-3,3
53916,80,66,14,14
53917,95,101,-6,6
53918,57,57,0,0
53919,79,73,6,6
53920,69,63,6,6
53921,60,45,15,15
53922,115,108,7,7
53923,121,100,21,21
53924,71,67,4,4
53925,88,91,-3,3
53926,97,96,1,1
53927,56,62,-6,6
53928,107,99,8,8
53929,35,25,10,10
53930,112,117,-5,5
53931,74,77,-3,3
53932,80,79,1,1
53933,89,94,-5,5
53934,81,91,-10,10
53935,142,139,3,3
53936,109,110,-1,1
53937,118,119,-1,1
53938,93,89,4,4
53939,127,131,-4,4
53940,84,88,-4,4
53941,135,132,3,3
53942,128,130,-2,2
53943,88,83,5,5
53944,77,95,-18,18
53945,73,77,-4,4
53946,92,94,-2,2
53947,163,162,1,1
53948,117,112,5,5
53949,186,171,15,15
53950,118,129,-11,11
53951,79,67,12,12
53952,81,80,1,1
53953,114,126,-12,12
53954,83,76,7,7
53955,89,79,10,10
53956,139,144,-5,5
53957,85,90,-5,5
53958,52,52,0,0
53959,112,103,9,9
53960,79,83,-4,4
53961,90,90,0,0
53962,102,107,-5,5
53963,86,86,0,0
53964,83,79,4,4
53965,149,139,10,10
53966,50,52,-2,2
53967,73,70,3,3
53968,66,75,-9,9
53969,106,115,-9,9
53970,78,73,5,5
53971,85,87,-2,2
53972,97,114,-17,17
53973,50,48,2,2
53974,126,136,-10,10
53975,83,99,-16,16
53976,98,90,8,8
53977,75,77,-2,2
53978,93,93,0,0
53979,143,132,11,11
53980,142,123,19,19
53981,55,59,-4,4
53982,68,66,2,2
53983,61,61,0,0
53984,68,68,0,0
53985,119,102,17,17
53986,85,87,-2,2
53987,56,53,3,3
53988,105,112,-7,7
53989,74,75,-1,1
53990,61,60,1,1
53991,125,146,-21,21
53992,49,51,-2,2
53993,117,131,-14,14
53994,109,110,-1,1
53995,108,119,-11,11
53996,153,158,-5,5
53997,59,57,2,2
53998,173,153,20,20
53999,90,92,-2,2
54000,102,98,4,4
54001,53,57,-4,4
54002,91,103,-12,12
54003,162,140,22,22
54004,129,123,6,6
54005,110,137,-27,27
54006,80,73,7,7
54007,94,89,5,5
54008,107,112,-5,5
54009,57,63,-6,6
54010,109,113,-4,4
54011,73,80,-7,7
54012,229,209,20,20
54013,170,168,2,2
54014,70,60,10,10
54015,104,108,-4,4
54016,83,82,1,1
54017,101,99,2,2
54018,86,90,-4,4
54019,108,111,-3,3
54020,96,95,1,1
54021,80,86,-6,6
54022,68,65,3,3
54023,91,91,0,0
54024,112,113,-1,1
54025,122,127,-5,5
54026,132,98,34,34
54027,96,98,-2,2
54028,81,84,-3,3
54029,80,93,-13,13
54030,101,107,-6,6
54031,117,110,7,7
54032,100,81,19,19
54033,83,102,-19,19
54034,93,89,4,4
54035,103,106,-3,3
54036,48,38,10,10
54037,110,115,-5,5
54038,128,122,6,6
54039,37,31,6,6
54040,110,121,-11,11
54041,94,92,2,2
54042,127,141,-14,14
54043,70,65,5,5
54044,112,112,0,0
54045,189,183,6,6
54046,95,110,-15,15
54047,123,124,-1,1
54048,152,147,5,5
54049,85,84,1,1
54050,60,65,-5,5
54051,74,67,7,7
54052,89,92,-3,3
54053,97,100,-3,3
54054,159,149,10,10
54055,90,92,-2,2
54056,76,84,-8,8
54057,83,107,-24,24
54058,71,76,-5,5
54059,105,99,6,6
54060,102,109,-7,7
54061,161,157,4,4
54062,123,112,11,11
54063,85,87,-2,2
54064,41,44,-3,3
54065,165,149,16,16
54066,60,74,-14,14
54067,123,133,-10,10
54068,59,55,4,4
54069,51,58,-7,7
54070,160,160,0,0
54071,134,155,-21,21
54072,87,88,-1,1
54073,91,94,-3,3
54074,52,58,-6,6
54075,111,104,7,7
54076,139,156,-17,17
54077,65,62,3,3
54078,96,90,6,6
54079,92,95,-3,3
54080,77,93,-16,16
54081,106,117,-11,11
54082,194,180,14,14
54083,127,122,5,5
54084,121,114,7,7
54085,140,150,-10,10
54086,129,125,4,4
54087,59,65,-6,6
54088,82,94,-12,12
54089,59,63,-4,4
54090,98,95,3,3
54091,214,174,40,40
54092,107,107,0,0
54093,122,126,-4,4
54094,75,70,5,5
54095,52,41,11,11
54096,129,119,10,10
54097,59,60,-1,1
54098,64,74,-10,10
54099,144,140,4,4
54100,99,89,10,10
54101,156,148,8,8
54102,173,161,12,12
54103,82,83,-1,1
54104,145,128,17,17
54105,105,103,2,2
54106,102,114,-12,12
54107,69,65,4,4
54108,51,39,12,12
54109,44,42,2,2
54110,30,34,-4,4
54111,118,107,11,11
54112,85,82,3,3
54113,70,72,-2,2
54114,61,58,3,3
54115,69,58,11,11
54116,81,82,-1,1
54117,68,60,8,8
54118,149,140,9,9
54119,47,64,-17,17
54120,53,56,-3,3
54121,143,136,7,7
54122,91,102,-11,11
54123,93,95,-2,2
54124,45,44,1,1
54125,122,130,-8,8
54126,112,111,1,1
54127,165,155,10,10
54128,57,66,-9,9
54129,101,95,6,6
54130,54,51,3,3
54131,55,52,3,3
54132,74,69,5,5
54133,95,91,4,4
54134,58,93,-35,35
54135,114,128,-14,14
54136,73,95,-22,22
54137,81,78,3,3
54138,63,62,1,1
54139,139,152,-13,13
54140,96,95,1,1
54141,111,117,-6,6
54142,157,148,9,9
54143,167,164,3,3
54144,166,142,24,24
54145,115,122,-7,7
54146,80,71,9,9
54147,166,142,24,24
54148,89,87,2,2
54149,69,65,4,4
54150,34,38,-4,4
54151,92,85,7,7
54152,81,91,-10,10
54153,131,142,-11,11
54154,65,72,-7,7
54155,107,114,-7,7
54156,61,61,0,0
54157,77,83,-6,6
54158,92,96,-4,4
54159,175,170,5,5
54160,154,147,7,7
54161,101,107,-6,6
54162,96,95,1,1
54163,82,81,1,1
54164,72,70,2,2
54165,60,62,-2,2
54166,137,128,9,9
54167,44,49,-5,5
54168,77,72,5,5
54169,111,106,5,5
54170,41,52,-11,11
54171,119,104,15,15
54172,83,84,-1,1
54173,108,104,4,4
54174,128,121,7,7
54175,76,91,-15,15
54176,41,50,-9,9
54177,79,88,-9,9
54178,175,158,17,17
54179,115,107,8,8
54180,87,94,-7,7
54181,136,121,15,15
54182,76,72,4,4
54183,107,108,-1,1
54184,86,94,-8,8
54185,118,116,2,2
54186,98,97,1,1
54187,73,68,5,5
54188,176,161,15,15
54189,110,99,11,11
54190,73,69,4,4
54191,73,72,1,1
54192,109,122,-13,13
54193,96,101,-5,5
54194,128,115,13,13
54195,65,63,2,2
54196,81,90,-9,9
54197,76,76,0,0
54198,81,88,-7,7
54199,55,52,3,3
54200,93,94,-1,1
54201,138,136,2,2
54202,127,120,7,7
54203,110,90,20,20
54204,97,93,4,4
54205,106,116,-10,10
54206,70,81,-11,11
54207,84,97,-13,13
54208,103,101,2,2
54209,109,104,5,5
54210,82,81,1,1
54211,82,83,-1,1
54212,75,71,4,4
54213,96,93,3,3
54214,74,78,-4,4
54215,50,51,-1,1
54216,80,75,5,5
54217,129,136,-7,7
54218,127,135,-8,8
54219,101,113,-12,12
54220,94,98,-4,4
54221,80,89,-9,9
54222,51,52,-1,1
54223,98,98,0,0
54224,93,104,-11,11
54225,138,125,13,13
54226,127,121,6,6
54227,115,112,3,3
54228,57,57,0,0
54229,62,60,2,2
54230,125,129,-4,4
54231,74,82,-8,8
54232,104,97,7,7
54233,112,114,-2,2
54234,101,97,4,4
54235,81,76,5,5
54236,58,63,-5,5
54237,98,91,7,7
54238,60,58,2,2
54239,60,67,-7,7
54240,119,112,7,7
54241,92,84,8,8
54242,79,87,-8,8
54243,72,71,1,1
54244,59,63,-4,4
54245,53,53,0,0
54246,133,126,7,7
54247,81,106,-25,25
54248,167,155,12,12
54249,110,105,5,5
54250,62,62,0,0
54251,77,76,1,1
54252,81,89,-8,8
54253,108,92,16,16
54254,107,106,1,1
54255,56,55,1,1
54256,74,69,5,5
54257,55,75,-20,20
54258,41,37,4,4
54259,95,96,-1,1
54260,80,85,-5,5
54261,107,108,-1,1
54262,89,96,-7,7
54263,69,64,5,5
54264,89,87,2,2
54265,125,111,14,14
54266,139,133,6,6
54267,63,67,-4,4
54268,79,94,-15,15
54269,111,112,-1,1
54270,80,85,-5,5
54271,89,106,-17,17
54272,65,60,5,5
54273,139,137,2,2
54274,105,101,4,4
54275,59,60,-1,1
54276,108,98,10,10
54277,71,76,-5,5
54278,57,64,-7,7
54279,65,63,2,2
54280,66,58,8,8
54281,171,175,-4,4
54282,69,89,-20,20
54283,137,125,12,12
54284,62,63,-1,1
54285,92,91,1,1
54286,87,79,8,8
54287,131,122,9,9
54288,160,163,-3,3
54289,78,83,-5,5
54290,82,93,-11,11
54291,152,175,-23,23
54292,34,27,7,7
54293,80,93,-13,13
54294,201,187,14,14
54295,89,89,0,0
54296,88,94,-6,6
54297,137,136,1,1
54298,58,59,-1,1
54299,87,103,-16,16
54300,106,111,-5,5
54301,67,68,-1,1
54302,57,54,3,3
54303,83,76,7,7
54304,105,95,10,10
54305,187,173,14,14
54306,92,89,3,3
54307,43,41,2,2
54308,130,136,-6,6
54309,103,102,1,1
54310,79,82,-3,3
54311,176,170,6,6
54312,120,105,15,15
54313,75,75,0,0
54314,75,75,0,0
54315,77,61,16,16
54316,87,85,2,2
54317,49,40,9,9
54318,164,144,20,20
54319,142,128,14,14
54320,136,131,5,5
54321,51,57,-6,6
54322,79,88,-9,9
54323,173,164,9,9
54324,118,129,-11,11
54325,75,76,-1,1
54326,87,96,-9,9
54327,66,63,3,3
54328,67,67,0,0
54329,124,123,1,1
54330,62,68,-6,6
54331,88,96,-8,8
54332,87,83,4,4
54333,125,128,-3,3
54334,107,86,21,21
54335,65,63,2,2
54336,50,52,-2,2
54337,80,72,8,8
54338,166,157,9,9
54339,142,132,10,10
54340,171,160,11,11
54341,57,53,4,4
54342,87,88,-1,1
54343,106,90,16,16
54344,95,99,-4,4
54345,108,95,13,13
54346,105,92,13,13
54347,112,111,1,1
54348,101,91,10,10
54349,89,97,-8,8
54350,49,54,-5,5
54351,84,82,2,2
54352,101,106,-5,5
54353,66,64,2,2
54354,83,76,7,7
54355,58,55,3,3
54356,85,88,-3,3
54357,91,114,-23,23
54358,53,69,-16,16
54359,94,99,-5,5
54360,97,79,18,18
54361,76,73,3,3
54362,45,56,-11,11
54363,49,48,1,1
54364,150,150,0,0
54365,104,100,4,4
54366,111,115,-4,4
54367,68,63,5,5
54368,93,106,-13,13
54369,100,100,0,0
54370,107,111,-4,4
54371,121,120,1,1
54372,60,65,-5,5
54373,134,135,-1,1
54374,127,120,7,7
54375,76,74,2,2
54376,122,120,2,2
54377,71,67,4,4
54378,73,79,-6,6
54379,74,71,3,3
54380,133,135,-2,2
54381,78,69,9,9
54382,60,83,-23,23
54383,112,128,-16,16
54384,87,96,-9,9
54385,105,102,3,3
54386,62,68,-6,6
54387,76,75,1,1
54388,124,116,8,8
54389,108,113,-5,5
54390,63,60,3,3
54391,192,179,13,13
54392,63,77,-14,14
54393,94,97,-3,3
54394,76,99,-23,23
54395,153,143,10,10
54396,145,133,12,12
54397,118,127,-9,9
54398,144,143,1,1
54399,80,88,-8,8
54400,81,82,-1,1
54401,167,153,14,14
54402,112,85,27,27
54403,87,93,-6,6
54404,114,73,41,41
54405,96,107,-11,11
54406,72,89,-17,17
54407,148,156,-8,8
54408,105,108,-3,3
54409,138,144,-6,6
54410,80,83,-3,3
54411,79,84,-5,5
54412,92,87,5,5
54413,104,119,-15,15
54414,60,76,-16,16
54415,179,169,10,10
54416,86,90,-4,4
54417,32,34,-2,2
54418,134,113,21,21
54419,71,73,-2,2
54420,93,94,-1,1
54421,112,105,7,7
54422,117,116,1,1
54423,112,112,0,0
54424,83,87,-4,4
54425,111,115,-4,4
54426,143,146,-3,3
54427,84,83,1,1
54428,58,63,-5,5
54429,78,80,-2,2
54430,116,112,4,4
54431,120,110,10,10
54432,102,106,-4,4
54433,155,127,28,28
54434,106,109,-3,3
54435,79,72,7,7
54436,111,120,-9,9
54437,72,71,1,1
54438,59,61,-2,2
54439,139,134,5,5
54440,119,114,5,5
54441,100,95,5,5
54442,59,74,-15,15
54443,67,74,-7,7
54444,149,151,-2,2
54445,74,75,-1,1
54446,96,99,-3,3
54447,196,192,4,4
54448,144,155,-11,11
54449,101,91,10,10
54450,80,97,-17,17
54451,76,85,-9,9
54452,96,101,-5,5
54453,112,103,9,9
54454,73,90,-17,17
54455,126,115,11,11
54456,92,91,1,1
54457,125,136,-11,11
54458,64,63,1,1
54459,146,133,13,13
54460,77,104,-27,27
54461,148,151,-3,3
54462,126,124,2,2
54463,95,105,-10,10
54464,58,53,5,5
54465,146,139,7,7
54466,148,134,14,14
54467,104,112,-8,8
54468,129,113,16,16
54469,60,52,8,8
54470,83,84,-1,1
54471,67,53,14,14
54472,132,124,8,8
54473,82,89,-7,7
54474,34,49,-15,15
54475,76,71,5,5
54476,116,121,-5,5
54477,119,127,-8,8
54478,96,101,-5,5
54479,138,131,7,7
54480,80,80,0,0
54481,109,116,-7,7
54482,103,109,-6,6
54483,57,66,-9,9
54484,41,37,4,4
54485,121,124,-3,3
54486,87,78,9,9
54487,125,125,0,0
54488,82,95,-13,13
54489,36,40,-4,4
54490,63,61,2,2
54491,112,117,-5,5
54492,90,78,12,12
54493,110,116,-6,6
54494,184,171,13,13
54495,97,102,-5,5
54496,64,66,-2,2
54497,115,108,7,7
54498,85,81,4,4
54499,60,62,-2,2
54500,68,78,-10,10
54501,118,119,-1,1
54502,56,68,-12,12
54503,49,62,-13,13
54504,92,104,-12,12
54505,62,61,1,1
54506,131,104,27,27
54507,125,122,3,3
54508,146,151,-5,5
54509,78,81,-3,3
54510,69,65,4,4
54511,76,70,6,6
54512,66,70,-4,4
54513,71,76,-5,5
54514,97,110,-13,13
54515,264,246,18,18
54516,38,45,-7,7
54517,134,149,-15,15
54518,70,68,2,2
54519,67,68,-1,1
54520,128,119,9,9
54521,138,112,26,26
54522,101,101,0,0
54523,76,74,2,2
54524,42,38,4,4
54525,138,125,13,13
54526,126,139,-13,13
54527,80,77,3,3
54528,61,56,5,5
54529,105,108,-3,3
54530,113,115,-2,2
54531,96,101,-5,5
54532,97,94,3,3
54533,74,88,-14,14
54534,129,128,1,1
54535,83,77,6,6
54536,87,82,5,5
54537,72,61,11,11
54538,120,118,2,2
54539,95,120,-25,25
54540,62,58,4,4
54541,54,59,-5,5
54542,80,96,-16,16
54543,109,108,1,1
54544,90,85,5,5
54545,30,20,10,10
54546,103,104,-1,1
54547,91,103,-12,12
54548,92,85,7,7
54549,79,86,-7,7
54550,120,123,-3,3
54551,131,117,14,14
54552,91,91,0,0
54553,64,55,9,9
54554,106,106,0,0
54555,81,84,-3,3
54556,86,80,6,6
54557,190,187,3,3
54558,80,72,8,8
54559,108,118,-10,10
54560,136,147,-11,11
54561,84,85,-1,1
54562,122,121,1,1
54563,80,74,6,6
54564,80,77,3,3
54565,143,132,11,11
54566,31,32,-1,1
54567,96,97,-1,1
54568,74,68,6,6
54569,130,129,1,1
54570,99,99,0,0
54571,90,96,-6,6
54572,89,79,10,10
54573,122,113,9,9
54574,116,119,-3,3
54575,111,112,-1,1
54576,129,114,15,15
54577,97,99,-2,2
54578,122,108,14,14
54579,94,117,-23,23
54580,78,85,-7,7
54581,101,98,3,3
54582,77,88,-11,11
54583,99,108,-9,9
54584,91,104,-13,13
54585,74,72,2,2
54586,120,118,2,2
54587,109,108,1,1
54588,54,60,-6,6
54589,105,96,9,9
54590,140,150,-10,10
54591,175,167,8,8
54592,103,100,3,3
54593,80,85,-5,5
54594,71,73,-2,2
54595,101,94,7,7
54596,91,95,-4,4
54597,75,81,-6,6
54598,51,52,-1,1
54599,59,62,-3,3
54600,108,98,10,10
54601,198,182,16,16
54602,48,45,3,3
54603,117,122,-5,5
54604,44,49,-5,5
54605,105,106,-1,1
54606,78,81,-3,3
54607,92,95,-3,3
54608,89,86,3,3
54609,68,61,7,7
54610,50,49,1,1
54611,83,75,8,8
54612,71,73,-2,2
54613,96,113,-17,17
54614,146,141,5,5
54615,134,117,17,17
54616,73,116,-43,43
54617,84,117,-33,33
54618,86,95,-9,9
54619,152,141,11,11
54620,59,61,-2,2
54621,183,177,6,6
54622,50,55,-5,5
54623,83,80,3,3
54624,103,101,2,2
54625,63,67,-4,4
54626,58,56,2,2
54627,79,72,7,7
54628,65,91,-26,26
54629,50,52,-2,2
54630,89,86,3,3
54631,132,121,11,11
54632,91,101,-10,10
54633,79,83,-4,4
54634,89,88,1,1
54635,117,130,-13,13
54636,89,92,-3,3
54637,109,119,-10,10
54638,124,116,8,8
54639,97,95,2,2
54640,131,130,1,1
54641,86,81,5,5
54642,77,80,-3,3
54643,96,100,-4,4
54644,94,97,-3,3
54645,74,76,-2,2
54646,129,122,7,7
54647,104,99,5,5
54648,113,122,-9,9
54649,99,91,8,8
54650,63,53,10,10
54651,95,94,1,1
54652,68,76,-8,8
54653,194,178,16,16
54654,99,113,-14,14
54655,123,129,-6,6
54656,119,122,-3,3
54657,108,99,9,9
54658,66,81,-15,15
54659,60,71,-11,11
54660,58,61,-3,3
54661,183,178,5,5
54662,190,205,-15,15
54663,165,143,22,22
54664,80,87,-7,7
54665,166,160,6,6
54666,123,127,-4,4
54667,131,140,-9,9
54668,62,67,-5,5
54669,83,75,8,8
54670,125,120,5,5
54671,103,115,-12,12
54672,101,112,-11,11
54673,95,87,8,8
54674,59,65,-6,6
54675,107,95,12,12
54676,79,74,5,5
54677,87,77,10,10
54678,84,89,-5,5
54679,67,67,0,0
54680,75,69,6,6
54681,85,76,9,9
54682,89,86,3,3
54683,105,119,-14,14
54684,71,74,-3,3
54685,150,136,14,14
54686,59,62,-3,3
54687,86,84,2,2
54688,85,87,-2,2
54689,110,115,-5,5
54690,76,69,7,7
54691,100,100,0,0
54692,109,96,13,13
54693,110,116,-6,6
54694,97,122,-25,25
54695,109,116,-7,7
54696,188,166,22,22
54697,52,57,-5,5
54698,56,59,-3,3
54699,87,88,-1,1
54700,72,73,-1,1
54701,171,155,16,16
54702,109,112,-3,3
54703,86,97,-11,11
54704,140,148,-8,8
54705,113,109,4,4
54706,89,93,-4,4
54707,102,103,-1,1
54708,82,83,-1,1
54709,87,83,4,4
54710,85,91,-6,6
54711,150,141,9,9
54712,151,137,14,14
54713,65,83,-18,18
54714,150,142,8,8
54715,102,103,-1,1
54716,88,83,5,5
54717,108,117,-9,9
54718,38,33,5,5
54719,123,128,-5,5
54720,92,84,8,8
54721,120,116,4,4
54722,108,102,6,6
54723,72,66,6,6
54724,62,54,8,8
54725,105,110,-5,5
54726,71,85,-14,14
54727,99,84,15,15
54728,88,83,5,5
54729,79,94,-15,15
54730,86,89,-3,3
54731,116,110,6,6
54732,74,78,-4,4
54733,93,100,-7,7
54734,198,169,29,29
54735,96,93,3,3
54736,78,73,5,5
54737,57,54,3,3
54738,45,47,-2,2
54739,140,140,0,0
54740,76,72,4,4
54741,88,88,0,0
54742,127,131,-4,4
54743,50,62,-12,12
54744,101,110,-9,9
54745,71,80,-9,9
54746,141,130,11,11
54747,110,124,-14,14
54748,144,121,23,23
54749,114,125,-11,11
54750,66,65,1,1
54751,90,103,-13,13
54752,83,83,0,0
54753,143,139,4,4
54754,81,74,7,7
54755,41,35,6,6
54756,165,165,0,0
54757,92,95,-3,3
54758,43,68,-25,25
54759,84,73,11,11
54760,58,74,-16,16
54761,74,75,-1,1
54762,102,79,23,23
54763,62,70,-8,8
54764,115,112,3,3
54765,93,101,-8,8
54766,155,146,9,9
54767,173,172,1,1
54768,145,139,6,6
54769,75,79,-4,4
54770,116,110,6,6
54771,114,119,-5,5
54772,115,116,-1,1
54773,123,115,8,8
54774,86,98,-12,12
54775,95,93,2,2
54776,59,65,-6,6
54777,123,131,-8,8
54778,111,117,-6,6
54779,109,123,-14,14
54780,92,90,2,2
54781,118,136,-18,18
54782,42,40,2,2
54783,65,75,-10,10
54784,74,73,1,1
54785,144,149,-5,5
54786,139,131,8,8
54787,71,76,-5,5
54788,66,57,9,9
54789,81,84,-3,3
54790,103,106,-3,3
54791,65,63,2,2
54792,137,160,-23,23
54793,86,93,-7,7
54794,64,50,14,14
54795,96,105,-9,9
54796,76,97,-21,21
54797,56,54,2,2
54798,59,61,-2,2
54799,70,75,-5,5
54800,79,76,3,3
54801,92,91,1,1
54802,64,73,-9,9
54803,141,139,2,2
54804,111,115,-4,4
54805,123,113,10,10
54806,55,55,0,0
54807,58,55,3,3
54808,105,91,14,14
54809,124,111,13,13
54810,76,79,-3,3
54811,72,91,-19,19
54812,68,84,-16,16
54813,39,41,-2,2
54814,83,75,8,8
54815,90,90,0,0
54816,84,50,34,34
54817,131,121,10,10
54818,100,100,0,0
54819,68,69,-1,1
54820,199,174,25,25
54821,111,111,0,0
54822,63,49,14,14
54823,112,124,-12,12
54824,58,63,-5,5
54825,167,161,6,6
54826,167,153,14,14
54827,204,182,22,22
54828,88,92,-4,4
54829,112,121,-9,9
54830,109,109,0,0
54831,74,47,27,27
54832,118,120,-2,2
54833,114,117,-3,3
54834,52,55,-3,3
54835,79,81,-2,2
54836,63,62,1,1
54837,34,45,-11,11
54838,75,73,2,2
54839,66,70,-4,4
54840,165,163,2,2
54841,140,111,29,29
54842,68,69,-1,1
54843,119,115,4,4
54844,109,112,-3,3
54845,79,77,2,2
54846,96,84,12,12
54847,96,91,5,5
54848,58,58,0,0
54849,99,98,1,1
54850,68,75,-7,7
54851,61,52,9,9
54852,89,94,-5,5
54853,135,135,0,0
54854,60,64,-4,4
54855,92,97,-5,5
54856,84,83,1,1
54857,84,96,-12,12
54858,94,90,4,4
54859,101,112,-11,11
54860,119,114,5,5
54861,139,154,-15,15
54862,84,81,3,3
54863,204,177,27,27
54864,97,96,1,1
54865,79,87,-8,8
54866,101,107,-6,6
54867,86,81,5,5
54868,84,80,4,4
54869,67,63,4,4
54870,98,101,-3,3
54871,79,84,-5,5
54872,90,78,12,12
54873,62,69,-7,7
54874,65,71,-6,6
54875,62,72,-10,10
54876,41,44,-3,3
54877,140,128,12,12
54878,167,160,7,7
54879,129,129,0,0
54880,170,184,-14,14
54881,76,75,1,1
54882,88,89,-1,1
54883,57,60,-3,3
54884,55,59,-4,4
54885,81,70,11,11
54886,142,138,4,4
54887,118,109,9,9
54888,66,55,11,11
54889,61,67,-6,6
54890,97,104,-7,7
54891,88,88,0,0
54892,101,101,0,0
54893,64,85,-21,21
54894,116,111,5,5
54895,90,84,6,6
54896,87,100,-13,13
54897,98,85,13,13
54898,111,118,-7,7
54899,67,63,4,4
54900,51,56,-5,5
54901,123,127,-4,4
54902,59,61,-2,2
54903,67,65,2,2
54904,48,50,-2,2
54905,52,71,-19,19
54906,180,180,0,0
54907,61,66,-5,5
54908,162,154,8,8
54909,76,84,-8,8
54910,57,49,8,8
54911,90,92,-2,2
54912,55,65,-10,10
54913,103,112,-9,9
54914,72,73,-1,1
54915,70,63,7,7
54916,154,134,20,20
54917,113,112,1,1
54918,108,99,9,9
54919,50,70,-20,20
54920,45,59,-14,14
54921,71,65,6,6
54922,132,123,9,9
54923,164,154,10,10
54924,100,109,-9,9
54925,46,39,7,7
54926,85,84,1,1
54927,88,87,1,1
54928,107,124,-17,17
54929,84,76,8,8
54930,48,51,-3,3
54931,98,101,-3,3
54932,154,151,3,3
54933,115,116,-1,1
54934,69,73,-4,4
54935,47,52,-5,5
54936,79,72,7,7
54937,74,72,2,2
54938,77,85,-8,8
54939,52,56,-4,4
54940,146,138,8,8
54941,74,91,-17,17
54942,122,123,-1,1
54943,83,111,-28,28
54944,134,92,42,42
54945,113,130,-17,17
54946,113,111,2,2
54947,100,117,-17,17
54948,77,74,3,3
54949,91,87,4,4
54950,112,142,-30,30
54951,109,101,8,8
54952,97,89,8,8
54953,156,151,5,5
54954,128,112,16,16
54955,88,99,-11,11
54956,68,63,5,5
54957,69,61,8,8
54958,137,127,10,10
54959,68,76,-8,8
54960,65,65,0,0
54961,93,90,3,3
54962,58,61,-3,3
54963,55,51,4,4
54964,121,121,0,0
54965,133,152,-19,19
54966,50,49,1,1
54967,228,198,30,30
54968,101,98,3,3
54969,51,50,1,1
54970,89,84,5,5
54971,63,74,-11,11
54972,70,85,-15,15
54973,41,39,2,2
54974,114,113,1,1
54975,65,64,1,1
54976,83,89,-6,6
54977,61,62,-1,1
54978,68,70,-2,2
54979,107,118,-11,11
54980,70,153,-83,83
54981,122,115,7,7
54982,44,46,-2,2
54983,138,142,-4,4
54984,178,174,4,4
54985,94,94,0,0
54986,107,97,10,10
54987,63,63,0,0
54988,84,100,-16,16
54989,124,115,9,9
54990,68,79,-11,11
54991,78,85,-7,7
54992,177,162,15,15
54993,49,63,-14,14
54994,60,62,-2,2
54995,63,74,-11,11
54996,39,43,-4,4
54997,88,90,-2,2
54998,150,141,9,9
54999,105,107,-2,2
55000,88,84,4,4
55001,58,34,24,24
55002,47,48,-1,1
55003,135,117,18,18
55004,101,100,1,1
55005,61,61,0,0
55006,114,112,2,2
55007,75,84,-9,9
55008,88,81,7,7
55009,69,67,2,2
55010,95,86,9,9
55011,120,146,-26,26
55012,148,161,-13,13
55013,80,82,-2,2
55014,54,55,-1,1
55015,85,77,8,8
55016,123,122,1,1
55017,101,110,-9,9
55018,108,113,-5,5
55019,62,70,-8,8
55020,68,86,-18,18
55021,55,58,-3,3
55022,103,106,-3,3
55023,115,112,3,3
55024,94,87,7,7
55025,77,77,0,0
55026,146,150,-4,4
55027,62,62,0,0
55028,57,58,-1,1
55029,204,175,29,29
55030,52,59,-7,7
55031,111,138,-27,27
55032,67,61,6,6
55033,116,112,4,4
55034,168,169,-1,1
55035,47,62,-15,15
55036,75,70,5,5
55037,92,85,7,7
55038,139,142,-3,3
55039,130,134,-4,4
55040,118,113,5,5
55041,72,79,-7,7
55042,90,98,-8,8
55043,104,78,26,26
55044,99,104,-5,5
55045,98,104,-6,6
55046,84,96,-12,12
55047,106,97,9,9
55048,69,69,0,0
55049,72,78,-6,6
55050,86,87,-1,1
55051,122,109,13,13
55052,103,87,16,16
55053,113,119,-6,6
55054,70,63,7,7
55055,73,96,-23,23
55056,79,78,1,1
55057,102,95,7,7
55058,79,84,-5,5
55059,67,62,5,5
55060,61,54,7,7
55061,78,86,-8,8
55062,83,82,1,1
55063,91,80,11,11
55064,49,59,-10,10
55065,64,64,0,0
55066,76,76,0,0
55067,155,151,4,4
55068,90,106,-16,16
55069,78,112,-34,34
55070,67,76,-9,9
55071,112,109,3,3
55072,90,92,-2,2
55073,98,90,8,8
55074,93,97,-4,4
55075,103,112,-9,9
55076,64,70,-6,6
55077,94,99,-5,5
55078,58,58,0,0
55079,76,87,-11,11
55080,153,143,10,10
55081,96,97,-1,1
55082,151,143,8,8
55083,60,58,2,2
55084,87,82,5,5
55085,30,34,-4,4
55086,83,78,5,5
55087,107,119,-12,12
55088,114,109,5,5
55089,74,67,7,7
55090,99,119,-20,20
55091,120,118,2,2
55092,89,91,-2,2
55093,215,202,13,13
55094,53,48,5,5
55095,74,74,0,0
55096,112,112,0,0
55097,76,75,1,1
55098,69,65,4,4
55099,146,131,15,15
55100,92,94,-2,2
55101,72,68,4,4
55102,184,218,-34,34
55103,50,46,4,4
55104,82,76,6,6
55105,90,91,-1,1
55106,152,136,16,16
55107,41,45,-4,4
55108,149,136,13,13
55109,83,86,-3,3
55110,45,58,-13,13
55111,225,203,22,22
55112,169,156,13,13
55113,44,50,-6,6
55114,118,122,-4,4
55115,108,104,4,4
55116,125,122,3,3
55117,124,120,4,4
55118,65,82,-17,17
55119,164,153,11,11
55120,138,144,-6,6
55121,87,103,-16,16
55122,51,55,-4,4
55123,98,105,-7,7
55124,64,67,-3,3
55125,63,69,-6,6
55126,101,105,-4,4
55127,90,84,6,6
55128,104,99,5,5
55129,140,137,3,3
55130,121,111,10,10
55131,107,116,-9,9
55132,85,94,-9,9
55133,116,110,6,6
55134,55,67,-12,12
55135,74,81,-7,7
55136,178,176,2,2
55137,134,100,34,34
55138,62,65,-3,3
55139,113,113,0,0
55140,75,74,1,1
55141,84,84,0,0
55142,88,78,10,10
55143,68,87,-19,19
55144,46,45,1,1
55145,150,162,-12,12
55146,99,78,21,21
55147,108,116,-8,8
55148,118,63,55,55
55149,48,57,-9,9
55150,104,93,11,11
55151,73,66,7,7
55152,109,103,6,6
55153,62,71,-9,9
55154,91,60,31,31
55155,119,116,3,3
55156,157,155,2,2
55157,117,111,6,6
55158,60,63,-3,3
55159,90,86,4,4
55160,102,105,-3,3
55161,100,88,12,12
55162,99,99,0,0
55163,108,95,13,13
55164,90,85,5,5
55165,120,115,5,5
55166,97,104,-7,7
55167,78,84,-6,6
55168,105,115,-10,10
55169,160,154,6,6
55170,143,133,10,10
55171,112,119,-7,7
55172,152,139,13,13
55173,153,136,17,17
55174,65,59,6,6
55175,66,72,-6,6
55176,63,67,-4,4
55177,55,88,-33,33
55178,75,75,0,0
55179,91,89,2,2
55180,81,76,5,5
55181,138,130,8,8
55182,120,109,11,11
55183,86,86,0,0
55184,75,77,-2,2
55185,15,21,-6,6
55186,71,71,0,0
55187,158,153,5,5
55188,102,89,13,13
55189,58,59,-1,1
55190,54,32,22,22
55191,77,106,-29,29
55192,82,78,4,4
55193,69,70,-1,1
55194,92,97,-5,5
55195,132,130,2,2
55196,109,106,3,3
55197,192,186,6,6
55198,62,57,5,5
55199,41,39,2,2
55200,120,119,1,1
55201,82,91,-9,9
55202,116,118,-2,2
55203,44,51,-7,7
55204,87,84,3,3
55205,63,75,-12,12
55206,75,78,-3,3
55207,106,107,-1,1
55208,198,189,9,9
55209,87,79,8,8
55210,45,44,1,1
55211,95,88,7,7
55212,128,124,4,4
55213,72,78,-6,6
55214,80,79,1,1
55215,144,158,-14,14
55216,83,76,7,7
55217,138,132,6,6
55218,107,103,4,4
55219,42,46,-4,4
55220,105,109,-4,4
55221,129,122,7,7
55222,78,84,-6,6
55223,157,133,24,24
55224,135,126,9,9
55225,38,26,12,12
55226,174,160,14,14
55227,83,85,-2,2
55228,79,74,5,5
55229,172,191,-19,19
55230,76,64,12,12
55231,106,86,20,20
55232,102,109,-7,7
55233,60,66,-6,6
55234,160,142,18,18
55235,58,60,-2,2
55236,66,74,-8,8
55237,93,102,-9,9
55238,97,87,10,10
55239,99,108,-9,9
55240,232,219,13,13
55241,111,94,17,17
55242,57,49,8,8
55243,92,102,-10,10
55244,70,60,10,10
55245,58,67,-9,9
55246,58,56,2,2
55247,80,90,-10,10
55248,119,101,18,18
55249,111,104,7,7
55250,73,75,-2,2
55251,72,70,2,2
55252,98,94,4,4
55253,114,126,-12,12
55254,115,93,22,22
55255,180,29,151,151
55256,137,157,-20,20
55257,106,97,9,9
55258,116,115,1,1
55259,161,149,12,12
55260,53,56,-3,3
55261,160,147,13,13
55262,105,112,-7,7
55263,85,77,8,8
55264,137,140,-3,3
55265,78,80,-2,2
55266,152,156,-4,4
55267,107,107,0,0
55268,61,60,1,1
55269,113,103,10,10
55270,145,134,11,11
55271,125,117,8,8
55272,63,65,-2,2
55273,83,88,-5,5
55274,139,126,13,13
55275,79,75,4,4
55276,136,134,2,2
55277,77,86,-9,9
55278,101,98,3,3
55279,54,52,2,2
55280,103,117,-14,14
55281,84,82,2,2
55282,62,60,2,2
55283,149,152,-3,3
55284,52,49,3,3
55285,143,151,-8,8
55286,185,177,8,8
55287,121,115,6,6
55288,93,109,-16,16
55289,89,95,-6,6
55290,71,68,3,3
55291,96,88,8,8
55292,92,87,5,5
55293,132,127,5,5
55294,110,118,-8,8
55295,81,86,-5,5
55296,138,134,4,4
55297,121,128,-7,7
55298,136,127,9,9
55299,108,121,-13,13
55300,102,100,2,2
55301,107,112,-5,5
55302,123,124,-1,1
55303,78,74,4,4
55304,123,128,-5,5
55305,191,169,22,22
55306,83,83,0,0
55307,66,66,0,0
55308,147,141,6,6
55309,75,66,9,9
55310,142,146,-4,4
55311,54,57,-3,3
55312,79,83,-4,4
55313,65,56,9,9
55314,69,66,3,3
55315,92,91,1,1
55316,116,86,30,30
55317,138,120,18,18
55318,60,66,-6,6
55319,113,111,2,2
55320,107,107,0,0
55321,71,82,-11,11
55322,87,78,9,9
55323,66,67,-1,1
55324,115,124,-9,9
55325,88,92,-4,4
55326,59,65,-6,6
55327,109,102,7,7
55328,101,106,-5,5
55329,99,93,6,6
55330,84,77,7,7
55331,79,69,10,10
55332,144,125,19,19
55333,74,83,-9,9
55334,67,72,-5,5
55335,79,94,-15,15
55336,69,68,1,1
55337,64,74,-10,10
55338,74,71,3,3
55339,122,145,-23,23
55340,88,92,-4,4
55341,85,103,-18,18
55342,135,142,-7,7
55343,150,135,15,15
55344,120,118,2,2
55345,85,86,-1,1
55346,87,94,-7,7
55347,69,77,-8,8
55348,136,124,12,12
55349,139,123,16,16
55350,81,85,-4,4
55351,88,93,-5,5
55352,117,110,7,7
55353,127,143,-16,16
55354,83,90,-7,7
55355,53,55,-2,2
55356,41,34,7,7
55357,97,101,-4,4
55358,169,164,5,5
55359,112,109,3,3
55360,38,42,-4,4
55361,84,88,-4,4
55362,67,72,-5,5
55363,92,85,7,7
55364,110,109,1,1
55365,88,99,-11,11
55366,78,73,5,5
55367,84,87,-3,3
55368,69,70,-1,1
55369,99,101,-2,2
55370,101,114,-13,13
55371,86,89,-3,3
55372,102,105,-3,3
55373,60,75,-15,15
55374,54,59,-5,5
55375,111,117,-6,6
55376,138,125,13,13
55377,82,77,5,5
55378,96,117,-21,21
55379,62,66,-4,4
55380,161,153,8,8
55381,73,80,-7,7
55382,92,104,-12,12
55383,115,110,5,5
55384,150,136,14,14
55385,78,82,-4,4
55386,93,93,0,0
55387,80,77,3,3
55388,88,88,0,0
55389,89,92,-3,3
55390,107,109,-2,2
55391,76,73,3,3
55392,115,128,-13,13
55393,96,97,-1,1
55394,119,116,3,3
55395,56,60,-4,4
55396,100,115,-15,15
55397,101,100,1,1
55398,89,79,10,10
55399,75,77,-2,2
55400,106,99,7,7
55401,68,70,-2,2
55402,69,66,3,3
55403,83,81,2,2
55404,85,98,-13,13
55405,130,131,-1,1
55406,64,64,0,0
55407,44,52,-8,8
55408,83,80,3,3
55409,54,96,-42,42
55410,130,113,17,17
55411,91,95,-4,4
55412,59,88,-29,29
55413,109,98,11,11
55414,145,151,-6,6
55415,65,54,11,11
55416,50,52,-2,2
55417,147,136,11,11
55418,90,89,1,1
55419,143,153,-10,10
55420,97,98,-1,1
55421,111,106,5,5
55422,63,60,3,3
55423,70,79,-9,9
55424,109,97,12,12
55425,108,122,-14,14
55426,149,146,3,3
55427,98,96,2,2
55428,137,124,13,13
55429,45,44,1,1
55430,95,93,2,2
55431,59,73,-14,14
55432,71,73,-2,2
55433,117,118,-1,1
55434,73,75,-2,2
55435,80,78,2,2
55436,168,148,20,20
55437,149,160,-11,11
55438,53,56,-3,3
55439,65,67,-2,2
55440,160,151,9,9
55441,83,82,1,1
55442,88,87,1,1
55443,98,88,10,10
55444,51,58,-7,7
55445,54,59,-5,5
55446,70,79,-9,9
55447,80,79,1,1
55448,169,143,26,26
55449,109,108,1,1
55450,57,62,-5,5
55451,119,118,1,1
55452,238,211,27,27
55453,132,132,0,0
55454,78,87,-9,9
55455,88,86,2,2
55456,85,87,-2,2
55457,27,36,-9,9
55458,62,75,-13,13
55459,131,121,10,10
55460,138,129,9,9
55461,43,77,-34,34
55462,58,69,-11,11
55463,76,80,-4,4
55464,72,84,-12,12
55465,121,101,20,20
55466,107,104,3,3
55467,81,79,2,2
55468,49,72,-23,23
55469,113,108,5,5
55470,71,66,5,5
55471,44,47,-3,3
55472,81,78,3,3
55473,73,72,1,1
55474,85,104,-19,19
55475,100,101,-1,1
55476,126,126,0,0
55477,96,98,-2,2
55478,67,71,-4,4
55479,114,120,-6,6
55480,97,76,21,21
55481,185,161,24,24
55482,55,56,-1,1
55483,177,169,8,8
55484,85,97,-12,12
55485,117,119,-2,2
55486,157,140,17,17
55487,129,123,6,6
55488,94,100,-6,6
55489,87,95,-8,8
55490,139,132,7,7
55491,121,121,0,0
55492,65,60,5,5
55493,58,66,-8,8
55494,98,99,-1,1
55495,37,30,7,7
55496,63,70,-7,7
55497,193,184,9,9
55498,101,99,2,2
55499,69,86,-17,17
55500,133,132,1,1
55501,121,109,12,12
55502,91,95,-4,4
55503,85,83,2,2
55504,67,75,-8,8
55505,117,112,5,5
55506,61,61,0,0
55507,61,65,-4,4
55508,97,111,-14,14
55509,81,89,-8,8
55510,89,91,-2,2
55511,58,64,-6,6
55512,80,71,9,9
55513,96,79,17,17
55514,87,92,-5,5
55515,69,71,-2,2
55516,116,129,-13,13
55517,138,140,-2,2
55518,65,63,2,2
55519,90,86,4,4
55520,87,77,10,10
55521,102,100,2,2
55522,79,93,-14,14
55523,146,143,3,3
55524,130,122,8,8
55525,127,117,10,10
55526,96,94,2,2
55527,80,76,4,4
55528,132,185,-53,53
55529,115,105,10,10
55530,81,94,-13,13
55531,86,91,-5,5
55532,105,98,7,7
55533,130,145,-15,15
55534,84,93,-9,9
55535,52,99,-47,47
55536,72,66,6,6
55537,82,79,3,3
55538,115,121,-6,6
55539,100,94,6,6
55540,102,99,3,3
55541,107,109,-2,2
55542,116,119,-3,3
55543,61,59,2,2
55544,95,94,1,1
55545,78,73,5,5
55546,78,61,17,17
55547,79,73,6,6
55548,82,88,-6,6
55549,71,81,-10,10
55550,128,120,8,8
55551,89,92,-3,3
55552,115,135,-20,20
55553,83,76,7,7
55554,80,69,11,11
55555,79,103,-24,24
55556,69,85,-16,16
55557,123,121,2,2
55558,67,78,-11,11
55559,135,138,-3,3
55560,134,152,-18,18
55561,133,123,10,10
55562,52,51,1,1
55563,175,169,6,6
55564,95,84,11,11
55565,122,126,-4,4
55566,74,68,6,6
55567,73,79,-6,6
55568,53,65,-12,12
55569,69,72,-3,3
55570,103,112,-9,9
55571,45,45,0,0
55572,107,94,13,13
55573,49,63,-14,14
55574,132,119,13,13
55575,89,96,-7,7
55576,62,68,-6,6
55577,109,102,7,7
55578,81,83,-2,2
55579,72,80,-8,8
55580,52,47,5,5
55581,74,80,-6,6
55582,36,39,-3,3
55583,68,71,-3,3
55584,73,79,-6,6
55585,89,87,2,2
55586,63,61,2,2
55587,69,73,-4,4
55588,103,112,-9,9
55589,53,60,-7,7
55590,103,103,0,0
55591,108,103,5,5
55592,109,152,-43,43
55593,187,199,-12,12
55594,69,69,0,0
55595,124,116,8,8
55596,117,114,3,3
55597,94,102,-8,8
55598,44,36,8,8
55599,120,117,3,3
55600,140,148,-8,8
55601,131,127,4,4
55602,100,104,-4,4
55603,147,147,0,0
55604,55,52,3,3
55605,126,135,-9,9
55606,84,89,-5,5
55607,81,89,-8,8
55608,110,96,14,14
55609,68,75,-7,7
55610,90,96,-6,6
55611,79,82,-3,3
55612,108,113,-5,5
55613,69,74,-5,5
55614,67,64,3,3
55615,151,160,-9,9
55616,121,121,0,0
55617,67,81,-14,14
55618,100,90,10,10
55619,105,107,-2,2
55620,105,118,-13,13
55621,92,98,-6,6
55622,107,115,-8,8
55623,163,156,7,7
55624,110,115,-5,5
55625,115,116,-1,1
55626,93,81,12,12
55627,143,130,13,13
55628,105,88,17,17
55629,102,102,0,0
55630,54,50,4,4
55631,117,115,2,2
55632,94,88,6,6
55633,121,104,17,17
55634,51,46,5,5
55635,93,100,-7,7
55636,136,138,-2,2
55637,75,67,8,8
55638,83,77,6,6
55639,90,88,2,2
55640,110,112,-2,2
55641,69,68,1,1
55642,110,114,-4,4
55643,78,88,-10,10
55644,85,83,2,2
55645,89,91,-2,2
55646,86,102,-16,16
55647,106,106,0,0
55648,102,104,-2,2
55649,52,43,9,9
55650,207,196,11,11
55651,93,85,8,8
55652,113,119,-6,6
55653,97,103,-6,6
55654,80,90,-10,10
55655,118,132,-14,14
55656,90,102,-12,12
55657,88,101,-13,13
55658,96,102,-6,6
55659,103,115,-12,12
55660,65,62,3,3
55661,48,51,-3,3
55662,85,75,10,10
55663,104,98,6,6
55664,54,43,11,11
55665,89,80,9,9
55666,132,128,4,4
55667,83,90,-7,7
55668,80,81,-1,1
55669,76,75,1,1
55670,67,64,3,3
55671,89,89,0,0
55672,149,146,3,3
55673,106,120,-14,14
55674,149,154,-5,5
55675,52,55,-3,3
55676,58,61,-3,3
55677,70,76,-6,6
55678,78,77,1,1
55679,212,189,23,23
55680,105,92,13,13
55681,101,89,12,12
55682,107,98,9,9
55683,145,137,8,8
55684,77,80,-3,3
55685,108,89,19,19
55686,97,102,-5,5
55687,90,86,4,4
55688,104,114,-10,10
55689,99,103,-4,4
55690,94,93,1,1
55691,105,106,-1,1
55692,69,76,-7,7
55693,81,90,-9,9
55694,88,83,5,5
55695,112,120,-8,8
55696,93,90,3,3
55697,130,131,-1,1
55698,145,128,17,17
55699,130,118,12,12
55700,62,88,-26,26
55701,99,104,-5,5
55702,67,62,5,5
55703,129,120,9,9
55704,72,77,-5,5
55705,96,93,3,3
55706,76,77,-1,1
55707,102,98,4,4
55708,81,80,1,1
55709,157,148,9,9
55710,100,110,-10,10
55711,122,121,1,1
55712,65,68,-3,3
55713,82,78,4,4
55714,95,90,5,5
55715,133,144,-11,11
55716,108,112,-4,4
55717,81,87,-6,6
55718,91,94,-3,3
55719,134,127,7,7
55720,146,142,4,4
55721,93,107,-14,14
55722,53,57,-4,4
55723,108,104,4,4
55724,93,86,7,7
55725,99,92,7,7
55726,158,146,12,12
55727,66,77,-11,11
55728,66,68,-2,2
55729,83,102,-19,19
55730,103,96,7,7
55731,54,49,5,5
55732,144,137,7,7
55733,88,114,-26,26
55734,105,99,6,6
55735,115,107,8,8
55736,125,121,4,4
55737,67,79,-12,12
55738,193,169,24,24
55739,127,111,16,16
55740,29,38,-9,9
55741,86,88,-2,2
55742,121,131,-10,10
55743,94,99,-5,5
55744,125,119,6,6
55745,174,168,6,6
55746,163,145,18,18
55747,128,112,16,16
55748,155,142,13,13
55749,123,129,-6,6
55750,100,103,-3,3
55751,80,86,-6,6
55752,121,115,6,6
55753,31,26,5,5
55754,96,92,4,4
55755,80,82,-2,2
55756,83,82,1,1
55757,82,82,0,0
55758,97,102,-5,5
55759,72,73,-1,1
55760,69,76,-7,7
55761,86,87,-1,1
55762,73,85,-12,12
55763,100,102,-2,2
55764,66,65,1,1
55765,83,77,6,6
55766,92,97,-5,5
55767,68,64,4,4
55768,118,121,-3,3
55769,97,105,-8,8
55770,62,69,-7,7
55771,78,76,2,2
55772,48,53,-5,5
55773,98,94,4,4
55774,71,76,-5,5
55775,62,66,-4,4
55776,45,67,-22,22
55777,122,126,-4,4
55778,91,88,3,3
55779,71,140,-69,69
55780,68,60,8,8
55781,118,120,-2,2
55782,79,86,-7,7
55783,120,132,-12,12
55784,134,146,-12,12
55785,72,77,-5,5
55786,92,91,1,1
55787,49,62,-13,13
55788,100,102,-2,2
55789,90,90,0,0
55790,71,73,-2,2
55791,83,86,-3,3
55792,71,94,-23,23
55793,90,102,-12,12
55794,168,183,-15,15
55795,68,78,-10,10
55796,50,54,-4,4
55797,59,58,1,1
55798,52,72,-20,20
55799,104,111,-7,7
55800,95,100,-5,5
55801,57,66,-9,9
55802,211,191,20,20
55803,58,64,-6,6
55804,125,111,14,14
55805,99,91,8,8
55806,88,97,-9,9
55807,182,179,3,3
55808,99,99,0,0
55809,66,62,4,4
55810,169,156,13,13
55811,105,112,-7,7
55812,92,94,-2,2
55813,110,109,1,1
55814,111,111,0,0
55815,95,89,6,6
55816,74,72,2,2
55817,135,116,19,19
55818,51,98,-47,47
55819,78,80,-2,2
55820,118,119,-1,1
55821,118,117,1,1
55822,104,107,-3,3
55823,37,41,-4,4
55824,96,99,-3,3
55825,93,87,6,6
55826,60,99,-39,39
55827,102,97,5,5
55828,112,120,-8,8
55829,73,78,-5,5
55830,142,135,7,7
55831,67,64,3,3
55832,69,65,4,4
55833,103,215,-112,112
55834,42,58,-16,16
55835,99,84,15,15
55836,181,163,18,18
55837,94,88,6,6
55838,83,89,-6,6
55839,98,83,15,15
55840,151,145,6,6
55841,149,136,13,13
55842,92,97,-5,5
55843,129,158,-29,29
55844,79,73,6,6
55845,119,122,-3,3
55846,159,140,19,19
55847,63,74,-11,11
55848,74,65,9,9
55849,141,157,-16,16
55850,133,124,9,9
55851,106,103,3,3
55852,180,165,15,15
55853,152,139,13,13
55854,85,80,5,5
55855,118,113,5,5
55856,127,125,2,2
55857,143,150,-7,7
55858,80,94,-14,14
55859,123,126,-3,3
55860,131,121,10,10
55861,53,57,-4,4
55862,83,76,7,7
55863,97,87,10,10
55864,120,121,-1,1
55865,71,69,2,2
55866,127,115,12,12
55867,68,68,0,0
55868,79,84,-5,5
55869,104,119,-15,15
55870,139,142,-3,3
55871,143,151,-8,8
55872,102,114,-12,12
55873,75,72,3,3
55874,105,109,-4,4
55875,71,66,5,5
55876,52,56,-4,4
55877,73,88,-15,15
55878,95,85,10,10
55879,84,77,7,7
55880,77,82,-5,5
55881,63,72,-9,9
55882,80,92,-12,12
55883,111,105,6,6
55884,146,136,10,10
55885,136,151,-15,15
55886,58,55,3,3
55887,77,78,-1,1
55888,74,109,-35,35
55889,157,154,3,3
55890,113,110,3,3
55891,88,79,9,9
55892,98,104,-6,6
55893,70,75,-5,5
55894,70,87,-17,17
55895,95,99,-4,4
55896,113,100,13,13
55897,65,71,-6,6
55898,82,73,9,9
55899,89,96,-7,7
55900,90,80,10,10
55901,75,98,-23,23
55902,73,65,8,8
55903,45,54,-9,9
55904,75,86,-11,11
55905,89,87,2,2
55906,127,114,13,13
55907,189,180,9,9
55908,132,135,-3,3
55909,95,89,6,6
55910,113,108,5,5
55911,81,91,-10,10
55912,121,126,-5,5
55913,73,70,3,3
55914,107,108,-1,1
55915,72,68,4,4
55916,110,115,-5,5
55917,69,72,-3,3
55918,149,140,9,9
55919,63,68,-5,5
55920,115,115,0,0
55921,105,103,2,2
55922,88,89,-1,1
55923,65,69,-4,4
55924,87,87,0,0
55925,94,98,-4,4
55926,125,128,-3,3
55927,93,89,4,4
55928,112,112,0,0
55929,103,109,-6,6
55930,117,122,-5,5
55931,95,94,1,1
55932,76,73,3,3
55933,94,103,-9,9
55934,50,51,-1,1
55935,115,120,-5,5
55936,105,90,15,15
55937,108,102,6,6
55938,141,141,0,0
55939,102,98,4,4
55940,58,73,-15,15
55941,108,105,3,3
55942,89,77,12,12
55943,71,71,0,0
55944,59,58,1,1
55945,89,82,7,7
55946,57,54,3,3
55947,106,96,10,10
55948,161,146,15,15
55949,92,83,9,9
55950,66,67,-1,1
55951,82,84,-2,2
55952,84,75,9,9
55953,115,102,13,13
55954,110,115,-5,5
55955,135,132,3,3
55956,93,97,-4,4
55957,134,152,-18,18
55958,105,98,7,7
55959,79,79,0,0
55960,25,18,7,7
55961,124,128,-4,4
55962,29,17,12,12
55963,96,86,10,10
55964,125,125,0,0
55965,52,49,3,3
55966,101,106,-5,5
55967,70,71,-1,1
55968,98,94,4,4
55969,77,74,3,3
55970,167,162,5,5
55971,82,81,1,1
55972,91,86,5,5
55973,70,65,5,5
55974,74,57,17,17
55975,121,127,-6,6
55976,46,39,7,7
55977,76,81,-5,5
55978,111,112,-1,1
55979,58,54,4,4
55980,65,61,4,4
55981,53,55,-2,2
55982,109,115,-6,6
55983,80,85,-5,5
55984,88,87,1,1
55985,110,113,-3,3
55986,98,92,6,6
55987,97,111,-14,14
55988,128,119,9,9
55989,144,134,10,10
55990,82,86,-4,4
55991,131,121,10,10
55992,100,108,-8,8
55993,95,99,-4,4
55994,108,105,3,3
55995,82,86,-4,4
55996,73,59,14,14
55997,94,98,-4,4
55998,99,124,-25,25
55999,88,80,8,8
56000,157,171,-14,14
56001,75,79,-4,4
56002,95,118,-23,23
56003,82,84,-2,2
56004,160,178,-18,18
56005,146,146,0,0
56006,166,178,-12,12
56007,76,72,4,4
56008,139,141,-2,2
56009,110,104,6,6
56010,118,114,4,4
56011,122,112,10,10
56012,50,58,-8,8
56013,59,63,-4,4
56014,112,113,-1,1
56015,108,125,-17,17
56016,42,38,4,4
56017,112,112,0,0
56018,126,120,6,6
56019,88,97,-9,9
56020,121,107,14,14
56021,83,80,3,3
56022,95,104,-9,9
56023,98,93,5,5
56024,104,113,-9,9
56025,66,63,3,3
56026,129,120,9,9
56027,85,72,13,13
56028,101,103,-2,2
56029,68,67,1,1
56030,86,83,3,3
56031,79,75,4,4
56032,91,90,1,1
56033,113,123,-10,10
56034,149,140,9,9
56035,76,72,4,4
56036,107,109,-2,2
56037,110,118,-8,8
56038,75,81,-6,6
56039,100,108,-8,8
56040,110,113,-3,3
56041,115,110,5,5
56042,128,127,1,1
56043,177,165,12,12
56044,105,98,7,7
56045,79,146,-67,67
56046,126,126,0,0
56047,135,163,-28,28
56048,66,61,5,5
56049,148,139,9,9
56050,128,135,-7,7
56051,106,84,22,22
56052,99,84,15,15
56053,73,69,4,4
56054,64,64,0,0
56055,98,122,-24,24
56056,111,99,12,12
56057,124,132,-8,8
56058,117,114,3,3
56059,94,90,4,4
56060,86,82,4,4
56061,80,61,19,19
56062,105,108,-3,3
56063,77,86,-9,9
56064,101,112,-11,11
56065,118,110,8,8
56066,130,111,19,19
56067,97,96,1,1
56068,77,78,-1,1
56069,76,81,-5,5
56070,122,132,-10,10
56071,116,133,-17,17
56072,67,75,-8,8
56073,109,101,8,8
56074,62,65,-3,3
56075,95,90,5,5
56076,130,130,0,0
56077,49,63,-14,14
56078,64,63,1,1
56079,84,87,-3,3
56080,147,135,12,12
56081,121,108,13,13
56082,158,160,-2,2
56083,105,91,14,14
56084,99,97,2,2
56085,108,112,-4,4
56086,159,159,0,0
56087,87,82,5,5
56088,128,137,-9,9
56089,58,76,-18,18
56090,110,112,-2,2
56091,187,176,11,11
56092,87,90,-3,3
56093,143,146,-3,3
56094,84,74,10,10
56095,132,144,-12,12
56096,74,72,2,2
56097,109,115,-6,6
56098,86,105,-19,19
56099,111,98,13,13
56100,49,52,-3,3
56101,73,73,0,0
56102,125,131,-6,6
56103,75,76,-1,1
56104,78,75,3,3
56105,99,100,-1,1
56106,103,118,-15,15
56107,106,97,9,9
56108,57,55,2,2
56109,139,130,9,9
56110,90,82,8,8
56111,67,61,6,6
56112,60,63,-3,3
56113,46,42,4,4
56114,56,49,7,7
56115,135,131,4,4
56116,52,32,20,20
56117,102,95,7,7
56118,79,82,-3,3
56119,75,79,-4,4
56120,118,123,-5,5
56121,107,117,-10,10
56122,24,17,7,7
56123,102,99,3,3
56124,78,82,-4,4
56125,94,83,11,11
56126,109,93,16,16
56127,139,141,-2,2
56128,105,111,-6,6
56129,155,146,9,9
56130,53,49,4,4
56131,82,98,-16,16
56132,159,162,-3,3
56133,105,104,1,1
56134,102,100,2,2
56135,78,84,-6,6
56136,67,68,-1,1
56137,149,150,-1,1
56138,84,86,-2,2
56139,87,91,-4,4
56140,132,135,-3,3
56141,83,87,-4,4
56142,75,57,18,18
56143,99,97,2,2
56144,77,99,-22,22
56145,97,91,6,6
56146,132,118,14,14
56147,105,109,-4,4
56148,105,88,17,17
56149,59,48,11,11
56150,69,61,8,8
56151,120,115,5,5
56152,59,58,1,1
56153,105,94,11,11
56154,81,81,0,0
56155,156,147,9,9
56156,62,68,-6,6
56157,63,69,-6,6
56158,156,149,7,7
56159,48,155,-107,107
56160,81,82,-1,1
56161,78,76,2,2
56162,72,71,1,1
56163,110,106,4,4
56164,76,81,-5,5
56165,82,84,-2,2
56166,76,79,-3,3
56167,106,109,-3,3
56168,109,120,-11,11
56169,96,92,4,4
56170,129,138,-9,9
56171,71,69,2,2
56172,124,142,-18,18
56173,107,115,-8,8
56174,97,95,2,2
56175,113,104,9,9
56176,152,150,2,2
56177,91,115,-24,24
56178,78,78,0,0
56179,158,141,17,17
56180,117,116,1,1
56181,97,105,-8,8
56182,83,80,3,3
56183,132,136,-4,4
56184,79,81,-2,2
56185,101,108,-7,7
56186,135,131,4,4
56187,96,61,35,35
56188,82,77,5,5
56189,70,78,-8,8
56190,110,108,2,2
56191,141,124,17,17
56192,61,62,-1,1
56193,97,89,8,8
56194,119,71,48,48
56195,67,73,-6,6
56196,92,106,-14,14
56197,84,73,11,11
56198,65,68,-3,3
56199,84,90,-6,6
56200,124,115,9,9
56201,135,130,5,5
56202,146,131,15,15
56203,109,118,-9,9
56204,145,148,-3,3
56205,89,87,2,2
56206,136,132,4,4
56207,85,88,-3,3
56208,55,66,-11,11
56209,92,109,-17,17
56210,61,63,-2,2
56211,132,123,9,9
56212,65,75,-10,10
56213,112,118,-6,6
56214,107,96,11,11
56215,48,34,14,14
56216,55,59,-4,4
56217,109,103,6,6
56218,136,132,4,4
56219,94,96,-2,2
56220,45,52,-7,7
56221,139,126,13,13
56222,72,87,-15,15
56223,156,145,11,11
56224,58,63,-5,5
56225,96,90,6,6
56226,83,82,1,1
56227,94,91,3,3
56228,29,16,13,13
56229,124,113,11,11
56230,71,80,-9,9
56231,146,132,14,14
56232,97,84,13,13
56233,104,106,-2,2
56234,32,28,4,4
56235,140,131,9,9
56236,57,51,6,6
56237,112,113,-1,1
56238,70,75,-5,5
56239,92,89,3,3
56240,57,57,0,0
56241,107,112,-5,5
56242,76,79,-3,3
56243,81,84,-3,3
56244,115,116,-1,1
56245,22,72,-50,50
56246,96,101,-5,5
56247,84,98,-14,14
56248,103,103,0,0
56249,126,111,15,15
56250,76,78,-2,2
56251,159,152,7,7
56252,74,65,9,9
56253,87,81,6,6
56254,46,54,-8,8
56255,33,26,7,7
56256,76,62,14,14
56257,98,97,1,1
56258,73,68,5,5
56259,105,97,8,8
56260,51,61,-10,10
56261,94,75,19,19
56262,54,74,-20,20
56263,86,93,-7,7
56264,60,61,-1,1
56265,144,142,2,2
56266,74,62,12,12
56267,90,81,9,9
56268,100,105,-5,5
56269,107,116,-9,9
56270,129,112,17,17
56271,133,126,7,7
56272,70,67,3,3
56273,101,86,15,15
56274,60,66,-6,6
56275,200,170,30,30
56276,64,63,1,1
56277,143,137,6,6
56278,90,92,-2,2
56279,72,72,0,0
56280,85,90,-5,5
56281,136,131,5,5
56282,94,101,-7,7
56283,135,119,16,16
56284,102,96,6,6
56285,71,83,-12,12
56286,74,79,-5,5
56287,122,131,-9,9
56288,86,84,2,2
56289,40,44,-4,4
56290,109,121,-12,12
56291,113,130,-17,17
56292,110,104,6,6
56293,68,65,3,3
56294,130,126,4,4
56295,89,93,-4,4
56296,106,107,-1,1
56297,98,102,-4,4
56298,71,52,19,19
56299,128,146,-18,18
56300,158,143,15,15
56301,82,80,2,2
56302,42,43,-1,1
56303,67,68,-1,1
56304,107,112,-5,5
56305,77,81,-4,4
56306,113,116,-3,3
56307,73,62,11,11
56308,189,177,12,12
56309,101,114,-13,13
56310,117,130,-13,13
56311,113,122,-9,9
56312,81,72,9,9
56313,113,111,2,2
56314,108,108,0,0
56315,133,164,-31,31
56316,117,116,1,1
56317,119,123,-4,4
56318,72,65,7,7
56319,72,95,-23,23
56320,105,117,-12,12
56321,70,70,0,0
56322,66,61,5,5
56323,152,136,16,16
56324,89,85,4,4
56325,20,17,3,3
56326,72,77,-5,5
56327,89,84,5,5
56328,83,95,-12,12
56329,121,126,-5,5
56330,119,111,8,8
56331,101,102,-1,1
56332,84,80,4,4
56333,78,82,-4,4
56334,166,156,10,10
56335,117,115,2,2
56336,141,149,-8,8
56337,123,117,6,6
56338,162,159,3,3
56339,50,49,1,1
56340,60,56,4,4
56341,86,90,-4,4
56342,70,73,-3,3
56343,129,127,2,2
56344,65,67,-2,2
56345,75,82,-7,7
56346,91,80,11,11
56347,55,60,-5,5
56348,82,87,-5,5
56349,102,111,-9,9
56350,74,70,4,4
56351,84,82,2,2
56352,128,121,7,7
56353,91,93,-2,2
56354,120,132,-12,12
56355,85,90,-5,5
56356,108,119,-11,11
56357,72,74,-2,2
56358,90,78,12,12
56359,85,96,-11,11
56360,112,113,-1,1
56361,148,162,-14,14
56362,105,113,-8,8
56363,44,22,22,22
56364,42,52,-10,10
56365,103,105,-2,2
56366,93,85,8,8
56367,63,62,1,1
56368,169,176,-7,7
56369,65,65,0,0
56370,74,75,-1,1
56371,99,108,-9,9
56372,129,130,-1,1
56373,93,88,5,5
56374,139,135,4,4
56375,64,115,-51,51
56376,93,92,1,1
56377,53,75,-22,22
56378,110,110,0,0
56379,97,96,1,1
56380,170,150,20,20
56381,56,61,-5,5
56382,172,168,4,4
56383,71,73,-2,2
56384,161,145,16,16
56385,130,135,-5,5
56386,101,112,-11,11
56387,107,106,1,1
56388,101,96,5,5
56389,64,70,-6,6
56390,75,74,1,1
56391,128,142,-14,14
56392,80,81,-1,1
56393,129,136,-7,7
56394,54,57,-3,3
56395,71,79,-8,8
56396,55,53,2,2
56397,91,96,-5,5
56398,119,110,9,9
56399,94,94,0,0
56400,158,145,13,13
56401,60,68,-8,8
56402,158,159,-1,1
56403,56,55,1,1
56404,121,127,-6,6
56405,79,68,11,11
56406,120,115,5,5
56407,64,33,31,31
56408,62,91,-29,29
56409,80,79,1,1
56410,135,128,7,7
56411,102,124,-22,22
56412,115,105,10,10
56413,142,150,-8,8
56414,115,128,-13,13
56415,119,132,-13,13
56416,138,149,-11,11
56417,97,89,8,8
56418,80,75,5,5
56419,97,107,-10,10
56420,111,114,-3,3
56421,91,97,-6,6
56422,95,97,-2,2
56423,91,93,-2,2
56424,101,95,6,6
56425,130,124,6,6
56426,89,92,-3,3
56427,86,95,-9,9
56428,178,165,13,13
56429,168,158,10,10
56430,63,44,19,19
56431,69,66,3,3
56432,186,156,30,30
56433,143,143,0,0
56434,76,68,8,8
56435,87,91,-4,4
56436,46,51,-5,5
56437,81,86,-5,5
56438,43,50,-7,7
56439,125,130,-5,5
56440,190,173,17,17
56441,112,108,4,4
56442,161,151,10,10
56443,119,111,8,8
56444,98,98,0,0
56445,122,115,7,7
56446,94,94,0,0
56447,68,77,-9,9
56448,103,95,8,8
56449,126,88,38,38
56450,75,65,10,10
56451,123,112,11,11
56452,81,81,0,0
56453,144,149,-5,5
56454,53,51,2,2
56455,164,154,10,10
56456,60,66,-6,6
56457,117,109,8,8
56458,121,128,-7,7
56459,90,97,-7,7
56460,86,85,1,1
56461,63,73,-10,10
56462,147,146,1,1
56463,103,104,-1,1
56464,68,73,-5,5
56465,91,87,4,4
56466,81,71,10,10
56467,71,66,5,5
56468,63,64,-1,1
56469,123,119,4,4
56470,105,106,-1,1
56471,81,83,-2,2
56472,112,132,-20,20
56473,78,87,-9,9
56474,85,90,-5,5
56475,118,121,-3,3
56476,65,59,6,6
56477,127,134,-7,7
56478,83,94,-11,11
56479,91,86,5,5
56480,62,65,-3,3
56481,75,82,-7,7
56482,88,99,-11,11
56483,163,156,7,7
56484,48,59,-11,11
56485,93,108,-15,15
56486,85,84,1,1
56487,142,134,8,8
56488,93,97,-4,4
56489,73,71,2,2
56490,65,69,-4,4
56491,83,81,2,2
56492,77,76,1,1
56493,113,107,6,6
56494,121,119,2,2
56495,71,77,-6,6
56496,64,63,1,1
56497,70,71,-1,1
56498,155,148,7,7
56499,59,56,3,3
56500,80,78,2,2
56501,80,86,-6,6
56502,59,61,-2,2
56503,83,78,5,5
56504,68,61,7,7
56505,77,88,-11,11
56506,121,112,9,9
56507,63,70,-7,7
56508,82,78,4,4
56509,145,153,-8,8
56510,63,70,-7,7
56511,124,129,-5,5
56512,83,93,-10,10
56513,175,169,6,6
56514,185,186,-1,1
56515,65,67,-2,2
56516,61,60,1,1
56517,76,75,1,1
56518,75,83,-8,8
56519,74,96,-22,22
56520,136,126,10,10
56521,47,40,7,7
56522,66,59,7,7
56523,131,131,0,0
56524,123,105,18,18
56525,118,109,9,9
56526,58,55,3,3
56527,89,94,-5,5
56528,156,142,14,14
56529,55,64,-9,9
56530,115,103,12,12
56531,111,113,-2,2
56532,116,128,-12,12
56533,62,68,-6,6
56534,108,87,21,21
56535,120,137,-17,17
56536,112,113,-1,1
56537,56,63,-7,7
56538,142,152,-10,10
56539,91,79,12,12
56540,86,84,2,2
56541,121,121,0,0
56542,80,75,5,5
56543,103,105,-2,2
56544,76,90,-14,14
56545,100,139,-39,39
56546,94,94,0,0
56547,117,130,-13,13
56548,84,80,4,4
56549,87,93,-6,6
56550,127,130,-3,3
56551,90,85,5,5
56552,96,95,1,1
56553,56,56,0,0
56554,74,71,3,3
56555,98,98,0,0
56556,107,117,-10,10
56557,125,119,6,6
56558,66,66,0,0
56559,91,108,-17,17
56560,154,163,-9,9
56561,151,107,44,44
56562,77,79,-2,2
56563,60,63,-3,3
56564,72,84,-12,12
56565,132,126,6,6
56566,74,78,-4,4
56567,63,60,3,3
56568,129,132,-3,3
56569,169,164,5,5
56570,88,104,-16,16
56571,129,128,1,1
56572,140,132,8,8
56573,80,88,-8,8
56574,94,98,-4,4
56575,49,52,-3,3
56576,145,147,-2,2
56577,97,99,-2,2
56578,94,97,-3,3
56579,83,83,0,0
56580,135,131,4,4
56581,103,95,8,8
56582,40,43,-3,3
56583,119,153,-34,34
56584,60,65,-5,5
56585,44,42,2,2
56586,104,110,-6,6
56587,49,43,6,6
56588,70,81,-11,11
56589,59,61,-2,2
56590,114,128,-14,14
56591,65,63,2,2
56592,60,60,0,0
56593,121,127,-6,6
56594,115,113,2,2
56595,75,76,-1,1
56596,74,76,-2,2
56597,103,108,-5,5
56598,59,50,9,9
56599,125,135,-10,10
56600,94,92,2,2
56601,73,73,0,0
56602,54,58,-4,4
56603,58,56,2,2
56604,174,172,2,2
56605,46,39,7,7
56606,79,81,-2,2
56607,108,100,8,8
56608,50,58,-8,8
56609,120,116,4,4
56610,159,154,5,5
56611,171,161,10,10
56612,81,82,-1,1
56613,85,89,-4,4
56614,118,142,-24,24
56615,73,73,0,0
56616,114,105,9,9
56617,77,74,3,3
56618,150,130,20,20
56619,72,91,-19,19
56620,64,88,-24,24
56621,85,93,-8,8
56622,112,131,-19,19
56623,57,56,1,1
56624,101,95,6,6
56625,83,87,-4,4
56626,74,73,1,1
56627,142,137,5,5
56628,111,102,9,9
56629,135,117,18,18
56630,64,69,-5,5
56631,75,70,5,5
56632,188,180,8,8
56633,63,71,-8,8
56634,124,112,12,12
56635,42,51,-9,9
56636,136,125,11,11
56637,50,46,4,4
56638,87,67,20,20
56639,140,126,14,14
56640,94,97,-3,3
56641,94,96,-2,2
56642,61,74,-13,13
56643,86,98,-12,12
56644,126,114,12,12
56645,63,61,2,2
56646,82,75,7,7
56647,140,148,-8,8
56648,134,132,2,2
56649,79,84,-5,5
56650,126,136,-10,10
56651,101,110,-9,9
56652,103,103,0,0
56653,70,67,3,3
56654,85,71,14,14
56655,84,99,-15,15
56656,58,68,-10,10
56657,139,124,15,15
56658,67,68,-1,1
56659,101,100,1,1
56660,83,83,0,0
56661,66,65,1,1
56662,59,59,0,0
56663,77,84,-7,7
56664,53,60,-7,7
56665,130,129,1,1
56666,59,69,-10,10
56667,94,87,7,7
56668,120,119,1,1
56669,108,102,6,6
56670,95,88,7,7
56671,67,66,1,1
56672,103,106,-3,3
56673,68,64,4,4
56674,82,91,-9,9
56675,111,119,-8,8
56676,78,81,-3,3
56677,59,62,-3,3
56678,72,81,-9,9
56679,101,95,6,6
56680,77,87,-10,10
56681,65,65,0,0
56682,64,73,-9,9
56683,57,66,-9,9
56684,95,106,-11,11
56685,68,68,0,0
56686,137,129,8,8
56687,65,67,-2,2
56688,82,86,-4,4
56689,73,81,-8,8
56690,96,119,-23,23
56691,110,107,3,3
56692,139,134,5,5
56693,87,73,14,14
56694,113,108,5,5
56695,40,29,11,11
56696,81,85,-4,4
56697,51,59,-8,8
56698,173,167,6,6
56699,72,85,-13,13
56700,107,106,1,1
56701,112,117,-5,5
56702,125,121,4,4
56703,56,55,1,1
56704,141,125,16,16
56705,150,142,8,8
56706,136,143,-7,7
56707,127,124,3,3
56708,132,147,-15,15
56709,96,89,7,7
56710,35,44,-9,9
56711,86,84,2,2
56712,108,100,8,8
56713,149,146,3,3
56714,103,105,-2,2
56715,144,147,-3,3
56716,135,128,7,7
56717,112,101,11,11
56718,86,102,-16,16
56719,54,54,0,0
56720,78,79,-1,1
56721,72,74,-2,2
56722,87,92,-5,5
56723,79,80,-1,1
56724,109,130,-21,21
56725,120,109,11,11
56726,173,156,17,17
56727,57,61,-4,4
56728,40,31,9,9
56729,82,85,-3,3
56730,70,78,-8,8
56731,86,99,-13,13
56732,98,106,-8,8
56733,134,146,-12,12
56734,45,39,6,6
56735,129,129,0,0
56736,68,76,-8,8
56737,91,81,10,10
56738,113,105,8,8
56739,52,60,-8,8
56740,94,87,7,7
56741,94,109,-15,15
56742,113,118,-5,5
56743,128,115,13,13
56744,99,106,-7,7
56745,105,103,2,2
56746,86,100,-14,14
56747,148,147,1,1
56748,138,118,20,20
56749,99,89,10,10
56750,94,103,-9,9
56751,73,79,-6,6
56752,153,139,14,14
56753,95,102,-7,7
56754,118,126,-8,8
56755,129,128,1,1
56756,50,62,-12,12
56757,123,130,-7,7
56758,142,137,5,5
56759,123,127,-4,4
56760,148,133,15,15
56761,107,110,-3,3
56762,98,109,-11,11
56763,112,107,5,5
56764,137,137,0,0
56765,106,113,-7,7
56766,97,92,5,5
56767,96,97,-1,1
56768,245,194,51,51
56769,115,104,11,11
56770,81,75,6,6
56771,130,116,14,14
56772,86,75,11,11
56773,128,113,15,15
56774,73,72,1,1
56775,110,103,7,7
56776,130,115,15,15
56777,97,99,-2,2
56778,80,82,-2,2
56779,91,92,-1,1
56780,88,86,2,2
56781,105,113,-8,8
56782,75,64,11,11
56783,93,111,-18,18
56784,115,116,-1,1
56785,133,132,1,1
56786,142,123,19,19
56787,62,77,-15,15
56788,78,82,-4,4
56789,91,85,6,6
56790,102,94,8,8
56791,109,113,-4,4
56792,102,97,5,5
56793,90,89,1,1
56794,135,117,18,18
56795,31,52,-21,21
56796,143,139,4,4
56797,123,120,3,3
56798,102,102,0,0
56799,59,57,2,2
56800,83,90,-7,7
56801,99,113,-14,14
56802,50,64,-14,14
56803,168,154,14,14
56804,80,87,-7,7
56805,104,124,-20,20
56806,117,111,6,6
56807,113,114,-1,1
56808,73,92,-19,19
56809,72,81,-9,9
56810,144,112,32,32
56811,131,127,4,4
56812,107,129,-22,22
56813,85,87,-2,2
56814,58,65,-7,7
56815,67,66,1,1
56816,62,66,-4,4
56817,63,56,7,7
56818,148,146,2,2
56819,139,129,10,10
56820,82,94,-12,12
56821,133,128,5,5
56822,70,74,-4,4
56823,99,104,-5,5
56824,115,109,6,6
56825,121,124,-3,3
56826,107,117,-10,10
56827,113,102,11,11
56828,61,65,-4,4
56829,80,78,2,2
56830,78,78,0,0
56831,68,64,4,4
56832,122,137,-15,15
56833,109,95,14,14
56834,71,66,5,5
56835,60,74,-14,14
56836,125,116,9,9
56837,68,36,32,32
56838,114,123,-9,9
56839,93,82,11,11
56840,75,79,-4,4
56841,99,104,-5,5
56842,133,127,6,6
56843,78,82,-4,4
56844,45,42,3,3
56845,87,79,8,8
56846,72,63,9,9
56847,129,130,-1,1
56848,93,92,1,1
56849,95,111,-16,16
56850,119,120,-1,1
56851,96,85,11,11
56852,45,38,7,7
56853,151,142,9,9
56854,75,67,8,8
56855,84,89,-5,5
56856,75,70,5,5
56857,97,152,-55,55
56858,79,83,-4,4
56859,132,117,15,15
56860,108,115,-7,7
56861,115,113,2,2
56862,89,111,-22,22
56863,84,101,-17,17
56864,132,133,-1,1
56865,94,88,6,6
56866,182,180,2,2
56867,170,169,1,1
56868,93,92,1,1
56869,70,72,-2,2
56870,38,46,-8,8
56871,102,113,-11,11
56872,139,130,9,9
56873,97,108,-11,11
56874,87,86,1,1
56875,86,82,4,4
56876,76,85,-9,9
56877,91,99,-8,8
56878,81,85,-4,4
56879,86,79,7,7
56880,90,86,4,4
56881,73,79,-6,6
56882,122,124,-2,2
56883,81,78,3,3
56884,182,165,17,17
56885,73,71,2,2
56886,108,100,8,8
56887,70,65,5,5
56888,170,152,18,18
56889,98,97,1,1
56890,83,93,-10,10
56891,89,103,-14,14
56892,79,86,-7,7
56893,77,86,-9,9
56894,82,94,-12,12
56895,79,82,-3,3
56896,165,156,9,9
56897,57,71,-14,14
56898,94,102,-8,8
56899,101,97,4,4
56900,170,172,-2,2
56901,68,78,-10,10
56902,121,116,5,5
56903,137,130,7,7
56904,72,72,0,0
56905,109,108,1,1
56906,81,78,3,3
56907,71,79,-8,8
56908,135,136,-1,1
56909,105,102,3,3
56910,101,92,9,9
56911,71,78,-7,7
56912,93,96,-3,3
56913,75,71,4,4
56914,68,134,-66,66
56915,107,98,9,9
56916,76,73,3,3
56917,127,122,5,5
56918,117,129,-12,12
56919,123,106,17,17
56920,158,155,3,3
56921,96,99,-3,3
56922,44,42,2,2
56923,100,99,1,1
56924,69,74,-5,5
56925,77,86,-9,9
56926,66,69,-3,3
56927,71,64,7,7
56928,117,117,0,0
56929,103,112,-9,9
56930,99,93,6,6
56931,131,137,-6,6
56932,50,46,4,4
56933,39,30,9,9
56934,74,73,1,1
56935,51,48,3,3
56936,91,93,-2,2
56937,104,113,-9,9
56938,76,71,5,5
56939,126,118,8,8
56940,79,85,-6,6
56941,88,101,-13,13
56942,103,108,-5,5
56943,156,150,6,6
56944,153,152,1,1
56945,82,79,3,3
56946,69,75,-6,6
56947,85,98,-13,13
56948,90,103,-13,13
56949,118,114,4,4
56950,113,117,-4,4
56951,63,72,-9,9
56952,39,49,-10,10
56953,125,121,4,4
56954,111,134,-23,23
56955,85,88,-3,3
56956,69,76,-7,7
56957,164,157,7,7
56958,115,119,-4,4
56959,100,126,-26,26
56960,97,102,-5,5
56961,76,86,-10,10
56962,109,121,-12,12
56963,122,119,3,3
56964,75,82,-7,7
56965,94,95,-1,1
56966,73,72,1,1
56967,138,127,11,11
56968,109,95,14,14
56969,84,87,-3,3
56970,65,62,3,3
56971,97,98,-1,1
56972,150,145,5,5
56973,158,157,1,1
56974,74,77,-3,3
56975,64,60,4,4
56976,102,101,1,1
56977,83,95,-12,12
56978,181,180,1,1
56979,149,151,-2,2
56980,67,65,2,2
56981,108,116,-8,8
56982,126,124,2,2
56983,129,131,-2,2
56984,123,114,9,9
56985,88,78,10,10
56986,79,90,-11,11
56987,122,110,12,12
56988,88,83,5,5
56989,129,119,10,10
56990,82,77,5,5
56991,72,75,-3,3
56992,116,126,-10,10
56993,93,90,3,3
56994,82,84,-2,2
56995,153,153,0,0
56996,169,152,17,17
56997,79,93,-14,14
56998,92,94,-2,2
56999,123,112,11,11
57000,75,93,-18,18
57001,162,172,-10,10
57002,79,81,-2,2
57003,90,93,-3,3
57004,74,97,-23,23
57005,130,122,8,8
57006,128,119,9,9
57007,75,88,-13,13
57008,86,94,-8,8
57009,111,120,-9,9
57010,100,102,-2,2
57011,57,65,-8,8
57012,126,118,8,8
57013,61,59,2,2
57014,79,74,5,5
57015,80,74,6,6
57016,49,53,-4,4
57017,83,93,-10,10
57018,65,68,-3,3
57019,76,79,-3,3
57020,99,92,7,7
57021,152,131,21,21
57022,74,79,-5,5
57023,90,96,-6,6
57024,116,118,-2,2
57025,150,174,-24,24
57026,98,125,-27,27
57027,136,127,9,9
57028,109,100,9,9
57029,131,141,-10,10
57030,44,43,1,1
57031,52,55,-3,3
57032,73,76,-3,3
57033,160,145,15,15
57034,104,103,1,1
57035,71,69,2,2
57036,52,57,-5,5
57037,69,62,7,7
57038,120,106,14,14
57039,51,41,10,10
57040,65,71,-6,6
57041,93,91,2,2
57042,62,76,-14,14
57043,108,109,-1,1
57044,86,98,-12,12
57045,65,71,-6,6
57046,151,153,-2,2
57047,82,93,-11,11
57048,54,49,5,5
57049,57,59,-2,2
57050,87,102,-15,15
57051,75,79,-4,4
57052,76,76,0,0
57053,144,155,-11,11
57054,82,91,-9,9
57055,70,67,3,3
57056,65,70,-5,5
57057,130,135,-5,5
57058,179,176,3,3
57059,143,151,-8,8
57060,128,132,-4,4
57061,59,57,2,2
57062,141,127,14,14
57063,91,88,3,3
57064,117,113,4,4
57065,103,107,-4,4
57066,102,104,-2,2
57067,150,145,5,5
57068,91,86,5,5
57069,82,87,-5,5
57070,72,56,16,16
57071,146,125,21,21
57072,51,55,-4,4
57073,119,117,2,2
57074,94,95,-1,1
57075,113,109,4,4
57076,115,114,1,1
57077,50,49,1,1
57078,72,92,-20,20
57079,127,123,4,4
57080,67,66,1,1
57081,76,78,-2,2
57082,96,108,-12,12
57083,137,151,-14,14
57084,189,173,16,16
57085,83,89,-6,6
57086,90,94,-4,4
57087,85,93,-8,8
57088,99,99,0,0
57089,88,91,-3,3
57090,163,223,-60,60
57091,78,83,-5,5
57092,63,63,0,0
57093,87,94,-7,7
57094,81,83,-2,2
57095,117,139,-22,22
57096,86,86,0,0
57097,97,105,-8,8
57098,120,117,3,3
57099,61,51,10,10
57100,109,111,-2,2
57101,82,82,0,0
57102,98,93,5,5
57103,100,100,0,0
57104,114,103,11,11
57105,61,65,-4,4
57106,88,96,-8,8
57107,75,69,6,6
57108,96,95,1,1
57109,125,125,0,0
57110,216,196,20,20
57111,91,93,-2,2
57112,149,169,-20,20
57113,104,95,9,9
57114,69,72,-3,3
57115,65,66,-1,1
57116,116,124,-8,8
57117,66,67,-1,1
57118,53,53,0,0
57119,61,63,-2,2
57120,106,112,-6,6
57121,118,112,6,6
57122,145,148,-3,3
57123,90,89,1,1
57124,76,76,0,0
57125,48,44,4,4
57126,38,32,6,6
57127,65,68,-3,3
57128,98,103,-5,5
57129,48,69,-21,21
57130,93,100,-7,7
57131,117,121,-4,4
57132,66,72,-6,6
57133,110,97,13,13
57134,121,114,7,7
57135,95,92,3,3
57136,81,81,0,0
57137,48,60,-12,12
57138,80,90,-10,10
57139,136,150,-14,14
57140,55,48,7,7
57141,110,110,0,0
57142,104,115,-11,11
57143,89,82,7,7
57144,90,113,-23,23
57145,111,109,2,2
57146,85,96,-11,11
57147,113,116,-3,3
57148,100,99,1,1
57149,147,137,10,10
57150,86,97,-11,11
57151,76,80,-4,4
57152,164,142,22,22
57153,130,112,18,18
57154,99,96,3,3
57155,40,40,0,0
57156,175,181,-6,6
57157,148,151,-3,3
57158,106,111,-5,5
57159,152,153,-1,1
57160,91,97,-6,6
57161,98,85,13,13
57162,51,61,-10,10
57163,88,109,-21,21
57164,89,91,-2,2
57165,63,59,4,4
57166,84,87,-3,3
57167,75,71,4,4
57168,117,106,11,11
57169,111,115,-4,4
57170,134,143,-9,9
57171,81,95,-14,14
57172,101,107,-6,6
57173,61,59,2,2
57174,116,115,1,1
57175,77,85,-8,8
57176,121,113,8,8
57177,101,101,0,0
57178,22,26,-4,4
57179,89,89,0,0
57180,134,136,-2,2
57181,132,132,0,0
57182,48,51,-3,3
57183,102,96,6,6
57184,90,85,5,5
57185,89,100,-11,11
57186,109,114,-5,5
57187,164,145,19,19
57188,93,97,-4,4
57189,93,95,-2,2
57190,63,71,-8,8
57191,99,105,-6,6
57192,72,73,-1,1
57193,85,89,-4,4
57194,76,80,-4,4
57195,85,85,0,0
57196,125,73,52,52
57197,63,69,-6,6
57198,47,51,-4,4
57199,123,132,-9,9
57200,88,96,-8,8
57201,75,77,-2,2
57202,78,82,-4,4
57203,73,64,9,9
57204,113,131,-18,18
57205,88,83,5,5
57206,91,80,11,11
57207,99,101,-2,2
57208,92,95,-3,3
57209,102,112,-10,10
57210,84,90,-6,6
57211,153,143,10,10
57212,117,120,-3,3
57213,61,49,12,12
57214,81,83,-2,2
57215,148,148,0,0
57216,88,70,18,18
57217,109,117,-8,8
57218,124,127,-3,3
57219,44,56,-12,12
57220,75,99,-24,24
57221,107,108,-1,1
57222,74,77,-3,3
57223,75,70,5,5
57224,97,103,-6,6
57225,95,80,15,15
57226,72,68,4,4
57227,71,73,-2,2
57228,100,99,1,1
57229,110,104,6,6
57230,67,64,3,3
57231,59,52,7,7
57232,162,145,17,17
57233,97,108,-11,11
57234,66,72,-6,6
57235,87,82,5,5
57236,142,158,-16,16
57237,77,85,-8,8
57238,61,58,3,3
57239,61,118,-57,57
57240,131,136,-5,5
57241,84,88,-4,4
57242,77,81,-4,4
57243,60,59,1,1
57244,77,79,-2,2
57245,47,52,-5,5
57246,71,75,-4,4
57247,118,124,-6,6
57248,105,121,-16,16
57249,137,133,4,4
57250,48,64,-16,16
57251,81,83,-2,2
57252,105,76,29,29
57253,107,109,-2,2
57254,149,140,9,9
57255,88,83,5,5
57256,104,98,6,6
57257,130,116,14,14
57258,118,119,-1,1
57259,50,69,-19,19
57260,113,107,6,6
57261,48,48,0,0
57262,105,104,1,1
57263,63,74,-11,11
57264,63,59,4,4
57265,65,71,-6,6
57266,105,113,-8,8
57267,38,40,-2,2
57268,57,36,21,21
57269,94,101,-7,7
57270,87,79,8,8
57271,68,71,-3,3
57272,66,83,-17,17
57273,87,91,-4,4
57274,121,127,-6,6
57275,104,99,5,5
57276,124,126,-2,2
57277,158,147,11,11
57278,30,39,-9,9
57279,101,131,-30,30
57280,86,73,13,13
57281,93,87,6,6
57282,123,137,-14,14
57283,102,92,10,10
57284,142,158,-16,16
57285,61,82,-21,21
57286,75,84,-9,9
57287,125,133,-8,8
57288,95,94,1,1
57289,171,161,10,10
57290,96,132,-36,36
57291,123,129,-6,6
57292,106,121,-15,15
57293,62,65,-3,3
57294,87,88,-1,1
57295,57,56,1,1
57296,56,51,5,5
57297,124,125,-1,1
57298,81,73,8,8
57299,109,95,14,14
57300,165,167,-2,2
57301,171,181,-10,10
57302,104,103,1,1
57303,59,65,-6,6
57304,40,39,1,1
57305,74,83,-9,9
57306,127,127,0,0
57307,73,84,-11,11
57308,130,132,-2,2
57309,47,68,-21,21
57310,59,71,-12,12
57311,156,144,12,12
57312,101,93,8,8
57313,89,69,20,20
57314,95,101,-6,6
57315,60,68,-8,8
57316,91,97,-6,6
57317,74,75,-1,1
57318,160,146,14,14
57319,114,119,-5,5
57320,148,143,5,5
57321,80,77,3,3
57322,24,19,5,5
57323,52,54,-2,2
57324,259,227,32,32
57325,44,41,3,3
57326,149,146,3,3
57327,57,61,-4,4
57328,126,140,-14,14
57329,142,132,10,10
57330,111,116,-5,5
57331,167,163,4,4
57332,76,74,2,2
57333,69,64,5,5
57334,110,122,-12,12
57335,92,104,-12,12
57336,99,87,12,12
57337,95,102,-7,7
57338,114,106,8,8
57339,91,97,-6,6
57340,104,106,-2,2
57341,84,87,-3,3
57342,164,148,16,16
57343,44,52,-8,8
57344,75,68,7,7
57345,95,97,-2,2
57346,27,16,11,11
57347,81,96,-15,15
57348,72,76,-4,4
57349,100,94,6,6
57350,131,113,18,18
57351,61,64,-3,3
57352,89,87,2,2
57353,65,68,-3,3
57354,53,58,-5,5
57355,103,115,-12,12
57356,129,128,1,1
57357,114,104,10,10
57358,102,105,-3,3
57359,87,102,-15,15
57360,77,58,19,19
57361,72,71,1,1
57362,71,73,-2,2
57363,67,59,8,8
57364,116,122,-6,6
57365,102,97,5,5
57366,83,79,4,4
57367,55,52,3,3
57368,71,82,-11,11
57369,84,81,3,3
57370,98,99,-1,1
57371,101,90,11,11
57372,82,76,6,6
57373,117,119,-2,2
57374,126,135,-9,9
57375,66,80,-14,14
57376,81,90,-9,9
57377,189,189,0,0
57378,90,84,6,6
57379,86,86,0,0
57380,107,104,3,3
57381,117,149,-32,32
57382,54,56,-2,2
57383,81,92,-11,11
57384,85,91,-6,6
57385,88,95,-7,7
57386,57,62,-5,5
57387,103,114,-11,11
57388,103,105,-2,2
57389,95,87,8,8
57390,107,110,-3,3
57391,91,92,-1,1
57392,111,129,-18,18
57393,200,187,13,13
57394,83,87,-4,4
57395,86,86,0,0
57396,80,87,-7,7
57397,109,115,-6,6
57398,69,68,1,1
57399,78,85,-7,7
57400,70,98,-28,28
57401,77,77,0,0
57402,69,53,16,16
57403,96,88,8,8
57404,121,142,-21,21
57405,90,96,-6,6
57406,152,144,8,8
57407,91,84,7,7
57408,89,89,0,0
57409,104,98,6,6
57410,88,69,19,19
57411,113,110,3,3
57412,81,94,-13,13
57413,92,86,6,6
57414,112,101,11,11
57415,113,139,-26,26
57416,119,107,12,12
57417,68,72,-4,4
57418,183,160,23,23
57419,154,142,12,12
57420,115,122,-7,7
57421,173,184,-11,11
57422,108,103,5,5
57423,124,131,-7,7
57424,71,63,8,8
57425,84,78,6,6
57426,80,93,-13,13
57427,90,93,-3,3
57428,74,68,6,6
57429,89,87,2,2
57430,81,94,-13,13
57431,100,93,7,7
57432,136,134,2,2
57433,55,58,-3,3
57434,105,107,-2,2
57435,77,69,8,8
57436,192,185,7,7
57437,99,89,10,10
57438,90,91,-1,1
57439,134,131,3,3
57440,113,114,-1,1
57441,90,83,7,7
57442,150,130,20,20
57443,52,54,-2,2
57444,102,105,-3,3
57445,55,50,5,5
57446,110,112,-2,2
57447,57,51,6,6
57448,57,61,-4,4
57449,97,101,-4,4
57450,117,126,-9,9
57451,83,93,-10,10
57452,121,116,5,5
57453,58,61,-3,3
57454,101,98,3,3
57455,63,63,0,0
57456,105,116,-11,11
57457,94,87,7,7
57458,138,136,2,2
57459,62,62,0,0
57460,113,125,-12,12
57461,50,50,0,0
57462,90,95,-5,5
57463,135,143,-8,8
57464,68,59,9,9
57465,94,84,10,10
57466,63,62,1,1
57467,179,165,14,14
57468,78,80,-2,2
57469,197,171,26,26
57470,124,126,-2,2
57471,115,131,-16,16
57472,105,102,3,3
57473,135,136,-1,1
57474,59,65,-6,6
57475,75,88,-13,13
57476,131,132,-1,1
57477,125,136,-11,11
57478,82,93,-11,11
57479,193,190,3,3
57480,23,22,1,1
57481,67,69,-2,2
57482,204,187,17,17
57483,78,81,-3,3
57484,95,93,2,2
57485,143,143,0,0
57486,69,69,0,0
57487,78,76,2,2
57488,185,168,17,17
57489,60,68,-8,8
57490,93,87,6,6
57491,49,49,0,0
57492,151,137,14,14
57493,93,89,4,4
57494,109,107,2,2
57495,58,56,2,2
57496,132,111,21,21
57497,85,75,10,10
57498,118,100,18,18
57499,69,72,-3,3
57500,76,78,-2,2
57501,68,76,-8,8
57502,68,66,2,2
57503,103,113,-10,10
57504,116,108,8,8
57505,189,157,32,32
57506,64,72,-8,8
57507,54,52,2,2
57508,99,105,-6,6
57509,140,130,10,10
57510,52,46,6,6
57511,144,140,4,4
57512,96,102,-6,6
57513,60,68,-8,8
57514,131,133,-2,2
57515,101,126,-25,25
57516,21,61,-40,40
57517,77,83,-6,6
57518,94,96,-2,2
57519,64,63,1,1
57520,77,75,2,2
57521,89,81,8,8
57522,68,71,-3,3
57523,100,73,27,27
57524,94,92,2,2
57525,99,100,-1,1
57526,104,108,-4,4
57527,76,80,-4,4
57528,41,47,-6,6
57529,89,82,7,7
57530,159,139,20,20
57531,145,132,13,13
57532,89,89,0,0
57533,117,123,-6,6
57534,56,65,-9,9
57535,112,120,-8,8
57536,59,57,2,2
57537,54,56,-2,2
57538,83,79,4,4
57539,70,74,-4,4
57540,64,65,-1,1
57541,134,134,0,0
57542,107,129,-22,22
57543,81,79,2,2
57544,117,129,-12,12
57545,123,127,-4,4
57546,114,109,5,5
57547,173,156,17,17
57548,79,75,4,4
57549,117,114,3,3
57550,32,32,0,0
57551,87,84,3,3
57552,189,178,11,11
57553,70,81,-11,11
57554,155,131,24,24
57555,81,84,-3,3
57556,168,158,10,10
57557,114,111,3,3
57558,153,166,-13,13
57559,124,125,-1,1
57560,51,45,6,6
57561,105,118,-13,13
57562,101,115,-14,14
57563,86,87,-1,1
57564,129,125,4,4
57565,122,113,9,9
57566,149,143,6,6
57567,85,80,5,5
57568,73,72,1,1
57569,66,71,-5,5
57570,180,160,20,20
57571,33,15,18,18
57572,70,79,-9,9
57573,101,125,-24,24
57574,89,98,-9,9
57575,120,125,-5,5
57576,121,116,5,5
57577,91,108,-17,17
57578,90,86,4,4
57579,121,114,7,7
57580,154,151,3,3
57581,110,106,4,4
57582,65,55,10,10
57583,107,116,-9,9
57584,141,139,2,2
57585,61,68,-7,7
57586,119,124,-5,5
57587,135,135,0,0
57588,185,167,18,18
57589,46,52,-6,6
57590,89,98,-9,9
57591,134,129,5,5
57592,102,99,3,3
57593,138,133,5,5
57594,104,114,-10,10
57595,176,169,7,7
57596,112,109,3,3
57597,135,139,-4,4
57598,119,117,2,2
57599,82,77,5,5
57600,99,106,-7,7
57601,119,115,4,4
57602,98,109,-11,11
57603,96,94,2,2
57604,90,96,-6,6
57605,81,73,8,8
57606,65,67,-2,2
57607,120,121,-1,1
57608,90,89,1,1
57609,80,88,-8,8
57610,81,90,-9,9
57611,78,108,-30,30
57612,82,75,7,7
57613,155,139,16,16
57614,77,84,-7,7
57615,116,117,-1,1
57616,78,79,-1,1
57617,69,63,6,6
57618,64,66,-2,2
57619,88,89,-1,1
57620,56,55,1,1
57621,62,71,-9,9
57622,49,60,-11,11
57623,120,107,13,13
57624,154,144,10,10
57625,86,91,-5,5
57626,61,67,-6,6
57627,66,62,4,4
57628,145,126,19,19
57629,83,97,-14,14
57630,136,126,10,10
57631,88,97,-9,9
57632,71,73,-2,2
57633,93,86,7,7
57634,97,88,9,9
57635,94,87,7,7
57636,97,108,-11,11
57637,57,66,-9,9
57638,142,136,6,6
57639,119,119,0,0
57640,87,97,-10,10
57641,131,146,-15,15
57642,119,135,-16,16
57643,76,72,4,4
57644,55,52,3,3
57645,106,102,4,4
57646,70,79,-9,9
57647,103,108,-5,5
57648,96,90,6,6
57649,150,143,7,7
57650,128,131,-3,3
57651,38,40,-2,2
57652,65,79,-14,14
57653,79,78,1,1
57654,96,93,3,3
57655,88,86,2,2
57656,185,205,-20,20
57657,81,74,7,7
57658,151,134,17,17
57659,94,85,9,9
57660,72,74,-2,2
57661,110,109,1,1
57662,109,105,4,4
57663,80,75,5,5
57664,68,76,-8,8
57665,111,98,13,13
57666,67,70,-3,3
57667,95,91,4,4
57668,114,120,-6,6
57669,51,52,-1,1
57670,111,108,3,3
57671,118,110,8,8
57672,157,147,10,10
57673,82,85,-3,3
57674,119,107,12,12
57675,73,75,-2,2
57676,88,82,6,6
57677,46,46,0,0
57678,61,77,-16,16
57679,81,83,-2,2
57680,117,129,-12,12
57681,87,97,-10,10
57682,71,64,7,7
57683,70,66,4,4
57684,98,130,-32,32
57685,89,94,-5,5
57686,100,102,-2,2
57687,124,115,9,9
57688,166,155,11,11
57689,90,94,-4,4
57690,43,43,0,0
57691,175,170,5,5
57692,104,108,-4,4
57693,180,172,8,8
57694,57,59,-2,2
57695,36,47,-11,11
57696,144,156,-12,12
57697,136,125,11,11
57698,56,51,5,5
57699,93,99,-6,6
57700,91,92,-1,1
57701,98,92,6,6
57702,82,72,10,10
57703,101,113,-12,12
57704,113,113,0,0
57705,53,61,-8,8
57706,55,56,-1,1
57707,120,123,-3,3
57708,105,103,2,2
57709,71,75,-4,4
57710,78,82,-4,4
57711,165,165,0,0
57712,82,89,-7,7
57713,126,125,1,1
57714,114,107,7,7
57715,143,141,2,2
57716,118,108,10,10
57717,94,97,-3,3
57718,41,42,-1,1
57719,67,69,-2,2
57720,83,79,4,4
57721,119,109,10,10
57722,62,63,-1,1
57723,55,53,2,2
57724,95,93,2,2
57725,91,97,-6,6
57726,68,73,-5,5
57727,144,141,3,3
57728,64,66,-2,2
57729,43,56,-13,13
57730,81,94,-13,13
57731,94,88,6,6
57732,77,76,1,1
57733,167,169,-2,2
57734,51,61,-10,10
57735,117,110,7,7
57736,93,93,0,0
57737,71,77,-6,6
57738,64,72,-8,8
57739,168,164,4,4
57740,98,101,-3,3
57741,38,35,3,3
57742,124,118,6,6
57743,104,108,-4,4
57744,45,45,0,0
57745,36,42,-6,6
57746,82,81,1,1
57747,120,107,13,13
57748,108,116,-8,8
57749,43,48,-5,5
57750,85,84,1,1
57751,146,152,-6,6
57752,82,98,-16,16
57753,115,108,7,7
57754,98,88,10,10
57755,87,84,3,3
57756,124,133,-9,9
57757,86,85,1,1
57758,92,113,-21,21
57759,109,93,16,16
57760,125,113,12,12
57761,140,143,-3,3
57762,84,133,-49,49
57763,66,68,-2,2
57764,131,120,11,11
57765,81,81,0,0
57766,88,88,0,0
57767,143,154,-11,11
57768,74,82,-8,8
57769,118,133,-15,15
57770,56,62,-6,6
57771,61,50,11,11
57772,112,117,-5,5
57773,119,109,10,10
57774,102,92,10,10
57775,101,129,-28,28
57776,71,62,9,9
57777,118,125,-7,7
57778,119,127,-8,8
57779,83,86,-3,3
57780,133,114,19,19
57781,57,60,-3,3
57782,87,88,-1,1
57783,6,18,-12,12
57784,76,74,2,2
57785,124,126,-2,2
57786,28,16,12,12
57787,65,66,-1,1
57788,86,83,3,3
57789,111,114,-3,3
57790,59,67,-8,8
57791,94,97,-3,3
57792,97,116,-19,19
57793,115,115,0,0
57794,75,82,-7,7
57795,144,127,17,17
57796,86,94,-8,8
57797,74,75,-1,1
57798,102,110,-8,8
57799,79,77,2,2
57800,99,104,-5,5
57801,140,148,-8,8
57802,101,99,2,2
57803,156,145,11,11
57804,92,88,4,4
57805,70,75,-5,5
57806,59,75,-16,16
57807,116,117,-1,1
57808,138,144,-6,6
57809,136,147,-11,11
57810,61,59,2,2
57811,53,57,-4,4
57812,79,73,6,6
57813,90,85,5,5
57814,127,121,6,6
57815,177,143,34,34
57816,110,121,-11,11
57817,129,117,12,12
57818,106,124,-18,18
57819,74,80,-6,6
57820,154,150,4,4
57821,129,132,-3,3
57822,73,73,0,0
57823,77,79,-2,2
57824,84,95,-11,11
57825,103,97,6,6
57826,90,136,-46,46
57827,109,119,-10,10
57828,68,66,2,2
57829,72,70,2,2
57830,105,118,-13,13
57831,65,66,-1,1
57832,95,94,1,1
57833,133,132,1,1
57834,103,95,8,8
57835,107,115,-8,8
57836,79,76,3,3
57837,116,110,6,6
57838,91,84,7,7
57839,72,86,-14,14
57840,66,95,-29,29
57841,147,137,10,10
57842,90,115,-25,25
57843,192,205,-13,13
57844,98,120,-22,22
57845,105,95,10,10
57846,44,51,-7,7
57847,102,92,10,10
57848,82,90,-8,8
57849,107,100,7,7
57850,102,98,4,4
57851,135,127,8,8
57852,157,144,13,13
57853,61,53,8,8
57854,155,142,13,13
57855,121,133,-12,12
57856,77,77,0,0
57857,142,137,5,5
57858,95,91,4,4
57859,104,98,6,6
57860,77,83,-6,6
57861,135,131,4,4
57862,101,102,-1,1
57863,65,64,1,1
57864,108,108,0,0
57865,46,50,-4,4
57866,196,182,14,14
57867,83,99,-16,16
57868,92,86,6,6
57869,66,59,7,7
57870,87,92,-5,5
57871,76,76,0,0
57872,24,50,-26,26
57873,94,102,-8,8
57874,85,76,9,9
57875,147,185,-38,38
57876,104,115,-11,11
57877,97,92,5,5
57878,159,136,23,23
57879,103,103,0,0
57880,114,116,-2,2
57881,133,143,-10,10
57882,66,66,0,0
57883,101,103,-2,2
57884,71,79,-8,8
57885,85,82,3,3
57886,87,77,10,10
57887,116,112,4,4
57888,88,78,10,10
57889,64,63,1,1
57890,48,57,-9,9
57891,55,54,1,1
57892,61,88,-27,27
57893,86,96,-10,10
57894,56,54,2,2
57895,58,48,10,10
57896,77,79,-2,2
57897,70,80,-10,10
57898,78,84,-6,6
57899,136,135,1,1
57900,69,72,-3,3
57901,68,60,8,8
57902,102,98,4,4
57903,67,63,4,4
57904,82,79,3,3
57905,54,51,3,3
57906,70,76,-6,6
57907,83,82,1,1
57908,129,123,6,6
57909,43,44,-1,1
57910,46,52,-6,6
57911,119,122,-3,3
57912,50,52,-2,2
57913,76,82,-6,6
57914,168,157,11,11
57915,83,79,4,4
57916,116,102,14,14
57917,121,134,-13,13
57918,96,105,-9,9
57919,126,135,-9,9
57920,86,92,-6,6
57921,85,75,10,10
57922,93,82,11,11
57923,52,53,-1,1
57924,129,132,-3,3
57925,87,81,6,6
57926,38,37,1,1
57927,61,71,-10,10
57928,77,79,-2,2
57929,73,71,2,2
57930,143,154,-11,11
57931,59,66,-7,7
57932,57,59,-2,2
57933,64,67,-3,3
57934,140,137,3,3
57935,109,113,-4,4
57936,91,93,-2,2
57937,64,67,-3,3
57938,105,93,12,12
57939,121,108,13,13
57940,65,56,9,9
57941,80,94,-14,14
57942,75,77,-2,2
57943,90,86,4,4
57944,93,106,-13,13
57945,60,71,-11,11
57946,75,76,-1,1
57947,97,96,1,1
57948,130,128,2,2
57949,111,103,8,8
57950,82,77,5,5
57951,102,101,1,1
57952,72,74,-2,2
57953,180,185,-5,5
57954,71,85,-14,14
57955,92,97,-5,5
57956,109,107,2,2
57957,113,110,3,3
57958,117,91,26,26
57959,105,105,0,0
57960,85,84,1,1
57961,75,69,6,6
57962,77,78,-1,1
57963,79,82,-3,3
57964,106,101,5,5
57965,52,62,-10,10
57966,107,88,19,19
57967,89,92,-3,3
57968,150,144,6,6
57969,84,86,-2,2
57970,78,80,-2,2
57971,124,117,7,7
57972,58,62,-4,4
57973,110,110,0,0
57974,108,105,3,3
57975,95,112,-17,17
57976,139,118,21,21
57977,92,95,-3,3
57978,63,71,-8,8
57979,81,86,-5,5
57980,103,94,9,9
57981,75,75,0,0
57982,75,69,6,6
57983,125,118,7,7
57984,98,106,-8,8
57985,101,100,1,1
57986,73,86,-13,13
57987,95,95,0,0
57988,120,115,5,5
57989,90,106,-16,16
57990,178,150,28,28
57991,111,128,-17,17
57992,90,89,1,1
57993,91,76,15,15
57994,92,85,7,7
57995,77,76,1,1
57996,87,80,7,7
57997,121,111,10,10
57998,99,100,-1,1
57999,119,127,-8,8
58000,85,99,-14,14
58001,102,109,-7,7
58002,102,99,3,3
58003,68,59,9,9
58004,159,143,16,16
58005,91,76,15,15
58006,85,87,-2,2
58007,77,94,-17,17
58008,136,141,-5,5
58009,182,174,8,8
58010,101,102,-1,1
58011,63,62,1,1
58012,89,106,-17,17
58013,78,75,3,3
58014,104,97,7,7
58015,113,123,-10,10
58016,88,84,4,4
58017,87,84,3,3
58018,182,157,25,25
58019,97,93,4,4
58020,123,127,-4,4
58021,93,113,-20,20
58022,77,69,8,8
58023,87,87,0,0
58024,71,76,-5,5
58025,60,52,8,8
58026,95,98,-3,3
58027,92,87,5,5
58028,78,79,-1,1
58029,84,91,-7,7
58030,153,139,14,14
58031,140,141,-1,1
58032,99,91,8,8
58033,57,61,-4,4
58034,83,79,4,4
58035,79,76,3,3
58036,87,88,-1,1
58037,85,106,-21,21
58038,80,66,14,14
58039,69,75,-6,6
58040,68,67,1,1
58041,94,97,-3,3
58042,79,83,-4,4
58043,115,117,-2,2
58044,59,62,-3,3
58045,183,182,1,1
58046,64,64,0,0
58047,109,100,9,9
58048,54,48,6,6
58049,62,61,1,1
58050,69,83,-14,14
58051,62,63,-1,1
58052,71,63,8,8
58053,140,134,6,6
58054,73,71,2,2
58055,124,130,-6,6
58056,86,91,-5,5
58057,142,142,0,0
58058,170,160,10,10
58059,69,67,2,2
58060,124,134,-10,10
58061,123,126,-3,3
58062,104,84,20,20
58063,65,63,2,2
58064,110,110,0,0
58065,80,72,8,8
58066,66,69,-3,3
58067,96,80,16,16
58068,116,123,-7,7
58069,74,64,10,10
58070,59,58,1,1
58071,64,58,6,6
58072,115,119,-4,4
58073,89,81,8,8
58074,136,144,-8,8
58075,51,52,-1,1
58076,73,71,2,2
58077,68,77,-9,9
58078,116,108,8,8
58079,135,134,1,1
58080,29,28,1,1
58081,96,97,-1,1
58082,38,48,-10,10
58083,170,174,-4,4
58084,125,125,0,0
58085,160,143,17,17
58086,108,117,-9,9
58087,144,149,-5,5
58088,70,63,7,7
58089,100,95,5,5
58090,62,65,-3,3
58091,129,128,1,1
58092,99,90,9,9
58093,93,100,-7,7
58094,108,93,15,15
58095,59,53,6,6
58096,43,44,-1,1
58097,119,108,11,11
58098,71,65,6,6
58099,147,172,-25,25
58100,60,57,3,3
58101,79,87,-8,8
58102,64,73,-9,9
58103,73,75,-2,2
58104,105,108,-3,3
58105,80,79,1,1
58106,79,82,-3,3
58107,90,85,5,5
58108,89,83,6,6
58109,73,69,4,4
58110,113,121,-8,8
58111,78,83,-5,5
58112,63,83,-20,20
58113,142,128,14,14
58114,145,152,-7,7
58115,95,100,-5,5
58116,101,104,-3,3
58117,126,112,14,14
58118,154,139,15,15
58119,184,152,32,32
58120,116,126,-10,10
58121,84,84,0,0
58122,129,131,-2,2
58123,74,70,4,4
58124,97,96,1,1
58125,88,110,-22,22
58126,102,109,-7,7
58127,69,74,-5,5
58128,73,83,-10,10
58129,77,69,8,8
58130,98,97,1,1
58131,78,82,-4,4
58132,108,98,10,10
58133,78,81,-3,3
58134,86,92,-6,6
58135,70,66,4,4
58136,70,73,-3,3
58137,78,75,3,3
58138,81,80,1,1
58139,55,65,-10,10
58140,37,41,-4,4
58141,80,83,-3,3
58142,68,74,-6,6
58143,130,133,-3,3
58144,100,97,3,3
58145,71,78,-7,7
58146,97,102,-5,5
58147,147,145,2,2
58148,93,99,-6,6
58149,165,167,-2,2
58150,70,75,-5,5
58151,59,63,-4,4
58152,46,44,2,2
58153,132,112,20,20
58154,90,78,12,12
58155,208,204,4,4
58156,124,138,-14,14
58157,92,105,-13,13
58158,75,82,-7,7
58159,103,109,-6,6
58160,47,54,-7,7
58161,72,66,6,6
58162,65,67,-2,2
58163,107,123,-16,16
58164,131,127,4,4
58165,67,73,-6,6
58166,119,120,-1,1
58167,63,73,-10,10
58168,153,140,13,13
58169,72,75,-3,3
58170,131,141,-10,10
58171,92,80,12,12
58172,70,78,-8,8
58173,93,103,-10,10
58174,48,67,-19,19
58175,75,71,4,4
58176,185,171,14,14
58177,90,93,-3,3
58178,53,53,0,0
58179,130,122,8,8
58180,139,132,7,7
58181,92,94,-2,2
58182,77,129,-52,52
58183,130,115,15,15
58184,88,81,7,7
58185,68,73,-5,5
58186,144,111,33,33
58187,73,79,-6,6
58188,136,134,2,2
58189,115,112,3,3
58190,79,82,-3,3
58191,97,93,4,4
58192,70,69,1,1
58193,76,86,-10,10
58194,110,110,0,0
58195,103,123,-20,20
58196,106,105,1,1
58197,82,81,1,1
58198,82,82,0,0
58199,64,59,5,5
58200,108,111,-3,3
58201,162,150,12,12
58202,64,68,-4,4
58203,42,49,-7,7
58204,128,126,2,2
58205,93,86,7,7
58206,83,74,9,9
58207,75,66,9,9
58208,113,110,3,3
58209,131,130,1,1
58210,70,67,3,3
58211,82,86,-4,4
58212,53,54,-1,1
58213,92,100,-8,8
58214,123,112,11,11
58215,132,125,7,7
58216,71,76,-5,5
58217,83,85,-2,2
58218,52,58,-6,6
58219,102,100,2,2
58220,51,57,-6,6
58221,90,81,9,9
58222,121,142,-21,21
58223,125,122,3,3
58224,66,64,2,2
58225,99,109,-10,10
58226,71,83,-12,12
58227,103,110,-7,7
58228,87,97,-10,10
58229,130,134,-4,4
58230,74,68,6,6
58231,171,170,1,1
58232,146,131,15,15
58233,81,80,1,1
58234,72,71,1,1
58235,81,89,-8,8
58236,58,89,-31,31
58237,111,101,10,10
58238,148,143,5,5
58239,76,80,-4,4
58240,78,80,-2,2
58241,91,95,-4,4
58242,91,94,-3,3
58243,70,88,-18,18
58244,155,140,15,15
58245,89,72,17,17
58246,55,50,5,5
58247,97,86,11,11
58248,71,64,7,7
58249,134,138,-4,4
58250,85,84,1,1
58251,76,76,0,0
58252,98,106,-8,8
58253,51,56,-5,5
58254,111,103,8,8
58255,59,57,2,2
58256,112,110,2,2
58257,43,41,2,2
58258,122,115,7,7
58259,62,86,-24,24
58260,57,58,-1,1
58261,94,96,-2,2
58262,92,90,2,2
58263,113,125,-12,12
58264,125,126,-1,1
58265,98,102,-4,4
58266,58,58,0,0
58267,110,104,6,6
58268,69,70,-1,1
58269,57,64,-7,7
58270,54,53,1,1
58271,69,67,2,2
58272,84,95,-11,11
58273,81,92,-11,11
58274,72,80,-8,8
58275,120,119,1,1
58276,59,63,-4,4
58277,121,111,10,10
58278,54,65,-11,11
58279,62,63,-1,1
58280,83,74,9,9
58281,85,77,8,8
58282,102,112,-10,10
58283,109,106,3,3
58284,128,143,-15,15
58285,128,124,4,4
58286,155,125,30,30
58287,75,81,-6,6
58288,44,38,6,6
58289,106,118,-12,12
58290,122,106,16,16
58291,99,98,1,1
58292,76,73,3,3
58293,93,88,5,5
58294,59,62,-3,3
58295,115,107,8,8
58296,147,146,1,1
58297,104,108,-4,4
58298,56,63,-7,7
58299,119,116,3,3
58300,92,91,1,1
58301,55,55,0,0
58302,70,66,4,4
58303,79,86,-7,7
58304,106,104,2,2
58305,141,152,-11,11
58306,142,134,8,8
58307,100,110,-10,10
58308,71,69,2,2
58309,37,37,0,0
58310,58,61,-3,3
58311,107,110,-3,3
58312,104,105,-1,1
58313,125,123,2,2
58314,95,128,-33,33
58315,164,162,2,2
58316,45,45,0,0
58317,86,81,5,5
58318,101,97,4,4
58319,117,108,9,9
58320,85,114,-29,29
58321,60,61,-1,1
58322,141,148,-7,7
58323,101,101,0,0
58324,113,101,12,12
58325,108,115,-7,7
58326,86,85,1,1
58327,121,117,4,4
58328,165,185,-20,20
58329,58,59,-1,1
58330,165,158,7,7
58331,99,104,-5,5
58332,77,79,-2,2
58333,120,124,-4,4
58334,132,122,10,10
58335,138,121,17,17
58336,104,131,-27,27
58337,59,55,4,4
58338,68,62,6,6
58339,76,79,-3,3
58340,81,96,-15,15
58341,126,119,7,7
58342,125,106,19,19
58343,39,37,2,2
58344,103,75,28,28
58345,64,66,-2,2
58346,120,111,9,9
58347,53,65,-12,12
58348,81,76,5,5
58349,128,117,11,11
58350,75,76,-1,1
58351,67,60,7,7
58352,158,139,19,19
58353,77,89,-12,12
58354,140,137,3,3
58355,75,81,-6,6
58356,114,129,-15,15
58357,82,78,4,4
58358,96,113,-17,17
58359,142,131,11,11
58360,84,96,-12,12
58361,84,68,16,16
58362,69,66,3,3
58363,63,69,-6,6
58364,83,83,0,0
58365,136,141,-5,5
58366,107,106,1,1
58367,95,96,-1,1
58368,157,144,13,13
58369,89,99,-10,10
58370,85,83,2,2
58371,102,101,1,1
58372,103,118,-15,15
58373,88,84,4,4
58374,100,96,4,4
58375,69,64,5,5
58376,84,74,10,10
58377,32,19,13,13
58378,52,58,-6,6
58379,156,140,16,16
58380,71,66,5,5
58381,114,104,10,10
58382,83,89,-6,6
58383,81,77,4,4
58384,164,140,24,24
58385,109,109,0,0
58386,89,98,-9,9
58387,125,116,9,9
58388,82,78,4,4
58389,73,80,-7,7
58390,117,143,-26,26
58391,69,68,1,1
58392,98,98,0,0
58393,114,106,8,8
58394,86,84,2,2
58395,112,103,9,9
58396,96,100,-4,4
58397,113,106,7,7
58398,86,96,-10,10
58399,130,122,8,8
58400,80,81,-1,1
58401,134,139,-5,5
58402,158,163,-5,5
58403,59,58,1,1
58404,55,56,-1,1
58405,87,89,-2,2
58406,42,37,5,5
58407,76,75,1,1
58408,62,66,-4,4
58409,119,120,-1,1
58410,103,99,4,4
58411,172,166,6,6
58412,134,141,-7,7
58413,68,67,1,1
58414,62,61,1,1
58415,57,66,-9,9
58416,147,138,9,9
58417,93,91,2,2
58418,116,111,5,5
58419,161,154,7,7
58420,79,97,-18,18
58421,148,141,7,7
58422,118,119,-1,1
58423,46,53,-7,7
58424,130,135,-5,5
58425,163,156,7,7
58426,56,55,1,1
58427,74,80,-6,6
58428,66,72,-6,6
58429,84,81,3,3
58430,76,85,-9,9
58431,88,88,0,0
58432,69,76,-7,7
58433,60,65,-5,5
58434,75,75,0,0
58435,164,151,13,13
58436,71,85,-14,14
58437,125,112,13,13
58438,86,91,-5,5
58439,62,57,5,5
58440,82,83,-1,1
58441,55,59,-4,4
58442,58,70,-12,12
58443,52,65,-13,13
58444,107,99,8,8
58445,82,96,-14,14
58446,118,135,-17,17
58447,104,103,1,1
58448,65,65,0,0
58449,148,156,-8,8
58450,104,115,-11,11
58451,189,174,15,15
58452,126,133,-7,7
58453,92,97,-5,5
58454,122,118,4,4
58455,75,82,-7,7
58456,99,100,-1,1
58457,99,101,-2,2
58458,154,153,1,1
58459,89,97,-8,8
58460,145,145,0,0
58461,81,70,11,11
58462,146,157,-11,11
58463,171,176,-5,5
58464,52,58,-6,6
58465,81,79,2,2
58466,102,110,-8,8
58467,137,143,-6,6
58468,43,44,-1,1
58469,93,112,-19,19
58470,62,64,-2,2
58471,110,102,8,8
58472,78,76,2,2
58473,112,122,-10,10
58474,64,70,-6,6
58475,52,50,2,2
58476,51,69,-18,18
58477,71,80,-9,9
58478,62,59,3,3
58479,54,41,13,13
58480,81,59,22,22
58481,156,133,23,23
58482,76,79,-3,3
58483,74,69,5,5
58484,63,68,-5,5
58485,59,54,5,5
58486,45,45,0,0
58487,127,114,13,13
58488,110,102,8,8
58489,68,65,3,3
58490,89,93,-4,4
58491,64,66,-2,2
58492,116,128,-12,12
58493,68,68,0,0
58494,211,214,-3,3
58495,93,89,4,4
58496,79,84,-5,5
58497,84,80,4,4
58498,73,75,-2,2
58499,82,78,4,4
58500,80,105,-25,25
58501,75,77,-2,2
58502,83,91,-8,8
58503,123,123,0,0
58504,52,50,2,2
58505,133,126,7,7
58506,90,92,-2,2
58507,70,66,4,4
58508,74,84,-10,10
58509,84,86,-2,2
58510,90,93,-3,3
58511,92,100,-8,8
58512,55,45,10,10
58513,62,69,-7,7
58514,120,116,4,4
58515,84,88,-4,4
58516,83,87,-4,4
58517,95,115,-20,20
58518,79,76,3,3
58519,89,95,-6,6
58520,149,151,-2,2
58521,81,108,-27,27
58522,91,96,-5,5
58523,87,80,7,7
58524,76,81,-5,5
58525,45,45,0,0
58526,226,215,11,11
58527,125,121,4,4
58528,148,157,-9,9
58529,60,52,8,8
58530,134,142,-8,8
58531,165,152,13,13
58532,129,125,4,4
58533,65,62,3,3
58534,89,85,4,4
58535,95,104,-9,9
58536,83,85,-2,2
58537,79,76,3,3
58538,111,109,2,2
58539,83,79,4,4
58540,121,119,2,2
58541,97,107,-10,10
58542,114,118,-4,4
58543,55,53,2,2
58544,118,108,10,10
58545,95,85,10,10
58546,80,71,9,9
58547,112,107,5,5
58548,127,122,5,5
58549,140,132,8,8
58550,100,173,-73,73
58551,50,51,-1,1
58552,130,125,5,5
58553,77,73,4,4
58554,86,98,-12,12
58555,117,103,14,14
58556,163,161,2,2
58557,78,78,0,0
58558,118,110,8,8
58559,110,114,-4,4
58560,93,85,8,8
58561,76,89,-13,13
58562,71,69,2,2
58563,85,85,0,0
58564,39,45,-6,6
58565,77,90,-13,13
58566,57,54,3,3
58567,68,68,0,0
58568,74,74,0,0
58569,80,76,4,4
58570,86,93,-7,7
58571,55,55,0,0
58572,129,117,12,12
58573,181,176,5,5
58574,71,73,-2,2
58575,106,131,-25,25
58576,43,45,-2,2
58577,157,148,9,9
58578,68,64,4,4
58579,134,127,7,7
58580,137,150,-13,13
58581,71,77,-6,6
58582,48,44,4,4
58583,45,54,-9,9
58584,75,78,-3,3
58585,67,79,-12,12
58586,108,112,-4,4
58587,81,78,3,3
58588,94,94,0,0
58589,229,228,1,1
58590,58,65,-7,7
58591,75,75,0,0
58592,97,110,-13,13
58593,142,141,1,1
58594,196,148,48,48
58595,78,80,-2,2
58596,101,118,-17,17
58597,100,97,3,3
58598,82,77,5,5
58599,100,100,0,0
58600,81,87,-6,6
58601,81,91,-10,10
58602,106,142,-36,36
58603,74,67,7,7
58604,77,89,-12,12
58605,124,123,1,1
58606,35,35,0,0
58607,76,85,-9,9
58608,106,104,2,2
58609,83,88,-5,5
58610,82,88,-6,6
58611,77,80,-3,3
58612,113,113,0,0
58613,86,80,6,6
58614,115,101,14,14
58615,98,93,5,5
58616,69,79,-10,10
58617,90,98,-8,8
58618,99,98,1,1
58619,59,65,-6,6
58620,109,100,9,9
58621,72,80,-8,8
58622,130,129,1,1
58623,118,128,-10,10
58624,113,115,-2,2
58625,98,94,4,4
58626,102,96,6,6
58627,142,126,16,16
58628,95,108,-13,13
58629,89,88,1,1
58630,45,74,-29,29
58631,35,45,-10,10
58632,54,60,-6,6
58633,102,94,8,8
58634,27,29,-2,2
58635,66,61,5,5
58636,35,47,-12,12
58637,115,102,13,13
58638,148,153,-5,5
58639,98,88,10,10
58640,115,120,-5,5
58641,79,88,-9,9
58642,84,84,0,0
58643,147,145,2,2
58644,79,75,4,4
58645,62,60,2,2
58646,95,85,10,10
58647,71,78,-7,7
58648,66,69,-3,3
58649,84,91,-7,7
58650,142,134,8,8
58651,142,130,12,12
58652,91,88,3,3
58653,102,118,-16,16
58654,105,132,-27,27
58655,66,63,3,3
58656,83,93,-10,10
58657,63,61,2,2
58658,66,71,-5,5
58659,109,128,-19,19
58660,71,73,-2,2
58661,92,92,0,0
58662,139,148,-9,9
58663,117,122,-5,5
58664,120,123,-3,3
58665,94,103,-9,9
58666,99,102,-3,3
58667,58,56,2,2
58668,129,155,-26,26
58669,66,74,-8,8
58670,126,94,32,32
58671,111,121,-10,10
58672,54,47,7,7
58673,153,128,25,25
58674,82,87,-5,5
58675,56,62,-6,6
58676,59,65,-6,6
58677,146,149,-3,3
58678,64,66,-2,2
58679,56,49,7,7
58680,60,59,1,1
58681,21,43,-22,22
58682,132,133,-1,1
58683,85,92,-7,7
58684,113,108,5,5
58685,81,79,2,2
58686,110,112,-2,2
58687,98,98,0,0
58688,86,97,-11,11
58689,102,105,-3,3
58690,129,150,-21,21
58691,89,83,6,6
58692,121,122,-1,1
58693,104,105,-1,1
58694,63,57,6,6
58695,138,127,11,11
58696,119,136,-17,17
58697,92,98,-6,6
58698,113,111,2,2
58699,97,90,7,7
58700,162,155,7,7
58701,41,48,-7,7
58702,112,106,6,6
58703,124,120,4,4
58704,76,79,-3,3
58705,116,113,3,3
58706,86,83,3,3
58707,69,66,3,3
58708,99,104,-5,5
58709,65,69,-4,4
58710,70,82,-12,12
58711,111,101,10,10
58712,79,73,6,6
58713,92,95,-3,3
58714,92,83,9,9
58715,126,122,4,4
58716,109,111,-2,2
58717,65,73,-8,8
58718,79,79,0,0
58719,160,154,6,6
58720,75,85,-10,10
58721,95,91,4,4
58722,97,91,6,6
58723,102,103,-1,1
58724,75,71,4,4
58725,119,129,-10,10
58726,31,25,6,6
58727,137,117,20,20
58728,99,119,-20,20
58729,135,126,9,9
58730,143,144,-1,1
58731,128,134,-6,6
58732,135,131,4,4
58733,56,54,2,2
58734,79,72,7,7
58735,157,136,21,21
58736,103,115,-12,12
58737,147,139,8,8
58738,78,78,0,0
58739,124,122,2,2
58740,57,57,0,0
58741,63,79,-16,16
58742,79,73,6,6
58743,87,91,-4,4
58744,105,99,6,6
58745,119,107,12,12
58746,41,46,-5,5
58747,62,71,-9,9
58748,148,147,1,1
58749,113,118,-5,5
58750,236,219,17,17
58751,49,51,-2,2
58752,78,93,-15,15
58753,105,111,-6,6
58754,136,140,-4,4
58755,93,93,0,0
58756,55,59,-4,4
58757,87,91,-4,4
58758,67,81,-14,14
58759,113,104,9,9
58760,52,52,0,0
58761,102,144,-42,42
58762,149,140,9,9
58763,65,79,-14,14
58764,106,100,6,6
58765,88,83,5,5
58766,175,156,19,19
58767,116,114,2,2
58768,128,127,1,1
58769,86,84,2,2
58770,154,133,21,21
58771,93,89,4,4
58772,65,98,-33,33
58773,119,123,-4,4
58774,81,72,9,9
58775,93,131,-38,38
58776,77,84,-7,7
58777,144,118,26,26
58778,105,109,-4,4
58779,111,83,28,28
58780,143,117,26,26
58781,96,98,-2,2
58782,86,95,-9,9
58783,78,73,5,5
58784,136,135,1,1
58785,82,87,-5,5
58786,91,88,3,3
58787,83,87,-4,4
58788,106,121,-15,15
58789,94,97,-3,3
58790,99,110,-11,11
58791,78,75,3,3
58792,154,143,11,11
58793,77,62,15,15
58794,184,172,12,12
58795,192,181,11,11
58796,77,72,5,5
58797,105,114,-9,9
58798,62,65,-3,3
58799,103,97,6,6
58800,59,64,-5,5
58801,77,76,1,1
58802,155,159,-4,4
58803,90,87,3,3
58804,98,122,-24,24
58805,93,90,3,3
58806,132,135,-3,3
58807,115,116,-1,1
58808,67,71,-4,4
58809,198,191,7,7
58810,90,89,1,1
58811,114,115,-1,1
58812,108,110,-2,2
58813,77,84,-7,7
58814,114,130,-16,16
58815,126,144,-18,18
58816,86,86,0,0
58817,67,68,-1,1
58818,108,108,0,0
58819,92,99,-7,7
58820,123,124,-1,1
58821,96,107,-11,11
58822,64,64,0,0
58823,166,151,15,15
58824,218,202,16,16
58825,89,95,-6,6
58826,76,79,-3,3
58827,69,71,-2,2
58828,122,120,2,2
58829,115,115,0,0
58830,87,107,-20,20
58831,119,121,-2,2
58832,95,87,8,8
58833,82,80,2,2
58834,57,60,-3,3
58835,100,106,-6,6
58836,86,72,14,14
58837,101,96,5,5
58838,65,58,7,7
58839,106,107,-1,1
58840,75,71,4,4
58841,142,135,7,7
58842,81,76,5,5
58843,77,83,-6,6
58844,59,51,8,8
58845,130,115,15,15
58846,100,86,14,14
58847,92,105,-13,13
58848,55,65,-10,10
58849,101,130,-29,29
58850,66,56,10,10
58851,108,105,3,3
58852,83,84,-1,1
58853,69,64,5,5
58854,140,133,7,7
58855,87,84,3,3
58856,96,99,-3,3
58857,167,152,15,15
58858,72,70,2,2
58859,88,95,-7,7
58860,124,113,11,11
58861,91,99,-8,8
58862,51,53,-2,2
58863,87,78,9,9
58864,92,101,-9,9
58865,58,54,4,4
58866,45,44,1,1
58867,95,87,8,8
58868,134,125,9,9
58869,91,93,-2,2
58870,121,115,6,6
58871,51,43,8,8
58872,58,54,4,4
58873,48,54,-6,6
58874,75,83,-8,8
58875,46,50,-4,4
58876,56,57,-1,1
58877,87,85,2,2
58878,47,64,-17,17
58879,88,89,-1,1
58880,112,110,2,2
58881,56,62,-6,6
58882,104,103,1,1
58883,61,61,0,0
58884,96,98,-2,2
58885,113,112,1,1
58886,66,66,0,0
58887,153,148,5,5
58888,115,124,-9,9
58889,100,98,2,2
58890,73,72,1,1
58891,89,79,10,10
58892,101,109,-8,8
58893,82,93,-11,11
58894,89,101,-12,12
58895,94,100,-6,6
58896,93,87,6,6
58897,113,113,0,0
58898,129,126,3,3
58899,68,63,5,5
58900,68,65,3,3
58901,94,93,1,1
58902,157,144,13,13
58903,99,97,2,2
58904,54,67,-13,13
58905,123,117,6,6
58906,94,88,6,6
58907,183,179,4,4
58908,74,70,4,4
58909,59,60,-1,1
58910,173,150,23,23
58911,122,116,6,6
58912,75,79,-4,4
58913,77,85,-8,8
58914,63,65,-2,2
58915,90,98,-8,8
58916,56,57,-1,1
58917,82,86,-4,4
58918,86,103,-17,17
58919,149,149,0,0
58920,108,107,1,1
58921,73,73,0,0
58922,67,69,-2,2
58923,93,94,-1,1
58924,55,49,6,6
58925,108,113,-5,5
58926,118,103,15,15
58927,30,21,9,9
58928,70,38,32,32
58929,94,101,-7,7
58930,84,70,14,14
58931,77,72,5,5
58932,64,62,2,2
58933,103,110,-7,7
58934,93,112,-19,19
58935,91,86,5,5
58936,65,71,-6,6
58937,108,103,5,5
58938,117,110,7,7
58939,45,40,5,5
58940,113,124,-11,11
58941,70,64,6,6
58942,75,95,-20,20
58943,79,81,-2,2
58944,59,56,3,3
58945,59,57,2,2
58946,42,60,-18,18
58947,96,73,23,23
58948,109,104,5,5
58949,95,104,-9,9
58950,126,134,-8,8
58951,89,93,-4,4
58952,99,103,-4,4
58953,145,132,13,13
58954,108,112,-4,4
58955,84,86,-2,2
58956,82,86,-4,4
58957,171,164,7,7
58958,103,100,3,3
58959,118,114,4,4
58960,180,159,21,21
58961,61,67,-6,6
58962,163,153,10,10
58963,135,148,-13,13
58964,152,143,9,9
58965,109,93,16,16
58966,61,68,-7,7
58967,108,116,-8,8
58968,181,177,4,4
58969,104,116,-12,12
58970,105,102,3,3
58971,68,72,-4,4
58972,116,137,-21,21
58973,144,136,8,8
58974,85,76,9,9
58975,141,153,-12,12
58976,152,156,-4,4
58977,114,120,-6,6
58978,143,141,2,2
58979,155,155,0,0
58980,191,169,22,22
58981,102,101,1,1
58982,77,74,3,3
58983,97,102,-5,5
58984,85,97,-12,12
58985,82,79,3,3
58986,83,77,6,6
58987,64,63,1,1
58988,135,141,-6,6
58989,86,84,2,2
58990,59,51,8,8
58991,71,63,8,8
58992,65,40,25,25
58993,134,122,12,12
58994,85,89,-4,4
58995,159,152,7,7
58996,145,148,-3,3
58997,66,65,1,1
58998,71,76,-5,5
58999,154,140,14,14
59000,159,168,-9,9
59001,50,49,1,1
59002,95,103,-8,8
59003,81,77,4,4
59004,128,115,13,13
59005,79,80,-1,1
59006,93,94,-1,1
59007,156,154,2,2
59008,107,117,-10,10
59009,48,52,-4,4
59010,49,50,-1,1
59011,52,107,-55,55
59012,43,40,3,3
59013,166,155,11,11
59014,59,64,-5,5
59015,97,86,11,11
59016,143,149,-6,6
59017,107,110,-3,3
59018,122,117,5,5
59019,77,74,3,3
59020,77,89,-12,12
59021,52,50,2,2
59022,70,64,6,6
59023,93,93,0,0
59024,93,103,-10,10
59025,110,110,0,0
59026,53,57,-4,4
59027,67,68,-1,1
59028,185,177,8,8
59029,90,79,11,11
59030,107,102,5,5
59031,148,153,-5,5
59032,119,119,0,0
59033,95,107,-12,12
59034,112,101,11,11
59035,171,179,-8,8
59036,110,88,22,22
59037,76,78,-2,2
59038,99,94,5,5
59039,94,109,-15,15
59040,107,109,-2,2
59041,73,76,-3,3
59042,133,120,13,13
59043,70,86,-16,16
59044,80,69,11,11
59045,149,142,7,7
59046,78,48,30,30
59047,95,96,-1,1
59048,79,89,-10,10
59049,42,51,-9,9
59050,73,81,-8,8
59051,346,277,69,69
59052,70,48,22,22
59053,75,77,-2,2
59054,144,149,-5,5
59055,63,64,-1,1
59056,80,83,-3,3
59057,124,119,5,5
59058,69,67,2,2
59059,99,100,-1,1
59060,140,113,27,27
59061,117,122,-5,5
59062,58,46,12,12
59063,84,86,-2,2
59064,47,45,2,2
59065,86,84,2,2
59066,52,59,-7,7
59067,77,82,-5,5
59068,69,67,2,2
59069,107,102,5,5
59070,118,94,24,24
59071,81,95,-14,14
59072,109,105,4,4
59073,97,109,-12,12
59074,85,92,-7,7
59075,81,84,-3,3
59076,65,57,8,8
59077,101,116,-15,15
59078,90,104,-14,14
59079,68,72,-4,4
59080,59,54,5,5
59081,97,102,-5,5
59082,104,100,4,4
59083,52,51,1,1
59084,58,61,-3,3
59085,64,72,-8,8
59086,92,93,-1,1
59087,179,152,27,27
59088,112,106,6,6
59089,100,114,-14,14
59090,60,60,0,0
59091,102,106,-4,4
59092,111,105,6,6
59093,100,95,5,5
59094,80,85,-5,5
59095,89,91,-2,2
59096,124,135,-11,11
59097,70,75,-5,5
59098,85,93,-8,8
59099,79,85,-6,6
59100,74,70,4,4
59101,66,83,-17,17
59102,75,74,1,1
59103,83,81,2,2
59104,65,71,-6,6
59105,119,127,-8,8
59106,102,109,-7,7
59107,81,82,-1,1
59108,77,73,4,4
59109,81,79,2,2
59110,94,102,-8,8
59111,103,105,-2,2
59112,104,100,4,4
59113,118,114,4,4
59114,90,87,3,3
59115,71,76,-5,5
59116,114,108,6,6
59117,120,98,22,22
59118,85,80,5,5
59119,79,83,-4,4
59120,49,38,11,11
59121,74,70,4,4
59122,99,98,1,1
59123,106,131,-25,25
59124,89,93,-4,4
59125,21,37,-16,16
59126,114,110,4,4
59127,90,104,-14,14
59128,129,124,5,5
59129,64,60,4,4
59130,44,46,-2,2
59131,150,130,20,20
59132,136,138,-2,2
59133,119,118,1,1
59134,68,82,-14,14
59135,87,106,-19,19
59136,66,75,-9,9
59137,103,106,-3,3
59138,117,116,1,1
59139,111,101,10,10
59140,112,92,20,20
59141,101,109,-8,8
59142,143,141,2,2
59143,81,81,0,0
59144,180,155,25,25
59145,61,62,-1,1
59146,131,129,2,2
59147,70,85,-15,15
59148,107,111,-4,4
59149,135,120,15,15
59150,92,88,4,4
59151,81,87,-6,6
59152,108,107,1,1
59153,90,90,0,0
59154,86,83,3,3
59155,127,120,7,7
59156,47,50,-3,3
59157,130,123,7,7
59158,84,93,-9,9
59159,79,77,2,2
59160,91,94,-3,3
59161,120,120,0,0
59162,80,80,0,0
59163,59,61,-2,2
59164,81,92,-11,11
59165,143,148,-5,5
59166,117,103,14,14
59167,143,145,-2,2
59168,154,130,24,24
59169,57,59,-2,2
59170,69,68,1,1
59171,44,45,-1,1
59172,84,96,-12,12
59173,96,97,-1,1
59174,80,65,15,15
59175,61,78,-17,17
59176,64,89,-25,25
59177,67,71,-4,4
59178,108,109,-1,1
59179,87,90,-3,3
59180,87,75,12,12
59181,112,102,10,10
59182,147,133,14,14
59183,143,143,0,0
59184,124,147,-23,23
59185,160,155,5,5
59186,109,103,6,6
59187,71,70,1,1
59188,138,131,7,7
59189,76,76,0,0
59190,96,93,3,3
59191,94,92,2,2
59192,44,47,-3,3
59193,83,92,-9,9
59194,49,52,-3,3
59195,75,89,-14,14
59196,104,114,-10,10
59197,75,78,-3,3
59198,93,94,-1,1
59199,96,107,-11,11
59200,81,89,-8,8
59201,80,76,4,4
59202,97,77,20,20
59203,65,69,-4,4
59204,46,51,-5,5
59205,79,84,-5,5
59206,88,92,-4,4
59207,62,70,-8,8
59208,84,79,5,5
59209,70,72,-2,2
59210,129,135,-6,6
59211,104,78,26,26
59212,116,119,-3,3
59213,126,114,12,12
59214,95,105,-10,10
59215,66,64,2,2
59216,81,80,1,1
59217,133,121,12,12
59218,95,94,1,1
59219,151,141,10,10
59220,88,90,-2,2
59221,110,118,-8,8
59222,69,49,20,20
59223,106,99,7,7
59224,64,74,-10,10
59225,126,108,18,18
59226,41,42,-1,1
59227,97,104,-7,7
59228,46,64,-18,18
59229,52,69,-17,17
59230,66,58,8,8
59231,81,80,1,1
59232,81,84,-3,3
59233,85,82,3,3
59234,35,38,-3,3
59235,118,110,8,8
59236,94,94,0,0
59237,92,96,-4,4
59238,55,53,2,2
59239,99,107,-8,8
59240,68,74,-6,6
59241,56,55,1,1
59242,97,103,-6,6
59243,110,120,-10,10
59244,152,137,15,15
59245,40,49,-9,9
59246,52,60,-8,8
59247,169,171,-2,2
59248,160,145,15,15
59249,78,76,2,2
59250,77,87,-10,10
59251,40,45,-5,5
59252,93,121,-28,28
59253,115,107,8,8
59254,108,110,-2,2
59255,69,66,3,3
59256,126,154,-28,28
59257,133,142,-9,9
59258,116,114,2,2
59259,76,72,4,4
59260,42,47,-5,5
59261,74,80,-6,6
59262,145,146,-1,1
59263,72,68,4,4
59264,103,114,-11,11
59265,67,71,-4,4
59266,139,120,19,19
59267,93,91,2,2
59268,112,103,9,9
59269,176,176,0,0
59270,70,74,-4,4
59271,158,112,46,46
59272,71,76,-5,5
59273,47,42,5,5
59274,93,92,1,1
59275,57,66,-9,9
59276,75,68,7,7
59277,62,73,-11,11
59278,104,129,-25,25
59279,143,145,-2,2
59280,83,79,4,4
59281,75,72,3,3
59282,92,94,-2,2
59283,60,65,-5,5
59284,117,121,-4,4
59285,64,65,-1,1
59286,61,64,-3,3
59287,87,79,8,8
59288,175,174,1,1
59289,58,47,11,11
59290,77,76,1,1
59291,96,81,15,15
59292,120,131,-11,11
59293,176,163,13,13
59294,132,135,-3,3
59295,67,68,-1,1
59296,73,75,-2,2
59297,120,137,-17,17
59298,71,76,-5,5
59299,63,60,3,3
59300,74,68,6,6
59301,35,58,-23,23
59302,129,111,18,18
59303,132,139,-7,7
59304,75,79,-4,4
59305,122,120,2,2
59306,89,94,-5,5
59307,90,90,0,0
59308,71,76,-5,5
59309,92,83,9,9
59310,184,171,13,13
59311,59,97,-38,38
59312,90,93,-3,3
59313,100,109,-9,9
59314,83,83,0,0
59315,83,86,-3,3
59316,78,88,-10,10
59317,106,112,-6,6
59318,107,116,-9,9
59319,45,50,-5,5
59320,82,81,1,1
59321,85,100,-15,15
59322,109,88,21,21
59323,70,73,-3,3
59324,70,73,-3,3
59325,109,122,-13,13
59326,62,58,4,4
59327,63,71,-8,8
59328,67,74,-7,7
59329,38,38,0,0
59330,45,41,4,4
59331,111,98,13,13
59332,99,115,-16,16
59333,52,62,-10,10
59334,93,92,1,1
59335,103,120,-17,17
59336,86,90,-4,4
59337,69,72,-3,3
59338,52,79,-27,27
59339,215,180,35,35
59340,90,92,-2,2
59341,54,56,-2,2
59342,110,110,0,0
59343,97,89,8,8
59344,150,120,30,30
59345,142,145,-3,3
59346,57,73,-16,16
59347,116,111,5,5
59348,177,169,8,8
59349,109,106,3,3
59350,78,80,-2,2
59351,79,80,-1,1
59352,51,57,-6,6
59353,80,91,-11,11
59354,99,110,-11,11
59355,49,45,4,4
59356,153,150,3,3
59357,174,163,11,11
59358,100,99,1,1
59359,147,145,2,2
59360,75,92,-17,17
59361,138,130,8,8
59362,78,69,9,9
59363,77,88,-11,11
59364,93,86,7,7
59365,148,136,12,12
59366,176,153,23,23
59367,74,78,-4,4
59368,178,173,5,5
59369,107,120,-13,13
59370,103,95,8,8
59371,125,125,0,0
59372,119,121,-2,2
59373,98,97,1,1
59374,69,65,4,4
59375,72,70,2,2
59376,81,103,-22,22
59377,54,60,-6,6
59378,110,114,-4,4
59379,84,85,-1,1
59380,148,151,-3,3
59381,61,55,6,6
59382,94,102,-8,8
59383,79,93,-14,14
59384,77,77,0,0
59385,83,82,1,1
59386,102,92,10,10
59387,99,99,0,0
59388,104,96,8,8
59389,128,137,-9,9
59390,73,80,-7,7
59391,85,84,1,1
59392,123,130,-7,7
59393,87,105,-18,18
59394,135,101,34,34
59395,71,65,6,6
59396,81,95,-14,14
59397,64,61,3,3
59398,71,68,3,3
59399,105,102,3,3
59400,59,52,7,7
59401,140,133,7,7
59402,161,155,6,6
59403,100,91,9,9
59404,89,87,2,2
59405,64,67,-3,3
59406,154,146,8,8
59407,167,142,25,25
59408,178,160,18,18
59409,88,77,11,11
59410,79,100,-21,21
59411,72,82,-10,10
59412,85,84,1,1
59413,92,91,1,1
59414,71,79,-8,8
59415,60,63,-3,3
59416,66,62,4,4
59417,95,85,10,10
59418,82,79,3,3
59419,82,97,-15,15
59420,91,85,6,6
59421,121,128,-7,7
59422,78,76,2,2
59423,148,155,-7,7
59424,95,98,-3,3
59425,138,139,-1,1
59426,61,58,3,3
59427,66,70,-4,4
59428,83,79,4,4
59429,61,69,-8,8
59430,60,58,2,2
59431,56,65,-9,9
59432,127,129,-2,2
59433,62,57,5,5
59434,133,143,-10,10
59435,79,77,2,2
59436,123,98,25,25
59437,53,54,-1,1
59438,79,84,-5,5
59439,126,118,8,8
59440,117,145,-28,28
59441,136,134,2,2
59442,81,105,-24,24
59443,105,130,-25,25
59444,118,122,-4,4
59445,66,54,12,12
59446,59,43,16,16
59447,129,131,-2,2
59448,93,105,-12,12
59449,87,91,-4,4
59450,45,53,-8,8
59451,64,60,4,4
59452,121,131,-10,10
59453,168,154,14,14
59454,81,78,3,3
59455,99,91,8,8
59456,117,105,12,12
59457,95,87,8,8
59458,66,72,-6,6
59459,122,111,11,11
59460,112,124,-12,12
59461,71,80,-9,9
59462,172,175,-3,3
59463,108,111,-3,3
59464,85,84,1,1
59465,130,132,-2,2
59466,64,64,0,0
59467,74,84,-10,10
59468,63,68,-5,5
59469,145,137,8,8
59470,95,99,-4,4
59471,138,141,-3,3
59472,105,106,-1,1
59473,51,60,-9,9
59474,109,127,-18,18
59475,91,114,-23,23
59476,70,60,10,10
59477,129,132,-3,3
59478,106,86,20,20
59479,82,85,-3,3
59480,54,58,-4,4
59481,151,158,-7,7
59482,120,119,1,1
59483,151,142,9,9
59484,96,102,-6,6
59485,62,67,-5,5
59486,165,157,8,8
59487,138,131,7,7
59488,128,135,-7,7
59489,80,74,6,6
59490,94,97,-3,3
59491,86,97,-11,11
59492,130,131,-1,1
59493,154,150,4,4
59494,81,93,-12,12
59495,152,146,6,6
59496,52,68,-16,16
59497,65,68,-3,3
59498,109,92,17,17
59499,72,72,0,0
59500,103,96,7,7
59501,112,107,5,5
59502,65,75,-10,10
59503,77,82,-5,5
59504,189,197,-8,8
59505,178,173,5,5
59506,48,45,3,3
59507,145,145,0,0
59508,47,68,-21,21
59509,146,142,4,4
59510,118,125,-7,7
59511,78,77,1,1
59512,93,103,-10,10
59513,72,74,-2,2
59514,86,94,-8,8
59515,118,104,14,14
59516,87,91,-4,4
59517,42,39,3,3
59518,87,98,-11,11
59519,87,90,-3,3
59520,159,159,0,0
59521,96,101,-5,5
59522,50,56,-6,6
59523,76,93,-17,17
59524,111,127,-16,16
59525,140,135,5,5
59526,133,121,12,12
59527,89,101,-12,12
59528,94,95,-1,1
59529,60,55,5,5
59530,67,71,-4,4
59531,166,144,22,22
59532,74,77,-3,3
59533,88,94,-6,6
59534,113,111,2,2
59535,114,117,-3,3
59536,98,91,7,7
59537,52,61,-9,9
59538,109,108,1,1
59539,51,58,-7,7
59540,92,91,1,1
59541,79,86,-7,7
59542,65,73,-8,8
59543,80,85,-5,5
59544,130,121,9,9
59545,90,111,-21,21
59546,108,93,15,15
59547,84,92,-8,8
59548,160,168,-8,8
59549,53,53,0,0
59550,62,68,-6,6
59551,65,78,-13,13
59552,65,69,-4,4
59553,61,59,2,2
59554,35,36,-1,1
59555,113,112,1,1
59556,69,77,-8,8
59557,56,51,5,5
59558,103,119,-16,16
59559,76,78,-2,2
59560,106,119,-13,13
59561,157,147,10,10
59562,150,145,5,5
59563,79,77,2,2
59564,94,92,2,2
59565,59,59,0,0
59566,135,151,-16,16
59567,91,112,-21,21
59568,129,123,6,6
59569,80,79,1,1
59570,58,57,1,1
59571,96,90,6,6
59572,160,158,2,2
59573,80,74,6,6
59574,55,56,-1,1
59575,101,101,0,0
59576,85,68,17,17
59577,68,67,1,1
59578,95,108,-13,13
59579,110,116,-6,6
59580,75,60,15,15
59581,73,78,-5,5
59582,90,93,-3,3
59583,78,73,5,5
59584,148,145,3,3
59585,94,92,2,2
59586,64,68,-4,4
59587,186,155,31,31
59588,40,48,-8,8
59589,74,78,-4,4
59590,140,134,6,6
59591,103,95,8,8
59592,179,142,37,37
59593,209,166,43,43
59594,114,120,-6,6
59595,44,61,-17,17
59596,84,80,4,4
59597,55,58,-3,3
59598,150,147,3,3
59599,64,57,7,7
59600,61,65,-4,4
59601,89,88,1,1
59602,129,120,9,9
59603,61,63,-2,2
59604,125,116,9,9
59605,129,131,-2,2
59606,94,99,-5,5
59607,86,78,8,8
59608,124,124,0,0
59609,45,57,-12,12
59610,131,122,9,9
59611,89,95,-6,6
59612,140,146,-6,6
59613,85,90,-5,5
59614,178,179,-1,1
59615,120,123,-3,3
59616,135,127,8,8
59617,72,69,3,3
59618,45,48,-3,3
59619,63,60,3,3
59620,62,71,-9,9
59621,87,91,-4,4
59622,165,170,-5,5
59623,107,125,-18,18
59624,69,81,-12,12
59625,94,91,3,3
59626,58,61,-3,3
59627,105,101,4,4
59628,115,113,2,2
59629,92,88,4,4
59630,80,79,1,1
59631,154,174,-20,20
59632,61,56,5,5
59633,115,122,-7,7
59634,52,58,-6,6
59635,69,73,-4,4
59636,58,66,-8,8
59637,92,99,-7,7
59638,56,61,-5,5
59639,94,125,-31,31
59640,70,76,-6,6
59641,126,102,24,24
59642,77,77,0,0
59643,77,73,4,4
59644,160,157,3,3
59645,69,74,-5,5
59646,73,78,-5,5
59647,72,77,-5,5
59648,72,70,2,2
59649,124,120,4,4
59650,78,75,3,3
59651,81,81,0,0
59652,156,159,-3,3
59653,67,56,11,11
59654,118,114,4,4
59655,79,74,5,5
59656,81,77,4,4
59657,87,70,17,17
59658,57,70,-13,13
59659,70,194,-124,124
59660,147,107,40,40
59661,141,130,11,11
59662,42,61,-19,19
59663,89,99,-10,10
59664,94,108,-14,14
59665,103,106,-3,3
59666,100,102,-2,2
59667,56,53,3,3
59668,85,98,-13,13
59669,77,76,1,1
59670,89,85,4,4
59671,125,144,-19,19
59672,41,43,-2,2
59673,135,121,14,14
59674,70,78,-8,8
59675,51,49,2,2
59676,86,96,-10,10
59677,100,101,-1,1
59678,103,132,-29,29
59679,62,66,-4,4
59680,153,141,12,12
59681,173,174,-1,1
59682,137,158,-21,21
59683,107,107,0,0
59684,161,153,8,8
59685,139,145,-6,6
59686,62,54,8,8
59687,71,74,-3,3
59688,104,121,-17,17
59689,115,110,5,5
59690,144,145,-1,1
59691,76,77,-1,1
59692,168,164,4,4
59693,76,74,2,2
59694,78,86,-8,8
59695,94,123,-29,29
59696,92,74,18,18
59697,96,89,7,7
59698,131,123,8,8
59699,93,96,-3,3
59700,93,87,6,6
59701,60,65,-5,5
59702,78,65,13,13
59703,72,74,-2,2
59704,141,91,50,50
59705,116,110,6,6
59706,83,95,-12,12
59707,78,92,-14,14
59708,79,76,3,3
59709,113,118,-5,5
59710,46,48,-2,2
59711,93,100,-7,7
59712,99,90,9,9
59713,103,110,-7,7
59714,98,91,7,7
59715,113,109,4,4
59716,121,132,-11,11
59717,58,63,-5,5
59718,92,92,0,0
59719,89,101,-12,12
59720,99,100,-1,1
59721,89,92,-3,3
59722,79,87,-8,8
59723,138,131,7,7
59724,79,80,-1,1
59725,73,82,-9,9
59726,88,89,-1,1
59727,73,88,-15,15
59728,95,108,-13,13
59729,104,106,-2,2
59730,77,72,5,5
59731,54,61,-7,7
59732,128,127,1,1
59733,88,94,-6,6
59734,89,89,0,0
59735,100,106,-6,6
59736,132,128,4,4
59737,73,82,-9,9
59738,69,74,-5,5
59739,88,81,7,7
59740,127,127,0,0
59741,135,139,-4,4
59742,71,68,3,3
59743,133,129,4,4
59744,98,98,0,0
59745,96,84,12,12
59746,121,115,6,6
59747,110,104,6,6
59748,63,73,-10,10
59749,149,129,20,20
59750,75,79,-4,4
59751,61,69,-8,8
59752,203,168,35,35
59753,106,104,2,2
59754,90,88,2,2
59755,111,96,15,15
59756,98,90,8,8
59757,70,87,-17,17
59758,77,72,5,5
59759,65,68,-3,3
59760,110,119,-9,9
59761,82,107,-25,25
59762,135,135,0,0
59763,133,128,5,5
59764,93,93,0,0
59765,96,105,-9,9
59766,83,92,-9,9
59767,83,82,1,1
59768,114,106,8,8
59769,169,177,-8,8
59770,83,55,28,28
59771,87,91,-4,4
59772,80,84,-4,4
59773,64,70,-6,6
59774,185,176,9,9
59775,110,102,8,8
59776,109,110,-1,1
59777,52,50,2,2
59778,103,108,-5,5
59779,34,38,-4,4
59780,69,120,-51,51
59781,154,144,10,10
59782,149,140,9,9
59783,81,72,9,9
59784,81,81,0,0
59785,68,69,-1,1
59786,93,79,14,14
59787,57,45,12,12
59788,129,134,-5,5
59789,98,107,-9,9
59790,117,130,-13,13
59791,76,86,-10,10
59792,36,22,14,14
59793,130,135,-5,5
59794,81,81,0,0
59795,72,79,-7,7
59796,76,75,1,1
59797,63,61,2,2
59798,97,104,-7,7
59799,61,61,0,0
59800,85,86,-1,1
59801,110,138,-28,28
59802,85,82,3,3
59803,77,97,-20,20
59804,127,122,5,5
59805,49,54,-5,5
59806,85,90,-5,5
59807,83,89,-6,6
59808,132,138,-6,6
59809,136,140,-4,4
59810,73,73,0,0
59811,71,77,-6,6
59812,79,79,0,0
59813,88,99,-11,11
59814,70,125,-55,55
59815,75,70,5,5
59816,46,40,6,6
59817,101,94,7,7
59818,128,137,-9,9
59819,92,86,6,6
59820,149,136,13,13
59821,122,88,34,34
59822,79,103,-24,24
59823,48,59,-11,11
59824,101,106,-5,5
59825,94,91,3,3
59826,125,134,-9,9
59827,91,103,-12,12
59828,78,86,-8,8
59829,121,115,6,6
59830,166,146,20,20
59831,96,95,1,1
59832,124,156,-32,32
59833,159,144,15,15
59834,66,72,-6,6
59835,82,79,3,3
59836,75,79,-4,4
59837,59,60,-1,1
59838,85,91,-6,6
59839,99,91,8,8
59840,148,139,9,9
59841,109,102,7,7
59842,81,94,-13,13
59843,99,89,10,10
59844,47,36,11,11
59845,78,84,-6,6
59846,85,96,-11,11
59847,76,89,-13,13
59848,54,50,4,4
59849,106,113,-7,7
59850,83,76,7,7
59851,66,68,-2,2
59852,47,48,-1,1
59853,60,69,-9,9
59854,109,111,-2,2
59855,122,116,6,6
59856,92,86,6,6
59857,102,96,6,6
59858,130,138,-8,8
59859,104,100,4,4
59860,106,96,10,10
59861,74,79,-5,5
59862,149,150,-1,1
59863,46,58,-12,12
59864,55,56,-1,1
59865,81,85,-4,4
59866,86,98,-12,12
59867,159,158,1,1
59868,49,48,1,1
59869,76,80,-4,4
59870,109,106,3,3
59871,88,77,11,11
59872,66,67,-1,1
59873,95,97,-2,2
59874,123,108,15,15
59875,49,54,-5,5
59876,60,57,3,3
59877,140,135,5,5
59878,72,67,5,5
59879,103,104,-1,1
59880,88,77,11,11
59881,94,97,-3,3
59882,97,88,9,9
59883,112,109,3,3
59884,37,51,-14,14
59885,70,72,-2,2
59886,217,203,14,14
59887,159,156,3,3
59888,86,87,-1,1
59889,116,122,-6,6
59890,76,76,0,0
59891,159,143,16,16
59892,102,101,1,1
59893,72,75,-3,3
59894,102,99,3,3
59895,94,87,7,7
59896,56,55,1,1
59897,136,150,-14,14
59898,78,77,1,1
59899,75,81,-6,6
59900,138,130,8,8
59901,79,78,1,1
59902,89,91,-2,2
59903,63,70,-7,7
59904,59,54,5,5
59905,127,134,-7,7
59906,100,90,10,10
59907,60,59,1,1
59908,100,97,3,3
59909,108,99,9,9
59910,152,136,16,16
59911,118,122,-4,4
59912,81,83,-2,2
59913,49,41,8,8
59914,90,91,-1,1
59915,97,96,1,1
59916,90,92,-2,2
59917,138,136,2,2
59918,116,135,-19,19
59919,86,92,-6,6
59920,106,97,9,9
59921,155,144,11,11
59922,100,96,4,4
59923,66,68,-2,2
59924,84,87,-3,3
59925,103,102,1,1
59926,56,50,6,6
59927,100,95,5,5
59928,93,95,-2,2
59929,135,143,-8,8
59930,32,24,8,8
59931,93,107,-14,14
59932,107,130,-23,23
59933,62,67,-5,5
59934,59,62,-3,3
59935,91,95,-4,4
59936,75,79,-4,4
59937,73,69,4,4
59938,96,93,3,3
59939,115,118,-3,3
59940,63,69,-6,6
59941,85,86,-1,1
59942,72,81,-9,9
59943,158,168,-10,10
59944,91,83,8,8
59945,69,77,-8,8
59946,89,120,-31,31
59947,74,76,-2,2
59948,104,307,-203,203
59949,49,53,-4,4
59950,99,100,-1,1
59951,127,130,-3,3
59952,73,85,-12,12
59953,49,54,-5,5
59954,87,85,2,2
59955,157,151,6,6
59956,80,89,-9,9
59957,144,128,16,16
59958,83,99,-16,16
59959,131,132,-1,1
59960,95,95,0,0
59961,141,134,7,7
59962,89,103,-14,14
59963,59,52,7,7
59964,86,82,4,4
59965,118,117,1,1
59966,78,85,-7,7
59967,148,143,5,5
59968,59,55,4,4
59969,104,109,-5,5
59970,85,87,-2,2
59971,103,104,-1,1
59972,236,199,37,37
59973,66,85,-19,19
59974,50,66,-16,16
59975,77,74,3,3
59976,114,100,14,14
59977,85,88,-3,3
59978,88,88,0,0
59979,74,72,2,2
59980,71,83,-12,12
59981,155,148,7,7
59982,62,68,-6,6
59983,100,85,15,15
59984,82,96,-14,14
59985,113,108,5,5
59986,104,112,-8,8
59987,104,101,3,3
59988,105,127,-22,22
59989,153,141,12,12
59990,76,71,5,5
59991,85,77,8,8
59992,119,125,-6,6
59993,106,98,8,8
59994,73,81,-8,8
59995,137,128,9,9
59996,79,76,3,3
59997,186,185,1,1
59998,63,67,-4,4
59999,93,90,3,3
60000,126,142,-16,16
60001,70,72,-2,2
60002,128,122,6,6
60003,61,65,-4,4
60004,83,76,7,7
60005,108,105,3,3
60006,87,97,-10,10
60007,97,103,-6,6
60008,62,61,1,1
60009,129,129,0,0
60010,124,111,13,13
60011,63,72,-9,9
60012,138,126,12,12
60013,53,54,-1,1
60014,76,73,3,3
60015,138,132,6,6
60016,123,132,-9,9
60017,57,55,2,2
60018,83,77,6,6
60019,96,98,-2,2
60020,119,138,-19,19
60021,72,70,2,2
60022,78,65,13,13
60023,106,105,1,1
60024,83,75,8,8
60025,71,65,6,6
60026,205,173,32,32
60027,59,62,-3,3
60028,57,52,5,5
60029,90,88,2,2
60030,34,64,-30,30
60031,215,164,51,51
60032,85,90,-5,5
60033,158,161,-3,3
60034,136,123,13,13
60035,55,46,9,9
60036,119,117,2,2
60037,109,144,-35,35
60038,57,61,-4,4
60039,92,83,9,9
60040,99,90,9,9
60041,95,96,-1,1
60042,74,69,5,5
60043,84,83,1,1
60044,107,112,-5,5
60045,78,77,1,1
60046,64,70,-6,6
60047,66,80,-14,14
60048,88,90,-2,2
60049,135,122,13,13
60050,139,131,8,8
60051,126,145,-19,19
60052,82,93,-11,11
60053,70,69,1,1
60054,81,92,-11,11
60055,60,63,-3,3
60056,56,58,-2,2
60057,131,121,10,10
60058,59,63,-4,4
60059,83,73,10,10
60060,145,141,4,4
60061,86,91,-5,5
60062,102,107,-5,5
60063,77,83,-6,6
60064,136,121,15,15
60065,68,70,-2,2
60066,81,80,1,1
60067,82,76,6,6
60068,85,81,4,4
60069,121,113,8,8
60070,69,58,11,11
60071,56,52,4,4
60072,170,160,10,10
60073,123,124,-1,1
60074,71,70,1,1
60075,77,85,-8,8
60076,140,137,3,3
60077,141,155,-14,14
60078,98,101,-3,3
60079,93,77,16,16
60080,69,73,-4,4
60081,104,103,1,1
60082,53,60,-7,7
60083,75,80,-5,5
60084,120,118,2,2
60085,86,90,-4,4
60086,98,93,5,5
60087,84,92,-8,8
60088,88,107,-19,19
60089,113,116,-3,3
60090,74,76,-2,2
60091,91,85,6,6
60092,149,135,14,14
60093,82,80,2,2
60094,84,85,-1,1
60095,195,191,4,4
60096,117,124,-7,7
60097,120,122,-2,2
60098,180,170,10,10
60099,80,91,-11,11
60100,122,121,1,1
60101,135,139,-4,4
60102,159,155,4,4
60103,107,111,-4,4
60104,76,80,-4,4
60105,85,89,-4,4
60106,87,81,6,6
60107,88,88,0,0
60108,41,43,-2,2
60109,78,72,6,6
60110,61,57,4,4
60111,87,83,4,4
60112,129,121,8,8
60113,84,86,-2,2
60114,142,130,12,12
60115,126,134,-8,8
60116,89,84,5,5
60117,74,67,7,7
60118,51,34,17,17
60119,141,130,11,11
60120,83,79,4,4
60121,120,159,-39,39
60122,144,150,-6,6
60123,67,75,-8,8
60124,82,84,-2,2
60125,67,75,-8,8
60126,85,87,-2,2
60127,62,48,14,14
60128,106,102,4,4
60129,59,60,-1,1
60130,73,72,1,1
60131,145,140,5,5
60132,65,65,0,0
60133,72,67,5,5
60134,118,107,11,11
60135,105,117,-12,12
60136,71,71,0,0
60137,96,102,-6,6
60138,111,104,7,7
60139,73,92,-19,19
60140,88,84,4,4
60141,210,200,10,10
60142,104,98,6,6
60143,76,73,3,3
60144,43,48,-5,5
60145,110,105,5,5
60146,93,83,10,10
60147,114,112,2,2
60148,190,181,9,9
60149,87,89,-2,2
60150,85,86,-1,1
60151,95,98,-3,3
60152,97,113,-16,16
60153,58,64,-6,6
60154,126,147,-21,21
60155,145,132,13,13
60156,61,69,-8,8
60157,113,99,14,14
60158,42,44,-2,2
60159,108,110,-2,2
60160,93,86,7,7
60161,157,166,-9,9
60162,75,77,-2,2
60163,59,68,-9,9
60164,101,100,1,1
60165,83,79,4,4
60166,95,84,11,11
60167,100,101,-1,1
60168,69,67,2,2
60169,108,109,-1,1
60170,79,67,12,12
60171,105,107,-2,2
60172,98,113,-15,15
60173,123,134,-11,11
60174,103,97,6,6
60175,158,149,9,9
60176,98,100,-2,2
60177,128,130,-2,2
60178,54,56,-2,2
60179,54,63,-9,9
60180,86,92,-6,6
60181,119,120,-1,1
60182,67,66,1,1
60183,114,116,-2,2
60184,104,104,0,0
60185,81,80,1,1
60186,84,81,3,3
60187,86,78,8,8
60188,93,97,-4,4
60189,75,73,2,2
60190,69,78,-9,9
60191,96,96,0,0
60192,117,119,-2,2
60193,164,143,21,21
60194,121,116,5,5
60195,93,89,4,4
60196,91,88,3,3
60197,144,146,-2,2
60198,101,106,-5,5
60199,135,97,38,38
60200,102,103,-1,1
60201,83,96,-13,13
60202,88,84,4,4
60203,101,104,-3,3
60204,102,111,-9,9
60205,102,108,-6,6
60206,105,94,11,11
60207,99,111,-12,12
60208,151,143,8,8
60209,67,79,-12,12
60210,164,134,30,30
60211,85,87,-2,2
60212,89,92,-3,3
60213,59,63,-4,4
60214,94,80,14,14
60215,123,118,5,5
60216,79,99,-20,20
60217,74,74,0,0
60218,176,168,8,8
60219,59,69,-10,10
60220,100,98,2,2
60221,123,127,-4,4
60222,104,110,-6,6
60223,145,148,-3,3
60224,97,100,-3,3
60225,175,160,15,15
60226,63,60,3,3
60227,124,128,-4,4
60228,68,55,13,13
60229,139,132,7,7
60230,78,76,2,2
60231,79,56,23,23
60232,48,55,-7,7
60233,141,134,7,7
60234,136,123,13,13
60235,123,134,-11,11
60236,85,85,0,0
60237,128,125,3,3
60238,97,95,2,2
60239,63,61,2,2
60240,141,152,-11,11
60241,87,92,-5,5
60242,93,105,-12,12
60243,54,52,2,2
60244,133,119,14,14
60245,50,56,-6,6
60246,71,73,-2,2
60247,75,73,2,2
60248,165,166,-1,1
60249,64,65,-1,1
60250,95,90,5,5
60251,65,55,10,10
60252,106,109,-3,3
60253,91,81,10,10
60254,70,74,-4,4
60255,124,129,-5,5
60256,48,58,-10,10
60257,74,78,-4,4
60258,64,59,5,5
60259,104,102,2,2
60260,82,86,-4,4
60261,82,78,4,4
60262,147,145,2,2
60263,123,98,25,25
60264,81,87,-6,6
60265,146,151,-5,5
60266,88,103,-15,15
60267,78,65,13,13
60268,118,124,-6,6
60269,160,150,10,10
60270,176,168,8,8
60271,133,120,13,13
60272,122,116,6,6
60273,74,86,-12,12
60274,75,79,-4,4
60275,116,118,-2,2
60276,116,117,-1,1
60277,126,113,13,13
60278,53,60,-7,7
60279,58,88,-30,30
60280,169,155,14,14
60281,100,112,-12,12
60282,56,61,-5,5
60283,63,77,-14,14
60284,58,56,2,2
60285,56,75,-19,19
60286,131,156,-25,25
60287,74,58,16,16
60288,143,138,5,5
60289,127,140,-13,13
60290,98,98,0,0
60291,60,58,2,2
60292,65,82,-17,17
60293,76,70,6,6
60294,72,76,-4,4
60295,83,81,2,2
60296,41,54,-13,13
60297,91,79,12,12
60298,125,130,-5,5
60299,119,128,-9,9
60300,92,89,3,3
60301,100,112,-12,12
60302,125,129,-4,4
60303,95,103,-8,8
60304,108,115,-7,7
60305,118,118,0,0
60306,124,137,-13,13
60307,31,32,-1,1
60308,175,170,5,5
60309,122,119,3,3
60310,117,132,-15,15
60311,30,42,-12,12
60312,184,165,19,19
60313,93,90,3,3
60314,98,97,1,1
60315,82,81,1,1
60316,91,52,39,39
60317,67,81,-14,14
60318,103,64,39,39
60319,127,132,-5,5
60320,64,65,-1,1
60321,70,81,-11,11
60322,68,66,2,2
60323,87,102,-15,15
60324,103,108,-5,5
60325,91,93,-2,2
60326,77,75,2,2
60327,70,62,8,8
60328,90,100,-10,10
60329,64,62,2,2
60330,53,56,-3,3
60331,87,81,6,6
60332,112,106,6,6
60333,91,93,-2,2
60334,132,131,1,1
60335,116,116,0,0
60336,99,104,-5,5
60337,80,79,1,1
60338,125,128,-3,3
60339,83,77,6,6
60340,123,136,-13,13
60341,126,123,3,3
60342,114,125,-11,11
60343,139,126,13,13
60344,135,149,-14,14
60345,61,53,8,8
60346,70,74,-4,4
60347,112,109,3,3
60348,79,73,6,6
60349,58,72,-14,14
60350,131,138,-7,7
60351,154,144,10,10
60352,85,87,-2,2
60353,116,107,9,9
60354,71,85,-14,14
60355,62,76,-14,14
60356,72,76,-4,4
60357,137,138,-1,1
60358,152,144,8,8
60359,85,91,-6,6
60360,63,62,1,1
60361,67,58,9,9
60362,108,128,-20,20
60363,120,126,-6,6
60364,103,102,1,1
60365,96,110,-14,14
60366,108,116,-8,8
60367,49,121,-72,72
60368,83,92,-9,9
60369,91,96,-5,5
60370,112,107,5,5
60371,148,141,7,7
60372,110,126,-16,16
60373,90,94,-4,4
60374,71,70,1,1
60375,95,105,-10,10
60376,78,65,13,13
60377,102,124,-22,22
60378,99,90,9,9
60379,71,73,-2,2
60380,103,111,-8,8
60381,75,76,-1,1
60382,128,127,1,1
60383,37,35,2,2
60384,82,76,6,6
60385,82,96,-14,14
60386,105,110,-5,5
60387,96,86,10,10
60388,57,49,8,8
60389,135,138,-3,3
60390,87,98,-11,11
60391,75,79,-4,4
60392,75,90,-15,15
60393,127,121,6,6
60394,105,115,-10,10
60395,61,61,0,0
60396,66,96,-30,30
60397,140,138,2,2
60398,129,135,-6,6
60399,150,138,12,12
60400,109,124,-15,15
60401,115,138,-23,23
60402,118,118,0,0
60403,58,63,-5,5
60404,79,73,6,6
60405,28,37,-9,9
60406,173,154,19,19
60407,89,97,-8,8
60408,95,94,1,1
60409,71,79,-8,8
60410,87,89,-2,2
60411,77,74,3,3
60412,106,107,-1,1
60413,88,93,-5,5
60414,74,80,-6,6
60415,66,47,19,19
60416,64,70,-6,6
60417,115,125,-10,10
60418,59,61,-2,2
60419,142,129,13,13
60420,73,65,8,8
60421,138,132,6,6
60422,110,115,-5,5
60423,81,92,-11,11
60424,143,154,-11,11
60425,137,124,13,13
60426,177,164,13,13
60427,100,105,-5,5
60428,112,122,-10,10
60429,136,128,8,8
60430,48,46,2,2
60431,112,137,-25,25
60432,115,123,-8,8
60433,134,138,-4,4
60434,97,106,-9,9
60435,86,85,1,1
60436,115,112,3,3
60437,80,79,1,1
60438,157,151,6,6
60439,59,56,3,3
60440,118,118,0,0
60441,64,72,-8,8
60442,123,114,9,9
60443,70,70,0,0
60444,60,63,-3,3
60445,76,86,-10,10
60446,161,154,7,7
60447,129,135,-6,6
60448,66,62,4,4
60449,104,101,3,3
60450,86,76,10,10
60451,53,50,3,3
60452,76,71,5,5
60453,202,174,28,28
60454,81,71,10,10
60455,136,139,-3,3
60456,80,75,5,5
60457,54,58,-4,4
60458,71,68,3,3
60459,37,52,-15,15
60460,92,92,0,0
60461,81,77,4,4
60462,94,124,-30,30
60463,116,115,1,1
60464,89,95,-6,6
60465,123,112,11,11
60466,95,89,6,6
60467,114,109,5,5
60468,134,136,-2,2
60469,153,156,-3,3
60470,82,82,0,0
60471,104,102,2,2
60472,101,114,-13,13
60473,73,65,8,8
60474,121,124,-3,3
60475,147,135,12,12
60476,70,80,-10,10
60477,126,124,2,2
60478,284,234,50,50
60479,124,146,-22,22
60480,107,115,-8,8
60481,78,76,2,2
60482,116,127,-11,11
60483,139,135,4,4
60484,127,117,10,10
60485,61,67,-6,6
60486,56,59,-3,3
60487,105,102,3,3
60488,68,72,-4,4
60489,101,97,4,4
60490,64,56,8,8
60491,70,68,2,2
60492,129,129,0,0
60493,86,82,4,4
60494,71,73,-2,2
60495,57,148,-91,91
60496,63,70,-7,7
60497,100,92,8,8
60498,138,139,-1,1
60499,143,133,10,10
60500,123,121,2,2
60501,114,121,-7,7
60502,69,68,1,1
60503,71,75,-4,4
60504,65,59,6,6
60505,94,112,-18,18
60506,73,75,-2,2
60507,77,79,-2,2
60508,68,76,-8,8
60509,126,141,-15,15
60510,133,126,7,7
60511,111,120,-9,9
60512,80,82,-2,2
60513,74,80,-6,6
60514,91,97,-6,6
60515,111,119,-8,8
60516,100,103,-3,3
60517,191,163,28,28
60518,124,116,8,8
60519,55,56,-1,1
60520,113,105,8,8
60521,34,32,2,2
60522,108,99,9,9
60523,74,72,2,2
60524,163,143,20,20
60525,135,118,17,17
60526,86,102,-16,16
60527,122,120,2,2
60528,135,120,15,15
60529,68,76,-8,8
60530,75,74,1,1
60531,127,136,-9,9
60532,65,74,-9,9
60533,83,92,-9,9
60534,103,94,9,9
60535,79,78,1,1
60536,77,75,2,2
60537,116,122,-6,6
60538,123,119,4,4
60539,70,64,6,6
60540,66,70,-4,4
60541,102,113,-11,11
60542,108,130,-22,22
60543,64,59,5,5
60544,116,126,-10,10
60545,154,150,4,4
60546,78,84,-6,6
60547,97,97,0,0
60548,64,73,-9,9
60549,109,109,0,0
60550,109,106,3,3
60551,110,125,-15,15
60552,124,119,5,5
60553,50,60,-10,10
60554,75,66,9,9
60555,112,120,-8,8
60556,72,83,-11,11
60557,113,112,1,1
60558,70,84,-14,14
60559,112,102,10,10
60560,71,72,-1,1
60561,117,113,4,4
60562,88,83,5,5
60563,88,82,6,6
60564,96,81,15,15
60565,114,113,1,1
60566,46,58,-12,12
60567,82,90,-8,8
60568,77,77,0,0
60569,68,78,-10,10
60570,79,90,-11,11
60571,78,81,-3,3
60572,48,49,-1,1
60573,55,60,-5,5
60574,110,119,-9,9
60575,106,97,9,9
60576,88,81,7,7
60577,90,96,-6,6
60578,84,93,-9,9
60579,78,84,-6,6
60580,108,128,-20,20
60581,52,60,-8,8
60582,162,127,35,35
60583,46,46,0,0
60584,100,106,-6,6
60585,95,94,1,1
60586,138,139,-1,1
60587,53,54,-1,1
60588,100,90,10,10
60589,93,99,-6,6
60590,90,109,-19,19
60591,103,108,-5,5
60592,92,85,7,7
60593,52,46,6,6
60594,104,99,5,5
60595,49,53,-4,4
60596,82,79,3,3
60597,104,99,5,5
60598,167,159,8,8
60599,58,67,-9,9
60600,79,83,-4,4
60601,75,66,9,9
60602,70,72,-2,2
60603,78,80,-2,2
60604,70,76,-6,6
60605,130,137,-7,7
60606,90,96,-6,6
60607,68,74,-6,6
60608,97,112,-15,15
60609,83,88,-5,5
60610,51,57,-6,6
60611,70,72,-2,2
60612,35,56,-21,21
60613,24,54,-30,30
60614,113,94,19,19
60615,133,131,2,2
60616,90,96,-6,6
60617,84,79,5,5
60618,86,84,2,2
60619,63,55,8,8
60620,51,53,-2,2
60621,153,143,10,10
60622,113,113,0,0
60623,47,50,-3,3
60624,111,105,6,6
60625,67,65,2,2
60626,51,56,-5,5
60627,57,68,-11,11
60628,67,62,5,5
60629,149,145,4,4
60630,71,69,2,2
60631,100,113,-13,13
60632,94,106,-12,12
60633,61,55,6,6
60634,100,94,6,6
60635,147,137,10,10
60636,92,90,2,2
60637,79,82,-3,3
60638,95,98,-3,3
60639,155,157,-2,2
60640,88,85,3,3
60641,149,160,-11,11
60642,128,134,-6,6
60643,73,59,14,14
60644,124,117,7,7
60645,78,87,-9,9
60646,73,70,3,3
60647,104,99,5,5
60648,124,105,19,19
60649,65,69,-4,4
60650,98,103,-5,5
60651,100,94,6,6
60652,79,76,3,3
60653,216,196,20,20
60654,77,82,-5,5
60655,64,76,-12,12
60656,43,51,-8,8
60657,124,111,13,13
60658,87,82,5,5
60659,98,92,6,6
60660,91,87,4,4
60661,81,81,0,0
60662,109,119,-10,10
60663,61,83,-22,22
60664,86,93,-7,7
60665,126,125,1,1
60666,85,78,7,7
60667,94,110,-16,16
60668,68,63,5,5
60669,77,64,13,13
60670,72,73,-1,1
60671,107,112,-5,5
60672,83,81,2,2
60673,116,117,-1,1
60674,59,58,1,1
60675,53,51,2,2
60676,137,140,-3,3
60677,128,128,0,0
60678,97,95,2,2
60679,97,95,2,2
60680,75,73,2,2
60681,107,99,8,8
60682,96,91,5,5
60683,139,124,15,15
60684,62,65,-3,3
60685,90,80,10,10
60686,104,110,-6,6
60687,124,120,4,4
60688,107,100,7,7
60689,124,135,-11,11
60690,105,103,2,2
60691,134,141,-7,7
60692,122,130,-8,8
60693,70,77,-7,7
60694,152,152,0,0
60695,95,84,11,11
60696,67,90,-23,23
60697,109,110,-1,1
60698,170,208,-38,38
60699,80,84,-4,4
60700,88,78,10,10
60701,131,104,27,27
60702,84,76,8,8
60703,97,104,-7,7
60704,149,126,23,23
60705,79,83,-4,4
60706,93,105,-12,12
60707,81,81,0,0
60708,125,124,1,1
60709,82,87,-5,5
60710,79,78,1,1
60711,65,59,6,6
60712,95,97,-2,2
60713,111,124,-13,13
60714,113,109,4,4
60715,119,124,-5,5
60716,68,72,-4,4
60717,135,111,24,24
60718,102,91,11,11
60719,96,110,-14,14
60720,107,122,-15,15
60721,86,85,1,1
60722,158,130,28,28
60723,141,129,12,12
60724,129,130,-1,1
60725,49,47,2,2
60726,149,143,6,6
60727,114,118,-4,4
60728,40,33,7,7
60729,55,62,-7,7
60730,85,80,5,5
60731,65,58,7,7
60732,97,109,-12,12
60733,148,140,8,8
60734,141,138,3,3
60735,69,62,7,7
60736,80,69,11,11
60737,158,140,18,18
60738,75,85,-10,10
60739,88,87,1,1
60740,110,102,8,8
60741,82,77,5,5
60742,58,67,-9,9
60743,76,67,9,9
60744,48,51,-3,3
60745,106,94,12,12
60746,108,115,-7,7
60747,191,177,14,14
60748,100,106,-6,6
60749,58,59,-1,1
60750,117,113,4,4
60751,233,188,45,45
60752,78,84,-6,6
60753,83,75,8,8
60754,66,60,6,6
60755,55,53,2,2
60756,77,71,6,6
60757,102,98,4,4
60758,62,56,6,6
60759,71,71,0,0
60760,139,150,-11,11
60761,132,142,-10,10
60762,94,103,-9,9
60763,107,112,-5,5
60764,60,69,-9,9
60765,94,116,-22,22
60766,72,66,6,6
60767,86,84,2,2
60768,75,81,-6,6
60769,87,86,1,1
60770,148,132,16,16
60771,120,111,9,9
60772,68,72,-4,4
60773,81,75,6,6
60774,222,199,23,23
60775,68,67,1,1
60776,103,116,-13,13
60777,133,125,8,8
60778,135,112,23,23
60779,97,91,6,6
60780,56,57,-1,1
60781,73,72,1,1
60782,110,131,-21,21
60783,116,119,-3,3
60784,46,41,5,5
60785,119,118,1,1
60786,42,42,0,0
60787,71,87,-16,16
60788,80,70,10,10
60789,87,85,2,2
60790,73,73,0,0
60791,99,99,0,0
60792,36,34,2,2
60793,70,71,-1,1
60794,55,54,1,1
60795,104,100,4,4
60796,135,140,-5,5
60797,103,94,9,9
60798,83,89,-6,6
60799,87,75,12,12
60800,78,78,0,0
60801,68,71,-3,3
60802,70,78,-8,8
60803,112,101,11,11
60804,99,107,-8,8
60805,103,107,-4,4
60806,87,87,0,0
60807,105,102,3,3
60808,94,96,-2,2
60809,185,163,22,22
60810,167,161,6,6
60811,67,76,-9,9
60812,98,85,13,13
60813,109,113,-4,4
60814,139,134,5,5
60815,88,82,6,6
60816,117,112,5,5
60817,101,106,-5,5
60818,124,135,-11,11
60819,182,156,26,26
60820,198,160,38,38
60821,115,115,0,0
60822,92,98,-6,6
60823,77,73,4,4
60824,104,109,-5,5
60825,75,73,2,2
60826,93,82,11,11
60827,173,169,4,4
60828,121,129,-8,8
60829,141,95,46,46
60830,66,85,-19,19
60831,72,66,6,6
60832,104,113,-9,9
60833,103,105,-2,2
60834,81,83,-2,2
60835,122,107,15,15
60836,131,133,-2,2
60837,58,57,1,1
60838,106,106,0,0
60839,119,108,11,11
60840,57,54,3,3
60841,77,75,2,2
60842,67,62,5,5
60843,85,81,4,4
60844,62,69,-7,7
60845,140,138,2,2
60846,72,84,-12,12
60847,125,124,1,1
60848,166,146,20,20
60849,133,122,11,11
60850,101,93,8,8
60851,156,151,5,5
60852,68,71,-3,3
60853,70,63,7,7
60854,127,131,-4,4
60855,89,89,0,0
60856,111,108,3,3
60857,154,138,16,16
60858,91,84,7,7
60859,59,62,-3,3
60860,105,107,-2,2
60861,108,124,-16,16
60862,87,94,-7,7
60863,143,128,15,15
60864,88,86,2,2
60865,83,87,-4,4
60866,105,106,-1,1
60867,96,101,-5,5
60868,95,94,1,1
60869,104,111,-7,7
60870,97,111,-14,14
60871,111,116,-5,5
60872,93,91,2,2
60873,54,52,2,2
60874,90,101,-11,11
60875,52,54,-2,2
60876,85,95,-10,10
60877,114,111,3,3
60878,152,158,-6,6
60879,79,59,20,20
60880,118,122,-4,4
60881,85,53,32,32
60882,94,87,7,7
60883,49,54,-5,5
60884,56,57,-1,1
60885,156,138,18,18
60886,55,51,4,4
60887,116,120,-4,4
60888,84,88,-4,4
60889,105,100,5,5
60890,122,117,5,5
60891,80,94,-14,14
60892,89,83,6,6
60893,117,114,3,3
60894,50,51,-1,1
60895,65,63,2,2
60896,115,122,-7,7
60897,78,83,-5,5
60898,112,117,-5,5
60899,84,76,8,8
60900,144,152,-8,8
60901,95,87,8,8
60902,125,125,0,0
60903,115,124,-9,9
60904,76,72,4,4
60905,119,122,-3,3
60906,133,149,-16,16
60907,90,84,6,6
60908,112,112,0,0
60909,76,71,5,5
60910,147,151,-4,4
60911,55,59,-4,4
60912,131,123,8,8
60913,116,108,8,8
60914,84,77,7,7
60915,72,77,-5,5
60916,73,74,-1,1
60917,43,51,-8,8
60918,73,74,-1,1
60919,82,89,-7,7
60920,56,60,-4,4
60921,99,94,5,5
60922,105,117,-12,12
60923,79,73,6,6
60924,138,123,15,15
60925,111,114,-3,3
60926,36,41,-5,5
60927,138,127,11,11
60928,89,95,-6,6
60929,93,82,11,11
60930,132,132,0,0
60931,108,105,3,3
60932,66,69,-3,3
60933,71,72,-1,1
60934,65,62,3,3
60935,200,190,10,10
60936,72,110,-38,38
60937,232,221,11,11
60938,75,79,-4,4
60939,186,194,-8,8
60940,125,125,0,0
60941,95,101,-6,6
60942,203,168,35,35
60943,176,152,24,24
60944,129,129,0,0
60945,76,82,-6,6
60946,143,136,7,7
60947,49,49,0,0
60948,92,88,4,4
60949,92,103,-11,11
60950,75,83,-8,8
60951,105,99,6,6
60952,155,128,27,27
60953,95,101,-6,6
60954,86,94,-8,8
60955,132,132,0,0
60956,46,47,-1,1
60957,69,77,-8,8
60958,58,79,-21,21
60959,140,127,13,13
60960,70,66,4,4
60961,89,90,-1,1
60962,84,66,18,18
60963,124,120,4,4
60964,71,80,-9,9
60965,127,129,-2,2
60966,69,72,-3,3
60967,111,103,8,8
60968,125,129,-4,4
60969,85,90,-5,5
60970,76,77,-1,1
60971,85,94,-9,9
60972,55,49,6,6
60973,92,94,-2,2
60974,182,157,25,25
60975,89,86,3,3
60976,102,96,6,6
60977,113,115,-2,2
60978,131,132,-1,1
60979,133,134,-1,1
60980,98,92,6,6
60981,154,132,22,22
60982,99,97,2,2
60983,114,115,-1,1
60984,110,107,3,3
60985,125,87,38,38
60986,52,67,-15,15
60987,42,40,2,2
60988,80,75,5,5
60989,83,87,-4,4
60990,143,137,6,6
60991,56,63,-7,7
60992,131,135,-4,4
60993,112,139,-27,27
60994,110,108,2,2
60995,104,105,-1,1
60996,71,71,0,0
60997,36,36,0,0
60998,57,59,-2,2
60999,72,78,-6,6
61000,119,106,13,13
61001,194,173,21,21
61002,107,106,1,1
61003,123,126,-3,3
61004,87,89,-2,2
61005,157,150,7,7
61006,75,84,-9,9
61007,94,98,-4,4
61008,85,85,0,0
61009,85,89,-4,4
61010,44,49,-5,5
61011,78,85,-7,7
61012,97,83,14,14
61013,34,41,-7,7
61014,38,26,12,12
61015,93,89,4,4
61016,113,119,-6,6
61017,130,129,1,1
61018,46,35,11,11
61019,94,101,-7,7
61020,144,135,9,9
61021,60,61,-1,1
61022,110,117,-7,7
61023,78,85,-7,7
61024,172,154,18,18
61025,117,148,-31,31
61026,60,72,-12,12
61027,114,105,9,9
61028,136,147,-11,11
61029,130,134,-4,4
61030,140,138,2,2
61031,58,69,-11,11
61032,87,87,0,0
61033,154,142,12,12
61034,84,94,-10,10
61035,78,73,5,5
61036,224,255,-31,31
61037,77,74,3,3
61038,114,113,1,1
61039,64,65,-1,1
61040,145,137,8,8
61041,62,60,2,2
61042,123,134,-11,11
61043,126,122,4,4
61044,59,67,-8,8
61045,59,68,-9,9
61046,65,87,-22,22
61047,81,85,-4,4
61048,104,97,7,7
61049,94,95,-1,1
61050,131,134,-3,3
61051,60,57,3,3
61052,111,106,5,5
61053,159,136,23,23
61054,145,152,-7,7
61055,67,59,8,8
61056,114,111,3,3
61057,82,74,8,8
61058,93,98,-5,5
61059,53,60,-7,7
61060,83,92,-9,9
61061,101,102,-1,1
61062,112,129,-17,17
61063,71,62,9,9
61064,86,76,10,10
61065,49,95,-46,46
61066,59,58,1,1
61067,125,124,1,1
61068,157,154,3,3
61069,90,89,1,1
61070,160,158,2,2
61071,128,110,18,18
61072,78,86,-8,8
61073,153,151,2,2
61074,87,98,-11,11
61075,133,129,4,4
61076,96,107,-11,11
61077,88,96,-8,8
61078,69,78,-9,9
61079,150,162,-12,12
61080,134,127,7,7
61081,122,116,6,6
61082,91,93,-2,2
61083,156,149,7,7
61084,76,78,-2,2
61085,44,44,0,0
61086,117,114,3,3
61087,110,116,-6,6
61088,101,87,14,14
61089,81,77,4,4
61090,52,51,1,1
61091,164,155,9,9
61092,40,48,-8,8
61093,80,90,-10,10
61094,129,128,1,1
61095,131,117,14,14
61096,87,100,-13,13
61097,79,78,1,1
61098,110,102,8,8
61099,120,114,6,6
61100,100,136,-36,36
61101,113,106,7,7
61102,97,124,-27,27
61103,75,71,4,4
61104,85,100,-15,15
61105,49,43,6,6
61106,103,112,-9,9
61107,177,166,11,11
61108,94,101,-7,7
61109,130,130,0,0
61110,72,81,-9,9
61111,158,144,14,14
61112,47,48,-1,1
61113,74,96,-22,22
61114,101,108,-7,7
61115,51,65,-14,14
61116,83,86,-3,3
61117,142,130,12,12
61118,58,62,-4,4
61119,83,91,-8,8
61120,45,42,3,3
61121,138,127,11,11
61122,152,143,9,9
61123,101,114,-13,13
61124,77,70,7,7
61125,52,81,-29,29
61126,89,79,10,10
61127,149,141,8,8
61128,78,75,3,3
61129,146,136,10,10
61130,122,127,-5,5
61131,88,83,5,5
61132,131,143,-12,12
61133,67,65,2,2
61134,107,92,15,15
61135,139,150,-11,11
61136,164,164,0,0
61137,134,127,7,7
61138,71,72,-1,1
61139,87,74,13,13
61140,68,76,-8,8
61141,56,104,-48,48
61142,118,123,-5,5
61143,101,115,-14,14
61144,75,83,-8,8
61145,127,140,-13,13
61146,85,88,-3,3
61147,57,70,-13,13
61148,37,43,-6,6
61149,116,128,-12,12
61150,108,102,6,6
61151,137,139,-2,2
61152,58,57,1,1
61153,67,98,-31,31
61154,106,102,4,4
61155,132,114,18,18
61156,102,97,5,5
61157,115,121,-6,6
61158,85,85,0,0
61159,107,110,-3,3
61160,49,54,-5,5
61161,139,145,-6,6
61162,126,126,0,0
61163,135,140,-5,5
61164,69,52,17,17
61165,88,90,-2,2
61166,117,116,1,1
61167,77,57,20,20
61168,51,50,1,1
61169,92,103,-11,11
61170,80,89,-9,9
61171,82,95,-13,13
61172,157,153,4,4
61173,83,83,0,0
61174,136,111,25,25
61175,147,136,11,11
61176,49,50,-1,1
61177,86,85,1,1
61178,125,115,10,10
61179,73,56,17,17
61180,99,118,-19,19
61181,102,112,-10,10
61182,101,102,-1,1
61183,109,105,4,4
61184,126,126,0,0
61185,142,127,15,15
61186,62,63,-1,1
61187,113,115,-2,2
61188,149,133,16,16
61189,61,72,-11,11
61190,66,72,-6,6
61191,122,119,3,3
61192,89,91,-2,2
61193,76,73,3,3
61194,74,88,-14,14
61195,61,65,-4,4
61196,44,47,-3,3
61197,107,125,-18,18
61198,104,97,7,7
61199,109,111,-2,2
61200,140,129,11,11
61201,43,49,-6,6
61202,40,42,-2,2
61203,223,191,32,32
61204,95,93,2,2
61205,47,48,-1,1
61206,71,65,6,6
61207,121,109,12,12
61208,119,123,-4,4
61209,135,137,-2,2
61210,78,76,2,2
61211,96,86,10,10
61212,71,77,-6,6
61213,71,72,-1,1
61214,108,134,-26,26
61215,64,69,-5,5
61216,169,183,-14,14
61217,80,83,-3,3
61218,78,83,-5,5
61219,100,97,3,3
61220,90,86,4,4
61221,108,102,6,6
61222,84,88,-4,4
61223,150,145,5,5
61224,91,89,2,2
61225,55,57,-2,2
61226,83,88,-5,5
61227,119,163,-44,44
61228,86,87,-1,1
61229,101,111,-10,10
61230,89,77,12,12
61231,80,83,-3,3
61232,116,111,5,5
61233,146,147,-1,1
61234,64,72,-8,8
61235,175,158,17,17
61236,139,136,3,3
61237,79,71,8,8
61238,120,110,10,10
61239,84,91,-7,7
61240,132,129,3,3
61241,71,75,-4,4
61242,104,107,-3,3
61243,60,61,-1,1
61244,171,172,-1,1
61245,93,94,-1,1
61246,132,134,-2,2
61247,55,60,-5,5
61248,74,59,15,15
61249,126,118,8,8
61250,75,77,-2,2
61251,45,48,-3,3
61252,95,87,8,8
61253,154,142,12,12
61254,143,130,13,13
61255,111,114,-3,3
61256,97,120,-23,23
61257,203,218,-15,15
61258,42,35,7,7
61259,49,56,-7,7
61260,111,108,3,3
61261,76,64,12,12
61262,79,78,1,1
61263,70,80,-10,10
61264,57,51,6,6
61265,60,44,16,16
61266,119,128,-9,9
61267,76,83,-7,7
61268,72,72,0,0
61269,124,126,-2,2
61270,138,114,24,24
61271,118,116,2,2
61272,119,115,4,4
61273,94,86,8,8
61274,113,131,-18,18
61275,69,89,-20,20
61276,106,105,1,1
61277,41,49,-8,8
61278,88,87,1,1
61279,124,139,-15,15
61280,51,55,-4,4
61281,70,78,-8,8
61282,112,115,-3,3
61283,100,91,9,9
61284,143,134,9,9
61285,87,96,-9,9
61286,61,62,-1,1
61287,64,69,-5,5
61288,130,140,-10,10
61289,81,81,0,0
61290,73,65,8,8
61291,47,43,4,4
61292,99,117,-18,18
61293,95,97,-2,2
61294,105,104,1,1
61295,126,125,1,1
61296,108,107,1,1
61297,67,66,1,1
61298,72,86,-14,14
61299,65,63,2,2
61300,109,105,4,4
61301,52,53,-1,1
61302,122,116,6,6
61303,59,59,0,0
61304,117,131,-14,14
61305,79,70,9,9
61306,46,42,4,4
61307,64,69,-5,5
61308,71,89,-18,18
61309,60,59,1,1
61310,70,73,-3,3
61311,114,117,-3,3
61312,101,105,-4,4
61313,138,139,-1,1
61314,98,87,11,11
61315,92,99,-7,7
61316,196,178,18,18
61317,109,110,-1,1
61318,55,51,4,4
61319,166,161,5,5
61320,68,73,-5,5
61321,61,70,-9,9
61322,79,74,5,5
61323,86,77,9,9
61324,90,89,1,1
61325,128,130,-2,2
61326,102,107,-5,5
61327,118,123,-5,5
61328,86,85,1,1
61329,105,109,-4,4
61330,78,81,-3,3
61331,96,99,-3,3
61332,38,44,-6,6
61333,96,99,-3,3
61334,123,122,1,1
61335,85,80,5,5
61336,117,110,7,7
61337,78,90,-12,12
61338,131,133,-2,2
61339,82,83,-1,1
61340,87,91,-4,4
61341,81,81,0,0
61342,59,51,8,8
61343,84,83,1,1
61344,89,93,-4,4
61345,65,63,2,2
61346,131,136,-5,5
61347,55,58,-3,3
61348,66,59,7,7
61349,74,73,1,1
61350,84,67,17,17
61351,110,103,7,7
61352,63,70,-7,7
61353,97,89,8,8
61354,55,68,-13,13
61355,94,101,-7,7
61356,148,141,7,7
61357,110,105,5,5
61358,161,157,4,4
61359,139,134,5,5
61360,63,74,-11,11
61361,120,117,3,3
61362,79,83,-4,4
61363,131,149,-18,18
61364,150,129,21,21
61365,80,74,6,6
61366,37,37,0,0
61367,116,117,-1,1
61368,82,81,1,1
61369,130,133,-3,3
61370,68,74,-6,6
61371,86,83,3,3
61372,90,89,1,1
61373,57,54,3,3
61374,149,136,13,13
61375,79,75,4,4
61376,126,121,5,5
61377,120,138,-18,18
61378,197,181,16,16
61379,62,62,0,0
61380,88,83,5,5
61381,144,135,9,9
61382,99,84,15,15
61383,101,139,-38,38
61384,111,103,8,8
61385,61,65,-4,4
61386,85,79,6,6
61387,96,88,8,8
61388,125,129,-4,4
61389,107,104,3,3
61390,136,122,14,14
61391,148,147,1,1
61392,98,106,-8,8
61393,66,63,3,3
61394,95,80,15,15
61395,107,93,14,14
61396,47,55,-8,8
61397,78,78,0,0
61398,81,78,3,3
61399,72,67,5,5
61400,84,104,-20,20
61401,145,151,-6,6
61402,77,78,-1,1
61403,90,84,6,6
61404,131,120,11,11
61405,91,86,5,5
61406,38,56,-18,18
61407,94,93,1,1
61408,111,113,-2,2
61409,145,147,-2,2
61410,84,87,-3,3
61411,87,74,13,13
61412,115,101,14,14
61413,95,90,5,5
61414,144,126,18,18
61415,90,83,7,7
61416,101,94,7,7
61417,91,90,1,1
61418,190,178,12,12
61419,80,83,-3,3
61420,167,153,14,14
61421,83,76,7,7
61422,66,57,9,9
61423,50,54,-4,4
61424,111,112,-1,1
61425,83,95,-12,12
61426,72,70,2,2
61427,73,70,3,3
61428,79,87,-8,8
61429,66,64,2,2
61430,83,78,5,5
61431,262,242,20,20
61432,108,129,-21,21
61433,117,124,-7,7
61434,98,95,3,3
61435,85,88,-3,3
61436,63,62,1,1
61437,190,169,21,21
61438,85,88,-3,3
61439,123,115,8,8
61440,144,143,1,1
61441,75,78,-3,3
61442,97,91,6,6
61443,85,79,6,6
61444,69,70,-1,1
61445,77,80,-3,3
61446,61,71,-10,10
61447,75,74,1,1
61448,97,122,-25,25
61449,70,69,1,1
61450,85,88,-3,3
61451,61,51,10,10
61452,77,71,6,6
61453,58,57,1,1
61454,83,87,-4,4
61455,91,92,-1,1
61456,53,60,-7,7
61457,55,49,6,6
61458,87,88,-1,1
61459,80,89,-9,9
61460,53,57,-4,4
61461,133,129,4,4
61462,90,95,-5,5
61463,60,64,-4,4
61464,68,67,1,1
61465,66,59,7,7
61466,112,118,-6,6
61467,139,144,-5,5
61468,50,41,9,9
61469,120,127,-7,7
61470,77,78,-1,1
61471,81,78,3,3
61472,87,86,1,1
61473,43,43,0,0
61474,68,62,6,6
61475,58,55,3,3
61476,120,130,-10,10
61477,114,104,10,10
61478,173,161,12,12
61479,62,66,-4,4
61480,115,111,4,4
61481,213,185,28,28
61482,108,112,-4,4
61483,53,66,-13,13
61484,85,78,7,7
61485,119,122,-3,3
61486,74,81,-7,7
61487,93,92,1,1
61488,72,69,3,3
61489,104,93,11,11
61490,88,96,-8,8
61491,56,62,-6,6
61492,139,137,2,2
61493,110,119,-9,9
61494,93,71,22,22
61495,54,44,10,10
61496,83,96,-13,13
61497,73,66,7,7
61498,202,173,29,29
61499,95,94,1,1
61500,51,61,-10,10
61501,141,124,17,17
61502,130,126,4,4
61503,89,96,-7,7
61504,67,70,-3,3
61505,92,93,-1,1
61506,138,151,-13,13
61507,50,50,0,0
61508,85,80,5,5
61509,118,104,14,14
61510,84,82,2,2
61511,95,91,4,4
61512,92,95,-3,3
61513,141,143,-2,2
61514,94,99,-5,5
61515,117,120,-3,3
61516,82,68,14,14
61517,73,79,-6,6
61518,108,115,-7,7
61519,93,110,-17,17
61520,156,156,0,0
61521,84,90,-6,6
61522,106,98,8,8
61523,91,100,-9,9
61524,88,95,-7,7
61525,78,74,4,4
61526,136,136,0,0
61527,59,68,-9,9
61528,94,107,-13,13
61529,100,101,-1,1
61530,144,141,3,3
61531,89,110,-21,21
61532,67,68,-1,1
61533,28,26,2,2
61534,114,112,2,2
61535,123,147,-24,24
61536,85,77,8,8
61537,77,78,-1,1
61538,89,116,-27,27
61539,90,91,-1,1
61540,80,82,-2,2
61541,114,123,-9,9
61542,46,40,6,6
61543,123,116,7,7
61544,132,137,-5,5
61545,106,114,-8,8
61546,93,96,-3,3
61547,100,120,-20,20
61548,82,75,7,7
61549,170,171,-1,1
61550,103,119,-16,16
61551,60,64,-4,4
61552,101,117,-16,16
61553,101,96,5,5
61554,106,100,6,6
61555,53,65,-12,12
61556,45,30,15,15
61557,102,119,-17,17
61558,74,77,-3,3
61559,107,125,-18,18
61560,95,90,5,5
61561,96,102,-6,6
61562,100,94,6,6
61563,40,52,-12,12
61564,85,81,4,4
61565,59,64,-5,5
61566,107,92,15,15
61567,157,150,7,7
61568,72,71,1,1
61569,104,95,9,9
61570,53,64,-11,11
61571,131,131,0,0
61572,147,132,15,15
61573,80,81,-1,1
61574,135,126,9,9
61575,119,119,0,0
61576,128,132,-4,4
61577,126,123,3,3
61578,91,82,9,9
61579,102,92,10,10
61580,55,64,-9,9
61581,69,73,-4,4
61582,57,43,14,14
61583,53,59,-6,6
61584,109,97,12,12
61585,106,91,15,15
61586,106,112,-6,6
61587,128,108,20,20
61588,84,79,5,5
61589,73,78,-5,5
61590,137,124,13,13
61591,96,105,-9,9
61592,106,110,-4,4
61593,119,121,-2,2
61594,113,120,-7,7
61595,138,142,-4,4
61596,52,55,-3,3
61597,115,115,0,0
61598,66,66,0,0
61599,114,119,-5,5
61600,46,57,-11,11
61601,108,105,3,3
61602,85,80,5,5
61603,67,61,6,6
61604,66,60,6,6
61605,76,80,-4,4
61606,93,90,3,3
61607,145,155,-10,10
61608,122,119,3,3
61609,88,84,4,4
61610,59,64,-5,5
61611,77,81,-4,4
61612,84,88,-4,4
61613,71,76,-5,5
61614,93,92,1,1
61615,71,73,-2,2
61616,40,53,-13,13
61617,165,161,4,4
61618,104,103,1,1
61619,54,50,4,4
61620,46,38,8,8
61621,70,71,-1,1
61622,51,52,-1,1
61623,86,81,5,5
61624,86,90,-4,4
61625,90,95,-5,5
61626,160,161,-1,1
61627,119,113,6,6
61628,78,86,-8,8
61629,112,123,-11,11
61630,89,154,-65,65
61631,96,108,-12,12
61632,96,103,-7,7
61633,96,100,-4,4
61634,33,34,-1,1
61635,78,79,-1,1
61636,65,56,9,9
61637,69,74,-5,5
61638,85,88,-3,3
61639,71,60,11,11
61640,119,113,6,6
61641,100,99,1,1
61642,102,104,-2,2
61643,96,89,7,7
61644,77,72,5,5
61645,91,106,-15,15
61646,175,151,24,24
61647,96,102,-6,6
61648,133,124,9,9
61649,107,128,-21,21
61650,98,98,0,0
61651,94,103,-9,9
61652,67,66,1,1
61653,116,130,-14,14
61654,73,83,-10,10
61655,83,67,16,16
61656,75,80,-5,5
61657,109,112,-3,3
61658,143,147,-4,4
61659,84,84,0,0
61660,79,89,-10,10
61661,104,113,-9,9
61662,44,39,5,5
61663,53,44,9,9
61664,108,108,0,0
61665,86,88,-2,2
61666,119,120,-1,1
61667,56,38,18,18
61668,88,96,-8,8
61669,118,121,-3,3
61670,102,102,0,0
61671,49,44,5,5
61672,99,95,4,4
61673,105,202,-97,97
61674,131,111,20,20
61675,78,73,5,5
61676,99,93,6,6
61677,23,19,4,4
61678,126,119,7,7
61679,92,89,3,3
61680,85,94,-9,9
61681,61,63,-2,2
61682,137,152,-15,15
61683,74,76,-2,2
61684,129,123,6,6
61685,156,152,4,4
61686,72,67,5,5
61687,151,137,14,14
61688,72,69,3,3
61689,81,89,-8,8
61690,128,124,4,4
61691,136,132,4,4
61692,111,117,-6,6
61693,150,148,2,2
61694,79,82,-3,3
61695,124,127,-3,3
61696,133,122,11,11
61697,106,115,-9,9
61698,71,68,3,3
61699,69,66,3,3
61700,105,117,-12,12
61701,60,60,0,0
61702,97,92,5,5
61703,129,144,-15,15
61704,70,70,0,0
61705,137,148,-11,11
61706,110,107,3,3
61707,97,92,5,5
61708,149,167,-18,18
61709,63,64,-1,1
61710,71,77,-6,6
61711,108,104,4,4
61712,127,136,-9,9
61713,92,101,-9,9
61714,41,39,2,2
61715,87,88,-1,1
61716,95,91,4,4
61717,58,62,-4,4
61718,103,111,-8,8
61719,106,106,0,0
61720,100,108,-8,8
61721,49,59,-10,10
61722,103,146,-43,43
61723,147,151,-4,4
61724,110,117,-7,7
61725,121,139,-18,18
61726,66,68,-2,2
61727,66,66,0,0
61728,75,73,2,2
61729,127,141,-14,14
61730,96,96,0,0
61731,179,161,18,18
61732,153,149,4,4
61733,89,87,2,2
61734,111,124,-13,13
61735,124,113,11,11
61736,86,74,12,12
61737,98,107,-9,9
61738,82,88,-6,6
61739,138,116,22,22
61740,98,92,6,6
61741,187,169,18,18
61742,141,134,7,7
61743,72,80,-8,8
61744,110,101,9,9
61745,87,93,-6,6
61746,60,65,-5,5
61747,71,68,3,3
61748,123,128,-5,5
61749,57,61,-4,4
61750,113,127,-14,14
61751,148,144,4,4
61752,73,80,-7,7
61753,62,70,-8,8
61754,108,116,-8,8
61755,105,98,7,7
61756,152,126,26,26
61757,51,43,8,8
61758,127,132,-5,5
61759,31,56,-25,25
61760,68,63,5,5
61761,163,147,16,16
61762,160,144,16,16
61763,73,80,-7,7
61764,43,44,-1,1
61765,102,101,1,1
61766,91,109,-18,18
61767,136,134,2,2
61768,92,85,7,7
61769,60,61,-1,1
61770,45,49,-4,4
61771,111,104,7,7
61772,95,113,-18,18
61773,100,97,3,3
61774,139,139,0,0
61775,99,97,2,2
61776,68,73,-5,5
61777,55,53,2,2
61778,110,92,18,18
61779,67,74,-7,7
61780,103,104,-1,1
61781,115,109,6,6
61782,131,146,-15,15
61783,106,112,-6,6
61784,154,168,-14,14
61785,104,113,-9,9
61786,91,91,0,0
61787,139,140,-1,1
61788,56,55,1,1
61789,139,132,7,7
61790,72,60,12,12
61791,144,142,2,2
61792,112,118,-6,6
61793,68,67,1,1
61794,88,87,1,1
61795,79,102,-23,23
61796,104,113,-9,9
61797,54,55,-1,1
61798,111,104,7,7
61799,87,86,1,1
61800,185,173,12,12
61801,92,90,2,2
61802,68,76,-8,8
61803,91,89,2,2
61804,84,81,3,3
61805,82,82,0,0
61806,126,122,4,4
61807,71,74,-3,3
61808,72,67,5,5
61809,137,142,-5,5
61810,61,68,-7,7
61811,106,105,1,1
61812,59,59,0,0
61813,77,73,4,4
61814,149,129,20,20
61815,63,70,-7,7
61816,66,76,-10,10
61817,105,103,2,2
61818,85,81,4,4
61819,109,107,2,2
61820,81,89,-8,8
61821,60,66,-6,6
61822,40,50,-10,10
61823,95,93,2,2
61824,110,99,11,11
61825,68,55,13,13
61826,67,68,-1,1
61827,76,79,-3,3
61828,188,175,13,13
61829,59,60,-1,1
61830,131,123,8,8
61831,108,101,7,7
61832,114,120,-6,6
61833,108,106,2,2
61834,104,103,1,1
61835,94,101,-7,7
61836,47,43,4,4
61837,77,66,11,11
61838,80,82,-2,2
61839,96,130,-34,34
61840,103,112,-9,9
61841,109,109,0,0
61842,66,79,-13,13
61843,98,90,8,8
61844,126,110,16,16
61845,97,117,-20,20
61846,99,99,0,0
61847,107,110,-3,3
61848,129,140,-11,11
61849,87,93,-6,6
61850,69,72,-3,3
61851,115,108,7,7
61852,99,105,-6,6
61853,99,102,-3,3
61854,155,162,-7,7
61855,121,122,-1,1
61856,123,127,-4,4
61857,91,91,0,0
61858,68,80,-12,12
61859,118,113,5,5
61860,98,101,-3,3
61861,108,102,6,6
61862,112,114,-2,2
61863,80,76,4,4
61864,92,128,-36,36
61865,116,114,2,2
61866,56,61,-5,5
61867,127,133,-6,6
61868,50,56,-6,6
61869,121,116,5,5
61870,157,152,5,5
61871,78,74,4,4
61872,85,79,6,6
61873,142,138,4,4
61874,42,56,-14,14
61875,62,70,-8,8
61876,61,61,0,0
61877,75,77,-2,2
61878,82,88,-6,6
61879,107,110,-3,3
61880,130,141,-11,11
61881,64,69,-5,5
61882,75,73,2,2
61883,109,108,1,1
61884,65,76,-11,11
61885,112,116,-4,4
61886,88,100,-12,12
61887,140,128,12,12
61888,132,136,-4,4
61889,108,116,-8,8
61890,92,85,7,7
61891,63,60,3,3
61892,48,48,0,0
61893,144,116,28,28
61894,104,112,-8,8
61895,107,98,9,9
61896,52,67,-15,15
61897,73,72,1,1
61898,44,46,-2,2
61899,120,117,3,3
61900,87,87,0,0
61901,110,121,-11,11
61902,73,74,-1,1
61903,79,88,-9,9
61904,57,61,-4,4
61905,68,72,-4,4
61906,81,110,-29,29
61907,63,51,12,12
61908,41,38,3,3
61909,71,64,7,7
61910,106,130,-24,24
61911,105,96,9,9
61912,183,149,34,34
61913,111,117,-6,6
61914,137,124,13,13
61915,51,57,-6,6
61916,40,42,-2,2
61917,70,81,-11,11
61918,120,112,8,8
61919,57,63,-6,6
61920,66,54,12,12
61921,140,132,8,8
61922,71,75,-4,4
61923,96,96,0,0
61924,108,110,-2,2
61925,134,138,-4,4
61926,97,98,-1,1
61927,44,46,-2,2
61928,49,50,-1,1
61929,63,61,2,2
61930,97,106,-9,9
61931,38,39,-1,1
61932,68,57,11,11
61933,114,109,5,5
61934,105,117,-12,12
61935,36,33,3,3
61936,69,64,5,5
61937,101,101,0,0
61938,155,146,9,9
61939,53,71,-18,18
61940,151,155,-4,4
61941,65,65,0,0
61942,64,72,-8,8
61943,181,155,26,26
61944,110,125,-15,15
61945,93,96,-3,3
61946,183,175,8,8
61947,94,99,-5,5
61948,91,94,-3,3
61949,105,115,-10,10
61950,51,51,0,0
61951,76,78,-2,2
61952,60,70,-10,10
61953,72,73,-1,1
61954,108,114,-6,6
61955,119,114,5,5
61956,98,113,-15,15
61957,119,121,-2,2
61958,122,119,3,3
61959,90,90,0,0
61960,55,55,0,0
61961,62,56,6,6
61962,41,62,-21,21
61963,86,85,1,1
61964,58,69,-11,11
61965,159,160,-1,1
61966,84,86,-2,2
61967,101,105,-4,4
61968,107,98,9,9
61969,150,143,7,7
61970,105,113,-8,8
61971,83,79,4,4
61972,78,90,-12,12
61973,51,54,-3,3
61974,83,98,-15,15
61975,111,114,-3,3
61976,116,146,-30,30
61977,124,101,23,23
61978,116,111,5,5
61979,133,123,10,10
61980,143,135,8,8
61981,102,113,-11,11
61982,94,95,-1,1
61983,66,76,-10,10
61984,76,79,-3,3
61985,108,111,-3,3
61986,69,62,7,7
61987,90,83,7,7
61988,65,80,-15,15
61989,157,152,5,5
61990,81,74,7,7
61991,116,117,-1,1
61992,94,91,3,3
61993,98,111,-13,13
61994,149,145,4,4
61995,87,88,-1,1
61996,124,131,-7,7
61997,121,116,5,5
61998,157,144,13,13
61999,100,98,2,2
62000,129,135,-6,6
62001,97,95,2,2
62002,57,56,1,1
62003,108,102,6,6
62004,64,53,11,11
62005,195,165,30,30
62006,81,84,-3,3
62007,92,91,1,1
62008,139,148,-9,9
62009,67,70,-3,3
62010,78,89,-11,11
62011,56,71,-15,15
62012,90,88,2,2
62013,69,69,0,0
62014,109,100,9,9
62015,67,72,-5,5
62016,65,75,-10,10
62017,67,77,-10,10
62018,128,108,20,20
62019,101,99,2,2
62020,103,101,2,2
62021,66,64,2,2
62022,78,80,-2,2
62023,121,117,4,4
62024,99,115,-16,16
62025,69,58,11,11
62026,64,65,-1,1
62027,66,65,1,1
62028,76,77,-1,1
62029,91,90,1,1
62030,49,61,-12,12
62031,222,182,40,40
62032,71,67,4,4
62033,155,159,-4,4
62034,80,89,-9,9
62035,94,80,14,14
62036,70,66,4,4
62037,106,104,2,2
62038,81,89,-8,8
62039,90,84,6,6
62040,73,74,-1,1
62041,65,61,4,4
62042,71,75,-4,4
62043,140,126,14,14
62044,109,114,-5,5
62045,72,73,-1,1
62046,95,110,-15,15
62047,92,84,8,8
62048,104,118,-14,14
62049,74,77,-3,3
62050,102,99,3,3
62051,75,76,-1,1
62052,100,93,7,7
62053,111,118,-7,7
62054,52,50,2,2
62055,79,75,4,4
62056,99,99,0,0
62057,140,142,-2,2
62058,181,180,1,1
62059,106,96,10,10
62060,59,56,3,3
62061,129,125,4,4
62062,95,108,-13,13
62063,50,57,-7,7
62064,71,73,-2,2
62065,46,62,-16,16
62066,103,122,-19,19
62067,82,89,-7,7
62068,114,108,6,6
62069,114,109,5,5
62070,92,95,-3,3
62071,74,79,-5,5
62072,102,105,-3,3
62073,104,101,3,3
62074,86,78,8,8
62075,51,51,0,0
62076,86,86,0,0
62077,78,82,-4,4
62078,99,108,-9,9
62079,95,89,6,6
62080,82,88,-6,6
62081,111,129,-18,18
62082,129,113,16,16
62083,90,116,-26,26
62084,139,172,-33,33
62085,72,87,-15,15
62086,55,53,2,2
62087,165,154,11,11
62088,115,118,-3,3
62089,61,69,-8,8
62090,84,83,1,1
62091,136,135,1,1
62092,83,85,-2,2
62093,27,66,-39,39
62094,108,117,-9,9
62095,147,136,11,11
62096,120,120,0,0
62097,73,92,-19,19
62098,60,72,-12,12
62099,123,128,-5,5
62100,89,97,-8,8
62101,73,62,11,11
62102,64,70,-6,6
62103,62,63,-1,1
62104,100,89,11,11
62105,100,90,10,10
62106,48,65,-17,17
62107,119,114,5,5
62108,53,54,-1,1
62109,142,150,-8,8
62110,58,62,-4,4
62111,100,97,3,3
62112,77,78,-1,1
62113,71,88,-17,17
62114,126,139,-13,13
62115,50,53,-3,3
62116,205,155,50,50
62117,60,64,-4,4
62118,91,89,2,2
62119,70,74,-4,4
62120,90,91,-1,1
62121,159,172,-13,13
62122,75,82,-7,7
62123,116,98,18,18
62124,109,112,-3,3
62125,143,131,12,12
62126,112,104,8,8
62127,84,90,-6,6
62128,170,165,5,5
62129,150,144,6,6
62130,109,107,2,2
62131,161,145,16,16
62132,99,107,-8,8
62133,127,106,21,21
62134,62,58,4,4
62135,133,137,-4,4
62136,101,108,-7,7
62137,127,122,5,5
62138,89,94,-5,5
62139,95,97,-2,2
62140,150,145,5,5
62141,49,33,16,16
62142,92,96,-4,4
62143,92,87,5,5
62144,38,46,-8,8
62145,145,158,-13,13
62146,156,160,-4,4
62147,125,123,2,2
62148,51,48,3,3
62149,134,113,21,21
62150,92,101,-9,9
62151,85,93,-8,8
62152,60,62,-2,2
62153,67,73,-6,6
62154,99,116,-17,17
62155,159,168,-9,9
62156,86,94,-8,8
62157,75,47,28,28
62158,42,44,-2,2
62159,71,74,-3,3
62160,136,149,-13,13
62161,67,80,-13,13
62162,112,112,0,0
62163,71,74,-3,3
62164,48,58,-10,10
62165,139,141,-2,2
62166,114,151,-37,37
62167,48,49,-1,1
62168,86,83,3,3
62169,119,115,4,4
62170,94,99,-5,5
62171,105,110,-5,5
62172,104,91,13,13
62173,85,87,-2,2
62174,66,64,2,2
62175,93,86,7,7
62176,88,96,-8,8
62177,67,66,1,1
62178,91,97,-6,6
62179,110,112,-2,2
62180,80,76,4,4
62181,98,110,-12,12
62182,126,127,-1,1
62183,52,61,-9,9
62184,63,70,-7,7
62185,91,105,-14,14
62186,103,105,-2,2
62187,68,73,-5,5
62188,73,61,12,12
62189,95,95,0,0
62190,100,104,-4,4
62191,111,97,14,14
62192,100,101,-1,1
62193,75,82,-7,7
62194,84,91,-7,7
62195,75,78,-3,3
62196,139,125,14,14
62197,105,114,-9,9
62198,84,94,-10,10
62199,137,127,10,10
62200,65,104,-39,39
62201,97,97,0,0
62202,78,84,-6,6
62203,122,124,-2,2
62204,72,78,-6,6
62205,80,98,-18,18
62206,132,120,12,12
62207,113,104,9,9
62208,121,124,-3,3
62209,72,80,-8,8
62210,95,103,-8,8
62211,124,119,5,5
62212,122,118,4,4
62213,152,145,7,7
62214,105,104,1,1
62215,103,110,-7,7
62216,111,110,1,1
62217,60,45,15,15
62218,75,111,-36,36
62219,69,73,-4,4
62220,85,81,4,4
62221,91,97,-6,6
62222,106,101,5,5
62223,76,86,-10,10
62224,43,44,-1,1
62225,65,62,3,3
62226,180,179,1,1
62227,38,56,-18,18
62228,86,89,-3,3
62229,77,91,-14,14
62230,110,114,-4,4
62231,111,110,1,1
62232,134,124,10,10
62233,123,152,-29,29
62234,67,68,-1,1
62235,77,96,-19,19
62236,95,102,-7,7
62237,94,103,-9,9
62238,131,137,-6,6
62239,88,102,-14,14
62240,130,125,5,5
62241,78,72,6,6
62242,98,99,-1,1
62243,66,63,3,3
62244,63,68,-5,5
62245,85,88,-3,3
62246,82,89,-7,7
62247,82,90,-8,8
62248,104,101,3,3
62249,120,118,2,2
62250,68,71,-3,3
62251,108,122,-14,14
62252,101,89,12,12
62253,102,94,8,8
62254,161,166,-5,5
62255,48,55,-7,7
62256,82,89,-7,7
62257,134,133,1,1
62258,102,100,2,2
62259,47,46,1,1
62260,101,81,20,20
62261,103,103,0,0
62262,158,146,12,12
62263,79,86,-7,7
62264,126,125,1,1
62265,72,74,-2,2
62266,103,106,-3,3
62267,86,93,-7,7
62268,73,82,-9,9
62269,150,136,14,14
62270,69,66,3,3
62271,89,80,9,9
62272,102,99,3,3
62273,89,92,-3,3
62274,92,94,-2,2
62275,91,95,-4,4
62276,69,65,4,4
62277,31,42,-11,11
62278,62,67,-5,5
62279,74,88,-14,14
62280,73,65,8,8
62281,92,77,15,15
62282,68,68,0,0
62283,121,119,2,2
62284,160,154,6,6
62285,124,126,-2,2
62286,71,75,-4,4
62287,98,95,3,3
62288,85,88,-3,3
62289,93,84,9,9
62290,87,83,4,4
62291,210,170,40,40
62292,74,74,0,0
62293,84,94,-10,10
62294,141,137,4,4
62295,68,68,0,0
62296,118,121,-3,3
62297,75,72,3,3
62298,150,143,7,7
62299,162,155,7,7
62300,59,58,1,1
62301,82,85,-3,3
62302,118,122,-4,4
62303,94,101,-7,7
62304,75,83,-8,8
62305,71,73,-2,2
62306,131,123,8,8
62307,120,116,4,4
62308,91,96,-5,5
62309,112,105,7,7
62310,145,150,-5,5
62311,93,78,15,15
62312,93,72,21,21
62313,89,84,5,5
62314,110,110,0,0
62315,78,77,1,1
62316,80,70,10,10
62317,133,139,-6,6
62318,50,44,6,6
62319,82,89,-7,7
62320,145,153,-8,8
62321,126,111,15,15
62322,105,112,-7,7
62323,159,161,-2,2
62324,118,116,2,2
62325,142,140,2,2
62326,108,112,-4,4
62327,110,112,-2,2
62328,106,99,7,7
62329,119,123,-4,4
62330,90,96,-6,6
62331,68,70,-2,2
62332,119,112,7,7
62333,162,159,3,3
62334,76,91,-15,15
62335,89,83,6,6
62336,57,62,-5,5
62337,79,76,3,3
62338,72,86,-14,14
62339,110,101,9,9
62340,82,80,2,2
62341,76,71,5,5
62342,68,77,-9,9
62343,79,100,-21,21
62344,64,67,-3,3
62345,151,141,10,10
62346,64,61,3,3
62347,110,111,-1,1
62348,78,72,6,6
62349,123,124,-1,1
62350,118,114,4,4
62351,58,66,-8,8
62352,140,134,6,6
62353,128,127,1,1
62354,57,54,3,3
62355,101,109,-8,8
62356,106,109,-3,3
62357,71,78,-7,7
62358,61,53,8,8
62359,187,164,23,23
62360,123,113,10,10
62361,64,52,12,12
62362,59,65,-6,6
62363,83,83,0,0
62364,68,72,-4,4
62365,83,77,6,6
62366,111,108,3,3
62367,86,92,-6,6
62368,87,97,-10,10
62369,97,99,-2,2
62370,76,77,-1,1
62371,91,102,-11,11
62372,169,153,16,16
62373,51,48,3,3
62374,57,76,-19,19
62375,168,164,4,4
62376,93,79,14,14
62377,93,100,-7,7
62378,98,88,10,10
62379,76,84,-8,8
62380,142,145,-3,3
62381,60,59,1,1
62382,118,113,5,5
62383,40,69,-29,29
62384,68,58,10,10
62385,75,73,2,2
62386,97,108,-11,11
62387,124,128,-4,4
62388,68,60,8,8
62389,89,97,-8,8
62390,109,110,-1,1
62391,53,56,-3,3
62392,112,108,4,4
62393,140,144,-4,4
62394,113,108,5,5
62395,105,122,-17,17
62396,69,70,-1,1
62397,98,126,-28,28
62398,150,139,11,11
62399,93,91,2,2
62400,117,121,-4,4
62401,44,40,4,4
62402,65,54,11,11
62403,78,72,6,6
62404,149,148,1,1
62405,75,71,4,4
62406,82,81,1,1
62407,93,93,0,0
62408,129,138,-9,9
62409,46,53,-7,7
62410,56,56,0,0
62411,99,89,10,10
62412,31,39,-8,8
62413,113,112,1,1
62414,167,170,-3,3
62415,113,115,-2,2
62416,171,168,3,3
62417,71,67,4,4
62418,103,105,-2,2
62419,76,83,-7,7
62420,64,58,6,6
62421,105,106,-1,1
62422,176,169,7,7
62423,127,121,6,6
62424,118,106,12,12
62425,88,102,-14,14
62426,133,134,-1,1
62427,84,92,-8,8
62428,108,114,-6,6
62429,72,75,-3,3
62430,128,129,-1,1
62431,36,40,-4,4
62432,116,108,8,8
62433,105,114,-9,9
62434,85,88,-3,3
62435,48,47,1,1
62436,142,127,15,15
62437,78,68,10,10
62438,72,79,-7,7
62439,255,229,26,26
62440,113,117,-4,4
62441,98,92,6,6
62442,143,142,1,1
62443,85,107,-22,22
62444,111,107,4,4
62445,106,110,-4,4
62446,111,116,-5,5
62447,84,81,3,3
62448,74,79,-5,5
62449,87,85,2,2
62450,133,126,7,7
62451,111,125,-14,14
62452,78,81,-3,3
62453,83,84,-1,1
62454,117,112,5,5
62455,97,89,8,8
62456,127,132,-5,5
62457,66,52,14,14
62458,124,116,8,8
62459,72,72,0,0
62460,108,89,19,19
62461,124,134,-10,10
62462,137,125,12,12
62463,84,84,0,0
62464,175,165,10,10
62465,32,26,6,6
62466,127,117,10,10
62467,139,139,0,0
62468,84,117,-33,33
62469,138,139,-1,1
62470,147,151,-4,4
62471,49,55,-6,6
62472,87,91,-4,4
62473,71,78,-7,7
62474,89,81,8,8
62475,122,119,3,3
62476,110,120,-10,10
62477,112,120,-8,8
62478,161,159,2,2
62479,78,72,6,6
62480,84,93,-9,9
62481,96,83,13,13
62482,83,84,-1,1
62483,166,158,8,8
62484,69,65,4,4
62485,48,42,6,6
62486,84,54,30,30
62487,113,96,17,17
62488,89,93,-4,4
62489,51,47,4,4
62490,101,102,-1,1
62491,70,51,19,19
62492,107,98,9,9
62493,99,101,-2,2
62494,142,126,16,16
62495,123,113,10,10
62496,81,75,6,6
62497,60,53,7,7
62498,139,132,7,7
62499,93,86,7,7
62500,123,121,2,2
62501,101,86,15,15
62502,128,125,3,3
62503,72,73,-1,1
62504,134,124,10,10
62505,89,92,-3,3
62506,162,146,16,16
62507,129,116,13,13
62508,97,101,-4,4
62509,63,74,-11,11
62510,88,91,-3,3
62511,47,46,1,1
62512,163,158,5,5
62513,169,174,-5,5
62514,88,80,8,8
62515,116,115,1,1
62516,68,74,-6,6
62517,66,66,0,0
62518,75,75,0,0
62519,79,93,-14,14
62520,132,131,1,1
62521,64,70,-6,6
62522,154,151,3,3
62523,159,144,15,15
62524,97,103,-6,6
62525,151,144,7,7
62526,64,71,-7,7
62527,86,75,11,11
62528,86,117,-31,31
62529,105,111,-6,6
62530,135,138,-3,3
62531,78,91,-13,13
62532,180,158,22,22
62533,126,116,10,10
62534,115,120,-5,5
62535,95,103,-8,8
62536,123,114,9,9
62537,49,36,13,13
62538,94,101,-7,7
62539,170,170,0,0
62540,92,96,-4,4
62541,101,109,-8,8
62542,93,98,-5,5
62543,123,146,-23,23
62544,83,82,1,1
62545,122,115,7,7
62546,109,121,-12,12
62547,67,61,6,6
62548,59,63,-4,4
62549,79,81,-2,2
62550,82,94,-12,12
62551,69,69,0,0
62552,83,103,-20,20
62553,116,121,-5,5
62554,202,176,26,26
62555,92,110,-18,18
62556,95,95,0,0
62557,104,103,1,1
62558,124,123,1,1
62559,203,194,9,9
62560,95,96,-1,1
62561,131,124,7,7
62562,42,31,11,11
62563,106,91,15,15
62564,40,42,-2,2
62565,81,80,1,1
62566,125,121,4,4
62567,82,83,-1,1
62568,121,110,11,11
62569,85,105,-20,20
62570,104,95,9,9
62571,82,86,-4,4
62572,76,71,5,5
62573,60,55,5,5
62574,91,85,6,6
62575,96,84,12,12
62576,118,115,3,3
62577,101,92,9,9
62578,140,142,-2,2
62579,153,155,-2,2
62580,115,124,-9,9
62581,38,59,-21,21
62582,74,79,-5,5
62583,28,59,-31,31
62584,65,70,-5,5
62585,113,113,0,0
62586,109,112,-3,3
62587,93,97,-4,4
62588,87,85,2,2
62589,54,50,4,4
62590,125,122,3,3
62591,141,144,-3,3
62592,114,126,-12,12
62593,122,113,9,9
62594,138,143,-5,5
62595,98,91,7,7
62596,84,101,-17,17
62597,118,124,-6,6
62598,114,131,-17,17
62599,69,73,-4,4
62600,47,56,-9,9
62601,72,55,17,17
62602,72,63,9,9
62603,85,88,-3,3
62604,48,45,3,3
62605,96,94,2,2
62606,90,91,-1,1
62607,99,88,11,11
62608,122,130,-8,8
62609,60,63,-3,3
62610,80,89,-9,9
62611,79,85,-6,6
62612,54,50,4,4
62613,90,93,-3,3
62614,84,98,-14,14
62615,98,99,-1,1
62616,106,106,0,0
62617,70,75,-5,5
62618,93,90,3,3
62619,81,78,3,3
62620,108,98,10,10
62621,66,70,-4,4
62622,92,90,2,2
62623,58,58,0,0
62624,80,79,1,1
62625,72,64,8,8
62626,92,88,4,4
62627,114,130,-16,16
62628,149,144,5,5
62629,85,82,3,3
62630,61,53,8,8
62631,104,100,4,4
62632,100,91,9,9
62633,132,120,12,12
62634,132,125,7,7
62635,114,106,8,8
62636,89,102,-13,13
62637,52,51,1,1
62638,51,45,6,6
62639,109,114,-5,5
62640,112,128,-16,16
62641,80,76,4,4
62642,158,172,-14,14
62643,103,99,4,4
62644,59,64,-5,5
62645,118,109,9,9
62646,114,112,2,2
62647,101,94,7,7
62648,64,68,-4,4
62649,75,77,-2,2
62650,110,101,9,9
62651,168,182,-14,14
62652,109,103,6,6
62653,106,110,-4,4
62654,32,75,-43,43
62655,86,100,-14,14
62656,185,161,24,24
62657,125,148,-23,23
62658,48,50,-2,2
62659,128,138,-10,10
62660,138,146,-8,8
62661,75,68,7,7
62662,84,109,-25,25
62663,115,106,9,9
62664,58,70,-12,12
62665,97,101,-4,4
62666,152,137,15,15
62667,94,95,-1,1
62668,114,127,-13,13
62669,130,138,-8,8
62670,61,56,5,5
62671,185,165,20,20
62672,110,111,-1,1
62673,58,57,1,1
62674,79,93,-14,14
62675,79,76,3,3
62676,93,87,6,6
62677,129,126,3,3
62678,134,148,-14,14
62679,98,101,-3,3
62680,162,167,-5,5
62681,83,83,0,0
62682,107,98,9,9
62683,98,127,-29,29
62684,131,122,9,9
62685,57,56,1,1
62686,153,141,12,12
62687,126,125,1,1
62688,89,85,4,4
62689,68,70,-2,2
62690,131,135,-4,4
62691,68,76,-8,8
62692,94,88,6,6
62693,135,130,5,5
62694,96,99,-3,3
62695,95,106,-11,11
62696,90,87,3,3
62697,55,55,0,0
62698,108,113,-5,5
62699,36,36,0,0
62700,73,69,4,4
62701,73,85,-12,12
62702,102,106,-4,4
62703,52,51,1,1
62704,22,50,-28,28
62705,102,92,10,10
62706,136,128,8,8
62707,83,77,6,6
62708,76,74,2,2
62709,135,132,3,3
62710,116,130,-14,14
62711,69,68,1,1
62712,42,44,-2,2
62713,86,74,12,12
62714,131,137,-6,6
62715,119,109,10,10
62716,65,67,-2,2
62717,100,109,-9,9
62718,65,73,-8,8
62719,73,69,4,4
62720,63,66,-3,3
62721,115,150,-35,35
62722,164,157,7,7
62723,146,144,2,2
62724,64,70,-6,6
62725,101,98,3,3
62726,124,121,3,3
62727,74,74,0,0
62728,92,72,20,20
62729,90,88,2,2
62730,93,94,-1,1
62731,76,78,-2,2
62732,133,141,-8,8
62733,54,56,-2,2
62734,147,132,15,15
62735,107,111,-4,4
62736,132,120,12,12
62737,129,114,15,15
62738,95,94,1,1
62739,78,98,-20,20
62740,93,88,5,5
62741,85,90,-5,5
62742,138,153,-15,15
62743,106,106,0,0
62744,45,44,1,1
62745,50,53,-3,3
62746,55,32,23,23
62747,44,57,-13,13
62748,70,55,15,15
62749,125,125,0,0
62750,82,81,1,1
62751,80,79,1,1
62752,120,121,-1,1
62753,100,99,1,1
62754,70,68,2,2
62755,65,63,2,2
62756,96,93,3,3
62757,93,90,3,3
62758,106,106,0,0
62759,168,151,17,17
62760,169,160,9,9
62761,95,61,34,34
62762,95,95,0,0
62763,81,84,-3,3
62764,65,60,5,5
62765,64,52,12,12
62766,62,65,-3,3
62767,119,114,5,5
62768,93,82,11,11
62769,77,85,-8,8
62770,141,152,-11,11
62771,66,62,4,4
62772,76,93,-17,17
62773,148,147,1,1
62774,57,73,-16,16
62775,78,46,32,32
62776,134,120,14,14
62777,133,127,6,6
62778,66,85,-19,19
62779,75,74,1,1
62780,97,94,3,3
62781,131,125,6,6
62782,171,159,12,12
62783,222,205,17,17
62784,102,104,-2,2
62785,60,61,-1,1
62786,144,150,-6,6
62787,43,47,-4,4
62788,82,78,4,4
62789,84,87,-3,3
62790,92,101,-9,9
62791,94,82,12,12
62792,179,173,6,6
62793,119,125,-6,6
62794,61,70,-9,9
62795,93,100,-7,7
62796,53,49,4,4
62797,142,136,6,6
62798,69,62,7,7
62799,90,93,-3,3
62800,139,134,5,5
62801,90,113,-23,23
62802,56,57,-1,1
62803,113,118,-5,5
62804,91,95,-4,4
62805,86,88,-2,2
62806,111,106,5,5
62807,74,67,7,7
62808,139,135,4,4
62809,96,90,6,6
62810,105,102,3,3
62811,139,131,8,8
62812,61,68,-7,7
62813,70,77,-7,7
62814,70,77,-7,7
62815,61,58,3,3
62816,127,132,-5,5
62817,92,102,-10,10
62818,120,113,7,7
62819,52,25,27,27
62820,86,90,-4,4
62821,62,64,-2,2
62822,101,119,-18,18
62823,85,103,-18,18
62824,96,103,-7,7
62825,105,110,-5,5
62826,122,120,2,2
62827,116,116,0,0
62828,98,86,12,12
62829,154,147,7,7
62830,100,90,10,10
62831,164,158,6,6
62832,162,156,6,6
62833,136,155,-19,19
62834,62,69,-7,7
62835,178,159,19,19
62836,109,101,8,8
62837,121,115,6,6
62838,108,125,-17,17
62839,84,80,4,4
62840,131,127,4,4
62841,122,117,5,5
62842,64,81,-17,17
62843,84,90,-6,6
62844,72,77,-5,5
62845,185,154,31,31
62846,77,76,1,1
62847,137,170,-33,33
62848,93,112,-19,19
62849,86,109,-23,23
62850,144,134,10,10
62851,78,79,-1,1
62852,61,67,-6,6
62853,129,120,9,9
62854,52,61,-9,9
62855,195,183,12,12
62856,87,94,-7,7
62857,101,111,-10,10
62858,103,87,16,16
62859,169,153,16,16
62860,104,97,7,7
62861,80,78,2,2
62862,40,52,-12,12
62863,90,97,-7,7
62864,89,95,-6,6
62865,105,113,-8,8
62866,86,95,-9,9
62867,133,127,6,6
62868,89,89,0,0
62869,64,60,4,4
62870,94,107,-13,13
62871,86,97,-11,11
62872,128,136,-8,8
62873,53,57,-4,4
62874,91,82,9,9
62875,74,73,1,1
62876,64,65,-1,1
62877,81,76,5,5
62878,66,75,-9,9
62879,76,71,5,5
62880,91,88,3,3
62881,76,72,4,4
62882,109,110,-1,1
62883,77,76,1,1
62884,76,80,-4,4
62885,110,100,10,10
62886,88,86,2,2
62887,120,119,1,1
62888,127,129,-2,2
62889,106,113,-7,7
62890,201,185,16,16
62891,111,115,-4,4
62892,231,206,25,25
62893,59,69,-10,10
62894,150,143,7,7
62895,141,135,6,6
62896,62,54,8,8
62897,191,182,9,9
62898,119,115,4,4
62899,72,82,-10,10
62900,103,108,-5,5
62901,79,87,-8,8
62902,106,109,-3,3
62903,104,118,-14,14
62904,88,96,-8,8
62905,78,78,0,0
62906,81,95,-14,14
62907,98,103,-5,5
62908,123,119,4,4
62909,142,129,13,13
62910,74,80,-6,6
62911,163,152,11,11
62912,102,97,5,5
62913,60,62,-2,2
62914,133,126,7,7
62915,59,62,-3,3
62916,47,51,-4,4
62917,86,97,-11,11
62918,124,115,9,9
62919,28,30,-2,2
62920,59,59,0,0
62921,124,132,-8,8
62922,105,104,1,1
62923,103,103,0,0
62924,80,82,-2,2
62925,82,79,3,3
62926,84,87,-3,3
62927,128,132,-4,4
62928,101,110,-9,9
62929,72,78,-6,6
62930,89,81,8,8
62931,119,117,2,2
62932,181,171,10,10
62933,146,137,9,9
62934,58,58,0,0
62935,80,78,2,2
62936,37,37,0,0
62937,45,54,-9,9
62938,95,110,-15,15
62939,108,107,1,1
62940,79,77,2,2
62941,85,73,12,12
62942,53,60,-7,7
62943,211,185,26,26
62944,103,102,1,1
62945,77,71,6,6
62946,75,74,1,1
62947,95,96,-1,1
62948,102,95,7,7
62949,77,79,-2,2
62950,54,49,5,5
62951,110,109,1,1
62952,121,118,3,3
62953,89,78,11,11
62954,93,100,-7,7
62955,44,48,-4,4
62956,84,94,-10,10
62957,135,131,4,4
62958,66,63,3,3
62959,104,117,-13,13
62960,141,125,16,16
62961,98,81,17,17
62962,90,93,-3,3
62963,115,118,-3,3
62964,109,112,-3,3
62965,69,82,-13,13
62966,64,65,-1,1
62967,185,163,22,22
62968,114,113,1,1
62969,191,221,-30,30
62970,49,46,3,3
62971,83,87,-4,4
62972,100,116,-16,16
62973,98,90,8,8
62974,69,82,-13,13
62975,103,94,9,9
62976,148,153,-5,5
62977,81,76,5,5
62978,151,151,0,0
62979,70,53,17,17
62980,88,83,5,5
62981,93,102,-9,9
62982,60,59,1,1
62983,88,84,4,4
62984,63,63,0,0
62985,92,93,-1,1
62986,108,106,2,2
62987,78,76,2,2
62988,156,135,21,21
62989,63,66,-3,3
62990,58,63,-5,5
62991,38,27,11,11
62992,107,100,7,7
62993,101,99,2,2
62994,65,64,1,1
62995,120,124,-4,4
62996,101,106,-5,5
62997,106,96,10,10
62998,72,70,2,2
62999,127,121,6,6
63000,65,72,-7,7
63001,126,117,9,9
63002,113,119,-6,6
63003,104,115,-11,11
63004,152,134,18,18
63005,57,60,-3,3
63006,83,81,2,2
63007,101,105,-4,4
63008,81,78,3,3
63009,54,65,-11,11
63010,80,85,-5,5
63011,83,90,-7,7
63012,31,16,15,15
63013,64,67,-3,3
63014,159,157,2,2
63015,133,134,-1,1
63016,116,124,-8,8
63017,57,49,8,8
63018,99,88,11,11
63019,62,57,5,5
63020,90,96,-6,6
63021,117,117,0,0
63022,142,134,8,8
63023,177,157,20,20
63024,59,69,-10,10
63025,89,100,-11,11
63026,69,69,0,0
63027,63,71,-8,8
63028,46,63,-17,17
63029,136,142,-6,6
63030,105,122,-17,17
63031,127,134,-7,7
63032,66,74,-8,8
63033,138,137,1,1
63034,71,70,1,1
63035,97,98,-1,1
63036,112,114,-2,2
63037,77,82,-5,5
63038,57,62,-5,5
63039,84,87,-3,3
63040,85,72,13,13
63041,111,104,7,7
63042,123,121,2,2
63043,110,121,-11,11
63044,114,131,-17,17
63045,111,133,-22,22
63046,71,80,-9,9
63047,93,99,-6,6
63048,343,347,-4,4
63049,72,74,-2,2
63050,186,162,24,24
63051,62,60,2,2
63052,79,84,-5,5
63053,129,138,-9,9
63054,121,135,-14,14
63055,105,99,6,6
63056,157,142,15,15
63057,115,108,7,7
63058,78,77,1,1
63059,179,179,0,0
63060,80,77,3,3
63061,113,119,-6,6
63062,87,88,-1,1
63063,95,98,-3,3
63064,95,95,0,0
63065,104,99,5,5
63066,88,87,1,1
63067,61,56,5,5
63068,63,63,0,0
63069,87,103,-16,16
63070,157,164,-7,7
63071,92,127,-35,35
63072,53,55,-2,2
63073,128,123,5,5
63074,114,111,3,3
63075,95,93,2,2
63076,102,102,0,0
63077,120,127,-7,7
63078,110,114,-4,4
63079,207,208,-1,1
63080,103,107,-4,4
63081,55,56,-1,1
63082,98,95,3,3
63083,99,106,-7,7
63084,94,103,-9,9
63085,82,96,-14,14
63086,60,87,-27,27
63087,95,104,-9,9
63088,113,105,8,8
63089,113,118,-5,5
63090,105,103,2,2
63091,80,55,25,25
63092,104,119,-15,15
63093,97,93,4,4
63094,62,58,4,4
63095,62,72,-10,10
63096,85,93,-8,8
63097,114,111,3,3
63098,72,67,5,5
63099,82,76,6,6
63100,94,90,4,4
63101,90,91,-1,1
63102,110,108,2,2
63103,90,85,5,5
63104,80,84,-4,4
63105,109,99,10,10
63106,61,65,-4,4
63107,185,172,13,13
63108,117,120,-3,3
63109,139,140,-1,1
63110,56,59,-3,3
63111,74,83,-9,9
63112,107,114,-7,7
63113,78,85,-7,7
63114,51,53,-2,2
63115,87,85,2,2
63116,114,108,6,6
63117,83,79,4,4
63118,137,125,12,12
63119,117,105,12,12
63120,87,96,-9,9
63121,69,79,-10,10
63122,86,89,-3,3
63123,150,148,2,2
63124,162,160,2,2
63125,87,102,-15,15
63126,68,64,4,4
63127,68,69,-1,1
63128,126,88,38,38
63129,109,101,8,8
63130,106,118,-12,12
63131,114,113,1,1
63132,136,142,-6,6
63133,128,114,14,14
63134,109,104,5,5
63135,114,121,-7,7
63136,102,107,-5,5
63137,144,137,7,7
63138,52,56,-4,4
63139,73,87,-14,14
63140,116,114,2,2
63141,111,102,9,9
63142,106,119,-13,13
63143,125,121,4,4
63144,119,113,6,6
63145,77,85,-8,8
63146,78,73,5,5
63147,62,61,1,1
63148,80,86,-6,6
63149,101,98,3,3
63150,130,137,-7,7
63151,165,147,18,18
63152,88,79,9,9
63153,97,85,12,12
63154,125,115,10,10
63155,55,60,-5,5
63156,76,79,-3,3
63157,124,133,-9,9
63158,82,83,-1,1
63159,60,69,-9,9
63160,107,100,7,7
63161,109,113,-4,4
63162,162,156,6,6
63163,95,120,-25,25
63164,54,52,2,2
63165,125,125,0,0
63166,107,93,14,14
63167,74,69,5,5
63168,155,148,7,7
63169,77,81,-4,4
63170,80,78,2,2
63171,122,124,-2,2
63172,71,79,-8,8
63173,112,110,2,2
63174,61,75,-14,14
63175,88,93,-5,5
63176,171,150,21,21
63177,98,93,5,5
63178,59,66,-7,7
63179,150,141,9,9
63180,94,97,-3,3
63181,112,110,2,2
63182,113,95,18,18
63183,92,93,-1,1
63184,121,125,-4,4
63185,101,100,1,1
63186,82,80,2,2
63187,125,113,12,12
63188,74,71,3,3
63189,68,86,-18,18
63190,104,106,-2,2
63191,80,67,13,13
63192,101,97,4,4
63193,96,105,-9,9
63194,96,95,1,1
63195,79,90,-11,11
63196,75,75,0,0
63197,121,122,-1,1
63198,173,167,6,6
63199,123,118,5,5
63200,124,116,8,8
63201,123,119,4,4
63202,129,132,-3,3
63203,119,107,12,12
63204,107,108,-1,1
63205,117,123,-6,6
63206,74,78,-4,4
63207,72,81,-9,9
63208,92,98,-6,6
63209,102,95,7,7
63210,123,134,-11,11
63211,119,136,-17,17
63212,71,67,4,4
63213,64,75,-11,11
63214,108,101,7,7
63215,140,130,10,10
63216,90,92,-2,2
63217,128,115,13,13
63218,99,100,-1,1
63219,82,102,-20,20
63220,156,152,4,4
63221,137,141,-4,4
63222,78,68,10,10
63223,95,95,0,0
63224,82,94,-12,12
63225,90,91,-1,1
63226,64,69,-5,5
63227,73,85,-12,12
63228,53,62,-9,9
63229,123,126,-3,3
63230,62,62,0,0
63231,92,103,-11,11
63232,123,118,5,5
63233,125,119,6,6
63234,41,43,-2,2
63235,187,171,16,16
63236,91,92,-1,1
63237,76,77,-1,1
63238,176,156,20,20
63239,93,106,-13,13
63240,87,99,-12,12
63241,89,94,-5,5
63242,88,68,20,20
63243,99,98,1,1
63244,134,121,13,13
63245,95,102,-7,7
63246,105,100,5,5
63247,42,53,-11,11
63248,96,93,3,3
63249,50,56,-6,6
63250,63,70,-7,7
63251,95,109,-14,14
63252,99,105,-6,6
63253,109,115,-6,6
63254,133,123,10,10
63255,90,80,10,10
63256,71,72,-1,1
63257,58,69,-11,11
63258,173,161,12,12
63259,77,74,3,3
63260,88,59,29,29
63261,72,71,1,1
63262,116,115,1,1
63263,61,66,-5,5
63264,94,89,5,5
63265,117,129,-12,12
63266,114,118,-4,4
63267,147,140,7,7
63268,125,124,1,1
63269,100,106,-6,6
63270,101,86,15,15
63271,112,107,5,5
63272,94,81,13,13
63273,119,104,15,15
63274,154,148,6,6
63275,82,78,4,4
63276,58,50,8,8
63277,131,99,32,32
63278,82,83,-1,1
63279,96,100,-4,4
63280,80,76,4,4
63281,118,120,-2,2
63282,51,70,-19,19
63283,164,155,9,9
63284,77,108,-31,31
63285,144,136,8,8
63286,132,139,-7,7
63287,89,92,-3,3
63288,78,74,4,4
63289,51,58,-7,7
63290,100,110,-10,10
63291,108,109,-1,1
63292,143,128,15,15
63293,88,89,-1,1
63294,67,59,8,8
63295,121,127,-6,6
63296,90,82,8,8
63297,65,64,1,1
63298,79,85,-6,6
63299,144,139,5,5
63300,55,56,-1,1
63301,78,81,-3,3
63302,82,100,-18,18
63303,78,71,7,7
63304,160,158,2,2
63305,89,83,6,6
63306,101,119,-18,18
63307,114,110,4,4
63308,86,82,4,4
63309,155,158,-3,3
63310,105,108,-3,3
63311,76,72,4,4
63312,149,141,8,8
63313,99,109,-10,10
63314,120,109,11,11
63315,69,70,-1,1
63316,102,101,1,1
63317,59,54,5,5
63318,54,60,-6,6
63319,107,91,16,16
63320,60,55,5,5
63321,70,61,9,9
63322,219,212,7,7
63323,83,81,2,2
63324,68,69,-1,1
63325,89,95,-6,6
63326,68,77,-9,9
63327,108,119,-11,11
63328,94,113,-19,19
63329,90,93,-3,3
63330,171,163,8,8
63331,35,39,-4,4
63332,39,39,0,0
63333,80,116,-36,36
63334,69,67,2,2
63335,109,107,2,2
63336,112,125,-13,13
63337,127,132,-5,5
63338,87,94,-7,7
63339,60,128,-68,68
63340,67,75,-8,8
63341,151,140,11,11
63342,115,107,8,8
63343,86,89,-3,3
63344,97,90,7,7
63345,128,122,6,6
63346,137,124,13,13
63347,102,106,-4,4
63348,76,79,-3,3
63349,33,24,9,9
63350,89,94,-5,5
63351,68,65,3,3
63352,55,52,3,3
63353,104,110,-6,6
63354,98,106,-8,8
63355,67,69,-2,2
63356,103,95,8,8
63357,87,88,-1,1
63358,92,90,2,2
63359,97,90,7,7
63360,144,139,5,5
63361,94,112,-18,18
63362,95,95,0,0
63363,131,117,14,14
63364,102,103,-1,1
63365,132,133,-1,1
63366,83,88,-5,5
63367,127,140,-13,13
63368,71,70,1,1
63369,86,89,-3,3
63370,202,183,19,19
63371,181,173,8,8
63372,129,137,-8,8
63373,112,109,3,3
63374,118,129,-11,11
63375,46,42,4,4
63376,120,111,9,9
63377,55,70,-15,15
63378,141,135,6,6
63379,92,91,1,1
63380,137,131,6,6
63381,59,62,-3,3
63382,192,190,2,2
63383,144,155,-11,11
63384,91,95,-4,4
63385,111,119,-8,8
63386,52,59,-7,7
63387,135,126,9,9
63388,43,45,-2,2
63389,138,119,19,19
63390,159,142,17,17
63391,88,94,-6,6
63392,63,69,-6,6
63393,90,92,-2,2
63394,101,95,6,6
63395,72,73,-1,1
63396,64,61,3,3
63397,81,74,7,7
63398,94,97,-3,3
63399,125,126,-1,1
63400,64,61,3,3
63401,68,63,5,5
63402,77,83,-6,6
63403,125,124,1,1
63404,68,75,-7,7
63405,131,134,-3,3
63406,72,72,0,0
63407,113,107,6,6
63408,136,141,-5,5
63409,136,129,7,7
63410,129,120,9,9
63411,118,109,9,9
63412,79,76,3,3
63413,98,90,8,8
63414,117,117,0,0
63415,98,104,-6,6
63416,30,39,-9,9
63417,76,77,-1,1
63418,87,89,-2,2
63419,110,111,-1,1
63420,80,82,-2,2
63421,48,60,-12,12
63422,120,116,4,4
63423,98,95,3,3
63424,43,49,-6,6
63425,84,85,-1,1
63426,62,63,-1,1
63427,165,167,-2,2
63428,56,58,-2,2
63429,85,91,-6,6
63430,109,111,-2,2
63431,149,152,-3,3
63432,55,51,4,4
63433,89,100,-11,11
63434,68,79,-11,11
63435,68,73,-5,5
63436,146,139,7,7
63437,112,109,3,3
63438,104,101,3,3
63439,49,48,1,1
63440,67,63,4,4
63441,70,80,-10,10
63442,109,95,14,14
63443,56,60,-4,4
63444,148,141,7,7
63445,97,107,-10,10
63446,79,81,-2,2
63447,116,106,10,10
63448,97,94,3,3
63449,79,76,3,3
63450,74,66,8,8
63451,67,61,6,6
63452,118,119,-1,1
63453,72,79,-7,7
63454,128,116,12,12
63455,113,119,-6,6
63456,103,106,-3,3
63457,86,94,-8,8
63458,59,67,-8,8
63459,114,126,-12,12
63460,125,133,-8,8
63461,105,104,1,1
63462,70,75,-5,5
63463,147,136,11,11
63464,90,82,8,8
63465,81,86,-5,5
63466,65,76,-11,11
63467,63,69,-6,6
63468,110,112,-2,2
63469,108,98,10,10
63470,62,82,-20,20
63471,107,103,4,4
63472,47,48,-1,1
63473,76,90,-14,14
63474,92,91,1,1
63475,129,122,7,7
63476,87,87,0,0
63477,90,81,9,9
63478,75,78,-3,3
63479,69,76,-7,7
63480,61,66,-5,5
63481,76,69,7,7
63482,49,50,-1,1
63483,133,129,4,4
63484,147,149,-2,2
63485,115,95,20,20
63486,88,96,-8,8
63487,70,68,2,2
63488,77,79,-2,2
63489,64,59,5,5
63490,182,164,18,18
63491,103,99,4,4
63492,91,93,-2,2
63493,104,103,1,1
63494,67,60,7,7
63495,90,92,-2,2
63496,81,83,-2,2
63497,140,140,0,0
63498,64,73,-9,9
63499,132,139,-7,7
63500,64,65,-1,1
63501,117,116,1,1
63502,86,101,-15,15
63503,216,192,24,24
63504,129,123,6,6
63505,107,110,-3,3
63506,114,110,4,4
63507,99,95,4,4
63508,232,196,36,36
63509,81,83,-2,2
63510,117,121,-4,4
63511,142,139,3,3
63512,33,31,2,2
63513,80,89,-9,9
63514,95,95,0,0
63515,84,86,-2,2
63516,111,121,-10,10
63517,53,51,2,2
63518,47,57,-10,10
63519,80,80,0,0
63520,81,82,-1,1
63521,74,65,9,9
63522,49,56,-7,7
63523,124,113,11,11
63524,98,94,4,4
63525,155,151,4,4
63526,58,63,-5,5
63527,111,114,-3,3
63528,99,116,-17,17
63529,124,121,3,3
63530,62,45,17,17
63531,55,53,2,2
63532,72,72,0,0
63533,62,56,6,6
63534,74,73,1,1
63535,76,68,8,8
63536,102,96,6,6
63537,87,85,2,2
63538,136,129,7,7
63539,89,88,1,1
63540,68,67,1,1
63541,67,76,-9,9
63542,97,101,-4,4
63543,123,120,3,3
63544,170,158,12,12
63545,120,124,-4,4
63546,110,120,-10,10
63547,100,85,15,15
63548,37,44,-7,7
63549,84,71,13,13
63550,62,60,2,2
63551,145,145,0,0
63552,106,107,-1,1
63553,115,111,4,4
63554,126,133,-7,7
63555,141,152,-11,11
63556,92,89,3,3
63557,110,116,-6,6
63558,59,67,-8,8
63559,90,97,-7,7
63560,77,76,1,1
63561,70,75,-5,5
63562,77,72,5,5
63563,79,72,7,7
63564,154,149,5,5
63565,137,145,-8,8
63566,106,116,-10,10
63567,116,107,9,9
63568,119,102,17,17
63569,65,60,5,5
63570,139,127,12,12
63571,145,133,12,12
63572,141,134,7,7
63573,119,111,8,8
63574,70,74,-4,4
63575,78,73,5,5
63576,75,63,12,12
63577,100,96,4,4
63578,163,151,12,12
63579,162,151,11,11
63580,153,142,11,11
63581,94,96,-2,2
63582,74,74,0,0
63583,88,92,-4,4
63584,67,76,-9,9
63585,100,113,-13,13
63586,117,123,-6,6
63587,80,77,3,3
63588,95,89,6,6
63589,77,80,-3,3
63590,121,122,-1,1
63591,141,131,10,10
63592,83,75,8,8
63593,55,58,-3,3
63594,87,80,7,7
63595,76,81,-5,5
63596,116,105,11,11
63597,162,201,-39,39
63598,114,111,3,3
63599,79,77,2,2
63600,117,123,-6,6
63601,54,52,2,2
63602,87,93,-6,6
63603,124,122,2,2
63604,101,101,0,0
63605,53,56,-3,3
63606,133,134,-1,1
63607,75,89,-14,14
63608,78,93,-15,15
63609,69,84,-15,15
63610,40,40,0,0
63611,84,84,0,0
63612,94,101,-7,7
63613,75,72,3,3
63614,95,99,-4,4
63615,82,96,-14,14
63616,75,71,4,4
63617,141,110,31,31
63618,98,102,-4,4
63619,101,113,-12,12
63620,49,48,1,1
63621,45,34,11,11
63622,94,97,-3,3
63623,132,114,18,18
63624,122,111,11,11
63625,96,97,-1,1
63626,89,86,3,3
63627,114,122,-8,8
63628,112,98,14,14
63629,55,62,-7,7
63630,63,65,-2,2
63631,133,121,12,12
63632,71,84,-13,13
63633,81,71,10,10
63634,104,111,-7,7
63635,97,86,11,11
63636,103,117,-14,14
63637,110,97,13,13
63638,91,93,-2,2
63639,60,58,2,2
63640,58,65,-7,7
63641,91,85,6,6
63642,69,77,-8,8
63643,75,91,-16,16
63644,175,169,6,6
63645,62,64,-2,2
63646,121,119,2,2
63647,64,65,-1,1
63648,103,100,3,3
63649,109,51,58,58
63650,111,101,10,10
63651,87,82,5,5
63652,146,139,7,7
63653,68,77,-9,9
63654,69,76,-7,7
63655,79,74,5,5
63656,111,112,-1,1
63657,72,71,1,1
63658,110,112,-2,2
63659,106,98,8,8
63660,112,103,9,9
63661,85,73,12,12
63662,153,155,-2,2
63663,102,92,10,10
63664,75,82,-7,7
63665,123,117,6,6
63666,80,97,-17,17
63667,81,87,-6,6
63668,76,84,-8,8
63669,107,117,-10,10
63670,163,160,3,3
63671,75,83,-8,8
63672,83,82,1,1
63673,72,69,3,3
63674,73,74,-1,1
63675,47,54,-7,7
63676,127,128,-1,1
63677,31,36,-5,5
63678,88,79,9,9
63679,131,132,-1,1
63680,140,157,-17,17
63681,172,164,8,8
63682,86,85,1,1
63683,137,130,7,7
63684,108,112,-4,4
63685,67,70,-3,3
63686,157,172,-15,15
63687,42,46,-4,4
63688,81,90,-9,9
63689,96,85,11,11
63690,189,186,3,3
63691,97,114,-17,17
63692,82,96,-14,14
63693,105,105,0,0
63694,107,98,9,9
63695,81,83,-2,2
63696,44,42,2,2
63697,93,98,-5,5
63698,63,62,1,1
63699,46,84,-38,38
63700,128,144,-16,16
63701,133,164,-31,31
63702,40,42,-2,2
63703,119,111,8,8
63704,100,92,8,8
63705,96,96,0,0
63706,84,85,-1,1
63707,188,190,-2,2
63708,66,63,3,3
63709,145,148,-3,3
63710,50,57,-7,7
63711,74,73,1,1
63712,82,84,-2,2
63713,92,88,4,4
63714,131,133,-2,2
63715,69,69,0,0
63716,97,96,1,1
63717,137,128,9,9
63718,98,101,-3,3
63719,67,71,-4,4
63720,107,114,-7,7
63721,49,46,3,3
63722,76,77,-1,1
63723,66,69,-3,3
63724,170,151,19,19
63725,101,106,-5,5
63726,95,96,-1,1
63727,76,52,24,24
63728,82,93,-11,11
63729,84,83,1,1
63730,106,101,5,5
63731,64,81,-17,17
63732,91,89,2,2
63733,86,86,0,0
63734,54,53,1,1
63735,82,103,-21,21
63736,89,94,-5,5
63737,97,98,-1,1
63738,161,139,22,22
63739,48,41,7,7
63740,109,106,3,3
63741,159,149,10,10
63742,106,111,-5,5
63743,181,159,22,22
63744,129,136,-7,7
63745,101,107,-6,6
63746,114,107,7,7
63747,126,120,6,6
63748,168,149,19,19
63749,95,119,-24,24
63750,80,84,-4,4
63751,96,94,2,2
63752,35,43,-8,8
63753,73,75,-2,2
63754,89,87,2,2
63755,107,108,-1,1
63756,88,94,-6,6
63757,92,93,-1,1
63758,91,78,13,13
63759,91,86,5,5
63760,120,132,-12,12
63761,82,82,0,0
63762,80,87,-7,7
63763,55,43,12,12
63764,76,67,9,9
63765,72,71,1,1
63766,105,102,3,3
63767,113,120,-7,7
63768,67,61,6,6
63769,101,105,-4,4
63770,80,81,-1,1
63771,80,83,-3,3
63772,96,95,1,1
63773,71,68,3,3
63774,148,144,4,4
63775,72,70,2,2
63776,127,134,-7,7
63777,75,76,-1,1
63778,83,88,-5,5
63779,90,84,6,6
63780,86,97,-11,11
63781,75,72,3,3
63782,72,77,-5,5
63783,70,59,11,11
63784,105,103,2,2
63785,41,40,1,1
63786,68,75,-7,7
63787,86,89,-3,3
63788,64,56,8,8
63789,86,95,-9,9
63790,51,60,-9,9
63791,124,112,12,12
63792,88,94,-6,6
63793,93,95,-2,2
63794,54,76,-22,22
63795,71,57,14,14
63796,132,140,-8,8
63797,101,89,12,12
63798,172,156,16,16
63799,176,168,8,8
63800,173,172,1,1
63801,130,132,-2,2
63802,79,77,2,2
63803,102,102,0,0
63804,133,127,6,6
63805,90,72,18,18
63806,102,103,-1,1
63807,65,67,-2,2
63808,128,129,-1,1
63809,159,143,16,16
63810,57,66,-9,9
63811,171,161,10,10
63812,66,76,-10,10
63813,165,156,9,9
63814,51,45,6,6
63815,111,109,2,2
63816,211,173,38,38
63817,89,84,5,5
63818,74,79,-5,5
63819,86,99,-13,13
63820,129,111,18,18
63821,67,65,2,2
63822,112,108,4,4
63823,102,83,19,19
63824,76,79,-3,3
63825,67,78,-11,11
63826,96,93,3,3
63827,115,126,-11,11
63828,95,99,-4,4
63829,129,125,4,4
63830,78,77,1,1
63831,58,59,-1,1
63832,93,90,3,3
63833,53,52,1,1
63834,62,62,0,0
63835,89,88,1,1
63836,110,109,1,1
63837,109,122,-13,13
63838,34,52,-18,18
63839,94,83,11,11
63840,54,62,-8,8
63841,111,117,-6,6
63842,128,131,-3,3
63843,141,139,2,2
63844,92,102,-10,10
63845,102,100,2,2
63846,94,106,-12,12
63847,130,123,7,7
63848,93,97,-4,4
63849,86,78,8,8
63850,102,104,-2,2
63851,137,123,14,14
63852,55,50,5,5
63853,118,125,-7,7
63854,121,118,3,3
63855,155,150,5,5
63856,71,77,-6,6
63857,140,139,1,1
63858,64,74,-10,10
63859,110,122,-12,12
63860,119,126,-7,7
63861,55,56,-1,1
63862,80,82,-2,2
63863,142,126,16,16
63864,44,54,-10,10
63865,111,127,-16,16
63866,113,116,-3,3
63867,146,133,13,13
63868,169,157,12,12
63869,129,128,1,1
63870,76,82,-6,6
63871,67,62,5,5
63872,75,72,3,3
63873,68,72,-4,4
63874,74,84,-10,10
63875,80,80,0,0
63876,33,31,2,2
63877,91,91,0,0
63878,75,74,1,1
63879,94,92,2,2
63880,142,123,19,19
63881,50,96,-46,46
63882,193,187,6,6
63883,81,86,-5,5
63884,111,101,10,10
63885,130,126,4,4
63886,51,54,-3,3
63887,73,68,5,5
63888,136,138,-2,2
63889,94,98,-4,4
63890,111,102,9,9
63891,119,116,3,3
63892,101,107,-6,6
63893,79,69,10,10
63894,92,93,-1,1
63895,84,70,14,14
63896,48,57,-9,9
63897,105,108,-3,3
63898,87,74,13,13
63899,91,96,-5,5
63900,78,71,7,7
63901,136,150,-14,14
63902,123,134,-11,11
63903,130,133,-3,3
63904,126,117,9,9
63905,84,101,-17,17
63906,122,126,-4,4
63907,124,125,-1,1
63908,117,110,7,7
63909,49,49,0,0
63910,63,59,4,4
63911,64,70,-6,6
63912,57,52,5,5
63913,37,40,-3,3
63914,38,45,-7,7
63915,56,54,2,2
63916,137,129,8,8
63917,109,115,-6,6
63918,158,148,10,10
63919,112,125,-13,13
63920,96,100,-4,4
63921,99,106,-7,7
63922,68,66,2,2
63923,94,97,-3,3
63924,118,111,7,7
63925,80,93,-13,13
63926,78,91,-13,13
63927,94,88,6,6
63928,172,169,3,3
63929,39,41,-2,2
63930,62,77,-15,15
63931,152,132,20,20
63932,120,113,7,7
63933,90,88,2,2
63934,105,93,12,12
63935,80,81,-1,1
63936,58,63,-5,5
63937,51,53,-2,2
63938,90,90,0,0
63939,107,99,8,8
63940,71,82,-11,11
63941,61,65,-4,4
63942,111,137,-26,26
63943,88,98,-10,10
63944,56,63,-7,7
63945,93,89,4,4
63946,106,106,0,0
63947,96,95,1,1
63948,81,86,-5,5
63949,63,59,4,4
63950,112,116,-4,4
63951,120,110,10,10
63952,59,52,7,7
63953,103,89,14,14
63954,50,54,-4,4
63955,115,96,19,19
63956,54,64,-10,10
63957,71,71,0,0
63958,59,54,5,5
63959,115,114,1,1
63960,47,55,-8,8
63961,100,102,-2,2
63962,77,67,10,10
63963,195,164,31,31
63964,118,126,-8,8
63965,90,90,0,0
63966,101,108,-7,7
63967,141,147,-6,6
63968,153,145,8,8
63969,72,78,-6,6
63970,76,84,-8,8
63971,141,129,12,12
63972,168,148,20,20
63973,189,143,46,46
63974,52,53,-1,1
63975,90,91,-1,1
63976,81,93,-12,12
63977,54,54,0,0
63978,128,116,12,12
63979,86,94,-8,8
63980,65,61,4,4
63981,53,56,-3,3
63982,57,71,-14,14
63983,90,74,16,16
63984,73,84,-11,11
63985,75,86,-11,11
63986,85,77,8,8
63987,143,140,3,3
63988,44,53,-9,9
63989,81,73,8,8
63990,76,71,5,5
63991,126,125,1,1
63992,46,52,-6,6
63993,139,126,13,13
63994,154,151,3,3
63995,161,168,-7,7
63996,59,55,4,4
63997,78,88,-10,10
63998,85,88,-3,3
63999,48,59,-11,11
64000,71,73,-2,2
64001,79,84,-5,5
64002,65,68,-3,3
64003,78,80,-2,2
64004,117,116,1,1
64005,51,47,4,4
64006,153,80,73,73
64007,118,134,-16,16
64008,66,69,-3,3
64009,75,79,-4,4
64010,102,110,-8,8
64011,85,88,-3,3
64012,64,67,-3,3
64013,95,102,-7,7
64014,160,146,14,14
64015,94,94,0,0
64016,68,85,-17,17
64017,180,176,4,4
64018,52,74,-22,22
64019,106,112,-6,6
64020,85,94,-9,9
64021,115,138,-23,23
64022,57,54,3,3
64023,104,108,-4,4
64024,53,56,-3,3
64025,79,73,6,6
64026,68,74,-6,6
64027,86,77,9,9
64028,121,109,12,12
64029,54,54,0,0
64030,74,73,1,1
64031,122,137,-15,15
64032,67,51,16,16
64033,128,124,4,4
64034,56,60,-4,4
64035,146,148,-2,2
64036,111,119,-8,8
64037,86,97,-11,11
64038,96,91,5,5
64039,144,148,-4,4
64040,73,75,-2,2
64041,50,45,5,5
64042,179,180,-1,1
64043,83,86,-3,3
64044,62,66,-4,4
64045,103,109,-6,6
64046,101,100,1,1
64047,59,57,2,2
64048,74,56,18,18
64049,72,76,-4,4
64050,75,89,-14,14
64051,109,114,-5,5
64052,102,71,31,31
64053,143,140,3,3
64054,83,91,-8,8
64055,156,145,11,11
64056,124,124,0,0
64057,80,87,-7,7
64058,161,141,20,20
64059,54,54,0,0
64060,75,98,-23,23
64061,155,138,17,17
64062,117,106,11,11
64063,130,137,-7,7
64064,225,187,38,38
64065,94,91,3,3
64066,63,60,3,3
64067,72,68,4,4
64068,179,169,10,10
64069,141,133,8,8
64070,82,76,6,6
64071,62,57,5,5
64072,122,129,-7,7
64073,79,77,2,2
64074,93,84,9,9
64075,137,165,-28,28
64076,110,117,-7,7
64077,137,136,1,1
64078,84,71,13,13
64079,64,64,0,0
64080,64,56,8,8
64081,56,60,-4,4
64082,70,78,-8,8
64083,76,89,-13,13
64084,118,108,10,10
64085,88,83,5,5
64086,81,73,8,8
64087,129,118,11,11
64088,64,70,-6,6
64089,97,88,9,9
64090,123,120,3,3
64091,86,77,9,9
64092,97,95,2,2
64093,115,123,-8,8
64094,96,107,-11,11
64095,77,84,-7,7
64096,168,179,-11,11
64097,51,46,5,5
64098,90,87,3,3
64099,56,66,-10,10
64100,71,83,-12,12
64101,107,116,-9,9
64102,94,88,6,6
64103,46,61,-15,15
64104,118,107,11,11
64105,129,121,8,8
64106,106,106,0,0
64107,81,83,-2,2
64108,82,82,0,0
64109,56,61,-5,5
64110,79,74,5,5
64111,71,72,-1,1
64112,148,151,-3,3
64113,205,178,27,27
64114,142,124,18,18
64115,85,77,8,8
64116,47,51,-4,4
64117,91,90,1,1
64118,108,103,5,5
64119,73,70,3,3
64120,102,104,-2,2
64121,129,138,-9,9
64122,130,149,-19,19
64123,103,99,4,4
64124,70,90,-20,20
64125,90,88,2,2
64126,118,144,-26,26
64127,85,79,6,6
64128,63,69,-6,6
64129,62,61,1,1
64130,93,95,-2,2
64131,66,101,-35,35
64132,57,61,-4,4
64133,43,47,-4,4
64134,104,101,3,3
64135,131,138,-7,7
64136,88,83,5,5
64137,79,83,-4,4
64138,83,72,11,11
64139,77,79,-2,2
64140,82,86,-4,4
64141,109,110,-1,1
64142,118,111,7,7
64143,134,133,1,1
64144,124,130,-6,6
64145,105,113,-8,8
64146,102,95,7,7
64147,109,101,8,8
64148,100,102,-2,2
64149,84,84,0,0
64150,88,93,-5,5
64151,86,85,1,1
64152,92,78,14,14
64153,125,116,9,9
64154,70,63,7,7
64155,167,138,29,29
64156,151,150,1,1
64157,80,73,7,7
64158,125,101,24,24
64159,140,143,-3,3
64160,101,96,5,5
64161,68,64,4,4
64162,48,41,7,7
64163,105,101,4,4
64164,72,73,-1,1
64165,73,76,-3,3
64166,139,142,-3,3
64167,88,89,-1,1
64168,65,105,-40,40
64169,100,97,3,3
64170,150,156,-6,6
64171,116,111,5,5
64172,64,65,-1,1
64173,115,108,7,7
64174,58,61,-3,3
64175,132,135,-3,3
64176,91,85,6,6
64177,75,66,9,9
64178,98,103,-5,5
64179,109,107,2,2
64180,115,107,8,8
64181,86,99,-13,13
64182,100,93,7,7
64183,77,74,3,3
64184,156,156,0,0
64185,63,67,-4,4
64186,81,83,-2,2
64187,95,95,0,0
64188,70,73,-3,3
64189,100,103,-3,3
64190,92,93,-1,1
64191,150,152,-2,2
64192,99,106,-7,7
64193,133,133,0,0
64194,46,49,-3,3
64195,99,94,5,5
64196,128,120,8,8
64197,77,77,0,0
64198,77,74,3,3
64199,62,72,-10,10
64200,175,178,-3,3
64201,183,179,4,4
64202,80,77,3,3
64203,124,138,-14,14
64204,116,118,-2,2
64205,140,171,-31,31
64206,74,67,7,7
64207,104,125,-21,21
64208,43,43,0,0
64209,191,174,17,17
64210,245,237,8,8
64211,94,87,7,7
64212,110,93,17,17
64213,86,89,-3,3
64214,49,56,-7,7
64215,116,122,-6,6
64216,58,54,4,4
64217,51,73,-22,22
64218,96,94,2,2
64219,73,79,-6,6
64220,100,107,-7,7
64221,83,157,-74,74
64222,130,129,1,1
64223,64,70,-6,6
64224,77,85,-8,8
64225,126,132,-6,6
64226,52,45,7,7
64227,84,76,8,8
64228,69,66,3,3
64229,107,127,-20,20
64230,104,96,8,8
64231,55,55,0,0
64232,87,96,-9,9
64233,88,97,-9,9
64234,147,148,-1,1
64235,122,120,2,2
64236,120,107,13,13
64237,166,156,10,10
64238,80,87,-7,7
64239,122,130,-8,8
64240,43,41,2,2
64241,121,106,15,15
64242,70,74,-4,4
64243,101,96,5,5
64244,57,63,-6,6
64245,100,94,6,6
64246,52,55,-3,3
64247,69,77,-8,8
64248,52,48,4,4
64249,60,64,-4,4
64250,74,81,-7,7
64251,92,98,-6,6
64252,47,50,-3,3
64253,91,93,-2,2
64254,72,76,-4,4
64255,45,44,1,1
64256,70,84,-14,14
64257,119,114,5,5
64258,113,116,-3,3
64259,51,46,5,5
64260,56,57,-1,1
64261,95,86,9,9
64262,82,97,-15,15
64263,79,78,1,1
64264,70,74,-4,4
64265,78,81,-3,3
64266,94,96,-2,2
64267,68,72,-4,4
64268,87,99,-12,12
64269,164,201,-37,37
64270,101,95,6,6
64271,145,138,7,7
64272,50,53,-3,3
64273,65,84,-19,19
64274,108,100,8,8
64275,77,73,4,4
64276,153,151,2,2
64277,113,111,2,2
64278,181,152,29,29
64279,52,52,0,0
64280,96,97,-1,1
64281,139,126,13,13
64282,91,87,4,4
64283,73,74,-1,1
64284,77,80,-3,3
64285,71,75,-4,4
64286,51,49,2,2
64287,90,96,-6,6
64288,68,65,3,3
64289,73,75,-2,2
64290,94,102,-8,8
64291,69,66,3,3
64292,90,91,-1,1
64293,154,154,0,0
64294,163,140,23,23
64295,74,79,-5,5
64296,55,56,-1,1
64297,73,81,-8,8
64298,33,17,16,16
64299,154,148,6,6
64300,70,52,18,18
64301,72,74,-2,2
64302,96,101,-5,5
64303,117,124,-7,7
64304,127,127,0,0
64305,84,88,-4,4
64306,99,112,-13,13
64307,72,65,7,7
64308,144,133,11,11
64309,74,78,-4,4
64310,75,73,2,2
64311,89,89,0,0
64312,122,114,8,8
64313,165,156,9,9
64314,45,45,0,0
64315,82,88,-6,6
64316,84,78,6,6
64317,166,157,9,9
64318,140,127,13,13
64319,96,101,-5,5
64320,73,68,5,5
64321,200,188,12,12
64322,113,108,5,5
64323,137,134,3,3
64324,87,91,-4,4
64325,127,123,4,4
64326,74,62,12,12
64327,89,84,5,5
64328,128,140,-12,12
64329,73,75,-2,2
64330,53,54,-1,1
64331,26,45,-19,19
64332,104,108,-4,4
64333,91,90,1,1
64334,157,149,8,8
64335,93,92,1,1
64336,125,126,-1,1
64337,66,60,6,6
64338,125,124,1,1
64339,144,125,19,19
64340,106,100,6,6
64341,129,120,9,9
64342,86,95,-9,9
64343,188,173,15,15
64344,142,134,8,8
64345,54,49,5,5
64346,185,153,32,32
64347,152,147,5,5
64348,55,43,12,12
64349,74,80,-6,6
64350,132,143,-11,11
64351,80,81,-1,1
64352,77,79,-2,2
64353,67,84,-17,17
64354,71,70,1,1
64355,129,119,10,10
64356,116,120,-4,4
64357,97,98,-1,1
64358,39,40,-1,1
64359,44,52,-8,8
64360,73,73,0,0
64361,78,74,4,4
64362,68,68,0,0
64363,57,54,3,3
64364,97,63,34,34
64365,77,79,-2,2
64366,159,154,5,5
64367,144,128,16,16
64368,58,62,-4,4
64369,74,81,-7,7
64370,47,51,-4,4
64371,86,77,9,9
64372,95,81,14,14
64373,74,76,-2,2
64374,84,106,-22,22
64375,175,174,1,1
64376,47,47,0,0
64377,110,102,8,8
64378,181,170,11,11
64379,117,118,-1,1
64380,77,69,8,8
64381,88,80,8,8
64382,84,94,-10,10
64383,56,53,3,3
64384,49,51,-2,2
64385,75,73,2,2
64386,58,57,1,1
64387,110,119,-9,9
64388,80,87,-7,7
64389,120,137,-17,17
64390,79,99,-20,20
64391,107,112,-5,5
64392,79,85,-6,6
64393,69,58,11,11
64394,36,43,-7,7
64395,106,106,0,0
64396,64,60,4,4
64397,91,87,4,4
64398,70,72,-2,2
64399,69,72,-3,3
64400,75,80,-5,5
64401,54,57,-3,3
64402,69,75,-6,6
64403,105,135,-30,30
64404,67,75,-8,8
64405,28,40,-12,12
64406,57,56,1,1
64407,46,37,9,9
64408,52,50,2,2
64409,122,130,-8,8
64410,101,92,9,9
64411,129,123,6,6
64412,143,163,-20,20
64413,193,173,20,20
64414,55,58,-3,3
64415,92,91,1,1
64416,107,92,15,15
64417,137,122,15,15
64418,100,100,0,0
64419,61,87,-26,26
64420,113,105,8,8
64421,112,100,12,12
64422,78,63,15,15
64423,82,97,-15,15
64424,58,69,-11,11
64425,65,42,23,23
64426,52,61,-9,9
64427,106,103,3,3
64428,47,53,-6,6
64429,72,91,-19,19
64430,75,81,-6,6
64431,135,144,-9,9
64432,87,96,-9,9
64433,175,144,31,31
64434,99,102,-3,3
64435,50,51,-1,1
64436,90,93,-3,3
64437,83,92,-9,9
64438,68,69,-1,1
64439,85,83,2,2
64440,73,77,-4,4
64441,58,65,-7,7
64442,78,84,-6,6
64443,89,108,-19,19
64444,49,48,1,1
64445,73,64,9,9
64446,108,67,41,41
64447,60,66,-6,6
64448,142,150,-8,8
64449,217,189,28,28
64450,57,53,4,4
64451,61,61,0,0
64452,82,80,2,2
64453,73,72,1,1
64454,108,111,-3,3
64455,139,145,-6,6
64456,80,84,-4,4
64457,218,209,9,9
64458,119,113,6,6
64459,105,108,-3,3
64460,57,62,-5,5
64461,106,134,-28,28
64462,74,82,-8,8
64463,77,84,-7,7
64464,143,131,12,12
64465,103,103,0,0
64466,120,118,2,2
64467,124,110,14,14
64468,112,109,3,3
64469,105,100,5,5
64470,144,140,4,4
64471,97,91,6,6
64472,65,63,2,2
64473,74,83,-9,9
64474,55,60,-5,5
64475,80,86,-6,6
64476,115,114,1,1
64477,145,149,-4,4
64478,103,109,-6,6
64479,132,121,11,11
64480,46,40,6,6
64481,59,57,2,2
64482,83,82,1,1
64483,150,130,20,20
64484,182,168,14,14
64485,44,54,-10,10
64486,64,80,-16,16
64487,53,57,-4,4
64488,78,85,-7,7
64489,112,118,-6,6
64490,109,109,0,0
64491,95,105,-10,10
64492,62,87,-25,25
64493,57,64,-7,7
64494,130,127,3,3
64495,101,98,3,3
64496,135,138,-3,3
64497,100,122,-22,22
64498,107,118,-11,11
64499,97,106,-9,9
64500,79,76,3,3
64501,80,77,3,3
64502,94,72,22,22
64503,122,113,9,9
64504,57,54,3,3
64505,58,58,0,0
64506,76,71,5,5
64507,144,135,9,9
64508,51,44,7,7
64509,54,61,-7,7
64510,85,84,1,1
64511,61,61,0,0
64512,148,124,24,24
64513,33,45,-12,12
64514,99,91,8,8
64515,117,109,8,8
64516,82,83,-1,1
64517,54,74,-20,20
64518,144,146,-2,2
64519,141,124,17,17
64520,80,95,-15,15
64521,203,183,20,20
64522,93,93,0,0
64523,65,57,8,8
64524,61,56,5,5
64525,139,136,3,3
64526,84,87,-3,3
64527,72,77,-5,5
64528,68,75,-7,7
64529,56,66,-10,10
64530,101,101,0,0
64531,63,71,-8,8
64532,94,100,-6,6
64533,120,135,-15,15
64534,113,117,-4,4
64535,32,29,3,3
64536,94,109,-15,15
64537,116,112,4,4
64538,101,90,11,11
64539,57,62,-5,5
64540,144,140,4,4
64541,76,79,-3,3
64542,94,97,-3,3
64543,80,86,-6,6
64544,100,108,-8,8
64545,150,132,18,18
64546,85,95,-10,10
64547,77,80,-3,3
64548,75,82,-7,7
64549,170,155,15,15
64550,138,144,-6,6
64551,74,79,-5,5
64552,83,76,7,7
64553,193,183,10,10
64554,95,88,7,7
64555,132,130,2,2
64556,69,69,0,0
64557,120,140,-20,20
64558,102,102,0,0
64559,87,87,0,0
64560,133,113,20,20
64561,106,108,-2,2
64562,90,102,-12,12
64563,61,58,3,3
64564,87,87,0,0
64565,130,126,4,4
64566,77,75,2,2
64567,80,98,-18,18
64568,95,82,13,13
64569,64,64,0,0
64570,57,65,-8,8
64571,70,76,-6,6
64572,111,111,0,0
64573,54,60,-6,6
64574,142,162,-20,20
64575,52,58,-6,6
64576,47,49,-2,2
64577,133,142,-9,9
64578,140,144,-4,4
64579,60,71,-11,11
64580,186,155,31,31
64581,77,75,2,2
64582,101,96,5,5
64583,59,59,0,0
64584,121,128,-7,7
64585,104,120,-16,16
64586,155,130,25,25
64587,83,81,2,2
64588,77,76,1,1
64589,123,113,10,10
64590,59,61,-2,2
64591,105,91,14,14
64592,75,82,-7,7
64593,116,109,7,7
64594,72,75,-3,3
64595,149,157,-8,8
64596,119,122,-3,3
64597,63,73,-10,10
64598,87,82,5,5
64599,137,136,1,1
64600,82,77,5,5
64601,125,114,11,11
64602,36,24,12,12
64603,67,69,-2,2
64604,116,117,-1,1
64605,155,147,8,8
64606,103,93,10,10
64607,104,100,4,4
64608,143,144,-1,1
64609,123,123,0,0
64610,121,120,1,1
64611,87,72,15,15
64612,72,76,-4,4
64613,49,73,-24,24
64614,69,83,-14,14
64615,72,99,-27,27
64616,116,84,32,32
64617,138,141,-3,3
64618,97,106,-9,9
64619,63,53,10,10
64620,109,104,5,5
64621,80,84,-4,4
64622,96,94,2,2
64623,98,87,11,11
64624,101,98,3,3
64625,143,140,3,3
64626,90,92,-2,2
64627,85,76,9,9
64628,120,127,-7,7
64629,65,62,3,3
64630,161,147,14,14
64631,124,112,12,12
64632,103,111,-8,8
64633,99,97,2,2
64634,121,130,-9,9
64635,122,120,2,2
64636,104,108,-4,4
64637,160,179,-19,19
64638,109,91,18,18
64639,63,65,-2,2
64640,112,105,7,7
64641,88,89,-1,1
64642,88,87,1,1
64643,101,114,-13,13
64644,50,51,-1,1
64645,170,174,-4,4
64646,64,71,-7,7
64647,102,124,-22,22
64648,93,92,1,1
64649,132,131,1,1
64650,75,88,-13,13
64651,84,83,1,1
64652,60,62,-2,2
64653,103,115,-12,12
64654,58,49,9,9
64655,153,150,3,3
64656,135,127,8,8
64657,62,71,-9,9
64658,162,149,13,13
64659,74,78,-4,4
64660,90,82,8,8
64661,127,126,1,1
64662,97,101,-4,4
64663,102,94,8,8
64664,117,128,-11,11
64665,38,46,-8,8
64666,114,111,3,3
64667,45,41,4,4
64668,100,94,6,6
64669,61,59,2,2
64670,101,89,12,12
64671,120,133,-13,13
64672,152,136,16,16
64673,84,85,-1,1
64674,100,90,10,10
64675,108,106,2,2
64676,124,138,-14,14
64677,148,153,-5,5
64678,46,49,-3,3
64679,119,121,-2,2
64680,118,111,7,7
64681,52,48,4,4
64682,104,111,-7,7
64683,82,108,-26,26
64684,100,88,12,12
64685,118,115,3,3
64686,70,77,-7,7
64687,104,94,10,10
64688,141,129,12,12
64689,97,98,-1,1
64690,24,16,8,8
64691,192,167,25,25
64692,71,63,8,8
64693,78,85,-7,7
64694,46,53,-7,7
64695,79,88,-9,9
64696,153,178,-25,25
64697,88,101,-13,13
64698,64,74,-10,10
64699,81,77,4,4
64700,81,91,-10,10
64701,105,102,3,3
64702,88,95,-7,7
64703,120,124,-4,4
64704,68,67,1,1
64705,84,81,3,3
64706,121,118,3,3
64707,80,75,5,5
64708,138,137,1,1
64709,90,85,5,5
64710,87,92,-5,5
64711,92,91,1,1
64712,111,127,-16,16
64713,77,74,3,3
64714,74,71,3,3
64715,170,147,23,23
64716,77,81,-4,4
64717,117,122,-5,5
64718,151,131,20,20
64719,84,89,-5,5
64720,108,114,-6,6
64721,69,73,-4,4
64722,121,129,-8,8
64723,94,103,-9,9
64724,41,36,5,5
64725,140,137,3,3
64726,76,71,5,5
64727,85,80,5,5
64728,104,113,-9,9
64729,48,45,3,3
64730,128,133,-5,5
64731,68,70,-2,2
64732,70,65,5,5
64733,93,91,2,2
64734,69,83,-14,14
64735,56,55,1,1
64736,96,93,3,3
64737,50,51,-1,1
64738,64,73,-9,9
64739,69,75,-6,6
64740,89,87,2,2
64741,75,82,-7,7
64742,77,79,-2,2
64743,68,66,2,2
64744,59,77,-18,18
64745,140,133,7,7
64746,79,64,15,15
64747,46,48,-2,2
64748,54,49,5,5
64749,89,95,-6,6
64750,99,109,-10,10
64751,68,73,-5,5
64752,86,104,-18,18
64753,106,93,13,13
64754,82,82,0,0
64755,97,120,-23,23
64756,29,47,-18,18
64757,99,91,8,8
64758,119,122,-3,3
64759,102,105,-3,3
64760,104,115,-11,11
64761,148,129,19,19
64762,146,131,15,15
64763,107,96,11,11
64764,49,52,-3,3
64765,45,49,-4,4
64766,133,122,11,11
64767,102,124,-22,22
64768,110,114,-4,4
64769,100,103,-3,3
64770,112,104,8,8
64771,59,66,-7,7
64772,73,64,9,9
64773,115,127,-12,12
64774,88,90,-2,2
64775,77,94,-17,17
64776,133,122,11,11
64777,86,85,1,1
64778,74,67,7,7
64779,125,131,-6,6
64780,97,106,-9,9
64781,71,67,4,4
64782,42,40,2,2
64783,140,142,-2,2
64784,70,75,-5,5
64785,76,85,-9,9
64786,59,60,-1,1
64787,87,105,-18,18
64788,134,118,16,16
64789,173,154,19,19
64790,47,46,1,1
64791,112,101,11,11
64792,94,104,-10,10
64793,81,78,3,3
64794,152,155,-3,3
64795,56,61,-5,5
64796,72,72,0,0
64797,82,85,-3,3
64798,68,70,-2,2
64799,87,94,-7,7
64800,116,133,-17,17
64801,49,45,4,4
64802,124,126,-2,2
64803,146,149,-3,3
64804,151,142,9,9
64805,67,88,-21,21
64806,57,92,-35,35
64807,147,145,2,2
64808,104,110,-6,6
64809,124,121,3,3
64810,46,55,-9,9
64811,118,117,1,1
64812,110,107,3,3
64813,82,81,1,1
64814,97,93,4,4
64815,104,98,6,6
64816,46,50,-4,4
64817,76,87,-11,11
64818,66,74,-8,8
64819,51,51,0,0
64820,63,60,3,3
64821,81,82,-1,1
64822,110,119,-9,9
64823,160,157,3,3
64824,65,66,-1,1
64825,43,47,-4,4
64826,67,137,-70,70
64827,104,96,8,8
64828,83,89,-6,6
64829,57,71,-14,14
64830,139,135,4,4
64831,78,81,-3,3
64832,68,55,13,13
64833,91,84,7,7
64834,117,111,6,6
64835,117,106,11,11
64836,110,114,-4,4
64837,67,68,-1,1
64838,89,95,-6,6
64839,96,114,-18,18
64840,92,112,-20,20
64841,87,87,0,0
64842,92,84,8,8
64843,59,65,-6,6
64844,66,66,0,0
64845,160,162,-2,2
64846,188,171,17,17
64847,96,99,-3,3
64848,75,84,-9,9
64849,140,135,5,5
64850,95,100,-5,5
64851,83,85,-2,2
64852,103,108,-5,5
64853,81,81,0,0
64854,87,91,-4,4
64855,90,84,6,6
64856,66,73,-7,7
64857,100,102,-2,2
64858,75,74,1,1
64859,50,40,10,10
64860,68,70,-2,2
64861,82,82,0,0
64862,72,75,-3,3
64863,56,56,0,0
64864,113,116,-3,3
64865,41,46,-5,5
64866,56,53,3,3
64867,92,91,1,1
64868,68,70,-2,2
64869,63,66,-3,3
64870,111,115,-4,4
64871,74,81,-7,7
64872,91,90,1,1
64873,84,133,-49,49
64874,107,118,-11,11
64875,95,90,5,5
64876,80,80,0,0
64877,125,136,-11,11
64878,57,54,3,3
64879,115,122,-7,7
64880,117,113,4,4
64881,71,82,-11,11
64882,72,67,5,5
64883,199,181,18,18
64884,100,111,-11,11
64885,75,70,5,5
64886,78,76,2,2
64887,82,77,5,5
64888,85,89,-4,4
64889,53,61,-8,8
64890,89,93,-4,4
64891,111,100,11,11
64892,58,62,-4,4
64893,74,72,2,2
64894,106,118,-12,12
64895,139,147,-8,8
64896,94,96,-2,2
64897,66,64,2,2
64898,140,123,17,17
64899,100,104,-4,4
64900,60,61,-1,1
64901,118,122,-4,4
64902,108,100,8,8
64903,131,118,13,13
64904,141,154,-13,13
64905,107,121,-14,14
64906,65,77,-12,12
64907,104,115,-11,11
64908,121,129,-8,8
64909,93,111,-18,18
64910,85,90,-5,5
64911,77,68,9,9
64912,113,118,-5,5
64913,44,44,0,0
64914,110,127,-17,17
64915,75,74,1,1
64916,65,77,-12,12
64917,59,57,2,2
64918,102,93,9,9
64919,93,118,-25,25
64920,85,82,3,3
64921,57,55,2,2
64922,129,121,8,8
64923,45,57,-12,12
64924,60,82,-22,22
64925,89,99,-10,10
64926,93,95,-2,2
64927,104,102,2,2
64928,55,59,-4,4
64929,83,91,-8,8
64930,137,133,4,4
64931,109,97,12,12
64932,69,78,-9,9
64933,110,126,-16,16
64934,119,102,17,17
64935,97,97,0,0
64936,81,79,2,2
64937,104,108,-4,4
64938,71,78,-7,7
64939,50,59,-9,9
64940,136,129,7,7
64941,70,74,-4,4
64942,63,66,-3,3
64943,90,105,-15,15
64944,102,102,0,0
64945,50,51,-1,1
64946,138,128,10,10
64947,103,134,-31,31
64948,127,125,2,2
64949,129,132,-3,3
64950,144,144,0,0
64951,52,65,-13,13
64952,72,76,-4,4
64953,94,101,-7,7
64954,77,71,6,6
64955,62,65,-3,3
64956,91,91,0,0
64957,58,53,5,5
64958,78,78,0,0
64959,63,62,1,1
64960,111,108,3,3
64961,87,87,0,0
64962,85,86,-1,1
64963,224,186,38,38
64964,99,101,-2,2
64965,84,77,7,7
64966,101,100,1,1
64967,156,138,18,18
64968,50,48,2,2
64969,82,81,1,1
64970,190,181,9,9
64971,127,133,-6,6
64972,61,63,-2,2
64973,100,106,-6,6
64974,81,87,-6,6
64975,141,124,17,17
64976,80,75,5,5
64977,67,70,-3,3
64978,90,88,2,2
64979,81,73,8,8
64980,55,48,7,7
64981,85,90,-5,5
64982,36,36,0,0
64983,87,80,7,7
64984,73,88,-15,15
64985,90,98,-8,8
64986,69,72,-3,3
64987,88,90,-2,2
64988,64,66,-2,2
64989,56,55,1,1
64990,130,120,10,10
64991,59,61,-2,2
64992,140,142,-2,2
64993,129,128,1,1
64994,122,123,-1,1
64995,69,66,3,3
64996,65,76,-11,11
64997,103,107,-4,4
64998,36,31,5,5
64999,193,195,-2,2
65000,123,119,4,4
65001,77,74,3,3
65002,75,75,0,0
65003,85,102,-17,17
65004,124,135,-11,11
65005,148,149,-1,1
65006,92,96,-4,4
65007,70,73,-3,3
65008,129,118,11,11
65009,51,51,0,0
65010,98,90,8,8
65011,130,128,2,2
65012,134,129,5,5
65013,89,87,2,2
65014,83,99,-16,16
65015,89,82,7,7
65016,101,93,8,8
65017,110,101,9,9
65018,68,68,0,0
65019,68,64,4,4
65020,72,74,-2,2
65021,77,82,-5,5
65022,147,143,4,4
65023,117,118,-1,1
65024,79,101,-22,22
65025,103,106,-3,3
65026,65,71,-6,6
65027,102,100,2,2
65028,66,69,-3,3
65029,101,89,12,12
65030,77,76,1,1
65031,58,63,-5,5
65032,75,80,-5,5
65033,50,69,-19,19
65034,116,107,9,9
65035,78,77,1,1
65036,111,103,8,8
65037,35,37,-2,2
65038,94,95,-1,1
65039,136,126,10,10
65040,71,69,2,2
65041,94,110,-16,16
65042,81,76,5,5
65043,54,56,-2,2
65044,94,91,3,3
65045,94,97,-3,3
65046,143,151,-8,8
65047,82,85,-3,3
65048,156,144,12,12
65049,81,83,-2,2
65050,169,167,2,2
65051,104,107,-3,3
65052,107,111,-4,4
65053,69,83,-14,14
65054,123,113,10,10
65055,51,51,0,0
65056,88,96,-8,8
65057,41,44,-3,3
65058,56,63,-7,7
65059,138,136,2,2
65060,102,113,-11,11
65061,97,73,24,24
65062,124,134,-10,10
65063,124,122,2,2
65064,119,137,-18,18
65065,55,48,7,7
65066,116,110,6,6
65067,60,61,-1,1
65068,134,127,7,7
65069,63,92,-29,29
65070,73,58,15,15
65071,145,135,10,10
65072,111,104,7,7
65073,110,121,-11,11
65074,194,165,29,29
65075,92,99,-7,7
65076,97,89,8,8
65077,116,119,-3,3
65078,61,53,8,8
65079,150,148,2,2
65080,45,42,3,3
65081,99,91,8,8
65082,79,79,0,0
65083,118,120,-2,2
65084,74,79,-5,5
65085,108,110,-2,2
65086,85,76,9,9
65087,89,76,13,13
65088,107,111,-4,4
65089,165,166,-1,1
65090,84,79,5,5
65091,132,130,2,2
65092,90,86,4,4
65093,144,126,18,18
65094,87,89,-2,2
65095,103,91,12,12
65096,98,103,-5,5
65097,88,96,-8,8
65098,125,125,0,0
65099,112,106,6,6
65100,51,51,0,0
65101,105,109,-4,4
65102,149,137,12,12
65103,109,107,2,2
65104,74,75,-1,1
65105,83,96,-13,13
65106,85,89,-4,4
65107,75,69,6,6
65108,78,92,-14,14
65109,67,72,-5,5
65110,48,49,-1,1
65111,109,78,31,31
65112,92,93,-1,1
65113,90,92,-2,2
65114,90,90,0,0
65115,98,90,8,8
65116,76,70,6,6
65117,83,91,-8,8
65118,148,140,8,8
65119,99,103,-4,4
65120,68,67,1,1
65121,79,74,5,5
65122,98,108,-10,10
65123,194,188,6,6
65124,90,84,6,6
65125,70,66,4,4
65126,88,91,-3,3
65127,66,64,2,2
65128,81,49,32,32
65129,122,124,-2,2
65130,96,95,1,1
65131,69,75,-6,6
65132,113,106,7,7
65133,61,73,-12,12
65134,101,84,17,17
65135,178,176,2,2
65136,111,107,4,4
65137,81,82,-1,1
65138,147,160,-13,13
65139,121,111,10,10
65140,78,70,8,8
65141,86,84,2,2
65142,54,55,-1,1
65143,46,48,-2,2
65144,62,70,-8,8
65145,94,110,-16,16
65146,101,94,7,7
65147,60,65,-5,5
65148,72,69,3,3
65149,75,84,-9,9
65150,148,144,4,4
65151,123,109,14,14
65152,81,88,-7,7
65153,126,129,-3,3
65154,163,154,9,9
65155,105,108,-3,3
65156,85,85,0,0
65157,102,96,6,6
65158,89,90,-1,1
65159,123,130,-7,7
65160,62,58,4,4
65161,78,86,-8,8
65162,98,96,2,2
65163,68,70,-2,2
65164,99,104,-5,5
65165,112,99,13,13
65166,89,92,-3,3
65167,89,97,-8,8
65168,83,78,5,5
65169,119,119,0,0
65170,92,104,-12,12
65171,77,85,-8,8
65172,74,74,0,0
65173,115,140,-25,25
65174,107,106,1,1
65175,98,95,3,3
65176,136,127,9,9
65177,42,47,-5,5
65178,119,118,1,1
65179,119,123,-4,4
65180,109,106,3,3
65181,113,115,-2,2
65182,164,154,10,10
65183,86,84,2,2
65184,97,97,0,0
65185,112,108,4,4
65186,124,129,-5,5
65187,84,105,-21,21
65188,77,80,-3,3
65189,87,93,-6,6
65190,52,55,-3,3
65191,112,106,6,6
65192,78,72,6,6
65193,93,92,1,1
65194,115,128,-13,13
65195,76,70,6,6
65196,209,182,27,27
65197,41,43,-2,2
65198,115,118,-3,3
65199,155,145,10,10
65200,53,54,-1,1
65201,72,73,-1,1
65202,110,95,15,15
65203,91,98,-7,7
65204,99,101,-2,2
65205,88,98,-10,10
65206,100,103,-3,3
65207,73,83,-10,10
65208,70,65,5,5
65209,126,121,5,5
65210,102,103,-1,1
65211,97,96,1,1
65212,60,63,-3,3
65213,44,42,2,2
65214,62,71,-9,9
65215,52,57,-5,5
65216,128,126,2,2
65217,168,160,8,8
65218,101,99,2,2
65219,106,120,-14,14
65220,191,160,31,31
65221,51,65,-14,14
65222,196,165,31,31
65223,92,103,-11,11
65224,47,45,2,2
65225,115,112,3,3
65226,70,72,-2,2
65227,84,94,-10,10
65228,145,136,9,9
65229,102,100,2,2
65230,31,27,4,4
65231,65,59,6,6
65232,92,86,6,6
65233,77,83,-6,6
65234,90,96,-6,6
65235,30,28,2,2
65236,72,84,-12,12
65237,109,106,3,3
65238,148,152,-4,4
65239,81,82,-1,1
65240,75,75,0,0
65241,60,64,-4,4
65242,147,144,3,3
65243,95,77,18,18
65244,71,80,-9,9
65245,145,154,-9,9
65246,91,100,-9,9
65247,48,70,-22,22
65248,94,95,-1,1
65249,86,98,-12,12
65250,70,69,1,1
65251,120,126,-6,6
65252,117,126,-9,9
65253,118,97,21,21
65254,66,67,-1,1
65255,70,68,2,2
65256,51,53,-2,2
65257,80,85,-5,5
65258,78,79,-1,1
65259,136,129,7,7
65260,105,106,-1,1
65261,94,85,9,9
65262,119,111,8,8
65263,119,126,-7,7
65264,66,64,2,2
65265,133,136,-3,3
65266,106,105,1,1
65267,110,97,13,13
65268,109,114,-5,5
65269,97,126,-29,29
65270,54,57,-3,3
65271,143,149,-6,6
65272,103,110,-7,7
65273,55,49,6,6
65274,72,70,2,2
65275,300,252,48,48
65276,110,98,12,12
65277,120,125,-5,5
65278,114,130,-16,16
65279,65,67,-2,2
65280,51,51,0,0
65281,107,106,1,1
65282,86,91,-5,5
65283,91,88,3,3
65284,102,94,8,8
65285,72,57,15,15
65286,82,83,-1,1
65287,134,126,8,8
65288,133,129,4,4
65289,79,85,-6,6
65290,146,154,-8,8
65291,176,172,4,4
65292,117,116,1,1
65293,82,87,-5,5
65294,105,105,0,0
65295,89,103,-14,14
65296,72,79,-7,7
65297,71,56,15,15
65298,117,125,-8,8
65299,140,134,6,6
65300,80,86,-6,6
65301,53,56,-3,3
65302,185,169,16,16
65303,111,106,5,5
65304,92,98,-6,6
65305,91,86,5,5
65306,112,107,5,5
65307,59,60,-1,1
65308,106,102,4,4
65309,53,64,-11,11
65310,132,131,1,1
65311,80,92,-12,12
65312,163,157,6,6
65313,58,64,-6,6
65314,138,116,22,22
65315,173,167,6,6
65316,64,65,-1,1
65317,78,62,16,16
65318,101,106,-5,5
65319,103,103,0,0
65320,87,90,-3,3
65321,105,100,5,5
65322,94,92,2,2
65323,89,93,-4,4
65324,63,76,-13,13
65325,92,89,3,3
65326,139,158,-19,19
65327,78,82,-4,4
65328,58,82,-24,24
65329,77,82,-5,5
65330,71,143,-72,72
65331,154,159,-5,5
65332,93,96,-3,3
65333,61,61,0,0
65334,168,151,17,17
65335,139,133,6,6
65336,78,77,1,1
65337,132,124,8,8
65338,56,57,-1,1
65339,78,86,-8,8
65340,86,86,0,0
65341,68,67,1,1
65342,31,55,-24,24
65343,60,58,2,2
65344,150,139,11,11
65345,117,120,-3,3
65346,104,98,6,6
65347,102,112,-10,10
65348,77,91,-14,14
65349,64,73,-9,9
65350,103,104,-1,1
65351,113,116,-3,3
65352,96,101,-5,5
65353,114,87,27,27
65354,126,125,1,1
65355,106,105,1,1
65356,59,62,-3,3
65357,81,87,-6,6
65358,109,101,8,8
65359,121,133,-12,12
65360,70,64,6,6
65361,148,145,3,3
65362,94,83,11,11
65363,127,125,2,2
65364,117,124,-7,7
65365,104,101,3,3
65366,46,51,-5,5
65367,106,117,-11,11
65368,94,85,9,9
65369,124,118,6,6
65370,62,71,-9,9
65371,62,73,-11,11
65372,74,85,-11,11
65373,53,49,4,4
65374,40,37,3,3
65375,70,71,-1,1
65376,60,57,3,3
65377,45,43,2,2
65378,111,107,4,4
65379,37,44,-7,7
65380,88,106,-18,18
65381,51,107,-56,56
65382,66,69,-3,3
65383,76,70,6,6
65384,91,87,4,4
65385,121,121,0,0
65386,135,125,10,10
65387,87,98,-11,11
65388,99,102,-3,3
65389,106,107,-1,1
65390,83,91,-8,8
65391,94,88,6,6
65392,76,77,-1,1
65393,69,66,3,3
65394,100,114,-14,14
65395,118,110,8,8
65396,66,80,-14,14
65397,89,90,-1,1
65398,104,117,-13,13
65399,110,96,14,14
65400,106,97,9,9
65401,118,123,-5,5
65402,83,90,-7,7
65403,85,76,9,9
65404,73,90,-17,17
65405,72,68,4,4
65406,61,60,1,1
65407,59,64,-5,5
65408,114,125,-11,11
65409,68,73,-5,5
65410,179,164,15,15
65411,70,73,-3,3
65412,91,91,0,0
65413,114,111,3,3
65414,108,108,0,0
65415,79,85,-6,6
65416,79,77,2,2
65417,125,125,0,0
65418,117,97,20,20
65419,68,85,-17,17
65420,79,76,3,3
65421,103,110,-7,7
65422,207,184,23,23
65423,63,70,-7,7
65424,117,121,-4,4
65425,63,59,4,4
65426,71,73,-2,2
65427,74,89,-15,15
65428,55,58,-3,3
65429,170,155,15,15
65430,69,68,1,1
65431,51,64,-13,13
65432,55,54,1,1
65433,73,75,-2,2
65434,89,112,-23,23
65435,173,146,27,27
65436,119,127,-8,8
65437,85,109,-24,24
65438,94,100,-6,6
65439,104,86,18,18
65440,96,101,-5,5
65441,61,68,-7,7
65442,86,90,-4,4
65443,95,96,-1,1
65444,161,158,3,3
65445,80,77,3,3
65446,112,113,-1,1
65447,75,82,-7,7
65448,141,128,13,13
65449,161,159,2,2
65450,99,100,-1,1
65451,94,99,-5,5
65452,146,132,14,14
65453,72,76,-4,4
65454,105,93,12,12
65455,69,67,2,2
65456,113,109,4,4
65457,132,105,27,27
65458,121,126,-5,5
65459,91,110,-19,19
65460,70,60,10,10
65461,96,95,1,1
65462,155,151,4,4
65463,130,133,-3,3
65464,186,158,28,28
65465,96,93,3,3
65466,146,164,-18,18
65467,113,108,5,5
65468,86,94,-8,8
65469,104,109,-5,5
65470,66,66,0,0
65471,96,90,6,6
65472,88,78,10,10
65473,111,97,14,14
65474,146,134,12,12
65475,86,66,20,20
65476,46,51,-5,5
65477,72,72,0,0
65478,170,159,11,11
65479,35,33,2,2
65480,90,94,-4,4
65481,143,141,2,2
65482,157,143,14,14
65483,62,67,-5,5
65484,65,60,5,5
65485,75,71,4,4
65486,89,89,0,0
65487,82,76,6,6
65488,80,81,-1,1
65489,56,55,1,1
65490,76,78,-2,2
65491,113,117,-4,4
65492,104,114,-10,10
65493,99,96,3,3
65494,62,63,-1,1
65495,140,135,5,5
65496,76,78,-2,2
65497,114,112,2,2
65498,108,124,-16,16
65499,81,75,6,6
65500,63,63,0,0
65501,125,121,4,4
65502,70,62,8,8
65503,90,96,-6,6
65504,37,38,-1,1
65505,92,121,-29,29
65506,96,105,-9,9
65507,85,76,9,9
65508,106,110,-4,4
65509,86,77,9,9
65510,101,91,10,10
65511,101,97,4,4
65512,100,109,-9,9
65513,105,100,5,5
65514,71,76,-5,5
65515,58,57,1,1
65516,179,161,18,18
65517,106,108,-2,2
65518,89,70,19,19
65519,84,50,34,34
65520,113,114,-1,1
65521,129,121,8,8
65522,87,104,-17,17
65523,122,125,-3,3
65524,109,103,6,6
65525,78,81,-3,3
65526,96,102,-6,6
65527,176,148,28,28
65528,114,111,3,3
65529,89,81,8,8
65530,115,107,8,8
65531,73,67,6,6
65532,68,70,-2,2
65533,148,147,1,1
65534,70,72,-2,2
65535,108,107,1,1
65536,60,55,5,5
65537,98,91,7,7
65538,47,45,2,2
65539,84,102,-18,18
65540,60,58,2,2
65541,119,129,-10,10
65542,66,71,-5,5
65543,115,106,9,9
65544,172,149,23,23
65545,105,100,5,5
65546,83,83,0,0
65547,75,71,4,4
65548,48,43,5,5
65549,100,109,-9,9
65550,59,57,2,2
65551,67,64,3,3
65552,103,114,-11,11
65553,48,46,2,2
65554,108,125,-17,17
65555,77,65,12,12
65556,126,125,1,1
65557,82,106,-24,24
65558,38,38,0,0
65559,99,91,8,8
65560,56,48,8,8
65561,131,110,21,21
65562,96,87,9,9
65563,83,81,2,2
65564,120,113,7,7
65565,102,99,3,3
65566,93,97,-4,4
65567,127,128,-1,1
65568,67,59,8,8
65569,98,95,3,3
65570,77,72,5,5
65571,84,73,11,11
65572,96,86,10,10
65573,118,116,2,2
65574,84,85,-1,1
65575,70,94,-24,24
65576,100,113,-13,13
65577,118,120,-2,2
65578,54,58,-4,4
65579,170,161,9,9
65580,91,92,-1,1
65581,86,83,3,3
65582,82,90,-8,8
65583,123,120,3,3
65584,94,94,0,0
65585,86,68,18,18
65586,142,145,-3,3
65587,132,130,2,2
65588,140,138,2,2
65589,177,148,29,29
65590,54,65,-11,11
65591,51,57,-6,6
65592,130,122,8,8
65593,71,78,-7,7
65594,61,61,0,0
65595,93,80,13,13
65596,93,110,-17,17
65597,83,74,9,9
65598,104,89,15,15
65599,93,105,-12,12
65600,88,89,-1,1
65601,89,96,-7,7
65602,154,161,-7,7
65603,53,51,2,2
65604,85,85,0,0
65605,89,101,-12,12
65606,107,111,-4,4
65607,102,102,0,0
65608,88,93,-5,5
65609,35,36,-1,1
65610,118,114,4,4
65611,63,58,5,5
65612,56,61,-5,5
65613,41,38,3,3
65614,108,116,-8,8
65615,137,130,7,7
65616,70,59,11,11
65617,131,139,-8,8
65618,83,70,13,13
65619,87,89,-2,2
65620,87,99,-12,12
65621,134,136,-2,2
65622,108,85,23,23
65623,73,76,-3,3
65624,110,112,-2,2
65625,100,67,33,33
65626,57,95,-38,38
65627,101,101,0,0
65628,124,120,4,4
65629,100,103,-3,3
65630,116,117,-1,1
65631,124,120,4,4
65632,119,121,-2,2
65633,95,111,-16,16
65634,131,129,2,2
65635,46,50,-4,4
65636,119,112,7,7
65637,86,86,0,0
65638,148,142,6,6
65639,63,70,-7,7
65640,84,79,5,5
65641,88,75,13,13
65642,125,112,13,13
65643,180,154,26,26
65644,92,103,-11,11
65645,73,78,-5,5
65646,54,63,-9,9
65647,125,123,2,2
65648,158,153,5,5
65649,115,119,-4,4
65650,176,159,17,17
65651,71,90,-19,19
65652,109,114,-5,5
65653,115,117,-2,2
65654,135,124,11,11
65655,75,72,3,3
65656,71,78,-7,7
65657,74,79,-5,5
65658,123,130,-7,7
65659,85,89,-4,4
65660,124,130,-6,6
65661,51,44,7,7
65662,53,58,-5,5
65663,97,105,-8,8
65664,92,89,3,3
65665,122,130,-8,8
65666,183,165,18,18
65667,94,106,-12,12
65668,151,138,13,13
65669,65,66,-1,1
65670,146,146,0,0
65671,68,79,-11,11
65672,186,159,27,27
65673,121,100,21,21
65674,77,86,-9,9
65675,99,119,-20,20
65676,102,108,-6,6
65677,80,79,1,1
65678,123,122,1,1
65679,90,106,-16,16
65680,96,100,-4,4
65681,119,104,15,15
65682,136,139,-3,3
65683,84,97,-13,13
65684,135,134,1,1
65685,84,106,-22,22
65686,56,56,0,0
65687,81,86,-5,5
65688,69,63,6,6
65689,89,60,29,29
65690,105,107,-2,2
65691,113,117,-4,4
65692,79,77,2,2
65693,167,151,16,16
65694,85,70,15,15
65695,80,83,-3,3
65696,72,77,-5,5
65697,129,124,5,5
65698,155,141,14,14
65699,53,53,0,0
65700,48,51,-3,3
65701,45,42,3,3
65702,55,50,5,5
65703,99,100,-1,1
65704,91,99,-8,8
65705,75,57,18,18
65706,84,74,10,10
65707,38,51,-13,13
65708,41,40,1,1
65709,86,83,3,3
65710,76,78,-2,2
65711,53,60,-7,7
65712,63,65,-2,2
65713,79,76,3,3
65714,145,139,6,6
65715,97,103,-6,6
65716,120,122,-2,2
65717,74,74,0,0
65718,96,97,-1,1
65719,101,94,7,7
65720,94,108,-14,14
65721,92,83,9,9
65722,83,74,9,9
65723,122,114,8,8
65724,57,55,2,2
65725,56,62,-6,6
65726,123,116,7,7
65727,104,105,-1,1
65728,147,129,18,18
65729,190,188,2,2
65730,120,117,3,3
65731,173,158,15,15
65732,52,53,-1,1
65733,134,119,15,15
65734,110,121,-11,11
65735,84,82,2,2
65736,92,98,-6,6
65737,112,106,6,6
65738,60,69,-9,9
65739,76,76,0,0
65740,159,147,12,12
65741,61,61,0,0
65742,141,137,4,4
65743,107,109,-2,2
65744,103,92,11,11
65745,129,129,0,0
65746,61,32,29,29
65747,77,74,3,3
65748,84,91,-7,7
65749,78,78,0,0
65750,47,48,-1,1
65751,140,126,14,14
65752,56,51,5,5
65753,154,134,20,20
65754,77,88,-11,11
65755,85,73,12,12
65756,104,115,-11,11
65757,70,89,-19,19
65758,71,72,-1,1
65759,63,60,3,3
65760,84,81,3,3
65761,110,97,13,13
65762,88,92,-4,4
65763,74,82,-8,8
65764,72,84,-12,12
65765,46,47,-1,1
65766,94,93,1,1
65767,93,95,-2,2
65768,63,64,-1,1
65769,100,107,-7,7
65770,71,66,5,5
65771,113,122,-9,9
65772,88,94,-6,6
65773,83,67,16,16
65774,76,97,-21,21
65775,83,74,9,9
65776,153,136,17,17
65777,134,138,-4,4
65778,91,88,3,3
65779,56,53,3,3
65780,89,87,2,2
65781,51,57,-6,6
65782,121,129,-8,8
65783,107,105,2,2
65784,97,144,-47,47
65785,79,82,-3,3
65786,115,122,-7,7
65787,60,64,-4,4
65788,105,105,0,0
65789,65,69,-4,4
65790,57,61,-4,4
65791,169,166,3,3
65792,92,96,-4,4
65793,104,116,-12,12
65794,68,66,2,2
65795,72,71,1,1
65796,92,92,0,0
65797,124,122,2,2
65798,85,93,-8,8
65799,123,127,-4,4
65800,112,101,11,11
65801,138,147,-9,9
65802,205,197,8,8
65803,88,90,-2,2
65804,82,78,4,4
65805,77,85,-8,8
65806,68,64,4,4
65807,125,118,7,7
65808,87,88,-1,1
65809,112,113,-1,1
65810,66,76,-10,10
65811,132,121,11,11
65812,136,125,11,11
65813,232,216,16,16
65814,63,74,-11,11
65815,77,83,-6,6
65816,121,120,1,1
65817,161,155,6,6
65818,200,153,47,47
65819,65,60,5,5
65820,104,90,14,14
65821,129,133,-4,4
65822,129,163,-34,34
65823,123,111,12,12
65824,72,78,-6,6
65825,59,57,2,2
65826,94,105,-11,11
65827,102,107,-5,5
65828,74,76,-2,2
65829,64,64,0,0
65830,48,42,6,6
65831,80,86,-6,6
65832,112,99,13,13
65833,67,131,-64,64
65834,79,91,-12,12
65835,79,80,-1,1
65836,51,53,-2,2
65837,213,182,31,31
65838,116,115,1,1
65839,82,86,-4,4
65840,88,91,-3,3
65841,154,163,-9,9
65842,93,90,3,3
65843,115,107,8,8
65844,58,56,2,2
65845,89,102,-13,13
65846,69,69,0,0
65847,124,114,10,10
65848,87,83,4,4
65849,114,118,-4,4
65850,75,82,-7,7
65851,46,65,-19,19
65852,54,55,-1,1
65853,63,60,3,3
65854,54,50,4,4
65855,70,70,0,0
65856,98,96,2,2
65857,74,76,-2,2
65858,76,74,2,2
65859,80,80,0,0
65860,73,147,-74,74
65861,108,105,3,3
65862,100,75,25,25
65863,64,51,13,13
65864,101,111,-10,10
65865,75,77,-2,2
65866,66,72,-6,6
65867,142,141,1,1
65868,47,49,-2,2
65869,71,70,1,1
65870,26,15,11,11
65871,53,57,-4,4
65872,133,130,3,3
65873,96,98,-2,2
65874,91,99,-8,8
65875,83,79,4,4
65876,103,116,-13,13
65877,89,84,5,5
65878,90,90,0,0
65879,95,103,-8,8
65880,32,31,1,1
65881,72,81,-9,9
65882,99,88,11,11
65883,115,129,-14,14
65884,86,99,-13,13
65885,93,122,-29,29
65886,129,122,7,7
65887,92,90,2,2
65888,114,115,-1,1
65889,84,95,-11,11
65890,93,91,2,2
65891,89,107,-18,18
65892,59,60,-1,1
65893,63,62,1,1
65894,59,60,-1,1
65895,115,115,0,0
65896,144,121,23,23
65897,76,81,-5,5
65898,112,108,4,4
65899,118,127,-9,9
65900,80,85,-5,5
65901,106,117,-11,11
65902,92,97,-5,5
65903,65,69,-4,4
65904,130,137,-7,7
65905,108,113,-5,5
65906,44,55,-11,11
65907,101,98,3,3
65908,72,84,-12,12
65909,67,70,-3,3
65910,73,68,5,5
65911,184,172,12,12
65912,83,77,6,6
65913,77,74,3,3
65914,113,119,-6,6
65915,46,46,0,0
65916,101,118,-17,17
65917,92,90,2,2
65918,122,117,5,5
65919,67,67,0,0
65920,134,120,14,14
65921,82,88,-6,6
65922,142,143,-1,1
65923,101,94,7,7
65924,119,136,-17,17
65925,44,35,9,9
65926,105,111,-6,6
65927,99,103,-4,4
65928,127,127,0,0
65929,76,73,3,3
65930,107,98,9,9
65931,104,113,-9,9
65932,104,95,9,9
65933,100,103,-3,3
65934,106,102,4,4
65935,66,63,3,3
65936,154,138,16,16
65937,124,124,0,0
65938,118,121,-3,3
65939,79,74,5,5
65940,76,76,0,0
65941,89,87,2,2
65942,67,78,-11,11
65943,104,104,0,0
65944,108,100,8,8
65945,76,76,0,0
65946,47,49,-2,2
65947,98,100,-2,2
65948,137,148,-11,11
65949,111,108,3,3
65950,62,60,2,2
65951,37,34,3,3
65952,69,69,0,0
65953,115,125,-10,10
65954,98,106,-8,8
65955,62,68,-6,6
65956,94,96,-2,2
65957,46,57,-11,11
65958,97,92,5,5
65959,108,97,11,11
65960,124,116,8,8
65961,74,91,-17,17
65962,113,114,-1,1
65963,96,101,-5,5
65964,135,129,6,6
65965,81,78,3,3
65966,101,102,-1,1
65967,109,121,-12,12
65968,121,123,-2,2
65969,62,56,6,6
65970,105,126,-21,21
65971,105,97,8,8
65972,96,63,33,33
65973,90,73,17,17
65974,81,73,8,8
65975,137,127,10,10
65976,86,97,-11,11
65977,86,91,-5,5
65978,105,111,-6,6
65979,120,114,6,6
65980,70,68,2,2
65981,90,81,9,9
65982,90,94,-4,4
65983,79,82,-3,3
65984,62,61,1,1
65985,56,60,-4,4
65986,62,61,1,1
65987,123,110,13,13
65988,108,121,-13,13
65989,73,71,2,2
65990,92,86,6,6
65991,97,93,4,4
65992,94,95,-1,1
65993,119,129,-10,10
65994,125,122,3,3
65995,252,213,39,39
65996,124,125,-1,1
65997,76,84,-8,8
65998,120,126,-6,6
65999,83,85,-2,2
66000,82,83,-1,1
66001,93,100,-7,7
66002,56,60,-4,4
66003,78,94,-16,16
66004,121,165,-44,44
66005,100,94,6,6
66006,91,86,5,5
66007,66,66,0,0
66008,62,63,-1,1
66009,72,73,-1,1
66010,77,75,2,2
66011,93,91,2,2
66012,176,154,22,22
66013,55,58,-3,3
66014,75,79,-4,4
66015,60,61,-1,1
66016,143,136,7,7
66017,117,123,-6,6
66018,36,40,-4,4
66019,45,46,-1,1
66020,96,96,0,0
66021,81,95,-14,14
66022,106,110,-4,4
66023,83,82,1,1
66024,105,97,8,8
66025,80,90,-10,10
66026,43,33,10,10
66027,103,107,-4,4
66028,134,140,-6,6
66029,53,53,0,0
66030,115,111,4,4
66031,157,135,22,22
66032,67,84,-17,17
66033,104,131,-27,27
66034,148,149,-1,1
66035,116,115,1,1
66036,100,96,4,4
66037,63,66,-3,3
66038,71,83,-12,12
66039,71,69,2,2
66040,67,76,-9,9
66041,105,104,1,1
66042,102,103,-1,1
66043,53,57,-4,4
66044,71,75,-4,4
66045,115,101,14,14
66046,105,104,1,1
66047,62,84,-22,22
66048,119,110,9,9
66049,151,151,0,0
66050,55,59,-4,4
66051,76,81,-5,5
66052,37,30,7,7
66053,126,103,23,23
66054,116,95,21,21
66055,119,118,1,1
66056,86,81,5,5
66057,64,74,-10,10
66058,53,57,-4,4
66059,108,106,2,2
66060,118,113,5,5
66061,126,123,3,3
66062,71,67,4,4
66063,99,97,2,2
66064,49,55,-6,6
66065,87,87,0,0
66066,75,67,8,8
66067,89,93,-4,4
66068,94,87,7,7
66069,100,96,4,4
66070,80,73,7,7
66071,78,78,0,0
66072,65,68,-3,3
66073,104,106,-2,2
66074,111,129,-18,18
66075,182,156,26,26
66076,69,78,-9,9
66077,67,67,0,0
66078,99,122,-23,23
66079,82,104,-22,22
66080,99,83,16,16
66081,66,67,-1,1
66082,162,155,7,7
66083,142,133,9,9
66084,84,84,0,0
66085,70,83,-13,13
66086,106,106,0,0
66087,57,56,1,1
66088,89,83,6,6
66089,119,113,6,6
66090,90,86,4,4
66091,59,66,-7,7
66092,80,76,4,4
66093,113,102,11,11
66094,47,51,-4,4
66095,72,72,0,0
66096,178,177,1,1
66097,76,83,-7,7
66098,96,100,-4,4
66099,83,84,-1,1
66100,63,64,-1,1
66101,144,143,1,1
66102,42,52,-10,10
66103,52,50,2,2
66104,125,113,12,12
66105,63,67,-4,4
66106,69,62,7,7
66107,78,76,2,2
66108,63,95,-32,32
66109,80,86,-6,6
66110,101,108,-7,7
66111,187,160,27,27
66112,163,154,9,9
66113,109,118,-9,9
66114,101,101,0,0
66115,86,90,-4,4
66116,72,91,-19,19
66117,142,171,-29,29
66118,99,87,12,12
66119,64,72,-8,8
66120,79,82,-3,3
66121,85,84,1,1
66122,107,84,23,23
66123,97,101,-4,4
66124,116,114,2,2
66125,67,72,-5,5
66126,89,113,-24,24
66127,122,104,18,18
66128,140,145,-5,5
66129,62,62,0,0
66130,119,136,-17,17
66131,117,110,7,7
66132,104,119,-15,15
66133,47,55,-8,8
66134,73,75,-2,2
66135,159,143,16,16
66136,101,105,-4,4
66137,77,65,12,12
66138,58,49,9,9
66139,78,85,-7,7
66140,97,89,8,8
66141,76,75,1,1
66142,88,92,-4,4
66143,64,62,2,2
66144,81,95,-14,14
66145,69,64,5,5
66146,115,130,-15,15
66147,65,92,-27,27
66148,76,66,10,10
66149,58,62,-4,4
66150,33,31,2,2
66151,133,125,8,8
66152,45,71,-26,26
66153,123,128,-5,5
66154,100,95,5,5
66155,82,87,-5,5
66156,83,81,2,2
66157,117,102,15,15
66158,74,65,9,9
66159,103,111,-8,8
66160,72,76,-4,4
66161,142,127,15,15
66162,121,114,7,7
66163,82,78,4,4
66164,80,85,-5,5
66165,100,102,-2,2
66166,164,150,14,14
66167,95,99,-4,4
66168,57,58,-1,1
66169,81,78,3,3
66170,39,33,6,6
66171,123,120,3,3
66172,127,121,6,6
66173,82,84,-2,2
66174,105,107,-2,2
66175,72,73,-1,1
66176,37,38,-1,1
66177,85,92,-7,7
66178,152,140,12,12
66179,80,79,1,1
66180,55,61,-6,6
66181,76,90,-14,14
66182,21,33,-12,12
66183,220,202,18,18
66184,159,144,15,15
66185,90,94,-4,4
66186,148,152,-4,4
66187,102,104,-2,2
66188,83,72,11,11
66189,80,97,-17,17
66190,100,91,9,9
66191,111,104,7,7
66192,79,87,-8,8
66193,82,80,2,2
66194,82,83,-1,1
66195,197,184,13,13
66196,188,166,22,22
66197,177,176,1,1
66198,76,77,-1,1
66199,157,168,-11,11
66200,49,55,-6,6
66201,44,38,6,6
66202,66,74,-8,8
66203,156,146,10,10
66204,111,119,-8,8
66205,69,73,-4,4
66206,188,182,6,6
66207,126,109,17,17
66208,73,70,3,3
66209,111,110,1,1
66210,94,96,-2,2
66211,57,66,-9,9
66212,132,122,10,10
66213,164,151,13,13
66214,55,57,-2,2
66215,139,141,-2,2
66216,77,71,6,6
66217,43,49,-6,6
66218,96,87,9,9
66219,88,85,3,3
66220,74,72,2,2
66221,81,79,2,2
66222,84,87,-3,3
66223,100,97,3,3
66224,108,96,12,12
66225,44,58,-14,14
66226,77,83,-6,6
66227,79,83,-4,4
66228,111,111,0,0
66229,86,85,1,1
66230,61,58,3,3
66231,85,88,-3,3
66232,45,41,4,4
66233,81,75,6,6
66234,159,144,15,15
66235,80,76,4,4
66236,94,91,3,3
66237,89,91,-2,2
66238,96,93,3,3
66239,95,88,7,7
66240,127,101,26,26
66241,71,65,6,6
66242,68,64,4,4
66243,80,84,-4,4
66244,122,116,6,6
66245,136,135,1,1
66246,95,89,6,6
66247,89,91,-2,2
66248,88,97,-9,9
66249,44,43,1,1
66250,121,115,6,6
66251,47,42,5,5
66252,72,71,1,1
66253,72,70,2,2
66254,145,157,-12,12
66255,77,77,0,0
66256,129,155,-26,26
66257,65,66,-1,1
66258,121,119,2,2
66259,92,93,-1,1
66260,100,106,-6,6
66261,36,43,-7,7
66262,122,116,6,6
66263,112,103,9,9
66264,76,74,2,2
66265,112,117,-5,5
66266,75,78,-3,3
66267,81,81,0,0
66268,102,95,7,7
66269,43,52,-9,9
66270,92,90,2,2
66271,118,110,8,8
66272,73,66,7,7
66273,179,175,4,4
66274,63,73,-10,10
66275,128,136,-8,8
66276,161,159,2,2
66277,178,150,28,28
66278,90,77,13,13
66279,74,75,-1,1
66280,74,77,-3,3
66281,95,112,-17,17
66282,98,102,-4,4
66283,94,86,8,8
66284,115,121,-6,6
66285,131,131,0,0
66286,99,81,18,18
66287,87,85,2,2
66288,74,80,-6,6
66289,56,53,3,3
66290,58,57,1,1
66291,77,84,-7,7
66292,122,113,9,9
66293,70,76,-6,6
66294,40,50,-10,10
66295,106,112,-6,6
66296,100,100,0,0
66297,73,74,-1,1
66298,72,65,7,7
66299,99,113,-14,14
66300,135,145,-10,10
66301,184,155,29,29
66302,50,64,-14,14
66303,77,80,-3,3
66304,48,51,-3,3
66305,76,59,17,17
66306,87,96,-9,9
66307,137,138,-1,1
66308,110,113,-3,3
66309,84,92,-8,8
66310,74,76,-2,2
66311,83,68,15,15
66312,76,73,3,3
66313,107,128,-21,21
66314,78,76,2,2
66315,87,82,5,5
66316,64,71,-7,7
66317,60,65,-5,5
66318,94,103,-9,9
66319,80,82,-2,2
66320,50,46,4,4
66321,54,57,-3,3
66322,65,60,5,5
66323,101,116,-15,15
66324,89,83,6,6
66325,127,132,-5,5
66326,59,68,-9,9
66327,90,95,-5,5
66328,77,83,-6,6
66329,100,109,-9,9
66330,103,111,-8,8
66331,33,47,-14,14
66332,61,60,1,1
66333,63,78,-15,15
66334,47,50,-3,3
66335,51,48,3,3
66336,141,144,-3,3
66337,74,74,0,0
66338,74,79,-5,5
66339,85,91,-6,6
66340,149,135,14,14
66341,90,93,-3,3
66342,79,85,-6,6
66343,93,105,-12,12
66344,79,77,2,2
66345,146,143,3,3
66346,81,74,7,7
66347,83,110,-27,27
66348,196,191,5,5
66349,114,102,12,12
66350,102,98,4,4
66351,140,133,7,7
66352,46,43,3,3
66353,189,175,14,14
66354,102,98,4,4
66355,96,96,0,0
66356,73,84,-11,11
66357,131,139,-8,8
66358,143,129,14,14
66359,94,120,-26,26
66360,95,94,1,1
66361,131,129,2,2
66362,138,132,6,6
66363,55,57,-2,2
66364,40,30,10,10
66365,97,89,8,8
66366,70,75,-5,5
66367,95,90,5,5
66368,86,80,6,6
66369,107,103,4,4
66370,45,50,-5,5
66371,107,110,-3,3
66372,77,69,8,8
66373,75,72,3,3
66374,85,81,4,4
66375,81,84,-3,3
66376,100,103,-3,3
66377,65,75,-10,10
66378,57,60,-3,3
66379,61,50,11,11
66380,79,83,-4,4
66381,104,96,8,8
66382,106,116,-10,10
66383,55,58,-3,3
66384,100,94,6,6
66385,89,93,-4,4
66386,73,74,-1,1
66387,77,86,-9,9
66388,59,56,3,3
66389,71,80,-9,9
66390,52,51,1,1
66391,58,54,4,4
66392,72,69,3,3
66393,90,87,3,3
66394,57,67,-10,10
66395,82,110,-28,28
66396,92,90,2,2
66397,88,79,9,9
66398,49,53,-4,4
66399,91,83,8,8
66400,171,155,16,16
66401,75,93,-18,18
66402,82,82,0,0
66403,74,78,-4,4
66404,116,110,6,6
66405,95,84,11,11
66406,116,101,15,15
66407,74,97,-23,23
66408,100,98,2,2
66409,81,88,-7,7
66410,141,155,-14,14
66411,113,122,-9,9
66412,100,95,5,5
66413,80,76,4,4
66414,96,95,1,1
66415,83,85,-2,2
66416,68,77,-9,9
66417,66,69,-3,3
66418,73,71,2,2
66419,169,163,6,6
66420,119,100,19,19
66421,82,94,-12,12
66422,85,83,2,2
66423,92,106,-14,14
66424,92,101,-9,9
66425,164,157,7,7
66426,131,132,-1,1
66427,106,121,-15,15
66428,72,71,1,1
66429,54,58,-4,4
66430,75,76,-1,1
66431,62,66,-4,4
66432,89,92,-3,3
66433,63,58,5,5
66434,87,86,1,1
66435,136,120,16,16
66436,79,79,0,0
66437,86,95,-9,9
66438,71,76,-5,5
66439,68,59,9,9
66440,127,116,11,11
66441,78,84,-6,6
66442,43,52,-9,9
66443,82,80,2,2
66444,61,69,-8,8
66445,91,100,-9,9
66446,78,72,6,6
66447,121,120,1,1
66448,83,87,-4,4
66449,169,170,-1,1
66450,56,54,2,2
66451,78,52,26,26
66452,73,79,-6,6
66453,66,72,-6,6
66454,67,59,8,8
66455,69,39,30,30
66456,96,115,-19,19
66457,118,112,6,6
66458,67,70,-3,3
66459,58,80,-22,22
66460,77,74,3,3
66461,164,145,19,19
66462,57,63,-6,6
66463,98,101,-3,3
66464,97,101,-4,4
66465,58,64,-6,6
66466,107,108,-1,1
66467,70,75,-5,5
66468,121,122,-1,1
66469,144,126,18,18
66470,157,158,-1,1
66471,113,108,5,5
66472,66,53,13,13
66473,47,82,-35,35
66474,106,100,6,6
66475,77,91,-14,14
66476,180,185,-5,5
66477,55,47,8,8
66478,57,71,-14,14
66479,104,112,-8,8
66480,120,120,0,0
66481,124,124,0,0
66482,157,158,-1,1
66483,185,178,7,7
66484,63,65,-2,2
66485,158,142,16,16
66486,161,161,0,0
66487,61,64,-3,3
66488,104,106,-2,2
66489,65,67,-2,2
66490,174,155,19,19
66491,52,51,1,1
66492,118,106,12,12
66493,89,89,0,0
66494,88,85,3,3
66495,88,93,-5,5
66496,62,65,-3,3
66497,67,74,-7,7
66498,118,120,-2,2
66499,113,120,-7,7
66500,99,104,-5,5
66501,68,68,0,0
66502,50,47,3,3
66503,123,124,-1,1
66504,97,89,8,8
66505,93,105,-12,12
66506,132,103,29,29
66507,70,79,-9,9
66508,65,62,3,3
66509,80,94,-14,14
66510,79,82,-3,3
66511,96,99,-3,3
66512,69,75,-6,6
66513,142,142,0,0
66514,126,124,2,2
66515,88,119,-31,31
66516,57,52,5,5
66517,68,66,2,2
66518,97,114,-17,17
66519,128,130,-2,2
66520,129,142,-13,13
66521,92,93,-1,1
66522,146,145,1,1
66523,83,87,-4,4
66524,92,87,5,5
66525,207,182,25,25
66526,40,49,-9,9
66527,92,87,5,5
66528,95,112,-17,17
66529,107,103,4,4
66530,51,57,-6,6
66531,210,188,22,22
66532,73,71,2,2
66533,103,107,-4,4
66534,120,114,6,6
66535,132,126,6,6
66536,112,105,7,7
66537,86,89,-3,3
66538,195,180,15,15
66539,69,73,-4,4
66540,91,92,-1,1
66541,57,66,-9,9
66542,112,112,0,0
66543,72,83,-11,11
66544,90,86,4,4
66545,99,103,-4,4
66546,46,43,3,3
66547,51,36,15,15
66548,107,101,6,6
66549,156,153,3,3
66550,61,61,0,0
66551,88,84,4,4
66552,107,105,2,2
66553,121,103,18,18
66554,89,84,5,5
66555,99,100,-1,1
66556,87,99,-12,12
66557,46,55,-9,9
66558,152,152,0,0
66559,67,71,-4,4
66560,164,169,-5,5
66561,68,73,-5,5
66562,94,104,-10,10
66563,60,65,-5,5
66564,205,170,35,35
66565,92,88,4,4
66566,95,91,4,4
66567,67,60,7,7
66568,55,59,-4,4
66569,151,128,23,23
66570,160,148,12,12
66571,29,38,-9,9
66572,108,108,0,0
66573,112,131,-19,19
66574,109,169,-60,60
66575,86,78,8,8
66576,75,78,-3,3
66577,60,69,-9,9
66578,64,74,-10,10
66579,64,76,-12,12
66580,110,108,2,2
66581,81,91,-10,10
66582,79,83,-4,4
66583,124,109,15,15
66584,94,97,-3,3
66585,73,95,-22,22
66586,111,108,3,3
66587,107,110,-3,3
66588,71,69,2,2
66589,125,128,-3,3
66590,123,109,14,14
66591,63,59,4,4
66592,98,98,0,0
66593,101,85,16,16
66594,129,134,-5,5
66595,96,100,-4,4
66596,58,58,0,0
66597,162,153,9,9
66598,48,53,-5,5
66599,151,152,-1,1
66600,67,69,-2,2
66601,122,123,-1,1
66602,100,105,-5,5
66603,135,137,-2,2
66604,213,182,31,31
66605,129,133,-4,4
66606,61,69,-8,8
66607,70,76,-6,6
66608,88,118,-30,30
66609,75,83,-8,8
66610,159,161,-2,2
66611,100,105,-5,5
66612,75,66,9,9
66613,120,136,-16,16
66614,70,86,-16,16
66615,129,112,17,17
66616,124,125,-1,1
66617,105,107,-2,2
66618,60,58,2,2
66619,76,68,8,8
66620,64,75,-11,11
66621,145,135,10,10
66622,95,112,-17,17
66623,104,111,-7,7
66624,148,133,15,15
66625,126,121,5,5
66626,142,134,8,8
66627,67,70,-3,3
66628,96,111,-15,15
66629,114,113,1,1
66630,47,52,-5,5
66631,125,144,-19,19
66632,66,67,-1,1
66633,203,246,-43,43
66634,58,66,-8,8
66635,114,109,5,5
66636,100,121,-21,21
66637,92,109,-17,17
66638,114,120,-6,6
66639,67,69,-2,2
66640,56,52,4,4
66641,78,76,2,2
66642,62,66,-4,4
66643,77,91,-14,14
66644,104,98,6,6
66645,37,56,-19,19
66646,94,91,3,3
66647,108,100,8,8
66648,42,28,14,14
66649,106,109,-3,3
66650,74,72,2,2
66651,116,97,19,19
66652,77,65,12,12
66653,123,132,-9,9
66654,89,99,-10,10
66655,74,71,3,3
66656,118,115,3,3
66657,73,79,-6,6
66658,69,88,-19,19
66659,79,78,1,1
66660,58,55,3,3
66661,172,150,22,22
66662,118,113,5,5
66663,140,144,-4,4
66664,124,127,-3,3
66665,111,101,10,10
66666,88,111,-23,23
66667,90,122,-32,32
66668,59,58,1,1
66669,139,153,-14,14
66670,125,131,-6,6
66671,64,65,-1,1
66672,147,129,18,18
66673,50,54,-4,4
66674,81,82,-1,1
66675,105,101,4,4
66676,63,69,-6,6
66677,87,94,-7,7
66678,90,77,13,13
66679,47,50,-3,3
66680,134,129,5,5
66681,61,60,1,1
66682,73,95,-22,22
66683,73,65,8,8
66684,78,82,-4,4
66685,134,122,12,12
66686,51,47,4,4
66687,108,87,21,21
66688,96,103,-7,7
66689,54,49,5,5
66690,122,115,7,7
66691,129,131,-2,2
66692,86,76,10,10
66693,114,113,1,1
66694,70,79,-9,9
66695,79,84,-5,5
66696,56,53,3,3
66697,66,65,1,1
66698,89,91,-2,2
66699,106,104,2,2
66700,77,81,-4,4
66701,82,71,11,11
66702,63,78,-15,15
66703,87,89,-2,2
66704,119,130,-11,11
66705,146,139,7,7
66706,71,67,4,4
66707,70,76,-6,6
66708,82,85,-3,3
66709,72,75,-3,3
66710,91,97,-6,6
66711,57,68,-11,11
66712,68,66,2,2
66713,92,87,5,5
66714,71,68,3,3
66715,100,94,6,6
66716,106,92,14,14
66717,64,58,6,6
66718,58,68,-10,10
66719,74,74,0,0
66720,104,119,-15,15
66721,133,131,2,2
66722,59,57,2,2
66723,77,81,-4,4
66724,90,88,2,2
66725,116,95,21,21
66726,94,90,4,4
66727,102,107,-5,5
66728,130,122,8,8
66729,115,109,6,6
66730,79,74,5,5
66731,151,140,11,11
66732,88,106,-18,18
66733,188,167,21,21
66734,91,92,-1,1
66735,81,75,6,6
66736,74,80,-6,6
66737,80,88,-8,8
66738,125,125,0,0
66739,140,138,2,2
66740,60,65,-5,5
66741,45,53,-8,8
66742,65,74,-9,9
66743,120,125,-5,5
66744,105,118,-13,13
66745,136,140,-4,4
66746,31,60,-29,29
66747,77,83,-6,6
66748,79,90,-11,11
66749,96,95,1,1
66750,40,49,-9,9
66751,54,58,-4,4
66752,94,86,8,8
66753,83,112,-29,29
66754,54,59,-5,5
66755,92,95,-3,3
66756,146,127,19,19
66757,172,162,10,10
66758,62,61,1,1
66759,155,144,11,11
66760,111,99,12,12
66761,99,99,0,0
66762,126,119,7,7
66763,55,54,1,1
66764,202,187,15,15
66765,60,63,-3,3
66766,97,94,3,3
66767,111,111,0,0
66768,114,112,2,2
66769,81,80,1,1
66770,35,50,-15,15
66771,88,99,-11,11
66772,62,60,2,2
66773,84,91,-7,7
66774,96,90,6,6
66775,105,111,-6,6
66776,67,68,-1,1
66777,68,80,-12,12
66778,75,76,-1,1
66779,64,75,-11,11
66780,165,140,25,25
66781,92,110,-18,18
66782,136,118,18,18
66783,93,99,-6,6
66784,58,51,7,7
66785,72,69,3,3
66786,87,102,-15,15
66787,53,61,-8,8
66788,138,131,7,7
66789,98,105,-7,7
66790,81,82,-1,1
66791,82,85,-3,3
66792,140,149,-9,9
66793,92,91,1,1
66794,116,117,-1,1
66795,169,157,12,12
66796,76,86,-10,10
66797,70,69,1,1
66798,206,183,23,23
66799,118,115,3,3
66800,82,91,-9,9
66801,143,134,9,9
66802,113,102,11,11
66803,82,84,-2,2
66804,72,75,-3,3
66805,53,50,3,3
66806,38,55,-17,17
66807,102,97,5,5
66808,98,103,-5,5
66809,60,73,-13,13
66810,133,122,11,11
66811,108,98,10,10
66812,103,94,9,9
66813,58,60,-2,2
66814,80,79,1,1
66815,72,72,0,0
66816,103,95,8,8
66817,115,120,-5,5
66818,66,78,-12,12
66819,134,133,1,1
66820,129,125,4,4
66821,82,78,4,4
66822,92,96,-4,4
66823,72,70,2,2
66824,156,143,13,13
66825,97,98,-1,1
66826,80,87,-7,7
66827,110,94,16,16
66828,112,105,7,7
66829,73,68,5,5
66830,93,102,-9,9
66831,84,93,-9,9
66832,69,64,5,5
66833,63,77,-14,14
66834,97,97,0,0
66835,51,64,-13,13
66836,117,119,-2,2
66837,102,120,-18,18
66838,63,67,-4,4
66839,90,116,-26,26
66840,75,78,-3,3
66841,31,80,-49,49
66842,118,117,1,1
66843,110,122,-12,12
66844,126,126,0,0
66845,132,134,-2,2
66846,94,90,4,4
66847,55,69,-14,14
66848,119,113,6,6
66849,47,50,-3,3
66850,152,141,11,11
66851,38,56,-18,18
66852,96,110,-14,14
66853,79,70,9,9
66854,63,56,7,7
66855,120,132,-12,12
66856,97,86,11,11
66857,65,61,4,4
66858,108,111,-3,3
66859,146,154,-8,8
66860,99,103,-4,4
66861,50,49,1,1
66862,98,94,4,4
66863,61,60,1,1
66864,67,82,-15,15
66865,102,99,3,3
66866,98,94,4,4
66867,127,121,6,6
66868,134,127,7,7
66869,107,101,6,6
66870,62,71,-9,9
66871,83,81,2,2
66872,41,34,7,7
66873,65,69,-4,4
66874,73,80,-7,7
66875,81,80,1,1
66876,85,72,13,13
66877,85,77,8,8
66878,117,108,9,9
66879,128,133,-5,5
66880,89,89,0,0
66881,42,35,7,7
66882,125,134,-9,9
66883,68,70,-2,2
66884,72,81,-9,9
66885,96,102,-6,6
66886,134,139,-5,5
66887,122,122,0,0
66888,87,94,-7,7
66889,54,58,-4,4
66890,79,81,-2,2
66891,148,145,3,3
66892,66,69,-3,3
66893,142,119,23,23
66894,106,98,8,8
66895,48,50,-2,2
66896,57,73,-16,16
66897,126,127,-1,1
66898,51,53,-2,2
66899,109,124,-15,15
66900,106,114,-8,8
66901,102,101,1,1
66902,94,89,5,5
66903,112,108,4,4
66904,140,133,7,7
66905,117,110,7,7
66906,112,96,16,16
66907,49,79,-30,30
66908,156,149,7,7
66909,89,90,-1,1
66910,74,79,-5,5
66911,67,81,-14,14
66912,70,84,-14,14
66913,93,98,-5,5
66914,93,95,-2,2
66915,101,105,-4,4
66916,76,81,-5,5
66917,67,62,5,5
66918,106,102,4,4
66919,72,80,-8,8
66920,65,65,0,0
66921,87,92,-5,5
66922,89,91,-2,2
66923,257,292,-35,35
66924,175,175,0,0
66925,69,61,8,8
66926,76,70,6,6
66927,65,53,12,12
66928,153,141,12,12
66929,68,71,-3,3
66930,116,113,3,3
66931,114,132,-18,18
66932,76,83,-7,7
66933,65,64,1,1
66934,104,103,1,1
66935,148,151,-3,3
66936,43,44,-1,1
66937,90,91,-1,1
66938,99,101,-2,2
66939,128,132,-4,4
66940,110,112,-2,2
66941,42,62,-20,20
66942,120,122,-2,2
66943,135,105,30,30
66944,134,140,-6,6
66945,116,119,-3,3
66946,138,126,12,12
66947,125,116,9,9
66948,43,44,-1,1
66949,89,93,-4,4
66950,126,119,7,7
66951,90,84,6,6
66952,77,83,-6,6
66953,91,89,2,2
66954,120,111,9,9
66955,63,55,8,8
66956,88,75,13,13
66957,50,53,-3,3
66958,110,120,-10,10
66959,71,63,8,8
66960,81,82,-1,1
66961,120,117,3,3
66962,94,89,5,5
66963,51,60,-9,9
66964,84,88,-4,4
66965,96,108,-12,12
66966,179,165,14,14
66967,57,54,3,3
66968,114,121,-7,7
66969,111,112,-1,1
66970,111,103,8,8
66971,101,96,5,5
66972,53,49,4,4
66973,97,99,-2,2
66974,98,101,-3,3
66975,50,55,-5,5
66976,82,80,2,2
66977,108,101,7,7
66978,59,63,-4,4
66979,69,84,-15,15
66980,68,64,4,4
66981,69,76,-7,7
66982,73,79,-6,6
66983,28,24,4,4
66984,75,80,-5,5
66985,68,64,4,4
66986,110,125,-15,15
66987,99,121,-22,22
66988,72,70,2,2
66989,74,76,-2,2
66990,70,79,-9,9
66991,109,106,3,3
66992,191,173,18,18
66993,54,50,4,4
66994,119,117,2,2
66995,76,84,-8,8
66996,174,164,10,10
66997,87,88,-1,1
66998,88,87,1,1
66999,53,56,-3,3
67000,75,80,-5,5
67001,68,64,4,4
67002,118,124,-6,6
67003,114,106,8,8
67004,101,99,2,2
67005,102,103,-1,1
67006,82,86,-4,4
67007,100,107,-7,7
67008,134,135,-1,1
67009,140,143,-3,3
67010,109,115,-6,6
67011,124,128,-4,4
67012,157,138,19,19
67013,67,56,11,11
67014,117,120,-3,3
67015,64,63,1,1
67016,89,99,-10,10
67017,52,44,8,8
67018,126,122,4,4
67019,99,98,1,1
67020,82,82,0,0
67021,96,80,16,16
67022,85,92,-7,7
67023,68,81,-13,13
67024,132,127,5,5
67025,148,138,10,10
67026,56,60,-4,4
67027,173,173,0,0
67028,115,116,-1,1
67029,99,101,-2,2
67030,115,130,-15,15
67031,71,74,-3,3
67032,141,129,12,12
67033,111,108,3,3
67034,53,48,5,5
67035,279,220,59,59
67036,101,93,8,8
67037,93,90,3,3
67038,71,70,1,1
67039,163,164,-1,1
67040,52,49,3,3
67041,109,113,-4,4
67042,80,89,-9,9
67043,72,110,-38,38
67044,72,69,3,3
67045,87,88,-1,1
67046,82,91,-9,9
67047,74,78,-4,4
67048,156,140,16,16
67049,133,130,3,3
67050,123,119,4,4
67051,63,65,-2,2
67052,70,75,-5,5
67053,40,41,-1,1
67054,76,76,0,0
67055,201,185,16,16
67056,76,84,-8,8
67057,109,116,-7,7
67058,116,122,-6,6
67059,45,39,6,6
67060,59,60,-1,1
67061,104,98,6,6
67062,122,160,-38,38
67063,108,93,15,15
67064,59,59,0,0
67065,111,115,-4,4
67066,47,46,1,1
67067,123,130,-7,7
67068,127,120,7,7
67069,98,96,2,2
67070,90,99,-9,9
67071,70,80,-10,10
67072,102,99,3,3
67073,101,100,1,1
67074,72,89,-17,17
67075,86,108,-22,22
67076,77,83,-6,6
67077,175,161,14,14
67078,85,86,-1,1
67079,109,106,3,3
67080,143,139,4,4
67081,79,94,-15,15
67082,81,78,3,3
67083,110,104,6,6
67084,68,85,-17,17
67085,107,108,-1,1
67086,115,118,-3,3
67087,120,117,3,3
67088,67,73,-6,6
67089,95,100,-5,5
67090,116,117,-1,1
67091,83,86,-3,3
67092,97,95,2,2
67093,85,90,-5,5
67094,91,97,-6,6
67095,147,140,7,7
67096,60,64,-4,4
67097,104,100,4,4
67098,99,95,4,4
67099,142,133,9,9
67100,65,70,-5,5
67101,58,59,-1,1
67102,81,87,-6,6
67103,85,79,6,6
67104,158,149,9,9
67105,57,56,1,1
67106,32,38,-6,6
67107,161,152,9,9
67108,139,133,6,6
67109,123,123,0,0
67110,141,137,4,4
67111,127,132,-5,5
67112,65,65,0,0
67113,177,168,9,9
67114,131,118,13,13
67115,140,124,16,16
67116,51,42,9,9
67117,85,90,-5,5
67118,75,78,-3,3
67119,103,99,4,4
67120,155,131,24,24
67121,85,82,3,3
67122,72,77,-5,5
67123,80,67,13,13
67124,62,63,-1,1
67125,58,60,-2,2
67126,53,60,-7,7
67127,76,92,-16,16
67128,117,118,-1,1
67129,75,75,0,0
67130,138,134,4,4
67131,82,79,3,3
67132,79,81,-2,2
67133,83,94,-11,11
67134,79,76,3,3
67135,141,131,10,10
67136,76,68,8,8
67137,165,147,18,18
67138,150,154,-4,4
67139,65,69,-4,4
67140,37,39,-2,2
67141,55,54,1,1
67142,227,221,6,6
67143,82,85,-3,3
67144,70,65,5,5
67145,57,60,-3,3
67146,73,68,5,5
67147,78,73,5,5
67148,58,62,-4,4
67149,87,86,1,1
67150,48,55,-7,7
67151,127,128,-1,1
67152,65,60,5,5
67153,111,99,12,12
67154,74,83,-9,9
67155,103,97,6,6
67156,91,80,11,11
67157,188,196,-8,8
67158,98,110,-12,12
67159,86,83,3,3
67160,68,66,2,2
67161,99,101,-2,2
67162,68,66,2,2
67163,87,85,2,2
67164,110,111,-1,1
67165,53,56,-3,3
67166,75,79,-4,4
67167,113,116,-3,3
67168,103,135,-32,32
67169,48,62,-14,14
67170,180,159,21,21
67171,67,77,-10,10
67172,69,75,-6,6
67173,114,118,-4,4
67174,82,80,2,2
67175,152,147,5,5
67176,108,114,-6,6
67177,126,127,-1,1
67178,126,142,-16,16
67179,68,88,-20,20
67180,111,103,8,8
67181,127,111,16,16
67182,106,98,8,8
67183,93,105,-12,12
67184,134,132,2,2
67185,65,70,-5,5
67186,129,106,23,23
67187,84,89,-5,5
67188,64,73,-9,9
67189,147,143,4,4
67190,123,130,-7,7
67191,102,100,2,2
67192,66,53,13,13
67193,56,61,-5,5
67194,99,111,-12,12
67195,92,77,15,15
67196,96,94,2,2
67197,125,142,-17,17
67198,85,77,8,8
67199,100,103,-3,3
67200,77,81,-4,4
67201,69,70,-1,1
67202,95,97,-2,2
67203,87,87,0,0
67204,112,105,7,7
67205,124,118,6,6
67206,99,90,9,9
67207,65,52,13,13
67208,119,108,11,11
67209,66,71,-5,5
67210,89,82,7,7
67211,139,127,12,12
67212,111,104,7,7
67213,81,92,-11,11
67214,100,105,-5,5
67215,82,72,10,10
67216,145,157,-12,12
67217,91,94,-3,3
67218,187,183,4,4
67219,84,87,-3,3
67220,45,48,-3,3
67221,116,116,0,0
67222,69,71,-2,2
67223,80,85,-5,5
67224,44,34,10,10
67225,93,99,-6,6
67226,58,55,3,3
67227,74,77,-3,3
67228,74,75,-1,1
67229,99,114,-15,15
67230,93,96,-3,3
67231,67,68,-1,1
67232,108,108,0,0
67233,108,125,-17,17
67234,116,97,19,19
67235,127,112,15,15
67236,98,95,3,3
67237,115,123,-8,8
67238,131,126,5,5
67239,185,177,8,8
67240,120,101,19,19
67241,75,77,-2,2
67242,165,140,25,25
67243,44,71,-27,27
67244,82,79,3,3
67245,66,70,-4,4
67246,72,80,-8,8
67247,137,128,9,9
67248,66,72,-6,6
67249,79,97,-18,18
67250,48,56,-8,8
67251,76,79,-3,3
67252,87,88,-1,1
67253,90,91,-1,1
67254,67,71,-4,4
67255,139,134,5,5
67256,52,58,-6,6
67257,97,99,-2,2
67258,135,132,3,3
67259,60,59,1,1
67260,65,65,0,0
67261,61,57,4,4
67262,175,159,16,16
67263,146,137,9,9
67264,64,78,-14,14
67265,122,119,3,3
67266,66,72,-6,6
67267,62,62,0,0
67268,97,109,-12,12
67269,117,123,-6,6
67270,72,77,-5,5
67271,66,93,-27,27
67272,147,109,38,38
67273,139,133,6,6
67274,143,148,-5,5
67275,106,107,-1,1
67276,81,101,-20,20
67277,85,72,13,13
67278,112,113,-1,1
67279,74,93,-19,19
67280,157,150,7,7
67281,76,78,-2,2
67282,69,72,-3,3
67283,133,124,9,9
67284,79,88,-9,9
67285,58,57,1,1
67286,111,121,-10,10
67287,195,173,22,22
67288,129,111,18,18
67289,58,66,-8,8
67290,101,109,-8,8
67291,186,186,0,0
67292,76,67,9,9
67293,72,74,-2,2
67294,100,109,-9,9
67295,60,64,-4,4
67296,59,66,-7,7
67297,118,121,-3,3
67298,195,172,23,23
67299,92,92,0,0
67300,245,239,6,6
67301,102,112,-10,10
67302,84,95,-11,11
67303,95,92,3,3
67304,126,122,4,4
67305,101,96,5,5
67306,192,175,17,17
67307,118,116,2,2
67308,72,79,-7,7
67309,66,68,-2,2
67310,72,74,-2,2
67311,75,65,10,10
67312,47,49,-2,2
67313,53,54,-1,1
67314,75,86,-11,11
67315,77,93,-16,16
67316,133,130,3,3
67317,66,68,-2,2
67318,122,128,-6,6
67319,151,149,2,2
67320,95,115,-20,20
67321,70,81,-11,11
67322,66,65,1,1
67323,101,101,0,0
67324,92,84,8,8
67325,94,92,2,2
67326,80,75,5,5
67327,86,86,0,0
67328,99,96,3,3
67329,167,150,17,17
67330,104,93,11,11
67331,92,87,5,5
67332,82,84,-2,2
67333,93,87,6,6
67334,57,60,-3,3
67335,80,74,6,6
67336,154,132,22,22
67337,92,91,1,1
67338,121,108,13,13
67339,90,105,-15,15
67340,94,97,-3,3
67341,100,108,-8,8
67342,55,52,3,3
67343,179,171,8,8
67344,157,136,21,21
67345,58,79,-21,21
67346,94,106,-12,12
67347,85,85,0,0
67348,55,63,-8,8
67349,72,63,9,9
67350,114,124,-10,10
67351,99,96,3,3
67352,75,71,4,4
67353,45,43,2,2
67354,58,55,3,3
67355,110,107,3,3
67356,69,77,-8,8
67357,68,68,0,0
67358,102,94,8,8
67359,77,77,0,0
67360,85,91,-6,6
67361,112,119,-7,7
67362,40,36,4,4
67363,73,79,-6,6
67364,76,85,-9,9
67365,65,66,-1,1
67366,72,107,-35,35
67367,89,120,-31,31
67368,110,111,-1,1
67369,91,90,1,1
67370,59,88,-29,29
67371,90,81,9,9
67372,84,94,-10,10
67373,130,119,11,11
67374,63,60,3,3
67375,63,64,-1,1
67376,87,87,0,0
67377,106,117,-11,11
67378,145,142,3,3
67379,128,130,-2,2
67380,81,86,-5,5
67381,111,100,11,11
67382,76,89,-13,13
67383,53,61,-8,8
67384,82,77,5,5
67385,100,106,-6,6
67386,74,83,-9,9
67387,105,113,-8,8
67388,58,60,-2,2
67389,102,103,-1,1
67390,113,103,10,10
67391,99,103,-4,4
67392,113,112,1,1
67393,55,55,0,0
67394,98,89,9,9
67395,108,122,-14,14
67396,54,57,-3,3
67397,99,97,2,2
67398,78,79,-1,1
67399,68,96,-28,28
67400,45,44,1,1
67401,71,78,-7,7
67402,216,206,10,10
67403,103,103,0,0
67404,77,73,4,4
67405,64,66,-2,2
67406,108,116,-8,8
67407,106,95,11,11
67408,124,114,10,10
67409,71,70,1,1
67410,91,81,10,10
67411,80,91,-11,11
67412,122,126,-4,4
67413,105,104,1,1
67414,80,77,3,3
67415,142,128,14,14
67416,64,91,-27,27
67417,95,77,18,18
67418,112,123,-11,11
67419,83,82,1,1
67420,147,126,21,21
67421,47,44,3,3
67422,80,83,-3,3
67423,104,113,-9,9
67424,71,72,-1,1
67425,67,63,4,4
67426,69,74,-5,5
67427,82,85,-3,3
67428,85,74,11,11
67429,144,141,3,3
67430,81,84,-3,3
67431,141,142,-1,1
67432,86,88,-2,2
67433,176,170,6,6
67434,74,69,5,5
67435,91,87,4,4
67436,102,88,14,14
67437,74,71,3,3
67438,97,92,5,5
67439,60,63,-3,3
67440,97,101,-4,4
67441,119,112,7,7
67442,97,101,-4,4
67443,70,75,-5,5
67444,102,88,14,14
67445,61,70,-9,9
67446,86,77,9,9
67447,45,51,-6,6
67448,51,47,4,4
67449,130,135,-5,5
67450,74,85,-11,11
67451,78,90,-12,12
67452,163,162,1,1
67453,52,60,-8,8
67454,99,99,0,0
67455,84,86,-2,2
67456,109,108,1,1
67457,84,86,-2,2
67458,88,101,-13,13
67459,117,112,5,5
67460,186,167,19,19
67461,55,60,-5,5
67462,65,78,-13,13
67463,119,122,-3,3
67464,71,73,-2,2
67465,87,71,16,16
67466,51,53,-2,2
67467,46,48,-2,2
67468,61,61,0,0
67469,103,97,6,6
67470,84,83,1,1
67471,56,57,-1,1
67472,73,83,-10,10
67473,84,84,0,0
67474,127,113,14,14
67475,178,173,5,5
67476,71,76,-5,5
67477,107,107,0,0
67478,111,103,8,8
67479,69,77,-8,8
67480,94,97,-3,3
67481,45,46,-1,1
67482,94,104,-10,10
67483,120,114,6,6
67484,63,63,0,0
67485,78,58,20,20
67486,40,42,-2,2
67487,114,103,11,11
67488,112,108,4,4
67489,152,131,21,21
67490,184,153,31,31
67491,84,76,8,8
67492,122,119,3,3
67493,108,101,7,7
67494,64,66,-2,2
67495,114,114,0,0
67496,143,141,2,2
67497,97,84,13,13
67498,99,96,3,3
67499,145,156,-11,11
67500,63,81,-18,18
67501,111,114,-3,3
67502,68,74,-6,6
67503,108,121,-13,13
67504,94,73,21,21
67505,77,79,-2,2
67506,49,45,4,4
67507,82,80,2,2
67508,66,66,0,0
67509,74,69,5,5
67510,142,147,-5,5
67511,82,88,-6,6
67512,87,86,1,1
67513,78,77,1,1
67514,58,58,0,0
67515,108,115,-7,7
67516,50,88,-38,38
67517,170,160,10,10
67518,74,80,-6,6
67519,102,107,-5,5
67520,95,98,-3,3
67521,90,82,8,8
67522,118,113,5,5
67523,70,68,2,2
67524,111,108,3,3
67525,96,106,-10,10
67526,81,87,-6,6
67527,110,104,6,6
67528,94,93,1,1
67529,99,114,-15,15
67530,107,107,0,0
67531,129,140,-11,11
67532,135,118,17,17
67533,123,122,1,1
67534,67,64,3,3
67535,79,79,0,0
67536,91,102,-11,11
67537,72,70,2,2
67538,150,160,-10,10
67539,117,125,-8,8
67540,60,67,-7,7
67541,102,108,-6,6
67542,32,37,-5,5
67543,65,69,-4,4
67544,163,166,-3,3
67545,99,101,-2,2
67546,76,77,-1,1
67547,146,130,16,16
67548,137,125,12,12
67549,131,126,5,5
67550,152,145,7,7
67551,93,109,-16,16
67552,78,76,2,2
67553,83,79,4,4
67554,109,105,4,4
67555,134,143,-9,9
67556,56,76,-20,20
67557,82,82,0,0
67558,50,44,6,6
67559,104,105,-1,1
67560,78,84,-6,6
67561,60,64,-4,4
67562,137,133,4,4
67563,64,66,-2,2
67564,144,144,0,0
67565,49,44,5,5
67566,104,104,0,0
67567,66,70,-4,4
67568,71,72,-1,1
67569,128,117,11,11
67570,84,102,-18,18
67571,141,145,-4,4
67572,97,95,2,2
67573,52,43,9,9
67574,74,76,-2,2
67575,98,131,-33,33
67576,71,67,4,4
67577,56,62,-6,6
67578,71,87,-16,16
67579,123,126,-3,3
67580,146,124,22,22
67581,77,78,-1,1
67582,68,72,-4,4
67583,110,102,8,8
67584,85,86,-1,1
67585,162,109,53,53
67586,105,101,4,4
67587,68,73,-5,5
67588,100,91,9,9
67589,103,94,9,9
67590,121,129,-8,8
67591,96,86,10,10
67592,199,175,24,24
67593,83,86,-3,3
67594,91,87,4,4
67595,61,64,-3,3
67596,103,112,-9,9
67597,95,97,-2,2
67598,68,70,-2,2
67599,94,89,5,5
67600,54,53,1,1
67601,160,136,24,24
67602,123,108,15,15
67603,154,146,8,8
67604,48,53,-5,5
67605,66,73,-7,7
67606,81,80,1,1
67607,56,53,3,3
67608,160,148,12,12
67609,121,157,-36,36
67610,103,85,18,18
67611,126,120,6,6
67612,82,81,1,1
67613,63,73,-10,10
67614,88,87,1,1
67615,111,118,-7,7
67616,139,130,9,9
67617,103,114,-11,11
67618,74,78,-4,4
67619,133,143,-10,10
67620,49,49,0,0
67621,93,89,4,4
67622,86,85,1,1
67623,77,68,9,9
67624,56,69,-13,13
67625,66,61,5,5
67626,132,123,9,9
67627,149,135,14,14
67628,39,34,5,5
67629,117,112,5,5
67630,98,97,1,1
67631,59,61,-2,2
67632,146,139,7,7
67633,106,102,4,4
67634,63,71,-8,8
67635,90,95,-5,5
67636,73,79,-6,6
67637,80,86,-6,6
67638,89,82,7,7
67639,88,87,1,1
67640,51,53,-2,2
67641,85,87,-2,2
67642,106,126,-20,20
67643,136,129,7,7
67644,46,47,-1,1
67645,107,115,-8,8
67646,154,152,2,2
67647,109,117,-8,8
67648,79,76,3,3
67649,94,81,13,13
67650,64,65,-1,1
67651,63,79,-16,16
67652,62,61,1,1
67653,58,62,-4,4
67654,48,51,-3,3
67655,67,76,-9,9
67656,74,75,-1,1
67657,94,92,2,2
67658,75,73,2,2
67659,158,141,17,17
67660,134,134,0,0
67661,189,166,23,23
67662,62,70,-8,8
67663,73,71,2,2
67664,89,90,-1,1
67665,42,25,17,17
67666,129,127,2,2
67667,65,57,8,8
67668,49,47,2,2
67669,163,147,16,16
67670,93,83,10,10
67671,185,163,22,22
67672,91,92,-1,1
67673,43,42,1,1
67674,163,158,5,5
67675,65,72,-7,7
67676,49,30,19,19
67677,62,65,-3,3
67678,123,135,-12,12
67679,78,79,-1,1
67680,144,126,18,18
67681,75,113,-38,38
67682,83,75,8,8
67683,122,111,11,11
67684,92,95,-3,3
67685,101,106,-5,5
67686,75,90,-15,15
67687,130,126,4,4
67688,160,164,-4,4
67689,58,56,2,2
67690,154,140,14,14
67691,101,90,11,11
67692,54,64,-10,10
67693,177,173,4,4
67694,198,176,22,22
67695,98,119,-21,21
67696,87,101,-14,14
67697,116,124,-8,8
67698,63,68,-5,5
67699,95,86,9,9
67700,57,58,-1,1
67701,64,57,7,7
67702,69,59,10,10
67703,79,82,-3,3
67704,89,107,-18,18
67705,53,60,-7,7
67706,94,101,-7,7
67707,85,98,-13,13
67708,85,81,4,4
67709,80,97,-17,17
67710,80,88,-8,8
67711,95,88,7,7
67712,95,98,-3,3
67713,72,76,-4,4
67714,59,60,-1,1
67715,122,99,23,23
67716,76,79,-3,3
67717,103,100,3,3
67718,80,82,-2,2
67719,84,88,-4,4
67720,108,106,2,2
67721,94,97,-3,3
67722,128,133,-5,5
67723,121,114,7,7
67724,156,137,19,19
67725,120,117,3,3
67726,97,101,-4,4
67727,87,102,-15,15
67728,116,114,2,2
67729,48,45,3,3
67730,139,144,-5,5
67731,93,91,2,2
67732,184,188,-4,4
67733,62,58,4,4
67734,116,127,-11,11
67735,114,107,7,7
67736,104,99,5,5
67737,94,85,9,9
67738,169,154,15,15
67739,89,97,-8,8
67740,91,101,-10,10
67741,97,99,-2,2
67742,111,118,-7,7
67743,69,70,-1,1
67744,120,115,5,5
67745,105,124,-19,19
67746,99,107,-8,8
67747,37,61,-24,24
67748,105,96,9,9
67749,69,76,-7,7
67750,67,70,-3,3
67751,31,35,-4,4
67752,60,67,-7,7
67753,90,105,-15,15
67754,74,77,-3,3
67755,123,115,8,8
67756,97,98,-1,1
67757,55,55,0,0
67758,127,117,10,10
67759,122,119,3,3
67760,103,108,-5,5
67761,141,145,-4,4
67762,67,67,0,0
67763,113,120,-7,7
67764,135,132,3,3
67765,203,179,24,24
67766,88,95,-7,7
67767,94,109,-15,15
67768,103,109,-6,6
67769,86,85,1,1
67770,143,139,4,4
67771,52,54,-2,2
67772,75,90,-15,15
67773,114,126,-12,12
67774,92,79,13,13
67775,113,110,3,3
67776,123,128,-5,5
67777,68,75,-7,7
67778,86,103,-17,17
67779,27,32,-5,5
67780,126,130,-4,4
67781,89,86,3,3
67782,113,122,-9,9
67783,106,104,2,2
67784,90,86,4,4
67785,82,79,3,3
67786,88,104,-16,16
67787,97,93,4,4
67788,141,133,8,8
67789,123,108,15,15
67790,188,187,1,1
67791,108,118,-10,10
67792,73,74,-1,1
67793,104,112,-8,8
67794,87,96,-9,9
67795,78,80,-2,2
67796,75,73,2,2
67797,153,138,15,15
67798,74,69,5,5
67799,129,129,0,0
67800,117,112,5,5
67801,82,85,-3,3
67802,103,100,3,3
67803,93,85,8,8
67804,89,88,1,1
67805,44,36,8,8
67806,76,77,-1,1
67807,79,102,-23,23
67808,87,88,-1,1
67809,38,31,7,7
67810,120,118,2,2
67811,88,99,-11,11
67812,155,140,15,15
67813,120,110,10,10
67814,89,92,-3,3
67815,100,95,5,5
67816,66,66,0,0
67817,85,90,-5,5
67818,90,81,9,9
67819,126,111,15,15
67820,153,132,21,21
67821,83,76,7,7
67822,113,107,6,6
67823,88,95,-7,7
67824,152,152,0,0
67825,104,103,1,1
67826,75,74,1,1
67827,48,53,-5,5
67828,127,131,-4,4
67829,79,79,0,0
67830,117,118,-1,1
67831,63,70,-7,7
67832,113,123,-10,10
67833,143,160,-17,17
67834,110,110,0,0
67835,75,89,-14,14
67836,48,50,-2,2
67837,64,79,-15,15
67838,99,106,-7,7
67839,91,93,-2,2
67840,111,103,8,8
67841,89,88,1,1
67842,141,147,-6,6
67843,101,94,7,7
67844,74,70,4,4
67845,124,109,15,15
67846,115,125,-10,10
67847,94,104,-10,10
67848,110,106,4,4
67849,70,74,-4,4
67850,89,96,-7,7
67851,53,57,-4,4
67852,85,93,-8,8
67853,166,151,15,15
67854,77,67,10,10
67855,76,70,6,6
67856,137,146,-9,9
67857,79,91,-12,12
67858,144,120,24,24
67859,57,49,8,8
67860,102,106,-4,4
67861,77,78,-1,1
67862,105,129,-24,24
67863,99,95,4,4
67864,40,42,-2,2
67865,96,95,1,1
67866,99,105,-6,6
67867,69,60,9,9
67868,111,106,5,5
67869,119,131,-12,12
67870,152,136,16,16
67871,138,129,9,9
67872,146,146,0,0
67873,79,101,-22,22
67874,113,108,5,5
67875,65,76,-11,11
67876,135,124,11,11
67877,58,36,22,22
67878,68,76,-8,8
67879,103,105,-2,2
67880,110,123,-13,13
67881,57,59,-2,2
67882,191,175,16,16
67883,87,81,6,6
67884,130,121,9,9
67885,94,92,2,2
67886,101,111,-10,10
67887,52,38,14,14
67888,134,132,2,2
67889,75,73,2,2
67890,91,103,-12,12
67891,109,112,-3,3
67892,96,90,6,6
67893,55,59,-4,4
67894,114,113,1,1
67895,159,146,13,13
67896,74,73,1,1
67897,89,103,-14,14
67898,45,50,-5,5
67899,50,69,-19,19
67900,78,63,15,15
67901,136,138,-2,2
67902,81,80,1,1
67903,104,101,3,3
67904,42,40,2,2
67905,45,40,5,5
67906,91,79,12,12
67907,81,82,-1,1
67908,73,73,0,0
67909,163,157,6,6
67910,62,63,-1,1
67911,62,75,-13,13
67912,117,113,4,4
67913,91,98,-7,7
67914,81,93,-12,12
67915,183,160,23,23
67916,115,124,-9,9
67917,45,35,10,10
67918,67,70,-3,3
67919,73,75,-2,2
67920,115,116,-1,1
67921,143,142,1,1
67922,122,118,4,4
67923,158,134,24,24
67924,132,124,8,8
67925,56,57,-1,1
67926,138,146,-8,8
67927,128,125,3,3
67928,170,155,15,15
67929,101,95,6,6
67930,147,146,1,1
67931,116,116,0,0
67932,97,121,-24,24
67933,116,127,-11,11
67934,73,72,1,1
67935,58,47,11,11
67936,99,98,1,1
67937,148,146,2,2
67938,56,55,1,1
67939,144,147,-3,3
67940,73,64,9,9
67941,124,131,-7,7
67942,58,89,-31,31
67943,72,75,-3,3
67944,57,46,11,11
67945,77,71,6,6
67946,93,93,0,0
67947,136,129,7,7
67948,56,65,-9,9
67949,106,97,9,9
67950,68,62,6,6
67951,107,117,-10,10
67952,137,132,5,5
67953,51,54,-3,3
67954,161,154,7,7
67955,75,71,4,4
67956,207,188,19,19
67957,134,136,-2,2
67958,139,131,8,8
67959,85,87,-2,2
67960,64,73,-9,9
67961,57,59,-2,2
67962,87,96,-9,9
67963,143,138,5,5
67964,89,106,-17,17
67965,78,83,-5,5
67966,73,94,-21,21
67967,188,189,-1,1
67968,115,95,20,20
67969,119,88,31,31
67970,74,80,-6,6
67971,96,102,-6,6
67972,64,65,-1,1
67973,117,118,-1,1
67974,127,128,-1,1
67975,70,77,-7,7
67976,97,108,-11,11
67977,163,164,-1,1
67978,143,132,11,11
67979,69,81,-12,12
67980,98,100,-2,2
67981,87,84,3,3
67982,100,101,-1,1
67983,111,130,-19,19
67984,129,135,-6,6
67985,94,85,9,9
67986,124,124,0,0
67987,70,76,-6,6
67988,64,66,-2,2
67989,131,123,8,8
67990,81,98,-17,17
67991,121,112,9,9
67992,139,130,9,9
67993,49,51,-2,2
67994,54,58,-4,4
67995,109,114,-5,5
67996,71,79,-8,8
67997,124,114,10,10
67998,110,102,8,8
67999,103,122,-19,19
68000,104,116,-12,12
68001,95,117,-22,22
68002,85,77,8,8
68003,83,78,5,5
68004,111,119,-8,8
68005,68,59,9,9
68006,76,77,-1,1
68007,47,49,-2,2
68008,143,131,12,12
68009,64,65,-1,1
68010,102,102,0,0
68011,77,82,-5,5
68012,52,57,-5,5
68013,52,58,-6,6
68014,75,79,-4,4
68015,83,65,18,18
68016,70,66,4,4
68017,44,48,-4,4
68018,41,40,1,1
68019,77,77,0,0
68020,53,49,4,4
68021,132,132,0,0
68022,112,104,8,8
68023,81,85,-4,4
68024,85,84,1,1
68025,90,104,-14,14
68026,51,51,0,0
68027,55,66,-11,11
68028,45,56,-11,11
68029,52,53,-1,1
68030,98,96,2,2
68031,72,77,-5,5
68032,239,219,20,20
68033,123,114,9,9
68034,164,145,19,19
68035,75,84,-9,9
68036,145,144,1,1
68037,63,68,-5,5
68038,63,91,-28,28
68039,100,98,2,2
68040,110,118,-8,8
68041,76,92,-16,16
68042,94,102,-8,8
68043,109,98,11,11
68044,59,76,-17,17
68045,140,154,-14,14
68046,83,82,1,1
68047,136,128,8,8
68048,50,52,-2,2
68049,85,85,0,0
68050,113,103,10,10
68051,49,57,-8,8
68052,98,82,16,16
68053,80,71,9,9
68054,95,90,5,5
68055,129,136,-7,7
68056,89,85,4,4
68057,115,127,-12,12
68058,73,80,-7,7
68059,75,82,-7,7
68060,168,152,16,16
68061,52,56,-4,4
68062,76,70,6,6
68063,104,103,1,1
68064,124,118,6,6
68065,113,125,-12,12
68066,80,79,1,1
68067,79,110,-31,31
68068,89,88,1,1
68069,90,80,10,10
68070,46,56,-10,10
68071,80,68,12,12
68072,108,122,-14,14
68073,46,40,6,6
68074,106,103,3,3
68075,139,134,5,5
68076,99,106,-7,7
68077,50,50,0,0
68078,65,66,-1,1
68079,69,72,-3,3
68080,125,118,7,7
68081,97,96,1,1
68082,84,93,-9,9
68083,114,113,1,1
68084,39,33,6,6
68085,106,83,23,23
68086,88,100,-12,12
68087,80,87,-7,7
68088,178,148,30,30
68089,104,112,-8,8
68090,76,76,0,0
68091,108,98,10,10
68092,82,86,-4,4
68093,44,49,-5,5
68094,67,63,4,4
68095,69,73,-4,4
68096,69,68,1,1
68097,112,109,3,3
68098,151,142,9,9
68099,47,49,-2,2
68100,70,74,-4,4
68101,86,82,4,4
68102,95,95,0,0
68103,68,68,0,0
68104,44,40,4,4
68105,70,79,-9,9
68106,132,124,8,8
68107,66,69,-3,3
68108,104,106,-2,2
68109,155,169,-14,14
68110,136,134,2,2
68111,74,73,1,1
68112,109,108,1,1
68113,88,97,-9,9
68114,156,159,-3,3
68115,153,149,4,4
68116,83,74,9,9
68117,88,83,5,5
68118,167,172,-5,5
68119,44,38,6,6
68120,124,112,12,12
68121,71,69,2,2
68122,131,124,7,7
68123,94,93,1,1
68124,64,70,-6,6
68125,81,83,-2,2
68126,69,70,-1,1
68127,52,53,-1,1
68128,84,89,-5,5
68129,59,63,-4,4
68130,117,111,6,6
68131,115,103,12,12
68132,86,89,-3,3
68133,111,108,3,3
68134,69,73,-4,4
68135,119,114,5,5
68136,73,62,11,11
68137,81,86,-5,5
68138,79,94,-15,15
68139,89,108,-19,19
68140,51,47,4,4
68141,63,67,-4,4
68142,87,90,-3,3
68143,116,120,-4,4
68144,115,100,15,15
68145,111,116,-5,5
68146,38,36,2,2
68147,130,138,-8,8
68148,100,98,2,2
68149,60,55,5,5
68150,91,82,9,9
68151,67,69,-2,2
68152,73,69,4,4
68153,152,150,2,2
68154,199,179,20,20
68155,156,151,5,5
68156,61,65,-4,4
68157,109,100,9,9
68158,69,72,-3,3
68159,87,88,-1,1
68160,65,77,-12,12
68161,83,92,-9,9
68162,94,95,-1,1
68163,104,95,9,9
68164,72,76,-4,4
68165,74,86,-12,12
68166,93,87,6,6
68167,88,83,5,5
68168,88,77,11,11
68169,75,88,-13,13
68170,102,101,1,1
68171,72,69,3,3
68172,95,87,8,8
68173,98,91,7,7
68174,86,83,3,3
68175,91,108,-17,17
68176,67,64,3,3
68177,73,77,-4,4
68178,129,134,-5,5
68179,64,60,4,4
68180,94,95,-1,1
68181,123,124,-1,1
68182,89,92,-3,3
68183,45,53,-8,8
68184,95,91,4,4
68185,77,77,0,0
68186,61,64,-3,3
68187,151,155,-4,4
68188,53,56,-3,3
68189,109,107,2,2
68190,84,88,-4,4
68191,86,92,-6,6
68192,105,106,-1,1
68193,107,112,-5,5
68194,97,101,-4,4
68195,41,36,5,5
68196,69,69,0,0
68197,111,94,17,17
68198,40,38,2,2
68199,140,133,7,7
68200,65,68,-3,3
68201,149,130,19,19
68202,46,42,4,4
68203,103,107,-4,4
68204,80,85,-5,5
68205,41,37,4,4
68206,97,142,-45,45
68207,65,67,-2,2
68208,124,161,-37,37
68209,65,68,-3,3
68210,85,85,0,0
68211,151,141,10,10
68212,75,76,-1,1
68213,92,98,-6,6
68214,96,94,2,2
68215,120,121,-1,1
68216,71,68,3,3
68217,77,81,-4,4
68218,84,94,-10,10
68219,100,116,-16,16
68220,105,125,-20,20
68221,123,115,8,8
68222,53,56,-3,3
68223,178,168,10,10
68224,99,98,1,1
68225,64,68,-4,4
68226,78,86,-8,8
68227,108,105,3,3
68228,77,77,0,0
68229,157,153,4,4
68230,72,84,-12,12
68231,68,66,2,2
68232,87,81,6,6
68233,70,78,-8,8
68234,52,49,3,3
68235,85,82,3,3
68236,100,111,-11,11
68237,71,69,2,2
68238,109,120,-11,11
68239,154,172,-18,18
68240,96,67,29,29
68241,78,88,-10,10
68242,82,94,-12,12
68243,114,115,-1,1
68244,103,107,-4,4
68245,118,129,-11,11
68246,87,93,-6,6
68247,121,123,-2,2
68248,94,105,-11,11
68249,62,60,2,2
68250,89,86,3,3
68251,105,101,4,4
68252,85,83,2,2
68253,79,91,-12,12
68254,86,85,1,1
68255,100,99,1,1
68256,104,101,3,3
68257,83,82,1,1
68258,90,85,5,5
68259,112,128,-16,16
68260,69,76,-7,7
68261,121,110,11,11
68262,84,95,-11,11
68263,87,83,4,4
68264,92,88,4,4
68265,147,147,0,0
68266,86,89,-3,3
68267,89,85,4,4
68268,52,68,-16,16
68269,110,116,-6,6
68270,145,139,6,6
68271,87,87,0,0
68272,107,70,37,37
68273,145,126,19,19
68274,55,55,0,0
68275,51,60,-9,9
68276,95,91,4,4
68277,101,93,8,8
68278,72,70,2,2
68279,90,85,5,5
68280,91,81,10,10
68281,94,101,-7,7
68282,60,65,-5,5
68283,59,52,7,7
68284,96,88,8,8
68285,55,55,0,0
68286,101,87,14,14
68287,95,100,-5,5
68288,113,112,1,1
68289,77,74,3,3
68290,114,133,-19,19
68291,101,106,-5,5
68292,100,107,-7,7
68293,64,70,-6,6
68294,100,85,15,15
68295,158,137,21,21
68296,81,85,-4,4
68297,62,68,-6,6
68298,136,129,7,7
68299,156,153,3,3
68300,160,147,13,13
68301,128,131,-3,3
68302,49,50,-1,1
68303,135,123,12,12
68304,81,84,-3,3
68305,85,91,-6,6
68306,74,68,6,6
68307,141,129,12,12
68308,98,94,4,4
68309,140,122,18,18
68310,102,92,10,10
68311,91,104,-13,13
68312,68,65,3,3
68313,117,111,6,6
68314,57,52,5,5
68315,70,67,3,3
68316,203,157,46,46
68317,96,108,-12,12
68318,128,124,4,4
68319,81,77,4,4
68320,81,91,-10,10
68321,66,59,7,7
68322,128,126,2,2
68323,150,139,11,11
68324,79,87,-8,8
68325,68,75,-7,7
68326,57,66,-9,9
68327,63,77,-14,14
68328,110,113,-3,3
68329,84,76,8,8
68330,84,77,7,7
68331,59,64,-5,5
68332,101,93,8,8
68333,73,75,-2,2
68334,82,87,-5,5
68335,163,158,5,5
68336,113,114,-1,1
68337,95,64,31,31
68338,73,78,-5,5
68339,83,84,-1,1
68340,114,118,-4,4
68341,136,128,8,8
68342,86,94,-8,8
68343,81,80,1,1
68344,108,121,-13,13
68345,149,158,-9,9
68346,101,104,-3,3
68347,78,81,-3,3
68348,126,121,5,5
68349,122,127,-5,5
68350,112,97,15,15
68351,67,70,-3,3
68352,62,62,0,0
68353,112,94,18,18
68354,171,158,13,13
68355,65,64,1,1
68356,97,89,8,8
68357,43,43,0,0
68358,71,65,6,6
68359,71,68,3,3
68360,55,37,18,18
68361,72,87,-15,15
68362,85,82,3,3
68363,190,174,16,16
68364,97,97,0,0
68365,100,102,-2,2
68366,75,84,-9,9
68367,130,116,14,14
68368,60,58,2,2
68369,105,96,9,9
68370,85,84,1,1
68371,89,95,-6,6
68372,93,101,-8,8
68373,39,58,-19,19
68374,74,71,3,3
68375,148,159,-11,11
68376,136,123,13,13
68377,61,73,-12,12
68378,181,166,15,15
68379,99,95,4,4
68380,165,157,8,8
68381,97,98,-1,1
68382,116,102,14,14
68383,105,110,-5,5
68384,50,43,7,7
68385,71,81,-10,10
68386,115,105,10,10
68387,61,54,7,7
68388,101,106,-5,5
68389,80,80,0,0
68390,100,107,-7,7
68391,79,92,-13,13
68392,121,115,6,6
68393,85,93,-8,8
68394,87,95,-8,8
68395,61,69,-8,8
68396,125,139,-14,14
68397,85,93,-8,8
68398,87,84,3,3
68399,64,73,-9,9
68400,66,70,-4,4
68401,85,86,-1,1
68402,159,146,13,13
68403,132,136,-4,4
68404,96,95,1,1
68405,100,111,-11,11
68406,76,75,1,1
68407,117,119,-2,2
68408,101,118,-17,17
68409,86,93,-7,7
68410,117,110,7,7
68411,96,94,2,2
68412,55,63,-8,8
68413,145,132,13,13
68414,68,76,-8,8
68415,71,68,3,3
68416,129,114,15,15
68417,121,125,-4,4
68418,92,83,9,9
68419,57,50,7,7
68420,50,57,-7,7
68421,56,60,-4,4
68422,52,53,-1,1
68423,61,62,-1,1
68424,164,170,-6,6
68425,119,114,5,5
68426,85,80,5,5
68427,83,78,5,5
68428,149,146,3,3
68429,103,96,7,7
68430,61,45,16,16
68431,142,140,2,2
68432,80,84,-4,4
68433,49,54,-5,5
68434,109,113,-4,4
68435,101,107,-6,6
68436,77,87,-10,10
68437,160,175,-15,15
68438,108,112,-4,4
68439,137,132,5,5
68440,125,118,7,7
68441,76,83,-7,7
68442,145,130,15,15
68443,86,84,2,2
68444,131,124,7,7
68445,99,108,-9,9
68446,97,97,0,0
68447,67,59,8,8
68448,107,137,-30,30
68449,87,84,3,3
68450,104,96,8,8
68451,77,74,3,3
68452,49,55,-6,6
68453,152,136,16,16
68454,138,131,7,7
68455,183,167,16,16
68456,53,57,-4,4
68457,100,98,2,2
68458,71,71,0,0
68459,73,99,-26,26
68460,108,107,1,1
68461,85,87,-2,2
68462,72,76,-4,4
68463,92,91,1,1
68464,127,125,2,2
68465,61,75,-14,14
68466,86,104,-18,18
68467,56,45,11,11
68468,104,100,4,4
68469,86,85,1,1
68470,142,150,-8,8
68471,78,89,-11,11
68472,96,87,9,9
68473,75,85,-10,10
68474,88,88,0,0
68475,69,76,-7,7
68476,62,67,-5,5
68477,107,108,-1,1
68478,65,64,1,1
68479,129,142,-13,13
68480,86,88,-2,2
68481,77,69,8,8
68482,115,102,13,13
68483,87,79,8,8
68484,32,25,7,7
68485,80,66,14,14
68486,107,100,7,7
68487,112,125,-13,13
68488,83,85,-2,2
68489,89,95,-6,6
68490,65,66,-1,1
68491,63,77,-14,14
68492,56,61,-5,5
68493,99,82,17,17
68494,88,90,-2,2
68495,130,148,-18,18
68496,59,61,-2,2
68497,157,131,26,26
68498,94,110,-16,16
68499,94,103,-9,9
68500,61,67,-6,6
68501,98,105,-7,7
68502,98,97,1,1
68503,108,92,16,16
68504,122,118,4,4
68505,115,124,-9,9
68506,49,57,-8,8
68507,79,86,-7,7
68508,96,113,-17,17
68509,81,87,-6,6
68510,54,55,-1,1
68511,70,75,-5,5
68512,141,141,0,0
68513,113,231,-118,118
68514,110,129,-19,19
68515,75,84,-9,9
68516,85,88,-3,3
68517,85,79,6,6
68518,105,112,-7,7
68519,62,66,-4,4
68520,39,46,-7,7
68521,83,87,-4,4
68522,103,101,2,2
68523,69,79,-10,10
68524,103,103,0,0
68525,82,75,7,7
68526,98,99,-1,1
68527,134,124,10,10
68528,51,60,-9,9
68529,98,95,3,3
68530,58,53,5,5
68531,66,68,-2,2
68532,66,65,1,1
68533,139,135,4,4
68534,182,171,11,11
68535,118,140,-22,22
68536,69,63,6,6
68537,61,67,-6,6
68538,101,93,8,8
68539,126,94,32,32
68540,87,89,-2,2
68541,53,53,0,0
68542,83,52,31,31
68543,113,130,-17,17
68544,109,102,7,7
68545,60,63,-3,3
68546,113,119,-6,6
68547,84,96,-12,12
68548,60,59,1,1
68549,56,67,-11,11
68550,52,42,10,10
68551,111,104,7,7
68552,74,76,-2,2
68553,57,58,-1,1
68554,72,73,-1,1
68555,77,80,-3,3
68556,93,88,5,5
68557,167,156,11,11
68558,64,55,9,9
68559,97,93,4,4
68560,106,102,4,4
68561,165,147,18,18
68562,86,105,-19,19
68563,146,131,15,15
68564,98,95,3,3
68565,88,89,-1,1
68566,89,90,-1,1
68567,99,96,3,3
68568,86,82,4,4
68569,95,111,-16,16
68570,70,71,-1,1
68571,91,100,-9,9
68572,98,102,-4,4
68573,92,84,8,8
68574,103,96,7,7
68575,91,90,1,1
68576,58,76,-18,18
68577,61,69,-8,8
68578,53,53,0,0
68579,83,86,-3,3
68580,56,60,-4,4
68581,84,92,-8,8
68582,73,86,-13,13
68583,73,70,3,3
68584,81,86,-5,5
68585,69,72,-3,3
68586,71,67,4,4
68587,107,117,-10,10
68588,111,111,0,0
68589,107,101,6,6
68590,115,102,13,13
68591,75,69,6,6
68592,129,121,8,8
68593,94,92,2,2
68594,52,51,1,1
68595,146,148,-2,2
68596,99,107,-8,8
68597,93,109,-16,16
68598,57,58,-1,1
68599,102,93,9,9
68600,58,64,-6,6
68601,95,130,-35,35
68602,92,95,-3,3
68603,99,100,-1,1
68604,115,116,-1,1
68605,77,72,5,5
68606,176,173,3,3
68607,97,99,-2,2
68608,153,131,22,22
68609,74,69,5,5
68610,182,162,20,20
68611,91,80,11,11
68612,67,82,-15,15
68613,85,94,-9,9
68614,109,109,0,0
68615,113,110,3,3
68616,111,114,-3,3
68617,95,104,-9,9
68618,74,72,2,2
68619,110,104,6,6
68620,58,52,6,6
68621,135,128,7,7
68622,108,112,-4,4
68623,112,123,-11,11
68624,49,53,-4,4
68625,114,114,0,0
68626,57,60,-3,3
68627,74,71,3,3
68628,99,100,-1,1
68629,96,92,4,4
68630,88,87,1,1
68631,79,89,-10,10
68632,82,72,10,10
68633,99,100,-1,1
68634,116,112,4,4
68635,80,80,0,0
68636,120,118,2,2
68637,70,66,4,4
68638,74,61,13,13
68639,55,54,1,1
68640,97,95,2,2
68641,74,81,-7,7
68642,92,96,-4,4
68643,71,66,5,5
68644,86,78,8,8
68645,66,69,-3,3
68646,74,69,5,5
68647,90,90,0,0
68648,110,110,0,0
68649,94,103,-9,9
68650,101,102,-1,1
68651,115,120,-5,5
68652,91,94,-3,3
68653,102,101,1,1
68654,116,122,-6,6
68655,130,129,1,1
68656,45,43,2,2
68657,77,74,3,3
68658,117,129,-12,12
68659,109,121,-12,12
68660,94,95,-1,1
68661,130,120,10,10
68662,37,44,-7,7
68663,73,81,-8,8
68664,79,76,3,3
68665,80,96,-16,16
68666,143,126,17,17
68667,69,68,1,1
68668,143,147,-4,4
68669,105,109,-4,4
68670,150,143,7,7
68671,94,95,-1,1
68672,107,102,5,5
68673,64,64,0,0
68674,154,134,20,20
68675,129,124,5,5
68676,118,117,1,1
68677,86,89,-3,3
68678,98,99,-1,1
68679,134,139,-5,5
68680,96,104,-8,8
68681,90,94,-4,4
68682,173,165,8,8
68683,83,90,-7,7
68684,168,166,2,2
68685,97,98,-1,1
68686,88,91,-3,3
68687,54,50,4,4
68688,142,132,10,10
68689,152,137,15,15
68690,75,84,-9,9
68691,73,72,1,1
68692,170,178,-8,8
68693,82,85,-3,3
68694,103,121,-18,18
68695,135,122,13,13
68696,98,101,-3,3
68697,190,169,21,21
68698,110,102,8,8
68699,56,63,-7,7
68700,160,153,7,7
68701,86,105,-19,19
68702,105,108,-3,3
68703,42,43,-1,1
68704,148,167,-19,19
68705,78,77,1,1
68706,108,112,-4,4
68707,81,81,0,0
68708,135,135,0,0
68709,84,97,-13,13
68710,115,127,-12,12
68711,124,117,7,7
68712,67,76,-9,9
68713,97,90,7,7
68714,90,93,-3,3
68715,158,149,9,9
68716,162,151,11,11
68717,165,160,5,5
68718,76,84,-8,8
68719,174,172,2,2
68720,125,113,12,12
68721,155,154,1,1
68722,80,89,-9,9
68723,150,150,0,0
68724,54,52,2,2
68725,119,107,12,12
68726,83,76,7,7
68727,56,65,-9,9
68728,69,82,-13,13
68729,94,94,0,0
68730,103,115,-12,12
68731,120,111,9,9
68732,119,132,-13,13
68733,92,92,0,0
68734,102,98,4,4
68735,75,73,2,2
68736,64,71,-7,7
68737,175,158,17,17
68738,66,67,-1,1
68739,69,68,1,1
68740,66,68,-2,2
68741,42,47,-5,5
68742,222,196,26,26
68743,161,148,13,13
68744,139,120,19,19
68745,88,92,-4,4
68746,81,80,1,1
68747,160,164,-4,4
68748,100,101,-1,1
68749,64,74,-10,10
68750,26,20,6,6
68751,126,119,7,7
68752,49,47,2,2
68753,101,91,10,10
68754,78,83,-5,5
68755,82,82,0,0
68756,68,72,-4,4
68757,90,88,2,2
68758,78,77,1,1
68759,114,117,-3,3
68760,160,148,12,12
68761,108,106,2,2
68762,93,89,4,4
68763,52,50,2,2
68764,142,129,13,13
68765,151,162,-11,11
68766,118,118,0,0
68767,90,91,-1,1
68768,103,101,2,2
68769,126,120,6,6
68770,121,122,-1,1
68771,111,117,-6,6
68772,87,84,3,3
68773,48,51,-3,3
68774,86,79,7,7
68775,60,104,-44,44
68776,162,139,23,23
68777,98,90,8,8
68778,134,120,14,14
68779,147,143,4,4
68780,113,122,-9,9
68781,79,76,3,3
68782,76,66,10,10
68783,72,81,-9,9
68784,59,67,-8,8
68785,151,136,15,15
68786,114,113,1,1
68787,71,76,-5,5
68788,146,141,5,5
68789,83,73,10,10
68790,65,57,8,8
68791,60,61,-1,1
68792,113,105,8,8
68793,146,137,9,9
68794,103,100,3,3
68795,123,122,1,1
68796,59,64,-5,5
68797,158,138,20,20
68798,114,100,14,14
68799,133,123,10,10
68800,151,144,7,7
68801,41,41,0,0
68802,80,77,3,3
68803,71,66,5,5
68804,88,87,1,1
68805,94,107,-13,13
68806,41,49,-8,8
68807,129,139,-10,10
68808,126,119,7,7
68809,132,116,16,16
68810,38,47,-9,9
68811,81,83,-2,2
68812,97,103,-6,6
68813,99,91,8,8
68814,159,163,-4,4
68815,113,128,-15,15
68816,42,50,-8,8
68817,176,164,12,12
68818,96,90,6,6
68819,122,114,8,8
68820,134,131,3,3
68821,63,63,0,0
68822,81,79,2,2
68823,94,99,-5,5
68824,122,115,7,7
68825,99,92,7,7
68826,103,112,-9,9
68827,77,113,-36,36
68828,90,98,-8,8
68829,139,121,18,18
68830,74,51,23,23
68831,83,85,-2,2
68832,84,86,-2,2
68833,108,100,8,8
68834,80,85,-5,5
68835,117,122,-5,5
68836,81,73,8,8
68837,73,77,-4,4
68838,146,139,7,7
68839,83,86,-3,3
68840,71,70,1,1
68841,99,112,-13,13
68842,52,52,0,0
68843,97,100,-3,3
68844,80,81,-1,1
68845,112,106,6,6
68846,57,74,-17,17
68847,105,110,-5,5
68848,145,146,-1,1
68849,104,100,4,4
68850,94,99,-5,5
68851,109,110,-1,1
68852,73,77,-4,4
68853,54,55,-1,1
68854,99,96,3,3
68855,204,185,19,19
68856,42,45,-3,3
68857,40,32,8,8
68858,61,54,7,7
68859,98,96,2,2
68860,88,94,-6,6
68861,107,120,-13,13
68862,101,103,-2,2
68863,156,141,15,15
68864,43,49,-6,6
68865,85,85,0,0
68866,130,121,9,9
68867,49,62,-13,13
68868,82,82,0,0
68869,105,102,3,3
68870,141,154,-13,13
68871,124,137,-13,13
68872,149,162,-13,13
68873,61,61,0,0
68874,163,162,1,1
68875,94,102,-8,8
68876,64,71,-7,7
68877,129,141,-12,12
68878,71,73,-2,2
68879,95,103,-8,8
68880,106,109,-3,3
68881,103,82,21,21
68882,81,79,2,2
68883,89,82,7,7
68884,144,130,14,14
68885,64,73,-9,9
68886,37,117,-80,80
68887,87,81,6,6
68888,34,35,-1,1
68889,94,96,-2,2
68890,84,83,1,1
68891,76,72,4,4
68892,79,76,3,3
68893,96,100,-4,4
68894,99,98,1,1
68895,102,101,1,1
68896,66,65,1,1
68897,96,81,15,15
68898,75,76,-1,1
68899,98,90,8,8
68900,75,75,0,0
68901,106,109,-3,3
68902,85,81,4,4
68903,104,110,-6,6
68904,83,95,-12,12
68905,92,93,-1,1
68906,110,134,-24,24
68907,89,106,-17,17
68908,148,142,6,6
68909,105,103,2,2
68910,90,85,5,5
68911,42,50,-8,8
68912,102,104,-2,2
68913,142,141,1,1
68914,122,131,-9,9
68915,109,107,2,2
68916,101,109,-8,8
68917,89,91,-2,2
68918,118,110,8,8
68919,146,132,14,14
68920,100,101,-1,1
68921,99,91,8,8
68922,62,55,7,7
68923,84,81,3,3
68924,62,71,-9,9
68925,190,172,18,18
68926,105,108,-3,3
68927,101,105,-4,4
68928,69,74,-5,5
68929,105,99,6,6
68930,135,136,-1,1
68931,162,166,-4,4
68932,96,99,-3,3
68933,80,76,4,4
68934,83,79,4,4
68935,133,127,6,6
68936,77,79,-2,2
68937,130,120,10,10
68938,143,155,-12,12
68939,83,89,-6,6
68940,77,79,-2,2
68941,148,135,13,13
68942,88,81,7,7
68943,47,46,1,1
68944,66,55,11,11
68945,54,65,-11,11
68946,97,98,-1,1
68947,80,94,-14,14
68948,51,69,-18,18
68949,122,127,-5,5
68950,134,116,18,18
68951,152,143,9,9
68952,96,100,-4,4
68953,75,85,-10,10
68954,143,144,-1,1
68955,164,156,8,8
68956,99,99,0,0
68957,149,158,-9,9
68958,126,118,8,8
68959,90,82,8,8
68960,102,106,-4,4
68961,18,29,-11,11
68962,103,133,-30,30
68963,130,123,7,7
68964,67,72,-5,5
68965,69,64,5,5
68966,84,82,2,2
68967,122,118,4,4
68968,103,96,7,7
68969,65,58,7,7
68970,111,111,0,0
68971,177,186,-9,9
68972,64,64,0,0
68973,159,154,5,5
68974,123,137,-14,14
68975,67,67,0,0
68976,138,163,-25,25
68977,88,95,-7,7
68978,94,118,-24,24
68979,114,106,8,8
68980,81,77,4,4
68981,68,71,-3,3
68982,214,202,12,12
68983,145,141,4,4
68984,54,58,-4,4
68985,100,89,11,11
68986,146,143,3,3
68987,213,189,24,24
68988,106,120,-14,14
68989,57,49,8,8
68990,128,129,-1,1
68991,97,97,0,0
68992,90,108,-18,18
68993,102,102,0,0
68994,153,144,9,9
68995,84,88,-4,4
68996,27,23,4,4
68997,51,49,2,2
68998,73,79,-6,6
68999,86,86,0,0
69000,77,73,4,4
69001,154,140,14,14
69002,107,103,4,4
69003,173,163,10,10
69004,80,83,-3,3
69005,92,86,6,6
69006,86,87,-1,1
69007,70,72,-2,2
69008,116,135,-19,19
69009,79,81,-2,2
69010,101,102,-1,1
69011,138,131,7,7
69012,125,104,21,21
69013,65,69,-4,4
69014,82,92,-10,10
69015,88,90,-2,2
69016,40,46,-6,6
69017,104,112,-8,8
69018,111,116,-5,5
69019,81,79,2,2
69020,67,79,-12,12
69021,91,97,-6,6
69022,135,131,4,4
69023,155,164,-9,9
69024,89,84,5,5
69025,58,69,-11,11
69026,137,138,-1,1
69027,69,69,0,0
69028,84,95,-11,11
69029,110,104,6,6
69030,68,104,-36,36
69031,126,116,10,10
69032,185,153,32,32
69033,64,55,9,9
69034,119,111,8,8
69035,133,122,11,11
69036,96,89,7,7
69037,54,56,-2,2
69038,90,94,-4,4
69039,75,74,1,1
69040,123,123,0,0
69041,91,96,-5,5
69042,114,106,8,8
69043,49,62,-13,13
69044,119,123,-4,4
69045,78,73,5,5
69046,105,103,2,2
69047,113,116,-3,3
69048,75,70,5,5
69049,162,157,5,5
69050,62,72,-10,10
69051,93,79,14,14
69052,67,59,8,8
69053,118,115,3,3
69054,76,74,2,2
69055,132,123,9,9
69056,43,49,-6,6
69057,69,76,-7,7
69058,99,100,-1,1
69059,81,78,3,3
69060,103,109,-6,6
69061,87,81,6,6
69062,88,87,1,1
69063,92,93,-1,1
69064,102,90,12,12
69065,53,51,2,2
69066,80,83,-3,3
69067,86,79,7,7
69068,107,120,-13,13
69069,165,167,-2,2
69070,43,47,-4,4
69071,84,81,3,3
69072,129,121,8,8
69073,135,141,-6,6
69074,32,67,-35,35
69075,49,58,-9,9
69076,91,93,-2,2
69077,72,71,1,1
69078,85,87,-2,2
69079,75,84,-9,9
69080,95,114,-19,19
69081,132,118,14,14
69082,98,111,-13,13
69083,34,29,5,5
69084,114,115,-1,1
69085,104,104,0,0
69086,111,109,2,2
69087,59,56,3,3
69088,38,42,-4,4
69089,45,44,1,1
69090,160,169,-9,9
69091,87,85,2,2
69092,78,81,-3,3
69093,180,152,28,28
69094,112,120,-8,8
69095,99,103,-4,4
69096,77,72,5,5
69097,64,59,5,5
69098,93,79,14,14
69099,135,152,-17,17
69100,80,89,-9,9
69101,105,91,14,14
69102,93,97,-4,4
69103,97,97,0,0
69104,93,110,-17,17
69105,126,117,9,9
69106,100,100,0,0
69107,93,99,-6,6
69108,116,123,-7,7
69109,89,90,-1,1
69110,72,86,-14,14
69111,158,135,23,23
69112,107,95,12,12
69113,57,57,0,0
69114,95,97,-2,2
69115,199,185,14,14
69116,98,99,-1,1
69117,50,46,4,4
69118,72,68,4,4
69119,86,81,5,5
69120,36,61,-25,25
69121,77,65,12,12
69122,144,145,-1,1
69123,101,119,-18,18
69124,141,138,3,3
69125,136,141,-5,5
69126,81,80,1,1
69127,96,120,-24,24
69128,92,92,0,0
69129,37,45,-8,8
69130,117,122,-5,5
69131,96,95,1,1
69132,120,134,-14,14
69133,58,62,-4,4
69134,147,125,22,22
69135,60,63,-3,3
69136,85,84,1,1
69137,71,69,2,2
69138,74,67,7,7
69139,98,93,5,5
69140,59,52,7,7
69141,77,82,-5,5
69142,77,82,-5,5
69143,76,83,-7,7
69144,52,57,-5,5
69145,116,110,6,6
69146,78,89,-11,11
69147,74,74,0,0
69148,124,127,-3,3
69149,58,55,3,3
69150,86,81,5,5
69151,132,131,1,1
69152,108,97,11,11
69153,38,35,3,3
69154,138,141,-3,3
69155,74,73,1,1
69156,73,75,-2,2
69157,95,90,5,5
69158,129,140,-11,11
69159,102,96,6,6
69160,112,110,2,2
69161,141,133,8,8
69162,76,76,0,0
69163,142,146,-4,4
69164,72,78,-6,6
69165,163,152,11,11
69166,122,114,8,8
69167,44,36,8,8
69168,104,97,7,7
69169,72,85,-13,13
69170,60,58,2,2
69171,69,66,3,3
69172,113,111,2,2
69173,89,92,-3,3
69174,42,38,4,4
69175,146,144,2,2
69176,147,126,21,21
69177,132,136,-4,4
69178,107,106,1,1
69179,77,80,-3,3
69180,102,105,-3,3
69181,153,142,11,11
69182,56,74,-18,18
69183,105,115,-10,10
69184,129,128,1,1
69185,99,99,0,0
69186,55,57,-2,2
69187,102,113,-11,11
69188,102,97,5,5
69189,111,111,0,0
69190,123,130,-7,7
69191,62,69,-7,7
69192,152,161,-9,9
69193,89,84,5,5
69194,94,94,0,0
69195,35,52,-17,17
69196,94,100,-6,6
69197,110,117,-7,7
69198,175,178,-3,3
69199,105,101,4,4
69200,42,43,-1,1
69201,152,141,11,11
69202,149,138,11,11
69203,207,182,25,25
69204,152,159,-7,7
69205,88,100,-12,12
69206,94,92,2,2
69207,76,62,14,14
69208,84,83,1,1
69209,87,84,3,3
69210,59,41,18,18
69211,112,117,-5,5
69212,110,100,10,10
69213,136,116,20,20
69214,81,104,-23,23
69215,177,161,16,16
69216,120,120,0,0
69217,86,94,-8,8
69218,57,63,-6,6
69219,100,82,18,18
69220,134,137,-3,3
69221,75,71,4,4
69222,88,83,5,5
69223,82,91,-9,9
69224,54,62,-8,8
69225,74,70,4,4
69226,50,52,-2,2
69227,125,121,4,4
69228,85,81,4,4
69229,148,143,5,5
69230,88,93,-5,5
69231,58,60,-2,2
69232,124,121,3,3
69233,129,131,-2,2
69234,100,94,6,6
69235,76,73,3,3
69236,86,73,13,13
69237,57,71,-14,14
69238,84,85,-1,1
69239,103,97,6,6
69240,87,85,2,2
69241,114,121,-7,7
69242,58,61,-3,3
69243,100,98,2,2
69244,92,94,-2,2
69245,78,83,-5,5
69246,73,85,-12,12
69247,73,82,-9,9
69248,106,106,0,0
69249,135,142,-7,7
69250,95,111,-16,16
69251,75,80,-5,5
69252,116,127,-11,11
69253,58,55,3,3
69254,135,118,17,17
69255,75,74,1,1
69256,51,56,-5,5
69257,69,75,-6,6
69258,97,111,-14,14
69259,73,77,-4,4
69260,91,92,-1,1
69261,156,153,3,3
69262,67,71,-4,4
69263,77,79,-2,2
69264,133,127,6,6
69265,129,152,-23,23
69266,110,109,1,1
69267,121,136,-15,15
69268,150,148,2,2
69269,89,91,-2,2
69270,71,133,-62,62
69271,119,114,5,5
69272,70,73,-3,3
69273,121,121,0,0
69274,116,125,-9,9
69275,123,131,-8,8
69276,95,83,12,12
69277,70,65,5,5
69278,111,99,12,12
69279,113,120,-7,7
69280,92,93,-1,1
69281,52,62,-10,10
69282,114,113,1,1
69283,106,108,-2,2
69284,102,123,-21,21
69285,72,84,-12,12
69286,134,119,15,15
69287,101,102,-1,1
69288,134,125,9,9
69289,111,112,-1,1
69290,99,98,1,1
69291,98,94,4,4
69292,94,102,-8,8
69293,44,43,1,1
69294,92,107,-15,15
69295,81,78,3,3
69296,74,77,-3,3
69297,51,46,5,5
69298,135,142,-7,7
69299,34,40,-6,6
69300,151,156,-5,5
69301,64,61,3,3
69302,105,108,-3,3
69303,117,104,13,13
69304,88,88,0,0
69305,100,107,-7,7
69306,88,81,7,7
69307,84,86,-2,2
69308,189,186,3,3
69309,45,38,7,7
69310,64,69,-5,5
69311,94,101,-7,7
69312,199,178,21,21
69313,80,74,6,6
69314,105,108,-3,3
69315,112,118,-6,6
69316,59,38,21,21
69317,54,62,-8,8
69318,123,115,8,8
69319,59,63,-4,4
69320,186,171,15,15
69321,110,116,-6,6
69322,117,108,9,9
69323,82,85,-3,3
69324,202,173,29,29
69325,129,123,6,6
69326,91,97,-6,6
69327,131,115,16,16
69328,117,115,2,2
69329,82,78,4,4
69330,78,92,-14,14
69331,129,120,9,9
69332,46,36,10,10
69333,122,125,-3,3
69334,124,114,10,10
69335,186,186,0,0
69336,103,97,6,6
69337,112,121,-9,9
69338,135,144,-9,9
69339,68,76,-8,8
69340,110,116,-6,6
69341,57,57,0,0
69342,144,143,1,1
69343,115,107,8,8
69344,143,144,-1,1
69345,75,92,-17,17
69346,69,61,8,8
69347,140,137,3,3
69348,93,107,-14,14
69349,74,73,1,1
69350,165,152,13,13
69351,77,81,-4,4
69352,57,61,-4,4
69353,87,105,-18,18
69354,123,119,4,4
69355,78,86,-8,8
69356,120,126,-6,6
69357,100,105,-5,5
69358,112,111,1,1
69359,87,96,-9,9
69360,98,83,15,15
69361,106,111,-5,5
69362,91,109,-18,18
69363,107,115,-8,8
69364,67,67,0,0
69365,125,120,5,5
69366,61,41,20,20
69367,96,101,-5,5
69368,73,74,-1,1
69369,70,69,1,1
69370,89,86,3,3
69371,114,115,-1,1
69372,74,82,-8,8
69373,133,112,21,21
69374,107,115,-8,8
69375,91,88,3,3
69376,83,74,9,9
69377,76,75,1,1
69378,75,83,-8,8
69379,83,79,4,4
69380,62,58,4,4
69381,71,81,-10,10
69382,40,40,0,0
69383,131,116,15,15
69384,138,145,-7,7
69385,43,45,-2,2
69386,76,82,-6,6
69387,128,145,-17,17
69388,62,65,-3,3
69389,128,118,10,10
69390,79,87,-8,8
69391,140,133,7,7
69392,94,104,-10,10
69393,96,97,-1,1
69394,43,35,8,8
69395,159,149,10,10
69396,62,61,1,1
69397,131,126,5,5
69398,65,66,-1,1
69399,63,76,-13,13
69400,116,129,-13,13
69401,65,85,-20,20
69402,70,49,21,21
69403,56,59,-3,3
69404,95,92,3,3
69405,120,114,6,6
69406,93,99,-6,6
69407,92,90,2,2
69408,101,91,10,10
69409,106,116,-10,10
69410,151,139,12,12
69411,98,96,2,2
69412,63,64,-1,1
69413,120,126,-6,6
69414,93,92,1,1
69415,89,88,1,1
69416,47,51,-4,4
69417,92,97,-5,5
69418,95,93,2,2
69419,90,83,7,7
69420,116,109,7,7
69421,88,85,3,3
69422,107,114,-7,7
69423,168,175,-7,7
69424,49,51,-2,2
69425,111,102,9,9
69426,76,79,-3,3
69427,89,87,2,2
69428,72,79,-7,7
69429,131,132,-1,1
69430,61,78,-17,17
69431,106,99,7,7
69432,65,68,-3,3
69433,76,86,-10,10
69434,62,114,-52,52
69435,63,59,4,4
69436,77,74,3,3
69437,120,116,4,4
69438,109,116,-7,7
69439,93,90,3,3
69440,66,65,1,1
69441,72,65,7,7
69442,94,86,8,8
69443,143,133,10,10
69444,75,75,0,0
69445,99,103,-4,4
69446,112,116,-4,4
69447,66,66,0,0
69448,72,68,4,4
69449,46,51,-5,5
69450,100,110,-10,10
69451,89,84,5,5
69452,101,102,-1,1
69453,63,61,2,2
69454,108,114,-6,6
69455,89,95,-6,6
69456,101,104,-3,3
69457,94,95,-1,1
69458,73,80,-7,7
69459,148,105,43,43
69460,142,148,-6,6
69461,92,93,-1,1
69462,151,133,18,18
69463,119,119,0,0
69464,61,62,-1,1
69465,124,119,5,5
69466,46,47,-1,1
69467,67,69,-2,2
69468,46,61,-15,15
69469,81,81,0,0
69470,104,109,-5,5
69471,47,51,-4,4
69472,88,93,-5,5
69473,115,68,47,47
69474,92,125,-33,33
69475,100,83,17,17
69476,141,134,7,7
69477,107,111,-4,4
69478,127,115,12,12
69479,117,124,-7,7
69480,72,70,2,2
69481,81,87,-6,6
69482,100,133,-33,33
69483,84,109,-25,25
69484,70,69,1,1
69485,152,135,17,17
69486,32,44,-12,12
69487,121,127,-6,6
69488,69,61,8,8
69489,63,72,-9,9
69490,76,74,2,2
69491,81,86,-5,5
69492,106,105,1,1
69493,69,78,-9,9
69494,54,54,0,0
69495,92,89,3,3
69496,61,67,-6,6
69497,141,136,5,5
69498,78,80,-2,2
69499,124,148,-24,24
69500,94,94,0,0
69501,66,69,-3,3
69502,156,157,-1,1
69503,80,101,-21,21
69504,84,87,-3,3
69505,161,152,9,9
69506,106,103,3,3
69507,98,105,-7,7
69508,108,102,6,6
69509,109,104,5,5
69510,85,80,5,5
69511,74,83,-9,9
69512,74,73,1,1
69513,88,101,-13,13
69514,128,123,5,5
69515,93,89,4,4
69516,140,143,-3,3
69517,109,108,1,1
69518,58,54,4,4
69519,73,67,6,6
69520,86,96,-10,10
69521,94,85,9,9
69522,332,326,6,6
69523,112,112,0,0
69524,48,48,0,0
69525,73,80,-7,7
69526,116,111,5,5
69527,105,95,10,10
69528,65,66,-1,1
69529,108,108,0,0
69530,83,93,-10,10
69531,81,86,-5,5
69532,155,170,-15,15
69533,110,93,17,17
69534,120,110,10,10
69535,92,88,4,4
69536,152,125,27,27
69537,131,138,-7,7
69538,48,63,-15,15
69539,68,69,-1,1
69540,74,74,0,0
69541,86,102,-16,16
69542,148,153,-5,5
69543,188,174,14,14
69544,79,91,-12,12
69545,125,124,1,1
69546,95,79,16,16
69547,63,60,3,3
69548,78,71,7,7
69549,116,128,-12,12
69550,83,82,1,1
69551,68,69,-1,1
69552,104,93,11,11
69553,107,103,4,4
69554,93,85,8,8
69555,115,113,2,2
69556,105,106,-1,1
69557,76,98,-22,22
69558,129,115,14,14
69559,53,49,4,4
69560,78,91,-13,13
69561,108,88,20,20
69562,39,47,-8,8
69563,81,74,7,7
69564,122,127,-5,5
69565,74,64,10,10
69566,63,65,-2,2
69567,115,116,-1,1
69568,119,129,-10,10
69569,130,129,1,1
69570,103,125,-22,22
69571,107,108,-1,1
69572,69,84,-15,15
69573,130,128,2,2
69574,98,118,-20,20
69575,126,113,13,13
69576,119,110,9,9
69577,86,92,-6,6
69578,211,193,18,18
69579,82,80,2,2
69580,64,60,4,4
69581,96,85,11,11
69582,63,63,0,0
69583,102,106,-4,4
69584,119,139,-20,20
69585,82,91,-9,9
69586,119,118,1,1
69587,64,63,1,1
69588,48,48,0,0
69589,140,139,1,1
69590,112,110,2,2
69591,93,112,-19,19
69592,88,87,1,1
69593,93,90,3,3
69594,60,56,4,4
69595,66,73,-7,7
69596,48,47,1,1
69597,101,93,8,8
69598,54,49,5,5
69599,99,99,0,0
69600,81,80,1,1
69601,155,148,7,7
69602,80,75,5,5
69603,69,69,0,0
69604,65,79,-14,14
69605,81,81,0,0
69606,100,114,-14,14
69607,89,101,-12,12
69608,86,85,1,1
69609,107,113,-6,6
69610,61,65,-4,4
69611,59,55,4,4
69612,51,55,-4,4
69613,147,153,-6,6
69614,127,119,8,8
69615,130,136,-6,6
69616,53,44,9,9
69617,117,96,21,21
69618,132,127,5,5
69619,119,114,5,5
69620,107,94,13,13
69621,79,93,-14,14
69622,157,151,6,6
69623,125,110,15,15
69624,60,65,-5,5
69625,79,71,8,8
69626,80,87,-7,7
69627,151,134,17,17
69628,109,107,2,2
69629,64,62,2,2
69630,111,98,13,13
69631,44,59,-15,15
69632,95,86,9,9
69633,137,127,10,10
69634,121,103,18,18
69635,51,52,-1,1
69636,53,47,6,6
69637,93,96,-3,3
69638,91,97,-6,6
69639,125,117,8,8
69640,59,59,0,0
69641,63,60,3,3
69642,111,99,12,12
69643,117,126,-9,9
69644,74,73,1,1
69645,117,118,-1,1
69646,65,59,6,6
69647,100,96,4,4
69648,227,204,23,23
69649,145,187,-42,42
69650,82,85,-3,3
69651,93,86,7,7
69652,120,136,-16,16
69653,122,127,-5,5
69654,121,120,1,1
69655,106,90,16,16
69656,95,113,-18,18
69657,71,72,-1,1
69658,64,76,-12,12
69659,103,109,-6,6
69660,66,80,-14,14
69661,60,66,-6,6
69662,85,85,0,0
69663,110,113,-3,3
69664,109,110,-1,1
69665,80,88,-8,8
69666,80,76,4,4
69667,147,146,1,1
69668,107,118,-11,11
69669,61,62,-1,1
69670,163,160,3,3
69671,60,60,0,0
69672,85,81,4,4
69673,152,175,-23,23
69674,90,92,-2,2
69675,81,81,0,0
69676,76,68,8,8
69677,95,100,-5,5
69678,70,70,0,0
69679,101,106,-5,5
69680,65,67,-2,2
69681,78,86,-8,8
69682,94,94,0,0
69683,69,73,-4,4
69684,161,164,-3,3
69685,97,102,-5,5
69686,66,74,-8,8
69687,171,160,11,11
69688,93,82,11,11
69689,98,95,3,3
69690,101,112,-11,11
69691,97,93,4,4
69692,74,78,-4,4
69693,88,69,19,19
69694,184,168,16,16
69695,74,78,-4,4
69696,65,83,-18,18
69697,193,178,15,15
69698,103,100,3,3
69699,57,63,-6,6
69700,113,131,-18,18
69701,145,172,-27,27
69702,60,58,2,2
69703,128,137,-9,9
69704,89,98,-9,9
69705,80,76,4,4
69706,79,74,5,5
69707,114,116,-2,2
69708,200,178,22,22
69709,133,131,2,2
69710,114,121,-7,7
69711,125,108,17,17
69712,82,86,-4,4
69713,90,80,10,10
69714,95,87,8,8
69715,140,144,-4,4
69716,96,104,-8,8
69717,186,172,14,14
69718,89,107,-18,18
69719,57,48,9,9
69720,76,80,-4,4
69721,64,56,8,8
69722,138,131,7,7
69723,97,98,-1,1
69724,95,103,-8,8
69725,157,161,-4,4
69726,76,65,11,11
69727,77,81,-4,4
69728,110,114,-4,4
69729,191,176,15,15
69730,70,55,15,15
69731,100,123,-23,23
69732,98,97,1,1
69733,64,71,-7,7
69734,106,108,-2,2
69735,95,94,1,1
69736,70,58,12,12
69737,132,122,10,10
69738,43,34,9,9
69739,177,170,7,7
69740,59,54,5,5
69741,42,41,1,1
69742,40,33,7,7
69743,82,53,29,29
69744,79,89,-10,10
69745,62,71,-9,9
69746,108,99,9,9
69747,103,116,-13,13
69748,92,93,-1,1
69749,63,71,-8,8
69750,65,65,0,0
69751,144,154,-10,10
69752,92,91,1,1
69753,129,126,3,3
69754,137,147,-10,10
69755,122,133,-11,11
69756,48,60,-12,12
69757,85,60,25,25
69758,90,96,-6,6
69759,82,70,12,12
69760,112,105,7,7
69761,85,80,5,5
69762,91,84,7,7
69763,78,84,-6,6
69764,69,64,5,5
69765,121,113,8,8
69766,68,74,-6,6
69767,131,128,3,3
69768,89,89,0,0
69769,93,92,1,1
69770,54,42,12,12
69771,136,132,4,4
69772,35,55,-20,20
69773,178,149,29,29
69774,105,101,4,4
69775,145,137,8,8
69776,75,83,-8,8
69777,117,107,10,10
69778,63,59,4,4
69779,132,136,-4,4
69780,100,113,-13,13
69781,67,71,-4,4
69782,47,48,-1,1
69783,128,117,11,11
69784,119,125,-6,6
69785,119,127,-8,8
69786,93,79,14,14
69787,121,121,0,0
69788,79,76,3,3
69789,166,160,6,6
69790,87,88,-1,1
69791,85,90,-5,5
69792,80,113,-33,33
69793,68,67,1,1
69794,131,135,-4,4
69795,124,120,4,4
69796,146,154,-8,8
69797,71,69,2,2
69798,89,98,-9,9
69799,60,67,-7,7
69800,64,65,-1,1
69801,63,80,-17,17
69802,61,62,-1,1
69803,119,137,-18,18
69804,83,87,-4,4
69805,96,96,0,0
69806,116,135,-19,19
69807,122,115,7,7
69808,102,99,3,3
69809,85,88,-3,3
69810,129,125,4,4
69811,109,101,8,8
69812,41,39,2,2
69813,95,102,-7,7
69814,131,113,18,18
69815,98,89,9,9
69816,105,109,-4,4
69817,35,45,-10,10
69818,65,60,5,5
69819,69,65,4,4
69820,72,66,6,6
69821,101,108,-7,7
69822,86,86,0,0
69823,103,103,0,0
69824,110,102,8,8
69825,77,65,12,12
69826,98,70,28,28
69827,107,110,-3,3
69828,72,87,-15,15
69829,109,109,0,0
69830,68,60,8,8
69831,64,59,5,5
69832,158,148,10,10
69833,112,117,-5,5
69834,71,78,-7,7
69835,119,113,6,6
69836,63,56,7,7
69837,66,66,0,0
69838,90,87,3,3
69839,114,123,-9,9
69840,81,82,-1,1
69841,136,133,3,3
69842,92,91,1,1
69843,46,61,-15,15
69844,48,52,-4,4
69845,99,93,6,6
69846,63,64,-1,1
69847,113,103,10,10
69848,77,78,-1,1
69849,95,90,5,5
69850,95,100,-5,5
69851,92,98,-6,6
69852,77,72,5,5
69853,108,100,8,8
69854,80,82,-2,2
69855,106,114,-8,8
69856,193,181,12,12
69857,138,132,6,6
69858,146,152,-6,6
69859,146,138,8,8
69860,121,109,12,12
69861,134,132,2,2
69862,92,96,-4,4
69863,109,107,2,2
69864,94,108,-14,14
69865,96,109,-13,13
69866,105,112,-7,7
69867,124,123,1,1
69868,101,100,1,1
69869,63,73,-10,10
69870,91,89,2,2
69871,75,86,-11,11
69872,89,98,-9,9
69873,134,128,6,6
69874,130,145,-15,15
69875,71,85,-14,14
69876,152,148,4,4
69877,79,66,13,13
69878,82,70,12,12
69879,80,91,-11,11
69880,51,52,-1,1
69881,134,131,3,3
69882,120,104,16,16
69883,88,88,0,0
69884,66,76,-10,10
69885,40,46,-6,6
69886,81,63,18,18
69887,125,122,3,3
69888,57,51,6,6
69889,127,121,6,6
69890,70,68,2,2
69891,144,108,36,36
69892,100,116,-16,16
69893,190,169,21,21
69894,79,84,-5,5
69895,95,70,25,25
69896,86,79,7,7
69897,75,66,9,9
69898,108,101,7,7
69899,74,76,-2,2
69900,110,123,-13,13
69901,121,121,0,0
69902,75,79,-4,4
69903,193,163,30,30
69904,102,100,2,2
69905,83,92,-9,9
69906,161,158,3,3
69907,43,45,-2,2
69908,157,169,-12,12
69909,152,160,-8,8
69910,166,158,8,8
69911,61,57,4,4
69912,123,123,0,0
69913,77,68,9,9
69914,76,69,7,7
69915,103,115,-12,12
69916,73,68,5,5
69917,94,98,-4,4
69918,71,79,-8,8
69919,69,59,10,10
69920,46,39,7,7
69921,59,58,1,1
69922,109,99,10,10
69923,166,165,1,1
69924,65,67,-2,2
69925,97,91,6,6
69926,170,158,12,12
69927,76,81,-5,5
69928,79,76,3,3
69929,84,95,-11,11
69930,36,31,5,5
69931,149,154,-5,5
69932,61,58,3,3
69933,109,110,-1,1
69934,160,136,24,24
69935,96,89,7,7
69936,139,139,0,0
69937,59,57,2,2
69938,52,46,6,6
69939,148,134,14,14
69940,90,83,7,7
69941,68,59,9,9
69942,60,64,-4,4
69943,110,114,-4,4
69944,80,89,-9,9
69945,37,36,1,1
69946,75,85,-10,10
69947,62,72,-10,10
69948,66,70,-4,4
69949,99,112,-13,13
69950,105,111,-6,6
69951,165,159,6,6
69952,164,155,9,9
69953,93,91,2,2
69954,58,76,-18,18
69955,93,91,2,2
69956,37,34,3,3
69957,68,74,-6,6
69958,122,124,-2,2
69959,36,34,2,2
69960,109,113,-4,4
69961,111,99,12,12
69962,39,32,7,7
69963,139,136,3,3
69964,109,118,-9,9
69965,169,155,14,14
69966,138,138,0,0
69967,104,135,-31,31
69968,170,185,-15,15
69969,66,62,4,4
69970,154,154,0,0
69971,46,62,-16,16
69972,136,136,0,0
69973,81,84,-3,3
69974,390,369,21,21
69975,88,84,4,4
69976,66,84,-18,18
69977,69,72,-3,3
69978,48,56,-8,8
69979,136,121,15,15
69980,85,87,-2,2
69981,73,72,1,1
69982,128,142,-14,14
69983,90,86,4,4
69984,105,103,2,2
69985,127,126,1,1
69986,102,105,-3,3
69987,111,118,-7,7
69988,110,100,10,10
69989,92,89,3,3
69990,66,106,-40,40
69991,103,97,6,6
69992,111,107,4,4
69993,120,121,-1,1
69994,96,97,-1,1
69995,141,142,-1,1
69996,89,109,-20,20
69997,66,69,-3,3
69998,95,90,5,5
69999,83,90,-7,7
70000,62,61,1,1
70001,136,138,-2,2
70002,99,97,2,2
70003,78,66,12,12
70004,79,76,3,3
70005,86,91,-5,5
70006,70,68,2,2
70007,128,136,-8,8
70008,100,76,24,24
70009,116,105,11,11
70010,165,184,-19,19
70011,125,116,9,9
70012,63,74,-11,11
70013,93,105,-12,12
70014,135,123,12,12
70015,61,58,3,3
70016,55,65,-10,10
70017,95,96,-1,1
70018,98,102,-4,4
70019,54,55,-1,1
70020,85,93,-8,8
70021,96,93,3,3
70022,132,131,1,1
70023,81,87,-6,6
70024,57,51,6,6
70025,71,64,7,7
70026,92,91,1,1
70027,99,87,12,12
70028,87,83,4,4
70029,116,111,5,5
70030,46,51,-5,5
70031,29,31,-2,2
70032,163,172,-9,9
70033,110,103,7,7
70034,68,71,-3,3
70035,62,70,-8,8
70036,60,53,7,7
70037,91,99,-8,8
70038,35,34,1,1
70039,61,66,-5,5
70040,101,101,0,0
70041,135,127,8,8
70042,169,166,3,3
70043,122,121,1,1
70044,182,168,14,14
70045,86,93,-7,7
70046,121,108,13,13
70047,65,64,1,1
70048,84,80,4,4
70049,98,92,6,6
70050,61,63,-2,2
70051,71,84,-13,13
70052,54,62,-8,8
70053,130,126,4,4
70054,47,52,-5,5
70055,78,82,-4,4
70056,83,76,7,7
70057,119,111,8,8
70058,86,77,9,9
70059,92,96,-4,4
70060,76,84,-8,8
70061,80,97,-17,17
70062,103,96,7,7
70063,113,112,1,1
70064,79,84,-5,5
70065,68,67,1,1
70066,115,119,-4,4
70067,62,65,-3,3
70068,107,120,-13,13
70069,115,111,4,4
70070,138,142,-4,4
70071,115,133,-18,18
70072,117,110,7,7
70073,92,160,-68,68
70074,122,111,11,11
70075,54,53,1,1
70076,76,78,-2,2
70077,96,91,5,5
70078,57,56,1,1
70079,108,109,-1,1
70080,104,111,-7,7
70081,107,103,4,4
70082,66,63,3,3
70083,57,67,-10,10
70084,72,74,-2,2
70085,63,81,-18,18
70086,119,111,8,8
70087,123,116,7,7
70088,86,83,3,3
70089,121,102,19,19
70090,72,66,6,6
70091,70,76,-6,6
70092,84,77,7,7
70093,72,78,-6,6
70094,61,54,7,7
70095,128,118,10,10
70096,90,91,-1,1
70097,138,150,-12,12
70098,80,84,-4,4
70099,134,113,21,21
70100,135,143,-8,8
70101,108,97,11,11
70102,114,113,1,1
70103,87,128,-41,41
70104,29,42,-13,13
70105,84,97,-13,13
70106,139,162,-23,23
70107,126,115,11,11
70108,61,64,-3,3
70109,22,23,-1,1
70110,61,67,-6,6
70111,74,84,-10,10
70112,120,119,1,1
70113,69,68,1,1
70114,61,67,-6,6
70115,88,97,-9,9
70116,102,109,-7,7
70117,107,117,-10,10
70118,103,102,1,1
70119,89,95,-6,6
70120,134,135,-1,1
70121,52,43,9,9
70122,63,79,-16,16
70123,116,100,16,16
70124,123,122,1,1
70125,101,90,11,11
70126,58,64,-6,6
70127,95,98,-3,3
70128,66,68,-2,2
70129,69,68,1,1
70130,107,106,1,1
70131,118,127,-9,9
70132,155,139,16,16
70133,75,73,2,2
70134,103,92,11,11
70135,81,76,5,5
70136,94,92,2,2
70137,64,65,-1,1
70138,135,134,1,1
70139,116,141,-25,25
70140,213,182,31,31
70141,87,91,-4,4
70142,109,123,-14,14
70143,149,140,9,9
70144,81,106,-25,25
70145,78,78,0,0
70146,62,57,5,5
70147,73,78,-5,5
70148,68,49,19,19
70149,103,83,20,20
70150,121,114,7,7
70151,165,149,16,16
70152,105,98,7,7
70153,71,59,12,12
70154,139,149,-10,10
70155,75,102,-27,27
70156,146,151,-5,5
70157,88,95,-7,7
70158,184,180,4,4
70159,122,113,9,9
70160,50,65,-15,15
70161,98,104,-6,6
70162,28,75,-47,47
70163,68,59,9,9
70164,34,33,1,1
70165,88,82,6,6
70166,87,85,2,2
70167,91,84,7,7
70168,97,90,7,7
70169,93,68,25,25
70170,46,43,3,3
70171,63,62,1,1
70172,54,58,-4,4
70173,68,72,-4,4
70174,100,120,-20,20
70175,51,53,-2,2
70176,92,99,-7,7
70177,111,110,1,1
70178,66,66,0,0
70179,60,68,-8,8
70180,66,65,1,1
70181,130,112,18,18
70182,125,121,4,4
70183,134,137,-3,3
70184,139,143,-4,4
70185,105,98,7,7
70186,70,72,-2,2
70187,106,98,8,8
70188,146,126,20,20
70189,144,144,0,0
70190,108,125,-17,17
70191,77,74,3,3
70192,99,98,1,1
70193,79,81,-2,2
70194,65,63,2,2
70195,65,77,-12,12
70196,89,100,-11,11
70197,128,116,12,12
70198,95,124,-29,29
70199,131,149,-18,18
70200,48,44,4,4
70201,127,118,9,9
70202,102,107,-5,5
70203,127,122,5,5
70204,53,56,-3,3
70205,148,131,17,17
70206,173,158,15,15
70207,110,119,-9,9
70208,61,67,-6,6
70209,65,68,-3,3
70210,83,82,1,1
70211,125,124,1,1
70212,94,91,3,3
70213,82,78,4,4
70214,95,84,11,11
70215,48,57,-9,9
70216,112,108,4,4
70217,74,86,-12,12
70218,114,116,-2,2
70219,64,69,-5,5
70220,109,102,7,7
70221,163,146,17,17
70222,136,141,-5,5
70223,218,186,32,32
70224,114,101,13,13
70225,152,146,6,6
70226,115,119,-4,4
70227,70,77,-7,7
70228,76,74,2,2
70229,101,98,3,3
70230,122,104,18,18
70231,95,92,3,3
70232,112,136,-24,24
70233,114,114,0,0
70234,93,93,0,0
70235,56,65,-9,9
70236,110,109,1,1
70237,97,98,-1,1
70238,86,104,-18,18
70239,87,86,1,1
70240,55,49,6,6
70241,183,193,-10,10
70242,99,105,-6,6
70243,102,104,-2,2
70244,113,103,10,10
70245,95,89,6,6
70246,191,163,28,28
70247,82,85,-3,3
70248,55,49,6,6
70249,60,62,-2,2
70250,81,77,4,4
70251,87,88,-1,1
70252,142,138,4,4
70253,97,91,6,6
70254,116,106,10,10
70255,73,65,8,8
70256,87,91,-4,4
70257,102,97,5,5
70258,57,52,5,5
70259,56,64,-8,8
70260,193,160,33,33
70261,99,101,-2,2
70262,61,70,-9,9
70263,90,86,4,4
70264,129,123,6,6
70265,86,84,2,2
70266,68,75,-7,7
70267,106,100,6,6
70268,101,115,-14,14
70269,139,127,12,12
70270,97,105,-8,8
70271,79,88,-9,9
70272,54,63,-9,9
70273,47,54,-7,7
70274,119,110,9,9
70275,93,89,4,4
70276,70,68,2,2
70277,109,112,-3,3
70278,55,69,-14,14
70279,127,126,1,1
70280,76,81,-5,5
70281,35,39,-4,4
70282,66,67,-1,1
70283,72,71,1,1
70284,91,104,-13,13
70285,128,130,-2,2
70286,123,138,-15,15
70287,129,128,1,1
70288,106,101,5,5
70289,84,87,-3,3
70290,99,101,-2,2
70291,59,53,6,6
70292,54,54,0,0
70293,120,119,1,1
70294,188,172,16,16
70295,83,82,1,1
70296,146,134,12,12
70297,69,72,-3,3
70298,58,62,-4,4
70299,173,171,2,2
70300,131,123,8,8
70301,150,139,11,11
70302,115,109,6,6
70303,107,97,10,10
70304,131,123,8,8
70305,101,109,-8,8
70306,105,96,9,9
70307,104,94,10,10
70308,138,130,8,8
70309,62,65,-3,3
70310,88,89,-1,1
70311,44,43,1,1
70312,116,116,0,0
70313,84,88,-4,4
70314,80,105,-25,25
70315,112,113,-1,1
70316,85,82,3,3
70317,82,74,8,8
70318,101,103,-2,2
70319,123,137,-14,14
70320,137,135,2,2
70321,112,79,33,33
70322,72,73,-1,1
70323,100,94,6,6
70324,106,96,10,10
70325,64,56,8,8
70326,115,106,9,9
70327,44,45,-1,1
70328,112,112,0,0
70329,113,110,3,3
70330,203,181,22,22
70331,113,106,7,7
70332,154,143,11,11
70333,88,92,-4,4
70334,88,97,-9,9
70335,56,61,-5,5
70336,116,104,12,12
70337,104,103,1,1
70338,96,88,8,8
70339,99,97,2,2
70340,98,98,0,0
70341,128,132,-4,4
70342,79,81,-2,2
70343,97,114,-17,17
70344,68,67,1,1
70345,93,90,3,3
70346,99,99,0,0
70347,68,74,-6,6
70348,83,84,-1,1
70349,85,78,7,7
70350,89,97,-8,8
70351,95,91,4,4
70352,133,122,11,11
70353,86,91,-5,5
70354,94,95,-1,1
70355,63,71,-8,8
70356,134,130,4,4
70357,79,85,-6,6
70358,55,54,1,1
70359,82,86,-4,4
70360,60,65,-5,5
70361,63,81,-18,18
70362,179,160,19,19
70363,127,134,-7,7
70364,65,68,-3,3
70365,101,103,-2,2
70366,112,105,7,7
70367,66,75,-9,9
70368,104,105,-1,1
70369,80,100,-20,20
70370,84,78,6,6
70371,57,54,3,3
70372,55,55,0,0
70373,134,132,2,2
70374,125,117,8,8
70375,83,84,-1,1
70376,66,67,-1,1
70377,59,93,-34,34
70378,117,98,19,19
70379,103,130,-27,27
70380,101,93,8,8
70381,128,131,-3,3
70382,92,111,-19,19
70383,167,168,-1,1
70384,79,81,-2,2
70385,121,121,0,0
70386,85,78,7,7
70387,80,66,14,14
70388,26,21,5,5
70389,52,53,-1,1
70390,58,71,-13,13
70391,137,134,3,3
70392,48,48,0,0
70393,138,134,4,4
70394,81,62,19,19
70395,132,134,-2,2
70396,111,112,-1,1
70397,115,123,-8,8
70398,129,130,-1,1
70399,125,118,7,7
70400,138,152,-14,14
70401,51,60,-9,9
70402,131,139,-8,8
70403,164,168,-4,4
70404,107,98,9,9
70405,102,99,3,3
70406,66,69,-3,3
70407,59,64,-5,5
70408,60,57,3,3
70409,145,142,3,3
70410,143,142,1,1
70411,121,125,-4,4
70412,98,104,-6,6
70413,107,99,8,8
70414,69,67,2,2
70415,154,153,1,1
70416,93,97,-4,4
70417,93,90,3,3
70418,41,43,-2,2
70419,103,102,1,1
70420,81,90,-9,9
70421,105,96,9,9
70422,60,53,7,7
70423,90,108,-18,18
70424,76,77,-1,1
70425,98,105,-7,7
70426,70,72,-2,2
70427,49,54,-5,5
70428,113,112,1,1
70429,45,61,-16,16
70430,109,112,-3,3
70431,53,63,-10,10
70432,98,82,16,16
70433,70,71,-1,1
70434,91,88,3,3
70435,126,123,3,3
70436,68,54,14,14
70437,54,71,-17,17
70438,99,101,-2,2
70439,85,91,-6,6
70440,85,79,6,6
70441,93,95,-2,2
70442,69,71,-2,2
70443,59,58,1,1
70444,47,52,-5,5
70445,83,86,-3,3
70446,103,110,-7,7
70447,93,90,3,3
70448,125,130,-5,5
70449,97,98,-1,1
70450,103,108,-5,5
70451,79,82,-3,3
70452,103,117,-14,14
70453,132,127,5,5
70454,165,172,-7,7
70455,132,132,0,0
70456,88,90,-2,2
70457,92,92,0,0
70458,75,66,9,9
70459,108,105,3,3
70460,98,92,6,6
70461,133,163,-30,30
70462,75,71,4,4
70463,187,199,-12,12
70464,123,112,11,11
70465,63,65,-2,2
70466,92,108,-16,16
70467,117,120,-3,3
70468,98,85,13,13
70469,247,262,-15,15
70470,98,102,-4,4
70471,102,99,3,3
70472,66,76,-10,10
70473,62,58,4,4
70474,84,86,-2,2
70475,52,54,-2,2
70476,107,108,-1,1
70477,155,135,20,20
70478,118,119,-1,1
70479,150,144,6,6
70480,112,109,3,3
70481,106,107,-1,1
70482,61,64,-3,3
70483,101,109,-8,8
70484,80,70,10,10
70485,65,77,-12,12
70486,86,91,-5,5
70487,74,71,3,3
70488,163,152,11,11
70489,100,104,-4,4
70490,44,44,0,0
70491,86,76,10,10
70492,119,114,5,5
70493,80,77,3,3
70494,57,65,-8,8
70495,136,106,30,30
70496,113,110,3,3
70497,75,78,-3,3
70498,41,42,-1,1
70499,125,139,-14,14
70500,77,74,3,3
70501,97,92,5,5
70502,159,170,-11,11
70503,43,47,-4,4
70504,47,47,0,0
70505,53,53,0,0
70506,141,132,9,9
70507,79,84,-5,5
70508,74,75,-1,1
70509,117,123,-6,6
70510,39,44,-5,5
70511,74,84,-10,10
70512,131,138,-7,7
70513,95,88,7,7
70514,152,136,16,16
70515,80,83,-3,3
70516,125,109,16,16
70517,114,111,3,3
70518,113,106,7,7
70519,58,70,-12,12
70520,98,84,14,14
70521,135,132,3,3
70522,88,96,-8,8
70523,147,144,3,3
70524,83,81,2,2
70525,145,147,-2,2
70526,144,143,1,1
70527,142,141,1,1
70528,65,70,-5,5
70529,59,64,-5,5
70530,116,111,5,5
70531,51,51,0,0
70532,48,49,-1,1
70533,113,122,-9,9
70534,87,76,11,11
70535,72,78,-6,6
70536,100,97,3,3
70537,66,68,-2,2
70538,106,117,-11,11
70539,128,125,3,3
70540,71,69,2,2
70541,69,78,-9,9
70542,117,125,-8,8
70543,125,121,4,4
70544,105,100,5,5
70545,43,31,12,12
70546,154,172,-18,18
70547,77,82,-5,5
70548,104,107,-3,3
70549,112,109,3,3
70550,84,86,-2,2
70551,69,73,-4,4
70552,135,124,11,11
70553,130,117,13,13
70554,117,136,-19,19
70555,47,53,-6,6
70556,114,122,-8,8
70557,100,115,-15,15
70558,129,143,-14,14
70559,59,56,3,3
70560,159,146,13,13
70561,61,59,2,2
70562,51,55,-4,4
70563,92,98,-6,6
70564,73,75,-2,2
70565,98,80,18,18
70566,117,113,4,4
70567,100,115,-15,15
70568,54,76,-22,22
70569,76,79,-3,3
70570,132,131,1,1
70571,178,137,41,41
70572,91,93,-2,2
70573,127,114,13,13
70574,75,76,-1,1
70575,70,67,3,3
70576,124,123,1,1
70577,125,129,-4,4
70578,80,85,-5,5
70579,59,59,0,0
70580,82,88,-6,6
70581,130,131,-1,1
70582,82,86,-4,4
70583,93,86,7,7
70584,82,87,-5,5
70585,160,136,24,24
70586,83,78,5,5
70587,128,118,10,10
70588,123,113,10,10
70589,98,90,8,8
70590,104,105,-1,1
70591,109,105,4,4
70592,48,47,1,1
70593,62,59,3,3
70594,63,55,8,8
70595,63,63,0,0
70596,115,113,2,2
70597,94,90,4,4
70598,94,99,-5,5
70599,91,84,7,7
70600,141,147,-6,6
70601,162,150,12,12
70602,91,93,-2,2
70603,88,96,-8,8
70604,117,131,-14,14
70605,52,54,-2,2
70606,57,60,-3,3
70607,106,88,18,18
70608,77,86,-9,9
70609,58,60,-2,2
70610,85,83,2,2
70611,110,108,2,2
70612,74,82,-8,8
70613,97,93,4,4
70614,58,63,-5,5
70615,92,101,-9,9
70616,97,106,-9,9
70617,73,78,-5,5
70618,89,92,-3,3
70619,108,100,8,8
70620,129,118,11,11
70621,83,83,0,0
70622,97,92,5,5
70623,88,84,4,4
70624,88,81,7,7
70625,74,89,-15,15
70626,103,112,-9,9
70627,93,85,8,8
70628,39,41,-2,2
70629,168,158,10,10
70630,102,88,14,14
70631,77,85,-8,8
70632,209,206,3,3
70633,88,89,-1,1
70634,88,93,-5,5
70635,95,106,-11,11
70636,113,108,5,5
70637,109,113,-4,4
70638,93,93,0,0
70639,167,161,6,6
70640,55,75,-20,20
70641,115,111,4,4
70642,101,110,-9,9
70643,52,61,-9,9
70644,155,156,-1,1
70645,47,53,-6,6
70646,123,137,-14,14
70647,71,67,4,4
70648,109,121,-12,12
70649,63,66,-3,3
70650,132,150,-18,18
70651,74,76,-2,2
70652,89,102,-13,13
70653,131,130,1,1
70654,71,76,-5,5
70655,100,93,7,7
70656,76,88,-12,12
70657,67,70,-3,3
70658,121,103,18,18
70659,45,57,-12,12
70660,79,65,14,14
70661,145,139,6,6
70662,242,189,53,53
70663,64,59,5,5
70664,146,133,13,13
70665,80,78,2,2
70666,135,133,2,2
70667,94,89,5,5
70668,88,84,4,4
70669,119,128,-9,9
70670,129,120,9,9
70671,86,91,-5,5
70672,60,55,5,5
70673,148,156,-8,8
70674,43,58,-15,15
70675,41,41,0,0
70676,272,229,43,43
70677,116,110,6,6
70678,86,84,2,2
70679,69,73,-4,4
70680,51,51,0,0
70681,80,80,0,0
70682,83,77,6,6
70683,108,102,6,6
70684,66,65,1,1
70685,178,171,7,7
70686,138,131,7,7
70687,124,109,15,15
70688,58,52,6,6
70689,93,96,-3,3
70690,135,119,16,16
70691,98,87,11,11
70692,91,80,11,11
70693,83,78,5,5
70694,192,180,12,12
70695,119,109,10,10
70696,44,53,-9,9
70697,83,88,-5,5
70698,75,82,-7,7
70699,216,198,18,18
70700,178,167,11,11
70701,81,86,-5,5
70702,56,65,-9,9
70703,85,87,-2,2
70704,87,78,9,9
70705,77,77,0,0
70706,73,79,-6,6
70707,122,122,0,0
70708,169,143,26,26
70709,155,144,11,11
70710,111,112,-1,1
70711,37,38,-1,1
70712,116,128,-12,12
70713,107,110,-3,3
70714,63,69,-6,6
70715,97,90,7,7
70716,108,91,17,17
70717,94,96,-2,2
70718,56,54,2,2
70719,49,47,2,2
70720,87,113,-26,26
70721,110,110,0,0
70722,89,92,-3,3
70723,87,80,7,7
70724,127,127,0,0
70725,82,87,-5,5
70726,58,52,6,6
70727,69,72,-3,3
70728,66,60,6,6
70729,62,74,-12,12
70730,80,90,-10,10
70731,62,65,-3,3
70732,46,47,-1,1
70733,48,70,-22,22
70734,77,72,5,5
70735,99,115,-16,16
70736,98,106,-8,8
70737,87,89,-2,2
70738,63,67,-4,4
70739,114,117,-3,3
70740,121,129,-8,8
70741,70,66,4,4
70742,118,117,1,1
70743,116,117,-1,1
70744,89,95,-6,6
70745,100,94,6,6
70746,249,275,-26,26
70747,202,185,17,17
70748,152,144,8,8
70749,140,137,3,3
70750,162,150,12,12
70751,90,89,1,1
70752,132,122,10,10
70753,79,72,7,7
70754,73,72,1,1
70755,115,105,10,10
70756,188,169,19,19
70757,72,70,2,2
70758,112,114,-2,2
70759,131,125,6,6
70760,128,132,-4,4
70761,125,122,3,3
70762,133,132,1,1
70763,159,156,3,3
70764,96,76,20,20
70765,85,83,2,2
70766,103,107,-4,4
70767,74,72,2,2
70768,139,130,9,9
70769,114,113,1,1
70770,35,38,-3,3
70771,56,45,11,11
70772,85,91,-6,6
70773,111,101,10,10
70774,107,115,-8,8
70775,138,133,5,5
70776,79,72,7,7
70777,89,91,-2,2
70778,97,89,8,8
70779,88,82,6,6
70780,77,89,-12,12
70781,83,79,4,4
70782,138,134,4,4
70783,109,106,3,3
70784,58,62,-4,4
70785,65,75,-10,10
70786,97,90,7,7
70787,95,75,20,20
70788,93,90,3,3
70789,80,82,-2,2
70790,88,78,10,10
70791,104,106,-2,2
70792,72,71,1,1
70793,75,72,3,3
70794,88,89,-1,1
70795,104,110,-6,6
70796,70,73,-3,3
70797,83,85,-2,2
70798,108,104,4,4
70799,84,71,13,13
70800,91,99,-8,8
70801,115,116,-1,1
70802,80,84,-4,4
70803,122,128,-6,6
70804,116,117,-1,1
70805,119,118,1,1
70806,105,112,-7,7
70807,80,87,-7,7
70808,63,82,-19,19
70809,108,119,-11,11
70810,73,76,-3,3
70811,116,124,-8,8
70812,101,94,7,7
70813,78,79,-1,1
70814,137,135,2,2
70815,94,92,2,2
70816,63,59,4,4
70817,122,127,-5,5
70818,145,141,4,4
70819,110,104,6,6
70820,86,82,4,4
70821,160,158,2,2
70822,149,151,-2,2
70823,93,89,4,4
70824,77,70,7,7
70825,43,50,-7,7
70826,85,92,-7,7
70827,85,79,6,6
70828,71,71,0,0
70829,68,74,-6,6
70830,85,86,-1,1
70831,74,87,-13,13
70832,152,164,-12,12
70833,161,148,13,13
70834,130,133,-3,3
70835,83,78,5,5
70836,102,100,2,2
70837,96,106,-10,10
70838,111,110,1,1
70839,41,47,-6,6
70840,54,54,0,0
70841,119,114,5,5
70842,89,81,8,8
70843,105,91,14,14
70844,163,159,4,4
70845,102,102,0,0
70846,90,92,-2,2
70847,52,53,-1,1
70848,61,62,-1,1
70849,84,104,-20,20
70850,87,94,-7,7
70851,56,67,-11,11
70852,86,96,-10,10
70853,153,141,12,12
70854,130,104,26,26
70855,171,159,12,12
70856,81,85,-4,4
70857,76,72,4,4
70858,82,90,-8,8
70859,114,127,-13,13
70860,103,111,-8,8
70861,98,96,2,2
70862,130,127,3,3
70863,145,139,6,6
70864,66,82,-16,16
70865,136,110,26,26
70866,96,116,-20,20
70867,35,37,-2,2
70868,77,78,-1,1
70869,108,104,4,4
70870,91,115,-24,24
70871,68,73,-5,5
70872,114,120,-6,6
70873,38,43,-5,5
70874,123,116,7,7
70875,81,81,0,0
70876,96,89,7,7
70877,89,81,8,8
70878,129,148,-19,19
70879,93,97,-4,4
70880,57,60,-3,3
70881,81,75,6,6
70882,137,128,9,9
70883,83,75,8,8
70884,97,94,3,3
70885,100,96,4,4
70886,83,87,-4,4
70887,94,81,13,13
70888,87,98,-11,11
70889,154,141,13,13
70890,126,109,17,17
70891,74,74,0,0
70892,87,98,-11,11
70893,62,66,-4,4
70894,61,61,0,0
70895,94,86,8,8
70896,91,87,4,4
70897,67,68,-1,1
70898,87,82,5,5
70899,58,63,-5,5
70900,126,119,7,7
70901,102,106,-4,4
70902,97,101,-4,4
70903,60,63,-3,3
70904,84,88,-4,4
70905,168,109,59,59
70906,89,91,-2,2
70907,60,55,5,5
70908,99,112,-13,13
70909,119,123,-4,4
70910,90,91,-1,1
70911,150,149,1,1
70912,95,97,-2,2
70913,79,79,0,0
70914,45,41,4,4
70915,101,96,5,5
70916,123,130,-7,7
70917,145,146,-1,1
70918,56,61,-5,5
70919,83,85,-2,2
70920,48,43,5,5
70921,65,65,0,0
70922,102,109,-7,7
70923,75,72,3,3
70924,194,203,-9,9
70925,55,66,-11,11
70926,61,61,0,0
70927,97,97,0,0
70928,123,128,-5,5
70929,47,53,-6,6
70930,99,104,-5,5
70931,88,85,3,3
70932,65,58,7,7
70933,71,68,3,3
70934,140,132,8,8
70935,113,111,2,2
70936,70,75,-5,5
70937,123,119,4,4
70938,113,109,4,4
70939,170,158,12,12
70940,101,103,-2,2
70941,113,110,3,3
70942,102,94,8,8
70943,74,86,-12,12
70944,73,70,3,3
70945,90,97,-7,7
70946,62,43,19,19
70947,104,122,-18,18
70948,119,133,-14,14
70949,71,71,0,0
70950,129,137,-8,8
70951,48,52,-4,4
70952,149,154,-5,5
70953,63,66,-3,3
70954,115,117,-2,2
70955,110,122,-12,12
70956,93,116,-23,23
70957,100,104,-4,4
70958,90,94,-4,4
70959,46,52,-6,6
70960,126,125,1,1
70961,99,101,-2,2
70962,65,65,0,0
70963,77,78,-1,1
70964,70,61,9,9
70965,82,93,-11,11
70966,91,98,-7,7
70967,142,131,11,11
70968,73,66,7,7
70969,146,149,-3,3
70970,106,119,-13,13
70971,185,182,3,3
70972,72,74,-2,2
70973,119,113,6,6
70974,56,67,-11,11
70975,110,108,2,2
70976,94,90,4,4
70977,79,85,-6,6
70978,50,48,2,2
70979,86,82,4,4
70980,73,72,1,1
70981,81,78,3,3
70982,68,77,-9,9
70983,69,75,-6,6
70984,135,121,14,14
70985,162,157,5,5
70986,107,106,1,1
70987,74,78,-4,4
70988,61,66,-5,5
70989,101,97,4,4
70990,70,68,2,2
70991,101,123,-22,22
70992,61,64,-3,3
70993,103,104,-1,1
70994,47,116,-69,69
70995,87,85,2,2
70996,73,74,-1,1
70997,100,96,4,4
70998,97,87,10,10
70999,75,78,-3,3
71000,77,73,4,4
71001,59,64,-5,5
71002,136,136,0,0
71003,44,39,5,5
71004,149,157,-8,8
71005,85,88,-3,3
71006,132,136,-4,4
71007,54,55,-1,1
71008,98,95,3,3
71009,102,108,-6,6
71010,122,117,5,5
71011,70,69,1,1
71012,121,138,-17,17
71013,86,83,3,3
71014,99,94,5,5
71015,71,67,4,4
71016,113,103,10,10
71017,100,107,-7,7
71018,61,57,4,4
71019,69,72,-3,3
71020,103,109,-6,6
71021,122,132,-10,10
71022,90,84,6,6
71023,113,105,8,8
71024,99,107,-8,8
71025,100,94,6,6
71026,77,85,-8,8
71027,84,81,3,3
71028,101,105,-4,4
71029,86,84,2,2
71030,43,42,1,1
71031,73,75,-2,2
71032,128,124,4,4
71033,81,72,9,9
71034,67,58,9,9
71035,137,126,11,11
71036,77,77,0,0
71037,52,60,-8,8
71038,103,109,-6,6
71039,107,113,-6,6
71040,101,96,5,5
71041,80,83,-3,3
71042,114,118,-4,4
71043,112,112,0,0
71044,118,108,10,10
71045,110,109,1,1
71046,88,89,-1,1
71047,63,92,-29,29
71048,125,126,-1,1
71049,126,117,9,9
71050,68,74,-6,6
71051,59,64,-5,5
71052,69,74,-5,5
71053,90,89,1,1
71054,108,119,-11,11
71055,80,82,-2,2
71056,63,67,-4,4
71057,52,47,5,5
71058,72,80,-8,8
71059,76,82,-6,6
71060,92,92,0,0
71061,133,154,-21,21
71062,65,69,-4,4
71063,69,68,1,1
71064,121,113,8,8
71065,92,84,8,8
71066,67,61,6,6
71067,134,131,3,3
71068,81,82,-1,1
71069,68,83,-15,15
71070,67,70,-3,3
71071,52,57,-5,5
71072,107,112,-5,5
71073,120,113,7,7
71074,133,131,2,2
71075,150,144,6,6
71076,124,140,-16,16
71077,86,91,-5,5
71078,29,27,2,2
71079,170,151,19,19
71080,88,87,1,1
71081,158,145,13,13
71082,58,61,-3,3
71083,129,128,1,1
71084,94,98,-4,4
71085,116,115,1,1
71086,159,152,7,7
71087,86,86,0,0
71088,174,170,4,4
71089,104,93,11,11
71090,90,84,6,6
71091,101,94,7,7
71092,107,100,7,7
71093,133,111,22,22
71094,70,66,4,4
71095,100,97,3,3
71096,174,165,9,9
71097,41,43,-2,2
71098,85,86,-1,1
71099,76,77,-1,1
71100,73,74,-1,1
71101,131,127,4,4
71102,83,77,6,6
71103,88,97,-9,9
71104,128,122,6,6
71105,86,86,0,0
71106,163,157,6,6
71107,104,107,-3,3
71108,50,47,3,3
71109,114,91,23,23
71110,108,117,-9,9
71111,72,79,-7,7
71112,63,66,-3,3
71113,51,52,-1,1
71114,94,90,4,4
71115,76,69,7,7
71116,39,35,4,4
71117,100,104,-4,4
71118,64,65,-1,1
71119,87,87,0,0
71120,112,109,3,3
71121,105,109,-4,4
71122,84,88,-4,4
71123,135,128,7,7
71124,66,62,4,4
71125,164,163,1,1
71126,53,57,-4,4
71127,131,124,7,7
71128,97,101,-4,4
71129,44,46,-2,2
71130,85,86,-1,1
71131,58,52,6,6
71132,105,115,-10,10
71133,51,46,5,5
71134,67,70,-3,3
71135,82,93,-11,11
71136,100,89,11,11
71137,154,145,9,9
71138,89,94,-5,5
71139,88,81,7,7
71140,104,93,11,11
71141,82,79,3,3
71142,97,92,5,5
71143,87,100,-13,13
71144,71,66,5,5
71145,87,92,-5,5
71146,71,78,-7,7
71147,168,161,7,7
71148,124,119,5,5
71149,75,59,16,16
71150,137,118,19,19
71151,131,120,11,11
71152,161,166,-5,5
71153,80,79,1,1
71154,109,105,4,4
71155,65,67,-2,2
71156,152,155,-3,3
71157,120,117,3,3
71158,116,121,-5,5
71159,82,101,-19,19
71160,214,195,19,19
71161,75,73,2,2
71162,95,76,19,19
71163,120,104,16,16
71164,126,123,3,3
71165,112,105,7,7
71166,115,125,-10,10
71167,94,87,7,7
71168,84,86,-2,2
71169,99,102,-3,3
71170,69,50,19,19
71171,62,64,-2,2
71172,106,107,-1,1
71173,110,102,8,8
71174,78,85,-7,7
71175,161,184,-23,23
71176,140,111,29,29
71177,83,102,-19,19
71178,110,99,11,11
71179,50,48,2,2
71180,160,145,15,15
71181,93,86,7,7
71182,161,156,5,5
71183,37,36,1,1
71184,58,57,1,1
71185,109,117,-8,8
71186,99,104,-5,5
71187,124,144,-20,20
71188,65,61,4,4
71189,113,114,-1,1
71190,114,122,-8,8
71191,127,114,13,13
71192,99,97,2,2
71193,83,79,4,4
71194,74,83,-9,9
71195,112,119,-7,7
71196,76,80,-4,4
71197,86,84,2,2
71198,59,65,-6,6
71199,185,158,27,27
71200,113,95,18,18
71201,90,100,-10,10
71202,60,77,-17,17
71203,136,122,14,14
71204,94,99,-5,5
71205,100,90,10,10
71206,93,89,4,4
71207,80,82,-2,2
71208,138,122,16,16
71209,123,116,7,7
71210,84,86,-2,2
71211,96,103,-7,7
71212,123,122,1,1
71213,46,103,-57,57
71214,54,51,3,3
71215,135,132,3,3
71216,135,98,37,37
71217,79,83,-4,4
71218,127,119,8,8
71219,75,82,-7,7
71220,43,41,2,2
71221,107,94,13,13
71222,86,79,7,7
71223,114,111,3,3
71224,56,47,9,9
71225,80,81,-1,1
71226,86,90,-4,4
71227,62,60,2,2
71228,78,71,7,7
71229,158,159,-1,1
71230,96,112,-16,16
71231,88,93,-5,5
71232,62,58,4,4
71233,116,107,9,9
71234,103,97,6,6
71235,108,116,-8,8
71236,96,101,-5,5
71237,65,67,-2,2
71238,64,69,-5,5
71239,136,126,10,10
71240,92,102,-10,10
71241,66,60,6,6
71242,106,108,-2,2
71243,168,157,11,11
71244,91,87,4,4
71245,90,97,-7,7
71246,83,90,-7,7
71247,198,172,26,26
71248,98,96,2,2
71249,116,103,13,13
71250,77,82,-5,5
71251,95,83,12,12
71252,113,110,3,3
71253,102,95,7,7
71254,54,52,2,2
71255,138,144,-6,6
71256,76,72,4,4
71257,58,60,-2,2
71258,74,77,-3,3
71259,93,93,0,0
71260,56,71,-15,15
71261,139,141,-2,2
71262,169,167,2,2
71263,131,134,-3,3
71264,64,50,14,14
71265,89,94,-5,5
71266,111,90,21,21
71267,149,151,-2,2
71268,86,78,8,8
71269,67,80,-13,13
71270,54,62,-8,8
71271,47,55,-8,8
71272,43,48,-5,5
71273,90,92,-2,2
71274,139,127,12,12
71275,62,64,-2,2
71276,67,76,-9,9
71277,75,87,-12,12
71278,87,88,-1,1
71279,82,79,3,3
71280,41,35,6,6
71281,86,96,-10,10
71282,151,142,9,9
71283,87,80,7,7
71284,107,112,-5,5
71285,67,67,0,0
71286,90,103,-13,13
71287,133,119,14,14
71288,42,42,0,0
71289,124,113,11,11
71290,66,64,2,2
71291,74,80,-6,6
71292,54,55,-1,1
71293,123,119,4,4
71294,137,132,5,5
71295,67,64,3,3
71296,113,125,-12,12
71297,103,94,9,9
71298,161,145,16,16
71299,114,103,11,11
71300,112,118,-6,6
71301,103,116,-13,13
71302,112,116,-4,4
71303,123,130,-7,7
71304,65,67,-2,2
71305,97,88,9,9
71306,68,59,9,9
71307,69,68,1,1
71308,69,72,-3,3
71309,143,131,12,12
71310,107,111,-4,4
71311,59,85,-26,26
71312,125,126,-1,1
71313,57,68,-11,11
71314,108,106,2,2
71315,86,87,-1,1
71316,98,89,9,9
71317,82,82,0,0
71318,87,119,-32,32
71319,65,69,-4,4
71320,96,95,1,1
71321,60,43,17,17
71322,77,80,-3,3
71323,81,85,-4,4
71324,147,134,13,13
71325,75,67,8,8
71326,75,72,3,3
71327,85,99,-14,14
71328,94,89,5,5
71329,158,152,6,6
71330,103,89,14,14
71331,125,118,7,7
71332,119,140,-21,21
71333,109,107,2,2
71334,64,61,3,3
71335,74,81,-7,7
71336,33,32,1,1
71337,104,100,4,4
71338,73,50,23,23
71339,148,125,23,23
71340,57,66,-9,9
71341,62,49,13,13
71342,143,138,5,5
71343,96,115,-19,19
71344,61,64,-3,3
71345,126,132,-6,6
71346,66,88,-22,22
71347,97,97,0,0
71348,58,61,-3,3
71349,85,87,-2,2
71350,207,218,-11,11
71351,114,113,1,1
71352,105,107,-2,2
71353,92,91,1,1
71354,80,81,-1,1
71355,97,75,22,22
71356,93,93,0,0
71357,55,53,2,2
71358,89,95,-6,6
71359,116,116,0,0
71360,98,102,-4,4
71361,79,78,1,1
71362,127,128,-1,1
71363,112,108,4,4
71364,131,114,17,17
71365,92,99,-7,7
71366,81,84,-3,3
71367,236,211,25,25
71368,110,126,-16,16
71369,66,68,-2,2
71370,100,106,-6,6
71371,98,101,-3,3
71372,118,111,7,7
71373,91,102,-11,11
71374,162,142,20,20
71375,77,74,3,3
71376,67,74,-7,7
71377,131,126,5,5
71378,103,107,-4,4
71379,57,63,-6,6
71380,93,78,15,15
71381,72,80,-8,8
71382,67,55,12,12
71383,49,61,-12,12
71384,72,72,0,0
71385,56,54,2,2
71386,154,188,-34,34
71387,72,75,-3,3
71388,44,53,-9,9
71389,97,103,-6,6
71390,173,142,31,31
71391,151,144,7,7
71392,92,88,4,4
71393,41,63,-22,22
71394,101,110,-9,9
71395,151,136,15,15
71396,112,101,11,11
71397,82,88,-6,6
71398,147,134,13,13
71399,104,86,18,18
71400,156,151,5,5
71401,69,65,4,4
71402,88,96,-8,8
71403,49,60,-11,11
71404,72,77,-5,5
71405,87,83,4,4
71406,83,85,-2,2
71407,78,73,5,5
71408,109,120,-11,11
71409,118,129,-11,11
71410,146,208,-62,62
71411,95,91,4,4
71412,139,131,8,8
71413,112,123,-11,11
71414,74,84,-10,10
71415,101,112,-11,11
71416,69,72,-3,3
71417,60,64,-4,4
71418,52,49,3,3
71419,70,72,-2,2
71420,52,51,1,1
71421,93,95,-2,2
71422,75,79,-4,4
71423,50,47,3,3
71424,64,70,-6,6
71425,167,136,31,31
71426,59,64,-5,5
71427,117,114,3,3
71428,97,97,0,0
71429,93,106,-13,13
71430,70,76,-6,6
71431,91,79,12,12
71432,52,55,-3,3
71433,97,111,-14,14
71434,66,60,6,6
71435,91,88,3,3
71436,72,119,-47,47
71437,113,116,-3,3
71438,91,91,0,0
71439,50,61,-11,11
71440,85,101,-16,16
71441,167,169,-2,2
71442,78,76,2,2
71443,149,140,9,9
71444,102,94,8,8
71445,116,119,-3,3
71446,69,78,-9,9
71447,63,65,-2,2
71448,108,115,-7,7
71449,81,80,1,1
71450,82,85,-3,3
71451,113,115,-2,2
71452,83,83,0,0
71453,97,89,8,8
71454,78,96,-18,18
71455,102,107,-5,5
71456,109,117,-8,8
71457,64,60,4,4
71458,98,95,3,3
71459,156,141,15,15
71460,126,129,-3,3
71461,90,89,1,1
71462,122,119,3,3
71463,67,72,-5,5
71464,60,59,1,1
71465,60,69,-9,9
71466,73,74,-1,1
71467,135,146,-11,11
71468,116,115,1,1
71469,92,97,-5,5
71470,116,120,-4,4
71471,76,76,0,0
71472,137,124,13,13
71473,38,52,-14,14
71474,212,196,16,16
71475,115,113,2,2
71476,170,153,17,17
71477,140,154,-14,14
71478,194,159,35,35
71479,119,119,0,0
71480,46,52,-6,6
71481,67,73,-6,6
71482,114,113,1,1
71483,107,130,-23,23
71484,83,106,-23,23
71485,103,96,7,7
71486,75,89,-14,14
71487,117,149,-32,32
71488,59,55,4,4
71489,68,96,-28,28
71490,117,124,-7,7
71491,142,142,0,0
71492,50,50,0,0
71493,72,79,-7,7
71494,114,129,-15,15
71495,161,158,3,3
71496,104,105,-1,1
71497,241,214,27,27
71498,72,82,-10,10
71499,89,93,-4,4
71500,76,80,-4,4
71501,97,101,-4,4
71502,93,87,6,6
71503,73,65,8,8
71504,67,61,6,6
71505,89,92,-3,3
71506,91,91,0,0
71507,112,114,-2,2
71508,156,151,5,5
71509,59,66,-7,7
71510,71,79,-8,8
71511,35,41,-6,6
71512,60,61,-1,1
71513,151,155,-4,4
71514,83,88,-5,5
71515,114,114,0,0
71516,66,62,4,4
71517,68,76,-8,8
71518,128,136,-8,8
71519,168,134,34,34
71520,84,85,-1,1
71521,87,95,-8,8
71522,94,93,1,1
71523,44,44,0,0
71524,93,98,-5,5
71525,135,128,7,7
71526,80,73,7,7
71527,105,97,8,8
71528,86,91,-5,5
71529,115,108,7,7
71530,183,167,16,16
71531,120,116,4,4
71532,25,27,-2,2
71533,53,56,-3,3
71534,131,116,15,15
71535,164,154,10,10
71536,74,78,-4,4
71537,125,125,0,0
71538,91,97,-6,6
71539,106,95,11,11
71540,95,91,4,4
71541,75,70,5,5
71542,114,109,5,5
71543,70,62,8,8
71544,89,85,4,4
71545,37,15,22,22
71546,90,89,1,1
71547,60,40,20,20
71548,106,107,-1,1
71549,59,68,-9,9
71550,114,126,-12,12
71551,69,66,3,3
71552,96,105,-9,9
71553,90,77,13,13
71554,132,138,-6,6
71555,117,121,-4,4
71556,78,83,-5,5
71557,63,64,-1,1
71558,96,104,-8,8
71559,132,114,18,18
71560,83,82,1,1
71561,114,116,-2,2
71562,109,101,8,8
71563,97,89,8,8
71564,81,82,-1,1
71565,95,95,0,0
71566,82,86,-4,4
71567,127,136,-9,9
71568,108,104,4,4
71569,91,108,-17,17
71570,87,83,4,4
71571,92,93,-1,1
71572,165,180,-15,15
71573,85,89,-4,4
71574,50,56,-6,6
71575,62,60,2,2
71576,97,96,1,1
71577,87,89,-2,2
71578,66,66,0,0
71579,76,73,3,3
71580,75,79,-4,4
71581,172,166,6,6
71582,45,49,-4,4
71583,86,86,0,0
71584,73,90,-17,17
71585,189,165,24,24
71586,65,72,-7,7
71587,76,75,1,1
71588,95,96,-1,1
71589,95,85,10,10
71590,87,84,3,3
71591,108,114,-6,6
71592,91,82,9,9
71593,69,84,-15,15
71594,141,153,-12,12
71595,75,74,1,1
71596,82,94,-12,12
71597,55,53,2,2
71598,55,63,-8,8
71599,121,112,9,9
71600,55,50,5,5
71601,131,121,10,10
71602,111,106,5,5
71603,52,62,-10,10
71604,141,137,4,4
71605,82,89,-7,7
71606,49,56,-7,7
71607,67,77,-10,10
71608,65,65,0,0
71609,116,119,-3,3
71610,112,109,3,3
71611,117,115,2,2
71612,137,140,-3,3
71613,95,98,-3,3
71614,59,66,-7,7
71615,84,90,-6,6
71616,89,81,8,8
71617,137,141,-4,4
71618,194,182,12,12
71619,144,150,-6,6
71620,106,96,10,10
71621,122,108,14,14
71622,67,76,-9,9
71623,104,108,-4,4
71624,114,120,-6,6
71625,84,88,-4,4
71626,49,69,-20,20
71627,232,203,29,29
71628,79,78,1,1
71629,101,105,-4,4
71630,105,108,-3,3
71631,104,105,-1,1
71632,221,191,30,30
71633,124,113,11,11
71634,154,141,13,13
71635,110,111,-1,1
71636,75,80,-5,5
71637,175,157,18,18
71638,162,159,3,3
71639,169,156,13,13
71640,82,83,-1,1
71641,69,65,4,4
71642,63,65,-2,2
71643,101,110,-9,9
71644,59,62,-3,3
71645,123,132,-9,9
71646,105,107,-2,2
71647,99,88,11,11
71648,58,65,-7,7
71649,103,98,5,5
71650,77,86,-9,9
71651,64,63,1,1
71652,49,51,-2,2
71653,96,97,-1,1
71654,78,83,-5,5
71655,124,130,-6,6
71656,66,86,-20,20
71657,163,155,8,8
71658,140,173,-33,33
71659,77,79,-2,2
71660,55,70,-15,15
71661,64,57,7,7
71662,73,93,-20,20
71663,86,91,-5,5
71664,87,93,-6,6
71665,80,86,-6,6
71666,74,83,-9,9
71667,69,64,5,5
71668,118,120,-2,2
71669,74,83,-9,9
71670,162,154,8,8
71671,63,68,-5,5
71672,88,90,-2,2
71673,105,116,-11,11
71674,70,50,20,20
71675,86,91,-5,5
71676,82,81,1,1
71677,181,182,-1,1
71678,60,62,-2,2
71679,139,143,-4,4
71680,45,37,8,8
71681,84,83,1,1
71682,87,86,1,1
71683,94,83,11,11
71684,94,101,-7,7
71685,102,119,-17,17
71686,82,82,0,0
71687,102,86,16,16
71688,51,54,-3,3
71689,91,92,-1,1
71690,92,95,-3,3
71691,119,118,1,1
71692,98,104,-6,6
71693,92,91,1,1
71694,144,142,2,2
71695,117,124,-7,7
71696,61,65,-4,4
71697,55,51,4,4
71698,89,84,5,5
71699,83,85,-2,2
71700,122,115,7,7
71701,101,100,1,1
71702,71,75,-4,4
71703,183,183,0,0
71704,79,88,-9,9
71705,68,88,-20,20
71706,124,121,3,3
71707,96,97,-1,1
71708,82,86,-4,4
71709,99,107,-8,8
71710,145,129,16,16
71711,143,140,3,3
71712,131,132,-1,1
71713,83,77,6,6
71714,118,137,-19,19
71715,65,69,-4,4
71716,52,57,-5,5
71717,78,78,0,0
71718,76,77,-1,1
71719,142,137,5,5
71720,90,79,11,11
71721,64,51,13,13
71722,70,64,6,6
71723,81,95,-14,14
71724,155,150,5,5
71725,94,114,-20,20
71726,64,65,-1,1
71727,83,76,7,7
71728,112,115,-3,3
71729,112,98,14,14
71730,132,127,5,5
71731,84,81,3,3
71732,63,67,-4,4
71733,78,81,-3,3
71734,143,140,3,3
71735,71,78,-7,7
71736,94,90,4,4
71737,75,72,3,3
71738,54,65,-11,11
71739,81,69,12,12
71740,72,75,-3,3
71741,95,94,1,1
71742,136,128,8,8
71743,89,90,-1,1
71744,66,73,-7,7
71745,95,87,8,8
71746,85,88,-3,3
71747,114,115,-1,1
71748,70,58,12,12
71749,70,65,5,5
71750,115,114,1,1
71751,139,140,-1,1
71752,104,94,10,10
71753,65,72,-7,7
71754,145,134,11,11
71755,108,103,5,5
71756,81,81,0,0
71757,85,80,5,5
71758,59,69,-10,10
71759,146,151,-5,5
71760,89,98,-9,9
71761,94,90,4,4
71762,82,81,1,1
71763,58,64,-6,6
71764,78,76,2,2
71765,92,86,6,6
71766,65,64,1,1
71767,100,96,4,4
71768,126,127,-1,1
71769,115,108,7,7
71770,64,55,9,9
71771,67,75,-8,8
71772,114,113,1,1
71773,73,71,2,2
71774,86,85,1,1
71775,92,73,19,19
71776,393,386,7,7
71777,121,139,-18,18
71778,77,89,-12,12
71779,106,95,11,11
71780,81,85,-4,4
71781,99,72,27,27
71782,150,150,0,0
71783,98,99,-1,1
71784,107,120,-13,13
71785,59,54,5,5
71786,53,43,10,10
71787,99,96,3,3
71788,138,134,4,4
71789,58,67,-9,9
71790,85,89,-4,4
71791,129,127,2,2
71792,60,55,5,5
71793,67,66,1,1
71794,107,100,7,7
71795,42,41,1,1
71796,73,75,-2,2
71797,81,88,-7,7
71798,154,144,10,10
71799,84,81,3,3
71800,67,66,1,1
71801,62,58,4,4
71802,93,87,6,6
71803,119,111,8,8
71804,112,109,3,3
71805,146,143,3,3
71806,45,42,3,3
71807,127,122,5,5
71808,87,88,-1,1
71809,122,120,2,2
71810,83,80,3,3
71811,116,110,6,6
71812,95,100,-5,5
71813,101,107,-6,6
71814,132,146,-14,14
71815,116,110,6,6
71816,79,72,7,7
71817,94,105,-11,11
71818,131,124,7,7
71819,61,65,-4,4
71820,66,71,-5,5
71821,78,82,-4,4
71822,145,162,-17,17
71823,166,177,-11,11
71824,88,91,-3,3
71825,99,92,7,7
71826,85,91,-6,6
71827,62,67,-5,5
71828,85,94,-9,9
71829,103,108,-5,5
71830,123,136,-13,13
71831,43,46,-3,3
71832,89,103,-14,14
71833,61,65,-4,4
71834,65,66,-1,1
71835,81,79,2,2
71836,77,70,7,7
71837,118,118,0,0
71838,53,50,3,3
71839,90,84,6,6
71840,101,116,-15,15
71841,88,92,-4,4
71842,136,141,-5,5
71843,142,143,-1,1
71844,79,75,4,4
71845,124,133,-9,9
71846,69,72,-3,3
71847,55,55,0,0
71848,84,85,-1,1
71849,34,28,6,6
71850,86,80,6,6
71851,67,66,1,1
71852,234,202,32,32
71853,175,171,4,4
71854,50,51,-1,1
71855,75,67,8,8
71856,61,59,2,2
71857,103,99,4,4
71858,59,52,7,7
71859,83,99,-16,16
71860,50,50,0,0
71861,89,93,-4,4
71862,65,72,-7,7
71863,140,130,10,10
71864,158,154,4,4
71865,113,98,15,15
71866,118,131,-13,13
71867,172,152,20,20
71868,119,126,-7,7
71869,106,111,-5,5
71870,146,148,-2,2
71871,72,70,2,2
71872,84,81,3,3
71873,78,78,0,0
71874,58,56,2,2
71875,85,76,9,9
71876,137,137,0,0
71877,86,116,-30,30
71878,78,82,-4,4
71879,88,85,3,3
71880,108,117,-9,9
71881,104,95,9,9
71882,77,83,-6,6
71883,101,113,-12,12
71884,109,127,-18,18
71885,84,83,1,1
71886,70,71,-1,1
71887,134,138,-4,4
71888,51,47,4,4
71889,128,129,-1,1
71890,103,117,-14,14
71891,76,80,-4,4
71892,101,115,-14,14
71893,92,92,0,0
71894,72,81,-9,9
71895,68,79,-11,11
71896,84,90,-6,6
71897,88,86,2,2
71898,119,130,-11,11
71899,56,45,11,11
71900,31,36,-5,5
71901,91,96,-5,5
71902,163,155,8,8
71903,124,117,7,7
71904,71,61,10,10
71905,101,107,-6,6
71906,112,132,-20,20
71907,103,99,4,4
71908,74,70,4,4
71909,57,58,-1,1
71910,137,131,6,6
71911,124,112,12,12
71912,77,90,-13,13
71913,83,81,2,2
71914,66,80,-14,14
71915,110,104,6,6
71916,65,68,-3,3
71917,98,112,-14,14
71918,87,83,4,4
71919,90,82,8,8
71920,140,129,11,11
71921,116,111,5,5
71922,128,121,7,7
71923,73,67,6,6
71924,155,175,-20,20
71925,96,104,-8,8
71926,115,124,-9,9
71927,63,66,-3,3
71928,57,51,6,6
71929,113,120,-7,7
71930,104,94,10,10
71931,53,55,-2,2
71932,62,54,8,8
71933,53,61,-8,8
71934,71,67,4,4
71935,76,77,-1,1
71936,117,116,1,1
71937,57,67,-10,10
71938,79,73,6,6
71939,69,86,-17,17
71940,78,73,5,5
71941,40,55,-15,15
71942,58,69,-11,11
71943,105,101,4,4
71944,87,105,-18,18
71945,118,101,17,17
71946,101,114,-13,13
71947,32,26,6,6
71948,75,75,0,0
71949,112,111,1,1
71950,112,109,3,3
71951,124,132,-8,8
71952,68,70,-2,2
71953,72,69,3,3
71954,52,50,2,2
71955,84,81,3,3
71956,78,79,-1,1
71957,106,106,0,0
71958,126,134,-8,8
71959,103,105,-2,2
71960,110,72,38,38
71961,91,86,5,5
71962,149,141,8,8
71963,55,56,-1,1
71964,113,108,5,5
71965,72,70,2,2
71966,79,85,-6,6
71967,125,128,-3,3
71968,126,119,7,7
71969,156,163,-7,7
71970,69,69,0,0
71971,59,50,9,9
71972,92,115,-23,23
71973,65,64,1,1
71974,94,97,-3,3
71975,76,98,-22,22
71976,145,136,9,9
71977,141,138,3,3
71978,71,77,-6,6
71979,91,91,0,0
71980,56,67,-11,11
71981,107,116,-9,9
71982,73,71,2,2
71983,120,135,-15,15
71984,109,56,53,53
71985,125,119,6,6
71986,80,90,-10,10
71987,55,54,1,1
71988,92,97,-5,5
71989,125,118,7,7
71990,74,76,-2,2
71991,65,75,-10,10
71992,85,87,-2,2
71993,41,45,-4,4
71994,73,83,-10,10
71995,133,115,18,18
71996,48,49,-1,1
71997,81,80,1,1
71998,109,122,-13,13
71999,98,99,-1,1
72000,123,125,-2,2
72001,103,114,-11,11
72002,79,81,-2,2
72003,60,69,-9,9
72004,93,95,-2,2
72005,162,137,25,25
72006,121,115,6,6
72007,113,114,-1,1
72008,64,68,-4,4
72009,61,66,-5,5
72010,110,107,3,3
72011,106,100,6,6
72012,111,103,8,8
72013,72,81,-9,9
72014,50,40,10,10
72015,58,42,16,16
72016,112,127,-15,15
72017,86,101,-15,15
72018,77,76,1,1
72019,116,117,-1,1
72020,77,82,-5,5
72021,156,143,13,13
72022,94,96,-2,2
72023,152,148,4,4
72024,153,150,3,3
72025,91,99,-8,8
72026,114,113,1,1
72027,54,58,-4,4
72028,68,61,7,7
72029,108,127,-19,19
72030,144,135,9,9
72031,122,114,8,8
72032,94,100,-6,6
72033,100,93,7,7
72034,63,68,-5,5
72035,109,99,10,10
72036,92,92,0,0
72037,104,97,7,7
72038,80,70,10,10
72039,83,87,-4,4
72040,115,124,-9,9
72041,149,152,-3,3
72042,111,111,0,0
72043,64,73,-9,9
72044,117,112,5,5
72045,68,72,-4,4
72046,98,87,11,11
72047,58,58,0,0
72048,109,106,3,3
72049,84,85,-1,1
72050,59,65,-6,6
72051,122,98,24,24
72052,67,65,2,2
72053,74,68,6,6
72054,65,73,-8,8
72055,95,90,5,5
72056,90,93,-3,3
72057,71,74,-3,3
72058,46,45,1,1
72059,37,53,-16,16
72060,128,124,4,4
72061,110,109,1,1
72062,98,105,-7,7
72063,55,51,4,4
72064,118,112,6,6
72065,28,32,-4,4
72066,164,158,6,6
72067,97,99,-2,2
72068,149,134,15,15
72069,100,90,10,10
72070,102,113,-11,11
72071,99,102,-3,3
72072,170,152,18,18
72073,124,137,-13,13
72074,109,118,-9,9
72075,146,144,2,2
72076,170,171,-1,1
72077,85,68,17,17
72078,106,103,3,3
72079,96,96,0,0
72080,105,103,2,2
72081,116,103,13,13
72082,61,66,-5,5
72083,114,114,0,0
72084,105,98,7,7
72085,163,179,-16,16
72086,50,50,0,0
72087,141,124,17,17
72088,79,84,-5,5
72089,129,123,6,6
72090,82,80,2,2
72091,61,56,5,5
72092,69,72,-3,3
72093,62,76,-14,14
72094,93,100,-7,7
72095,92,104,-12,12
72096,91,103,-12,12
72097,45,46,-1,1
72098,167,155,12,12
72099,71,72,-1,1
72100,43,48,-5,5
72101,122,127,-5,5
72102,73,68,5,5
72103,99,92,7,7
72104,82,83,-1,1
72105,119,108,11,11
72106,135,118,17,17
72107,46,45,1,1
72108,102,100,2,2
72109,66,61,5,5
72110,159,168,-9,9
72111,93,101,-8,8
72112,93,81,12,12
72113,71,75,-4,4
72114,106,91,15,15
72115,99,87,12,12
72116,145,158,-13,13
72117,102,122,-20,20
72118,146,146,0,0
72119,129,123,6,6
72120,105,108,-3,3
72121,119,112,7,7
72122,49,51,-2,2
72123,114,113,1,1
72124,137,139,-2,2
72125,84,83,1,1
72126,63,66,-3,3
72127,120,114,6,6
72128,63,59,4,4
72129,153,137,16,16
72130,73,81,-8,8
72131,110,109,1,1
72132,178,162,16,16
72133,73,112,-39,39
72134,80,59,21,21
72135,98,99,-1,1
72136,122,125,-3,3
72137,122,118,4,4
72138,95,94,1,1
72139,100,104,-4,4
72140,107,110,-3,3
72141,86,75,11,11
72142,62,60,2,2
72143,77,79,-2,2
72144,49,51,-2,2
72145,68,73,-5,5
72146,25,29,-4,4
72147,83,82,1,1
72148,54,43,11,11
72149,122,128,-6,6
72150,115,113,2,2
72151,92,81,11,11
72152,120,137,-17,17
72153,161,149,12,12
72154,100,76,24,24
72155,127,131,-4,4
72156,56,59,-3,3
72157,120,123,-3,3
72158,319,300,19,19
72159,161,150,11,11
72160,120,112,8,8
72161,119,105,14,14
72162,119,106,13,13
72163,155,137,18,18
72164,90,103,-13,13
72165,43,50,-7,7
72166,67,62,5,5
72167,75,65,10,10
72168,86,90,-4,4
72169,107,109,-2,2
72170,109,112,-3,3
72171,105,110,-5,5
72172,120,132,-12,12
72173,57,65,-8,8
72174,81,87,-6,6
72175,114,106,8,8
72176,101,96,5,5
72177,104,99,5,5
72178,105,97,8,8
72179,93,97,-4,4
72180,117,134,-17,17
72181,93,86,7,7
72182,60,63,-3,3
72183,81,72,9,9
72184,96,95,1,1
72185,99,98,1,1
72186,88,88,0,0
72187,113,116,-3,3
72188,91,106,-15,15
72189,142,136,6,6
72190,95,95,0,0
72191,79,86,-7,7
72192,80,93,-13,13
72193,54,56,-2,2
72194,124,120,4,4
72195,86,90,-4,4
72196,154,134,20,20
72197,77,81,-4,4
72198,129,116,13,13
72199,196,173,23,23
72200,78,79,-1,1
72201,63,68,-5,5
72202,176,160,16,16
72203,102,103,-1,1
72204,102,108,-6,6
72205,92,89,3,3
72206,145,138,7,7
72207,64,64,0,0
72208,100,93,7,7
72209,96,116,-20,20
72210,96,83,13,13
72211,51,51,0,0
72212,61,70,-9,9
72213,129,136,-7,7
72214,196,179,17,17
72215,61,59,2,2
72216,86,94,-8,8
72217,69,76,-7,7
72218,121,119,2,2
72219,87,96,-9,9
72220,105,98,7,7
72221,67,84,-17,17
72222,71,85,-14,14
72223,165,151,14,14
72224,132,125,7,7
72225,171,161,10,10
72226,81,77,4,4
72227,142,139,3,3
72228,75,78,-3,3
72229,102,96,6,6
72230,86,90,-4,4
72231,136,136,0,0
72232,63,59,4,4
72233,122,127,-5,5
72234,89,100,-11,11
72235,97,106,-9,9
72236,67,69,-2,2
72237,105,97,8,8
72238,64,65,-1,1
72239,85,101,-16,16
72240,99,107,-8,8
72241,80,53,27,27
72242,115,102,13,13
72243,65,70,-5,5
72244,104,106,-2,2
72245,115,136,-21,21
72246,147,143,4,4
72247,105,105,0,0
72248,141,129,12,12
72249,163,166,-3,3
72250,129,123,6,6
72251,90,93,-3,3
72252,73,66,7,7
72253,101,94,7,7
72254,103,109,-6,6
72255,53,64,-11,11
72256,67,74,-7,7
72257,78,79,-1,1
72258,75,71,4,4
72259,76,75,1,1
72260,105,108,-3,3
72261,103,98,5,5
72262,108,114,-6,6
72263,154,141,13,13
72264,84,94,-10,10
72265,125,123,2,2
72266,71,70,1,1
72267,84,89,-5,5
72268,81,85,-4,4
72269,95,103,-8,8
72270,249,210,39,39
72271,101,103,-2,2
72272,69,73,-4,4
72273,109,114,-5,5
72274,76,77,-1,1
72275,92,94,-2,2
72276,56,63,-7,7
72277,85,92,-7,7
72278,51,58,-7,7
72279,117,105,12,12
72280,74,78,-4,4
72281,184,162,22,22
72282,82,96,-14,14
72283,93,103,-10,10
72284,87,82,5,5
72285,56,55,1,1
72286,65,63,2,2
72287,95,87,8,8
72288,112,120,-8,8
72289,110,113,-3,3
72290,137,146,-9,9
72291,73,67,6,6
72292,128,127,1,1
72293,99,92,7,7
72294,133,124,9,9
72295,109,108,1,1
72296,74,88,-14,14
72297,99,90,9,9
72298,23,27,-4,4
72299,87,92,-5,5
72300,175,167,8,8
72301,71,75,-4,4
72302,64,69,-5,5
72303,74,83,-9,9
72304,127,130,-3,3
72305,136,133,3,3
72306,114,114,0,0
72307,143,139,4,4
72308,115,119,-4,4
72309,83,92,-9,9
72310,118,121,-3,3
72311,64,65,-1,1
72312,94,103,-9,9
72313,69,64,5,5
72314,142,143,-1,1
72315,75,72,3,3
72316,58,49,9,9
72317,19,26,-7,7
72318,83,90,-7,7
72319,59,65,-6,6
72320,99,99,0,0
72321,69,84,-15,15
72322,95,88,7,7
72323,248,208,40,40
72324,129,120,9,9
72325,45,43,2,2
72326,129,135,-6,6
72327,99,102,-3,3
72328,98,100,-2,2
72329,115,124,-9,9
72330,136,132,4,4
72331,111,103,8,8
72332,98,110,-12,12
72333,85,95,-10,10
72334,141,136,5,5
72335,94,109,-15,15
72336,94,94,0,0
72337,112,120,-8,8
72338,107,117,-10,10
72339,127,127,0,0
72340,113,111,2,2
72341,131,110,21,21
72342,69,69,0,0
72343,51,56,-5,5
72344,148,135,13,13
72345,79,69,10,10
72346,108,111,-3,3
72347,105,113,-8,8
72348,82,104,-22,22
72349,152,165,-13,13
72350,77,82,-5,5
72351,96,108,-12,12
72352,118,141,-23,23
72353,176,183,-7,7
72354,161,170,-9,9
72355,74,75,-1,1
72356,89,80,9,9
72357,126,140,-14,14
72358,105,114,-9,9
72359,102,101,1,1
72360,74,82,-8,8
72361,122,119,3,3
72362,80,87,-7,7
72363,75,74,1,1
72364,148,146,2,2
72365,129,127,2,2
72366,68,59,9,9
72367,74,91,-17,17
72368,96,88,8,8
72369,88,88,0,0
72370,53,67,-14,14
72371,79,82,-3,3
72372,78,76,2,2
72373,69,76,-7,7
72374,134,116,18,18
72375,77,78,-1,1
72376,144,119,25,25
72377,102,103,-1,1
72378,112,130,-18,18
72379,122,116,6,6
72380,87,88,-1,1
72381,111,113,-2,2
72382,102,76,26,26
72383,73,80,-7,7
72384,86,87,-1,1
72385,74,69,5,5
72386,132,116,16,16
72387,128,134,-6,6
72388,130,126,4,4
72389,62,61,1,1
72390,44,51,-7,7
72391,78,79,-1,1
72392,95,93,2,2
72393,95,79,16,16
72394,116,118,-2,2
72395,80,83,-3,3
72396,57,62,-5,5
72397,84,95,-11,11
72398,122,106,16,16
72399,115,112,3,3
72400,185,171,14,14
72401,144,133,11,11
72402,54,56,-2,2
72403,125,125,0,0
72404,107,124,-17,17
72405,140,153,-13,13
72406,59,62,-3,3
72407,64,66,-2,2
72408,83,82,1,1
72409,56,59,-3,3
72410,79,70,9,9
72411,58,58,0,0
72412,92,99,-7,7
72413,138,143,-5,5
72414,110,97,13,13
72415,197,167,30,30
72416,102,99,3,3
72417,75,74,1,1
72418,127,124,3,3
72419,95,105,-10,10
72420,64,58,6,6
72421,68,73,-5,5
72422,174,161,13,13
72423,61,61,0,0
72424,74,68,6,6
72425,106,110,-4,4
72426,60,66,-6,6
72427,73,88,-15,15
72428,92,91,1,1
72429,189,151,38,38
72430,99,97,2,2
72431,147,149,-2,2
72432,120,119,1,1
72433,75,80,-5,5
72434,57,58,-1,1
72435,56,46,10,10
72436,73,74,-1,1
72437,67,65,2,2
72438,176,154,22,22
72439,131,133,-2,2
72440,101,94,7,7
72441,77,73,4,4
72442,90,114,-24,24
72443,106,116,-10,10
72444,120,123,-3,3
72445,82,80,2,2
72446,117,119,-2,2
72447,57,62,-5,5
72448,57,64,-7,7
72449,104,101,3,3
72450,85,72,13,13
72451,112,121,-9,9
72452,89,92,-3,3
72453,88,100,-12,12
72454,87,81,6,6
72455,103,117,-14,14
72456,151,137,14,14
72457,92,102,-10,10
72458,98,91,7,7
72459,63,84,-21,21
72460,88,97,-9,9
72461,85,83,2,2
72462,29,24,5,5
72463,88,94,-6,6
72464,105,120,-15,15
72465,108,113,-5,5
72466,69,45,24,24
72467,100,103,-3,3
72468,67,73,-6,6
72469,78,70,8,8
72470,97,104,-7,7
72471,84,76,8,8
72472,57,64,-7,7
72473,124,117,7,7
72474,117,114,3,3
72475,101,89,12,12
72476,104,109,-5,5
72477,97,109,-12,12
72478,69,68,1,1
72479,105,110,-5,5
72480,78,90,-12,12
72481,75,75,0,0
72482,67,56,11,11
72483,182,159,23,23
72484,49,62,-13,13
72485,89,96,-7,7
72486,72,69,3,3
72487,97,98,-1,1
72488,72,71,1,1
72489,66,68,-2,2
72490,118,129,-11,11
72491,49,56,-7,7
72492,87,74,13,13
72493,157,139,18,18
72494,63,70,-7,7
72495,69,71,-2,2
72496,163,167,-4,4
72497,221,207,14,14
72498,60,65,-5,5
72499,97,102,-5,5
72500,64,61,3,3
72501,87,103,-16,16
72502,101,108,-7,7
72503,96,89,7,7
72504,111,138,-27,27
72505,67,76,-9,9
72506,112,113,-1,1
72507,92,95,-3,3
72508,90,104,-14,14
72509,127,132,-5,5
72510,62,65,-3,3
72511,82,89,-7,7
72512,131,114,17,17
72513,66,65,1,1
72514,122,129,-7,7
72515,80,94,-14,14
72516,83,88,-5,5
72517,71,80,-9,9
72518,76,74,2,2
72519,130,141,-11,11
72520,72,66,6,6
72521,51,54,-3,3
72522,114,122,-8,8
72523,62,69,-7,7
72524,46,39,7,7
72525,58,68,-10,10
72526,84,92,-8,8
72527,69,74,-5,5
72528,59,109,-50,50
72529,65,68,-3,3
72530,175,173,2,2
72531,135,128,7,7
72532,106,109,-3,3
72533,72,87,-15,15
72534,124,119,5,5
72535,126,123,3,3
72536,120,125,-5,5
72537,92,90,2,2
72538,68,68,0,0
72539,109,104,5,5
72540,74,85,-11,11
72541,61,64,-3,3
72542,96,97,-1,1
72543,115,128,-13,13
72544,88,99,-11,11
72545,112,113,-1,1
72546,182,167,15,15
72547,156,151,5,5
72548,156,147,9,9
72549,103,90,13,13
72550,89,86,3,3
72551,114,101,13,13
72552,106,91,15,15
72553,85,80,5,5
72554,107,108,-1,1
72555,75,69,6,6
72556,84,87,-3,3
72557,120,123,-3,3
72558,95,82,13,13
72559,48,34,14,14
72560,65,60,5,5
72561,59,69,-10,10
72562,85,84,1,1
72563,125,120,5,5
72564,89,82,7,7
72565,92,84,8,8
72566,131,129,2,2
72567,83,80,3,3
72568,81,73,8,8
72569,82,76,6,6
72570,66,65,1,1
72571,126,132,-6,6
72572,167,155,12,12
72573,103,116,-13,13
72574,119,105,14,14
72575,133,132,1,1
72576,138,142,-4,4
72577,136,124,12,12
72578,57,62,-5,5
72579,111,105,6,6
72580,75,77,-2,2
72581,64,66,-2,2
72582,111,120,-9,9
72583,126,129,-3,3
72584,147,142,5,5
72585,188,162,26,26
72586,123,53,70,70
72587,87,98,-11,11
72588,77,79,-2,2
72589,82,84,-2,2
72590,83,91,-8,8
72591,69,77,-8,8
72592,136,141,-5,5
72593,53,61,-8,8
72594,81,79,2,2
72595,124,124,0,0
72596,111,103,8,8
72597,120,113,7,7
72598,66,76,-10,10
72599,68,63,5,5
72600,147,144,3,3
72601,193,173,20,20
72602,62,64,-2,2
72603,113,116,-3,3
72604,83,91,-8,8
72605,114,112,2,2
72606,138,144,-6,6
72607,63,71,-8,8
72608,153,139,14,14
72609,75,81,-6,6
72610,104,105,-1,1
72611,138,166,-28,28
72612,86,75,11,11
72613,85,90,-5,5
72614,132,133,-1,1
72615,86,93,-7,7
72616,60,62,-2,2
72617,119,114,5,5
72618,233,207,26,26
72619,125,127,-2,2
72620,128,126,2,2
72621,135,138,-3,3
72622,92,89,3,3
72623,134,133,1,1
72624,108,105,3,3
72625,154,137,17,17
72626,149,155,-6,6
72627,112,106,6,6
72628,117,112,5,5
72629,158,148,10,10
72630,83,84,-1,1
72631,92,94,-2,2
72632,80,79,1,1
72633,86,91,-5,5
72634,23,23,0,0
72635,90,95,-5,5
72636,129,132,-3,3
72637,122,125,-3,3
72638,49,53,-4,4
72639,58,62,-4,4
72640,115,111,4,4
72641,92,97,-5,5
72642,146,161,-15,15
72643,69,95,-26,26
72644,107,118,-11,11
72645,152,140,12,12
72646,106,90,16,16
72647,78,82,-4,4
72648,122,113,9,9
72649,97,113,-16,16
72650,62,67,-5,5
72651,125,136,-11,11
72652,172,164,8,8
72653,73,74,-1,1
72654,88,84,4,4
72655,69,73,-4,4
72656,72,66,6,6
72657,87,93,-6,6
72658,53,58,-5,5
72659,65,68,-3,3
72660,117,106,11,11
72661,105,113,-8,8
72662,168,153,15,15
72663,83,100,-17,17
72664,65,71,-6,6
72665,108,105,3,3
72666,45,51,-6,6
72667,123,118,5,5
72668,62,67,-5,5
72669,69,79,-10,10
72670,65,68,-3,3
72671,88,102,-14,14
72672,70,71,-1,1
72673,115,114,1,1
72674,68,59,9,9
72675,109,112,-3,3
72676,117,131,-14,14
72677,68,70,-2,2
72678,93,94,-1,1
72679,76,66,10,10
72680,147,137,10,10
72681,124,121,3,3
72682,146,157,-11,11
72683,104,114,-10,10
72684,85,91,-6,6
72685,107,103,4,4
72686,131,107,24,24
72687,71,71,0,0
72688,78,73,5,5
72689,69,74,-5,5
72690,124,128,-4,4
72691,101,101,0,0
72692,64,65,-1,1
72693,69,69,0,0
72694,60,60,0,0
72695,97,102,-5,5
72696,78,77,1,1
72697,106,134,-28,28
72698,102,89,13,13
72699,102,98,4,4
72700,135,133,2,2
72701,84,98,-14,14
72702,132,128,4,4
72703,81,79,2,2
72704,55,54,1,1
72705,80,73,7,7
72706,89,96,-7,7
72707,218,378,-160,160
72708,68,61,7,7
72709,136,115,21,21
72710,78,63,15,15
72711,66,72,-6,6
72712,115,116,-1,1
72713,102,94,8,8
72714,64,68,-4,4
72715,32,38,-6,6
72716,61,61,0,0
72717,98,99,-1,1
72718,87,81,6,6
72719,75,56,19,19
72720,131,122,9,9
72721,82,88,-6,6
72722,102,91,11,11
72723,68,66,2,2
72724,129,125,4,4
72725,147,147,0,0
72726,54,58,-4,4
72727,95,99,-4,4
72728,181,168,13,13
72729,102,108,-6,6
72730,49,55,-6,6
72731,100,91,9,9
72732,72,76,-4,4
72733,137,155,-18,18
72734,57,55,2,2
72735,85,83,2,2
72736,69,70,-1,1
72737,44,38,6,6
72738,102,104,-2,2
72739,140,150,-10,10
72740,59,61,-2,2
72741,59,71,-12,12
72742,67,62,5,5
72743,96,97,-1,1
72744,54,36,18,18
72745,81,88,-7,7
72746,154,145,9,9
72747,134,136,-2,2
72748,100,90,10,10
72749,104,98,6,6
72750,92,101,-9,9
72751,63,67,-4,4
72752,115,95,20,20
72753,55,60,-5,5
72754,163,160,3,3
72755,122,136,-14,14
72756,106,102,4,4
72757,90,89,1,1
72758,97,93,4,4
72759,69,75,-6,6
72760,86,86,0,0
72761,87,86,1,1
72762,134,120,14,14
72763,83,91,-8,8
72764,96,94,2,2
72765,75,77,-2,2
72766,91,84,7,7
72767,74,70,4,4
72768,105,109,-4,4
72769,109,104,5,5
72770,50,68,-18,18
72771,83,74,9,9
72772,101,98,3,3
72773,98,100,-2,2
72774,78,78,0,0
72775,115,103,12,12
72776,151,144,7,7
72777,50,43,7,7
72778,111,121,-10,10
72779,75,87,-12,12
72780,191,178,13,13
72781,82,80,2,2
72782,133,124,9,9
72783,131,127,4,4
72784,69,72,-3,3
72785,112,103,9,9
72786,52,59,-7,7
72787,109,121,-12,12
72788,82,94,-12,12
72789,106,111,-5,5
72790,36,26,10,10
72791,84,82,2,2
72792,103,101,2,2
72793,56,55,1,1
72794,78,75,3,3
72795,69,73,-4,4
72796,67,72,-5,5
72797,83,98,-15,15
72798,103,110,-7,7
72799,84,85,-1,1
72800,68,75,-7,7
72801,78,73,5,5
72802,118,111,7,7
72803,112,111,1,1
72804,108,109,-1,1
72805,113,115,-2,2
72806,116,104,12,12
72807,67,66,1,1
72808,110,127,-17,17
72809,100,91,9,9
72810,111,102,9,9
72811,82,89,-7,7
72812,157,152,5,5
72813,75,81,-6,6
72814,102,93,9,9
72815,90,89,1,1
72816,60,65,-5,5
72817,88,83,5,5
72818,96,98,-2,2
72819,117,134,-17,17
72820,76,89,-13,13
72821,166,145,21,21
72822,187,160,27,27
72823,73,61,12,12
72824,91,95,-4,4
72825,125,129,-4,4
72826,60,66,-6,6
72827,91,94,-3,3
72828,99,117,-18,18
72829,80,74,6,6
72830,125,130,-5,5
72831,111,124,-13,13
72832,54,57,-3,3
72833,192,174,18,18
72834,159,145,14,14
72835,71,70,1,1
72836,80,83,-3,3
72837,58,59,-1,1
72838,78,69,9,9
72839,146,128,18,18
72840,73,68,5,5
72841,178,159,19,19
72842,94,101,-7,7
72843,131,132,-1,1
72844,70,59,11,11
72845,126,127,-1,1
72846,84,76,8,8
72847,80,88,-8,8
72848,214,190,24,24
72849,111,117,-6,6
72850,134,141,-7,7
72851,89,103,-14,14
72852,124,138,-14,14
72853,112,108,4,4
72854,94,108,-14,14
72855,110,104,6,6
72856,143,136,7,7
72857,70,73,-3,3
72858,112,114,-2,2
72859,88,89,-1,1
72860,89,89,0,0
72861,78,79,-1,1
72862,121,114,7,7
72863,69,69,0,0
72864,82,82,0,0
72865,137,162,-25,25
72866,116,119,-3,3
72867,169,156,13,13
72868,108,100,8,8
72869,62,64,-2,2
72870,66,87,-21,21
72871,126,121,5,5
72872,77,70,7,7
72873,170,160,10,10
72874,48,52,-4,4
72875,123,121,2,2
72876,135,130,5,5
72877,128,134,-6,6
72878,108,111,-3,3
72879,102,91,11,11
72880,89,96,-7,7
72881,68,75,-7,7
72882,83,79,4,4
72883,174,163,11,11
72884,130,131,-1,1
72885,176,161,15,15
72886,87,94,-7,7
72887,69,66,3,3
72888,69,82,-13,13
72889,100,89,11,11
72890,164,164,0,0
72891,94,105,-11,11
72892,82,78,4,4
72893,191,192,-1,1
72894,99,106,-7,7
72895,78,80,-2,2
72896,68,68,0,0
72897,121,106,15,15
72898,128,113,15,15
72899,149,152,-3,3
72900,164,149,15,15
72901,74,75,-1,1
72902,67,62,5,5
72903,59,66,-7,7
72904,100,121,-21,21
72905,62,73,-11,11
72906,100,103,-3,3
72907,79,84,-5,5
72908,137,152,-15,15
72909,74,78,-4,4
72910,94,89,5,5
72911,119,104,15,15
72912,103,89,14,14
72913,95,98,-3,3
72914,60,53,7,7
72915,111,109,2,2
72916,34,38,-4,4
72917,78,89,-11,11
72918,97,92,5,5
72919,111,113,-2,2
72920,85,91,-6,6
72921,149,140,9,9
72922,90,83,7,7
72923,49,49,0,0
72924,138,135,3,3
72925,69,66,3,3
72926,79,76,3,3
72927,70,61,9,9
72928,82,82,0,0
72929,79,87,-8,8
72930,85,98,-13,13
72931,89,90,-1,1
72932,67,67,0,0
72933,106,114,-8,8
72934,70,80,-10,10
72935,74,79,-5,5
72936,55,61,-6,6
72937,164,161,3,3
72938,77,74,3,3
72939,57,55,2,2
72940,97,120,-23,23
72941,136,149,-13,13
72942,83,87,-4,4
72943,66,73,-7,7
72944,92,96,-4,4
72945,92,95,-3,3
72946,71,63,8,8
72947,67,83,-16,16
72948,150,132,18,18
72949,69,72,-3,3
72950,132,119,13,13
72951,194,190,4,4
72952,137,149,-12,12
72953,68,73,-5,5
72954,90,98,-8,8
72955,113,114,-1,1
72956,61,58,3,3
72957,160,144,16,16
72958,149,143,6,6
72959,48,58,-10,10
72960,128,127,1,1
72961,102,99,3,3
72962,95,96,-1,1
72963,68,57,11,11
72964,164,152,12,12
72965,92,98,-6,6
72966,100,95,5,5
72967,68,68,0,0
72968,81,80,1,1
72969,87,83,4,4
72970,121,93,28,28
72971,95,101,-6,6
72972,99,70,29,29
72973,59,66,-7,7
72974,140,139,1,1
72975,109,82,27,27
72976,147,140,7,7
72977,84,79,5,5
72978,111,110,1,1
72979,85,89,-4,4
72980,63,68,-5,5
72981,64,60,4,4
72982,75,72,3,3
72983,136,118,18,18
72984,140,134,6,6
72985,45,43,2,2
72986,159,156,3,3
72987,110,97,13,13
72988,54,64,-10,10
72989,129,132,-3,3
72990,170,169,1,1
72991,111,114,-3,3
72992,72,65,7,7
72993,129,129,0,0
72994,67,75,-8,8
72995,159,163,-4,4
72996,60,66,-6,6
72997,91,88,3,3
72998,126,118,8,8
72999,240,190,50,50
73000,113,116,-3,3
73001,85,80,5,5
73002,54,66,-12,12
73003,68,70,-2,2
73004,89,87,2,2
73005,142,127,15,15
73006,146,145,1,1
73007,87,87,0,0
73008,122,125,-3,3
73009,81,50,31,31
73010,77,78,-1,1
73011,113,103,10,10
73012,182,181,1,1
73013,111,100,11,11
73014,97,94,3,3
73015,90,87,3,3
73016,149,140,9,9
73017,62,75,-13,13
73018,121,124,-3,3
73019,90,90,0,0
73020,64,66,-2,2
73021,158,152,6,6
73022,89,88,1,1
73023,93,90,3,3
73024,82,78,4,4
73025,80,85,-5,5
73026,231,235,-4,4
73027,52,57,-5,5
73028,185,161,24,24
73029,125,126,-1,1
73030,116,121,-5,5
73031,70,72,-2,2
73032,92,90,2,2
73033,135,139,-4,4
73034,83,89,-6,6
73035,78,86,-8,8
73036,89,80,9,9
73037,98,93,5,5
73038,74,81,-7,7
73039,117,115,2,2
73040,65,200,-135,135
73041,80,85,-5,5
73042,82,81,1,1
73043,144,143,1,1
73044,64,58,6,6
73045,144,137,7,7
73046,46,49,-3,3
73047,29,28,1,1
73048,81,78,3,3
73049,115,111,4,4
73050,99,96,3,3
73051,80,81,-1,1
73052,111,113,-2,2
73053,113,114,-1,1
73054,119,99,20,20
73055,49,38,11,11
73056,128,121,7,7
73057,168,150,18,18
73058,52,46,6,6
73059,115,117,-2,2
73060,230,195,35,35
73061,113,126,-13,13
73062,66,59,7,7
73063,102,108,-6,6
73064,52,56,-4,4
73065,94,91,3,3
73066,69,67,2,2
73067,146,150,-4,4
73068,130,133,-3,3
73069,82,70,12,12
73070,51,48,3,3
73071,114,117,-3,3
73072,58,77,-19,19
73073,70,79,-9,9
73074,74,72,2,2
73075,75,67,8,8
73076,54,48,6,6
73077,134,139,-5,5
73078,46,45,1,1
73079,79,78,1,1
73080,66,81,-15,15
73081,114,117,-3,3
73082,76,83,-7,7
73083,149,144,5,5
73084,126,121,5,5
73085,91,97,-6,6
73086,56,51,5,5
73087,131,128,3,3
73088,119,125,-6,6
73089,119,118,1,1
73090,124,124,0,0
73091,142,143,-1,1
73092,215,180,35,35
73093,59,60,-1,1
73094,60,57,3,3
73095,76,83,-7,7
73096,54,52,2,2
73097,78,94,-16,16
73098,133,143,-10,10
73099,56,53,3,3
73100,79,82,-3,3
73101,74,65,9,9
73102,55,64,-9,9
73103,62,60,2,2
73104,47,43,4,4
73105,112,119,-7,7
73106,112,104,8,8
73107,122,122,0,0
73108,104,104,0,0
73109,81,102,-21,21
73110,76,98,-22,22
73111,61,54,7,7
73112,230,190,40,40
73113,87,88,-1,1
73114,94,87,7,7
73115,83,78,5,5
73116,154,135,19,19
73117,140,132,8,8
73118,81,91,-10,10
73119,78,80,-2,2
73120,112,106,6,6
73121,133,129,4,4
73122,72,72,0,0
73123,150,132,18,18
73124,133,133,0,0
73125,74,67,7,7
73126,122,123,-1,1
73127,90,87,3,3
73128,69,67,2,2
73129,75,80,-5,5
73130,50,52,-2,2
73131,135,127,8,8
73132,126,122,4,4
73133,68,76,-8,8
73134,88,87,1,1
73135,78,86,-8,8
73136,55,61,-6,6
73137,94,101,-7,7
73138,57,62,-5,5
73139,70,73,-3,3
73140,150,159,-9,9
73141,67,71,-4,4
73142,78,76,2,2
73143,82,94,-12,12
73144,123,133,-10,10
73145,75,72,3,3
73146,151,159,-8,8
73147,79,82,-3,3
73148,116,106,10,10
73149,89,90,-1,1
73150,143,142,1,1
73151,94,102,-8,8
73152,94,108,-14,14
73153,81,84,-3,3
73154,77,100,-23,23
73155,85,93,-8,8
73156,104,112,-8,8
73157,58,61,-3,3
73158,76,76,0,0
73159,72,72,0,0
73160,90,77,13,13
73161,126,128,-2,2
73162,81,85,-4,4
73163,113,114,-1,1
73164,72,75,-3,3
73165,111,116,-5,5
73166,94,96,-2,2
73167,77,73,4,4
73168,76,72,4,4
73169,91,85,6,6
73170,84,88,-4,4
73171,50,58,-8,8
73172,111,112,-1,1
73173,160,152,8,8
73174,90,87,3,3
73175,165,166,-1,1
73176,153,140,13,13
73177,38,38,0,0
73178,76,90,-14,14
73179,73,78,-5,5
73180,99,105,-6,6
73181,64,66,-2,2
73182,148,136,12,12
73183,146,144,2,2
73184,86,86,0,0
73185,70,72,-2,2
73186,74,71,3,3
73187,102,101,1,1
73188,76,74,2,2
73189,115,112,3,3
73190,111,107,4,4
73191,67,64,3,3
73192,120,124,-4,4
73193,72,75,-3,3
73194,93,93,0,0
73195,256,236,20,20
73196,157,155,2,2
73197,70,74,-4,4
73198,95,104,-9,9
73199,99,109,-10,10
73200,94,96,-2,2
73201,81,73,8,8
73202,102,92,10,10
73203,107,105,2,2
73204,137,122,15,15
73205,91,94,-3,3
73206,90,98,-8,8
73207,68,67,1,1
73208,59,51,8,8
73209,86,85,1,1
73210,118,137,-19,19
73211,197,181,16,16
73212,55,45,10,10
73213,82,69,13,13
73214,96,96,0,0
73215,88,102,-14,14
73216,72,96,-24,24
73217,56,45,11,11
73218,110,111,-1,1
73219,75,73,2,2
73220,107,119,-12,12
73221,100,106,-6,6
73222,137,136,1,1
73223,76,83,-7,7
73224,174,165,9,9
73225,101,105,-4,4
73226,85,83,2,2
73227,53,59,-6,6
73228,108,106,2,2
73229,82,81,1,1
73230,84,92,-8,8
73231,92,98,-6,6
73232,125,136,-11,11
73233,93,107,-14,14
73234,54,62,-8,8
73235,113,103,10,10
73236,196,194,2,2
73237,71,65,6,6
73238,75,78,-3,3
73239,46,48,-2,2
73240,107,113,-6,6
73241,82,91,-9,9
73242,88,104,-16,16
73243,57,51,6,6
73244,153,158,-5,5
73245,131,132,-1,1
73246,111,125,-14,14
73247,136,136,0,0
73248,58,61,-3,3
73249,85,82,3,3
73250,98,95,3,3
73251,80,84,-4,4
73252,82,95,-13,13
73253,74,71,3,3
73254,135,125,10,10
73255,88,92,-4,4
73256,27,40,-13,13
73257,60,54,6,6
73258,82,82,0,0
73259,176,174,2,2
73260,163,151,12,12
73261,130,134,-4,4
73262,120,120,0,0
73263,143,108,35,35
73264,138,139,-1,1
73265,88,88,0,0
73266,125,119,6,6
73267,81,83,-2,2
73268,56,55,1,1
73269,70,78,-8,8
73270,59,64,-5,5
73271,117,155,-38,38
73272,35,41,-6,6
73273,115,109,6,6
73274,59,63,-4,4
73275,88,84,4,4
73276,124,128,-4,4
73277,110,97,13,13
73278,118,115,3,3
73279,103,99,4,4
73280,121,125,-4,4
73281,78,83,-5,5
73282,69,70,-1,1
73283,129,130,-1,1
73284,75,61,14,14
73285,54,55,-1,1
73286,185,164,21,21
73287,105,103,2,2
73288,65,60,5,5
73289,145,138,7,7
73290,134,124,10,10
73291,102,98,4,4
73292,75,77,-2,2
73293,106,94,12,12
73294,122,124,-2,2
73295,42,47,-5,5
73296,144,148,-4,4
73297,104,97,7,7
73298,117,106,11,11
73299,69,72,-3,3
73300,63,79,-16,16
73301,184,143,41,41
73302,96,106,-10,10
73303,86,82,4,4
73304,98,100,-2,2
73305,78,81,-3,3
73306,91,98,-7,7
73307,53,52,1,1
73308,79,82,-3,3
73309,141,128,13,13
73310,82,82,0,0
73311,49,50,-1,1
73312,109,101,8,8
73313,61,66,-5,5
73314,90,102,-12,12
73315,61,53,8,8
73316,94,111,-17,17
73317,134,131,3,3
73318,65,67,-2,2
73319,136,132,4,4
73320,164,155,9,9
73321,98,106,-8,8
73322,83,83,0,0
73323,40,40,0,0
73324,67,75,-8,8
73325,90,85,5,5
73326,62,56,6,6
73327,60,52,8,8
73328,115,104,11,11
73329,135,138,-3,3
73330,75,75,0,0
73331,35,62,-27,27
73332,94,102,-8,8
73333,113,111,2,2
73334,133,122,11,11
73335,103,88,15,15
73336,108,96,12,12
73337,65,64,1,1
73338,67,48,19,19
73339,121,120,1,1
73340,89,100,-11,11
73341,69,68,1,1
73342,128,124,4,4
73343,99,93,6,6
73344,100,95,5,5
73345,88,84,4,4
73346,160,140,20,20
73347,94,90,4,4
73348,111,110,1,1
73349,83,80,3,3
73350,51,53,-2,2
73351,126,120,6,6
73352,150,139,11,11
73353,57,54,3,3
73354,63,67,-4,4
73355,112,118,-6,6
73356,196,181,15,15
73357,71,73,-2,2
73358,152,141,11,11
73359,87,91,-4,4
73360,59,64,-5,5
73361,144,134,10,10
73362,122,113,9,9
73363,61,68,-7,7
73364,99,109,-10,10
73365,74,74,0,0
73366,68,71,-3,3
73367,92,99,-7,7
73368,147,147,0,0
73369,114,107,7,7
73370,64,63,1,1
73371,92,83,9,9
73372,85,84,1,1
73373,100,95,5,5
73374,142,133,9,9
73375,34,24,10,10
73376,107,98,9,9
73377,110,104,6,6
73378,154,149,5,5
73379,69,69,0,0
73380,91,103,-12,12
73381,124,124,0,0
73382,71,71,0,0
73383,61,56,5,5
73384,110,107,3,3
73385,86,87,-1,1
73386,143,153,-10,10
73387,65,67,-2,2
73388,82,77,5,5
73389,90,98,-8,8
73390,156,171,-15,15
73391,177,172,5,5
73392,108,116,-8,8
73393,100,124,-24,24
73394,60,73,-13,13
73395,81,90,-9,9
73396,99,105,-6,6
73397,63,90,-27,27
73398,87,101,-14,14
73399,53,45,8,8
73400,47,48,-1,1
73401,65,72,-7,7
73402,79,76,3,3
73403,65,66,-1,1
73404,99,97,2,2
73405,61,56,5,5
73406,101,111,-10,10
73407,75,74,1,1
73408,99,94,5,5
73409,84,82,2,2
73410,130,119,11,11
73411,147,129,18,18
73412,103,106,-3,3
73413,48,47,1,1
73414,88,89,-1,1
73415,115,118,-3,3
73416,81,87,-6,6
73417,69,79,-10,10
73418,144,146,-2,2
73419,103,99,4,4
73420,84,83,1,1
73421,175,188,-13,13
73422,133,125,8,8
73423,88,92,-4,4
73424,112,114,-2,2
73425,98,100,-2,2
73426,79,74,5,5
73427,65,66,-1,1
73428,75,92,-17,17
73429,101,109,-8,8
73430,44,46,-2,2
73431,89,93,-4,4
73432,107,102,5,5
73433,85,86,-1,1
73434,42,46,-4,4
73435,86,85,1,1
73436,92,91,1,1
73437,70,81,-11,11
73438,79,80,-1,1
73439,39,55,-16,16
73440,90,93,-3,3
73441,126,113,13,13
73442,116,113,3,3
73443,69,77,-8,8
73444,51,51,0,0
73445,107,106,1,1
73446,88,83,5,5
73447,104,96,8,8
73448,81,75,6,6
73449,78,77,1,1
73450,87,87,0,0
73451,63,76,-13,13
73452,92,92,0,0
73453,125,129,-4,4
73454,113,116,-3,3
73455,50,47,3,3
73456,71,67,4,4
73457,78,85,-7,7
73458,65,69,-4,4
73459,145,134,11,11
73460,64,59,5,5
73461,83,84,-1,1
73462,162,150,12,12
73463,84,94,-10,10
73464,149,148,1,1
73465,68,71,-3,3
73466,84,88,-4,4
73467,74,66,8,8
73468,106,102,4,4
73469,87,101,-14,14
73470,102,136,-34,34
73471,142,132,10,10
73472,159,148,11,11
73473,49,50,-1,1
73474,133,138,-5,5
73475,89,82,7,7
73476,47,44,3,3
73477,111,119,-8,8
73478,79,79,0,0
73479,108,121,-13,13
73480,58,64,-6,6
73481,111,117,-6,6
73482,46,51,-5,5
73483,69,57,12,12
73484,144,147,-3,3
73485,122,121,1,1
73486,114,112,2,2
73487,60,58,2,2
73488,75,83,-8,8
73489,79,78,1,1
73490,97,96,1,1
73491,177,171,6,6
73492,111,105,6,6
73493,35,42,-7,7
73494,133,114,19,19
73495,58,53,5,5
73496,114,103,11,11
73497,80,84,-4,4
73498,133,124,9,9
73499,116,114,2,2
73500,88,59,29,29
73501,126,119,7,7
73502,135,132,3,3
73503,85,84,1,1
73504,154,152,2,2
73505,118,113,5,5
73506,92,93,-1,1
73507,146,148,-2,2
73508,63,67,-4,4
73509,77,63,14,14
73510,113,113,0,0
73511,110,140,-30,30
73512,63,69,-6,6
73513,78,77,1,1
73514,130,125,5,5
73515,64,61,3,3
73516,81,82,-1,1
73517,75,64,11,11
73518,41,50,-9,9
73519,139,141,-2,2
73520,60,63,-3,3
73521,81,84,-3,3
73522,108,102,6,6
73523,102,98,4,4
73524,63,60,3,3
73525,111,112,-1,1
73526,42,43,-1,1
73527,93,94,-1,1
73528,106,106,0,0
73529,92,89,3,3
73530,87,83,4,4
73531,100,102,-2,2
73532,73,74,-1,1
73533,65,63,2,2
73534,84,91,-7,7
73535,158,155,3,3
73536,73,73,0,0
73537,116,141,-25,25
73538,79,90,-11,11
73539,114,114,0,0
73540,108,111,-3,3
73541,89,93,-4,4
73542,65,78,-13,13
73543,123,117,6,6
73544,70,73,-3,3
73545,58,61,-3,3
73546,61,63,-2,2
73547,118,133,-15,15
73548,91,95,-4,4
73549,82,89,-7,7
73550,42,55,-13,13
73551,43,46,-3,3
73552,144,139,5,5
73553,60,73,-13,13
73554,29,62,-33,33
73555,111,102,9,9
73556,69,68,1,1
73557,192,170,22,22
73558,88,104,-16,16
73559,64,67,-3,3
73560,131,132,-1,1
73561,107,120,-13,13
73562,95,109,-14,14
73563,70,91,-21,21
73564,51,42,9,9
73565,195,171,24,24
73566,77,77,0,0
73567,117,124,-7,7
73568,87,76,11,11
73569,46,44,2,2
73570,71,74,-3,3
73571,65,67,-2,2
73572,171,177,-6,6
73573,106,110,-4,4
73574,82,86,-4,4
73575,130,119,11,11
73576,58,69,-11,11
73577,105,105,0,0
73578,121,118,3,3
73579,148,150,-2,2
73580,87,88,-1,1
73581,98,109,-11,11
73582,74,87,-13,13
73583,138,140,-2,2
73584,95,102,-7,7
73585,104,111,-7,7
73586,64,59,5,5
73587,74,79,-5,5
73588,126,106,20,20
73589,93,100,-7,7
73590,80,83,-3,3
73591,62,62,0,0
73592,56,55,1,1
73593,91,93,-2,2
73594,202,177,25,25
73595,97,109,-12,12
73596,109,128,-19,19
73597,62,48,14,14
73598,156,146,10,10
73599,62,59,3,3
73600,156,143,13,13
73601,60,60,0,0
73602,67,70,-3,3
73603,109,113,-4,4
73604,129,119,10,10
73605,126,117,9,9
73606,141,135,6,6
73607,117,103,14,14
73608,167,161,6,6
73609,123,132,-9,9
73610,127,116,11,11
73611,70,60,10,10
73612,67,69,-2,2
73613,93,92,1,1
73614,79,82,-3,3
73615,80,72,8,8
73616,81,85,-4,4
73617,77,74,3,3
73618,57,56,1,1
73619,125,132,-7,7
73620,137,121,16,16
73621,98,102,-4,4
73622,76,71,5,5
73623,99,97,2,2
73624,88,87,1,1
73625,71,72,-1,1
73626,85,79,6,6
73627,93,96,-3,3
73628,112,100,12,12
73629,63,67,-4,4
73630,79,98,-19,19
73631,90,97,-7,7
73632,71,70,1,1
73633,67,86,-19,19
73634,147,132,15,15
73635,57,76,-19,19
73636,61,62,-1,1
73637,100,96,4,4
73638,79,64,15,15
73639,136,113,23,23
73640,88,91,-3,3
73641,67,70,-3,3
73642,173,160,13,13
73643,111,99,12,12
73644,96,83,13,13
73645,91,84,7,7
73646,90,93,-3,3
73647,93,95,-2,2
73648,99,105,-6,6
73649,57,55,2,2
73650,71,70,1,1
73651,165,156,9,9
73652,91,103,-12,12
73653,59,59,0,0
73654,103,101,2,2
73655,72,72,0,0
73656,95,100,-5,5
73657,86,79,7,7
73658,142,134,8,8
73659,92,94,-2,2
73660,86,93,-7,7
73661,143,139,4,4
73662,37,39,-2,2
73663,66,64,2,2
73664,121,123,-2,2
73665,89,79,10,10
73666,54,66,-12,12
73667,64,62,2,2
73668,48,47,1,1
73669,33,36,-3,3
73670,154,148,6,6
73671,55,54,1,1
73672,85,77,8,8
73673,68,68,0,0
73674,88,86,2,2
73675,61,55,6,6
73676,123,116,7,7
73677,98,111,-13,13
73678,161,145,16,16
73679,53,57,-4,4
73680,68,70,-2,2
73681,131,135,-4,4
73682,100,103,-3,3
73683,64,63,1,1
73684,109,121,-12,12
73685,87,86,1,1
73686,78,80,-2,2
73687,56,56,0,0
73688,96,93,3,3
73689,104,99,5,5
73690,94,86,8,8
73691,66,61,5,5
73692,106,104,2,2
73693,132,152,-20,20
73694,142,126,16,16
73695,112,123,-11,11
73696,104,81,23,23
73697,129,137,-8,8
73698,107,103,4,4
73699,137,144,-7,7
73700,81,86,-5,5
73701,57,59,-2,2
73702,126,115,11,11
73703,57,65,-8,8
73704,141,124,17,17
73705,94,93,1,1
73706,56,67,-11,11
73707,100,94,6,6
73708,65,68,-3,3
73709,153,144,9,9
73710,106,99,7,7
73711,65,62,3,3
73712,89,92,-3,3
73713,69,58,11,11
73714,172,163,9,9
73715,74,77,-3,3
73716,55,65,-10,10
73717,95,95,0,0
73718,80,77,3,3
73719,72,69,3,3
73720,69,73,-4,4
73721,77,88,-11,11
73722,136,132,4,4
73723,60,57,3,3
73724,106,101,5,5
73725,98,92,6,6
73726,113,107,6,6
73727,66,66,0,0
73728,117,117,0,0
73729,75,76,-1,1
73730,123,113,10,10
73731,54,50,4,4
73732,157,167,-10,10
73733,100,92,8,8
73734,74,75,-1,1
73735,61,65,-4,4
73736,72,80,-8,8
73737,81,77,4,4
73738,138,144,-6,6
73739,137,147,-10,10
73740,163,158,5,5
73741,65,60,5,5
73742,130,123,7,7
73743,68,73,-5,5
73744,97,93,4,4
73745,167,158,9,9
73746,93,80,13,13
73747,63,64,-1,1
73748,91,89,2,2
73749,174,167,7,7
73750,138,124,14,14
73751,75,80,-5,5
73752,129,144,-15,15
73753,116,107,9,9
73754,47,40,7,7
73755,116,110,6,6
73756,103,91,12,12
73757,112,97,15,15
73758,133,137,-4,4
73759,55,48,7,7
73760,75,88,-13,13
73761,53,52,1,1
73762,88,97,-9,9
73763,132,135,-3,3
73764,35,33,2,2
73765,45,52,-7,7
73766,67,67,0,0
73767,124,116,8,8
73768,148,138,10,10
73769,138,124,14,14
73770,98,99,-1,1
73771,81,86,-5,5
73772,54,54,0,0
73773,35,39,-4,4
73774,69,64,5,5
73775,66,66,0,0
73776,116,111,5,5
73777,86,85,1,1
73778,95,104,-9,9
73779,95,101,-6,6
73780,61,59,2,2
73781,79,77,2,2
73782,74,99,-25,25
73783,117,121,-4,4
73784,63,63,0,0
73785,138,122,16,16
73786,125,128,-3,3
73787,95,94,1,1
73788,66,66,0,0
73789,53,54,-1,1
73790,83,83,0,0
73791,60,58,2,2
73792,52,50,2,2
73793,55,54,1,1
73794,100,106,-6,6
73795,91,107,-16,16
73796,87,90,-3,3
73797,63,52,11,11
73798,122,101,21,21
73799,75,72,3,3
73800,57,68,-11,11
73801,55,58,-3,3
73802,110,110,0,0
73803,88,95,-7,7
73804,155,161,-6,6
73805,96,104,-8,8
73806,81,84,-3,3
73807,102,96,6,6
73808,141,125,16,16
73809,105,104,1,1
73810,68,65,3,3
73811,80,74,6,6
73812,94,108,-14,14
73813,60,60,0,0
73814,107,96,11,11
73815,112,110,2,2
73816,92,98,-6,6
73817,86,79,7,7
73818,131,117,14,14
73819,62,58,4,4
73820,146,145,1,1
73821,67,79,-12,12
73822,77,80,-3,3
73823,101,110,-9,9
73824,80,87,-7,7
73825,97,87,10,10
73826,140,128,12,12
73827,128,149,-21,21
73828,108,119,-11,11
73829,91,90,1,1
73830,91,94,-3,3
73831,87,84,3,3
73832,151,137,14,14
73833,91,99,-8,8
73834,161,144,17,17
73835,60,88,-28,28
73836,135,125,10,10
73837,73,89,-16,16
73838,88,114,-26,26
73839,71,64,7,7
73840,80,84,-4,4
73841,50,52,-2,2
73842,106,104,2,2
73843,66,67,-1,1
73844,90,97,-7,7
73845,122,120,2,2
73846,99,93,6,6
73847,73,71,2,2
73848,60,44,16,16
73849,63,80,-17,17
73850,105,125,-20,20
73851,34,28,6,6
73852,74,84,-10,10
73853,122,133,-11,11
73854,123,105,18,18
73855,66,60,6,6
73856,122,119,3,3
73857,114,106,8,8
73858,165,163,2,2
73859,139,162,-23,23
73860,58,40,18,18
73861,70,72,-2,2
73862,71,61,10,10
73863,158,178,-20,20
73864,66,58,8,8
73865,166,129,37,37
73866,129,130,-1,1
73867,91,94,-3,3
73868,109,131,-22,22
73869,118,125,-7,7
73870,90,93,-3,3
73871,125,127,-2,2
73872,94,93,1,1
73873,107,96,11,11
73874,144,133,11,11
73875,83,82,1,1
73876,71,77,-6,6
73877,93,85,8,8
73878,103,103,0,0
73879,78,76,2,2
73880,33,79,-46,46
73881,44,82,-38,38
73882,129,117,12,12
73883,210,185,25,25
73884,98,86,12,12
73885,60,82,-22,22
73886,110,104,6,6
73887,56,58,-2,2
73888,149,137,12,12
73889,86,88,-2,2
73890,101,98,3,3
73891,80,75,5,5
73892,96,95,1,1
73893,66,65,1,1
73894,73,77,-4,4
73895,87,76,11,11
73896,73,70,3,3
73897,96,92,4,4
73898,36,38,-2,2
73899,171,249,-78,78
73900,125,129,-4,4
73901,82,89,-7,7
73902,79,76,3,3
73903,148,132,16,16
73904,137,142,-5,5
73905,82,80,2,2
73906,72,102,-30,30
73907,57,56,1,1
73908,162,149,13,13
73909,148,136,12,12
73910,82,80,2,2
73911,76,65,11,11
73912,72,69,3,3
73913,42,35,7,7
73914,102,106,-4,4
73915,61,69,-8,8
73916,107,119,-12,12
73917,72,63,9,9
73918,117,132,-15,15
73919,70,78,-8,8
73920,60,61,-1,1
73921,110,107,3,3
73922,94,95,-1,1
73923,121,126,-5,5
73924,102,110,-8,8
73925,61,66,-5,5
73926,69,71,-2,2
73927,51,59,-8,8
73928,113,125,-12,12
73929,148,168,-20,20
73930,129,137,-8,8
73931,60,56,4,4
73932,82,102,-20,20
73933,149,144,5,5
73934,64,64,0,0
73935,95,95,0,0
73936,105,101,4,4
73937,129,122,7,7
73938,140,141,-1,1
73939,143,144,-1,1
73940,67,62,5,5
73941,81,81,0,0
73942,131,116,15,15
73943,61,57,4,4
73944,95,97,-2,2
73945,121,114,7,7
73946,96,87,9,9
73947,159,143,16,16
73948,51,41,10,10
73949,72,78,-6,6
73950,83,82,1,1
73951,114,112,2,2
73952,90,97,-7,7
73953,72,70,2,2
73954,88,87,1,1
73955,149,143,6,6
73956,69,68,1,1
73957,67,73,-6,6
73958,65,72,-7,7
73959,119,127,-8,8
73960,146,137,9,9
73961,75,78,-3,3
73962,175,159,16,16
73963,109,114,-5,5
73964,80,79,1,1
73965,99,88,11,11
73966,137,160,-23,23
73967,77,94,-17,17
73968,44,66,-22,22
73969,96,102,-6,6
73970,55,62,-7,7
73971,113,110,3,3
73972,108,109,-1,1
73973,55,57,-2,2
73974,138,120,18,18
73975,74,73,1,1
73976,69,76,-7,7
73977,131,134,-3,3
73978,129,162,-33,33
73979,103,101,2,2
73980,50,49,1,1
73981,90,102,-12,12
73982,42,42,0,0
73983,140,153,-13,13
73984,76,98,-22,22
73985,113,104,9,9
73986,43,52,-9,9
73987,73,85,-12,12
73988,116,118,-2,2
73989,112,125,-13,13
73990,126,131,-5,5
73991,98,105,-7,7
73992,83,97,-14,14
73993,51,68,-17,17
73994,73,105,-32,32
73995,220,181,39,39
73996,72,80,-8,8
73997,63,68,-5,5
73998,107,109,-2,2
73999,90,91,-1,1
74000,50,59,-9,9
74001,100,96,4,4
74002,126,119,7,7
74003,73,69,4,4
74004,88,91,-3,3
74005,65,80,-15,15
74006,73,63,10,10
74007,83,80,3,3
74008,118,136,-18,18
74009,77,72,5,5
74010,175,165,10,10
74011,101,96,5,5
74012,72,64,8,8
74013,84,87,-3,3
74014,320,383,-63,63
74015,86,102,-16,16
74016,48,50,-2,2
74017,82,71,11,11
74018,111,104,7,7
74019,83,80,3,3
74020,105,131,-26,26
74021,87,94,-7,7
74022,92,92,0,0
74023,106,111,-5,5
74024,179,168,11,11
74025,123,111,12,12
74026,68,78,-10,10
74027,52,48,4,4
74028,155,138,17,17
74029,97,113,-16,16
74030,78,76,2,2
74031,52,47,5,5
74032,62,59,3,3
74033,92,91,1,1
74034,113,109,4,4
74035,141,146,-5,5
74036,66,73,-7,7
74037,97,88,9,9
74038,80,101,-21,21
74039,71,97,-26,26
74040,117,113,4,4
74041,202,189,13,13
74042,89,84,5,5
74043,65,70,-5,5
74044,83,93,-10,10
74045,151,146,5,5
74046,68,64,4,4
74047,84,95,-11,11
74048,114,101,13,13
74049,67,65,2,2
74050,48,47,1,1
74051,108,105,3,3
74052,159,134,25,25
74053,84,82,2,2
74054,153,137,16,16
74055,52,70,-18,18
74056,159,150,9,9
74057,118,130,-12,12
74058,83,91,-8,8
74059,50,50,0,0
74060,125,119,6,6
74061,41,75,-34,34
74062,62,72,-10,10
74063,85,79,6,6
74064,133,137,-4,4
74065,129,119,10,10
74066,97,91,6,6
74067,102,106,-4,4
74068,23,29,-6,6
74069,74,80,-6,6
74070,41,52,-11,11
74071,108,114,-6,6
74072,104,106,-2,2
74073,108,98,10,10
74074,97,103,-6,6
74075,74,80,-6,6
74076,94,95,-1,1
74077,78,75,3,3
74078,117,120,-3,3
74079,119,115,4,4
74080,60,53,7,7
74081,86,82,4,4
74082,84,87,-3,3
74083,72,76,-4,4
74084,93,97,-4,4
74085,72,75,-3,3
74086,156,130,26,26
74087,73,72,1,1
74088,108,122,-14,14
74089,126,135,-9,9
74090,93,97,-4,4
74091,79,65,14,14
74092,181,147,34,34
74093,83,79,4,4
74094,119,123,-4,4
74095,71,71,0,0
74096,77,49,28,28
74097,104,126,-22,22
74098,72,81,-9,9
74099,68,65,3,3
74100,98,100,-2,2
74101,57,82,-25,25
74102,80,121,-41,41
74103,73,57,16,16
74104,191,186,5,5
74105,100,96,4,4
74106,132,119,13,13
74107,40,39,1,1
74108,54,57,-3,3
74109,154,150,4,4
74110,139,134,5,5
74111,107,103,4,4
74112,128,123,5,5
74113,133,131,2,2
74114,83,76,7,7
74115,63,89,-26,26
74116,81,85,-4,4
74117,163,154,9,9
74118,109,109,0,0
74119,63,62,1,1
74120,90,86,4,4
74121,81,93,-12,12
74122,66,61,5,5
74123,120,118,2,2
74124,89,84,5,5
74125,67,71,-4,4
74126,85,74,11,11
74127,78,84,-6,6
74128,75,81,-6,6
74129,198,182,16,16
74130,92,98,-6,6
74131,118,112,6,6
74132,57,59,-2,2
74133,155,153,2,2
74134,86,83,3,3
74135,67,63,4,4
74136,178,140,38,38
74137,68,77,-9,9
74138,85,78,7,7
74139,79,84,-5,5
74140,93,89,4,4
74141,50,58,-8,8
74142,58,65,-7,7
74143,104,103,1,1
74144,100,94,6,6
74145,201,189,12,12
74146,105,107,-2,2
74147,105,107,-2,2
74148,90,89,1,1
74149,68,63,5,5
74150,74,81,-7,7
74151,60,62,-2,2
74152,59,83,-24,24
74153,97,105,-8,8
74154,87,84,3,3
74155,55,64,-9,9
74156,111,102,9,9
74157,119,107,12,12
74158,115,122,-7,7
74159,59,56,3,3
74160,61,62,-1,1
74161,30,53,-23,23
74162,96,93,3,3
74163,131,135,-4,4
74164,183,177,6,6
74165,161,164,-3,3
74166,146,146,0,0
74167,200,183,17,17
74168,100,101,-1,1
74169,114,112,2,2
74170,108,106,2,2
74171,73,71,2,2
74172,75,70,5,5
74173,72,74,-2,2
74174,143,150,-7,7
74175,101,93,8,8
74176,66,77,-11,11
74177,164,138,26,26
74178,85,92,-7,7
74179,88,84,4,4
74180,98,98,0,0
74181,54,84,-30,30
74182,95,89,6,6
74183,64,67,-3,3
74184,144,142,2,2
74185,105,99,6,6
74186,102,110,-8,8
74187,114,98,16,16
74188,54,59,-5,5
74189,112,110,2,2
74190,181,168,13,13
74191,110,103,7,7
74192,75,67,8,8
74193,51,62,-11,11
74194,98,97,1,1
74195,85,87,-2,2
74196,54,60,-6,6
74197,57,62,-5,5
74198,77,88,-11,11
74199,66,81,-15,15
74200,84,72,12,12
74201,102,107,-5,5
74202,124,122,2,2
74203,129,122,7,7
74204,195,187,8,8
74205,111,111,0,0
74206,109,132,-23,23
74207,68,70,-2,2
74208,57,55,2,2
74209,76,91,-15,15
74210,99,98,1,1
74211,78,84,-6,6
74212,124,129,-5,5
74213,83,78,5,5
74214,82,76,6,6
74215,73,68,5,5
74216,66,70,-4,4
74217,102,99,3,3
74218,107,119,-12,12
74219,101,103,-2,2
74220,119,124,-5,5
74221,120,130,-10,10
74222,69,74,-5,5
74223,80,99,-19,19
74224,113,112,1,1
74225,63,70,-7,7
74226,94,88,6,6
74227,146,146,0,0
74228,109,108,1,1
74229,117,110,7,7
74230,66,68,-2,2
74231,151,143,8,8
74232,60,52,8,8
74233,146,154,-8,8
74234,135,130,5,5
74235,90,84,6,6
74236,48,58,-10,10
74237,71,74,-3,3
74238,155,160,-5,5
74239,86,75,11,11
74240,111,127,-16,16
74241,96,95,1,1
74242,137,145,-8,8
74243,81,96,-15,15
74244,60,65,-5,5
74245,83,94,-11,11
74246,106,104,2,2
74247,67,68,-1,1
74248,52,55,-3,3
74249,104,104,0,0
74250,73,82,-9,9
74251,87,93,-6,6
74252,148,148,0,0
74253,77,74,3,3
74254,92,86,6,6
74255,201,193,8,8
74256,50,52,-2,2
74257,149,145,4,4
74258,150,125,25,25
74259,89,101,-12,12
74260,131,127,4,4
74261,73,70,3,3
74262,83,87,-4,4
74263,155,164,-9,9
74264,80,67,13,13
74265,128,132,-4,4
74266,59,54,5,5
74267,85,98,-13,13
74268,87,104,-17,17
74269,85,80,5,5
74270,72,72,0,0
74271,72,76,-4,4
74272,56,61,-5,5
74273,127,124,3,3
74274,73,74,-1,1
74275,94,79,15,15
74276,72,72,0,0
74277,48,47,1,1
74278,130,116,14,14
74279,103,99,4,4
74280,96,84,12,12
74281,140,145,-5,5
74282,63,68,-5,5
74283,61,57,4,4
74284,78,78,0,0
74285,75,73,2,2
74286,81,92,-11,11
74287,79,88,-9,9
74288,94,99,-5,5
74289,117,115,2,2
74290,59,58,1,1
74291,84,80,4,4
74292,149,140,9,9
74293,109,120,-11,11
74294,46,53,-7,7
74295,131,124,7,7
74296,118,120,-2,2
74297,83,95,-12,12
74298,68,85,-17,17
74299,70,98,-28,28
74300,49,47,2,2
74301,73,70,3,3
74302,132,133,-1,1
74303,93,89,4,4
74304,159,160,-1,1
74305,107,108,-1,1
74306,185,162,23,23
74307,143,142,1,1
74308,60,69,-9,9
74309,78,74,4,4
74310,106,106,0,0
74311,98,100,-2,2
74312,101,97,4,4
74313,39,56,-17,17
74314,104,116,-12,12
74315,51,69,-18,18
74316,88,81,7,7
74317,83,86,-3,3
74318,116,127,-11,11
74319,59,54,5,5
74320,88,90,-2,2
74321,206,168,38,38
74322,147,118,29,29
74323,40,45,-5,5
74324,45,45,0,0
74325,89,94,-5,5
74326,146,138,8,8
74327,76,94,-18,18
74328,92,70,22,22
74329,35,39,-4,4
74330,77,96,-19,19
74331,104,102,2,2
74332,97,87,10,10
74333,135,140,-5,5
74334,63,63,0,0
74335,54,56,-2,2
74336,117,116,1,1
74337,79,76,3,3
74338,64,69,-5,5
74339,63,61,2,2
74340,63,69,-6,6
74341,80,79,1,1
74342,136,127,9,9
74343,106,82,24,24
74344,76,75,1,1
74345,80,78,2,2
74346,126,127,-1,1
74347,96,90,6,6
74348,56,53,3,3
74349,124,128,-4,4
74350,137,128,9,9
74351,63,91,-28,28
74352,59,59,0,0
74353,102,104,-2,2
74354,41,34,7,7
74355,84,88,-4,4
74356,99,103,-4,4
74357,108,125,-17,17
74358,125,128,-3,3
74359,115,114,1,1
74360,84,84,0,0
74361,100,105,-5,5
74362,128,128,0,0
74363,60,61,-1,1
74364,77,89,-12,12
74365,63,60,3,3
74366,90,104,-14,14
74367,64,79,-15,15
74368,61,43,18,18
74369,99,100,-1,1
74370,97,103,-6,6
74371,65,61,4,4
74372,99,99,0,0
74373,181,161,20,20
74374,83,90,-7,7
74375,102,106,-4,4
74376,136,145,-9,9
74377,56,54,2,2
74378,132,122,10,10
74379,76,74,2,2
74380,101,102,-1,1
74381,110,93,17,17
74382,51,43,8,8
74383,60,65,-5,5
74384,127,123,4,4
74385,81,109,-28,28
74386,59,55,4,4
74387,82,80,2,2
74388,103,106,-3,3
74389,99,99,0,0
74390,50,44,6,6
74391,85,99,-14,14
74392,67,62,5,5
74393,125,121,4,4
74394,93,89,4,4
74395,116,117,-1,1
74396,68,80,-12,12
74397,77,77,0,0
74398,95,96,-1,1
74399,59,71,-12,12
74400,111,101,10,10
74401,79,78,1,1
74402,84,91,-7,7
74403,89,101,-12,12
74404,164,161,3,3
74405,72,68,4,4
74406,78,85,-7,7
74407,149,160,-11,11
74408,95,81,14,14
74409,85,100,-15,15
74410,96,92,4,4
74411,72,70,2,2
74412,112,104,8,8
74413,77,65,12,12
74414,40,43,-3,3
74415,110,115,-5,5
74416,59,73,-14,14
74417,107,104,3,3
74418,66,88,-22,22
74419,87,87,0,0
74420,72,78,-6,6
74421,85,91,-6,6
74422,49,50,-1,1
74423,72,78,-6,6
74424,156,169,-13,13
74425,75,60,15,15
74426,83,67,16,16
74427,107,108,-1,1
74428,97,86,11,11
74429,108,115,-7,7
74430,89,79,10,10
74431,103,113,-10,10
74432,133,140,-7,7
74433,56,51,5,5
74434,77,80,-3,3
74435,88,87,1,1
74436,106,134,-28,28
74437,134,136,-2,2
74438,81,88,-7,7
74439,126,120,6,6
74440,69,74,-5,5
74441,120,159,-39,39
74442,121,99,22,22
74443,62,60,2,2
74444,85,78,7,7
74445,93,100,-7,7
74446,111,106,5,5
74447,99,125,-26,26
74448,50,57,-7,7
74449,98,116,-18,18
74450,83,56,27,27
74451,94,102,-8,8
74452,144,146,-2,2
74453,49,54,-5,5
74454,46,41,5,5
74455,87,92,-5,5
74456,80,88,-8,8
74457,150,130,20,20
74458,67,79,-12,12
74459,39,36,3,3
74460,82,77,5,5
74461,76,78,-2,2
74462,56,58,-2,2
74463,33,42,-9,9
74464,95,91,4,4
74465,67,61,6,6
74466,87,92,-5,5
74467,101,96,5,5
74468,62,63,-1,1
74469,62,52,10,10
74470,93,85,8,8
74471,71,61,10,10
74472,79,84,-5,5
74473,86,80,6,6
74474,70,78,-8,8
74475,117,113,4,4
74476,51,68,-17,17
74477,168,162,6,6
74478,120,110,10,10
74479,99,104,-5,5
74480,73,80,-7,7
74481,120,124,-4,4
74482,136,123,13,13
74483,57,76,-19,19
74484,89,83,6,6
74485,89,96,-7,7
74486,81,89,-8,8
74487,72,61,11,11
74488,104,100,4,4
74489,141,132,9,9
74490,79,82,-3,3
74491,167,153,14,14
74492,86,84,2,2
74493,138,130,8,8
74494,66,67,-1,1
74495,59,60,-1,1
74496,110,122,-12,12
74497,82,78,4,4
74498,92,90,2,2
74499,62,51,11,11
74500,82,79,3,3
74501,62,70,-8,8
74502,94,93,1,1
74503,135,146,-11,11
74504,227,234,-7,7
74505,85,94,-9,9
74506,74,82,-8,8
74507,106,132,-26,26
74508,52,60,-8,8
74509,96,89,7,7
74510,97,104,-7,7
74511,143,145,-2,2
74512,84,76,8,8
74513,77,70,7,7
74514,49,54,-5,5
74515,116,115,1,1
74516,67,102,-35,35
74517,74,85,-11,11
74518,83,82,1,1
74519,77,78,-1,1
74520,113,114,-1,1
74521,125,123,2,2
74522,59,58,1,1
74523,62,63,-1,1
74524,148,140,8,8
74525,56,70,-14,14
74526,85,103,-18,18
74527,158,136,22,22
74528,79,78,1,1
74529,87,84,3,3
74530,115,145,-30,30
74531,62,62,0,0
74532,78,74,4,4
74533,107,104,3,3
74534,129,130,-1,1
74535,109,105,4,4
74536,46,50,-4,4
74537,73,68,5,5
74538,47,44,3,3
74539,57,66,-9,9
74540,136,141,-5,5
74541,74,70,4,4
74542,73,77,-4,4
74543,117,117,0,0
74544,64,47,17,17
74545,65,74,-9,9
74546,61,55,6,6
74547,40,46,-6,6
74548,84,88,-4,4
74549,96,86,10,10
74550,108,101,7,7
74551,148,142,6,6
74552,111,117,-6,6
74553,131,140,-9,9
74554,55,62,-7,7
74555,132,123,9,9
74556,156,131,25,25
74557,68,60,8,8
74558,109,95,14,14
74559,65,61,4,4
74560,78,70,8,8
74561,136,127,9,9
74562,190,186,4,4
74563,157,150,7,7
74564,110,110,0,0
74565,50,59,-9,9
74566,123,130,-7,7
74567,127,130,-3,3
74568,88,91,-3,3
74569,116,114,2,2
74570,85,95,-10,10
74571,116,108,8,8
74572,181,175,6,6
74573,87,86,1,1
74574,135,137,-2,2
74575,64,76,-12,12
74576,92,92,0,0
74577,59,64,-5,5
74578,81,80,1,1
74579,71,71,0,0
74580,130,139,-9,9
74581,96,88,8,8
74582,86,84,2,2
74583,107,124,-17,17
74584,118,103,15,15
74585,93,100,-7,7
74586,88,92,-4,4
74587,54,64,-10,10
74588,101,104,-3,3
74589,58,63,-5,5
74590,109,111,-2,2
74591,106,115,-9,9
74592,139,137,2,2
74593,50,44,6,6
74594,168,165,3,3
74595,115,118,-3,3
74596,70,75,-5,5
74597,92,103,-11,11
74598,133,128,5,5
74599,74,76,-2,2
74600,159,157,2,2
74601,120,121,-1,1
74602,84,106,-22,22
74603,103,118,-15,15
74604,183,149,34,34
74605,139,148,-9,9
74606,86,73,13,13
74607,82,84,-2,2
74608,61,71,-10,10
74609,123,109,14,14
74610,87,98,-11,11
74611,135,133,2,2
74612,99,94,5,5
74613,74,77,-3,3
74614,74,75,-1,1
74615,139,146,-7,7
74616,85,87,-2,2
74617,70,80,-10,10
74618,106,103,3,3
74619,123,124,-1,1
74620,100,97,3,3
74621,61,63,-2,2
74622,92,101,-9,9
74623,132,131,1,1
74624,59,66,-7,7
74625,226,192,34,34
74626,84,81,3,3
74627,165,180,-15,15
74628,83,94,-11,11
74629,115,119,-4,4
74630,159,146,13,13
74631,93,80,13,13
74632,126,131,-5,5
74633,51,54,-3,3
74634,118,118,0,0
74635,80,69,11,11
74636,161,141,20,20
74637,91,94,-3,3
74638,83,85,-2,2
74639,91,92,-1,1
74640,234,211,23,23
74641,78,73,5,5
74642,101,95,6,6
74643,72,71,1,1
74644,92,76,16,16
74645,44,61,-17,17
74646,76,80,-4,4
74647,106,112,-6,6
74648,119,118,1,1
74649,111,98,13,13
74650,111,118,-7,7
74651,105,101,4,4
74652,62,69,-7,7
74653,113,116,-3,3
74654,94,107,-13,13
74655,155,145,10,10
74656,59,59,0,0
74657,86,100,-14,14
74658,61,67,-6,6
74659,198,182,16,16
74660,83,80,3,3
74661,50,63,-13,13
74662,126,125,1,1
74663,95,88,7,7
74664,95,87,8,8
74665,24,17,7,7
74666,90,97,-7,7
74667,47,46,1,1
74668,64,74,-10,10
74669,107,114,-7,7
74670,94,87,7,7
74671,77,77,0,0
74672,111,125,-14,14
74673,107,117,-10,10
74674,33,42,-9,9
74675,73,73,0,0
74676,63,64,-1,1
74677,90,89,1,1
74678,89,164,-75,75
74679,79,77,2,2
74680,128,139,-11,11
74681,91,90,1,1
74682,114,108,6,6
74683,103,100,3,3
74684,61,50,11,11
74685,122,126,-4,4
74686,114,115,-1,1
74687,143,148,-5,5
74688,75,77,-2,2
74689,66,63,3,3
74690,90,92,-2,2
74691,108,83,25,25
74692,74,78,-4,4
74693,137,127,10,10
74694,121,109,12,12
74695,85,101,-16,16
74696,47,54,-7,7
74697,51,65,-14,14
74698,79,76,3,3
74699,80,81,-1,1
74700,111,109,2,2
74701,126,133,-7,7
74702,37,37,0,0
74703,87,90,-3,3
74704,102,98,4,4
74705,73,78,-5,5
74706,81,106,-25,25
74707,85,71,14,14
74708,127,120,7,7
74709,127,118,9,9
74710,93,98,-5,5
74711,122,126,-4,4
74712,175,154,21,21
74713,96,97,-1,1
74714,88,80,8,8
74715,162,148,14,14
74716,124,136,-12,12
74717,42,41,1,1
74718,90,91,-1,1
74719,91,93,-2,2
74720,129,129,0,0
74721,53,54,-1,1
74722,75,74,1,1
74723,88,68,20,20
74724,70,64,6,6
74725,185,174,11,11
74726,105,104,1,1
74727,128,121,7,7
74728,103,99,4,4
74729,100,109,-9,9
74730,71,69,2,2
74731,157,140,17,17
74732,103,109,-6,6
74733,118,123,-5,5
74734,140,199,-59,59
74735,102,111,-9,9
74736,71,70,1,1
74737,143,156,-13,13
74738,58,64,-6,6
74739,96,105,-9,9
74740,112,114,-2,2
74741,85,83,2,2
74742,92,104,-12,12
74743,81,94,-13,13
74744,102,102,0,0
74745,43,40,3,3
74746,87,83,4,4
74747,118,129,-11,11
74748,85,74,11,11
74749,100,104,-4,4
74750,83,91,-8,8
74751,83,66,17,17
74752,89,85,4,4
74753,50,49,1,1
74754,134,134,0,0
74755,65,58,7,7
74756,72,63,9,9
74757,75,70,5,5
74758,78,80,-2,2
74759,81,83,-2,2
74760,105,110,-5,5
74761,67,66,1,1
74762,136,75,61,61
74763,86,104,-18,18
74764,139,136,3,3
74765,78,79,-1,1
74766,38,31,7,7
74767,78,73,5,5
74768,59,56,3,3
74769,91,86,5,5
74770,152,143,9,9
74771,148,154,-6,6
74772,108,108,0,0
74773,77,76,1,1
74774,83,77,6,6
74775,89,86,3,3
74776,104,93,11,11
74777,117,119,-2,2
74778,151,137,14,14
74779,45,47,-2,2
74780,60,50,10,10
74781,125,129,-4,4
74782,41,39,2,2
74783,49,51,-2,2
74784,140,133,7,7
74785,90,97,-7,7
74786,93,100,-7,7
74787,100,89,11,11
74788,125,111,14,14
74789,114,126,-12,12
74790,128,133,-5,5
74791,60,61,-1,1
74792,191,170,21,21
74793,140,143,-3,3
74794,82,82,0,0
74795,76,69,7,7
74796,117,117,0,0
74797,83,92,-9,9
74798,82,82,0,0
74799,122,133,-11,11
74800,60,56,4,4
74801,117,122,-5,5
74802,96,81,15,15
74803,115,113,2,2
74804,134,131,3,3
74805,109,113,-4,4
74806,91,83,8,8
74807,72,80,-8,8
74808,96,96,0,0
74809,80,85,-5,5
74810,71,79,-8,8
74811,95,83,12,12
74812,101,107,-6,6
74813,67,65,2,2
74814,87,99,-12,12
74815,89,90,-1,1
74816,62,51,11,11
74817,126,150,-24,24
74818,78,84,-6,6
74819,100,102,-2,2
74820,96,94,2,2
74821,100,101,-1,1
74822,59,61,-2,2
74823,93,93,0,0
74824,120,121,-1,1
74825,70,72,-2,2
74826,46,44,2,2
74827,153,145,8,8
74828,91,93,-2,2
74829,94,107,-13,13
74830,74,84,-10,10
74831,87,75,12,12
74832,76,74,2,2
74833,56,57,-1,1
74834,104,121,-17,17
74835,126,124,2,2
74836,115,109,6,6
74837,107,128,-21,21
74838,41,51,-10,10
74839,75,71,4,4
74840,76,82,-6,6
74841,75,80,-5,5
74842,50,58,-8,8
74843,118,115,3,3
74844,131,122,9,9
74845,92,132,-40,40
74846,113,103,10,10
74847,126,115,11,11
74848,65,71,-6,6
74849,128,130,-2,2
74850,89,94,-5,5
74851,100,87,13,13
74852,85,84,1,1
74853,166,147,19,19
74854,100,114,-14,14
74855,119,126,-7,7
74856,72,72,0,0
74857,78,81,-3,3
74858,70,56,14,14
74859,84,87,-3,3
74860,56,53,3,3
74861,18,33,-15,15
74862,75,78,-3,3
74863,107,120,-13,13
74864,86,83,3,3
74865,128,130,-2,2
74866,99,106,-7,7
74867,69,79,-10,10
74868,130,125,5,5
74869,127,127,0,0
74870,188,169,19,19
74871,99,98,1,1
74872,83,79,4,4
74873,105,100,5,5
74874,56,62,-6,6
74875,84,88,-4,4
74876,43,52,-9,9
74877,104,115,-11,11
74878,93,95,-2,2
74879,111,121,-10,10
74880,106,120,-14,14
74881,77,73,4,4
74882,74,74,0,0
74883,138,137,1,1
74884,47,50,-3,3
74885,158,162,-4,4
74886,111,110,1,1
74887,84,88,-4,4
74888,129,143,-14,14
74889,76,81,-5,5
74890,84,83,1,1
74891,67,66,1,1
74892,61,56,5,5
74893,107,108,-1,1
74894,79,67,12,12
74895,112,124,-12,12
74896,53,54,-1,1
74897,84,82,2,2
74898,46,45,1,1
74899,115,110,5,5
74900,48,41,7,7
74901,51,52,-1,1
74902,73,79,-6,6
74903,81,97,-16,16
74904,53,58,-5,5
74905,144,142,2,2
74906,93,92,1,1
74907,63,85,-22,22
74908,47,49,-2,2
74909,117,121,-4,4
74910,172,144,28,28
74911,57,64,-7,7
74912,143,130,13,13
74913,108,113,-5,5
74914,140,129,11,11
74915,70,68,2,2
74916,96,96,0,0
74917,107,112,-5,5
74918,116,114,2,2
74919,120,121,-1,1
74920,60,48,12,12
74921,77,86,-9,9
74922,112,114,-2,2
74923,97,102,-5,5
74924,183,188,-5,5
74925,95,97,-2,2
74926,92,89,3,3
74927,76,92,-16,16
74928,99,101,-2,2
74929,85,77,8,8
74930,76,77,-1,1
74931,93,98,-5,5
74932,50,54,-4,4
74933,55,52,3,3
74934,88,87,1,1
74935,97,116,-19,19
74936,83,80,3,3
74937,54,51,3,3
74938,86,83,3,3
74939,77,89,-12,12
74940,282,361,-79,79
74941,136,132,4,4
74942,91,90,1,1
74943,150,167,-17,17
74944,66,68,-2,2
74945,71,81,-10,10
74946,87,89,-2,2
74947,87,94,-7,7
74948,119,123,-4,4
74949,148,137,11,11
74950,117,113,4,4
74951,85,88,-3,3
74952,97,95,2,2
74953,49,48,1,1
74954,103,108,-5,5
74955,38,39,-1,1
74956,86,94,-8,8
74957,49,38,11,11
74958,103,99,4,4
74959,103,144,-41,41
74960,45,42,3,3
74961,103,104,-1,1
74962,83,85,-2,2
74963,95,87,8,8
74964,60,58,2,2
74965,102,125,-23,23
74966,138,141,-3,3
74967,83,71,12,12
74968,95,99,-4,4
74969,96,96,0,0
74970,150,154,-4,4
74971,53,51,2,2
74972,133,122,11,11
74973,45,48,-3,3
74974,50,46,4,4
74975,35,91,-56,56
74976,103,94,9,9
74977,58,58,0,0
74978,72,77,-5,5
74979,100,105,-5,5
74980,95,90,5,5
74981,109,101,8,8
74982,57,72,-15,15
74983,68,91,-23,23
74984,89,91,-2,2
74985,129,125,4,4
74986,118,119,-1,1
74987,114,111,3,3
74988,112,110,2,2
74989,103,102,1,1
74990,95,95,0,0
74991,130,139,-9,9
74992,95,75,20,20
74993,129,125,4,4
74994,84,81,3,3
74995,103,112,-9,9
74996,146,152,-6,6
74997,84,85,-1,1
74998,143,129,14,14
74999,84,90,-6,6
75000,69,73,-4,4
75001,94,102,-8,8
75002,56,74,-18,18
75003,133,132,1,1
75004,49,58,-9,9
75005,58,54,4,4
75006,122,113,9,9
75007,117,128,-11,11
75008,87,87,0,0
75009,113,113,0,0
75010,60,62,-2,2
75011,65,68,-3,3
75012,103,105,-2,2
75013,152,140,12,12
75014,121,116,5,5
75015,119,117,2,2
75016,47,49,-2,2
75017,113,107,6,6
75018,101,99,2,2
75019,73,87,-14,14
75020,88,103,-15,15
75021,156,149,7,7
75022,99,88,11,11
75023,86,90,-4,4
75024,101,114,-13,13
75025,91,89,2,2
75026,59,66,-7,7
75027,72,76,-4,4
75028,111,94,17,17
75029,108,112,-4,4
75030,78,82,-4,4
75031,63,67,-4,4
75032,97,102,-5,5
75033,76,76,0,0
75034,94,107,-13,13
75035,83,79,4,4
75036,72,72,0,0
75037,113,101,12,12
75038,126,124,2,2
75039,86,93,-7,7
75040,67,60,7,7
75041,149,143,6,6
75042,89,80,9,9
75043,115,104,11,11
75044,111,100,11,11
75045,135,139,-4,4
75046,54,60,-6,6
75047,123,129,-6,6
75048,82,94,-12,12
75049,26,23,3,3
75050,66,65,1,1
75051,117,115,2,2
75052,135,140,-5,5
75053,70,68,2,2
75054,59,56,3,3
75055,141,142,-1,1
75056,64,64,0,0
75057,126,128,-2,2
75058,97,94,3,3
75059,54,50,4,4
75060,99,102,-3,3
75061,138,127,11,11
75062,130,134,-4,4
75063,111,101,10,10
75064,81,89,-8,8
75065,97,107,-10,10
75066,146,145,1,1
75067,92,87,5,5
75068,68,54,14,14
75069,70,77,-7,7
75070,79,77,2,2
75071,57,73,-16,16
75072,70,48,22,22
75073,52,52,0,0
75074,82,90,-8,8
75075,72,76,-4,4
75076,86,83,3,3
75077,124,117,7,7
75078,71,71,0,0
75079,75,52,23,23
75080,111,105,6,6
75081,85,77,8,8
75082,77,77,0,0
75083,116,120,-4,4
75084,121,137,-16,16
75085,63,53,10,10
75086,65,58,7,7
75087,92,95,-3,3
75088,115,110,5,5
75089,62,61,1,1
75090,90,91,-1,1
75091,50,50,0,0
75092,81,90,-9,9
75093,33,40,-7,7
75094,141,129,12,12
75095,51,45,6,6
75096,32,42,-10,10
75097,89,105,-16,16
75098,117,115,2,2
75099,97,104,-7,7
75100,92,88,4,4
75101,71,67,4,4
75102,76,81,-5,5
75103,42,39,3,3
75104,84,92,-8,8
75105,87,91,-4,4
75106,153,146,7,7
75107,91,94,-3,3
75108,59,68,-9,9
75109,69,72,-3,3
75110,109,104,5,5
75111,115,112,3,3
75112,169,165,4,4
75113,67,67,0,0
75114,96,96,0,0
75115,94,101,-7,7
75116,173,149,24,24
75117,96,89,7,7
75118,127,89,38,38
75119,58,59,-1,1
75120,69,66,3,3
75121,68,71,-3,3
75122,141,143,-2,2
75123,110,140,-30,30
75124,46,95,-49,49
75125,56,122,-66,66
75126,99,105,-6,6
75127,117,129,-12,12
75128,53,54,-1,1
75129,92,92,0,0
75130,100,117,-17,17
75131,100,90,10,10
75132,92,98,-6,6
75133,67,66,1,1
75134,148,134,14,14
75135,122,136,-14,14
75136,162,150,12,12
75137,86,88,-2,2
75138,165,146,19,19
75139,106,104,2,2
75140,84,104,-20,20
75141,97,97,0,0
75142,61,56,5,5
75143,187,190,-3,3
75144,153,156,-3,3
75145,57,63,-6,6
75146,101,101,0,0
75147,154,129,25,25
75148,108,113,-5,5
75149,55,50,5,5
75150,113,103,10,10
75151,55,48,7,7
75152,101,88,13,13
75153,91,94,-3,3
75154,89,94,-5,5
75155,96,90,6,6
75156,52,58,-6,6
75157,54,59,-5,5
75158,69,70,-1,1
75159,95,109,-14,14
75160,88,87,1,1
75161,126,127,-1,1
75162,82,92,-10,10
75163,76,87,-11,11
75164,112,111,1,1
75165,117,111,6,6
75166,113,114,-1,1
75167,97,100,-3,3
75168,98,102,-4,4
75169,83,77,6,6
75170,76,76,0,0
75171,80,81,-1,1
75172,111,114,-3,3
75173,135,132,3,3
75174,62,69,-7,7
75175,140,140,0,0
75176,68,72,-4,4
75177,141,149,-8,8
75178,53,60,-7,7
75179,140,140,0,0
75180,74,71,3,3
75181,70,77,-7,7
75182,78,91,-13,13
75183,103,102,1,1
75184,97,97,0,0
75185,75,76,-1,1
75186,143,145,-2,2
75187,163,154,9,9
75188,71,69,2,2
75189,58,54,4,4
75190,69,76,-7,7
75191,72,78,-6,6
75192,158,151,7,7
75193,93,110,-17,17
75194,80,84,-4,4
75195,142,132,10,10
75196,46,45,1,1
75197,76,79,-3,3
75198,129,164,-35,35
75199,82,81,1,1
75200,146,135,11,11
75201,93,98,-5,5
75202,113,113,0,0
75203,142,139,3,3
75204,72,67,5,5
75205,74,70,4,4
75206,88,108,-20,20
75207,105,110,-5,5
75208,110,116,-6,6
75209,83,83,0,0
75210,27,29,-2,2
75211,136,132,4,4
75212,81,80,1,1
75213,98,98,0,0
75214,120,123,-3,3
75215,92,40,52,52
75216,145,190,-45,45
75217,137,129,8,8
75218,103,111,-8,8
75219,121,136,-15,15
75220,54,68,-14,14
75221,112,116,-4,4
75222,76,84,-8,8
75223,89,87,2,2
75224,160,118,42,42
75225,28,39,-11,11
75226,76,74,2,2
75227,165,162,3,3
75228,100,92,8,8
75229,152,133,19,19
75230,82,71,11,11
75231,94,87,7,7
75232,60,59,1,1
75233,125,125,0,0
75234,69,75,-6,6
75235,120,86,34,34
75236,91,88,3,3
75237,96,90,6,6
75238,45,37,8,8
75239,56,56,0,0
75240,76,75,1,1
75241,75,82,-7,7
75242,79,83,-4,4
75243,124,114,10,10
75244,106,103,3,3
75245,122,118,4,4
75246,51,46,5,5
75247,69,70,-1,1
75248,85,95,-10,10
75249,115,156,-41,41
75250,115,124,-9,9
75251,115,116,-1,1
75252,60,66,-6,6
75253,76,76,0,0
75254,32,36,-4,4
75255,79,81,-2,2
75256,44,35,9,9
75257,58,59,-1,1
75258,130,131,-1,1
75259,132,131,1,1
75260,79,78,1,1
75261,92,93,-1,1
75262,144,151,-7,7
75263,54,61,-7,7
75264,133,131,2,2
75265,64,82,-18,18
75266,92,92,0,0
75267,156,147,9,9
75268,58,62,-4,4
75269,82,76,6,6
75270,86,88,-2,2
75271,173,159,14,14
75272,94,88,6,6
75273,60,65,-5,5
75274,108,107,1,1
75275,126,133,-7,7
75276,56,53,3,3
75277,98,101,-3,3
75278,92,86,6,6
75279,117,109,8,8
75280,52,49,3,3
75281,94,88,6,6
75282,78,78,0,0
75283,76,103,-27,27
75284,67,63,4,4
75285,124,129,-5,5
75286,128,131,-3,3
75287,73,66,7,7
75288,62,56,6,6
75289,100,105,-5,5
75290,130,139,-9,9
75291,61,65,-4,4
75292,262,225,37,37
75293,60,55,5,5
75294,102,113,-11,11
75295,57,54,3,3
75296,97,104,-7,7
75297,84,91,-7,7
75298,61,99,-38,38
75299,135,123,12,12
75300,104,89,15,15
75301,79,82,-3,3
75302,187,158,29,29
75303,62,58,4,4
75304,94,94,0,0
75305,94,108,-14,14
75306,94,86,8,8
75307,126,114,12,12
75308,126,115,11,11
75309,108,102,6,6
75310,60,50,10,10
75311,93,110,-17,17
75312,53,48,5,5
75313,61,64,-3,3
75314,79,81,-2,2
75315,74,71,3,3
75316,50,43,7,7
75317,75,36,39,39
75318,40,47,-7,7
75319,47,46,1,1
75320,78,94,-16,16
75321,51,52,-1,1
75322,97,100,-3,3
75323,54,52,2,2
75324,100,103,-3,3
75325,91,94,-3,3
75326,48,53,-5,5
75327,46,46,0,0
75328,153,148,5,5
75329,123,123,0,0
75330,52,56,-4,4
75331,92,86,6,6
75332,71,78,-7,7
75333,141,133,8,8
75334,46,37,9,9
75335,72,80,-8,8
75336,84,83,1,1
75337,82,84,-2,2
75338,78,78,0,0
75339,77,67,10,10
75340,93,83,10,10
75341,47,51,-4,4
75342,67,66,1,1
75343,67,71,-4,4
75344,113,105,8,8
75345,179,173,6,6
75346,95,98,-3,3
75347,164,149,15,15
75348,45,48,-3,3
75349,127,114,13,13
75350,118,137,-19,19
75351,96,89,7,7
75352,57,57,0,0
75353,151,151,0,0
75354,69,69,0,0
75355,79,100,-21,21
75356,86,86,0,0
75357,186,177,9,9
75358,147,136,11,11
75359,109,117,-8,8
75360,97,94,3,3
75361,110,101,9,9
75362,69,59,10,10
75363,65,73,-8,8
75364,119,118,1,1
75365,58,65,-7,7
75366,77,80,-3,3
75367,97,104,-7,7
75368,95,98,-3,3
75369,123,132,-9,9
75370,107,134,-27,27
75371,117,116,1,1
75372,72,79,-7,7
75373,119,115,4,4
75374,103,102,1,1
75375,129,130,-1,1
75376,83,81,2,2
75377,248,239,9,9
75378,93,87,6,6
75379,129,124,5,5
75380,68,78,-10,10
75381,117,120,-3,3
75382,87,90,-3,3
75383,118,117,1,1
75384,98,95,3,3
75385,103,107,-4,4
75386,69,70,-1,1
75387,110,101,9,9
75388,125,120,5,5
75389,113,119,-6,6
75390,112,118,-6,6
75391,81,75,6,6
75392,86,88,-2,2
75393,148,144,4,4
75394,102,97,5,5
75395,31,33,-2,2
75396,64,72,-8,8
75397,114,124,-10,10
75398,87,93,-6,6
75399,127,144,-17,17
75400,91,92,-1,1
75401,74,66,8,8
75402,175,155,20,20
75403,223,201,22,22
75404,87,86,1,1
75405,67,64,3,3
75406,59,60,-1,1
75407,104,100,4,4
75408,64,88,-24,24
75409,149,159,-10,10
75410,125,122,3,3
75411,45,47,-2,2
75412,93,100,-7,7
75413,86,92,-6,6
75414,80,75,5,5
75415,73,63,10,10
75416,92,87,5,5
75417,120,146,-26,26
75418,126,118,8,8
75419,73,76,-3,3
75420,54,61,-7,7
75421,65,58,7,7
75422,100,105,-5,5
75423,105,100,5,5
75424,85,79,6,6
75425,100,95,5,5
75426,81,91,-10,10
75427,67,70,-3,3
75428,174,168,6,6
75429,132,125,7,7
75430,127,102,25,25
75431,96,103,-7,7
75432,73,69,4,4
75433,86,84,2,2
75434,73,69,4,4
75435,124,124,0,0
75436,75,79,-4,4
75437,49,63,-14,14
75438,99,131,-32,32
75439,55,55,0,0
75440,141,105,36,36
75441,62,76,-14,14
75442,75,63,12,12
75443,99,100,-1,1
75444,97,96,1,1
75445,104,107,-3,3
75446,96,94,2,2
75447,122,124,-2,2
75448,101,89,12,12
75449,109,117,-8,8
75450,111,113,-2,2
75451,99,93,6,6
75452,77,85,-8,8
75453,118,127,-9,9
75454,89,58,31,31
75455,75,86,-11,11
75456,59,62,-3,3
75457,57,59,-2,2
75458,99,93,6,6
75459,88,61,27,27
75460,106,99,7,7
75461,101,107,-6,6
75462,131,127,4,4
75463,127,128,-1,1
75464,65,66,-1,1
75465,101,93,8,8
75466,140,136,4,4
75467,122,128,-6,6
75468,80,71,9,9
75469,128,137,-9,9
75470,85,87,-2,2
75471,111,115,-4,4
75472,78,84,-6,6
75473,93,95,-2,2
75474,42,40,2,2
75475,66,55,11,11
75476,95,108,-13,13
75477,90,72,18,18
75478,100,108,-8,8
75479,82,80,2,2
75480,67,83,-16,16
75481,105,100,5,5
75482,110,107,3,3
75483,56,55,1,1
75484,37,31,6,6
75485,65,71,-6,6
75486,72,70,2,2
75487,106,110,-4,4
75488,99,77,22,22
75489,104,107,-3,3
75490,87,86,1,1
75491,76,85,-9,9
75492,53,46,7,7
75493,57,59,-2,2
75494,69,63,6,6
75495,83,79,4,4
75496,56,55,1,1
75497,78,78,0,0
75498,95,105,-10,10
75499,78,80,-2,2
75500,74,70,4,4
75501,82,93,-11,11
75502,95,89,6,6
75503,85,83,2,2
75504,63,61,2,2
75505,124,121,3,3
75506,67,61,6,6
75507,112,114,-2,2
75508,94,102,-8,8
75509,69,68,1,1
75510,121,133,-12,12
75511,82,84,-2,2
75512,111,106,5,5
75513,126,123,3,3
75514,74,69,5,5
75515,81,77,4,4
75516,100,100,0,0
75517,148,135,13,13
75518,88,87,1,1
75519,70,70,0,0
75520,150,127,23,23
75521,88,87,1,1
75522,28,28,0,0
75523,93,91,2,2
75524,96,102,-6,6
75525,90,88,2,2
75526,150,155,-5,5
75527,75,82,-7,7
75528,93,111,-18,18
75529,150,144,6,6
75530,123,115,8,8
75531,133,134,-1,1
75532,69,87,-18,18
75533,167,145,22,22
75534,46,31,15,15
75535,92,98,-6,6
75536,54,56,-2,2
75537,154,141,13,13
75538,45,33,12,12
75539,137,136,1,1
75540,115,109,6,6
75541,99,90,9,9
75542,93,91,2,2
75543,83,73,10,10
75544,115,101,14,14
75545,23,54,-31,31
75546,92,94,-2,2
75547,85,93,-8,8
75548,80,78,2,2
75549,190,188,2,2
75550,95,93,2,2
75551,153,134,19,19
75552,83,90,-7,7
75553,51,47,4,4
75554,85,83,2,2
75555,85,90,-5,5
75556,59,64,-5,5
75557,172,159,13,13
75558,53,48,5,5
75559,128,121,7,7
75560,72,74,-2,2
75561,130,127,3,3
75562,54,60,-6,6
75563,145,124,21,21
75564,94,105,-11,11
75565,111,115,-4,4
75566,35,42,-7,7
75567,74,80,-6,6
75568,85,98,-13,13
75569,129,127,2,2
75570,49,47,2,2
75571,56,63,-7,7
75572,99,96,3,3
75573,79,102,-23,23
75574,129,121,8,8
75575,74,75,-1,1
75576,78,85,-7,7
75577,70,72,-2,2
75578,157,170,-13,13
75579,98,101,-3,3
75580,66,77,-11,11
75581,75,80,-5,5
75582,76,74,2,2
75583,94,107,-13,13
75584,100,93,7,7
75585,50,52,-2,2
75586,98,97,1,1
75587,96,103,-7,7
75588,134,139,-5,5
75589,108,97,11,11
75590,212,193,19,19
75591,138,129,9,9
75592,88,85,3,3
75593,12,17,-5,5
75594,66,69,-3,3
75595,98,92,6,6
75596,110,107,3,3
75597,75,76,-1,1
75598,146,150,-4,4
75599,176,186,-10,10
75600,91,88,3,3
75601,88,91,-3,3
75602,51,50,1,1
75603,190,171,19,19
75604,128,121,7,7
75605,74,73,1,1
75606,83,89,-6,6
75607,64,62,2,2
75608,127,130,-3,3
75609,130,123,7,7
75610,95,92,3,3
75611,66,146,-80,80
75612,46,29,17,17
75613,79,83,-4,4
75614,110,106,4,4
75615,116,111,5,5
75616,68,82,-14,14
75617,70,64,6,6
75618,59,76,-17,17
75619,107,101,6,6
75620,77,88,-11,11
75621,97,125,-28,28
75622,160,150,10,10
75623,130,149,-19,19
75624,60,62,-2,2
75625,104,102,2,2
75626,91,85,6,6
75627,89,103,-14,14
75628,49,56,-7,7
75629,155,152,3,3
75630,94,102,-8,8
75631,146,139,7,7
75632,87,96,-9,9
75633,127,123,4,4
75634,79,84,-5,5
75635,93,96,-3,3
75636,121,132,-11,11
75637,74,72,2,2
75638,113,116,-3,3
75639,163,147,16,16
75640,122,112,10,10
75641,118,125,-7,7
75642,56,58,-2,2
75643,129,132,-3,3
75644,128,123,5,5
75645,159,150,9,9
75646,62,62,0,0
75647,108,124,-16,16
75648,72,76,-4,4
75649,79,81,-2,2
75650,166,174,-8,8
75651,62,70,-8,8
75652,144,141,3,3
75653,129,127,2,2
75654,72,77,-5,5
75655,93,87,6,6
75656,86,96,-10,10
75657,126,116,10,10
75658,86,82,4,4
75659,87,90,-3,3
75660,183,162,21,21
75661,68,71,-3,3
75662,80,82,-2,2
75663,63,73,-10,10
75664,61,62,-1,1
75665,103,106,-3,3
75666,46,53,-7,7
75667,107,102,5,5
75668,127,126,1,1
75669,89,80,9,9
75670,104,98,6,6
75671,82,88,-6,6
75672,114,120,-6,6
75673,82,84,-2,2
75674,109,114,-5,5
75675,105,103,2,2
75676,67,71,-4,4
75677,64,64,0,0
75678,109,110,-1,1
75679,50,49,1,1
75680,49,55,-6,6
75681,89,94,-5,5
75682,163,150,13,13
75683,64,72,-8,8
75684,180,152,28,28
75685,73,120,-47,47
75686,155,151,4,4
75687,106,106,0,0
75688,102,101,1,1
75689,142,147,-5,5
75690,62,60,2,2
75691,93,92,1,1
75692,125,115,10,10
75693,71,73,-2,2
75694,62,79,-17,17
75695,129,131,-2,2
75696,109,127,-18,18
75697,174,166,8,8
75698,103,107,-4,4
75699,124,114,10,10
75700,74,72,2,2
75701,96,93,3,3
75702,112,112,0,0
75703,78,81,-3,3
75704,59,55,4,4
75705,54,56,-2,2
75706,86,84,2,2
75707,99,113,-14,14
75708,120,137,-17,17
75709,134,131,3,3
75710,141,129,12,12
75711,99,104,-5,5
75712,92,92,0,0
75713,121,119,2,2
75714,74,74,0,0
75715,101,90,11,11
75716,14,78,-64,64
75717,80,77,3,3
75718,88,84,4,4
75719,60,66,-6,6
75720,112,109,3,3
75721,153,130,23,23
75722,108,114,-6,6
75723,98,102,-4,4
75724,78,104,-26,26
75725,115,145,-30,30
75726,71,71,0,0
75727,129,135,-6,6
75728,56,59,-3,3
75729,68,59,9,9
75730,80,77,3,3
75731,110,117,-7,7
75732,86,92,-6,6
75733,139,137,2,2
75734,125,120,5,5
75735,73,71,2,2
75736,122,114,8,8
75737,99,98,1,1
75738,78,82,-4,4
75739,150,139,11,11
75740,112,96,16,16
75741,95,110,-15,15
75742,85,80,5,5
75743,67,56,11,11
75744,91,84,7,7
75745,110,102,8,8
75746,88,74,14,14
75747,115,125,-10,10
75748,78,81,-3,3
75749,89,105,-16,16
75750,71,71,0,0
75751,65,57,8,8
75752,67,85,-18,18
75753,144,138,6,6
75754,98,99,-1,1
75755,78,75,3,3
75756,130,128,2,2
75757,75,86,-11,11
75758,83,85,-2,2
75759,72,64,8,8
75760,106,106,0,0
75761,44,39,5,5
75762,108,106,2,2
75763,80,70,10,10
75764,98,99,-1,1
75765,97,96,1,1
75766,124,138,-14,14
75767,96,81,15,15
75768,71,72,-1,1
75769,118,120,-2,2
75770,115,129,-14,14
75771,88,85,3,3
75772,104,111,-7,7
75773,75,61,14,14
75774,115,117,-2,2
75775,94,82,12,12
75776,97,101,-4,4
75777,71,79,-8,8
75778,73,90,-17,17
75779,64,67,-3,3
75780,61,66,-5,5
75781,46,46,0,0
75782,81,86,-5,5
75783,56,59,-3,3
75784,99,97,2,2
75785,131,145,-14,14
75786,75,77,-2,2
75787,74,71,3,3
75788,111,108,3,3
75789,136,124,12,12
75790,81,75,6,6
75791,50,54,-4,4
75792,95,94,1,1
75793,108,131,-23,23
75794,62,108,-46,46
75795,78,79,-1,1
75796,92,74,18,18
75797,42,45,-3,3
75798,102,108,-6,6
75799,104,110,-6,6
75800,55,65,-10,10
75801,69,76,-7,7
75802,90,91,-1,1
75803,63,74,-11,11
75804,101,115,-14,14
75805,43,48,-5,5
75806,69,75,-6,6
75807,109,109,0,0
75808,142,139,3,3
75809,140,134,6,6
75810,67,68,-1,1
75811,62,63,-1,1
75812,114,98,16,16
75813,107,111,-4,4
75814,85,120,-35,35
75815,167,156,11,11
75816,163,164,-1,1
75817,85,97,-12,12
75818,73,82,-9,9
75819,109,107,2,2
75820,61,66,-5,5
75821,77,82,-5,5
75822,207,181,26,26
75823,99,96,3,3
75824,182,162,20,20
75825,99,100,-1,1
75826,83,91,-8,8
75827,75,82,-7,7
75828,139,137,2,2
75829,47,43,4,4
75830,65,85,-20,20
75831,143,114,29,29
75832,73,76,-3,3
75833,79,88,-9,9
75834,85,76,9,9
75835,88,91,-3,3
75836,141,124,17,17
75837,71,104,-33,33
75838,96,96,0,0
75839,153,155,-2,2
75840,133,126,7,7
75841,80,94,-14,14
75842,171,172,-1,1
75843,125,131,-6,6
75844,91,88,3,3
75845,61,61,0,0
75846,131,122,9,9
75847,136,114,22,22
75848,58,67,-9,9
75849,93,92,1,1
75850,88,91,-3,3
75851,68,70,-2,2
75852,129,122,7,7
75853,127,119,8,8
75854,98,148,-50,50
75855,87,97,-10,10
75856,84,83,1,1
75857,51,77,-26,26
75858,72,71,1,1
75859,144,134,10,10
75860,96,105,-9,9
75861,61,60,1,1
75862,86,95,-9,9
75863,78,73,5,5
75864,51,51,0,0
75865,151,139,12,12
75866,109,107,2,2
75867,108,106,2,2
75868,80,74,6,6
75869,67,62,5,5
75870,125,140,-15,15
75871,75,68,7,7
75872,176,171,5,5
75873,105,106,-1,1
75874,82,87,-5,5
75875,146,137,9,9
75876,49,99,-50,50
75877,68,86,-18,18
75878,119,121,-2,2
75879,40,31,9,9
75880,118,116,2,2
75881,65,66,-1,1
75882,92,98,-6,6
75883,69,68,1,1
75884,110,110,0,0
75885,94,91,3,3
75886,152,173,-21,21
75887,118,118,0,0
75888,72,71,1,1
75889,141,132,9,9
75890,43,49,-6,6
75891,122,111,11,11
75892,73,81,-8,8
75893,92,94,-2,2
75894,101,108,-7,7
75895,66,69,-3,3
75896,70,58,12,12
75897,43,46,-3,3
75898,84,80,4,4
75899,83,101,-18,18
75900,71,70,1,1
75901,97,93,4,4
75902,116,114,2,2
75903,107,128,-21,21
75904,152,151,1,1
75905,130,148,-18,18
75906,49,48,1,1
75907,111,101,10,10
75908,124,121,3,3
75909,75,73,2,2
75910,112,128,-16,16
75911,111,117,-6,6
75912,97,96,1,1
75913,47,36,11,11
75914,114,95,19,19
75915,107,125,-18,18
75916,93,92,1,1
75917,107,112,-5,5
75918,114,117,-3,3
75919,124,133,-9,9
75920,133,123,10,10
75921,64,67,-3,3
75922,80,84,-4,4
75923,155,136,19,19
75924,98,105,-7,7
75925,82,78,4,4
75926,50,51,-1,1
75927,64,63,1,1
75928,97,109,-12,12
75929,123,117,6,6
75930,46,46,0,0
75931,78,73,5,5
75932,122,123,-1,1
75933,181,168,13,13
75934,64,71,-7,7
75935,56,58,-2,2
75936,72,83,-11,11
75937,141,138,3,3
75938,126,113,13,13
75939,71,59,12,12
75940,81,72,9,9
75941,137,126,11,11
75942,91,88,3,3
75943,117,118,-1,1
75944,160,160,0,0
75945,101,91,10,10
75946,55,68,-13,13
75947,104,109,-5,5
75948,72,72,0,0
75949,165,149,16,16
75950,74,71,3,3
75951,72,69,3,3
75952,138,106,32,32
75953,87,76,11,11
75954,66,63,3,3
75955,78,71,7,7
75956,80,77,3,3
75957,111,110,1,1
75958,132,135,-3,3
75959,70,74,-4,4
75960,96,90,6,6
75961,127,127,0,0
75962,121,123,-2,2
75963,57,47,10,10
75964,203,193,10,10
75965,94,92,2,2
75966,81,103,-22,22
75967,52,59,-7,7
75968,150,138,12,12
75969,83,123,-40,40
75970,99,79,20,20
75971,64,58,6,6
75972,79,85,-6,6
75973,81,93,-12,12
75974,47,51,-4,4
75975,54,62,-8,8
75976,152,144,8,8
75977,44,48,-4,4
75978,87,88,-1,1
75979,161,168,-7,7
75980,83,80,3,3
75981,75,78,-3,3
75982,111,118,-7,7
75983,60,61,-1,1
75984,98,92,6,6
75985,74,85,-11,11
75986,81,76,5,5
75987,113,105,8,8
75988,110,99,11,11
75989,84,83,1,1
75990,57,58,-1,1
75991,70,69,1,1
75992,175,153,22,22
75993,95,96,-1,1
75994,94,95,-1,1
75995,107,105,2,2
75996,75,81,-6,6
75997,85,94,-9,9
75998,162,141,21,21
75999,93,94,-1,1
76000,73,76,-3,3
76001,86,86,0,0
76002,179,163,16,16
76003,202,184,18,18
76004,98,108,-10,10
76005,85,101,-16,16
76006,37,39,-2,2
76007,121,119,2,2
76008,128,116,12,12
76009,87,96,-9,9
76010,141,141,0,0
76011,70,64,6,6
76012,151,174,-23,23
76013,116,111,5,5
76014,81,80,1,1
76015,81,73,8,8
76016,89,94,-5,5
76017,124,110,14,14
76018,94,108,-14,14
76019,56,66,-10,10
76020,151,146,5,5
76021,157,151,6,6
76022,70,81,-11,11
76023,154,155,-1,1
76024,130,129,1,1
76025,121,124,-3,3
76026,119,120,-1,1
76027,94,101,-7,7
76028,62,75,-13,13
76029,99,94,5,5
76030,82,77,5,5
76031,145,146,-1,1
76032,107,115,-8,8
76033,107,101,6,6
76034,128,121,7,7
76035,52,53,-1,1
76036,103,105,-2,2
76037,70,72,-2,2
76038,161,163,-2,2
76039,74,75,-1,1
76040,70,75,-5,5
76041,114,109,5,5
76042,150,152,-2,2
76043,105,126,-21,21
76044,119,133,-14,14
76045,71,78,-7,7
76046,102,95,7,7
76047,43,60,-17,17
76048,84,83,1,1
76049,70,74,-4,4
76050,82,85,-3,3
76051,74,58,16,16
76052,98,95,3,3
76053,55,61,-6,6
76054,110,115,-5,5
76055,145,154,-9,9
76056,80,80,0,0
76057,137,127,10,10
76058,77,100,-23,23
76059,80,82,-2,2
76060,73,67,6,6
76061,83,74,9,9
76062,100,100,0,0
76063,85,83,2,2
76064,101,112,-11,11
76065,79,74,5,5
76066,89,98,-9,9
76067,60,67,-7,7
76068,112,99,13,13
76069,173,162,11,11
76070,60,60,0,0
76071,41,42,-1,1
76072,57,65,-8,8
76073,88,88,0,0
76074,101,102,-1,1
76075,82,71,11,11
76076,100,100,0,0
76077,85,87,-2,2
76078,117,100,17,17
76079,83,86,-3,3
76080,162,144,18,18
76081,59,57,2,2
76082,127,122,5,5
76083,170,156,14,14
76084,114,111,3,3
76085,111,109,2,2
76086,44,42,2,2
76087,91,105,-14,14
76088,76,77,-1,1
76089,64,73,-9,9
76090,67,66,1,1
76091,135,129,6,6
76092,75,79,-4,4
76093,110,107,3,3
76094,84,79,5,5
76095,77,62,15,15
76096,97,105,-8,8
76097,85,94,-9,9
76098,61,59,2,2
76099,86,89,-3,3
76100,75,71,4,4
76101,83,106,-23,23
76102,168,158,10,10
76103,97,102,-5,5
76104,64,68,-4,4
76105,126,125,1,1
76106,85,93,-8,8
76107,111,111,0,0
76108,87,80,7,7
76109,101,111,-10,10
76110,162,96,66,66
76111,143,145,-2,2
76112,123,114,9,9
76113,82,75,7,7
76114,101,102,-1,1
76115,92,102,-10,10
76116,87,106,-19,19
76117,93,87,6,6
76118,100,108,-8,8
76119,92,87,5,5
76120,85,78,7,7
76121,49,47,2,2
76122,79,94,-15,15
76123,58,57,1,1
76124,85,99,-14,14
76125,61,61,0,0
76126,140,133,7,7
76127,127,133,-6,6
76128,152,146,6,6
76129,67,64,3,3
76130,64,59,5,5
76131,136,136,0,0
76132,74,73,1,1
76133,100,96,4,4
76134,158,143,15,15
76135,80,87,-7,7
76136,88,91,-3,3
76137,110,116,-6,6
76138,74,69,5,5
76139,116,127,-11,11
76140,82,76,6,6
76141,117,111,6,6
76142,81,81,0,0
76143,74,77,-3,3
76144,104,102,2,2
76145,147,132,15,15
76146,82,75,7,7
76147,50,50,0,0
76148,180,167,13,13
76149,182,176,6,6
76150,63,75,-12,12
76151,190,153,37,37
76152,122,139,-17,17
76153,99,95,4,4
76154,66,68,-2,2
76155,53,72,-19,19
76156,63,67,-4,4
76157,125,150,-25,25
76158,112,105,7,7
76159,85,92,-7,7
76160,56,54,2,2
76161,85,88,-3,3
76162,70,83,-13,13
76163,83,88,-5,5
76164,135,133,2,2
76165,57,56,1,1
76166,84,82,2,2
76167,90,101,-11,11
76168,59,49,10,10
76169,77,73,4,4
76170,64,61,3,3
76171,99,102,-3,3
76172,109,104,5,5
76173,97,101,-4,4
76174,92,86,6,6
76175,87,93,-6,6
76176,42,40,2,2
76177,74,86,-12,12
76178,162,169,-7,7
76179,125,119,6,6
76180,178,175,3,3
76181,98,117,-19,19
76182,89,106,-17,17
76183,72,62,10,10
76184,78,76,2,2
76185,53,61,-8,8
76186,85,73,12,12
76187,122,116,6,6
76188,101,115,-14,14
76189,81,78,3,3
76190,128,83,45,45
76191,98,102,-4,4
76192,154,183,-29,29
76193,122,132,-10,10
76194,63,60,3,3
76195,83,87,-4,4
76196,98,103,-5,5
76197,70,72,-2,2
76198,89,102,-13,13
76199,111,115,-4,4
76200,44,55,-11,11
76201,48,55,-7,7
76202,104,108,-4,4
76203,106,106,0,0
76204,148,133,15,15
76205,128,131,-3,3
76206,118,124,-6,6
76207,105,92,13,13
76208,141,154,-13,13
76209,115,112,3,3
76210,161,155,6,6
76211,71,97,-26,26
76212,149,151,-2,2
76213,77,80,-3,3
76214,117,109,8,8
76215,119,117,2,2
76216,116,109,7,7
76217,88,83,5,5
76218,107,106,1,1
76219,72,88,-16,16
76220,137,152,-15,15
76221,122,126,-4,4
76222,126,130,-4,4
76223,50,55,-5,5
76224,119,105,14,14
76225,79,64,15,15
76226,124,133,-9,9
76227,128,128,0,0
76228,132,124,8,8
76229,90,91,-1,1
76230,95,96,-1,1
76231,97,91,6,6
76232,63,68,-5,5
76233,109,111,-2,2
76234,133,145,-12,12
76235,104,107,-3,3
76236,35,67,-32,32
76237,72,74,-2,2
76238,65,75,-10,10
76239,120,115,5,5
76240,135,148,-13,13
76241,130,122,8,8
76242,137,136,1,1
76243,81,79,2,2
76244,83,87,-4,4
76245,51,59,-8,8
76246,77,90,-13,13
76247,116,112,4,4
76248,72,79,-7,7
76249,97,116,-19,19
76250,78,71,7,7
76251,63,65,-2,2
76252,130,133,-3,3
76253,158,159,-1,1
76254,75,90,-15,15
76255,76,73,3,3
76256,101,104,-3,3
76257,44,53,-9,9
76258,74,74,0,0
76259,98,94,4,4
76260,134,136,-2,2
76261,104,104,0,0
76262,88,85,3,3
76263,179,188,-9,9
76264,46,49,-3,3
76265,141,136,5,5
76266,91,87,4,4
76267,72,77,-5,5
76268,82,80,2,2
76269,73,98,-25,25
76270,139,127,12,12
76271,124,113,11,11
76272,100,83,17,17
76273,98,93,5,5
76274,80,81,-1,1
76275,97,115,-18,18
76276,62,66,-4,4
76277,136,146,-10,10
76278,93,90,3,3
76279,104,104,0,0
76280,158,154,4,4
76281,105,93,12,12
76282,82,75,7,7
76283,150,149,1,1
76284,161,151,10,10
76285,68,66,2,2
76286,97,109,-12,12
76287,106,100,6,6
76288,75,73,2,2
76289,95,93,2,2
76290,84,86,-2,2
76291,144,125,19,19
76292,115,111,4,4
76293,45,50,-5,5
76294,99,99,0,0
76295,91,85,6,6
76296,75,65,10,10
76297,134,118,16,16
76298,69,65,4,4
76299,74,78,-4,4
76300,53,54,-1,1
76301,74,81,-7,7
76302,95,94,1,1
76303,54,59,-5,5
76304,96,97,-1,1
76305,93,97,-4,4
76306,108,108,0,0
76307,104,124,-20,20
76308,80,81,-1,1
76309,87,79,8,8
76310,98,113,-15,15
76311,60,65,-5,5
76312,65,68,-3,3
76313,75,83,-8,8
76314,80,84,-4,4
76315,81,89,-8,8
76316,123,116,7,7
76317,89,98,-9,9
76318,142,137,5,5
76319,64,51,13,13
76320,100,113,-13,13
76321,45,54,-9,9
76322,118,109,9,9
76323,73,73,0,0
76324,74,83,-9,9
76325,102,106,-4,4
76326,66,79,-13,13
76327,120,125,-5,5
76328,57,54,3,3
76329,149,126,23,23
76330,131,135,-4,4
76331,81,76,5,5
76332,61,53,8,8
76333,89,96,-7,7
76334,66,61,5,5
76335,64,65,-1,1
76336,76,77,-1,1
76337,124,116,8,8
76338,48,56,-8,8
76339,68,70,-2,2
76340,100,99,1,1
76341,96,97,-1,1
76342,50,43,7,7
76343,85,89,-4,4
76344,85,87,-2,2
76345,61,66,-5,5
76346,91,78,13,13
76347,72,70,2,2
76348,129,119,10,10
76349,104,98,6,6
76350,54,69,-15,15
76351,53,54,-1,1
76352,105,112,-7,7
76353,91,106,-15,15
76354,66,70,-4,4
76355,59,58,1,1
76356,118,117,1,1
76357,109,118,-9,9
76358,63,66,-3,3
76359,63,56,7,7
76360,68,68,0,0
76361,166,196,-30,30
76362,84,68,16,16
76363,66,62,4,4
76364,100,114,-14,14
76365,104,103,1,1
76366,65,68,-3,3
76367,57,59,-2,2
76368,99,99,0,0
76369,96,112,-16,16
76370,71,70,1,1
76371,57,63,-6,6
76372,105,110,-5,5
76373,88,84,4,4
76374,54,60,-6,6
76375,181,163,18,18
76376,100,97,3,3
76377,103,102,1,1
76378,138,133,5,5
76379,65,74,-9,9
76380,71,73,-2,2
76381,70,69,1,1
76382,72,69,3,3
76383,66,64,2,2
76384,79,76,3,3
76385,169,167,2,2
76386,129,120,9,9
76387,129,110,19,19
76388,63,60,3,3
76389,92,97,-5,5
76390,109,103,6,6
76391,58,58,0,0
76392,108,98,10,10
76393,107,96,11,11
76394,162,157,5,5
76395,57,59,-2,2
76396,109,116,-7,7
76397,86,87,-1,1
76398,91,87,4,4
76399,89,90,-1,1
76400,93,97,-4,4
76401,70,71,-1,1
76402,73,81,-8,8
76403,71,62,9,9
76404,59,60,-1,1
76405,166,154,12,12
76406,71,65,6,6
76407,71,65,6,6
76408,132,119,13,13
76409,103,115,-12,12
76410,114,115,-1,1
76411,103,123,-20,20
76412,98,94,4,4
76413,92,87,5,5
76414,102,113,-11,11
76415,113,115,-2,2
76416,130,144,-14,14
76417,56,65,-9,9
76418,127,120,7,7
76419,53,72,-19,19
76420,129,134,-5,5
76421,93,91,2,2
76422,133,130,3,3
76423,93,98,-5,5
76424,92,91,1,1
76425,45,56,-11,11
76426,96,88,8,8
76427,104,134,-30,30
76428,65,63,2,2
76429,114,118,-4,4
76430,52,50,2,2
76431,80,76,4,4
76432,135,142,-7,7
76433,78,137,-59,59
76434,69,68,1,1
76435,61,49,12,12
76436,75,71,4,4
76437,131,142,-11,11
76438,108,120,-12,12
76439,96,90,6,6
76440,178,169,9,9
76441,171,174,-3,3
76442,81,76,5,5
76443,91,85,6,6
76444,69,74,-5,5
76445,146,145,1,1
76446,111,101,10,10
76447,65,60,5,5
76448,86,86,0,0
76449,79,100,-21,21
76450,108,107,1,1
76451,94,98,-4,4
76452,107,107,0,0
76453,100,93,7,7
76454,121,115,6,6
76455,144,144,0,0
76456,66,67,-1,1
76457,40,46,-6,6
76458,99,101,-2,2
76459,32,38,-6,6
76460,69,78,-9,9
76461,145,134,11,11
76462,76,78,-2,2
76463,85,84,1,1
76464,53,44,9,9
76465,27,32,-5,5
76466,55,62,-7,7
76467,41,40,1,1
76468,57,61,-4,4
76469,83,66,17,17
76470,77,79,-2,2
76471,85,99,-14,14
76472,118,113,5,5
76473,55,59,-4,4
76474,62,64,-2,2
76475,111,114,-3,3
76476,108,108,0,0
76477,89,88,1,1
76478,97,80,17,17
76479,94,105,-11,11
76480,61,67,-6,6
76481,82,90,-8,8
76482,83,86,-3,3
76483,140,104,36,36
76484,152,132,20,20
76485,86,93,-7,7
76486,33,29,4,4
76487,88,93,-5,5
76488,71,61,10,10
76489,97,114,-17,17
76490,81,89,-8,8
76491,129,119,10,10
76492,55,58,-3,3
76493,122,118,4,4
76494,103,113,-10,10
76495,98,88,10,10
76496,89,88,1,1
76497,87,88,-1,1
76498,79,91,-12,12
76499,98,116,-18,18
76500,49,52,-3,3
76501,82,78,4,4
76502,120,124,-4,4
76503,108,102,6,6
76504,169,150,19,19
76505,161,160,1,1
76506,134,135,-1,1
76507,96,95,1,1
76508,56,41,15,15
76509,101,110,-9,9
76510,86,93,-7,7
76511,82,87,-5,5
76512,85,94,-9,9
76513,79,75,4,4
76514,78,82,-4,4
76515,105,77,28,28
76516,142,139,3,3
76517,65,72,-7,7
76518,57,65,-8,8
76519,81,82,-1,1
76520,139,107,32,32
76521,84,78,6,6
76522,81,79,2,2
76523,154,145,9,9
76524,147,137,10,10
76525,153,141,12,12
76526,73,83,-10,10
76527,141,133,8,8
76528,43,46,-3,3
76529,101,96,5,5
76530,42,40,2,2
76531,78,81,-3,3
76532,97,117,-20,20
76533,65,67,-2,2
76534,58,63,-5,5
76535,79,87,-8,8
76536,95,98,-3,3
76537,105,117,-12,12
76538,37,42,-5,5
76539,82,77,5,5
76540,130,126,4,4
76541,99,106,-7,7
76542,125,110,15,15
76543,51,67,-16,16
76544,87,85,2,2
76545,147,157,-10,10
76546,61,63,-2,2
76547,122,125,-3,3
76548,70,81,-11,11
76549,81,76,5,5
76550,93,89,4,4
76551,136,131,5,5
76552,61,66,-5,5
76553,75,84,-9,9
76554,118,108,10,10
76555,110,124,-14,14
76556,153,158,-5,5
76557,57,55,2,2
76558,128,119,9,9
76559,118,109,9,9
76560,81,89,-8,8
76561,82,77,5,5
76562,126,128,-2,2
76563,110,125,-15,15
76564,91,99,-8,8
76565,106,86,20,20
76566,92,87,5,5
76567,74,78,-4,4
76568,119,117,2,2
76569,47,43,4,4
76570,81,90,-9,9
76571,101,101,0,0
76572,91,90,1,1
76573,68,73,-5,5
76574,119,116,3,3
76575,90,87,3,3
76576,104,116,-12,12
76577,80,84,-4,4
76578,84,89,-5,5
76579,132,126,6,6
76580,32,65,-33,33
76581,139,136,3,3
76582,85,77,8,8
76583,83,88,-5,5
76584,55,56,-1,1
76585,98,114,-16,16
76586,177,178,-1,1
76587,81,90,-9,9
76588,90,106,-16,16
76589,133,123,10,10
76590,85,76,9,9
76591,58,56,2,2
76592,133,137,-4,4
76593,81,80,1,1
76594,149,141,8,8
76595,107,105,2,2
76596,113,102,11,11
76597,108,103,5,5
76598,93,80,13,13
76599,100,93,7,7
76600,66,72,-6,6
76601,109,105,4,4
76602,77,89,-12,12
76603,208,183,25,25
76604,79,89,-10,10
76605,74,69,5,5
76606,74,77,-3,3
76607,131,116,15,15
76608,127,120,7,7
76609,77,91,-14,14
76610,100,87,13,13
76611,82,115,-33,33
76612,100,103,-3,3
76613,65,79,-14,14
76614,97,107,-10,10
76615,146,129,17,17
76616,99,87,12,12
76617,117,114,3,3
76618,71,76,-5,5
76619,60,53,7,7
76620,75,76,-1,1
76621,46,48,-2,2
76622,121,109,12,12
76623,55,55,0,0
76624,119,123,-4,4
76625,178,163,15,15
76626,131,137,-6,6
76627,123,120,3,3
76628,99,110,-11,11
76629,164,218,-54,54
76630,69,74,-5,5
76631,55,57,-2,2
76632,148,151,-3,3
76633,67,66,1,1
76634,138,143,-5,5
76635,115,104,11,11
76636,134,130,4,4
76637,91,104,-13,13
76638,94,94,0,0
76639,114,110,4,4
76640,92,93,-1,1
76641,98,82,16,16
76642,41,32,9,9
76643,49,49,0,0
76644,59,67,-8,8
76645,90,87,3,3
76646,165,161,4,4
76647,53,57,-4,4
76648,67,63,4,4
76649,77,71,6,6
76650,87,85,2,2
76651,65,63,2,2
76652,133,129,4,4
76653,98,89,9,9
76654,103,106,-3,3
76655,85,83,2,2
76656,153,140,13,13
76657,85,77,8,8
76658,126,127,-1,1
76659,102,130,-28,28
76660,115,113,2,2
76661,78,82,-4,4
76662,152,148,4,4
76663,72,74,-2,2
76664,65,62,3,3
76665,71,68,3,3
76666,134,127,7,7
76667,104,101,3,3
76668,54,57,-3,3
76669,133,126,7,7
76670,99,88,11,11
76671,69,68,1,1
76672,169,169,0,0
76673,94,94,0,0
76674,106,111,-5,5
76675,86,90,-4,4
76676,107,103,4,4
76677,52,58,-6,6
76678,71,77,-6,6
76679,87,82,5,5
76680,155,161,-6,6
76681,58,63,-5,5
76682,144,134,10,10
76683,111,108,3,3
76684,90,87,3,3
76685,74,62,12,12
76686,100,88,12,12
76687,112,116,-4,4
76688,117,122,-5,5
76689,48,86,-38,38
76690,107,97,10,10
76691,144,147,-3,3
76692,86,77,9,9
76693,101,91,10,10
76694,94,110,-16,16
76695,129,117,12,12
76696,132,139,-7,7
76697,61,63,-2,2
76698,103,110,-7,7
76699,104,94,10,10
76700,135,120,15,15
76701,76,84,-8,8
76702,112,119,-7,7
76703,114,98,16,16
76704,69,67,2,2
76705,92,81,11,11
76706,80,81,-1,1
76707,139,122,17,17
76708,76,74,2,2
76709,71,68,3,3
76710,100,106,-6,6
76711,106,101,5,5
76712,145,129,16,16
76713,76,85,-9,9
76714,92,109,-17,17
76715,49,49,0,0
76716,110,113,-3,3
76717,92,96,-4,4
76718,173,154,19,19
76719,98,102,-4,4
76720,175,152,23,23
76721,75,84,-9,9
76722,103,81,22,22
76723,111,143,-32,32
76724,215,218,-3,3
76725,131,124,7,7
76726,67,73,-6,6
76727,127,131,-4,4
76728,72,76,-4,4
76729,43,79,-36,36
76730,65,78,-13,13
76731,69,70,-1,1
76732,149,156,-7,7
76733,75,79,-4,4
76734,81,81,0,0
76735,76,58,18,18
76736,53,67,-14,14
76737,79,96,-17,17
76738,152,145,7,7
76739,97,99,-2,2
76740,48,53,-5,5
76741,107,114,-7,7
76742,118,111,7,7
76743,78,87,-9,9
76744,98,108,-10,10
76745,121,105,16,16
76746,108,98,10,10
76747,59,59,0,0
76748,95,94,1,1
76749,98,103,-5,5
76750,71,66,5,5
76751,76,77,-1,1
76752,100,117,-17,17
76753,70,71,-1,1
76754,71,63,8,8
76755,94,72,22,22
76756,86,103,-17,17
76757,102,111,-9,9
76758,106,106,0,0
76759,74,86,-12,12
76760,49,57,-8,8
76761,103,107,-4,4
76762,70,75,-5,5
76763,168,167,1,1
76764,66,60,6,6
76765,128,128,0,0
76766,110,108,2,2
76767,82,76,6,6
76768,92,95,-3,3
76769,187,173,14,14
76770,101,119,-18,18
76771,47,46,1,1
76772,72,70,2,2
76773,77,77,0,0
76774,30,28,2,2
76775,124,129,-5,5
76776,218,195,23,23
76777,110,112,-2,2
76778,106,111,-5,5
76779,133,122,11,11
76780,88,76,12,12
76781,58,64,-6,6
76782,184,161,23,23
76783,152,133,19,19
76784,87,93,-6,6
76785,167,156,11,11
76786,93,104,-11,11
76787,130,113,17,17
76788,96,88,8,8
76789,119,114,5,5
76790,81,84,-3,3
76791,52,49,3,3
76792,66,60,6,6
76793,102,112,-10,10
76794,76,75,1,1
76795,117,105,12,12
76796,98,94,4,4
76797,81,67,14,14
76798,99,113,-14,14
76799,81,73,8,8
76800,64,70,-6,6
76801,139,154,-15,15
76802,84,88,-4,4
76803,68,65,3,3
76804,42,34,8,8
76805,73,66,7,7
76806,158,138,20,20
76807,101,104,-3,3
76808,122,125,-3,3
76809,76,101,-25,25
76810,129,149,-20,20
76811,99,89,10,10
76812,71,68,3,3
76813,80,88,-8,8
76814,141,126,15,15
76815,48,47,1,1
76816,146,128,18,18
76817,83,87,-4,4
76818,102,119,-17,17
76819,87,91,-4,4
76820,83,80,3,3
76821,63,60,3,3
76822,89,92,-3,3
76823,142,136,6,6
76824,90,100,-10,10
76825,97,93,4,4
76826,130,120,10,10
76827,88,88,0,0
76828,146,156,-10,10
76829,118,104,14,14
76830,124,115,9,9
76831,108,125,-17,17
76832,53,51,2,2
76833,78,82,-4,4
76834,54,58,-4,4
76835,121,112,9,9
76836,105,115,-10,10
76837,47,57,-10,10
76838,58,55,3,3
76839,126,115,11,11
76840,165,149,16,16
76841,118,121,-3,3
76842,54,58,-4,4
76843,98,94,4,4
76844,39,33,6,6
76845,88,97,-9,9
76846,85,103,-18,18
76847,92,101,-9,9
76848,101,104,-3,3
76849,69,78,-9,9
76850,70,70,0,0
76851,57,74,-17,17
76852,89,96,-7,7
76853,165,156,9,9
76854,88,88,0,0
76855,142,130,12,12
76856,109,118,-9,9
76857,105,112,-7,7
76858,94,93,1,1
76859,124,118,6,6
76860,119,117,2,2
76861,41,37,4,4
76862,102,98,4,4
76863,90,68,22,22
76864,126,131,-5,5
76865,59,72,-13,13
76866,74,68,6,6
76867,104,112,-8,8
76868,101,103,-2,2
76869,102,105,-3,3
76870,123,132,-9,9
76871,90,90,0,0
76872,85,84,1,1
76873,85,101,-16,16
76874,57,59,-2,2
76875,73,72,1,1
76876,73,78,-5,5
76877,106,108,-2,2
76878,47,47,0,0
76879,91,96,-5,5
76880,93,87,6,6
76881,63,79,-16,16
76882,80,79,1,1
76883,71,71,0,0
76884,92,86,6,6
76885,125,118,7,7
76886,82,101,-19,19
76887,97,108,-11,11
76888,59,58,1,1
76889,125,133,-8,8
76890,115,104,11,11
76891,103,98,5,5
76892,97,99,-2,2
76893,89,86,3,3
76894,78,79,-1,1
76895,159,150,9,9
76896,117,135,-18,18
76897,100,97,3,3
76898,104,102,2,2
76899,97,105,-8,8
76900,114,106,8,8
76901,118,131,-13,13
76902,99,87,12,12
76903,98,109,-11,11
76904,114,143,-29,29
76905,99,102,-3,3
76906,95,94,1,1
76907,68,65,3,3
76908,119,119,0,0
76909,125,118,7,7
76910,74,79,-5,5
76911,97,86,11,11
76912,101,99,2,2
76913,157,163,-6,6
76914,141,138,3,3
76915,132,131,1,1
76916,104,115,-11,11
76917,85,92,-7,7
76918,110,112,-2,2
76919,91,84,7,7
76920,53,53,0,0
76921,81,90,-9,9
76922,78,83,-5,5
76923,79,89,-10,10
76924,73,71,2,2
76925,81,83,-2,2
76926,89,87,2,2
76927,78,79,-1,1
76928,122,115,7,7
76929,64,82,-18,18
76930,52,48,4,4
76931,87,94,-7,7
76932,134,134,0,0
76933,104,99,5,5
76934,116,122,-6,6
76935,102,108,-6,6
76936,160,143,17,17
76937,83,79,4,4
76938,159,163,-4,4
76939,130,141,-11,11
76940,92,92,0,0
76941,95,73,22,22
76942,179,186,-7,7
76943,132,117,15,15
76944,53,47,6,6
76945,100,87,13,13
76946,105,97,8,8
76947,77,78,-1,1
76948,115,113,2,2
76949,126,130,-4,4
76950,91,85,6,6
76951,79,90,-11,11
76952,40,48,-8,8
76953,128,125,3,3
76954,145,176,-31,31
76955,153,138,15,15
76956,81,77,4,4
76957,113,122,-9,9
76958,138,120,18,18
76959,100,109,-9,9
76960,77,74,3,3
76961,71,72,-1,1
76962,110,116,-6,6
76963,118,121,-3,3
76964,137,142,-5,5
76965,94,88,6,6
76966,65,65,0,0
76967,52,70,-18,18
76968,74,75,-1,1
76969,68,58,10,10
76970,101,107,-6,6
76971,104,115,-11,11
76972,138,135,3,3
76973,71,68,3,3
76974,140,122,18,18
76975,83,89,-6,6
76976,91,90,1,1
76977,125,119,6,6
76978,77,86,-9,9
76979,63,62,1,1
76980,116,113,3,3
76981,102,107,-5,5
76982,121,128,-7,7
76983,116,111,5,5
76984,181,173,8,8
76985,112,126,-14,14
76986,151,157,-6,6
76987,127,124,3,3
76988,87,83,4,4
76989,123,116,7,7
76990,74,81,-7,7
76991,161,155,6,6
76992,48,53,-5,5
76993,207,195,12,12
76994,124,137,-13,13
76995,91,107,-16,16
76996,104,109,-5,5
76997,118,117,1,1
76998,112,119,-7,7
76999,70,72,-2,2
77000,76,74,2,2
77001,133,117,16,16
77002,79,75,4,4
77003,56,67,-11,11
77004,111,146,-35,35
77005,48,54,-6,6
77006,80,68,12,12
77007,144,161,-17,17
77008,39,37,2,2
77009,91,90,1,1
77010,97,96,1,1
77011,93,85,8,8
77012,142,134,8,8
77013,116,114,2,2
77014,86,61,25,25
77015,128,134,-6,6
77016,101,111,-10,10
77017,53,68,-15,15
77018,153,146,7,7
77019,69,79,-10,10
77020,101,95,6,6
77021,146,139,7,7
77022,107,104,3,3
77023,86,89,-3,3
77024,44,54,-10,10
77025,64,70,-6,6
77026,90,63,27,27
77027,69,74,-5,5
77028,78,110,-32,32
77029,141,141,0,0
77030,54,34,20,20
77031,61,56,5,5
77032,140,120,20,20
77033,158,133,25,25
77034,96,88,8,8
77035,159,152,7,7
77036,155,120,35,35
77037,152,141,11,11
77038,62,57,5,5
77039,84,67,17,17
77040,197,176,21,21
77041,123,122,1,1
77042,80,85,-5,5
77043,25,21,4,4
77044,140,139,1,1
77045,65,73,-8,8
77046,67,94,-27,27
77047,62,67,-5,5
77048,71,71,0,0
77049,138,141,-3,3
77050,73,71,2,2
77051,84,95,-11,11
77052,227,199,28,28
77053,97,91,6,6
77054,47,50,-3,3
77055,74,78,-4,4
77056,75,80,-5,5
77057,64,65,-1,1
77058,107,111,-4,4
77059,60,54,6,6
77060,70,78,-8,8
77061,117,97,20,20
77062,110,117,-7,7
77063,118,118,0,0
77064,86,87,-1,1
77065,61,75,-14,14
77066,72,72,0,0
77067,153,143,10,10
77068,92,97,-5,5
77069,117,120,-3,3
77070,79,79,0,0
77071,111,105,6,6
77072,48,54,-6,6
77073,71,65,6,6
77074,100,104,-4,4
77075,90,82,8,8
77076,67,68,-1,1
77077,111,109,2,2
77078,68,67,1,1
77079,113,107,6,6
77080,78,94,-16,16
77081,94,93,1,1
77082,86,89,-3,3
77083,131,137,-6,6
77084,142,133,9,9
77085,83,89,-6,6
77086,62,76,-14,14
77087,74,74,0,0
77088,143,143,0,0
77089,163,163,0,0
77090,78,75,3,3
77091,42,35,7,7
77092,69,71,-2,2
77093,68,70,-2,2
77094,132,124,8,8
77095,59,54,5,5
77096,107,111,-4,4
77097,107,114,-7,7
77098,49,53,-4,4
77099,114,116,-2,2
77100,87,83,4,4
77101,103,71,32,32
77102,122,124,-2,2
77103,114,117,-3,3
77104,172,159,13,13
77105,69,74,-5,5
77106,57,68,-11,11
77107,108,107,1,1
77108,80,100,-20,20
77109,70,87,-17,17
77110,126,121,5,5
77111,102,99,3,3
77112,45,48,-3,3
77113,72,68,4,4
77114,174,147,27,27
77115,101,104,-3,3
77116,53,51,2,2
77117,71,64,7,7
77118,157,162,-5,5
77119,139,140,-1,1
77120,116,105,11,11
77121,86,78,8,8
77122,96,89,7,7
77123,107,108,-1,1
77124,98,109,-11,11
77125,89,98,-9,9
77126,117,130,-13,13
77127,108,114,-6,6
77128,54,54,0,0
77129,116,119,-3,3
77130,111,112,-1,1
77131,139,140,-1,1
77132,74,75,-1,1
77133,117,120,-3,3
77134,106,113,-7,7
77135,158,129,29,29
77136,97,100,-3,3
77137,70,63,7,7
77138,106,114,-8,8
77139,82,76,6,6
77140,141,139,2,2
77141,132,131,1,1
77142,114,109,5,5
77143,145,137,8,8
77144,56,61,-5,5
77145,109,95,14,14
77146,131,122,9,9
77147,154,136,18,18
77148,73,67,6,6
77149,63,67,-4,4
77150,134,138,-4,4
77151,91,88,3,3
77152,127,128,-1,1
77153,42,43,-1,1
77154,101,112,-11,11
77155,52,51,1,1
77156,143,146,-3,3
77157,92,90,2,2
77158,84,95,-11,11
77159,101,114,-13,13
77160,117,115,2,2
77161,85,83,2,2
77162,52,57,-5,5
77163,74,57,17,17
77164,78,70,8,8
77165,64,58,6,6
77166,90,97,-7,7
77167,59,54,5,5
77168,53,65,-12,12
77169,94,111,-17,17
77170,77,76,1,1
77171,108,100,8,8
77172,138,135,3,3
77173,83,91,-8,8
77174,150,138,12,12
77175,108,99,9,9
77176,64,62,2,2
77177,101,112,-11,11
77178,92,82,10,10
77179,150,137,13,13
77180,133,129,4,4
77181,42,53,-11,11
77182,43,45,-2,2
77183,63,58,5,5
77184,82,85,-3,3
77185,56,52,4,4
77186,101,118,-17,17
77187,65,96,-31,31
77188,112,109,3,3
77189,50,49,1,1
77190,130,119,11,11
77191,88,100,-12,12
77192,74,67,7,7
77193,129,141,-12,12
77194,57,66,-9,9
77195,110,117,-7,7
77196,99,103,-4,4
77197,77,72,5,5
77198,117,109,8,8
77199,107,99,8,8
77200,62,63,-1,1
77201,75,86,-11,11
77202,97,105,-8,8
77203,54,57,-3,3
77204,80,75,5,5
77205,84,77,7,7
77206,52,43,9,9
77207,106,109,-3,3
77208,99,118,-19,19
77209,92,88,4,4
77210,53,60,-7,7
77211,135,135,0,0
77212,116,107,9,9
77213,96,108,-12,12
77214,116,112,4,4
77215,90,86,4,4
77216,187,155,32,32
77217,55,96,-41,41
77218,48,37,11,11
77219,77,88,-11,11
77220,74,81,-7,7
77221,97,110,-13,13
77222,159,148,11,11
77223,127,124,3,3
77224,83,80,3,3
77225,67,70,-3,3
77226,103,91,12,12
77227,68,66,2,2
77228,75,71,4,4
77229,88,93,-5,5
77230,82,102,-20,20
77231,128,116,12,12
77232,177,158,19,19
77233,140,136,4,4
77234,108,92,16,16
77235,59,56,3,3
77236,97,100,-3,3
77237,105,106,-1,1
77238,59,56,3,3
77239,74,73,1,1
77240,63,59,4,4
77241,53,52,1,1
77242,67,69,-2,2
77243,88,85,3,3
77244,116,115,1,1
77245,141,142,-1,1
77246,123,129,-6,6
77247,111,111,0,0
77248,89,92,-3,3
77249,112,115,-3,3
77250,118,121,-3,3
77251,51,56,-5,5
77252,165,164,1,1
77253,70,77,-7,7
77254,92,88,4,4
77255,156,137,19,19
77256,160,142,18,18
77257,64,62,2,2
77258,137,132,5,5
77259,93,87,6,6
77260,124,128,-4,4
77261,77,81,-4,4
77262,128,131,-3,3
77263,79,67,12,12
77264,61,83,-22,22
77265,112,108,4,4
77266,45,44,1,1
77267,67,59,8,8
77268,126,128,-2,2
77269,92,87,5,5
77270,74,78,-4,4
77271,67,74,-7,7
77272,105,100,5,5
77273,167,165,2,2
77274,131,129,2,2
77275,84,131,-47,47
77276,110,125,-15,15
77277,72,80,-8,8
77278,71,131,-60,60
77279,115,123,-8,8
77280,159,158,1,1
77281,82,89,-7,7
77282,100,110,-10,10
77283,70,62,8,8
77284,104,113,-9,9
77285,49,43,6,6
77286,104,98,6,6
77287,101,108,-7,7
77288,66,65,1,1
77289,87,90,-3,3
77290,85,103,-18,18
77291,124,133,-9,9
77292,121,112,9,9
77293,97,92,5,5
77294,63,65,-2,2
77295,93,96,-3,3
77296,79,71,8,8
77297,49,50,-1,1
77298,95,102,-7,7
77299,76,80,-4,4
77300,133,128,5,5
77301,66,70,-4,4
77302,85,112,-27,27
77303,228,285,-57,57
77304,124,133,-9,9
77305,90,86,4,4
77306,95,72,23,23
77307,54,58,-4,4
77308,82,73,9,9
77309,155,145,10,10
77310,173,164,9,9
77311,171,155,16,16
77312,42,51,-9,9
77313,141,143,-2,2
77314,92,83,9,9
77315,94,94,0,0
77316,82,81,1,1
77317,132,135,-3,3
77318,124,119,5,5
77319,94,88,6,6
77320,60,59,1,1
77321,58,64,-6,6
77322,102,114,-12,12
77323,112,114,-2,2
77324,121,120,1,1
77325,133,140,-7,7
77326,54,69,-15,15
77327,105,111,-6,6
77328,82,85,-3,3
77329,104,99,5,5
77330,91,92,-1,1
77331,103,115,-12,12
77332,96,110,-14,14
77333,147,166,-19,19
77334,95,93,2,2
77335,111,119,-8,8
77336,106,112,-6,6
77337,59,57,2,2
77338,77,80,-3,3
77339,97,92,5,5
77340,73,62,11,11
77341,105,105,0,0
77342,122,115,7,7
77343,55,63,-8,8
77344,108,111,-3,3
77345,59,62,-3,3
77346,124,140,-16,16
77347,116,124,-8,8
77348,100,102,-2,2
77349,76,84,-8,8
77350,102,90,12,12
77351,95,127,-32,32
77352,138,134,4,4
77353,119,121,-2,2
77354,78,79,-1,1
77355,108,117,-9,9
77356,34,33,1,1
77357,105,105,0,0
77358,120,119,1,1
77359,91,94,-3,3
77360,103,119,-16,16
77361,75,79,-4,4
77362,176,149,27,27
77363,85,82,3,3
77364,75,77,-2,2
77365,103,115,-12,12
77366,81,81,0,0
77367,105,116,-11,11
77368,50,57,-7,7
77369,118,119,-1,1
77370,163,155,8,8
77371,137,126,11,11
77372,167,161,6,6
77373,116,114,2,2
77374,52,53,-1,1
77375,115,115,0,0
77376,188,186,2,2
77377,187,165,22,22
77378,84,78,6,6
77379,124,125,-1,1
77380,95,91,4,4
77381,79,81,-2,2
77382,72,67,5,5
77383,68,74,-6,6
77384,116,119,-3,3
77385,83,94,-11,11
77386,94,92,2,2
77387,63,71,-8,8
77388,200,217,-17,17
77389,61,55,6,6
77390,148,139,9,9
77391,56,56,0,0
77392,110,111,-1,1
77393,94,98,-4,4
77394,59,68,-9,9
77395,76,72,4,4
77396,67,76,-9,9
77397,102,110,-8,8
77398,165,149,16,16
77399,79,84,-5,5
77400,74,70,4,4
77401,136,125,11,11
77402,116,115,1,1
77403,95,99,-4,4
77404,112,107,5,5
77405,65,73,-8,8
77406,43,46,-3,3
77407,92,95,-3,3
77408,48,52,-4,4
77409,75,74,1,1
77410,118,126,-8,8
77411,99,81,18,18
77412,101,103,-2,2
77413,41,58,-17,17
77414,78,94,-16,16
77415,129,118,11,11
77416,109,125,-16,16
77417,81,81,0,0
77418,167,155,12,12
77419,55,72,-17,17
77420,202,180,22,22
77421,118,120,-2,2
77422,122,125,-3,3
77423,67,68,-1,1
77424,67,66,1,1
77425,54,56,-2,2
77426,54,57,-3,3
77427,89,95,-6,6
77428,107,111,-4,4
77429,94,105,-11,11
77430,72,70,2,2
77431,127,138,-11,11
77432,84,93,-9,9
77433,64,75,-11,11
77434,96,96,0,0
77435,116,113,3,3
77436,127,121,6,6
77437,128,118,10,10
77438,118,133,-15,15
77439,62,64,-2,2
77440,73,64,9,9
77441,36,42,-6,6
77442,165,141,24,24
77443,100,108,-8,8
77444,65,69,-4,4
77445,75,83,-8,8
77446,75,90,-15,15
77447,97,103,-6,6
77448,93,108,-15,15
77449,57,54,3,3
77450,59,65,-6,6
77451,85,90,-5,5
77452,99,115,-16,16
77453,87,89,-2,2
77454,102,117,-15,15
77455,75,84,-9,9
77456,92,96,-4,4
77457,79,93,-14,14
77458,50,53,-3,3
77459,48,52,-4,4
77460,217,187,30,30
77461,132,124,8,8
77462,101,97,4,4
77463,82,80,2,2
77464,116,125,-9,9
77465,112,93,19,19
77466,66,81,-15,15
77467,81,91,-10,10
77468,56,51,5,5
77469,97,84,13,13
77470,84,80,4,4
77471,37,41,-4,4
77472,74,74,0,0
77473,127,124,3,3
77474,54,59,-5,5
77475,80,79,1,1
77476,57,52,5,5
77477,106,88,18,18
77478,91,94,-3,3
77479,103,104,-1,1
77480,114,104,10,10
77481,131,143,-12,12
77482,85,82,3,3
77483,85,89,-4,4
77484,93,96,-3,3
77485,74,68,6,6
77486,88,84,4,4
77487,52,48,4,4
77488,41,34,7,7
77489,82,83,-1,1
77490,112,112,0,0
77491,67,68,-1,1
77492,69,83,-14,14
77493,150,124,26,26
77494,93,97,-4,4
77495,63,60,3,3
77496,95,86,9,9
77497,46,41,5,5
77498,72,76,-4,4
77499,77,80,-3,3
77500,87,93,-6,6
77501,121,130,-9,9
77502,149,138,11,11
77503,82,71,11,11
77504,57,50,7,7
77505,127,108,19,19
77506,103,108,-5,5
77507,96,99,-3,3
77508,82,75,7,7
77509,161,152,9,9
77510,133,134,-1,1
77511,73,76,-3,3
77512,71,58,13,13
77513,168,181,-13,13
77514,137,136,1,1
77515,72,67,5,5
77516,77,91,-14,14
77517,114,114,0,0
77518,115,111,4,4
77519,70,69,1,1
77520,78,84,-6,6
77521,118,113,5,5
77522,88,88,0,0
77523,81,76,5,5
77524,118,125,-7,7
77525,60,59,1,1
77526,98,94,4,4
77527,99,95,4,4
77528,55,58,-3,3
77529,100,101,-1,1
77530,75,76,-1,1
77531,77,73,4,4
77532,139,142,-3,3
77533,99,100,-1,1
77534,106,108,-2,2
77535,92,100,-8,8
77536,87,90,-3,3
77537,55,63,-8,8
77538,89,97,-8,8
77539,106,113,-7,7
77540,161,195,-34,34
77541,72,72,0,0
77542,119,107,12,12
77543,90,83,7,7
77544,110,113,-3,3
77545,51,52,-1,1
77546,63,65,-2,2
77547,42,51,-9,9
77548,85,77,8,8
77549,144,140,4,4
77550,69,77,-8,8
77551,43,45,-2,2
77552,94,101,-7,7
77553,178,186,-8,8
77554,80,79,1,1
77555,65,69,-4,4
77556,62,63,-1,1
77557,62,62,0,0
77558,144,148,-4,4
77559,102,98,4,4
77560,104,111,-7,7
77561,45,55,-10,10
77562,57,57,0,0
77563,132,115,17,17
77564,105,102,3,3
77565,99,98,1,1
77566,60,72,-12,12
77567,72,74,-2,2
77568,122,137,-15,15
77569,141,139,2,2
77570,94,90,4,4
77571,89,98,-9,9
77572,43,53,-10,10
77573,160,145,15,15
77574,84,73,11,11
77575,84,81,3,3
77576,90,91,-1,1
77577,68,66,2,2
77578,189,170,19,19
77579,77,87,-10,10
77580,59,58,1,1
77581,139,140,-1,1
77582,98,98,0,0
77583,147,127,20,20
77584,158,139,19,19
77585,97,93,4,4
77586,109,114,-5,5
77587,112,105,7,7
77588,74,74,0,0
77589,155,139,16,16
77590,75,73,2,2
77591,129,123,6,6
77592,189,178,11,11
77593,98,97,1,1
77594,68,72,-4,4
77595,100,107,-7,7
77596,136,121,15,15
77597,144,145,-1,1
77598,123,127,-4,4
77599,60,55,5,5
77600,131,116,15,15
77601,74,80,-6,6
77602,148,128,20,20
77603,112,109,3,3
77604,60,64,-4,4
77605,89,86,3,3
77606,83,95,-12,12
77607,100,92,8,8
77608,70,76,-6,6
77609,119,126,-7,7
77610,52,60,-8,8
77611,72,75,-3,3
77612,127,121,6,6
77613,82,87,-5,5
77614,65,62,3,3
77615,75,74,1,1
77616,65,65,0,0
77617,80,93,-13,13
77618,95,120,-25,25
77619,74,90,-16,16
77620,107,112,-5,5
77621,63,67,-4,4
77622,117,117,0,0
77623,83,76,7,7
77624,74,68,6,6
77625,56,50,6,6
77626,143,152,-9,9
77627,61,69,-8,8
77628,92,101,-9,9
77629,147,153,-6,6
77630,68,80,-12,12
77631,95,89,6,6
77632,80,87,-7,7
77633,129,120,9,9
77634,133,161,-28,28
77635,47,41,6,6
77636,65,60,5,5
77637,85,87,-2,2
77638,100,95,5,5
77639,113,111,2,2
77640,104,101,3,3
77641,70,70,0,0
77642,16,17,-1,1
77643,102,99,3,3
77644,125,128,-3,3
77645,83,89,-6,6
77646,114,105,9,9
77647,150,152,-2,2
77648,164,148,16,16
77649,97,101,-4,4
77650,71,73,-2,2
77651,78,83,-5,5
77652,128,115,13,13
77653,111,111,0,0
77654,78,78,0,0
77655,83,81,2,2
77656,84,79,5,5
77657,81,81,0,0
77658,103,108,-5,5
77659,91,97,-6,6
77660,79,73,6,6
77661,84,83,1,1
77662,143,126,17,17
77663,97,108,-11,11
77664,85,81,4,4
77665,120,118,2,2
77666,88,105,-17,17
77667,114,101,13,13
77668,116,110,6,6
77669,72,80,-8,8
77670,101,93,8,8
77671,129,116,13,13
77672,119,106,13,13
77673,86,92,-6,6
77674,75,82,-7,7
77675,76,74,2,2
77676,84,83,1,1
77677,75,81,-6,6
77678,124,132,-8,8
77679,177,183,-6,6
77680,75,75,0,0
77681,117,119,-2,2
77682,99,151,-52,52
77683,50,48,2,2
77684,70,59,11,11
77685,115,110,5,5
77686,60,63,-3,3
77687,96,93,3,3
77688,142,140,2,2
77689,87,86,1,1
77690,112,114,-2,2
77691,116,102,14,14
77692,56,55,1,1
77693,158,152,6,6
77694,188,175,13,13
77695,181,162,19,19
77696,104,93,11,11
77697,159,163,-4,4
77698,122,130,-8,8
77699,69,74,-5,5
77700,105,100,5,5
77701,84,90,-6,6
77702,80,88,-8,8
77703,62,60,2,2
77704,75,73,2,2
77705,72,86,-14,14
77706,86,90,-4,4
77707,99,120,-21,21
77708,59,61,-2,2
77709,104,107,-3,3
77710,78,81,-3,3
77711,97,108,-11,11
77712,129,127,2,2
77713,64,68,-4,4
77714,105,102,3,3
77715,93,84,9,9
77716,92,94,-2,2
77717,40,34,6,6
77718,98,106,-8,8
77719,132,132,0,0
77720,67,79,-12,12
77721,51,82,-31,31
77722,81,95,-14,14
77723,142,153,-11,11
77724,145,142,3,3
77725,72,63,9,9
77726,102,108,-6,6
77727,87,84,3,3
77728,111,114,-3,3
77729,80,80,0,0
77730,85,100,-15,15
77731,144,126,18,18
77732,66,71,-5,5
77733,98,96,2,2
77734,91,93,-2,2
77735,61,68,-7,7
77736,46,58,-12,12
77737,89,104,-15,15
77738,105,97,8,8
77739,102,92,10,10
77740,100,102,-2,2
77741,58,58,0,0
77742,116,125,-9,9
77743,73,77,-4,4
77744,96,96,0,0
77745,89,86,3,3
77746,79,87,-8,8
77747,74,75,-1,1
77748,100,90,10,10
77749,35,46,-11,11
77750,49,50,-1,1
77751,79,78,1,1
77752,102,106,-4,4
77753,104,94,10,10
77754,198,164,34,34
77755,136,133,3,3
77756,62,69,-7,7
77757,100,98,2,2
77758,89,87,2,2
77759,131,131,0,0
77760,82,83,-1,1
77761,157,141,16,16
77762,71,80,-9,9
77763,54,55,-1,1
77764,115,123,-8,8
77765,80,85,-5,5
77766,69,67,2,2
77767,80,65,15,15
77768,89,94,-5,5
77769,91,90,1,1
77770,171,163,8,8
77771,86,84,2,2
77772,120,122,-2,2
77773,72,75,-3,3
77774,67,66,1,1
77775,122,141,-19,19
77776,71,75,-4,4
77777,119,123,-4,4
77778,80,79,1,1
77779,110,104,6,6
77780,47,49,-2,2
77781,193,167,26,26
77782,80,78,2,2
77783,52,51,1,1
77784,61,64,-3,3
77785,90,152,-62,62
77786,85,85,0,0
77787,74,71,3,3
77788,85,88,-3,3
77789,125,145,-20,20
77790,150,138,12,12
77791,89,90,-1,1
77792,93,89,4,4
77793,131,128,3,3
77794,66,70,-4,4
77795,78,74,4,4
77796,151,151,0,0
77797,91,91,0,0
77798,75,86,-11,11
77799,39,46,-7,7
77800,54,50,4,4
77801,106,100,6,6
77802,128,135,-7,7
77803,49,58,-9,9
77804,124,125,-1,1
77805,76,79,-3,3
77806,89,92,-3,3
77807,48,45,3,3
77808,135,143,-8,8
77809,108,108,0,0
77810,113,115,-2,2
77811,97,97,0,0
77812,155,156,-1,1
77813,154,146,8,8
77814,118,105,13,13
77815,87,81,6,6
77816,56,61,-5,5
77817,56,65,-9,9
77818,70,85,-15,15
77819,45,52,-7,7
77820,49,77,-28,28
77821,91,84,7,7
77822,76,74,2,2
77823,81,98,-17,17
77824,121,125,-4,4
77825,109,105,4,4
77826,72,68,4,4
77827,75,80,-5,5
77828,35,43,-8,8
77829,90,99,-9,9
77830,132,129,3,3
77831,140,181,-41,41
77832,75,81,-6,6
77833,76,78,-2,2
77834,111,131,-20,20
77835,92,107,-15,15
77836,120,136,-16,16
77837,119,115,4,4
77838,78,86,-8,8
77839,86,87,-1,1
77840,60,65,-5,5
77841,158,151,7,7
77842,94,87,7,7
77843,126,119,7,7
77844,112,109,3,3
77845,112,110,2,2
77846,73,78,-5,5
77847,94,97,-3,3
77848,133,129,4,4
77849,70,55,15,15
77850,83,79,4,4
77851,117,120,-3,3
77852,104,109,-5,5
77853,109,111,-2,2
77854,173,142,31,31
77855,55,66,-11,11
77856,46,51,-5,5
77857,36,40,-4,4
77858,76,81,-5,5
77859,136,125,11,11
77860,102,102,0,0
77861,110,111,-1,1
77862,94,87,7,7
77863,80,82,-2,2
77864,149,145,4,4
77865,249,224,25,25
77866,150,148,2,2
77867,49,58,-9,9
77868,58,55,3,3
77869,54,50,4,4
77870,83,73,10,10
77871,119,108,11,11
77872,58,54,4,4
77873,123,116,7,7
77874,125,123,2,2
77875,115,131,-16,16
77876,74,93,-19,19
77877,71,68,3,3
77878,162,144,18,18
77879,96,118,-22,22
77880,63,44,19,19
77881,87,94,-7,7
77882,74,66,8,8
77883,70,89,-19,19
77884,114,121,-7,7
77885,72,71,1,1
77886,58,67,-9,9
77887,117,102,15,15
77888,77,102,-25,25
77889,57,67,-10,10
77890,142,125,17,17
77891,57,65,-8,8
77892,77,65,12,12
77893,100,124,-24,24
77894,92,110,-18,18
77895,53,57,-4,4
77896,98,96,2,2
77897,96,100,-4,4
77898,67,68,-1,1
77899,69,75,-6,6
77900,108,117,-9,9
77901,97,91,6,6
77902,75,72,3,3
77903,97,97,0,0
77904,127,120,7,7
77905,87,77,10,10
77906,86,84,2,2
77907,84,77,7,7
77908,86,86,0,0
77909,88,90,-2,2
77910,97,92,5,5
77911,86,83,3,3
77912,79,90,-11,11
77913,183,170,13,13
77914,97,99,-2,2
77915,136,138,-2,2
77916,78,78,0,0
77917,128,120,8,8
77918,116,114,2,2
77919,167,165,2,2
77920,143,151,-8,8
77921,72,84,-12,12
77922,101,99,2,2
77923,89,78,11,11
77924,63,57,6,6
77925,136,121,15,15
77926,129,125,4,4
77927,77,81,-4,4
77928,70,82,-12,12
77929,114,111,3,3
77930,100,113,-13,13
77931,133,132,1,1
77932,130,130,0,0
77933,64,61,3,3
77934,105,102,3,3
77935,171,148,23,23
77936,120,111,9,9
77937,95,99,-4,4
77938,72,79,-7,7
77939,75,69,6,6
77940,110,98,12,12
77941,119,113,6,6
77942,184,173,11,11
77943,132,135,-3,3
77944,128,138,-10,10
77945,78,96,-18,18
77946,124,128,-4,4
77947,123,131,-8,8
77948,105,88,17,17
77949,51,60,-9,9
77950,89,104,-15,15
77951,58,51,7,7
77952,112,111,1,1
77953,97,100,-3,3
77954,95,104,-9,9
77955,79,77,2,2
77956,85,88,-3,3
77957,135,123,12,12
77958,127,135,-8,8
77959,95,89,6,6
77960,141,142,-1,1
77961,76,82,-6,6
77962,63,61,2,2
77963,106,97,9,9
77964,95,85,10,10
77965,91,89,2,2
77966,147,140,7,7
77967,124,117,7,7
77968,88,76,12,12
77969,70,70,0,0
77970,80,95,-15,15
77971,41,43,-2,2
77972,59,60,-1,1
77973,97,100,-3,3
77974,61,65,-4,4
77975,148,138,10,10
77976,106,103,3,3
77977,102,119,-17,17
77978,66,44,22,22
77979,75,71,4,4
77980,98,90,8,8
77981,58,50,8,8
77982,59,57,2,2
77983,53,51,2,2
77984,53,80,-27,27
77985,121,109,12,12
77986,101,89,12,12
77987,145,134,11,11
77988,57,58,-1,1
77989,74,70,4,4
77990,65,64,1,1
77991,79,87,-8,8
77992,117,126,-9,9
77993,65,63,2,2
77994,64,68,-4,4
77995,81,73,8,8
77996,125,107,18,18
77997,67,66,1,1
77998,69,68,1,1
77999,59,53,6,6
78000,126,125,1,1
78001,106,101,5,5
78002,63,62,1,1
78003,89,97,-8,8
78004,120,107,13,13
78005,97,106,-9,9
78006,70,71,-1,1
78007,116,126,-10,10
78008,77,64,13,13
78009,49,49,0,0
78010,71,69,2,2
78011,64,75,-11,11
78012,72,53,19,19
78013,128,122,6,6
78014,98,94,4,4
78015,66,69,-3,3
78016,112,122,-10,10
78017,51,56,-5,5
78018,85,83,2,2
78019,100,102,-2,2
78020,92,93,-1,1
78021,111,111,0,0
78022,100,126,-26,26
78023,96,99,-3,3
78024,166,155,11,11
78025,137,138,-1,1
78026,72,74,-2,2
78027,115,115,0,0
78028,88,82,6,6
78029,91,84,7,7
78030,103,110,-7,7
78031,47,56,-9,9
78032,86,79,7,7
78033,136,133,3,3
78034,157,148,9,9
78035,124,139,-15,15
78036,137,137,0,0
78037,101,110,-9,9
78038,74,67,7,7
78039,85,81,4,4
78040,45,33,12,12
78041,168,154,14,14
78042,115,107,8,8
78043,116,141,-25,25
78044,84,98,-14,14
78045,102,105,-3,3
78046,59,71,-12,12
78047,106,113,-7,7
78048,60,56,4,4
78049,123,111,12,12
78050,85,79,6,6
78051,60,65,-5,5
78052,82,73,9,9
78053,160,149,11,11
78054,82,81,1,1
78055,83,83,0,0
78056,73,79,-6,6
78057,113,118,-5,5
78058,95,86,9,9
78059,100,97,3,3
78060,40,46,-6,6
78061,80,84,-4,4
78062,110,110,0,0
78063,144,148,-4,4
78064,115,104,11,11
78065,64,81,-17,17
78066,119,120,-1,1
78067,102,99,3,3
78068,159,134,25,25
78069,104,102,2,2
78070,91,89,2,2
78071,133,127,6,6
78072,98,96,2,2
78073,96,106,-10,10
78074,134,132,2,2
78075,160,152,8,8
78076,59,73,-14,14
78077,74,77,-3,3
78078,106,95,11,11
78079,64,65,-1,1
78080,90,104,-14,14
78081,67,65,2,2
78082,100,102,-2,2
78083,68,68,0,0
78084,159,152,7,7
78085,87,90,-3,3
78086,123,131,-8,8
78087,78,82,-4,4
78088,95,90,5,5
78089,56,73,-17,17
78090,102,106,-4,4
78091,108,94,14,14
78092,73,67,6,6
78093,111,110,1,1
78094,137,135,2,2
78095,84,87,-3,3
78096,89,80,9,9
78097,70,73,-3,3
78098,78,76,2,2
78099,152,152,0,0
78100,81,85,-4,4
78101,49,54,-5,5
78102,69,72,-3,3
78103,102,92,10,10
78104,62,64,-2,2
78105,91,94,-3,3
78106,72,34,38,38
78107,47,47,0,0
78108,184,157,27,27
78109,103,97,6,6
78110,69,71,-2,2
78111,51,62,-11,11
78112,120,134,-14,14
78113,105,87,18,18
78114,46,49,-3,3
78115,75,77,-2,2
78116,71,69,2,2
78117,45,53,-8,8
78118,80,93,-13,13
78119,79,91,-12,12
78120,78,79,-1,1
78121,62,73,-11,11
78122,86,90,-4,4
78123,122,126,-4,4
78124,101,97,4,4
78125,72,75,-3,3
78126,141,140,1,1
78127,69,76,-7,7
78128,93,91,2,2
78129,55,49,6,6
78130,121,112,9,9
78131,105,125,-20,20
78132,99,89,10,10
78133,195,166,29,29
78134,76,76,0,0
78135,124,114,10,10
78136,100,85,15,15
78137,152,145,7,7
78138,108,103,5,5
78139,49,45,4,4
78140,176,154,22,22
78141,104,175,-71,71
78142,81,55,26,26
78143,97,97,0,0
78144,58,60,-2,2
78145,110,109,1,1
78146,55,64,-9,9
78147,69,70,-1,1
78148,107,126,-19,19
78149,71,71,0,0
78150,88,104,-16,16
78151,43,45,-2,2
78152,117,115,2,2
78153,81,66,15,15
78154,75,82,-7,7
78155,108,111,-3,3
78156,63,70,-7,7
78157,74,80,-6,6
78158,68,66,2,2
78159,62,64,-2,2
78160,52,50,2,2
78161,78,87,-9,9
78162,108,124,-16,16
78163,188,161,27,27
78164,61,66,-5,5
78165,77,77,0,0
78166,97,91,6,6
78167,67,70,-3,3
78168,77,101,-24,24
78169,91,94,-3,3
78170,69,75,-6,6
78171,131,134,-3,3
78172,56,56,0,0
78173,49,56,-7,7
78174,126,131,-5,5
78175,114,109,5,5
78176,90,96,-6,6
78177,75,88,-13,13
78178,83,76,7,7
78179,92,102,-10,10
78180,83,88,-5,5
78181,89,84,5,5
78182,85,90,-5,5
78183,70,67,3,3
78184,108,109,-1,1
78185,71,75,-4,4
78186,68,64,4,4
78187,70,74,-4,4
78188,107,116,-9,9
78189,58,71,-13,13
78190,51,45,6,6
78191,55,60,-5,5
78192,161,166,-5,5
78193,46,53,-7,7
78194,92,86,6,6
78195,154,153,1,1
78196,83,89,-6,6
78197,128,126,2,2
78198,73,79,-6,6
78199,87,89,-2,2
78200,122,116,6,6
78201,108,97,11,11
78202,76,91,-15,15
78203,59,66,-7,7
78204,83,88,-5,5
78205,92,95,-3,3
78206,96,94,2,2
78207,105,91,14,14
78208,58,71,-13,13
78209,81,78,3,3
78210,110,105,5,5
78211,44,54,-10,10
78212,81,79,2,2
78213,63,79,-16,16
78214,78,77,1,1
78215,68,71,-3,3
78216,120,126,-6,6
78217,181,171,10,10
78218,141,149,-8,8
78219,178,155,23,23
78220,64,57,7,7
78221,72,79,-7,7
78222,45,39,6,6
78223,143,131,12,12
78224,145,134,11,11
78225,111,106,5,5
78226,86,79,7,7
78227,125,131,-6,6
78228,79,78,1,1
78229,67,71,-4,4
78230,173,154,19,19
78231,81,85,-4,4
78232,88,96,-8,8
78233,63,70,-7,7
78234,66,103,-37,37
78235,96,93,3,3
78236,100,90,10,10
78237,57,58,-1,1
78238,125,122,3,3
78239,156,139,17,17
78240,125,128,-3,3
78241,133,135,-2,2
78242,66,68,-2,2
78243,159,162,-3,3
78244,44,51,-7,7
78245,67,62,5,5
78246,105,106,-1,1
78247,77,80,-3,3
78248,64,67,-3,3
78249,62,87,-25,25
78250,69,67,2,2
78251,163,158,5,5
78252,62,64,-2,2
78253,50,54,-4,4
78254,100,103,-3,3
78255,108,102,6,6
78256,70,70,0,0
78257,97,96,1,1
78258,83,70,13,13
78259,137,149,-12,12
78260,70,71,-1,1
78261,122,106,16,16
78262,79,88,-9,9
78263,52,72,-20,20
78264,86,90,-4,4
78265,93,86,7,7
78266,93,104,-11,11
78267,62,50,12,12
78268,109,101,8,8
78269,107,106,1,1
78270,83,86,-3,3
78271,57,60,-3,3
78272,61,68,-7,7
78273,43,54,-11,11
78274,156,133,23,23
78275,102,96,6,6
78276,56,69,-13,13
78277,199,184,15,15
78278,103,108,-5,5
78279,77,75,2,2
78280,147,158,-11,11
78281,99,111,-12,12
78282,74,114,-40,40
78283,71,69,2,2
78284,142,141,1,1
78285,72,68,4,4
78286,28,60,-32,32
78287,99,116,-17,17
78288,145,150,-5,5
78289,51,52,-1,1
78290,132,137,-5,5
78291,102,108,-6,6
78292,69,70,-1,1
78293,142,137,5,5
78294,52,46,6,6
78295,87,100,-13,13
78296,122,124,-2,2
78297,93,99,-6,6
78298,85,94,-9,9
78299,101,94,7,7
78300,88,91,-3,3
78301,64,58,6,6
78302,131,129,2,2
78303,91,88,3,3
78304,174,163,11,11
78305,50,50,0,0
78306,78,86,-8,8
78307,76,86,-10,10
78308,118,119,-1,1
78309,56,54,2,2
78310,53,56,-3,3
78311,98,103,-5,5
78312,119,124,-5,5
78313,133,131,2,2
78314,66,71,-5,5
78315,117,129,-12,12
78316,94,92,2,2
78317,79,86,-7,7
78318,114,112,2,2
78319,96,84,12,12
78320,81,87,-6,6
78321,83,87,-4,4
78322,74,78,-4,4
78323,89,78,11,11
78324,73,78,-5,5
78325,160,162,-2,2
78326,120,111,9,9
78327,52,52,0,0
78328,127,131,-4,4
78329,93,92,1,1
78330,108,124,-16,16
78331,95,91,4,4
78332,75,77,-2,2
78333,124,110,14,14
78334,90,94,-4,4
78335,101,107,-6,6
78336,44,47,-3,3
78337,113,110,3,3
78338,64,79,-15,15
78339,135,138,-3,3
78340,147,139,8,8
78341,112,117,-5,5
78342,63,66,-3,3
78343,91,104,-13,13
78344,93,79,14,14
78345,116,117,-1,1
78346,124,133,-9,9
78347,127,128,-1,1
78348,114,128,-14,14
78349,137,115,22,22
78350,56,59,-3,3
78351,54,54,0,0
78352,78,88,-10,10
78353,71,75,-4,4
78354,72,77,-5,5
78355,67,76,-9,9
78356,48,45,3,3
78357,115,133,-18,18
78358,53,50,3,3
78359,95,94,1,1
78360,56,73,-17,17
78361,45,28,17,17
78362,209,190,19,19
78363,85,97,-12,12
78364,80,79,1,1
78365,139,144,-5,5
78366,64,64,0,0
78367,83,92,-9,9
78368,121,114,7,7
78369,102,115,-13,13
78370,94,95,-1,1
78371,119,118,1,1
78372,59,65,-6,6
78373,61,70,-9,9
78374,74,73,1,1
78375,76,78,-2,2
78376,91,94,-3,3
78377,132,126,6,6
78378,54,50,4,4
78379,74,71,3,3
78380,96,84,12,12
78381,60,69,-9,9
78382,91,96,-5,5
78383,102,105,-3,3
78384,131,139,-8,8
78385,95,93,2,2
78386,35,25,10,10
78387,70,75,-5,5
78388,115,102,13,13
78389,63,60,3,3
78390,70,80,-10,10
78391,73,65,8,8
78392,79,81,-2,2
78393,114,118,-4,4
78394,75,87,-12,12
78395,103,105,-2,2
78396,111,111,0,0
78397,110,119,-9,9
78398,55,59,-4,4
78399,89,97,-8,8
78400,53,66,-13,13
78401,114,102,12,12
78402,104,99,5,5
78403,45,45,0,0
78404,122,119,3,3
78405,72,77,-5,5
78406,140,137,3,3
78407,132,130,2,2
78408,127,158,-31,31
78409,133,129,4,4
78410,66,63,3,3
78411,99,99,0,0
78412,112,118,-6,6
78413,104,88,16,16
78414,143,141,2,2
78415,107,102,5,5
78416,122,127,-5,5
78417,166,162,4,4
78418,169,159,10,10
78419,165,170,-5,5
78420,147,125,22,22
78421,63,52,11,11
78422,71,78,-7,7
78423,59,45,14,14
78424,127,131,-4,4
78425,168,153,15,15
78426,43,47,-4,4
78427,103,113,-10,10
78428,109,105,4,4
78429,99,107,-8,8
78430,71,71,0,0
78431,94,97,-3,3
78432,104,112,-8,8
78433,96,101,-5,5
78434,85,74,11,11
78435,122,105,17,17
78436,85,86,-1,1
78437,49,51,-2,2
78438,44,64,-20,20
78439,65,61,4,4
78440,78,78,0,0
78441,117,122,-5,5
78442,103,99,4,4
78443,106,100,6,6
78444,97,107,-10,10
78445,167,173,-6,6
78446,50,50,0,0
78447,134,131,3,3
78448,100,111,-11,11
78449,81,86,-5,5
78450,108,126,-18,18
78451,55,63,-8,8
78452,82,89,-7,7
78453,94,113,-19,19
78454,94,91,3,3
78455,61,63,-2,2
78456,141,143,-2,2
78457,79,82,-3,3
78458,71,81,-10,10
78459,48,51,-3,3
78460,140,140,0,0
78461,70,80,-10,10
78462,63,63,0,0
78463,137,128,9,9
78464,40,34,6,6
78465,103,108,-5,5
78466,67,72,-5,5
78467,82,77,5,5
78468,119,129,-10,10
78469,131,129,2,2
78470,77,91,-14,14
78471,98,101,-3,3
78472,148,152,-4,4
78473,91,87,4,4
78474,95,95,0,0
78475,60,58,2,2
78476,72,72,0,0
78477,123,124,-1,1
78478,68,66,2,2
78479,124,122,2,2
78480,128,138,-10,10
78481,114,126,-12,12
78482,90,93,-3,3
78483,108,114,-6,6
78484,114,116,-2,2
78485,33,56,-23,23
78486,95,104,-9,9
78487,113,114,-1,1
78488,57,54,3,3
78489,71,68,3,3
78490,110,105,5,5
78491,67,71,-4,4
78492,59,67,-8,8
78493,105,112,-7,7
78494,132,121,11,11
78495,93,114,-21,21
78496,90,106,-16,16
78497,134,122,12,12
78498,32,29,3,3
78499,108,146,-38,38
78500,81,74,7,7
78501,94,96,-2,2
78502,116,134,-18,18
78503,131,127,4,4
78504,63,72,-9,9
78505,96,97,-1,1
78506,71,56,15,15
78507,71,68,3,3
78508,79,80,-1,1
78509,115,109,6,6
78510,48,65,-17,17
78511,85,80,5,5
78512,113,116,-3,3
78513,89,90,-1,1
78514,131,128,3,3
78515,91,103,-12,12
78516,72,70,2,2
78517,169,161,8,8
78518,133,136,-3,3
78519,176,188,-12,12
78520,118,123,-5,5
78521,71,81,-10,10
78522,65,69,-4,4
78523,144,122,22,22
78524,72,89,-17,17
78525,70,81,-11,11
78526,70,72,-2,2
78527,117,107,10,10
78528,97,101,-4,4
78529,57,59,-2,2
78530,61,83,-22,22
78531,80,76,4,4
78532,92,87,5,5
78533,85,98,-13,13
78534,125,122,3,3
78535,90,99,-9,9
78536,80,75,5,5
78537,71,80,-9,9
78538,149,132,17,17
78539,69,51,18,18
78540,104,103,1,1
78541,95,91,4,4
78542,129,110,19,19
78543,144,141,3,3
78544,61,66,-5,5
78545,130,134,-4,4
78546,144,128,16,16
78547,39,40,-1,1
78548,114,114,0,0
78549,48,51,-3,3
78550,94,89,5,5
78551,92,87,5,5
78552,101,91,10,10
78553,79,100,-21,21
78554,113,100,13,13
78555,69,77,-8,8
78556,41,45,-4,4
78557,69,76,-7,7
78558,108,105,3,3
78559,66,66,0,0
78560,93,85,8,8
78561,86,80,6,6
78562,79,80,-1,1
78563,80,87,-7,7
78564,87,95,-8,8
78565,179,159,20,20
78566,67,50,17,17
78567,71,78,-7,7
78568,86,77,9,9
78569,92,95,-3,3
78570,109,117,-8,8
78571,45,50,-5,5
78572,84,82,2,2
78573,158,160,-2,2
78574,92,88,4,4
78575,75,70,5,5
78576,84,86,-2,2
78577,65,75,-10,10
78578,104,95,9,9
78579,44,36,8,8
78580,198,165,33,33
78581,124,116,8,8
78582,134,123,11,11
78583,122,110,12,12
78584,77,75,2,2
78585,103,105,-2,2
78586,98,88,10,10
78587,59,55,4,4
78588,87,83,4,4
78589,74,67,7,7
78590,67,71,-4,4
78591,85,81,4,4
78592,79,71,8,8
78593,96,105,-9,9
78594,121,117,4,4
78595,98,114,-16,16
78596,145,132,13,13
78597,110,101,9,9
78598,144,148,-4,4
78599,85,78,7,7
78600,114,122,-8,8
78601,95,92,3,3
78602,51,52,-1,1
78603,97,100,-3,3
78604,81,66,15,15
78605,81,79,2,2
78606,85,87,-2,2
78607,154,148,6,6
78608,125,124,1,1
78609,97,102,-5,5
78610,161,143,18,18
78611,144,124,20,20
78612,127,128,-1,1
78613,88,89,-1,1
78614,180,168,12,12
78615,90,93,-3,3
78616,66,60,6,6
78617,95,96,-1,1
78618,94,104,-10,10
78619,75,80,-5,5
78620,65,71,-6,6
78621,111,128,-17,17
78622,67,72,-5,5
78623,86,88,-2,2
78624,141,131,10,10
78625,102,96,6,6
78626,142,147,-5,5
78627,188,175,13,13
78628,62,57,5,5
78629,104,119,-15,15
78630,63,62,1,1
78631,100,91,9,9
78632,148,135,13,13
78633,103,113,-10,10
78634,122,131,-9,9
78635,69,71,-2,2
78636,89,89,0,0
78637,113,98,15,15
78638,135,139,-4,4
78639,158,145,13,13
78640,74,69,5,5
78641,54,54,0,0
78642,106,114,-8,8
78643,56,72,-16,16
78644,113,115,-2,2
78645,95,75,20,20
78646,134,130,4,4
78647,73,69,4,4
78648,51,51,0,0
78649,50,43,7,7
78650,33,37,-4,4
78651,130,120,10,10
78652,111,138,-27,27
78653,58,64,-6,6
78654,103,108,-5,5
78655,136,136,0,0
78656,99,94,5,5
78657,99,92,7,7
78658,116,112,4,4
78659,149,134,15,15
78660,69,68,1,1
78661,81,90,-9,9
78662,57,54,3,3
78663,85,84,1,1
78664,78,97,-19,19
78665,94,89,5,5
78666,112,107,5,5
78667,141,121,20,20
78668,133,116,17,17
78669,85,97,-12,12
78670,100,114,-14,14
78671,62,60,2,2
78672,121,123,-2,2
78673,54,58,-4,4
78674,154,154,0,0
78675,142,126,16,16
78676,104,117,-13,13
78677,103,103,0,0
78678,70,69,1,1
78679,118,110,8,8
78680,115,118,-3,3
78681,145,139,6,6
78682,106,109,-3,3
78683,114,107,7,7
78684,87,101,-14,14
78685,155,134,21,21
78686,142,137,5,5
78687,132,123,9,9
78688,94,91,3,3
78689,142,127,15,15
78690,150,142,8,8
78691,53,57,-4,4
78692,94,104,-10,10
78693,85,100,-15,15
78694,62,69,-7,7
78695,53,53,0,0
78696,81,86,-5,5
78697,175,170,5,5
78698,55,55,0,0
78699,72,86,-14,14
78700,93,100,-7,7
78701,73,76,-3,3
78702,47,50,-3,3
78703,67,69,-2,2
78704,117,114,3,3
78705,104,112,-8,8
78706,76,79,-3,3
78707,99,86,13,13
78708,131,127,4,4
78709,84,93,-9,9
78710,105,121,-16,16
78711,157,139,18,18
78712,111,120,-9,9
78713,91,98,-7,7
78714,74,75,-1,1
78715,79,78,1,1
78716,103,97,6,6
78717,119,116,3,3
78718,163,114,49,49
78719,69,72,-3,3
78720,112,101,11,11
78721,55,67,-12,12
78722,97,102,-5,5
78723,99,89,10,10
78724,58,70,-12,12
78725,125,118,7,7
78726,88,77,11,11
78727,81,80,1,1
78728,158,155,3,3
78729,55,46,9,9
78730,114,131,-17,17
78731,95,96,-1,1
78732,87,112,-25,25
78733,139,118,21,21
78734,79,72,7,7
78735,75,57,18,18
78736,56,62,-6,6
78737,113,127,-14,14
78738,148,142,6,6
78739,160,142,18,18
78740,97,93,4,4
78741,88,92,-4,4
78742,89,91,-2,2
78743,101,99,2,2
78744,53,61,-8,8
78745,97,113,-16,16
78746,67,74,-7,7
78747,117,105,12,12
78748,72,63,9,9
78749,40,37,3,3
78750,48,47,1,1
78751,88,83,5,5
78752,95,87,8,8
78753,132,132,0,0
78754,63,69,-6,6
78755,95,97,-2,2
78756,84,84,0,0
78757,33,35,-2,2
78758,70,70,0,0
78759,154,150,4,4
78760,163,161,2,2
78761,175,162,13,13
78762,92,92,0,0
78763,150,145,5,5
78764,67,64,3,3
78765,127,133,-6,6
78766,131,112,19,19
78767,194,183,11,11
78768,113,110,3,3
78769,106,115,-9,9
78770,88,80,8,8
78771,75,77,-2,2
78772,56,73,-17,17
78773,86,95,-9,9
78774,66,64,2,2
78775,171,161,10,10
78776,127,124,3,3
78777,110,107,3,3
78778,93,103,-10,10
78779,89,97,-8,8
78780,72,86,-14,14
78781,98,92,6,6
78782,77,82,-5,5
78783,93,89,4,4
78784,112,96,16,16
78785,68,67,1,1
78786,104,113,-9,9
78787,78,77,1,1
78788,69,90,-21,21
78789,48,48,0,0
78790,65,68,-3,3
78791,109,115,-6,6
78792,90,107,-17,17
78793,141,140,1,1
78794,100,106,-6,6
78795,133,137,-4,4
78796,110,104,6,6
78797,54,52,2,2
78798,71,75,-4,4
78799,144,146,-2,2
78800,57,56,1,1
78801,88,97,-9,9
78802,107,106,1,1
78803,128,127,1,1
78804,93,97,-4,4
78805,136,139,-3,3
78806,107,92,15,15
78807,151,143,8,8
78808,114,113,1,1
78809,67,65,2,2
78810,94,92,2,2
78811,90,84,6,6
78812,105,87,18,18
78813,132,123,9,9
78814,90,100,-10,10
78815,120,139,-19,19
78816,91,100,-9,9
78817,155,160,-5,5
78818,62,62,0,0
78819,109,106,3,3
78820,100,108,-8,8
78821,160,143,17,17
78822,96,97,-1,1
78823,104,107,-3,3
78824,93,86,7,7
78825,72,77,-5,5
78826,59,76,-17,17
78827,74,73,1,1
78828,83,75,8,8
78829,92,86,6,6
78830,100,108,-8,8
78831,87,84,3,3
78832,122,129,-7,7
78833,78,76,2,2
78834,79,71,8,8
78835,138,121,17,17
78836,158,136,22,22
78837,75,77,-2,2
78838,100,97,3,3
78839,134,129,5,5
78840,138,153,-15,15
78841,82,95,-13,13
78842,52,50,2,2
78843,74,81,-7,7
78844,60,61,-1,1
78845,49,46,3,3
78846,45,55,-10,10
78847,83,83,0,0
78848,55,58,-3,3
78849,74,74,0,0
78850,96,89,7,7
78851,71,73,-2,2
78852,73,75,-2,2
78853,104,115,-11,11
78854,57,55,2,2
78855,79,86,-7,7
78856,109,129,-20,20
78857,65,61,4,4
78858,129,148,-19,19
78859,75,68,7,7
78860,209,186,23,23
78861,102,92,10,10
78862,102,108,-6,6
78863,142,140,2,2
78864,140,123,17,17
78865,44,50,-6,6
78866,102,110,-8,8
78867,89,80,9,9
78868,86,85,1,1
78869,85,88,-3,3
78870,88,86,2,2
78871,77,87,-10,10
78872,123,127,-4,4
78873,62,80,-18,18
78874,163,153,10,10
78875,114,115,-1,1
78876,55,59,-4,4
78877,112,117,-5,5
78878,125,120,5,5
78879,123,124,-1,1
78880,96,98,-2,2
78881,111,106,5,5
78882,136,128,8,8
78883,75,78,-3,3
78884,134,137,-3,3
78885,77,85,-8,8
78886,98,99,-1,1
78887,94,89,5,5
78888,77,74,3,3
78889,83,80,3,3
78890,97,105,-8,8
78891,82,84,-2,2
78892,126,123,3,3
78893,159,178,-19,19
78894,100,104,-4,4
78895,100,113,-13,13
78896,121,124,-3,3
78897,117,90,27,27
78898,81,83,-2,2
78899,90,90,0,0
78900,68,67,1,1
78901,110,107,3,3
78902,118,132,-14,14
78903,97,96,1,1
78904,81,79,2,2
78905,105,102,3,3
78906,95,85,10,10
78907,66,87,-21,21
78908,109,109,0,0
78909,141,142,-1,1
78910,52,42,10,10
78911,80,75,5,5
78912,93,86,7,7
78913,76,73,3,3
78914,111,113,-2,2
78915,107,101,6,6
78916,132,124,8,8
78917,100,102,-2,2
78918,138,127,11,11
78919,122,115,7,7
78920,105,112,-7,7
78921,85,90,-5,5
78922,96,77,19,19
78923,60,63,-3,3
78924,106,102,4,4
78925,47,62,-15,15
78926,97,96,1,1
78927,36,38,-2,2
78928,111,95,16,16
78929,121,122,-1,1
78930,85,71,14,14
78931,95,94,1,1
78932,78,76,2,2
78933,113,115,-2,2
78934,72,71,1,1
78935,110,111,-1,1
78936,38,43,-5,5
78937,133,127,6,6
78938,52,60,-8,8
78939,49,50,-1,1
78940,57,56,1,1
78941,209,172,37,37
78942,93,109,-16,16
78943,62,65,-3,3
78944,51,52,-1,1
78945,82,109,-27,27
78946,77,77,0,0
78947,165,139,26,26
78948,58,59,-1,1
78949,108,99,9,9
78950,43,50,-7,7
78951,83,89,-6,6
78952,92,94,-2,2
78953,127,122,5,5
78954,47,51,-4,4
78955,78,78,0,0
78956,62,75,-13,13
78957,136,129,7,7
78958,121,122,-1,1
78959,79,85,-6,6
78960,83,101,-18,18
78961,100,96,4,4
78962,86,111,-25,25
78963,89,94,-5,5
78964,74,66,8,8
78965,133,138,-5,5
78966,107,103,4,4
78967,89,87,2,2
78968,72,72,0,0
78969,78,69,9,9
78970,52,53,-1,1
78971,94,97,-3,3
78972,107,112,-5,5
78973,61,55,6,6
78974,224,193,31,31
78975,75,75,0,0
78976,53,43,10,10
78977,95,103,-8,8
78978,63,61,2,2
78979,133,131,2,2
78980,45,42,3,3
78981,65,54,11,11
78982,93,92,1,1
78983,68,76,-8,8
78984,86,94,-8,8
78985,116,111,5,5
78986,112,114,-2,2
78987,79,71,8,8
78988,83,78,5,5
78989,136,143,-7,7
78990,58,62,-4,4
78991,98,91,7,7
78992,216,211,5,5
78993,135,138,-3,3
78994,87,84,3,3
78995,99,94,5,5
78996,85,86,-1,1
78997,57,42,15,15
78998,69,67,2,2
78999,72,68,4,4
79000,42,30,12,12
79001,50,46,4,4
79002,120,121,-1,1
79003,43,30,13,13
79004,58,55,3,3
79005,64,76,-12,12
79006,47,49,-2,2
79007,118,109,9,9
79008,91,121,-30,30
79009,115,115,0,0
79010,132,141,-9,9
79011,124,122,2,2
79012,127,139,-12,12
79013,90,85,5,5
79014,142,140,2,2
79015,72,76,-4,4
79016,91,101,-10,10
79017,93,98,-5,5
79018,159,154,5,5
79019,76,83,-7,7
79020,89,93,-4,4
79021,127,115,12,12
79022,76,75,1,1
79023,101,92,9,9
79024,95,98,-3,3
79025,82,85,-3,3
79026,109,111,-2,2
79027,108,101,7,7
79028,84,87,-3,3
79029,184,176,8,8
79030,77,77,0,0
79031,92,83,9,9
79032,57,64,-7,7
79033,104,79,25,25
79034,118,127,-9,9
79035,111,118,-7,7
79036,78,67,11,11
79037,122,124,-2,2
79038,72,70,2,2
79039,106,97,9,9
79040,61,60,1,1
79041,106,114,-8,8
79042,122,122,0,0
79043,119,119,0,0
79044,141,125,16,16
79045,114,111,3,3
79046,124,121,3,3
79047,86,78,8,8
79048,43,58,-15,15
79049,177,167,10,10
79050,169,202,-33,33
79051,100,107,-7,7
79052,70,76,-6,6
79053,80,80,0,0
79054,82,88,-6,6
79055,97,97,0,0
79056,112,102,10,10
79057,122,115,7,7
79058,62,63,-1,1
79059,146,121,25,25
79060,77,87,-10,10
79061,95,101,-6,6
79062,167,140,27,27
79063,62,97,-35,35
79064,112,150,-38,38
79065,56,62,-6,6
79066,126,129,-3,3
79067,127,120,7,7
79068,221,183,38,38
79069,180,174,6,6
79070,73,68,5,5
79071,53,57,-4,4
79072,82,91,-9,9
79073,58,59,-1,1
79074,78,81,-3,3
79075,130,130,0,0
79076,39,38,1,1
79077,93,104,-11,11
79078,87,83,4,4
79079,82,76,6,6
79080,130,143,-13,13
79081,74,76,-2,2
79082,93,94,-1,1
79083,69,81,-12,12
79084,57,59,-2,2
79085,79,72,7,7
79086,120,121,-1,1
79087,91,81,10,10
79088,99,116,-17,17
79089,100,101,-1,1
79090,93,91,2,2
79091,78,86,-8,8
79092,82,86,-4,4
79093,242,213,29,29
79094,154,148,6,6
79095,63,65,-2,2
79096,52,42,10,10
79097,106,99,7,7
79098,87,110,-23,23
79099,106,110,-4,4
79100,36,31,5,5
79101,108,135,-27,27
79102,153,186,-33,33
79103,44,58,-14,14
79104,119,121,-2,2
79105,51,45,6,6
79106,156,135,21,21
79107,114,137,-23,23
79108,123,126,-3,3
79109,149,139,10,10
79110,90,84,6,6
79111,67,69,-2,2
79112,179,169,10,10
79113,123,129,-6,6
79114,88,90,-2,2
79115,211,192,19,19
79116,149,142,7,7
79117,58,59,-1,1
79118,85,84,1,1
79119,94,94,0,0
79120,125,132,-7,7
79121,50,55,-5,5
79122,78,73,5,5
79123,91,86,5,5
79124,166,165,1,1
79125,89,82,7,7
79126,55,69,-14,14
79127,140,141,-1,1
79128,122,125,-3,3
79129,92,75,17,17
79130,59,65,-6,6
79131,112,124,-12,12
79132,97,101,-4,4
79133,109,114,-5,5
79134,121,140,-19,19
79135,75,81,-6,6
79136,80,77,3,3
79137,104,104,0,0
79138,130,126,4,4
79139,148,149,-1,1
79140,54,54,0,0
79141,121,119,2,2
79142,65,81,-16,16
79143,51,61,-10,10
79144,142,126,16,16
79145,40,42,-2,2
79146,58,63,-5,5
79147,92,93,-1,1
79148,71,70,1,1
79149,96,95,1,1
79150,118,111,7,7
79151,54,61,-7,7
79152,91,102,-11,11
79153,70,70,0,0
79154,85,82,3,3
79155,47,41,6,6
79156,137,139,-2,2
79157,88,101,-13,13
79158,73,76,-3,3
79159,99,99,0,0
79160,68,71,-3,3
79161,174,176,-2,2
79162,119,130,-11,11
79163,84,84,0,0
79164,103,122,-19,19
79165,174,162,12,12
79166,98,93,5,5
79167,86,76,10,10
79168,101,112,-11,11
79169,88,80,8,8
79170,78,64,14,14
79171,94,94,0,0
79172,131,134,-3,3
79173,104,90,14,14
79174,89,98,-9,9
79175,104,122,-18,18
79176,43,50,-7,7
79177,85,84,1,1
79178,66,54,12,12
79179,108,128,-20,20
79180,89,103,-14,14
79181,54,60,-6,6
79182,75,72,3,3
79183,85,95,-10,10
79184,94,97,-3,3
79185,58,60,-2,2
79186,191,176,15,15
79187,63,59,4,4
79188,73,69,4,4
79189,92,91,1,1
79190,125,113,12,12
79191,90,81,9,9
79192,128,127,1,1
79193,38,48,-10,10
79194,84,82,2,2
79195,85,82,3,3
79196,147,134,13,13
79197,54,39,15,15
79198,78,78,0,0
79199,117,101,16,16
79200,78,80,-2,2
79201,83,85,-2,2
79202,125,148,-23,23
79203,108,112,-4,4
79204,94,98,-4,4
79205,45,45,0,0
79206,120,123,-3,3
79207,86,89,-3,3
79208,85,85,0,0
79209,50,49,1,1
79210,89,80,9,9
79211,90,89,1,1
79212,75,76,-1,1
79213,110,113,-3,3
79214,82,80,2,2
79215,140,136,4,4
79216,102,103,-1,1
79217,78,81,-3,3
79218,90,96,-6,6
79219,49,53,-4,4
79220,60,58,2,2
79221,128,142,-14,14
79222,91,97,-6,6
79223,94,100,-6,6
79224,101,97,4,4
79225,90,99,-9,9
79226,115,115,0,0
79227,111,103,8,8
79228,110,121,-11,11
79229,64,70,-6,6
79230,112,105,7,7
79231,88,95,-7,7
79232,108,110,-2,2
79233,100,104,-4,4
79234,66,63,3,3
79235,142,125,17,17
79236,64,67,-3,3
79237,140,132,8,8
79238,124,123,1,1
79239,66,78,-12,12
79240,99,93,6,6
79241,78,72,6,6
79242,103,114,-11,11
79243,121,113,8,8
79244,96,90,6,6
79245,30,35,-5,5
79246,69,64,5,5
79247,97,91,6,6
79248,81,78,3,3
79249,72,76,-4,4
79250,93,88,5,5
79251,84,85,-1,1
79252,84,90,-6,6
79253,98,103,-5,5
79254,57,72,-15,15
79255,81,87,-6,6
79256,88,98,-10,10
79257,98,95,3,3
79258,171,160,11,11
79259,76,79,-3,3
79260,126,132,-6,6
79261,90,88,2,2
79262,91,82,9,9
79263,94,87,7,7
79264,91,89,2,2
79265,122,130,-8,8
79266,81,97,-16,16
79267,86,105,-19,19
79268,79,66,13,13
79269,76,87,-11,11
79270,97,104,-7,7
79271,125,146,-21,21
79272,125,124,1,1
79273,62,66,-4,4
79274,63,70,-7,7
79275,81,83,-2,2
79276,115,100,15,15
79277,162,164,-2,2
79278,103,98,5,5
79279,64,63,1,1
79280,153,150,3,3
79281,69,84,-15,15
79282,132,124,8,8
79283,76,71,5,5
79284,63,77,-14,14
79285,65,69,-4,4
79286,89,89,0,0
79287,165,143,22,22
79288,84,83,1,1
79289,89,85,4,4
79290,130,114,16,16
79291,73,65,8,8
79292,110,119,-9,9
79293,157,141,16,16
79294,82,85,-3,3
79295,100,99,1,1
79296,128,125,3,3
79297,122,121,1,1
79298,102,101,1,1
79299,102,93,9,9
79300,86,80,6,6
79301,124,127,-3,3
79302,157,148,9,9
79303,104,104,0,0
79304,94,96,-2,2
79305,59,50,9,9
79306,103,101,2,2
79307,78,79,-1,1
79308,73,75,-2,2
79309,76,80,-4,4
79310,112,135,-23,23
79311,103,95,8,8
79312,159,140,19,19
79313,42,48,-6,6
79314,83,72,11,11
79315,108,110,-2,2
79316,129,127,2,2
79317,129,132,-3,3
79318,145,133,12,12
79319,70,67,3,3
79320,71,68,3,3
79321,60,67,-7,7
79322,100,94,6,6
79323,173,159,14,14
79324,156,142,14,14
79325,101,93,8,8
79326,99,101,-2,2
79327,130,127,3,3
79328,68,125,-57,57
79329,138,133,5,5
79330,138,142,-4,4
79331,126,128,-2,2
79332,74,77,-3,3
79333,75,73,2,2
79334,79,79,0,0
79335,67,80,-13,13
79336,80,128,-48,48
79337,86,80,6,6
79338,57,57,0,0
79339,111,114,-3,3
79340,95,90,5,5
79341,85,74,11,11
79342,88,89,-1,1
79343,72,63,9,9
79344,22,65,-43,43
79345,97,84,13,13
79346,130,119,11,11
79347,55,50,5,5
79348,95,91,4,4
79349,86,89,-3,3
79350,53,56,-3,3
79351,66,63,3,3
79352,122,139,-17,17
79353,130,133,-3,3
79354,135,141,-6,6
79355,47,50,-3,3
79356,65,105,-40,40
79357,46,43,3,3
79358,155,137,18,18
79359,60,68,-8,8
79360,75,81,-6,6
79361,97,93,4,4
79362,142,123,19,19
79363,57,64,-7,7
79364,80,82,-2,2
79365,44,43,1,1
79366,107,100,7,7
79367,39,55,-16,16
79368,163,160,3,3
79369,152,157,-5,5
79370,119,120,-1,1
79371,98,85,13,13
79372,67,84,-17,17
79373,61,58,3,3
79374,99,101,-2,2
79375,62,65,-3,3
79376,68,61,7,7
79377,72,76,-4,4
79378,83,80,3,3
79379,103,100,3,3
79380,116,131,-15,15
79381,122,121,1,1
79382,88,91,-3,3
79383,129,123,6,6
79384,86,83,3,3
79385,82,86,-4,4
79386,83,94,-11,11
79387,71,81,-10,10
79388,77,77,0,0
79389,100,105,-5,5
79390,206,186,20,20
79391,152,172,-20,20
79392,58,61,-3,3
79393,141,136,5,5
79394,96,85,11,11
79395,149,138,11,11
79396,80,72,8,8
79397,48,43,5,5
79398,75,72,3,3
79399,95,93,2,2
79400,126,130,-4,4
79401,74,64,10,10
79402,95,91,4,4
79403,59,63,-4,4
79404,164,160,4,4
79405,95,91,4,4
79406,46,41,5,5
79407,88,89,-1,1
79408,135,144,-9,9
79409,140,124,16,16
79410,103,103,0,0
79411,69,70,-1,1
79412,144,124,20,20
79413,147,139,8,8
79414,105,130,-25,25
79415,154,123,31,31
79416,77,75,2,2
79417,74,78,-4,4
79418,132,135,-3,3
79419,56,60,-4,4
79420,48,39,9,9
79421,77,78,-1,1
79422,20,35,-15,15
79423,94,99,-5,5
79424,66,69,-3,3
79425,72,68,4,4
79426,130,123,7,7
79427,282,253,29,29
79428,139,122,17,17
79429,99,113,-14,14
79430,67,72,-5,5
79431,72,72,0,0
79432,96,112,-16,16
79433,76,88,-12,12
79434,119,115,4,4
79435,93,82,11,11
79436,61,74,-13,13
79437,79,73,6,6
79438,107,99,8,8
79439,152,153,-1,1
79440,85,79,6,6
79441,62,85,-23,23
79442,103,105,-2,2
79443,59,61,-2,2
79444,109,125,-16,16
79445,84,92,-8,8
79446,85,72,13,13
79447,77,90,-13,13
79448,182,167,15,15
79449,105,123,-18,18
79450,165,160,5,5
79451,101,98,3,3
79452,91,89,2,2
79453,93,91,2,2
79454,105,120,-15,15
79455,98,104,-6,6
79456,140,143,-3,3
79457,150,140,10,10
79458,168,152,16,16
79459,155,140,15,15
79460,75,65,10,10
79461,56,53,3,3
79462,41,53,-12,12
79463,84,78,6,6
79464,46,55,-9,9
79465,168,162,6,6
79466,148,143,5,5
79467,92,97,-5,5
79468,93,90,3,3
79469,108,107,1,1
79470,52,55,-3,3
79471,100,95,5,5
79472,77,88,-11,11
79473,95,87,8,8
79474,67,66,1,1
79475,84,80,4,4
79476,107,107,0,0
79477,80,81,-1,1
79478,104,103,1,1
79479,86,89,-3,3
79480,90,85,5,5
79481,70,80,-10,10
79482,125,136,-11,11
79483,68,65,3,3
79484,125,122,3,3
79485,133,130,3,3
79486,77,75,2,2
79487,70,71,-1,1
79488,182,158,24,24
79489,114,100,14,14
79490,114,115,-1,1
79491,183,181,2,2
79492,57,63,-6,6
79493,111,117,-6,6
79494,49,55,-6,6
79495,58,61,-3,3
79496,97,107,-10,10
79497,141,144,-3,3
79498,133,120,13,13
79499,115,107,8,8
79500,142,132,10,10
79501,53,53,0,0
79502,69,61,8,8
79503,152,138,14,14
79504,52,46,6,6
79505,145,141,4,4
79506,90,82,8,8
79507,125,116,9,9
79508,73,61,12,12
79509,72,73,-1,1
79510,69,81,-12,12
79511,146,140,6,6
79512,149,146,3,3
79513,79,79,0,0
79514,105,108,-3,3
79515,65,63,2,2
79516,139,129,10,10
79517,123,119,4,4
79518,105,87,18,18
79519,40,36,4,4
79520,65,74,-9,9
79521,134,128,6,6
79522,123,115,8,8
79523,127,121,6,6
79524,39,44,-5,5
79525,104,113,-9,9
79526,48,52,-4,4
79527,78,82,-4,4
79528,102,101,1,1
79529,72,63,9,9
79530,130,135,-5,5
79531,107,108,-1,1
79532,90,95,-5,5
79533,85,87,-2,2
79534,103,104,-1,1
79535,118,110,8,8
79536,67,63,4,4
79537,101,94,7,7
79538,108,99,9,9
79539,134,146,-12,12
79540,83,75,8,8
79541,103,95,8,8
79542,43,53,-10,10
79543,154,144,10,10
79544,137,132,5,5
79545,133,124,9,9
79546,165,140,25,25
79547,68,72,-4,4
79548,144,138,6,6
79549,112,116,-4,4
79550,96,91,5,5
79551,84,77,7,7
79552,131,115,16,16
79553,95,95,0,0
79554,166,152,14,14
79555,56,64,-8,8
79556,112,116,-4,4
79557,55,56,-1,1
79558,88,89,-1,1
79559,81,75,6,6
79560,79,78,1,1
79561,105,107,-2,2
79562,52,52,0,0
79563,131,120,11,11
79564,101,101,0,0
79565,98,101,-3,3
79566,60,58,2,2
79567,66,69,-3,3
79568,85,73,12,12
79569,81,79,2,2
79570,117,125,-8,8
79571,61,61,0,0
79572,74,75,-1,1
79573,64,69,-5,5
79574,61,62,-1,1
79575,106,104,2,2
79576,82,82,0,0
79577,68,86,-18,18
79578,100,109,-9,9
79579,111,95,16,16
79580,73,82,-9,9
79581,110,107,3,3
79582,110,125,-15,15
79583,150,141,9,9
79584,119,135,-16,16
79585,140,144,-4,4
79586,107,102,5,5
79587,31,39,-8,8
79588,111,109,2,2
79589,93,101,-8,8
79590,73,75,-2,2
79591,75,83,-8,8
79592,106,125,-19,19
79593,46,49,-3,3
79594,169,148,21,21
79595,128,117,11,11
79596,189,190,-1,1
79597,119,117,2,2
79598,61,54,7,7
79599,109,109,0,0
79600,129,115,14,14
79601,118,128,-10,10
79602,91,92,-1,1
79603,95,101,-6,6
79604,106,94,12,12
79605,188,174,14,14
79606,78,63,15,15
79607,59,74,-15,15
79608,66,60,6,6
79609,62,68,-6,6
79610,137,132,5,5
79611,82,89,-7,7
79612,115,105,10,10
79613,102,135,-33,33
79614,50,83,-33,33
79615,119,128,-9,9
79616,159,162,-3,3
79617,146,150,-4,4
79618,62,56,6,6
79619,72,68,4,4
79620,82,78,4,4
79621,64,63,1,1
79622,74,68,6,6
79623,104,100,4,4
79624,169,151,18,18
79625,86,84,2,2
79626,178,180,-2,2
79627,83,88,-5,5
79628,115,110,5,5
79629,124,117,7,7
79630,123,146,-23,23
79631,90,91,-1,1
79632,51,52,-1,1
79633,99,99,0,0
79634,99,124,-25,25
79635,108,102,6,6
79636,124,112,12,12
79637,144,143,1,1
79638,128,139,-11,11
79639,70,74,-4,4
79640,74,83,-9,9
79641,134,144,-10,10
79642,119,122,-3,3
79643,41,43,-2,2
79644,101,103,-2,2
79645,149,144,5,5
79646,121,119,2,2
79647,56,56,0,0
79648,108,112,-4,4
79649,72,80,-8,8
79650,98,94,4,4
79651,67,60,7,7
79652,69,71,-2,2
79653,89,92,-3,3
79654,122,143,-21,21
79655,75,74,1,1
79656,80,86,-6,6
79657,184,177,7,7
79658,80,80,0,0
79659,136,141,-5,5
79660,85,90,-5,5
79661,86,85,1,1
79662,99,101,-2,2
79663,161,153,8,8
79664,106,112,-6,6
79665,86,90,-4,4
79666,160,148,12,12
79667,140,144,-4,4
79668,157,157,0,0
79669,121,116,5,5
79670,61,62,-1,1
79671,108,107,1,1
79672,110,114,-4,4
79673,101,99,2,2
79674,85,85,0,0
79675,125,130,-5,5
79676,67,67,0,0
79677,64,71,-7,7
79678,47,64,-17,17
79679,111,120,-9,9
79680,45,50,-5,5
79681,79,73,6,6
79682,102,97,5,5
79683,99,84,15,15
79684,121,121,0,0
79685,75,85,-10,10
79686,172,167,5,5
79687,67,79,-12,12
79688,111,112,-1,1
79689,119,131,-12,12
79690,134,118,16,16
79691,139,131,8,8
79692,67,71,-4,4
79693,100,121,-21,21
79694,64,70,-6,6
79695,105,107,-2,2
79696,106,108,-2,2
79697,41,43,-2,2
79698,122,113,9,9
79699,96,98,-2,2
79700,74,89,-15,15
79701,97,103,-6,6
79702,106,96,10,10
79703,58,56,2,2
79704,61,59,2,2
79705,72,66,6,6
79706,97,95,2,2
79707,104,109,-5,5
79708,90,88,2,2
79709,190,179,11,11
79710,113,120,-7,7
79711,72,93,-21,21
79712,102,105,-3,3
79713,143,128,15,15
79714,71,70,1,1
79715,80,94,-14,14
79716,45,46,-1,1
79717,57,60,-3,3
79718,109,106,3,3
79719,80,80,0,0
79720,54,48,6,6
79721,75,88,-13,13
79722,80,75,5,5
79723,73,74,-1,1
79724,216,187,29,29
79725,73,79,-6,6
79726,124,123,1,1
79727,160,138,22,22
79728,140,144,-4,4
79729,136,128,8,8
79730,68,63,5,5
79731,91,85,6,6
79732,69,64,5,5
79733,93,108,-15,15
79734,103,107,-4,4
79735,93,95,-2,2
79736,53,54,-1,1
79737,116,117,-1,1
79738,57,63,-6,6
79739,89,81,8,8
79740,58,59,-1,1
79741,136,138,-2,2
79742,95,87,8,8
79743,59,70,-11,11
79744,169,156,13,13
79745,105,105,0,0
79746,119,84,35,35
79747,89,91,-2,2
79748,132,118,14,14
79749,81,76,5,5
79750,52,39,13,13
79751,139,120,19,19
79752,60,66,-6,6
79753,128,126,2,2
79754,54,52,2,2
79755,123,127,-4,4
79756,99,97,2,2
79757,36,46,-10,10
79758,40,41,-1,1
79759,114,116,-2,2
79760,89,78,11,11
79761,68,70,-2,2
79762,96,86,10,10
79763,120,120,0,0
79764,85,82,3,3
79765,67,66,1,1
79766,90,90,0,0
79767,59,59,0,0
79768,86,79,7,7
79769,187,183,4,4
79770,117,121,-4,4
79771,50,61,-11,11
79772,90,87,3,3
79773,92,83,9,9
79774,57,62,-5,5
79775,55,57,-2,2
79776,51,56,-5,5
79777,84,90,-6,6
79778,110,113,-3,3
79779,52,68,-16,16
79780,56,73,-17,17
79781,82,82,0,0
79782,141,137,4,4
79783,104,108,-4,4
79784,113,108,5,5
79785,119,102,17,17
79786,124,126,-2,2
79787,79,79,0,0
79788,99,90,9,9
79789,133,123,10,10
79790,53,57,-4,4
79791,88,77,11,11
79792,58,58,0,0
79793,90,94,-4,4
79794,89,96,-7,7
79795,91,98,-7,7
79796,110,110,0,0
79797,77,79,-2,2
79798,71,77,-6,6
79799,77,81,-4,4
79800,115,118,-3,3
79801,62,87,-25,25
79802,167,160,7,7
79803,105,123,-18,18
79804,100,102,-2,2
79805,100,117,-17,17
79806,111,124,-13,13
79807,92,89,3,3
79808,162,164,-2,2
79809,109,116,-7,7
79810,164,154,10,10
79811,63,59,4,4
79812,67,71,-4,4
79813,158,172,-14,14
79814,82,84,-2,2
79815,65,61,4,4
79816,118,110,8,8
79817,87,93,-6,6
79818,159,161,-2,2
79819,122,116,6,6
79820,102,97,5,5
79821,63,71,-8,8
79822,94,97,-3,3
79823,100,102,-2,2
79824,87,68,19,19
79825,98,104,-6,6
79826,79,76,3,3
79827,104,98,6,6
79828,115,112,3,3
79829,118,134,-16,16
79830,82,87,-5,5
79831,130,129,1,1
79832,98,95,3,3
79833,141,144,-3,3
79834,197,180,17,17
79835,141,142,-1,1
79836,91,95,-4,4
79837,80,76,4,4
79838,104,88,16,16
79839,171,158,13,13
79840,292,243,49,49
79841,113,114,-1,1
79842,111,106,5,5
79843,116,123,-7,7
79844,66,68,-2,2
79845,146,141,5,5
79846,62,63,-1,1
79847,105,103,2,2
79848,66,68,-2,2
79849,59,61,-2,2
79850,74,77,-3,3
79851,91,86,5,5
79852,117,115,2,2
79853,101,121,-20,20
79854,167,168,-1,1
79855,69,72,-3,3
79856,120,129,-9,9
79857,119,114,5,5
79858,130,123,7,7
79859,69,60,9,9
79860,97,107,-10,10
79861,76,80,-4,4
79862,183,169,14,14
79863,65,69,-4,4
79864,155,145,10,10
79865,80,84,-4,4
79866,107,112,-5,5
79867,46,61,-15,15
79868,95,95,0,0
79869,72,79,-7,7
79870,74,82,-8,8
79871,73,74,-1,1
79872,66,40,26,26
79873,76,80,-4,4
79874,75,73,2,2
79875,36,57,-21,21
79876,82,85,-3,3
79877,150,140,10,10
79878,88,97,-9,9
79879,40,38,2,2
79880,82,81,1,1
79881,166,157,9,9
79882,113,117,-4,4
79883,120,123,-3,3
79884,136,135,1,1
79885,53,55,-2,2
79886,233,237,-4,4
79887,78,75,3,3
79888,112,108,4,4
79889,103,121,-18,18
79890,100,94,6,6
79891,86,83,3,3
79892,69,73,-4,4
79893,109,117,-8,8
79894,105,101,4,4
79895,51,91,-40,40
79896,99,111,-12,12
79897,138,139,-1,1
79898,42,93,-51,51
79899,87,85,2,2
79900,141,126,15,15
79901,75,91,-16,16
79902,96,99,-3,3
79903,56,57,-1,1
79904,122,116,6,6
79905,65,70,-5,5
79906,113,103,10,10
79907,67,63,4,4
79908,83,91,-8,8
79909,91,77,14,14
79910,136,136,0,0
79911,85,81,4,4
79912,66,73,-7,7
79913,79,67,12,12
79914,73,63,10,10
79915,106,117,-11,11
79916,76,75,1,1
79917,149,135,14,14
79918,38,45,-7,7
79919,108,96,12,12
79920,91,92,-1,1
79921,105,105,0,0
79922,85,90,-5,5
79923,62,73,-11,11
79924,117,128,-11,11
79925,62,72,-10,10
79926,115,98,17,17
79927,85,78,7,7
79928,150,145,5,5
79929,132,136,-4,4
79930,74,77,-3,3
79931,44,65,-21,21
79932,152,165,-13,13
79933,142,140,2,2
79934,106,107,-1,1
79935,97,107,-10,10
79936,97,94,3,3
79937,53,59,-6,6
79938,116,119,-3,3
79939,141,136,5,5
79940,109,117,-8,8
79941,90,87,3,3
79942,111,121,-10,10
79943,186,186,0,0
79944,133,126,7,7
79945,83,80,3,3
79946,69,79,-10,10
79947,73,79,-6,6
79948,154,138,16,16
79949,93,107,-14,14
79950,87,84,3,3
79951,126,140,-14,14
79952,91,94,-3,3
79953,79,75,4,4
79954,82,91,-9,9
79955,112,96,16,16
79956,72,65,7,7
79957,179,175,4,4
79958,67,73,-6,6
79959,61,84,-23,23
79960,134,116,18,18
79961,129,119,10,10
79962,79,80,-1,1
79963,95,98,-3,3
79964,147,143,4,4
79965,86,103,-17,17
79966,64,70,-6,6
79967,73,82,-9,9
79968,60,59,1,1
79969,122,121,1,1
79970,91,99,-8,8
79971,78,78,0,0
79972,69,80,-11,11
79973,64,91,-27,27
79974,120,118,2,2
79975,101,105,-4,4
79976,51,54,-3,3
79977,80,84,-4,4
79978,100,154,-54,54
79979,104,111,-7,7
79980,69,70,-1,1
79981,94,97,-3,3
79982,110,121,-11,11
79983,157,153,4,4
79984,56,64,-8,8
79985,118,119,-1,1
79986,29,21,8,8
79987,110,160,-50,50
79988,102,109,-7,7
79989,78,80,-2,2
79990,116,131,-15,15
79991,129,136,-7,7
79992,124,134,-10,10
79993,69,84,-15,15
79994,94,91,3,3
79995,105,95,10,10
79996,127,133,-6,6
79997,99,102,-3,3
79998,106,104,2,2
79999,45,43,2,2
80000,73,78,-5,5
80001,57,49,8,8
80002,71,78,-7,7
80003,84,85,-1,1
80004,91,91,0,0
80005,93,90,3,3
80006,75,80,-5,5
80007,98,90,8,8
80008,76,73,3,3
80009,87,85,2,2
80010,100,105,-5,5
80011,101,107,-6,6
80012,63,74,-11,11
80013,94,86,8,8
80014,58,65,-7,7
80015,77,73,4,4
80016,136,126,10,10
80017,86,92,-6,6
80018,109,104,5,5
80019,77,71,6,6
80020,146,137,9,9
80021,128,128,0,0
80022,164,153,11,11
80023,71,72,-1,1
80024,147,155,-8,8
80025,96,97,-1,1
80026,65,65,0,0
80027,95,100,-5,5
80028,84,87,-3,3
80029,104,101,3,3
80030,75,78,-3,3
80031,168,159,9,9
80032,200,177,23,23
80033,153,154,-1,1
80034,171,164,7,7
80035,111,125,-14,14
80036,65,79,-14,14
80037,85,98,-13,13
80038,98,88,10,10
80039,111,114,-3,3
80040,112,109,3,3
80041,113,116,-3,3
80042,148,134,14,14
80043,115,115,0,0
80044,63,70,-7,7
80045,95,87,8,8
80046,98,100,-2,2
80047,117,127,-10,10
80048,144,133,11,11
80049,115,126,-11,11
80050,124,123,1,1
80051,115,120,-5,5
80052,93,102,-9,9
80053,83,90,-7,7
80054,83,84,-1,1
80055,106,105,1,1
80056,104,106,-2,2
80057,149,167,-18,18
80058,94,95,-1,1
80059,61,68,-7,7
80060,63,80,-17,17
80061,98,98,0,0
80062,70,75,-5,5
80063,96,102,-6,6
80064,89,82,7,7
80065,120,144,-24,24
80066,85,82,3,3
80067,159,133,26,26
80068,144,138,6,6
80069,63,67,-4,4
80070,102,103,-1,1
80071,119,108,11,11
80072,106,108,-2,2
80073,88,67,21,21
80074,54,58,-4,4
80075,58,67,-9,9
80076,130,107,23,23
80077,168,154,14,14
80078,73,72,1,1
80079,133,136,-3,3
80080,98,105,-7,7
80081,86,83,3,3
80082,81,82,-1,1
80083,83,87,-4,4
80084,59,63,-4,4
80085,43,50,-7,7
80086,80,75,5,5
80087,73,75,-2,2
80088,86,91,-5,5
80089,89,120,-31,31
80090,77,80,-3,3
80091,59,53,6,6
80092,64,102,-38,38
80093,82,79,3,3
80094,47,46,1,1
80095,99,84,15,15
80096,104,110,-6,6
80097,62,62,0,0
80098,70,75,-5,5
80099,65,70,-5,5
80100,79,67,12,12
80101,86,88,-2,2
80102,105,108,-3,3
80103,91,91,0,0
80104,117,116,1,1
80105,43,42,1,1
80106,171,159,12,12
80107,115,114,1,1
80108,111,121,-10,10
80109,73,75,-2,2
80110,118,118,0,0
80111,84,77,7,7
80112,96,100,-4,4
80113,115,110,5,5
80114,172,174,-2,2
80115,138,127,11,11
80116,130,114,16,16
80117,142,138,4,4
80118,92,96,-4,4
80119,71,65,6,6
80120,42,47,-5,5
80121,93,93,0,0
80122,116,105,11,11
80123,90,80,10,10
80124,74,82,-8,8
80125,56,63,-7,7
80126,139,125,14,14
80127,76,74,2,2
80128,97,100,-3,3
80129,88,94,-6,6
80130,70,74,-4,4
80131,148,140,8,8
80132,70,70,0,0
80133,112,119,-7,7
80134,81,71,10,10
80135,52,55,-3,3
80136,95,99,-4,4
80137,80,85,-5,5
80138,46,56,-10,10
80139,50,52,-2,2
80140,129,127,2,2
80141,90,94,-4,4
80142,132,118,14,14
80143,143,145,-2,2
80144,130,148,-18,18
80145,147,149,-2,2
80146,103,99,4,4
80147,61,64,-3,3
80148,88,94,-6,6
80149,158,151,7,7
80150,50,55,-5,5
80151,115,115,0,0
80152,86,94,-8,8
80153,95,93,2,2
80154,135,144,-9,9
80155,84,89,-5,5
80156,116,130,-14,14
80157,31,27,4,4
80158,86,88,-2,2
80159,87,82,5,5
80160,99,97,2,2
80161,61,66,-5,5
80162,66,62,4,4
80163,99,97,2,2
80164,83,56,27,27
80165,63,56,7,7
80166,85,79,6,6
80167,90,97,-7,7
80168,114,120,-6,6
80169,77,73,4,4
80170,74,78,-4,4
80171,85,90,-5,5
80172,49,70,-21,21
80173,29,32,-3,3
80174,77,71,6,6
80175,70,77,-7,7
80176,72,76,-4,4
80177,67,87,-20,20
80178,73,73,0,0
80179,112,110,2,2
80180,153,156,-3,3
80181,120,126,-6,6
80182,96,103,-7,7
80183,104,100,4,4
80184,74,78,-4,4
80185,50,39,11,11
80186,74,77,-3,3
80187,91,85,6,6
80188,100,96,4,4
80189,45,51,-6,6
80190,96,93,3,3
80191,57,60,-3,3
80192,117,116,1,1
80193,116,114,2,2
80194,117,120,-3,3
80195,85,92,-7,7
80196,90,100,-10,10
80197,120,103,17,17
80198,63,76,-13,13
80199,131,151,-20,20
80200,55,58,-3,3
80201,159,163,-4,4
80202,95,87,8,8
80203,91,82,9,9
80204,52,44,8,8
80205,73,75,-2,2
80206,107,100,7,7
80207,73,76,-3,3
80208,144,136,8,8
80209,101,112,-11,11
80210,84,76,8,8
80211,72,83,-11,11
80212,100,114,-14,14
80213,57,55,2,2
80214,89,90,-1,1
80215,85,81,4,4
80216,136,132,4,4
80217,104,107,-3,3
80218,180,164,16,16
80219,88,91,-3,3
80220,81,89,-8,8
80221,98,99,-1,1
80222,63,59,4,4
80223,81,97,-16,16
80224,132,143,-11,11
80225,139,134,5,5
80226,156,147,9,9
80227,94,97,-3,3
80228,113,116,-3,3
80229,155,173,-18,18
80230,106,97,9,9
80231,71,60,11,11
80232,98,96,2,2
80233,48,134,-86,86
80234,54,52,2,2
80235,86,81,5,5
80236,103,101,2,2
80237,148,131,17,17
80238,73,69,4,4
80239,135,135,0,0
80240,93,96,-3,3
80241,137,133,4,4
80242,82,84,-2,2
80243,78,76,2,2
80244,95,104,-9,9
80245,74,76,-2,2
80246,95,93,2,2
80247,64,70,-6,6
80248,100,106,-6,6
80249,95,102,-7,7
80250,28,39,-11,11
80251,38,40,-2,2
80252,92,100,-8,8
80253,134,135,-1,1
80254,68,73,-5,5
80255,117,108,9,9
80256,118,112,6,6
80257,79,78,1,1
80258,61,56,5,5
80259,132,122,10,10
80260,98,105,-7,7
80261,70,77,-7,7
80262,117,114,3,3
80263,61,57,4,4
80264,69,67,2,2
80265,76,68,8,8
80266,56,56,0,0
80267,108,112,-4,4
80268,70,63,7,7
80269,53,53,0,0
80270,94,103,-9,9
80271,158,157,1,1
80272,146,144,2,2
80273,94,102,-8,8
80274,48,54,-6,6
80275,85,102,-17,17
80276,117,106,11,11
80277,119,108,11,11
80278,72,78,-6,6
80279,103,101,2,2
80280,85,82,3,3
80281,121,116,5,5
80282,66,87,-21,21
80283,177,184,-7,7
80284,85,81,4,4
80285,151,151,0,0
80286,57,63,-6,6
80287,83,70,13,13
80288,68,61,7,7
80289,118,122,-4,4
80290,70,68,2,2
80291,30,38,-8,8
80292,94,99,-5,5
80293,68,75,-7,7
80294,153,153,0,0
80295,81,79,2,2
80296,106,110,-4,4
80297,93,82,11,11
80298,152,152,0,0
80299,117,122,-5,5
80300,121,122,-1,1
80301,104,111,-7,7
80302,130,118,12,12
80303,113,106,7,7
80304,108,103,5,5
80305,110,105,5,5
80306,76,94,-18,18
80307,119,108,11,11
80308,79,73,6,6
80309,96,105,-9,9
80310,74,71,3,3
80311,71,68,3,3
80312,79,72,7,7
80313,62,62,0,0
80314,67,71,-4,4
80315,149,133,16,16
80316,70,76,-6,6
80317,87,83,4,4
80318,302,276,26,26
80319,51,58,-7,7
80320,73,71,2,2
80321,47,48,-1,1
80322,138,125,13,13
80323,155,149,6,6
80324,67,75,-8,8
80325,118,131,-13,13
80326,73,79,-6,6
80327,67,77,-10,10
80328,43,57,-14,14
80329,101,107,-6,6
80330,89,88,1,1
80331,67,70,-3,3
80332,148,143,5,5
80333,131,126,5,5
80334,73,70,3,3
80335,135,150,-15,15
80336,71,76,-5,5
80337,71,66,5,5
80338,108,95,13,13
80339,131,130,1,1
80340,115,135,-20,20
80341,56,53,3,3
80342,84,82,2,2
80343,92,103,-11,11
80344,38,32,6,6
80345,134,124,10,10
80346,75,77,-2,2
80347,124,119,5,5
80348,126,124,2,2
80349,103,115,-12,12
80350,57,50,7,7
80351,82,90,-8,8
80352,113,116,-3,3
80353,103,112,-9,9
80354,119,116,3,3
80355,259,283,-24,24
80356,87,87,0,0
80357,180,153,27,27
80358,84,90,-6,6
80359,110,117,-7,7
80360,116,112,4,4
80361,114,116,-2,2
80362,124,151,-27,27
80363,92,86,6,6
80364,86,93,-7,7
80365,85,88,-3,3
80366,65,67,-2,2
80367,73,72,1,1
80368,72,80,-8,8
80369,108,111,-3,3
80370,47,36,11,11
80371,96,100,-4,4
80372,66,66,0,0
80373,70,74,-4,4
80374,134,129,5,5
80375,47,26,21,21
80376,50,57,-7,7
80377,69,74,-5,5
80378,82,86,-4,4
80379,103,101,2,2
80380,79,73,6,6
80381,82,83,-1,1
80382,77,86,-9,9
80383,77,86,-9,9
80384,99,101,-2,2
80385,99,107,-8,8
80386,156,164,-8,8
80387,82,71,11,11
80388,123,118,5,5
80389,75,63,12,12
80390,47,51,-4,4
80391,32,32,0,0
80392,72,71,1,1
80393,92,91,1,1
80394,128,107,21,21
80395,100,105,-5,5
80396,78,82,-4,4
80397,141,134,7,7
80398,361,395,-34,34
80399,142,132,10,10
80400,28,42,-14,14
80401,53,56,-3,3
80402,80,87,-7,7
80403,81,85,-4,4
80404,181,151,30,30
80405,55,57,-2,2
80406,81,79,2,2
80407,58,61,-3,3
80408,28,21,7,7
80409,76,82,-6,6
80410,77,87,-10,10
80411,125,125,0,0
80412,89,102,-13,13
80413,91,90,1,1
80414,103,108,-5,5
80415,97,101,-4,4
80416,90,83,7,7
80417,69,80,-11,11
80418,140,143,-3,3
80419,59,54,5,5
80420,140,140,0,0
80421,119,131,-12,12
80422,86,93,-7,7
80423,71,64,7,7
80424,179,170,9,9
80425,119,118,1,1
80426,115,109,6,6
80427,61,53,8,8
80428,160,160,0,0
80429,127,125,2,2
80430,186,181,5,5
80431,95,93,2,2
80432,73,80,-7,7
80433,86,90,-4,4
80434,64,70,-6,6
80435,164,162,2,2
80436,80,80,0,0
80437,107,129,-22,22
80438,138,127,11,11
80439,95,95,0,0
80440,161,153,8,8
80441,81,82,-1,1
80442,118,116,2,2
80443,102,101,1,1
80444,79,80,-1,1
80445,83,83,0,0
80446,96,82,14,14
80447,99,102,-3,3
80448,101,92,9,9
80449,73,74,-1,1
80450,151,151,0,0
80451,86,94,-8,8
80452,107,105,2,2
80453,102,95,7,7
80454,87,86,1,1
80455,110,115,-5,5
80456,75,86,-11,11
80457,68,72,-4,4
80458,88,92,-4,4
80459,84,91,-7,7
80460,81,80,1,1
80461,78,78,0,0
80462,73,74,-1,1
80463,103,101,2,2
80464,175,169,6,6
80465,122,122,0,0
80466,106,107,-1,1
80467,53,52,1,1
80468,120,115,5,5
80469,135,145,-10,10
80470,96,95,1,1
80471,69,70,-1,1
80472,86,89,-3,3
80473,94,101,-7,7
80474,46,58,-12,12
80475,93,90,3,3
80476,111,117,-6,6
80477,54,55,-1,1
80478,63,60,3,3
80479,59,60,-1,1
80480,61,57,4,4
80481,68,65,3,3
80482,140,125,15,15
80483,79,75,4,4
80484,148,154,-6,6
80485,114,122,-8,8
80486,77,81,-4,4
80487,95,82,13,13
80488,53,58,-5,5
80489,102,107,-5,5
80490,150,139,11,11
80491,142,135,7,7
80492,123,144,-21,21
80493,85,80,5,5
80494,86,81,5,5
80495,106,98,8,8
80496,123,121,2,2
80497,99,105,-6,6
80498,78,69,9,9
80499,74,78,-4,4
80500,83,79,4,4
80501,68,77,-9,9
80502,100,110,-10,10
80503,71,74,-3,3
80504,85,70,15,15
80505,105,106,-1,1
80506,132,128,4,4
80507,109,99,10,10
80508,95,95,0,0
80509,101,96,5,5
80510,49,53,-4,4
80511,37,36,1,1
80512,80,79,1,1
80513,66,55,11,11
80514,70,73,-3,3
80515,93,87,6,6
80516,54,57,-3,3
80517,99,117,-18,18
80518,100,102,-2,2
80519,143,132,11,11
80520,67,61,6,6
80521,69,70,-1,1
80522,72,93,-21,21
80523,88,94,-6,6
80524,116,101,15,15
80525,103,107,-4,4
80526,129,124,5,5
80527,112,121,-9,9
80528,47,50,-3,3
80529,80,79,1,1
80530,87,85,2,2
80531,102,105,-3,3
80532,111,118,-7,7
80533,113,115,-2,2
80534,85,85,0,0
80535,57,62,-5,5
80536,110,100,10,10
80537,91,98,-7,7
80538,127,135,-8,8
80539,71,69,2,2
80540,110,100,10,10
80541,143,136,7,7
80542,90,105,-15,15
80543,122,113,9,9
80544,124,118,6,6
80545,53,55,-2,2
80546,77,82,-5,5
80547,35,42,-7,7
80548,63,76,-13,13
80549,115,105,10,10
80550,128,124,4,4
80551,99,104,-5,5
80552,90,99,-9,9
80553,80,79,1,1
80554,98,97,1,1
80555,95,90,5,5
80556,138,139,-1,1
80557,84,84,0,0
80558,129,135,-6,6
80559,101,96,5,5
80560,109,87,22,22
80561,142,144,-2,2
80562,72,59,13,13
80563,110,108,2,2
80564,52,50,2,2
80565,66,79,-13,13
80566,69,78,-9,9
80567,79,78,1,1
80568,69,69,0,0
80569,97,96,1,1
80570,96,93,3,3
80571,105,103,2,2
80572,144,151,-7,7
80573,129,120,9,9
80574,75,77,-2,2
80575,111,106,5,5
80576,149,148,1,1
80577,110,85,25,25
80578,73,76,-3,3
80579,58,60,-2,2
80580,47,44,3,3
80581,82,104,-22,22
80582,70,69,1,1
80583,124,116,8,8
80584,78,77,1,1
80585,136,128,8,8
80586,147,144,3,3
80587,84,103,-19,19
80588,121,117,4,4
80589,63,56,7,7
80590,94,92,2,2
80591,125,128,-3,3
80592,82,98,-16,16
80593,158,141,17,17
80594,67,70,-3,3
80595,61,70,-9,9
80596,119,132,-13,13
80597,65,62,3,3
80598,86,97,-11,11
80599,98,87,11,11
80600,143,142,1,1
80601,105,110,-5,5
80602,113,133,-20,20
80603,77,71,6,6
80604,107,119,-12,12
80605,58,65,-7,7
80606,145,143,2,2
80607,52,58,-6,6
80608,109,97,12,12
80609,71,68,3,3
80610,64,74,-10,10
80611,129,120,9,9
80612,83,90,-7,7
80613,40,58,-18,18
80614,102,116,-14,14
80615,65,64,1,1
80616,100,86,14,14
80617,131,128,3,3
80618,90,89,1,1
80619,92,98,-6,6
80620,67,84,-17,17
80621,121,119,2,2
80622,126,116,10,10
80623,93,91,2,2
80624,157,150,7,7
80625,89,87,2,2
80626,53,60,-7,7
80627,96,85,11,11
80628,111,100,11,11
80629,121,120,1,1
80630,67,80,-13,13
80631,59,59,0,0
80632,88,94,-6,6
80633,71,85,-14,14
80634,57,55,2,2
80635,118,109,9,9
80636,78,74,4,4
80637,118,114,4,4
80638,85,85,0,0
80639,102,107,-5,5
80640,69,76,-7,7
80641,179,187,-8,8
80642,94,107,-13,13
80643,100,102,-2,2
80644,91,83,8,8
80645,139,138,1,1
80646,77,85,-8,8
80647,64,66,-2,2
80648,64,65,-1,1
80649,137,130,7,7
80650,113,116,-3,3
80651,93,74,19,19
80652,100,110,-10,10
80653,88,83,5,5
80654,87,84,3,3
80655,144,143,1,1
80656,41,53,-12,12
80657,51,54,-3,3
80658,78,76,2,2
80659,72,72,0,0
80660,66,70,-4,4
80661,58,70,-12,12
80662,123,130,-7,7
80663,90,83,7,7
80664,56,54,2,2
80665,98,89,9,9
80666,91,87,4,4
80667,126,115,11,11
80668,68,44,24,24
80669,117,108,9,9
80670,46,37,9,9
80671,71,72,-1,1
80672,111,108,3,3
80673,89,85,4,4
80674,58,65,-7,7
80675,104,101,3,3
80676,110,105,5,5
80677,101,102,-1,1
80678,203,211,-8,8
80679,90,94,-4,4
80680,82,80,2,2
80681,133,136,-3,3
80682,67,56,11,11
80683,75,75,0,0
80684,90,86,4,4
80685,91,87,4,4
80686,91,99,-8,8
80687,67,51,16,16
80688,122,121,1,1
80689,59,60,-1,1
80690,40,17,23,23
80691,104,99,5,5
80692,118,128,-10,10
80693,92,85,7,7
80694,157,183,-26,26
80695,65,69,-4,4
80696,60,69,-9,9
80697,100,104,-4,4
80698,31,29,2,2
80699,94,91,3,3
80700,45,50,-5,5
80701,109,106,3,3
80702,85,55,30,30
80703,86,93,-7,7
80704,185,164,21,21
80705,97,109,-12,12
80706,69,64,5,5
80707,194,183,11,11
80708,63,82,-19,19
80709,141,135,6,6
80710,87,77,10,10
80711,131,124,7,7
80712,152,136,16,16
80713,96,96,0,0
80714,111,113,-2,2
80715,92,88,4,4
80716,108,107,1,1
80717,83,85,-2,2
80718,52,52,0,0
80719,103,102,1,1
80720,189,179,10,10
80721,80,59,21,21
80722,149,137,12,12
80723,146,145,1,1
80724,66,65,1,1
80725,38,40,-2,2
80726,124,129,-5,5
80727,55,61,-6,6
80728,141,106,35,35
80729,83,125,-42,42
80730,144,162,-18,18
80731,127,132,-5,5
80732,80,77,3,3
80733,125,118,7,7
80734,115,119,-4,4
80735,79,78,1,1
80736,73,72,1,1
80737,92,80,12,12
80738,84,89,-5,5
80739,103,105,-2,2
80740,104,120,-16,16
80741,101,103,-2,2
80742,92,103,-11,11
80743,169,153,16,16
80744,53,56,-3,3
80745,114,100,14,14
80746,138,140,-2,2
80747,86,82,4,4
80748,85,90,-5,5
80749,147,151,-4,4
80750,58,68,-10,10
80751,128,124,4,4
80752,65,75,-10,10
80753,89,84,5,5
80754,95,103,-8,8
80755,84,94,-10,10
80756,115,108,7,7
80757,142,134,8,8
80758,120,120,0,0
80759,102,107,-5,5
80760,121,143,-22,22
80761,48,57,-9,9
80762,127,97,30,30
80763,76,62,14,14
80764,133,135,-2,2
80765,108,103,5,5
80766,67,64,3,3
80767,33,26,7,7
80768,148,133,15,15
80769,115,103,12,12
80770,68,101,-33,33
80771,132,144,-12,12
80772,167,156,11,11
80773,145,146,-1,1
80774,126,131,-5,5
80775,72,66,6,6
80776,108,113,-5,5
80777,75,83,-8,8
80778,66,77,-11,11
80779,72,73,-1,1
80780,99,95,4,4
80781,67,72,-5,5
80782,113,120,-7,7
80783,108,98,10,10
80784,94,92,2,2
80785,57,64,-7,7
80786,97,86,11,11
80787,64,65,-1,1
80788,127,127,0,0
80789,90,86,4,4
80790,185,183,2,2
80791,110,101,9,9
80792,59,64,-5,5
80793,119,117,2,2
80794,88,104,-16,16
80795,196,180,16,16
80796,95,100,-5,5
80797,69,73,-4,4
80798,159,169,-10,10
80799,66,77,-11,11
80800,100,94,6,6
80801,90,102,-12,12
80802,71,65,6,6
80803,63,71,-8,8
80804,104,103,1,1
80805,64,69,-5,5
80806,67,80,-13,13
80807,71,81,-10,10
80808,155,141,14,14
80809,89,81,8,8
80810,128,133,-5,5
80811,95,102,-7,7
80812,51,49,2,2
80813,118,112,6,6
80814,102,98,4,4
80815,124,120,4,4
80816,68,68,0,0
80817,50,56,-6,6
80818,86,89,-3,3
80819,89,93,-4,4
80820,113,100,13,13
80821,126,149,-23,23
80822,64,76,-12,12
80823,120,130,-10,10
80824,62,55,7,7
80825,73,88,-15,15
80826,145,146,-1,1
80827,63,70,-7,7
80828,80,84,-4,4
80829,82,81,1,1
80830,41,33,8,8
80831,93,95,-2,2
80832,107,102,5,5
80833,60,67,-7,7
80834,93,91,2,2
80835,97,105,-8,8
80836,90,90,0,0
80837,111,123,-12,12
80838,57,62,-5,5
80839,75,75,0,0
80840,54,59,-5,5
80841,55,69,-14,14
80842,84,87,-3,3
80843,95,96,-1,1
80844,101,92,9,9
80845,91,97,-6,6
80846,65,66,-1,1
80847,59,61,-2,2
80848,112,119,-7,7
80849,164,159,5,5
80850,61,69,-8,8
80851,75,79,-4,4
80852,149,138,11,11
80853,152,137,15,15
80854,65,68,-3,3
80855,90,90,0,0
80856,96,104,-8,8
80857,105,97,8,8
80858,75,70,5,5
80859,61,63,-2,2
80860,102,102,0,0
80861,96,92,4,4
80862,96,88,8,8
80863,89,88,1,1
80864,100,115,-15,15
80865,96,87,9,9
80866,57,61,-4,4
80867,67,76,-9,9
80868,148,143,5,5
80869,108,111,-3,3
80870,50,61,-11,11
80871,151,143,8,8
80872,72,86,-14,14
80873,55,61,-6,6
80874,166,136,30,30
80875,75,81,-6,6
80876,154,148,6,6
80877,71,76,-5,5
80878,77,75,2,2
80879,72,66,6,6
80880,79,81,-2,2
80881,166,146,20,20
80882,72,80,-8,8
80883,91,89,2,2
80884,80,88,-8,8
80885,111,90,21,21
80886,81,99,-18,18
80887,74,71,3,3
80888,129,124,5,5
80889,120,132,-12,12
80890,79,78,1,1
80891,95,105,-10,10
80892,82,90,-8,8
80893,124,118,6,6
80894,73,73,0,0
80895,328,540,-212,212
80896,95,89,6,6
80897,90,85,5,5
80898,105,109,-4,4
80899,131,131,0,0
80900,96,83,13,13
80901,64,62,2,2
80902,129,114,15,15
80903,84,83,1,1
80904,126,125,1,1
80905,132,135,-3,3
80906,108,106,2,2
80907,74,68,6,6
80908,122,118,4,4
80909,96,123,-27,27
80910,172,171,1,1
80911,150,148,2,2
80912,82,84,-2,2
80913,119,121,-2,2
80914,42,44,-2,2
80915,125,113,12,12
80916,47,43,4,4
80917,78,70,8,8
80918,51,54,-3,3
80919,56,71,-15,15
80920,100,104,-4,4
80921,105,98,7,7
80922,241,198,43,43
80923,148,140,8,8
80924,49,49,0,0
80925,116,119,-3,3
80926,45,37,8,8
80927,89,83,6,6
80928,83,96,-13,13
80929,106,104,2,2
80930,84,91,-7,7
80931,82,84,-2,2
80932,69,73,-4,4
80933,87,88,-1,1
80934,85,108,-23,23
80935,75,69,6,6
80936,142,144,-2,2
80937,84,86,-2,2
80938,112,94,18,18
80939,74,83,-9,9
80940,82,84,-2,2
80941,96,99,-3,3
80942,106,109,-3,3
80943,41,54,-13,13
80944,70,67,3,3
80945,62,66,-4,4
80946,108,110,-2,2
80947,115,104,11,11
80948,79,75,4,4
80949,101,102,-1,1
80950,73,69,4,4
80951,69,74,-5,5
80952,42,42,0,0
80953,130,126,4,4
80954,74,70,4,4
80955,69,70,-1,1
80956,112,107,5,5
80957,95,111,-16,16
80958,56,57,-1,1
80959,98,83,15,15
80960,93,101,-8,8
80961,93,91,2,2
80962,99,100,-1,1
80963,137,125,12,12
80964,127,124,3,3
80965,82,79,3,3
80966,58,77,-19,19
80967,83,78,5,5
80968,130,124,6,6
80969,99,91,8,8
80970,134,138,-4,4
80971,134,123,11,11
80972,73,73,0,0
80973,98,112,-14,14
80974,56,56,0,0
80975,106,110,-4,4
80976,157,137,20,20
80977,70,71,-1,1
80978,105,105,0,0
80979,108,116,-8,8
80980,65,63,2,2
80981,82,81,1,1
80982,75,88,-13,13
80983,88,90,-2,2
80984,79,83,-4,4
80985,85,90,-5,5
80986,98,110,-12,12
80987,70,72,-2,2
80988,132,133,-1,1
80989,121,110,11,11
80990,120,130,-10,10
80991,131,123,8,8
80992,100,113,-13,13
80993,103,98,5,5
80994,89,71,18,18
80995,87,88,-1,1
80996,63,67,-4,4
80997,101,66,35,35
80998,80,77,3,3
80999,60,61,-1,1
81000,53,57,-4,4
81001,147,127,20,20
81002,83,82,1,1
81003,91,90,1,1
81004,120,120,0,0
81005,79,80,-1,1
81006,66,63,3,3
81007,126,104,22,22
81008,155,131,24,24
81009,73,76,-3,3
81010,75,69,6,6
81011,110,110,0,0
81012,87,92,-5,5
81013,92,86,6,6
81014,133,132,1,1
81015,100,96,4,4
81016,89,89,0,0
81017,73,85,-12,12
81018,56,62,-6,6
81019,117,116,1,1
81020,77,49,28,28
81021,58,51,7,7
81022,132,133,-1,1
81023,149,127,22,22
81024,60,59,1,1
81025,88,85,3,3
81026,118,126,-8,8
81027,71,75,-4,4
81028,158,151,7,7
81029,143,130,13,13
81030,63,67,-4,4
81031,49,59,-10,10
81032,111,111,0,0
81033,121,123,-2,2
81034,97,87,10,10
81035,116,113,3,3
81036,58,56,2,2
81037,66,62,4,4
81038,63,68,-5,5
81039,54,45,9,9
81040,83,88,-5,5
81041,66,73,-7,7
81042,48,50,-2,2
81043,69,80,-11,11
81044,39,46,-7,7
81045,158,133,25,25
81046,48,53,-5,5
81047,63,54,9,9
81048,93,97,-4,4
81049,87,95,-8,8
81050,64,59,5,5
81051,148,137,11,11
81052,58,56,2,2
81053,51,48,3,3
81054,53,65,-12,12
81055,138,139,-1,1
81056,75,75,0,0
81057,94,92,2,2
81058,49,56,-7,7
81059,132,141,-9,9
81060,98,99,-1,1
81061,97,108,-11,11
81062,100,84,16,16
81063,107,95,12,12
81064,65,57,8,8
81065,67,64,3,3
81066,54,54,0,0
81067,123,119,4,4
81068,133,114,19,19
81069,105,125,-20,20
81070,91,99,-8,8
81071,121,124,-3,3
81072,81,94,-13,13
81073,59,70,-11,11
81074,154,133,21,21
81075,85,84,1,1
81076,80,95,-15,15
81077,181,200,-19,19
81078,112,104,8,8
81079,80,81,-1,1
81080,140,130,10,10
81081,92,81,11,11
81082,87,75,12,12
81083,62,83,-21,21
81084,136,132,4,4
81085,74,75,-1,1
81086,74,72,2,2
81087,45,47,-2,2
81088,87,86,1,1
81089,81,78,3,3
81090,37,39,-2,2
81091,73,69,4,4
81092,81,80,1,1
81093,119,130,-11,11
81094,139,134,5,5
81095,106,110,-4,4
81096,105,109,-4,4
81097,129,127,2,2
81098,97,108,-11,11
81099,94,123,-29,29
81100,89,114,-25,25
81101,84,91,-7,7
81102,182,156,26,26
81103,44,46,-2,2
81104,98,94,4,4
81105,83,84,-1,1
81106,159,155,4,4
81107,61,57,4,4
81108,145,130,15,15
81109,113,133,-20,20
81110,74,76,-2,2
81111,44,32,12,12
81112,70,84,-14,14
81113,87,111,-24,24
81114,156,147,9,9
81115,78,79,-1,1
81116,99,107,-8,8
81117,120,119,1,1
81118,100,126,-26,26
81119,90,88,2,2
81120,90,97,-7,7
81121,126,127,-1,1
81122,59,52,7,7
81123,82,82,0,0
81124,71,71,0,0
81125,87,89,-2,2
81126,72,78,-6,6
81127,112,103,9,9
81128,65,64,1,1
81129,68,68,0,0
81130,62,68,-6,6
81131,130,128,2,2
81132,60,58,2,2
81133,100,111,-11,11
81134,48,51,-3,3
81135,97,101,-4,4
81136,85,84,1,1
81137,143,113,30,30
81138,112,107,5,5
81139,70,77,-7,7
81140,107,126,-19,19
81141,103,103,0,0
81142,79,76,3,3
81143,65,59,6,6
81144,74,69,5,5
81145,62,69,-7,7
81146,146,139,7,7
81147,138,150,-12,12
81148,109,108,1,1
81149,57,61,-4,4
81150,81,89,-8,8
81151,100,100,0,0
81152,55,70,-15,15
81153,71,80,-9,9
81154,137,117,20,20
81155,173,172,1,1
81156,53,58,-5,5
81157,69,71,-2,2
81158,115,107,8,8
81159,71,73,-2,2
81160,129,126,3,3
81161,142,129,13,13
81162,48,45,3,3
81163,77,78,-1,1
81164,81,92,-11,11
81165,103,100,3,3
81166,75,75,0,0
81167,86,93,-7,7
81168,105,114,-9,9
81169,61,59,2,2
81170,109,100,9,9
81171,98,94,4,4
81172,153,150,3,3
81173,50,59,-9,9
81174,178,162,16,16
81175,85,85,0,0
81176,118,130,-12,12
81177,94,84,10,10
81178,116,101,15,15
81179,92,85,7,7
81180,96,90,6,6
81181,44,47,-3,3
81182,96,97,-1,1
81183,146,130,16,16
81184,90,78,12,12
81185,86,85,1,1
81186,112,122,-10,10
81187,102,117,-15,15
81188,47,48,-1,1
81189,107,101,6,6
81190,52,64,-12,12
81191,122,117,5,5
81192,84,77,7,7
81193,76,78,-2,2
81194,72,69,3,3
81195,181,188,-7,7
81196,71,76,-5,5
81197,92,102,-10,10
81198,152,148,4,4
81199,133,135,-2,2
81200,97,94,3,3
81201,135,137,-2,2
81202,75,90,-15,15
81203,99,90,9,9
81204,92,116,-24,24
81205,113,125,-12,12
81206,65,62,3,3
81207,100,107,-7,7
81208,124,136,-12,12
81209,82,80,2,2
81210,111,116,-5,5
81211,101,99,2,2
81212,60,67,-7,7
81213,141,133,8,8
81214,69,72,-3,3
81215,141,149,-8,8
81216,111,100,11,11
81217,169,162,7,7
81218,126,119,7,7
81219,75,75,0,0
81220,120,109,11,11
81221,141,143,-2,2
81222,104,122,-18,18
81223,48,46,2,2
81224,93,92,1,1
81225,140,139,1,1
81226,97,94,3,3
81227,110,102,8,8
81228,45,38,7,7
81229,92,94,-2,2
81230,87,67,20,20
81231,90,80,10,10
81232,68,77,-9,9
81233,64,69,-5,5
81234,59,56,3,3
81235,135,134,1,1
81236,52,57,-5,5
81237,121,138,-17,17
81238,78,85,-7,7
81239,97,90,7,7
81240,64,106,-42,42
81241,113,120,-7,7
81242,83,92,-9,9
81243,79,76,3,3
81244,77,86,-9,9
81245,56,57,-1,1
81246,156,159,-3,3
81247,134,129,5,5
81248,66,68,-2,2
81249,113,120,-7,7
81250,89,90,-1,1
81251,95,103,-8,8
81252,98,99,-1,1
81253,137,148,-11,11
81254,113,106,7,7
81255,173,155,18,18
81256,122,119,3,3
81257,92,81,11,11
81258,142,128,14,14
81259,82,71,11,11
81260,42,47,-5,5
81261,116,145,-29,29
81262,89,87,2,2
81263,140,132,8,8
81264,130,117,13,13
81265,80,79,1,1
81266,113,121,-8,8
81267,60,63,-3,3
81268,143,180,-37,37
81269,86,85,1,1
81270,126,117,9,9
81271,75,67,8,8
81272,120,118,2,2
81273,125,112,13,13
81274,195,177,18,18
81275,71,69,2,2
81276,131,115,16,16
81277,111,102,9,9
81278,89,97,-8,8
81279,93,92,1,1
81280,80,80,0,0
81281,80,69,11,11
81282,46,44,2,2
81283,134,128,6,6
81284,83,84,-1,1
81285,145,146,-1,1
81286,80,80,0,0
81287,82,73,9,9
81288,86,75,11,11
81289,62,70,-8,8
81290,46,52,-6,6
81291,112,111,1,1
81292,99,93,6,6
81293,145,127,18,18
81294,166,173,-7,7
81295,45,44,1,1
81296,126,109,17,17
81297,89,86,3,3
81298,99,103,-4,4
81299,77,82,-5,5
81300,119,119,0,0
81301,93,114,-21,21
81302,102,109,-7,7
81303,62,61,1,1
81304,57,59,-2,2
81305,63,72,-9,9
81306,56,50,6,6
81307,137,132,5,5
81308,101,101,0,0
81309,90,80,10,10
81310,136,134,2,2
81311,70,66,4,4
81312,81,82,-1,1
81313,66,70,-4,4
81314,93,89,4,4
81315,73,76,-3,3
81316,90,90,0,0
81317,83,91,-8,8
81318,89,80,9,9
81319,103,110,-7,7
81320,105,103,2,2
81321,83,107,-24,24
81322,115,115,0,0
81323,99,88,11,11
81324,85,93,-8,8
81325,73,68,5,5
81326,80,88,-8,8
81327,49,53,-4,4
81328,80,84,-4,4
81329,63,63,0,0
81330,33,38,-5,5
81331,178,171,7,7
81332,105,132,-27,27
81333,41,53,-12,12
81334,92,97,-5,5
81335,98,101,-3,3
81336,71,75,-4,4
81337,30,44,-14,14
81338,62,68,-6,6
81339,126,151,-25,25
81340,102,106,-4,4
81341,122,119,3,3
81342,79,86,-7,7
81343,152,147,5,5
81344,159,146,13,13
81345,161,159,2,2
81346,71,62,9,9
81347,84,87,-3,3
81348,118,111,7,7
81349,73,73,0,0
81350,118,112,6,6
81351,102,93,9,9
81352,69,81,-12,12
81353,101,103,-2,2
81354,127,125,2,2
81355,84,82,2,2
81356,40,36,4,4
81357,70,69,1,1
81358,135,124,11,11
81359,77,75,2,2
81360,78,73,5,5
81361,70,71,-1,1
81362,73,74,-1,1
81363,85,83,2,2
81364,106,102,4,4
81365,151,142,9,9
81366,153,144,9,9
81367,133,111,22,22
81368,121,116,5,5
81369,110,112,-2,2
81370,71,73,-2,2
81371,98,90,8,8
81372,126,135,-9,9
81373,86,91,-5,5
81374,77,81,-4,4
81375,198,178,20,20
81376,133,124,9,9
81377,124,130,-6,6
81378,90,85,5,5
81379,60,67,-7,7
81380,80,94,-14,14
81381,47,52,-5,5
81382,82,72,10,10
81383,119,99,20,20
81384,66,69,-3,3
81385,136,124,12,12
81386,141,143,-2,2
81387,50,61,-11,11
81388,71,79,-8,8
81389,98,113,-15,15
81390,121,104,17,17
81391,81,90,-9,9
81392,117,122,-5,5
81393,112,122,-10,10
81394,94,114,-20,20
81395,55,76,-21,21
81396,97,119,-22,22
81397,92,95,-3,3
81398,137,144,-7,7
81399,54,49,5,5
81400,140,143,-3,3
81401,138,134,4,4
81402,85,83,2,2
81403,84,87,-3,3
81404,104,103,1,1
81405,113,111,2,2
81406,109,118,-9,9
81407,76,93,-17,17
81408,79,84,-5,5
81409,65,64,1,1
81410,81,83,-2,2
81411,131,118,13,13
81412,204,180,24,24
81413,77,75,2,2
81414,161,161,0,0
81415,97,93,4,4
81416,110,95,15,15
81417,76,79,-3,3
81418,70,71,-1,1
81419,122,125,-3,3
81420,52,50,2,2
81421,121,122,-1,1
81422,89,90,-1,1
81423,99,96,3,3
81424,62,66,-4,4
81425,117,118,-1,1
81426,92,103,-11,11
81427,169,176,-7,7
81428,122,117,5,5
81429,88,73,15,15
81430,94,87,7,7
81431,163,138,25,25
81432,72,73,-1,1
81433,87,99,-12,12
81434,104,117,-13,13
81435,51,51,0,0
81436,57,54,3,3
81437,149,142,7,7
81438,87,103,-16,16
81439,109,111,-2,2
81440,120,116,4,4
81441,79,75,4,4
81442,129,125,4,4
81443,162,150,12,12
81444,133,134,-1,1
81445,82,86,-4,4
81446,110,108,2,2
81447,180,156,24,24
81448,104,107,-3,3
81449,134,139,-5,5
81450,114,111,3,3
81451,130,171,-41,41
81452,94,101,-7,7
81453,182,160,22,22
81454,93,98,-5,5
81455,74,86,-12,12
81456,66,71,-5,5
81457,164,300,-136,136
81458,125,187,-62,62
81459,74,83,-9,9
81460,148,143,5,5
81461,69,78,-9,9
81462,98,89,9,9
81463,71,71,0,0
81464,107,103,4,4
81465,133,129,4,4
81466,72,65,7,7
81467,68,72,-4,4
81468,97,89,8,8
81469,185,155,30,30
81470,184,179,5,5
81471,106,119,-13,13
81472,143,145,-2,2
81473,82,95,-13,13
81474,47,52,-5,5
81475,82,76,6,6
81476,97,81,16,16
81477,58,65,-7,7
81478,115,107,8,8
81479,137,116,21,21
81480,112,117,-5,5
81481,101,93,8,8
81482,56,55,1,1
81483,80,67,13,13
81484,79,76,3,3
81485,186,158,28,28
81486,79,69,10,10
81487,80,74,6,6
81488,85,74,11,11
81489,123,116,7,7
81490,94,83,11,11
81491,71,88,-17,17
81492,83,87,-4,4
81493,45,52,-7,7
81494,120,166,-46,46
81495,165,151,14,14
81496,73,77,-4,4
81497,87,88,-1,1
81498,80,80,0,0
81499,132,142,-10,10
81500,82,80,2,2
81501,77,78,-1,1
81502,62,66,-4,4
81503,74,75,-1,1
81504,87,92,-5,5
81505,142,133,9,9
81506,119,109,10,10
81507,62,54,8,8
