,original,predict,differ,abs
0,67,86,-19,19
1,58,76,-18,18
2,88,99,-11,11
3,183,168,15,15
4,81,93,-12,12
5,88,100,-12,12
6,83,99,-16,16
7,183,150,33,33
8,81,89,-8,8
9,117,130,-13,13
10,64,74,-10,10
11,59,79,-20,20
12,74,84,-10,10
13,100,118,-18,18
14,103,112,-9,9
15,66,82,-16,16
16,97,103,-6,6
17,120,114,6,6
18,79,92,-13,13
19,110,129,-19,19
20,217,188,29,29
21,156,152,4,4
22,97,97,0,0
23,101,130,-29,29
24,82,91,-9,9
25,127,129,-2,2
26,112,122,-10,10
27,191,166,25,25
28,48,63,-15,15
29,106,125,-19,19
30,133,142,-9,9
31,57,76,-19,19
32,108,118,-10,10
33,89,92,-3,3
34,50,83,-33,33
35,62,64,-2,2
36,102,110,-8,8
37,55,67,-12,12
38,89,118,-29,29
39,96,116,-20,20
40,70,83,-13,13
41,115,124,-9,9
42,82,97,-15,15
43,102,115,-13,13
44,167,148,19,19
45,82,96,-14,14
46,118,139,-21,21
47,85,96,-11,11
48,93,105,-12,12
49,111,106,5,5
50,77,83,-6,6
51,136,140,-4,4
52,109,111,-2,2
53,85,102,-17,17
54,133,132,1,1
55,138,134,4,4
56,100,128,-28,28
57,130,136,-6,6
58,96,114,-18,18
59,58,69,-11,11
60,115,121,-6,6
61,73,89,-16,16
62,135,135,0,0
63,177,168,9,9
64,96,110,-14,14
65,77,93,-16,16
66,84,98,-14,14
67,105,105,0,0
68,193,182,11,11
69,143,147,-4,4
70,111,116,-5,5
71,104,106,-2,2
72,265,246,19,19
73,88,105,-17,17
74,78,93,-15,15
75,58,74,-16,16
76,86,96,-10,10
77,59,78,-19,19
78,139,147,-8,8
79,96,105,-9,9
80,90,96,-6,6
81,83,93,-10,10
82,133,137,-4,4
83,141,147,-6,6
84,72,81,-9,9
85,75,86,-11,11
86,43,60,-17,17
87,68,81,-13,13
88,170,148,22,22
89,92,108,-16,16
90,64,100,-36,36
91,101,119,-18,18
92,82,86,-4,4
93,81,89,-8,8
94,75,88,-13,13
95,99,105,-6,6
96,45,69,-24,24
97,186,179,7,7
98,127,147,-20,20
99,100,117,-17,17
100,66,79,-13,13
101,129,122,7,7
102,107,124,-17,17
103,128,138,-10,10
104,90,97,-7,7
105,68,85,-17,17
106,107,118,-11,11
107,90,97,-7,7
108,89,103,-14,14
109,70,86,-16,16
110,174,150,24,24
111,90,98,-8,8
112,76,88,-12,12
113,67,81,-14,14
114,76,99,-23,23
115,168,157,11,11
116,91,99,-8,8
117,103,115,-12,12
118,91,99,-8,8
119,67,84,-17,17
120,118,131,-13,13
121,51,67,-16,16
122,76,91,-15,15
123,110,124,-14,14
124,99,102,-3,3
125,96,109,-13,13
126,169,160,9,9
127,89,107,-18,18
128,94,109,-15,15
129,123,141,-18,18
130,186,175,11,11
131,132,138,-6,6
132,102,101,1,1
133,78,93,-15,15
134,129,127,2,2
135,116,114,2,2
136,136,137,-1,1
137,131,139,-8,8
138,105,115,-10,10
139,69,84,-15,15
140,66,79,-13,13
141,127,134,-7,7
142,127,135,-8,8
143,66,91,-25,25
144,112,135,-23,23
145,115,116,-1,1
146,98,101,-3,3
147,69,82,-13,13
148,93,97,-4,4
149,121,136,-15,15
150,92,108,-16,16
151,73,86,-13,13
152,139,143,-4,4
153,80,93,-13,13
154,89,102,-13,13
155,67,77,-10,10
156,66,74,-8,8
157,81,97,-16,16
158,59,74,-15,15
159,128,136,-8,8
160,109,122,-13,13
161,50,67,-17,17
162,74,83,-9,9
163,80,97,-17,17
164,132,140,-8,8
165,51,67,-16,16
166,115,124,-9,9
167,70,101,-31,31
168,159,148,11,11
169,151,153,-2,2
170,94,113,-19,19
171,81,103,-22,22
172,77,98,-21,21
173,42,57,-15,15
174,135,143,-8,8
175,106,109,-3,3
176,50,67,-17,17
177,162,147,15,15
178,130,124,6,6
179,120,117,3,3
180,84,99,-15,15
181,76,89,-13,13
182,67,82,-15,15
183,75,84,-9,9
184,39,57,-18,18
185,119,118,1,1
186,55,73,-18,18
187,90,100,-10,10
188,124,138,-14,14
189,171,163,8,8
190,70,84,-14,14
191,137,146,-9,9
192,127,142,-15,15
193,143,152,-9,9
194,195,158,37,37
195,112,118,-6,6
196,43,60,-17,17
197,114,118,-4,4
198,111,125,-14,14
199,80,91,-11,11
200,128,121,7,7
201,176,172,4,4
202,64,75,-11,11
203,142,143,-1,1
204,100,105,-5,5
205,63,70,-7,7
206,145,144,1,1
207,101,109,-8,8
208,78,89,-11,11
209,98,103,-5,5
210,147,151,-4,4
211,50,68,-18,18
212,70,81,-11,11
213,175,164,11,11
214,87,114,-27,27
215,87,94,-7,7
216,108,134,-26,26
217,67,80,-13,13
218,95,109,-14,14
219,89,105,-16,16
220,135,147,-12,12
221,79,102,-23,23
222,43,65,-22,22
223,195,160,35,35
224,83,101,-18,18
225,81,99,-18,18
226,63,83,-20,20
227,119,126,-7,7
228,98,108,-10,10
229,44,65,-21,21
230,47,67,-20,20
231,87,84,3,3
232,90,93,-3,3
233,62,78,-16,16
234,103,108,-5,5
235,140,148,-8,8
236,114,123,-9,9
237,57,83,-26,26
238,81,91,-10,10
239,74,111,-37,37
240,61,84,-23,23
241,43,59,-16,16
242,55,70,-15,15
243,100,105,-5,5
244,124,126,-2,2
245,107,119,-12,12
246,121,134,-13,13
247,86,105,-19,19
248,146,145,1,1
249,147,150,-3,3
250,47,58,-11,11
251,124,126,-2,2
252,89,101,-12,12
253,50,72,-22,22
254,110,121,-11,11
255,158,152,6,6
256,86,96,-10,10
257,102,114,-12,12
258,107,118,-11,11
259,64,84,-20,20
260,136,141,-5,5
261,125,121,4,4
262,115,117,-2,2
263,71,82,-11,11
264,80,90,-10,10
265,82,96,-14,14
266,79,95,-16,16
267,102,105,-3,3
268,49,70,-21,21
269,109,123,-14,14
270,52,67,-15,15
271,72,80,-8,8
272,68,86,-18,18
273,151,155,-4,4
274,112,117,-5,5
275,97,126,-29,29
276,82,104,-22,22
277,72,89,-17,17
278,125,139,-14,14
279,128,140,-12,12
280,94,109,-15,15
281,76,86,-10,10
282,71,88,-17,17
283,112,122,-10,10
284,75,83,-8,8
285,77,89,-12,12
286,78,88,-10,10
287,89,97,-8,8
288,88,97,-9,9
289,97,103,-6,6
290,80,90,-10,10
291,67,87,-20,20
292,83,99,-16,16
293,85,102,-17,17
294,76,86,-10,10
295,64,74,-10,10
296,107,118,-11,11
297,141,152,-11,11
298,130,135,-5,5
299,51,73,-22,22
300,66,78,-12,12
301,75,88,-13,13
302,186,157,29,29
303,86,92,-6,6
304,141,147,-6,6
305,83,92,-9,9
306,85,96,-11,11
307,148,144,4,4
308,87,99,-12,12
309,77,83,-6,6
310,27,61,-34,34
311,88,98,-10,10
312,92,100,-8,8
313,86,104,-18,18
314,135,142,-7,7
315,77,85,-8,8
316,73,89,-16,16
317,133,148,-15,15
318,51,64,-13,13
319,125,127,-2,2
320,98,117,-19,19
321,143,144,-1,1
322,140,146,-6,6
323,87,106,-19,19
324,89,84,5,5
325,69,87,-18,18
326,96,91,5,5
327,127,133,-6,6
328,79,86,-7,7
329,137,132,5,5
330,85,99,-14,14
331,84,101,-17,17
332,52,72,-20,20
333,77,86,-9,9
334,78,95,-17,17
335,104,107,-3,3
336,89,107,-18,18
337,89,74,15,15
338,56,68,-12,12
339,106,104,2,2
340,71,82,-11,11
341,132,131,1,1
342,82,90,-8,8
343,100,104,-4,4
344,51,75,-24,24
345,66,81,-15,15
346,85,89,-4,4
347,112,119,-7,7
348,34,66,-32,32
349,134,127,7,7
350,93,109,-16,16
351,114,141,-27,27
352,137,133,4,4
353,88,104,-16,16
354,108,126,-18,18
355,106,106,0,0
356,146,166,-20,20
357,54,84,-30,30
358,170,147,23,23
359,86,90,-4,4
360,110,105,5,5
361,82,92,-10,10
362,101,107,-6,6
363,64,83,-19,19
364,44,64,-20,20
365,84,98,-14,14
366,60,75,-15,15
367,101,117,-16,16
368,120,119,1,1
369,60,76,-16,16
370,130,135,-5,5
371,41,61,-20,20
372,116,118,-2,2
373,58,72,-14,14
374,77,88,-11,11
375,96,109,-13,13
376,88,106,-18,18
377,103,109,-6,6
378,35,64,-29,29
379,64,76,-12,12
380,86,92,-6,6
381,89,104,-15,15
382,108,115,-7,7
383,116,117,-1,1
384,82,99,-17,17
385,65,82,-17,17
386,64,84,-20,20
387,134,138,-4,4
388,65,79,-14,14
389,77,90,-13,13
390,120,131,-11,11
391,54,73,-19,19
392,90,101,-11,11
393,87,104,-17,17
394,97,108,-11,11
395,17,51,-34,34
396,69,101,-32,32
397,31,55,-24,24
398,90,99,-9,9
399,104,115,-11,11
400,97,105,-8,8
401,52,75,-23,23
402,81,95,-14,14
403,88,98,-10,10
404,150,149,1,1
405,103,123,-20,20
406,47,59,-12,12
407,119,128,-9,9
408,107,123,-16,16
409,88,84,4,4
410,85,96,-11,11
411,95,108,-13,13
412,89,95,-6,6
413,87,98,-11,11
414,148,142,6,6
415,98,106,-8,8
416,148,150,-2,2
417,77,91,-14,14
418,70,87,-17,17
419,64,80,-16,16
420,110,140,-30,30
421,143,150,-7,7
422,122,163,-41,41
423,82,96,-14,14
424,112,121,-9,9
425,128,144,-16,16
426,148,148,0,0
427,80,88,-8,8
428,56,75,-19,19
429,90,102,-12,12
430,110,119,-9,9
431,88,107,-19,19
432,91,108,-17,17
433,99,105,-6,6
434,122,124,-2,2
435,66,81,-15,15
436,106,108,-2,2
437,65,76,-11,11
438,164,153,11,11
439,68,77,-9,9
440,48,84,-36,36
441,88,92,-4,4
442,107,117,-10,10
443,58,81,-23,23
444,91,100,-9,9
445,113,115,-2,2
446,107,112,-5,5
447,101,107,-6,6
448,72,92,-20,20
449,134,141,-7,7
450,87,100,-13,13
451,64,79,-15,15
452,72,81,-9,9
453,146,150,-4,4
454,110,120,-10,10
455,104,112,-8,8
456,129,142,-13,13
457,134,148,-14,14
458,123,133,-10,10
459,62,76,-14,14
460,71,85,-14,14
461,58,79,-21,21
462,88,97,-9,9
463,134,142,-8,8
464,81,99,-18,18
465,77,101,-24,24
466,118,125,-7,7
467,131,134,-3,3
468,66,77,-11,11
469,61,78,-17,17
470,43,56,-13,13
471,121,130,-9,9
472,101,118,-17,17
473,112,112,0,0
474,67,77,-10,10
475,88,94,-6,6
476,57,65,-8,8
477,93,96,-3,3
478,77,80,-3,3
479,57,75,-18,18
480,55,83,-28,28
481,68,80,-12,12
482,118,125,-7,7
483,63,80,-17,17
484,110,123,-13,13
485,58,69,-11,11
486,119,118,1,1
487,110,147,-37,37
488,146,147,-1,1
489,50,60,-10,10
490,104,109,-5,5
491,136,136,0,0
492,145,150,-5,5
493,110,112,-2,2
494,124,135,-11,11
495,117,121,-4,4
496,134,136,-2,2
497,98,99,-1,1
498,104,153,-49,49
499,78,88,-10,10
500,100,105,-5,5
501,45,66,-21,21
502,108,123,-15,15
503,50,70,-20,20
504,69,87,-18,18
505,106,109,-3,3
506,66,75,-9,9
507,61,79,-18,18
508,96,107,-11,11
509,96,104,-8,8
510,53,71,-18,18
511,93,110,-17,17
512,80,88,-8,8
513,73,87,-14,14
514,70,93,-23,23
515,100,105,-5,5
516,137,138,-1,1
517,114,125,-11,11
518,70,82,-12,12
519,55,79,-24,24
520,108,109,-1,1
521,138,146,-8,8
522,95,106,-11,11
523,142,147,-5,5
524,83,94,-11,11
525,122,122,0,0
526,97,113,-16,16
527,56,70,-14,14
528,122,130,-8,8
529,73,87,-14,14
530,69,77,-8,8
531,95,111,-16,16
532,68,86,-18,18
533,95,101,-6,6
534,78,102,-24,24
535,90,102,-12,12
536,106,119,-13,13
537,42,62,-20,20
538,76,91,-15,15
539,157,161,-4,4
540,119,126,-7,7
541,99,111,-12,12
542,61,81,-20,20
543,102,108,-6,6
544,92,106,-14,14
545,124,121,3,3
546,82,98,-16,16
547,76,90,-14,14
548,67,84,-17,17
549,148,147,1,1
550,74,92,-18,18
551,66,85,-19,19
552,108,117,-9,9
553,64,77,-13,13
554,102,108,-6,6
555,63,79,-16,16
556,66,72,-6,6
557,74,83,-9,9
558,74,95,-21,21
559,67,82,-15,15
560,86,106,-20,20
561,81,107,-26,26
562,90,105,-15,15
563,47,67,-20,20
564,68,86,-18,18
565,88,91,-3,3
566,83,91,-8,8
567,76,84,-8,8
568,55,70,-15,15
569,100,117,-17,17
570,108,131,-23,23
571,178,160,18,18
572,80,93,-13,13
573,82,97,-15,15
574,149,140,9,9
575,69,85,-16,16
576,70,89,-19,19
577,90,114,-24,24
578,91,99,-8,8
579,75,85,-10,10
580,88,101,-13,13
581,134,135,-1,1
582,49,72,-23,23
583,51,68,-17,17
584,113,123,-10,10
585,88,99,-11,11
586,53,68,-15,15
587,84,84,0,0
588,105,107,-2,2
589,85,95,-10,10
590,105,111,-6,6
591,75,86,-11,11
592,139,140,-1,1
593,103,110,-7,7
594,87,101,-14,14
595,65,95,-30,30
596,74,85,-11,11
597,98,117,-19,19
598,110,115,-5,5
599,112,121,-9,9
600,88,96,-8,8
601,85,94,-9,9
602,55,69,-14,14
603,86,95,-9,9
604,124,134,-10,10
605,114,127,-13,13
606,57,72,-15,15
607,56,73,-17,17
608,78,86,-8,8
609,122,146,-24,24
610,79,89,-10,10
611,81,86,-5,5
612,117,122,-5,5
613,112,131,-19,19
614,95,108,-13,13
615,195,171,24,24
616,76,99,-23,23
617,104,112,-8,8
618,112,117,-5,5
619,103,116,-13,13
620,91,103,-12,12
621,105,111,-6,6
622,127,122,5,5
623,60,78,-18,18
624,111,121,-10,10
625,106,115,-9,9
626,109,117,-8,8
627,85,96,-11,11
628,67,84,-17,17
629,81,99,-18,18
630,83,97,-14,14
631,56,77,-21,21
632,92,102,-10,10
633,71,93,-22,22
634,95,104,-9,9
635,93,105,-12,12
636,144,149,-5,5
637,53,74,-21,21
638,77,100,-23,23
639,71,88,-17,17
640,95,111,-16,16
641,95,110,-15,15
642,61,73,-12,12
643,141,140,1,1
644,133,134,-1,1
645,94,100,-6,6
646,112,123,-11,11
647,84,94,-10,10
648,92,104,-12,12
649,84,98,-14,14
650,94,106,-12,12
651,72,85,-13,13
652,102,129,-27,27
653,61,80,-19,19
654,108,122,-14,14
655,105,119,-14,14
656,85,98,-13,13
657,74,90,-16,16
658,50,67,-17,17
659,101,107,-6,6
660,82,87,-5,5
661,108,106,2,2
662,148,148,0,0
663,126,132,-6,6
664,136,149,-13,13
665,75,88,-13,13
666,36,53,-17,17
667,42,74,-32,32
668,69,79,-10,10
669,126,131,-5,5
670,109,112,-3,3
671,90,97,-7,7
672,116,116,0,0
673,151,180,-29,29
674,147,147,0,0
675,52,104,-52,52
676,107,119,-12,12
677,90,101,-11,11
678,162,150,12,12
679,103,116,-13,13
680,150,147,3,3
681,62,94,-32,32
682,111,121,-10,10
683,77,96,-19,19
684,166,164,2,2
685,151,155,-4,4
686,116,125,-9,9
687,79,92,-13,13
688,94,127,-33,33
689,110,123,-13,13
690,152,140,12,12
691,176,156,20,20
692,92,105,-13,13
693,156,147,9,9
694,92,107,-15,15
695,77,89,-12,12
696,32,66,-34,34
697,87,101,-14,14
698,108,117,-9,9
699,104,105,-1,1
700,70,81,-11,11
701,66,71,-5,5
702,118,125,-7,7
703,65,79,-14,14
704,111,112,-1,1
705,74,81,-7,7
706,81,103,-22,22
707,88,92,-4,4
708,87,94,-7,7
709,116,134,-18,18
710,47,59,-12,12
711,95,108,-13,13
712,44,61,-17,17
713,91,122,-31,31
714,83,99,-16,16
715,137,141,-4,4
716,80,94,-14,14
717,147,142,5,5
718,119,132,-13,13
719,137,122,15,15
720,133,147,-14,14
721,89,101,-12,12
722,150,147,3,3
723,108,119,-11,11
724,96,96,0,0
725,88,97,-9,9
726,140,139,1,1
727,128,142,-14,14
728,53,70,-17,17
729,100,122,-22,22
730,58,81,-23,23
731,110,111,-1,1
732,125,134,-9,9
733,124,118,6,6
734,109,128,-19,19
735,122,134,-12,12
736,95,106,-11,11
737,93,108,-15,15
738,85,92,-7,7
739,98,96,2,2
740,68,93,-25,25
741,48,59,-11,11
742,97,113,-16,16
743,81,94,-13,13
744,88,93,-5,5
745,91,120,-29,29
746,64,79,-15,15
747,204,182,22,22
748,114,119,-5,5
749,185,154,31,31
750,75,87,-12,12
751,70,78,-8,8
752,145,147,-2,2
753,87,95,-8,8
754,45,67,-22,22
755,73,83,-10,10
756,125,138,-13,13
757,60,80,-20,20
758,95,104,-9,9
759,119,110,9,9
760,76,85,-9,9
761,56,74,-18,18
762,44,76,-32,32
763,98,110,-12,12
764,86,90,-4,4
765,161,147,14,14
766,102,134,-32,32
767,103,111,-8,8
768,69,85,-16,16
769,151,154,-3,3
770,92,85,7,7
771,80,100,-20,20
772,87,99,-12,12
773,108,113,-5,5
774,51,72,-21,21
775,110,117,-7,7
776,64,76,-12,12
777,73,87,-14,14
778,92,100,-8,8
779,93,103,-10,10
780,103,112,-9,9
781,49,65,-16,16
782,71,88,-17,17
783,70,83,-13,13
784,67,78,-11,11
785,100,108,-8,8
786,93,109,-16,16
787,75,86,-11,11
788,97,110,-13,13
789,84,98,-14,14
790,140,139,1,1
791,151,147,4,4
792,78,94,-16,16
793,79,88,-9,9
794,108,130,-22,22
795,95,114,-19,19
796,98,103,-5,5
797,119,131,-12,12
798,83,107,-24,24
799,67,82,-15,15
800,64,81,-17,17
801,102,106,-4,4
802,75,88,-13,13
803,68,95,-27,27
804,78,88,-10,10
805,53,67,-14,14
806,126,129,-3,3
807,89,104,-15,15
808,85,109,-24,24
809,64,83,-19,19
810,85,94,-9,9
811,74,89,-15,15
812,66,79,-13,13
813,79,86,-7,7
814,125,118,7,7
815,119,123,-4,4
816,26,63,-37,37
817,66,81,-15,15
818,88,97,-9,9
819,111,109,2,2
820,86,94,-8,8
821,76,96,-20,20
822,86,93,-7,7
823,145,143,2,2
824,46,65,-19,19
825,107,112,-5,5
826,99,102,-3,3
827,63,77,-14,14
828,68,80,-12,12
829,100,98,2,2
830,110,132,-22,22
831,77,91,-14,14
832,66,84,-18,18
833,64,71,-7,7
834,77,94,-17,17
835,144,148,-4,4
836,106,115,-9,9
837,93,117,-24,24
838,73,99,-26,26
839,103,117,-14,14
840,105,120,-15,15
841,75,90,-15,15
842,83,91,-8,8
843,112,126,-14,14
844,156,149,7,7
845,156,148,8,8
846,77,96,-19,19
847,76,87,-11,11
848,95,106,-11,11
849,41,67,-26,26
850,106,126,-20,20
851,135,137,-2,2
852,92,111,-19,19
853,91,108,-17,17
854,112,120,-8,8
855,84,100,-16,16
856,77,87,-10,10
857,29,72,-43,43
858,64,83,-19,19
859,143,135,8,8
860,59,69,-10,10
861,155,151,4,4
862,207,163,44,44
863,129,129,0,0
864,115,116,-1,1
865,108,108,0,0
866,162,148,14,14
867,69,88,-19,19
868,62,87,-25,25
869,79,107,-28,28
870,57,72,-15,15
871,90,100,-10,10
872,98,105,-7,7
873,108,118,-10,10
874,80,111,-31,31
875,114,119,-5,5
876,57,70,-13,13
877,41,124,-83,83
878,90,96,-6,6
879,84,87,-3,3
880,87,100,-13,13
881,70,92,-22,22
882,109,121,-12,12
883,76,88,-12,12
884,62,74,-12,12
885,83,93,-10,10
886,124,138,-14,14
887,122,135,-13,13
888,55,74,-19,19
889,108,124,-16,16
890,109,123,-14,14
891,52,64,-12,12
892,134,127,7,7
893,60,70,-10,10
894,71,86,-15,15
895,123,124,-1,1
896,60,79,-19,19
897,140,143,-3,3
898,109,110,-1,1
899,150,160,-10,10
900,74,88,-14,14
901,94,102,-8,8
902,71,84,-13,13
903,139,142,-3,3
904,87,109,-22,22
905,72,88,-16,16
906,53,66,-13,13
907,163,150,13,13
908,111,107,4,4
909,70,73,-3,3
910,46,71,-25,25
911,138,142,-4,4
912,127,134,-7,7
913,70,92,-22,22
914,107,130,-23,23
915,64,74,-10,10
916,69,96,-27,27
917,196,180,16,16
918,136,147,-11,11
919,52,64,-12,12
920,79,96,-17,17
921,109,124,-15,15
922,78,90,-12,12
923,115,123,-8,8
924,77,94,-17,17
925,110,117,-7,7
926,74,81,-7,7
927,49,66,-17,17
928,55,72,-17,17
929,145,145,0,0
930,119,131,-12,12
931,96,103,-7,7
932,196,184,12,12
933,72,91,-19,19
934,90,112,-22,22
935,62,113,-51,51
936,118,117,1,1
937,137,147,-10,10
938,79,95,-16,16
939,152,148,4,4
940,87,109,-22,22
941,112,118,-6,6
942,62,75,-13,13
943,72,90,-18,18
944,109,118,-9,9
945,83,97,-14,14
946,68,80,-12,12
947,97,108,-11,11
948,59,73,-14,14
949,173,152,21,21
950,73,81,-8,8
951,85,106,-21,21
952,62,76,-14,14
953,75,86,-11,11
954,90,105,-15,15
955,93,107,-14,14
956,98,108,-10,10
957,116,119,-3,3
958,50,60,-10,10
959,106,120,-14,14
960,114,114,0,0
961,98,106,-8,8
962,184,175,9,9
963,69,86,-17,17
964,147,147,0,0
965,29,74,-45,45
966,108,128,-20,20
967,65,86,-21,21
968,96,105,-9,9
969,84,100,-16,16
970,70,79,-9,9
971,162,152,10,10
972,112,122,-10,10
973,71,83,-12,12
974,139,140,-1,1
975,72,90,-18,18
976,68,85,-17,17
977,76,91,-15,15
978,87,98,-11,11
979,52,66,-14,14
980,115,124,-9,9
981,161,151,10,10
982,88,91,-3,3
983,107,113,-6,6
984,84,90,-6,6
985,90,98,-8,8
986,55,71,-16,16
987,138,138,0,0
988,90,96,-6,6
989,114,120,-6,6
990,111,137,-26,26
991,44,58,-14,14
992,111,129,-18,18
993,128,120,8,8
994,98,106,-8,8
995,93,97,-4,4
996,74,87,-13,13
997,130,138,-8,8
998,82,106,-24,24
999,178,154,24,24
1000,42,61,-19,19
1001,96,102,-6,6
1002,39,67,-28,28
1003,75,91,-16,16
1004,147,147,0,0
1005,102,114,-12,12
1006,212,186,26,26
1007,64,77,-13,13
1008,91,98,-7,7
1009,39,58,-19,19
1010,92,110,-18,18
1011,159,150,9,9
1012,119,121,-2,2
1013,128,135,-7,7
1014,125,133,-8,8
1015,63,82,-19,19
1016,117,127,-10,10
1017,117,132,-15,15
1018,35,57,-22,22
1019,108,119,-11,11
1020,108,115,-7,7
1021,77,86,-9,9
1022,88,100,-12,12
1023,45,65,-20,20
1024,88,110,-22,22
1025,110,114,-4,4
1026,93,96,-3,3
1027,77,95,-18,18
1028,144,142,2,2
1029,63,84,-21,21
1030,56,69,-13,13
1031,143,145,-2,2
1032,119,143,-24,24
1033,85,94,-9,9
1034,94,103,-9,9
1035,115,133,-18,18
1036,117,129,-12,12
1037,71,83,-12,12
1038,79,92,-13,13
1039,119,110,9,9
1040,78,91,-13,13
1041,101,125,-24,24
1042,89,105,-16,16
1043,91,107,-16,16
1044,112,122,-10,10
1045,131,137,-6,6
1046,43,61,-18,18
1047,162,154,8,8
1048,55,73,-18,18
1049,116,128,-12,12
1050,49,65,-16,16
1051,88,92,-4,4
1052,108,118,-10,10
1053,72,77,-5,5
1054,115,120,-5,5
1055,55,71,-16,16
1056,146,144,2,2
1057,97,96,1,1
1058,81,92,-11,11
1059,146,145,1,1
1060,133,135,-2,2
1061,62,79,-17,17
1062,148,148,0,0
1063,98,103,-5,5
1064,81,83,-2,2
1065,73,89,-16,16
1066,81,88,-7,7
1067,148,147,1,1
1068,141,136,5,5
1069,56,68,-12,12
1070,123,129,-6,6
1071,83,97,-14,14
1072,117,129,-12,12
1073,99,108,-9,9
1074,99,119,-20,20
1075,64,77,-13,13
1076,92,102,-10,10
1077,40,56,-16,16
1078,183,159,24,24
1079,44,75,-31,31
1080,115,121,-6,6
1081,49,67,-18,18
1082,127,130,-3,3
1083,155,149,6,6
1084,81,103,-22,22
1085,92,94,-2,2
1086,74,77,-3,3
1087,108,120,-12,12
1088,57,72,-15,15
1089,61,73,-12,12
1090,125,129,-4,4
1091,97,101,-4,4
1092,60,112,-52,52
1093,78,92,-14,14
1094,71,98,-27,27
1095,84,101,-17,17
1096,177,160,17,17
1097,80,88,-8,8
1098,130,139,-9,9
1099,81,93,-12,12
1100,88,109,-21,21
1101,56,70,-14,14
1102,149,147,2,2
1103,92,96,-4,4
1104,90,103,-13,13
1105,45,68,-23,23
1106,63,83,-20,20
1107,92,104,-12,12
1108,124,135,-11,11
1109,140,147,-7,7
1110,122,145,-23,23
1111,47,66,-19,19
1112,67,84,-17,17
1113,199,177,22,22
1114,110,148,-38,38
1115,78,94,-16,16
1116,42,58,-16,16
1117,51,70,-19,19
1118,183,153,30,30
1119,160,156,4,4
1120,117,126,-9,9
1121,70,88,-18,18
1122,90,98,-8,8
1123,101,121,-20,20
1124,73,90,-17,17
1125,64,79,-15,15
1126,69,82,-13,13
1127,98,106,-8,8
1128,121,129,-8,8
1129,83,95,-12,12
1130,170,164,6,6
1131,80,91,-11,11
1132,68,84,-16,16
1133,130,147,-17,17
1134,66,86,-20,20
1135,65,93,-28,28
1136,95,106,-11,11
1137,99,109,-10,10
1138,95,128,-33,33
1139,174,162,12,12
1140,154,146,8,8
1141,121,119,2,2
1142,109,108,1,1
1143,87,117,-30,30
1144,61,70,-9,9
1145,96,111,-15,15
1146,96,108,-12,12
1147,118,123,-5,5
1148,97,98,-1,1
1149,105,112,-7,7
1150,87,97,-10,10
1151,104,110,-6,6
1152,80,96,-16,16
1153,54,73,-19,19
1154,92,102,-10,10
1155,48,67,-19,19
1156,78,97,-19,19
1157,136,131,5,5
1158,139,134,5,5
1159,61,124,-63,63
1160,83,100,-17,17
1161,103,123,-20,20
1162,128,132,-4,4
1163,131,133,-2,2
1164,76,86,-10,10
1165,74,82,-8,8
1166,135,140,-5,5
1167,73,91,-18,18
1168,115,127,-12,12
1169,81,100,-19,19
1170,140,138,2,2
1171,69,85,-16,16
1172,46,66,-20,20
1173,109,116,-7,7
1174,197,169,28,28
1175,111,132,-21,21
1176,100,108,-8,8
1177,77,86,-9,9
1178,66,81,-15,15
1179,67,82,-15,15
1180,120,140,-20,20
1181,349,304,45,45
1182,78,85,-7,7
1183,118,132,-14,14
1184,51,80,-29,29
1185,82,95,-13,13
1186,49,60,-11,11
1187,72,87,-15,15
1188,112,279,-167,167
1189,140,129,11,11
1190,69,73,-4,4
1191,94,108,-14,14
1192,69,84,-15,15
1193,96,111,-15,15
1194,77,132,-55,55
1195,92,113,-21,21
1196,141,148,-7,7
1197,94,103,-9,9
1198,92,96,-4,4
1199,96,129,-33,33
1200,69,76,-7,7
1201,35,63,-28,28
1202,78,91,-13,13
1203,113,124,-11,11
1204,99,103,-4,4
1205,108,114,-6,6
1206,118,122,-4,4
1207,95,107,-12,12
1208,106,120,-14,14
1209,101,100,1,1
1210,77,102,-25,25
1211,97,106,-9,9
1212,86,93,-7,7
1213,60,77,-17,17
1214,101,122,-21,21
1215,105,107,-2,2
1216,73,87,-14,14
1217,90,101,-11,11
1218,121,121,0,0
1219,80,96,-16,16
1220,85,104,-19,19
1221,158,154,4,4
1222,75,93,-18,18
1223,70,91,-21,21
1224,66,84,-18,18
1225,107,113,-6,6
1226,182,172,10,10
1227,134,141,-7,7
1228,103,106,-3,3
1229,69,88,-19,19
1230,95,100,-5,5
1231,33,53,-20,20
1232,58,74,-16,16
1233,63,84,-21,21
1234,115,114,1,1
1235,111,112,-1,1
1236,128,126,2,2
1237,141,136,5,5
1238,50,68,-18,18
1239,129,122,7,7
1240,49,71,-22,22
1241,91,95,-4,4
1242,131,128,3,3
1243,120,113,7,7
1244,91,104,-13,13
1245,108,119,-11,11
1246,70,88,-18,18
1247,51,65,-14,14
1248,92,105,-13,13
1249,77,87,-10,10
1250,149,146,3,3
1251,117,125,-8,8
1252,144,148,-4,4
1253,82,86,-4,4
1254,107,120,-13,13
1255,51,66,-15,15
1256,55,75,-20,20
1257,101,115,-14,14
1258,99,106,-7,7
1259,114,118,-4,4
1260,55,77,-22,22
1261,83,90,-7,7
1262,174,165,9,9
1263,136,137,-1,1
1264,89,103,-14,14
1265,67,89,-22,22
1266,81,96,-15,15
1267,122,134,-12,12
1268,74,92,-18,18
1269,149,158,-9,9
1270,62,77,-15,15
1271,64,84,-20,20
1272,85,101,-16,16
1273,163,147,16,16
1274,72,93,-21,21
1275,62,72,-10,10
1276,50,70,-20,20
1277,57,80,-23,23
1278,82,104,-22,22
1279,58,70,-12,12
1280,51,66,-15,15
1281,63,79,-16,16
1282,125,125,0,0
1283,78,99,-21,21
1284,57,69,-12,12
1285,65,78,-13,13
1286,111,128,-17,17
1287,90,96,-6,6
1288,107,117,-10,10
1289,81,87,-6,6
1290,133,126,7,7
1291,111,131,-20,20
1292,64,87,-23,23
1293,56,86,-30,30
1294,51,73,-22,22
1295,64,76,-12,12
1296,156,149,7,7
1297,96,117,-21,21
1298,94,96,-2,2
1299,65,108,-43,43
1300,167,152,15,15
1301,44,64,-20,20
1302,255,216,39,39
1303,80,89,-9,9
1304,142,143,-1,1
1305,73,76,-3,3
1306,114,119,-5,5
1307,81,88,-7,7
1308,66,80,-14,14
1309,91,99,-8,8
1310,106,107,-1,1
1311,84,100,-16,16
1312,120,131,-11,11
1313,115,120,-5,5
1314,130,135,-5,5
1315,192,188,4,4
1316,150,147,3,3
1317,87,103,-16,16
1318,69,86,-17,17
1319,170,171,-1,1
1320,99,108,-9,9
1321,72,91,-19,19
1322,106,108,-2,2
1323,142,130,12,12
1324,44,61,-17,17
1325,87,105,-18,18
1326,72,90,-18,18
1327,116,116,0,0
1328,66,81,-15,15
1329,43,56,-13,13
1330,145,145,0,0
1331,92,100,-8,8
1332,86,99,-13,13
1333,87,103,-16,16
1334,71,83,-12,12
1335,136,138,-2,2
1336,73,97,-24,24
1337,81,102,-21,21
1338,65,78,-13,13
1339,97,99,-2,2
1340,61,76,-15,15
1341,76,81,-5,5
1342,55,70,-15,15
1343,100,105,-5,5
1344,120,133,-13,13
1345,110,133,-23,23
1346,103,118,-15,15
1347,57,72,-15,15
1348,95,95,0,0
1349,82,97,-15,15
1350,105,122,-17,17
1351,68,86,-18,18
1352,177,160,17,17
1353,97,110,-13,13
1354,150,136,14,14
1355,38,57,-19,19
1356,85,94,-9,9
1357,79,95,-16,16
1358,78,96,-18,18
1359,98,107,-9,9
1360,138,139,-1,1
1361,92,96,-4,4
1362,110,114,-4,4
1363,135,148,-13,13
1364,96,108,-12,12
1365,107,112,-5,5
1366,84,104,-20,20
1367,82,89,-7,7
1368,87,117,-30,30
1369,58,75,-17,17
1370,55,66,-11,11
1371,69,88,-19,19
1372,193,177,16,16
1373,102,117,-15,15
1374,105,109,-4,4
1375,74,101,-27,27
1376,122,150,-28,28
1377,85,98,-13,13
1378,103,113,-10,10
1379,139,140,-1,1
1380,91,99,-8,8
1381,84,108,-24,24
1382,155,147,8,8
1383,73,83,-10,10
1384,141,135,6,6
1385,70,81,-11,11
1386,93,95,-2,2
1387,100,103,-3,3
1388,96,103,-7,7
1389,56,72,-16,16
1390,93,128,-35,35
1391,97,136,-39,39
1392,43,57,-14,14
1393,58,71,-13,13
1394,107,113,-6,6
1395,118,124,-6,6
1396,64,72,-8,8
1397,114,110,4,4
1398,84,92,-8,8
1399,68,87,-19,19
1400,170,152,18,18
1401,121,126,-5,5
1402,180,168,12,12
1403,81,91,-10,10
1404,131,132,-1,1
1405,166,158,8,8
1406,83,96,-13,13
1407,107,109,-2,2
1408,95,104,-9,9
1409,88,89,-1,1
1410,149,147,2,2
1411,160,155,5,5
1412,112,121,-9,9
1413,145,147,-2,2
1414,38,54,-16,16
1415,104,110,-6,6
1416,125,139,-14,14
1417,86,95,-9,9
1418,105,112,-7,7
1419,44,66,-22,22
1420,116,115,1,1
1421,136,140,-4,4
1422,149,144,5,5
1423,135,121,14,14
1424,51,69,-18,18
1425,94,114,-20,20
1426,88,109,-21,21
1427,128,135,-7,7
1428,148,147,1,1
1429,103,125,-22,22
1430,59,79,-20,20
1431,75,87,-12,12
1432,83,95,-12,12
1433,73,87,-14,14
1434,75,108,-33,33
1435,74,93,-19,19
1436,85,96,-11,11
1437,74,87,-13,13
1438,99,110,-11,11
1439,122,138,-16,16
1440,130,140,-10,10
1441,61,80,-19,19
1442,48,66,-18,18
1443,111,126,-15,15
1444,58,70,-12,12
1445,61,87,-26,26
1446,129,138,-9,9
1447,55,68,-13,13
1448,159,151,8,8
1449,81,92,-11,11
1450,44,66,-22,22
1451,64,74,-10,10
1452,105,111,-6,6
1453,131,141,-10,10
1454,188,171,17,17
1455,107,112,-5,5
1456,74,88,-14,14
1457,155,162,-7,7
1458,93,98,-5,5
1459,125,133,-8,8
1460,113,126,-13,13
1461,81,97,-16,16
1462,73,83,-10,10
1463,78,89,-11,11
1464,124,120,4,4
1465,68,89,-21,21
1466,90,106,-16,16
1467,108,109,-1,1
1468,73,83,-10,10
1469,92,103,-11,11
1470,118,128,-10,10
1471,70,79,-9,9
1472,98,112,-14,14
1473,70,83,-13,13
1474,72,86,-14,14
1475,107,106,1,1
1476,112,120,-8,8
1477,118,123,-5,5
1478,86,94,-8,8
1479,114,111,3,3
1480,121,124,-3,3
1481,120,121,-1,1
1482,275,209,66,66
1483,98,99,-1,1
1484,95,117,-22,22
1485,80,88,-8,8
1486,126,139,-13,13
1487,98,108,-10,10
1488,133,148,-15,15
1489,61,75,-14,14
1490,129,127,2,2
1491,117,124,-7,7
1492,54,86,-32,32
1493,54,73,-19,19
1494,48,67,-19,19
1495,85,94,-9,9
1496,56,92,-36,36
1497,77,100,-23,23
1498,140,133,7,7
1499,69,90,-21,21
1500,88,102,-14,14
1501,107,114,-7,7
1502,81,93,-12,12
1503,134,130,4,4
1504,80,94,-14,14
1505,121,122,-1,1
1506,111,116,-5,5
1507,72,88,-16,16
1508,155,155,0,0
1509,61,78,-17,17
1510,70,87,-17,17
1511,55,70,-15,15
1512,74,88,-14,14
1513,151,149,2,2
1514,38,58,-20,20
1515,164,179,-15,15
1516,66,87,-21,21
1517,58,73,-15,15
1518,66,82,-16,16
1519,116,111,5,5
1520,71,101,-30,30
1521,99,109,-10,10
1522,108,130,-22,22
1523,77,92,-15,15
1524,56,72,-16,16
1525,126,124,2,2
1526,117,122,-5,5
1527,71,78,-7,7
1528,80,90,-10,10
1529,69,85,-16,16
1530,76,82,-6,6
1531,137,140,-3,3
1532,184,168,16,16
1533,131,131,0,0
1534,149,145,4,4
1535,95,103,-8,8
1536,122,128,-6,6
1537,54,70,-16,16
1538,88,101,-13,13
1539,83,95,-12,12
1540,69,84,-15,15
1541,87,114,-27,27
1542,156,151,5,5
1543,118,126,-8,8
1544,55,73,-18,18
1545,83,94,-11,11
1546,81,103,-22,22
1547,101,120,-19,19
1548,73,84,-11,11
1549,105,117,-12,12
1550,82,94,-12,12
1551,65,79,-14,14
1552,78,92,-14,14
1553,115,120,-5,5
1554,133,133,0,0
1555,58,77,-19,19
1556,108,123,-15,15
1557,128,142,-14,14
1558,136,129,7,7
1559,37,66,-29,29
1560,95,110,-15,15
1561,121,127,-6,6
1562,87,94,-7,7
1563,100,131,-31,31
1564,89,95,-6,6
1565,126,136,-10,10
1566,109,126,-17,17
1567,103,112,-9,9
1568,150,145,5,5
1569,94,133,-39,39
1570,148,152,-4,4
1571,60,76,-16,16
1572,70,88,-18,18
1573,131,140,-9,9
1574,70,79,-9,9
1575,95,113,-18,18
1576,66,92,-26,26
1577,86,91,-5,5
1578,91,100,-9,9
1579,75,95,-20,20
1580,46,65,-19,19
1581,100,113,-13,13
1582,98,103,-5,5
1583,92,97,-5,5
1584,112,111,1,1
1585,167,155,12,12
1586,90,107,-17,17
1587,109,111,-2,2
1588,93,118,-25,25
1589,61,75,-14,14
1590,123,125,-2,2
1591,93,107,-14,14
1592,74,81,-7,7
1593,36,62,-26,26
1594,89,95,-6,6
1595,144,150,-6,6
1596,80,94,-14,14
1597,114,125,-11,11
1598,106,122,-16,16
1599,57,71,-14,14
1600,70,92,-22,22
1601,112,123,-11,11
1602,92,102,-10,10
1603,106,110,-4,4
1604,122,135,-13,13
1605,128,137,-9,9
1606,109,119,-10,10
1607,75,86,-11,11
1608,120,127,-7,7
1609,60,70,-10,10
1610,137,136,1,1
1611,78,94,-16,16
1612,93,114,-21,21
1613,91,97,-6,6
1614,84,95,-11,11
1615,137,144,-7,7
1616,43,61,-18,18
1617,74,77,-3,3
1618,77,90,-13,13
1619,114,129,-15,15
1620,104,101,3,3
1621,101,116,-15,15
1622,43,60,-17,17
1623,106,114,-8,8
1624,90,101,-11,11
1625,114,129,-15,15
1626,82,87,-5,5
1627,62,86,-24,24
1628,112,117,-5,5
1629,46,67,-21,21
1630,104,111,-7,7
1631,106,114,-8,8
1632,62,75,-13,13
1633,123,129,-6,6
1634,95,105,-10,10
1635,64,82,-18,18
1636,76,97,-21,21
1637,104,114,-10,10
1638,126,128,-2,2
1639,144,147,-3,3
1640,119,131,-12,12
1641,74,82,-8,8
1642,51,71,-20,20
1643,91,105,-14,14
1644,86,105,-19,19
1645,95,107,-12,12
1646,72,87,-15,15
1647,162,155,7,7
1648,87,95,-8,8
1649,91,105,-14,14
1650,122,148,-26,26
1651,70,89,-19,19
1652,106,125,-19,19
1653,89,108,-19,19
1654,59,69,-10,10
1655,44,62,-18,18
1656,74,82,-8,8
1657,77,93,-16,16
1658,135,132,3,3
1659,107,116,-9,9
1660,64,77,-13,13
1661,52,84,-32,32
1662,61,78,-17,17
1663,74,88,-14,14
1664,87,115,-28,28
1665,106,112,-6,6
1666,64,77,-13,13
1667,70,87,-17,17
1668,77,88,-11,11
1669,62,77,-15,15
1670,67,79,-12,12
1671,109,115,-6,6
1672,118,124,-6,6
1673,74,97,-23,23
1674,100,106,-6,6
1675,83,111,-28,28
1676,83,89,-6,6
1677,121,123,-2,2
1678,79,101,-22,22
1679,46,63,-17,17
1680,92,97,-5,5
1681,102,109,-7,7
1682,103,107,-4,4
1683,64,71,-7,7
1684,101,107,-6,6
1685,105,109,-4,4
1686,55,71,-16,16
1687,66,79,-13,13
1688,60,74,-14,14
1689,62,81,-19,19
1690,150,152,-2,2
1691,84,102,-18,18
1692,98,117,-19,19
1693,59,76,-17,17
1694,57,75,-18,18
1695,88,138,-50,50
1696,146,149,-3,3
1697,58,75,-17,17
1698,73,83,-10,10
1699,192,174,18,18
1700,58,67,-9,9
1701,97,106,-9,9
1702,84,96,-12,12
1703,149,146,3,3
1704,162,147,15,15
1705,53,81,-28,28
1706,48,71,-23,23
1707,103,123,-20,20
1708,64,82,-18,18
1709,85,90,-5,5
1710,64,79,-15,15
1711,73,84,-11,11
1712,72,80,-8,8
1713,136,139,-3,3
1714,103,110,-7,7
1715,161,151,10,10
1716,89,99,-10,10
1717,102,105,-3,3
1718,66,134,-68,68
1719,87,96,-9,9
1720,101,110,-9,9
1721,90,108,-18,18
1722,108,121,-13,13
1723,59,80,-21,21
1724,118,121,-3,3
1725,56,67,-11,11
1726,195,179,16,16
1727,70,80,-10,10
1728,90,102,-12,12
1729,108,121,-13,13
1730,118,139,-21,21
1731,74,89,-15,15
1732,115,122,-7,7
1733,31,54,-23,23
1734,121,137,-16,16
1735,43,58,-15,15
1736,78,85,-7,7
1737,63,82,-19,19
1738,57,69,-12,12
1739,53,74,-21,21
1740,63,78,-15,15
1741,88,99,-11,11
1742,80,103,-23,23
1743,133,142,-9,9
1744,90,97,-7,7
1745,130,137,-7,7
1746,70,82,-12,12
1747,169,153,16,16
1748,45,66,-21,21
1749,171,158,13,13
1750,84,96,-12,12
1751,95,109,-14,14
1752,73,95,-22,22
1753,59,75,-16,16
1754,82,103,-21,21
1755,101,105,-4,4
1756,77,95,-18,18
1757,57,77,-20,20
1758,97,104,-7,7
1759,69,85,-16,16
1760,82,92,-10,10
1761,60,89,-29,29
1762,70,84,-14,14
1763,79,92,-13,13
1764,127,138,-11,11
1765,92,113,-21,21
1766,119,130,-11,11
1767,59,74,-15,15
1768,66,83,-17,17
1769,44,65,-21,21
1770,46,60,-14,14
1771,129,122,7,7
1772,93,97,-4,4
1773,98,136,-38,38
1774,89,100,-11,11
1775,74,84,-10,10
1776,96,107,-11,11
1777,103,107,-4,4
1778,84,105,-21,21
1779,75,86,-11,11
1780,167,150,17,17
1781,85,99,-14,14
1782,108,133,-25,25
1783,59,73,-14,14
1784,101,110,-9,9
1785,76,90,-14,14
1786,118,122,-4,4
1787,67,82,-15,15
1788,53,80,-27,27
1789,108,118,-10,10
1790,103,114,-11,11
1791,130,145,-15,15
1792,83,92,-9,9
1793,52,76,-24,24
1794,79,94,-15,15
1795,80,100,-20,20
1796,88,82,6,6
1797,55,74,-19,19
1798,53,67,-14,14
1799,116,117,-1,1
1800,103,109,-6,6
1801,73,92,-19,19
1802,72,83,-11,11
1803,155,148,7,7
1804,205,197,8,8
1805,55,70,-15,15
1806,119,125,-6,6
1807,93,99,-6,6
1808,81,95,-14,14
1809,93,103,-10,10
1810,121,130,-9,9
1811,62,74,-12,12
1812,61,76,-15,15
1813,113,123,-10,10
1814,79,91,-12,12
1815,130,141,-11,11
1816,68,90,-22,22
1817,81,93,-12,12
1818,114,110,4,4
1819,101,102,-1,1
1820,63,71,-8,8
1821,87,118,-31,31
1822,117,127,-10,10
1823,114,122,-8,8
1824,109,118,-9,9
1825,96,104,-8,8
1826,54,74,-20,20
1827,132,136,-4,4
1828,85,106,-21,21
1829,70,79,-9,9
1830,60,68,-8,8
1831,68,83,-15,15
1832,48,61,-13,13
1833,75,92,-17,17
1834,126,132,-6,6
1835,106,109,-3,3
1836,60,74,-14,14
1837,70,80,-10,10
1838,52,65,-13,13
1839,86,95,-9,9
1840,74,83,-9,9
1841,118,120,-2,2
1842,43,63,-20,20
1843,207,189,18,18
1844,97,103,-6,6
1845,78,90,-12,12
1846,100,114,-14,14
1847,108,111,-3,3
1848,73,88,-15,15
1849,151,147,4,4
1850,45,64,-19,19
1851,81,89,-8,8
1852,68,83,-15,15
1853,140,149,-9,9
1854,121,126,-5,5
1855,88,117,-29,29
1856,42,61,-19,19
1857,76,90,-14,14
1858,89,98,-9,9
1859,61,77,-16,16
1860,98,100,-2,2
1861,78,95,-17,17
1862,54,74,-20,20
1863,128,148,-20,20
1864,160,151,9,9
1865,65,81,-16,16
1866,109,117,-8,8
1867,149,154,-5,5
1868,112,114,-2,2
1869,78,85,-7,7
1870,61,71,-10,10
1871,82,92,-10,10
1872,54,70,-16,16
1873,45,67,-22,22
1874,102,111,-9,9
1875,92,102,-10,10
1876,121,129,-8,8
1877,119,127,-8,8
1878,84,91,-7,7
1879,99,115,-16,16
1880,116,128,-12,12
1881,119,125,-6,6
1882,157,152,5,5
1883,119,117,2,2
1884,92,96,-4,4
1885,60,81,-21,21
1886,101,113,-12,12
1887,90,104,-14,14
1888,132,147,-15,15
1889,156,150,6,6
1890,101,110,-9,9
1891,88,99,-11,11
1892,141,130,11,11
1893,56,75,-19,19
1894,85,89,-4,4
1895,182,159,23,23
1896,127,124,3,3
1897,76,88,-12,12
1898,83,90,-7,7
1899,59,72,-13,13
1900,33,54,-21,21
1901,38,54,-16,16
1902,90,93,-3,3
1903,87,111,-24,24
1904,81,99,-18,18
1905,123,136,-13,13
1906,111,117,-6,6
1907,207,212,-5,5
1908,140,145,-5,5
1909,90,98,-8,8
1910,67,87,-20,20
1911,102,140,-38,38
1912,65,80,-15,15
1913,81,98,-17,17
1914,75,86,-11,11
1915,93,107,-14,14
1916,87,115,-28,28
1917,183,160,23,23
1918,95,107,-12,12
1919,200,192,8,8
1920,95,106,-11,11
1921,199,183,16,16
1922,87,155,-68,68
1923,56,72,-16,16
1924,55,81,-26,26
1925,90,107,-17,17
1926,64,84,-20,20
1927,57,73,-16,16
1928,179,182,-3,3
1929,78,88,-10,10
1930,54,72,-18,18
1931,112,118,-6,6
1932,69,96,-27,27
1933,73,91,-18,18
1934,64,81,-17,17
1935,65,86,-21,21
1936,63,80,-17,17
1937,159,152,7,7
1938,71,86,-15,15
1939,90,98,-8,8
1940,116,119,-3,3
1941,110,119,-9,9
1942,80,99,-19,19
1943,116,136,-20,20
1944,101,119,-18,18
1945,145,146,-1,1
1946,144,148,-4,4
1947,163,149,14,14
1948,115,131,-16,16
1949,115,136,-21,21
1950,102,114,-12,12
1951,105,95,10,10
1952,61,73,-12,12
1953,74,89,-15,15
1954,88,98,-10,10
1955,86,90,-4,4
1956,98,111,-13,13
1957,113,120,-7,7
1958,82,81,1,1
1959,124,120,4,4
1960,76,86,-10,10
1961,137,145,-8,8
1962,88,109,-21,21
1963,130,131,-1,1
1964,75,82,-7,7
1965,97,96,1,1
1966,114,131,-17,17
1967,92,106,-14,14
1968,106,116,-10,10
1969,89,106,-17,17
1970,72,102,-30,30
1971,92,104,-12,12
1972,66,83,-17,17
1973,26,49,-23,23
1974,106,111,-5,5
1975,82,96,-14,14
1976,112,125,-13,13
1977,94,101,-7,7
1978,106,112,-6,6
1979,114,117,-3,3
1980,85,115,-30,30
1981,144,151,-7,7
1982,137,134,3,3
1983,56,78,-22,22
1984,62,67,-5,5
1985,65,82,-17,17
1986,71,88,-17,17
1987,78,101,-23,23
1988,66,75,-9,9
1989,106,118,-12,12
1990,74,117,-43,43
1991,46,136,-90,90
1992,140,139,1,1
1993,129,131,-2,2
1994,83,99,-16,16
1995,81,95,-14,14
1996,49,66,-17,17
1997,124,128,-4,4
1998,42,61,-19,19
1999,89,98,-9,9
2000,101,109,-8,8
2001,184,193,-9,9
2002,113,118,-5,5
2003,212,195,17,17
2004,120,123,-3,3
2005,95,107,-12,12
2006,120,129,-9,9
2007,97,107,-10,10
2008,72,85,-13,13
2009,80,83,-3,3
2010,87,107,-20,20
2011,100,109,-9,9
2012,185,176,9,9
2013,90,102,-12,12
2014,77,92,-15,15
2015,67,85,-18,18
2016,63,80,-17,17
2017,74,89,-15,15
2018,104,110,-6,6
2019,129,132,-3,3
2020,73,87,-14,14
2021,128,126,2,2
2022,64,81,-17,17
2023,88,97,-9,9
2024,47,68,-21,21
2025,68,81,-13,13
2026,75,87,-12,12
2027,75,89,-14,14
2028,80,96,-16,16
2029,61,79,-18,18
2030,74,87,-13,13
2031,79,97,-18,18
2032,62,80,-18,18
2033,121,135,-14,14
2034,77,90,-13,13
2035,104,117,-13,13
2036,116,121,-5,5
2037,61,90,-29,29
2038,86,97,-11,11
2039,83,106,-23,23
2040,119,133,-14,14
2041,109,125,-16,16
2042,83,105,-22,22
2043,66,85,-19,19
2044,112,123,-11,11
2045,110,120,-10,10
2046,115,134,-19,19
2047,97,106,-9,9
2048,115,127,-12,12
2049,78,93,-15,15
2050,58,72,-14,14
2051,98,115,-17,17
2052,104,112,-8,8
2053,109,111,-2,2
2054,143,145,-2,2
2055,98,109,-11,11
2056,56,78,-22,22
2057,61,81,-20,20
2058,86,93,-7,7
2059,73,85,-12,12
2060,101,111,-10,10
2061,165,152,13,13
2062,64,84,-20,20
2063,62,76,-14,14
2064,68,76,-8,8
2065,101,113,-12,12
2066,72,93,-21,21
2067,56,71,-15,15
2068,109,112,-3,3
2069,63,70,-7,7
2070,48,67,-19,19
2071,134,140,-6,6
2072,91,111,-20,20
2073,80,96,-16,16
2074,112,117,-5,5
2075,49,67,-18,18
2076,91,101,-10,10
2077,75,94,-19,19
2078,86,92,-6,6
2079,142,139,3,3
2080,79,87,-8,8
2081,122,137,-15,15
2082,139,145,-6,6
2083,79,89,-10,10
2084,184,160,24,24
2085,134,159,-25,25
2086,99,107,-8,8
2087,59,79,-20,20
2088,77,94,-17,17
2089,84,95,-11,11
2090,116,129,-13,13
2091,41,56,-15,15
2092,70,91,-21,21
2093,39,58,-19,19
2094,82,93,-11,11
2095,58,73,-15,15
2096,166,151,15,15
2097,71,88,-17,17
2098,119,123,-4,4
2099,92,111,-19,19
2100,116,127,-11,11
2101,121,121,0,0
2102,106,113,-7,7
2103,82,93,-11,11
2104,137,144,-7,7
2105,113,124,-11,11
2106,84,99,-15,15
2107,136,134,2,2
2108,57,76,-19,19
2109,142,143,-1,1
2110,55,66,-11,11
2111,82,94,-12,12
2112,208,190,18,18
2113,101,100,1,1
2114,156,157,-1,1
2115,175,157,18,18
2116,137,133,4,4
2117,105,130,-25,25
2118,84,99,-15,15
2119,78,92,-14,14
2120,115,112,3,3
2121,74,86,-12,12
2122,67,79,-12,12
2123,46,66,-20,20
2124,123,131,-8,8
2125,68,78,-10,10
2126,110,131,-21,21
2127,95,103,-8,8
2128,77,98,-21,21
2129,86,106,-20,20
2130,62,72,-10,10
2131,91,95,-4,4
2132,76,90,-14,14
2133,92,97,-5,5
2134,98,105,-7,7
2135,108,116,-8,8
2136,142,146,-4,4
2137,111,103,8,8
2138,96,111,-15,15
2139,86,96,-10,10
2140,138,142,-4,4
2141,89,101,-12,12
2142,149,145,4,4
2143,82,99,-17,17
2144,135,143,-8,8
2145,94,103,-9,9
2146,79,96,-17,17
2147,84,96,-12,12
2148,44,100,-56,56
2149,46,78,-32,32
2150,96,104,-8,8
2151,114,124,-10,10
2152,57,72,-15,15
2153,79,87,-8,8
2154,78,106,-28,28
2155,117,148,-31,31
2156,98,100,-2,2
2157,57,67,-10,10
2158,99,101,-2,2
2159,97,102,-5,5
2160,98,101,-3,3
2161,70,78,-8,8
2162,102,118,-16,16
2163,82,101,-19,19
2164,81,94,-13,13
2165,69,83,-14,14
2166,66,76,-10,10
2167,97,97,0,0
2168,86,101,-15,15
2169,58,71,-13,13
2170,83,100,-17,17
2171,78,88,-10,10
2172,64,74,-10,10
2173,127,118,9,9
2174,73,79,-6,6
2175,70,93,-23,23
2176,93,114,-21,21
2177,116,126,-10,10
2178,103,100,3,3
2179,44,62,-18,18
2180,84,104,-20,20
2181,116,112,4,4
2182,102,123,-21,21
2183,56,67,-11,11
2184,117,124,-7,7
2185,111,121,-10,10
2186,82,100,-18,18
2187,115,120,-5,5
2188,96,118,-22,22
2189,137,127,10,10
2190,111,136,-25,25
2191,63,80,-17,17
2192,65,79,-14,14
2193,57,69,-12,12
2194,82,85,-3,3
2195,64,101,-37,37
2196,100,110,-10,10
2197,68,81,-13,13
2198,57,81,-24,24
2199,76,84,-8,8
2200,138,146,-8,8
2201,61,88,-27,27
2202,80,100,-20,20
2203,98,112,-14,14
2204,137,143,-6,6
2205,101,106,-5,5
2206,122,132,-10,10
2207,75,98,-23,23
2208,118,123,-5,5
2209,87,100,-13,13
2210,116,134,-18,18
2211,97,108,-11,11
2212,147,158,-11,11
2213,74,84,-10,10
2214,55,72,-17,17
2215,110,111,-1,1
2216,93,107,-14,14
2217,64,85,-21,21
2218,105,123,-18,18
2219,70,112,-42,42
2220,92,96,-4,4
2221,63,78,-15,15
2222,93,102,-9,9
2223,60,83,-23,23
2224,82,96,-14,14
2225,108,120,-12,12
2226,118,129,-11,11
2227,167,160,7,7
2228,112,122,-10,10
2229,85,95,-10,10
2230,77,102,-25,25
2231,105,121,-16,16
2232,144,146,-2,2
2233,159,156,3,3
2234,68,82,-14,14
2235,42,59,-17,17
2236,111,134,-23,23
2237,67,92,-25,25
2238,135,135,0,0
2239,45,68,-23,23
2240,79,89,-10,10
2241,117,131,-14,14
2242,94,104,-10,10
2243,44,100,-56,56
2244,94,111,-17,17
2245,140,143,-3,3
2246,98,106,-8,8
2247,66,83,-17,17
2248,63,85,-22,22
2249,65,92,-27,27
2250,104,120,-16,16
2251,92,109,-17,17
2252,86,98,-12,12
2253,81,95,-14,14
2254,77,98,-21,21
2255,78,90,-12,12
2256,48,70,-22,22
2257,39,54,-15,15
2258,47,57,-10,10
2259,94,114,-20,20
2260,161,155,6,6
2261,72,80,-8,8
2262,35,58,-23,23
2263,89,112,-23,23
2264,69,105,-36,36
2265,102,117,-15,15
2266,79,111,-32,32
2267,107,112,-5,5
2268,111,136,-25,25
2269,95,109,-14,14
2270,102,115,-13,13
2271,89,106,-17,17
2272,65,76,-11,11
2273,108,118,-10,10
2274,57,83,-26,26
2275,103,112,-9,9
2276,151,138,13,13
2277,184,163,21,21
2278,78,88,-10,10
2279,185,156,29,29
2280,63,82,-19,19
2281,131,137,-6,6
2282,155,147,8,8
2283,87,95,-8,8
2284,136,139,-3,3
2285,104,118,-14,14
2286,54,71,-17,17
2287,107,122,-15,15
2288,64,78,-14,14
2289,68,84,-16,16
2290,90,105,-15,15
2291,65,86,-21,21
2292,86,104,-18,18
2293,78,91,-13,13
2294,72,80,-8,8
2295,50,72,-22,22
2296,107,116,-9,9
2297,101,197,-96,96
2298,104,111,-7,7
2299,47,62,-15,15
2300,87,97,-10,10
2301,102,116,-14,14
2302,103,105,-2,2
2303,62,74,-12,12
2304,57,73,-16,16
2305,68,85,-17,17
2306,109,121,-12,12
2307,80,98,-18,18
2308,76,101,-25,25
2309,97,112,-15,15
2310,83,92,-9,9
2311,116,123,-7,7
2312,72,84,-12,12
2313,49,70,-21,21
2314,108,126,-18,18
2315,106,104,2,2
2316,135,132,3,3
2317,115,130,-15,15
2318,111,107,4,4
2319,95,98,-3,3
2320,56,81,-25,25
2321,154,145,9,9
2322,106,114,-8,8
2323,71,88,-17,17
2324,92,98,-6,6
2325,96,98,-2,2
2326,75,92,-17,17
2327,127,125,2,2
2328,66,82,-16,16
2329,78,93,-15,15
2330,148,149,-1,1
2331,95,104,-9,9
2332,145,135,10,10
2333,80,99,-19,19
2334,48,62,-14,14
2335,73,98,-25,25
2336,128,144,-16,16
2337,38,61,-23,23
2338,180,170,10,10
2339,63,80,-17,17
2340,60,72,-12,12
2341,149,150,-1,1
2342,97,114,-17,17
2343,57,76,-19,19
2344,158,147,11,11
2345,85,103,-18,18
2346,83,86,-3,3
2347,145,142,3,3
2348,76,88,-12,12
2349,107,114,-7,7
2350,177,164,13,13
2351,106,107,-1,1
2352,73,90,-17,17
2353,43,64,-21,21
2354,141,135,6,6
2355,100,114,-14,14
2356,81,110,-29,29
2357,267,200,67,67
2358,69,86,-17,17
2359,114,123,-9,9
2360,110,119,-9,9
2361,107,119,-12,12
2362,95,96,-1,1
2363,92,93,-1,1
2364,166,151,15,15
2365,83,98,-15,15
2366,140,141,-1,1
2367,102,108,-6,6
2368,82,99,-17,17
2369,88,106,-18,18
2370,129,119,10,10
2371,171,165,6,6
2372,53,65,-12,12
2373,139,128,11,11
2374,131,132,-1,1
2375,137,134,3,3
2376,65,81,-16,16
2377,83,100,-17,17
2378,191,181,10,10
2379,65,74,-9,9
2380,197,184,13,13
2381,101,113,-12,12
2382,147,148,-1,1
2383,159,156,3,3
2384,46,62,-16,16
2385,151,148,3,3
2386,104,107,-3,3
2387,132,147,-15,15
2388,67,82,-15,15
2389,80,91,-11,11
2390,198,183,15,15
2391,116,143,-27,27
2392,72,118,-46,46
2393,152,148,4,4
2394,63,86,-23,23
2395,61,78,-17,17
2396,112,118,-6,6
2397,96,102,-6,6
2398,90,101,-11,11
2399,118,131,-13,13
2400,102,113,-11,11
2401,65,80,-15,15
2402,93,109,-16,16
2403,64,76,-12,12
2404,88,144,-56,56
2405,116,123,-7,7
2406,94,121,-27,27
2407,96,118,-22,22
2408,83,112,-29,29
2409,125,133,-8,8
2410,71,82,-11,11
2411,147,152,-5,5
2412,117,129,-12,12
2413,125,133,-8,8
2414,65,74,-9,9
2415,69,90,-21,21
2416,72,87,-15,15
2417,80,100,-20,20
2418,73,84,-11,11
2419,62,80,-18,18
2420,126,133,-7,7
2421,56,73,-17,17
2422,90,106,-16,16
2423,95,114,-19,19
2424,67,83,-16,16
2425,37,59,-22,22
2426,128,131,-3,3
2427,63,73,-10,10
2428,32,59,-27,27
2429,63,73,-10,10
2430,42,68,-26,26
2431,90,105,-15,15
2432,58,75,-17,17
2433,159,147,12,12
2434,114,132,-18,18
2435,76,91,-15,15
2436,71,82,-11,11
2437,91,104,-13,13
2438,144,143,1,1
2439,71,79,-8,8
2440,70,89,-19,19
2441,109,120,-11,11
2442,86,99,-13,13
2443,114,126,-12,12
2444,66,71,-5,5
2445,92,99,-7,7
2446,71,85,-14,14
2447,92,96,-4,4
2448,137,151,-14,14
2449,73,98,-25,25
2450,73,88,-15,15
2451,101,106,-5,5
2452,119,123,-4,4
2453,97,110,-13,13
2454,110,114,-4,4
2455,69,81,-12,12
2456,81,90,-9,9
2457,67,86,-19,19
2458,139,141,-2,2
2459,88,99,-11,11
2460,114,118,-4,4
2461,64,75,-11,11
2462,86,98,-12,12
2463,122,129,-7,7
2464,122,126,-4,4
2465,94,103,-9,9
2466,128,143,-15,15
2467,83,91,-8,8
2468,92,104,-12,12
2469,175,167,8,8
2470,141,147,-6,6
2471,72,88,-16,16
2472,135,149,-14,14
2473,84,93,-9,9
2474,123,127,-4,4
2475,113,128,-15,15
2476,135,140,-5,5
2477,83,96,-13,13
2478,58,78,-20,20
2479,146,149,-3,3
2480,123,133,-10,10
2481,50,66,-16,16
2482,67,90,-23,23
2483,80,96,-16,16
2484,136,141,-5,5
2485,165,156,9,9
2486,84,90,-6,6
2487,107,114,-7,7
2488,151,150,1,1
2489,111,120,-9,9
2490,51,72,-21,21
2491,78,94,-16,16
2492,145,134,11,11
2493,54,72,-18,18
2494,86,97,-11,11
2495,93,103,-10,10
2496,117,120,-3,3
2497,52,66,-14,14
2498,84,105,-21,21
2499,196,191,5,5
2500,70,78,-8,8
2501,166,160,6,6
2502,103,103,0,0
2503,67,92,-25,25
2504,54,68,-14,14
2505,91,102,-11,11
2506,124,132,-8,8
2507,80,89,-9,9
2508,111,123,-12,12
2509,108,105,3,3
2510,134,147,-13,13
2511,98,108,-10,10
2512,64,106,-42,42
2513,73,86,-13,13
2514,94,106,-12,12
2515,61,84,-23,23
2516,90,106,-16,16
2517,102,110,-8,8
2518,150,147,3,3
2519,97,113,-16,16
2520,76,87,-11,11
2521,58,74,-16,16
2522,90,89,1,1
2523,70,84,-14,14
2524,65,81,-16,16
2525,78,91,-13,13
2526,53,75,-22,22
2527,83,88,-5,5
2528,103,96,7,7
2529,74,83,-9,9
2530,173,164,9,9
2531,63,81,-18,18
2532,104,115,-11,11
2533,96,111,-15,15
2534,110,133,-23,23
2535,83,93,-10,10
2536,89,102,-13,13
2537,95,111,-16,16
2538,74,97,-23,23
2539,55,64,-9,9
2540,117,129,-12,12
2541,32,52,-20,20
2542,64,86,-22,22
2543,103,103,0,0
2544,121,127,-6,6
2545,129,130,-1,1
2546,90,111,-21,21
2547,119,148,-29,29
2548,105,107,-2,2
2549,78,87,-9,9
2550,159,147,12,12
2551,73,90,-17,17
2552,128,133,-5,5
2553,149,150,-1,1
2554,129,123,6,6
2555,87,107,-20,20
2556,69,91,-22,22
2557,120,129,-9,9
2558,57,70,-13,13
2559,107,125,-18,18
2560,56,71,-15,15
2561,128,105,23,23
2562,153,142,11,11
2563,114,134,-20,20
2564,96,112,-16,16
2565,111,116,-5,5
2566,130,143,-13,13
2567,88,102,-14,14
2568,75,89,-14,14
2569,85,103,-18,18
2570,105,116,-11,11
2571,48,63,-15,15
2572,98,107,-9,9
2573,62,82,-20,20
2574,142,142,0,0
2575,91,91,0,0
2576,85,99,-14,14
2577,67,79,-12,12
2578,116,119,-3,3
2579,82,101,-19,19
2580,136,142,-6,6
2581,145,138,7,7
2582,76,93,-17,17
2583,46,69,-23,23
2584,112,137,-25,25
2585,119,130,-11,11
2586,75,105,-30,30
2587,58,81,-23,23
2588,90,105,-15,15
2589,106,126,-20,20
2590,117,124,-7,7
2591,97,106,-9,9
2592,142,151,-9,9
2593,156,151,5,5
2594,136,116,20,20
2595,73,92,-19,19
2596,98,99,-1,1
2597,79,97,-18,18
2598,130,143,-13,13
2599,114,125,-11,11
2600,122,134,-12,12
2601,87,96,-9,9
2602,136,137,-1,1
2603,157,148,9,9
2604,53,72,-19,19
2605,106,111,-5,5
2606,62,80,-18,18
2607,87,103,-16,16
2608,75,83,-8,8
2609,71,88,-17,17
2610,87,99,-12,12
2611,81,94,-13,13
2612,110,115,-5,5
2613,119,129,-10,10
2614,103,111,-8,8
2615,65,75,-10,10
2616,137,130,7,7
2617,66,87,-21,21
2618,78,87,-9,9
2619,93,112,-19,19
2620,117,121,-4,4
2621,95,107,-12,12
2622,88,95,-7,7
2623,102,98,4,4
2624,49,66,-17,17
2625,82,90,-8,8
2626,70,88,-18,18
2627,78,97,-19,19
2628,75,89,-14,14
2629,80,98,-18,18
2630,133,134,-1,1
2631,82,98,-16,16
2632,147,128,19,19
2633,174,162,12,12
2634,65,79,-14,14
2635,95,108,-13,13
2636,105,107,-2,2
2637,72,82,-10,10
2638,78,93,-15,15
2639,137,142,-5,5
2640,153,147,6,6
2641,131,150,-19,19
2642,53,72,-19,19
2643,88,93,-5,5
2644,74,91,-17,17
2645,62,74,-12,12
2646,97,119,-22,22
2647,121,124,-3,3
2648,106,121,-15,15
2649,76,118,-42,42
2650,103,114,-11,11
2651,87,98,-11,11
2652,67,81,-14,14
2653,68,109,-41,41
2654,123,124,-1,1
2655,68,77,-9,9
2656,115,124,-9,9
2657,116,118,-2,2
2658,95,102,-7,7
2659,57,79,-22,22
2660,106,112,-6,6
2661,85,95,-10,10
2662,106,105,1,1
2663,87,97,-10,10
2664,86,98,-12,12
2665,84,99,-15,15
2666,60,74,-14,14
2667,99,114,-15,15
2668,84,100,-16,16
2669,60,74,-14,14
2670,134,129,5,5
2671,130,140,-10,10
2672,78,88,-10,10
2673,62,75,-13,13
2674,90,93,-3,3
2675,105,120,-15,15
2676,104,115,-11,11
2677,102,112,-10,10
2678,125,137,-12,12
2679,74,81,-7,7
2680,100,107,-7,7
2681,103,118,-15,15
2682,77,82,-5,5
2683,86,97,-11,11
2684,97,114,-17,17
2685,81,98,-17,17
2686,88,102,-14,14
2687,52,72,-20,20
2688,59,85,-26,26
2689,89,95,-6,6
2690,51,78,-27,27
2691,45,66,-21,21
2692,103,123,-20,20
2693,70,89,-19,19
2694,148,148,0,0
2695,91,108,-17,17
2696,45,60,-15,15
2697,146,149,-3,3
2698,119,126,-7,7
2699,107,123,-16,16
2700,170,154,16,16
2701,62,74,-12,12
2702,130,122,8,8
2703,40,72,-32,32
2704,91,104,-13,13
2705,61,75,-14,14
2706,72,79,-7,7
2707,113,125,-12,12
2708,120,116,4,4
2709,52,66,-14,14
2710,43,66,-23,23
2711,63,74,-11,11
2712,106,119,-13,13
2713,109,119,-10,10
2714,136,141,-5,5
2715,100,111,-11,11
2716,58,78,-20,20
2717,64,78,-14,14
2718,135,143,-8,8
2719,125,137,-12,12
2720,91,117,-26,26
2721,81,98,-17,17
2722,53,70,-17,17
2723,120,132,-12,12
2724,96,109,-13,13
2725,42,53,-11,11
2726,122,132,-10,10
2727,67,77,-10,10
2728,97,101,-4,4
2729,65,80,-15,15
2730,86,107,-21,21
2731,72,82,-10,10
2732,62,75,-13,13
2733,72,83,-11,11
2734,83,83,0,0
2735,129,139,-10,10
2736,109,116,-7,7
2737,72,98,-26,26
2738,78,99,-21,21
2739,175,175,0,0
2740,125,132,-7,7
2741,65,71,-6,6
2742,122,131,-9,9
2743,79,96,-17,17
2744,35,59,-24,24
2745,86,104,-18,18
2746,120,120,0,0
2747,96,108,-12,12
2748,152,150,2,2
2749,114,127,-13,13
2750,94,109,-15,15
2751,67,78,-11,11
2752,94,110,-16,16
2753,145,136,9,9
2754,52,70,-18,18
2755,108,117,-9,9
2756,86,106,-20,20
2757,91,102,-11,11
2758,132,137,-5,5
2759,160,156,4,4
2760,94,98,-4,4
2761,136,131,5,5
2762,46,61,-15,15
2763,76,84,-8,8
2764,66,87,-21,21
2765,72,85,-13,13
2766,102,114,-12,12
2767,77,92,-15,15
2768,56,75,-19,19
2769,139,148,-9,9
2770,217,193,24,24
2771,105,118,-13,13
2772,86,93,-7,7
2773,172,156,16,16
2774,131,138,-7,7
2775,141,145,-4,4
2776,85,99,-14,14
2777,68,76,-8,8
2778,90,104,-14,14
2779,75,90,-15,15
2780,82,98,-16,16
2781,76,87,-11,11
2782,92,105,-13,13
2783,76,91,-15,15
2784,108,117,-9,9
2785,99,106,-7,7
2786,65,83,-18,18
2787,101,122,-21,21
2788,196,179,17,17
2789,80,99,-19,19
2790,130,144,-14,14
2791,57,95,-38,38
2792,105,106,-1,1
2793,83,99,-16,16
2794,75,103,-28,28
2795,37,60,-23,23
2796,92,110,-18,18
2797,70,78,-8,8
2798,35,52,-17,17
2799,120,123,-3,3
2800,87,87,0,0
2801,56,68,-12,12
2802,84,96,-12,12
2803,185,171,14,14
2804,95,102,-7,7
2805,76,88,-12,12
2806,60,73,-13,13
2807,84,102,-18,18
2808,67,80,-13,13
2809,79,93,-14,14
2810,106,115,-9,9
2811,121,125,-4,4
2812,81,107,-26,26
2813,93,104,-11,11
2814,150,149,1,1
2815,104,118,-14,14
2816,95,104,-9,9
2817,120,120,0,0
2818,140,147,-7,7
2819,106,125,-19,19
2820,92,94,-2,2
2821,75,89,-14,14
2822,69,95,-26,26
2823,78,85,-7,7
2824,57,76,-19,19
2825,71,79,-8,8
2826,110,117,-7,7
2827,90,103,-13,13
2828,58,71,-13,13
2829,52,69,-17,17
2830,108,120,-12,12
2831,53,75,-22,22
2832,102,110,-8,8
2833,89,103,-14,14
2834,158,149,9,9
2835,81,84,-3,3
2836,93,112,-19,19
2837,127,129,-2,2
2838,117,122,-5,5
2839,105,108,-3,3
2840,133,139,-6,6
2841,106,108,-2,2
2842,149,147,2,2
2843,117,123,-6,6
2844,92,106,-14,14
2845,74,90,-16,16
2846,156,152,4,4
2847,90,98,-8,8
2848,116,130,-14,14
2849,118,123,-5,5
2850,109,122,-13,13
2851,110,121,-11,11
2852,84,104,-20,20
2853,120,119,1,1
2854,145,149,-4,4
2855,64,83,-19,19
2856,95,123,-28,28
2857,54,72,-18,18
2858,109,119,-10,10
2859,81,92,-11,11
2860,74,88,-14,14
2861,123,136,-13,13
2862,88,104,-16,16
2863,153,156,-3,3
2864,119,135,-16,16
2865,100,112,-12,12
2866,91,99,-8,8
2867,85,88,-3,3
2868,72,83,-11,11
2869,137,136,1,1
2870,120,148,-28,28
2871,58,74,-16,16
2872,106,113,-7,7
2873,100,108,-8,8
2874,75,90,-15,15
2875,71,82,-11,11
2876,90,96,-6,6
2877,56,78,-22,22
2878,109,119,-10,10
2879,97,114,-17,17
2880,95,101,-6,6
2881,84,92,-8,8
2882,64,76,-12,12
2883,79,91,-12,12
2884,66,79,-13,13
2885,65,82,-17,17
2886,117,125,-8,8
2887,143,147,-4,4
2888,65,79,-14,14
2889,80,92,-12,12
2890,111,129,-18,18
2891,116,120,-4,4
2892,80,145,-65,65
2893,89,105,-16,16
2894,181,162,19,19
2895,95,102,-7,7
2896,81,92,-11,11
2897,172,151,21,21
2898,137,133,4,4
2899,83,93,-10,10
2900,98,109,-11,11
2901,131,133,-2,2
2902,75,90,-15,15
2903,160,153,7,7
2904,115,117,-2,2
2905,124,137,-13,13
2906,121,123,-2,2
2907,113,123,-10,10
2908,116,121,-5,5
2909,62,86,-24,24
2910,94,97,-3,3
2911,92,102,-10,10
2912,144,144,0,0
2913,37,107,-70,70
2914,65,85,-20,20
2915,159,168,-9,9
2916,76,84,-8,8
2917,116,126,-10,10
2918,79,87,-8,8
2919,89,114,-25,25
2920,79,95,-16,16
2921,100,118,-18,18
2922,92,99,-7,7
2923,90,98,-8,8
2924,53,69,-16,16
2925,97,115,-18,18
2926,148,147,1,1
2927,104,121,-17,17
2928,57,69,-12,12
2929,71,86,-15,15
2930,116,136,-20,20
2931,191,180,11,11
2932,122,128,-6,6
2933,60,80,-20,20
2934,125,155,-30,30
2935,69,91,-22,22
2936,98,111,-13,13
2937,131,129,2,2
2938,105,120,-15,15
2939,103,111,-8,8
2940,60,82,-22,22
2941,67,81,-14,14
2942,118,124,-6,6
2943,58,95,-37,37
2944,76,89,-13,13
2945,109,117,-8,8
2946,72,83,-11,11
2947,87,96,-9,9
2948,57,77,-20,20
2949,85,100,-15,15
2950,78,97,-19,19
2951,88,91,-3,3
2952,75,85,-10,10
2953,124,129,-5,5
2954,84,103,-19,19
2955,112,114,-2,2
2956,98,106,-8,8
2957,152,148,4,4
2958,54,69,-15,15
2959,121,130,-9,9
2960,164,153,11,11
2961,58,75,-17,17
2962,164,156,8,8
2963,47,71,-24,24
2964,163,162,1,1
2965,104,114,-10,10
2966,66,85,-19,19
2967,111,120,-9,9
2968,60,80,-20,20
2969,45,63,-18,18
2970,98,108,-10,10
2971,129,128,1,1
2972,94,105,-11,11
2973,100,115,-15,15
2974,88,101,-13,13
2975,79,95,-16,16
2976,73,91,-18,18
2977,125,132,-7,7
2978,91,104,-13,13
2979,102,117,-15,15
2980,137,141,-4,4
2981,186,179,7,7
2982,67,91,-24,24
2983,59,78,-19,19
2984,36,56,-20,20
2985,128,131,-3,3
2986,80,88,-8,8
2987,102,128,-26,26
2988,137,126,11,11
2989,58,64,-6,6
2990,94,111,-17,17
2991,90,99,-9,9
2992,110,113,-3,3
2993,101,121,-20,20
2994,78,93,-15,15
2995,121,115,6,6
2996,87,97,-10,10
2997,81,91,-10,10
2998,70,90,-20,20
2999,142,145,-3,3
3000,93,109,-16,16
3001,98,100,-2,2
3002,125,134,-9,9
3003,65,74,-9,9
3004,126,136,-10,10
3005,77,87,-10,10
3006,79,92,-13,13
3007,85,102,-17,17
3008,65,74,-9,9
3009,74,90,-16,16
3010,124,139,-15,15
3011,112,118,-6,6
3012,99,116,-17,17
3013,73,87,-14,14
3014,97,113,-16,16
3015,73,88,-15,15
3016,58,77,-19,19
3017,172,163,9,9
3018,91,106,-15,15
3019,67,86,-19,19
3020,100,117,-17,17
3021,110,122,-12,12
3022,58,77,-19,19
3023,96,115,-19,19
3024,69,95,-26,26
3025,91,103,-12,12
3026,64,85,-21,21
3027,71,92,-21,21
3028,49,83,-34,34
3029,88,107,-19,19
3030,147,135,12,12
3031,71,81,-10,10
3032,117,119,-2,2
3033,89,107,-18,18
3034,95,101,-6,6
3035,78,96,-18,18
3036,82,106,-24,24
3037,72,87,-15,15
3038,137,136,1,1
3039,122,148,-26,26
3040,115,119,-4,4
3041,120,123,-3,3
3042,119,129,-10,10
3043,84,97,-13,13
3044,88,94,-6,6
3045,60,76,-16,16
3046,115,124,-9,9
3047,81,92,-11,11
3048,136,148,-12,12
3049,85,104,-19,19
3050,100,118,-18,18
3051,118,129,-11,11
3052,109,115,-6,6
3053,61,89,-28,28
3054,105,114,-9,9
3055,206,183,23,23
3056,112,122,-10,10
3057,83,98,-15,15
3058,181,179,2,2
3059,151,147,4,4
3060,104,113,-9,9
3061,83,111,-28,28
3062,109,113,-4,4
3063,62,78,-16,16
3064,76,89,-13,13
3065,86,106,-20,20
3066,127,125,2,2
3067,83,94,-11,11
3068,122,119,3,3
3069,103,119,-16,16
3070,107,117,-10,10
3071,94,104,-10,10
3072,103,101,2,2
3073,72,81,-9,9
3074,66,84,-18,18
3075,70,98,-28,28
3076,54,65,-11,11
3077,57,82,-25,25
3078,165,162,3,3
3079,125,127,-2,2
3080,125,136,-11,11
3081,92,100,-8,8
3082,53,61,-8,8
3083,106,134,-28,28
3084,95,100,-5,5
3085,94,95,-1,1
3086,72,88,-16,16
3087,78,90,-12,12
3088,113,125,-12,12
3089,106,107,-1,1
3090,101,109,-8,8
3091,102,124,-22,22
3092,95,103,-8,8
3093,69,86,-17,17
3094,74,80,-6,6
3095,104,108,-4,4
3096,78,97,-19,19
3097,86,101,-15,15
3098,41,58,-17,17
3099,86,99,-13,13
3100,80,90,-10,10
3101,182,162,20,20
3102,83,97,-14,14
3103,65,75,-10,10
3104,81,88,-7,7
3105,159,152,7,7
3106,103,111,-8,8
3107,102,108,-6,6
3108,60,70,-10,10
3109,142,143,-1,1
3110,62,76,-14,14
3111,129,130,-1,1
3112,79,98,-19,19
3113,87,99,-12,12
3114,127,126,1,1
3115,56,76,-20,20
3116,94,118,-24,24
3117,90,105,-15,15
3118,62,83,-21,21
3119,60,80,-20,20
3120,110,141,-31,31
3121,98,113,-15,15
3122,58,79,-21,21
3123,88,99,-11,11
3124,35,52,-17,17
3125,138,144,-6,6
3126,73,90,-17,17
3127,99,96,3,3
3128,87,96,-9,9
3129,69,85,-16,16
3130,102,104,-2,2
3131,89,103,-14,14
3132,106,108,-2,2
3133,116,124,-8,8
3134,69,83,-14,14
3135,75,84,-9,9
3136,91,97,-6,6
3137,67,81,-14,14
3138,133,146,-13,13
3139,76,92,-16,16
3140,103,106,-3,3
3141,71,79,-8,8
3142,135,138,-3,3
3143,99,115,-16,16
3144,104,115,-11,11
3145,146,140,6,6
3146,57,67,-10,10
3147,108,126,-18,18
3148,82,90,-8,8
3149,106,107,-1,1
3150,110,123,-13,13
3151,98,109,-11,11
3152,62,72,-10,10
3153,102,115,-13,13
3154,130,136,-6,6
3155,108,108,0,0
3156,61,78,-17,17
3157,73,98,-25,25
3158,54,68,-14,14
3159,63,73,-10,10
3160,140,135,5,5
3161,47,126,-79,79
3162,68,89,-21,21
3163,134,132,2,2
3164,106,114,-8,8
3165,72,86,-14,14
3166,107,115,-8,8
3167,107,117,-10,10
3168,53,66,-13,13
3169,112,115,-3,3
3170,124,132,-8,8
3171,103,109,-6,6
3172,76,93,-17,17
3173,103,115,-12,12
3174,92,104,-12,12
3175,40,59,-19,19
3176,79,92,-13,13
3177,83,100,-17,17
3178,77,89,-12,12
3179,75,87,-12,12
3180,63,71,-8,8
3181,134,141,-7,7
3182,66,83,-17,17
3183,173,168,5,5
3184,100,102,-2,2
3185,119,118,1,1
3186,143,147,-4,4
3187,61,84,-23,23
3188,59,77,-18,18
3189,91,111,-20,20
3190,61,77,-16,16
3191,127,137,-10,10
3192,164,157,7,7
3193,81,91,-10,10
3194,136,141,-5,5
3195,73,96,-23,23
3196,72,88,-16,16
3197,82,94,-12,12
3198,79,93,-14,14
3199,70,86,-16,16
3200,95,101,-6,6
3201,63,78,-15,15
3202,67,85,-18,18
3203,127,136,-9,9
3204,107,115,-8,8
3205,58,76,-18,18
3206,91,106,-15,15
3207,60,70,-10,10
3208,94,113,-19,19
3209,90,94,-4,4
3210,49,71,-22,22
3211,94,126,-32,32
3212,68,74,-6,6
3213,86,91,-5,5
3214,107,108,-1,1
3215,54,74,-20,20
3216,88,96,-8,8
3217,69,91,-22,22
3218,85,94,-9,9
3219,99,108,-9,9
3220,116,134,-18,18
3221,113,118,-5,5
3222,42,69,-27,27
3223,36,54,-18,18
3224,52,72,-20,20
3225,88,95,-7,7
3226,62,80,-18,18
3227,87,91,-4,4
3228,97,120,-23,23
3229,94,106,-12,12
3230,113,120,-7,7
3231,168,156,12,12
3232,107,110,-3,3
3233,130,136,-6,6
3234,169,155,14,14
3235,84,99,-15,15
3236,151,135,16,16
3237,75,80,-5,5
3238,73,83,-10,10
3239,64,87,-23,23
3240,144,150,-6,6
3241,86,100,-14,14
3242,91,100,-9,9
3243,76,83,-7,7
3244,112,127,-15,15
3245,46,79,-33,33
3246,51,80,-29,29
3247,116,120,-4,4
3248,106,127,-21,21
3249,63,85,-22,22
3250,115,116,-1,1
3251,151,158,-7,7
3252,70,79,-9,9
3253,153,152,1,1
3254,66,74,-8,8
3255,95,110,-15,15
3256,71,84,-13,13
3257,75,91,-16,16
3258,83,91,-8,8
3259,75,84,-9,9
3260,111,107,4,4
3261,95,105,-10,10
3262,133,128,5,5
3263,56,63,-7,7
3264,42,66,-24,24
3265,61,79,-18,18
3266,72,88,-16,16
3267,60,76,-16,16
3268,95,100,-5,5
3269,115,132,-17,17
3270,101,115,-14,14
3271,65,83,-18,18
3272,100,119,-19,19
3273,69,85,-16,16
3274,81,92,-11,11
3275,82,99,-17,17
3276,107,113,-6,6
3277,112,130,-18,18
3278,99,106,-7,7
3279,75,89,-14,14
3280,161,152,9,9
3281,76,86,-10,10
3282,142,147,-5,5
3283,111,118,-7,7
3284,78,92,-14,14
3285,137,143,-6,6
3286,40,58,-18,18
3287,65,78,-13,13
3288,88,100,-12,12
3289,103,103,0,0
3290,143,161,-18,18
3291,37,51,-14,14
3292,65,74,-9,9
3293,90,96,-6,6
3294,97,100,-3,3
3295,107,112,-5,5
3296,104,125,-21,21
3297,151,144,7,7
3298,98,111,-13,13
3299,91,109,-18,18
3300,90,96,-6,6
3301,79,99,-20,20
3302,62,72,-10,10
3303,83,92,-9,9
3304,102,119,-17,17
3305,92,108,-16,16
3306,48,68,-20,20
3307,103,119,-16,16
3308,65,75,-10,10
3309,84,100,-16,16
3310,57,73,-16,16
3311,108,120,-12,12
3312,80,92,-12,12
3313,66,96,-30,30
3314,106,123,-17,17
3315,52,70,-18,18
3316,107,130,-23,23
3317,107,113,-6,6
3318,57,74,-17,17
3319,137,146,-9,9
3320,69,79,-10,10
3321,90,95,-5,5
3322,65,83,-18,18
3323,49,65,-16,16
3324,153,149,4,4
3325,119,121,-2,2
3326,75,89,-14,14
3327,160,153,7,7
3328,140,146,-6,6
3329,146,152,-6,6
3330,104,101,3,3
3331,94,110,-16,16
3332,60,66,-6,6
3333,118,112,6,6
3334,71,87,-16,16
3335,66,83,-17,17
3336,183,161,22,22
3337,103,102,1,1
3338,119,123,-4,4
3339,107,128,-21,21
3340,92,99,-7,7
3341,89,106,-17,17
3342,116,124,-8,8
3343,84,91,-7,7
3344,118,131,-13,13
3345,52,71,-19,19
3346,75,96,-21,21
3347,163,156,7,7
3348,96,110,-14,14
3349,104,121,-17,17
3350,135,147,-12,12
3351,78,96,-18,18
3352,127,127,0,0
3353,96,107,-11,11
3354,123,117,6,6
3355,119,122,-3,3
3356,83,98,-15,15
3357,107,120,-13,13
3358,96,97,-1,1
3359,105,116,-11,11
3360,142,137,5,5
3361,67,89,-22,22
3362,67,88,-21,21
3363,126,133,-7,7
3364,59,76,-17,17
3365,59,74,-15,15
3366,74,85,-11,11
3367,87,99,-12,12
3368,69,82,-13,13
3369,66,81,-15,15
3370,117,116,1,1
3371,186,175,11,11
3372,63,81,-18,18
3373,125,133,-8,8
3374,87,95,-8,8
3375,97,111,-14,14
3376,96,105,-9,9
3377,49,62,-13,13
3378,105,122,-17,17
3379,48,63,-15,15
3380,111,117,-6,6
3381,98,113,-15,15
3382,123,121,2,2
3383,74,80,-6,6
3384,55,69,-14,14
3385,124,130,-6,6
3386,151,149,2,2
3387,54,68,-14,14
3388,44,61,-17,17
3389,78,98,-20,20
3390,141,149,-8,8
3391,85,100,-15,15
3392,40,72,-32,32
3393,77,90,-13,13
3394,104,112,-8,8
3395,71,82,-11,11
3396,94,109,-15,15
3397,98,117,-19,19
3398,56,74,-18,18
3399,64,82,-18,18
3400,107,116,-9,9
3401,58,77,-19,19
3402,40,61,-21,21
3403,107,104,3,3
3404,110,118,-8,8
3405,124,123,1,1
3406,100,103,-3,3
3407,88,104,-16,16
3408,131,122,9,9
3409,93,100,-7,7
3410,134,139,-5,5
3411,81,102,-21,21
3412,81,97,-16,16
3413,84,100,-16,16
3414,86,97,-11,11
3415,152,154,-2,2
3416,64,77,-13,13
3417,73,91,-18,18
3418,118,132,-14,14
3419,73,85,-12,12
3420,88,91,-3,3
3421,112,130,-18,18
3422,141,144,-3,3
3423,150,154,-4,4
3424,105,113,-8,8
3425,163,153,10,10
3426,29,55,-26,26
3427,94,104,-10,10
3428,67,84,-17,17
3429,98,126,-28,28
3430,89,100,-11,11
3431,106,113,-7,7
3432,100,111,-11,11
3433,107,106,1,1
3434,64,82,-18,18
3435,45,67,-22,22
3436,77,96,-19,19
3437,144,140,4,4
3438,103,112,-9,9
3439,67,132,-65,65
3440,38,55,-17,17
3441,116,124,-8,8
3442,102,117,-15,15
3443,119,126,-7,7
3444,88,101,-13,13
3445,111,117,-6,6
3446,48,62,-14,14
3447,131,122,9,9
3448,86,101,-15,15
3449,76,90,-14,14
3450,80,97,-17,17
3451,99,109,-10,10
3452,132,134,-2,2
3453,91,115,-24,24
3454,105,119,-14,14
3455,159,160,-1,1
3456,117,121,-4,4
3457,142,148,-6,6
3458,69,77,-8,8
3459,79,87,-8,8
3460,134,147,-13,13
3461,101,105,-4,4
3462,94,105,-11,11
3463,97,125,-28,28
3464,112,111,1,1
3465,70,82,-12,12
3466,139,141,-2,2
3467,120,123,-3,3
3468,93,109,-16,16
3469,70,86,-16,16
3470,77,88,-11,11
3471,91,101,-10,10
3472,57,69,-12,12
3473,75,97,-22,22
3474,64,80,-16,16
3475,88,100,-12,12
3476,90,104,-14,14
3477,82,99,-17,17
3478,54,72,-18,18
3479,101,110,-9,9
3480,102,117,-15,15
3481,92,104,-12,12
3482,77,87,-10,10
3483,76,91,-15,15
3484,109,135,-26,26
3485,48,68,-20,20
3486,86,97,-11,11
3487,91,103,-12,12
3488,60,68,-8,8
3489,117,128,-11,11
3490,121,131,-10,10
3491,129,144,-15,15
3492,90,107,-17,17
3493,106,98,8,8
3494,80,87,-7,7
3495,129,122,7,7
3496,65,77,-12,12
3497,48,66,-18,18
3498,104,113,-9,9
3499,72,81,-9,9
3500,69,84,-15,15
3501,115,118,-3,3
3502,147,161,-14,14
3503,83,98,-15,15
3504,96,109,-13,13
3505,83,93,-10,10
3506,106,114,-8,8
3507,83,99,-16,16
3508,94,96,-2,2
3509,101,98,3,3
3510,112,123,-11,11
3511,56,75,-19,19
3512,106,117,-11,11
3513,93,102,-9,9
3514,83,101,-18,18
3515,60,78,-18,18
3516,116,121,-5,5
3517,127,121,6,6
3518,65,86,-21,21
3519,134,143,-9,9
3520,45,73,-28,28
3521,74,92,-18,18
3522,107,119,-12,12
3523,97,109,-12,12
3524,145,147,-2,2
3525,101,113,-12,12
3526,104,102,2,2
3527,90,102,-12,12
3528,98,111,-13,13
3529,107,121,-14,14
3530,66,84,-18,18
3531,76,98,-22,22
3532,39,55,-16,16
3533,89,99,-10,10
3534,47,65,-18,18
3535,68,93,-25,25
3536,47,64,-17,17
3537,194,164,30,30
3538,107,127,-20,20
3539,155,151,4,4
3540,163,154,9,9
3541,93,104,-11,11
3542,124,134,-10,10
3543,28,47,-19,19
3544,101,120,-19,19
3545,70,84,-14,14
3546,61,80,-19,19
3547,92,96,-4,4
3548,78,99,-21,21
3549,51,71,-20,20
3550,99,107,-8,8
3551,95,104,-9,9
3552,137,132,5,5
3553,90,97,-7,7
3554,84,104,-20,20
3555,72,91,-19,19
3556,83,102,-19,19
3557,94,105,-11,11
3558,86,96,-10,10
3559,86,92,-6,6
3560,87,102,-15,15
3561,104,123,-19,19
3562,58,75,-17,17
3563,50,79,-29,29
3564,44,64,-20,20
3565,83,95,-12,12
3566,97,101,-4,4
3567,146,140,6,6
3568,147,141,6,6
3569,107,116,-9,9
3570,117,116,1,1
3571,152,156,-4,4
3572,130,129,1,1
3573,157,149,8,8
3574,268,240,28,28
3575,90,94,-4,4
3576,101,116,-15,15
3577,73,86,-13,13
3578,120,132,-12,12
3579,86,97,-11,11
3580,144,138,6,6
3581,97,104,-7,7
3582,93,100,-7,7
3583,49,65,-16,16
3584,97,109,-12,12
3585,99,100,-1,1
3586,63,76,-13,13
3587,135,134,1,1
3588,66,81,-15,15
3589,71,85,-14,14
3590,74,86,-12,12
3591,160,150,10,10
3592,52,79,-27,27
3593,84,89,-5,5
3594,127,142,-15,15
3595,82,93,-11,11
3596,80,96,-16,16
3597,108,119,-11,11
3598,104,120,-16,16
3599,106,105,1,1
3600,154,150,4,4
3601,54,71,-17,17
3602,91,112,-21,21
3603,115,136,-21,21
3604,98,114,-16,16
3605,117,125,-8,8
3606,46,62,-16,16
3607,93,106,-13,13
3608,50,69,-19,19
3609,110,151,-41,41
3610,101,109,-8,8
3611,121,118,3,3
3612,129,141,-12,12
3613,123,120,3,3
3614,55,85,-30,30
3615,97,95,2,2
3616,102,114,-12,12
3617,127,145,-18,18
3618,66,79,-13,13
3619,75,89,-14,14
3620,125,143,-18,18
3621,75,84,-9,9
3622,137,149,-12,12
3623,76,89,-13,13
3624,80,82,-2,2
3625,93,105,-12,12
3626,213,207,6,6
3627,73,88,-15,15
3628,99,106,-7,7
3629,152,149,3,3
3630,110,121,-11,11
3631,53,74,-21,21
3632,83,98,-15,15
3633,94,109,-15,15
3634,60,76,-16,16
3635,150,148,2,2
3636,146,142,4,4
3637,156,162,-6,6
3638,99,108,-9,9
3639,66,79,-13,13
3640,85,89,-4,4
3641,68,98,-30,30
3642,174,155,19,19
3643,112,111,1,1
3644,102,114,-12,12
3645,96,105,-9,9
3646,123,128,-5,5
3647,62,82,-20,20
3648,42,62,-20,20
3649,84,93,-9,9
3650,99,126,-27,27
3651,96,112,-16,16
3652,94,100,-6,6
3653,88,98,-10,10
3654,113,116,-3,3
3655,136,146,-10,10
3656,51,71,-20,20
3657,82,98,-16,16
3658,103,103,0,0
3659,109,113,-4,4
3660,39,61,-22,22
3661,66,75,-9,9
3662,68,79,-11,11
3663,97,104,-7,7
3664,85,96,-11,11
3665,123,127,-4,4
3666,134,144,-10,10
3667,171,160,11,11
3668,88,108,-20,20
3669,83,88,-5,5
3670,52,72,-20,20
3671,90,98,-8,8
3672,75,86,-11,11
3673,80,92,-12,12
3674,85,94,-9,9
3675,113,136,-23,23
3676,85,84,1,1
3677,124,128,-4,4
3678,126,128,-2,2
3679,136,133,3,3
3680,111,117,-6,6
3681,122,124,-2,2
3682,84,94,-10,10
3683,53,70,-17,17
3684,83,94,-11,11
3685,132,140,-8,8
3686,133,141,-8,8
3687,96,100,-4,4
3688,53,69,-16,16
3689,87,109,-22,22
3690,63,75,-12,12
3691,92,93,-1,1
3692,73,92,-19,19
3693,142,140,2,2
3694,93,94,-1,1
3695,69,82,-13,13
3696,59,74,-15,15
3697,120,134,-14,14
3698,52,67,-15,15
3699,50,66,-16,16
3700,80,103,-23,23
3701,68,83,-15,15
3702,73,89,-16,16
3703,245,205,40,40
3704,147,150,-3,3
3705,75,88,-13,13
3706,59,79,-20,20
3707,84,94,-10,10
3708,92,101,-9,9
3709,146,146,0,0
3710,183,179,4,4
3711,64,80,-16,16
3712,101,100,1,1
3713,102,115,-13,13
3714,117,123,-6,6
3715,178,170,8,8
3716,143,135,8,8
3717,68,89,-21,21
3718,90,99,-9,9
3719,48,62,-14,14
3720,74,88,-14,14
3721,63,73,-10,10
3722,74,89,-15,15
3723,83,99,-16,16
3724,89,105,-16,16
3725,112,117,-5,5
3726,89,107,-18,18
3727,71,80,-9,9
3728,72,87,-15,15
3729,66,80,-14,14
3730,173,165,8,8
3731,139,146,-7,7
3732,94,114,-20,20
3733,48,67,-19,19
3734,102,117,-15,15
3735,69,83,-14,14
3736,67,78,-11,11
3737,91,104,-13,13
3738,109,122,-13,13
3739,39,64,-25,25
3740,146,147,-1,1
3741,103,114,-11,11
3742,149,152,-3,3
3743,78,82,-4,4
3744,78,94,-16,16
3745,76,80,-4,4
3746,81,94,-13,13
3747,155,153,2,2
3748,76,94,-18,18
3749,113,117,-4,4
3750,87,96,-9,9
3751,81,86,-5,5
3752,82,102,-20,20
3753,107,121,-14,14
3754,148,149,-1,1
3755,57,79,-22,22
3756,73,86,-13,13
3757,112,116,-4,4
3758,48,66,-18,18
3759,77,99,-22,22
3760,142,139,3,3
3761,142,138,4,4
3762,122,133,-11,11
3763,67,75,-8,8
3764,132,128,4,4
3765,134,150,-16,16
3766,96,103,-7,7
3767,70,84,-14,14
3768,84,95,-11,11
3769,108,110,-2,2
3770,159,153,6,6
3771,114,130,-16,16
3772,71,86,-15,15
3773,88,109,-21,21
3774,95,101,-6,6
3775,36,53,-17,17
3776,99,111,-12,12
3777,54,70,-16,16
3778,148,148,0,0
3779,75,80,-5,5
3780,64,91,-27,27
3781,170,161,9,9
3782,176,160,16,16
3783,143,137,6,6
3784,108,110,-2,2
3785,94,164,-70,70
3786,102,124,-22,22
3787,92,110,-18,18
3788,132,143,-11,11
3789,84,98,-14,14
3790,152,151,1,1
3791,94,96,-2,2
3792,103,114,-11,11
3793,122,132,-10,10
3794,79,97,-18,18
3795,81,82,-1,1
3796,81,97,-16,16
3797,65,74,-9,9
3798,90,90,0,0
3799,85,96,-11,11
3800,74,88,-14,14
3801,110,115,-5,5
3802,62,87,-25,25
3803,132,140,-8,8
3804,94,108,-14,14
3805,77,85,-8,8
3806,69,94,-25,25
3807,90,101,-11,11
3808,58,75,-17,17
3809,101,115,-14,14
3810,72,93,-21,21
3811,49,80,-31,31
3812,120,134,-14,14
3813,60,82,-22,22
3814,140,153,-13,13
3815,53,69,-16,16
3816,66,82,-16,16
3817,60,76,-16,16
3818,103,116,-13,13
3819,92,105,-13,13
3820,158,145,13,13
3821,71,111,-40,40
3822,73,92,-19,19
3823,66,85,-19,19
3824,149,149,0,0
3825,146,148,-2,2
3826,68,77,-9,9
3827,108,117,-9,9
3828,54,73,-19,19
3829,70,83,-13,13
3830,98,111,-13,13
3831,112,122,-10,10
3832,64,79,-15,15
3833,96,110,-14,14
3834,124,141,-17,17
3835,73,88,-15,15
3836,75,88,-13,13
3837,97,104,-7,7
3838,100,112,-12,12
3839,153,166,-13,13
3840,145,150,-5,5
3841,98,100,-2,2
3842,114,115,-1,1
3843,111,112,-1,1
3844,68,92,-24,24
3845,60,78,-18,18
3846,87,115,-28,28
3847,74,81,-7,7
3848,54,73,-19,19
3849,77,88,-11,11
3850,63,76,-13,13
3851,120,121,-1,1
3852,107,107,0,0
3853,75,91,-16,16
3854,96,110,-14,14
3855,50,62,-12,12
3856,152,147,5,5
3857,133,137,-4,4
3858,140,148,-8,8
3859,63,80,-17,17
3860,82,100,-18,18
3861,101,124,-23,23
3862,78,89,-11,11
3863,101,107,-6,6
3864,74,85,-11,11
3865,104,111,-7,7
3866,97,109,-12,12
3867,55,83,-28,28
3868,166,158,8,8
3869,110,107,3,3
3870,76,108,-32,32
3871,81,96,-15,15
3872,128,132,-4,4
3873,108,112,-4,4
3874,68,79,-11,11
3875,86,99,-13,13
3876,79,93,-14,14
3877,65,79,-14,14
3878,148,149,-1,1
3879,165,151,14,14
3880,96,112,-16,16
3881,61,75,-14,14
3882,86,91,-5,5
3883,65,78,-13,13
3884,124,142,-18,18
3885,94,104,-10,10
3886,55,72,-17,17
3887,71,81,-10,10
3888,132,127,5,5
3889,55,72,-17,17
3890,97,122,-25,25
3891,96,113,-17,17
3892,101,106,-5,5
3893,100,99,1,1
3894,78,86,-8,8
3895,132,143,-11,11
3896,73,89,-16,16
3897,93,95,-2,2
3898,51,62,-11,11
3899,136,142,-6,6
3900,80,84,-4,4
3901,159,162,-3,3
3902,151,148,3,3
3903,64,76,-12,12
3904,75,89,-14,14
3905,151,139,12,12
3906,72,90,-18,18
3907,113,112,1,1
3908,88,105,-17,17
3909,93,97,-4,4
3910,62,84,-22,22
3911,59,81,-22,22
3912,104,112,-8,8
3913,133,136,-3,3
3914,66,90,-24,24
3915,90,111,-21,21
3916,98,102,-4,4
3917,181,148,33,33
3918,68,76,-8,8
3919,81,89,-8,8
3920,148,148,0,0
3921,92,96,-4,4
3922,109,115,-6,6
3923,176,167,9,9
3924,236,203,33,33
3925,112,114,-2,2
3926,74,88,-14,14
3927,82,83,-1,1
3928,78,91,-13,13
3929,83,100,-17,17
3930,89,104,-15,15
3931,95,109,-14,14
3932,177,164,13,13
3933,53,77,-24,24
3934,94,114,-20,20
3935,104,114,-10,10
3936,63,79,-16,16
3937,94,102,-8,8
3938,95,106,-11,11
3939,122,123,-1,1
3940,135,139,-4,4
3941,170,151,19,19
3942,104,125,-21,21
3943,153,154,-1,1
3944,70,115,-45,45
3945,124,125,-1,1
3946,81,92,-11,11
3947,143,144,-1,1
3948,86,108,-22,22
3949,87,97,-10,10
3950,92,106,-14,14
3951,111,116,-5,5
3952,73,89,-16,16
3953,83,88,-5,5
3954,117,124,-7,7
3955,92,102,-10,10
3956,70,89,-19,19
3957,107,116,-9,9
3958,62,81,-19,19
3959,96,103,-7,7
3960,93,105,-12,12
3961,50,74,-24,24
3962,61,75,-14,14
3963,118,129,-11,11
3964,117,123,-6,6
3965,116,120,-4,4
3966,183,164,19,19
3967,56,80,-24,24
3968,67,79,-12,12
3969,81,86,-5,5
3970,117,120,-3,3
3971,98,106,-8,8
3972,63,75,-12,12
3973,62,75,-13,13
3974,84,105,-21,21
3975,156,151,5,5
3976,105,108,-3,3
3977,89,95,-6,6
3978,132,140,-8,8
3979,106,119,-13,13
3980,111,126,-15,15
3981,150,149,1,1
3982,95,114,-19,19
3983,20,50,-30,30
3984,99,111,-12,12
3985,103,113,-10,10
3986,73,98,-25,25
3987,83,97,-14,14
3988,69,83,-14,14
3989,130,137,-7,7
3990,106,112,-6,6
3991,104,105,-1,1
3992,125,140,-15,15
3993,121,109,12,12
3994,190,174,16,16
3995,116,127,-11,11
3996,87,115,-28,28
3997,71,88,-17,17
3998,71,91,-20,20
3999,146,152,-6,6
4000,97,112,-15,15
4001,98,108,-10,10
4002,127,140,-13,13
4003,74,89,-15,15
4004,47,70,-23,23
4005,92,104,-12,12
4006,82,87,-5,5
4007,118,118,0,0
4008,137,129,8,8
4009,101,107,-6,6
4010,51,70,-19,19
4011,88,110,-22,22
4012,177,155,22,22
4013,82,92,-10,10
4014,90,105,-15,15
4015,99,105,-6,6
4016,83,99,-16,16
4017,104,117,-13,13
4018,83,89,-6,6
4019,57,86,-29,29
4020,155,152,3,3
4021,107,114,-7,7
4022,72,86,-14,14
4023,72,87,-15,15
4024,102,112,-10,10
4025,90,99,-9,9
4026,111,112,-1,1
4027,123,124,-1,1
4028,46,62,-16,16
4029,81,91,-10,10
4030,95,93,2,2
4031,125,131,-6,6
4032,105,109,-4,4
4033,74,88,-14,14
4034,166,154,12,12
4035,96,104,-8,8
4036,70,85,-15,15
4037,56,70,-14,14
4038,66,77,-11,11
4039,85,99,-14,14
4040,46,62,-16,16
4041,47,82,-35,35
4042,68,87,-19,19
4043,130,140,-10,10
4044,141,147,-6,6
4045,95,104,-9,9
4046,111,110,1,1
4047,50,68,-18,18
4048,111,123,-12,12
4049,100,115,-15,15
4050,72,81,-9,9
4051,80,94,-14,14
4052,120,121,-1,1
4053,180,166,14,14
4054,39,61,-22,22
4055,103,122,-19,19
4056,95,104,-9,9
4057,146,152,-6,6
4058,110,115,-5,5
4059,48,58,-10,10
4060,83,115,-32,32
4061,66,96,-30,30
4062,86,101,-15,15
4063,79,90,-11,11
4064,113,129,-16,16
4065,114,120,-6,6
4066,86,90,-4,4
4067,165,158,7,7
4068,69,92,-23,23
4069,124,132,-8,8
4070,103,120,-17,17
4071,76,78,-2,2
4072,118,123,-5,5
4073,157,151,6,6
4074,107,117,-10,10
4075,170,150,20,20
4076,58,73,-15,15
4077,59,78,-19,19
4078,124,125,-1,1
4079,142,135,7,7
4080,105,131,-26,26
4081,116,123,-7,7
4082,140,144,-4,4
4083,92,101,-9,9
4084,130,142,-12,12
4085,113,121,-8,8
4086,129,147,-18,18
4087,73,92,-19,19
4088,100,110,-10,10
4089,87,107,-20,20
4090,75,81,-6,6
4091,87,102,-15,15
4092,113,110,3,3
4093,64,80,-16,16
4094,83,92,-9,9
4095,75,91,-16,16
4096,124,137,-13,13
4097,87,94,-7,7
4098,63,80,-17,17
4099,78,88,-10,10
4100,86,100,-14,14
4101,104,120,-16,16
4102,95,113,-18,18
4103,119,135,-16,16
4104,99,115,-16,16
4105,54,72,-18,18
4106,73,85,-12,12
4107,71,86,-15,15
4108,83,95,-12,12
4109,182,153,29,29
4110,74,99,-25,25
4111,133,138,-5,5
4112,80,88,-8,8
4113,98,117,-19,19
4114,98,112,-14,14
4115,96,104,-8,8
4116,84,87,-3,3
4117,199,192,7,7
4118,153,148,5,5
4119,121,142,-21,21
4120,104,127,-23,23
4121,79,96,-17,17
4122,109,110,-1,1
4123,74,92,-18,18
4124,48,70,-22,22
4125,127,131,-4,4
4126,77,93,-16,16
4127,57,78,-21,21
4128,88,93,-5,5
4129,76,80,-4,4
4130,120,128,-8,8
4131,86,103,-17,17
4132,62,85,-23,23
4133,60,75,-15,15
4134,83,92,-9,9
4135,90,102,-12,12
4136,69,82,-13,13
4137,65,78,-13,13
4138,97,106,-9,9
4139,107,112,-5,5
4140,131,142,-11,11
4141,118,121,-3,3
4142,107,144,-37,37
4143,72,90,-18,18
4144,153,150,3,3
4145,83,95,-12,12
4146,55,72,-17,17
4147,106,115,-9,9
4148,97,119,-22,22
4149,176,164,12,12
4150,139,139,0,0
4151,84,110,-26,26
4152,112,113,-1,1
4153,58,82,-24,24
4154,119,123,-4,4
4155,75,86,-11,11
4156,155,154,1,1
4157,71,77,-6,6
4158,150,147,3,3
4159,94,104,-10,10
4160,54,75,-21,21
4161,70,84,-14,14
4162,125,127,-2,2
4163,36,47,-11,11
4164,78,94,-16,16
4165,96,104,-8,8
4166,100,107,-7,7
4167,106,113,-7,7
4168,129,128,1,1
4169,39,57,-18,18
4170,44,61,-17,17
4171,97,104,-7,7
4172,80,100,-20,20
4173,52,69,-17,17
4174,102,112,-10,10
4175,101,107,-6,6
4176,90,102,-12,12
4177,151,150,1,1
4178,82,91,-9,9
4179,117,124,-7,7
4180,63,92,-29,29
4181,135,139,-4,4
4182,71,80,-9,9
4183,96,118,-22,22
4184,123,127,-4,4
4185,75,85,-10,10
4186,60,78,-18,18
4187,103,116,-13,13
4188,59,73,-14,14
4189,116,139,-23,23
4190,92,102,-10,10
4191,76,86,-10,10
4192,53,65,-12,12
4193,107,122,-15,15
4194,70,84,-14,14
4195,101,108,-7,7
4196,88,97,-9,9
4197,84,96,-12,12
4198,26,69,-43,43
4199,107,118,-11,11
4200,121,127,-6,6
4201,66,82,-16,16
4202,75,95,-20,20
4203,140,150,-10,10
4204,87,98,-11,11
4205,57,68,-11,11
4206,100,105,-5,5
4207,183,160,23,23
4208,131,145,-14,14
4209,98,135,-37,37
4210,70,86,-16,16
4211,80,91,-11,11
4212,112,125,-13,13
4213,164,166,-2,2
4214,112,116,-4,4
4215,49,65,-16,16
4216,69,87,-18,18
4217,64,86,-22,22
4218,78,97,-19,19
4219,116,136,-20,20
4220,113,115,-2,2
4221,123,134,-11,11
4222,101,116,-15,15
4223,100,116,-16,16
4224,84,94,-10,10
4225,114,117,-3,3
4226,109,109,0,0
4227,52,66,-14,14
4228,115,117,-2,2
4229,106,116,-10,10
4230,93,103,-10,10
4231,69,90,-21,21
4232,149,148,1,1
4233,87,100,-13,13
4234,103,112,-9,9
4235,106,121,-15,15
4236,76,106,-30,30
4237,124,142,-18,18
4238,115,131,-16,16
4239,82,91,-9,9
4240,152,153,-1,1
4241,138,143,-5,5
4242,196,178,18,18
4243,133,124,9,9
4244,146,148,-2,2
4245,105,121,-16,16
4246,92,112,-20,20
4247,71,81,-10,10
4248,97,112,-15,15
4249,70,89,-19,19
4250,107,125,-18,18
4251,80,93,-13,13
4252,63,99,-36,36
4253,75,85,-10,10
4254,75,89,-14,14
4255,75,89,-14,14
4256,104,107,-3,3
4257,152,147,5,5
4258,71,81,-10,10
4259,107,115,-8,8
4260,161,153,8,8
4261,71,87,-16,16
4262,91,94,-3,3
4263,98,103,-5,5
4264,108,117,-9,9
4265,78,90,-12,12
4266,116,132,-16,16
4267,108,112,-4,4
4268,81,94,-13,13
4269,65,85,-20,20
4270,111,121,-10,10
4271,70,82,-12,12
4272,55,72,-17,17
4273,102,109,-7,7
4274,102,114,-12,12
4275,56,74,-18,18
4276,100,100,0,0
4277,47,62,-15,15
4278,145,143,2,2
4279,108,114,-6,6
4280,143,147,-4,4
4281,123,129,-6,6
4282,172,159,13,13
4283,60,78,-18,18
4284,105,110,-5,5
4285,46,64,-18,18
4286,80,84,-4,4
4287,114,128,-14,14
4288,189,175,14,14
4289,82,86,-4,4
4290,126,134,-8,8
4291,157,148,9,9
4292,147,167,-20,20
4293,27,82,-55,55
4294,79,90,-11,11
4295,75,91,-16,16
4296,65,78,-13,13
4297,68,78,-10,10
4298,126,128,-2,2
4299,133,142,-9,9
4300,101,106,-5,5
4301,80,91,-11,11
4302,103,108,-5,5
4303,95,104,-9,9
4304,103,113,-10,10
4305,113,119,-6,6
4306,42,60,-18,18
4307,85,99,-14,14
4308,82,94,-12,12
4309,104,116,-12,12
4310,85,90,-5,5
4311,107,106,1,1
4312,78,87,-9,9
4313,66,77,-11,11
4314,108,117,-9,9
4315,90,113,-23,23
4316,88,102,-14,14
4317,59,73,-14,14
4318,79,90,-11,11
4319,69,88,-19,19
4320,135,139,-4,4
4321,96,123,-27,27
4322,148,149,-1,1
4323,31,53,-22,22
4324,65,99,-34,34
4325,86,94,-8,8
4326,47,64,-17,17
4327,83,91,-8,8
4328,170,175,-5,5
4329,63,81,-18,18
4330,110,118,-8,8
4331,182,166,16,16
4332,141,147,-6,6
4333,94,108,-14,14
4334,81,94,-13,13
4335,87,101,-14,14
4336,131,140,-9,9
4337,117,117,0,0
4338,64,73,-9,9
4339,150,161,-11,11
4340,93,113,-20,20
4341,88,99,-11,11
4342,90,105,-15,15
4343,86,98,-12,12
4344,96,119,-23,23
4345,173,159,14,14
4346,104,111,-7,7
4347,44,66,-22,22
4348,81,87,-6,6
4349,71,79,-8,8
4350,77,81,-4,4
4351,82,86,-4,4
4352,196,178,18,18
4353,126,134,-8,8
4354,100,111,-11,11
4355,159,150,9,9
4356,61,85,-24,24
4357,54,70,-16,16
4358,73,80,-7,7
4359,73,91,-18,18
4360,88,92,-4,4
4361,136,140,-4,4
4362,94,107,-13,13
4363,164,175,-11,11
4364,100,116,-16,16
4365,126,130,-4,4
4366,50,68,-18,18
4367,79,97,-18,18
4368,94,126,-32,32
4369,110,128,-18,18
4370,144,145,-1,1
4371,62,73,-11,11
4372,92,107,-15,15
4373,59,76,-17,17
4374,279,227,52,52
4375,149,147,2,2
4376,61,88,-27,27
4377,72,103,-31,31
4378,64,83,-19,19
4379,142,145,-3,3
4380,56,71,-15,15
4381,140,148,-8,8
4382,221,194,27,27
4383,111,115,-4,4
4384,93,100,-7,7
4385,110,123,-13,13
4386,83,85,-2,2
4387,65,89,-24,24
4388,154,152,2,2
4389,92,103,-11,11
4390,144,142,2,2
4391,102,110,-8,8
4392,131,132,-1,1
4393,98,103,-5,5
4394,104,109,-5,5
4395,95,109,-14,14
4396,108,121,-13,13
4397,89,99,-10,10
4398,139,149,-10,10
4399,116,122,-6,6
4400,58,76,-18,18
4401,140,147,-7,7
4402,89,100,-11,11
4403,103,115,-12,12
4404,67,104,-37,37
4405,62,77,-15,15
4406,162,157,5,5
4407,77,89,-12,12
4408,99,109,-10,10
4409,92,92,0,0
4410,105,119,-14,14
4411,99,107,-8,8
4412,82,106,-24,24
4413,139,141,-2,2
4414,99,107,-8,8
4415,82,95,-13,13
4416,95,109,-14,14
4417,101,108,-7,7
4418,85,101,-16,16
4419,102,116,-14,14
4420,133,145,-12,12
4421,76,87,-11,11
4422,126,132,-6,6
4423,101,110,-9,9
4424,119,116,3,3
4425,152,154,-2,2
4426,136,132,4,4
4427,87,99,-12,12
4428,116,121,-5,5
4429,60,78,-18,18
4430,96,107,-11,11
4431,76,91,-15,15
4432,128,129,-1,1
4433,85,96,-11,11
4434,84,101,-17,17
4435,153,145,8,8
4436,72,80,-8,8
4437,73,78,-5,5
4438,108,107,1,1
4439,73,83,-10,10
4440,94,104,-10,10
4441,86,96,-10,10
4442,89,100,-11,11
4443,56,73,-17,17
4444,195,176,19,19
4445,70,85,-15,15
4446,64,79,-15,15
4447,96,101,-5,5
4448,103,119,-16,16
4449,131,136,-5,5
4450,93,100,-7,7
4451,122,131,-9,9
4452,54,70,-16,16
4453,67,90,-23,23
4454,66,74,-8,8
4455,110,123,-13,13
4456,108,113,-5,5
4457,119,130,-11,11
4458,80,85,-5,5
4459,60,80,-20,20
4460,88,99,-11,11
4461,123,119,4,4
4462,59,76,-17,17
4463,103,105,-2,2
4464,93,106,-13,13
4465,90,100,-10,10
4466,157,152,5,5
4467,94,103,-9,9
4468,79,84,-5,5
4469,131,139,-8,8
4470,50,76,-26,26
4471,111,118,-7,7
4472,106,119,-13,13
4473,104,112,-8,8
4474,94,112,-18,18
4475,71,80,-9,9
4476,168,151,17,17
4477,102,125,-23,23
4478,58,79,-21,21
4479,49,65,-16,16
4480,96,102,-6,6
4481,74,92,-18,18
4482,135,143,-8,8
4483,171,156,15,15
4484,70,85,-15,15
4485,118,132,-14,14
4486,90,91,-1,1
4487,101,126,-25,25
4488,97,107,-10,10
4489,107,110,-3,3
4490,87,94,-7,7
4491,43,62,-19,19
4492,79,88,-9,9
4493,106,112,-6,6
4494,39,56,-17,17
4495,178,158,20,20
4496,74,91,-17,17
4497,36,55,-19,19
4498,68,82,-14,14
4499,114,117,-3,3
4500,80,94,-14,14
4501,109,130,-21,21
4502,128,129,-1,1
4503,87,112,-25,25
4504,110,112,-2,2
4505,100,112,-12,12
4506,128,137,-9,9
4507,136,147,-11,11
4508,129,142,-13,13
4509,122,130,-8,8
4510,102,108,-6,6
4511,109,115,-6,6
4512,58,80,-22,22
4513,122,128,-6,6
4514,90,102,-12,12
4515,57,67,-10,10
4516,107,112,-5,5
4517,168,159,9,9
4518,98,110,-12,12
4519,120,123,-3,3
4520,74,88,-14,14
4521,88,99,-11,11
4522,96,99,-3,3
4523,64,90,-26,26
4524,55,70,-15,15
4525,94,101,-7,7
4526,148,149,-1,1
4527,92,115,-23,23
4528,95,115,-20,20
4529,110,116,-6,6
4530,83,87,-4,4
4531,139,145,-6,6
4532,108,105,3,3
4533,78,90,-12,12
4534,78,92,-14,14
4535,98,107,-9,9
4536,104,113,-9,9
4537,68,78,-10,10
4538,103,118,-15,15
4539,66,74,-8,8
4540,100,109,-9,9
4541,123,131,-8,8
4542,74,93,-19,19
4543,136,137,-1,1
4544,47,63,-16,16
4545,92,102,-10,10
4546,122,121,1,1
4547,125,141,-16,16
4548,122,120,2,2
4549,61,74,-13,13
4550,82,114,-32,32
4551,112,120,-8,8
4552,48,74,-26,26
4553,146,153,-7,7
4554,67,72,-5,5
4555,115,121,-6,6
4556,165,162,3,3
4557,87,107,-20,20
4558,40,59,-19,19
4559,55,63,-8,8
4560,127,127,0,0
4561,70,87,-17,17
4562,99,118,-19,19
4563,45,66,-21,21
4564,95,101,-6,6
4565,80,93,-13,13
4566,47,67,-20,20
4567,99,122,-23,23
4568,118,129,-11,11
4569,104,113,-9,9
4570,75,93,-18,18
4571,90,96,-6,6
4572,82,91,-9,9
4573,163,152,11,11
4574,93,104,-11,11
4575,166,173,-7,7
4576,69,90,-21,21
4577,122,140,-18,18
4578,148,152,-4,4
4579,56,70,-14,14
4580,66,77,-11,11
4581,83,106,-23,23
4582,63,74,-11,11
4583,108,119,-11,11
4584,123,119,4,4
4585,161,164,-3,3
4586,83,116,-33,33
4587,49,63,-14,14
4588,78,89,-11,11
4589,101,114,-13,13
4590,38,61,-23,23
4591,98,106,-8,8
4592,174,152,22,22
4593,75,92,-17,17
4594,56,71,-15,15
4595,138,134,4,4
4596,38,53,-15,15
4597,51,65,-14,14
4598,69,77,-8,8
4599,98,113,-15,15
4600,87,98,-11,11
4601,88,98,-10,10
4602,156,155,1,1
4603,140,143,-3,3
4604,92,110,-18,18
4605,49,71,-22,22
4606,82,99,-17,17
4607,217,224,-7,7
4608,99,113,-14,14
4609,110,112,-2,2
4610,79,93,-14,14
4611,69,79,-10,10
4612,87,91,-4,4
4613,84,93,-9,9
4614,77,86,-9,9
4615,78,88,-10,10
4616,100,115,-15,15
4617,112,114,-2,2
4618,130,134,-4,4
4619,137,142,-5,5
4620,125,125,0,0
4621,86,96,-10,10
4622,152,147,5,5
4623,96,119,-23,23
4624,111,123,-12,12
4625,99,118,-19,19
4626,56,70,-14,14
4627,211,197,14,14
4628,109,128,-19,19
4629,137,146,-9,9
4630,74,91,-17,17
4631,120,132,-12,12
4632,81,97,-16,16
4633,71,87,-16,16
4634,88,95,-7,7
4635,111,117,-6,6
4636,197,185,12,12
4637,85,98,-13,13
4638,112,122,-10,10
4639,44,80,-36,36
4640,86,98,-12,12
4641,72,98,-26,26
4642,59,76,-17,17
4643,82,108,-26,26
4644,69,80,-11,11
4645,91,98,-7,7
4646,142,148,-6,6
4647,84,84,0,0
4648,81,93,-12,12
4649,101,108,-7,7
4650,190,164,26,26
4651,107,109,-2,2
4652,119,130,-11,11
4653,77,92,-15,15
4654,152,150,2,2
4655,64,75,-11,11
4656,77,91,-14,14
4657,51,64,-13,13
4658,77,88,-11,11
4659,84,102,-18,18
4660,60,78,-18,18
4661,107,115,-8,8
4662,87,113,-26,26
4663,116,136,-20,20
4664,160,147,13,13
4665,116,124,-8,8
4666,84,96,-12,12
4667,113,122,-9,9
4668,105,120,-15,15
4669,55,64,-9,9
4670,91,103,-12,12
4671,113,117,-4,4
4672,62,72,-10,10
4673,75,87,-12,12
4674,45,61,-16,16
4675,177,159,18,18
4676,131,147,-16,16
4677,112,121,-9,9
4678,127,138,-11,11
4679,146,135,11,11
4680,138,147,-9,9
4681,93,108,-15,15
4682,65,84,-19,19
4683,168,167,1,1
4684,112,135,-23,23
4685,149,147,2,2
4686,140,149,-9,9
4687,94,108,-14,14
4688,141,144,-3,3
4689,75,95,-20,20
4690,134,134,0,0
4691,95,103,-8,8
4692,119,112,7,7
4693,95,115,-20,20
4694,65,81,-16,16
4695,95,109,-14,14
4696,97,114,-17,17
4697,132,140,-8,8
4698,87,97,-10,10
4699,124,123,1,1
4700,115,125,-10,10
4701,45,63,-18,18
4702,110,113,-3,3
4703,57,76,-19,19
4704,126,115,11,11
4705,50,66,-16,16
4706,132,142,-10,10
4707,71,80,-9,9
4708,88,95,-7,7
4709,91,113,-22,22
4710,79,93,-14,14
4711,47,58,-11,11
4712,103,119,-16,16
4713,38,59,-21,21
4714,68,73,-5,5
4715,130,130,0,0
4716,157,152,5,5
4717,99,108,-9,9
4718,62,74,-12,12
4719,79,93,-14,14
4720,74,90,-16,16
4721,154,145,9,9
4722,36,72,-36,36
4723,81,96,-15,15
4724,69,81,-12,12
4725,39,60,-21,21
4726,106,112,-6,6
4727,141,149,-8,8
4728,71,86,-15,15
4729,108,116,-8,8
4730,142,144,-2,2
4731,43,61,-18,18
4732,109,126,-17,17
4733,72,85,-13,13
4734,110,115,-5,5
4735,84,102,-18,18
4736,88,95,-7,7
4737,156,150,6,6
4738,106,121,-15,15
4739,160,159,1,1
4740,105,110,-5,5
4741,231,204,27,27
4742,111,113,-2,2
4743,53,70,-17,17
4744,124,138,-14,14
4745,105,116,-11,11
4746,144,150,-6,6
4747,83,101,-18,18
4748,81,94,-13,13
4749,96,104,-8,8
4750,143,143,0,0
4751,118,114,4,4
4752,77,89,-12,12
4753,116,134,-18,18
4754,116,100,16,16
4755,76,86,-10,10
4756,73,88,-15,15
4757,92,99,-7,7
4758,89,95,-6,6
4759,58,70,-12,12
4760,70,84,-14,14
4761,134,137,-3,3
4762,73,97,-24,24
4763,139,140,-1,1
4764,59,79,-20,20
4765,59,74,-15,15
4766,72,92,-20,20
4767,81,95,-14,14
4768,96,106,-10,10
4769,190,176,14,14
4770,131,134,-3,3
4771,188,185,3,3
4772,141,152,-11,11
4773,103,110,-7,7
4774,65,92,-27,27
4775,86,101,-15,15
4776,64,83,-19,19
4777,115,132,-17,17
4778,58,81,-23,23
4779,150,147,3,3
4780,70,85,-15,15
4781,91,101,-10,10
4782,104,111,-7,7
4783,78,88,-10,10
4784,57,75,-18,18
4785,117,120,-3,3
4786,82,94,-12,12
4787,50,69,-19,19
4788,76,93,-17,17
4789,64,79,-15,15
4790,140,145,-5,5
4791,88,104,-16,16
4792,41,56,-15,15
4793,56,87,-31,31
4794,161,162,-1,1
4795,107,102,5,5
4796,94,106,-12,12
4797,71,75,-4,4
4798,163,149,14,14
4799,99,102,-3,3
4800,30,50,-20,20
4801,99,101,-2,2
4802,161,146,15,15
4803,82,95,-13,13
4804,92,101,-9,9
4805,152,141,11,11
4806,131,121,10,10
4807,99,104,-5,5
4808,50,67,-17,17
4809,80,98,-18,18
4810,99,108,-9,9
4811,69,82,-13,13
4812,67,88,-21,21
4813,143,140,3,3
4814,68,83,-15,15
4815,65,84,-19,19
4816,94,107,-13,13
4817,55,71,-16,16
4818,94,103,-9,9
4819,45,64,-19,19
4820,140,145,-5,5
4821,65,76,-11,11
4822,62,74,-12,12
4823,94,109,-15,15
4824,129,136,-7,7
4825,123,136,-13,13
4826,80,92,-12,12
4827,86,90,-4,4
4828,112,128,-16,16
4829,89,94,-5,5
4830,72,83,-11,11
4831,65,81,-16,16
4832,90,102,-12,12
4833,71,97,-26,26
4834,107,121,-14,14
4835,140,144,-4,4
4836,57,79,-22,22
4837,104,116,-12,12
4838,56,77,-21,21
4839,103,108,-5,5
4840,104,110,-6,6
4841,78,89,-11,11
4842,126,131,-5,5
4843,101,105,-4,4
4844,85,100,-15,15
4845,72,79,-7,7
4846,57,76,-19,19
4847,51,77,-26,26
4848,102,114,-12,12
4849,85,98,-13,13
4850,71,83,-12,12
4851,87,97,-10,10
4852,74,86,-12,12
4853,104,112,-8,8
4854,102,114,-12,12
4855,181,159,22,22
4856,130,138,-8,8
4857,75,101,-26,26
4858,102,111,-9,9
4859,56,83,-27,27
4860,72,89,-17,17
4861,90,107,-17,17
4862,66,86,-20,20
4863,82,95,-13,13
4864,139,152,-13,13
4865,97,98,-1,1
4866,83,97,-14,14
4867,71,93,-22,22
4868,81,86,-5,5
4869,80,85,-5,5
4870,152,150,2,2
4871,54,71,-17,17
4872,51,67,-16,16
4873,142,135,7,7
4874,134,147,-13,13
4875,253,237,16,16
4876,85,116,-31,31
4877,274,231,43,43
4878,180,157,23,23
4879,85,106,-21,21
4880,68,90,-22,22
4881,126,131,-5,5
4882,147,148,-1,1
4883,67,83,-16,16
4884,58,79,-21,21
4885,146,148,-2,2
4886,170,171,-1,1
4887,80,100,-20,20
4888,117,126,-9,9
4889,72,86,-14,14
4890,52,73,-21,21
4891,92,108,-16,16
4892,88,96,-8,8
4893,106,119,-13,13
4894,93,104,-11,11
4895,151,149,2,2
4896,90,98,-8,8
4897,71,86,-15,15
4898,63,76,-13,13
4899,171,154,17,17
4900,83,88,-5,5
4901,125,127,-2,2
4902,123,124,-1,1
4903,119,123,-4,4
4904,100,107,-7,7
4905,97,121,-24,24
4906,82,87,-5,5
4907,104,121,-17,17
4908,84,95,-11,11
4909,133,149,-16,16
4910,66,81,-15,15
4911,328,267,61,61
4912,66,81,-15,15
4913,129,130,-1,1
4914,60,81,-21,21
4915,107,132,-25,25
4916,88,91,-3,3
4917,92,115,-23,23
4918,97,94,3,3
4919,95,109,-14,14
4920,176,156,20,20
4921,93,102,-9,9
4922,124,142,-18,18
4923,80,90,-10,10
4924,117,122,-5,5
4925,92,96,-4,4
4926,137,128,9,9
4927,160,153,7,7
4928,114,120,-6,6
4929,78,83,-5,5
4930,73,89,-16,16
4931,62,74,-12,12
4932,85,99,-14,14
4933,52,68,-16,16
4934,53,69,-16,16
4935,98,97,1,1
4936,92,104,-12,12
4937,100,113,-13,13
4938,114,124,-10,10
4939,139,147,-8,8
4940,76,87,-11,11
4941,119,122,-3,3
4942,41,59,-18,18
4943,53,65,-12,12
4944,268,261,7,7
4945,66,79,-13,13
4946,130,131,-1,1
4947,115,122,-7,7
4948,157,157,0,0
4949,50,72,-22,22
4950,75,84,-9,9
4951,79,86,-7,7
4952,85,96,-11,11
4953,42,81,-39,39
4954,85,92,-7,7
4955,95,105,-10,10
4956,72,90,-18,18
4957,90,112,-22,22
4958,81,91,-10,10
4959,109,123,-14,14
4960,146,153,-7,7
4961,131,131,0,0
4962,138,135,3,3
4963,32,59,-27,27
4964,86,98,-12,12
4965,76,98,-22,22
4966,73,98,-25,25
4967,132,136,-4,4
4968,136,142,-6,6
4969,36,59,-23,23
4970,40,61,-21,21
4971,62,75,-13,13
4972,99,118,-19,19
4973,63,91,-28,28
4974,90,94,-4,4
4975,63,89,-26,26
4976,63,81,-18,18
4977,73,95,-22,22
4978,73,88,-15,15
4979,120,128,-8,8
4980,161,150,11,11
4981,74,81,-7,7
4982,74,83,-9,9
4983,49,67,-18,18
4984,157,148,9,9
4985,123,130,-7,7
4986,91,100,-9,9
4987,115,113,2,2
4988,85,98,-13,13
4989,66,79,-13,13
4990,102,104,-2,2
4991,98,108,-10,10
4992,100,105,-5,5
4993,105,132,-27,27
4994,84,112,-28,28
4995,95,99,-4,4
4996,108,107,1,1
4997,62,77,-15,15
4998,116,127,-11,11
4999,79,88,-9,9
5000,73,83,-10,10
5001,50,76,-26,26
5002,97,102,-5,5
5003,145,138,7,7
5004,152,146,6,6
5005,134,135,-1,1
5006,110,113,-3,3
5007,114,121,-7,7
5008,72,81,-9,9
5009,113,119,-6,6
5010,58,75,-17,17
5011,50,61,-11,11
5012,29,47,-18,18
5013,71,87,-16,16
5014,90,105,-15,15
5015,140,141,-1,1
5016,123,125,-2,2
5017,131,130,1,1
5018,50,67,-17,17
5019,82,94,-12,12
5020,77,96,-19,19
5021,98,103,-5,5
5022,83,84,-1,1
5023,88,89,-1,1
5024,122,124,-2,2
5025,87,95,-8,8
5026,107,115,-8,8
5027,75,93,-18,18
5028,89,100,-11,11
5029,124,143,-19,19
5030,105,115,-10,10
5031,62,73,-11,11
5032,125,126,-1,1
5033,94,108,-14,14
5034,91,106,-15,15
5035,74,97,-23,23
5036,82,107,-25,25
5037,60,73,-13,13
5038,69,83,-14,14
5039,132,135,-3,3
5040,76,89,-13,13
5041,169,166,3,3
5042,101,110,-9,9
5043,167,158,9,9
5044,79,95,-16,16
5045,78,102,-24,24
5046,61,78,-17,17
5047,137,132,5,5
5048,116,114,2,2
5049,77,98,-21,21
5050,76,97,-21,21
5051,157,162,-5,5
5052,90,112,-22,22
5053,79,90,-11,11
5054,131,128,3,3
5055,118,122,-4,4
5056,110,108,2,2
5057,151,145,6,6
5058,159,157,2,2
5059,95,110,-15,15
5060,78,89,-11,11
5061,107,123,-16,16
5062,131,134,-3,3
5063,87,102,-15,15
5064,42,60,-18,18
5065,66,84,-18,18
5066,101,116,-15,15
5067,140,144,-4,4
5068,66,77,-11,11
5069,43,60,-17,17
5070,100,109,-9,9
5071,120,119,1,1
5072,76,80,-4,4
5073,121,142,-21,21
5074,78,91,-13,13
5075,121,129,-8,8
5076,51,70,-19,19
5077,101,119,-18,18
5078,136,143,-7,7
5079,107,127,-20,20
5080,106,119,-13,13
5081,116,124,-8,8
5082,89,96,-7,7
5083,65,80,-15,15
5084,154,148,6,6
5085,130,136,-6,6
5086,98,99,-1,1
5087,75,99,-24,24
5088,81,94,-13,13
5089,82,99,-17,17
5090,86,105,-19,19
5091,93,109,-16,16
5092,73,90,-17,17
5093,76,90,-14,14
5094,166,161,5,5
5095,98,110,-12,12
5096,120,114,6,6
5097,67,85,-18,18
5098,81,94,-13,13
5099,170,161,9,9
5100,40,65,-25,25
5101,101,106,-5,5
5102,80,91,-11,11
5103,121,116,5,5
5104,58,68,-10,10
5105,115,117,-2,2
5106,63,75,-12,12
5107,87,104,-17,17
5108,148,152,-4,4
5109,102,109,-7,7
5110,79,91,-12,12
5111,118,116,2,2
5112,92,108,-16,16
5113,110,120,-10,10
5114,131,140,-9,9
5115,139,151,-12,12
5116,68,86,-18,18
5117,122,132,-10,10
5118,140,137,3,3
5119,124,128,-4,4
5120,103,106,-3,3
5121,59,89,-30,30
5122,80,92,-12,12
5123,131,134,-3,3
5124,104,110,-6,6
5125,155,148,7,7
5126,89,101,-12,12
5127,68,97,-29,29
5128,79,91,-12,12
5129,110,119,-9,9
5130,54,71,-17,17
5131,121,146,-25,25
5132,101,115,-14,14
5133,109,123,-14,14
5134,100,107,-7,7
5135,132,137,-5,5
5136,71,86,-15,15
5137,89,100,-11,11
5138,92,104,-12,12
5139,91,99,-8,8
5140,117,119,-2,2
5141,100,109,-9,9
5142,118,119,-1,1
5143,160,142,18,18
5144,121,122,-1,1
5145,88,104,-16,16
5146,152,155,-3,3
5147,56,69,-13,13
5148,51,87,-36,36
5149,110,107,3,3
5150,79,96,-17,17
5151,68,97,-29,29
5152,52,70,-18,18
5153,129,139,-10,10
5154,81,87,-6,6
5155,39,56,-17,17
5156,55,133,-78,78
5157,53,74,-21,21
5158,92,105,-13,13
5159,72,88,-16,16
5160,103,115,-12,12
5161,141,135,6,6
5162,82,99,-17,17
5163,69,86,-17,17
5164,168,158,10,10
5165,65,85,-20,20
5166,76,93,-17,17
5167,104,116,-12,12
5168,89,100,-11,11
5169,101,119,-18,18
5170,53,72,-19,19
5171,105,112,-7,7
5172,90,92,-2,2
5173,116,120,-4,4
5174,137,141,-4,4
5175,126,123,3,3
5176,43,58,-15,15
5177,65,84,-19,19
5178,76,97,-21,21
5179,104,107,-3,3
5180,88,93,-5,5
5181,75,85,-10,10
5182,82,94,-12,12
5183,40,71,-31,31
5184,77,94,-17,17
5185,66,79,-13,13
5186,154,148,6,6
5187,86,92,-6,6
5188,112,131,-19,19
5189,93,106,-13,13
5190,130,151,-21,21
5191,177,163,14,14
5192,148,144,4,4
5193,80,99,-19,19
5194,58,69,-11,11
5195,115,118,-3,3
5196,118,126,-8,8
5197,66,79,-13,13
5198,161,155,6,6
5199,80,96,-16,16
5200,105,113,-8,8
5201,56,69,-13,13
5202,66,85,-19,19
5203,93,101,-8,8
5204,105,116,-11,11
5205,96,105,-9,9
5206,62,75,-13,13
5207,68,89,-21,21
5208,83,92,-9,9
5209,110,123,-13,13
5210,109,118,-9,9
5211,147,145,2,2
5212,68,77,-9,9
5213,121,120,1,1
5214,128,145,-17,17
5215,136,144,-8,8
5216,110,113,-3,3
5217,84,87,-3,3
5218,93,102,-9,9
5219,68,84,-16,16
5220,88,102,-14,14
5221,89,109,-20,20
5222,134,143,-9,9
5223,128,134,-6,6
5224,79,89,-10,10
5225,66,80,-14,14
5226,58,69,-11,11
5227,58,89,-31,31
5228,69,85,-16,16
5229,56,74,-18,18
5230,85,100,-15,15
5231,73,87,-14,14
5232,97,105,-8,8
5233,100,100,0,0
5234,82,80,2,2
5235,65,80,-15,15
5236,90,103,-13,13
5237,66,97,-31,31
5238,58,71,-13,13
5239,62,117,-55,55
5240,50,65,-15,15
5241,84,97,-13,13
5242,82,95,-13,13
5243,147,152,-5,5
5244,91,97,-6,6
5245,95,105,-10,10
5246,121,126,-5,5
5247,56,76,-20,20
5248,54,61,-7,7
5249,103,110,-7,7
5250,86,92,-6,6
5251,85,94,-9,9
5252,97,98,-1,1
5253,92,95,-3,3
5254,59,76,-17,17
5255,115,125,-10,10
5256,116,125,-9,9
5257,101,111,-10,10
5258,120,114,6,6
5259,164,149,15,15
5260,55,65,-10,10
5261,91,105,-14,14
5262,75,92,-17,17
5263,121,135,-14,14
5264,57,73,-16,16
5265,38,73,-35,35
5266,92,93,-1,1
5267,67,79,-12,12
5268,120,126,-6,6
5269,83,92,-9,9
5270,138,146,-8,8
5271,169,157,12,12
5272,59,82,-23,23
5273,47,66,-19,19
5274,46,64,-18,18
5275,123,140,-17,17
5276,142,144,-2,2
5277,80,96,-16,16
5278,31,57,-26,26
5279,128,134,-6,6
5280,112,111,1,1
5281,98,114,-16,16
5282,55,71,-16,16
5283,110,106,4,4
5284,91,108,-17,17
5285,112,104,8,8
5286,115,128,-13,13
5287,73,86,-13,13
5288,106,115,-9,9
5289,93,103,-10,10
5290,166,161,5,5
5291,128,146,-18,18
5292,112,116,-4,4
5293,89,95,-6,6
5294,74,90,-16,16
5295,106,131,-25,25
5296,72,84,-12,12
5297,78,90,-12,12
5298,92,105,-13,13
5299,140,136,4,4
5300,103,114,-11,11
5301,102,124,-22,22
5302,63,89,-26,26
5303,169,148,21,21
5304,78,92,-14,14
5305,132,136,-4,4
5306,50,64,-14,14
5307,127,122,5,5
5308,138,124,14,14
5309,61,70,-9,9
5310,87,99,-12,12
5311,109,123,-14,14
5312,77,91,-14,14
5313,92,113,-21,21
5314,84,91,-7,7
5315,140,137,3,3
5316,79,97,-18,18
5317,87,91,-4,4
5318,76,93,-17,17
5319,54,67,-13,13
5320,77,104,-27,27
5321,28,71,-43,43
5322,85,86,-1,1
5323,41,58,-17,17
5324,78,95,-17,17
5325,117,121,-4,4
5326,99,111,-12,12
5327,130,138,-8,8
5328,58,74,-16,16
5329,76,82,-6,6
5330,72,90,-18,18
5331,72,84,-12,12
5332,130,129,1,1
5333,85,106,-21,21
5334,74,91,-17,17
5335,117,117,0,0
5336,105,118,-13,13
5337,114,121,-7,7
5338,94,101,-7,7
5339,127,130,-3,3
5340,100,107,-7,7
5341,100,115,-15,15
5342,114,117,-3,3
5343,137,148,-11,11
5344,141,140,1,1
5345,186,169,17,17
5346,49,67,-18,18
5347,71,87,-16,16
5348,144,147,-3,3
5349,108,102,6,6
5350,102,104,-2,2
5351,129,135,-6,6
5352,123,130,-7,7
5353,48,67,-19,19
5354,70,80,-10,10
5355,81,94,-13,13
5356,72,90,-18,18
5357,76,90,-14,14
5358,114,133,-19,19
5359,130,132,-2,2
5360,113,131,-18,18
5361,57,72,-15,15
5362,77,89,-12,12
5363,117,125,-8,8
5364,79,85,-6,6
5365,87,104,-17,17
5366,99,108,-9,9
5367,211,191,20,20
5368,92,94,-2,2
5369,119,119,0,0
5370,54,73,-19,19
5371,111,116,-5,5
5372,67,81,-14,14
5373,185,183,2,2
5374,68,90,-22,22
5375,190,165,25,25
5376,124,127,-3,3
5377,80,105,-25,25
5378,78,88,-10,10
5379,92,114,-22,22
5380,70,83,-13,13
5381,51,78,-27,27
5382,89,104,-15,15
5383,82,102,-20,20
5384,83,93,-10,10
5385,204,187,17,17
5386,114,114,0,0
5387,62,79,-17,17
5388,100,99,1,1
5389,143,157,-14,14
5390,89,101,-12,12
5391,123,140,-17,17
5392,150,150,0,0
5393,135,124,11,11
5394,114,130,-16,16
5395,94,116,-22,22
5396,158,151,7,7
5397,58,86,-28,28
5398,94,111,-17,17
5399,59,75,-16,16
5400,81,111,-30,30
5401,70,83,-13,13
5402,79,91,-12,12
5403,49,72,-23,23
5404,85,94,-9,9
5405,85,93,-8,8
5406,55,67,-12,12
5407,97,111,-14,14
5408,95,105,-10,10
5409,129,130,-1,1
5410,53,72,-19,19
5411,109,121,-12,12
5412,92,106,-14,14
5413,122,115,7,7
5414,102,113,-11,11
5415,98,118,-20,20
5416,68,88,-20,20
5417,108,113,-5,5
5418,92,100,-8,8
5419,95,102,-7,7
5420,65,77,-12,12
5421,27,50,-23,23
5422,62,78,-16,16
5423,109,116,-7,7
5424,72,89,-17,17
5425,58,74,-16,16
5426,121,122,-1,1
5427,101,106,-5,5
5428,63,82,-19,19
5429,38,52,-14,14
5430,145,147,-2,2
5431,103,118,-15,15
5432,215,207,8,8
5433,122,123,-1,1
5434,90,105,-15,15
5435,67,82,-15,15
5436,98,114,-16,16
5437,106,125,-19,19
5438,119,131,-12,12
5439,93,104,-11,11
5440,48,73,-25,25
5441,87,100,-13,13
5442,108,122,-14,14
5443,72,81,-9,9
5444,124,131,-7,7
5445,114,126,-12,12
5446,43,58,-15,15
5447,109,115,-6,6
5448,99,114,-15,15
5449,116,118,-2,2
5450,72,106,-34,34
5451,122,140,-18,18
5452,98,115,-17,17
5453,144,150,-6,6
5454,78,85,-7,7
5455,70,81,-11,11
5456,114,121,-7,7
5457,137,141,-4,4
5458,113,114,-1,1
5459,115,115,0,0
5460,85,96,-11,11
5461,63,75,-12,12
5462,114,127,-13,13
5463,88,102,-14,14
5464,125,125,0,0
5465,116,125,-9,9
5466,150,136,14,14
5467,78,88,-10,10
5468,75,86,-11,11
5469,81,98,-17,17
5470,116,141,-25,25
5471,64,78,-14,14
5472,93,106,-13,13
5473,96,97,-1,1
5474,147,150,-3,3
5475,77,84,-7,7
5476,139,147,-8,8
5477,64,74,-10,10
5478,82,91,-9,9
5479,70,81,-11,11
5480,142,147,-5,5
5481,99,105,-6,6
5482,64,81,-17,17
5483,80,100,-20,20
5484,69,76,-7,7
5485,64,78,-14,14
5486,99,112,-13,13
5487,120,124,-4,4
5488,80,94,-14,14
5489,145,149,-4,4
5490,161,148,13,13
5491,86,104,-18,18
5492,123,132,-9,9
5493,91,100,-9,9
5494,147,144,3,3
5495,92,100,-8,8
5496,79,94,-15,15
5497,144,140,4,4
5498,72,85,-13,13
5499,91,112,-21,21
5500,162,155,7,7
5501,76,99,-23,23
5502,82,96,-14,14
5503,63,86,-23,23
5504,71,86,-15,15
5505,74,86,-12,12
5506,152,148,4,4
5507,102,116,-14,14
5508,70,81,-11,11
5509,46,66,-20,20
5510,85,105,-20,20
5511,81,95,-14,14
5512,85,97,-12,12
5513,108,106,2,2
5514,124,129,-5,5
5515,81,95,-14,14
5516,97,136,-39,39
5517,137,147,-10,10
5518,125,128,-3,3
5519,90,107,-17,17
5520,83,94,-11,11
5521,89,98,-9,9
5522,124,123,1,1
5523,101,104,-3,3
5524,103,114,-11,11
5525,61,75,-14,14
5526,85,89,-4,4
5527,102,112,-10,10
5528,83,109,-26,26
5529,91,107,-16,16
5530,131,119,12,12
5531,150,146,4,4
5532,107,118,-11,11
5533,115,126,-11,11
5534,126,133,-7,7
5535,129,137,-8,8
5536,95,104,-9,9
5537,143,138,5,5
5538,115,126,-11,11
5539,85,96,-11,11
5540,164,156,8,8
5541,95,106,-11,11
5542,137,149,-12,12
5543,121,124,-3,3
5544,83,95,-12,12
5545,115,134,-19,19
5546,154,158,-4,4
5547,115,126,-11,11
5548,88,93,-5,5
5549,116,133,-17,17
5550,119,119,0,0
5551,30,52,-22,22
5552,100,106,-6,6
5553,132,147,-15,15
5554,186,167,19,19
5555,82,98,-16,16
5556,176,149,27,27
5557,107,111,-4,4
5558,89,94,-5,5
5559,94,108,-14,14
5560,51,64,-13,13
5561,138,147,-9,9
5562,78,91,-13,13
5563,59,75,-16,16
5564,58,70,-12,12
5565,67,81,-14,14
5566,79,85,-6,6
5567,54,69,-15,15
5568,62,77,-15,15
5569,83,97,-14,14
5570,75,91,-16,16
5571,115,123,-8,8
5572,114,125,-11,11
5573,126,124,2,2
5574,88,110,-22,22
5575,69,80,-11,11
5576,38,69,-31,31
5577,71,80,-9,9
5578,66,79,-13,13
5579,62,73,-11,11
5580,75,83,-8,8
5581,59,72,-13,13
5582,97,117,-20,20
5583,81,106,-25,25
5584,69,96,-27,27
5585,81,90,-9,9
5586,101,112,-11,11
5587,97,103,-6,6
5588,60,86,-26,26
5589,119,123,-4,4
5590,113,150,-37,37
5591,130,127,3,3
5592,61,82,-21,21
5593,166,156,10,10
5594,51,69,-18,18
5595,140,145,-5,5
5596,109,127,-18,18
5597,115,128,-13,13
5598,112,117,-5,5
5599,89,102,-13,13
5600,65,81,-16,16
5601,97,113,-16,16
5602,81,103,-22,22
5603,59,74,-15,15
5604,52,67,-15,15
5605,74,98,-24,24
5606,76,92,-16,16
5607,111,95,16,16
5608,112,122,-10,10
5609,66,84,-18,18
5610,96,106,-10,10
5611,61,79,-18,18
5612,162,151,11,11
5613,120,120,0,0
5614,68,94,-26,26
5615,61,87,-26,26
5616,110,120,-10,10
5617,114,129,-15,15
5618,41,58,-17,17
5619,63,69,-6,6
5620,77,86,-9,9
5621,92,97,-5,5
5622,80,88,-8,8
5623,40,61,-21,21
5624,56,70,-14,14
5625,72,85,-13,13
5626,123,122,1,1
5627,77,92,-15,15
5628,107,116,-9,9
5629,112,120,-8,8
5630,72,89,-17,17
5631,99,114,-15,15
5632,118,121,-3,3
5633,77,89,-12,12
5634,139,141,-2,2
5635,84,96,-12,12
5636,62,80,-18,18
5637,100,113,-13,13
5638,80,90,-10,10
5639,91,107,-16,16
5640,113,119,-6,6
5641,45,59,-14,14
5642,71,77,-6,6
5643,122,117,5,5
5644,53,71,-18,18
5645,78,101,-23,23
5646,65,78,-13,13
5647,40,68,-28,28
5648,136,136,0,0
5649,120,126,-6,6
5650,104,123,-19,19
5651,85,94,-9,9
5652,89,98,-9,9
5653,84,102,-18,18
5654,80,102,-22,22
5655,119,133,-14,14
5656,105,114,-9,9
5657,61,86,-25,25
5658,53,78,-25,25
5659,69,92,-23,23
5660,83,93,-10,10
5661,122,122,0,0
5662,88,98,-10,10
5663,88,95,-7,7
5664,104,119,-15,15
5665,94,100,-6,6
5666,133,138,-5,5
5667,53,81,-28,28
5668,73,90,-17,17
5669,92,109,-17,17
5670,92,103,-11,11
5671,91,102,-11,11
5672,82,97,-15,15
5673,87,101,-14,14
5674,135,139,-4,4
5675,126,136,-10,10
5676,94,102,-8,8
5677,55,71,-16,16
5678,104,109,-5,5
5679,127,132,-5,5
5680,135,146,-11,11
5681,145,142,3,3
5682,99,111,-12,12
5683,96,112,-16,16
5684,103,104,-1,1
5685,32,51,-19,19
5686,74,88,-14,14
5687,109,110,-1,1
5688,59,75,-16,16
5689,101,107,-6,6
5690,69,80,-11,11
5691,71,97,-26,26
5692,101,106,-5,5
5693,129,139,-10,10
5694,114,121,-7,7
5695,73,93,-20,20
5696,179,158,21,21
5697,81,94,-13,13
5698,127,129,-2,2
5699,129,137,-8,8
5700,57,67,-10,10
5701,50,71,-21,21
5702,80,82,-2,2
5703,116,121,-5,5
5704,93,97,-4,4
5705,164,150,14,14
5706,43,61,-18,18
5707,96,123,-27,27
5708,88,90,-2,2
5709,66,75,-9,9
5710,97,111,-14,14
5711,86,102,-16,16
5712,83,103,-20,20
5713,87,98,-11,11
5714,61,78,-17,17
5715,81,98,-17,17
5716,164,155,9,9
5717,138,145,-7,7
5718,115,128,-13,13
5719,86,103,-17,17
5720,118,147,-29,29
5721,67,78,-11,11
5722,87,103,-16,16
5723,74,84,-10,10
5724,51,67,-16,16
5725,67,80,-13,13
5726,84,95,-11,11
5727,94,108,-14,14
5728,69,83,-14,14
5729,115,128,-13,13
5730,48,65,-17,17
5731,77,87,-10,10
5732,81,95,-14,14
5733,110,125,-15,15
5734,74,99,-25,25
5735,54,80,-26,26
5736,84,98,-14,14
5737,70,87,-17,17
5738,64,80,-16,16
5739,80,98,-18,18
5740,78,89,-11,11
5741,83,106,-23,23
5742,81,92,-11,11
5743,34,54,-20,20
5744,149,159,-10,10
5745,50,67,-17,17
5746,57,73,-16,16
5747,75,87,-12,12
5748,139,137,2,2
5749,48,64,-16,16
5750,61,81,-20,20
5751,96,101,-5,5
5752,64,73,-9,9
5753,90,113,-23,23
5754,81,94,-13,13
5755,119,137,-18,18
5756,129,133,-4,4
5757,111,130,-19,19
5758,79,96,-17,17
5759,107,113,-6,6
5760,77,98,-21,21
5761,67,80,-13,13
5762,103,110,-7,7
5763,60,76,-16,16
5764,115,125,-10,10
5765,62,71,-9,9
5766,71,88,-17,17
5767,67,91,-24,24
5768,46,63,-17,17
5769,52,68,-16,16
5770,55,75,-20,20
5771,95,99,-4,4
5772,119,115,4,4
5773,156,158,-2,2
5774,89,93,-4,4
5775,130,126,4,4
5776,149,148,1,1
5777,53,81,-28,28
5778,103,109,-6,6
5779,181,158,23,23
5780,88,102,-14,14
5781,91,102,-11,11
5782,79,85,-6,6
5783,64,93,-29,29
5784,85,104,-19,19
5785,45,64,-19,19
5786,72,84,-12,12
5787,118,120,-2,2
5788,54,66,-12,12
5789,98,112,-14,14
5790,79,97,-18,18
5791,63,75,-12,12
5792,27,52,-25,25
5793,142,142,0,0
5794,67,83,-16,16
5795,146,147,-1,1
5796,80,96,-16,16
5797,68,95,-27,27
5798,92,110,-18,18
5799,48,67,-19,19
5800,117,115,2,2
5801,98,109,-11,11
5802,73,87,-14,14
5803,84,100,-16,16
5804,95,104,-9,9
5805,120,126,-6,6
5806,151,160,-9,9
5807,50,64,-14,14
5808,93,103,-10,10
5809,150,147,3,3
5810,65,92,-27,27
5811,76,92,-16,16
5812,69,81,-12,12
5813,91,98,-7,7
5814,81,97,-16,16
5815,92,102,-10,10
5816,127,148,-21,21
5817,100,106,-6,6
5818,98,110,-12,12
5819,109,112,-3,3
5820,69,85,-16,16
5821,94,113,-19,19
5822,156,148,8,8
5823,82,105,-23,23
5824,62,92,-30,30
5825,56,72,-16,16
5826,44,63,-19,19
5827,134,124,10,10
5828,75,90,-15,15
5829,88,101,-13,13
5830,63,82,-19,19
5831,106,120,-14,14
5832,121,121,0,0
5833,94,113,-19,19
5834,89,111,-22,22
5835,45,67,-22,22
5836,76,92,-16,16
5837,85,99,-14,14
5838,129,141,-12,12
5839,113,121,-8,8
5840,127,128,-1,1
5841,129,150,-21,21
5842,92,102,-10,10
5843,60,72,-12,12
5844,91,91,0,0
5845,90,98,-8,8
5846,143,147,-4,4
5847,79,91,-12,12
5848,118,160,-42,42
5849,65,82,-17,17
5850,88,94,-6,6
5851,102,114,-12,12
5852,67,80,-13,13
5853,104,107,-3,3
5854,164,157,7,7
5855,145,144,1,1
5856,51,63,-12,12
5857,35,54,-19,19
5858,125,131,-6,6
5859,78,91,-13,13
5860,110,117,-7,7
5861,133,143,-10,10
5862,92,104,-12,12
5863,89,108,-19,19
5864,66,83,-17,17
5865,96,109,-13,13
5866,74,85,-11,11
5867,21,48,-27,27
5868,52,67,-15,15
5869,49,65,-16,16
5870,133,147,-14,14
5871,56,69,-13,13
5872,48,66,-18,18
5873,53,66,-13,13
5874,86,105,-19,19
5875,81,109,-28,28
5876,139,147,-8,8
5877,111,136,-25,25
5878,118,135,-17,17
5879,61,77,-16,16
5880,88,109,-21,21
5881,58,72,-14,14
5882,91,98,-7,7
5883,110,120,-10,10
5884,118,123,-5,5
5885,109,113,-4,4
5886,52,69,-17,17
5887,69,85,-16,16
5888,144,138,6,6
5889,87,97,-10,10
5890,153,141,12,12
5891,49,67,-18,18
5892,106,122,-16,16
5893,85,98,-13,13
5894,95,105,-10,10
5895,99,110,-11,11
5896,154,153,1,1
5897,64,92,-28,28
5898,74,84,-10,10
5899,94,100,-6,6
5900,83,86,-3,3
5901,66,84,-18,18
5902,48,69,-21,21
5903,87,110,-23,23
5904,28,69,-41,41
5905,63,75,-12,12
5906,117,118,-1,1
5907,169,163,6,6
5908,54,70,-16,16
5909,118,126,-8,8
5910,77,86,-9,9
5911,87,103,-16,16
5912,259,225,34,34
5913,116,131,-15,15
5914,141,143,-2,2
5915,63,82,-19,19
5916,194,172,22,22
5917,58,88,-30,30
5918,117,126,-9,9
5919,101,114,-13,13
5920,128,135,-7,7
5921,99,102,-3,3
5922,122,122,0,0
5923,146,145,1,1
5924,117,114,3,3
5925,85,101,-16,16
5926,156,149,7,7
5927,85,98,-13,13
5928,149,154,-5,5
5929,62,81,-19,19
5930,133,141,-8,8
5931,76,88,-12,12
5932,67,81,-14,14
5933,125,149,-24,24
5934,73,84,-11,11
5935,106,106,0,0
5936,98,109,-11,11
5937,113,125,-12,12
5938,151,150,1,1
5939,91,103,-12,12
5940,115,131,-16,16
5941,99,110,-11,11
5942,51,66,-15,15
5943,102,124,-22,22
5944,123,124,-1,1
5945,71,83,-12,12
5946,116,127,-11,11
5947,118,125,-7,7
5948,151,158,-7,7
5949,93,95,-2,2
5950,77,92,-15,15
5951,52,65,-13,13
5952,88,98,-10,10
5953,56,73,-17,17
5954,152,161,-9,9
5955,129,140,-11,11
5956,75,95,-20,20
5957,98,106,-8,8
5958,149,153,-4,4
5959,73,84,-11,11
5960,96,123,-27,27
5961,145,149,-4,4
5962,88,91,-3,3
5963,159,148,11,11
5964,178,159,19,19
5965,81,101,-20,20
5966,142,140,2,2
5967,97,110,-13,13
5968,145,147,-2,2
5969,91,101,-10,10
5970,85,85,0,0
5971,87,89,-2,2
5972,90,91,-1,1
5973,68,83,-15,15
5974,94,96,-2,2
5975,101,105,-4,4
5976,92,96,-4,4
5977,71,90,-19,19
5978,113,125,-12,12
5979,102,109,-7,7
5980,114,127,-13,13
5981,97,106,-9,9
5982,47,71,-24,24
5983,60,82,-22,22
5984,135,142,-7,7
5985,58,71,-13,13
5986,206,176,30,30
5987,68,87,-19,19
5988,42,61,-19,19
5989,73,76,-3,3
5990,83,89,-6,6
5991,72,77,-5,5
5992,111,99,12,12
5993,58,65,-7,7
5994,130,147,-17,17
5995,111,123,-12,12
5996,140,150,-10,10
5997,95,111,-16,16
5998,96,109,-13,13
5999,91,104,-13,13
6000,79,95,-16,16
6001,74,88,-14,14
6002,169,152,17,17
6003,117,127,-10,10
6004,78,77,1,1
6005,115,130,-15,15
6006,44,58,-14,14
6007,103,123,-20,20
6008,78,126,-48,48
6009,49,67,-18,18
6010,126,140,-14,14
6011,93,92,1,1
6012,140,145,-5,5
6013,85,105,-20,20
6014,116,135,-19,19
6015,83,90,-7,7
6016,96,116,-20,20
6017,143,142,1,1
6018,74,93,-19,19
6019,92,108,-16,16
6020,63,72,-9,9
6021,49,78,-29,29
6022,144,147,-3,3
6023,54,71,-17,17
6024,116,159,-43,43
6025,66,91,-25,25
6026,56,75,-19,19
6027,56,114,-58,58
6028,107,121,-14,14
6029,140,143,-3,3
6030,92,115,-23,23
6031,76,101,-25,25
6032,90,107,-17,17
6033,138,147,-9,9
6034,71,78,-7,7
6035,89,117,-28,28
6036,66,74,-8,8
6037,60,76,-16,16
6038,116,132,-16,16
6039,179,168,11,11
6040,90,96,-6,6
6041,116,129,-13,13
6042,89,101,-12,12
6043,95,102,-7,7
6044,85,88,-3,3
6045,53,66,-13,13
6046,166,160,6,6
6047,43,62,-19,19
6048,119,136,-17,17
6049,105,126,-21,21
6050,121,123,-2,2
6051,73,87,-14,14
6052,67,82,-15,15
6053,119,129,-10,10
6054,106,117,-11,11
6055,72,82,-10,10
6056,75,84,-9,9
6057,70,89,-19,19
6058,143,140,3,3
6059,83,96,-13,13
6060,83,92,-9,9
6061,46,75,-29,29
6062,47,62,-15,15
6063,119,124,-5,5
6064,108,109,-1,1
6065,43,70,-27,27
6066,64,72,-8,8
6067,83,99,-16,16
6068,141,143,-2,2
6069,107,116,-9,9
6070,35,67,-32,32
6071,119,126,-7,7
6072,88,93,-5,5
6073,77,96,-19,19
6074,75,88,-13,13
6075,140,146,-6,6
6076,66,80,-14,14
6077,121,135,-14,14
6078,47,74,-27,27
6079,68,84,-16,16
6080,112,115,-3,3
6081,178,161,17,17
6082,87,102,-15,15
6083,164,150,14,14
6084,79,95,-16,16
6085,71,85,-14,14
6086,111,140,-29,29
6087,78,95,-17,17
6088,160,163,-3,3
6089,98,108,-10,10
6090,115,157,-42,42
6091,95,112,-17,17
6092,65,76,-11,11
6093,159,157,2,2
6094,85,98,-13,13
6095,69,81,-12,12
6096,116,129,-13,13
6097,55,75,-20,20
6098,96,110,-14,14
6099,94,102,-8,8
6100,72,83,-11,11
6101,94,102,-8,8
6102,124,143,-19,19
6103,62,74,-12,12
6104,79,85,-6,6
6105,146,146,0,0
6106,42,60,-18,18
6107,85,96,-11,11
6108,100,101,-1,1
6109,131,127,4,4
6110,72,90,-18,18
6111,49,67,-18,18
6112,116,119,-3,3
6113,102,111,-9,9
6114,135,146,-11,11
6115,138,142,-4,4
6116,40,72,-32,32
6117,104,111,-7,7
6118,99,106,-7,7
6119,50,64,-14,14
6120,108,114,-6,6
6121,106,119,-13,13
6122,93,103,-10,10
6123,155,156,-1,1
6124,127,131,-4,4
6125,78,93,-15,15
6126,87,102,-15,15
6127,73,89,-16,16
6128,92,103,-11,11
6129,86,97,-11,11
6130,117,124,-7,7
6131,65,76,-11,11
6132,44,60,-16,16
6133,142,144,-2,2
6134,83,103,-20,20
6135,104,106,-2,2
6136,119,119,0,0
6137,112,119,-7,7
6138,96,99,-3,3
6139,58,76,-18,18
6140,44,58,-14,14
6141,107,121,-14,14
6142,115,125,-10,10
6143,87,103,-16,16
6144,102,114,-12,12
6145,89,98,-9,9
6146,119,125,-6,6
6147,101,109,-8,8
6148,55,73,-18,18
6149,92,99,-7,7
6150,108,109,-1,1
6151,57,71,-14,14
6152,119,124,-5,5
6153,133,138,-5,5
6154,80,96,-16,16
6155,66,84,-18,18
6156,114,118,-4,4
6157,111,125,-14,14
6158,140,144,-4,4
6159,108,102,6,6
6160,89,112,-23,23
6161,88,93,-5,5
6162,76,93,-17,17
6163,80,96,-16,16
6164,98,102,-4,4
6165,73,95,-22,22
6166,136,137,-1,1
6167,50,64,-14,14
6168,88,109,-21,21
6169,69,84,-15,15
6170,151,148,3,3
6171,66,74,-8,8
6172,73,82,-9,9
6173,65,74,-9,9
6174,72,87,-15,15
6175,52,67,-15,15
6176,108,106,2,2
6177,86,94,-8,8
6178,34,61,-27,27
6179,183,178,5,5
6180,54,66,-12,12
6181,122,136,-14,14
6182,64,80,-16,16
6183,75,87,-12,12
6184,105,108,-3,3
6185,65,82,-17,17
6186,84,104,-20,20
6187,101,110,-9,9
6188,117,121,-4,4
6189,148,150,-2,2
6190,66,81,-15,15
6191,106,123,-17,17
6192,147,138,9,9
6193,108,121,-13,13
6194,133,122,11,11
6195,42,63,-21,21
6196,67,76,-9,9
6197,117,121,-4,4
6198,127,143,-16,16
6199,84,97,-13,13
6200,72,84,-12,12
6201,77,87,-10,10
6202,83,94,-11,11
6203,77,102,-25,25
6204,133,139,-6,6
6205,61,84,-23,23
6206,75,93,-18,18
6207,81,90,-9,9
6208,95,100,-5,5
6209,115,121,-6,6
6210,106,105,1,1
6211,85,90,-5,5
6212,89,101,-12,12
6213,103,108,-5,5
6214,78,89,-11,11
6215,83,93,-10,10
6216,128,124,4,4
6217,64,84,-20,20
6218,87,99,-12,12
6219,108,110,-2,2
6220,108,115,-7,7
6221,77,86,-9,9
6222,65,87,-22,22
6223,56,71,-15,15
6224,69,76,-7,7
6225,83,100,-17,17
6226,93,109,-16,16
6227,85,95,-10,10
6228,177,173,4,4
6229,52,67,-15,15
6230,35,55,-20,20
6231,128,126,2,2
6232,98,107,-9,9
6233,83,91,-8,8
6234,67,78,-11,11
6235,102,114,-12,12
6236,115,125,-10,10
6237,103,110,-7,7
6238,99,113,-14,14
6239,100,108,-8,8
6240,148,140,8,8
6241,67,81,-14,14
6242,131,140,-9,9
6243,76,90,-14,14
6244,91,105,-14,14
6245,110,112,-2,2
6246,133,144,-11,11
6247,77,95,-18,18
6248,151,150,1,1
6249,130,145,-15,15
6250,80,99,-19,19
6251,86,99,-13,13
6252,117,136,-19,19
6253,72,84,-12,12
6254,104,114,-10,10
6255,108,111,-3,3
6256,103,117,-14,14
6257,57,79,-22,22
6258,30,56,-26,26
6259,70,85,-15,15
6260,93,117,-24,24
6261,75,84,-9,9
6262,46,64,-18,18
6263,169,147,22,22
6264,88,98,-10,10
6265,71,90,-19,19
6266,97,115,-18,18
6267,133,132,1,1
6268,77,90,-13,13
6269,93,110,-17,17
6270,52,80,-28,28
6271,124,142,-18,18
6272,60,102,-42,42
6273,53,74,-21,21
6274,98,107,-9,9
6275,105,106,-1,1
6276,92,99,-7,7
6277,106,109,-3,3
6278,55,76,-21,21
6279,94,106,-12,12
6280,94,96,-2,2
6281,67,86,-19,19
6282,109,112,-3,3
6283,61,79,-18,18
6284,49,69,-20,20
6285,99,105,-6,6
6286,109,113,-4,4
6287,73,82,-9,9
6288,107,114,-7,7
6289,82,92,-10,10
6290,122,125,-3,3
6291,50,65,-15,15
6292,102,104,-2,2
6293,99,108,-9,9
6294,40,58,-18,18
6295,61,70,-9,9
6296,94,108,-14,14
6297,55,75,-20,20
6298,66,77,-11,11
6299,58,80,-22,22
6300,139,152,-13,13
6301,104,104,0,0
6302,74,83,-9,9
6303,77,84,-7,7
6304,77,86,-9,9
6305,91,104,-13,13
6306,74,86,-12,12
6307,63,75,-12,12
6308,56,70,-14,14
6309,103,122,-19,19
6310,83,96,-13,13
6311,69,93,-24,24
6312,165,149,16,16
6313,109,118,-9,9
6314,93,96,-3,3
6315,123,129,-6,6
6316,142,147,-5,5
6317,71,76,-5,5
6318,102,114,-12,12
6319,81,94,-13,13
6320,178,154,24,24
6321,75,86,-11,11
6322,68,80,-12,12
6323,135,136,-1,1
6324,103,114,-11,11
6325,108,119,-11,11
6326,62,96,-34,34
6327,95,111,-16,16
6328,114,119,-5,5
6329,120,129,-9,9
6330,124,138,-14,14
6331,90,102,-12,12
6332,29,60,-31,31
6333,69,89,-20,20
6334,61,87,-26,26
6335,85,94,-9,9
6336,83,101,-18,18
6337,122,123,-1,1
6338,148,147,1,1
6339,108,108,0,0
6340,96,111,-15,15
6341,75,92,-17,17
6342,101,124,-23,23
6343,81,92,-11,11
6344,98,112,-14,14
6345,95,103,-8,8
6346,100,103,-3,3
6347,96,109,-13,13
6348,161,168,-7,7
6349,84,102,-18,18
6350,55,70,-15,15
6351,59,77,-18,18
6352,124,133,-9,9
6353,137,145,-8,8
6354,118,123,-5,5
6355,144,134,10,10
6356,182,170,12,12
6357,126,130,-4,4
6358,127,131,-4,4
6359,111,118,-7,7
6360,92,104,-12,12
6361,106,117,-11,11
6362,74,91,-17,17
6363,68,95,-27,27
6364,108,124,-16,16
6365,95,106,-11,11
6366,103,116,-13,13
6367,81,93,-12,12
6368,86,102,-16,16
6369,170,153,17,17
6370,50,66,-16,16
6371,51,68,-17,17
6372,94,103,-9,9
6373,146,155,-9,9
6374,74,87,-13,13
6375,100,102,-2,2
6376,128,124,4,4
6377,74,80,-6,6
6378,108,126,-18,18
6379,77,96,-19,19
6380,63,78,-15,15
6381,50,59,-9,9
6382,109,115,-6,6
6383,52,69,-17,17
6384,68,99,-31,31
6385,90,110,-20,20
6386,80,98,-18,18
6387,55,78,-23,23
6388,103,109,-6,6
6389,84,100,-16,16
6390,90,92,-2,2
6391,66,86,-20,20
6392,167,157,10,10
6393,82,95,-13,13
6394,73,84,-11,11
6395,86,104,-18,18
6396,71,88,-17,17
6397,80,100,-20,20
6398,92,111,-19,19
6399,117,120,-3,3
6400,51,77,-26,26
6401,94,103,-9,9
6402,84,93,-9,9
6403,135,144,-9,9
6404,66,87,-21,21
6405,151,148,3,3
6406,92,107,-15,15
6407,102,111,-9,9
6408,116,116,0,0
6409,50,72,-22,22
6410,88,103,-15,15
6411,119,125,-6,6
6412,107,114,-7,7
6413,93,112,-19,19
6414,142,143,-1,1
6415,52,66,-14,14
6416,115,128,-13,13
6417,52,67,-15,15
6418,56,74,-18,18
6419,152,141,11,11
6420,83,85,-2,2
6421,62,80,-18,18
6422,64,88,-24,24
6423,119,121,-2,2
6424,157,147,10,10
6425,51,74,-23,23
6426,118,126,-8,8
6427,58,80,-22,22
6428,94,101,-7,7
6429,45,63,-18,18
6430,120,122,-2,2
6431,88,101,-13,13
6432,84,102,-18,18
6433,131,137,-6,6
6434,98,104,-6,6
6435,50,64,-14,14
6436,88,91,-3,3
6437,101,129,-28,28
6438,78,87,-9,9
6439,40,76,-36,36
6440,103,122,-19,19
6441,96,99,-3,3
6442,83,94,-11,11
6443,93,105,-12,12
6444,82,85,-3,3
6445,103,114,-11,11
6446,41,81,-40,40
6447,39,64,-25,25
6448,60,70,-10,10
6449,137,140,-3,3
6450,46,61,-15,15
6451,51,65,-14,14
6452,82,99,-17,17
6453,131,133,-2,2
6454,66,86,-20,20
6455,76,87,-11,11
6456,204,184,20,20
6457,106,118,-12,12
6458,72,86,-14,14
6459,145,148,-3,3
6460,80,92,-12,12
6461,89,104,-15,15
6462,148,150,-2,2
6463,141,135,6,6
6464,59,75,-16,16
6465,51,63,-12,12
6466,88,96,-8,8
6467,77,96,-19,19
6468,103,114,-11,11
6469,94,97,-3,3
6470,92,93,-1,1
6471,82,92,-10,10
6472,89,103,-14,14
6473,72,88,-16,16
6474,135,138,-3,3
6475,135,137,-2,2
6476,85,94,-9,9
6477,63,85,-22,22
6478,173,160,13,13
6479,108,118,-10,10
6480,141,131,10,10
6481,85,104,-19,19
6482,144,147,-3,3
6483,66,79,-13,13
6484,86,101,-15,15
6485,84,86,-2,2
6486,107,115,-8,8
6487,60,74,-14,14
6488,62,83,-21,21
6489,174,168,6,6
6490,68,77,-9,9
6491,74,93,-19,19
6492,67,81,-14,14
6493,72,79,-7,7
6494,117,123,-6,6
6495,93,127,-34,34
6496,69,90,-21,21
6497,75,89,-14,14
6498,84,93,-9,9
6499,101,114,-13,13
6500,78,89,-11,11
6501,202,189,13,13
6502,97,119,-22,22
6503,79,95,-16,16
6504,97,115,-18,18
6505,60,81,-21,21
6506,58,75,-17,17
6507,113,128,-15,15
6508,63,77,-14,14
6509,79,98,-19,19
6510,94,104,-10,10
6511,129,138,-9,9
6512,142,147,-5,5
6513,96,106,-10,10
6514,83,87,-4,4
6515,137,134,3,3
6516,99,107,-8,8
6517,92,107,-15,15
6518,92,115,-23,23
6519,69,80,-11,11
6520,126,147,-21,21
6521,148,154,-6,6
6522,90,98,-8,8
6523,94,102,-8,8
6524,111,119,-8,8
6525,86,109,-23,23
6526,49,74,-25,25
6527,124,129,-5,5
6528,107,121,-14,14
6529,129,135,-6,6
6530,58,69,-11,11
6531,70,80,-10,10
6532,70,91,-21,21
6533,91,97,-6,6
6534,86,93,-7,7
6535,102,113,-11,11
6536,83,101,-18,18
6537,119,127,-8,8
6538,76,93,-17,17
6539,49,63,-14,14
6540,94,96,-2,2
6541,124,118,6,6
6542,65,77,-12,12
6543,96,119,-23,23
6544,170,164,6,6
6545,68,89,-21,21
6546,28,48,-20,20
6547,135,146,-11,11
6548,151,141,10,10
6549,80,95,-15,15
6550,79,102,-23,23
6551,68,96,-28,28
6552,118,116,2,2
6553,73,89,-16,16
6554,104,123,-19,19
6555,147,137,10,10
6556,91,113,-22,22
6557,147,135,12,12
6558,55,76,-21,21
6559,66,83,-17,17
6560,121,122,-1,1
6561,70,83,-13,13
6562,107,117,-10,10
6563,153,152,1,1
6564,124,136,-12,12
6565,59,82,-23,23
6566,90,105,-15,15
6567,57,77,-20,20
6568,129,129,0,0
6569,98,114,-16,16
6570,152,147,5,5
6571,55,76,-21,21
6572,93,85,8,8
6573,61,73,-12,12
6574,135,135,0,0
6575,72,83,-11,11
6576,105,122,-17,17
6577,65,108,-43,43
6578,91,102,-11,11
6579,117,123,-6,6
6580,85,100,-15,15
6581,125,127,-2,2
6582,57,73,-16,16
6583,151,145,6,6
6584,68,84,-16,16
6585,104,120,-16,16
6586,53,73,-20,20
6587,88,101,-13,13
6588,91,100,-9,9
6589,184,153,31,31
6590,99,108,-9,9
6591,189,167,22,22
6592,186,169,17,17
6593,125,123,2,2
6594,62,86,-24,24
6595,103,114,-11,11
6596,183,176,7,7
6597,62,70,-8,8
6598,66,82,-16,16
6599,73,84,-11,11
6600,114,123,-9,9
6601,123,133,-10,10
6602,108,107,1,1
6603,115,117,-2,2
6604,124,125,-1,1
6605,66,90,-24,24
6606,104,105,-1,1
6607,75,86,-11,11
6608,108,126,-18,18
6609,81,101,-20,20
6610,82,83,-1,1
6611,80,84,-4,4
6612,30,55,-25,25
6613,90,102,-12,12
6614,62,74,-12,12
6615,86,93,-7,7
6616,56,72,-16,16
6617,95,110,-15,15
6618,100,114,-14,14
6619,102,110,-8,8
6620,102,119,-17,17
6621,59,72,-13,13
6622,152,145,7,7
6623,163,161,2,2
6624,143,144,-1,1
6625,162,155,7,7
6626,84,96,-12,12
6627,78,93,-15,15
6628,92,112,-20,20
6629,79,96,-17,17
6630,78,89,-11,11
6631,120,115,5,5
6632,99,102,-3,3
6633,103,104,-1,1
6634,76,94,-18,18
6635,80,93,-13,13
6636,66,78,-12,12
6637,128,135,-7,7
6638,85,89,-4,4
6639,100,113,-13,13
6640,46,67,-21,21
6641,125,134,-9,9
6642,111,126,-15,15
6643,119,127,-8,8
6644,59,76,-17,17
6645,55,70,-15,15
6646,158,150,8,8
6647,106,123,-17,17
6648,136,140,-4,4
6649,108,111,-3,3
6650,124,128,-4,4
6651,106,115,-9,9
6652,92,94,-2,2
6653,118,136,-18,18
6654,108,114,-6,6
6655,114,120,-6,6
6656,51,71,-20,20
6657,85,97,-12,12
6658,61,97,-36,36
6659,74,87,-13,13
6660,67,81,-14,14
6661,108,118,-10,10
6662,132,139,-7,7
6663,78,86,-8,8
6664,102,121,-19,19
6665,175,153,22,22
6666,140,146,-6,6
6667,93,102,-9,9
6668,75,100,-25,25
6669,98,110,-12,12
6670,98,99,-1,1
6671,119,120,-1,1
6672,121,149,-28,28
6673,94,106,-12,12
6674,117,113,4,4
6675,108,120,-12,12
6676,87,115,-28,28
6677,100,105,-5,5
6678,88,98,-10,10
6679,86,83,3,3
6680,65,81,-16,16
6681,81,90,-9,9
6682,89,99,-10,10
6683,114,115,-1,1
6684,108,119,-11,11
6685,95,98,-3,3
6686,100,113,-13,13
6687,98,112,-14,14
6688,88,97,-9,9
6689,95,108,-13,13
6690,92,108,-16,16
6691,161,155,6,6
6692,57,71,-14,14
6693,89,101,-12,12
6694,67,68,-1,1
6695,101,112,-11,11
6696,102,121,-19,19
6697,84,94,-10,10
6698,64,77,-13,13
6699,127,138,-11,11
6700,97,110,-13,13
6701,101,112,-11,11
6702,65,83,-18,18
6703,89,95,-6,6
6704,70,82,-12,12
6705,67,83,-16,16
6706,169,160,9,9
6707,59,80,-21,21
6708,163,149,14,14
6709,38,56,-18,18
6710,117,125,-8,8
6711,53,71,-18,18
6712,52,67,-15,15
6713,120,130,-10,10
6714,80,82,-2,2
6715,52,74,-22,22
6716,127,149,-22,22
6717,87,109,-22,22
6718,54,91,-37,37
6719,66,73,-7,7
6720,98,108,-10,10
6721,112,124,-12,12
6722,56,75,-19,19
6723,114,123,-9,9
6724,90,100,-10,10
6725,87,99,-12,12
6726,58,73,-15,15
6727,118,125,-7,7
6728,96,108,-12,12
6729,102,121,-19,19
6730,84,100,-16,16
6731,111,115,-4,4
6732,62,80,-18,18
6733,73,85,-12,12
6734,69,86,-17,17
6735,133,135,-2,2
6736,87,96,-9,9
6737,64,78,-14,14
6738,85,101,-16,16
6739,103,108,-5,5
6740,86,94,-8,8
6741,68,83,-15,15
6742,145,150,-5,5
6743,74,82,-8,8
6744,91,109,-18,18
6745,102,105,-3,3
6746,128,135,-7,7
6747,104,118,-14,14
6748,110,131,-21,21
6749,56,72,-16,16
6750,83,96,-13,13
6751,109,126,-17,17
6752,77,90,-13,13
6753,164,147,17,17
6754,137,142,-5,5
6755,134,130,4,4
6756,172,163,9,9
6757,116,122,-6,6
6758,80,90,-10,10
6759,50,71,-21,21
6760,168,151,17,17
6761,68,85,-17,17
6762,88,103,-15,15
6763,48,67,-19,19
6764,60,71,-11,11
6765,135,145,-10,10
6766,75,82,-7,7
6767,187,174,13,13
6768,78,83,-5,5
6769,117,111,6,6
6770,109,122,-13,13
6771,79,85,-6,6
6772,80,95,-15,15
6773,72,87,-15,15
6774,105,116,-11,11
6775,130,146,-16,16
6776,108,125,-17,17
6777,39,60,-21,21
6778,94,112,-18,18
6779,76,98,-22,22
6780,84,101,-17,17
6781,110,127,-17,17
6782,79,93,-14,14
6783,129,121,8,8
6784,66,81,-15,15
6785,73,91,-18,18
6786,90,92,-2,2
6787,69,83,-14,14
6788,76,84,-8,8
6789,96,126,-30,30
6790,113,125,-12,12
6791,118,129,-11,11
6792,78,87,-9,9
6793,92,97,-5,5
6794,96,104,-8,8
6795,111,131,-20,20
6796,143,152,-9,9
6797,101,111,-10,10
6798,99,113,-14,14
6799,110,132,-22,22
6800,105,119,-14,14
6801,79,90,-11,11
6802,80,106,-26,26
6803,54,67,-13,13
6804,86,95,-9,9
6805,66,95,-29,29
6806,96,106,-10,10
6807,151,150,1,1
6808,78,116,-38,38
6809,82,101,-19,19
6810,93,101,-8,8
6811,57,82,-25,25
6812,129,129,0,0
6813,89,103,-14,14
6814,83,91,-8,8
6815,72,95,-23,23
6816,85,99,-14,14
6817,58,74,-16,16
6818,69,85,-16,16
6819,69,98,-29,29
6820,55,67,-12,12
6821,114,116,-2,2
6822,145,139,6,6
6823,81,101,-20,20
6824,41,64,-23,23
6825,88,115,-27,27
6826,108,118,-10,10
6827,104,114,-10,10
6828,74,79,-5,5
6829,111,120,-9,9
6830,74,89,-15,15
6831,82,90,-8,8
6832,129,136,-7,7
6833,75,92,-17,17
6834,137,138,-1,1
6835,135,143,-8,8
6836,93,98,-5,5
6837,73,98,-25,25
6838,125,136,-11,11
6839,110,131,-21,21
6840,147,158,-11,11
6841,86,106,-20,20
6842,96,101,-5,5
6843,104,113,-9,9
6844,110,123,-13,13
6845,80,90,-10,10
6846,66,85,-19,19
6847,168,162,6,6
6848,123,146,-23,23
6849,138,147,-9,9
6850,66,78,-12,12
6851,66,76,-10,10
6852,143,140,3,3
6853,88,94,-6,6
6854,76,95,-19,19
6855,143,150,-7,7
6856,108,113,-5,5
6857,74,84,-10,10
6858,76,86,-10,10
6859,59,76,-17,17
6860,87,95,-8,8
6861,113,123,-10,10
6862,57,74,-17,17
6863,56,82,-26,26
6864,102,105,-3,3
6865,74,83,-9,9
6866,89,104,-15,15
6867,75,92,-17,17
6868,128,137,-9,9
6869,106,126,-20,20
6870,92,99,-7,7
6871,138,147,-9,9
6872,75,84,-9,9
6873,103,112,-9,9
6874,120,120,0,0
6875,136,134,2,2
6876,72,84,-12,12
6877,128,147,-19,19
6878,128,135,-7,7
6879,150,147,3,3
6880,86,93,-7,7
6881,85,96,-11,11
6882,62,74,-12,12
6883,76,84,-8,8
6884,123,130,-7,7
6885,64,81,-17,17
6886,116,129,-13,13
6887,62,81,-19,19
6888,81,97,-16,16
6889,118,122,-4,4
6890,117,127,-10,10
6891,123,126,-3,3
6892,144,135,9,9
6893,109,120,-11,11
6894,79,87,-8,8
6895,97,112,-15,15
6896,87,88,-1,1
6897,55,66,-11,11
6898,65,82,-17,17
6899,103,114,-11,11
6900,90,89,1,1
6901,87,97,-10,10
6902,43,60,-17,17
6903,92,102,-10,10
6904,147,150,-3,3
6905,106,112,-6,6
6906,68,92,-24,24
6907,71,78,-7,7
6908,97,109,-12,12
6909,93,105,-12,12
6910,69,96,-27,27
6911,92,112,-20,20
6912,77,96,-19,19
6913,132,133,-1,1
6914,87,101,-14,14
6915,118,123,-5,5
6916,58,73,-15,15
6917,43,57,-14,14
6918,80,103,-23,23
6919,118,118,0,0
6920,107,128,-21,21
6921,132,138,-6,6
6922,86,103,-17,17
6923,114,118,-4,4
6924,85,95,-10,10
6925,66,82,-16,16
6926,65,80,-15,15
6927,84,100,-16,16
6928,122,131,-9,9
6929,74,95,-21,21
6930,154,158,-4,4
6931,93,104,-11,11
6932,40,86,-46,46
6933,88,98,-10,10
6934,84,99,-15,15
6935,67,79,-12,12
6936,113,125,-12,12
6937,110,122,-12,12
6938,217,186,31,31
6939,99,115,-16,16
6940,107,121,-14,14
6941,120,129,-9,9
6942,116,120,-4,4
6943,70,91,-21,21
6944,86,97,-11,11
6945,89,102,-13,13
6946,75,85,-10,10
6947,72,83,-11,11
6948,75,89,-14,14
6949,55,78,-23,23
6950,196,192,4,4
6951,114,117,-3,3
6952,142,113,29,29
6953,76,93,-17,17
6954,71,77,-6,6
6955,80,99,-19,19
6956,81,92,-11,11
6957,106,103,3,3
6958,126,130,-4,4
6959,114,127,-13,13
6960,90,102,-12,12
6961,134,135,-1,1
6962,112,122,-10,10
6963,86,98,-12,12
6964,109,130,-21,21
6965,98,118,-20,20
6966,123,133,-10,10
6967,48,59,-11,11
6968,89,97,-8,8
6969,141,147,-6,6
6970,122,131,-9,9
6971,65,102,-37,37
6972,163,153,10,10
6973,106,114,-8,8
6974,145,148,-3,3
6975,65,76,-11,11
6976,111,105,6,6
6977,110,119,-9,9
6978,40,58,-18,18
6979,77,92,-15,15
6980,81,90,-9,9
6981,136,137,-1,1
6982,124,139,-15,15
6983,107,122,-15,15
6984,83,93,-10,10
6985,137,136,1,1
6986,93,106,-13,13
6987,95,109,-14,14
6988,82,111,-29,29
6989,91,104,-13,13
6990,139,134,5,5
6991,49,64,-15,15
6992,36,53,-17,17
6993,76,80,-4,4
6994,57,75,-18,18
6995,128,140,-12,12
6996,77,104,-27,27
6997,86,101,-15,15
6998,144,144,0,0
6999,72,89,-17,17
7000,48,65,-17,17
7001,86,94,-8,8
7002,96,103,-7,7
7003,67,81,-14,14
7004,65,78,-13,13
7005,132,129,3,3
7006,128,132,-4,4
7007,115,119,-4,4
7008,109,121,-12,12
7009,63,77,-14,14
7010,55,78,-23,23
7011,119,117,2,2
7012,70,79,-9,9
7013,125,129,-4,4
7014,146,143,3,3
7015,84,94,-10,10
7016,120,132,-12,12
7017,83,102,-19,19
7018,68,80,-12,12
7019,106,108,-2,2
7020,147,132,15,15
7021,81,92,-11,11
7022,87,103,-16,16
7023,86,92,-6,6
7024,67,87,-20,20
7025,100,106,-6,6
7026,81,97,-16,16
7027,70,88,-18,18
7028,94,103,-9,9
7029,123,122,1,1
7030,121,121,0,0
7031,71,86,-15,15
7032,73,84,-11,11
7033,79,92,-13,13
7034,98,116,-18,18
7035,147,129,18,18
7036,86,101,-15,15
7037,83,86,-3,3
7038,117,122,-5,5
7039,93,108,-15,15
7040,44,64,-20,20
7041,68,84,-16,16
7042,74,92,-18,18
7043,76,103,-27,27
7044,96,102,-6,6
7045,80,85,-5,5
7046,73,97,-24,24
7047,93,99,-6,6
7048,48,68,-20,20
7049,85,97,-12,12
7050,140,147,-7,7
7051,81,96,-15,15
7052,57,75,-18,18
7053,93,97,-4,4
7054,119,130,-11,11
7055,129,147,-18,18
7056,88,98,-10,10
7057,101,107,-6,6
7058,91,101,-10,10
7059,59,70,-11,11
7060,109,127,-18,18
7061,89,92,-3,3
7062,101,104,-3,3
7063,116,120,-4,4
7064,86,98,-12,12
7065,113,122,-9,9
7066,101,107,-6,6
7067,110,122,-12,12
7068,115,148,-33,33
7069,137,149,-12,12
7070,64,88,-24,24
7071,133,133,0,0
7072,80,101,-21,21
7073,61,74,-13,13
7074,116,130,-14,14
7075,154,149,5,5
7076,69,84,-15,15
7077,123,135,-12,12
7078,63,81,-18,18
7079,99,128,-29,29
7080,52,64,-12,12
7081,86,93,-7,7
7082,79,91,-12,12
7083,97,117,-20,20
7084,68,88,-20,20
7085,79,94,-15,15
7086,82,86,-4,4
7087,66,76,-10,10
7088,28,47,-19,19
7089,54,79,-25,25
7090,76,86,-10,10
7091,74,97,-23,23
7092,97,110,-13,13
7093,82,93,-11,11
7094,103,115,-12,12
7095,61,71,-10,10
7096,69,76,-7,7
7097,60,79,-19,19
7098,61,99,-38,38
7099,100,115,-15,15
7100,100,110,-10,10
7101,129,129,0,0
7102,184,162,22,22
7103,119,127,-8,8
7104,91,97,-6,6
7105,99,118,-19,19
7106,100,105,-5,5
7107,58,80,-22,22
7108,70,83,-13,13
7109,76,97,-21,21
7110,77,91,-14,14
7111,70,83,-13,13
7112,116,119,-3,3
7113,149,148,1,1
7114,124,135,-11,11
7115,139,129,10,10
7116,142,152,-10,10
7117,77,95,-18,18
7118,96,100,-4,4
7119,215,182,33,33
7120,70,85,-15,15
7121,118,128,-10,10
7122,89,101,-12,12
7123,106,110,-4,4
7124,117,127,-10,10
7125,60,77,-17,17
7126,67,84,-17,17
7127,149,152,-3,3
7128,364,367,-3,3
7129,110,115,-5,5
7130,106,107,-1,1
7131,161,159,2,2
7132,119,142,-23,23
7133,113,148,-35,35
7134,100,114,-14,14
7135,51,72,-21,21
7136,121,126,-5,5
7137,108,121,-13,13
7138,107,118,-11,11
7139,62,75,-13,13
7140,84,99,-15,15
7141,93,95,-2,2
7142,143,147,-4,4
7143,136,138,-2,2
7144,53,78,-25,25
7145,97,110,-13,13
7146,139,147,-8,8
7147,126,136,-10,10
7148,46,70,-24,24
7149,172,169,3,3
7150,101,112,-11,11
7151,89,103,-14,14
7152,118,120,-2,2
7153,71,86,-15,15
7154,120,133,-13,13
7155,77,90,-13,13
7156,145,140,5,5
7157,45,57,-12,12
7158,80,93,-13,13
7159,58,75,-17,17
7160,117,124,-7,7
7161,91,102,-11,11
7162,192,176,16,16
7163,68,78,-10,10
7164,71,78,-7,7
7165,82,95,-13,13
7166,84,97,-13,13
7167,70,91,-21,21
7168,47,67,-20,20
7169,95,101,-6,6
7170,59,75,-16,16
7171,154,146,8,8
7172,131,130,1,1
7173,98,111,-13,13
7174,38,60,-22,22
7175,86,104,-18,18
7176,55,74,-19,19
7177,40,59,-19,19
7178,119,127,-8,8
7179,247,216,31,31
7180,96,113,-17,17
7181,69,89,-20,20
7182,87,103,-16,16
7183,93,112,-19,19
7184,84,92,-8,8
7185,127,141,-14,14
7186,106,114,-8,8
7187,62,75,-13,13
7188,84,100,-16,16
7189,48,70,-22,22
7190,116,133,-17,17
7191,83,92,-9,9
7192,123,135,-12,12
7193,97,100,-3,3
7194,119,113,6,6
7195,113,124,-11,11
7196,70,89,-19,19
7197,123,136,-13,13
7198,86,93,-7,7
7199,49,74,-25,25
7200,113,126,-13,13
7201,100,112,-12,12
7202,131,135,-4,4
7203,93,104,-11,11
7204,92,96,-4,4
7205,73,82,-9,9
7206,61,76,-15,15
7207,72,80,-8,8
7208,91,101,-10,10
7209,86,98,-12,12
7210,82,88,-6,6
7211,179,171,8,8
7212,121,119,2,2
7213,58,72,-14,14
7214,83,87,-4,4
7215,100,94,6,6
7216,84,94,-10,10
7217,76,84,-8,8
7218,83,86,-3,3
7219,81,96,-15,15
7220,119,124,-5,5
7221,160,150,10,10
7222,97,111,-14,14
7223,143,156,-13,13
7224,49,65,-16,16
7225,188,165,23,23
7226,79,94,-15,15
7227,62,80,-18,18
7228,71,83,-12,12
7229,114,133,-19,19
7230,167,166,1,1
7231,100,107,-7,7
7232,90,93,-3,3
7233,106,117,-11,11
7234,129,139,-10,10
7235,81,92,-11,11
7236,52,68,-16,16
7237,86,95,-9,9
7238,92,119,-27,27
7239,59,76,-17,17
7240,98,112,-14,14
7241,94,103,-9,9
7242,173,163,10,10
7243,82,104,-22,22
7244,121,129,-8,8
7245,84,89,-5,5
7246,44,56,-12,12
7247,88,109,-21,21
7248,91,96,-5,5
7249,97,106,-9,9
7250,46,62,-16,16
7251,114,120,-6,6
7252,108,111,-3,3
7253,66,80,-14,14
7254,71,86,-15,15
7255,76,93,-17,17
7256,159,154,5,5
7257,39,70,-31,31
7258,47,70,-23,23
7259,142,134,8,8
7260,124,140,-16,16
7261,109,123,-14,14
7262,110,122,-12,12
7263,59,72,-13,13
7264,107,106,1,1
7265,59,68,-9,9
7266,93,109,-16,16
7267,96,111,-15,15
7268,40,72,-32,32
7269,124,128,-4,4
7270,90,89,1,1
7271,52,70,-18,18
7272,95,103,-8,8
7273,81,90,-9,9
7274,171,153,18,18
7275,78,81,-3,3
7276,97,99,-2,2
7277,82,101,-19,19
7278,93,103,-10,10
7279,106,119,-13,13
7280,129,126,3,3
7281,110,129,-19,19
7282,28,67,-39,39
7283,152,153,-1,1
7284,113,116,-3,3
7285,62,76,-14,14
7286,51,68,-17,17
7287,167,164,3,3
7288,60,68,-8,8
7289,176,163,13,13
7290,139,147,-8,8
7291,193,182,11,11
7292,78,92,-14,14
7293,76,85,-9,9
7294,80,90,-10,10
7295,86,112,-26,26
7296,102,104,-2,2
7297,51,62,-11,11
7298,32,51,-19,19
7299,133,132,1,1
7300,160,149,11,11
7301,75,86,-11,11
7302,84,87,-3,3
7303,85,97,-12,12
7304,89,104,-15,15
7305,69,79,-10,10
7306,113,120,-7,7
7307,69,83,-14,14
7308,76,95,-19,19
7309,56,92,-36,36
7310,86,91,-5,5
7311,92,111,-19,19
7312,54,75,-21,21
7313,100,101,-1,1
7314,37,61,-24,24
7315,140,146,-6,6
7316,57,89,-32,32
7317,83,97,-14,14
7318,75,84,-9,9
7319,59,75,-16,16
7320,99,128,-29,29
7321,108,114,-6,6
7322,93,111,-18,18
7323,78,96,-18,18
7324,166,162,4,4
7325,81,94,-13,13
7326,80,92,-12,12
7327,166,148,18,18
7328,56,69,-13,13
7329,108,115,-7,7
7330,88,102,-14,14
7331,124,138,-14,14
7332,71,87,-16,16
7333,111,112,-1,1
7334,77,100,-23,23
7335,84,94,-10,10
7336,85,96,-11,11
7337,103,104,-1,1
7338,67,89,-22,22
7339,128,129,-1,1
7340,54,65,-11,11
7341,98,105,-7,7
7342,115,136,-21,21
7343,80,97,-17,17
7344,66,78,-12,12
7345,84,91,-7,7
7346,179,169,10,10
7347,70,87,-17,17
7348,93,106,-13,13
7349,139,153,-14,14
7350,136,135,1,1
7351,173,165,8,8
7352,112,114,-2,2
7353,76,99,-23,23
7354,112,124,-12,12
7355,118,136,-18,18
7356,109,111,-2,2
7357,101,117,-16,16
7358,105,109,-4,4
7359,67,80,-13,13
7360,131,132,-1,1
7361,41,66,-25,25
7362,49,62,-13,13
7363,113,124,-11,11
7364,137,146,-9,9
7365,96,113,-17,17
7366,68,79,-11,11
7367,110,125,-15,15
7368,70,85,-15,15
7369,155,159,-4,4
7370,58,71,-13,13
7371,140,150,-10,10
7372,119,131,-12,12
7373,67,84,-17,17
7374,79,92,-13,13
7375,68,81,-13,13
7376,62,73,-11,11
7377,48,68,-20,20
7378,104,120,-16,16
7379,67,91,-24,24
7380,63,80,-17,17
7381,70,80,-10,10
7382,83,103,-20,20
7383,66,82,-16,16
7384,67,91,-24,24
7385,54,70,-16,16
7386,144,150,-6,6
7387,68,81,-13,13
7388,76,93,-17,17
7389,62,74,-12,12
7390,147,143,4,4
7391,80,111,-31,31
7392,53,71,-18,18
7393,73,84,-11,11
7394,74,85,-11,11
7395,63,84,-21,21
7396,111,122,-11,11
7397,199,175,24,24
7398,90,100,-10,10
7399,65,79,-14,14
7400,68,77,-9,9
7401,81,94,-13,13
7402,95,105,-10,10
7403,83,95,-12,12
7404,99,99,0,0
7405,64,87,-23,23
7406,70,86,-16,16
7407,62,71,-9,9
7408,60,79,-19,19
7409,84,100,-16,16
7410,63,77,-14,14
7411,91,111,-20,20
7412,53,82,-29,29
7413,114,119,-5,5
7414,102,112,-10,10
7415,80,83,-3,3
7416,85,107,-22,22
7417,112,127,-15,15
7418,86,101,-15,15
7419,61,81,-20,20
7420,118,121,-3,3
7421,108,100,8,8
7422,179,158,21,21
7423,87,99,-12,12
7424,185,163,22,22
7425,91,99,-8,8
7426,73,93,-20,20
7427,63,72,-9,9
7428,159,148,11,11
7429,146,148,-2,2
7430,75,97,-22,22
7431,73,88,-15,15
7432,107,112,-5,5
7433,93,103,-10,10
7434,89,106,-17,17
7435,82,106,-24,24
7436,79,88,-9,9
7437,50,69,-19,19
7438,69,85,-16,16
7439,89,105,-16,16
7440,145,152,-7,7
7441,84,102,-18,18
7442,115,129,-14,14
7443,103,132,-29,29
7444,90,107,-17,17
7445,57,67,-10,10
7446,118,117,1,1
7447,99,115,-16,16
7448,124,126,-2,2
7449,102,121,-19,19
7450,97,109,-12,12
7451,64,81,-17,17
7452,78,83,-5,5
7453,121,130,-9,9
7454,163,152,11,11
7455,63,75,-12,12
7456,53,73,-20,20
7457,71,80,-9,9
7458,79,94,-15,15
7459,102,115,-13,13
7460,130,132,-2,2
7461,114,121,-7,7
7462,118,133,-15,15
7463,93,108,-15,15
7464,78,92,-14,14
7465,87,100,-13,13
7466,107,109,-2,2
7467,105,108,-3,3
7468,135,149,-14,14
7469,64,77,-13,13
7470,80,87,-7,7
7471,79,98,-19,19
7472,156,157,-1,1
7473,123,135,-12,12
7474,81,104,-23,23
7475,91,104,-13,13
7476,184,161,23,23
7477,62,84,-22,22
7478,76,95,-19,19
7479,112,120,-8,8
7480,60,78,-18,18
7481,103,108,-5,5
7482,83,98,-15,15
7483,69,82,-13,13
7484,206,190,16,16
7485,78,96,-18,18
7486,82,86,-4,4
7487,81,98,-17,17
7488,39,54,-15,15
7489,109,125,-16,16
7490,32,72,-40,40
7491,65,91,-26,26
7492,88,98,-10,10
7493,94,108,-14,14
7494,87,106,-19,19
7495,74,84,-10,10
7496,88,98,-10,10
7497,103,116,-13,13
7498,72,74,-2,2
7499,83,96,-13,13
7500,197,201,-4,4
7501,41,60,-19,19
7502,76,90,-14,14
7503,129,126,3,3
7504,40,73,-33,33
7505,136,147,-11,11
7506,62,74,-12,12
7507,66,82,-16,16
7508,106,130,-24,24
7509,62,78,-16,16
7510,109,112,-3,3
7511,136,133,3,3
7512,100,109,-9,9
7513,160,153,7,7
7514,105,112,-7,7
7515,122,125,-3,3
7516,98,110,-12,12
7517,78,91,-13,13
7518,75,90,-15,15
7519,67,79,-12,12
7520,56,72,-16,16
7521,60,73,-13,13
7522,38,55,-17,17
7523,53,72,-19,19
7524,57,83,-26,26
7525,113,121,-8,8
7526,83,91,-8,8
7527,81,87,-6,6
7528,136,147,-11,11
7529,78,85,-7,7
7530,89,99,-10,10
7531,86,98,-12,12
7532,68,86,-18,18
7533,156,153,3,3
7534,85,92,-7,7
7535,126,135,-9,9
7536,57,80,-23,23
7537,114,127,-13,13
7538,113,115,-2,2
7539,75,99,-24,24
7540,130,131,-1,1
7541,79,83,-4,4
7542,112,118,-6,6
7543,120,131,-11,11
7544,76,91,-15,15
7545,86,92,-6,6
7546,60,76,-16,16
7547,52,70,-18,18
7548,80,86,-6,6
7549,136,134,2,2
7550,71,87,-16,16
7551,152,153,-1,1
7552,59,80,-21,21
7553,88,93,-5,5
7554,71,78,-7,7
7555,71,81,-10,10
7556,88,105,-17,17
7557,44,61,-17,17
7558,95,112,-17,17
7559,99,111,-12,12
7560,74,95,-21,21
7561,148,143,5,5
7562,74,86,-12,12
7563,103,105,-2,2
7564,70,83,-13,13
7565,128,125,3,3
7566,70,84,-14,14
7567,69,87,-18,18
7568,95,94,1,1
7569,125,134,-9,9
7570,87,103,-16,16
7571,130,138,-8,8
7572,105,127,-22,22
7573,96,105,-9,9
7574,90,104,-14,14
7575,52,67,-15,15
7576,77,102,-25,25
7577,143,143,0,0
7578,97,120,-23,23
7579,81,94,-13,13
7580,55,66,-11,11
7581,122,133,-11,11
7582,59,74,-15,15
7583,106,115,-9,9
7584,146,138,8,8
7585,62,76,-14,14
7586,122,127,-5,5
7587,166,155,11,11
7588,76,82,-6,6
7589,82,101,-19,19
7590,114,119,-5,5
7591,113,135,-22,22
7592,94,106,-12,12
7593,113,128,-15,15
7594,79,97,-18,18
7595,106,114,-8,8
7596,123,132,-9,9
7597,118,123,-5,5
7598,80,88,-8,8
7599,94,103,-9,9
7600,89,92,-3,3
7601,64,72,-8,8
7602,113,124,-11,11
7603,137,140,-3,3
7604,53,117,-64,64
7605,133,142,-9,9
7606,65,99,-34,34
7607,78,94,-16,16
7608,40,53,-13,13
7609,60,78,-18,18
7610,52,70,-18,18
7611,136,138,-2,2
7612,155,153,2,2
7613,94,107,-13,13
7614,75,93,-18,18
7615,36,57,-21,21
7616,132,137,-5,5
7617,117,127,-10,10
7618,136,148,-12,12
7619,141,133,8,8
7620,65,78,-13,13
7621,96,96,0,0
7622,68,90,-22,22
7623,144,137,7,7
7624,148,148,0,0
7625,117,126,-9,9
7626,60,82,-22,22
7627,98,108,-10,10
7628,114,120,-6,6
7629,139,134,5,5
7630,109,112,-3,3
7631,69,88,-19,19
7632,105,111,-6,6
7633,116,123,-7,7
7634,72,81,-9,9
7635,74,99,-25,25
7636,102,118,-16,16
7637,62,69,-7,7
7638,36,53,-17,17
7639,94,100,-6,6
7640,78,90,-12,12
7641,150,146,4,4
7642,81,92,-11,11
7643,154,153,1,1
7644,115,131,-16,16
7645,44,69,-25,25
7646,88,106,-18,18
7647,80,88,-8,8
7648,75,85,-10,10
7649,58,71,-13,13
7650,124,133,-9,9
7651,90,99,-9,9
7652,117,118,-1,1
7653,93,101,-8,8
7654,133,140,-7,7
7655,71,79,-8,8
7656,82,98,-16,16
7657,66,82,-16,16
7658,69,85,-16,16
7659,112,117,-5,5
7660,114,120,-6,6
7661,81,86,-5,5
7662,110,123,-13,13
7663,76,89,-13,13
7664,97,112,-15,15
7665,83,98,-15,15
7666,73,87,-14,14
7667,109,116,-7,7
7668,67,78,-11,11
7669,101,118,-17,17
7670,74,87,-13,13
7671,122,130,-8,8
7672,51,73,-22,22
7673,80,104,-24,24
7674,118,121,-3,3
7675,87,94,-7,7
7676,84,94,-10,10
7677,135,137,-2,2
7678,51,111,-60,60
7679,121,117,4,4
7680,60,74,-14,14
7681,150,148,2,2
7682,41,61,-20,20
7683,55,69,-14,14
7684,149,138,11,11
7685,136,140,-4,4
7686,121,119,2,2
7687,121,125,-4,4
7688,50,76,-26,26
7689,61,73,-12,12
7690,129,133,-4,4
7691,83,109,-26,26
7692,83,109,-26,26
7693,77,85,-8,8
7694,110,115,-5,5
7695,110,108,2,2
7696,108,125,-17,17
7697,95,108,-13,13
7698,91,98,-7,7
7699,99,104,-5,5
7700,105,115,-10,10
7701,104,140,-36,36
7702,82,102,-20,20
7703,68,84,-16,16
7704,77,88,-11,11
7705,103,108,-5,5
7706,87,99,-12,12
7707,55,70,-15,15
7708,94,104,-10,10
7709,67,80,-13,13
7710,75,104,-29,29
7711,137,143,-6,6
7712,69,84,-15,15
7713,67,82,-15,15
7714,77,103,-26,26
7715,68,83,-15,15
7716,117,126,-9,9
7717,109,130,-21,21
7718,164,149,15,15
7719,102,128,-26,26
7720,77,98,-21,21
7721,71,100,-29,29
7722,71,85,-14,14
7723,146,138,8,8
7724,40,56,-16,16
7725,121,124,-3,3
7726,86,91,-5,5
7727,99,115,-16,16
7728,68,88,-20,20
7729,89,88,1,1
7730,71,87,-16,16
7731,72,87,-15,15
7732,49,63,-14,14
7733,155,137,18,18
7734,145,148,-3,3
7735,102,118,-16,16
7736,131,138,-7,7
7737,101,101,0,0
7738,61,79,-18,18
7739,108,124,-16,16
7740,62,79,-17,17
7741,93,99,-6,6
7742,84,96,-12,12
7743,56,110,-54,54
7744,143,143,0,0
7745,145,146,-1,1
7746,103,105,-2,2
7747,88,100,-12,12
7748,96,107,-11,11
7749,63,78,-15,15
7750,88,99,-11,11
7751,50,77,-27,27
7752,106,119,-13,13
7753,89,89,0,0
7754,101,119,-18,18
7755,134,135,-1,1
7756,91,97,-6,6
7757,134,147,-13,13
7758,79,94,-15,15
7759,161,153,8,8
7760,127,136,-9,9
7761,88,103,-15,15
7762,61,83,-22,22
7763,60,82,-22,22
7764,102,109,-7,7
7765,140,149,-9,9
7766,69,84,-15,15
7767,101,123,-22,22
7768,175,167,8,8
7769,129,148,-19,19
7770,115,123,-8,8
7771,88,113,-25,25
7772,79,93,-14,14
7773,102,111,-9,9
7774,43,59,-16,16
7775,97,109,-12,12
7776,132,146,-14,14
7777,58,71,-13,13
7778,89,106,-17,17
7779,90,105,-15,15
7780,98,116,-18,18
7781,102,113,-11,11
7782,88,103,-15,15
7783,106,116,-10,10
7784,99,112,-13,13
7785,151,147,4,4
7786,111,123,-12,12
7787,65,80,-15,15
7788,71,85,-14,14
7789,79,103,-24,24
7790,65,80,-15,15
7791,136,135,1,1
7792,151,155,-4,4
7793,108,117,-9,9
7794,121,122,-1,1
7795,54,76,-22,22
7796,96,113,-17,17
7797,98,104,-6,6
7798,62,78,-16,16
7799,78,98,-20,20
7800,97,112,-15,15
7801,80,92,-12,12
7802,65,83,-18,18
7803,74,98,-24,24
7804,118,128,-10,10
7805,109,112,-3,3
7806,99,106,-7,7
7807,78,100,-22,22
7808,59,86,-27,27
7809,84,102,-18,18
7810,108,119,-11,11
7811,89,107,-18,18
7812,119,120,-1,1
7813,182,163,19,19
7814,133,131,2,2
7815,90,108,-18,18
7816,144,158,-14,14
7817,109,116,-7,7
7818,154,146,8,8
7819,54,71,-17,17
7820,59,82,-23,23
7821,120,125,-5,5
7822,113,134,-21,21
7823,90,102,-12,12
7824,119,124,-5,5
7825,72,87,-15,15
7826,173,162,11,11
7827,252,236,16,16
7828,123,143,-20,20
7829,178,165,13,13
7830,207,171,36,36
7831,86,104,-18,18
7832,61,73,-12,12
7833,82,102,-20,20
7834,77,90,-13,13
7835,90,100,-10,10
7836,85,111,-26,26
7837,133,148,-15,15
7838,67,82,-15,15
7839,71,93,-22,22
7840,118,135,-17,17
7841,168,163,5,5
7842,101,116,-15,15
7843,126,127,-1,1
7844,127,134,-7,7
7845,197,181,16,16
7846,67,78,-11,11
7847,59,74,-15,15
7848,139,145,-6,6
7849,84,100,-16,16
7850,75,91,-16,16
7851,124,132,-8,8
7852,61,76,-15,15
7853,78,90,-12,12
7854,102,104,-2,2
7855,50,60,-10,10
7856,72,96,-24,24
7857,98,117,-19,19
7858,109,115,-6,6
7859,97,102,-5,5
7860,79,88,-9,9
7861,73,88,-15,15
7862,114,115,-1,1
7863,118,125,-7,7
7864,101,121,-20,20
7865,103,117,-14,14
7866,49,68,-19,19
7867,49,69,-20,20
7868,37,60,-23,23
7869,121,130,-9,9
7870,69,82,-13,13
7871,126,136,-10,10
7872,91,103,-12,12
7873,119,124,-5,5
7874,105,115,-10,10
7875,129,135,-6,6
7876,83,95,-12,12
7877,99,111,-12,12
7878,106,123,-17,17
7879,67,78,-11,11
7880,132,138,-6,6
7881,110,110,0,0
7882,72,82,-10,10
7883,126,131,-5,5
7884,129,148,-19,19
7885,74,83,-9,9
7886,131,139,-8,8
7887,97,106,-9,9
7888,118,130,-12,12
7889,124,131,-7,7
7890,66,88,-22,22
7891,99,123,-24,24
7892,93,106,-13,13
7893,169,161,8,8
7894,109,125,-16,16
7895,194,178,16,16
7896,131,131,0,0
7897,67,83,-16,16
7898,102,116,-14,14
7899,126,130,-4,4
7900,166,167,-1,1
7901,52,72,-20,20
7902,129,147,-18,18
7903,175,164,11,11
7904,77,82,-5,5
7905,52,65,-13,13
7906,73,80,-7,7
7907,97,110,-13,13
7908,49,65,-16,16
7909,112,119,-7,7
7910,108,125,-17,17
7911,91,94,-3,3
7912,84,119,-35,35
7913,35,60,-25,25
7914,182,179,3,3
7915,61,77,-16,16
7916,61,70,-9,9
7917,79,90,-11,11
7918,55,73,-18,18
7919,64,79,-15,15
7920,142,141,1,1
7921,66,79,-13,13
7922,74,94,-20,20
7923,150,148,2,2
7924,99,108,-9,9
7925,106,120,-14,14
7926,72,95,-23,23
7927,121,126,-5,5
7928,114,122,-8,8
7929,75,84,-9,9
7930,65,85,-20,20
7931,116,126,-10,10
7932,99,108,-9,9
7933,199,190,9,9
7934,60,76,-16,16
7935,67,76,-9,9
7936,81,91,-10,10
7937,178,148,30,30
7938,70,95,-25,25
7939,131,130,1,1
7940,149,144,5,5
7941,70,84,-14,14
7942,97,116,-19,19
7943,104,102,2,2
7944,73,86,-13,13
7945,74,93,-19,19
7946,87,110,-23,23
7947,112,124,-12,12
7948,126,128,-2,2
7949,86,120,-34,34
7950,134,136,-2,2
7951,117,112,5,5
7952,61,76,-15,15
7953,71,95,-24,24
7954,80,100,-20,20
7955,63,77,-14,14
7956,70,78,-8,8
7957,63,90,-27,27
7958,46,65,-19,19
7959,59,78,-19,19
7960,89,101,-12,12
7961,134,136,-2,2
7962,113,121,-8,8
7963,73,95,-22,22
7964,122,123,-1,1
7965,59,75,-16,16
7966,142,149,-7,7
7967,175,167,8,8
7968,61,72,-11,11
7969,142,153,-11,11
7970,68,74,-6,6
7971,51,71,-20,20
7972,94,111,-17,17
7973,104,112,-8,8
7974,85,97,-12,12
7975,155,155,0,0
7976,157,165,-8,8
7977,115,121,-6,6
7978,94,110,-16,16
7979,86,108,-22,22
7980,115,139,-24,24
7981,85,96,-11,11
7982,106,117,-11,11
7983,64,80,-16,16
7984,38,91,-53,53
7985,51,68,-17,17
7986,106,120,-14,14
7987,101,116,-15,15
7988,46,76,-30,30
7989,85,94,-9,9
7990,104,114,-10,10
7991,95,112,-17,17
7992,130,134,-4,4
7993,151,148,3,3
7994,57,71,-14,14
7995,93,109,-16,16
7996,69,80,-11,11
7997,39,53,-14,14
7998,76,92,-16,16
7999,84,91,-7,7
8000,41,61,-20,20
8001,45,67,-22,22
8002,68,84,-16,16
8003,82,91,-9,9
8004,68,85,-17,17
8005,73,83,-10,10
8006,49,85,-36,36
8007,93,103,-10,10
8008,75,86,-11,11
8009,85,88,-3,3
8010,103,116,-13,13
8011,129,135,-6,6
8012,116,131,-15,15
8013,77,86,-9,9
8014,83,96,-13,13
8015,104,104,0,0
8016,124,122,2,2
8017,89,105,-16,16
8018,88,117,-29,29
8019,49,77,-28,28
8020,104,118,-14,14
8021,107,123,-16,16
8022,125,134,-9,9
8023,57,74,-17,17
8024,104,107,-3,3
8025,51,87,-36,36
8026,86,93,-7,7
8027,96,109,-13,13
8028,190,185,5,5
8029,84,98,-14,14
8030,105,117,-12,12
8031,94,100,-6,6
8032,74,84,-10,10
8033,100,102,-2,2
8034,126,128,-2,2
8035,73,86,-13,13
8036,83,101,-18,18
8037,141,140,1,1
8038,124,134,-10,10
8039,79,94,-15,15
8040,135,136,-1,1
8041,81,86,-5,5
8042,137,144,-7,7
8043,75,91,-16,16
8044,54,81,-27,27
8045,102,115,-13,13
8046,157,145,12,12
8047,93,107,-14,14
8048,155,145,10,10
8049,71,84,-13,13
8050,109,124,-15,15
8051,60,77,-17,17
8052,57,81,-24,24
8053,113,125,-12,12
8054,130,141,-11,11
8055,71,98,-27,27
8056,92,99,-7,7
8057,148,138,10,10
8058,117,114,3,3
8059,68,84,-16,16
8060,161,151,10,10
8061,85,92,-7,7
8062,65,78,-13,13
8063,43,60,-17,17
8064,102,110,-8,8
8065,69,75,-6,6
8066,185,175,10,10
8067,133,137,-4,4
8068,104,112,-8,8
8069,105,117,-12,12
8070,120,125,-5,5
8071,85,98,-13,13
8072,73,79,-6,6
8073,158,162,-4,4
8074,76,83,-7,7
8075,87,90,-3,3
8076,148,145,3,3
8077,85,100,-15,15
8078,98,96,2,2
8079,66,88,-22,22
8080,100,114,-14,14
8081,110,120,-10,10
8082,86,102,-16,16
8083,119,133,-14,14
8084,75,86,-11,11
8085,110,135,-25,25
8086,69,95,-26,26
8087,127,123,4,4
8088,98,106,-8,8
8089,116,132,-16,16
8090,65,82,-17,17
8091,94,106,-12,12
8092,58,71,-13,13
8093,68,103,-35,35
8094,118,123,-5,5
8095,27,46,-19,19
8096,74,80,-6,6
8097,81,98,-17,17
8098,98,104,-6,6
8099,56,79,-23,23
8100,101,111,-10,10
8101,128,131,-3,3
8102,104,113,-9,9
8103,69,86,-17,17
8104,130,126,4,4
8105,121,132,-11,11
8106,42,111,-69,69
8107,89,108,-19,19
8108,71,80,-9,9
8109,129,124,5,5
8110,59,82,-23,23
8111,101,116,-15,15
8112,102,113,-11,11
8113,109,125,-16,16
8114,94,100,-6,6
8115,108,125,-17,17
8116,102,108,-6,6
8117,89,106,-17,17
8118,121,132,-11,11
8119,122,142,-20,20
8120,67,90,-23,23
8121,51,79,-28,28
8122,89,96,-7,7
8123,88,105,-17,17
8124,131,131,0,0
8125,103,114,-11,11
8126,151,167,-16,16
8127,134,147,-13,13
8128,108,120,-12,12
8129,92,100,-8,8
8130,65,75,-10,10
8131,81,93,-12,12
8132,68,95,-27,27
8133,91,96,-5,5
8134,114,118,-4,4
8135,48,73,-25,25
8136,102,116,-14,14
8137,149,149,0,0
8138,108,118,-10,10
8139,60,74,-14,14
8140,103,118,-15,15
8141,65,85,-20,20
8142,119,135,-16,16
8143,104,118,-14,14
8144,64,72,-8,8
8145,48,66,-18,18
8146,55,72,-17,17
8147,75,92,-17,17
8148,44,77,-33,33
8149,73,93,-20,20
8150,54,71,-17,17
8151,54,77,-23,23
8152,52,72,-20,20
8153,95,100,-5,5
8154,66,84,-18,18
8155,85,116,-31,31
8156,75,81,-6,6
8157,95,123,-28,28
8158,95,101,-6,6
8159,36,54,-18,18
8160,79,97,-18,18
8161,123,133,-10,10
8162,81,87,-6,6
8163,176,153,23,23
8164,60,68,-8,8
8165,61,88,-27,27
8166,140,137,3,3
8167,127,132,-5,5
8168,96,111,-15,15
8169,99,100,-1,1
8170,108,112,-4,4
8171,58,75,-17,17
8172,51,73,-22,22
8173,95,103,-8,8
8174,58,88,-30,30
8175,76,84,-8,8
8176,116,119,-3,3
8177,108,110,-2,2
8178,168,155,13,13
8179,27,52,-25,25
8180,145,140,5,5
8181,53,70,-17,17
8182,67,81,-14,14
8183,92,102,-10,10
8184,78,90,-12,12
8185,113,125,-12,12
8186,141,148,-7,7
8187,136,132,4,4
8188,103,116,-13,13
8189,86,104,-18,18
8190,195,192,3,3
8191,75,85,-10,10
8192,63,81,-18,18
8193,66,79,-13,13
8194,127,136,-9,9
8195,122,124,-2,2
8196,54,113,-59,59
8197,101,115,-14,14
8198,93,95,-2,2
8199,64,80,-16,16
8200,108,120,-12,12
8201,111,117,-6,6
8202,77,81,-4,4
8203,154,153,1,1
8204,94,98,-4,4
8205,84,95,-11,11
8206,76,101,-25,25
8207,87,94,-7,7
8208,126,122,4,4
8209,82,93,-11,11
8210,82,98,-16,16
8211,80,92,-12,12
8212,126,140,-14,14
8213,64,80,-16,16
8214,142,136,6,6
8215,143,144,-1,1
8216,127,147,-20,20
8217,76,95,-19,19
8218,57,88,-31,31
8219,109,110,-1,1
8220,141,145,-4,4
8221,129,128,1,1
8222,114,115,-1,1
8223,83,93,-10,10
8224,149,150,-1,1
8225,47,70,-23,23
8226,88,102,-14,14
8227,88,96,-8,8
8228,105,115,-10,10
8229,93,114,-21,21
8230,109,112,-3,3
8231,87,95,-8,8
8232,43,55,-12,12
8233,81,89,-8,8
8234,101,96,5,5
8235,80,85,-5,5
8236,112,117,-5,5
8237,92,111,-19,19
8238,102,110,-8,8
8239,71,80,-9,9
8240,166,155,11,11
8241,98,100,-2,2
8242,129,124,5,5
8243,79,99,-20,20
8244,109,115,-6,6
8245,145,142,3,3
8246,166,154,12,12
8247,76,93,-17,17
8248,46,63,-17,17
8249,113,118,-5,5
8250,75,97,-22,22
8251,86,93,-7,7
8252,76,88,-12,12
8253,88,106,-18,18
8254,67,87,-20,20
8255,100,111,-11,11
8256,71,91,-20,20
8257,59,76,-17,17
8258,181,171,10,10
8259,56,71,-15,15
8260,114,110,4,4
8261,92,111,-19,19
8262,100,109,-9,9
8263,75,106,-31,31
8264,188,172,16,16
8265,51,68,-17,17
8266,84,105,-21,21
8267,171,178,-7,7
8268,66,75,-9,9
8269,92,100,-8,8
8270,122,129,-7,7
8271,40,71,-31,31
8272,87,98,-11,11
8273,122,129,-7,7
8274,98,104,-6,6
8275,96,109,-13,13
8276,120,124,-4,4
8277,82,98,-16,16
8278,88,95,-7,7
8279,60,79,-19,19
8280,83,94,-11,11
8281,81,86,-5,5
8282,151,151,0,0
8283,187,177,10,10
8284,98,121,-23,23
8285,95,102,-7,7
8286,77,87,-10,10
8287,144,147,-3,3
8288,81,95,-14,14
8289,91,108,-17,17
8290,149,150,-1,1
8291,99,127,-28,28
8292,96,100,-4,4
8293,129,141,-12,12
8294,63,78,-15,15
8295,86,92,-6,6
8296,64,84,-20,20
8297,74,79,-5,5
8298,93,105,-12,12
8299,85,97,-12,12
8300,248,217,31,31
8301,91,102,-11,11
8302,58,75,-17,17
8303,93,102,-9,9
8304,93,106,-13,13
8305,55,75,-20,20
8306,102,114,-12,12
8307,107,106,1,1
8308,79,93,-14,14
8309,84,93,-9,9
8310,95,101,-6,6
8311,110,119,-9,9
8312,80,93,-13,13
8313,44,63,-19,19
8314,96,106,-10,10
8315,59,81,-22,22
8316,109,120,-11,11
8317,198,188,10,10
8318,81,103,-22,22
8319,119,126,-7,7
8320,106,118,-12,12
8321,114,114,0,0
8322,51,71,-20,20
8323,110,118,-8,8
8324,112,124,-12,12
8325,99,110,-11,11
8326,80,88,-8,8
8327,59,86,-27,27
8328,110,123,-13,13
8329,125,123,2,2
8330,137,145,-8,8
8331,73,86,-13,13
8332,190,177,13,13
8333,137,147,-10,10
8334,46,60,-14,14
8335,124,136,-12,12
8336,87,96,-9,9
8337,114,109,5,5
8338,83,95,-12,12
8339,85,98,-13,13
8340,142,153,-11,11
8341,108,105,3,3
8342,129,139,-10,10
8343,107,111,-4,4
8344,109,120,-11,11
8345,144,150,-6,6
8346,76,89,-13,13
8347,38,74,-36,36
8348,157,156,1,1
8349,55,72,-17,17
8350,99,118,-19,19
8351,153,147,6,6
8352,74,83,-9,9
8353,74,89,-15,15
8354,78,88,-10,10
8355,74,97,-23,23
8356,94,108,-14,14
8357,112,114,-2,2
8358,141,149,-8,8
8359,82,86,-4,4
8360,160,160,0,0
8361,103,112,-9,9
8362,110,114,-4,4
8363,42,63,-21,21
8364,69,84,-15,15
8365,59,69,-10,10
8366,98,108,-10,10
8367,75,85,-10,10
8368,58,75,-17,17
8369,74,82,-8,8
8370,108,121,-13,13
8371,66,88,-22,22
8372,105,107,-2,2
8373,46,73,-27,27
8374,55,69,-14,14
8375,71,84,-13,13
8376,115,126,-11,11
8377,88,89,-1,1
8378,47,62,-15,15
8379,174,157,17,17
8380,94,96,-2,2
8381,74,90,-16,16
8382,84,94,-10,10
8383,85,95,-10,10
8384,65,75,-10,10
8385,39,53,-14,14
8386,118,123,-5,5
8387,101,110,-9,9
8388,78,90,-12,12
8389,97,117,-20,20
8390,104,109,-5,5
8391,98,106,-8,8
8392,81,110,-29,29
8393,112,121,-9,9
8394,98,108,-10,10
8395,96,110,-14,14
8396,53,64,-11,11
8397,67,96,-29,29
8398,70,88,-18,18
8399,114,112,2,2
8400,104,120,-16,16
8401,65,83,-18,18
8402,80,89,-9,9
8403,96,96,0,0
8404,70,81,-11,11
8405,105,118,-13,13
8406,100,101,-1,1
8407,160,149,11,11
8408,91,109,-18,18
8409,100,112,-12,12
8410,119,112,7,7
8411,65,83,-18,18
8412,99,115,-16,16
8413,172,148,24,24
8414,83,95,-12,12
8415,85,91,-6,6
8416,69,78,-9,9
8417,59,79,-20,20
8418,93,106,-13,13
8419,81,96,-15,15
8420,75,89,-14,14
8421,62,79,-17,17
8422,115,114,1,1
8423,107,148,-41,41
8424,105,113,-8,8
8425,51,72,-21,21
8426,76,91,-15,15
8427,88,104,-16,16
8428,145,146,-1,1
8429,114,128,-14,14
8430,38,58,-20,20
8431,133,141,-8,8
8432,74,87,-13,13
8433,119,127,-8,8
8434,96,101,-5,5
8435,143,139,4,4
8436,60,74,-14,14
8437,130,129,1,1
8438,120,121,-1,1
8439,122,147,-25,25
8440,113,121,-8,8
8441,68,88,-20,20
8442,98,105,-7,7
8443,143,134,9,9
8444,77,83,-6,6
8445,92,105,-13,13
8446,61,73,-12,12
8447,74,94,-20,20
8448,94,98,-4,4
8449,102,107,-5,5
8450,118,121,-3,3
8451,119,131,-12,12
8452,193,176,17,17
8453,95,105,-10,10
8454,89,98,-9,9
8455,129,141,-12,12
8456,124,128,-4,4
8457,84,90,-6,6
8458,76,91,-15,15
8459,55,73,-18,18
8460,143,143,0,0
8461,134,129,5,5
8462,88,105,-17,17
8463,132,143,-11,11
8464,114,111,3,3
8465,71,82,-11,11
8466,79,84,-5,5
8467,101,111,-10,10
8468,134,144,-10,10
8469,61,72,-11,11
8470,81,89,-8,8
8471,107,122,-15,15
8472,86,93,-7,7
8473,83,96,-13,13
8474,94,106,-12,12
8475,102,118,-16,16
8476,110,141,-31,31
8477,137,145,-8,8
8478,56,84,-28,28
8479,134,132,2,2
8480,80,99,-19,19
8481,46,66,-20,20
8482,111,122,-11,11
8483,112,118,-6,6
8484,121,130,-9,9
8485,113,124,-11,11
8486,91,109,-18,18
8487,47,67,-20,20
8488,65,78,-13,13
8489,56,87,-31,31
8490,83,99,-16,16
8491,85,102,-17,17
8492,102,108,-6,6
8493,80,97,-17,17
8494,110,119,-9,9
8495,141,149,-8,8
8496,90,104,-14,14
8497,73,85,-12,12
8498,60,72,-12,12
8499,178,150,28,28
8500,124,138,-14,14
8501,108,109,-1,1
8502,100,114,-14,14
8503,78,93,-15,15
8504,115,133,-18,18
8505,127,140,-13,13
8506,47,61,-14,14
8507,58,74,-16,16
8508,151,146,5,5
8509,104,107,-3,3
8510,56,81,-25,25
8511,79,102,-23,23
8512,67,82,-15,15
8513,109,124,-15,15
8514,83,83,0,0
8515,101,97,4,4
8516,78,97,-19,19
8517,101,138,-37,37
8518,64,85,-21,21
8519,69,77,-8,8
8520,81,90,-9,9
8521,185,177,8,8
8522,89,94,-5,5
8523,137,131,6,6
8524,98,104,-6,6
8525,185,168,17,17
8526,62,86,-24,24
8527,135,140,-5,5
8528,140,138,2,2
8529,166,169,-3,3
8530,68,86,-18,18
8531,100,119,-19,19
8532,122,141,-19,19
8533,105,115,-10,10
8534,129,137,-8,8
8535,117,126,-9,9
8536,74,90,-16,16
8537,91,103,-12,12
8538,96,108,-12,12
8539,96,108,-12,12
8540,76,94,-18,18
8541,106,110,-4,4
8542,71,80,-9,9
8543,43,58,-15,15
8544,88,97,-9,9
8545,79,103,-24,24
8546,104,108,-4,4
8547,82,95,-13,13
8548,112,123,-11,11
8549,104,116,-12,12
8550,55,70,-15,15
8551,90,102,-12,12
8552,47,75,-28,28
8553,111,114,-3,3
8554,127,131,-4,4
8555,67,85,-18,18
8556,163,152,11,11
8557,154,155,-1,1
8558,63,77,-14,14
8559,50,70,-20,20
8560,56,82,-26,26
8561,104,123,-19,19
8562,80,97,-17,17
8563,83,88,-5,5
8564,64,83,-19,19
8565,55,70,-15,15
8566,84,87,-3,3
8567,130,134,-4,4
8568,85,98,-13,13
8569,109,120,-11,11
8570,153,146,7,7
8571,104,114,-10,10
8572,129,130,-1,1
8573,106,109,-3,3
8574,173,169,4,4
8575,93,100,-7,7
8576,93,99,-6,6
8577,99,105,-6,6
8578,66,81,-15,15
8579,98,105,-7,7
8580,110,147,-37,37
8581,50,76,-26,26
8582,104,113,-9,9
8583,110,119,-9,9
8584,60,89,-29,29
8585,102,106,-4,4
8586,87,97,-10,10
8587,133,141,-8,8
8588,133,141,-8,8
8589,122,118,4,4
8590,92,100,-8,8
8591,139,146,-7,7
8592,52,68,-16,16
8593,83,111,-28,28
8594,91,98,-7,7
8595,65,78,-13,13
8596,113,127,-14,14
8597,77,90,-13,13
8598,161,148,13,13
8599,92,103,-11,11
8600,180,154,26,26
8601,77,85,-8,8
8602,109,117,-8,8
8603,81,93,-12,12
8604,98,113,-15,15
8605,54,68,-14,14
8606,126,133,-7,7
8607,91,105,-14,14
8608,77,94,-17,17
8609,124,130,-6,6
8610,78,97,-19,19
8611,189,159,30,30
8612,80,93,-13,13
8613,159,149,10,10
8614,73,91,-18,18
8615,90,110,-20,20
8616,62,77,-15,15
8617,90,100,-10,10
8618,134,148,-14,14
8619,121,114,7,7
8620,87,95,-8,8
8621,59,74,-15,15
8622,89,111,-22,22
8623,105,121,-16,16
8624,97,105,-8,8
8625,110,117,-7,7
8626,141,134,7,7
8627,85,100,-15,15
8628,132,140,-8,8
8629,89,100,-11,11
8630,75,91,-16,16
8631,81,88,-7,7
8632,77,79,-2,2
8633,104,112,-8,8
8634,132,150,-18,18
8635,136,136,0,0
8636,82,95,-13,13
8637,85,104,-19,19
8638,76,87,-11,11
8639,109,141,-32,32
8640,51,73,-22,22
8641,85,101,-16,16
8642,58,74,-16,16
8643,161,159,2,2
8644,85,100,-15,15
8645,61,70,-9,9
8646,82,93,-11,11
8647,114,128,-14,14
8648,113,121,-8,8
8649,82,93,-11,11
8650,128,130,-2,2
8651,113,126,-13,13
8652,61,84,-23,23
8653,85,92,-7,7
8654,112,119,-7,7
8655,76,91,-15,15
8656,89,99,-10,10
8657,142,141,1,1
8658,81,90,-9,9
8659,143,152,-9,9
8660,94,102,-8,8
8661,134,127,7,7
8662,59,72,-13,13
8663,55,76,-21,21
8664,75,96,-21,21
8665,87,104,-17,17
8666,69,73,-4,4
8667,104,111,-7,7
8668,57,65,-8,8
8669,68,80,-12,12
8670,169,158,11,11
8671,114,131,-17,17
8672,92,102,-10,10
8673,97,98,-1,1
8674,121,129,-8,8
8675,89,92,-3,3
8676,116,127,-11,11
8677,93,113,-20,20
8678,116,118,-2,2
8679,125,139,-14,14
8680,82,126,-44,44
8681,50,63,-13,13
8682,46,69,-23,23
8683,45,64,-19,19
8684,120,132,-12,12
8685,93,102,-9,9
8686,102,112,-10,10
8687,126,136,-10,10
8688,108,136,-28,28
8689,110,122,-12,12
8690,101,109,-8,8
8691,73,86,-13,13
8692,58,73,-15,15
8693,113,115,-2,2
8694,136,148,-12,12
8695,64,80,-16,16
8696,125,156,-31,31
8697,88,91,-3,3
8698,92,97,-5,5
8699,106,114,-8,8
8700,90,117,-27,27
8701,85,103,-18,18
8702,80,90,-10,10
8703,110,122,-12,12
8704,80,92,-12,12
8705,117,123,-6,6
8706,47,72,-25,25
8707,112,118,-6,6
8708,84,94,-10,10
8709,116,119,-3,3
8710,61,80,-19,19
8711,82,90,-8,8
8712,164,148,16,16
8713,125,134,-9,9
8714,80,94,-14,14
8715,66,82,-16,16
8716,61,81,-20,20
8717,82,110,-28,28
8718,81,100,-19,19
8719,143,137,6,6
8720,145,137,8,8
8721,75,82,-7,7
8722,60,103,-43,43
8723,86,104,-18,18
8724,99,117,-18,18
8725,112,122,-10,10
8726,98,107,-9,9
8727,96,111,-15,15
8728,64,91,-27,27
8729,62,78,-16,16
8730,123,136,-13,13
8731,83,95,-12,12
8732,101,113,-12,12
8733,27,41,-14,14
8734,167,158,9,9
8735,149,151,-2,2
8736,94,106,-12,12
8737,155,150,5,5
8738,39,55,-16,16
8739,62,79,-17,17
8740,81,83,-2,2
8741,58,73,-15,15
8742,74,95,-21,21
8743,139,149,-10,10
8744,74,90,-16,16
8745,84,103,-19,19
8746,155,139,16,16
8747,114,123,-9,9
8748,152,196,-44,44
8749,104,104,0,0
8750,92,113,-21,21
8751,55,77,-22,22
8752,91,100,-9,9
8753,90,98,-8,8
8754,86,96,-10,10
8755,76,95,-19,19
8756,86,100,-14,14
8757,49,65,-16,16
8758,105,118,-13,13
8759,67,82,-15,15
8760,96,133,-37,37
8761,105,114,-9,9
8762,98,99,-1,1
8763,114,122,-8,8
8764,114,129,-15,15
8765,103,126,-23,23
8766,128,132,-4,4
8767,110,113,-3,3
8768,89,93,-4,4
8769,67,76,-9,9
8770,136,134,2,2
8771,154,148,6,6
8772,62,82,-20,20
8773,109,121,-12,12
8774,91,101,-10,10
8775,63,74,-11,11
8776,172,164,8,8
8777,93,100,-7,7
8778,81,92,-11,11
8779,87,104,-17,17
8780,49,81,-32,32
8781,157,161,-4,4
8782,87,97,-10,10
8783,61,96,-35,35
8784,60,73,-13,13
8785,129,133,-4,4
8786,75,91,-16,16
8787,86,110,-24,24
8788,37,52,-15,15
8789,110,123,-13,13
8790,124,127,-3,3
8791,65,87,-22,22
8792,148,152,-4,4
8793,73,96,-23,23
8794,105,123,-18,18
8795,70,91,-21,21
8796,63,84,-21,21
8797,71,83,-12,12
8798,71,88,-17,17
8799,68,82,-14,14
8800,96,100,-4,4
8801,87,96,-9,9
8802,88,101,-13,13
8803,69,81,-12,12
8804,83,99,-16,16
8805,72,95,-23,23
8806,98,113,-15,15
8807,126,133,-7,7
8808,45,68,-23,23
8809,52,66,-14,14
8810,103,118,-15,15
8811,77,84,-7,7
8812,83,95,-12,12
8813,73,78,-5,5
8814,108,115,-7,7
8815,73,91,-18,18
8816,80,95,-15,15
8817,57,74,-17,17
8818,63,78,-15,15
8819,24,55,-31,31
8820,89,92,-3,3
8821,61,78,-17,17
8822,97,109,-12,12
8823,85,99,-14,14
8824,143,148,-5,5
8825,129,130,-1,1
8826,75,94,-19,19
8827,71,90,-19,19
8828,92,104,-12,12
8829,72,80,-8,8
8830,91,98,-7,7
8831,83,91,-8,8
8832,75,99,-24,24
8833,66,80,-14,14
8834,43,62,-19,19
8835,127,133,-6,6
8836,125,140,-15,15
8837,44,61,-17,17
8838,51,73,-22,22
8839,54,70,-16,16
8840,203,207,-4,4
8841,127,129,-2,2
8842,102,108,-6,6
8843,81,89,-8,8
8844,69,81,-12,12
8845,121,128,-7,7
8846,85,94,-9,9
8847,125,126,-1,1
8848,138,136,2,2
8849,191,158,33,33
8850,92,110,-18,18
8851,94,102,-8,8
8852,128,137,-9,9
8853,35,62,-27,27
8854,104,116,-12,12
8855,86,93,-7,7
8856,132,135,-3,3
8857,89,104,-15,15
8858,48,66,-18,18
8859,75,84,-9,9
8860,80,85,-5,5
8861,100,104,-4,4
8862,115,127,-12,12
8863,135,137,-2,2
8864,88,102,-14,14
8865,108,119,-11,11
8866,141,148,-7,7
8867,81,92,-11,11
8868,147,149,-2,2
8869,94,100,-6,6
8870,86,99,-13,13
8871,125,130,-5,5
8872,62,77,-15,15
8873,82,101,-19,19
8874,123,126,-3,3
8875,80,89,-9,9
8876,108,114,-6,6
8877,91,95,-4,4
8878,124,128,-4,4
8879,93,126,-33,33
8880,141,154,-13,13
8881,97,82,15,15
8882,177,162,15,15
8883,80,96,-16,16
8884,133,152,-19,19
8885,98,115,-17,17
8886,104,106,-2,2
8887,64,79,-15,15
8888,170,158,12,12
8889,91,106,-15,15
8890,98,107,-9,9
8891,125,127,-2,2
8892,65,83,-18,18
8893,86,99,-13,13
8894,75,82,-7,7
8895,72,89,-17,17
8896,53,85,-32,32
8897,93,97,-4,4
8898,69,80,-11,11
8899,95,99,-4,4
8900,76,90,-14,14
8901,73,84,-11,11
8902,56,71,-15,15
8903,92,103,-11,11
8904,43,64,-21,21
8905,60,69,-9,9
8906,74,93,-19,19
8907,85,103,-18,18
8908,91,101,-10,10
8909,92,98,-6,6
8910,91,101,-10,10
8911,60,79,-19,19
8912,142,149,-7,7
8913,127,141,-14,14
8914,87,101,-14,14
8915,130,149,-19,19
8916,104,113,-9,9
8917,62,74,-12,12
8918,125,135,-10,10
8919,96,178,-82,82
8920,170,149,21,21
8921,103,130,-27,27
8922,185,154,31,31
8923,80,90,-10,10
8924,56,78,-22,22
8925,105,129,-24,24
8926,63,80,-17,17
8927,88,102,-14,14
8928,79,98,-19,19
8929,60,91,-31,31
8930,84,98,-14,14
8931,123,137,-14,14
8932,107,110,-3,3
8933,94,107,-13,13
8934,70,89,-19,19
8935,141,137,4,4
8936,56,64,-8,8
8937,166,159,7,7
8938,120,117,3,3
8939,137,135,2,2
8940,88,106,-18,18
8941,127,113,14,14
8942,157,151,6,6
8943,130,148,-18,18
8944,106,122,-16,16
8945,131,140,-9,9
8946,54,70,-16,16
8947,132,137,-5,5
8948,80,89,-9,9
8949,81,100,-19,19
8950,128,123,5,5
8951,36,63,-27,27
8952,106,118,-12,12
8953,85,98,-13,13
8954,64,85,-21,21
8955,81,93,-12,12
8956,120,126,-6,6
8957,130,130,0,0
8958,99,105,-6,6
8959,70,82,-12,12
8960,78,86,-8,8
8961,112,134,-22,22
8962,82,93,-11,11
8963,184,160,24,24
8964,129,145,-16,16
8965,111,114,-3,3
8966,99,126,-27,27
8967,51,72,-21,21
8968,102,110,-8,8
8969,66,81,-15,15
8970,74,91,-17,17
8971,129,139,-10,10
8972,54,73,-19,19
8973,117,145,-28,28
8974,120,128,-8,8
8975,73,90,-17,17
8976,177,168,9,9
8977,157,153,4,4
8978,77,91,-14,14
8979,55,75,-20,20
8980,132,132,0,0
8981,180,159,21,21
8982,72,86,-14,14
8983,88,105,-17,17
8984,71,89,-18,18
8985,85,92,-7,7
8986,51,63,-12,12
8987,61,83,-22,22
8988,76,87,-11,11
8989,90,102,-12,12
8990,64,83,-19,19
8991,67,97,-30,30
8992,95,108,-13,13
8993,46,62,-16,16
8994,92,97,-5,5
8995,121,147,-26,26
8996,93,106,-13,13
8997,92,110,-18,18
8998,52,67,-15,15
8999,112,131,-19,19
9000,66,121,-55,55
9001,76,92,-16,16
9002,157,152,5,5
9003,75,85,-10,10
9004,68,84,-16,16
9005,64,80,-16,16
9006,135,134,1,1
9007,107,115,-8,8
9008,79,100,-21,21
9009,82,93,-11,11
9010,101,103,-2,2
9011,142,159,-17,17
9012,108,122,-14,14
9013,93,118,-25,25
9014,111,125,-14,14
9015,111,115,-4,4
9016,101,103,-2,2
9017,67,80,-13,13
9018,58,72,-14,14
9019,117,121,-4,4
9020,100,110,-10,10
9021,96,104,-8,8
9022,106,114,-8,8
9023,82,94,-12,12
9024,57,76,-19,19
9025,95,101,-6,6
9026,92,100,-8,8
9027,78,92,-14,14
9028,85,92,-7,7
9029,46,58,-12,12
9030,60,80,-20,20
9031,68,89,-21,21
9032,90,102,-12,12
9033,106,119,-13,13
9034,72,87,-15,15
9035,91,98,-7,7
9036,142,147,-5,5
9037,63,76,-13,13
9038,55,70,-15,15
9039,112,119,-7,7
9040,165,159,6,6
9041,80,92,-12,12
9042,58,70,-12,12
9043,96,112,-16,16
9044,69,79,-10,10
9045,85,114,-29,29
9046,74,89,-15,15
9047,148,146,2,2
9048,61,73,-12,12
9049,114,128,-14,14
9050,117,123,-6,6
9051,87,101,-14,14
9052,148,149,-1,1
9053,129,134,-5,5
9054,100,105,-5,5
9055,79,90,-11,11
9056,84,95,-11,11
9057,75,88,-13,13
9058,101,112,-11,11
9059,74,92,-18,18
9060,98,98,0,0
9061,97,108,-11,11
9062,58,70,-12,12
9063,104,111,-7,7
9064,122,126,-4,4
9065,33,56,-23,23
9066,62,70,-8,8
9067,59,79,-20,20
9068,66,86,-20,20
9069,112,119,-7,7
9070,109,110,-1,1
9071,67,86,-19,19
9072,157,170,-13,13
9073,147,149,-2,2
9074,114,119,-5,5
9075,45,57,-12,12
9076,71,92,-21,21
9077,135,137,-2,2
9078,64,70,-6,6
9079,101,119,-18,18
9080,93,105,-12,12
9081,92,98,-6,6
9082,128,134,-6,6
9083,90,95,-5,5
9084,113,108,5,5
9085,62,76,-14,14
9086,66,76,-10,10
9087,69,83,-14,14
9088,90,99,-9,9
9089,69,77,-8,8
9090,87,102,-15,15
9091,70,100,-30,30
9092,88,102,-14,14
9093,60,82,-22,22
9094,172,155,17,17
9095,94,102,-8,8
9096,53,76,-23,23
9097,81,90,-9,9
9098,103,123,-20,20
9099,146,147,-1,1
9100,93,106,-13,13
9101,106,121,-15,15
9102,115,119,-4,4
9103,171,157,14,14
9104,80,98,-18,18
9105,89,95,-6,6
9106,75,95,-20,20
9107,197,182,15,15
9108,52,75,-23,23
9109,56,79,-23,23
9110,76,90,-14,14
9111,136,141,-5,5
9112,127,136,-9,9
9113,102,114,-12,12
9114,100,112,-12,12
9115,154,148,6,6
9116,127,146,-19,19
9117,115,120,-5,5
9118,69,86,-17,17
9119,113,116,-3,3
9120,116,130,-14,14
9121,92,105,-13,13
9122,95,110,-15,15
9123,81,87,-6,6
9124,81,96,-15,15
9125,148,149,-1,1
9126,94,104,-10,10
9127,117,132,-15,15
9128,47,65,-18,18
9129,100,106,-6,6
9130,133,136,-3,3
9131,79,106,-27,27
9132,147,146,1,1
9133,62,80,-18,18
9134,77,96,-19,19
9135,154,147,7,7
9136,112,127,-15,15
9137,65,77,-12,12
9138,42,63,-21,21
9139,114,121,-7,7
9140,114,121,-7,7
9141,77,84,-7,7
9142,68,85,-17,17
9143,84,98,-14,14
9144,120,129,-9,9
9145,132,140,-8,8
9146,113,135,-22,22
9147,86,95,-9,9
9148,78,92,-14,14
9149,73,107,-34,34
9150,68,76,-8,8
9151,93,109,-16,16
9152,113,132,-19,19
9153,58,74,-16,16
9154,63,80,-17,17
9155,54,64,-10,10
9156,123,116,7,7
9157,43,59,-16,16
9158,82,87,-5,5
9159,144,147,-3,3
9160,73,82,-9,9
9161,49,65,-16,16
9162,103,112,-9,9
9163,179,179,0,0
9164,106,114,-8,8
9165,93,119,-26,26
9166,135,147,-12,12
9167,120,129,-9,9
9168,130,135,-5,5
9169,79,102,-23,23
9170,82,92,-10,10
9171,55,70,-15,15
9172,74,83,-9,9
9173,153,151,2,2
9174,93,104,-11,11
9175,107,116,-9,9
9176,136,149,-13,13
9177,88,101,-13,13
9178,56,79,-23,23
9179,171,154,17,17
9180,115,121,-6,6
9181,53,75,-22,22
9182,124,135,-11,11
9183,117,116,1,1
9184,76,89,-13,13
9185,168,152,16,16
9186,78,87,-9,9
9187,42,57,-15,15
9188,74,87,-13,13
9189,156,148,8,8
9190,81,103,-22,22
9191,88,93,-5,5
9192,169,156,13,13
9193,74,84,-10,10
9194,108,119,-11,11
9195,98,106,-8,8
9196,175,182,-7,7
9197,39,60,-21,21
9198,47,67,-20,20
9199,100,101,-1,1
9200,105,105,0,0
9201,103,112,-9,9
9202,114,122,-8,8
9203,65,83,-18,18
9204,70,80,-10,10
9205,79,94,-15,15
9206,96,110,-14,14
9207,123,139,-16,16
9208,94,105,-11,11
9209,124,135,-11,11
9210,102,106,-4,4
9211,108,116,-8,8
9212,78,93,-15,15
9213,111,123,-12,12
9214,84,101,-17,17
9215,58,65,-7,7
9216,124,128,-4,4
9217,92,108,-16,16
9218,75,92,-17,17
9219,64,68,-4,4
9220,89,99,-10,10
9221,88,103,-15,15
9222,58,82,-24,24
9223,116,125,-9,9
9224,57,75,-18,18
9225,98,108,-10,10
9226,138,148,-10,10
9227,87,107,-20,20
9228,58,70,-12,12
9229,141,138,3,3
9230,72,84,-12,12
9231,63,85,-22,22
9232,173,158,15,15
9233,113,120,-7,7
9234,114,123,-9,9
9235,95,100,-5,5
9236,80,97,-17,17
9237,75,88,-13,13
9238,113,121,-8,8
9239,86,106,-20,20
9240,54,73,-19,19
9241,99,105,-6,6
9242,149,146,3,3
9243,73,80,-7,7
9244,86,90,-4,4
9245,108,112,-4,4
9246,74,87,-13,13
9247,59,74,-15,15
9248,106,122,-16,16
9249,158,147,11,11
9250,45,85,-40,40
9251,77,88,-11,11
9252,116,138,-22,22
9253,52,72,-20,20
9254,93,114,-21,21
9255,129,128,1,1
9256,63,80,-17,17
9257,41,60,-19,19
9258,62,72,-10,10
9259,168,158,10,10
9260,117,133,-16,16
9261,142,141,1,1
9262,112,116,-4,4
9263,101,107,-6,6
9264,86,97,-11,11
9265,77,91,-14,14
9266,141,140,1,1
9267,80,105,-25,25
9268,107,129,-22,22
9269,90,101,-11,11
9270,65,86,-21,21
9271,57,69,-12,12
9272,89,95,-6,6
9273,63,77,-14,14
9274,121,126,-5,5
9275,108,116,-8,8
9276,83,95,-12,12
9277,116,122,-6,6
9278,66,82,-16,16
9279,128,140,-12,12
9280,98,109,-11,11
9281,76,90,-14,14
9282,130,129,1,1
9283,55,70,-15,15
9284,64,79,-15,15
9285,107,129,-22,22
9286,117,120,-3,3
9287,124,131,-7,7
9288,88,99,-11,11
9289,44,58,-14,14
9290,89,97,-8,8
9291,82,98,-16,16
9292,78,90,-12,12
9293,63,78,-15,15
9294,60,74,-14,14
9295,55,71,-16,16
9296,80,97,-17,17
9297,56,72,-16,16
9298,68,86,-18,18
9299,177,173,4,4
9300,69,83,-14,14
9301,63,81,-18,18
9302,116,117,-1,1
9303,96,111,-15,15
9304,142,137,5,5
9305,85,96,-11,11
9306,56,81,-25,25
9307,91,101,-10,10
9308,72,88,-16,16
9309,69,92,-23,23
9310,114,113,1,1
9311,131,142,-11,11
9312,70,90,-20,20
9313,138,141,-3,3
9314,103,111,-8,8
9315,69,86,-17,17
9316,97,110,-13,13
9317,98,123,-25,25
9318,117,122,-5,5
9319,95,112,-17,17
9320,130,133,-3,3
9321,174,156,18,18
9322,114,127,-13,13
9323,87,106,-19,19
9324,92,104,-12,12
9325,57,74,-17,17
9326,93,101,-8,8
9327,90,101,-11,11
9328,87,106,-19,19
9329,87,101,-14,14
9330,115,129,-14,14
9331,103,118,-15,15
9332,66,79,-13,13
9333,95,101,-6,6
9334,98,107,-9,9
9335,82,91,-9,9
9336,63,71,-8,8
9337,39,61,-22,22
9338,60,79,-19,19
9339,112,118,-6,6
9340,159,153,6,6
9341,41,63,-22,22
9342,96,105,-9,9
9343,117,121,-4,4
9344,69,89,-20,20
9345,82,96,-14,14
9346,125,122,3,3
9347,82,88,-6,6
9348,65,85,-20,20
9349,92,96,-4,4
9350,91,105,-14,14
9351,91,102,-11,11
9352,95,107,-12,12
9353,28,52,-24,24
9354,64,76,-12,12
9355,73,84,-11,11
9356,122,122,0,0
9357,76,94,-18,18
9358,82,91,-9,9
9359,134,137,-3,3
9360,118,120,-2,2
9361,72,89,-17,17
9362,96,130,-34,34
9363,176,158,18,18
9364,156,150,6,6
9365,64,103,-39,39
9366,99,119,-20,20
9367,94,102,-8,8
9368,84,91,-7,7
9369,88,102,-14,14
9370,144,148,-4,4
9371,123,125,-2,2
9372,99,117,-18,18
9373,63,100,-37,37
9374,64,84,-20,20
9375,141,140,1,1
9376,71,99,-28,28
9377,166,153,13,13
9378,118,129,-11,11
9379,120,119,1,1
9380,145,144,1,1
9381,87,98,-11,11
9382,90,99,-9,9
9383,80,99,-19,19
9384,125,134,-9,9
9385,59,69,-10,10
9386,171,156,15,15
9387,72,84,-12,12
9388,121,120,1,1
9389,47,61,-14,14
9390,73,97,-24,24
9391,124,118,6,6
9392,87,103,-16,16
9393,95,106,-11,11
9394,77,86,-9,9
9395,167,159,8,8
9396,53,75,-22,22
9397,89,96,-7,7
9398,83,94,-11,11
9399,77,99,-22,22
9400,127,131,-4,4
9401,94,107,-13,13
9402,95,98,-3,3
9403,93,102,-9,9
9404,74,91,-17,17
9405,112,128,-16,16
9406,117,117,0,0
9407,69,82,-13,13
9408,88,105,-17,17
9409,71,92,-21,21
9410,57,64,-7,7
9411,89,93,-4,4
9412,98,123,-25,25
9413,123,129,-6,6
9414,88,94,-6,6
9415,136,133,3,3
9416,85,90,-5,5
9417,93,107,-14,14
9418,150,154,-4,4
9419,50,69,-19,19
9420,77,94,-17,17
9421,87,102,-15,15
9422,123,126,-3,3
9423,71,86,-15,15
9424,142,147,-5,5
9425,78,93,-15,15
9426,111,118,-7,7
9427,54,90,-36,36
9428,66,84,-18,18
9429,110,119,-9,9
9430,96,105,-9,9
9431,56,71,-15,15
9432,17,47,-30,30
9433,84,95,-11,11
9434,108,122,-14,14
9435,103,101,2,2
9436,102,114,-12,12
9437,81,98,-17,17
9438,125,131,-6,6
9439,120,139,-19,19
9440,89,98,-9,9
9441,73,86,-13,13
9442,110,116,-6,6
9443,86,98,-12,12
9444,94,109,-15,15
9445,76,86,-10,10
9446,72,83,-11,11
9447,41,62,-21,21
9448,129,133,-4,4
9449,80,94,-14,14
9450,92,96,-4,4
9451,208,180,28,28
9452,170,163,7,7
9453,88,100,-12,12
9454,43,63,-20,20
9455,65,74,-9,9
9456,52,65,-13,13
9457,44,61,-17,17
9458,96,117,-21,21
9459,165,157,8,8
9460,92,94,-2,2
9461,104,105,-1,1
9462,131,138,-7,7
9463,73,88,-15,15
9464,131,126,5,5
9465,51,87,-36,36
9466,63,80,-17,17
9467,107,123,-16,16
9468,109,135,-26,26
9469,131,126,5,5
9470,96,102,-6,6
9471,90,86,4,4
9472,60,82,-22,22
9473,106,116,-10,10
9474,101,98,3,3
9475,67,87,-20,20
9476,117,125,-8,8
9477,76,100,-24,24
9478,78,85,-7,7
9479,94,102,-8,8
9480,95,107,-12,12
9481,78,82,-4,4
9482,133,142,-9,9
9483,41,70,-29,29
9484,105,112,-7,7
9485,102,108,-6,6
9486,88,110,-22,22
9487,106,119,-13,13
9488,89,99,-10,10
9489,98,134,-36,36
9490,128,133,-5,5
9491,102,116,-14,14
9492,132,144,-12,12
9493,101,112,-11,11
9494,144,147,-3,3
9495,61,81,-20,20
9496,61,77,-16,16
9497,114,129,-15,15
9498,125,133,-8,8
9499,70,84,-14,14
9500,83,92,-9,9
9501,147,149,-2,2
9502,97,113,-16,16
9503,82,96,-14,14
9504,87,92,-5,5
9505,94,99,-5,5
9506,54,79,-25,25
9507,71,91,-20,20
9508,105,108,-3,3
9509,87,100,-13,13
9510,95,115,-20,20
9511,71,89,-18,18
9512,76,93,-17,17
9513,123,132,-9,9
9514,127,136,-9,9
9515,84,107,-23,23
9516,48,70,-22,22
9517,108,106,2,2
9518,157,140,17,17
9519,54,67,-13,13
9520,100,101,-1,1
9521,118,121,-3,3
9522,57,72,-15,15
9523,137,142,-5,5
9524,80,98,-18,18
9525,48,65,-17,17
9526,49,59,-10,10
9527,94,105,-11,11
9528,101,105,-4,4
9529,64,85,-21,21
9530,114,136,-22,22
9531,82,90,-8,8
9532,62,80,-18,18
9533,57,80,-23,23
9534,88,105,-17,17
9535,92,110,-18,18
9536,66,95,-29,29
9537,76,93,-17,17
9538,59,72,-13,13
9539,89,102,-13,13
9540,63,79,-16,16
9541,51,66,-15,15
9542,123,130,-7,7
9543,88,101,-13,13
9544,59,80,-21,21
9545,66,80,-14,14
9546,135,127,8,8
9547,54,73,-19,19
9548,24,48,-24,24
9549,91,95,-4,4
9550,166,155,11,11
9551,45,63,-18,18
9552,95,99,-4,4
9553,99,114,-15,15
9554,70,94,-24,24
9555,81,90,-9,9
9556,97,107,-10,10
9557,75,98,-23,23
9558,55,77,-22,22
9559,86,107,-21,21
9560,172,158,14,14
9561,65,92,-27,27
9562,174,160,14,14
9563,78,93,-15,15
9564,81,101,-20,20
9565,68,80,-12,12
9566,74,82,-8,8
9567,46,63,-17,17
9568,119,135,-16,16
9569,48,65,-17,17
9570,112,127,-15,15
9571,135,151,-16,16
9572,91,95,-4,4
9573,103,107,-4,4
9574,95,125,-30,30
9575,91,89,2,2
9576,201,170,31,31
9577,89,102,-13,13
9578,71,82,-11,11
9579,198,179,19,19
9580,93,97,-4,4
9581,82,93,-11,11
9582,132,136,-4,4
9583,79,98,-19,19
9584,60,78,-18,18
9585,72,94,-22,22
9586,107,122,-15,15
9587,112,127,-15,15
9588,99,116,-17,17
9589,104,123,-19,19
9590,68,83,-15,15
9591,57,71,-14,14
9592,47,67,-20,20
9593,96,105,-9,9
9594,95,120,-25,25
9595,43,61,-18,18
9596,116,113,3,3
9597,65,84,-19,19
9598,106,104,2,2
9599,117,134,-17,17
9600,96,103,-7,7
9601,67,83,-16,16
9602,100,106,-6,6
9603,108,118,-10,10
9604,103,113,-10,10
9605,58,72,-14,14
9606,88,99,-11,11
9607,133,135,-2,2
9608,161,154,7,7
9609,95,103,-8,8
9610,99,100,-1,1
9611,69,81,-12,12
9612,112,118,-6,6
9613,127,127,0,0
9614,66,78,-12,12
9615,116,125,-9,9
9616,105,127,-22,22
9617,100,103,-3,3
9618,93,106,-13,13
9619,79,98,-19,19
9620,121,121,0,0
9621,86,105,-19,19
9622,88,95,-7,7
9623,177,156,21,21
9624,67,76,-9,9
9625,73,84,-11,11
9626,105,109,-4,4
9627,115,122,-7,7
9628,141,143,-2,2
9629,75,88,-13,13
9630,58,73,-15,15
9631,86,101,-15,15
9632,137,139,-2,2
9633,113,124,-11,11
9634,92,101,-9,9
9635,83,101,-18,18
9636,103,126,-23,23
9637,145,135,10,10
9638,84,94,-10,10
9639,123,134,-11,11
9640,104,111,-7,7
9641,61,74,-13,13
9642,79,104,-25,25
9643,90,123,-33,33
9644,115,126,-11,11
9645,138,148,-10,10
9646,80,92,-12,12
9647,92,110,-18,18
9648,126,131,-5,5
9649,62,68,-6,6
9650,81,94,-13,13
9651,88,103,-15,15
9652,90,106,-16,16
9653,70,82,-12,12
9654,113,128,-15,15
9655,81,94,-13,13
9656,70,95,-25,25
9657,87,98,-11,11
9658,62,88,-26,26
9659,54,72,-18,18
9660,85,103,-18,18
9661,76,85,-9,9
9662,44,62,-18,18
9663,106,109,-3,3
9664,116,129,-13,13
9665,114,131,-17,17
9666,156,151,5,5
9667,127,124,3,3
9668,61,78,-17,17
9669,57,67,-10,10
9670,128,134,-6,6
9671,90,96,-6,6
9672,113,116,-3,3
9673,81,87,-6,6
9674,48,75,-27,27
9675,47,64,-17,17
9676,139,134,5,5
9677,154,150,4,4
9678,104,123,-19,19
9679,97,108,-11,11
9680,123,128,-5,5
9681,68,74,-6,6
9682,94,105,-11,11
9683,77,100,-23,23
9684,45,61,-16,16
9685,78,91,-13,13
9686,75,92,-17,17
9687,79,89,-10,10
9688,175,163,12,12
9689,117,118,-1,1
9690,108,111,-3,3
9691,106,121,-15,15
9692,82,87,-5,5
9693,112,115,-3,3
9694,74,88,-14,14
9695,117,125,-8,8
9696,94,107,-13,13
9697,226,202,24,24
9698,120,118,2,2
9699,40,61,-21,21
9700,40,116,-76,76
9701,119,131,-12,12
9702,51,70,-19,19
9703,61,73,-12,12
9704,119,124,-5,5
9705,97,99,-2,2
9706,70,92,-22,22
9707,101,102,-1,1
9708,160,152,8,8
9709,88,95,-7,7
9710,41,65,-24,24
9711,86,98,-12,12
9712,76,93,-17,17
9713,66,84,-18,18
9714,110,123,-13,13
9715,120,124,-4,4
9716,97,113,-16,16
9717,89,107,-18,18
9718,117,124,-7,7
9719,59,80,-21,21
9720,145,147,-2,2
9721,84,89,-5,5
9722,78,98,-20,20
9723,65,77,-12,12
9724,62,75,-13,13
9725,114,123,-9,9
9726,76,95,-19,19
9727,51,67,-16,16
9728,131,148,-17,17
9729,162,165,-3,3
9730,90,112,-22,22
9731,95,115,-20,20
9732,49,74,-25,25
9733,81,98,-17,17
9734,103,110,-7,7
9735,136,147,-11,11
9736,116,124,-8,8
9737,74,87,-13,13
9738,54,81,-27,27
9739,110,122,-12,12
9740,113,112,1,1
9741,142,131,11,11
9742,130,116,14,14
9743,156,149,7,7
9744,186,185,1,1
9745,70,82,-12,12
9746,115,118,-3,3
9747,149,138,11,11
9748,135,136,-1,1
9749,72,82,-10,10
9750,143,148,-5,5
9751,190,170,20,20
9752,117,135,-18,18
9753,124,124,0,0
9754,78,101,-23,23
9755,90,106,-16,16
9756,49,60,-11,11
9757,52,72,-20,20
9758,48,69,-21,21
9759,69,84,-15,15
9760,69,86,-17,17
9761,40,67,-27,27
9762,89,107,-18,18
9763,85,99,-14,14
9764,104,126,-22,22
9765,130,136,-6,6
9766,110,106,4,4
9767,136,137,-1,1
9768,91,94,-3,3
9769,83,97,-14,14
9770,50,67,-17,17
9771,104,116,-12,12
9772,83,93,-10,10
9773,114,122,-8,8
9774,119,139,-20,20
9775,88,100,-12,12
9776,68,106,-38,38
9777,84,116,-32,32
9778,93,90,3,3
9779,56,70,-14,14
9780,66,79,-13,13
9781,60,78,-18,18
9782,58,72,-14,14
9783,142,147,-5,5
9784,197,174,23,23
9785,53,70,-17,17
9786,86,120,-34,34
9787,85,97,-12,12
9788,153,144,9,9
9789,58,73,-15,15
9790,78,90,-12,12
9791,159,150,9,9
9792,129,136,-7,7
9793,115,120,-5,5
9794,64,78,-14,14
9795,142,146,-4,4
9796,83,95,-12,12
9797,171,170,1,1
9798,137,139,-2,2
9799,107,118,-11,11
9800,101,106,-5,5
9801,75,81,-6,6
9802,103,107,-4,4
9803,80,93,-13,13
9804,51,69,-18,18
9805,92,100,-8,8
9806,88,100,-12,12
9807,96,114,-18,18
9808,140,138,2,2
9809,107,118,-11,11
9810,59,77,-18,18
9811,128,126,2,2
9812,80,90,-10,10
9813,40,60,-20,20
9814,139,147,-8,8
9815,79,89,-10,10
9816,89,104,-15,15
9817,127,135,-8,8
9818,132,133,-1,1
9819,104,117,-13,13
9820,100,107,-7,7
9821,76,89,-13,13
9822,182,151,31,31
9823,43,60,-17,17
9824,56,72,-16,16
9825,140,141,-1,1
9826,98,111,-13,13
9827,66,91,-25,25
9828,52,66,-14,14
9829,100,107,-7,7
9830,131,128,3,3
9831,47,80,-33,33
9832,57,69,-12,12
9833,58,76,-18,18
9834,100,107,-7,7
9835,143,151,-8,8
9836,81,87,-6,6
9837,130,130,0,0
9838,63,88,-25,25
9839,84,117,-33,33
9840,86,98,-12,12
9841,118,126,-8,8
9842,109,111,-2,2
9843,176,174,2,2
9844,68,84,-16,16
9845,102,114,-12,12
9846,65,77,-12,12
9847,88,103,-15,15
9848,127,128,-1,1
9849,56,69,-13,13
9850,104,115,-11,11
9851,105,106,-1,1
9852,84,95,-11,11
9853,27,83,-56,56
9854,95,110,-15,15
9855,77,91,-14,14
9856,192,187,5,5
9857,78,84,-6,6
9858,122,132,-10,10
9859,80,96,-16,16
9860,94,97,-3,3
9861,126,131,-5,5
9862,44,64,-20,20
9863,73,93,-20,20
9864,104,101,3,3
9865,71,84,-13,13
9866,65,93,-28,28
9867,96,97,-1,1
9868,116,119,-3,3
9869,103,116,-13,13
9870,129,134,-5,5
9871,143,147,-4,4
9872,100,126,-26,26
9873,133,130,3,3
9874,64,77,-13,13
9875,121,133,-12,12
9876,61,78,-17,17
9877,55,75,-20,20
9878,49,64,-15,15
9879,86,97,-11,11
9880,85,93,-8,8
9881,61,72,-11,11
9882,128,145,-17,17
9883,91,92,-1,1
9884,99,97,2,2
9885,92,105,-13,13
9886,179,166,13,13
9887,114,109,5,5
9888,66,77,-11,11
9889,78,99,-21,21
9890,69,83,-14,14
9891,121,126,-5,5
9892,85,88,-3,3
9893,110,136,-26,26
9894,92,111,-19,19
9895,117,124,-7,7
9896,174,161,13,13
9897,135,148,-13,13
9898,64,75,-11,11
9899,75,84,-9,9
9900,97,122,-25,25
9901,120,132,-12,12
9902,102,109,-7,7
9903,91,100,-9,9
9904,70,88,-18,18
9905,64,89,-25,25
9906,49,66,-17,17
9907,94,116,-22,22
9908,71,92,-21,21
9909,136,156,-20,20
9910,68,86,-18,18
9911,122,128,-6,6
9912,73,88,-15,15
9913,114,123,-9,9
9914,98,105,-7,7
9915,104,115,-11,11
9916,103,106,-3,3
9917,108,113,-5,5
9918,127,132,-5,5
9919,130,146,-16,16
9920,95,109,-14,14
9921,89,92,-3,3
9922,73,89,-16,16
9923,157,146,11,11
9924,103,108,-5,5
9925,105,114,-9,9
9926,112,109,3,3
9927,109,112,-3,3
9928,79,89,-10,10
9929,92,120,-28,28
9930,72,78,-6,6
9931,48,73,-25,25
9932,98,101,-3,3
9933,111,123,-12,12
9934,119,121,-2,2
9935,139,131,8,8
9936,55,83,-28,28
9937,107,125,-18,18
9938,135,148,-13,13
9939,102,112,-10,10
9940,88,104,-16,16
9941,105,132,-27,27
9942,136,129,7,7
9943,82,96,-14,14
9944,67,84,-17,17
9945,123,130,-7,7
9946,120,135,-15,15
9947,94,114,-20,20
9948,51,65,-14,14
9949,95,97,-2,2
9950,92,104,-12,12
9951,154,142,12,12
9952,76,95,-19,19
9953,59,69,-10,10
9954,153,146,7,7
9955,66,87,-21,21
9956,96,115,-19,19
9957,131,133,-2,2
9958,81,93,-12,12
9959,80,97,-17,17
9960,59,75,-16,16
9961,72,90,-18,18
9962,148,147,1,1
9963,123,144,-21,21
9964,72,88,-16,16
9965,59,77,-18,18
9966,145,148,-3,3
9967,95,109,-14,14
9968,125,131,-6,6
9969,79,90,-11,11
9970,79,93,-14,14
9971,68,85,-17,17
9972,135,145,-10,10
9973,96,108,-12,12
9974,64,79,-15,15
9975,62,72,-10,10
9976,102,111,-9,9
9977,141,147,-6,6
9978,82,91,-9,9
9979,84,89,-5,5
9980,85,103,-18,18
9981,77,93,-16,16
9982,107,109,-2,2
9983,94,103,-9,9
9984,84,88,-4,4
9985,90,99,-9,9
9986,127,129,-2,2
9987,94,106,-12,12
9988,142,161,-19,19
9989,88,107,-19,19
9990,104,108,-4,4
9991,66,82,-16,16
9992,48,66,-18,18
9993,76,85,-9,9
9994,105,116,-11,11
9995,62,70,-8,8
9996,82,96,-14,14
9997,123,134,-11,11
9998,88,105,-17,17
9999,68,79,-11,11
10000,171,151,20,20
10001,134,137,-3,3
10002,81,90,-9,9
10003,66,84,-18,18
10004,49,69,-20,20
10005,92,104,-12,12
10006,121,128,-7,7
10007,133,134,-1,1
10008,147,145,2,2
10009,81,94,-13,13
10010,69,86,-17,17
10011,83,96,-13,13
10012,88,98,-10,10
10013,59,69,-10,10
10014,91,107,-16,16
10015,153,155,-2,2
10016,114,115,-1,1
10017,77,97,-20,20
10018,85,85,0,0
10019,80,90,-10,10
10020,74,85,-11,11
10021,169,158,11,11
10022,108,119,-11,11
10023,121,131,-10,10
10024,83,104,-21,21
10025,56,69,-13,13
10026,74,89,-15,15
10027,53,76,-23,23
10028,80,99,-19,19
10029,79,98,-19,19
10030,117,121,-4,4
10031,174,161,13,13
10032,77,85,-8,8
10033,114,110,4,4
10034,79,95,-16,16
10035,158,149,9,9
10036,80,93,-13,13
10037,90,126,-36,36
10038,111,120,-9,9
10039,155,147,8,8
10040,55,73,-18,18
10041,74,89,-15,15
10042,62,82,-20,20
10043,138,146,-8,8
10044,143,152,-9,9
10045,113,127,-14,14
10046,100,117,-17,17
10047,115,110,5,5
10048,49,65,-16,16
10049,139,149,-10,10
10050,114,129,-15,15
10051,125,138,-13,13
10052,61,74,-13,13
10053,136,138,-2,2
10054,77,87,-10,10
10055,211,181,30,30
10056,66,73,-7,7
10057,111,114,-3,3
10058,122,132,-10,10
10059,139,140,-1,1
10060,121,120,1,1
10061,108,124,-16,16
10062,85,106,-21,21
10063,110,118,-8,8
10064,62,86,-24,24
10065,107,111,-4,4
10066,49,64,-15,15
10067,82,98,-16,16
10068,92,102,-10,10
10069,59,78,-19,19
10070,56,69,-13,13
10071,105,109,-4,4
10072,61,82,-21,21
10073,95,115,-20,20
10074,56,75,-19,19
10075,148,149,-1,1
10076,123,134,-11,11
10077,111,131,-20,20
10078,75,86,-11,11
10079,139,152,-13,13
10080,68,86,-18,18
10081,90,98,-8,8
10082,150,155,-5,5
10083,133,130,3,3
10084,49,71,-22,22
10085,62,80,-18,18
10086,111,115,-4,4
10087,117,124,-7,7
10088,151,151,0,0
10089,100,108,-8,8
10090,42,65,-23,23
10091,78,90,-12,12
10092,48,67,-19,19
10093,118,117,1,1
10094,70,77,-7,7
10095,117,139,-22,22
10096,61,96,-35,35
10097,94,111,-17,17
10098,78,93,-15,15
10099,170,158,12,12
10100,68,78,-10,10
10101,78,84,-6,6
10102,47,64,-17,17
10103,130,121,9,9
10104,80,92,-12,12
10105,70,91,-21,21
10106,49,74,-25,25
10107,117,121,-4,4
10108,86,102,-16,16
10109,82,87,-5,5
10110,54,70,-16,16
10111,160,154,6,6
10112,78,103,-25,25
10113,82,95,-13,13
10114,59,76,-17,17
10115,115,116,-1,1
10116,86,101,-15,15
10117,119,119,0,0
10118,116,125,-9,9
10119,90,108,-18,18
10120,75,91,-16,16
10121,81,92,-11,11
10122,87,101,-14,14
10123,108,111,-3,3
10124,50,68,-18,18
10125,53,70,-17,17
10126,130,147,-17,17
10127,125,121,4,4
10128,118,122,-4,4
10129,112,121,-9,9
10130,62,90,-28,28
10131,105,118,-13,13
10132,90,106,-16,16
10133,143,147,-4,4
10134,58,72,-14,14
10135,64,82,-18,18
10136,108,111,-3,3
10137,98,96,2,2
10138,136,143,-7,7
10139,101,122,-21,21
10140,85,101,-16,16
10141,92,106,-14,14
10142,144,147,-3,3
10143,80,92,-12,12
10144,110,108,2,2
10145,66,77,-11,11
10146,73,84,-11,11
10147,59,71,-12,12
10148,88,101,-13,13
10149,74,92,-18,18
10150,61,78,-17,17
10151,125,125,0,0
10152,55,69,-14,14
10153,115,123,-8,8
10154,58,77,-19,19
10155,76,92,-16,16
10156,137,148,-11,11
10157,81,94,-13,13
10158,116,121,-5,5
10159,81,89,-8,8
10160,94,102,-8,8
10161,78,105,-27,27
10162,80,88,-8,8
10163,99,107,-8,8
10164,118,124,-6,6
10165,137,141,-4,4
10166,98,110,-12,12
10167,71,82,-11,11
10168,83,99,-16,16
10169,132,148,-16,16
10170,69,82,-13,13
10171,119,125,-6,6
10172,101,120,-19,19
10173,92,104,-12,12
10174,74,82,-8,8
10175,95,110,-15,15
10176,67,84,-17,17
10177,50,74,-24,24
10178,106,111,-5,5
10179,102,105,-3,3
10180,359,232,127,127
10181,58,74,-16,16
10182,94,101,-7,7
10183,90,92,-2,2
10184,88,95,-7,7
10185,105,108,-3,3
10186,75,88,-13,13
10187,89,102,-13,13
10188,86,92,-6,6
10189,133,136,-3,3
10190,35,56,-21,21
10191,88,95,-7,7
10192,177,159,18,18
10193,100,110,-10,10
10194,65,78,-13,13
10195,104,110,-6,6
10196,67,77,-10,10
10197,86,97,-11,11
10198,123,124,-1,1
10199,108,114,-6,6
10200,84,96,-12,12
10201,54,78,-24,24
10202,95,107,-12,12
10203,86,97,-11,11
10204,70,96,-26,26
10205,84,89,-5,5
10206,107,111,-4,4
10207,45,64,-19,19
10208,85,98,-13,13
10209,79,102,-23,23
10210,125,134,-9,9
10211,92,101,-9,9
10212,74,91,-17,17
10213,139,148,-9,9
10214,84,96,-12,12
10215,103,126,-23,23
10216,60,85,-25,25
10217,78,94,-16,16
10218,69,69,0,0
10219,131,141,-10,10
10220,102,109,-7,7
10221,69,84,-15,15
10222,58,77,-19,19
10223,43,61,-18,18
10224,29,49,-20,20
10225,86,99,-13,13
10226,114,124,-10,10
10227,38,62,-24,24
10228,113,127,-14,14
10229,74,97,-23,23
10230,67,81,-14,14
10231,221,213,8,8
10232,103,119,-16,16
10233,224,197,27,27
10234,82,112,-30,30
10235,104,110,-6,6
10236,115,117,-2,2
10237,70,102,-32,32
10238,92,104,-12,12
10239,118,127,-9,9
10240,159,147,12,12
10241,124,123,1,1
10242,165,148,17,17
10243,118,130,-12,12
10244,79,84,-5,5
10245,113,116,-3,3
10246,61,77,-16,16
10247,112,116,-4,4
10248,68,78,-10,10
10249,71,89,-18,18
10250,127,131,-4,4
10251,82,97,-15,15
10252,63,79,-16,16
10253,189,192,-3,3
10254,73,95,-22,22
10255,76,84,-8,8
10256,99,119,-20,20
10257,131,137,-6,6
10258,88,101,-13,13
10259,61,81,-20,20
10260,135,140,-5,5
10261,52,73,-21,21
10262,114,122,-8,8
10263,82,96,-14,14
10264,106,117,-11,11
10265,102,124,-22,22
10266,105,126,-21,21
10267,77,94,-17,17
10268,66,77,-11,11
10269,129,130,-1,1
10270,73,86,-13,13
10271,77,90,-13,13
10272,70,81,-11,11
10273,40,57,-17,17
10274,55,82,-27,27
10275,130,140,-10,10
10276,168,155,13,13
10277,76,82,-6,6
10278,136,138,-2,2
10279,104,122,-18,18
10280,52,72,-20,20
10281,151,147,4,4
10282,74,86,-12,12
10283,60,82,-22,22
10284,90,99,-9,9
10285,81,88,-7,7
10286,118,128,-10,10
10287,96,106,-10,10
10288,96,100,-4,4
10289,151,152,-1,1
10290,125,128,-3,3
10291,73,81,-8,8
10292,107,112,-5,5
10293,113,125,-12,12
10294,118,132,-14,14
10295,71,92,-21,21
10296,68,81,-13,13
10297,65,82,-17,17
10298,48,69,-21,21
10299,73,89,-16,16
10300,86,118,-32,32
10301,45,63,-18,18
10302,87,96,-9,9
10303,113,117,-4,4
10304,137,143,-6,6
10305,114,124,-10,10
10306,61,77,-16,16
10307,106,107,-1,1
10308,128,140,-12,12
10309,111,123,-12,12
10310,100,108,-8,8
10311,100,108,-8,8
10312,133,148,-15,15
10313,96,106,-10,10
10314,133,143,-10,10
10315,130,137,-7,7
10316,78,93,-15,15
10317,130,125,5,5
10318,110,131,-21,21
10319,75,94,-19,19
10320,144,149,-5,5
10321,81,99,-18,18
10322,63,84,-21,21
10323,122,133,-11,11
10324,119,142,-23,23
10325,99,113,-14,14
10326,111,118,-7,7
10327,143,138,5,5
10328,104,129,-25,25
10329,93,99,-6,6
10330,72,93,-21,21
10331,79,96,-17,17
10332,128,144,-16,16
10333,99,106,-7,7
10334,76,98,-22,22
10335,100,111,-11,11
10336,70,81,-11,11
10337,148,149,-1,1
10338,68,79,-11,11
10339,100,122,-22,22
10340,74,102,-28,28
10341,86,97,-11,11
10342,93,101,-8,8
10343,138,130,8,8
10344,149,157,-8,8
10345,65,75,-10,10
10346,89,102,-13,13
10347,117,104,13,13
10348,98,102,-4,4
10349,127,135,-8,8
10350,106,110,-4,4
10351,68,79,-11,11
10352,160,147,13,13
10353,83,100,-17,17
10354,129,125,4,4
10355,117,114,3,3
10356,74,93,-19,19
10357,101,109,-8,8
10358,113,118,-5,5
10359,121,127,-6,6
10360,122,138,-16,16
10361,117,123,-6,6
10362,131,144,-13,13
10363,68,75,-7,7
10364,86,105,-19,19
10365,97,104,-7,7
10366,125,130,-5,5
10367,65,86,-21,21
10368,49,65,-16,16
10369,81,96,-15,15
10370,103,115,-12,12
10371,110,113,-3,3
10372,86,107,-21,21
10373,103,112,-9,9
10374,103,117,-14,14
10375,59,74,-15,15
10376,119,119,0,0
10377,40,53,-13,13
10378,102,114,-12,12
10379,120,123,-3,3
10380,103,115,-12,12
10381,101,111,-10,10
10382,106,116,-10,10
10383,110,124,-14,14
10384,82,90,-8,8
10385,88,97,-9,9
10386,174,170,4,4
10387,99,100,-1,1
10388,66,81,-15,15
10389,105,125,-20,20
10390,59,72,-13,13
10391,128,122,6,6
10392,53,78,-25,25
10393,123,138,-15,15
10394,88,94,-6,6
10395,80,92,-12,12
10396,72,96,-24,24
10397,73,90,-17,17
10398,60,78,-18,18
10399,88,96,-8,8
10400,82,92,-10,10
10401,156,148,8,8
10402,163,148,15,15
10403,73,86,-13,13
10404,105,107,-2,2
10405,137,133,4,4
10406,74,90,-16,16
10407,85,94,-9,9
10408,71,88,-17,17
10409,56,78,-22,22
10410,95,101,-6,6
10411,48,64,-16,16
10412,113,126,-13,13
10413,96,107,-11,11
10414,111,117,-6,6
10415,80,126,-46,46
10416,44,61,-17,17
10417,73,83,-10,10
10418,132,122,10,10
10419,100,100,0,0
10420,126,128,-2,2
10421,77,98,-21,21
10422,81,103,-22,22
10423,68,76,-8,8
10424,73,105,-32,32
10425,100,116,-16,16
10426,98,103,-5,5
10427,60,75,-15,15
10428,110,118,-8,8
10429,102,112,-10,10
10430,75,85,-10,10
10431,138,147,-9,9
10432,81,91,-10,10
10433,108,125,-17,17
10434,148,145,3,3
10435,59,71,-12,12
10436,88,105,-17,17
10437,104,103,1,1
10438,72,80,-8,8
10439,82,95,-13,13
10440,93,104,-11,11
10441,93,98,-5,5
10442,160,154,6,6
10443,129,135,-6,6
10444,113,129,-16,16
10445,116,117,-1,1
10446,119,128,-9,9
10447,86,92,-6,6
10448,44,60,-16,16
10449,76,81,-5,5
10450,61,80,-19,19
10451,80,99,-19,19
10452,99,101,-2,2
10453,87,112,-25,25
10454,117,125,-8,8
10455,50,88,-38,38
10456,150,146,4,4
10457,123,124,-1,1
10458,100,97,3,3
10459,147,147,0,0
10460,185,182,3,3
10461,59,72,-13,13
10462,81,88,-7,7
10463,61,86,-25,25
10464,126,130,-4,4
10465,82,97,-15,15
10466,100,111,-11,11
10467,81,89,-8,8
10468,39,55,-16,16
10469,77,86,-9,9
10470,51,69,-18,18
10471,98,118,-20,20
10472,133,150,-17,17
10473,80,91,-11,11
10474,151,148,3,3
10475,88,91,-3,3
10476,55,69,-14,14
10477,72,92,-20,20
10478,75,96,-21,21
10479,77,87,-10,10
10480,81,85,-4,4
10481,144,147,-3,3
10482,121,118,3,3
10483,57,70,-13,13
10484,69,83,-14,14
10485,99,110,-11,11
10486,64,84,-20,20
10487,130,121,9,9
10488,106,122,-16,16
10489,72,86,-14,14
10490,67,86,-19,19
10491,68,81,-13,13
10492,79,100,-21,21
10493,81,95,-14,14
10494,69,84,-15,15
10495,67,81,-14,14
10496,73,84,-11,11
10497,39,61,-22,22
10498,112,127,-15,15
10499,71,87,-16,16
10500,132,131,1,1
10501,133,145,-12,12
10502,95,104,-9,9
10503,112,118,-6,6
10504,112,109,3,3
10505,99,128,-29,29
10506,71,91,-20,20
10507,127,147,-20,20
10508,89,108,-19,19
10509,87,99,-12,12
10510,124,126,-2,2
10511,66,83,-17,17
10512,92,110,-18,18
10513,80,90,-10,10
10514,94,107,-13,13
10515,146,152,-6,6
10516,139,147,-8,8
10517,136,139,-3,3
10518,63,75,-12,12
10519,54,72,-18,18
10520,171,158,13,13
10521,91,95,-4,4
10522,170,155,15,15
10523,147,155,-8,8
10524,70,81,-11,11
10525,140,148,-8,8
10526,117,125,-8,8
10527,72,86,-14,14
10528,132,135,-3,3
10529,63,77,-14,14
10530,102,118,-16,16
10531,81,97,-16,16
10532,90,102,-12,12
10533,87,99,-12,12
10534,127,131,-4,4
10535,56,73,-17,17
10536,44,60,-16,16
10537,122,126,-4,4
10538,111,118,-7,7
10539,66,83,-17,17
10540,110,125,-15,15
10541,101,115,-14,14
10542,119,136,-17,17
10543,75,96,-21,21
10544,65,77,-12,12
10545,55,74,-19,19
10546,76,93,-17,17
10547,70,89,-19,19
10548,157,172,-15,15
10549,27,48,-21,21
10550,83,92,-9,9
10551,125,129,-4,4
10552,95,114,-19,19
10553,86,91,-5,5
10554,116,129,-13,13
10555,66,81,-15,15
10556,144,160,-16,16
10557,96,113,-17,17
10558,94,107,-13,13
10559,37,59,-22,22
10560,195,175,20,20
10561,108,121,-13,13
10562,130,140,-10,10
10563,78,95,-17,17
10564,57,78,-21,21
10565,72,80,-8,8
10566,57,81,-24,24
10567,90,114,-24,24
10568,67,78,-11,11
10569,157,155,2,2
10570,57,77,-20,20
10571,94,108,-14,14
10572,69,87,-18,18
10573,86,99,-13,13
10574,58,76,-18,18
10575,105,115,-10,10
10576,74,87,-13,13
10577,116,128,-12,12
10578,78,89,-11,11
10579,115,120,-5,5
10580,64,79,-15,15
10581,127,127,0,0
10582,77,91,-14,14
10583,99,106,-7,7
10584,68,86,-18,18
10585,101,124,-23,23
10586,88,95,-7,7
10587,121,130,-9,9
10588,100,110,-10,10
10589,87,85,2,2
10590,80,86,-6,6
10591,43,65,-22,22
10592,103,120,-17,17
10593,149,146,3,3
10594,67,86,-19,19
10595,110,125,-15,15
10596,127,130,-3,3
10597,55,70,-15,15
10598,133,138,-5,5
10599,82,96,-14,14
10600,45,58,-13,13
10601,59,75,-16,16
10602,120,126,-6,6
10603,103,122,-19,19
10604,145,148,-3,3
10605,119,132,-13,13
10606,75,94,-19,19
10607,74,87,-13,13
10608,109,123,-14,14
10609,148,148,0,0
10610,80,94,-14,14
10611,68,78,-10,10
10612,116,129,-13,13
10613,114,117,-3,3
10614,100,111,-11,11
10615,72,90,-18,18
10616,119,142,-23,23
10617,96,96,0,0
10618,58,78,-20,20
10619,132,145,-13,13
10620,169,163,6,6
10621,70,83,-13,13
10622,90,95,-5,5
10623,93,99,-6,6
10624,107,135,-28,28
10625,124,126,-2,2
10626,43,59,-16,16
10627,102,109,-7,7
10628,107,117,-10,10
10629,61,79,-18,18
10630,62,82,-20,20
10631,72,85,-13,13
10632,129,130,-1,1
10633,74,83,-9,9
10634,81,94,-13,13
10635,107,109,-2,2
10636,79,87,-8,8
10637,43,56,-13,13
10638,72,87,-15,15
10639,102,99,3,3
10640,93,102,-9,9
10641,90,100,-10,10
10642,66,75,-9,9
10643,125,134,-9,9
10644,73,83,-10,10
10645,78,88,-10,10
10646,49,67,-18,18
10647,81,85,-4,4
10648,74,92,-18,18
10649,78,90,-12,12
10650,82,93,-11,11
10651,92,119,-27,27
10652,110,106,4,4
10653,96,105,-9,9
10654,83,98,-15,15
10655,143,143,0,0
10656,88,90,-2,2
10657,111,121,-10,10
10658,54,69,-15,15
10659,66,82,-16,16
10660,68,93,-25,25
10661,57,77,-20,20
10662,169,149,20,20
10663,63,87,-24,24
10664,131,149,-18,18
10665,102,108,-6,6
10666,47,65,-18,18
10667,58,73,-15,15
10668,127,135,-8,8
10669,100,108,-8,8
10670,109,125,-16,16
10671,109,116,-7,7
10672,92,100,-8,8
10673,93,100,-7,7
10674,64,77,-13,13
10675,95,110,-15,15
10676,97,103,-6,6
10677,87,104,-17,17
10678,65,92,-27,27
10679,84,96,-12,12
10680,140,128,12,12
10681,88,98,-10,10
10682,56,67,-11,11
10683,131,138,-7,7
10684,107,113,-6,6
10685,93,96,-3,3
10686,125,125,0,0
10687,204,184,20,20
10688,128,126,2,2
10689,80,91,-11,11
10690,161,176,-15,15
10691,114,120,-6,6
10692,96,94,2,2
10693,79,94,-15,15
10694,60,74,-14,14
10695,176,162,14,14
10696,41,59,-18,18
10697,50,69,-19,19
10698,45,62,-17,17
10699,168,150,18,18
10700,65,79,-14,14
10701,57,65,-8,8
10702,98,109,-11,11
10703,77,87,-10,10
10704,84,90,-6,6
10705,76,94,-18,18
10706,75,101,-26,26
10707,93,108,-15,15
10708,71,121,-50,50
10709,87,93,-6,6
10710,65,78,-13,13
10711,130,127,3,3
10712,74,78,-4,4
10713,34,57,-23,23
10714,129,120,9,9
10715,114,127,-13,13
10716,70,79,-9,9
10717,50,74,-24,24
10718,93,102,-9,9
10719,55,68,-13,13
10720,94,96,-2,2
10721,46,56,-10,10
10722,50,63,-13,13
10723,104,109,-5,5
10724,118,126,-8,8
10725,102,106,-4,4
10726,84,101,-17,17
10727,165,170,-5,5
10728,97,108,-11,11
10729,92,104,-12,12
10730,89,84,5,5
10731,76,93,-17,17
10732,75,106,-31,31
10733,142,144,-2,2
10734,96,106,-10,10
10735,145,150,-5,5
10736,87,99,-12,12
10737,64,77,-13,13
10738,48,77,-29,29
10739,94,105,-11,11
10740,69,79,-10,10
10741,66,75,-9,9
10742,131,131,0,0
10743,98,104,-6,6
10744,94,112,-18,18
10745,65,81,-16,16
10746,89,105,-16,16
10747,128,125,3,3
10748,144,149,-5,5
10749,53,74,-21,21
10750,108,122,-14,14
10751,29,54,-25,25
10752,58,74,-16,16
10753,94,113,-19,19
10754,74,81,-7,7
10755,133,140,-7,7
10756,75,88,-13,13
10757,87,93,-6,6
10758,133,139,-6,6
10759,74,80,-6,6
10760,80,92,-12,12
10761,52,67,-15,15
10762,116,122,-6,6
10763,158,151,7,7
10764,224,201,23,23
10765,97,109,-12,12
10766,128,129,-1,1
10767,102,113,-11,11
10768,114,114,0,0
10769,41,59,-18,18
10770,86,99,-13,13
10771,42,66,-24,24
10772,111,116,-5,5
10773,142,148,-6,6
10774,68,92,-24,24
10775,65,80,-15,15
10776,116,127,-11,11
10777,91,98,-7,7
10778,157,153,4,4
10779,140,143,-3,3
10780,126,127,-1,1
10781,77,89,-12,12
10782,86,101,-15,15
10783,102,114,-12,12
10784,95,104,-9,9
10785,64,74,-10,10
10786,103,116,-13,13
10787,55,78,-23,23
10788,77,93,-16,16
10789,160,152,8,8
10790,58,77,-19,19
10791,191,183,8,8
10792,121,136,-15,15
10793,77,81,-4,4
10794,161,155,6,6
10795,65,79,-14,14
10796,80,107,-27,27
10797,77,92,-15,15
10798,67,88,-21,21
10799,51,67,-16,16
10800,76,88,-12,12
10801,155,147,8,8
10802,96,98,-2,2
10803,65,79,-14,14
10804,98,106,-8,8
10805,101,109,-8,8
10806,49,59,-10,10
10807,112,129,-17,17
10808,81,79,2,2
10809,49,65,-16,16
10810,65,76,-11,11
10811,90,99,-9,9
10812,126,125,1,1
10813,48,65,-17,17
10814,120,140,-20,20
10815,55,70,-15,15
10816,75,102,-27,27
10817,83,107,-24,24
10818,135,135,0,0
10819,131,137,-6,6
10820,117,132,-15,15
10821,88,96,-8,8
10822,92,106,-14,14
10823,90,113,-23,23
10824,98,115,-17,17
10825,101,106,-5,5
10826,138,146,-8,8
10827,84,99,-15,15
10828,104,118,-14,14
10829,98,122,-24,24
10830,87,102,-15,15
10831,102,114,-12,12
10832,81,95,-14,14
10833,75,90,-15,15
10834,145,140,5,5
10835,114,120,-6,6
10836,63,77,-14,14
10837,51,68,-17,17
10838,109,119,-10,10
10839,69,82,-13,13
10840,87,108,-21,21
10841,72,83,-11,11
10842,114,125,-11,11
10843,96,96,0,0
10844,140,151,-11,11
10845,171,160,11,11
10846,97,108,-11,11
10847,77,91,-14,14
10848,125,114,11,11
10849,75,89,-14,14
10850,98,112,-14,14
10851,118,128,-10,10
10852,120,122,-2,2
10853,69,82,-13,13
10854,57,73,-16,16
10855,129,131,-2,2
10856,127,136,-9,9
10857,81,95,-14,14
10858,102,111,-9,9
10859,154,148,6,6
10860,116,117,-1,1
10861,47,63,-16,16
10862,124,133,-9,9
10863,124,126,-2,2
10864,138,139,-1,1
10865,82,99,-17,17
10866,120,121,-1,1
10867,114,117,-3,3
10868,90,105,-15,15
10869,88,92,-4,4
10870,53,70,-17,17
10871,84,92,-8,8
10872,80,93,-13,13
10873,147,148,-1,1
10874,79,102,-23,23
10875,115,122,-7,7
10876,80,97,-17,17
10877,117,123,-6,6
10878,123,127,-4,4
10879,54,76,-22,22
10880,93,104,-11,11
10881,145,147,-2,2
10882,128,142,-14,14
10883,73,86,-13,13
10884,51,64,-13,13
10885,65,78,-13,13
10886,102,122,-20,20
10887,95,119,-24,24
10888,58,71,-13,13
10889,49,73,-24,24
10890,113,122,-9,9
10891,121,130,-9,9
10892,148,150,-2,2
10893,139,148,-9,9
10894,96,121,-25,25
10895,143,145,-2,2
10896,92,110,-18,18
10897,78,89,-11,11
10898,11,44,-33,33
10899,66,87,-21,21
10900,79,89,-10,10
10901,70,83,-13,13
10902,67,84,-17,17
10903,77,90,-13,13
10904,144,148,-4,4
10905,84,100,-16,16
10906,50,66,-16,16
10907,79,89,-10,10
10908,90,111,-21,21
10909,62,76,-14,14
10910,134,149,-15,15
10911,110,113,-3,3
10912,78,116,-38,38
10913,142,136,6,6
10914,79,96,-17,17
10915,143,145,-2,2
10916,80,100,-20,20
10917,37,54,-17,17
10918,70,79,-9,9
10919,96,112,-16,16
10920,135,147,-12,12
10921,76,86,-10,10
10922,181,167,14,14
10923,105,122,-17,17
10924,49,65,-16,16
10925,65,83,-18,18
10926,139,143,-4,4
10927,38,58,-20,20
10928,83,93,-10,10
10929,56,73,-17,17
10930,120,115,5,5
10931,109,122,-13,13
10932,160,154,6,6
10933,117,141,-24,24
10934,92,110,-18,18
10935,99,109,-10,10
10936,114,123,-9,9
10937,70,75,-5,5
10938,93,110,-17,17
10939,112,112,0,0
10940,118,121,-3,3
10941,72,81,-9,9
10942,51,73,-22,22
10943,119,113,6,6
10944,85,94,-9,9
10945,101,131,-30,30
10946,78,95,-17,17
10947,75,91,-16,16
10948,69,92,-23,23
10949,120,124,-4,4
10950,72,81,-9,9
10951,64,91,-27,27
10952,80,91,-11,11
10953,80,102,-22,22
10954,75,87,-12,12
10955,76,86,-10,10
10956,157,153,4,4
10957,80,110,-30,30
10958,117,123,-6,6
10959,103,103,0,0
10960,129,121,8,8
10961,139,142,-3,3
10962,98,104,-6,6
10963,87,95,-8,8
10964,165,149,16,16
10965,73,91,-18,18
10966,137,141,-4,4
10967,150,152,-2,2
10968,74,97,-23,23
10969,157,150,7,7
10970,82,108,-26,26
10971,74,86,-12,12
10972,37,69,-32,32
10973,95,105,-10,10
10974,104,109,-5,5
10975,124,135,-11,11
10976,37,59,-22,22
10977,80,119,-39,39
10978,80,100,-20,20
10979,88,95,-7,7
10980,147,132,15,15
10981,65,86,-21,21
10982,101,111,-10,10
10983,93,100,-7,7
10984,71,85,-14,14
10985,64,72,-8,8
10986,71,88,-17,17
10987,60,84,-24,24
10988,64,92,-28,28
10989,55,70,-15,15
10990,48,88,-40,40
10991,141,138,3,3
10992,95,105,-10,10
10993,58,77,-19,19
10994,95,107,-12,12
10995,71,89,-18,18
10996,89,99,-10,10
10997,125,129,-4,4
10998,170,174,-4,4
10999,153,153,0,0
11000,84,96,-12,12
11001,137,147,-10,10
11002,81,88,-7,7
11003,77,104,-27,27
11004,75,91,-16,16
11005,110,119,-9,9
11006,53,67,-14,14
11007,92,98,-6,6
11008,105,126,-21,21
11009,55,76,-21,21
11010,85,111,-26,26
11011,141,137,4,4
11012,126,141,-15,15
11013,82,94,-12,12
11014,124,131,-7,7
11015,76,104,-28,28
11016,126,121,5,5
11017,56,72,-16,16
11018,65,80,-15,15
11019,91,114,-23,23
11020,65,85,-20,20
11021,84,99,-15,15
11022,95,106,-11,11
11023,109,108,1,1
11024,74,83,-9,9
11025,60,71,-11,11
11026,65,77,-12,12
11027,77,90,-13,13
11028,79,91,-12,12
11029,65,75,-10,10
11030,110,121,-11,11
11031,116,136,-20,20
11032,67,80,-13,13
11033,83,96,-13,13
11034,120,121,-1,1
11035,157,143,14,14
11036,123,129,-6,6
11037,80,90,-10,10
11038,99,114,-15,15
11039,88,96,-8,8
11040,67,94,-27,27
11041,134,137,-3,3
11042,76,84,-8,8
11043,96,118,-22,22
11044,83,103,-20,20
11045,57,75,-18,18
11046,93,102,-9,9
11047,60,75,-15,15
11048,85,97,-12,12
11049,62,85,-23,23
11050,110,122,-12,12
11051,108,120,-12,12
11052,66,79,-13,13
11053,67,96,-29,29
11054,71,82,-11,11
11055,79,90,-11,11
11056,145,151,-6,6
11057,62,85,-23,23
11058,60,84,-24,24
11059,126,136,-10,10
11060,120,132,-12,12
11061,67,80,-13,13
11062,96,105,-9,9
11063,54,66,-12,12
11064,66,77,-11,11
11065,101,111,-10,10
11066,83,89,-6,6
11067,120,119,1,1
11068,186,179,7,7
11069,72,87,-15,15
11070,91,108,-17,17
11071,158,148,10,10
11072,67,87,-20,20
11073,118,115,3,3
11074,63,75,-12,12
11075,105,113,-8,8
11076,124,136,-12,12
11077,108,101,7,7
11078,121,122,-1,1
11079,39,53,-14,14
11080,90,104,-14,14
11081,218,223,-5,5
11082,71,90,-19,19
11083,81,98,-17,17
11084,61,71,-10,10
11085,86,94,-8,8
11086,59,73,-14,14
11087,168,157,11,11
11088,86,111,-25,25
11089,104,120,-16,16
11090,89,103,-14,14
11091,80,89,-9,9
11092,81,89,-8,8
11093,87,92,-5,5
11094,119,121,-2,2
11095,136,141,-5,5
11096,113,114,-1,1
11097,68,92,-24,24
11098,86,94,-8,8
11099,103,110,-7,7
11100,72,94,-22,22
11101,142,148,-6,6
11102,172,183,-11,11
11103,166,160,6,6
11104,96,120,-24,24
11105,106,124,-18,18
11106,125,129,-4,4
11107,125,127,-2,2
11108,75,112,-37,37
11109,94,99,-5,5
11110,103,115,-12,12
11111,58,77,-19,19
11112,81,88,-7,7
11113,133,128,5,5
11114,122,127,-5,5
11115,99,117,-18,18
11116,67,79,-12,12
11117,126,131,-5,5
11118,91,99,-8,8
11119,73,86,-13,13
11120,89,104,-15,15
11121,124,148,-24,24
11122,68,74,-6,6
11123,126,132,-6,6
11124,76,93,-17,17
11125,167,149,18,18
11126,36,54,-18,18
11127,137,141,-4,4
11128,93,103,-10,10
11129,115,123,-8,8
11130,125,127,-2,2
11131,79,89,-10,10
11132,59,74,-15,15
11133,90,104,-14,14
11134,73,91,-18,18
11135,74,83,-9,9
11136,111,114,-3,3
11137,129,133,-4,4
11138,80,92,-12,12
11139,97,107,-10,10
11140,83,92,-9,9
11141,129,135,-6,6
11142,120,127,-7,7
11143,93,94,-1,1
11144,95,116,-21,21
11145,101,107,-6,6
11146,93,104,-11,11
11147,112,135,-23,23
11148,103,114,-11,11
11149,60,81,-21,21
11150,95,117,-22,22
11151,62,73,-11,11
11152,69,85,-16,16
11153,83,112,-29,29
11154,53,63,-10,10
11155,98,102,-4,4
11156,101,119,-18,18
11157,73,100,-27,27
11158,94,116,-22,22
11159,55,69,-14,14
11160,93,125,-32,32
11161,70,88,-18,18
11162,102,117,-15,15
11163,75,83,-8,8
11164,77,82,-5,5
11165,96,105,-9,9
11166,93,115,-22,22
11167,78,98,-20,20
11168,155,148,7,7
11169,94,106,-12,12
11170,66,81,-15,15
11171,71,99,-28,28
11172,96,107,-11,11
11173,143,148,-5,5
11174,60,77,-17,17
11175,79,95,-16,16
11176,93,111,-18,18
11177,126,130,-4,4
11178,128,131,-3,3
11179,103,104,-1,1
11180,95,102,-7,7
11181,86,112,-26,26
11182,95,102,-7,7
11183,68,80,-12,12
11184,102,117,-15,15
11185,74,88,-14,14
11186,94,128,-34,34
11187,83,81,2,2
11188,107,112,-5,5
11189,65,75,-10,10
11190,66,89,-23,23
11191,113,123,-10,10
11192,164,149,15,15
11193,60,79,-19,19
11194,139,154,-15,15
11195,96,114,-18,18
11196,87,88,-1,1
11197,113,119,-6,6
11198,180,172,8,8
11199,106,111,-5,5
11200,73,87,-14,14
11201,121,132,-11,11
11202,125,132,-7,7
11203,62,81,-19,19
11204,56,68,-12,12
11205,81,97,-16,16
11206,103,108,-5,5
11207,107,115,-8,8
11208,70,80,-10,10
11209,107,111,-4,4
11210,167,197,-30,30
11211,72,78,-6,6
11212,123,123,0,0
11213,178,182,-4,4
11214,142,150,-8,8
11215,138,133,5,5
11216,148,150,-2,2
11217,141,144,-3,3
11218,119,135,-16,16
11219,67,82,-15,15
11220,126,147,-21,21
11221,35,81,-46,46
11222,86,100,-14,14
11223,82,105,-23,23
11224,135,160,-25,25
11225,111,114,-3,3
11226,145,148,-3,3
11227,99,103,-4,4
11228,69,86,-17,17
11229,81,113,-32,32
11230,58,73,-15,15
11231,58,81,-23,23
11232,141,135,6,6
11233,75,90,-15,15
11234,108,126,-18,18
11235,128,144,-16,16
11236,87,115,-28,28
11237,90,108,-18,18
11238,133,142,-9,9
11239,73,83,-10,10
11240,63,77,-14,14
11241,73,88,-15,15
11242,136,147,-11,11
11243,105,109,-4,4
11244,60,78,-18,18
11245,102,107,-5,5
11246,100,109,-9,9
11247,57,74,-17,17
11248,71,86,-15,15
11249,76,88,-12,12
11250,58,74,-16,16
11251,204,187,17,17
11252,96,104,-8,8
11253,113,114,-1,1
11254,114,110,4,4
11255,138,140,-2,2
11256,79,98,-19,19
11257,142,139,3,3
11258,109,111,-2,2
11259,141,147,-6,6
11260,73,82,-9,9
11261,89,91,-2,2
11262,85,101,-16,16
11263,159,144,15,15
11264,107,111,-4,4
11265,68,88,-20,20
11266,79,95,-16,16
11267,109,119,-10,10
11268,78,84,-6,6
11269,61,80,-19,19
11270,102,116,-14,14
11271,140,149,-9,9
11272,156,151,5,5
11273,155,152,3,3
11274,118,120,-2,2
11275,85,92,-7,7
11276,162,152,10,10
11277,105,117,-12,12
11278,100,110,-10,10
11279,102,106,-4,4
11280,130,128,2,2
11281,55,70,-15,15
11282,69,92,-23,23
11283,89,94,-5,5
11284,39,65,-26,26
11285,139,142,-3,3
11286,94,107,-13,13
11287,79,88,-9,9
11288,171,160,11,11
11289,139,144,-5,5
11290,85,106,-21,21
11291,86,97,-11,11
11292,114,118,-4,4
11293,134,132,2,2
11294,51,66,-15,15
11295,47,64,-17,17
11296,56,76,-20,20
11297,72,86,-14,14
11298,96,112,-16,16
11299,143,148,-5,5
11300,115,113,2,2
11301,99,118,-19,19
11302,91,109,-18,18
11303,85,103,-18,18
11304,151,139,12,12
11305,42,68,-26,26
11306,125,127,-2,2
11307,41,86,-45,45
11308,137,130,7,7
11309,100,104,-4,4
11310,143,132,11,11
11311,174,165,9,9
11312,81,88,-7,7
11313,106,116,-10,10
11314,150,147,3,3
11315,66,86,-20,20
11316,119,124,-5,5
11317,133,126,7,7
11318,58,77,-19,19
11319,90,106,-16,16
11320,111,120,-9,9
11321,157,149,8,8
11322,106,120,-14,14
11323,121,124,-3,3
11324,61,78,-17,17
11325,111,119,-8,8
11326,88,99,-11,11
11327,81,96,-15,15
11328,93,106,-13,13
11329,77,91,-14,14
11330,163,148,15,15
11331,104,115,-11,11
11332,76,82,-6,6
11333,52,66,-14,14
11334,87,110,-23,23
11335,104,109,-5,5
11336,62,74,-12,12
11337,112,125,-13,13
11338,76,95,-19,19
11339,129,139,-10,10
11340,106,129,-23,23
11341,63,76,-13,13
11342,87,106,-19,19
11343,106,125,-19,19
11344,86,92,-6,6
11345,88,98,-10,10
11346,89,102,-13,13
11347,71,86,-15,15
11348,116,118,-2,2
11349,55,71,-16,16
11350,83,105,-22,22
11351,64,77,-13,13
11352,71,86,-15,15
11353,128,130,-2,2
11354,57,71,-14,14
11355,127,133,-6,6
11356,47,61,-14,14
11357,94,99,-5,5
11358,60,71,-11,11
11359,60,82,-22,22
11360,55,75,-20,20
11361,97,114,-17,17
11362,82,97,-15,15
11363,109,116,-7,7
11364,111,112,-1,1
11365,61,76,-15,15
11366,70,86,-16,16
11367,79,89,-10,10
11368,107,115,-8,8
11369,89,101,-12,12
11370,60,73,-13,13
11371,147,149,-2,2
11372,83,95,-12,12
11373,104,112,-8,8
11374,134,144,-10,10
11375,88,100,-12,12
11376,35,57,-22,22
11377,117,139,-22,22
11378,78,90,-12,12
11379,149,143,6,6
11380,85,101,-16,16
11381,97,109,-12,12
11382,115,131,-16,16
11383,109,108,1,1
11384,81,90,-9,9
11385,81,106,-25,25
11386,93,112,-19,19
11387,123,141,-18,18
11388,95,107,-12,12
11389,102,107,-5,5
11390,57,70,-13,13
11391,179,172,7,7
11392,126,135,-9,9
11393,62,76,-14,14
11394,65,87,-22,22
11395,109,114,-5,5
11396,74,89,-15,15
11397,113,123,-10,10
11398,121,128,-7,7
11399,114,123,-9,9
11400,63,77,-14,14
11401,103,117,-14,14
11402,80,88,-8,8
11403,45,91,-46,46
11404,93,104,-11,11
11405,121,124,-3,3
11406,166,162,4,4
11407,63,91,-28,28
11408,66,78,-12,12
11409,55,90,-35,35
11410,116,128,-12,12
11411,96,107,-11,11
11412,76,87,-11,11
11413,54,82,-28,28
11414,108,117,-9,9
11415,51,70,-19,19
11416,109,119,-10,10
11417,75,88,-13,13
11418,86,101,-15,15
11419,82,105,-23,23
11420,36,57,-21,21
11421,64,86,-22,22
11422,119,119,0,0
11423,53,77,-24,24
11424,73,87,-14,14
11425,58,68,-10,10
11426,41,62,-21,21
11427,58,78,-20,20
11428,118,128,-10,10
11429,134,134,0,0
11430,75,91,-16,16
11431,50,69,-19,19
11432,98,114,-16,16
11433,33,52,-19,19
11434,109,118,-9,9
11435,79,97,-18,18
11436,60,72,-12,12
11437,100,113,-13,13
11438,85,91,-6,6
11439,75,91,-16,16
11440,82,91,-9,9
11441,57,72,-15,15
11442,164,160,4,4
11443,157,151,6,6
11444,76,87,-11,11
11445,72,92,-20,20
11446,57,97,-40,40
11447,96,125,-29,29
11448,90,100,-10,10
11449,100,110,-10,10
11450,129,135,-6,6
11451,91,98,-7,7
11452,98,106,-8,8
11453,102,109,-7,7
11454,198,201,-3,3
11455,78,88,-10,10
11456,60,76,-16,16
11457,173,166,7,7
11458,98,107,-9,9
11459,72,85,-13,13
11460,90,133,-43,43
11461,170,162,8,8
11462,163,149,14,14
11463,77,92,-15,15
11464,66,84,-18,18
11465,67,74,-7,7
11466,66,90,-24,24
11467,99,104,-5,5
11468,86,95,-9,9
11469,85,100,-15,15
11470,71,85,-14,14
11471,136,134,2,2
11472,86,94,-8,8
11473,60,77,-17,17
11474,119,129,-10,10
11475,132,138,-6,6
11476,114,124,-10,10
11477,66,79,-13,13
11478,147,148,-1,1
11479,90,103,-13,13
11480,112,119,-7,7
11481,68,78,-10,10
11482,119,120,-1,1
11483,121,127,-6,6
11484,70,112,-42,42
11485,124,125,-1,1
11486,47,68,-21,21
11487,70,95,-25,25
11488,80,86,-6,6
11489,44,61,-17,17
11490,75,95,-20,20
11491,65,79,-14,14
11492,80,85,-5,5
11493,95,107,-12,12
11494,124,126,-2,2
11495,50,72,-22,22
11496,133,137,-4,4
11497,77,92,-15,15
11498,105,116,-11,11
11499,70,82,-12,12
11500,86,102,-16,16
11501,97,101,-4,4
11502,80,92,-12,12
11503,98,121,-23,23
11504,106,118,-12,12
11505,74,89,-15,15
11506,66,83,-17,17
11507,118,129,-11,11
11508,110,108,2,2
11509,156,150,6,6
11510,67,79,-12,12
11511,170,147,23,23
11512,117,115,2,2
11513,101,111,-10,10
11514,130,134,-4,4
11515,93,115,-22,22
11516,105,113,-8,8
11517,41,79,-38,38
11518,84,82,2,2
11519,59,72,-13,13
11520,141,142,-1,1
11521,47,81,-34,34
11522,114,110,4,4
11523,137,136,1,1
11524,126,145,-19,19
11525,62,75,-13,13
11526,111,118,-7,7
11527,74,89,-15,15
11528,81,94,-13,13
11529,160,154,6,6
11530,102,112,-10,10
11531,91,97,-6,6
11532,83,95,-12,12
11533,72,78,-6,6
11534,68,87,-19,19
11535,126,123,3,3
11536,77,94,-17,17
11537,160,148,12,12
11538,106,119,-13,13
11539,81,95,-14,14
11540,170,149,21,21
11541,131,133,-2,2
11542,50,81,-31,31
11543,115,120,-5,5
11544,70,90,-20,20
11545,109,124,-15,15
11546,72,79,-7,7
11547,74,91,-17,17
11548,67,87,-20,20
11549,81,89,-8,8
11550,83,97,-14,14
11551,105,112,-7,7
11552,95,111,-16,16
11553,133,131,2,2
11554,115,134,-19,19
11555,98,103,-5,5
11556,55,61,-6,6
11557,109,120,-11,11
11558,50,74,-24,24
11559,145,143,2,2
11560,89,91,-2,2
11561,85,97,-12,12
11562,85,97,-12,12
11563,65,104,-39,39
11564,86,98,-12,12
11565,105,103,2,2
11566,53,69,-16,16
11567,60,81,-21,21
11568,121,124,-3,3
11569,52,80,-28,28
11570,53,69,-16,16
11571,164,161,3,3
11572,92,107,-15,15
11573,100,111,-11,11
11574,111,118,-7,7
11575,67,79,-12,12
11576,169,155,14,14
11577,86,95,-9,9
11578,51,60,-9,9
11579,96,105,-9,9
11580,97,96,1,1
11581,82,86,-4,4
11582,75,90,-15,15
11583,103,109,-6,6
11584,91,96,-5,5
11585,108,120,-12,12
11586,85,100,-15,15
11587,137,141,-4,4
11588,88,103,-15,15
11589,167,152,15,15
11590,65,81,-16,16
11591,92,95,-3,3
11592,98,107,-9,9
11593,68,83,-15,15
11594,65,71,-6,6
11595,60,73,-13,13
11596,71,80,-9,9
11597,50,66,-16,16
11598,79,92,-13,13
11599,102,107,-5,5
11600,85,90,-5,5
11601,69,80,-11,11
11602,105,116,-11,11
11603,114,115,-1,1
11604,77,92,-15,15
11605,70,73,-3,3
11606,80,93,-13,13
11607,137,147,-10,10
11608,105,111,-6,6
11609,83,104,-21,21
11610,95,106,-11,11
11611,70,92,-22,22
11612,183,170,13,13
11613,50,71,-21,21
11614,164,155,9,9
11615,125,124,1,1
11616,90,100,-10,10
11617,108,118,-10,10
11618,150,150,0,0
11619,90,96,-6,6
11620,73,85,-12,12
11621,86,108,-22,22
11622,91,113,-22,22
11623,108,125,-17,17
11624,120,124,-4,4
11625,127,116,11,11
11626,65,77,-12,12
11627,121,108,13,13
11628,80,88,-8,8
11629,89,89,0,0
11630,81,87,-6,6
11631,96,98,-2,2
11632,119,125,-6,6
11633,118,132,-14,14
11634,128,140,-12,12
11635,56,83,-27,27
11636,56,79,-23,23
11637,86,98,-12,12
11638,79,89,-10,10
11639,116,114,2,2
11640,69,84,-15,15
11641,111,109,2,2
11642,81,107,-26,26
11643,56,73,-17,17
11644,119,129,-10,10
11645,82,87,-5,5
11646,81,89,-8,8
11647,136,132,4,4
11648,127,139,-12,12
11649,108,127,-19,19
11650,129,133,-4,4
11651,74,111,-37,37
11652,63,94,-31,31
11653,168,154,14,14
11654,100,116,-16,16
11655,66,83,-17,17
11656,70,97,-27,27
11657,101,110,-9,9
11658,112,113,-1,1
11659,102,102,0,0
11660,124,128,-4,4
11661,82,95,-13,13
11662,94,108,-14,14
11663,70,93,-23,23
11664,72,90,-18,18
11665,67,80,-13,13
11666,117,136,-19,19
11667,47,63,-16,16
11668,110,112,-2,2
11669,93,101,-8,8
11670,64,75,-11,11
11671,134,143,-9,9
11672,66,82,-16,16
11673,69,83,-14,14
11674,99,115,-16,16
11675,137,138,-1,1
11676,58,78,-20,20
11677,85,90,-5,5
11678,94,106,-12,12
11679,104,113,-9,9
11680,108,121,-13,13
11681,89,95,-6,6
11682,176,162,14,14
11683,88,100,-12,12
11684,46,65,-19,19
11685,94,106,-12,12
11686,162,155,7,7
11687,92,102,-10,10
11688,96,106,-10,10
11689,124,134,-10,10
11690,74,94,-20,20
11691,68,86,-18,18
11692,67,89,-22,22
11693,90,106,-16,16
11694,87,94,-7,7
11695,86,90,-4,4
11696,68,84,-16,16
11697,90,97,-7,7
11698,77,95,-18,18
11699,126,120,6,6
11700,126,127,-1,1
11701,94,104,-10,10
11702,172,167,5,5
11703,63,106,-43,43
11704,101,105,-4,4
11705,148,148,0,0
11706,87,108,-21,21
11707,127,125,2,2
11708,121,115,6,6
11709,142,149,-7,7
11710,73,87,-14,14
11711,71,85,-14,14
11712,103,142,-39,39
11713,39,59,-20,20
11714,99,110,-11,11
11715,69,82,-13,13
11716,182,163,19,19
11717,138,158,-20,20
11718,142,146,-4,4
11719,114,129,-15,15
11720,54,73,-19,19
11721,93,101,-8,8
11722,110,113,-3,3
11723,38,58,-20,20
11724,133,140,-7,7
11725,143,150,-7,7
11726,125,137,-12,12
11727,69,84,-15,15
11728,120,130,-10,10
11729,121,137,-16,16
11730,71,83,-12,12
11731,97,105,-8,8
11732,104,109,-5,5
11733,97,112,-15,15
11734,47,65,-18,18
11735,184,164,20,20
11736,110,130,-20,20
11737,67,79,-12,12
11738,106,114,-8,8
11739,66,95,-29,29
11740,118,120,-2,2
11741,81,93,-12,12
11742,83,94,-11,11
11743,64,86,-22,22
11744,70,72,-2,2
11745,50,67,-17,17
11746,93,98,-5,5
11747,157,146,11,11
11748,51,68,-17,17
11749,77,89,-12,12
11750,87,99,-12,12
11751,119,120,-1,1
11752,115,117,-2,2
11753,85,90,-5,5
11754,63,95,-32,32
11755,91,105,-14,14
11756,67,79,-12,12
11757,64,90,-26,26
11758,127,145,-18,18
11759,67,79,-12,12
11760,71,84,-13,13
11761,96,99,-3,3
11762,111,120,-9,9
11763,62,73,-11,11
11764,77,84,-7,7
11765,174,172,2,2
11766,138,137,1,1
11767,65,81,-16,16
11768,116,119,-3,3
11769,47,66,-19,19
11770,119,123,-4,4
11771,94,98,-4,4
11772,122,129,-7,7
11773,92,109,-17,17
11774,148,138,10,10
11775,67,87,-20,20
11776,101,113,-12,12
11777,86,100,-14,14
11778,53,69,-16,16
11779,77,92,-15,15
11780,126,128,-2,2
11781,74,81,-7,7
11782,91,106,-15,15
11783,81,96,-15,15
11784,43,60,-17,17
11785,114,123,-9,9
11786,79,95,-16,16
11787,96,101,-5,5
11788,106,109,-3,3
11789,79,100,-21,21
11790,120,142,-22,22
11791,107,115,-8,8
11792,98,111,-13,13
11793,47,63,-16,16
11794,76,92,-16,16
11795,85,94,-9,9
11796,67,91,-24,24
11797,79,91,-12,12
11798,90,112,-22,22
11799,84,92,-8,8
11800,152,148,4,4
11801,152,148,4,4
11802,87,95,-8,8
11803,65,78,-13,13
11804,83,91,-8,8
11805,205,183,22,22
11806,151,150,1,1
11807,114,113,1,1
11808,83,101,-18,18
11809,66,87,-21,21
11810,66,86,-20,20
11811,105,114,-9,9
11812,176,161,15,15
11813,166,158,8,8
11814,185,167,18,18
11815,108,119,-11,11
11816,95,105,-10,10
11817,67,98,-31,31
11818,87,104,-17,17
11819,82,100,-18,18
11820,121,128,-7,7
11821,71,88,-17,17
11822,62,81,-19,19
11823,113,103,10,10
11824,104,114,-10,10
11825,68,84,-16,16
11826,93,115,-22,22
11827,74,87,-13,13
11828,60,76,-16,16
11829,80,101,-21,21
11830,70,87,-17,17
11831,75,94,-19,19
11832,76,82,-6,6
11833,75,86,-11,11
11834,80,84,-4,4
11835,45,66,-21,21
11836,93,123,-30,30
11837,99,121,-22,22
11838,77,91,-14,14
11839,89,95,-6,6
11840,143,151,-8,8
11841,83,108,-25,25
11842,102,112,-10,10
11843,122,134,-12,12
11844,118,120,-2,2
11845,132,121,11,11
11846,102,128,-26,26
11847,75,85,-10,10
11848,105,116,-11,11
11849,124,132,-8,8
11850,75,88,-13,13
11851,47,70,-23,23
11852,130,141,-11,11
11853,147,148,-1,1
11854,134,135,-1,1
11855,71,84,-13,13
11856,72,84,-12,12
11857,42,61,-19,19
11858,97,105,-8,8
11859,99,119,-20,20
11860,147,149,-2,2
11861,127,136,-9,9
11862,65,77,-12,12
11863,73,101,-28,28
11864,54,72,-18,18
11865,87,99,-12,12
11866,125,141,-16,16
11867,120,131,-11,11
11868,75,90,-15,15
11869,101,116,-15,15
11870,139,147,-8,8
11871,93,100,-7,7
11872,85,101,-16,16
11873,162,152,10,10
11874,158,153,5,5
11875,234,196,38,38
11876,76,90,-14,14
11877,68,75,-7,7
11878,60,71,-11,11
11879,115,115,0,0
11880,92,102,-10,10
11881,99,101,-2,2
11882,95,99,-4,4
11883,69,93,-24,24
11884,53,72,-19,19
11885,100,108,-8,8
11886,157,151,6,6
11887,103,111,-8,8
11888,117,127,-10,10
11889,100,110,-10,10
11890,95,98,-3,3
11891,146,139,7,7
11892,97,100,-3,3
11893,49,71,-22,22
11894,83,98,-15,15
11895,89,95,-6,6
11896,97,110,-13,13
11897,98,111,-13,13
11898,99,107,-8,8
11899,52,74,-22,22
11900,92,102,-10,10
11901,128,141,-13,13
11902,60,72,-12,12
11903,47,66,-19,19
11904,106,110,-4,4
11905,78,90,-12,12
11906,143,150,-7,7
11907,90,98,-8,8
11908,125,126,-1,1
11909,80,99,-19,19
11910,114,117,-3,3
11911,161,150,11,11
11912,120,124,-4,4
11913,41,81,-40,40
11914,38,57,-19,19
11915,105,124,-19,19
11916,48,61,-13,13
11917,58,75,-17,17
11918,112,118,-6,6
11919,59,72,-13,13
11920,76,91,-15,15
11921,118,123,-5,5
11922,77,83,-6,6
11923,51,72,-21,21
11924,76,84,-8,8
11925,56,71,-15,15
11926,40,63,-23,23
11927,69,84,-15,15
11928,77,89,-12,12
11929,91,106,-15,15
11930,149,148,1,1
11931,110,116,-6,6
11932,115,129,-14,14
11933,117,124,-7,7
11934,93,105,-12,12
11935,31,61,-30,30
11936,111,141,-30,30
11937,79,96,-17,17
11938,72,85,-13,13
11939,44,60,-16,16
11940,89,102,-13,13
11941,51,68,-17,17
11942,186,187,-1,1
11943,144,139,5,5
11944,98,103,-5,5
11945,68,85,-17,17
11946,82,96,-14,14
11947,110,119,-9,9
11948,101,95,6,6
11949,73,87,-14,14
11950,106,115,-9,9
11951,50,65,-15,15
11952,128,137,-9,9
11953,82,93,-11,11
11954,39,74,-35,35
11955,57,77,-20,20
11956,100,110,-10,10
11957,132,143,-11,11
11958,58,78,-20,20
11959,65,80,-15,15
11960,46,64,-18,18
11961,90,102,-12,12
11962,132,134,-2,2
11963,84,98,-14,14
11964,95,102,-7,7
11965,152,151,1,1
11966,67,83,-16,16
11967,96,118,-22,22
11968,78,94,-16,16
11969,99,99,0,0
11970,71,97,-26,26
11971,116,118,-2,2
11972,122,135,-13,13
11973,81,92,-11,11
11974,42,61,-19,19
11975,121,130,-9,9
11976,144,140,4,4
11977,190,183,7,7
11978,132,140,-8,8
11979,112,110,2,2
11980,106,96,10,10
11981,104,112,-8,8
11982,79,93,-14,14
11983,81,95,-14,14
11984,92,124,-32,32
11985,55,74,-19,19
11986,85,91,-6,6
11987,72,86,-14,14
11988,48,64,-16,16
11989,92,115,-23,23
11990,44,64,-20,20
11991,112,114,-2,2
11992,118,123,-5,5
11993,74,93,-19,19
11994,102,101,1,1
11995,93,113,-20,20
11996,113,115,-2,2
11997,89,101,-12,12
11998,133,141,-8,8
11999,45,63,-18,18
12000,53,68,-15,15
12001,139,147,-8,8
12002,61,72,-11,11
12003,85,115,-30,30
12004,67,82,-15,15
12005,81,87,-6,6
12006,33,55,-22,22
12007,74,87,-13,13
12008,81,90,-9,9
12009,81,96,-15,15
12010,114,121,-7,7
12011,158,158,0,0
12012,59,81,-22,22
12013,60,83,-23,23
12014,111,116,-5,5
12015,102,112,-10,10
12016,89,96,-7,7
12017,80,89,-9,9
12018,73,92,-19,19
12019,53,67,-14,14
12020,124,132,-8,8
12021,108,114,-6,6
12022,101,100,1,1
12023,93,107,-14,14
12024,69,84,-15,15
12025,111,124,-13,13
12026,74,91,-17,17
12027,80,90,-10,10
12028,101,104,-3,3
12029,127,148,-21,21
12030,78,88,-10,10
12031,143,151,-8,8
12032,114,136,-22,22
12033,49,88,-39,39
12034,115,129,-14,14
12035,103,108,-5,5
12036,84,103,-19,19
12037,88,99,-11,11
12038,92,100,-8,8
12039,108,121,-13,13
12040,90,100,-10,10
12041,65,88,-23,23
12042,60,78,-18,18
12043,72,84,-12,12
12044,129,146,-17,17
12045,76,93,-17,17
12046,109,125,-16,16
12047,88,108,-20,20
12048,60,73,-13,13
12049,47,56,-9,9
12050,100,104,-4,4
12051,117,133,-16,16
12052,125,123,2,2
12053,113,112,1,1
12054,54,69,-15,15
12055,111,122,-11,11
12056,156,146,10,10
12057,110,118,-8,8
12058,82,115,-33,33
12059,114,117,-3,3
12060,68,88,-20,20
12061,66,86,-20,20
12062,90,106,-16,16
12063,63,79,-16,16
12064,100,110,-10,10
12065,66,81,-15,15
12066,141,146,-5,5
12067,79,88,-9,9
12068,104,102,2,2
12069,140,138,2,2
12070,72,88,-16,16
12071,39,59,-20,20
12072,118,119,-1,1
12073,97,97,0,0
12074,95,117,-22,22
12075,86,101,-15,15
12076,90,99,-9,9
12077,86,108,-22,22
12078,95,107,-12,12
12079,118,121,-3,3
12080,94,100,-6,6
12081,130,139,-9,9
12082,58,74,-16,16
12083,121,135,-14,14
12084,125,137,-12,12
12085,150,152,-2,2
12086,102,107,-5,5
12087,122,124,-2,2
12088,109,116,-7,7
12089,74,92,-18,18
12090,93,95,-2,2
12091,53,71,-18,18
12092,117,133,-16,16
12093,93,105,-12,12
12094,191,195,-4,4
12095,142,135,7,7
12096,123,125,-2,2
12097,83,99,-16,16
12098,127,130,-3,3
12099,83,94,-11,11
12100,85,96,-11,11
12101,83,94,-11,11
12102,94,101,-7,7
12103,164,155,9,9
12104,72,78,-6,6
12105,76,83,-7,7
12106,122,117,5,5
12107,59,59,0,0
12108,87,99,-12,12
12109,88,82,6,6
12110,61,74,-13,13
12111,154,149,5,5
12112,159,149,10,10
12113,163,152,11,11
12114,104,112,-8,8
12115,121,134,-13,13
12116,116,119,-3,3
12117,98,105,-7,7
12118,84,101,-17,17
12119,42,62,-20,20
12120,78,88,-10,10
12121,99,122,-23,23
12122,77,105,-28,28
12123,189,168,21,21
12124,66,96,-30,30
12125,144,149,-5,5
12126,196,182,14,14
12127,107,114,-7,7
12128,68,88,-20,20
12129,88,96,-8,8
12130,36,58,-22,22
12131,107,114,-7,7
12132,123,133,-10,10
12133,62,79,-17,17
12134,207,190,17,17
12135,89,99,-10,10
12136,74,90,-16,16
12137,87,98,-11,11
12138,135,137,-2,2
12139,72,82,-10,10
12140,183,148,35,35
12141,118,132,-14,14
12142,110,105,5,5
12143,111,117,-6,6
12144,122,121,1,1
12145,90,106,-16,16
12146,121,132,-11,11
12147,58,80,-22,22
12148,126,132,-6,6
12149,105,112,-7,7
12150,109,119,-10,10
12151,71,87,-16,16
12152,148,148,0,0
12153,95,109,-14,14
12154,103,120,-17,17
12155,90,105,-15,15
12156,77,96,-19,19
12157,126,127,-1,1
12158,141,145,-4,4
12159,134,132,2,2
12160,49,64,-15,15
12161,99,111,-12,12
12162,130,133,-3,3
12163,74,84,-10,10
12164,64,75,-11,11
12165,196,174,22,22
12166,106,121,-15,15
12167,100,116,-16,16
12168,88,100,-12,12
12169,116,121,-5,5
12170,107,121,-14,14
12171,128,133,-5,5
12172,93,99,-6,6
12173,150,140,10,10
12174,92,93,-1,1
12175,96,97,-1,1
12176,115,120,-5,5
12177,111,117,-6,6
12178,87,106,-19,19
12179,69,86,-17,17
12180,139,153,-14,14
12181,104,112,-8,8
12182,115,128,-13,13
12183,114,117,-3,3
12184,58,75,-17,17
12185,77,89,-12,12
12186,79,96,-17,17
12187,114,122,-8,8
12188,111,126,-15,15
12189,102,111,-9,9
12190,161,155,6,6
12191,197,181,16,16
12192,72,78,-6,6
12193,142,147,-5,5
12194,49,69,-20,20
12195,63,83,-20,20
12196,135,141,-6,6
12197,192,171,21,21
12198,47,62,-15,15
12199,110,120,-10,10
12200,71,87,-16,16
12201,108,129,-21,21
12202,137,149,-12,12
12203,128,127,1,1
12204,137,144,-7,7
12205,148,148,0,0
12206,82,97,-15,15
12207,70,92,-22,22
12208,60,75,-15,15
12209,115,120,-5,5
12210,76,88,-12,12
12211,86,93,-7,7
12212,97,107,-10,10
12213,122,126,-4,4
12214,104,108,-4,4
12215,149,154,-5,5
12216,73,83,-10,10
12217,88,96,-8,8
12218,93,100,-7,7
12219,94,106,-12,12
12220,110,118,-8,8
12221,56,81,-25,25
12222,66,85,-19,19
12223,73,91,-18,18
12224,96,109,-13,13
12225,121,124,-3,3
12226,122,134,-12,12
12227,94,117,-23,23
12228,88,112,-24,24
12229,130,145,-15,15
12230,63,74,-11,11
12231,141,136,5,5
12232,54,75,-21,21
12233,73,88,-15,15
12234,71,85,-14,14
12235,95,100,-5,5
12236,121,121,0,0
12237,73,83,-10,10
12238,125,132,-7,7
12239,67,88,-21,21
12240,121,130,-9,9
12241,109,116,-7,7
12242,64,78,-14,14
12243,96,102,-6,6
12244,119,145,-26,26
12245,93,112,-19,19
12246,75,87,-12,12
12247,95,107,-12,12
12248,66,83,-17,17
12249,99,108,-9,9
12250,47,65,-18,18
12251,84,107,-23,23
12252,165,186,-21,21
12253,97,107,-10,10
12254,73,89,-16,16
12255,37,59,-22,22
12256,104,109,-5,5
12257,71,88,-17,17
12258,65,80,-15,15
12259,66,74,-8,8
12260,63,76,-13,13
12261,96,110,-14,14
12262,130,137,-7,7
12263,141,146,-5,5
12264,86,118,-32,32
12265,108,123,-15,15
12266,128,128,0,0
12267,118,118,0,0
12268,83,96,-13,13
12269,68,79,-11,11
12270,84,100,-16,16
12271,105,109,-4,4
12272,61,88,-27,27
12273,73,92,-19,19
12274,65,83,-18,18
12275,131,129,2,2
12276,118,122,-4,4
12277,93,107,-14,14
12278,76,87,-11,11
12279,75,87,-12,12
12280,65,85,-20,20
12281,70,84,-14,14
12282,140,147,-7,7
12283,95,101,-6,6
12284,145,132,13,13
12285,82,86,-4,4
12286,185,164,21,21
12287,71,83,-12,12
12288,100,119,-19,19
12289,99,102,-3,3
12290,64,78,-14,14
12291,65,85,-20,20
12292,51,67,-16,16
12293,79,103,-24,24
12294,50,71,-21,21
12295,128,145,-17,17
12296,109,115,-6,6
12297,106,107,-1,1
12298,50,68,-18,18
12299,126,128,-2,2
12300,105,112,-7,7
12301,39,62,-23,23
12302,70,83,-13,13
12303,134,118,16,16
12304,46,65,-19,19
12305,81,97,-16,16
12306,115,122,-7,7
12307,56,79,-23,23
12308,90,100,-10,10
12309,107,114,-7,7
12310,38,57,-19,19
12311,112,123,-11,11
12312,86,97,-11,11
12313,102,113,-11,11
12314,81,99,-18,18
12315,133,135,-2,2
12316,65,79,-14,14
12317,67,93,-26,26
12318,63,85,-22,22
12319,105,109,-4,4
12320,81,93,-12,12
12321,97,114,-17,17
12322,96,110,-14,14
12323,113,140,-27,27
12324,91,103,-12,12
12325,67,92,-25,25
12326,85,97,-12,12
12327,102,111,-9,9
12328,76,87,-11,11
12329,190,189,1,1
12330,63,82,-19,19
12331,87,87,0,0
12332,140,142,-2,2
12333,113,112,1,1
12334,102,112,-10,10
12335,62,69,-7,7
12336,57,71,-14,14
12337,48,71,-23,23
12338,62,75,-13,13
12339,94,119,-25,25
12340,95,114,-19,19
12341,183,171,12,12
12342,80,94,-14,14
12343,164,157,7,7
12344,66,77,-11,11
12345,67,94,-27,27
12346,103,119,-16,16
12347,69,91,-22,22
12348,118,131,-13,13
12349,78,89,-11,11
12350,66,79,-13,13
12351,94,102,-8,8
12352,92,106,-14,14
12353,142,142,0,0
12354,55,85,-30,30
12355,101,112,-11,11
12356,79,84,-5,5
12357,122,139,-17,17
12358,123,119,4,4
12359,38,54,-16,16
12360,65,92,-27,27
12361,138,130,8,8
12362,76,89,-13,13
12363,114,124,-10,10
12364,79,94,-15,15
12365,114,115,-1,1
12366,68,82,-14,14
12367,78,91,-13,13
12368,93,116,-23,23
12369,103,117,-14,14
12370,163,147,16,16
12371,101,117,-16,16
12372,126,134,-8,8
12373,67,78,-11,11
12374,78,87,-9,9
12375,116,124,-8,8
12376,128,135,-7,7
12377,91,99,-8,8
12378,142,138,4,4
12379,65,80,-15,15
12380,145,157,-12,12
12381,61,73,-12,12
12382,136,141,-5,5
12383,84,90,-6,6
12384,98,104,-6,6
12385,87,100,-13,13
12386,107,119,-12,12
12387,115,136,-21,21
12388,106,114,-8,8
12389,93,107,-14,14
12390,80,84,-4,4
12391,130,129,1,1
12392,115,120,-5,5
12393,97,122,-25,25
12394,92,104,-12,12
12395,88,98,-10,10
12396,66,77,-11,11
12397,66,77,-11,11
12398,87,101,-14,14
12399,106,113,-7,7
12400,70,94,-24,24
12401,180,161,19,19
12402,87,112,-25,25
12403,89,96,-7,7
12404,92,111,-19,19
12405,125,120,5,5
12406,88,111,-23,23
12407,109,117,-8,8
12408,35,57,-22,22
12409,67,85,-18,18
12410,117,123,-6,6
12411,190,173,17,17
12412,114,123,-9,9
12413,137,142,-5,5
12414,138,151,-13,13
12415,129,142,-13,13
12416,106,101,5,5
12417,63,82,-19,19
12418,58,76,-18,18
12419,57,75,-18,18
12420,86,109,-23,23
12421,104,109,-5,5
12422,97,109,-12,12
12423,101,116,-15,15
12424,137,138,-1,1
12425,64,67,-3,3
12426,176,188,-12,12
12427,93,95,-2,2
12428,120,127,-7,7
12429,108,116,-8,8
12430,70,89,-19,19
12431,97,104,-7,7
12432,83,103,-20,20
12433,83,90,-7,7
12434,150,156,-6,6
12435,64,81,-17,17
12436,89,97,-8,8
12437,96,107,-11,11
12438,114,121,-7,7
12439,119,122,-3,3
12440,61,72,-11,11
12441,96,104,-8,8
12442,105,116,-11,11
12443,61,75,-14,14
12444,141,147,-6,6
12445,86,97,-11,11
12446,87,97,-10,10
12447,90,94,-4,4
12448,105,115,-10,10
12449,91,95,-4,4
12450,111,125,-14,14
12451,76,90,-14,14
12452,87,98,-11,11
12453,91,109,-18,18
12454,107,123,-16,16
12455,110,117,-7,7
12456,124,138,-14,14
12457,128,130,-2,2
12458,109,118,-9,9
12459,71,82,-11,11
12460,87,93,-6,6
12461,148,148,0,0
12462,107,110,-3,3
12463,134,145,-11,11
12464,23,47,-24,24
12465,119,140,-21,21
12466,91,100,-9,9
12467,25,56,-31,31
12468,61,92,-31,31
12469,101,104,-3,3
12470,72,81,-9,9
12471,95,110,-15,15
12472,47,61,-14,14
12473,97,108,-11,11
12474,81,97,-16,16
12475,59,72,-13,13
12476,77,87,-10,10
12477,138,132,6,6
12478,120,127,-7,7
12479,136,146,-10,10
12480,79,96,-17,17
12481,63,79,-16,16
12482,102,113,-11,11
12483,158,150,8,8
12484,73,90,-17,17
12485,53,65,-12,12
12486,83,100,-17,17
12487,155,148,7,7
12488,139,144,-5,5
12489,93,98,-5,5
12490,128,140,-12,12
12491,98,121,-23,23
12492,96,99,-3,3
12493,153,148,5,5
12494,104,113,-9,9
12495,115,115,0,0
12496,72,84,-12,12
12497,90,100,-10,10
12498,127,146,-19,19
12499,112,134,-22,22
12500,64,81,-17,17
12501,73,81,-8,8
12502,72,91,-19,19
12503,73,95,-22,22
12504,56,73,-17,17
12505,106,113,-7,7
12506,144,141,3,3
12507,47,84,-37,37
12508,147,147,0,0
12509,95,110,-15,15
12510,76,94,-18,18
12511,128,137,-9,9
12512,81,85,-4,4
12513,79,93,-14,14
12514,86,95,-9,9
12515,44,66,-22,22
12516,87,102,-15,15
12517,102,113,-11,11
12518,116,124,-8,8
12519,105,114,-9,9
12520,113,130,-17,17
12521,152,148,4,4
12522,175,161,14,14
12523,70,84,-14,14
12524,173,158,15,15
12525,87,93,-6,6
12526,102,106,-4,4
12527,88,102,-14,14
12528,76,85,-9,9
12529,110,114,-4,4
12530,99,112,-13,13
12531,71,85,-14,14
12532,75,89,-14,14
12533,105,113,-8,8
12534,153,154,-1,1
12535,100,124,-24,24
12536,90,100,-10,10
12537,83,109,-26,26
12538,82,102,-20,20
12539,49,68,-19,19
12540,69,81,-12,12
12541,113,122,-9,9
12542,63,80,-17,17
12543,58,75,-17,17
12544,65,77,-12,12
12545,145,147,-2,2
12546,50,65,-15,15
12547,83,101,-18,18
12548,100,107,-7,7
12549,76,88,-12,12
12550,72,85,-13,13
12551,71,100,-29,29
12552,106,113,-7,7
12553,127,145,-18,18
12554,96,104,-8,8
12555,67,82,-15,15
12556,140,147,-7,7
12557,56,70,-14,14
12558,108,116,-8,8
12559,94,105,-11,11
12560,59,73,-14,14
12561,84,98,-14,14
12562,96,109,-13,13
12563,92,117,-25,25
12564,186,182,4,4
12565,62,76,-14,14
12566,164,151,13,13
12567,49,68,-19,19
12568,62,75,-13,13
12569,50,71,-21,21
12570,128,142,-14,14
12571,57,80,-23,23
12572,69,84,-15,15
12573,48,70,-22,22
12574,132,132,0,0
12575,140,147,-7,7
12576,107,114,-7,7
12577,80,93,-13,13
12578,78,90,-12,12
12579,140,152,-12,12
12580,78,90,-12,12
12581,123,120,3,3
12582,87,107,-20,20
12583,91,118,-27,27
12584,119,141,-22,22
12585,107,115,-8,8
12586,52,73,-21,21
12587,61,82,-21,21
12588,102,108,-6,6
12589,79,88,-9,9
12590,81,97,-16,16
12591,72,81,-9,9
12592,74,97,-23,23
12593,73,80,-7,7
12594,114,102,12,12
12595,127,130,-3,3
12596,92,98,-6,6
12597,118,133,-15,15
12598,115,182,-67,67
12599,73,83,-10,10
12600,93,106,-13,13
12601,70,78,-8,8
12602,73,82,-9,9
12603,107,128,-21,21
12604,96,109,-13,13
12605,101,97,4,4
12606,76,102,-26,26
12607,85,86,-1,1
12608,111,128,-17,17
12609,42,66,-24,24
12610,69,86,-17,17
12611,97,101,-4,4
12612,90,101,-11,11
12613,96,105,-9,9
12614,114,142,-28,28
12615,121,126,-5,5
12616,68,83,-15,15
12617,45,63,-18,18
12618,73,93,-20,20
12619,109,116,-7,7
12620,175,167,8,8
12621,90,93,-3,3
12622,70,84,-14,14
12623,85,96,-11,11
12624,62,83,-21,21
12625,89,113,-24,24
12626,132,138,-6,6
12627,155,149,6,6
12628,99,114,-15,15
12629,60,74,-14,14
12630,110,117,-7,7
12631,87,96,-9,9
12632,98,120,-22,22
12633,80,109,-29,29
12634,127,134,-7,7
12635,172,150,22,22
12636,181,169,12,12
12637,130,125,5,5
12638,76,86,-10,10
12639,86,94,-8,8
12640,105,112,-7,7
12641,105,121,-16,16
12642,56,84,-28,28
12643,65,83,-18,18
12644,42,60,-18,18
12645,120,120,0,0
12646,65,79,-14,14
12647,76,97,-21,21
12648,134,135,-1,1
12649,28,86,-58,58
12650,96,106,-10,10
12651,92,105,-13,13
12652,53,66,-13,13
12653,66,74,-8,8
12654,79,89,-10,10
12655,101,123,-22,22
12656,78,108,-30,30
12657,88,105,-17,17
12658,136,139,-3,3
12659,142,144,-2,2
12660,73,82,-9,9
12661,97,98,-1,1
12662,80,93,-13,13
12663,51,71,-20,20
12664,69,94,-25,25
12665,52,66,-14,14
12666,57,70,-13,13
12667,100,123,-23,23
12668,147,148,-1,1
12669,129,140,-11,11
12670,92,115,-23,23
12671,107,105,2,2
12672,99,118,-19,19
12673,89,104,-15,15
12674,58,74,-16,16
12675,103,103,0,0
12676,33,52,-19,19
12677,103,107,-4,4
12678,88,98,-10,10
12679,81,97,-16,16
12680,53,71,-18,18
12681,70,93,-23,23
12682,32,60,-28,28
12683,88,98,-10,10
12684,99,126,-27,27
12685,110,117,-7,7
12686,78,92,-14,14
12687,99,110,-11,11
12688,46,64,-18,18
12689,136,128,8,8
12690,75,84,-9,9
12691,117,111,6,6
12692,93,98,-5,5
12693,132,139,-7,7
12694,70,85,-15,15
12695,69,87,-18,18
12696,49,58,-9,9
12697,71,88,-17,17
12698,118,124,-6,6
12699,97,110,-13,13
12700,76,99,-23,23
12701,195,158,37,37
12702,128,132,-4,4
12703,66,73,-7,7
12704,120,130,-10,10
12705,73,91,-18,18
12706,62,80,-18,18
12707,104,104,0,0
12708,94,106,-12,12
12709,94,100,-6,6
12710,110,110,0,0
12711,96,105,-9,9
12712,107,112,-5,5
12713,77,95,-18,18
12714,91,110,-19,19
12715,63,75,-12,12
12716,128,125,3,3
12717,77,89,-12,12
12718,67,88,-21,21
12719,124,121,3,3
12720,94,102,-8,8
12721,64,79,-15,15
12722,74,89,-15,15
12723,88,98,-10,10
12724,70,84,-14,14
12725,78,91,-13,13
12726,66,87,-21,21
12727,104,118,-14,14
12728,134,147,-13,13
12729,92,102,-10,10
12730,74,82,-8,8
12731,93,103,-10,10
12732,98,105,-7,7
12733,100,100,0,0
12734,87,100,-13,13
12735,101,106,-5,5
12736,49,68,-19,19
12737,121,126,-5,5
12738,84,106,-22,22
12739,158,154,4,4
12740,115,119,-4,4
12741,125,122,3,3
12742,53,64,-11,11
12743,80,101,-21,21
12744,68,81,-13,13
12745,103,109,-6,6
12746,107,116,-9,9
12747,77,103,-26,26
12748,100,120,-20,20
12749,120,135,-15,15
12750,91,101,-10,10
12751,77,80,-3,3
12752,132,131,1,1
12753,131,136,-5,5
12754,43,74,-31,31
12755,45,60,-15,15
12756,124,125,-1,1
12757,86,93,-7,7
12758,107,112,-5,5
12759,82,97,-15,15
12760,204,183,21,21
12761,107,113,-6,6
12762,120,126,-6,6
12763,140,141,-1,1
12764,153,147,6,6
12765,83,100,-17,17
12766,47,60,-13,13
12767,91,96,-5,5
12768,68,71,-3,3
12769,56,70,-14,14
12770,77,98,-21,21
12771,37,61,-24,24
12772,117,121,-4,4
12773,85,98,-13,13
12774,101,111,-10,10
12775,67,87,-20,20
12776,118,141,-23,23
12777,56,77,-21,21
12778,68,81,-13,13
12779,65,84,-19,19
12780,105,111,-6,6
12781,102,118,-16,16
12782,116,117,-1,1
12783,69,84,-15,15
12784,79,91,-12,12
12785,105,115,-10,10
12786,101,96,5,5
12787,106,107,-1,1
12788,89,98,-9,9
12789,77,93,-16,16
12790,116,123,-7,7
12791,111,114,-3,3
12792,91,93,-2,2
12793,74,85,-11,11
12794,96,104,-8,8
12795,119,135,-16,16
12796,124,127,-3,3
12797,83,92,-9,9
12798,59,76,-17,17
12799,87,94,-7,7
12800,55,72,-17,17
12801,121,129,-8,8
12802,94,106,-12,12
12803,90,100,-10,10
12804,181,171,10,10
12805,93,98,-5,5
12806,72,88,-16,16
12807,92,105,-13,13
12808,153,148,5,5
12809,55,71,-16,16
12810,61,82,-21,21
12811,99,105,-6,6
12812,82,98,-16,16
12813,102,104,-2,2
12814,148,148,0,0
12815,112,122,-10,10
12816,172,168,4,4
12817,133,138,-5,5
12818,97,112,-15,15
12819,70,92,-22,22
12820,70,89,-19,19
12821,98,97,1,1
12822,96,117,-21,21
12823,69,86,-17,17
12824,90,96,-6,6
12825,138,141,-3,3
12826,132,138,-6,6
12827,153,154,-1,1
12828,86,92,-6,6
12829,108,109,-1,1
12830,80,102,-22,22
12831,154,143,11,11
12832,116,131,-15,15
12833,103,110,-7,7
12834,104,118,-14,14
12835,116,119,-3,3
12836,107,110,-3,3
12837,96,100,-4,4
12838,90,105,-15,15
12839,50,73,-23,23
12840,104,113,-9,9
12841,72,83,-11,11
12842,106,108,-2,2
12843,87,97,-10,10
12844,124,131,-7,7
12845,27,48,-21,21
12846,133,134,-1,1
12847,122,121,1,1
12848,124,147,-23,23
12849,89,107,-18,18
12850,97,136,-39,39
12851,84,102,-18,18
12852,140,147,-7,7
12853,136,133,3,3
12854,20,43,-23,23
12855,93,106,-13,13
12856,85,100,-15,15
12857,74,90,-16,16
12858,103,102,1,1
12859,75,88,-13,13
12860,46,64,-18,18
12861,84,116,-32,32
12862,75,86,-11,11
12863,53,70,-17,17
12864,52,94,-42,42
12865,87,100,-13,13
12866,109,108,1,1
12867,105,106,-1,1
12868,67,84,-17,17
12869,154,146,8,8
12870,84,99,-15,15
12871,128,131,-3,3
12872,113,129,-16,16
12873,87,93,-6,6
12874,101,116,-15,15
12875,96,114,-18,18
12876,39,61,-22,22
12877,133,139,-6,6
12878,191,187,4,4
12879,60,76,-16,16
12880,125,132,-7,7
12881,75,93,-18,18
12882,40,62,-22,22
12883,103,108,-5,5
12884,79,91,-12,12
12885,185,175,10,10
12886,124,128,-4,4
12887,109,124,-15,15
12888,89,109,-20,20
12889,67,86,-19,19
12890,47,69,-22,22
12891,76,84,-8,8
12892,122,137,-15,15
12893,106,110,-4,4
12894,142,134,8,8
12895,96,97,-1,1
12896,52,67,-15,15
12897,96,107,-11,11
12898,117,129,-12,12
12899,69,87,-18,18
12900,89,94,-5,5
12901,72,85,-13,13
12902,180,170,10,10
12903,94,102,-8,8
12904,53,73,-20,20
12905,93,109,-16,16
12906,161,149,12,12
12907,137,143,-6,6
12908,129,136,-7,7
12909,89,98,-9,9
12910,102,108,-6,6
12911,159,156,3,3
12912,67,80,-13,13
12913,67,101,-34,34
12914,97,105,-8,8
12915,71,81,-10,10
12916,153,153,0,0
12917,100,112,-12,12
12918,92,109,-17,17
12919,79,103,-24,24
12920,79,92,-13,13
12921,73,89,-16,16
12922,133,142,-9,9
12923,51,67,-16,16
12924,139,137,2,2
12925,115,135,-20,20
12926,89,101,-12,12
12927,124,133,-9,9
12928,90,99,-9,9
12929,128,136,-8,8
12930,131,131,0,0
12931,71,81,-10,10
12932,113,117,-4,4
12933,127,140,-13,13
12934,61,81,-20,20
12935,113,122,-9,9
12936,112,106,6,6
12937,75,87,-12,12
12938,125,119,6,6
12939,73,89,-16,16
12940,100,125,-25,25
12941,187,169,18,18
12942,101,109,-8,8
12943,103,105,-2,2
12944,99,117,-18,18
12945,65,79,-14,14
12946,116,121,-5,5
12947,97,119,-22,22
12948,83,101,-18,18
12949,90,111,-21,21
12950,101,116,-15,15
12951,97,114,-17,17
12952,107,117,-10,10
12953,119,138,-19,19
12954,78,84,-6,6
12955,79,93,-14,14
12956,74,92,-18,18
12957,150,147,3,3
12958,83,107,-24,24
12959,131,148,-17,17
12960,68,87,-19,19
12961,222,185,37,37
12962,88,100,-12,12
12963,109,116,-7,7
12964,149,151,-2,2
12965,82,98,-16,16
12966,33,52,-19,19
12967,97,117,-20,20
12968,88,106,-18,18
12969,127,140,-13,13
12970,70,86,-16,16
12971,86,100,-14,14
12972,63,78,-15,15
12973,101,110,-9,9
12974,85,100,-15,15
12975,97,94,3,3
12976,68,85,-17,17
12977,79,102,-23,23
12978,182,168,14,14
12979,68,82,-14,14
12980,68,87,-19,19
12981,81,91,-10,10
12982,118,118,0,0
12983,93,105,-12,12
12984,117,112,5,5
12985,144,148,-4,4
12986,134,130,4,4
12987,69,85,-16,16
12988,133,137,-4,4
12989,88,103,-15,15
12990,63,77,-14,14
12991,116,128,-12,12
12992,113,132,-19,19
12993,103,105,-2,2
12994,127,129,-2,2
12995,116,126,-10,10
12996,114,126,-12,12
12997,123,125,-2,2
12998,72,78,-6,6
12999,107,110,-3,3
13000,121,118,3,3
13001,100,103,-3,3
13002,87,99,-12,12
13003,102,105,-3,3
13004,155,156,-1,1
13005,72,93,-21,21
13006,84,96,-12,12
13007,86,106,-20,20
13008,115,128,-13,13
13009,100,112,-12,12
13010,81,86,-5,5
13011,51,69,-18,18
13012,54,69,-15,15
13013,86,99,-13,13
13014,92,107,-15,15
13015,60,80,-20,20
13016,112,123,-11,11
13017,92,98,-6,6
13018,87,98,-11,11
13019,95,107,-12,12
13020,80,89,-9,9
13021,139,147,-8,8
13022,103,109,-6,6
13023,120,138,-18,18
13024,75,97,-22,22
13025,51,63,-12,12
13026,76,88,-12,12
13027,67,87,-20,20
13028,165,154,11,11
13029,84,100,-16,16
13030,83,104,-21,21
13031,61,75,-14,14
13032,159,152,7,7
13033,64,93,-29,29
13034,140,145,-5,5
13035,65,88,-23,23
13036,68,85,-17,17
13037,67,76,-9,9
13038,87,103,-16,16
13039,109,119,-10,10
13040,116,122,-6,6
13041,94,123,-29,29
13042,135,133,2,2
13043,77,84,-7,7
13044,55,67,-12,12
13045,61,74,-13,13
13046,73,89,-16,16
13047,139,132,7,7
13048,106,128,-22,22
13049,78,95,-17,17
13050,74,80,-6,6
13051,99,104,-5,5
13052,88,104,-16,16
13053,93,100,-7,7
13054,69,79,-10,10
13055,235,204,31,31
13056,83,97,-14,14
13057,101,107,-6,6
13058,66,86,-20,20
13059,58,68,-10,10
13060,119,131,-12,12
13061,129,133,-4,4
13062,82,94,-12,12
13063,168,157,11,11
13064,72,90,-18,18
13065,125,127,-2,2
13066,82,89,-7,7
13067,97,98,-1,1
13068,56,79,-23,23
13069,123,144,-21,21
13070,79,86,-7,7
13071,84,95,-11,11
13072,112,117,-5,5
13073,80,102,-22,22
13074,106,112,-6,6
13075,60,76,-16,16
13076,72,88,-16,16
13077,96,115,-19,19
13078,60,69,-9,9
13079,117,109,8,8
13080,66,85,-19,19
13081,78,93,-15,15
13082,55,72,-17,17
13083,164,148,16,16
13084,184,173,11,11
13085,78,91,-13,13
13086,61,82,-21,21
13087,109,135,-26,26
13088,101,113,-12,12
13089,79,89,-10,10
13090,51,70,-19,19
13091,64,73,-9,9
13092,62,83,-21,21
13093,144,147,-3,3
13094,57,72,-15,15
13095,50,67,-17,17
13096,81,93,-12,12
13097,99,113,-14,14
13098,97,110,-13,13
13099,129,126,3,3
13100,104,112,-8,8
13101,93,112,-19,19
13102,84,91,-7,7
13103,90,102,-12,12
13104,112,127,-15,15
13105,69,84,-15,15
13106,69,85,-16,16
13107,107,105,2,2
13108,145,136,9,9
13109,84,87,-3,3
13110,51,69,-18,18
13111,100,101,-1,1
13112,82,100,-18,18
13113,71,98,-27,27
13114,104,109,-5,5
13115,67,89,-22,22
13116,89,104,-15,15
13117,61,93,-32,32
13118,74,92,-18,18
13119,101,119,-18,18
13120,67,88,-21,21
13121,72,95,-23,23
13122,70,87,-17,17
13123,158,157,1,1
13124,94,107,-13,13
13125,84,93,-9,9
13126,120,128,-8,8
13127,152,153,-1,1
13128,137,139,-2,2
13129,82,102,-20,20
13130,116,124,-8,8
13131,112,119,-7,7
13132,99,105,-6,6
13133,150,152,-2,2
13134,66,79,-13,13
13135,81,86,-5,5
13136,50,68,-18,18
13137,133,143,-10,10
13138,65,81,-16,16
13139,65,78,-13,13
13140,80,92,-12,12
13141,53,61,-8,8
13142,108,110,-2,2
13143,80,82,-2,2
13144,126,139,-13,13
13145,73,92,-19,19
13146,58,70,-12,12
13147,80,92,-12,12
13148,62,75,-13,13
13149,64,78,-14,14
13150,55,71,-16,16
13151,81,94,-13,13
13152,97,114,-17,17
13153,78,86,-8,8
13154,101,101,0,0
13155,72,94,-22,22
13156,112,117,-5,5
13157,84,99,-15,15
13158,68,84,-16,16
13159,102,117,-15,15
13160,117,138,-21,21
13161,88,95,-7,7
13162,127,121,6,6
13163,64,73,-9,9
13164,87,101,-14,14
13165,80,93,-13,13
13166,101,100,1,1
13167,122,123,-1,1
13168,67,79,-12,12
13169,131,139,-8,8
13170,97,100,-3,3
13171,135,131,4,4
13172,88,100,-12,12
13173,115,139,-24,24
13174,134,128,6,6
13175,116,127,-11,11
13176,79,95,-16,16
13177,45,62,-17,17
13178,100,111,-11,11
13179,85,116,-31,31
13180,63,85,-22,22
13181,89,100,-11,11
13182,76,95,-19,19
13183,138,137,1,1
13184,123,136,-13,13
13185,74,96,-22,22
13186,43,65,-22,22
13187,66,90,-24,24
13188,86,121,-35,35
13189,115,133,-18,18
13190,30,69,-39,39
13191,66,81,-15,15
13192,208,172,36,36
13193,90,100,-10,10
13194,71,80,-9,9
13195,94,96,-2,2
13196,171,163,8,8
13197,55,71,-16,16
13198,43,59,-16,16
13199,67,87,-20,20
13200,143,133,10,10
13201,98,108,-10,10
13202,100,105,-5,5
13203,108,114,-6,6
13204,91,93,-2,2
13205,131,147,-16,16
13206,79,88,-9,9
13207,153,154,-1,1
13208,37,57,-20,20
13209,46,58,-12,12
13210,241,218,23,23
13211,89,98,-9,9
13212,72,83,-11,11
13213,100,102,-2,2
13214,83,93,-10,10
13215,98,116,-18,18
13216,128,136,-8,8
13217,162,131,31,31
13218,81,91,-10,10
13219,98,109,-11,11
13220,70,95,-25,25
13221,182,162,20,20
13222,71,85,-14,14
13223,173,169,4,4
13224,54,72,-18,18
13225,66,85,-19,19
13226,85,90,-5,5
13227,93,106,-13,13
13228,71,124,-53,53
13229,163,158,5,5
13230,86,93,-7,7
13231,74,88,-14,14
13232,148,150,-2,2
13233,112,121,-9,9
13234,90,95,-5,5
13235,64,72,-8,8
13236,78,106,-28,28
13237,115,130,-15,15
13238,105,109,-4,4
13239,90,101,-11,11
13240,117,122,-5,5
13241,103,106,-3,3
13242,139,156,-17,17
13243,107,120,-13,13
13244,118,138,-20,20
13245,94,93,1,1
13246,56,68,-12,12
13247,97,106,-9,9
13248,77,82,-5,5
13249,117,113,4,4
13250,125,134,-9,9
13251,67,86,-19,19
13252,73,87,-14,14
13253,152,147,5,5
13254,73,82,-9,9
13255,121,127,-6,6
13256,166,161,5,5
13257,90,102,-12,12
13258,96,112,-16,16
13259,149,154,-5,5
13260,61,79,-18,18
13261,144,142,2,2
13262,121,132,-11,11
13263,131,126,5,5
13264,58,66,-8,8
13265,51,71,-20,20
13266,54,81,-27,27
13267,72,87,-15,15
13268,99,114,-15,15
13269,124,124,0,0
13270,105,117,-12,12
13271,100,108,-8,8
13272,153,151,2,2
13273,76,92,-16,16
13274,120,120,0,0
13275,94,105,-11,11
13276,85,96,-11,11
13277,84,105,-21,21
13278,53,83,-30,30
13279,106,120,-14,14
13280,108,121,-13,13
13281,140,138,2,2
13282,113,127,-14,14
13283,57,82,-25,25
13284,108,119,-11,11
13285,123,124,-1,1
13286,108,110,-2,2
13287,83,94,-11,11
13288,99,97,2,2
13289,78,96,-18,18
13290,96,110,-14,14
13291,58,73,-15,15
13292,82,92,-10,10
13293,148,149,-1,1
13294,86,105,-19,19
13295,81,84,-3,3
13296,119,128,-9,9
13297,97,113,-16,16
13298,118,125,-7,7
13299,92,95,-3,3
13300,102,119,-17,17
13301,72,86,-14,14
13302,64,74,-10,10
13303,86,99,-13,13
13304,57,80,-23,23
13305,102,107,-5,5
13306,67,77,-10,10
13307,88,104,-16,16
13308,139,131,8,8
13309,61,78,-17,17
13310,77,86,-9,9
13311,158,157,1,1
13312,130,129,1,1
13313,132,142,-10,10
13314,187,173,14,14
13315,79,87,-8,8
13316,96,114,-18,18
13317,76,92,-16,16
13318,71,85,-14,14
13319,78,94,-16,16
13320,209,193,16,16
13321,75,89,-14,14
13322,146,141,5,5
13323,100,111,-11,11
13324,80,100,-20,20
13325,70,84,-14,14
13326,65,82,-17,17
13327,95,112,-17,17
13328,80,93,-13,13
13329,69,82,-13,13
13330,132,146,-14,14
13331,77,83,-6,6
13332,98,100,-2,2
13333,94,108,-14,14
13334,86,100,-14,14
13335,90,98,-8,8
13336,75,87,-12,12
13337,130,121,9,9
13338,87,105,-18,18
13339,141,140,1,1
13340,161,149,12,12
13341,68,92,-24,24
13342,97,102,-5,5
13343,125,126,-1,1
13344,36,57,-21,21
13345,115,121,-6,6
13346,68,76,-8,8
13347,106,112,-6,6
13348,96,117,-21,21
13349,82,94,-12,12
13350,73,76,-3,3
13351,89,93,-4,4
13352,75,84,-9,9
13353,85,108,-23,23
13354,134,148,-14,14
13355,90,94,-4,4
13356,83,95,-12,12
13357,129,120,9,9
13358,140,147,-7,7
13359,60,85,-25,25
13360,82,89,-7,7
13361,153,143,10,10
13362,80,102,-22,22
13363,119,130,-11,11
13364,108,115,-7,7
13365,54,72,-18,18
13366,99,113,-14,14
13367,130,157,-27,27
13368,100,108,-8,8
13369,59,72,-13,13
13370,84,105,-21,21
13371,117,125,-8,8
13372,60,73,-13,13
13373,55,69,-14,14
13374,96,109,-13,13
13375,73,93,-20,20
13376,64,95,-31,31
13377,75,92,-17,17
13378,55,73,-18,18
13379,90,99,-9,9
13380,142,150,-8,8
13381,139,147,-8,8
13382,118,122,-4,4
13383,120,125,-5,5
13384,112,122,-10,10
13385,43,63,-20,20
13386,106,118,-12,12
13387,187,173,14,14
13388,117,129,-12,12
13389,111,117,-6,6
13390,188,180,8,8
13391,156,143,13,13
13392,136,147,-11,11
13393,88,102,-14,14
13394,29,53,-24,24
13395,107,105,2,2
13396,113,108,5,5
13397,93,103,-10,10
13398,81,96,-15,15
13399,22,49,-27,27
13400,69,86,-17,17
13401,168,157,11,11
13402,147,143,4,4
13403,105,125,-20,20
13404,145,141,4,4
13405,58,80,-22,22
13406,60,82,-22,22
13407,150,152,-2,2
13408,70,82,-12,12
13409,69,81,-12,12
13410,140,147,-7,7
13411,88,96,-8,8
13412,120,128,-8,8
13413,63,77,-14,14
13414,81,103,-22,22
13415,66,75,-9,9
13416,91,99,-8,8
13417,131,144,-13,13
13418,126,121,5,5
13419,138,144,-6,6
13420,103,117,-14,14
13421,103,112,-9,9
13422,50,79,-29,29
13423,64,86,-22,22
13424,75,94,-19,19
13425,67,80,-13,13
13426,97,106,-9,9
13427,109,122,-13,13
13428,137,137,0,0
13429,71,79,-8,8
13430,98,100,-2,2
13431,82,112,-30,30
13432,65,84,-19,19
13433,117,114,3,3
13434,148,152,-4,4
13435,190,170,20,20
13436,84,93,-9,9
13437,110,119,-9,9
13438,138,142,-4,4
13439,74,87,-13,13
13440,130,127,3,3
13441,79,89,-10,10
13442,92,126,-34,34
13443,137,147,-10,10
13444,104,104,0,0
13445,160,146,14,14
13446,90,101,-11,11
13447,101,112,-11,11
13448,123,132,-9,9
13449,73,87,-14,14
13450,66,80,-14,14
13451,124,132,-8,8
13452,173,165,8,8
13453,142,139,3,3
13454,32,53,-21,21
13455,104,108,-4,4
13456,65,99,-34,34
13457,60,75,-15,15
13458,71,87,-16,16
13459,56,70,-14,14
13460,122,131,-9,9
13461,135,151,-16,16
13462,162,159,3,3
13463,96,123,-27,27
13464,126,142,-16,16
13465,74,89,-15,15
13466,102,121,-19,19
13467,80,91,-11,11
13468,88,95,-7,7
13469,92,92,0,0
13470,107,122,-15,15
13471,87,93,-6,6
13472,58,74,-16,16
13473,80,86,-6,6
13474,79,83,-4,4
13475,114,130,-16,16
13476,78,100,-22,22
13477,75,95,-20,20
13478,168,169,-1,1
13479,114,123,-9,9
13480,59,85,-26,26
13481,152,156,-4,4
13482,66,81,-15,15
13483,98,102,-4,4
13484,70,86,-16,16
13485,101,104,-3,3
13486,130,137,-7,7
13487,114,118,-4,4
13488,63,80,-17,17
13489,181,165,16,16
13490,86,99,-13,13
13491,107,129,-22,22
13492,59,74,-15,15
13493,74,86,-12,12
13494,134,141,-7,7
13495,199,166,33,33
13496,58,78,-20,20
13497,99,113,-14,14
13498,103,122,-19,19
13499,183,161,22,22
13500,96,111,-15,15
13501,99,116,-17,17
13502,113,113,0,0
13503,88,91,-3,3
13504,88,101,-13,13
13505,128,132,-4,4
13506,82,100,-18,18
13507,80,92,-12,12
13508,53,71,-18,18
13509,47,66,-19,19
13510,102,105,-3,3
13511,97,107,-10,10
13512,68,82,-14,14
13513,125,125,0,0
13514,110,129,-19,19
13515,77,87,-10,10
13516,127,126,1,1
13517,87,100,-13,13
13518,107,104,3,3
13519,105,122,-17,17
13520,153,137,16,16
13521,61,81,-20,20
13522,33,90,-57,57
13523,146,148,-2,2
13524,100,118,-18,18
13525,170,157,13,13
13526,134,134,0,0
13527,78,113,-35,35
13528,73,80,-7,7
13529,60,73,-13,13
13530,64,77,-13,13
13531,99,105,-6,6
13532,80,101,-21,21
13533,65,80,-15,15
13534,67,74,-7,7
13535,141,136,5,5
13536,60,82,-22,22
13537,138,148,-10,10
13538,154,154,0,0
13539,58,75,-17,17
13540,114,131,-17,17
13541,132,132,0,0
13542,98,109,-11,11
13543,80,96,-16,16
13544,105,114,-9,9
13545,84,102,-18,18
13546,78,95,-17,17
13547,154,149,5,5
13548,67,83,-16,16
13549,95,122,-27,27
13550,125,129,-4,4
13551,128,130,-2,2
13552,42,58,-16,16
13553,204,187,17,17
13554,98,109,-11,11
13555,112,122,-10,10
13556,132,135,-3,3
13557,139,139,0,0
13558,93,97,-4,4
13559,146,147,-1,1
13560,56,72,-16,16
13561,65,75,-10,10
13562,124,126,-2,2
13563,103,114,-11,11
13564,86,95,-9,9
13565,60,83,-23,23
13566,98,113,-15,15
13567,80,131,-51,51
13568,89,110,-21,21
13569,148,141,7,7
13570,40,60,-20,20
13571,80,100,-20,20
13572,70,92,-22,22
13573,82,87,-5,5
13574,133,147,-14,14
13575,75,94,-19,19
13576,75,85,-10,10
13577,120,112,8,8
13578,50,69,-19,19
13579,111,136,-25,25
13580,86,100,-14,14
13581,115,130,-15,15
13582,63,74,-11,11
13583,93,105,-12,12
13584,104,105,-1,1
13585,153,152,1,1
13586,51,69,-18,18
13587,128,127,1,1
13588,92,103,-11,11
13589,51,72,-21,21
13590,84,96,-12,12
13591,104,113,-9,9
13592,101,103,-2,2
13593,83,100,-17,17
13594,69,89,-20,20
13595,96,106,-10,10
13596,83,100,-17,17
13597,54,88,-34,34
13598,83,86,-3,3
13599,54,69,-15,15
13600,61,73,-12,12
13601,116,113,3,3
13602,113,114,-1,1
13603,76,85,-9,9
13604,87,96,-9,9
13605,59,73,-14,14
13606,141,146,-5,5
13607,97,112,-15,15
13608,89,95,-6,6
13609,131,141,-10,10
13610,71,81,-10,10
13611,60,72,-12,12
13612,39,60,-21,21
13613,68,91,-23,23
13614,61,75,-14,14
13615,107,113,-6,6
13616,95,105,-10,10
13617,94,124,-30,30
13618,82,97,-15,15
13619,110,122,-12,12
13620,113,124,-11,11
13621,107,113,-6,6
13622,161,148,13,13
13623,180,158,22,22
13624,101,113,-12,12
13625,88,95,-7,7
13626,87,96,-9,9
13627,115,127,-12,12
13628,121,126,-5,5
13629,139,144,-5,5
13630,123,129,-6,6
13631,63,76,-13,13
13632,122,121,1,1
13633,68,84,-16,16
13634,110,112,-2,2
13635,57,92,-35,35
13636,82,87,-5,5
13637,95,104,-9,9
13638,134,142,-8,8
13639,98,101,-3,3
13640,128,137,-9,9
13641,95,108,-13,13
13642,104,139,-35,35
13643,175,162,13,13
13644,109,111,-2,2
13645,164,151,13,13
13646,118,126,-8,8
13647,70,84,-14,14
13648,54,77,-23,23
13649,145,148,-3,3
13650,68,80,-12,12
13651,82,90,-8,8
13652,61,80,-19,19
13653,92,108,-16,16
13654,89,97,-8,8
13655,96,101,-5,5
13656,122,125,-3,3
13657,79,90,-11,11
13658,75,87,-12,12
13659,108,116,-8,8
13660,43,61,-18,18
13661,67,81,-14,14
13662,75,93,-18,18
13663,67,81,-14,14
13664,88,103,-15,15
13665,55,71,-16,16
13666,96,118,-22,22
13667,60,74,-14,14
13668,125,128,-3,3
13669,56,80,-24,24
13670,111,119,-8,8
13671,105,129,-24,24
13672,77,109,-32,32
13673,89,104,-15,15
13674,79,93,-14,14
13675,107,120,-13,13
13676,124,128,-4,4
13677,119,130,-11,11
13678,57,94,-37,37
13679,127,131,-4,4
13680,64,85,-21,21
13681,96,108,-12,12
13682,89,92,-3,3
13683,71,86,-15,15
13684,76,87,-11,11
13685,110,122,-12,12
13686,120,140,-20,20
13687,98,103,-5,5
13688,84,102,-18,18
13689,233,207,26,26
13690,75,81,-6,6
13691,107,102,5,5
13692,76,89,-13,13
13693,84,97,-13,13
13694,86,97,-11,11
13695,103,105,-2,2
13696,106,108,-2,2
13697,150,137,13,13
13698,73,90,-17,17
13699,130,147,-17,17
13700,132,128,4,4
13701,139,146,-7,7
13702,115,124,-9,9
13703,155,150,5,5
13704,75,96,-21,21
13705,70,85,-15,15
13706,127,128,-1,1
13707,65,77,-12,12
13708,100,119,-19,19
13709,170,158,12,12
13710,135,147,-12,12
13711,75,89,-14,14
13712,164,167,-3,3
13713,125,125,0,0
13714,104,123,-19,19
13715,53,68,-15,15
13716,146,149,-3,3
13717,102,99,3,3
13718,70,87,-17,17
13719,54,74,-20,20
13720,108,120,-12,12
13721,97,107,-10,10
13722,104,113,-9,9
13723,140,148,-8,8
13724,94,126,-32,32
13725,62,88,-26,26
13726,105,106,-1,1
13727,48,65,-17,17
13728,63,83,-20,20
13729,64,71,-7,7
13730,51,66,-15,15
13731,63,73,-10,10
13732,121,130,-9,9
13733,120,121,-1,1
13734,86,98,-12,12
13735,91,105,-14,14
13736,55,74,-19,19
13737,98,110,-12,12
13738,69,76,-7,7
13739,45,59,-14,14
13740,126,145,-19,19
13741,169,162,7,7
13742,95,97,-2,2
13743,106,118,-12,12
13744,91,97,-6,6
13745,126,127,-1,1
13746,67,83,-16,16
13747,55,72,-17,17
13748,74,91,-17,17
13749,87,87,0,0
13750,87,100,-13,13
13751,83,86,-3,3
13752,114,135,-21,21
13753,125,137,-12,12
13754,120,124,-4,4
13755,86,96,-10,10
13756,66,87,-21,21
13757,106,114,-8,8
13758,62,74,-12,12
13759,87,122,-35,35
13760,68,76,-8,8
13761,77,91,-14,14
13762,106,112,-6,6
13763,101,107,-6,6
13764,93,103,-10,10
13765,63,102,-39,39
13766,53,73,-20,20
13767,116,127,-11,11
13768,116,129,-13,13
13769,92,131,-39,39
13770,80,97,-17,17
13771,93,104,-11,11
13772,129,133,-4,4
13773,97,106,-9,9
13774,51,72,-21,21
13775,98,100,-2,2
13776,80,127,-47,47
13777,74,91,-17,17
13778,157,148,9,9
13779,163,163,0,0
13780,62,76,-14,14
13781,107,117,-10,10
13782,107,106,1,1
13783,107,117,-10,10
13784,83,95,-12,12
13785,117,116,1,1
13786,94,112,-18,18
13787,65,83,-18,18
13788,61,79,-18,18
13789,79,94,-15,15
13790,137,147,-10,10
13791,141,138,3,3
13792,95,104,-9,9
13793,101,112,-11,11
13794,95,109,-14,14
13795,142,138,4,4
13796,107,108,-1,1
13797,80,90,-10,10
13798,91,105,-14,14
13799,71,83,-12,12
13800,81,91,-10,10
13801,96,101,-5,5
13802,151,146,5,5
13803,75,96,-21,21
13804,69,86,-17,17
13805,70,84,-14,14
13806,66,84,-18,18
13807,100,114,-14,14
13808,107,114,-7,7
13809,116,120,-4,4
13810,59,77,-18,18
13811,90,108,-18,18
13812,60,67,-7,7
13813,55,70,-15,15
13814,66,86,-20,20
13815,90,105,-15,15
13816,80,98,-18,18
13817,151,103,48,48
13818,91,105,-14,14
13819,59,76,-17,17
13820,73,86,-13,13
13821,51,72,-21,21
13822,95,109,-14,14
13823,92,103,-11,11
13824,61,77,-16,16
13825,80,93,-13,13
13826,107,129,-22,22
13827,79,90,-11,11
13828,167,154,13,13
13829,58,80,-22,22
13830,104,109,-5,5
13831,106,127,-21,21
13832,61,71,-10,10
13833,111,126,-15,15
13834,97,123,-26,26
13835,101,110,-9,9
13836,67,83,-16,16
13837,56,74,-18,18
13838,57,74,-17,17
13839,82,83,-1,1
13840,95,108,-13,13
13841,69,85,-16,16
13842,58,74,-16,16
13843,105,111,-6,6
13844,163,149,14,14
13845,61,81,-20,20
13846,90,91,-1,1
13847,220,199,21,21
13848,96,97,-1,1
13849,44,61,-17,17
13850,59,75,-16,16
13851,60,78,-18,18
13852,64,81,-17,17
13853,94,105,-11,11
13854,151,147,4,4
13855,75,88,-13,13
13856,75,90,-15,15
13857,79,84,-5,5
13858,70,90,-20,20
13859,107,118,-11,11
13860,145,146,-1,1
13861,70,85,-15,15
13862,75,86,-11,11
13863,141,143,-2,2
13864,66,84,-18,18
13865,79,85,-6,6
13866,111,109,2,2
13867,112,115,-3,3
13868,125,144,-19,19
13869,121,137,-16,16
13870,108,117,-9,9
13871,74,98,-24,24
13872,106,122,-16,16
13873,118,125,-7,7
13874,162,149,13,13
13875,142,117,25,25
13876,65,80,-15,15
13877,59,73,-14,14
13878,91,96,-5,5
13879,75,84,-9,9
13880,125,127,-2,2
13881,146,146,0,0
13882,84,95,-11,11
13883,95,104,-9,9
13884,88,94,-6,6
13885,95,100,-5,5
13886,54,77,-23,23
13887,68,75,-7,7
13888,250,242,8,8
13889,64,81,-17,17
13890,89,99,-10,10
13891,63,80,-17,17
13892,47,78,-31,31
13893,113,120,-7,7
13894,118,118,0,0
13895,77,90,-13,13
13896,175,157,18,18
13897,87,98,-11,11
13898,85,98,-13,13
13899,107,108,-1,1
13900,77,81,-4,4
13901,112,130,-18,18
13902,67,88,-21,21
13903,124,139,-15,15
13904,69,82,-13,13
13905,170,161,9,9
13906,91,92,-1,1
13907,69,84,-15,15
13908,69,75,-6,6
13909,102,112,-10,10
13910,87,108,-21,21
13911,61,79,-18,18
13912,140,133,7,7
13913,56,78,-22,22
13914,50,64,-14,14
13915,71,81,-10,10
13916,46,67,-21,21
13917,102,113,-11,11
13918,72,81,-9,9
13919,102,118,-16,16
13920,98,103,-5,5
13921,114,127,-13,13
13922,83,97,-14,14
13923,75,92,-17,17
13924,92,97,-5,5
13925,107,121,-14,14
13926,166,153,13,13
13927,72,89,-17,17
13928,43,72,-29,29
13929,98,104,-6,6
13930,141,141,0,0
13931,112,108,4,4
13932,149,149,0,0
13933,17,53,-36,36
13934,63,85,-22,22
13935,127,129,-2,2
13936,128,136,-8,8
13937,64,81,-17,17
13938,59,77,-18,18
13939,45,72,-27,27
13940,104,112,-8,8
13941,82,93,-11,11
13942,52,60,-8,8
13943,96,98,-2,2
13944,108,118,-10,10
13945,122,130,-8,8
13946,105,111,-6,6
13947,72,88,-16,16
13948,75,85,-10,10
13949,111,120,-9,9
13950,86,94,-8,8
13951,121,133,-12,12
13952,86,92,-6,6
13953,66,80,-14,14
13954,93,107,-14,14
13955,128,144,-16,16
13956,142,143,-1,1
13957,87,87,0,0
13958,84,94,-10,10
13959,103,113,-10,10
13960,113,116,-3,3
13961,136,146,-10,10
13962,74,84,-10,10
13963,108,133,-25,25
13964,89,102,-13,13
13965,84,93,-9,9
13966,98,109,-11,11
13967,51,73,-22,22
13968,53,63,-10,10
13969,88,99,-11,11
13970,96,101,-5,5
13971,105,122,-17,17
13972,95,103,-8,8
13973,119,106,13,13
13974,79,88,-9,9
13975,110,105,5,5
13976,68,78,-10,10
13977,98,110,-12,12
13978,162,166,-4,4
13979,124,136,-12,12
13980,54,69,-15,15
13981,89,109,-20,20
13982,55,76,-21,21
13983,147,141,6,6
13984,118,118,0,0
13985,28,54,-26,26
13986,115,123,-8,8
13987,87,99,-12,12
13988,129,132,-3,3
13989,100,106,-6,6
13990,119,127,-8,8
13991,95,110,-15,15
13992,130,138,-8,8
13993,57,68,-11,11
13994,103,108,-5,5
13995,100,108,-8,8
13996,95,104,-9,9
13997,61,74,-13,13
13998,59,76,-17,17
13999,126,128,-2,2
14000,162,167,-5,5
14001,98,109,-11,11
14002,134,125,9,9
14003,118,122,-4,4
14004,57,74,-17,17
14005,84,100,-16,16
14006,84,91,-7,7
14007,120,140,-20,20
14008,163,158,5,5
14009,64,82,-18,18
14010,83,88,-5,5
14011,69,96,-27,27
14012,135,120,15,15
14013,86,92,-6,6
14014,60,67,-7,7
14015,77,96,-19,19
14016,92,104,-12,12
14017,85,93,-8,8
14018,161,152,9,9
14019,126,127,-1,1
14020,63,77,-14,14
14021,93,115,-22,22
14022,73,85,-12,12
14023,107,117,-10,10
14024,74,91,-17,17
14025,73,86,-13,13
14026,108,108,0,0
14027,182,169,13,13
14028,134,130,4,4
14029,67,84,-17,17
14030,91,97,-6,6
14031,131,154,-23,23
14032,146,147,-1,1
14033,80,89,-9,9
14034,139,142,-3,3
14035,188,180,8,8
14036,150,148,2,2
14037,74,86,-12,12
14038,115,127,-12,12
14039,87,93,-6,6
14040,83,83,0,0
14041,71,83,-12,12
14042,95,107,-12,12
14043,110,114,-4,4
14044,91,101,-10,10
14045,108,116,-8,8
14046,51,67,-16,16
14047,71,88,-17,17
14048,50,68,-18,18
14049,66,85,-19,19
14050,56,82,-26,26
14051,108,121,-13,13
14052,114,116,-2,2
14053,86,90,-4,4
14054,88,95,-7,7
14055,66,76,-10,10
14056,111,123,-12,12
14057,53,70,-17,17
14058,94,104,-10,10
14059,74,87,-13,13
14060,129,142,-13,13
14061,75,92,-17,17
14062,198,172,26,26
14063,76,86,-10,10
14064,94,104,-10,10
14065,70,80,-10,10
14066,172,151,21,21
14067,61,75,-14,14
14068,80,94,-14,14
14069,102,108,-6,6
14070,114,123,-9,9
14071,70,85,-15,15
14072,75,97,-22,22
14073,112,121,-9,9
14074,44,60,-16,16
14075,145,164,-19,19
14076,68,107,-39,39
14077,148,148,0,0
14078,56,74,-18,18
14079,81,96,-15,15
14080,73,90,-17,17
14081,122,135,-13,13
14082,75,99,-24,24
14083,121,137,-16,16
14084,139,147,-8,8
14085,63,78,-15,15
14086,125,133,-8,8
14087,85,97,-12,12
14088,112,132,-20,20
14089,114,124,-10,10
14090,134,133,1,1
14091,98,121,-23,23
14092,75,94,-19,19
14093,135,134,1,1
14094,96,108,-12,12
14095,102,113,-11,11
14096,150,151,-1,1
14097,186,164,22,22
14098,63,72,-9,9
14099,116,120,-4,4
14100,83,84,-1,1
14101,110,109,1,1
14102,104,109,-5,5
14103,71,82,-11,11
14104,111,130,-19,19
14105,106,119,-13,13
14106,147,150,-3,3
14107,67,82,-15,15
14108,212,196,16,16
14109,83,99,-16,16
14110,174,152,22,22
14111,113,137,-24,24
14112,68,90,-22,22
14113,159,161,-2,2
14114,52,76,-24,24
14115,123,132,-9,9
14116,112,120,-8,8
14117,69,89,-20,20
14118,61,76,-15,15
14119,63,83,-20,20
14120,70,85,-15,15
14121,65,84,-19,19
14122,145,151,-6,6
14123,121,133,-12,12
14124,60,70,-10,10
14125,187,164,23,23
14126,24,48,-24,24
14127,136,146,-10,10
14128,65,91,-26,26
14129,67,79,-12,12
14130,189,181,8,8
14131,83,117,-34,34
14132,76,92,-16,16
14133,91,103,-12,12
14134,74,99,-25,25
14135,55,77,-22,22
14136,107,111,-4,4
14137,160,151,9,9
14138,149,145,4,4
14139,96,104,-8,8
14140,88,98,-10,10
14141,118,130,-12,12
14142,91,100,-9,9
14143,92,101,-9,9
14144,74,85,-11,11
14145,118,132,-14,14
14146,81,110,-29,29
14147,95,105,-10,10
14148,68,86,-18,18
14149,132,129,3,3
14150,49,60,-11,11
14151,115,129,-14,14
14152,148,147,1,1
14153,109,136,-27,27
14154,104,108,-4,4
14155,159,156,3,3
14156,83,84,-1,1
14157,47,61,-14,14
14158,92,101,-9,9
14159,101,116,-15,15
14160,57,74,-17,17
14161,40,61,-21,21
14162,153,147,6,6
14163,163,148,15,15
14164,66,85,-19,19
14165,90,99,-9,9
14166,55,64,-9,9
14167,52,77,-25,25
14168,96,107,-11,11
14169,115,123,-8,8
14170,47,66,-19,19
14171,77,101,-24,24
14172,76,90,-14,14
14173,115,127,-12,12
14174,93,109,-16,16
14175,120,108,12,12
14176,83,106,-23,23
14177,119,124,-5,5
14178,40,65,-25,25
14179,47,68,-21,21
14180,55,68,-13,13
14181,96,105,-9,9
14182,88,103,-15,15
14183,74,97,-23,23
14184,80,99,-19,19
14185,68,79,-11,11
14186,144,147,-3,3
14187,101,106,-5,5
14188,116,125,-9,9
14189,63,74,-11,11
14190,51,66,-15,15
14191,123,127,-4,4
14192,145,146,-1,1
14193,107,108,-1,1
14194,109,116,-7,7
14195,115,124,-9,9
14196,59,70,-11,11
14197,63,83,-20,20
14198,190,179,11,11
14199,69,78,-9,9
14200,77,94,-17,17
14201,78,100,-22,22
14202,85,106,-21,21
14203,112,105,7,7
14204,82,98,-16,16
14205,150,149,1,1
14206,72,90,-18,18
14207,105,116,-11,11
14208,80,92,-12,12
14209,39,58,-19,19
14210,102,118,-16,16
14211,68,88,-20,20
14212,95,102,-7,7
14213,24,48,-24,24
14214,50,66,-16,16
14215,66,73,-7,7
14216,69,90,-21,21
14217,120,124,-4,4
14218,140,135,5,5
14219,69,88,-19,19
14220,187,151,36,36
14221,107,117,-10,10
14222,67,79,-12,12
14223,126,134,-8,8
14224,112,136,-24,24
14225,93,112,-19,19
14226,89,101,-12,12
14227,93,113,-20,20
14228,48,57,-9,9
14229,153,149,4,4
14230,67,79,-12,12
14231,48,69,-21,21
14232,58,81,-23,23
14233,179,160,19,19
14234,91,104,-13,13
14235,123,134,-11,11
14236,70,91,-21,21
14237,32,54,-22,22
14238,96,97,-1,1
14239,53,69,-16,16
14240,99,110,-11,11
14241,133,130,3,3
14242,77,99,-22,22
14243,47,81,-34,34
14244,55,70,-15,15
14245,85,89,-4,4
14246,135,142,-7,7
14247,103,112,-9,9
14248,62,86,-24,24
14249,73,88,-15,15
14250,117,138,-21,21
14251,112,118,-6,6
14252,34,52,-18,18
14253,46,65,-19,19
14254,68,78,-10,10
14255,42,58,-16,16
14256,88,121,-33,33
14257,88,100,-12,12
14258,78,92,-14,14
14259,74,93,-19,19
14260,145,142,3,3
14261,144,147,-3,3
14262,146,150,-4,4
14263,50,69,-19,19
14264,134,122,12,12
14265,81,86,-5,5
14266,81,87,-6,6
14267,64,78,-14,14
14268,134,140,-6,6
14269,177,168,9,9
14270,115,120,-5,5
14271,105,120,-15,15
14272,142,143,-1,1
14273,104,117,-13,13
14274,74,97,-23,23
14275,177,158,19,19
14276,47,61,-14,14
14277,127,139,-12,12
14278,186,166,20,20
14279,81,106,-25,25
14280,78,88,-10,10
14281,155,147,8,8
14282,170,149,21,21
14283,97,106,-9,9
14284,94,103,-9,9
14285,77,94,-17,17
14286,83,99,-16,16
14287,109,117,-8,8
14288,92,102,-10,10
14289,93,102,-9,9
14290,63,102,-39,39
14291,85,101,-16,16
14292,92,109,-17,17
14293,68,73,-5,5
14294,111,129,-18,18
14295,181,166,15,15
14296,57,76,-19,19
14297,93,112,-19,19
14298,68,94,-26,26
14299,95,114,-19,19
14300,123,120,3,3
14301,58,77,-19,19
14302,159,147,12,12
14303,97,99,-2,2
14304,82,95,-13,13
14305,70,80,-10,10
14306,87,88,-1,1
14307,63,78,-15,15
14308,138,142,-4,4
14309,124,135,-11,11
14310,90,103,-13,13
14311,72,85,-13,13
14312,82,103,-21,21
14313,102,126,-24,24
14314,149,143,6,6
14315,127,131,-4,4
14316,127,115,12,12
14317,80,92,-12,12
14318,79,81,-2,2
14319,126,138,-12,12
14320,160,151,9,9
14321,88,103,-15,15
14322,57,67,-10,10
14323,117,129,-12,12
14324,88,95,-7,7
14325,117,128,-11,11
14326,108,118,-10,10
14327,122,141,-19,19
14328,126,129,-3,3
14329,137,144,-7,7
14330,119,115,4,4
14331,94,107,-13,13
14332,89,85,4,4
14333,65,74,-9,9
14334,80,89,-9,9
14335,73,91,-18,18
14336,137,131,6,6
14337,112,123,-11,11
14338,93,109,-16,16
14339,121,118,3,3
14340,94,109,-15,15
14341,74,89,-15,15
14342,126,130,-4,4
14343,102,108,-6,6
14344,61,77,-16,16
14345,107,125,-18,18
14346,187,168,19,19
14347,129,129,0,0
14348,96,113,-17,17
14349,85,88,-3,3
14350,89,105,-16,16
14351,65,72,-7,7
14352,67,89,-22,22
14353,95,104,-9,9
14354,90,92,-2,2
14355,70,97,-27,27
14356,51,72,-21,21
14357,67,87,-20,20
14358,105,106,-1,1
14359,72,102,-30,30
14360,73,80,-7,7
14361,90,99,-9,9
14362,60,71,-11,11
14363,125,129,-4,4
14364,128,129,-1,1
14365,114,121,-7,7
14366,80,82,-2,2
14367,130,127,3,3
14368,170,181,-11,11
14369,163,161,2,2
14370,121,117,4,4
14371,65,82,-17,17
14372,110,120,-10,10
14373,86,99,-13,13
14374,136,145,-9,9
14375,95,107,-12,12
14376,82,92,-10,10
14377,117,120,-3,3
14378,122,133,-11,11
14379,61,75,-14,14
14380,49,63,-14,14
14381,188,163,25,25
14382,61,81,-20,20
14383,164,158,6,6
14384,64,84,-20,20
14385,100,108,-8,8
14386,75,88,-13,13
14387,90,96,-6,6
14388,83,89,-6,6
14389,74,95,-21,21
14390,88,98,-10,10
14391,110,108,2,2
14392,104,111,-7,7
14393,61,80,-19,19
14394,80,98,-18,18
14395,121,121,0,0
14396,72,90,-18,18
14397,80,88,-8,8
14398,38,55,-17,17
14399,136,128,8,8
14400,85,103,-18,18
14401,86,99,-13,13
14402,129,133,-4,4
14403,58,73,-15,15
14404,73,92,-19,19
14405,135,143,-8,8
14406,106,127,-21,21
14407,53,70,-17,17
14408,54,76,-22,22
14409,62,86,-24,24
14410,91,110,-19,19
14411,61,72,-11,11
14412,56,76,-20,20
14413,53,70,-17,17
14414,67,81,-14,14
14415,81,97,-16,16
14416,77,96,-19,19
14417,92,107,-15,15
14418,181,164,17,17
14419,68,86,-18,18
14420,73,88,-15,15
14421,102,106,-4,4
14422,85,97,-12,12
14423,78,91,-13,13
14424,85,91,-6,6
14425,86,103,-17,17
14426,61,76,-15,15
14427,60,73,-13,13
14428,70,98,-28,28
14429,63,80,-17,17
14430,141,151,-10,10
14431,82,91,-9,9
14432,125,123,2,2
14433,25,48,-23,23
14434,124,123,1,1
14435,42,60,-18,18
14436,123,135,-12,12
14437,50,77,-27,27
14438,94,112,-18,18
14439,175,162,13,13
14440,119,133,-14,14
14441,97,111,-14,14
14442,112,120,-8,8
14443,105,115,-10,10
14444,85,94,-9,9
14445,117,131,-14,14
14446,140,139,1,1
14447,117,119,-2,2
14448,45,62,-17,17
14449,73,90,-17,17
14450,71,94,-23,23
14451,41,57,-16,16
14452,134,135,-1,1
14453,102,114,-12,12
14454,69,86,-17,17
14455,98,113,-15,15
14456,113,114,-1,1
14457,90,103,-13,13
14458,67,80,-13,13
14459,83,101,-18,18
14460,64,80,-16,16
14461,192,158,34,34
14462,93,95,-2,2
14463,111,126,-15,15
14464,122,134,-12,12
14465,89,108,-19,19
14466,77,110,-33,33
14467,66,83,-17,17
14468,57,75,-18,18
14469,84,99,-15,15
14470,90,105,-15,15
14471,103,111,-8,8
14472,144,148,-4,4
14473,120,124,-4,4
14474,105,111,-6,6
14475,121,132,-11,11
14476,51,110,-59,59
14477,91,99,-8,8
14478,73,97,-24,24
14479,60,77,-17,17
14480,50,64,-14,14
14481,94,115,-21,21
14482,107,109,-2,2
14483,62,73,-11,11
14484,77,90,-13,13
14485,109,113,-4,4
14486,113,117,-4,4
14487,95,117,-22,22
14488,153,155,-2,2
14489,146,140,6,6
14490,75,90,-15,15
14491,97,111,-14,14
14492,96,107,-11,11
14493,112,137,-25,25
14494,93,114,-21,21
14495,88,105,-17,17
14496,143,139,4,4
14497,131,139,-8,8
14498,92,106,-14,14
14499,77,88,-11,11
14500,94,101,-7,7
14501,60,85,-25,25
14502,70,86,-16,16
14503,73,87,-14,14
14504,115,122,-7,7
14505,111,126,-15,15
14506,41,58,-17,17
14507,49,64,-15,15
14508,141,142,-1,1
14509,85,90,-5,5
14510,89,102,-13,13
14511,84,86,-2,2
14512,102,108,-6,6
14513,100,111,-11,11
14514,72,85,-13,13
14515,99,104,-5,5
14516,68,79,-11,11
14517,63,75,-12,12
14518,156,160,-4,4
14519,113,117,-4,4
14520,109,113,-4,4
14521,141,147,-6,6
14522,173,162,11,11
14523,95,113,-18,18
14524,89,107,-18,18
14525,103,112,-9,9
14526,71,85,-14,14
14527,81,94,-13,13
14528,93,103,-10,10
14529,138,152,-14,14
14530,94,95,-1,1
14531,168,154,14,14
14532,56,76,-20,20
14533,70,78,-8,8
14534,143,131,12,12
14535,115,124,-9,9
14536,78,84,-6,6
14537,71,84,-13,13
14538,61,74,-13,13
14539,174,162,12,12
14540,136,146,-10,10
14541,137,148,-11,11
14542,64,73,-9,9
14543,98,105,-7,7
14544,61,81,-20,20
14545,79,86,-7,7
14546,58,74,-16,16
14547,88,100,-12,12
14548,83,95,-12,12
14549,58,80,-22,22
14550,113,120,-7,7
14551,65,76,-11,11
14552,98,111,-13,13
14553,98,103,-5,5
14554,119,116,3,3
14555,81,97,-16,16
14556,107,118,-11,11
14557,69,79,-10,10
14558,102,116,-14,14
14559,64,81,-17,17
14560,92,112,-20,20
14561,91,92,-1,1
14562,76,81,-5,5
14563,120,125,-5,5
14564,131,132,-1,1
14565,73,79,-6,6
14566,113,110,3,3
14567,46,71,-25,25
14568,31,50,-19,19
14569,86,112,-26,26
14570,124,141,-17,17
14571,69,79,-10,10
14572,103,110,-7,7
14573,78,98,-20,20
14574,85,92,-7,7
14575,43,59,-16,16
14576,102,114,-12,12
14577,64,82,-18,18
14578,112,129,-17,17
14579,104,112,-8,8
14580,116,128,-12,12
14581,72,87,-15,15
14582,86,105,-19,19
14583,45,61,-16,16
14584,90,103,-13,13
14585,204,182,22,22
14586,38,61,-23,23
14587,95,92,3,3
14588,102,121,-19,19
14589,193,182,11,11
14590,130,129,1,1
14591,47,66,-19,19
14592,132,142,-10,10
14593,176,149,27,27
14594,67,88,-21,21
14595,100,115,-15,15
14596,73,80,-7,7
14597,44,64,-20,20
14598,65,84,-19,19
14599,34,56,-22,22
14600,56,78,-22,22
14601,87,102,-15,15
14602,87,119,-32,32
14603,44,66,-22,22
14604,115,111,4,4
14605,82,92,-10,10
14606,134,143,-9,9
14607,161,153,8,8
14608,61,72,-11,11
14609,150,148,2,2
14610,106,115,-9,9
14611,68,82,-14,14
14612,106,105,1,1
14613,96,108,-12,12
14614,142,150,-8,8
14615,74,84,-10,10
14616,47,66,-19,19
14617,130,144,-14,14
14618,121,133,-12,12
14619,104,111,-7,7
14620,79,92,-13,13
14621,85,88,-3,3
14622,92,105,-13,13
14623,52,111,-59,59
14624,144,160,-16,16
14625,92,97,-5,5
14626,58,70,-12,12
14627,116,134,-18,18
14628,71,93,-22,22
14629,65,73,-8,8
14630,86,85,1,1
14631,51,71,-20,20
14632,51,72,-21,21
14633,169,161,8,8
14634,117,133,-16,16
14635,94,105,-11,11
14636,77,90,-13,13
14637,61,74,-13,13
14638,64,76,-12,12
14639,38,68,-30,30
14640,54,69,-15,15
14641,70,85,-15,15
14642,77,94,-17,17
14643,127,125,2,2
14644,58,75,-17,17
14645,84,97,-13,13
14646,89,104,-15,15
14647,52,63,-11,11
14648,73,87,-14,14
14649,64,86,-22,22
14650,53,76,-23,23
14651,112,116,-4,4
14652,92,108,-16,16
14653,90,96,-6,6
14654,72,87,-15,15
14655,99,118,-19,19
14656,84,90,-6,6
14657,90,106,-16,16
14658,135,147,-12,12
14659,91,96,-5,5
14660,81,101,-20,20
14661,119,126,-7,7
14662,70,86,-16,16
14663,62,77,-15,15
14664,80,95,-15,15
14665,69,82,-13,13
14666,107,128,-21,21
14667,145,144,1,1
14668,137,135,2,2
14669,94,110,-16,16
14670,158,145,13,13
14671,174,174,0,0
14672,100,115,-15,15
14673,141,148,-7,7
14674,131,136,-5,5
14675,168,157,11,11
14676,98,106,-8,8
14677,116,137,-21,21
14678,101,106,-5,5
14679,89,125,-36,36
14680,119,124,-5,5
14681,139,145,-6,6
14682,25,47,-22,22
14683,106,119,-13,13
14684,161,157,4,4
14685,123,127,-4,4
14686,87,95,-8,8
14687,58,75,-17,17
14688,62,79,-17,17
14689,89,97,-8,8
14690,81,93,-12,12
14691,70,77,-7,7
14692,78,95,-17,17
14693,163,154,9,9
14694,46,90,-44,44
14695,57,75,-18,18
14696,108,118,-10,10
14697,148,142,6,6
14698,74,91,-17,17
14699,54,73,-19,19
14700,64,87,-23,23
14701,162,147,15,15
14702,124,126,-2,2
14703,75,91,-16,16
14704,76,87,-11,11
14705,81,102,-21,21
14706,56,76,-20,20
14707,90,99,-9,9
14708,70,91,-21,21
14709,66,95,-29,29
14710,75,90,-15,15
14711,95,122,-27,27
14712,123,130,-7,7
14713,125,136,-11,11
14714,44,61,-17,17
14715,141,148,-7,7
14716,53,74,-21,21
14717,97,110,-13,13
14718,100,117,-17,17
14719,78,109,-31,31
14720,199,178,21,21
14721,124,127,-3,3
14722,56,86,-30,30
14723,62,73,-11,11
14724,109,112,-3,3
14725,149,139,10,10
14726,101,115,-14,14
14727,129,133,-4,4
14728,138,133,5,5
14729,118,135,-17,17
14730,151,149,2,2
14731,58,71,-13,13
14732,148,149,-1,1
14733,89,103,-14,14
14734,93,105,-12,12
14735,111,118,-7,7
14736,131,136,-5,5
14737,106,121,-15,15
14738,123,133,-10,10
14739,119,147,-28,28
14740,106,121,-15,15
14741,121,127,-6,6
14742,74,79,-5,5
14743,94,113,-19,19
14744,83,89,-6,6
14745,159,151,8,8
14746,126,126,0,0
14747,71,85,-14,14
14748,52,65,-13,13
14749,139,148,-9,9
14750,98,99,-1,1
14751,94,106,-12,12
14752,58,70,-12,12
14753,126,139,-13,13
14754,65,79,-14,14
14755,98,99,-1,1
14756,170,160,10,10
14757,71,91,-20,20
14758,63,92,-29,29
14759,74,92,-18,18
14760,119,121,-2,2
14761,73,98,-25,25
14762,88,101,-13,13
14763,96,109,-13,13
14764,125,134,-9,9
14765,119,133,-14,14
14766,88,101,-13,13
14767,98,105,-7,7
14768,103,127,-24,24
14769,95,104,-9,9
14770,80,94,-14,14
14771,88,99,-11,11
14772,50,66,-16,16
14773,81,90,-9,9
14774,72,79,-7,7
14775,56,71,-15,15
14776,54,67,-13,13
14777,70,92,-22,22
14778,92,102,-10,10
14779,79,91,-12,12
14780,64,78,-14,14
14781,121,133,-12,12
14782,55,69,-14,14
14783,110,117,-7,7
14784,142,147,-5,5
14785,160,153,7,7
14786,61,74,-13,13
14787,59,74,-15,15
14788,102,121,-19,19
14789,95,97,-2,2
14790,62,80,-18,18
14791,142,148,-6,6
14792,91,96,-5,5
14793,114,116,-2,2
14794,54,68,-14,14
14795,93,111,-18,18
14796,96,105,-9,9
14797,75,88,-13,13
14798,95,103,-8,8
14799,59,75,-16,16
14800,87,87,0,0
14801,121,118,3,3
14802,85,101,-16,16
14803,74,90,-16,16
14804,94,107,-13,13
14805,117,126,-9,9
14806,136,142,-6,6
14807,51,69,-18,18
14808,143,142,1,1
14809,110,119,-9,9
14810,112,115,-3,3
14811,59,69,-10,10
14812,69,78,-9,9
14813,92,99,-7,7
14814,92,108,-16,16
14815,125,124,1,1
14816,93,97,-4,4
14817,94,97,-3,3
14818,183,162,21,21
14819,158,156,2,2
14820,126,130,-4,4
14821,201,173,28,28
14822,96,98,-2,2
14823,69,100,-31,31
14824,112,142,-30,30
14825,60,82,-22,22
14826,81,87,-6,6
14827,229,214,15,15
14828,81,90,-9,9
14829,49,70,-21,21
14830,98,101,-3,3
14831,104,115,-11,11
14832,117,113,4,4
14833,91,106,-15,15
14834,96,100,-4,4
14835,82,91,-9,9
14836,193,163,30,30
14837,75,91,-16,16
14838,101,108,-7,7
14839,128,123,5,5
14840,103,111,-8,8
14841,84,91,-7,7
14842,162,150,12,12
14843,117,125,-8,8
14844,104,135,-31,31
14845,85,99,-14,14
14846,90,103,-13,13
14847,67,82,-15,15
14848,91,91,0,0
14849,152,151,1,1
14850,60,71,-11,11
14851,107,114,-7,7
14852,114,148,-34,34
14853,95,106,-11,11
14854,85,97,-12,12
14855,72,126,-54,54
14856,66,89,-23,23
14857,81,98,-17,17
14858,112,119,-7,7
14859,39,59,-20,20
14860,125,145,-20,20
14861,67,82,-15,15
14862,103,109,-6,6
14863,44,77,-33,33
14864,52,65,-13,13
14865,58,76,-18,18
14866,105,117,-12,12
14867,55,78,-23,23
14868,107,134,-27,27
14869,102,117,-15,15
14870,61,94,-33,33
14871,129,138,-9,9
14872,72,84,-12,12
14873,144,146,-2,2
14874,67,84,-17,17
14875,131,134,-3,3
14876,59,75,-16,16
14877,142,144,-2,2
14878,80,95,-15,15
14879,95,100,-5,5
14880,62,85,-23,23
14881,99,114,-15,15
14882,69,91,-22,22
14883,36,59,-23,23
14884,53,72,-19,19
14885,174,154,20,20
14886,120,129,-9,9
14887,60,82,-22,22
14888,44,58,-14,14
14889,104,115,-11,11
14890,70,82,-12,12
14891,80,90,-10,10
14892,72,79,-7,7
14893,114,133,-19,19
14894,110,119,-9,9
14895,69,81,-12,12
14896,108,113,-5,5
14897,136,141,-5,5
14898,62,83,-21,21
14899,170,167,3,3
14900,109,112,-3,3
14901,85,97,-12,12
14902,93,95,-2,2
14903,117,125,-8,8
14904,102,99,3,3
14905,123,123,0,0
14906,91,116,-25,25
14907,65,80,-15,15
14908,52,74,-22,22
14909,139,131,8,8
14910,88,103,-15,15
14911,67,95,-28,28
14912,143,145,-2,2
14913,153,154,-1,1
14914,65,78,-13,13
14915,84,96,-12,12
14916,101,120,-19,19
14917,90,126,-36,36
14918,75,85,-10,10
14919,95,101,-6,6
14920,197,170,27,27
14921,60,77,-17,17
14922,152,150,2,2
14923,69,77,-8,8
14924,79,94,-15,15
14925,63,81,-18,18
14926,114,124,-10,10
14927,94,97,-3,3
14928,107,113,-6,6
14929,94,106,-12,12
14930,68,80,-12,12
14931,95,104,-9,9
14932,123,125,-2,2
14933,81,92,-11,11
14934,141,135,6,6
14935,78,92,-14,14
14936,100,118,-18,18
14937,120,127,-7,7
14938,36,60,-24,24
14939,81,99,-18,18
14940,118,111,7,7
14941,122,139,-17,17
14942,80,90,-10,10
14943,130,130,0,0
14944,44,57,-13,13
14945,170,165,5,5
14946,74,116,-42,42
14947,66,82,-16,16
14948,192,172,20,20
14949,84,97,-13,13
14950,116,145,-29,29
14951,81,89,-8,8
14952,43,59,-16,16
14953,69,83,-14,14
14954,63,74,-11,11
14955,94,104,-10,10
14956,84,92,-8,8
14957,56,66,-10,10
14958,106,120,-14,14
14959,152,137,15,15
14960,92,99,-7,7
14961,68,82,-14,14
14962,87,107,-20,20
14963,88,113,-25,25
14964,78,93,-15,15
14965,64,91,-27,27
14966,147,148,-1,1
14967,57,69,-12,12
14968,81,102,-21,21
14969,59,78,-19,19
14970,70,83,-13,13
14971,87,105,-18,18
14972,90,94,-4,4
14973,87,87,0,0
14974,49,66,-17,17
14975,160,147,13,13
14976,131,128,3,3
14977,83,96,-13,13
14978,44,63,-19,19
14979,44,65,-21,21
14980,52,74,-22,22
14981,102,116,-14,14
14982,69,82,-13,13
14983,99,109,-10,10
14984,81,104,-23,23
14985,91,110,-19,19
14986,87,93,-6,6
14987,57,72,-15,15
14988,82,97,-15,15
14989,56,70,-14,14
14990,76,89,-13,13
14991,79,92,-13,13
14992,78,85,-7,7
14993,121,117,4,4
14994,119,118,1,1
14995,68,88,-20,20
14996,146,144,2,2
14997,106,103,3,3
14998,132,128,4,4
14999,47,66,-19,19
15000,70,81,-11,11
15001,114,108,6,6
15002,71,79,-8,8
15003,85,109,-24,24
15004,132,135,-3,3
15005,33,52,-19,19
15006,16,49,-33,33
15007,68,84,-16,16
15008,62,79,-17,17
15009,84,101,-17,17
15010,50,69,-19,19
15011,91,105,-14,14
15012,116,125,-9,9
15013,97,102,-5,5
15014,126,135,-9,9
15015,102,118,-16,16
15016,111,111,0,0
15017,113,120,-7,7
15018,149,142,7,7
15019,87,94,-7,7
15020,120,119,1,1
15021,124,132,-8,8
15022,145,141,4,4
15023,78,87,-9,9
15024,158,155,3,3
15025,47,70,-23,23
15026,228,193,35,35
15027,86,104,-18,18
15028,97,109,-12,12
15029,105,111,-6,6
15030,59,81,-22,22
15031,134,129,5,5
15032,122,129,-7,7
15033,116,142,-26,26
15034,72,96,-24,24
15035,95,118,-23,23
15036,48,64,-16,16
15037,71,85,-14,14
15038,164,162,2,2
15039,80,94,-14,14
15040,96,101,-5,5
15041,133,134,-1,1
15042,121,142,-21,21
15043,122,134,-12,12
15044,99,103,-4,4
15045,96,102,-6,6
15046,41,64,-23,23
15047,157,145,12,12
15048,104,99,5,5
15049,65,86,-21,21
15050,103,118,-15,15
15051,118,121,-3,3
15052,99,108,-9,9
15053,126,127,-1,1
15054,106,115,-9,9
15055,55,62,-7,7
15056,75,87,-12,12
15057,69,87,-18,18
15058,107,120,-13,13
15059,122,133,-11,11
15060,63,79,-16,16
15061,107,115,-8,8
15062,96,124,-28,28
15063,62,89,-27,27
15064,72,86,-14,14
15065,152,146,6,6
15066,65,83,-18,18
15067,78,88,-10,10
15068,115,121,-6,6
15069,113,113,0,0
15070,113,111,2,2
15071,105,110,-5,5
15072,116,125,-9,9
15073,158,152,6,6
15074,57,78,-21,21
15075,141,148,-7,7
15076,82,93,-11,11
15077,106,119,-13,13
15078,96,102,-6,6
15079,104,110,-6,6
15080,98,104,-6,6
15081,83,105,-22,22
15082,138,140,-2,2
15083,148,146,2,2
15084,71,88,-17,17
15085,90,115,-25,25
15086,134,131,3,3
15087,129,142,-13,13
15088,127,134,-7,7
15089,77,90,-13,13
15090,69,91,-22,22
15091,102,109,-7,7
15092,69,84,-15,15
15093,65,81,-16,16
15094,102,122,-20,20
15095,56,83,-27,27
15096,123,124,-1,1
15097,73,85,-12,12
15098,61,84,-23,23
15099,102,126,-24,24
15100,98,108,-10,10
15101,80,86,-6,6
15102,85,98,-13,13
15103,61,82,-21,21
15104,127,140,-13,13
15105,68,82,-14,14
15106,127,143,-16,16
15107,71,82,-11,11
15108,71,76,-5,5
15109,149,147,2,2
15110,91,99,-8,8
15111,98,115,-17,17
15112,51,69,-18,18
15113,90,97,-7,7
15114,105,126,-21,21
15115,84,99,-15,15
15116,98,103,-5,5
15117,188,191,-3,3
15118,57,75,-18,18
15119,135,123,12,12
15120,107,115,-8,8
15121,166,156,10,10
15122,102,105,-3,3
15123,162,153,9,9
15124,74,82,-8,8
15125,81,98,-17,17
15126,58,74,-16,16
15127,93,93,0,0
15128,67,76,-9,9
15129,136,148,-12,12
15130,122,133,-11,11
15131,114,131,-17,17
15132,66,76,-10,10
15133,121,121,0,0
15134,82,100,-18,18
15135,110,116,-6,6
15136,63,81,-18,18
15137,108,117,-9,9
15138,77,88,-11,11
15139,86,95,-9,9
15140,74,85,-11,11
15141,101,120,-19,19
15142,114,134,-20,20
15143,105,108,-3,3
15144,106,117,-11,11
15145,83,90,-7,7
15146,169,162,7,7
15147,71,85,-14,14
15148,87,103,-16,16
15149,67,81,-14,14
15150,86,120,-34,34
15151,244,221,23,23
15152,96,99,-3,3
15153,136,142,-6,6
15154,64,78,-14,14
15155,131,147,-16,16
15156,142,151,-9,9
15157,63,83,-20,20
15158,56,74,-18,18
15159,65,78,-13,13
15160,116,117,-1,1
15161,57,70,-13,13
15162,109,125,-16,16
15163,114,135,-21,21
15164,68,77,-9,9
15165,114,118,-4,4
15166,64,99,-35,35
15167,112,133,-21,21
15168,47,68,-21,21
15169,66,77,-11,11
15170,81,100,-19,19
15171,127,137,-10,10
15172,109,119,-10,10
15173,72,80,-8,8
15174,94,106,-12,12
15175,46,66,-20,20
15176,113,106,7,7
15177,70,87,-17,17
15178,80,99,-19,19
15179,64,84,-20,20
15180,113,118,-5,5
15181,56,82,-26,26
15182,112,116,-4,4
15183,50,76,-26,26
15184,101,105,-4,4
15185,173,167,6,6
15186,57,67,-10,10
15187,104,107,-3,3
15188,90,96,-6,6
15189,76,88,-12,12
15190,94,104,-10,10
15191,105,138,-33,33
15192,121,130,-9,9
15193,126,143,-17,17
15194,127,123,4,4
15195,116,126,-10,10
15196,88,99,-11,11
15197,62,85,-23,23
15198,190,183,7,7
15199,91,119,-28,28
15200,68,86,-18,18
15201,102,105,-3,3
15202,150,133,17,17
15203,85,102,-17,17
15204,45,63,-18,18
15205,106,120,-14,14
15206,64,75,-11,11
15207,152,153,-1,1
15208,124,138,-14,14
15209,77,94,-17,17
15210,80,100,-20,20
15211,68,73,-5,5
15212,131,139,-8,8
15213,141,139,2,2
15214,138,133,5,5
15215,139,152,-13,13
15216,54,76,-22,22
15217,81,95,-14,14
15218,131,141,-10,10
15219,105,114,-9,9
15220,88,90,-2,2
15221,97,106,-9,9
15222,132,140,-8,8
15223,80,100,-20,20
15224,83,94,-11,11
15225,56,78,-22,22
15226,68,92,-24,24
15227,88,93,-5,5
15228,101,114,-13,13
15229,123,126,-3,3
15230,123,136,-13,13
15231,56,86,-30,30
15232,139,146,-7,7
15233,102,113,-11,11
15234,53,67,-14,14
15235,145,148,-3,3
15236,94,107,-13,13
15237,126,134,-8,8
15238,92,95,-3,3
15239,82,96,-14,14
15240,74,99,-25,25
15241,165,147,18,18
15242,99,114,-15,15
15243,139,149,-10,10
15244,84,90,-6,6
15245,85,99,-14,14
15246,63,81,-18,18
15247,174,151,23,23
15248,127,122,5,5
15249,93,113,-20,20
15250,106,115,-9,9
15251,108,148,-40,40
15252,93,103,-10,10
15253,98,97,1,1
15254,91,99,-8,8
15255,68,79,-11,11
15256,98,109,-11,11
15257,264,239,25,25
15258,105,104,1,1
15259,71,86,-15,15
15260,57,68,-11,11
15261,99,111,-12,12
15262,87,94,-7,7
15263,109,117,-8,8
15264,132,139,-7,7
15265,66,89,-23,23
15266,99,110,-11,11
15267,70,77,-7,7
15268,111,120,-9,9
15269,124,127,-3,3
15270,53,74,-21,21
15271,113,115,-2,2
15272,69,75,-6,6
15273,69,90,-21,21
15274,80,92,-12,12
15275,87,100,-13,13
15276,117,119,-2,2
15277,105,106,-1,1
15278,64,70,-6,6
15279,41,60,-19,19
15280,60,73,-13,13
15281,93,105,-12,12
15282,74,79,-5,5
15283,100,107,-7,7
15284,75,85,-10,10
15285,117,114,3,3
15286,129,139,-10,10
15287,145,147,-2,2
15288,102,116,-14,14
15289,147,149,-2,2
15290,55,72,-17,17
15291,91,96,-5,5
15292,46,69,-23,23
15293,211,170,41,41
15294,125,139,-14,14
15295,76,88,-12,12
15296,84,94,-10,10
15297,104,115,-11,11
15298,62,81,-19,19
15299,77,94,-17,17
15300,100,105,-5,5
15301,83,104,-21,21
15302,90,105,-15,15
15303,181,161,20,20
15304,132,148,-16,16
15305,88,98,-10,10
15306,85,99,-14,14
15307,69,85,-16,16
15308,59,70,-11,11
15309,42,54,-12,12
15310,138,140,-2,2
15311,75,83,-8,8
15312,116,136,-20,20
15313,76,100,-24,24
15314,85,99,-14,14
15315,60,78,-18,18
15316,101,113,-12,12
15317,117,135,-18,18
15318,73,96,-23,23
15319,65,93,-28,28
15320,136,147,-11,11
15321,40,60,-20,20
15322,61,75,-14,14
15323,138,145,-7,7
15324,55,77,-22,22
15325,87,93,-6,6
15326,60,71,-11,11
15327,42,59,-17,17
15328,184,186,-2,2
15329,136,147,-11,11
15330,46,71,-25,25
15331,157,133,24,24
15332,99,113,-14,14
15333,64,74,-10,10
15334,95,107,-12,12
15335,138,143,-5,5
15336,63,79,-16,16
15337,72,77,-5,5
15338,52,70,-18,18
15339,90,91,-1,1
15340,78,97,-19,19
15341,97,113,-16,16
15342,118,123,-5,5
15343,89,102,-13,13
15344,55,70,-15,15
15345,109,115,-6,6
15346,64,85,-21,21
15347,103,106,-3,3
15348,96,105,-9,9
15349,101,112,-11,11
15350,130,133,-3,3
15351,67,96,-29,29
15352,65,77,-12,12
15353,80,92,-12,12
15354,90,100,-10,10
15355,86,96,-10,10
15356,62,76,-14,14
15357,162,153,9,9
15358,107,124,-17,17
15359,42,56,-14,14
15360,104,119,-15,15
15361,125,130,-5,5
15362,93,108,-15,15
15363,163,176,-13,13
15364,42,69,-27,27
15365,127,131,-4,4
15366,94,115,-21,21
15367,88,100,-12,12
15368,147,148,-1,1
15369,155,150,5,5
15370,107,108,-1,1
15371,65,78,-13,13
15372,94,120,-26,26
15373,77,94,-17,17
15374,128,139,-11,11
15375,70,90,-20,20
15376,51,73,-22,22
15377,101,114,-13,13
15378,108,105,3,3
15379,169,157,12,12
15380,56,73,-17,17
15381,114,119,-5,5
15382,129,147,-18,18
15383,98,104,-6,6
15384,62,85,-23,23
15385,52,67,-15,15
15386,125,130,-5,5
15387,123,124,-1,1
15388,107,117,-10,10
15389,100,113,-13,13
15390,153,164,-11,11
15391,81,98,-17,17
15392,82,100,-18,18
15393,97,110,-13,13
15394,28,49,-21,21
15395,123,135,-12,12
15396,66,86,-20,20
15397,91,103,-12,12
15398,95,106,-11,11
15399,66,86,-20,20
15400,105,117,-12,12
15401,64,76,-12,12
15402,106,116,-10,10
15403,136,137,-1,1
15404,87,99,-12,12
15405,71,81,-10,10
15406,116,127,-11,11
15407,88,102,-14,14
15408,53,69,-16,16
15409,126,124,2,2
15410,144,137,7,7
15411,74,89,-15,15
15412,63,79,-16,16
15413,72,83,-11,11
15414,73,87,-14,14
15415,76,94,-18,18
15416,88,95,-7,7
15417,78,96,-18,18
15418,103,111,-8,8
15419,76,82,-6,6
15420,41,96,-55,55
15421,231,192,39,39
15422,134,147,-13,13
15423,126,122,4,4
15424,138,139,-1,1
15425,103,122,-19,19
15426,90,107,-17,17
15427,73,85,-12,12
15428,63,88,-25,25
15429,81,101,-20,20
15430,120,116,4,4
15431,92,110,-18,18
15432,100,106,-6,6
15433,51,74,-23,23
15434,116,126,-10,10
15435,97,107,-10,10
15436,87,84,3,3
15437,138,134,4,4
15438,52,74,-22,22
15439,36,59,-23,23
15440,167,163,4,4
15441,80,104,-24,24
15442,117,124,-7,7
15443,91,95,-4,4
15444,163,153,10,10
15445,112,131,-19,19
15446,75,95,-20,20
15447,119,122,-3,3
15448,61,82,-21,21
15449,71,78,-7,7
15450,117,130,-13,13
15451,115,141,-26,26
15452,99,114,-15,15
15453,125,132,-7,7
15454,100,113,-13,13
15455,153,147,6,6
15456,146,150,-4,4
15457,157,148,9,9
15458,104,116,-12,12
15459,130,131,-1,1
15460,137,148,-11,11
15461,105,122,-17,17
15462,101,106,-5,5
15463,110,124,-14,14
15464,97,101,-4,4
15465,87,97,-10,10
15466,107,119,-12,12
15467,87,100,-13,13
15468,90,94,-4,4
15469,90,100,-10,10
15470,118,126,-8,8
15471,57,78,-21,21
15472,108,122,-14,14
15473,51,70,-19,19
15474,56,98,-42,42
15475,53,79,-26,26
15476,55,75,-20,20
15477,68,89,-21,21
15478,61,80,-19,19
15479,142,149,-7,7
15480,83,94,-11,11
15481,56,76,-20,20
15482,60,84,-24,24
15483,59,80,-21,21
15484,119,128,-9,9
15485,60,80,-20,20
15486,60,79,-19,19
15487,106,115,-9,9
15488,78,90,-12,12
15489,83,93,-10,10
15490,63,78,-15,15
15491,147,151,-4,4
15492,182,164,18,18
15493,129,132,-3,3
15494,97,110,-13,13
15495,115,121,-6,6
15496,105,121,-16,16
15497,102,120,-18,18
15498,127,139,-12,12
15499,157,150,7,7
15500,84,93,-9,9
15501,152,147,5,5
15502,74,90,-16,16
15503,79,89,-10,10
15504,123,137,-14,14
15505,135,148,-13,13
15506,82,98,-16,16
15507,111,119,-8,8
15508,62,99,-37,37
15509,59,78,-19,19
15510,77,98,-21,21
15511,63,85,-22,22
15512,81,95,-14,14
15513,56,74,-18,18
15514,69,87,-18,18
15515,65,83,-18,18
15516,82,92,-10,10
15517,91,104,-13,13
15518,190,159,31,31
15519,185,169,16,16
15520,131,130,1,1
15521,65,80,-15,15
15522,158,149,9,9
15523,144,153,-9,9
15524,73,94,-21,21
15525,80,102,-22,22
15526,152,147,5,5
15527,62,78,-16,16
15528,64,81,-17,17
15529,65,86,-21,21
15530,146,147,-1,1
15531,124,130,-6,6
15532,108,111,-3,3
15533,131,135,-4,4
15534,107,122,-15,15
15535,104,114,-10,10
15536,78,86,-8,8
15537,115,132,-17,17
15538,159,152,7,7
15539,103,123,-20,20
15540,101,116,-15,15
15541,63,77,-14,14
15542,160,156,4,4
15543,61,79,-18,18
15544,60,78,-18,18
15545,130,146,-16,16
15546,96,110,-14,14
15547,84,97,-13,13
15548,93,104,-11,11
15549,110,120,-10,10
15550,66,75,-9,9
15551,77,85,-8,8
15552,103,115,-12,12
15553,78,95,-17,17
15554,147,147,0,0
15555,87,103,-16,16
15556,84,92,-8,8
15557,83,91,-8,8
15558,69,79,-10,10
15559,180,175,5,5
15560,140,147,-7,7
15561,57,74,-17,17
15562,120,124,-4,4
15563,62,79,-17,17
15564,79,92,-13,13
15565,127,136,-9,9
15566,64,81,-17,17
15567,81,89,-8,8
15568,100,110,-10,10
15569,118,127,-9,9
15570,85,86,-1,1
15571,77,97,-20,20
15572,104,110,-6,6
15573,72,86,-14,14
15574,101,110,-9,9
15575,95,112,-17,17
15576,98,106,-8,8
15577,62,74,-12,12
15578,98,102,-4,4
15579,113,137,-24,24
15580,62,75,-13,13
15581,52,76,-24,24
15582,112,116,-4,4
15583,80,95,-15,15
15584,106,128,-22,22
15585,63,79,-16,16
15586,49,76,-27,27
15587,72,89,-17,17
15588,117,113,4,4
15589,116,117,-1,1
15590,94,100,-6,6
15591,95,108,-13,13
15592,83,104,-21,21
15593,119,126,-7,7
15594,106,120,-14,14
15595,92,96,-4,4
15596,70,92,-22,22
15597,133,134,-1,1
15598,64,74,-10,10
15599,169,156,13,13
15600,93,101,-8,8
15601,102,116,-14,14
15602,87,96,-9,9
15603,71,83,-12,12
15604,62,79,-17,17
15605,59,69,-10,10
15606,85,95,-10,10
15607,72,86,-14,14
15608,50,67,-17,17
15609,92,106,-14,14
15610,127,130,-3,3
15611,57,71,-14,14
15612,107,114,-7,7
15613,65,78,-13,13
15614,82,97,-15,15
15615,81,101,-20,20
15616,98,110,-12,12
15617,82,90,-8,8
15618,110,143,-33,33
15619,166,157,9,9
15620,107,116,-9,9
15621,50,70,-20,20
15622,148,142,6,6
15623,70,90,-20,20
15624,100,101,-1,1
15625,108,118,-10,10
15626,113,125,-12,12
15627,53,75,-22,22
15628,126,137,-11,11
15629,72,85,-13,13
15630,197,178,19,19
15631,47,63,-16,16
15632,89,92,-3,3
15633,143,139,4,4
15634,119,128,-9,9
15635,76,93,-17,17
15636,73,94,-21,21
15637,68,85,-17,17
15638,111,119,-8,8
15639,121,118,3,3
15640,92,109,-17,17
15641,113,116,-3,3
15642,98,112,-14,14
15643,152,157,-5,5
15644,80,93,-13,13
15645,82,95,-13,13
15646,128,131,-3,3
15647,49,71,-22,22
15648,128,138,-10,10
15649,63,79,-16,16
15650,52,68,-16,16
15651,89,97,-8,8
15652,68,79,-11,11
15653,109,116,-7,7
15654,83,95,-12,12
15655,97,113,-16,16
15656,73,88,-15,15
15657,75,85,-10,10
15658,127,129,-2,2
15659,52,96,-44,44
15660,69,73,-4,4
15661,152,150,2,2
15662,87,97,-10,10
15663,130,125,5,5
15664,72,96,-24,24
15665,114,126,-12,12
15666,75,94,-19,19
15667,136,137,-1,1
15668,77,86,-9,9
15669,88,96,-8,8
15670,64,88,-24,24
15671,90,93,-3,3
15672,174,170,4,4
15673,57,80,-23,23
15674,56,77,-21,21
15675,78,89,-11,11
15676,81,92,-11,11
15677,67,72,-5,5
15678,123,123,0,0
15679,146,148,-2,2
15680,123,133,-10,10
15681,98,113,-15,15
15682,61,76,-15,15
15683,109,119,-10,10
15684,76,93,-17,17
15685,121,128,-7,7
15686,81,95,-14,14
15687,38,66,-28,28
15688,70,92,-22,22
15689,83,94,-11,11
15690,100,111,-11,11
15691,79,100,-21,21
15692,98,110,-12,12
15693,79,87,-8,8
15694,196,173,23,23
15695,137,141,-4,4
15696,67,83,-16,16
15697,87,102,-15,15
15698,79,91,-12,12
15699,84,106,-22,22
15700,104,127,-23,23
15701,105,123,-18,18
15702,113,114,-1,1
15703,54,66,-12,12
15704,77,88,-11,11
15705,124,131,-7,7
15706,103,112,-9,9
15707,175,155,20,20
15708,67,78,-11,11
15709,86,100,-14,14
15710,65,81,-16,16
15711,74,86,-12,12
15712,85,82,3,3
15713,77,92,-15,15
15714,94,107,-13,13
15715,163,148,15,15
15716,107,120,-13,13
15717,126,133,-7,7
15718,97,103,-6,6
15719,80,89,-9,9
15720,150,157,-7,7
15721,67,86,-19,19
15722,120,117,3,3
15723,86,106,-20,20
15724,80,92,-12,12
15725,79,89,-10,10
15726,98,106,-8,8
15727,100,115,-15,15
15728,105,120,-15,15
15729,140,157,-17,17
15730,110,114,-4,4
15731,101,104,-3,3
15732,50,71,-21,21
15733,132,137,-5,5
15734,160,156,4,4
15735,119,119,0,0
15736,94,101,-7,7
15737,83,91,-8,8
15738,92,100,-8,8
15739,76,79,-3,3
15740,103,117,-14,14
15741,93,103,-10,10
15742,67,87,-20,20
15743,104,129,-25,25
15744,123,129,-6,6
15745,90,95,-5,5
15746,75,93,-18,18
15747,120,130,-10,10
15748,66,76,-10,10
15749,106,116,-10,10
15750,120,125,-5,5
15751,98,99,-1,1
15752,105,118,-13,13
15753,97,110,-13,13
15754,101,107,-6,6
15755,80,93,-13,13
15756,87,96,-9,9
15757,68,79,-11,11
15758,160,150,10,10
15759,77,90,-13,13
15760,65,81,-16,16
15761,90,102,-12,12
15762,34,64,-30,30
15763,90,109,-19,19
15764,83,90,-7,7
15765,47,62,-15,15
15766,47,83,-36,36
15767,106,126,-20,20
15768,63,80,-17,17
15769,96,109,-13,13
15770,108,127,-19,19
15771,85,94,-9,9
15772,157,148,9,9
15773,90,90,0,0
15774,116,127,-11,11
15775,132,140,-8,8
15776,123,123,0,0
15777,118,124,-6,6
15778,45,68,-23,23
15779,60,77,-17,17
15780,179,156,23,23
15781,111,123,-12,12
15782,118,129,-11,11
15783,87,109,-22,22
15784,51,74,-23,23
15785,37,62,-25,25
15786,91,103,-12,12
15787,69,87,-18,18
15788,130,125,5,5
15789,102,123,-21,21
15790,93,110,-17,17
15791,129,135,-6,6
15792,54,68,-14,14
15793,70,83,-13,13
15794,125,124,1,1
15795,59,77,-18,18
15796,46,56,-10,10
15797,64,80,-16,16
15798,113,109,4,4
15799,110,107,3,3
15800,46,67,-21,21
15801,134,148,-14,14
15802,71,98,-27,27
15803,143,149,-6,6
15804,63,79,-16,16
15805,120,130,-10,10
15806,86,93,-7,7
15807,74,94,-20,20
15808,118,131,-13,13
15809,61,77,-16,16
15810,65,77,-12,12
15811,136,134,2,2
15812,85,102,-17,17
15813,105,104,1,1
15814,146,146,0,0
15815,98,116,-18,18
15816,30,58,-28,28
15817,76,89,-13,13
15818,148,147,1,1
15819,126,123,3,3
15820,121,124,-3,3
15821,173,147,26,26
15822,68,97,-29,29
15823,100,114,-14,14
15824,109,120,-11,11
15825,73,92,-19,19
15826,97,108,-11,11
15827,92,99,-7,7
15828,97,106,-9,9
15829,88,108,-20,20
15830,159,149,10,10
15831,104,116,-12,12
15832,65,79,-14,14
15833,84,92,-8,8
15834,82,90,-8,8
15835,100,120,-20,20
15836,105,110,-5,5
15837,70,93,-23,23
15838,77,86,-9,9
15839,111,120,-9,9
15840,96,98,-2,2
15841,98,117,-19,19
15842,89,104,-15,15
15843,62,82,-20,20
15844,144,143,1,1
15845,134,137,-3,3
15846,96,105,-9,9
15847,64,86,-22,22
15848,74,84,-10,10
15849,113,119,-6,6
15850,125,145,-20,20
15851,122,121,1,1
15852,66,90,-24,24
15853,46,64,-18,18
15854,115,124,-9,9
15855,59,71,-12,12
15856,76,87,-11,11
15857,97,107,-10,10
15858,125,136,-11,11
15859,138,119,19,19
15860,24,44,-20,20
15861,34,53,-19,19
15862,77,91,-14,14
15863,112,130,-18,18
15864,123,128,-5,5
15865,88,98,-10,10
15866,130,134,-4,4
15867,108,117,-9,9
15868,52,63,-11,11
15869,112,127,-15,15
15870,41,56,-15,15
15871,68,87,-19,19
15872,111,120,-9,9
15873,97,110,-13,13
15874,73,91,-18,18
15875,75,87,-12,12
15876,79,103,-24,24
15877,62,87,-25,25
15878,75,101,-26,26
15879,128,136,-8,8
15880,113,127,-14,14
15881,49,61,-12,12
15882,65,73,-8,8
15883,64,81,-17,17
15884,97,124,-27,27
15885,117,123,-6,6
15886,62,77,-15,15
15887,75,108,-33,33
15888,80,98,-18,18
15889,63,82,-19,19
15890,50,74,-24,24
15891,112,122,-10,10
15892,129,137,-8,8
15893,78,88,-10,10
15894,102,114,-12,12
15895,101,102,-1,1
15896,67,89,-22,22
15897,49,66,-17,17
15898,184,165,19,19
15899,81,94,-13,13
15900,70,83,-13,13
15901,95,99,-4,4
15902,111,115,-4,4
15903,141,140,1,1
15904,105,129,-24,24
15905,54,64,-10,10
15906,78,89,-11,11
15907,155,147,8,8
15908,134,138,-4,4
15909,88,92,-4,4
15910,66,90,-24,24
15911,64,81,-17,17
15912,60,86,-26,26
15913,94,102,-8,8
15914,103,103,0,0
15915,146,148,-2,2
15916,74,96,-22,22
15917,73,82,-9,9
15918,62,78,-16,16
15919,103,115,-12,12
15920,126,130,-4,4
15921,96,99,-3,3
15922,160,149,11,11
15923,118,128,-10,10
15924,128,127,1,1
15925,191,177,14,14
15926,123,124,-1,1
15927,107,121,-14,14
15928,55,68,-13,13
15929,47,61,-14,14
15930,55,70,-15,15
15931,58,75,-17,17
15932,107,119,-12,12
15933,76,87,-11,11
15934,96,97,-1,1
15935,57,71,-14,14
15936,110,127,-17,17
15937,79,84,-5,5
15938,65,84,-19,19
15939,123,121,2,2
15940,61,66,-5,5
15941,65,85,-20,20
15942,113,116,-3,3
15943,49,62,-13,13
15944,82,101,-19,19
15945,98,113,-15,15
15946,75,90,-15,15
15947,112,127,-15,15
15948,113,116,-3,3
15949,94,105,-11,11
15950,58,67,-9,9
15951,64,77,-13,13
15952,105,123,-18,18
15953,101,113,-12,12
15954,68,87,-19,19
15955,101,106,-5,5
15956,52,66,-14,14
15957,70,86,-16,16
15958,97,140,-43,43
15959,117,118,-1,1
15960,68,84,-16,16
15961,127,123,4,4
15962,69,90,-21,21
15963,90,107,-17,17
15964,40,67,-27,27
15965,114,117,-3,3
15966,98,110,-12,12
15967,66,81,-15,15
15968,67,94,-27,27
15969,190,184,6,6
15970,104,114,-10,10
15971,74,96,-22,22
15972,69,71,-2,2
15973,86,101,-15,15
15974,102,106,-4,4
15975,122,125,-3,3
15976,142,142,0,0
15977,103,102,1,1
15978,164,153,11,11
15979,110,135,-25,25
15980,64,79,-15,15
15981,74,85,-11,11
15982,61,72,-11,11
15983,63,82,-19,19
15984,100,99,1,1
15985,107,123,-16,16
15986,102,107,-5,5
15987,31,55,-24,24
15988,147,145,2,2
15989,60,75,-15,15
15990,86,93,-7,7
15991,114,135,-21,21
15992,103,129,-26,26
15993,75,90,-15,15
15994,95,114,-19,19
15995,87,91,-4,4
15996,99,101,-2,2
15997,114,125,-11,11
15998,76,93,-17,17
15999,120,134,-14,14
16000,90,96,-6,6
16001,64,73,-9,9
16002,113,119,-6,6
16003,66,79,-13,13
16004,123,120,3,3
16005,132,130,2,2
16006,124,117,7,7
16007,56,73,-17,17
16008,125,142,-17,17
16009,101,115,-14,14
16010,89,105,-16,16
16011,57,81,-24,24
16012,98,102,-4,4
16013,101,109,-8,8
16014,82,99,-17,17
16015,128,145,-17,17
16016,56,75,-19,19
16017,162,159,3,3
16018,84,104,-20,20
16019,79,88,-9,9
16020,53,70,-17,17
16021,55,72,-17,17
16022,62,75,-13,13
16023,73,91,-18,18
16024,42,56,-14,14
16025,127,147,-20,20
16026,52,71,-19,19
16027,121,132,-11,11
16028,75,98,-23,23
16029,89,99,-10,10
16030,64,79,-15,15
16031,36,51,-15,15
16032,89,93,-4,4
16033,72,80,-8,8
16034,148,149,-1,1
16035,106,115,-9,9
16036,158,160,-2,2
16037,131,133,-2,2
16038,130,140,-10,10
16039,77,85,-8,8
16040,136,135,1,1
16041,102,116,-14,14
16042,86,99,-13,13
16043,89,99,-10,10
16044,101,103,-2,2
16045,99,111,-12,12
16046,100,104,-4,4
16047,69,87,-18,18
16048,92,96,-4,4
16049,69,86,-17,17
16050,128,129,-1,1
16051,151,148,3,3
16052,39,53,-14,14
16053,44,66,-22,22
16054,74,97,-23,23
16055,82,88,-6,6
16056,140,139,1,1
16057,120,122,-2,2
16058,79,81,-2,2
16059,89,104,-15,15
16060,158,181,-23,23
16061,105,137,-32,32
16062,113,126,-13,13
16063,58,71,-13,13
16064,95,106,-11,11
16065,82,101,-19,19
16066,140,139,1,1
16067,66,90,-24,24
16068,94,105,-11,11
16069,116,132,-16,16
16070,70,92,-22,22
16071,90,100,-10,10
16072,73,95,-22,22
16073,62,115,-53,53
16074,55,71,-16,16
16075,87,111,-24,24
16076,97,109,-12,12
16077,75,87,-12,12
16078,113,126,-13,13
16079,148,140,8,8
16080,144,164,-20,20
16081,64,74,-10,10
16082,117,117,0,0
16083,89,99,-10,10
16084,106,114,-8,8
16085,130,129,1,1
16086,91,110,-19,19
16087,52,67,-15,15
16088,54,75,-21,21
16089,117,118,-1,1
16090,127,143,-16,16
16091,104,103,1,1
16092,122,126,-4,4
16093,67,77,-10,10
16094,73,92,-19,19
16095,84,95,-11,11
16096,63,76,-13,13
16097,199,187,12,12
16098,138,153,-15,15
16099,85,93,-8,8
16100,112,124,-12,12
16101,100,112,-12,12
16102,184,184,0,0
16103,90,100,-10,10
16104,55,72,-17,17
16105,142,140,2,2
16106,124,135,-11,11
16107,83,107,-24,24
16108,79,100,-21,21
16109,52,87,-35,35
16110,92,107,-15,15
16111,71,87,-16,16
16112,47,60,-13,13
16113,83,94,-11,11
16114,68,83,-15,15
16115,65,83,-18,18
16116,99,104,-5,5
16117,114,132,-18,18
16118,98,114,-16,16
16119,84,119,-35,35
16120,181,156,25,25
16121,51,64,-13,13
16122,95,97,-2,2
16123,77,92,-15,15
16124,70,87,-17,17
16125,103,115,-12,12
16126,106,116,-10,10
16127,70,89,-19,19
16128,92,102,-10,10
16129,104,122,-18,18
16130,49,76,-27,27
16131,62,86,-24,24
16132,52,67,-15,15
16133,88,99,-11,11
16134,84,92,-8,8
16135,80,98,-18,18
16136,55,75,-20,20
16137,84,92,-8,8
16138,158,150,8,8
16139,76,86,-10,10
16140,58,79,-21,21
16141,94,100,-6,6
16142,44,61,-17,17
16143,96,105,-9,9
16144,134,136,-2,2
16145,124,130,-6,6
16146,137,147,-10,10
16147,139,141,-2,2
16148,40,57,-17,17
16149,64,84,-20,20
16150,100,109,-9,9
16151,90,104,-14,14
16152,88,98,-10,10
16153,80,91,-11,11
16154,67,81,-14,14
16155,96,102,-6,6
16156,74,82,-8,8
16157,80,83,-3,3
16158,54,75,-21,21
16159,133,136,-3,3
16160,71,84,-13,13
16161,151,147,4,4
16162,150,149,1,1
16163,107,120,-13,13
16164,104,117,-13,13
16165,96,106,-10,10
16166,164,158,6,6
16167,61,85,-24,24
16168,95,105,-10,10
16169,120,127,-7,7
16170,107,121,-14,14
16171,116,115,1,1
16172,89,101,-12,12
16173,42,60,-18,18
16174,74,83,-9,9
16175,100,118,-18,18
16176,66,77,-11,11
16177,105,117,-12,12
16178,108,103,5,5
16179,144,148,-4,4
16180,118,133,-15,15
16181,82,91,-9,9
16182,164,150,14,14
16183,125,139,-14,14
16184,68,87,-19,19
16185,102,111,-9,9
16186,109,126,-17,17
16187,111,109,2,2
16188,115,114,1,1
16189,58,69,-11,11
16190,109,111,-2,2
16191,90,108,-18,18
16192,99,104,-5,5
16193,124,146,-22,22
16194,147,132,15,15
16195,67,84,-17,17
16196,89,101,-12,12
16197,77,81,-4,4
16198,106,139,-33,33
16199,78,94,-16,16
16200,58,88,-30,30
16201,119,121,-2,2
16202,74,93,-19,19
16203,80,95,-15,15
16204,143,145,-2,2
16205,160,149,11,11
16206,117,123,-6,6
16207,79,85,-6,6
16208,103,114,-11,11
16209,88,89,-1,1
16210,74,93,-19,19
16211,96,112,-16,16
16212,94,128,-34,34
16213,66,76,-10,10
16214,43,65,-22,22
16215,137,138,-1,1
16216,89,96,-7,7
16217,95,111,-16,16
16218,172,173,-1,1
16219,37,58,-21,21
16220,75,91,-16,16
16221,112,123,-11,11
16222,98,112,-14,14
16223,137,143,-6,6
16224,122,123,-1,1
16225,55,66,-11,11
16226,65,79,-14,14
16227,105,120,-15,15
16228,67,86,-19,19
16229,115,113,2,2
16230,35,70,-35,35
16231,95,102,-7,7
16232,62,72,-10,10
16233,60,73,-13,13
16234,142,134,8,8
16235,74,99,-25,25
16236,100,105,-5,5
16237,179,128,51,51
16238,173,154,19,19
16239,161,156,5,5
16240,76,89,-13,13
16241,79,102,-23,23
16242,116,119,-3,3
16243,58,78,-20,20
16244,83,99,-16,16
16245,48,71,-23,23
16246,74,90,-16,16
16247,57,85,-28,28
16248,84,94,-10,10
16249,114,118,-4,4
16250,72,78,-6,6
16251,96,113,-17,17
16252,113,147,-34,34
16253,105,108,-3,3
16254,149,143,6,6
16255,62,80,-18,18
16256,72,80,-8,8
16257,77,92,-15,15
16258,152,147,5,5
16259,94,101,-7,7
16260,115,123,-8,8
16261,56,67,-11,11
16262,65,80,-15,15
16263,111,117,-6,6
16264,73,92,-19,19
16265,75,82,-7,7
16266,90,117,-27,27
16267,121,139,-18,18
16268,111,115,-4,4
16269,179,162,17,17
16270,136,147,-11,11
16271,111,127,-16,16
16272,35,79,-44,44
16273,90,107,-17,17
16274,58,72,-14,14
16275,172,156,16,16
16276,77,89,-12,12
16277,81,88,-7,7
16278,31,54,-23,23
16279,87,104,-17,17
16280,63,91,-28,28
16281,114,114,0,0
16282,96,106,-10,10
16283,83,92,-9,9
16284,117,133,-16,16
16285,121,115,6,6
16286,89,99,-10,10
16287,106,121,-15,15
16288,108,115,-7,7
16289,121,125,-4,4
16290,160,149,11,11
16291,110,118,-8,8
16292,87,90,-3,3
16293,107,115,-8,8
16294,117,131,-14,14
16295,74,91,-17,17
16296,96,105,-9,9
16297,133,136,-3,3
16298,81,106,-25,25
16299,81,95,-14,14
16300,76,92,-16,16
16301,57,79,-22,22
16302,131,145,-14,14
16303,91,94,-3,3
16304,39,64,-25,25
16305,119,120,-1,1
16306,138,140,-2,2
16307,105,121,-16,16
16308,77,94,-17,17
16309,132,144,-12,12
16310,58,83,-25,25
16311,42,58,-16,16
16312,67,83,-16,16
16313,54,68,-14,14
16314,74,85,-11,11
16315,95,107,-12,12
16316,73,81,-8,8
16317,75,112,-37,37
16318,58,76,-18,18
16319,112,116,-4,4
16320,114,117,-3,3
16321,118,132,-14,14
16322,63,77,-14,14
16323,59,85,-26,26
16324,56,69,-13,13
16325,66,76,-10,10
16326,64,80,-16,16
16327,100,103,-3,3
16328,97,109,-12,12
16329,155,149,6,6
16330,93,95,-2,2
16331,123,131,-8,8
16332,89,97,-8,8
16333,76,95,-19,19
16334,178,175,3,3
16335,67,77,-10,10
16336,112,113,-1,1
16337,105,116,-11,11
16338,95,101,-6,6
16339,81,100,-19,19
16340,67,90,-23,23
16341,79,91,-12,12
16342,117,133,-16,16
16343,72,91,-19,19
16344,103,114,-11,11
16345,109,116,-7,7
16346,59,77,-18,18
16347,101,110,-9,9
16348,112,121,-9,9
16349,158,148,10,10
16350,119,129,-10,10
16351,92,100,-8,8
16352,38,58,-20,20
16353,66,84,-18,18
16354,69,101,-32,32
16355,51,72,-21,21
16356,200,161,39,39
16357,93,102,-9,9
16358,97,108,-11,11
16359,171,148,23,23
16360,65,86,-21,21
16361,102,107,-5,5
16362,72,83,-11,11
16363,55,74,-19,19
16364,118,112,6,6
16365,86,95,-9,9
16366,135,133,2,2
16367,78,87,-9,9
16368,115,131,-16,16
16369,140,150,-10,10
16370,61,78,-17,17
16371,48,69,-21,21
16372,78,92,-14,14
16373,195,191,4,4
16374,48,73,-25,25
16375,71,84,-13,13
16376,126,132,-6,6
16377,207,186,21,21
16378,111,110,1,1
16379,75,100,-25,25
16380,106,113,-7,7
16381,84,92,-8,8
16382,140,145,-5,5
16383,77,108,-31,31
16384,88,100,-12,12
16385,63,75,-12,12
16386,146,145,1,1
16387,43,63,-20,20
16388,87,98,-11,11
16389,63,73,-10,10
16390,92,110,-18,18
16391,64,80,-16,16
16392,107,107,0,0
16393,114,119,-5,5
16394,76,83,-7,7
16395,108,128,-20,20
16396,61,73,-12,12
16397,157,153,4,4
16398,161,150,11,11
16399,81,92,-11,11
16400,42,60,-18,18
16401,120,110,10,10
16402,118,119,-1,1
16403,99,113,-14,14
16404,78,93,-15,15
16405,39,56,-17,17
16406,62,78,-16,16
16407,93,100,-7,7
16408,51,73,-22,22
16409,63,97,-34,34
16410,131,147,-16,16
16411,117,113,4,4
16412,96,104,-8,8
16413,158,151,7,7
16414,88,102,-14,14
16415,77,94,-17,17
16416,84,98,-14,14
16417,123,128,-5,5
16418,84,94,-10,10
16419,122,134,-12,12
16420,88,102,-14,14
16421,73,79,-6,6
16422,198,182,16,16
16423,87,90,-3,3
16424,76,95,-19,19
16425,85,103,-18,18
16426,86,106,-20,20
16427,161,160,1,1
16428,132,119,13,13
16429,65,73,-8,8
16430,65,74,-9,9
16431,155,148,7,7
16432,94,110,-16,16
16433,91,98,-7,7
16434,94,117,-23,23
16435,132,135,-3,3
16436,74,94,-20,20
16437,134,140,-6,6
16438,186,178,8,8
16439,117,121,-4,4
16440,128,137,-9,9
16441,49,69,-20,20
16442,52,69,-17,17
16443,54,64,-10,10
16444,49,71,-22,22
16445,61,82,-21,21
16446,87,99,-12,12
16447,121,136,-15,15
16448,110,122,-12,12
16449,29,49,-20,20
16450,75,84,-9,9
16451,119,132,-13,13
16452,100,106,-6,6
16453,73,108,-35,35
16454,71,88,-17,17
16455,61,96,-35,35
16456,91,118,-27,27
16457,68,97,-29,29
16458,79,91,-12,12
16459,141,149,-8,8
16460,89,100,-11,11
16461,132,137,-5,5
16462,110,121,-11,11
16463,70,84,-14,14
16464,49,67,-18,18
16465,99,111,-12,12
16466,60,72,-12,12
16467,94,104,-10,10
16468,89,98,-9,9
16469,149,148,1,1
16470,78,86,-8,8
16471,133,147,-14,14
16472,134,148,-14,14
16473,65,84,-19,19
16474,117,117,0,0
16475,96,103,-7,7
16476,130,125,5,5
16477,138,141,-3,3
16478,85,98,-13,13
16479,128,132,-4,4
16480,84,97,-13,13
16481,127,125,2,2
16482,67,82,-15,15
16483,149,157,-8,8
16484,77,82,-5,5
16485,91,102,-11,11
16486,137,137,0,0
16487,142,145,-3,3
16488,68,83,-15,15
16489,129,139,-10,10
16490,120,126,-6,6
16491,38,60,-22,22
16492,109,119,-10,10
16493,101,106,-5,5
16494,66,113,-47,47
16495,61,82,-21,21
16496,107,116,-9,9
16497,112,111,1,1
16498,114,138,-24,24
16499,96,108,-12,12
16500,136,141,-5,5
16501,60,75,-15,15
16502,108,110,-2,2
16503,109,127,-18,18
16504,98,107,-9,9
16505,53,84,-31,31
16506,68,75,-7,7
16507,114,122,-8,8
16508,181,177,4,4
16509,121,126,-5,5
16510,67,83,-16,16
16511,78,85,-7,7
16512,74,86,-12,12
16513,47,61,-14,14
16514,113,131,-18,18
16515,41,57,-16,16
16516,57,76,-19,19
16517,68,75,-7,7
16518,88,103,-15,15
16519,76,108,-32,32
16520,96,106,-10,10
16521,45,64,-19,19
16522,119,125,-6,6
16523,104,117,-13,13
16524,111,118,-7,7
16525,62,72,-10,10
16526,94,105,-11,11
16527,86,97,-11,11
16528,78,100,-22,22
16529,132,139,-7,7
16530,105,112,-7,7
16531,141,133,8,8
16532,59,77,-18,18
16533,205,170,35,35
16534,91,107,-16,16
16535,87,117,-30,30
16536,87,99,-12,12
16537,102,101,1,1
16538,94,98,-4,4
16539,77,91,-14,14
16540,61,73,-12,12
16541,152,146,6,6
16542,85,97,-12,12
16543,120,124,-4,4
16544,83,100,-17,17
16545,135,139,-4,4
16546,52,67,-15,15
16547,79,92,-13,13
16548,50,68,-18,18
16549,152,147,5,5
16550,80,86,-6,6
16551,83,98,-15,15
16552,163,160,3,3
16553,75,96,-21,21
16554,72,88,-16,16
16555,93,105,-12,12
16556,118,120,-2,2
16557,84,100,-16,16
16558,72,85,-13,13
16559,75,89,-14,14
16560,79,96,-17,17
16561,84,105,-21,21
16562,88,101,-13,13
16563,99,106,-7,7
16564,59,78,-19,19
16565,112,120,-8,8
16566,128,125,3,3
16567,115,124,-9,9
16568,101,125,-24,24
16569,60,73,-13,13
16570,80,101,-21,21
16571,134,142,-8,8
16572,72,84,-12,12
16573,160,149,11,11
16574,123,131,-8,8
16575,111,117,-6,6
16576,61,81,-20,20
16577,68,88,-20,20
16578,131,147,-16,16
16579,135,134,1,1
16580,217,218,-1,1
16581,56,67,-11,11
16582,86,104,-18,18
16583,104,118,-14,14
16584,87,110,-23,23
16585,76,90,-14,14
16586,137,138,-1,1
16587,86,98,-12,12
16588,53,68,-15,15
16589,82,96,-14,14
16590,52,64,-12,12
16591,85,93,-8,8
16592,110,115,-5,5
16593,58,72,-14,14
16594,103,115,-12,12
16595,40,57,-17,17
16596,70,85,-15,15
16597,50,64,-14,14
16598,69,85,-16,16
16599,108,123,-15,15
16600,82,87,-5,5
16601,138,137,1,1
16602,103,112,-9,9
16603,119,122,-3,3
16604,111,113,-2,2
16605,154,148,6,6
16606,131,136,-5,5
16607,67,83,-16,16
16608,76,84,-8,8
16609,104,112,-8,8
16610,134,131,3,3
16611,41,67,-26,26
16612,54,68,-14,14
16613,116,121,-5,5
16614,58,76,-18,18
16615,74,96,-22,22
16616,101,113,-12,12
16617,62,77,-15,15
16618,141,145,-4,4
16619,93,97,-4,4
16620,98,105,-7,7
16621,88,114,-26,26
16622,33,54,-21,21
16623,115,142,-27,27
16624,86,100,-14,14
16625,156,148,8,8
16626,66,78,-12,12
16627,93,102,-9,9
16628,61,73,-12,12
16629,128,134,-6,6
16630,161,148,13,13
16631,51,70,-19,19
16632,59,83,-24,24
16633,97,106,-9,9
16634,157,147,10,10
16635,91,106,-15,15
16636,67,72,-5,5
16637,90,103,-13,13
16638,82,91,-9,9
16639,104,112,-8,8
16640,96,103,-7,7
16641,122,135,-13,13
16642,86,95,-9,9
16643,126,142,-16,16
16644,87,93,-6,6
16645,77,98,-21,21
16646,117,119,-2,2
16647,144,140,4,4
16648,86,90,-4,4
16649,61,72,-11,11
16650,79,112,-33,33
16651,96,106,-10,10
16652,89,107,-18,18
16653,89,106,-17,17
16654,110,119,-9,9
16655,87,91,-4,4
16656,39,60,-21,21
16657,98,106,-8,8
16658,151,148,3,3
16659,89,102,-13,13
16660,67,81,-14,14
16661,71,82,-11,11
16662,119,121,-2,2
16663,86,98,-12,12
16664,147,147,0,0
16665,51,63,-12,12
16666,83,110,-27,27
16667,83,98,-15,15
16668,54,71,-17,17
16669,138,136,2,2
16670,64,79,-15,15
16671,80,93,-13,13
16672,58,78,-20,20
16673,92,99,-7,7
16674,56,89,-33,33
16675,114,131,-17,17
16676,58,74,-16,16
16677,51,69,-18,18
16678,111,117,-6,6
16679,66,89,-23,23
16680,64,80,-16,16
16681,99,117,-18,18
16682,73,83,-10,10
16683,110,108,2,2
16684,99,120,-21,21
16685,92,98,-6,6
16686,57,70,-13,13
16687,138,140,-2,2
16688,156,156,0,0
16689,113,119,-6,6
16690,37,58,-21,21
16691,119,124,-5,5
16692,109,123,-14,14
16693,137,141,-4,4
16694,187,149,38,38
16695,77,97,-20,20
16696,78,86,-8,8
16697,89,104,-15,15
16698,144,149,-5,5
16699,111,121,-10,10
16700,46,70,-24,24
16701,119,128,-9,9
16702,89,89,0,0
16703,85,87,-2,2
16704,155,147,8,8
16705,164,164,0,0
16706,176,163,13,13
16707,61,77,-16,16
16708,143,150,-7,7
16709,66,72,-6,6
16710,138,134,4,4
16711,107,115,-8,8
16712,80,91,-11,11
16713,95,99,-4,4
16714,94,117,-23,23
16715,90,99,-9,9
16716,65,80,-15,15
16717,75,93,-18,18
16718,54,73,-19,19
16719,84,97,-13,13
16720,129,127,2,2
16721,142,133,9,9
16722,96,112,-16,16
16723,112,122,-10,10
16724,93,95,-2,2
16725,57,75,-18,18
16726,36,64,-28,28
16727,46,67,-21,21
16728,94,109,-15,15
16729,57,71,-14,14
16730,106,122,-16,16
16731,130,141,-11,11
16732,62,80,-18,18
16733,89,102,-13,13
16734,137,138,-1,1
16735,107,123,-16,16
16736,58,72,-14,14
16737,73,82,-9,9
16738,86,100,-14,14
16739,103,113,-10,10
16740,121,130,-9,9
16741,66,75,-9,9
16742,87,101,-14,14
16743,59,67,-8,8
16744,109,122,-13,13
16745,79,100,-21,21
16746,68,81,-13,13
16747,66,84,-18,18
16748,72,90,-18,18
16749,100,106,-6,6
16750,102,113,-11,11
16751,55,73,-18,18
16752,98,114,-16,16
16753,107,115,-8,8
16754,77,84,-7,7
16755,76,96,-20,20
16756,65,77,-12,12
16757,134,125,9,9
16758,39,67,-28,28
16759,123,135,-12,12
16760,64,77,-13,13
16761,105,111,-6,6
16762,66,81,-15,15
16763,203,190,13,13
16764,144,135,9,9
16765,75,92,-17,17
16766,106,111,-5,5
16767,104,111,-7,7
16768,73,94,-21,21
16769,83,89,-6,6
16770,81,107,-26,26
16771,83,96,-13,13
16772,100,119,-19,19
16773,103,104,-1,1
16774,76,89,-13,13
16775,66,86,-20,20
16776,72,83,-11,11
16777,87,110,-23,23
16778,81,100,-19,19
16779,109,119,-10,10
16780,103,105,-2,2
16781,112,134,-22,22
16782,170,158,12,12
16783,89,100,-11,11
16784,73,92,-19,19
16785,59,75,-16,16
16786,135,142,-7,7
16787,61,79,-18,18
16788,78,93,-15,15
16789,125,126,-1,1
16790,64,87,-23,23
16791,54,73,-19,19
16792,119,122,-3,3
16793,92,108,-16,16
16794,117,121,-4,4
16795,88,93,-5,5
16796,99,105,-6,6
16797,48,65,-17,17
16798,123,133,-10,10
16799,113,126,-13,13
16800,98,111,-13,13
16801,66,78,-12,12
16802,82,90,-8,8
16803,38,72,-34,34
16804,86,105,-19,19
16805,135,148,-13,13
16806,140,144,-4,4
16807,73,85,-12,12
16808,95,106,-11,11
16809,40,59,-19,19
16810,67,100,-33,33
16811,160,153,7,7
16812,121,125,-4,4
16813,104,100,4,4
16814,98,108,-10,10
16815,125,128,-3,3
16816,119,117,2,2
16817,109,123,-14,14
16818,73,86,-13,13
16819,212,182,30,30
16820,81,88,-7,7
16821,104,109,-5,5
16822,44,63,-19,19
16823,82,80,2,2
16824,181,154,27,27
16825,50,65,-15,15
16826,90,114,-24,24
16827,87,95,-8,8
16828,76,101,-25,25
16829,211,200,11,11
16830,104,107,-3,3
16831,114,120,-6,6
16832,143,148,-5,5
16833,142,147,-5,5
16834,153,164,-11,11
16835,60,73,-13,13
16836,60,76,-16,16
16837,111,106,5,5
16838,143,152,-9,9
16839,76,90,-14,14
16840,73,87,-14,14
16841,76,81,-5,5
16842,75,84,-9,9
16843,58,76,-18,18
16844,57,69,-12,12
16845,112,116,-4,4
16846,151,144,7,7
16847,51,63,-12,12
16848,64,82,-18,18
16849,80,93,-13,13
16850,89,97,-8,8
16851,155,150,5,5
16852,97,107,-10,10
16853,82,98,-16,16
16854,122,124,-2,2
16855,110,123,-13,13
16856,91,95,-4,4
16857,27,75,-48,48
16858,55,69,-14,14
16859,107,112,-5,5
16860,61,77,-16,16
16861,67,87,-20,20
16862,111,128,-17,17
16863,95,106,-11,11
16864,129,136,-7,7
16865,165,177,-12,12
16866,139,140,-1,1
16867,97,142,-45,45
16868,88,97,-9,9
16869,64,89,-25,25
16870,83,91,-8,8
16871,118,126,-8,8
16872,81,91,-10,10
16873,78,92,-14,14
16874,164,161,3,3
16875,60,78,-18,18
16876,23,49,-26,26
16877,60,77,-17,17
16878,58,81,-23,23
16879,102,116,-14,14
16880,100,110,-10,10
16881,103,117,-14,14
16882,98,102,-4,4
16883,136,143,-7,7
16884,110,117,-7,7
16885,95,103,-8,8
16886,113,122,-9,9
16887,143,154,-11,11
16888,141,147,-6,6
16889,117,122,-5,5
16890,63,85,-22,22
16891,83,85,-2,2
16892,52,68,-16,16
16893,95,115,-20,20
16894,85,104,-19,19
16895,75,95,-20,20
16896,137,139,-2,2
16897,81,95,-14,14
16898,55,73,-18,18
16899,128,125,3,3
16900,135,126,9,9
16901,107,111,-4,4
16902,68,85,-17,17
16903,95,107,-12,12
16904,131,133,-2,2
16905,106,116,-10,10
16906,84,110,-26,26
16907,120,131,-11,11
16908,69,81,-12,12
16909,93,113,-20,20
16910,100,108,-8,8
16911,152,147,5,5
16912,139,149,-10,10
16913,109,118,-9,9
16914,122,129,-7,7
16915,70,84,-14,14
16916,89,96,-7,7
16917,81,85,-4,4
16918,59,74,-15,15
16919,74,86,-12,12
16920,121,116,5,5
16921,88,94,-6,6
16922,72,104,-32,32
16923,107,115,-8,8
16924,47,75,-28,28
16925,105,111,-6,6
16926,61,84,-23,23
16927,116,120,-4,4
16928,110,116,-6,6
16929,63,74,-11,11
16930,121,125,-4,4
16931,52,68,-16,16
16932,92,99,-7,7
16933,102,127,-25,25
16934,86,99,-13,13
16935,171,187,-16,16
16936,97,111,-14,14
16937,105,107,-2,2
16938,127,134,-7,7
16939,84,106,-22,22
16940,99,104,-5,5
16941,65,76,-11,11
16942,86,86,0,0
16943,107,108,-1,1
16944,84,93,-9,9
16945,136,134,2,2
16946,82,91,-9,9
16947,52,70,-18,18
16948,103,126,-23,23
16949,102,112,-10,10
16950,126,127,-1,1
16951,185,166,19,19
16952,143,144,-1,1
16953,48,75,-27,27
16954,142,135,7,7
16955,58,78,-20,20
16956,164,160,4,4
16957,95,105,-10,10
16958,191,185,6,6
16959,115,126,-11,11
16960,58,75,-17,17
16961,121,126,-5,5
16962,101,107,-6,6
16963,79,95,-16,16
16964,84,100,-16,16
16965,69,80,-11,11
16966,153,153,0,0
16967,67,85,-18,18
16968,69,95,-26,26
16969,71,89,-18,18
16970,94,110,-16,16
16971,110,120,-10,10
16972,105,116,-11,11
16973,88,105,-17,17
16974,93,106,-13,13
16975,70,82,-12,12
16976,65,84,-19,19
16977,62,79,-17,17
16978,120,121,-1,1
16979,55,72,-17,17
16980,73,89,-16,16
16981,102,109,-7,7
16982,71,85,-14,14
16983,111,138,-27,27
16984,156,152,4,4
16985,89,105,-16,16
16986,67,80,-13,13
16987,71,89,-18,18
16988,71,84,-13,13
16989,108,118,-10,10
16990,72,86,-14,14
16991,80,90,-10,10
16992,104,104,0,0
16993,111,122,-11,11
16994,58,70,-12,12
16995,68,79,-11,11
16996,92,99,-7,7
16997,161,151,10,10
16998,107,107,0,0
16999,66,89,-23,23
17000,76,95,-19,19
17001,105,112,-7,7
17002,140,138,2,2
17003,77,88,-11,11
17004,70,88,-18,18
17005,133,134,-1,1
17006,50,72,-22,22
17007,66,81,-15,15
17008,60,82,-22,22
17009,72,91,-19,19
17010,123,131,-8,8
17011,88,98,-10,10
17012,110,119,-9,9
17013,94,104,-10,10
17014,88,97,-9,9
17015,82,89,-7,7
17016,107,132,-25,25
17017,69,79,-10,10
17018,85,102,-17,17
17019,81,97,-16,16
17020,57,79,-22,22
17021,124,124,0,0
17022,126,134,-8,8
17023,59,68,-9,9
17024,78,91,-13,13
17025,112,125,-13,13
17026,87,108,-21,21
17027,101,112,-11,11
17028,101,110,-9,9
17029,150,149,1,1
17030,135,131,4,4
17031,146,148,-2,2
17032,61,77,-16,16
17033,103,111,-8,8
17034,134,133,1,1
17035,68,87,-19,19
17036,84,90,-6,6
17037,59,78,-19,19
17038,115,122,-7,7
17039,98,94,4,4
17040,118,141,-23,23
17041,97,110,-13,13
17042,94,116,-22,22
17043,143,140,3,3
17044,119,127,-8,8
17045,82,103,-21,21
17046,86,104,-18,18
17047,79,97,-18,18
17048,178,180,-2,2
17049,151,145,6,6
17050,133,136,-3,3
17051,71,88,-17,17
17052,56,69,-13,13
17053,61,77,-16,16
17054,69,88,-19,19
17055,95,111,-16,16
17056,98,105,-7,7
17057,88,101,-13,13
17058,86,102,-16,16
17059,79,99,-20,20
17060,77,87,-10,10
17061,88,113,-25,25
17062,110,115,-5,5
17063,138,146,-8,8
17064,98,118,-20,20
17065,99,109,-10,10
17066,73,87,-14,14
17067,143,145,-2,2
17068,44,61,-17,17
17069,136,135,1,1
17070,150,146,4,4
17071,125,133,-8,8
17072,134,137,-3,3
17073,93,110,-17,17
17074,107,113,-6,6
17075,38,60,-22,22
17076,133,150,-17,17
17077,151,149,2,2
17078,104,119,-15,15
17079,83,94,-11,11
17080,124,121,3,3
17081,161,157,4,4
17082,72,85,-13,13
17083,77,94,-17,17
17084,111,121,-10,10
17085,107,119,-12,12
17086,107,122,-15,15
17087,98,113,-15,15
17088,168,160,8,8
17089,100,106,-6,6
17090,70,85,-15,15
17091,68,80,-12,12
17092,74,79,-5,5
17093,129,138,-9,9
17094,121,132,-11,11
17095,69,83,-14,14
17096,121,132,-11,11
17097,103,111,-8,8
17098,187,182,5,5
17099,61,74,-13,13
17100,81,90,-9,9
17101,117,134,-17,17
17102,46,64,-18,18
17103,77,89,-12,12
17104,85,102,-17,17
17105,47,66,-19,19
17106,81,94,-13,13
17107,99,102,-3,3
17108,152,156,-4,4
17109,58,84,-26,26
17110,45,70,-25,25
17111,87,97,-10,10
17112,100,99,1,1
17113,41,56,-15,15
17114,184,156,28,28
17115,72,87,-15,15
17116,38,57,-19,19
17117,79,110,-31,31
17118,98,98,0,0
17119,71,84,-13,13
17120,62,77,-15,15
17121,90,92,-2,2
17122,97,97,0,0
17123,52,68,-16,16
17124,74,79,-5,5
17125,154,149,5,5
17126,99,106,-7,7
17127,44,58,-14,14
17128,85,92,-7,7
17129,128,136,-8,8
17130,128,125,3,3
17131,78,104,-26,26
17132,62,77,-15,15
17133,112,130,-18,18
17134,63,83,-20,20
17135,88,98,-10,10
17136,51,64,-13,13
17137,129,136,-7,7
17138,65,82,-17,17
17139,56,71,-15,15
17140,102,109,-7,7
17141,87,95,-8,8
17142,129,138,-9,9
17143,61,79,-18,18
17144,79,91,-12,12
17145,57,82,-25,25
17146,171,153,18,18
17147,90,103,-13,13
17148,96,102,-6,6
17149,91,102,-11,11
17150,47,68,-21,21
17151,87,111,-24,24
17152,86,116,-30,30
17153,133,142,-9,9
17154,133,137,-4,4
17155,89,106,-17,17
17156,64,74,-10,10
17157,54,71,-17,17
17158,99,125,-26,26
17159,91,103,-12,12
17160,76,94,-18,18
17161,75,87,-12,12
17162,72,79,-7,7
17163,107,126,-19,19
17164,39,55,-16,16
17165,99,106,-7,7
17166,121,125,-4,4
17167,89,96,-7,7
17168,132,139,-7,7
17169,108,129,-21,21
17170,84,87,-3,3
17171,104,113,-9,9
17172,68,86,-18,18
17173,55,74,-19,19
17174,74,81,-7,7
17175,85,96,-11,11
17176,63,75,-12,12
17177,77,91,-14,14
17178,103,115,-12,12
17179,66,80,-14,14
17180,77,81,-4,4
17181,112,113,-1,1
17182,127,145,-18,18
17183,100,113,-13,13
17184,59,80,-21,21
17185,111,114,-3,3
17186,29,50,-21,21
17187,77,88,-11,11
17188,98,115,-17,17
17189,108,119,-11,11
17190,196,191,5,5
17191,79,92,-13,13
17192,150,150,0,0
17193,99,107,-8,8
17194,73,85,-12,12
17195,75,84,-9,9
17196,62,83,-21,21
17197,77,93,-16,16
17198,100,102,-2,2
17199,139,144,-5,5
17200,80,89,-9,9
17201,151,134,17,17
17202,125,134,-9,9
17203,70,90,-20,20
17204,141,143,-2,2
17205,76,98,-22,22
17206,74,96,-22,22
17207,108,109,-1,1
17208,146,137,9,9
17209,65,78,-13,13
17210,92,112,-20,20
17211,98,106,-8,8
17212,112,131,-19,19
17213,155,147,8,8
17214,109,113,-4,4
17215,127,131,-4,4
17216,40,67,-27,27
17217,106,126,-20,20
17218,106,125,-19,19
17219,68,79,-11,11
17220,73,87,-14,14
17221,69,87,-18,18
17222,93,104,-11,11
17223,95,110,-15,15
17224,99,111,-12,12
17225,108,114,-6,6
17226,77,88,-11,11
17227,76,90,-14,14
17228,102,111,-9,9
17229,117,123,-6,6
17230,88,98,-10,10
17231,82,95,-13,13
17232,99,106,-7,7
17233,147,141,6,6
17234,66,79,-13,13
17235,79,83,-4,4
17236,62,91,-29,29
17237,175,159,16,16
17238,101,113,-12,12
17239,64,83,-19,19
17240,74,88,-14,14
17241,72,101,-29,29
17242,64,81,-17,17
17243,73,85,-12,12
17244,48,72,-24,24
17245,186,169,17,17
17246,100,135,-35,35
17247,120,125,-5,5
17248,53,77,-24,24
17249,120,122,-2,2
17250,98,120,-22,22
17251,34,56,-22,22
17252,97,101,-4,4
17253,118,120,-2,2
17254,128,123,5,5
17255,90,100,-10,10
17256,63,80,-17,17
17257,160,149,11,11
17258,177,152,25,25
17259,185,178,7,7
17260,104,117,-13,13
17261,68,79,-11,11
17262,119,131,-12,12
17263,110,112,-2,2
17264,67,77,-10,10
17265,56,74,-18,18
17266,160,152,8,8
17267,103,131,-28,28
17268,68,83,-15,15
17269,112,126,-14,14
17270,75,85,-10,10
17271,101,115,-14,14
17272,89,120,-31,31
17273,57,82,-25,25
17274,65,80,-15,15
17275,95,113,-18,18
17276,93,107,-14,14
17277,100,109,-9,9
17278,127,140,-13,13
17279,105,109,-4,4
17280,58,67,-9,9
17281,70,88,-18,18
17282,146,149,-3,3
17283,90,97,-7,7
17284,75,88,-13,13
17285,92,102,-10,10
17286,122,129,-7,7
17287,77,91,-14,14
17288,50,69,-19,19
17289,69,90,-21,21
17290,36,59,-23,23
17291,97,101,-4,4
17292,81,99,-18,18
17293,127,145,-18,18
17294,142,147,-5,5
17295,98,116,-18,18
17296,91,94,-3,3
17297,84,96,-12,12
17298,94,106,-12,12
17299,71,92,-21,21
17300,87,96,-9,9
17301,109,114,-5,5
17302,58,67,-9,9
17303,63,80,-17,17
17304,65,81,-16,16
17305,45,58,-13,13
17306,87,89,-2,2
17307,64,81,-17,17
17308,82,99,-17,17
17309,156,154,2,2
17310,138,130,8,8
17311,76,90,-14,14
17312,134,138,-4,4
17313,115,123,-8,8
17314,92,105,-13,13
17315,126,133,-7,7
17316,103,121,-18,18
17317,56,77,-21,21
17318,125,145,-20,20
17319,108,109,-1,1
17320,69,84,-15,15
17321,151,149,2,2
17322,88,105,-17,17
17323,101,108,-7,7
17324,165,162,3,3
17325,151,143,8,8
17326,82,93,-11,11
17327,65,76,-11,11
17328,93,106,-13,13
17329,102,112,-10,10
17330,71,91,-20,20
17331,66,86,-20,20
17332,101,114,-13,13
17333,109,112,-3,3
17334,67,77,-10,10
17335,150,147,3,3
17336,71,78,-7,7
17337,93,111,-18,18
17338,106,120,-14,14
17339,127,130,-3,3
17340,167,161,6,6
17341,67,87,-20,20
17342,137,143,-6,6
17343,90,101,-11,11
17344,48,69,-21,21
17345,79,86,-7,7
17346,72,91,-19,19
17347,139,145,-6,6
17348,81,100,-19,19
17349,124,132,-8,8
17350,114,117,-3,3
17351,75,92,-17,17
17352,73,87,-14,14
17353,90,90,0,0
17354,156,154,2,2
17355,107,118,-11,11
17356,88,99,-11,11
17357,135,149,-14,14
17358,120,117,3,3
17359,55,83,-28,28
17360,58,82,-24,24
17361,104,121,-17,17
17362,53,64,-11,11
17363,65,79,-14,14
17364,71,88,-17,17
17365,36,59,-23,23
17366,135,136,-1,1
17367,159,159,0,0
17368,118,117,1,1
17369,93,114,-21,21
17370,91,98,-7,7
17371,66,86,-20,20
17372,68,74,-6,6
17373,81,92,-11,11
17374,138,147,-9,9
17375,68,85,-17,17
17376,128,138,-10,10
17377,97,117,-20,20
17378,83,103,-20,20
17379,194,175,19,19
17380,63,77,-14,14
17381,68,79,-11,11
17382,68,83,-15,15
17383,89,106,-17,17
17384,103,105,-2,2
17385,113,132,-19,19
17386,95,103,-8,8
17387,93,100,-7,7
17388,68,81,-13,13
17389,57,67,-10,10
17390,58,78,-20,20
17391,174,156,18,18
17392,71,84,-13,13
17393,106,118,-12,12
17394,63,79,-16,16
17395,63,71,-8,8
17396,126,125,1,1
17397,104,115,-11,11
17398,83,97,-14,14
17399,80,95,-15,15
17400,175,162,13,13
17401,77,107,-30,30
17402,146,145,1,1
17403,78,89,-11,11
17404,114,117,-3,3
17405,86,111,-25,25
17406,149,150,-1,1
17407,170,162,8,8
17408,121,124,-3,3
17409,61,75,-14,14
17410,64,71,-7,7
17411,67,77,-10,10
17412,99,117,-18,18
17413,185,166,19,19
17414,56,80,-24,24
17415,99,107,-8,8
17416,75,99,-24,24
17417,85,91,-6,6
17418,92,99,-7,7
17419,91,97,-6,6
17420,80,83,-3,3
17421,56,83,-27,27
17422,80,88,-8,8
17423,135,143,-8,8
17424,98,130,-32,32
17425,150,155,-5,5
17426,53,76,-23,23
17427,106,114,-8,8
17428,74,90,-16,16
17429,196,177,19,19
17430,88,98,-10,10
17431,47,62,-15,15
17432,101,123,-22,22
17433,110,117,-7,7
17434,116,123,-7,7
17435,96,113,-17,17
17436,65,75,-10,10
17437,55,68,-13,13
17438,140,147,-7,7
17439,94,100,-6,6
17440,89,93,-4,4
17441,101,104,-3,3
17442,80,88,-8,8
17443,112,119,-7,7
17444,106,126,-20,20
17445,103,119,-16,16
17446,60,78,-18,18
17447,95,119,-24,24
17448,87,104,-17,17
17449,45,61,-16,16
17450,92,100,-8,8
17451,108,113,-5,5
17452,98,104,-6,6
17453,62,80,-18,18
17454,107,116,-9,9
17455,74,82,-8,8
17456,137,134,3,3
17457,75,87,-12,12
17458,66,80,-14,14
17459,100,107,-7,7
17460,129,147,-18,18
17461,79,90,-11,11
17462,111,114,-3,3
17463,88,108,-20,20
17464,63,79,-16,16
17465,95,110,-15,15
17466,74,88,-14,14
17467,108,116,-8,8
17468,115,116,-1,1
17469,96,108,-12,12
17470,146,142,4,4
17471,178,163,15,15
17472,171,159,12,12
17473,171,152,19,19
17474,151,154,-3,3
17475,90,104,-14,14
17476,94,94,0,0
17477,89,90,-1,1
17478,71,83,-12,12
17479,223,200,23,23
17480,66,80,-14,14
17481,116,124,-8,8
17482,69,83,-14,14
17483,153,148,5,5
17484,48,71,-23,23
17485,83,103,-20,20
17486,177,161,16,16
17487,70,97,-27,27
17488,80,96,-16,16
17489,77,93,-16,16
17490,69,79,-10,10
17491,81,88,-7,7
17492,115,124,-9,9
17493,96,113,-17,17
17494,94,101,-7,7
17495,46,66,-20,20
17496,88,113,-25,25
17497,90,94,-4,4
17498,89,109,-20,20
17499,65,76,-11,11
17500,78,92,-14,14
17501,76,89,-13,13
17502,116,112,4,4
17503,127,126,1,1
17504,146,150,-4,4
17505,89,110,-21,21
17506,42,75,-33,33
17507,73,81,-8,8
17508,61,75,-14,14
17509,79,88,-9,9
17510,105,112,-7,7
17511,64,79,-15,15
17512,115,125,-10,10
17513,66,85,-19,19
17514,75,89,-14,14
17515,82,93,-11,11
17516,46,73,-27,27
17517,106,120,-14,14
17518,74,93,-19,19
17519,58,86,-28,28
17520,89,102,-13,13
17521,76,85,-9,9
17522,90,94,-4,4
17523,108,115,-7,7
17524,89,110,-21,21
17525,75,85,-10,10
17526,98,104,-6,6
17527,87,91,-4,4
17528,65,81,-16,16
17529,121,119,2,2
17530,63,82,-19,19
17531,139,149,-10,10
17532,80,93,-13,13
17533,75,90,-15,15
17534,64,82,-18,18
17535,48,61,-13,13
17536,115,123,-8,8
17537,82,95,-13,13
17538,120,128,-8,8
17539,141,148,-7,7
17540,67,86,-19,19
17541,48,76,-28,28
17542,117,121,-4,4
17543,173,159,14,14
17544,74,96,-22,22
17545,53,72,-19,19
17546,33,62,-29,29
17547,79,98,-19,19
17548,76,87,-11,11
17549,119,118,1,1
17550,139,141,-2,2
17551,77,87,-10,10
17552,115,142,-27,27
17553,67,89,-22,22
17554,105,105,0,0
17555,127,134,-7,7
17556,84,96,-12,12
17557,106,119,-13,13
17558,79,99,-20,20
17559,96,111,-15,15
17560,82,88,-6,6
17561,146,147,-1,1
17562,98,113,-15,15
17563,116,131,-15,15
17564,42,62,-20,20
17565,82,97,-15,15
17566,71,85,-14,14
17567,103,106,-3,3
17568,60,76,-16,16
17569,86,98,-12,12
17570,137,134,3,3
17571,105,105,0,0
17572,68,88,-20,20
17573,94,112,-18,18
17574,190,175,15,15
17575,61,75,-14,14
17576,112,118,-6,6
17577,72,79,-7,7
17578,137,133,4,4
17579,85,99,-14,14
17580,190,180,10,10
17581,145,152,-7,7
17582,100,115,-15,15
17583,143,141,2,2
17584,81,96,-15,15
17585,58,79,-21,21
17586,79,104,-25,25
17587,119,122,-3,3
17588,63,80,-17,17
17589,106,109,-3,3
17590,111,113,-2,2
17591,90,103,-13,13
17592,134,146,-12,12
17593,129,128,1,1
17594,67,80,-13,13
17595,128,136,-8,8
17596,43,60,-17,17
17597,58,74,-16,16
17598,123,137,-14,14
17599,63,78,-15,15
17600,61,81,-20,20
17601,74,77,-3,3
17602,117,119,-2,2
17603,132,121,11,11
17604,73,76,-3,3
17605,127,133,-6,6
17606,170,163,7,7
17607,101,114,-13,13
17608,118,118,0,0
17609,73,84,-11,11
17610,82,98,-16,16
17611,100,113,-13,13
17612,62,78,-16,16
17613,80,87,-7,7
17614,50,67,-17,17
17615,68,82,-14,14
17616,163,153,10,10
17617,49,64,-15,15
17618,75,90,-15,15
17619,133,135,-2,2
17620,115,122,-7,7
17621,102,115,-13,13
17622,74,87,-13,13
17623,161,148,13,13
17624,130,141,-11,11
17625,122,122,0,0
17626,109,113,-4,4
17627,120,135,-15,15
17628,72,70,2,2
17629,90,104,-14,14
17630,80,106,-26,26
17631,103,124,-21,21
17632,134,139,-5,5
17633,93,110,-17,17
17634,82,95,-13,13
17635,184,164,20,20
17636,84,96,-12,12
17637,62,83,-21,21
17638,65,80,-15,15
17639,68,84,-16,16
17640,118,127,-9,9
17641,81,96,-15,15
17642,116,126,-10,10
17643,116,126,-10,10
17644,85,93,-8,8
17645,55,75,-20,20
17646,91,98,-7,7
17647,79,93,-14,14
17648,24,61,-37,37
17649,155,149,6,6
17650,97,100,-3,3
17651,69,89,-20,20
17652,105,116,-11,11
17653,158,155,3,3
17654,129,139,-10,10
17655,115,121,-6,6
17656,92,114,-22,22
17657,82,99,-17,17
17658,100,107,-7,7
17659,66,75,-9,9
17660,46,66,-20,20
17661,141,150,-9,9
17662,128,134,-6,6
17663,101,95,6,6
17664,103,108,-5,5
17665,75,87,-12,12
17666,125,130,-5,5
17667,50,64,-14,14
17668,67,79,-12,12
17669,91,109,-18,18
17670,95,105,-10,10
17671,133,136,-3,3
17672,124,131,-7,7
17673,59,68,-9,9
17674,138,146,-8,8
17675,132,135,-3,3
17676,109,117,-8,8
17677,72,88,-16,16
17678,84,97,-13,13
17679,107,113,-6,6
17680,73,98,-25,25
17681,76,88,-12,12
17682,122,122,0,0
17683,107,125,-18,18
17684,38,56,-18,18
17685,127,125,2,2
17686,82,91,-9,9
17687,189,167,22,22
17688,115,126,-11,11
17689,100,107,-7,7
17690,70,80,-10,10
17691,81,85,-4,4
17692,150,159,-9,9
17693,94,104,-10,10
17694,88,97,-9,9
17695,81,98,-17,17
17696,148,150,-2,2
17697,75,98,-23,23
17698,90,104,-14,14
17699,124,129,-5,5
17700,46,61,-15,15
17701,103,117,-14,14
17702,101,104,-3,3
17703,93,105,-12,12
17704,105,119,-14,14
17705,91,101,-10,10
17706,138,141,-3,3
17707,85,99,-14,14
17708,102,103,-1,1
17709,72,95,-23,23
17710,81,96,-15,15
17711,118,127,-9,9
17712,114,129,-15,15
17713,118,125,-7,7
17714,79,92,-13,13
17715,149,148,1,1
17716,74,89,-15,15
17717,46,65,-19,19
17718,76,80,-4,4
17719,80,93,-13,13
17720,124,145,-21,21
17721,126,145,-19,19
17722,57,67,-10,10
17723,91,114,-23,23
17724,206,175,31,31
17725,122,121,1,1
17726,89,104,-15,15
17727,108,119,-11,11
17728,170,156,14,14
17729,89,101,-12,12
17730,90,98,-8,8
17731,85,103,-18,18
17732,80,84,-4,4
17733,105,102,3,3
17734,84,90,-6,6
17735,97,107,-10,10
17736,60,77,-17,17
17737,39,62,-23,23
17738,103,107,-4,4
17739,122,134,-12,12
17740,105,120,-15,15
17741,72,92,-20,20
17742,72,92,-20,20
17743,126,128,-2,2
17744,113,114,-1,1
17745,88,98,-10,10
17746,121,129,-8,8
17747,88,102,-14,14
17748,72,82,-10,10
17749,65,91,-26,26
17750,74,90,-16,16
17751,112,123,-11,11
17752,53,68,-15,15
17753,138,142,-4,4
17754,108,118,-10,10
17755,65,79,-14,14
17756,72,90,-18,18
17757,122,125,-3,3
17758,48,74,-26,26
17759,93,101,-8,8
17760,124,126,-2,2
17761,92,107,-15,15
17762,66,82,-16,16
17763,69,81,-12,12
17764,144,154,-10,10
17765,103,114,-11,11
17766,96,104,-8,8
17767,107,116,-9,9
17768,129,137,-8,8
17769,60,74,-14,14
17770,72,82,-10,10
17771,53,69,-16,16
17772,117,110,7,7
17773,109,124,-15,15
17774,73,88,-15,15
17775,121,125,-4,4
17776,193,181,12,12
17777,69,88,-19,19
17778,80,83,-3,3
17779,135,129,6,6
17780,47,63,-16,16
17781,75,84,-9,9
17782,135,148,-13,13
17783,97,107,-10,10
17784,76,92,-16,16
17785,108,114,-6,6
17786,110,122,-12,12
17787,87,105,-18,18
17788,59,72,-13,13
17789,163,154,9,9
17790,80,99,-19,19
17791,169,158,11,11
17792,91,107,-16,16
17793,122,127,-5,5
17794,97,109,-12,12
17795,63,81,-18,18
17796,139,148,-9,9
17797,76,88,-12,12
17798,80,91,-11,11
17799,79,87,-8,8
17800,112,119,-7,7
17801,94,101,-7,7
17802,103,114,-11,11
17803,53,74,-21,21
17804,70,88,-18,18
17805,156,154,2,2
17806,29,74,-45,45
17807,128,142,-14,14
17808,125,130,-5,5
17809,126,120,6,6
17810,50,85,-35,35
17811,152,150,2,2
17812,195,161,34,34
17813,76,95,-19,19
17814,87,98,-11,11
17815,80,88,-8,8
17816,66,81,-15,15
17817,72,84,-12,12
17818,104,123,-19,19
17819,67,78,-11,11
17820,109,120,-11,11
17821,146,147,-1,1
17822,59,80,-21,21
17823,78,87,-9,9
17824,73,84,-11,11
17825,139,144,-5,5
17826,103,108,-5,5
17827,112,129,-17,17
17828,99,103,-4,4
17829,68,88,-20,20
17830,53,69,-16,16
17831,152,138,14,14
17832,55,68,-13,13
17833,96,114,-18,18
17834,78,92,-14,14
17835,69,104,-35,35
17836,54,67,-13,13
17837,118,128,-10,10
17838,120,119,1,1
17839,45,75,-30,30
17840,94,103,-9,9
17841,141,146,-5,5
17842,81,100,-19,19
17843,85,111,-26,26
17844,100,117,-17,17
17845,104,116,-12,12
17846,189,162,27,27
17847,79,87,-8,8
17848,98,109,-11,11
17849,53,69,-16,16
17850,139,139,0,0
17851,96,125,-29,29
17852,75,85,-10,10
17853,74,92,-18,18
17854,142,147,-5,5
17855,135,152,-17,17
17856,40,56,-16,16
17857,176,157,19,19
17858,55,71,-16,16
17859,70,93,-23,23
17860,71,87,-16,16
17861,55,77,-22,22
17862,168,161,7,7
17863,146,144,2,2
17864,111,123,-12,12
17865,117,111,6,6
17866,64,77,-13,13
17867,106,108,-2,2
17868,110,109,1,1
17869,79,93,-14,14
17870,95,103,-8,8
17871,121,126,-5,5
17872,129,137,-8,8
17873,98,103,-5,5
17874,60,74,-14,14
17875,53,70,-17,17
17876,121,122,-1,1
17877,112,141,-29,29
17878,54,72,-18,18
17879,76,90,-14,14
17880,126,143,-17,17
17881,131,130,1,1
17882,45,66,-21,21
17883,135,140,-5,5
17884,95,97,-2,2
17885,80,83,-3,3
17886,96,105,-9,9
17887,143,141,2,2
17888,59,75,-16,16
17889,140,147,-7,7
17890,73,88,-15,15
17891,109,125,-16,16
17892,116,140,-24,24
17893,42,61,-19,19
17894,44,59,-15,15
17895,151,150,1,1
17896,109,127,-18,18
17897,106,104,2,2
17898,131,122,9,9
17899,139,138,1,1
17900,77,87,-10,10
17901,127,132,-5,5
17902,79,102,-23,23
17903,140,147,-7,7
17904,63,75,-12,12
17905,121,135,-14,14
17906,65,78,-13,13
17907,146,152,-6,6
17908,110,113,-3,3
17909,101,116,-15,15
17910,35,57,-22,22
17911,105,108,-3,3
17912,154,156,-2,2
17913,72,84,-12,12
17914,98,112,-14,14
17915,126,140,-14,14
17916,142,147,-5,5
17917,98,125,-27,27
17918,82,100,-18,18
17919,86,112,-26,26
17920,79,85,-6,6
17921,111,110,1,1
17922,74,83,-9,9
17923,58,71,-13,13
17924,48,62,-14,14
17925,74,83,-9,9
17926,123,129,-6,6
17927,40,55,-15,15
17928,80,82,-2,2
17929,63,72,-9,9
17930,115,122,-7,7
17931,107,118,-11,11
17932,80,89,-9,9
17933,85,97,-12,12
17934,166,157,9,9
17935,71,91,-20,20
17936,56,79,-23,23
17937,48,72,-24,24
17938,96,101,-5,5
17939,54,71,-17,17
17940,124,134,-10,10
17941,92,104,-12,12
17942,51,69,-18,18
17943,62,78,-16,16
17944,89,100,-11,11
17945,141,138,3,3
17946,87,85,2,2
17947,75,98,-23,23
17948,81,89,-8,8
17949,65,96,-31,31
17950,90,95,-5,5
17951,85,94,-9,9
17952,71,89,-18,18
17953,61,79,-18,18
17954,104,116,-12,12
17955,98,116,-18,18
17956,68,84,-16,16
17957,77,81,-4,4
17958,90,99,-9,9
17959,71,95,-24,24
17960,59,84,-25,25
17961,109,112,-3,3
17962,105,118,-13,13
17963,175,159,16,16
17964,83,103,-20,20
17965,139,141,-2,2
17966,68,83,-15,15
17967,88,104,-16,16
17968,75,85,-10,10
17969,104,119,-15,15
17970,126,126,0,0
17971,91,103,-12,12
17972,94,106,-12,12
17973,89,100,-11,11
17974,41,61,-20,20
17975,91,120,-29,29
17976,81,92,-11,11
17977,72,84,-12,12
17978,146,139,7,7
17979,80,93,-13,13
17980,141,133,8,8
17981,104,105,-1,1
17982,111,119,-8,8
17983,115,130,-15,15
17984,67,77,-10,10
17985,132,136,-4,4
17986,118,130,-12,12
17987,79,85,-6,6
17988,67,90,-23,23
17989,158,144,14,14
17990,90,99,-9,9
17991,78,96,-18,18
17992,52,73,-21,21
17993,67,82,-15,15
17994,57,88,-31,31
17995,93,104,-11,11
17996,73,81,-8,8
17997,100,117,-17,17
17998,150,141,9,9
17999,68,80,-12,12
18000,74,92,-18,18
18001,100,110,-10,10
18002,92,112,-20,20
18003,101,117,-16,16
18004,96,98,-2,2
18005,161,151,10,10
18006,71,88,-17,17
18007,97,108,-11,11
18008,62,77,-15,15
18009,70,87,-17,17
18010,106,110,-4,4
18011,67,87,-20,20
18012,56,76,-20,20
18013,75,81,-6,6
18014,47,65,-18,18
18015,78,92,-14,14
18016,62,72,-10,10
18017,68,87,-19,19
18018,106,110,-4,4
18019,125,126,-1,1
18020,84,113,-29,29
18021,107,117,-10,10
18022,63,74,-11,11
18023,76,102,-26,26
18024,98,100,-2,2
18025,139,131,8,8
18026,94,109,-15,15
18027,142,148,-6,6
18028,121,128,-7,7
18029,79,91,-12,12
18030,123,135,-12,12
18031,82,96,-14,14
18032,174,165,9,9
18033,116,134,-18,18
18034,51,70,-19,19
18035,157,148,9,9
18036,57,75,-18,18
18037,71,77,-6,6
18038,30,52,-22,22
18039,102,113,-11,11
18040,140,134,6,6
18041,156,156,0,0
18042,44,59,-15,15
18043,157,150,7,7
18044,91,103,-12,12
18045,111,128,-17,17
18046,107,120,-13,13
18047,83,99,-16,16
18048,83,96,-13,13
18049,103,108,-5,5
18050,84,90,-6,6
18051,79,92,-13,13
18052,119,114,5,5
18053,66,91,-25,25
18054,34,62,-28,28
18055,134,140,-6,6
18056,108,116,-8,8
18057,60,84,-24,24
18058,33,53,-20,20
18059,105,121,-16,16
18060,71,90,-19,19
18061,92,108,-16,16
18062,62,76,-14,14
18063,54,73,-19,19
18064,85,108,-23,23
18065,154,146,8,8
18066,109,112,-3,3
18067,120,148,-28,28
18068,55,68,-13,13
18069,102,126,-24,24
18070,58,70,-12,12
18071,34,54,-20,20
18072,91,104,-13,13
18073,110,115,-5,5
18074,117,118,-1,1
18075,102,137,-35,35
18076,95,103,-8,8
18077,38,61,-23,23
18078,88,104,-16,16
18079,107,104,3,3
18080,113,124,-11,11
18081,58,74,-16,16
18082,56,78,-22,22
18083,68,85,-17,17
18084,59,73,-14,14
18085,169,167,2,2
18086,70,77,-7,7
18087,117,126,-9,9
18088,84,94,-10,10
18089,150,155,-5,5
18090,123,140,-17,17
18091,72,88,-16,16
18092,108,122,-14,14
18093,87,95,-8,8
18094,123,150,-27,27
18095,79,94,-15,15
18096,112,138,-26,26
18097,77,91,-14,14
18098,123,134,-11,11
18099,109,126,-17,17
18100,82,88,-6,6
18101,57,74,-17,17
18102,120,120,0,0
18103,117,131,-14,14
18104,53,67,-14,14
18105,72,91,-19,19
18106,90,95,-5,5
18107,92,118,-26,26
18108,88,94,-6,6
18109,55,87,-32,32
18110,62,70,-8,8
18111,108,120,-12,12
18112,85,88,-3,3
18113,66,96,-30,30
18114,165,164,1,1
18115,124,151,-27,27
18116,75,96,-21,21
18117,54,68,-14,14
18118,141,145,-4,4
18119,67,81,-14,14
18120,94,109,-15,15
18121,102,122,-20,20
18122,119,133,-14,14
18123,53,72,-19,19
18124,122,143,-21,21
18125,60,78,-18,18
18126,88,104,-16,16
18127,101,115,-14,14
18128,64,77,-13,13
18129,48,78,-30,30
18130,75,82,-7,7
18131,53,89,-36,36
18132,123,124,-1,1
18133,90,97,-7,7
18134,137,147,-10,10
18135,95,111,-16,16
18136,88,115,-27,27
18137,106,122,-16,16
18138,155,149,6,6
18139,75,84,-9,9
18140,62,78,-16,16
18141,91,97,-6,6
18142,58,69,-11,11
18143,51,76,-25,25
18144,120,132,-12,12
18145,94,107,-13,13
18146,112,120,-8,8
18147,84,109,-25,25
18148,67,85,-18,18
18149,83,96,-13,13
18150,162,152,10,10
18151,122,132,-10,10
18152,36,57,-21,21
18153,127,140,-13,13
18154,75,102,-27,27
18155,119,114,5,5
18156,147,150,-3,3
18157,105,112,-7,7
18158,55,73,-18,18
18159,90,99,-9,9
18160,57,71,-14,14
18161,100,111,-11,11
18162,63,75,-12,12
18163,58,79,-21,21
18164,140,149,-9,9
18165,107,114,-7,7
18166,71,91,-20,20
18167,145,149,-4,4
18168,64,85,-21,21
18169,94,94,0,0
18170,71,87,-16,16
18171,68,86,-18,18
18172,109,113,-4,4
18173,67,83,-16,16
18174,81,92,-11,11
18175,101,107,-6,6
18176,135,131,4,4
18177,60,70,-10,10
18178,154,148,6,6
18179,131,127,4,4
18180,97,102,-5,5
18181,65,79,-14,14
18182,132,134,-2,2
18183,95,110,-15,15
18184,97,101,-4,4
18185,122,124,-2,2
18186,80,104,-24,24
18187,89,93,-4,4
18188,97,100,-3,3
18189,106,118,-12,12
18190,101,112,-11,11
18191,116,136,-20,20
18192,70,99,-29,29
18193,44,62,-18,18
18194,149,149,0,0
18195,95,109,-14,14
18196,79,91,-12,12
18197,114,121,-7,7
18198,77,87,-10,10
18199,121,126,-5,5
18200,80,92,-12,12
18201,117,122,-5,5
18202,150,147,3,3
18203,85,94,-9,9
18204,72,95,-23,23
18205,112,117,-5,5
18206,91,99,-8,8
18207,61,72,-11,11
18208,126,131,-5,5
18209,78,91,-13,13
18210,129,137,-8,8
18211,71,85,-14,14
18212,72,92,-20,20
18213,166,159,7,7
18214,134,137,-3,3
18215,36,55,-19,19
18216,63,83,-20,20
18217,73,84,-11,11
18218,88,101,-13,13
18219,88,106,-18,18
18220,113,129,-16,16
18221,138,140,-2,2
18222,88,85,3,3
18223,127,141,-14,14
18224,216,201,15,15
18225,108,120,-12,12
18226,137,144,-7,7
18227,66,93,-27,27
18228,68,87,-19,19
18229,100,106,-6,6
18230,50,66,-16,16
18231,130,142,-12,12
18232,100,114,-14,14
18233,201,163,38,38
18234,53,67,-14,14
18235,65,82,-17,17
18236,60,73,-13,13
18237,177,167,10,10
18238,88,95,-7,7
18239,64,79,-15,15
18240,141,148,-7,7
18241,87,106,-19,19
18242,144,147,-3,3
18243,118,117,1,1
18244,84,100,-16,16
18245,80,100,-20,20
18246,131,144,-13,13
18247,61,80,-19,19
18248,93,102,-9,9
18249,78,99,-21,21
18250,58,72,-14,14
18251,99,101,-2,2
18252,107,113,-6,6
18253,119,125,-6,6
18254,104,125,-21,21
18255,87,103,-16,16
18256,88,94,-6,6
18257,131,139,-8,8
18258,126,132,-6,6
18259,125,126,-1,1
18260,99,118,-19,19
18261,127,135,-8,8
18262,34,65,-31,31
18263,77,82,-5,5
18264,88,100,-12,12
18265,106,131,-25,25
18266,104,111,-7,7
18267,78,102,-24,24
18268,78,90,-12,12
18269,211,184,27,27
18270,68,73,-5,5
18271,110,116,-6,6
18272,86,103,-17,17
18273,102,115,-13,13
18274,82,86,-4,4
18275,57,72,-15,15
18276,106,117,-11,11
18277,52,72,-20,20
18278,60,73,-13,13
18279,78,94,-16,16
18280,66,74,-8,8
18281,134,138,-4,4
18282,61,76,-15,15
18283,88,99,-11,11
18284,95,106,-11,11
18285,79,93,-14,14
18286,109,119,-10,10
18287,74,89,-15,15
18288,82,90,-8,8
18289,77,92,-15,15
18290,89,100,-11,11
18291,115,119,-4,4
18292,64,81,-17,17
18293,143,144,-1,1
18294,189,175,14,14
18295,27,55,-28,28
18296,82,102,-20,20
18297,127,146,-19,19
18298,121,121,0,0
18299,103,115,-12,12
18300,55,71,-16,16
18301,163,158,5,5
18302,93,106,-13,13
18303,95,107,-12,12
18304,123,137,-14,14
18305,59,76,-17,17
18306,112,109,3,3
18307,76,91,-15,15
18308,77,103,-26,26
18309,62,78,-16,16
18310,71,87,-16,16
18311,60,74,-14,14
18312,141,148,-7,7
18313,91,108,-17,17
18314,96,106,-10,10
18315,58,73,-15,15
18316,93,103,-10,10
18317,165,162,3,3
18318,199,188,11,11
18319,98,108,-10,10
18320,152,151,1,1
18321,81,87,-6,6
18322,93,101,-8,8
18323,122,122,0,0
18324,83,96,-13,13
18325,82,98,-16,16
18326,61,76,-15,15
18327,87,102,-15,15
18328,44,67,-23,23
18329,90,110,-20,20
18330,50,64,-14,14
18331,122,127,-5,5
18332,82,95,-13,13
18333,101,116,-15,15
18334,93,107,-14,14
18335,132,131,1,1
18336,111,128,-17,17
18337,96,98,-2,2
18338,47,66,-19,19
18339,113,125,-12,12
18340,182,174,8,8
18341,107,133,-26,26
18342,99,118,-19,19
18343,72,83,-11,11
18344,84,97,-13,13
18345,55,72,-17,17
18346,154,157,-3,3
18347,39,60,-21,21
18348,107,114,-7,7
18349,89,106,-17,17
18350,114,126,-12,12
18351,99,114,-15,15
18352,76,91,-15,15
18353,61,77,-16,16
18354,112,111,1,1
18355,79,93,-14,14
18356,81,95,-14,14
18357,80,96,-16,16
18358,49,76,-27,27
18359,48,63,-15,15
18360,113,122,-9,9
18361,91,118,-27,27
18362,76,91,-15,15
18363,144,151,-7,7
18364,67,79,-12,12
18365,81,87,-6,6
18366,111,117,-6,6
18367,78,94,-16,16
18368,53,74,-21,21
18369,77,94,-17,17
18370,71,112,-41,41
18371,76,82,-6,6
18372,65,78,-13,13
18373,90,104,-14,14
18374,165,156,9,9
18375,188,179,9,9
18376,58,160,-102,102
18377,81,95,-14,14
18378,65,80,-15,15
18379,91,107,-16,16
18380,116,127,-11,11
18381,145,142,3,3
18382,111,121,-10,10
18383,146,143,3,3
18384,119,122,-3,3
18385,91,108,-17,17
18386,116,128,-12,12
18387,48,67,-19,19
18388,107,129,-22,22
18389,63,81,-18,18
18390,120,119,1,1
18391,86,94,-8,8
18392,93,103,-10,10
18393,89,103,-14,14
18394,95,106,-11,11
18395,90,98,-8,8
18396,104,114,-10,10
18397,144,148,-4,4
18398,119,122,-3,3
18399,82,95,-13,13
18400,61,92,-31,31
18401,93,107,-14,14
18402,142,147,-5,5
18403,73,83,-10,10
18404,133,128,5,5
18405,128,141,-13,13
18406,104,112,-8,8
18407,90,102,-12,12
18408,88,107,-19,19
18409,65,92,-27,27
18410,102,108,-6,6
18411,176,158,18,18
18412,90,107,-17,17
18413,241,220,21,21
18414,115,115,0,0
18415,69,78,-9,9
18416,94,97,-3,3
18417,123,131,-8,8
18418,96,119,-23,23
18419,90,108,-18,18
18420,59,77,-18,18
18421,76,92,-16,16
18422,72,84,-12,12
18423,70,84,-14,14
18424,67,78,-11,11
18425,83,96,-13,13
18426,205,179,26,26
18427,62,83,-21,21
18428,214,208,6,6
18429,79,87,-8,8
18430,142,137,5,5
18431,88,100,-12,12
18432,107,125,-18,18
18433,120,122,-2,2
18434,108,118,-10,10
18435,102,107,-5,5
18436,64,81,-17,17
18437,86,101,-15,15
18438,70,86,-16,16
18439,130,122,8,8
18440,97,99,-2,2
18441,85,101,-16,16
18442,67,77,-10,10
18443,142,137,5,5
18444,48,71,-23,23
18445,88,96,-8,8
18446,123,134,-11,11
18447,69,92,-23,23
18448,92,103,-11,11
18449,69,87,-18,18
18450,45,61,-16,16
18451,64,78,-14,14
18452,84,89,-5,5
18453,131,140,-9,9
18454,78,93,-15,15
18455,32,55,-23,23
18456,85,97,-12,12
18457,100,105,-5,5
18458,99,96,3,3
18459,125,125,0,0
18460,91,95,-4,4
18461,196,182,14,14
18462,94,126,-32,32
18463,54,70,-16,16
18464,134,134,0,0
18465,168,150,18,18
18466,64,77,-13,13
18467,73,89,-16,16
18468,96,100,-4,4
18469,82,88,-6,6
18470,48,71,-23,23
18471,65,84,-19,19
18472,121,133,-12,12
18473,102,114,-12,12
18474,69,82,-13,13
18475,92,103,-11,11
18476,79,91,-12,12
18477,107,120,-13,13
18478,76,103,-27,27
18479,73,91,-18,18
18480,75,85,-10,10
18481,150,154,-4,4
18482,149,148,1,1
18483,144,144,0,0
18484,113,122,-9,9
18485,62,84,-22,22
18486,108,122,-14,14
18487,103,120,-17,17
18488,58,100,-42,42
18489,42,70,-28,28
18490,115,115,0,0
18491,58,103,-45,45
18492,115,114,1,1
18493,109,112,-3,3
18494,51,57,-6,6
18495,70,83,-13,13
18496,68,107,-39,39
18497,143,144,-1,1
18498,83,86,-3,3
18499,116,119,-3,3
18500,45,63,-18,18
18501,90,99,-9,9
18502,67,81,-14,14
18503,100,110,-10,10
18504,113,124,-11,11
18505,30,59,-29,29
18506,98,114,-16,16
18507,67,84,-17,17
18508,53,75,-22,22
18509,105,116,-11,11
18510,123,133,-10,10
18511,57,75,-18,18
18512,125,124,1,1
18513,98,102,-4,4
18514,111,118,-7,7
18515,122,124,-2,2
18516,117,125,-8,8
18517,74,88,-14,14
18518,84,94,-10,10
18519,143,148,-5,5
18520,121,123,-2,2
18521,121,131,-10,10
18522,99,110,-11,11
18523,103,105,-2,2
18524,104,97,7,7
18525,63,73,-10,10
18526,222,187,35,35
18527,113,116,-3,3
18528,88,107,-19,19
18529,122,115,7,7
18530,109,131,-22,22
18531,72,78,-6,6
18532,64,78,-14,14
18533,144,141,3,3
18534,82,90,-8,8
18535,82,100,-18,18
18536,162,155,7,7
18537,112,128,-16,16
18538,62,77,-15,15
18539,78,109,-31,31
18540,48,61,-13,13
18541,90,102,-12,12
18542,130,127,3,3
18543,70,87,-17,17
18544,141,153,-12,12
18545,138,141,-3,3
18546,126,116,10,10
18547,71,84,-13,13
18548,89,104,-15,15
18549,138,141,-3,3
18550,70,77,-7,7
18551,123,120,3,3
18552,72,88,-16,16
18553,107,122,-15,15
18554,58,67,-9,9
18555,90,96,-6,6
18556,136,147,-11,11
18557,163,156,7,7
18558,108,112,-4,4
18559,83,86,-3,3
18560,117,125,-8,8
18561,142,142,0,0
18562,69,81,-12,12
18563,100,103,-3,3
18564,211,186,25,25
18565,148,151,-3,3
18566,82,90,-8,8
18567,86,102,-16,16
18568,201,189,12,12
18569,113,130,-17,17
18570,126,135,-9,9
18571,64,77,-13,13
18572,98,109,-11,11
18573,51,68,-17,17
18574,93,117,-24,24
18575,60,77,-17,17
18576,82,92,-10,10
18577,95,127,-32,32
18578,94,99,-5,5
18579,81,93,-12,12
18580,111,126,-15,15
18581,63,85,-22,22
18582,55,70,-15,15
18583,142,147,-5,5
18584,139,144,-5,5
18585,118,125,-7,7
18586,209,163,46,46
18587,73,91,-18,18
18588,103,117,-14,14
18589,118,132,-14,14
18590,124,134,-10,10
18591,79,101,-22,22
18592,124,126,-2,2
18593,129,137,-8,8
18594,91,101,-10,10
18595,83,100,-17,17
18596,120,119,1,1
18597,91,96,-5,5
18598,101,109,-8,8
18599,117,120,-3,3
18600,154,148,6,6
18601,83,97,-14,14
18602,113,131,-18,18
18603,83,98,-15,15
18604,106,126,-20,20
18605,47,64,-17,17
18606,63,80,-17,17
18607,99,108,-9,9
18608,47,80,-33,33
18609,111,116,-5,5
18610,111,115,-4,4
18611,152,148,4,4
18612,91,120,-29,29
18613,111,123,-12,12
18614,103,126,-23,23
18615,80,98,-18,18
18616,133,137,-4,4
18617,83,93,-10,10
18618,67,76,-9,9
18619,124,140,-16,16
18620,93,114,-21,21
18621,80,93,-13,13
18622,64,83,-19,19
18623,74,94,-20,20
18624,92,108,-16,16
18625,122,121,1,1
18626,92,118,-26,26
18627,111,125,-14,14
18628,148,139,9,9
18629,102,104,-2,2
18630,101,114,-13,13
18631,89,100,-11,11
18632,94,112,-18,18
18633,78,92,-14,14
18634,88,95,-7,7
18635,87,111,-24,24
18636,59,67,-8,8
18637,75,91,-16,16
18638,101,114,-13,13
18639,96,112,-16,16
18640,64,81,-17,17
18641,106,121,-15,15
18642,90,102,-12,12
18643,95,109,-14,14
18644,107,122,-15,15
18645,95,109,-14,14
18646,78,99,-21,21
18647,124,154,-30,30
18648,142,148,-6,6
18649,73,89,-16,16
18650,111,120,-9,9
18651,92,92,0,0
18652,205,176,29,29
18653,93,104,-11,11
18654,87,108,-21,21
18655,43,60,-17,17
18656,51,69,-18,18
18657,102,115,-13,13
18658,85,108,-23,23
18659,152,150,2,2
18660,69,83,-14,14
18661,47,68,-21,21
18662,52,72,-20,20
18663,94,109,-15,15
18664,149,148,1,1
18665,81,82,-1,1
18666,96,99,-3,3
18667,88,98,-10,10
18668,81,93,-12,12
18669,129,130,-1,1
18670,107,147,-40,40
18671,93,96,-3,3
18672,90,105,-15,15
18673,72,90,-18,18
18674,82,92,-10,10
18675,73,87,-14,14
18676,102,110,-8,8
18677,52,76,-24,24
18678,79,100,-21,21
18679,131,134,-3,3
18680,56,71,-15,15
18681,58,68,-10,10
18682,66,77,-11,11
18683,58,77,-19,19
18684,76,93,-17,17
18685,83,91,-8,8
18686,84,96,-12,12
18687,100,116,-16,16
18688,114,113,1,1
18689,112,124,-12,12
18690,104,108,-4,4
18691,110,122,-12,12
18692,160,159,1,1
18693,98,111,-13,13
18694,122,140,-18,18
18695,39,58,-19,19
18696,120,131,-11,11
18697,84,96,-12,12
18698,64,104,-40,40
18699,87,109,-22,22
18700,102,108,-6,6
18701,87,102,-15,15
18702,76,85,-9,9
18703,132,138,-6,6
18704,65,75,-10,10
18705,136,126,10,10
18706,87,90,-3,3
18707,93,99,-6,6
18708,130,133,-3,3
18709,96,104,-8,8
18710,93,102,-9,9
18711,67,88,-21,21
18712,116,122,-6,6
18713,81,99,-18,18
18714,107,122,-15,15
18715,70,75,-5,5
18716,113,114,-1,1
18717,78,95,-17,17
18718,93,99,-6,6
18719,62,84,-22,22
18720,43,62,-19,19
18721,81,90,-9,9
18722,85,102,-17,17
18723,128,124,4,4
18724,110,122,-12,12
18725,37,54,-17,17
18726,66,87,-21,21
18727,56,68,-12,12
18728,95,109,-14,14
18729,95,109,-14,14
18730,92,103,-11,11
18731,99,117,-18,18
18732,75,94,-19,19
18733,186,158,28,28
18734,30,52,-22,22
18735,63,81,-18,18
18736,60,71,-11,11
18737,38,60,-22,22
18738,70,90,-20,20
18739,85,96,-11,11
18740,71,72,-1,1
18741,122,135,-13,13
18742,45,60,-15,15
18743,94,101,-7,7
18744,133,138,-5,5
18745,89,91,-2,2
18746,85,90,-5,5
18747,80,95,-15,15
18748,141,138,3,3
18749,108,120,-12,12
18750,39,69,-30,30
18751,85,113,-28,28
18752,99,113,-14,14
18753,81,89,-8,8
18754,123,131,-8,8
18755,98,105,-7,7
18756,81,98,-17,17
18757,110,120,-10,10
18758,64,87,-23,23
18759,75,96,-21,21
18760,59,70,-11,11
18761,66,86,-20,20
18762,81,83,-2,2
18763,92,104,-12,12
18764,115,120,-5,5
18765,129,141,-12,12
18766,99,105,-6,6
18767,72,92,-20,20
18768,91,107,-16,16
18769,69,88,-19,19
18770,80,90,-10,10
18771,89,106,-17,17
18772,92,108,-16,16
18773,95,109,-14,14
18774,166,151,15,15
18775,61,70,-9,9
18776,59,63,-4,4
18777,42,75,-33,33
18778,53,71,-18,18
18779,101,110,-9,9
18780,90,97,-7,7
18781,116,118,-2,2
18782,83,87,-4,4
18783,89,102,-13,13
18784,121,128,-7,7
18785,74,77,-3,3
18786,113,113,0,0
18787,85,100,-15,15
18788,137,140,-3,3
18789,72,98,-26,26
18790,78,82,-4,4
18791,113,133,-20,20
18792,144,127,17,17
18793,54,69,-15,15
18794,74,81,-7,7
18795,72,85,-13,13
18796,73,89,-16,16
18797,163,150,13,13
18798,96,109,-13,13
18799,90,102,-12,12
18800,64,78,-14,14
18801,61,77,-16,16
18802,79,91,-12,12
18803,118,130,-12,12
18804,70,80,-10,10
18805,108,119,-11,11
18806,83,118,-35,35
18807,55,67,-12,12
18808,139,146,-7,7
18809,49,65,-16,16
18810,159,151,8,8
18811,30,64,-34,34
18812,111,125,-14,14
18813,112,118,-6,6
18814,149,153,-4,4
18815,104,113,-9,9
18816,166,147,19,19
18817,76,85,-9,9
18818,128,144,-16,16
18819,54,73,-19,19
18820,99,113,-14,14
18821,53,64,-11,11
18822,98,102,-4,4
18823,94,111,-17,17
18824,144,152,-8,8
18825,47,65,-18,18
18826,124,140,-16,16
18827,137,152,-15,15
18828,55,66,-11,11
18829,79,82,-3,3
18830,103,117,-14,14
18831,67,90,-23,23
18832,45,61,-16,16
18833,129,126,3,3
18834,33,69,-36,36
18835,108,119,-11,11
18836,68,80,-12,12
18837,165,156,9,9
18838,108,111,-3,3
18839,142,133,9,9
18840,108,124,-16,16
18841,56,79,-23,23
18842,73,90,-17,17
18843,121,130,-9,9
18844,139,147,-8,8
18845,124,125,-1,1
18846,59,74,-15,15
18847,98,129,-31,31
18848,42,58,-16,16
18849,94,112,-18,18
18850,120,120,0,0
18851,64,80,-16,16
18852,52,72,-20,20
18853,193,178,15,15
18854,99,106,-7,7
18855,73,91,-18,18
18856,166,147,19,19
18857,116,124,-8,8
18858,69,103,-34,34
18859,67,81,-14,14
18860,81,94,-13,13
18861,112,116,-4,4
18862,120,116,4,4
18863,67,74,-7,7
18864,105,104,1,1
18865,146,142,4,4
18866,110,112,-2,2
18867,90,105,-15,15
18868,94,98,-4,4
18869,106,126,-20,20
18870,95,105,-10,10
18871,112,125,-13,13
18872,104,110,-6,6
18873,60,82,-22,22
18874,93,92,1,1
18875,171,164,7,7
18876,57,70,-13,13
18877,106,111,-5,5
18878,83,101,-18,18
18879,65,73,-8,8
18880,111,123,-12,12
18881,117,131,-14,14
18882,71,89,-18,18
18883,46,71,-25,25
18884,87,114,-27,27
18885,80,90,-10,10
18886,58,76,-18,18
18887,47,72,-25,25
18888,196,174,22,22
18889,100,114,-14,14
18890,122,133,-11,11
18891,126,144,-18,18
18892,61,74,-13,13
18893,68,91,-23,23
18894,90,111,-21,21
18895,96,108,-12,12
18896,154,157,-3,3
18897,153,153,0,0
18898,83,93,-10,10
18899,130,135,-5,5
18900,110,112,-2,2
18901,122,126,-4,4
18902,85,92,-7,7
18903,55,69,-14,14
18904,85,94,-9,9
18905,122,132,-10,10
18906,71,84,-13,13
18907,149,147,2,2
18908,101,106,-5,5
18909,81,105,-24,24
18910,95,103,-8,8
18911,120,126,-6,6
18912,137,148,-11,11
18913,132,148,-16,16
18914,83,90,-7,7
18915,121,121,0,0
18916,121,125,-4,4
18917,125,146,-21,21
18918,81,98,-17,17
18919,137,146,-9,9
18920,89,99,-10,10
18921,113,117,-4,4
18922,23,50,-27,27
18923,123,119,4,4
18924,172,164,8,8
18925,64,77,-13,13
18926,122,138,-16,16
18927,67,80,-13,13
18928,86,96,-10,10
18929,42,67,-25,25
18930,126,130,-4,4
18931,148,143,5,5
18932,81,89,-8,8
18933,78,93,-15,15
18934,74,83,-9,9
18935,52,73,-21,21
18936,67,84,-17,17
18937,69,83,-14,14
18938,76,93,-17,17
18939,56,72,-16,16
18940,103,120,-17,17
18941,86,107,-21,21
18942,67,87,-20,20
18943,74,92,-18,18
18944,61,74,-13,13
18945,42,70,-28,28
18946,106,116,-10,10
18947,59,74,-15,15
18948,65,75,-10,10
18949,148,153,-5,5
18950,161,154,7,7
18951,140,138,2,2
18952,140,141,-1,1
18953,70,90,-20,20
18954,157,149,8,8
18955,70,93,-23,23
18956,110,124,-14,14
18957,132,155,-23,23
18958,40,73,-33,33
18959,115,117,-2,2
18960,165,160,5,5
18961,46,73,-27,27
18962,108,127,-19,19
18963,145,147,-2,2
18964,153,148,5,5
18965,64,80,-16,16
18966,104,114,-10,10
18967,104,103,1,1
18968,103,102,1,1
18969,99,119,-20,20
18970,58,73,-15,15
18971,78,88,-10,10
18972,116,123,-7,7
18973,95,123,-28,28
18974,77,87,-10,10
18975,100,114,-14,14
18976,147,147,0,0
18977,73,87,-14,14
18978,90,107,-17,17
18979,91,103,-12,12
18980,136,136,0,0
18981,156,148,8,8
18982,71,82,-11,11
18983,65,82,-17,17
18984,82,94,-12,12
18985,116,124,-8,8
18986,134,137,-3,3
18987,70,87,-17,17
18988,98,108,-10,10
18989,194,177,17,17
18990,58,78,-20,20
18991,111,151,-40,40
18992,55,70,-15,15
18993,105,115,-10,10
18994,85,98,-13,13
18995,105,108,-3,3
18996,83,103,-20,20
18997,96,98,-2,2
18998,83,90,-7,7
18999,153,151,2,2
19000,81,94,-13,13
19001,60,77,-17,17
19002,137,145,-8,8
19003,140,142,-2,2
19004,88,105,-17,17
19005,124,133,-9,9
19006,101,109,-8,8
19007,84,92,-8,8
19008,99,104,-5,5
19009,59,68,-9,9
19010,83,104,-21,21
19011,113,134,-21,21
19012,83,100,-17,17
19013,65,82,-17,17
19014,52,73,-21,21
19015,120,131,-11,11
19016,102,106,-4,4
19017,50,92,-42,42
19018,134,148,-14,14
19019,90,101,-11,11
19020,79,88,-9,9
19021,78,96,-18,18
19022,122,121,1,1
19023,69,88,-19,19
19024,72,82,-10,10
19025,71,86,-15,15
19026,112,113,-1,1
19027,111,113,-2,2
19028,96,107,-11,11
19029,96,107,-11,11
19030,67,82,-15,15
19031,102,117,-15,15
19032,71,88,-17,17
19033,147,148,-1,1
19034,123,134,-11,11
19035,89,91,-2,2
19036,72,95,-23,23
19037,81,100,-19,19
19038,61,76,-15,15
19039,79,97,-18,18
19040,112,114,-2,2
19041,167,167,0,0
19042,74,91,-17,17
19043,122,123,-1,1
19044,78,98,-20,20
19045,64,85,-21,21
19046,72,90,-18,18
19047,90,97,-7,7
19048,86,91,-5,5
19049,122,129,-7,7
19050,70,80,-10,10
19051,80,92,-12,12
19052,55,69,-14,14
19053,86,92,-6,6
19054,117,128,-11,11
19055,95,106,-11,11
19056,88,99,-11,11
19057,123,125,-2,2
19058,102,106,-4,4
19059,73,83,-10,10
19060,33,53,-20,20
19061,133,130,3,3
19062,65,86,-21,21
19063,75,84,-9,9
19064,39,54,-15,15
19065,119,124,-5,5
19066,88,97,-9,9
19067,110,110,0,0
19068,59,76,-17,17
19069,94,112,-18,18
19070,90,99,-9,9
19071,64,80,-16,16
19072,111,121,-10,10
19073,95,107,-12,12
19074,77,89,-12,12
19075,60,75,-15,15
19076,151,150,1,1
19077,90,97,-7,7
19078,65,88,-23,23
19079,100,121,-21,21
19080,59,74,-15,15
19081,89,98,-9,9
19082,91,112,-21,21
19083,152,148,4,4
19084,58,74,-16,16
19085,98,116,-18,18
19086,111,120,-9,9
19087,94,100,-6,6
19088,98,112,-14,14
19089,99,102,-3,3
19090,132,139,-7,7
19091,99,127,-28,28
19092,163,169,-6,6
19093,105,109,-4,4
19094,109,123,-14,14
19095,49,64,-15,15
19096,97,123,-26,26
19097,153,148,5,5
19098,73,115,-42,42
19099,71,86,-15,15
19100,89,100,-11,11
19101,110,112,-2,2
19102,73,87,-14,14
19103,151,146,5,5
19104,146,148,-2,2
19105,74,87,-13,13
19106,76,81,-5,5
19107,57,160,-103,103
19108,96,93,3,3
19109,143,137,6,6
19110,98,102,-4,4
19111,74,90,-16,16
19112,78,89,-11,11
19113,139,155,-16,16
19114,81,99,-18,18
19115,74,94,-20,20
19116,81,95,-14,14
19117,149,160,-11,11
19118,59,79,-20,20
19119,92,107,-15,15
19120,88,97,-9,9
19121,94,106,-12,12
19122,106,115,-9,9
19123,143,137,6,6
19124,61,81,-20,20
19125,84,89,-5,5
19126,107,124,-17,17
19127,129,139,-10,10
19128,80,92,-12,12
19129,89,100,-11,11
19130,159,153,6,6
19131,44,65,-21,21
19132,116,128,-12,12
19133,79,94,-15,15
19134,82,88,-6,6
19135,77,92,-15,15
19136,124,124,0,0
19137,97,112,-15,15
19138,62,81,-19,19
19139,65,82,-17,17
19140,78,85,-7,7
19141,105,114,-9,9
19142,107,125,-18,18
19143,60,75,-15,15
19144,63,74,-11,11
19145,71,84,-13,13
19146,122,134,-12,12
19147,76,88,-12,12
19148,137,147,-10,10
19149,89,101,-12,12
19150,87,105,-18,18
19151,147,149,-2,2
19152,121,144,-23,23
19153,91,96,-5,5
19154,62,73,-11,11
19155,77,98,-21,21
19156,95,102,-7,7
19157,71,86,-15,15
19158,129,146,-17,17
19159,114,124,-10,10
19160,196,184,12,12
19161,113,126,-13,13
19162,122,123,-1,1
19163,120,123,-3,3
19164,104,126,-22,22
19165,99,109,-10,10
19166,80,92,-12,12
19167,69,90,-21,21
19168,100,115,-15,15
19169,63,80,-17,17
19170,145,144,1,1
19171,55,68,-13,13
19172,91,99,-8,8
19173,148,148,0,0
19174,75,83,-8,8
19175,106,115,-9,9
19176,179,160,19,19
19177,86,105,-19,19
19178,72,84,-12,12
19179,127,147,-20,20
19180,68,79,-11,11
19181,69,102,-33,33
19182,136,144,-8,8
19183,91,101,-10,10
19184,102,116,-14,14
19185,128,129,-1,1
19186,94,101,-7,7
19187,105,115,-10,10
19188,146,147,-1,1
19189,72,80,-8,8
19190,105,113,-8,8
19191,137,142,-5,5
19192,169,160,9,9
19193,130,152,-22,22
19194,126,133,-7,7
19195,125,129,-4,4
19196,102,111,-9,9
19197,74,89,-15,15
19198,74,98,-24,24
19199,97,110,-13,13
19200,113,115,-2,2
19201,54,69,-15,15
19202,127,116,11,11
19203,73,90,-17,17
19204,145,150,-5,5
19205,117,120,-3,3
19206,123,132,-9,9
19207,188,161,27,27
19208,75,99,-24,24
19209,76,99,-23,23
19210,45,68,-23,23
19211,86,95,-9,9
19212,74,89,-15,15
19213,103,123,-20,20
19214,140,135,5,5
19215,95,109,-14,14
19216,102,121,-19,19
19217,34,57,-23,23
19218,101,107,-6,6
19219,62,86,-24,24
19220,81,103,-22,22
19221,84,97,-13,13
19222,114,134,-20,20
19223,90,98,-8,8
19224,66,111,-45,45
19225,98,109,-11,11
19226,68,90,-22,22
19227,115,120,-5,5
19228,101,88,13,13
19229,137,136,1,1
19230,125,134,-9,9
19231,84,98,-14,14
19232,43,70,-27,27
19233,99,104,-5,5
19234,126,138,-12,12
19235,97,108,-11,11
19236,105,112,-7,7
19237,74,90,-16,16
19238,108,118,-10,10
19239,70,84,-14,14
19240,49,69,-20,20
19241,133,137,-4,4
19242,105,109,-4,4
19243,147,150,-3,3
19244,98,108,-10,10
19245,124,131,-7,7
19246,73,89,-16,16
19247,78,84,-6,6
19248,106,119,-13,13
19249,63,73,-10,10
19250,87,105,-18,18
19251,80,87,-7,7
19252,101,110,-9,9
19253,80,91,-11,11
19254,107,109,-2,2
19255,65,85,-20,20
19256,62,70,-8,8
19257,124,137,-13,13
19258,37,58,-21,21
19259,109,115,-6,6
19260,48,71,-23,23
19261,152,147,5,5
19262,163,157,6,6
19263,126,131,-5,5
19264,62,106,-44,44
19265,128,146,-18,18
19266,104,114,-10,10
19267,110,133,-23,23
19268,79,98,-19,19
19269,79,94,-15,15
19270,145,147,-2,2
19271,74,97,-23,23
19272,59,78,-19,19
19273,107,116,-9,9
19274,88,102,-14,14
19275,47,78,-31,31
19276,111,123,-12,12
19277,108,114,-6,6
19278,133,130,3,3
19279,155,158,-3,3
19280,85,98,-13,13
19281,135,138,-3,3
19282,104,107,-3,3
19283,149,155,-6,6
19284,78,91,-13,13
19285,76,88,-12,12
19286,96,109,-13,13
19287,130,130,0,0
19288,90,97,-7,7
19289,55,97,-42,42
19290,123,138,-15,15
19291,65,79,-14,14
19292,69,73,-4,4
19293,50,72,-22,22
19294,51,78,-27,27
19295,81,84,-3,3
19296,108,123,-15,15
19297,81,95,-14,14
19298,42,57,-15,15
19299,141,132,9,9
19300,66,88,-22,22
19301,103,112,-9,9
19302,147,147,0,0
19303,105,106,-1,1
19304,136,127,9,9
19305,58,77,-19,19
19306,108,102,6,6
19307,63,78,-15,15
19308,116,123,-7,7
19309,147,146,1,1
19310,73,81,-8,8
19311,92,107,-15,15
19312,63,75,-12,12
19313,98,109,-11,11
19314,153,152,1,1
19315,98,104,-6,6
19316,68,88,-20,20
19317,70,73,-3,3
19318,69,140,-71,71
19319,68,83,-15,15
19320,66,77,-11,11
19321,83,99,-16,16
19322,113,117,-4,4
19323,123,123,0,0
19324,39,58,-19,19
19325,127,128,-1,1
19326,119,128,-9,9
19327,80,92,-12,12
19328,202,212,-10,10
19329,71,91,-20,20
19330,49,69,-20,20
19331,73,95,-22,22
19332,90,108,-18,18
19333,86,101,-15,15
19334,71,95,-24,24
19335,62,79,-17,17
19336,89,96,-7,7
19337,205,178,27,27
19338,157,150,7,7
19339,95,121,-26,26
19340,54,78,-24,24
19341,86,103,-17,17
19342,105,118,-13,13
19343,51,74,-23,23
19344,56,76,-20,20
19345,142,150,-8,8
19346,151,148,3,3
19347,72,89,-17,17
19348,71,98,-27,27
19349,73,85,-12,12
19350,58,73,-15,15
19351,175,189,-14,14
19352,132,139,-7,7
19353,102,114,-12,12
19354,115,122,-7,7
19355,92,113,-21,21
19356,77,89,-12,12
19357,113,119,-6,6
19358,103,123,-20,20
19359,147,157,-10,10
19360,93,126,-33,33
19361,105,116,-11,11
19362,95,100,-5,5
19363,158,150,8,8
19364,117,127,-10,10
19365,113,130,-17,17
19366,84,88,-4,4
19367,64,83,-19,19
19368,98,111,-13,13
19369,91,110,-19,19
19370,106,107,-1,1
19371,57,79,-22,22
19372,130,138,-8,8
19373,67,89,-22,22
19374,60,79,-19,19
19375,80,86,-6,6
19376,109,120,-11,11
19377,56,94,-38,38
19378,61,83,-22,22
19379,162,152,10,10
19380,105,111,-6,6
19381,118,121,-3,3
19382,88,101,-13,13
19383,61,68,-7,7
19384,101,106,-5,5
19385,130,143,-13,13
19386,116,119,-3,3
19387,66,85,-19,19
19388,67,90,-23,23
19389,68,88,-20,20
19390,54,67,-13,13
19391,76,90,-14,14
19392,91,101,-10,10
19393,48,63,-15,15
19394,108,116,-8,8
19395,50,67,-17,17
19396,121,141,-20,20
19397,55,72,-17,17
19398,99,108,-9,9
19399,109,116,-7,7
19400,129,134,-5,5
19401,59,69,-10,10
19402,193,182,11,11
19403,115,121,-6,6
19404,168,162,6,6
19405,109,120,-11,11
19406,79,102,-23,23
19407,69,84,-15,15
19408,124,142,-18,18
19409,86,108,-22,22
19410,108,116,-8,8
19411,57,74,-17,17
19412,69,73,-4,4
19413,73,91,-18,18
19414,93,114,-21,21
19415,108,113,-5,5
19416,47,63,-16,16
19417,96,105,-9,9
19418,136,147,-11,11
19419,62,67,-5,5
19420,35,63,-28,28
19421,168,170,-2,2
19422,72,79,-7,7
19423,53,68,-15,15
19424,181,168,13,13
19425,106,110,-4,4
19426,110,134,-24,24
19427,71,89,-18,18
19428,81,104,-23,23
19429,66,81,-15,15
19430,96,118,-22,22
19431,94,100,-6,6
19432,101,104,-3,3
19433,56,69,-13,13
19434,161,149,12,12
19435,120,125,-5,5
19436,90,105,-15,15
19437,74,90,-16,16
19438,119,123,-4,4
19439,120,126,-6,6
19440,116,147,-31,31
19441,72,84,-12,12
19442,100,103,-3,3
19443,72,86,-14,14
19444,152,151,1,1
19445,65,85,-20,20
19446,84,95,-11,11
19447,100,112,-12,12
19448,116,115,1,1
19449,88,102,-14,14
19450,94,114,-20,20
19451,76,87,-11,11
19452,70,91,-21,21
19453,72,104,-32,32
19454,114,120,-6,6
19455,95,107,-12,12
19456,88,95,-7,7
19457,103,131,-28,28
19458,82,97,-15,15
19459,66,88,-22,22
19460,126,122,4,4
19461,215,200,15,15
19462,127,136,-9,9
19463,71,84,-13,13
19464,106,105,1,1
19465,125,133,-8,8
19466,98,105,-7,7
19467,80,106,-26,26
19468,76,92,-16,16
19469,126,133,-7,7
19470,45,64,-19,19
19471,98,109,-11,11
19472,75,88,-13,13
19473,76,82,-6,6
19474,103,120,-17,17
19475,149,151,-2,2
19476,110,121,-11,11
19477,71,83,-12,12
19478,121,147,-26,26
19479,86,95,-9,9
19480,44,61,-17,17
19481,126,136,-10,10
19482,145,141,4,4
19483,94,113,-19,19
19484,49,70,-21,21
19485,99,109,-10,10
19486,75,96,-21,21
19487,77,107,-30,30
19488,65,87,-22,22
19489,117,123,-6,6
19490,87,94,-7,7
19491,87,112,-25,25
19492,138,146,-8,8
19493,66,82,-16,16
19494,100,104,-4,4
19495,107,109,-2,2
19496,82,116,-34,34
19497,76,96,-20,20
19498,67,89,-22,22
19499,40,62,-22,22
19500,88,108,-20,20
19501,184,165,19,19
19502,92,95,-3,3
19503,134,146,-12,12
19504,105,116,-11,11
19505,112,124,-12,12
19506,70,82,-12,12
19507,70,88,-18,18
19508,57,80,-23,23
19509,120,127,-7,7
19510,98,113,-15,15
19511,115,120,-5,5
19512,84,105,-21,21
19513,97,103,-6,6
19514,85,98,-13,13
19515,67,84,-17,17
19516,93,97,-4,4
19517,123,132,-9,9
19518,52,127,-75,75
19519,113,119,-6,6
19520,63,76,-13,13
19521,97,104,-7,7
19522,103,111,-8,8
19523,91,113,-22,22
19524,74,91,-17,17
19525,110,130,-20,20
19526,162,153,9,9
19527,98,110,-12,12
19528,103,108,-5,5
19529,96,115,-19,19
19530,35,58,-23,23
19531,85,101,-16,16
19532,69,82,-13,13
19533,80,88,-8,8
19534,60,76,-16,16
19535,87,108,-21,21
19536,77,87,-10,10
19537,139,141,-2,2
19538,51,69,-18,18
19539,122,121,1,1
19540,125,120,5,5
19541,63,74,-11,11
19542,125,124,1,1
19543,85,103,-18,18
19544,112,121,-9,9
19545,58,79,-21,21
19546,104,115,-11,11
19547,120,123,-3,3
19548,43,63,-20,20
19549,90,114,-24,24
19550,29,47,-18,18
19551,92,94,-2,2
19552,99,96,3,3
19553,55,74,-19,19
19554,66,76,-10,10
19555,78,89,-11,11
19556,67,78,-11,11
19557,91,93,-2,2
19558,143,137,6,6
19559,86,103,-17,17
19560,57,89,-32,32
19561,96,99,-3,3
19562,101,126,-25,25
19563,58,68,-10,10
19564,113,115,-2,2
19565,44,57,-13,13
19566,140,132,8,8
19567,150,151,-1,1
19568,117,131,-14,14
19569,86,100,-14,14
19570,99,101,-2,2
19571,114,115,-1,1
19572,81,91,-10,10
19573,64,74,-10,10
19574,132,148,-16,16
19575,82,94,-12,12
19576,141,143,-2,2
19577,68,96,-28,28
19578,137,137,0,0
19579,75,87,-12,12
19580,71,83,-12,12
19581,59,71,-12,12
19582,45,57,-12,12
19583,70,81,-11,11
19584,107,115,-8,8
19585,59,75,-16,16
19586,41,60,-19,19
19587,65,82,-17,17
19588,50,65,-15,15
19589,88,103,-15,15
19590,114,123,-9,9
19591,64,74,-10,10
19592,154,155,-1,1
19593,64,86,-22,22
19594,46,80,-34,34
19595,120,125,-5,5
19596,80,94,-14,14
19597,52,67,-15,15
19598,88,120,-32,32
19599,65,103,-38,38
19600,49,69,-20,20
19601,82,105,-23,23
19602,108,131,-23,23
19603,59,79,-20,20
19604,68,80,-12,12
19605,99,105,-6,6
19606,100,111,-11,11
19607,100,104,-4,4
19608,156,149,7,7
19609,91,110,-19,19
19610,152,149,3,3
19611,125,123,2,2
19612,60,77,-17,17
19613,43,65,-22,22
19614,48,62,-14,14
19615,94,112,-18,18
19616,70,82,-12,12
19617,52,67,-15,15
19618,70,80,-10,10
19619,154,147,7,7
19620,133,139,-6,6
19621,72,85,-13,13
19622,79,96,-17,17
19623,111,125,-14,14
19624,72,82,-10,10
19625,147,153,-6,6
19626,94,103,-9,9
19627,41,61,-20,20
19628,79,99,-20,20
19629,61,75,-14,14
19630,68,86,-18,18
19631,70,83,-13,13
19632,80,96,-16,16
19633,58,80,-22,22
19634,45,63,-18,18
19635,187,164,23,23
19636,84,95,-11,11
19637,76,88,-12,12
19638,154,150,4,4
19639,139,142,-3,3
19640,173,162,11,11
19641,75,83,-8,8
19642,148,148,0,0
19643,174,159,15,15
19644,100,117,-17,17
19645,29,49,-20,20
19646,102,100,2,2
19647,67,85,-18,18
19648,51,66,-15,15
19649,133,122,11,11
19650,36,54,-18,18
19651,66,78,-12,12
19652,65,76,-11,11
19653,73,90,-17,17
19654,151,151,0,0
19655,87,98,-11,11
19656,138,147,-9,9
19657,65,79,-14,14
19658,97,105,-8,8
19659,84,94,-10,10
19660,171,161,10,10
19661,110,117,-7,7
19662,120,124,-4,4
19663,99,111,-12,12
19664,135,157,-22,22
19665,90,99,-9,9
19666,70,84,-14,14
19667,99,113,-14,14
19668,58,74,-16,16
19669,109,141,-32,32
19670,77,91,-14,14
19671,74,86,-12,12
19672,134,146,-12,12
19673,130,125,5,5
19674,65,84,-19,19
19675,109,113,-4,4
19676,75,94,-19,19
19677,125,133,-8,8
19678,99,111,-12,12
19679,147,148,-1,1
19680,160,152,8,8
19681,49,64,-15,15
19682,62,81,-19,19
19683,332,307,25,25
19684,127,133,-6,6
19685,34,51,-17,17
19686,145,146,-1,1
19687,108,111,-3,3
19688,66,84,-18,18
19689,65,82,-17,17
19690,157,148,9,9
19691,89,97,-8,8
19692,97,117,-20,20
19693,116,122,-6,6
19694,102,112,-10,10
19695,118,131,-13,13
19696,161,159,2,2
19697,97,106,-9,9
19698,40,56,-16,16
19699,63,80,-17,17
19700,70,94,-24,24
19701,83,93,-10,10
19702,100,116,-16,16
19703,76,87,-11,11
19704,105,114,-9,9
19705,72,100,-28,28
19706,69,96,-27,27
19707,136,147,-11,11
19708,126,121,5,5
19709,130,143,-13,13
19710,116,128,-12,12
19711,87,97,-10,10
19712,100,113,-13,13
19713,100,105,-5,5
19714,55,71,-16,16
19715,92,105,-13,13
19716,101,110,-9,9
19717,149,152,-3,3
19718,98,102,-4,4
19719,89,99,-10,10
19720,40,72,-32,32
19721,91,99,-8,8
19722,103,115,-12,12
19723,88,93,-5,5
19724,76,102,-26,26
19725,43,69,-26,26
19726,60,75,-15,15
19727,165,153,12,12
19728,148,158,-10,10
19729,114,122,-8,8
19730,97,97,0,0
19731,141,147,-6,6
19732,82,109,-27,27
19733,89,100,-11,11
19734,141,147,-6,6
19735,31,60,-29,29
19736,87,110,-23,23
19737,83,103,-20,20
19738,64,79,-15,15
19739,68,89,-21,21
19740,75,83,-8,8
19741,102,109,-7,7
19742,54,71,-17,17
19743,108,124,-16,16
19744,104,101,3,3
19745,132,141,-9,9
19746,77,89,-12,12
19747,130,140,-10,10
19748,46,61,-15,15
19749,83,66,17,17
19750,79,104,-25,25
19751,180,164,16,16
19752,118,136,-18,18
19753,105,121,-16,16
19754,93,107,-14,14
19755,81,88,-7,7
19756,61,79,-18,18
19757,142,147,-5,5
19758,93,107,-14,14
19759,100,113,-13,13
19760,146,147,-1,1
19761,64,81,-17,17
19762,116,119,-3,3
19763,55,70,-15,15
19764,55,77,-22,22
19765,86,110,-24,24
19766,90,100,-10,10
19767,146,148,-2,2
19768,55,68,-13,13
19769,76,93,-17,17
19770,48,72,-24,24
19771,84,86,-2,2
19772,62,74,-12,12
19773,93,101,-8,8
19774,104,111,-7,7
19775,108,123,-15,15
19776,83,102,-19,19
19777,57,69,-12,12
19778,76,87,-11,11
19779,100,139,-39,39
19780,96,107,-11,11
19781,124,109,15,15
19782,55,82,-27,27
19783,61,78,-17,17
19784,104,115,-11,11
19785,70,89,-19,19
19786,94,98,-4,4
19787,64,87,-23,23
19788,113,125,-12,12
19789,92,107,-15,15
19790,136,147,-11,11
19791,115,117,-2,2
19792,103,122,-19,19
19793,84,102,-18,18
19794,60,78,-18,18
19795,83,128,-45,45
19796,127,133,-6,6
19797,137,136,1,1
19798,64,70,-6,6
19799,180,165,15,15
19800,144,143,1,1
19801,82,89,-7,7
19802,89,95,-6,6
19803,122,143,-21,21
19804,85,101,-16,16
19805,127,131,-4,4
19806,86,92,-6,6
19807,81,98,-17,17
19808,102,110,-8,8
19809,104,99,5,5
19810,47,64,-17,17
19811,163,152,11,11
19812,102,113,-11,11
19813,152,140,12,12
19814,139,135,4,4
19815,88,90,-2,2
19816,57,68,-11,11
19817,79,85,-6,6
19818,60,65,-5,5
19819,104,103,1,1
19820,92,102,-10,10
19821,74,86,-12,12
19822,94,104,-10,10
19823,102,117,-15,15
19824,109,116,-7,7
19825,86,96,-10,10
19826,85,89,-4,4
19827,86,94,-8,8
19828,158,148,10,10
19829,78,90,-12,12
19830,72,85,-13,13
19831,127,132,-5,5
19832,81,96,-15,15
19833,99,111,-12,12
19834,64,80,-16,16
19835,137,148,-11,11
19836,99,114,-15,15
19837,74,93,-19,19
19838,80,103,-23,23
19839,99,119,-20,20
19840,95,110,-15,15
19841,48,67,-19,19
19842,77,91,-14,14
19843,88,108,-20,20
19844,99,112,-13,13
19845,87,96,-9,9
19846,75,93,-18,18
19847,103,119,-16,16
19848,190,178,12,12
19849,88,85,3,3
19850,85,101,-16,16
19851,59,68,-9,9
19852,63,94,-31,31
19853,85,100,-15,15
19854,67,102,-35,35
19855,76,98,-22,22
19856,115,121,-6,6
19857,62,76,-14,14
19858,61,77,-16,16
19859,147,149,-2,2
19860,153,148,5,5
19861,68,75,-7,7
19862,106,124,-18,18
19863,79,92,-13,13
19864,165,151,14,14
19865,63,75,-12,12
19866,106,119,-13,13
19867,74,89,-15,15
19868,135,137,-2,2
19869,76,89,-13,13
19870,113,129,-16,16
19871,77,98,-21,21
19872,67,81,-14,14
19873,93,121,-28,28
19874,170,166,4,4
19875,77,98,-21,21
19876,88,98,-10,10
19877,103,113,-10,10
19878,85,100,-15,15
19879,82,87,-5,5
19880,70,90,-20,20
19881,94,117,-23,23
19882,44,66,-22,22
19883,103,107,-4,4
19884,99,114,-15,15
19885,67,79,-12,12
19886,56,76,-20,20
19887,94,103,-9,9
19888,77,89,-12,12
19889,68,86,-18,18
19890,125,122,3,3
19891,110,121,-11,11
19892,102,100,2,2
19893,57,67,-10,10
19894,68,101,-33,33
19895,75,89,-14,14
19896,101,108,-7,7
19897,57,67,-10,10
19898,93,120,-27,27
19899,52,62,-10,10
19900,57,76,-19,19
19901,123,121,2,2
19902,111,129,-18,18
19903,62,83,-21,21
19904,89,112,-23,23
19905,114,116,-2,2
19906,45,67,-22,22
19907,79,90,-11,11
19908,134,135,-1,1
19909,101,109,-8,8
19910,92,102,-10,10
19911,74,84,-10,10
19912,95,104,-9,9
19913,49,72,-23,23
19914,86,91,-5,5
19915,50,83,-33,33
19916,55,70,-15,15
19917,49,60,-11,11
19918,87,103,-16,16
19919,59,81,-22,22
19920,108,121,-13,13
19921,88,101,-13,13
19922,118,132,-14,14
19923,108,116,-8,8
19924,38,85,-47,47
19925,94,100,-6,6
19926,35,64,-29,29
19927,114,125,-11,11
19928,124,122,2,2
19929,108,126,-18,18
19930,129,147,-18,18
19931,69,86,-17,17
19932,108,121,-13,13
19933,66,87,-21,21
19934,62,74,-12,12
19935,107,120,-13,13
19936,65,79,-14,14
19937,169,151,18,18
19938,115,122,-7,7
19939,116,124,-8,8
19940,87,100,-13,13
19941,62,84,-22,22
19942,128,129,-1,1
19943,126,141,-15,15
19944,139,148,-9,9
19945,217,186,31,31
19946,147,152,-5,5
19947,117,120,-3,3
19948,181,177,4,4
19949,101,143,-42,42
19950,66,86,-20,20
19951,77,86,-9,9
19952,110,118,-8,8
19953,186,178,8,8
19954,60,74,-14,14
19955,68,82,-14,14
19956,125,135,-10,10
19957,52,65,-13,13
19958,75,88,-13,13
19959,109,123,-14,14
19960,44,76,-32,32
19961,123,140,-17,17
19962,123,128,-5,5
19963,69,81,-12,12
19964,51,70,-19,19
19965,148,140,8,8
19966,104,104,0,0
19967,64,81,-17,17
19968,82,106,-24,24
19969,82,90,-8,8
19970,135,144,-9,9
19971,54,73,-19,19
19972,88,92,-4,4
19973,88,95,-7,7
19974,102,110,-8,8
19975,45,66,-21,21
19976,85,95,-10,10
19977,117,117,0,0
19978,124,125,-1,1
19979,60,80,-20,20
19980,40,78,-38,38
19981,133,141,-8,8
19982,101,116,-15,15
19983,80,94,-14,14
19984,90,120,-30,30
19985,85,103,-18,18
19986,68,84,-16,16
19987,150,151,-1,1
19988,86,94,-8,8
19989,105,123,-18,18
19990,45,66,-21,21
19991,149,158,-9,9
19992,74,91,-17,17
19993,40,65,-25,25
19994,75,90,-15,15
19995,47,66,-19,19
19996,70,88,-18,18
19997,56,72,-16,16
19998,46,64,-18,18
19999,98,114,-16,16
20000,107,111,-4,4
20001,121,122,-1,1
20002,192,187,5,5
20003,50,67,-17,17
20004,62,92,-30,30
20005,93,101,-8,8
20006,96,98,-2,2
20007,72,82,-10,10
20008,134,147,-13,13
20009,98,109,-11,11
20010,159,148,11,11
20011,115,124,-9,9
20012,54,66,-12,12
20013,60,76,-16,16
20014,80,95,-15,15
20015,103,113,-10,10
20016,89,96,-7,7
20017,118,128,-10,10
20018,109,116,-7,7
20019,65,88,-23,23
20020,62,83,-21,21
20021,100,113,-13,13
20022,127,141,-14,14
20023,54,74,-20,20
20024,113,116,-3,3
20025,122,125,-3,3
20026,140,141,-1,1
20027,71,82,-11,11
20028,86,104,-18,18
20029,94,108,-14,14
20030,124,130,-6,6
20031,59,81,-22,22
20032,115,120,-5,5
20033,61,72,-11,11
20034,65,71,-6,6
20035,79,101,-22,22
20036,122,123,-1,1
20037,97,115,-18,18
20038,64,81,-17,17
20039,107,113,-6,6
20040,109,118,-9,9
20041,70,85,-15,15
20042,63,76,-13,13
20043,104,114,-10,10
20044,88,89,-1,1
20045,91,105,-14,14
20046,136,147,-11,11
20047,67,82,-15,15
20048,65,76,-11,11
20049,97,110,-13,13
20050,114,126,-12,12
20051,122,140,-18,18
20052,76,87,-11,11
20053,96,110,-14,14
20054,90,91,-1,1
20055,68,82,-14,14
20056,78,91,-13,13
20057,158,149,9,9
20058,77,93,-16,16
20059,65,77,-12,12
20060,126,127,-1,1
20061,102,107,-5,5
20062,96,103,-7,7
20063,120,139,-19,19
20064,44,64,-20,20
20065,68,88,-20,20
20066,170,166,4,4
20067,40,59,-19,19
20068,43,69,-26,26
20069,95,99,-4,4
20070,114,120,-6,6
20071,60,79,-19,19
20072,35,59,-24,24
20073,70,82,-12,12
20074,126,137,-11,11
20075,68,86,-18,18
20076,137,147,-10,10
20077,154,145,9,9
20078,139,144,-5,5
20079,103,112,-9,9
20080,82,86,-4,4
20081,94,112,-18,18
20082,136,135,1,1
20083,81,86,-5,5
20084,51,63,-12,12
20085,126,136,-10,10
20086,89,136,-47,47
20087,88,102,-14,14
20088,77,82,-5,5
20089,83,99,-16,16
20090,77,82,-5,5
20091,84,91,-7,7
20092,82,90,-8,8
20093,65,83,-18,18
20094,113,114,-1,1
20095,78,104,-26,26
20096,54,69,-15,15
20097,94,115,-21,21
20098,59,79,-20,20
20099,117,134,-17,17
20100,78,82,-4,4
20101,48,57,-9,9
20102,54,77,-23,23
20103,99,117,-18,18
20104,71,88,-17,17
20105,136,135,1,1
20106,45,65,-20,20
20107,84,98,-14,14
20108,82,97,-15,15
20109,45,67,-22,22
20110,125,117,8,8
20111,50,67,-17,17
20112,71,87,-16,16
20113,89,96,-7,7
20114,61,84,-23,23
20115,105,109,-4,4
20116,143,147,-4,4
20117,185,164,21,21
20118,48,59,-11,11
20119,98,108,-10,10
20120,38,59,-21,21
20121,92,97,-5,5
20122,139,142,-3,3
20123,99,101,-2,2
20124,106,118,-12,12
20125,60,89,-29,29
20126,96,92,4,4
20127,138,148,-10,10
20128,83,94,-11,11
20129,152,132,20,20
20130,115,130,-15,15
20131,84,104,-20,20
20132,133,135,-2,2
20133,128,131,-3,3
20134,78,92,-14,14
20135,93,106,-13,13
20136,105,113,-8,8
20137,90,109,-19,19
20138,205,173,32,32
20139,80,91,-11,11
20140,80,94,-14,14
20141,118,118,0,0
20142,60,85,-25,25
20143,101,108,-7,7
20144,95,107,-12,12
20145,130,148,-18,18
20146,113,118,-5,5
20147,79,99,-20,20
20148,88,99,-11,11
20149,109,113,-4,4
20150,98,108,-10,10
20151,70,83,-13,13
20152,92,104,-12,12
20153,157,160,-3,3
20154,44,66,-22,22
20155,95,104,-9,9
20156,87,95,-8,8
20157,109,111,-2,2
20158,111,124,-13,13
20159,86,93,-7,7
20160,149,151,-2,2
20161,111,115,-4,4
20162,45,63,-18,18
20163,150,150,0,0
20164,89,93,-4,4
20165,67,87,-20,20
20166,87,104,-17,17
20167,150,146,4,4
20168,124,118,6,6
20169,96,107,-11,11
20170,125,135,-10,10
20171,116,137,-21,21
20172,80,91,-11,11
20173,156,143,13,13
20174,159,158,1,1
20175,108,118,-10,10
20176,90,102,-12,12
20177,117,119,-2,2
20178,139,139,0,0
20179,87,100,-13,13
20180,79,83,-4,4
20181,103,112,-9,9
20182,157,148,9,9
20183,159,164,-5,5
20184,46,94,-48,48
20185,84,102,-18,18
20186,62,83,-21,21
20187,99,111,-12,12
20188,62,77,-15,15
20189,87,117,-30,30
20190,186,183,3,3
20191,104,108,-4,4
20192,83,97,-14,14
20193,82,95,-13,13
20194,82,99,-17,17
20195,116,127,-11,11
20196,48,63,-15,15
20197,72,97,-25,25
20198,81,98,-17,17
20199,89,109,-20,20
20200,66,80,-14,14
20201,99,111,-12,12
20202,97,105,-8,8
20203,83,95,-12,12
20204,57,70,-13,13
20205,95,107,-12,12
20206,81,98,-17,17
20207,77,98,-21,21
20208,65,78,-13,13
20209,109,118,-9,9
20210,58,75,-17,17
20211,38,59,-21,21
20212,109,118,-9,9
20213,128,133,-5,5
20214,68,75,-7,7
20215,134,141,-7,7
20216,80,99,-19,19
20217,197,181,16,16
20218,105,121,-16,16
20219,78,93,-15,15
20220,99,127,-28,28
20221,88,100,-12,12
20222,105,110,-5,5
20223,63,91,-28,28
20224,76,116,-40,40
20225,80,99,-19,19
20226,68,85,-17,17
20227,97,107,-10,10
20228,107,109,-2,2
20229,96,94,2,2
20230,120,138,-18,18
20231,110,112,-2,2
20232,67,85,-18,18
20233,154,147,7,7
20234,133,130,3,3
20235,98,102,-4,4
20236,93,101,-8,8
20237,93,106,-13,13
20238,95,112,-17,17
20239,96,106,-10,10
20240,66,82,-16,16
20241,54,71,-17,17
20242,89,100,-11,11
20243,165,153,12,12
20244,189,174,15,15
20245,62,87,-25,25
20246,49,66,-17,17
20247,59,72,-13,13
20248,82,93,-11,11
20249,75,89,-14,14
20250,121,124,-3,3
20251,116,115,1,1
20252,185,183,2,2
20253,139,145,-6,6
20254,73,90,-17,17
20255,147,149,-2,2
20256,109,129,-20,20
20257,119,127,-8,8
20258,83,91,-8,8
20259,122,134,-12,12
20260,84,106,-22,22
20261,130,134,-4,4
20262,137,147,-10,10
20263,96,110,-14,14
20264,81,94,-13,13
20265,123,127,-4,4
20266,83,84,-1,1
20267,104,109,-5,5
20268,121,119,2,2
20269,130,132,-2,2
20270,104,112,-8,8
20271,107,113,-6,6
20272,121,126,-5,5
20273,76,90,-14,14
20274,59,77,-18,18
20275,127,138,-11,11
20276,179,182,-3,3
20277,70,88,-18,18
20278,83,98,-15,15
20279,83,98,-15,15
20280,52,84,-32,32
20281,58,80,-22,22
20282,116,129,-13,13
20283,57,81,-24,24
20284,107,109,-2,2
20285,164,161,3,3
20286,110,114,-4,4
20287,101,108,-7,7
20288,159,153,6,6
20289,103,123,-20,20
20290,133,147,-14,14
20291,59,89,-30,30
20292,93,116,-23,23
20293,129,128,1,1
20294,49,79,-30,30
20295,98,112,-14,14
20296,100,107,-7,7
20297,131,137,-6,6
20298,140,149,-9,9
20299,87,105,-18,18
20300,138,141,-3,3
20301,145,148,-3,3
20302,124,128,-4,4
20303,111,118,-7,7
20304,128,130,-2,2
20305,83,85,-2,2
20306,90,110,-20,20
20307,96,104,-8,8
20308,160,153,7,7
20309,75,90,-15,15
20310,83,101,-18,18
20311,115,122,-7,7
20312,78,95,-17,17
20313,91,99,-8,8
20314,60,74,-14,14
20315,92,103,-11,11
20316,107,109,-2,2
20317,94,114,-20,20
20318,75,115,-40,40
20319,60,72,-12,12
20320,58,83,-25,25
20321,103,115,-12,12
20322,68,83,-15,15
20323,141,139,2,2
20324,89,110,-21,21
20325,172,155,17,17
20326,147,149,-2,2
20327,94,100,-6,6
20328,128,133,-5,5
20329,76,89,-13,13
20330,97,100,-3,3
20331,110,122,-12,12
20332,89,104,-15,15
20333,72,81,-9,9
20334,104,121,-17,17
20335,82,114,-32,32
20336,87,99,-12,12
20337,96,115,-19,19
20338,94,113,-19,19
20339,158,170,-12,12
20340,102,119,-17,17
20341,62,83,-21,21
20342,53,75,-22,22
20343,98,106,-8,8
20344,96,101,-5,5
20345,79,96,-17,17
20346,131,125,6,6
20347,44,64,-20,20
20348,102,105,-3,3
20349,69,92,-23,23
20350,106,121,-15,15
20351,128,143,-15,15
20352,49,71,-22,22
20353,123,123,0,0
20354,191,162,29,29
20355,116,117,-1,1
20356,127,128,-1,1
20357,42,60,-18,18
20358,124,116,8,8
20359,92,114,-22,22
20360,143,143,0,0
20361,68,81,-13,13
20362,111,117,-6,6
20363,120,139,-19,19
20364,93,101,-8,8
20365,46,68,-22,22
20366,116,125,-9,9
20367,84,96,-12,12
20368,39,61,-22,22
20369,70,77,-7,7
20370,59,93,-34,34
20371,107,139,-32,32
20372,59,71,-12,12
20373,115,119,-4,4
20374,92,112,-20,20
20375,105,126,-21,21
20376,110,112,-2,2
20377,60,74,-14,14
20378,119,121,-2,2
20379,106,122,-16,16
20380,90,105,-15,15
20381,63,82,-19,19
20382,103,110,-7,7
20383,105,123,-18,18
20384,98,109,-11,11
20385,48,68,-20,20
20386,110,143,-33,33
20387,119,117,2,2
20388,86,102,-16,16
20389,82,111,-29,29
20390,65,76,-11,11
20391,89,102,-13,13
20392,118,132,-14,14
20393,146,145,1,1
20394,65,88,-23,23
20395,125,134,-9,9
20396,87,98,-11,11
20397,89,106,-17,17
20398,75,87,-12,12
20399,87,97,-10,10
20400,130,141,-11,11
20401,51,67,-16,16
20402,129,145,-16,16
20403,81,89,-8,8
20404,80,89,-9,9
20405,66,80,-14,14
20406,47,68,-21,21
20407,103,120,-17,17
20408,77,108,-31,31
20409,60,86,-26,26
20410,133,138,-5,5
20411,66,79,-13,13
20412,161,152,9,9
20413,101,123,-22,22
20414,80,94,-14,14
20415,124,138,-14,14
20416,140,145,-5,5
20417,120,121,-1,1
20418,141,139,2,2
20419,90,101,-11,11
20420,54,77,-23,23
20421,63,77,-14,14
20422,115,129,-14,14
20423,59,83,-24,24
20424,68,86,-18,18
20425,51,72,-21,21
20426,56,75,-19,19
20427,69,96,-27,27
20428,71,88,-17,17
20429,103,119,-16,16
20430,94,109,-15,15
20431,157,165,-8,8
20432,122,125,-3,3
20433,111,118,-7,7
20434,120,140,-20,20
20435,103,104,-1,1
20436,62,84,-22,22
20437,130,142,-12,12
20438,81,93,-12,12
20439,166,148,18,18
20440,79,98,-19,19
20441,90,104,-14,14
20442,91,106,-15,15
20443,44,62,-18,18
20444,87,106,-19,19
20445,117,124,-7,7
20446,101,116,-15,15
20447,106,127,-21,21
20448,102,106,-4,4
20449,74,86,-12,12
20450,175,159,16,16
20451,71,94,-23,23
20452,122,128,-6,6
20453,165,155,10,10
20454,134,138,-4,4
20455,192,170,22,22
20456,80,87,-7,7
20457,65,78,-13,13
20458,105,120,-15,15
20459,121,125,-4,4
20460,84,101,-17,17
20461,106,124,-18,18
20462,91,102,-11,11
20463,174,171,3,3
20464,64,72,-8,8
20465,58,73,-15,15
20466,76,83,-7,7
20467,70,89,-19,19
20468,143,146,-3,3
20469,92,102,-10,10
20470,94,106,-12,12
20471,95,102,-7,7
20472,119,123,-4,4
20473,101,99,2,2
20474,110,119,-9,9
20475,144,153,-9,9
20476,129,149,-20,20
20477,79,90,-11,11
20478,99,114,-15,15
20479,85,97,-12,12
20480,142,138,4,4
20481,77,100,-23,23
20482,62,79,-17,17
20483,122,133,-11,11
20484,106,121,-15,15
20485,52,64,-12,12
20486,79,95,-16,16
20487,95,98,-3,3
20488,77,96,-19,19
20489,89,102,-13,13
20490,70,91,-21,21
20491,97,106,-9,9
20492,100,119,-19,19
20493,79,87,-8,8
20494,138,147,-9,9
20495,123,119,4,4
20496,152,141,11,11
20497,135,139,-4,4
20498,83,98,-15,15
20499,118,116,2,2
20500,91,100,-9,9
20501,83,98,-15,15
20502,77,91,-14,14
20503,69,84,-15,15
20504,68,81,-13,13
20505,139,143,-4,4
20506,171,160,11,11
20507,80,96,-16,16
20508,83,91,-8,8
20509,108,111,-3,3
20510,92,107,-15,15
20511,59,74,-15,15
20512,74,83,-9,9
20513,62,75,-13,13
20514,138,139,-1,1
20515,55,70,-15,15
20516,85,91,-6,6
20517,77,88,-11,11
20518,39,55,-16,16
20519,65,84,-19,19
20520,109,124,-15,15
20521,91,110,-19,19
20522,74,84,-10,10
20523,74,95,-21,21
20524,154,151,3,3
20525,153,148,5,5
20526,40,52,-12,12
20527,110,121,-11,11
20528,63,79,-16,16
20529,114,120,-6,6
20530,114,130,-16,16
20531,62,85,-23,23
20532,81,83,-2,2
20533,49,68,-19,19
20534,63,77,-14,14
20535,93,104,-11,11
20536,76,86,-10,10
20537,146,148,-2,2
20538,87,94,-7,7
20539,162,152,10,10
20540,91,110,-19,19
20541,107,139,-32,32
20542,82,101,-19,19
20543,97,102,-5,5
20544,42,61,-19,19
20545,81,93,-12,12
20546,115,120,-5,5
20547,120,126,-6,6
20548,62,77,-15,15
20549,131,146,-15,15
20550,82,96,-14,14
20551,59,76,-17,17
20552,127,142,-15,15
20553,100,102,-2,2
20554,92,100,-8,8
20555,55,76,-21,21
20556,111,116,-5,5
20557,92,101,-9,9
20558,111,125,-14,14
20559,189,160,29,29
20560,93,95,-2,2
20561,61,74,-13,13
20562,50,62,-12,12
20563,62,77,-15,15
20564,46,65,-19,19
20565,145,150,-5,5
20566,82,97,-15,15
20567,83,95,-12,12
20568,78,90,-12,12
20569,69,77,-8,8
20570,117,122,-5,5
20571,142,146,-4,4
20572,111,121,-10,10
20573,72,83,-11,11
20574,95,101,-6,6
20575,141,135,6,6
20576,179,164,15,15
20577,85,104,-19,19
20578,286,208,78,78
20579,87,94,-7,7
20580,93,105,-12,12
20581,87,97,-10,10
20582,49,73,-24,24
20583,87,103,-16,16
20584,143,131,12,12
20585,98,126,-28,28
20586,70,85,-15,15
20587,112,125,-13,13
20588,53,73,-20,20
20589,55,75,-20,20
20590,88,97,-9,9
20591,113,125,-12,12
20592,86,101,-15,15
20593,59,69,-10,10
20594,62,74,-12,12
20595,71,93,-22,22
20596,102,130,-28,28
20597,69,88,-19,19
20598,117,125,-8,8
20599,79,91,-12,12
20600,131,148,-17,17
20601,45,64,-19,19
20602,81,94,-13,13
20603,62,86,-24,24
20604,82,104,-22,22
20605,86,103,-17,17
20606,52,64,-12,12
20607,79,91,-12,12
20608,108,112,-4,4
20609,62,80,-18,18
20610,94,107,-13,13
20611,74,96,-22,22
20612,136,136,0,0
20613,151,149,2,2
20614,145,151,-6,6
20615,99,109,-10,10
20616,169,173,-4,4
20617,69,84,-15,15
20618,54,71,-17,17
20619,93,98,-5,5
20620,106,115,-9,9
20621,77,88,-11,11
20622,100,124,-24,24
20623,96,115,-19,19
20624,56,67,-11,11
20625,99,106,-7,7
20626,115,129,-14,14
20627,90,101,-11,11
20628,56,83,-27,27
20629,83,90,-7,7
20630,117,117,0,0
20631,75,92,-17,17
20632,88,98,-10,10
20633,80,92,-12,12
20634,150,136,14,14
20635,126,123,3,3
20636,92,103,-11,11
20637,117,123,-6,6
20638,75,89,-14,14
20639,92,95,-3,3
20640,72,89,-17,17
20641,45,66,-21,21
20642,55,82,-27,27
20643,123,143,-20,20
20644,127,128,-1,1
20645,128,141,-13,13
20646,161,155,6,6
20647,130,134,-4,4
20648,87,93,-6,6
20649,223,180,43,43
20650,79,95,-16,16
20651,155,147,8,8
20652,77,94,-17,17
20653,82,84,-2,2
20654,101,113,-12,12
20655,89,106,-17,17
20656,106,120,-14,14
20657,68,79,-11,11
20658,98,109,-11,11
20659,102,117,-15,15
20660,88,91,-3,3
20661,102,109,-7,7
20662,173,154,19,19
20663,52,82,-30,30
20664,114,123,-9,9
20665,85,87,-2,2
20666,86,95,-9,9
20667,77,82,-5,5
20668,81,94,-13,13
20669,89,96,-7,7
20670,149,147,2,2
20671,68,94,-26,26
20672,77,87,-10,10
20673,83,95,-12,12
20674,71,87,-16,16
20675,71,87,-16,16
20676,91,105,-14,14
20677,56,86,-30,30
20678,80,93,-13,13
20679,129,129,0,0
20680,95,104,-9,9
20681,114,115,-1,1
20682,149,146,3,3
20683,74,82,-8,8
20684,84,91,-7,7
20685,72,84,-12,12
20686,119,128,-9,9
20687,82,85,-3,3
20688,94,128,-34,34
20689,89,110,-21,21
20690,45,64,-19,19
20691,77,82,-5,5
20692,169,167,2,2
20693,100,100,0,0
20694,114,116,-2,2
20695,95,106,-11,11
20696,97,123,-26,26
20697,224,204,20,20
20698,96,108,-12,12
20699,66,85,-19,19
20700,97,109,-12,12
20701,113,122,-9,9
20702,107,128,-21,21
20703,59,87,-28,28
20704,148,154,-6,6
20705,66,73,-7,7
20706,151,154,-3,3
20707,87,99,-12,12
20708,119,119,0,0
20709,63,73,-10,10
20710,122,127,-5,5
20711,75,87,-12,12
20712,142,144,-2,2
20713,33,54,-21,21
20714,86,101,-15,15
20715,33,54,-21,21
20716,144,130,14,14
20717,124,128,-4,4
20718,77,89,-12,12
20719,144,147,-3,3
20720,88,105,-17,17
20721,87,106,-19,19
20722,45,58,-13,13
20723,104,102,2,2
20724,70,87,-17,17
20725,87,101,-14,14
20726,139,146,-7,7
20727,136,145,-9,9
20728,85,89,-4,4
20729,106,122,-16,16
20730,134,134,0,0
20731,98,106,-8,8
20732,77,93,-16,16
20733,131,141,-10,10
20734,125,148,-23,23
20735,76,86,-10,10
20736,110,119,-9,9
20737,123,125,-2,2
20738,56,66,-10,10
20739,62,79,-17,17
20740,59,74,-15,15
20741,96,115,-19,19
20742,107,113,-6,6
20743,126,139,-13,13
20744,114,127,-13,13
20745,85,104,-19,19
20746,63,74,-11,11
20747,59,89,-30,30
20748,80,86,-6,6
20749,93,97,-4,4
20750,82,103,-21,21
20751,73,84,-11,11
20752,133,138,-5,5
20753,145,142,3,3
20754,78,88,-10,10
20755,89,101,-12,12
20756,81,91,-10,10
20757,100,112,-12,12
20758,129,145,-16,16
20759,80,100,-20,20
20760,122,125,-3,3
20761,26,57,-31,31
20762,151,148,3,3
20763,118,133,-15,15
20764,146,143,3,3
20765,75,86,-11,11
20766,80,123,-43,43
20767,52,76,-24,24
20768,128,126,2,2
20769,76,103,-27,27
20770,73,90,-17,17
20771,55,69,-14,14
20772,94,106,-12,12
20773,115,117,-2,2
20774,70,86,-16,16
20775,125,123,2,2
20776,50,63,-13,13
20777,90,104,-14,14
20778,110,117,-7,7
20779,120,136,-16,16
20780,62,80,-18,18
20781,78,103,-25,25
20782,132,141,-9,9
20783,46,62,-16,16
20784,140,150,-10,10
20785,97,102,-5,5
20786,53,70,-17,17
20787,93,108,-15,15
20788,145,142,3,3
20789,84,102,-18,18
20790,121,132,-11,11
20791,124,136,-12,12
20792,65,77,-12,12
20793,129,146,-17,17
20794,111,119,-8,8
20795,81,85,-4,4
20796,87,88,-1,1
20797,64,82,-18,18
20798,92,99,-7,7
20799,74,88,-14,14
20800,78,90,-12,12
20801,72,98,-26,26
20802,101,113,-12,12
20803,35,60,-25,25
20804,171,157,14,14
20805,54,69,-15,15
20806,155,162,-7,7
20807,151,153,-2,2
20808,45,64,-19,19
20809,87,99,-12,12
20810,115,119,-4,4
20811,75,83,-8,8
20812,89,104,-15,15
20813,134,138,-4,4
20814,65,83,-18,18
20815,51,67,-16,16
20816,33,55,-22,22
20817,85,109,-24,24
20818,114,128,-14,14
20819,120,130,-10,10
20820,83,98,-15,15
20821,106,121,-15,15
20822,41,64,-23,23
20823,101,127,-26,26
20824,134,141,-7,7
20825,132,136,-4,4
20826,53,63,-10,10
20827,89,100,-11,11
20828,120,131,-11,11
20829,106,124,-18,18
20830,165,158,7,7
20831,59,83,-24,24
20832,77,92,-15,15
20833,105,113,-8,8
20834,113,125,-12,12
20835,85,103,-18,18
20836,57,71,-14,14
20837,101,120,-19,19
20838,109,114,-5,5
20839,129,144,-15,15
20840,75,98,-23,23
20841,143,146,-3,3
20842,48,68,-20,20
20843,115,133,-18,18
20844,57,118,-61,61
20845,76,88,-12,12
20846,79,90,-11,11
20847,107,117,-10,10
20848,61,80,-19,19
20849,134,143,-9,9
20850,93,102,-9,9
20851,141,147,-6,6
20852,81,87,-6,6
20853,65,91,-26,26
20854,148,147,1,1
20855,70,96,-26,26
20856,78,102,-24,24
20857,46,63,-17,17
20858,108,122,-14,14
20859,94,106,-12,12
20860,165,162,3,3
20861,83,104,-21,21
20862,131,139,-8,8
20863,91,96,-5,5
20864,86,129,-43,43
20865,99,112,-13,13
20866,111,107,4,4
20867,93,104,-11,11
20868,82,73,9,9
20869,60,89,-29,29
20870,89,102,-13,13
20871,153,151,2,2
20872,102,113,-11,11
20873,92,110,-18,18
20874,102,112,-10,10
20875,118,131,-13,13
20876,75,81,-6,6
20877,176,167,9,9
20878,129,132,-3,3
20879,69,94,-25,25
20880,83,92,-9,9
20881,124,130,-6,6
20882,68,75,-7,7
20883,102,109,-7,7
20884,63,76,-13,13
20885,96,121,-25,25
20886,120,139,-19,19
20887,75,96,-21,21
20888,111,124,-13,13
20889,181,159,22,22
20890,82,95,-13,13
20891,132,139,-7,7
20892,48,90,-42,42
20893,75,91,-16,16
20894,64,80,-16,16
20895,41,58,-17,17
20896,64,90,-26,26
20897,97,110,-13,13
20898,77,94,-17,17
20899,91,99,-8,8
20900,51,71,-20,20
20901,68,84,-16,16
20902,121,134,-13,13
20903,86,97,-11,11
20904,59,77,-18,18
20905,107,123,-16,16
20906,84,106,-22,22
20907,55,70,-15,15
20908,76,102,-26,26
20909,93,98,-5,5
20910,40,59,-19,19
20911,118,112,6,6
20912,156,154,2,2
20913,126,132,-6,6
20914,74,84,-10,10
20915,96,111,-15,15
20916,121,133,-12,12
20917,76,82,-6,6
20918,122,140,-18,18
20919,89,96,-7,7
20920,59,72,-13,13
20921,84,89,-5,5
20922,83,93,-10,10
20923,73,83,-10,10
20924,63,75,-12,12
20925,64,83,-19,19
20926,125,125,0,0
20927,101,105,-4,4
20928,122,139,-17,17
20929,63,76,-13,13
20930,107,121,-14,14
20931,68,82,-14,14
20932,74,86,-12,12
20933,102,117,-15,15
20934,119,134,-15,15
20935,106,106,0,0
20936,66,79,-13,13
20937,87,101,-14,14
20938,85,96,-11,11
20939,66,73,-7,7
20940,145,146,-1,1
20941,180,155,25,25
20942,75,88,-13,13
20943,63,88,-25,25
20944,144,148,-4,4
20945,66,80,-14,14
20946,49,58,-9,9
20947,98,109,-11,11
20948,77,87,-10,10
20949,105,115,-10,10
20950,81,115,-34,34
20951,92,97,-5,5
20952,104,123,-19,19
20953,151,149,2,2
20954,51,68,-17,17
20955,124,142,-18,18
20956,84,95,-11,11
20957,58,76,-18,18
20958,108,112,-4,4
20959,41,61,-20,20
20960,151,148,3,3
20961,113,113,0,0
20962,138,140,-2,2
20963,70,94,-24,24
20964,106,118,-12,12
20965,95,115,-20,20
20966,121,137,-16,16
20967,66,76,-10,10
20968,98,106,-8,8
20969,70,88,-18,18
20970,142,146,-4,4
20971,139,147,-8,8
20972,62,74,-12,12
20973,138,150,-12,12
20974,70,86,-16,16
20975,138,128,10,10
20976,105,112,-7,7
20977,61,76,-15,15
20978,113,125,-12,12
20979,173,152,21,21
20980,94,100,-6,6
20981,90,97,-7,7
20982,112,116,-4,4
20983,43,60,-17,17
20984,140,148,-8,8
20985,197,195,2,2
20986,116,120,-4,4
20987,229,205,24,24
20988,119,126,-7,7
20989,80,82,-2,2
20990,115,127,-12,12
20991,61,85,-24,24
20992,41,64,-23,23
20993,101,107,-6,6
20994,185,181,4,4
20995,46,67,-21,21
20996,221,202,19,19
20997,113,119,-6,6
20998,60,81,-21,21
20999,116,113,3,3
21000,125,130,-5,5
21001,99,111,-12,12
21002,97,127,-30,30
21003,171,154,17,17
21004,79,97,-18,18
21005,73,88,-15,15
21006,80,101,-21,21
21007,148,148,0,0
21008,111,137,-26,26
21009,110,126,-16,16
21010,84,105,-21,21
21011,60,84,-24,24
21012,94,96,-2,2
21013,57,74,-17,17
21014,118,125,-7,7
21015,115,125,-10,10
21016,118,138,-20,20
21017,133,131,2,2
21018,67,85,-18,18
21019,148,148,0,0
21020,34,108,-74,74
21021,59,72,-13,13
21022,71,82,-11,11
21023,59,72,-13,13
21024,58,89,-31,31
21025,61,70,-9,9
21026,105,117,-12,12
21027,144,147,-3,3
21028,135,140,-5,5
21029,120,127,-7,7
21030,180,173,7,7
21031,177,154,23,23
21032,115,136,-21,21
21033,138,139,-1,1
21034,113,110,3,3
21035,97,106,-9,9
21036,88,96,-8,8
21037,108,131,-23,23
21038,106,112,-6,6
21039,81,94,-13,13
21040,105,113,-8,8
21041,30,53,-23,23
21042,97,110,-13,13
21043,39,60,-21,21
21044,57,74,-17,17
21045,92,127,-35,35
21046,85,93,-8,8
21047,94,98,-4,4
21048,165,152,13,13
21049,119,133,-14,14
21050,120,122,-2,2
21051,139,137,2,2
21052,42,59,-17,17
21053,78,92,-14,14
21054,78,99,-21,21
21055,73,82,-9,9
21056,84,97,-13,13
21057,159,151,8,8
21058,84,100,-16,16
21059,133,138,-5,5
21060,87,104,-17,17
21061,147,144,3,3
21062,83,96,-13,13
21063,51,77,-26,26
21064,107,113,-6,6
21065,62,76,-14,14
21066,94,103,-9,9
21067,62,76,-14,14
21068,79,89,-10,10
21069,177,151,26,26
21070,104,102,2,2
21071,85,108,-23,23
21072,100,104,-4,4
21073,69,86,-17,17
21074,119,135,-16,16
21075,90,92,-2,2
21076,82,91,-9,9
21077,54,67,-13,13
21078,115,118,-3,3
21079,74,84,-10,10
21080,113,121,-8,8
21081,56,74,-18,18
21082,68,89,-21,21
21083,195,180,15,15
21084,150,141,9,9
21085,62,89,-27,27
21086,71,84,-13,13
21087,81,92,-11,11
21088,131,141,-10,10
21089,90,101,-11,11
21090,86,105,-19,19
21091,168,170,-2,2
21092,101,110,-9,9
21093,109,117,-8,8
21094,71,122,-51,51
21095,67,79,-12,12
21096,115,119,-4,4
21097,95,96,-1,1
21098,84,92,-8,8
21099,74,95,-21,21
21100,69,83,-14,14
21101,63,85,-22,22
21102,127,132,-5,5
21103,82,101,-19,19
21104,78,88,-10,10
21105,78,90,-12,12
21106,147,149,-2,2
21107,96,104,-8,8
21108,72,94,-22,22
21109,65,78,-13,13
21110,107,122,-15,15
21111,119,122,-3,3
21112,101,102,-1,1
21113,162,151,11,11
21114,119,124,-5,5
21115,93,105,-12,12
21116,102,113,-11,11
21117,145,147,-2,2
21118,94,98,-4,4
21119,83,98,-15,15
21120,166,154,12,12
21121,63,83,-20,20
21122,90,101,-11,11
21123,53,69,-16,16
21124,103,118,-15,15
21125,117,122,-5,5
21126,99,109,-10,10
21127,44,65,-21,21
21128,149,148,1,1
21129,104,112,-8,8
21130,225,208,17,17
21131,101,108,-7,7
21132,101,110,-9,9
21133,76,83,-7,7
21134,80,90,-10,10
21135,70,81,-11,11
21136,130,121,9,9
21137,148,147,1,1
21138,70,91,-21,21
21139,137,149,-12,12
21140,59,72,-13,13
21141,71,88,-17,17
21142,134,141,-7,7
21143,116,121,-5,5
21144,104,114,-10,10
21145,63,83,-20,20
21146,61,75,-14,14
21147,89,121,-32,32
21148,61,72,-11,11
21149,97,107,-10,10
21150,102,107,-5,5
21151,63,76,-13,13
21152,165,156,9,9
21153,88,107,-19,19
21154,112,112,0,0
21155,90,102,-12,12
21156,179,169,10,10
21157,89,108,-19,19
21158,19,44,-25,25
21159,123,128,-5,5
21160,111,144,-33,33
21161,89,99,-10,10
21162,86,108,-22,22
21163,92,111,-19,19
21164,93,102,-9,9
21165,91,101,-10,10
21166,70,85,-15,15
21167,105,113,-8,8
21168,85,94,-9,9
21169,78,84,-6,6
21170,112,122,-10,10
21171,96,110,-14,14
21172,54,72,-18,18
21173,121,117,4,4
21174,131,135,-4,4
21175,66,80,-14,14
21176,61,79,-18,18
21177,80,95,-15,15
21178,89,99,-10,10
21179,74,81,-7,7
21180,65,89,-24,24
21181,101,117,-16,16
21182,97,98,-1,1
21183,108,120,-12,12
21184,96,116,-20,20
21185,132,137,-5,5
21186,62,74,-12,12
21187,82,88,-6,6
21188,154,145,9,9
21189,82,98,-16,16
21190,50,66,-16,16
21191,68,80,-12,12
21192,124,146,-22,22
21193,74,84,-10,10
21194,149,151,-2,2
21195,59,83,-24,24
21196,56,72,-16,16
21197,58,72,-14,14
21198,151,156,-5,5
21199,113,119,-6,6
21200,74,115,-41,41
21201,71,84,-13,13
21202,86,96,-10,10
21203,65,75,-10,10
21204,69,91,-22,22
21205,161,154,7,7
21206,89,103,-14,14
21207,36,59,-23,23
21208,55,67,-12,12
21209,97,106,-9,9
21210,89,93,-4,4
21211,64,76,-12,12
21212,98,112,-14,14
21213,89,96,-7,7
21214,44,58,-14,14
21215,162,155,7,7
21216,126,144,-18,18
21217,82,97,-15,15
21218,77,101,-24,24
21219,81,94,-13,13
21220,137,143,-6,6
21221,69,84,-15,15
21222,86,95,-9,9
21223,67,87,-20,20
21224,101,108,-7,7
21225,74,91,-17,17
21226,71,82,-11,11
21227,66,80,-14,14
21228,104,116,-12,12
21229,111,135,-24,24
21230,86,101,-15,15
21231,96,112,-16,16
21232,79,91,-12,12
21233,183,183,0,0
21234,89,98,-9,9
21235,133,134,-1,1
21236,80,92,-12,12
21237,72,86,-14,14
21238,109,107,2,2
21239,107,112,-5,5
21240,84,95,-11,11
21241,67,75,-8,8
21242,102,111,-9,9
21243,66,172,-106,106
21244,132,146,-14,14
21245,103,113,-10,10
21246,91,103,-12,12
21247,111,126,-15,15
21248,110,115,-5,5
21249,156,158,-2,2
21250,44,59,-15,15
21251,48,65,-17,17
21252,79,100,-21,21
21253,58,68,-10,10
21254,134,133,1,1
21255,105,112,-7,7
21256,79,88,-9,9
21257,124,161,-37,37
21258,109,112,-3,3
21259,79,90,-11,11
21260,66,84,-18,18
21261,93,98,-5,5
21262,93,104,-11,11
21263,85,111,-26,26
21264,92,101,-9,9
21265,103,117,-14,14
21266,104,110,-6,6
21267,108,123,-15,15
21268,82,93,-11,11
21269,92,108,-16,16
21270,41,60,-19,19
21271,47,67,-20,20
21272,79,94,-15,15
21273,101,122,-21,21
21274,66,84,-18,18
21275,83,93,-10,10
21276,89,91,-2,2
21277,55,72,-17,17
21278,137,138,-1,1
21279,92,98,-6,6
21280,131,138,-7,7
21281,99,106,-7,7
21282,100,121,-21,21
21283,82,93,-11,11
21284,57,75,-18,18
21285,74,97,-23,23
21286,79,93,-14,14
21287,83,92,-9,9
21288,118,129,-11,11
21289,133,156,-23,23
21290,129,135,-6,6
21291,70,98,-28,28
21292,145,147,-2,2
21293,149,133,16,16
21294,113,132,-19,19
21295,56,78,-22,22
21296,44,59,-15,15
21297,89,111,-22,22
21298,90,103,-13,13
21299,74,84,-10,10
21300,117,127,-10,10
21301,65,74,-9,9
21302,48,66,-18,18
21303,92,100,-8,8
21304,72,83,-11,11
21305,83,96,-13,13
21306,63,78,-15,15
21307,135,147,-12,12
21308,147,152,-5,5
21309,142,153,-11,11
21310,122,123,-1,1
21311,77,93,-16,16
21312,106,117,-11,11
21313,65,85,-20,20
21314,70,79,-9,9
21315,124,126,-2,2
21316,100,110,-10,10
21317,56,70,-14,14
21318,72,81,-9,9
21319,83,92,-9,9
21320,66,82,-16,16
21321,45,64,-19,19
21322,162,157,5,5
21323,85,99,-14,14
21324,115,126,-11,11
21325,122,130,-8,8
21326,72,84,-12,12
21327,68,89,-21,21
21328,65,80,-15,15
21329,84,94,-10,10
21330,161,148,13,13
21331,149,144,5,5
21332,109,114,-5,5
21333,57,75,-18,18
21334,85,89,-4,4
21335,100,107,-7,7
21336,171,148,23,23
21337,73,90,-17,17
21338,78,93,-15,15
21339,67,93,-26,26
21340,122,143,-21,21
21341,84,89,-5,5
21342,171,154,17,17
21343,87,103,-16,16
21344,140,135,5,5
21345,86,104,-18,18
21346,85,107,-22,22
21347,50,65,-15,15
21348,78,94,-16,16
21349,67,73,-6,6
21350,81,90,-9,9
21351,75,86,-11,11
21352,91,103,-12,12
21353,119,127,-8,8
21354,138,149,-11,11
21355,58,69,-11,11
21356,137,137,0,0
21357,88,110,-22,22
21358,122,128,-6,6
21359,106,111,-5,5
21360,101,115,-14,14
21361,88,102,-14,14
21362,83,88,-5,5
21363,80,87,-7,7
21364,111,124,-13,13
21365,183,172,11,11
21366,73,83,-10,10
21367,97,106,-9,9
21368,55,76,-21,21
21369,116,134,-18,18
21370,78,88,-10,10
21371,99,109,-10,10
21372,141,141,0,0
21373,56,70,-14,14
21374,65,80,-15,15
21375,72,84,-12,12
21376,99,89,10,10
21377,96,104,-8,8
21378,69,88,-19,19
21379,94,117,-23,23
21380,98,106,-8,8
21381,55,73,-18,18
21382,107,120,-13,13
21383,68,74,-6,6
21384,84,102,-18,18
21385,65,78,-13,13
21386,177,155,22,22
21387,62,74,-12,12
21388,182,162,20,20
21389,72,67,5,5
21390,151,149,2,2
21391,80,87,-7,7
21392,122,136,-14,14
21393,136,132,4,4
21394,141,143,-2,2
21395,88,95,-7,7
21396,88,92,-4,4
21397,127,132,-5,5
21398,92,105,-13,13
21399,74,83,-9,9
21400,111,118,-7,7
21401,204,199,5,5
21402,111,115,-4,4
21403,59,71,-12,12
21404,129,122,7,7
21405,107,112,-5,5
21406,104,105,-1,1
21407,76,94,-18,18
21408,113,128,-15,15
21409,110,121,-11,11
21410,69,79,-10,10
21411,67,81,-14,14
21412,85,94,-9,9
21413,94,108,-14,14
21414,93,100,-7,7
21415,90,101,-11,11
21416,61,64,-3,3
21417,56,67,-11,11
21418,114,118,-4,4
21419,71,79,-8,8
21420,86,109,-23,23
21421,114,124,-10,10
21422,50,65,-15,15
21423,155,151,4,4
21424,108,127,-19,19
21425,104,101,3,3
21426,89,97,-8,8
21427,75,82,-7,7
21428,149,148,1,1
21429,94,100,-6,6
21430,63,90,-27,27
21431,127,145,-18,18
21432,103,118,-15,15
21433,90,94,-4,4
21434,64,90,-26,26
21435,144,148,-4,4
21436,119,118,1,1
21437,45,68,-23,23
21438,78,93,-15,15
21439,45,70,-25,25
21440,113,131,-18,18
21441,89,105,-16,16
21442,122,138,-16,16
21443,93,103,-10,10
21444,54,72,-18,18
21445,89,90,-1,1
21446,85,92,-7,7
21447,101,116,-15,15
21448,132,148,-16,16
21449,47,60,-13,13
21450,83,93,-10,10
21451,89,92,-3,3
21452,77,86,-9,9
21453,150,149,1,1
21454,130,126,4,4
21455,85,98,-13,13
21456,114,119,-5,5
21457,155,152,3,3
21458,63,77,-14,14
21459,94,110,-16,16
21460,42,55,-13,13
21461,138,146,-8,8
21462,78,101,-23,23
21463,79,88,-9,9
21464,95,106,-11,11
21465,80,84,-4,4
21466,80,104,-24,24
21467,39,69,-30,30
21468,143,144,-1,1
21469,88,96,-8,8
21470,47,66,-19,19
21471,70,84,-14,14
21472,174,158,16,16
21473,148,149,-1,1
21474,185,161,24,24
21475,122,138,-16,16
21476,138,141,-3,3
21477,99,108,-9,9
21478,50,65,-15,15
21479,104,107,-3,3
21480,69,80,-11,11
21481,127,130,-3,3
21482,59,79,-20,20
21483,89,103,-14,14
21484,81,95,-14,14
21485,64,85,-21,21
21486,124,131,-7,7
21487,75,95,-20,20
21488,102,109,-7,7
21489,156,148,8,8
21490,81,94,-13,13
21491,90,99,-9,9
21492,58,92,-34,34
21493,153,142,11,11
21494,100,107,-7,7
21495,133,131,2,2
21496,133,132,1,1
21497,68,87,-19,19
21498,104,113,-9,9
21499,74,83,-9,9
21500,138,137,1,1
21501,83,98,-15,15
21502,125,146,-21,21
21503,98,109,-11,11
21504,92,99,-7,7
21505,39,55,-16,16
21506,93,106,-13,13
21507,47,73,-26,26
21508,72,90,-18,18
21509,138,139,-1,1
21510,81,95,-14,14
21511,102,113,-11,11
21512,146,147,-1,1
21513,80,89,-9,9
21514,76,86,-10,10
21515,130,147,-17,17
21516,138,133,5,5
21517,69,91,-22,22
21518,134,131,3,3
21519,73,90,-17,17
21520,55,74,-19,19
21521,68,88,-20,20
21522,78,107,-29,29
21523,85,93,-8,8
21524,118,125,-7,7
21525,80,91,-11,11
21526,153,156,-3,3
21527,81,80,1,1
21528,85,96,-11,11
21529,117,123,-6,6
21530,126,137,-11,11
21531,34,53,-19,19
21532,72,81,-9,9
21533,138,139,-1,1
21534,82,97,-15,15
21535,113,127,-14,14
21536,63,85,-22,22
21537,80,86,-6,6
21538,67,80,-13,13
21539,117,139,-22,22
21540,120,124,-4,4
21541,75,85,-10,10
21542,117,127,-10,10
21543,103,114,-11,11
21544,149,156,-7,7
21545,169,165,4,4
21546,85,107,-22,22
21547,91,94,-3,3
21548,121,131,-10,10
21549,95,121,-26,26
21550,123,137,-14,14
21551,36,63,-27,27
21552,71,90,-19,19
21553,106,113,-7,7
21554,101,104,-3,3
21555,60,95,-35,35
21556,68,80,-12,12
21557,76,87,-11,11
21558,91,99,-8,8
21559,84,96,-12,12
21560,97,109,-12,12
21561,75,92,-17,17
21562,44,62,-18,18
21563,78,81,-3,3
21564,55,72,-17,17
21565,106,129,-23,23
21566,125,129,-4,4
21567,185,163,22,22
21568,148,163,-15,15
21569,156,149,7,7
21570,128,131,-3,3
21571,96,105,-9,9
21572,99,108,-9,9
21573,63,87,-24,24
21574,78,97,-19,19
21575,162,148,14,14
21576,75,89,-14,14
21577,103,111,-8,8
21578,110,115,-5,5
21579,116,124,-8,8
21580,51,69,-18,18
21581,126,131,-5,5
21582,37,67,-30,30
21583,109,111,-2,2
21584,115,129,-14,14
21585,70,79,-9,9
21586,94,117,-23,23
21587,113,121,-8,8
21588,91,102,-11,11
21589,71,90,-19,19
21590,55,77,-22,22
21591,63,85,-22,22
21592,59,73,-14,14
21593,81,93,-12,12
21594,135,144,-9,9
21595,95,106,-11,11
21596,67,91,-24,24
21597,80,92,-12,12
21598,73,95,-22,22
21599,98,105,-7,7
21600,104,110,-6,6
21601,63,74,-11,11
21602,60,72,-12,12
21603,117,125,-8,8
21604,60,73,-13,13
21605,127,135,-8,8
21606,121,114,7,7
21607,118,129,-11,11
21608,80,91,-11,11
21609,77,92,-15,15
21610,104,106,-2,2
21611,182,197,-15,15
21612,90,107,-17,17
21613,49,63,-14,14
21614,86,99,-13,13
21615,88,98,-10,10
21616,114,116,-2,2
21617,56,68,-12,12
21618,66,73,-7,7
21619,68,99,-31,31
21620,88,100,-12,12
21621,45,87,-42,42
21622,231,216,15,15
21623,136,137,-1,1
21624,69,81,-12,12
21625,123,139,-16,16
21626,60,71,-11,11
21627,72,87,-15,15
21628,84,99,-15,15
21629,123,131,-8,8
21630,58,82,-24,24
21631,58,70,-12,12
21632,71,84,-13,13
21633,97,102,-5,5
21634,61,76,-15,15
21635,57,81,-24,24
21636,172,162,10,10
21637,62,84,-22,22
21638,112,127,-15,15
21639,126,134,-8,8
21640,85,93,-8,8
21641,105,124,-19,19
21642,100,112,-12,12
21643,117,139,-22,22
21644,76,102,-26,26
21645,85,95,-10,10
21646,187,162,25,25
21647,145,145,0,0
21648,64,85,-21,21
21649,107,111,-4,4
21650,140,145,-5,5
21651,46,68,-22,22
21652,63,73,-10,10
21653,93,102,-9,9
21654,111,123,-12,12
21655,60,73,-13,13
21656,120,125,-5,5
21657,67,82,-15,15
21658,157,152,5,5
21659,133,141,-8,8
21660,112,134,-22,22
21661,119,146,-27,27
21662,86,97,-11,11
21663,128,138,-10,10
21664,109,113,-4,4
21665,133,134,-1,1
21666,62,73,-11,11
21667,167,155,12,12
21668,122,125,-3,3
21669,42,57,-15,15
21670,66,75,-9,9
21671,110,118,-8,8
21672,84,110,-26,26
21673,115,124,-9,9
21674,174,163,11,11
21675,85,95,-10,10
21676,100,109,-9,9
21677,56,74,-18,18
21678,72,81,-9,9
21679,87,98,-11,11
21680,70,111,-41,41
21681,76,86,-10,10
21682,89,101,-12,12
21683,69,84,-15,15
21684,175,159,16,16
21685,191,169,22,22
21686,66,79,-13,13
21687,145,149,-4,4
21688,127,125,2,2
21689,54,67,-13,13
21690,70,79,-9,9
21691,67,81,-14,14
21692,77,86,-9,9
21693,119,135,-16,16
21694,38,63,-25,25
21695,77,92,-15,15
21696,49,61,-12,12
21697,63,95,-32,32
21698,40,57,-17,17
21699,69,90,-21,21
21700,35,59,-24,24
21701,93,101,-8,8
21702,61,88,-27,27
21703,50,62,-12,12
21704,113,128,-15,15
21705,123,121,2,2
21706,75,88,-13,13
21707,94,98,-4,4
21708,71,90,-19,19
21709,114,129,-15,15
21710,68,79,-11,11
21711,129,148,-19,19
21712,61,78,-17,17
21713,92,100,-8,8
21714,76,82,-6,6
21715,106,106,0,0
21716,123,129,-6,6
21717,89,100,-11,11
21718,88,105,-17,17
21719,48,70,-22,22
21720,87,99,-12,12
21721,53,81,-28,28
21722,120,124,-4,4
21723,105,118,-13,13
21724,117,118,-1,1
21725,128,130,-2,2
21726,173,155,18,18
21727,85,101,-16,16
21728,97,101,-4,4
21729,101,108,-7,7
21730,67,83,-16,16
21731,71,83,-12,12
21732,89,93,-4,4
21733,85,106,-21,21
21734,83,95,-12,12
21735,78,84,-6,6
21736,76,87,-11,11
21737,115,120,-5,5
21738,68,77,-9,9
21739,75,87,-12,12
21740,106,105,1,1
21741,76,89,-13,13
21742,123,132,-9,9
21743,82,98,-16,16
21744,82,100,-18,18
21745,162,158,4,4
21746,64,83,-19,19
21747,66,74,-8,8
21748,48,60,-12,12
21749,86,102,-16,16
21750,59,84,-25,25
21751,118,124,-6,6
21752,75,89,-14,14
21753,138,137,1,1
21754,50,65,-15,15
21755,96,92,4,4
21756,68,81,-13,13
21757,83,98,-15,15
21758,93,119,-26,26
21759,78,97,-19,19
21760,45,61,-16,16
21761,85,98,-13,13
21762,123,120,3,3
21763,42,62,-20,20
21764,84,94,-10,10
21765,123,131,-8,8
21766,45,69,-24,24
21767,88,101,-13,13
21768,85,94,-9,9
21769,79,82,-3,3
21770,75,87,-12,12
21771,125,132,-7,7
21772,33,62,-29,29
21773,84,99,-15,15
21774,117,133,-16,16
21775,79,92,-13,13
21776,190,182,8,8
21777,112,124,-12,12
21778,86,100,-14,14
21779,115,122,-7,7
21780,74,84,-10,10
21781,85,98,-13,13
21782,28,49,-21,21
21783,45,63,-18,18
21784,115,126,-11,11
21785,92,102,-10,10
21786,78,86,-8,8
21787,129,134,-5,5
21788,119,120,-1,1
21789,78,92,-14,14
21790,78,81,-3,3
21791,211,186,25,25
21792,95,112,-17,17
21793,101,108,-7,7
21794,163,152,11,11
21795,168,157,11,11
21796,109,118,-9,9
21797,98,113,-15,15
21798,61,75,-14,14
21799,131,143,-12,12
21800,74,83,-9,9
21801,66,89,-23,23
21802,130,133,-3,3
21803,71,82,-11,11
21804,135,147,-12,12
21805,88,95,-7,7
21806,150,162,-12,12
21807,152,150,2,2
21808,117,115,2,2
21809,133,139,-6,6
21810,77,90,-13,13
21811,75,82,-7,7
21812,63,73,-10,10
21813,73,79,-6,6
21814,72,88,-16,16
21815,62,93,-31,31
21816,98,113,-15,15
21817,103,110,-7,7
21818,167,178,-11,11
21819,73,93,-20,20
21820,68,78,-10,10
21821,104,113,-9,9
21822,96,112,-16,16
21823,165,161,4,4
21824,128,135,-7,7
21825,147,148,-1,1
21826,139,146,-7,7
21827,156,148,8,8
21828,86,102,-16,16
21829,78,91,-13,13
21830,78,89,-11,11
21831,89,92,-3,3
21832,115,121,-6,6
21833,122,128,-6,6
21834,47,78,-31,31
21835,60,84,-24,24
21836,87,111,-24,24
21837,77,90,-13,13
21838,115,113,2,2
21839,105,106,-1,1
21840,120,128,-8,8
21841,95,112,-17,17
21842,103,108,-5,5
21843,57,69,-12,12
21844,132,132,0,0
21845,118,125,-7,7
21846,134,129,5,5
21847,85,107,-22,22
21848,130,143,-13,13
21849,107,123,-16,16
21850,112,117,-5,5
21851,63,80,-17,17
21852,176,163,13,13
21853,83,94,-11,11
21854,88,109,-21,21
21855,141,132,9,9
21856,121,127,-6,6
21857,119,119,0,0
21858,51,76,-25,25
21859,60,77,-17,17
21860,103,100,3,3
21861,122,127,-5,5
21862,79,90,-11,11
21863,103,106,-3,3
21864,86,93,-7,7
21865,58,80,-22,22
21866,103,112,-9,9
21867,89,96,-7,7
21868,94,98,-4,4
21869,115,127,-12,12
21870,151,158,-7,7
21871,97,105,-8,8
21872,88,96,-8,8
21873,78,92,-14,14
21874,79,85,-6,6
21875,51,70,-19,19
21876,77,107,-30,30
21877,98,101,-3,3
21878,160,145,15,15
21879,114,121,-7,7
21880,95,106,-11,11
21881,77,93,-16,16
21882,75,89,-14,14
21883,142,140,2,2
21884,72,85,-13,13
21885,150,147,3,3
21886,67,84,-17,17
21887,104,112,-8,8
21888,95,110,-15,15
21889,116,121,-5,5
21890,43,89,-46,46
21891,98,110,-12,12
21892,85,91,-6,6
21893,93,102,-9,9
21894,106,114,-8,8
21895,99,109,-10,10
21896,179,166,13,13
21897,61,90,-29,29
21898,77,90,-13,13
21899,64,75,-11,11
21900,90,104,-14,14
21901,106,126,-20,20
21902,67,80,-13,13
21903,102,113,-11,11
21904,94,86,8,8
21905,92,98,-6,6
21906,81,96,-15,15
21907,84,94,-10,10
21908,131,142,-11,11
21909,96,111,-15,15
21910,89,95,-6,6
21911,107,114,-7,7
21912,73,95,-22,22
21913,81,90,-9,9
21914,69,89,-20,20
21915,73,86,-13,13
21916,150,150,0,0
21917,115,113,2,2
21918,90,98,-8,8
21919,63,88,-25,25
21920,138,136,2,2
21921,125,135,-10,10
21922,111,121,-10,10
21923,124,124,0,0
21924,37,57,-20,20
21925,114,125,-11,11
21926,67,78,-11,11
21927,116,130,-14,14
21928,134,148,-14,14
21929,58,74,-16,16
21930,75,84,-9,9
21931,119,122,-3,3
21932,94,100,-6,6
21933,72,82,-10,10
21934,144,148,-4,4
21935,86,95,-9,9
21936,112,122,-10,10
21937,57,72,-15,15
21938,121,138,-17,17
21939,118,127,-9,9
21940,79,92,-13,13
21941,53,66,-13,13
21942,61,68,-7,7
21943,90,105,-15,15
21944,114,123,-9,9
21945,101,111,-10,10
21946,180,172,8,8
21947,136,152,-16,16
21948,100,108,-8,8
21949,107,119,-12,12
21950,95,111,-16,16
21951,75,89,-14,14
21952,86,104,-18,18
21953,71,91,-20,20
21954,126,136,-10,10
21955,125,130,-5,5
21956,162,156,6,6
21957,71,89,-18,18
21958,60,71,-11,11
21959,118,135,-17,17
21960,104,99,5,5
21961,117,122,-5,5
21962,144,144,0,0
21963,78,96,-18,18
21964,95,105,-10,10
21965,157,152,5,5
21966,70,85,-15,15
21967,68,86,-18,18
21968,125,128,-3,3
21969,111,107,4,4
21970,112,115,-3,3
21971,118,121,-3,3
21972,71,78,-7,7
21973,126,128,-2,2
21974,96,104,-8,8
21975,59,85,-26,26
21976,82,103,-21,21
21977,101,121,-20,20
21978,80,93,-13,13
21979,61,77,-16,16
21980,89,110,-21,21
21981,107,105,2,2
21982,55,74,-19,19
21983,99,101,-2,2
21984,131,146,-15,15
21985,80,86,-6,6
21986,110,106,4,4
21987,94,106,-12,12
21988,32,48,-16,16
21989,105,115,-10,10
21990,103,120,-17,17
21991,152,155,-3,3
21992,136,132,4,4
21993,78,92,-14,14
21994,68,78,-10,10
21995,68,92,-24,24
21996,36,54,-18,18
21997,111,123,-12,12
21998,64,75,-11,11
21999,70,85,-15,15
22000,89,101,-12,12
22001,103,115,-12,12
22002,79,91,-12,12
22003,175,169,6,6
22004,103,125,-22,22
22005,84,97,-13,13
22006,79,89,-10,10
22007,93,109,-16,16
22008,124,128,-4,4
22009,106,118,-12,12
22010,144,145,-1,1
22011,100,106,-6,6
22012,70,88,-18,18
22013,122,138,-16,16
22014,101,110,-9,9
22015,125,128,-3,3
22016,94,106,-12,12
22017,134,148,-14,14
22018,69,87,-18,18
22019,119,120,-1,1
22020,106,110,-4,4
22021,122,131,-9,9
22022,54,72,-18,18
22023,89,100,-11,11
22024,76,102,-26,26
22025,86,101,-15,15
22026,144,140,4,4
22027,93,97,-4,4
22028,105,119,-14,14
22029,101,113,-12,12
22030,81,102,-21,21
22031,85,99,-14,14
22032,157,148,9,9
22033,112,126,-14,14
22034,76,93,-17,17
22035,85,108,-23,23
22036,141,132,9,9
22037,87,103,-16,16
22038,71,92,-21,21
22039,104,122,-18,18
22040,73,89,-16,16
22041,143,143,0,0
22042,92,109,-17,17
22043,80,95,-15,15
22044,98,112,-14,14
22045,80,90,-10,10
22046,54,73,-19,19
22047,134,151,-17,17
22048,70,81,-11,11
22049,114,123,-9,9
22050,80,84,-4,4
22051,90,100,-10,10
22052,82,102,-20,20
22053,103,108,-5,5
22054,82,92,-10,10
22055,92,101,-9,9
22056,82,93,-11,11
22057,66,80,-14,14
22058,124,157,-33,33
22059,61,82,-21,21
22060,63,82,-19,19
22061,91,105,-14,14
22062,72,83,-11,11
22063,54,77,-23,23
22064,87,99,-12,12
22065,104,126,-22,22
22066,61,79,-18,18
22067,125,121,4,4
22068,129,141,-12,12
22069,33,63,-30,30
22070,97,113,-16,16
22071,73,105,-32,32
22072,154,148,6,6
22073,74,87,-13,13
22074,125,137,-12,12
22075,54,71,-17,17
22076,68,88,-20,20
22077,91,95,-4,4
22078,68,79,-11,11
22079,92,116,-24,24
22080,117,116,1,1
22081,98,120,-22,22
22082,124,120,4,4
22083,71,89,-18,18
22084,66,79,-13,13
22085,37,57,-20,20
22086,108,114,-6,6
22087,59,72,-13,13
22088,84,98,-14,14
22089,162,151,11,11
22090,108,118,-10,10
22091,120,125,-5,5
22092,102,121,-19,19
22093,68,93,-25,25
22094,146,136,10,10
22095,116,127,-11,11
22096,66,82,-16,16
22097,67,83,-16,16
22098,46,71,-25,25
22099,92,99,-7,7
22100,150,142,8,8
22101,58,71,-13,13
22102,103,113,-10,10
22103,112,107,5,5
22104,90,112,-22,22
22105,98,110,-12,12
22106,54,74,-20,20
22107,76,92,-16,16
22108,77,95,-18,18
22109,111,118,-7,7
22110,118,129,-11,11
22111,125,131,-6,6
22112,94,112,-18,18
22113,73,93,-20,20
22114,173,168,5,5
22115,155,153,2,2
22116,120,140,-20,20
22117,86,97,-11,11
22118,115,119,-4,4
22119,149,144,5,5
22120,68,98,-30,30
22121,130,122,8,8
22122,65,84,-19,19
22123,63,70,-7,7
22124,39,57,-18,18
22125,82,92,-10,10
22126,74,78,-4,4
22127,57,83,-26,26
22128,105,118,-13,13
22129,106,116,-10,10
22130,126,149,-23,23
22131,113,121,-8,8
22132,109,122,-13,13
22133,95,109,-14,14
22134,86,91,-5,5
22135,99,109,-10,10
22136,65,94,-29,29
22137,70,84,-14,14
22138,66,79,-13,13
22139,45,65,-20,20
22140,77,92,-15,15
22141,50,72,-22,22
22142,105,116,-11,11
22143,101,115,-14,14
22144,62,80,-18,18
22145,82,99,-17,17
22146,69,77,-8,8
22147,122,147,-25,25
22148,147,149,-2,2
22149,220,213,7,7
22150,69,83,-14,14
22151,93,100,-7,7
22152,111,118,-7,7
22153,152,155,-3,3
22154,124,131,-7,7
22155,43,59,-16,16
22156,112,110,2,2
22157,83,96,-13,13
22158,140,146,-6,6
22159,110,122,-12,12
22160,71,88,-17,17
22161,96,122,-26,26
22162,148,153,-5,5
22163,53,66,-13,13
22164,120,123,-3,3
22165,188,176,12,12
22166,29,55,-26,26
22167,117,121,-4,4
22168,104,112,-8,8
22169,81,97,-16,16
22170,124,131,-7,7
22171,103,126,-23,23
22172,139,146,-7,7
22173,79,82,-3,3
22174,133,137,-4,4
22175,112,125,-13,13
22176,99,121,-22,22
22177,101,108,-7,7
22178,75,85,-10,10
22179,110,117,-7,7
22180,121,130,-9,9
22181,110,120,-10,10
22182,68,101,-33,33
22183,99,107,-8,8
22184,67,87,-20,20
22185,72,93,-21,21
22186,151,141,10,10
22187,87,105,-18,18
22188,83,91,-8,8
22189,58,88,-30,30
22190,56,72,-16,16
22191,72,84,-12,12
22192,91,103,-12,12
22193,61,73,-12,12
22194,95,94,1,1
22195,101,110,-9,9
22196,98,107,-9,9
22197,128,143,-15,15
22198,183,169,14,14
22199,68,80,-12,12
22200,97,107,-10,10
22201,74,85,-11,11
22202,127,136,-9,9
22203,91,101,-10,10
22204,95,103,-8,8
22205,83,94,-11,11
22206,130,135,-5,5
22207,143,106,37,37
22208,68,95,-27,27
22209,72,83,-11,11
22210,81,93,-12,12
22211,63,81,-18,18
22212,92,97,-5,5
22213,70,95,-25,25
22214,114,131,-17,17
22215,119,118,1,1
22216,130,138,-8,8
22217,94,107,-13,13
22218,104,117,-13,13
22219,99,117,-18,18
22220,55,83,-28,28
22221,111,121,-10,10
22222,101,104,-3,3
22223,86,102,-16,16
22224,89,105,-16,16
22225,91,126,-35,35
22226,140,146,-6,6
22227,74,89,-15,15
22228,82,94,-12,12
22229,103,104,-1,1
22230,104,110,-6,6
22231,75,93,-18,18
22232,92,108,-16,16
22233,53,70,-17,17
22234,74,98,-24,24
22235,38,55,-17,17
22236,141,143,-2,2
22237,91,101,-10,10
22238,97,104,-7,7
22239,115,121,-6,6
22240,141,147,-6,6
22241,72,93,-21,21
22242,87,104,-17,17
22243,114,123,-9,9
22244,96,101,-5,5
22245,68,90,-22,22
22246,123,142,-19,19
22247,91,103,-12,12
22248,91,95,-4,4
22249,116,130,-14,14
22250,49,85,-36,36
22251,57,71,-14,14
22252,124,135,-11,11
22253,88,109,-21,21
22254,129,134,-5,5
22255,55,69,-14,14
22256,188,167,21,21
22257,64,84,-20,20
22258,71,86,-15,15
22259,45,70,-25,25
22260,93,111,-18,18
22261,68,81,-13,13
22262,161,167,-6,6
22263,69,91,-22,22
22264,113,128,-15,15
22265,74,103,-29,29
22266,58,76,-18,18
22267,149,153,-4,4
22268,49,65,-16,16
22269,96,107,-11,11
22270,122,125,-3,3
22271,92,95,-3,3
22272,124,142,-18,18
22273,93,107,-14,14
22274,149,154,-5,5
22275,179,166,13,13
22276,147,151,-4,4
22277,121,127,-6,6
22278,62,78,-16,16
22279,50,68,-18,18
22280,54,70,-16,16
22281,104,102,2,2
22282,73,85,-12,12
22283,101,114,-13,13
22284,71,89,-18,18
22285,90,102,-12,12
22286,71,81,-10,10
22287,72,88,-16,16
22288,61,103,-42,42
22289,65,78,-13,13
22290,81,93,-12,12
22291,37,65,-28,28
22292,65,83,-18,18
22293,128,131,-3,3
22294,55,97,-42,42
22295,55,82,-27,27
22296,131,131,0,0
22297,67,77,-10,10
22298,138,142,-4,4
22299,66,79,-13,13
22300,62,75,-13,13
22301,187,176,11,11
22302,127,128,-1,1
22303,105,120,-15,15
22304,78,92,-14,14
22305,94,103,-9,9
22306,94,107,-13,13
22307,108,120,-12,12
22308,135,141,-6,6
22309,78,88,-10,10
22310,87,107,-20,20
22311,59,74,-15,15
22312,134,150,-16,16
22313,89,96,-7,7
22314,79,93,-14,14
22315,27,59,-32,32
22316,74,82,-8,8
22317,56,76,-20,20
22318,121,138,-17,17
22319,88,100,-12,12
22320,145,151,-6,6
22321,99,114,-15,15
22322,127,124,3,3
22323,85,98,-13,13
22324,91,87,4,4
22325,184,185,-1,1
22326,76,91,-15,15
22327,86,96,-10,10
22328,88,95,-7,7
22329,156,150,6,6
22330,106,120,-14,14
22331,102,101,1,1
22332,106,112,-6,6
22333,87,101,-14,14
22334,60,76,-16,16
22335,82,94,-12,12
22336,112,114,-2,2
22337,118,135,-17,17
22338,75,81,-6,6
22339,94,106,-12,12
22340,57,80,-23,23
22341,96,104,-8,8
22342,67,81,-14,14
22343,78,102,-24,24
22344,114,115,-1,1
22345,70,79,-9,9
22346,60,75,-15,15
22347,91,101,-10,10
22348,86,94,-8,8
22349,84,97,-13,13
22350,75,85,-10,10
22351,133,147,-14,14
22352,193,171,22,22
22353,68,85,-17,17
22354,139,143,-4,4
22355,57,89,-32,32
22356,110,122,-12,12
22357,83,108,-25,25
22358,159,143,16,16
22359,110,122,-12,12
22360,150,140,10,10
22361,95,114,-19,19
22362,139,135,4,4
22363,72,79,-7,7
22364,147,144,3,3
22365,89,95,-6,6
22366,136,140,-4,4
22367,47,60,-13,13
22368,158,156,2,2
22369,111,125,-14,14
22370,99,101,-2,2
22371,112,120,-8,8
22372,82,103,-21,21
22373,38,57,-19,19
22374,82,96,-14,14
22375,80,95,-15,15
22376,119,120,-1,1
22377,68,86,-18,18
22378,117,124,-7,7
22379,76,88,-12,12
22380,94,105,-11,11
22381,68,84,-16,16
22382,49,65,-16,16
22383,59,75,-16,16
22384,135,147,-12,12
22385,111,123,-12,12
22386,102,107,-5,5
22387,118,127,-9,9
22388,90,98,-8,8
22389,62,78,-16,16
22390,104,113,-9,9
22391,120,121,-1,1
22392,105,118,-13,13
22393,131,133,-2,2
22394,103,123,-20,20
22395,117,123,-6,6
22396,92,103,-11,11
22397,70,87,-17,17
22398,108,118,-10,10
22399,71,83,-12,12
22400,58,79,-21,21
22401,91,93,-2,2
22402,98,104,-6,6
22403,40,65,-25,25
22404,92,95,-3,3
22405,100,119,-19,19
22406,138,148,-10,10
22407,132,129,3,3
22408,101,120,-19,19
22409,71,92,-21,21
22410,86,99,-13,13
22411,107,113,-6,6
22412,85,98,-13,13
22413,68,86,-18,18
22414,80,92,-12,12
22415,125,129,-4,4
22416,99,103,-4,4
22417,122,123,-1,1
22418,190,167,23,23
22419,109,105,4,4
22420,83,93,-10,10
22421,121,149,-28,28
22422,79,103,-24,24
22423,142,154,-12,12
22424,63,77,-14,14
22425,66,80,-14,14
22426,114,114,0,0
22427,80,93,-13,13
22428,72,83,-11,11
22429,190,178,12,12
22430,91,101,-10,10
22431,152,148,4,4
22432,74,80,-6,6
22433,88,104,-16,16
22434,181,179,2,2
22435,118,130,-12,12
22436,131,132,-1,1
22437,64,119,-55,55
22438,86,102,-16,16
22439,74,96,-22,22
22440,79,92,-13,13
22441,99,111,-12,12
22442,169,162,7,7
22443,68,74,-6,6
22444,79,88,-9,9
22445,181,159,22,22
22446,119,118,1,1
22447,120,121,-1,1
22448,67,87,-20,20
22449,67,86,-19,19
22450,76,86,-10,10
22451,87,97,-10,10
22452,91,111,-20,20
22453,161,150,11,11
22454,58,72,-14,14
22455,57,75,-18,18
22456,95,97,-2,2
22457,63,82,-19,19
22458,64,77,-13,13
22459,55,74,-19,19
22460,136,145,-9,9
22461,107,112,-5,5
22462,83,101,-18,18
22463,52,77,-25,25
22464,127,148,-21,21
22465,90,104,-14,14
22466,141,143,-2,2
22467,87,103,-16,16
22468,99,109,-10,10
22469,67,82,-15,15
22470,79,97,-18,18
22471,102,109,-7,7
22472,168,168,0,0
22473,154,153,1,1
22474,118,125,-7,7
22475,68,92,-24,24
22476,109,123,-14,14
22477,41,59,-18,18
22478,65,87,-22,22
22479,108,117,-9,9
22480,26,59,-33,33
22481,99,117,-18,18
22482,137,145,-8,8
22483,180,172,8,8
22484,223,170,53,53
22485,103,112,-9,9
22486,91,102,-11,11
22487,120,127,-7,7
22488,73,85,-12,12
22489,69,89,-20,20
22490,76,108,-32,32
22491,73,76,-3,3
22492,41,59,-18,18
22493,143,149,-6,6
22494,121,144,-23,23
22495,97,118,-21,21
22496,86,111,-25,25
22497,80,96,-16,16
22498,105,127,-22,22
22499,111,105,6,6
22500,133,148,-15,15
22501,120,130,-10,10
22502,156,164,-8,8
22503,100,122,-22,22
22504,41,61,-20,20
22505,94,111,-17,17
22506,59,73,-14,14
22507,71,89,-18,18
22508,68,86,-18,18
22509,102,106,-4,4
22510,134,140,-6,6
22511,60,68,-8,8
22512,169,148,21,21
22513,80,97,-17,17
22514,126,150,-24,24
22515,146,142,4,4
22516,128,142,-14,14
22517,67,79,-12,12
22518,92,107,-15,15
22519,72,90,-18,18
22520,79,96,-17,17
22521,102,109,-7,7
22522,62,76,-14,14
22523,59,78,-19,19
22524,116,113,3,3
22525,96,104,-8,8
22526,86,96,-10,10
22527,68,93,-25,25
22528,90,108,-18,18
22529,90,95,-5,5
22530,141,138,3,3
22531,109,117,-8,8
22532,51,80,-29,29
22533,107,111,-4,4
22534,130,135,-5,5
22535,103,116,-13,13
22536,49,76,-27,27
22537,106,112,-6,6
22538,87,97,-10,10
22539,68,80,-12,12
22540,88,102,-14,14
22541,79,96,-17,17
22542,104,106,-2,2
22543,94,107,-13,13
22544,123,125,-2,2
22545,98,101,-3,3
22546,123,126,-3,3
22547,104,115,-11,11
22548,60,80,-20,20
22549,70,87,-17,17
22550,89,96,-7,7
22551,122,126,-4,4
22552,55,72,-17,17
22553,141,143,-2,2
22554,80,94,-14,14
22555,97,109,-12,12
22556,126,125,1,1
22557,73,90,-17,17
22558,63,88,-25,25
22559,151,144,7,7
22560,109,119,-10,10
22561,161,156,5,5
22562,80,93,-13,13
22563,126,122,4,4
22564,89,99,-10,10
22565,95,102,-7,7
22566,163,149,14,14
22567,121,121,0,0
22568,80,98,-18,18
22569,79,88,-9,9
22570,94,98,-4,4
22571,143,144,-1,1
22572,95,102,-7,7
22573,108,120,-12,12
22574,94,107,-13,13
22575,102,109,-7,7
22576,84,105,-21,21
22577,80,93,-13,13
22578,135,133,2,2
22579,98,99,-1,1
22580,113,124,-11,11
22581,85,136,-51,51
22582,97,105,-8,8
22583,67,90,-23,23
22584,135,135,0,0
22585,31,51,-20,20
22586,154,152,2,2
22587,136,141,-5,5
22588,35,59,-24,24
22589,145,145,0,0
22590,76,82,-6,6
22591,89,105,-16,16
22592,84,104,-20,20
22593,82,111,-29,29
22594,76,88,-12,12
22595,88,104,-16,16
22596,85,91,-6,6
22597,109,127,-18,18
22598,165,154,11,11
22599,88,112,-24,24
22600,54,73,-19,19
22601,93,95,-2,2
22602,66,85,-19,19
22603,75,91,-16,16
22604,55,73,-18,18
22605,72,88,-16,16
22606,113,121,-8,8
22607,127,133,-6,6
22608,53,61,-8,8
22609,94,109,-15,15
22610,90,103,-13,13
22611,65,91,-26,26
22612,60,80,-20,20
22613,59,63,-4,4
22614,107,114,-7,7
22615,93,117,-24,24
22616,128,125,3,3
22617,55,72,-17,17
22618,93,104,-11,11
22619,79,86,-7,7
22620,148,145,3,3
22621,129,130,-1,1
22622,51,76,-25,25
22623,92,103,-11,11
22624,93,122,-29,29
22625,114,127,-13,13
22626,72,89,-17,17
22627,92,109,-17,17
22628,81,93,-12,12
22629,69,89,-20,20
22630,93,98,-5,5
22631,189,177,12,12
22632,71,87,-16,16
22633,87,97,-10,10
22634,48,112,-64,64
22635,94,98,-4,4
22636,116,138,-22,22
22637,62,87,-25,25
22638,240,210,30,30
22639,104,113,-9,9
22640,80,105,-25,25
22641,66,77,-11,11
22642,100,103,-3,3
22643,133,137,-4,4
22644,103,107,-4,4
22645,137,148,-11,11
22646,165,154,11,11
22647,125,130,-5,5
22648,86,97,-11,11
22649,95,101,-6,6
22650,103,122,-19,19
22651,140,134,6,6
22652,95,109,-14,14
22653,68,86,-18,18
22654,52,69,-17,17
22655,77,85,-8,8
22656,121,125,-4,4
22657,107,121,-14,14
22658,98,105,-7,7
22659,100,101,-1,1
22660,81,94,-13,13
22661,46,59,-13,13
22662,162,157,5,5
22663,136,139,-3,3
22664,85,102,-17,17
22665,83,88,-5,5
22666,135,130,5,5
22667,39,55,-16,16
22668,61,78,-17,17
22669,73,76,-3,3
22670,87,87,0,0
22671,76,92,-16,16
22672,84,117,-33,33
22673,94,95,-1,1
22674,163,166,-3,3
22675,80,101,-21,21
22676,86,116,-30,30
22677,152,147,5,5
22678,100,119,-19,19
22679,75,90,-15,15
22680,92,99,-7,7
22681,84,92,-8,8
22682,144,146,-2,2
22683,69,82,-13,13
22684,109,124,-15,15
22685,109,106,3,3
22686,88,88,0,0
22687,67,85,-18,18
22688,115,120,-5,5
22689,125,141,-16,16
22690,95,110,-15,15
22691,87,95,-8,8
22692,98,111,-13,13
22693,83,108,-25,25
22694,101,115,-14,14
22695,51,61,-10,10
22696,108,118,-10,10
22697,136,147,-11,11
22698,208,205,3,3
22699,121,129,-8,8
22700,84,89,-5,5
22701,86,94,-8,8
22702,148,148,0,0
22703,110,130,-20,20
22704,117,122,-5,5
22705,96,111,-15,15
22706,69,81,-12,12
22707,137,143,-6,6
22708,66,76,-10,10
22709,89,88,1,1
22710,44,65,-21,21
22711,136,139,-3,3
22712,128,124,4,4
22713,73,93,-20,20
22714,155,155,0,0
22715,89,91,-2,2
22716,87,86,1,1
22717,147,147,0,0
22718,64,77,-13,13
22719,37,55,-18,18
22720,122,125,-3,3
22721,44,64,-20,20
22722,126,131,-5,5
22723,60,82,-22,22
22724,148,148,0,0
22725,134,141,-7,7
22726,87,88,-1,1
22727,135,148,-13,13
22728,90,99,-9,9
22729,60,72,-12,12
22730,86,87,-1,1
22731,150,152,-2,2
22732,59,89,-30,30
22733,111,115,-4,4
22734,54,76,-22,22
22735,158,145,13,13
22736,135,128,7,7
22737,32,49,-17,17
22738,63,76,-13,13
22739,117,116,1,1
22740,83,99,-16,16
22741,54,75,-21,21
22742,151,146,5,5
22743,64,78,-14,14
22744,44,64,-20,20
22745,138,143,-5,5
22746,48,72,-24,24
22747,123,123,0,0
22748,97,110,-13,13
22749,59,75,-16,16
22750,96,112,-16,16
22751,19,44,-25,25
22752,112,121,-9,9
22753,131,148,-17,17
22754,153,151,2,2
22755,100,110,-10,10
22756,183,174,9,9
22757,121,128,-7,7
22758,129,131,-2,2
22759,93,115,-22,22
22760,89,104,-15,15
22761,92,98,-6,6
22762,81,121,-40,40
22763,133,136,-3,3
22764,77,97,-20,20
22765,63,79,-16,16
22766,66,72,-6,6
22767,74,98,-24,24
22768,150,154,-4,4
22769,76,100,-24,24
22770,68,79,-11,11
22771,73,87,-14,14
22772,93,100,-7,7
22773,90,93,-3,3
22774,81,111,-30,30
22775,59,68,-9,9
22776,160,147,13,13
22777,47,61,-14,14
22778,109,146,-37,37
22779,133,139,-6,6
22780,114,127,-13,13
22781,89,93,-4,4
22782,86,92,-6,6
22783,95,103,-8,8
22784,149,155,-6,6
22785,86,94,-8,8
22786,112,118,-6,6
22787,61,117,-56,56
22788,32,56,-24,24
22789,141,145,-4,4
22790,106,112,-6,6
22791,62,81,-19,19
22792,98,112,-14,14
22793,169,148,21,21
22794,75,100,-25,25
22795,113,120,-7,7
22796,69,85,-16,16
22797,54,75,-21,21
22798,72,89,-17,17
22799,140,147,-7,7
22800,86,103,-17,17
22801,106,118,-12,12
22802,81,90,-9,9
22803,109,113,-4,4
22804,120,117,3,3
22805,103,111,-8,8
22806,201,175,26,26
22807,115,142,-27,27
22808,94,99,-5,5
22809,110,135,-25,25
22810,90,97,-7,7
22811,117,121,-4,4
22812,80,93,-13,13
22813,136,141,-5,5
22814,95,112,-17,17
22815,121,116,5,5
22816,38,59,-21,21
22817,100,98,2,2
22818,83,97,-14,14
22819,102,112,-10,10
22820,100,108,-8,8
22821,67,83,-16,16
22822,88,136,-48,48
22823,68,79,-11,11
22824,145,147,-2,2
22825,86,95,-9,9
22826,107,109,-2,2
22827,85,109,-24,24
22828,102,118,-16,16
22829,132,140,-8,8
22830,61,75,-14,14
22831,70,79,-9,9
22832,91,100,-9,9
22833,139,144,-5,5
22834,51,69,-18,18
22835,39,55,-16,16
22836,100,101,-1,1
22837,93,105,-12,12
22838,89,107,-18,18
22839,92,112,-20,20
22840,35,55,-20,20
22841,93,101,-8,8
22842,64,77,-13,13
22843,62,70,-8,8
22844,102,99,3,3
22845,101,110,-9,9
22846,93,101,-8,8
22847,63,79,-16,16
22848,88,102,-14,14
22849,80,97,-17,17
22850,134,125,9,9
22851,77,86,-9,9
22852,73,88,-15,15
22853,57,73,-16,16
22854,118,101,17,17
22855,134,139,-5,5
22856,127,134,-7,7
22857,88,97,-9,9
22858,91,102,-11,11
22859,110,121,-11,11
22860,46,59,-13,13
22861,105,115,-10,10
22862,103,127,-24,24
22863,108,110,-2,2
22864,93,110,-17,17
22865,75,91,-16,16
22866,131,138,-7,7
22867,130,137,-7,7
22868,89,98,-9,9
22869,49,115,-66,66
22870,120,134,-14,14
22871,151,159,-8,8
22872,92,100,-8,8
22873,77,92,-15,15
22874,126,139,-13,13
22875,100,114,-14,14
22876,54,71,-17,17
22877,110,114,-4,4
22878,133,140,-7,7
22879,119,132,-13,13
22880,126,127,-1,1
22881,42,60,-18,18
22882,63,76,-13,13
22883,170,165,5,5
22884,68,91,-23,23
22885,114,121,-7,7
22886,115,113,2,2
22887,64,84,-20,20
22888,90,100,-10,10
22889,126,128,-2,2
22890,72,98,-26,26
22891,116,147,-31,31
22892,151,155,-4,4
22893,98,98,0,0
22894,135,136,-1,1
22895,132,135,-3,3
22896,166,153,13,13
22897,109,115,-6,6
22898,73,81,-8,8
22899,43,61,-18,18
22900,60,76,-16,16
22901,95,109,-14,14
22902,185,169,16,16
22903,116,126,-10,10
22904,120,130,-10,10
22905,117,122,-5,5
22906,80,103,-23,23
22907,54,71,-17,17
22908,94,106,-12,12
22909,104,119,-15,15
22910,167,169,-2,2
22911,183,177,6,6
22912,125,136,-11,11
22913,67,81,-14,14
22914,127,123,4,4
22915,108,119,-11,11
22916,110,119,-9,9
22917,72,83,-11,11
22918,76,90,-14,14
22919,60,79,-19,19
22920,127,124,3,3
22921,60,76,-16,16
22922,117,122,-5,5
22923,62,77,-15,15
22924,98,103,-5,5
22925,64,77,-13,13
22926,90,98,-8,8
22927,155,156,-1,1
22928,69,80,-11,11
22929,91,98,-7,7
22930,91,96,-5,5
22931,97,102,-5,5
22932,116,116,0,0
22933,100,113,-13,13
22934,81,95,-14,14
22935,77,87,-10,10
22936,46,57,-11,11
22937,86,109,-23,23
22938,98,101,-3,3
22939,128,117,11,11
22940,53,68,-15,15
22941,86,97,-11,11
22942,106,120,-14,14
22943,118,122,-4,4
22944,132,146,-14,14
22945,179,177,2,2
22946,72,81,-9,9
22947,57,72,-15,15
22948,159,151,8,8
22949,56,76,-20,20
22950,90,110,-20,20
22951,84,98,-14,14
22952,120,138,-18,18
22953,99,102,-3,3
22954,121,120,1,1
22955,96,107,-11,11
22956,46,73,-27,27
22957,84,105,-21,21
22958,79,90,-11,11
22959,165,157,8,8
22960,72,89,-17,17
22961,75,91,-16,16
22962,116,128,-12,12
22963,117,133,-16,16
22964,95,101,-6,6
22965,138,151,-13,13
22966,64,82,-18,18
22967,70,87,-17,17
22968,51,71,-20,20
22969,74,101,-27,27
22970,105,119,-14,14
22971,137,145,-8,8
22972,93,99,-6,6
22973,72,91,-19,19
22974,83,92,-9,9
22975,113,119,-6,6
22976,97,105,-8,8
22977,76,91,-15,15
22978,65,73,-8,8
22979,159,153,6,6
22980,72,85,-13,13
22981,127,131,-4,4
22982,94,102,-8,8
22983,83,93,-10,10
22984,84,99,-15,15
22985,60,77,-17,17
22986,100,112,-12,12
22987,108,121,-13,13
22988,118,125,-7,7
22989,76,96,-20,20
22990,87,93,-6,6
22991,50,68,-18,18
22992,38,57,-19,19
22993,146,137,9,9
22994,114,126,-12,12
22995,52,70,-18,18
22996,84,102,-18,18
22997,122,135,-13,13
22998,102,110,-8,8
22999,181,167,14,14
23000,98,100,-2,2
23001,39,60,-21,21
23002,84,84,0,0
23003,145,126,19,19
23004,124,137,-13,13
23005,110,131,-21,21
23006,57,78,-21,21
23007,88,102,-14,14
23008,64,78,-14,14
23009,195,179,16,16
23010,131,143,-12,12
23011,124,130,-6,6
23012,79,109,-30,30
23013,66,79,-13,13
23014,100,118,-18,18
23015,82,91,-9,9
23016,81,97,-16,16
23017,85,94,-9,9
23018,192,186,6,6
23019,112,123,-11,11
23020,166,155,11,11
23021,101,112,-11,11
23022,82,85,-3,3
23023,89,94,-5,5
23024,94,100,-6,6
23025,79,103,-24,24
23026,108,126,-18,18
23027,117,120,-3,3
23028,123,123,0,0
23029,81,92,-11,11
23030,87,93,-6,6
23031,66,82,-16,16
23032,35,56,-21,21
23033,102,102,0,0
23034,145,140,5,5
23035,62,79,-17,17
23036,121,122,-1,1
23037,69,86,-17,17
23038,142,144,-2,2
23039,74,82,-8,8
23040,92,98,-6,6
23041,63,73,-10,10
23042,71,89,-18,18
23043,148,144,4,4
23044,72,95,-23,23
23045,75,90,-15,15
23046,118,134,-16,16
23047,103,116,-13,13
23048,136,127,9,9
23049,126,143,-17,17
23050,93,111,-18,18
23051,101,113,-12,12
23052,133,131,2,2
23053,83,100,-17,17
23054,91,105,-14,14
23055,52,64,-12,12
23056,100,110,-10,10
23057,88,99,-11,11
23058,80,98,-18,18
23059,83,108,-25,25
23060,90,98,-8,8
23061,69,112,-43,43
23062,85,95,-10,10
23063,107,109,-2,2
23064,103,105,-2,2
23065,60,75,-15,15
23066,152,154,-2,2
23067,40,57,-17,17
23068,87,96,-9,9
23069,78,88,-10,10
23070,145,150,-5,5
23071,47,68,-21,21
23072,139,138,1,1
23073,94,104,-10,10
23074,138,152,-14,14
23075,115,111,4,4
23076,94,103,-9,9
23077,106,111,-5,5
23078,85,82,3,3
23079,82,90,-8,8
23080,61,76,-15,15
23081,160,152,8,8
23082,157,159,-2,2
23083,87,103,-16,16
23084,135,135,0,0
23085,120,127,-7,7
23086,104,112,-8,8
23087,165,149,16,16
23088,88,102,-14,14
23089,67,87,-20,20
23090,87,93,-6,6
23091,66,84,-18,18
23092,74,83,-9,9
23093,76,91,-15,15
23094,62,80,-18,18
23095,79,95,-16,16
23096,91,102,-11,11
23097,70,80,-10,10
23098,148,144,4,4
23099,135,134,1,1
23100,74,94,-20,20
23101,78,87,-9,9
23102,93,107,-14,14
23103,124,135,-11,11
23104,129,144,-15,15
23105,98,99,-1,1
23106,72,82,-10,10
23107,53,72,-19,19
23108,138,141,-3,3
23109,184,156,28,28
23110,85,99,-14,14
23111,82,91,-9,9
23112,105,123,-18,18
23113,99,106,-7,7
23114,65,82,-17,17
23115,73,84,-11,11
23116,66,75,-9,9
23117,102,116,-14,14
23118,85,94,-9,9
23119,188,188,0,0
23120,81,200,-119,119
23121,124,133,-9,9
23122,59,77,-18,18
23123,108,118,-10,10
23124,92,111,-19,19
23125,100,108,-8,8
23126,105,114,-9,9
23127,93,106,-13,13
23128,155,150,5,5
23129,71,82,-11,11
23130,65,71,-6,6
23131,94,98,-4,4
23132,122,138,-16,16
23133,70,83,-13,13
23134,65,80,-15,15
23135,160,155,5,5
23136,115,124,-9,9
23137,134,144,-10,10
23138,101,111,-10,10
23139,105,113,-8,8
23140,93,107,-14,14
23141,94,99,-5,5
23142,82,89,-7,7
23143,90,103,-13,13
23144,78,82,-4,4
23145,145,147,-2,2
23146,120,126,-6,6
23147,94,107,-13,13
23148,95,98,-3,3
23149,115,138,-23,23
23150,49,62,-13,13
23151,134,146,-12,12
23152,88,100,-12,12
23153,82,93,-11,11
23154,67,80,-13,13
23155,71,80,-9,9
23156,56,83,-27,27
23157,88,96,-8,8
23158,34,56,-22,22
23159,62,90,-28,28
23160,82,98,-16,16
23161,111,124,-13,13
23162,48,65,-17,17
23163,102,116,-14,14
23164,143,139,4,4
23165,47,63,-16,16
23166,76,86,-10,10
23167,119,126,-7,7
23168,64,74,-10,10
23169,72,82,-10,10
23170,141,143,-2,2
23171,64,72,-8,8
23172,127,131,-4,4
23173,72,88,-16,16
23174,111,116,-5,5
23175,104,105,-1,1
23176,77,96,-19,19
23177,133,146,-13,13
23178,113,119,-6,6
23179,110,120,-10,10
23180,89,102,-13,13
23181,125,134,-9,9
23182,127,123,4,4
23183,68,76,-8,8
23184,99,119,-20,20
23185,86,108,-22,22
23186,111,121,-10,10
23187,118,120,-2,2
23188,74,89,-15,15
23189,132,134,-2,2
23190,99,106,-7,7
23191,139,147,-8,8
23192,107,118,-11,11
23193,70,92,-22,22
23194,77,85,-8,8
23195,101,116,-15,15
23196,103,111,-8,8
23197,86,99,-13,13
23198,104,103,1,1
23199,100,120,-20,20
23200,150,146,4,4
23201,69,80,-11,11
23202,129,132,-3,3
23203,162,164,-2,2
23204,111,134,-23,23
23205,133,141,-8,8
23206,87,98,-11,11
23207,74,95,-21,21
23208,95,113,-18,18
23209,110,129,-19,19
23210,124,130,-6,6
23211,155,149,6,6
23212,74,80,-6,6
23213,80,89,-9,9
23214,90,96,-6,6
23215,100,107,-7,7
23216,112,111,1,1
23217,81,80,1,1
23218,73,92,-19,19
23219,122,129,-7,7
23220,130,133,-3,3
23221,129,132,-3,3
23222,123,126,-3,3
23223,84,98,-14,14
23224,63,78,-15,15
23225,144,142,2,2
23226,91,157,-66,66
23227,66,87,-21,21
23228,95,104,-9,9
23229,129,135,-6,6
23230,75,91,-16,16
23231,152,175,-23,23
23232,119,88,31,31
23233,107,120,-13,13
23234,184,167,17,17
23235,84,102,-18,18
23236,123,126,-3,3
23237,167,151,16,16
23238,59,71,-12,12
23239,68,86,-18,18
23240,119,113,6,6
23241,77,87,-10,10
23242,70,92,-22,22
23243,79,85,-6,6
23244,114,132,-18,18
23245,75,87,-12,12
23246,64,73,-9,9
23247,127,125,2,2
23248,52,70,-18,18
23249,67,75,-8,8
23250,73,91,-18,18
23251,85,94,-9,9
23252,63,80,-17,17
23253,88,91,-3,3
23254,89,114,-25,25
23255,133,125,8,8
23256,82,96,-14,14
23257,115,116,-1,1
23258,97,112,-15,15
23259,81,102,-21,21
23260,102,107,-5,5
23261,68,76,-8,8
23262,64,77,-13,13
23263,70,85,-15,15
23264,73,91,-18,18
23265,59,83,-24,24
23266,136,144,-8,8
23267,103,117,-14,14
23268,137,132,5,5
23269,73,89,-16,16
23270,83,93,-10,10
23271,95,99,-4,4
23272,138,137,1,1
23273,86,89,-3,3
23274,66,97,-31,31
23275,134,161,-27,27
23276,116,123,-7,7
23277,70,83,-13,13
23278,118,124,-6,6
23279,131,132,-1,1
23280,40,79,-39,39
23281,82,96,-14,14
23282,78,87,-9,9
23283,97,100,-3,3
23284,89,106,-17,17
23285,133,139,-6,6
23286,76,83,-7,7
23287,152,145,7,7
23288,92,102,-10,10
23289,62,76,-14,14
23290,179,155,24,24
23291,127,127,0,0
23292,115,120,-5,5
23293,54,82,-28,28
23294,136,125,11,11
23295,76,97,-21,21
23296,62,82,-20,20
23297,78,89,-11,11
23298,182,158,24,24
23299,67,82,-15,15
23300,110,108,2,2
23301,92,98,-6,6
23302,150,144,6,6
23303,122,137,-15,15
23304,62,83,-21,21
23305,109,111,-2,2
23306,123,127,-4,4
23307,107,123,-16,16
23308,50,75,-25,25
23309,62,79,-17,17
23310,115,126,-11,11
23311,41,58,-17,17
23312,106,112,-6,6
23313,58,67,-9,9
23314,67,79,-12,12
23315,64,73,-9,9
23316,71,104,-33,33
23317,83,106,-23,23
23318,157,170,-13,13
23319,90,102,-12,12
23320,100,119,-19,19
23321,92,108,-16,16
23322,87,115,-28,28
23323,76,102,-26,26
23324,101,117,-16,16
23325,56,64,-8,8
23326,65,83,-18,18
23327,70,88,-18,18
23328,57,74,-17,17
23329,112,148,-36,36
23330,50,82,-32,32
23331,47,72,-25,25
23332,140,152,-12,12
23333,51,67,-16,16
23334,61,83,-22,22
23335,78,94,-16,16
23336,70,79,-9,9
23337,98,104,-6,6
23338,152,147,5,5
23339,99,115,-16,16
23340,93,113,-20,20
23341,90,99,-9,9
23342,51,70,-19,19
23343,94,101,-7,7
23344,82,98,-16,16
23345,137,144,-7,7
23346,85,102,-17,17
23347,131,147,-16,16
23348,110,111,-1,1
23349,70,78,-8,8
23350,99,120,-21,21
23351,146,145,1,1
23352,37,56,-19,19
23353,94,100,-6,6
23354,124,129,-5,5
23355,91,118,-27,27
23356,85,99,-14,14
23357,58,77,-19,19
23358,78,99,-21,21
23359,62,80,-18,18
23360,51,70,-19,19
23361,85,101,-16,16
23362,64,82,-18,18
23363,108,127,-19,19
23364,89,107,-18,18
23365,120,130,-10,10
23366,131,129,2,2
23367,50,67,-17,17
23368,109,119,-10,10
23369,82,91,-9,9
23370,115,114,1,1
23371,121,128,-7,7
23372,193,182,11,11
23373,66,82,-16,16
23374,125,129,-4,4
23375,64,83,-19,19
23376,105,108,-3,3
23377,47,67,-20,20
23378,57,85,-28,28
23379,105,108,-3,3
23380,124,133,-9,9
23381,90,112,-22,22
23382,126,124,2,2
23383,89,109,-20,20
23384,122,126,-4,4
23385,116,124,-8,8
23386,80,85,-5,5
23387,92,99,-7,7
23388,62,94,-32,32
23389,144,149,-5,5
23390,45,70,-25,25
23391,139,147,-8,8
23392,117,125,-8,8
23393,99,110,-11,11
23394,98,109,-11,11
23395,87,98,-11,11
23396,171,150,21,21
23397,127,120,7,7
23398,114,119,-5,5
23399,100,117,-17,17
23400,71,94,-23,23
23401,143,139,4,4
23402,84,98,-14,14
23403,89,97,-8,8
23404,85,107,-22,22
23405,69,81,-12,12
23406,145,156,-11,11
23407,115,128,-13,13
23408,116,123,-7,7
23409,114,127,-13,13
23410,58,68,-10,10
23411,79,87,-8,8
23412,73,88,-15,15
23413,114,129,-15,15
23414,140,148,-8,8
23415,92,109,-17,17
23416,111,124,-13,13
23417,131,148,-17,17
23418,76,89,-13,13
23419,94,109,-15,15
23420,91,111,-20,20
23421,76,86,-10,10
23422,115,118,-3,3
23423,65,79,-14,14
23424,113,129,-16,16
23425,85,105,-20,20
23426,214,212,2,2
23427,211,195,16,16
23428,41,61,-20,20
23429,78,88,-10,10
23430,161,153,8,8
23431,79,90,-11,11
23432,51,71,-20,20
23433,103,120,-17,17
23434,73,90,-17,17
23435,55,76,-21,21
23436,136,134,2,2
23437,131,141,-10,10
23438,77,92,-15,15
23439,80,89,-9,9
23440,110,123,-13,13
23441,54,69,-15,15
23442,111,126,-15,15
23443,84,96,-12,12
23444,70,78,-8,8
23445,70,83,-13,13
23446,106,106,0,0
23447,97,109,-12,12
23448,100,108,-8,8
23449,135,147,-12,12
23450,86,100,-14,14
23451,42,54,-12,12
23452,132,144,-12,12
23453,73,87,-14,14
23454,125,132,-7,7
23455,83,99,-16,16
23456,125,133,-8,8
23457,120,125,-5,5
23458,110,117,-7,7
23459,197,181,16,16
23460,111,118,-7,7
23461,86,107,-21,21
23462,76,85,-9,9
23463,150,147,3,3
23464,115,128,-13,13
23465,89,111,-22,22
23466,176,162,14,14
23467,64,82,-18,18
23468,120,127,-7,7
23469,121,125,-4,4
23470,64,88,-24,24
23471,49,79,-30,30
23472,70,78,-8,8
23473,112,116,-4,4
23474,89,108,-19,19
23475,107,117,-10,10
23476,155,154,1,1
23477,73,91,-18,18
23478,129,140,-11,11
23479,161,153,8,8
23480,89,101,-12,12
23481,113,123,-10,10
23482,99,106,-7,7
23483,127,138,-11,11
23484,115,124,-9,9
23485,78,90,-12,12
23486,155,161,-6,6
23487,54,67,-13,13
23488,89,100,-11,11
23489,115,118,-3,3
23490,82,94,-12,12
23491,165,158,7,7
23492,90,97,-7,7
23493,87,96,-9,9
23494,115,118,-3,3
23495,70,85,-15,15
23496,85,88,-3,3
23497,101,110,-9,9
23498,118,141,-23,23
23499,135,127,8,8
23500,74,88,-14,14
23501,108,131,-23,23
23502,134,142,-8,8
23503,109,113,-4,4
23504,77,91,-14,14
23505,71,80,-9,9
23506,78,86,-8,8
23507,125,123,2,2
23508,90,98,-8,8
23509,47,60,-13,13
23510,89,103,-14,14
23511,102,109,-7,7
23512,94,107,-13,13
23513,137,144,-7,7
23514,110,111,-1,1
23515,100,112,-12,12
23516,125,131,-6,6
23517,57,109,-52,52
23518,120,124,-4,4
23519,149,148,1,1
23520,69,90,-21,21
23521,91,108,-17,17
23522,69,83,-14,14
23523,143,141,2,2
23524,112,117,-5,5
23525,108,110,-2,2
23526,83,103,-20,20
23527,102,116,-14,14
23528,55,70,-15,15
23529,101,106,-5,5
23530,39,58,-19,19
23531,173,169,4,4
23532,98,105,-7,7
23533,136,144,-8,8
23534,62,76,-14,14
23535,188,157,31,31
23536,98,112,-14,14
23537,132,135,-3,3
23538,89,110,-21,21
23539,106,121,-15,15
23540,101,123,-22,22
23541,150,147,3,3
23542,194,175,19,19
23543,108,122,-14,14
23544,78,100,-22,22
23545,70,83,-13,13
23546,93,111,-18,18
23547,65,87,-22,22
23548,113,112,1,1
23549,129,132,-3,3
23550,94,106,-12,12
23551,108,116,-8,8
23552,90,102,-12,12
23553,68,88,-20,20
23554,98,113,-15,15
23555,96,125,-29,29
23556,85,109,-24,24
23557,137,148,-11,11
23558,112,118,-6,6
23559,168,155,13,13
23560,87,107,-20,20
23561,134,137,-3,3
23562,75,96,-21,21
23563,135,136,-1,1
23564,81,93,-12,12
23565,96,119,-23,23
23566,91,106,-15,15
23567,104,106,-2,2
23568,105,109,-4,4
23569,56,69,-13,13
23570,111,120,-9,9
23571,56,82,-26,26
23572,62,77,-15,15
23573,103,111,-8,8
23574,144,149,-5,5
23575,101,110,-9,9
23576,79,91,-12,12
23577,102,108,-6,6
23578,121,127,-6,6
23579,140,146,-6,6
23580,135,143,-8,8
23581,80,90,-10,10
23582,51,72,-21,21
23583,152,160,-8,8
23584,94,105,-11,11
23585,52,64,-12,12
23586,78,93,-15,15
23587,82,94,-12,12
23588,75,86,-11,11
23589,117,129,-12,12
23590,136,136,0,0
23591,92,99,-7,7
23592,55,65,-10,10
23593,126,126,0,0
23594,55,74,-19,19
23595,43,61,-18,18
23596,83,104,-21,21
23597,116,136,-20,20
23598,113,124,-11,11
23599,60,74,-14,14
23600,100,117,-17,17
23601,100,118,-18,18
23602,113,121,-8,8
23603,123,147,-24,24
23604,69,82,-13,13
23605,113,141,-28,28
23606,71,91,-20,20
23607,132,133,-1,1
23608,151,151,0,0
23609,57,72,-15,15
23610,105,113,-8,8
23611,188,171,17,17
23612,79,87,-8,8
23613,151,150,1,1
23614,137,143,-6,6
23615,42,59,-17,17
23616,144,144,0,0
23617,41,61,-20,20
23618,82,92,-10,10
23619,91,98,-7,7
23620,65,83,-18,18
23621,65,78,-13,13
23622,103,118,-15,15
23623,116,125,-9,9
23624,149,149,0,0
23625,202,182,20,20
23626,61,74,-13,13
23627,78,94,-16,16
23628,154,147,7,7
23629,87,100,-13,13
23630,93,98,-5,5
23631,134,149,-15,15
23632,116,130,-14,14
23633,124,137,-13,13
23634,148,148,0,0
23635,140,146,-6,6
23636,69,80,-11,11
23637,107,116,-9,9
23638,99,106,-7,7
23639,137,135,2,2
23640,165,147,18,18
23641,102,107,-5,5
23642,116,121,-5,5
23643,95,96,-1,1
23644,86,117,-31,31
23645,88,109,-21,21
23646,108,121,-13,13
23647,153,154,-1,1
23648,69,81,-12,12
23649,76,87,-11,11
23650,103,109,-6,6
23651,79,104,-25,25
23652,129,130,-1,1
23653,87,102,-15,15
23654,67,81,-14,14
23655,81,91,-10,10
23656,118,125,-7,7
23657,69,82,-13,13
23658,63,83,-20,20
23659,77,88,-11,11
23660,113,122,-9,9
23661,143,147,-4,4
23662,57,74,-17,17
23663,86,98,-12,12
23664,36,72,-36,36
23665,128,127,1,1
23666,111,117,-6,6
23667,68,83,-15,15
23668,60,81,-21,21
23669,90,101,-11,11
23670,99,109,-10,10
23671,80,86,-6,6
23672,79,99,-20,20
23673,84,102,-18,18
23674,77,86,-9,9
23675,132,138,-6,6
23676,94,86,8,8
23677,95,111,-16,16
23678,67,81,-14,14
23679,134,135,-1,1
23680,148,150,-2,2
23681,92,102,-10,10
23682,85,90,-5,5
23683,69,89,-20,20
23684,107,126,-19,19
23685,113,138,-25,25
23686,49,65,-16,16
23687,31,53,-22,22
23688,72,91,-19,19
23689,135,143,-8,8
23690,126,124,2,2
23691,67,83,-16,16
23692,70,92,-22,22
23693,64,78,-14,14
23694,70,109,-39,39
23695,88,92,-4,4
23696,66,84,-18,18
23697,80,103,-23,23
23698,82,106,-24,24
23699,85,101,-16,16
23700,128,136,-8,8
23701,116,126,-10,10
23702,74,81,-7,7
23703,107,113,-6,6
23704,74,87,-13,13
23705,133,126,7,7
23706,91,97,-6,6
23707,100,113,-13,13
23708,90,94,-4,4
23709,41,61,-20,20
23710,117,125,-8,8
23711,91,104,-13,13
23712,108,129,-21,21
23713,61,71,-10,10
23714,201,183,18,18
23715,112,119,-7,7
23716,62,75,-13,13
23717,70,87,-17,17
23718,79,92,-13,13
23719,85,89,-4,4
23720,138,138,0,0
23721,132,139,-7,7
23722,46,68,-22,22
23723,172,166,6,6
23724,120,119,1,1
23725,120,124,-4,4
23726,96,113,-17,17
23727,108,107,1,1
23728,125,138,-13,13
23729,72,90,-18,18
23730,110,110,0,0
23731,51,79,-28,28
23732,127,133,-6,6
23733,109,122,-13,13
23734,70,83,-13,13
23735,91,101,-10,10
23736,53,77,-24,24
23737,195,186,9,9
23738,63,84,-21,21
23739,97,113,-16,16
23740,109,115,-6,6
23741,116,131,-15,15
23742,52,75,-23,23
23743,66,90,-24,24
23744,70,77,-7,7
23745,143,148,-5,5
23746,61,132,-71,71
23747,105,105,0,0
23748,58,70,-12,12
23749,141,147,-6,6
23750,64,75,-11,11
23751,126,134,-8,8
23752,154,151,3,3
23753,103,106,-3,3
23754,54,73,-19,19
23755,100,111,-11,11
23756,99,107,-8,8
23757,84,101,-17,17
23758,67,85,-18,18
23759,51,79,-28,28
23760,118,136,-18,18
23761,139,137,2,2
23762,83,97,-14,14
23763,127,134,-7,7
23764,98,105,-7,7
23765,86,95,-9,9
23766,53,70,-17,17
23767,111,128,-17,17
23768,82,96,-14,14
23769,101,105,-4,4
23770,79,93,-14,14
23771,82,100,-18,18
23772,101,101,0,0
23773,172,156,16,16
23774,49,73,-24,24
23775,144,143,1,1
23776,79,88,-9,9
23777,71,90,-19,19
23778,109,124,-15,15
23779,97,101,-4,4
23780,134,135,-1,1
23781,139,157,-18,18
23782,103,115,-12,12
23783,104,110,-6,6
23784,45,70,-25,25
23785,124,143,-19,19
23786,77,95,-18,18
23787,92,104,-12,12
23788,54,68,-14,14
23789,96,110,-14,14
23790,77,88,-11,11
23791,99,104,-5,5
23792,46,63,-17,17
23793,128,134,-6,6
23794,114,130,-16,16
23795,183,166,17,17
23796,74,90,-16,16
23797,152,146,6,6
23798,95,103,-8,8
23799,84,86,-2,2
23800,103,113,-10,10
23801,118,120,-2,2
23802,82,108,-26,26
23803,161,166,-5,5
23804,93,96,-3,3
23805,91,98,-7,7
23806,106,113,-7,7
23807,91,98,-7,7
23808,52,70,-18,18
23809,89,100,-11,11
23810,80,99,-19,19
23811,112,129,-17,17
23812,69,76,-7,7
23813,68,82,-14,14
23814,219,204,15,15
23815,89,103,-14,14
23816,127,132,-5,5
23817,84,110,-26,26
23818,85,94,-9,9
23819,28,71,-43,43
23820,141,140,1,1
23821,92,104,-12,12
23822,130,133,-3,3
23823,59,77,-18,18
23824,143,138,5,5
23825,145,141,4,4
23826,73,90,-17,17
23827,177,168,9,9
23828,169,152,17,17
23829,54,71,-17,17
23830,128,123,5,5
23831,52,70,-18,18
23832,129,141,-12,12
23833,99,112,-13,13
23834,119,113,6,6
23835,75,91,-16,16
23836,119,122,-3,3
23837,103,109,-6,6
23838,130,134,-4,4
23839,119,120,-1,1
23840,100,105,-5,5
23841,159,165,-6,6
23842,75,82,-7,7
23843,86,101,-15,15
23844,123,132,-9,9
23845,74,95,-21,21
23846,50,74,-24,24
23847,57,65,-8,8
23848,50,71,-21,21
23849,71,88,-17,17
23850,96,110,-14,14
23851,76,82,-6,6
23852,130,128,2,2
23853,62,88,-26,26
23854,92,103,-11,11
23855,98,117,-19,19
23856,67,77,-10,10
23857,231,207,24,24
23858,68,74,-6,6
23859,59,71,-12,12
23860,82,87,-5,5
23861,67,87,-20,20
23862,88,94,-6,6
23863,138,135,3,3
23864,81,83,-2,2
23865,117,125,-8,8
23866,67,85,-18,18
23867,57,74,-17,17
23868,53,68,-15,15
23869,87,96,-9,9
23870,123,138,-15,15
23871,128,135,-7,7
23872,80,95,-15,15
23873,95,106,-11,11
23874,105,118,-13,13
23875,92,106,-14,14
23876,97,102,-5,5
23877,96,111,-15,15
23878,114,116,-2,2
23879,57,77,-20,20
23880,174,156,18,18
23881,98,106,-8,8
23882,96,101,-5,5
23883,34,70,-36,36
23884,53,69,-16,16
23885,70,85,-15,15
23886,100,118,-18,18
23887,112,126,-14,14
23888,86,98,-12,12
23889,106,114,-8,8
23890,75,90,-15,15
23891,97,123,-26,26
23892,93,109,-16,16
23893,105,97,8,8
23894,108,118,-10,10
23895,137,150,-13,13
23896,99,116,-17,17
23897,71,85,-14,14
23898,157,160,-3,3
23899,111,126,-15,15
23900,102,104,-2,2
23901,144,147,-3,3
23902,86,95,-9,9
23903,63,89,-26,26
23904,97,102,-5,5
23905,30,55,-25,25
23906,77,88,-11,11
23907,111,118,-7,7
23908,77,86,-9,9
23909,41,57,-16,16
23910,82,104,-22,22
23911,144,146,-2,2
23912,117,125,-8,8
23913,94,101,-7,7
23914,58,67,-9,9
23915,101,108,-7,7
23916,105,107,-2,2
23917,99,119,-20,20
23918,88,95,-7,7
23919,69,89,-20,20
23920,67,75,-8,8
23921,51,77,-26,26
23922,120,126,-6,6
23923,60,76,-16,16
23924,90,95,-5,5
23925,81,90,-9,9
23926,163,166,-3,3
23927,142,143,-1,1
23928,65,79,-14,14
23929,156,154,2,2
23930,52,67,-15,15
23931,74,81,-7,7
23932,115,123,-8,8
23933,126,144,-18,18
23934,48,62,-14,14
23935,129,143,-14,14
23936,160,151,9,9
23937,110,131,-21,21
23938,121,135,-14,14
23939,97,106,-9,9
23940,110,142,-32,32
23941,135,139,-4,4
23942,153,151,2,2
23943,103,134,-31,31
23944,103,110,-7,7
23945,119,121,-2,2
23946,76,101,-25,25
23947,195,196,-1,1
23948,57,73,-16,16
23949,59,82,-23,23
23950,146,149,-3,3
23951,91,93,-2,2
23952,101,108,-7,7
23953,240,189,51,51
23954,88,103,-15,15
23955,83,84,-1,1
23956,77,89,-12,12
23957,82,104,-22,22
23958,82,104,-22,22
23959,119,120,-1,1
23960,106,109,-3,3
23961,101,118,-17,17
23962,78,91,-13,13
23963,82,93,-11,11
23964,82,94,-12,12
23965,126,124,2,2
23966,87,108,-21,21
23967,96,110,-14,14
23968,68,83,-15,15
23969,100,102,-2,2
23970,71,90,-19,19
23971,91,110,-19,19
23972,118,126,-8,8
23973,93,109,-16,16
23974,87,100,-13,13
23975,75,94,-19,19
23976,64,77,-13,13
23977,94,102,-8,8
23978,45,66,-21,21
23979,97,99,-2,2
23980,115,121,-6,6
23981,84,97,-13,13
23982,139,136,3,3
23983,155,160,-5,5
23984,65,80,-15,15
23985,72,89,-17,17
23986,65,83,-18,18
23987,45,66,-21,21
23988,92,113,-21,21
23989,148,149,-1,1
23990,163,147,16,16
23991,80,87,-7,7
23992,131,129,2,2
23993,74,96,-22,22
23994,62,78,-16,16
23995,65,77,-12,12
23996,110,111,-1,1
23997,119,111,8,8
23998,110,116,-6,6
23999,89,105,-16,16
24000,104,125,-21,21
24001,110,129,-19,19
24002,83,91,-8,8
24003,134,142,-8,8
24004,110,126,-16,16
24005,74,97,-23,23
24006,152,150,2,2
24007,103,115,-12,12
24008,47,64,-17,17
24009,104,109,-5,5
24010,59,77,-18,18
24011,76,80,-4,4
24012,82,102,-20,20
24013,100,112,-12,12
24014,127,133,-6,6
24015,70,79,-9,9
24016,71,91,-20,20
24017,83,107,-24,24
24018,80,96,-16,16
24019,102,115,-13,13
24020,70,92,-22,22
24021,89,97,-8,8
24022,75,87,-12,12
24023,104,112,-8,8
24024,84,83,1,1
24025,56,75,-19,19
24026,55,78,-23,23
24027,141,154,-13,13
24028,82,99,-17,17
24029,182,167,15,15
24030,154,155,-1,1
24031,86,99,-13,13
24032,78,92,-14,14
24033,91,106,-15,15
24034,115,125,-10,10
24035,112,127,-15,15
24036,98,125,-27,27
24037,83,92,-9,9
24038,58,73,-15,15
24039,72,84,-12,12
24040,46,80,-34,34
24041,54,72,-18,18
24042,99,110,-11,11
24043,100,136,-36,36
24044,114,123,-9,9
24045,56,67,-11,11
24046,49,69,-20,20
24047,63,72,-9,9
24048,63,75,-12,12
24049,72,89,-17,17
24050,97,107,-10,10
24051,59,77,-18,18
24052,123,138,-15,15
24053,109,130,-21,21
24054,108,116,-8,8
24055,95,116,-21,21
24056,94,102,-8,8
24057,59,80,-21,21
24058,80,97,-17,17
24059,140,147,-7,7
24060,102,116,-14,14
24061,65,85,-20,20
24062,117,119,-2,2
24063,63,73,-10,10
24064,77,99,-22,22
24065,137,117,20,20
24066,114,124,-10,10
24067,78,82,-4,4
24068,45,61,-16,16
24069,84,102,-18,18
24070,96,121,-25,25
24071,62,82,-20,20
24072,67,88,-21,21
24073,178,155,23,23
24074,78,102,-24,24
24075,112,120,-8,8
24076,99,99,0,0
24077,94,111,-17,17
24078,86,90,-4,4
24079,116,120,-4,4
24080,64,74,-10,10
24081,51,67,-16,16
24082,176,150,26,26
24083,120,121,-1,1
24084,121,116,5,5
24085,84,97,-13,13
24086,108,118,-10,10
24087,97,109,-12,12
24088,91,105,-14,14
24089,117,129,-12,12
24090,102,108,-6,6
24091,53,68,-15,15
24092,82,92,-10,10
24093,63,82,-19,19
24094,50,105,-55,55
24095,121,123,-2,2
24096,33,63,-30,30
24097,75,87,-12,12
24098,98,112,-14,14
24099,95,99,-4,4
24100,94,102,-8,8
24101,43,62,-19,19
24102,88,110,-22,22
24103,72,85,-13,13
24104,118,123,-5,5
24105,76,93,-17,17
24106,58,73,-15,15
24107,104,99,5,5
24108,115,122,-7,7
24109,63,69,-6,6
24110,105,117,-12,12
24111,59,72,-13,13
24112,58,73,-15,15
24113,146,142,4,4
24114,82,98,-16,16
24115,114,133,-19,19
24116,95,102,-7,7
24117,46,66,-20,20
24118,122,131,-9,9
24119,78,92,-14,14
24120,97,103,-6,6
24121,111,119,-8,8
24122,161,149,12,12
24123,157,155,2,2
24124,90,111,-21,21
24125,69,81,-12,12
24126,78,88,-10,10
24127,111,117,-6,6
24128,56,69,-13,13
24129,83,87,-4,4
24130,186,169,17,17
24131,76,95,-19,19
24132,76,96,-20,20
24133,136,145,-9,9
24134,87,97,-10,10
24135,87,92,-5,5
24136,72,82,-10,10
24137,64,87,-23,23
24138,162,158,4,4
24139,59,77,-18,18
24140,77,84,-7,7
24141,58,75,-17,17
24142,65,76,-11,11
24143,103,105,-2,2
24144,74,86,-12,12
24145,83,86,-3,3
24146,62,75,-13,13
24147,115,114,1,1
24148,88,104,-16,16
24149,79,97,-18,18
24150,102,109,-7,7
24151,76,90,-14,14
24152,72,87,-15,15
24153,127,137,-10,10
24154,57,75,-18,18
24155,123,134,-11,11
24156,108,112,-4,4
24157,179,160,19,19
24158,56,90,-34,34
24159,129,143,-14,14
24160,76,96,-20,20
24161,160,147,13,13
24162,108,110,-2,2
24163,65,85,-20,20
24164,80,89,-9,9
24165,68,97,-29,29
24166,125,154,-29,29
24167,55,72,-17,17
24168,101,119,-18,18
24169,102,107,-5,5
24170,151,153,-2,2
24171,98,138,-40,40
24172,72,94,-22,22
24173,124,134,-10,10
24174,113,120,-7,7
24175,84,83,1,1
24176,51,71,-20,20
24177,73,84,-11,11
24178,58,64,-6,6
24179,103,112,-9,9
24180,89,89,0,0
24181,103,118,-15,15
24182,122,132,-10,10
24183,62,80,-18,18
24184,152,148,4,4
24185,49,67,-18,18
24186,76,86,-10,10
24187,107,117,-10,10
24188,63,94,-31,31
24189,132,135,-3,3
24190,167,130,37,37
24191,105,111,-6,6
24192,160,157,3,3
24193,86,97,-11,11
24194,105,111,-6,6
24195,88,104,-16,16
24196,102,111,-9,9
24197,102,126,-24,24
24198,101,122,-21,21
24199,48,70,-22,22
24200,131,140,-9,9
24201,45,59,-14,14
24202,100,112,-12,12
24203,77,85,-8,8
24204,131,147,-16,16
24205,106,116,-10,10
24206,115,118,-3,3
24207,140,138,2,2
24208,111,125,-14,14
24209,100,122,-22,22
24210,55,74,-19,19
24211,80,88,-8,8
24212,98,117,-19,19
24213,61,71,-10,10
24214,106,113,-7,7
24215,91,106,-15,15
24216,96,102,-6,6
24217,88,94,-6,6
24218,79,96,-17,17
24219,108,130,-22,22
24220,108,124,-16,16
24221,137,130,7,7
24222,110,125,-15,15
24223,67,82,-15,15
24224,81,91,-10,10
24225,74,88,-14,14
24226,95,113,-18,18
24227,36,52,-16,16
24228,96,108,-12,12
24229,80,98,-18,18
24230,86,91,-5,5
24231,145,155,-10,10
24232,163,161,2,2
24233,57,68,-11,11
24234,91,111,-20,20
24235,100,117,-17,17
24236,55,69,-14,14
24237,118,123,-5,5
24238,183,174,9,9
24239,79,95,-16,16
24240,82,83,-1,1
24241,107,115,-8,8
24242,47,64,-17,17
24243,103,117,-14,14
24244,78,88,-10,10
24245,114,128,-14,14
24246,127,130,-3,3
24247,65,83,-18,18
24248,149,160,-11,11
24249,72,82,-10,10
24250,75,89,-14,14
24251,99,110,-11,11
24252,91,97,-6,6
24253,50,72,-22,22
24254,116,123,-7,7
24255,150,142,8,8
24256,136,146,-10,10
24257,145,132,13,13
24258,64,81,-17,17
24259,81,91,-10,10
24260,76,80,-4,4
24261,91,94,-3,3
24262,64,74,-10,10
24263,52,73,-21,21
24264,85,102,-17,17
24265,93,105,-12,12
24266,80,102,-22,22
24267,84,100,-16,16
24268,71,84,-13,13
24269,73,81,-8,8
24270,54,72,-18,18
24271,87,90,-3,3
24272,88,107,-19,19
24273,50,73,-23,23
24274,122,129,-7,7
24275,98,111,-13,13
24276,82,89,-7,7
24277,173,160,13,13
24278,78,93,-15,15
24279,106,117,-11,11
24280,103,123,-20,20
24281,78,84,-6,6
24282,57,77,-20,20
24283,125,141,-16,16
24284,103,125,-22,22
24285,100,113,-13,13
24286,78,97,-19,19
24287,122,121,1,1
24288,122,141,-19,19
24289,135,133,2,2
24290,110,108,2,2
24291,174,156,18,18
24292,54,70,-16,16
24293,43,60,-17,17
24294,82,91,-9,9
24295,91,104,-13,13
24296,104,107,-3,3
24297,148,148,0,0
24298,30,52,-22,22
24299,115,120,-5,5
24300,122,124,-2,2
24301,126,128,-2,2
24302,68,96,-28,28
24303,119,119,0,0
24304,124,139,-15,15
24305,81,87,-6,6
24306,74,84,-10,10
24307,75,90,-15,15
24308,57,79,-22,22
24309,92,96,-4,4
24310,79,89,-10,10
24311,118,136,-18,18
24312,62,82,-20,20
24313,86,94,-8,8
24314,57,64,-7,7
24315,93,122,-29,29
24316,111,110,1,1
24317,77,88,-11,11
24318,66,87,-21,21
24319,142,119,23,23
24320,117,117,0,0
24321,48,65,-17,17
24322,195,173,22,22
24323,100,112,-12,12
24324,103,104,-1,1
24325,59,81,-22,22
24326,76,85,-9,9
24327,108,119,-11,11
24328,127,135,-8,8
24329,91,90,1,1
24330,67,85,-18,18
24331,157,149,8,8
24332,120,139,-19,19
24333,79,92,-13,13
24334,95,106,-11,11
24335,103,115,-12,12
24336,126,132,-6,6
24337,73,115,-42,42
24338,53,75,-22,22
24339,126,136,-10,10
24340,78,88,-10,10
24341,128,140,-12,12
24342,51,70,-19,19
24343,76,91,-15,15
24344,130,141,-11,11
24345,87,101,-14,14
24346,76,99,-23,23
24347,71,84,-13,13
24348,115,126,-11,11
24349,119,130,-11,11
24350,75,87,-12,12
24351,75,102,-27,27
24352,93,99,-6,6
24353,128,142,-14,14
24354,127,155,-28,28
24355,94,106,-12,12
24356,133,134,-1,1
24357,53,63,-10,10
24358,146,145,1,1
24359,117,139,-22,22
24360,74,88,-14,14
24361,126,134,-8,8
24362,41,66,-25,25
24363,143,148,-5,5
24364,90,102,-12,12
24365,73,92,-19,19
24366,156,152,4,4
24367,72,85,-13,13
24368,59,72,-13,13
24369,27,50,-23,23
24370,93,107,-14,14
24371,87,104,-17,17
24372,44,72,-28,28
24373,182,172,10,10
24374,90,100,-10,10
24375,170,153,17,17
24376,128,137,-9,9
24377,102,119,-17,17
24378,99,108,-9,9
24379,106,114,-8,8
24380,86,96,-10,10
24381,127,126,1,1
24382,99,96,3,3
24383,101,113,-12,12
24384,155,156,-1,1
24385,184,157,27,27
24386,98,108,-10,10
24387,95,104,-9,9
24388,108,141,-33,33
24389,103,117,-14,14
24390,147,150,-3,3
24391,100,104,-4,4
24392,76,110,-34,34
24393,308,221,87,87
24394,71,83,-12,12
24395,80,97,-17,17
24396,88,98,-10,10
24397,92,115,-23,23
24398,105,119,-14,14
24399,63,84,-21,21
24400,89,102,-13,13
24401,77,101,-24,24
24402,94,106,-12,12
24403,72,98,-26,26
24404,65,76,-11,11
24405,132,132,0,0
24406,90,97,-7,7
24407,83,92,-9,9
24408,35,87,-52,52
24409,163,157,6,6
24410,73,85,-12,12
24411,117,127,-10,10
24412,87,97,-10,10
24413,70,89,-19,19
24414,189,171,18,18
24415,81,90,-9,9
24416,59,78,-19,19
24417,110,125,-15,15
24418,103,120,-17,17
24419,89,101,-12,12
24420,90,93,-3,3
24421,475,333,142,142
24422,66,77,-11,11
24423,97,112,-15,15
24424,89,93,-4,4
24425,106,112,-6,6
24426,81,92,-11,11
24427,143,147,-4,4
24428,113,120,-7,7
24429,83,96,-13,13
24430,276,266,10,10
24431,88,96,-8,8
24432,91,108,-17,17
24433,179,157,22,22
24434,175,146,29,29
24435,86,99,-13,13
24436,60,77,-17,17
24437,86,102,-16,16
24438,104,114,-10,10
24439,144,147,-3,3
24440,93,106,-13,13
24441,98,108,-10,10
24442,59,82,-23,23
24443,112,151,-39,39
24444,98,121,-23,23
24445,60,77,-17,17
24446,72,81,-9,9
24447,42,64,-22,22
24448,57,70,-13,13
24449,138,134,4,4
24450,99,106,-7,7
24451,134,142,-8,8
24452,96,97,-1,1
24453,101,116,-15,15
24454,88,114,-26,26
24455,79,98,-19,19
24456,61,74,-13,13
24457,77,78,-1,1
24458,119,129,-10,10
24459,124,124,0,0
24460,77,94,-17,17
24461,81,99,-18,18
24462,70,84,-14,14
24463,120,140,-20,20
24464,90,109,-19,19
24465,88,103,-15,15
24466,49,68,-19,19
24467,70,82,-12,12
24468,90,100,-10,10
24469,70,78,-8,8
24470,119,118,1,1
24471,99,108,-9,9
24472,79,100,-21,21
24473,112,121,-9,9
24474,63,82,-19,19
24475,40,64,-24,24
24476,145,144,1,1
24477,82,90,-8,8
24478,87,96,-9,9
24479,75,83,-8,8
24480,71,82,-11,11
24481,84,95,-11,11
24482,85,89,-4,4
24483,101,108,-7,7
24484,111,109,2,2
24485,90,105,-15,15
24486,63,79,-16,16
24487,174,170,4,4
24488,106,113,-7,7
24489,64,84,-20,20
24490,33,54,-21,21
24491,100,121,-21,21
24492,185,160,25,25
24493,68,83,-15,15
24494,29,51,-22,22
24495,45,63,-18,18
24496,58,74,-16,16
24497,120,119,1,1
24498,124,122,2,2
24499,70,82,-12,12
24500,104,118,-14,14
24501,101,106,-5,5
24502,92,103,-11,11
24503,81,92,-11,11
24504,59,76,-17,17
24505,84,95,-11,11
24506,67,86,-19,19
24507,105,109,-4,4
24508,81,94,-13,13
24509,56,75,-19,19
24510,115,128,-13,13
24511,117,120,-3,3
24512,95,104,-9,9
24513,134,134,0,0
24514,89,104,-15,15
24515,136,146,-10,10
24516,100,110,-10,10
24517,95,121,-26,26
24518,73,88,-15,15
24519,58,81,-23,23
24520,157,148,9,9
24521,77,92,-15,15
24522,54,65,-11,11
24523,90,109,-19,19
24524,85,104,-19,19
24525,71,85,-14,14
24526,73,84,-11,11
24527,87,103,-16,16
24528,57,76,-19,19
24529,64,77,-13,13
24530,72,82,-10,10
24531,184,156,28,28
24532,152,135,17,17
24533,88,101,-13,13
24534,90,98,-8,8
24535,96,115,-19,19
24536,117,116,1,1
24537,65,77,-12,12
24538,101,106,-5,5
24539,130,144,-14,14
24540,189,166,23,23
24541,80,96,-16,16
24542,72,85,-13,13
24543,99,115,-16,16
24544,131,136,-5,5
24545,120,137,-17,17
24546,64,82,-18,18
24547,59,63,-4,4
24548,69,86,-17,17
24549,44,67,-23,23
24550,85,103,-18,18
24551,51,82,-31,31
24552,70,91,-21,21
24553,61,81,-20,20
24554,110,130,-20,20
24555,69,87,-18,18
24556,56,74,-18,18
24557,125,147,-22,22
24558,91,98,-7,7
24559,53,81,-28,28
24560,91,106,-15,15
24561,42,64,-22,22
24562,85,99,-14,14
24563,33,53,-20,20
24564,94,97,-3,3
24565,143,147,-4,4
24566,72,78,-6,6
24567,85,96,-11,11
24568,132,145,-13,13
24569,103,108,-5,5
24570,131,122,9,9
24571,72,90,-18,18
24572,109,120,-11,11
24573,104,113,-9,9
24574,128,135,-7,7
24575,147,147,0,0
24576,90,99,-9,9
24577,44,68,-24,24
24578,84,99,-15,15
24579,129,148,-19,19
24580,76,102,-26,26
24581,82,102,-20,20
24582,155,143,12,12
24583,141,135,6,6
24584,110,136,-26,26
24585,117,132,-15,15
24586,112,124,-12,12
24587,109,123,-14,14
24588,63,70,-7,7
24589,68,82,-14,14
24590,140,142,-2,2
24591,42,66,-24,24
24592,97,117,-20,20
24593,73,83,-10,10
24594,49,62,-13,13
24595,163,147,16,16
24596,116,127,-11,11
24597,98,120,-22,22
24598,97,108,-11,11
24599,76,91,-15,15
24600,84,94,-10,10
24601,52,64,-12,12
24602,134,138,-4,4
24603,62,72,-10,10
24604,123,136,-13,13
24605,55,70,-15,15
24606,80,97,-17,17
24607,77,88,-11,11
24608,121,141,-20,20
24609,45,66,-21,21
24610,66,83,-17,17
24611,59,69,-10,10
24612,45,66,-21,21
24613,63,78,-15,15
24614,65,89,-24,24
24615,95,105,-10,10
24616,84,92,-8,8
24617,110,137,-27,27
24618,83,94,-11,11
24619,133,126,7,7
24620,111,118,-7,7
24621,69,86,-17,17
24622,43,58,-15,15
24623,97,112,-15,15
24624,78,103,-25,25
24625,75,86,-11,11
24626,130,131,-1,1
24627,73,85,-12,12
24628,156,153,3,3
24629,110,104,6,6
24630,132,138,-6,6
24631,108,121,-13,13
24632,97,113,-16,16
24633,139,144,-5,5
24634,88,98,-10,10
24635,136,133,3,3
24636,115,120,-5,5
24637,141,141,0,0
24638,125,132,-7,7
24639,114,121,-7,7
24640,127,131,-4,4
24641,87,101,-14,14
24642,126,136,-10,10
24643,83,104,-21,21
24644,68,78,-10,10
24645,100,107,-7,7
24646,67,85,-18,18
24647,79,89,-10,10
24648,123,129,-6,6
24649,49,67,-18,18
24650,73,105,-32,32
24651,105,110,-5,5
24652,86,100,-14,14
24653,78,104,-26,26
24654,97,104,-7,7
24655,95,111,-16,16
24656,46,69,-23,23
24657,105,120,-15,15
24658,157,149,8,8
24659,97,121,-24,24
24660,130,127,3,3
24661,114,137,-23,23
24662,56,76,-20,20
24663,37,56,-19,19
24664,133,140,-7,7
24665,80,110,-30,30
24666,56,71,-15,15
24667,64,76,-12,12
24668,78,93,-15,15
24669,96,102,-6,6
24670,90,98,-8,8
24671,126,125,1,1
24672,85,101,-16,16
24673,60,69,-9,9
24674,92,99,-7,7
24675,105,115,-10,10
24676,92,101,-9,9
24677,85,95,-10,10
24678,187,163,24,24
24679,108,128,-20,20
24680,64,68,-4,4
24681,99,106,-7,7
24682,92,101,-9,9
24683,111,123,-12,12
24684,83,92,-9,9
24685,92,99,-7,7
24686,68,74,-6,6
24687,158,147,11,11
24688,54,69,-15,15
24689,86,90,-4,4
24690,94,102,-8,8
24691,102,114,-12,12
24692,55,69,-14,14
24693,52,76,-24,24
24694,69,88,-19,19
24695,97,105,-8,8
24696,59,84,-25,25
24697,86,99,-13,13
24698,104,116,-12,12
24699,119,138,-19,19
24700,124,118,6,6
24701,99,113,-14,14
24702,94,104,-10,10
24703,129,143,-14,14
24704,134,126,8,8
24705,58,84,-26,26
24706,131,131,0,0
24707,100,102,-2,2
24708,97,100,-3,3
24709,75,80,-5,5
24710,133,140,-7,7
24711,87,98,-11,11
24712,76,90,-14,14
24713,55,70,-15,15
24714,167,162,5,5
24715,108,124,-16,16
24716,64,79,-15,15
24717,56,81,-25,25
24718,49,98,-49,49
24719,55,65,-10,10
24720,80,115,-35,35
24721,55,72,-17,17
24722,169,157,12,12
24723,156,151,5,5
24724,102,108,-6,6
24725,94,102,-8,8
24726,92,102,-10,10
24727,116,138,-22,22
24728,120,131,-11,11
24729,107,116,-9,9
24730,113,126,-13,13
24731,75,91,-16,16
24732,67,76,-9,9
24733,98,101,-3,3
24734,193,172,21,21
24735,165,162,3,3
24736,92,95,-3,3
24737,53,67,-14,14
24738,82,113,-31,31
24739,113,130,-17,17
24740,89,107,-18,18
24741,93,100,-7,7
24742,94,100,-6,6
24743,87,93,-6,6
24744,145,147,-2,2
24745,142,142,0,0
24746,115,123,-8,8
24747,82,100,-18,18
24748,87,105,-18,18
24749,74,83,-9,9
24750,61,90,-29,29
24751,125,131,-6,6
24752,74,86,-12,12
24753,129,132,-3,3
24754,88,95,-7,7
24755,93,106,-13,13
24756,83,98,-15,15
24757,123,124,-1,1
24758,103,108,-5,5
24759,136,143,-7,7
24760,88,99,-11,11
24761,94,103,-9,9
24762,71,89,-18,18
24763,80,94,-14,14
24764,73,90,-17,17
24765,90,97,-7,7
24766,81,91,-10,10
24767,85,104,-19,19
24768,48,69,-21,21
24769,122,142,-20,20
24770,120,129,-9,9
24771,100,115,-15,15
24772,123,124,-1,1
24773,154,144,10,10
24774,49,75,-26,26
24775,110,107,3,3
24776,90,104,-14,14
24777,103,108,-5,5
24778,69,88,-19,19
24779,113,116,-3,3
24780,102,111,-9,9
24781,80,122,-42,42
24782,45,64,-19,19
24783,154,149,5,5
24784,116,116,0,0
24785,125,129,-4,4
24786,182,158,24,24
24787,68,80,-12,12
24788,82,84,-2,2
24789,78,92,-14,14
24790,60,87,-27,27
24791,119,121,-2,2
24792,76,88,-12,12
24793,102,112,-10,10
24794,94,125,-31,31
24795,76,94,-18,18
24796,52,69,-17,17
24797,82,85,-3,3
24798,117,131,-14,14
24799,110,117,-7,7
24800,165,150,15,15
24801,79,83,-4,4
24802,132,135,-3,3
24803,118,126,-8,8
24804,95,100,-5,5
24805,74,89,-15,15
24806,52,88,-36,36
24807,104,119,-15,15
24808,103,137,-34,34
24809,119,129,-10,10
24810,99,112,-13,13
24811,141,142,-1,1
24812,62,75,-13,13
24813,95,105,-10,10
24814,115,122,-7,7
24815,97,117,-20,20
24816,46,75,-29,29
24817,122,137,-15,15
24818,121,131,-10,10
24819,102,119,-17,17
24820,148,147,1,1
24821,71,83,-12,12
24822,114,122,-8,8
24823,126,130,-4,4
24824,84,93,-9,9
24825,83,91,-8,8
24826,101,96,5,5
24827,98,107,-9,9
24828,121,120,1,1
24829,84,105,-21,21
24830,56,76,-20,20
24831,90,92,-2,2
24832,85,94,-9,9
24833,87,96,-9,9
24834,113,125,-12,12
24835,140,146,-6,6
24836,116,124,-8,8
24837,120,137,-17,17
24838,82,91,-9,9
24839,150,147,3,3
24840,89,98,-9,9
24841,72,85,-13,13
24842,106,117,-11,11
24843,66,86,-20,20
24844,67,83,-16,16
24845,78,87,-9,9
24846,118,122,-4,4
24847,83,108,-25,25
24848,133,148,-15,15
24849,127,132,-5,5
24850,178,162,16,16
24851,70,83,-13,13
24852,50,67,-17,17
24853,121,121,0,0
24854,127,132,-5,5
24855,62,69,-7,7
24856,74,88,-14,14
24857,79,92,-13,13
24858,95,105,-10,10
24859,103,119,-16,16
24860,113,112,1,1
24861,58,89,-31,31
24862,162,137,25,25
24863,43,60,-17,17
24864,73,83,-10,10
24865,60,75,-15,15
24866,134,133,1,1
24867,66,83,-17,17
24868,42,75,-33,33
24869,89,97,-8,8
24870,82,88,-6,6
24871,133,136,-3,3
24872,28,48,-20,20
24873,120,120,0,0
24874,60,73,-13,13
24875,59,79,-20,20
24876,54,71,-17,17
24877,81,98,-17,17
24878,102,109,-7,7
24879,47,68,-21,21
24880,90,91,-1,1
24881,123,121,2,2
24882,83,94,-11,11
24883,92,119,-27,27
24884,105,113,-8,8
24885,108,108,0,0
24886,114,135,-21,21
24887,57,75,-18,18
24888,67,83,-16,16
24889,85,103,-18,18
24890,68,83,-15,15
24891,55,71,-16,16
24892,93,99,-6,6
24893,61,79,-18,18
24894,61,73,-12,12
24895,87,100,-13,13
24896,85,97,-12,12
24897,88,101,-13,13
24898,57,70,-13,13
24899,65,84,-19,19
24900,58,77,-19,19
24901,118,123,-5,5
24902,94,110,-16,16
24903,164,158,6,6
24904,74,88,-14,14
24905,106,153,-47,47
24906,97,124,-27,27
24907,117,124,-7,7
24908,123,132,-9,9
24909,72,95,-23,23
24910,73,85,-12,12
24911,105,149,-44,44
24912,53,70,-17,17
24913,63,83,-20,20
24914,85,98,-13,13
24915,136,148,-12,12
24916,113,115,-2,2
24917,92,115,-23,23
24918,97,111,-14,14
24919,95,116,-21,21
24920,106,115,-9,9
24921,167,157,10,10
24922,121,138,-17,17
24923,42,58,-16,16
24924,80,96,-16,16
24925,48,69,-21,21
24926,116,123,-7,7
24927,117,125,-8,8
24928,67,77,-10,10
24929,69,83,-14,14
24930,114,115,-1,1
24931,134,130,4,4
24932,91,97,-6,6
24933,88,96,-8,8
24934,130,138,-8,8
24935,187,174,13,13
24936,99,114,-15,15
24937,95,114,-19,19
24938,151,149,2,2
24939,97,108,-11,11
24940,66,79,-13,13
24941,39,54,-15,15
24942,114,125,-11,11
24943,124,124,0,0
24944,109,119,-10,10
24945,92,118,-26,26
24946,50,69,-19,19
24947,139,139,0,0
24948,116,126,-10,10
24949,79,92,-13,13
24950,69,98,-29,29
24951,95,110,-15,15
24952,112,123,-11,11
24953,57,77,-20,20
24954,57,72,-15,15
24955,112,131,-19,19
24956,77,92,-15,15
24957,79,96,-17,17
24958,115,122,-7,7
24959,52,73,-21,21
24960,121,118,3,3
24961,93,105,-12,12
24962,51,62,-11,11
24963,71,91,-20,20
24964,126,136,-10,10
24965,149,146,3,3
24966,91,120,-29,29
24967,142,147,-5,5
24968,55,77,-22,22
24969,110,120,-10,10
24970,197,198,-1,1
24971,85,95,-10,10
24972,115,121,-6,6
24973,111,115,-4,4
24974,136,132,4,4
24975,57,75,-18,18
24976,100,100,0,0
24977,121,124,-3,3
24978,105,109,-4,4
24979,145,151,-6,6
24980,93,101,-8,8
24981,104,115,-11,11
24982,104,108,-4,4
24983,89,95,-6,6
24984,82,92,-10,10
24985,137,134,3,3
24986,112,112,0,0
24987,99,102,-3,3
24988,94,108,-14,14
24989,140,140,0,0
24990,75,96,-21,21
24991,114,123,-9,9
24992,71,86,-15,15
24993,155,146,9,9
24994,71,84,-13,13
24995,61,73,-12,12
24996,84,110,-26,26
24997,75,88,-13,13
24998,128,149,-21,21
24999,247,237,10,10
25000,101,116,-15,15
25001,113,110,3,3
25002,116,125,-9,9
25003,112,119,-7,7
25004,83,100,-17,17
25005,52,69,-17,17
25006,73,74,-1,1
25007,43,70,-27,27
25008,96,114,-18,18
25009,49,75,-26,26
25010,57,80,-23,23
25011,104,141,-37,37
25012,86,103,-17,17
25013,66,82,-16,16
25014,69,92,-23,23
25015,92,108,-16,16
25016,120,132,-12,12
25017,124,139,-15,15
25018,109,119,-10,10
25019,90,113,-23,23
25020,88,96,-8,8
25021,60,74,-14,14
25022,100,114,-14,14
25023,171,198,-27,27
25024,55,73,-18,18
25025,143,147,-4,4
25026,104,111,-7,7
25027,120,131,-11,11
25028,132,134,-2,2
25029,142,148,-6,6
25030,68,81,-13,13
25031,74,84,-10,10
25032,107,118,-11,11
25033,82,91,-9,9
25034,48,62,-14,14
25035,83,91,-8,8
25036,66,81,-15,15
25037,90,103,-13,13
25038,114,127,-13,13
25039,123,118,5,5
25040,140,135,5,5
25041,71,82,-11,11
25042,112,113,-1,1
25043,175,174,1,1
25044,148,139,9,9
25045,87,98,-11,11
25046,156,153,3,3
25047,44,60,-16,16
25048,105,111,-6,6
25049,120,133,-13,13
25050,65,79,-14,14
25051,120,131,-11,11
25052,69,82,-13,13
25053,91,109,-18,18
25054,135,140,-5,5
25055,133,141,-8,8
25056,81,97,-16,16
25057,74,80,-6,6
25058,144,149,-5,5
25059,146,148,-2,2
25060,95,99,-4,4
25061,223,183,40,40
25062,126,117,9,9
25063,49,67,-18,18
25064,102,112,-10,10
25065,116,121,-5,5
25066,60,75,-15,15
25067,154,150,4,4
25068,134,128,6,6
25069,100,110,-10,10
25070,76,86,-10,10
25071,74,85,-11,11
25072,77,83,-6,6
25073,88,101,-13,13
25074,76,96,-20,20
25075,81,94,-13,13
25076,165,155,10,10
25077,108,116,-8,8
25078,53,59,-6,6
25079,59,78,-19,19
25080,85,114,-29,29
25081,98,104,-6,6
25082,58,74,-16,16
25083,105,114,-9,9
25084,148,146,2,2
25085,159,148,11,11
25086,163,161,2,2
25087,102,108,-6,6
25088,71,102,-31,31
25089,156,149,7,7
25090,97,103,-6,6
25091,97,100,-3,3
25092,72,83,-11,11
25093,83,121,-38,38
25094,81,82,-1,1
25095,103,113,-10,10
25096,95,106,-11,11
25097,82,109,-27,27
25098,121,127,-6,6
25099,78,93,-15,15
25100,98,102,-4,4
25101,145,148,-3,3
25102,122,130,-8,8
25103,123,127,-4,4
25104,76,88,-12,12
25105,195,172,23,23
25106,48,59,-11,11
25107,59,82,-23,23
25108,73,86,-13,13
25109,73,88,-15,15
25110,63,72,-9,9
25111,178,155,23,23
25112,69,85,-16,16
25113,96,106,-10,10
25114,67,82,-15,15
25115,46,61,-15,15
25116,88,100,-12,12
25117,47,66,-19,19
25118,45,61,-16,16
25119,47,60,-13,13
25120,123,130,-7,7
25121,124,129,-5,5
25122,167,157,10,10
25123,136,137,-1,1
25124,72,88,-16,16
25125,109,123,-14,14
25126,74,88,-14,14
25127,80,89,-9,9
25128,126,131,-5,5
25129,119,123,-4,4
25130,60,80,-20,20
25131,98,113,-15,15
25132,128,125,3,3
25133,96,99,-3,3
25134,109,119,-10,10
25135,135,138,-3,3
25136,86,93,-7,7
25137,125,130,-5,5
25138,71,93,-22,22
25139,137,141,-4,4
25140,86,101,-15,15
25141,150,158,-8,8
25142,83,104,-21,21
25143,57,71,-14,14
25144,87,98,-11,11
25145,58,89,-31,31
25146,74,96,-22,22
25147,168,149,19,19
25148,145,146,-1,1
25149,65,81,-16,16
25150,76,92,-16,16
25151,114,125,-11,11
25152,151,155,-4,4
25153,146,159,-13,13
25154,65,85,-20,20
25155,77,109,-32,32
25156,165,150,15,15
25157,89,119,-30,30
25158,107,114,-7,7
25159,96,124,-28,28
25160,115,127,-12,12
25161,74,86,-12,12
25162,160,153,7,7
25163,82,97,-15,15
25164,80,86,-6,6
25165,94,113,-19,19
25166,97,108,-11,11
25167,48,79,-31,31
25168,79,84,-5,5
25169,16,41,-25,25
25170,100,112,-12,12
25171,51,89,-38,38
25172,86,97,-11,11
25173,108,122,-14,14
25174,46,60,-14,14
25175,55,71,-16,16
25176,112,130,-18,18
25177,84,95,-11,11
25178,100,111,-11,11
25179,150,146,4,4
25180,138,141,-3,3
25181,92,101,-9,9
25182,66,82,-16,16
25183,103,112,-9,9
25184,96,106,-10,10
25185,148,152,-4,4
25186,81,95,-14,14
25187,45,81,-36,36
25188,126,131,-5,5
25189,168,159,9,9
25190,76,92,-16,16
25191,134,147,-13,13
25192,83,95,-12,12
25193,118,123,-5,5
25194,117,118,-1,1
25195,100,118,-18,18
25196,96,111,-15,15
25197,122,124,-2,2
25198,76,96,-20,20
25199,96,122,-26,26
25200,103,108,-5,5
25201,70,87,-17,17
25202,209,181,28,28
25203,75,88,-13,13
25204,54,83,-29,29
25205,111,124,-13,13
25206,70,80,-10,10
25207,100,115,-15,15
25208,108,112,-4,4
25209,56,80,-24,24
25210,172,176,-4,4
25211,67,82,-15,15
25212,118,112,6,6
25213,47,70,-23,23
25214,69,84,-15,15
25215,85,105,-20,20
25216,63,73,-10,10
25217,267,199,68,68
25218,101,115,-14,14
25219,126,126,0,0
25220,99,112,-13,13
25221,124,140,-16,16
25222,145,138,7,7
25223,83,93,-10,10
25224,96,102,-6,6
25225,149,149,0,0
25226,65,80,-15,15
25227,83,88,-5,5
25228,51,68,-17,17
25229,73,99,-26,26
25230,164,148,16,16
25231,76,91,-15,15
25232,86,101,-15,15
25233,128,131,-3,3
25234,126,121,5,5
25235,75,84,-9,9
25236,85,97,-12,12
25237,59,71,-12,12
25238,80,87,-7,7
25239,115,119,-4,4
25240,96,105,-9,9
25241,57,76,-19,19
25242,78,87,-9,9
25243,92,99,-7,7
25244,114,123,-9,9
25245,97,99,-2,2
25246,67,85,-18,18
25247,68,108,-40,40
25248,88,100,-12,12
25249,58,75,-17,17
25250,86,105,-19,19
25251,81,96,-15,15
25252,80,94,-14,14
25253,107,123,-16,16
25254,65,79,-14,14
25255,77,85,-8,8
25256,30,63,-33,33
25257,81,92,-11,11
25258,91,110,-19,19
25259,62,83,-21,21
25260,78,97,-19,19
25261,103,106,-3,3
25262,113,118,-5,5
25263,121,127,-6,6
25264,75,88,-13,13
25265,113,123,-10,10
25266,52,74,-22,22
25267,93,112,-19,19
25268,51,76,-25,25
25269,128,128,0,0
25270,86,87,-1,1
25271,107,118,-11,11
25272,105,112,-7,7
25273,195,176,19,19
25274,64,73,-9,9
25275,56,85,-29,29
25276,38,103,-65,65
25277,111,136,-25,25
25278,72,90,-18,18
25279,103,113,-10,10
25280,93,105,-12,12
25281,90,109,-19,19
25282,64,87,-23,23
25283,142,140,2,2
25284,96,109,-13,13
25285,85,99,-14,14
25286,99,110,-11,11
25287,52,68,-16,16
25288,117,143,-26,26
25289,76,88,-12,12
25290,80,102,-22,22
25291,99,106,-7,7
25292,103,111,-8,8
25293,60,82,-22,22
25294,96,109,-13,13
25295,112,126,-14,14
25296,77,83,-6,6
25297,126,129,-3,3
25298,125,133,-8,8
25299,132,141,-9,9
25300,79,97,-18,18
25301,106,114,-8,8
25302,35,58,-23,23
25303,85,87,-2,2
25304,63,74,-11,11
25305,65,88,-23,23
25306,23,70,-47,47
25307,73,89,-16,16
25308,103,121,-18,18
25309,79,89,-10,10
25310,81,98,-17,17
25311,54,69,-15,15
25312,77,89,-12,12
25313,90,98,-8,8
25314,92,105,-13,13
25315,54,73,-19,19
25316,101,115,-14,14
25317,102,104,-2,2
25318,77,98,-21,21
25319,113,136,-23,23
25320,166,155,11,11
25321,74,88,-14,14
25322,116,130,-14,14
25323,127,143,-16,16
25324,89,96,-7,7
25325,101,110,-9,9
25326,103,117,-14,14
25327,127,133,-6,6
25328,83,89,-6,6
25329,123,134,-11,11
25330,118,129,-11,11
25331,160,154,6,6
25332,79,92,-13,13
25333,76,83,-7,7
25334,51,63,-12,12
25335,110,125,-15,15
25336,112,138,-26,26
25337,73,84,-11,11
25338,90,95,-5,5
25339,87,99,-12,12
25340,97,109,-12,12
25341,51,65,-14,14
25342,175,165,10,10
25343,51,72,-21,21
25344,96,105,-9,9
25345,96,95,1,1
25346,87,103,-16,16
25347,98,110,-12,12
25348,195,175,20,20
25349,74,83,-9,9
25350,111,112,-1,1
25351,62,74,-12,12
25352,62,84,-22,22
25353,50,67,-17,17
25354,77,89,-12,12
25355,68,75,-7,7
25356,72,90,-18,18
25357,82,89,-7,7
25358,69,85,-16,16
25359,133,142,-9,9
25360,57,74,-17,17
25361,87,112,-25,25
25362,86,91,-5,5
25363,53,97,-44,44
25364,111,148,-37,37
25365,85,103,-18,18
25366,68,84,-16,16
25367,82,100,-18,18
25368,125,124,1,1
25369,127,127,0,0
25370,46,97,-51,51
25371,125,135,-10,10
25372,133,130,3,3
25373,84,102,-18,18
25374,70,81,-11,11
25375,130,124,6,6
25376,86,101,-15,15
25377,161,156,5,5
25378,100,136,-36,36
25379,107,120,-13,13
25380,89,107,-18,18
25381,62,65,-3,3
25382,75,90,-15,15
25383,82,97,-15,15
25384,104,119,-15,15
25385,83,112,-29,29
25386,109,119,-10,10
25387,57,68,-11,11
25388,125,132,-7,7
25389,87,93,-6,6
25390,201,163,38,38
25391,75,90,-15,15
25392,80,93,-13,13
25393,143,158,-15,15
25394,120,128,-8,8
25395,146,148,-2,2
25396,70,80,-10,10
25397,93,101,-8,8
25398,110,122,-12,12
25399,43,66,-23,23
25400,97,103,-6,6
25401,70,75,-5,5
25402,85,96,-11,11
25403,91,111,-20,20
25404,85,100,-15,15
25405,120,121,-1,1
25406,70,87,-17,17
25407,61,80,-19,19
25408,67,83,-16,16
25409,156,151,5,5
25410,45,59,-14,14
25411,121,138,-17,17
25412,93,116,-23,23
25413,111,131,-20,20
25414,72,92,-20,20
25415,44,60,-16,16
25416,140,148,-8,8
25417,52,69,-17,17
25418,70,83,-13,13
25419,117,123,-6,6
25420,60,72,-12,12
25421,73,98,-25,25
25422,107,113,-6,6
25423,90,106,-16,16
25424,59,79,-20,20
25425,102,118,-16,16
25426,73,87,-14,14
25427,86,101,-15,15
25428,58,74,-16,16
25429,66,83,-17,17
25430,62,114,-52,52
25431,130,135,-5,5
25432,121,119,2,2
25433,114,117,-3,3
25434,128,134,-6,6
25435,106,117,-11,11
25436,94,105,-11,11
25437,139,147,-8,8
25438,57,70,-13,13
25439,62,89,-27,27
25440,59,75,-16,16
25441,134,133,1,1
25442,88,98,-10,10
25443,67,84,-17,17
25444,91,105,-14,14
25445,79,85,-6,6
25446,99,112,-13,13
25447,135,148,-13,13
25448,118,128,-10,10
25449,97,107,-10,10
25450,96,99,-3,3
25451,81,96,-15,15
25452,93,110,-17,17
25453,108,120,-12,12
25454,69,80,-11,11
25455,106,124,-18,18
25456,80,98,-18,18
25457,108,116,-8,8
25458,95,98,-3,3
25459,41,57,-16,16
25460,97,109,-12,12
25461,161,144,17,17
25462,96,104,-8,8
25463,86,105,-19,19
25464,123,128,-5,5
25465,84,85,-1,1
25466,81,97,-16,16
25467,99,109,-10,10
25468,108,114,-6,6
25469,57,78,-21,21
25470,82,102,-20,20
25471,117,148,-31,31
25472,78,100,-22,22
25473,206,190,16,16
25474,70,84,-14,14
25475,66,84,-18,18
25476,132,133,-1,1
25477,73,82,-9,9
25478,53,77,-24,24
25479,47,68,-21,21
25480,73,92,-19,19
25481,72,86,-14,14
25482,96,104,-8,8
25483,182,171,11,11
25484,80,89,-9,9
25485,98,102,-4,4
25486,103,115,-12,12
25487,182,181,1,1
25488,136,149,-13,13
25489,101,115,-14,14
25490,81,88,-7,7
25491,161,151,10,10
25492,83,106,-23,23
25493,57,83,-26,26
25494,119,115,4,4
25495,103,107,-4,4
25496,143,136,7,7
25497,61,114,-53,53
25498,117,125,-8,8
25499,113,122,-9,9
25500,94,109,-15,15
25501,70,89,-19,19
25502,116,131,-15,15
25503,102,103,-1,1
25504,154,151,3,3
25505,91,95,-4,4
25506,105,127,-22,22
25507,114,130,-16,16
25508,160,162,-2,2
25509,94,107,-13,13
25510,151,144,7,7
25511,170,158,12,12
25512,76,80,-4,4
25513,74,81,-7,7
25514,101,115,-14,14
25515,62,75,-13,13
25516,84,95,-11,11
25517,109,121,-12,12
25518,106,109,-3,3
25519,119,123,-4,4
25520,89,105,-16,16
25521,53,67,-14,14
25522,37,55,-18,18
25523,97,109,-12,12
25524,91,102,-11,11
25525,94,100,-6,6
25526,111,107,4,4
25527,203,193,10,10
25528,71,85,-14,14
25529,63,81,-18,18
25530,55,76,-21,21
25531,87,94,-7,7
25532,125,147,-22,22
25533,101,116,-15,15
25534,98,98,0,0
25535,116,131,-15,15
25536,79,96,-17,17
25537,206,189,17,17
25538,102,122,-20,20
25539,153,149,4,4
25540,86,104,-18,18
25541,60,75,-15,15
25542,95,118,-23,23
25543,156,149,7,7
25544,90,98,-8,8
25545,131,130,1,1
25546,107,110,-3,3
25547,56,75,-19,19
25548,96,107,-11,11
25549,67,90,-23,23
25550,66,81,-15,15
25551,116,122,-6,6
25552,97,114,-17,17
25553,132,141,-9,9
25554,87,104,-17,17
25555,94,109,-15,15
25556,50,65,-15,15
25557,104,103,1,1
25558,179,177,2,2
25559,121,112,9,9
25560,54,75,-21,21
25561,86,92,-6,6
25562,29,53,-24,24
25563,109,117,-8,8
25564,81,103,-22,22
25565,75,97,-22,22
25566,179,160,19,19
25567,59,68,-9,9
25568,122,124,-2,2
25569,209,183,26,26
25570,53,72,-19,19
25571,79,85,-6,6
25572,97,106,-9,9
25573,99,115,-16,16
25574,50,66,-16,16
25575,81,98,-17,17
25576,77,91,-14,14
25577,179,163,16,16
25578,100,117,-17,17
25579,57,80,-23,23
25580,88,101,-13,13
25581,47,67,-20,20
25582,92,108,-16,16
25583,94,99,-5,5
25584,49,88,-39,39
25585,155,142,13,13
25586,93,112,-19,19
25587,160,148,12,12
25588,34,54,-20,20
25589,109,110,-1,1
25590,112,121,-9,9
25591,65,78,-13,13
25592,76,84,-8,8
25593,82,106,-24,24
25594,97,97,0,0
25595,72,88,-16,16
25596,95,110,-15,15
25597,59,79,-20,20
25598,52,67,-15,15
25599,81,89,-8,8
25600,87,96,-9,9
25601,129,133,-4,4
25602,57,72,-15,15
25603,54,72,-18,18
25604,122,115,7,7
25605,90,99,-9,9
25606,136,135,1,1
25607,55,72,-17,17
25608,69,89,-20,20
25609,118,123,-5,5
25610,103,112,-9,9
25611,70,81,-11,11
25612,43,63,-20,20
25613,66,85,-19,19
25614,140,147,-7,7
25615,89,109,-20,20
25616,147,138,9,9
25617,112,127,-15,15
25618,78,82,-4,4
25619,40,61,-21,21
25620,55,71,-16,16
25621,77,91,-14,14
25622,80,111,-31,31
25623,71,86,-15,15
25624,82,95,-13,13
25625,82,97,-15,15
25626,93,109,-16,16
25627,68,83,-15,15
25628,96,99,-3,3
25629,116,122,-6,6
25630,53,79,-26,26
25631,87,92,-5,5
25632,116,124,-8,8
25633,102,106,-4,4
25634,89,96,-7,7
25635,121,127,-6,6
25636,92,100,-8,8
25637,29,71,-42,42
25638,98,97,1,1
25639,70,78,-8,8
25640,127,126,1,1
25641,208,189,19,19
25642,85,90,-5,5
25643,84,102,-18,18
25644,92,107,-15,15
25645,118,142,-24,24
25646,66,86,-20,20
25647,79,93,-14,14
25648,167,151,16,16
25649,174,165,9,9
25650,92,101,-9,9
25651,90,108,-18,18
25652,103,107,-4,4
25653,85,93,-8,8
25654,43,59,-16,16
25655,144,147,-3,3
25656,66,79,-13,13
25657,33,70,-37,37
25658,50,73,-23,23
25659,68,80,-12,12
25660,152,161,-9,9
25661,102,107,-5,5
25662,45,60,-15,15
25663,67,78,-11,11
25664,59,78,-19,19
25665,92,109,-17,17
25666,138,144,-6,6
25667,152,148,4,4
25668,79,90,-11,11
25669,122,135,-13,13
25670,122,128,-6,6
25671,59,81,-22,22
25672,164,149,15,15
25673,93,149,-56,56
25674,86,105,-19,19
25675,133,135,-2,2
25676,95,116,-21,21
25677,86,104,-18,18
25678,76,84,-8,8
25679,152,149,3,3
25680,99,97,2,2
25681,62,73,-11,11
25682,92,111,-19,19
25683,105,108,-3,3
25684,95,104,-9,9
25685,103,97,6,6
25686,64,82,-18,18
25687,113,138,-25,25
25688,139,148,-9,9
25689,116,118,-2,2
25690,109,139,-30,30
25691,110,120,-10,10
25692,102,110,-8,8
25693,108,125,-17,17
25694,83,88,-5,5
25695,151,149,2,2
25696,84,109,-25,25
25697,109,110,-1,1
25698,136,138,-2,2
25699,109,115,-6,6
25700,136,127,9,9
25701,109,114,-5,5
25702,68,84,-16,16
25703,76,90,-14,14
25704,81,94,-13,13
25705,102,112,-10,10
25706,139,146,-7,7
25707,86,102,-16,16
25708,105,112,-7,7
25709,58,78,-20,20
25710,35,63,-28,28
25711,49,72,-23,23
25712,82,91,-9,9
25713,70,88,-18,18
25714,79,92,-13,13
25715,66,78,-12,12
25716,122,126,-4,4
25717,77,88,-11,11
25718,120,123,-3,3
25719,155,147,8,8
25720,123,135,-12,12
25721,74,96,-22,22
25722,88,96,-8,8
25723,143,147,-4,4
25724,88,88,0,0
25725,57,74,-17,17
25726,130,133,-3,3
25727,81,100,-19,19
25728,83,101,-18,18
25729,173,150,23,23
25730,66,82,-16,16
25731,91,105,-14,14
25732,70,78,-8,8
25733,73,76,-3,3
25734,72,91,-19,19
25735,73,87,-14,14
25736,109,129,-20,20
25737,106,81,25,25
25738,72,83,-11,11
25739,80,97,-17,17
25740,188,168,20,20
25741,112,121,-9,9
25742,116,124,-8,8
25743,115,115,0,0
25744,97,108,-11,11
25745,171,165,6,6
25746,96,114,-18,18
25747,97,101,-4,4
25748,60,80,-20,20
25749,119,116,3,3
25750,144,147,-3,3
25751,64,77,-13,13
25752,55,75,-20,20
25753,92,103,-11,11
25754,92,100,-8,8
25755,133,147,-14,14
25756,62,77,-15,15
25757,143,147,-4,4
25758,92,110,-18,18
25759,95,122,-27,27
25760,43,59,-16,16
25761,110,116,-6,6
25762,94,98,-4,4
25763,68,84,-16,16
25764,81,97,-16,16
25765,150,141,9,9
25766,129,135,-6,6
25767,133,131,2,2
25768,105,109,-4,4
25769,66,96,-30,30
25770,91,107,-16,16
25771,90,91,-1,1
25772,117,114,3,3
25773,140,143,-3,3
25774,165,155,10,10
25775,95,108,-13,13
25776,85,95,-10,10
25777,158,153,5,5
25778,138,149,-11,11
25779,96,107,-11,11
25780,122,127,-5,5
25781,65,78,-13,13
25782,63,79,-16,16
25783,111,123,-12,12
25784,80,112,-32,32
25785,79,93,-14,14
25786,100,101,-1,1
25787,81,100,-19,19
25788,92,99,-7,7
25789,75,102,-27,27
25790,82,96,-14,14
25791,79,99,-20,20
25792,57,83,-26,26
25793,148,135,13,13
25794,79,93,-14,14
25795,122,128,-6,6
25796,82,98,-16,16
25797,61,75,-14,14
25798,38,59,-21,21
25799,94,115,-21,21
25800,101,97,4,4
25801,89,100,-11,11
25802,68,77,-9,9
25803,47,65,-18,18
25804,90,99,-9,9
25805,60,74,-14,14
25806,114,119,-5,5
25807,80,99,-19,19
25808,127,126,1,1
25809,102,118,-16,16
25810,69,77,-8,8
25811,53,79,-26,26
25812,59,78,-19,19
25813,95,109,-14,14
25814,64,76,-12,12
25815,144,152,-8,8
25816,71,83,-12,12
25817,100,113,-13,13
25818,116,125,-9,9
25819,104,112,-8,8
25820,177,180,-3,3
25821,108,117,-9,9
25822,132,132,0,0
25823,118,118,0,0
25824,135,151,-16,16
25825,115,121,-6,6
25826,73,87,-14,14
25827,133,132,1,1
25828,95,103,-8,8
25829,80,93,-13,13
25830,48,86,-38,38
25831,158,153,5,5
25832,73,89,-16,16
25833,94,104,-10,10
25834,74,108,-34,34
25835,154,156,-2,2
25836,127,139,-12,12
25837,73,85,-12,12
25838,89,98,-9,9
25839,61,83,-22,22
25840,87,97,-10,10
25841,65,95,-30,30
25842,81,101,-20,20
25843,99,109,-10,10
25844,83,98,-15,15
25845,90,104,-14,14
25846,82,95,-13,13
25847,115,119,-4,4
25848,137,147,-10,10
25849,78,91,-13,13
25850,94,97,-3,3
25851,101,115,-14,14
25852,96,106,-10,10
25853,77,86,-9,9
25854,112,116,-4,4
25855,138,147,-9,9
25856,98,106,-8,8
25857,91,106,-15,15
25858,143,141,2,2
25859,153,150,3,3
25860,40,61,-21,21
25861,69,81,-12,12
25862,67,85,-18,18
25863,43,64,-21,21
25864,104,123,-19,19
25865,117,117,0,0
25866,84,88,-4,4
25867,84,104,-20,20
25868,74,83,-9,9
25869,75,88,-13,13
25870,147,153,-6,6
25871,94,110,-16,16
25872,92,101,-9,9
25873,71,87,-16,16
25874,84,91,-7,7
25875,78,110,-32,32
25876,83,95,-12,12
25877,84,103,-19,19
25878,42,64,-22,22
25879,149,151,-2,2
25880,95,110,-15,15
25881,132,128,4,4
25882,83,103,-20,20
25883,131,143,-12,12
25884,62,80,-18,18
25885,87,103,-16,16
25886,91,97,-6,6
25887,155,165,-10,10
25888,73,93,-20,20
25889,98,111,-13,13
25890,72,84,-12,12
25891,75,98,-23,23
25892,147,147,0,0
25893,54,75,-21,21
25894,128,129,-1,1
25895,98,109,-11,11
25896,111,120,-9,9
25897,81,97,-16,16
25898,87,95,-8,8
25899,28,80,-52,52
25900,123,129,-6,6
25901,82,89,-7,7
25902,82,90,-8,8
25903,113,116,-3,3
25904,121,141,-20,20
25905,124,129,-5,5
25906,85,91,-6,6
25907,82,100,-18,18
25908,107,119,-12,12
25909,113,121,-8,8
25910,74,93,-19,19
25911,97,102,-5,5
25912,56,75,-19,19
25913,89,100,-11,11
25914,132,134,-2,2
25915,134,140,-6,6
25916,93,106,-13,13
25917,128,146,-18,18
25918,121,132,-11,11
25919,132,147,-15,15
25920,114,124,-10,10
25921,93,101,-8,8
25922,132,140,-8,8
25923,139,131,8,8
25924,59,76,-17,17
25925,185,166,19,19
25926,47,70,-23,23
25927,68,79,-11,11
25928,122,137,-15,15
25929,130,143,-13,13
25930,98,108,-10,10
25931,42,61,-19,19
25932,125,132,-7,7
25933,56,75,-19,19
25934,129,137,-8,8
25935,60,91,-31,31
25936,51,71,-20,20
25937,78,92,-14,14
25938,62,83,-21,21
25939,80,105,-25,25
25940,39,62,-23,23
25941,120,125,-5,5
25942,100,107,-7,7
25943,112,134,-22,22
25944,85,93,-8,8
25945,118,124,-6,6
25946,124,140,-16,16
25947,56,71,-15,15
25948,97,111,-14,14
25949,83,108,-25,25
25950,91,109,-18,18
25951,68,83,-15,15
25952,108,124,-16,16
25953,87,98,-11,11
25954,57,75,-18,18
25955,70,78,-8,8
25956,87,102,-15,15
25957,111,111,0,0
25958,79,96,-17,17
25959,117,113,4,4
25960,95,112,-17,17
25961,139,141,-2,2
25962,52,65,-13,13
25963,47,120,-73,73
25964,104,115,-11,11
25965,89,95,-6,6
25966,86,103,-17,17
25967,90,96,-6,6
25968,113,120,-7,7
25969,89,100,-11,11
25970,94,108,-14,14
25971,134,144,-10,10
25972,63,76,-13,13
25973,102,108,-6,6
25974,146,142,4,4
25975,140,146,-6,6
25976,73,89,-16,16
25977,127,138,-11,11
25978,47,70,-23,23
25979,90,117,-27,27
25980,77,90,-13,13
25981,136,137,-1,1
25982,121,130,-9,9
25983,82,89,-7,7
25984,114,137,-23,23
25985,114,118,-4,4
25986,80,93,-13,13
25987,82,93,-11,11
25988,79,93,-14,14
25989,107,124,-17,17
25990,113,112,1,1
25991,114,122,-8,8
25992,52,73,-21,21
25993,67,80,-13,13
25994,74,92,-18,18
25995,113,123,-10,10
25996,77,84,-7,7
25997,125,141,-16,16
25998,60,73,-13,13
25999,78,91,-13,13
26000,94,108,-14,14
26001,102,106,-4,4
26002,115,117,-2,2
26003,114,121,-7,7
26004,115,127,-12,12
26005,109,117,-8,8
26006,107,124,-17,17
26007,80,92,-12,12
26008,111,117,-6,6
26009,36,72,-36,36
26010,78,89,-11,11
26011,87,99,-12,12
26012,74,86,-12,12
26013,70,93,-23,23
26014,64,79,-15,15
26015,51,65,-14,14
26016,97,110,-13,13
26017,106,112,-6,6
26018,150,150,0,0
26019,105,111,-6,6
26020,80,96,-16,16
26021,81,96,-15,15
26022,78,93,-15,15
26023,103,119,-16,16
26024,68,84,-16,16
26025,69,83,-14,14
26026,100,125,-25,25
26027,100,100,0,0
26028,171,161,10,10
26029,102,112,-10,10
26030,98,104,-6,6
26031,81,99,-18,18
26032,86,95,-9,9
26033,47,67,-20,20
26034,83,102,-19,19
26035,139,147,-8,8
26036,71,86,-15,15
26037,142,147,-5,5
26038,65,76,-11,11
26039,68,82,-14,14
26040,63,75,-12,12
26041,105,109,-4,4
26042,53,76,-23,23
26043,126,132,-6,6
26044,137,147,-10,10
26045,64,76,-12,12
26046,126,148,-22,22
26047,117,119,-2,2
26048,65,106,-41,41
26049,133,147,-14,14
26050,64,74,-10,10
26051,96,101,-5,5
26052,92,103,-11,11
26053,99,114,-15,15
26054,148,149,-1,1
26055,54,69,-15,15
26056,99,98,1,1
26057,89,111,-22,22
26058,63,76,-13,13
26059,90,100,-10,10
26060,71,89,-18,18
26061,82,86,-4,4
26062,89,94,-5,5
26063,58,75,-17,17
26064,88,104,-16,16
26065,91,108,-17,17
26066,29,51,-22,22
26067,63,78,-15,15
26068,73,89,-16,16
26069,68,77,-9,9
26070,76,100,-24,24
26071,73,84,-11,11
26072,152,145,7,7
26073,113,111,2,2
26074,57,70,-13,13
26075,81,92,-11,11
26076,102,123,-21,21
26077,87,121,-34,34
26078,106,118,-12,12
26079,83,99,-16,16
26080,164,152,12,12
26081,122,118,4,4
26082,68,90,-22,22
26083,79,87,-8,8
26084,57,73,-16,16
26085,116,131,-15,15
26086,57,74,-17,17
26087,105,106,-1,1
26088,95,107,-12,12
26089,164,159,5,5
26090,159,161,-2,2
26091,92,96,-4,4
26092,100,121,-21,21
26093,64,72,-8,8
26094,121,157,-36,36
26095,157,149,8,8
26096,116,120,-4,4
26097,46,68,-22,22
26098,106,110,-4,4
26099,67,87,-20,20
26100,83,102,-19,19
26101,66,79,-13,13
26102,105,125,-20,20
26103,166,164,2,2
26104,109,109,0,0
26105,75,88,-13,13
26106,86,93,-7,7
26107,91,99,-8,8
26108,76,85,-9,9
26109,149,155,-6,6
26110,102,106,-4,4
26111,76,93,-17,17
26112,64,74,-10,10
26113,108,112,-4,4
26114,99,107,-8,8
26115,104,117,-13,13
26116,136,149,-13,13
26117,72,103,-31,31
26118,92,97,-5,5
26119,70,82,-12,12
26120,69,81,-12,12
26121,154,148,6,6
26122,129,135,-6,6
26123,102,113,-11,11
26124,107,113,-6,6
26125,107,116,-9,9
26126,75,81,-6,6
26127,108,114,-6,6
26128,96,101,-5,5
26129,80,97,-17,17
26130,73,90,-17,17
26131,129,137,-8,8
26132,57,71,-14,14
26133,92,103,-11,11
26134,70,95,-25,25
26135,61,82,-21,21
26136,52,83,-31,31
26137,145,147,-2,2
26138,74,91,-17,17
26139,75,94,-19,19
26140,134,139,-5,5
26141,105,123,-18,18
26142,108,105,3,3
26143,98,106,-8,8
26144,96,96,0,0
26145,135,142,-7,7
26146,103,111,-8,8
26147,84,95,-11,11
26148,132,135,-3,3
26149,114,113,1,1
26150,87,93,-6,6
26151,55,76,-21,21
26152,65,73,-8,8
26153,48,68,-20,20
26154,64,77,-13,13
26155,113,112,1,1
26156,137,137,0,0
26157,124,130,-6,6
26158,47,63,-16,16
26159,103,109,-6,6
26160,136,139,-3,3
26161,80,92,-12,12
26162,65,104,-39,39
26163,117,119,-2,2
26164,113,130,-17,17
26165,71,83,-12,12
26166,132,146,-14,14
26167,102,101,1,1
26168,191,175,16,16
26169,127,128,-1,1
26170,102,116,-14,14
26171,104,106,-2,2
26172,113,120,-7,7
26173,74,103,-29,29
26174,143,147,-4,4
26175,73,81,-8,8
26176,143,147,-4,4
26177,120,121,-1,1
26178,95,107,-12,12
26179,84,97,-13,13
26180,146,147,-1,1
26181,70,81,-11,11
26182,125,118,7,7
26183,79,92,-13,13
26184,77,96,-19,19
26185,69,81,-12,12
26186,100,109,-9,9
26187,190,167,23,23
26188,90,106,-16,16
26189,67,96,-29,29
26190,179,164,15,15
26191,68,92,-24,24
26192,79,107,-28,28
26193,149,146,3,3
26194,87,86,1,1
26195,58,90,-32,32
26196,176,178,-2,2
26197,67,81,-14,14
26198,76,90,-14,14
26199,127,131,-4,4
26200,73,80,-7,7
26201,68,83,-15,15
26202,70,81,-11,11
26203,101,110,-9,9
26204,122,140,-18,18
26205,95,102,-7,7
26206,90,103,-13,13
26207,85,106,-21,21
26208,138,140,-2,2
26209,115,127,-12,12
26210,122,125,-3,3
26211,59,73,-14,14
26212,51,69,-18,18
26213,106,111,-5,5
26214,110,124,-14,14
26215,111,122,-11,11
26216,62,99,-37,37
26217,93,99,-6,6
26218,46,62,-16,16
26219,107,117,-10,10
26220,144,141,3,3
26221,92,95,-3,3
26222,92,105,-13,13
26223,95,118,-23,23
26224,154,150,4,4
26225,54,67,-13,13
26226,102,112,-10,10
26227,61,81,-20,20
26228,109,123,-14,14
26229,155,140,15,15
26230,83,87,-4,4
26231,79,92,-13,13
26232,102,114,-12,12
26233,133,137,-4,4
26234,134,147,-13,13
26235,81,89,-8,8
26236,151,149,2,2
26237,46,65,-19,19
26238,97,107,-10,10
26239,62,76,-14,14
26240,114,123,-9,9
26241,83,105,-22,22
26242,114,121,-7,7
26243,87,113,-26,26
26244,110,106,4,4
26245,232,230,2,2
26246,35,57,-22,22
26247,96,105,-9,9
26248,87,107,-20,20
26249,52,71,-19,19
26250,89,96,-7,7
26251,84,88,-4,4
26252,84,97,-13,13
26253,151,151,0,0
26254,51,67,-16,16
26255,112,114,-2,2
26256,189,175,14,14
26257,68,77,-9,9
26258,77,86,-9,9
26259,62,78,-16,16
26260,112,122,-10,10
26261,95,102,-7,7
26262,81,95,-14,14
26263,108,108,0,0
26264,96,109,-13,13
26265,58,71,-13,13
26266,84,94,-10,10
26267,116,116,0,0
26268,97,114,-17,17
26269,92,108,-16,16
26270,101,121,-20,20
26271,56,67,-11,11
26272,74,92,-18,18
26273,115,117,-2,2
26274,74,92,-18,18
26275,58,73,-15,15
26276,129,137,-8,8
26277,91,106,-15,15
26278,59,70,-11,11
26279,52,64,-12,12
26280,73,90,-17,17
26281,69,70,-1,1
26282,119,110,9,9
26283,126,132,-6,6
26284,114,113,1,1
26285,100,116,-16,16
26286,86,98,-12,12
26287,116,138,-22,22
26288,72,82,-10,10
26289,61,78,-17,17
26290,83,85,-2,2
26291,94,108,-14,14
26292,90,110,-20,20
26293,93,111,-18,18
26294,31,51,-20,20
26295,163,156,7,7
26296,99,107,-8,8
26297,46,68,-22,22
26298,55,68,-13,13
26299,75,91,-16,16
26300,72,85,-13,13
26301,107,109,-2,2
26302,89,109,-20,20
26303,66,67,-1,1
26304,67,87,-20,20
26305,145,148,-3,3
26306,151,148,3,3
26307,153,140,13,13
26308,56,66,-10,10
26309,97,111,-14,14
26310,162,152,10,10
26311,90,102,-12,12
26312,106,110,-4,4
26313,27,51,-24,24
26314,93,97,-4,4
26315,105,116,-11,11
26316,123,141,-18,18
26317,61,78,-17,17
26318,64,76,-12,12
26319,109,121,-12,12
26320,153,151,2,2
26321,81,91,-10,10
26322,167,150,17,17
26323,100,107,-7,7
26324,40,69,-29,29
26325,84,102,-18,18
26326,126,135,-9,9
26327,69,88,-19,19
26328,54,60,-6,6
26329,41,60,-19,19
26330,86,104,-18,18
26331,71,78,-7,7
26332,97,108,-11,11
26333,131,140,-9,9
26334,42,61,-19,19
26335,102,111,-9,9
26336,83,97,-14,14
26337,187,167,20,20
26338,180,170,10,10
26339,73,89,-16,16
26340,108,148,-40,40
26341,57,72,-15,15
26342,121,129,-8,8
26343,88,103,-15,15
26344,105,113,-8,8
26345,80,99,-19,19
26346,86,102,-16,16
26347,124,128,-4,4
26348,117,120,-3,3
26349,112,121,-9,9
26350,66,77,-11,11
26351,94,113,-19,19
26352,107,122,-15,15
26353,45,64,-19,19
26354,121,125,-4,4
26355,82,97,-15,15
26356,69,85,-16,16
26357,160,149,11,11
26358,119,119,0,0
26359,58,72,-14,14
26360,100,108,-8,8
26361,72,85,-13,13
26362,67,80,-13,13
26363,66,80,-14,14
26364,119,124,-5,5
26365,138,149,-11,11
26366,65,76,-11,11
26367,105,120,-15,15
26368,36,63,-27,27
26369,69,89,-20,20
26370,78,85,-7,7
26371,131,128,3,3
26372,109,126,-17,17
26373,75,85,-10,10
26374,63,70,-7,7
26375,53,76,-23,23
26376,105,120,-15,15
26377,64,83,-19,19
26378,70,87,-17,17
26379,26,54,-28,28
26380,181,168,13,13
26381,66,83,-17,17
26382,130,146,-16,16
26383,122,133,-11,11
26384,94,104,-10,10
26385,124,137,-13,13
26386,70,87,-17,17
26387,114,124,-10,10
26388,93,98,-5,5
26389,106,120,-14,14
26390,96,108,-12,12
26391,90,113,-23,23
26392,118,130,-12,12
26393,63,104,-41,41
26394,79,96,-17,17
26395,43,68,-25,25
26396,112,128,-16,16
26397,45,67,-22,22
26398,114,133,-19,19
26399,107,110,-3,3
26400,83,92,-9,9
26401,40,60,-20,20
26402,98,110,-12,12
26403,115,122,-7,7
26404,92,115,-23,23
26405,131,145,-14,14
26406,106,104,2,2
26407,99,106,-7,7
26408,67,78,-11,11
26409,171,158,13,13
26410,128,123,5,5
26411,88,96,-8,8
26412,56,73,-17,17
26413,113,120,-7,7
26414,62,72,-10,10
26415,81,87,-6,6
26416,83,98,-15,15
26417,113,115,-2,2
26418,100,115,-15,15
26419,91,101,-10,10
26420,79,100,-21,21
26421,156,148,8,8
26422,113,128,-15,15
26423,67,93,-26,26
26424,129,129,0,0
26425,89,105,-16,16
26426,66,81,-15,15
26427,102,120,-18,18
26428,131,134,-3,3
26429,111,121,-10,10
26430,47,60,-13,13
26431,37,70,-33,33
26432,92,107,-15,15
26433,91,99,-8,8
26434,101,110,-9,9
26435,43,73,-30,30
26436,78,88,-10,10
26437,102,115,-13,13
26438,92,102,-10,10
26439,96,118,-22,22
26440,109,118,-9,9
26441,98,117,-19,19
26442,131,129,2,2
26443,104,121,-17,17
26444,96,135,-39,39
26445,98,107,-9,9
26446,66,79,-13,13
26447,75,89,-14,14
26448,70,83,-13,13
26449,49,70,-21,21
26450,110,111,-1,1
26451,128,122,6,6
26452,50,64,-14,14
26453,85,99,-14,14
26454,59,71,-12,12
26455,41,62,-21,21
26456,71,83,-12,12
26457,117,119,-2,2
26458,91,100,-9,9
26459,64,80,-16,16
26460,118,129,-11,11
26461,43,65,-22,22
26462,134,138,-4,4
26463,101,106,-5,5
26464,109,112,-3,3
26465,114,125,-11,11
26466,118,132,-14,14
26467,70,92,-22,22
26468,102,113,-11,11
26469,157,157,0,0
26470,308,270,38,38
26471,104,123,-19,19
26472,106,105,1,1
26473,74,87,-13,13
26474,148,147,1,1
26475,106,115,-9,9
26476,74,88,-14,14
26477,118,126,-8,8
26478,114,127,-13,13
26479,60,73,-13,13
26480,135,132,3,3
26481,60,74,-14,14
26482,62,79,-17,17
26483,120,133,-13,13
26484,150,159,-9,9
26485,112,116,-4,4
26486,87,100,-13,13
26487,100,115,-15,15
26488,52,75,-23,23
26489,82,95,-13,13
26490,136,149,-13,13
26491,65,82,-17,17
26492,104,109,-5,5
26493,134,141,-7,7
26494,104,97,7,7
26495,119,130,-11,11
26496,119,124,-5,5
26497,60,84,-24,24
26498,155,154,1,1
26499,129,139,-10,10
26500,46,64,-18,18
26501,58,76,-18,18
26502,73,80,-7,7
26503,114,113,1,1
26504,85,105,-20,20
26505,77,91,-14,14
26506,89,99,-10,10
26507,186,164,22,22
26508,74,88,-14,14
26509,80,84,-4,4
26510,108,119,-11,11
26511,112,103,9,9
26512,38,58,-20,20
26513,61,71,-10,10
26514,109,112,-3,3
26515,46,57,-11,11
26516,139,137,2,2
26517,85,103,-18,18
26518,97,103,-6,6
26519,60,86,-26,26
26520,36,60,-24,24
26521,89,110,-21,21
26522,147,148,-1,1
26523,94,102,-8,8
26524,88,93,-5,5
26525,120,121,-1,1
26526,75,96,-21,21
26527,95,103,-8,8
26528,90,95,-5,5
26529,46,66,-20,20
26530,49,67,-18,18
26531,145,144,1,1
26532,93,95,-2,2
26533,48,57,-9,9
26534,93,105,-12,12
26535,76,79,-3,3
26536,51,67,-16,16
26537,102,108,-6,6
26538,86,97,-11,11
26539,88,97,-9,9
26540,97,114,-17,17
26541,139,138,1,1
26542,163,155,8,8
26543,91,110,-19,19
26544,139,134,5,5
26545,56,85,-29,29
26546,56,82,-26,26
26547,84,98,-14,14
26548,85,99,-14,14
26549,55,76,-21,21
26550,82,88,-6,6
26551,90,100,-10,10
26552,102,104,-2,2
26553,46,63,-17,17
26554,151,149,2,2
26555,90,96,-6,6
26556,78,126,-48,48
26557,70,76,-6,6
26558,126,128,-2,2
26559,114,131,-17,17
26560,135,127,8,8
26561,209,181,28,28
26562,163,154,9,9
26563,62,74,-12,12
26564,79,108,-29,29
26565,90,98,-8,8
26566,126,126,0,0
26567,161,149,12,12
26568,119,122,-3,3
26569,65,91,-26,26
26570,75,126,-51,51
26571,94,102,-8,8
26572,57,71,-14,14
26573,60,73,-13,13
26574,62,75,-13,13
26575,61,79,-18,18
26576,174,162,12,12
26577,65,82,-17,17
26578,122,138,-16,16
26579,103,132,-29,29
26580,66,80,-14,14
26581,110,111,-1,1
26582,59,78,-19,19
26583,120,123,-3,3
26584,101,111,-10,10
26585,94,102,-8,8
26586,125,136,-11,11
26587,76,89,-13,13
26588,66,90,-24,24
26589,85,102,-17,17
26590,101,114,-13,13
26591,79,91,-12,12
26592,179,168,11,11
26593,73,91,-18,18
26594,97,116,-19,19
26595,40,72,-32,32
26596,75,87,-12,12
26597,157,154,3,3
26598,77,93,-16,16
26599,108,126,-18,18
26600,129,131,-2,2
26601,100,106,-6,6
26602,76,100,-24,24
26603,40,62,-22,22
26604,72,89,-17,17
26605,81,90,-9,9
26606,122,122,0,0
26607,77,86,-9,9
26608,162,154,8,8
26609,52,68,-16,16
26610,86,92,-6,6
26611,61,75,-14,14
26612,139,139,0,0
26613,122,126,-4,4
26614,129,140,-11,11
26615,64,83,-19,19
26616,53,68,-15,15
26617,163,155,8,8
26618,76,100,-24,24
26619,47,65,-18,18
26620,57,75,-18,18
26621,142,139,3,3
26622,89,92,-3,3
26623,100,115,-15,15
26624,126,142,-16,16
26625,149,145,4,4
26626,102,107,-5,5
26627,51,69,-18,18
26628,131,130,1,1
26629,113,124,-11,11
26630,128,127,1,1
26631,84,88,-4,4
26632,88,98,-10,10
26633,96,105,-9,9
26634,131,125,6,6
26635,142,149,-7,7
26636,139,145,-6,6
26637,62,76,-14,14
26638,162,164,-2,2
26639,100,109,-9,9
26640,94,105,-11,11
26641,118,123,-5,5
26642,140,138,2,2
26643,105,115,-10,10
26644,54,73,-19,19
26645,80,94,-14,14
26646,54,72,-18,18
26647,82,97,-15,15
26648,78,94,-16,16
26649,81,92,-11,11
26650,55,68,-13,13
26651,142,149,-7,7
26652,152,147,5,5
26653,121,126,-5,5
26654,109,114,-5,5
26655,80,100,-20,20
26656,73,86,-13,13
26657,154,135,19,19
26658,122,135,-13,13
26659,85,93,-8,8
26660,65,80,-15,15
26661,127,127,0,0
26662,44,61,-17,17
26663,90,109,-19,19
26664,115,126,-11,11
26665,124,129,-5,5
26666,148,151,-3,3
26667,49,63,-14,14
26668,77,95,-18,18
26669,173,162,11,11
26670,68,93,-25,25
26671,149,152,-3,3
26672,73,88,-15,15
26673,54,72,-18,18
26674,90,94,-4,4
26675,73,87,-14,14
26676,74,91,-17,17
26677,49,63,-14,14
26678,79,89,-10,10
26679,117,134,-17,17
26680,57,82,-25,25
26681,123,124,-1,1
26682,94,103,-9,9
26683,124,123,1,1
26684,74,91,-17,17
26685,63,79,-16,16
26686,116,119,-3,3
26687,93,96,-3,3
26688,115,130,-15,15
26689,64,80,-16,16
26690,117,132,-15,15
26691,74,89,-15,15
26692,49,63,-14,14
26693,72,83,-11,11
26694,86,96,-10,10
26695,52,67,-15,15
26696,87,98,-11,11
26697,152,148,4,4
26698,61,83,-22,22
26699,67,83,-16,16
26700,64,86,-22,22
26701,100,112,-12,12
26702,135,129,6,6
26703,120,127,-7,7
26704,124,124,0,0
26705,105,120,-15,15
26706,144,150,-6,6
26707,100,113,-13,13
26708,80,96,-16,16
26709,73,99,-26,26
26710,82,96,-14,14
26711,76,85,-9,9
26712,115,124,-9,9
26713,106,122,-16,16
26714,125,137,-12,12
26715,86,92,-6,6
26716,94,104,-10,10
26717,80,98,-18,18
26718,145,139,6,6
26719,122,127,-5,5
26720,122,128,-6,6
26721,115,124,-9,9
26722,66,80,-14,14
26723,85,94,-9,9
26724,95,110,-15,15
26725,110,107,3,3
26726,49,81,-32,32
26727,80,106,-26,26
26728,101,110,-9,9
26729,77,86,-9,9
26730,89,107,-18,18
26731,130,125,5,5
26732,106,125,-19,19
26733,56,68,-12,12
26734,68,76,-8,8
26735,152,148,4,4
26736,113,123,-10,10
26737,98,112,-14,14
26738,125,129,-4,4
26739,71,85,-14,14
26740,123,131,-8,8
26741,97,97,0,0
26742,77,90,-13,13
26743,56,75,-19,19
26744,127,133,-6,6
26745,49,74,-25,25
26746,115,120,-5,5
26747,61,77,-16,16
26748,97,103,-6,6
26749,101,114,-13,13
26750,77,96,-19,19
26751,117,138,-21,21
26752,90,110,-20,20
26753,120,125,-5,5
26754,80,94,-14,14
26755,71,81,-10,10
26756,54,70,-16,16
26757,80,98,-18,18
26758,110,121,-11,11
26759,71,105,-34,34
26760,82,100,-18,18
26761,68,90,-22,22
26762,78,100,-22,22
26763,69,79,-10,10
26764,87,102,-15,15
26765,94,104,-10,10
26766,137,141,-4,4
26767,57,73,-16,16
26768,56,66,-10,10
26769,57,81,-24,24
26770,62,74,-12,12
26771,63,88,-25,25
26772,165,155,10,10
26773,115,117,-2,2
26774,133,139,-6,6
26775,94,93,1,1
26776,107,122,-15,15
26777,106,113,-7,7
26778,112,126,-14,14
26779,93,104,-11,11
26780,55,77,-22,22
26781,85,97,-12,12
26782,41,57,-16,16
26783,120,120,0,0
26784,99,108,-9,9
26785,83,83,0,0
26786,84,99,-15,15
26787,110,118,-8,8
26788,124,143,-19,19
26789,122,122,0,0
26790,38,61,-23,23
26791,120,126,-6,6
26792,97,109,-12,12
26793,61,78,-17,17
26794,113,126,-13,13
26795,74,83,-9,9
26796,79,89,-10,10
26797,125,122,3,3
26798,81,91,-10,10
26799,125,128,-3,3
26800,123,134,-11,11
26801,90,104,-14,14
26802,48,70,-22,22
26803,55,71,-16,16
26804,62,88,-26,26
26805,64,89,-25,25
26806,91,107,-16,16
26807,145,149,-4,4
26808,86,94,-8,8
26809,66,83,-17,17
26810,116,137,-21,21
26811,76,89,-13,13
26812,88,103,-15,15
26813,103,120,-17,17
26814,97,116,-19,19
26815,138,139,-1,1
26816,75,88,-13,13
26817,92,97,-5,5
26818,149,149,0,0
26819,60,75,-15,15
26820,108,120,-12,12
26821,30,55,-25,25
26822,89,96,-7,7
26823,49,69,-20,20
26824,97,100,-3,3
26825,128,126,2,2
26826,96,107,-11,11
26827,96,110,-14,14
26828,63,71,-8,8
26829,76,91,-15,15
26830,106,124,-18,18
26831,79,98,-19,19
26832,127,126,1,1
26833,45,68,-23,23
26834,105,130,-25,25
26835,90,98,-8,8
26836,43,60,-17,17
26837,235,159,76,76
26838,50,72,-22,22
26839,111,112,-1,1
26840,69,90,-21,21
26841,52,151,-99,99
26842,105,114,-9,9
26843,49,63,-14,14
26844,66,82,-16,16
26845,64,81,-17,17
26846,75,82,-7,7
26847,70,87,-17,17
26848,96,100,-4,4
26849,86,101,-15,15
26850,109,117,-8,8
26851,357,184,173,173
26852,74,85,-11,11
26853,96,111,-15,15
26854,101,114,-13,13
26855,86,103,-17,17
26856,97,100,-3,3
26857,47,60,-13,13
26858,76,102,-26,26
26859,139,138,1,1
26860,127,135,-8,8
26861,119,120,-1,1
26862,133,135,-2,2
26863,190,187,3,3
26864,119,120,-1,1
26865,96,107,-11,11
26866,31,51,-20,20
26867,94,117,-23,23
26868,112,135,-23,23
26869,104,112,-8,8
26870,162,149,13,13
26871,128,132,-4,4
26872,142,148,-6,6
26873,107,98,9,9
26874,120,114,6,6
26875,57,76,-19,19
26876,157,150,7,7
26877,94,106,-12,12
26878,109,128,-19,19
26879,58,79,-21,21
26880,108,106,2,2
26881,88,100,-12,12
26882,123,143,-20,20
26883,85,93,-8,8
26884,136,144,-8,8
26885,72,92,-20,20
26886,77,85,-8,8
26887,59,72,-13,13
26888,154,147,7,7
26889,63,92,-29,29
26890,40,59,-19,19
26891,142,149,-7,7
26892,160,151,9,9
26893,68,75,-7,7
26894,91,97,-6,6
26895,77,97,-20,20
26896,135,145,-10,10
26897,134,196,-62,62
26898,172,167,5,5
26899,131,154,-23,23
26900,86,102,-16,16
26901,67,84,-17,17
26902,55,71,-16,16
26903,148,148,0,0
26904,66,84,-18,18
26905,120,114,6,6
26906,83,97,-14,14
26907,101,107,-6,6
26908,83,92,-9,9
26909,106,142,-36,36
26910,99,111,-12,12
26911,67,85,-18,18
26912,130,138,-8,8
26913,79,94,-15,15
26914,43,70,-27,27
26915,146,143,3,3
26916,57,71,-14,14
26917,100,120,-20,20
26918,139,137,2,2
26919,114,115,-1,1
26920,61,76,-15,15
26921,77,108,-31,31
26922,102,126,-24,24
26923,104,112,-8,8
26924,145,153,-8,8
26925,81,98,-17,17
26926,87,104,-17,17
26927,135,147,-12,12
26928,117,128,-11,11
26929,82,91,-9,9
26930,118,128,-10,10
26931,106,122,-16,16
26932,123,131,-8,8
26933,109,120,-11,11
26934,66,79,-13,13
26935,86,95,-9,9
26936,104,117,-13,13
26937,61,93,-32,32
26938,59,95,-36,36
26939,68,83,-15,15
26940,68,83,-15,15
26941,63,81,-18,18
26942,85,92,-7,7
26943,135,147,-12,12
26944,117,131,-14,14
26945,134,132,2,2
26946,104,117,-13,13
26947,73,88,-15,15
26948,79,96,-17,17
26949,137,143,-6,6
26950,106,109,-3,3
26951,80,86,-6,6
26952,175,157,18,18
26953,96,112,-16,16
26954,137,134,3,3
26955,119,129,-10,10
26956,118,129,-11,11
26957,135,143,-8,8
26958,127,116,11,11
26959,103,117,-14,14
26960,87,98,-11,11
26961,90,84,6,6
26962,50,69,-19,19
26963,68,83,-15,15
26964,75,88,-13,13
26965,150,155,-5,5
26966,107,108,-1,1
26967,122,137,-15,15
26968,48,63,-15,15
26969,141,148,-7,7
26970,96,109,-13,13
26971,93,109,-16,16
26972,85,93,-8,8
26973,55,72,-17,17
26974,51,69,-18,18
26975,99,106,-7,7
26976,52,73,-21,21
26977,79,83,-4,4
26978,110,117,-7,7
26979,121,124,-3,3
26980,37,56,-19,19
26981,92,103,-11,11
26982,66,73,-7,7
26983,148,134,14,14
26984,83,93,-10,10
26985,175,162,13,13
26986,88,96,-8,8
26987,110,111,-1,1
26988,79,96,-17,17
26989,64,74,-10,10
26990,124,124,0,0
26991,129,130,-1,1
26992,91,100,-9,9
26993,59,71,-12,12
26994,49,79,-30,30
26995,132,133,-1,1
26996,76,122,-46,46
26997,110,115,-5,5
26998,61,73,-12,12
26999,90,106,-16,16
27000,126,131,-5,5
27001,98,109,-11,11
27002,59,75,-16,16
27003,93,110,-17,17
27004,76,80,-4,4
27005,75,84,-9,9
27006,85,101,-16,16
27007,149,143,6,6
27008,89,99,-10,10
27009,112,119,-7,7
27010,88,98,-10,10
27011,65,77,-12,12
27012,86,98,-12,12
27013,64,71,-7,7
27014,81,105,-24,24
27015,86,102,-16,16
27016,70,77,-7,7
27017,150,143,7,7
27018,102,109,-7,7
27019,92,98,-6,6
27020,47,75,-28,28
27021,92,111,-19,19
27022,108,117,-9,9
27023,85,99,-14,14
27024,127,133,-6,6
27025,114,120,-6,6
27026,89,97,-8,8
27027,98,114,-16,16
27028,47,61,-14,14
27029,95,113,-18,18
27030,174,173,1,1
27031,74,88,-14,14
27032,214,203,11,11
27033,35,61,-26,26
27034,202,200,2,2
27035,83,90,-7,7
27036,125,127,-2,2
27037,109,106,3,3
27038,54,73,-19,19
27039,56,74,-18,18
27040,71,85,-14,14
27041,81,93,-12,12
27042,78,93,-15,15
27043,61,74,-13,13
27044,77,83,-6,6
27045,114,116,-2,2
27046,59,72,-13,13
27047,116,135,-19,19
27048,49,77,-28,28
27049,66,94,-28,28
27050,91,92,-1,1
27051,98,109,-11,11
27052,73,89,-16,16
27053,78,91,-13,13
27054,105,127,-22,22
27055,112,116,-4,4
27056,84,98,-14,14
27057,78,85,-7,7
27058,112,130,-18,18
27059,178,153,25,25
27060,134,145,-11,11
27061,93,100,-7,7
27062,99,110,-11,11
27063,67,84,-17,17
27064,76,95,-19,19
27065,80,87,-7,7
27066,74,86,-12,12
27067,83,95,-12,12
27068,99,124,-25,25
27069,70,74,-4,4
27070,64,83,-19,19
27071,128,135,-7,7
27072,93,99,-6,6
27073,65,76,-11,11
27074,40,58,-18,18
27075,133,135,-2,2
27076,97,108,-11,11
27077,89,105,-16,16
27078,73,89,-16,16
27079,102,103,-1,1
27080,62,76,-14,14
27081,91,103,-12,12
27082,147,147,0,0
27083,70,79,-9,9
27084,71,82,-11,11
27085,86,96,-10,10
27086,62,77,-15,15
27087,104,102,2,2
27088,72,86,-14,14
27089,52,67,-15,15
27090,38,62,-24,24
27091,67,88,-21,21
27092,196,182,14,14
27093,47,63,-16,16
27094,51,70,-19,19
27095,88,103,-15,15
27096,96,103,-7,7
27097,42,60,-18,18
27098,101,113,-12,12
27099,105,110,-5,5
27100,70,83,-13,13
27101,87,109,-22,22
27102,120,132,-12,12
27103,71,83,-12,12
27104,118,122,-4,4
27105,71,98,-27,27
27106,101,119,-18,18
27107,80,88,-8,8
27108,107,109,-2,2
27109,87,92,-5,5
27110,60,91,-31,31
27111,56,69,-13,13
27112,79,93,-14,14
27113,148,147,1,1
27114,75,87,-12,12
27115,53,69,-16,16
27116,88,101,-13,13
27117,104,137,-33,33
27118,77,80,-3,3
27119,53,70,-17,17
27120,114,125,-11,11
27121,74,83,-9,9
27122,73,92,-19,19
27123,127,129,-2,2
27124,81,89,-8,8
27125,127,137,-10,10
27126,139,134,5,5
27127,78,92,-14,14
27128,79,87,-8,8
27129,115,118,-3,3
27130,125,120,5,5
27131,141,145,-4,4
27132,127,124,3,3
27133,105,113,-8,8
27134,57,74,-17,17
27135,99,113,-14,14
27136,91,100,-9,9
27137,98,104,-6,6
27138,114,134,-20,20
27139,74,87,-13,13
27140,143,136,7,7
27141,68,83,-15,15
27142,159,151,8,8
27143,69,78,-9,9
27144,72,77,-5,5
27145,48,68,-20,20
27146,110,120,-10,10
27147,86,98,-12,12
27148,72,86,-14,14
27149,80,91,-11,11
27150,70,90,-20,20
27151,37,57,-20,20
27152,79,90,-11,11
27153,53,61,-8,8
27154,82,93,-11,11
27155,55,75,-20,20
27156,72,98,-26,26
27157,104,111,-7,7
27158,81,94,-13,13
27159,131,144,-13,13
27160,110,125,-15,15
27161,70,87,-17,17
27162,96,113,-17,17
27163,56,78,-22,22
27164,76,91,-15,15
27165,87,99,-12,12
27166,100,102,-2,2
27167,51,71,-20,20
27168,67,81,-14,14
27169,50,69,-19,19
27170,72,98,-26,26
27171,69,86,-17,17
27172,96,112,-16,16
27173,90,96,-6,6
27174,84,98,-14,14
27175,136,145,-9,9
27176,83,95,-12,12
27177,93,108,-15,15
27178,130,150,-20,20
27179,111,119,-8,8
27180,107,126,-19,19
27181,112,129,-17,17
27182,27,49,-22,22
27183,156,148,8,8
27184,102,106,-4,4
27185,122,130,-8,8
27186,114,116,-2,2
27187,39,57,-18,18
27188,137,141,-4,4
27189,86,97,-11,11
27190,83,88,-5,5
27191,148,149,-1,1
27192,108,118,-10,10
27193,102,106,-4,4
27194,95,111,-16,16
27195,52,75,-23,23
27196,78,95,-17,17
27197,99,109,-10,10
27198,124,132,-8,8
27199,94,112,-18,18
27200,120,132,-12,12
27201,102,118,-16,16
27202,128,137,-9,9
27203,64,70,-6,6
27204,78,89,-11,11
27205,65,87,-22,22
27206,128,140,-12,12
27207,88,94,-6,6
27208,63,83,-20,20
27209,86,104,-18,18
27210,102,111,-9,9
27211,120,125,-5,5
27212,95,111,-16,16
27213,83,94,-11,11
27214,96,115,-19,19
27215,75,93,-18,18
27216,50,67,-17,17
27217,69,84,-15,15
27218,118,115,3,3
27219,103,118,-15,15
27220,88,101,-13,13
27221,83,96,-13,13
27222,113,115,-2,2
27223,89,92,-3,3
27224,92,101,-9,9
27225,96,108,-12,12
27226,97,131,-34,34
27227,57,70,-13,13
27228,70,84,-14,14
27229,79,100,-21,21
27230,81,94,-13,13
27231,106,114,-8,8
27232,178,163,15,15
27233,141,147,-6,6
27234,97,106,-9,9
27235,152,151,1,1
27236,82,95,-13,13
27237,62,73,-11,11
27238,69,87,-18,18
27239,145,147,-2,2
27240,80,92,-12,12
27241,124,131,-7,7
27242,128,139,-11,11
27243,147,139,8,8
27244,181,181,0,0
27245,92,105,-13,13
27246,48,67,-19,19
27247,144,147,-3,3
27248,54,76,-22,22
27249,116,117,-1,1
27250,106,121,-15,15
27251,72,81,-9,9
27252,139,141,-2,2
27253,153,155,-2,2
27254,105,106,-1,1
27255,152,147,5,5
27256,137,137,0,0
27257,123,132,-9,9
27258,49,71,-22,22
27259,80,91,-11,11
27260,63,67,-4,4
27261,35,79,-44,44
27262,53,71,-18,18
27263,80,98,-18,18
27264,56,67,-11,11
27265,143,149,-6,6
27266,160,152,8,8
27267,98,109,-11,11
27268,98,105,-7,7
27269,83,101,-18,18
27270,117,135,-18,18
27271,143,144,-1,1
27272,91,109,-18,18
27273,60,82,-22,22
27274,106,110,-4,4
27275,33,60,-27,27
27276,65,78,-13,13
27277,79,86,-7,7
27278,47,63,-16,16
27279,78,90,-12,12
27280,108,119,-11,11
27281,59,79,-20,20
27282,75,94,-19,19
27283,130,144,-14,14
27284,75,97,-22,22
27285,89,101,-12,12
27286,85,92,-7,7
27287,127,132,-5,5
27288,71,92,-21,21
27289,103,116,-13,13
27290,40,59,-19,19
27291,57,87,-30,30
27292,142,145,-3,3
27293,61,87,-26,26
27294,77,85,-8,8
27295,95,112,-17,17
27296,90,91,-1,1
27297,101,113,-12,12
27298,64,75,-11,11
27299,154,138,16,16
27300,90,102,-12,12
27301,103,114,-11,11
27302,134,138,-4,4
27303,96,98,-2,2
27304,48,63,-15,15
27305,88,95,-7,7
27306,126,134,-8,8
27307,80,86,-6,6
27308,66,79,-13,13
27309,43,60,-17,17
27310,71,80,-9,9
27311,102,110,-8,8
27312,78,85,-7,7
27313,99,108,-9,9
27314,110,118,-8,8
27315,105,117,-12,12
27316,103,120,-17,17
27317,103,114,-11,11
27318,62,104,-42,42
27319,92,108,-16,16
27320,68,87,-19,19
27321,94,105,-11,11
27322,97,113,-16,16
27323,50,78,-28,28
27324,46,78,-32,32
27325,76,85,-9,9
27326,127,118,9,9
27327,55,73,-18,18
27328,62,73,-11,11
27329,114,128,-14,14
27330,70,86,-16,16
27331,110,122,-12,12
27332,115,124,-9,9
27333,102,104,-2,2
27334,105,122,-17,17
27335,99,107,-8,8
27336,122,131,-9,9
27337,69,85,-16,16
27338,69,75,-6,6
27339,79,92,-13,13
27340,67,87,-20,20
27341,76,90,-14,14
27342,54,70,-16,16
27343,96,104,-8,8
27344,90,107,-17,17
27345,73,85,-12,12
27346,76,91,-15,15
27347,48,67,-19,19
27348,104,120,-16,16
27349,64,78,-14,14
27350,76,89,-13,13
27351,106,118,-12,12
27352,58,75,-17,17
27353,118,126,-8,8
27354,78,95,-17,17
27355,119,131,-12,12
27356,64,83,-19,19
27357,144,135,9,9
27358,112,118,-6,6
27359,60,76,-16,16
27360,58,99,-41,41
27361,148,160,-12,12
27362,70,82,-12,12
27363,193,168,25,25
27364,90,105,-15,15
27365,50,67,-17,17
27366,94,101,-7,7
27367,114,116,-2,2
27368,57,75,-18,18
27369,72,98,-26,26
27370,97,94,3,3
27371,121,122,-1,1
27372,96,106,-10,10
27373,78,97,-19,19
27374,124,141,-17,17
27375,156,152,4,4
27376,103,106,-3,3
27377,117,129,-12,12
27378,75,79,-4,4
27379,101,113,-12,12
27380,45,60,-15,15
27381,60,73,-13,13
27382,124,134,-10,10
27383,129,137,-8,8
27384,90,103,-13,13
27385,79,99,-20,20
27386,64,81,-17,17
27387,87,108,-21,21
27388,138,145,-7,7
27389,106,118,-12,12
27390,96,111,-15,15
27391,124,130,-6,6
27392,78,90,-12,12
27393,99,110,-11,11
27394,208,166,42,42
27395,111,117,-6,6
27396,107,109,-2,2
27397,92,97,-5,5
27398,87,92,-5,5
27399,108,130,-22,22
27400,70,79,-9,9
27401,115,126,-11,11
27402,86,100,-14,14
27403,86,95,-9,9
27404,165,160,5,5
27405,59,113,-54,54
27406,111,125,-14,14
27407,196,170,26,26
27408,99,111,-12,12
27409,121,114,7,7
27410,57,69,-12,12
27411,78,90,-12,12
27412,98,111,-13,13
27413,90,94,-4,4
27414,89,101,-12,12
27415,97,106,-9,9
27416,77,87,-10,10
27417,78,89,-11,11
27418,95,118,-23,23
27419,98,110,-12,12
27420,126,126,0,0
27421,107,119,-12,12
27422,83,94,-11,11
27423,129,146,-17,17
27424,93,112,-19,19
27425,210,176,34,34
27426,112,121,-9,9
27427,51,70,-19,19
27428,93,96,-3,3
27429,61,84,-23,23
27430,76,96,-20,20
27431,107,116,-9,9
27432,115,112,3,3
27433,106,118,-12,12
27434,77,89,-12,12
27435,102,116,-14,14
27436,54,72,-18,18
27437,81,83,-2,2
27438,64,87,-23,23
27439,134,139,-5,5
27440,124,129,-5,5
27441,49,74,-25,25
27442,90,116,-26,26
27443,72,78,-6,6
27444,76,92,-16,16
27445,114,118,-4,4
27446,59,82,-23,23
27447,97,126,-29,29
27448,96,98,-2,2
27449,177,149,28,28
27450,111,114,-3,3
27451,105,125,-20,20
27452,78,103,-25,25
27453,85,103,-18,18
27454,71,83,-12,12
27455,114,123,-9,9
27456,78,99,-21,21
27457,164,156,8,8
27458,75,90,-15,15
27459,128,133,-5,5
27460,105,129,-24,24
27461,75,86,-11,11
27462,87,103,-16,16
27463,104,113,-9,9
27464,130,132,-2,2
27465,101,117,-16,16
27466,81,94,-13,13
27467,75,85,-10,10
27468,115,121,-6,6
27469,80,88,-8,8
27470,54,84,-30,30
27471,93,109,-16,16
27472,142,138,4,4
27473,41,62,-21,21
27474,78,93,-15,15
27475,62,74,-12,12
27476,68,88,-20,20
27477,45,67,-22,22
27478,99,112,-13,13
27479,92,95,-3,3
27480,88,93,-5,5
27481,134,147,-13,13
27482,112,117,-5,5
27483,97,116,-19,19
27484,131,145,-14,14
27485,71,83,-12,12
27486,39,60,-21,21
27487,68,89,-21,21
27488,47,66,-19,19
27489,60,70,-10,10
27490,151,150,1,1
27491,81,85,-4,4
27492,104,110,-6,6
27493,99,114,-15,15
27494,103,109,-6,6
27495,84,99,-15,15
27496,92,105,-13,13
27497,108,118,-10,10
27498,124,129,-5,5
27499,68,88,-20,20
27500,107,122,-15,15
27501,97,97,0,0
27502,108,113,-5,5
27503,54,77,-23,23
27504,75,89,-14,14
27505,43,63,-20,20
27506,105,120,-15,15
27507,103,120,-17,17
27508,85,104,-19,19
27509,121,127,-6,6
27510,85,100,-15,15
27511,102,107,-5,5
27512,113,126,-13,13
27513,70,89,-19,19
27514,120,125,-5,5
27515,106,106,0,0
27516,72,87,-15,15
27517,89,105,-16,16
27518,90,99,-9,9
27519,52,67,-15,15
27520,78,94,-16,16
27521,88,106,-18,18
27522,290,233,57,57
27523,98,108,-10,10
27524,94,109,-15,15
27525,130,128,2,2
27526,50,79,-29,29
27527,102,109,-7,7
27528,72,85,-13,13
27529,79,91,-12,12
27530,101,112,-11,11
27531,88,92,-4,4
27532,75,89,-14,14
27533,109,130,-21,21
27534,68,79,-11,11
27535,117,126,-9,9
27536,112,119,-7,7
27537,149,147,2,2
27538,94,111,-17,17
27539,73,85,-12,12
27540,86,99,-13,13
27541,68,87,-19,19
27542,94,102,-8,8
27543,96,108,-12,12
27544,86,123,-37,37
27545,84,100,-16,16
27546,98,101,-3,3
27547,149,148,1,1
27548,92,103,-11,11
27549,72,81,-9,9
27550,108,117,-9,9
27551,85,109,-24,24
27552,92,105,-13,13
27553,72,88,-16,16
27554,73,94,-21,21
27555,91,103,-12,12
27556,167,167,0,0
27557,78,99,-21,21
27558,50,78,-28,28
27559,96,99,-3,3
27560,105,135,-30,30
27561,102,113,-11,11
27562,106,111,-5,5
27563,138,138,0,0
27564,123,128,-5,5
27565,76,87,-11,11
27566,95,105,-10,10
27567,87,99,-12,12
27568,154,152,2,2
27569,75,91,-16,16
27570,137,137,0,0
27571,98,99,-1,1
27572,96,111,-15,15
27573,68,90,-22,22
27574,66,88,-22,22
27575,96,108,-12,12
27576,99,113,-14,14
27577,53,77,-24,24
27578,36,79,-43,43
27579,79,94,-15,15
27580,108,112,-4,4
27581,20,49,-29,29
27582,95,106,-11,11
27583,78,93,-15,15
27584,114,127,-13,13
27585,89,112,-23,23
27586,118,146,-28,28
27587,163,151,12,12
27588,64,74,-10,10
27589,50,60,-10,10
27590,65,80,-15,15
27591,91,98,-7,7
27592,126,139,-13,13
27593,96,105,-9,9
27594,115,119,-4,4
27595,114,122,-8,8
27596,139,128,11,11
27597,45,73,-28,28
27598,155,154,1,1
27599,77,85,-8,8
27600,105,105,0,0
27601,156,144,12,12
27602,90,105,-15,15
27603,105,108,-3,3
27604,36,60,-24,24
27605,134,148,-14,14
27606,111,129,-18,18
27607,61,71,-10,10
27608,97,109,-12,12
27609,76,90,-14,14
27610,81,94,-13,13
27611,71,81,-10,10
27612,99,104,-5,5
27613,98,113,-15,15
27614,89,100,-11,11
27615,153,149,4,4
27616,110,125,-15,15
27617,61,73,-12,12
27618,72,91,-19,19
27619,107,116,-9,9
27620,107,116,-9,9
27621,116,119,-3,3
27622,116,123,-7,7
27623,71,84,-13,13
27624,95,106,-11,11
27625,99,109,-10,10
27626,59,71,-12,12
27627,107,135,-28,28
27628,130,133,-3,3
27629,95,91,4,4
27630,165,150,15,15
27631,171,153,18,18
27632,93,113,-20,20
27633,79,98,-19,19
27634,175,160,15,15
27635,121,132,-11,11
27636,155,154,1,1
27637,174,167,7,7
27638,81,86,-5,5
27639,57,69,-12,12
27640,180,156,24,24
27641,116,118,-2,2
27642,162,153,9,9
27643,77,88,-11,11
27644,78,88,-10,10
27645,111,123,-12,12
27646,87,92,-5,5
27647,37,61,-24,24
27648,176,163,13,13
27649,69,93,-24,24
27650,72,89,-17,17
27651,91,102,-11,11
27652,102,115,-13,13
27653,81,94,-13,13
27654,142,147,-5,5
27655,189,162,27,27
27656,200,177,23,23
27657,61,80,-19,19
27658,89,103,-14,14
27659,94,109,-15,15
27660,88,101,-13,13
27661,85,91,-6,6
27662,88,97,-9,9
27663,52,69,-17,17
27664,61,98,-37,37
27665,79,92,-13,13
27666,141,142,-1,1
27667,83,95,-12,12
27668,112,149,-37,37
27669,123,125,-2,2
27670,54,68,-14,14
27671,66,79,-13,13
27672,117,127,-10,10
27673,73,87,-14,14
27674,70,94,-24,24
27675,66,78,-12,12
27676,105,128,-23,23
27677,77,94,-17,17
27678,100,107,-7,7
27679,167,149,18,18
27680,73,85,-12,12
27681,130,134,-4,4
27682,87,85,2,2
27683,85,92,-7,7
27684,69,87,-18,18
27685,73,90,-17,17
27686,77,94,-17,17
27687,138,142,-4,4
27688,80,101,-21,21
27689,55,70,-15,15
27690,117,117,0,0
27691,110,115,-5,5
27692,60,74,-14,14
27693,96,98,-2,2
27694,85,92,-7,7
27695,106,122,-16,16
27696,94,107,-13,13
27697,69,91,-22,22
27698,125,136,-11,11
27699,179,160,19,19
27700,86,94,-8,8
27701,129,135,-6,6
27702,82,96,-14,14
27703,91,90,1,1
27704,150,147,3,3
27705,57,76,-19,19
27706,70,80,-10,10
27707,134,137,-3,3
27708,71,87,-16,16
27709,74,92,-18,18
27710,83,97,-14,14
27711,82,118,-36,36
27712,70,85,-15,15
27713,82,102,-20,20
27714,52,76,-24,24
27715,93,99,-6,6
27716,54,75,-21,21
27717,136,142,-6,6
27718,72,87,-15,15
27719,86,119,-33,33
27720,108,126,-18,18
27721,93,101,-8,8
27722,57,88,-31,31
27723,78,93,-15,15
27724,130,132,-2,2
27725,83,97,-14,14
27726,116,124,-8,8
27727,103,104,-1,1
27728,79,95,-16,16
27729,43,63,-20,20
27730,100,110,-10,10
27731,77,88,-11,11
27732,127,131,-4,4
27733,83,93,-10,10
27734,134,151,-17,17
27735,108,109,-1,1
27736,122,123,-1,1
27737,86,100,-14,14
27738,71,83,-12,12
27739,111,121,-10,10
27740,132,128,4,4
27741,200,186,14,14
27742,77,86,-9,9
27743,131,125,6,6
27744,75,91,-16,16
27745,66,79,-13,13
27746,83,93,-10,10
27747,155,148,7,7
27748,104,101,3,3
27749,85,91,-6,6
27750,149,143,6,6
27751,198,231,-33,33
27752,68,94,-26,26
27753,143,124,19,19
27754,118,121,-3,3
27755,75,89,-14,14
27756,150,170,-20,20
27757,52,67,-15,15
27758,153,151,2,2
27759,88,109,-21,21
27760,101,130,-29,29
27761,74,84,-10,10
27762,102,124,-22,22
27763,140,144,-4,4
27764,71,78,-7,7
27765,110,114,-4,4
27766,110,121,-11,11
27767,63,77,-14,14
27768,66,81,-15,15
27769,49,68,-19,19
27770,54,67,-13,13
27771,86,100,-14,14
27772,58,72,-14,14
27773,54,71,-17,17
27774,60,84,-24,24
27775,77,96,-19,19
27776,70,87,-17,17
27777,91,104,-13,13
27778,112,120,-8,8
27779,89,95,-6,6
27780,80,91,-11,11
27781,95,106,-11,11
27782,98,104,-6,6
27783,91,101,-10,10
27784,117,129,-12,12
27785,76,91,-15,15
27786,126,150,-24,24
27787,131,131,0,0
27788,65,81,-16,16
27789,90,95,-5,5
27790,77,89,-12,12
27791,114,122,-8,8
27792,88,97,-9,9
27793,90,96,-6,6
27794,84,103,-19,19
27795,135,129,6,6
27796,95,102,-7,7
27797,94,114,-20,20
27798,106,111,-5,5
27799,75,85,-10,10
27800,115,121,-6,6
27801,143,147,-4,4
27802,60,73,-13,13
27803,68,77,-9,9
27804,73,82,-9,9
27805,168,149,19,19
27806,99,116,-17,17
27807,108,116,-8,8
27808,77,99,-22,22
27809,60,69,-9,9
27810,79,89,-10,10
27811,103,131,-28,28
27812,120,133,-13,13
27813,137,150,-13,13
27814,80,102,-22,22
27815,78,93,-15,15
27816,49,70,-21,21
27817,97,118,-21,21
27818,104,116,-12,12
27819,172,159,13,13
27820,154,151,3,3
27821,93,111,-18,18
27822,103,104,-1,1
27823,51,69,-18,18
27824,72,84,-12,12
27825,81,98,-17,17
27826,69,77,-8,8
27827,111,113,-2,2
27828,106,114,-8,8
27829,143,144,-1,1
27830,46,60,-14,14
27831,118,132,-14,14
27832,136,124,12,12
27833,103,108,-5,5
27834,115,127,-12,12
27835,100,105,-5,5
27836,130,131,-1,1
27837,146,147,-1,1
27838,106,112,-6,6
27839,160,154,6,6
27840,151,132,19,19
27841,111,117,-6,6
27842,132,127,5,5
27843,70,75,-5,5
27844,95,107,-12,12
27845,113,121,-8,8
27846,100,136,-36,36
27847,84,104,-20,20
27848,144,134,10,10
27849,75,92,-17,17
27850,127,144,-17,17
27851,35,57,-22,22
27852,48,76,-28,28
27853,52,67,-15,15
27854,110,121,-11,11
27855,109,116,-7,7
27856,72,85,-13,13
27857,99,107,-8,8
27858,58,69,-11,11
27859,81,84,-3,3
27860,96,97,-1,1
27861,71,84,-13,13
27862,122,117,5,5
27863,151,147,4,4
27864,92,106,-14,14
27865,69,86,-17,17
27866,111,118,-7,7
27867,106,112,-6,6
27868,122,130,-8,8
27869,100,100,0,0
27870,62,77,-15,15
27871,77,89,-12,12
27872,111,120,-9,9
27873,68,89,-21,21
27874,97,102,-5,5
27875,118,104,14,14
27876,118,128,-10,10
27877,97,118,-21,21
27878,78,102,-24,24
27879,146,148,-2,2
27880,99,109,-10,10
27881,76,84,-8,8
27882,64,73,-9,9
27883,48,65,-17,17
27884,89,98,-9,9
27885,59,74,-15,15
27886,74,88,-14,14
27887,72,89,-17,17
27888,83,93,-10,10
27889,83,89,-6,6
27890,97,110,-13,13
27891,100,108,-8,8
27892,181,182,-1,1
27893,37,55,-18,18
27894,64,77,-13,13
27895,84,86,-2,2
27896,68,81,-13,13
27897,54,66,-12,12
27898,85,98,-13,13
27899,75,91,-16,16
27900,98,111,-13,13
27901,147,146,1,1
27902,138,141,-3,3
27903,61,76,-15,15
27904,83,102,-19,19
27905,158,147,11,11
27906,119,124,-5,5
27907,88,94,-6,6
27908,119,126,-7,7
27909,118,113,5,5
27910,68,80,-12,12
27911,49,69,-20,20
27912,112,113,-1,1
27913,113,123,-10,10
27914,83,99,-16,16
27915,81,101,-20,20
27916,31,56,-25,25
27917,87,90,-3,3
27918,144,145,-1,1
27919,133,147,-14,14
27920,137,146,-9,9
27921,95,110,-15,15
27922,80,91,-11,11
27923,109,115,-6,6
27924,90,106,-16,16
27925,70,84,-14,14
27926,66,81,-15,15
27927,81,85,-4,4
27928,156,155,1,1
27929,70,90,-20,20
27930,95,116,-21,21
27931,109,115,-6,6
27932,61,122,-61,61
27933,40,64,-24,24
27934,138,148,-10,10
27935,96,101,-5,5
27936,53,80,-27,27
27937,85,106,-21,21
27938,137,138,-1,1
27939,113,121,-8,8
27940,127,133,-6,6
27941,77,85,-8,8
27942,66,79,-13,13
27943,36,61,-25,25
27944,83,104,-21,21
27945,120,114,6,6
27946,55,75,-20,20
27947,61,80,-19,19
27948,68,76,-8,8
27949,93,111,-18,18
27950,173,166,7,7
27951,58,78,-20,20
27952,75,90,-15,15
27953,83,86,-3,3
27954,141,151,-10,10
27955,67,79,-12,12
27956,35,62,-27,27
27957,63,84,-21,21
27958,52,72,-20,20
27959,183,168,15,15
27960,52,68,-16,16
27961,72,84,-12,12
27962,77,93,-16,16
27963,61,75,-14,14
27964,124,125,-1,1
27965,78,95,-17,17
27966,123,126,-3,3
27967,122,132,-10,10
27968,88,102,-14,14
27969,74,92,-18,18
27970,66,89,-23,23
27971,69,89,-20,20
27972,92,108,-16,16
27973,79,89,-10,10
27974,45,84,-39,39
27975,115,131,-16,16
27976,143,147,-4,4
27977,99,112,-13,13
27978,129,142,-13,13
27979,103,113,-10,10
27980,90,110,-20,20
27981,88,97,-9,9
27982,123,134,-11,11
27983,175,150,25,25
27984,95,102,-7,7
27985,105,122,-17,17
27986,65,87,-22,22
27987,66,74,-8,8
27988,137,134,3,3
27989,84,96,-12,12
27990,110,113,-3,3
27991,118,119,-1,1
27992,114,126,-12,12
27993,97,117,-20,20
27994,90,96,-6,6
27995,124,131,-7,7
27996,158,156,2,2
27997,67,107,-40,40
27998,96,108,-12,12
27999,97,103,-6,6
28000,108,115,-7,7
28001,106,115,-9,9
28002,56,70,-14,14
28003,69,86,-17,17
28004,41,65,-24,24
28005,67,81,-14,14
28006,172,166,6,6
28007,53,68,-15,15
28008,94,99,-5,5
28009,121,128,-7,7
28010,97,95,2,2
28011,91,99,-8,8
28012,117,117,0,0
28013,125,148,-23,23
28014,59,76,-17,17
28015,114,117,-3,3
28016,87,92,-5,5
28017,106,120,-14,14
28018,77,94,-17,17
28019,135,130,5,5
28020,145,139,6,6
28021,72,84,-12,12
28022,53,78,-25,25
28023,149,145,4,4
28024,101,113,-12,12
28025,76,78,-2,2
28026,87,102,-15,15
28027,73,83,-10,10
28028,107,120,-13,13
28029,67,75,-8,8
28030,67,83,-16,16
28031,80,96,-16,16
28032,91,103,-12,12
28033,91,97,-6,6
28034,104,143,-39,39
28035,66,74,-8,8
28036,90,98,-8,8
28037,71,97,-26,26
28038,118,113,5,5
28039,87,106,-19,19
28040,68,81,-13,13
28041,114,130,-16,16
28042,117,131,-14,14
28043,130,132,-2,2
28044,134,148,-14,14
28045,125,130,-5,5
28046,74,82,-8,8
28047,88,94,-6,6
28048,56,85,-29,29
28049,116,128,-12,12
28050,145,147,-2,2
28051,75,79,-4,4
28052,71,99,-28,28
28053,50,68,-18,18
28054,97,108,-11,11
28055,55,65,-10,10
28056,52,66,-14,14
28057,154,139,15,15
28058,132,133,-1,1
28059,180,158,22,22
28060,68,86,-18,18
28061,86,99,-13,13
28062,147,151,-4,4
28063,68,97,-29,29
28064,80,90,-10,10
28065,98,105,-7,7
28066,109,127,-18,18
28067,88,101,-13,13
28068,78,99,-21,21
28069,86,87,-1,1
28070,42,63,-21,21
28071,74,97,-23,23
28072,137,141,-4,4
28073,110,117,-7,7
28074,76,104,-28,28
28075,64,80,-16,16
28076,150,147,3,3
28077,116,111,5,5
28078,74,89,-15,15
28079,69,82,-13,13
28080,55,64,-9,9
28081,114,132,-18,18
28082,178,179,-1,1
28083,78,90,-12,12
28084,71,82,-11,11
28085,80,98,-18,18
28086,119,137,-18,18
28087,59,78,-19,19
28088,75,85,-10,10
28089,77,100,-23,23
28090,64,86,-22,22
28091,118,116,2,2
28092,141,145,-4,4
28093,144,150,-6,6
28094,118,126,-8,8
28095,90,89,1,1
28096,96,111,-15,15
28097,107,112,-5,5
28098,141,150,-9,9
28099,71,76,-5,5
28100,94,99,-5,5
28101,196,171,25,25
28102,93,111,-18,18
28103,122,117,5,5
28104,78,96,-18,18
28105,83,113,-30,30
28106,84,90,-6,6
28107,65,74,-9,9
28108,165,160,5,5
28109,116,141,-25,25
28110,91,94,-3,3
28111,69,78,-9,9
28112,87,93,-6,6
28113,94,113,-19,19
28114,113,122,-9,9
28115,169,166,3,3
28116,112,112,0,0
28117,85,102,-17,17
28118,113,118,-5,5
28119,145,142,3,3
28120,53,71,-18,18
28121,97,108,-11,11
28122,102,118,-16,16
28123,107,123,-16,16
28124,88,97,-9,9
28125,76,88,-12,12
28126,46,63,-17,17
28127,83,97,-14,14
28128,99,102,-3,3
28129,118,126,-8,8
28130,85,89,-4,4
28131,112,126,-14,14
28132,120,118,2,2
28133,246,214,32,32
28134,124,123,1,1
28135,64,84,-20,20
28136,118,117,1,1
28137,118,123,-5,5
28138,78,94,-16,16
28139,74,93,-19,19
28140,86,96,-10,10
28141,90,93,-3,3
28142,132,147,-15,15
28143,125,128,-3,3
28144,70,81,-11,11
28145,69,80,-11,11
28146,119,122,-3,3
28147,144,143,1,1
28148,172,156,16,16
28149,83,92,-9,9
28150,99,101,-2,2
28151,104,114,-10,10
28152,127,131,-4,4
28153,78,86,-8,8
28154,110,111,-1,1
28155,53,69,-16,16
28156,79,100,-21,21
28157,47,60,-13,13
28158,123,133,-10,10
28159,132,140,-8,8
28160,104,114,-10,10
28161,127,132,-5,5
28162,105,106,-1,1
28163,65,86,-21,21
28164,100,112,-12,12
28165,192,167,25,25
28166,61,104,-43,43
28167,106,124,-18,18
28168,38,90,-52,52
28169,186,159,27,27
28170,166,152,14,14
28171,122,126,-4,4
28172,141,142,-1,1
28173,122,140,-18,18
28174,39,75,-36,36
28175,117,128,-11,11
28176,128,135,-7,7
28177,148,147,1,1
28178,118,125,-7,7
28179,96,108,-12,12
28180,72,91,-19,19
28181,76,84,-8,8
28182,63,75,-12,12
28183,84,104,-20,20
28184,102,112,-10,10
28185,75,86,-11,11
28186,92,103,-11,11
28187,69,86,-17,17
28188,94,97,-3,3
28189,70,82,-12,12
28190,112,112,0,0
28191,87,94,-7,7
28192,68,85,-17,17
28193,123,149,-26,26
28194,81,85,-4,4
28195,116,139,-23,23
28196,82,97,-15,15
28197,149,142,7,7
28198,60,89,-29,29
28199,59,82,-23,23
28200,110,115,-5,5
28201,89,142,-53,53
28202,114,128,-14,14
28203,128,132,-4,4
28204,57,78,-21,21
28205,77,96,-19,19
28206,85,99,-14,14
28207,194,194,0,0
28208,72,96,-24,24
28209,75,94,-19,19
28210,57,95,-38,38
28211,165,152,13,13
28212,99,108,-9,9
28213,84,96,-12,12
28214,89,110,-21,21
28215,64,80,-16,16
28216,115,133,-18,18
28217,81,101,-20,20
28218,96,118,-22,22
28219,134,142,-8,8
28220,74,85,-11,11
28221,121,148,-27,27
28222,81,105,-24,24
28223,58,73,-15,15
28224,77,82,-5,5
28225,97,107,-10,10
28226,66,78,-12,12
28227,104,116,-12,12
28228,112,126,-14,14
28229,59,71,-12,12
28230,151,147,4,4
28231,111,113,-2,2
28232,133,139,-6,6
28233,76,88,-12,12
28234,93,109,-16,16
28235,76,86,-10,10
28236,85,92,-7,7
28237,151,151,0,0
28238,76,95,-19,19
28239,79,90,-11,11
28240,172,179,-7,7
28241,148,146,2,2
28242,89,104,-15,15
28243,87,90,-3,3
28244,128,137,-9,9
28245,71,83,-12,12
28246,72,80,-8,8
28247,77,93,-16,16
28248,100,110,-10,10
28249,107,120,-13,13
28250,86,99,-13,13
28251,81,89,-8,8
28252,93,104,-11,11
28253,56,68,-12,12
28254,138,140,-2,2
28255,77,91,-14,14
28256,175,166,9,9
28257,72,88,-16,16
28258,93,103,-10,10
28259,92,100,-8,8
28260,104,128,-24,24
28261,132,138,-6,6
28262,81,98,-17,17
28263,71,90,-19,19
28264,140,149,-9,9
28265,102,111,-9,9
28266,53,70,-17,17
28267,87,105,-18,18
28268,147,148,-1,1
28269,93,114,-21,21
28270,65,81,-16,16
28271,154,148,6,6
28272,222,200,22,22
28273,107,112,-5,5
28274,81,88,-7,7
28275,59,74,-15,15
28276,63,77,-14,14
28277,100,109,-9,9
28278,89,92,-3,3
28279,70,81,-11,11
28280,90,106,-16,16
28281,135,144,-9,9
28282,112,118,-6,6
28283,102,108,-6,6
28284,126,140,-14,14
28285,87,103,-16,16
28286,98,108,-10,10
28287,128,125,3,3
28288,54,73,-19,19
28289,88,100,-12,12
28290,79,87,-8,8
28291,177,160,17,17
28292,110,117,-7,7
28293,68,88,-20,20
28294,126,134,-8,8
28295,115,124,-9,9
28296,105,118,-13,13
28297,86,96,-10,10
28298,66,110,-44,44
28299,65,73,-8,8
28300,78,98,-20,20
28301,87,100,-13,13
28302,108,114,-6,6
28303,46,70,-24,24
28304,106,114,-8,8
28305,127,130,-3,3
28306,137,145,-8,8
28307,84,88,-4,4
28308,73,92,-19,19
28309,70,82,-12,12
28310,76,88,-12,12
28311,84,95,-11,11
28312,125,116,9,9
28313,73,89,-16,16
28314,176,167,9,9
28315,97,105,-8,8
28316,128,134,-6,6
28317,74,89,-15,15
28318,145,148,-3,3
28319,93,106,-13,13
28320,70,85,-15,15
28321,67,91,-24,24
28322,84,96,-12,12
28323,59,74,-15,15
28324,92,103,-11,11
28325,112,115,-3,3
28326,51,67,-16,16
28327,56,72,-16,16
28328,92,99,-7,7
28329,49,72,-23,23
28330,98,114,-16,16
28331,71,89,-18,18
28332,72,87,-15,15
28333,68,90,-22,22
28334,87,102,-15,15
28335,121,127,-6,6
28336,94,106,-12,12
28337,76,95,-19,19
28338,112,116,-4,4
28339,69,77,-8,8
28340,113,120,-7,7
28341,129,144,-15,15
28342,105,120,-15,15
28343,99,118,-19,19
28344,58,78,-20,20
28345,130,132,-2,2
28346,85,95,-10,10
28347,73,82,-9,9
28348,56,64,-8,8
28349,97,117,-20,20
28350,104,124,-20,20
28351,73,94,-21,21
28352,111,114,-3,3
28353,73,81,-8,8
28354,98,99,-1,1
28355,102,120,-18,18
28356,80,90,-10,10
28357,47,63,-16,16
28358,102,119,-17,17
28359,76,90,-14,14
28360,69,96,-27,27
28361,85,97,-12,12
28362,111,128,-17,17
28363,34,54,-20,20
28364,137,148,-11,11
28365,79,89,-10,10
28366,72,93,-21,21
28367,62,81,-19,19
28368,91,102,-11,11
28369,82,93,-11,11
28370,120,142,-22,22
28371,92,110,-18,18
28372,110,123,-13,13
28373,122,131,-9,9
28374,119,123,-4,4
28375,183,173,10,10
28376,61,80,-19,19
28377,97,101,-4,4
28378,117,131,-14,14
28379,71,83,-12,12
28380,100,106,-6,6
28381,119,123,-4,4
28382,94,96,-2,2
28383,94,108,-14,14
28384,97,97,0,0
28385,62,71,-9,9
28386,74,89,-15,15
28387,104,119,-15,15
28388,143,148,-5,5
28389,74,90,-16,16
28390,126,130,-4,4
28391,64,82,-18,18
28392,97,104,-7,7
28393,82,92,-10,10
28394,56,78,-22,22
28395,98,113,-15,15
28396,139,143,-4,4
28397,102,117,-15,15
28398,100,115,-15,15
28399,115,116,-1,1
28400,138,130,8,8
28401,39,59,-20,20
28402,132,140,-8,8
28403,127,139,-12,12
28404,98,104,-6,6
28405,83,89,-6,6
28406,106,124,-18,18
28407,161,152,9,9
28408,77,80,-3,3
28409,76,102,-26,26
28410,96,99,-3,3
28411,107,119,-12,12
28412,85,252,-167,167
28413,79,93,-14,14
28414,102,109,-7,7
28415,57,70,-13,13
28416,79,91,-12,12
28417,76,98,-22,22
28418,82,99,-17,17
28419,56,69,-13,13
28420,84,94,-10,10
28421,110,112,-2,2
28422,183,160,23,23
28423,118,133,-15,15
28424,100,103,-3,3
28425,109,110,-1,1
28426,101,110,-9,9
28427,57,77,-20,20
28428,89,118,-29,29
28429,148,145,3,3
28430,202,194,8,8
28431,137,149,-12,12
28432,91,98,-7,7
28433,112,128,-16,16
28434,68,86,-18,18
28435,83,93,-10,10
28436,72,87,-15,15
28437,79,88,-9,9
28438,116,126,-10,10
28439,54,71,-17,17
28440,87,101,-14,14
28441,82,96,-14,14
28442,104,114,-10,10
28443,126,131,-5,5
28444,106,118,-12,12
28445,116,118,-2,2
28446,91,108,-17,17
28447,77,87,-10,10
28448,123,148,-25,25
28449,145,147,-2,2
28450,88,96,-8,8
28451,95,120,-25,25
28452,79,99,-20,20
28453,91,109,-18,18
28454,133,132,1,1
28455,165,172,-7,7
28456,61,77,-16,16
28457,63,84,-21,21
28458,120,126,-6,6
28459,54,66,-12,12
28460,145,147,-2,2
28461,130,137,-7,7
28462,68,77,-9,9
28463,55,70,-15,15
28464,90,97,-7,7
28465,102,104,-2,2
28466,52,67,-15,15
28467,102,113,-11,11
28468,162,158,4,4
28469,85,102,-17,17
28470,81,93,-12,12
28471,57,67,-10,10
28472,82,91,-9,9
28473,135,112,23,23
28474,43,61,-18,18
28475,82,88,-6,6
28476,66,82,-16,16
28477,102,110,-8,8
28478,70,82,-12,12
28479,151,149,2,2
28480,127,135,-8,8
28481,77,82,-5,5
28482,137,138,-1,1
28483,83,92,-9,9
28484,183,167,16,16
28485,43,58,-15,15
28486,129,138,-9,9
28487,58,70,-12,12
28488,73,91,-18,18
28489,67,75,-8,8
28490,57,73,-16,16
28491,133,149,-16,16
28492,76,95,-19,19
28493,87,98,-11,11
28494,76,91,-15,15
28495,99,100,-1,1
28496,95,107,-12,12
28497,56,72,-16,16
28498,146,144,2,2
28499,123,115,8,8
28500,93,126,-33,33
28501,71,89,-18,18
28502,97,100,-3,3
28503,122,120,2,2
28504,97,111,-14,14
28505,86,95,-9,9
28506,87,102,-15,15
28507,134,132,2,2
28508,99,117,-18,18
28509,135,142,-7,7
28510,85,95,-10,10
28511,132,141,-9,9
28512,54,69,-15,15
28513,77,98,-21,21
28514,63,81,-18,18
28515,138,146,-8,8
28516,58,72,-14,14
28517,141,141,0,0
28518,161,156,5,5
28519,105,128,-23,23
28520,107,125,-18,18
28521,153,157,-4,4
28522,90,101,-11,11
28523,147,150,-3,3
28524,92,110,-18,18
28525,34,49,-15,15
28526,90,107,-17,17
28527,50,73,-23,23
28528,83,89,-6,6
28529,127,146,-19,19
28530,59,68,-9,9
28531,57,77,-20,20
28532,115,126,-11,11
28533,91,106,-15,15
28534,143,140,3,3
28535,119,120,-1,1
28536,97,109,-12,12
28537,155,150,5,5
28538,128,132,-4,4
28539,67,83,-16,16
28540,60,75,-15,15
28541,103,107,-4,4
28542,128,130,-2,2
28543,100,110,-10,10
28544,71,86,-15,15
28545,85,96,-11,11
28546,74,85,-11,11
28547,172,147,25,25
28548,73,87,-14,14
28549,51,73,-22,22
28550,76,92,-16,16
28551,110,117,-7,7
28552,125,131,-6,6
28553,49,71,-22,22
28554,145,145,0,0
28555,81,89,-8,8
28556,79,116,-37,37
28557,108,116,-8,8
28558,95,105,-10,10
28559,66,72,-6,6
28560,78,90,-12,12
28561,41,63,-22,22
28562,89,94,-5,5
28563,60,76,-16,16
28564,88,94,-6,6
28565,54,77,-23,23
28566,112,116,-4,4
28567,135,129,6,6
28568,123,130,-7,7
28569,76,108,-32,32
28570,82,91,-9,9
28571,38,58,-20,20
28572,51,68,-17,17
28573,33,62,-29,29
28574,100,107,-7,7
28575,64,85,-21,21
28576,98,115,-17,17
28577,104,111,-7,7
28578,108,121,-13,13
28579,112,122,-10,10
28580,54,71,-17,17
28581,75,87,-12,12
28582,89,107,-18,18
28583,137,137,0,0
28584,66,74,-8,8
28585,81,90,-9,9
28586,91,105,-14,14
28587,84,96,-12,12
28588,52,66,-14,14
28589,64,85,-21,21
28590,176,167,9,9
28591,59,74,-15,15
28592,70,79,-9,9
28593,69,77,-8,8
28594,83,120,-37,37
28595,71,90,-19,19
28596,61,78,-17,17
28597,65,81,-16,16
28598,94,129,-35,35
28599,53,67,-14,14
28600,66,75,-9,9
28601,93,104,-11,11
28602,66,78,-12,12
28603,75,85,-10,10
28604,96,112,-16,16
28605,66,78,-12,12
28606,158,141,17,17
28607,80,85,-5,5
28608,67,77,-10,10
28609,67,82,-15,15
28610,79,89,-10,10
28611,57,75,-18,18
28612,66,85,-19,19
28613,44,61,-17,17
28614,59,73,-14,14
28615,150,144,6,6
28616,128,130,-2,2
28617,74,91,-17,17
28618,38,66,-28,28
28619,51,65,-14,14
28620,123,129,-6,6
28621,61,70,-9,9
28622,77,80,-3,3
28623,61,76,-15,15
28624,94,99,-5,5
28625,104,119,-15,15
28626,62,86,-24,24
28627,115,116,-1,1
28628,122,115,7,7
28629,96,110,-14,14
28630,84,99,-15,15
28631,119,129,-10,10
28632,99,106,-7,7
28633,85,93,-8,8
28634,118,119,-1,1
28635,144,139,5,5
28636,54,72,-18,18
28637,152,148,4,4
28638,47,70,-23,23
28639,67,75,-8,8
28640,81,92,-11,11
28641,125,132,-7,7
28642,104,109,-5,5
28643,63,84,-21,21
28644,71,75,-4,4
28645,56,78,-22,22
28646,144,145,-1,1
28647,125,142,-17,17
28648,64,73,-9,9
28649,108,106,2,2
28650,87,93,-6,6
28651,66,88,-22,22
28652,83,98,-15,15
28653,102,112,-10,10
28654,120,127,-7,7
28655,114,123,-9,9
28656,114,120,-6,6
28657,148,148,0,0
28658,100,107,-7,7
28659,76,91,-15,15
28660,53,78,-25,25
28661,104,117,-13,13
28662,101,113,-12,12
28663,93,107,-14,14
28664,50,64,-14,14
28665,47,65,-18,18
28666,137,146,-9,9
28667,109,114,-5,5
28668,83,108,-25,25
28669,32,51,-19,19
28670,69,80,-11,11
28671,92,101,-9,9
28672,78,96,-18,18
28673,96,120,-24,24
28674,92,102,-10,10
28675,53,71,-18,18
28676,144,147,-3,3
28677,107,109,-2,2
28678,112,117,-5,5
28679,72,77,-5,5
28680,108,112,-4,4
28681,84,94,-10,10
28682,54,70,-16,16
28683,82,132,-50,50
28684,98,99,-1,1
28685,73,90,-17,17
28686,50,75,-25,25
28687,89,100,-11,11
28688,66,77,-11,11
28689,140,146,-6,6
28690,97,108,-11,11
28691,77,96,-19,19
28692,106,101,5,5
28693,73,87,-14,14
28694,122,127,-5,5
28695,80,91,-11,11
28696,60,74,-14,14
28697,90,96,-6,6
28698,83,97,-14,14
28699,86,98,-12,12
28700,33,52,-19,19
28701,134,135,-1,1
28702,117,128,-11,11
28703,60,73,-13,13
28704,116,122,-6,6
28705,110,129,-19,19
28706,129,135,-6,6
28707,88,98,-10,10
28708,76,86,-10,10
28709,171,160,11,11
28710,98,102,-4,4
28711,100,106,-6,6
28712,66,82,-16,16
28713,140,138,2,2
28714,101,99,2,2
28715,61,74,-13,13
28716,89,99,-10,10
28717,93,107,-14,14
28718,101,103,-2,2
28719,63,88,-25,25
28720,85,102,-17,17
28721,94,111,-17,17
28722,114,145,-31,31
28723,104,120,-16,16
28724,78,90,-12,12
28725,108,135,-27,27
28726,57,70,-13,13
28727,38,60,-22,22
28728,69,91,-22,22
28729,106,119,-13,13
28730,77,92,-15,15
28731,235,229,6,6
28732,98,108,-10,10
28733,111,122,-11,11
28734,70,98,-28,28
28735,102,110,-8,8
28736,92,107,-15,15
28737,67,89,-22,22
28738,83,99,-16,16
28739,71,90,-19,19
28740,92,94,-2,2
28741,59,74,-15,15
28742,90,99,-9,9
28743,71,83,-12,12
28744,52,73,-21,21
28745,109,110,-1,1
28746,105,123,-18,18
28747,79,89,-10,10
28748,81,86,-5,5
28749,84,102,-18,18
28750,80,86,-6,6
28751,56,79,-23,23
28752,84,92,-8,8
28753,44,65,-21,21
28754,85,98,-13,13
28755,62,85,-23,23
28756,83,92,-9,9
28757,59,90,-31,31
28758,92,98,-6,6
28759,99,114,-15,15
28760,131,149,-18,18
28761,58,76,-18,18
28762,164,152,12,12
28763,132,128,4,4
28764,73,86,-13,13
28765,82,96,-14,14
28766,57,72,-15,15
28767,97,120,-23,23
28768,26,53,-27,27
28769,107,112,-5,5
28770,88,98,-10,10
28771,84,96,-12,12
28772,82,101,-19,19
28773,141,153,-12,12
28774,78,84,-6,6
28775,146,147,-1,1
28776,84,90,-6,6
28777,93,97,-4,4
28778,74,87,-13,13
28779,139,137,2,2
28780,125,134,-9,9
28781,65,81,-16,16
28782,101,119,-18,18
28783,114,134,-20,20
28784,54,71,-17,17
28785,99,99,0,0
28786,83,92,-9,9
28787,128,131,-3,3
28788,90,104,-14,14
28789,77,90,-13,13
28790,68,75,-7,7
28791,78,107,-29,29
28792,76,85,-9,9
28793,85,97,-12,12
28794,106,117,-11,11
28795,207,174,33,33
28796,105,115,-10,10
28797,110,121,-11,11
28798,86,91,-5,5
28799,166,147,19,19
28800,118,130,-12,12
28801,99,103,-4,4
28802,80,102,-22,22
28803,27,61,-34,34
28804,125,124,1,1
28805,92,104,-12,12
28806,85,92,-7,7
28807,91,101,-10,10
28808,61,73,-12,12
28809,86,94,-8,8
28810,50,67,-17,17
28811,101,114,-13,13
28812,79,80,-1,1
28813,82,110,-28,28
28814,63,73,-10,10
28815,100,103,-3,3
28816,103,96,7,7
28817,150,146,4,4
28818,86,88,-2,2
28819,72,91,-19,19
28820,54,71,-17,17
28821,136,147,-11,11
28822,60,69,-9,9
28823,118,124,-6,6
28824,64,73,-9,9
28825,78,87,-9,9
28826,76,81,-5,5
28827,145,147,-2,2
28828,62,85,-23,23
28829,98,110,-12,12
28830,100,111,-11,11
28831,142,145,-3,3
28832,77,100,-23,23
28833,81,99,-18,18
28834,79,94,-15,15
28835,78,92,-14,14
28836,84,100,-16,16
28837,63,80,-17,17
28838,94,106,-12,12
28839,89,95,-6,6
28840,78,92,-14,14
28841,132,146,-14,14
28842,151,148,3,3
28843,156,151,5,5
28844,41,71,-30,30
28845,106,118,-12,12
28846,99,107,-8,8
28847,42,62,-20,20
28848,79,87,-8,8
28849,60,87,-27,27
28850,136,146,-10,10
28851,130,139,-9,9
28852,136,146,-10,10
28853,81,87,-6,6
28854,112,121,-9,9
28855,60,84,-24,24
28856,93,89,4,4
28857,103,116,-13,13
28858,180,164,16,16
28859,93,102,-9,9
28860,172,162,10,10
28861,95,127,-32,32
28862,79,99,-20,20
28863,55,76,-21,21
28864,105,117,-12,12
28865,118,126,-8,8
28866,111,119,-8,8
28867,66,85,-19,19
28868,146,137,9,9
28869,81,127,-46,46
28870,75,85,-10,10
28871,79,96,-17,17
28872,64,74,-10,10
28873,97,111,-14,14
28874,103,114,-11,11
28875,68,82,-14,14
28876,74,91,-17,17
28877,80,82,-2,2
28878,90,90,0,0
28879,59,69,-10,10
28880,109,124,-15,15
28881,90,99,-9,9
28882,71,93,-22,22
28883,108,118,-10,10
28884,83,94,-11,11
28885,130,134,-4,4
28886,85,97,-12,12
28887,49,74,-25,25
28888,73,83,-10,10
28889,104,117,-13,13
28890,131,140,-9,9
28891,69,87,-18,18
28892,102,107,-5,5
28893,74,84,-10,10
28894,58,74,-16,16
28895,167,154,13,13
28896,144,146,-2,2
28897,108,119,-11,11
28898,70,86,-16,16
28899,84,97,-13,13
28900,50,65,-15,15
28901,68,85,-17,17
28902,128,143,-15,15
28903,106,124,-18,18
28904,63,77,-14,14
28905,61,131,-70,70
28906,82,92,-10,10
28907,100,117,-17,17
28908,92,98,-6,6
28909,75,97,-22,22
28910,132,137,-5,5
28911,85,104,-19,19
28912,183,168,15,15
28913,115,120,-5,5
28914,125,140,-15,15
28915,99,108,-9,9
28916,102,112,-10,10
28917,125,137,-12,12
28918,75,89,-14,14
28919,173,162,11,11
28920,66,85,-19,19
28921,90,93,-3,3
28922,88,101,-13,13
28923,124,139,-15,15
28924,70,83,-13,13
28925,93,96,-3,3
28926,64,75,-11,11
28927,60,70,-10,10
28928,134,144,-10,10
28929,104,107,-3,3
28930,44,62,-18,18
28931,109,107,2,2
28932,68,81,-13,13
28933,81,94,-13,13
28934,103,117,-14,14
28935,99,116,-17,17
28936,80,91,-11,11
28937,104,122,-18,18
28938,67,86,-19,19
28939,126,131,-5,5
28940,53,68,-15,15
28941,135,140,-5,5
28942,95,100,-5,5
28943,95,109,-14,14
28944,63,81,-18,18
28945,140,135,5,5
28946,71,94,-23,23
28947,79,92,-13,13
28948,47,92,-45,45
28949,87,114,-27,27
28950,57,73,-16,16
28951,81,94,-13,13
28952,53,69,-16,16
28953,88,108,-20,20
28954,109,122,-13,13
28955,85,98,-13,13
28956,114,123,-9,9
28957,81,97,-16,16
28958,85,105,-20,20
28959,95,104,-9,9
28960,61,85,-24,24
28961,65,80,-15,15
28962,47,73,-26,26
28963,57,69,-12,12
28964,66,90,-24,24
28965,86,102,-16,16
28966,76,86,-10,10
28967,143,141,2,2
28968,79,110,-31,31
28969,87,88,-1,1
28970,99,110,-11,11
28971,103,126,-23,23
28972,83,90,-7,7
28973,116,124,-8,8
28974,128,133,-5,5
28975,159,153,6,6
28976,113,114,-1,1
28977,124,128,-4,4
28978,81,100,-19,19
28979,66,71,-5,5
28980,82,84,-2,2
28981,58,76,-18,18
28982,101,124,-23,23
28983,67,95,-28,28
28984,97,98,-1,1
28985,78,92,-14,14
28986,104,121,-17,17
28987,117,126,-9,9
28988,82,103,-21,21
28989,125,137,-12,12
28990,152,152,0,0
28991,92,104,-12,12
28992,128,128,0,0
28993,68,84,-16,16
28994,101,105,-4,4
28995,96,107,-11,11
28996,98,108,-10,10
28997,134,133,1,1
28998,106,120,-14,14
28999,54,71,-17,17
29000,88,108,-20,20
29001,66,78,-12,12
29002,99,108,-9,9
29003,82,101,-19,19
29004,118,134,-16,16
29005,66,79,-13,13
29006,96,105,-9,9
29007,139,147,-8,8
29008,25,55,-30,30
29009,123,123,0,0
29010,130,137,-7,7
29011,92,102,-10,10
29012,80,95,-15,15
29013,67,78,-11,11
29014,71,84,-13,13
29015,92,104,-12,12
29016,113,116,-3,3
29017,67,97,-30,30
29018,58,74,-16,16
29019,39,102,-63,63
29020,78,94,-16,16
29021,113,111,2,2
29022,50,65,-15,15
29023,66,77,-11,11
29024,88,97,-9,9
29025,88,116,-28,28
29026,131,126,5,5
29027,64,92,-28,28
29028,91,104,-13,13
29029,101,104,-3,3
29030,110,114,-4,4
29031,56,75,-19,19
29032,77,91,-14,14
29033,129,135,-6,6
29034,91,115,-24,24
29035,97,114,-17,17
29036,98,109,-11,11
29037,75,90,-15,15
29038,109,107,2,2
29039,64,87,-23,23
29040,71,86,-15,15
29041,54,72,-18,18
29042,59,76,-17,17
29043,145,147,-2,2
29044,86,92,-6,6
29045,56,71,-15,15
29046,79,98,-19,19
29047,114,124,-10,10
29048,65,87,-22,22
29049,104,111,-7,7
29050,61,83,-22,22
29051,155,155,0,0
29052,106,108,-2,2
29053,48,83,-35,35
29054,173,148,25,25
29055,31,61,-30,30
29056,87,103,-16,16
29057,147,148,-1,1
29058,79,91,-12,12
29059,92,113,-21,21
29060,100,101,-1,1
29061,118,138,-20,20
29062,83,93,-10,10
29063,72,86,-14,14
29064,101,107,-6,6
29065,83,99,-16,16
29066,94,108,-14,14
29067,103,119,-16,16
29068,73,86,-13,13
29069,179,167,12,12
29070,115,115,0,0
29071,85,95,-10,10
29072,101,110,-9,9
29073,130,138,-8,8
29074,155,159,-4,4
29075,65,77,-12,12
29076,116,130,-14,14
29077,71,95,-24,24
29078,78,95,-17,17
29079,129,137,-8,8
29080,78,84,-6,6
29081,141,142,-1,1
29082,139,137,2,2
29083,90,99,-9,9
29084,174,159,15,15
29085,92,103,-11,11
29086,76,89,-13,13
29087,40,63,-23,23
29088,36,54,-18,18
29089,78,83,-5,5
29090,89,103,-14,14
29091,63,82,-19,19
29092,79,86,-7,7
29093,127,125,2,2
29094,61,81,-20,20
29095,118,90,28,28
29096,112,110,2,2
29097,131,134,-3,3
29098,78,91,-13,13
29099,95,104,-9,9
29100,75,85,-10,10
29101,170,158,12,12
29102,97,108,-11,11
29103,62,76,-14,14
29104,130,132,-2,2
29105,116,139,-23,23
29106,72,93,-21,21
29107,89,97,-8,8
29108,95,112,-17,17
29109,82,97,-15,15
29110,54,73,-19,19
29111,102,112,-10,10
29112,106,115,-9,9
29113,138,141,-3,3
29114,90,104,-14,14
29115,53,78,-25,25
29116,111,113,-2,2
29117,91,100,-9,9
29118,84,101,-17,17
29119,116,116,0,0
29120,119,122,-3,3
29121,82,94,-12,12
29122,102,107,-5,5
29123,64,80,-16,16
29124,40,67,-27,27
29125,104,119,-15,15
29126,73,88,-15,15
29127,92,98,-6,6
29128,127,118,9,9
29129,155,150,5,5
29130,82,93,-11,11
29131,86,101,-15,15
29132,61,71,-10,10
29133,136,133,3,3
29134,123,143,-20,20
29135,40,68,-28,28
29136,103,106,-3,3
29137,145,149,-4,4
29138,92,114,-22,22
29139,60,93,-33,33
29140,71,82,-11,11
29141,63,76,-13,13
29142,51,68,-17,17
29143,92,103,-11,11
29144,48,72,-24,24
29145,66,70,-4,4
29146,165,152,13,13
29147,114,117,-3,3
29148,48,73,-25,25
29149,121,128,-7,7
29150,134,139,-5,5
29151,68,81,-13,13
29152,34,61,-27,27
29153,68,77,-9,9
29154,72,89,-17,17
29155,63,76,-13,13
29156,59,82,-23,23
29157,94,104,-10,10
29158,59,73,-14,14
29159,77,99,-22,22
29160,119,121,-2,2
29161,134,140,-6,6
29162,120,126,-6,6
29163,90,97,-7,7
29164,79,94,-15,15
29165,70,85,-15,15
29166,103,110,-7,7
29167,111,108,3,3
29168,62,77,-15,15
29169,139,134,5,5
29170,138,147,-9,9
29171,213,205,8,8
29172,73,85,-12,12
29173,116,127,-11,11
29174,135,141,-6,6
29175,77,89,-12,12
29176,89,94,-5,5
29177,40,55,-15,15
29178,82,89,-7,7
29179,101,117,-16,16
29180,81,112,-31,31
29181,159,154,5,5
29182,89,106,-17,17
29183,74,93,-19,19
29184,106,113,-7,7
29185,53,74,-21,21
29186,98,130,-32,32
29187,96,106,-10,10
29188,116,131,-15,15
29189,68,84,-16,16
29190,74,89,-15,15
29191,167,163,4,4
29192,90,110,-20,20
29193,106,111,-5,5
29194,62,73,-11,11
29195,46,66,-20,20
29196,68,88,-20,20
29197,73,83,-10,10
29198,78,93,-15,15
29199,58,71,-13,13
29200,129,131,-2,2
29201,79,104,-25,25
29202,92,102,-10,10
29203,34,64,-30,30
29204,81,71,10,10
29205,73,81,-8,8
29206,171,164,7,7
29207,90,109,-19,19
29208,70,95,-25,25
29209,199,195,4,4
29210,68,78,-10,10
29211,161,155,6,6
29212,46,60,-14,14
29213,61,77,-16,16
29214,112,117,-5,5
29215,133,134,-1,1
29216,91,95,-4,4
29217,80,105,-25,25
29218,160,148,12,12
29219,90,99,-9,9
29220,103,105,-2,2
29221,87,90,-3,3
29222,148,147,1,1
29223,183,146,37,37
29224,87,97,-10,10
29225,161,154,7,7
29226,80,89,-9,9
29227,128,137,-9,9
29228,123,128,-5,5
29229,159,150,9,9
29230,48,61,-13,13
29231,77,89,-12,12
29232,87,99,-12,12
29233,53,65,-12,12
29234,118,121,-3,3
29235,89,88,1,1
29236,76,86,-10,10
29237,145,145,0,0
29238,125,123,2,2
29239,97,117,-20,20
29240,49,71,-22,22
29241,62,90,-28,28
29242,81,97,-16,16
29243,136,144,-8,8
29244,100,118,-18,18
29245,187,191,-4,4
29246,105,122,-17,17
29247,176,157,19,19
29248,113,120,-7,7
29249,115,134,-19,19
29250,86,102,-16,16
29251,120,120,0,0
29252,74,95,-21,21
29253,86,111,-25,25
29254,99,122,-23,23
29255,70,81,-11,11
29256,109,123,-14,14
29257,110,111,-1,1
29258,102,113,-11,11
29259,156,150,6,6
29260,107,121,-14,14
29261,53,69,-16,16
29262,121,122,-1,1
29263,97,119,-22,22
29264,103,123,-20,20
29265,66,77,-11,11
29266,108,136,-28,28
29267,59,80,-21,21
29268,64,82,-18,18
29269,70,85,-15,15
29270,86,95,-9,9
29271,118,124,-6,6
29272,61,81,-20,20
29273,120,120,0,0
29274,112,120,-8,8
29275,176,154,22,22
29276,61,75,-14,14
29277,89,113,-24,24
29278,115,112,3,3
29279,112,114,-2,2
29280,110,118,-8,8
29281,92,102,-10,10
29282,124,127,-3,3
29283,60,75,-15,15
29284,70,79,-9,9
29285,98,101,-3,3
29286,77,92,-15,15
29287,60,71,-11,11
29288,149,149,0,0
29289,135,140,-5,5
29290,71,84,-13,13
29291,47,70,-23,23
29292,141,138,3,3
29293,76,97,-21,21
29294,85,94,-9,9
29295,66,81,-15,15
29296,86,97,-11,11
29297,144,145,-1,1
29298,74,94,-20,20
29299,181,165,16,16
29300,79,94,-15,15
29301,106,112,-6,6
29302,138,140,-2,2
29303,91,94,-3,3
29304,76,87,-11,11
29305,140,138,2,2
29306,77,91,-14,14
29307,54,81,-27,27
29308,71,90,-19,19
29309,110,109,1,1
29310,90,96,-6,6
29311,116,129,-13,13
29312,83,91,-8,8
29313,59,79,-20,20
29314,92,102,-10,10
29315,144,145,-1,1
29316,67,73,-6,6
29317,105,112,-7,7
29318,62,75,-13,13
29319,136,138,-2,2
29320,111,122,-11,11
29321,64,85,-21,21
29322,73,73,0,0
29323,86,105,-19,19
29324,84,97,-13,13
29325,74,90,-16,16
29326,135,141,-6,6
29327,119,120,-1,1
29328,83,102,-19,19
29329,102,111,-9,9
29330,84,104,-20,20
29331,66,128,-62,62
29332,47,60,-13,13
29333,97,105,-8,8
29334,106,119,-13,13
29335,75,89,-14,14
29336,108,132,-24,24
29337,154,149,5,5
29338,91,99,-8,8
29339,75,96,-21,21
29340,155,147,8,8
29341,75,98,-23,23
29342,211,184,27,27
29343,69,79,-10,10
29344,52,68,-16,16
29345,84,85,-1,1
29346,89,99,-10,10
29347,79,93,-14,14
29348,78,95,-17,17
29349,90,101,-11,11
29350,305,263,42,42
29351,83,97,-14,14
29352,193,188,5,5
29353,124,138,-14,14
29354,46,63,-17,17
29355,85,93,-8,8
29356,84,96,-12,12
29357,98,107,-9,9
29358,72,86,-14,14
29359,60,72,-12,12
29360,102,109,-7,7
29361,92,103,-11,11
29362,102,111,-9,9
29363,74,103,-29,29
29364,114,115,-1,1
29365,86,105,-19,19
29366,114,127,-13,13
29367,151,159,-8,8
29368,91,107,-16,16
29369,78,84,-6,6
29370,153,149,4,4
29371,80,106,-26,26
29372,108,119,-11,11
29373,88,88,0,0
29374,153,147,6,6
29375,71,96,-25,25
29376,95,113,-18,18
29377,127,126,1,1
29378,139,147,-8,8
29379,46,64,-18,18
29380,124,128,-4,4
29381,93,105,-12,12
29382,114,118,-4,4
29383,93,103,-10,10
29384,67,77,-10,10
29385,110,121,-11,11
29386,63,78,-15,15
29387,70,79,-9,9
29388,87,95,-8,8
29389,122,127,-5,5
29390,107,123,-16,16
29391,153,148,5,5
29392,94,103,-9,9
29393,101,112,-11,11
29394,78,94,-16,16
29395,82,105,-23,23
29396,88,95,-7,7
29397,94,102,-8,8
29398,37,66,-29,29
29399,67,82,-15,15
29400,85,94,-9,9
29401,105,104,1,1
29402,40,73,-33,33
29403,194,167,27,27
29404,123,131,-8,8
29405,87,96,-9,9
29406,102,108,-6,6
29407,145,141,4,4
29408,68,81,-13,13
29409,159,147,12,12
29410,82,92,-10,10
29411,83,88,-5,5
29412,82,97,-15,15
29413,69,80,-11,11
29414,103,118,-15,15
29415,105,114,-9,9
29416,100,125,-25,25
29417,55,67,-12,12
29418,80,95,-15,15
29419,73,91,-18,18
29420,51,60,-9,9
29421,124,129,-5,5
29422,52,68,-16,16
29423,115,148,-33,33
29424,116,118,-2,2
29425,101,115,-14,14
29426,63,70,-7,7
29427,52,71,-19,19
29428,84,91,-7,7
29429,142,147,-5,5
29430,71,89,-18,18
29431,82,102,-20,20
29432,85,105,-20,20
29433,74,88,-14,14
29434,61,68,-7,7
29435,107,123,-16,16
29436,98,107,-9,9
29437,80,93,-13,13
29438,69,90,-21,21
29439,64,80,-16,16
29440,137,137,0,0
29441,77,88,-11,11
29442,94,114,-20,20
29443,86,99,-13,13
29444,60,79,-19,19
29445,54,78,-24,24
29446,62,78,-16,16
29447,86,104,-18,18
29448,60,74,-14,14
29449,64,76,-12,12
29450,91,106,-15,15
29451,71,83,-12,12
29452,78,101,-23,23
29453,104,112,-8,8
29454,103,115,-12,12
29455,167,169,-2,2
29456,129,123,6,6
29457,125,150,-25,25
29458,108,128,-20,20
29459,77,90,-13,13
29460,121,129,-8,8
29461,77,87,-10,10
29462,61,81,-20,20
29463,67,86,-19,19
29464,96,103,-7,7
29465,113,134,-21,21
29466,70,84,-14,14
29467,79,88,-9,9
29468,91,108,-17,17
29469,86,106,-20,20
29470,74,86,-12,12
29471,78,97,-19,19
29472,117,121,-4,4
29473,82,83,-1,1
29474,79,93,-14,14
29475,138,151,-13,13
29476,92,95,-3,3
29477,69,82,-13,13
29478,81,102,-21,21
29479,73,91,-18,18
29480,100,113,-13,13
29481,51,62,-11,11
29482,60,78,-18,18
29483,109,111,-2,2
29484,131,139,-8,8
29485,71,91,-20,20
29486,77,97,-20,20
29487,97,121,-24,24
29488,69,83,-14,14
29489,124,125,-1,1
29490,69,83,-14,14
29491,131,135,-4,4
29492,87,101,-14,14
29493,178,170,8,8
29494,111,126,-15,15
29495,122,120,2,2
29496,155,148,7,7
29497,136,125,11,11
29498,113,136,-23,23
29499,64,85,-21,21
29500,111,118,-7,7
29501,94,103,-9,9
29502,58,76,-18,18
29503,89,96,-7,7
29504,82,94,-12,12
29505,87,107,-20,20
29506,50,74,-24,24
29507,79,86,-7,7
29508,140,134,6,6
29509,134,183,-49,49
29510,119,122,-3,3
29511,140,148,-8,8
29512,119,128,-9,9
29513,52,68,-16,16
29514,124,145,-21,21
29515,131,129,2,2
29516,45,66,-21,21
29517,70,83,-13,13
29518,99,111,-12,12
29519,82,93,-11,11
29520,73,81,-8,8
29521,120,136,-16,16
29522,107,123,-16,16
29523,88,102,-14,14
29524,82,91,-9,9
29525,59,74,-15,15
29526,90,110,-20,20
29527,56,77,-21,21
29528,113,122,-9,9
29529,78,83,-5,5
29530,61,81,-20,20
29531,89,102,-13,13
29532,44,66,-22,22
29533,62,74,-12,12
29534,111,124,-13,13
29535,75,89,-14,14
29536,74,86,-12,12
29537,79,84,-5,5
29538,89,104,-15,15
29539,94,104,-10,10
29540,116,121,-5,5
29541,120,121,-1,1
29542,180,163,17,17
29543,48,60,-12,12
29544,85,98,-13,13
29545,112,113,-1,1
29546,114,123,-9,9
29547,78,91,-13,13
29548,111,136,-25,25
29549,71,87,-16,16
29550,64,83,-19,19
29551,47,63,-16,16
29552,85,99,-14,14
29553,90,110,-20,20
29554,137,134,3,3
29555,138,145,-7,7
29556,64,79,-15,15
29557,78,91,-13,13
29558,42,56,-14,14
29559,98,103,-5,5
29560,59,65,-6,6
29561,76,98,-22,22
29562,106,112,-6,6
29563,33,56,-23,23
29564,121,130,-9,9
29565,108,113,-5,5
29566,76,93,-17,17
29567,64,79,-15,15
29568,73,77,-4,4
29569,112,122,-10,10
29570,105,113,-8,8
29571,59,83,-24,24
29572,205,174,31,31
29573,78,100,-22,22
29574,79,98,-19,19
29575,123,129,-6,6
29576,83,101,-18,18
29577,115,129,-14,14
29578,75,88,-13,13
29579,86,101,-15,15
29580,111,133,-22,22
29581,82,123,-41,41
29582,157,152,5,5
29583,58,73,-15,15
29584,101,108,-7,7
29585,99,112,-13,13
29586,96,108,-12,12
29587,133,148,-15,15
29588,93,104,-11,11
29589,79,86,-7,7
29590,87,89,-2,2
29591,101,119,-18,18
29592,73,89,-16,16
29593,76,88,-12,12
29594,110,113,-3,3
29595,100,109,-9,9
29596,87,101,-14,14
29597,126,139,-13,13
29598,81,87,-6,6
29599,70,93,-23,23
29600,139,147,-8,8
29601,74,88,-14,14
29602,147,130,17,17
29603,92,100,-8,8
29604,133,124,9,9
29605,87,98,-11,11
29606,96,110,-14,14
29607,70,114,-44,44
29608,75,95,-20,20
29609,121,125,-4,4
29610,88,98,-10,10
29611,96,113,-17,17
29612,196,152,44,44
29613,90,106,-16,16
29614,110,122,-12,12
29615,59,69,-10,10
29616,131,136,-5,5
29617,56,69,-13,13
29618,98,116,-18,18
29619,94,99,-5,5
29620,73,92,-19,19
29621,52,65,-13,13
29622,97,102,-5,5
29623,119,123,-4,4
29624,94,98,-4,4
29625,144,147,-3,3
29626,128,134,-6,6
29627,81,92,-11,11
29628,101,107,-6,6
29629,138,138,0,0
29630,68,78,-10,10
29631,124,121,3,3
29632,61,91,-30,30
29633,118,117,1,1
29634,69,85,-16,16
29635,84,95,-11,11
29636,175,153,22,22
29637,54,69,-15,15
29638,72,100,-28,28
29639,82,88,-6,6
29640,102,107,-5,5
29641,107,119,-12,12
29642,110,118,-8,8
29643,128,135,-7,7
29644,132,140,-8,8
29645,80,88,-8,8
29646,60,77,-17,17
29647,54,70,-16,16
29648,89,105,-16,16
29649,90,108,-18,18
29650,62,92,-30,30
29651,64,94,-30,30
29652,74,81,-7,7
29653,123,197,-74,74
29654,77,89,-12,12
29655,79,88,-9,9
29656,88,102,-14,14
29657,77,102,-25,25
29658,96,114,-18,18
29659,80,95,-15,15
29660,104,109,-5,5
29661,46,70,-24,24
29662,70,91,-21,21
29663,93,111,-18,18
29664,103,107,-4,4
29665,117,117,0,0
29666,80,97,-17,17
29667,93,103,-10,10
29668,88,102,-14,14
29669,101,104,-3,3
29670,69,87,-18,18
29671,97,105,-8,8
29672,56,69,-13,13
29673,101,111,-10,10
29674,122,128,-6,6
29675,95,116,-21,21
29676,113,125,-12,12
29677,150,150,0,0
29678,164,161,3,3
29679,87,102,-15,15
29680,128,131,-3,3
29681,66,82,-16,16
29682,68,74,-6,6
29683,120,125,-5,5
29684,151,150,1,1
29685,72,80,-8,8
29686,89,107,-18,18
29687,231,202,29,29
29688,49,81,-32,32
29689,68,81,-13,13
29690,81,91,-10,10
29691,96,113,-17,17
29692,123,121,2,2
29693,88,96,-8,8
29694,188,176,12,12
29695,78,86,-8,8
29696,78,91,-13,13
29697,105,118,-13,13
29698,102,110,-8,8
29699,74,94,-20,20
29700,74,91,-17,17
29701,63,83,-20,20
29702,106,114,-8,8
29703,90,94,-4,4
29704,100,109,-9,9
29705,106,114,-8,8
29706,74,92,-18,18
29707,75,92,-17,17
29708,119,139,-20,20
29709,115,125,-10,10
29710,125,126,-1,1
29711,106,111,-5,5
29712,113,127,-14,14
29713,81,92,-11,11
29714,84,93,-9,9
29715,79,101,-22,22
29716,129,130,-1,1
29717,55,70,-15,15
29718,99,112,-13,13
29719,88,102,-14,14
29720,129,122,7,7
29721,92,103,-11,11
29722,113,127,-14,14
29723,67,85,-18,18
29724,96,117,-21,21
29725,64,86,-22,22
29726,132,148,-16,16
29727,172,154,18,18
29728,104,120,-16,16
29729,83,90,-7,7
29730,70,98,-28,28
29731,104,117,-13,13
29732,78,85,-7,7
29733,66,98,-32,32
29734,81,93,-12,12
29735,63,81,-18,18
29736,74,92,-18,18
29737,109,110,-1,1
29738,70,81,-11,11
29739,91,98,-7,7
29740,95,106,-11,11
29741,76,94,-18,18
29742,68,81,-13,13
29743,92,103,-11,11
29744,65,77,-12,12
29745,36,58,-22,22
29746,105,114,-9,9
29747,110,120,-10,10
29748,121,125,-4,4
29749,49,62,-13,13
29750,98,101,-3,3
29751,117,120,-3,3
29752,52,120,-68,68
29753,84,98,-14,14
29754,148,148,0,0
29755,63,76,-13,13
29756,63,85,-22,22
29757,92,106,-14,14
29758,85,93,-8,8
29759,93,102,-9,9
29760,88,92,-4,4
29761,80,96,-16,16
29762,83,96,-13,13
29763,61,81,-20,20
29764,76,90,-14,14
29765,81,102,-21,21
29766,75,79,-4,4
29767,61,69,-8,8
29768,110,115,-5,5
29769,91,98,-7,7
29770,63,73,-10,10
29771,126,137,-11,11
29772,102,105,-3,3
29773,102,109,-7,7
29774,107,111,-4,4
29775,49,68,-19,19
29776,71,93,-22,22
29777,70,99,-29,29
29778,94,113,-19,19
29779,201,186,15,15
29780,80,95,-15,15
29781,62,72,-10,10
29782,97,106,-9,9
29783,77,92,-15,15
29784,74,94,-20,20
29785,55,73,-18,18
29786,88,99,-11,11
29787,27,55,-28,28
29788,64,77,-13,13
29789,95,122,-27,27
29790,74,89,-15,15
29791,99,120,-21,21
29792,68,82,-14,14
29793,65,79,-14,14
29794,97,110,-13,13
29795,73,81,-8,8
29796,88,108,-20,20
29797,121,136,-15,15
29798,102,106,-4,4
29799,101,119,-18,18
29800,78,97,-19,19
29801,156,148,8,8
29802,76,95,-19,19
29803,66,81,-15,15
29804,91,110,-19,19
29805,82,90,-8,8
29806,150,149,1,1
29807,46,63,-17,17
29808,164,160,4,4
29809,134,141,-7,7
29810,124,126,-2,2
29811,75,89,-14,14
29812,64,86,-22,22
29813,207,191,16,16
29814,125,135,-10,10
29815,143,142,1,1
29816,79,87,-8,8
29817,62,77,-15,15
29818,149,151,-2,2
29819,136,142,-6,6
29820,48,66,-18,18
29821,117,118,-1,1
29822,50,69,-19,19
29823,88,97,-9,9
29824,62,78,-16,16
29825,37,60,-23,23
29826,142,139,3,3
29827,59,75,-16,16
29828,123,130,-7,7
29829,78,90,-12,12
29830,117,121,-4,4
29831,84,101,-17,17
29832,191,172,19,19
29833,176,158,18,18
29834,68,75,-7,7
29835,58,68,-10,10
29836,74,87,-13,13
29837,166,160,6,6
29838,178,163,15,15
29839,102,113,-11,11
29840,106,111,-5,5
29841,121,137,-16,16
29842,157,153,4,4
29843,60,70,-10,10
29844,116,118,-2,2
29845,133,144,-11,11
29846,50,66,-16,16
29847,90,106,-16,16
29848,138,138,0,0
29849,216,204,12,12
29850,114,126,-12,12
29851,107,116,-9,9
29852,68,75,-7,7
29853,52,75,-23,23
29854,139,140,-1,1
29855,98,103,-5,5
29856,143,143,0,0
29857,97,99,-2,2
29858,80,96,-16,16
29859,60,72,-12,12
29860,104,113,-9,9
29861,102,122,-20,20
29862,155,151,4,4
29863,157,149,8,8
29864,122,120,2,2
29865,89,99,-10,10
29866,68,85,-17,17
29867,68,83,-15,15
29868,102,118,-16,16
29869,107,126,-19,19
29870,62,74,-12,12
29871,145,150,-5,5
29872,92,101,-9,9
29873,113,118,-5,5
29874,72,79,-7,7
29875,67,81,-14,14
29876,86,99,-13,13
29877,78,96,-18,18
29878,94,110,-16,16
29879,103,105,-2,2
29880,145,151,-6,6
29881,74,93,-19,19
29882,128,139,-11,11
29883,146,132,14,14
29884,54,74,-20,20
29885,162,152,10,10
29886,150,150,0,0
29887,57,79,-22,22
29888,118,129,-11,11
29889,37,59,-22,22
29890,121,119,2,2
29891,130,129,1,1
29892,62,79,-17,17
29893,66,80,-14,14
29894,119,115,4,4
29895,120,122,-2,2
29896,100,123,-23,23
29897,121,140,-19,19
29898,85,111,-26,26
29899,99,106,-7,7
29900,63,82,-19,19
29901,98,102,-4,4
29902,62,76,-14,14
29903,78,91,-13,13
29904,61,73,-12,12
29905,110,114,-4,4
29906,90,104,-14,14
29907,125,113,12,12
29908,59,69,-10,10
29909,83,90,-7,7
29910,103,123,-20,20
29911,66,78,-12,12
29912,131,139,-8,8
29913,72,90,-18,18
29914,56,75,-19,19
29915,110,127,-17,17
29916,72,92,-20,20
29917,120,134,-14,14
29918,82,97,-15,15
29919,79,98,-19,19
29920,169,160,9,9
29921,140,150,-10,10
29922,139,141,-2,2
29923,53,74,-21,21
29924,93,114,-21,21
29925,95,99,-4,4
29926,91,102,-11,11
29927,96,102,-6,6
29928,115,123,-8,8
29929,80,85,-5,5
29930,61,78,-17,17
29931,125,139,-14,14
29932,79,88,-9,9
29933,113,115,-2,2
29934,113,133,-20,20
29935,79,93,-14,14
29936,143,140,3,3
29937,69,96,-27,27
29938,71,107,-36,36
29939,67,82,-15,15
29940,53,65,-12,12
29941,132,147,-15,15
29942,129,132,-3,3
29943,85,99,-14,14
29944,107,116,-9,9
29945,143,143,0,0
29946,57,65,-8,8
29947,99,111,-12,12
29948,54,73,-19,19
29949,102,119,-17,17
29950,64,78,-14,14
29951,86,110,-24,24
29952,88,96,-8,8
29953,170,151,19,19
29954,71,86,-15,15
29955,127,142,-15,15
29956,61,74,-13,13
29957,63,81,-18,18
29958,46,66,-20,20
29959,78,87,-9,9
29960,85,105,-20,20
29961,86,89,-3,3
29962,91,101,-10,10
29963,75,84,-9,9
29964,75,90,-15,15
29965,73,113,-40,40
29966,74,86,-12,12
29967,69,89,-20,20
29968,77,86,-9,9
29969,119,129,-10,10
29970,77,103,-26,26
29971,143,146,-3,3
29972,132,143,-11,11
29973,89,103,-14,14
29974,60,73,-13,13
29975,131,141,-10,10
29976,83,89,-6,6
29977,80,95,-15,15
29978,92,100,-8,8
29979,187,180,7,7
29980,128,137,-9,9
29981,151,147,4,4
29982,44,61,-17,17
29983,83,105,-22,22
29984,78,88,-10,10
29985,81,95,-14,14
29986,73,89,-16,16
29987,138,145,-7,7
29988,45,61,-16,16
29989,58,79,-21,21
29990,105,117,-12,12
29991,103,116,-13,13
29992,91,101,-10,10
29993,48,67,-19,19
29994,74,93,-19,19
29995,104,102,2,2
29996,69,88,-19,19
29997,62,84,-22,22
29998,140,154,-14,14
29999,129,154,-25,25
30000,98,107,-9,9
30001,99,108,-9,9
30002,71,82,-11,11
30003,149,157,-8,8
30004,101,113,-12,12
30005,114,133,-19,19
30006,181,167,14,14
30007,112,130,-18,18
30008,112,124,-12,12
30009,95,113,-18,18
30010,133,142,-9,9
30011,168,154,14,14
30012,24,56,-32,32
30013,119,124,-5,5
30014,102,109,-7,7
30015,84,93,-9,9
30016,134,139,-5,5
30017,69,77,-8,8
30018,66,78,-12,12
30019,74,82,-8,8
30020,113,120,-7,7
30021,64,83,-19,19
30022,79,92,-13,13
30023,103,102,1,1
30024,107,115,-8,8
30025,66,86,-20,20
30026,88,99,-11,11
30027,158,157,1,1
30028,123,121,2,2
30029,73,97,-24,24
30030,105,113,-8,8
30031,65,80,-15,15
30032,119,130,-11,11
30033,68,80,-12,12
30034,64,79,-15,15
30035,74,86,-12,12
30036,23,46,-23,23
30037,97,106,-9,9
30038,124,130,-6,6
30039,72,90,-18,18
30040,132,136,-4,4
30041,42,69,-27,27
30042,121,119,2,2
30043,89,99,-10,10
30044,113,123,-10,10
30045,114,119,-5,5
30046,57,69,-12,12
30047,63,78,-15,15
30048,121,129,-8,8
30049,144,146,-2,2
30050,118,124,-6,6
30051,64,78,-14,14
30052,121,125,-4,4
30053,135,137,-2,2
30054,80,103,-23,23
30055,110,112,-2,2
30056,100,110,-10,10
30057,94,110,-16,16
30058,83,94,-11,11
30059,87,102,-15,15
30060,67,81,-14,14
30061,95,116,-21,21
30062,88,94,-6,6
30063,93,105,-12,12
30064,91,91,0,0
30065,133,139,-6,6
30066,77,109,-32,32
30067,106,120,-14,14
30068,53,73,-20,20
30069,89,106,-17,17
30070,154,139,15,15
30071,98,114,-16,16
30072,54,73,-19,19
30073,79,94,-15,15
30074,115,121,-6,6
30075,135,144,-9,9
30076,81,92,-11,11
30077,56,80,-24,24
30078,54,78,-24,24
30079,73,81,-8,8
30080,80,98,-18,18
30081,114,118,-4,4
30082,170,169,1,1
30083,124,126,-2,2
30084,63,74,-11,11
30085,93,119,-26,26
30086,77,87,-10,10
30087,178,167,11,11
30088,67,79,-12,12
30089,72,80,-8,8
30090,60,78,-18,18
30091,64,78,-14,14
30092,85,100,-15,15
30093,158,152,6,6
30094,124,124,0,0
30095,70,129,-59,59
30096,61,84,-23,23
30097,110,131,-21,21
30098,94,112,-18,18
30099,161,149,12,12
30100,98,114,-16,16
30101,165,153,12,12
30102,82,100,-18,18
30103,102,120,-18,18
30104,105,115,-10,10
30105,85,105,-20,20
30106,106,121,-15,15
30107,91,105,-14,14
30108,86,103,-17,17
30109,44,63,-19,19
30110,96,113,-17,17
30111,114,119,-5,5
30112,83,102,-19,19
30113,24,53,-29,29
30114,75,95,-20,20
30115,140,149,-9,9
30116,46,64,-18,18
30117,80,92,-12,12
30118,82,112,-30,30
30119,125,134,-9,9
30120,56,72,-16,16
30121,76,89,-13,13
30122,44,60,-16,16
30123,102,102,0,0
30124,146,147,-1,1
30125,46,65,-19,19
30126,80,96,-16,16
30127,117,134,-17,17
30128,85,94,-9,9
30129,60,72,-12,12
30130,81,102,-21,21
30131,42,55,-13,13
30132,79,104,-25,25
30133,98,106,-8,8
30134,110,113,-3,3
30135,74,82,-8,8
30136,54,68,-14,14
30137,113,128,-15,15
30138,78,104,-26,26
30139,52,65,-13,13
30140,449,411,38,38
30141,121,129,-8,8
30142,68,75,-7,7
30143,35,53,-18,18
30144,36,55,-19,19
30145,81,98,-17,17
30146,155,149,6,6
30147,207,179,28,28
30148,105,119,-14,14
30149,66,82,-16,16
30150,105,104,1,1
30151,63,73,-10,10
30152,97,105,-8,8
30153,114,116,-2,2
30154,69,83,-14,14
30155,181,173,8,8
30156,58,78,-20,20
30157,56,77,-21,21
30158,41,59,-18,18
30159,61,81,-20,20
30160,108,123,-15,15
30161,113,117,-4,4
30162,46,55,-9,9
30163,85,95,-10,10
30164,109,123,-14,14
30165,144,149,-5,5
30166,45,94,-49,49
30167,56,71,-15,15
30168,71,78,-7,7
30169,83,89,-6,6
30170,72,85,-13,13
30171,92,93,-1,1
30172,97,127,-30,30
30173,52,72,-20,20
30174,135,147,-12,12
30175,69,85,-16,16
30176,88,100,-12,12
30177,79,88,-9,9
30178,74,88,-14,14
30179,74,92,-18,18
30180,102,118,-16,16
30181,154,147,7,7
30182,225,211,14,14
30183,98,112,-14,14
30184,77,91,-14,14
30185,164,149,15,15
30186,144,128,16,16
30187,75,83,-8,8
30188,142,151,-9,9
30189,115,124,-9,9
30190,81,93,-12,12
30191,103,118,-15,15
30192,94,114,-20,20
30193,76,100,-24,24
30194,50,68,-18,18
30195,108,128,-20,20
30196,146,146,0,0
30197,90,102,-12,12
30198,129,136,-7,7
30199,74,103,-29,29
30200,105,110,-5,5
30201,91,102,-11,11
30202,121,137,-16,16
30203,109,108,1,1
30204,85,110,-25,25
30205,111,127,-16,16
30206,136,138,-2,2
30207,74,85,-11,11
30208,89,107,-18,18
30209,102,111,-9,9
30210,63,71,-8,8
30211,113,122,-9,9
30212,92,93,-1,1
30213,87,100,-13,13
30214,98,104,-6,6
30215,111,124,-13,13
30216,116,124,-8,8
30217,133,148,-15,15
30218,160,152,8,8
30219,86,95,-9,9
30220,132,135,-3,3
30221,110,119,-9,9
30222,53,66,-13,13
30223,95,106,-11,11
30224,88,100,-12,12
30225,56,73,-17,17
30226,75,88,-13,13
30227,76,89,-13,13
30228,47,65,-18,18
30229,96,102,-6,6
30230,39,77,-38,38
30231,159,147,12,12
30232,61,78,-17,17
30233,53,67,-14,14
30234,84,98,-14,14
30235,85,93,-8,8
30236,82,101,-19,19
30237,88,104,-16,16
30238,87,90,-3,3
30239,111,120,-9,9
30240,161,150,11,11
30241,131,137,-6,6
30242,89,93,-4,4
30243,156,151,5,5
30244,61,75,-14,14
30245,94,112,-18,18
30246,102,100,2,2
30247,167,168,-1,1
30248,182,165,17,17
30249,59,70,-11,11
30250,162,149,13,13
30251,132,137,-5,5
30252,66,74,-8,8
30253,88,100,-12,12
30254,106,100,6,6
30255,59,75,-16,16
30256,86,100,-14,14
30257,45,65,-20,20
30258,42,65,-23,23
30259,54,69,-15,15
30260,79,97,-18,18
30261,139,149,-10,10
30262,98,113,-15,15
30263,113,123,-10,10
30264,87,102,-15,15
30265,55,74,-19,19
30266,47,64,-17,17
30267,93,112,-19,19
30268,55,73,-18,18
30269,113,148,-35,35
30270,87,90,-3,3
30271,138,148,-10,10
30272,106,110,-4,4
30273,76,93,-17,17
30274,89,99,-10,10
30275,90,99,-9,9
30276,119,124,-5,5
30277,106,115,-9,9
30278,89,96,-7,7
30279,80,95,-15,15
30280,77,91,-14,14
30281,138,136,2,2
30282,99,105,-6,6
30283,70,90,-20,20
30284,107,122,-15,15
30285,64,81,-17,17
30286,123,132,-9,9
30287,75,89,-14,14
30288,46,71,-25,25
30289,94,106,-12,12
30290,68,79,-11,11
30291,116,134,-18,18
30292,68,94,-26,26
30293,42,56,-14,14
30294,74,78,-4,4
30295,102,117,-15,15
30296,111,118,-7,7
30297,102,119,-17,17
30298,155,168,-13,13
30299,97,112,-15,15
30300,75,90,-15,15
30301,158,166,-8,8
30302,66,72,-6,6
30303,72,87,-15,15
30304,197,159,38,38
30305,133,124,9,9
30306,103,121,-18,18
30307,119,124,-5,5
30308,88,102,-14,14
30309,56,77,-21,21
30310,59,80,-21,21
30311,73,97,-24,24
30312,100,107,-7,7
30313,83,91,-8,8
30314,104,114,-10,10
30315,91,108,-17,17
30316,86,99,-13,13
30317,62,72,-10,10
30318,90,112,-22,22
30319,79,97,-18,18
30320,127,138,-11,11
30321,108,124,-16,16
30322,38,80,-42,42
30323,63,86,-23,23
30324,55,69,-14,14
30325,111,109,2,2
30326,53,71,-18,18
30327,77,88,-11,11
30328,143,149,-6,6
30329,136,139,-3,3
30330,47,69,-22,22
30331,85,93,-8,8
30332,96,110,-14,14
30333,87,97,-10,10
30334,87,97,-10,10
30335,144,138,6,6
30336,105,111,-6,6
30337,96,118,-22,22
30338,78,94,-16,16
30339,140,152,-12,12
30340,69,81,-12,12
30341,41,67,-26,26
30342,73,94,-21,21
30343,75,86,-11,11
30344,54,73,-19,19
30345,71,90,-19,19
30346,92,109,-17,17
30347,78,96,-18,18
30348,106,113,-7,7
30349,77,96,-19,19
30350,74,84,-10,10
30351,59,72,-13,13
30352,94,117,-23,23
30353,86,96,-10,10
30354,102,122,-20,20
30355,87,103,-16,16
30356,121,130,-9,9
30357,75,85,-10,10
30358,108,117,-9,9
30359,174,157,17,17
30360,119,122,-3,3
30361,84,100,-16,16
30362,98,109,-11,11
30363,84,101,-17,17
30364,89,96,-7,7
30365,87,90,-3,3
30366,43,71,-28,28
30367,95,117,-22,22
30368,62,79,-17,17
30369,97,115,-18,18
30370,110,118,-8,8
30371,102,119,-17,17
30372,95,111,-16,16
30373,84,101,-17,17
30374,88,99,-11,11
30375,101,112,-11,11
30376,154,152,2,2
30377,159,151,8,8
30378,103,112,-9,9
30379,75,89,-14,14
30380,119,113,6,6
30381,27,47,-20,20
30382,77,94,-17,17
30383,169,151,18,18
30384,151,151,0,0
30385,72,82,-10,10
30386,145,135,10,10
30387,62,84,-22,22
30388,52,85,-33,33
30389,69,90,-21,21
30390,74,89,-15,15
30391,102,108,-6,6
30392,91,105,-14,14
30393,93,101,-8,8
30394,81,91,-10,10
30395,137,142,-5,5
30396,157,157,0,0
30397,48,62,-14,14
30398,122,133,-11,11
30399,64,79,-15,15
30400,175,161,14,14
30401,74,78,-4,4
30402,47,64,-17,17
30403,103,114,-11,11
30404,88,102,-14,14
30405,64,97,-33,33
30406,94,102,-8,8
30407,111,119,-8,8
30408,209,177,32,32
30409,80,93,-13,13
30410,108,123,-15,15
30411,103,113,-10,10
30412,93,130,-37,37
30413,86,100,-14,14
30414,105,112,-7,7
30415,110,115,-5,5
30416,82,98,-16,16
30417,69,77,-8,8
30418,43,58,-15,15
30419,74,92,-18,18
30420,131,128,3,3
30421,137,147,-10,10
30422,110,137,-27,27
30423,61,78,-17,17
30424,90,104,-14,14
30425,78,87,-9,9
30426,82,94,-12,12
30427,82,98,-16,16
30428,66,78,-12,12
30429,136,146,-10,10
30430,112,118,-6,6
30431,71,87,-16,16
30432,114,129,-15,15
30433,105,152,-47,47
30434,93,96,-3,3
30435,122,136,-14,14
30436,167,165,2,2
30437,67,77,-10,10
30438,62,97,-35,35
30439,116,118,-2,2
30440,120,118,2,2
30441,126,131,-5,5
30442,110,118,-8,8
30443,85,100,-15,15
30444,124,143,-19,19
30445,129,141,-12,12
30446,99,128,-29,29
30447,172,161,11,11
30448,76,92,-16,16
30449,64,78,-14,14
30450,138,136,2,2
30451,59,73,-14,14
30452,123,140,-17,17
30453,140,125,15,15
30454,67,83,-16,16
30455,211,189,22,22
30456,155,148,7,7
30457,84,109,-25,25
30458,125,134,-9,9
30459,72,86,-14,14
30460,121,136,-15,15
30461,121,134,-13,13
30462,141,148,-7,7
30463,67,79,-12,12
30464,73,113,-40,40
30465,107,123,-16,16
30466,72,81,-9,9
30467,65,83,-18,18
30468,82,91,-9,9
30469,87,90,-3,3
30470,87,97,-10,10
30471,52,71,-19,19
30472,84,92,-8,8
30473,81,93,-12,12
30474,75,98,-23,23
30475,126,138,-12,12
30476,45,65,-20,20
30477,48,68,-20,20
30478,77,92,-15,15
30479,150,142,8,8
30480,100,111,-11,11
30481,128,147,-19,19
30482,86,98,-12,12
30483,72,79,-7,7
30484,108,117,-9,9
30485,61,63,-2,2
30486,121,133,-12,12
30487,132,140,-8,8
30488,112,128,-16,16
30489,148,148,0,0
30490,89,114,-25,25
30491,47,70,-23,23
30492,75,90,-15,15
30493,113,138,-25,25
30494,82,103,-21,21
30495,82,94,-12,12
30496,155,148,7,7
30497,114,116,-2,2
30498,85,106,-21,21
30499,97,111,-14,14
30500,117,118,-1,1
30501,57,77,-20,20
30502,121,130,-9,9
30503,50,66,-16,16
30504,32,53,-21,21
30505,126,132,-6,6
30506,85,100,-15,15
30507,45,69,-24,24
30508,105,112,-7,7
30509,84,101,-17,17
30510,99,108,-9,9
30511,129,112,17,17
30512,115,123,-8,8
30513,127,140,-13,13
30514,42,81,-39,39
30515,86,109,-23,23
30516,106,115,-9,9
30517,108,118,-10,10
30518,143,147,-4,4
30519,98,117,-19,19
30520,131,116,15,15
30521,117,128,-11,11
30522,82,93,-11,11
30523,79,94,-15,15
30524,58,74,-16,16
30525,96,100,-4,4
30526,105,106,-1,1
30527,103,124,-21,21
30528,72,100,-28,28
30529,108,127,-19,19
30530,155,152,3,3
30531,164,151,13,13
30532,60,73,-13,13
30533,130,132,-2,2
30534,123,126,-3,3
30535,104,122,-18,18
30536,79,89,-10,10
30537,136,139,-3,3
30538,130,139,-9,9
30539,135,128,7,7
30540,77,87,-10,10
30541,136,140,-4,4
30542,107,105,2,2
30543,127,128,-1,1
30544,116,126,-10,10
30545,132,139,-7,7
30546,88,97,-9,9
30547,74,81,-7,7
30548,71,93,-22,22
30549,53,70,-17,17
30550,57,71,-14,14
30551,189,174,15,15
30552,49,63,-14,14
30553,124,135,-11,11
30554,127,133,-6,6
30555,45,73,-28,28
30556,110,131,-21,21
30557,104,119,-15,15
30558,82,95,-13,13
30559,133,136,-3,3
30560,229,204,25,25
30561,64,79,-15,15
30562,107,107,0,0
30563,109,124,-15,15
30564,174,157,17,17
30565,176,165,11,11
30566,101,105,-4,4
30567,113,119,-6,6
30568,139,140,-1,1
30569,56,71,-15,15
30570,75,84,-9,9
30571,89,100,-11,11
30572,34,61,-27,27
30573,130,137,-7,7
30574,81,89,-8,8
30575,103,122,-19,19
30576,99,112,-13,13
30577,136,145,-9,9
30578,37,56,-19,19
30579,82,89,-7,7
30580,125,133,-8,8
30581,121,125,-4,4
30582,94,104,-10,10
30583,67,79,-12,12
30584,110,132,-22,22
30585,82,95,-13,13
30586,106,128,-22,22
30587,154,149,5,5
30588,97,121,-24,24
30589,65,80,-15,15
30590,81,100,-19,19
30591,53,69,-16,16
30592,123,127,-4,4
30593,123,121,2,2
30594,60,68,-8,8
30595,59,76,-17,17
30596,71,111,-40,40
30597,154,148,6,6
30598,89,99,-10,10
30599,89,99,-10,10
30600,95,99,-4,4
30601,78,94,-16,16
30602,79,95,-16,16
30603,132,139,-7,7
30604,124,141,-17,17
30605,125,130,-5,5
30606,73,88,-15,15
30607,109,123,-14,14
30608,84,96,-12,12
30609,114,128,-14,14
30610,98,112,-14,14
30611,229,207,22,22
30612,118,133,-15,15
30613,105,115,-10,10
30614,56,76,-20,20
30615,86,96,-10,10
30616,72,89,-17,17
30617,144,163,-19,19
30618,151,147,4,4
30619,91,101,-10,10
30620,134,147,-13,13
30621,142,147,-5,5
30622,119,129,-10,10
30623,115,123,-8,8
30624,122,133,-11,11
30625,121,126,-5,5
30626,145,156,-11,11
30627,151,151,0,0
30628,99,97,2,2
30629,90,100,-10,10
30630,115,148,-33,33
30631,65,94,-29,29
30632,90,101,-11,11
30633,78,92,-14,14
30634,65,85,-20,20
30635,77,92,-15,15
30636,64,77,-13,13
30637,204,178,26,26
30638,134,147,-13,13
30639,144,140,4,4
30640,127,137,-10,10
30641,88,93,-5,5
30642,61,79,-18,18
30643,118,128,-10,10
30644,91,102,-11,11
30645,143,133,10,10
30646,166,153,13,13
30647,77,92,-15,15
30648,97,104,-7,7
30649,97,110,-13,13
30650,98,96,2,2
30651,71,81,-10,10
30652,77,86,-9,9
30653,145,147,-2,2
30654,127,132,-5,5
30655,144,147,-3,3
30656,128,127,1,1
30657,148,147,1,1
30658,67,80,-13,13
30659,147,151,-4,4
30660,85,109,-24,24
30661,98,113,-15,15
30662,72,86,-14,14
30663,74,91,-17,17
30664,111,122,-11,11
30665,80,89,-9,9
30666,73,85,-12,12
30667,79,95,-16,16
30668,90,93,-3,3
30669,104,110,-6,6
30670,70,85,-15,15
30671,99,113,-14,14
30672,64,80,-16,16
30673,68,85,-17,17
30674,96,110,-14,14
30675,44,64,-20,20
30676,84,95,-11,11
30677,81,89,-8,8
30678,152,148,4,4
30679,69,85,-16,16
30680,86,118,-32,32
30681,89,103,-14,14
30682,151,150,1,1
30683,80,101,-21,21
30684,97,121,-24,24
30685,55,68,-13,13
30686,126,127,-1,1
30687,110,130,-20,20
30688,112,130,-18,18
30689,156,147,9,9
30690,52,71,-19,19
30691,88,103,-15,15
30692,98,117,-19,19
30693,131,134,-3,3
30694,114,118,-4,4
30695,154,155,-1,1
30696,52,69,-17,17
30697,134,146,-12,12
30698,60,72,-12,12
30699,68,81,-13,13
30700,119,130,-11,11
30701,61,85,-24,24
30702,94,114,-20,20
30703,98,112,-14,14
30704,103,128,-25,25
30705,120,132,-12,12
30706,97,112,-15,15
30707,126,127,-1,1
30708,103,113,-10,10
30709,97,109,-12,12
30710,89,98,-9,9
30711,69,82,-13,13
30712,58,76,-18,18
30713,109,115,-6,6
30714,91,90,1,1
30715,76,88,-12,12
30716,206,188,18,18
30717,109,109,0,0
30718,167,158,9,9
30719,124,124,0,0
30720,68,77,-9,9
30721,162,144,18,18
30722,92,105,-13,13
30723,160,158,2,2
30724,107,117,-10,10
30725,104,106,-2,2
30726,72,81,-9,9
30727,59,76,-17,17
30728,102,105,-3,3
30729,110,133,-23,23
30730,71,86,-15,15
30731,96,105,-9,9
30732,117,124,-7,7
30733,67,88,-21,21
30734,64,82,-18,18
30735,111,121,-10,10
30736,54,64,-10,10
30737,70,85,-15,15
30738,89,97,-8,8
30739,125,139,-14,14
30740,81,105,-24,24
30741,132,135,-3,3
30742,122,131,-9,9
30743,83,100,-17,17
30744,49,77,-28,28
30745,134,132,2,2
30746,86,100,-14,14
30747,87,95,-8,8
30748,113,126,-13,13
30749,147,151,-4,4
30750,57,78,-21,21
30751,81,91,-10,10
30752,84,106,-22,22
30753,130,131,-1,1
30754,103,111,-8,8
30755,57,74,-17,17
30756,58,72,-14,14
30757,147,138,9,9
30758,136,139,-3,3
30759,78,97,-19,19
30760,92,101,-9,9
30761,69,90,-21,21
30762,151,147,4,4
30763,155,155,0,0
30764,80,96,-16,16
30765,71,82,-11,11
30766,113,150,-37,37
30767,129,128,1,1
30768,113,123,-10,10
30769,82,102,-20,20
30770,69,78,-9,9
30771,95,105,-10,10
30772,86,99,-13,13
30773,86,89,-3,3
30774,73,83,-10,10
30775,84,99,-15,15
30776,99,106,-7,7
30777,159,148,11,11
30778,94,107,-13,13
30779,93,101,-8,8
30780,52,68,-16,16
30781,92,103,-11,11
30782,77,100,-23,23
30783,83,100,-17,17
30784,145,150,-5,5
30785,89,96,-7,7
30786,98,104,-6,6
30787,128,145,-17,17
30788,70,95,-25,25
30789,85,97,-12,12
30790,94,106,-12,12
30791,63,85,-22,22
30792,120,122,-2,2
30793,93,112,-19,19
30794,113,120,-7,7
30795,164,163,1,1
30796,121,123,-2,2
30797,61,72,-11,11
30798,100,150,-50,50
30799,67,73,-6,6
30800,107,122,-15,15
30801,56,75,-19,19
30802,79,90,-11,11
30803,116,149,-33,33
30804,139,145,-6,6
30805,112,128,-16,16
30806,92,103,-11,11
30807,108,116,-8,8
30808,124,142,-18,18
30809,158,160,-2,2
30810,106,118,-12,12
30811,132,136,-4,4
30812,100,107,-7,7
30813,64,110,-46,46
30814,128,134,-6,6
30815,53,63,-10,10
30816,54,66,-12,12
30817,81,96,-15,15
30818,67,82,-15,15
30819,97,130,-33,33
30820,129,130,-1,1
30821,122,117,5,5
30822,139,146,-7,7
30823,44,62,-18,18
30824,131,140,-9,9
30825,67,85,-18,18
30826,115,126,-11,11
30827,53,71,-18,18
30828,84,97,-13,13
30829,124,130,-6,6
30830,74,80,-6,6
30831,104,120,-16,16
30832,70,87,-17,17
30833,112,127,-15,15
30834,90,91,-1,1
30835,83,112,-29,29
30836,71,86,-15,15
30837,81,91,-10,10
30838,124,148,-24,24
30839,161,161,0,0
30840,52,69,-17,17
30841,78,99,-21,21
30842,57,68,-11,11
30843,113,122,-9,9
30844,105,108,-3,3
30845,119,123,-4,4
30846,48,71,-23,23
30847,123,136,-13,13
30848,96,105,-9,9
30849,124,125,-1,1
30850,129,138,-9,9
30851,125,138,-13,13
30852,104,118,-14,14
30853,117,127,-10,10
30854,151,150,1,1
30855,125,129,-4,4
30856,87,107,-20,20
30857,71,85,-14,14
30858,58,73,-15,15
30859,127,141,-14,14
30860,143,136,7,7
30861,78,90,-12,12
30862,114,134,-20,20
30863,49,64,-15,15
30864,86,99,-13,13
30865,81,105,-24,24
30866,85,98,-13,13
30867,158,148,10,10
30868,57,69,-12,12
30869,109,117,-8,8
30870,95,105,-10,10
30871,45,59,-14,14
30872,76,99,-23,23
30873,83,96,-13,13
30874,100,123,-23,23
30875,65,95,-30,30
30876,76,92,-16,16
30877,47,74,-27,27
30878,70,84,-14,14
30879,157,154,3,3
30880,204,173,31,31
30881,88,98,-10,10
30882,93,100,-7,7
30883,53,73,-20,20
30884,97,111,-14,14
30885,84,94,-10,10
30886,66,89,-23,23
30887,73,89,-16,16
30888,64,81,-17,17
30889,102,107,-5,5
30890,56,72,-16,16
30891,73,89,-16,16
30892,78,94,-16,16
30893,64,92,-28,28
30894,89,103,-14,14
30895,108,119,-11,11
30896,79,87,-8,8
30897,99,108,-9,9
30898,104,114,-10,10
30899,174,157,17,17
30900,76,92,-16,16
30901,67,86,-19,19
30902,103,110,-7,7
30903,72,84,-12,12
30904,65,93,-28,28
30905,79,95,-16,16
30906,39,81,-42,42
30907,42,59,-17,17
30908,43,63,-20,20
30909,130,133,-3,3
30910,56,69,-13,13
30911,67,86,-19,19
30912,61,75,-14,14
30913,79,85,-6,6
30914,122,119,3,3
30915,121,126,-5,5
30916,87,90,-3,3
30917,95,112,-17,17
30918,76,88,-12,12
30919,98,102,-4,4
30920,149,151,-2,2
30921,37,59,-22,22
30922,91,90,1,1
30923,99,105,-6,6
30924,64,83,-19,19
30925,113,122,-9,9
30926,82,97,-15,15
30927,71,86,-15,15
30928,103,119,-16,16
30929,58,78,-20,20
30930,112,122,-10,10
30931,61,76,-15,15
30932,60,83,-23,23
30933,118,132,-14,14
30934,48,65,-17,17
30935,86,89,-3,3
30936,61,83,-22,22
30937,123,124,-1,1
30938,151,149,2,2
30939,50,65,-15,15
30940,123,137,-14,14
30941,186,175,11,11
30942,59,79,-20,20
30943,141,147,-6,6
30944,130,150,-20,20
30945,83,89,-6,6
30946,63,79,-16,16
30947,168,152,16,16
30948,88,96,-8,8
30949,49,73,-24,24
30950,47,66,-19,19
30951,81,97,-16,16
30952,176,151,25,25
30953,58,76,-18,18
30954,48,59,-11,11
30955,117,130,-13,13
30956,115,116,-1,1
30957,120,125,-5,5
30958,90,105,-15,15
30959,46,68,-22,22
30960,113,136,-23,23
30961,64,81,-17,17
30962,126,129,-3,3
30963,153,147,6,6
30964,114,117,-3,3
30965,182,178,4,4
30966,114,124,-10,10
30967,91,100,-9,9
30968,116,120,-4,4
30969,135,132,3,3
30970,70,85,-15,15
30971,80,87,-7,7
30972,50,75,-25,25
30973,90,102,-12,12
30974,50,68,-18,18
30975,144,141,3,3
30976,77,95,-18,18
30977,81,98,-17,17
30978,41,55,-14,14
30979,80,99,-19,19
30980,97,104,-7,7
30981,65,79,-14,14
30982,70,84,-14,14
30983,176,177,-1,1
30984,143,147,-4,4
30985,79,91,-12,12
30986,122,122,0,0
30987,135,143,-8,8
30988,85,102,-17,17
30989,50,76,-26,26
30990,88,100,-12,12
30991,120,119,1,1
30992,134,137,-3,3
30993,74,93,-19,19
30994,86,104,-18,18
30995,95,104,-9,9
30996,56,73,-17,17
30997,92,100,-8,8
30998,86,102,-16,16
30999,70,99,-29,29
31000,81,91,-10,10
31001,113,124,-11,11
31002,99,101,-2,2
31003,77,94,-17,17
31004,31,50,-19,19
31005,99,106,-7,7
31006,85,94,-9,9
31007,80,98,-18,18
31008,92,100,-8,8
31009,56,74,-18,18
31010,139,151,-12,12
31011,51,64,-13,13
31012,36,61,-25,25
31013,126,126,0,0
31014,76,90,-14,14
31015,96,120,-24,24
31016,87,102,-15,15
31017,117,126,-9,9
31018,102,115,-13,13
31019,89,103,-14,14
31020,107,104,3,3
31021,79,92,-13,13
31022,89,103,-14,14
31023,67,74,-7,7
31024,114,120,-6,6
31025,69,85,-16,16
31026,115,112,3,3
31027,168,166,2,2
31028,84,100,-16,16
31029,79,78,1,1
31030,133,145,-12,12
31031,123,117,6,6
31032,102,121,-19,19
31033,123,124,-1,1
31034,97,97,0,0
31035,89,105,-16,16
31036,92,108,-16,16
31037,171,152,19,19
31038,72,84,-12,12
31039,92,111,-19,19
31040,54,74,-20,20
31041,113,124,-11,11
31042,110,109,1,1
31043,64,78,-14,14
31044,64,79,-15,15
31045,69,75,-6,6
31046,81,92,-11,11
31047,101,115,-14,14
31048,92,102,-10,10
31049,85,105,-20,20
31050,58,72,-14,14
31051,124,127,-3,3
31052,81,88,-7,7
31053,108,112,-4,4
31054,93,100,-7,7
31055,70,77,-7,7
31056,119,112,7,7
31057,65,83,-18,18
31058,90,93,-3,3
31059,53,67,-14,14
31060,73,90,-17,17
31061,52,71,-19,19
31062,97,110,-13,13
31063,118,121,-3,3
31064,95,100,-5,5
31065,89,100,-11,11
31066,66,78,-12,12
31067,75,95,-20,20
31068,107,113,-6,6
31069,63,73,-10,10
31070,148,142,6,6
31071,110,122,-12,12
31072,96,122,-26,26
31073,123,141,-18,18
31074,123,126,-3,3
31075,106,106,0,0
31076,101,106,-5,5
31077,105,117,-12,12
31078,94,113,-19,19
31079,53,84,-31,31
31080,53,79,-26,26
31081,116,127,-11,11
31082,122,134,-12,12
31083,96,114,-18,18
31084,117,123,-6,6
31085,105,112,-7,7
31086,74,89,-15,15
31087,43,67,-24,24
31088,110,120,-10,10
31089,71,83,-12,12
31090,72,81,-9,9
31091,109,117,-8,8
31092,142,147,-5,5
31093,69,80,-11,11
31094,127,142,-15,15
31095,113,131,-18,18
31096,61,76,-15,15
31097,108,120,-12,12
31098,83,94,-11,11
31099,58,76,-18,18
31100,107,115,-8,8
31101,108,139,-31,31
31102,97,104,-7,7
31103,101,103,-2,2
31104,101,120,-19,19
31105,123,121,2,2
31106,68,85,-17,17
31107,89,95,-6,6
31108,47,63,-16,16
31109,128,124,4,4
31110,117,121,-4,4
31111,94,100,-6,6
31112,111,116,-5,5
31113,51,66,-15,15
31114,65,85,-20,20
31115,79,106,-27,27
31116,140,147,-7,7
31117,152,141,11,11
31118,108,121,-13,13
31119,115,116,-1,1
31120,78,102,-24,24
31121,100,113,-13,13
31122,69,91,-22,22
31123,127,134,-7,7
31124,64,74,-10,10
31125,148,148,0,0
31126,105,110,-5,5
31127,123,129,-6,6
31128,56,72,-16,16
31129,60,85,-25,25
31130,100,104,-4,4
31131,77,115,-38,38
31132,89,125,-36,36
31133,63,85,-22,22
31134,70,86,-16,16
31135,74,87,-13,13
31136,74,102,-28,28
31137,149,142,7,7
31138,60,78,-18,18
31139,115,157,-42,42
31140,65,83,-18,18
31141,95,102,-7,7
31142,126,146,-20,20
31143,84,103,-19,19
31144,114,109,5,5
31145,130,131,-1,1
31146,117,123,-6,6
31147,135,148,-13,13
31148,110,125,-15,15
31149,74,83,-9,9
31150,91,101,-10,10
31151,102,108,-6,6
31152,76,94,-18,18
31153,81,105,-24,24
31154,117,123,-6,6
31155,58,74,-16,16
31156,52,80,-28,28
31157,44,78,-34,34
31158,126,142,-16,16
31159,102,114,-12,12
31160,68,76,-8,8
31161,96,123,-27,27
31162,116,111,5,5
31163,96,105,-9,9
31164,44,68,-24,24
31165,49,63,-14,14
31166,109,120,-11,11
31167,40,66,-26,26
31168,84,126,-42,42
31169,57,72,-15,15
31170,85,102,-17,17
31171,44,64,-20,20
31172,77,88,-11,11
31173,70,94,-24,24
31174,63,80,-17,17
31175,75,87,-12,12
31176,88,100,-12,12
31177,98,106,-8,8
31178,66,97,-31,31
31179,78,86,-8,8
31180,95,114,-19,19
31181,99,140,-41,41
31182,20,106,-86,86
31183,88,107,-19,19
31184,165,157,8,8
31185,127,129,-2,2
31186,55,73,-18,18
31187,145,147,-2,2
31188,72,89,-17,17
31189,84,88,-4,4
31190,62,78,-16,16
31191,107,115,-8,8
31192,113,107,6,6
31193,64,79,-15,15
31194,132,124,8,8
31195,80,88,-8,8
31196,64,81,-17,17
31197,58,81,-23,23
31198,53,82,-29,29
31199,101,108,-7,7
31200,97,100,-3,3
31201,93,107,-14,14
31202,87,91,-4,4
31203,78,91,-13,13
31204,70,76,-6,6
31205,119,101,18,18
31206,66,81,-15,15
31207,82,103,-21,21
31208,117,116,1,1
31209,106,111,-5,5
31210,79,90,-11,11
31211,129,156,-27,27
31212,95,98,-3,3
31213,66,90,-24,24
31214,63,74,-11,11
31215,128,139,-11,11
31216,86,90,-4,4
31217,87,110,-23,23
31218,115,129,-14,14
31219,126,137,-11,11
31220,66,118,-52,52
31221,138,144,-6,6
31222,118,115,3,3
31223,105,114,-9,9
31224,59,80,-21,21
31225,51,72,-21,21
31226,45,77,-32,32
31227,79,92,-13,13
31228,103,106,-3,3
31229,86,131,-45,45
31230,63,74,-11,11
31231,104,112,-8,8
31232,144,147,-3,3
31233,160,154,6,6
31234,55,73,-18,18
31235,83,94,-11,11
31236,104,110,-6,6
31237,61,79,-18,18
31238,92,108,-16,16
31239,72,88,-16,16
31240,103,107,-4,4
31241,192,164,28,28
31242,89,95,-6,6
31243,76,86,-10,10
31244,70,90,-20,20
31245,81,88,-7,7
31246,96,105,-9,9
31247,120,124,-4,4
31248,88,105,-17,17
31249,81,88,-7,7
31250,91,105,-14,14
31251,104,108,-4,4
31252,71,84,-13,13
31253,51,64,-13,13
31254,138,140,-2,2
31255,88,92,-4,4
31256,64,90,-26,26
31257,108,120,-12,12
31258,120,127,-7,7
31259,78,111,-33,33
31260,158,147,11,11
31261,185,161,24,24
31262,168,170,-2,2
31263,96,110,-14,14
31264,100,96,4,4
31265,48,120,-72,72
31266,80,91,-11,11
31267,49,69,-20,20
31268,108,118,-10,10
31269,71,85,-14,14
31270,111,119,-8,8
31271,75,85,-10,10
31272,117,124,-7,7
31273,156,149,7,7
31274,111,113,-2,2
31275,108,121,-13,13
31276,54,75,-21,21
31277,83,102,-19,19
31278,91,96,-5,5
31279,53,74,-21,21
31280,46,63,-17,17
31281,39,59,-20,20
31282,97,119,-22,22
31283,97,123,-26,26
31284,93,98,-5,5
31285,173,158,15,15
31286,76,86,-10,10
31287,146,147,-1,1
31288,128,143,-15,15
31289,81,96,-15,15
31290,90,103,-13,13
31291,109,122,-13,13
31292,123,119,4,4
31293,100,107,-7,7
31294,77,92,-15,15
31295,77,91,-14,14
31296,109,142,-33,33
31297,85,94,-9,9
31298,94,102,-8,8
31299,57,68,-11,11
31300,51,68,-17,17
31301,50,74,-24,24
31302,80,91,-11,11
31303,73,83,-10,10
31304,68,85,-17,17
31305,153,145,8,8
31306,120,140,-20,20
31307,99,111,-12,12
31308,97,104,-7,7
31309,82,94,-12,12
31310,85,111,-26,26
31311,84,90,-6,6
31312,93,113,-20,20
31313,55,72,-17,17
31314,53,70,-17,17
31315,148,147,1,1
31316,115,128,-13,13
31317,116,123,-7,7
31318,109,107,2,2
31319,72,89,-17,17
31320,85,99,-14,14
31321,78,81,-3,3
31322,133,133,0,0
31323,89,94,-5,5
31324,53,78,-25,25
31325,145,156,-11,11
31326,75,83,-8,8
31327,60,74,-14,14
31328,71,87,-16,16
31329,62,79,-17,17
31330,165,155,10,10
31331,51,75,-24,24
31332,146,153,-7,7
31333,64,77,-13,13
31334,75,97,-22,22
31335,79,87,-8,8
31336,85,100,-15,15
31337,100,108,-8,8
31338,119,121,-2,2
31339,106,125,-19,19
31340,79,91,-12,12
31341,163,153,10,10
31342,121,137,-16,16
31343,66,82,-16,16
31344,114,124,-10,10
31345,77,93,-16,16
31346,57,73,-16,16
31347,87,99,-12,12
31348,86,98,-12,12
31349,71,90,-19,19
31350,124,130,-6,6
31351,65,76,-11,11
31352,111,119,-8,8
31353,62,83,-21,21
31354,94,97,-3,3
31355,76,91,-15,15
31356,122,142,-20,20
31357,136,151,-15,15
31358,76,87,-11,11
31359,82,110,-28,28
31360,62,75,-13,13
31361,65,75,-10,10
31362,63,87,-24,24
31363,50,64,-14,14
31364,56,90,-34,34
31365,80,98,-18,18
31366,95,102,-7,7
31367,94,104,-10,10
31368,90,93,-3,3
31369,116,113,3,3
31370,113,114,-1,1
31371,70,83,-13,13
31372,31,53,-22,22
31373,70,87,-17,17
31374,72,80,-8,8
31375,92,97,-5,5
31376,82,92,-10,10
31377,58,79,-21,21
31378,104,129,-25,25
31379,75,86,-11,11
31380,90,104,-14,14
31381,130,138,-8,8
31382,126,133,-7,7
31383,89,98,-9,9
31384,108,116,-8,8
31385,51,71,-20,20
31386,132,141,-9,9
31387,91,102,-11,11
31388,109,127,-18,18
31389,103,127,-24,24
31390,87,97,-10,10
31391,123,134,-11,11
31392,109,113,-4,4
31393,77,107,-30,30
31394,96,109,-13,13
31395,82,94,-12,12
31396,111,120,-9,9
31397,72,82,-10,10
31398,117,118,-1,1
31399,117,122,-5,5
31400,137,143,-6,6
31401,107,110,-3,3
31402,91,105,-14,14
31403,110,118,-8,8
31404,76,98,-22,22
31405,83,90,-7,7
31406,142,148,-6,6
31407,97,108,-11,11
31408,54,66,-12,12
31409,71,87,-16,16
31410,91,111,-20,20
31411,100,111,-11,11
31412,47,65,-18,18
31413,114,116,-2,2
31414,65,72,-7,7
31415,33,51,-18,18
31416,88,97,-9,9
31417,102,116,-14,14
31418,72,103,-31,31
31419,95,110,-15,15
31420,100,109,-9,9
31421,200,192,8,8
31422,147,142,5,5
31423,98,118,-20,20
31424,111,118,-7,7
31425,105,115,-10,10
31426,89,98,-9,9
31427,108,119,-11,11
31428,35,77,-42,42
31429,54,77,-23,23
31430,124,132,-8,8
31431,90,91,-1,1
31432,130,133,-3,3
31433,138,137,1,1
31434,143,135,8,8
31435,74,87,-13,13
31436,47,69,-22,22
31437,64,77,-13,13
31438,174,171,3,3
31439,96,106,-10,10
31440,132,138,-6,6
31441,66,88,-22,22
31442,105,116,-11,11
31443,128,142,-14,14
31444,99,110,-11,11
31445,70,81,-11,11
31446,62,72,-10,10
31447,78,90,-12,12
31448,93,114,-21,21
31449,89,90,-1,1
31450,104,126,-22,22
31451,74,85,-11,11
31452,102,96,6,6
31453,58,70,-12,12
31454,89,100,-11,11
31455,84,92,-8,8
31456,128,127,1,1
31457,91,104,-13,13
31458,80,86,-6,6
31459,84,106,-22,22
31460,100,114,-14,14
31461,115,122,-7,7
31462,92,108,-16,16
31463,155,155,0,0
31464,175,151,24,24
31465,79,87,-8,8
31466,70,76,-6,6
31467,64,90,-26,26
31468,111,124,-13,13
31469,83,94,-11,11
31470,92,107,-15,15
31471,153,149,4,4
31472,138,143,-5,5
31473,90,119,-29,29
31474,104,120,-16,16
31475,52,64,-12,12
31476,72,88,-16,16
31477,76,93,-17,17
31478,69,83,-14,14
31479,145,142,3,3
31480,67,82,-15,15
31481,79,91,-12,12
31482,103,108,-5,5
31483,145,150,-5,5
31484,86,96,-10,10
31485,112,116,-4,4
31486,130,140,-10,10
31487,173,157,16,16
31488,75,88,-13,13
31489,195,162,33,33
31490,93,102,-9,9
31491,102,112,-10,10
31492,64,77,-13,13
31493,68,79,-11,11
31494,58,77,-19,19
31495,93,94,-1,1
31496,119,112,7,7
31497,54,65,-11,11
31498,72,100,-28,28
31499,82,94,-12,12
31500,130,137,-7,7
31501,75,89,-14,14
31502,73,89,-16,16
31503,72,90,-18,18
31504,243,254,-11,11
31505,62,91,-29,29
31506,79,85,-6,6
31507,129,142,-13,13
31508,119,125,-6,6
31509,121,130,-9,9
31510,135,139,-4,4
31511,64,74,-10,10
31512,84,96,-12,12
31513,68,86,-18,18
31514,89,94,-5,5
31515,59,70,-11,11
31516,67,86,-19,19
31517,108,120,-12,12
31518,55,73,-18,18
31519,161,147,14,14
31520,75,90,-15,15
31521,113,119,-6,6
31522,102,111,-9,9
31523,116,124,-8,8
31524,134,142,-8,8
31525,161,141,20,20
31526,122,132,-10,10
31527,103,112,-9,9
31528,75,89,-14,14
31529,162,148,14,14
31530,76,96,-20,20
31531,57,73,-16,16
31532,74,92,-18,18
31533,78,84,-6,6
31534,68,77,-9,9
31535,101,106,-5,5
31536,66,84,-18,18
31537,61,83,-22,22
31538,120,125,-5,5
31539,62,74,-12,12
31540,149,139,10,10
31541,85,107,-22,22
31542,126,124,2,2
31543,192,187,5,5
31544,94,99,-5,5
31545,69,84,-15,15
31546,99,98,1,1
31547,114,112,2,2
31548,75,88,-13,13
31549,113,134,-21,21
31550,165,151,14,14
31551,133,136,-3,3
31552,86,108,-22,22
31553,72,80,-8,8
31554,97,103,-6,6
31555,113,159,-46,46
31556,110,125,-15,15
31557,119,133,-14,14
31558,60,77,-17,17
31559,72,99,-27,27
31560,110,124,-14,14
31561,151,144,7,7
31562,70,80,-10,10
31563,89,103,-14,14
31564,112,117,-5,5
31565,70,84,-14,14
31566,64,78,-14,14
31567,155,157,-2,2
31568,103,112,-9,9
31569,115,120,-5,5
31570,57,69,-12,12
31571,92,113,-21,21
31572,96,99,-3,3
31573,61,79,-18,18
31574,144,137,7,7
31575,75,88,-13,13
31576,138,137,1,1
31577,103,115,-12,12
31578,118,115,3,3
31579,80,101,-21,21
31580,107,111,-4,4
31581,84,95,-11,11
31582,87,92,-5,5
31583,56,65,-9,9
31584,129,137,-8,8
31585,94,102,-8,8
31586,72,93,-21,21
31587,193,167,26,26
31588,141,138,3,3
31589,98,107,-9,9
31590,116,134,-18,18
31591,154,149,5,5
31592,116,129,-13,13
31593,75,92,-17,17
31594,107,111,-4,4
31595,83,88,-5,5
31596,103,123,-20,20
31597,99,105,-6,6
31598,109,125,-16,16
31599,95,103,-8,8
31600,85,90,-5,5
31601,81,92,-11,11
31602,112,116,-4,4
31603,82,92,-10,10
31604,56,71,-15,15
31605,64,80,-16,16
31606,105,131,-26,26
31607,118,128,-10,10
31608,82,99,-17,17
31609,96,107,-11,11
31610,69,79,-10,10
31611,128,138,-10,10
31612,88,108,-20,20
31613,90,101,-11,11
31614,141,147,-6,6
31615,75,97,-22,22
31616,108,125,-17,17
31617,153,149,4,4
31618,101,108,-7,7
31619,76,94,-18,18
31620,86,105,-19,19
31621,49,64,-15,15
31622,130,139,-9,9
31623,95,108,-13,13
31624,33,58,-25,25
31625,156,155,1,1
31626,49,62,-13,13
31627,89,95,-6,6
31628,86,90,-4,4
31629,80,88,-8,8
31630,97,107,-10,10
31631,59,78,-19,19
31632,153,149,4,4
31633,51,66,-15,15
31634,88,92,-4,4
31635,145,154,-9,9
31636,165,173,-8,8
31637,74,93,-19,19
31638,80,103,-23,23
31639,101,105,-4,4
31640,46,62,-16,16
31641,62,80,-18,18
31642,107,105,2,2
31643,66,81,-15,15
31644,153,150,3,3
31645,75,88,-13,13
31646,49,66,-17,17
31647,120,133,-13,13
31648,131,136,-5,5
31649,106,122,-16,16
31650,147,146,1,1
31651,81,94,-13,13
31652,94,103,-9,9
31653,57,77,-20,20
31654,61,80,-19,19
31655,47,63,-16,16
31656,53,67,-14,14
31657,117,121,-4,4
31658,98,95,3,3
31659,48,62,-14,14
31660,190,184,6,6
31661,68,87,-19,19
31662,106,111,-5,5
31663,57,80,-23,23
31664,131,143,-12,12
31665,132,133,-1,1
31666,74,87,-13,13
31667,125,135,-10,10
31668,86,100,-14,14
31669,49,67,-18,18
31670,95,97,-2,2
31671,67,80,-13,13
31672,82,98,-16,16
31673,93,115,-22,22
31674,52,72,-20,20
31675,55,71,-16,16
31676,111,116,-5,5
31677,73,84,-11,11
31678,72,92,-20,20
31679,160,155,5,5
31680,97,114,-17,17
31681,95,103,-8,8
31682,117,108,9,9
31683,67,77,-10,10
31684,55,76,-21,21
31685,103,106,-3,3
31686,108,127,-19,19
31687,82,90,-8,8
31688,155,148,7,7
31689,87,103,-16,16
31690,88,99,-11,11
31691,84,108,-24,24
31692,66,91,-25,25
31693,59,77,-18,18
31694,80,91,-11,11
31695,120,136,-16,16
31696,92,103,-11,11
31697,36,52,-16,16
31698,89,94,-5,5
31699,113,119,-6,6
31700,86,99,-13,13
31701,117,148,-31,31
31702,78,87,-9,9
31703,72,92,-20,20
31704,76,82,-6,6
31705,76,88,-12,12
31706,87,100,-13,13
31707,76,114,-38,38
31708,79,79,0,0
31709,51,61,-10,10
31710,121,138,-17,17
31711,100,99,1,1
31712,83,97,-14,14
31713,84,91,-7,7
31714,100,117,-17,17
31715,125,131,-6,6
31716,73,80,-7,7
31717,59,76,-17,17
31718,79,96,-17,17
31719,76,92,-16,16
31720,108,122,-14,14
31721,64,88,-24,24
31722,101,107,-6,6
31723,140,134,6,6
31724,89,100,-11,11
31725,72,83,-11,11
31726,82,102,-20,20
31727,68,85,-17,17
31728,41,64,-23,23
31729,77,92,-15,15
31730,150,147,3,3
31731,121,125,-4,4
31732,96,133,-37,37
31733,50,66,-16,16
31734,45,64,-19,19
31735,118,132,-14,14
31736,108,114,-6,6
31737,74,84,-10,10
31738,148,149,-1,1
31739,109,117,-8,8
31740,53,72,-19,19
31741,69,77,-8,8
31742,75,95,-20,20
31743,75,101,-26,26
31744,93,103,-10,10
31745,36,57,-21,21
31746,62,83,-21,21
31747,139,145,-6,6
31748,67,82,-15,15
31749,199,192,7,7
31750,61,73,-12,12
31751,66,78,-12,12
31752,58,74,-16,16
31753,58,75,-17,17
31754,98,112,-14,14
31755,65,76,-11,11
31756,96,107,-11,11
31757,105,115,-10,10
31758,44,63,-19,19
31759,116,125,-9,9
31760,87,100,-13,13
31761,94,113,-19,19
31762,130,144,-14,14
31763,103,114,-11,11
31764,85,94,-9,9
31765,94,114,-20,20
31766,78,91,-13,13
31767,120,124,-4,4
31768,48,65,-17,17
31769,107,109,-2,2
31770,87,103,-16,16
31771,115,126,-11,11
31772,122,129,-7,7
31773,137,135,2,2
31774,19,46,-27,27
31775,90,105,-15,15
31776,45,59,-14,14
31777,53,72,-19,19
31778,132,127,5,5
31779,54,66,-12,12
31780,123,141,-18,18
31781,88,116,-28,28
31782,90,99,-9,9
31783,112,119,-7,7
31784,67,80,-13,13
31785,50,71,-21,21
31786,65,78,-13,13
31787,44,63,-19,19
31788,86,104,-18,18
31789,65,78,-13,13
31790,80,110,-30,30
31791,128,128,0,0
31792,166,148,18,18
31793,105,111,-6,6
31794,77,91,-14,14
31795,113,130,-17,17
31796,82,94,-12,12
31797,94,109,-15,15
31798,123,129,-6,6
31799,118,127,-9,9
31800,159,151,8,8
31801,100,96,4,4
31802,95,106,-11,11
31803,128,135,-7,7
31804,67,95,-28,28
31805,131,128,3,3
31806,78,90,-12,12
31807,58,75,-17,17
31808,126,127,-1,1
31809,136,147,-11,11
31810,75,85,-10,10
31811,100,107,-7,7
31812,52,66,-14,14
31813,94,102,-8,8
31814,64,82,-18,18
31815,65,85,-20,20
31816,85,98,-13,13
31817,100,113,-13,13
31818,134,138,-4,4
31819,88,100,-12,12
31820,87,97,-10,10
31821,112,125,-13,13
31822,222,201,21,21
31823,103,105,-2,2
31824,131,153,-22,22
31825,143,143,0,0
31826,89,105,-16,16
31827,144,138,6,6
31828,90,99,-9,9
31829,117,119,-2,2
31830,41,59,-18,18
31831,161,154,7,7
31832,87,103,-16,16
31833,67,85,-18,18
31834,89,108,-19,19
31835,58,67,-9,9
31836,54,69,-15,15
31837,66,80,-14,14
31838,62,78,-16,16
31839,46,61,-15,15
31840,116,133,-17,17
31841,146,150,-4,4
31842,153,156,-3,3
31843,110,109,1,1
31844,83,87,-4,4
31845,138,139,-1,1
31846,117,117,0,0
31847,86,94,-8,8
31848,170,161,9,9
31849,96,111,-15,15
31850,57,69,-12,12
31851,102,109,-7,7
31852,96,108,-12,12
31853,88,97,-9,9
31854,117,131,-14,14
31855,83,110,-27,27
31856,94,114,-20,20
31857,68,92,-24,24
31858,81,88,-7,7
31859,165,158,7,7
31860,93,96,-3,3
31861,169,162,7,7
31862,79,97,-18,18
31863,91,102,-11,11
31864,96,107,-11,11
31865,107,104,3,3
31866,98,105,-7,7
31867,81,93,-12,12
31868,125,139,-14,14
31869,111,118,-7,7
31870,50,69,-19,19
31871,102,118,-16,16
31872,94,101,-7,7
31873,57,71,-14,14
31874,110,117,-7,7
31875,89,99,-10,10
31876,69,79,-10,10
31877,116,125,-9,9
31878,135,131,4,4
31879,76,85,-9,9
31880,98,99,-1,1
31881,72,83,-11,11
31882,68,87,-19,19
31883,77,89,-12,12
31884,125,146,-21,21
31885,115,116,-1,1
31886,136,135,1,1
31887,80,97,-17,17
31888,82,96,-14,14
31889,76,92,-16,16
31890,82,95,-13,13
31891,138,134,4,4
31892,108,113,-5,5
31893,153,148,5,5
31894,76,88,-12,12
31895,100,104,-4,4
31896,97,109,-12,12
31897,119,127,-8,8
31898,35,56,-21,21
31899,39,56,-17,17
31900,102,110,-8,8
31901,93,115,-22,22
31902,122,125,-3,3
31903,88,95,-7,7
31904,84,96,-12,12
31905,207,188,19,19
31906,67,82,-15,15
31907,111,122,-11,11
31908,75,85,-10,10
31909,112,121,-9,9
31910,59,74,-15,15
31911,66,78,-12,12
31912,161,159,2,2
31913,80,97,-17,17
31914,64,91,-27,27
31915,123,104,19,19
31916,123,126,-3,3
31917,144,148,-4,4
31918,61,82,-21,21
31919,85,90,-5,5
31920,100,106,-6,6
31921,100,106,-6,6
31922,65,72,-7,7
31923,75,91,-16,16
31924,104,106,-2,2
31925,112,138,-26,26
31926,93,104,-11,11
31927,69,79,-10,10
31928,58,73,-15,15
31929,120,120,0,0
31930,131,129,2,2
31931,101,102,-1,1
31932,156,155,1,1
31933,83,91,-8,8
31934,62,80,-18,18
31935,94,105,-11,11
31936,87,100,-13,13
31937,182,165,17,17
31938,132,137,-5,5
31939,100,111,-11,11
31940,74,88,-14,14
31941,57,77,-20,20
31942,95,109,-14,14
31943,64,69,-5,5
31944,99,113,-14,14
31945,102,119,-17,17
31946,144,146,-2,2
31947,152,147,5,5
31948,66,77,-11,11
31949,57,72,-15,15
31950,73,91,-18,18
31951,85,90,-5,5
31952,111,115,-4,4
31953,78,90,-12,12
31954,87,97,-10,10
31955,58,75,-17,17
31956,125,132,-7,7
31957,98,109,-11,11
31958,127,135,-8,8
31959,125,126,-1,1
31960,107,120,-13,13
31961,57,79,-22,22
31962,161,151,10,10
31963,109,111,-2,2
31964,110,112,-2,2
31965,64,76,-12,12
31966,304,298,6,6
31967,75,85,-10,10
31968,161,156,5,5
31969,85,105,-20,20
31970,124,118,6,6
31971,53,67,-14,14
31972,98,109,-11,11
31973,124,131,-7,7
31974,67,76,-9,9
31975,59,82,-23,23
31976,115,114,1,1
31977,91,99,-8,8
31978,108,119,-11,11
31979,82,101,-19,19
31980,104,106,-2,2
31981,65,86,-21,21
31982,107,116,-9,9
31983,140,147,-7,7
31984,83,97,-14,14
31985,128,151,-23,23
31986,65,73,-8,8
31987,70,89,-19,19
31988,160,159,1,1
31989,94,108,-14,14
31990,74,86,-12,12
31991,99,113,-14,14
31992,105,114,-9,9
31993,65,87,-22,22
31994,46,64,-18,18
31995,72,87,-15,15
31996,53,66,-13,13
31997,110,119,-9,9
31998,100,105,-5,5
31999,65,82,-17,17
32000,102,109,-7,7
32001,128,132,-4,4
32002,90,97,-7,7
32003,139,153,-14,14
32004,145,139,6,6
32005,89,96,-7,7
32006,68,90,-22,22
32007,64,77,-13,13
32008,79,96,-17,17
32009,86,88,-2,2
32010,60,81,-21,21
32011,101,107,-6,6
32012,36,61,-25,25
32013,103,108,-5,5
32014,52,64,-12,12
32015,152,150,2,2
32016,80,101,-21,21
32017,142,137,5,5
32018,129,130,-1,1
32019,140,130,10,10
32020,49,71,-22,22
32021,147,152,-5,5
32022,100,102,-2,2
32023,59,82,-23,23
32024,106,118,-12,12
32025,88,101,-13,13
32026,86,99,-13,13
32027,106,108,-2,2
32028,110,116,-6,6
32029,43,57,-14,14
32030,114,130,-16,16
32031,77,85,-8,8
32032,103,114,-11,11
32033,125,137,-12,12
32034,65,80,-15,15
32035,105,112,-7,7
32036,98,122,-24,24
32037,132,149,-17,17
32038,119,131,-12,12
32039,80,93,-13,13
32040,107,116,-9,9
32041,94,96,-2,2
32042,59,78,-19,19
32043,109,119,-10,10
32044,144,149,-5,5
32045,45,64,-19,19
32046,66,70,-4,4
32047,122,133,-11,11
32048,88,100,-12,12
32049,53,64,-11,11
32050,58,80,-22,22
32051,68,85,-17,17
32052,104,108,-4,4
32053,129,144,-15,15
32054,55,71,-16,16
32055,80,88,-8,8
32056,100,117,-17,17
32057,64,90,-26,26
32058,150,149,1,1
32059,80,90,-10,10
32060,96,102,-6,6
32061,83,97,-14,14
32062,39,56,-17,17
32063,112,108,4,4
32064,146,146,0,0
32065,91,107,-16,16
32066,77,98,-21,21
32067,121,130,-9,9
32068,113,123,-10,10
32069,132,147,-15,15
32070,102,115,-13,13
32071,71,82,-11,11
32072,81,92,-11,11
32073,60,88,-28,28
32074,112,115,-3,3
32075,95,98,-3,3
32076,116,121,-5,5
32077,85,98,-13,13
32078,116,135,-19,19
32079,107,118,-11,11
32080,156,147,9,9
32081,84,99,-15,15
32082,77,89,-12,12
32083,111,114,-3,3
32084,61,97,-36,36
32085,124,137,-13,13
32086,106,107,-1,1
32087,116,126,-10,10
32088,64,90,-26,26
32089,108,116,-8,8
32090,76,89,-13,13
32091,72,89,-17,17
32092,75,89,-14,14
32093,66,76,-10,10
32094,128,144,-16,16
32095,189,163,26,26
32096,120,130,-10,10
32097,64,77,-13,13
32098,141,147,-6,6
32099,96,108,-12,12
32100,170,163,7,7
32101,83,96,-13,13
32102,101,112,-11,11
32103,81,100,-19,19
32104,43,61,-18,18
32105,150,149,1,1
32106,70,77,-7,7
32107,89,91,-2,2
32108,115,123,-8,8
32109,103,113,-10,10
32110,54,68,-14,14
32111,63,76,-13,13
32112,127,142,-15,15
32113,96,93,3,3
32114,79,105,-26,26
32115,83,98,-15,15
32116,108,112,-4,4
32117,116,122,-6,6
32118,121,128,-7,7
32119,127,127,0,0
32120,109,120,-11,11
32121,96,111,-15,15
32122,82,95,-13,13
32123,103,144,-41,41
32124,142,155,-13,13
32125,161,150,11,11
32126,126,137,-11,11
32127,78,86,-8,8
32128,157,156,1,1
32129,63,82,-19,19
32130,64,77,-13,13
32131,90,101,-11,11
32132,95,108,-13,13
32133,146,148,-2,2
32134,56,79,-23,23
32135,48,60,-12,12
32136,68,81,-13,13
32137,94,107,-13,13
32138,87,93,-6,6
32139,122,116,6,6
32140,126,121,5,5
32141,55,71,-16,16
32142,61,78,-17,17
32143,89,112,-23,23
32144,62,84,-22,22
32145,71,87,-16,16
32146,87,103,-16,16
32147,39,56,-17,17
32148,123,129,-6,6
32149,79,94,-15,15
32150,109,113,-4,4
32151,101,119,-18,18
32152,107,113,-6,6
32153,114,119,-5,5
32154,81,103,-22,22
32155,167,157,10,10
32156,71,84,-13,13
32157,65,83,-18,18
32158,76,86,-10,10
32159,94,104,-10,10
32160,162,153,9,9
32161,86,110,-24,24
32162,162,157,5,5
32163,50,69,-19,19
32164,109,115,-6,6
32165,70,83,-13,13
32166,69,84,-15,15
32167,36,62,-26,26
32168,117,118,-1,1
32169,104,108,-4,4
32170,107,120,-13,13
32171,66,82,-16,16
32172,98,108,-10,10
32173,113,124,-11,11
32174,57,75,-18,18
32175,117,124,-7,7
32176,79,105,-26,26
32177,88,105,-17,17
32178,101,111,-10,10
32179,98,110,-12,12
32180,164,168,-4,4
32181,108,116,-8,8
32182,79,90,-11,11
32183,77,95,-18,18
32184,81,93,-12,12
32185,111,119,-8,8
32186,108,117,-9,9
32187,104,111,-7,7
32188,51,60,-9,9
32189,79,94,-15,15
32190,141,144,-3,3
32191,105,111,-6,6
32192,79,97,-18,18
32193,121,122,-1,1
32194,85,106,-21,21
32195,60,76,-16,16
32196,76,86,-10,10
32197,66,77,-11,11
32198,140,142,-2,2
32199,115,110,5,5
32200,135,131,4,4
32201,137,149,-12,12
32202,108,128,-20,20
32203,56,76,-20,20
32204,145,147,-2,2
32205,107,111,-4,4
32206,75,84,-9,9
32207,73,91,-18,18
32208,58,76,-18,18
32209,73,81,-8,8
32210,100,107,-7,7
32211,154,149,5,5
32212,89,98,-9,9
32213,86,93,-7,7
32214,218,190,28,28
32215,96,105,-9,9
32216,72,85,-13,13
32217,136,151,-15,15
32218,197,182,15,15
32219,75,92,-17,17
32220,138,144,-6,6
32221,112,129,-17,17
32222,97,109,-12,12
32223,50,72,-22,22
32224,144,140,4,4
32225,62,76,-14,14
32226,91,107,-16,16
32227,108,122,-14,14
32228,111,120,-9,9
32229,154,151,3,3
32230,84,98,-14,14
32231,181,173,8,8
32232,80,93,-13,13
32233,134,136,-2,2
32234,78,100,-22,22
32235,243,219,24,24
32236,59,68,-9,9
32237,83,87,-4,4
32238,76,83,-7,7
32239,88,97,-9,9
32240,62,76,-14,14
32241,81,96,-15,15
32242,127,136,-9,9
32243,119,123,-4,4
32244,70,92,-22,22
32245,114,114,0,0
32246,91,100,-9,9
32247,120,121,-1,1
32248,61,72,-11,11
32249,73,86,-13,13
32250,77,94,-17,17
32251,175,171,4,4
32252,86,94,-8,8
32253,125,127,-2,2
32254,109,113,-4,4
32255,90,111,-21,21
32256,71,88,-17,17
32257,64,79,-15,15
32258,91,94,-3,3
32259,116,123,-7,7
32260,63,76,-13,13
32261,79,95,-16,16
32262,56,67,-11,11
32263,144,147,-3,3
32264,130,125,5,5
32265,73,85,-12,12
32266,64,74,-10,10
32267,146,142,4,4
32268,30,64,-34,34
32269,107,127,-20,20
32270,80,103,-23,23
32271,94,120,-26,26
32272,57,71,-14,14
32273,85,99,-14,14
32274,157,149,8,8
32275,131,143,-12,12
32276,170,150,20,20
32277,115,131,-16,16
32278,124,121,3,3
32279,83,94,-11,11
32280,139,142,-3,3
32281,104,115,-11,11
32282,54,71,-17,17
32283,117,124,-7,7
32284,84,106,-22,22
32285,97,104,-7,7
32286,50,62,-12,12
32287,57,83,-26,26
32288,84,96,-12,12
32289,70,86,-16,16
32290,75,93,-18,18
32291,33,69,-36,36
32292,110,137,-27,27
32293,60,76,-16,16
32294,66,83,-17,17
32295,121,123,-2,2
32296,97,108,-11,11
32297,128,130,-2,2
32298,82,92,-10,10
32299,110,119,-9,9
32300,135,145,-10,10
32301,96,108,-12,12
32302,79,83,-4,4
32303,82,88,-6,6
32304,112,111,1,1
32305,119,132,-13,13
32306,113,103,10,10
32307,129,135,-6,6
32308,30,52,-22,22
32309,143,148,-5,5
32310,48,65,-17,17
32311,70,82,-12,12
32312,66,110,-44,44
32313,117,130,-13,13
32314,49,64,-15,15
32315,73,88,-15,15
32316,104,120,-16,16
32317,78,105,-27,27
32318,94,109,-15,15
32319,39,58,-19,19
32320,163,155,8,8
32321,131,139,-8,8
32322,78,95,-17,17
32323,107,125,-18,18
32324,40,59,-19,19
32325,83,99,-16,16
32326,88,113,-25,25
32327,104,113,-9,9
32328,116,119,-3,3
32329,144,139,5,5
32330,93,107,-14,14
32331,89,102,-13,13
32332,110,121,-11,11
32333,62,103,-41,41
32334,100,109,-9,9
32335,79,95,-16,16
32336,80,93,-13,13
32337,120,129,-9,9
32338,84,118,-34,34
32339,88,103,-15,15
32340,132,153,-21,21
32341,93,94,-1,1
32342,79,92,-13,13
32343,27,51,-24,24
32344,97,105,-8,8
32345,167,153,14,14
32346,146,154,-8,8
32347,45,58,-13,13
32348,53,70,-17,17
32349,57,73,-16,16
32350,40,60,-20,20
32351,77,95,-18,18
32352,120,125,-5,5
32353,87,111,-24,24
32354,189,166,23,23
32355,84,97,-13,13
32356,68,77,-9,9
32357,85,102,-17,17
32358,75,93,-18,18
32359,58,73,-15,15
32360,67,80,-13,13
32361,58,72,-14,14
32362,38,56,-18,18
32363,63,81,-18,18
32364,82,105,-23,23
32365,111,134,-23,23
32366,168,153,15,15
32367,67,80,-13,13
32368,92,106,-14,14
32369,43,56,-13,13
32370,126,126,0,0
32371,94,103,-9,9
32372,108,123,-15,15
32373,80,99,-19,19
32374,159,148,11,11
32375,101,100,1,1
32376,71,80,-9,9
32377,77,99,-22,22
32378,53,76,-23,23
32379,96,113,-17,17
32380,144,137,7,7
32381,96,112,-16,16
32382,120,130,-10,10
32383,91,101,-10,10
32384,57,78,-21,21
32385,95,111,-16,16
32386,114,126,-12,12
32387,115,129,-14,14
32388,63,69,-6,6
32389,103,108,-5,5
32390,213,197,16,16
32391,82,101,-19,19
32392,113,114,-1,1
32393,75,90,-15,15
32394,122,133,-11,11
32395,82,83,-1,1
32396,112,116,-4,4
32397,114,121,-7,7
32398,62,69,-7,7
32399,145,143,2,2
32400,153,155,-2,2
32401,102,94,8,8
32402,65,84,-19,19
32403,79,81,-2,2
32404,85,101,-16,16
32405,69,75,-6,6
32406,69,89,-20,20
32407,106,111,-5,5
32408,73,87,-14,14
32409,95,99,-4,4
32410,68,89,-21,21
32411,72,87,-15,15
32412,71,87,-16,16
32413,135,142,-7,7
32414,115,121,-6,6
32415,75,91,-16,16
32416,57,73,-16,16
32417,33,53,-20,20
32418,73,89,-16,16
32419,147,148,-1,1
32420,100,111,-11,11
32421,81,95,-14,14
32422,130,135,-5,5
32423,63,78,-15,15
32424,75,93,-18,18
32425,97,114,-17,17
32426,80,98,-18,18
32427,67,82,-15,15
32428,135,142,-7,7
32429,48,62,-14,14
32430,113,133,-20,20
32431,62,78,-16,16
32432,66,78,-12,12
32433,62,71,-9,9
32434,140,154,-14,14
32435,82,97,-15,15
32436,86,97,-11,11
32437,123,154,-31,31
32438,134,139,-5,5
32439,63,77,-14,14
32440,142,143,-1,1
32441,63,78,-15,15
32442,94,98,-4,4
32443,72,89,-17,17
32444,146,146,0,0
32445,90,89,1,1
32446,57,73,-16,16
32447,51,74,-23,23
32448,64,80,-16,16
32449,80,102,-22,22
32450,105,113,-8,8
32451,109,121,-12,12
32452,99,117,-18,18
32453,209,186,23,23
32454,82,89,-7,7
32455,49,67,-18,18
32456,72,82,-10,10
32457,62,76,-14,14
32458,50,70,-20,20
32459,153,153,0,0
32460,140,149,-9,9
32461,95,100,-5,5
32462,81,90,-9,9
32463,114,116,-2,2
32464,130,139,-9,9
32465,31,54,-23,23
32466,86,105,-19,19
32467,100,117,-17,17
32468,58,74,-16,16
32469,58,73,-15,15
32470,95,99,-4,4
32471,121,131,-10,10
32472,83,97,-14,14
32473,152,147,5,5
32474,138,147,-9,9
32475,128,142,-14,14
32476,92,114,-22,22
32477,64,86,-22,22
32478,72,92,-20,20
32479,110,123,-13,13
32480,57,70,-13,13
32481,99,106,-7,7
32482,98,105,-7,7
32483,73,99,-26,26
32484,53,71,-18,18
32485,55,81,-26,26
32486,61,75,-14,14
32487,239,211,28,28
32488,86,101,-15,15
32489,133,125,8,8
32490,80,97,-17,17
32491,76,83,-7,7
32492,79,84,-5,5
32493,140,145,-5,5
32494,97,111,-14,14
32495,74,77,-3,3
32496,142,136,6,6
32497,82,94,-12,12
32498,62,75,-13,13
32499,101,122,-21,21
32500,69,100,-31,31
32501,171,155,16,16
32502,69,91,-22,22
32503,72,85,-13,13
32504,93,102,-9,9
32505,78,93,-15,15
32506,68,82,-14,14
32507,54,71,-17,17
32508,110,122,-12,12
32509,69,91,-22,22
32510,92,102,-10,10
32511,65,79,-14,14
32512,28,50,-22,22
32513,65,82,-17,17
32514,69,75,-6,6
32515,119,117,2,2
32516,78,88,-10,10
32517,75,88,-13,13
32518,70,84,-14,14
32519,57,83,-26,26
32520,88,99,-11,11
32521,80,88,-8,8
32522,113,125,-12,12
32523,63,81,-18,18
32524,91,104,-13,13
32525,141,135,6,6
32526,88,105,-17,17
32527,46,67,-21,21
32528,109,119,-10,10
32529,98,110,-12,12
32530,177,163,14,14
32531,142,147,-5,5
32532,56,73,-17,17
32533,166,149,17,17
32534,70,78,-8,8
32535,64,81,-17,17
32536,70,89,-19,19
32537,66,85,-19,19
32538,104,113,-9,9
32539,131,128,3,3
32540,82,94,-12,12
32541,65,78,-13,13
32542,95,108,-13,13
32543,79,85,-6,6
32544,86,96,-10,10
32545,84,97,-13,13
32546,103,105,-2,2
32547,77,88,-11,11
32548,125,130,-5,5
32549,122,131,-9,9
32550,64,76,-12,12
32551,95,114,-19,19
32552,79,96,-17,17
32553,67,78,-11,11
32554,160,153,7,7
32555,103,114,-11,11
32556,114,123,-9,9
32557,74,91,-17,17
32558,123,127,-4,4
32559,50,70,-20,20
32560,53,70,-17,17
32561,195,195,0,0
32562,71,84,-13,13
32563,171,151,20,20
32564,90,105,-15,15
32565,75,87,-12,12
32566,84,100,-16,16
32567,86,118,-32,32
32568,101,115,-14,14
32569,131,127,4,4
32570,159,148,11,11
32571,52,77,-25,25
32572,119,126,-7,7
32573,85,94,-9,9
32574,97,106,-9,9
32575,73,89,-16,16
32576,54,75,-21,21
32577,73,79,-6,6
32578,127,124,3,3
32579,164,159,5,5
32580,104,103,1,1
32581,57,68,-11,11
32582,40,64,-24,24
32583,103,111,-8,8
32584,149,145,4,4
32585,105,110,-5,5
32586,184,161,23,23
32587,74,84,-10,10
32588,145,141,4,4
32589,74,95,-21,21
32590,83,110,-27,27
32591,82,92,-10,10
32592,85,114,-29,29
32593,133,144,-11,11
32594,68,79,-11,11
32595,56,87,-31,31
32596,183,168,15,15
32597,66,82,-16,16
32598,115,134,-19,19
32599,86,94,-8,8
32600,64,84,-20,20
32601,41,59,-18,18
32602,97,127,-30,30
32603,76,90,-14,14
32604,64,79,-15,15
32605,67,85,-18,18
32606,92,99,-7,7
32607,86,98,-12,12
32608,86,95,-9,9
32609,114,122,-8,8
32610,134,128,6,6
32611,80,86,-6,6
32612,151,165,-14,14
32613,99,111,-12,12
32614,144,147,-3,3
32615,118,123,-5,5
32616,74,87,-13,13
32617,85,93,-8,8
32618,51,74,-23,23
32619,57,73,-16,16
32620,152,148,4,4
32621,80,96,-16,16
32622,83,90,-7,7
32623,69,79,-10,10
32624,126,146,-20,20
32625,178,160,18,18
32626,101,120,-19,19
32627,110,121,-11,11
32628,53,71,-18,18
32629,89,108,-19,19
32630,97,112,-15,15
32631,81,88,-7,7
32632,87,93,-6,6
32633,52,64,-12,12
32634,98,103,-5,5
32635,109,116,-7,7
32636,103,112,-9,9
32637,90,89,1,1
32638,73,84,-11,11
32639,157,152,5,5
32640,106,111,-5,5
32641,144,145,-1,1
32642,105,117,-12,12
32643,191,174,17,17
32644,79,91,-12,12
32645,113,109,4,4
32646,66,78,-12,12
32647,62,97,-35,35
32648,71,91,-20,20
32649,93,106,-13,13
32650,90,91,-1,1
32651,81,91,-10,10
32652,97,109,-12,12
32653,43,73,-30,30
32654,150,146,4,4
32655,78,88,-10,10
32656,122,121,1,1
32657,76,87,-11,11
32658,50,70,-20,20
32659,78,108,-30,30
32660,68,91,-23,23
32661,92,96,-4,4
32662,65,89,-24,24
32663,112,117,-5,5
32664,69,84,-15,15
32665,86,97,-11,11
32666,73,86,-13,13
32667,99,108,-9,9
32668,99,100,-1,1
32669,70,90,-20,20
32670,88,95,-7,7
32671,66,79,-13,13
32672,123,121,2,2
32673,72,78,-6,6
32674,120,143,-23,23
32675,51,73,-22,22
32676,68,77,-9,9
32677,103,116,-13,13
32678,76,86,-10,10
32679,77,97,-20,20
32680,143,155,-12,12
32681,128,137,-9,9
32682,87,95,-8,8
32683,47,69,-22,22
32684,119,128,-9,9
32685,119,125,-6,6
32686,52,71,-19,19
32687,123,111,12,12
32688,78,91,-13,13
32689,135,147,-12,12
32690,65,80,-15,15
32691,50,66,-16,16
32692,59,97,-38,38
32693,95,95,0,0
32694,74,98,-24,24
32695,127,120,7,7
32696,135,139,-4,4
32697,80,92,-12,12
32698,81,101,-20,20
32699,102,114,-12,12
32700,131,140,-9,9
32701,96,99,-3,3
32702,100,113,-13,13
32703,104,111,-7,7
32704,112,129,-17,17
32705,103,105,-2,2
32706,96,105,-9,9
32707,86,94,-8,8
32708,130,142,-12,12
32709,47,62,-15,15
32710,118,120,-2,2
32711,81,93,-12,12
32712,117,111,6,6
32713,77,92,-15,15
32714,129,135,-6,6
32715,111,103,8,8
32716,131,132,-1,1
32717,67,84,-17,17
32718,66,77,-11,11
32719,111,128,-17,17
32720,71,100,-29,29
32721,58,70,-12,12
32722,61,87,-26,26
32723,65,78,-13,13
32724,91,111,-20,20
32725,126,133,-7,7
32726,79,71,8,8
32727,98,103,-5,5
32728,83,118,-35,35
32729,46,61,-15,15
32730,71,86,-15,15
32731,56,80,-24,24
32732,74,85,-11,11
32733,86,95,-9,9
32734,125,125,0,0
32735,71,78,-7,7
32736,62,78,-16,16
32737,96,78,18,18
32738,145,138,7,7
32739,73,86,-13,13
32740,67,84,-17,17
32741,87,99,-12,12
32742,79,83,-4,4
32743,93,106,-13,13
32744,72,84,-12,12
32745,68,84,-16,16
32746,72,84,-12,12
32747,132,130,2,2
32748,75,86,-11,11
32749,86,102,-16,16
32750,101,106,-5,5
32751,193,189,4,4
32752,124,130,-6,6
32753,96,103,-7,7
32754,102,113,-11,11
32755,48,64,-16,16
32756,95,98,-3,3
32757,172,165,7,7
32758,174,164,10,10
32759,171,151,20,20
32760,64,76,-12,12
32761,90,103,-13,13
32762,77,94,-17,17
32763,79,89,-10,10
32764,82,94,-12,12
32765,128,137,-9,9
32766,96,114,-18,18
32767,88,100,-12,12
32768,78,94,-16,16
32769,115,132,-17,17
32770,75,95,-20,20
32771,132,139,-7,7
32772,161,151,10,10
32773,117,118,-1,1
32774,61,70,-9,9
32775,84,88,-4,4
32776,102,117,-15,15
32777,108,118,-10,10
32778,108,130,-22,22
32779,156,150,6,6
32780,107,115,-8,8
32781,74,82,-8,8
32782,185,190,-5,5
32783,61,87,-26,26
32784,106,116,-10,10
32785,73,88,-15,15
32786,83,88,-5,5
32787,53,73,-20,20
32788,216,198,18,18
32789,90,99,-9,9
32790,94,113,-19,19
32791,113,125,-12,12
32792,48,67,-19,19
32793,125,148,-23,23
32794,58,74,-16,16
32795,112,118,-6,6
32796,91,97,-6,6
32797,90,110,-20,20
32798,104,108,-4,4
32799,59,77,-18,18
32800,74,90,-16,16
32801,99,120,-21,21
32802,76,95,-19,19
32803,101,107,-6,6
32804,143,146,-3,3
32805,66,79,-13,13
32806,108,111,-3,3
32807,126,132,-6,6
32808,102,104,-2,2
32809,106,123,-17,17
32810,84,97,-13,13
32811,133,138,-5,5
32812,68,83,-15,15
32813,133,139,-6,6
32814,91,101,-10,10
32815,148,149,-1,1
32816,131,145,-14,14
32817,105,110,-5,5
32818,111,140,-29,29
32819,50,64,-14,14
32820,118,117,1,1
32821,56,76,-20,20
32822,76,87,-11,11
32823,141,140,1,1
32824,162,152,10,10
32825,144,149,-5,5
32826,131,146,-15,15
32827,57,74,-17,17
32828,105,125,-20,20
32829,74,85,-11,11
32830,118,148,-30,30
32831,157,153,4,4
32832,105,115,-10,10
32833,90,104,-14,14
32834,96,117,-21,21
32835,161,156,5,5
32836,83,92,-9,9
32837,145,147,-2,2
32838,55,71,-16,16
32839,113,135,-22,22
32840,72,86,-14,14
32841,199,188,11,11
32842,57,87,-30,30
32843,86,100,-14,14
32844,124,129,-5,5
32845,59,86,-27,27
32846,65,67,-2,2
32847,82,89,-7,7
32848,127,130,-3,3
32849,82,102,-20,20
32850,101,103,-2,2
32851,105,110,-5,5
32852,94,110,-16,16
32853,125,129,-4,4
32854,96,105,-9,9
32855,48,66,-18,18
32856,68,87,-19,19
32857,98,106,-8,8
32858,152,147,5,5
32859,139,123,16,16
32860,80,99,-19,19
32861,113,122,-9,9
32862,102,127,-25,25
32863,94,102,-8,8
32864,56,75,-19,19
32865,112,121,-9,9
32866,71,84,-13,13
32867,163,159,4,4
32868,95,112,-17,17
32869,165,157,8,8
32870,100,113,-13,13
32871,104,109,-5,5
32872,68,89,-21,21
32873,152,148,4,4
32874,62,83,-21,21
32875,56,76,-20,20
32876,87,102,-15,15
32877,48,69,-21,21
32878,85,97,-12,12
32879,82,108,-26,26
32880,70,104,-34,34
32881,80,89,-9,9
32882,100,114,-14,14
32883,158,152,6,6
32884,143,146,-3,3
32885,76,87,-11,11
32886,64,80,-16,16
32887,121,126,-5,5
32888,72,90,-18,18
32889,53,67,-14,14
32890,202,185,17,17
32891,54,70,-16,16
32892,58,70,-12,12
32893,125,139,-14,14
32894,74,80,-6,6
32895,58,114,-56,56
32896,144,147,-3,3
32897,124,133,-9,9
32898,84,95,-11,11
32899,27,82,-55,55
32900,84,94,-10,10
32901,176,155,21,21
32902,44,63,-19,19
32903,66,81,-15,15
32904,73,96,-23,23
32905,71,97,-26,26
32906,42,85,-43,43
32907,61,96,-35,35
32908,71,78,-7,7
32909,90,111,-21,21
32910,74,84,-10,10
32911,109,108,1,1
32912,124,129,-5,5
32913,94,103,-9,9
32914,158,164,-6,6
32915,97,100,-3,3
32916,73,80,-7,7
32917,90,112,-22,22
32918,64,75,-11,11
32919,144,151,-7,7
32920,104,115,-11,11
32921,186,163,23,23
32922,102,107,-5,5
32923,85,96,-11,11
32924,96,113,-17,17
32925,122,131,-9,9
32926,97,103,-6,6
32927,96,108,-12,12
32928,50,62,-12,12
32929,110,138,-28,28
32930,89,97,-8,8
32931,98,105,-7,7
32932,123,137,-14,14
32933,53,70,-17,17
32934,114,122,-8,8
32935,152,156,-4,4
32936,146,152,-6,6
32937,134,134,0,0
32938,105,120,-15,15
32939,38,79,-41,41
32940,99,106,-7,7
32941,107,116,-9,9
32942,92,96,-4,4
32943,120,132,-12,12
32944,129,137,-8,8
32945,95,103,-8,8
32946,90,101,-11,11
32947,103,113,-10,10
32948,114,122,-8,8
32949,59,76,-17,17
32950,36,65,-29,29
32951,99,107,-8,8
32952,76,94,-18,18
32953,149,141,8,8
32954,106,105,1,1
32955,61,83,-22,22
32956,47,80,-33,33
32957,158,169,-11,11
32958,54,72,-18,18
32959,50,73,-23,23
32960,98,106,-8,8
32961,94,100,-6,6
32962,67,80,-13,13
32963,49,65,-16,16
32964,146,146,0,0
32965,135,133,2,2
32966,87,89,-2,2
32967,98,115,-17,17
32968,59,72,-13,13
32969,86,95,-9,9
32970,62,78,-16,16
32971,113,121,-8,8
32972,93,104,-11,11
32973,75,95,-20,20
32974,83,92,-9,9
32975,138,142,-4,4
32976,67,84,-17,17
32977,84,90,-6,6
32978,117,126,-9,9
32979,64,80,-16,16
32980,80,87,-7,7
32981,85,103,-18,18
32982,67,85,-18,18
32983,96,107,-11,11
32984,72,89,-17,17
32985,63,91,-28,28
32986,151,144,7,7
32987,49,70,-21,21
32988,103,96,7,7
32989,32,52,-20,20
32990,70,78,-8,8
32991,135,145,-10,10
32992,55,71,-16,16
32993,99,110,-11,11
32994,114,123,-9,9
32995,82,90,-8,8
32996,119,132,-13,13
32997,104,117,-13,13
32998,123,126,-3,3
32999,113,126,-13,13
33000,153,153,0,0
33001,89,102,-13,13
33002,48,88,-40,40
33003,113,116,-3,3
33004,83,99,-16,16
33005,129,130,-1,1
33006,67,86,-19,19
33007,96,102,-6,6
33008,92,103,-11,11
33009,103,112,-9,9
33010,121,115,6,6
33011,48,70,-22,22
33012,98,102,-4,4
33013,112,115,-3,3
33014,107,117,-10,10
33015,92,92,0,0
33016,72,93,-21,21
33017,86,95,-9,9
33018,86,97,-11,11
33019,120,125,-5,5
33020,65,86,-21,21
33021,86,95,-9,9
33022,138,139,-1,1
33023,74,95,-21,21
33024,60,75,-15,15
33025,125,125,0,0
33026,61,81,-20,20
33027,99,107,-8,8
33028,150,148,2,2
33029,69,80,-11,11
33030,41,62,-21,21
33031,108,112,-4,4
33032,163,163,0,0
33033,121,126,-5,5
33034,72,88,-16,16
33035,109,116,-7,7
33036,133,145,-12,12
33037,74,87,-13,13
33038,119,131,-12,12
33039,77,91,-14,14
33040,97,120,-23,23
33041,76,91,-15,15
33042,102,106,-4,4
33043,88,95,-7,7
33044,139,140,-1,1
33045,93,103,-10,10
33046,171,151,20,20
33047,115,144,-29,29
33048,73,85,-12,12
33049,102,109,-7,7
33050,97,107,-10,10
33051,107,120,-13,13
33052,180,175,5,5
33053,78,89,-11,11
33054,279,247,32,32
33055,86,109,-23,23
33056,80,92,-12,12
33057,131,145,-14,14
33058,49,69,-20,20
33059,100,108,-8,8
33060,53,82,-29,29
33061,116,120,-4,4
33062,61,77,-16,16
33063,73,81,-8,8
33064,70,80,-10,10
33065,56,73,-17,17
33066,69,82,-13,13
33067,76,85,-9,9
33068,57,77,-20,20
33069,36,52,-16,16
33070,75,97,-22,22
33071,62,75,-13,13
33072,78,89,-11,11
33073,112,119,-7,7
33074,85,93,-8,8
33075,164,149,15,15
33076,52,78,-26,26
33077,102,114,-12,12
33078,34,54,-20,20
33079,52,73,-21,21
33080,63,91,-28,28
33081,60,73,-13,13
33082,145,147,-2,2
33083,74,91,-17,17
33084,106,124,-18,18
33085,53,70,-17,17
33086,114,129,-15,15
33087,135,146,-11,11
33088,119,125,-6,6
33089,84,113,-29,29
33090,62,76,-14,14
33091,150,149,1,1
33092,178,188,-10,10
33093,125,133,-8,8
33094,125,134,-9,9
33095,56,73,-17,17
33096,83,94,-11,11
33097,79,105,-26,26
33098,66,82,-16,16
33099,62,77,-15,15
33100,77,90,-13,13
33101,113,120,-7,7
33102,119,133,-14,14
33103,100,104,-4,4
33104,121,128,-7,7
33105,102,114,-12,12
33106,106,130,-24,24
33107,67,81,-14,14
33108,104,110,-6,6
33109,133,143,-10,10
33110,138,136,2,2
33111,62,84,-22,22
33112,110,133,-23,23
33113,140,141,-1,1
33114,80,87,-7,7
33115,103,116,-13,13
33116,114,119,-5,5
33117,55,67,-12,12
33118,91,101,-10,10
33119,38,65,-27,27
33120,89,91,-2,2
33121,129,132,-3,3
33122,30,79,-49,49
33123,103,111,-8,8
33124,100,115,-15,15
33125,87,102,-15,15
33126,99,105,-6,6
33127,87,99,-12,12
33128,91,103,-12,12
33129,105,111,-6,6
33130,104,111,-7,7
33131,46,62,-16,16
33132,86,92,-6,6
33133,59,90,-31,31
33134,135,144,-9,9
33135,47,64,-17,17
33136,108,106,2,2
33137,108,111,-3,3
33138,120,132,-12,12
33139,50,91,-41,41
33140,102,136,-34,34
33141,129,145,-16,16
33142,82,138,-56,56
33143,141,136,5,5
33144,87,94,-7,7
33145,108,113,-5,5
33146,113,133,-20,20
33147,166,157,9,9
33148,82,93,-11,11
33149,34,81,-47,47
33150,57,75,-18,18
33151,128,143,-15,15
33152,86,100,-14,14
33153,70,80,-10,10
33154,106,115,-9,9
33155,111,121,-10,10
33156,89,116,-27,27
33157,28,46,-18,18
33158,102,112,-10,10
33159,159,147,12,12
33160,170,156,14,14
33161,98,111,-13,13
33162,77,92,-15,15
33163,118,130,-12,12
33164,96,107,-11,11
33165,51,75,-24,24
33166,63,74,-11,11
33167,70,87,-17,17
33168,99,116,-17,17
33169,58,70,-12,12
33170,60,75,-15,15
33171,78,94,-16,16
33172,45,75,-30,30
33173,89,115,-26,26
33174,69,84,-15,15
33175,84,106,-22,22
33176,73,83,-10,10
33177,178,159,19,19
33178,63,84,-21,21
33179,108,115,-7,7
33180,105,122,-17,17
33181,43,60,-17,17
33182,82,88,-6,6
33183,76,93,-17,17
33184,143,141,2,2
33185,91,99,-8,8
33186,63,78,-15,15
33187,136,137,-1,1
33188,83,88,-5,5
33189,128,128,0,0
33190,63,82,-19,19
33191,72,94,-22,22
33192,96,108,-12,12
33193,66,72,-6,6
33194,89,113,-24,24
33195,74,83,-9,9
33196,69,85,-16,16
33197,86,96,-10,10
33198,105,112,-7,7
33199,92,108,-16,16
33200,49,73,-24,24
33201,151,147,4,4
33202,87,115,-28,28
33203,86,97,-11,11
33204,55,70,-15,15
33205,113,135,-22,22
33206,96,102,-6,6
33207,84,94,-10,10
33208,102,112,-10,10
33209,85,100,-15,15
33210,141,147,-6,6
33211,90,90,0,0
33212,57,74,-17,17
33213,80,99,-19,19
33214,111,117,-6,6
33215,82,136,-54,54
33216,85,97,-12,12
33217,85,93,-8,8
33218,67,80,-13,13
33219,86,97,-11,11
33220,102,104,-2,2
33221,71,83,-12,12
33222,130,153,-23,23
33223,76,95,-19,19
33224,70,85,-15,15
33225,86,104,-18,18
33226,55,68,-13,13
33227,97,111,-14,14
33228,98,129,-31,31
33229,70,76,-6,6
33230,102,108,-6,6
33231,79,86,-7,7
33232,104,109,-5,5
33233,70,76,-6,6
33234,94,103,-9,9
33235,103,114,-11,11
33236,102,128,-26,26
33237,102,109,-7,7
33238,67,81,-14,14
33239,165,158,7,7
33240,73,110,-37,37
33241,149,147,2,2
33242,92,102,-10,10
33243,57,80,-23,23
33244,76,79,-3,3
33245,129,131,-2,2
33246,66,82,-16,16
33247,132,130,2,2
33248,108,113,-5,5
33249,162,160,2,2
33250,104,111,-7,7
33251,98,116,-18,18
33252,81,97,-16,16
33253,106,124,-18,18
33254,134,147,-13,13
33255,118,128,-10,10
33256,156,147,9,9
33257,73,83,-10,10
33258,106,123,-17,17
33259,64,74,-10,10
33260,66,78,-12,12
33261,126,120,6,6
33262,103,113,-10,10
33263,57,71,-14,14
33264,158,160,-2,2
33265,103,110,-7,7
33266,103,114,-11,11
33267,172,157,15,15
33268,137,146,-9,9
33269,95,102,-7,7
33270,127,129,-2,2
33271,87,95,-8,8
33272,136,130,6,6
33273,51,68,-17,17
33274,95,104,-9,9
33275,100,113,-13,13
33276,140,141,-1,1
33277,102,122,-20,20
33278,69,82,-13,13
33279,148,147,1,1
33280,121,143,-22,22
33281,133,146,-13,13
33282,106,119,-13,13
33283,95,103,-8,8
33284,71,98,-27,27
33285,148,150,-2,2
33286,188,173,15,15
33287,111,121,-10,10
33288,88,100,-12,12
33289,71,94,-23,23
33290,83,103,-20,20
33291,44,61,-17,17
33292,69,79,-10,10
33293,44,61,-17,17
33294,111,117,-6,6
33295,105,121,-16,16
33296,76,88,-12,12
33297,95,105,-10,10
33298,181,169,12,12
33299,128,127,1,1
33300,81,92,-11,11
33301,175,153,22,22
33302,57,68,-11,11
33303,70,81,-11,11
33304,77,87,-10,10
33305,61,78,-17,17
33306,108,122,-14,14
33307,69,87,-18,18
33308,61,74,-13,13
33309,116,120,-4,4
33310,50,69,-19,19
33311,95,101,-6,6
33312,62,82,-20,20
33313,161,152,9,9
33314,101,117,-16,16
33315,84,94,-10,10
33316,87,104,-17,17
33317,71,86,-15,15
33318,56,73,-17,17
33319,77,89,-12,12
33320,100,142,-42,42
33321,74,97,-23,23
33322,59,78,-19,19
33323,117,124,-7,7
33324,102,112,-10,10
33325,97,109,-12,12
33326,77,85,-8,8
33327,128,147,-19,19
33328,89,97,-8,8
33329,67,82,-15,15
33330,69,88,-19,19
33331,104,117,-13,13
33332,55,76,-21,21
33333,62,77,-15,15
33334,101,107,-6,6
33335,78,101,-23,23
33336,86,89,-3,3
33337,81,90,-9,9
33338,104,107,-3,3
33339,57,70,-13,13
33340,101,105,-4,4
33341,84,93,-9,9
33342,73,95,-22,22
33343,106,119,-13,13
33344,102,122,-20,20
33345,71,94,-23,23
33346,144,148,-4,4
33347,131,122,9,9
33348,82,82,0,0
33349,83,89,-6,6
33350,169,158,11,11
33351,70,80,-10,10
33352,158,150,8,8
33353,162,144,18,18
33354,104,108,-4,4
33355,52,64,-12,12
33356,59,73,-14,14
33357,70,88,-18,18
33358,112,128,-16,16
33359,106,106,0,0
33360,130,132,-2,2
33361,111,117,-6,6
33362,117,116,1,1
33363,118,136,-18,18
33364,74,92,-18,18
33365,52,72,-20,20
33366,97,122,-25,25
33367,72,88,-16,16
33368,84,97,-13,13
33369,50,69,-19,19
33370,101,110,-9,9
33371,52,69,-17,17
33372,85,104,-19,19
33373,90,103,-13,13
33374,66,84,-18,18
33375,132,129,3,3
33376,91,106,-15,15
33377,46,63,-17,17
33378,36,58,-22,22
33379,94,109,-15,15
33380,65,81,-16,16
33381,85,99,-14,14
33382,78,89,-11,11
33383,140,150,-10,10
33384,79,94,-15,15
33385,108,118,-10,10
33386,84,93,-9,9
33387,89,102,-13,13
33388,119,124,-5,5
33389,52,63,-11,11
33390,130,136,-6,6
33391,57,67,-10,10
33392,128,132,-4,4
33393,106,107,-1,1
33394,65,72,-7,7
33395,75,94,-19,19
33396,153,156,-3,3
33397,42,61,-19,19
33398,70,80,-10,10
33399,157,153,4,4
33400,153,149,4,4
33401,93,101,-8,8
33402,85,94,-9,9
33403,70,101,-31,31
33404,84,102,-18,18
33405,61,76,-15,15
33406,80,92,-12,12
33407,60,72,-12,12
33408,60,74,-14,14
33409,122,132,-10,10
33410,87,102,-15,15
33411,207,160,47,47
33412,102,119,-17,17
33413,52,76,-24,24
33414,75,96,-21,21
33415,62,76,-14,14
33416,82,101,-19,19
33417,144,136,8,8
33418,130,141,-11,11
33419,90,88,2,2
33420,71,88,-17,17
33421,77,84,-7,7
33422,72,85,-13,13
33423,46,63,-17,17
33424,55,79,-24,24
33425,64,127,-63,63
33426,73,82,-9,9
33427,76,95,-19,19
33428,100,111,-11,11
33429,108,110,-2,2
33430,130,133,-3,3
33431,136,137,-1,1
33432,89,100,-11,11
33433,79,102,-23,23
33434,110,112,-2,2
33435,125,140,-15,15
33436,79,100,-21,21
33437,32,50,-18,18
33438,97,131,-34,34
33439,135,138,-3,3
33440,93,107,-14,14
33441,111,118,-7,7
33442,87,112,-25,25
33443,131,129,2,2
33444,72,83,-11,11
33445,72,96,-24,24
33446,192,162,30,30
33447,129,131,-2,2
33448,102,110,-8,8
33449,86,89,-3,3
33450,134,132,2,2
33451,157,153,4,4
33452,75,91,-16,16
33453,93,104,-11,11
33454,96,108,-12,12
33455,105,115,-10,10
33456,110,118,-8,8
33457,137,134,3,3
33458,194,191,3,3
33459,82,92,-10,10
33460,102,122,-20,20
33461,92,102,-10,10
33462,119,111,8,8
33463,113,118,-5,5
33464,85,99,-14,14
33465,66,82,-16,16
33466,145,148,-3,3
33467,112,125,-13,13
33468,133,143,-10,10
33469,113,116,-3,3
33470,175,150,25,25
33471,113,129,-16,16
33472,59,74,-15,15
33473,97,113,-16,16
33474,74,85,-11,11
33475,53,68,-15,15
33476,108,119,-11,11
33477,133,131,2,2
33478,46,63,-17,17
33479,135,138,-3,3
33480,111,118,-7,7
33481,117,123,-6,6
33482,69,82,-13,13
33483,175,157,18,18
33484,83,90,-7,7
33485,80,96,-16,16
33486,95,116,-21,21
33487,80,93,-13,13
33488,71,85,-14,14
33489,61,72,-11,11
33490,83,93,-10,10
33491,168,156,12,12
33492,78,91,-13,13
33493,79,100,-21,21
33494,112,127,-15,15
33495,73,88,-15,15
33496,71,103,-32,32
33497,86,101,-15,15
33498,105,125,-20,20
33499,103,106,-3,3
33500,81,94,-13,13
33501,70,84,-14,14
33502,107,109,-2,2
33503,150,152,-2,2
33504,70,77,-7,7
33505,80,100,-20,20
33506,48,71,-23,23
33507,100,119,-19,19
33508,52,79,-27,27
33509,97,108,-11,11
33510,172,161,11,11
33511,28,52,-24,24
33512,42,92,-50,50
33513,120,128,-8,8
33514,60,78,-18,18
33515,118,113,5,5
33516,175,158,17,17
33517,69,83,-14,14
33518,50,67,-17,17
33519,90,102,-12,12
33520,109,120,-11,11
33521,63,84,-21,21
33522,63,80,-17,17
33523,54,69,-15,15
33524,115,126,-11,11
33525,61,77,-16,16
33526,91,107,-16,16
33527,76,103,-27,27
33528,72,95,-23,23
33529,64,78,-14,14
33530,47,61,-14,14
33531,67,79,-12,12
33532,111,118,-7,7
33533,102,142,-40,40
33534,68,77,-9,9
33535,101,95,6,6
33536,154,145,9,9
33537,71,87,-16,16
33538,77,87,-10,10
33539,74,86,-12,12
33540,95,108,-13,13
33541,98,108,-10,10
33542,87,96,-9,9
33543,134,145,-11,11
33544,118,128,-10,10
33545,146,147,-1,1
33546,82,106,-24,24
33547,85,85,0,0
33548,68,105,-37,37
33549,62,79,-17,17
33550,79,82,-3,3
33551,33,52,-19,19
33552,130,129,1,1
33553,88,94,-6,6
33554,132,140,-8,8
33555,69,89,-20,20
33556,98,100,-2,2
33557,113,120,-7,7
33558,84,97,-13,13
33559,78,86,-8,8
33560,121,121,0,0
33561,69,84,-15,15
33562,70,97,-27,27
33563,89,107,-18,18
33564,97,106,-9,9
33565,89,101,-12,12
33566,128,130,-2,2
33567,149,147,2,2
33568,115,124,-9,9
33569,68,81,-13,13
33570,44,65,-21,21
33571,36,57,-21,21
33572,64,93,-29,29
33573,75,79,-4,4
33574,85,98,-13,13
33575,90,104,-14,14
33576,98,124,-26,26
33577,110,113,-3,3
33578,91,108,-17,17
33579,179,158,21,21
33580,97,97,0,0
33581,65,82,-17,17
33582,111,132,-21,21
33583,191,160,31,31
33584,181,155,26,26
33585,58,77,-19,19
33586,90,88,2,2
33587,101,105,-4,4
33588,164,148,16,16
33589,117,116,1,1
33590,84,105,-21,21
33591,112,115,-3,3
33592,117,116,1,1
33593,80,96,-16,16
33594,150,145,5,5
33595,94,106,-12,12
33596,115,128,-13,13
33597,157,148,9,9
33598,69,86,-17,17
33599,61,74,-13,13
33600,97,109,-12,12
33601,74,87,-13,13
33602,90,105,-15,15
33603,59,70,-11,11
33604,121,117,4,4
33605,102,103,-1,1
33606,107,122,-15,15
33607,102,118,-16,16
33608,256,240,16,16
33609,75,89,-14,14
33610,80,92,-12,12
33611,67,82,-15,15
33612,122,127,-5,5
33613,65,73,-8,8
33614,74,94,-20,20
33615,86,101,-15,15
33616,206,195,11,11
33617,139,147,-8,8
33618,76,89,-13,13
33619,186,172,14,14
33620,111,122,-11,11
33621,80,86,-6,6
33622,148,149,-1,1
33623,76,99,-23,23
33624,123,149,-26,26
33625,79,108,-29,29
33626,118,123,-5,5
33627,51,67,-16,16
33628,88,115,-27,27
33629,157,153,4,4
33630,84,104,-20,20
33631,129,132,-3,3
33632,131,125,6,6
33633,74,109,-35,35
33634,93,107,-14,14
33635,88,103,-15,15
33636,74,100,-26,26
33637,102,110,-8,8
33638,143,144,-1,1
33639,67,77,-10,10
33640,197,175,22,22
33641,98,102,-4,4
33642,117,116,1,1
33643,120,131,-11,11
33644,118,133,-15,15
33645,63,70,-7,7
33646,139,147,-8,8
33647,144,149,-5,5
33648,96,103,-7,7
33649,110,104,6,6
33650,121,129,-8,8
33651,68,93,-25,25
33652,84,121,-37,37
33653,118,127,-9,9
33654,96,109,-13,13
33655,78,91,-13,13
33656,27,52,-25,25
33657,157,150,7,7
33658,137,140,-3,3
33659,107,115,-8,8
33660,95,108,-13,13
33661,45,69,-24,24
33662,69,128,-59,59
33663,196,172,24,24
33664,108,107,1,1
33665,88,97,-9,9
33666,199,177,22,22
33667,111,127,-16,16
33668,179,157,22,22
33669,157,156,1,1
33670,82,90,-8,8
33671,77,86,-9,9
33672,56,68,-12,12
33673,63,79,-16,16
33674,196,177,19,19
33675,89,106,-17,17
33676,126,128,-2,2
33677,39,52,-13,13
33678,80,101,-21,21
33679,97,104,-7,7
33680,85,97,-12,12
33681,58,74,-16,16
33682,132,135,-3,3
33683,54,80,-26,26
33684,99,107,-8,8
33685,91,103,-12,12
33686,75,81,-6,6
33687,57,82,-25,25
33688,66,86,-20,20
33689,105,124,-19,19
33690,51,64,-13,13
33691,134,134,0,0
33692,27,51,-24,24
33693,71,81,-10,10
33694,65,77,-12,12
33695,112,103,9,9
33696,100,115,-15,15
33697,56,77,-21,21
33698,74,87,-13,13
33699,137,138,-1,1
33700,96,112,-16,16
33701,113,132,-19,19
33702,56,71,-15,15
33703,91,104,-13,13
33704,179,170,9,9
33705,54,66,-12,12
33706,90,101,-11,11
33707,92,103,-11,11
33708,87,103,-16,16
33709,122,126,-4,4
33710,150,145,5,5
33711,90,96,-6,6
33712,98,106,-8,8
33713,59,76,-17,17
33714,122,133,-11,11
33715,150,152,-2,2
33716,74,86,-12,12
33717,65,80,-15,15
33718,53,74,-21,21
33719,93,107,-14,14
33720,108,114,-6,6
33721,70,92,-22,22
33722,135,136,-1,1
33723,87,103,-16,16
33724,65,90,-25,25
33725,55,64,-9,9
33726,40,59,-19,19
33727,88,98,-10,10
33728,168,153,15,15
33729,37,56,-19,19
33730,80,85,-5,5
33731,92,95,-3,3
33732,157,147,10,10
33733,121,130,-9,9
33734,119,131,-12,12
33735,131,115,16,16
33736,112,115,-3,3
33737,71,97,-26,26
33738,73,88,-15,15
33739,99,104,-5,5
33740,81,88,-7,7
33741,70,81,-11,11
33742,91,98,-7,7
33743,63,75,-12,12
33744,65,76,-11,11
33745,92,113,-21,21
33746,83,92,-9,9
33747,62,84,-22,22
33748,137,145,-8,8
33749,194,172,22,22
33750,104,108,-4,4
33751,136,144,-8,8
33752,149,149,0,0
33753,109,115,-6,6
33754,70,80,-10,10
33755,121,121,0,0
33756,73,87,-14,14
33757,97,102,-5,5
33758,105,109,-4,4
33759,131,138,-7,7
33760,118,125,-7,7
33761,97,106,-9,9
33762,49,67,-18,18
33763,110,120,-10,10
33764,87,103,-16,16
33765,107,115,-8,8
33766,72,83,-11,11
33767,173,162,11,11
33768,117,128,-11,11
33769,91,108,-17,17
33770,93,88,5,5
33771,34,48,-14,14
33772,75,82,-7,7
33773,110,121,-11,11
33774,76,102,-26,26
33775,122,158,-36,36
33776,94,106,-12,12
33777,60,78,-18,18
33778,96,109,-13,13
33779,92,105,-13,13
33780,155,147,8,8
33781,116,115,1,1
33782,113,121,-8,8
33783,70,81,-11,11
33784,127,141,-14,14
33785,104,126,-22,22
33786,103,116,-13,13
33787,66,73,-7,7
33788,58,71,-13,13
33789,47,76,-29,29
33790,124,136,-12,12
33791,47,58,-11,11
33792,134,129,5,5
33793,126,127,-1,1
33794,133,142,-9,9
33795,101,113,-12,12
33796,48,63,-15,15
33797,69,83,-14,14
33798,62,75,-13,13
33799,112,115,-3,3
33800,124,140,-16,16
33801,68,82,-14,14
33802,70,81,-11,11
33803,98,109,-11,11
33804,61,87,-26,26
33805,98,115,-17,17
33806,128,127,1,1
33807,112,120,-8,8
33808,62,79,-17,17
33809,106,108,-2,2
33810,90,97,-7,7
33811,57,70,-13,13
33812,127,137,-10,10
33813,83,91,-8,8
33814,123,128,-5,5
33815,99,103,-4,4
33816,114,126,-12,12
33817,124,140,-16,16
33818,63,79,-16,16
33819,169,159,10,10
33820,86,99,-13,13
33821,97,107,-10,10
33822,95,108,-13,13
33823,97,110,-13,13
33824,120,119,1,1
33825,100,107,-7,7
33826,127,144,-17,17
33827,65,83,-18,18
33828,74,90,-16,16
33829,146,148,-2,2
33830,93,107,-14,14
33831,76,91,-15,15
33832,127,132,-5,5
33833,61,73,-12,12
33834,81,97,-16,16
33835,132,123,9,9
33836,69,72,-3,3
33837,56,85,-29,29
33838,103,110,-7,7
33839,110,123,-13,13
33840,102,114,-12,12
33841,74,82,-8,8
33842,111,124,-13,13
33843,74,87,-13,13
33844,58,73,-15,15
33845,96,115,-19,19
33846,67,85,-18,18
33847,57,72,-15,15
33848,104,106,-2,2
33849,60,80,-20,20
33850,50,75,-25,25
33851,120,127,-7,7
33852,73,86,-13,13
33853,45,62,-17,17
33854,95,110,-15,15
33855,125,140,-15,15
33856,106,114,-8,8
33857,80,89,-9,9
33858,138,144,-6,6
33859,105,118,-13,13
33860,100,117,-17,17
33861,89,102,-13,13
33862,161,144,17,17
33863,115,130,-15,15
33864,109,115,-6,6
33865,120,121,-1,1
33866,64,80,-16,16
33867,85,98,-13,13
33868,139,142,-3,3
33869,56,74,-18,18
33870,100,113,-13,13
33871,61,74,-13,13
33872,87,103,-16,16
33873,78,81,-3,3
33874,135,134,1,1
33875,149,149,0,0
33876,123,134,-11,11
33877,114,111,3,3
33878,106,122,-16,16
33879,121,118,3,3
33880,103,123,-20,20
33881,133,144,-11,11
33882,83,94,-11,11
33883,90,95,-5,5
33884,43,55,-12,12
33885,195,176,19,19
33886,82,89,-7,7
33887,121,126,-5,5
33888,77,89,-12,12
33889,80,94,-14,14
33890,56,73,-17,17
33891,70,80,-10,10
33892,57,72,-15,15
33893,98,113,-15,15
33894,85,99,-14,14
33895,102,114,-12,12
33896,114,112,2,2
33897,153,148,5,5
33898,61,73,-12,12
33899,99,110,-11,11
33900,77,87,-10,10
33901,89,90,-1,1
33902,79,87,-8,8
33903,108,127,-19,19
33904,102,100,2,2
33905,54,77,-23,23
33906,101,112,-11,11
33907,131,136,-5,5
33908,56,74,-18,18
33909,110,116,-6,6
33910,78,86,-8,8
33911,153,146,7,7
33912,73,89,-16,16
33913,105,105,0,0
33914,57,86,-29,29
33915,95,116,-21,21
33916,56,74,-18,18
33917,107,109,-2,2
33918,62,95,-33,33
33919,157,151,6,6
33920,94,104,-10,10
33921,84,85,-1,1
33922,131,139,-8,8
33923,75,89,-14,14
33924,122,126,-4,4
33925,114,133,-19,19
33926,61,72,-11,11
33927,137,149,-12,12
33928,72,86,-14,14
33929,115,111,4,4
33930,49,97,-48,48
33931,98,102,-4,4
33932,114,128,-14,14
33933,79,90,-11,11
33934,75,86,-11,11
33935,111,110,1,1
33936,84,98,-14,14
33937,61,78,-17,17
33938,70,91,-21,21
33939,103,113,-10,10
33940,119,119,0,0
33941,62,82,-20,20
33942,94,98,-4,4
33943,161,151,10,10
33944,253,218,35,35
33945,112,126,-14,14
33946,63,88,-25,25
33947,90,97,-7,7
33948,124,131,-7,7
33949,85,89,-4,4
33950,167,161,6,6
33951,115,114,1,1
33952,113,113,0,0
33953,95,105,-10,10
33954,93,108,-15,15
33955,138,133,5,5
33956,74,87,-13,13
33957,52,76,-24,24
33958,104,114,-10,10
33959,143,146,-3,3
33960,74,94,-20,20
33961,69,82,-13,13
33962,133,147,-14,14
33963,82,93,-11,11
33964,98,98,0,0
33965,77,89,-12,12
33966,142,147,-5,5
33967,84,103,-19,19
33968,95,115,-20,20
33969,83,94,-11,11
33970,114,115,-1,1
33971,53,88,-35,35
33972,91,100,-9,9
33973,122,134,-12,12
33974,89,123,-34,34
33975,81,100,-19,19
33976,110,129,-19,19
33977,96,104,-8,8
33978,119,123,-4,4
33979,80,96,-16,16
33980,108,108,0,0
33981,71,81,-10,10
33982,80,89,-9,9
33983,157,158,-1,1
33984,85,85,0,0
33985,47,74,-27,27
33986,68,78,-10,10
33987,86,87,-1,1
33988,71,83,-12,12
33989,64,75,-11,11
33990,65,79,-14,14
33991,155,159,-4,4
33992,108,127,-19,19
33993,188,167,21,21
33994,109,119,-10,10
33995,64,81,-17,17
33996,120,147,-27,27
33997,72,89,-17,17
33998,55,77,-22,22
33999,69,82,-13,13
34000,186,163,23,23
34001,96,118,-22,22
34002,77,91,-14,14
34003,83,95,-12,12
34004,79,89,-10,10
34005,55,80,-25,25
34006,155,147,8,8
34007,91,102,-11,11
34008,48,73,-25,25
34009,122,133,-11,11
34010,75,102,-27,27
34011,109,122,-13,13
34012,110,119,-9,9
34013,79,91,-12,12
34014,69,79,-10,10
34015,78,98,-20,20
34016,129,140,-11,11
34017,131,135,-4,4
34018,45,66,-21,21
34019,96,106,-10,10
34020,105,132,-27,27
34021,128,137,-9,9
34022,139,143,-4,4
34023,116,117,-1,1
34024,81,92,-11,11
34025,77,93,-16,16
34026,100,109,-9,9
34027,68,79,-11,11
34028,70,88,-18,18
34029,222,214,8,8
34030,22,51,-29,29
34031,121,128,-7,7
34032,67,86,-19,19
34033,87,92,-5,5
34034,58,74,-16,16
34035,69,95,-26,26
34036,71,92,-21,21
34037,54,81,-27,27
34038,60,74,-14,14
34039,87,99,-12,12
34040,101,108,-7,7
34041,61,74,-13,13
34042,141,138,3,3
34043,121,137,-16,16
34044,102,108,-6,6
34045,78,93,-15,15
34046,96,123,-27,27
34047,56,69,-13,13
34048,101,105,-4,4
34049,64,81,-17,17
34050,55,83,-28,28
34051,89,94,-5,5
34052,84,92,-8,8
34053,90,97,-7,7
34054,166,152,14,14
34055,85,125,-40,40
34056,94,104,-10,10
34057,130,147,-17,17
34058,146,151,-5,5
34059,77,107,-30,30
34060,97,104,-7,7
34061,102,108,-6,6
34062,150,153,-3,3
34063,104,109,-5,5
34064,90,102,-12,12
34065,70,86,-16,16
34066,45,61,-16,16
34067,76,84,-8,8
34068,90,119,-29,29
34069,63,69,-6,6
34070,123,135,-12,12
34071,91,88,3,3
34072,102,105,-3,3
34073,120,120,0,0
34074,48,83,-35,35
34075,42,64,-22,22
34076,85,101,-16,16
34077,67,77,-10,10
34078,73,73,0,0
34079,67,82,-15,15
34080,87,101,-14,14
34081,172,152,20,20
34082,128,143,-15,15
34083,116,127,-11,11
34084,102,106,-4,4
34085,134,142,-8,8
34086,94,114,-20,20
34087,55,67,-12,12
34088,175,173,2,2
34089,71,85,-14,14
34090,53,74,-21,21
34091,92,110,-18,18
34092,111,116,-5,5
34093,120,129,-9,9
34094,107,128,-21,21
34095,48,59,-11,11
34096,85,92,-7,7
34097,122,149,-27,27
34098,90,109,-19,19
34099,70,83,-13,13
34100,63,79,-16,16
34101,110,110,0,0
34102,56,76,-20,20
34103,96,115,-19,19
34104,79,95,-16,16
34105,56,70,-14,14
34106,115,115,0,0
34107,60,79,-19,19
34108,59,78,-19,19
34109,74,86,-12,12
34110,110,127,-17,17
34111,99,126,-27,27
34112,106,118,-12,12
34113,62,70,-8,8
34114,93,103,-10,10
34115,59,73,-14,14
34116,88,95,-7,7
34117,75,105,-30,30
34118,78,85,-7,7
34119,67,87,-20,20
34120,118,119,-1,1
34121,66,74,-8,8
34122,69,83,-14,14
34123,110,115,-5,5
34124,102,115,-13,13
34125,127,134,-7,7
34126,99,115,-16,16
34127,127,138,-11,11
34128,97,97,0,0
34129,52,64,-12,12
34130,56,76,-20,20
34131,64,78,-14,14
34132,111,117,-6,6
34133,114,122,-8,8
34134,162,149,13,13
34135,56,86,-30,30
34136,35,53,-18,18
34137,83,100,-17,17
34138,151,152,-1,1
34139,77,88,-11,11
34140,65,86,-21,21
34141,67,78,-11,11
34142,81,91,-10,10
34143,56,71,-15,15
34144,67,82,-15,15
34145,59,69,-10,10
34146,142,133,9,9
34147,79,95,-16,16
34148,104,112,-8,8
34149,68,86,-18,18
34150,67,90,-23,23
34151,56,70,-14,14
34152,66,78,-12,12
34153,31,47,-16,16
34154,121,122,-1,1
34155,115,125,-10,10
34156,68,80,-12,12
34157,103,117,-14,14
34158,71,89,-18,18
34159,115,128,-13,13
34160,122,123,-1,1
34161,99,104,-5,5
34162,112,123,-11,11
34163,215,210,5,5
34164,68,88,-20,20
34165,84,98,-14,14
34166,82,94,-12,12
34167,82,94,-12,12
34168,95,102,-7,7
34169,80,93,-13,13
34170,121,123,-2,2
34171,103,110,-7,7
34172,74,93,-19,19
34173,59,72,-13,13
34174,106,115,-9,9
34175,62,72,-10,10
34176,49,65,-16,16
34177,62,77,-15,15
34178,151,150,1,1
34179,178,154,24,24
34180,96,108,-12,12
34181,91,105,-14,14
34182,74,86,-12,12
34183,78,94,-16,16
34184,95,126,-31,31
34185,109,117,-8,8
34186,59,73,-14,14
34187,64,69,-5,5
34188,122,119,3,3
34189,106,119,-13,13
34190,137,140,-3,3
34191,79,90,-11,11
34192,45,64,-19,19
34193,96,101,-5,5
34194,53,67,-14,14
34195,121,124,-3,3
34196,138,147,-9,9
34197,107,113,-6,6
34198,90,99,-9,9
34199,83,100,-17,17
34200,65,80,-15,15
34201,68,94,-26,26
34202,50,67,-17,17
34203,44,84,-40,40
34204,78,95,-17,17
34205,74,89,-15,15
34206,67,79,-12,12
34207,116,118,-2,2
34208,50,63,-13,13
34209,100,102,-2,2
34210,52,69,-17,17
34211,70,81,-11,11
34212,92,101,-9,9
34213,130,129,1,1
34214,139,148,-9,9
34215,96,99,-3,3
34216,98,101,-3,3
34217,49,67,-18,18
34218,90,99,-9,9
34219,103,118,-15,15
34220,39,63,-24,24
34221,172,153,19,19
34222,104,114,-10,10
34223,63,76,-13,13
34224,78,87,-9,9
34225,65,85,-20,20
34226,58,70,-12,12
34227,140,146,-6,6
34228,95,115,-20,20
34229,77,85,-8,8
34230,122,126,-4,4
34231,63,70,-7,7
34232,26,51,-25,25
34233,78,89,-11,11
34234,60,80,-20,20
34235,80,93,-13,13
34236,96,109,-13,13
34237,62,77,-15,15
34238,77,94,-17,17
34239,101,103,-2,2
34240,103,114,-11,11
34241,87,105,-18,18
34242,132,136,-4,4
34243,223,189,34,34
34244,117,119,-2,2
34245,151,144,7,7
34246,87,109,-22,22
34247,103,111,-8,8
34248,59,78,-19,19
34249,150,143,7,7
34250,100,103,-3,3
34251,92,94,-2,2
34252,65,93,-28,28
34253,72,84,-12,12
34254,48,62,-14,14
34255,114,117,-3,3
34256,63,73,-10,10
34257,139,142,-3,3
34258,86,98,-12,12
34259,96,95,1,1
34260,80,91,-11,11
34261,126,123,3,3
34262,112,116,-4,4
34263,99,122,-23,23
34264,83,90,-7,7
34265,62,73,-11,11
34266,53,79,-26,26
34267,40,60,-20,20
34268,103,115,-12,12
34269,87,108,-21,21
34270,66,80,-14,14
34271,116,117,-1,1
34272,107,108,-1,1
34273,121,129,-8,8
34274,114,112,2,2
34275,111,122,-11,11
34276,105,119,-14,14
34277,103,116,-13,13
34278,106,108,-2,2
34279,126,130,-4,4
34280,104,112,-8,8
34281,77,86,-9,9
34282,114,125,-11,11
34283,77,86,-9,9
34284,83,93,-10,10
34285,78,102,-24,24
34286,81,93,-12,12
34287,64,85,-21,21
34288,134,138,-4,4
34289,78,91,-13,13
34290,137,139,-2,2
34291,80,97,-17,17
34292,145,142,3,3
34293,103,115,-12,12
34294,101,109,-8,8
34295,87,96,-9,9
34296,83,96,-13,13
34297,98,99,-1,1
34298,133,143,-10,10
34299,114,136,-22,22
34300,119,116,3,3
34301,94,104,-10,10
34302,85,106,-21,21
34303,162,158,4,4
34304,85,89,-4,4
34305,62,73,-11,11
34306,83,90,-7,7
34307,99,104,-5,5
34308,79,95,-16,16
34309,95,109,-14,14
34310,140,147,-7,7
34311,165,154,11,11
34312,104,110,-6,6
34313,110,131,-21,21
34314,138,176,-38,38
34315,117,142,-25,25
34316,120,128,-8,8
34317,67,91,-24,24
34318,82,94,-12,12
34319,110,113,-3,3
34320,110,113,-3,3
34321,63,83,-20,20
34322,54,70,-16,16
34323,128,140,-12,12
34324,90,95,-5,5
34325,99,114,-15,15
34326,121,148,-27,27
34327,47,72,-25,25
34328,88,95,-7,7
34329,96,101,-5,5
34330,83,113,-30,30
34331,91,91,0,0
34332,100,108,-8,8
34333,68,85,-17,17
34334,44,62,-18,18
34335,94,103,-9,9
34336,48,67,-19,19
34337,63,75,-12,12
34338,114,123,-9,9
34339,88,95,-7,7
34340,105,111,-6,6
34341,67,85,-18,18
34342,61,66,-5,5
34343,120,127,-7,7
34344,111,116,-5,5
34345,102,106,-4,4
34346,111,119,-8,8
34347,48,64,-16,16
34348,102,115,-13,13
34349,101,111,-10,10
34350,88,106,-18,18
34351,58,79,-21,21
34352,64,80,-16,16
34353,65,81,-16,16
34354,156,150,6,6
34355,84,97,-13,13
34356,169,152,17,17
34357,130,125,5,5
34358,51,74,-23,23
34359,60,69,-9,9
34360,109,103,6,6
34361,107,118,-11,11
34362,133,147,-14,14
34363,73,88,-15,15
34364,117,127,-10,10
34365,105,111,-6,6
34366,118,147,-29,29
34367,107,115,-8,8
34368,89,97,-8,8
34369,130,136,-6,6
34370,107,125,-18,18
34371,86,100,-14,14
34372,87,106,-19,19
34373,166,155,11,11
34374,91,104,-13,13
34375,83,91,-8,8
34376,90,110,-20,20
34377,60,82,-22,22
34378,73,88,-15,15
34379,133,129,4,4
34380,131,137,-6,6
34381,128,151,-23,23
34382,93,100,-7,7
34383,48,68,-20,20
34384,126,120,6,6
34385,62,86,-24,24
34386,50,74,-24,24
34387,70,84,-14,14
34388,111,121,-10,10
34389,89,98,-9,9
34390,94,110,-16,16
34391,38,58,-20,20
34392,76,100,-24,24
34393,92,105,-13,13
34394,66,79,-13,13
34395,84,93,-9,9
34396,72,82,-10,10
34397,79,89,-10,10
34398,78,91,-13,13
34399,61,75,-14,14
34400,68,83,-15,15
34401,114,116,-2,2
34402,84,99,-15,15
34403,51,78,-27,27
34404,96,98,-2,2
34405,74,85,-11,11
34406,64,90,-26,26
34407,79,90,-11,11
34408,89,91,-2,2
34409,150,151,-1,1
34410,137,129,8,8
34411,62,78,-16,16
34412,120,121,-1,1
34413,75,76,-1,1
34414,63,81,-18,18
34415,144,151,-7,7
34416,83,91,-8,8
34417,71,114,-43,43
34418,125,132,-7,7
34419,71,82,-11,11
34420,90,108,-18,18
34421,57,71,-14,14
34422,68,90,-22,22
34423,117,119,-2,2
34424,142,147,-5,5
34425,95,104,-9,9
34426,91,107,-16,16
34427,86,100,-14,14
34428,119,135,-16,16
34429,71,91,-20,20
34430,97,101,-4,4
34431,92,104,-12,12
34432,86,103,-17,17
34433,48,79,-31,31
34434,50,59,-9,9
34435,105,148,-43,43
34436,105,120,-15,15
34437,127,124,3,3
34438,108,120,-12,12
34439,71,84,-13,13
34440,73,88,-15,15
34441,68,91,-23,23
34442,147,140,7,7
34443,142,147,-5,5
34444,39,60,-21,21
34445,91,91,0,0
34446,79,97,-18,18
34447,84,90,-6,6
34448,123,133,-10,10
34449,63,85,-22,22
34450,196,181,15,15
34451,161,160,1,1
34452,152,139,13,13
34453,144,142,2,2
34454,96,104,-8,8
34455,125,133,-8,8
34456,82,88,-6,6
34457,128,126,2,2
34458,160,160,0,0
34459,43,63,-20,20
34460,68,83,-15,15
34461,108,102,6,6
34462,74,83,-9,9
34463,52,73,-21,21
34464,107,129,-22,22
34465,64,85,-21,21
34466,89,98,-9,9
34467,85,86,-1,1
34468,73,90,-17,17
34469,177,177,0,0
34470,111,118,-7,7
34471,67,88,-21,21
34472,76,86,-10,10
34473,152,144,8,8
34474,90,107,-17,17
34475,79,92,-13,13
34476,99,114,-15,15
34477,78,89,-11,11
34478,131,134,-3,3
34479,100,101,-1,1
34480,74,92,-18,18
34481,99,111,-12,12
34482,135,142,-7,7
34483,104,120,-16,16
34484,67,79,-12,12
34485,102,100,2,2
34486,48,68,-20,20
34487,243,230,13,13
34488,97,108,-11,11
34489,112,120,-8,8
34490,118,133,-15,15
34491,77,94,-17,17
34492,73,79,-6,6
34493,99,110,-11,11
34494,60,93,-33,33
34495,155,154,1,1
34496,125,133,-8,8
34497,202,164,38,38
34498,82,102,-20,20
34499,100,107,-7,7
34500,78,87,-9,9
34501,59,79,-20,20
34502,48,72,-24,24
34503,121,135,-14,14
34504,128,132,-4,4
34505,96,117,-21,21
34506,133,133,0,0
34507,107,115,-8,8
34508,106,110,-4,4
34509,111,136,-25,25
34510,48,85,-37,37
34511,79,103,-24,24
34512,121,120,1,1
34513,147,147,0,0
34514,113,127,-14,14
34515,58,73,-15,15
34516,93,96,-3,3
34517,109,121,-12,12
34518,85,101,-16,16
34519,69,92,-23,23
34520,70,86,-16,16
34521,81,99,-18,18
34522,47,62,-15,15
34523,121,122,-1,1
34524,151,143,8,8
34525,80,94,-14,14
34526,60,74,-14,14
34527,133,133,0,0
34528,65,84,-19,19
34529,162,150,12,12
34530,73,83,-10,10
34531,108,111,-3,3
34532,87,97,-10,10
34533,101,118,-17,17
34534,90,103,-13,13
34535,130,148,-18,18
34536,133,136,-3,3
34537,139,148,-9,9
34538,95,113,-18,18
34539,96,107,-11,11
34540,66,83,-17,17
34541,69,88,-19,19
34542,69,81,-12,12
34543,86,94,-8,8
34544,95,108,-13,13
34545,91,100,-9,9
34546,189,160,29,29
34547,109,118,-9,9
34548,63,74,-11,11
34549,156,154,2,2
34550,64,79,-15,15
34551,117,124,-7,7
34552,55,68,-13,13
34553,115,130,-15,15
34554,103,106,-3,3
34555,155,150,5,5
34556,78,93,-15,15
34557,159,162,-3,3
34558,73,78,-5,5
34559,188,173,15,15
34560,150,151,-1,1
34561,103,108,-5,5
34562,80,94,-14,14
34563,92,105,-13,13
34564,121,133,-12,12
34565,113,124,-11,11
34566,106,112,-6,6
34567,72,80,-8,8
34568,120,128,-8,8
34569,49,68,-19,19
34570,124,139,-15,15
34571,82,96,-14,14
34572,145,155,-10,10
34573,61,71,-10,10
34574,108,116,-8,8
34575,53,68,-15,15
34576,117,121,-4,4
34577,88,100,-12,12
34578,122,109,13,13
34579,56,73,-17,17
34580,161,150,11,11
34581,115,120,-5,5
34582,100,112,-12,12
34583,149,151,-2,2
34584,126,129,-3,3
34585,74,95,-21,21
34586,124,128,-4,4
34587,101,113,-12,12
34588,83,104,-21,21
34589,105,110,-5,5
34590,143,147,-4,4
34591,153,149,4,4
34592,54,70,-16,16
34593,52,76,-24,24
34594,87,98,-11,11
34595,63,77,-14,14
34596,84,100,-16,16
34597,96,102,-6,6
34598,59,79,-20,20
34599,141,140,1,1
34600,121,123,-2,2
34601,21,45,-24,24
34602,93,101,-8,8
34603,126,135,-9,9
34604,91,102,-11,11
34605,126,130,-4,4
34606,79,89,-10,10
34607,133,146,-13,13
34608,72,91,-19,19
34609,117,112,5,5
34610,51,74,-23,23
34611,92,102,-10,10
34612,78,91,-13,13
34613,70,87,-17,17
34614,77,89,-12,12
34615,94,101,-7,7
34616,75,89,-14,14
34617,93,104,-11,11
34618,75,78,-3,3
34619,149,149,0,0
34620,99,113,-14,14
34621,94,113,-19,19
34622,98,104,-6,6
34623,68,83,-15,15
34624,101,149,-48,48
34625,115,117,-2,2
34626,87,96,-9,9
34627,100,124,-24,24
34628,80,100,-20,20
34629,133,136,-3,3
34630,54,71,-17,17
34631,164,156,8,8
34632,98,107,-9,9
34633,75,92,-17,17
34634,77,80,-3,3
34635,126,132,-6,6
34636,124,129,-5,5
34637,89,104,-15,15
34638,77,92,-15,15
34639,162,149,13,13
34640,129,124,5,5
34641,126,133,-7,7
34642,90,95,-5,5
34643,145,147,-2,2
34644,59,83,-24,24
34645,79,87,-8,8
34646,100,102,-2,2
34647,136,143,-7,7
34648,53,75,-22,22
34649,109,114,-5,5
34650,79,91,-12,12
34651,111,121,-10,10
34652,172,148,24,24
34653,142,157,-15,15
34654,81,93,-12,12
34655,100,109,-9,9
34656,71,84,-13,13
34657,37,59,-22,22
34658,91,103,-12,12
34659,85,95,-10,10
34660,96,107,-11,11
34661,96,103,-7,7
34662,72,79,-7,7
34663,58,73,-15,15
34664,128,141,-13,13
34665,90,94,-4,4
34666,79,92,-13,13
34667,57,73,-16,16
34668,164,146,18,18
34669,147,130,17,17
34670,42,65,-23,23
34671,92,113,-21,21
34672,73,87,-14,14
34673,80,95,-15,15
34674,82,93,-11,11
34675,82,96,-14,14
34676,124,129,-5,5
34677,87,105,-18,18
34678,93,108,-15,15
34679,151,144,7,7
34680,88,97,-9,9
34681,99,105,-6,6
34682,104,114,-10,10
34683,80,94,-14,14
34684,91,98,-7,7
34685,116,142,-26,26
34686,136,134,2,2
34687,76,122,-46,46
34688,125,143,-18,18
34689,99,106,-7,7
34690,112,133,-21,21
34691,103,125,-22,22
34692,152,148,4,4
34693,122,128,-6,6
34694,74,87,-13,13
34695,106,121,-15,15
34696,76,85,-9,9
34697,59,75,-16,16
34698,100,131,-31,31
34699,58,76,-18,18
34700,69,85,-16,16
34701,120,137,-17,17
34702,74,87,-13,13
34703,55,73,-18,18
34704,89,100,-11,11
34705,79,96,-17,17
34706,137,146,-9,9
34707,81,93,-12,12
34708,64,95,-31,31
34709,170,163,7,7
34710,69,81,-12,12
34711,72,81,-9,9
34712,73,82,-9,9
34713,66,84,-18,18
34714,114,120,-6,6
34715,96,115,-19,19
34716,67,84,-17,17
34717,83,94,-11,11
34718,72,83,-11,11
34719,150,149,1,1
34720,56,66,-10,10
34721,66,83,-17,17
34722,53,81,-28,28
34723,169,151,18,18
34724,66,78,-12,12
34725,105,120,-15,15
34726,101,110,-9,9
34727,78,96,-18,18
34728,130,137,-7,7
34729,140,143,-3,3
34730,91,118,-27,27
34731,89,93,-4,4
34732,73,86,-13,13
34733,111,116,-5,5
34734,111,124,-13,13
34735,154,147,7,7
34736,56,73,-17,17
34737,136,139,-3,3
34738,101,106,-5,5
34739,120,132,-12,12
34740,62,70,-8,8
34741,105,118,-13,13
34742,76,90,-14,14
34743,161,158,3,3
34744,88,105,-17,17
34745,51,70,-19,19
34746,108,121,-13,13
34747,101,111,-10,10
34748,74,86,-12,12
34749,189,164,25,25
34750,46,64,-18,18
34751,58,76,-18,18
34752,100,105,-5,5
34753,171,150,21,21
34754,45,61,-16,16
34755,87,88,-1,1
34756,57,71,-14,14
34757,137,135,2,2
34758,72,84,-12,12
34759,115,121,-6,6
34760,98,108,-10,10
34761,58,76,-18,18
34762,87,123,-36,36
34763,79,92,-13,13
34764,79,89,-10,10
34765,67,82,-15,15
34766,32,54,-22,22
34767,76,90,-14,14
34768,80,79,1,1
34769,106,105,1,1
34770,54,75,-21,21
34771,75,94,-19,19
34772,149,148,1,1
34773,110,110,0,0
34774,106,120,-14,14
34775,130,138,-8,8
34776,49,64,-15,15
34777,119,140,-21,21
34778,75,90,-15,15
34779,89,100,-11,11
34780,63,71,-8,8
34781,64,70,-6,6
34782,116,123,-7,7
34783,79,84,-5,5
34784,92,110,-18,18
34785,70,89,-19,19
34786,120,124,-4,4
34787,165,156,9,9
34788,187,190,-3,3
34789,82,90,-8,8
34790,53,87,-34,34
34791,88,100,-12,12
34792,75,82,-7,7
34793,66,76,-10,10
34794,80,92,-12,12
34795,113,114,-1,1
34796,48,61,-13,13
34797,52,67,-15,15
34798,169,159,10,10
34799,100,121,-21,21
34800,71,94,-23,23
34801,103,125,-22,22
34802,127,135,-8,8
34803,132,142,-10,10
34804,136,144,-8,8
34805,67,75,-8,8
34806,127,138,-11,11
34807,142,148,-6,6
34808,114,127,-13,13
34809,71,90,-19,19
34810,77,88,-11,11
34811,86,108,-22,22
34812,166,150,16,16
34813,116,124,-8,8
34814,42,58,-16,16
34815,91,97,-6,6
34816,81,86,-5,5
34817,109,112,-3,3
34818,164,162,2,2
34819,119,128,-9,9
34820,79,86,-7,7
34821,122,128,-6,6
34822,67,80,-13,13
34823,96,104,-8,8
34824,81,94,-13,13
34825,110,97,13,13
34826,142,147,-5,5
34827,30,54,-24,24
34828,102,123,-21,21
34829,128,126,2,2
34830,127,147,-20,20
34831,55,107,-52,52
34832,125,152,-27,27
34833,85,105,-20,20
34834,82,101,-19,19
34835,99,119,-20,20
34836,142,148,-6,6
34837,99,121,-22,22
34838,96,114,-18,18
34839,87,114,-27,27
34840,76,91,-15,15
34841,95,114,-19,19
34842,61,77,-16,16
34843,58,81,-23,23
34844,88,101,-13,13
34845,87,109,-22,22
34846,89,101,-12,12
34847,100,106,-6,6
34848,87,104,-17,17
34849,86,98,-12,12
34850,43,69,-26,26
34851,33,53,-20,20
34852,97,107,-10,10
34853,130,133,-3,3
34854,149,146,3,3
34855,139,133,6,6
34856,71,89,-18,18
34857,53,80,-27,27
34858,69,79,-10,10
34859,114,111,3,3
34860,60,84,-24,24
34861,53,74,-21,21
34862,80,90,-10,10
34863,75,78,-3,3
34864,101,128,-27,27
34865,147,148,-1,1
34866,100,104,-4,4
34867,112,130,-18,18
34868,61,73,-12,12
34869,68,82,-14,14
34870,41,75,-34,34
34871,72,86,-14,14
34872,69,93,-24,24
34873,135,131,4,4
34874,112,120,-8,8
34875,63,82,-19,19
34876,83,90,-7,7
34877,74,94,-20,20
34878,85,103,-18,18
34879,91,98,-7,7
34880,150,150,0,0
34881,96,103,-7,7
34882,61,99,-38,38
34883,51,81,-30,30
34884,61,77,-16,16
34885,143,156,-13,13
34886,64,81,-17,17
34887,59,69,-10,10
34888,67,93,-26,26
34889,65,91,-26,26
34890,142,141,1,1
34891,66,82,-16,16
34892,73,92,-19,19
34893,107,113,-6,6
34894,112,111,1,1
34895,104,116,-12,12
34896,46,65,-19,19
34897,83,90,-7,7
34898,89,96,-7,7
34899,73,81,-8,8
34900,59,79,-20,20
34901,59,72,-13,13
34902,112,116,-4,4
34903,75,93,-18,18
34904,68,85,-17,17
34905,80,103,-23,23
34906,70,93,-23,23
34907,77,93,-16,16
34908,49,67,-18,18
34909,91,103,-12,12
34910,65,80,-15,15
34911,77,86,-9,9
34912,130,133,-3,3
34913,77,87,-10,10
34914,175,173,2,2
34915,103,120,-17,17
34916,79,88,-9,9
34917,74,80,-6,6
34918,98,118,-20,20
34919,111,119,-8,8
34920,105,129,-24,24
34921,106,117,-11,11
34922,43,59,-16,16
34923,91,108,-17,17
34924,88,100,-12,12
34925,121,125,-4,4
34926,111,114,-3,3
34927,65,86,-21,21
34928,63,74,-11,11
34929,91,109,-18,18
34930,70,86,-16,16
34931,117,120,-3,3
34932,56,76,-20,20
34933,153,151,2,2
34934,135,142,-7,7
34935,66,78,-12,12
34936,97,110,-13,13
34937,94,110,-16,16
34938,79,92,-13,13
34939,89,93,-4,4
34940,117,121,-4,4
34941,50,68,-18,18
34942,172,171,1,1
34943,71,92,-21,21
34944,94,106,-12,12
34945,146,149,-3,3
34946,57,70,-13,13
34947,91,106,-15,15
34948,44,63,-19,19
34949,124,135,-11,11
34950,117,118,-1,1
34951,93,95,-2,2
34952,100,112,-12,12
34953,167,156,11,11
34954,97,106,-9,9
34955,117,121,-4,4
34956,142,140,2,2
34957,62,75,-13,13
34958,99,115,-16,16
34959,83,100,-17,17
34960,61,80,-19,19
34961,80,97,-17,17
34962,85,93,-8,8
34963,102,113,-11,11
34964,127,140,-13,13
34965,123,135,-12,12
34966,117,124,-7,7
34967,102,123,-21,21
34968,100,107,-7,7
34969,105,113,-8,8
34970,116,109,7,7
34971,104,124,-20,20
34972,70,83,-13,13
34973,71,88,-17,17
34974,59,86,-27,27
34975,86,93,-7,7
34976,121,114,7,7
34977,104,111,-7,7
34978,93,100,-7,7
34979,78,95,-17,17
34980,124,128,-4,4
34981,83,98,-15,15
34982,126,132,-6,6
34983,91,102,-11,11
34984,89,115,-26,26
34985,79,88,-9,9
34986,110,121,-11,11
34987,80,95,-15,15
34988,116,125,-9,9
34989,133,130,3,3
34990,91,117,-26,26
34991,94,99,-5,5
34992,160,150,10,10
34993,107,129,-22,22
34994,61,79,-18,18
34995,74,76,-2,2
34996,80,95,-15,15
34997,50,70,-20,20
34998,98,111,-13,13
34999,47,65,-18,18
35000,63,99,-36,36
35001,92,107,-15,15
35002,97,104,-7,7
35003,101,114,-13,13
35004,48,74,-26,26
35005,114,125,-11,11
35006,106,116,-10,10
35007,98,107,-9,9
35008,133,142,-9,9
35009,98,99,-1,1
35010,41,61,-20,20
35011,85,99,-14,14
35012,102,114,-12,12
35013,97,98,-1,1
35014,49,70,-21,21
35015,50,72,-22,22
35016,86,103,-17,17
35017,96,116,-20,20
35018,110,112,-2,2
35019,95,111,-16,16
35020,89,91,-2,2
35021,92,100,-8,8
35022,109,115,-6,6
35023,75,91,-16,16
35024,61,72,-11,11
35025,82,102,-20,20
35026,88,106,-18,18
35027,139,142,-3,3
35028,67,93,-26,26
35029,106,118,-12,12
35030,108,119,-11,11
35031,80,97,-17,17
35032,78,99,-21,21
35033,87,101,-14,14
35034,57,71,-14,14
35035,63,76,-13,13
35036,105,108,-3,3
35037,129,121,8,8
35038,65,76,-11,11
35039,93,104,-11,11
35040,50,65,-15,15
35041,30,54,-24,24
35042,81,90,-9,9
35043,55,79,-24,24
35044,76,86,-10,10
35045,135,131,4,4
35046,55,72,-17,17
35047,140,146,-6,6
35048,92,94,-2,2
35049,124,134,-10,10
35050,100,112,-12,12
35051,40,55,-15,15
35052,50,62,-12,12
35053,85,95,-10,10
35054,87,106,-19,19
35055,136,137,-1,1
35056,65,87,-22,22
35057,97,104,-7,7
35058,80,88,-8,8
35059,99,114,-15,15
35060,69,86,-17,17
35061,97,113,-16,16
35062,65,79,-14,14
35063,67,83,-16,16
35064,108,116,-8,8
35065,105,119,-14,14
35066,98,100,-2,2
35067,73,85,-12,12
35068,87,95,-8,8
35069,80,81,-1,1
35070,115,129,-14,14
35071,129,123,6,6
35072,62,78,-16,16
35073,141,139,2,2
35074,165,153,12,12
35075,167,159,8,8
35076,128,124,4,4
35077,163,150,13,13
35078,49,79,-30,30
35079,73,96,-23,23
35080,117,157,-40,40
35081,182,159,23,23
35082,91,95,-4,4
35083,73,90,-17,17
35084,130,141,-11,11
35085,92,103,-11,11
35086,164,147,17,17
35087,100,123,-23,23
35088,106,119,-13,13
35089,155,156,-1,1
35090,84,97,-13,13
35091,115,133,-18,18
35092,74,89,-15,15
35093,62,73,-11,11
35094,76,91,-15,15
35095,82,101,-19,19
35096,116,115,1,1
35097,84,99,-15,15
35098,61,81,-20,20
35099,155,147,8,8
35100,87,149,-62,62
35101,118,128,-10,10
35102,126,139,-13,13
35103,123,137,-14,14
35104,72,91,-19,19
35105,106,118,-12,12
35106,119,123,-4,4
35107,79,93,-14,14
35108,70,98,-28,28
35109,129,127,2,2
35110,93,94,-1,1
35111,98,100,-2,2
35112,164,165,-1,1
35113,110,126,-16,16
35114,108,119,-11,11
35115,79,90,-11,11
35116,140,148,-8,8
35117,81,101,-20,20
35118,84,106,-22,22
35119,64,72,-8,8
35120,101,113,-12,12
35121,65,84,-19,19
35122,71,90,-19,19
35123,66,87,-21,21
35124,81,94,-13,13
35125,82,105,-23,23
35126,101,118,-17,17
35127,95,111,-16,16
35128,95,110,-15,15
35129,177,174,3,3
35130,148,156,-8,8
35131,83,100,-17,17
35132,79,90,-11,11
35133,87,94,-7,7
35134,120,128,-8,8
35135,140,161,-21,21
35136,117,128,-11,11
35137,88,101,-13,13
35138,79,84,-5,5
35139,89,111,-22,22
35140,83,93,-10,10
35141,79,106,-27,27
35142,118,125,-7,7
35143,79,98,-19,19
35144,95,100,-5,5
35145,62,80,-18,18
35146,67,84,-17,17
35147,63,80,-17,17
35148,99,100,-1,1
35149,164,155,9,9
35150,71,77,-6,6
35151,49,66,-17,17
35152,88,97,-9,9
35153,93,107,-14,14
35154,90,97,-7,7
35155,96,93,3,3
35156,91,104,-13,13
35157,41,58,-17,17
35158,94,107,-13,13
35159,58,70,-12,12
35160,87,102,-15,15
35161,100,105,-5,5
35162,117,127,-10,10
35163,106,112,-6,6
35164,65,88,-23,23
35165,126,135,-9,9
35166,92,107,-15,15
35167,78,98,-20,20
35168,98,106,-8,8
35169,102,127,-25,25
35170,115,113,2,2
35171,93,102,-9,9
35172,48,74,-26,26
35173,64,80,-16,16
35174,168,170,-2,2
35175,95,98,-3,3
35176,125,133,-8,8
35177,128,144,-16,16
35178,137,132,5,5
35179,62,70,-8,8
35180,76,88,-12,12
35181,66,80,-14,14
35182,50,71,-21,21
35183,98,105,-7,7
35184,101,120,-19,19
35185,77,90,-13,13
35186,97,108,-11,11
35187,116,120,-4,4
35188,118,123,-5,5
35189,157,155,2,2
35190,48,66,-18,18
35191,86,101,-15,15
35192,79,107,-28,28
35193,93,101,-8,8
35194,58,72,-14,14
35195,65,80,-15,15
35196,203,180,23,23
35197,59,74,-15,15
35198,103,111,-8,8
35199,35,54,-19,19
35200,95,110,-15,15
35201,89,103,-14,14
35202,122,123,-1,1
35203,97,106,-9,9
35204,84,92,-8,8
35205,146,136,10,10
35206,129,127,2,2
35207,76,94,-18,18
35208,79,95,-16,16
35209,92,100,-8,8
35210,82,89,-7,7
35211,111,115,-4,4
35212,88,94,-6,6
35213,155,148,7,7
35214,75,79,-4,4
35215,109,115,-6,6
35216,64,75,-11,11
35217,76,86,-10,10
35218,114,126,-12,12
35219,84,92,-8,8
35220,90,99,-9,9
35221,49,67,-18,18
35222,103,116,-13,13
35223,140,147,-7,7
35224,64,79,-15,15
35225,171,170,1,1
35226,89,99,-10,10
35227,57,78,-21,21
35228,99,92,7,7
35229,62,77,-15,15
35230,191,170,21,21
35231,108,110,-2,2
35232,116,121,-5,5
35233,157,149,8,8
35234,98,120,-22,22
35235,167,165,2,2
35236,89,94,-5,5
35237,65,84,-19,19
35238,103,118,-15,15
35239,107,114,-7,7
35240,66,78,-12,12
35241,137,141,-4,4
35242,68,77,-9,9
35243,64,74,-10,10
35244,137,140,-3,3
35245,101,112,-11,11
35246,120,122,-2,2
35247,99,117,-18,18
35248,58,79,-21,21
35249,93,110,-17,17
35250,48,83,-35,35
35251,96,131,-35,35
35252,68,84,-16,16
35253,95,112,-17,17
35254,117,119,-2,2
35255,61,84,-23,23
35256,122,131,-9,9
35257,77,98,-21,21
35258,69,91,-22,22
35259,105,111,-6,6
35260,126,139,-13,13
35261,67,77,-10,10
35262,122,127,-5,5
35263,96,104,-8,8
35264,188,164,24,24
35265,72,77,-5,5
35266,122,128,-6,6
35267,53,79,-26,26
35268,49,76,-27,27
35269,131,129,2,2
35270,118,116,2,2
35271,68,76,-8,8
35272,84,100,-16,16
35273,80,100,-20,20
35274,95,121,-26,26
35275,54,69,-15,15
35276,80,97,-17,17
35277,55,72,-17,17
35278,50,63,-13,13
35279,141,146,-5,5
35280,118,122,-4,4
35281,64,81,-17,17
35282,132,129,3,3
35283,81,91,-10,10
35284,49,62,-13,13
35285,86,99,-13,13
35286,107,118,-11,11
35287,123,129,-6,6
35288,109,110,-1,1
35289,121,123,-2,2
35290,89,104,-15,15
35291,57,78,-21,21
35292,123,124,-1,1
35293,102,116,-14,14
35294,143,140,3,3
35295,57,71,-14,14
35296,84,93,-9,9
35297,73,81,-8,8
35298,124,134,-10,10
35299,86,91,-5,5
35300,128,134,-6,6
35301,146,138,8,8
35302,92,96,-4,4
35303,68,89,-21,21
35304,88,107,-19,19
35305,147,149,-2,2
35306,134,143,-9,9
35307,91,106,-15,15
35308,137,141,-4,4
35309,130,141,-11,11
35310,103,111,-8,8
35311,78,102,-24,24
35312,85,94,-9,9
35313,57,71,-14,14
35314,159,148,11,11
35315,80,96,-16,16
35316,113,132,-19,19
35317,152,147,5,5
35318,163,150,13,13
35319,137,131,6,6
35320,116,130,-14,14
35321,144,142,2,2
35322,61,83,-22,22
35323,158,147,11,11
35324,120,149,-29,29
35325,64,81,-17,17
35326,106,111,-5,5
35327,60,82,-22,22
35328,87,107,-20,20
35329,72,78,-6,6
35330,92,106,-14,14
35331,164,152,12,12
35332,121,138,-17,17
35333,63,81,-18,18
35334,108,118,-10,10
35335,70,77,-7,7
35336,66,87,-21,21
35337,81,141,-60,60
35338,84,95,-11,11
35339,69,89,-20,20
35340,161,158,3,3
35341,73,83,-10,10
35342,62,75,-13,13
35343,66,85,-19,19
35344,80,96,-16,16
35345,110,134,-24,24
35346,145,150,-5,5
35347,32,77,-45,45
35348,62,83,-21,21
35349,191,180,11,11
35350,84,97,-13,13
35351,96,99,-3,3
35352,87,90,-3,3
35353,54,71,-17,17
35354,85,95,-10,10
35355,118,127,-9,9
35356,52,66,-14,14
35357,102,98,4,4
35358,66,84,-18,18
35359,151,153,-2,2
35360,129,147,-18,18
35361,61,71,-10,10
35362,102,119,-17,17
35363,88,104,-16,16
35364,61,87,-26,26
35365,77,95,-18,18
35366,79,96,-17,17
35367,110,113,-3,3
35368,96,106,-10,10
35369,74,88,-14,14
35370,120,127,-7,7
35371,134,136,-2,2
35372,66,86,-20,20
35373,61,75,-14,14
35374,130,129,1,1
35375,60,79,-19,19
35376,66,81,-15,15
35377,115,121,-6,6
35378,99,105,-6,6
35379,55,66,-11,11
35380,104,107,-3,3
35381,104,114,-10,10
35382,97,113,-16,16
35383,48,65,-17,17
35384,51,70,-19,19
35385,51,61,-10,10
35386,80,92,-12,12
35387,57,69,-12,12
35388,77,74,3,3
35389,128,132,-4,4
35390,141,148,-7,7
35391,77,89,-12,12
35392,132,134,-2,2
35393,110,114,-4,4
35394,43,54,-11,11
35395,110,127,-17,17
35396,85,88,-3,3
35397,92,109,-17,17
35398,49,65,-16,16
35399,69,80,-11,11
35400,64,79,-15,15
35401,82,89,-7,7
35402,59,82,-23,23
35403,69,82,-13,13
35404,66,80,-14,14
35405,92,102,-10,10
35406,101,100,1,1
35407,62,82,-20,20
35408,126,124,2,2
35409,119,131,-12,12
35410,117,116,1,1
35411,162,154,8,8
35412,100,109,-9,9
35413,107,126,-19,19
35414,49,72,-23,23
35415,75,87,-12,12
35416,85,94,-9,9
35417,87,91,-4,4
35418,58,69,-11,11
35419,86,120,-34,34
35420,54,69,-15,15
35421,149,150,-1,1
35422,99,103,-4,4
35423,118,126,-8,8
35424,88,103,-15,15
35425,128,148,-20,20
35426,121,131,-10,10
35427,62,79,-17,17
35428,32,52,-20,20
35429,152,148,4,4
35430,58,71,-13,13
35431,77,96,-19,19
35432,127,121,6,6
35433,109,117,-8,8
35434,116,123,-7,7
35435,83,100,-17,17
35436,70,93,-23,23
35437,101,104,-3,3
35438,70,80,-10,10
35439,117,118,-1,1
35440,93,110,-17,17
35441,72,89,-17,17
35442,131,141,-10,10
35443,64,82,-18,18
35444,160,154,6,6
35445,86,91,-5,5
35446,84,96,-12,12
35447,56,70,-14,14
35448,94,100,-6,6
35449,149,144,5,5
35450,128,125,3,3
35451,97,120,-23,23
35452,178,165,13,13
35453,102,107,-5,5
35454,53,68,-15,15
35455,124,122,2,2
35456,79,95,-16,16
35457,136,151,-15,15
35458,71,89,-18,18
35459,54,64,-10,10
35460,97,105,-8,8
35461,72,90,-18,18
35462,169,150,19,19
35463,80,90,-10,10
35464,53,75,-22,22
35465,64,75,-11,11
35466,52,69,-17,17
35467,38,63,-25,25
35468,78,87,-9,9
35469,160,103,57,57
35470,113,117,-4,4
35471,90,104,-14,14
35472,63,80,-17,17
35473,79,92,-13,13
35474,56,75,-19,19
35475,241,231,10,10
35476,68,83,-15,15
35477,145,149,-4,4
35478,69,77,-8,8
35479,107,109,-2,2
35480,79,97,-18,18
35481,123,128,-5,5
35482,97,100,-3,3
35483,77,88,-11,11
35484,66,148,-82,82
35485,83,93,-10,10
35486,82,97,-15,15
35487,78,89,-11,11
35488,89,102,-13,13
35489,76,78,-2,2
35490,61,78,-17,17
35491,116,123,-7,7
35492,128,147,-19,19
35493,130,142,-12,12
35494,46,61,-15,15
35495,105,116,-11,11
35496,150,138,12,12
35497,156,155,1,1
35498,69,83,-14,14
35499,89,99,-10,10
35500,77,85,-8,8
35501,123,131,-8,8
35502,97,107,-10,10
35503,87,94,-7,7
35504,80,93,-13,13
35505,79,92,-13,13
35506,58,78,-20,20
35507,53,70,-17,17
35508,105,118,-13,13
35509,74,93,-19,19
35510,101,117,-16,16
35511,56,70,-14,14
35512,115,118,-3,3
35513,141,150,-9,9
35514,116,123,-7,7
35515,47,64,-17,17
35516,43,61,-18,18
35517,80,97,-17,17
35518,91,107,-16,16
35519,75,104,-29,29
35520,114,112,2,2
35521,79,96,-17,17
35522,106,109,-3,3
35523,69,75,-6,6
35524,87,88,-1,1
35525,118,137,-19,19
35526,84,97,-13,13
35527,90,107,-17,17
35528,97,102,-5,5
35529,57,74,-17,17
35530,132,144,-12,12
35531,90,121,-31,31
35532,108,124,-16,16
35533,132,130,2,2
35534,76,97,-21,21
35535,38,54,-16,16
35536,52,69,-17,17
35537,68,78,-10,10
35538,141,147,-6,6
35539,90,106,-16,16
35540,72,79,-7,7
35541,74,81,-7,7
35542,89,99,-10,10
35543,72,84,-12,12
35544,78,77,1,1
35545,67,81,-14,14
35546,94,104,-10,10
35547,65,78,-13,13
35548,75,84,-9,9
35549,76,100,-24,24
35550,78,84,-6,6
35551,70,94,-24,24
35552,124,121,3,3
35553,123,128,-5,5
35554,185,167,18,18
35555,126,118,8,8
35556,104,110,-6,6
35557,79,91,-12,12
35558,74,79,-5,5
35559,82,91,-9,9
35560,47,65,-18,18
35561,40,56,-16,16
35562,102,113,-11,11
35563,68,91,-23,23
35564,95,111,-16,16
35565,111,114,-3,3
35566,74,88,-14,14
35567,63,81,-18,18
35568,118,124,-6,6
35569,181,161,20,20
35570,63,80,-17,17
35571,73,86,-13,13
35572,76,91,-15,15
35573,80,91,-11,11
35574,99,113,-14,14
35575,83,104,-21,21
35576,48,64,-16,16
35577,140,137,3,3
35578,101,115,-14,14
35579,76,106,-30,30
35580,84,112,-28,28
35581,95,96,-1,1
35582,60,75,-15,15
35583,78,91,-13,13
35584,125,130,-5,5
35585,90,102,-12,12
35586,99,110,-11,11
35587,58,68,-10,10
35588,128,138,-10,10
35589,67,79,-12,12
35590,96,124,-28,28
35591,96,103,-7,7
35592,141,142,-1,1
35593,77,94,-17,17
35594,114,108,6,6
35595,86,98,-12,12
35596,175,162,13,13
35597,129,133,-4,4
35598,50,68,-18,18
35599,70,77,-7,7
35600,224,195,29,29
35601,146,145,1,1
35602,81,88,-7,7
35603,97,106,-9,9
35604,118,137,-19,19
35605,77,84,-7,7
35606,73,88,-15,15
35607,85,93,-8,8
35608,102,110,-8,8
35609,130,135,-5,5
35610,133,144,-11,11
35611,129,132,-3,3
35612,80,94,-14,14
35613,93,106,-13,13
35614,91,100,-9,9
35615,41,110,-69,69
35616,82,99,-17,17
35617,67,88,-21,21
35618,85,95,-10,10
35619,75,92,-17,17
35620,118,130,-12,12
35621,118,110,8,8
35622,79,90,-11,11
35623,63,77,-14,14
35624,170,166,4,4
35625,73,88,-15,15
35626,114,105,9,9
35627,154,158,-4,4
35628,54,86,-32,32
35629,115,118,-3,3
35630,49,134,-85,85
35631,99,112,-13,13
35632,80,88,-8,8
35633,152,151,1,1
35634,71,83,-12,12
35635,118,148,-30,30
35636,106,110,-4,4
35637,106,124,-18,18
35638,173,152,21,21
35639,89,108,-19,19
35640,65,85,-20,20
35641,93,100,-7,7
35642,109,118,-9,9
35643,126,140,-14,14
35644,143,157,-14,14
35645,127,142,-15,15
35646,114,115,-1,1
35647,84,99,-15,15
35648,68,88,-20,20
35649,60,79,-19,19
35650,111,123,-12,12
35651,127,145,-18,18
35652,83,91,-8,8
35653,98,108,-10,10
35654,83,86,-3,3
35655,77,94,-17,17
35656,51,66,-15,15
35657,88,101,-13,13
35658,48,75,-27,27
35659,147,149,-2,2
35660,66,96,-30,30
35661,100,103,-3,3
35662,76,96,-20,20
35663,59,72,-13,13
35664,116,121,-5,5
35665,61,78,-17,17
35666,155,150,5,5
35667,99,114,-15,15
35668,112,118,-6,6
35669,70,72,-2,2
35670,79,101,-22,22
35671,96,114,-18,18
35672,90,107,-17,17
35673,104,108,-4,4
35674,99,110,-11,11
35675,81,97,-16,16
35676,134,148,-14,14
35677,126,134,-8,8
35678,160,137,23,23
35679,75,86,-11,11
35680,104,116,-12,12
35681,150,146,4,4
35682,120,127,-7,7
35683,90,101,-11,11
35684,120,121,-1,1
35685,142,143,-1,1
35686,75,84,-9,9
35687,102,99,3,3
35688,162,152,10,10
35689,74,87,-13,13
35690,75,83,-8,8
35691,99,111,-12,12
35692,130,138,-8,8
35693,53,63,-10,10
35694,127,141,-14,14
35695,103,106,-3,3
35696,94,103,-9,9
35697,76,99,-23,23
35698,83,102,-19,19
35699,195,174,21,21
35700,58,84,-26,26
35701,51,74,-23,23
35702,153,148,5,5
35703,190,174,16,16
35704,87,98,-11,11
35705,96,106,-10,10
35706,100,103,-3,3
35707,74,87,-13,13
35708,67,80,-13,13
35709,124,130,-6,6
35710,74,84,-10,10
35711,111,110,1,1
35712,93,124,-31,31
35713,107,111,-4,4
35714,70,80,-10,10
35715,154,149,5,5
35716,125,122,3,3
35717,107,107,0,0
35718,69,100,-31,31
35719,101,114,-13,13
35720,95,96,-1,1
35721,96,100,-4,4
35722,85,95,-10,10
35723,70,108,-38,38
35724,68,77,-9,9
35725,61,77,-16,16
35726,155,154,1,1
35727,58,78,-20,20
35728,72,85,-13,13
35729,47,64,-17,17
35730,98,111,-13,13
35731,145,147,-2,2
35732,52,73,-21,21
35733,120,117,3,3
35734,78,88,-10,10
35735,56,70,-14,14
35736,89,105,-16,16
35737,82,96,-14,14
35738,104,117,-13,13
35739,128,146,-18,18
35740,159,150,9,9
35741,79,97,-18,18
35742,109,111,-2,2
35743,120,132,-12,12
35744,79,112,-33,33
35745,73,77,-4,4
35746,64,72,-8,8
35747,97,100,-3,3
35748,135,127,8,8
35749,81,100,-19,19
35750,91,99,-8,8
35751,58,67,-9,9
35752,78,80,-2,2
35753,77,87,-10,10
35754,47,60,-13,13
35755,167,156,11,11
35756,65,97,-32,32
35757,152,149,3,3
35758,159,154,5,5
35759,89,123,-34,34
35760,205,194,11,11
35761,108,111,-3,3
35762,101,103,-2,2
35763,129,137,-8,8
35764,123,135,-12,12
35765,90,103,-13,13
35766,138,138,0,0
35767,105,109,-4,4
35768,93,102,-9,9
35769,129,127,2,2
35770,110,107,3,3
35771,86,106,-20,20
35772,72,95,-23,23
35773,122,128,-6,6
35774,37,55,-18,18
35775,173,166,7,7
35776,97,101,-4,4
35777,45,60,-15,15
35778,97,95,2,2
35779,85,105,-20,20
35780,83,95,-12,12
35781,105,110,-5,5
35782,138,141,-3,3
35783,98,103,-5,5
35784,128,129,-1,1
35785,94,95,-1,1
35786,131,122,9,9
35787,67,87,-20,20
35788,176,169,7,7
35789,116,119,-3,3
35790,116,135,-19,19
35791,80,73,7,7
35792,84,94,-10,10
35793,69,89,-20,20
35794,165,160,5,5
35795,55,80,-25,25
35796,123,131,-8,8
35797,117,132,-15,15
35798,81,85,-4,4
35799,86,95,-9,9
35800,185,175,10,10
35801,104,118,-14,14
35802,89,106,-17,17
35803,85,92,-7,7
35804,156,147,9,9
35805,72,80,-8,8
35806,95,95,0,0
35807,86,91,-5,5
35808,72,81,-9,9
35809,168,150,18,18
35810,42,59,-17,17
35811,93,109,-16,16
35812,103,102,1,1
35813,83,95,-12,12
35814,137,143,-6,6
35815,117,134,-17,17
35816,77,96,-19,19
35817,79,103,-24,24
35818,121,130,-9,9
35819,110,128,-18,18
35820,101,105,-4,4
35821,88,112,-24,24
35822,91,99,-8,8
35823,166,153,13,13
35824,63,79,-16,16
35825,92,104,-12,12
35826,138,135,3,3
35827,110,121,-11,11
35828,151,150,1,1
35829,121,139,-18,18
35830,73,85,-12,12
35831,77,84,-7,7
35832,197,187,10,10
35833,94,93,1,1
35834,67,85,-18,18
35835,147,136,11,11
35836,92,125,-33,33
35837,138,145,-7,7
35838,71,93,-22,22
35839,93,99,-6,6
35840,115,118,-3,3
35841,90,97,-7,7
35842,137,140,-3,3
35843,136,148,-12,12
35844,63,79,-16,16
35845,68,82,-14,14
35846,105,112,-7,7
35847,61,73,-12,12
35848,75,92,-17,17
35849,120,130,-10,10
35850,145,149,-4,4
35851,106,114,-8,8
35852,171,155,16,16
35853,87,104,-17,17
35854,112,112,0,0
35855,75,91,-16,16
35856,84,100,-16,16
35857,55,67,-12,12
35858,57,74,-17,17
35859,71,81,-10,10
35860,150,147,3,3
35861,42,64,-22,22
35862,95,104,-9,9
35863,100,115,-15,15
35864,77,83,-6,6
35865,134,149,-15,15
35866,100,99,1,1
35867,117,130,-13,13
35868,74,121,-47,47
35869,106,111,-5,5
35870,121,123,-2,2
35871,115,117,-2,2
35872,137,140,-3,3
35873,80,96,-16,16
35874,81,96,-15,15
35875,50,72,-22,22
35876,60,83,-23,23
35877,143,135,8,8
35878,80,103,-23,23
35879,72,82,-10,10
35880,74,84,-10,10
35881,125,132,-7,7
35882,111,116,-5,5
35883,99,112,-13,13
35884,72,87,-15,15
35885,84,92,-8,8
35886,52,68,-16,16
35887,54,68,-14,14
35888,63,78,-15,15
35889,101,110,-9,9
35890,65,75,-10,10
35891,74,98,-24,24
35892,141,148,-7,7
35893,84,97,-13,13
35894,156,147,9,9
35895,105,113,-8,8
35896,130,132,-2,2
35897,74,91,-17,17
35898,97,117,-20,20
35899,111,124,-13,13
35900,65,80,-15,15
35901,124,130,-6,6
35902,80,93,-13,13
35903,93,102,-9,9
35904,122,128,-6,6
35905,84,107,-23,23
35906,92,106,-14,14
35907,52,88,-36,36
35908,86,105,-19,19
35909,69,90,-21,21
35910,114,117,-3,3
35911,68,78,-10,10
35912,123,137,-14,14
35913,104,128,-24,24
35914,119,119,0,0
35915,123,120,3,3
35916,99,107,-8,8
35917,117,142,-25,25
35918,94,107,-13,13
35919,126,131,-5,5
35920,148,144,4,4
35921,112,111,1,1
35922,168,172,-4,4
35923,81,90,-9,9
35924,100,108,-8,8
35925,78,90,-12,12
35926,109,117,-8,8
35927,120,124,-4,4
35928,119,136,-17,17
35929,83,118,-35,35
35930,138,142,-4,4
35931,63,82,-19,19
35932,63,68,-5,5
35933,88,95,-7,7
35934,50,65,-15,15
35935,171,164,7,7
35936,111,105,6,6
35937,154,157,-3,3
35938,131,127,4,4
35939,110,115,-5,5
35940,74,94,-20,20
35941,116,133,-17,17
35942,112,124,-12,12
35943,89,100,-11,11
35944,109,126,-17,17
35945,68,80,-12,12
35946,77,88,-11,11
35947,69,81,-12,12
35948,54,80,-26,26
35949,74,87,-13,13
35950,140,145,-5,5
35951,92,98,-6,6
35952,47,69,-22,22
35953,49,73,-24,24
35954,72,85,-13,13
35955,79,97,-18,18
35956,45,70,-25,25
35957,53,72,-19,19
35958,114,127,-13,13
35959,64,83,-19,19
35960,63,70,-7,7
35961,113,114,-1,1
35962,103,108,-5,5
35963,109,113,-4,4
35964,94,102,-8,8
35965,65,75,-10,10
35966,94,108,-14,14
35967,142,147,-5,5
35968,38,58,-20,20
35969,91,112,-21,21
35970,86,95,-9,9
35971,150,148,2,2
35972,66,80,-14,14
35973,68,78,-10,10
35974,62,72,-10,10
35975,53,66,-13,13
35976,53,70,-17,17
35977,117,123,-6,6
35978,89,103,-14,14
35979,96,96,0,0
35980,109,121,-12,12
35981,100,112,-12,12
35982,132,130,2,2
35983,125,134,-9,9
35984,47,66,-19,19
35985,76,107,-31,31
35986,80,91,-11,11
35987,108,139,-31,31
35988,72,87,-15,15
35989,79,88,-9,9
35990,103,112,-9,9
35991,93,106,-13,13
35992,90,96,-6,6
35993,76,89,-13,13
35994,88,98,-10,10
35995,70,80,-10,10
35996,162,146,16,16
35997,86,89,-3,3
35998,62,77,-15,15
35999,78,90,-12,12
36000,51,64,-13,13
36001,131,125,6,6
36002,81,89,-8,8
36003,100,115,-15,15
36004,107,116,-9,9
36005,71,85,-14,14
36006,99,109,-10,10
36007,128,130,-2,2
36008,102,114,-12,12
36009,111,128,-17,17
36010,114,126,-12,12
36011,145,142,3,3
36012,123,122,1,1
36013,64,76,-12,12
36014,138,144,-6,6
36015,120,135,-15,15
36016,96,108,-12,12
36017,143,146,-3,3
36018,79,89,-10,10
36019,139,148,-9,9
36020,124,129,-5,5
36021,76,96,-20,20
36022,67,83,-16,16
36023,65,86,-21,21
36024,62,82,-20,20
36025,184,176,8,8
36026,102,111,-9,9
36027,60,75,-15,15
36028,79,99,-20,20
36029,63,76,-13,13
36030,70,73,-3,3
36031,91,112,-21,21
36032,68,86,-18,18
36033,86,103,-17,17
36034,97,118,-21,21
36035,78,100,-22,22
36036,110,114,-4,4
36037,94,99,-5,5
36038,68,95,-27,27
36039,150,148,2,2
36040,81,93,-12,12
36041,58,76,-18,18
36042,48,64,-16,16
36043,76,86,-10,10
36044,102,109,-7,7
36045,74,89,-15,15
36046,60,78,-18,18
36047,75,96,-21,21
36048,92,99,-7,7
36049,62,78,-16,16
36050,91,106,-15,15
36051,93,99,-6,6
36052,146,149,-3,3
36053,94,97,-3,3
36054,88,100,-12,12
36055,124,140,-16,16
36056,92,106,-14,14
36057,87,125,-38,38
36058,113,134,-21,21
36059,99,106,-7,7
36060,90,99,-9,9
36061,95,99,-4,4
36062,61,76,-15,15
36063,139,136,3,3
36064,106,129,-23,23
36065,42,60,-18,18
36066,95,113,-18,18
36067,121,136,-15,15
36068,130,145,-15,15
36069,121,128,-7,7
36070,74,88,-14,14
36071,84,96,-12,12
36072,70,81,-11,11
36073,73,88,-15,15
36074,116,119,-3,3
36075,120,132,-12,12
36076,151,147,4,4
36077,80,94,-14,14
36078,90,108,-18,18
36079,68,90,-22,22
36080,102,110,-8,8
36081,180,171,9,9
36082,44,93,-49,49
36083,170,160,10,10
36084,99,102,-3,3
36085,130,134,-4,4
36086,78,117,-39,39
36087,107,113,-6,6
36088,93,109,-16,16
36089,146,148,-2,2
36090,97,104,-7,7
36091,107,110,-3,3
36092,116,121,-5,5
36093,81,102,-21,21
36094,84,95,-11,11
36095,88,110,-22,22
36096,77,82,-5,5
36097,65,78,-13,13
36098,158,148,10,10
36099,76,98,-22,22
36100,56,68,-12,12
36101,119,129,-10,10
36102,82,88,-6,6
36103,52,76,-24,24
36104,44,65,-21,21
36105,122,122,0,0
36106,92,106,-14,14
36107,87,97,-10,10
36108,152,155,-3,3
36109,97,108,-11,11
36110,127,125,2,2
36111,61,77,-16,16
36112,58,79,-21,21
36113,94,103,-9,9
36114,123,129,-6,6
36115,141,131,10,10
36116,61,85,-24,24
36117,151,165,-14,14
36118,117,127,-10,10
36119,88,98,-10,10
36120,71,82,-11,11
36121,131,143,-12,12
36122,98,110,-12,12
36123,54,77,-23,23
36124,133,134,-1,1
36125,68,78,-10,10
36126,49,73,-24,24
36127,106,112,-6,6
36128,144,142,2,2
36129,105,116,-11,11
36130,59,70,-11,11
36131,65,79,-14,14
36132,136,138,-2,2
36133,58,69,-11,11
36134,49,69,-20,20
36135,47,64,-17,17
36136,87,98,-11,11
36137,81,104,-23,23
36138,110,111,-1,1
36139,119,125,-6,6
36140,114,120,-6,6
36141,77,83,-6,6
36142,114,123,-9,9
36143,112,120,-8,8
36144,86,115,-29,29
36145,91,108,-17,17
36146,136,133,3,3
36147,52,69,-17,17
36148,85,100,-15,15
36149,97,105,-8,8
36150,151,142,9,9
36151,118,124,-6,6
36152,156,144,12,12
36153,61,70,-9,9
36154,107,113,-6,6
36155,173,168,5,5
36156,86,102,-16,16
36157,74,96,-22,22
36158,90,97,-7,7
36159,61,77,-16,16
36160,112,124,-12,12
36161,114,124,-10,10
36162,86,101,-15,15
36163,115,127,-12,12
36164,128,135,-7,7
36165,62,82,-20,20
36166,81,97,-16,16
36167,102,114,-12,12
36168,104,116,-12,12
36169,70,89,-19,19
36170,85,94,-9,9
36171,59,74,-15,15
36172,112,113,-1,1
36173,141,150,-9,9
36174,103,116,-13,13
36175,89,97,-8,8
36176,83,92,-9,9
36177,54,67,-13,13
36178,70,88,-18,18
36179,75,90,-15,15
36180,124,128,-4,4
36181,64,75,-11,11
36182,137,137,0,0
36183,112,133,-21,21
36184,60,88,-28,28
36185,103,121,-18,18
36186,76,83,-7,7
36187,100,102,-2,2
36188,68,87,-19,19
36189,72,92,-20,20
36190,52,70,-18,18
36191,91,105,-14,14
36192,57,70,-13,13
36193,71,76,-5,5
36194,99,115,-16,16
36195,117,142,-25,25
36196,179,164,15,15
36197,109,114,-5,5
36198,33,69,-36,36
36199,101,113,-12,12
36200,105,106,-1,1
36201,88,98,-10,10
36202,152,158,-6,6
36203,88,92,-4,4
36204,140,138,2,2
36205,123,119,4,4
36206,129,136,-7,7
36207,57,73,-16,16
36208,53,66,-13,13
36209,65,84,-19,19
36210,72,83,-11,11
36211,127,147,-20,20
36212,62,84,-22,22
36213,47,65,-18,18
36214,101,114,-13,13
36215,58,63,-5,5
36216,90,108,-18,18
36217,71,86,-15,15
36218,148,144,4,4
36219,131,131,0,0
36220,173,170,3,3
36221,140,140,0,0
36222,88,103,-15,15
36223,105,119,-14,14
36224,129,128,1,1
36225,105,108,-3,3
36226,113,135,-22,22
36227,83,104,-21,21
36228,58,73,-15,15
36229,59,74,-15,15
36230,110,106,4,4
36231,106,120,-14,14
36232,95,109,-14,14
36233,101,101,0,0
36234,56,71,-15,15
36235,134,143,-9,9
36236,118,127,-9,9
36237,114,112,2,2
36238,70,84,-14,14
36239,68,91,-23,23
36240,66,85,-19,19
36241,92,98,-6,6
36242,113,126,-13,13
36243,108,112,-4,4
36244,91,107,-16,16
36245,146,150,-4,4
36246,114,122,-8,8
36247,103,115,-12,12
36248,108,149,-41,41
36249,60,76,-16,16
36250,62,77,-15,15
36251,102,112,-10,10
36252,110,126,-16,16
36253,194,163,31,31
36254,53,73,-20,20
36255,102,107,-5,5
36256,175,153,22,22
36257,66,78,-12,12
36258,108,113,-5,5
36259,112,118,-6,6
36260,154,148,6,6
36261,121,134,-13,13
36262,66,78,-12,12
36263,84,95,-11,11
36264,72,82,-10,10
36265,97,102,-5,5
36266,125,130,-5,5
36267,53,67,-14,14
36268,56,76,-20,20
36269,139,147,-8,8
36270,76,96,-20,20
36271,98,106,-8,8
36272,64,77,-13,13
36273,102,108,-6,6
36274,63,84,-21,21
36275,125,133,-8,8
36276,133,124,9,9
36277,61,75,-14,14
36278,57,74,-17,17
36279,87,90,-3,3
36280,65,82,-17,17
36281,45,64,-19,19
36282,105,119,-14,14
36283,123,124,-1,1
36284,96,103,-7,7
36285,146,152,-6,6
36286,65,84,-19,19
36287,93,104,-11,11
36288,67,82,-15,15
36289,112,102,10,10
36290,128,129,-1,1
36291,78,89,-11,11
36292,73,85,-12,12
36293,89,99,-10,10
36294,62,73,-11,11
36295,127,140,-13,13
36296,126,123,3,3
36297,80,96,-16,16
36298,84,100,-16,16
36299,85,114,-29,29
36300,65,80,-15,15
36301,63,83,-20,20
36302,42,63,-21,21
36303,84,93,-9,9
36304,73,85,-12,12
36305,50,62,-12,12
36306,107,140,-33,33
36307,108,114,-6,6
36308,65,82,-17,17
36309,150,140,10,10
36310,101,106,-5,5
36311,51,61,-10,10
36312,74,82,-8,8
36313,79,90,-11,11
36314,117,117,0,0
36315,71,93,-22,22
36316,70,88,-18,18
36317,75,87,-12,12
36318,38,62,-24,24
36319,104,119,-15,15
36320,97,105,-8,8
36321,117,124,-7,7
36322,78,84,-6,6
36323,58,82,-24,24
36324,133,141,-8,8
36325,51,70,-19,19
36326,117,128,-11,11
36327,82,92,-10,10
36328,155,151,4,4
36329,102,119,-17,17
36330,137,142,-5,5
36331,85,94,-9,9
36332,132,144,-12,12
36333,35,57,-22,22
36334,72,84,-12,12
36335,119,131,-12,12
36336,90,99,-9,9
36337,69,83,-14,14
36338,76,93,-17,17
36339,85,101,-16,16
36340,114,114,0,0
36341,84,123,-39,39
36342,78,95,-17,17
36343,55,71,-16,16
36344,102,114,-12,12
36345,163,148,15,15
36346,69,83,-14,14
36347,126,131,-5,5
36348,43,56,-13,13
36349,61,72,-11,11
36350,54,72,-18,18
36351,109,113,-4,4
36352,102,128,-26,26
36353,80,94,-14,14
36354,206,179,27,27
36355,51,67,-16,16
36356,89,92,-3,3
36357,72,91,-19,19
36358,127,134,-7,7
36359,76,93,-17,17
36360,107,117,-10,10
36361,71,81,-10,10
36362,66,79,-13,13
36363,76,87,-11,11
36364,184,166,18,18
36365,129,136,-7,7
36366,55,73,-18,18
36367,110,125,-15,15
36368,75,90,-15,15
36369,61,88,-27,27
36370,136,135,1,1
36371,103,107,-4,4
36372,115,131,-16,16
36373,55,71,-16,16
36374,113,116,-3,3
36375,89,92,-3,3
36376,121,119,2,2
36377,80,102,-22,22
36378,141,146,-5,5
36379,150,162,-12,12
36380,90,92,-2,2
36381,73,89,-16,16
36382,137,153,-16,16
36383,107,109,-2,2
36384,86,94,-8,8
36385,112,122,-10,10
36386,46,69,-23,23
36387,72,87,-15,15
36388,99,114,-15,15
36389,63,79,-16,16
36390,126,115,11,11
36391,64,76,-12,12
36392,90,114,-24,24
36393,59,77,-18,18
36394,66,74,-8,8
36395,114,109,5,5
36396,102,110,-8,8
36397,77,87,-10,10
36398,90,94,-4,4
36399,68,78,-10,10
36400,78,86,-8,8
36401,71,86,-15,15
36402,49,66,-17,17
36403,83,95,-12,12
36404,112,133,-21,21
36405,102,120,-18,18
36406,134,125,9,9
36407,57,74,-17,17
36408,71,87,-16,16
36409,163,158,5,5
36410,130,132,-2,2
36411,123,143,-20,20
36412,117,124,-7,7
36413,78,88,-10,10
36414,39,60,-21,21
36415,49,67,-18,18
36416,57,70,-13,13
36417,51,72,-21,21
36418,123,123,0,0
36419,92,102,-10,10
36420,93,108,-15,15
36421,77,91,-14,14
36422,197,157,40,40
36423,112,123,-11,11
36424,63,83,-20,20
36425,83,100,-17,17
36426,68,99,-31,31
36427,105,110,-5,5
36428,62,83,-21,21
36429,71,78,-7,7
36430,91,101,-10,10
36431,85,91,-6,6
36432,197,190,7,7
36433,124,128,-4,4
36434,119,124,-5,5
36435,130,148,-18,18
36436,81,87,-6,6
36437,92,105,-13,13
36438,71,85,-14,14
36439,67,78,-11,11
36440,99,104,-5,5
36441,94,103,-9,9
36442,114,128,-14,14
36443,167,154,13,13
36444,120,121,-1,1
36445,125,124,1,1
36446,70,79,-9,9
36447,114,116,-2,2
36448,95,102,-7,7
36449,46,65,-19,19
36450,101,119,-18,18
36451,61,70,-9,9
36452,90,110,-20,20
36453,67,151,-84,84
36454,157,147,10,10
36455,79,90,-11,11
36456,105,112,-7,7
36457,112,110,2,2
36458,89,102,-13,13
36459,105,116,-11,11
36460,124,132,-8,8
36461,65,75,-10,10
36462,73,85,-12,12
36463,66,82,-16,16
36464,61,80,-19,19
36465,125,147,-22,22
36466,122,141,-19,19
36467,76,85,-9,9
36468,90,107,-17,17
36469,176,154,22,22
36470,62,82,-20,20
36471,139,145,-6,6
36472,43,57,-14,14
36473,67,87,-20,20
36474,50,69,-19,19
36475,66,79,-13,13
36476,59,74,-15,15
36477,81,87,-6,6
36478,83,87,-4,4
36479,92,104,-12,12
36480,76,96,-20,20
36481,62,77,-15,15
36482,64,99,-35,35
36483,92,113,-21,21
36484,123,126,-3,3
36485,84,89,-5,5
36486,88,99,-11,11
36487,58,77,-19,19
36488,87,95,-8,8
36489,73,86,-13,13
36490,44,67,-23,23
36491,123,127,-4,4
36492,76,84,-8,8
36493,82,100,-18,18
36494,84,96,-12,12
36495,69,83,-14,14
36496,80,98,-18,18
36497,104,112,-8,8
36498,81,95,-14,14
36499,79,99,-20,20
36500,90,117,-27,27
36501,105,113,-8,8
36502,140,143,-3,3
36503,85,100,-15,15
36504,96,104,-8,8
36505,102,113,-11,11
36506,81,88,-7,7
36507,117,116,1,1
36508,68,79,-11,11
36509,79,92,-13,13
36510,143,143,0,0
36511,66,75,-9,9
36512,52,68,-16,16
36513,109,109,0,0
36514,40,67,-27,27
36515,140,139,1,1
36516,115,122,-7,7
36517,74,99,-25,25
36518,61,77,-16,16
36519,66,81,-15,15
36520,92,94,-2,2
36521,48,87,-39,39
36522,116,121,-5,5
36523,141,140,1,1
36524,113,116,-3,3
36525,89,93,-4,4
36526,139,133,6,6
36527,134,146,-12,12
36528,152,150,2,2
36529,88,101,-13,13
36530,93,105,-12,12
36531,161,151,10,10
36532,90,106,-16,16
36533,68,80,-12,12
36534,148,142,6,6
36535,82,93,-11,11
36536,96,102,-6,6
36537,171,166,5,5
36538,96,117,-21,21
36539,66,86,-20,20
36540,113,116,-3,3
36541,78,93,-15,15
36542,82,91,-9,9
36543,61,76,-15,15
36544,82,90,-8,8
36545,99,119,-20,20
36546,225,183,42,42
36547,81,91,-10,10
36548,62,77,-15,15
36549,66,82,-16,16
36550,44,61,-17,17
36551,74,101,-27,27
36552,83,91,-8,8
36553,109,115,-6,6
36554,51,76,-25,25
36555,121,135,-14,14
36556,83,86,-3,3
36557,81,104,-23,23
36558,53,70,-17,17
36559,73,92,-19,19
36560,109,112,-3,3
36561,151,150,1,1
36562,115,128,-13,13
36563,122,124,-2,2
36564,116,127,-11,11
36565,107,111,-4,4
36566,109,113,-4,4
36567,72,82,-10,10
36568,43,60,-17,17
36569,78,87,-9,9
36570,127,127,0,0
36571,50,70,-20,20
36572,96,106,-10,10
36573,53,72,-19,19
36574,37,58,-21,21
36575,94,98,-4,4
36576,56,75,-19,19
36577,27,51,-24,24
36578,38,65,-27,27
36579,109,122,-13,13
36580,109,118,-9,9
36581,70,89,-19,19
36582,60,78,-18,18
36583,82,103,-21,21
36584,67,78,-11,11
36585,67,82,-15,15
36586,78,84,-6,6
36587,62,85,-23,23
36588,49,71,-22,22
36589,109,113,-4,4
36590,88,103,-15,15
36591,81,101,-20,20
36592,82,101,-19,19
36593,90,98,-8,8
36594,79,93,-14,14
36595,97,100,-3,3
36596,75,92,-17,17
36597,104,110,-6,6
36598,84,103,-19,19
36599,146,147,-1,1
36600,62,77,-15,15
36601,104,119,-15,15
36602,106,126,-20,20
36603,92,105,-13,13
36604,92,100,-8,8
36605,92,106,-14,14
36606,71,86,-15,15
36607,91,105,-14,14
36608,87,98,-11,11
36609,79,109,-30,30
36610,86,111,-25,25
36611,128,123,5,5
36612,186,176,10,10
36613,138,139,-1,1
36614,89,92,-3,3
36615,168,155,13,13
36616,46,66,-20,20
36617,93,103,-10,10
36618,72,90,-18,18
36619,110,114,-4,4
36620,99,101,-2,2
36621,51,67,-16,16
36622,93,103,-10,10
36623,99,105,-6,6
36624,126,132,-6,6
36625,64,79,-15,15
36626,209,189,20,20
36627,102,110,-8,8
36628,98,112,-14,14
36629,79,83,-4,4
36630,85,106,-21,21
36631,64,81,-17,17
36632,83,94,-11,11
36633,121,113,8,8
36634,111,116,-5,5
36635,72,84,-12,12
36636,97,103,-6,6
36637,96,102,-6,6
36638,64,79,-15,15
36639,128,143,-15,15
36640,34,51,-17,17
36641,124,116,8,8
36642,84,94,-10,10
36643,132,133,-1,1
36644,55,71,-16,16
36645,118,124,-6,6
36646,47,64,-17,17
36647,74,83,-9,9
36648,75,87,-12,12
36649,93,110,-17,17
36650,171,150,21,21
36651,81,97,-16,16
36652,62,77,-15,15
36653,81,89,-8,8
36654,83,89,-6,6
36655,65,78,-13,13
36656,61,81,-20,20
36657,83,98,-15,15
36658,102,112,-10,10
36659,78,89,-11,11
36660,85,94,-9,9
36661,122,123,-1,1
36662,60,74,-14,14
36663,151,154,-3,3
36664,72,90,-18,18
36665,93,102,-9,9
36666,99,111,-12,12
36667,95,113,-18,18
36668,105,112,-7,7
36669,83,85,-2,2
36670,128,144,-16,16
36671,76,119,-43,43
36672,114,115,-1,1
36673,125,135,-10,10
36674,88,96,-8,8
36675,117,130,-13,13
36676,54,69,-15,15
36677,102,113,-11,11
36678,60,71,-11,11
36679,47,88,-41,41
36680,76,86,-10,10
36681,53,70,-17,17
36682,83,100,-17,17
36683,148,155,-7,7
36684,101,112,-11,11
36685,126,130,-4,4
36686,124,185,-61,61
36687,114,124,-10,10
36688,74,94,-20,20
36689,83,105,-22,22
36690,109,113,-4,4
36691,89,110,-21,21
36692,76,92,-16,16
36693,53,71,-18,18
36694,78,90,-12,12
36695,60,76,-16,16
36696,136,138,-2,2
36697,42,72,-30,30
36698,126,126,0,0
36699,99,121,-22,22
36700,96,111,-15,15
36701,45,63,-18,18
36702,77,83,-6,6
36703,167,150,17,17
36704,102,139,-37,37
36705,92,109,-17,17
36706,61,81,-20,20
36707,138,139,-1,1
36708,117,138,-21,21
36709,127,128,-1,1
36710,92,92,0,0
36711,83,97,-14,14
36712,69,80,-11,11
36713,189,170,19,19
36714,89,92,-3,3
36715,154,150,4,4
36716,78,96,-18,18
36717,92,101,-9,9
36718,151,154,-3,3
36719,138,148,-10,10
36720,73,83,-10,10
36721,152,153,-1,1
36722,122,131,-9,9
36723,71,79,-8,8
36724,118,127,-9,9
36725,93,95,-2,2
36726,104,115,-11,11
36727,85,90,-5,5
36728,91,101,-10,10
36729,50,64,-14,14
36730,102,101,1,1
36731,120,133,-13,13
36732,111,115,-4,4
36733,71,89,-18,18
36734,57,67,-10,10
36735,161,143,18,18
36736,53,65,-12,12
36737,122,145,-23,23
36738,125,137,-12,12
36739,83,91,-8,8
36740,74,94,-20,20
36741,78,88,-10,10
36742,51,65,-14,14
36743,167,146,21,21
36744,78,92,-14,14
36745,207,187,20,20
36746,120,128,-8,8
36747,142,150,-8,8
36748,71,93,-22,22
36749,144,132,12,12
36750,55,70,-15,15
36751,75,81,-6,6
36752,113,130,-17,17
36753,100,123,-23,23
36754,56,71,-15,15
36755,137,133,4,4
36756,92,105,-13,13
36757,142,144,-2,2
36758,114,126,-12,12
36759,47,65,-18,18
36760,61,73,-12,12
36761,130,133,-3,3
36762,68,86,-18,18
36763,72,98,-26,26
36764,39,59,-20,20
36765,116,129,-13,13
36766,135,133,2,2
36767,121,129,-8,8
36768,126,130,-4,4
36769,115,136,-21,21
36770,92,98,-6,6
36771,137,133,4,4
36772,67,81,-14,14
36773,58,67,-9,9
36774,74,91,-17,17
36775,66,68,-2,2
36776,70,77,-7,7
36777,89,119,-30,30
36778,85,105,-20,20
36779,77,90,-13,13
36780,54,67,-13,13
36781,103,115,-12,12
36782,45,66,-21,21
36783,35,67,-32,32
36784,84,123,-39,39
36785,61,87,-26,26
36786,114,117,-3,3
36787,47,68,-21,21
36788,86,94,-8,8
36789,92,105,-13,13
36790,61,80,-19,19
36791,96,106,-10,10
36792,48,62,-14,14
36793,115,132,-17,17
36794,209,183,26,26
36795,89,103,-14,14
36796,63,70,-7,7
36797,68,86,-18,18
36798,88,109,-21,21
36799,63,87,-24,24
36800,121,143,-22,22
36801,146,156,-10,10
36802,64,74,-10,10
36803,75,88,-13,13
36804,118,130,-12,12
36805,121,133,-12,12
36806,87,91,-4,4
36807,80,91,-11,11
36808,80,96,-16,16
36809,107,108,-1,1
36810,137,138,-1,1
36811,96,98,-2,2
36812,74,87,-13,13
36813,90,98,-8,8
36814,70,77,-7,7
36815,45,64,-19,19
36816,63,73,-10,10
36817,122,129,-7,7
36818,80,93,-13,13
36819,91,104,-13,13
36820,241,205,36,36
36821,49,64,-15,15
36822,115,132,-17,17
36823,136,127,9,9
36824,87,89,-2,2
36825,90,117,-27,27
36826,86,95,-9,9
36827,126,130,-4,4
36828,63,91,-28,28
36829,68,81,-13,13
36830,83,87,-4,4
36831,101,107,-6,6
36832,82,119,-37,37
36833,105,121,-16,16
36834,141,148,-7,7
36835,67,86,-19,19
36836,29,54,-25,25
36837,96,113,-17,17
36838,69,81,-12,12
36839,62,80,-18,18
36840,68,86,-18,18
36841,96,98,-2,2
36842,122,136,-14,14
36843,109,125,-16,16
36844,83,89,-6,6
36845,127,129,-2,2
36846,115,138,-23,23
36847,95,105,-10,10
36848,64,76,-12,12
36849,80,93,-13,13
36850,285,274,11,11
36851,88,97,-9,9
36852,154,137,17,17
36853,163,154,9,9
36854,68,122,-54,54
36855,72,89,-17,17
36856,184,175,9,9
36857,87,92,-5,5
36858,58,74,-16,16
36859,110,128,-18,18
36860,62,81,-19,19
36861,53,61,-8,8
36862,158,156,2,2
36863,87,116,-29,29
36864,70,92,-22,22
36865,72,86,-14,14
36866,141,133,8,8
36867,94,104,-10,10
36868,48,74,-26,26
36869,56,70,-14,14
36870,169,155,14,14
36871,81,114,-33,33
36872,71,83,-12,12
36873,97,99,-2,2
36874,73,91,-18,18
36875,90,104,-14,14
36876,122,126,-4,4
36877,68,74,-6,6
36878,128,127,1,1
36879,68,82,-14,14
36880,128,136,-8,8
36881,80,98,-18,18
36882,76,82,-6,6
36883,131,147,-16,16
36884,96,109,-13,13
36885,118,134,-16,16
36886,112,113,-1,1
36887,174,161,13,13
36888,44,55,-11,11
36889,92,108,-16,16
36890,66,80,-14,14
36891,90,103,-13,13
36892,144,146,-2,2
36893,110,112,-2,2
36894,164,149,15,15
36895,85,91,-6,6
36896,87,108,-21,21
36897,126,147,-21,21
36898,70,83,-13,13
36899,111,122,-11,11
36900,56,70,-14,14
36901,50,70,-20,20
36902,93,105,-12,12
36903,66,82,-16,16
36904,77,86,-9,9
36905,59,72,-13,13
36906,95,110,-15,15
36907,79,92,-13,13
36908,84,96,-12,12
36909,81,93,-12,12
36910,118,118,0,0
36911,62,74,-12,12
36912,113,127,-14,14
36913,89,88,1,1
36914,109,114,-5,5
36915,157,150,7,7
36916,144,161,-17,17
36917,113,114,-1,1
36918,136,130,6,6
36919,55,66,-11,11
36920,100,141,-41,41
36921,127,126,1,1
36922,137,142,-5,5
36923,77,89,-12,12
36924,75,87,-12,12
36925,96,111,-15,15
36926,183,167,16,16
36927,100,105,-5,5
36928,66,74,-8,8
36929,87,101,-14,14
36930,76,90,-14,14
36931,79,112,-33,33
36932,84,95,-11,11
36933,101,107,-6,6
36934,110,120,-10,10
36935,97,109,-12,12
36936,55,71,-16,16
36937,94,99,-5,5
36938,65,82,-17,17
36939,78,88,-10,10
36940,69,88,-19,19
36941,171,161,10,10
36942,78,92,-14,14
36943,58,75,-17,17
36944,79,89,-10,10
36945,90,97,-7,7
36946,43,59,-16,16
36947,80,106,-26,26
36948,121,139,-18,18
36949,186,167,19,19
36950,87,104,-17,17
36951,25,45,-20,20
36952,77,97,-20,20
36953,111,118,-7,7
36954,60,74,-14,14
36955,70,88,-18,18
36956,145,143,2,2
36957,83,92,-9,9
36958,87,90,-3,3
36959,79,88,-9,9
36960,110,118,-8,8
36961,70,79,-9,9
36962,157,151,6,6
36963,95,105,-10,10
36964,62,81,-19,19
36965,83,99,-16,16
36966,64,77,-13,13
36967,240,228,12,12
36968,77,91,-14,14
36969,171,154,17,17
36970,111,121,-10,10
36971,98,103,-5,5
36972,60,75,-15,15
36973,94,107,-13,13
36974,117,121,-4,4
36975,113,123,-10,10
36976,149,158,-9,9
36977,84,97,-13,13
36978,50,71,-21,21
36979,109,129,-20,20
36980,77,103,-26,26
36981,125,130,-5,5
36982,74,99,-25,25
36983,80,95,-15,15
36984,70,83,-13,13
36985,79,90,-11,11
36986,125,119,6,6
36987,102,101,1,1
36988,72,84,-12,12
36989,99,115,-16,16
36990,73,95,-22,22
36991,104,110,-6,6
36992,99,107,-8,8
36993,97,101,-4,4
36994,135,143,-8,8
36995,80,97,-17,17
36996,146,148,-2,2
36997,59,84,-25,25
36998,95,108,-13,13
36999,159,148,11,11
37000,73,77,-4,4
37001,94,104,-10,10
37002,159,139,20,20
37003,178,154,24,24
37004,58,71,-13,13
37005,88,100,-12,12
37006,88,103,-15,15
37007,81,99,-18,18
37008,79,88,-9,9
37009,54,72,-18,18
37010,88,97,-9,9
37011,75,83,-8,8
37012,101,100,1,1
37013,89,94,-5,5
37014,51,72,-21,21
37015,121,129,-8,8
37016,110,123,-13,13
37017,99,102,-3,3
37018,63,83,-20,20
37019,113,124,-11,11
37020,137,146,-9,9
37021,114,134,-20,20
37022,87,97,-10,10
37023,176,150,26,26
37024,136,143,-7,7
37025,104,114,-10,10
37026,131,170,-39,39
37027,100,122,-22,22
37028,110,126,-16,16
37029,54,67,-13,13
37030,99,113,-14,14
37031,55,73,-18,18
37032,141,137,4,4
37033,142,146,-4,4
37034,125,123,2,2
37035,114,132,-18,18
37036,121,128,-7,7
37037,138,135,3,3
37038,66,88,-22,22
37039,108,113,-5,5
37040,137,138,-1,1
37041,57,70,-13,13
37042,97,112,-15,15
37043,114,114,0,0
37044,124,152,-28,28
37045,66,82,-16,16
37046,51,65,-14,14
37047,162,149,13,13
37048,161,154,7,7
37049,116,121,-5,5
37050,111,120,-9,9
37051,143,148,-5,5
37052,41,64,-23,23
37053,97,98,-1,1
37054,49,68,-19,19
37055,156,151,5,5
37056,48,63,-15,15
37057,82,93,-11,11
37058,58,74,-16,16
37059,81,87,-6,6
37060,81,89,-8,8
37061,68,82,-14,14
37062,120,133,-13,13
37063,28,52,-24,24
37064,84,108,-24,24
37065,96,109,-13,13
37066,79,92,-13,13
37067,446,356,90,90
37068,132,141,-9,9
37069,131,133,-2,2
37070,60,86,-26,26
37071,78,85,-7,7
37072,113,123,-10,10
37073,67,80,-13,13
37074,83,91,-8,8
37075,77,84,-7,7
37076,82,93,-11,11
37077,60,73,-13,13
37078,112,120,-8,8
37079,124,127,-3,3
37080,150,142,8,8
37081,87,97,-10,10
37082,129,126,3,3
37083,151,148,3,3
37084,36,58,-22,22
37085,100,108,-8,8
37086,57,116,-59,59
37087,108,123,-15,15
37088,78,97,-19,19
37089,72,77,-5,5
37090,69,94,-25,25
37091,108,123,-15,15
37092,87,95,-8,8
37093,51,77,-26,26
37094,48,65,-17,17
37095,98,119,-21,21
37096,31,71,-40,40
37097,140,129,11,11
37098,74,87,-13,13
37099,95,109,-14,14
37100,87,95,-8,8
37101,120,129,-9,9
37102,83,90,-7,7
37103,81,107,-26,26
37104,75,90,-15,15
37105,87,99,-12,12
37106,145,148,-3,3
37107,98,103,-5,5
37108,52,60,-8,8
37109,83,94,-11,11
37110,55,87,-32,32
37111,110,124,-14,14
37112,125,139,-14,14
37113,87,92,-5,5
37114,101,110,-9,9
37115,81,87,-6,6
37116,143,146,-3,3
37117,218,193,25,25
37118,79,87,-8,8
37119,97,100,-3,3
37120,58,73,-15,15
37121,116,133,-17,17
37122,76,81,-5,5
37123,94,110,-16,16
37124,79,104,-25,25
37125,60,71,-11,11
37126,103,119,-16,16
37127,51,66,-15,15
37128,113,116,-3,3
37129,83,111,-28,28
37130,121,128,-7,7
37131,87,88,-1,1
37132,152,152,0,0
37133,97,109,-12,12
37134,169,162,7,7
37135,73,99,-26,26
37136,141,149,-8,8
37137,88,93,-5,5
37138,75,161,-86,86
37139,78,90,-12,12
37140,114,118,-4,4
37141,95,94,1,1
37142,100,124,-24,24
37143,94,106,-12,12
37144,62,84,-22,22
37145,75,117,-42,42
37146,91,107,-16,16
37147,155,145,10,10
37148,82,88,-6,6
37149,120,129,-9,9
37150,154,147,7,7
37151,45,61,-16,16
37152,69,82,-13,13
37153,70,88,-18,18
37154,129,141,-12,12
37155,83,93,-10,10
37156,102,109,-7,7
37157,34,56,-22,22
37158,84,91,-7,7
37159,93,100,-7,7
37160,173,155,18,18
37161,81,99,-18,18
37162,112,134,-22,22
37163,141,146,-5,5
37164,117,124,-7,7
37165,87,105,-18,18
37166,89,115,-26,26
37167,138,148,-10,10
37168,77,92,-15,15
37169,71,88,-17,17
37170,108,120,-12,12
37171,84,94,-10,10
37172,90,113,-23,23
37173,156,148,8,8
37174,90,105,-15,15
37175,91,102,-11,11
37176,64,77,-13,13
37177,66,82,-16,16
37178,59,67,-8,8
37179,124,127,-3,3
37180,49,65,-16,16
37181,108,118,-10,10
37182,83,97,-14,14
37183,115,114,1,1
37184,59,79,-20,20
37185,51,81,-30,30
37186,90,99,-9,9
37187,77,101,-24,24
37188,59,68,-9,9
37189,100,108,-8,8
37190,138,137,1,1
37191,237,219,18,18
37192,71,84,-13,13
37193,51,67,-16,16
37194,160,160,0,0
37195,162,152,10,10
37196,121,128,-7,7
37197,122,124,-2,2
37198,64,76,-12,12
37199,78,87,-9,9
37200,107,141,-34,34
37201,102,118,-16,16
37202,74,93,-19,19
37203,90,110,-20,20
37204,65,70,-5,5
37205,85,101,-16,16
37206,88,101,-13,13
37207,95,103,-8,8
37208,92,103,-11,11
37209,148,136,12,12
37210,89,99,-10,10
37211,63,76,-13,13
37212,98,99,-1,1
37213,74,84,-10,10
37214,69,83,-14,14
37215,58,77,-19,19
37216,148,144,4,4
37217,75,92,-17,17
37218,128,136,-8,8
37219,63,88,-25,25
37220,113,119,-6,6
37221,88,106,-18,18
37222,68,72,-4,4
37223,98,110,-12,12
37224,79,97,-18,18
37225,69,83,-14,14
37226,284,255,29,29
37227,76,88,-12,12
37228,98,112,-14,14
37229,73,91,-18,18
37230,135,142,-7,7
37231,71,84,-13,13
37232,85,93,-8,8
37233,58,77,-19,19
37234,110,120,-10,10
37235,63,77,-14,14
37236,91,106,-15,15
37237,72,90,-18,18
37238,111,147,-36,36
37239,75,84,-9,9
37240,127,135,-8,8
37241,157,147,10,10
37242,136,144,-8,8
37243,66,78,-12,12
37244,53,69,-16,16
37245,76,91,-15,15
37246,76,83,-7,7
37247,123,142,-19,19
37248,90,99,-9,9
37249,62,81,-19,19
37250,93,125,-32,32
37251,150,143,7,7
37252,114,122,-8,8
37253,99,99,0,0
37254,85,95,-10,10
37255,68,77,-9,9
37256,54,66,-12,12
37257,64,76,-12,12
37258,126,137,-11,11
37259,52,69,-17,17
37260,119,124,-5,5
37261,112,123,-11,11
37262,257,224,33,33
37263,75,89,-14,14
37264,58,71,-13,13
37265,87,93,-6,6
37266,50,64,-14,14
37267,79,95,-16,16
37268,142,142,0,0
37269,122,137,-15,15
37270,69,89,-20,20
37271,82,93,-11,11
37272,83,100,-17,17
37273,87,94,-7,7
37274,132,139,-7,7
37275,110,133,-23,23
37276,98,98,0,0
37277,93,103,-10,10
37278,112,128,-16,16
37279,101,104,-3,3
37280,97,112,-15,15
37281,111,128,-17,17
37282,53,69,-16,16
37283,78,105,-27,27
37284,104,110,-6,6
37285,86,95,-9,9
37286,109,116,-7,7
37287,136,137,-1,1
37288,113,142,-29,29
37289,53,71,-18,18
37290,85,89,-4,4
37291,142,137,5,5
37292,141,140,1,1
37293,87,99,-12,12
37294,79,90,-11,11
37295,171,154,17,17
37296,104,119,-15,15
37297,91,129,-38,38
37298,70,83,-13,13
37299,93,108,-15,15
37300,115,125,-10,10
37301,49,71,-22,22
37302,115,112,3,3
37303,85,92,-7,7
37304,96,107,-11,11
37305,112,118,-6,6
37306,133,145,-12,12
37307,114,120,-6,6
37308,78,111,-33,33
37309,158,149,9,9
37310,73,82,-9,9
37311,44,63,-19,19
37312,160,158,2,2
37313,114,127,-13,13
37314,163,131,32,32
37315,113,119,-6,6
37316,92,111,-19,19
37317,35,58,-23,23
37318,135,139,-4,4
37319,113,120,-7,7
37320,105,113,-8,8
37321,79,88,-9,9
37322,130,127,3,3
37323,129,136,-7,7
37324,81,100,-19,19
37325,71,93,-22,22
37326,233,202,31,31
37327,79,99,-20,20
37328,88,99,-11,11
37329,121,135,-14,14
37330,132,130,2,2
37331,179,162,17,17
37332,199,176,23,23
37333,133,135,-2,2
37334,127,132,-5,5
37335,71,91,-20,20
37336,59,78,-19,19
37337,92,101,-9,9
37338,98,111,-13,13
37339,93,97,-4,4
37340,103,95,8,8
37341,114,131,-17,17
37342,80,94,-14,14
37343,84,96,-12,12
37344,95,98,-3,3
37345,141,143,-2,2
37346,184,167,17,17
37347,138,128,10,10
37348,59,73,-14,14
37349,172,162,10,10
37350,146,145,1,1
37351,72,89,-17,17
37352,139,149,-10,10
37353,108,116,-8,8
37354,91,111,-20,20
37355,38,52,-14,14
37356,44,69,-25,25
37357,86,100,-14,14
37358,68,88,-20,20
37359,68,74,-6,6
37360,100,113,-13,13
37361,135,133,2,2
37362,30,62,-32,32
37363,149,147,2,2
37364,93,105,-12,12
37365,132,147,-15,15
37366,61,77,-16,16
37367,104,115,-11,11
37368,119,125,-6,6
37369,61,79,-18,18
37370,79,92,-13,13
37371,48,72,-24,24
37372,80,81,-1,1
37373,145,162,-17,17
37374,65,89,-24,24
37375,68,79,-11,11
37376,68,83,-15,15
37377,78,99,-21,21
37378,65,77,-12,12
37379,98,105,-7,7
37380,102,118,-16,16
37381,115,112,3,3
37382,71,83,-12,12
37383,63,85,-22,22
37384,64,89,-25,25
37385,97,106,-9,9
37386,102,104,-2,2
37387,101,112,-11,11
37388,34,52,-18,18
37389,70,83,-13,13
37390,53,77,-24,24
37391,92,105,-13,13
37392,83,99,-16,16
37393,101,118,-17,17
37394,76,87,-11,11
37395,76,92,-16,16
37396,111,114,-3,3
37397,49,81,-32,32
37398,55,78,-23,23
37399,115,122,-7,7
37400,126,132,-6,6
37401,121,118,3,3
37402,145,145,0,0
37403,60,85,-25,25
37404,73,78,-5,5
37405,63,77,-14,14
37406,71,81,-10,10
37407,81,97,-16,16
37408,98,109,-11,11
37409,138,144,-6,6
37410,69,88,-19,19
37411,172,175,-3,3
37412,57,80,-23,23
37413,119,121,-2,2
37414,65,82,-17,17
37415,54,72,-18,18
37416,86,104,-18,18
37417,116,128,-12,12
37418,145,148,-3,3
37419,102,118,-16,16
37420,108,117,-9,9
37421,63,77,-14,14
37422,125,131,-6,6
37423,90,104,-14,14
37424,139,147,-8,8
37425,94,103,-9,9
37426,86,100,-14,14
37427,44,76,-32,32
37428,89,108,-19,19
37429,82,94,-12,12
37430,114,113,1,1
37431,60,75,-15,15
37432,103,110,-7,7
37433,58,69,-11,11
37434,108,125,-17,17
37435,140,148,-8,8
37436,160,155,5,5
37437,54,68,-14,14
37438,106,110,-4,4
37439,140,147,-7,7
37440,101,114,-13,13
37441,120,129,-9,9
37442,118,122,-4,4
37443,116,120,-4,4
37444,108,116,-8,8
37445,205,200,5,5
37446,192,176,16,16
37447,97,106,-9,9
37448,59,73,-14,14
37449,60,78,-18,18
37450,51,65,-14,14
37451,48,63,-15,15
37452,118,125,-7,7
37453,209,189,20,20
37454,64,79,-15,15
37455,76,94,-18,18
37456,130,135,-5,5
37457,83,95,-12,12
37458,69,92,-23,23
37459,66,70,-4,4
37460,81,102,-21,21
37461,116,143,-27,27
37462,91,108,-17,17
37463,178,171,7,7
37464,148,157,-9,9
37465,160,156,4,4
37466,116,141,-25,25
37467,87,107,-20,20
37468,93,111,-18,18
37469,71,88,-17,17
37470,121,125,-4,4
37471,85,89,-4,4
37472,75,93,-18,18
37473,101,111,-10,10
37474,72,88,-16,16
37475,60,72,-12,12
37476,102,108,-6,6
37477,111,116,-5,5
37478,81,101,-20,20
37479,75,104,-29,29
37480,107,123,-16,16
37481,75,92,-17,17
37482,67,89,-22,22
37483,126,147,-21,21
37484,106,117,-11,11
37485,126,136,-10,10
37486,104,118,-14,14
37487,65,85,-20,20
37488,92,106,-14,14
37489,78,85,-7,7
37490,127,131,-4,4
37491,88,102,-14,14
37492,35,70,-35,35
37493,87,99,-12,12
37494,53,79,-26,26
37495,108,117,-9,9
37496,89,105,-16,16
37497,79,94,-15,15
37498,79,100,-21,21
37499,138,130,8,8
37500,92,97,-5,5
37501,84,92,-8,8
37502,65,78,-13,13
37503,74,86,-12,12
37504,147,147,0,0
37505,96,105,-9,9
37506,124,125,-1,1
37507,84,106,-22,22
37508,118,123,-5,5
37509,80,90,-10,10
37510,89,110,-21,21
37511,154,156,-2,2
37512,96,125,-29,29
37513,73,95,-22,22
37514,218,183,35,35
37515,108,121,-13,13
37516,156,150,6,6
37517,56,75,-19,19
37518,105,112,-7,7
37519,103,135,-32,32
37520,98,112,-14,14
37521,161,157,4,4
37522,150,138,12,12
37523,50,66,-16,16
37524,99,108,-9,9
37525,62,81,-19,19
37526,102,111,-9,9
37527,86,92,-6,6
37528,81,93,-12,12
37529,51,69,-18,18
37530,100,105,-5,5
37531,74,83,-9,9
37532,65,76,-11,11
37533,95,107,-12,12
37534,99,108,-9,9
37535,84,100,-16,16
37536,114,112,2,2
37537,99,106,-7,7
37538,58,65,-7,7
37539,49,61,-12,12
37540,119,120,-1,1
37541,83,98,-15,15
37542,96,113,-17,17
37543,70,90,-20,20
37544,108,116,-8,8
37545,128,124,4,4
37546,75,84,-9,9
37547,72,83,-11,11
37548,88,91,-3,3
37549,71,81,-10,10
37550,103,107,-4,4
37551,109,113,-4,4
37552,77,93,-16,16
37553,74,89,-15,15
37554,105,107,-2,2
37555,56,69,-13,13
37556,95,104,-9,9
37557,152,146,6,6
37558,62,74,-12,12
37559,128,136,-8,8
37560,108,115,-7,7
37561,58,77,-19,19
37562,144,138,6,6
37563,109,112,-3,3
37564,66,78,-12,12
37565,114,127,-13,13
37566,150,140,10,10
37567,98,106,-8,8
37568,151,148,3,3
37569,73,86,-13,13
37570,84,99,-15,15
37571,126,133,-7,7
37572,50,69,-19,19
37573,101,122,-21,21
37574,56,77,-21,21
37575,95,110,-15,15
37576,65,77,-12,12
37577,141,130,11,11
37578,94,105,-11,11
37579,67,83,-16,16
37580,55,73,-18,18
37581,65,79,-14,14
37582,52,82,-30,30
37583,95,100,-5,5
37584,158,151,7,7
37585,106,52,54,54
37586,101,108,-7,7
37587,96,103,-7,7
37588,132,144,-12,12
37589,91,99,-8,8
37590,80,93,-13,13
37591,209,191,18,18
37592,71,93,-22,22
37593,94,112,-18,18
37594,93,103,-10,10
37595,103,116,-13,13
37596,69,90,-21,21
37597,190,185,5,5
37598,92,101,-9,9
37599,105,111,-6,6
37600,69,85,-16,16
37601,54,82,-28,28
37602,59,71,-12,12
37603,82,98,-16,16
37604,84,95,-11,11
37605,30,69,-39,39
37606,150,147,3,3
37607,65,76,-11,11
37608,88,98,-10,10
37609,80,92,-12,12
37610,174,163,11,11
37611,134,155,-21,21
37612,82,94,-12,12
37613,77,82,-5,5
37614,65,83,-18,18
37615,49,67,-18,18
37616,95,112,-17,17
37617,67,82,-15,15
37618,69,79,-10,10
37619,125,143,-18,18
37620,124,140,-16,16
37621,81,98,-17,17
37622,93,102,-9,9
37623,148,134,14,14
37624,158,148,10,10
37625,107,116,-9,9
37626,138,134,4,4
37627,106,119,-13,13
37628,102,118,-16,16
37629,151,152,-1,1
37630,103,118,-15,15
37631,77,86,-9,9
37632,139,143,-4,4
37633,122,128,-6,6
37634,86,92,-6,6
37635,85,96,-11,11
37636,76,83,-7,7
37637,115,115,0,0
37638,137,136,1,1
37639,113,133,-20,20
37640,155,144,11,11
37641,66,91,-25,25
37642,75,83,-8,8
37643,120,131,-11,11
37644,116,113,3,3
37645,152,151,1,1
37646,56,75,-19,19
37647,205,182,23,23
37648,96,113,-17,17
37649,101,107,-6,6
37650,100,111,-11,11
37651,94,100,-6,6
37652,130,131,-1,1
37653,61,89,-28,28
37654,123,126,-3,3
37655,111,129,-18,18
37656,136,147,-11,11
37657,166,150,16,16
37658,85,108,-23,23
37659,99,111,-12,12
37660,58,75,-17,17
37661,98,102,-4,4
37662,88,91,-3,3
37663,164,149,15,15
37664,67,84,-17,17
37665,112,110,2,2
37666,105,115,-10,10
37667,151,144,7,7
37668,80,85,-5,5
37669,121,134,-13,13
37670,179,150,29,29
37671,151,148,3,3
37672,116,125,-9,9
37673,93,103,-10,10
37674,96,104,-8,8
37675,112,146,-34,34
37676,45,62,-17,17
37677,100,110,-10,10
37678,71,95,-24,24
37679,72,79,-7,7
37680,124,122,2,2
37681,54,66,-12,12
37682,135,135,0,0
37683,125,126,-1,1
37684,125,116,9,9
37685,104,127,-23,23
37686,76,88,-12,12
37687,106,149,-43,43
37688,76,86,-10,10
37689,87,100,-13,13
37690,146,147,-1,1
37691,91,96,-5,5
37692,72,99,-27,27
37693,149,148,1,1
37694,82,94,-12,12
37695,157,154,3,3
37696,138,136,2,2
37697,122,129,-7,7
37698,105,117,-12,12
37699,88,96,-8,8
37700,157,166,-9,9
37701,108,110,-2,2
37702,94,103,-9,9
37703,102,120,-18,18
37704,51,73,-22,22
37705,84,99,-15,15
37706,67,100,-33,33
37707,128,130,-2,2
37708,130,138,-8,8
37709,165,152,13,13
37710,100,124,-24,24
37711,121,137,-16,16
37712,74,91,-17,17
37713,58,71,-13,13
37714,88,106,-18,18
37715,105,120,-15,15
37716,116,125,-9,9
37717,103,109,-6,6
37718,101,113,-12,12
37719,108,127,-19,19
37720,75,99,-24,24
37721,106,121,-15,15
37722,69,88,-19,19
37723,87,102,-15,15
37724,68,88,-20,20
37725,51,70,-19,19
37726,61,75,-14,14
37727,110,120,-10,10
37728,104,111,-7,7
37729,70,81,-11,11
37730,47,69,-22,22
37731,69,92,-23,23
37732,48,72,-24,24
37733,92,101,-9,9
37734,116,124,-8,8
37735,94,111,-17,17
37736,79,91,-12,12
37737,116,140,-24,24
37738,133,146,-13,13
37739,70,85,-15,15
37740,153,150,3,3
37741,41,100,-59,59
37742,73,87,-14,14
37743,109,122,-13,13
37744,145,141,4,4
37745,106,120,-14,14
37746,89,93,-4,4
37747,69,92,-23,23
37748,73,92,-19,19
37749,61,77,-16,16
37750,127,132,-5,5
37751,104,115,-11,11
37752,103,113,-10,10
37753,107,109,-2,2
37754,116,125,-9,9
37755,66,92,-26,26
37756,130,133,-3,3
37757,102,105,-3,3
37758,102,113,-11,11
37759,72,92,-20,20
37760,98,104,-6,6
37761,55,66,-11,11
37762,90,112,-22,22
37763,116,125,-9,9
37764,64,84,-20,20
37765,113,119,-6,6
37766,75,92,-17,17
37767,75,107,-32,32
37768,119,129,-10,10
37769,81,92,-11,11
37770,74,85,-11,11
37771,156,151,5,5
37772,93,101,-8,8
37773,84,98,-14,14
37774,118,147,-29,29
37775,70,84,-14,14
37776,197,183,14,14
37777,57,74,-17,17
37778,41,72,-31,31
37779,110,131,-21,21
37780,94,104,-10,10
37781,121,119,2,2
37782,77,95,-18,18
37783,104,100,4,4
37784,98,108,-10,10
37785,101,109,-8,8
37786,65,91,-26,26
37787,140,137,3,3
37788,113,114,-1,1
37789,103,109,-6,6
37790,84,93,-9,9
37791,75,83,-8,8
37792,136,135,1,1
37793,123,130,-7,7
37794,117,130,-13,13
37795,107,111,-4,4
37796,64,76,-12,12
37797,61,81,-20,20
37798,216,176,40,40
37799,94,111,-17,17
37800,96,107,-11,11
37801,83,117,-34,34
37802,42,71,-29,29
37803,93,111,-18,18
37804,61,79,-18,18
37805,101,98,3,3
37806,118,125,-7,7
37807,100,114,-14,14
37808,107,138,-31,31
37809,98,115,-17,17
37810,64,74,-10,10
37811,215,205,10,10
37812,127,131,-4,4
37813,91,99,-8,8
37814,113,137,-24,24
37815,82,97,-15,15
37816,120,133,-13,13
37817,72,82,-10,10
37818,77,104,-27,27
37819,79,99,-20,20
37820,67,88,-21,21
37821,89,104,-15,15
37822,54,71,-17,17
37823,97,109,-12,12
37824,82,94,-12,12
37825,91,110,-19,19
37826,83,92,-9,9
37827,54,75,-21,21
37828,116,128,-12,12
37829,80,98,-18,18
37830,75,85,-10,10
37831,187,182,5,5
37832,78,103,-25,25
37833,95,109,-14,14
37834,87,96,-9,9
37835,74,92,-18,18
37836,67,78,-11,11
37837,66,73,-7,7
37838,78,88,-10,10
37839,107,114,-7,7
37840,59,68,-9,9
37841,92,108,-16,16
37842,41,68,-27,27
37843,130,131,-1,1
37844,100,116,-16,16
37845,88,94,-6,6
37846,67,76,-9,9
37847,100,101,-1,1
37848,99,118,-19,19
37849,69,85,-16,16
37850,115,126,-11,11
37851,116,125,-9,9
37852,49,64,-15,15
37853,91,107,-16,16
37854,67,90,-23,23
37855,105,108,-3,3
37856,137,143,-6,6
37857,72,99,-27,27
37858,61,77,-16,16
37859,86,98,-12,12
37860,91,109,-18,18
37861,85,96,-11,11
37862,83,91,-8,8
37863,68,76,-8,8
37864,103,109,-6,6
37865,106,108,-2,2
37866,139,129,10,10
37867,115,130,-15,15
37868,48,66,-18,18
37869,159,154,5,5
37870,61,73,-12,12
37871,113,131,-18,18
37872,101,110,-9,9
37873,77,89,-12,12
37874,134,144,-10,10
37875,67,74,-7,7
37876,106,113,-7,7
37877,57,71,-14,14
37878,95,113,-18,18
37879,93,107,-14,14
37880,95,96,-1,1
37881,179,169,10,10
37882,153,164,-11,11
37883,62,79,-17,17
37884,69,79,-10,10
37885,165,163,2,2
37886,180,182,-2,2
37887,87,98,-11,11
37888,110,123,-13,13
37889,116,129,-13,13
37890,159,161,-2,2
37891,99,113,-14,14
37892,114,121,-7,7
37893,102,104,-2,2
37894,154,153,1,1
37895,91,100,-9,9
37896,124,118,6,6
37897,91,98,-7,7
37898,41,60,-19,19
37899,45,61,-16,16
37900,71,99,-28,28
37901,76,92,-16,16
37902,99,120,-21,21
37903,111,115,-4,4
37904,97,101,-4,4
37905,124,120,4,4
37906,96,118,-22,22
37907,79,99,-20,20
37908,122,140,-18,18
37909,115,111,4,4
37910,89,98,-9,9
37911,73,86,-13,13
37912,111,123,-12,12
37913,89,110,-21,21
37914,138,143,-5,5
37915,100,120,-20,20
37916,78,99,-21,21
37917,83,104,-21,21
37918,86,105,-19,19
37919,135,147,-12,12
37920,114,124,-10,10
37921,56,71,-15,15
37922,149,161,-12,12
37923,81,93,-12,12
37924,79,90,-11,11
37925,103,114,-11,11
37926,56,81,-25,25
37927,150,148,2,2
37928,78,91,-13,13
37929,78,91,-13,13
37930,41,62,-21,21
37931,121,115,6,6
37932,123,131,-8,8
37933,76,98,-22,22
37934,103,110,-7,7
37935,35,77,-42,42
37936,124,129,-5,5
37937,55,75,-20,20
37938,88,103,-15,15
37939,90,98,-8,8
37940,120,110,10,10
37941,71,83,-12,12
37942,79,99,-20,20
37943,62,80,-18,18
37944,86,98,-12,12
37945,64,78,-14,14
37946,131,148,-17,17
37947,146,143,3,3
37948,86,91,-5,5
37949,98,111,-13,13
37950,183,158,25,25
37951,91,104,-13,13
37952,77,90,-13,13
37953,142,146,-4,4
37954,79,90,-11,11
37955,41,61,-20,20
37956,105,119,-14,14
37957,197,187,10,10
37958,115,122,-7,7
37959,71,92,-21,21
37960,140,148,-8,8
37961,130,135,-5,5
37962,83,94,-11,11
37963,108,132,-24,24
37964,67,83,-16,16
37965,70,97,-27,27
37966,93,107,-14,14
37967,64,85,-21,21
37968,98,125,-27,27
37969,115,125,-10,10
37970,62,74,-12,12
37971,88,102,-14,14
37972,61,74,-13,13
37973,198,170,28,28
37974,101,118,-17,17
37975,66,78,-12,12
37976,31,57,-26,26
37977,94,103,-9,9
37978,93,115,-22,22
37979,117,156,-39,39
37980,99,113,-14,14
37981,36,52,-16,16
37982,76,91,-15,15
37983,67,86,-19,19
37984,78,98,-20,20
37985,50,74,-24,24
37986,55,65,-10,10
37987,92,106,-14,14
37988,94,99,-5,5
37989,137,146,-9,9
37990,102,112,-10,10
37991,113,121,-8,8
37992,89,96,-7,7
37993,124,146,-22,22
37994,82,90,-8,8
37995,60,83,-23,23
37996,125,120,5,5
37997,78,95,-17,17
37998,143,143,0,0
37999,142,148,-6,6
38000,106,108,-2,2
38001,124,121,3,3
38002,52,72,-20,20
38003,97,126,-29,29
38004,80,91,-11,11
38005,107,124,-17,17
38006,141,148,-7,7
38007,57,74,-17,17
38008,89,91,-2,2
38009,104,126,-22,22
38010,154,147,7,7
38011,76,102,-26,26
38012,95,99,-4,4
38013,179,159,20,20
38014,64,89,-25,25
38015,119,118,1,1
38016,108,133,-25,25
38017,114,121,-7,7
38018,92,100,-8,8
38019,109,118,-9,9
38020,139,147,-8,8
38021,130,139,-9,9
38022,112,117,-5,5
38023,123,122,1,1
38024,125,127,-2,2
38025,66,75,-9,9
38026,77,96,-19,19
38027,87,99,-12,12
38028,97,113,-16,16
38029,56,75,-19,19
38030,146,144,2,2
38031,71,86,-15,15
38032,176,163,13,13
38033,96,103,-7,7
38034,105,110,-5,5
38035,127,133,-6,6
38036,82,96,-14,14
38037,137,151,-14,14
38038,120,126,-6,6
38039,82,93,-11,11
38040,73,82,-9,9
38041,78,83,-5,5
38042,83,98,-15,15
38043,83,98,-15,15
38044,74,93,-19,19
38045,81,94,-13,13
38046,178,159,19,19
38047,96,121,-25,25
38048,48,66,-18,18
38049,74,95,-21,21
38050,143,142,1,1
38051,94,99,-5,5
38052,142,144,-2,2
38053,144,149,-5,5
38054,114,126,-12,12
38055,91,106,-15,15
38056,127,138,-11,11
38057,65,88,-23,23
38058,152,148,4,4
38059,106,113,-7,7
38060,140,146,-6,6
38061,96,113,-17,17
38062,72,121,-49,49
38063,71,81,-10,10
38064,116,120,-4,4
38065,156,148,8,8
38066,57,69,-12,12
38067,24,58,-34,34
38068,122,126,-4,4
38069,118,121,-3,3
38070,96,106,-10,10
38071,86,102,-16,16
38072,163,154,9,9
38073,60,79,-19,19
38074,80,87,-7,7
38075,78,91,-13,13
38076,82,90,-8,8
38077,113,115,-2,2
38078,104,123,-19,19
38079,154,167,-13,13
38080,34,59,-25,25
38081,111,121,-10,10
38082,103,110,-7,7
38083,88,96,-8,8
38084,112,125,-13,13
38085,115,124,-9,9
38086,60,71,-11,11
38087,150,147,3,3
38088,116,121,-5,5
38089,80,91,-11,11
38090,112,114,-2,2
38091,116,125,-9,9
38092,83,99,-16,16
38093,161,149,12,12
38094,65,84,-19,19
38095,74,89,-15,15
38096,72,77,-5,5
38097,185,159,26,26
38098,89,88,1,1
38099,90,102,-12,12
38100,175,156,19,19
38101,96,102,-6,6
38102,96,98,-2,2
38103,111,122,-11,11
38104,46,62,-16,16
38105,105,125,-20,20
38106,69,86,-17,17
38107,117,122,-5,5
38108,91,105,-14,14
38109,70,88,-18,18
38110,150,143,7,7
38111,122,136,-14,14
38112,98,118,-20,20
38113,100,104,-4,4
38114,160,147,13,13
38115,139,141,-2,2
38116,170,158,12,12
38117,79,96,-17,17
38118,132,134,-2,2
38119,121,127,-6,6
38120,118,129,-11,11
38121,102,99,3,3
38122,98,104,-6,6
38123,115,129,-14,14
38124,159,154,5,5
38125,92,105,-13,13
38126,41,73,-32,32
38127,84,97,-13,13
38128,132,149,-17,17
38129,109,109,0,0
38130,78,99,-21,21
38131,114,118,-4,4
38132,121,127,-6,6
38133,93,98,-5,5
38134,115,123,-8,8
38135,44,60,-16,16
38136,74,86,-12,12
38137,49,66,-17,17
38138,165,156,9,9
38139,83,96,-13,13
38140,158,149,9,9
38141,101,102,-1,1
38142,118,124,-6,6
38143,94,105,-11,11
38144,117,141,-24,24
38145,109,117,-8,8
38146,73,104,-31,31
38147,76,92,-16,16
38148,138,142,-4,4
38149,113,118,-5,5
38150,96,107,-11,11
38151,73,92,-19,19
38152,112,116,-4,4
38153,63,84,-21,21
38154,104,109,-5,5
38155,82,99,-17,17
38156,54,75,-21,21
38157,84,96,-12,12
38158,133,147,-14,14
38159,101,113,-12,12
38160,108,124,-16,16
38161,83,95,-12,12
38162,78,95,-17,17
38163,82,90,-8,8
38164,76,89,-13,13
38165,90,97,-7,7
38166,105,118,-13,13
38167,61,74,-13,13
38168,102,130,-28,28
38169,104,130,-26,26
38170,72,85,-13,13
38171,74,82,-8,8
38172,92,109,-17,17
38173,85,95,-10,10
38174,99,111,-12,12
38175,111,134,-23,23
38176,67,84,-17,17
38177,76,87,-11,11
38178,113,112,1,1
38179,107,106,1,1
38180,117,121,-4,4
38181,116,132,-16,16
38182,97,108,-11,11
38183,125,129,-4,4
38184,112,124,-12,12
38185,71,98,-27,27
38186,115,124,-9,9
38187,59,95,-36,36
38188,97,105,-8,8
38189,124,121,3,3
38190,45,61,-16,16
38191,87,98,-11,11
38192,103,135,-32,32
38193,64,78,-14,14
38194,100,105,-5,5
38195,97,100,-3,3
38196,121,132,-11,11
38197,111,130,-19,19
38198,74,84,-10,10
38199,118,151,-33,33
38200,91,99,-8,8
38201,89,102,-13,13
38202,105,103,2,2
38203,79,97,-18,18
38204,68,82,-14,14
38205,125,134,-9,9
38206,87,96,-9,9
38207,123,125,-2,2
38208,93,105,-12,12
38209,100,107,-7,7
38210,64,75,-11,11
38211,108,113,-5,5
38212,68,70,-2,2
38213,86,100,-14,14
38214,107,111,-4,4
38215,73,93,-20,20
38216,128,143,-15,15
38217,119,122,-3,3
38218,54,68,-14,14
38219,72,85,-13,13
38220,73,94,-21,21
38221,159,154,5,5
38222,83,92,-9,9
38223,97,105,-8,8
38224,131,135,-4,4
38225,69,88,-19,19
38226,86,88,-2,2
38227,119,130,-11,11
38228,100,100,0,0
38229,102,116,-14,14
38230,67,79,-12,12
38231,53,75,-22,22
38232,85,104,-19,19
38233,168,158,10,10
38234,61,79,-18,18
38235,77,91,-14,14
38236,85,102,-17,17
38237,69,81,-12,12
38238,124,129,-5,5
38239,89,92,-3,3
38240,148,150,-2,2
38241,143,137,6,6
38242,57,90,-33,33
38243,144,143,1,1
38244,66,83,-17,17
38245,83,107,-24,24
38246,120,127,-7,7
38247,131,137,-6,6
38248,51,70,-19,19
38249,77,77,0,0
38250,62,77,-15,15
38251,125,142,-17,17
38252,87,99,-12,12
38253,89,99,-10,10
38254,162,153,9,9
38255,109,125,-16,16
38256,126,139,-13,13
38257,87,103,-16,16
38258,87,111,-24,24
38259,116,125,-9,9
38260,51,69,-18,18
38261,65,74,-9,9
38262,95,99,-4,4
38263,86,95,-9,9
38264,98,113,-15,15
38265,74,84,-10,10
38266,87,108,-21,21
38267,113,119,-6,6
38268,70,98,-28,28
38269,119,125,-6,6
38270,180,164,16,16
38271,94,97,-3,3
38272,67,87,-20,20
38273,85,95,-10,10
38274,147,152,-5,5
38275,79,83,-4,4
38276,76,89,-13,13
38277,60,70,-10,10
38278,55,77,-22,22
38279,95,109,-14,14
38280,127,127,0,0
38281,100,114,-14,14
38282,85,96,-11,11
38283,127,132,-5,5
38284,101,101,0,0
38285,70,81,-11,11
38286,102,110,-8,8
38287,73,84,-11,11
38288,107,118,-11,11
38289,129,141,-12,12
38290,114,120,-6,6
38291,45,68,-23,23
38292,52,67,-15,15
38293,69,83,-14,14
38294,71,87,-16,16
38295,65,86,-21,21
38296,211,176,35,35
38297,113,140,-27,27
38298,97,106,-9,9
38299,60,80,-20,20
38300,184,154,30,30
38301,106,116,-10,10
38302,121,132,-11,11
38303,112,135,-23,23
38304,137,147,-10,10
38305,104,115,-11,11
38306,124,122,2,2
38307,72,77,-5,5
38308,116,119,-3,3
38309,76,90,-14,14
38310,99,114,-15,15
38311,75,91,-16,16
38312,81,97,-16,16
38313,69,84,-15,15
38314,72,92,-20,20
38315,87,85,2,2
38316,93,106,-13,13
38317,136,145,-9,9
38318,101,102,-1,1
38319,89,98,-9,9
38320,112,119,-7,7
38321,65,79,-14,14
38322,118,121,-3,3
38323,92,96,-4,4
38324,80,106,-26,26
38325,98,106,-8,8
38326,70,83,-13,13
38327,127,125,2,2
38328,149,138,11,11
38329,70,83,-13,13
38330,139,149,-10,10
38331,82,91,-9,9
38332,91,106,-15,15
38333,39,79,-40,40
38334,82,112,-30,30
38335,105,114,-9,9
38336,147,148,-1,1
38337,104,125,-21,21
38338,117,122,-5,5
38339,91,117,-26,26
38340,90,108,-18,18
38341,104,105,-1,1
38342,47,67,-20,20
38343,56,74,-18,18
38344,110,124,-14,14
38345,43,73,-30,30
38346,120,123,-3,3
38347,70,87,-17,17
38348,75,89,-14,14
38349,77,92,-15,15
38350,72,84,-12,12
38351,105,112,-7,7
38352,218,191,27,27
38353,56,77,-21,21
38354,100,114,-14,14
38355,123,143,-20,20
38356,130,130,0,0
38357,63,72,-9,9
38358,89,102,-13,13
38359,60,83,-23,23
38360,65,87,-22,22
38361,118,126,-8,8
38362,86,100,-14,14
38363,166,165,1,1
38364,106,121,-15,15
38365,58,77,-19,19
38366,141,138,3,3
38367,96,105,-9,9
38368,106,111,-5,5
38369,110,127,-17,17
38370,64,78,-14,14
38371,83,92,-9,9
38372,92,115,-23,23
38373,70,83,-13,13
38374,122,138,-16,16
38375,86,104,-18,18
38376,105,105,0,0
38377,99,117,-18,18
38378,57,68,-11,11
38379,79,91,-12,12
38380,59,70,-11,11
38381,70,86,-16,16
38382,104,110,-6,6
38383,86,100,-14,14
38384,112,128,-16,16
38385,102,112,-10,10
38386,63,80,-17,17
38387,118,123,-5,5
38388,63,71,-8,8
38389,104,131,-27,27
38390,86,103,-17,17
38391,167,153,14,14
38392,164,154,10,10
38393,85,101,-16,16
38394,111,124,-13,13
38395,121,121,0,0
38396,94,105,-11,11
38397,77,100,-23,23
38398,35,52,-17,17
38399,95,102,-7,7
38400,133,143,-10,10
38401,85,97,-12,12
38402,67,77,-10,10
38403,114,127,-13,13
38404,157,150,7,7
38405,157,149,8,8
38406,94,115,-21,21
38407,54,75,-21,21
38408,64,72,-8,8
38409,109,115,-6,6
38410,71,86,-15,15
38411,73,89,-16,16
38412,76,99,-23,23
38413,130,126,4,4
38414,79,87,-8,8
38415,142,150,-8,8
38416,89,101,-12,12
38417,105,117,-12,12
38418,78,101,-23,23
38419,64,78,-14,14
38420,63,84,-21,21
38421,89,103,-14,14
38422,171,165,6,6
38423,111,112,-1,1
38424,86,92,-6,6
38425,102,107,-5,5
38426,61,73,-12,12
38427,85,98,-13,13
38428,134,131,3,3
38429,81,95,-14,14
38430,142,147,-5,5
38431,80,88,-8,8
38432,83,94,-11,11
38433,121,120,1,1
38434,67,72,-5,5
38435,100,126,-26,26
38436,129,136,-7,7
38437,102,118,-16,16
38438,126,137,-11,11
38439,98,109,-11,11
38440,63,75,-12,12
38441,72,92,-20,20
38442,88,105,-17,17
38443,64,82,-18,18
38444,107,125,-18,18
38445,89,98,-9,9
38446,93,106,-13,13
38447,146,147,-1,1
38448,101,118,-17,17
38449,87,97,-10,10
38450,97,111,-14,14
38451,78,78,0,0
38452,130,128,2,2
38453,85,85,0,0
38454,77,87,-10,10
38455,44,62,-18,18
38456,96,106,-10,10
38457,89,94,-5,5
38458,117,125,-8,8
38459,41,58,-17,17
38460,113,124,-11,11
38461,103,100,3,3
38462,161,152,9,9
38463,196,186,10,10
38464,64,73,-9,9
38465,82,89,-7,7
38466,66,103,-37,37
38467,80,89,-9,9
38468,54,72,-18,18
38469,104,121,-17,17
38470,55,69,-14,14
38471,57,71,-14,14
38472,49,72,-23,23
38473,70,84,-14,14
38474,74,94,-20,20
38475,33,64,-31,31
38476,83,103,-20,20
38477,89,98,-9,9
38478,102,107,-5,5
38479,156,158,-2,2
38480,36,58,-22,22
38481,62,72,-10,10
38482,102,107,-5,5
38483,87,105,-18,18
38484,50,63,-13,13
38485,89,108,-19,19
38486,100,108,-8,8
38487,98,101,-3,3
38488,56,70,-14,14
38489,75,89,-14,14
38490,98,97,1,1
38491,117,116,1,1
38492,235,192,43,43
38493,54,72,-18,18
38494,68,77,-9,9
38495,116,134,-18,18
38496,32,53,-21,21
38497,55,67,-12,12
38498,82,93,-11,11
38499,119,129,-10,10
38500,183,179,4,4
38501,112,101,11,11
38502,57,80,-23,23
38503,120,124,-4,4
38504,77,94,-17,17
38505,68,89,-21,21
38506,126,130,-4,4
38507,68,79,-11,11
38508,103,107,-4,4
38509,110,126,-16,16
38510,122,122,0,0
38511,100,124,-24,24
38512,74,85,-11,11
38513,185,160,25,25
38514,118,140,-22,22
38515,41,64,-23,23
38516,91,102,-11,11
38517,83,91,-8,8
38518,79,100,-21,21
38519,82,86,-4,4
38520,84,97,-13,13
38521,70,78,-8,8
38522,97,114,-17,17
38523,99,111,-12,12
38524,108,116,-8,8
38525,85,94,-9,9
38526,132,141,-9,9
38527,99,108,-9,9
38528,62,72,-10,10
38529,80,88,-8,8
38530,96,106,-10,10
38531,98,100,-2,2
38532,109,120,-11,11
38533,124,137,-13,13
38534,101,122,-21,21
38535,118,129,-11,11
38536,57,69,-12,12
38537,79,94,-15,15
38538,86,99,-13,13
38539,77,87,-10,10
38540,132,130,2,2
38541,74,81,-7,7
38542,108,120,-12,12
38543,137,132,5,5
38544,102,114,-12,12
38545,150,148,2,2
38546,51,68,-17,17
38547,77,88,-11,11
38548,59,68,-9,9
38549,42,57,-15,15
38550,141,147,-6,6
38551,132,131,1,1
38552,67,78,-11,11
38553,108,113,-5,5
38554,144,153,-9,9
38555,69,83,-14,14
38556,85,95,-10,10
38557,64,77,-13,13
38558,65,77,-12,12
38559,221,212,9,9
38560,70,82,-12,12
38561,56,67,-11,11
38562,62,77,-15,15
38563,88,114,-26,26
38564,108,122,-14,14
38565,178,158,20,20
38566,74,84,-10,10
38567,85,107,-22,22
38568,61,85,-24,24
38569,111,100,11,11
38570,103,118,-15,15
38571,110,118,-8,8
38572,74,82,-8,8
38573,172,163,9,9
38574,87,110,-23,23
38575,141,149,-8,8
38576,86,90,-4,4
38577,89,112,-23,23
38578,106,103,3,3
38579,103,107,-4,4
38580,115,111,4,4
38581,61,74,-13,13
38582,102,114,-12,12
38583,64,82,-18,18
38584,121,124,-3,3
38585,61,81,-20,20
38586,75,86,-11,11
38587,43,57,-14,14
38588,84,95,-11,11
38589,118,122,-4,4
38590,50,58,-8,8
38591,81,80,1,1
38592,160,152,8,8
38593,121,123,-2,2
38594,77,96,-19,19
38595,124,129,-5,5
38596,140,142,-2,2
38597,56,76,-20,20
38598,92,97,-5,5
38599,99,111,-12,12
38600,169,151,18,18
38601,102,120,-18,18
38602,149,149,0,0
38603,161,167,-6,6
38604,73,91,-18,18
38605,81,96,-15,15
38606,76,90,-14,14
38607,131,129,2,2
38608,155,158,-3,3
38609,87,96,-9,9
38610,62,76,-14,14
38611,87,89,-2,2
38612,78,101,-23,23
38613,74,91,-17,17
38614,49,85,-36,36
38615,92,99,-7,7
38616,133,140,-7,7
38617,149,147,2,2
38618,120,130,-10,10
38619,89,96,-7,7
38620,102,111,-9,9
38621,62,71,-9,9
38622,57,62,-5,5
38623,43,77,-34,34
38624,72,87,-15,15
38625,58,74,-16,16
38626,66,77,-11,11
38627,73,91,-18,18
38628,112,111,1,1
38629,158,148,10,10
38630,70,93,-23,23
38631,136,139,-3,3
38632,85,93,-8,8
38633,37,60,-23,23
38634,87,103,-16,16
38635,130,144,-14,14
38636,88,101,-13,13
38637,57,76,-19,19
38638,117,125,-8,8
38639,105,110,-5,5
38640,75,89,-14,14
38641,153,153,0,0
38642,90,112,-22,22
38643,130,126,4,4
38644,86,99,-13,13
38645,124,138,-14,14
38646,83,96,-13,13
38647,145,139,6,6
38648,77,94,-17,17
38649,64,82,-18,18
38650,129,133,-4,4
38651,109,125,-16,16
38652,94,106,-12,12
38653,84,91,-7,7
38654,64,76,-12,12
38655,90,101,-11,11
38656,171,162,9,9
38657,93,109,-16,16
38658,121,136,-15,15
38659,72,92,-20,20
38660,72,98,-26,26
38661,85,96,-11,11
38662,86,91,-5,5
38663,93,107,-14,14
38664,94,93,1,1
38665,118,131,-13,13
38666,72,76,-4,4
38667,64,81,-17,17
38668,127,124,3,3
38669,64,79,-15,15
38670,75,85,-10,10
38671,57,75,-18,18
38672,61,77,-16,16
38673,74,97,-23,23
38674,53,80,-27,27
38675,80,95,-15,15
38676,83,94,-11,11
38677,124,128,-4,4
38678,81,103,-22,22
38679,84,109,-25,25
38680,128,127,1,1
38681,93,104,-11,11
38682,79,94,-15,15
38683,81,110,-29,29
38684,81,91,-10,10
38685,104,118,-14,14
38686,82,93,-11,11
38687,84,87,-3,3
38688,71,85,-14,14
38689,62,74,-12,12
38690,66,82,-16,16
38691,63,85,-22,22
38692,77,88,-11,11
38693,56,74,-18,18
38694,155,150,5,5
38695,143,139,4,4
38696,75,86,-11,11
38697,92,105,-13,13
38698,108,113,-5,5
38699,105,114,-9,9
38700,63,73,-10,10
38701,117,123,-6,6
38702,123,120,3,3
38703,69,88,-19,19
38704,119,136,-17,17
38705,92,117,-25,25
38706,94,97,-3,3
38707,80,95,-15,15
38708,101,110,-9,9
38709,150,149,1,1
38710,92,96,-4,4
38711,97,104,-7,7
38712,100,112,-12,12
38713,74,98,-24,24
38714,157,154,3,3
38715,65,86,-21,21
38716,97,107,-10,10
38717,79,93,-14,14
38718,86,96,-10,10
38719,91,100,-9,9
38720,51,66,-15,15
38721,110,128,-18,18
38722,106,122,-16,16
38723,50,69,-19,19
38724,76,86,-10,10
38725,126,127,-1,1
38726,73,84,-11,11
38727,80,97,-17,17
38728,90,99,-9,9
38729,94,91,3,3
38730,99,107,-8,8
38731,140,141,-1,1
38732,92,96,-4,4
38733,96,107,-11,11
38734,107,116,-9,9
38735,120,121,-1,1
38736,141,147,-6,6
38737,58,73,-15,15
38738,99,109,-10,10
38739,75,86,-11,11
38740,118,114,4,4
38741,93,106,-13,13
38742,104,102,2,2
38743,81,96,-15,15
38744,107,112,-5,5
38745,91,119,-28,28
38746,87,100,-13,13
38747,53,71,-18,18
38748,147,148,-1,1
38749,108,111,-3,3
38750,76,86,-10,10
38751,59,71,-12,12
38752,85,108,-23,23
38753,82,93,-11,11
38754,57,75,-18,18
38755,37,61,-24,24
38756,129,139,-10,10
38757,57,70,-13,13
38758,67,85,-18,18
38759,76,83,-7,7
38760,85,92,-7,7
38761,130,129,1,1
38762,106,114,-8,8
38763,104,123,-19,19
38764,88,105,-17,17
38765,65,79,-14,14
38766,75,87,-12,12
38767,145,145,0,0
38768,149,148,1,1
38769,44,61,-17,17
38770,69,79,-10,10
38771,93,106,-13,13
38772,78,87,-9,9
38773,63,81,-18,18
38774,78,95,-17,17
38775,85,91,-6,6
38776,55,65,-10,10
38777,73,101,-28,28
38778,107,122,-15,15
38779,131,136,-5,5
38780,87,98,-11,11
38781,40,63,-23,23
38782,139,129,10,10
38783,85,100,-15,15
38784,163,165,-2,2
38785,64,84,-20,20
38786,193,178,15,15
38787,86,104,-18,18
38788,98,107,-9,9
38789,51,73,-22,22
38790,128,132,-4,4
38791,141,136,5,5
38792,84,94,-10,10
38793,142,146,-4,4
38794,59,79,-20,20
38795,108,115,-7,7
38796,39,58,-19,19
38797,156,151,5,5
38798,107,123,-16,16
38799,99,120,-21,21
38800,166,155,11,11
38801,85,94,-9,9
38802,84,96,-12,12
38803,98,105,-7,7
38804,76,86,-10,10
38805,138,136,2,2
38806,93,101,-8,8
38807,182,155,27,27
38808,149,141,8,8
38809,132,130,2,2
38810,127,128,-1,1
38811,70,82,-12,12
38812,57,71,-14,14
38813,176,175,1,1
38814,68,80,-12,12
38815,46,63,-17,17
38816,66,79,-13,13
38817,113,127,-14,14
38818,135,143,-8,8
38819,48,66,-18,18
38820,135,139,-4,4
38821,70,85,-15,15
38822,91,104,-13,13
38823,125,129,-4,4
38824,109,110,-1,1
38825,53,69,-16,16
38826,91,104,-13,13
38827,70,82,-12,12
38828,65,87,-22,22
38829,125,125,0,0
38830,72,86,-14,14
38831,103,115,-12,12
38832,103,97,6,6
38833,101,99,2,2
38834,117,132,-15,15
38835,63,77,-14,14
38836,164,160,4,4
38837,57,79,-22,22
38838,120,129,-9,9
38839,133,135,-2,2
38840,83,99,-16,16
38841,64,77,-13,13
38842,102,109,-7,7
38843,70,91,-21,21
38844,124,142,-18,18
38845,106,107,-1,1
38846,156,150,6,6
38847,67,85,-18,18
38848,147,149,-2,2
38849,113,124,-11,11
38850,121,129,-8,8
38851,97,109,-12,12
38852,59,81,-22,22
38853,50,78,-28,28
38854,118,115,3,3
38855,56,71,-15,15
38856,87,92,-5,5
38857,89,108,-19,19
38858,65,84,-19,19
38859,62,79,-17,17
38860,138,147,-9,9
38861,149,150,-1,1
38862,69,82,-13,13
38863,76,100,-24,24
38864,65,90,-25,25
38865,70,80,-10,10
38866,133,147,-14,14
38867,77,91,-14,14
38868,93,110,-17,17
38869,105,148,-43,43
38870,67,82,-15,15
38871,84,94,-10,10
38872,83,105,-22,22
38873,46,57,-11,11
38874,102,109,-7,7
38875,80,86,-6,6
38876,106,118,-12,12
38877,91,107,-16,16
38878,70,77,-7,7
38879,213,195,18,18
38880,84,96,-12,12
38881,124,117,7,7
38882,113,118,-5,5
38883,89,104,-15,15
38884,112,121,-9,9
38885,78,87,-9,9
38886,60,71,-11,11
38887,119,118,1,1
38888,58,73,-15,15
38889,109,111,-2,2
38890,113,141,-28,28
38891,101,103,-2,2
38892,61,70,-9,9
38893,76,99,-23,23
38894,84,95,-11,11
38895,86,103,-17,17
38896,108,115,-7,7
38897,102,105,-3,3
38898,151,149,2,2
38899,66,82,-16,16
38900,71,82,-11,11
38901,66,84,-18,18
38902,131,140,-9,9
38903,49,64,-15,15
38904,99,115,-16,16
38905,69,94,-25,25
38906,72,78,-6,6
38907,179,158,21,21
38908,152,148,4,4
38909,70,83,-13,13
38910,63,83,-20,20
38911,104,119,-15,15
38912,22,57,-35,35
38913,105,115,-10,10
38914,174,168,6,6
38915,123,128,-5,5
38916,34,50,-16,16
38917,76,97,-21,21
38918,114,118,-4,4
38919,84,111,-27,27
38920,114,113,1,1
38921,236,203,33,33
38922,86,103,-17,17
38923,91,96,-5,5
38924,109,122,-13,13
38925,99,100,-1,1
38926,79,88,-9,9
38927,51,71,-20,20
38928,201,184,17,17
38929,60,75,-15,15
38930,89,103,-14,14
38931,84,95,-11,11
38932,40,59,-19,19
38933,68,82,-14,14
38934,58,75,-17,17
38935,73,83,-10,10
38936,121,132,-11,11
38937,55,66,-11,11
38938,91,105,-14,14
38939,57,74,-17,17
38940,68,76,-8,8
38941,93,92,1,1
38942,59,81,-22,22
38943,76,87,-11,11
38944,99,112,-13,13
38945,85,121,-36,36
38946,113,117,-4,4
38947,107,108,-1,1
38948,184,167,17,17
38949,80,91,-11,11
38950,99,113,-14,14
38951,180,159,21,21
38952,94,116,-22,22
38953,37,55,-18,18
38954,59,85,-26,26
38955,65,76,-11,11
38956,93,106,-13,13
38957,88,102,-14,14
38958,92,107,-15,15
38959,128,124,4,4
38960,111,127,-16,16
38961,128,165,-37,37
38962,48,66,-18,18
38963,116,132,-16,16
38964,54,66,-12,12
38965,57,81,-24,24
38966,61,81,-20,20
38967,79,92,-13,13
38968,61,74,-13,13
38969,122,128,-6,6
38970,89,101,-12,12
38971,121,122,-1,1
38972,119,127,-8,8
38973,108,134,-26,26
38974,100,112,-12,12
38975,58,72,-14,14
38976,106,108,-2,2
38977,88,103,-15,15
38978,103,106,-3,3
38979,31,54,-23,23
38980,34,69,-35,35
38981,87,102,-15,15
38982,111,118,-7,7
38983,101,114,-13,13
38984,41,60,-19,19
38985,60,80,-20,20
38986,115,125,-10,10
38987,136,143,-7,7
38988,74,82,-8,8
38989,84,91,-7,7
38990,110,115,-5,5
38991,73,89,-16,16
38992,126,141,-15,15
38993,77,87,-10,10
38994,129,139,-10,10
38995,123,135,-12,12
38996,99,106,-7,7
38997,88,80,8,8
38998,61,86,-25,25
38999,74,88,-14,14
39000,107,112,-5,5
39001,122,120,2,2
39002,60,79,-19,19
39003,188,175,13,13
39004,84,89,-5,5
39005,146,150,-4,4
39006,154,153,1,1
39007,114,130,-16,16
39008,117,121,-4,4
39009,163,162,1,1
39010,74,87,-13,13
39011,113,122,-9,9
39012,68,88,-20,20
39013,137,142,-5,5
39014,86,103,-17,17
39015,136,144,-8,8
39016,77,90,-13,13
39017,156,148,8,8
39018,146,144,2,2
39019,62,73,-11,11
39020,66,87,-21,21
39021,121,130,-9,9
39022,161,149,12,12
39023,102,124,-22,22
39024,67,80,-13,13
39025,129,140,-11,11
39026,120,134,-14,14
39027,174,166,8,8
39028,179,170,9,9
39029,92,98,-6,6
39030,112,123,-11,11
39031,110,112,-2,2
39032,97,110,-13,13
39033,68,81,-13,13
39034,117,129,-12,12
39035,155,148,7,7
39036,60,76,-16,16
39037,167,151,16,16
39038,115,123,-8,8
39039,134,144,-10,10
39040,48,68,-20,20
39041,89,97,-8,8
39042,42,72,-30,30
39043,31,58,-27,27
39044,105,114,-9,9
39045,138,137,1,1
39046,97,96,1,1
39047,83,98,-15,15
39048,54,76,-22,22
39049,65,76,-11,11
39050,94,112,-18,18
39051,86,100,-14,14
39052,88,108,-20,20
39053,63,74,-11,11
39054,144,147,-3,3
39055,62,78,-16,16
39056,63,89,-26,26
39057,98,109,-11,11
39058,60,71,-11,11
39059,49,66,-17,17
39060,96,102,-6,6
39061,71,89,-18,18
39062,120,118,2,2
39063,150,140,10,10
39064,80,86,-6,6
39065,58,75,-17,17
39066,64,80,-16,16
39067,140,147,-7,7
39068,124,137,-13,13
39069,97,102,-5,5
39070,161,146,15,15
39071,50,76,-26,26
39072,101,114,-13,13
39073,44,68,-24,24
39074,99,114,-15,15
39075,171,154,17,17
39076,43,64,-21,21
39077,93,115,-22,22
39078,139,147,-8,8
39079,120,125,-5,5
39080,98,115,-17,17
39081,101,113,-12,12
39082,80,88,-8,8
39083,63,72,-9,9
39084,149,150,-1,1
39085,132,134,-2,2
39086,71,86,-15,15
39087,92,106,-14,14
39088,61,86,-25,25
39089,110,118,-8,8
39090,67,81,-14,14
39091,38,83,-45,45
39092,89,119,-30,30
39093,86,99,-13,13
39094,157,164,-7,7
39095,63,86,-23,23
39096,56,75,-19,19
39097,96,119,-23,23
39098,58,77,-19,19
39099,164,156,8,8
39100,107,116,-9,9
39101,131,136,-5,5
39102,119,124,-5,5
39103,103,117,-14,14
39104,58,74,-16,16
39105,158,148,10,10
39106,148,141,7,7
39107,107,124,-17,17
39108,108,108,0,0
39109,85,88,-3,3
39110,76,93,-17,17
39111,72,79,-7,7
39112,133,138,-5,5
39113,71,90,-19,19
39114,90,94,-4,4
39115,105,114,-9,9
39116,107,120,-13,13
39117,84,95,-11,11
39118,67,84,-17,17
39119,154,149,5,5
39120,63,89,-26,26
39121,182,160,22,22
39122,130,128,2,2
39123,126,137,-11,11
39124,135,135,0,0
39125,86,99,-13,13
39126,90,104,-14,14
39127,69,78,-9,9
39128,99,119,-20,20
39129,81,104,-23,23
39130,92,103,-11,11
39131,83,93,-10,10
39132,76,84,-8,8
39133,79,84,-5,5
39134,59,76,-17,17
39135,100,115,-15,15
39136,60,80,-20,20
39137,76,93,-17,17
39138,110,110,0,0
39139,112,120,-8,8
39140,93,111,-18,18
39141,101,115,-14,14
39142,107,122,-15,15
39143,180,165,15,15
39144,109,117,-8,8
39145,85,91,-6,6
39146,123,125,-2,2
39147,90,104,-14,14
39148,118,127,-9,9
39149,108,109,-1,1
39150,95,102,-7,7
39151,119,118,1,1
39152,115,110,5,5
39153,145,142,3,3
39154,46,75,-29,29
39155,59,76,-17,17
39156,127,141,-14,14
39157,114,121,-7,7
39158,101,112,-11,11
39159,134,137,-3,3
39160,99,106,-7,7
39161,143,148,-5,5
39162,136,138,-2,2
39163,152,150,2,2
39164,103,119,-16,16
39165,79,86,-7,7
39166,83,94,-11,11
39167,125,124,1,1
39168,74,104,-30,30
39169,44,63,-19,19
39170,100,117,-17,17
39171,111,119,-8,8
39172,65,75,-10,10
39173,102,108,-6,6
39174,109,117,-8,8
39175,80,89,-9,9
39176,117,123,-6,6
39177,121,126,-5,5
39178,154,148,6,6
39179,55,75,-20,20
39180,90,107,-17,17
39181,137,128,9,9
39182,53,69,-16,16
39183,137,147,-10,10
39184,64,78,-14,14
39185,133,130,3,3
39186,38,53,-15,15
39187,105,103,2,2
39188,45,61,-16,16
39189,133,134,-1,1
39190,121,131,-10,10
39191,138,138,0,0
39192,84,84,0,0
39193,79,91,-12,12
39194,48,70,-22,22
39195,51,75,-24,24
39196,90,104,-14,14
39197,79,87,-8,8
39198,73,86,-13,13
39199,82,87,-5,5
39200,90,106,-16,16
39201,98,94,4,4
39202,56,79,-23,23
39203,100,107,-7,7
39204,55,80,-25,25
39205,116,134,-18,18
39206,61,73,-12,12
39207,77,85,-8,8
39208,131,136,-5,5
39209,115,119,-4,4
39210,94,98,-4,4
39211,80,88,-8,8
39212,57,74,-17,17
39213,112,116,-4,4
39214,98,106,-8,8
39215,136,147,-11,11
39216,125,123,2,2
39217,90,111,-21,21
39218,81,97,-16,16
39219,123,128,-5,5
39220,114,130,-16,16
39221,35,75,-40,40
39222,55,71,-16,16
39223,110,115,-5,5
39224,52,68,-16,16
39225,191,169,22,22
39226,48,73,-25,25
39227,70,78,-8,8
39228,116,126,-10,10
39229,114,127,-13,13
39230,71,85,-14,14
39231,130,129,1,1
39232,92,102,-10,10
39233,111,121,-10,10
39234,150,150,0,0
39235,112,140,-28,28
39236,85,99,-14,14
39237,75,89,-14,14
39238,64,82,-18,18
39239,65,80,-15,15
39240,164,154,10,10
39241,63,66,-3,3
39242,105,118,-13,13
39243,96,104,-8,8
39244,102,98,4,4
39245,84,89,-5,5
39246,72,91,-19,19
39247,118,129,-11,11
39248,110,116,-6,6
39249,81,101,-20,20
39250,109,122,-13,13
39251,76,86,-10,10
39252,64,76,-12,12
39253,133,129,4,4
39254,143,139,4,4
39255,72,85,-13,13
39256,74,95,-21,21
39257,41,61,-20,20
39258,65,79,-14,14
39259,73,81,-8,8
39260,63,85,-22,22
39261,175,157,18,18
39262,85,111,-26,26
39263,82,93,-11,11
39264,48,63,-15,15
39265,97,105,-8,8
39266,86,99,-13,13
39267,66,82,-16,16
39268,80,89,-9,9
39269,84,99,-15,15
39270,90,98,-8,8
39271,76,97,-21,21
39272,90,105,-15,15
39273,128,137,-9,9
39274,76,99,-23,23
39275,84,96,-12,12
39276,116,127,-11,11
39277,72,93,-21,21
39278,88,93,-5,5
39279,58,71,-13,13
39280,80,91,-11,11
39281,122,123,-1,1
39282,84,103,-19,19
39283,62,78,-16,16
39284,78,85,-7,7
39285,113,122,-9,9
39286,152,148,4,4
39287,68,83,-15,15
39288,72,82,-10,10
39289,104,116,-12,12
39290,100,111,-11,11
39291,92,98,-6,6
39292,95,102,-7,7
39293,66,78,-12,12
39294,78,92,-14,14
39295,117,118,-1,1
39296,109,106,3,3
39297,157,149,8,8
39298,100,104,-4,4
39299,101,108,-7,7
39300,68,76,-8,8
39301,137,131,6,6
39302,144,150,-6,6
39303,152,150,2,2
39304,121,122,-1,1
39305,83,96,-13,13
39306,86,111,-25,25
39307,72,78,-6,6
39308,82,108,-26,26
39309,115,118,-3,3
39310,44,62,-18,18
39311,130,144,-14,14
39312,84,97,-13,13
39313,104,112,-8,8
39314,70,80,-10,10
39315,152,137,15,15
39316,66,82,-16,16
39317,137,123,14,14
39318,86,95,-9,9
39319,130,126,4,4
39320,105,114,-9,9
39321,79,98,-19,19
39322,79,92,-13,13
39323,68,79,-11,11
39324,86,92,-6,6
39325,90,114,-24,24
39326,174,155,19,19
39327,41,60,-19,19
39328,109,113,-4,4
39329,98,103,-5,5
39330,79,94,-15,15
39331,107,119,-12,12
39332,138,146,-8,8
39333,49,58,-9,9
39334,68,89,-21,21
39335,465,357,108,108
39336,102,105,-3,3
39337,108,123,-15,15
39338,98,112,-14,14
39339,70,81,-11,11
39340,90,101,-11,11
39341,103,114,-11,11
39342,84,90,-6,6
39343,128,144,-16,16
39344,205,177,28,28
39345,149,144,5,5
39346,51,73,-22,22
39347,64,81,-17,17
39348,155,147,8,8
39349,61,77,-16,16
39350,91,100,-9,9
39351,69,85,-16,16
39352,51,79,-28,28
39353,59,71,-12,12
39354,110,111,-1,1
39355,145,135,10,10
39356,86,109,-23,23
39357,192,170,22,22
39358,80,81,-1,1
39359,62,76,-14,14
39360,116,130,-14,14
39361,94,111,-17,17
39362,60,74,-14,14
39363,128,149,-21,21
39364,129,133,-4,4
39365,111,122,-11,11
39366,137,142,-5,5
39367,164,151,13,13
39368,119,126,-7,7
39369,90,104,-14,14
39370,114,139,-25,25
39371,26,46,-20,20
39372,107,120,-13,13
39373,68,81,-13,13
39374,118,130,-12,12
39375,124,123,1,1
39376,170,159,11,11
39377,61,78,-17,17
39378,136,145,-9,9
39379,196,154,42,42
39380,87,97,-10,10
39381,95,115,-20,20
39382,108,126,-18,18
39383,151,148,3,3
39384,67,85,-18,18
39385,149,149,0,0
39386,113,118,-5,5
39387,50,77,-27,27
39388,79,98,-19,19
39389,103,113,-10,10
39390,80,90,-10,10
39391,172,168,4,4
39392,105,121,-16,16
39393,82,92,-10,10
39394,47,64,-17,17
39395,54,71,-17,17
39396,80,89,-9,9
39397,64,73,-9,9
39398,150,147,3,3
39399,134,136,-2,2
39400,61,85,-24,24
39401,108,112,-4,4
39402,116,127,-11,11
39403,101,128,-27,27
39404,81,97,-16,16
39405,90,108,-18,18
39406,71,91,-20,20
39407,119,127,-8,8
39408,133,143,-10,10
39409,125,141,-16,16
39410,70,80,-10,10
39411,182,168,14,14
39412,114,132,-18,18
39413,136,152,-16,16
39414,76,90,-14,14
39415,114,114,0,0
39416,46,66,-20,20
39417,97,122,-25,25
39418,70,87,-17,17
39419,63,72,-9,9
39420,100,103,-3,3
39421,114,115,-1,1
39422,52,66,-14,14
39423,130,141,-11,11
39424,108,110,-2,2
39425,133,128,5,5
39426,26,50,-24,24
39427,75,88,-13,13
39428,112,125,-13,13
39429,73,80,-7,7
39430,44,66,-22,22
39431,75,88,-13,13
39432,93,99,-6,6
39433,60,90,-30,30
39434,83,95,-12,12
39435,140,139,1,1
39436,100,114,-14,14
39437,107,114,-7,7
39438,95,97,-2,2
39439,111,109,2,2
39440,112,119,-7,7
39441,67,87,-20,20
39442,52,72,-20,20
39443,113,109,4,4
39444,77,88,-11,11
39445,135,144,-9,9
39446,61,74,-13,13
39447,58,80,-22,22
39448,60,75,-15,15
39449,100,109,-9,9
39450,49,74,-25,25
39451,71,83,-12,12
39452,104,118,-14,14
39453,49,69,-20,20
39454,141,143,-2,2
39455,113,122,-9,9
39456,74,82,-8,8
39457,135,143,-8,8
39458,61,79,-18,18
39459,115,129,-14,14
39460,89,109,-20,20
39461,76,92,-16,16
39462,111,130,-19,19
39463,61,79,-18,18
39464,54,68,-14,14
39465,95,110,-15,15
39466,125,132,-7,7
39467,168,163,5,5
39468,71,83,-12,12
39469,80,93,-13,13
39470,224,224,0,0
39471,87,102,-15,15
39472,65,80,-15,15
39473,130,148,-18,18
39474,111,122,-11,11
39475,76,85,-9,9
39476,111,113,-2,2
39477,88,107,-19,19
39478,97,106,-9,9
39479,118,129,-11,11
39480,93,94,-1,1
39481,131,131,0,0
39482,82,94,-12,12
39483,153,147,6,6
39484,76,93,-17,17
39485,105,124,-19,19
39486,38,56,-18,18
39487,56,80,-24,24
39488,75,87,-12,12
39489,40,64,-24,24
39490,139,148,-9,9
39491,78,106,-28,28
39492,72,85,-13,13
39493,123,138,-15,15
39494,71,81,-10,10
39495,144,147,-3,3
39496,51,73,-22,22
39497,63,75,-12,12
39498,51,71,-20,20
39499,98,105,-7,7
39500,83,94,-11,11
39501,75,99,-24,24
39502,108,122,-14,14
39503,100,121,-21,21
39504,61,71,-10,10
39505,76,88,-12,12
39506,156,196,-40,40
39507,69,81,-12,12
39508,219,208,11,11
39509,112,121,-9,9
39510,86,103,-17,17
39511,53,66,-13,13
39512,108,113,-5,5
39513,82,91,-9,9
39514,89,93,-4,4
39515,125,126,-1,1
39516,96,129,-33,33
39517,113,121,-8,8
39518,61,79,-18,18
39519,39,57,-18,18
39520,65,89,-24,24
39521,101,110,-9,9
39522,188,164,24,24
39523,73,90,-17,17
39524,51,81,-30,30
39525,126,134,-8,8
39526,95,129,-34,34
39527,85,113,-28,28
39528,112,121,-9,9
39529,117,131,-14,14
39530,109,108,1,1
39531,47,67,-20,20
39532,63,87,-24,24
39533,92,104,-12,12
39534,78,92,-14,14
39535,100,100,0,0
39536,137,132,5,5
39537,163,152,11,11
39538,74,90,-16,16
39539,64,86,-22,22
39540,87,91,-4,4
39541,87,100,-13,13
39542,120,134,-14,14
39543,129,133,-4,4
39544,137,143,-6,6
39545,65,79,-14,14
39546,67,83,-16,16
39547,83,97,-14,14
39548,91,97,-6,6
39549,88,95,-7,7
39550,47,62,-15,15
39551,119,133,-14,14
39552,76,91,-15,15
39553,96,106,-10,10
39554,69,90,-21,21
39555,91,98,-7,7
39556,95,108,-13,13
39557,89,112,-23,23
39558,89,91,-2,2
39559,106,118,-12,12
39560,86,84,2,2
39561,119,120,-1,1
39562,76,96,-20,20
39563,95,97,-2,2
39564,93,103,-10,10
39565,93,93,0,0
39566,87,97,-10,10
39567,142,149,-7,7
39568,81,95,-14,14
39569,54,67,-13,13
39570,131,133,-2,2
39571,53,69,-16,16
39572,132,141,-9,9
39573,83,98,-15,15
39574,77,81,-4,4
39575,86,108,-22,22
39576,135,138,-3,3
39577,114,119,-5,5
39578,75,99,-24,24
39579,62,84,-22,22
39580,96,103,-7,7
39581,88,94,-6,6
39582,58,74,-16,16
39583,55,75,-20,20
39584,70,82,-12,12
39585,162,152,10,10
39586,98,99,-1,1
39587,73,85,-12,12
39588,52,73,-21,21
39589,86,101,-15,15
39590,133,130,3,3
39591,102,115,-13,13
39592,137,142,-5,5
39593,58,71,-13,13
39594,94,93,1,1
39595,158,149,9,9
39596,88,98,-10,10
39597,81,99,-18,18
39598,88,89,-1,1
39599,170,175,-5,5
39600,132,137,-5,5
39601,160,153,7,7
39602,69,81,-12,12
39603,78,90,-12,12
39604,47,82,-35,35
39605,122,129,-7,7
39606,46,59,-13,13
39607,81,96,-15,15
39608,173,173,0,0
39609,36,126,-90,90
39610,84,92,-8,8
39611,118,118,0,0
39612,113,112,1,1
39613,162,155,7,7
39614,98,115,-17,17
39615,96,108,-12,12
39616,71,84,-13,13
39617,68,78,-10,10
39618,85,93,-8,8
39619,34,78,-44,44
39620,69,98,-29,29
39621,69,86,-17,17
39622,128,133,-5,5
39623,99,112,-13,13
39624,121,132,-11,11
39625,179,164,15,15
39626,92,108,-16,16
39627,171,169,2,2
39628,94,103,-9,9
39629,112,123,-11,11
39630,79,92,-13,13
39631,57,80,-23,23
39632,72,95,-23,23
39633,161,147,14,14
39634,132,137,-5,5
39635,126,130,-4,4
39636,78,93,-15,15
39637,72,83,-11,11
39638,88,106,-18,18
39639,93,106,-13,13
39640,56,72,-16,16
39641,179,167,12,12
39642,99,103,-4,4
39643,143,139,4,4
39644,25,51,-26,26
39645,85,95,-10,10
39646,50,65,-15,15
39647,110,113,-3,3
39648,133,132,1,1
39649,103,104,-1,1
39650,149,148,1,1
39651,146,150,-4,4
39652,65,83,-18,18
39653,117,143,-26,26
39654,53,66,-13,13
39655,155,148,7,7
39656,127,133,-6,6
39657,87,100,-13,13
39658,167,152,15,15
39659,74,83,-9,9
39660,65,81,-16,16
39661,50,64,-14,14
39662,109,117,-8,8
39663,65,80,-15,15
39664,98,106,-8,8
39665,128,132,-4,4
39666,132,138,-6,6
39667,174,172,2,2
39668,81,97,-16,16
39669,69,91,-22,22
39670,77,83,-6,6
39671,69,83,-14,14
39672,68,86,-18,18
39673,132,144,-12,12
39674,152,161,-9,9
39675,87,102,-15,15
39676,30,54,-24,24
39677,98,101,-3,3
39678,99,109,-10,10
39679,116,127,-11,11
39680,100,108,-8,8
39681,137,135,2,2
39682,63,79,-16,16
39683,82,100,-18,18
39684,99,122,-23,23
39685,58,75,-17,17
39686,68,81,-13,13
39687,121,128,-7,7
39688,91,94,-3,3
39689,61,90,-29,29
39690,46,63,-17,17
39691,107,126,-19,19
39692,80,93,-13,13
39693,78,92,-14,14
39694,83,90,-7,7
39695,139,141,-2,2
39696,113,125,-12,12
39697,109,125,-16,16
39698,168,159,9,9
39699,148,144,4,4
39700,90,95,-5,5
39701,49,69,-20,20
39702,91,110,-19,19
39703,48,66,-18,18
39704,99,113,-14,14
39705,125,138,-13,13
39706,77,107,-30,30
39707,89,100,-11,11
39708,85,89,-4,4
39709,85,93,-8,8
39710,60,77,-17,17
39711,100,107,-7,7
39712,61,77,-16,16
39713,87,98,-11,11
39714,79,94,-15,15
39715,48,62,-14,14
39716,90,109,-19,19
39717,85,94,-9,9
39718,77,83,-6,6
39719,56,73,-17,17
39720,55,72,-17,17
39721,148,147,1,1
39722,108,113,-5,5
39723,69,75,-6,6
39724,151,147,4,4
39725,98,99,-1,1
39726,87,103,-16,16
39727,76,84,-8,8
39728,84,95,-11,11
39729,39,58,-19,19
39730,105,113,-8,8
39731,68,102,-34,34
39732,58,84,-26,26
39733,81,92,-11,11
39734,108,124,-16,16
39735,98,110,-12,12
39736,148,135,13,13
39737,71,88,-17,17
39738,108,115,-7,7
39739,68,84,-16,16
39740,82,95,-13,13
39741,159,148,11,11
39742,109,108,1,1
39743,113,118,-5,5
39744,106,113,-7,7
39745,124,126,-2,2
39746,74,87,-13,13
39747,23,48,-25,25
39748,94,99,-5,5
39749,69,82,-13,13
39750,63,82,-19,19
39751,49,73,-24,24
39752,83,95,-12,12
39753,65,78,-13,13
39754,122,110,12,12
39755,110,118,-8,8
39756,145,147,-2,2
39757,128,128,0,0
39758,61,73,-12,12
39759,135,136,-1,1
39760,62,69,-7,7
39761,143,133,10,10
39762,59,74,-15,15
39763,133,144,-11,11
39764,84,104,-20,20
39765,127,133,-6,6
39766,75,84,-9,9
39767,128,134,-6,6
39768,85,102,-17,17
39769,127,122,5,5
39770,66,86,-20,20
39771,45,62,-17,17
39772,89,100,-11,11
39773,82,85,-3,3
39774,98,104,-6,6
39775,51,84,-33,33
39776,112,127,-15,15
39777,70,81,-11,11
39778,75,72,3,3
39779,97,105,-8,8
39780,59,90,-31,31
39781,51,62,-11,11
39782,53,69,-16,16
39783,56,80,-24,24
39784,67,75,-8,8
39785,66,85,-19,19
39786,89,101,-12,12
39787,94,97,-3,3
39788,77,97,-20,20
39789,41,60,-19,19
39790,85,97,-12,12
39791,72,81,-9,9
39792,108,119,-11,11
39793,105,113,-8,8
39794,67,83,-16,16
39795,97,105,-8,8
39796,76,87,-11,11
39797,133,149,-16,16
39798,93,102,-9,9
39799,40,62,-22,22
39800,66,78,-12,12
39801,43,64,-21,21
39802,145,147,-2,2
39803,135,127,8,8
39804,64,82,-18,18
39805,76,108,-32,32
39806,55,71,-16,16
39807,78,90,-12,12
39808,103,110,-7,7
39809,141,148,-7,7
39810,152,150,2,2
39811,110,133,-23,23
39812,122,122,0,0
39813,78,91,-13,13
39814,82,95,-13,13
39815,104,102,2,2
39816,112,119,-7,7
39817,69,76,-7,7
39818,48,65,-17,17
39819,60,81,-21,21
39820,54,68,-14,14
39821,128,127,1,1
39822,61,74,-13,13
39823,108,123,-15,15
39824,86,99,-13,13
39825,74,94,-20,20
39826,168,155,13,13
39827,76,89,-13,13
39828,80,96,-16,16
39829,96,98,-2,2
39830,74,85,-11,11
39831,59,72,-13,13
39832,143,146,-3,3
39833,68,76,-8,8
39834,76,93,-17,17
39835,97,111,-14,14
39836,66,83,-17,17
39837,94,104,-10,10
39838,159,151,8,8
39839,76,86,-10,10
39840,121,130,-9,9
39841,123,134,-11,11
39842,80,93,-13,13
39843,77,92,-15,15
39844,52,74,-22,22
39845,115,128,-13,13
39846,180,157,23,23
39847,70,86,-16,16
39848,79,103,-24,24
39849,112,116,-4,4
39850,89,102,-13,13
39851,83,95,-12,12
39852,108,124,-16,16
39853,67,82,-15,15
39854,86,92,-6,6
39855,82,104,-22,22
39856,156,154,2,2
39857,141,137,4,4
39858,154,150,4,4
39859,63,81,-18,18
39860,52,68,-16,16
39861,122,122,0,0
39862,69,90,-21,21
39863,93,105,-12,12
39864,106,127,-21,21
39865,76,88,-12,12
39866,97,103,-6,6
39867,96,105,-9,9
39868,116,126,-10,10
39869,98,110,-12,12
39870,89,97,-8,8
39871,137,147,-10,10
39872,88,89,-1,1
39873,115,124,-9,9
39874,135,141,-6,6
39875,99,112,-13,13
39876,68,89,-21,21
39877,98,106,-8,8
39878,119,123,-4,4
39879,77,84,-7,7
39880,74,93,-19,19
39881,115,124,-9,9
39882,67,80,-13,13
39883,79,99,-20,20
39884,107,121,-14,14
39885,83,93,-10,10
39886,74,98,-24,24
39887,160,155,5,5
39888,56,76,-20,20
39889,74,85,-11,11
39890,95,108,-13,13
39891,141,151,-10,10
39892,98,109,-11,11
39893,84,96,-12,12
39894,118,123,-5,5
39895,58,70,-12,12
39896,54,76,-22,22
39897,74,89,-15,15
39898,69,84,-15,15
39899,123,117,6,6
39900,59,76,-17,17
39901,50,73,-23,23
39902,56,68,-12,12
39903,55,74,-19,19
39904,145,145,0,0
39905,89,93,-4,4
39906,74,81,-7,7
39907,67,85,-18,18
39908,100,109,-9,9
39909,99,107,-8,8
39910,64,80,-16,16
39911,49,72,-23,23
39912,144,148,-4,4
39913,65,79,-14,14
39914,57,78,-21,21
39915,74,89,-15,15
39916,82,99,-17,17
39917,80,88,-8,8
39918,167,175,-8,8
39919,55,63,-8,8
39920,98,112,-14,14
39921,69,81,-12,12
39922,60,77,-17,17
39923,149,148,1,1
39924,170,162,8,8
39925,56,74,-18,18
39926,120,123,-3,3
39927,114,123,-9,9
39928,123,132,-9,9
39929,67,88,-21,21
39930,145,147,-2,2
39931,72,88,-16,16
39932,85,94,-9,9
39933,117,125,-8,8
39934,87,114,-27,27
39935,66,84,-18,18
39936,116,130,-14,14
39937,53,79,-26,26
39938,109,114,-5,5
39939,26,51,-25,25
39940,51,66,-15,15
39941,65,73,-8,8
39942,89,94,-5,5
39943,110,108,2,2
39944,70,84,-14,14
39945,46,64,-18,18
39946,119,121,-2,2
39947,127,130,-3,3
39948,95,104,-9,9
39949,68,83,-15,15
39950,73,83,-10,10
39951,112,117,-5,5
39952,152,157,-5,5
39953,83,95,-12,12
39954,115,125,-10,10
39955,131,122,9,9
39956,49,60,-11,11
39957,118,109,9,9
39958,94,98,-4,4
39959,120,133,-13,13
39960,64,94,-30,30
39961,145,144,1,1
39962,63,77,-14,14
39963,62,75,-13,13
39964,55,71,-16,16
39965,113,130,-17,17
39966,62,82,-20,20
39967,80,83,-3,3
39968,100,104,-4,4
39969,72,93,-21,21
39970,75,87,-12,12
39971,104,113,-9,9
39972,56,66,-10,10
39973,116,135,-19,19
39974,87,103,-16,16
39975,109,120,-11,11
39976,107,124,-17,17
39977,63,84,-21,21
39978,127,142,-15,15
39979,124,122,2,2
39980,67,77,-10,10
39981,229,181,48,48
39982,144,136,8,8
39983,110,121,-11,11
39984,70,79,-9,9
39985,102,110,-8,8
39986,153,143,10,10
39987,82,95,-13,13
39988,50,66,-16,16
39989,54,75,-21,21
39990,97,102,-5,5
39991,75,96,-21,21
39992,83,89,-6,6
39993,88,98,-10,10
39994,129,130,-1,1
39995,91,91,0,0
39996,115,114,1,1
39997,96,105,-9,9
39998,177,169,8,8
39999,109,121,-12,12
40000,91,104,-13,13
40001,102,110,-8,8
40002,75,83,-8,8
40003,67,83,-16,16
40004,85,96,-11,11
40005,133,134,-1,1
40006,122,126,-4,4
40007,99,109,-10,10
40008,72,90,-18,18
40009,80,94,-14,14
40010,61,77,-16,16
40011,118,123,-5,5
40012,112,123,-11,11
40013,69,89,-20,20
40014,156,150,6,6
40015,140,141,-1,1
40016,55,68,-13,13
40017,85,107,-22,22
40018,104,108,-4,4
40019,113,118,-5,5
40020,61,86,-25,25
40021,110,130,-20,20
40022,142,137,5,5
40023,93,102,-9,9
40024,49,67,-18,18
40025,139,147,-8,8
40026,42,62,-20,20
40027,80,83,-3,3
40028,138,140,-2,2
40029,148,149,-1,1
40030,28,67,-39,39
40031,54,75,-21,21
40032,85,91,-6,6
40033,84,94,-10,10
40034,161,148,13,13
40035,80,89,-9,9
40036,108,134,-26,26
40037,91,106,-15,15
40038,92,98,-6,6
40039,92,111,-19,19
40040,91,102,-11,11
40041,146,143,3,3
40042,59,82,-23,23
40043,109,111,-2,2
40044,67,84,-17,17
40045,89,106,-17,17
40046,156,148,8,8
40047,106,110,-4,4
40048,71,83,-12,12
40049,161,152,9,9
40050,97,103,-6,6
40051,95,104,-9,9
40052,128,135,-7,7
40053,79,106,-27,27
40054,127,143,-16,16
40055,88,104,-16,16
40056,63,78,-15,15
40057,47,63,-16,16
40058,67,86,-19,19
40059,44,60,-16,16
40060,70,82,-12,12
40061,59,68,-9,9
40062,115,125,-10,10
40063,123,138,-15,15
40064,49,62,-13,13
40065,81,91,-10,10
40066,55,71,-16,16
40067,105,107,-2,2
40068,120,125,-5,5
40069,95,109,-14,14
40070,73,90,-17,17
40071,76,94,-18,18
40072,95,107,-12,12
40073,35,55,-20,20
40074,85,94,-9,9
40075,65,92,-27,27
40076,125,132,-7,7
40077,62,77,-15,15
40078,95,108,-13,13
40079,139,140,-1,1
40080,77,96,-19,19
40081,65,78,-13,13
40082,53,73,-20,20
40083,83,88,-5,5
40084,62,67,-5,5
40085,74,86,-12,12
40086,32,54,-22,22
40087,67,80,-13,13
40088,134,132,2,2
40089,78,98,-20,20
40090,88,95,-7,7
40091,81,96,-15,15
40092,60,76,-16,16
40093,117,113,4,4
40094,61,78,-17,17
40095,147,148,-1,1
40096,217,193,24,24
40097,84,95,-11,11
40098,67,81,-14,14
40099,158,168,-10,10
40100,51,73,-22,22
40101,91,104,-13,13
40102,72,86,-14,14
40103,121,131,-10,10
40104,76,89,-13,13
40105,117,119,-2,2
40106,63,79,-16,16
40107,82,102,-20,20
40108,87,108,-21,21
40109,77,88,-11,11
40110,67,80,-13,13
40111,129,120,9,9
40112,56,73,-17,17
40113,60,81,-21,21
40114,130,127,3,3
40115,106,129,-23,23
40116,73,84,-11,11
40117,89,103,-14,14
40118,85,109,-24,24
40119,71,83,-12,12
40120,206,202,4,4
40121,142,147,-5,5
40122,106,119,-13,13
40123,98,109,-11,11
40124,60,86,-26,26
40125,113,127,-14,14
40126,57,73,-16,16
40127,73,83,-10,10
40128,186,155,31,31
40129,87,105,-18,18
40130,122,122,0,0
40131,80,98,-18,18
40132,130,132,-2,2
40133,106,118,-12,12
40134,175,188,-13,13
40135,135,132,3,3
40136,115,122,-7,7
40137,80,92,-12,12
40138,125,124,1,1
40139,85,105,-20,20
40140,85,93,-8,8
40141,143,144,-1,1
40142,92,97,-5,5
40143,74,76,-2,2
40144,66,92,-26,26
40145,68,80,-12,12
40146,103,102,1,1
40147,82,96,-14,14
40148,57,77,-20,20
40149,102,121,-19,19
40150,117,126,-9,9
40151,79,98,-19,19
40152,179,153,26,26
40153,111,130,-19,19
40154,59,74,-15,15
40155,90,100,-10,10
40156,82,123,-41,41
40157,120,124,-4,4
40158,89,100,-11,11
40159,76,90,-14,14
40160,74,81,-7,7
40161,54,71,-17,17
40162,51,64,-13,13
40163,71,90,-19,19
40164,116,114,2,2
40165,84,92,-8,8
40166,107,115,-8,8
40167,83,89,-6,6
40168,170,156,14,14
40169,118,127,-9,9
40170,115,118,-3,3
40171,78,102,-24,24
40172,155,149,6,6
40173,143,150,-7,7
40174,80,101,-21,21
40175,64,86,-22,22
40176,97,99,-2,2
40177,92,100,-8,8
40178,63,82,-19,19
40179,196,168,28,28
40180,70,92,-22,22
40181,95,108,-13,13
40182,73,87,-14,14
40183,64,87,-23,23
40184,86,108,-22,22
40185,93,108,-15,15
40186,81,89,-8,8
40187,132,119,13,13
40188,89,87,2,2
40189,80,82,-2,2
40190,61,75,-14,14
40191,148,150,-2,2
40192,104,113,-9,9
40193,105,117,-12,12
40194,94,99,-5,5
40195,72,91,-19,19
40196,71,82,-11,11
40197,115,123,-8,8
40198,100,107,-7,7
40199,64,77,-13,13
40200,88,98,-10,10
40201,175,174,1,1
40202,153,156,-3,3
40203,58,69,-11,11
40204,143,148,-5,5
40205,49,67,-18,18
40206,62,71,-9,9
40207,72,82,-10,10
40208,112,123,-11,11
40209,90,95,-5,5
40210,88,97,-9,9
40211,92,96,-4,4
40212,25,61,-36,36
40213,97,102,-5,5
40214,133,129,4,4
40215,86,97,-11,11
40216,81,95,-14,14
40217,164,153,11,11
40218,64,74,-10,10
40219,79,88,-9,9
40220,108,114,-6,6
40221,62,83,-21,21
40222,84,98,-14,14
40223,187,178,9,9
40224,70,91,-21,21
40225,119,122,-3,3
40226,86,101,-15,15
40227,118,123,-5,5
40228,79,99,-20,20
40229,77,89,-12,12
40230,85,103,-18,18
40231,107,112,-5,5
40232,76,93,-17,17
40233,54,62,-8,8
40234,66,80,-14,14
40235,64,86,-22,22
40236,56,74,-18,18
40237,147,154,-7,7
40238,92,94,-2,2
40239,119,123,-4,4
40240,61,85,-24,24
40241,112,116,-4,4
40242,116,130,-14,14
40243,68,91,-23,23
40244,153,151,2,2
40245,114,133,-19,19
40246,115,123,-8,8
40247,91,102,-11,11
40248,68,86,-18,18
40249,111,118,-7,7
40250,79,83,-4,4
40251,57,77,-20,20
40252,114,123,-9,9
40253,66,84,-18,18
40254,96,97,-1,1
40255,83,106,-23,23
40256,93,96,-3,3
40257,83,90,-7,7
40258,80,89,-9,9
40259,82,94,-12,12
40260,114,121,-7,7
40261,49,78,-29,29
40262,67,85,-18,18
40263,79,91,-12,12
40264,77,89,-12,12
40265,64,81,-17,17
40266,177,164,13,13
40267,71,87,-16,16
40268,99,105,-6,6
40269,90,99,-9,9
40270,107,115,-8,8
40271,103,105,-2,2
40272,144,147,-3,3
40273,81,90,-9,9
40274,69,86,-17,17
40275,63,93,-30,30
40276,105,119,-14,14
40277,100,103,-3,3
40278,118,129,-11,11
40279,89,93,-4,4
40280,90,102,-12,12
40281,88,104,-16,16
40282,69,77,-8,8
40283,59,71,-12,12
40284,84,94,-10,10
40285,143,147,-4,4
40286,112,130,-18,18
40287,143,154,-11,11
40288,78,103,-25,25
40289,38,57,-19,19
40290,107,104,3,3
40291,57,74,-17,17
40292,62,120,-58,58
40293,79,94,-15,15
40294,72,89,-17,17
40295,85,94,-9,9
40296,83,95,-12,12
40297,69,84,-15,15
40298,62,75,-13,13
40299,80,94,-14,14
40300,55,82,-27,27
40301,77,82,-5,5
40302,77,111,-34,34
40303,81,98,-17,17
40304,88,95,-7,7
40305,75,97,-22,22
40306,103,116,-13,13
40307,63,74,-11,11
40308,115,114,1,1
40309,149,152,-3,3
40310,48,64,-16,16
40311,67,77,-10,10
40312,167,150,17,17
40313,116,124,-8,8
40314,40,67,-27,27
40315,93,105,-12,12
40316,98,105,-7,7
40317,105,105,0,0
40318,150,148,2,2
40319,174,151,23,23
40320,156,149,7,7
40321,61,114,-53,53
40322,124,137,-13,13
40323,61,73,-12,12
40324,58,75,-17,17
40325,147,151,-4,4
40326,80,103,-23,23
40327,115,111,4,4
40328,139,144,-5,5
40329,73,88,-15,15
40330,208,196,12,12
40331,92,112,-20,20
40332,63,73,-10,10
40333,126,123,3,3
40334,31,52,-21,21
40335,55,89,-34,34
40336,154,150,4,4
40337,110,120,-10,10
40338,62,73,-11,11
40339,124,129,-5,5
40340,81,89,-8,8
40341,78,91,-13,13
40342,122,144,-22,22
40343,110,130,-20,20
40344,100,98,2,2
40345,112,120,-8,8
40346,58,74,-16,16
40347,92,99,-7,7
40348,143,147,-4,4
40349,76,88,-12,12
40350,62,86,-24,24
40351,72,88,-16,16
40352,96,114,-18,18
40353,98,109,-11,11
40354,209,179,30,30
40355,81,92,-11,11
40356,65,86,-21,21
40357,111,107,4,4
40358,158,153,5,5
40359,106,121,-15,15
40360,124,125,-1,1
40361,90,94,-4,4
40362,95,106,-11,11
40363,86,103,-17,17
40364,89,95,-6,6
40365,59,82,-23,23
40366,132,131,1,1
40367,91,93,-2,2
40368,90,94,-4,4
40369,85,96,-11,11
40370,77,101,-24,24
40371,68,75,-7,7
40372,77,97,-20,20
40373,125,138,-13,13
40374,53,67,-14,14
40375,100,120,-20,20
40376,128,136,-8,8
40377,78,84,-6,6
40378,73,103,-30,30
40379,79,93,-14,14
40380,89,106,-17,17
40381,101,112,-11,11
40382,93,116,-23,23
40383,93,104,-11,11
40384,62,78,-16,16
40385,113,125,-12,12
40386,117,118,-1,1
40387,133,136,-3,3
40388,107,123,-16,16
40389,64,98,-34,34
40390,48,65,-17,17
40391,103,108,-5,5
40392,91,108,-17,17
40393,121,135,-14,14
40394,109,122,-13,13
40395,92,104,-12,12
40396,118,119,-1,1
40397,82,98,-16,16
40398,76,80,-4,4
40399,98,99,-1,1
40400,118,121,-3,3
40401,124,137,-13,13
40402,120,114,6,6
40403,85,101,-16,16
40404,112,123,-11,11
40405,88,99,-11,11
40406,65,75,-10,10
40407,48,63,-15,15
40408,66,87,-21,21
40409,106,95,11,11
40410,174,151,23,23
40411,161,152,9,9
40412,42,89,-47,47
40413,65,84,-19,19
40414,47,72,-25,25
40415,100,119,-19,19
40416,91,99,-8,8
40417,59,75,-16,16
40418,77,95,-18,18
40419,83,94,-11,11
40420,91,98,-7,7
40421,91,102,-11,11
40422,163,158,5,5
40423,89,96,-7,7
40424,144,151,-7,7
40425,107,127,-20,20
40426,75,89,-14,14
40427,210,209,1,1
40428,168,158,10,10
40429,116,117,-1,1
40430,67,92,-25,25
40431,66,83,-17,17
40432,23,53,-30,30
40433,99,102,-3,3
40434,66,81,-15,15
40435,56,71,-15,15
40436,92,100,-8,8
40437,132,131,1,1
40438,67,85,-18,18
40439,42,60,-18,18
40440,123,131,-8,8
40441,44,62,-18,18
40442,117,126,-9,9
40443,109,117,-8,8
40444,106,116,-10,10
40445,92,102,-10,10
40446,88,94,-6,6
40447,74,92,-18,18
40448,114,135,-21,21
40449,146,138,8,8
40450,105,116,-11,11
40451,91,112,-21,21
40452,124,128,-4,4
40453,178,165,13,13
40454,98,107,-9,9
40455,145,152,-7,7
40456,76,90,-14,14
40457,100,105,-5,5
40458,128,121,7,7
40459,152,149,3,3
40460,40,60,-20,20
40461,65,84,-19,19
40462,107,121,-14,14
40463,90,98,-8,8
40464,100,117,-17,17
40465,71,97,-26,26
40466,55,75,-20,20
40467,80,99,-19,19
40468,131,118,13,13
40469,28,55,-27,27
40470,93,108,-15,15
40471,149,154,-5,5
40472,88,104,-16,16
40473,50,69,-19,19
40474,82,103,-21,21
40475,125,127,-2,2
40476,131,125,6,6
40477,93,114,-21,21
40478,83,93,-10,10
40479,149,154,-5,5
40480,74,96,-22,22
40481,124,132,-8,8
40482,174,153,21,21
40483,83,121,-38,38
40484,119,132,-13,13
40485,85,94,-9,9
40486,70,81,-11,11
40487,197,188,9,9
40488,131,134,-3,3
40489,130,130,0,0
40490,73,91,-18,18
40491,97,105,-8,8
40492,85,107,-22,22
40493,198,166,32,32
40494,100,109,-9,9
40495,81,108,-27,27
40496,71,86,-15,15
40497,97,107,-10,10
40498,77,101,-24,24
40499,88,99,-11,11
40500,90,98,-8,8
40501,74,91,-17,17
40502,70,90,-20,20
40503,63,75,-12,12
40504,149,147,2,2
40505,97,103,-6,6
40506,65,87,-22,22
40507,81,93,-12,12
40508,100,110,-10,10
40509,79,101,-22,22
40510,106,118,-12,12
40511,79,92,-13,13
40512,137,142,-5,5
40513,82,99,-17,17
40514,68,72,-4,4
40515,100,102,-2,2
40516,40,64,-24,24
40517,57,73,-16,16
40518,73,94,-21,21
40519,85,97,-12,12
40520,135,139,-4,4
40521,126,135,-9,9
40522,158,154,4,4
40523,110,117,-7,7
40524,125,139,-14,14
40525,115,119,-4,4
40526,112,123,-11,11
40527,71,92,-21,21
40528,121,144,-23,23
40529,97,116,-19,19
40530,104,112,-8,8
40531,97,107,-10,10
40532,54,71,-17,17
40533,76,95,-19,19
40534,132,121,11,11
40535,98,119,-21,21
40536,107,111,-4,4
40537,119,123,-4,4
40538,125,126,-1,1
40539,96,109,-13,13
40540,49,68,-19,19
40541,89,93,-4,4
40542,101,109,-8,8
40543,86,109,-23,23
40544,43,62,-19,19
40545,40,55,-15,15
40546,109,118,-9,9
40547,49,70,-21,21
40548,99,112,-13,13
40549,120,115,5,5
40550,70,96,-26,26
40551,177,157,20,20
40552,59,80,-21,21
40553,90,103,-13,13
40554,99,110,-11,11
40555,99,111,-12,12
40556,113,116,-3,3
40557,87,102,-15,15
40558,120,131,-11,11
40559,122,124,-2,2
40560,156,147,9,9
40561,90,96,-6,6
40562,109,116,-7,7
40563,59,84,-25,25
40564,110,122,-12,12
40565,64,78,-14,14
40566,76,93,-17,17
40567,93,102,-9,9
40568,81,95,-14,14
40569,155,149,6,6
40570,77,106,-29,29
40571,52,72,-20,20
40572,48,68,-20,20
40573,94,113,-19,19
40574,72,90,-18,18
40575,78,105,-27,27
40576,108,116,-8,8
40577,74,93,-19,19
40578,67,80,-13,13
40579,88,94,-6,6
40580,127,135,-8,8
40581,88,110,-22,22
40582,53,80,-27,27
40583,101,112,-11,11
40584,105,113,-8,8
40585,120,126,-6,6
40586,63,83,-20,20
40587,50,70,-20,20
40588,67,83,-16,16
40589,121,131,-10,10
40590,76,90,-14,14
40591,95,93,2,2
40592,97,110,-13,13
40593,63,84,-21,21
40594,135,142,-7,7
40595,61,71,-10,10
40596,79,94,-15,15
40597,133,135,-2,2
40598,97,113,-16,16
40599,78,80,-2,2
40600,96,104,-8,8
40601,47,61,-14,14
40602,139,133,6,6
40603,99,105,-6,6
40604,113,112,1,1
40605,94,102,-8,8
40606,100,114,-14,14
40607,71,96,-25,25
40608,102,120,-18,18
40609,113,121,-8,8
40610,85,97,-12,12
40611,75,81,-6,6
40612,62,73,-11,11
40613,111,104,7,7
40614,80,93,-13,13
40615,117,125,-8,8
40616,107,117,-10,10
40617,75,91,-16,16
40618,82,101,-19,19
40619,73,89,-16,16
40620,110,116,-6,6
40621,115,119,-4,4
40622,151,149,2,2
40623,60,81,-21,21
40624,51,73,-22,22
40625,76,85,-9,9
40626,115,121,-6,6
40627,79,89,-10,10
40628,85,101,-16,16
40629,84,98,-14,14
40630,136,133,3,3
40631,76,91,-15,15
40632,30,55,-25,25
40633,141,140,1,1
40634,83,88,-5,5
40635,81,98,-17,17
40636,79,95,-16,16
40637,113,121,-8,8
40638,88,96,-8,8
40639,145,165,-20,20
40640,156,151,5,5
40641,80,106,-26,26
40642,103,112,-9,9
40643,116,121,-5,5
40644,76,83,-7,7
40645,123,132,-9,9
40646,93,107,-14,14
40647,103,118,-15,15
40648,67,78,-11,11
40649,102,119,-17,17
40650,92,93,-1,1
40651,86,97,-11,11
40652,56,74,-18,18
40653,80,100,-20,20
40654,137,144,-7,7
40655,48,79,-31,31
40656,87,89,-2,2
40657,112,129,-17,17
40658,74,86,-12,12
40659,87,99,-12,12
40660,101,114,-13,13
40661,58,83,-25,25
40662,116,121,-5,5
40663,97,103,-6,6
40664,65,77,-12,12
40665,98,102,-4,4
40666,98,99,-1,1
40667,156,150,6,6
40668,88,102,-14,14
40669,85,105,-20,20
40670,64,76,-12,12
40671,72,87,-15,15
40672,107,124,-17,17
40673,87,116,-29,29
40674,115,119,-4,4
40675,102,100,2,2
40676,120,119,1,1
40677,87,106,-19,19
40678,81,95,-14,14
40679,53,69,-16,16
40680,71,99,-28,28
40681,78,89,-11,11
40682,104,111,-7,7
40683,113,128,-15,15
40684,51,63,-12,12
40685,65,83,-18,18
40686,109,142,-33,33
40687,78,98,-20,20
40688,105,103,2,2
40689,93,114,-21,21
40690,103,111,-8,8
40691,113,112,1,1
40692,77,99,-22,22
40693,135,136,-1,1
40694,82,83,-1,1
40695,84,94,-10,10
40696,56,79,-23,23
40697,54,70,-16,16
40698,146,143,3,3
40699,149,147,2,2
40700,91,96,-5,5
40701,61,74,-13,13
40702,117,136,-19,19
40703,46,63,-17,17
40704,159,155,4,4
40705,94,94,0,0
40706,153,147,6,6
40707,108,112,-4,4
40708,85,93,-8,8
40709,69,85,-16,16
40710,295,239,56,56
40711,74,86,-12,12
40712,103,115,-12,12
40713,80,91,-11,11
40714,68,81,-13,13
40715,120,134,-14,14
40716,86,100,-14,14
40717,118,127,-9,9
40718,74,90,-16,16
40719,99,103,-4,4
40720,76,84,-8,8
40721,134,134,0,0
40722,97,125,-28,28
40723,66,87,-21,21
40724,92,110,-18,18
40725,50,66,-16,16
40726,83,106,-23,23
40727,98,111,-13,13
40728,72,83,-11,11
40729,71,90,-19,19
40730,71,88,-17,17
40731,78,94,-16,16
40732,81,97,-16,16
40733,126,134,-8,8
40734,71,81,-10,10
40735,70,85,-15,15
40736,141,146,-5,5
40737,75,84,-9,9
40738,85,96,-11,11
40739,89,101,-12,12
40740,82,96,-14,14
40741,174,154,20,20
40742,77,92,-15,15
40743,113,136,-23,23
40744,165,159,6,6
40745,55,68,-13,13
40746,94,95,-1,1
40747,81,94,-13,13
40748,103,111,-8,8
40749,87,96,-9,9
40750,68,97,-29,29
40751,205,201,4,4
40752,85,98,-13,13
40753,66,75,-9,9
40754,68,80,-12,12
40755,87,99,-12,12
40756,101,103,-2,2
40757,115,121,-6,6
40758,69,84,-15,15
40759,144,143,1,1
40760,97,105,-8,8
40761,107,118,-11,11
40762,88,115,-27,27
40763,138,140,-2,2
40764,90,95,-5,5
40765,129,147,-18,18
40766,66,82,-16,16
40767,75,88,-13,13
40768,118,123,-5,5
40769,99,108,-9,9
40770,77,88,-11,11
40771,89,94,-5,5
40772,95,107,-12,12
40773,56,69,-13,13
40774,115,123,-8,8
40775,59,72,-13,13
40776,117,124,-7,7
40777,110,121,-11,11
40778,120,115,5,5
40779,98,99,-1,1
40780,121,133,-12,12
40781,100,99,1,1
40782,85,97,-12,12
40783,106,113,-7,7
40784,165,151,14,14
40785,65,87,-22,22
40786,58,73,-15,15
40787,165,154,11,11
40788,56,74,-18,18
40789,62,79,-17,17
40790,85,90,-5,5
40791,93,109,-16,16
40792,57,79,-22,22
40793,97,108,-11,11
40794,96,111,-15,15
40795,45,66,-21,21
40796,114,121,-7,7
40797,77,87,-10,10
40798,77,97,-20,20
40799,89,95,-6,6
40800,70,87,-17,17
40801,84,100,-16,16
40802,89,116,-27,27
40803,104,116,-12,12
40804,88,103,-15,15
40805,68,83,-15,15
40806,67,83,-16,16
40807,51,64,-13,13
40808,144,149,-5,5
40809,135,142,-7,7
40810,89,97,-8,8
40811,122,127,-5,5
40812,110,118,-8,8
40813,81,93,-12,12
40814,147,153,-6,6
40815,60,75,-15,15
40816,137,148,-11,11
40817,110,121,-11,11
40818,125,130,-5,5
40819,89,107,-18,18
40820,129,147,-18,18
40821,70,75,-5,5
40822,149,152,-3,3
40823,72,87,-15,15
40824,96,112,-16,16
40825,76,90,-14,14
40826,154,151,3,3
40827,220,194,26,26
40828,106,120,-14,14
40829,95,112,-17,17
40830,158,158,0,0
40831,140,144,-4,4
40832,86,103,-17,17
40833,96,102,-6,6
40834,100,105,-5,5
40835,70,100,-30,30
40836,64,84,-20,20
40837,147,145,2,2
40838,75,89,-14,14
40839,80,88,-8,8
40840,161,151,10,10
40841,83,112,-29,29
40842,89,91,-2,2
40843,169,158,11,11
40844,85,98,-13,13
40845,151,152,-1,1
40846,85,92,-7,7
40847,61,84,-23,23
40848,62,77,-15,15
40849,118,121,-3,3
40850,97,106,-9,9
40851,118,119,-1,1
40852,104,105,-1,1
40853,44,61,-17,17
40854,101,109,-8,8
40855,69,84,-15,15
40856,52,72,-20,20
40857,115,124,-9,9
40858,56,69,-13,13
40859,110,130,-20,20
40860,96,125,-29,29
40861,88,97,-9,9
40862,94,107,-13,13
40863,60,76,-16,16
40864,108,117,-9,9
40865,114,116,-2,2
40866,87,99,-12,12
40867,102,110,-8,8
40868,75,86,-11,11
40869,56,66,-10,10
40870,123,136,-13,13
40871,29,61,-32,32
40872,70,98,-28,28
40873,87,95,-8,8
40874,48,77,-29,29
40875,108,114,-6,6
40876,164,160,4,4
40877,125,123,2,2
40878,66,83,-17,17
40879,190,174,16,16
40880,91,101,-10,10
40881,116,117,-1,1
40882,96,105,-9,9
40883,86,94,-8,8
40884,157,162,-5,5
40885,149,146,3,3
40886,54,74,-20,20
40887,81,96,-15,15
40888,97,108,-11,11
40889,128,132,-4,4
40890,96,110,-14,14
40891,121,131,-10,10
40892,131,135,-4,4
40893,133,130,3,3
40894,130,132,-2,2
40895,97,102,-5,5
40896,68,89,-21,21
40897,118,118,0,0
40898,91,101,-10,10
40899,90,114,-24,24
40900,65,79,-14,14
40901,143,140,3,3
40902,80,85,-5,5
40903,96,98,-2,2
40904,104,107,-3,3
40905,112,124,-12,12
40906,86,102,-16,16
40907,91,105,-14,14
40908,205,171,34,34
40909,73,96,-23,23
40910,101,105,-4,4
40911,73,86,-13,13
40912,90,97,-7,7
40913,191,189,2,2
40914,90,105,-15,15
40915,149,148,1,1
40916,73,97,-24,24
40917,152,153,-1,1
40918,115,118,-3,3
40919,88,105,-17,17
40920,86,96,-10,10
40921,103,110,-7,7
40922,37,56,-19,19
40923,83,90,-7,7
40924,76,79,-3,3
40925,56,69,-13,13
40926,130,139,-9,9
40927,67,77,-10,10
40928,78,92,-14,14
40929,105,116,-11,11
40930,101,109,-8,8
40931,88,98,-10,10
40932,83,98,-15,15
40933,108,119,-11,11
40934,67,79,-12,12
40935,107,117,-10,10
40936,43,54,-11,11
40937,71,95,-24,24
40938,99,103,-4,4
40939,120,138,-18,18
40940,132,128,4,4
40941,30,52,-22,22
40942,88,101,-13,13
40943,82,109,-27,27
40944,59,80,-21,21
40945,68,85,-17,17
40946,120,119,1,1
40947,60,80,-20,20
40948,103,109,-6,6
40949,110,116,-6,6
40950,114,118,-4,4
40951,90,100,-10,10
40952,192,176,16,16
40953,100,110,-10,10
40954,119,127,-8,8
40955,91,101,-10,10
40956,98,106,-8,8
40957,51,66,-15,15
40958,94,101,-7,7
40959,98,112,-14,14
40960,71,79,-8,8
40961,106,128,-22,22
40962,78,95,-17,17
40963,66,83,-17,17
40964,79,96,-17,17
40965,85,99,-14,14
40966,147,148,-1,1
40967,68,81,-13,13
40968,66,76,-10,10
40969,81,96,-15,15
40970,133,138,-5,5
40971,120,128,-8,8
40972,71,91,-20,20
40973,169,165,4,4
40974,159,150,9,9
40975,57,76,-19,19
40976,73,92,-19,19
40977,44,58,-14,14
40978,85,101,-16,16
40979,49,79,-30,30
40980,54,67,-13,13
40981,89,95,-6,6
40982,62,84,-22,22
40983,88,99,-11,11
40984,93,109,-16,16
40985,66,81,-15,15
40986,69,83,-14,14
40987,138,151,-13,13
40988,88,101,-13,13
40989,102,117,-15,15
40990,45,62,-17,17
40991,48,68,-20,20
40992,106,127,-21,21
40993,158,151,7,7
40994,125,129,-4,4
40995,64,96,-32,32
40996,153,154,-1,1
40997,66,79,-13,13
40998,87,102,-15,15
40999,90,102,-12,12
41000,105,115,-10,10
41001,51,64,-13,13
41002,148,142,6,6
41003,123,138,-15,15
41004,59,72,-13,13
41005,88,90,-2,2
41006,91,104,-13,13
41007,77,92,-15,15
41008,98,109,-11,11
41009,84,100,-16,16
41010,97,102,-5,5
41011,129,124,5,5
41012,158,155,3,3
41013,99,113,-14,14
41014,153,152,1,1
41015,140,134,6,6
41016,97,104,-7,7
41017,116,132,-16,16
41018,108,112,-4,4
41019,117,126,-9,9
41020,112,122,-10,10
41021,70,84,-14,14
41022,117,133,-16,16
41023,186,174,12,12
41024,88,100,-12,12
41025,40,61,-21,21
41026,69,89,-20,20
41027,138,130,8,8
41028,68,85,-17,17
41029,194,165,29,29
41030,141,142,-1,1
41031,66,94,-28,28
41032,87,105,-18,18
41033,112,118,-6,6
41034,120,116,4,4
41035,117,121,-4,4
41036,116,130,-14,14
41037,113,130,-17,17
41038,109,132,-23,23
41039,116,123,-7,7
41040,107,111,-4,4
41041,156,148,8,8
41042,54,74,-20,20
41043,96,102,-6,6
41044,116,122,-6,6
41045,105,109,-4,4
41046,53,63,-10,10
41047,146,146,0,0
41048,111,133,-22,22
41049,55,68,-13,13
41050,130,133,-3,3
41051,89,101,-12,12
41052,99,119,-20,20
41053,101,103,-2,2
41054,107,123,-16,16
41055,56,73,-17,17
41056,72,87,-15,15
41057,141,145,-4,4
41058,49,68,-19,19
41059,50,59,-9,9
41060,106,108,-2,2
41061,71,79,-8,8
41062,82,110,-28,28
41063,112,117,-5,5
41064,114,126,-12,12
41065,91,103,-12,12
41066,79,88,-9,9
41067,87,102,-15,15
41068,72,84,-12,12
41069,140,147,-7,7
41070,79,99,-20,20
41071,103,103,0,0
41072,105,115,-10,10
41073,80,95,-15,15
41074,63,78,-15,15
41075,89,101,-12,12
41076,58,76,-18,18
41077,71,80,-9,9
41078,91,102,-11,11
41079,64,74,-10,10
41080,134,138,-4,4
41081,144,146,-2,2
41082,46,86,-40,40
41083,79,102,-23,23
41084,137,135,2,2
41085,71,83,-12,12
41086,88,102,-14,14
41087,99,106,-7,7
41088,77,92,-15,15
41089,71,84,-13,13
41090,66,79,-13,13
41091,57,78,-21,21
41092,107,117,-10,10
41093,157,153,4,4
41094,59,79,-20,20
41095,107,126,-19,19
41096,150,147,3,3
41097,97,112,-15,15
41098,56,71,-15,15
41099,122,123,-1,1
41100,118,119,-1,1
41101,98,98,0,0
41102,87,107,-20,20
41103,84,84,0,0
41104,67,78,-11,11
41105,97,109,-12,12
41106,110,120,-10,10
41107,75,89,-14,14
41108,49,69,-20,20
41109,121,142,-21,21
41110,124,134,-10,10
41111,86,97,-11,11
41112,91,102,-11,11
41113,74,80,-6,6
41114,87,90,-3,3
41115,61,77,-16,16
41116,76,98,-22,22
41117,169,166,3,3
41118,79,93,-14,14
41119,85,106,-21,21
41120,129,133,-4,4
41121,68,82,-14,14
41122,88,119,-31,31
41123,136,134,2,2
41124,81,96,-15,15
41125,143,152,-9,9
41126,66,80,-14,14
41127,90,109,-19,19
41128,69,81,-12,12
41129,129,141,-12,12
41130,77,97,-20,20
41131,128,139,-11,11
41132,110,122,-12,12
41133,125,134,-9,9
41134,82,99,-17,17
41135,147,143,4,4
41136,77,90,-13,13
41137,81,88,-7,7
41138,91,102,-11,11
41139,106,103,3,3
41140,65,83,-18,18
41141,59,72,-13,13
41142,107,122,-15,15
41143,75,95,-20,20
41144,86,108,-22,22
41145,92,100,-8,8
41146,87,98,-11,11
41147,115,132,-17,17
41148,70,88,-18,18
41149,78,86,-8,8
41150,77,86,-9,9
41151,142,151,-9,9
41152,161,157,4,4
41153,145,139,6,6
41154,102,111,-9,9
41155,68,84,-16,16
41156,81,97,-16,16
41157,92,100,-8,8
41158,91,100,-9,9
41159,87,98,-11,11
41160,168,159,9,9
41161,58,71,-13,13
41162,119,114,5,5
41163,55,66,-11,11
41164,69,87,-18,18
41165,69,87,-18,18
41166,99,109,-10,10
41167,72,84,-12,12
41168,82,103,-21,21
41169,134,138,-4,4
41170,88,93,-5,5
41171,61,81,-20,20
41172,77,89,-12,12
41173,106,124,-18,18
41174,89,102,-13,13
41175,90,100,-10,10
41176,102,118,-16,16
41177,77,89,-12,12
41178,63,79,-16,16
41179,76,92,-16,16
41180,67,75,-8,8
41181,64,86,-22,22
41182,66,84,-18,18
41183,126,131,-5,5
41184,91,112,-21,21
41185,148,138,10,10
41186,111,115,-4,4
41187,58,78,-20,20
41188,93,102,-9,9
41189,80,89,-9,9
41190,173,160,13,13
41191,80,89,-9,9
41192,117,124,-7,7
41193,69,75,-6,6
41194,115,125,-10,10
41195,122,121,1,1
41196,76,92,-16,16
41197,89,88,1,1
41198,92,120,-28,28
41199,101,105,-4,4
41200,156,146,10,10
41201,88,98,-10,10
41202,61,73,-12,12
41203,80,93,-13,13
41204,128,132,-4,4
41205,101,104,-3,3
41206,114,122,-8,8
41207,142,132,10,10
41208,53,67,-14,14
41209,138,141,-3,3
41210,49,67,-18,18
41211,146,144,2,2
41212,91,103,-12,12
41213,136,146,-10,10
41214,60,82,-22,22
41215,147,145,2,2
41216,86,98,-12,12
41217,71,86,-15,15
41218,127,153,-26,26
41219,62,82,-20,20
41220,109,113,-4,4
41221,69,83,-14,14
41222,186,179,7,7
41223,44,67,-23,23
41224,39,56,-17,17
41225,89,105,-16,16
41226,113,123,-10,10
41227,65,77,-12,12
41228,63,82,-19,19
41229,61,80,-19,19
41230,132,133,-1,1
41231,70,85,-15,15
41232,179,166,13,13
41233,103,122,-19,19
41234,118,118,0,0
41235,71,88,-17,17
41236,156,147,9,9
41237,95,99,-4,4
41238,108,121,-13,13
41239,92,104,-12,12
41240,125,126,-1,1
41241,103,105,-2,2
41242,87,93,-6,6
41243,57,78,-21,21
41244,95,106,-11,11
41245,207,206,1,1
41246,72,89,-17,17
41247,158,154,4,4
41248,78,95,-17,17
41249,59,81,-22,22
41250,77,81,-4,4
41251,78,86,-8,8
41252,120,115,5,5
41253,137,141,-4,4
41254,71,80,-9,9
41255,117,121,-4,4
41256,97,109,-12,12
41257,108,118,-10,10
41258,64,83,-19,19
41259,125,129,-4,4
41260,57,71,-14,14
41261,47,66,-19,19
41262,110,109,1,1
41263,173,173,0,0
41264,70,78,-8,8
41265,112,121,-9,9
41266,69,83,-14,14
41267,95,102,-7,7
41268,50,64,-14,14
41269,60,77,-17,17
41270,108,121,-13,13
41271,88,101,-13,13
41272,141,161,-20,20
41273,65,79,-14,14
41274,111,132,-21,21
41275,110,109,1,1
41276,156,139,17,17
41277,70,101,-31,31
41278,77,94,-17,17
41279,111,119,-8,8
41280,77,91,-14,14
41281,132,149,-17,17
41282,94,98,-4,4
41283,87,112,-25,25
41284,71,94,-23,23
41285,69,86,-17,17
41286,57,73,-16,16
41287,63,81,-18,18
41288,170,163,7,7
41289,99,107,-8,8
41290,91,106,-15,15
41291,75,96,-21,21
41292,155,150,5,5
41293,169,157,12,12
41294,121,122,-1,1
41295,56,74,-18,18
41296,73,85,-12,12
41297,142,105,37,37
41298,76,99,-23,23
41299,117,137,-20,20
41300,113,125,-12,12
41301,63,70,-7,7
41302,146,144,2,2
41303,71,80,-9,9
41304,68,81,-13,13
41305,96,106,-10,10
41306,64,80,-16,16
41307,79,84,-5,5
41308,77,90,-13,13
41309,54,72,-18,18
41310,81,96,-15,15
41311,106,120,-14,14
41312,130,128,2,2
41313,63,76,-13,13
41314,74,91,-17,17
41315,87,98,-11,11
41316,97,105,-8,8
41317,136,148,-12,12
41318,78,88,-10,10
41319,114,116,-2,2
41320,172,188,-16,16
41321,69,99,-30,30
41322,55,86,-31,31
41323,68,80,-12,12
41324,84,95,-11,11
41325,64,72,-8,8
41326,44,64,-20,20
41327,98,106,-8,8
41328,118,134,-16,16
41329,115,116,-1,1
41330,151,149,2,2
41331,66,85,-19,19
41332,150,140,10,10
41333,94,99,-5,5
41334,83,99,-16,16
41335,138,135,3,3
41336,96,106,-10,10
41337,117,120,-3,3
41338,32,57,-25,25
41339,167,157,10,10
41340,162,150,12,12
41341,120,136,-16,16
41342,84,101,-17,17
41343,64,83,-19,19
41344,147,148,-1,1
41345,74,92,-18,18
41346,42,69,-27,27
41347,65,93,-28,28
41348,87,103,-16,16
41349,101,120,-19,19
41350,64,77,-13,13
41351,54,78,-24,24
41352,99,113,-14,14
41353,60,80,-20,20
41354,62,84,-22,22
41355,134,133,1,1
41356,79,94,-15,15
41357,74,85,-11,11
41358,103,121,-18,18
41359,160,160,0,0
41360,103,112,-9,9
41361,96,105,-9,9
41362,66,75,-9,9
41363,72,80,-8,8
41364,69,86,-17,17
41365,115,124,-9,9
41366,74,84,-10,10
41367,47,69,-22,22
41368,116,116,0,0
41369,75,95,-20,20
41370,74,98,-24,24
41371,138,144,-6,6
41372,83,97,-14,14
41373,78,92,-14,14
41374,144,142,2,2
41375,94,102,-8,8
41376,91,96,-5,5
41377,97,114,-17,17
41378,79,91,-12,12
41379,87,97,-10,10
41380,50,69,-19,19
41381,61,73,-12,12
41382,66,92,-26,26
41383,83,95,-12,12
41384,69,78,-9,9
41385,117,114,3,3
41386,123,124,-1,1
41387,152,137,15,15
41388,53,67,-14,14
41389,41,83,-42,42
41390,120,122,-2,2
41391,50,71,-21,21
41392,103,113,-10,10
41393,59,89,-30,30
41394,146,134,12,12
41395,74,79,-5,5
41396,119,125,-6,6
41397,100,112,-12,12
41398,109,110,-1,1
41399,140,135,5,5
41400,104,116,-12,12
41401,118,132,-14,14
41402,129,130,-1,1
41403,62,74,-12,12
41404,80,98,-18,18
41405,67,84,-17,17
41406,45,64,-19,19
41407,111,122,-11,11
41408,110,124,-14,14
41409,68,81,-13,13
41410,84,110,-26,26
41411,132,126,6,6
41412,67,80,-13,13
41413,66,82,-16,16
41414,53,90,-37,37
41415,88,102,-14,14
41416,115,130,-15,15
41417,142,148,-6,6
41418,134,145,-11,11
41419,108,117,-9,9
41420,63,82,-19,19
41421,68,76,-8,8
41422,96,101,-5,5
41423,73,89,-16,16
41424,88,109,-21,21
41425,107,108,-1,1
41426,114,140,-26,26
41427,132,139,-7,7
41428,64,84,-20,20
41429,73,82,-9,9
41430,109,110,-1,1
41431,65,81,-16,16
41432,138,121,17,17
41433,103,103,0,0
41434,132,132,0,0
41435,67,79,-12,12
41436,70,88,-18,18
41437,114,141,-27,27
41438,54,75,-21,21
41439,87,93,-6,6
41440,57,78,-21,21
41441,163,162,1,1
41442,83,93,-10,10
41443,48,66,-18,18
41444,62,84,-22,22
41445,110,110,0,0
41446,64,75,-11,11
41447,154,150,4,4
41448,119,124,-5,5
41449,81,99,-18,18
41450,76,90,-14,14
41451,125,115,10,10
41452,82,91,-9,9
41453,140,145,-5,5
41454,58,70,-12,12
41455,90,91,-1,1
41456,94,102,-8,8
41457,70,89,-19,19
41458,126,127,-1,1
41459,42,61,-19,19
41460,96,107,-11,11
41461,144,139,5,5
41462,84,95,-11,11
41463,91,96,-5,5
41464,89,95,-6,6
41465,68,84,-16,16
41466,74,89,-15,15
41467,73,86,-13,13
41468,95,96,-1,1
41469,141,132,9,9
41470,144,139,5,5
41471,115,127,-12,12
41472,126,123,3,3
41473,81,89,-8,8
41474,70,77,-7,7
41475,101,115,-14,14
41476,36,64,-28,28
41477,103,115,-12,12
41478,50,70,-20,20
41479,108,109,-1,1
41480,168,173,-5,5
41481,89,112,-23,23
41482,128,138,-10,10
41483,87,91,-4,4
41484,72,79,-7,7
41485,166,158,8,8
41486,75,85,-10,10
41487,116,127,-11,11
41488,66,81,-15,15
41489,89,105,-16,16
41490,72,92,-20,20
41491,103,126,-23,23
41492,82,99,-17,17
41493,108,120,-12,12
41494,115,115,0,0
41495,154,165,-11,11
41496,96,106,-10,10
41497,70,87,-17,17
41498,105,111,-6,6
41499,103,120,-17,17
41500,80,98,-18,18
41501,167,150,17,17
41502,131,139,-8,8
41503,87,99,-12,12
41504,83,97,-14,14
41505,221,198,23,23
41506,67,86,-19,19
41507,114,121,-7,7
41508,88,95,-7,7
41509,80,88,-8,8
41510,183,170,13,13
41511,67,88,-21,21
41512,172,160,12,12
41513,56,66,-10,10
41514,60,71,-11,11
41515,60,71,-11,11
41516,77,99,-22,22
41517,85,90,-5,5
41518,64,81,-17,17
41519,88,105,-17,17
41520,143,137,6,6
41521,148,149,-1,1
41522,73,85,-12,12
41523,97,113,-16,16
41524,85,103,-18,18
41525,62,69,-7,7
41526,82,93,-11,11
41527,63,74,-11,11
41528,55,67,-12,12
41529,133,132,1,1
41530,96,112,-16,16
41531,98,109,-11,11
41532,67,82,-15,15
41533,104,126,-22,22
41534,118,159,-41,41
41535,83,107,-24,24
41536,110,125,-15,15
41537,138,139,-1,1
41538,79,86,-7,7
41539,75,83,-8,8
41540,67,81,-14,14
41541,59,76,-17,17
41542,63,73,-10,10
41543,125,130,-5,5
41544,156,157,-1,1
41545,88,94,-6,6
41546,106,115,-9,9
41547,88,97,-9,9
41548,126,135,-9,9
41549,71,92,-21,21
41550,109,117,-8,8
41551,61,112,-51,51
41552,100,117,-17,17
41553,157,145,12,12
41554,168,158,10,10
41555,110,115,-5,5
41556,92,107,-15,15
41557,118,139,-21,21
41558,159,158,1,1
41559,67,80,-13,13
41560,78,101,-23,23
41561,93,106,-13,13
41562,76,85,-9,9
41563,156,151,5,5
41564,63,86,-23,23
41565,87,97,-10,10
41566,79,89,-10,10
41567,56,71,-15,15
41568,65,77,-12,12
41569,99,116,-17,17
41570,90,91,-1,1
41571,108,123,-15,15
41572,59,72,-13,13
41573,48,89,-41,41
41574,73,81,-8,8
41575,111,113,-2,2
41576,69,85,-16,16
41577,149,139,10,10
41578,87,88,-1,1
41579,87,93,-6,6
41580,85,96,-11,11
41581,112,110,2,2
41582,78,104,-26,26
41583,74,91,-17,17
41584,85,97,-12,12
41585,77,99,-22,22
41586,113,114,-1,1
41587,106,117,-11,11
41588,61,88,-27,27
41589,82,106,-24,24
41590,115,127,-12,12
41591,51,68,-17,17
41592,109,103,6,6
41593,61,73,-12,12
41594,60,78,-18,18
41595,129,133,-4,4
41596,152,140,12,12
41597,90,97,-7,7
41598,204,190,14,14
41599,95,100,-5,5
41600,81,100,-19,19
41601,75,87,-12,12
41602,95,105,-10,10
41603,108,121,-13,13
41604,140,135,5,5
41605,47,67,-20,20
41606,92,94,-2,2
41607,127,136,-9,9
41608,64,86,-22,22
41609,86,88,-2,2
41610,83,89,-6,6
41611,86,106,-20,20
41612,110,116,-6,6
41613,128,145,-17,17
41614,152,150,2,2
41615,106,119,-13,13
41616,71,87,-16,16
41617,70,90,-20,20
41618,71,86,-15,15
41619,80,97,-17,17
41620,10,43,-33,33
41621,95,100,-5,5
41622,88,98,-10,10
41623,55,63,-8,8
41624,96,97,-1,1
41625,114,113,1,1
41626,113,114,-1,1
41627,115,119,-4,4
41628,50,67,-17,17
41629,130,144,-14,14
41630,130,136,-6,6
41631,85,96,-11,11
41632,72,85,-13,13
41633,177,163,14,14
41634,90,107,-17,17
41635,131,148,-17,17
41636,68,86,-18,18
41637,46,67,-21,21
41638,96,111,-15,15
41639,161,151,10,10
41640,60,76,-16,16
41641,73,91,-18,18
41642,50,70,-20,20
41643,60,67,-7,7
41644,122,131,-9,9
41645,136,138,-2,2
41646,90,95,-5,5
41647,131,136,-5,5
41648,95,102,-7,7
41649,66,82,-16,16
41650,105,121,-16,16
41651,82,91,-9,9
41652,107,118,-11,11
41653,61,73,-12,12
41654,136,133,3,3
41655,128,147,-19,19
41656,66,85,-19,19
41657,125,133,-8,8
41658,69,81,-12,12
41659,68,92,-24,24
41660,84,97,-13,13
41661,47,70,-23,23
41662,77,90,-13,13
41663,113,116,-3,3
41664,155,155,0,0
41665,88,104,-16,16
41666,76,85,-9,9
41667,104,149,-45,45
41668,43,64,-21,21
41669,69,85,-16,16
41670,94,117,-23,23
41671,121,129,-8,8
41672,178,167,11,11
41673,69,78,-9,9
41674,113,123,-10,10
41675,118,126,-8,8
41676,86,96,-10,10
41677,71,86,-15,15
41678,112,122,-10,10
41679,114,117,-3,3
41680,68,76,-8,8
41681,75,90,-15,15
41682,103,105,-2,2
41683,71,83,-12,12
41684,57,71,-14,14
41685,88,97,-9,9
41686,165,154,11,11
41687,79,96,-17,17
41688,133,142,-9,9
41689,125,126,-1,1
41690,91,119,-28,28
41691,117,127,-10,10
41692,108,108,0,0
41693,101,112,-11,11
41694,61,76,-15,15
41695,170,158,12,12
41696,152,149,3,3
41697,86,100,-14,14
41698,89,103,-14,14
41699,137,140,-3,3
41700,107,115,-8,8
41701,145,144,1,1
41702,152,155,-3,3
41703,89,92,-3,3
41704,81,92,-11,11
41705,102,115,-13,13
41706,85,103,-18,18
41707,70,85,-15,15
41708,85,98,-13,13
41709,105,114,-9,9
41710,79,91,-12,12
41711,55,79,-24,24
41712,94,102,-8,8
41713,49,70,-21,21
41714,42,62,-20,20
41715,302,271,31,31
41716,116,117,-1,1
41717,68,83,-15,15
41718,81,97,-16,16
41719,98,123,-25,25
41720,120,126,-6,6
41721,135,144,-9,9
41722,85,102,-17,17
41723,76,93,-17,17
41724,125,129,-4,4
41725,26,49,-23,23
41726,111,104,7,7
41727,152,144,8,8
41728,85,94,-9,9
41729,99,113,-14,14
41730,98,119,-21,21
41731,99,113,-14,14
41732,81,89,-8,8
41733,98,120,-22,22
41734,101,99,2,2
41735,64,79,-15,15
41736,185,178,7,7
41737,97,106,-9,9
41738,93,111,-18,18
41739,65,79,-14,14
41740,89,99,-10,10
41741,53,72,-19,19
41742,96,103,-7,7
41743,133,138,-5,5
41744,149,140,9,9
41745,155,149,6,6
41746,86,99,-13,13
41747,64,77,-13,13
41748,133,131,2,2
41749,119,137,-18,18
41750,70,89,-19,19
41751,57,73,-16,16
41752,56,77,-21,21
41753,55,69,-14,14
41754,57,76,-19,19
41755,106,120,-14,14
41756,85,110,-25,25
41757,80,97,-17,17
41758,71,93,-22,22
41759,79,108,-29,29
41760,72,91,-19,19
41761,67,76,-9,9
41762,200,181,19,19
41763,55,73,-18,18
41764,103,114,-11,11
41765,80,90,-10,10
41766,113,125,-12,12
41767,34,83,-49,49
41768,77,90,-13,13
41769,145,148,-3,3
41770,143,150,-7,7
41771,100,106,-6,6
41772,53,75,-22,22
41773,61,102,-41,41
41774,109,126,-17,17
41775,86,92,-6,6
41776,72,88,-16,16
41777,86,102,-16,16
41778,115,133,-18,18
41779,74,93,-19,19
41780,85,94,-9,9
41781,97,105,-8,8
41782,111,115,-4,4
41783,63,92,-29,29
41784,104,118,-14,14
41785,101,112,-11,11
41786,110,116,-6,6
41787,72,91,-19,19
41788,128,130,-2,2
41789,74,101,-27,27
41790,108,112,-4,4
41791,110,117,-7,7
41792,68,83,-15,15
41793,41,58,-17,17
41794,153,156,-3,3
41795,115,127,-12,12
41796,58,81,-23,23
41797,45,79,-34,34
41798,92,98,-6,6
41799,57,76,-19,19
41800,125,123,2,2
41801,82,99,-17,17
41802,61,77,-16,16
41803,148,147,1,1
41804,72,83,-11,11
41805,108,115,-7,7
41806,97,118,-21,21
41807,134,131,3,3
41808,50,65,-15,15
41809,66,78,-12,12
41810,61,67,-6,6
41811,91,100,-9,9
41812,133,136,-3,3
41813,131,124,7,7
41814,67,91,-24,24
41815,112,120,-8,8
41816,100,126,-26,26
41817,193,180,13,13
41818,90,98,-8,8
41819,77,88,-11,11
41820,80,95,-15,15
41821,117,127,-10,10
41822,87,100,-13,13
41823,64,86,-22,22
41824,61,76,-15,15
41825,120,135,-15,15
41826,119,127,-8,8
41827,137,139,-2,2
41828,54,68,-14,14
41829,162,149,13,13
41830,152,156,-4,4
41831,69,79,-10,10
41832,80,94,-14,14
41833,92,104,-12,12
41834,96,100,-4,4
41835,107,121,-14,14
41836,71,87,-16,16
41837,83,100,-17,17
41838,89,105,-16,16
41839,121,125,-4,4
41840,81,94,-13,13
41841,112,122,-10,10
41842,147,137,10,10
41843,62,76,-14,14
41844,129,133,-4,4
41845,74,90,-16,16
41846,168,150,18,18
41847,47,63,-16,16
41848,128,141,-13,13
41849,49,69,-20,20
41850,56,73,-17,17
41851,89,96,-7,7
41852,67,83,-16,16
41853,68,90,-22,22
41854,114,124,-10,10
41855,137,154,-17,17
41856,122,128,-6,6
41857,74,89,-15,15
41858,67,80,-13,13
41859,129,135,-6,6
41860,139,147,-8,8
41861,62,78,-16,16
41862,100,110,-10,10
41863,88,96,-8,8
41864,64,77,-13,13
41865,92,97,-5,5
41866,119,145,-26,26
41867,81,94,-13,13
41868,59,72,-13,13
41869,106,113,-7,7
41870,94,102,-8,8
41871,112,117,-5,5
41872,80,93,-13,13
41873,101,121,-20,20
41874,135,138,-3,3
41875,135,136,-1,1
41876,104,106,-2,2
41877,85,96,-11,11
41878,176,166,10,10
41879,79,94,-15,15
41880,69,81,-12,12
41881,41,57,-16,16
41882,47,63,-16,16
41883,67,84,-17,17
41884,69,89,-20,20
41885,51,67,-16,16
41886,73,98,-25,25
41887,108,110,-2,2
41888,47,58,-11,11
41889,120,142,-22,22
41890,117,120,-3,3
41891,91,113,-22,22
41892,110,125,-15,15
41893,82,93,-11,11
41894,97,105,-8,8
41895,92,102,-10,10
41896,72,84,-12,12
41897,74,82,-8,8
41898,80,105,-25,25
41899,49,65,-16,16
41900,133,134,-1,1
41901,85,98,-13,13
41902,116,125,-9,9
41903,72,82,-10,10
41904,125,132,-7,7
41905,91,102,-11,11
41906,103,110,-7,7
41907,110,120,-10,10
41908,102,117,-15,15
41909,111,115,-4,4
41910,50,77,-27,27
41911,50,67,-17,17
41912,106,114,-8,8
41913,79,91,-12,12
41914,138,133,5,5
41915,110,128,-18,18
41916,59,76,-17,17
41917,72,85,-13,13
41918,190,165,25,25
41919,93,103,-10,10
41920,47,61,-14,14
41921,46,71,-25,25
41922,135,138,-3,3
41923,56,81,-25,25
41924,67,80,-13,13
41925,101,111,-10,10
41926,78,88,-10,10
41927,61,90,-29,29
41928,43,68,-25,25
41929,142,151,-9,9
41930,88,102,-14,14
41931,119,127,-8,8
41932,146,141,5,5
41933,93,104,-11,11
41934,109,126,-17,17
41935,105,115,-10,10
41936,98,112,-14,14
41937,75,83,-8,8
41938,78,94,-16,16
41939,101,121,-20,20
41940,88,114,-26,26
41941,133,146,-13,13
41942,66,80,-14,14
41943,101,109,-8,8
41944,94,109,-15,15
41945,86,96,-10,10
41946,95,102,-7,7
41947,96,115,-19,19
41948,83,94,-11,11
41949,119,113,6,6
41950,116,128,-12,12
41951,92,99,-7,7
41952,89,107,-18,18
41953,215,217,-2,2
41954,96,108,-12,12
41955,138,139,-1,1
41956,73,87,-14,14
41957,72,89,-17,17
41958,83,105,-22,22
41959,119,124,-5,5
41960,83,95,-12,12
41961,140,142,-2,2
41962,164,152,12,12
41963,105,110,-5,5
41964,109,106,3,3
41965,100,109,-9,9
41966,95,109,-14,14
41967,85,90,-5,5
41968,83,95,-12,12
41969,148,148,0,0
41970,95,114,-19,19
41971,110,136,-26,26
41972,104,125,-21,21
41973,125,147,-22,22
41974,110,133,-23,23
41975,109,116,-7,7
41976,87,94,-7,7
41977,166,157,9,9
41978,68,91,-23,23
41979,104,104,0,0
41980,127,117,10,10
41981,60,76,-16,16
41982,106,108,-2,2
41983,58,77,-19,19
41984,59,71,-12,12
41985,98,105,-7,7
41986,150,153,-3,3
41987,107,125,-18,18
41988,75,91,-16,16
41989,95,109,-14,14
41990,82,96,-14,14
41991,101,103,-2,2
41992,63,85,-22,22
41993,81,81,0,0
41994,60,77,-17,17
41995,121,125,-4,4
41996,110,114,-4,4
41997,73,88,-15,15
41998,62,87,-25,25
41999,66,83,-17,17
42000,87,104,-17,17
42001,130,144,-14,14
42002,84,100,-16,16
42003,142,150,-8,8
42004,61,78,-17,17
42005,109,116,-7,7
42006,147,144,3,3
42007,37,73,-36,36
42008,246,191,55,55
42009,61,83,-22,22
42010,111,116,-5,5
42011,92,109,-17,17
42012,133,148,-15,15
42013,161,150,11,11
42014,128,145,-17,17
42015,73,82,-9,9
42016,115,127,-12,12
42017,159,152,7,7
42018,75,85,-10,10
42019,85,111,-26,26
42020,79,91,-12,12
42021,103,109,-6,6
42022,109,121,-12,12
42023,89,101,-12,12
42024,158,157,1,1
42025,86,101,-15,15
42026,114,113,1,1
42027,145,147,-2,2
42028,83,90,-7,7
42029,142,148,-6,6
42030,48,71,-23,23
42031,69,85,-16,16
42032,90,116,-26,26
42033,152,146,6,6
42034,72,94,-22,22
42035,93,105,-12,12
42036,59,78,-19,19
42037,142,148,-6,6
42038,95,99,-4,4
42039,152,145,7,7
42040,87,101,-14,14
42041,79,78,1,1
42042,80,95,-15,15
42043,89,103,-14,14
42044,74,85,-11,11
42045,78,89,-11,11
42046,100,111,-11,11
42047,92,105,-13,13
42048,135,140,-5,5
42049,112,123,-11,11
42050,109,124,-15,15
42051,86,94,-8,8
42052,80,91,-11,11
42053,92,119,-27,27
42054,93,112,-19,19
42055,111,123,-12,12
42056,64,78,-14,14
42057,96,93,3,3
42058,79,104,-25,25
42059,148,159,-11,11
42060,74,96,-22,22
42061,91,94,-3,3
42062,85,94,-9,9
42063,104,109,-5,5
42064,132,143,-11,11
42065,75,95,-20,20
42066,175,173,2,2
42067,77,87,-10,10
42068,92,101,-9,9
42069,150,148,2,2
42070,35,70,-35,35
42071,79,85,-6,6
42072,57,76,-19,19
42073,70,75,-5,5
42074,117,143,-26,26
42075,84,93,-9,9
42076,51,96,-45,45
42077,88,109,-21,21
42078,83,98,-15,15
42079,89,91,-2,2
42080,79,92,-13,13
42081,76,88,-12,12
42082,50,70,-20,20
42083,102,107,-5,5
42084,111,137,-26,26
42085,82,98,-16,16
42086,114,135,-21,21
42087,99,98,1,1
42088,111,114,-3,3
42089,99,116,-17,17
42090,68,78,-10,10
42091,159,148,11,11
42092,78,91,-13,13
42093,43,67,-24,24
42094,64,79,-15,15
42095,77,95,-18,18
42096,38,56,-18,18
42097,39,58,-19,19
42098,87,107,-20,20
42099,89,98,-9,9
42100,101,113,-12,12
42101,115,123,-8,8
42102,101,108,-7,7
42103,52,72,-20,20
42104,68,86,-18,18
42105,57,72,-15,15
42106,97,102,-5,5
42107,80,101,-21,21
42108,95,107,-12,12
42109,155,149,6,6
42110,74,89,-15,15
42111,104,106,-2,2
42112,63,82,-19,19
42113,28,51,-23,23
42114,96,102,-6,6
42115,104,117,-13,13
42116,118,126,-8,8
42117,81,88,-7,7
42118,58,77,-19,19
42119,85,110,-25,25
42120,59,80,-21,21
42121,91,120,-29,29
42122,120,121,-1,1
42123,58,68,-10,10
42124,89,92,-3,3
42125,101,117,-16,16
42126,89,99,-10,10
42127,68,75,-7,7
42128,122,122,0,0
42129,71,90,-19,19
42130,71,85,-14,14
42131,75,113,-38,38
42132,130,144,-14,14
42133,103,107,-4,4
42134,114,124,-10,10
42135,145,148,-3,3
42136,108,114,-6,6
42137,102,114,-12,12
42138,107,113,-6,6
42139,97,106,-9,9
42140,94,96,-2,2
42141,70,89,-19,19
42142,91,102,-11,11
42143,92,107,-15,15
42144,60,80,-20,20
42145,83,96,-13,13
42146,92,93,-1,1
42147,106,122,-16,16
42148,47,76,-29,29
42149,72,84,-12,12
42150,137,141,-4,4
42151,69,84,-15,15
42152,69,76,-7,7
42153,123,130,-7,7
42154,77,94,-17,17
42155,74,78,-4,4
42156,144,150,-6,6
42157,132,142,-10,10
42158,109,116,-7,7
42159,93,104,-11,11
42160,56,73,-17,17
42161,125,129,-4,4
42162,54,78,-24,24
42163,127,125,2,2
42164,96,109,-13,13
42165,106,108,-2,2
42166,98,115,-17,17
42167,97,106,-9,9
42168,65,80,-15,15
42169,91,95,-4,4
42170,90,104,-14,14
42171,135,134,1,1
42172,109,129,-20,20
42173,101,117,-16,16
42174,80,91,-11,11
42175,105,121,-16,16
42176,64,79,-15,15
42177,155,152,3,3
42178,119,129,-10,10
42179,76,83,-7,7
42180,122,123,-1,1
42181,59,74,-15,15
42182,63,79,-16,16
42183,92,110,-18,18
42184,101,111,-10,10
42185,100,110,-10,10
42186,88,108,-20,20
42187,98,109,-11,11
42188,153,147,6,6
42189,92,97,-5,5
42190,76,88,-12,12
42191,110,115,-5,5
42192,86,103,-17,17
42193,130,137,-7,7
42194,126,135,-9,9
42195,78,85,-7,7
42196,77,97,-20,20
42197,104,118,-14,14
42198,126,142,-16,16
42199,79,89,-10,10
42200,117,142,-25,25
42201,45,65,-20,20
42202,100,114,-14,14
42203,83,91,-8,8
42204,134,140,-6,6
42205,83,92,-9,9
42206,90,110,-20,20
42207,86,99,-13,13
42208,89,98,-9,9
42209,60,86,-26,26
42210,78,92,-14,14
42211,120,131,-11,11
42212,72,91,-19,19
42213,104,115,-11,11
42214,188,171,17,17
42215,93,102,-9,9
42216,159,149,10,10
42217,80,92,-12,12
42218,96,111,-15,15
42219,114,124,-10,10
42220,113,124,-11,11
42221,62,82,-20,20
42222,140,148,-8,8
42223,157,148,9,9
42224,61,85,-24,24
42225,95,116,-21,21
42226,130,138,-8,8
42227,134,147,-13,13
42228,84,103,-19,19
42229,83,94,-11,11
42230,96,109,-13,13
42231,85,95,-10,10
42232,117,132,-15,15
42233,49,66,-17,17
42234,55,69,-14,14
42235,116,106,10,10
42236,65,82,-17,17
42237,86,95,-9,9
42238,58,86,-28,28
42239,55,75,-20,20
42240,109,112,-3,3
42241,109,110,-1,1
42242,115,120,-5,5
42243,131,118,13,13
42244,79,96,-17,17
42245,74,93,-19,19
42246,114,121,-7,7
42247,125,127,-2,2
42248,90,97,-7,7
42249,81,96,-15,15
42250,109,119,-10,10
42251,90,94,-4,4
42252,58,69,-11,11
42253,67,83,-16,16
42254,88,94,-6,6
42255,71,102,-31,31
42256,118,137,-19,19
42257,109,121,-12,12
42258,75,107,-32,32
42259,38,57,-19,19
42260,173,163,10,10
42261,153,155,-2,2
42262,66,75,-9,9
42263,58,77,-19,19
42264,44,69,-25,25
42265,86,94,-8,8
42266,100,108,-8,8
42267,86,104,-18,18
42268,106,115,-9,9
42269,80,91,-11,11
42270,84,91,-7,7
42271,76,87,-11,11
42272,96,102,-6,6
42273,90,102,-12,12
42274,116,133,-17,17
42275,196,165,31,31
42276,103,113,-10,10
42277,95,110,-15,15
42278,68,81,-13,13
42279,96,98,-2,2
42280,109,110,-1,1
42281,86,102,-16,16
42282,174,166,8,8
42283,78,96,-18,18
42284,47,66,-19,19
42285,96,106,-10,10
42286,92,103,-11,11
42287,79,86,-7,7
42288,85,95,-10,10
42289,113,127,-14,14
42290,96,108,-12,12
42291,80,87,-7,7
42292,43,58,-15,15
42293,93,112,-19,19
42294,63,85,-22,22
42295,96,101,-5,5
42296,103,113,-10,10
42297,53,74,-21,21
42298,99,106,-7,7
42299,79,91,-12,12
42300,70,84,-14,14
42301,106,105,1,1
42302,104,148,-44,44
42303,141,146,-5,5
42304,99,99,0,0
42305,96,103,-7,7
42306,55,67,-12,12
42307,99,109,-10,10
42308,116,124,-8,8
42309,64,106,-42,42
42310,152,143,9,9
42311,63,83,-20,20
42312,78,87,-9,9
42313,123,146,-23,23
42314,126,135,-9,9
42315,79,84,-5,5
42316,92,91,1,1
42317,94,115,-21,21
42318,200,181,19,19
42319,157,153,4,4
42320,80,94,-14,14
42321,57,75,-18,18
42322,141,143,-2,2
42323,60,81,-21,21
42324,85,94,-9,9
42325,54,66,-12,12
42326,159,160,-1,1
42327,150,144,6,6
42328,87,98,-11,11
42329,47,78,-31,31
42330,96,109,-13,13
42331,82,93,-11,11
42332,74,86,-12,12
42333,120,128,-8,8
42334,109,104,5,5
42335,86,103,-17,17
42336,129,128,1,1
42337,196,181,15,15
42338,178,161,17,17
42339,105,110,-5,5
42340,61,80,-19,19
42341,67,82,-15,15
42342,109,120,-11,11
42343,111,133,-22,22
42344,52,80,-28,28
42345,89,95,-6,6
42346,71,99,-28,28
42347,111,121,-10,10
42348,40,51,-11,11
42349,79,97,-18,18
42350,99,107,-8,8
42351,96,105,-9,9
42352,63,74,-11,11
42353,103,132,-29,29
42354,97,120,-23,23
42355,90,105,-15,15
42356,119,114,5,5
42357,176,159,17,17
42358,97,115,-18,18
42359,131,149,-18,18
42360,86,90,-4,4
42361,77,86,-9,9
42362,84,94,-10,10
42363,70,81,-11,11
42364,109,119,-10,10
42365,121,126,-5,5
42366,125,148,-23,23
42367,150,134,16,16
42368,103,109,-6,6
42369,151,145,6,6
42370,58,77,-19,19
42371,64,76,-12,12
42372,122,134,-12,12
42373,104,110,-6,6
42374,92,98,-6,6
42375,100,109,-9,9
42376,142,141,1,1
42377,93,99,-6,6
42378,120,123,-3,3
42379,75,92,-17,17
42380,106,117,-11,11
42381,60,83,-23,23
42382,83,96,-13,13
42383,98,110,-12,12
42384,56,62,-6,6
42385,37,55,-18,18
42386,97,97,0,0
42387,152,149,3,3
42388,97,103,-6,6
42389,76,85,-9,9
42390,80,101,-21,21
42391,56,72,-16,16
42392,108,110,-2,2
42393,128,120,8,8
42394,117,122,-5,5
42395,103,110,-7,7
42396,31,57,-26,26
42397,84,91,-7,7
42398,92,102,-10,10
42399,115,137,-22,22
42400,128,139,-11,11
42401,128,134,-6,6
42402,75,90,-15,15
42403,72,98,-26,26
42404,95,110,-15,15
42405,56,74,-18,18
42406,83,96,-13,13
42407,97,113,-16,16
42408,109,113,-4,4
42409,126,126,0,0
42410,135,147,-12,12
42411,75,90,-15,15
42412,73,82,-9,9
42413,89,104,-15,15
42414,94,106,-12,12
42415,81,95,-14,14
42416,78,91,-13,13
42417,79,86,-7,7
42418,78,95,-17,17
42419,105,118,-13,13
42420,112,123,-11,11
42421,75,84,-9,9
42422,98,107,-9,9
42423,94,104,-10,10
42424,56,83,-27,27
42425,92,96,-4,4
42426,68,84,-16,16
42427,104,115,-11,11
42428,144,138,6,6
42429,50,75,-25,25
42430,51,68,-17,17
42431,61,84,-23,23
42432,83,104,-21,21
42433,28,55,-27,27
42434,99,114,-15,15
42435,83,103,-20,20
42436,162,152,10,10
42437,104,113,-9,9
42438,88,102,-14,14
42439,95,102,-7,7
42440,116,121,-5,5
42441,144,140,4,4
42442,69,70,-1,1
42443,102,122,-20,20
42444,116,126,-10,10
42445,61,78,-17,17
42446,108,118,-10,10
42447,55,72,-17,17
42448,142,143,-1,1
42449,156,152,4,4
42450,129,127,2,2
42451,180,168,12,12
42452,111,129,-18,18
42453,179,172,7,7
42454,89,108,-19,19
42455,114,121,-7,7
42456,96,102,-6,6
42457,117,127,-10,10
42458,64,81,-17,17
42459,57,70,-13,13
42460,54,73,-19,19
42461,95,100,-5,5
42462,89,83,6,6
42463,109,111,-2,2
42464,76,93,-17,17
42465,67,80,-13,13
42466,65,80,-15,15
42467,76,99,-23,23
42468,92,101,-9,9
42469,92,104,-12,12
42470,74,85,-11,11
42471,92,97,-5,5
42472,80,89,-9,9
42473,89,106,-17,17
42474,43,61,-18,18
42475,69,86,-17,17
42476,88,100,-12,12
42477,84,106,-22,22
42478,115,124,-9,9
42479,56,66,-10,10
42480,95,116,-21,21
42481,80,105,-25,25
42482,80,91,-11,11
42483,98,106,-8,8
42484,49,67,-18,18
42485,91,95,-4,4
42486,64,83,-19,19
42487,53,77,-24,24
42488,85,88,-3,3
42489,98,106,-8,8
42490,100,102,-2,2
42491,69,85,-16,16
42492,48,65,-17,17
42493,105,106,-1,1
42494,163,151,12,12
42495,150,150,0,0
42496,85,99,-14,14
42497,128,138,-10,10
42498,99,117,-18,18
42499,103,108,-5,5
42500,128,125,3,3
42501,107,122,-15,15
42502,55,82,-27,27
42503,84,110,-26,26
42504,90,111,-21,21
42505,90,108,-18,18
42506,72,83,-11,11
42507,91,104,-13,13
42508,87,105,-18,18
42509,84,84,0,0
42510,42,61,-19,19
42511,65,82,-17,17
42512,131,138,-7,7
42513,48,72,-24,24
42514,109,113,-4,4
42515,85,104,-19,19
42516,66,77,-11,11
42517,83,101,-18,18
42518,46,60,-14,14
42519,141,145,-4,4
42520,59,79,-20,20
42521,87,96,-9,9
42522,84,106,-22,22
42523,86,107,-21,21
42524,127,128,-1,1
42525,111,136,-25,25
42526,102,116,-14,14
42527,65,84,-19,19
42528,70,82,-12,12
42529,61,83,-22,22
42530,104,114,-10,10
42531,111,119,-8,8
42532,202,171,31,31
42533,100,104,-4,4
42534,136,142,-6,6
42535,35,57,-22,22
42536,40,57,-17,17
42537,115,120,-5,5
42538,116,120,-4,4
42539,72,76,-4,4
42540,108,121,-13,13
42541,106,135,-29,29
42542,62,78,-16,16
42543,127,126,1,1
42544,94,102,-8,8
42545,89,94,-5,5
42546,70,83,-13,13
42547,72,92,-20,20
42548,98,98,0,0
42549,96,102,-6,6
42550,108,123,-15,15
42551,142,129,13,13
42552,77,93,-16,16
42553,67,86,-19,19
42554,81,98,-17,17
42555,54,69,-15,15
42556,124,134,-10,10
42557,110,133,-23,23
42558,101,110,-9,9
42559,86,103,-17,17
42560,117,122,-5,5
42561,111,116,-5,5
42562,136,135,1,1
42563,78,86,-8,8
42564,62,90,-28,28
42565,231,206,25,25
42566,180,181,-1,1
42567,91,101,-10,10
42568,134,142,-8,8
42569,80,95,-15,15
42570,100,114,-14,14
42571,123,129,-6,6
42572,109,117,-8,8
42573,70,88,-18,18
42574,57,74,-17,17
42575,148,149,-1,1
42576,76,89,-13,13
42577,70,87,-17,17
42578,82,95,-13,13
42579,102,117,-15,15
42580,198,186,12,12
42581,56,68,-12,12
42582,94,108,-14,14
42583,97,110,-13,13
42584,103,107,-4,4
42585,81,91,-10,10
42586,102,108,-6,6
42587,85,98,-13,13
42588,165,150,15,15
42589,50,70,-20,20
42590,124,131,-7,7
42591,101,114,-13,13
42592,79,89,-10,10
42593,138,148,-10,10
42594,191,153,38,38
42595,162,158,4,4
42596,126,128,-2,2
42597,103,113,-10,10
42598,49,67,-18,18
42599,113,127,-14,14
42600,100,107,-7,7
42601,118,126,-8,8
42602,117,132,-15,15
42603,84,96,-12,12
42604,110,111,-1,1
42605,128,125,3,3
42606,105,114,-9,9
42607,59,66,-7,7
42608,91,104,-13,13
42609,68,80,-12,12
42610,72,93,-21,21
42611,135,141,-6,6
42612,79,114,-35,35
42613,107,116,-9,9
42614,30,55,-25,25
42615,70,88,-18,18
42616,105,115,-10,10
42617,92,107,-15,15
42618,177,169,8,8
42619,84,99,-15,15
42620,67,92,-25,25
42621,150,139,11,11
42622,65,103,-38,38
42623,69,86,-17,17
42624,94,103,-9,9
42625,87,92,-5,5
42626,73,94,-21,21
42627,70,90,-20,20
42628,93,98,-5,5
42629,110,118,-8,8
42630,87,88,-1,1
42631,109,119,-10,10
42632,71,88,-17,17
42633,103,115,-12,12
42634,152,148,4,4
42635,70,87,-17,17
42636,125,120,5,5
42637,91,106,-15,15
42638,172,164,8,8
42639,60,83,-23,23
42640,99,141,-42,42
42641,61,73,-12,12
42642,91,102,-11,11
42643,94,98,-4,4
42644,135,136,-1,1
42645,43,74,-31,31
42646,83,98,-15,15
42647,93,103,-10,10
42648,116,124,-8,8
42649,131,121,10,10
42650,140,150,-10,10
42651,101,119,-18,18
42652,160,151,9,9
42653,157,148,9,9
42654,147,170,-23,23
42655,151,152,-1,1
42656,162,156,6,6
42657,52,113,-61,61
42658,77,85,-8,8
42659,86,99,-13,13
42660,86,101,-15,15
42661,91,97,-6,6
42662,118,122,-4,4
42663,103,103,0,0
42664,103,113,-10,10
42665,74,89,-15,15
42666,119,123,-4,4
42667,89,97,-8,8
42668,107,113,-6,6
42669,109,149,-40,40
42670,85,102,-17,17
42671,70,81,-11,11
42672,86,96,-10,10
42673,105,112,-7,7
42674,98,114,-16,16
42675,75,90,-15,15
42676,50,71,-21,21
42677,67,83,-16,16
42678,76,89,-13,13
42679,80,91,-11,11
42680,124,135,-11,11
42681,60,82,-22,22
42682,73,83,-10,10
42683,52,67,-15,15
42684,102,113,-11,11
42685,29,46,-17,17
42686,66,87,-21,21
42687,80,88,-8,8
42688,76,88,-12,12
42689,107,116,-9,9
42690,68,75,-7,7
42691,129,127,2,2
42692,51,63,-12,12
42693,131,144,-13,13
42694,73,89,-16,16
42695,157,150,7,7
42696,96,112,-16,16
42697,19,65,-46,46
42698,109,113,-4,4
42699,67,82,-15,15
42700,132,140,-8,8
42701,156,136,20,20
42702,85,105,-20,20
42703,90,101,-11,11
42704,85,95,-10,10
42705,44,70,-26,26
42706,150,147,3,3
42707,65,79,-14,14
42708,91,113,-22,22
42709,63,92,-29,29
42710,80,97,-17,17
42711,163,164,-1,1
42712,110,110,0,0
42713,100,116,-16,16
42714,89,93,-4,4
42715,51,69,-18,18
42716,97,115,-18,18
42717,82,96,-14,14
42718,85,94,-9,9
42719,73,92,-19,19
42720,80,88,-8,8
42721,50,73,-23,23
42722,81,91,-10,10
42723,68,84,-16,16
42724,76,90,-14,14
42725,75,84,-9,9
42726,82,103,-21,21
42727,78,97,-19,19
42728,53,83,-30,30
42729,55,72,-17,17
42730,41,58,-17,17
42731,95,113,-18,18
42732,55,71,-16,16
42733,99,135,-36,36
42734,64,86,-22,22
42735,93,118,-25,25
42736,61,72,-11,11
42737,95,106,-11,11
42738,116,128,-12,12
42739,83,87,-4,4
42740,82,89,-7,7
42741,137,128,9,9
42742,69,92,-23,23
42743,69,77,-8,8
42744,60,69,-9,9
42745,81,100,-19,19
42746,128,137,-9,9
42747,78,84,-6,6
42748,79,98,-19,19
42749,74,91,-17,17
42750,69,83,-14,14
42751,140,144,-4,4
42752,108,126,-18,18
42753,61,72,-11,11
42754,142,147,-5,5
42755,42,58,-16,16
42756,68,76,-8,8
42757,74,88,-14,14
42758,94,107,-13,13
42759,164,154,10,10
42760,77,88,-11,11
42761,94,94,0,0
42762,192,190,2,2
42763,121,132,-11,11
42764,61,74,-13,13
42765,120,133,-13,13
42766,103,114,-11,11
42767,89,99,-10,10
42768,100,105,-5,5
42769,97,100,-3,3
42770,64,82,-18,18
42771,165,161,4,4
42772,74,89,-15,15
42773,65,81,-16,16
42774,39,65,-26,26
42775,183,166,17,17
42776,82,98,-16,16
42777,111,117,-6,6
42778,150,143,7,7
42779,89,93,-4,4
42780,116,121,-5,5
42781,106,115,-9,9
42782,129,140,-11,11
42783,59,76,-17,17
42784,161,145,16,16
42785,108,133,-25,25
42786,63,88,-25,25
42787,114,119,-5,5
42788,80,95,-15,15
42789,81,95,-14,14
42790,72,81,-9,9
42791,99,103,-4,4
42792,98,94,4,4
42793,111,109,2,2
42794,120,124,-4,4
42795,119,125,-6,6
42796,69,84,-15,15
42797,137,137,0,0
42798,130,139,-9,9
42799,106,104,2,2
42800,58,76,-18,18
42801,144,147,-3,3
42802,117,128,-11,11
42803,146,156,-10,10
42804,137,142,-5,5
42805,116,132,-16,16
42806,86,93,-7,7
42807,89,99,-10,10
42808,107,120,-13,13
42809,108,118,-10,10
42810,109,109,0,0
42811,53,73,-20,20
42812,79,84,-5,5
42813,59,78,-19,19
42814,84,94,-10,10
42815,156,147,9,9
42816,121,126,-5,5
42817,66,80,-14,14
42818,74,84,-10,10
42819,47,123,-76,76
42820,106,108,-2,2
42821,98,104,-6,6
42822,68,81,-13,13
42823,58,80,-22,22
42824,86,101,-15,15
42825,87,105,-18,18
42826,85,108,-23,23
42827,143,147,-4,4
42828,168,150,18,18
42829,63,85,-22,22
42830,72,127,-55,55
42831,170,179,-9,9
42832,139,148,-9,9
42833,104,125,-21,21
42834,66,69,-3,3
42835,78,93,-15,15
42836,66,75,-9,9
42837,78,85,-7,7
42838,178,156,22,22
42839,176,164,12,12
42840,77,86,-9,9
42841,51,67,-16,16
42842,112,110,2,2
42843,110,138,-28,28
42844,140,148,-8,8
42845,120,119,1,1
42846,88,101,-13,13
42847,85,102,-17,17
42848,166,153,13,13
42849,71,89,-18,18
42850,112,134,-22,22
42851,73,84,-11,11
42852,80,93,-13,13
42853,113,141,-28,28
42854,62,80,-18,18
42855,94,86,8,8
42856,145,152,-7,7
42857,131,145,-14,14
42858,103,113,-10,10
42859,98,114,-16,16
42860,84,93,-9,9
42861,133,131,2,2
42862,144,142,2,2
42863,141,140,1,1
42864,119,114,5,5
42865,87,97,-10,10
42866,79,91,-12,12
42867,63,83,-20,20
42868,89,110,-21,21
42869,38,59,-21,21
42870,99,117,-18,18
42871,114,116,-2,2
42872,129,126,3,3
42873,155,153,2,2
42874,87,88,-1,1
42875,70,83,-13,13
42876,112,113,-1,1
42877,137,141,-4,4
42878,92,99,-7,7
42879,145,146,-1,1
42880,154,145,9,9
42881,130,134,-4,4
42882,45,65,-20,20
42883,63,75,-12,12
42884,58,68,-10,10
42885,96,108,-12,12
42886,102,110,-8,8
42887,118,135,-17,17
42888,119,128,-9,9
42889,75,89,-14,14
42890,115,126,-11,11
42891,94,107,-13,13
42892,108,116,-8,8
42893,101,107,-6,6
42894,136,143,-7,7
42895,110,122,-12,12
42896,127,139,-12,12
42897,94,98,-4,4
42898,124,120,4,4
42899,68,86,-18,18
42900,128,129,-1,1
42901,138,144,-6,6
42902,83,97,-14,14
42903,125,118,7,7
42904,63,81,-18,18
42905,133,122,11,11
42906,77,89,-12,12
42907,94,105,-11,11
42908,116,115,1,1
42909,93,105,-12,12
42910,84,102,-18,18
42911,125,129,-4,4
42912,123,137,-14,14
42913,92,97,-5,5
42914,155,150,5,5
42915,86,178,-92,92
42916,75,91,-16,16
42917,74,93,-19,19
42918,78,90,-12,12
42919,96,100,-4,4
42920,113,129,-16,16
42921,139,160,-21,21
42922,95,99,-4,4
42923,83,94,-11,11
42924,128,137,-9,9
42925,102,116,-14,14
42926,124,147,-23,23
42927,71,86,-15,15
42928,63,79,-16,16
42929,71,83,-12,12
42930,131,144,-13,13
42931,115,141,-26,26
42932,91,99,-8,8
42933,92,107,-15,15
42934,59,67,-8,8
42935,138,147,-9,9
42936,71,82,-11,11
42937,53,70,-17,17
42938,103,111,-8,8
42939,85,89,-4,4
42940,92,104,-12,12
42941,109,131,-22,22
42942,74,95,-21,21
42943,100,108,-8,8
42944,111,120,-9,9
42945,112,119,-7,7
42946,112,115,-3,3
42947,31,55,-24,24
42948,57,83,-26,26
42949,194,182,12,12
42950,75,90,-15,15
42951,119,126,-7,7
42952,106,115,-9,9
42953,89,90,-1,1
42954,75,86,-11,11
42955,77,92,-15,15
42956,68,84,-16,16
42957,48,64,-16,16
42958,53,67,-14,14
42959,91,101,-10,10
42960,90,114,-24,24
42961,57,79,-22,22
42962,81,92,-11,11
42963,113,120,-7,7
42964,89,96,-7,7
42965,74,83,-9,9
42966,89,100,-11,11
42967,73,94,-21,21
42968,54,67,-13,13
42969,77,91,-14,14
42970,108,109,-1,1
42971,59,78,-19,19
42972,218,201,17,17
42973,118,138,-20,20
42974,86,102,-16,16
42975,153,149,4,4
42976,123,132,-9,9
42977,117,125,-8,8
42978,51,59,-8,8
42979,77,88,-11,11
42980,59,72,-13,13
42981,69,88,-19,19
42982,67,85,-18,18
42983,83,89,-6,6
42984,137,136,1,1
42985,96,99,-3,3
42986,68,80,-12,12
42987,91,110,-19,19
42988,81,97,-16,16
42989,79,82,-3,3
42990,50,61,-11,11
42991,78,89,-11,11
42992,32,53,-21,21
42993,64,77,-13,13
42994,80,104,-24,24
42995,99,123,-24,24
42996,131,147,-16,16
42997,48,63,-15,15
42998,77,84,-7,7
42999,128,136,-8,8
43000,120,130,-10,10
43001,55,72,-17,17
43002,79,85,-6,6
43003,85,93,-8,8
43004,148,147,1,1
43005,136,139,-3,3
43006,111,131,-20,20
43007,105,146,-41,41
43008,93,103,-10,10
43009,79,91,-12,12
43010,87,99,-12,12
43011,69,86,-17,17
43012,109,116,-7,7
43013,156,149,7,7
43014,106,118,-12,12
43015,105,119,-14,14
43016,42,58,-16,16
43017,84,89,-5,5
43018,15,48,-33,33
43019,89,106,-17,17
43020,179,167,12,12
43021,65,79,-14,14
43022,108,126,-18,18
43023,40,61,-21,21
43024,89,96,-7,7
43025,138,138,0,0
43026,134,140,-6,6
43027,102,108,-6,6
43028,103,114,-11,11
43029,143,137,6,6
43030,65,85,-20,20
43031,74,85,-11,11
43032,116,117,-1,1
43033,79,93,-14,14
43034,74,90,-16,16
43035,91,83,8,8
43036,99,103,-4,4
43037,64,73,-9,9
43038,120,123,-3,3
43039,103,108,-5,5
43040,90,97,-7,7
43041,51,63,-12,12
43042,96,101,-5,5
43043,77,87,-10,10
43044,142,148,-6,6
43045,77,83,-6,6
43046,90,101,-11,11
43047,141,145,-4,4
43048,85,102,-17,17
43049,98,101,-3,3
43050,146,147,-1,1
43051,120,120,0,0
43052,107,122,-15,15
43053,97,111,-14,14
43054,125,138,-13,13
43055,81,98,-17,17
43056,99,114,-15,15
43057,90,105,-15,15
43058,53,63,-10,10
43059,88,90,-2,2
43060,70,80,-10,10
43061,57,87,-30,30
43062,77,87,-10,10
43063,51,77,-26,26
43064,110,123,-13,13
43065,72,87,-15,15
43066,101,111,-10,10
43067,177,157,20,20
43068,153,147,6,6
43069,157,154,3,3
43070,67,86,-19,19
43071,63,77,-14,14
43072,208,181,27,27
43073,84,93,-9,9
43074,69,83,-14,14
43075,110,105,5,5
43076,85,87,-2,2
43077,37,53,-16,16
43078,142,129,13,13
43079,82,102,-20,20
43080,81,102,-21,21
43081,94,106,-12,12
43082,143,148,-5,5
43083,118,122,-4,4
43084,86,107,-21,21
43085,76,93,-17,17
43086,73,79,-6,6
43087,131,128,3,3
43088,53,69,-16,16
43089,66,81,-15,15
43090,101,116,-15,15
43091,115,125,-10,10
43092,136,140,-4,4
43093,61,101,-40,40
43094,86,99,-13,13
43095,71,93,-22,22
43096,81,92,-11,11
43097,69,92,-23,23
43098,36,58,-22,22
43099,157,153,4,4
43100,57,78,-21,21
43101,73,83,-10,10
43102,185,163,22,22
43103,62,69,-7,7
43104,123,133,-10,10
43105,65,80,-15,15
43106,73,84,-11,11
43107,98,111,-13,13
43108,101,107,-6,6
43109,104,115,-11,11
43110,83,95,-12,12
43111,58,75,-17,17
43112,85,95,-10,10
43113,55,71,-16,16
43114,80,87,-7,7
43115,66,78,-12,12
43116,83,94,-11,11
43117,107,122,-15,15
43118,104,108,-4,4
43119,44,62,-18,18
43120,63,84,-21,21
43121,85,92,-7,7
43122,133,136,-3,3
43123,59,72,-13,13
43124,130,121,9,9
43125,74,87,-13,13
43126,62,74,-12,12
43127,109,110,-1,1
43128,71,90,-19,19
43129,55,111,-56,56
43130,142,148,-6,6
43131,117,130,-13,13
43132,110,115,-5,5
43133,35,67,-32,32
43134,85,104,-19,19
43135,63,76,-13,13
43136,79,101,-22,22
43137,101,108,-7,7
43138,73,92,-19,19
43139,150,154,-4,4
43140,164,148,16,16
43141,121,128,-7,7
43142,56,75,-19,19
43143,82,98,-16,16
43144,115,139,-24,24
43145,103,107,-4,4
43146,80,90,-10,10
43147,90,106,-16,16
43148,103,109,-6,6
43149,122,136,-14,14
43150,113,124,-11,11
43151,62,85,-23,23
43152,120,129,-9,9
43153,94,107,-13,13
43154,93,103,-10,10
43155,52,68,-16,16
43156,89,94,-5,5
43157,72,75,-3,3
43158,65,73,-8,8
43159,92,98,-6,6
43160,59,73,-14,14
43161,86,127,-41,41
43162,119,123,-4,4
43163,64,79,-15,15
43164,142,127,15,15
43165,80,93,-13,13
43166,68,83,-15,15
43167,85,102,-17,17
43168,69,77,-8,8
43169,157,154,3,3
43170,120,117,3,3
43171,135,140,-5,5
43172,72,82,-10,10
43173,99,101,-2,2
43174,88,104,-16,16
43175,101,110,-9,9
43176,72,87,-15,15
43177,166,168,-2,2
43178,49,66,-17,17
43179,89,97,-8,8
43180,113,114,-1,1
43181,113,119,-6,6
43182,85,105,-20,20
43183,67,86,-19,19
43184,89,101,-12,12
43185,63,83,-20,20
43186,52,117,-65,65
43187,127,129,-2,2
43188,106,113,-7,7
43189,120,117,3,3
43190,97,121,-24,24
43191,57,77,-20,20
43192,68,84,-16,16
43193,105,118,-13,13
43194,106,122,-16,16
43195,133,140,-7,7
43196,63,85,-22,22
43197,58,77,-19,19
43198,106,120,-14,14
43199,103,106,-3,3
43200,71,86,-15,15
43201,103,114,-11,11
43202,42,56,-14,14
43203,91,99,-8,8
43204,103,119,-16,16
43205,90,101,-11,11
43206,103,117,-14,14
43207,111,113,-2,2
43208,132,128,4,4
43209,115,120,-5,5
43210,121,135,-14,14
43211,122,121,1,1
43212,132,134,-2,2
43213,32,60,-28,28
43214,110,113,-3,3
43215,87,102,-15,15
43216,135,140,-5,5
43217,102,110,-8,8
43218,82,96,-14,14
43219,131,132,-1,1
43220,102,114,-12,12
43221,52,65,-13,13
43222,100,121,-21,21
43223,100,107,-7,7
43224,90,106,-16,16
43225,85,100,-15,15
43226,61,75,-14,14
43227,154,163,-9,9
43228,137,135,2,2
43229,107,109,-2,2
43230,98,104,-6,6
43231,92,100,-8,8
43232,191,163,28,28
43233,113,130,-17,17
43234,104,114,-10,10
43235,62,70,-8,8
43236,80,92,-12,12
43237,50,65,-15,15
43238,100,100,0,0
43239,126,135,-9,9
43240,113,115,-2,2
43241,69,87,-18,18
43242,62,73,-11,11
43243,52,86,-34,34
43244,118,126,-8,8
43245,59,78,-19,19
43246,40,61,-21,21
43247,93,106,-13,13
43248,105,121,-16,16
43249,127,125,2,2
43250,84,104,-20,20
43251,93,112,-19,19
43252,121,137,-16,16
43253,94,110,-16,16
43254,64,83,-19,19
43255,109,114,-5,5
43256,123,144,-21,21
43257,130,132,-2,2
43258,138,143,-5,5
43259,67,85,-18,18
43260,99,113,-14,14
43261,84,95,-11,11
43262,112,133,-21,21
43263,103,116,-13,13
43264,60,72,-12,12
43265,90,117,-27,27
43266,131,146,-15,15
43267,47,65,-18,18
43268,90,98,-8,8
43269,81,94,-13,13
43270,84,93,-9,9
43271,81,94,-13,13
43272,105,118,-13,13
43273,67,83,-16,16
43274,86,101,-15,15
43275,140,148,-8,8
43276,78,87,-9,9
43277,96,101,-5,5
43278,102,115,-13,13
43279,43,61,-18,18
43280,71,94,-23,23
43281,91,105,-14,14
43282,84,93,-9,9
43283,125,128,-3,3
43284,50,81,-31,31
43285,90,108,-18,18
43286,68,77,-9,9
43287,129,133,-4,4
43288,133,146,-13,13
43289,72,107,-35,35
43290,150,148,2,2
43291,179,159,20,20
43292,96,104,-8,8
43293,72,83,-11,11
43294,178,154,24,24
43295,89,101,-12,12
43296,129,127,2,2
43297,84,92,-8,8
43298,87,98,-11,11
43299,82,87,-5,5
43300,82,103,-21,21
43301,91,97,-6,6
43302,112,124,-12,12
43303,88,104,-16,16
43304,100,118,-18,18
43305,164,155,9,9
43306,89,106,-17,17
43307,72,91,-19,19
43308,111,125,-14,14
43309,123,135,-12,12
43310,163,147,16,16
43311,65,79,-14,14
43312,130,145,-15,15
43313,145,148,-3,3
43314,92,105,-13,13
43315,50,73,-23,23
43316,73,105,-32,32
43317,57,78,-21,21
43318,89,94,-5,5
43319,82,91,-9,9
43320,67,78,-11,11
43321,91,111,-20,20
43322,112,119,-7,7
43323,73,89,-16,16
43324,64,79,-15,15
43325,119,142,-23,23
43326,61,73,-12,12
43327,26,51,-25,25
43328,67,83,-16,16
43329,178,160,18,18
43330,97,99,-2,2
43331,132,122,10,10
43332,121,133,-12,12
43333,143,130,13,13
43334,92,111,-19,19
43335,78,94,-16,16
43336,99,115,-16,16
43337,68,81,-13,13
43338,61,74,-13,13
43339,139,147,-8,8
43340,162,157,5,5
43341,86,95,-9,9
43342,106,114,-8,8
43343,48,61,-13,13
43344,125,128,-3,3
43345,123,132,-9,9
43346,117,125,-8,8
43347,229,187,42,42
43348,83,101,-18,18
43349,72,128,-56,56
43350,130,134,-4,4
43351,49,66,-17,17
43352,124,134,-10,10
43353,123,135,-12,12
43354,127,140,-13,13
43355,78,92,-14,14
43356,87,122,-35,35
43357,129,125,4,4
43358,97,102,-5,5
43359,129,148,-19,19
43360,69,85,-16,16
43361,84,95,-11,11
43362,122,122,0,0
43363,158,147,11,11
43364,77,97,-20,20
43365,86,113,-27,27
43366,100,116,-16,16
43367,93,110,-17,17
43368,117,124,-7,7
43369,139,138,1,1
43370,100,104,-4,4
43371,162,153,9,9
43372,68,83,-15,15
43373,68,83,-15,15
43374,85,89,-4,4
43375,105,111,-6,6
43376,174,155,19,19
43377,85,97,-12,12
43378,108,111,-3,3
43379,67,84,-17,17
43380,115,122,-7,7
43381,63,79,-16,16
43382,107,114,-7,7
43383,99,118,-19,19
43384,52,68,-16,16
43385,87,95,-8,8
43386,125,113,12,12
43387,64,72,-8,8
43388,101,119,-18,18
43389,118,127,-9,9
43390,129,137,-8,8
43391,100,111,-11,11
43392,71,80,-9,9
43393,70,91,-21,21
43394,70,95,-25,25
43395,101,99,2,2
43396,71,89,-18,18
43397,70,83,-13,13
43398,115,119,-4,4
43399,56,69,-13,13
43400,106,121,-15,15
43401,125,129,-4,4
43402,104,115,-11,11
43403,84,95,-11,11
43404,64,84,-20,20
43405,82,101,-19,19
43406,99,117,-18,18
43407,167,158,9,9
43408,107,118,-11,11
43409,91,103,-12,12
43410,83,99,-16,16
43411,89,94,-5,5
43412,92,102,-10,10
43413,114,117,-3,3
43414,126,118,8,8
43415,133,142,-9,9
43416,51,72,-21,21
43417,87,95,-8,8
43418,67,79,-12,12
43419,67,77,-10,10
43420,142,139,3,3
43421,139,143,-4,4
43422,125,122,3,3
43423,81,89,-8,8
43424,210,182,28,28
43425,113,122,-9,9
43426,57,88,-31,31
43427,94,108,-14,14
43428,121,111,10,10
43429,107,116,-9,9
43430,38,63,-25,25
43431,81,97,-16,16
43432,126,122,4,4
43433,248,233,15,15
43434,92,99,-7,7
43435,153,151,2,2
43436,127,136,-9,9
43437,45,66,-21,21
43438,81,123,-42,42
43439,164,159,5,5
43440,140,152,-12,12
43441,114,123,-9,9
43442,115,125,-10,10
43443,87,97,-10,10
43444,57,76,-19,19
43445,51,62,-11,11
43446,95,117,-22,22
43447,33,57,-24,24
43448,128,130,-2,2
43449,101,105,-4,4
43450,75,91,-16,16
43451,138,147,-9,9
43452,136,132,4,4
43453,63,102,-39,39
43454,80,83,-3,3
43455,90,114,-24,24
43456,47,61,-14,14
43457,96,106,-10,10
43458,62,76,-14,14
43459,98,105,-7,7
43460,140,146,-6,6
43461,84,93,-9,9
43462,143,149,-6,6
43463,84,99,-15,15
43464,151,150,1,1
43465,87,91,-4,4
43466,107,124,-17,17
43467,118,121,-3,3
43468,60,78,-18,18
43469,82,100,-18,18
43470,167,158,9,9
43471,110,108,2,2
43472,98,107,-9,9
43473,83,96,-13,13
43474,76,87,-11,11
43475,93,112,-19,19
43476,102,113,-11,11
43477,76,79,-3,3
43478,76,91,-15,15
43479,115,121,-6,6
43480,77,95,-18,18
43481,98,107,-9,9
43482,149,148,1,1
43483,78,88,-10,10
43484,119,136,-17,17
43485,121,126,-5,5
43486,46,90,-44,44
43487,67,87,-20,20
43488,129,124,5,5
43489,114,128,-14,14
43490,73,89,-16,16
43491,118,128,-10,10
43492,90,105,-15,15
43493,165,160,5,5
43494,147,149,-2,2
43495,52,63,-11,11
43496,111,130,-19,19
43497,160,148,12,12
43498,88,106,-18,18
43499,105,117,-12,12
43500,105,105,0,0
43501,90,108,-18,18
43502,120,133,-13,13
43503,89,89,0,0
43504,79,93,-14,14
43505,82,105,-23,23
43506,122,135,-13,13
43507,96,107,-11,11
43508,48,64,-16,16
43509,70,78,-8,8
43510,65,86,-21,21
43511,78,91,-13,13
43512,133,144,-11,11
43513,48,65,-17,17
43514,90,99,-9,9
43515,54,74,-20,20
43516,104,104,0,0
43517,91,96,-5,5
43518,112,118,-6,6
43519,63,82,-19,19
43520,113,120,-7,7
43521,99,103,-4,4
43522,100,110,-10,10
43523,69,85,-16,16
43524,122,133,-11,11
43525,84,94,-10,10
43526,119,113,6,6
43527,103,108,-5,5
43528,91,113,-22,22
43529,55,72,-17,17
43530,64,78,-14,14
43531,87,91,-4,4
43532,220,199,21,21
43533,85,99,-14,14
43534,63,81,-18,18
43535,64,78,-14,14
43536,109,133,-24,24
43537,80,91,-11,11
43538,91,99,-8,8
43539,146,149,-3,3
43540,125,134,-9,9
43541,130,145,-15,15
43542,127,147,-20,20
43543,113,114,-1,1
43544,125,137,-12,12
43545,84,100,-16,16
43546,111,118,-7,7
43547,138,136,2,2
43548,47,64,-17,17
43549,75,96,-21,21
43550,98,119,-21,21
43551,163,156,7,7
43552,140,137,3,3
43553,50,59,-9,9
43554,77,91,-14,14
43555,64,74,-10,10
43556,76,87,-11,11
43557,108,117,-9,9
43558,53,65,-12,12
43559,65,88,-23,23
43560,197,181,16,16
43561,182,168,14,14
43562,71,81,-10,10
43563,134,127,7,7
43564,126,128,-2,2
43565,54,73,-19,19
43566,132,145,-13,13
43567,86,94,-8,8
43568,106,118,-12,12
43569,53,78,-25,25
43570,87,104,-17,17
43571,80,95,-15,15
43572,150,152,-2,2
43573,49,62,-13,13
43574,137,131,6,6
43575,51,66,-15,15
43576,90,95,-5,5
43577,125,130,-5,5
43578,110,123,-13,13
43579,112,128,-16,16
43580,51,68,-17,17
43581,105,106,-1,1
43582,110,125,-15,15
43583,93,106,-13,13
43584,169,159,10,10
43585,97,95,2,2
43586,97,92,5,5
43587,89,107,-18,18
43588,75,87,-12,12
43589,119,127,-8,8
43590,93,105,-12,12
43591,53,67,-14,14
43592,121,117,4,4
43593,61,89,-28,28
43594,98,115,-17,17
43595,92,103,-11,11
43596,63,75,-12,12
43597,101,97,4,4
43598,180,165,15,15
43599,70,84,-14,14
43600,66,79,-13,13
43601,121,185,-64,64
43602,100,109,-9,9
43603,151,149,2,2
43604,44,80,-36,36
43605,93,107,-14,14
43606,79,84,-5,5
43607,133,131,2,2
43608,51,71,-20,20
43609,111,122,-11,11
43610,83,100,-17,17
43611,93,111,-18,18
43612,78,85,-7,7
43613,75,87,-12,12
43614,133,140,-7,7
43615,128,125,3,3
43616,98,118,-20,20
43617,137,133,4,4
43618,79,96,-17,17
43619,90,97,-7,7
43620,62,80,-18,18
43621,170,165,5,5
43622,123,126,-3,3
43623,57,79,-22,22
43624,87,108,-21,21
43625,35,65,-30,30
43626,76,96,-20,20
43627,95,97,-2,2
43628,63,81,-18,18
43629,74,89,-15,15
43630,125,140,-15,15
43631,115,125,-10,10
43632,63,81,-18,18
43633,141,144,-3,3
43634,78,89,-11,11
43635,71,85,-14,14
43636,90,96,-6,6
43637,235,216,19,19
43638,118,119,-1,1
43639,65,84,-19,19
43640,98,105,-7,7
43641,97,118,-21,21
43642,48,74,-26,26
43643,110,124,-14,14
43644,96,105,-9,9
43645,119,121,-2,2
43646,141,146,-5,5
43647,80,94,-14,14
43648,88,124,-36,36
43649,93,107,-14,14
43650,141,146,-5,5
43651,59,98,-39,39
43652,98,107,-9,9
43653,66,91,-25,25
43654,91,104,-13,13
43655,90,102,-12,12
43656,111,123,-12,12
43657,96,108,-12,12
43658,103,110,-7,7
43659,59,73,-14,14
43660,68,85,-17,17
43661,73,86,-13,13
43662,60,78,-18,18
43663,75,100,-25,25
43664,65,81,-16,16
43665,91,103,-12,12
43666,53,76,-23,23
43667,97,112,-15,15
43668,66,77,-11,11
43669,94,108,-14,14
43670,97,103,-6,6
43671,81,90,-9,9
43672,134,137,-3,3
43673,96,113,-17,17
43674,115,129,-14,14
43675,51,88,-37,37
43676,75,89,-14,14
43677,157,149,8,8
43678,86,99,-13,13
43679,147,152,-5,5
43680,85,97,-12,12
43681,88,104,-16,16
43682,46,63,-17,17
43683,119,130,-11,11
43684,109,114,-5,5
43685,142,148,-6,6
43686,95,108,-13,13
43687,93,111,-18,18
43688,79,90,-11,11
43689,142,146,-4,4
43690,83,98,-15,15
43691,93,102,-9,9
43692,149,128,21,21
43693,114,115,-1,1
43694,99,99,0,0
43695,125,136,-11,11
43696,116,114,2,2
43697,131,143,-12,12
43698,103,106,-3,3
43699,79,90,-11,11
43700,171,163,8,8
43701,69,89,-20,20
43702,78,98,-20,20
43703,67,93,-26,26
43704,82,93,-11,11
43705,110,123,-13,13
43706,171,157,14,14
43707,46,61,-15,15
43708,60,72,-12,12
43709,179,160,19,19
43710,68,86,-18,18
43711,66,75,-9,9
43712,67,79,-12,12
43713,87,116,-29,29
43714,61,74,-13,13
43715,61,77,-16,16
43716,122,138,-16,16
43717,96,106,-10,10
43718,106,107,-1,1
43719,54,69,-15,15
43720,76,90,-14,14
43721,111,124,-13,13
43722,44,61,-17,17
43723,163,158,5,5
43724,71,79,-8,8
43725,74,89,-15,15
43726,97,111,-14,14
43727,134,137,-3,3
43728,82,86,-4,4
43729,79,113,-34,34
43730,138,134,4,4
43731,82,105,-23,23
43732,152,151,1,1
43733,111,144,-33,33
43734,123,127,-4,4
43735,77,82,-5,5
43736,146,145,1,1
43737,82,90,-8,8
43738,69,86,-17,17
43739,91,111,-20,20
43740,166,152,14,14
43741,53,70,-17,17
43742,71,82,-11,11
43743,84,93,-9,9
43744,68,85,-17,17
43745,94,115,-21,21
43746,101,138,-37,37
43747,106,114,-8,8
43748,93,99,-6,6
43749,69,85,-16,16
43750,136,131,5,5
43751,90,104,-14,14
43752,87,92,-5,5
43753,64,74,-10,10
43754,62,108,-46,46
43755,77,97,-20,20
43756,47,79,-32,32
43757,122,132,-10,10
43758,67,86,-19,19
43759,87,111,-24,24
43760,84,89,-5,5
43761,68,90,-22,22
43762,60,78,-18,18
43763,75,85,-10,10
43764,90,98,-8,8
43765,69,97,-28,28
43766,77,91,-14,14
43767,82,91,-9,9
43768,127,132,-5,5
43769,58,76,-18,18
43770,151,147,4,4
43771,125,145,-20,20
43772,114,122,-8,8
43773,106,123,-17,17
43774,85,100,-15,15
43775,92,102,-10,10
43776,70,80,-10,10
43777,124,130,-6,6
43778,97,112,-15,15
43779,71,90,-19,19
43780,146,149,-3,3
43781,93,105,-12,12
43782,91,102,-11,11
43783,63,78,-15,15
43784,60,72,-12,12
43785,84,116,-32,32
43786,192,189,3,3
43787,93,97,-4,4
43788,133,133,0,0
43789,95,107,-12,12
43790,65,76,-11,11
43791,81,106,-25,25
43792,107,121,-14,14
43793,131,130,1,1
43794,130,143,-13,13
43795,68,75,-7,7
43796,77,90,-13,13
43797,112,129,-17,17
43798,67,90,-23,23
43799,91,104,-13,13
43800,90,99,-9,9
43801,125,136,-11,11
43802,69,81,-12,12
43803,106,117,-11,11
43804,110,111,-1,1
43805,65,79,-14,14
43806,87,97,-10,10
43807,60,67,-7,7
43808,91,97,-6,6
43809,153,147,6,6
43810,95,107,-12,12
43811,150,147,3,3
43812,61,82,-21,21
43813,169,173,-4,4
43814,76,89,-13,13
43815,93,106,-13,13
43816,75,86,-11,11
43817,76,98,-22,22
43818,85,115,-30,30
43819,63,85,-22,22
43820,86,100,-14,14
43821,111,115,-4,4
43822,81,92,-11,11
43823,225,169,56,56
43824,49,72,-23,23
43825,90,103,-13,13
43826,67,80,-13,13
43827,109,125,-16,16
43828,103,106,-3,3
43829,73,84,-11,11
43830,137,147,-10,10
43831,93,106,-13,13
43832,68,82,-14,14
43833,82,114,-32,32
43834,66,86,-20,20
43835,110,111,-1,1
43836,170,170,0,0
43837,104,111,-7,7
43838,73,91,-18,18
43839,137,137,0,0
43840,55,67,-12,12
43841,52,76,-24,24
43842,95,102,-7,7
43843,48,63,-15,15
43844,67,90,-23,23
43845,64,78,-14,14
43846,71,81,-10,10
43847,77,92,-15,15
43848,66,75,-9,9
43849,78,91,-13,13
43850,71,88,-17,17
43851,117,129,-12,12
43852,83,88,-5,5
43853,43,67,-24,24
43854,100,107,-7,7
43855,50,71,-21,21
43856,140,147,-7,7
43857,86,120,-34,34
43858,63,76,-13,13
43859,91,104,-13,13
43860,113,122,-9,9
43861,63,79,-16,16
43862,61,75,-14,14
43863,78,99,-21,21
43864,34,63,-29,29
43865,90,116,-26,26
43866,47,60,-13,13
43867,64,87,-23,23
43868,58,82,-24,24
43869,116,130,-14,14
43870,117,124,-7,7
43871,84,103,-19,19
43872,105,118,-13,13
43873,86,99,-13,13
43874,68,81,-13,13
43875,131,146,-15,15
43876,77,94,-17,17
43877,76,85,-9,9
43878,117,117,0,0
43879,97,105,-8,8
43880,123,129,-6,6
43881,98,113,-15,15
43882,71,83,-12,12
43883,127,134,-7,7
43884,56,67,-11,11
43885,122,121,1,1
43886,49,71,-22,22
43887,60,79,-19,19
43888,115,120,-5,5
43889,78,98,-20,20
43890,46,66,-20,20
43891,119,127,-8,8
43892,129,149,-20,20
43893,66,77,-11,11
43894,142,147,-5,5
43895,79,88,-9,9
43896,71,94,-23,23
43897,144,146,-2,2
43898,106,122,-16,16
43899,77,91,-14,14
43900,74,93,-19,19
43901,69,80,-11,11
43902,88,94,-6,6
43903,59,74,-15,15
43904,123,125,-2,2
43905,54,72,-18,18
43906,43,63,-20,20
43907,155,149,6,6
43908,68,83,-15,15
43909,131,141,-10,10
43910,146,148,-2,2
43911,102,95,7,7
43912,80,95,-15,15
43913,57,78,-21,21
43914,81,95,-14,14
43915,104,127,-23,23
43916,39,56,-17,17
43917,78,100,-22,22
43918,112,128,-16,16
43919,44,99,-55,55
43920,79,89,-10,10
43921,132,138,-6,6
43922,117,139,-22,22
43923,80,95,-15,15
43924,88,94,-6,6
43925,61,77,-16,16
43926,57,64,-7,7
43927,123,132,-9,9
43928,60,75,-15,15
43929,113,120,-7,7
43930,64,83,-19,19
43931,101,106,-5,5
43932,143,148,-5,5
43933,71,89,-18,18
43934,80,86,-6,6
43935,70,81,-11,11
43936,45,65,-20,20
43937,44,65,-21,21
43938,92,100,-8,8
43939,67,84,-17,17
43940,63,70,-7,7
43941,139,141,-2,2
43942,127,128,-1,1
43943,69,79,-10,10
43944,136,137,-1,1
43945,109,127,-18,18
43946,120,128,-8,8
43947,63,76,-13,13
43948,50,70,-20,20
43949,97,105,-8,8
43950,103,110,-7,7
43951,89,99,-10,10
43952,85,86,-1,1
43953,173,163,10,10
43954,128,136,-8,8
43955,171,168,3,3
43956,49,66,-17,17
43957,99,99,0,0
43958,129,144,-15,15
43959,85,102,-17,17
43960,102,112,-10,10
43961,124,134,-10,10
43962,122,122,0,0
43963,137,137,0,0
43964,89,113,-24,24
43965,51,63,-12,12
43966,81,114,-33,33
43967,88,93,-5,5
43968,76,94,-18,18
43969,111,132,-21,21
43970,86,98,-12,12
43971,131,134,-3,3
43972,23,50,-27,27
43973,109,117,-8,8
43974,84,93,-9,9
43975,101,110,-9,9
43976,139,146,-7,7
43977,58,88,-30,30
43978,71,86,-15,15
43979,95,96,-1,1
43980,70,81,-11,11
43981,65,82,-17,17
43982,95,101,-6,6
43983,109,114,-5,5
43984,57,73,-16,16
43985,103,110,-7,7
43986,184,160,24,24
43987,80,93,-13,13
43988,103,113,-10,10
43989,94,134,-40,40
43990,62,75,-13,13
43991,110,105,5,5
43992,109,121,-12,12
43993,47,65,-18,18
43994,107,124,-17,17
43995,184,160,24,24
43996,122,148,-26,26
43997,155,154,1,1
43998,66,85,-19,19
43999,63,74,-11,11
44000,104,131,-27,27
44001,100,103,-3,3
44002,82,114,-32,32
44003,162,157,5,5
44004,122,135,-13,13
44005,78,143,-65,65
44006,71,78,-7,7
44007,131,119,12,12
44008,113,113,0,0
44009,84,101,-17,17
44010,65,77,-12,12
44011,81,99,-18,18
44012,93,96,-3,3
44013,67,83,-16,16
44014,148,140,8,8
44015,72,91,-19,19
44016,106,113,-7,7
44017,79,102,-23,23
44018,113,123,-10,10
44019,66,77,-11,11
44020,68,79,-11,11
44021,63,78,-15,15
44022,81,110,-29,29
44023,117,123,-6,6
44024,70,118,-48,48
44025,78,87,-9,9
44026,165,170,-5,5
44027,40,57,-17,17
44028,85,103,-18,18
44029,73,129,-56,56
44030,104,114,-10,10
44031,129,128,1,1
44032,116,121,-5,5
44033,115,122,-7,7
44034,82,92,-10,10
44035,84,103,-19,19
44036,82,99,-17,17
44037,29,82,-53,53
44038,64,88,-24,24
44039,66,72,-6,6
44040,114,121,-7,7
44041,146,140,6,6
44042,65,77,-12,12
44043,42,57,-15,15
44044,157,158,-1,1
44045,89,99,-10,10
44046,116,142,-26,26
44047,54,68,-14,14
44048,77,89,-12,12
44049,79,95,-16,16
44050,137,142,-5,5
44051,67,80,-13,13
44052,105,120,-15,15
44053,149,134,15,15
44054,57,75,-18,18
44055,104,121,-17,17
44056,89,110,-21,21
44057,82,100,-18,18
44058,106,134,-28,28
44059,191,178,13,13
44060,87,97,-10,10
44061,58,74,-16,16
44062,114,121,-7,7
44063,114,128,-14,14
44064,118,121,-3,3
44065,159,152,7,7
44066,58,68,-10,10
44067,95,107,-12,12
44068,74,87,-13,13
44069,135,131,4,4
44070,134,144,-10,10
44071,87,95,-8,8
44072,130,127,3,3
44073,119,127,-8,8
44074,142,141,1,1
44075,152,152,0,0
44076,105,111,-6,6
44077,63,76,-13,13
44078,92,102,-10,10
44079,75,82,-7,7
44080,96,103,-7,7
44081,75,78,-3,3
44082,56,68,-12,12
44083,72,84,-12,12
44084,89,112,-23,23
44085,58,78,-20,20
44086,76,87,-11,11
44087,90,123,-33,33
44088,73,94,-21,21
44089,78,93,-15,15
44090,110,131,-21,21
44091,174,152,22,22
44092,104,100,4,4
44093,94,112,-18,18
44094,165,150,15,15
44095,107,109,-2,2
44096,78,90,-12,12
44097,90,99,-9,9
44098,124,129,-5,5
44099,129,127,2,2
44100,66,78,-12,12
44101,73,94,-21,21
44102,139,147,-8,8
44103,72,91,-19,19
44104,140,143,-3,3
44105,93,107,-14,14
44106,135,137,-2,2
44107,56,71,-15,15
44108,76,84,-8,8
44109,102,112,-10,10
44110,102,118,-16,16
44111,130,131,-1,1
44112,152,154,-2,2
44113,76,90,-14,14
44114,178,175,3,3
44115,85,91,-6,6
44116,78,84,-6,6
44117,97,125,-28,28
44118,113,134,-21,21
44119,81,103,-22,22
44120,65,87,-22,22
44121,42,70,-28,28
44122,72,95,-23,23
44123,115,123,-8,8
44124,80,98,-18,18
44125,39,57,-18,18
44126,85,92,-7,7
44127,101,103,-2,2
44128,158,155,3,3
44129,91,104,-13,13
44130,68,82,-14,14
44131,112,128,-16,16
44132,161,156,5,5
44133,147,154,-7,7
44134,63,83,-20,20
44135,60,94,-34,34
44136,84,97,-13,13
44137,112,123,-11,11
44138,129,130,-1,1
44139,136,146,-10,10
44140,130,138,-8,8
44141,74,86,-12,12
44142,111,120,-9,9
44143,118,127,-9,9
44144,60,71,-11,11
44145,59,85,-26,26
44146,90,103,-13,13
44147,72,92,-20,20
44148,118,126,-8,8
44149,63,78,-15,15
44150,91,100,-9,9
44151,106,121,-15,15
44152,89,100,-11,11
44153,111,123,-12,12
44154,131,140,-9,9
44155,85,105,-20,20
44156,97,111,-14,14
44157,41,63,-22,22
44158,104,116,-12,12
44159,137,148,-11,11
44160,110,116,-6,6
44161,50,94,-44,44
44162,143,143,0,0
44163,110,118,-8,8
44164,79,102,-23,23
44165,79,93,-14,14
44166,71,90,-19,19
44167,116,127,-11,11
44168,89,96,-7,7
44169,85,98,-13,13
44170,62,82,-20,20
44171,105,107,-2,2
44172,110,123,-13,13
44173,68,89,-21,21
44174,125,139,-14,14
44175,120,125,-5,5
44176,118,126,-8,8
44177,63,74,-11,11
44178,42,60,-18,18
44179,49,71,-22,22
44180,96,109,-13,13
44181,107,122,-15,15
44182,108,123,-15,15
44183,94,105,-11,11
44184,89,99,-10,10
44185,117,123,-6,6
44186,120,132,-12,12
44187,71,85,-14,14
44188,71,85,-14,14
44189,58,78,-20,20
44190,90,113,-23,23
44191,118,125,-7,7
44192,43,87,-44,44
44193,78,92,-14,14
44194,159,150,9,9
44195,99,120,-21,21
44196,92,106,-14,14
44197,148,145,3,3
44198,97,100,-3,3
44199,84,102,-18,18
44200,45,61,-16,16
44201,63,80,-17,17
44202,117,119,-2,2
44203,122,128,-6,6
44204,115,122,-7,7
44205,110,116,-6,6
44206,114,119,-5,5
44207,71,82,-11,11
44208,132,147,-15,15
44209,73,86,-13,13
44210,137,139,-2,2
44211,79,86,-7,7
44212,79,89,-10,10
44213,106,113,-7,7
44214,99,104,-5,5
44215,77,112,-35,35
44216,127,140,-13,13
44217,96,104,-8,8
44218,66,78,-12,12
44219,63,77,-14,14
44220,95,108,-13,13
44221,97,103,-6,6
44222,42,57,-15,15
44223,60,64,-4,4
44224,59,81,-22,22
44225,66,79,-13,13
44226,140,121,19,19
44227,64,81,-17,17
44228,72,84,-12,12
44229,85,95,-10,10
44230,119,112,7,7
44231,99,104,-5,5
44232,133,132,1,1
44233,75,94,-19,19
44234,66,79,-13,13
44235,102,109,-7,7
44236,63,82,-19,19
44237,133,135,-2,2
44238,144,147,-3,3
44239,141,135,6,6
44240,97,113,-16,16
44241,90,109,-19,19
44242,124,135,-11,11
44243,123,135,-12,12
44244,191,165,26,26
44245,62,70,-8,8
44246,58,78,-20,20
44247,98,103,-5,5
44248,113,123,-10,10
44249,107,109,-2,2
44250,106,123,-17,17
44251,95,107,-12,12
44252,144,147,-3,3
44253,50,62,-12,12
44254,195,169,26,26
44255,122,120,2,2
44256,97,100,-3,3
44257,71,80,-9,9
44258,153,149,4,4
44259,67,85,-18,18
44260,51,69,-18,18
44261,65,87,-22,22
44262,78,90,-12,12
44263,87,95,-8,8
44264,72,90,-18,18
44265,81,94,-13,13
44266,149,148,1,1
44267,119,113,6,6
44268,102,105,-3,3
44269,93,103,-10,10
44270,116,123,-7,7
44271,125,130,-5,5
44272,138,138,0,0
44273,75,96,-21,21
44274,100,110,-10,10
44275,107,105,2,2
44276,91,126,-35,35
44277,135,141,-6,6
44278,47,68,-21,21
44279,95,96,-1,1
44280,88,111,-23,23
44281,71,83,-12,12
44282,110,136,-26,26
44283,108,118,-10,10
44284,49,75,-26,26
44285,48,64,-16,16
44286,93,102,-9,9
44287,94,110,-16,16
44288,140,146,-6,6
44289,68,76,-8,8
44290,79,103,-24,24
44291,147,149,-2,2
44292,107,106,1,1
44293,77,89,-12,12
44294,87,100,-13,13
44295,183,174,9,9
44296,123,124,-1,1
44297,143,142,1,1
44298,94,104,-10,10
44299,96,101,-5,5
44300,85,103,-18,18
44301,112,121,-9,9
44302,82,95,-13,13
44303,103,112,-9,9
44304,98,113,-15,15
44305,104,120,-16,16
44306,81,89,-8,8
44307,57,72,-15,15
44308,113,140,-27,27
44309,80,92,-12,12
44310,117,125,-8,8
44311,68,77,-9,9
44312,76,88,-12,12
44313,69,95,-26,26
44314,86,107,-21,21
44315,107,103,4,4
44316,63,76,-13,13
44317,127,133,-6,6
44318,87,99,-12,12
44319,82,93,-11,11
44320,92,100,-8,8
44321,78,93,-15,15
44322,117,120,-3,3
44323,93,120,-27,27
44324,116,127,-11,11
44325,51,70,-19,19
44326,80,92,-12,12
44327,126,139,-13,13
44328,48,77,-29,29
44329,183,179,4,4
44330,61,78,-17,17
44331,128,139,-11,11
44332,95,99,-4,4
44333,107,106,1,1
44334,87,105,-18,18
44335,136,146,-10,10
44336,49,65,-16,16
44337,77,81,-4,4
44338,114,123,-9,9
44339,139,136,3,3
44340,90,103,-13,13
44341,164,170,-6,6
44342,124,141,-17,17
44343,115,125,-10,10
44344,111,116,-5,5
44345,144,148,-4,4
44346,72,91,-19,19
44347,121,131,-10,10
44348,131,130,1,1
44349,99,115,-16,16
44350,55,77,-22,22
44351,125,128,-3,3
44352,43,60,-17,17
44353,75,81,-6,6
44354,71,83,-12,12
44355,62,78,-16,16
44356,86,98,-12,12
44357,78,92,-14,14
44358,101,109,-8,8
44359,81,94,-13,13
44360,144,141,3,3
44361,121,116,5,5
44362,84,95,-11,11
44363,91,96,-5,5
44364,108,135,-27,27
44365,84,93,-9,9
44366,96,102,-6,6
44367,130,140,-10,10
44368,53,69,-16,16
44369,111,130,-19,19
44370,65,73,-8,8
44371,138,138,0,0
44372,39,56,-17,17
44373,54,74,-20,20
44374,48,62,-14,14
44375,62,74,-12,12
44376,110,123,-13,13
44377,88,98,-10,10
44378,92,96,-4,4
44379,124,128,-4,4
44380,86,96,-10,10
44381,89,112,-23,23
44382,96,112,-16,16
44383,50,68,-18,18
44384,92,95,-3,3
44385,70,89,-19,19
44386,101,111,-10,10
44387,143,143,0,0
44388,128,147,-19,19
44389,83,96,-13,13
44390,59,74,-15,15
44391,131,135,-4,4
44392,79,88,-9,9
44393,66,77,-11,11
44394,110,108,2,2
44395,99,109,-10,10
44396,100,118,-18,18
44397,92,104,-12,12
44398,115,115,0,0
44399,87,95,-8,8
44400,105,109,-4,4
44401,77,90,-13,13
44402,93,108,-15,15
44403,124,133,-9,9
44404,71,94,-23,23
44405,68,82,-14,14
44406,107,122,-15,15
44407,130,136,-6,6
44408,32,58,-26,26
44409,96,124,-28,28
44410,82,87,-5,5
44411,73,83,-10,10
44412,57,97,-40,40
44413,60,79,-19,19
44414,61,85,-24,24
44415,127,124,3,3
44416,67,74,-7,7
44417,148,145,3,3
44418,111,120,-9,9
44419,119,120,-1,1
44420,86,91,-5,5
44421,88,98,-10,10
44422,68,77,-9,9
44423,65,84,-19,19
44424,64,88,-24,24
44425,158,148,10,10
44426,144,136,8,8
44427,91,104,-13,13
44428,63,79,-16,16
44429,88,105,-17,17
44430,122,116,6,6
44431,51,72,-21,21
44432,124,141,-17,17
44433,118,115,3,3
44434,49,62,-13,13
44435,94,97,-3,3
44436,69,82,-13,13
44437,168,155,13,13
44438,79,94,-15,15
44439,70,87,-17,17
44440,199,194,5,5
44441,43,67,-24,24
44442,85,103,-18,18
44443,51,68,-17,17
44444,135,135,0,0
44445,57,91,-34,34
44446,191,191,0,0
44447,94,113,-19,19
44448,109,125,-16,16
44449,76,87,-11,11
44450,175,169,6,6
44451,126,138,-12,12
44452,143,143,0,0
44453,101,110,-9,9
44454,50,92,-42,42
44455,84,101,-17,17
44456,94,100,-6,6
44457,110,116,-6,6
44458,170,148,22,22
44459,149,146,3,3
44460,94,108,-14,14
44461,102,114,-12,12
44462,118,142,-24,24
44463,112,124,-12,12
44464,108,122,-14,14
44465,58,73,-15,15
44466,39,125,-86,86
44467,112,116,-4,4
44468,107,131,-24,24
44469,61,73,-12,12
44470,99,105,-6,6
44471,62,91,-29,29
44472,119,121,-2,2
44473,105,108,-3,3
44474,93,98,-5,5
44475,109,118,-9,9
44476,132,138,-6,6
44477,83,122,-39,39
44478,46,66,-20,20
44479,170,156,14,14
44480,217,177,40,40
44481,119,129,-10,10
44482,140,152,-12,12
44483,106,114,-8,8
44484,100,110,-10,10
44485,61,73,-12,12
44486,111,137,-26,26
44487,117,114,3,3
44488,68,91,-23,23
44489,94,108,-14,14
44490,74,87,-13,13
44491,109,127,-18,18
44492,98,124,-26,26
44493,103,108,-5,5
44494,78,105,-27,27
44495,80,95,-15,15
44496,83,99,-16,16
44497,76,94,-18,18
44498,110,120,-10,10
44499,152,148,4,4
44500,81,87,-6,6
44501,133,143,-10,10
44502,66,77,-11,11
44503,102,108,-6,6
44504,102,113,-11,11
44505,53,68,-15,15
44506,139,147,-8,8
44507,133,132,1,1
44508,57,73,-16,16
44509,61,76,-15,15
44510,116,116,0,0
44511,97,103,-6,6
44512,187,159,28,28
44513,62,73,-11,11
44514,102,108,-6,6
44515,62,84,-22,22
44516,48,60,-12,12
44517,108,125,-17,17
44518,68,79,-11,11
44519,112,123,-11,11
44520,154,147,7,7
44521,76,91,-15,15
44522,110,129,-19,19
44523,89,109,-20,20
44524,128,132,-4,4
44525,61,80,-19,19
44526,60,84,-24,24
44527,143,149,-6,6
44528,107,122,-15,15
44529,76,81,-5,5
44530,79,94,-15,15
44531,65,78,-13,13
44532,104,119,-15,15
44533,145,147,-2,2
44534,86,88,-2,2
44535,83,95,-12,12
44536,88,111,-23,23
44537,178,165,13,13
44538,116,131,-15,15
44539,105,133,-28,28
44540,72,93,-21,21
44541,77,91,-14,14
44542,56,80,-24,24
44543,109,107,2,2
44544,45,62,-17,17
44545,106,112,-6,6
44546,42,58,-16,16
44547,118,127,-9,9
44548,102,110,-8,8
44549,47,87,-40,40
44550,70,89,-19,19
44551,103,111,-8,8
44552,123,141,-18,18
44553,170,160,10,10
44554,124,141,-17,17
44555,98,117,-19,19
44556,57,82,-25,25
44557,122,140,-18,18
44558,59,72,-13,13
44559,107,117,-10,10
44560,73,83,-10,10
44561,65,82,-17,17
44562,53,69,-16,16
44563,152,148,4,4
44564,81,96,-15,15
44565,87,98,-11,11
44566,77,86,-9,9
44567,129,140,-11,11
44568,165,158,7,7
44569,111,123,-12,12
44570,108,120,-12,12
44571,67,84,-17,17
44572,78,88,-10,10
44573,105,109,-4,4
44574,72,82,-10,10
44575,75,96,-21,21
44576,85,93,-8,8
44577,57,72,-15,15
44578,115,136,-21,21
44579,74,84,-10,10
44580,170,160,10,10
44581,90,109,-19,19
44582,85,98,-13,13
44583,65,85,-20,20
44584,45,60,-15,15
44585,160,148,12,12
44586,160,152,8,8
44587,99,116,-17,17
44588,62,83,-21,21
44589,121,127,-6,6
44590,129,132,-3,3
44591,98,117,-19,19
44592,104,111,-7,7
44593,69,82,-13,13
44594,75,84,-9,9
44595,95,104,-9,9
44596,118,129,-11,11
44597,94,141,-47,47
44598,100,121,-21,21
44599,129,132,-3,3
44600,118,131,-13,13
44601,57,154,-97,97
44602,68,83,-15,15
44603,123,133,-10,10
44604,93,98,-5,5
44605,53,76,-23,23
44606,92,103,-11,11
44607,78,94,-16,16
44608,175,151,24,24
44609,115,139,-24,24
44610,70,87,-17,17
44611,161,148,13,13
44612,61,79,-18,18
44613,64,76,-12,12
44614,86,104,-18,18
44615,84,96,-12,12
44616,152,143,9,9
44617,116,124,-8,8
44618,53,69,-16,16
44619,57,77,-20,20
44620,68,87,-19,19
44621,178,166,12,12
44622,93,100,-7,7
44623,120,125,-5,5
44624,136,141,-5,5
44625,39,59,-20,20
44626,102,115,-13,13
44627,167,166,1,1
44628,65,80,-15,15
44629,50,75,-25,25
44630,80,87,-7,7
44631,126,131,-5,5
44632,67,80,-13,13
44633,59,78,-19,19
44634,116,122,-6,6
44635,95,110,-15,15
44636,57,72,-15,15
44637,75,99,-24,24
44638,99,109,-10,10
44639,94,102,-8,8
44640,65,78,-13,13
44641,90,101,-11,11
44642,126,122,4,4
44643,86,109,-23,23
44644,103,114,-11,11
44645,92,113,-21,21
44646,120,128,-8,8
44647,86,92,-6,6
44648,19,44,-25,25
44649,138,140,-2,2
44650,86,98,-12,12
44651,126,132,-6,6
44652,103,119,-16,16
44653,89,98,-9,9
44654,71,86,-15,15
44655,63,75,-12,12
44656,76,95,-19,19
44657,154,149,5,5
44658,64,77,-13,13
44659,73,85,-12,12
44660,61,75,-14,14
44661,57,80,-23,23
44662,142,149,-7,7
44663,193,183,10,10
44664,58,91,-33,33
44665,89,109,-20,20
44666,88,101,-13,13
44667,121,125,-4,4
44668,110,120,-10,10
44669,116,118,-2,2
44670,100,105,-5,5
44671,62,71,-9,9
44672,100,118,-18,18
44673,146,135,11,11
44674,33,53,-20,20
44675,105,116,-11,11
44676,93,105,-12,12
44677,48,72,-24,24
44678,74,89,-15,15
44679,55,67,-12,12
44680,77,86,-9,9
44681,83,95,-12,12
44682,162,152,10,10
44683,59,75,-16,16
44684,196,185,11,11
44685,95,100,-5,5
44686,64,76,-12,12
44687,107,122,-15,15
44688,163,153,10,10
44689,78,86,-8,8
44690,66,89,-23,23
44691,62,88,-26,26
44692,109,110,-1,1
44693,77,91,-14,14
44694,125,128,-3,3
44695,103,106,-3,3
44696,81,89,-8,8
44697,50,66,-16,16
44698,116,141,-25,25
44699,70,97,-27,27
44700,68,77,-9,9
44701,96,103,-7,7
44702,155,143,12,12
44703,128,141,-13,13
44704,75,91,-16,16
44705,116,126,-10,10
44706,88,102,-14,14
44707,100,102,-2,2
44708,73,86,-13,13
44709,140,147,-7,7
44710,106,121,-15,15
44711,87,102,-15,15
44712,78,103,-25,25
44713,92,102,-10,10
44714,109,114,-5,5
44715,69,88,-19,19
44716,174,163,11,11
44717,60,75,-15,15
44718,61,73,-12,12
44719,59,77,-18,18
44720,124,130,-6,6
44721,85,98,-13,13
44722,136,127,9,9
44723,118,130,-12,12
44724,81,96,-15,15
44725,80,94,-14,14
44726,69,78,-9,9
44727,60,78,-18,18
44728,63,77,-14,14
44729,46,57,-11,11
44730,61,76,-15,15
44731,65,90,-25,25
44732,104,122,-18,18
44733,144,141,3,3
44734,73,106,-33,33
44735,77,89,-12,12
44736,96,105,-9,9
44737,71,91,-20,20
44738,74,91,-17,17
44739,60,78,-18,18
44740,80,92,-12,12
44741,74,93,-19,19
44742,168,151,17,17
44743,145,142,3,3
44744,86,103,-17,17
44745,137,141,-4,4
44746,121,129,-8,8
44747,91,91,0,0
44748,68,84,-16,16
44749,78,85,-7,7
44750,84,101,-17,17
44751,150,147,3,3
44752,103,101,2,2
44753,79,94,-15,15
44754,63,83,-20,20
44755,70,81,-11,11
44756,229,208,21,21
44757,130,147,-17,17
44758,81,102,-21,21
44759,112,109,3,3
44760,134,131,3,3
44761,82,98,-16,16
44762,152,202,-50,50
44763,90,113,-23,23
44764,105,131,-26,26
44765,138,144,-6,6
44766,95,106,-11,11
44767,86,92,-6,6
44768,91,98,-7,7
44769,58,90,-32,32
44770,130,128,2,2
44771,154,148,6,6
44772,69,92,-23,23
44773,158,140,18,18
44774,136,140,-4,4
44775,56,77,-21,21
44776,86,96,-10,10
44777,49,65,-16,16
44778,138,141,-3,3
44779,100,112,-12,12
44780,146,148,-2,2
44781,56,72,-16,16
44782,79,95,-16,16
44783,53,67,-14,14
44784,59,73,-14,14
44785,64,76,-12,12
44786,108,113,-5,5
44787,66,87,-21,21
44788,117,128,-11,11
44789,60,72,-12,12
44790,51,64,-13,13
44791,104,118,-14,14
44792,92,125,-33,33
44793,87,94,-7,7
44794,84,127,-43,43
44795,155,151,4,4
44796,100,123,-23,23
44797,43,60,-17,17
44798,72,79,-7,7
44799,124,143,-19,19
44800,116,146,-30,30
44801,159,147,12,12
44802,91,120,-29,29
44803,71,77,-6,6
44804,158,151,7,7
44805,71,88,-17,17
44806,102,109,-7,7
44807,117,121,-4,4
44808,94,104,-10,10
44809,79,97,-18,18
44810,51,68,-17,17
44811,63,76,-13,13
44812,55,76,-21,21
44813,152,141,11,11
44814,78,75,3,3
44815,54,70,-16,16
44816,80,90,-10,10
44817,59,70,-11,11
44818,84,98,-14,14
44819,110,116,-6,6
44820,124,119,5,5
44821,92,99,-7,7
44822,126,140,-14,14
44823,130,132,-2,2
44824,89,102,-13,13
44825,109,115,-6,6
44826,87,108,-21,21
44827,75,79,-4,4
44828,225,211,14,14
44829,182,176,6,6
44830,82,97,-15,15
44831,54,76,-22,22
44832,187,163,24,24
44833,128,141,-13,13
44834,87,92,-5,5
44835,92,93,-1,1
44836,58,84,-26,26
44837,63,77,-14,14
44838,100,106,-6,6
44839,102,123,-21,21
44840,46,68,-22,22
44841,89,110,-21,21
44842,61,75,-14,14
44843,134,144,-10,10
44844,69,81,-12,12
44845,118,123,-5,5
44846,153,150,3,3
44847,115,120,-5,5
44848,88,95,-7,7
44849,91,104,-13,13
44850,51,70,-19,19
44851,68,94,-26,26
44852,155,148,7,7
44853,52,66,-14,14
44854,71,86,-15,15
44855,100,107,-7,7
44856,81,90,-9,9
44857,168,155,13,13
44858,80,90,-10,10
44859,83,94,-11,11
44860,90,108,-18,18
44861,99,106,-7,7
44862,45,61,-16,16
44863,110,123,-13,13
44864,118,116,2,2
44865,98,111,-13,13
44866,162,153,9,9
44867,54,68,-14,14
44868,80,97,-17,17
44869,91,97,-6,6
44870,81,88,-7,7
44871,89,99,-10,10
44872,58,71,-13,13
44873,194,197,-3,3
44874,78,93,-15,15
44875,63,72,-9,9
44876,61,80,-19,19
44877,98,104,-6,6
44878,95,104,-9,9
44879,97,102,-5,5
44880,96,120,-24,24
44881,89,96,-7,7
44882,154,149,5,5
44883,51,69,-18,18
44884,117,114,3,3
44885,42,69,-27,27
44886,92,98,-6,6
44887,91,105,-14,14
44888,162,164,-2,2
44889,75,90,-15,15
44890,104,118,-14,14
44891,117,124,-7,7
44892,74,98,-24,24
44893,52,67,-15,15
44894,77,89,-12,12
44895,83,91,-8,8
44896,71,89,-18,18
44897,57,69,-12,12
44898,62,75,-13,13
44899,114,121,-7,7
44900,58,81,-23,23
44901,120,139,-19,19
44902,74,92,-18,18
44903,95,92,3,3
44904,63,83,-20,20
44905,84,109,-25,25
44906,57,79,-22,22
44907,70,86,-16,16
44908,71,94,-23,23
44909,71,79,-8,8
44910,140,131,9,9
44911,116,130,-14,14
44912,62,80,-18,18
44913,96,117,-21,21
44914,73,88,-15,15
44915,79,89,-10,10
44916,97,102,-5,5
44917,80,85,-5,5
44918,76,88,-12,12
44919,67,81,-14,14
44920,176,162,14,14
44921,71,96,-25,25
44922,89,102,-13,13
44923,75,85,-10,10
44924,142,139,3,3
44925,96,104,-8,8
44926,70,90,-20,20
44927,134,136,-2,2
44928,123,129,-6,6
44929,71,91,-20,20
44930,45,71,-26,26
44931,102,112,-10,10
44932,130,139,-9,9
44933,134,138,-4,4
44934,71,96,-25,25
44935,111,137,-26,26
44936,134,132,2,2
44937,131,122,9,9
44938,136,159,-23,23
44939,116,121,-5,5
44940,156,151,5,5
44941,139,138,1,1
44942,102,111,-9,9
44943,69,89,-20,20
44944,81,90,-9,9
44945,109,124,-15,15
44946,94,100,-6,6
44947,77,83,-6,6
44948,173,171,2,2
44949,70,90,-20,20
44950,77,92,-15,15
44951,95,102,-7,7
44952,96,106,-10,10
44953,90,104,-14,14
44954,47,88,-41,41
44955,116,132,-16,16
44956,84,87,-3,3
44957,62,85,-23,23
44958,128,146,-18,18
44959,83,93,-10,10
44960,90,107,-17,17
44961,86,97,-11,11
44962,113,123,-10,10
44963,153,143,10,10
44964,90,98,-8,8
44965,96,111,-15,15
44966,76,99,-23,23
44967,73,90,-17,17
44968,98,107,-9,9
44969,23,61,-38,38
44970,57,74,-17,17
44971,65,93,-28,28
44972,107,120,-13,13
44973,140,144,-4,4
44974,112,113,-1,1
44975,149,155,-6,6
44976,100,95,5,5
44977,100,108,-8,8
44978,64,74,-10,10
44979,89,99,-10,10
44980,154,149,5,5
44981,53,69,-16,16
44982,45,60,-15,15
44983,61,78,-17,17
44984,108,120,-12,12
44985,88,93,-5,5
44986,109,130,-21,21
44987,143,132,11,11
44988,91,110,-19,19
44989,102,113,-11,11
44990,61,87,-26,26
44991,85,98,-13,13
44992,121,116,5,5
44993,65,76,-11,11
44994,56,68,-12,12
44995,103,112,-9,9
44996,111,113,-2,2
44997,102,110,-8,8
44998,99,104,-5,5
44999,97,129,-32,32
45000,79,89,-10,10
45001,139,141,-2,2
45002,107,106,1,1
45003,166,166,0,0
45004,51,73,-22,22
45005,75,82,-7,7
45006,113,119,-6,6
45007,69,86,-17,17
45008,129,138,-9,9
45009,197,187,10,10
45010,104,115,-11,11
45011,99,117,-18,18
45012,86,93,-7,7
45013,95,101,-6,6
45014,138,141,-3,3
45015,78,91,-13,13
45016,47,98,-51,51
45017,56,72,-16,16
45018,62,77,-15,15
45019,64,82,-18,18
45020,105,103,2,2
45021,104,111,-7,7
45022,140,140,0,0
45023,84,102,-18,18
45024,126,141,-15,15
45025,82,92,-10,10
45026,75,88,-13,13
45027,92,109,-17,17
45028,77,95,-18,18
45029,100,105,-5,5
45030,140,147,-7,7
45031,67,75,-8,8
45032,117,132,-15,15
45033,54,73,-19,19
45034,81,96,-15,15
45035,130,136,-6,6
45036,100,107,-7,7
45037,86,95,-9,9
45038,57,76,-19,19
45039,115,117,-2,2
45040,147,149,-2,2
45041,86,99,-13,13
45042,39,61,-22,22
45043,79,92,-13,13
45044,89,109,-20,20
45045,70,80,-10,10
45046,73,91,-18,18
45047,113,117,-4,4
45048,99,117,-18,18
45049,78,90,-12,12
45050,132,142,-10,10
45051,79,101,-22,22
45052,143,144,-1,1
45053,57,74,-17,17
45054,49,63,-14,14
45055,85,104,-19,19
45056,49,91,-42,42
45057,96,100,-4,4
45058,87,98,-11,11
45059,151,133,18,18
45060,147,147,0,0
45061,94,107,-13,13
45062,91,103,-12,12
45063,56,68,-12,12
45064,123,141,-18,18
45065,188,165,23,23
45066,55,63,-8,8
45067,117,117,0,0
45068,106,110,-4,4
45069,109,126,-17,17
45070,61,71,-10,10
45071,46,70,-24,24
45072,62,73,-11,11
45073,102,112,-10,10
45074,62,76,-14,14
45075,85,95,-10,10
45076,89,104,-15,15
45077,96,106,-10,10
45078,132,135,-3,3
45079,94,106,-12,12
45080,118,117,1,1
45081,73,85,-12,12
45082,69,86,-17,17
45083,57,77,-20,20
45084,86,100,-14,14
45085,130,124,6,6
45086,144,144,0,0
45087,67,78,-11,11
45088,64,116,-52,52
45089,85,93,-8,8
45090,104,121,-17,17
45091,109,118,-9,9
45092,110,119,-9,9
45093,129,128,1,1
45094,97,104,-7,7
45095,85,97,-12,12
45096,104,113,-9,9
45097,77,96,-19,19
45098,81,98,-17,17
45099,97,103,-6,6
45100,130,148,-18,18
45101,67,80,-13,13
45102,55,69,-14,14
45103,92,96,-4,4
45104,83,99,-16,16
45105,135,147,-12,12
45106,69,77,-8,8
45107,109,120,-11,11
45108,98,97,1,1
45109,95,101,-6,6
45110,121,139,-18,18
45111,80,86,-6,6
45112,79,92,-13,13
45113,123,137,-14,14
45114,117,125,-8,8
45115,59,78,-19,19
45116,89,105,-16,16
45117,82,95,-13,13
45118,117,119,-2,2
45119,69,85,-16,16
45120,123,122,1,1
45121,57,83,-26,26
45122,87,90,-3,3
45123,105,117,-12,12
45124,108,116,-8,8
45125,76,86,-10,10
45126,74,111,-37,37
45127,84,89,-5,5
45128,96,109,-13,13
45129,78,91,-13,13
45130,76,93,-17,17
45131,88,108,-20,20
45132,89,103,-14,14
45133,90,105,-15,15
45134,60,75,-15,15
45135,53,71,-18,18
45136,67,80,-13,13
45137,89,103,-14,14
45138,149,143,6,6
45139,95,106,-11,11
45140,109,126,-17,17
45141,169,170,-1,1
45142,78,83,-5,5
45143,122,128,-6,6
45144,48,80,-32,32
45145,108,128,-20,20
45146,90,102,-12,12
45147,147,150,-3,3
45148,69,83,-14,14
45149,112,113,-1,1
45150,158,152,6,6
45151,123,142,-19,19
45152,42,60,-18,18
45153,135,136,-1,1
45154,148,143,5,5
45155,109,118,-9,9
45156,73,86,-13,13
45157,88,99,-11,11
45158,90,96,-6,6
45159,55,73,-18,18
45160,83,103,-20,20
45161,54,62,-8,8
45162,85,101,-16,16
45163,75,88,-13,13
45164,121,131,-10,10
45165,65,77,-12,12
45166,77,84,-7,7
45167,102,107,-5,5
45168,104,125,-21,21
45169,67,75,-8,8
45170,134,132,2,2
45171,107,110,-3,3
45172,87,102,-15,15
45173,168,159,9,9
45174,145,146,-1,1
45175,127,140,-13,13
45176,168,153,15,15
45177,113,110,3,3
45178,64,85,-21,21
45179,64,77,-13,13
45180,83,94,-11,11
45181,83,100,-17,17
45182,125,128,-3,3
45183,61,74,-13,13
45184,40,59,-19,19
45185,57,69,-12,12
45186,153,148,5,5
45187,101,114,-13,13
45188,83,99,-16,16
45189,89,110,-21,21
45190,111,119,-8,8
45191,77,91,-14,14
45192,127,128,-1,1
45193,128,135,-7,7
45194,146,142,4,4
45195,49,71,-22,22
45196,49,79,-30,30
45197,57,80,-23,23
45198,89,95,-6,6
45199,88,118,-30,30
45200,153,156,-3,3
45201,71,88,-17,17
45202,135,147,-12,12
45203,109,109,0,0
45204,73,82,-9,9
45205,185,167,18,18
45206,69,78,-9,9
45207,109,124,-15,15
45208,74,94,-20,20
45209,181,155,26,26
45210,96,111,-15,15
45211,93,117,-24,24
45212,60,72,-12,12
45213,104,118,-14,14
45214,67,72,-5,5
45215,89,107,-18,18
45216,128,127,1,1
45217,100,108,-8,8
45218,96,104,-8,8
45219,90,94,-4,4
45220,68,79,-11,11
45221,126,127,-1,1
45222,54,76,-22,22
45223,106,118,-12,12
45224,63,76,-13,13
45225,113,109,4,4
45226,45,70,-25,25
45227,98,104,-6,6
45228,156,148,8,8
45229,52,71,-19,19
45230,134,130,4,4
45231,74,95,-21,21
45232,102,109,-7,7
45233,100,109,-9,9
45234,62,78,-16,16
45235,82,93,-11,11
45236,105,105,0,0
45237,69,85,-16,16
45238,124,146,-22,22
45239,118,122,-4,4
45240,82,96,-14,14
45241,63,81,-18,18
45242,70,80,-10,10
45243,68,86,-18,18
45244,121,123,-2,2
45245,73,82,-9,9
45246,51,67,-16,16
45247,81,89,-8,8
45248,146,142,4,4
45249,88,98,-10,10
45250,101,106,-5,5
45251,126,144,-18,18
45252,119,127,-8,8
45253,113,130,-17,17
45254,172,150,22,22
45255,81,94,-13,13
45256,90,103,-13,13
45257,110,122,-12,12
45258,134,147,-13,13
45259,37,66,-29,29
45260,62,76,-14,14
45261,65,78,-13,13
45262,52,66,-14,14
45263,76,96,-20,20
45264,116,126,-10,10
45265,98,139,-41,41
45266,61,77,-16,16
45267,84,99,-15,15
45268,153,148,5,5
45269,72,82,-10,10
45270,77,87,-10,10
45271,86,98,-12,12
45272,99,118,-19,19
45273,124,127,-3,3
45274,66,94,-28,28
45275,76,88,-12,12
45276,67,66,1,1
45277,133,128,5,5
45278,91,101,-10,10
45279,71,95,-24,24
45280,207,199,8,8
45281,65,80,-15,15
45282,97,112,-15,15
45283,131,141,-10,10
45284,120,120,0,0
45285,59,74,-15,15
45286,124,129,-5,5
45287,74,87,-13,13
45288,101,109,-8,8
45289,85,94,-9,9
45290,85,98,-13,13
45291,137,133,4,4
45292,76,84,-8,8
45293,136,146,-10,10
45294,139,146,-7,7
45295,49,71,-22,22
45296,136,139,-3,3
45297,75,81,-6,6
45298,109,119,-10,10
45299,53,69,-16,16
45300,110,121,-11,11
45301,59,80,-21,21
45302,119,127,-8,8
45303,86,99,-13,13
45304,139,140,-1,1
45305,132,125,7,7
45306,191,180,11,11
45307,87,93,-6,6
45308,90,102,-12,12
45309,122,130,-8,8
45310,73,80,-7,7
45311,122,121,1,1
45312,93,108,-15,15
45313,46,72,-26,26
45314,84,103,-19,19
45315,103,107,-4,4
45316,39,57,-18,18
45317,96,114,-18,18
45318,72,85,-13,13
45319,146,143,3,3
45320,80,102,-22,22
45321,68,90,-22,22
45322,49,68,-19,19
45323,110,117,-7,7
45324,117,128,-11,11
45325,121,122,-1,1
45326,55,81,-26,26
45327,149,155,-6,6
45328,78,89,-11,11
45329,60,83,-23,23
45330,161,155,6,6
45331,95,112,-17,17
45332,75,78,-3,3
45333,92,108,-16,16
45334,112,135,-23,23
45335,67,85,-18,18
45336,91,101,-10,10
45337,109,118,-9,9
45338,177,163,14,14
45339,105,123,-18,18
45340,82,94,-12,12
45341,89,94,-5,5
45342,109,112,-3,3
45343,67,97,-30,30
45344,117,139,-22,22
45345,96,107,-11,11
45346,49,72,-23,23
45347,110,113,-3,3
45348,57,69,-12,12
45349,118,108,10,10
45350,120,120,0,0
45351,77,96,-19,19
45352,107,108,-1,1
45353,60,85,-25,25
45354,70,78,-8,8
45355,115,126,-11,11
45356,70,85,-15,15
45357,70,84,-14,14
45358,96,130,-34,34
45359,72,94,-22,22
45360,72,84,-12,12
45361,67,87,-20,20
45362,170,156,14,14
45363,57,71,-14,14
45364,67,80,-13,13
45365,85,100,-15,15
45366,95,118,-23,23
45367,119,148,-29,29
45368,84,91,-7,7
45369,65,99,-34,34
45370,225,219,6,6
45371,97,107,-10,10
45372,81,95,-14,14
45373,104,113,-9,9
45374,23,53,-30,30
45375,75,88,-13,13
45376,115,121,-6,6
45377,111,113,-2,2
45378,60,70,-10,10
45379,72,90,-18,18
45380,100,113,-13,13
45381,85,92,-7,7
45382,60,78,-18,18
45383,55,77,-22,22
45384,120,133,-13,13
45385,121,138,-17,17
45386,79,87,-8,8
45387,89,101,-12,12
45388,127,125,2,2
45389,86,97,-11,11
45390,58,75,-17,17
45391,99,103,-4,4
45392,126,140,-14,14
45393,53,71,-18,18
45394,55,74,-19,19
45395,107,120,-13,13
45396,67,79,-12,12
45397,83,104,-21,21
45398,81,100,-19,19
45399,92,104,-12,12
45400,109,112,-3,3
45401,148,147,1,1
45402,115,132,-17,17
45403,124,128,-4,4
45404,103,117,-14,14
45405,122,136,-14,14
45406,104,117,-13,13
45407,58,66,-8,8
45408,68,80,-12,12
45409,83,104,-21,21
45410,51,80,-29,29
45411,84,95,-11,11
45412,129,145,-16,16
45413,64,82,-18,18
45414,150,146,4,4
45415,48,68,-20,20
45416,67,72,-5,5
45417,72,83,-11,11
45418,101,107,-6,6
45419,68,79,-11,11
45420,135,137,-2,2
45421,98,114,-16,16
45422,73,89,-16,16
45423,93,112,-19,19
45424,161,159,2,2
45425,58,73,-15,15
45426,125,133,-8,8
45427,91,105,-14,14
45428,82,90,-8,8
45429,82,101,-19,19
45430,89,116,-27,27
45431,45,60,-15,15
45432,56,116,-60,60
45433,152,170,-18,18
45434,110,111,-1,1
45435,81,91,-10,10
45436,43,62,-19,19
45437,154,156,-2,2
45438,82,87,-5,5
45439,104,117,-13,13
45440,78,97,-19,19
45441,130,126,4,4
45442,66,89,-23,23
45443,86,101,-15,15
45444,98,115,-17,17
45445,106,117,-11,11
45446,78,94,-16,16
45447,89,93,-4,4
45448,84,101,-17,17
45449,111,116,-5,5
45450,73,87,-14,14
45451,115,147,-32,32
45452,174,160,14,14
45453,87,88,-1,1
45454,102,111,-9,9
45455,77,88,-11,11
45456,37,53,-16,16
45457,131,139,-8,8
45458,104,111,-7,7
45459,109,148,-39,39
45460,89,97,-8,8
45461,108,116,-8,8
45462,158,149,9,9
45463,69,81,-12,12
45464,89,93,-4,4
45465,42,56,-14,14
45466,97,98,-1,1
45467,70,91,-21,21
45468,116,124,-8,8
45469,138,151,-13,13
45470,110,120,-10,10
45471,105,105,0,0
45472,51,75,-24,24
45473,94,111,-17,17
45474,75,89,-14,14
45475,129,144,-15,15
45476,88,92,-4,4
45477,100,107,-7,7
45478,79,95,-16,16
45479,176,165,11,11
45480,86,96,-10,10
45481,88,114,-26,26
45482,105,123,-18,18
45483,140,138,2,2
45484,72,84,-12,12
45485,111,116,-5,5
45486,105,107,-2,2
45487,191,176,15,15
45488,120,131,-11,11
45489,99,114,-15,15
45490,45,69,-24,24
45491,94,99,-5,5
45492,80,104,-24,24
45493,85,97,-12,12
45494,74,82,-8,8
45495,78,93,-15,15
45496,131,129,2,2
45497,95,108,-13,13
45498,59,75,-16,16
45499,72,77,-5,5
45500,108,122,-14,14
45501,71,89,-18,18
45502,74,86,-12,12
45503,134,147,-13,13
45504,101,116,-15,15
45505,68,80,-12,12
45506,127,135,-8,8
45507,195,167,28,28
45508,73,89,-16,16
45509,77,96,-19,19
45510,79,86,-7,7
45511,59,69,-10,10
45512,115,114,1,1
45513,79,91,-12,12
45514,91,102,-11,11
45515,82,96,-14,14
45516,72,84,-12,12
45517,63,87,-24,24
45518,89,103,-14,14
45519,69,85,-16,16
45520,62,106,-44,44
45521,45,67,-22,22
45522,87,104,-17,17
45523,75,97,-22,22
45524,105,115,-10,10
45525,93,111,-18,18
45526,104,110,-6,6
45527,86,101,-15,15
45528,159,157,2,2
45529,93,96,-3,3
45530,112,125,-13,13
45531,120,128,-8,8
45532,62,69,-7,7
45533,108,115,-7,7
45534,124,132,-8,8
45535,167,150,17,17
45536,163,154,9,9
45537,113,122,-9,9
45538,98,101,-3,3
45539,64,90,-26,26
45540,120,124,-4,4
45541,52,65,-13,13
45542,42,60,-18,18
45543,131,146,-15,15
45544,95,98,-3,3
45545,85,98,-13,13
45546,71,81,-10,10
45547,116,121,-5,5
45548,91,92,-1,1
45549,94,103,-9,9
45550,52,72,-20,20
45551,84,112,-28,28
45552,61,71,-10,10
45553,101,116,-15,15
45554,97,110,-13,13
45555,96,113,-17,17
45556,141,149,-8,8
45557,124,129,-5,5
45558,72,88,-16,16
45559,79,142,-63,63
45560,155,157,-2,2
45561,112,132,-20,20
45562,63,80,-17,17
45563,73,89,-16,16
45564,67,87,-20,20
45565,61,74,-13,13
45566,114,117,-3,3
45567,33,53,-20,20
45568,64,78,-14,14
45569,79,86,-7,7
45570,149,157,-8,8
45571,97,105,-8,8
45572,84,95,-11,11
45573,134,143,-9,9
45574,85,103,-18,18
45575,123,122,1,1
45576,97,109,-12,12
45577,69,82,-13,13
45578,116,112,4,4
45579,92,94,-2,2
45580,125,135,-10,10
45581,103,105,-2,2
45582,99,100,-1,1
45583,154,158,-4,4
45584,102,109,-7,7
45585,53,72,-19,19
45586,104,119,-15,15
45587,218,186,32,32
45588,57,71,-14,14
45589,154,158,-4,4
45590,141,148,-7,7
45591,113,133,-20,20
45592,69,84,-15,15
45593,87,112,-25,25
45594,126,132,-6,6
45595,99,114,-15,15
45596,85,100,-15,15
45597,78,102,-24,24
45598,85,88,-3,3
45599,77,90,-13,13
45600,97,107,-10,10
45601,67,89,-22,22
45602,114,121,-7,7
45603,130,148,-18,18
45604,127,131,-4,4
45605,66,74,-8,8
45606,74,92,-18,18
45607,117,123,-6,6
45608,57,70,-13,13
45609,169,159,10,10
45610,79,93,-14,14
45611,122,144,-22,22
45612,117,131,-14,14
45613,82,97,-15,15
45614,119,128,-9,9
45615,105,115,-10,10
45616,121,121,0,0
45617,107,118,-11,11
45618,63,77,-14,14
45619,76,97,-21,21
45620,141,144,-3,3
45621,76,88,-12,12
45622,189,160,29,29
45623,78,90,-12,12
45624,105,128,-23,23
45625,69,86,-17,17
45626,95,116,-21,21
45627,55,75,-20,20
45628,85,87,-2,2
45629,62,81,-19,19
45630,72,86,-14,14
45631,91,98,-7,7
45632,78,100,-22,22
45633,69,81,-12,12
45634,58,73,-15,15
45635,104,109,-5,5
45636,90,106,-16,16
45637,45,77,-32,32
45638,109,113,-4,4
45639,174,172,2,2
45640,102,124,-22,22
45641,72,89,-17,17
45642,93,106,-13,13
45643,88,127,-39,39
45644,147,145,2,2
45645,116,122,-6,6
45646,71,105,-34,34
45647,59,74,-15,15
45648,110,125,-15,15
45649,112,115,-3,3
45650,67,76,-9,9
45651,63,84,-21,21
45652,99,99,0,0
45653,71,85,-14,14
45654,61,81,-20,20
45655,145,175,-30,30
45656,59,75,-16,16
45657,91,110,-19,19
45658,97,109,-12,12
45659,67,82,-15,15
45660,75,83,-8,8
45661,107,104,3,3
45662,47,79,-32,32
45663,111,130,-19,19
45664,122,122,0,0
45665,145,147,-2,2
45666,133,124,9,9
45667,90,97,-7,7
45668,153,150,3,3
45669,83,88,-5,5
45670,44,70,-26,26
45671,64,79,-15,15
45672,74,91,-17,17
45673,98,112,-14,14
45674,117,97,20,20
45675,83,102,-19,19
45676,52,72,-20,20
45677,74,87,-13,13
45678,128,133,-5,5
45679,75,88,-13,13
45680,71,83,-12,12
45681,72,85,-13,13
45682,80,92,-12,12
45683,98,103,-5,5
45684,138,146,-8,8
45685,161,155,6,6
45686,152,151,1,1
45687,117,123,-6,6
45688,96,114,-18,18
45689,76,90,-14,14
45690,150,150,0,0
45691,71,94,-23,23
45692,127,142,-15,15
45693,93,106,-13,13
45694,116,126,-10,10
45695,128,132,-4,4
45696,47,65,-18,18
45697,53,71,-18,18
45698,173,166,7,7
45699,84,110,-26,26
45700,74,83,-9,9
45701,40,61,-21,21
45702,125,116,9,9
45703,100,123,-23,23
45704,62,77,-15,15
45705,120,121,-1,1
45706,163,145,18,18
45707,111,122,-11,11
45708,62,83,-21,21
45709,104,122,-18,18
45710,96,103,-7,7
45711,71,80,-9,9
45712,94,115,-21,21
45713,109,115,-6,6
45714,46,64,-18,18
45715,94,104,-10,10
45716,52,67,-15,15
45717,88,98,-10,10
45718,68,85,-17,17
45719,193,198,-5,5
45720,137,134,3,3
45721,109,119,-10,10
45722,97,118,-21,21
45723,114,111,3,3
45724,90,100,-10,10
45725,57,77,-20,20
45726,119,122,-3,3
45727,157,152,5,5
45728,86,96,-10,10
45729,108,113,-5,5
45730,82,97,-15,15
45731,111,113,-2,2
45732,110,116,-6,6
45733,108,119,-11,11
45734,92,94,-2,2
45735,38,54,-16,16
45736,92,107,-15,15
45737,92,97,-5,5
45738,68,77,-9,9
45739,74,94,-20,20
45740,83,100,-17,17
45741,106,104,2,2
45742,86,98,-12,12
45743,78,84,-6,6
45744,155,159,-4,4
45745,116,125,-9,9
45746,129,117,12,12
45747,99,107,-8,8
45748,114,117,-3,3
45749,103,105,-2,2
45750,82,85,-3,3
45751,50,65,-15,15
45752,86,94,-8,8
45753,82,92,-10,10
45754,82,106,-24,24
45755,50,67,-17,17
45756,88,87,1,1
45757,86,94,-8,8
45758,103,108,-5,5
45759,60,71,-11,11
45760,68,79,-11,11
45761,86,85,1,1
45762,85,95,-10,10
45763,80,90,-10,10
45764,58,77,-19,19
45765,63,91,-28,28
45766,117,129,-12,12
45767,97,117,-20,20
45768,59,77,-18,18
45769,66,83,-17,17
45770,121,129,-8,8
45771,77,86,-9,9
45772,47,61,-14,14
45773,61,81,-20,20
45774,128,131,-3,3
45775,225,213,12,12
45776,145,145,0,0
45777,125,145,-20,20
45778,40,68,-28,28
45779,94,97,-3,3
45780,103,109,-6,6
45781,137,139,-2,2
45782,151,148,3,3
45783,98,112,-14,14
45784,115,121,-6,6
45785,77,85,-8,8
45786,75,115,-40,40
45787,75,94,-19,19
45788,117,121,-4,4
45789,133,144,-11,11
45790,89,113,-24,24
45791,92,103,-11,11
45792,66,81,-15,15
45793,26,49,-23,23
45794,135,132,3,3
45795,82,103,-21,21
45796,44,64,-20,20
45797,79,78,1,1
45798,135,147,-12,12
45799,122,139,-17,17
45800,177,169,8,8
45801,93,101,-8,8
45802,54,65,-11,11
45803,104,126,-22,22
45804,69,80,-11,11
45805,64,84,-20,20
45806,113,131,-18,18
45807,69,81,-12,12
45808,127,141,-14,14
45809,115,123,-8,8
45810,75,87,-12,12
45811,81,88,-7,7
45812,35,57,-22,22
45813,120,131,-11,11
45814,86,101,-15,15
45815,111,113,-2,2
45816,149,141,8,8
45817,86,96,-10,10
45818,122,131,-9,9
45819,80,101,-21,21
45820,91,98,-7,7
45821,106,115,-9,9
45822,30,76,-46,46
45823,84,95,-11,11
45824,159,138,21,21
45825,76,93,-17,17
45826,73,88,-15,15
45827,78,96,-18,18
45828,271,243,28,28
45829,138,148,-10,10
45830,72,90,-18,18
45831,77,88,-11,11
45832,94,106,-12,12
45833,101,113,-12,12
45834,72,83,-11,11
45835,101,118,-17,17
45836,120,130,-10,10
45837,159,158,1,1
45838,78,98,-20,20
45839,78,94,-16,16
45840,106,112,-6,6
45841,87,107,-20,20
45842,62,78,-16,16
45843,106,119,-13,13
45844,127,148,-21,21
45845,101,109,-8,8
45846,56,69,-13,13
45847,41,71,-30,30
45848,83,95,-12,12
45849,128,138,-10,10
45850,86,92,-6,6
45851,82,99,-17,17
45852,104,113,-9,9
45853,116,143,-27,27
45854,115,125,-10,10
45855,81,91,-10,10
45856,82,112,-30,30
45857,88,92,-4,4
45858,115,128,-13,13
45859,170,161,9,9
45860,110,119,-9,9
45861,228,202,26,26
45862,161,148,13,13
45863,72,94,-22,22
45864,171,152,19,19
45865,117,121,-4,4
45866,116,125,-9,9
45867,60,69,-9,9
45868,113,127,-14,14
45869,121,126,-5,5
45870,41,71,-30,30
45871,98,102,-4,4
45872,83,93,-10,10
45873,56,74,-18,18
45874,107,111,-4,4
45875,90,99,-9,9
45876,91,105,-14,14
45877,68,86,-18,18
45878,131,135,-4,4
45879,95,103,-8,8
45880,93,100,-7,7
45881,99,107,-8,8
45882,195,163,32,32
45883,124,125,-1,1
45884,124,128,-4,4
45885,44,82,-38,38
45886,63,78,-15,15
45887,175,159,16,16
45888,127,123,4,4
45889,113,126,-13,13
45890,118,111,7,7
45891,99,117,-18,18
45892,89,100,-11,11
45893,64,79,-15,15
45894,73,88,-15,15
45895,104,112,-8,8
45896,50,74,-24,24
45897,94,96,-2,2
45898,115,125,-10,10
45899,91,105,-14,14
45900,80,86,-6,6
45901,81,97,-16,16
45902,80,95,-15,15
45903,100,105,-5,5
45904,123,133,-10,10
45905,89,97,-8,8
45906,71,84,-13,13
45907,162,147,15,15
45908,152,139,13,13
45909,69,82,-13,13
45910,81,105,-24,24
45911,71,92,-21,21
45912,90,99,-9,9
45913,104,111,-7,7
45914,106,107,-1,1
45915,66,86,-20,20
45916,66,79,-13,13
45917,79,104,-25,25
45918,45,61,-16,16
45919,89,97,-8,8
45920,105,102,3,3
45921,59,69,-10,10
45922,103,105,-2,2
45923,116,130,-14,14
45924,93,102,-9,9
45925,116,147,-31,31
45926,133,132,1,1
45927,86,94,-8,8
45928,86,89,-3,3
45929,65,74,-9,9
45930,139,137,2,2
45931,117,131,-14,14
45932,67,78,-11,11
45933,119,115,4,4
45934,81,113,-32,32
45935,127,137,-10,10
45936,142,142,0,0
45937,87,98,-11,11
45938,70,83,-13,13
45939,79,92,-13,13
45940,119,124,-5,5
45941,73,82,-9,9
45942,72,75,-3,3
45943,87,104,-17,17
45944,108,115,-7,7
45945,120,129,-9,9
45946,82,92,-10,10
45947,97,108,-11,11
45948,73,91,-18,18
45949,69,84,-15,15
45950,96,107,-11,11
45951,44,60,-16,16
45952,104,110,-6,6
45953,68,89,-21,21
45954,108,102,6,6
45955,81,98,-17,17
45956,124,130,-6,6
45957,91,95,-4,4
45958,116,141,-25,25
45959,41,57,-16,16
45960,93,105,-12,12
45961,100,114,-14,14
45962,70,96,-26,26
45963,82,97,-15,15
45964,124,123,1,1
45965,168,152,16,16
45966,81,96,-15,15
45967,124,138,-14,14
45968,74,81,-7,7
45969,191,173,18,18
45970,99,118,-19,19
45971,72,88,-16,16
45972,92,108,-16,16
45973,122,133,-11,11
45974,104,108,-4,4
45975,93,101,-8,8
45976,50,68,-18,18
45977,79,99,-20,20
45978,86,100,-14,14
45979,147,157,-10,10
45980,129,147,-18,18
45981,135,149,-14,14
45982,124,119,5,5
45983,91,106,-15,15
45984,80,99,-19,19
45985,150,154,-4,4
45986,113,122,-9,9
45987,74,77,-3,3
45988,165,151,14,14
45989,105,103,2,2
45990,49,67,-18,18
45991,96,116,-20,20
45992,115,127,-12,12
45993,132,139,-7,7
45994,111,114,-3,3
45995,44,82,-38,38
45996,98,104,-6,6
45997,52,64,-12,12
45998,78,96,-18,18
45999,71,88,-17,17
46000,30,50,-20,20
46001,116,128,-12,12
46002,128,150,-22,22
46003,75,96,-21,21
46004,47,67,-20,20
46005,89,107,-18,18
46006,88,91,-3,3
46007,102,114,-12,12
46008,48,64,-16,16
46009,59,72,-13,13
46010,131,132,-1,1
46011,71,85,-14,14
46012,81,99,-18,18
46013,110,121,-11,11
46014,154,152,2,2
46015,120,133,-13,13
46016,155,144,11,11
46017,109,111,-2,2
46018,71,94,-23,23
46019,81,99,-18,18
46020,58,75,-17,17
46021,69,98,-29,29
46022,134,134,0,0
46023,99,109,-10,10
46024,71,87,-16,16
46025,99,111,-12,12
46026,76,92,-16,16
46027,98,96,2,2
46028,68,84,-16,16
46029,105,105,0,0
46030,109,112,-3,3
46031,143,148,-5,5
46032,112,118,-6,6
46033,82,112,-30,30
46034,59,71,-12,12
46035,170,156,14,14
46036,84,99,-15,15
46037,84,105,-21,21
46038,97,109,-12,12
46039,241,210,31,31
46040,216,192,24,24
46041,121,129,-8,8
46042,72,79,-7,7
46043,61,77,-16,16
46044,76,85,-9,9
46045,140,147,-7,7
46046,101,110,-9,9
46047,92,96,-4,4
46048,65,75,-10,10
46049,62,82,-20,20
46050,62,79,-17,17
46051,172,151,21,21
46052,82,88,-6,6
46053,118,130,-12,12
46054,99,106,-7,7
46055,121,129,-8,8
46056,108,117,-9,9
46057,96,91,5,5
46058,145,151,-6,6
46059,111,148,-37,37
46060,46,62,-16,16
46061,74,81,-7,7
46062,96,105,-9,9
46063,60,74,-14,14
46064,110,146,-36,36
46065,78,93,-15,15
46066,114,108,6,6
46067,154,165,-11,11
46068,165,150,15,15
46069,42,59,-17,17
46070,91,99,-8,8
46071,100,114,-14,14
46072,110,102,8,8
46073,67,86,-19,19
46074,68,88,-20,20
46075,137,125,12,12
46076,87,101,-14,14
46077,93,100,-7,7
46078,86,98,-12,12
46079,200,202,-2,2
46080,119,126,-7,7
46081,176,161,15,15
46082,75,87,-12,12
46083,125,131,-6,6
46084,74,95,-21,21
46085,102,106,-4,4
46086,53,69,-16,16
46087,107,114,-7,7
46088,95,106,-11,11
46089,120,133,-13,13
46090,88,99,-11,11
46091,66,84,-18,18
46092,94,104,-10,10
46093,137,147,-10,10
46094,67,91,-24,24
46095,83,97,-14,14
46096,56,71,-15,15
46097,139,135,4,4
46098,100,106,-6,6
46099,78,101,-23,23
46100,103,104,-1,1
46101,59,78,-19,19
46102,47,71,-24,24
46103,65,76,-11,11
46104,112,116,-4,4
46105,132,127,5,5
46106,82,99,-17,17
46107,118,123,-5,5
46108,109,113,-4,4
46109,91,100,-9,9
46110,67,81,-14,14
46111,83,99,-16,16
46112,79,88,-9,9
46113,26,50,-24,24
46114,44,72,-28,28
46115,71,92,-21,21
46116,86,94,-8,8
46117,77,88,-11,11
46118,53,69,-16,16
46119,98,103,-5,5
46120,144,141,3,3
46121,89,89,0,0
46122,67,82,-15,15
46123,147,144,3,3
46124,127,135,-8,8
46125,85,97,-12,12
46126,66,78,-12,12
46127,89,91,-2,2
46128,89,102,-13,13
46129,75,87,-12,12
46130,72,85,-13,13
46131,101,114,-13,13
46132,126,116,10,10
46133,62,77,-15,15
46134,83,91,-8,8
46135,151,148,3,3
46136,102,117,-15,15
46137,215,199,16,16
46138,149,147,2,2
46139,133,135,-2,2
46140,90,96,-6,6
46141,100,98,2,2
46142,57,66,-9,9
46143,61,77,-16,16
46144,41,55,-14,14
46145,137,136,1,1
46146,164,154,10,10
46147,242,219,23,23
46148,99,109,-10,10
46149,51,68,-17,17
46150,68,77,-9,9
46151,78,89,-11,11
46152,120,125,-5,5
46153,87,95,-8,8
46154,105,106,-1,1
46155,112,114,-2,2
46156,87,103,-16,16
46157,88,99,-11,11
46158,71,82,-11,11
46159,125,131,-6,6
46160,73,87,-14,14
46161,108,118,-10,10
46162,76,91,-15,15
46163,45,61,-16,16
46164,100,107,-7,7
46165,76,90,-14,14
46166,158,153,5,5
46167,92,105,-13,13
46168,77,93,-16,16
46169,44,60,-16,16
46170,115,127,-12,12
46171,85,102,-17,17
46172,109,114,-5,5
46173,89,104,-15,15
46174,39,67,-28,28
46175,66,77,-11,11
46176,62,85,-23,23
46177,89,105,-16,16
46178,130,141,-11,11
46179,92,99,-7,7
46180,138,133,5,5
46181,118,118,0,0
46182,219,224,-5,5
46183,104,115,-11,11
46184,94,111,-17,17
46185,100,101,-1,1
46186,54,67,-13,13
46187,153,147,6,6
46188,84,96,-12,12
46189,91,109,-18,18
46190,46,63,-17,17
46191,53,76,-23,23
46192,77,89,-12,12
46193,80,85,-5,5
46194,138,135,3,3
46195,80,87,-7,7
46196,138,134,4,4
46197,141,141,0,0
46198,91,100,-9,9
46199,176,153,23,23
46200,117,132,-15,15
46201,69,89,-20,20
46202,108,125,-17,17
46203,101,107,-6,6
46204,135,135,0,0
46205,115,127,-12,12
46206,102,117,-15,15
46207,56,75,-19,19
46208,96,112,-16,16
46209,69,83,-14,14
46210,106,125,-19,19
46211,151,151,0,0
46212,110,116,-6,6
46213,112,118,-6,6
46214,134,131,3,3
46215,65,80,-15,15
46216,66,83,-17,17
46217,97,111,-14,14
46218,109,121,-12,12
46219,141,143,-2,2
46220,78,111,-33,33
46221,94,117,-23,23
46222,64,86,-22,22
46223,47,75,-28,28
46224,79,91,-12,12
46225,104,120,-16,16
46226,39,61,-22,22
46227,62,86,-24,24
46228,123,133,-10,10
46229,144,139,5,5
46230,108,124,-16,16
46231,183,154,29,29
46232,85,93,-8,8
46233,49,65,-16,16
46234,40,61,-21,21
46235,27,60,-33,33
46236,107,118,-11,11
46237,135,147,-12,12
46238,129,124,5,5
46239,77,91,-14,14
46240,61,85,-24,24
46241,58,83,-25,25
46242,144,145,-1,1
46243,53,67,-14,14
46244,95,110,-15,15
46245,82,89,-7,7
46246,73,86,-13,13
46247,174,171,3,3
46248,101,107,-6,6
46249,100,143,-43,43
46250,81,88,-7,7
46251,94,105,-11,11
46252,76,92,-16,16
46253,70,85,-15,15
46254,100,113,-13,13
46255,79,82,-3,3
46256,83,99,-16,16
46257,90,104,-14,14
46258,136,140,-4,4
46259,61,73,-12,12
46260,106,118,-12,12
46261,90,102,-12,12
46262,32,54,-22,22
46263,100,117,-17,17
46264,74,83,-9,9
46265,62,79,-17,17
46266,101,104,-3,3
46267,104,106,-2,2
46268,94,98,-4,4
46269,95,115,-20,20
46270,134,138,-4,4
46271,134,144,-10,10
46272,77,88,-11,11
46273,80,110,-30,30
46274,90,100,-10,10
46275,128,128,0,0
46276,108,117,-9,9
46277,64,84,-20,20
46278,44,79,-35,35
46279,115,117,-2,2
46280,49,70,-21,21
46281,64,92,-28,28
46282,64,78,-14,14
46283,128,135,-7,7
46284,69,85,-16,16
46285,73,83,-10,10
46286,38,58,-20,20
46287,71,86,-15,15
46288,94,106,-12,12
46289,89,103,-14,14
46290,63,80,-17,17
46291,116,117,-1,1
46292,83,101,-18,18
46293,38,59,-21,21
46294,57,79,-22,22
46295,84,94,-10,10
46296,552,424,128,128
46297,75,86,-11,11
46298,70,92,-22,22
46299,90,115,-25,25
46300,181,194,-13,13
46301,109,115,-6,6
46302,99,120,-21,21
46303,99,108,-9,9
46304,73,86,-13,13
46305,71,88,-17,17
46306,125,140,-15,15
46307,142,148,-6,6
46308,125,133,-8,8
46309,99,111,-12,12
46310,127,133,-6,6
46311,134,132,2,2
46312,87,94,-7,7
46313,99,116,-17,17
46314,116,133,-17,17
46315,57,74,-17,17
46316,160,151,9,9
46317,104,109,-5,5
46318,106,117,-11,11
46319,82,100,-18,18
46320,149,145,4,4
46321,122,132,-10,10
46322,46,67,-21,21
46323,44,73,-29,29
46324,47,72,-25,25
46325,46,81,-35,35
46326,103,118,-15,15
46327,118,127,-9,9
46328,62,77,-15,15
46329,61,84,-23,23
46330,90,106,-16,16
46331,87,93,-6,6
46332,163,148,15,15
46333,108,124,-16,16
46334,68,86,-18,18
46335,128,129,-1,1
46336,132,155,-23,23
46337,48,73,-25,25
46338,66,77,-11,11
46339,62,81,-19,19
46340,77,100,-23,23
46341,47,76,-29,29
46342,124,122,2,2
46343,95,114,-19,19
46344,65,76,-11,11
46345,70,86,-16,16
46346,133,137,-4,4
46347,98,111,-13,13
46348,138,150,-12,12
46349,93,105,-12,12
46350,136,137,-1,1
46351,119,125,-6,6
46352,102,115,-13,13
46353,106,133,-27,27
46354,75,95,-20,20
46355,58,71,-13,13
46356,130,125,5,5
46357,85,102,-17,17
46358,102,127,-25,25
46359,66,79,-13,13
46360,83,109,-26,26
46361,85,97,-12,12
46362,122,128,-6,6
46363,107,126,-19,19
46364,68,86,-18,18
46365,58,76,-18,18
46366,87,97,-10,10
46367,67,85,-18,18
46368,74,92,-18,18
46369,68,77,-9,9
46370,104,105,-1,1
46371,158,156,2,2
46372,131,135,-4,4
46373,103,114,-11,11
46374,109,120,-11,11
46375,64,75,-11,11
46376,123,125,-2,2
46377,111,114,-3,3
46378,38,56,-18,18
46379,59,68,-9,9
46380,46,76,-30,30
46381,101,116,-15,15
46382,149,148,1,1
46383,116,123,-7,7
46384,62,89,-27,27
46385,78,93,-15,15
46386,92,97,-5,5
46387,109,112,-3,3
46388,94,106,-12,12
46389,107,123,-16,16
46390,75,92,-17,17
46391,64,85,-21,21
46392,30,56,-26,26
46393,127,136,-9,9
46394,67,80,-13,13
46395,109,121,-12,12
46396,187,168,19,19
46397,90,100,-10,10
46398,123,126,-3,3
46399,72,78,-6,6
46400,124,132,-8,8
46401,110,120,-10,10
46402,108,121,-13,13
46403,65,83,-18,18
46404,116,137,-21,21
46405,77,102,-25,25
46406,40,61,-21,21
46407,108,117,-9,9
46408,159,152,7,7
46409,60,74,-14,14
46410,116,118,-2,2
46411,124,147,-23,23
46412,94,110,-16,16
46413,90,93,-3,3
46414,30,52,-22,22
46415,89,101,-12,12
46416,89,92,-3,3
46417,111,127,-16,16
46418,84,98,-14,14
46419,49,69,-20,20
46420,75,79,-4,4
46421,136,130,6,6
46422,41,98,-57,57
46423,72,85,-13,13
46424,173,161,12,12
46425,70,87,-17,17
46426,90,103,-13,13
46427,153,153,0,0
46428,138,148,-10,10
46429,147,146,1,1
46430,116,137,-21,21
46431,148,147,1,1
46432,117,127,-10,10
46433,103,111,-8,8
46434,123,131,-8,8
46435,151,146,5,5
46436,126,136,-10,10
46437,105,123,-18,18
46438,111,124,-13,13
46439,71,78,-7,7
46440,99,124,-25,25
46441,59,81,-22,22
46442,104,108,-4,4
46443,60,72,-12,12
46444,88,105,-17,17
46445,63,76,-13,13
46446,186,169,17,17
46447,97,104,-7,7
46448,128,131,-3,3
46449,162,153,9,9
46450,74,82,-8,8
46451,92,99,-7,7
46452,153,148,5,5
46453,97,109,-12,12
46454,116,124,-8,8
46455,161,143,18,18
46456,73,88,-15,15
46457,107,116,-9,9
46458,112,136,-24,24
46459,89,97,-8,8
46460,92,102,-10,10
46461,83,96,-13,13
46462,108,128,-20,20
46463,108,126,-18,18
46464,49,63,-14,14
46465,64,79,-15,15
46466,109,127,-18,18
46467,52,63,-11,11
46468,139,147,-8,8
46469,90,101,-11,11
46470,90,102,-12,12
46471,70,87,-17,17
46472,97,110,-13,13
46473,56,75,-19,19
46474,64,88,-24,24
46475,67,79,-12,12
46476,48,68,-20,20
46477,69,81,-12,12
46478,93,103,-10,10
46479,144,146,-2,2
46480,145,152,-7,7
46481,142,148,-6,6
46482,150,153,-3,3
46483,58,71,-13,13
46484,120,119,1,1
46485,102,112,-10,10
46486,142,149,-7,7
46487,100,116,-16,16
46488,125,131,-6,6
46489,84,112,-28,28
46490,123,129,-6,6
46491,145,153,-8,8
46492,86,103,-17,17
46493,73,83,-10,10
46494,97,105,-8,8
46495,57,73,-16,16
46496,122,126,-4,4
46497,71,79,-8,8
46498,99,114,-15,15
46499,83,87,-4,4
46500,165,153,12,12
46501,193,168,25,25
46502,104,105,-1,1
46503,110,137,-27,27
46504,65,78,-13,13
46505,72,88,-16,16
46506,76,89,-13,13
46507,173,165,8,8
46508,76,102,-26,26
46509,95,104,-9,9
46510,96,109,-13,13
46511,82,90,-8,8
46512,91,109,-18,18
46513,88,95,-7,7
46514,104,119,-15,15
46515,114,129,-15,15
46516,109,116,-7,7
46517,74,86,-12,12
46518,137,139,-2,2
46519,93,100,-7,7
46520,88,102,-14,14
46521,55,77,-22,22
46522,72,92,-20,20
46523,71,109,-38,38
46524,110,112,-2,2
46525,114,124,-10,10
46526,128,139,-11,11
46527,65,78,-13,13
46528,114,127,-13,13
46529,97,100,-3,3
46530,117,150,-33,33
46531,72,88,-16,16
46532,92,98,-6,6
46533,64,72,-8,8
46534,125,138,-13,13
46535,99,113,-14,14
46536,56,75,-19,19
46537,54,69,-15,15
46538,122,133,-11,11
46539,178,175,3,3
46540,179,166,13,13
46541,80,94,-14,14
46542,109,117,-8,8
46543,83,99,-16,16
46544,103,108,-5,5
46545,61,82,-21,21
46546,125,124,1,1
46547,96,103,-7,7
46548,96,128,-32,32
46549,97,107,-10,10
46550,108,104,4,4
46551,89,104,-15,15
46552,55,69,-14,14
46553,87,139,-52,52
46554,49,68,-19,19
46555,94,108,-14,14
46556,93,128,-35,35
46557,75,85,-10,10
46558,65,83,-18,18
46559,52,67,-15,15
46560,83,93,-10,10
46561,123,114,9,9
46562,92,103,-11,11
46563,74,92,-18,18
46564,109,111,-2,2
46565,52,72,-20,20
46566,76,81,-5,5
46567,116,120,-4,4
46568,83,87,-4,4
46569,82,93,-11,11
46570,144,147,-3,3
46571,35,58,-23,23
46572,155,150,5,5
46573,136,136,0,0
46574,123,131,-8,8
46575,81,92,-11,11
46576,66,84,-18,18
46577,131,131,0,0
46578,133,128,5,5
46579,71,85,-14,14
46580,82,97,-15,15
46581,82,94,-12,12
46582,42,59,-17,17
46583,137,152,-15,15
46584,140,164,-24,24
46585,58,80,-22,22
46586,117,116,1,1
46587,69,96,-27,27
46588,85,99,-14,14
46589,52,56,-4,4
46590,87,108,-21,21
46591,135,148,-13,13
46592,64,78,-14,14
46593,129,119,10,10
46594,190,180,10,10
46595,68,91,-23,23
46596,82,91,-9,9
46597,75,90,-15,15
46598,149,141,8,8
46599,84,98,-14,14
46600,54,66,-12,12
46601,98,107,-9,9
46602,99,101,-2,2
46603,125,134,-9,9
46604,86,99,-13,13
46605,95,107,-12,12
46606,75,90,-15,15
46607,80,87,-7,7
46608,118,127,-9,9
46609,91,99,-8,8
46610,106,108,-2,2
46611,85,103,-18,18
46612,153,151,2,2
46613,103,114,-11,11
46614,159,156,3,3
46615,69,82,-13,13
46616,166,149,17,17
46617,109,115,-6,6
46618,133,132,1,1
46619,191,169,22,22
46620,113,107,6,6
46621,124,126,-2,2
46622,139,143,-4,4
46623,88,99,-11,11
46624,43,88,-45,45
46625,71,88,-17,17
46626,116,124,-8,8
46627,115,119,-4,4
46628,118,126,-8,8
46629,62,79,-17,17
46630,106,122,-16,16
46631,116,141,-25,25
46632,137,136,1,1
46633,201,171,30,30
46634,53,72,-19,19
46635,73,91,-18,18
46636,46,67,-21,21
46637,90,98,-8,8
46638,126,136,-10,10
46639,113,123,-10,10
46640,80,89,-9,9
46641,102,106,-4,4
46642,161,150,11,11
46643,103,113,-10,10
46644,119,137,-18,18
46645,54,79,-25,25
46646,159,150,9,9
46647,87,90,-3,3
46648,59,67,-8,8
46649,59,81,-22,22
46650,90,98,-8,8
46651,59,78,-19,19
46652,104,108,-4,4
46653,131,138,-7,7
46654,60,73,-13,13
46655,68,81,-13,13
46656,86,96,-10,10
46657,88,95,-7,7
46658,146,148,-2,2
46659,62,77,-15,15
46660,152,150,2,2
46661,104,114,-10,10
46662,67,81,-14,14
46663,102,117,-15,15
46664,96,110,-14,14
46665,99,123,-24,24
46666,99,114,-15,15
46667,76,92,-16,16
46668,97,111,-14,14
46669,83,101,-18,18
46670,112,128,-16,16
46671,63,80,-17,17
46672,136,147,-11,11
46673,74,89,-15,15
46674,172,151,21,21
46675,136,133,3,3
46676,120,134,-14,14
46677,116,125,-9,9
46678,126,128,-2,2
46679,114,118,-4,4
46680,72,88,-16,16
46681,104,114,-10,10
46682,147,155,-8,8
46683,103,116,-13,13
46684,81,88,-7,7
46685,80,94,-14,14
46686,101,112,-11,11
46687,125,119,6,6
46688,92,104,-12,12
46689,84,93,-9,9
46690,80,120,-40,40
46691,150,149,1,1
46692,61,77,-16,16
46693,112,121,-9,9
46694,112,113,-1,1
46695,67,74,-7,7
46696,137,138,-1,1
46697,58,76,-18,18
46698,105,110,-5,5
46699,88,103,-15,15
46700,76,89,-13,13
46701,88,96,-8,8
46702,108,123,-15,15
46703,97,104,-7,7
46704,141,148,-7,7
46705,64,89,-25,25
46706,51,71,-20,20
46707,101,99,2,2
46708,158,155,3,3
46709,97,108,-11,11
46710,79,101,-22,22
46711,69,82,-13,13
46712,97,119,-22,22
46713,90,103,-13,13
46714,85,102,-17,17
46715,90,100,-10,10
46716,120,126,-6,6
46717,61,77,-16,16
46718,145,149,-4,4
46719,77,92,-15,15
46720,49,71,-22,22
46721,81,95,-14,14
46722,70,85,-15,15
46723,107,110,-3,3
46724,87,99,-12,12
46725,66,83,-17,17
46726,108,117,-9,9
46727,86,99,-13,13
46728,68,84,-16,16
46729,84,86,-2,2
46730,72,86,-14,14
46731,67,84,-17,17
46732,73,86,-13,13
46733,81,98,-17,17
46734,65,72,-7,7
46735,130,126,4,4
46736,47,61,-14,14
46737,117,126,-9,9
46738,141,133,8,8
46739,204,169,35,35
46740,85,97,-12,12
46741,116,131,-15,15
46742,118,118,0,0
46743,110,121,-11,11
46744,100,107,-7,7
46745,93,107,-14,14
46746,53,70,-17,17
46747,86,91,-5,5
46748,70,84,-14,14
46749,80,96,-16,16
46750,146,149,-3,3
46751,72,86,-14,14
46752,154,152,2,2
46753,206,202,4,4
46754,72,95,-23,23
46755,141,145,-4,4
46756,83,116,-33,33
46757,141,148,-7,7
46758,97,118,-21,21
46759,137,141,-4,4
46760,124,135,-11,11
46761,84,95,-11,11
46762,102,128,-26,26
46763,22,74,-52,52
46764,97,107,-10,10
46765,59,70,-11,11
46766,124,138,-14,14
46767,198,189,9,9
46768,93,97,-4,4
46769,96,104,-8,8
46770,99,101,-2,2
46771,191,155,36,36
46772,88,94,-6,6
46773,88,97,-9,9
46774,114,120,-6,6
46775,85,104,-19,19
46776,85,90,-5,5
46777,63,81,-18,18
46778,129,136,-7,7
46779,142,151,-9,9
46780,66,87,-21,21
46781,64,78,-14,14
46782,72,81,-9,9
46783,143,148,-5,5
46784,73,82,-9,9
46785,92,107,-15,15
46786,80,95,-15,15
46787,123,127,-4,4
46788,67,81,-14,14
46789,87,114,-27,27
46790,81,84,-3,3
46791,77,116,-39,39
46792,70,80,-10,10
46793,120,129,-9,9
46794,119,128,-9,9
46795,116,126,-10,10
46796,193,184,9,9
46797,90,105,-15,15
46798,113,137,-24,24
46799,109,112,-3,3
46800,85,97,-12,12
46801,63,80,-17,17
46802,56,72,-16,16
46803,131,144,-13,13
46804,108,118,-10,10
46805,58,72,-14,14
46806,57,80,-23,23
46807,98,128,-30,30
46808,86,111,-25,25
46809,60,74,-14,14
46810,54,76,-22,22
46811,160,150,10,10
46812,91,116,-25,25
46813,179,150,29,29
46814,68,99,-31,31
46815,143,146,-3,3
46816,86,92,-6,6
46817,115,127,-12,12
46818,139,134,5,5
46819,95,107,-12,12
46820,66,91,-25,25
46821,66,80,-14,14
46822,143,146,-3,3
46823,87,97,-10,10
46824,85,107,-22,22
46825,77,96,-19,19
46826,77,83,-6,6
46827,91,94,-3,3
46828,80,92,-12,12
46829,23,47,-24,24
46830,92,104,-12,12
46831,109,114,-5,5
46832,115,114,1,1
46833,93,107,-14,14
46834,67,84,-17,17
46835,150,150,0,0
46836,78,85,-7,7
46837,159,156,3,3
46838,124,124,0,0
46839,93,118,-25,25
46840,133,145,-12,12
46841,79,102,-23,23
46842,62,77,-15,15
46843,73,86,-13,13
46844,66,75,-9,9
46845,69,79,-10,10
46846,146,158,-12,12
46847,73,81,-8,8
46848,91,111,-20,20
46849,67,79,-12,12
46850,80,115,-35,35
46851,96,102,-6,6
46852,75,89,-14,14
46853,72,100,-28,28
46854,87,97,-10,10
46855,93,95,-2,2
46856,115,120,-5,5
46857,142,144,-2,2
46858,168,151,17,17
46859,149,144,5,5
46860,91,99,-8,8
46861,69,89,-20,20
46862,112,117,-5,5
46863,83,92,-9,9
46864,63,71,-8,8
46865,84,98,-14,14
46866,113,116,-3,3
46867,98,105,-7,7
46868,174,166,8,8
46869,103,106,-3,3
46870,32,96,-64,64
46871,126,135,-9,9
46872,132,143,-11,11
46873,49,64,-15,15
46874,107,116,-9,9
46875,121,144,-23,23
46876,132,131,1,1
46877,75,89,-14,14
46878,71,89,-18,18
46879,69,96,-27,27
46880,158,151,7,7
46881,73,83,-10,10
46882,146,140,6,6
46883,49,70,-21,21
46884,124,135,-11,11
46885,71,80,-9,9
46886,43,58,-15,15
46887,94,109,-15,15
46888,120,142,-22,22
46889,107,120,-13,13
46890,83,88,-5,5
46891,111,119,-8,8
46892,79,95,-16,16
46893,93,108,-15,15
46894,130,140,-10,10
46895,119,122,-3,3
46896,80,87,-7,7
46897,80,86,-6,6
46898,76,88,-12,12
46899,101,114,-13,13
46900,131,137,-6,6
46901,91,107,-16,16
46902,81,102,-21,21
46903,102,115,-13,13
46904,108,107,1,1
46905,79,94,-15,15
46906,121,124,-3,3
46907,135,147,-12,12
46908,68,97,-29,29
46909,104,122,-18,18
46910,44,58,-14,14
46911,103,117,-14,14
46912,136,146,-10,10
46913,107,103,4,4
46914,78,104,-26,26
46915,75,90,-15,15
46916,37,55,-18,18
46917,24,46,-22,22
46918,166,159,7,7
46919,134,137,-3,3
46920,116,122,-6,6
46921,85,98,-13,13
46922,130,142,-12,12
46923,150,147,3,3
46924,103,116,-13,13
46925,92,103,-11,11
46926,127,139,-12,12
46927,72,88,-16,16
46928,95,111,-16,16
46929,56,71,-15,15
46930,170,151,19,19
46931,106,114,-8,8
46932,78,93,-15,15
46933,135,146,-11,11
46934,113,116,-3,3
46935,191,181,10,10
46936,61,80,-19,19
46937,95,96,-1,1
46938,119,126,-7,7
46939,114,114,0,0
46940,88,98,-10,10
46941,71,87,-16,16
46942,76,86,-10,10
46943,50,73,-23,23
46944,69,83,-14,14
46945,51,91,-40,40
46946,74,98,-24,24
46947,79,90,-11,11
46948,74,94,-20,20
46949,113,126,-13,13
46950,99,120,-21,21
46951,86,99,-13,13
46952,91,95,-4,4
46953,83,108,-25,25
46954,106,110,-4,4
46955,66,78,-12,12
46956,74,87,-13,13
46957,78,87,-9,9
46958,101,110,-9,9
46959,78,102,-24,24
46960,91,111,-20,20
46961,94,110,-16,16
46962,86,99,-13,13
46963,64,80,-16,16
46964,98,94,4,4
46965,100,118,-18,18
46966,148,146,2,2
46967,96,115,-19,19
46968,135,128,7,7
46969,123,142,-19,19
46970,65,81,-16,16
46971,86,92,-6,6
46972,86,97,-11,11
46973,93,104,-11,11
46974,106,115,-9,9
46975,122,123,-1,1
46976,75,101,-26,26
46977,86,95,-9,9
46978,51,68,-17,17
46979,56,74,-18,18
46980,125,140,-15,15
46981,92,102,-10,10
46982,108,124,-16,16
46983,151,147,4,4
46984,83,96,-13,13
46985,66,86,-20,20
46986,138,135,3,3
46987,120,133,-13,13
46988,79,93,-14,14
46989,86,105,-19,19
46990,163,159,4,4
46991,112,121,-9,9
46992,98,103,-5,5
46993,40,84,-44,44
46994,85,102,-17,17
46995,73,92,-19,19
46996,84,108,-24,24
46997,127,138,-11,11
46998,113,115,-2,2
46999,116,122,-6,6
47000,91,102,-11,11
47001,91,89,2,2
47002,50,67,-17,17
47003,78,92,-14,14
47004,90,101,-11,11
47005,125,129,-4,4
47006,84,100,-16,16
47007,79,91,-12,12
47008,69,82,-13,13
47009,115,114,1,1
47010,227,236,-9,9
47011,107,122,-15,15
47012,136,159,-23,23
47013,88,94,-6,6
47014,117,130,-13,13
47015,81,101,-20,20
47016,150,148,2,2
47017,101,126,-25,25
47018,169,159,10,10
47019,75,92,-17,17
47020,146,149,-3,3
47021,96,106,-10,10
47022,66,81,-15,15
47023,73,86,-13,13
47024,85,106,-21,21
47025,104,102,2,2
47026,53,71,-18,18
47027,148,154,-6,6
47028,119,114,5,5
47029,45,60,-15,15
47030,72,84,-12,12
47031,126,135,-9,9
47032,64,76,-12,12
47033,119,134,-15,15
47034,89,104,-15,15
47035,139,143,-4,4
47036,111,127,-16,16
47037,100,119,-19,19
47038,82,96,-14,14
47039,138,143,-5,5
47040,47,63,-16,16
47041,167,152,15,15
47042,63,76,-13,13
47043,118,123,-5,5
47044,201,197,4,4
47045,82,105,-23,23
47046,91,107,-16,16
47047,81,96,-15,15
47048,91,98,-7,7
47049,119,117,2,2
47050,88,96,-8,8
47051,76,91,-15,15
47052,86,98,-12,12
47053,47,69,-22,22
47054,134,148,-14,14
47055,96,108,-12,12
47056,82,95,-13,13
47057,82,90,-8,8
47058,89,103,-14,14
47059,99,113,-14,14
47060,93,107,-14,14
47061,87,99,-12,12
47062,62,83,-21,21
47063,58,71,-13,13
47064,82,94,-12,12
47065,142,148,-6,6
47066,101,106,-5,5
47067,127,127,0,0
47068,46,62,-16,16
47069,116,122,-6,6
47070,54,81,-27,27
47071,71,83,-12,12
47072,121,146,-25,25
47073,80,94,-14,14
47074,86,96,-10,10
47075,119,124,-5,5
47076,71,91,-20,20
47077,171,157,14,14
47078,126,124,2,2
47079,57,71,-14,14
47080,99,110,-11,11
47081,55,74,-19,19
47082,77,93,-16,16
47083,110,116,-6,6
47084,77,114,-37,37
47085,111,121,-10,10
47086,164,162,2,2
47087,104,108,-4,4
47088,85,95,-10,10
47089,75,87,-12,12
47090,119,123,-4,4
47091,82,97,-15,15
47092,122,123,-1,1
47093,111,119,-8,8
47094,102,106,-4,4
47095,54,69,-15,15
47096,96,106,-10,10
47097,65,81,-16,16
47098,135,145,-10,10
47099,79,88,-9,9
47100,92,94,-2,2
47101,56,76,-20,20
47102,109,108,1,1
47103,124,135,-11,11
47104,65,83,-18,18
47105,84,100,-16,16
47106,107,114,-7,7
47107,114,123,-9,9
47108,92,97,-5,5
47109,129,131,-2,2
47110,159,152,7,7
47111,80,95,-15,15
47112,106,115,-9,9
47113,76,91,-15,15
47114,81,102,-21,21
47115,115,122,-7,7
47116,89,107,-18,18
47117,66,83,-17,17
47118,49,71,-22,22
47119,74,85,-11,11
47120,77,84,-7,7
47121,98,106,-8,8
47122,181,162,19,19
47123,65,79,-14,14
47124,125,132,-7,7
47125,120,136,-16,16
47126,92,96,-4,4
47127,125,130,-5,5
47128,97,109,-12,12
47129,113,111,2,2
47130,69,90,-21,21
47131,41,60,-19,19
47132,112,119,-7,7
47133,93,98,-5,5
47134,77,86,-9,9
47135,114,136,-22,22
47136,90,102,-12,12
47137,119,136,-17,17
47138,85,107,-22,22
47139,99,117,-18,18
47140,113,107,6,6
47141,112,129,-17,17
47142,43,62,-19,19
47143,73,84,-11,11
47144,149,149,0,0
47145,72,88,-16,16
47146,62,80,-18,18
47147,74,91,-17,17
47148,197,180,17,17
47149,93,113,-20,20
47150,103,96,7,7
47151,96,101,-5,5
47152,191,162,29,29
47153,116,121,-5,5
47154,75,86,-11,11
47155,99,115,-16,16
47156,94,97,-3,3
47157,124,140,-16,16
47158,83,96,-13,13
47159,131,135,-4,4
47160,108,105,3,3
47161,108,131,-23,23
47162,77,92,-15,15
47163,77,81,-4,4
47164,126,132,-6,6
47165,59,80,-21,21
47166,101,122,-21,21
47167,121,125,-4,4
47168,116,130,-14,14
47169,124,125,-1,1
47170,69,76,-7,7
47171,160,154,6,6
47172,67,87,-20,20
47173,111,125,-14,14
47174,80,114,-34,34
47175,44,64,-20,20
47176,89,93,-4,4
47177,92,99,-7,7
47178,105,122,-17,17
47179,113,116,-3,3
47180,83,96,-13,13
47181,54,70,-16,16
47182,47,65,-18,18
47183,105,108,-3,3
47184,65,75,-10,10
47185,118,117,1,1
47186,115,120,-5,5
47187,92,109,-17,17
47188,69,73,-4,4
47189,42,62,-20,20
47190,64,75,-11,11
47191,119,133,-14,14
47192,142,140,2,2
47193,117,117,0,0
47194,67,90,-23,23
47195,157,149,8,8
47196,57,74,-17,17
47197,122,118,4,4
47198,84,95,-11,11
47199,112,121,-9,9
47200,96,111,-15,15
47201,75,88,-13,13
47202,86,93,-7,7
47203,168,152,16,16
47204,128,127,1,1
47205,111,129,-18,18
47206,95,105,-10,10
47207,74,99,-25,25
47208,101,102,-1,1
47209,69,79,-10,10
47210,160,158,2,2
47211,139,135,4,4
47212,24,75,-51,51
47213,89,98,-9,9
47214,102,118,-16,16
47215,49,65,-16,16
47216,94,119,-25,25
47217,76,87,-11,11
47218,170,150,20,20
47219,158,153,5,5
47220,31,103,-72,72
47221,66,82,-16,16
47222,106,107,-1,1
47223,60,82,-22,22
47224,77,93,-16,16
47225,68,82,-14,14
47226,129,136,-7,7
47227,60,75,-15,15
47228,106,120,-14,14
47229,64,75,-11,11
47230,67,83,-16,16
47231,85,97,-12,12
47232,79,86,-7,7
47233,175,160,15,15
47234,20,71,-51,51
47235,169,154,15,15
47236,90,104,-14,14
47237,74,85,-11,11
47238,68,94,-26,26
47239,52,74,-22,22
47240,81,98,-17,17
47241,106,119,-13,13
47242,113,133,-20,20
47243,64,79,-15,15
47244,98,117,-19,19
47245,120,131,-11,11
47246,85,92,-7,7
47247,70,80,-10,10
47248,121,134,-13,13
47249,132,132,0,0
47250,50,64,-14,14
47251,68,92,-24,24
47252,55,71,-16,16
47253,122,122,0,0
47254,107,110,-3,3
47255,69,86,-17,17
47256,115,119,-4,4
47257,118,124,-6,6
47258,184,200,-16,16
47259,78,100,-22,22
47260,47,67,-20,20
47261,65,77,-12,12
47262,109,110,-1,1
47263,89,93,-4,4
47264,141,147,-6,6
47265,68,105,-37,37
47266,167,151,16,16
47267,68,89,-21,21
47268,86,108,-22,22
47269,93,100,-7,7
47270,91,99,-8,8
47271,65,85,-20,20
47272,132,141,-9,9
47273,91,106,-15,15
47274,71,78,-7,7
47275,71,82,-11,11
47276,120,136,-16,16
47277,118,119,-1,1
47278,117,125,-8,8
47279,157,154,3,3
47280,73,92,-19,19
47281,108,119,-11,11
47282,82,85,-3,3
47283,122,128,-6,6
47284,143,149,-6,6
47285,172,157,15,15
47286,76,81,-5,5
47287,130,144,-14,14
47288,61,76,-15,15
47289,65,84,-19,19
47290,128,129,-1,1
47291,98,111,-13,13
47292,161,166,-5,5
47293,56,71,-15,15
47294,97,148,-51,51
47295,176,181,-5,5
47296,125,131,-6,6
47297,115,120,-5,5
47298,81,99,-18,18
47299,103,112,-9,9
47300,53,71,-18,18
47301,173,165,8,8
47302,132,132,0,0
47303,129,131,-2,2
47304,120,127,-7,7
47305,123,124,-1,1
47306,203,164,39,39
47307,59,67,-8,8
47308,67,84,-17,17
47309,132,134,-2,2
47310,182,164,18,18
47311,143,148,-5,5
47312,97,101,-4,4
47313,91,99,-8,8
47314,96,118,-22,22
47315,91,101,-10,10
47316,87,91,-4,4
47317,143,151,-8,8
47318,65,78,-13,13
47319,78,84,-6,6
47320,78,90,-12,12
47321,140,146,-6,6
47322,93,106,-13,13
47323,52,67,-15,15
47324,95,110,-15,15
47325,96,100,-4,4
47326,72,87,-15,15
47327,113,122,-9,9
47328,97,105,-8,8
47329,77,91,-14,14
47330,71,88,-17,17
47331,58,70,-12,12
47332,72,85,-13,13
47333,210,178,32,32
47334,97,99,-2,2
47335,141,149,-8,8
47336,130,139,-9,9
47337,105,115,-10,10
47338,66,89,-23,23
47339,78,104,-26,26
47340,96,109,-13,13
47341,120,131,-11,11
47342,57,78,-21,21
47343,162,155,7,7
47344,134,144,-10,10
47345,161,149,12,12
47346,171,166,5,5
47347,91,107,-16,16
47348,46,64,-18,18
47349,128,132,-4,4
47350,113,114,-1,1
47351,96,105,-9,9
47352,55,69,-14,14
47353,101,117,-16,16
47354,146,146,0,0
47355,83,134,-51,51
47356,41,63,-22,22
47357,117,127,-10,10
47358,118,130,-12,12
47359,89,103,-14,14
47360,88,101,-13,13
47361,37,54,-17,17
47362,68,86,-18,18
47363,53,62,-9,9
47364,106,117,-11,11
47365,125,126,-1,1
47366,79,93,-14,14
47367,100,105,-5,5
47368,99,116,-17,17
47369,99,114,-15,15
47370,130,129,1,1
47371,75,97,-22,22
47372,101,106,-5,5
47373,90,104,-14,14
47374,154,148,6,6
47375,116,120,-4,4
47376,60,81,-21,21
47377,144,149,-5,5
47378,75,87,-12,12
47379,110,118,-8,8
47380,124,137,-13,13
47381,79,100,-21,21
47382,38,58,-20,20
47383,90,102,-12,12
47384,84,90,-6,6
47385,76,93,-17,17
47386,88,103,-15,15
47387,124,138,-14,14
47388,76,91,-15,15
47389,84,91,-7,7
47390,75,92,-17,17
47391,78,89,-11,11
47392,48,69,-21,21
47393,70,93,-23,23
47394,125,129,-4,4
47395,129,138,-9,9
47396,75,88,-13,13
47397,91,118,-27,27
47398,108,117,-9,9
47399,100,107,-7,7
47400,56,81,-25,25
47401,140,136,4,4
47402,62,75,-13,13
47403,224,178,46,46
47404,109,132,-23,23
47405,159,159,0,0
47406,90,104,-14,14
47407,125,130,-5,5
47408,96,106,-10,10
47409,74,101,-27,27
47410,109,123,-14,14
47411,84,98,-14,14
47412,50,68,-18,18
47413,146,147,-1,1
47414,116,119,-3,3
47415,93,100,-7,7
47416,92,97,-5,5
47417,72,81,-9,9
47418,159,147,12,12
47419,79,89,-10,10
47420,117,120,-3,3
47421,92,97,-5,5
47422,102,111,-9,9
47423,61,78,-17,17
47424,55,68,-13,13
47425,91,91,0,0
47426,94,98,-4,4
47427,64,78,-14,14
47428,121,126,-5,5
47429,50,67,-17,17
47430,91,99,-8,8
47431,87,99,-12,12
47432,100,107,-7,7
47433,60,80,-20,20
47434,139,145,-6,6
47435,77,87,-10,10
47436,54,71,-17,17
47437,117,110,7,7
47438,105,129,-24,24
47439,105,112,-7,7
47440,78,96,-18,18
47441,108,110,-2,2
47442,111,131,-20,20
47443,112,127,-15,15
47444,69,83,-14,14
47445,100,114,-14,14
47446,96,103,-7,7
47447,31,66,-35,35
47448,75,87,-12,12
47449,68,82,-14,14
47450,53,72,-19,19
47451,63,81,-18,18
47452,85,93,-8,8
47453,126,136,-10,10
47454,107,118,-11,11
47455,130,135,-5,5
47456,65,78,-13,13
47457,73,84,-11,11
47458,107,121,-14,14
47459,121,128,-7,7
47460,99,110,-11,11
47461,92,112,-20,20
47462,170,165,5,5
47463,85,87,-2,2
47464,142,149,-7,7
47465,86,99,-13,13
47466,63,78,-15,15
47467,121,121,0,0
47468,84,104,-20,20
47469,66,78,-12,12
47470,60,73,-13,13
47471,68,80,-12,12
47472,113,136,-23,23
47473,101,109,-8,8
47474,48,69,-21,21
47475,154,153,1,1
47476,160,151,9,9
47477,102,105,-3,3
47478,94,106,-12,12
47479,84,94,-10,10
47480,107,123,-16,16
47481,66,84,-18,18
47482,87,104,-17,17
47483,84,87,-3,3
47484,86,104,-18,18
47485,101,83,18,18
47486,83,91,-8,8
47487,70,76,-6,6
47488,104,106,-2,2
47489,78,85,-7,7
47490,69,81,-12,12
47491,172,157,15,15
47492,66,95,-29,29
47493,96,102,-6,6
47494,73,87,-14,14
47495,122,142,-20,20
47496,66,91,-25,25
47497,78,92,-14,14
47498,70,146,-76,76
47499,62,80,-18,18
47500,64,76,-12,12
47501,189,170,19,19
47502,101,111,-10,10
47503,83,94,-11,11
47504,88,92,-4,4
47505,108,117,-9,9
47506,109,114,-5,5
47507,50,63,-13,13
47508,100,106,-6,6
47509,98,105,-7,7
47510,74,81,-7,7
47511,151,145,6,6
47512,67,83,-16,16
47513,145,144,1,1
47514,99,105,-6,6
47515,79,91,-12,12
47516,66,86,-20,20
47517,87,97,-10,10
47518,104,109,-5,5
47519,75,85,-10,10
47520,81,86,-5,5
47521,79,99,-20,20
47522,82,93,-11,11
47523,202,176,26,26
47524,64,78,-14,14
47525,142,146,-4,4
47526,77,115,-38,38
47527,95,127,-32,32
47528,127,139,-12,12
47529,89,107,-18,18
47530,136,149,-13,13
47531,63,84,-21,21
47532,123,126,-3,3
47533,113,119,-6,6
47534,98,107,-9,9
47535,136,133,3,3
47536,124,128,-4,4
47537,124,124,0,0
47538,162,150,12,12
47539,81,104,-23,23
47540,93,104,-11,11
47541,83,101,-18,18
47542,127,121,6,6
47543,60,72,-12,12
47544,83,96,-13,13
47545,60,76,-16,16
47546,103,122,-19,19
47547,93,96,-3,3
47548,78,90,-12,12
47549,97,105,-8,8
47550,73,82,-9,9
47551,128,128,0,0
47552,92,109,-17,17
47553,37,55,-18,18
47554,154,150,4,4
47555,60,80,-20,20
47556,94,103,-9,9
47557,103,113,-10,10
47558,72,86,-14,14
47559,65,88,-23,23
47560,85,101,-16,16
47561,111,119,-8,8
47562,88,101,-13,13
47563,110,114,-4,4
47564,102,110,-8,8
47565,59,76,-17,17
47566,89,97,-8,8
47567,113,113,0,0
47568,65,86,-21,21
47569,148,149,-1,1
47570,83,94,-11,11
47571,81,93,-12,12
47572,88,96,-8,8
47573,67,86,-19,19
47574,44,65,-21,21
47575,98,114,-16,16
47576,89,99,-10,10
47577,85,97,-12,12
47578,165,151,14,14
47579,58,82,-24,24
47580,118,121,-3,3
47581,138,131,7,7
47582,85,95,-10,10
47583,77,91,-14,14
47584,58,74,-16,16
47585,78,87,-9,9
47586,94,118,-24,24
47587,51,72,-21,21
47588,109,127,-18,18
47589,72,94,-22,22
47590,71,82,-11,11
47591,83,103,-20,20
47592,97,106,-9,9
47593,81,93,-12,12
47594,192,203,-11,11
47595,152,148,4,4
47596,101,111,-10,10
47597,65,75,-10,10
47598,77,96,-19,19
47599,130,133,-3,3
47600,124,113,11,11
47601,89,104,-15,15
47602,105,125,-20,20
47603,85,94,-9,9
47604,147,148,-1,1
47605,108,128,-20,20
47606,86,96,-10,10
47607,66,84,-18,18
47608,62,74,-12,12
47609,74,81,-7,7
47610,144,135,9,9
47611,77,88,-11,11
47612,53,65,-12,12
47613,81,89,-8,8
47614,121,126,-5,5
47615,71,83,-12,12
47616,75,81,-6,6
47617,105,111,-6,6
47618,98,113,-15,15
47619,133,144,-11,11
47620,115,129,-14,14
47621,56,71,-15,15
47622,139,145,-6,6
47623,108,120,-12,12
47624,207,176,31,31
47625,43,72,-29,29
47626,135,140,-5,5
47627,122,133,-11,11
47628,61,81,-20,20
47629,97,102,-5,5
47630,77,87,-10,10
47631,123,117,6,6
47632,59,78,-19,19
47633,113,129,-16,16
47634,125,132,-7,7
47635,88,98,-10,10
47636,72,82,-10,10
47637,137,143,-6,6
47638,113,115,-2,2
47639,112,113,-1,1
47640,60,78,-18,18
47641,106,117,-11,11
47642,143,147,-4,4
47643,91,100,-9,9
47644,95,101,-6,6
47645,155,147,8,8
47646,106,120,-14,14
47647,103,125,-22,22
47648,142,134,8,8
47649,76,94,-18,18
47650,115,131,-16,16
47651,96,135,-39,39
47652,103,107,-4,4
47653,106,121,-15,15
47654,67,81,-14,14
47655,100,108,-8,8
47656,103,107,-4,4
47657,72,88,-16,16
47658,142,142,0,0
47659,32,69,-37,37
47660,137,141,-4,4
47661,57,79,-22,22
47662,69,86,-17,17
47663,47,66,-19,19
47664,82,92,-10,10
47665,113,115,-2,2
47666,81,100,-19,19
47667,96,109,-13,13
47668,67,77,-10,10
47669,138,138,0,0
47670,73,81,-8,8
47671,62,93,-31,31
47672,45,66,-21,21
47673,106,111,-5,5
47674,65,76,-11,11
47675,79,89,-10,10
47676,109,121,-12,12
47677,147,147,0,0
47678,67,78,-11,11
47679,94,102,-8,8
47680,73,88,-15,15
47681,57,81,-24,24
47682,124,123,1,1
47683,68,86,-18,18
47684,89,96,-7,7
47685,105,108,-3,3
47686,64,92,-28,28
47687,78,96,-18,18
47688,108,112,-4,4
47689,171,166,5,5
47690,92,97,-5,5
47691,63,76,-13,13
47692,66,83,-17,17
47693,85,101,-16,16
47694,134,137,-3,3
47695,73,83,-10,10
47696,85,96,-11,11
47697,81,94,-13,13
47698,119,123,-4,4
47699,64,75,-11,11
47700,73,83,-10,10
47701,120,116,4,4
47702,122,128,-6,6
47703,97,113,-16,16
47704,69,84,-15,15
47705,88,99,-11,11
47706,86,98,-12,12
47707,87,99,-12,12
47708,152,148,4,4
47709,65,81,-16,16
47710,37,65,-28,28
47711,125,123,2,2
47712,117,138,-21,21
47713,72,84,-12,12
47714,120,148,-28,28
47715,67,82,-15,15
47716,147,147,0,0
47717,142,147,-5,5
47718,111,118,-7,7
47719,104,116,-12,12
47720,90,93,-3,3
47721,76,92,-16,16
47722,82,88,-6,6
47723,122,110,12,12
47724,176,159,17,17
47725,97,96,1,1
47726,84,96,-12,12
47727,94,100,-6,6
47728,175,174,1,1
47729,90,103,-13,13
47730,62,77,-15,15
47731,116,116,0,0
47732,137,140,-3,3
47733,141,139,2,2
47734,96,126,-30,30
47735,99,110,-11,11
47736,66,75,-9,9
47737,183,173,10,10
47738,64,81,-17,17
47739,137,149,-12,12
47740,51,69,-18,18
47741,35,55,-20,20
47742,137,135,2,2
47743,151,152,-1,1
47744,115,123,-8,8
47745,94,101,-7,7
47746,42,63,-21,21
47747,57,80,-23,23
47748,102,123,-21,21
47749,59,75,-16,16
47750,73,97,-24,24
47751,80,90,-10,10
47752,102,120,-18,18
47753,111,119,-8,8
47754,150,151,-1,1
47755,149,146,3,3
47756,129,129,0,0
47757,35,72,-37,37
47758,50,71,-21,21
47759,85,93,-8,8
47760,90,98,-8,8
47761,129,124,5,5
47762,111,126,-15,15
47763,80,103,-23,23
47764,165,164,1,1
47765,69,83,-14,14
47766,132,133,-1,1
47767,145,144,1,1
47768,51,69,-18,18
47769,152,147,5,5
47770,64,79,-15,15
47771,168,156,12,12
47772,100,117,-17,17
47773,72,79,-7,7
47774,86,101,-15,15
47775,67,89,-22,22
47776,71,86,-15,15
47777,156,152,4,4
47778,92,99,-7,7
47779,93,107,-14,14
47780,95,112,-17,17
47781,113,120,-7,7
47782,105,109,-4,4
47783,77,94,-17,17
47784,96,119,-23,23
47785,103,116,-13,13
47786,76,104,-28,28
47787,77,88,-11,11
47788,103,104,-1,1
47789,80,91,-11,11
47790,72,91,-19,19
47791,98,106,-8,8
47792,94,100,-6,6
47793,145,151,-6,6
47794,57,69,-12,12
47795,95,102,-7,7
47796,97,91,6,6
47797,160,148,12,12
47798,161,156,5,5
47799,71,82,-11,11
47800,95,101,-6,6
47801,100,111,-11,11
47802,57,65,-8,8
47803,96,106,-10,10
47804,70,83,-13,13
47805,51,97,-46,46
47806,70,83,-13,13
47807,27,54,-27,27
47808,93,100,-7,7
47809,110,119,-9,9
47810,128,131,-3,3
47811,146,152,-6,6
47812,81,81,0,0
47813,100,106,-6,6
47814,77,82,-5,5
47815,57,77,-20,20
47816,110,119,-9,9
47817,90,105,-15,15
47818,105,122,-17,17
47819,91,98,-7,7
47820,158,153,5,5
47821,79,86,-7,7
47822,52,65,-13,13
47823,86,91,-5,5
47824,100,108,-8,8
47825,65,79,-14,14
47826,116,117,-1,1
47827,75,83,-8,8
47828,95,105,-10,10
47829,71,87,-16,16
47830,87,103,-16,16
47831,79,81,-2,2
47832,77,92,-15,15
47833,55,75,-20,20
47834,94,102,-8,8
47835,99,108,-9,9
47836,98,109,-11,11
47837,95,121,-26,26
47838,123,133,-10,10
47839,76,102,-26,26
47840,157,159,-2,2
47841,75,91,-16,16
47842,114,124,-10,10
47843,47,60,-13,13
47844,110,116,-6,6
47845,122,126,-4,4
47846,89,112,-23,23
47847,65,80,-15,15
47848,63,82,-19,19
47849,140,138,2,2
47850,101,112,-11,11
47851,132,137,-5,5
47852,175,176,-1,1
47853,79,93,-14,14
47854,97,108,-11,11
47855,108,109,-1,1
47856,76,81,-5,5
47857,80,86,-6,6
47858,114,118,-4,4
47859,160,162,-2,2
47860,101,103,-2,2
47861,143,140,3,3
47862,40,65,-25,25
47863,151,147,4,4
47864,111,137,-26,26
47865,105,131,-26,26
47866,93,101,-8,8
47867,121,132,-11,11
47868,162,153,9,9
47869,91,110,-19,19
47870,86,96,-10,10
47871,133,147,-14,14
47872,69,86,-17,17
47873,110,117,-7,7
47874,76,85,-9,9
47875,70,88,-18,18
47876,129,122,7,7
47877,105,111,-6,6
47878,118,125,-7,7
47879,51,70,-19,19
47880,155,149,6,6
47881,80,92,-12,12
47882,91,117,-26,26
47883,87,94,-7,7
47884,61,86,-25,25
47885,65,78,-13,13
47886,85,101,-16,16
47887,89,101,-12,12
47888,62,76,-14,14
47889,85,98,-13,13
47890,65,88,-23,23
47891,127,134,-7,7
47892,94,106,-12,12
47893,106,116,-10,10
47894,72,80,-8,8
47895,115,119,-4,4
47896,100,101,-1,1
47897,56,69,-13,13
47898,78,103,-25,25
47899,100,107,-7,7
47900,94,107,-13,13
47901,104,110,-6,6
47902,76,100,-24,24
47903,100,108,-8,8
47904,114,116,-2,2
47905,94,98,-4,4
47906,92,105,-13,13
47907,51,64,-13,13
47908,129,135,-6,6
47909,30,49,-19,19
47910,91,112,-21,21
47911,72,91,-19,19
47912,99,109,-10,10
47913,59,74,-15,15
47914,103,110,-7,7
47915,140,132,8,8
47916,71,87,-16,16
47917,77,91,-14,14
47918,108,121,-13,13
47919,87,91,-4,4
47920,150,149,1,1
47921,108,123,-15,15
47922,78,87,-9,9
47923,143,144,-1,1
47924,109,129,-20,20
47925,81,95,-14,14
47926,82,102,-20,20
47927,46,63,-17,17
47928,142,139,3,3
47929,54,71,-17,17
47930,89,113,-24,24
47931,53,68,-15,15
47932,73,84,-11,11
47933,74,88,-14,14
47934,43,56,-13,13
47935,89,103,-14,14
47936,71,88,-17,17
47937,62,91,-29,29
47938,59,80,-21,21
47939,114,118,-4,4
47940,56,72,-16,16
47941,94,107,-13,13
47942,102,120,-18,18
47943,112,118,-6,6
47944,75,90,-15,15
47945,77,103,-26,26
47946,124,130,-6,6
47947,128,127,1,1
47948,70,90,-20,20
47949,84,148,-64,64
47950,151,148,3,3
47951,113,116,-3,3
47952,85,94,-9,9
47953,82,116,-34,34
47954,163,161,2,2
47955,124,144,-20,20
47956,80,91,-11,11
47957,122,150,-28,28
47958,88,92,-4,4
47959,66,76,-10,10
47960,83,98,-15,15
47961,118,122,-4,4
47962,57,70,-13,13
47963,66,85,-19,19
47964,108,118,-10,10
47965,93,111,-18,18
47966,51,64,-13,13
47967,171,158,13,13
47968,114,116,-2,2
47969,45,66,-21,21
47970,86,91,-5,5
47971,62,86,-24,24
47972,67,81,-14,14
47973,76,93,-17,17
47974,108,122,-14,14
47975,100,129,-29,29
47976,139,141,-2,2
47977,115,126,-11,11
47978,144,128,16,16
47979,90,93,-3,3
47980,91,95,-4,4
47981,75,92,-17,17
47982,135,136,-1,1
47983,67,88,-21,21
47984,117,112,5,5
47985,127,127,0,0
47986,59,72,-13,13
47987,48,69,-21,21
47988,69,83,-14,14
47989,93,99,-6,6
47990,123,131,-8,8
47991,131,147,-16,16
47992,105,114,-9,9
47993,121,137,-16,16
47994,111,125,-14,14
47995,43,59,-16,16
47996,131,134,-3,3
47997,133,133,0,0
47998,74,88,-14,14
47999,154,144,10,10
48000,36,54,-18,18
48001,83,102,-19,19
48002,114,125,-11,11
48003,115,119,-4,4
48004,117,123,-6,6
48005,129,139,-10,10
48006,119,124,-5,5
48007,65,79,-14,14
48008,88,102,-14,14
48009,80,89,-9,9
48010,43,55,-12,12
48011,68,86,-18,18
48012,157,148,9,9
48013,104,114,-10,10
48014,56,66,-10,10
48015,52,68,-16,16
48016,115,122,-7,7
48017,64,76,-12,12
48018,139,143,-4,4
48019,58,70,-12,12
48020,105,115,-10,10
48021,196,186,10,10
48022,117,118,-1,1
48023,108,101,7,7
48024,109,139,-30,30
48025,53,66,-13,13
48026,97,100,-3,3
48027,89,105,-16,16
48028,136,139,-3,3
48029,156,159,-3,3
48030,107,109,-2,2
48031,48,61,-13,13
48032,108,122,-14,14
48033,151,145,6,6
48034,71,97,-26,26
48035,99,100,-1,1
48036,119,115,4,4
48037,131,139,-8,8
48038,72,91,-19,19
48039,112,120,-8,8
48040,142,152,-10,10
48041,130,136,-6,6
48042,103,118,-15,15
48043,136,139,-3,3
48044,61,79,-18,18
48045,93,103,-10,10
48046,124,134,-10,10
48047,44,67,-23,23
48048,166,172,-6,6
48049,134,144,-10,10
48050,85,93,-8,8
48051,56,77,-21,21
48052,58,80,-22,22
48053,95,104,-9,9
48054,113,118,-5,5
48055,80,98,-18,18
48056,105,112,-7,7
48057,56,67,-11,11
48058,79,97,-18,18
48059,77,93,-16,16
48060,90,100,-10,10
48061,68,93,-25,25
48062,65,84,-19,19
48063,95,103,-8,8
48064,51,69,-18,18
48065,99,105,-6,6
48066,81,87,-6,6
48067,116,117,-1,1
48068,72,90,-18,18
48069,55,79,-24,24
48070,144,148,-4,4
48071,74,93,-19,19
48072,135,147,-12,12
48073,60,80,-20,20
48074,76,100,-24,24
48075,144,136,8,8
48076,141,134,7,7
48077,80,81,-1,1
48078,74,92,-18,18
48079,83,95,-12,12
48080,76,83,-7,7
48081,100,109,-9,9
48082,97,104,-7,7
48083,141,132,9,9
48084,109,119,-10,10
48085,87,120,-33,33
48086,104,116,-12,12
48087,69,80,-11,11
48088,60,84,-24,24
48089,71,91,-20,20
48090,64,79,-15,15
48091,69,88,-19,19
48092,92,106,-14,14
48093,93,102,-9,9
48094,88,95,-7,7
48095,11,38,-27,27
48096,132,129,3,3
48097,62,88,-26,26
48098,73,102,-29,29
48099,110,114,-4,4
48100,84,98,-14,14
48101,63,66,-3,3
48102,110,122,-12,12
48103,61,73,-12,12
48104,81,101,-20,20
48105,107,122,-15,15
48106,161,149,12,12
48107,66,76,-10,10
48108,59,84,-25,25
48109,115,130,-15,15
48110,113,121,-8,8
48111,125,136,-11,11
48112,104,117,-13,13
48113,90,102,-12,12
48114,84,94,-10,10
48115,101,114,-13,13
48116,151,145,6,6
48117,127,127,0,0
48118,102,114,-12,12
48119,85,102,-17,17
48120,64,86,-22,22
48121,114,124,-10,10
48122,104,110,-6,6
48123,99,112,-13,13
48124,60,73,-13,13
48125,102,119,-17,17
48126,125,130,-5,5
48127,109,132,-23,23
48128,106,111,-5,5
48129,91,104,-13,13
48130,54,87,-33,33
48131,86,115,-29,29
48132,108,125,-17,17
48133,61,74,-13,13
48134,63,92,-29,29
48135,112,124,-12,12
48136,35,55,-20,20
48137,86,95,-9,9
48138,79,100,-21,21
48139,112,122,-10,10
48140,180,173,7,7
48141,94,98,-4,4
48142,125,128,-3,3
48143,82,92,-10,10
48144,94,114,-20,20
48145,83,88,-5,5
48146,93,111,-18,18
48147,89,105,-16,16
48148,63,80,-17,17
48149,120,132,-12,12
48150,91,93,-2,2
48151,102,135,-33,33
48152,70,90,-20,20
48153,66,76,-10,10
48154,73,84,-11,11
48155,122,119,3,3
48156,50,71,-21,21
48157,65,90,-25,25
48158,146,149,-3,3
48159,72,89,-17,17
48160,109,108,1,1
48161,67,83,-16,16
48162,138,140,-2,2
48163,78,90,-12,12
48164,143,147,-4,4
48165,82,94,-12,12
48166,147,156,-9,9
48167,115,124,-9,9
48168,107,124,-17,17
48169,60,75,-15,15
48170,95,103,-8,8
48171,95,103,-8,8
48172,39,62,-23,23
48173,75,100,-25,25
48174,61,76,-15,15
48175,194,193,1,1
48176,67,87,-20,20
48177,104,108,-4,4
48178,79,93,-14,14
48179,57,92,-35,35
48180,45,63,-18,18
48181,66,87,-21,21
48182,70,82,-12,12
48183,61,91,-30,30
48184,93,100,-7,7
48185,104,115,-11,11
48186,122,145,-23,23
48187,64,79,-15,15
48188,68,89,-21,21
48189,132,142,-10,10
48190,55,72,-17,17
48191,117,125,-8,8
48192,89,96,-7,7
48193,83,101,-18,18
48194,94,121,-27,27
48195,59,69,-10,10
48196,149,147,2,2
48197,77,92,-15,15
48198,92,108,-16,16
48199,84,92,-8,8
48200,71,83,-12,12
48201,75,84,-9,9
48202,123,124,-1,1
48203,108,125,-17,17
48204,90,105,-15,15
48205,99,94,5,5
48206,38,61,-23,23
48207,59,79,-20,20
48208,104,112,-8,8
48209,114,135,-21,21
48210,83,97,-14,14
48211,182,158,24,24
48212,89,102,-13,13
48213,77,83,-6,6
48214,146,144,2,2
48215,74,88,-14,14
48216,73,81,-8,8
48217,71,83,-12,12
48218,70,80,-10,10
48219,139,147,-8,8
48220,75,78,-3,3
48221,110,137,-27,27
48222,106,119,-13,13
48223,150,149,1,1
48224,132,134,-2,2
48225,108,109,-1,1
48226,56,71,-15,15
48227,133,138,-5,5
48228,123,123,0,0
48229,58,71,-13,13
48230,73,89,-16,16
48231,118,119,-1,1
48232,83,94,-11,11
48233,66,76,-10,10
48234,83,96,-13,13
48235,89,100,-11,11
48236,87,105,-18,18
48237,95,106,-11,11
48238,57,76,-19,19
48239,124,134,-10,10
48240,136,142,-6,6
48241,102,113,-11,11
48242,123,134,-11,11
48243,53,70,-17,17
48244,59,86,-27,27
48245,150,146,4,4
48246,140,138,2,2
48247,88,100,-12,12
48248,140,143,-3,3
48249,86,99,-13,13
48250,106,114,-8,8
48251,127,147,-20,20
48252,88,86,2,2
48253,99,119,-20,20
48254,83,98,-15,15
48255,81,97,-16,16
48256,151,147,4,4
48257,144,148,-4,4
48258,55,72,-17,17
48259,66,78,-12,12
48260,103,112,-9,9
48261,100,106,-6,6
48262,76,90,-14,14
48263,115,122,-7,7
48264,135,136,-1,1
48265,128,125,3,3
48266,163,149,14,14
48267,81,90,-9,9
48268,88,99,-11,11
48269,86,127,-41,41
48270,147,144,3,3
48271,179,164,15,15
48272,98,101,-3,3
48273,91,95,-4,4
48274,145,147,-2,2
48275,53,73,-20,20
48276,122,134,-12,12
48277,79,88,-9,9
48278,118,138,-20,20
48279,100,103,-3,3
48280,76,84,-8,8
48281,148,149,-1,1
48282,55,78,-23,23
48283,80,90,-10,10
48284,129,148,-19,19
48285,52,76,-24,24
48286,108,117,-9,9
48287,71,85,-14,14
48288,49,63,-14,14
48289,111,116,-5,5
48290,97,100,-3,3
48291,106,103,3,3
48292,31,55,-24,24
48293,62,76,-14,14
48294,140,154,-14,14
48295,102,105,-3,3
48296,68,76,-8,8
48297,66,77,-11,11
48298,98,112,-14,14
48299,29,53,-24,24
48300,162,155,7,7
48301,68,84,-16,16
48302,39,60,-21,21
48303,61,77,-16,16
48304,126,141,-15,15
48305,82,85,-3,3
48306,95,97,-2,2
48307,86,104,-18,18
48308,91,102,-11,11
48309,68,96,-28,28
48310,70,86,-16,16
48311,56,67,-11,11
48312,113,122,-9,9
48313,83,93,-10,10
48314,185,165,20,20
48315,133,138,-5,5
48316,98,105,-7,7
48317,47,69,-22,22
48318,86,91,-5,5
48319,115,115,0,0
48320,121,123,-2,2
48321,130,142,-12,12
48322,116,124,-8,8
48323,55,68,-13,13
48324,88,99,-11,11
48325,158,156,2,2
48326,208,198,10,10
48327,104,107,-3,3
48328,109,118,-9,9
48329,94,112,-18,18
48330,49,68,-19,19
48331,66,88,-22,22
48332,135,152,-17,17
48333,112,110,2,2
48334,75,89,-14,14
48335,99,113,-14,14
48336,98,113,-15,15
48337,77,97,-20,20
48338,108,107,1,1
48339,81,95,-14,14
48340,99,122,-23,23
48341,113,103,10,10
48342,68,88,-20,20
48343,111,125,-14,14
48344,57,75,-18,18
48345,141,135,6,6
48346,96,105,-9,9
48347,57,81,-24,24
48348,86,98,-12,12
48349,64,99,-35,35
48350,58,65,-7,7
48351,68,83,-15,15
48352,79,88,-9,9
48353,128,137,-9,9
48354,133,135,-2,2
48355,129,142,-13,13
48356,98,104,-6,6
48357,126,124,2,2
48358,68,83,-15,15
48359,98,105,-7,7
48360,76,77,-1,1
48361,151,145,6,6
48362,143,147,-4,4
48363,81,99,-18,18
48364,154,147,7,7
48365,99,112,-13,13
48366,58,77,-19,19
48367,40,58,-18,18
48368,101,116,-15,15
48369,88,91,-3,3
48370,102,104,-2,2
48371,82,89,-7,7
48372,80,89,-9,9
48373,77,86,-9,9
48374,91,99,-8,8
48375,133,139,-6,6
48376,160,149,11,11
48377,137,141,-4,4
48378,110,114,-4,4
48379,78,87,-9,9
48380,83,97,-14,14
48381,68,92,-24,24
48382,85,102,-17,17
48383,90,99,-9,9
48384,51,70,-19,19
48385,95,105,-10,10
48386,133,134,-1,1
48387,63,78,-15,15
48388,64,78,-14,14
48389,64,72,-8,8
48390,128,137,-9,9
48391,94,111,-17,17
48392,87,100,-13,13
48393,49,68,-19,19
48394,66,81,-15,15
48395,53,70,-17,17
48396,99,110,-11,11
48397,55,78,-23,23
48398,166,158,8,8
48399,179,162,17,17
48400,100,107,-7,7
48401,97,106,-9,9
48402,139,137,2,2
48403,59,74,-15,15
48404,175,160,15,15
48405,123,138,-15,15
48406,72,89,-17,17
48407,77,99,-22,22
48408,86,88,-2,2
48409,52,71,-19,19
48410,122,145,-23,23
48411,83,94,-11,11
48412,109,130,-21,21
48413,123,126,-3,3
48414,72,87,-15,15
48415,86,94,-8,8
48416,97,122,-25,25
48417,98,106,-8,8
48418,98,100,-2,2
48419,72,83,-11,11
48420,160,149,11,11
48421,61,76,-15,15
48422,91,106,-15,15
48423,65,75,-10,10
48424,145,144,1,1
48425,60,75,-15,15
48426,125,130,-5,5
48427,57,75,-18,18
48428,117,123,-6,6
48429,104,113,-9,9
48430,141,143,-2,2
48431,65,81,-16,16
48432,78,88,-10,10
48433,74,91,-17,17
48434,82,95,-13,13
48435,83,95,-12,12
48436,79,95,-16,16
48437,79,93,-14,14
48438,73,87,-14,14
48439,154,145,9,9
48440,89,98,-9,9
48441,83,99,-16,16
48442,79,89,-10,10
48443,167,152,15,15
48444,103,125,-22,22
48445,89,98,-9,9
48446,199,176,23,23
48447,63,84,-21,21
48448,67,78,-11,11
48449,152,158,-6,6
48450,98,114,-16,16
48451,78,93,-15,15
48452,78,89,-11,11
48453,119,134,-15,15
48454,93,110,-17,17
48455,121,132,-11,11
48456,105,106,-1,1
48457,184,151,33,33
48458,60,75,-15,15
48459,167,149,18,18
48460,51,72,-21,21
48461,114,134,-20,20
48462,59,71,-12,12
48463,98,116,-18,18
48464,62,79,-17,17
48465,74,80,-6,6
48466,87,95,-8,8
48467,84,95,-11,11
48468,63,78,-15,15
48469,103,105,-2,2
48470,133,128,5,5
48471,125,120,5,5
48472,137,143,-6,6
48473,82,88,-6,6
48474,145,149,-4,4
48475,111,124,-13,13
48476,117,121,-4,4
48477,61,71,-10,10
48478,107,124,-17,17
48479,127,132,-5,5
48480,50,65,-15,15
48481,75,86,-11,11
48482,173,162,11,11
48483,162,149,13,13
48484,72,93,-21,21
48485,104,117,-13,13
48486,84,96,-12,12
48487,84,91,-7,7
48488,99,110,-11,11
48489,109,117,-8,8
48490,125,139,-14,14
48491,100,109,-9,9
48492,108,123,-15,15
48493,118,131,-13,13
48494,70,90,-20,20
48495,67,74,-7,7
48496,39,57,-18,18
48497,87,102,-15,15
48498,71,94,-23,23
48499,65,78,-13,13
48500,185,167,18,18
48501,89,98,-9,9
48502,94,101,-7,7
48503,68,82,-14,14
48504,66,77,-11,11
48505,126,128,-2,2
48506,99,109,-10,10
48507,100,112,-12,12
48508,85,94,-9,9
48509,38,64,-26,26
48510,170,157,13,13
48511,109,109,0,0
48512,90,97,-7,7
48513,58,71,-13,13
48514,52,73,-21,21
48515,162,169,-7,7
48516,60,77,-17,17
48517,99,107,-8,8
48518,80,91,-11,11
48519,82,106,-24,24
48520,112,117,-5,5
48521,81,84,-3,3
48522,112,139,-27,27
48523,160,152,8,8
48524,44,62,-18,18
48525,60,74,-14,14
48526,87,93,-6,6
48527,66,75,-9,9
48528,54,67,-13,13
48529,158,147,11,11
48530,125,134,-9,9
48531,61,79,-18,18
48532,179,161,18,18
48533,174,149,25,25
48534,86,113,-27,27
48535,86,108,-22,22
48536,79,111,-32,32
48537,60,76,-16,16
48538,78,87,-9,9
48539,128,143,-15,15
48540,111,115,-4,4
48541,98,110,-12,12
48542,142,132,10,10
48543,65,79,-14,14
48544,142,136,6,6
48545,176,167,9,9
48546,88,95,-7,7
48547,165,157,8,8
48548,85,100,-15,15
48549,85,94,-9,9
48550,88,103,-15,15
48551,97,114,-17,17
48552,125,133,-8,8
48553,99,106,-7,7
48554,83,92,-9,9
48555,97,110,-13,13
48556,96,102,-6,6
48557,62,81,-19,19
48558,99,123,-24,24
48559,57,76,-19,19
48560,77,95,-18,18
48561,77,95,-18,18
48562,104,134,-30,30
48563,114,116,-2,2
48564,94,97,-3,3
48565,67,101,-34,34
48566,112,118,-6,6
48567,128,132,-4,4
48568,93,107,-14,14
48569,115,132,-17,17
48570,63,77,-14,14
48571,67,85,-18,18
48572,136,147,-11,11
48573,96,118,-22,22
48574,97,116,-19,19
48575,97,116,-19,19
48576,100,106,-6,6
48577,60,80,-20,20
48578,155,166,-11,11
48579,80,105,-25,25
48580,92,116,-24,24
48581,130,133,-3,3
48582,139,133,6,6
48583,121,128,-7,7
48584,58,75,-17,17
48585,73,91,-18,18
48586,98,107,-9,9
48587,95,110,-15,15
48588,126,132,-6,6
48589,112,123,-11,11
48590,82,100,-18,18
48591,105,109,-4,4
48592,68,91,-23,23
48593,67,91,-24,24
48594,121,132,-11,11
48595,164,147,17,17
48596,107,125,-18,18
48597,110,119,-9,9
48598,125,135,-10,10
48599,71,82,-11,11
48600,77,95,-18,18
48601,97,106,-9,9
48602,114,133,-19,19
48603,140,147,-7,7
48604,57,76,-19,19
48605,99,109,-10,10
48606,99,106,-7,7
48607,52,63,-11,11
48608,83,88,-5,5
48609,173,220,-47,47
48610,94,112,-18,18
48611,47,68,-21,21
48612,58,79,-21,21
48613,61,91,-30,30
48614,82,110,-28,28
48615,53,83,-30,30
48616,53,71,-18,18
48617,77,90,-13,13
48618,88,109,-21,21
48619,74,91,-17,17
48620,74,84,-10,10
48621,150,148,2,2
48622,135,146,-11,11
48623,176,172,4,4
48624,53,75,-22,22
48625,140,142,-2,2
48626,106,125,-19,19
48627,189,164,25,25
48628,104,128,-24,24
48629,71,100,-29,29
48630,66,76,-10,10
48631,82,102,-20,20
48632,111,142,-31,31
48633,114,115,-1,1
48634,140,146,-6,6
48635,95,111,-16,16
48636,152,150,2,2
48637,101,122,-21,21
48638,67,75,-8,8
48639,47,72,-25,25
48640,73,92,-19,19
48641,84,111,-27,27
48642,92,99,-7,7
48643,157,155,2,2
48644,128,137,-9,9
48645,96,121,-25,25
48646,91,100,-9,9
48647,92,101,-9,9
48648,132,136,-4,4
48649,170,160,10,10
48650,103,104,-1,1
48651,46,70,-24,24
48652,123,123,0,0
48653,91,93,-2,2
48654,111,124,-13,13
48655,144,148,-4,4
48656,73,88,-15,15
48657,116,121,-5,5
48658,137,147,-10,10
48659,131,134,-3,3
48660,37,58,-21,21
48661,84,100,-16,16
48662,91,97,-6,6
48663,175,171,4,4
48664,137,147,-10,10
48665,91,100,-9,9
48666,41,65,-24,24
48667,88,95,-7,7
48668,86,92,-6,6
48669,67,82,-15,15
48670,181,161,20,20
48671,108,114,-6,6
48672,51,63,-12,12
48673,145,144,1,1
48674,87,98,-11,11
48675,42,60,-18,18
48676,92,102,-10,10
48677,196,174,22,22
48678,43,62,-19,19
48679,108,118,-10,10
48680,131,129,2,2
48681,105,121,-16,16
48682,77,93,-16,16
48683,80,93,-13,13
48684,144,147,-3,3
48685,120,140,-20,20
48686,70,86,-16,16
48687,62,75,-13,13
48688,40,58,-18,18
48689,80,87,-7,7
48690,93,98,-5,5
48691,41,64,-23,23
48692,90,109,-19,19
48693,82,90,-8,8
48694,85,106,-21,21
48695,103,103,0,0
48696,119,121,-2,2
48697,65,82,-17,17
48698,85,97,-12,12
48699,114,115,-1,1
48700,95,101,-6,6
48701,39,55,-16,16
48702,89,95,-6,6
48703,116,127,-11,11
48704,133,144,-11,11
48705,76,90,-14,14
48706,146,148,-2,2
48707,55,71,-16,16
48708,170,163,7,7
48709,76,87,-11,11
48710,89,103,-14,14
48711,76,108,-32,32
48712,107,110,-3,3
48713,69,79,-10,10
48714,94,114,-20,20
48715,106,115,-9,9
48716,91,92,-1,1
48717,158,157,1,1
48718,110,120,-10,10
48719,69,88,-19,19
48720,90,96,-6,6
48721,99,101,-2,2
48722,74,87,-13,13
48723,94,111,-17,17
48724,70,84,-14,14
48725,81,108,-27,27
48726,136,147,-11,11
48727,89,103,-14,14
48728,113,129,-16,16
48729,110,113,-3,3
48730,137,147,-10,10
48731,100,108,-8,8
48732,114,118,-4,4
48733,122,120,2,2
48734,27,43,-16,16
48735,105,124,-19,19
48736,65,87,-22,22
48737,120,139,-19,19
48738,68,84,-16,16
48739,158,149,9,9
48740,76,94,-18,18
48741,123,128,-5,5
48742,71,85,-14,14
48743,86,96,-10,10
48744,68,93,-25,25
48745,118,123,-5,5
48746,36,57,-21,21
48747,26,50,-24,24
48748,55,69,-14,14
48749,87,96,-9,9
48750,117,121,-4,4
48751,36,55,-19,19
48752,112,122,-10,10
48753,73,79,-6,6
48754,93,102,-9,9
48755,122,122,0,0
48756,117,123,-6,6
48757,116,136,-20,20
48758,95,102,-7,7
48759,51,69,-18,18
48760,81,93,-12,12
48761,88,93,-5,5
48762,62,78,-16,16
48763,84,83,1,1
48764,69,83,-14,14
48765,62,82,-20,20
48766,101,117,-16,16
48767,112,122,-10,10
48768,182,161,21,21
48769,51,73,-22,22
48770,89,103,-14,14
48771,123,135,-12,12
48772,91,102,-11,11
48773,67,90,-23,23
48774,150,143,7,7
48775,61,80,-19,19
48776,107,112,-5,5
48777,53,72,-19,19
48778,79,96,-17,17
48779,143,155,-12,12
48780,115,127,-12,12
48781,66,81,-15,15
48782,104,112,-8,8
48783,154,159,-5,5
48784,96,100,-4,4
48785,165,161,4,4
48786,124,136,-12,12
48787,108,113,-5,5
48788,106,121,-15,15
48789,124,144,-20,20
48790,91,107,-16,16
48791,98,128,-30,30
48792,74,94,-20,20
48793,146,151,-5,5
48794,136,147,-11,11
48795,96,119,-23,23
48796,117,128,-11,11
48797,113,118,-5,5
48798,118,120,-2,2
48799,151,155,-4,4
48800,157,153,4,4
48801,98,96,2,2
48802,136,146,-10,10
48803,119,142,-23,23
48804,66,80,-14,14
48805,144,146,-2,2
48806,118,127,-9,9
48807,186,168,18,18
48808,91,106,-15,15
48809,99,111,-12,12
48810,78,93,-15,15
48811,81,98,-17,17
48812,77,93,-16,16
48813,51,67,-16,16
48814,81,104,-23,23
48815,110,122,-12,12
48816,83,94,-11,11
48817,75,100,-25,25
48818,73,86,-13,13
48819,113,122,-9,9
48820,84,90,-6,6
48821,94,102,-8,8
48822,77,103,-26,26
48823,101,109,-8,8
48824,100,105,-5,5
48825,68,81,-13,13
48826,65,80,-15,15
48827,159,156,3,3
48828,66,89,-23,23
48829,149,137,12,12
48830,81,114,-33,33
48831,56,71,-15,15
48832,149,161,-12,12
48833,56,69,-13,13
48834,110,121,-11,11
48835,61,77,-16,16
48836,57,69,-12,12
48837,107,119,-12,12
48838,58,77,-19,19
48839,106,118,-12,12
48840,145,136,9,9
48841,70,85,-15,15
48842,115,124,-9,9
48843,106,100,6,6
48844,144,145,-1,1
48845,129,125,4,4
48846,127,146,-19,19
48847,223,189,34,34
48848,147,150,-3,3
48849,95,103,-8,8
48850,34,50,-16,16
48851,66,77,-11,11
48852,88,99,-11,11
48853,91,97,-6,6
48854,90,94,-4,4
48855,131,140,-9,9
48856,61,82,-21,21
48857,66,77,-11,11
48858,125,137,-12,12
48859,69,80,-11,11
48860,73,98,-25,25
48861,87,94,-7,7
48862,89,98,-9,9
48863,69,90,-21,21
48864,114,126,-12,12
48865,64,81,-17,17
48866,146,147,-1,1
48867,93,109,-16,16
48868,54,72,-18,18
48869,171,172,-1,1
48870,63,78,-15,15
48871,70,89,-19,19
48872,61,80,-19,19
48873,75,86,-11,11
48874,158,148,10,10
48875,65,93,-28,28
48876,93,109,-16,16
48877,97,101,-4,4
48878,126,109,17,17
48879,122,128,-6,6
48880,128,148,-20,20
48881,109,120,-11,11
48882,90,94,-4,4
48883,167,163,4,4
48884,79,84,-5,5
48885,56,74,-18,18
48886,117,122,-5,5
48887,80,90,-10,10
48888,48,66,-18,18
48889,72,89,-17,17
48890,69,84,-15,15
48891,105,111,-6,6
48892,103,107,-4,4
48893,94,101,-7,7
48894,91,97,-6,6
48895,117,122,-5,5
48896,168,175,-7,7
48897,60,74,-14,14
48898,93,117,-24,24
48899,110,116,-6,6
48900,61,73,-12,12
48901,133,137,-4,4
48902,124,123,1,1
48903,131,136,-5,5
48904,81,95,-14,14
48905,78,87,-9,9
48906,117,122,-5,5
48907,116,125,-9,9
48908,75,93,-18,18
48909,50,70,-20,20
48910,76,83,-7,7
48911,120,123,-3,3
48912,96,106,-10,10
48913,99,131,-32,32
48914,163,154,9,9
48915,136,140,-4,4
48916,150,146,4,4
48917,87,110,-23,23
48918,116,127,-11,11
48919,127,135,-8,8
48920,73,85,-12,12
48921,110,126,-16,16
48922,65,79,-14,14
48923,74,89,-15,15
48924,98,106,-8,8
48925,74,87,-13,13
48926,105,114,-9,9
48927,92,107,-15,15
48928,80,96,-16,16
48929,111,120,-9,9
48930,93,103,-10,10
48931,69,79,-10,10
48932,76,98,-22,22
48933,59,70,-11,11
48934,127,132,-5,5
48935,45,66,-21,21
48936,100,97,3,3
48937,111,121,-10,10
48938,165,195,-30,30
48939,161,170,-9,9
48940,108,121,-13,13
48941,85,98,-13,13
48942,131,143,-12,12
48943,28,55,-27,27
48944,92,99,-7,7
48945,55,72,-17,17
48946,134,135,-1,1
48947,112,113,-1,1
48948,123,121,2,2
48949,137,145,-8,8
48950,72,94,-22,22
48951,116,116,0,0
48952,136,141,-5,5
48953,122,130,-8,8
48954,120,132,-12,12
48955,85,90,-5,5
48956,98,115,-17,17
48957,108,136,-28,28
48958,95,106,-11,11
48959,71,83,-12,12
48960,160,149,11,11
48961,112,126,-14,14
48962,98,118,-20,20
48963,72,83,-11,11
48964,102,111,-9,9
48965,95,99,-4,4
48966,130,135,-5,5
48967,96,103,-7,7
48968,123,128,-5,5
48969,100,121,-21,21
48970,172,164,8,8
48971,55,69,-14,14
48972,60,90,-30,30
48973,101,114,-13,13
48974,90,115,-25,25
48975,76,99,-23,23
48976,80,90,-10,10
48977,100,123,-23,23
48978,61,79,-18,18
48979,75,93,-18,18
48980,81,114,-33,33
48981,121,126,-5,5
48982,81,96,-15,15
48983,139,147,-8,8
48984,86,89,-3,3
48985,94,104,-10,10
48986,121,128,-7,7
48987,83,91,-8,8
48988,127,146,-19,19
48989,49,76,-27,27
48990,83,102,-19,19
48991,76,88,-12,12
48992,113,120,-7,7
48993,73,84,-11,11
48994,85,96,-11,11
48995,97,105,-8,8
48996,82,91,-9,9
48997,103,114,-11,11
48998,68,83,-15,15
48999,65,78,-13,13
49000,46,68,-22,22
49001,108,116,-8,8
49002,96,118,-22,22
49003,133,136,-3,3
49004,97,115,-18,18
49005,62,71,-9,9
49006,95,107,-12,12
49007,132,130,2,2
49008,164,152,12,12
49009,62,74,-12,12
49010,81,99,-18,18
49011,91,104,-13,13
49012,73,86,-13,13
49013,73,86,-13,13
49014,105,123,-18,18
49015,75,92,-17,17
49016,73,83,-10,10
49017,94,117,-23,23
49018,112,130,-18,18
49019,107,108,-1,1
49020,79,92,-13,13
49021,128,142,-14,14
49022,100,104,-4,4
49023,68,84,-16,16
49024,84,90,-6,6
49025,115,149,-34,34
49026,68,85,-17,17
49027,50,67,-17,17
49028,80,94,-14,14
49029,71,86,-15,15
49030,115,123,-8,8
49031,103,124,-21,21
49032,112,118,-6,6
49033,95,102,-7,7
49034,132,144,-12,12
49035,108,129,-21,21
49036,89,107,-18,18
49037,96,101,-5,5
49038,110,120,-10,10
49039,103,160,-57,57
49040,113,113,0,0
49041,72,91,-19,19
49042,85,107,-22,22
49043,106,121,-15,15
49044,101,112,-11,11
49045,117,140,-23,23
49046,67,88,-21,21
49047,82,98,-16,16
49048,61,77,-16,16
49049,64,74,-10,10
49050,86,103,-17,17
49051,89,103,-14,14
49052,49,69,-20,20
49053,136,129,7,7
49054,137,148,-11,11
49055,79,81,-2,2
49056,127,122,5,5
49057,130,129,1,1
49058,119,149,-30,30
49059,83,92,-9,9
49060,98,113,-15,15
49061,124,132,-8,8
49062,72,101,-29,29
49063,114,130,-16,16
49064,144,141,3,3
49065,117,119,-2,2
49066,68,84,-16,16
49067,41,62,-21,21
49068,88,103,-15,15
49069,156,149,7,7
49070,85,94,-9,9
49071,99,109,-10,10
49072,71,100,-29,29
49073,152,146,6,6
49074,86,93,-7,7
49075,95,97,-2,2
49076,100,108,-8,8
49077,99,111,-12,12
49078,137,118,19,19
49079,78,83,-5,5
49080,142,142,0,0
49081,80,102,-22,22
49082,70,82,-12,12
49083,112,122,-10,10
49084,116,128,-12,12
49085,76,94,-18,18
49086,128,133,-5,5
49087,101,109,-8,8
49088,111,121,-10,10
49089,71,82,-11,11
49090,129,137,-8,8
49091,170,159,11,11
49092,136,127,9,9
49093,105,108,-3,3
49094,117,117,0,0
49095,102,105,-3,3
49096,77,93,-16,16
49097,103,121,-18,18
49098,53,70,-17,17
49099,94,111,-17,17
49100,73,81,-8,8
49101,65,80,-15,15
49102,107,137,-30,30
49103,78,99,-21,21
49104,83,96,-13,13
49105,117,127,-10,10
49106,33,50,-17,17
49107,97,111,-14,14
49108,119,130,-11,11
49109,74,85,-11,11
49110,96,103,-7,7
49111,113,124,-11,11
49112,68,94,-26,26
49113,78,87,-9,9
49114,123,119,4,4
49115,121,136,-15,15
49116,74,87,-13,13
49117,100,107,-7,7
49118,71,88,-17,17
49119,46,63,-17,17
49120,90,104,-14,14
49121,63,92,-29,29
49122,94,111,-17,17
49123,83,98,-15,15
49124,86,98,-12,12
49125,116,129,-13,13
49126,107,110,-3,3
49127,111,132,-21,21
49128,211,181,30,30
49129,71,80,-9,9
49130,57,85,-28,28
49131,135,144,-9,9
49132,111,117,-6,6
49133,97,106,-9,9
49134,139,145,-6,6
49135,96,107,-11,11
49136,91,101,-10,10
49137,131,141,-10,10
49138,134,140,-6,6
49139,81,94,-13,13
49140,123,123,0,0
49141,122,136,-14,14
49142,149,150,-1,1
49143,122,123,-1,1
49144,114,120,-6,6
49145,112,112,0,0
49146,110,114,-4,4
49147,111,126,-15,15
49148,50,69,-19,19
49149,52,67,-15,15
49150,119,140,-21,21
49151,67,80,-13,13
49152,135,144,-9,9
49153,81,91,-10,10
49154,122,118,4,4
49155,130,139,-9,9
49156,60,78,-18,18
49157,108,130,-22,22
49158,97,112,-15,15
49159,50,72,-22,22
49160,77,82,-5,5
49161,106,105,1,1
49162,100,115,-15,15
49163,70,89,-19,19
49164,99,114,-15,15
49165,108,125,-17,17
49166,138,134,4,4
49167,132,141,-9,9
49168,73,91,-18,18
49169,73,94,-21,21
49170,111,115,-4,4
49171,101,114,-13,13
49172,123,135,-12,12
49173,80,152,-72,72
49174,56,62,-6,6
49175,101,107,-6,6
49176,119,130,-11,11
49177,125,147,-22,22
49178,107,119,-12,12
49179,141,146,-5,5
49180,110,136,-26,26
49181,91,95,-4,4
49182,67,80,-13,13
49183,91,108,-17,17
49184,62,84,-22,22
49185,66,78,-12,12
49186,51,89,-38,38
49187,26,52,-26,26
49188,112,121,-9,9
49189,85,95,-10,10
49190,173,156,17,17
49191,65,73,-8,8
49192,71,90,-19,19
49193,48,61,-13,13
49194,113,128,-15,15
49195,111,124,-13,13
49196,76,94,-18,18
49197,72,87,-15,15
49198,104,110,-6,6
49199,113,121,-8,8
49200,80,90,-10,10
49201,129,143,-14,14
49202,80,90,-10,10
49203,99,110,-11,11
49204,98,117,-19,19
49205,186,176,10,10
49206,84,97,-13,13
49207,46,64,-18,18
49208,81,102,-21,21
49209,62,74,-12,12
49210,85,95,-10,10
49211,63,75,-12,12
49212,114,132,-18,18
49213,91,100,-9,9
49214,100,125,-25,25
49215,53,64,-11,11
49216,127,123,4,4
49217,93,98,-5,5
49218,59,76,-17,17
49219,52,63,-11,11
49220,100,109,-9,9
49221,73,90,-17,17
49222,110,123,-13,13
49223,88,86,2,2
49224,87,96,-9,9
49225,53,69,-16,16
49226,96,109,-13,13
49227,70,98,-28,28
49228,80,104,-24,24
49229,80,89,-9,9
49230,78,85,-7,7
49231,45,58,-13,13
49232,97,108,-11,11
49233,172,158,14,14
49234,92,104,-12,12
49235,72,84,-12,12
49236,125,145,-20,20
49237,72,88,-16,16
49238,156,151,5,5
49239,61,76,-15,15
49240,118,133,-15,15
49241,89,123,-34,34
49242,126,117,9,9
49243,121,123,-2,2
49244,63,89,-26,26
49245,96,100,-4,4
49246,123,125,-2,2
49247,80,97,-17,17
49248,120,131,-11,11
49249,75,90,-15,15
49250,128,136,-8,8
49251,166,159,7,7
49252,129,135,-6,6
49253,74,93,-19,19
49254,70,91,-21,21
49255,75,88,-13,13
49256,115,108,7,7
49257,109,116,-7,7
49258,86,98,-12,12
49259,90,103,-13,13
49260,95,102,-7,7
49261,102,119,-17,17
49262,178,162,16,16
49263,140,141,-1,1
49264,148,148,0,0
49265,75,92,-17,17
49266,94,97,-3,3
49267,83,103,-20,20
49268,184,171,13,13
49269,98,103,-5,5
49270,36,51,-15,15
49271,68,82,-14,14
49272,88,99,-11,11
49273,71,82,-11,11
49274,80,88,-8,8
49275,81,95,-14,14
49276,98,118,-20,20
49277,99,102,-3,3
49278,41,66,-25,25
49279,51,71,-20,20
49280,161,153,8,8
49281,76,89,-13,13
49282,103,110,-7,7
49283,86,89,-3,3
49284,111,117,-6,6
49285,132,130,2,2
49286,91,98,-7,7
49287,114,116,-2,2
49288,106,110,-4,4
49289,140,143,-3,3
49290,54,67,-13,13
49291,231,199,32,32
49292,74,93,-19,19
49293,59,74,-15,15
49294,149,142,7,7
49295,98,103,-5,5
49296,96,105,-9,9
49297,98,112,-14,14
49298,29,52,-23,23
49299,80,95,-15,15
49300,115,118,-3,3
49301,75,85,-10,10
49302,93,107,-14,14
49303,86,96,-10,10
49304,67,73,-6,6
49305,56,71,-15,15
49306,120,129,-9,9
49307,188,165,23,23
49308,31,57,-26,26
49309,51,74,-23,23
49310,55,72,-17,17
49311,81,96,-15,15
49312,75,90,-15,15
49313,63,81,-18,18
49314,85,97,-12,12
49315,32,51,-19,19
49316,83,100,-17,17
49317,86,108,-22,22
49318,122,118,4,4
49319,46,69,-23,23
49320,122,120,2,2
49321,101,116,-15,15
49322,55,82,-27,27
49323,80,90,-10,10
49324,106,115,-9,9
49325,79,99,-20,20
49326,143,150,-7,7
49327,124,135,-11,11
49328,128,138,-10,10
49329,88,106,-18,18
49330,98,109,-11,11
49331,207,180,27,27
49332,133,131,2,2
49333,46,63,-17,17
49334,115,132,-17,17
49335,75,78,-3,3
49336,93,98,-5,5
49337,99,116,-17,17
49338,107,123,-16,16
49339,99,106,-7,7
49340,78,87,-9,9
49341,104,105,-1,1
49342,112,126,-14,14
49343,75,93,-18,18
49344,84,103,-19,19
49345,87,106,-19,19
49346,83,88,-5,5
49347,151,147,4,4
49348,23,58,-35,35
49349,168,158,10,10
49350,62,77,-15,15
49351,65,78,-13,13
49352,68,83,-15,15
49353,110,127,-17,17
49354,159,148,11,11
49355,44,63,-19,19
49356,144,147,-3,3
49357,71,84,-13,13
49358,71,82,-11,11
49359,131,128,3,3
49360,148,125,23,23
49361,116,126,-10,10
49362,117,117,0,0
49363,116,144,-28,28
49364,95,97,-2,2
49365,59,88,-29,29
49366,41,58,-17,17
49367,80,104,-24,24
49368,66,90,-24,24
49369,98,106,-8,8
49370,186,174,12,12
49371,109,117,-8,8
49372,97,134,-37,37
49373,74,83,-9,9
49374,113,127,-14,14
49375,61,74,-13,13
49376,108,119,-11,11
49377,123,120,3,3
49378,78,95,-17,17
49379,57,76,-19,19
49380,42,58,-16,16
49381,118,136,-18,18
49382,59,72,-13,13
49383,96,116,-20,20
49384,69,84,-15,15
49385,94,99,-5,5
49386,84,110,-26,26
49387,182,181,1,1
49388,44,65,-21,21
49389,74,95,-21,21
49390,84,89,-5,5
49391,173,155,18,18
49392,73,91,-18,18
49393,67,79,-12,12
49394,84,98,-14,14
49395,106,116,-10,10
49396,80,93,-13,13
49397,79,106,-27,27
49398,61,74,-13,13
49399,73,92,-19,19
49400,50,64,-14,14
49401,94,104,-10,10
49402,86,103,-17,17
49403,71,78,-7,7
49404,60,83,-23,23
49405,126,134,-8,8
49406,60,74,-14,14
49407,65,74,-9,9
49408,83,96,-13,13
49409,47,62,-15,15
49410,234,200,34,34
49411,101,102,-1,1
49412,111,117,-6,6
49413,65,75,-10,10
49414,50,72,-22,22
49415,63,84,-21,21
49416,121,136,-15,15
49417,63,66,-3,3
49418,105,109,-4,4
49419,51,76,-25,25
49420,85,88,-3,3
49421,154,144,10,10
49422,130,130,0,0
49423,95,104,-9,9
49424,55,72,-17,17
49425,95,108,-13,13
49426,154,150,4,4
49427,109,116,-7,7
49428,57,79,-22,22
49429,109,116,-7,7
49430,125,120,5,5
49431,85,91,-6,6
49432,76,86,-10,10
49433,66,92,-26,26
49434,89,98,-9,9
49435,64,79,-15,15
49436,46,74,-28,28
49437,79,92,-13,13
49438,114,125,-11,11
49439,73,80,-7,7
49440,130,141,-11,11
49441,78,82,-4,4
49442,62,88,-26,26
49443,49,64,-15,15
49444,65,83,-18,18
49445,66,82,-16,16
49446,72,90,-18,18
49447,81,93,-12,12
49448,131,140,-9,9
49449,113,121,-8,8
49450,103,110,-7,7
49451,60,74,-14,14
49452,61,74,-13,13
49453,62,77,-15,15
49454,79,88,-9,9
49455,111,142,-31,31
49456,108,117,-9,9
49457,124,120,4,4
49458,93,124,-31,31
49459,121,132,-11,11
49460,49,63,-14,14
49461,72,89,-17,17
49462,86,83,3,3
49463,64,80,-16,16
49464,95,99,-4,4
49465,108,123,-15,15
49466,148,148,0,0
49467,71,81,-10,10
49468,85,111,-26,26
49469,72,88,-16,16
49470,107,117,-10,10
49471,121,118,3,3
49472,119,115,4,4
49473,81,116,-35,35
49474,94,106,-12,12
49475,147,136,11,11
49476,101,120,-19,19
49477,106,118,-12,12
49478,59,76,-17,17
49479,70,81,-11,11
49480,52,66,-14,14
49481,89,94,-5,5
49482,128,138,-10,10
49483,111,127,-16,16
49484,146,147,-1,1
49485,49,67,-18,18
49486,110,113,-3,3
49487,119,142,-23,23
49488,96,109,-13,13
49489,119,126,-7,7
49490,140,143,-3,3
49491,124,130,-6,6
49492,90,98,-8,8
49493,68,90,-22,22
49494,92,112,-20,20
49495,163,151,12,12
49496,77,88,-11,11
49497,103,112,-9,9
49498,126,121,5,5
49499,70,86,-16,16
49500,127,127,0,0
49501,76,92,-16,16
49502,138,141,-3,3
49503,88,107,-19,19
49504,58,91,-33,33
49505,68,79,-11,11
49506,146,150,-4,4
49507,139,147,-8,8
49508,71,90,-19,19
49509,143,143,0,0
49510,123,125,-2,2
49511,55,73,-18,18
49512,93,106,-13,13
49513,74,101,-27,27
49514,122,130,-8,8
49515,79,92,-13,13
49516,75,88,-13,13
49517,72,97,-25,25
49518,122,132,-10,10
49519,82,96,-14,14
49520,66,81,-15,15
49521,67,84,-17,17
49522,62,79,-17,17
49523,108,110,-2,2
49524,82,98,-16,16
49525,93,110,-17,17
49526,57,75,-18,18
49527,73,86,-13,13
49528,116,113,3,3
49529,97,100,-3,3
49530,107,118,-11,11
49531,69,80,-11,11
49532,118,126,-8,8
49533,112,124,-12,12
49534,75,98,-23,23
49535,128,145,-17,17
49536,96,111,-15,15
49537,81,96,-15,15
49538,149,145,4,4
49539,65,85,-20,20
49540,28,48,-20,20
49541,92,104,-12,12
49542,82,87,-5,5
49543,65,91,-26,26
49544,130,138,-8,8
49545,85,98,-13,13
49546,105,121,-16,16
49547,119,125,-6,6
49548,124,122,2,2
49549,89,97,-8,8
49550,52,68,-16,16
49551,95,104,-9,9
49552,111,139,-28,28
49553,110,109,1,1
49554,104,116,-12,12
49555,107,125,-18,18
49556,79,91,-12,12
49557,98,104,-6,6
49558,113,124,-11,11
49559,59,77,-18,18
49560,86,92,-6,6
49561,40,60,-20,20
49562,59,71,-12,12
49563,108,119,-11,11
49564,49,77,-28,28
49565,86,89,-3,3
49566,84,91,-7,7
49567,93,99,-6,6
49568,74,86,-12,12
49569,73,87,-14,14
49570,89,105,-16,16
49571,83,100,-17,17
49572,94,116,-22,22
49573,103,105,-2,2
49574,117,138,-21,21
49575,162,147,15,15
49576,72,99,-27,27
49577,107,126,-19,19
49578,122,127,-5,5
49579,108,123,-15,15
49580,96,93,3,3
49581,98,104,-6,6
49582,111,124,-13,13
49583,51,68,-17,17
49584,70,89,-19,19
49585,64,79,-15,15
49586,47,61,-14,14
49587,45,61,-16,16
49588,69,106,-37,37
49589,91,101,-10,10
49590,77,79,-2,2
49591,83,94,-11,11
49592,73,81,-8,8
49593,70,86,-16,16
49594,228,183,45,45
49595,50,64,-14,14
49596,69,84,-15,15
49597,88,98,-10,10
49598,76,87,-11,11
49599,80,87,-7,7
49600,73,84,-11,11
49601,86,99,-13,13
49602,103,138,-35,35
49603,135,136,-1,1
49604,75,97,-22,22
49605,78,93,-15,15
49606,114,115,-1,1
49607,112,135,-23,23
49608,66,84,-18,18
49609,94,98,-4,4
49610,86,90,-4,4
49611,86,93,-7,7
49612,115,132,-17,17
49613,81,87,-6,6
49614,96,118,-22,22
49615,100,101,-1,1
49616,137,137,0,0
49617,71,83,-12,12
49618,77,87,-10,10
49619,102,112,-10,10
49620,83,99,-16,16
49621,87,99,-12,12
49622,123,120,3,3
49623,65,85,-20,20
49624,59,79,-20,20
49625,98,111,-13,13
49626,127,147,-20,20
49627,141,134,7,7
49628,55,69,-14,14
49629,63,81,-18,18
49630,102,107,-5,5
49631,63,86,-23,23
49632,108,114,-6,6
49633,105,113,-8,8
49634,57,63,-6,6
49635,64,69,-5,5
49636,83,93,-10,10
49637,97,109,-12,12
49638,97,112,-15,15
49639,84,105,-21,21
49640,117,127,-10,10
49641,99,100,-1,1
49642,106,117,-11,11
49643,101,108,-7,7
49644,91,93,-2,2
49645,131,135,-4,4
49646,162,158,4,4
49647,81,91,-10,10
49648,56,73,-17,17
49649,120,116,4,4
49650,103,102,1,1
49651,43,58,-15,15
49652,59,75,-16,16
49653,90,93,-3,3
49654,116,121,-5,5
49655,55,67,-12,12
49656,97,103,-6,6
49657,99,101,-2,2
49658,52,73,-21,21
49659,32,52,-20,20
49660,91,111,-20,20
49661,92,101,-9,9
49662,52,71,-19,19
49663,159,148,11,11
49664,144,139,5,5
49665,115,127,-12,12
49666,44,65,-21,21
49667,114,129,-15,15
49668,183,167,16,16
49669,94,102,-8,8
49670,82,106,-24,24
49671,85,86,-1,1
49672,71,80,-9,9
49673,151,147,4,4
49674,98,107,-9,9
49675,116,126,-10,10
49676,108,114,-6,6
49677,85,97,-12,12
49678,96,137,-41,41
49679,94,118,-24,24
49680,59,77,-18,18
49681,81,100,-19,19
49682,125,135,-10,10
49683,64,84,-20,20
49684,106,110,-4,4
49685,89,103,-14,14
49686,91,92,-1,1
49687,72,80,-8,8
49688,69,90,-21,21
49689,94,96,-2,2
49690,133,137,-4,4
49691,115,127,-12,12
49692,92,102,-10,10
49693,171,154,17,17
49694,108,116,-8,8
49695,102,109,-7,7
49696,133,146,-13,13
49697,89,96,-7,7
49698,93,104,-11,11
49699,39,68,-29,29
49700,119,119,0,0
49701,116,122,-6,6
49702,71,77,-6,6
49703,121,135,-14,14
49704,109,118,-9,9
49705,121,116,5,5
49706,87,102,-15,15
49707,73,96,-23,23
49708,103,104,-1,1
49709,50,69,-19,19
49710,53,70,-17,17
49711,94,106,-12,12
49712,143,151,-8,8
49713,68,79,-11,11
49714,148,145,3,3
49715,54,65,-11,11
49716,121,121,0,0
49717,116,143,-27,27
49718,91,114,-23,23
49719,74,81,-7,7
49720,68,81,-13,13
49721,129,139,-10,10
49722,69,80,-11,11
49723,43,65,-22,22
49724,125,130,-5,5
49725,101,120,-19,19
49726,188,162,26,26
49727,135,133,2,2
49728,57,79,-22,22
49729,96,108,-12,12
49730,68,80,-12,12
49731,154,147,7,7
49732,101,114,-13,13
49733,48,71,-23,23
49734,62,86,-24,24
49735,182,169,13,13
49736,83,94,-11,11
49737,52,69,-17,17
49738,97,93,4,4
49739,108,107,1,1
49740,90,110,-20,20
49741,88,99,-11,11
49742,109,121,-12,12
49743,84,108,-24,24
49744,93,118,-25,25
49745,87,99,-12,12
49746,75,91,-16,16
49747,77,97,-20,20
49748,159,148,11,11
49749,56,73,-17,17
49750,135,128,7,7
49751,42,65,-23,23
49752,42,57,-15,15
49753,82,108,-26,26
49754,106,116,-10,10
49755,98,115,-17,17
49756,59,79,-20,20
49757,158,147,11,11
49758,109,130,-21,21
49759,93,103,-10,10
49760,174,159,15,15
49761,91,105,-14,14
49762,138,129,9,9
49763,104,113,-9,9
49764,92,105,-13,13
49765,67,86,-19,19
49766,87,106,-19,19
49767,135,135,0,0
49768,102,106,-4,4
49769,164,154,10,10
49770,67,86,-19,19
49771,106,107,-1,1
49772,88,107,-19,19
49773,109,117,-8,8
49774,97,100,-3,3
49775,49,69,-20,20
49776,124,128,-4,4
49777,64,74,-10,10
49778,160,150,10,10
49779,108,117,-9,9
49780,71,81,-10,10
49781,108,111,-3,3
49782,87,97,-10,10
49783,181,164,17,17
49784,100,108,-8,8
49785,52,63,-11,11
49786,128,132,-4,4
49787,84,95,-11,11
49788,123,123,0,0
49789,131,138,-7,7
49790,113,125,-12,12
49791,127,134,-7,7
49792,85,98,-13,13
49793,71,88,-17,17
49794,108,120,-12,12
49795,74,84,-10,10
49796,160,150,10,10
49797,72,91,-19,19
49798,75,89,-14,14
49799,122,133,-11,11
49800,85,93,-8,8
49801,74,97,-23,23
49802,44,86,-42,42
49803,110,132,-22,22
49804,64,84,-20,20
49805,40,66,-26,26
49806,124,129,-5,5
49807,88,102,-14,14
49808,123,130,-7,7
49809,122,135,-13,13
49810,122,129,-7,7
49811,104,116,-12,12
49812,100,115,-15,15
49813,83,91,-8,8
49814,50,74,-24,24
49815,93,104,-11,11
49816,91,97,-6,6
49817,78,92,-14,14
49818,121,132,-11,11
49819,90,104,-14,14
49820,53,72,-19,19
49821,112,115,-3,3
49822,82,90,-8,8
49823,167,154,13,13
49824,97,104,-7,7
49825,63,75,-12,12
49826,112,120,-8,8
49827,102,93,9,9
49828,78,90,-12,12
49829,124,130,-6,6
49830,60,74,-14,14
49831,59,69,-10,10
49832,55,75,-20,20
49833,154,149,5,5
49834,86,97,-11,11
49835,102,102,0,0
49836,70,86,-16,16
49837,47,64,-17,17
49838,79,78,1,1
49839,62,74,-12,12
49840,114,148,-34,34
49841,117,117,0,0
49842,60,75,-15,15
49843,86,91,-5,5
49844,152,153,-1,1
49845,168,164,4,4
49846,124,145,-21,21
49847,60,71,-11,11
49848,125,125,0,0
49849,62,80,-18,18
49850,88,104,-16,16
49851,66,80,-14,14
49852,175,156,19,19
49853,88,100,-12,12
49854,45,69,-24,24
49855,74,89,-15,15
49856,135,145,-10,10
49857,106,114,-8,8
49858,130,127,3,3
49859,79,97,-18,18
49860,81,96,-15,15
49861,65,85,-20,20
49862,107,108,-1,1
49863,97,99,-2,2
49864,76,101,-25,25
49865,116,119,-3,3
49866,59,75,-16,16
49867,54,79,-25,25
49868,98,106,-8,8
49869,128,149,-21,21
49870,106,118,-12,12
49871,78,93,-15,15
49872,131,136,-5,5
49873,69,79,-10,10
49874,153,157,-4,4
49875,71,89,-18,18
49876,67,86,-19,19
49877,107,112,-5,5
49878,75,113,-38,38
49879,87,103,-16,16
49880,94,95,-1,1
49881,90,110,-20,20
49882,74,96,-22,22
49883,135,137,-2,2
49884,134,137,-3,3
49885,151,147,4,4
49886,92,110,-18,18
49887,92,112,-20,20
49888,80,94,-14,14
49889,91,104,-13,13
49890,89,102,-13,13
49891,86,94,-8,8
49892,76,91,-15,15
49893,107,115,-8,8
49894,140,133,7,7
49895,85,112,-27,27
49896,85,94,-9,9
49897,69,76,-7,7
49898,96,105,-9,9
49899,62,73,-11,11
49900,79,87,-8,8
49901,138,127,11,11
49902,115,113,2,2
49903,106,115,-9,9
49904,93,101,-8,8
49905,122,123,-1,1
49906,106,108,-2,2
49907,90,103,-13,13
49908,88,92,-4,4
49909,72,82,-10,10
49910,84,104,-20,20
49911,138,148,-10,10
49912,92,108,-16,16
49913,95,107,-12,12
49914,86,95,-9,9
49915,73,84,-11,11
49916,70,93,-23,23
49917,61,77,-16,16
49918,161,150,11,11
49919,89,101,-12,12
49920,130,134,-4,4
49921,99,87,12,12
49922,79,87,-8,8
49923,47,73,-26,26
49924,75,99,-24,24
49925,69,84,-15,15
49926,78,90,-12,12
49927,45,60,-15,15
49928,67,93,-26,26
49929,99,120,-21,21
49930,92,115,-23,23
49931,116,125,-9,9
49932,132,130,2,2
49933,88,104,-16,16
49934,94,109,-15,15
49935,112,130,-18,18
49936,40,65,-25,25
49937,58,73,-15,15
49938,88,91,-3,3
49939,85,101,-16,16
49940,86,68,18,18
49941,145,148,-3,3
49942,105,113,-8,8
49943,99,108,-9,9
49944,62,78,-16,16
49945,95,107,-12,12
49946,90,94,-4,4
49947,57,65,-8,8
49948,104,104,0,0
49949,70,78,-8,8
49950,103,102,1,1
49951,102,104,-2,2
49952,56,73,-17,17
49953,67,81,-14,14
49954,65,81,-16,16
49955,65,86,-21,21
49956,100,148,-48,48
49957,77,102,-25,25
49958,140,135,5,5
49959,86,92,-6,6
49960,123,127,-4,4
49961,33,91,-58,58
49962,102,111,-9,9
49963,116,122,-6,6
49964,63,81,-18,18
49965,79,96,-17,17
49966,160,151,9,9
49967,60,76,-16,16
49968,65,78,-13,13
49969,84,101,-17,17
49970,67,82,-15,15
49971,90,106,-16,16
49972,70,93,-23,23
49973,68,83,-15,15
49974,104,127,-23,23
49975,87,97,-10,10
49976,124,124,0,0
49977,128,133,-5,5
49978,166,162,4,4
49979,72,89,-17,17
49980,54,68,-14,14
49981,111,113,-2,2
49982,93,96,-3,3
49983,107,115,-8,8
49984,137,141,-4,4
49985,89,96,-7,7
49986,68,75,-7,7
49987,52,69,-17,17
49988,75,95,-20,20
49989,79,90,-11,11
49990,48,70,-22,22
49991,75,88,-13,13
49992,85,95,-10,10
49993,78,94,-16,16
49994,101,109,-8,8
49995,173,152,21,21
49996,90,99,-9,9
49997,55,69,-14,14
49998,98,115,-17,17
49999,131,121,10,10
50000,149,148,1,1
50001,90,102,-12,12
50002,51,67,-16,16
50003,68,86,-18,18
50004,111,114,-3,3
50005,77,93,-16,16
50006,150,143,7,7
50007,123,127,-4,4
50008,42,64,-22,22
50009,111,117,-6,6
50010,73,91,-18,18
50011,77,93,-16,16
50012,74,103,-29,29
50013,145,149,-4,4
50014,77,82,-5,5
50015,102,114,-12,12
50016,79,93,-14,14
50017,65,80,-15,15
50018,64,79,-15,15
50019,54,63,-9,9
50020,127,128,-1,1
50021,126,143,-17,17
50022,83,95,-12,12
50023,108,109,-1,1
50024,103,111,-8,8
50025,132,140,-8,8
50026,141,134,7,7
50027,132,139,-7,7
50028,71,88,-17,17
50029,111,122,-11,11
50030,133,140,-7,7
50031,102,112,-10,10
50032,57,73,-16,16
50033,92,116,-24,24
50034,120,120,0,0
50035,85,91,-6,6
50036,86,106,-20,20
50037,79,86,-7,7
50038,69,92,-23,23
50039,63,64,-1,1
50040,118,130,-12,12
50041,132,140,-8,8
50042,72,90,-18,18
50043,98,121,-23,23
50044,110,121,-11,11
50045,105,119,-14,14
50046,67,82,-15,15
50047,92,108,-16,16
50048,118,141,-23,23
50049,134,129,5,5
50050,70,83,-13,13
50051,129,127,2,2
50052,67,77,-10,10
50053,36,71,-35,35
50054,137,148,-11,11
50055,40,67,-27,27
50056,89,103,-14,14
50057,89,100,-11,11
50058,83,94,-11,11
50059,70,99,-29,29
50060,125,131,-6,6
50061,113,115,-2,2
50062,64,79,-15,15
50063,101,106,-5,5
50064,92,99,-7,7
50065,118,124,-6,6
50066,70,83,-13,13
50067,87,128,-41,41
50068,112,120,-8,8
50069,195,187,8,8
50070,122,129,-7,7
50071,59,77,-18,18
50072,155,148,7,7
50073,131,131,0,0
50074,143,129,14,14
50075,117,112,5,5
50076,120,125,-5,5
50077,113,117,-4,4
50078,102,109,-7,7
50079,131,131,0,0
50080,105,111,-6,6
50081,87,102,-15,15
50082,66,81,-15,15
50083,122,147,-25,25
50084,116,116,0,0
50085,104,112,-8,8
50086,51,67,-16,16
50087,90,101,-11,11
50088,87,98,-11,11
50089,93,115,-22,22
50090,61,80,-19,19
50091,106,120,-14,14
50092,47,70,-23,23
50093,80,92,-12,12
50094,74,82,-8,8
50095,50,72,-22,22
50096,167,156,11,11
50097,56,67,-11,11
50098,110,128,-18,18
50099,160,151,9,9
50100,105,122,-17,17
50101,63,76,-13,13
50102,97,109,-12,12
50103,98,111,-13,13
50104,108,119,-11,11
50105,105,118,-13,13
50106,119,116,3,3
50107,144,141,3,3
50108,65,77,-12,12
50109,112,122,-10,10
50110,113,115,-2,2
50111,98,117,-19,19
50112,83,91,-8,8
50113,170,157,13,13
50114,88,106,-18,18
50115,109,111,-2,2
50116,92,100,-8,8
50117,121,129,-8,8
50118,58,68,-10,10
50119,96,136,-40,40
50120,108,111,-3,3
50121,150,148,2,2
50122,78,92,-14,14
50123,43,61,-18,18
50124,49,73,-24,24
50125,173,154,19,19
50126,100,107,-7,7
50127,104,112,-8,8
50128,76,102,-26,26
50129,108,119,-11,11
50130,148,146,2,2
50131,74,85,-11,11
50132,72,78,-6,6
50133,78,84,-6,6
50134,108,119,-11,11
50135,92,104,-12,12
50136,94,113,-19,19
50137,104,116,-12,12
50138,102,123,-21,21
50139,70,84,-14,14
50140,88,97,-9,9
50141,104,118,-14,14
50142,115,109,6,6
50143,87,92,-5,5
50144,110,119,-9,9
50145,70,87,-17,17
50146,78,91,-13,13
50147,80,98,-18,18
50148,56,69,-13,13
50149,125,132,-7,7
50150,79,89,-10,10
50151,90,97,-7,7
50152,134,139,-5,5
50153,123,131,-8,8
50154,116,117,-1,1
50155,79,95,-16,16
50156,100,126,-26,26
50157,55,75,-20,20
50158,86,96,-10,10
50159,125,143,-18,18
50160,68,86,-18,18
50161,73,92,-19,19
50162,103,106,-3,3
50163,172,171,1,1
50164,18,41,-23,23
50165,80,96,-16,16
50166,64,75,-11,11
50167,90,101,-11,11
50168,100,115,-15,15
50169,52,76,-24,24
50170,199,162,37,37
50171,90,104,-14,14
50172,80,110,-30,30
50173,138,147,-9,9
50174,64,80,-16,16
50175,101,107,-6,6
50176,116,146,-30,30
50177,134,128,6,6
50178,113,120,-7,7
50179,84,95,-11,11
50180,55,87,-32,32
50181,194,174,20,20
50182,81,99,-18,18
50183,100,108,-8,8
50184,97,112,-15,15
50185,64,77,-13,13
50186,55,73,-18,18
50187,68,86,-18,18
50188,103,111,-8,8
50189,102,103,-1,1
50190,68,76,-8,8
50191,95,104,-9,9
50192,74,88,-14,14
50193,77,77,0,0
50194,97,114,-17,17
50195,77,82,-5,5
50196,124,128,-4,4
50197,62,81,-19,19
50198,78,96,-18,18
50199,149,147,2,2
50200,53,75,-22,22
50201,80,91,-11,11
50202,82,101,-19,19
50203,69,85,-16,16
50204,80,100,-20,20
50205,45,63,-18,18
50206,66,80,-14,14
50207,46,68,-22,22
50208,82,99,-17,17
50209,45,61,-16,16
50210,105,114,-9,9
50211,109,110,-1,1
50212,89,100,-11,11
50213,69,84,-15,15
50214,132,121,11,11
50215,106,120,-14,14
50216,132,137,-5,5
50217,141,146,-5,5
50218,282,246,36,36
50219,151,162,-11,11
50220,93,99,-6,6
50221,129,142,-13,13
50222,82,107,-25,25
50223,72,88,-16,16
50224,86,97,-11,11
50225,42,56,-14,14
50226,85,93,-8,8
50227,105,106,-1,1
50228,110,116,-6,6
50229,50,70,-20,20
50230,88,111,-23,23
50231,98,102,-4,4
50232,85,92,-7,7
50233,122,132,-10,10
50234,122,150,-28,28
50235,124,132,-8,8
50236,77,93,-16,16
50237,117,126,-9,9
50238,98,121,-23,23
50239,90,95,-5,5
50240,129,130,-1,1
50241,88,111,-23,23
50242,73,87,-14,14
50243,77,91,-14,14
50244,139,150,-11,11
50245,96,101,-5,5
50246,102,106,-4,4
50247,87,102,-15,15
50248,70,84,-14,14
50249,159,154,5,5
50250,60,77,-17,17
50251,69,80,-11,11
50252,113,122,-9,9
50253,156,148,8,8
50254,118,121,-3,3
50255,53,69,-16,16
50256,104,122,-18,18
50257,83,86,-3,3
50258,67,77,-10,10
50259,95,118,-23,23
50260,103,111,-8,8
50261,132,148,-16,16
50262,115,117,-2,2
50263,89,103,-14,14
50264,107,111,-4,4
50265,99,114,-15,15
50266,97,108,-11,11
50267,54,74,-20,20
50268,101,115,-14,14
50269,97,98,-1,1
50270,81,99,-18,18
50271,150,155,-5,5
50272,76,112,-36,36
50273,87,102,-15,15
50274,101,129,-28,28
50275,51,67,-16,16
50276,99,107,-8,8
50277,76,85,-9,9
50278,170,156,14,14
50279,129,120,9,9
50280,73,94,-21,21
50281,172,171,1,1
50282,142,147,-5,5
50283,104,115,-11,11
50284,125,124,1,1
50285,51,69,-18,18
50286,127,136,-9,9
50287,150,146,4,4
50288,71,86,-15,15
50289,129,143,-14,14
50290,92,112,-20,20
50291,83,91,-8,8
50292,82,94,-12,12
50293,143,151,-8,8
50294,105,115,-10,10
50295,60,72,-12,12
50296,79,96,-17,17
50297,26,49,-23,23
50298,131,125,6,6
50299,90,101,-11,11
50300,72,91,-19,19
50301,62,79,-17,17
50302,76,85,-9,9
50303,138,146,-8,8
50304,81,99,-18,18
50305,108,115,-7,7
50306,88,109,-21,21
50307,115,131,-16,16
50308,123,129,-6,6
50309,89,109,-20,20
50310,123,130,-7,7
50311,104,110,-6,6
50312,67,77,-10,10
50313,82,104,-22,22
50314,68,77,-9,9
50315,72,80,-8,8
50316,92,100,-8,8
50317,60,77,-17,17
50318,76,105,-29,29
50319,91,112,-21,21
50320,95,97,-2,2
50321,101,117,-16,16
50322,96,107,-11,11
50323,122,128,-6,6
50324,139,147,-8,8
50325,141,124,17,17
50326,89,97,-8,8
50327,103,126,-23,23
50328,51,73,-22,22
50329,75,95,-20,20
50330,107,129,-22,22
50331,64,81,-17,17
50332,54,68,-14,14
50333,90,100,-10,10
50334,75,93,-18,18
50335,136,139,-3,3
50336,99,116,-17,17
50337,128,146,-18,18
50338,125,122,3,3
50339,131,129,2,2
50340,61,69,-8,8
50341,60,72,-12,12
50342,70,98,-28,28
50343,136,147,-11,11
50344,91,95,-4,4
50345,74,90,-16,16
50346,63,88,-25,25
50347,113,113,0,0
50348,78,85,-7,7
50349,208,176,32,32
50350,153,147,6,6
50351,154,153,1,1
50352,92,103,-11,11
50353,61,76,-15,15
50354,88,105,-17,17
50355,53,84,-31,31
50356,60,73,-13,13
50357,101,109,-8,8
50358,108,116,-8,8
50359,70,80,-10,10
50360,73,86,-13,13
50361,86,98,-12,12
50362,63,77,-14,14
50363,105,119,-14,14
50364,72,79,-7,7
50365,145,141,4,4
50366,71,89,-18,18
50367,148,147,1,1
50368,68,95,-27,27
50369,158,149,9,9
50370,176,163,13,13
50371,98,97,1,1
50372,151,147,4,4
50373,72,102,-30,30
50374,48,68,-20,20
50375,77,88,-11,11
50376,65,77,-12,12
50377,107,119,-12,12
50378,93,97,-4,4
50379,103,123,-20,20
50380,95,106,-11,11
50381,45,68,-23,23
50382,148,147,1,1
50383,130,137,-7,7
50384,123,127,-4,4
50385,91,102,-11,11
50386,127,151,-24,24
50387,66,95,-29,29
50388,71,82,-11,11
50389,133,135,-2,2
50390,111,125,-14,14
50391,92,110,-18,18
50392,72,84,-12,12
50393,70,83,-13,13
50394,158,151,7,7
50395,56,70,-14,14
50396,63,80,-17,17
50397,73,87,-14,14
50398,170,156,14,14
50399,118,137,-19,19
50400,83,105,-22,22
50401,59,78,-19,19
50402,95,95,0,0
50403,79,78,1,1
50404,79,87,-8,8
50405,103,133,-30,30
50406,127,131,-4,4
50407,93,108,-15,15
50408,82,95,-13,13
50409,48,66,-18,18
50410,90,104,-14,14
50411,76,84,-8,8
50412,91,108,-17,17
50413,43,63,-20,20
50414,66,85,-19,19
50415,55,77,-22,22
50416,93,106,-13,13
50417,102,108,-6,6
50418,56,73,-17,17
50419,91,102,-11,11
50420,126,136,-10,10
50421,78,98,-20,20
50422,81,94,-13,13
50423,103,113,-10,10
50424,114,119,-5,5
50425,103,111,-8,8
50426,137,146,-9,9
50427,111,117,-6,6
50428,71,85,-14,14
50429,99,98,1,1
50430,118,127,-9,9
50431,145,145,0,0
50432,83,91,-8,8
50433,59,68,-9,9
50434,79,94,-15,15
50435,60,73,-13,13
50436,59,71,-12,12
50437,109,123,-14,14
50438,74,95,-21,21
50439,125,143,-18,18
50440,112,110,2,2
50441,74,87,-13,13
50442,149,148,1,1
50443,79,103,-24,24
50444,76,91,-15,15
50445,124,131,-7,7
50446,62,82,-20,20
50447,59,85,-26,26
50448,190,173,17,17
50449,62,95,-33,33
50450,105,128,-23,23
50451,97,98,-1,1
50452,128,130,-2,2
50453,113,122,-9,9
50454,98,102,-4,4
50455,37,59,-22,22
50456,136,146,-10,10
50457,79,105,-26,26
50458,47,69,-22,22
50459,98,99,-1,1
50460,101,118,-17,17
50461,87,102,-15,15
50462,49,73,-24,24
50463,88,88,0,0
50464,92,98,-6,6
50465,128,137,-9,9
50466,111,118,-7,7
50467,106,118,-12,12
50468,57,73,-16,16
50469,95,114,-19,19
50470,60,73,-13,13
50471,131,131,0,0
50472,88,95,-7,7
50473,83,100,-17,17
50474,109,116,-7,7
50475,114,124,-10,10
50476,84,99,-15,15
50477,85,98,-13,13
50478,86,98,-12,12
50479,76,90,-14,14
50480,112,110,2,2
50481,106,124,-18,18
50482,56,75,-19,19
50483,120,134,-14,14
50484,53,73,-20,20
50485,32,70,-38,38
50486,184,178,6,6
50487,82,90,-8,8
50488,66,78,-12,12
50489,67,90,-23,23
50490,123,131,-8,8
50491,123,127,-4,4
50492,146,136,10,10
50493,74,87,-13,13
50494,113,115,-2,2
50495,102,116,-14,14
50496,143,140,3,3
50497,88,98,-10,10
50498,136,138,-2,2
50499,149,152,-3,3
50500,165,159,6,6
50501,59,77,-18,18
50502,87,94,-7,7
50503,85,91,-6,6
50504,54,80,-26,26
50505,48,63,-15,15
50506,73,83,-10,10
50507,74,83,-9,9
50508,125,141,-16,16
50509,71,81,-10,10
50510,36,55,-19,19
50511,127,124,3,3
50512,71,85,-14,14
50513,92,102,-10,10
50514,55,71,-16,16
50515,62,70,-8,8
50516,76,84,-8,8
50517,64,75,-11,11
50518,129,135,-6,6
50519,147,147,0,0
50520,69,87,-18,18
50521,76,84,-8,8
50522,86,101,-15,15
50523,66,71,-5,5
50524,76,85,-9,9
50525,74,91,-17,17
50526,54,70,-16,16
50527,109,122,-13,13
50528,141,144,-3,3
50529,55,74,-19,19
50530,121,117,4,4
50531,79,94,-15,15
50532,80,91,-11,11
50533,156,155,1,1
50534,44,58,-14,14
50535,114,115,-1,1
50536,105,113,-8,8
50537,73,87,-14,14
50538,84,96,-12,12
50539,176,164,12,12
50540,62,74,-12,12
50541,121,124,-3,3
50542,114,125,-11,11
50543,87,105,-18,18
50544,77,101,-24,24
50545,64,77,-13,13
50546,165,153,12,12
50547,139,150,-11,11
50548,121,125,-4,4
50549,97,106,-9,9
50550,193,164,29,29
50551,125,143,-18,18
50552,76,108,-32,32
50553,54,65,-11,11
50554,134,147,-13,13
50555,72,85,-13,13
50556,96,105,-9,9
50557,37,55,-18,18
50558,125,127,-2,2
50559,87,92,-5,5
50560,33,59,-26,26
50561,71,85,-14,14
50562,53,70,-17,17
50563,59,75,-16,16
50564,110,116,-6,6
50565,82,97,-15,15
50566,110,118,-8,8
50567,64,75,-11,11
50568,65,80,-15,15
50569,134,135,-1,1
50570,58,76,-18,18
50571,90,106,-16,16
50572,79,99,-20,20
50573,66,100,-34,34
50574,88,113,-25,25
50575,89,135,-46,46
50576,124,131,-7,7
50577,111,120,-9,9
50578,144,139,5,5
50579,131,143,-12,12
50580,133,139,-6,6
50581,104,115,-11,11
50582,63,80,-17,17
50583,72,81,-9,9
50584,76,86,-10,10
50585,59,70,-11,11
50586,110,115,-5,5
50587,69,81,-12,12
50588,112,120,-8,8
50589,41,68,-27,27
50590,135,139,-4,4
50591,101,133,-32,32
50592,86,94,-8,8
50593,116,135,-19,19
50594,88,99,-11,11
50595,74,96,-22,22
50596,41,64,-23,23
50597,91,112,-21,21
50598,164,154,10,10
50599,58,67,-9,9
50600,203,190,13,13
50601,84,104,-20,20
50602,91,91,0,0
50603,98,113,-15,15
50604,123,136,-13,13
50605,63,75,-12,12
50606,88,93,-5,5
50607,92,114,-22,22
50608,117,126,-9,9
50609,72,79,-7,7
50610,69,84,-15,15
50611,77,89,-12,12
50612,77,88,-11,11
50613,73,82,-9,9
50614,94,105,-11,11
50615,118,124,-6,6
50616,98,111,-13,13
50617,82,94,-12,12
50618,137,136,1,1
50619,84,108,-24,24
50620,113,118,-5,5
50621,145,143,2,2
50622,67,82,-15,15
50623,101,116,-15,15
50624,37,74,-37,37
50625,49,68,-19,19
50626,63,82,-19,19
50627,76,87,-11,11
50628,216,180,36,36
50629,138,147,-9,9
50630,96,105,-9,9
50631,76,100,-24,24
50632,66,78,-12,12
50633,55,66,-11,11
50634,92,104,-12,12
50635,83,100,-17,17
50636,107,129,-22,22
50637,124,124,0,0
50638,78,87,-9,9
50639,149,150,-1,1
50640,154,150,4,4
50641,67,76,-9,9
50642,82,99,-17,17
50643,99,113,-14,14
50644,107,120,-13,13
50645,156,152,4,4
50646,174,191,-17,17
50647,103,111,-8,8
50648,116,128,-12,12
50649,44,54,-10,10
50650,108,117,-9,9
50651,94,119,-25,25
50652,63,80,-17,17
50653,95,103,-8,8
50654,57,74,-17,17
50655,72,89,-17,17
50656,72,83,-11,11
50657,101,113,-12,12
50658,94,128,-34,34
50659,86,88,-2,2
50660,157,150,7,7
50661,56,71,-15,15
50662,77,95,-18,18
50663,76,99,-23,23
50664,164,157,7,7
50665,68,91,-23,23
50666,65,88,-23,23
50667,124,129,-5,5
50668,62,74,-12,12
50669,138,137,1,1
50670,146,148,-2,2
50671,135,153,-18,18
50672,124,120,4,4
50673,105,110,-5,5
50674,71,80,-9,9
50675,84,98,-14,14
50676,84,91,-7,7
50677,70,84,-14,14
50678,112,115,-3,3
50679,127,143,-16,16
50680,51,130,-79,79
50681,104,114,-10,10
50682,96,113,-17,17
50683,97,97,0,0
50684,72,91,-19,19
50685,117,124,-7,7
50686,115,139,-24,24
50687,76,92,-16,16
50688,98,109,-11,11
50689,70,85,-15,15
50690,97,118,-21,21
50691,131,149,-18,18
50692,50,69,-19,19
50693,68,80,-12,12
50694,64,78,-14,14
50695,103,118,-15,15
50696,48,61,-13,13
50697,106,116,-10,10
50698,80,91,-11,11
50699,131,139,-8,8
50700,59,79,-20,20
50701,196,184,12,12
50702,143,152,-9,9
50703,74,84,-10,10
50704,69,87,-18,18
50705,70,87,-17,17
50706,114,115,-1,1
50707,70,81,-11,11
50708,42,61,-19,19
50709,112,133,-21,21
50710,79,79,0,0
50711,159,156,3,3
50712,121,121,0,0
50713,69,84,-15,15
50714,93,98,-5,5
50715,90,102,-12,12
50716,91,105,-14,14
50717,65,79,-14,14
50718,136,148,-12,12
50719,65,82,-17,17
50720,51,75,-24,24
50721,131,132,-1,1
50722,81,98,-17,17
50723,60,130,-70,70
50724,99,106,-7,7
50725,37,87,-50,50
50726,131,131,0,0
50727,164,148,16,16
50728,63,81,-18,18
50729,208,184,24,24
50730,40,66,-26,26
50731,94,115,-21,21
50732,114,124,-10,10
50733,72,87,-15,15
50734,83,89,-6,6
50735,65,84,-19,19
50736,124,137,-13,13
50737,45,65,-20,20
50738,78,89,-11,11
50739,139,138,1,1
50740,63,82,-19,19
50741,88,103,-15,15
50742,81,97,-16,16
50743,79,83,-4,4
50744,106,113,-7,7
50745,129,138,-9,9
50746,107,122,-15,15
50747,67,90,-23,23
50748,119,125,-6,6
50749,96,114,-18,18
50750,96,99,-3,3
50751,64,84,-20,20
50752,110,125,-15,15
50753,122,134,-12,12
50754,159,156,3,3
50755,84,99,-15,15
50756,78,91,-13,13
50757,186,176,10,10
50758,77,92,-15,15
50759,95,101,-6,6
50760,78,89,-11,11
50761,84,120,-36,36
50762,115,122,-7,7
50763,104,118,-14,14
50764,84,92,-8,8
50765,94,100,-6,6
50766,103,109,-6,6
50767,120,125,-5,5
50768,80,94,-14,14
50769,63,69,-6,6
50770,113,131,-18,18
50771,82,105,-23,23
50772,111,123,-12,12
50773,103,115,-12,12
50774,122,128,-6,6
50775,81,94,-13,13
50776,141,148,-7,7
50777,122,134,-12,12
50778,136,142,-6,6
50779,67,83,-16,16
50780,91,121,-30,30
50781,86,97,-11,11
50782,97,102,-5,5
50783,42,82,-40,40
50784,63,81,-18,18
50785,118,128,-10,10
50786,81,103,-22,22
50787,62,72,-10,10
50788,55,77,-22,22
50789,89,104,-15,15
50790,71,84,-13,13
50791,57,76,-19,19
50792,83,101,-18,18
50793,153,149,4,4
50794,106,109,-3,3
50795,122,120,2,2
50796,76,89,-13,13
50797,90,105,-15,15
50798,70,95,-25,25
50799,33,52,-19,19
50800,83,92,-9,9
50801,50,75,-25,25
50802,118,120,-2,2
50803,115,121,-6,6
50804,45,65,-20,20
50805,58,70,-12,12
50806,38,59,-21,21
50807,97,112,-15,15
50808,39,65,-26,26
50809,28,51,-23,23
50810,117,127,-10,10
50811,115,123,-8,8
50812,121,126,-5,5
50813,105,117,-12,12
50814,88,98,-10,10
50815,64,85,-21,21
50816,85,100,-15,15
50817,103,99,4,4
50818,76,87,-11,11
50819,60,78,-18,18
50820,73,90,-17,17
50821,70,80,-10,10
50822,54,68,-14,14
50823,83,103,-20,20
50824,77,91,-14,14
50825,58,67,-9,9
50826,105,105,0,0
50827,145,147,-2,2
50828,119,114,5,5
50829,100,109,-9,9
50830,84,101,-17,17
50831,88,92,-4,4
50832,90,99,-9,9
50833,65,88,-23,23
50834,131,135,-4,4
50835,76,103,-27,27
50836,166,165,1,1
50837,52,65,-13,13
50838,156,155,1,1
50839,139,152,-13,13
50840,80,89,-9,9
50841,73,94,-21,21
50842,94,104,-10,10
50843,83,97,-14,14
50844,108,112,-4,4
50845,71,90,-19,19
50846,98,117,-19,19
50847,94,106,-12,12
50848,99,108,-9,9
50849,29,51,-22,22
50850,85,89,-4,4
50851,92,103,-11,11
50852,96,106,-10,10
50853,107,113,-6,6
50854,31,68,-37,37
50855,80,77,3,3
50856,86,96,-10,10
50857,147,147,0,0
50858,113,126,-13,13
50859,58,74,-16,16
50860,69,86,-17,17
50861,81,97,-16,16
50862,105,115,-10,10
50863,146,134,12,12
50864,126,131,-5,5
50865,72,84,-12,12
50866,110,119,-9,9
50867,140,148,-8,8
50868,93,99,-6,6
50869,88,100,-12,12
50870,84,115,-31,31
50871,57,70,-13,13
50872,78,85,-7,7
50873,76,86,-10,10
50874,143,135,8,8
50875,108,147,-39,39
50876,45,71,-26,26
50877,87,109,-22,22
50878,77,88,-11,11
50879,96,126,-30,30
50880,84,95,-11,11
50881,60,76,-16,16
50882,74,95,-21,21
50883,83,95,-12,12
50884,69,81,-12,12
50885,58,68,-10,10
50886,73,85,-12,12
50887,81,98,-17,17
50888,106,115,-9,9
50889,140,150,-10,10
50890,75,91,-16,16
50891,102,116,-14,14
50892,137,125,12,12
50893,63,107,-44,44
50894,80,88,-8,8
50895,65,87,-22,22
50896,151,148,3,3
50897,138,148,-10,10
50898,104,108,-4,4
50899,142,145,-3,3
50900,77,99,-22,22
50901,102,117,-15,15
50902,83,94,-11,11
50903,74,97,-23,23
50904,113,120,-7,7
50905,115,119,-4,4
50906,86,107,-21,21
50907,66,76,-10,10
50908,123,125,-2,2
50909,173,161,12,12
50910,138,148,-10,10
50911,121,131,-10,10
50912,187,180,7,7
50913,103,104,-1,1
50914,93,153,-60,60
50915,134,135,-1,1
50916,84,93,-9,9
50917,140,139,1,1
50918,139,137,2,2
50919,112,130,-18,18
50920,81,90,-9,9
50921,48,63,-15,15
50922,111,118,-7,7
50923,133,135,-2,2
50924,158,152,6,6
50925,47,67,-20,20
50926,115,134,-19,19
50927,59,81,-22,22
50928,136,138,-2,2
50929,86,104,-18,18
50930,89,109,-20,20
50931,104,116,-12,12
50932,88,101,-13,13
50933,68,88,-20,20
50934,105,105,0,0
50935,122,120,2,2
50936,93,98,-5,5
50937,172,159,13,13
50938,77,96,-19,19
50939,141,144,-3,3
50940,106,123,-17,17
50941,102,118,-16,16
50942,136,134,2,2
50943,83,89,-6,6
50944,60,85,-25,25
50945,90,114,-24,24
50946,69,86,-17,17
50947,96,106,-10,10
50948,101,111,-10,10
50949,90,91,-1,1
50950,95,112,-17,17
50951,80,103,-23,23
50952,91,106,-15,15
50953,125,137,-12,12
50954,85,95,-10,10
50955,129,141,-12,12
50956,117,127,-10,10
50957,77,90,-13,13
50958,82,101,-19,19
50959,135,137,-2,2
50960,120,125,-5,5
50961,89,95,-6,6
50962,161,158,3,3
50963,70,85,-15,15
50964,60,79,-19,19
50965,172,162,10,10
50966,136,145,-9,9
50967,86,94,-8,8
50968,106,123,-17,17
50969,107,121,-14,14
50970,98,112,-14,14
50971,120,149,-29,29
50972,158,155,3,3
50973,61,78,-17,17
50974,101,108,-7,7
50975,94,107,-13,13
50976,60,84,-24,24
50977,68,83,-15,15
50978,99,102,-3,3
50979,56,68,-12,12
50980,110,107,3,3
50981,102,113,-11,11
50982,83,96,-13,13
50983,92,101,-9,9
50984,77,90,-13,13
50985,125,147,-22,22
50986,79,85,-6,6
50987,67,78,-11,11
50988,113,122,-9,9
50989,122,132,-10,10
50990,131,138,-7,7
50991,104,107,-3,3
50992,89,115,-26,26
50993,92,105,-13,13
50994,217,159,58,58
50995,45,63,-18,18
50996,69,89,-20,20
50997,112,125,-13,13
50998,146,134,12,12
50999,95,108,-13,13
51000,91,106,-15,15
51001,70,85,-15,15
51002,75,101,-26,26
51003,95,109,-14,14
51004,112,112,0,0
51005,58,75,-17,17
51006,54,64,-10,10
51007,94,111,-17,17
51008,108,112,-4,4
51009,89,103,-14,14
51010,90,100,-10,10
51011,129,133,-4,4
51012,105,111,-6,6
51013,94,104,-10,10
51014,132,150,-18,18
51015,95,105,-10,10
51016,68,76,-8,8
51017,97,103,-6,6
51018,128,128,0,0
51019,116,126,-10,10
51020,93,104,-11,11
51021,89,96,-7,7
51022,176,173,3,3
51023,172,170,2,2
51024,54,68,-14,14
51025,60,79,-19,19
51026,39,66,-27,27
51027,96,97,-1,1
51028,60,94,-34,34
51029,52,64,-12,12
51030,105,115,-10,10
51031,137,141,-4,4
51032,151,143,8,8
51033,108,133,-25,25
51034,100,112,-12,12
51035,68,84,-16,16
51036,99,111,-12,12
51037,100,111,-11,11
51038,112,116,-4,4
51039,78,83,-5,5
51040,110,120,-10,10
51041,70,84,-14,14
51042,122,127,-5,5
51043,72,92,-20,20
51044,191,171,20,20
51045,106,119,-13,13
51046,102,110,-8,8
51047,130,128,2,2
51048,83,97,-14,14
51049,70,90,-20,20
51050,93,112,-19,19
51051,98,103,-5,5
51052,72,86,-14,14
51053,121,119,2,2
51054,157,150,7,7
51055,72,93,-21,21
51056,88,103,-15,15
51057,109,117,-8,8
51058,129,132,-3,3
51059,185,167,18,18
51060,82,99,-17,17
51061,45,55,-10,10
51062,47,69,-22,22
51063,75,93,-18,18
51064,107,107,0,0
51065,73,88,-15,15
51066,90,102,-12,12
51067,69,91,-22,22
51068,100,120,-20,20
51069,87,95,-8,8
51070,56,69,-13,13
51071,83,89,-6,6
51072,140,147,-7,7
51073,64,72,-8,8
51074,97,103,-6,6
51075,86,98,-12,12
51076,129,125,4,4
51077,119,117,2,2
51078,85,97,-12,12
51079,109,114,-5,5
51080,92,102,-10,10
51081,152,145,7,7
51082,74,95,-21,21
51083,147,183,-36,36
51084,117,124,-7,7
51085,85,109,-24,24
51086,115,137,-22,22
51087,96,101,-5,5
51088,109,122,-13,13
51089,70,83,-13,13
51090,107,115,-8,8
51091,71,94,-23,23
51092,80,98,-18,18
51093,117,125,-8,8
51094,149,150,-1,1
51095,74,88,-14,14
51096,100,103,-3,3
51097,131,143,-12,12
51098,100,111,-11,11
51099,72,83,-11,11
51100,92,119,-27,27
51101,68,79,-11,11
51102,71,90,-19,19
51103,60,70,-10,10
51104,74,87,-13,13
51105,114,119,-5,5
51106,44,62,-18,18
51107,104,126,-22,22
51108,143,146,-3,3
51109,159,149,10,10
51110,76,93,-17,17
51111,93,102,-9,9
51112,91,102,-11,11
51113,91,104,-13,13
51114,188,166,22,22
51115,85,97,-12,12
51116,58,68,-10,10
51117,115,119,-4,4
51118,51,72,-21,21
51119,49,65,-16,16
51120,108,124,-16,16
51121,92,107,-15,15
51122,102,123,-21,21
51123,113,121,-8,8
51124,100,109,-9,9
51125,80,89,-9,9
51126,109,127,-18,18
51127,72,83,-11,11
51128,91,105,-14,14
51129,93,105,-12,12
51130,44,61,-17,17
51131,104,118,-14,14
51132,50,78,-28,28
51133,76,93,-17,17
51134,53,68,-15,15
51135,119,125,-6,6
51136,105,108,-3,3
51137,110,135,-25,25
51138,148,150,-2,2
51139,105,109,-4,4
51140,139,140,-1,1
51141,97,97,0,0
51142,113,113,0,0
51143,85,97,-12,12
51144,113,114,-1,1
51145,60,74,-14,14
51146,66,74,-8,8
51147,115,121,-6,6
51148,30,75,-45,45
51149,76,85,-9,9
51150,73,91,-18,18
51151,72,90,-18,18
51152,141,144,-3,3
51153,58,83,-25,25
51154,101,112,-11,11
51155,80,87,-7,7
51156,76,84,-8,8
51157,118,132,-14,14
51158,97,109,-12,12
51159,96,120,-24,24
51160,40,59,-19,19
51161,157,148,9,9
51162,125,129,-4,4
51163,99,104,-5,5
51164,66,81,-15,15
51165,117,120,-3,3
51166,94,112,-18,18
51167,54,74,-20,20
51168,62,75,-13,13
51169,74,86,-12,12
51170,166,156,10,10
51171,142,150,-8,8
51172,81,105,-24,24
51173,110,129,-19,19
51174,114,118,-4,4
51175,96,102,-6,6
51176,54,73,-19,19
51177,97,114,-17,17
51178,86,115,-29,29
51179,67,86,-19,19
51180,65,82,-17,17
51181,89,104,-15,15
51182,86,101,-15,15
51183,71,87,-16,16
51184,146,147,-1,1
51185,81,83,-2,2
51186,108,116,-8,8
51187,116,122,-6,6
51188,90,107,-17,17
51189,108,108,0,0
51190,127,129,-2,2
51191,60,73,-13,13
51192,66,71,-5,5
51193,180,163,17,17
51194,52,66,-14,14
51195,93,106,-13,13
51196,127,133,-6,6
51197,96,97,-1,1
51198,110,110,0,0
51199,102,118,-16,16
51200,110,117,-7,7
51201,72,78,-6,6
51202,161,151,10,10
51203,89,91,-2,2
51204,78,89,-11,11
51205,77,97,-20,20
51206,80,93,-13,13
51207,78,92,-14,14
51208,135,132,3,3
51209,88,93,-5,5
51210,102,99,3,3
51211,73,85,-12,12
51212,101,111,-10,10
51213,84,94,-10,10
51214,87,95,-8,8
51215,79,95,-16,16
51216,84,100,-16,16
51217,140,147,-7,7
51218,106,122,-16,16
51219,75,80,-5,5
51220,94,106,-12,12
51221,79,97,-18,18
51222,93,101,-8,8
51223,155,152,3,3
51224,97,112,-15,15
51225,109,133,-24,24
51226,115,116,-1,1
51227,126,129,-3,3
51228,90,105,-15,15
51229,72,84,-12,12
51230,63,76,-13,13
51231,105,115,-10,10
51232,68,86,-18,18
51233,143,149,-6,6
51234,116,126,-10,10
51235,121,132,-11,11
51236,130,119,11,11
51237,75,87,-12,12
51238,70,92,-22,22
51239,109,108,1,1
51240,98,105,-7,7
51241,106,104,2,2
51242,76,92,-16,16
51243,60,68,-8,8
51244,68,88,-20,20
51245,165,150,15,15
51246,90,115,-25,25
51247,178,161,17,17
51248,79,93,-14,14
51249,72,77,-5,5
51250,87,100,-13,13
51251,82,94,-12,12
51252,57,74,-17,17
51253,110,125,-15,15
51254,111,120,-9,9
51255,70,95,-25,25
51256,112,123,-11,11
51257,52,65,-13,13
51258,94,101,-7,7
51259,97,109,-12,12
51260,66,84,-18,18
51261,67,82,-15,15
51262,66,85,-19,19
51263,107,116,-9,9
51264,156,183,-27,27
51265,40,102,-62,62
51266,60,79,-19,19
51267,109,144,-35,35
51268,62,76,-14,14
51269,126,124,2,2
51270,96,110,-14,14
51271,106,108,-2,2
51272,109,109,0,0
51273,77,91,-14,14
51274,70,84,-14,14
51275,75,112,-37,37
51276,194,180,14,14
51277,24,48,-24,24
51278,94,108,-14,14
51279,102,105,-3,3
51280,126,134,-8,8
51281,150,138,12,12
51282,126,137,-11,11
51283,82,102,-20,20
51284,92,116,-24,24
51285,87,102,-15,15
51286,122,138,-16,16
51287,129,137,-8,8
51288,93,102,-9,9
51289,62,84,-22,22
51290,148,149,-1,1
51291,73,87,-14,14
51292,114,115,-1,1
51293,82,96,-14,14
51294,99,113,-14,14
51295,181,163,18,18
51296,158,146,12,12
51297,100,111,-11,11
51298,143,145,-2,2
51299,118,128,-10,10
51300,85,98,-13,13
51301,127,138,-11,11
51302,83,102,-19,19
51303,95,104,-9,9
51304,63,71,-8,8
51305,76,85,-9,9
51306,111,129,-18,18
51307,69,89,-20,20
51308,100,103,-3,3
51309,47,65,-18,18
51310,83,104,-21,21
51311,85,99,-14,14
51312,74,86,-12,12
51313,53,85,-32,32
51314,75,92,-17,17
51315,71,100,-29,29
51316,108,116,-8,8
51317,71,87,-16,16
51318,121,127,-6,6
51319,100,118,-18,18
51320,113,125,-12,12
51321,86,90,-4,4
51322,86,86,0,0
51323,115,122,-7,7
51324,38,56,-18,18
51325,140,143,-3,3
51326,119,133,-14,14
51327,104,115,-11,11
51328,135,128,7,7
51329,147,141,6,6
51330,116,119,-3,3
51331,137,142,-5,5
51332,86,99,-13,13
51333,96,105,-9,9
51334,76,82,-6,6
51335,64,73,-9,9
51336,57,69,-12,12
51337,90,115,-25,25
51338,56,89,-33,33
51339,84,107,-23,23
51340,109,111,-2,2
51341,124,134,-10,10
51342,138,135,3,3
51343,73,85,-12,12
51344,98,107,-9,9
51345,93,95,-2,2
51346,51,58,-7,7
51347,54,68,-14,14
51348,62,77,-15,15
51349,126,134,-8,8
51350,85,95,-10,10
51351,86,87,-1,1
51352,67,79,-12,12
51353,80,96,-16,16
51354,55,73,-18,18
51355,115,120,-5,5
51356,71,84,-13,13
51357,86,96,-10,10
51358,120,126,-6,6
51359,94,103,-9,9
51360,71,85,-14,14
51361,106,124,-18,18
51362,101,108,-7,7
51363,41,61,-20,20
51364,77,82,-5,5
51365,130,134,-4,4
51366,154,149,5,5
51367,102,104,-2,2
51368,56,73,-17,17
51369,108,115,-7,7
51370,74,92,-18,18
51371,33,116,-83,83
51372,109,119,-10,10
51373,113,123,-10,10
51374,115,124,-9,9
51375,73,89,-16,16
51376,60,82,-22,22
51377,115,117,-2,2
51378,85,103,-18,18
51379,121,121,0,0
51380,128,134,-6,6
51381,76,100,-24,24
51382,158,153,5,5
51383,109,116,-7,7
51384,47,66,-19,19
51385,76,87,-11,11
51386,75,81,-6,6
51387,92,96,-4,4
51388,92,108,-16,16
51389,110,114,-4,4
51390,101,107,-6,6
51391,95,101,-6,6
51392,107,118,-11,11
51393,96,109,-13,13
51394,127,139,-12,12
51395,104,115,-11,11
51396,84,90,-6,6
51397,44,60,-16,16
51398,112,130,-18,18
51399,94,122,-28,28
51400,65,80,-15,15
51401,67,88,-21,21
51402,106,117,-11,11
51403,85,92,-7,7
51404,75,98,-23,23
51405,72,81,-9,9
51406,99,97,2,2
51407,63,78,-15,15
51408,157,153,4,4
51409,70,81,-11,11
51410,79,90,-11,11
51411,99,106,-7,7
51412,100,117,-17,17
51413,152,148,4,4
51414,111,133,-22,22
51415,73,89,-16,16
51416,117,124,-7,7
51417,74,89,-15,15
51418,84,104,-20,20
51419,117,120,-3,3
51420,70,86,-16,16
51421,72,92,-20,20
51422,62,78,-16,16
51423,90,109,-19,19
51424,123,123,0,0
51425,81,96,-15,15
51426,62,76,-14,14
51427,74,84,-10,10
51428,189,164,25,25
51429,97,112,-15,15
51430,131,136,-5,5
51431,66,87,-21,21
51432,131,138,-7,7
51433,101,103,-2,2
51434,205,198,7,7
51435,92,110,-18,18
51436,74,94,-20,20
51437,108,112,-4,4
51438,78,88,-10,10
51439,69,91,-22,22
51440,92,102,-10,10
51441,76,90,-14,14
51442,83,101,-18,18
51443,104,117,-13,13
51444,85,92,-7,7
51445,74,80,-6,6
51446,134,141,-7,7
51447,119,121,-2,2
51448,92,98,-6,6
51449,88,99,-11,11
51450,126,140,-14,14
51451,100,114,-14,14
51452,45,69,-24,24
51453,131,124,7,7
51454,55,69,-14,14
51455,180,171,9,9
51456,133,123,10,10
51457,94,87,7,7
51458,62,94,-32,32
51459,119,124,-5,5
51460,183,166,17,17
51461,88,94,-6,6
51462,115,105,10,10
51463,100,103,-3,3
51464,64,86,-22,22
51465,83,114,-31,31
51466,138,147,-9,9
51467,62,84,-22,22
51468,193,167,26,26
51469,90,96,-6,6
51470,77,98,-21,21
51471,111,118,-7,7
51472,99,99,0,0
51473,118,133,-15,15
51474,131,132,-1,1
51475,71,78,-7,7
51476,78,91,-13,13
51477,94,99,-5,5
51478,92,109,-17,17
51479,97,110,-13,13
51480,89,96,-7,7
51481,131,127,4,4
51482,119,111,8,8
51483,59,78,-19,19
51484,80,92,-12,12
51485,116,122,-6,6
51486,93,98,-5,5
51487,72,91,-19,19
51488,185,158,27,27
51489,85,101,-16,16
51490,108,134,-26,26
51491,84,99,-15,15
51492,100,110,-10,10
51493,109,104,5,5
51494,43,62,-19,19
51495,77,92,-15,15
51496,87,93,-6,6
51497,121,125,-4,4
51498,109,124,-15,15
51499,83,100,-17,17
51500,108,106,2,2
51501,166,149,17,17
51502,68,81,-13,13
51503,112,136,-24,24
51504,103,115,-12,12
51505,106,120,-14,14
51506,33,54,-21,21
51507,56,66,-10,10
51508,72,86,-14,14
51509,136,144,-8,8
51510,79,92,-13,13
51511,143,141,2,2
51512,103,109,-6,6
51513,75,88,-13,13
51514,73,88,-15,15
51515,68,82,-14,14
51516,68,94,-26,26
51517,102,99,3,3
51518,83,95,-12,12
51519,70,94,-24,24
51520,88,96,-8,8
51521,124,130,-6,6
51522,111,122,-11,11
51523,103,118,-15,15
51524,104,115,-11,11
51525,122,130,-8,8
51526,119,129,-10,10
51527,71,114,-43,43
51528,196,193,3,3
51529,70,83,-13,13
51530,70,100,-30,30
51531,88,97,-9,9
51532,122,126,-4,4
51533,102,107,-5,5
51534,119,122,-3,3
51535,138,141,-3,3
51536,165,151,14,14
51537,94,118,-24,24
51538,52,70,-18,18
51539,86,98,-12,12
51540,63,82,-19,19
51541,92,97,-5,5
51542,65,76,-11,11
51543,47,63,-16,16
51544,62,77,-15,15
51545,79,104,-25,25
51546,166,146,20,20
51547,96,104,-8,8
51548,120,138,-18,18
51549,117,126,-9,9
51550,99,106,-7,7
51551,124,137,-13,13
51552,138,134,4,4
51553,60,75,-15,15
51554,90,100,-10,10
51555,76,95,-19,19
51556,113,140,-27,27
51557,129,135,-6,6
51558,80,92,-12,12
51559,99,110,-11,11
51560,87,101,-14,14
51561,74,91,-17,17
51562,70,84,-14,14
51563,50,67,-17,17
51564,83,96,-13,13
51565,150,147,3,3
51566,104,110,-6,6
51567,107,116,-9,9
51568,101,107,-6,6
51569,153,150,3,3
51570,81,95,-14,14
51571,58,84,-26,26
51572,104,110,-6,6
51573,64,77,-13,13
51574,58,70,-12,12
51575,137,145,-8,8
51576,132,122,10,10
51577,110,121,-11,11
51578,120,129,-9,9
51579,92,106,-14,14
51580,83,128,-45,45
51581,41,66,-25,25
51582,194,194,0,0
51583,79,86,-7,7
51584,65,79,-14,14
51585,126,143,-17,17
51586,125,145,-20,20
51587,148,147,1,1
51588,63,77,-14,14
51589,82,94,-12,12
51590,127,133,-6,6
51591,141,138,3,3
51592,98,115,-17,17
51593,140,147,-7,7
51594,92,102,-10,10
51595,78,97,-19,19
51596,72,85,-13,13
51597,133,128,5,5
51598,82,100,-18,18
51599,53,74,-21,21
51600,68,82,-14,14
51601,135,142,-7,7
51602,76,105,-29,29
51603,84,88,-4,4
51604,109,116,-7,7
51605,115,130,-15,15
51606,32,50,-18,18
51607,202,174,28,28
51608,64,76,-12,12
51609,69,79,-10,10
51610,61,77,-16,16
51611,81,89,-8,8
51612,81,102,-21,21
51613,103,110,-7,7
51614,73,82,-9,9
51615,103,126,-23,23
51616,153,156,-3,3
51617,78,94,-16,16
51618,100,107,-7,7
51619,136,148,-12,12
51620,58,77,-19,19
51621,75,98,-23,23
51622,130,127,3,3
51623,127,126,1,1
51624,51,71,-20,20
51625,87,89,-2,2
51626,99,111,-12,12
51627,121,122,-1,1
51628,83,98,-15,15
51629,65,77,-12,12
51630,86,99,-13,13
51631,129,139,-10,10
51632,77,99,-22,22
51633,63,84,-21,21
51634,70,83,-13,13
51635,75,91,-16,16
51636,75,94,-19,19
51637,132,140,-8,8
51638,157,154,3,3
51639,130,144,-14,14
51640,80,97,-17,17
51641,97,110,-13,13
51642,68,80,-12,12
51643,98,111,-13,13
51644,81,99,-18,18
51645,51,66,-15,15
51646,84,96,-12,12
51647,79,90,-11,11
51648,151,149,2,2
51649,82,96,-14,14
51650,127,135,-8,8
51651,63,87,-24,24
51652,97,109,-12,12
51653,121,122,-1,1
51654,157,150,7,7
51655,101,109,-8,8
51656,160,160,0,0
51657,92,100,-8,8
51658,107,122,-15,15
51659,108,112,-4,4
51660,119,118,1,1
51661,61,78,-17,17
51662,112,115,-3,3
51663,71,84,-13,13
51664,99,115,-16,16
51665,68,87,-19,19
51666,116,137,-21,21
51667,64,92,-28,28
51668,124,138,-14,14
51669,139,144,-5,5
51670,80,92,-12,12
51671,157,151,6,6
51672,101,108,-7,7
51673,114,119,-5,5
51674,126,137,-11,11
51675,148,154,-6,6
51676,77,95,-18,18
51677,187,174,13,13
51678,139,146,-7,7
51679,164,157,7,7
51680,98,110,-12,12
51681,86,102,-16,16
51682,61,76,-15,15
51683,143,150,-7,7
51684,57,70,-13,13
51685,52,68,-16,16
51686,92,116,-24,24
51687,108,113,-5,5
51688,156,145,11,11
51689,159,149,10,10
51690,157,148,9,9
51691,102,108,-6,6
51692,138,138,0,0
51693,78,96,-18,18
51694,83,86,-3,3
51695,108,110,-2,2
51696,60,70,-10,10
51697,142,130,12,12
51698,55,71,-16,16
51699,65,81,-16,16
51700,125,130,-5,5
51701,90,106,-16,16
51702,74,88,-14,14
51703,156,150,6,6
51704,76,94,-18,18
51705,94,111,-17,17
51706,84,91,-7,7
51707,84,96,-12,12
51708,68,90,-22,22
51709,144,142,2,2
51710,74,85,-11,11
51711,104,116,-12,12
51712,98,91,7,7
51713,92,101,-9,9
51714,106,119,-13,13
51715,94,103,-9,9
51716,91,110,-19,19
51717,61,63,-2,2
51718,77,88,-11,11
51719,71,85,-14,14
51720,98,109,-11,11
51721,73,95,-22,22
51722,103,119,-16,16
51723,124,125,-1,1
51724,135,135,0,0
51725,118,131,-13,13
51726,96,112,-16,16
51727,54,72,-18,18
51728,112,111,1,1
51729,72,91,-19,19
51730,70,88,-18,18
51731,85,95,-10,10
51732,51,63,-12,12
51733,106,128,-22,22
51734,113,112,1,1
51735,76,82,-6,6
51736,63,89,-26,26
51737,140,131,9,9
51738,103,106,-3,3
51739,163,161,2,2
51740,126,133,-7,7
51741,92,121,-29,29
51742,40,57,-17,17
51743,33,56,-23,23
51744,99,109,-10,10
51745,113,112,1,1
51746,59,72,-13,13
51747,88,115,-27,27
51748,58,76,-18,18
51749,98,108,-10,10
51750,135,131,4,4
51751,92,105,-13,13
51752,101,112,-11,11
51753,116,123,-7,7
51754,171,164,7,7
51755,98,99,-1,1
51756,99,105,-6,6
51757,77,87,-10,10
51758,99,102,-3,3
51759,61,73,-12,12
51760,124,116,8,8
51761,36,54,-18,18
51762,124,123,1,1
51763,89,97,-8,8
51764,144,148,-4,4
51765,113,120,-7,7
51766,157,149,8,8
51767,95,110,-15,15
51768,101,113,-12,12
51769,76,93,-17,17
51770,65,92,-27,27
51771,222,178,44,44
51772,123,124,-1,1
51773,71,103,-32,32
51774,102,104,-2,2
51775,96,107,-11,11
51776,105,113,-8,8
51777,81,96,-15,15
51778,122,147,-25,25
51779,64,83,-19,19
51780,43,83,-40,40
51781,114,113,1,1
51782,62,76,-14,14
51783,104,124,-20,20
51784,175,179,-4,4
51785,98,116,-18,18
51786,87,99,-12,12
51787,144,147,-3,3
51788,76,103,-27,27
51789,125,135,-10,10
51790,70,84,-14,14
51791,86,108,-22,22
51792,140,131,9,9
51793,44,67,-23,23
51794,101,106,-5,5
51795,68,83,-15,15
51796,155,153,2,2
51797,125,133,-8,8
51798,49,66,-17,17
51799,140,147,-7,7
51800,105,110,-5,5
51801,192,189,3,3
51802,89,93,-4,4
51803,140,143,-3,3
51804,140,146,-6,6
51805,112,127,-15,15
51806,136,129,7,7
51807,76,97,-21,21
51808,64,88,-24,24
51809,64,89,-25,25
51810,83,98,-15,15
51811,72,79,-7,7
51812,145,149,-4,4
51813,113,113,0,0
51814,114,115,-1,1
51815,154,148,6,6
51816,67,80,-13,13
51817,197,173,24,24
51818,61,77,-16,16
51819,99,109,-10,10
51820,91,105,-14,14
51821,181,155,26,26
51822,45,60,-15,15
51823,55,75,-20,20
51824,183,187,-4,4
51825,106,120,-14,14
51826,57,84,-27,27
51827,133,131,2,2
51828,36,55,-19,19
51829,98,115,-17,17
51830,54,66,-12,12
51831,140,147,-7,7
51832,114,123,-9,9
51833,99,104,-5,5
51834,69,85,-16,16
51835,144,144,0,0
51836,112,127,-15,15
51837,101,107,-6,6
51838,88,95,-7,7
51839,88,97,-9,9
51840,94,104,-10,10
51841,67,75,-8,8
51842,46,70,-24,24
51843,72,81,-9,9
51844,80,88,-8,8
51845,75,89,-14,14
51846,94,105,-11,11
51847,117,131,-14,14
51848,67,83,-16,16
51849,71,88,-17,17
51850,67,96,-29,29
51851,68,76,-8,8
51852,91,102,-11,11
51853,71,86,-15,15
51854,114,125,-11,11
51855,93,115,-22,22
51856,73,93,-20,20
51857,164,151,13,13
51858,132,134,-2,2
51859,66,72,-6,6
51860,153,147,6,6
51861,108,126,-18,18
51862,110,116,-6,6
51863,156,148,8,8
51864,162,153,9,9
51865,150,148,2,2
51866,125,128,-3,3
51867,61,75,-14,14
51868,95,105,-10,10
51869,152,143,9,9
51870,125,140,-15,15
51871,119,118,1,1
51872,166,180,-14,14
51873,120,115,5,5
51874,58,72,-14,14
51875,45,60,-15,15
51876,117,136,-19,19
51877,65,75,-10,10
51878,105,121,-16,16
51879,70,81,-11,11
51880,78,87,-9,9
51881,91,99,-8,8
51882,78,84,-6,6
51883,116,143,-27,27
51884,132,125,7,7
51885,143,141,2,2
51886,117,137,-20,20
51887,147,154,-7,7
51888,63,83,-20,20
51889,80,106,-26,26
51890,98,106,-8,8
51891,51,74,-23,23
51892,51,68,-17,17
51893,73,83,-10,10
51894,95,103,-8,8
51895,100,108,-8,8
51896,74,99,-25,25
51897,110,110,0,0
51898,78,92,-14,14
51899,54,77,-23,23
51900,115,123,-8,8
51901,139,137,2,2
51902,73,90,-17,17
51903,67,83,-16,16
51904,76,90,-14,14
51905,108,117,-9,9
51906,104,113,-9,9
51907,130,134,-4,4
51908,116,128,-12,12
51909,57,74,-17,17
51910,102,118,-16,16
51911,108,116,-8,8
51912,95,98,-3,3
51913,40,58,-18,18
51914,76,94,-18,18
51915,71,83,-12,12
51916,137,144,-7,7
51917,118,119,-1,1
51918,129,138,-9,9
51919,67,88,-21,21
51920,72,87,-15,15
51921,111,130,-19,19
51922,95,107,-12,12
51923,130,146,-16,16
51924,116,129,-13,13
51925,68,85,-17,17
51926,103,111,-8,8
51927,95,107,-12,12
51928,117,127,-10,10
51929,62,70,-8,8
51930,75,95,-20,20
51931,56,80,-24,24
51932,120,117,3,3
51933,113,124,-11,11
51934,85,93,-8,8
51935,71,109,-38,38
51936,130,139,-9,9
51937,87,103,-16,16
51938,156,148,8,8
51939,89,101,-12,12
51940,61,74,-13,13
51941,115,122,-7,7
51942,144,141,3,3
51943,73,91,-18,18
51944,94,107,-13,13
51945,102,109,-7,7
51946,125,136,-11,11
51947,71,80,-9,9
51948,140,144,-4,4
51949,143,144,-1,1
51950,77,99,-22,22
51951,86,89,-3,3
51952,70,86,-16,16
51953,101,102,-1,1
51954,82,95,-13,13
51955,93,100,-7,7
51956,55,75,-20,20
51957,138,148,-10,10
51958,88,101,-13,13
51959,81,100,-19,19
51960,176,155,21,21
51961,90,110,-20,20
51962,52,73,-21,21
51963,97,106,-9,9
51964,45,68,-23,23
51965,114,127,-13,13
51966,155,149,6,6
51967,151,166,-15,15
51968,60,76,-16,16
51969,82,88,-6,6
51970,96,107,-11,11
51971,126,124,2,2
51972,90,100,-10,10
51973,83,85,-2,2
51974,72,91,-19,19
51975,139,140,-1,1
51976,137,147,-10,10
51977,119,130,-11,11
51978,115,113,2,2
51979,76,86,-10,10
51980,80,109,-29,29
51981,101,106,-5,5
51982,92,103,-11,11
51983,65,78,-13,13
51984,89,102,-13,13
51985,72,88,-16,16
51986,45,60,-15,15
51987,69,83,-14,14
51988,81,90,-9,9
51989,95,108,-13,13
51990,76,95,-19,19
51991,49,62,-13,13
51992,97,112,-15,15
51993,90,101,-11,11
51994,130,135,-5,5
51995,74,96,-22,22
51996,46,70,-24,24
51997,74,93,-19,19
51998,108,115,-7,7
51999,115,127,-12,12
52000,37,60,-23,23
52001,79,89,-10,10
52002,75,93,-18,18
52003,174,154,20,20
52004,107,111,-4,4
52005,53,66,-13,13
52006,83,97,-14,14
52007,60,74,-14,14
52008,98,111,-13,13
52009,57,73,-16,16
52010,54,70,-16,16
52011,83,94,-11,11
52012,182,200,-18,18
52013,107,124,-17,17
52014,89,111,-22,22
52015,105,113,-8,8
52016,109,121,-12,12
52017,141,138,3,3
52018,121,130,-9,9
52019,91,113,-22,22
52020,117,122,-5,5
52021,58,72,-14,14
52022,80,88,-8,8
52023,88,106,-18,18
52024,80,95,-15,15
52025,146,148,-2,2
52026,105,111,-6,6
52027,128,147,-19,19
52028,79,93,-14,14
52029,123,134,-11,11
52030,85,95,-10,10
52031,77,87,-10,10
52032,70,80,-10,10
52033,100,112,-12,12
52034,71,82,-11,11
52035,123,128,-5,5
52036,85,104,-19,19
52037,113,117,-4,4
52038,98,106,-8,8
52039,67,90,-23,23
52040,130,149,-19,19
52041,176,155,21,21
52042,117,125,-8,8
52043,130,132,-2,2
52044,114,119,-5,5
52045,108,119,-11,11
52046,111,127,-16,16
52047,91,99,-8,8
52048,153,146,7,7
52049,83,103,-20,20
52050,91,107,-16,16
52051,103,116,-13,13
52052,123,134,-11,11
52053,57,76,-19,19
52054,115,125,-10,10
52055,86,106,-20,20
52056,147,146,1,1
52057,116,142,-26,26
52058,87,95,-8,8
52059,81,98,-17,17
52060,58,65,-7,7
52061,97,97,0,0
52062,138,148,-10,10
52063,74,86,-12,12
52064,60,83,-23,23
52065,94,107,-13,13
52066,150,151,-1,1
52067,143,147,-4,4
52068,72,88,-16,16
52069,80,94,-14,14
52070,94,103,-9,9
52071,85,97,-12,12
52072,108,112,-4,4
52073,106,106,0,0
52074,86,98,-12,12
52075,160,151,9,9
52076,84,96,-12,12
52077,78,85,-7,7
52078,89,106,-17,17
52079,76,97,-21,21
52080,57,66,-9,9
52081,93,105,-12,12
52082,92,109,-17,17
52083,79,108,-29,29
52084,105,117,-12,12
52085,146,148,-2,2
52086,79,100,-21,21
52087,96,109,-13,13
52088,97,111,-14,14
52089,74,85,-11,11
52090,79,101,-22,22
52091,90,100,-10,10
52092,133,139,-6,6
52093,81,94,-13,13
52094,140,138,2,2
52095,20,45,-25,25
52096,42,109,-67,67
52097,178,155,23,23
52098,57,80,-23,23
52099,91,107,-16,16
52100,125,149,-24,24
52101,77,88,-11,11
52102,73,87,-14,14
52103,96,112,-16,16
52104,63,76,-13,13
52105,75,87,-12,12
52106,117,124,-7,7
52107,135,142,-7,7
52108,105,122,-17,17
52109,141,147,-6,6
52110,123,119,4,4
52111,71,101,-30,30
52112,108,109,-1,1
52113,104,119,-15,15
52114,108,121,-13,13
52115,93,104,-11,11
52116,102,110,-8,8
52117,99,99,0,0
52118,95,113,-18,18
52119,53,70,-17,17
52120,117,118,-1,1
52121,79,104,-25,25
52122,55,79,-24,24
52123,163,157,6,6
52124,53,68,-15,15
52125,80,92,-12,12
52126,124,129,-5,5
52127,75,84,-9,9
52128,133,140,-7,7
52129,83,95,-12,12
52130,54,76,-22,22
52131,52,67,-15,15
52132,67,79,-12,12
52133,75,85,-10,10
52134,106,111,-5,5
52135,140,140,0,0
52136,124,136,-12,12
52137,65,85,-20,20
52138,94,114,-20,20
52139,108,116,-8,8
52140,132,126,6,6
52141,123,128,-5,5
52142,73,98,-25,25
52143,246,236,10,10
52144,91,96,-5,5
52145,48,70,-22,22
52146,109,109,0,0
52147,120,117,3,3
52148,71,78,-7,7
52149,44,55,-11,11
52150,83,92,-9,9
52151,77,87,-10,10
52152,108,112,-4,4
52153,76,87,-11,11
52154,116,116,0,0
52155,98,123,-25,25
52156,114,114,0,0
52157,142,139,3,3
52158,92,113,-21,21
52159,82,90,-8,8
52160,86,98,-12,12
52161,65,78,-13,13
52162,91,100,-9,9
52163,158,155,3,3
52164,79,88,-9,9
52165,89,95,-6,6
52166,54,67,-13,13
52167,144,136,8,8
52168,167,169,-2,2
52169,94,115,-21,21
52170,75,87,-12,12
52171,110,128,-18,18
52172,113,117,-4,4
52173,63,78,-15,15
52174,138,140,-2,2
52175,101,111,-10,10
52176,99,121,-22,22
52177,98,112,-14,14
52178,138,154,-16,16
52179,116,129,-13,13
52180,53,79,-26,26
52181,97,109,-12,12
52182,79,81,-2,2
52183,94,117,-23,23
52184,72,92,-20,20
52185,104,122,-18,18
52186,113,114,-1,1
52187,105,127,-22,22
52188,84,95,-11,11
52189,66,89,-23,23
52190,75,93,-18,18
52191,106,118,-12,12
52192,100,106,-6,6
52193,75,99,-24,24
52194,45,58,-13,13
52195,126,139,-13,13
52196,102,105,-3,3
52197,108,122,-14,14
52198,99,106,-7,7
52199,146,151,-5,5
52200,107,119,-12,12
52201,105,121,-16,16
52202,58,71,-13,13
52203,114,129,-15,15
52204,151,141,10,10
52205,72,91,-19,19
52206,79,87,-8,8
52207,131,129,2,2
52208,91,105,-14,14
52209,52,72,-20,20
52210,81,85,-4,4
52211,85,88,-3,3
52212,96,102,-6,6
52213,42,63,-21,21
52214,73,81,-8,8
52215,100,108,-8,8
52216,104,111,-7,7
52217,85,105,-20,20
52218,67,86,-19,19
52219,71,84,-13,13
52220,100,106,-6,6
52221,134,121,13,13
52222,104,119,-15,15
52223,90,97,-7,7
52224,96,137,-41,41
52225,61,105,-44,44
52226,65,85,-20,20
52227,139,142,-3,3
52228,46,61,-15,15
52229,70,84,-14,14
52230,142,140,2,2
52231,90,109,-19,19
52232,112,112,0,0
52233,113,115,-2,2
52234,59,79,-20,20
52235,111,119,-8,8
52236,84,86,-2,2
52237,74,83,-9,9
52238,78,84,-6,6
52239,145,149,-4,4
52240,100,132,-32,32
52241,103,109,-6,6
52242,55,70,-15,15
52243,93,105,-12,12
52244,78,90,-12,12
52245,80,92,-12,12
52246,104,105,-1,1
52247,66,85,-19,19
52248,68,75,-7,7
52249,60,71,-11,11
52250,103,127,-24,24
52251,69,81,-12,12
52252,92,106,-14,14
52253,48,71,-23,23
52254,54,76,-22,22
52255,54,67,-13,13
52256,58,76,-18,18
52257,160,149,11,11
52258,83,90,-7,7
52259,90,97,-7,7
52260,71,133,-62,62
52261,168,172,-4,4
52262,137,148,-11,11
52263,139,148,-9,9
52264,74,83,-9,9
52265,75,91,-16,16
52266,65,77,-12,12
52267,93,93,0,0
52268,94,102,-8,8
52269,65,93,-28,28
52270,110,122,-12,12
52271,29,55,-26,26
52272,91,99,-8,8
52273,78,91,-13,13
52274,77,88,-11,11
52275,93,105,-12,12
52276,158,149,9,9
52277,206,191,15,15
52278,98,111,-13,13
52279,131,134,-3,3
52280,115,121,-6,6
52281,129,125,4,4
52282,97,102,-5,5
52283,97,103,-6,6
52284,78,107,-29,29
52285,81,93,-12,12
52286,107,120,-13,13
52287,80,88,-8,8
52288,67,85,-18,18
52289,66,88,-22,22
52290,56,72,-16,16
52291,72,83,-11,11
52292,50,71,-21,21
52293,70,116,-46,46
52294,128,129,-1,1
52295,138,148,-10,10
52296,38,59,-21,21
52297,113,120,-7,7
52298,168,160,8,8
52299,115,115,0,0
52300,88,99,-11,11
52301,80,94,-14,14
52302,124,139,-15,15
52303,190,179,11,11
52304,92,108,-16,16
52305,83,96,-13,13
52306,78,95,-17,17
52307,64,72,-8,8
52308,121,130,-9,9
52309,74,89,-15,15
52310,59,77,-18,18
52311,200,157,43,43
52312,157,150,7,7
52313,86,101,-15,15
52314,126,128,-2,2
52315,75,88,-13,13
52316,95,122,-27,27
52317,118,119,-1,1
52318,174,158,16,16
52319,148,145,3,3
52320,70,89,-19,19
52321,99,110,-11,11
52322,73,87,-14,14
52323,178,153,25,25
52324,127,134,-7,7
52325,137,144,-7,7
52326,35,56,-21,21
52327,58,75,-17,17
52328,104,118,-14,14
52329,85,96,-11,11
52330,91,101,-10,10
52331,40,55,-15,15
52332,83,95,-12,12
52333,100,115,-15,15
52334,73,90,-17,17
52335,51,74,-23,23
52336,263,186,77,77
52337,87,103,-16,16
52338,85,96,-11,11
52339,85,99,-14,14
52340,89,99,-10,10
52341,176,167,9,9
52342,103,113,-10,10
52343,128,142,-14,14
52344,166,162,4,4
52345,92,117,-25,25
52346,100,114,-14,14
52347,98,102,-4,4
52348,57,73,-16,16
52349,127,128,-1,1
52350,86,99,-13,13
52351,144,149,-5,5
52352,60,77,-17,17
52353,113,121,-8,8
52354,113,117,-4,4
52355,103,110,-7,7
52356,90,98,-8,8
52357,56,65,-9,9
52358,47,65,-18,18
52359,105,119,-14,14
52360,61,76,-15,15
52361,128,148,-20,20
52362,55,92,-37,37
52363,67,78,-11,11
52364,65,81,-16,16
52365,116,118,-2,2
52366,76,92,-16,16
52367,41,57,-16,16
52368,83,88,-5,5
52369,82,97,-15,15
52370,50,73,-23,23
52371,81,105,-24,24
52372,57,65,-8,8
52373,83,93,-10,10
52374,87,107,-20,20
52375,56,66,-10,10
52376,68,79,-11,11
52377,71,84,-13,13
52378,77,92,-15,15
52379,67,78,-11,11
52380,120,118,2,2
52381,74,90,-16,16
52382,121,133,-12,12
52383,73,88,-15,15
52384,53,72,-19,19
52385,68,86,-18,18
52386,95,103,-8,8
52387,103,117,-14,14
52388,46,66,-20,20
52389,73,79,-6,6
52390,148,146,2,2
52391,145,139,6,6
52392,105,105,0,0
52393,71,86,-15,15
52394,43,64,-21,21
52395,106,118,-12,12
52396,114,123,-9,9
52397,80,84,-4,4
52398,64,89,-25,25
52399,125,126,-1,1
52400,84,111,-27,27
52401,86,102,-16,16
52402,101,105,-4,4
52403,95,104,-9,9
52404,90,104,-14,14
52405,93,105,-12,12
52406,62,76,-14,14
52407,146,147,-1,1
52408,87,99,-12,12
52409,85,94,-9,9
52410,134,127,7,7
52411,82,89,-7,7
52412,46,70,-24,24
52413,73,82,-9,9
52414,23,45,-22,22
52415,167,151,16,16
52416,116,108,8,8
52417,112,127,-15,15
52418,227,210,17,17
52419,108,123,-15,15
52420,93,104,-11,11
52421,76,87,-11,11
52422,75,90,-15,15
52423,74,94,-20,20
52424,85,93,-8,8
52425,68,83,-15,15
52426,93,99,-6,6
52427,143,145,-2,2
52428,132,138,-6,6
52429,68,84,-16,16
52430,49,74,-25,25
52431,116,117,-1,1
52432,87,94,-7,7
52433,114,114,0,0
52434,133,131,2,2
52435,81,90,-9,9
52436,105,107,-2,2
52437,88,103,-15,15
52438,158,148,10,10
52439,82,90,-8,8
52440,91,105,-14,14
52441,158,152,6,6
52442,77,90,-13,13
52443,61,97,-36,36
52444,57,76,-19,19
52445,76,94,-18,18
52446,80,94,-14,14
52447,90,108,-18,18
52448,75,81,-6,6
52449,105,111,-6,6
52450,99,110,-11,11
52451,134,142,-8,8
52452,70,86,-16,16
52453,139,150,-11,11
52454,67,82,-15,15
52455,186,161,25,25
52456,101,111,-10,10
52457,142,143,-1,1
52458,66,76,-10,10
52459,88,96,-8,8
52460,79,96,-17,17
52461,80,94,-14,14
52462,103,119,-16,16
52463,133,148,-15,15
52464,21,81,-60,60
52465,98,99,-1,1
52466,67,82,-15,15
52467,117,148,-31,31
52468,71,85,-14,14
52469,45,64,-19,19
52470,90,95,-5,5
52471,122,122,0,0
52472,133,134,-1,1
52473,70,81,-11,11
52474,99,116,-17,17
52475,161,151,10,10
52476,123,126,-3,3
52477,116,118,-2,2
52478,148,135,13,13
52479,55,64,-9,9
52480,107,119,-12,12
52481,69,79,-10,10
52482,103,129,-26,26
52483,50,71,-21,21
52484,76,91,-15,15
52485,98,107,-9,9
52486,63,80,-17,17
52487,69,82,-13,13
52488,115,122,-7,7
52489,64,76,-12,12
52490,80,93,-13,13
52491,93,99,-6,6
52492,93,106,-13,13
52493,107,112,-5,5
52494,91,101,-10,10
52495,73,97,-24,24
52496,163,149,14,14
52497,82,88,-6,6
52498,133,138,-5,5
52499,70,93,-23,23
52500,74,93,-19,19
52501,72,82,-10,10
52502,51,62,-11,11
52503,192,164,28,28
52504,59,89,-30,30
52505,69,79,-10,10
52506,47,65,-18,18
52507,146,155,-9,9
52508,149,144,5,5
52509,96,119,-23,23
52510,73,80,-7,7
52511,143,142,1,1
52512,101,115,-14,14
52513,96,110,-14,14
52514,108,126,-18,18
52515,77,91,-14,14
52516,45,68,-23,23
52517,89,104,-15,15
52518,160,150,10,10
52519,97,117,-20,20
52520,82,97,-15,15
52521,80,89,-9,9
52522,70,80,-10,10
52523,123,123,0,0
52524,109,115,-6,6
52525,162,157,5,5
52526,129,132,-3,3
52527,80,92,-12,12
52528,49,69,-20,20
52529,129,128,1,1
52530,79,83,-4,4
52531,89,110,-21,21
52532,92,107,-15,15
52533,87,94,-7,7
52534,104,106,-2,2
52535,106,104,2,2
52536,169,166,3,3
52537,96,119,-23,23
52538,66,81,-15,15
52539,140,144,-4,4
52540,128,128,0,0
52541,82,97,-15,15
52542,128,127,1,1
52543,109,120,-11,11
52544,59,78,-19,19
52545,61,76,-15,15
52546,109,103,6,6
52547,72,92,-20,20
52548,57,82,-25,25
52549,94,110,-16,16
52550,86,96,-10,10
52551,57,71,-14,14
52552,142,145,-3,3
52553,79,100,-21,21
52554,150,148,2,2
52555,122,142,-20,20
52556,106,121,-15,15
52557,41,61,-20,20
52558,218,192,26,26
52559,106,111,-5,5
52560,80,89,-9,9
52561,87,99,-12,12
52562,121,138,-17,17
52563,68,81,-13,13
52564,79,94,-15,15
52565,63,74,-11,11
52566,57,80,-23,23
52567,132,143,-11,11
52568,86,102,-16,16
52569,92,100,-8,8
52570,187,170,17,17
52571,97,105,-8,8
52572,135,137,-2,2
52573,126,118,8,8
52574,79,91,-12,12
52575,69,92,-23,23
52576,142,147,-5,5
52577,97,103,-6,6
52578,104,119,-15,15
52579,112,122,-10,10
52580,168,167,1,1
52581,145,138,7,7
52582,137,142,-5,5
52583,142,137,5,5
52584,81,88,-7,7
52585,97,107,-10,10
52586,90,94,-4,4
52587,121,147,-26,26
52588,71,91,-20,20
52589,61,73,-12,12
52590,95,122,-27,27
52591,95,124,-29,29
52592,53,82,-29,29
52593,126,136,-10,10
52594,72,93,-21,21
52595,86,89,-3,3
52596,141,148,-7,7
52597,96,117,-21,21
52598,98,114,-16,16
52599,123,128,-5,5
52600,46,62,-16,16
52601,95,96,-1,1
52602,127,131,-4,4
52603,153,148,5,5
52604,115,120,-5,5
52605,104,104,0,0
52606,53,72,-19,19
52607,95,101,-6,6
52608,88,96,-8,8
52609,133,126,7,7
52610,88,96,-8,8
52611,25,58,-33,33
52612,142,139,3,3
52613,98,119,-21,21
52614,93,102,-9,9
52615,99,104,-5,5
52616,152,148,4,4
52617,124,134,-10,10
52618,112,125,-13,13
52619,134,130,4,4
52620,104,119,-15,15
52621,86,96,-10,10
52622,117,124,-7,7
52623,77,91,-14,14
52624,88,105,-17,17
52625,72,82,-10,10
52626,87,122,-35,35
52627,80,94,-14,14
52628,103,114,-11,11
52629,136,143,-7,7
52630,105,122,-17,17
52631,96,108,-12,12
52632,90,96,-6,6
52633,53,68,-15,15
52634,77,88,-11,11
52635,60,73,-13,13
52636,115,133,-18,18
52637,93,99,-6,6
52638,91,93,-2,2
52639,162,159,3,3
52640,115,116,-1,1
52641,148,155,-7,7
52642,68,87,-19,19
52643,79,102,-23,23
52644,53,66,-13,13
52645,60,74,-14,14
52646,63,84,-21,21
52647,102,112,-10,10
52648,111,112,-1,1
52649,116,124,-8,8
52650,50,67,-17,17
52651,113,112,1,1
52652,46,71,-25,25
52653,62,73,-11,11
52654,112,119,-7,7
52655,58,71,-13,13
52656,85,101,-16,16
52657,111,113,-2,2
52658,105,117,-12,12
52659,113,135,-22,22
52660,174,160,14,14
52661,125,128,-3,3
52662,109,117,-8,8
52663,67,84,-17,17
52664,76,81,-5,5
52665,193,204,-11,11
52666,128,136,-8,8
52667,88,94,-6,6
52668,70,90,-20,20
52669,63,77,-14,14
52670,148,147,1,1
52671,89,109,-20,20
52672,152,150,2,2
52673,62,80,-18,18
52674,141,130,11,11
52675,48,67,-19,19
52676,185,170,15,15
52677,89,100,-11,11
52678,87,98,-11,11
52679,50,72,-22,22
52680,79,86,-7,7
52681,124,141,-17,17
52682,109,115,-6,6
52683,54,71,-17,17
52684,90,103,-13,13
52685,85,98,-13,13
52686,35,108,-73,73
52687,86,93,-7,7
52688,47,72,-25,25
52689,103,104,-1,1
52690,105,115,-10,10
52691,47,77,-30,30
52692,44,64,-20,20
52693,137,136,1,1
52694,69,89,-20,20
52695,47,62,-15,15
52696,63,77,-14,14
52697,118,127,-9,9
52698,83,100,-17,17
52699,80,106,-26,26
52700,119,112,7,7
52701,107,125,-18,18
52702,100,122,-22,22
52703,96,111,-15,15
52704,90,116,-26,26
52705,136,137,-1,1
52706,142,150,-8,8
52707,82,97,-15,15
52708,64,69,-5,5
52709,89,103,-14,14
52710,49,69,-20,20
52711,138,134,4,4
52712,74,82,-8,8
52713,55,87,-32,32
52714,147,135,12,12
52715,87,104,-17,17
52716,67,91,-24,24
52717,90,95,-5,5
52718,72,99,-27,27
52719,110,121,-11,11
52720,166,163,3,3
52721,128,117,11,11
52722,70,88,-18,18
52723,95,110,-15,15
52724,58,68,-10,10
52725,95,106,-11,11
52726,78,95,-17,17
52727,99,119,-20,20
52728,79,88,-9,9
52729,96,102,-6,6
52730,87,97,-10,10
52731,57,80,-23,23
52732,67,80,-13,13
52733,84,105,-21,21
52734,73,89,-16,16
52735,77,89,-12,12
52736,65,78,-13,13
52737,34,59,-25,25
52738,103,111,-8,8
52739,117,131,-14,14
52740,73,83,-10,10
52741,121,123,-2,2
52742,67,84,-17,17
52743,118,110,8,8
52744,145,148,-3,3
52745,83,98,-15,15
52746,105,114,-9,9
52747,81,87,-6,6
52748,92,105,-13,13
52749,44,62,-18,18
52750,104,115,-11,11
52751,45,59,-14,14
52752,96,105,-9,9
52753,115,129,-14,14
52754,91,107,-16,16
52755,64,87,-23,23
52756,63,73,-10,10
52757,83,97,-14,14
52758,126,137,-11,11
52759,57,79,-22,22
52760,209,185,24,24
52761,153,147,6,6
52762,57,75,-18,18
52763,70,78,-8,8
52764,118,135,-17,17
52765,110,120,-10,10
52766,63,71,-8,8
52767,117,122,-5,5
52768,151,140,11,11
52769,135,148,-13,13
52770,75,84,-9,9
52771,121,124,-3,3
52772,142,150,-8,8
52773,107,113,-6,6
52774,87,103,-16,16
52775,83,98,-15,15
52776,54,65,-11,11
52777,120,125,-5,5
52778,75,90,-15,15
52779,116,125,-9,9
52780,80,95,-15,15
52781,132,146,-14,14
52782,61,79,-18,18
52783,70,92,-22,22
52784,57,64,-7,7
52785,137,140,-3,3
52786,112,111,1,1
52787,77,91,-14,14
52788,78,93,-15,15
52789,94,109,-15,15
52790,85,100,-15,15
52791,61,75,-14,14
52792,80,94,-14,14
52793,116,118,-2,2
52794,64,97,-33,33
52795,69,84,-15,15
52796,124,122,2,2
52797,78,82,-4,4
52798,109,120,-11,11
52799,90,96,-6,6
52800,148,148,0,0
52801,64,86,-22,22
52802,59,69,-10,10
52803,42,58,-16,16
52804,132,139,-7,7
52805,132,136,-4,4
52806,68,76,-8,8
52807,173,175,-2,2
52808,73,86,-13,13
52809,88,100,-12,12
52810,95,100,-5,5
52811,56,74,-18,18
52812,83,86,-3,3
52813,131,148,-17,17
52814,65,83,-18,18
52815,77,92,-15,15
52816,110,126,-16,16
52817,80,128,-48,48
52818,76,83,-7,7
52819,73,85,-12,12
52820,66,81,-15,15
52821,149,145,4,4
52822,55,73,-18,18
52823,60,71,-11,11
52824,151,150,1,1
52825,112,131,-19,19
52826,67,78,-11,11
52827,67,98,-31,31
52828,77,100,-23,23
52829,114,126,-12,12
52830,123,140,-17,17
52831,83,96,-13,13
52832,42,72,-30,30
52833,104,121,-17,17
52834,90,104,-14,14
52835,107,124,-17,17
52836,153,145,8,8
52837,68,78,-10,10
52838,41,62,-21,21
52839,82,93,-11,11
52840,55,71,-16,16
52841,114,118,-4,4
52842,92,99,-7,7
52843,90,105,-15,15
52844,70,85,-15,15
52845,75,91,-16,16
52846,112,107,5,5
52847,76,96,-20,20
52848,107,98,9,9
52849,96,106,-10,10
52850,107,115,-8,8
52851,46,64,-18,18
52852,103,123,-20,20
52853,122,128,-6,6
52854,117,120,-3,3
52855,69,97,-28,28
52856,100,115,-15,15
52857,70,78,-8,8
52858,96,117,-21,21
52859,89,98,-9,9
52860,112,122,-10,10
52861,93,120,-27,27
52862,104,114,-10,10
52863,79,93,-14,14
52864,150,147,3,3
52865,145,147,-2,2
52866,135,146,-11,11
52867,61,80,-19,19
52868,75,92,-17,17
52869,63,74,-11,11
52870,77,94,-17,17
52871,115,129,-14,14
52872,94,102,-8,8
52873,60,72,-12,12
52874,99,111,-12,12
52875,162,164,-2,2
52876,89,106,-17,17
52877,84,97,-13,13
52878,90,110,-20,20
52879,132,131,1,1
52880,106,113,-7,7
52881,50,60,-10,10
52882,66,80,-14,14
52883,153,147,6,6
52884,55,70,-15,15
52885,92,101,-9,9
52886,113,124,-11,11
52887,54,72,-18,18
52888,132,134,-2,2
52889,116,113,3,3
52890,88,197,-109,109
52891,127,132,-5,5
52892,80,97,-17,17
52893,125,123,2,2
52894,108,112,-4,4
52895,104,115,-11,11
52896,62,82,-20,20
52897,76,92,-16,16
52898,77,95,-18,18
52899,120,122,-2,2
52900,71,88,-17,17
52901,54,82,-28,28
52902,115,129,-14,14
52903,138,147,-9,9
52904,95,101,-6,6
52905,31,55,-24,24
52906,46,58,-12,12
52907,147,140,7,7
52908,129,146,-17,17
52909,82,83,-1,1
52910,81,98,-17,17
52911,62,78,-16,16
52912,140,140,0,0
52913,101,111,-10,10
52914,120,118,2,2
52915,48,62,-14,14
52916,132,133,-1,1
52917,164,150,14,14
52918,48,75,-27,27
52919,81,106,-25,25
52920,74,90,-16,16
52921,79,102,-23,23
52922,97,111,-14,14
52923,81,99,-18,18
52924,47,65,-18,18
52925,97,116,-19,19
52926,59,83,-24,24
52927,68,78,-10,10
52928,67,80,-13,13
52929,66,80,-14,14
52930,143,135,8,8
52931,88,99,-11,11
52932,96,105,-9,9
52933,169,148,21,21
52934,106,107,-1,1
52935,106,121,-15,15
52936,78,92,-14,14
52937,107,121,-14,14
52938,132,145,-13,13
52939,88,91,-3,3
52940,68,90,-22,22
52941,104,116,-12,12
52942,79,87,-8,8
52943,96,103,-7,7
52944,159,153,6,6
52945,133,147,-14,14
52946,81,92,-11,11
52947,67,85,-18,18
52948,86,100,-14,14
52949,75,88,-13,13
52950,106,120,-14,14
52951,55,77,-22,22
52952,167,149,18,18
52953,33,54,-21,21
52954,114,135,-21,21
52955,153,141,12,12
52956,76,90,-14,14
52957,74,91,-17,17
52958,152,153,-1,1
52959,176,150,26,26
52960,86,95,-9,9
52961,191,162,29,29
52962,116,125,-9,9
52963,87,98,-11,11
52964,133,139,-6,6
52965,131,143,-12,12
52966,96,103,-7,7
52967,113,124,-11,11
52968,52,67,-15,15
52969,68,90,-22,22
52970,110,119,-9,9
52971,58,75,-17,17
52972,104,130,-26,26
52973,93,104,-11,11
52974,118,127,-9,9
52975,92,106,-14,14
52976,77,93,-16,16
52977,43,58,-15,15
52978,19,50,-31,31
52979,156,146,10,10
52980,145,148,-3,3
52981,85,103,-18,18
52982,85,89,-4,4
52983,121,120,1,1
52984,76,89,-13,13
52985,137,148,-11,11
52986,76,87,-11,11
52987,91,100,-9,9
52988,93,101,-8,8
52989,133,146,-13,13
52990,128,128,0,0
52991,106,118,-12,12
52992,77,93,-16,16
52993,104,111,-7,7
52994,82,93,-11,11
52995,77,89,-12,12
52996,91,115,-24,24
52997,73,111,-38,38
52998,144,143,1,1
52999,103,108,-5,5
53000,97,122,-25,25
53001,238,203,35,35
53002,87,95,-8,8
53003,135,135,0,0
53004,63,78,-15,15
53005,95,101,-6,6
53006,42,59,-17,17
53007,69,88,-19,19
53008,98,99,-1,1
53009,147,147,0,0
53010,108,126,-18,18
53011,52,69,-17,17
53012,69,82,-13,13
53013,92,92,0,0
53014,129,136,-7,7
53015,83,97,-14,14
53016,108,120,-12,12
53017,126,139,-13,13
53018,84,94,-10,10
53019,86,86,0,0
53020,82,112,-30,30
53021,88,102,-14,14
53022,101,100,1,1
53023,130,127,3,3
53024,83,97,-14,14
53025,118,134,-16,16
53026,106,113,-7,7
53027,108,125,-17,17
53028,85,87,-2,2
53029,133,134,-1,1
53030,77,87,-10,10
53031,110,116,-6,6
53032,71,93,-22,22
53033,72,90,-18,18
53034,44,57,-13,13
53035,69,78,-9,9
53036,106,108,-2,2
53037,103,108,-5,5
53038,82,89,-7,7
53039,119,141,-22,22
53040,94,109,-15,15
53041,67,80,-13,13
53042,81,86,-5,5
53043,102,113,-11,11
53044,68,82,-14,14
53045,154,147,7,7
53046,80,87,-7,7
53047,120,121,-1,1
53048,59,81,-22,22
53049,149,150,-1,1
53050,66,85,-19,19
53051,80,81,-1,1
53052,61,79,-18,18
53053,40,62,-22,22
53054,80,100,-20,20
53055,54,69,-15,15
53056,90,118,-28,28
53057,107,113,-6,6
53058,62,79,-17,17
53059,157,160,-3,3
53060,113,120,-7,7
53061,107,130,-23,23
53062,87,87,0,0
53063,90,105,-15,15
53064,155,150,5,5
53065,37,66,-29,29
53066,66,81,-15,15
53067,92,110,-18,18
53068,74,88,-14,14
53069,38,55,-17,17
53070,83,89,-6,6
53071,90,112,-22,22
53072,262,313,-51,51
53073,83,97,-14,14
53074,65,76,-11,11
53075,84,91,-7,7
53076,50,68,-18,18
53077,95,113,-18,18
53078,80,100,-20,20
53079,135,136,-1,1
53080,75,88,-13,13
53081,79,95,-16,16
53082,179,168,11,11
53083,119,126,-7,7
53084,89,92,-3,3
53085,58,88,-30,30
53086,98,113,-15,15
53087,58,74,-16,16
53088,62,75,-13,13
53089,65,80,-15,15
53090,90,102,-12,12
53091,134,130,4,4
53092,61,76,-15,15
53093,142,146,-4,4
53094,71,88,-17,17
53095,147,132,15,15
53096,122,130,-8,8
53097,151,147,4,4
53098,105,115,-10,10
53099,56,71,-15,15
53100,124,137,-13,13
53101,140,149,-9,9
53102,107,114,-7,7
53103,103,116,-13,13
53104,98,103,-5,5
53105,63,73,-10,10
53106,51,71,-20,20
53107,81,93,-12,12
53108,65,86,-21,21
53109,150,148,2,2
53110,134,141,-7,7
53111,46,61,-15,15
53112,120,117,3,3
53113,80,98,-18,18
53114,93,102,-9,9
53115,176,155,21,21
53116,115,127,-12,12
53117,128,132,-4,4
53118,143,139,4,4
53119,55,67,-12,12
53120,85,90,-5,5
53121,102,107,-5,5
53122,54,70,-16,16
53123,151,136,15,15
53124,83,91,-8,8
53125,47,64,-17,17
53126,80,93,-13,13
53127,126,130,-4,4
53128,105,122,-17,17
53129,103,119,-16,16
53130,70,87,-17,17
53131,64,78,-14,14
53132,116,128,-12,12
53133,124,144,-20,20
53134,89,95,-6,6
53135,73,93,-20,20
53136,131,144,-13,13
53137,120,121,-1,1
53138,102,106,-4,4
53139,88,93,-5,5
53140,82,96,-14,14
53141,88,101,-13,13
53142,135,126,9,9
53143,119,123,-4,4
53144,67,86,-19,19
53145,55,67,-12,12
53146,170,161,9,9
53147,125,149,-24,24
53148,132,128,4,4
53149,146,147,-1,1
53150,83,92,-9,9
53151,85,95,-10,10
53152,101,111,-10,10
53153,84,99,-15,15
53154,135,138,-3,3
53155,54,68,-14,14
53156,74,78,-4,4
53157,72,90,-18,18
53158,112,109,3,3
53159,137,142,-5,5
53160,82,90,-8,8
53161,121,119,2,2
53162,83,93,-10,10
53163,112,127,-15,15
53164,66,74,-8,8
53165,90,97,-7,7
53166,111,129,-18,18
53167,70,89,-19,19
53168,98,115,-17,17
53169,101,110,-9,9
53170,108,111,-3,3
53171,77,90,-13,13
53172,94,110,-16,16
53173,77,95,-18,18
53174,52,80,-28,28
53175,114,127,-13,13
53176,79,88,-9,9
53177,43,69,-26,26
53178,110,110,0,0
53179,51,68,-17,17
53180,81,91,-10,10
53181,122,121,1,1
53182,128,142,-14,14
53183,92,120,-28,28
53184,111,119,-8,8
53185,106,109,-3,3
53186,56,79,-23,23
53187,137,133,4,4
53188,75,81,-6,6
53189,71,85,-14,14
53190,67,82,-15,15
53191,89,97,-8,8
53192,96,109,-13,13
53193,106,118,-12,12
53194,71,83,-12,12
53195,128,129,-1,1
53196,63,82,-19,19
53197,82,88,-6,6
53198,67,78,-11,11
53199,80,93,-13,13
53200,124,128,-4,4
53201,117,121,-4,4
53202,115,139,-24,24
53203,107,119,-12,12
53204,65,80,-15,15
53205,119,128,-9,9
53206,88,110,-22,22
53207,53,73,-20,20
53208,156,148,8,8
53209,71,83,-12,12
53210,89,102,-13,13
53211,88,93,-5,5
53212,113,125,-12,12
53213,43,63,-20,20
53214,106,113,-7,7
53215,85,93,-8,8
53216,108,134,-26,26
53217,70,76,-6,6
53218,163,157,6,6
53219,102,111,-9,9
53220,74,86,-12,12
53221,60,76,-16,16
53222,107,113,-6,6
53223,59,89,-30,30
53224,90,89,1,1
53225,134,134,0,0
53226,159,152,7,7
53227,99,101,-2,2
53228,75,89,-14,14
53229,62,71,-9,9
53230,93,104,-11,11
53231,101,111,-10,10
53232,61,79,-18,18
53233,88,85,3,3
53234,99,118,-19,19
53235,45,66,-21,21
53236,65,83,-18,18
53237,120,119,1,1
53238,85,98,-13,13
53239,76,94,-18,18
53240,111,117,-6,6
53241,75,94,-19,19
53242,96,114,-18,18
53243,134,130,4,4
53244,62,74,-12,12
53245,69,78,-9,9
53246,95,107,-12,12
53247,93,99,-6,6
53248,73,89,-16,16
53249,89,91,-2,2
53250,59,66,-7,7
53251,73,82,-9,9
53252,115,125,-10,10
53253,86,96,-10,10
53254,141,154,-13,13
53255,109,139,-30,30
53256,112,113,-1,1
53257,74,91,-17,17
53258,57,73,-16,16
53259,61,77,-16,16
53260,104,116,-12,12
53261,111,106,5,5
53262,80,92,-12,12
53263,107,106,1,1
53264,43,64,-21,21
53265,71,93,-22,22
53266,54,68,-14,14
53267,74,95,-21,21
53268,77,92,-15,15
53269,86,114,-28,28
53270,65,81,-16,16
53271,103,106,-3,3
53272,67,84,-17,17
53273,77,79,-2,2
53274,53,76,-23,23
53275,128,122,6,6
53276,75,95,-20,20
53277,111,142,-31,31
53278,94,102,-8,8
53279,93,101,-8,8
53280,131,125,6,6
53281,61,106,-45,45
53282,69,83,-14,14
53283,70,78,-8,8
53284,50,67,-17,17
53285,69,80,-11,11
53286,101,101,0,0
53287,86,93,-7,7
53288,98,103,-5,5
53289,140,121,19,19
53290,88,100,-12,12
53291,51,69,-18,18
53292,72,99,-27,27
53293,109,122,-13,13
53294,67,92,-25,25
53295,114,120,-6,6
53296,98,104,-6,6
53297,98,115,-17,17
53298,107,129,-22,22
53299,133,148,-15,15
53300,161,158,3,3
53301,161,156,5,5
53302,125,133,-8,8
53303,90,102,-12,12
53304,112,125,-13,13
53305,61,78,-17,17
53306,186,181,5,5
53307,102,123,-21,21
53308,273,254,19,19
53309,125,137,-12,12
53310,124,137,-13,13
53311,115,118,-3,3
53312,86,96,-10,10
53313,67,82,-15,15
53314,90,107,-17,17
53315,146,147,-1,1
53316,64,77,-13,13
53317,78,89,-11,11
53318,73,85,-12,12
53319,132,132,0,0
53320,78,93,-15,15
53321,108,126,-18,18
53322,72,84,-12,12
53323,112,129,-17,17
53324,110,122,-12,12
53325,157,149,8,8
53326,87,95,-8,8
53327,63,74,-11,11
53328,47,63,-16,16
53329,55,78,-23,23
53330,57,67,-10,10
53331,77,93,-16,16
53332,73,85,-12,12
53333,52,70,-18,18
53334,60,93,-33,33
53335,171,177,-6,6
53336,153,148,5,5
53337,128,136,-8,8
53338,101,109,-8,8
53339,58,72,-14,14
53340,67,79,-12,12
53341,58,79,-21,21
53342,69,81,-12,12
53343,198,166,32,32
53344,85,90,-5,5
53345,96,96,0,0
53346,68,105,-37,37
53347,80,92,-12,12
53348,56,76,-20,20
53349,67,80,-13,13
53350,57,71,-14,14
53351,39,63,-24,24
53352,81,99,-18,18
53353,117,126,-9,9
53354,104,116,-12,12
53355,105,123,-18,18
53356,83,91,-8,8
53357,135,146,-11,11
53358,76,84,-8,8
53359,122,123,-1,1
53360,78,92,-14,14
53361,37,57,-20,20
53362,134,133,1,1
53363,71,77,-6,6
53364,119,124,-5,5
53365,23,55,-32,32
53366,145,146,-1,1
53367,99,111,-12,12
53368,70,91,-21,21
53369,41,77,-36,36
53370,82,100,-18,18
53371,102,107,-5,5
53372,64,74,-10,10
53373,60,73,-13,13
53374,157,150,7,7
53375,144,134,10,10
53376,107,115,-8,8
53377,108,127,-19,19
53378,79,96,-17,17
53379,77,99,-22,22
53380,102,110,-8,8
53381,62,79,-17,17
53382,87,103,-16,16
53383,156,148,8,8
53384,59,70,-11,11
53385,54,75,-21,21
53386,114,128,-14,14
53387,87,111,-24,24
53388,132,141,-9,9
53389,135,140,-5,5
53390,126,123,3,3
53391,105,119,-14,14
53392,95,114,-19,19
53393,101,108,-7,7
53394,51,72,-21,21
53395,63,86,-23,23
53396,149,149,0,0
53397,72,78,-6,6
53398,147,147,0,0
53399,67,82,-15,15
53400,106,125,-19,19
53401,98,113,-15,15
53402,100,105,-5,5
53403,93,114,-21,21
53404,69,86,-17,17
53405,116,144,-28,28
53406,88,97,-9,9
53407,114,145,-31,31
53408,53,71,-18,18
53409,55,69,-14,14
53410,86,109,-23,23
53411,110,114,-4,4
53412,82,91,-9,9
53413,87,92,-5,5
53414,60,71,-11,11
53415,59,74,-15,15
53416,72,77,-5,5
53417,99,103,-4,4
53418,111,107,4,4
53419,105,117,-12,12
53420,110,114,-4,4
53421,56,72,-16,16
53422,126,143,-17,17
53423,75,92,-17,17
53424,56,71,-15,15
53425,119,147,-28,28
53426,98,113,-15,15
53427,171,165,6,6
53428,169,148,21,21
53429,126,135,-9,9
53430,194,165,29,29
53431,112,112,0,0
53432,73,85,-12,12
53433,106,117,-11,11
53434,101,99,2,2
53435,119,124,-5,5
53436,96,101,-5,5
53437,58,76,-18,18
53438,89,103,-14,14
53439,78,88,-10,10
53440,85,106,-21,21
53441,87,102,-15,15
53442,70,89,-19,19
53443,50,74,-24,24
53444,51,72,-21,21
53445,91,99,-8,8
53446,79,95,-16,16
53447,98,107,-9,9
53448,117,137,-20,20
53449,94,114,-20,20
53450,141,140,1,1
53451,133,142,-9,9
53452,48,65,-17,17
53453,121,129,-8,8
53454,90,104,-14,14
53455,50,77,-27,27
53456,69,91,-22,22
53457,90,120,-30,30
53458,83,97,-14,14
53459,89,116,-27,27
53460,84,94,-10,10
53461,72,85,-13,13
53462,65,83,-18,18
53463,93,102,-9,9
53464,70,83,-13,13
53465,68,83,-15,15
53466,128,147,-19,19
53467,102,98,4,4
53468,111,123,-12,12
53469,54,68,-14,14
53470,94,112,-18,18
53471,102,107,-5,5
53472,104,111,-7,7
53473,90,103,-13,13
53474,96,109,-13,13
53475,119,150,-31,31
53476,80,94,-14,14
53477,77,89,-12,12
53478,228,266,-38,38
53479,134,131,3,3
53480,140,152,-12,12
53481,47,65,-18,18
53482,113,120,-7,7
53483,58,75,-17,17
53484,34,54,-20,20
53485,46,58,-12,12
53486,68,78,-10,10
53487,68,86,-18,18
53488,43,63,-20,20
53489,74,95,-21,21
53490,88,103,-15,15
53491,130,148,-18,18
53492,112,107,5,5
53493,91,102,-11,11
53494,70,83,-13,13
53495,137,142,-5,5
53496,67,78,-11,11
53497,90,93,-3,3
53498,137,133,4,4
53499,83,103,-20,20
53500,105,123,-18,18
53501,78,95,-17,17
53502,93,91,2,2
53503,88,91,-3,3
53504,65,76,-11,11
53505,105,109,-4,4
53506,131,143,-12,12
53507,52,68,-16,16
53508,48,71,-23,23
53509,127,139,-12,12
53510,70,96,-26,26
53511,62,72,-10,10
53512,119,131,-12,12
53513,75,93,-18,18
53514,90,95,-5,5
53515,60,78,-18,18
53516,133,136,-3,3
53517,86,93,-7,7
53518,77,96,-19,19
53519,81,96,-15,15
53520,98,110,-12,12
53521,101,115,-14,14
53522,70,86,-16,16
53523,86,90,-4,4
53524,111,124,-13,13
53525,99,110,-11,11
53526,62,75,-13,13
53527,111,118,-7,7
53528,57,71,-14,14
53529,93,104,-11,11
53530,77,94,-17,17
53531,122,129,-7,7
53532,96,118,-22,22
53533,52,70,-18,18
53534,66,71,-5,5
53535,102,107,-5,5
53536,79,102,-23,23
53537,83,109,-26,26
53538,90,102,-12,12
53539,117,118,-1,1
53540,87,101,-14,14
53541,127,125,2,2
53542,50,72,-22,22
53543,62,80,-18,18
53544,63,90,-27,27
53545,80,90,-10,10
53546,111,141,-30,30
53547,53,56,-3,3
53548,105,113,-8,8
53549,97,101,-4,4
53550,48,63,-15,15
53551,66,83,-17,17
53552,113,124,-11,11
53553,142,146,-4,4
53554,42,57,-15,15
53555,55,68,-13,13
53556,111,113,-2,2
53557,89,99,-10,10
53558,76,102,-26,26
53559,126,127,-1,1
53560,103,112,-9,9
53561,53,75,-22,22
53562,90,100,-10,10
53563,66,74,-8,8
53564,60,82,-22,22
53565,49,69,-20,20
53566,230,201,29,29
53567,64,83,-19,19
53568,104,115,-11,11
53569,82,97,-15,15
53570,157,152,5,5
53571,53,65,-12,12
53572,93,109,-16,16
53573,76,85,-9,9
53574,61,78,-17,17
53575,100,108,-8,8
53576,52,73,-21,21
53577,69,82,-13,13
53578,117,125,-8,8
53579,124,129,-5,5
53580,100,114,-14,14
53581,149,142,7,7
53582,99,112,-13,13
53583,120,121,-1,1
53584,79,95,-16,16
53585,177,168,9,9
53586,62,75,-13,13
53587,99,104,-5,5
53588,157,149,8,8
53589,117,131,-14,14
53590,98,107,-9,9
53591,68,80,-12,12
53592,85,94,-9,9
53593,91,110,-19,19
53594,106,107,-1,1
53595,129,131,-2,2
53596,134,132,2,2
53597,85,94,-9,9
53598,122,133,-11,11
53599,89,99,-10,10
53600,46,66,-20,20
53601,91,107,-16,16
53602,136,140,-4,4
53603,52,63,-11,11
53604,98,114,-16,16
53605,98,104,-6,6
53606,129,134,-5,5
53607,49,66,-17,17
53608,75,83,-8,8
53609,70,88,-18,18
53610,102,104,-2,2
53611,114,120,-6,6
53612,31,57,-26,26
53613,120,125,-5,5
53614,108,117,-9,9
53615,84,103,-19,19
53616,61,77,-16,16
53617,150,151,-1,1
53618,52,104,-52,52
53619,44,63,-19,19
53620,71,89,-18,18
53621,62,80,-18,18
53622,74,89,-15,15
53623,100,111,-11,11
53624,83,98,-15,15
53625,82,100,-18,18
53626,149,141,8,8
53627,113,132,-19,19
53628,99,103,-4,4
53629,94,109,-15,15
53630,77,95,-18,18
53631,116,136,-20,20
53632,154,155,-1,1
53633,84,97,-13,13
53634,116,117,-1,1
53635,169,158,11,11
53636,126,132,-6,6
53637,31,53,-22,22
53638,84,95,-11,11
53639,81,88,-7,7
53640,109,116,-7,7
53641,96,110,-14,14
53642,78,91,-13,13
53643,100,109,-9,9
53644,101,110,-9,9
53645,63,83,-20,20
53646,118,125,-7,7
53647,119,123,-4,4
53648,70,77,-7,7
53649,82,84,-2,2
53650,57,69,-12,12
53651,89,105,-16,16
53652,124,123,1,1
53653,67,88,-21,21
53654,87,93,-6,6
53655,115,121,-6,6
53656,76,83,-7,7
53657,63,76,-13,13
53658,105,112,-7,7
53659,77,88,-11,11
53660,124,133,-9,9
53661,84,93,-9,9
53662,52,63,-11,11
53663,55,68,-13,13
53664,120,123,-3,3
53665,206,174,32,32
53666,67,83,-16,16
53667,93,105,-12,12
53668,67,86,-19,19
53669,71,81,-10,10
53670,87,93,-6,6
53671,72,81,-9,9
53672,108,115,-7,7
53673,116,125,-9,9
53674,62,71,-9,9
53675,61,80,-19,19
53676,57,72,-15,15
53677,100,105,-5,5
53678,78,86,-8,8
53679,93,105,-12,12
53680,102,113,-11,11
53681,187,179,8,8
53682,88,88,0,0
53683,100,112,-12,12
53684,169,159,10,10
53685,160,164,-4,4
53686,142,143,-1,1
53687,146,150,-4,4
53688,81,97,-16,16
53689,41,59,-18,18
53690,111,115,-4,4
53691,124,125,-1,1
53692,114,128,-14,14
53693,133,148,-15,15
53694,88,90,-2,2
53695,90,99,-9,9
53696,76,85,-9,9
53697,83,103,-20,20
53698,130,138,-8,8
53699,48,77,-29,29
53700,85,111,-26,26
53701,77,92,-15,15
53702,130,138,-8,8
53703,118,114,4,4
53704,106,114,-8,8
53705,67,85,-18,18
53706,111,123,-12,12
53707,94,100,-6,6
53708,69,84,-15,15
53709,76,104,-28,28
53710,96,104,-8,8
53711,84,92,-8,8
53712,144,147,-3,3
53713,66,90,-24,24
53714,86,95,-9,9
53715,56,78,-22,22
53716,103,121,-18,18
53717,154,147,7,7
53718,80,89,-9,9
53719,89,102,-13,13
53720,63,82,-19,19
53721,90,107,-17,17
53722,102,111,-9,9
53723,132,138,-6,6
53724,103,116,-13,13
53725,138,141,-3,3
53726,107,114,-7,7
53727,84,101,-17,17
53728,158,148,10,10
53729,143,147,-4,4
53730,83,99,-16,16
53731,101,109,-8,8
53732,42,64,-22,22
53733,156,149,7,7
53734,96,112,-16,16
53735,124,138,-14,14
53736,91,104,-13,13
53737,139,141,-2,2
53738,80,91,-11,11
53739,95,100,-5,5
53740,95,101,-6,6
53741,83,98,-15,15
53742,88,103,-15,15
53743,120,129,-9,9
53744,79,93,-14,14
53745,114,119,-5,5
53746,54,70,-16,16
53747,72,96,-24,24
53748,122,121,1,1
53749,125,136,-11,11
53750,100,110,-10,10
53751,90,111,-21,21
53752,92,106,-14,14
53753,85,95,-10,10
53754,115,122,-7,7
53755,76,83,-7,7
53756,94,118,-24,24
53757,128,129,-1,1
53758,49,106,-57,57
53759,134,136,-2,2
53760,114,125,-11,11
53761,75,88,-13,13
53762,71,82,-11,11
53763,131,138,-7,7
53764,110,117,-7,7
53765,113,115,-2,2
53766,79,100,-21,21
53767,90,97,-7,7
53768,112,108,4,4
53769,92,105,-13,13
53770,141,141,0,0
53771,46,65,-19,19
53772,103,112,-9,9
53773,124,132,-8,8
53774,98,106,-8,8
53775,106,104,2,2
53776,95,97,-2,2
53777,50,70,-20,20
53778,98,103,-5,5
53779,127,135,-8,8
53780,147,149,-2,2
53781,136,137,-1,1
53782,68,78,-10,10
53783,133,139,-6,6
53784,112,121,-9,9
53785,73,83,-10,10
53786,104,116,-12,12
53787,118,126,-8,8
53788,84,106,-22,22
53789,66,80,-14,14
53790,74,82,-8,8
53791,71,78,-7,7
53792,122,127,-5,5
53793,88,100,-12,12
53794,90,109,-19,19
53795,44,65,-21,21
53796,68,96,-28,28
53797,72,92,-20,20
53798,141,141,0,0
53799,84,119,-35,35
53800,120,127,-7,7
53801,46,58,-12,12
53802,59,72,-13,13
53803,136,138,-2,2
53804,47,61,-14,14
53805,57,76,-19,19
53806,64,94,-30,30
53807,114,110,4,4
53808,75,80,-5,5
53809,72,91,-19,19
53810,58,65,-7,7
53811,70,86,-16,16
53812,146,143,3,3
53813,83,110,-27,27
53814,116,140,-24,24
53815,143,148,-5,5
53816,118,128,-10,10
53817,200,169,31,31
53818,116,115,1,1
53819,124,135,-11,11
53820,142,147,-5,5
53821,184,157,27,27
53822,137,147,-10,10
53823,76,96,-20,20
53824,96,103,-7,7
53825,52,65,-13,13
53826,91,93,-2,2
53827,55,69,-14,14
53828,95,97,-2,2
53829,59,81,-22,22
53830,145,151,-6,6
53831,84,87,-3,3
53832,112,125,-13,13
53833,63,88,-25,25
53834,60,79,-19,19
53835,134,137,-3,3
53836,88,99,-11,11
53837,72,87,-15,15
53838,107,124,-17,17
53839,74,85,-11,11
53840,94,95,-1,1
53841,84,92,-8,8
53842,55,86,-31,31
53843,30,49,-19,19
53844,31,59,-28,28
53845,77,95,-18,18
53846,74,87,-13,13
53847,99,98,1,1
53848,148,148,0,0
53849,70,87,-17,17
53850,86,91,-5,5
53851,124,146,-22,22
53852,144,146,-2,2
53853,77,87,-10,10
53854,117,117,0,0
53855,78,86,-8,8
53856,53,78,-25,25
53857,105,107,-2,2
53858,79,80,-1,1
53859,127,127,0,0
53860,94,98,-4,4
53861,159,157,2,2
53862,90,101,-11,11
53863,71,87,-16,16
53864,156,149,7,7
53865,140,148,-8,8
53866,57,63,-6,6
53867,91,102,-11,11
53868,61,77,-16,16
53869,91,108,-17,17
53870,54,71,-17,17
53871,78,83,-5,5
53872,133,124,9,9
53873,121,120,1,1
53874,151,150,1,1
53875,119,124,-5,5
53876,76,119,-43,43
53877,98,103,-5,5
53878,97,107,-10,10
53879,41,60,-19,19
53880,149,157,-8,8
53881,119,126,-7,7
53882,80,95,-15,15
53883,67,77,-10,10
53884,70,90,-20,20
53885,120,124,-4,4
53886,125,133,-8,8
53887,76,90,-14,14
53888,77,97,-20,20
53889,89,103,-14,14
53890,63,74,-11,11
53891,163,154,9,9
53892,51,63,-12,12
53893,68,79,-11,11
53894,131,142,-11,11
53895,109,115,-6,6
53896,61,71,-10,10
53897,118,139,-21,21
53898,103,112,-9,9
53899,137,133,4,4
53900,93,99,-6,6
53901,116,109,7,7
53902,61,77,-16,16
53903,80,97,-17,17
53904,88,100,-12,12
53905,121,138,-17,17
53906,63,80,-17,17
53907,150,149,1,1
53908,130,137,-7,7
53909,112,119,-7,7
53910,48,70,-22,22
53911,159,156,3,3
53912,75,84,-9,9
53913,66,84,-18,18
53914,75,86,-11,11
53915,70,84,-14,14
53916,80,89,-9,9
53917,95,107,-12,12
53918,57,62,-5,5
53919,79,87,-8,8
53920,69,80,-11,11
53921,60,83,-23,23
53922,115,115,0,0
53923,121,109,12,12
53924,71,75,-4,4
53925,88,96,-8,8
53926,97,109,-12,12
53927,56,73,-17,17
53928,107,109,-2,2
53929,35,52,-17,17
53930,112,122,-10,10
53931,74,90,-16,16
53932,80,90,-10,10
53933,89,115,-26,26
53934,81,100,-19,19
53935,142,147,-5,5
53936,109,119,-10,10
53937,118,118,0,0
53938,93,103,-10,10
53939,127,134,-7,7
53940,84,94,-10,10
53941,135,143,-8,8
53942,128,136,-8,8
53943,88,95,-7,7
53944,77,97,-20,20
53945,73,92,-19,19
53946,92,98,-6,6
53947,163,158,5,5
53948,117,120,-3,3
53949,186,174,12,12
53950,118,135,-17,17
53951,79,81,-2,2
53952,81,96,-15,15
53953,114,136,-22,22
53954,83,94,-11,11
53955,89,91,-2,2
53956,139,146,-7,7
53957,85,100,-15,15
53958,52,73,-21,21
53959,112,113,-1,1
53960,79,94,-15,15
53961,90,93,-3,3
53962,102,115,-13,13
53963,86,95,-9,9
53964,83,91,-8,8
53965,149,146,3,3
53966,50,70,-20,20
53967,73,83,-10,10
53968,66,81,-15,15
53969,106,122,-16,16
53970,78,86,-8,8
53971,85,98,-13,13
53972,97,114,-17,17
53973,50,63,-13,13
53974,126,144,-18,18
53975,83,105,-22,22
53976,98,101,-3,3
53977,75,88,-13,13
53978,93,101,-8,8
53979,143,141,2,2
53980,142,132,10,10
53981,55,75,-20,20
53982,68,81,-13,13
53983,61,73,-12,12
53984,68,81,-13,13
53985,119,113,6,6
53986,85,95,-10,10
53987,56,65,-9,9
53988,105,119,-14,14
53989,74,87,-13,13
53990,61,78,-17,17
53991,125,135,-10,10
53992,49,64,-15,15
53993,117,134,-17,17
53994,109,121,-12,12
53995,108,134,-26,26
53996,153,159,-6,6
53997,59,69,-10,10
53998,173,156,17,17
53999,90,101,-11,11
54000,102,107,-5,5
54001,53,70,-17,17
54002,91,109,-18,18
54003,162,141,21,21
54004,129,136,-7,7
54005,110,123,-13,13
54006,80,85,-5,5
54007,94,95,-1,1
54008,107,116,-9,9
54009,57,76,-19,19
54010,109,119,-10,10
54011,73,90,-17,17
54012,229,199,30,30
54013,170,163,7,7
54014,70,78,-8,8
54015,104,116,-12,12
54016,83,93,-10,10
54017,101,109,-8,8
54018,86,101,-15,15
54019,108,121,-13,13
54020,96,106,-10,10
54021,80,97,-17,17
54022,68,85,-17,17
54023,91,99,-8,8
54024,112,122,-10,10
54025,122,126,-4,4
54026,132,143,-11,11
54027,96,108,-12,12
54028,81,97,-16,16
54029,80,106,-26,26
54030,101,109,-8,8
54031,117,121,-4,4
54032,100,118,-18,18
54033,83,111,-28,28
54034,93,104,-11,11
54035,103,116,-13,13
54036,48,69,-21,21
54037,110,116,-6,6
54038,128,130,-2,2
54039,37,56,-19,19
54040,110,129,-19,19
54041,94,102,-8,8
54042,127,148,-21,21
54043,70,81,-11,11
54044,112,119,-7,7
54045,189,186,3,3
54046,95,112,-17,17
54047,123,137,-14,14
54048,152,150,2,2
54049,85,95,-10,10
54050,60,80,-20,20
54051,74,87,-13,13
54052,89,100,-11,11
54053,97,108,-11,11
54054,159,148,11,11
54055,90,104,-14,14
54056,76,91,-15,15
54057,83,109,-26,26
54058,71,94,-23,23
54059,105,105,0,0
54060,102,113,-11,11
54061,161,151,10,10
54062,123,123,0,0
54063,85,96,-11,11
54064,41,58,-17,17
54065,165,153,12,12
54066,60,110,-50,50
54067,123,132,-9,9
54068,59,69,-10,10
54069,51,62,-11,11
54070,160,156,4,4
54071,134,149,-15,15
54072,87,104,-17,17
54073,91,101,-10,10
54074,52,70,-18,18
54075,111,117,-6,6
54076,139,149,-10,10
54077,65,85,-20,20
54078,96,102,-6,6
54079,92,98,-6,6
54080,77,99,-22,22
54081,106,122,-16,16
54082,194,182,12,12
54083,127,133,-6,6
54084,121,116,5,5
54085,140,150,-10,10
54086,129,136,-7,7
54087,59,78,-19,19
54088,82,99,-17,17
54089,59,76,-17,17
54090,98,108,-10,10
54091,214,181,33,33
54092,107,112,-5,5
54093,122,136,-14,14
54094,75,84,-9,9
54095,52,66,-14,14
54096,129,128,1,1
54097,59,74,-15,15
54098,64,75,-11,11
54099,144,144,0,0
54100,99,108,-9,9
54101,156,149,7,7
54102,173,165,8,8
54103,82,92,-10,10
54104,145,140,5,5
54105,105,111,-6,6
54106,102,126,-24,24
54107,69,83,-14,14
54108,51,71,-20,20
54109,44,65,-21,21
54110,30,51,-21,21
54111,118,116,2,2
54112,85,94,-9,9
54113,70,84,-14,14
54114,61,88,-27,27
54115,69,78,-9,9
54116,81,93,-12,12
54117,68,76,-8,8
54118,149,148,1,1
54119,47,77,-30,30
54120,53,74,-21,21
54121,143,147,-4,4
54122,91,110,-19,19
54123,93,107,-14,14
54124,45,62,-17,17
54125,122,128,-6,6
54126,112,116,-4,4
54127,165,149,16,16
54128,57,78,-21,21
54129,101,111,-10,10
54130,54,70,-16,16
54131,55,69,-14,14
54132,74,83,-9,9
54133,95,101,-6,6
54134,58,105,-47,47
54135,114,136,-22,22
54136,73,105,-32,32
54137,81,90,-9,9
54138,63,73,-10,10
54139,139,151,-12,12
54140,96,105,-9,9
54141,111,122,-11,11
54142,157,149,8,8
54143,167,161,6,6
54144,166,147,19,19
54145,115,129,-14,14
54146,80,88,-8,8
54147,166,148,18,18
54148,89,98,-9,9
54149,69,80,-11,11
54150,34,58,-24,24
54151,92,100,-8,8
54152,81,100,-19,19
54153,131,143,-12,12
54154,65,83,-18,18
54155,107,118,-11,11
54156,61,78,-17,17
54157,77,95,-18,18
54158,92,107,-15,15
54159,175,174,1,1
54160,154,154,0,0
54161,101,112,-11,11
54162,96,103,-7,7
54163,82,93,-11,11
54164,72,81,-9,9
54165,60,75,-15,15
54166,137,134,3,3
54167,44,66,-22,22
54168,77,84,-7,7
54169,111,118,-7,7
54170,41,66,-25,25
54171,119,119,0,0
54172,83,98,-15,15
54173,108,112,-4,4
54174,128,123,5,5
54175,76,101,-25,25
54176,41,64,-23,23
54177,79,94,-15,15
54178,175,163,12,12
54179,115,118,-3,3
54180,87,106,-19,19
54181,136,133,3,3
54182,76,89,-13,13
54183,107,124,-17,17
54184,86,107,-21,21
54185,118,121,-3,3
54186,98,108,-10,10
54187,73,88,-15,15
54188,176,161,15,15
54189,110,109,1,1
54190,73,87,-14,14
54191,73,85,-12,12
54192,109,129,-20,20
54193,96,113,-17,17
54194,128,128,0,0
54195,65,75,-10,10
54196,81,98,-17,17
54197,76,86,-10,10
54198,81,102,-21,21
54199,55,63,-8,8
54200,93,103,-10,10
54201,138,148,-10,10
54202,127,130,-3,3
54203,110,101,9,9
54204,97,104,-7,7
54205,106,128,-22,22
54206,70,86,-16,16
54207,84,109,-25,25
54208,103,112,-9,9
54209,109,111,-2,2
54210,82,92,-10,10
54211,82,94,-12,12
54212,75,88,-13,13
54213,96,103,-7,7
54214,74,88,-14,14
54215,50,69,-19,19
54216,80,87,-7,7
54217,129,147,-18,18
54218,127,136,-9,9
54219,101,117,-16,16
54220,94,106,-12,12
54221,80,96,-16,16
54222,51,69,-18,18
54223,98,113,-15,15
54224,93,110,-17,17
54225,138,147,-9,9
54226,127,126,1,1
54227,115,117,-2,2
54228,57,72,-15,15
54229,62,76,-14,14
54230,125,138,-13,13
54231,74,96,-22,22
54232,104,105,-1,1
54233,112,124,-12,12
54234,101,106,-5,5
54235,81,85,-4,4
54236,58,76,-18,18
54237,98,100,-2,2
54238,60,71,-11,11
54239,60,76,-16,16
54240,119,123,-4,4
54241,92,105,-13,13
54242,79,100,-21,21
54243,72,83,-11,11
54244,59,76,-17,17
54245,53,69,-16,16
54246,133,134,-1,1
54247,81,107,-26,26
54248,167,152,15,15
54249,110,116,-6,6
54250,62,78,-16,16
54251,77,88,-11,11
54252,81,103,-22,22
54253,108,103,5,5
54254,107,113,-6,6
54255,56,71,-15,15
54256,74,87,-13,13
54257,55,83,-28,28
54258,41,58,-17,17
54259,95,101,-6,6
54260,80,97,-17,17
54261,107,115,-8,8
54262,89,101,-12,12
54263,69,87,-18,18
54264,89,97,-8,8
54265,125,125,0,0
54266,139,152,-13,13
54267,63,78,-15,15
54268,79,101,-22,22
54269,111,125,-14,14
54270,80,92,-12,12
54271,89,108,-19,19
54272,65,81,-16,16
54273,139,139,0,0
54274,105,114,-9,9
54275,59,75,-16,16
54276,108,108,0,0
54277,71,88,-17,17
54278,57,80,-23,23
54279,65,79,-14,14
54280,66,76,-10,10
54281,171,163,8,8
54282,69,100,-31,31
54283,137,129,8,8
54284,62,79,-17,17
54285,92,105,-13,13
54286,87,91,-4,4
54287,131,133,-2,2
54288,160,162,-2,2
54289,78,99,-21,21
54290,82,106,-24,24
54291,152,167,-15,15
54292,34,52,-18,18
54293,80,103,-23,23
54294,201,190,11,11
54295,89,99,-10,10
54296,88,104,-16,16
54297,137,139,-2,2
54298,58,74,-16,16
54299,87,111,-24,24
54300,106,121,-15,15
54301,67,81,-14,14
54302,57,68,-11,11
54303,83,89,-6,6
54304,105,107,-2,2
54305,187,158,29,29
54306,92,103,-11,11
54307,43,57,-14,14
54308,130,142,-12,12
54309,103,112,-9,9
54310,79,95,-16,16
54311,176,163,13,13
54312,120,115,5,5
54313,75,84,-9,9
54314,75,81,-6,6
54315,77,87,-10,10
54316,87,96,-9,9
54317,49,73,-24,24
54318,164,147,17,17
54319,142,141,1,1
54320,136,142,-6,6
54321,51,74,-23,23
54322,79,95,-16,16
54323,173,161,12,12
54324,118,130,-12,12
54325,75,89,-14,14
54326,87,103,-16,16
54327,66,78,-12,12
54328,67,88,-21,21
54329,124,127,-3,3
54330,62,77,-15,15
54331,88,111,-23,23
54332,87,95,-8,8
54333,125,137,-12,12
54334,107,98,9,9
54335,65,78,-13,13
54336,50,70,-20,20
54337,80,85,-5,5
54338,166,158,8,8
54339,142,144,-2,2
54340,171,159,12,12
54341,57,72,-15,15
54342,87,100,-13,13
54343,106,108,-2,2
54344,95,116,-21,21
54345,108,107,1,1
54346,105,108,-3,3
54347,112,119,-7,7
54348,101,106,-5,5
54349,89,99,-10,10
54350,49,71,-22,22
54351,84,94,-10,10
54352,101,117,-16,16
54353,66,78,-12,12
54354,83,91,-8,8
54355,58,70,-12,12
54356,85,99,-14,14
54357,91,128,-37,37
54358,53,82,-29,29
54359,94,108,-14,14
54360,97,98,-1,1
54361,76,86,-10,10
54362,45,71,-26,26
54363,49,65,-16,16
54364,150,149,1,1
54365,104,111,-7,7
54366,111,126,-15,15
54367,68,74,-6,6
54368,93,108,-15,15
54369,100,110,-10,10
54370,107,116,-9,9
54371,121,128,-7,7
54372,60,80,-20,20
54373,134,143,-9,9
54374,127,133,-6,6
54375,76,91,-15,15
54376,122,120,2,2
54377,71,80,-9,9
54378,73,89,-16,16
54379,74,83,-9,9
54380,133,138,-5,5
54381,78,82,-4,4
54382,60,92,-32,32
54383,112,138,-26,26
54384,87,110,-23,23
54385,105,108,-3,3
54386,62,81,-19,19
54387,76,87,-11,11
54388,124,124,0,0
54389,108,124,-16,16
54390,63,77,-14,14
54391,192,174,18,18
54392,63,95,-32,32
54393,94,106,-12,12
54394,76,105,-29,29
54395,153,149,4,4
54396,145,145,0,0
54397,118,134,-16,16
54398,144,150,-6,6
54399,80,100,-20,20
54400,81,94,-13,13
54401,167,149,18,18
54402,112,100,12,12
54403,87,103,-16,16
54404,114,107,7,7
54405,96,110,-14,14
54406,72,88,-16,16
54407,148,150,-2,2
54408,105,117,-12,12
54409,138,148,-10,10
54410,80,91,-11,11
54411,79,93,-14,14
54412,92,98,-6,6
54413,104,122,-18,18
54414,60,87,-27,27
54415,179,159,20,20
54416,86,97,-11,11
54417,32,67,-35,35
54418,134,120,14,14
54419,71,84,-13,13
54420,93,106,-13,13
54421,112,117,-5,5
54422,117,124,-7,7
54423,112,120,-8,8
54424,83,101,-18,18
54425,111,121,-10,10
54426,143,147,-4,4
54427,84,92,-8,8
54428,58,78,-20,20
54429,78,95,-17,17
54430,116,115,1,1
54431,120,119,1,1
54432,102,105,-3,3
54433,155,107,48,48
54434,106,117,-11,11
54435,79,86,-7,7
54436,111,127,-16,16
54437,72,86,-14,14
54438,59,72,-13,13
54439,139,149,-10,10
54440,119,123,-4,4
54441,100,104,-4,4
54442,59,87,-28,28
54443,67,87,-20,20
54444,149,155,-6,6
54445,74,85,-11,11
54446,96,109,-13,13
54447,196,190,6,6
54448,144,148,-4,4
54449,101,110,-9,9
54450,80,107,-27,27
54451,76,98,-22,22
54452,96,109,-13,13
54453,112,115,-3,3
54454,73,103,-30,30
54455,126,132,-6,6
54456,92,101,-9,9
54457,125,142,-17,17
54458,64,82,-18,18
54459,146,147,-1,1
54460,77,108,-31,31
54461,148,147,1,1
54462,126,130,-4,4
54463,95,109,-14,14
54464,58,70,-12,12
54465,146,141,5,5
54466,148,144,4,4
54467,104,118,-14,14
54468,129,123,6,6
54469,60,71,-11,11
54470,83,94,-11,11
54471,67,69,-2,2
54472,132,133,-1,1
54473,82,106,-24,24
54474,34,70,-36,36
54475,76,93,-17,17
54476,116,128,-12,12
54477,119,136,-17,17
54478,96,109,-13,13
54479,138,139,-1,1
54480,80,91,-11,11
54481,109,119,-10,10
54482,103,111,-8,8
54483,57,79,-22,22
54484,41,56,-15,15
54485,121,127,-6,6
54486,87,96,-9,9
54487,125,131,-6,6
54488,82,104,-22,22
54489,36,55,-19,19
54490,63,74,-11,11
54491,112,121,-9,9
54492,90,96,-6,6
54493,110,129,-19,19
54494,184,164,20,20
54495,97,114,-17,17
54496,64,81,-17,17
54497,115,115,0,0
54498,85,96,-11,11
54499,60,76,-16,16
54500,68,87,-19,19
54501,118,125,-7,7
54502,56,82,-26,26
54503,49,82,-33,33
54504,92,110,-18,18
54505,62,78,-16,16
54506,131,148,-17,17
54507,125,133,-8,8
54508,146,150,-4,4
54509,78,92,-14,14
54510,69,80,-11,11
54511,76,85,-9,9
54512,66,81,-15,15
54513,71,86,-15,15
54514,97,115,-18,18
54515,264,243,21,21
54516,38,59,-21,21
54517,134,148,-14,14
54518,70,81,-11,11
54519,67,82,-15,15
54520,128,131,-3,3
54521,138,120,18,18
54522,101,131,-30,30
54523,76,87,-11,11
54524,42,64,-22,22
54525,138,130,8,8
54526,126,127,-1,1
54527,80,86,-6,6
54528,61,74,-13,13
54529,105,109,-4,4
54530,113,122,-9,9
54531,96,110,-14,14
54532,97,106,-9,9
54533,74,99,-25,25
54534,129,137,-8,8
54535,83,89,-6,6
54536,87,92,-5,5
54537,72,83,-11,11
54538,120,121,-1,1
54539,95,127,-32,32
54540,62,84,-22,22
54541,54,69,-15,15
54542,80,101,-21,21
54543,109,111,-2,2
54544,90,95,-5,5
54545,30,48,-18,18
54546,103,110,-7,7
54547,91,113,-22,22
54548,92,99,-7,7
54549,79,97,-18,18
54550,120,128,-8,8
54551,131,137,-6,6
54552,91,104,-13,13
54553,64,79,-15,15
54554,106,112,-6,6
54555,81,94,-13,13
54556,86,95,-9,9
54557,190,188,2,2
54558,80,90,-10,10
54559,108,124,-16,16
54560,136,147,-11,11
54561,84,99,-15,15
54562,122,130,-8,8
54563,80,87,-7,7
54564,80,86,-6,6
54565,143,145,-2,2
54566,31,55,-24,24
54567,96,104,-8,8
54568,74,82,-8,8
54569,130,134,-4,4
54570,99,106,-7,7
54571,90,110,-20,20
54572,89,94,-5,5
54573,122,119,3,3
54574,116,123,-7,7
54575,111,125,-14,14
54576,129,127,2,2
54577,97,109,-12,12
54578,122,117,5,5
54579,94,127,-33,33
54580,78,94,-16,16
54581,101,108,-7,7
54582,77,94,-17,17
54583,99,124,-25,25
54584,91,123,-32,32
54585,74,90,-16,16
54586,120,124,-4,4
54587,109,113,-4,4
54588,54,76,-22,22
54589,105,104,1,1
54590,140,149,-9,9
54591,175,161,14,14
54592,103,106,-3,3
54593,80,93,-13,13
54594,71,88,-17,17
54595,101,108,-7,7
54596,91,106,-15,15
54597,75,99,-24,24
54598,51,69,-18,18
54599,59,75,-16,16
54600,108,115,-7,7
54601,198,173,25,25
54602,48,61,-13,13
54603,117,125,-8,8
54604,44,59,-15,15
54605,105,118,-13,13
54606,78,93,-15,15
54607,92,114,-22,22
54608,89,97,-8,8
54609,68,79,-11,11
54610,50,77,-27,27
54611,83,90,-7,7
54612,71,85,-14,14
54613,96,127,-31,31
54614,146,146,0,0
54615,134,121,13,13
54616,73,106,-33,33
54617,84,121,-37,37
54618,86,103,-17,17
54619,152,146,6,6
54620,59,75,-16,16
54621,183,167,16,16
54622,50,69,-19,19
54623,83,95,-12,12
54624,103,108,-5,5
54625,63,74,-11,11
54626,58,74,-16,16
54627,79,87,-8,8
54628,65,103,-38,38
54629,50,73,-23,23
54630,89,96,-7,7
54631,132,128,4,4
54632,91,110,-19,19
54633,79,94,-15,15
54634,89,94,-5,5
54635,117,131,-14,14
54636,89,97,-8,8
54637,109,127,-18,18
54638,124,130,-6,6
54639,97,106,-9,9
54640,131,141,-10,10
54641,86,96,-10,10
54642,77,91,-14,14
54643,96,108,-12,12
54644,94,104,-10,10
54645,74,87,-13,13
54646,129,134,-5,5
54647,104,110,-6,6
54648,113,130,-17,17
54649,99,114,-15,15
54650,63,66,-3,3
54651,95,106,-11,11
54652,68,90,-22,22
54653,194,157,37,37
54654,99,120,-21,21
54655,123,144,-21,21
54656,119,125,-6,6
54657,108,109,-1,1
54658,66,97,-31,31
54659,60,77,-17,17
54660,58,77,-19,19
54661,183,168,15,15
54662,190,174,16,16
54663,165,149,16,16
54664,80,102,-22,22
54665,166,156,10,10
54666,123,138,-15,15
54667,131,143,-12,12
54668,62,81,-19,19
54669,83,85,-2,2
54670,125,127,-2,2
54671,103,120,-17,17
54672,101,117,-16,16
54673,95,103,-8,8
54674,59,80,-21,21
54675,107,107,0,0
54676,79,84,-5,5
54677,87,91,-4,4
54678,84,99,-15,15
54679,67,82,-15,15
54680,75,87,-12,12
54681,85,93,-8,8
54682,89,94,-5,5
54683,105,130,-25,25
54684,71,86,-15,15
54685,150,141,9,9
54686,59,74,-15,15
54687,86,96,-10,10
54688,85,97,-12,12
54689,110,121,-11,11
54690,76,88,-12,12
54691,100,107,-7,7
54692,109,106,3,3
54693,110,120,-10,10
54694,97,121,-24,24
54695,109,120,-11,11
54696,188,169,19,19
54697,52,71,-19,19
54698,56,75,-19,19
54699,87,98,-11,11
54700,72,85,-13,13
54701,171,161,10,10
54702,109,118,-9,9
54703,86,103,-17,17
54704,140,148,-8,8
54705,113,116,-3,3
54706,89,100,-11,11
54707,102,108,-6,6
54708,82,94,-12,12
54709,87,97,-10,10
54710,85,100,-15,15
54711,150,146,4,4
54712,151,147,4,4
54713,65,89,-24,24
54714,150,148,2,2
54715,102,112,-10,10
54716,88,94,-6,6
54717,108,125,-17,17
54718,38,62,-24,24
54719,123,133,-10,10
54720,92,93,-1,1
54721,120,121,-1,1
54722,108,113,-5,5
54723,72,81,-9,9
54724,62,73,-11,11
54725,105,116,-11,11
54726,71,100,-29,29
54727,99,104,-5,5
54728,88,97,-9,9
54729,79,101,-22,22
54730,86,99,-13,13
54731,116,113,3,3
54732,74,93,-19,19
54733,93,113,-20,20
54734,198,160,38,38
54735,96,104,-8,8
54736,78,89,-11,11
54737,57,68,-11,11
54738,45,67,-22,22
54739,140,144,-4,4
54740,76,85,-9,9
54741,88,101,-13,13
54742,127,134,-7,7
54743,50,72,-22,22
54744,101,117,-16,16
54745,71,95,-24,24
54746,141,136,5,5
54747,110,129,-19,19
54748,144,135,9,9
54749,114,130,-16,16
54750,66,75,-9,9
54751,90,110,-20,20
54752,83,91,-8,8
54753,143,136,7,7
54754,81,87,-6,6
54755,41,58,-17,17
54756,165,158,7,7
54757,92,109,-17,17
54758,43,86,-43,43
54759,84,86,-2,2
54760,58,84,-26,26
54761,74,83,-9,9
54762,102,95,7,7
54763,62,85,-23,23
54764,115,117,-2,2
54765,93,110,-17,17
54766,155,148,7,7
54767,173,169,4,4
54768,145,145,0,0
54769,75,89,-14,14
54770,116,118,-2,2
54771,114,126,-12,12
54772,115,129,-14,14
54773,123,128,-5,5
54774,86,110,-24,24
54775,95,99,-4,4
54776,59,72,-13,13
54777,123,133,-10,10
54778,111,123,-12,12
54779,109,134,-25,25
54780,92,101,-9,9
54781,118,140,-22,22
54782,42,60,-18,18
54783,65,79,-14,14
54784,74,90,-16,16
54785,144,150,-6,6
54786,139,136,3,3
54787,71,87,-16,16
54788,66,75,-9,9
54789,81,96,-15,15
54790,103,119,-16,16
54791,65,77,-12,12
54792,137,152,-15,15
54793,86,103,-17,17
54794,64,63,1,1
54795,96,107,-11,11
54796,76,99,-23,23
54797,56,71,-15,15
54798,59,75,-16,16
54799,70,84,-14,14
54800,79,89,-10,10
54801,92,93,-1,1
54802,64,90,-26,26
54803,141,148,-7,7
54804,111,120,-9,9
54805,123,120,3,3
54806,55,76,-21,21
54807,58,73,-15,15
54808,105,101,4,4
54809,124,119,5,5
54810,76,87,-11,11
54811,72,102,-30,30
54812,68,95,-27,27
54813,39,62,-23,23
54814,83,89,-6,6
54815,90,98,-8,8
54816,84,88,-4,4
54817,131,129,2,2
54818,100,105,-5,5
54819,68,81,-13,13
54820,199,172,27,27
54821,111,120,-9,9
54822,63,75,-12,12
54823,112,121,-9,9
54824,58,77,-19,19
54825,167,160,7,7
54826,167,156,11,11
54827,204,179,25,25
54828,88,101,-13,13
54829,112,126,-14,14
54830,109,119,-10,10
54831,74,79,-5,5
54832,118,130,-12,12
54833,114,123,-9,9
54834,52,67,-15,15
54835,79,96,-17,17
54836,63,76,-13,13
54837,34,55,-21,21
54838,75,89,-14,14
54839,66,80,-14,14
54840,165,165,0,0
54841,140,125,15,15
54842,68,84,-16,16
54843,119,120,-1,1
54844,109,123,-14,14
54845,79,90,-11,11
54846,96,95,1,1
54847,96,102,-6,6
54848,58,70,-12,12
54849,99,111,-12,12
54850,68,90,-22,22
54851,61,78,-17,17
54852,89,107,-18,18
54853,135,139,-4,4
54854,60,77,-17,17
54855,92,104,-12,12
54856,84,93,-9,9
54857,84,102,-18,18
54858,94,100,-6,6
54859,101,122,-21,21
54860,119,123,-4,4
54861,139,150,-11,11
54862,84,97,-13,13
54863,204,159,45,45
54864,97,107,-10,10
54865,79,102,-23,23
54866,101,113,-12,12
54867,86,94,-8,8
54868,84,94,-10,10
54869,67,82,-15,15
54870,98,109,-11,11
54871,79,91,-12,12
54872,90,96,-6,6
54873,62,81,-19,19
54874,65,79,-14,14
54875,62,84,-22,22
54876,41,57,-16,16
54877,140,137,3,3
54878,167,154,13,13
54879,129,138,-9,9
54880,170,183,-13,13
54881,76,88,-12,12
54882,88,98,-10,10
54883,57,73,-16,16
54884,55,74,-19,19
54885,81,90,-9,9
54886,142,144,-2,2
54887,118,118,0,0
54888,66,75,-9,9
54889,61,82,-21,21
54890,97,111,-14,14
54891,88,99,-11,11
54892,101,112,-11,11
54893,64,94,-30,30
54894,116,122,-6,6
54895,90,95,-5,5
54896,87,109,-22,22
54897,98,101,-3,3
54898,111,124,-13,13
54899,67,76,-9,9
54900,51,67,-16,16
54901,123,133,-10,10
54902,59,78,-19,19
54903,67,80,-13,13
54904,48,65,-17,17
54905,52,78,-26,26
54906,180,182,-2,2
54907,61,76,-15,15
54908,162,152,10,10
54909,76,95,-19,19
54910,57,71,-14,14
54911,90,100,-10,10
54912,55,78,-23,23
54913,103,118,-15,15
54914,72,92,-20,20
54915,70,74,-4,4
54916,154,147,7,7
54917,113,122,-9,9
54918,108,120,-12,12
54919,50,80,-30,30
54920,45,76,-31,31
54921,71,78,-7,7
54922,132,138,-6,6
54923,164,153,11,11
54924,100,114,-14,14
54925,46,59,-13,13
54926,85,92,-7,7
54927,88,95,-7,7
54928,107,121,-14,14
54929,84,92,-8,8
54930,48,65,-17,17
54931,98,110,-12,12
54932,154,149,5,5
54933,115,123,-8,8
54934,69,81,-12,12
54935,47,68,-21,21
54936,79,88,-9,9
54937,74,81,-7,7
54938,77,97,-20,20
54939,52,70,-18,18
54940,146,146,0,0
54941,74,95,-21,21
54942,122,126,-4,4
54943,83,116,-33,33
54944,134,129,5,5
54945,113,135,-22,22
54946,113,117,-4,4
54947,100,125,-25,25
54948,77,88,-11,11
54949,91,100,-9,9
54950,112,148,-36,36
54951,109,109,0,0
54952,97,104,-7,7
54953,156,152,4,4
54954,128,130,-2,2
54955,88,106,-18,18
54956,68,83,-15,15
54957,69,83,-14,14
54958,137,143,-6,6
54959,68,90,-22,22
54960,65,81,-16,16
54961,93,100,-7,7
54962,58,70,-12,12
54963,55,77,-22,22
54964,121,127,-6,6
54965,133,148,-15,15
54966,50,69,-19,19
54967,228,201,27,27
54968,101,105,-4,4
54969,51,65,-14,14
54970,89,98,-9,9
54971,63,87,-24,24
54972,70,97,-27,27
54973,41,57,-16,16
54974,114,121,-7,7
54975,65,86,-21,21
54976,83,97,-14,14
54977,61,74,-13,13
54978,68,90,-22,22
54979,107,119,-12,12
54980,70,149,-79,79
54981,122,118,4,4
54982,44,62,-18,18
54983,138,147,-9,9
54984,178,170,8,8
54985,94,98,-4,4
54986,107,106,1,1
54987,63,78,-15,15
54988,84,109,-25,25
54989,124,125,-1,1
54990,68,94,-26,26
54991,78,92,-14,14
54992,177,163,14,14
54993,49,78,-29,29
54994,60,73,-13,13
54995,63,91,-28,28
54996,39,76,-37,37
54997,88,99,-11,11
54998,150,148,2,2
54999,105,113,-8,8
55000,88,96,-8,8
55001,58,69,-11,11
55002,47,67,-20,20
55003,135,129,6,6
55004,101,105,-4,4
55005,61,79,-18,18
55006,114,114,0,0
55007,75,88,-13,13
55008,88,91,-3,3
55009,69,80,-11,11
55010,95,100,-5,5
55011,120,144,-24,24
55012,148,158,-10,10
55013,80,97,-17,17
55014,54,69,-15,15
55015,85,98,-13,13
55016,123,116,7,7
55017,101,113,-12,12
55018,108,124,-16,16
55019,62,82,-20,20
55020,68,97,-29,29
55021,55,73,-18,18
55022,103,115,-12,12
55023,115,118,-3,3
55024,94,98,-4,4
55025,77,91,-14,14
55026,146,148,-2,2
55027,62,77,-15,15
55028,57,74,-17,17
55029,204,188,16,16
55030,52,76,-24,24
55031,111,138,-27,27
55032,67,77,-10,10
55033,116,122,-6,6
55034,168,163,5,5
55035,47,65,-18,18
55036,75,84,-9,9
55037,92,111,-19,19
55038,139,147,-8,8
55039,130,141,-11,11
55040,118,119,-1,1
55041,72,88,-16,16
55042,90,105,-15,15
55043,104,92,12,12
55044,99,117,-18,18
55045,98,111,-13,13
55046,84,100,-16,16
55047,106,106,0,0
55048,69,83,-14,14
55049,72,91,-19,19
55050,86,97,-11,11
55051,122,120,2,2
55052,103,99,4,4
55053,113,127,-14,14
55054,70,75,-5,5
55055,73,106,-33,33
55056,79,90,-11,11
55057,102,104,-2,2
55058,79,93,-14,14
55059,67,82,-15,15
55060,61,74,-13,13
55061,78,99,-21,21
55062,83,91,-8,8
55063,91,101,-10,10
55064,49,72,-23,23
55065,64,78,-14,14
55066,76,90,-14,14
55067,155,153,2,2
55068,90,102,-12,12
55069,78,118,-40,40
55070,67,86,-19,19
55071,112,119,-7,7
55072,90,101,-11,11
55073,98,106,-8,8
55074,93,105,-12,12
55075,103,117,-14,14
55076,64,84,-20,20
55077,94,107,-13,13
55078,58,75,-17,17
55079,76,92,-16,16
55080,153,149,4,4
55081,96,99,-3,3
55082,151,150,1,1
55083,60,89,-29,29
55084,87,89,-2,2
55085,30,57,-27,27
55086,83,93,-10,10
55087,107,122,-15,15
55088,114,119,-5,5
55089,74,86,-12,12
55090,99,125,-26,26
55091,120,126,-6,6
55092,89,99,-10,10
55093,215,198,17,17
55094,53,67,-14,14
55095,74,90,-16,16
55096,112,116,-4,4
55097,76,90,-14,14
55098,69,81,-12,12
55099,146,140,6,6
55100,92,100,-8,8
55101,72,86,-14,14
55102,184,174,10,10
55103,50,62,-12,12
55104,82,92,-10,10
55105,90,99,-9,9
55106,152,147,5,5
55107,41,68,-27,27
55108,149,147,2,2
55109,83,89,-6,6
55110,45,72,-27,27
55111,225,203,22,22
55112,169,153,16,16
55113,44,65,-21,21
55114,118,129,-11,11
55115,108,111,-3,3
55116,125,126,-1,1
55117,124,130,-6,6
55118,65,95,-30,30
55119,164,151,13,13
55120,138,143,-5,5
55121,87,102,-15,15
55122,51,70,-19,19
55123,98,114,-16,16
55124,64,80,-16,16
55125,63,82,-19,19
55126,101,115,-14,14
55127,90,96,-6,6
55128,104,110,-6,6
55129,140,141,-1,1
55130,121,118,3,3
55131,107,116,-9,9
55132,85,101,-16,16
55133,116,126,-10,10
55134,55,79,-24,24
55135,74,95,-21,21
55136,178,150,28,28
55137,134,142,-8,8
55138,62,82,-20,20
55139,113,118,-5,5
55140,75,82,-7,7
55141,84,94,-10,10
55142,88,92,-4,4
55143,68,94,-26,26
55144,46,64,-18,18
55145,150,162,-12,12
55146,99,103,-4,4
55147,108,117,-9,9
55148,118,102,16,16
55149,48,72,-24,24
55150,104,104,0,0
55151,73,78,-5,5
55152,109,116,-7,7
55153,62,75,-13,13
55154,91,95,-4,4
55155,119,126,-7,7
55156,157,152,5,5
55157,117,122,-5,5
55158,60,74,-14,14
55159,90,101,-11,11
55160,102,114,-12,12
55161,100,107,-7,7
55162,99,110,-11,11
55163,108,105,3,3
55164,90,99,-9,9
55165,120,127,-7,7
55166,97,109,-12,12
55167,78,93,-15,15
55168,105,117,-12,12
55169,160,151,9,9
55170,143,142,1,1
55171,112,126,-14,14
55172,152,156,-4,4
55173,153,147,6,6
55174,65,75,-10,10
55175,66,87,-21,21
55176,63,76,-13,13
55177,55,95,-40,40
55178,75,87,-12,12
55179,91,96,-5,5
55180,81,92,-11,11
55181,138,137,1,1
55182,120,122,-2,2
55183,86,95,-9,9
55184,75,83,-8,8
55185,15,46,-31,31
55186,71,85,-14,14
55187,158,149,9,9
55188,102,96,6,6
55189,58,74,-16,16
55190,54,63,-9,9
55191,77,104,-27,27
55192,82,89,-7,7
55193,69,81,-12,12
55194,92,109,-17,17
55195,132,145,-13,13
55196,109,116,-7,7
55197,192,173,19,19
55198,62,75,-13,13
55199,41,59,-18,18
55200,120,125,-5,5
55201,82,97,-15,15
55202,116,123,-7,7
55203,44,71,-27,27
55204,87,97,-10,10
55205,63,86,-23,23
55206,75,91,-16,16
55207,106,109,-3,3
55208,198,183,15,15
55209,87,91,-4,4
55210,45,59,-14,14
55211,95,105,-10,10
55212,128,131,-3,3
55213,72,88,-16,16
55214,80,97,-17,17
55215,144,151,-7,7
55216,83,92,-9,9
55217,138,147,-9,9
55218,107,109,-2,2
55219,42,63,-21,21
55220,105,114,-9,9
55221,129,129,0,0
55222,78,92,-14,14
55223,157,147,10,10
55224,135,137,-2,2
55225,38,54,-16,16
55226,174,159,15,15
55227,83,95,-12,12
55228,79,87,-8,8
55229,172,170,2,2
55230,76,81,-5,5
55231,106,109,-3,3
55232,102,115,-13,13
55233,60,83,-23,23
55234,160,148,12,12
55235,58,73,-15,15
55236,66,79,-13,13
55237,93,105,-12,12
55238,97,102,-5,5
55239,99,116,-17,17
55240,232,219,13,13
55241,111,114,-3,3
55242,57,80,-23,23
55243,92,115,-23,23
55244,70,79,-9,9
55245,58,88,-30,30
55246,58,70,-12,12
55247,80,98,-18,18
55248,119,113,6,6
55249,111,112,-1,1
55250,73,88,-15,15
55251,72,84,-12,12
55252,98,107,-9,9
55253,114,134,-20,20
55254,115,123,-8,8
55255,180,65,115,115
55256,137,149,-12,12
55257,106,107,-1,1
55258,116,127,-11,11
55259,161,153,8,8
55260,53,70,-17,17
55261,160,150,10,10
55262,105,116,-11,11
55263,85,97,-12,12
55264,137,146,-9,9
55265,78,92,-14,14
55266,152,155,-3,3
55267,107,114,-7,7
55268,61,77,-16,16
55269,113,109,4,4
55270,145,148,-3,3
55271,125,123,2,2
55272,63,77,-14,14
55273,83,95,-12,12
55274,139,131,8,8
55275,79,85,-6,6
55276,136,140,-4,4
55277,77,90,-13,13
55278,101,107,-6,6
55279,54,75,-21,21
55280,103,114,-11,11
55281,84,88,-4,4
55282,62,78,-16,16
55283,149,152,-3,3
55284,52,68,-16,16
55285,143,148,-5,5
55286,185,169,16,16
55287,121,121,0,0
55288,93,117,-24,24
55289,89,100,-11,11
55290,71,82,-11,11
55291,96,98,-2,2
55292,92,97,-5,5
55293,132,133,-1,1
55294,110,130,-20,20
55295,81,96,-15,15
55296,138,138,0,0
55297,121,133,-12,12
55298,136,134,2,2
55299,108,125,-17,17
55300,102,113,-11,11
55301,107,123,-16,16
55302,123,130,-7,7
55303,78,87,-9,9
55304,123,139,-16,16
55305,191,166,25,25
55306,83,90,-7,7
55307,66,83,-17,17
55308,147,148,-1,1
55309,75,85,-10,10
55310,142,149,-7,7
55311,54,74,-20,20
55312,79,100,-21,21
55313,65,71,-6,6
55314,69,81,-12,12
55315,92,103,-11,11
55316,116,114,2,2
55317,138,126,12,12
55318,60,78,-18,18
55319,113,123,-10,10
55320,107,115,-8,8
55321,71,94,-23,23
55322,87,92,-5,5
55323,66,81,-15,15
55324,115,125,-10,10
55325,88,101,-13,13
55326,59,78,-19,19
55327,109,109,0,0
55328,101,114,-13,13
55329,99,104,-5,5
55330,84,95,-11,11
55331,79,84,-5,5
55332,144,136,8,8
55333,74,92,-18,18
55334,67,84,-17,17
55335,79,98,-19,19
55336,69,78,-9,9
55337,64,85,-21,21
55338,74,83,-9,9
55339,122,149,-27,27
55340,88,107,-19,19
55341,85,111,-26,26
55342,135,149,-14,14
55343,150,145,5,5
55344,120,125,-5,5
55345,85,96,-11,11
55346,87,102,-15,15
55347,69,87,-18,18
55348,136,131,5,5
55349,139,129,10,10
55350,81,91,-10,10
55351,88,102,-14,14
55352,117,123,-6,6
55353,127,148,-21,21
55354,83,96,-13,13
55355,53,73,-20,20
55356,41,54,-13,13
55357,97,110,-13,13
55358,169,159,10,10
55359,112,115,-3,3
55360,38,59,-21,21
55361,84,94,-10,10
55362,67,82,-15,15
55363,92,99,-7,7
55364,110,116,-6,6
55365,88,108,-20,20
55366,78,86,-8,8
55367,84,101,-17,17
55368,69,82,-13,13
55369,99,107,-8,8
55370,101,122,-21,21
55371,86,102,-16,16
55372,102,114,-12,12
55373,60,73,-13,13
55374,54,70,-16,16
55375,111,130,-19,19
55376,138,136,2,2
55377,82,88,-6,6
55378,96,122,-26,26
55379,62,81,-19,19
55380,161,156,5,5
55381,73,95,-22,22
55382,92,107,-15,15
55383,115,124,-9,9
55384,150,147,3,3
55385,78,92,-14,14
55386,93,101,-8,8
55387,80,88,-8,8
55388,88,102,-14,14
55389,89,99,-10,10
55390,107,113,-6,6
55391,76,82,-6,6
55392,115,129,-14,14
55393,96,107,-11,11
55394,119,124,-5,5
55395,56,73,-17,17
55396,100,121,-21,21
55397,101,104,-3,3
55398,89,95,-6,6
55399,75,93,-18,18
55400,106,111,-5,5
55401,68,83,-15,15
55402,69,78,-9,9
55403,83,90,-7,7
55404,85,106,-21,21
55405,130,135,-5,5
55406,64,78,-14,14
55407,44,70,-26,26
55408,83,94,-11,11
55409,54,105,-51,51
55410,130,123,7,7
55411,91,106,-15,15
55412,59,97,-38,38
55413,109,112,-3,3
55414,145,156,-11,11
55415,65,73,-8,8
55416,50,62,-12,12
55417,147,144,3,3
55418,90,106,-16,16
55419,143,148,-5,5
55420,97,105,-8,8
55421,111,119,-8,8
55422,63,78,-15,15
55423,70,97,-27,27
55424,109,105,4,4
55425,108,129,-21,21
55426,149,148,1,1
55427,98,106,-8,8
55428,137,141,-4,4
55429,45,62,-17,17
55430,95,104,-9,9
55431,59,84,-25,25
55432,71,86,-15,15
55433,117,128,-11,11
55434,73,88,-15,15
55435,80,89,-9,9
55436,168,148,20,20
55437,149,153,-4,4
55438,53,66,-13,13
55439,65,86,-21,21
55440,160,150,10,10
55441,83,96,-13,13
55442,88,100,-12,12
55443,98,98,0,0
55444,51,72,-21,21
55445,54,73,-19,19
55446,70,86,-16,16
55447,80,94,-14,14
55448,169,148,21,21
55449,109,115,-6,6
55450,57,75,-18,18
55451,119,131,-12,12
55452,238,216,22,22
55453,132,140,-8,8
55454,78,94,-16,16
55455,88,94,-6,6
55456,85,96,-11,11
55457,27,66,-39,39
55458,62,83,-21,21
55459,131,132,-1,1
55460,138,136,2,2
55461,43,114,-71,71
55462,58,87,-29,29
55463,76,89,-13,13
55464,72,95,-23,23
55465,121,111,10,10
55466,107,114,-7,7
55467,81,99,-18,18
55468,49,85,-36,36
55469,113,119,-6,6
55470,71,81,-10,10
55471,44,61,-17,17
55472,81,92,-11,11
55473,73,81,-8,8
55474,85,106,-21,21
55475,100,107,-7,7
55476,126,131,-5,5
55477,96,107,-11,11
55478,67,83,-16,16
55479,114,130,-16,16
55480,97,95,2,2
55481,185,158,27,27
55482,55,70,-15,15
55483,177,173,4,4
55484,85,99,-14,14
55485,117,127,-10,10
55486,157,149,8,8
55487,129,133,-4,4
55488,94,110,-16,16
55489,87,106,-19,19
55490,139,132,7,7
55491,121,132,-11,11
55492,65,73,-8,8
55493,58,78,-20,20
55494,98,108,-10,10
55495,37,56,-19,19
55496,63,80,-17,17
55497,193,189,4,4
55498,101,117,-16,16
55499,69,95,-26,26
55500,133,136,-3,3
55501,121,120,1,1
55502,91,103,-12,12
55503,85,97,-12,12
55504,67,89,-22,22
55505,117,126,-9,9
55506,61,71,-10,10
55507,61,77,-16,16
55508,97,117,-20,20
55509,81,97,-16,16
55510,89,103,-14,14
55511,58,74,-16,16
55512,80,89,-9,9
55513,96,99,-3,3
55514,87,103,-16,16
55515,69,86,-17,17
55516,116,135,-19,19
55517,138,149,-11,11
55518,65,86,-21,21
55519,90,99,-9,9
55520,87,97,-10,10
55521,102,109,-7,7
55522,79,100,-21,21
55523,146,150,-4,4
55524,130,131,-1,1
55525,127,124,3,3
55526,96,103,-7,7
55527,80,89,-9,9
55528,132,148,-16,16
55529,115,110,5,5
55530,81,103,-22,22
55531,86,99,-13,13
55532,105,108,-3,3
55533,130,143,-13,13
55534,84,95,-11,11
55535,52,108,-56,56
55536,72,81,-9,9
55537,82,94,-12,12
55538,115,121,-6,6
55539,100,107,-7,7
55540,102,112,-10,10
55541,107,120,-13,13
55542,116,124,-8,8
55543,61,73,-12,12
55544,95,108,-13,13
55545,78,88,-10,10
55546,78,102,-24,24
55547,79,85,-6,6
55548,82,99,-17,17
55549,71,90,-19,19
55550,128,125,3,3
55551,89,107,-18,18
55552,115,144,-29,29
55553,83,86,-3,3
55554,80,86,-6,6
55555,79,111,-32,32
55556,69,95,-26,26
55557,123,126,-3,3
55558,67,85,-18,18
55559,135,136,-1,1
55560,134,154,-20,20
55561,133,136,-3,3
55562,52,70,-18,18
55563,175,163,12,12
55564,95,94,1,1
55565,122,128,-6,6
55566,74,82,-8,8
55567,73,88,-15,15
55568,53,72,-19,19
55569,69,88,-19,19
55570,103,121,-18,18
55571,45,63,-18,18
55572,107,108,-1,1
55573,49,71,-22,22
55574,132,127,5,5
55575,89,102,-13,13
55576,62,80,-18,18
55577,109,115,-6,6
55578,81,95,-14,14
55579,72,91,-19,19
55580,52,68,-16,16
55581,74,96,-22,22
55582,36,58,-22,22
55583,68,84,-16,16
55584,73,90,-17,17
55585,89,102,-13,13
55586,63,77,-14,14
55587,69,85,-16,16
55588,103,132,-29,29
55589,53,73,-20,20
55590,103,118,-15,15
55591,108,110,-2,2
55592,109,157,-48,48
55593,187,183,4,4
55594,69,83,-14,14
55595,124,125,-1,1
55596,117,129,-12,12
55597,94,107,-13,13
55598,44,60,-16,16
55599,120,121,-1,1
55600,140,148,-8,8
55601,131,134,-3,3
55602,100,119,-19,19
55603,147,150,-3,3
55604,55,65,-10,10
55605,126,139,-13,13
55606,84,99,-15,15
55607,81,99,-18,18
55608,110,105,5,5
55609,68,90,-22,22
55610,90,105,-15,15
55611,79,95,-16,16
55612,108,123,-15,15
55613,69,84,-15,15
55614,67,70,-3,3
55615,151,154,-3,3
55616,121,125,-4,4
55617,67,88,-21,21
55618,100,103,-3,3
55619,105,117,-12,12
55620,105,127,-22,22
55621,92,107,-15,15
55622,107,118,-11,11
55623,163,157,6,6
55624,110,126,-16,16
55625,115,119,-4,4
55626,93,99,-6,6
55627,143,142,1,1
55628,105,96,9,9
55629,102,109,-7,7
55630,54,68,-14,14
55631,117,125,-8,8
55632,94,101,-7,7
55633,121,115,6,6
55634,51,65,-14,14
55635,93,111,-18,18
55636,136,147,-11,11
55637,75,81,-6,6
55638,83,86,-3,3
55639,90,99,-9,9
55640,110,121,-11,11
55641,69,79,-10,10
55642,110,117,-7,7
55643,78,96,-18,18
55644,85,92,-7,7
55645,89,102,-13,13
55646,86,114,-28,28
55647,106,118,-12,12
55648,102,111,-9,9
55649,52,71,-19,19
55650,207,206,1,1
55651,93,99,-6,6
55652,113,126,-13,13
55653,97,109,-12,12
55654,80,105,-25,25
55655,118,137,-19,19
55656,90,107,-17,17
55657,88,109,-21,21
55658,96,109,-13,13
55659,103,122,-19,19
55660,65,81,-16,16
55661,48,64,-16,16
55662,85,88,-3,3
55663,104,109,-5,5
55664,54,69,-15,15
55665,89,87,2,2
55666,132,138,-6,6
55667,83,99,-16,16
55668,80,92,-12,12
55669,76,88,-12,12
55670,67,75,-8,8
55671,89,101,-12,12
55672,149,148,1,1
55673,106,126,-20,20
55674,149,151,-2,2
55675,52,70,-18,18
55676,58,77,-19,19
55677,70,89,-19,19
55678,78,88,-10,10
55679,212,187,25,25
55680,105,106,-1,1
55681,101,104,-3,3
55682,107,109,-2,2
55683,145,148,-3,3
55684,77,92,-15,15
55685,108,104,4,4
55686,97,110,-13,13
55687,90,97,-7,7
55688,104,118,-14,14
55689,99,109,-10,10
55690,94,100,-6,6
55691,105,121,-16,16
55692,69,86,-17,17
55693,81,96,-15,15
55694,88,98,-10,10
55695,112,130,-18,18
55696,93,106,-13,13
55697,130,140,-10,10
55698,145,137,8,8
55699,130,130,0,0
55700,62,87,-25,25
55701,99,111,-12,12
55702,67,77,-10,10
55703,129,132,-3,3
55704,72,89,-17,17
55705,96,104,-8,8
55706,76,89,-13,13
55707,102,109,-7,7
55708,81,92,-11,11
55709,157,151,6,6
55710,100,119,-19,19
55711,122,126,-4,4
55712,65,77,-12,12
55713,82,89,-7,7
55714,95,103,-8,8
55715,133,148,-15,15
55716,108,120,-12,12
55717,81,95,-14,14
55718,91,103,-12,12
55719,134,134,0,0
55720,146,147,-1,1
55721,93,111,-18,18
55722,53,72,-19,19
55723,108,110,-2,2
55724,93,101,-8,8
55725,99,103,-4,4
55726,158,147,11,11
55727,66,91,-25,25
55728,66,81,-15,15
55729,83,104,-21,21
55730,103,113,-10,10
55731,54,68,-14,14
55732,144,147,-3,3
55733,88,111,-23,23
55734,105,106,-1,1
55735,115,115,0,0
55736,125,131,-6,6
55737,67,89,-22,22
55738,193,168,25,25
55739,127,119,8,8
55740,29,58,-29,29
55741,86,101,-15,15
55742,121,141,-20,20
55743,94,102,-8,8
55744,125,130,-5,5
55745,174,169,5,5
55746,163,156,7,7
55747,128,123,5,5
55748,155,149,6,6
55749,123,140,-17,17
55750,100,111,-11,11
55751,80,98,-18,18
55752,121,126,-5,5
55753,31,49,-18,18
55754,96,102,-6,6
55755,80,90,-10,10
55756,83,93,-10,10
55757,82,91,-9,9
55758,97,111,-14,14
55759,72,88,-16,16
55760,69,87,-18,18
55761,86,94,-8,8
55762,73,101,-28,28
55763,100,116,-16,16
55764,66,82,-16,16
55765,83,87,-4,4
55766,92,109,-17,17
55767,68,79,-11,11
55768,118,133,-15,15
55769,97,135,-38,38
55770,62,79,-17,17
55771,78,87,-9,9
55772,48,67,-19,19
55773,98,105,-7,7
55774,71,88,-17,17
55775,62,79,-17,17
55776,45,76,-31,31
55777,122,132,-10,10
55778,91,102,-11,11
55779,71,148,-77,77
55780,68,77,-9,9
55781,118,130,-12,12
55782,79,96,-17,17
55783,120,133,-13,13
55784,134,148,-14,14
55785,72,86,-14,14
55786,92,100,-8,8
55787,49,88,-39,39
55788,100,109,-9,9
55789,90,110,-20,20
55790,71,87,-16,16
55791,83,97,-14,14
55792,71,89,-18,18
55793,90,107,-17,17
55794,168,164,4,4
55795,68,93,-25,25
55796,50,69,-19,19
55797,59,71,-12,12
55798,52,74,-22,22
55799,104,116,-12,12
55800,95,110,-15,15
55801,57,79,-22,22
55802,211,203,8,8
55803,58,73,-15,15
55804,125,131,-6,6
55805,99,109,-10,10
55806,88,109,-21,21
55807,182,161,21,21
55808,99,108,-9,9
55809,66,75,-9,9
55810,169,158,11,11
55811,105,118,-13,13
55812,92,105,-13,13
55813,110,126,-16,16
55814,111,113,-2,2
55815,95,100,-5,5
55816,74,84,-10,10
55817,135,126,9,9
55818,51,107,-56,56
55819,78,88,-10,10
55820,118,119,-1,1
55821,118,126,-8,8
55822,104,111,-7,7
55823,37,64,-27,27
55824,96,106,-10,10
55825,93,100,-7,7
55826,60,105,-45,45
55827,102,107,-5,5
55828,112,125,-13,13
55829,73,93,-20,20
55830,142,141,1,1
55831,67,82,-15,15
55832,69,80,-11,11
55833,103,169,-66,66
55834,42,86,-44,44
55835,99,96,3,3
55836,181,161,20,20
55837,94,101,-7,7
55838,83,98,-15,15
55839,98,98,0,0
55840,151,144,7,7
55841,149,141,8,8
55842,92,109,-17,17
55843,129,149,-20,20
55844,79,88,-9,9
55845,119,132,-13,13
55846,159,151,8,8
55847,63,83,-20,20
55848,74,87,-13,13
55849,141,149,-8,8
55850,133,136,-3,3
55851,106,113,-7,7
55852,180,166,14,14
55853,152,143,9,9
55854,85,94,-9,9
55855,118,119,-1,1
55856,127,134,-7,7
55857,143,151,-8,8
55858,80,101,-21,21
55859,123,129,-6,6
55860,131,131,0,0
55861,53,62,-9,9
55862,83,88,-5,5
55863,97,104,-7,7
55864,120,129,-9,9
55865,71,83,-12,12
55866,127,123,4,4
55867,68,82,-14,14
55868,79,91,-12,12
55869,104,128,-24,24
55870,139,149,-10,10
55871,143,151,-8,8
55872,102,123,-21,21
55873,75,85,-10,10
55874,105,119,-14,14
55875,71,76,-5,5
55876,52,68,-16,16
55877,73,89,-16,16
55878,95,99,-4,4
55879,84,87,-3,3
55880,77,86,-9,9
55881,63,86,-23,23
55882,80,103,-23,23
55883,111,114,-3,3
55884,146,141,5,5
55885,136,150,-14,14
55886,58,72,-14,14
55887,77,82,-5,5
55888,74,115,-41,41
55889,157,154,3,3
55890,113,118,-5,5
55891,88,95,-7,7
55892,98,112,-14,14
55893,70,87,-17,17
55894,70,93,-23,23
55895,95,106,-11,11
55896,113,111,2,2
55897,65,81,-16,16
55898,82,91,-9,9
55899,89,107,-18,18
55900,90,94,-4,4
55901,75,102,-27,27
55902,73,81,-8,8
55903,45,68,-23,23
55904,75,96,-21,21
55905,89,96,-7,7
55906,127,120,7,7
55907,189,182,7,7
55908,132,139,-7,7
55909,95,102,-7,7
55910,113,116,-3,3
55911,81,101,-20,20
55912,121,132,-11,11
55913,73,90,-17,17
55914,107,119,-12,12
55915,72,84,-12,12
55916,110,126,-16,16
55917,69,85,-16,16
55918,149,147,2,2
55919,63,81,-18,18
55920,115,123,-8,8
55921,105,112,-7,7
55922,88,100,-12,12
55923,65,83,-18,18
55924,87,102,-15,15
55925,94,114,-20,20
55926,125,132,-7,7
55927,93,98,-5,5
55928,112,118,-6,6
55929,103,107,-4,4
55930,117,128,-11,11
55931,95,104,-9,9
55932,76,94,-18,18
55933,94,116,-22,22
55934,50,65,-15,15
55935,115,127,-12,12
55936,105,107,-2,2
55937,108,110,-2,2
55938,141,147,-6,6
55939,102,115,-13,13
55940,58,82,-24,24
55941,108,112,-4,4
55942,89,91,-2,2
55943,71,86,-15,15
55944,59,72,-13,13
55945,89,96,-7,7
55946,57,73,-16,16
55947,106,109,-3,3
55948,161,148,13,13
55949,92,102,-10,10
55950,66,83,-17,17
55951,82,95,-13,13
55952,84,88,-4,4
55953,115,112,3,3
55954,110,120,-10,10
55955,135,139,-4,4
55956,93,105,-12,12
55957,134,151,-17,17
55958,105,105,0,0
55959,79,90,-11,11
55960,25,44,-19,19
55961,124,137,-13,13
55962,29,51,-22,22
55963,96,101,-5,5
55964,125,131,-6,6
55965,52,70,-18,18
55966,101,112,-11,11
55967,70,82,-12,12
55968,98,102,-4,4
55969,77,86,-9,9
55970,167,154,13,13
55971,82,93,-11,11
55972,91,97,-6,6
55973,70,85,-15,15
55974,74,89,-15,15
55975,121,132,-11,11
55976,46,70,-24,24
55977,76,93,-17,17
55978,111,126,-15,15
55979,58,70,-12,12
55980,65,77,-12,12
55981,53,66,-13,13
55982,109,129,-20,20
55983,80,96,-16,16
55984,88,100,-12,12
55985,110,117,-7,7
55986,98,101,-3,3
55987,97,121,-24,24
55988,128,127,1,1
55989,144,144,0,0
55990,82,94,-12,12
55991,131,131,0,0
55992,100,108,-8,8
55993,95,106,-11,11
55994,108,113,-5,5
55995,82,93,-11,11
55996,73,79,-6,6
55997,94,109,-15,15
55998,99,122,-23,23
55999,88,95,-7,7
56000,157,158,-1,1
56001,75,90,-15,15
56002,95,112,-17,17
56003,82,90,-8,8
56004,160,165,-5,5
56005,146,148,-2,2
56006,166,170,-4,4
56007,76,88,-12,12
56008,139,147,-8,8
56009,110,121,-11,11
56010,118,132,-14,14
56011,122,120,2,2
56012,50,73,-23,23
56013,59,76,-17,17
56014,112,122,-10,10
56015,108,133,-25,25
56016,42,59,-17,17
56017,112,125,-13,13
56018,126,126,0,0
56019,88,106,-18,18
56020,121,115,6,6
56021,83,91,-8,8
56022,95,113,-18,18
56023,98,102,-4,4
56024,104,119,-15,15
56025,66,81,-15,15
56026,129,140,-11,11
56027,85,91,-6,6
56028,101,114,-13,13
56029,68,94,-26,26
56030,86,99,-13,13
56031,79,91,-12,12
56032,91,104,-13,13
56033,113,131,-18,18
56034,149,147,2,2
56035,76,91,-15,15
56036,107,119,-12,12
56037,110,123,-13,13
56038,75,92,-17,17
56039,100,115,-15,15
56040,110,126,-16,16
56041,115,124,-9,9
56042,128,133,-5,5
56043,177,163,14,14
56044,105,113,-8,8
56045,79,149,-70,70
56046,126,134,-8,8
56047,135,151,-16,16
56048,66,76,-10,10
56049,148,147,1,1
56050,128,134,-6,6
56051,106,110,-4,4
56052,99,97,2,2
56053,73,86,-13,13
56054,64,80,-16,16
56055,98,130,-32,32
56056,111,119,-8,8
56057,124,137,-13,13
56058,117,121,-4,4
56059,94,104,-10,10
56060,86,94,-8,8
56061,80,90,-10,10
56062,105,120,-15,15
56063,77,93,-16,16
56064,101,113,-12,12
56065,118,122,-4,4
56066,130,120,10,10
56067,97,106,-9,9
56068,77,90,-13,13
56069,76,92,-16,16
56070,122,137,-15,15
56071,116,146,-30,30
56072,67,89,-22,22
56073,109,113,-4,4
56074,62,78,-16,16
56075,95,97,-2,2
56076,130,135,-5,5
56077,49,81,-32,32
56078,64,78,-14,14
56079,84,98,-14,14
56080,147,139,8,8
56081,121,121,0,0
56082,158,157,1,1
56083,105,108,-3,3
56084,99,114,-15,15
56085,108,120,-12,12
56086,159,157,2,2
56087,87,96,-9,9
56088,128,147,-19,19
56089,58,85,-27,27
56090,110,121,-11,11
56091,187,175,12,12
56092,87,99,-12,12
56093,143,148,-5,5
56094,84,87,-3,3
56095,132,142,-10,10
56096,74,85,-11,11
56097,109,119,-10,10
56098,86,114,-28,28
56099,111,118,-7,7
56100,49,65,-16,16
56101,73,85,-12,12
56102,125,142,-17,17
56103,75,85,-10,10
56104,78,89,-11,11
56105,99,110,-11,11
56106,103,122,-19,19
56107,106,109,-3,3
56108,57,72,-15,15
56109,139,141,-2,2
56110,90,94,-4,4
56111,67,77,-10,10
56112,60,76,-16,16
56113,46,61,-15,15
56114,56,78,-22,22
56115,135,136,-1,1
56116,52,58,-6,6
56117,102,108,-6,6
56118,79,91,-12,12
56119,75,94,-19,19
56120,118,130,-12,12
56121,107,121,-14,14
56122,24,43,-19,19
56123,102,104,-2,2
56124,78,97,-19,19
56125,94,96,-2,2
56126,109,103,6,6
56127,139,143,-4,4
56128,105,119,-14,14
56129,155,151,4,4
56130,53,67,-14,14
56131,82,105,-23,23
56132,159,160,-1,1
56133,105,110,-5,5
56134,102,112,-10,10
56135,78,93,-15,15
56136,67,76,-9,9
56137,149,151,-2,2
56138,84,97,-13,13
56139,87,104,-17,17
56140,132,147,-15,15
56141,83,94,-11,11
56142,75,86,-11,11
56143,99,107,-8,8
56144,77,99,-22,22
56145,97,103,-6,6
56146,132,121,11,11
56147,105,120,-15,15
56148,105,101,4,4
56149,59,70,-11,11
56150,69,81,-12,12
56151,120,123,-3,3
56152,59,78,-19,19
56153,105,106,-1,1
56154,81,90,-9,9
56155,156,153,3,3
56156,62,84,-22,22
56157,63,81,-18,18
56158,156,147,9,9
56159,48,149,-101,101
56160,81,95,-14,14
56161,78,95,-17,17
56162,72,80,-8,8
56163,110,116,-6,6
56164,76,91,-15,15
56165,82,95,-13,13
56166,76,91,-15,15
56167,106,118,-12,12
56168,109,129,-20,20
56169,96,106,-10,10
56170,129,142,-13,13
56171,71,81,-10,10
56172,124,143,-19,19
56173,107,118,-11,11
56174,97,105,-8,8
56175,113,117,-4,4
56176,152,148,4,4
56177,91,116,-25,25
56178,78,96,-18,18
56179,158,151,7,7
56180,117,125,-8,8
56181,97,113,-16,16
56182,83,91,-8,8
56183,132,137,-5,5
56184,79,91,-12,12
56185,101,117,-16,16
56186,135,136,-1,1
56187,96,90,6,6
56188,82,87,-5,5
56189,70,94,-24,24
56190,110,117,-7,7
56191,141,135,6,6
56192,61,77,-16,16
56193,97,101,-4,4
56194,119,112,7,7
56195,67,84,-17,17
56196,92,117,-25,25
56197,84,85,-1,1
56198,65,79,-14,14
56199,84,98,-14,14
56200,124,126,-2,2
56201,135,140,-5,5
56202,146,139,7,7
56203,109,121,-12,12
56204,145,150,-5,5
56205,89,96,-7,7
56206,136,138,-2,2
56207,85,95,-10,10
56208,55,77,-22,22
56209,92,111,-19,19
56210,61,76,-15,15
56211,132,133,-1,1
56212,65,85,-20,20
56213,112,124,-12,12
56214,107,112,-5,5
56215,48,62,-14,14
56216,55,77,-22,22
56217,109,116,-7,7
56218,136,142,-6,6
56219,94,108,-14,14
56220,45,63,-18,18
56221,139,139,0,0
56222,72,94,-22,22
56223,156,148,8,8
56224,58,76,-18,18
56225,96,98,-2,2
56226,83,94,-11,11
56227,94,101,-7,7
56228,29,50,-21,21
56229,124,134,-10,10
56230,71,91,-20,20
56231,146,140,6,6
56232,97,102,-5,5
56233,104,118,-14,14
56234,32,55,-23,23
56235,140,138,2,2
56236,57,70,-13,13
56237,112,122,-10,10
56238,70,87,-17,17
56239,92,98,-6,6
56240,57,77,-20,20
56241,107,125,-18,18
56242,76,88,-12,12
56243,81,92,-11,11
56244,115,131,-16,16
56245,22,86,-64,64
56246,96,109,-13,13
56247,84,105,-21,21
56248,103,114,-11,11
56249,126,122,4,4
56250,76,87,-11,11
56251,159,150,9,9
56252,74,79,-5,5
56253,87,97,-10,10
56254,46,67,-21,21
56255,33,58,-25,25
56256,76,77,-1,1
56257,98,106,-8,8
56258,73,79,-6,6
56259,105,107,-2,2
56260,51,73,-22,22
56261,94,95,-1,1
56262,54,75,-21,21
56263,86,104,-18,18
56264,60,76,-16,16
56265,144,146,-2,2
56266,74,77,-3,3
56267,90,103,-13,13
56268,100,116,-16,16
56269,107,125,-18,18
56270,129,128,1,1
56271,133,137,-4,4
56272,70,83,-13,13
56273,101,103,-2,2
56274,60,81,-21,21
56275,200,174,26,26
56276,64,74,-10,10
56277,143,144,-1,1
56278,90,100,-10,10
56279,72,82,-10,10
56280,85,100,-15,15
56281,136,144,-8,8
56282,94,113,-19,19
56283,135,132,3,3
56284,102,109,-7,7
56285,71,96,-25,25
56286,74,91,-17,17
56287,122,139,-17,17
56288,86,98,-12,12
56289,40,59,-19,19
56290,109,126,-17,17
56291,113,132,-19,19
56292,110,115,-5,5
56293,68,71,-3,3
56294,130,136,-6,6
56295,89,103,-14,14
56296,106,118,-12,12
56297,98,111,-13,13
56298,71,74,-3,3
56299,128,142,-14,14
56300,158,148,10,10
56301,82,92,-10,10
56302,42,61,-19,19
56303,67,80,-13,13
56304,107,124,-17,17
56305,77,91,-14,14
56306,113,124,-11,11
56307,73,86,-13,13
56308,189,178,11,11
56309,101,113,-12,12
56310,117,137,-20,20
56311,113,125,-12,12
56312,81,88,-7,7
56313,113,118,-5,5
56314,108,117,-9,9
56315,133,148,-15,15
56316,117,124,-7,7
56317,119,126,-7,7
56318,72,80,-8,8
56319,72,98,-26,26
56320,105,119,-14,14
56321,70,82,-12,12
56322,66,78,-12,12
56323,152,147,5,5
56324,89,99,-10,10
56325,20,42,-22,22
56326,72,88,-16,16
56327,89,95,-6,6
56328,83,102,-19,19
56329,121,142,-21,21
56330,119,121,-2,2
56331,101,110,-9,9
56332,84,97,-13,13
56333,78,94,-16,16
56334,166,154,12,12
56335,117,125,-8,8
56336,141,148,-7,7
56337,123,127,-4,4
56338,162,154,8,8
56339,50,68,-18,18
56340,60,71,-11,11
56341,86,102,-16,16
56342,70,83,-13,13
56343,129,139,-10,10
56344,65,80,-15,15
56345,75,95,-20,20
56346,91,87,4,4
56347,55,77,-22,22
56348,82,99,-17,17
56349,102,118,-16,16
56350,74,85,-11,11
56351,84,95,-11,11
56352,128,131,-3,3
56353,91,102,-11,11
56354,120,129,-9,9
56355,85,104,-19,19
56356,108,128,-20,20
56357,72,84,-12,12
56358,90,93,-3,3
56359,85,100,-15,15
56360,112,122,-10,10
56361,148,151,-3,3
56362,105,120,-15,15
56363,44,62,-18,18
56364,42,68,-26,26
56365,103,109,-6,6
56366,93,93,0,0
56367,63,75,-12,12
56368,169,177,-8,8
56369,65,79,-14,14
56370,74,82,-8,8
56371,99,114,-15,15
56372,129,141,-12,12
56373,93,101,-8,8
56374,139,145,-6,6
56375,64,126,-62,62
56376,93,99,-6,6
56377,53,81,-28,28
56378,110,118,-8,8
56379,97,102,-5,5
56380,170,162,8,8
56381,56,78,-22,22
56382,172,169,3,3
56383,71,82,-11,11
56384,161,149,12,12
56385,130,147,-17,17
56386,101,117,-16,16
56387,107,116,-9,9
56388,101,110,-9,9
56389,64,83,-19,19
56390,75,85,-10,10
56391,128,140,-12,12
56392,80,93,-13,13
56393,129,136,-7,7
56394,54,76,-22,22
56395,71,91,-20,20
56396,55,65,-10,10
56397,91,104,-13,13
56398,119,124,-5,5
56399,94,105,-11,11
56400,158,150,8,8
56401,60,79,-19,19
56402,158,157,1,1
56403,56,72,-16,16
56404,121,132,-11,11
56405,79,81,-2,2
56406,120,126,-6,6
56407,64,86,-22,22
56408,62,92,-30,30
56409,80,92,-12,12
56410,135,140,-5,5
56411,102,130,-28,28
56412,115,116,-1,1
56413,142,148,-6,6
56414,115,141,-26,26
56415,119,135,-16,16
56416,138,148,-10,10
56417,97,99,-2,2
56418,80,89,-9,9
56419,97,111,-14,14
56420,111,120,-9,9
56421,91,105,-14,14
56422,95,110,-15,15
56423,91,104,-13,13
56424,101,105,-4,4
56425,130,138,-8,8
56426,89,105,-16,16
56427,86,104,-18,18
56428,178,163,15,15
56429,168,159,9,9
56430,63,75,-12,12
56431,69,78,-9,9
56432,186,164,22,22
56433,143,145,-2,2
56434,76,79,-3,3
56435,87,102,-15,15
56436,46,70,-24,24
56437,81,95,-14,14
56438,43,65,-22,22
56439,125,132,-7,7
56440,190,178,12,12
56441,112,112,0,0
56442,161,156,5,5
56443,119,123,-4,4
56444,98,111,-13,13
56445,122,123,-1,1
56446,94,103,-9,9
56447,68,90,-22,22
56448,103,103,0,0
56449,126,130,-4,4
56450,75,87,-12,12
56451,123,122,1,1
56452,81,92,-11,11
56453,144,151,-7,7
56454,53,64,-11,11
56455,164,150,14,14
56456,60,78,-18,18
56457,117,122,-5,5
56458,121,133,-12,12
56459,90,109,-19,19
56460,86,94,-8,8
56461,63,83,-20,20
56462,147,144,3,3
56463,103,112,-9,9
56464,68,84,-16,16
56465,91,99,-8,8
56466,81,84,-3,3
56467,71,87,-16,16
56468,63,76,-13,13
56469,123,134,-11,11
56470,105,109,-4,4
56471,81,94,-13,13
56472,112,137,-25,25
56473,78,94,-16,16
56474,85,95,-10,10
56475,118,127,-9,9
56476,65,76,-11,11
56477,127,142,-15,15
56478,83,96,-13,13
56479,91,100,-9,9
56480,62,78,-16,16
56481,75,97,-22,22
56482,88,108,-20,20
56483,163,156,7,7
56484,48,76,-28,28
56485,93,116,-23,23
56486,85,95,-10,10
56487,142,147,-5,5
56488,93,112,-19,19
56489,73,86,-13,13
56490,65,81,-16,16
56491,83,97,-14,14
56492,77,87,-10,10
56493,113,122,-9,9
56494,121,125,-4,4
56495,71,91,-20,20
56496,64,77,-13,13
56497,70,93,-23,23
56498,155,160,-5,5
56499,59,74,-15,15
56500,80,88,-8,8
56501,80,96,-16,16
56502,59,76,-17,17
56503,83,90,-7,7
56504,68,77,-9,9
56505,77,99,-22,22
56506,121,125,-4,4
56507,63,84,-21,21
56508,82,94,-12,12
56509,145,149,-4,4
56510,63,84,-21,21
56511,124,133,-9,9
56512,83,101,-18,18
56513,175,168,7,7
56514,185,181,4,4
56515,65,79,-14,14
56516,61,75,-14,14
56517,76,86,-10,10
56518,75,94,-19,19
56519,74,102,-28,28
56520,136,132,4,4
56521,47,66,-19,19
56522,66,73,-7,7
56523,131,138,-7,7
56524,123,120,3,3
56525,118,122,-4,4
56526,58,72,-14,14
56527,89,101,-12,12
56528,156,149,7,7
56529,55,75,-20,20
56530,115,112,3,3
56531,111,117,-6,6
56532,116,136,-20,20
56533,62,84,-22,22
56534,108,114,-6,6
56535,120,138,-18,18
56536,112,124,-12,12
56537,56,77,-21,21
56538,142,148,-6,6
56539,91,91,0,0
56540,86,98,-12,12
56541,121,130,-9,9
56542,80,89,-9,9
56543,103,115,-12,12
56544,76,96,-20,20
56545,100,141,-41,41
56546,94,104,-10,10
56547,117,134,-17,17
56548,84,92,-8,8
56549,87,102,-15,15
56550,127,135,-8,8
56551,90,112,-22,22
56552,96,105,-9,9
56553,56,71,-15,15
56554,74,88,-14,14
56555,98,103,-5,5
56556,107,126,-19,19
56557,125,126,-1,1
56558,66,77,-11,11
56559,91,113,-22,22
56560,154,159,-5,5
56561,151,151,0,0
56562,77,87,-10,10
56563,60,76,-16,16
56564,72,93,-21,21
56565,132,128,4,4
56566,74,89,-15,15
56567,63,77,-14,14
56568,129,137,-8,8
56569,169,162,7,7
56570,88,111,-23,23
56571,129,133,-4,4
56572,140,140,0,0
56573,80,101,-21,21
56574,94,105,-11,11
56575,49,72,-23,23
56576,145,149,-4,4
56577,97,110,-13,13
56578,94,106,-12,12
56579,83,92,-9,9
56580,135,141,-6,6
56581,103,110,-7,7
56582,40,66,-26,26
56583,119,148,-29,29
56584,60,75,-15,15
56585,44,62,-18,18
56586,104,117,-13,13
56587,49,62,-13,13
56588,70,95,-25,25
56589,59,75,-16,16
56590,114,138,-24,24
56591,65,79,-14,14
56592,60,76,-16,16
56593,121,141,-20,20
56594,115,119,-4,4
56595,75,87,-12,12
56596,74,86,-12,12
56597,103,110,-7,7
56598,59,72,-13,13
56599,125,140,-15,15
56600,94,104,-10,10
56601,73,85,-12,12
56602,54,72,-18,18
56603,58,72,-14,14
56604,174,165,9,9
56605,46,59,-13,13
56606,79,93,-14,14
56607,108,110,-2,2
56608,50,76,-26,26
56609,120,121,-1,1
56610,159,151,8,8
56611,171,167,4,4
56612,81,97,-16,16
56613,85,97,-12,12
56614,118,147,-29,29
56615,73,92,-19,19
56616,114,121,-7,7
56617,77,81,-4,4
56618,150,142,8,8
56619,72,92,-20,20
56620,64,100,-36,36
56621,85,105,-20,20
56622,112,127,-15,15
56623,57,70,-13,13
56624,101,105,-4,4
56625,83,97,-14,14
56626,74,85,-11,11
56627,142,146,-4,4
56628,111,110,1,1
56629,135,134,1,1
56630,64,80,-16,16
56631,75,81,-6,6
56632,188,183,5,5
56633,63,100,-37,37
56634,124,124,0,0
56635,42,68,-26,26
56636,136,132,4,4
56637,50,71,-21,21
56638,87,111,-24,24
56639,140,138,2,2
56640,94,105,-11,11
56641,94,105,-11,11
56642,61,89,-28,28
56643,86,102,-16,16
56644,126,122,4,4
56645,63,76,-13,13
56646,82,91,-9,9
56647,140,151,-11,11
56648,134,134,0,0
56649,79,91,-12,12
56650,126,144,-18,18
56651,101,115,-14,14
56652,103,111,-8,8
56653,70,81,-11,11
56654,85,90,-5,5
56655,84,101,-17,17
56656,58,80,-22,22
56657,139,139,0,0
56658,67,92,-25,25
56659,101,116,-15,15
56660,83,99,-16,16
56661,66,76,-10,10
56662,59,71,-12,12
56663,77,90,-13,13
56664,53,75,-22,22
56665,130,135,-5,5
56666,59,82,-23,23
56667,94,97,-3,3
56668,120,126,-6,6
56669,108,110,-2,2
56670,95,99,-4,4
56671,67,79,-12,12
56672,103,112,-9,9
56673,68,78,-10,10
56674,82,94,-12,12
56675,111,123,-12,12
56676,78,90,-12,12
56677,59,77,-18,18
56678,72,91,-19,19
56679,101,104,-3,3
56680,77,96,-19,19
56681,65,78,-13,13
56682,64,84,-20,20
56683,57,79,-22,22
56684,95,111,-16,16
56685,68,82,-14,14
56686,137,134,3,3
56687,65,82,-17,17
56688,82,92,-10,10
56689,73,92,-19,19
56690,96,120,-24,24
56691,110,109,1,1
56692,139,146,-7,7
56693,87,88,-1,1
56694,113,109,4,4
56695,40,54,-14,14
56696,81,94,-13,13
56697,51,73,-22,22
56698,173,157,16,16
56699,72,98,-26,26
56700,107,117,-10,10
56701,112,127,-15,15
56702,125,127,-2,2
56703,56,71,-15,15
56704,141,136,5,5
56705,150,147,3,3
56706,136,146,-10,10
56707,127,129,-2,2
56708,132,145,-13,13
56709,96,100,-4,4
56710,35,64,-29,29
56711,86,94,-8,8
56712,108,110,-2,2
56713,149,147,2,2
56714,103,115,-12,12
56715,144,154,-10,10
56716,135,140,-5,5
56717,112,111,1,1
56718,86,110,-24,24
56719,54,66,-12,12
56720,78,87,-9,9
56721,72,87,-15,15
56722,87,104,-17,17
56723,79,116,-37,37
56724,109,135,-26,26
56725,120,117,3,3
56726,173,158,15,15
56727,57,77,-20,20
56728,40,57,-17,17
56729,82,101,-19,19
56730,70,89,-19,19
56731,86,106,-20,20
56732,98,111,-13,13
56733,134,149,-15,15
56734,45,59,-14,14
56735,129,135,-6,6
56736,68,87,-19,19
56737,91,98,-7,7
56738,113,117,-4,4
56739,52,73,-21,21
56740,94,101,-7,7
56741,94,113,-19,19
56742,113,120,-7,7
56743,128,123,5,5
56744,99,118,-19,19
56745,105,110,-5,5
56746,86,118,-32,32
56747,148,148,0,0
56748,138,132,6,6
56749,99,99,0,0
56750,94,108,-14,14
56751,73,89,-16,16
56752,153,147,6,6
56753,95,109,-14,14
56754,118,135,-17,17
56755,129,136,-7,7
56756,50,76,-26,26
56757,123,128,-5,5
56758,142,145,-3,3
56759,123,130,-7,7
56760,148,147,1,1
56761,107,117,-10,10
56762,98,116,-18,18
56763,112,121,-9,9
56764,137,139,-2,2
56765,106,118,-12,12
56766,97,103,-6,6
56767,96,110,-14,14
56768,245,188,57,57
56769,115,111,4,4
56770,81,89,-8,8
56771,130,125,5,5
56772,86,89,-3,3
56773,128,133,-5,5
56774,73,84,-11,11
56775,110,113,-3,3
56776,130,132,-2,2
56777,97,106,-9,9
56778,80,96,-16,16
56779,91,102,-11,11
56780,88,91,-3,3
56781,105,120,-15,15
56782,75,78,-3,3
56783,93,118,-25,25
56784,115,123,-8,8
56785,133,136,-3,3
56786,142,140,2,2
56787,62,87,-25,25
56788,78,93,-15,15
56789,91,96,-5,5
56790,102,107,-5,5
56791,109,119,-10,10
56792,102,105,-3,3
56793,90,94,-4,4
56794,135,130,5,5
56795,31,65,-34,34
56796,143,147,-4,4
56797,123,123,0,0
56798,102,114,-12,12
56799,59,71,-12,12
56800,83,100,-17,17
56801,99,109,-10,10
56802,50,83,-33,33
56803,168,151,17,17
56804,80,96,-16,16
56805,104,127,-23,23
56806,117,125,-8,8
56807,113,129,-16,16
56808,73,108,-35,35
56809,72,91,-19,19
56810,144,152,-8,8
56811,131,142,-11,11
56812,107,137,-30,30
56813,85,99,-14,14
56814,58,80,-22,22
56815,67,78,-11,11
56816,62,73,-11,11
56817,63,72,-9,9
56818,148,152,-4,4
56819,139,134,5,5
56820,82,102,-20,20
56821,133,139,-6,6
56822,70,91,-21,21
56823,99,113,-14,14
56824,115,121,-6,6
56825,121,131,-10,10
56826,107,124,-17,17
56827,113,110,3,3
56828,61,78,-17,17
56829,80,89,-9,9
56830,78,88,-10,10
56831,68,79,-11,11
56832,122,138,-16,16
56833,109,119,-10,10
56834,71,86,-15,15
56835,60,82,-22,22
56836,125,130,-5,5
56837,68,77,-9,9
56838,114,125,-11,11
56839,93,93,0,0
56840,75,89,-14,14
56841,99,117,-18,18
56842,133,138,-5,5
56843,78,96,-18,18
56844,45,61,-16,16
56845,87,93,-6,6
56846,72,100,-28,28
56847,129,137,-8,8
56848,93,102,-9,9
56849,95,111,-16,16
56850,119,134,-15,15
56851,96,93,3,3
56852,45,60,-15,15
56853,151,147,4,4
56854,75,88,-13,13
56855,84,98,-14,14
56856,75,81,-6,6
56857,97,148,-51,51
56858,79,94,-15,15
56859,132,135,-3,3
56860,108,120,-12,12
56861,115,121,-6,6
56862,89,113,-24,24
56863,84,100,-16,16
56864,132,140,-8,8
56865,94,99,-5,5
56866,182,178,4,4
56867,170,156,14,14
56868,93,104,-11,11
56869,70,89,-19,19
56870,38,61,-23,23
56871,102,120,-18,18
56872,139,138,1,1
56873,97,117,-20,20
56874,87,98,-11,11
56875,86,92,-6,6
56876,76,99,-23,23
56877,91,108,-17,17
56878,81,91,-10,10
56879,86,98,-12,12
56880,90,100,-10,10
56881,73,91,-18,18
56882,122,133,-11,11
56883,81,91,-10,10
56884,182,167,15,15
56885,73,88,-15,15
56886,108,114,-6,6
56887,70,79,-9,9
56888,170,157,13,13
56889,98,107,-9,9
56890,83,96,-13,13
56891,89,106,-17,17
56892,79,94,-15,15
56893,77,95,-18,18
56894,82,103,-21,21
56895,79,93,-14,14
56896,165,151,14,14
56897,57,78,-21,21
56898,94,120,-26,26
56899,101,102,-1,1
56900,170,176,-6,6
56901,68,88,-20,20
56902,121,127,-6,6
56903,137,135,2,2
56904,72,81,-9,9
56905,109,118,-9,9
56906,81,90,-9,9
56907,71,90,-19,19
56908,135,144,-9,9
56909,105,109,-4,4
56910,101,105,-4,4
56911,71,94,-23,23
56912,93,105,-12,12
56913,75,90,-15,15
56914,68,147,-79,79
56915,107,117,-10,10
56916,76,86,-10,10
56917,127,127,0,0
56918,117,132,-15,15
56919,123,119,4,4
56920,158,159,-1,1
56921,96,110,-14,14
56922,44,60,-16,16
56923,100,110,-10,10
56924,69,85,-16,16
56925,77,96,-19,19
56926,66,86,-20,20
56927,71,77,-6,6
56928,117,124,-7,7
56929,103,120,-17,17
56930,99,113,-14,14
56931,131,139,-8,8
56932,50,62,-12,12
56933,39,56,-17,17
56934,74,86,-12,12
56935,51,65,-14,14
56936,91,105,-14,14
56937,104,120,-16,16
56938,76,87,-11,11
56939,126,140,-14,14
56940,79,90,-11,11
56941,88,111,-23,23
56942,103,115,-12,12
56943,156,150,6,6
56944,153,150,3,3
56945,82,93,-11,11
56946,69,91,-22,22
56947,85,100,-15,15
56948,90,114,-24,24
56949,118,122,-4,4
56950,113,124,-11,11
56951,63,84,-21,21
56952,39,62,-23,23
56953,125,131,-6,6
56954,111,144,-33,33
56955,85,94,-9,9
56956,69,86,-17,17
56957,164,155,9,9
56958,115,124,-9,9
56959,100,132,-32,32
56960,97,110,-13,13
56961,76,100,-24,24
56962,109,130,-21,21
56963,122,129,-7,7
56964,75,94,-19,19
56965,94,105,-11,11
56966,73,83,-10,10
56967,138,138,0,0
56968,109,105,4,4
56969,84,100,-16,16
56970,65,79,-14,14
56971,97,106,-9,9
56972,150,148,2,2
56973,158,155,3,3
56974,74,93,-19,19
56975,64,83,-19,19
56976,102,116,-14,14
56977,83,107,-24,24
56978,181,159,22,22
56979,149,148,1,1
56980,67,77,-10,10
56981,108,122,-14,14
56982,126,133,-7,7
56983,129,132,-3,3
56984,123,129,-6,6
56985,88,95,-7,7
56986,79,103,-24,24
56987,122,118,4,4
56988,88,93,-5,5
56989,129,141,-12,12
56990,82,91,-9,9
56991,72,89,-17,17
56992,116,121,-5,5
56993,93,104,-11,11
56994,82,92,-10,10
56995,153,156,-3,3
56996,169,154,15,15
56997,79,103,-24,24
56998,92,101,-9,9
56999,123,124,-1,1
57000,75,102,-27,27
57001,162,164,-2,2
57002,79,90,-11,11
57003,90,101,-11,11
57004,74,99,-25,25
57005,130,134,-4,4
57006,128,128,0,0
57007,75,101,-26,26
57008,86,102,-16,16
57009,111,124,-13,13
57010,100,107,-7,7
57011,57,74,-17,17
57012,126,130,-4,4
57013,61,78,-17,17
57014,79,91,-12,12
57015,80,85,-5,5
57016,49,70,-21,21
57017,83,98,-15,15
57018,65,84,-19,19
57019,76,90,-14,14
57020,99,108,-9,9
57021,152,147,5,5
57022,74,89,-15,15
57023,90,102,-12,12
57024,116,133,-17,17
57025,150,152,-2,2
57026,98,122,-24,24
57027,136,133,3,3
57028,109,118,-9,9
57029,131,149,-18,18
57030,44,65,-21,21
57031,52,68,-16,16
57032,73,84,-11,11
57033,160,148,12,12
57034,104,114,-10,10
57035,71,80,-9,9
57036,52,71,-19,19
57037,69,78,-9,9
57038,120,125,-5,5
57039,51,59,-8,8
57040,65,85,-20,20
57041,93,100,-7,7
57042,62,95,-33,33
57043,108,112,-4,4
57044,86,106,-20,20
57045,65,85,-20,20
57046,151,153,-2,2
57047,82,101,-19,19
57048,54,69,-15,15
57049,57,74,-17,17
57050,87,102,-15,15
57051,75,92,-17,17
57052,76,90,-14,14
57053,144,150,-6,6
57054,82,100,-18,18
57055,70,82,-12,12
57056,65,82,-17,17
57057,130,141,-11,11
57058,179,182,-3,3
57059,143,150,-7,7
57060,128,136,-8,8
57061,59,74,-15,15
57062,141,142,-1,1
57063,91,98,-7,7
57064,117,120,-3,3
57065,103,114,-11,11
57066,102,120,-18,18
57067,150,142,8,8
57068,91,98,-7,7
57069,82,99,-17,17
57070,72,79,-7,7
57071,146,141,5,5
57072,51,70,-19,19
57073,119,134,-15,15
57074,94,109,-15,15
57075,113,114,-1,1
57076,115,120,-5,5
57077,50,68,-18,18
57078,72,102,-30,30
57079,127,131,-4,4
57080,67,108,-41,41
57081,76,91,-15,15
57082,96,118,-22,22
57083,137,151,-14,14
57084,189,179,10,10
57085,83,98,-15,15
57086,90,104,-14,14
57087,85,97,-12,12
57088,99,108,-9,9
57089,88,100,-12,12
57090,163,162,1,1
57091,78,92,-14,14
57092,63,74,-11,11
57093,87,103,-16,16
57094,81,95,-14,14
57095,117,138,-21,21
57096,86,91,-5,5
57097,97,107,-10,10
57098,120,127,-7,7
57099,61,71,-10,10
57100,109,121,-12,12
57101,82,96,-14,14
57102,98,100,-2,2
57103,100,106,-6,6
57104,114,113,1,1
57105,61,79,-18,18
57106,88,106,-18,18
57107,75,91,-16,16
57108,96,111,-15,15
57109,125,138,-13,13
57110,216,196,20,20
57111,91,101,-10,10
57112,149,165,-16,16
57113,104,107,-3,3
57114,69,84,-15,15
57115,65,82,-17,17
57116,116,118,-2,2
57117,66,80,-14,14
57118,53,73,-20,20
57119,61,84,-23,23
57120,106,119,-13,13
57121,118,119,-1,1
57122,145,147,-2,2
57123,90,102,-12,12
57124,76,86,-10,10
57125,48,64,-16,16
57126,38,56,-18,18
57127,65,81,-16,16
57128,98,104,-6,6
57129,48,77,-29,29
57130,93,107,-14,14
57131,117,131,-14,14
57132,66,80,-14,14
57133,110,112,-2,2
57134,121,131,-10,10
57135,95,101,-6,6
57136,81,95,-14,14
57137,48,75,-27,27
57138,80,97,-17,17
57139,136,151,-15,15
57140,55,71,-16,16
57141,110,121,-11,11
57142,104,128,-24,24
57143,89,98,-9,9
57144,90,115,-25,25
57145,111,123,-12,12
57146,85,103,-18,18
57147,113,122,-9,9
57148,100,113,-13,13
57149,147,146,1,1
57150,86,104,-18,18
57151,76,92,-16,16
57152,164,148,16,16
57153,130,126,4,4
57154,99,104,-5,5
57155,40,61,-21,21
57156,175,176,-1,1
57157,148,147,1,1
57158,106,121,-15,15
57159,152,147,5,5
57160,91,107,-16,16
57161,98,107,-9,9
57162,51,75,-24,24
57163,88,104,-16,16
57164,89,99,-10,10
57165,63,75,-12,12
57166,84,97,-13,13
57167,75,85,-10,10
57168,117,121,-4,4
57169,111,120,-9,9
57170,134,151,-17,17
57171,81,101,-20,20
57172,101,113,-12,12
57173,61,73,-12,12
57174,116,126,-10,10
57175,77,98,-21,21
57176,121,129,-8,8
57177,101,107,-6,6
57178,22,49,-27,27
57179,89,100,-11,11
57180,134,142,-8,8
57181,132,144,-12,12
57182,48,65,-17,17
57183,102,108,-6,6
57184,90,94,-4,4
57185,89,106,-17,17
57186,109,125,-16,16
57187,164,150,14,14
57188,93,106,-13,13
57189,93,108,-15,15
57190,63,87,-24,24
57191,99,111,-12,12
57192,72,83,-11,11
57193,85,98,-13,13
57194,76,90,-14,14
57195,85,94,-9,9
57196,125,109,16,16
57197,63,77,-14,14
57198,47,71,-24,24
57199,123,133,-10,10
57200,88,108,-20,20
57201,75,85,-10,10
57202,78,92,-14,14
57203,73,85,-12,12
57204,113,138,-25,25
57205,88,96,-8,8
57206,91,92,-1,1
57207,99,108,-9,9
57208,92,110,-18,18
57209,102,120,-18,18
57210,84,101,-17,17
57211,153,150,3,3
57212,117,133,-16,16
57213,61,78,-17,17
57214,81,91,-10,10
57215,148,149,-1,1
57216,88,90,-2,2
57217,109,118,-9,9
57218,124,126,-2,2
57219,44,68,-24,24
57220,75,91,-16,16
57221,107,119,-12,12
57222,74,91,-17,17
57223,75,82,-7,7
57224,97,103,-6,6
57225,95,98,-3,3
57226,72,84,-12,12
57227,71,83,-12,12
57228,100,112,-12,12
57229,110,109,1,1
57230,67,75,-8,8
57231,59,72,-13,13
57232,162,152,10,10
57233,97,114,-17,17
57234,66,85,-19,19
57235,87,97,-10,10
57236,142,151,-9,9
57237,77,96,-19,19
57238,61,72,-11,11
57239,61,131,-70,70
57240,131,130,1,1
57241,84,95,-11,11
57242,77,95,-18,18
57243,60,74,-14,14
57244,77,94,-17,17
57245,47,64,-17,17
57246,71,92,-21,21
57247,118,130,-12,12
57248,105,127,-22,22
57249,137,144,-7,7
57250,48,78,-30,30
57251,81,95,-14,14
57252,105,116,-11,11
57253,107,115,-8,8
57254,149,147,2,2
57255,88,102,-14,14
57256,104,106,-2,2
57257,130,126,4,4
57258,118,128,-10,10
57259,50,85,-35,35
57260,113,114,-1,1
57261,48,66,-18,18
57262,105,119,-14,14
57263,63,86,-23,23
57264,63,79,-16,16
57265,65,86,-21,21
57266,105,119,-14,14
57267,38,58,-20,20
57268,57,71,-14,14
57269,94,103,-9,9
57270,87,94,-7,7
57271,68,82,-14,14
57272,66,89,-23,23
57273,87,99,-12,12
57274,121,126,-5,5
57275,104,111,-7,7
57276,124,136,-12,12
57277,158,148,10,10
57278,30,52,-22,22
57279,101,131,-30,30
57280,86,90,-4,4
57281,93,99,-6,6
57282,123,146,-23,23
57283,102,105,-3,3
57284,142,155,-13,13
57285,61,92,-31,31
57286,75,92,-17,17
57287,125,141,-16,16
57288,95,106,-11,11
57289,171,160,11,11
57290,96,142,-46,46
57291,123,133,-10,10
57292,106,123,-17,17
57293,62,75,-13,13
57294,87,97,-10,10
57295,57,72,-15,15
57296,56,65,-9,9
57297,124,131,-7,7
57298,81,93,-12,12
57299,109,109,0,0
57300,165,170,-5,5
57301,171,175,-4,4
57302,104,114,-10,10
57303,59,80,-21,21
57304,40,62,-22,22
57305,74,112,-38,38
57306,127,135,-8,8
57307,73,95,-22,22
57308,130,134,-4,4
57309,47,80,-33,33
57310,59,74,-15,15
57311,156,147,9,9
57312,101,105,-4,4
57313,89,96,-7,7
57314,95,106,-11,11
57315,60,84,-24,24
57316,91,103,-12,12
57317,74,90,-16,16
57318,160,146,14,14
57319,114,119,-5,5
57320,148,147,1,1
57321,80,88,-8,8
57322,24,46,-22,22
57323,52,71,-19,19
57324,259,224,35,35
57325,44,61,-17,17
57326,149,148,1,1
57327,57,75,-18,18
57328,126,141,-15,15
57329,142,142,0,0
57330,111,125,-14,14
57331,167,158,9,9
57332,76,91,-15,15
57333,69,82,-13,13
57334,110,129,-19,19
57335,92,118,-26,26
57336,99,99,0,0
57337,95,109,-14,14
57338,114,114,0,0
57339,91,106,-15,15
57340,104,113,-9,9
57341,84,97,-13,13
57342,164,150,14,14
57343,44,67,-23,23
57344,75,84,-9,9
57345,95,102,-7,7
57346,27,52,-25,25
57347,81,99,-18,18
57348,72,86,-14,14
57349,100,104,-4,4
57350,131,126,5,5
57351,61,84,-23,23
57352,89,99,-10,10
57353,65,82,-17,17
57354,53,77,-24,24
57355,103,124,-21,21
57356,129,135,-6,6
57357,114,114,0,0
57358,102,112,-10,10
57359,87,103,-16,16
57360,77,83,-6,6
57361,72,93,-21,21
57362,71,87,-16,16
57363,67,74,-7,7
57364,116,126,-10,10
57365,102,107,-5,5
57366,83,90,-7,7
57367,55,69,-14,14
57368,71,94,-23,23
57369,84,90,-6,6
57370,98,110,-12,12
57371,101,105,-4,4
57372,82,86,-4,4
57373,117,128,-11,11
57374,126,139,-13,13
57375,66,89,-23,23
57376,81,100,-19,19
57377,189,188,1,1
57378,90,102,-12,12
57379,86,92,-6,6
57380,107,113,-6,6
57381,117,148,-31,31
57382,54,69,-15,15
57383,81,99,-18,18
57384,85,93,-8,8
57385,88,105,-17,17
57386,57,76,-19,19
57387,103,117,-14,14
57388,103,110,-7,7
57389,95,109,-14,14
57390,107,114,-7,7
57391,91,99,-8,8
57392,111,139,-28,28
57393,200,182,18,18
57394,83,99,-16,16
57395,86,97,-11,11
57396,80,95,-15,15
57397,109,120,-11,11
57398,69,82,-13,13
57399,78,90,-12,12
57400,70,96,-26,26
57401,77,93,-16,16
57402,69,77,-8,8
57403,96,97,-1,1
57404,121,148,-27,27
57405,90,109,-19,19
57406,152,148,4,4
57407,91,99,-8,8
57408,89,101,-12,12
57409,104,107,-3,3
57410,88,88,0,0
57411,113,118,-5,5
57412,81,104,-23,23
57413,92,98,-6,6
57414,112,111,1,1
57415,113,128,-15,15
57416,119,121,-2,2
57417,68,85,-17,17
57418,183,157,26,26
57419,154,148,6,6
57420,115,125,-10,10
57421,173,189,-16,16
57422,108,112,-4,4
57423,124,144,-20,20
57424,71,79,-8,8
57425,84,88,-4,4
57426,80,93,-13,13
57427,90,113,-23,23
57428,74,82,-8,8
57429,89,92,-3,3
57430,81,102,-21,21
57431,100,102,-2,2
57432,136,144,-8,8
57433,55,70,-15,15
57434,105,119,-14,14
57435,77,86,-9,9
57436,192,182,10,10
57437,99,101,-2,2
57438,90,101,-11,11
57439,134,134,0,0
57440,113,119,-6,6
57441,90,97,-7,7
57442,150,141,9,9
57443,52,70,-18,18
57444,102,111,-9,9
57445,55,68,-13,13
57446,110,121,-11,11
57447,57,72,-15,15
57448,57,78,-21,21
57449,97,108,-11,11
57450,117,129,-12,12
57451,83,100,-17,17
57452,121,123,-2,2
57453,58,76,-18,18
57454,101,110,-9,9
57455,63,82,-19,19
57456,105,116,-11,11
57457,94,100,-6,6
57458,138,144,-6,6
57459,62,76,-14,14
57460,113,130,-17,17
57461,50,70,-20,20
57462,90,107,-17,17
57463,135,145,-10,10
57464,68,75,-7,7
57465,94,109,-15,15
57466,63,76,-13,13
57467,179,162,17,17
57468,78,87,-9,9
57469,197,170,27,27
57470,124,137,-13,13
57471,115,137,-22,22
57472,105,110,-5,5
57473,135,144,-9,9
57474,59,81,-22,22
57475,75,106,-31,31
57476,131,133,-2,2
57477,125,137,-12,12
57478,82,104,-22,22
57479,193,181,12,12
57480,23,45,-22,22
57481,67,79,-12,12
57482,204,185,19,19
57483,78,94,-16,16
57484,95,119,-24,24
57485,143,148,-5,5
57486,69,82,-13,13
57487,78,86,-8,8
57488,185,175,10,10
57489,60,77,-17,17
57490,93,96,-3,3
57491,49,68,-19,19
57492,151,141,10,10
57493,93,100,-7,7
57494,109,114,-5,5
57495,58,71,-13,13
57496,132,125,7,7
57497,85,89,-4,4
57498,118,111,7,7
57499,69,85,-16,16
57500,76,90,-14,14
57501,68,90,-22,22
57502,68,83,-15,15
57503,103,124,-21,21
57504,116,123,-7,7
57505,189,162,27,27
57506,64,82,-18,18
57507,54,68,-14,14
57508,99,112,-13,13
57509,140,139,1,1
57510,52,63,-11,11
57511,144,148,-4,4
57512,96,110,-14,14
57513,60,101,-41,41
57514,131,138,-7,7
57515,101,125,-24,24
57516,21,68,-47,47
57517,77,88,-11,11
57518,94,107,-13,13
57519,64,78,-14,14
57520,77,85,-8,8
57521,89,103,-14,14
57522,68,83,-15,15
57523,100,93,7,7
57524,94,106,-12,12
57525,99,106,-7,7
57526,104,117,-13,13
57527,76,90,-14,14
57528,41,60,-19,19
57529,89,95,-6,6
57530,159,145,14,14
57531,145,136,9,9
57532,89,95,-6,6
57533,117,129,-12,12
57534,56,76,-20,20
57535,112,120,-8,8
57536,59,72,-13,13
57537,54,71,-17,17
57538,83,92,-9,9
57539,70,88,-18,18
57540,64,79,-15,15
57541,134,143,-9,9
57542,107,130,-23,23
57543,81,94,-13,13
57544,117,132,-15,15
57545,123,135,-12,12
57546,114,113,1,1
57547,173,157,16,16
57548,79,85,-6,6
57549,117,117,0,0
57550,32,56,-24,24
57551,87,98,-11,11
57552,189,181,8,8
57553,70,94,-24,24
57554,155,141,14,14
57555,81,98,-17,17
57556,168,158,10,10
57557,114,123,-9,9
57558,153,158,-5,5
57559,124,127,-3,3
57560,51,62,-11,11
57561,105,121,-16,16
57562,101,126,-25,25
57563,86,100,-14,14
57564,129,131,-2,2
57565,122,125,-3,3
57566,149,147,2,2
57567,85,92,-7,7
57568,73,85,-12,12
57569,66,83,-17,17
57570,180,158,22,22
57571,33,48,-15,15
57572,70,89,-19,19
57573,101,129,-28,28
57574,89,105,-16,16
57575,120,130,-10,10
57576,121,123,-2,2
57577,91,105,-14,14
57578,90,100,-10,10
57579,121,126,-5,5
57580,154,155,-1,1
57581,110,115,-5,5
57582,65,75,-10,10
57583,107,134,-27,27
57584,141,141,0,0
57585,61,82,-21,21
57586,119,133,-14,14
57587,135,145,-10,10
57588,185,160,25,25
57589,46,64,-18,18
57590,89,101,-12,12
57591,134,140,-6,6
57592,102,110,-8,8
57593,138,147,-9,9
57594,104,109,-5,5
57595,176,161,15,15
57596,112,120,-8,8
57597,135,142,-7,7
57598,119,128,-9,9
57599,82,90,-8,8
57600,99,113,-14,14
57601,119,122,-3,3
57602,98,118,-20,20
57603,96,111,-15,15
57604,90,114,-24,24
57605,81,89,-8,8
57606,65,81,-16,16
57607,120,126,-6,6
57608,90,98,-8,8
57609,80,97,-17,17
57610,81,101,-20,20
57611,78,112,-34,34
57612,82,88,-6,6
57613,155,144,11,11
57614,77,86,-9,9
57615,116,130,-14,14
57616,78,91,-13,13
57617,69,79,-10,10
57618,64,81,-17,17
57619,88,102,-14,14
57620,56,70,-14,14
57621,62,80,-18,18
57622,49,73,-24,24
57623,120,117,3,3
57624,154,150,4,4
57625,86,102,-16,16
57626,61,82,-21,21
57627,66,79,-13,13
57628,145,134,11,11
57629,83,102,-19,19
57630,136,134,2,2
57631,88,106,-18,18
57632,71,93,-22,22
57633,93,98,-5,5
57634,97,105,-8,8
57635,94,98,-4,4
57636,97,113,-16,16
57637,57,82,-25,25
57638,142,143,-1,1
57639,119,124,-5,5
57640,87,108,-21,21
57641,131,146,-15,15
57642,119,133,-14,14
57643,76,85,-9,9
57644,55,67,-12,12
57645,106,110,-4,4
57646,70,91,-21,21
57647,103,114,-11,11
57648,96,102,-6,6
57649,150,149,1,1
57650,128,141,-13,13
57651,38,60,-22,22
57652,65,89,-24,24
57653,79,85,-6,6
57654,96,101,-5,5
57655,88,92,-4,4
57656,185,197,-12,12
57657,81,89,-8,8
57658,151,146,5,5
57659,94,104,-10,10
57660,72,89,-17,17
57661,110,118,-8,8
57662,109,110,-1,1
57663,80,89,-9,9
57664,68,87,-19,19
57665,111,109,2,2
57666,67,89,-22,22
57667,95,104,-9,9
57668,114,126,-12,12
57669,51,69,-18,18
57670,111,117,-6,6
57671,118,118,0,0
57672,157,146,11,11
57673,82,98,-16,16
57674,119,109,10,10
57675,73,85,-12,12
57676,88,95,-7,7
57677,46,62,-16,16
57678,61,80,-19,19
57679,81,96,-15,15
57680,117,131,-14,14
57681,87,100,-13,13
57682,71,77,-6,6
57683,70,81,-11,11
57684,98,120,-22,22
57685,89,104,-15,15
57686,100,107,-7,7
57687,124,122,2,2
57688,166,154,12,12
57689,90,103,-13,13
57690,43,63,-20,20
57691,175,157,18,18
57692,104,117,-13,13
57693,180,171,9,9
57694,57,70,-13,13
57695,36,65,-29,29
57696,144,154,-10,10
57697,136,139,-3,3
57698,56,72,-16,16
57699,93,107,-14,14
57700,91,101,-10,10
57701,98,107,-9,9
57702,82,82,0,0
57703,101,122,-21,21
57704,113,127,-14,14
57705,53,75,-22,22
57706,55,73,-18,18
57707,120,122,-2,2
57708,105,113,-8,8
57709,71,87,-16,16
57710,78,89,-11,11
57711,165,160,5,5
57712,82,99,-17,17
57713,126,128,-2,2
57714,114,119,-5,5
57715,143,145,-2,2
57716,118,124,-6,6
57717,94,107,-13,13
57718,41,58,-17,17
57719,67,77,-10,10
57720,83,92,-9,9
57721,119,111,8,8
57722,62,80,-18,18
57723,55,67,-12,12
57724,95,108,-13,13
57725,91,111,-20,20
57726,68,89,-21,21
57727,144,150,-6,6
57728,64,78,-14,14
57729,43,73,-30,30
57730,81,98,-17,17
57731,94,92,2,2
57732,77,92,-15,15
57733,167,166,1,1
57734,51,73,-22,22
57735,117,119,-2,2
57736,93,104,-11,11
57737,71,87,-16,16
57738,64,83,-19,19
57739,168,156,12,12
57740,98,109,-11,11
57741,38,56,-18,18
57742,124,125,-1,1
57743,104,122,-18,18
57744,45,62,-17,17
57745,36,60,-24,24
57746,82,92,-10,10
57747,120,120,0,0
57748,108,129,-21,21
57749,43,62,-19,19
57750,85,96,-11,11
57751,146,148,-2,2
57752,82,108,-26,26
57753,115,119,-4,4
57754,98,97,1,1
57755,87,93,-6,6
57756,124,138,-14,14
57757,86,96,-10,10
57758,92,119,-27,27
57759,109,103,6,6
57760,125,130,-5,5
57761,140,150,-10,10
57762,84,118,-34,34
57763,66,77,-11,11
57764,131,130,1,1
57765,81,88,-7,7
57766,88,98,-10,10
57767,143,153,-10,10
57768,74,92,-18,18
57769,118,134,-16,16
57770,56,77,-21,21
57771,61,78,-17,17
57772,112,124,-12,12
57773,119,118,1,1
57774,102,105,-3,3
57775,101,136,-35,35
57776,71,81,-10,10
57777,118,125,-7,7
57778,119,142,-23,23
57779,83,94,-11,11
57780,133,131,2,2
57781,57,72,-15,15
57782,87,103,-16,16
57783,6,44,-38,38
57784,76,101,-25,25
57785,124,127,-3,3
57786,28,46,-18,18
57787,65,78,-13,13
57788,86,91,-5,5
57789,111,124,-13,13
57790,59,82,-23,23
57791,94,106,-12,12
57792,97,124,-27,27
57793,115,125,-10,10
57794,75,90,-15,15
57795,144,144,0,0
57796,86,108,-22,22
57797,74,88,-14,14
57798,102,115,-13,13
57799,79,86,-7,7
57800,99,106,-7,7
57801,140,152,-12,12
57802,101,111,-10,10
57803,156,148,8,8
57804,92,99,-7,7
57805,70,82,-12,12
57806,59,87,-28,28
57807,116,121,-5,5
57808,138,143,-5,5
57809,136,147,-11,11
57810,61,74,-13,13
57811,53,69,-16,16
57812,79,84,-5,5
57813,90,97,-7,7
57814,127,130,-3,3
57815,177,151,26,26
57816,110,132,-22,22
57817,129,134,-5,5
57818,106,134,-28,28
57819,74,90,-16,16
57820,154,155,-1,1
57821,129,136,-7,7
57822,73,86,-13,13
57823,77,98,-21,21
57824,84,102,-18,18
57825,103,106,-3,3
57826,90,136,-46,46
57827,109,119,-10,10
57828,68,76,-8,8
57829,72,80,-8,8
57830,105,124,-19,19
57831,65,79,-14,14
57832,95,103,-8,8
57833,133,139,-6,6
57834,103,104,-1,1
57835,107,123,-16,16
57836,79,86,-7,7
57837,116,118,-2,2
57838,91,95,-4,4
57839,72,97,-25,25
57840,66,100,-34,34
57841,147,145,2,2
57842,90,113,-23,23
57843,192,206,-14,14
57844,98,122,-24,24
57845,105,110,-5,5
57846,44,67,-23,23
57847,102,101,1,1
57848,82,101,-19,19
57849,107,116,-9,9
57850,102,109,-7,7
57851,135,134,1,1
57852,157,146,11,11
57853,61,68,-7,7
57854,155,149,6,6
57855,121,140,-19,19
57856,77,86,-9,9
57857,142,145,-3,3
57858,95,103,-8,8
57859,104,109,-5,5
57860,77,92,-15,15
57861,135,139,-4,4
57862,101,109,-8,8
57863,65,79,-14,14
57864,108,116,-8,8
57865,46,67,-21,21
57866,196,184,12,12
57867,83,100,-17,17
57868,92,97,-5,5
57869,66,77,-11,11
57870,87,97,-10,10
57871,76,87,-11,11
57872,24,66,-42,42
57873,94,116,-22,22
57874,85,87,-2,2
57875,147,188,-41,41
57876,104,122,-18,18
57877,97,105,-8,8
57878,159,147,12,12
57879,103,110,-7,7
57880,114,126,-12,12
57881,133,143,-10,10
57882,66,79,-13,13
57883,101,114,-13,13
57884,71,84,-13,13
57885,85,98,-13,13
57886,87,89,-2,2
57887,116,108,8,8
57888,88,92,-4,4
57889,64,76,-12,12
57890,48,71,-23,23
57891,55,70,-15,15
57892,61,102,-41,41
57893,86,108,-22,22
57894,56,72,-16,16
57895,58,67,-9,9
57896,77,90,-13,13
57897,70,90,-20,20
57898,78,99,-21,21
57899,136,138,-2,2
57900,69,85,-16,16
57901,68,80,-12,12
57902,102,109,-7,7
57903,67,79,-12,12
57904,82,90,-8,8
57905,54,67,-13,13
57906,70,88,-18,18
57907,83,95,-12,12
57908,129,127,2,2
57909,43,58,-15,15
57910,46,73,-27,27
57911,119,130,-11,11
57912,50,67,-17,17
57913,76,92,-16,16
57914,168,156,12,12
57915,83,94,-11,11
57916,116,116,0,0
57917,121,144,-23,23
57918,96,113,-17,17
57919,126,141,-15,15
57920,86,100,-14,14
57921,85,91,-6,6
57922,93,92,1,1
57923,52,70,-18,18
57924,129,136,-7,7
57925,87,97,-10,10
57926,38,60,-22,22
57927,61,89,-28,28
57928,77,88,-11,11
57929,73,87,-14,14
57930,143,150,-7,7
57931,59,79,-20,20
57932,57,75,-18,18
57933,64,79,-15,15
57934,140,142,-2,2
57935,109,124,-15,15
57936,91,100,-9,9
57937,64,77,-13,13
57938,105,103,2,2
57939,121,118,3,3
57940,65,76,-11,11
57941,80,98,-18,18
57942,75,92,-17,17
57943,90,94,-4,4
57944,93,115,-22,22
57945,60,79,-19,19
57946,75,88,-13,13
57947,97,110,-13,13
57948,130,132,-2,2
57949,111,113,-2,2
57950,82,90,-8,8
57951,102,108,-6,6
57952,72,85,-13,13
57953,180,180,0,0
57954,71,94,-23,23
57955,92,101,-9,9
57956,109,118,-9,9
57957,113,115,-2,2
57958,117,141,-24,24
57959,105,114,-9,9
57960,85,95,-10,10
57961,75,79,-4,4
57962,77,90,-13,13
57963,79,92,-13,13
57964,106,110,-4,4
57965,52,78,-26,26
57966,107,99,8,8
57967,89,101,-12,12
57968,150,148,2,2
57969,84,101,-17,17
57970,78,94,-16,16
57971,124,128,-4,4
57972,58,74,-16,16
57973,110,120,-10,10
57974,108,117,-9,9
57975,95,120,-25,25
57976,139,132,7,7
57977,92,104,-12,12
57978,63,83,-20,20
57979,81,97,-16,16
57980,103,106,-3,3
57981,75,88,-13,13
57982,75,102,-27,27
57983,125,131,-6,6
57984,98,121,-23,23
57985,101,110,-9,9
57986,73,95,-22,22
57987,95,104,-9,9
57988,120,119,1,1
57989,90,114,-24,24
57990,178,156,22,22
57991,111,127,-16,16
57992,90,100,-10,10
57993,91,89,2,2
57994,92,91,1,1
57995,77,92,-15,15
57996,87,94,-7,7
57997,121,128,-7,7
57998,99,102,-3,3
57999,119,134,-15,15
58000,85,111,-26,26
58001,102,114,-12,12
58002,102,107,-5,5
58003,68,79,-11,11
58004,159,147,12,12
58005,91,89,2,2
58006,85,105,-20,20
58007,77,100,-23,23
58008,136,145,-9,9
58009,182,164,18,18
58010,101,112,-11,11
58011,63,71,-8,8
58012,89,113,-24,24
58013,78,92,-14,14
58014,104,108,-4,4
58015,113,122,-9,9
58016,88,99,-11,11
58017,87,97,-10,10
58018,182,161,21,21
58019,97,103,-6,6
58020,123,129,-6,6
58021,93,129,-36,36
58022,77,80,-3,3
58023,87,96,-9,9
58024,71,87,-16,16
58025,60,73,-13,13
58026,95,111,-16,16
58027,92,96,-4,4
58028,78,88,-10,10
58029,84,103,-19,19
58030,153,148,5,5
58031,140,148,-8,8
58032,99,100,-1,1
58033,57,73,-16,16
58034,83,99,-16,16
58035,79,89,-10,10
58036,87,101,-14,14
58037,85,111,-26,26
58038,80,98,-18,18
58039,69,87,-18,18
58040,68,84,-16,16
58041,94,107,-13,13
58042,79,98,-19,19
58043,115,121,-6,6
58044,59,75,-16,16
58045,183,184,-1,1
58046,64,77,-13,13
58047,109,117,-8,8
58048,54,64,-10,10
58049,62,73,-11,11
58050,69,95,-26,26
58051,62,72,-10,10
58052,71,86,-15,15
58053,140,142,-2,2
58054,73,88,-15,15
58055,124,132,-8,8
58056,86,105,-19,19
58057,142,151,-9,9
58058,170,163,7,7
58059,69,81,-12,12
58060,124,137,-13,13
58061,123,135,-12,12
58062,104,100,4,4
58063,65,86,-21,21
58064,110,119,-9,9
58065,80,90,-10,10
58066,66,83,-17,17
58067,96,102,-6,6
58068,116,129,-13,13
58069,74,80,-6,6
58070,59,76,-17,17
58071,64,71,-7,7
58072,115,126,-11,11
58073,89,97,-8,8
58074,136,136,0,0
58075,51,64,-13,13
58076,73,83,-10,10
58077,68,92,-24,24
58078,116,121,-5,5
58079,135,147,-12,12
58080,29,54,-25,25
58081,96,100,-4,4
58082,38,57,-19,19
58083,170,162,8,8
58084,125,133,-8,8
58085,160,148,12,12
58086,108,127,-19,19
58087,144,147,-3,3
58088,70,78,-8,8
58089,100,104,-4,4
58090,62,75,-13,13
58091,129,131,-2,2
58092,99,100,-1,1
58093,93,108,-15,15
58094,108,106,2,2
58095,59,72,-13,13
58096,43,71,-28,28
58097,119,119,0,0
58098,71,77,-6,6
58099,147,158,-11,11
58100,60,75,-15,15
58101,79,98,-19,19
58102,64,80,-16,16
58103,73,87,-14,14
58104,105,119,-14,14
58105,80,88,-8,8
58106,79,95,-16,16
58107,90,100,-10,10
58108,89,92,-3,3
58109,73,83,-10,10
58110,113,125,-12,12
58111,78,95,-17,17
58112,63,96,-33,33
58113,142,141,1,1
58114,145,154,-9,9
58115,95,110,-15,15
58116,101,111,-10,10
58117,126,122,4,4
58118,154,147,7,7
58119,184,155,29,29
58120,116,131,-15,15
58121,84,100,-16,16
58122,129,141,-12,12
58123,74,87,-13,13
58124,97,106,-9,9
58125,88,117,-29,29
58126,102,117,-15,15
58127,69,85,-16,16
58128,73,93,-20,20
58129,77,79,-2,2
58130,98,106,-8,8
58131,78,94,-16,16
58132,108,102,6,6
58133,78,91,-13,13
58134,86,107,-21,21
58135,70,79,-9,9
58136,70,87,-17,17
58137,78,87,-9,9
58138,81,88,-7,7
58139,55,78,-23,23
58140,37,57,-20,20
58141,80,91,-11,11
58142,68,83,-15,15
58143,130,137,-7,7
58144,100,105,-5,5
58145,71,88,-17,17
58146,97,107,-10,10
58147,147,148,-1,1
58148,93,109,-16,16
58149,165,160,5,5
58150,70,86,-16,16
58151,59,82,-23,23
58152,46,67,-21,21
58153,132,126,6,6
58154,90,91,-1,1
58155,208,182,26,26
58156,124,141,-17,17
58157,92,111,-19,19
58158,75,89,-14,14
58159,103,114,-11,11
58160,47,68,-21,21
58161,72,78,-6,6
58162,65,83,-18,18
58163,107,121,-14,14
58164,131,138,-7,7
58165,67,87,-20,20
58166,119,124,-5,5
58167,63,81,-18,18
58168,153,146,7,7
58169,72,89,-17,17
58170,131,148,-17,17
58171,92,96,-4,4
58172,70,85,-15,15
58173,93,109,-16,16
58174,48,82,-34,34
58175,75,85,-10,10
58176,185,179,6,6
58177,90,92,-2,2
58178,53,69,-16,16
58179,130,139,-9,9
58180,139,146,-7,7
58181,92,109,-17,17
58182,77,123,-46,46
58183,130,127,3,3
58184,88,94,-6,6
58185,68,88,-20,20
58186,144,134,10,10
58187,73,88,-15,15
58188,136,145,-9,9
58189,115,117,-2,2
58190,79,96,-17,17
58191,97,105,-8,8
58192,70,81,-11,11
58193,76,97,-21,21
58194,110,117,-7,7
58195,103,131,-28,28
58196,106,117,-11,11
58197,82,95,-13,13
58198,82,99,-17,17
58199,64,76,-12,12
58200,108,119,-11,11
58201,162,149,13,13
58202,64,83,-19,19
58203,42,61,-19,19
58204,128,134,-6,6
58205,93,98,-5,5
58206,83,89,-6,6
58207,75,82,-7,7
58208,113,120,-7,7
58209,131,134,-3,3
58210,70,76,-6,6
58211,82,96,-14,14
58212,53,69,-16,16
58213,92,105,-13,13
58214,123,126,-3,3
58215,132,132,0,0
58216,71,84,-13,13
58217,83,95,-12,12
58218,52,68,-16,16
58219,102,108,-6,6
58220,51,71,-20,20
58221,90,93,-3,3
58222,121,137,-16,16
58223,125,132,-7,7
58224,66,80,-14,14
58225,99,118,-19,19
58226,71,98,-27,27
58227,103,111,-8,8
58228,87,104,-17,17
58229,130,139,-9,9
58230,74,86,-12,12
58231,171,157,14,14
58232,146,137,9,9
58233,81,92,-11,11
58234,72,79,-7,7
58235,81,107,-26,26
58236,58,71,-13,13
58237,111,115,-4,4
58238,148,148,0,0
58239,76,91,-15,15
58240,78,87,-9,9
58241,91,107,-16,16
58242,91,107,-16,16
58243,70,88,-18,18
58244,155,144,11,11
58245,89,116,-27,27
58246,55,67,-12,12
58247,97,99,-2,2
58248,71,82,-11,11
58249,134,146,-12,12
58250,85,91,-6,6
58251,76,87,-11,11
58252,98,118,-20,20
58253,51,70,-19,19
58254,111,115,-4,4
58255,59,76,-17,17
58256,112,117,-5,5
58257,43,60,-17,17
58258,122,123,-1,1
58259,62,93,-31,31
58260,57,72,-15,15
58261,94,113,-19,19
58262,92,99,-7,7
58263,113,132,-19,19
58264,125,129,-4,4
58265,98,111,-13,13
58266,58,72,-14,14
58267,110,114,-4,4
58268,69,86,-17,17
58269,57,78,-21,21
58270,54,64,-10,10
58271,69,81,-12,12
58272,84,108,-24,24
58273,81,106,-25,25
58274,72,87,-15,15
58275,120,126,-6,6
58276,59,75,-16,16
58277,121,124,-3,3
58278,54,77,-23,23
58279,62,73,-11,11
58280,83,90,-7,7
58281,85,91,-6,6
58282,102,116,-14,14
58283,109,108,1,1
58284,128,146,-18,18
58285,128,126,2,2
58286,155,135,20,20
58287,75,88,-13,13
58288,44,56,-12,12
58289,106,120,-14,14
58290,122,120,2,2
58291,99,103,-4,4
58292,76,86,-10,10
58293,93,99,-6,6
58294,59,77,-18,18
58295,115,115,0,0
58296,147,148,-1,1
58297,104,117,-13,13
58298,56,73,-17,17
58299,119,124,-5,5
58300,92,108,-16,16
58301,55,72,-17,17
58302,70,76,-6,6
58303,79,94,-15,15
58304,106,111,-5,5
58305,141,139,2,2
58306,142,147,-5,5
58307,100,113,-13,13
58308,71,81,-10,10
58309,37,55,-18,18
58310,58,69,-11,11
58311,107,123,-16,16
58312,104,113,-9,9
58313,125,132,-7,7
58314,95,136,-41,41
58315,164,154,10,10
58316,45,73,-28,28
58317,86,92,-6,6
58318,101,105,-4,4
58319,117,120,-3,3
58320,85,107,-22,22
58321,60,75,-15,15
58322,141,151,-10,10
58323,101,116,-15,15
58324,113,111,2,2
58325,108,123,-15,15
58326,86,95,-9,9
58327,121,121,0,0
58328,165,178,-13,13
58329,58,74,-16,16
58330,165,158,7,7
58331,99,113,-14,14
58332,77,95,-18,18
58333,120,126,-6,6
58334,132,130,2,2
58335,138,131,7,7
58336,104,135,-31,31
58337,59,70,-11,11
58338,68,77,-9,9
58339,76,91,-15,15
58340,81,107,-26,26
58341,126,128,-2,2
58342,125,114,11,11
58343,39,60,-21,21
58344,103,100,3,3
58345,64,85,-21,21
58346,120,119,1,1
58347,53,73,-20,20
58348,81,88,-7,7
58349,128,130,-2,2
58350,75,88,-13,13
58351,67,72,-5,5
58352,158,147,11,11
58353,77,105,-28,28
58354,140,147,-7,7
58355,75,94,-19,19
58356,114,129,-15,15
58357,82,94,-12,12
58358,96,109,-13,13
58359,142,140,2,2
58360,84,107,-23,23
58361,84,85,-1,1
58362,69,78,-9,9
58363,63,77,-14,14
58364,83,96,-13,13
58365,136,141,-5,5
58366,107,115,-8,8
58367,95,108,-13,13
58368,157,146,11,11
58369,89,103,-14,14
58370,85,97,-12,12
58371,102,114,-12,12
58372,103,118,-15,15
58373,88,94,-6,6
58374,100,107,-7,7
58375,69,80,-11,11
58376,84,85,-1,1
58377,32,51,-19,19
58378,52,68,-16,16
58379,156,150,6,6
58380,71,78,-7,7
58381,114,126,-12,12
58382,83,95,-12,12
58383,81,92,-11,11
58384,164,152,12,12
58385,109,117,-8,8
58386,89,107,-18,18
58387,125,124,1,1
58388,82,89,-7,7
58389,73,88,-15,15
58390,117,147,-30,30
58391,69,83,-14,14
58392,98,103,-5,5
58393,114,110,4,4
58394,86,94,-8,8
58395,112,112,0,0
58396,96,112,-16,16
58397,113,121,-8,8
58398,86,110,-24,24
58399,130,132,-2,2
58400,80,90,-10,10
58401,134,146,-12,12
58402,158,158,0,0
58403,59,71,-12,12
58404,55,75,-20,20
58405,87,102,-15,15
58406,42,60,-18,18
58407,76,91,-15,15
58408,62,72,-10,10
58409,119,125,-6,6
58410,103,113,-10,10
58411,172,169,3,3
58412,134,147,-13,13
58413,68,80,-12,12
58414,62,71,-9,9
58415,57,77,-20,20
58416,147,148,-1,1
58417,93,105,-12,12
58418,116,121,-5,5
58419,161,156,5,5
58420,79,108,-29,29
58421,148,148,0,0
58422,118,123,-5,5
58423,46,69,-23,23
58424,130,141,-11,11
58425,163,153,10,10
58426,56,74,-18,18
58427,74,87,-13,13
58428,66,86,-20,20
58429,84,89,-5,5
58430,76,95,-19,19
58431,88,96,-8,8
58432,69,83,-14,14
58433,60,78,-18,18
58434,75,87,-12,12
58435,164,152,12,12
58436,71,94,-23,23
58437,125,117,8,8
58438,86,101,-15,15
58439,62,71,-9,9
58440,82,94,-12,12
58441,55,70,-15,15
58442,58,89,-31,31
58443,52,79,-27,27
58444,107,114,-7,7
58445,82,104,-22,22
58446,118,127,-9,9
58447,104,111,-7,7
58448,65,79,-14,14
58449,148,154,-6,6
58450,104,115,-11,11
58451,189,173,16,16
58452,126,145,-19,19
58453,92,91,1,1
58454,122,129,-7,7
58455,75,91,-16,16
58456,99,109,-10,10
58457,99,111,-12,12
58458,154,153,1,1
58459,89,107,-18,18
58460,145,149,-4,4
58461,81,83,-2,2
58462,146,156,-10,10
58463,171,172,-1,1
58464,52,68,-16,16
58465,81,88,-7,7
58466,102,111,-9,9
58467,137,151,-14,14
58468,43,59,-16,16
58469,93,107,-14,14
58470,62,75,-13,13
58471,110,114,-4,4
58472,78,89,-11,11
58473,112,127,-15,15
58474,64,85,-21,21
58475,52,67,-15,15
58476,51,80,-29,29
58477,71,89,-18,18
58478,62,76,-14,14
58479,54,66,-12,12
58480,81,84,-3,3
58481,156,144,12,12
58482,76,91,-15,15
58483,74,79,-5,5
58484,63,82,-19,19
58485,59,68,-9,9
58486,45,60,-15,15
58487,127,120,7,7
58488,110,112,-2,2
58489,68,79,-11,11
58490,89,102,-13,13
58491,64,77,-13,13
58492,116,130,-14,14
58493,68,88,-20,20
58494,211,209,2,2
58495,93,96,-3,3
58496,79,94,-15,15
58497,84,94,-10,10
58498,73,85,-12,12
58499,82,88,-6,6
58500,80,109,-29,29
58501,75,89,-14,14
58502,83,98,-15,15
58503,123,130,-7,7
58504,52,73,-21,21
58505,133,133,0,0
58506,90,100,-10,10
58507,70,81,-11,11
58508,74,95,-21,21
58509,84,95,-11,11
58510,90,101,-11,11
58511,92,105,-13,13
58512,55,77,-22,22
58513,62,78,-16,16
58514,120,127,-7,7
58515,84,99,-15,15
58516,83,91,-8,8
58517,95,123,-28,28
58518,79,87,-8,8
58519,89,105,-16,16
58520,149,147,2,2
58521,81,123,-42,42
58522,91,103,-12,12
58523,87,91,-4,4
58524,76,91,-15,15
58525,45,65,-20,20
58526,226,221,5,5
58527,125,132,-7,7
58528,148,157,-9,9
58529,60,74,-14,14
58530,134,141,-7,7
58531,165,159,6,6
58532,129,132,-3,3
58533,65,77,-12,12
58534,89,98,-9,9
58535,95,111,-16,16
58536,83,93,-10,10
58537,79,90,-11,11
58538,111,113,-2,2
58539,83,93,-10,10
58540,121,127,-6,6
58541,97,109,-12,12
58542,114,125,-11,11
58543,55,68,-13,13
58544,118,121,-3,3
58545,95,107,-12,12
58546,80,88,-8,8
58547,112,122,-10,10
58548,127,128,-1,1
58549,140,141,-1,1
58550,100,160,-60,60
58551,50,68,-18,18
58552,130,136,-6,6
58553,77,92,-15,15
58554,86,105,-19,19
58555,117,113,4,4
58556,163,155,8,8
58557,78,94,-16,16
58558,118,123,-5,5
58559,110,126,-16,16
58560,93,96,-3,3
58561,76,101,-25,25
58562,71,75,-4,4
58563,85,100,-15,15
58564,39,59,-20,20
58565,77,96,-19,19
58566,57,71,-14,14
58567,68,84,-16,16
58568,74,86,-12,12
58569,80,87,-7,7
58570,86,104,-18,18
58571,55,71,-16,16
58572,129,127,2,2
58573,181,181,0,0
58574,71,83,-12,12
58575,106,140,-34,34
58576,43,60,-17,17
58577,157,153,4,4
58578,68,81,-13,13
58579,134,134,0,0
58580,137,149,-12,12
58581,71,86,-15,15
58582,48,63,-15,15
58583,45,64,-19,19
58584,75,89,-14,14
58585,67,95,-28,28
58586,108,111,-3,3
58587,81,93,-12,12
58588,94,106,-12,12
58589,229,218,11,11
58590,58,74,-16,16
58591,75,94,-19,19
58592,97,123,-26,26
58593,142,146,-4,4
58594,196,157,39,39
58595,78,93,-15,15
58596,101,122,-21,21
58597,100,111,-11,11
58598,82,85,-3,3
58599,100,111,-11,11
58600,81,98,-17,17
58601,81,99,-18,18
58602,106,134,-28,28
58603,74,84,-10,10
58604,77,102,-25,25
58605,124,130,-6,6
58606,35,56,-21,21
58607,76,95,-19,19
58608,106,112,-6,6
58609,83,101,-18,18
58610,82,97,-15,15
58611,77,89,-12,12
58612,113,121,-8,8
58613,86,93,-7,7
58614,115,119,-4,4
58615,98,105,-7,7
58616,69,92,-23,23
58617,90,104,-14,14
58618,99,105,-6,6
58619,59,82,-23,23
58620,109,111,-2,2
58621,72,89,-17,17
58622,130,133,-3,3
58623,118,132,-14,14
58624,113,120,-7,7
58625,98,109,-11,11
58626,102,106,-4,4
58627,142,136,6,6
58628,95,111,-16,16
58629,89,102,-13,13
58630,45,75,-30,30
58631,35,52,-17,17
58632,54,71,-17,17
58633,102,100,2,2
58634,27,50,-23,23
58635,66,78,-12,12
58636,35,62,-27,27
58637,115,115,0,0
58638,148,148,0,0
58639,98,105,-7,7
58640,115,124,-9,9
58641,79,100,-21,21
58642,84,97,-13,13
58643,147,148,-1,1
58644,79,87,-8,8
58645,62,76,-14,14
58646,95,100,-5,5
58647,71,86,-15,15
58648,66,84,-18,18
58649,84,97,-13,13
58650,142,143,-1,1
58651,142,141,1,1
58652,91,101,-10,10
58653,102,111,-9,9
58654,105,145,-40,40
58655,66,75,-9,9
58656,83,102,-19,19
58657,63,77,-14,14
58658,66,84,-18,18
58659,109,129,-20,20
58660,71,91,-20,20
58661,92,100,-8,8
58662,139,148,-9,9
58663,117,130,-13,13
58664,120,129,-9,9
58665,94,120,-26,26
58666,99,110,-11,11
58667,58,69,-11,11
58668,129,141,-12,12
58669,66,87,-21,21
58670,126,121,5,5
58671,111,128,-17,17
58672,54,71,-17,17
58673,153,143,10,10
58674,82,94,-12,12
58675,56,72,-16,16
58676,59,74,-15,15
58677,146,148,-2,2
58678,64,81,-17,17
58679,56,70,-14,14
58680,60,80,-20,20
58681,21,70,-49,49
58682,132,145,-13,13
58683,85,101,-16,16
58684,113,118,-5,5
58685,81,91,-10,10
58686,110,120,-10,10
58687,98,104,-6,6
58688,86,106,-20,20
58689,102,111,-9,9
58690,129,149,-20,20
58691,89,98,-9,9
58692,121,135,-14,14
58693,104,114,-10,10
58694,63,80,-17,17
58695,138,151,-13,13
58696,119,144,-25,25
58697,92,102,-10,10
58698,113,118,-5,5
58699,97,111,-14,14
58700,162,154,8,8
58701,41,62,-21,21
58702,112,121,-9,9
58703,124,127,-3,3
58704,76,90,-14,14
58705,116,127,-11,11
58706,86,93,-7,7
58707,69,79,-10,10
58708,99,116,-17,17
58709,65,81,-16,16
58710,70,93,-23,23
58711,111,112,-1,1
58712,79,86,-7,7
58713,92,109,-17,17
58714,92,95,-3,3
58715,126,134,-8,8
58716,109,121,-12,12
58717,65,89,-24,24
58718,79,91,-12,12
58719,160,156,4,4
58720,75,90,-15,15
58721,95,104,-9,9
58722,97,107,-10,10
58723,102,117,-15,15
58724,75,87,-12,12
58725,119,130,-11,11
58726,31,51,-20,20
58727,137,134,3,3
58728,99,122,-23,23
58729,135,137,-2,2
58730,143,147,-4,4
58731,128,133,-5,5
58732,135,141,-6,6
58733,56,68,-12,12
58734,79,85,-6,6
58735,157,147,10,10
58736,103,127,-24,24
58737,147,147,0,0
58738,78,90,-12,12
58739,124,131,-7,7
58740,57,78,-21,21
58741,63,92,-29,29
58742,79,87,-8,8
58743,87,104,-17,17
58744,105,109,-4,4
58745,119,119,0,0
58746,41,59,-18,18
58747,62,82,-20,20
58748,148,152,-4,4
58749,113,121,-8,8
58750,236,215,21,21
58751,49,68,-19,19
58752,78,98,-20,20
58753,105,117,-12,12
58754,136,138,-2,2
58755,93,108,-15,15
58756,55,72,-17,17
58757,87,105,-18,18
58758,67,88,-21,21
58759,113,114,-1,1
58760,52,70,-18,18
58761,102,145,-43,43
58762,149,142,7,7
58763,65,89,-24,24
58764,106,108,-2,2
58765,88,95,-7,7
58766,175,155,20,20
58767,116,127,-11,11
58768,128,133,-5,5
58769,86,98,-12,12
58770,154,145,9,9
58771,93,103,-10,10
58772,65,108,-43,43
58773,119,130,-11,11
58774,81,89,-8,8
58775,93,120,-27,27
58776,77,97,-20,20
58777,144,127,17,17
58778,105,120,-15,15
58779,111,107,4,4
58780,143,140,3,3
58781,96,106,-10,10
58782,86,109,-23,23
58783,78,92,-14,14
58784,136,138,-2,2
58785,82,94,-12,12
58786,91,99,-8,8
58787,83,101,-18,18
58788,106,120,-14,14
58789,94,108,-14,14
58790,99,113,-14,14
58791,78,88,-10,10
58792,154,149,5,5
58793,77,81,-4,4
58794,184,171,13,13
58795,192,177,15,15
58796,77,89,-12,12
58797,105,122,-17,17
58798,62,82,-20,20
58799,103,112,-9,9
58800,59,73,-14,14
58801,77,79,-2,2
58802,155,155,0,0
58803,90,98,-8,8
58804,98,134,-36,36
58805,93,102,-9,9
58806,132,143,-11,11
58807,115,125,-10,10
58808,67,80,-13,13
58809,198,190,8,8
58810,90,104,-14,14
58811,114,122,-8,8
58812,108,117,-9,9
58813,77,93,-16,16
58814,114,131,-17,17
58815,126,144,-18,18
58816,86,97,-11,11
58817,67,82,-15,15
58818,108,117,-9,9
58819,92,104,-12,12
58820,123,131,-8,8
58821,96,111,-15,15
58822,64,80,-16,16
58823,166,158,8,8
58824,218,216,2,2
58825,89,105,-16,16
58826,76,88,-12,12
58827,69,83,-14,14
58828,122,132,-10,10
58829,115,126,-11,11
58830,87,115,-28,28
58831,119,123,-4,4
58832,95,101,-6,6
58833,82,94,-12,12
58834,57,72,-15,15
58835,100,117,-17,17
58836,86,93,-7,7
58837,101,104,-3,3
58838,65,69,-4,4
58839,106,115,-9,9
58840,75,90,-15,15
58841,142,139,3,3
58842,81,89,-8,8
58843,77,96,-19,19
58844,59,70,-11,11
58845,130,126,4,4
58846,100,105,-5,5
58847,92,108,-16,16
58848,55,69,-14,14
58849,101,138,-37,37
58850,66,79,-13,13
58851,108,109,-1,1
58852,83,98,-15,15
58853,69,79,-10,10
58854,140,136,4,4
58855,87,96,-9,9
58856,96,107,-11,11
58857,167,151,16,16
58858,72,84,-12,12
58859,88,99,-11,11
58860,124,124,0,0
58861,91,107,-16,16
58862,51,68,-17,17
58863,87,85,2,2
58864,92,106,-14,14
58865,58,76,-18,18
58866,45,63,-18,18
58867,95,101,-6,6
58868,134,133,1,1
58869,91,99,-8,8
58870,121,125,-4,4
58871,51,63,-12,12
58872,58,76,-18,18
58873,48,70,-22,22
58874,75,93,-18,18
58875,46,66,-20,20
58876,56,74,-18,18
58877,87,94,-7,7
58878,47,77,-30,30
58879,88,105,-17,17
58880,112,118,-6,6
58881,56,74,-18,18
58882,104,119,-15,15
58883,61,72,-11,11
58884,96,106,-10,10
58885,113,116,-3,3
58886,66,75,-9,9
58887,153,154,-1,1
58888,115,132,-17,17
58889,100,111,-11,11
58890,73,82,-9,9
58891,89,89,0,0
58892,101,121,-20,20
58893,82,104,-22,22
58894,89,110,-21,21
58895,94,109,-15,15
58896,93,97,-4,4
58897,113,123,-10,10
58898,129,132,-3,3
58899,68,81,-13,13
58900,68,78,-10,10
58901,94,103,-9,9
58902,157,150,7,7
58903,99,105,-6,6
58904,54,78,-24,24
58905,123,125,-2,2
58906,94,97,-3,3
58907,183,177,6,6
58908,74,83,-9,9
58909,59,72,-13,13
58910,173,155,18,18
58911,122,124,-2,2
58912,75,86,-11,11
58913,77,92,-15,15
58914,63,80,-17,17
58915,90,109,-19,19
58916,56,78,-22,22
58917,82,97,-15,15
58918,86,119,-33,33
58919,149,150,-1,1
58920,108,114,-6,6
58921,73,86,-13,13
58922,67,82,-15,15
58923,93,104,-11,11
58924,55,69,-14,14
58925,108,123,-15,15
58926,118,133,-15,15
58927,30,54,-24,24
58928,70,72,-2,2
58929,94,107,-13,13
58930,84,93,-9,9
58931,77,86,-9,9
58932,64,74,-10,10
58933,103,114,-11,11
58934,93,125,-32,32
58935,91,97,-6,6
58936,65,81,-16,16
58937,108,109,-1,1
58938,117,118,-1,1
58939,45,63,-18,18
58940,113,125,-12,12
58941,70,76,-6,6
58942,75,107,-32,32
58943,79,93,-14,14
58944,59,71,-12,12
58945,59,73,-14,14
58946,42,69,-27,27
58947,96,95,1,1
58948,109,112,-3,3
58949,95,114,-19,19
58950,126,138,-12,12
58951,89,104,-15,15
58952,99,114,-15,15
58953,145,148,-3,3
58954,108,116,-8,8
58955,84,97,-13,13
58956,82,97,-15,15
58957,171,161,10,10
58958,103,107,-4,4
58959,118,124,-6,6
58960,180,158,22,22
58961,61,78,-17,17
58962,163,149,14,14
58963,135,154,-19,19
58964,152,147,5,5
58965,109,106,3,3
58966,61,81,-20,20
58967,108,126,-18,18
58968,181,182,-1,1
58969,104,119,-15,15
58970,105,112,-7,7
58971,68,86,-18,18
58972,116,148,-32,32
58973,144,145,-1,1
58974,85,92,-7,7
58975,141,151,-10,10
58976,152,154,-2,2
58977,114,125,-11,11
58978,143,147,-4,4
58979,155,152,3,3
58980,191,171,20,20
58981,102,107,-5,5
58982,77,85,-8,8
58983,97,111,-14,14
58984,85,106,-21,21
58985,82,90,-8,8
58986,83,91,-8,8
58987,64,79,-15,15
58988,135,142,-7,7
58989,86,94,-8,8
58990,59,69,-10,10
58991,71,75,-4,4
58992,65,71,-6,6
58993,134,139,-5,5
58994,85,101,-16,16
58995,159,154,5,5
58996,145,150,-5,5
58997,66,82,-16,16
58998,71,86,-15,15
58999,154,144,10,10
59000,159,163,-4,4
59001,50,71,-21,21
59002,95,109,-14,14
59003,81,94,-13,13
59004,128,123,5,5
59005,79,91,-12,12
59006,93,111,-18,18
59007,156,155,1,1
59008,107,118,-11,11
59009,48,67,-19,19
59010,49,68,-19,19
59011,52,131,-79,79
59012,43,66,-23,23
59013,166,155,11,11
59014,59,75,-16,16
59015,97,102,-5,5
59016,143,154,-11,11
59017,107,126,-19,19
59018,122,128,-6,6
59019,77,89,-12,12
59020,77,92,-15,15
59021,52,67,-15,15
59022,70,85,-15,15
59023,93,101,-8,8
59024,93,119,-26,26
59025,110,126,-16,16
59026,53,69,-16,16
59027,67,79,-12,12
59028,185,174,11,11
59029,90,89,1,1
59030,107,113,-6,6
59031,148,153,-5,5
59032,119,129,-10,10
59033,95,118,-23,23
59034,112,112,0,0
59035,171,179,-8,8
59036,110,107,3,3
59037,76,91,-15,15
59038,99,107,-8,8
59039,94,112,-18,18
59040,107,123,-16,16
59041,73,84,-11,11
59042,133,128,5,5
59043,70,92,-22,22
59044,80,83,-3,3
59045,149,148,1,1
59046,78,77,1,1
59047,95,104,-9,9
59048,79,98,-19,19
59049,42,68,-26,26
59050,73,86,-13,13
59051,346,276,70,70
59052,70,79,-9,9
59053,75,88,-13,13
59054,144,148,-4,4
59055,63,78,-15,15
59056,80,96,-16,16
59057,124,124,0,0
59058,69,79,-10,10
59059,99,107,-8,8
59060,140,129,11,11
59061,117,122,-5,5
59062,58,77,-19,19
59063,84,97,-13,13
59064,47,63,-16,16
59065,86,93,-7,7
59066,52,73,-21,21
59067,77,92,-15,15
59068,69,82,-13,13
59069,107,111,-4,4
59070,118,114,4,4
59071,81,109,-28,28
59072,109,112,-3,3
59073,97,115,-18,18
59074,85,98,-13,13
59075,81,86,-5,5
59076,65,74,-9,9
59077,101,124,-23,23
59078,90,112,-22,22
59079,68,89,-21,21
59080,59,67,-8,8
59081,97,111,-14,14
59082,104,113,-9,9
59083,52,68,-16,16
59084,58,73,-15,15
59085,64,80,-16,16
59086,92,103,-11,11
59087,179,158,21,21
59088,112,115,-3,3
59089,100,124,-24,24
59090,60,74,-14,14
59091,102,115,-13,13
59092,111,116,-5,5
59093,100,105,-5,5
59094,80,92,-12,12
59095,89,98,-9,9
59096,124,138,-14,14
59097,70,85,-15,15
59098,85,106,-21,21
59099,79,96,-17,17
59100,74,86,-12,12
59101,66,74,-8,8
59102,75,91,-16,16
59103,83,98,-15,15
59104,65,82,-17,17
59105,119,126,-7,7
59106,102,111,-9,9
59107,81,96,-15,15
59108,77,89,-12,12
59109,81,94,-13,13
59110,94,111,-17,17
59111,103,114,-11,11
59112,104,111,-7,7
59113,118,116,2,2
59114,90,100,-10,10
59115,71,83,-12,12
59116,114,119,-5,5
59117,120,109,11,11
59118,85,92,-7,7
59119,79,94,-15,15
59120,49,65,-16,16
59121,74,85,-11,11
59122,99,106,-7,7
59123,106,133,-27,27
59124,89,101,-12,12
59125,21,63,-42,42
59126,114,124,-10,10
59127,90,113,-23,23
59128,129,130,-1,1
59129,64,76,-12,12
59130,44,63,-19,19
59131,150,143,7,7
59132,136,144,-8,8
59133,119,132,-13,13
59134,68,91,-23,23
59135,87,109,-22,22
59136,66,84,-18,18
59137,103,115,-12,12
59138,117,125,-8,8
59139,111,108,3,3
59140,112,102,10,10
59141,101,110,-9,9
59142,143,148,-5,5
59143,81,94,-13,13
59144,180,158,22,22
59145,61,76,-15,15
59146,131,134,-3,3
59147,70,85,-15,15
59148,107,121,-14,14
59149,135,132,3,3
59150,92,99,-7,7
59151,81,94,-13,13
59152,108,117,-9,9
59153,90,97,-7,7
59154,86,92,-6,6
59155,127,126,1,1
59156,47,68,-21,21
59157,130,139,-9,9
59158,84,99,-15,15
59159,79,93,-14,14
59160,91,101,-10,10
59161,120,122,-2,2
59162,80,92,-12,12
59163,59,80,-21,21
59164,81,102,-21,21
59165,143,147,-4,4
59166,117,110,7,7
59167,143,148,-5,5
59168,154,147,7,7
59169,57,76,-19,19
59170,69,77,-8,8
59171,44,64,-20,20
59172,84,104,-20,20
59173,96,102,-6,6
59174,80,87,-7,7
59175,61,97,-36,36
59176,64,88,-24,24
59177,67,82,-15,15
59178,108,113,-5,5
59179,87,98,-11,11
59180,87,101,-14,14
59181,112,109,3,3
59182,147,147,0,0
59183,143,147,-4,4
59184,124,128,-4,4
59185,160,150,10,10
59186,109,119,-10,10
59187,71,81,-10,10
59188,138,142,-4,4
59189,76,87,-11,11
59190,96,101,-5,5
59191,94,103,-9,9
59192,44,60,-16,16
59193,83,100,-17,17
59194,49,69,-20,20
59195,75,97,-22,22
59196,104,121,-17,17
59197,75,88,-13,13
59198,93,105,-12,12
59199,96,115,-19,19
59200,81,104,-23,23
59201,80,91,-11,11
59202,97,96,1,1
59203,65,83,-18,18
59204,46,66,-20,20
59205,79,97,-18,18
59206,88,101,-13,13
59207,62,85,-23,23
59208,84,92,-8,8
59209,70,86,-16,16
59210,129,143,-14,14
59211,104,96,8,8
59212,116,129,-13,13
59213,126,128,-2,2
59214,95,111,-16,16
59215,66,77,-11,11
59216,81,91,-10,10
59217,133,126,7,7
59218,95,106,-11,11
59219,151,147,4,4
59220,88,101,-13,13
59221,110,121,-11,11
59222,69,79,-10,10
59223,106,108,-2,2
59224,64,86,-22,22
59225,126,122,4,4
59226,41,63,-22,22
59227,97,106,-9,9
59228,46,91,-45,45
59229,52,79,-27,27
59230,66,72,-6,6
59231,81,91,-10,10
59232,81,96,-15,15
59233,85,93,-8,8
59234,35,55,-20,20
59235,118,119,-1,1
59236,94,105,-11,11
59237,92,95,-3,3
59238,55,74,-19,19
59239,99,108,-9,9
59240,68,84,-16,16
59241,56,72,-16,16
59242,97,114,-17,17
59243,110,126,-16,16
59244,152,147,5,5
59245,40,63,-23,23
59246,52,74,-22,22
59247,169,167,2,2
59248,160,149,11,11
59249,78,88,-10,10
59250,77,101,-24,24
59251,40,60,-20,20
59252,93,126,-33,33
59253,115,119,-4,4
59254,108,118,-10,10
59255,69,86,-17,17
59256,126,152,-26,26
59257,133,149,-16,16
59258,116,123,-7,7
59259,76,107,-31,31
59260,42,63,-21,21
59261,74,93,-19,19
59262,145,148,-3,3
59263,72,80,-8,8
59264,103,120,-17,17
59265,67,82,-15,15
59266,139,131,8,8
59267,93,100,-7,7
59268,112,116,-4,4
59269,176,167,9,9
59270,70,85,-15,15
59271,158,148,10,10
59272,71,84,-13,13
59273,47,59,-12,12
59274,93,97,-4,4
59275,57,80,-23,23
59276,75,86,-11,11
59277,62,85,-23,23
59278,104,134,-30,30
59279,143,146,-3,3
59280,83,87,-4,4
59281,75,85,-10,10
59282,92,102,-10,10
59283,60,88,-28,28
59284,117,127,-10,10
59285,64,81,-17,17
59286,61,76,-15,15
59287,87,92,-5,5
59288,175,176,-1,1
59289,58,72,-14,14
59290,77,81,-4,4
59291,96,91,5,5
59292,120,133,-13,13
59293,176,160,16,16
59294,132,139,-7,7
59295,67,83,-16,16
59296,73,86,-13,13
59297,120,147,-27,27
59298,71,88,-17,17
59299,63,71,-8,8
59300,74,81,-7,7
59301,35,71,-36,36
59302,129,127,2,2
59303,132,147,-15,15
59304,75,92,-17,17
59305,122,124,-2,2
59306,89,102,-13,13
59307,90,95,-5,5
59308,71,88,-17,17
59309,92,95,-3,3
59310,184,164,20,20
59311,59,103,-44,44
59312,90,102,-12,12
59313,100,122,-22,22
59314,83,96,-13,13
59315,83,97,-14,14
59316,78,92,-14,14
59317,106,114,-8,8
59318,107,122,-15,15
59319,45,65,-20,20
59320,82,97,-15,15
59321,85,106,-21,21
59322,109,102,7,7
59323,70,89,-19,19
59324,70,87,-17,17
59325,109,125,-16,16
59326,62,75,-13,13
59327,63,85,-22,22
59328,67,86,-19,19
59329,38,57,-19,19
59330,45,61,-16,16
59331,111,111,0,0
59332,99,121,-22,22
59333,52,73,-21,21
59334,93,102,-9,9
59335,103,127,-24,24
59336,86,97,-11,11
59337,69,78,-9,9
59338,52,94,-42,42
59339,215,171,44,44
59340,90,100,-10,10
59341,54,70,-16,16
59342,110,117,-7,7
59343,97,97,0,0
59344,150,126,24,24
59345,142,140,2,2
59346,57,84,-27,27
59347,116,122,-6,6
59348,177,159,18,18
59349,109,116,-7,7
59350,78,94,-16,16
59351,79,91,-12,12
59352,51,68,-17,17
59353,80,94,-14,14
59354,99,119,-20,20
59355,49,65,-16,16
59356,153,155,-2,2
59357,174,166,8,8
59358,100,107,-7,7
59359,147,142,5,5
59360,75,108,-33,33
59361,138,138,0,0
59362,78,89,-11,11
59363,77,95,-18,18
59364,93,95,-2,2
59365,148,145,3,3
59366,176,157,19,19
59367,74,88,-14,14
59368,178,183,-5,5
59369,107,125,-18,18
59370,103,105,-2,2
59371,125,133,-8,8
59372,119,121,-2,2
59373,98,110,-12,12
59374,69,77,-8,8
59375,72,81,-9,9
59376,81,110,-29,29
59377,54,73,-19,19
59378,110,123,-13,13
59379,84,94,-10,10
59380,148,148,0,0
59381,61,69,-8,8
59382,94,115,-21,21
59383,79,107,-28,28
59384,77,88,-11,11
59385,83,94,-11,11
59386,102,102,0,0
59387,99,108,-9,9
59388,104,111,-7,7
59389,128,141,-13,13
59390,73,89,-16,16
59391,85,96,-11,11
59392,123,143,-20,20
59393,87,103,-16,16
59394,135,133,2,2
59395,71,82,-11,11
59396,81,109,-28,28
59397,64,75,-11,11
59398,71,81,-10,10
59399,105,111,-6,6
59400,59,69,-10,10
59401,140,141,-1,1
59402,161,154,7,7
59403,100,103,-3,3
59404,89,101,-12,12
59405,64,85,-21,21
59406,154,151,3,3
59407,167,145,22,22
59408,178,163,15,15
59409,88,89,-1,1
59410,79,110,-31,31
59411,72,92,-20,20
59412,85,94,-9,9
59413,92,102,-10,10
59414,71,94,-23,23
59415,60,76,-16,16
59416,66,74,-8,8
59417,95,95,0,0
59418,82,92,-10,10
59419,82,101,-19,19
59420,91,95,-4,4
59421,121,121,0,0
59422,78,92,-14,14
59423,148,147,1,1
59424,95,105,-10,10
59425,138,147,-9,9
59426,61,78,-17,17
59427,66,82,-16,16
59428,83,94,-11,11
59429,61,81,-20,20
59430,60,74,-14,14
59431,56,74,-18,18
59432,127,132,-5,5
59433,62,74,-12,12
59434,133,140,-7,7
59435,79,86,-7,7
59436,123,116,7,7
59437,53,68,-15,15
59438,79,93,-14,14
59439,126,125,1,1
59440,117,142,-25,25
59441,136,140,-4,4
59442,81,118,-37,37
59443,105,137,-32,32
59444,118,133,-15,15
59445,66,78,-12,12
59446,59,74,-15,15
59447,129,136,-7,7
59448,93,111,-18,18
59449,87,102,-15,15
59450,45,63,-18,18
59451,64,78,-14,14
59452,121,136,-15,15
59453,168,150,18,18
59454,81,83,-2,2
59455,99,105,-6,6
59456,117,112,5,5
59457,95,96,-1,1
59458,66,88,-22,22
59459,122,125,-3,3
59460,112,132,-20,20
59461,71,91,-20,20
59462,172,171,1,1
59463,108,112,-4,4
59464,85,95,-10,10
59465,130,133,-3,3
59466,64,77,-13,13
59467,74,98,-24,24
59468,63,82,-19,19
59469,145,148,-3,3
59470,95,108,-13,13
59471,138,146,-8,8
59472,105,116,-11,11
59473,51,72,-21,21
59474,109,129,-20,20
59475,91,120,-29,29
59476,70,82,-12,12
59477,129,136,-7,7
59478,106,102,4,4
59479,82,91,-9,9
59480,54,68,-14,14
59481,151,160,-9,9
59482,120,123,-3,3
59483,151,148,3,3
59484,96,115,-19,19
59485,62,80,-18,18
59486,165,156,9,9
59487,138,137,1,1
59488,128,137,-9,9
59489,80,85,-5,5
59490,94,109,-15,15
59491,86,105,-19,19
59492,130,137,-7,7
59493,154,149,5,5
59494,81,95,-14,14
59495,152,148,4,4
59496,52,82,-30,30
59497,65,80,-15,15
59498,109,101,8,8
59499,72,82,-10,10
59500,103,107,-4,4
59501,112,113,-1,1
59502,65,89,-24,24
59503,77,95,-18,18
59504,189,184,5,5
59505,178,167,11,11
59506,48,58,-10,10
59507,145,146,-1,1
59508,47,82,-35,35
59509,146,147,-1,1
59510,118,129,-11,11
59511,78,92,-14,14
59512,93,115,-22,22
59513,72,84,-12,12
59514,86,103,-17,17
59515,118,120,-2,2
59516,87,102,-15,15
59517,42,63,-21,21
59518,87,109,-22,22
59519,87,101,-14,14
59520,159,153,6,6
59521,96,108,-12,12
59522,50,68,-18,18
59523,76,102,-26,26
59524,111,127,-16,16
59525,140,143,-3,3
59526,133,131,2,2
59527,89,113,-24,24
59528,94,111,-17,17
59529,60,70,-10,10
59530,67,87,-20,20
59531,166,148,18,18
59532,74,89,-15,15
59533,88,100,-12,12
59534,113,117,-4,4
59535,114,122,-8,8
59536,98,100,-2,2
59537,52,78,-26,26
59538,109,116,-7,7
59539,51,67,-16,16
59540,92,100,-8,8
59541,79,97,-18,18
59542,65,82,-17,17
59543,80,95,-15,15
59544,130,129,1,1
59545,90,113,-23,23
59546,108,105,3,3
59547,84,104,-20,20
59548,160,155,5,5
59549,53,70,-17,17
59550,62,81,-19,19
59551,65,89,-24,24
59552,65,79,-14,14
59553,61,74,-13,13
59554,35,57,-22,22
59555,113,117,-4,4
59556,69,87,-18,18
59557,56,68,-12,12
59558,103,122,-19,19
59559,76,88,-12,12
59560,106,127,-21,21
59561,157,153,4,4
59562,150,149,1,1
59563,79,91,-12,12
59564,94,104,-10,10
59565,59,78,-19,19
59566,135,155,-20,20
59567,91,109,-18,18
59568,129,134,-5,5
59569,80,96,-16,16
59570,58,67,-9,9
59571,96,96,0,0
59572,160,159,1,1
59573,80,87,-7,7
59574,55,72,-17,17
59575,101,110,-9,9
59576,85,96,-11,11
59577,68,83,-15,15
59578,95,122,-27,27
59579,110,117,-7,7
59580,75,87,-12,12
59581,73,87,-14,14
59582,90,105,-15,15
59583,78,94,-16,16
59584,148,146,2,2
59585,94,103,-9,9
59586,64,78,-14,14
59587,186,167,19,19
59588,40,64,-24,24
59589,74,87,-13,13
59590,140,140,0,0
59591,103,112,-9,9
59592,179,150,29,29
59593,209,167,42,42
59594,114,128,-14,14
59595,44,68,-24,24
59596,84,91,-7,7
59597,55,70,-15,15
59598,150,148,2,2
59599,64,71,-7,7
59600,61,80,-19,19
59601,89,99,-10,10
59602,129,128,1,1
59603,61,76,-15,15
59604,125,122,3,3
59605,129,139,-10,10
59606,94,106,-12,12
59607,86,91,-5,5
59608,124,138,-14,14
59609,45,67,-22,22
59610,131,127,4,4
59611,89,99,-10,10
59612,140,148,-8,8
59613,85,99,-14,14
59614,178,164,14,14
59615,120,130,-10,10
59616,135,133,2,2
59617,72,78,-6,6
59618,45,58,-13,13
59619,63,78,-15,15
59620,62,83,-21,21
59621,87,101,-14,14
59622,165,166,-1,1
59623,107,135,-28,28
59624,69,92,-23,23
59625,94,104,-10,10
59626,58,72,-14,14
59627,105,113,-8,8
59628,115,125,-10,10
59629,92,99,-7,7
59630,80,92,-12,12
59631,154,156,-2,2
59632,61,67,-6,6
59633,115,125,-10,10
59634,52,65,-13,13
59635,69,86,-17,17
59636,58,78,-20,20
59637,92,108,-16,16
59638,56,73,-17,17
59639,94,124,-30,30
59640,70,88,-18,18
59641,126,114,12,12
59642,77,93,-16,16
59643,77,86,-9,9
59644,160,158,2,2
59645,69,85,-16,16
59646,73,88,-15,15
59647,72,84,-12,12
59648,72,83,-11,11
59649,124,135,-11,11
59650,78,87,-9,9
59651,81,93,-12,12
59652,156,152,4,4
59653,67,82,-15,15
59654,118,127,-9,9
59655,79,84,-5,5
59656,81,90,-9,9
59657,87,91,-4,4
59658,57,83,-26,26
59659,70,173,-103,103
59660,147,134,13,13
59661,141,141,0,0
59662,42,76,-34,34
59663,89,106,-17,17
59664,94,106,-12,12
59665,103,114,-11,11
59666,100,113,-13,13
59667,56,71,-15,15
59668,85,110,-25,25
59669,77,88,-11,11
59670,89,99,-10,10
59671,125,147,-22,22
59672,41,64,-23,23
59673,135,127,8,8
59674,70,94,-24,24
59675,51,64,-13,13
59676,86,104,-18,18
59677,100,111,-11,11
59678,103,118,-15,15
59679,62,78,-16,16
59680,153,144,9,9
59681,173,162,11,11
59682,137,150,-13,13
59683,107,109,-2,2
59684,161,149,12,12
59685,139,148,-9,9
59686,62,70,-8,8
59687,71,81,-10,10
59688,104,135,-31,31
59689,115,120,-5,5
59690,144,147,-3,3
59691,76,91,-15,15
59692,168,159,9,9
59693,76,85,-9,9
59694,78,91,-13,13
59695,94,131,-37,37
59696,92,99,-7,7
59697,96,101,-5,5
59698,131,131,0,0
59699,93,109,-16,16
59700,93,100,-7,7
59701,60,79,-19,19
59702,78,87,-9,9
59703,72,94,-22,22
59704,141,122,19,19
59705,116,121,-5,5
59706,83,101,-18,18
59707,78,99,-21,21
59708,79,89,-10,10
59709,113,125,-12,12
59710,46,63,-17,17
59711,93,109,-16,16
59712,99,99,0,0
59713,103,124,-21,21
59714,98,98,0,0
59715,113,117,-4,4
59716,121,146,-25,25
59717,58,76,-18,18
59718,92,100,-8,8
59719,89,106,-17,17
59720,99,112,-13,13
59721,89,100,-11,11
59722,79,96,-17,17
59723,138,138,0,0
59724,79,94,-15,15
59725,73,95,-22,22
59726,88,98,-10,10
59727,73,96,-23,23
59728,95,109,-14,14
59729,104,118,-14,14
59730,77,84,-7,7
59731,54,72,-18,18
59732,128,135,-7,7
59733,88,102,-14,14
59734,89,96,-7,7
59735,100,116,-16,16
59736,132,144,-12,12
59737,73,92,-19,19
59738,69,85,-16,16
59739,88,92,-4,4
59740,127,134,-7,7
59741,135,147,-12,12
59742,71,85,-14,14
59743,133,139,-6,6
59744,98,108,-10,10
59745,96,94,2,2
59746,121,125,-4,4
59747,110,112,-2,2
59748,63,81,-18,18
59749,149,147,2,2
59750,75,102,-27,27
59751,61,85,-24,24
59752,203,177,26,26
59753,106,117,-11,11
59754,90,97,-7,7
59755,111,108,3,3
59756,98,100,-2,2
59757,70,101,-31,31
59758,77,86,-9,9
59759,65,83,-18,18
59760,110,122,-12,12
59761,82,104,-22,22
59762,135,139,-4,4
59763,133,141,-8,8
59764,93,101,-8,8
59765,96,114,-18,18
59766,83,98,-15,15
59767,83,96,-13,13
59768,114,112,2,2
59769,169,175,-6,6
59770,83,91,-8,8
59771,87,100,-13,13
59772,80,109,-29,29
59773,64,82,-18,18
59774,185,170,15,15
59775,110,111,-1,1
59776,109,111,-2,2
59777,52,68,-16,16
59778,103,109,-6,6
59779,34,59,-25,25
59780,69,127,-58,58
59781,154,148,6,6
59782,149,147,2,2
59783,81,89,-8,8
59784,81,95,-14,14
59785,68,86,-18,18
59786,93,97,-4,4
59787,57,71,-14,14
59788,129,136,-7,7
59789,98,114,-16,16
59790,117,133,-16,16
59791,76,95,-19,19
59792,36,49,-13,13
59793,130,132,-2,2
59794,81,92,-11,11
59795,72,99,-27,27
59796,76,94,-18,18
59797,63,80,-17,17
59798,97,108,-11,11
59799,61,74,-13,13
59800,85,96,-11,11
59801,110,148,-38,38
59802,85,93,-8,8
59803,77,100,-23,23
59804,127,126,1,1
59805,49,65,-16,16
59806,85,97,-12,12
59807,83,104,-21,21
59808,132,147,-15,15
59809,136,146,-10,10
59810,73,86,-13,13
59811,71,88,-17,17
59812,79,90,-11,11
59813,88,108,-20,20
59814,70,139,-69,69
59815,75,83,-8,8
59816,46,55,-9,9
59817,101,103,-2,2
59818,128,147,-19,19
59819,92,101,-9,9
59820,149,139,10,10
59821,122,110,12,12
59822,79,111,-32,32
59823,48,85,-37,37
59824,101,115,-14,14
59825,94,101,-7,7
59826,125,138,-13,13
59827,91,113,-22,22
59828,78,88,-10,10
59829,121,125,-4,4
59830,166,149,17,17
59831,96,105,-9,9
59832,124,149,-25,25
59833,159,149,10,10
59834,66,82,-16,16
59835,82,94,-12,12
59836,75,93,-18,18
59837,59,72,-13,13
59838,85,100,-15,15
59839,99,100,-1,1
59840,148,144,4,4
59841,109,109,0,0
59842,81,95,-14,14
59843,99,104,-5,5
59844,47,60,-13,13
59845,78,94,-16,16
59846,85,100,-15,15
59847,76,97,-21,21
59848,54,67,-13,13
59849,106,122,-16,16
59850,83,91,-8,8
59851,66,82,-16,16
59852,47,74,-27,27
59853,60,82,-22,22
59854,109,117,-8,8
59855,122,129,-7,7
59856,92,101,-9,9
59857,102,104,-2,2
59858,130,147,-17,17
59859,104,109,-5,5
59860,106,105,1,1
59861,74,89,-15,15
59862,149,149,0,0
59863,46,74,-28,28
59864,55,67,-12,12
59865,81,88,-7,7
59866,86,102,-16,16
59867,159,151,8,8
59868,49,65,-16,16
59869,76,92,-16,16
59870,109,118,-9,9
59871,88,91,-3,3
59872,66,87,-21,21
59873,95,105,-10,10
59874,123,124,-1,1
59875,49,68,-19,19
59876,60,69,-9,9
59877,140,147,-7,7
59878,72,79,-7,7
59879,103,118,-15,15
59880,88,117,-29,29
59881,94,106,-12,12
59882,97,105,-8,8
59883,112,121,-9,9
59884,37,66,-29,29
59885,70,88,-18,18
59886,217,195,22,22
59887,159,149,10,10
59888,86,96,-10,10
59889,116,128,-12,12
59890,76,82,-6,6
59891,159,149,10,10
59892,102,111,-9,9
59893,72,88,-16,16
59894,102,114,-12,12
59895,94,94,0,0
59896,56,71,-15,15
59897,136,147,-11,11
59898,78,89,-11,11
59899,75,91,-16,16
59900,138,146,-8,8
59901,79,88,-9,9
59902,89,105,-16,16
59903,63,83,-20,20
59904,59,70,-11,11
59905,127,140,-13,13
59906,100,104,-4,4
59907,60,76,-16,16
59908,100,111,-11,11
59909,108,105,3,3
59910,152,148,4,4
59911,118,129,-11,11
59912,81,92,-11,11
59913,49,65,-16,16
59914,90,95,-5,5
59915,97,103,-6,6
59916,90,105,-15,15
59917,138,142,-4,4
59918,116,141,-25,25
59919,86,102,-16,16
59920,106,104,2,2
59921,155,148,7,7
59922,100,108,-8,8
59923,66,80,-14,14
59924,84,96,-12,12
59925,103,111,-8,8
59926,56,77,-21,21
59927,100,105,-5,5
59928,93,102,-9,9
59929,135,144,-9,9
59930,32,53,-21,21
59931,93,116,-23,23
59932,107,138,-31,31
59933,62,81,-19,19
59934,59,74,-15,15
59935,91,108,-17,17
59936,75,91,-16,16
59937,73,88,-15,15
59938,96,111,-15,15
59939,115,126,-11,11
59940,63,83,-20,20
59941,85,107,-22,22
59942,72,94,-22,22
59943,158,161,-3,3
59944,91,94,-3,3
59945,69,90,-21,21
59946,89,126,-37,37
59947,74,89,-15,15
59948,104,222,-118,118
59949,49,71,-22,22
59950,99,106,-7,7
59951,127,132,-5,5
59952,73,91,-18,18
59953,49,69,-20,20
59954,87,99,-12,12
59955,157,150,7,7
59956,80,100,-20,20
59957,144,133,11,11
59958,83,108,-25,25
59959,131,141,-10,10
59960,95,111,-16,16
59961,141,147,-6,6
59962,89,116,-27,27
59963,59,67,-8,8
59964,86,97,-11,11
59965,118,124,-6,6
59966,78,98,-20,20
59967,148,146,2,2
59968,59,67,-8,8
59969,104,119,-15,15
59970,85,94,-9,9
59971,103,118,-15,15
59972,236,198,38,38
59973,66,91,-25,25
59974,50,84,-34,34
59975,77,85,-8,8
59976,114,109,5,5
59977,85,99,-14,14
59978,88,97,-9,9
59979,74,84,-10,10
59980,71,89,-18,18
59981,155,150,5,5
59982,62,83,-21,21
59983,100,106,-6,6
59984,82,104,-22,22
59985,113,118,-5,5
59986,104,105,-1,1
59987,104,114,-10,10
59988,105,134,-29,29
59989,153,148,5,5
59990,76,87,-11,11
59991,85,88,-3,3
59992,119,135,-16,16
59993,106,109,-3,3
59994,73,91,-18,18
59995,137,137,0,0
59996,79,88,-9,9
59997,186,175,11,11
59998,63,79,-16,16
59999,93,98,-5,5
60000,126,147,-21,21
60001,70,82,-12,12
60002,128,128,0,0
60003,61,76,-15,15
60004,83,87,-4,4
60005,108,114,-6,6
60006,87,106,-19,19
60007,97,113,-16,16
60008,62,79,-17,17
60009,129,137,-8,8
60010,124,124,0,0
60011,63,78,-15,15
60012,138,140,-2,2
60013,53,66,-13,13
60014,76,85,-9,9
60015,138,149,-11,11
60016,123,142,-19,19
60017,57,68,-11,11
60018,83,91,-8,8
60019,96,112,-16,16
60020,119,136,-17,17
60021,72,82,-10,10
60022,78,87,-9,9
60023,106,108,-2,2
60024,83,89,-6,6
60025,71,78,-7,7
60026,205,174,31,31
60027,59,79,-20,20
60028,57,69,-12,12
60029,90,97,-7,7
60030,34,79,-45,45
60031,215,175,40,40
60032,85,100,-15,15
60033,158,153,5,5
60034,136,134,2,2
60035,55,64,-9,9
60036,119,127,-8,8
60037,109,149,-40,40
60038,57,70,-13,13
60039,92,100,-8,8
60040,99,104,-5,5
60041,95,105,-10,10
60042,74,82,-8,8
60043,84,98,-14,14
60044,107,116,-9,9
60045,78,86,-8,8
60046,64,83,-19,19
60047,66,86,-20,20
60048,88,99,-11,11
60049,135,129,6,6
60050,139,140,-1,1
60051,126,149,-23,23
60052,82,93,-11,11
60053,70,80,-10,10
60054,81,98,-17,17
60055,60,79,-19,19
60056,56,70,-14,14
60057,131,135,-4,4
60058,59,77,-18,18
60059,83,88,-5,5
60060,145,148,-3,3
60061,86,99,-13,13
60062,102,112,-10,10
60063,77,93,-16,16
60064,136,134,2,2
60065,68,76,-8,8
60066,81,89,-8,8
60067,82,89,-7,7
60068,85,93,-8,8
60069,121,131,-10,10
60070,69,81,-12,12
60071,56,78,-22,22
60072,170,157,13,13
60073,123,135,-12,12
60074,71,83,-12,12
60075,77,93,-16,16
60076,140,140,0,0
60077,141,144,-3,3
60078,98,109,-11,11
60079,93,97,-4,4
60080,69,93,-24,24
60081,104,111,-7,7
60082,53,78,-25,25
60083,75,91,-16,16
60084,120,128,-8,8
60085,86,111,-25,25
60086,98,106,-8,8
60087,84,100,-16,16
60088,88,102,-14,14
60089,113,123,-10,10
60090,74,87,-13,13
60091,91,96,-5,5
60092,149,145,4,4
60093,82,92,-10,10
60094,84,91,-7,7
60095,195,185,10,10
60096,117,133,-16,16
60097,120,131,-11,11
60098,180,165,15,15
60099,80,104,-24,24
60100,122,127,-5,5
60101,135,136,-1,1
60102,159,157,2,2
60103,107,121,-14,14
60104,76,91,-15,15
60105,85,101,-16,16
60106,87,95,-8,8
60107,88,97,-9,9
60108,41,61,-20,20
60109,78,89,-11,11
60110,61,73,-12,12
60111,87,96,-9,9
60112,129,128,1,1
60113,84,93,-9,9
60114,142,140,2,2
60115,126,136,-10,10
60116,89,96,-7,7
60117,74,80,-6,6
60118,51,65,-14,14
60119,141,136,5,5
60120,83,91,-8,8
60121,120,154,-34,34
60122,144,147,-3,3
60123,67,86,-19,19
60124,82,97,-15,15
60125,67,86,-19,19
60126,85,98,-13,13
60127,62,64,-2,2
60128,106,118,-12,12
60129,59,73,-14,14
60130,73,81,-8,8
60131,145,147,-2,2
60132,65,78,-13,13
60133,72,85,-13,13
60134,118,120,-2,2
60135,105,127,-22,22
60136,71,84,-13,13
60137,96,110,-14,14
60138,111,116,-5,5
60139,73,101,-28,28
60140,88,95,-7,7
60141,210,196,14,14
60142,104,108,-4,4
60143,76,86,-10,10
60144,43,64,-21,21
60145,110,114,-4,4
60146,93,95,-2,2
60147,114,121,-7,7
60148,190,184,6,6
60149,87,100,-13,13
60150,85,91,-6,6
60151,95,108,-13,13
60152,97,124,-27,27
60153,58,71,-13,13
60154,126,143,-17,17
60155,145,140,5,5
60156,61,80,-19,19
60157,113,107,6,6
60158,42,60,-18,18
60159,108,113,-5,5
60160,93,99,-6,6
60161,157,156,1,1
60162,75,90,-15,15
60163,59,76,-17,17
60164,101,101,0,0
60165,83,89,-6,6
60166,95,103,-8,8
60167,100,111,-11,11
60168,69,79,-10,10
60169,108,121,-13,13
60170,79,85,-6,6
60171,105,112,-7,7
60172,98,123,-25,25
60173,123,140,-17,17
60174,103,111,-8,8
60175,158,152,6,6
60176,98,107,-9,9
60177,128,133,-5,5
60178,54,69,-15,15
60179,54,84,-30,30
60180,86,99,-13,13
60181,119,130,-11,11
60182,67,81,-14,14
60183,114,125,-11,11
60184,104,113,-9,9
60185,81,94,-13,13
60186,84,92,-8,8
60187,86,96,-10,10
60188,93,107,-14,14
60189,75,80,-5,5
60190,69,85,-16,16
60191,96,102,-6,6
60192,117,128,-11,11
60193,164,151,13,13
60194,121,124,-3,3
60195,93,99,-6,6
60196,91,97,-6,6
60197,144,146,-2,2
60198,101,113,-12,12
60199,135,135,0,0
60200,102,114,-12,12
60201,83,99,-16,16
60202,88,93,-5,5
60203,101,119,-18,18
60204,102,115,-13,13
60205,102,118,-16,16
60206,105,109,-4,4
60207,99,116,-17,17
60208,151,147,4,4
60209,67,89,-22,22
60210,164,145,19,19
60211,85,102,-17,17
60212,89,105,-16,16
60213,59,74,-15,15
60214,94,97,-3,3
60215,123,127,-4,4
60216,79,115,-36,36
60217,74,89,-15,15
60218,176,164,12,12
60219,59,81,-22,22
60220,100,110,-10,10
60221,123,132,-9,9
60222,104,117,-13,13
60223,145,152,-7,7
60224,97,110,-13,13
60225,175,161,14,14
60226,63,77,-14,14
60227,124,147,-23,23
60228,68,81,-13,13
60229,139,139,0,0
60230,78,83,-5,5
60231,79,87,-8,8
60232,48,71,-23,23
60233,141,147,-6,6
60234,136,132,4,4
60235,123,137,-14,14
60236,85,98,-13,13
60237,128,128,0,0
60238,97,102,-5,5
60239,63,77,-14,14
60240,141,150,-9,9
60241,87,98,-11,11
60242,93,114,-21,21
60243,54,66,-12,12
60244,133,123,10,10
60245,50,70,-20,20
60246,71,82,-11,11
60247,75,89,-14,14
60248,165,158,7,7
60249,64,80,-16,16
60250,95,97,-2,2
60251,65,72,-7,7
60252,106,115,-9,9
60253,91,93,-2,2
60254,70,92,-22,22
60255,124,133,-9,9
60256,48,69,-21,21
60257,74,89,-15,15
60258,64,77,-13,13
60259,104,110,-6,6
60260,82,96,-14,14
60261,82,97,-15,15
60262,147,150,-3,3
60263,123,115,8,8
60264,81,93,-12,12
60265,146,151,-5,5
60266,88,100,-12,12
60267,78,97,-19,19
60268,118,133,-15,15
60269,160,155,5,5
60270,176,162,14,14
60271,133,123,10,10
60272,122,130,-8,8
60273,74,92,-18,18
60274,75,92,-17,17
60275,116,128,-12,12
60276,116,123,-7,7
60277,126,128,-2,2
60278,53,73,-20,20
60279,58,94,-36,36
60280,169,161,8,8
60281,100,123,-23,23
60282,56,77,-21,21
60283,63,84,-21,21
60284,58,72,-14,14
60285,56,85,-29,29
60286,131,148,-17,17
60287,74,82,-8,8
60288,143,142,1,1
60289,127,144,-17,17
60290,98,110,-12,12
60291,60,71,-11,11
60292,65,87,-22,22
60293,76,81,-5,5
60294,72,85,-13,13
60295,83,92,-9,9
60296,41,60,-19,19
60297,91,99,-8,8
60298,125,136,-11,11
60299,119,138,-19,19
60300,92,100,-8,8
60301,100,121,-21,21
60302,125,133,-8,8
60303,95,112,-17,17
60304,108,115,-7,7
60305,118,126,-8,8
60306,124,143,-19,19
60307,31,52,-21,21
60308,175,169,6,6
60309,122,130,-8,8
60310,117,138,-21,21
60311,30,64,-34,34
60312,184,164,20,20
60313,93,100,-7,7
60314,98,105,-7,7
60315,82,92,-10,10
60316,91,105,-14,14
60317,67,91,-24,24
60318,103,96,7,7
60319,127,145,-18,18
60320,64,76,-12,12
60321,70,93,-23,23
60322,68,85,-17,17
60323,87,113,-26,26
60324,103,109,-6,6
60325,91,107,-16,16
60326,77,87,-10,10
60327,70,79,-9,9
60328,90,105,-15,15
60329,64,79,-15,15
60330,53,71,-18,18
60331,87,91,-4,4
60332,112,115,-3,3
60333,91,103,-12,12
60334,132,142,-10,10
60335,116,124,-8,8
60336,99,115,-16,16
60337,80,89,-9,9
60338,125,136,-11,11
60339,83,88,-5,5
60340,123,139,-16,16
60341,126,128,-2,2
60342,114,126,-12,12
60343,139,138,1,1
60344,135,148,-13,13
60345,61,77,-16,16
60346,70,95,-25,25
60347,112,115,-3,3
60348,79,91,-12,12
60349,58,84,-26,26
60350,131,147,-16,16
60351,154,148,6,6
60352,85,101,-16,16
60353,116,114,2,2
60354,71,91,-20,20
60355,62,86,-24,24
60356,72,87,-15,15
60357,137,147,-10,10
60358,152,154,-2,2
60359,85,96,-11,11
60360,63,77,-14,14
60361,67,73,-6,6
60362,108,125,-17,17
60363,120,136,-16,16
60364,103,111,-8,8
60365,96,115,-19,19
60366,108,122,-14,14
60367,49,120,-71,71
60368,83,103,-20,20
60369,91,99,-8,8
60370,112,117,-5,5
60371,148,146,2,2
60372,110,129,-19,19
60373,90,102,-12,12
60374,71,78,-7,7
60375,95,116,-21,21
60376,78,86,-8,8
60377,102,118,-16,16
60378,99,105,-6,6
60379,71,85,-14,14
60380,103,115,-12,12
60381,75,91,-16,16
60382,128,138,-10,10
60383,37,58,-21,21
60384,82,91,-9,9
60385,82,102,-20,20
60386,105,120,-15,15
60387,96,100,-4,4
60388,57,70,-13,13
60389,135,145,-10,10
60390,87,103,-16,16
60391,75,99,-24,24
60392,75,101,-26,26
60393,127,133,-6,6
60394,105,118,-13,13
60395,61,75,-14,14
60396,66,107,-41,41
60397,140,140,0,0
60398,129,137,-8,8
60399,150,147,3,3
60400,109,119,-10,10
60401,115,139,-24,24
60402,118,125,-7,7
60403,58,72,-14,14
60404,79,83,-4,4
60405,28,57,-29,29
60406,173,153,20,20
60407,89,103,-14,14
60408,95,103,-8,8
60409,71,88,-17,17
60410,87,101,-14,14
60411,77,85,-8,8
60412,106,115,-9,9
60413,88,103,-15,15
60414,74,88,-14,14
60415,66,98,-32,32
60416,64,93,-29,29
60417,115,129,-14,14
60418,59,75,-16,16
60419,142,140,2,2
60420,73,78,-5,5
60421,138,138,0,0
60422,110,119,-9,9
60423,81,104,-23,23
60424,143,157,-14,14
60425,137,135,2,2
60426,177,163,14,14
60427,100,113,-13,13
60428,112,125,-13,13
60429,136,155,-19,19
60430,48,62,-14,14
60431,112,146,-34,34
60432,115,129,-14,14
60433,134,143,-9,9
60434,97,114,-17,17
60435,86,95,-9,9
60436,115,121,-6,6
60437,80,90,-10,10
60438,157,149,8,8
60439,59,71,-12,12
60440,118,125,-7,7
60441,64,86,-22,22
60442,123,127,-4,4
60443,70,90,-20,20
60444,60,79,-19,19
60445,76,94,-18,18
60446,161,154,7,7
60447,129,146,-17,17
60448,66,79,-13,13
60449,104,107,-3,3
60450,86,94,-8,8
60451,53,68,-15,15
60452,76,87,-11,11
60453,202,176,26,26
60454,81,89,-8,8
60455,136,144,-8,8
60456,80,89,-9,9
60457,54,74,-20,20
60458,71,81,-10,10
60459,37,59,-22,22
60460,92,101,-9,9
60461,81,100,-19,19
60462,94,130,-36,36
60463,116,121,-5,5
60464,89,104,-15,15
60465,123,124,-1,1
60466,95,103,-8,8
60467,114,118,-4,4
60468,134,147,-13,13
60469,153,152,1,1
60470,82,92,-10,10
60471,104,106,-2,2
60472,101,118,-17,17
60473,73,79,-6,6
60474,121,134,-13,13
60475,147,138,9,9
60476,70,91,-21,21
60477,126,134,-8,8
60478,284,241,43,43
60479,124,144,-20,20
60480,107,115,-8,8
60481,78,91,-13,13
60482,116,124,-8,8
60483,139,145,-6,6
60484,127,132,-5,5
60485,61,80,-19,19
60486,56,73,-17,17
60487,105,114,-9,9
60488,68,84,-16,16
60489,101,107,-6,6
60490,64,83,-19,19
60491,70,85,-15,15
60492,129,138,-9,9
60493,86,97,-11,11
60494,71,86,-15,15
60495,57,152,-95,95
60496,63,93,-30,30
60497,100,102,-2,2
60498,138,148,-10,10
60499,143,142,1,1
60500,123,131,-8,8
60501,114,131,-17,17
60502,69,82,-13,13
60503,71,91,-20,20
60504,65,71,-6,6
60505,94,116,-22,22
60506,73,94,-21,21
60507,77,92,-15,15
60508,68,88,-20,20
60509,126,143,-17,17
60510,133,134,-1,1
60511,111,134,-23,23
60512,80,90,-10,10
60513,74,92,-18,18
60514,91,102,-11,11
60515,111,129,-18,18
60516,100,111,-11,11
60517,191,162,29,29
60518,124,124,0,0
60519,55,70,-15,15
60520,113,112,1,1
60521,34,53,-19,19
60522,108,111,-3,3
60523,74,80,-6,6
60524,163,149,14,14
60525,135,129,6,6
60526,86,116,-30,30
60527,122,129,-7,7
60528,135,135,0,0
60529,68,102,-34,34
60530,75,88,-13,13
60531,127,144,-17,17
60532,65,79,-14,14
60533,83,103,-20,20
60534,103,105,-2,2
60535,79,88,-9,9
60536,77,89,-12,12
60537,116,127,-11,11
60538,123,128,-5,5
60539,70,82,-12,12
60540,66,87,-21,21
60541,102,119,-17,17
60542,108,139,-31,31
60543,64,71,-7,7
60544,116,134,-18,18
60545,154,155,-1,1
60546,78,93,-15,15
60547,97,110,-13,13
60548,64,81,-17,17
60549,109,118,-9,9
60550,109,115,-6,6
60551,110,128,-18,18
60552,124,123,1,1
60553,50,65,-15,15
60554,75,81,-6,6
60555,112,125,-13,13
60556,72,92,-20,20
60557,113,121,-8,8
60558,70,97,-27,27
60559,112,102,10,10
60560,71,84,-13,13
60561,117,124,-7,7
60562,88,96,-8,8
60563,88,95,-7,7
60564,96,96,0,0
60565,114,125,-11,11
60566,46,70,-24,24
60567,82,98,-16,16
60568,77,88,-11,11
60569,68,99,-31,31
60570,79,98,-19,19
60571,78,92,-14,14
60572,48,66,-18,18
60573,55,72,-17,17
60574,110,123,-13,13
60575,106,111,-5,5
60576,88,93,-5,5
60577,90,109,-19,19
60578,84,105,-21,21
60579,78,96,-18,18
60580,108,128,-20,20
60581,52,79,-27,27
60582,162,149,13,13
60583,46,62,-16,16
60584,100,119,-19,19
60585,95,102,-7,7
60586,138,143,-5,5
60587,53,69,-16,16
60588,100,102,-2,2
60589,93,104,-11,11
60590,90,121,-31,31
60591,103,116,-13,13
60592,92,99,-7,7
60593,52,65,-13,13
60594,104,114,-10,10
60595,49,69,-20,20
60596,82,91,-9,9
60597,104,110,-6,6
60598,167,162,5,5
60599,58,80,-22,22
60600,79,93,-14,14
60601,75,82,-7,7
60602,70,87,-17,17
60603,78,94,-16,16
60604,70,85,-15,15
60605,130,139,-9,9
60606,90,106,-16,16
60607,68,80,-12,12
60608,97,119,-22,22
60609,83,96,-13,13
60610,51,69,-18,18
60611,70,87,-17,17
60612,35,72,-37,37
60613,24,76,-52,52
60614,113,108,5,5
60615,133,135,-2,2
60616,90,108,-18,18
60617,84,95,-11,11
60618,86,97,-11,11
60619,63,80,-17,17
60620,51,68,-17,17
60621,153,147,6,6
60622,113,123,-10,10
60623,47,66,-19,19
60624,111,114,-3,3
60625,67,76,-9,9
60626,51,70,-19,19
60627,57,79,-22,22
60628,67,75,-8,8
60629,149,147,2,2
60630,71,83,-12,12
60631,100,122,-22,22
60632,94,114,-20,20
60633,61,74,-13,13
60634,100,102,-2,2
60635,147,147,0,0
60636,92,104,-12,12
60637,79,94,-15,15
60638,95,108,-13,13
60639,155,156,-1,1
60640,88,94,-6,6
60641,149,155,-6,6
60642,128,136,-8,8
60643,73,73,0,0
60644,124,128,-4,4
60645,78,93,-15,15
60646,73,88,-15,15
60647,104,112,-8,8
60648,124,124,0,0
60649,65,87,-22,22
60650,98,113,-15,15
60651,100,105,-5,5
60652,79,87,-8,8
60653,216,180,36,36
60654,77,94,-17,17
60655,64,89,-25,25
60656,43,59,-16,16
60657,124,125,-1,1
60658,87,95,-8,8
60659,98,107,-9,9
60660,91,97,-6,6
60661,81,92,-11,11
60662,109,129,-20,20
60663,61,92,-31,31
60664,86,102,-16,16
60665,126,129,-3,3
60666,85,94,-9,9
60667,94,124,-30,30
60668,68,80,-12,12
60669,77,88,-11,11
60670,72,84,-12,12
60671,107,118,-11,11
60672,83,96,-13,13
60673,116,127,-11,11
60674,59,74,-15,15
60675,53,68,-15,15
60676,137,142,-5,5
60677,128,129,-1,1
60678,97,106,-9,9
60679,97,110,-13,13
60680,75,86,-11,11
60681,107,108,-1,1
60682,96,103,-7,7
60683,139,139,0,0
60684,62,73,-11,11
60685,90,98,-8,8
60686,104,118,-14,14
60687,124,128,-4,4
60688,107,123,-16,16
60689,124,138,-14,14
60690,105,113,-8,8
60691,134,146,-12,12
60692,122,126,-4,4
60693,70,92,-22,22
60694,152,152,0,0
60695,95,102,-7,7
60696,67,99,-32,32
60697,109,117,-8,8
60698,170,200,-30,30
60699,80,97,-17,17
60700,88,96,-8,8
60701,131,112,19,19
60702,84,91,-7,7
60703,97,113,-16,16
60704,149,139,10,10
60705,79,97,-18,18
60706,93,116,-23,23
60707,81,96,-15,15
60708,125,135,-10,10
60709,82,96,-14,14
60710,79,92,-13,13
60711,65,70,-5,5
60712,95,106,-11,11
60713,111,127,-16,16
60714,113,119,-6,6
60715,119,131,-12,12
60716,68,84,-16,16
60717,135,121,14,14
60718,102,102,0,0
60719,96,122,-26,26
60720,107,123,-16,16
60721,86,94,-8,8
60722,158,144,14,14
60723,141,141,0,0
60724,129,139,-10,10
60725,49,62,-13,13
60726,149,148,1,1
60727,114,125,-11,11
60728,40,58,-18,18
60729,55,75,-20,20
60730,85,93,-8,8
60731,65,75,-10,10
60732,97,117,-20,20
60733,148,147,1,1
60734,141,138,3,3
60735,69,81,-12,12
60736,80,93,-13,13
60737,158,147,11,11
60738,75,95,-20,20
60739,88,102,-14,14
60740,110,110,0,0
60741,82,97,-15,15
60742,58,83,-25,25
60743,76,86,-10,10
60744,48,68,-20,20
60745,106,105,1,1
60746,108,121,-13,13
60747,191,166,25,25
60748,100,108,-8,8
60749,58,72,-14,14
60750,117,127,-10,10
60751,233,187,46,46
60752,78,98,-20,20
60753,83,89,-6,6
60754,66,79,-13,13
60755,55,67,-12,12
60756,77,94,-17,17
60757,102,109,-7,7
60758,62,72,-10,10
60759,71,84,-13,13
60760,139,146,-7,7
60761,132,145,-13,13
60762,94,110,-16,16
60763,107,124,-17,17
60764,60,84,-24,24
60765,94,122,-28,28
60766,72,77,-5,5
60767,86,97,-11,11
60768,75,92,-17,17
60769,87,96,-9,9
60770,148,143,5,5
60771,120,122,-2,2
60772,68,84,-16,16
60773,81,88,-7,7
60774,222,207,15,15
60775,68,77,-9,9
60776,103,121,-18,18
60777,133,127,6,6
60778,135,123,12,12
60779,97,103,-6,6
60780,56,70,-14,14
60781,73,84,-11,11
60782,110,127,-17,17
60783,116,127,-11,11
60784,46,57,-11,11
60785,119,125,-6,6
60786,42,64,-22,22
60787,71,96,-25,25
60788,80,80,0,0
60789,87,100,-13,13
60790,73,87,-14,14
60791,99,105,-6,6
60792,36,58,-22,22
60793,70,83,-13,13
60794,55,70,-15,15
60795,104,109,-5,5
60796,135,143,-8,8
60797,103,107,-4,4
60798,83,95,-12,12
60799,87,93,-6,6
60800,78,87,-9,9
60801,68,86,-18,18
60802,70,91,-21,21
60803,112,113,-1,1
60804,99,114,-15,15
60805,103,114,-11,11
60806,87,93,-6,6
60807,105,111,-6,6
60808,94,105,-11,11
60809,185,165,20,20
60810,167,158,9,9
60811,67,87,-20,20
60812,98,95,3,3
60813,109,123,-14,14
60814,139,147,-8,8
60815,88,97,-9,9
60816,117,119,-2,2
60817,101,122,-21,21
60818,124,145,-21,21
60819,182,153,29,29
60820,198,166,32,32
60821,115,122,-7,7
60822,92,107,-15,15
60823,77,85,-8,8
60824,104,114,-10,10
60825,75,88,-13,13
60826,93,94,-1,1
60827,173,169,4,4
60828,121,132,-11,11
60829,141,140,1,1
60830,66,96,-30,30
60831,72,79,-7,7
60832,104,123,-19,19
60833,103,111,-8,8
60834,81,94,-13,13
60835,122,116,6,6
60836,131,136,-5,5
60837,58,75,-17,17
60838,106,114,-8,8
60839,119,120,-1,1
60840,57,69,-12,12
60841,77,88,-11,11
60842,67,76,-9,9
60843,85,94,-9,9
60844,62,79,-17,17
60845,140,143,-3,3
60846,72,91,-19,19
60847,125,136,-11,11
60848,166,154,12,12
60849,133,133,0,0
60850,101,99,2,2
60851,156,150,6,6
60852,68,82,-14,14
60853,70,84,-14,14
60854,127,134,-7,7
60855,89,97,-8,8
60856,111,112,-1,1
60857,154,145,9,9
60858,91,99,-8,8
60859,59,77,-18,18
60860,105,115,-10,10
60861,108,133,-25,25
60862,87,108,-21,21
60863,143,147,-4,4
60864,88,97,-9,9
60865,83,99,-16,16
60866,105,110,-5,5
60867,96,111,-15,15
60868,95,102,-7,7
60869,104,122,-18,18
60870,97,125,-28,28
60871,111,122,-11,11
60872,93,98,-5,5
60873,54,65,-11,11
60874,90,107,-17,17
60875,52,67,-15,15
60876,85,99,-14,14
60877,114,122,-8,8
60878,152,158,-6,6
60879,79,89,-10,10
60880,118,133,-15,15
60881,85,89,-4,4
60882,94,98,-4,4
60883,49,69,-20,20
60884,56,74,-18,18
60885,156,147,9,9
60886,55,66,-11,11
60887,116,126,-10,10
60888,84,97,-13,13
60889,105,110,-5,5
60890,122,125,-3,3
60891,80,101,-21,21
60892,89,96,-7,7
60893,117,122,-5,5
60894,50,64,-14,14
60895,65,84,-19,19
60896,115,129,-14,14
60897,78,91,-13,13
60898,112,123,-11,11
60899,84,91,-7,7
60900,144,149,-5,5
60901,95,103,-8,8
60902,125,135,-10,10
60903,115,139,-24,24
60904,76,85,-9,9
60905,119,125,-6,6
60906,133,151,-18,18
60907,90,93,-3,3
60908,112,123,-11,11
60909,76,88,-12,12
60910,147,148,-1,1
60911,55,71,-16,16
60912,131,129,2,2
60913,116,119,-3,3
60914,84,93,-9,9
60915,72,90,-18,18
60916,73,85,-12,12
60917,43,62,-19,19
60918,73,88,-15,15
60919,82,103,-21,21
60920,56,76,-20,20
60921,99,103,-4,4
60922,105,126,-21,21
60923,79,108,-29,29
60924,138,133,5,5
60925,111,128,-17,17
60926,36,55,-19,19
60927,138,141,-3,3
60928,89,105,-16,16
60929,93,95,-2,2
60930,132,142,-10,10
60931,108,112,-4,4
60932,66,82,-16,16
60933,71,87,-16,16
60934,65,76,-11,11
60935,200,182,18,18
60936,72,119,-47,47
60937,232,216,16,16
60938,75,90,-15,15
60939,186,164,22,22
60940,125,129,-4,4
60941,95,116,-21,21
60942,203,153,50,50
60943,176,159,17,17
60944,129,135,-6,6
60945,76,89,-13,13
60946,143,146,-3,3
60947,49,65,-16,16
60948,92,100,-8,8
60949,92,104,-12,12
60950,75,95,-20,20
60951,105,106,-1,1
60952,155,141,14,14
60953,95,110,-15,15
60954,86,106,-20,20
60955,132,132,0,0
60956,46,66,-20,20
60957,69,88,-19,19
60958,58,87,-29,29
60959,140,138,2,2
60960,70,76,-6,6
60961,89,101,-12,12
60962,84,85,-1,1
60963,124,130,-6,6
60964,71,85,-14,14
60965,127,135,-8,8
60966,69,87,-18,18
60967,111,113,-2,2
60968,125,133,-8,8
60969,85,100,-15,15
60970,76,94,-18,18
60971,85,102,-17,17
60972,55,73,-18,18
60973,92,103,-11,11
60974,182,161,21,21
60975,89,96,-7,7
60976,102,105,-3,3
60977,113,126,-13,13
60978,131,145,-14,14
60979,133,147,-14,14
60980,98,106,-8,8
60981,154,145,9,9
60982,99,107,-8,8
60983,114,123,-9,9
60984,110,111,-1,1
60985,125,125,0,0
60986,52,79,-27,27
60987,42,60,-18,18
60988,80,88,-8,8
60989,83,95,-12,12
60990,143,144,-1,1
60991,56,79,-23,23
60992,131,137,-6,6
60993,112,138,-26,26
60994,110,118,-8,8
60995,104,110,-6,6
60996,71,85,-14,14
60997,36,53,-17,17
60998,57,76,-19,19
60999,72,90,-18,18
61000,119,116,3,3
61001,194,174,20,20
61002,107,110,-3,3
61003,123,131,-8,8
61004,87,95,-8,8
61005,157,152,5,5
61006,75,90,-15,15
61007,94,108,-14,14
61008,85,96,-11,11
61009,85,100,-15,15
61010,44,63,-19,19
61011,78,93,-15,15
61012,97,95,2,2
61013,34,71,-37,37
61014,38,52,-14,14
61015,93,98,-5,5
61016,113,121,-8,8
61017,130,132,-2,2
61018,46,58,-12,12
61019,94,110,-16,16
61020,144,141,3,3
61021,60,77,-17,17
61022,110,120,-10,10
61023,78,95,-17,17
61024,172,166,6,6
61025,117,143,-26,26
61026,60,86,-26,26
61027,114,112,2,2
61028,136,149,-13,13
61029,130,143,-13,13
61030,140,138,2,2
61031,58,80,-22,22
61032,87,94,-7,7
61033,154,148,6,6
61034,84,99,-15,15
61035,78,86,-8,8
61036,224,257,-33,33
61037,77,87,-10,10
61038,114,121,-7,7
61039,64,82,-18,18
61040,145,144,1,1
61041,62,73,-11,11
61042,123,133,-10,10
61043,126,133,-7,7
61044,59,84,-25,25
61045,59,82,-23,23
61046,65,96,-31,31
61047,81,94,-13,13
61048,104,109,-5,5
61049,94,107,-13,13
61050,131,137,-6,6
61051,60,73,-13,13
61052,111,112,-1,1
61053,159,148,11,11
61054,145,147,-2,2
61055,67,78,-11,11
61056,114,122,-8,8
61057,82,92,-10,10
61058,93,106,-13,13
61059,53,76,-23,23
61060,83,100,-17,17
61061,101,114,-13,13
61062,112,136,-24,24
61063,71,74,-3,3
61064,86,92,-6,6
61065,49,110,-61,61
61066,59,70,-11,11
61067,125,127,-2,2
61068,157,154,3,3
61069,90,103,-13,13
61070,160,160,0,0
61071,128,122,6,6
61072,78,97,-19,19
61073,153,152,1,1
61074,87,119,-32,32
61075,133,133,0,0
61076,96,115,-19,19
61077,88,106,-18,18
61078,69,90,-21,21
61079,150,160,-10,10
61080,134,133,1,1
61081,122,129,-7,7
61082,91,103,-12,12
61083,156,147,9,9
61084,76,89,-13,13
61085,44,61,-17,17
61086,117,130,-13,13
61087,110,119,-9,9
61088,101,99,2,2
61089,81,91,-10,10
61090,52,66,-14,14
61091,164,158,6,6
61092,40,59,-19,19
61093,80,98,-18,18
61094,129,130,-1,1
61095,131,132,-1,1
61096,87,103,-16,16
61097,79,89,-10,10
61098,110,115,-5,5
61099,120,123,-3,3
61100,100,134,-34,34
61101,113,124,-11,11
61102,97,128,-31,31
61103,75,84,-9,9
61104,85,107,-22,22
61105,49,64,-15,15
61106,103,126,-23,23
61107,177,165,12,12
61108,94,106,-12,12
61109,130,136,-6,6
61110,72,90,-18,18
61111,158,153,5,5
61112,47,67,-20,20
61113,74,99,-25,25
61114,101,117,-16,16
61115,51,77,-26,26
61116,83,94,-11,11
61117,142,147,-5,5
61118,58,77,-19,19
61119,83,100,-17,17
61120,45,59,-14,14
61121,138,145,-7,7
61122,152,147,5,5
61123,101,122,-21,21
61124,77,84,-7,7
61125,52,89,-37,37
61126,89,93,-4,4
61127,149,147,2,2
61128,78,84,-6,6
61129,146,147,-1,1
61130,122,134,-12,12
61131,88,94,-6,6
61132,131,141,-10,10
61133,67,80,-13,13
61134,107,104,3,3
61135,139,149,-10,10
61136,164,152,12,12
61137,134,134,0,0
61138,71,87,-16,16
61139,87,95,-8,8
61140,68,81,-13,13
61141,56,119,-63,63
61142,118,129,-11,11
61143,101,111,-10,10
61144,75,93,-18,18
61145,127,146,-19,19
61146,85,101,-16,16
61147,57,71,-14,14
61148,37,61,-24,24
61149,116,128,-12,12
61150,108,111,-3,3
61151,137,141,-4,4
61152,58,71,-13,13
61153,67,102,-35,35
61154,106,115,-9,9
61155,132,130,2,2
61156,102,107,-5,5
61157,115,129,-14,14
61158,85,97,-12,12
61159,107,117,-10,10
61160,49,66,-17,17
61161,139,152,-13,13
61162,126,138,-12,12
61163,135,147,-12,12
61164,69,76,-7,7
61165,88,96,-8,8
61166,117,121,-4,4
61167,77,85,-8,8
61168,51,72,-21,21
61169,92,115,-23,23
61170,80,100,-20,20
61171,82,99,-17,17
61172,157,152,5,5
61173,83,95,-12,12
61174,136,133,3,3
61175,147,145,2,2
61176,49,65,-16,16
61177,86,95,-9,9
61178,125,125,0,0
61179,73,81,-8,8
61180,99,124,-25,25
61181,102,116,-14,14
61182,101,112,-11,11
61183,109,110,-1,1
61184,126,131,-5,5
61185,142,134,8,8
61186,62,77,-15,15
61187,113,122,-9,9
61188,149,136,13,13
61189,61,71,-10,10
61190,66,85,-19,19
61191,122,124,-2,2
61192,89,103,-14,14
61193,76,90,-14,14
61194,74,95,-21,21
61195,61,80,-19,19
61196,44,65,-21,21
61197,107,133,-26,26
61198,104,108,-4,4
61199,109,118,-9,9
61200,140,139,1,1
61201,43,64,-21,21
61202,40,61,-21,21
61203,223,185,38,38
61204,95,100,-5,5
61205,47,69,-22,22
61206,71,80,-9,9
61207,121,118,3,3
61208,119,129,-10,10
61209,135,140,-5,5
61210,78,86,-8,8
61211,96,97,-1,1
61212,71,85,-14,14
61213,71,92,-21,21
61214,108,140,-32,32
61215,64,79,-15,15
61216,169,180,-11,11
61217,80,93,-13,13
61218,78,93,-15,15
61219,100,108,-8,8
61220,90,100,-10,10
61221,108,113,-5,5
61222,84,97,-13,13
61223,150,148,2,2
61224,91,118,-27,27
61225,55,74,-19,19
61226,83,93,-10,10
61227,119,154,-35,35
61228,86,98,-12,12
61229,101,117,-16,16
61230,89,98,-9,9
61231,80,100,-20,20
61232,116,120,-4,4
61233,146,149,-3,3
61234,64,87,-23,23
61235,175,165,10,10
61236,139,145,-6,6
61237,79,84,-5,5
61238,120,124,-4,4
61239,84,103,-19,19
61240,132,144,-12,12
61241,71,83,-12,12
61242,104,107,-3,3
61243,60,76,-16,16
61244,171,151,20,20
61245,93,103,-10,10
61246,132,137,-5,5
61247,55,71,-16,16
61248,74,74,0,0
61249,126,127,-1,1
61250,75,92,-17,17
61251,45,72,-27,27
61252,95,104,-9,9
61253,154,145,9,9
61254,143,139,4,4
61255,111,125,-14,14
61256,97,117,-20,20
61257,203,209,-6,6
61258,42,58,-16,16
61259,49,63,-14,14
61260,111,116,-5,5
61261,76,81,-5,5
61262,79,89,-10,10
61263,70,96,-26,26
61264,57,77,-20,20
61265,60,72,-12,12
61266,119,129,-10,10
61267,76,93,-17,17
61268,72,83,-11,11
61269,124,126,-2,2
61270,138,126,12,12
61271,118,128,-10,10
61272,119,121,-2,2
61273,94,99,-5,5
61274,113,143,-30,30
61275,69,98,-29,29
61276,106,113,-7,7
61277,41,64,-23,23
61278,88,95,-7,7
61279,124,142,-18,18
61280,51,69,-18,18
61281,70,90,-20,20
61282,112,121,-9,9
61283,100,109,-9,9
61284,143,147,-4,4
61285,87,106,-19,19
61286,61,78,-17,17
61287,64,82,-18,18
61288,130,131,-1,1
61289,81,93,-12,12
61290,73,78,-5,5
61291,47,63,-16,16
61292,99,123,-24,24
61293,95,104,-9,9
61294,105,116,-11,11
61295,126,136,-10,10
61296,108,113,-5,5
61297,67,82,-15,15
61298,72,96,-24,24
61299,65,73,-8,8
61300,109,116,-7,7
61301,52,68,-16,16
61302,122,123,-1,1
61303,59,73,-14,14
61304,117,138,-21,21
61305,79,85,-6,6
61306,46,65,-19,19
61307,64,88,-24,24
61308,71,97,-26,26
61309,60,73,-13,13
61310,70,81,-11,11
61311,114,123,-9,9
61312,101,115,-14,14
61313,138,144,-6,6
61314,98,100,-2,2
61315,92,106,-14,14
61316,196,178,18,18
61317,109,124,-15,15
61318,55,68,-13,13
61319,166,161,5,5
61320,68,83,-15,15
61321,61,77,-16,16
61322,79,93,-14,14
61323,86,91,-5,5
61324,90,93,-3,3
61325,128,132,-4,4
61326,102,113,-11,11
61327,118,126,-8,8
61328,86,97,-11,11
61329,105,115,-10,10
61330,78,93,-15,15
61331,96,106,-10,10
61332,38,60,-22,22
61333,96,110,-14,14
61334,123,131,-8,8
61335,85,96,-11,11
61336,117,120,-3,3
61337,78,128,-50,50
61338,131,141,-10,10
61339,82,95,-13,13
61340,87,102,-15,15
61341,81,94,-13,13
61342,59,71,-12,12
61343,84,98,-14,14
61344,89,105,-16,16
61345,65,80,-15,15
61346,131,143,-12,12
61347,55,76,-21,21
61348,66,81,-15,15
61349,74,85,-11,11
61350,84,81,3,3
61351,110,116,-6,6
61352,63,85,-22,22
61353,97,98,-1,1
61354,55,77,-22,22
61355,94,105,-11,11
61356,148,149,-1,1
61357,110,109,1,1
61358,161,154,7,7
61359,139,141,-2,2
61360,63,87,-24,24
61361,120,124,-4,4
61362,79,93,-14,14
61363,131,145,-14,14
61364,150,139,11,11
61365,80,91,-11,11
61366,37,56,-19,19
61367,116,124,-8,8
61368,82,94,-12,12
61369,130,135,-5,5
61370,68,87,-19,19
61371,86,93,-7,7
61372,90,92,-2,2
61373,57,72,-15,15
61374,149,142,7,7
61375,79,99,-20,20
61376,126,136,-10,10
61377,120,140,-20,20
61378,197,176,21,21
61379,62,75,-13,13
61380,88,98,-10,10
61381,144,143,1,1
61382,99,107,-8,8
61383,101,129,-28,28
61384,111,114,-3,3
61385,61,75,-14,14
61386,85,92,-7,7
61387,96,106,-10,10
61388,125,131,-6,6
61389,107,110,-3,3
61390,136,133,3,3
61391,148,147,1,1
61392,98,117,-19,19
61393,66,75,-9,9
61394,95,91,4,4
61395,107,107,0,0
61396,47,71,-24,24
61397,78,93,-15,15
61398,81,90,-9,9
61399,72,89,-17,17
61400,84,108,-24,24
61401,145,151,-6,6
61402,77,86,-9,9
61403,90,99,-9,9
61404,131,132,-1,1
61405,91,97,-6,6
61406,38,83,-45,45
61407,94,103,-9,9
61408,111,116,-5,5
61409,145,148,-3,3
61410,84,99,-15,15
61411,87,88,-1,1
61412,115,118,-3,3
61413,95,102,-7,7
61414,144,143,1,1
61415,90,96,-6,6
61416,101,103,-2,2
61417,91,102,-11,11
61418,190,181,9,9
61419,80,93,-13,13
61420,167,153,14,14
61421,83,88,-5,5
61422,66,80,-14,14
61423,50,67,-17,17
61424,111,122,-11,11
61425,83,101,-18,18
61426,72,80,-8,8
61427,73,83,-10,10
61428,79,99,-20,20
61429,66,84,-18,18
61430,83,92,-9,9
61431,262,231,31,31
61432,108,134,-26,26
61433,117,123,-6,6
61434,98,101,-3,3
61435,85,99,-14,14
61436,63,78,-15,15
61437,190,177,13,13
61438,85,94,-9,9
61439,123,122,1,1
61440,144,148,-4,4
61441,75,91,-16,16
61442,97,104,-7,7
61443,85,92,-7,7
61444,69,83,-14,14
61445,77,91,-14,14
61446,61,80,-19,19
61447,75,85,-10,10
61448,97,131,-34,34
61449,70,84,-14,14
61450,85,101,-16,16
61451,61,80,-19,19
61452,77,84,-7,7
61453,58,76,-18,18
61454,83,93,-10,10
61455,91,109,-18,18
61456,53,74,-21,21
61457,55,67,-12,12
61458,87,98,-11,11
61459,80,97,-17,17
61460,53,75,-22,22
61461,133,132,1,1
61462,90,108,-18,18
61463,60,78,-18,18
61464,68,85,-17,17
61465,66,71,-5,5
61466,112,123,-11,11
61467,139,142,-3,3
61468,50,68,-18,18
61469,120,134,-14,14
61470,77,91,-14,14
61471,81,87,-6,6
61472,87,94,-7,7
61473,43,67,-24,24
61474,68,78,-10,10
61475,58,70,-12,12
61476,120,131,-11,11
61477,114,114,0,0
61478,173,159,14,14
61479,62,81,-19,19
61480,115,119,-4,4
61481,213,188,25,25
61482,108,117,-9,9
61483,53,80,-27,27
61484,85,89,-4,4
61485,119,127,-8,8
61486,74,93,-19,19
61487,93,100,-7,7
61488,72,84,-12,12
61489,104,105,-1,1
61490,88,102,-14,14
61491,56,82,-26,26
61492,139,144,-5,5
61493,110,127,-17,17
61494,93,96,-3,3
61495,54,61,-7,7
61496,83,104,-21,21
61497,73,80,-7,7
61498,202,177,25,25
61499,95,103,-8,8
61500,51,72,-21,21
61501,141,133,8,8
61502,130,137,-7,7
61503,89,104,-15,15
61504,67,84,-17,17
61505,92,94,-2,2
61506,138,149,-11,11
61507,50,66,-16,16
61508,85,89,-4,4
61509,118,112,6,6
61510,84,92,-8,8
61511,95,105,-10,10
61512,92,110,-18,18
61513,141,150,-9,9
61514,94,108,-14,14
61515,117,126,-9,9
61516,82,82,0,0
61517,73,90,-17,17
61518,108,110,-2,2
61519,93,115,-22,22
61520,156,156,0,0
61521,84,98,-14,14
61522,106,106,0,0
61523,91,106,-15,15
61524,88,107,-19,19
61525,78,84,-6,6
61526,136,140,-4,4
61527,59,82,-23,23
61528,94,113,-19,19
61529,100,112,-12,12
61530,144,146,-2,2
61531,89,121,-32,32
61532,67,84,-17,17
61533,28,51,-23,23
61534,114,121,-7,7
61535,123,142,-19,19
61536,85,92,-7,7
61537,77,91,-14,14
61538,89,117,-28,28
61539,90,100,-10,10
61540,80,95,-15,15
61541,114,135,-21,21
61542,46,63,-17,17
61543,123,125,-2,2
61544,132,139,-7,7
61545,106,129,-23,23
61546,93,105,-12,12
61547,100,131,-31,31
61548,82,91,-9,9
61549,170,170,0,0
61550,103,127,-24,24
61551,60,79,-19,19
61552,101,123,-22,22
61553,101,105,-4,4
61554,106,112,-6,6
61555,53,80,-27,27
61556,45,59,-14,14
61557,102,126,-24,24
61558,74,84,-10,10
61559,107,126,-19,19
61560,95,110,-15,15
61561,96,107,-11,11
61562,100,110,-10,10
61563,40,69,-29,29
61564,85,91,-6,6
61565,59,76,-17,17
61566,107,114,-7,7
61567,157,148,9,9
61568,72,89,-17,17
61569,104,105,-1,1
61570,53,74,-21,21
61571,131,135,-4,4
61572,147,147,0,0
61573,80,92,-12,12
61574,135,140,-5,5
61575,119,119,0,0
61576,128,133,-5,5
61577,126,131,-5,5
61578,91,94,-3,3
61579,102,102,0,0
61580,55,75,-20,20
61581,69,85,-16,16
61582,57,78,-21,21
61583,53,71,-18,18
61584,109,108,1,1
61585,106,101,5,5
61586,106,118,-12,12
61587,128,122,6,6
61588,84,92,-8,8
61589,73,90,-17,17
61590,137,122,15,15
61591,96,109,-13,13
61592,106,116,-10,10
61593,119,126,-7,7
61594,113,125,-12,12
61595,138,148,-10,10
61596,52,69,-17,17
61597,115,126,-11,11
61598,66,80,-14,14
61599,114,128,-14,14
61600,46,74,-28,28
61601,108,113,-5,5
61602,85,91,-6,6
61603,67,77,-10,10
61604,66,75,-9,9
61605,76,91,-15,15
61606,93,98,-5,5
61607,145,152,-7,7
61608,122,125,-3,3
61609,88,95,-7,7
61610,59,75,-16,16
61611,77,91,-14,14
61612,84,101,-17,17
61613,71,86,-15,15
61614,93,98,-5,5
61615,71,82,-11,11
61616,40,67,-27,27
61617,165,155,10,10
61618,104,117,-13,13
61619,54,68,-14,14
61620,46,59,-13,13
61621,70,82,-12,12
61622,51,72,-21,21
61623,86,93,-7,7
61624,86,97,-11,11
61625,90,98,-8,8
61626,160,157,3,3
61627,119,123,-4,4
61628,78,97,-19,19
61629,112,135,-23,23
61630,89,104,-15,15
61631,96,111,-15,15
61632,96,109,-13,13
61633,96,107,-11,11
61634,33,52,-19,19
61635,78,89,-11,11
61636,65,74,-9,9
61637,69,85,-16,16
61638,85,96,-11,11
61639,71,78,-7,7
61640,119,119,0,0
61641,100,104,-4,4
61642,102,111,-9,9
61643,96,101,-5,5
61644,77,86,-9,9
61645,91,112,-21,21
61646,175,162,13,13
61647,96,110,-14,14
61648,133,135,-2,2
61649,107,135,-28,28
61650,98,107,-9,9
61651,94,110,-16,16
61652,67,83,-16,16
61653,116,129,-13,13
61654,73,93,-20,20
61655,83,86,-3,3
61656,75,90,-15,15
61657,109,130,-21,21
61658,143,149,-6,6
61659,84,96,-12,12
61660,79,100,-21,21
61661,104,116,-12,12
61662,44,60,-16,16
61663,53,61,-8,8
61664,108,122,-14,14
61665,86,104,-18,18
61666,119,128,-9,9
61667,56,65,-9,9
61668,88,103,-15,15
61669,118,125,-7,7
61670,102,113,-11,11
61671,49,62,-13,13
61672,99,106,-7,7
61673,105,172,-67,67
61674,131,121,10,10
61675,78,83,-5,5
61676,99,105,-6,6
61677,23,46,-23,23
61678,126,137,-11,11
61679,92,98,-6,6
61680,85,103,-18,18
61681,61,78,-17,17
61682,137,148,-11,11
61683,74,91,-17,17
61684,129,130,-1,1
61685,156,156,0,0
61686,72,81,-9,9
61687,151,143,8,8
61688,72,80,-8,8
61689,81,104,-23,23
61690,128,129,-1,1
61691,136,134,2,2
61692,111,125,-14,14
61693,150,154,-4,4
61694,79,92,-13,13
61695,124,130,-6,6
61696,133,136,-3,3
61697,106,124,-18,18
61698,71,86,-15,15
61699,69,78,-9,9
61700,105,124,-19,19
61701,60,73,-13,13
61702,97,107,-10,10
61703,129,144,-15,15
61704,70,85,-15,15
61705,137,148,-11,11
61706,110,112,-2,2
61707,97,108,-11,11
61708,149,163,-14,14
61709,63,78,-15,15
61710,71,89,-18,18
61711,108,113,-5,5
61712,127,135,-8,8
61713,92,109,-17,17
61714,41,58,-17,17
61715,87,97,-10,10
61716,95,100,-5,5
61717,58,76,-18,18
61718,103,123,-20,20
61719,106,114,-8,8
61720,100,114,-14,14
61721,49,74,-25,25
61722,103,129,-26,26
61723,147,155,-8,8
61724,110,118,-8,8
61725,121,147,-26,26
61726,66,77,-11,11
61727,66,81,-15,15
61728,75,86,-11,11
61729,127,143,-16,16
61730,96,110,-14,14
61731,179,161,18,18
61732,153,152,1,1
61733,89,96,-7,7
61734,111,128,-17,17
61735,124,114,10,10
61736,86,91,-5,5
61737,98,116,-18,18
61738,82,98,-16,16
61739,138,130,8,8
61740,98,105,-7,7
61741,187,174,13,13
61742,141,142,-1,1
61743,72,89,-17,17
61744,110,114,-4,4
61745,87,103,-16,16
61746,60,75,-15,15
61747,71,86,-15,15
61748,123,135,-12,12
61749,57,75,-18,18
61750,113,127,-14,14
61751,148,149,-1,1
61752,73,90,-17,17
61753,62,83,-21,21
61754,108,135,-27,27
61755,105,111,-6,6
61756,152,133,19,19
61757,51,67,-16,16
61758,127,131,-4,4
61759,31,71,-40,40
61760,68,80,-12,12
61761,163,150,13,13
61762,160,150,10,10
61763,73,95,-22,22
61764,43,59,-16,16
61765,102,111,-9,9
61766,91,116,-25,25
61767,136,134,2,2
61768,92,100,-8,8
61769,60,78,-18,18
61770,45,67,-22,22
61771,111,118,-7,7
61772,95,114,-19,19
61773,100,107,-7,7
61774,139,148,-9,9
61775,99,106,-7,7
61776,68,84,-16,16
61777,55,71,-16,16
61778,110,108,2,2
61779,67,86,-19,19
61780,103,110,-7,7
61781,115,121,-6,6
61782,131,149,-18,18
61783,106,125,-19,19
61784,154,151,3,3
61785,104,122,-18,18
61786,91,95,-4,4
61787,139,148,-9,9
61788,56,71,-15,15
61789,139,140,-1,1
61790,72,83,-11,11
61791,144,147,-3,3
61792,112,120,-8,8
61793,68,78,-10,10
61794,88,98,-10,10
61795,79,105,-26,26
61796,104,119,-15,15
61797,54,66,-12,12
61798,111,112,-1,1
61799,87,97,-10,10
61800,185,170,15,15
61801,92,106,-14,14
61802,68,86,-18,18
61803,91,102,-11,11
61804,84,91,-7,7
61805,82,93,-11,11
61806,126,133,-7,7
61807,71,88,-17,17
61808,72,82,-10,10
61809,137,148,-11,11
61810,61,82,-21,21
61811,106,116,-10,10
61812,59,67,-8,8
61813,77,82,-5,5
61814,149,135,14,14
61815,63,79,-16,16
61816,66,85,-19,19
61817,105,112,-7,7
61818,85,91,-6,6
61819,109,113,-4,4
61820,81,99,-18,18
61821,60,80,-20,20
61822,40,61,-21,21
61823,95,105,-10,10
61824,110,107,3,3
61825,68,78,-10,10
61826,67,85,-18,18
61827,76,90,-14,14
61828,188,175,13,13
61829,59,74,-15,15
61830,131,129,2,2
61831,108,114,-6,6
61832,114,127,-13,13
61833,108,115,-7,7
61834,104,113,-9,9
61835,94,107,-13,13
61836,47,64,-17,17
61837,77,81,-4,4
61838,80,93,-13,13
61839,96,111,-15,15
61840,103,115,-12,12
61841,109,119,-10,10
61842,66,92,-26,26
61843,98,101,-3,3
61844,126,121,5,5
61845,97,121,-24,24
61846,99,108,-9,9
61847,107,116,-9,9
61848,129,139,-10,10
61849,87,103,-16,16
61850,69,84,-15,15
61851,115,117,-2,2
61852,99,111,-12,12
61853,99,110,-11,11
61854,155,160,-5,5
61855,121,127,-6,6
61856,123,135,-12,12
61857,91,101,-10,10
61858,68,91,-23,23
61859,118,117,1,1
61860,98,109,-11,11
61861,108,116,-8,8
61862,112,120,-8,8
61863,80,89,-9,9
61864,92,143,-51,51
61865,116,119,-3,3
61866,56,75,-19,19
61867,127,135,-8,8
61868,50,70,-20,20
61869,121,124,-3,3
61870,157,155,2,2
61871,78,88,-10,10
61872,85,91,-6,6
61873,142,147,-5,5
61874,42,61,-19,19
61875,62,81,-19,19
61876,61,80,-19,19
61877,75,89,-14,14
61878,82,98,-16,16
61879,107,114,-7,7
61880,130,140,-10,10
61881,64,81,-17,17
61882,75,84,-9,9
61883,109,114,-5,5
61884,65,85,-20,20
61885,112,124,-12,12
61886,88,107,-19,19
61887,140,142,-2,2
61888,132,133,-1,1
61889,108,124,-16,16
61890,92,96,-4,4
61891,63,76,-13,13
61892,48,67,-19,19
61893,144,128,16,16
61894,104,113,-9,9
61895,107,113,-6,6
61896,52,89,-37,37
61897,73,86,-13,13
61898,44,63,-19,19
61899,120,125,-5,5
61900,87,96,-9,9
61901,110,125,-15,15
61902,73,87,-14,14
61903,79,98,-19,19
61904,57,75,-18,18
61905,68,85,-17,17
61906,81,112,-31,31
61907,63,76,-13,13
61908,41,58,-17,17
61909,71,77,-6,6
61910,106,125,-19,19
61911,105,104,1,1
61912,183,152,31,31
61913,111,130,-19,19
61914,137,142,-5,5
61915,51,72,-21,21
61916,40,58,-18,18
61917,70,96,-26,26
61918,120,123,-3,3
61919,57,77,-20,20
61920,66,77,-11,11
61921,140,135,5,5
61922,71,91,-20,20
61923,96,104,-8,8
61924,108,119,-11,11
61925,134,149,-15,15
61926,97,105,-8,8
61927,44,60,-16,16
61928,49,66,-17,17
61929,63,75,-12,12
61930,97,111,-14,14
61931,38,56,-18,18
61932,68,83,-15,15
61933,114,115,-1,1
61934,105,120,-15,15
61935,36,55,-19,19
61936,69,77,-8,8
61937,101,111,-10,10
61938,155,148,7,7
61939,53,84,-31,31
61940,151,147,4,4
61941,65,78,-13,13
61942,64,82,-18,18
61943,181,161,20,20
61944,110,128,-18,18
61945,93,106,-13,13
61946,183,170,13,13
61947,94,103,-9,9
61948,91,104,-13,13
61949,105,123,-18,18
61950,51,68,-17,17
61951,76,89,-13,13
61952,60,84,-24,24
61953,72,84,-12,12
61954,108,115,-7,7
61955,119,123,-4,4
61956,98,120,-22,22
61957,119,122,-3,3
61958,122,127,-5,5
61959,90,102,-12,12
61960,55,72,-17,17
61961,62,72,-10,10
61962,41,62,-21,21
61963,86,93,-7,7
61964,58,68,-10,10
61965,159,156,3,3
61966,84,96,-12,12
61967,101,113,-12,12
61968,107,111,-4,4
61969,150,148,2,2
61970,105,120,-15,15
61971,83,95,-12,12
61972,78,102,-24,24
61973,51,70,-19,19
61974,83,105,-22,22
61975,111,123,-12,12
61976,116,136,-20,20
61977,124,115,9,9
61978,116,121,-5,5
61979,133,139,-6,6
61980,143,145,-2,2
61981,102,116,-14,14
61982,94,108,-14,14
61983,66,81,-15,15
61984,76,94,-18,18
61985,108,115,-7,7
61986,69,76,-7,7
61987,90,93,-3,3
61988,65,90,-25,25
61989,157,156,1,1
61990,81,85,-4,4
61991,116,130,-14,14
61992,94,102,-8,8
61993,98,125,-27,27
61994,149,146,3,3
61995,87,99,-12,12
61996,124,132,-8,8
61997,121,129,-8,8
61998,157,148,9,9
61999,100,108,-8,8
62000,129,140,-11,11
62001,97,107,-10,10
62002,57,71,-14,14
62003,108,112,-4,4
62004,64,78,-14,14
62005,195,173,22,22
62006,81,95,-14,14
62007,92,101,-9,9
62008,139,149,-10,10
62009,67,80,-13,13
62010,78,99,-21,21
62011,56,72,-16,16
62012,90,99,-9,9
62013,69,85,-16,16
62014,109,112,-3,3
62015,67,82,-15,15
62016,65,85,-20,20
62017,67,89,-22,22
62018,128,126,2,2
62019,101,107,-6,6
62020,103,109,-6,6
62021,66,76,-10,10
62022,78,91,-13,13
62023,121,125,-4,4
62024,99,118,-19,19
62025,69,76,-7,7
62026,64,81,-17,17
62027,66,82,-16,16
62028,76,89,-13,13
62029,91,101,-10,10
62030,49,71,-22,22
62031,222,186,36,36
62032,71,79,-8,8
62033,155,154,1,1
62034,80,95,-15,15
62035,94,89,5,5
62036,70,80,-10,10
62037,106,115,-9,9
62038,81,94,-13,13
62039,90,93,-3,3
62040,73,87,-14,14
62041,65,77,-12,12
62042,71,89,-18,18
62043,140,132,8,8
62044,109,126,-17,17
62045,72,83,-11,11
62046,95,114,-19,19
62047,92,98,-6,6
62048,104,118,-14,14
62049,74,88,-14,14
62050,102,111,-9,9
62051,75,92,-17,17
62052,100,107,-7,7
62053,111,126,-15,15
62054,52,65,-13,13
62055,79,85,-6,6
62056,99,106,-7,7
62057,140,149,-9,9
62058,181,179,2,2
62059,106,120,-14,14
62060,59,67,-8,8
62061,129,128,1,1
62062,95,129,-34,34
62063,50,76,-26,26
62064,71,81,-10,10
62065,46,73,-27,27
62066,103,123,-20,20
62067,82,97,-15,15
62068,114,115,-1,1
62069,114,118,-4,4
62070,92,106,-14,14
62071,74,91,-17,17
62072,102,113,-11,11
62073,104,111,-7,7
62074,86,94,-8,8
62075,51,85,-34,34
62076,86,95,-9,9
62077,78,94,-16,16
62078,99,115,-16,16
62079,95,105,-10,10
62080,82,99,-17,17
62081,111,129,-18,18
62082,129,128,1,1
62083,90,121,-31,31
62084,139,143,-4,4
62085,72,97,-25,25
62086,55,72,-17,17
62087,165,154,11,11
62088,115,125,-10,10
62089,61,84,-23,23
62090,84,95,-11,11
62091,136,144,-8,8
62092,83,93,-10,10
62093,27,89,-62,62
62094,108,119,-11,11
62095,147,141,6,6
62096,120,127,-7,7
62097,73,117,-44,44
62098,60,81,-21,21
62099,123,136,-13,13
62100,89,106,-17,17
62101,73,82,-9,9
62102,64,82,-18,18
62103,62,78,-16,16
62104,100,110,-10,10
62105,100,101,-1,1
62106,48,76,-28,28
62107,119,122,-3,3
62108,53,71,-18,18
62109,142,149,-7,7
62110,58,74,-16,16
62111,100,128,-28,28
62112,77,92,-15,15
62113,71,98,-27,27
62114,126,134,-8,8
62115,50,69,-19,19
62116,205,169,36,36
62117,60,76,-16,16
62118,91,99,-8,8
62119,70,91,-21,21
62120,90,107,-17,17
62121,159,156,3,3
62122,75,88,-13,13
62123,116,106,10,10
62124,109,124,-15,15
62125,143,145,-2,2
62126,112,113,-1,1
62127,84,98,-14,14
62128,170,171,-1,1
62129,150,150,0,0
62130,109,116,-7,7
62131,161,152,9,9
62132,99,113,-14,14
62133,127,124,3,3
62134,62,78,-16,16
62135,133,136,-3,3
62136,101,115,-14,14
62137,127,127,0,0
62138,89,101,-12,12
62139,95,102,-7,7
62140,150,147,3,3
62141,49,62,-13,13
62142,92,108,-16,16
62143,92,102,-10,10
62144,38,63,-25,25
62145,145,152,-7,7
62146,156,159,-3,3
62147,125,129,-4,4
62148,51,65,-14,14
62149,134,123,11,11
62150,92,113,-21,21
62151,85,105,-20,20
62152,60,73,-13,13
62153,67,84,-17,17
62154,99,122,-23,23
62155,159,158,1,1
62156,86,102,-16,16
62157,75,77,-2,2
62158,42,58,-16,16
62159,71,89,-18,18
62160,136,145,-9,9
62161,67,92,-25,25
62162,112,120,-8,8
62163,71,87,-16,16
62164,48,74,-26,26
62165,139,147,-8,8
62166,114,150,-36,36
62167,48,61,-13,13
62168,86,99,-13,13
62169,119,123,-4,4
62170,94,107,-13,13
62171,105,117,-12,12
62172,104,106,-2,2
62173,85,94,-9,9
62174,66,78,-12,12
62175,93,100,-7,7
62176,88,103,-15,15
62177,67,81,-14,14
62178,91,110,-19,19
62179,110,120,-10,10
62180,80,86,-6,6
62181,98,119,-21,21
62182,126,132,-6,6
62183,52,73,-21,21
62184,63,81,-18,18
62185,91,113,-22,22
62186,103,114,-11,11
62187,68,78,-10,10
62188,73,97,-24,24
62189,95,109,-14,14
62190,100,109,-9,9
62191,111,108,3,3
62192,100,114,-14,14
62193,75,91,-16,16
62194,84,104,-20,20
62195,75,95,-20,20
62196,139,136,3,3
62197,105,118,-13,13
62198,84,107,-23,23
62199,137,136,1,1
62200,65,109,-44,44
62201,97,106,-9,9
62202,78,94,-16,16
62203,122,137,-15,15
62204,72,89,-17,17
62205,80,109,-29,29
62206,132,127,5,5
62207,113,121,-8,8
62208,121,128,-7,7
62209,72,84,-12,12
62210,95,110,-15,15
62211,124,133,-9,9
62212,122,129,-7,7
62213,152,150,2,2
62214,105,111,-6,6
62215,103,116,-13,13
62216,111,117,-6,6
62217,60,72,-12,12
62218,75,111,-36,36
62219,69,85,-16,16
62220,85,90,-5,5
62221,91,115,-24,24
62222,106,107,-1,1
62223,76,96,-20,20
62224,43,61,-18,18
62225,65,80,-15,15
62226,180,176,4,4
62227,38,70,-32,32
62228,86,99,-13,13
62229,77,92,-15,15
62230,110,120,-10,10
62231,111,122,-11,11
62232,134,134,0,0
62233,123,141,-18,18
62234,67,83,-16,16
62235,77,97,-20,20
62236,95,116,-21,21
62237,94,105,-11,11
62238,131,140,-9,9
62239,88,111,-23,23
62240,130,136,-6,6
62241,78,91,-13,13
62242,98,109,-11,11
62243,66,83,-17,17
62244,63,77,-14,14
62245,85,96,-11,11
62246,82,98,-16,16
62247,82,100,-18,18
62248,104,112,-8,8
62249,120,125,-5,5
62250,68,84,-16,16
62251,108,121,-13,13
62252,101,107,-6,6
62253,102,110,-8,8
62254,161,160,1,1
62255,48,71,-23,23
62256,82,99,-17,17
62257,134,137,-3,3
62258,102,108,-6,6
62259,47,63,-16,16
62260,101,95,6,6
62261,103,111,-8,8
62262,158,148,10,10
62263,79,99,-20,20
62264,126,131,-5,5
62265,72,94,-22,22
62266,103,114,-11,11
62267,86,106,-20,20
62268,73,95,-22,22
62269,150,143,7,7
62270,69,78,-9,9
62271,89,98,-9,9
62272,102,109,-7,7
62273,89,104,-15,15
62274,92,103,-11,11
62275,91,101,-10,10
62276,69,85,-16,16
62277,31,57,-26,26
62278,62,74,-12,12
62279,74,94,-20,20
62280,73,81,-8,8
62281,92,93,-1,1
62282,68,80,-12,12
62283,121,124,-3,3
62284,160,159,1,1
62285,124,133,-9,9
62286,71,84,-13,13
62287,98,100,-2,2
62288,85,93,-8,8
62289,93,101,-8,8
62290,87,93,-6,6
62291,210,176,34,34
62292,74,88,-14,14
62293,84,104,-20,20
62294,141,146,-5,5
62295,68,84,-16,16
62296,118,127,-9,9
62297,75,91,-16,16
62298,150,148,2,2
62299,162,156,6,6
62300,59,73,-14,14
62301,82,96,-14,14
62302,118,124,-6,6
62303,94,111,-17,17
62304,75,106,-31,31
62305,71,86,-15,15
62306,131,137,-6,6
62307,120,123,-3,3
62308,91,104,-13,13
62309,112,117,-5,5
62310,145,149,-4,4
62311,93,97,-4,4
62312,93,108,-15,15
62313,89,90,-1,1
62314,110,116,-6,6
62315,78,93,-15,15
62316,80,89,-9,9
62317,133,143,-10,10
62318,50,64,-14,14
62319,82,98,-16,16
62320,145,141,4,4
62321,126,119,7,7
62322,105,112,-7,7
62323,159,156,3,3
62324,118,129,-11,11
62325,142,145,-3,3
62326,108,115,-7,7
62327,110,120,-10,10
62328,106,105,1,1
62329,119,127,-8,8
62330,90,105,-15,15
62331,68,84,-16,16
62332,119,120,-1,1
62333,162,155,7,7
62334,76,95,-19,19
62335,89,95,-6,6
62336,57,78,-21,21
62337,79,90,-11,11
62338,72,96,-24,24
62339,110,110,0,0
62340,82,90,-8,8
62341,76,85,-9,9
62342,68,87,-19,19
62343,79,111,-32,32
62344,64,82,-18,18
62345,151,143,8,8
62346,64,80,-16,16
62347,110,115,-5,5
62348,78,85,-7,7
62349,123,135,-12,12
62350,118,125,-7,7
62351,58,77,-19,19
62352,140,140,0,0
62353,128,127,1,1
62354,57,67,-10,10
62355,101,117,-16,16
62356,106,111,-5,5
62357,71,92,-21,21
62358,61,73,-12,12
62359,187,159,28,28
62360,123,123,0,0
62361,64,77,-13,13
62362,59,78,-19,19
62363,83,96,-13,13
62364,68,87,-19,19
62365,83,91,-8,8
62366,111,116,-5,5
62367,86,104,-18,18
62368,87,97,-10,10
62369,97,103,-6,6
62370,76,95,-19,19
62371,91,109,-18,18
62372,169,152,17,17
62373,51,61,-10,10
62374,57,89,-32,32
62375,168,167,1,1
62376,93,88,5,5
62377,93,102,-9,9
62378,98,100,-2,2
62379,76,97,-21,21
62380,142,145,-3,3
62381,60,78,-18,18
62382,118,120,-2,2
62383,40,71,-31,31
62384,68,80,-12,12
62385,75,83,-8,8
62386,97,107,-10,10
62387,124,133,-9,9
62388,68,77,-9,9
62389,89,96,-7,7
62390,109,118,-9,9
62391,53,67,-14,14
62392,112,117,-5,5
62393,140,150,-10,10
62394,113,115,-2,2
62395,105,126,-21,21
62396,69,84,-15,15
62397,98,128,-30,30
62398,150,149,1,1
62399,93,100,-7,7
62400,117,133,-16,16
62401,44,60,-16,16
62402,65,71,-6,6
62403,78,84,-6,6
62404,149,150,-1,1
62405,75,87,-12,12
62406,82,94,-12,12
62407,93,101,-8,8
62408,129,146,-17,17
62409,46,67,-21,21
62410,56,62,-6,6
62411,99,97,2,2
62412,31,61,-30,30
62413,113,123,-10,10
62414,167,166,1,1
62415,113,123,-10,10
62416,171,170,1,1
62417,71,85,-14,14
62418,103,116,-13,13
62419,76,93,-17,17
62420,64,73,-9,9
62421,105,118,-13,13
62422,176,165,11,11
62423,127,128,-1,1
62424,118,119,-1,1
62425,88,106,-18,18
62426,133,143,-10,10
62427,84,103,-19,19
62428,108,122,-14,14
62429,72,87,-15,15
62430,128,134,-6,6
62431,36,59,-23,23
62432,116,116,0,0
62433,105,118,-13,13
62434,85,99,-14,14
62435,48,63,-15,15
62436,142,135,7,7
62437,78,78,0,0
62438,72,91,-19,19
62439,255,227,28,28
62440,113,129,-16,16
62441,98,99,-1,1
62442,143,142,1,1
62443,85,119,-34,34
62444,111,122,-11,11
62445,106,116,-10,10
62446,111,124,-13,13
62447,84,91,-7,7
62448,74,94,-20,20
62449,87,101,-14,14
62450,133,143,-10,10
62451,111,131,-20,20
62452,78,93,-15,15
62453,83,99,-16,16
62454,117,114,3,3
62455,97,105,-8,8
62456,127,140,-13,13
62457,66,78,-12,12
62458,124,126,-2,2
62459,72,87,-15,15
62460,108,104,4,4
62461,124,135,-11,11
62462,137,132,5,5
62463,84,95,-11,11
62464,175,172,3,3
62465,32,46,-14,14
62466,127,122,5,5
62467,139,147,-8,8
62468,84,128,-44,44
62469,138,148,-10,10
62470,147,150,-3,3
62471,49,65,-16,16
62472,87,98,-11,11
62473,71,87,-16,16
62474,89,90,-1,1
62475,122,130,-8,8
62476,110,127,-17,17
62477,112,123,-11,11
62478,161,149,12,12
62479,78,98,-20,20
62480,84,99,-15,15
62481,96,98,-2,2
62482,83,95,-12,12
62483,166,149,17,17
62484,69,83,-14,14
62485,48,62,-14,14
62486,84,85,-1,1
62487,113,104,9,9
62488,89,103,-14,14
62489,51,69,-18,18
62490,101,111,-10,10
62491,70,83,-13,13
62492,107,112,-5,5
62493,99,107,-8,8
62494,142,141,1,1
62495,123,121,2,2
62496,81,89,-8,8
62497,60,72,-12,12
62498,139,141,-2,2
62499,93,101,-8,8
62500,123,141,-18,18
62501,101,95,6,6
62502,128,139,-11,11
62503,72,86,-14,14
62504,134,132,2,2
62505,89,104,-15,15
62506,162,154,8,8
62507,129,122,7,7
62508,97,109,-12,12
62509,63,87,-24,24
62510,88,104,-16,16
62511,47,63,-16,16
62512,163,153,10,10
62513,169,171,-2,2
62514,88,96,-8,8
62515,116,126,-10,10
62516,68,87,-19,19
62517,66,84,-18,18
62518,75,89,-14,14
62519,79,100,-21,21
62520,132,144,-12,12
62521,64,83,-19,19
62522,154,150,4,4
62523,159,147,12,12
62524,97,111,-14,14
62525,151,149,2,2
62526,64,79,-15,15
62527,86,89,-3,3
62528,86,122,-36,36
62529,105,115,-10,10
62530,135,143,-8,8
62531,78,99,-21,21
62532,180,156,24,24
62533,126,123,3,3
62534,115,129,-14,14
62535,95,118,-23,23
62536,123,121,2,2
62537,49,65,-16,16
62538,94,112,-18,18
62539,170,161,9,9
62540,92,104,-12,12
62541,101,117,-16,16
62542,93,107,-14,14
62543,123,147,-24,24
62544,83,91,-8,8
62545,122,122,0,0
62546,109,131,-22,22
62547,67,75,-8,8
62548,59,78,-19,19
62549,79,86,-7,7
62550,82,98,-16,16
62551,69,82,-13,13
62552,83,102,-19,19
62553,116,120,-4,4
62554,202,173,29,29
62555,92,115,-23,23
62556,95,110,-15,15
62557,104,120,-16,16
62558,124,129,-5,5
62559,203,185,18,18
62560,95,104,-9,9
62561,131,138,-7,7
62562,42,57,-15,15
62563,106,104,2,2
62564,40,62,-22,22
62565,81,93,-12,12
62566,125,126,-1,1
62567,82,92,-10,10
62568,121,121,0,0
62569,85,108,-23,23
62570,104,102,2,2
62571,82,92,-10,10
62572,76,84,-8,8
62573,60,75,-15,15
62574,91,92,-1,1
62575,96,102,-6,6
62576,118,124,-6,6
62577,101,102,-1,1
62578,140,146,-6,6
62579,153,152,1,1
62580,115,136,-21,21
62581,38,74,-36,36
62582,74,93,-19,19
62583,28,73,-45,45
62584,65,82,-17,17
62585,113,128,-15,15
62586,109,119,-10,10
62587,93,103,-10,10
62588,87,96,-9,9
62589,54,74,-20,20
62590,125,135,-10,10
62591,141,147,-6,6
62592,114,130,-16,16
62593,122,127,-5,5
62594,138,147,-9,9
62595,98,105,-7,7
62596,84,96,-12,12
62597,118,130,-12,12
62598,114,130,-16,16
62599,69,87,-18,18
62600,47,71,-24,24
62601,72,77,-5,5
62602,72,77,-5,5
62603,85,98,-13,13
62604,48,64,-16,16
62605,96,105,-9,9
62606,90,101,-11,11
62607,99,103,-4,4
62608,122,135,-13,13
62609,60,76,-16,16
62610,80,103,-23,23
62611,79,93,-14,14
62612,54,70,-16,16
62613,90,103,-13,13
62614,84,103,-19,19
62615,98,108,-10,10
62616,106,115,-9,9
62617,70,92,-22,22
62618,93,99,-6,6
62619,81,90,-9,9
62620,108,115,-7,7
62621,66,82,-16,16
62622,92,101,-9,9
62623,58,69,-11,11
62624,80,91,-11,11
62625,72,91,-19,19
62626,92,100,-8,8
62627,114,130,-16,16
62628,149,144,5,5
62629,85,92,-7,7
62630,61,68,-7,7
62631,104,107,-3,3
62632,100,103,-3,3
62633,132,138,-6,6
62634,132,135,-3,3
62635,114,117,-3,3
62636,89,107,-18,18
62637,52,65,-13,13
62638,51,64,-13,13
62639,109,130,-21,21
62640,112,132,-20,20
62641,80,86,-6,6
62642,158,173,-15,15
62643,103,112,-9,9
62644,59,76,-17,17
62645,118,121,-3,3
62646,114,119,-5,5
62647,101,108,-7,7
62648,64,78,-14,14
62649,75,84,-9,9
62650,110,108,2,2
62651,168,176,-8,8
62652,109,111,-2,2
62653,106,114,-8,8
62654,32,91,-59,59
62655,86,103,-17,17
62656,185,155,30,30
62657,125,148,-23,23
62658,48,66,-18,18
62659,128,140,-12,12
62660,138,148,-10,10
62661,75,82,-7,7
62662,84,115,-31,31
62663,115,113,2,2
62664,58,84,-26,26
62665,97,110,-13,13
62666,152,147,5,5
62667,94,108,-14,14
62668,114,127,-13,13
62669,130,145,-15,15
62670,61,78,-17,17
62671,185,163,22,22
62672,110,118,-8,8
62673,58,71,-13,13
62674,79,95,-16,16
62675,79,91,-12,12
62676,93,99,-6,6
62677,129,137,-8,8
62678,134,142,-8,8
62679,98,113,-15,15
62680,162,158,4,4
62681,83,94,-11,11
62682,107,109,-2,2
62683,98,121,-23,23
62684,131,129,2,2
62685,57,68,-11,11
62686,153,149,4,4
62687,126,130,-4,4
62688,89,101,-12,12
62689,68,80,-12,12
62690,131,130,1,1
62691,68,89,-21,21
62692,94,101,-7,7
62693,135,134,1,1
62694,96,106,-10,10
62695,95,115,-20,20
62696,90,100,-10,10
62697,55,72,-17,17
62698,108,124,-16,16
62699,36,55,-19,19
62700,73,82,-9,9
62701,73,94,-21,21
62702,102,111,-9,9
62703,52,65,-13,13
62704,22,77,-55,55
62705,102,101,1,1
62706,136,129,7,7
62707,83,94,-11,11
62708,76,88,-12,12
62709,135,140,-5,5
62710,116,131,-15,15
62711,69,84,-15,15
62712,42,60,-18,18
62713,86,89,-3,3
62714,131,150,-19,19
62715,119,128,-9,9
62716,65,77,-12,12
62717,100,115,-15,15
62718,65,83,-18,18
62719,73,86,-13,13
62720,63,78,-15,15
62721,115,153,-38,38
62722,164,151,13,13
62723,146,150,-4,4
62724,64,80,-16,16
62725,101,110,-9,9
62726,124,131,-7,7
62727,74,95,-21,21
62728,92,94,-2,2
62729,90,100,-10,10
62730,93,104,-11,11
62731,76,96,-20,20
62732,133,143,-10,10
62733,54,72,-18,18
62734,147,136,11,11
62735,107,121,-14,14
62736,132,129,3,3
62737,129,128,1,1
62738,95,102,-7,7
62739,78,106,-28,28
62740,93,102,-9,9
62741,85,104,-19,19
62742,138,153,-15,15
62743,106,118,-12,12
62744,45,65,-20,20
62745,50,69,-19,19
62746,55,62,-7,7
62747,44,68,-24,24
62748,70,87,-17,17
62749,125,129,-4,4
62750,82,96,-14,14
62751,80,92,-12,12
62752,120,126,-6,6
62753,100,107,-7,7
62754,70,82,-12,12
62755,65,79,-14,14
62756,96,111,-15,15
62757,93,104,-11,11
62758,106,110,-4,4
62759,168,153,15,15
62760,169,158,11,11
62761,95,95,0,0
62762,95,110,-15,15
62763,81,96,-15,15
62764,65,82,-17,17
62765,64,94,-30,30
62766,62,95,-33,33
62767,119,128,-9,9
62768,93,97,-4,4
62769,77,90,-13,13
62770,141,147,-6,6
62771,66,82,-16,16
62772,76,97,-21,21
62773,148,147,1,1
62774,57,83,-26,26
62775,78,77,1,1
62776,134,129,5,5
62777,133,134,-1,1
62778,66,80,-14,14
62779,75,87,-12,12
62780,97,103,-6,6
62781,131,135,-4,4
62782,171,161,10,10
62783,222,207,15,15
62784,102,115,-13,13
62785,60,75,-15,15
62786,144,149,-5,5
62787,43,60,-17,17
62788,82,90,-8,8
62789,84,98,-14,14
62790,92,108,-16,16
62791,94,89,5,5
62792,179,174,5,5
62793,119,129,-10,10
62794,61,81,-20,20
62795,93,110,-17,17
62796,53,67,-14,14
62797,142,148,-6,6
62798,69,81,-12,12
62799,90,103,-13,13
62800,139,142,-3,3
62801,90,120,-30,30
62802,56,71,-15,15
62803,113,128,-15,15
62804,91,98,-7,7
62805,86,98,-12,12
62806,111,113,-2,2
62807,74,79,-5,5
62808,139,141,-2,2
62809,96,99,-3,3
62810,105,111,-6,6
62811,139,147,-8,8
62812,61,77,-16,16
62813,70,88,-18,18
62814,70,88,-18,18
62815,61,76,-15,15
62816,127,143,-16,16
62817,92,111,-19,19
62818,120,119,1,1
62819,52,61,-9,9
62820,86,100,-14,14
62821,62,74,-12,12
62822,101,131,-30,30
62823,85,113,-28,28
62824,96,115,-19,19
62825,105,117,-12,12
62826,122,131,-9,9
62827,116,123,-7,7
62828,98,98,0,0
62829,154,155,-1,1
62830,100,105,-5,5
62831,164,155,9,9
62832,162,155,7,7
62833,136,148,-12,12
62834,62,82,-20,20
62835,178,164,14,14
62836,109,108,1,1
62837,121,119,2,2
62838,108,129,-21,21
62839,84,99,-15,15
62840,131,128,3,3
62841,122,124,-2,2
62842,64,89,-25,25
62843,84,101,-17,17
62844,72,84,-12,12
62845,185,164,21,21
62846,77,86,-9,9
62847,137,155,-18,18
62848,93,114,-21,21
62849,86,109,-23,23
62850,144,136,8,8
62851,78,102,-24,24
62852,61,77,-16,16
62853,129,128,1,1
62854,52,78,-26,26
62855,195,180,15,15
62856,87,99,-12,12
62857,101,115,-14,14
62858,103,126,-23,23
62859,169,158,11,11
62860,104,114,-10,10
62861,80,92,-12,12
62862,40,70,-30,30
62863,90,107,-17,17
62864,89,105,-16,16
62865,105,115,-10,10
62866,86,104,-18,18
62867,133,136,-3,3
62868,89,101,-12,12
62869,64,76,-12,12
62870,94,114,-20,20
62871,86,104,-18,18
62872,128,133,-5,5
62873,53,72,-19,19
62874,91,92,-1,1
62875,74,84,-10,10
62876,64,79,-15,15
62877,81,86,-5,5
62878,66,86,-20,20
62879,76,84,-8,8
62880,91,102,-11,11
62881,76,85,-9,9
62882,109,111,-2,2
62883,77,87,-10,10
62884,76,88,-12,12
62885,110,112,-2,2
62886,88,97,-9,9
62887,120,123,-3,3
62888,127,133,-6,6
62889,106,121,-15,15
62890,201,185,16,16
62891,111,120,-9,9
62892,231,201,30,30
62893,59,77,-18,18
62894,150,147,3,3
62895,141,141,0,0
62896,62,71,-9,9
62897,191,186,5,5
62898,119,130,-11,11
62899,72,96,-24,24
62900,103,113,-10,10
62901,79,96,-17,17
62902,106,116,-10,10
62903,104,128,-24,24
62904,88,106,-18,18
62905,78,107,-29,29
62906,81,104,-23,23
62907,98,110,-12,12
62908,123,128,-5,5
62909,142,149,-7,7
62910,74,87,-13,13
62911,163,151,12,12
62912,102,103,-1,1
62913,60,76,-16,16
62914,133,125,8,8
62915,59,76,-17,17
62916,47,68,-21,21
62917,86,106,-20,20
62918,124,126,-2,2
62919,28,50,-22,22
62920,59,79,-20,20
62921,124,148,-24,24
62922,105,112,-7,7
62923,103,106,-3,3
62924,80,95,-15,15
62925,82,92,-10,10
62926,84,92,-8,8
62927,128,136,-8,8
62928,101,118,-17,17
62929,72,86,-14,14
62930,89,94,-5,5
62931,119,125,-6,6
62932,181,169,12,12
62933,146,148,-2,2
62934,58,73,-15,15
62935,80,88,-8,8
62936,37,57,-20,20
62937,45,69,-24,24
62938,95,117,-22,22
62939,108,115,-7,7
62940,79,86,-7,7
62941,85,88,-3,3
62942,53,78,-25,25
62943,211,188,23,23
62944,103,111,-8,8
62945,77,86,-9,9
62946,75,88,-13,13
62947,95,109,-14,14
62948,102,103,-1,1
62949,77,90,-13,13
62950,54,75,-21,21
62951,110,117,-7,7
62952,121,126,-5,5
62953,89,87,2,2
62954,93,108,-15,15
62955,44,65,-21,21
62956,84,105,-21,21
62957,135,134,1,1
62958,66,78,-12,12
62959,104,124,-20,20
62960,141,141,0,0
62961,98,99,-1,1
62962,90,107,-17,17
62963,115,122,-7,7
62964,109,120,-11,11
62965,69,89,-20,20
62966,64,76,-12,12
62967,185,165,20,20
62968,114,120,-6,6
62969,191,165,26,26
62970,49,63,-14,14
62971,83,103,-20,20
62972,100,112,-12,12
62973,98,102,-4,4
62974,69,97,-28,28
62975,103,103,0,0
62976,148,154,-6,6
62977,81,89,-8,8
62978,151,150,1,1
62979,70,79,-9,9
62980,88,96,-8,8
62981,93,111,-18,18
62982,60,94,-34,34
62983,88,94,-6,6
62984,63,81,-18,18
62985,92,104,-12,12
62986,108,122,-14,14
62987,78,111,-33,33
62988,156,144,12,12
62989,63,76,-13,13
62990,58,78,-20,20
62991,38,55,-17,17
62992,107,112,-5,5
62993,101,108,-7,7
62994,65,89,-24,24
62995,120,136,-16,16
62996,101,109,-8,8
62997,106,103,3,3
62998,72,83,-11,11
62999,127,126,1,1
63000,65,82,-17,17
63001,126,126,0,0
63002,113,122,-9,9
63003,104,124,-20,20
63004,152,148,4,4
63005,57,75,-18,18
63006,83,92,-9,9
63007,101,115,-14,14
63008,81,93,-12,12
63009,54,79,-25,25
63010,80,92,-12,12
63011,83,99,-16,16
63012,31,43,-12,12
63013,64,79,-15,15
63014,159,159,0,0
63015,133,139,-6,6
63016,116,131,-15,15
63017,57,68,-11,11
63018,99,104,-5,5
63019,62,73,-11,11
63020,90,101,-11,11
63021,117,123,-6,6
63022,142,141,1,1
63023,177,161,16,16
63024,59,71,-12,12
63025,89,110,-21,21
63026,69,81,-12,12
63027,63,84,-21,21
63028,46,93,-47,47
63029,136,148,-12,12
63030,105,126,-21,21
63031,127,144,-17,17
63032,66,87,-21,21
63033,138,144,-6,6
63034,71,81,-10,10
63035,97,108,-11,11
63036,112,121,-9,9
63037,77,91,-14,14
63038,57,74,-17,17
63039,84,99,-15,15
63040,85,94,-9,9
63041,111,115,-4,4
63042,123,128,-5,5
63043,110,129,-19,19
63044,114,130,-16,16
63045,111,145,-34,34
63046,71,94,-23,23
63047,93,102,-9,9
63048,343,281,62,62
63049,72,87,-15,15
63050,186,159,27,27
63051,62,76,-14,14
63052,79,93,-14,14
63053,129,140,-11,11
63054,121,144,-23,23
63055,105,114,-9,9
63056,157,149,8,8
63057,115,116,-1,1
63058,78,88,-10,10
63059,179,183,-4,4
63060,80,94,-14,14
63061,113,132,-19,19
63062,87,100,-13,13
63063,95,108,-13,13
63064,95,111,-16,16
63065,104,114,-10,10
63066,88,100,-12,12
63067,61,81,-20,20
63068,63,71,-8,8
63069,87,113,-26,26
63070,157,161,-4,4
63071,92,136,-44,44
63072,53,70,-17,17
63073,128,131,-3,3
63074,114,125,-11,11
63075,95,107,-12,12
63076,102,110,-8,8
63077,120,133,-13,13
63078,110,128,-18,18
63079,207,191,16,16
63080,103,111,-8,8
63081,55,69,-14,14
63082,98,106,-8,8
63083,99,114,-15,15
63084,94,106,-12,12
63085,82,102,-20,20
63086,60,98,-38,38
63087,95,110,-15,15
63088,113,114,-1,1
63089,113,123,-10,10
63090,105,108,-3,3
63091,80,84,-4,4
63092,104,123,-19,19
63093,97,106,-9,9
63094,62,81,-19,19
63095,62,85,-23,23
63096,85,103,-18,18
63097,114,130,-16,16
63098,72,79,-7,7
63099,82,89,-7,7
63100,94,97,-3,3
63101,90,106,-16,16
63102,110,110,0,0
63103,90,99,-9,9
63104,80,96,-16,16
63105,109,108,1,1
63106,61,81,-20,20
63107,185,175,10,10
63108,117,124,-7,7
63109,139,146,-7,7
63110,56,76,-20,20
63111,74,85,-11,11
63112,107,122,-15,15
63113,78,100,-22,22
63114,51,68,-17,17
63115,87,99,-12,12
63116,114,118,-4,4
63117,83,95,-12,12
63118,137,135,2,2
63119,117,122,-5,5
63120,87,106,-19,19
63121,69,86,-17,17
63122,86,100,-14,14
63123,150,151,-1,1
63124,162,156,6,6
63125,87,98,-11,11
63126,68,81,-13,13
63127,68,81,-13,13
63128,126,128,-2,2
63129,109,109,0,0
63130,106,128,-22,22
63131,114,121,-7,7
63132,136,148,-12,12
63133,128,127,1,1
63134,109,124,-15,15
63135,114,124,-10,10
63136,102,113,-11,11
63137,144,140,4,4
63138,52,62,-10,10
63139,73,94,-21,21
63140,116,122,-6,6
63141,111,108,3,3
63142,106,121,-15,15
63143,125,134,-9,9
63144,119,120,-1,1
63145,77,93,-16,16
63146,78,87,-9,9
63147,62,75,-13,13
63148,80,100,-20,20
63149,101,113,-12,12
63150,130,145,-15,15
63151,165,152,13,13
63152,88,90,-2,2
63153,97,126,-29,29
63154,125,122,3,3
63155,55,71,-16,16
63156,76,94,-18,18
63157,124,138,-14,14
63158,82,97,-15,15
63159,60,81,-21,21
63160,107,116,-9,9
63161,109,120,-11,11
63162,162,152,10,10
63163,95,125,-30,30
63164,54,69,-15,15
63165,125,131,-6,6
63166,107,109,-2,2
63167,74,78,-4,4
63168,155,150,5,5
63169,77,94,-17,17
63170,80,89,-9,9
63171,122,134,-12,12
63172,71,92,-21,21
63173,112,118,-6,6
63174,61,83,-22,22
63175,88,105,-17,17
63176,171,154,17,17
63177,98,100,-2,2
63178,59,73,-14,14
63179,150,153,-3,3
63180,94,106,-12,12
63181,112,122,-10,10
63182,113,106,7,7
63183,92,105,-13,13
63184,121,131,-10,10
63185,101,108,-7,7
63186,82,92,-10,10
63187,125,121,4,4
63188,74,85,-11,11
63189,68,88,-20,20
63190,104,115,-11,11
63191,80,97,-17,17
63192,101,106,-5,5
63193,96,112,-16,16
63194,96,106,-10,10
63195,79,100,-21,21
63196,75,87,-12,12
63197,121,129,-8,8
63198,173,159,14,14
63199,123,128,-5,5
63200,124,126,-2,2
63201,123,125,-2,2
63202,129,141,-12,12
63203,119,117,2,2
63204,107,124,-17,17
63205,117,122,-5,5
63206,74,92,-18,18
63207,72,90,-18,18
63208,92,110,-18,18
63209,102,106,-4,4
63210,123,141,-18,18
63211,119,134,-15,15
63212,71,84,-13,13
63213,64,83,-19,19
63214,108,110,-2,2
63215,140,139,1,1
63216,90,101,-11,11
63217,128,133,-5,5
63218,99,113,-14,14
63219,82,107,-25,25
63220,156,152,4,4
63221,137,142,-5,5
63222,78,83,-5,5
63223,95,111,-16,16
63224,82,107,-25,25
63225,90,104,-14,14
63226,64,78,-14,14
63227,73,92,-19,19
63228,53,76,-23,23
63229,123,130,-7,7
63230,62,84,-22,22
63231,92,113,-21,21
63232,123,125,-2,2
63233,125,126,-1,1
63234,41,61,-20,20
63235,187,172,15,15
63236,91,103,-12,12
63237,76,89,-13,13
63238,176,160,16,16
63239,93,109,-16,16
63240,87,107,-20,20
63241,89,103,-14,14
63242,88,90,-2,2
63243,99,110,-11,11
63244,134,131,3,3
63245,95,111,-16,16
63246,105,114,-9,9
63247,42,68,-26,26
63248,96,105,-9,9
63249,50,76,-26,26
63250,63,76,-13,13
63251,95,119,-24,24
63252,99,108,-9,9
63253,109,139,-30,30
63254,133,129,4,4
63255,90,90,0,0
63256,71,84,-13,13
63257,58,89,-31,31
63258,173,165,8,8
63259,77,89,-12,12
63260,88,87,1,1
63261,72,82,-10,10
63262,116,119,-3,3
63263,61,79,-18,18
63264,94,96,-2,2
63265,117,133,-16,16
63266,114,124,-10,10
63267,147,145,2,2
63268,125,129,-4,4
63269,100,123,-23,23
63270,101,102,-1,1
63271,112,127,-15,15
63272,94,95,-1,1
63273,119,120,-1,1
63274,154,151,3,3
63275,82,96,-14,14
63276,58,79,-21,21
63277,131,137,-6,6
63278,82,103,-21,21
63279,96,109,-13,13
63280,80,85,-5,5
63281,118,129,-11,11
63282,51,80,-29,29
63283,164,158,6,6
63284,77,118,-41,41
63285,144,148,-4,4
63286,132,144,-12,12
63287,89,99,-10,10
63288,78,86,-8,8
63289,51,71,-20,20
63290,100,117,-17,17
63291,108,116,-8,8
63292,143,136,7,7
63293,88,102,-14,14
63294,67,77,-10,10
63295,121,139,-18,18
63296,90,94,-4,4
63297,65,80,-15,15
63298,79,94,-15,15
63299,144,145,-1,1
63300,55,80,-25,25
63301,78,97,-19,19
63302,82,108,-26,26
63303,78,87,-9,9
63304,160,158,2,2
63305,89,93,-4,4
63306,101,120,-19,19
63307,114,117,-3,3
63308,86,94,-8,8
63309,155,153,2,2
63310,105,122,-17,17
63311,76,88,-12,12
63312,149,148,1,1
63313,99,121,-22,22
63314,120,119,1,1
63315,69,83,-14,14
63316,102,111,-9,9
63317,59,70,-11,11
63318,54,71,-17,17
63319,107,108,-1,1
63320,60,81,-21,21
63321,70,77,-7,7
63322,219,209,10,10
63323,83,95,-12,12
63324,68,81,-13,13
63325,89,102,-13,13
63326,68,87,-19,19
63327,108,122,-14,14
63328,94,114,-20,20
63329,90,102,-12,12
63330,171,155,16,16
63331,35,55,-20,20
63332,39,57,-18,18
63333,80,129,-49,49
63334,69,81,-12,12
63335,109,118,-9,9
63336,112,128,-16,16
63337,127,140,-13,13
63338,87,104,-17,17
63339,60,144,-84,84
63340,67,87,-20,20
63341,151,148,3,3
63342,115,121,-6,6
63343,86,103,-17,17
63344,97,98,-1,1
63345,128,130,-2,2
63346,137,132,5,5
63347,102,117,-15,15
63348,76,92,-16,16
63349,33,51,-18,18
63350,89,104,-15,15
63351,68,75,-7,7
63352,55,75,-20,20
63353,104,118,-14,14
63354,98,113,-15,15
63355,67,78,-11,11
63356,103,115,-12,12
63357,87,99,-12,12
63358,92,104,-12,12
63359,97,102,-5,5
63360,144,147,-3,3
63361,94,122,-28,28
63362,95,104,-9,9
63363,131,128,3,3
63364,102,105,-3,3
63365,132,142,-10,10
63366,83,95,-12,12
63367,127,138,-11,11
63368,71,82,-11,11
63369,86,99,-13,13
63370,202,178,24,24
63371,181,165,16,16
63372,129,137,-8,8
63373,112,118,-6,6
63374,118,127,-9,9
63375,46,58,-12,12
63376,120,118,2,2
63377,55,80,-25,25
63378,141,144,-3,3
63379,92,100,-8,8
63380,137,146,-9,9
63381,59,73,-14,14
63382,192,192,0,0
63383,144,148,-4,4
63384,91,108,-17,17
63385,111,122,-11,11
63386,52,69,-17,17
63387,135,138,-3,3
63388,43,71,-28,28
63389,138,133,5,5
63390,159,147,12,12
63391,88,105,-17,17
63392,63,82,-19,19
63393,90,105,-15,15
63394,101,106,-5,5
63395,72,85,-13,13
63396,64,74,-10,10
63397,81,89,-8,8
63398,94,105,-11,11
63399,125,140,-15,15
63400,64,76,-12,12
63401,68,86,-18,18
63402,77,96,-19,19
63403,125,136,-11,11
63404,68,83,-15,15
63405,131,138,-7,7
63406,72,85,-13,13
63407,113,117,-4,4
63408,136,147,-11,11
63409,136,136,0,0
63410,129,127,2,2
63411,118,119,-1,1
63412,79,89,-10,10
63413,98,104,-6,6
63414,117,123,-6,6
63415,98,116,-18,18
63416,30,61,-31,31
63417,76,90,-14,14
63418,87,97,-10,10
63419,110,117,-7,7
63420,80,95,-15,15
63421,48,77,-29,29
63422,120,124,-4,4
63423,98,111,-13,13
63424,43,62,-19,19
63425,84,96,-12,12
63426,62,78,-16,16
63427,165,163,2,2
63428,56,73,-17,17
63429,85,97,-12,12
63430,109,113,-4,4
63431,149,148,1,1
63432,55,68,-13,13
63433,89,108,-19,19
63434,68,90,-22,22
63435,68,83,-15,15
63436,146,148,-2,2
63437,112,118,-6,6
63438,104,112,-8,8
63439,49,68,-19,19
63440,67,77,-10,10
63441,70,88,-18,18
63442,109,112,-3,3
63443,56,70,-14,14
63444,148,147,1,1
63445,97,110,-13,13
63446,79,89,-10,10
63447,116,116,0,0
63448,97,104,-7,7
63449,79,89,-10,10
63450,74,80,-6,6
63451,67,74,-7,7
63452,118,121,-3,3
63453,72,90,-18,18
63454,128,119,9,9
63455,113,126,-13,13
63456,103,120,-17,17
63457,86,105,-19,19
63458,59,77,-18,18
63459,114,131,-17,17
63460,125,142,-17,17
63461,105,110,-5,5
63462,70,86,-16,16
63463,147,141,6,6
63464,90,94,-4,4
63465,81,104,-23,23
63466,65,85,-20,20
63467,63,78,-15,15
63468,110,119,-9,9
63469,108,109,-1,1
63470,62,98,-36,36
63471,107,117,-10,10
63472,47,66,-19,19
63473,76,91,-15,15
63474,92,107,-15,15
63475,129,134,-5,5
63476,87,101,-14,14
63477,90,93,-3,3
63478,75,94,-19,19
63479,69,89,-20,20
63480,61,78,-17,17
63481,76,87,-11,11
63482,49,65,-16,16
63483,133,139,-6,6
63484,147,151,-4,4
63485,115,117,-2,2
63486,88,106,-18,18
63487,70,82,-12,12
63488,77,92,-15,15
63489,64,76,-12,12
63490,182,161,21,21
63491,103,106,-3,3
63492,91,105,-14,14
63493,104,112,-8,8
63494,67,81,-14,14
63495,90,103,-13,13
63496,81,94,-13,13
63497,140,147,-7,7
63498,64,82,-18,18
63499,132,140,-8,8
63500,64,75,-11,11
63501,117,124,-7,7
63502,86,105,-19,19
63503,216,190,26,26
63504,129,131,-2,2
63505,107,117,-10,10
63506,114,122,-8,8
63507,99,107,-8,8
63508,232,201,31,31
63509,81,97,-16,16
63510,117,129,-12,12
63511,142,147,-5,5
63512,33,51,-18,18
63513,80,96,-16,16
63514,95,107,-12,12
63515,84,95,-11,11
63516,111,126,-15,15
63517,53,73,-20,20
63518,47,71,-24,24
63519,80,92,-12,12
63520,81,95,-14,14
63521,74,87,-13,13
63522,49,67,-18,18
63523,124,121,3,3
63524,98,107,-9,9
63525,155,155,0,0
63526,58,75,-17,17
63527,111,119,-8,8
63528,99,125,-26,26
63529,124,125,-1,1
63530,62,80,-18,18
63531,55,74,-19,19
63532,72,85,-13,13
63533,62,88,-26,26
63534,74,85,-11,11
63535,76,76,0,0
63536,102,107,-5,5
63537,87,102,-15,15
63538,136,137,-1,1
63539,89,97,-8,8
63540,68,81,-13,13
63541,67,84,-17,17
63542,97,109,-12,12
63543,123,126,-3,3
63544,170,157,13,13
63545,120,133,-13,13
63546,110,125,-15,15
63547,100,120,-20,20
63548,37,60,-23,23
63549,84,85,-1,1
63550,62,77,-15,15
63551,145,148,-3,3
63552,106,114,-8,8
63553,115,121,-6,6
63554,126,137,-11,11
63555,141,151,-10,10
63556,92,99,-7,7
63557,110,119,-9,9
63558,59,83,-24,24
63559,90,97,-7,7
63560,77,90,-13,13
63561,70,84,-14,14
63562,77,89,-12,12
63563,79,86,-7,7
63564,154,149,5,5
63565,137,145,-8,8
63566,106,115,-9,9
63567,116,120,-4,4
63568,119,118,1,1
63569,65,74,-9,9
63570,139,138,1,1
63571,145,144,1,1
63572,141,145,-4,4
63573,119,122,-3,3
63574,70,86,-16,16
63575,78,92,-14,14
63576,75,77,-2,2
63577,100,109,-9,9
63578,163,153,10,10
63579,162,158,4,4
63580,153,149,4,4
63581,94,108,-14,14
63582,74,84,-10,10
63583,88,100,-12,12
63584,67,86,-19,19
63585,100,120,-20,20
63586,117,134,-17,17
63587,80,92,-12,12
63588,95,96,-1,1
63589,77,92,-15,15
63590,121,132,-11,11
63591,141,142,-1,1
63592,83,92,-9,9
63593,55,73,-18,18
63594,87,91,-4,4
63595,76,91,-15,15
63596,116,114,2,2
63597,162,177,-15,15
63598,114,122,-8,8
63599,79,88,-9,9
63600,117,130,-13,13
63601,54,70,-16,16
63602,87,102,-15,15
63603,124,138,-14,14
63604,101,113,-12,12
63605,53,68,-15,15
63606,133,136,-3,3
63607,75,102,-27,27
63608,78,102,-24,24
63609,69,97,-28,28
63610,40,56,-16,16
63611,84,94,-10,10
63612,94,107,-13,13
63613,75,85,-10,10
63614,95,108,-13,13
63615,82,107,-25,25
63616,75,86,-11,11
63617,141,127,14,14
63618,98,115,-17,17
63619,101,121,-20,20
63620,49,63,-14,14
63621,45,57,-12,12
63622,94,106,-12,12
63623,132,123,9,9
63624,122,122,0,0
63625,96,107,-11,11
63626,89,94,-5,5
63627,114,127,-13,13
63628,112,116,-4,4
63629,55,78,-23,23
63630,63,76,-13,13
63631,133,128,5,5
63632,71,93,-22,22
63633,81,85,-4,4
63634,104,118,-14,14
63635,97,100,-3,3
63636,103,120,-17,17
63637,110,112,-2,2
63638,91,101,-10,10
63639,60,77,-17,17
63640,58,78,-20,20
63641,91,103,-12,12
63642,69,87,-18,18
63643,75,101,-26,26
63644,175,175,0,0
63645,62,80,-18,18
63646,121,132,-11,11
63647,64,80,-16,16
63648,103,108,-5,5
63649,109,91,18,18
63650,111,110,1,1
63651,87,92,-5,5
63652,146,146,0,0
63653,68,85,-17,17
63654,69,86,-17,17
63655,79,100,-21,21
63656,111,128,-17,17
63657,72,80,-8,8
63658,110,114,-4,4
63659,106,116,-10,10
63660,112,114,-2,2
63661,85,87,-2,2
63662,153,154,-1,1
63663,102,99,3,3
63664,75,92,-17,17
63665,123,125,-2,2
63666,80,107,-27,27
63667,81,97,-16,16
63668,76,90,-14,14
63669,107,128,-21,21
63670,163,155,8,8
63671,75,93,-18,18
63672,83,93,-10,10
63673,72,82,-10,10
63674,73,88,-15,15
63675,47,74,-27,27
63676,127,130,-3,3
63677,31,51,-20,20
63678,88,96,-8,8
63679,131,138,-7,7
63680,140,153,-13,13
63681,172,156,16,16
63682,86,94,-8,8
63683,137,138,-1,1
63684,108,117,-9,9
63685,67,81,-14,14
63686,157,168,-11,11
63687,42,67,-25,25
63688,81,97,-16,16
63689,96,99,-3,3
63690,189,170,19,19
63691,97,118,-21,21
63692,82,104,-22,22
63693,105,107,-2,2
63694,107,108,-1,1
63695,81,96,-15,15
63696,44,59,-15,15
63697,93,104,-11,11
63698,63,78,-15,15
63699,46,109,-63,63
63700,128,146,-18,18
63701,133,146,-13,13
63702,40,59,-19,19
63703,119,122,-3,3
63704,100,104,-4,4
63705,96,106,-10,10
63706,84,96,-12,12
63707,188,183,5,5
63708,66,82,-16,16
63709,145,149,-4,4
63710,50,74,-24,24
63711,74,85,-11,11
63712,82,95,-13,13
63713,92,96,-4,4
63714,131,136,-5,5
63715,69,80,-11,11
63716,97,107,-10,10
63717,137,143,-6,6
63718,98,111,-13,13
63719,67,87,-20,20
63720,107,123,-16,16
63721,49,62,-13,13
63722,76,91,-15,15
63723,66,81,-15,15
63724,170,156,14,14
63725,101,115,-14,14
63726,95,98,-3,3
63727,76,90,-14,14
63728,82,97,-15,15
63729,84,94,-10,10
63730,106,126,-20,20
63731,64,99,-35,35
63732,91,101,-10,10
63733,86,96,-10,10
63734,54,71,-17,17
63735,82,108,-26,26
63736,89,102,-13,13
63737,97,108,-11,11
63738,161,153,8,8
63739,48,59,-11,11
63740,109,115,-6,6
63741,159,152,7,7
63742,106,120,-14,14
63743,181,155,26,26
63744,129,143,-14,14
63745,101,117,-16,16
63746,114,119,-5,5
63747,126,127,-1,1
63748,168,152,16,16
63749,95,115,-20,20
63750,80,91,-11,11
63751,96,102,-6,6
63752,35,61,-26,26
63753,73,90,-17,17
63754,89,98,-9,9
63755,107,110,-3,3
63756,88,102,-14,14
63757,92,107,-15,15
63758,91,92,-1,1
63759,91,96,-5,5
63760,120,146,-26,26
63761,82,93,-11,11
63762,80,97,-17,17
63763,55,69,-14,14
63764,76,84,-8,8
63765,72,81,-9,9
63766,105,110,-5,5
63767,113,121,-8,8
63768,67,77,-10,10
63769,101,117,-16,16
63770,80,99,-19,19
63771,80,98,-18,18
63772,96,103,-7,7
63773,71,84,-13,13
63774,148,151,-3,3
63775,72,85,-13,13
63776,127,139,-12,12
63777,75,89,-14,14
63778,83,98,-15,15
63779,90,105,-15,15
63780,86,103,-17,17
63781,75,96,-21,21
63782,72,90,-18,18
63783,70,79,-9,9
63784,105,111,-6,6
63785,41,66,-25,25
63786,68,86,-18,18
63787,86,95,-9,9
63788,64,72,-8,8
63789,86,106,-20,20
63790,51,76,-25,25
63791,124,120,4,4
63792,88,104,-16,16
63793,93,102,-9,9
63794,54,83,-29,29
63795,71,78,-7,7
63796,132,146,-14,14
63797,101,108,-7,7
63798,172,153,19,19
63799,176,167,9,9
63800,173,171,2,2
63801,130,139,-9,9
63802,79,88,-9,9
63803,102,116,-14,14
63804,133,135,-2,2
63805,90,86,4,4
63806,102,109,-7,7
63807,65,81,-16,16
63808,128,136,-8,8
63809,159,141,18,18
63810,57,73,-16,16
63811,171,157,14,14
63812,66,90,-24,24
63813,165,153,12,12
63814,51,65,-14,14
63815,111,122,-11,11
63816,211,176,35,35
63817,89,94,-5,5
63818,74,88,-14,14
63819,86,112,-26,26
63820,129,120,9,9
63821,67,76,-9,9
63822,112,123,-11,11
63823,102,102,0,0
63824,76,87,-11,11
63825,67,89,-22,22
63826,96,102,-6,6
63827,115,128,-13,13
63828,95,108,-13,13
63829,129,135,-6,6
63830,78,87,-9,9
63831,58,79,-21,21
63832,93,103,-10,10
63833,53,64,-11,11
63834,62,77,-15,15
63835,89,99,-10,10
63836,110,114,-4,4
63837,109,127,-18,18
63838,34,81,-47,47
63839,94,97,-3,3
63840,54,71,-17,17
63841,111,121,-10,10
63842,128,139,-11,11
63843,141,147,-6,6
63844,92,100,-8,8
63845,102,101,1,1
63846,94,110,-16,16
63847,130,131,-1,1
63848,93,107,-14,14
63849,86,91,-5,5
63850,102,112,-10,10
63851,137,131,6,6
63852,55,62,-7,7
63853,118,125,-7,7
63854,121,129,-8,8
63855,155,148,7,7
63856,71,91,-20,20
63857,140,144,-4,4
63858,64,88,-24,24
63859,110,128,-18,18
63860,119,131,-12,12
63861,55,72,-17,17
63862,80,96,-16,16
63863,142,139,3,3
63864,44,67,-23,23
63865,111,125,-14,14
63866,113,120,-7,7
63867,146,140,6,6
63868,169,169,0,0
63869,129,130,-1,1
63870,76,97,-21,21
63871,67,79,-12,12
63872,75,85,-10,10
63873,68,84,-16,16
63874,74,92,-18,18
63875,80,89,-9,9
63876,33,54,-21,21
63877,91,102,-11,11
63878,75,86,-11,11
63879,94,101,-7,7
63880,142,137,5,5
63881,50,129,-79,79
63882,193,192,1,1
63883,81,97,-16,16
63884,111,116,-5,5
63885,130,140,-10,10
63886,51,63,-12,12
63887,73,84,-11,11
63888,136,147,-11,11
63889,94,104,-10,10
63890,111,111,0,0
63891,119,122,-3,3
63892,101,110,-9,9
63893,79,86,-7,7
63894,92,101,-9,9
63895,84,93,-9,9
63896,48,70,-22,22
63897,105,115,-10,10
63898,87,90,-3,3
63899,91,108,-17,17
63900,78,94,-16,16
63901,136,151,-15,15
63902,123,139,-16,16
63903,130,137,-7,7
63904,126,130,-4,4
63905,84,106,-22,22
63906,122,135,-13,13
63907,124,136,-12,12
63908,117,117,0,0
63909,49,64,-15,15
63910,63,75,-12,12
63911,64,76,-12,12
63912,57,76,-19,19
63913,37,60,-23,23
63914,38,62,-24,24
63915,56,72,-16,16
63916,137,139,-2,2
63917,109,126,-17,17
63918,158,151,7,7
63919,112,130,-18,18
63920,96,113,-17,17
63921,99,114,-15,15
63922,68,83,-15,15
63923,94,108,-14,14
63924,118,127,-9,9
63925,80,97,-17,17
63926,78,96,-18,18
63927,94,100,-6,6
63928,172,166,6,6
63929,39,59,-20,20
63930,62,86,-24,24
63931,152,143,9,9
63932,120,123,-3,3
63933,90,99,-9,9
63934,105,109,-4,4
63935,80,94,-14,14
63936,58,78,-20,20
63937,51,72,-21,21
63938,90,104,-14,14
63939,107,113,-6,6
63940,71,91,-20,20
63941,61,81,-20,20
63942,111,139,-28,28
63943,88,107,-19,19
63944,56,77,-21,21
63945,93,103,-10,10
63946,106,111,-5,5
63947,96,107,-11,11
63948,81,104,-23,23
63949,63,75,-12,12
63950,112,127,-15,15
63951,120,121,-1,1
63952,59,70,-11,11
63953,103,101,2,2
63954,50,71,-21,21
63955,115,109,6,6
63956,54,79,-25,25
63957,71,84,-13,13
63958,59,71,-12,12
63959,115,123,-8,8
63960,47,70,-23,23
63961,100,111,-11,11
63962,77,88,-11,11
63963,195,170,25,25
63964,118,127,-9,9
63965,90,99,-9,9
63966,101,112,-11,11
63967,141,145,-4,4
63968,153,150,3,3
63969,72,94,-22,22
63970,76,92,-16,16
63971,141,134,7,7
63972,168,151,17,17
63973,189,164,25,25
63974,52,70,-18,18
63975,90,102,-12,12
63976,81,99,-18,18
63977,54,73,-19,19
63978,128,126,2,2
63979,86,103,-17,17
63980,65,84,-19,19
63981,53,69,-16,16
63982,57,76,-19,19
63983,90,86,4,4
63984,73,92,-19,19
63985,75,96,-21,21
63986,85,93,-8,8
63987,143,147,-4,4
63988,44,70,-26,26
63989,81,88,-7,7
63990,76,92,-16,16
63991,126,131,-5,5
63992,46,71,-25,25
63993,139,133,6,6
63994,154,150,4,4
63995,161,158,3,3
63996,59,71,-12,12
63997,78,95,-17,17
63998,85,98,-13,13
63999,48,74,-26,26
64000,71,81,-10,10
64001,79,94,-15,15
64002,65,80,-15,15
64003,78,90,-12,12
64004,117,126,-9,9
64005,51,66,-15,15
64006,153,112,41,41
64007,118,137,-19,19
64008,66,79,-13,13
64009,75,91,-16,16
64010,102,118,-16,16
64011,85,98,-13,13
64012,64,80,-16,16
64013,95,114,-19,19
64014,160,147,13,13
64015,94,98,-4,4
64016,68,93,-25,25
64017,180,173,7,7
64018,52,91,-39,39
64019,106,122,-16,16
64020,85,97,-12,12
64021,115,144,-29,29
64022,57,69,-12,12
64023,104,113,-9,9
64024,53,72,-19,19
64025,79,85,-6,6
64026,68,95,-27,27
64027,86,90,-4,4
64028,121,122,-1,1
64029,54,71,-17,17
64030,74,84,-10,10
64031,122,147,-25,25
64032,67,85,-18,18
64033,128,140,-12,12
64034,56,72,-16,16
64035,146,148,-2,2
64036,111,132,-21,21
64037,86,102,-16,16
64038,96,99,-3,3
64039,144,153,-9,9
64040,73,88,-15,15
64041,50,68,-18,18
64042,179,173,6,6
64043,83,96,-13,13
64044,62,78,-16,16
64045,103,119,-16,16
64046,101,109,-8,8
64047,59,77,-18,18
64048,74,82,-8,8
64049,72,83,-11,11
64050,75,97,-22,22
64051,109,120,-11,11
64052,102,109,-7,7
64053,143,144,-1,1
64054,83,108,-25,25
64055,156,159,-3,3
64056,124,124,0,0
64057,80,93,-13,13
64058,161,149,12,12
64059,54,77,-23,23
64060,75,114,-39,39
64061,155,140,15,15
64062,117,115,2,2
64063,130,138,-8,8
64064,225,189,36,36
64065,94,107,-13,13
64066,63,74,-11,11
64067,72,82,-10,10
64068,179,167,12,12
64069,141,147,-6,6
64070,82,87,-5,5
64071,62,69,-7,7
64072,122,135,-13,13
64073,79,87,-8,8
64074,93,91,2,2
64075,137,159,-22,22
64076,110,122,-12,12
64077,137,141,-4,4
64078,84,88,-4,4
64079,64,77,-13,13
64080,64,72,-8,8
64081,56,75,-19,19
64082,70,86,-16,16
64083,76,92,-16,16
64084,118,122,-4,4
64085,88,92,-4,4
64086,81,91,-10,10
64087,129,138,-9,9
64088,64,85,-21,21
64089,97,104,-7,7
64090,123,137,-14,14
64091,86,88,-2,2
64092,97,104,-7,7
64093,115,128,-13,13
64094,96,115,-19,19
64095,77,91,-14,14
64096,168,178,-10,10
64097,51,71,-20,20
64098,90,100,-10,10
64099,56,80,-24,24
64100,71,97,-26,26
64101,107,121,-14,14
64102,94,98,-4,4
64103,46,70,-24,24
64104,118,117,1,1
64105,129,131,-2,2
64106,106,121,-15,15
64107,81,97,-16,16
64108,82,91,-9,9
64109,56,71,-15,15
64110,79,86,-7,7
64111,71,90,-19,19
64112,148,153,-5,5
64113,205,182,23,23
64114,142,133,9,9
64115,85,90,-5,5
64116,47,67,-20,20
64117,91,100,-9,9
64118,108,115,-7,7
64119,73,81,-8,8
64120,102,117,-15,15
64121,129,145,-16,16
64122,130,157,-27,27
64123,103,105,-2,2
64124,70,106,-36,36
64125,90,98,-8,8
64126,118,148,-30,30
64127,85,89,-4,4
64128,63,82,-19,19
64129,62,75,-13,13
64130,93,104,-11,11
64131,66,96,-30,30
64132,57,74,-17,17
64133,43,63,-20,20
64134,104,107,-3,3
64135,131,135,-4,4
64136,88,96,-8,8
64137,79,92,-13,13
64138,83,85,-2,2
64139,77,87,-10,10
64140,82,101,-19,19
64141,109,117,-8,8
64142,118,120,-2,2
64143,134,144,-10,10
64144,124,140,-16,16
64145,105,121,-16,16
64146,102,106,-4,4
64147,109,115,-6,6
64148,100,112,-12,12
64149,84,99,-15,15
64150,88,96,-8,8
64151,86,96,-10,10
64152,92,95,-3,3
64153,125,128,-3,3
64154,70,82,-12,12
64155,167,146,21,21
64156,151,158,-7,7
64157,80,83,-3,3
64158,125,121,4,4
64159,140,150,-10,10
64160,101,111,-10,10
64161,68,77,-9,9
64162,48,75,-27,27
64163,105,111,-6,6
64164,72,84,-12,12
64165,73,88,-15,15
64166,139,146,-7,7
64167,88,102,-14,14
64168,65,109,-44,44
64169,100,106,-6,6
64170,150,151,-1,1
64171,116,124,-8,8
64172,64,79,-15,15
64173,115,117,-2,2
64174,58,77,-19,19
64175,132,147,-15,15
64176,91,96,-5,5
64177,75,82,-7,7
64178,98,113,-15,15
64179,109,113,-4,4
64180,115,115,0,0
64181,86,107,-21,21
64182,100,103,-3,3
64183,77,87,-10,10
64184,156,158,-2,2
64185,63,72,-9,9
64186,81,95,-14,14
64187,95,108,-13,13
64188,70,83,-13,13
64189,100,112,-12,12
64190,92,103,-11,11
64191,150,152,-2,2
64192,99,115,-16,16
64193,133,137,-4,4
64194,46,67,-21,21
64195,99,105,-6,6
64196,128,128,0,0
64197,77,91,-14,14
64198,77,91,-14,14
64199,62,83,-21,21
64200,175,153,22,22
64201,183,174,9,9
64202,80,95,-15,15
64203,124,138,-14,14
64204,116,121,-5,5
64205,140,152,-12,12
64206,74,83,-9,9
64207,104,129,-25,25
64208,43,67,-24,24
64209,191,176,15,15
64210,245,221,24,24
64211,94,102,-8,8
64212,110,109,1,1
64213,86,98,-12,12
64214,49,72,-23,23
64215,116,129,-13,13
64216,58,72,-14,14
64217,51,67,-16,16
64218,96,103,-7,7
64219,73,91,-18,18
64220,100,115,-15,15
64221,83,148,-65,65
64222,130,133,-3,3
64223,64,83,-19,19
64224,77,90,-13,13
64225,126,141,-15,15
64226,52,68,-16,16
64227,84,93,-9,9
64228,69,100,-31,31
64229,107,130,-23,23
64230,104,106,-2,2
64231,55,70,-15,15
64232,87,104,-17,17
64233,88,107,-19,19
64234,147,150,-3,3
64235,122,127,-5,5
64236,120,122,-2,2
64237,166,156,10,10
64238,80,98,-18,18
64239,122,134,-12,12
64240,43,57,-14,14
64241,121,120,1,1
64242,70,87,-17,17
64243,101,111,-10,10
64244,57,76,-19,19
64245,100,106,-6,6
64246,52,73,-21,21
64247,69,86,-17,17
64248,52,63,-11,11
64249,60,79,-19,19
64250,74,88,-14,14
64251,92,106,-14,14
64252,47,69,-22,22
64253,91,103,-12,12
64254,72,88,-16,16
64255,45,59,-14,14
64256,70,92,-22,22
64257,119,129,-10,10
64258,113,127,-14,14
64259,51,68,-17,17
64260,56,74,-18,18
64261,95,103,-8,8
64262,82,103,-21,21
64263,79,92,-13,13
64264,70,85,-15,15
64265,78,94,-16,16
64266,94,104,-10,10
64267,68,84,-16,16
64268,87,110,-23,23
64269,164,173,-9,9
64270,101,107,-6,6
64271,145,148,-3,3
64272,50,66,-16,16
64273,65,94,-29,29
64274,108,108,0,0
64275,77,86,-9,9
64276,153,148,5,5
64277,113,116,-3,3
64278,181,154,27,27
64279,52,65,-13,13
64280,96,107,-11,11
64281,139,141,-2,2
64282,91,105,-14,14
64283,73,89,-16,16
64284,77,94,-17,17
64285,71,86,-15,15
64286,51,68,-17,17
64287,90,104,-14,14
64288,68,78,-10,10
64289,73,89,-16,16
64290,94,114,-20,20
64291,69,81,-12,12
64292,90,102,-12,12
64293,154,154,0,0
64294,163,147,16,16
64295,74,88,-14,14
64296,55,73,-18,18
64297,73,92,-19,19
64298,33,47,-14,14
64299,154,148,6,6
64300,70,70,0,0
64301,72,90,-18,18
64302,96,110,-14,14
64303,117,127,-10,10
64304,127,131,-4,4
64305,84,100,-16,16
64306,99,118,-19,19
64307,72,82,-10,10
64308,144,142,2,2
64309,74,89,-15,15
64310,75,90,-15,15
64311,89,95,-6,6
64312,122,122,0,0
64313,165,156,9,9
64314,45,61,-16,16
64315,82,101,-19,19
64316,84,95,-11,11
64317,166,160,6,6
64318,140,136,4,4
64319,96,112,-16,16
64320,73,85,-12,12
64321,200,184,16,16
64322,113,116,-3,3
64323,137,140,-3,3
64324,87,99,-12,12
64325,127,134,-7,7
64326,74,80,-6,6
64327,89,99,-10,10
64328,128,144,-16,16
64329,73,91,-18,18
64330,53,68,-15,15
64331,26,59,-33,33
64332,104,114,-10,10
64333,91,94,-3,3
64334,157,150,7,7
64335,93,100,-7,7
64336,125,139,-14,14
64337,66,75,-9,9
64338,125,131,-6,6
64339,144,130,14,14
64340,106,108,-2,2
64341,129,128,1,1
64342,86,105,-19,19
64343,188,172,16,16
64344,142,139,3,3
64345,54,69,-15,15
64346,185,153,32,32
64347,152,149,3,3
64348,55,67,-12,12
64349,74,90,-16,16
64350,132,148,-16,16
64351,80,92,-12,12
64352,77,91,-14,14
64353,67,92,-25,25
64354,71,82,-11,11
64355,129,131,-2,2
64356,116,119,-3,3
64357,97,110,-13,13
64358,39,57,-18,18
64359,44,66,-22,22
64360,73,91,-18,18
64361,78,87,-9,9
64362,68,78,-10,10
64363,57,68,-11,11
64364,97,93,4,4
64365,77,89,-12,12
64366,159,153,6,6
64367,144,139,5,5
64368,58,76,-18,18
64369,74,94,-20,20
64370,47,66,-19,19
64371,86,92,-6,6
64372,95,95,0,0
64373,74,86,-12,12
64374,84,109,-25,25
64375,175,166,9,9
64376,47,61,-14,14
64377,110,113,-3,3
64378,181,166,15,15
64379,117,122,-5,5
64380,77,80,-3,3
64381,88,90,-2,2
64382,84,103,-19,19
64383,56,69,-13,13
64384,49,62,-13,13
64385,75,94,-19,19
64386,58,74,-16,16
64387,110,123,-13,13
64388,80,99,-19,19
64389,120,137,-17,17
64390,79,109,-30,30
64391,107,125,-18,18
64392,79,95,-16,16
64393,69,87,-18,18
64394,36,68,-32,32
64395,106,116,-10,10
64396,64,75,-11,11
64397,91,108,-17,17
64398,70,88,-18,18
64399,69,83,-14,14
64400,75,95,-20,20
64401,54,70,-16,16
64402,69,88,-19,19
64403,105,128,-23,23
64404,67,86,-19,19
64405,28,56,-28,28
64406,57,73,-16,16
64407,46,57,-11,11
64408,52,71,-19,19
64409,122,132,-10,10
64410,101,110,-9,9
64411,129,132,-3,3
64412,143,153,-10,10
64413,193,175,18,18
64414,55,71,-16,16
64415,92,106,-14,14
64416,107,102,5,5
64417,137,129,8,8
64418,100,110,-10,10
64419,61,83,-22,22
64420,113,112,1,1
64421,112,117,-5,5
64422,78,84,-6,6
64423,82,103,-21,21
64424,58,82,-24,24
64425,65,72,-7,7
64426,52,74,-22,22
64427,106,116,-10,10
64428,47,67,-20,20
64429,72,96,-24,24
64430,75,91,-16,16
64431,135,147,-12,12
64432,87,103,-16,16
64433,175,167,8,8
64434,99,117,-18,18
64435,50,67,-17,17
64436,90,99,-9,9
64437,83,101,-18,18
64438,68,84,-16,16
64439,85,96,-11,11
64440,73,90,-17,17
64441,58,82,-24,24
64442,78,95,-17,17
64443,89,111,-22,22
64444,49,69,-20,20
64445,73,80,-7,7
64446,108,103,5,5
64447,60,81,-21,21
64448,142,140,2,2
64449,217,192,25,25
64450,57,67,-10,10
64451,61,75,-14,14
64452,82,92,-10,10
64453,73,87,-14,14
64454,108,117,-9,9
64455,139,149,-10,10
64456,80,94,-14,14
64457,218,209,9,9
64458,119,129,-10,10
64459,105,113,-8,8
64460,57,73,-16,16
64461,106,132,-26,26
64462,74,91,-17,17
64463,77,95,-18,18
64464,143,144,-1,1
64465,103,112,-9,9
64466,120,126,-6,6
64467,124,119,5,5
64468,112,117,-5,5
64469,105,110,-5,5
64470,144,148,-4,4
64471,97,103,-6,6
64472,65,75,-10,10
64473,74,86,-12,12
64474,55,70,-15,15
64475,80,94,-14,14
64476,115,122,-7,7
64477,145,148,-3,3
64478,103,121,-18,18
64479,132,134,-2,2
64480,46,67,-21,21
64481,59,72,-13,13
64482,83,91,-8,8
64483,150,150,0,0
64484,182,171,11,11
64485,44,69,-25,25
64486,64,88,-24,24
64487,53,70,-17,17
64488,78,98,-20,20
64489,112,129,-17,17
64490,109,120,-11,11
64491,95,115,-20,20
64492,62,98,-36,36
64493,57,73,-16,16
64494,130,140,-10,10
64495,101,108,-7,7
64496,135,145,-10,10
64497,100,127,-27,27
64498,107,126,-19,19
64499,97,113,-16,16
64500,79,88,-9,9
64501,80,95,-15,15
64502,94,88,6,6
64503,122,128,-6,6
64504,57,72,-15,15
64505,58,76,-18,18
64506,76,89,-13,13
64507,144,141,3,3
64508,51,64,-13,13
64509,54,73,-19,19
64510,85,100,-15,15
64511,61,75,-14,14
64512,148,133,15,15
64513,33,54,-21,21
64514,99,105,-6,6
64515,117,121,-4,4
64516,82,93,-11,11
64517,54,94,-40,40
64518,144,142,2,2
64519,141,144,-3,3
64520,80,101,-21,21
64521,203,182,21,21
64522,93,101,-8,8
64523,65,77,-12,12
64524,61,72,-11,11
64525,139,141,-2,2
64526,84,98,-14,14
64527,72,93,-21,21
64528,68,87,-19,19
64529,56,82,-26,26
64530,101,113,-12,12
64531,63,87,-24,24
64532,94,112,-18,18
64533,120,128,-8,8
64534,113,129,-16,16
64535,32,53,-21,21
64536,94,116,-22,22
64537,116,124,-8,8
64538,101,107,-6,6
64539,57,76,-19,19
64540,144,144,0,0
64541,76,90,-14,14
64542,94,104,-10,10
64543,80,93,-13,13
64544,100,112,-12,12
64545,150,147,3,3
64546,85,102,-17,17
64547,77,90,-13,13
64548,75,89,-14,14
64549,170,156,14,14
64550,138,150,-12,12
64551,74,86,-12,12
64552,83,97,-14,14
64553,193,183,10,10
64554,95,99,-4,4
64555,132,137,-5,5
64556,69,83,-14,14
64557,120,142,-22,22
64558,102,110,-8,8
64559,87,93,-6,6
64560,133,124,9,9
64561,106,115,-9,9
64562,90,107,-17,17
64563,61,78,-17,17
64564,87,97,-10,10
64565,130,131,-1,1
64566,77,91,-14,14
64567,80,110,-30,30
64568,95,94,1,1
64569,64,78,-14,14
64570,57,82,-25,25
64571,70,85,-15,15
64572,111,117,-6,6
64573,54,74,-20,20
64574,142,161,-19,19
64575,52,71,-19,19
64576,47,69,-22,22
64577,133,144,-11,11
64578,140,148,-8,8
64579,60,79,-19,19
64580,186,157,29,29
64581,77,90,-13,13
64582,101,105,-4,4
64583,59,73,-14,14
64584,121,138,-17,17
64585,104,118,-14,14
64586,155,139,16,16
64587,83,95,-12,12
64588,77,88,-11,11
64589,123,121,2,2
64590,59,72,-13,13
64591,105,105,0,0
64592,75,94,-19,19
64593,116,117,-1,1
64594,72,87,-15,15
64595,149,156,-7,7
64596,119,128,-9,9
64597,63,83,-20,20
64598,87,96,-9,9
64599,137,139,-2,2
64600,82,90,-8,8
64601,125,129,-4,4
64602,36,57,-21,21
64603,67,82,-15,15
64604,116,126,-10,10
64605,155,147,8,8
64606,103,105,-2,2
64607,104,110,-6,6
64608,143,147,-4,4
64609,123,129,-6,6
64610,121,125,-4,4
64611,87,87,0,0
64612,72,88,-16,16
64613,49,86,-37,37
64614,69,96,-27,27
64615,72,102,-30,30
64616,116,112,4,4
64617,138,149,-11,11
64618,97,113,-16,16
64619,63,75,-12,12
64620,109,116,-7,7
64621,80,92,-12,12
64622,96,103,-7,7
64623,98,100,-2,2
64624,101,116,-15,15
64625,143,159,-16,16
64626,90,104,-14,14
64627,85,94,-9,9
64628,120,132,-12,12
64629,65,75,-10,10
64630,161,147,14,14
64631,124,116,8,8
64632,103,113,-10,10
64633,99,109,-10,10
64634,121,134,-13,13
64635,122,130,-8,8
64636,104,124,-20,20
64637,160,165,-5,5
64638,109,102,7,7
64639,63,80,-17,17
64640,112,119,-7,7
64641,88,99,-11,11
64642,88,102,-14,14
64643,101,130,-29,29
64644,50,67,-17,17
64645,170,172,-2,2
64646,64,85,-21,21
64647,102,121,-19,19
64648,93,104,-11,11
64649,132,134,-2,2
64650,75,100,-25,25
64651,84,89,-5,5
64652,60,76,-16,16
64653,103,125,-22,22
64654,58,76,-18,18
64655,153,146,7,7
64656,135,132,3,3
64657,62,98,-36,36
64658,162,149,13,13
64659,74,92,-18,18
64660,90,92,-2,2
64661,127,133,-6,6
64662,97,109,-12,12
64663,102,108,-6,6
64664,117,126,-9,9
64665,38,60,-22,22
64666,114,120,-6,6
64667,45,56,-11,11
64668,100,107,-7,7
64669,61,74,-13,13
64670,101,104,-3,3
64671,120,131,-11,11
64672,152,147,5,5
64673,84,98,-14,14
64674,100,101,-1,1
64675,108,115,-7,7
64676,124,145,-21,21
64677,148,153,-5,5
64678,46,64,-18,18
64679,119,129,-10,10
64680,118,119,-1,1
64681,52,77,-25,25
64682,104,121,-17,17
64683,82,115,-33,33
64684,100,101,-1,1
64685,118,117,1,1
64686,70,89,-19,19
64687,104,103,1,1
64688,141,141,0,0
64689,97,107,-10,10
64690,24,56,-32,32
64691,192,167,25,25
64692,71,83,-12,12
64693,78,104,-26,26
64694,46,67,-21,21
64695,79,95,-16,16
64696,153,148,5,5
64697,88,110,-22,22
64698,64,85,-21,21
64699,81,90,-9,9
64700,81,97,-16,16
64701,105,111,-6,6
64702,88,99,-11,11
64703,120,133,-13,13
64704,68,81,-13,13
64705,84,96,-12,12
64706,121,123,-2,2
64707,80,91,-11,11
64708,138,147,-9,9
64709,90,97,-7,7
64710,87,101,-14,14
64711,92,105,-13,13
64712,111,128,-17,17
64713,77,86,-9,9
64714,74,87,-13,13
64715,170,149,21,21
64716,77,94,-17,17
64717,117,134,-17,17
64718,151,144,7,7
64719,84,100,-16,16
64720,108,125,-17,17
64721,69,88,-19,19
64722,121,134,-13,13
64723,94,114,-20,20
64724,41,58,-17,17
64725,140,141,-1,1
64726,76,83,-7,7
64727,85,94,-9,9
64728,104,118,-14,14
64729,48,70,-22,22
64730,128,140,-12,12
64731,68,81,-13,13
64732,70,81,-11,11
64733,93,97,-4,4
64734,69,99,-30,30
64735,56,72,-16,16
64736,96,108,-12,12
64737,50,65,-15,15
64738,64,82,-18,18
64739,69,91,-22,22
64740,89,102,-13,13
64741,75,92,-17,17
64742,77,89,-12,12
64743,68,79,-11,11
64744,59,109,-50,50
64745,140,135,5,5
64746,79,87,-8,8
64747,46,60,-14,14
64748,54,64,-10,10
64749,89,106,-17,17
64750,99,113,-14,14
64751,68,83,-15,15
64752,86,107,-21,21
64753,106,106,0,0
64754,82,93,-11,11
64755,97,138,-41,41
64756,29,58,-29,29
64757,99,109,-10,10
64758,119,131,-12,12
64759,102,113,-11,11
64760,104,117,-13,13
64761,148,137,11,11
64762,146,147,-1,1
64763,107,109,-2,2
64764,49,72,-23,23
64765,45,61,-16,16
64766,133,139,-6,6
64767,102,118,-16,16
64768,110,125,-15,15
64769,100,111,-11,11
64770,112,116,-4,4
64771,59,81,-22,22
64772,73,80,-7,7
64773,115,134,-19,19
64774,88,100,-12,12
64775,77,104,-27,27
64776,133,137,-4,4
64777,86,97,-11,11
64778,74,83,-9,9
64779,125,133,-8,8
64780,97,111,-14,14
64781,71,81,-10,10
64782,42,61,-19,19
64783,140,147,-7,7
64784,70,86,-16,16
64785,76,100,-24,24
64786,59,74,-15,15
64787,87,109,-22,22
64788,134,131,3,3
64789,173,159,14,14
64790,47,66,-19,19
64791,112,111,1,1
64792,94,115,-21,21
64793,81,91,-10,10
64794,152,153,-1,1
64795,56,77,-21,21
64796,72,87,-15,15
64797,82,95,-13,13
64798,68,82,-14,14
64799,87,103,-16,16
64800,116,143,-27,27
64801,49,59,-10,10
64802,124,129,-5,5
64803,146,152,-6,6
64804,151,147,4,4
64805,67,104,-37,37
64806,57,103,-46,46
64807,147,149,-2,2
64808,104,116,-12,12
64809,124,136,-12,12
64810,46,66,-20,20
64811,118,125,-7,7
64812,110,122,-12,12
64813,82,94,-12,12
64814,97,105,-8,8
64815,104,107,-3,3
64816,46,63,-17,17
64817,76,96,-20,20
64818,66,85,-19,19
64819,51,66,-15,15
64820,63,72,-9,9
64821,81,90,-9,9
64822,110,125,-15,15
64823,160,154,6,6
64824,65,81,-16,16
64825,43,62,-19,19
64826,67,137,-70,70
64827,104,112,-8,8
64828,83,98,-15,15
64829,57,82,-25,25
64830,139,144,-5,5
64831,78,89,-11,11
64832,68,78,-10,10
64833,91,99,-8,8
64834,117,127,-10,10
64835,117,122,-5,5
64836,110,127,-17,17
64837,67,82,-15,15
64838,89,103,-14,14
64839,96,116,-20,20
64840,92,113,-21,21
64841,87,98,-11,11
64842,92,91,1,1
64843,59,80,-21,21
64844,66,77,-11,11
64845,160,160,0,0
64846,188,164,24,24
64847,96,108,-12,12
64848,75,94,-19,19
64849,140,141,-1,1
64850,95,105,-10,10
64851,83,95,-12,12
64852,103,114,-11,11
64853,81,93,-12,12
64854,87,100,-13,13
64855,90,102,-12,12
64856,66,82,-16,16
64857,100,107,-7,7
64858,75,91,-16,16
64859,50,63,-13,13
64860,68,86,-18,18
64861,82,92,-10,10
64862,72,82,-10,10
64863,56,72,-16,16
64864,113,122,-9,9
64865,41,62,-21,21
64866,56,74,-18,18
64867,92,100,-8,8
64868,68,82,-14,14
64869,63,77,-14,14
64870,111,128,-17,17
64871,74,91,-17,17
64872,91,104,-13,13
64873,84,141,-57,57
64874,107,123,-16,16
64875,95,102,-7,7
64876,80,92,-12,12
64877,125,144,-19,19
64878,57,73,-16,16
64879,115,130,-15,15
64880,117,123,-6,6
64881,71,91,-20,20
64882,72,82,-10,10
64883,199,174,25,25
64884,100,116,-16,16
64885,75,80,-5,5
64886,78,88,-10,10
64887,82,91,-9,9
64888,85,100,-15,15
64889,53,77,-24,24
64890,89,101,-12,12
64891,111,111,0,0
64892,58,76,-18,18
64893,74,83,-9,9
64894,106,129,-23,23
64895,139,148,-9,9
64896,94,104,-10,10
64897,66,77,-11,11
64898,140,132,8,8
64899,100,116,-16,16
64900,60,74,-14,14
64901,118,124,-6,6
64902,108,111,-3,3
64903,131,127,4,4
64904,141,153,-12,12
64905,107,120,-13,13
64906,65,92,-27,27
64907,104,120,-16,16
64908,121,133,-12,12
64909,93,113,-20,20
64910,85,103,-18,18
64911,77,80,-3,3
64912,113,118,-5,5
64913,44,64,-20,20
64914,110,136,-26,26
64915,75,85,-10,10
64916,65,87,-22,22
64917,59,73,-14,14
64918,102,103,-1,1
64919,93,122,-29,29
64920,85,97,-12,12
64921,57,69,-12,12
64922,129,132,-3,3
64923,45,68,-23,23
64924,60,95,-35,35
64925,89,110,-21,21
64926,93,106,-13,13
64927,104,114,-10,10
64928,55,72,-17,17
64929,83,99,-16,16
64930,137,141,-4,4
64931,109,108,1,1
64932,69,84,-15,15
64933,110,139,-29,29
64934,119,113,6,6
64935,97,103,-6,6
64936,81,95,-14,14
64937,104,114,-10,10
64938,71,92,-21,21
64939,50,73,-23,23
64940,136,137,-1,1
64941,70,82,-12,12
64942,63,84,-21,21
64943,90,109,-19,19
64944,102,110,-8,8
64945,50,67,-17,17
64946,138,136,2,2
64947,103,135,-32,32
64948,127,131,-4,4
64949,129,142,-13,13
64950,144,147,-3,3
64951,52,74,-22,22
64952,72,93,-21,21
64953,94,108,-14,14
64954,77,84,-7,7
64955,62,79,-17,17
64956,91,105,-14,14
64957,58,72,-14,14
64958,78,86,-8,8
64959,63,78,-15,15
64960,111,115,-4,4
64961,87,100,-13,13
64962,85,97,-12,12
64963,224,191,33,33
64964,99,111,-12,12
64965,84,92,-8,8
64966,101,111,-10,10
64967,156,147,9,9
64968,50,67,-17,17
64969,82,92,-10,10
64970,190,189,1,1
64971,127,142,-15,15
64972,61,80,-19,19
64973,100,113,-13,13
64974,81,100,-19,19
64975,141,133,8,8
64976,80,89,-9,9
64977,67,82,-15,15
64978,90,104,-14,14
64979,81,86,-5,5
64980,55,65,-10,10
64981,85,100,-15,15
64982,36,60,-24,24
64983,87,92,-5,5
64984,73,96,-23,23
64985,90,104,-14,14
64986,69,75,-6,6
64987,88,98,-10,10
64988,64,82,-18,18
64989,56,71,-15,15
64990,130,132,-2,2
64991,59,74,-15,15
64992,140,148,-8,8
64993,129,133,-4,4
64994,122,127,-5,5
64995,69,80,-11,11
64996,65,87,-22,22
64997,103,114,-11,11
64998,36,52,-16,16
64999,193,191,2,2
65000,123,126,-3,3
65001,77,92,-15,15
65002,75,84,-9,9
65003,85,105,-20,20
65004,124,131,-7,7
65005,148,149,-1,1
65006,92,107,-15,15
65007,70,79,-9,9
65008,129,127,2,2
65009,51,64,-13,13
65010,98,101,-3,3
65011,130,130,0,0
65012,134,139,-5,5
65013,89,95,-6,6
65014,83,103,-20,20
65015,89,103,-14,14
65016,101,108,-7,7
65017,110,109,1,1
65018,68,82,-14,14
65019,68,79,-11,11
65020,72,88,-16,16
65021,77,94,-17,17
65022,147,145,2,2
65023,117,124,-7,7
65024,79,110,-31,31
65025,103,117,-14,14
65026,65,82,-17,17
65027,102,110,-8,8
65028,66,82,-16,16
65029,101,107,-6,6
65030,77,91,-14,14
65031,58,78,-20,20
65032,75,88,-13,13
65033,50,72,-22,22
65034,116,122,-6,6
65035,78,89,-11,11
65036,111,110,1,1
65037,35,55,-20,20
65038,94,105,-11,11
65039,136,139,-3,3
65040,71,83,-12,12
65041,94,120,-26,26
65042,81,89,-8,8
65043,54,70,-16,16
65044,94,99,-5,5
65045,94,107,-13,13
65046,143,148,-5,5
65047,82,95,-13,13
65048,156,151,5,5
65049,81,99,-18,18
65050,169,159,10,10
65051,104,110,-6,6
65052,107,120,-13,13
65053,69,96,-27,27
65054,123,118,5,5
65055,51,69,-18,18
65056,88,108,-20,20
65057,41,60,-19,19
65058,56,78,-22,22
65059,138,145,-7,7
65060,102,112,-10,10
65061,97,111,-14,14
65062,124,141,-17,17
65063,124,128,-4,4
65064,119,142,-23,23
65065,55,70,-15,15
65066,116,125,-9,9
65067,60,70,-10,10
65068,134,130,4,4
65069,63,101,-38,38
65070,73,85,-12,12
65071,145,147,-2,2
65072,111,141,-30,30
65073,110,127,-17,17
65074,194,178,16,16
65075,92,107,-15,15
65076,97,100,-3,3
65077,116,127,-11,11
65078,61,72,-11,11
65079,150,148,2,2
65080,45,62,-17,17
65081,99,97,2,2
65082,79,89,-10,10
65083,118,130,-12,12
65084,74,84,-10,10
65085,108,116,-8,8
65086,85,92,-7,7
65087,89,94,-5,5
65088,107,121,-14,14
65089,165,166,-1,1
65090,84,95,-11,11
65091,132,134,-2,2
65092,90,97,-7,7
65093,144,130,14,14
65094,87,103,-16,16
65095,103,101,2,2
65096,98,115,-17,17
65097,88,99,-11,11
65098,125,129,-4,4
65099,112,114,-2,2
65100,51,78,-27,27
65101,105,119,-14,14
65102,149,140,9,9
65103,109,116,-7,7
65104,74,91,-17,17
65105,83,97,-14,14
65106,85,98,-13,13
65107,75,83,-8,8
65108,78,97,-19,19
65109,67,83,-16,16
65110,48,67,-19,19
65111,109,108,1,1
65112,92,101,-9,9
65113,90,103,-13,13
65114,90,97,-7,7
65115,98,108,-10,10
65116,76,90,-14,14
65117,83,101,-18,18
65118,148,150,-2,2
65119,99,112,-13,13
65120,68,87,-19,19
65121,79,87,-8,8
65122,98,116,-18,18
65123,194,186,8,8
65124,90,97,-7,7
65125,70,83,-13,13
65126,88,99,-11,11
65127,66,79,-13,13
65128,81,82,-1,1
65129,122,128,-6,6
65130,96,110,-14,14
65131,69,88,-19,19
65132,113,111,2,2
65133,61,84,-23,23
65134,101,101,0,0
65135,178,161,17,17
65136,111,118,-7,7
65137,81,91,-10,10
65138,147,159,-12,12
65139,121,128,-7,7
65140,78,88,-10,10
65141,86,96,-10,10
65142,54,70,-16,16
65143,46,62,-16,16
65144,62,81,-19,19
65145,94,118,-24,24
65146,101,115,-14,14
65147,60,81,-21,21
65148,72,79,-7,7
65149,75,94,-19,19
65150,148,147,1,1
65151,123,122,1,1
65152,81,104,-23,23
65153,126,139,-13,13
65154,163,152,11,11
65155,105,114,-9,9
65156,85,95,-10,10
65157,102,108,-6,6
65158,89,99,-10,10
65159,123,134,-11,11
65160,62,73,-11,11
65161,78,100,-22,22
65162,98,104,-6,6
65163,68,82,-14,14
65164,99,112,-13,13
65165,112,117,-5,5
65166,89,100,-11,11
65167,89,108,-19,19
65168,83,94,-11,11
65169,119,123,-4,4
65170,92,111,-19,19
65171,77,94,-17,17
65172,74,86,-12,12
65173,115,147,-32,32
65174,107,114,-7,7
65175,98,103,-5,5
65176,136,136,0,0
65177,42,69,-27,27
65178,119,131,-12,12
65179,119,135,-16,16
65180,109,116,-7,7
65181,113,126,-13,13
65182,164,157,7,7
65183,86,93,-7,7
65184,97,108,-11,11
65185,112,121,-9,9
65186,124,131,-7,7
65187,84,110,-26,26
65188,77,89,-12,12
65189,87,109,-22,22
65190,52,71,-19,19
65191,112,116,-4,4
65192,78,88,-10,10
65193,93,103,-10,10
65194,115,138,-23,23
65195,76,85,-9,9
65196,209,187,22,22
65197,41,73,-32,32
65198,115,121,-6,6
65199,155,147,8,8
65200,53,69,-16,16
65201,72,87,-15,15
65202,110,102,8,8
65203,91,108,-17,17
65204,99,108,-9,9
65205,88,108,-20,20
65206,100,113,-13,13
65207,73,95,-22,22
65208,70,81,-11,11
65209,126,130,-4,4
65210,102,114,-12,12
65211,97,102,-5,5
65212,60,79,-19,19
65213,44,69,-25,25
65214,62,88,-26,26
65215,52,70,-18,18
65216,128,134,-6,6
65217,168,161,7,7
65218,101,112,-11,11
65219,106,122,-16,16
65220,191,170,21,21
65221,51,77,-26,26
65222,196,165,31,31
65223,92,110,-18,18
65224,47,62,-15,15
65225,115,119,-4,4
65226,70,82,-12,12
65227,84,102,-18,18
65228,145,146,-1,1
65229,102,119,-17,17
65230,31,48,-17,17
65231,65,75,-10,10
65232,92,101,-9,9
65233,77,95,-18,18
65234,90,106,-16,16
65235,30,48,-18,18
65236,72,92,-20,20
65237,109,120,-11,11
65238,148,151,-3,3
65239,81,91,-10,10
65240,75,86,-11,11
65241,60,78,-18,18
65242,147,147,0,0
65243,95,91,4,4
65244,71,90,-19,19
65245,145,151,-6,6
65246,91,111,-20,20
65247,48,88,-40,40
65248,94,105,-11,11
65249,86,112,-26,26
65250,70,85,-15,15
65251,120,132,-12,12
65252,117,125,-8,8
65253,118,109,9,9
65254,66,80,-14,14
65255,70,81,-11,11
65256,51,68,-17,17
65257,80,98,-18,18
65258,78,93,-15,15
65259,136,131,5,5
65260,105,113,-8,8
65261,94,97,-3,3
65262,119,123,-4,4
65263,119,128,-9,9
65264,66,84,-18,18
65265,133,136,-3,3
65266,106,114,-8,8
65267,110,110,0,0
65268,109,117,-8,8
65269,97,124,-27,27
65270,54,76,-22,22
65271,143,149,-6,6
65272,103,117,-14,14
65273,55,75,-20,20
65274,72,84,-12,12
65275,300,226,74,74
65276,110,117,-7,7
65277,120,127,-7,7
65278,114,130,-16,16
65279,65,86,-21,21
65280,51,69,-18,18
65281,107,112,-5,5
65282,86,103,-17,17
65283,91,105,-14,14
65284,102,102,0,0
65285,72,79,-7,7
65286,82,94,-12,12
65287,134,135,-1,1
65288,133,134,-1,1
65289,79,93,-14,14
65290,146,148,-2,2
65291,176,173,3,3
65292,117,127,-10,10
65293,82,96,-14,14
65294,105,113,-8,8
65295,89,107,-18,18
65296,72,88,-16,16
65297,71,79,-8,8
65298,117,131,-14,14
65299,140,146,-6,6
65300,80,97,-17,17
65301,53,71,-18,18
65302,185,177,8,8
65303,111,114,-3,3
65304,92,106,-14,14
65305,91,99,-8,8
65306,112,108,4,4
65307,59,72,-13,13
65308,106,111,-5,5
65309,53,77,-24,24
65310,132,142,-10,10
65311,80,101,-21,21
65312,163,159,4,4
65313,58,82,-24,24
65314,138,132,6,6
65315,173,165,8,8
65316,64,88,-24,24
65317,78,92,-14,14
65318,101,115,-14,14
65319,103,112,-9,9
65320,87,97,-10,10
65321,105,113,-8,8
65322,94,100,-6,6
65323,89,110,-21,21
65324,63,86,-23,23
65325,92,98,-6,6
65326,139,147,-8,8
65327,78,93,-15,15
65328,58,94,-36,36
65329,77,92,-15,15
65330,71,131,-60,60
65331,154,155,-1,1
65332,93,103,-10,10
65333,61,77,-16,16
65334,168,154,14,14
65335,139,137,2,2
65336,78,93,-15,15
65337,132,135,-3,3
65338,56,70,-14,14
65339,78,97,-19,19
65340,86,100,-14,14
65341,68,83,-15,15
65342,31,77,-46,46
65343,60,73,-13,13
65344,150,148,2,2
65345,117,123,-6,6
65346,104,111,-7,7
65347,102,116,-14,14
65348,77,102,-25,25
65349,64,80,-16,16
65350,103,114,-11,11
65351,113,119,-6,6
65352,96,114,-18,18
65353,114,112,2,2
65354,126,133,-7,7
65355,106,119,-13,13
65356,59,75,-16,16
65357,81,94,-13,13
65358,109,112,-3,3
65359,121,136,-15,15
65360,70,82,-12,12
65361,148,150,-2,2
65362,94,104,-10,10
65363,127,135,-8,8
65364,117,127,-10,10
65365,104,112,-8,8
65366,46,68,-22,22
65367,106,127,-21,21
65368,94,96,-2,2
65369,124,123,1,1
65370,62,80,-18,18
65371,62,87,-25,25
65372,74,98,-24,24
65373,53,70,-17,17
65374,40,57,-17,17
65375,70,84,-14,14
65376,60,77,-17,17
65377,45,58,-13,13
65378,111,125,-14,14
65379,37,66,-29,29
65380,88,112,-24,24
65381,51,117,-66,66
65382,66,82,-16,16
65383,76,88,-12,12
65384,91,96,-5,5
65385,121,130,-9,9
65386,135,139,-4,4
65387,87,106,-19,19
65388,99,109,-10,10
65389,106,114,-8,8
65390,83,100,-17,17
65391,94,99,-5,5
65392,76,86,-10,10
65393,69,80,-11,11
65394,100,124,-24,24
65395,118,125,-7,7
65396,66,92,-26,26
65397,89,100,-11,11
65398,104,129,-25,25
65399,110,107,3,3
65400,106,109,-3,3
65401,118,124,-6,6
65402,83,100,-17,17
65403,85,93,-8,8
65404,73,102,-29,29
65405,72,80,-8,8
65406,61,72,-11,11
65407,59,75,-16,16
65408,114,128,-14,14
65409,68,85,-17,17
65410,179,171,8,8
65411,70,83,-13,13
65412,91,100,-9,9
65413,114,121,-7,7
65414,108,117,-9,9
65415,79,92,-13,13
65416,79,87,-8,8
65417,125,135,-10,10
65418,117,117,0,0
65419,68,91,-23,23
65420,79,89,-10,10
65421,103,121,-18,18
65422,207,181,26,26
65423,63,83,-20,20
65424,117,127,-10,10
65425,63,78,-15,15
65426,71,85,-14,14
65427,74,97,-23,23
65428,55,68,-13,13
65429,170,156,14,14
65430,69,79,-10,10
65431,51,71,-20,20
65432,55,71,-16,16
65433,73,82,-9,9
65434,89,119,-30,30
65435,173,158,15,15
65436,119,132,-13,13
65437,85,105,-20,20
65438,94,107,-13,13
65439,104,109,-5,5
65440,96,110,-14,14
65441,61,80,-19,19
65442,86,101,-15,15
65443,95,107,-12,12
65444,161,152,9,9
65445,80,91,-11,11
65446,112,116,-4,4
65447,75,93,-18,18
65448,141,139,2,2
65449,161,159,2,2
65450,99,110,-11,11
65451,94,106,-12,12
65452,146,140,6,6
65453,72,83,-11,11
65454,105,102,3,3
65455,69,80,-11,11
65456,113,115,-2,2
65457,132,121,11,11
65458,121,132,-11,11
65459,91,108,-17,17
65460,70,82,-12,12
65461,96,106,-10,10
65462,155,149,6,6
65463,130,146,-16,16
65464,186,160,26,26
65465,96,106,-10,10
65466,146,155,-9,9
65467,113,116,-3,3
65468,86,101,-15,15
65469,104,112,-8,8
65470,66,78,-12,12
65471,96,100,-4,4
65472,88,88,0,0
65473,111,114,-3,3
65474,146,140,6,6
65475,86,92,-6,6
65476,46,63,-17,17
65477,72,87,-15,15
65478,170,154,16,16
65479,35,53,-18,18
65480,90,102,-12,12
65481,143,148,-5,5
65482,157,150,7,7
65483,62,82,-20,20
65484,65,78,-13,13
65485,75,86,-11,11
65486,89,97,-8,8
65487,82,86,-4,4
65488,80,98,-18,18
65489,56,67,-11,11
65490,76,85,-9,9
65491,113,126,-13,13
65492,104,121,-17,17
65493,99,106,-7,7
65494,62,73,-11,11
65495,140,148,-8,8
65496,76,93,-17,17
65497,114,121,-7,7
65498,108,126,-18,18
65499,81,85,-4,4
65500,63,77,-14,14
65501,125,129,-4,4
65502,70,75,-5,5
65503,90,105,-15,15
65504,37,59,-22,22
65505,92,119,-27,27
65506,96,112,-16,16
65507,85,96,-11,11
65508,106,119,-13,13
65509,86,95,-9,9
65510,101,100,1,1
65511,101,109,-8,8
65512,100,115,-15,15
65513,105,109,-4,4
65514,71,90,-19,19
65515,58,74,-16,16
65516,179,162,17,17
65517,106,116,-10,10
65518,89,103,-14,14
65519,84,92,-8,8
65520,113,120,-7,7
65521,129,127,2,2
65522,87,110,-23,23
65523,122,135,-13,13
65524,109,119,-10,10
65525,78,94,-16,16
65526,96,105,-9,9
65527,176,151,25,25
65528,114,119,-5,5
65529,89,91,-2,2
65530,115,113,2,2
65531,73,80,-7,7
65532,68,84,-16,16
65533,148,147,1,1
65534,70,85,-15,15
65535,108,114,-6,6
65536,60,71,-11,11
65537,98,101,-3,3
65538,47,64,-17,17
65539,84,103,-19,19
65540,60,70,-10,10
65541,119,134,-15,15
65542,66,83,-17,17
65543,115,119,-4,4
65544,172,152,20,20
65545,105,108,-3,3
65546,83,91,-8,8
65547,75,83,-8,8
65548,48,62,-14,14
65549,100,112,-12,12
65550,59,78,-19,19
65551,67,78,-11,11
65552,103,121,-18,18
65553,48,64,-16,16
65554,108,127,-19,19
65555,77,80,-3,3
65556,126,131,-5,5
65557,82,119,-37,37
65558,38,65,-27,27
65559,99,103,-4,4
65560,56,76,-20,20
65561,131,125,6,6
65562,96,98,-2,2
65563,83,96,-13,13
65564,120,123,-3,3
65565,102,112,-10,10
65566,93,107,-14,14
65567,127,130,-3,3
65568,67,72,-5,5
65569,98,105,-7,7
65570,77,83,-6,6
65571,84,87,-3,3
65572,96,103,-7,7
65573,118,121,-3,3
65574,84,96,-12,12
65575,70,99,-29,29
65576,100,115,-15,15
65577,118,122,-4,4
65578,54,71,-17,17
65579,170,158,12,12
65580,91,110,-19,19
65581,86,93,-7,7
65582,82,100,-18,18
65583,123,131,-8,8
65584,94,106,-12,12
65585,86,95,-9,9
65586,142,150,-8,8
65587,132,133,-1,1
65588,140,144,-4,4
65589,177,153,24,24
65590,54,79,-25,25
65591,51,69,-18,18
65592,130,132,-2,2
65593,71,86,-15,15
65594,61,72,-11,11
65595,93,101,-8,8
65596,93,115,-22,22
65597,83,91,-8,8
65598,104,104,0,0
65599,93,105,-12,12
65600,88,98,-10,10
65601,89,106,-17,17
65602,154,155,-1,1
65603,53,69,-16,16
65604,85,98,-13,13
65605,89,110,-21,21
65606,107,119,-12,12
65607,102,111,-9,9
65608,88,109,-21,21
65609,35,56,-21,21
65610,118,122,-4,4
65611,63,75,-12,12
65612,56,76,-20,20
65613,41,64,-23,23
65614,108,125,-17,17
65615,137,145,-8,8
65616,70,79,-9,9
65617,131,147,-16,16
65618,83,93,-10,10
65619,87,97,-10,10
65620,87,105,-18,18
65621,134,141,-7,7
65622,108,102,6,6
65623,73,95,-22,22
65624,110,117,-7,7
65625,100,92,8,8
65626,57,98,-41,41
65627,101,110,-9,9
65628,124,129,-5,5
65629,100,113,-13,13
65630,116,126,-10,10
65631,124,120,4,4
65632,119,133,-14,14
65633,95,122,-27,27
65634,131,132,-1,1
65635,46,66,-20,20
65636,119,120,-1,1
65637,86,95,-9,9
65638,148,148,0,0
65639,63,78,-15,15
65640,84,89,-5,5
65641,88,95,-7,7
65642,125,124,1,1
65643,180,157,23,23
65644,92,107,-15,15
65645,73,89,-16,16
65646,54,73,-19,19
65647,125,138,-13,13
65648,158,152,6,6
65649,115,122,-7,7
65650,176,170,6,6
65651,71,98,-27,27
65652,109,128,-19,19
65653,115,120,-5,5
65654,135,139,-4,4
65655,75,86,-11,11
65656,71,87,-16,16
65657,74,94,-20,20
65658,123,138,-15,15
65659,85,98,-13,13
65660,124,133,-9,9
65661,51,69,-18,18
65662,53,77,-24,24
65663,97,115,-18,18
65664,92,103,-11,11
65665,122,132,-10,10
65666,183,162,21,21
65667,94,118,-24,24
65668,151,147,4,4
65669,65,79,-14,14
65670,146,148,-2,2
65671,68,89,-21,21
65672,186,150,36,36
65673,121,120,1,1
65674,77,92,-15,15
65675,99,120,-21,21
65676,102,116,-14,14
65677,80,93,-13,13
65678,123,133,-10,10
65679,90,111,-21,21
65680,96,109,-13,13
65681,119,113,6,6
65682,136,141,-5,5
65683,84,93,-9,9
65684,135,142,-7,7
65685,84,116,-32,32
65686,56,72,-16,16
65687,81,96,-15,15
65688,69,74,-5,5
65689,89,93,-4,4
65690,105,113,-8,8
65691,113,125,-12,12
65692,79,88,-9,9
65693,167,151,16,16
65694,85,94,-9,9
65695,80,94,-14,14
65696,72,87,-15,15
65697,129,134,-5,5
65698,155,147,8,8
65699,53,68,-15,15
65700,48,66,-18,18
65701,45,59,-14,14
65702,55,71,-16,16
65703,99,109,-10,10
65704,91,106,-15,15
65705,75,84,-9,9
65706,84,95,-11,11
65707,38,63,-25,25
65708,41,67,-26,26
65709,86,99,-13,13
65710,76,88,-12,12
65711,53,72,-19,19
65712,63,79,-16,16
65713,79,89,-10,10
65714,145,145,0,0
65715,97,110,-13,13
65716,120,128,-8,8
65717,74,86,-12,12
65718,96,107,-11,11
65719,101,106,-5,5
65720,94,110,-16,16
65721,92,96,-4,4
65722,83,87,-4,4
65723,122,118,4,4
65724,57,71,-14,14
65725,56,79,-23,23
65726,123,133,-10,10
65727,104,118,-14,14
65728,147,142,5,5
65729,190,189,1,1
65730,120,127,-7,7
65731,173,160,13,13
65732,52,67,-15,15
65733,134,131,3,3
65734,110,119,-9,9
65735,84,93,-9,9
65736,92,105,-13,13
65737,112,113,-1,1
65738,60,78,-18,18
65739,76,91,-15,15
65740,159,149,10,10
65741,61,81,-20,20
65742,141,147,-6,6
65743,107,120,-13,13
65744,103,104,-1,1
65745,129,138,-9,9
65746,61,75,-14,14
65747,77,85,-8,8
65748,84,100,-16,16
65749,78,90,-12,12
65750,47,65,-18,18
65751,140,139,1,1
65752,56,70,-14,14
65753,154,148,6,6
65754,77,100,-23,23
65755,85,86,-1,1
65756,104,123,-19,19
65757,70,99,-29,29
65758,71,86,-15,15
65759,63,75,-12,12
65760,84,92,-8,8
65761,110,108,2,2
65762,88,112,-24,24
65763,74,93,-19,19
65764,72,101,-29,29
65765,46,62,-16,16
65766,94,106,-12,12
65767,93,109,-16,16
65768,63,79,-16,16
65769,100,111,-11,11
65770,71,84,-13,13
65771,113,126,-13,13
65772,88,97,-9,9
65773,83,82,1,1
65774,76,99,-23,23
65775,83,89,-6,6
65776,153,142,11,11
65777,134,144,-10,10
65778,91,101,-10,10
65779,56,70,-14,14
65780,89,102,-13,13
65781,51,69,-18,18
65782,121,128,-7,7
65783,107,118,-11,11
65784,97,149,-52,52
65785,79,92,-13,13
65786,115,121,-6,6
65787,60,76,-16,16
65788,105,112,-7,7
65789,65,80,-15,15
65790,57,70,-13,13
65791,169,156,13,13
65792,92,103,-11,11
65793,104,127,-23,23
65794,68,80,-12,12
65795,72,84,-12,12
65796,92,102,-10,10
65797,124,131,-7,7
65798,85,105,-20,20
65799,123,131,-8,8
65800,112,115,-3,3
65801,138,150,-12,12
65802,205,185,20,20
65803,88,101,-13,13
65804,82,94,-12,12
65805,77,94,-17,17
65806,68,80,-12,12
65807,125,131,-6,6
65808,87,99,-12,12
65809,112,125,-13,13
65810,66,88,-22,22
65811,132,133,-1,1
65812,136,131,5,5
65813,232,211,21,21
65814,63,83,-20,20
65815,77,97,-20,20
65816,121,128,-7,7
65817,161,152,9,9
65818,200,155,45,45
65819,65,77,-12,12
65820,104,105,-1,1
65821,129,129,0,0
65822,129,150,-21,21
65823,123,125,-2,2
65824,72,93,-21,21
65825,59,73,-14,14
65826,94,112,-18,18
65827,102,125,-23,23
65828,74,89,-15,15
65829,64,80,-16,16
65830,48,66,-18,18
65831,80,95,-15,15
65832,112,113,-1,1
65833,67,134,-67,67
65834,79,100,-21,21
65835,79,93,-14,14
65836,51,69,-18,18
65837,213,196,17,17
65838,116,130,-14,14
65839,82,99,-17,17
65840,88,98,-10,10
65841,154,158,-4,4
65842,93,99,-6,6
65843,115,118,-3,3
65844,58,71,-13,13
65845,89,108,-19,19
65846,69,81,-12,12
65847,124,124,0,0
65848,87,97,-10,10
65849,114,130,-16,16
65850,75,92,-17,17
65851,46,81,-35,35
65852,54,70,-16,16
65853,63,77,-14,14
65854,54,67,-13,13
65855,70,84,-14,14
65856,98,104,-6,6
65857,74,87,-13,13
65858,76,92,-16,16
65859,80,89,-9,9
65860,73,141,-68,68
65861,108,116,-8,8
65862,100,114,-14,14
65863,64,71,-7,7
65864,101,113,-12,12
65865,75,88,-13,13
65866,66,87,-21,21
65867,142,143,-1,1
65868,47,65,-18,18
65869,71,77,-6,6
65870,26,45,-19,19
65871,53,72,-19,19
65872,133,141,-8,8
65873,96,106,-10,10
65874,91,115,-24,24
65875,83,90,-7,7
65876,103,118,-15,15
65877,89,94,-5,5
65878,90,104,-14,14
65879,95,114,-19,19
65880,32,53,-21,21
65881,72,91,-19,19
65882,99,98,1,1
65883,115,125,-10,10
65884,86,110,-24,24
65885,93,119,-26,26
65886,129,128,1,1
65887,92,101,-9,9
65888,114,124,-10,10
65889,84,99,-15,15
65890,93,103,-10,10
65891,89,116,-27,27
65892,59,73,-14,14
65893,63,78,-15,15
65894,59,76,-17,17
65895,115,125,-10,10
65896,144,133,11,11
65897,76,91,-15,15
65898,112,118,-6,6
65899,118,141,-23,23
65900,80,96,-16,16
65901,106,119,-13,13
65902,92,107,-15,15
65903,65,82,-17,17
65904,130,147,-17,17
65905,108,115,-7,7
65906,44,70,-26,26
65907,101,112,-11,11
65908,72,94,-22,22
65909,67,84,-17,17
65910,73,88,-15,15
65911,184,168,16,16
65912,83,94,-11,11
65913,77,92,-15,15
65914,113,121,-8,8
65915,46,61,-15,15
65916,101,124,-23,23
65917,92,102,-10,10
65918,122,124,-2,2
65919,67,78,-11,11
65920,134,132,2,2
65921,82,97,-15,15
65922,142,151,-9,9
65923,101,101,0,0
65924,119,138,-19,19
65925,44,60,-16,16
65926,105,116,-11,11
65927,99,113,-14,14
65928,127,130,-3,3
65929,76,88,-12,12
65930,107,105,2,2
65931,104,131,-27,27
65932,104,108,-4,4
65933,100,108,-8,8
65934,106,110,-4,4
65935,66,74,-8,8
65936,154,147,7,7
65937,124,135,-11,11
65938,118,130,-12,12
65939,79,92,-13,13
65940,76,91,-15,15
65941,89,96,-7,7
65942,67,87,-20,20
65943,104,114,-10,10
65944,108,104,4,4
65945,76,88,-12,12
65946,47,65,-18,18
65947,98,115,-17,17
65948,137,148,-11,11
65949,111,117,-6,6
65950,62,76,-14,14
65951,37,56,-19,19
65952,69,80,-11,11
65953,115,131,-16,16
65954,98,115,-17,17
65955,62,74,-12,12
65956,94,100,-6,6
65957,46,74,-28,28
65958,97,97,0,0
65959,108,110,-2,2
65960,124,135,-11,11
65961,74,102,-28,28
65962,113,123,-10,10
65963,96,111,-15,15
65964,135,135,0,0
65965,81,95,-14,14
65966,101,108,-7,7
65967,109,123,-14,14
65968,121,127,-6,6
65969,62,71,-9,9
65970,105,123,-18,18
65971,105,107,-2,2
65972,96,96,0,0
65973,90,89,1,1
65974,81,87,-6,6
65975,137,138,-1,1
65976,86,95,-9,9
65977,86,101,-15,15
65978,105,120,-15,15
65979,120,122,-2,2
65980,70,76,-6,6
65981,90,95,-5,5
65982,90,100,-10,10
65983,79,93,-14,14
65984,62,77,-15,15
65985,56,78,-22,22
65986,62,78,-16,16
65987,123,122,1,1
65988,108,123,-15,15
65989,73,89,-16,16
65990,92,99,-7,7
65991,97,103,-6,6
65992,94,105,-11,11
65993,119,136,-17,17
65994,125,133,-8,8
65995,252,216,36,36
65996,124,132,-8,8
65997,76,99,-23,23
65998,120,127,-7,7
65999,83,98,-15,15
66000,82,96,-14,14
66001,93,106,-13,13
66002,56,76,-20,20
66003,78,102,-24,24
66004,121,152,-31,31
66005,100,103,-3,3
66006,91,97,-6,6
66007,66,80,-14,14
66008,62,75,-13,13
66009,72,85,-13,13
66010,77,94,-17,17
66011,93,98,-5,5
66012,176,157,19,19
66013,55,72,-17,17
66014,75,94,-19,19
66015,60,75,-15,15
66016,143,141,2,2
66017,117,133,-16,16
66018,36,66,-30,30
66019,45,61,-16,16
66020,96,105,-9,9
66021,81,102,-21,21
66022,106,113,-7,7
66023,83,103,-20,20
66024,105,107,-2,2
66025,80,100,-20,20
66026,43,62,-19,19
66027,103,115,-12,12
66028,134,136,-2,2
66029,53,69,-16,16
66030,115,119,-4,4
66031,157,144,13,13
66032,67,89,-22,22
66033,104,131,-27,27
66034,148,151,-3,3
66035,116,120,-4,4
66036,100,104,-4,4
66037,63,79,-16,16
66038,71,91,-20,20
66039,71,81,-10,10
66040,67,88,-21,21
66041,105,120,-15,15
66042,102,110,-8,8
66043,53,69,-16,16
66044,71,86,-15,15
66045,115,146,-31,31
66046,105,109,-4,4
66047,62,95,-33,33
66048,119,128,-9,9
66049,151,149,2,2
66050,55,77,-22,22
66051,76,93,-17,17
66052,37,55,-18,18
66053,126,116,10,10
66054,116,105,11,11
66055,119,129,-10,10
66056,86,95,-9,9
66057,64,87,-23,23
66058,53,76,-23,23
66059,108,111,-3,3
66060,118,124,-6,6
66061,126,135,-9,9
66062,71,87,-16,16
66063,99,114,-15,15
66064,49,67,-18,18
66065,87,97,-10,10
66066,75,84,-9,9
66067,89,105,-16,16
66068,94,99,-5,5
66069,100,102,-2,2
66070,80,84,-4,4
66071,78,87,-9,9
66072,65,85,-20,20
66073,104,109,-5,5
66074,111,129,-18,18
66075,182,153,29,29
66076,69,85,-16,16
66077,67,80,-13,13
66078,99,127,-28,28
66079,82,93,-11,11
66080,99,99,0,0
66081,66,80,-14,14
66082,162,153,9,9
66083,142,139,3,3
66084,84,101,-17,17
66085,70,98,-28,28
66086,106,113,-7,7
66087,57,73,-16,16
66088,89,96,-7,7
66089,119,123,-4,4
66090,90,91,-1,1
66091,59,80,-21,21
66092,80,90,-10,10
66093,113,117,-4,4
66094,47,68,-21,21
66095,72,85,-13,13
66096,178,179,-1,1
66097,76,99,-23,23
66098,96,110,-14,14
66099,83,95,-12,12
66100,63,79,-16,16
66101,144,147,-3,3
66102,42,67,-25,25
66103,52,65,-13,13
66104,125,119,6,6
66105,63,79,-16,16
66106,69,73,-4,4
66107,78,85,-7,7
66108,63,95,-32,32
66109,80,98,-18,18
66110,101,111,-10,10
66111,187,153,34,34
66112,163,150,13,13
66113,109,125,-16,16
66114,101,128,-27,27
66115,86,96,-10,10
66116,72,96,-24,24
66117,142,161,-19,19
66118,99,98,1,1
66119,64,81,-17,17
66120,79,94,-15,15
66121,85,92,-7,7
66122,107,108,-1,1
66123,97,108,-11,11
66124,116,122,-6,6
66125,67,82,-15,15
66126,89,113,-24,24
66127,122,122,0,0
66128,140,148,-8,8
66129,62,71,-9,9
66130,119,140,-21,21
66131,117,121,-4,4
66132,104,125,-21,21
66133,47,65,-18,18
66134,73,88,-15,15
66135,159,147,12,12
66136,101,114,-13,13
66137,77,79,-2,2
66138,58,72,-14,14
66139,78,93,-15,15
66140,97,102,-5,5
66141,76,87,-11,11
66142,88,101,-13,13
66143,64,76,-12,12
66144,81,106,-25,25
66145,69,80,-11,11
66146,115,141,-26,26
66147,65,103,-38,38
66148,76,84,-8,8
66149,58,77,-19,19
66150,33,53,-20,20
66151,133,134,-1,1
66152,45,85,-40,40
66153,123,138,-15,15
66154,100,109,-9,9
66155,82,95,-13,13
66156,83,96,-13,13
66157,117,117,0,0
66158,74,81,-7,7
66159,103,114,-11,11
66160,72,85,-13,13
66161,142,138,4,4
66162,121,118,3,3
66163,82,93,-11,11
66164,80,93,-13,13
66165,100,111,-11,11
66166,164,157,7,7
66167,95,103,-8,8
66168,57,78,-21,21
66169,81,86,-5,5
66170,39,53,-14,14
66171,123,128,-5,5
66172,127,131,-4,4
66173,82,95,-13,13
66174,105,112,-7,7
66175,72,83,-11,11
66176,37,56,-19,19
66177,85,100,-15,15
66178,152,149,3,3
66179,80,90,-10,10
66180,55,72,-17,17
66181,76,102,-26,26
66182,21,56,-35,35
66183,220,196,24,24
66184,159,148,11,11
66185,90,104,-14,14
66186,148,149,-1,1
66187,102,112,-10,10
66188,83,92,-9,9
66189,80,106,-26,26
66190,100,104,-4,4
66191,111,112,-1,1
66192,79,96,-17,17
66193,82,93,-11,11
66194,82,93,-11,11
66195,197,182,15,15
66196,188,167,21,21
66197,177,177,0,0
66198,76,92,-16,16
66199,157,167,-10,10
66200,49,68,-19,19
66201,44,68,-24,24
66202,66,83,-17,17
66203,156,148,8,8
66204,111,128,-17,17
66205,69,90,-21,21
66206,188,175,13,13
66207,126,122,4,4
66208,73,85,-12,12
66209,111,114,-3,3
66210,94,98,-4,4
66211,57,84,-27,27
66212,132,135,-3,3
66213,164,159,5,5
66214,55,74,-19,19
66215,139,140,-1,1
66216,77,89,-12,12
66217,43,60,-17,17
66218,96,102,-6,6
66219,88,98,-10,10
66220,74,85,-11,11
66221,81,93,-12,12
66222,84,99,-15,15
66223,100,107,-7,7
66224,108,105,3,3
66225,44,73,-29,29
66226,77,97,-20,20
66227,79,96,-17,17
66228,111,119,-8,8
66229,86,95,-9,9
66230,61,83,-22,22
66231,85,95,-10,10
66232,45,68,-23,23
66233,81,85,-4,4
66234,159,149,10,10
66235,80,85,-5,5
66236,94,100,-6,6
66237,89,101,-12,12
66238,96,102,-6,6
66239,95,98,-3,3
66240,127,125,2,2
66241,71,78,-7,7
66242,68,78,-10,10
66243,80,98,-18,18
66244,122,124,-2,2
66245,136,142,-6,6
66246,95,103,-8,8
66247,89,102,-13,13
66248,88,104,-16,16
66249,44,60,-16,16
66250,121,123,-2,2
66251,47,66,-19,19
66252,72,83,-11,11
66253,72,83,-11,11
66254,145,156,-11,11
66255,77,92,-15,15
66256,129,147,-18,18
66257,65,85,-20,20
66258,121,127,-6,6
66259,92,103,-11,11
66260,100,112,-12,12
66261,36,57,-21,21
66262,122,123,-1,1
66263,112,110,2,2
66264,76,84,-8,8
66265,112,128,-16,16
66266,75,93,-18,18
66267,81,92,-11,11
66268,102,105,-3,3
66269,43,67,-24,24
66270,92,105,-13,13
66271,118,115,3,3
66272,73,87,-14,14
66273,179,175,4,4
66274,63,83,-20,20
66275,128,144,-16,16
66276,161,157,4,4
66277,178,152,26,26
66278,90,97,-7,7
66279,74,90,-16,16
66280,74,89,-15,15
66281,95,112,-17,17
66282,98,109,-11,11
66283,94,102,-8,8
66284,115,128,-13,13
66285,131,142,-11,11
66286,99,96,3,3
66287,87,97,-10,10
66288,74,91,-17,17
66289,56,72,-16,16
66290,58,73,-15,15
66291,77,97,-20,20
66292,122,121,1,1
66293,70,87,-17,17
66294,40,64,-24,24
66295,106,120,-14,14
66296,100,113,-13,13
66297,73,87,-14,14
66298,72,79,-7,7
66299,99,114,-15,15
66300,135,148,-13,13
66301,184,162,22,22
66302,50,81,-31,31
66303,77,89,-12,12
66304,48,65,-17,17
66305,76,79,-3,3
66306,87,107,-20,20
66307,137,137,0,0
66308,110,128,-18,18
66309,84,99,-15,15
66310,74,92,-18,18
66311,83,88,-5,5
66312,76,89,-13,13
66313,107,141,-34,34
66314,78,85,-7,7
66315,87,96,-9,9
66316,64,79,-15,15
66317,60,75,-15,15
66318,94,110,-16,16
66319,80,89,-9,9
66320,50,65,-15,15
66321,54,66,-12,12
66322,65,76,-11,11
66323,101,120,-19,19
66324,89,98,-9,9
66325,127,135,-8,8
66326,59,79,-20,20
66327,90,109,-19,19
66328,77,93,-16,16
66329,100,120,-20,20
66330,103,112,-9,9
66331,33,71,-38,38
66332,61,74,-13,13
66333,63,91,-28,28
66334,47,68,-21,21
66335,51,64,-13,13
66336,141,147,-6,6
66337,74,85,-11,11
66338,74,88,-14,14
66339,85,99,-14,14
66340,149,144,5,5
66341,90,110,-20,20
66342,79,95,-16,16
66343,93,116,-23,23
66344,79,89,-10,10
66345,146,151,-5,5
66346,81,93,-12,12
66347,83,118,-35,35
66348,196,175,21,21
66349,114,115,-1,1
66350,102,109,-7,7
66351,140,143,-3,3
66352,46,62,-16,16
66353,189,171,18,18
66354,102,116,-14,14
66355,96,103,-7,7
66356,73,98,-25,25
66357,131,145,-14,14
66358,143,137,6,6
66359,94,116,-22,22
66360,95,105,-10,10
66361,131,132,-1,1
66362,138,137,1,1
66363,55,75,-20,20
66364,40,56,-16,16
66365,97,101,-4,4
66366,70,90,-20,20
66367,95,102,-7,7
66368,86,91,-5,5
66369,107,109,-2,2
66370,45,71,-26,26
66371,107,118,-11,11
66372,77,84,-7,7
66373,75,84,-9,9
66374,85,94,-9,9
66375,81,100,-19,19
66376,100,110,-10,10
66377,65,84,-19,19
66378,57,75,-18,18
66379,61,69,-8,8
66380,79,96,-17,17
66381,104,113,-9,9
66382,106,117,-11,11
66383,55,68,-13,13
66384,100,107,-7,7
66385,89,102,-13,13
66386,73,85,-12,12
66387,77,95,-18,18
66388,59,73,-14,14
66389,71,89,-18,18
66390,52,81,-29,29
66391,58,71,-13,13
66392,72,80,-8,8
66393,90,96,-6,6
66394,57,74,-17,17
66395,82,109,-27,27
66396,92,102,-10,10
66397,88,91,-3,3
66398,49,70,-21,21
66399,91,94,-3,3
66400,171,155,16,16
66401,75,104,-29,29
66402,82,94,-12,12
66403,74,86,-12,12
66404,116,127,-11,11
66405,95,95,0,0
66406,116,115,1,1
66407,74,114,-40,40
66408,100,113,-13,13
66409,81,99,-18,18
66410,141,155,-14,14
66411,113,120,-7,7
66412,100,104,-4,4
66413,80,86,-6,6
66414,96,102,-6,6
66415,83,96,-13,13
66416,68,88,-20,20
66417,66,78,-12,12
66418,73,87,-14,14
66419,169,165,4,4
66420,119,115,4,4
66421,82,107,-25,25
66422,85,95,-10,10
66423,92,115,-23,23
66424,92,103,-11,11
66425,164,155,9,9
66426,131,142,-11,11
66427,106,137,-31,31
66428,72,85,-13,13
66429,54,71,-17,17
66430,75,89,-14,14
66431,62,78,-16,16
66432,89,99,-10,10
66433,63,73,-10,10
66434,87,94,-7,7
66435,136,131,5,5
66436,79,92,-13,13
66437,86,103,-17,17
66438,71,86,-15,15
66439,68,78,-10,10
66440,127,130,-3,3
66441,78,95,-17,17
66442,43,59,-16,16
66443,82,91,-9,9
66444,61,79,-18,18
66445,91,111,-20,20
66446,78,93,-15,15
66447,121,129,-8,8
66448,83,97,-14,14
66449,169,168,1,1
66450,56,74,-18,18
66451,78,80,-2,2
66452,73,91,-18,18
66453,66,83,-17,17
66454,67,75,-8,8
66455,69,71,-2,2
66456,96,109,-13,13
66457,118,120,-2,2
66458,67,81,-14,14
66459,58,73,-15,15
66460,77,80,-3,3
66461,164,151,13,13
66462,57,73,-16,16
66463,98,110,-12,12
66464,97,104,-7,7
66465,58,77,-19,19
66466,107,120,-13,13
66467,70,89,-19,19
66468,121,129,-8,8
66469,144,140,4,4
66470,157,153,4,4
66471,113,124,-11,11
66472,66,79,-13,13
66473,47,67,-20,20
66474,106,111,-5,5
66475,77,92,-15,15
66476,180,178,2,2
66477,55,66,-11,11
66478,57,83,-26,26
66479,104,114,-10,10
66480,120,126,-6,6
66481,124,123,1,1
66482,157,158,-1,1
66483,185,179,6,6
66484,63,80,-17,17
66485,158,146,12,12
66486,161,161,0,0
66487,61,78,-17,17
66488,104,116,-12,12
66489,65,82,-17,17
66490,174,160,14,14
66491,52,72,-20,20
66492,118,122,-4,4
66493,89,95,-6,6
66494,88,97,-9,9
66495,88,103,-15,15
66496,62,84,-22,22
66497,67,78,-11,11
66498,118,126,-8,8
66499,113,128,-15,15
66500,99,116,-17,17
66501,68,82,-14,14
66502,50,62,-12,12
66503,123,132,-9,9
66504,97,108,-11,11
66505,93,116,-23,23
66506,132,139,-7,7
66507,70,89,-19,19
66508,65,76,-11,11
66509,80,109,-29,29
66510,79,87,-8,8
66511,96,113,-17,17
66512,69,91,-22,22
66513,142,145,-3,3
66514,126,135,-9,9
66515,88,124,-36,36
66516,57,70,-13,13
66517,68,79,-11,11
66518,97,119,-22,22
66519,128,139,-11,11
66520,129,148,-19,19
66521,92,103,-11,11
66522,146,141,5,5
66523,83,97,-14,14
66524,92,97,-5,5
66525,207,175,32,32
66526,40,68,-28,28
66527,92,113,-21,21
66528,95,122,-27,27
66529,107,112,-5,5
66530,51,70,-19,19
66531,210,181,29,29
66532,73,86,-13,13
66533,103,110,-7,7
66534,120,129,-9,9
66535,132,128,4,4
66536,112,115,-3,3
66537,86,93,-7,7
66538,195,183,12,12
66539,69,84,-15,15
66540,91,102,-11,11
66541,57,90,-33,33
66542,112,118,-6,6
66543,72,94,-22,22
66544,90,96,-6,6
66545,99,109,-10,10
66546,46,61,-15,15
66547,51,68,-17,17
66548,107,114,-7,7
66549,156,153,3,3
66550,61,75,-14,14
66551,88,94,-6,6
66552,107,115,-8,8
66553,121,120,1,1
66554,89,95,-6,6
66555,99,113,-14,14
66556,87,104,-17,17
66557,46,67,-21,21
66558,152,154,-2,2
66559,67,84,-17,17
66560,164,161,3,3
66561,68,81,-13,13
66562,94,105,-11,11
66563,60,82,-22,22
66564,205,176,29,29
66565,92,101,-9,9
66566,95,98,-3,3
66567,67,73,-6,6
66568,55,73,-18,18
66569,151,147,4,4
66570,160,150,10,10
66571,29,50,-21,21
66572,108,114,-6,6
66573,112,137,-25,25
66574,109,155,-46,46
66575,86,92,-6,6
66576,75,89,-14,14
66577,60,83,-23,23
66578,64,83,-19,19
66579,64,98,-34,34
66580,110,122,-12,12
66581,81,96,-15,15
66582,79,92,-13,13
66583,124,125,-1,1
66584,94,111,-17,17
66585,73,106,-33,33
66586,111,112,-1,1
66587,107,116,-9,9
66588,71,81,-10,10
66589,125,132,-7,7
66590,123,123,0,0
66591,63,80,-17,17
66592,98,110,-12,12
66593,101,103,-2,2
66594,129,137,-8,8
66595,96,105,-9,9
66596,58,71,-13,13
66597,162,158,4,4
66598,48,61,-13,13
66599,151,148,3,3
66600,67,82,-15,15
66601,122,125,-3,3
66602,100,114,-14,14
66603,135,148,-13,13
66604,213,175,38,38
66605,129,146,-17,17
66606,61,80,-19,19
66607,70,85,-15,15
66608,88,105,-17,17
66609,75,90,-15,15
66610,159,158,1,1
66611,100,114,-14,14
66612,75,84,-9,9
66613,120,146,-26,26
66614,70,90,-20,20
66615,129,128,1,1
66616,124,127,-3,3
66617,105,112,-7,7
66618,60,71,-11,11
66619,76,83,-7,7
66620,64,88,-24,24
66621,145,164,-19,19
66622,95,120,-25,25
66623,104,119,-15,15
66624,148,146,2,2
66625,126,133,-7,7
66626,142,142,0,0
66627,67,84,-17,17
66628,96,116,-20,20
66629,114,119,-5,5
66630,47,73,-26,26
66631,125,146,-21,21
66632,66,83,-17,17
66633,203,221,-18,18
66634,58,79,-21,21
66635,114,117,-3,3
66636,100,133,-33,33
66637,92,109,-17,17
66638,114,130,-16,16
66639,67,87,-20,20
66640,56,68,-12,12
66641,78,88,-10,10
66642,62,76,-14,14
66643,77,100,-23,23
66644,104,111,-7,7
66645,37,56,-19,19
66646,94,103,-9,9
66647,108,109,-1,1
66648,42,63,-21,21
66649,106,116,-10,10
66650,74,85,-11,11
66651,116,111,5,5
66652,77,80,-3,3
66653,123,131,-8,8
66654,89,110,-21,21
66655,74,85,-11,11
66656,118,125,-7,7
66657,73,88,-15,15
66658,69,100,-31,31
66659,79,91,-12,12
66660,58,78,-20,20
66661,172,150,22,22
66662,118,121,-3,3
66663,140,145,-5,5
66664,124,132,-8,8
66665,111,115,-4,4
66666,88,116,-28,28
66667,90,129,-39,39
66668,59,67,-8,8
66669,139,147,-8,8
66670,125,133,-8,8
66671,64,77,-13,13
66672,147,144,3,3
66673,50,77,-27,27
66674,81,98,-17,17
66675,105,109,-4,4
66676,63,82,-19,19
66677,87,106,-19,19
66678,90,97,-7,7
66679,47,64,-17,17
66680,134,140,-6,6
66681,61,75,-14,14
66682,73,105,-32,32
66683,73,79,-6,6
66684,78,94,-16,16
66685,134,136,-2,2
66686,51,63,-12,12
66687,108,123,-15,15
66688,96,108,-12,12
66689,54,80,-26,26
66690,122,131,-9,9
66691,129,134,-5,5
66692,86,90,-4,4
66693,114,118,-4,4
66694,70,87,-17,17
66695,79,94,-15,15
66696,56,74,-18,18
66697,66,77,-11,11
66698,89,99,-10,10
66699,106,110,-4,4
66700,77,91,-14,14
66701,82,93,-11,11
66702,63,95,-32,32
66703,87,103,-16,16
66704,119,135,-16,16
66705,146,146,0,0
66706,71,78,-7,7
66707,70,91,-21,21
66708,82,97,-15,15
66709,72,91,-19,19
66710,91,106,-15,15
66711,57,90,-33,33
66712,68,80,-12,12
66713,92,101,-9,9
66714,71,84,-13,13
66715,100,104,-4,4
66716,106,108,-2,2
66717,64,73,-9,9
66718,58,77,-19,19
66719,74,86,-12,12
66720,104,126,-22,22
66721,133,136,-3,3
66722,59,71,-12,12
66723,77,87,-10,10
66724,90,98,-8,8
66725,116,106,10,10
66726,94,97,-3,3
66727,102,114,-12,12
66728,130,134,-4,4
66729,115,126,-11,11
66730,79,86,-7,7
66731,151,148,3,3
66732,88,114,-26,26
66733,188,165,23,23
66734,91,102,-11,11
66735,81,86,-5,5
66736,74,90,-16,16
66737,80,93,-13,13
66738,125,127,-2,2
66739,140,141,-1,1
66740,60,76,-16,16
66741,45,67,-22,22
66742,65,88,-23,23
66743,120,129,-9,9
66744,105,118,-13,13
66745,136,143,-7,7
66746,31,75,-44,44
66747,77,94,-17,17
66748,79,99,-20,20
66749,96,109,-13,13
66750,40,76,-36,36
66751,54,72,-18,18
66752,94,101,-7,7
66753,83,114,-31,31
66754,54,72,-18,18
66755,92,104,-12,12
66756,146,137,9,9
66757,172,160,12,12
66758,62,75,-13,13
66759,155,152,3,3
66760,111,116,-5,5
66761,99,105,-6,6
66762,126,127,-1,1
66763,55,72,-17,17
66764,202,193,9,9
66765,60,76,-16,16
66766,97,106,-9,9
66767,111,118,-7,7
66768,114,120,-6,6
66769,81,87,-6,6
66770,35,67,-32,32
66771,88,100,-12,12
66772,62,77,-15,15
66773,84,95,-11,11
66774,96,102,-6,6
66775,105,115,-10,10
66776,67,84,-17,17
66777,68,89,-21,21
66778,75,85,-10,10
66779,64,84,-20,20
66780,165,149,16,16
66781,92,138,-46,46
66782,136,124,12,12
66783,93,107,-14,14
66784,58,69,-11,11
66785,72,86,-14,14
66786,87,102,-15,15
66787,53,72,-19,19
66788,138,149,-11,11
66789,98,114,-16,16
66790,81,93,-12,12
66791,82,96,-14,14
66792,140,149,-9,9
66793,92,100,-8,8
66794,116,125,-9,9
66795,169,157,12,12
66796,76,94,-18,18
66797,70,84,-14,14
66798,206,183,23,23
66799,118,120,-2,2
66800,82,99,-17,17
66801,143,146,-3,3
66802,113,114,-1,1
66803,82,90,-8,8
66804,72,88,-16,16
66805,53,70,-17,17
66806,38,71,-33,33
66807,102,111,-9,9
66808,98,112,-14,14
66809,60,85,-25,25
66810,133,132,1,1
66811,108,112,-4,4
66812,103,109,-6,6
66813,58,75,-17,17
66814,80,92,-12,12
66815,72,87,-15,15
66816,103,108,-5,5
66817,115,133,-18,18
66818,66,85,-19,19
66819,134,142,-8,8
66820,129,133,-4,4
66821,82,94,-12,12
66822,92,101,-9,9
66823,72,85,-13,13
66824,156,151,5,5
66825,97,111,-14,14
66826,80,98,-18,18
66827,110,109,1,1
66828,112,114,-2,2
66829,73,85,-12,12
66830,93,110,-17,17
66831,84,108,-24,24
66832,69,78,-9,9
66833,63,93,-30,30
66834,97,107,-10,10
66835,51,78,-27,27
66836,117,123,-6,6
66837,102,124,-22,22
66838,63,81,-18,18
66839,90,125,-35,35
66840,75,88,-13,13
66841,31,87,-56,56
66842,118,131,-13,13
66843,110,133,-23,23
66844,126,132,-6,6
66845,132,146,-14,14
66846,94,98,-4,4
66847,55,83,-28,28
66848,119,124,-5,5
66849,47,64,-17,17
66850,152,145,7,7
66851,38,75,-37,37
66852,96,120,-24,24
66853,79,83,-4,4
66854,63,74,-11,11
66855,120,132,-12,12
66856,97,100,-3,3
66857,65,77,-12,12
66858,108,115,-7,7
66859,146,147,-1,1
66860,99,113,-14,14
66861,50,68,-18,18
66862,98,108,-10,10
66863,61,72,-11,11
66864,67,85,-18,18
66865,102,108,-6,6
66866,98,106,-8,8
66867,127,130,-3,3
66868,134,133,1,1
66869,107,113,-6,6
66870,62,82,-20,20
66871,83,94,-11,11
66872,41,56,-15,15
66873,65,89,-24,24
66874,73,91,-18,18
66875,81,90,-9,9
66876,85,95,-10,10
66877,85,87,-2,2
66878,117,122,-5,5
66879,128,141,-13,13
66880,89,97,-8,8
66881,42,59,-17,17
66882,125,147,-22,22
66883,68,79,-11,11
66884,72,92,-20,20
66885,96,107,-11,11
66886,134,142,-8,8
66887,122,130,-8,8
66888,87,103,-16,16
66889,54,71,-17,17
66890,79,93,-14,14
66891,148,142,6,6
66892,66,84,-18,18
66893,142,140,2,2
66894,106,106,0,0
66895,48,63,-15,15
66896,57,86,-29,29
66897,126,132,-6,6
66898,51,71,-20,20
66899,109,130,-21,21
66900,106,120,-14,14
66901,102,111,-9,9
66902,94,103,-9,9
66903,112,122,-10,10
66904,140,138,2,2
66905,117,130,-13,13
66906,112,110,2,2
66907,49,84,-35,35
66908,156,150,6,6
66909,89,100,-11,11
66910,74,89,-15,15
66911,67,88,-21,21
66912,70,94,-24,24
66913,93,110,-17,17
66914,93,105,-12,12
66915,101,114,-13,13
66916,76,100,-24,24
66917,67,81,-14,14
66918,106,115,-9,9
66919,72,92,-20,20
66920,65,78,-13,13
66921,87,98,-11,11
66922,89,99,-10,10
66923,257,259,-2,2
66924,175,168,7,7
66925,69,80,-11,11
66926,76,82,-6,6
66927,65,77,-12,12
66928,153,148,5,5
66929,68,83,-15,15
66930,116,120,-4,4
66931,114,130,-16,16
66932,76,92,-16,16
66933,65,77,-12,12
66934,104,113,-9,9
66935,148,147,1,1
66936,43,61,-18,18
66937,90,100,-10,10
66938,99,106,-7,7
66939,128,140,-12,12
66940,110,119,-9,9
66941,42,74,-32,32
66942,120,125,-5,5
66943,135,122,13,13
66944,134,147,-13,13
66945,116,130,-14,14
66946,138,131,7,7
66947,125,126,-1,1
66948,43,62,-19,19
66949,89,95,-6,6
66950,126,125,1,1
66951,90,94,-4,4
66952,77,92,-15,15
66953,91,102,-11,11
66954,120,120,0,0
66955,63,74,-11,11
66956,88,98,-10,10
66957,50,67,-17,17
66958,110,123,-13,13
66959,71,81,-10,10
66960,81,90,-9,9
66961,120,124,-4,4
66962,94,102,-8,8
66963,51,76,-25,25
66964,84,98,-14,14
66965,96,111,-15,15
66966,179,161,18,18
66967,57,69,-12,12
66968,114,126,-12,12
66969,111,129,-18,18
66970,111,114,-3,3
66971,101,104,-3,3
66972,53,63,-10,10
66973,97,111,-14,14
66974,98,106,-8,8
66975,50,70,-20,20
66976,82,98,-16,16
66977,108,110,-2,2
66978,59,76,-17,17
66979,69,86,-17,17
66980,68,83,-15,15
66981,69,91,-22,22
66982,73,90,-17,17
66983,28,49,-21,21
66984,75,86,-11,11
66985,68,83,-15,15
66986,110,128,-18,18
66987,99,118,-19,19
66988,72,86,-14,14
66989,74,88,-14,14
66990,70,90,-20,20
66991,109,110,-1,1
66992,191,181,10,10
66993,54,67,-13,13
66994,119,126,-7,7
66995,76,90,-14,14
66996,174,163,11,11
66997,87,97,-10,10
66998,88,100,-12,12
66999,53,72,-19,19
67000,75,91,-16,16
67001,68,78,-10,10
67002,118,131,-13,13
67003,114,116,-2,2
67004,101,113,-12,12
67005,102,113,-11,11
67006,82,93,-11,11
67007,100,113,-13,13
67008,134,139,-5,5
67009,140,146,-6,6
67010,109,125,-16,16
67011,124,129,-5,5
67012,157,147,10,10
67013,67,82,-15,15
67014,117,128,-11,11
67015,64,77,-13,13
67016,89,108,-19,19
67017,52,60,-8,8
67018,126,130,-4,4
67019,99,111,-12,12
67020,82,93,-11,11
67021,96,93,3,3
67022,85,95,-10,10
67023,68,100,-32,32
67024,132,132,0,0
67025,148,144,4,4
67026,56,70,-14,14
67027,173,165,8,8
67028,115,126,-11,11
67029,99,109,-10,10
67030,115,130,-15,15
67031,71,87,-16,16
67032,141,147,-6,6
67033,111,118,-7,7
67034,53,71,-18,18
67035,279,203,76,76
67036,101,102,-1,1
67037,93,99,-6,6
67038,71,81,-10,10
67039,163,156,7,7
67040,52,65,-13,13
67041,109,118,-9,9
67042,80,101,-21,21
67043,72,117,-45,45
67044,72,82,-10,10
67045,87,97,-10,10
67046,82,100,-18,18
67047,74,96,-22,22
67048,156,149,7,7
67049,133,135,-2,2
67050,123,127,-4,4
67051,63,77,-14,14
67052,70,87,-17,17
67053,40,56,-16,16
67054,76,97,-21,21
67055,201,195,6,6
67056,76,94,-18,18
67057,109,125,-16,16
67058,116,127,-11,11
67059,45,62,-17,17
67060,59,74,-15,15
67061,104,104,0,0
67062,122,150,-28,28
67063,108,107,1,1
67064,59,82,-23,23
67065,111,132,-21,21
67066,47,59,-12,12
67067,123,133,-10,10
67068,127,127,0,0
67069,98,111,-13,13
67070,90,102,-12,12
67071,70,89,-19,19
67072,102,111,-9,9
67073,101,111,-10,10
67074,72,101,-29,29
67075,86,115,-29,29
67076,77,92,-15,15
67077,175,156,19,19
67078,85,99,-14,14
67079,109,119,-10,10
67080,143,144,-1,1
67081,79,96,-17,17
67082,81,94,-13,13
67083,110,112,-2,2
67084,68,95,-27,27
67085,107,115,-8,8
67086,115,122,-7,7
67087,120,125,-5,5
67088,67,81,-14,14
67089,95,100,-5,5
67090,116,122,-6,6
67091,83,96,-13,13
67092,97,97,0,0
67093,85,100,-15,15
67094,91,108,-17,17
67095,147,142,5,5
67096,60,81,-21,21
67097,104,109,-5,5
67098,99,107,-8,8
67099,142,139,3,3
67100,65,81,-16,16
67101,58,76,-18,18
67102,81,101,-20,20
67103,85,93,-8,8
67104,158,151,7,7
67105,57,68,-11,11
67106,32,54,-22,22
67107,161,150,11,11
67108,139,140,-1,1
67109,123,128,-5,5
67110,141,147,-6,6
67111,127,134,-7,7
67112,65,80,-15,15
67113,177,159,18,18
67114,131,135,-4,4
67115,140,140,0,0
67116,51,72,-21,21
67117,85,100,-15,15
67118,75,88,-13,13
67119,103,108,-5,5
67120,155,142,13,13
67121,85,91,-6,6
67122,72,87,-15,15
67123,80,86,-6,6
67124,62,79,-17,17
67125,58,76,-18,18
67126,53,72,-19,19
67127,76,103,-27,27
67128,117,127,-10,10
67129,75,82,-7,7
67130,138,142,-4,4
67131,82,91,-9,9
67132,79,93,-14,14
67133,83,104,-21,21
67134,79,89,-10,10
67135,141,139,2,2
67136,76,83,-7,7
67137,165,152,13,13
67138,150,151,-1,1
67139,65,79,-14,14
67140,37,55,-18,18
67141,55,69,-14,14
67142,227,214,13,13
67143,82,100,-18,18
67144,70,83,-13,13
67145,57,71,-14,14
67146,73,82,-9,9
67147,78,86,-8,8
67148,58,77,-19,19
67149,87,96,-9,9
67150,48,71,-23,23
67151,127,136,-9,9
67152,65,75,-10,10
67153,111,108,3,3
67154,74,89,-15,15
67155,103,106,-3,3
67156,91,93,-2,2
67157,188,196,-8,8
67158,98,120,-22,22
67159,86,95,-9,9
67160,68,77,-9,9
67161,99,109,-10,10
67162,68,81,-13,13
67163,87,93,-6,6
67164,110,122,-12,12
67165,53,74,-21,21
67166,75,88,-13,13
67167,113,119,-6,6
67168,103,138,-35,35
67169,48,70,-22,22
67170,180,163,17,17
67171,67,90,-23,23
67172,69,86,-17,17
67173,114,135,-21,21
67174,82,88,-6,6
67175,152,148,4,4
67176,108,119,-11,11
67177,126,135,-9,9
67178,126,146,-20,20
67179,68,88,-20,20
67180,111,115,-4,4
67181,127,122,5,5
67182,106,114,-8,8
67183,93,114,-21,21
67184,134,144,-10,10
67185,65,84,-19,19
67186,129,125,4,4
67187,84,96,-12,12
67188,64,83,-19,19
67189,147,148,-1,1
67190,123,130,-7,7
67191,102,109,-7,7
67192,66,74,-8,8
67193,56,77,-21,21
67194,99,120,-21,21
67195,92,100,-8,8
67196,96,106,-10,10
67197,125,146,-21,21
67198,85,97,-12,12
67199,100,109,-9,9
67200,77,94,-17,17
67201,69,82,-13,13
67202,95,107,-12,12
67203,87,96,-9,9
67204,112,117,-5,5
67205,124,129,-5,5
67206,99,100,-1,1
67207,65,77,-12,12
67208,119,120,-1,1
67209,66,82,-16,16
67210,89,95,-6,6
67211,139,134,5,5
67212,111,111,0,0
67213,81,105,-24,24
67214,100,112,-12,12
67215,82,89,-7,7
67216,145,156,-11,11
67217,91,103,-12,12
67218,187,183,4,4
67219,84,100,-16,16
67220,45,68,-23,23
67221,116,125,-9,9
67222,69,83,-14,14
67223,80,97,-17,17
67224,44,55,-11,11
67225,93,114,-21,21
67226,58,72,-14,14
67227,74,90,-16,16
67228,74,86,-12,12
67229,99,123,-24,24
67230,93,109,-16,16
67231,67,72,-5,5
67232,108,117,-9,9
67233,108,126,-18,18
67234,116,112,4,4
67235,127,118,9,9
67236,98,104,-6,6
67237,115,130,-15,15
67238,131,137,-6,6
67239,185,165,20,20
67240,120,116,4,4
67241,75,89,-14,14
67242,165,145,20,20
67243,44,90,-46,46
67244,82,96,-14,14
67245,66,91,-25,25
67246,72,89,-17,17
67247,137,135,2,2
67248,66,91,-25,25
67249,79,107,-28,28
67250,48,68,-20,20
67251,76,85,-9,9
67252,87,97,-10,10
67253,90,102,-12,12
67254,67,85,-18,18
67255,139,145,-6,6
67256,52,70,-18,18
67257,97,103,-6,6
67258,135,135,0,0
67259,60,65,-5,5
67260,65,83,-18,18
67261,61,68,-7,7
67262,175,160,15,15
67263,146,141,5,5
67264,64,86,-22,22
67265,122,130,-8,8
67266,66,80,-14,14
67267,62,76,-14,14
67268,97,114,-17,17
67269,117,133,-16,16
67270,72,89,-17,17
67271,66,100,-34,34
67272,147,152,-5,5
67273,139,138,1,1
67274,143,152,-9,9
67275,106,115,-9,9
67276,81,106,-25,25
67277,85,90,-5,5
67278,112,114,-2,2
67279,74,100,-26,26
67280,157,150,7,7
67281,76,87,-11,11
67282,69,79,-10,10
67283,133,137,-4,4
67284,79,101,-22,22
67285,58,75,-17,17
67286,111,123,-12,12
67287,195,175,20,20
67288,129,125,4,4
67289,58,85,-27,27
67290,101,120,-19,19
67291,186,174,12,12
67292,76,82,-6,6
67293,72,88,-16,16
67294,100,118,-18,18
67295,60,76,-16,16
67296,59,78,-19,19
67297,118,126,-8,8
67298,195,169,26,26
67299,92,99,-7,7
67300,245,238,7,7
67301,102,125,-23,23
67302,84,103,-19,19
67303,95,104,-9,9
67304,126,127,-1,1
67305,101,104,-3,3
67306,192,168,24,24
67307,118,129,-11,11
67308,72,94,-22,22
67309,66,83,-17,17
67310,72,92,-20,20
67311,75,91,-16,16
67312,47,66,-19,19
67313,53,72,-19,19
67314,75,97,-22,22
67315,77,103,-26,26
67316,133,147,-14,14
67317,66,79,-13,13
67318,122,134,-12,12
67319,151,151,0,0
67320,95,121,-26,26
67321,70,91,-21,21
67322,66,79,-13,13
67323,101,107,-6,6
67324,92,98,-6,6
67325,94,100,-6,6
67326,80,88,-8,8
67327,86,102,-16,16
67328,99,102,-3,3
67329,167,151,16,16
67330,104,110,-6,6
67331,92,97,-5,5
67332,82,101,-19,19
67333,93,100,-7,7
67334,57,74,-17,17
67335,80,95,-15,15
67336,154,143,11,11
67337,92,100,-8,8
67338,121,118,3,3
67339,90,110,-20,20
67340,94,105,-11,11
67341,100,113,-13,13
67342,55,75,-20,20
67343,179,172,7,7
67344,157,148,9,9
67345,58,85,-27,27
67346,94,118,-24,24
67347,85,97,-12,12
67348,55,78,-23,23
67349,72,77,-5,5
67350,114,123,-9,9
67351,99,107,-8,8
67352,75,83,-8,8
67353,45,63,-18,18
67354,58,73,-15,15
67355,110,118,-8,8
67356,69,91,-22,22
67357,68,82,-14,14
67358,102,105,-3,3
67359,77,94,-17,17
67360,85,97,-12,12
67361,112,132,-20,20
67362,40,57,-17,17
67363,73,90,-17,17
67364,76,93,-17,17
67365,65,79,-14,14
67366,72,102,-30,30
67367,89,121,-32,32
67368,110,123,-13,13
67369,91,100,-9,9
67370,59,100,-41,41
67371,90,95,-5,5
67372,84,97,-13,13
67373,130,132,-2,2
67374,63,73,-10,10
67375,63,83,-20,20
67376,87,97,-10,10
67377,106,126,-20,20
67378,145,144,1,1
67379,128,135,-7,7
67380,81,95,-14,14
67381,111,110,1,1
67382,76,97,-21,21
67383,53,76,-23,23
67384,82,91,-9,9
67385,100,114,-14,14
67386,74,103,-29,29
67387,105,118,-13,13
67388,58,72,-14,14
67389,102,116,-14,14
67390,113,116,-3,3
67391,99,115,-16,16
67392,113,120,-7,7
67393,55,70,-15,15
67394,98,100,-2,2
67395,108,124,-16,16
67396,54,67,-13,13
67397,99,108,-9,9
67398,78,89,-11,11
67399,68,84,-16,16
67400,45,66,-21,21
67401,71,90,-19,19
67402,216,170,46,46
67403,103,114,-11,11
67404,77,93,-16,16
67405,64,82,-18,18
67406,108,122,-14,14
67407,106,101,5,5
67408,124,121,3,3
67409,71,85,-14,14
67410,91,94,-3,3
67411,80,102,-22,22
67412,122,131,-9,9
67413,105,116,-11,11
67414,80,93,-13,13
67415,142,131,11,11
67416,64,102,-38,38
67417,95,91,4,4
67418,112,133,-21,21
67419,83,91,-8,8
67420,147,148,-1,1
67421,47,65,-18,18
67422,80,96,-16,16
67423,104,121,-17,17
67424,71,88,-17,17
67425,67,83,-16,16
67426,69,86,-17,17
67427,82,97,-15,15
67428,85,95,-10,10
67429,144,148,-4,4
67430,81,101,-20,20
67431,141,147,-6,6
67432,86,95,-9,9
67433,176,168,8,8
67434,74,83,-9,9
67435,91,101,-10,10
67436,102,98,4,4
67437,74,82,-8,8
67438,97,106,-9,9
67439,60,78,-18,18
67440,97,109,-12,12
67441,119,128,-9,9
67442,97,112,-15,15
67443,70,87,-17,17
67444,102,106,-4,4
67445,61,81,-20,20
67446,86,90,-4,4
67447,45,62,-17,17
67448,51,68,-17,17
67449,130,138,-8,8
67450,74,95,-21,21
67451,78,96,-18,18
67452,163,160,3,3
67453,52,76,-24,24
67454,99,115,-16,16
67455,84,98,-14,14
67456,109,114,-5,5
67457,84,96,-12,12
67458,88,111,-23,23
67459,117,121,-4,4
67460,186,168,18,18
67461,55,65,-10,10
67462,65,92,-27,27
67463,119,152,-33,33
67464,71,88,-17,17
67465,87,90,-3,3
67466,51,74,-23,23
67467,46,64,-18,18
67468,61,76,-15,15
67469,103,108,-5,5
67470,84,94,-10,10
67471,56,73,-17,17
67472,73,90,-17,17
67473,84,98,-14,14
67474,127,120,7,7
67475,178,174,4,4
67476,71,88,-17,17
67477,107,115,-8,8
67478,111,112,-1,1
67479,69,87,-18,18
67480,94,105,-11,11
67481,45,65,-20,20
67482,94,116,-22,22
67483,120,130,-10,10
67484,63,81,-18,18
67485,78,87,-9,9
67486,40,61,-21,21
67487,114,123,-9,9
67488,112,116,-4,4
67489,152,147,5,5
67490,184,156,28,28
67491,84,94,-10,10
67492,122,123,-1,1
67493,108,112,-4,4
67494,64,80,-16,16
67495,114,122,-8,8
67496,143,148,-5,5
67497,97,99,-2,2
67498,99,105,-6,6
67499,145,152,-7,7
67500,63,82,-19,19
67501,111,124,-13,13
67502,68,86,-18,18
67503,108,128,-20,20
67504,94,96,-2,2
67505,77,91,-14,14
67506,49,72,-23,23
67507,82,93,-11,11
67508,66,79,-13,13
67509,74,82,-8,8
67510,142,151,-9,9
67511,82,100,-18,18
67512,87,99,-12,12
67513,78,93,-15,15
67514,58,77,-19,19
67515,108,118,-10,10
67516,50,96,-46,46
67517,170,159,11,11
67518,74,90,-16,16
67519,102,113,-11,11
67520,95,105,-10,10
67521,90,100,-10,10
67522,118,123,-5,5
67523,70,80,-10,10
67524,111,119,-8,8
67525,96,119,-23,23
67526,81,94,-13,13
67527,110,115,-5,5
67528,94,101,-7,7
67529,99,117,-18,18
67530,107,118,-11,11
67531,129,140,-11,11
67532,135,129,6,6
67533,123,124,-1,1
67534,67,83,-16,16
67535,79,92,-13,13
67536,91,107,-16,16
67537,72,87,-15,15
67538,150,156,-6,6
67539,117,135,-18,18
67540,60,78,-18,18
67541,102,117,-15,15
67542,32,60,-28,28
67543,65,81,-16,16
67544,163,153,10,10
67545,99,115,-16,16
67546,76,88,-12,12
67547,146,139,7,7
67548,137,136,1,1
67549,131,139,-8,8
67550,152,147,5,5
67551,93,116,-23,23
67552,78,89,-11,11
67553,83,92,-9,9
67554,109,110,-1,1
67555,134,148,-14,14
67556,56,87,-31,31
67557,82,90,-8,8
67558,50,58,-8,8
67559,104,113,-9,9
67560,78,96,-18,18
67561,60,80,-20,20
67562,137,135,2,2
67563,64,77,-13,13
67564,144,147,-3,3
67565,49,67,-18,18
67566,104,111,-7,7
67567,66,78,-12,12
67568,71,81,-10,10
67569,128,129,-1,1
67570,84,113,-29,29
67571,141,150,-9,9
67572,97,103,-6,6
67573,52,66,-14,14
67574,74,86,-12,12
67575,98,128,-30,30
67576,71,85,-14,14
67577,56,77,-21,21
67578,71,92,-21,21
67579,123,126,-3,3
67580,146,136,10,10
67581,77,92,-15,15
67582,68,87,-19,19
67583,110,109,1,1
67584,85,97,-12,12
67585,162,151,11,11
67586,105,110,-5,5
67587,68,82,-14,14
67588,100,101,-1,1
67589,103,110,-7,7
67590,121,121,0,0
67591,96,96,0,0
67592,199,170,29,29
67593,83,100,-17,17
67594,91,100,-9,9
67595,61,77,-16,16
67596,103,121,-18,18
67597,95,106,-11,11
67598,68,83,-15,15
67599,94,99,-5,5
67600,54,71,-17,17
67601,160,145,15,15
67602,123,124,-1,1
67603,154,147,7,7
67604,48,71,-23,23
67605,66,85,-19,19
67606,81,91,-10,10
67607,56,73,-17,17
67608,160,147,13,13
67609,121,150,-29,29
67610,103,100,3,3
67611,126,130,-4,4
67612,82,89,-7,7
67613,63,89,-26,26
67614,88,102,-14,14
67615,111,124,-13,13
67616,139,139,0,0
67617,103,113,-10,10
67618,74,92,-18,18
67619,133,132,1,1
67620,49,69,-20,20
67621,93,100,-7,7
67622,86,97,-11,11
67623,77,83,-6,6
67624,56,85,-29,29
67625,66,78,-12,12
67626,132,132,0,0
67627,149,142,7,7
67628,39,56,-17,17
67629,117,125,-8,8
67630,98,107,-9,9
67631,59,73,-14,14
67632,146,147,-1,1
67633,106,107,-1,1
67634,63,82,-19,19
67635,90,105,-15,15
67636,73,91,-18,18
67637,80,91,-11,11
67638,89,97,-8,8
67639,88,97,-9,9
67640,51,68,-17,17
67641,85,97,-12,12
67642,106,131,-25,25
67643,136,138,-2,2
67644,46,63,-17,17
67645,107,122,-15,15
67646,154,157,-3,3
67647,109,121,-12,12
67648,79,89,-10,10
67649,94,92,2,2
67650,64,78,-14,14
67651,63,76,-13,13
67652,62,74,-12,12
67653,58,82,-24,24
67654,48,65,-17,17
67655,67,85,-18,18
67656,74,85,-11,11
67657,94,103,-9,9
67658,75,85,-10,10
67659,158,147,11,11
67660,134,134,0,0
67661,189,168,21,21
67662,62,82,-20,20
67663,73,85,-12,12
67664,89,105,-16,16
67665,42,60,-18,18
67666,129,129,0,0
67667,65,90,-25,25
67668,49,66,-17,17
67669,163,150,13,13
67670,93,100,-7,7
67671,185,167,18,18
67672,91,100,-9,9
67673,43,63,-20,20
67674,163,158,5,5
67675,65,82,-17,17
67676,49,57,-8,8
67677,62,78,-16,16
67678,123,140,-17,17
67679,78,92,-14,14
67680,144,143,1,1
67681,75,116,-41,41
67682,83,93,-10,10
67683,122,129,-7,7
67684,92,100,-8,8
67685,101,112,-11,11
67686,75,100,-25,25
67687,130,125,5,5
67688,160,157,3,3
67689,58,74,-16,16
67690,154,148,6,6
67691,101,111,-10,10
67692,54,78,-24,24
67693,177,167,10,10
67694,198,176,22,22
67695,98,124,-26,26
67696,87,109,-22,22
67697,116,127,-11,11
67698,63,76,-13,13
67699,95,102,-7,7
67700,57,70,-13,13
67701,64,73,-9,9
67702,69,76,-7,7
67703,79,90,-11,11
67704,89,111,-22,22
67705,53,68,-15,15
67706,94,109,-15,15
67707,85,107,-22,22
67708,85,97,-12,12
67709,80,103,-23,23
67710,80,100,-20,20
67711,95,102,-7,7
67712,95,102,-7,7
67713,72,89,-17,17
67714,59,76,-17,17
67715,122,117,5,5
67716,76,89,-13,13
67717,103,107,-4,4
67718,80,98,-18,18
67719,84,100,-16,16
67720,108,118,-10,10
67721,94,104,-10,10
67722,128,132,-4,4
67723,121,128,-7,7
67724,156,148,8,8
67725,120,125,-5,5
67726,97,106,-9,9
67727,87,111,-24,24
67728,116,119,-3,3
67729,48,60,-12,12
67730,139,147,-8,8
67731,93,98,-5,5
67732,184,186,-2,2
67733,62,73,-11,11
67734,116,131,-15,15
67735,114,116,-2,2
67736,104,112,-8,8
67737,94,125,-31,31
67738,169,159,10,10
67739,89,108,-19,19
67740,91,107,-16,16
67741,97,110,-13,13
67742,111,119,-8,8
67743,69,81,-12,12
67744,120,123,-3,3
67745,105,130,-25,25
67746,99,111,-12,12
67747,37,81,-44,44
67748,105,104,1,1
67749,69,85,-16,16
67750,67,80,-13,13
67751,31,59,-28,28
67752,60,78,-18,18
67753,90,110,-20,20
67754,74,84,-10,10
67755,123,124,-1,1
67756,97,110,-13,13
67757,55,66,-11,11
67758,127,134,-7,7
67759,122,127,-5,5
67760,103,123,-20,20
67761,141,145,-4,4
67762,67,79,-12,12
67763,113,128,-15,15
67764,135,141,-6,6
67765,203,183,20,20
67766,88,101,-13,13
67767,94,113,-19,19
67768,103,112,-9,9
67769,86,96,-10,10
67770,143,149,-6,6
67771,52,65,-13,13
67772,75,98,-23,23
67773,114,133,-19,19
67774,92,97,-5,5
67775,113,120,-7,7
67776,123,131,-8,8
67777,68,89,-21,21
67778,86,113,-27,27
67779,27,50,-23,23
67780,126,133,-7,7
67781,89,94,-5,5
67782,113,115,-2,2
67783,106,108,-2,2
67784,90,94,-4,4
67785,82,86,-4,4
67786,88,104,-16,16
67787,97,109,-12,12
67788,141,140,1,1
67789,123,122,1,1
67790,188,193,-5,5
67791,108,123,-15,15
67792,73,86,-13,13
67793,104,117,-13,13
67794,87,105,-18,18
67795,78,98,-20,20
67796,75,85,-10,10
67797,153,147,6,6
67798,74,80,-6,6
67799,129,127,2,2
67800,117,123,-6,6
67801,82,99,-17,17
67802,103,109,-6,6
67803,93,94,-1,1
67804,89,101,-12,12
67805,44,67,-23,23
67806,76,90,-14,14
67807,79,109,-30,30
67808,87,102,-15,15
67809,38,55,-17,17
67810,120,130,-10,10
67811,88,104,-16,16
67812,155,147,8,8
67813,120,119,1,1
67814,89,99,-10,10
67815,100,106,-6,6
67816,66,76,-10,10
67817,85,100,-15,15
67818,90,89,1,1
67819,126,132,-6,6
67820,153,142,11,11
67821,83,94,-11,11
67822,113,115,-2,2
67823,88,102,-14,14
67824,152,156,-4,4
67825,104,110,-6,6
67826,75,87,-12,12
67827,48,58,-10,10
67828,127,137,-10,10
67829,79,88,-9,9
67830,117,129,-12,12
67831,63,83,-20,20
67832,113,130,-17,17
67833,143,154,-11,11
67834,110,119,-9,9
67835,75,99,-24,24
67836,48,68,-20,20
67837,64,114,-50,50
67838,99,112,-13,13
67839,91,99,-8,8
67840,111,114,-3,3
67841,89,97,-8,8
67842,141,144,-3,3
67843,101,103,-2,2
67844,74,86,-12,12
67845,124,121,3,3
67846,115,131,-16,16
67847,94,113,-19,19
67848,110,123,-13,13
67849,70,86,-16,16
67850,89,104,-15,15
67851,53,69,-16,16
67852,85,106,-21,21
67853,166,151,15,15
67854,77,88,-11,11
67855,76,85,-9,9
67856,137,147,-10,10
67857,79,103,-24,24
67858,144,131,13,13
67859,57,67,-10,10
67860,102,116,-14,14
67861,77,91,-14,14
67862,105,125,-20,20
67863,99,106,-7,7
67864,40,58,-18,18
67865,96,104,-8,8
67866,99,110,-11,11
67867,69,83,-14,14
67868,111,112,-1,1
67869,119,132,-13,13
67870,152,149,3,3
67871,138,138,0,0
67872,146,154,-8,8
67873,79,109,-30,30
67874,113,119,-6,6
67875,65,84,-19,19
67876,135,131,4,4
67877,58,55,3,3
67878,68,90,-22,22
67879,103,107,-4,4
67880,110,125,-15,15
67881,57,76,-19,19
67882,191,172,19,19
67883,87,96,-9,9
67884,130,132,-2,2
67885,94,105,-11,11
67886,101,119,-18,18
67887,52,63,-11,11
67888,134,142,-8,8
67889,75,85,-10,10
67890,91,107,-16,16
67891,109,118,-9,9
67892,96,100,-4,4
67893,55,71,-16,16
67894,114,119,-5,5
67895,159,149,10,10
67896,74,84,-10,10
67897,89,111,-22,22
67898,45,67,-22,22
67899,50,86,-36,36
67900,78,88,-10,10
67901,136,147,-11,11
67902,81,90,-9,9
67903,104,105,-1,1
67904,42,59,-17,17
67905,45,62,-17,17
67906,91,91,0,0
67907,81,95,-14,14
67908,73,89,-16,16
67909,163,152,11,11
67910,62,76,-14,14
67911,62,99,-37,37
67912,117,116,1,1
67913,91,107,-16,16
67914,81,109,-28,28
67915,183,155,28,28
67916,115,126,-11,11
67917,45,59,-14,14
67918,67,83,-16,16
67919,73,83,-10,10
67920,115,124,-9,9
67921,143,142,1,1
67922,122,120,2,2
67923,158,147,11,11
67924,132,136,-4,4
67925,56,73,-17,17
67926,138,145,-7,7
67927,128,131,-3,3
67928,170,155,15,15
67929,101,114,-13,13
67930,147,148,-1,1
67931,116,127,-11,11
67932,97,127,-30,30
67933,116,129,-13,13
67934,73,84,-11,11
67935,58,70,-12,12
67936,99,105,-6,6
67937,148,151,-3,3
67938,56,73,-17,17
67939,144,149,-5,5
67940,73,83,-10,10
67941,124,141,-17,17
67942,58,99,-41,41
67943,72,88,-16,16
67944,57,67,-10,10
67945,77,79,-2,2
67946,93,100,-7,7
67947,136,138,-2,2
67948,56,74,-18,18
67949,106,104,2,2
67950,68,78,-10,10
67951,107,118,-11,11
67952,137,142,-5,5
67953,51,70,-19,19
67954,161,156,5,5
67955,75,86,-11,11
67956,207,176,31,31
67957,134,146,-12,12
67958,139,147,-8,8
67959,85,97,-12,12
67960,64,81,-17,17
67961,57,74,-17,17
67962,87,100,-13,13
67963,143,146,-3,3
67964,89,108,-19,19
67965,78,87,-9,9
67966,73,104,-31,31
67967,188,190,-2,2
67968,115,112,3,3
67969,119,107,12,12
67970,74,89,-15,15
67971,96,108,-12,12
67972,64,78,-14,14
67973,117,130,-13,13
67974,127,140,-13,13
67975,70,89,-19,19
67976,97,117,-20,20
67977,163,163,0,0
67978,143,137,6,6
67979,69,91,-22,22
67980,98,118,-20,20
67981,87,95,-8,8
67982,100,110,-10,10
67983,111,129,-18,18
67984,129,143,-14,14
67985,94,95,-1,1
67986,124,133,-9,9
67987,70,90,-20,20
67988,64,79,-15,15
67989,131,132,-1,1
67990,81,104,-23,23
67991,121,123,-2,2
67992,139,141,-2,2
67993,49,71,-22,22
67994,54,75,-21,21
67995,109,121,-12,12
67996,71,90,-19,19
67997,124,122,2,2
67998,110,109,1,1
67999,103,119,-16,16
68000,104,123,-19,19
68001,95,127,-32,32
68002,85,90,-5,5
68003,83,90,-7,7
68004,111,126,-15,15
68005,68,71,-3,3
68006,76,87,-11,11
68007,47,65,-18,18
68008,143,139,4,4
68009,64,80,-16,16
68010,102,113,-11,11
68011,77,93,-16,16
68012,52,75,-23,23
68013,52,68,-16,16
68014,75,93,-18,18
68015,83,101,-18,18
68016,70,81,-11,11
68017,44,64,-20,20
68018,41,62,-21,21
68019,77,87,-10,10
68020,53,69,-16,16
68021,132,140,-8,8
68022,112,114,-2,2
68023,81,92,-11,11
68024,85,93,-8,8
68025,90,103,-13,13
68026,51,68,-17,17
68027,55,82,-27,27
68028,45,80,-35,35
68029,52,70,-18,18
68030,98,107,-9,9
68031,72,84,-12,12
68032,239,221,18,18
68033,123,123,0,0
68034,164,151,13,13
68035,75,88,-13,13
68036,145,147,-2,2
68037,63,77,-14,14
68038,63,111,-48,48
68039,100,117,-17,17
68040,110,123,-13,13
68041,76,101,-25,25
68042,94,111,-17,17
68043,109,107,2,2
68044,59,85,-26,26
68045,140,153,-13,13
68046,83,91,-8,8
68047,136,134,2,2
68048,50,69,-19,19
68049,85,95,-10,10
68050,113,114,-1,1
68051,49,71,-22,22
68052,98,95,3,3
68053,80,83,-3,3
68054,95,107,-12,12
68055,129,140,-11,11
68056,89,96,-7,7
68057,115,123,-8,8
68058,73,91,-18,18
68059,75,95,-20,20
68060,168,154,14,14
68061,52,71,-19,19
68062,76,85,-9,9
68063,104,113,-9,9
68064,124,120,4,4
68065,113,130,-17,17
68066,80,90,-10,10
68067,79,117,-38,38
68068,89,104,-15,15
68069,90,98,-8,8
68070,46,67,-21,21
68071,80,88,-8,8
68072,108,131,-23,23
68073,46,62,-16,16
68074,106,110,-4,4
68075,139,141,-2,2
68076,99,115,-16,16
68077,50,64,-14,14
68078,65,79,-14,14
68079,69,82,-13,13
68080,125,129,-4,4
68081,97,111,-14,14
68082,84,100,-16,16
68083,114,130,-16,16
68084,39,53,-14,14
68085,106,119,-13,13
68086,88,105,-17,17
68087,80,97,-17,17
68088,178,160,18,18
68089,104,124,-20,20
68090,76,82,-6,6
68091,108,110,-2,2
68092,82,104,-22,22
68093,44,60,-16,16
68094,67,78,-11,11
68095,69,87,-18,18
68096,69,75,-6,6
68097,112,118,-6,6
68098,151,144,7,7
68099,47,65,-18,18
68100,70,83,-13,13
68101,86,95,-9,9
68102,95,105,-10,10
68103,68,86,-18,18
68104,44,65,-21,21
68105,70,91,-21,21
68106,132,131,1,1
68107,66,82,-16,16
68108,104,111,-7,7
68109,155,151,4,4
68110,136,140,-4,4
68111,74,85,-11,11
68112,109,120,-11,11
68113,88,104,-16,16
68114,156,162,-6,6
68115,153,154,-1,1
68116,83,84,-1,1
68117,88,96,-8,8
68118,167,170,-3,3
68119,44,60,-16,16
68120,124,121,3,3
68121,71,80,-9,9
68122,131,133,-2,2
68123,94,96,-2,2
68124,64,81,-17,17
68125,81,96,-15,15
68126,69,81,-12,12
68127,52,68,-16,16
68128,84,98,-14,14
68129,59,74,-15,15
68130,117,128,-11,11
68131,115,116,-1,1
68132,86,97,-11,11
68133,111,115,-4,4
68134,69,88,-19,19
68135,119,123,-4,4
68136,73,85,-12,12
68137,81,93,-12,12
68138,79,110,-31,31
68139,89,111,-22,22
68140,51,64,-13,13
68141,63,79,-16,16
68142,87,101,-14,14
68143,116,123,-7,7
68144,115,117,-2,2
68145,111,125,-14,14
68146,38,58,-20,20
68147,130,146,-16,16
68148,100,107,-7,7
68149,60,69,-9,9
68150,91,94,-3,3
68151,67,81,-14,14
68152,73,79,-6,6
68153,152,150,2,2
68154,199,184,15,15
68155,156,151,5,5
68156,61,80,-19,19
68157,109,110,-1,1
68158,69,85,-16,16
68159,87,101,-14,14
68160,65,83,-18,18
68161,83,100,-17,17
68162,94,104,-10,10
68163,104,100,4,4
68164,72,88,-16,16
68165,74,101,-27,27
68166,93,100,-7,7
68167,88,94,-6,6
68168,88,95,-7,7
68169,75,96,-21,21
68170,102,112,-10,10
68171,72,88,-16,16
68172,95,97,-2,2
68173,98,108,-10,10
68174,86,98,-12,12
68175,91,119,-28,28
68176,67,81,-14,14
68177,73,88,-15,15
68178,129,141,-12,12
68179,64,78,-14,14
68180,94,106,-12,12
68181,123,125,-2,2
68182,89,102,-13,13
68183,45,68,-23,23
68184,95,107,-12,12
68185,77,93,-16,16
68186,61,80,-19,19
68187,151,155,-4,4
68188,53,67,-14,14
68189,109,114,-5,5
68190,84,102,-18,18
68191,86,100,-14,14
68192,105,112,-7,7
68193,107,127,-20,20
68194,97,114,-17,17
68195,41,59,-18,18
68196,69,87,-18,18
68197,111,99,12,12
68198,40,61,-21,21
68199,140,143,-3,3
68200,65,79,-14,14
68201,149,141,8,8
68202,46,60,-14,14
68203,103,112,-9,9
68204,80,94,-14,14
68205,41,57,-16,16
68206,97,144,-47,47
68207,65,76,-11,11
68208,124,150,-26,26
68209,65,80,-15,15
68210,85,97,-12,12
68211,151,149,2,2
68212,75,87,-12,12
68213,92,106,-14,14
68214,96,103,-7,7
68215,120,137,-17,17
68216,71,80,-9,9
68217,77,90,-13,13
68218,84,106,-22,22
68219,100,118,-18,18
68220,105,126,-21,21
68221,123,121,2,2
68222,53,71,-18,18
68223,178,171,7,7
68224,99,109,-10,10
68225,64,83,-19,19
68226,78,95,-17,17
68227,108,115,-7,7
68228,77,90,-13,13
68229,157,151,6,6
68230,72,94,-22,22
68231,68,84,-16,16
68232,87,91,-4,4
68233,70,88,-18,18
68234,52,71,-19,19
68235,85,87,-2,2
68236,100,118,-18,18
68237,71,85,-14,14
68238,109,127,-18,18
68239,154,162,-8,8
68240,96,89,7,7
68241,78,100,-22,22
68242,82,106,-24,24
68243,114,119,-5,5
68244,103,118,-15,15
68245,118,129,-11,11
68246,87,101,-14,14
68247,121,136,-15,15
68248,94,108,-14,14
68249,62,73,-11,11
68250,89,101,-12,12
68251,105,114,-9,9
68252,85,91,-6,6
68253,79,99,-20,20
68254,86,97,-11,11
68255,100,110,-10,10
68256,104,111,-7,7
68257,83,98,-15,15
68258,90,98,-8,8
68259,112,136,-24,24
68260,69,84,-15,15
68261,121,117,4,4
68262,84,102,-18,18
68263,87,95,-8,8
68264,92,106,-14,14
68265,147,149,-2,2
68266,86,100,-14,14
68267,89,93,-4,4
68268,52,81,-29,29
68269,110,117,-7,7
68270,145,143,2,2
68271,87,97,-10,10
68272,107,101,6,6
68273,145,131,14,14
68274,55,71,-16,16
68275,51,75,-24,24
68276,95,107,-12,12
68277,101,110,-9,9
68278,72,82,-10,10
68279,90,96,-6,6
68280,91,94,-3,3
68281,94,108,-14,14
68282,60,80,-20,20
68283,59,71,-12,12
68284,96,102,-6,6
68285,55,73,-18,18
68286,101,98,3,3
68287,95,110,-15,15
68288,113,123,-10,10
68289,77,86,-9,9
68290,114,138,-24,24
68291,101,120,-19,19
68292,100,117,-17,17
68293,64,81,-17,17
68294,100,101,-1,1
68295,158,147,11,11
68296,81,95,-14,14
68297,62,79,-17,17
68298,136,136,0,0
68299,156,149,7,7
68300,160,150,10,10
68301,128,137,-9,9
68302,49,63,-14,14
68303,135,135,0,0
68304,81,98,-17,17
68305,85,97,-12,12
68306,74,83,-9,9
68307,141,141,0,0
68308,98,107,-9,9
68309,140,142,-2,2
68310,102,106,-4,4
68311,91,112,-21,21
68312,68,80,-12,12
68313,117,117,0,0
68314,57,69,-12,12
68315,70,92,-22,22
68316,203,162,41,41
68317,96,123,-27,27
68318,128,137,-9,9
68319,81,89,-8,8
68320,81,106,-25,25
68321,66,73,-7,7
68322,128,131,-3,3
68323,150,148,2,2
68324,79,98,-19,19
68325,68,84,-16,16
68326,57,76,-19,19
68327,63,87,-24,24
68328,110,120,-10,10
68329,84,93,-9,9
68330,84,87,-3,3
68331,59,76,-17,17
68332,101,105,-4,4
68333,73,89,-16,16
68334,82,96,-14,14
68335,163,155,8,8
68336,113,123,-10,10
68337,95,94,1,1
68338,73,88,-15,15
68339,83,93,-10,10
68340,114,127,-13,13
68341,136,132,4,4
68342,86,103,-17,17
68343,81,92,-11,11
68344,108,127,-19,19
68345,149,153,-4,4
68346,101,112,-11,11
68347,78,93,-15,15
68348,126,127,-1,1
68349,122,142,-20,20
68350,112,116,-4,4
68351,67,76,-9,9
68352,62,76,-14,14
68353,112,135,-23,23
68354,171,155,16,16
68355,65,74,-9,9
68356,97,100,-3,3
68357,43,61,-18,18
68358,71,79,-8,8
68359,71,81,-10,10
68360,55,61,-6,6
68361,72,96,-24,24
68362,85,92,-7,7
68363,190,167,23,23
68364,97,109,-12,12
68365,100,107,-7,7
68366,75,91,-16,16
68367,130,129,1,1
68368,60,75,-15,15
68369,105,112,-7,7
68370,85,95,-10,10
68371,89,104,-15,15
68372,93,105,-12,12
68373,39,85,-46,46
68374,74,81,-7,7
68375,148,151,-3,3
68376,136,135,1,1
68377,61,86,-25,25
68378,181,164,17,17
68379,99,104,-5,5
68380,165,156,9,9
68381,97,106,-9,9
68382,116,120,-4,4
68383,105,122,-17,17
68384,50,61,-11,11
68385,71,93,-22,22
68386,115,119,-4,4
68387,61,73,-12,12
68388,101,113,-12,12
68389,80,91,-11,11
68390,100,116,-16,16
68391,79,103,-24,24
68392,121,128,-7,7
68393,85,108,-23,23
68394,87,103,-16,16
68395,61,81,-20,20
68396,125,139,-14,14
68397,85,104,-19,19
68398,87,102,-15,15
68399,64,87,-23,23
68400,66,80,-14,14
68401,85,96,-11,11
68402,159,148,11,11
68403,132,140,-8,8
68404,96,113,-17,17
68405,100,120,-20,20
68406,76,86,-10,10
68407,117,128,-11,11
68408,101,125,-24,24
68409,86,101,-15,15
68410,117,120,-3,3
68411,96,103,-7,7
68412,55,75,-20,20
68413,145,141,4,4
68414,68,91,-23,23
68415,71,80,-9,9
68416,129,133,-4,4
68417,121,128,-7,7
68418,92,93,-1,1
68419,57,74,-17,17
68420,50,66,-16,16
68421,56,73,-17,17
68422,52,71,-19,19
68423,61,76,-15,15
68424,164,152,12,12
68425,119,126,-7,7
68426,85,91,-6,6
68427,83,91,-8,8
68428,149,145,4,4
68429,103,104,-1,1
68430,61,65,-4,4
68431,142,145,-3,3
68432,80,96,-16,16
68433,49,71,-22,22
68434,109,110,-1,1
68435,101,112,-11,11
68436,77,97,-20,20
68437,160,166,-6,6
68438,108,122,-14,14
68439,137,138,-1,1
68440,125,131,-6,6
68441,76,96,-20,20
68442,145,137,8,8
68443,86,115,-29,29
68444,131,131,0,0
68445,99,112,-13,13
68446,97,107,-10,10
68447,67,76,-9,9
68448,107,143,-36,36
68449,87,96,-9,9
68450,104,112,-8,8
68451,77,88,-11,11
68452,49,70,-21,21
68453,152,148,4,4
68454,138,142,-4,4
68455,183,169,14,14
68456,53,73,-20,20
68457,100,109,-9,9
68458,71,88,-17,17
68459,73,101,-28,28
68460,108,114,-6,6
68461,85,101,-16,16
68462,72,86,-14,14
68463,92,102,-10,10
68464,127,132,-5,5
68465,61,96,-35,35
68466,86,113,-27,27
68467,56,71,-15,15
68468,104,109,-5,5
68469,86,97,-11,11
68470,142,148,-6,6
68471,78,94,-16,16
68472,96,96,0,0
68473,75,98,-23,23
68474,88,101,-13,13
68475,69,83,-14,14
68476,62,80,-18,18
68477,107,120,-13,13
68478,65,79,-14,14
68479,129,148,-19,19
68480,86,102,-16,16
68481,77,83,-6,6
68482,115,113,2,2
68483,87,98,-11,11
68484,32,48,-16,16
68485,80,108,-28,28
68486,107,115,-8,8
68487,112,134,-22,22
68488,83,98,-15,15
68489,89,104,-15,15
68490,65,79,-14,14
68491,63,80,-17,17
68492,56,74,-18,18
68493,99,99,0,0
68494,88,102,-14,14
68495,130,147,-17,17
68496,59,75,-16,16
68497,157,142,15,15
68498,94,118,-24,24
68499,94,104,-10,10
68500,61,77,-16,16
68501,98,115,-17,17
68502,98,106,-8,8
68503,108,107,1,1
68504,122,130,-8,8
68505,115,127,-12,12
68506,49,67,-18,18
68507,79,93,-14,14
68508,96,114,-18,18
68509,81,104,-23,23
68510,54,69,-15,15
68511,70,86,-16,16
68512,141,141,0,0
68513,113,185,-72,72
68514,110,134,-24,24
68515,75,92,-17,17
68516,85,107,-22,22
68517,85,92,-7,7
68518,105,114,-9,9
68519,62,82,-20,20
68520,39,61,-22,22
68521,83,97,-14,14
68522,103,109,-6,6
68523,69,83,-14,14
68524,103,110,-7,7
68525,82,89,-7,7
68526,98,107,-9,9
68527,134,134,0,0
68528,51,75,-24,24
68529,98,105,-7,7
68530,58,76,-18,18
68531,66,89,-23,23
68532,66,77,-11,11
68533,139,139,0,0
68534,182,167,15,15
68535,118,143,-25,25
68536,69,78,-9,9
68537,61,82,-21,21
68538,101,105,-4,4
68539,126,116,10,10
68540,87,99,-12,12
68541,53,70,-17,17
68542,83,95,-12,12
68543,113,130,-17,17
68544,109,107,2,2
68545,60,73,-13,13
68546,113,124,-11,11
68547,84,103,-19,19
68548,60,71,-11,11
68549,56,78,-22,22
68550,52,67,-15,15
68551,111,118,-7,7
68552,74,91,-17,17
68553,57,71,-14,14
68554,72,86,-14,14
68555,77,92,-15,15
68556,93,104,-11,11
68557,167,151,16,16
68558,64,79,-15,15
68559,97,101,-4,4
68560,106,115,-9,9
68561,165,150,15,15
68562,86,114,-28,28
68563,146,139,7,7
68564,98,107,-9,9
68565,88,97,-9,9
68566,89,97,-8,8
68567,99,105,-6,6
68568,86,97,-11,11
68569,95,117,-22,22
68570,70,79,-9,9
68571,91,109,-18,18
68572,98,110,-12,12
68573,92,100,-8,8
68574,103,106,-3,3
68575,91,97,-6,6
68576,58,84,-26,26
68577,61,79,-18,18
68578,53,68,-15,15
68579,83,99,-16,16
68580,56,71,-15,15
68581,84,100,-16,16
68582,73,97,-24,24
68583,73,85,-12,12
68584,81,95,-14,14
68585,69,84,-15,15
68586,71,87,-16,16
68587,107,125,-18,18
68588,111,120,-9,9
68589,107,111,-4,4
68590,115,111,4,4
68591,75,88,-13,13
68592,129,127,2,2
68593,94,101,-7,7
68594,52,69,-17,17
68595,146,148,-2,2
68596,99,112,-13,13
68597,93,114,-21,21
68598,57,75,-18,18
68599,102,137,-35,35
68600,58,76,-18,18
68601,95,145,-50,50
68602,92,101,-9,9
68603,99,107,-8,8
68604,115,126,-11,11
68605,77,87,-10,10
68606,176,174,2,2
68607,97,115,-18,18
68608,153,146,7,7
68609,74,85,-11,11
68610,182,162,20,20
68611,91,117,-26,26
68612,67,91,-24,24
68613,85,109,-24,24
68614,109,117,-8,8
68615,113,115,-2,2
68616,111,122,-11,11
68617,95,117,-22,22
68618,74,86,-12,12
68619,110,119,-9,9
68620,58,72,-14,14
68621,135,134,1,1
68622,108,120,-12,12
68623,112,125,-13,13
68624,49,70,-21,21
68625,114,129,-15,15
68626,57,73,-16,16
68627,74,84,-10,10
68628,99,109,-10,10
68629,96,101,-5,5
68630,88,96,-8,8
68631,79,100,-21,21
68632,82,84,-2,2
68633,99,106,-7,7
68634,116,120,-4,4
68635,80,91,-11,11
68636,120,123,-3,3
68637,70,79,-9,9
68638,74,83,-9,9
68639,55,82,-27,27
68640,97,105,-8,8
68641,74,85,-11,11
68642,92,111,-19,19
68643,71,86,-15,15
68644,86,96,-10,10
68645,66,74,-8,8
68646,74,83,-9,9
68647,90,105,-15,15
68648,110,116,-6,6
68649,94,105,-11,11
68650,101,108,-7,7
68651,115,124,-9,9
68652,91,103,-12,12
68653,102,114,-12,12
68654,116,130,-14,14
68655,130,139,-9,9
68656,45,67,-22,22
68657,77,92,-15,15
68658,117,138,-21,21
68659,109,118,-9,9
68660,94,104,-10,10
68661,130,135,-5,5
68662,37,59,-22,22
68663,73,92,-19,19
68664,79,85,-6,6
68665,80,104,-24,24
68666,143,134,9,9
68667,69,84,-15,15
68668,143,147,-4,4
68669,105,114,-9,9
68670,150,147,3,3
68671,94,103,-9,9
68672,107,110,-3,3
68673,64,79,-15,15
68674,154,145,9,9
68675,129,133,-4,4
68676,118,125,-7,7
68677,86,99,-13,13
68678,98,109,-11,11
68679,134,148,-14,14
68680,96,111,-15,15
68681,90,103,-13,13
68682,173,170,3,3
68683,83,100,-17,17
68684,168,163,5,5
68685,97,105,-8,8
68686,88,98,-10,10
68687,54,66,-12,12
68688,142,136,6,6
68689,152,149,3,3
68690,75,95,-20,20
68691,73,84,-11,11
68692,170,174,-4,4
68693,82,99,-17,17
68694,103,125,-22,22
68695,135,132,3,3
68696,98,111,-13,13
68697,190,172,18,18
68698,110,110,0,0
68699,56,80,-24,24
68700,160,149,11,11
68701,86,111,-25,25
68702,105,115,-10,10
68703,42,58,-16,16
68704,148,157,-9,9
68705,78,84,-6,6
68706,108,118,-10,10
68707,81,93,-12,12
68708,135,141,-6,6
68709,84,104,-20,20
68710,115,120,-5,5
68711,124,126,-2,2
68712,67,88,-21,21
68713,97,104,-7,7
68714,90,103,-13,13
68715,158,149,9,9
68716,162,151,11,11
68717,165,161,4,4
68718,76,93,-17,17
68719,174,166,8,8
68720,125,125,0,0
68721,155,150,5,5
68722,80,98,-18,18
68723,150,154,-4,4
68724,54,74,-20,20
68725,119,116,3,3
68726,83,88,-5,5
68727,56,76,-20,20
68728,69,92,-23,23
68729,94,107,-13,13
68730,103,117,-14,14
68731,120,121,-1,1
68732,119,133,-14,14
68733,92,104,-12,12
68734,102,112,-10,10
68735,75,87,-12,12
68736,64,78,-14,14
68737,175,159,16,16
68738,66,77,-11,11
68739,69,80,-11,11
68740,66,79,-13,13
68741,42,61,-19,19
68742,222,200,22,22
68743,161,153,8,8
68744,139,130,9,9
68745,88,100,-12,12
68746,81,92,-11,11
68747,160,157,3,3
68748,100,112,-12,12
68749,64,87,-23,23
68750,26,48,-22,22
68751,126,130,-4,4
68752,49,64,-15,15
68753,101,109,-8,8
68754,78,89,-11,11
68755,82,97,-15,15
68756,68,81,-13,13
68757,90,106,-16,16
68758,78,92,-14,14
68759,114,124,-10,10
68760,160,153,7,7
68761,108,115,-7,7
68762,93,105,-12,12
68763,52,68,-16,16
68764,142,146,-4,4
68765,151,157,-6,6
68766,118,132,-14,14
68767,90,102,-12,12
68768,103,105,-2,2
68769,126,129,-3,3
68770,121,127,-6,6
68771,111,125,-14,14
68772,87,96,-9,9
68773,48,66,-18,18
68774,86,90,-4,4
68775,60,130,-70,70
68776,162,148,14,14
68777,98,97,1,1
68778,134,138,-4,4
68779,147,148,-1,1
68780,113,127,-14,14
68781,79,89,-10,10
68782,76,83,-7,7
68783,72,94,-22,22
68784,59,80,-21,21
68785,151,147,4,4
68786,114,122,-8,8
68787,71,88,-17,17
68788,146,147,-1,1
68789,83,92,-9,9
68790,65,75,-10,10
68791,60,71,-11,11
68792,113,111,2,2
68793,146,143,3,3
68794,103,115,-12,12
68795,123,125,-2,2
68796,59,78,-19,19
68797,158,147,11,11
68798,114,111,3,3
68799,133,130,3,3
68800,151,149,2,2
68801,41,61,-20,20
68802,80,90,-10,10
68803,71,80,-9,9
68804,88,103,-15,15
68805,94,116,-22,22
68806,41,72,-31,31
68807,129,148,-19,19
68808,126,130,-4,4
68809,132,128,4,4
68810,38,62,-24,24
68811,81,97,-16,16
68812,97,110,-13,13
68813,99,107,-8,8
68814,159,154,5,5
68815,113,126,-13,13
68816,42,71,-29,29
68817,176,160,16,16
68818,96,96,0,0
68819,122,128,-6,6
68820,134,146,-12,12
68821,63,77,-14,14
68822,81,94,-13,13
68823,94,111,-17,17
68824,122,125,-3,3
68825,99,101,-2,2
68826,103,118,-15,15
68827,77,120,-43,43
68828,90,113,-23,23
68829,139,134,5,5
68830,74,83,-9,9
68831,83,94,-11,11
68832,84,96,-12,12
68833,108,111,-3,3
68834,80,97,-17,17
68835,117,125,-8,8
68836,81,89,-8,8
68837,73,89,-16,16
68838,146,143,3,3
68839,83,98,-15,15
68840,71,81,-10,10
68841,99,117,-18,18
68842,52,72,-20,20
68843,97,118,-21,21
68844,80,92,-12,12
68845,112,120,-8,8
68846,57,84,-27,27
68847,105,114,-9,9
68848,145,150,-5,5
68849,104,105,-1,1
68850,94,100,-6,6
68851,109,120,-11,11
68852,73,86,-13,13
68853,54,69,-15,15
68854,99,110,-11,11
68855,204,185,19,19
68856,42,65,-23,23
68857,40,56,-16,16
68858,61,71,-10,10
68859,98,110,-12,12
68860,88,104,-16,16
68861,107,129,-22,22
68862,101,112,-11,11
68863,156,150,6,6
68864,43,65,-22,22
68865,85,95,-10,10
68866,130,129,1,1
68867,49,74,-25,25
68868,82,92,-10,10
68869,105,111,-6,6
68870,141,152,-11,11
68871,124,138,-14,14
68872,149,159,-10,10
68873,61,69,-8,8
68874,163,156,7,7
68875,94,109,-15,15
68876,64,86,-22,22
68877,129,147,-18,18
68878,71,86,-15,15
68879,95,114,-19,19
68880,106,122,-16,16
68881,103,104,-1,1
68882,81,90,-9,9
68883,89,97,-8,8
68884,144,147,-3,3
68885,64,86,-22,22
68886,37,137,-100,100
68887,87,92,-5,5
68888,34,50,-16,16
68889,94,110,-16,16
68890,84,101,-17,17
68891,76,84,-8,8
68892,79,88,-9,9
68893,96,113,-17,17
68894,99,104,-5,5
68895,102,112,-10,10
68896,66,82,-16,16
68897,96,97,-1,1
68898,75,91,-16,16
68899,98,102,-4,4
68900,75,85,-10,10
68901,106,115,-9,9
68902,85,98,-13,13
68903,104,125,-21,21
68904,83,106,-23,23
68905,92,102,-10,10
68906,110,139,-29,29
68907,89,115,-26,26
68908,148,147,1,1
68909,105,112,-7,7
68910,90,91,-1,1
68911,42,69,-27,27
68912,102,113,-11,11
68913,142,145,-3,3
68914,122,132,-10,10
68915,109,116,-7,7
68916,101,116,-15,15
68917,89,107,-18,18
68918,118,133,-15,15
68919,146,141,5,5
68920,100,116,-16,16
68921,99,104,-5,5
68922,62,73,-11,11
68923,84,90,-6,6
68924,62,83,-21,21
68925,190,169,21,21
68926,105,119,-14,14
68927,101,108,-7,7
68928,69,88,-19,19
68929,105,110,-5,5
68930,135,140,-5,5
68931,162,164,-2,2
68932,96,107,-11,11
68933,80,90,-10,10
68934,83,101,-18,18
68935,133,134,-1,1
68936,77,94,-17,17
68937,130,134,-4,4
68938,143,158,-15,15
68939,83,102,-19,19
68940,77,90,-13,13
68941,148,148,0,0
68942,88,93,-5,5
68943,47,62,-15,15
68944,66,71,-5,5
68945,54,81,-27,27
68946,97,104,-7,7
68947,80,103,-23,23
68948,51,87,-36,36
68949,122,136,-14,14
68950,134,129,5,5
68951,152,151,1,1
68952,96,112,-16,16
68953,75,93,-18,18
68954,143,147,-4,4
68955,164,158,6,6
68956,99,108,-9,9
68957,149,153,-4,4
68958,126,127,-1,1
68959,90,93,-3,3
68960,102,116,-14,14
68961,18,55,-37,37
68962,103,148,-45,45
68963,130,130,0,0
68964,67,84,-17,17
68965,69,79,-10,10
68966,84,93,-9,9
68967,122,134,-12,12
68968,103,106,-3,3
68969,65,74,-9,9
68970,111,125,-14,14
68971,177,168,9,9
68972,64,76,-12,12
68973,159,151,8,8
68974,123,142,-19,19
68975,67,85,-18,18
68976,138,149,-11,11
68977,88,109,-21,21
68978,94,117,-23,23
68979,114,116,-2,2
68980,81,88,-7,7
68981,68,80,-12,12
68982,214,193,21,21
68983,145,140,5,5
68984,54,71,-17,17
68985,100,105,-5,5
68986,146,147,-1,1
68987,213,185,28,28
68988,106,125,-19,19
68989,57,69,-12,12
68990,128,134,-6,6
68991,97,103,-6,6
68992,90,110,-20,20
68993,102,113,-11,11
68994,153,147,6,6
68995,84,95,-11,11
68996,27,55,-28,28
68997,51,65,-14,14
68998,73,89,-16,16
68999,86,96,-10,10
69000,77,87,-10,10
69001,154,146,8,8
69002,107,114,-7,7
69003,173,164,9,9
69004,80,96,-16,16
69005,92,101,-9,9
69006,86,97,-11,11
69007,70,85,-15,15
69008,116,134,-18,18
69009,79,92,-13,13
69010,101,110,-9,9
69011,138,143,-5,5
69012,125,121,4,4
69013,65,80,-15,15
69014,82,96,-14,14
69015,88,103,-15,15
69016,40,67,-27,27
69017,104,120,-16,16
69018,111,119,-8,8
69019,81,91,-10,10
69020,67,89,-22,22
69021,91,111,-20,20
69022,135,141,-6,6
69023,155,163,-8,8
69024,89,98,-9,9
69025,58,79,-21,21
69026,137,136,1,1
69027,69,83,-14,14
69028,84,98,-14,14
69029,110,109,1,1
69030,68,109,-41,41
69031,126,122,4,4
69032,185,150,35,35
69033,64,71,-7,7
69034,119,123,-4,4
69035,133,135,-2,2
69036,96,102,-6,6
69037,54,70,-16,16
69038,90,102,-12,12
69039,75,87,-12,12
69040,123,139,-16,16
69041,91,102,-11,11
69042,114,121,-7,7
69043,49,97,-48,48
69044,119,125,-6,6
69045,78,85,-7,7
69046,105,112,-7,7
69047,113,122,-9,9
69048,75,84,-9,9
69049,162,156,6,6
69050,62,72,-10,10
69051,93,93,0,0
69052,67,79,-12,12
69053,118,128,-10,10
69054,76,90,-14,14
69055,132,135,-3,3
69056,43,61,-18,18
69057,69,88,-19,19
69058,99,112,-13,13
69059,81,90,-9,9
69060,103,111,-8,8
69061,87,94,-7,7
69062,88,96,-8,8
69063,92,101,-9,9
69064,102,106,-4,4
69065,53,70,-17,17
69066,80,92,-12,12
69067,86,96,-10,10
69068,107,121,-14,14
69069,165,165,0,0
69070,43,61,-18,18
69071,84,90,-6,6
69072,129,130,-1,1
69073,135,139,-4,4
69074,32,77,-45,45
69075,49,73,-24,24
69076,91,99,-8,8
69077,72,87,-15,15
69078,85,94,-9,9
69079,75,95,-20,20
69080,95,128,-33,33
69081,132,135,-3,3
69082,98,118,-20,20
69083,34,51,-17,17
69084,114,120,-6,6
69085,104,110,-6,6
69086,111,113,-2,2
69087,59,73,-14,14
69088,38,59,-21,21
69089,45,60,-15,15
69090,160,165,-5,5
69091,87,96,-9,9
69092,78,99,-21,21
69093,180,150,30,30
69094,112,129,-17,17
69095,99,114,-15,15
69096,77,93,-16,16
69097,64,96,-32,32
69098,93,96,-3,3
69099,135,152,-17,17
69100,80,96,-16,16
69101,105,103,2,2
69102,93,106,-13,13
69103,97,109,-12,12
69104,93,115,-22,22
69105,126,121,5,5
69106,100,110,-10,10
69107,93,105,-12,12
69108,116,126,-10,10
69109,89,100,-11,11
69110,72,100,-28,28
69111,158,147,11,11
69112,107,103,4,4
69113,57,73,-16,16
69114,95,110,-15,15
69115,199,184,15,15
69116,98,110,-12,12
69117,50,69,-19,19
69118,72,83,-11,11
69119,86,94,-8,8
69120,36,67,-31,31
69121,77,79,-2,2
69122,144,149,-5,5
69123,101,130,-29,29
69124,141,147,-6,6
69125,136,141,-5,5
69126,81,92,-11,11
69127,96,127,-31,31
69128,92,102,-10,10
69129,37,62,-25,25
69130,117,127,-10,10
69131,96,102,-6,6
69132,120,145,-25,25
69133,58,77,-19,19
69134,147,136,11,11
69135,60,77,-17,17
69136,85,95,-10,10
69137,71,81,-10,10
69138,74,85,-11,11
69139,98,107,-9,9
69140,59,71,-12,12
69141,77,91,-14,14
69142,77,92,-15,15
69143,76,92,-16,16
69144,52,69,-17,17
69145,116,124,-8,8
69146,78,98,-20,20
69147,74,87,-13,13
69148,124,131,-7,7
69149,58,73,-15,15
69150,86,96,-10,10
69151,132,133,-1,1
69152,108,106,2,2
69153,38,56,-18,18
69154,138,147,-9,9
69155,74,85,-11,11
69156,73,87,-14,14
69157,95,97,-2,2
69158,129,156,-27,27
69159,102,109,-7,7
69160,112,119,-7,7
69161,141,147,-6,6
69162,76,87,-11,11
69163,142,147,-5,5
69164,72,86,-14,14
69165,163,157,6,6
69166,122,132,-10,10
69167,44,59,-15,15
69168,104,110,-6,6
69169,72,99,-27,27
69170,60,75,-15,15
69171,69,81,-12,12
69172,113,117,-4,4
69173,89,106,-17,17
69174,42,56,-14,14
69175,146,148,-2,2
69176,147,140,7,7
69177,132,152,-20,20
69178,107,111,-4,4
69179,77,92,-15,15
69180,102,112,-10,10
69181,153,147,6,6
69182,56,107,-51,51
69183,105,120,-15,15
69184,129,135,-6,6
69185,99,105,-6,6
69186,55,72,-17,17
69187,102,121,-19,19
69188,102,108,-6,6
69189,111,121,-10,10
69190,123,134,-11,11
69191,62,82,-20,20
69192,152,162,-10,10
69193,89,100,-11,11
69194,94,100,-6,6
69195,35,70,-35,35
69196,94,106,-12,12
69197,110,123,-13,13
69198,175,172,3,3
69199,105,110,-5,5
69200,42,63,-21,21
69201,152,148,4,4
69202,149,144,5,5
69203,207,181,26,26
69204,152,156,-4,4
69205,88,109,-21,21
69206,94,104,-10,10
69207,76,84,-8,8
69208,84,94,-10,10
69209,87,99,-12,12
69210,59,68,-9,9
69211,112,120,-8,8
69212,110,115,-5,5
69213,136,126,10,10
69214,81,108,-27,27
69215,177,156,21,21
69216,120,132,-12,12
69217,86,104,-18,18
69218,57,76,-19,19
69219,100,98,2,2
69220,134,140,-6,6
69221,75,84,-9,9
69222,88,98,-10,10
69223,82,99,-17,17
69224,54,75,-21,21
69225,74,82,-8,8
69226,50,68,-18,18
69227,125,123,2,2
69228,85,98,-13,13
69229,148,148,0,0
69230,88,102,-14,14
69231,58,90,-32,32
69232,124,121,3,3
69233,129,137,-8,8
69234,100,109,-9,9
69235,76,91,-15,15
69236,86,91,-5,5
69237,57,84,-27,27
69238,84,97,-13,13
69239,103,105,-2,2
69240,87,99,-12,12
69241,114,125,-11,11
69242,58,77,-19,19
69243,100,105,-5,5
69244,92,100,-8,8
69245,78,92,-14,14
69246,73,95,-22,22
69247,73,88,-15,15
69248,106,118,-12,12
69249,135,144,-9,9
69250,95,120,-25,25
69251,75,91,-16,16
69252,116,132,-16,16
69253,58,70,-12,12
69254,135,134,1,1
69255,75,89,-14,14
69256,51,72,-21,21
69257,69,83,-14,14
69258,97,121,-24,24
69259,73,89,-16,16
69260,91,107,-16,16
69261,156,151,5,5
69262,67,86,-19,19
69263,77,87,-10,10
69264,133,146,-13,13
69265,129,149,-20,20
69266,110,119,-9,9
69267,121,144,-23,23
69268,150,150,0,0
69269,89,100,-11,11
69270,71,98,-27,27
69271,119,117,2,2
69272,70,94,-24,24
69273,121,135,-14,14
69274,116,131,-15,15
69275,123,137,-14,14
69276,95,101,-6,6
69277,70,78,-8,8
69278,111,106,5,5
69279,113,116,-3,3
69280,92,93,-1,1
69281,52,73,-21,21
69282,114,119,-5,5
69283,106,116,-10,10
69284,102,130,-28,28
69285,72,92,-20,20
69286,134,132,2,2
69287,101,111,-10,10
69288,134,131,3,3
69289,111,122,-11,11
69290,99,108,-9,9
69291,98,103,-5,5
69292,94,107,-13,13
69293,44,62,-18,18
69294,92,108,-16,16
69295,81,91,-10,10
69296,74,88,-14,14
69297,51,63,-12,12
69298,135,141,-6,6
69299,34,58,-24,24
69300,151,151,0,0
69301,64,77,-13,13
69302,105,116,-11,11
69303,117,113,4,4
69304,88,98,-10,10
69305,100,112,-12,12
69306,88,98,-10,10
69307,84,100,-16,16
69308,189,179,10,10
69309,45,65,-20,20
69310,64,81,-17,17
69311,94,108,-14,14
69312,199,179,20,20
69313,80,91,-11,11
69314,105,118,-13,13
69315,112,116,-4,4
69316,59,66,-7,7
69317,54,74,-20,20
69318,123,126,-3,3
69319,59,77,-18,18
69320,186,172,14,14
69321,110,118,-8,8
69322,117,117,0,0
69323,82,93,-11,11
69324,202,170,32,32
69325,129,127,2,2
69326,91,105,-14,14
69327,131,125,6,6
69328,117,121,-4,4
69329,82,88,-6,6
69330,78,102,-24,24
69331,129,134,-5,5
69332,46,56,-10,10
69333,122,135,-13,13
69334,124,124,0,0
69335,186,189,-3,3
69336,103,111,-8,8
69337,112,127,-15,15
69338,135,147,-12,12
69339,68,83,-15,15
69340,110,122,-12,12
69341,57,73,-16,16
69342,144,144,0,0
69343,115,113,2,2
69344,143,147,-4,4
69345,75,96,-21,21
69346,69,80,-11,11
69347,140,144,-4,4
69348,93,111,-18,18
69349,74,86,-12,12
69350,165,159,6,6
69351,77,94,-17,17
69352,57,73,-16,16
69353,87,112,-25,25
69354,123,135,-12,12
69355,78,100,-22,22
69356,120,134,-14,14
69357,100,115,-15,15
69358,112,122,-10,10
69359,87,101,-14,14
69360,98,100,-2,2
69361,106,118,-12,12
69362,91,112,-21,21
69363,107,117,-10,10
69364,67,76,-9,9
69365,125,132,-7,7
69366,61,74,-13,13
69367,96,109,-13,13
69368,73,84,-11,11
69369,70,83,-13,13
69370,89,95,-6,6
69371,114,121,-7,7
69372,74,91,-17,17
69373,133,127,6,6
69374,107,126,-19,19
69375,91,103,-12,12
69376,83,87,-4,4
69377,76,87,-11,11
69378,75,93,-18,18
69379,83,90,-7,7
69380,62,75,-13,13
69381,71,90,-19,19
69382,40,60,-20,20
69383,131,130,1,1
69384,138,147,-9,9
69385,43,63,-20,20
69386,76,94,-18,18
69387,128,153,-25,25
69388,62,76,-14,14
69389,128,133,-5,5
69390,79,95,-16,16
69391,140,140,0,0
69392,94,113,-19,19
69393,96,109,-13,13
69394,43,57,-14,14
69395,159,151,8,8
69396,62,73,-11,11
69397,131,134,-3,3
69398,65,82,-17,17
69399,63,84,-21,21
69400,116,134,-18,18
69401,65,94,-29,29
69402,70,86,-16,16
69403,56,75,-19,19
69404,95,106,-11,11
69405,120,121,-1,1
69406,93,109,-16,16
69407,92,101,-9,9
69408,101,106,-5,5
69409,106,118,-12,12
69410,151,147,4,4
69411,98,107,-9,9
69412,63,79,-16,16
69413,120,129,-9,9
69414,93,103,-10,10
69415,89,99,-10,10
69416,47,63,-16,16
69417,92,106,-14,14
69418,95,100,-5,5
69419,90,96,-6,6
69420,116,118,-2,2
69421,88,98,-10,10
69422,107,124,-17,17
69423,168,176,-8,8
69424,49,62,-13,13
69425,111,114,-3,3
69426,76,94,-18,18
69427,89,97,-8,8
69428,72,89,-17,17
69429,131,138,-7,7
69430,61,89,-28,28
69431,106,110,-4,4
69432,65,83,-18,18
69433,76,93,-17,17
69434,62,108,-46,46
69435,63,78,-15,15
69436,77,88,-11,11
69437,120,119,1,1
69438,109,124,-15,15
69439,93,100,-7,7
69440,66,81,-15,15
69441,72,79,-7,7
69442,94,100,-6,6
69443,143,139,4,4
69444,75,92,-17,17
69445,99,109,-10,10
69446,112,125,-13,13
69447,66,79,-13,13
69448,72,81,-9,9
69449,46,68,-22,22
69450,100,114,-14,14
69451,89,95,-6,6
69452,101,111,-10,10
69453,63,76,-13,13
69454,108,118,-10,10
69455,89,106,-17,17
69456,101,106,-5,5
69457,94,102,-8,8
69458,73,89,-16,16
69459,148,138,10,10
69460,142,148,-6,6
69461,92,102,-10,10
69462,151,147,4,4
69463,119,128,-9,9
69464,61,80,-19,19
69465,124,135,-11,11
69466,46,65,-19,19
69467,67,92,-25,25
69468,46,79,-33,33
69469,81,95,-14,14
69470,104,115,-11,11
69471,47,65,-18,18
69472,88,99,-11,11
69473,115,102,13,13
69474,92,124,-32,32
69475,100,97,3,3
69476,141,143,-2,2
69477,107,116,-9,9
69478,127,126,1,1
69479,117,135,-18,18
69480,72,85,-13,13
69481,81,97,-16,16
69482,100,140,-40,40
69483,84,112,-28,28
69484,70,79,-9,9
69485,152,144,8,8
69486,32,54,-22,22
69487,121,131,-10,10
69488,69,81,-12,12
69489,63,81,-18,18
69490,76,91,-15,15
69491,81,99,-18,18
69492,106,113,-7,7
69493,69,87,-18,18
69494,54,73,-19,19
69495,92,97,-5,5
69496,61,80,-19,19
69497,141,139,2,2
69498,78,90,-12,12
69499,124,148,-24,24
69500,94,105,-11,11
69501,66,82,-16,16
69502,156,158,-2,2
69503,80,114,-34,34
69504,84,97,-13,13
69505,161,157,4,4
69506,106,110,-4,4
69507,98,112,-14,14
69508,108,112,-4,4
69509,109,115,-6,6
69510,85,93,-8,8
69511,74,99,-25,25
69512,74,88,-14,14
69513,88,111,-23,23
69514,128,129,-1,1
69515,93,101,-8,8
69516,140,143,-3,3
69517,109,115,-6,6
69518,58,69,-11,11
69519,73,79,-6,6
69520,86,99,-13,13
69521,94,100,-6,6
69522,332,305,27,27
69523,112,114,-2,2
69524,48,64,-16,16
69525,73,90,-17,17
69526,116,122,-6,6
69527,105,106,-1,1
69528,65,81,-16,16
69529,108,113,-5,5
69530,83,103,-20,20
69531,81,99,-18,18
69532,155,158,-3,3
69533,110,105,5,5
69534,120,121,-1,1
69535,92,94,-2,2
69536,152,146,6,6
69537,131,147,-16,16
69538,48,78,-30,30
69539,68,82,-14,14
69540,74,86,-12,12
69541,86,109,-23,23
69542,148,155,-7,7
69543,188,174,14,14
69544,79,102,-23,23
69545,125,129,-4,4
69546,95,96,-1,1
69547,63,74,-11,11
69548,78,88,-10,10
69549,116,130,-14,14
69550,83,98,-15,15
69551,68,84,-16,16
69552,104,139,-35,35
69553,107,118,-11,11
69554,93,98,-5,5
69555,115,121,-6,6
69556,105,100,5,5
69557,76,104,-28,28
69558,129,126,3,3
69559,53,66,-13,13
69560,78,100,-22,22
69561,108,114,-6,6
69562,39,60,-21,21
69563,81,87,-6,6
69564,122,135,-13,13
69565,74,82,-8,8
69566,63,79,-16,16
69567,115,122,-7,7
69568,119,132,-13,13
69569,130,133,-3,3
69570,103,136,-33,33
69571,107,122,-15,15
69572,69,92,-23,23
69573,130,131,-1,1
69574,98,122,-24,24
69575,126,124,2,2
69576,119,119,0,0
69577,86,103,-17,17
69578,211,195,16,16
69579,82,97,-15,15
69580,64,77,-13,13
69581,96,94,2,2
69582,63,75,-12,12
69583,102,112,-10,10
69584,119,140,-21,21
69585,82,105,-23,23
69586,119,121,-2,2
69587,64,77,-13,13
69588,48,60,-12,12
69589,140,144,-4,4
69590,112,121,-9,9
69591,93,121,-28,28
69592,88,101,-13,13
69593,93,100,-7,7
69594,60,72,-12,12
69595,66,77,-11,11
69596,48,64,-16,16
69597,101,106,-5,5
69598,54,70,-16,16
69599,99,106,-7,7
69600,81,93,-12,12
69601,155,148,7,7
69602,80,87,-7,7
69603,69,83,-14,14
69604,65,89,-24,24
69605,81,99,-18,18
69606,100,114,-14,14
69607,89,110,-21,21
69608,86,99,-13,13
69609,107,121,-14,14
69610,61,80,-19,19
69611,59,68,-9,9
69612,51,73,-22,22
69613,147,150,-3,3
69614,127,127,0,0
69615,130,144,-14,14
69616,53,64,-11,11
69617,117,106,11,11
69618,132,139,-7,7
69619,119,125,-6,6
69620,107,105,2,2
69621,79,103,-24,24
69622,157,153,4,4
69623,125,119,6,6
69624,60,78,-18,18
69625,79,84,-5,5
69626,80,93,-13,13
69627,151,145,6,6
69628,109,115,-6,6
69629,64,78,-14,14
69630,111,110,1,1
69631,44,73,-29,29
69632,95,96,-1,1
69633,137,136,1,1
69634,121,116,5,5
69635,51,73,-22,22
69636,53,79,-26,26
69637,93,104,-11,11
69638,91,105,-14,14
69639,125,128,-3,3
69640,59,80,-21,21
69641,63,78,-15,15
69642,111,111,0,0
69643,117,128,-11,11
69644,74,83,-9,9
69645,117,133,-16,16
69646,65,78,-13,13
69647,100,101,-1,1
69648,227,212,15,15
69649,145,162,-17,17
69650,82,99,-17,17
69651,93,94,-1,1
69652,120,137,-17,17
69653,122,123,-1,1
69654,121,124,-3,3
69655,106,105,1,1
69656,95,114,-19,19
69657,71,82,-11,11
69658,64,93,-29,29
69659,103,111,-8,8
69660,66,94,-28,28
69661,60,81,-21,21
69662,85,99,-14,14
69663,110,124,-14,14
69664,109,120,-11,11
69665,80,103,-23,23
69666,80,85,-5,5
69667,147,151,-4,4
69668,107,126,-19,19
69669,61,74,-13,13
69670,163,158,5,5
69671,60,70,-10,10
69672,85,94,-9,9
69673,152,159,-7,7
69674,90,100,-10,10
69675,81,92,-11,11
69676,76,87,-11,11
69677,95,104,-9,9
69678,70,88,-18,18
69679,101,107,-6,6
69680,65,74,-9,9
69681,78,102,-24,24
69682,94,106,-12,12
69683,69,83,-14,14
69684,161,159,2,2
69685,97,114,-17,17
69686,66,85,-19,19
69687,171,154,17,17
69688,93,94,-1,1
69689,98,107,-9,9
69690,101,117,-16,16
69691,97,105,-8,8
69692,74,89,-15,15
69693,88,90,-2,2
69694,184,183,1,1
69695,74,94,-20,20
69696,65,91,-26,26
69697,193,172,21,21
69698,103,111,-8,8
69699,57,77,-20,20
69700,113,140,-27,27
69701,145,160,-15,15
69702,60,76,-16,16
69703,128,146,-18,18
69704,89,105,-16,16
69705,80,92,-12,12
69706,79,86,-7,7
69707,114,120,-6,6
69708,200,182,18,18
69709,133,138,-5,5
69710,114,120,-6,6
69711,125,128,-3,3
69712,82,95,-13,13
69713,90,95,-5,5
69714,95,104,-9,9
69715,140,149,-9,9
69716,96,112,-16,16
69717,186,174,12,12
69718,89,112,-23,23
69719,57,72,-15,15
69720,76,91,-15,15
69721,64,77,-13,13
69722,138,136,2,2
69723,97,106,-9,9
69724,95,109,-14,14
69725,157,157,0,0
69726,76,86,-10,10
69727,77,93,-16,16
69728,110,119,-9,9
69729,191,170,21,21
69730,70,77,-7,7
69731,100,124,-24,24
69732,98,114,-16,16
69733,64,86,-22,22
69734,106,116,-10,10
69735,95,108,-13,13
69736,70,93,-23,23
69737,132,127,5,5
69738,43,55,-12,12
69739,177,156,21,21
69740,59,73,-14,14
69741,42,62,-20,20
69742,40,55,-15,15
69743,82,71,11,11
69744,79,98,-19,19
69745,62,85,-23,23
69746,108,113,-5,5
69747,103,122,-19,19
69748,92,103,-11,11
69749,63,81,-18,18
69750,65,82,-17,17
69751,144,149,-5,5
69752,92,100,-8,8
69753,129,133,-4,4
69754,137,147,-10,10
69755,122,136,-14,14
69756,48,81,-33,33
69757,85,82,3,3
69758,90,106,-16,16
69759,82,87,-5,5
69760,112,115,-3,3
69761,85,100,-15,15
69762,91,96,-5,5
69763,78,93,-15,15
69764,69,81,-12,12
69765,121,119,2,2
69766,68,89,-21,21
69767,131,138,-7,7
69768,89,100,-11,11
69769,93,99,-6,6
69770,54,67,-13,13
69771,136,144,-8,8
69772,35,88,-53,53
69773,178,155,23,23
69774,105,111,-6,6
69775,145,151,-6,6
69776,75,97,-22,22
69777,117,115,2,2
69778,63,82,-19,19
69779,132,140,-8,8
69780,100,117,-17,17
69781,67,80,-13,13
69782,47,66,-19,19
69783,128,125,3,3
69784,119,131,-12,12
69785,119,130,-11,11
69786,93,96,-3,3
69787,121,132,-11,11
69788,79,86,-7,7
69789,166,154,12,12
69790,87,88,-1,1
69791,85,100,-15,15
69792,80,97,-17,17
69793,68,84,-16,16
69794,131,143,-12,12
69795,124,130,-6,6
69796,146,152,-6,6
69797,71,80,-9,9
69798,89,108,-19,19
69799,60,79,-19,19
69800,64,77,-13,13
69801,63,91,-28,28
69802,61,76,-15,15
69803,119,116,3,3
69804,83,100,-17,17
69805,96,109,-13,13
69806,116,145,-29,29
69807,122,127,-5,5
69808,102,107,-5,5
69809,85,98,-13,13
69810,129,140,-11,11
69811,109,108,1,1
69812,41,57,-16,16
69813,95,112,-17,17
69814,131,125,6,6
69815,98,93,5,5
69816,105,110,-5,5
69817,35,59,-24,24
69818,65,80,-15,15
69819,69,82,-13,13
69820,72,81,-9,9
69821,101,118,-17,17
69822,86,97,-11,11
69823,103,116,-13,13
69824,110,110,0,0
69825,77,87,-10,10
69826,98,96,2,2
69827,107,113,-6,6
69828,72,93,-21,21
69829,109,118,-9,9
69830,68,76,-8,8
69831,64,75,-11,11
69832,158,153,5,5
69833,112,131,-19,19
69834,71,95,-24,24
69835,119,123,-4,4
69836,63,76,-13,13
69837,66,80,-14,14
69838,90,100,-10,10
69839,114,131,-17,17
69840,81,99,-18,18
69841,136,133,3,3
69842,92,103,-11,11
69843,46,74,-28,28
69844,48,68,-20,20
69845,99,101,-2,2
69846,63,79,-16,16
69847,113,119,-6,6
69848,77,88,-11,11
69849,95,118,-23,23
69850,95,105,-10,10
69851,92,106,-14,14
69852,77,88,-11,11
69853,108,116,-8,8
69854,80,92,-12,12
69855,106,118,-12,12
69856,193,182,11,11
69857,138,136,2,2
69858,146,149,-3,3
69859,146,150,-4,4
69860,121,121,0,0
69861,134,130,4,4
69862,92,104,-12,12
69863,109,115,-6,6
69864,94,114,-20,20
69865,96,113,-17,17
69866,105,129,-24,24
69867,124,134,-10,10
69868,101,108,-7,7
69869,63,89,-26,26
69870,91,104,-13,13
69871,75,96,-21,21
69872,89,108,-19,19
69873,134,140,-6,6
69874,130,139,-9,9
69875,71,95,-24,24
69876,152,150,2,2
69877,79,80,-1,1
69878,82,86,-4,4
69879,80,104,-24,24
69880,51,70,-19,19
69881,134,138,-4,4
69882,120,117,3,3
69883,88,96,-8,8
69884,66,86,-20,20
69885,40,62,-22,22
69886,81,89,-8,8
69887,125,126,-1,1
69888,57,73,-16,16
69889,127,129,-2,2
69890,70,79,-9,9
69891,144,117,27,27
69892,100,124,-24,24
69893,190,168,22,22
69894,79,92,-13,13
69895,95,91,4,4
69896,86,89,-3,3
69897,75,79,-4,4
69898,108,113,-5,5
69899,74,87,-13,13
69900,110,127,-17,17
69901,121,125,-4,4
69902,75,90,-15,15
69903,193,165,28,28
69904,102,108,-6,6
69905,83,97,-14,14
69906,161,156,5,5
69907,43,72,-29,29
69908,157,174,-17,17
69909,152,156,-4,4
69910,166,156,10,10
69911,61,73,-12,12
69912,123,127,-4,4
69913,77,80,-3,3
69914,76,81,-5,5
69915,103,119,-16,16
69916,73,85,-12,12
69917,94,111,-17,17
69918,71,91,-20,20
69919,69,99,-30,30
69920,46,59,-13,13
69921,59,71,-12,12
69922,109,111,-2,2
69923,166,165,1,1
69924,65,81,-16,16
69925,97,104,-7,7
69926,170,156,14,14
69927,76,99,-23,23
69928,79,93,-14,14
69929,84,105,-21,21
69930,36,52,-16,16
69931,149,150,-1,1
69932,61,73,-12,12
69933,109,118,-9,9
69934,160,148,12,12
69935,96,100,-4,4
69936,139,147,-8,8
69937,59,72,-13,13
69938,52,63,-11,11
69939,148,139,9,9
69940,90,89,1,1
69941,68,74,-6,6
69942,60,78,-18,18
69943,110,119,-9,9
69944,80,107,-27,27
69945,37,54,-17,17
69946,75,97,-22,22
69947,62,86,-24,24
69948,66,79,-13,13
69949,99,118,-19,19
69950,105,112,-7,7
69951,165,152,13,13
69952,164,156,8,8
69953,93,104,-11,11
69954,58,89,-31,31
69955,93,101,-8,8
69956,37,58,-21,21
69957,68,86,-18,18
69958,122,132,-10,10
69959,36,54,-18,18
69960,109,119,-10,10
69961,111,112,-1,1
69962,39,59,-20,20
69963,139,143,-4,4
69964,109,124,-15,15
69965,169,160,9,9
69966,138,143,-5,5
69967,104,135,-31,31
69968,170,176,-6,6
69969,66,78,-12,12
69970,154,152,2,2
69971,46,70,-24,24
69972,136,131,5,5
69973,81,93,-12,12
69974,390,327,63,63
69975,88,96,-8,8
69976,66,91,-25,25
69977,69,82,-13,13
69978,48,71,-23,23
69979,136,134,2,2
69980,85,97,-12,12
69981,73,87,-14,14
69982,128,147,-19,19
69983,90,114,-24,24
69984,105,117,-12,12
69985,127,132,-5,5
69986,102,115,-13,13
69987,111,120,-9,9
69988,110,108,2,2
69989,92,100,-8,8
69990,66,116,-50,50
69991,103,112,-9,9
69992,111,115,-4,4
69993,120,130,-10,10
69994,96,110,-14,14
69995,141,143,-2,2
69996,89,115,-26,26
69997,66,83,-17,17
69998,95,99,-4,4
69999,83,102,-19,19
70000,62,72,-10,10
70001,136,147,-11,11
70002,99,102,-3,3
70003,78,87,-9,9
70004,79,98,-19,19
70005,86,97,-11,11
70006,70,84,-14,14
70007,128,139,-11,11
70008,100,101,-1,1
70009,116,117,-1,1
70010,165,176,-11,11
70011,125,129,-4,4
70012,63,92,-29,29
70013,93,115,-22,22
70014,135,132,3,3
70015,61,73,-12,12
70016,55,79,-24,24
70017,95,102,-7,7
70018,98,114,-16,16
70019,54,67,-13,13
70020,85,105,-20,20
70021,96,101,-5,5
70022,132,143,-11,11
70023,81,97,-16,16
70024,57,74,-17,17
70025,71,80,-9,9
70026,92,102,-10,10
70027,99,100,-1,1
70028,87,95,-8,8
70029,116,114,2,2
70030,46,67,-21,21
70031,29,49,-20,20
70032,163,169,-6,6
70033,110,116,-6,6
70034,68,80,-12,12
70035,62,77,-15,15
70036,60,68,-8,8
70037,91,110,-19,19
70038,35,55,-20,20
70039,61,82,-21,21
70040,101,108,-7,7
70041,135,138,-3,3
70042,169,168,1,1
70043,122,123,-1,1
70044,182,168,14,14
70045,86,105,-19,19
70046,121,121,0,0
70047,65,75,-10,10
70048,84,103,-19,19
70049,98,102,-4,4
70050,61,81,-20,20
70051,71,89,-18,18
70052,54,74,-20,20
70053,130,135,-5,5
70054,47,68,-21,21
70055,78,90,-12,12
70056,83,88,-5,5
70057,119,117,2,2
70058,86,91,-5,5
70059,92,105,-13,13
70060,76,90,-14,14
70061,80,101,-21,21
70062,103,105,-2,2
70063,113,120,-7,7
70064,79,96,-17,17
70065,68,82,-14,14
70066,115,122,-7,7
70067,62,80,-18,18
70068,107,128,-21,21
70069,115,116,-1,1
70070,138,147,-9,9
70071,115,131,-16,16
70072,117,119,-2,2
70073,92,150,-58,58
70074,122,123,-1,1
70075,54,70,-16,16
70076,76,90,-14,14
70077,96,101,-5,5
70078,57,78,-21,21
70079,108,118,-10,10
70080,104,116,-12,12
70081,107,114,-7,7
70082,66,73,-7,7
70083,57,76,-19,19
70084,72,84,-12,12
70085,63,117,-54,54
70086,119,131,-12,12
70087,123,121,2,2
70088,86,98,-12,12
70089,121,114,7,7
70090,72,76,-4,4
70091,70,86,-16,16
70092,84,88,-4,4
70093,72,89,-17,17
70094,61,73,-12,12
70095,128,123,5,5
70096,90,105,-15,15
70097,138,151,-13,13
70098,80,95,-15,15
70099,134,118,16,16
70100,135,146,-11,11
70101,108,119,-11,11
70102,114,117,-3,3
70103,87,99,-12,12
70104,29,62,-33,33
70105,84,99,-15,15
70106,139,148,-9,9
70107,126,123,3,3
70108,61,74,-13,13
70109,22,46,-24,24
70110,61,86,-25,25
70111,74,97,-23,23
70112,120,126,-6,6
70113,69,80,-11,11
70114,61,79,-18,18
70115,88,103,-15,15
70116,102,116,-14,14
70117,107,118,-11,11
70118,103,113,-10,10
70119,89,104,-15,15
70120,134,142,-8,8
70121,52,74,-22,22
70122,63,114,-51,51
70123,116,122,-6,6
70124,123,138,-15,15
70125,101,106,-5,5
70126,58,73,-15,15
70127,95,109,-14,14
70128,66,79,-13,13
70129,69,82,-13,13
70130,107,113,-6,6
70131,118,137,-19,19
70132,155,146,9,9
70133,75,86,-11,11
70134,103,105,-2,2
70135,81,85,-4,4
70136,94,104,-10,10
70137,64,78,-14,14
70138,135,139,-4,4
70139,116,143,-27,27
70140,213,183,30,30
70141,87,98,-11,11
70142,109,136,-27,27
70143,149,149,0,0
70144,81,106,-25,25
70145,78,90,-12,12
70146,62,74,-12,12
70147,73,91,-18,18
70148,68,79,-11,11
70149,103,93,10,10
70150,121,118,3,3
70151,165,151,14,14
70152,105,110,-5,5
70153,71,80,-9,9
70154,139,147,-8,8
70155,75,111,-36,36
70156,146,155,-9,9
70157,88,104,-16,16
70158,184,180,4,4
70159,122,122,0,0
70160,50,80,-30,30
70161,98,111,-13,13
70162,28,85,-57,57
70163,68,78,-10,10
70164,34,52,-18,18
70165,88,93,-5,5
70166,87,102,-15,15
70167,91,98,-7,7
70168,97,106,-9,9
70169,93,94,-1,1
70170,46,62,-16,16
70171,63,77,-14,14
70172,54,75,-21,21
70173,68,84,-16,16
70174,100,125,-25,25
70175,51,64,-13,13
70176,92,109,-17,17
70177,111,122,-11,11
70178,66,76,-10,10
70179,60,86,-26,26
70180,66,80,-14,14
70181,130,124,6,6
70182,125,123,2,2
70183,134,142,-8,8
70184,139,147,-8,8
70185,105,117,-12,12
70186,70,84,-14,14
70187,106,110,-4,4
70188,146,137,9,9
70189,144,149,-5,5
70190,108,134,-26,26
70191,77,91,-14,14
70192,99,104,-5,5
70193,79,92,-13,13
70194,65,81,-16,16
70195,65,92,-27,27
70196,89,113,-24,24
70197,128,123,5,5
70198,95,128,-33,33
70199,131,146,-15,15
70200,48,62,-14,14
70201,127,124,3,3
70202,102,118,-16,16
70203,127,131,-4,4
70204,53,70,-17,17
70205,148,140,8,8
70206,173,158,15,15
70207,110,119,-9,9
70208,61,77,-16,16
70209,65,82,-17,17
70210,83,94,-11,11
70211,125,134,-9,9
70212,94,103,-9,9
70213,82,89,-7,7
70214,95,100,-5,5
70215,48,74,-26,26
70216,112,122,-10,10
70217,74,89,-15,15
70218,114,118,-4,4
70219,64,83,-19,19
70220,109,115,-6,6
70221,163,150,13,13
70222,136,146,-10,10
70223,218,192,26,26
70224,114,114,0,0
70225,152,150,2,2
70226,115,128,-13,13
70227,70,88,-18,18
70228,76,85,-9,9
70229,101,110,-9,9
70230,122,119,3,3
70231,95,103,-8,8
70232,112,147,-35,35
70233,114,125,-11,11
70234,93,103,-10,10
70235,56,87,-31,31
70236,110,140,-30,30
70237,97,108,-11,11
70238,86,109,-23,23
70239,87,97,-10,10
70240,55,82,-27,27
70241,183,195,-12,12
70242,99,112,-13,13
70243,102,114,-12,12
70244,113,123,-10,10
70245,95,105,-10,10
70246,191,167,24,24
70247,82,97,-15,15
70248,55,67,-12,12
70249,60,76,-16,16
70250,81,94,-13,13
70251,87,97,-10,10
70252,142,148,-6,6
70253,97,99,-2,2
70254,116,113,3,3
70255,73,86,-13,13
70256,87,104,-17,17
70257,102,105,-3,3
70258,57,74,-17,17
70259,56,74,-18,18
70260,193,157,36,36
70261,99,112,-13,13
70262,61,81,-20,20
70263,90,98,-8,8
70264,129,146,-17,17
70265,86,95,-9,9
70266,68,90,-22,22
70267,106,111,-5,5
70268,101,120,-19,19
70269,139,141,-2,2
70270,97,115,-18,18
70271,79,98,-19,19
70272,54,76,-22,22
70273,47,70,-23,23
70274,119,123,-4,4
70275,93,105,-12,12
70276,70,82,-12,12
70277,109,119,-10,10
70278,55,83,-28,28
70279,127,143,-16,16
70280,76,86,-10,10
70281,35,56,-21,21
70282,66,79,-13,13
70283,72,84,-12,12
70284,91,113,-22,22
70285,128,141,-13,13
70286,123,134,-11,11
70287,129,137,-8,8
70288,106,113,-7,7
70289,84,102,-18,18
70290,99,99,0,0
70291,59,70,-11,11
70292,54,76,-22,22
70293,120,129,-9,9
70294,188,167,21,21
70295,83,94,-11,11
70296,146,138,8,8
70297,69,84,-15,15
70298,58,72,-14,14
70299,173,152,21,21
70300,131,131,0,0
70301,150,147,3,3
70302,115,119,-4,4
70303,107,109,-2,2
70304,131,143,-12,12
70305,101,114,-13,13
70306,105,107,-2,2
70307,104,112,-8,8
70308,138,135,3,3
70309,62,74,-12,12
70310,88,106,-18,18
70311,44,62,-18,18
70312,116,129,-13,13
70313,84,95,-11,11
70314,80,114,-34,34
70315,112,125,-13,13
70316,85,95,-10,10
70317,82,84,-2,2
70318,101,115,-14,14
70319,123,154,-31,31
70320,137,139,-2,2
70321,112,118,-6,6
70322,72,88,-16,16
70323,100,109,-9,9
70324,106,112,-6,6
70325,64,69,-5,5
70326,115,118,-3,3
70327,44,61,-17,17
70328,112,121,-9,9
70329,113,114,-1,1
70330,203,178,25,25
70331,113,111,2,2
70332,154,153,1,1
70333,88,106,-18,18
70334,88,113,-25,25
70335,56,74,-18,18
70336,116,122,-6,6
70337,104,113,-9,9
70338,96,104,-8,8
70339,99,110,-11,11
70340,98,115,-17,17
70341,128,144,-16,16
70342,79,96,-17,17
70343,97,119,-22,22
70344,68,91,-23,23
70345,93,95,-2,2
70346,99,111,-12,12
70347,68,84,-16,16
70348,83,92,-9,9
70349,85,104,-19,19
70350,89,107,-18,18
70351,95,103,-8,8
70352,133,146,-13,13
70353,86,98,-12,12
70354,94,103,-9,9
70355,63,85,-22,22
70356,134,142,-8,8
70357,79,99,-20,20
70358,55,70,-15,15
70359,82,96,-14,14
70360,60,82,-22,22
70361,63,89,-26,26
70362,179,160,19,19
70363,127,139,-12,12
70364,65,77,-12,12
70365,101,111,-10,10
70366,112,116,-4,4
70367,66,85,-19,19
70368,104,112,-8,8
70369,80,110,-30,30
70370,84,88,-4,4
70371,57,74,-17,17
70372,55,69,-14,14
70373,134,137,-3,3
70374,125,128,-3,3
70375,83,94,-11,11
70376,66,80,-14,14
70377,59,96,-37,37
70378,117,130,-13,13
70379,103,141,-38,38
70380,101,104,-3,3
70381,128,139,-11,11
70382,92,109,-17,17
70383,167,156,11,11
70384,79,93,-14,14
70385,121,126,-5,5
70386,85,89,-4,4
70387,80,78,2,2
70388,26,47,-21,21
70389,52,70,-18,18
70390,58,86,-28,28
70391,137,143,-6,6
70392,48,64,-16,16
70393,138,141,-3,3
70394,81,78,3,3
70395,132,139,-7,7
70396,111,119,-8,8
70397,115,128,-13,13
70398,129,137,-8,8
70399,125,133,-8,8
70400,138,159,-21,21
70401,51,72,-21,21
70402,131,147,-16,16
70403,164,167,-3,3
70404,107,107,0,0
70405,102,106,-4,4
70406,66,80,-14,14
70407,59,72,-13,13
70408,60,72,-12,12
70409,145,147,-2,2
70410,143,145,-2,2
70411,121,134,-13,13
70412,98,113,-15,15
70413,107,105,2,2
70414,69,80,-11,11
70415,154,154,0,0
70416,93,110,-17,17
70417,93,101,-8,8
70418,41,57,-16,16
70419,103,117,-14,14
70420,81,95,-14,14
70421,105,103,2,2
70422,60,71,-11,11
70423,90,108,-18,18
70424,76,87,-11,11
70425,98,110,-12,12
70426,70,82,-12,12
70427,49,73,-24,24
70428,113,119,-6,6
70429,45,72,-27,27
70430,109,115,-6,6
70431,53,70,-17,17
70432,98,96,2,2
70433,70,81,-11,11
70434,91,95,-4,4
70435,126,126,0,0
70436,68,76,-8,8
70437,54,87,-33,33
70438,99,102,-3,3
70439,85,101,-16,16
70440,85,92,-7,7
70441,93,109,-16,16
70442,69,84,-15,15
70443,59,71,-12,12
70444,47,70,-23,23
70445,83,96,-13,13
70446,103,117,-14,14
70447,93,94,-1,1
70448,125,143,-18,18
70449,97,108,-11,11
70450,103,119,-16,16
70451,79,91,-12,12
70452,103,126,-23,23
70453,132,133,-1,1
70454,165,165,0,0
70455,132,138,-6,6
70456,88,100,-12,12
70457,92,100,-8,8
70458,75,87,-12,12
70459,108,112,-4,4
70460,98,105,-7,7
70461,133,150,-17,17
70462,75,83,-8,8
70463,187,183,4,4
70464,123,128,-5,5
70465,63,99,-36,36
70466,92,115,-23,23
70467,117,123,-6,6
70468,98,100,-2,2
70469,247,210,37,37
70470,98,110,-12,12
70471,102,101,1,1
70472,66,87,-21,21
70473,62,76,-14,14
70474,84,97,-13,13
70475,52,67,-15,15
70476,107,112,-5,5
70477,155,147,8,8
70478,118,128,-10,10
70479,150,151,-1,1
70480,112,115,-3,3
70481,106,113,-7,7
70482,61,74,-13,13
70483,101,115,-14,14
70484,80,84,-4,4
70485,65,92,-27,27
70486,86,96,-10,10
70487,74,83,-9,9
70488,163,150,13,13
70489,100,119,-19,19
70490,44,61,-17,17
70491,86,88,-2,2
70492,119,127,-8,8
70493,80,89,-9,9
70494,57,78,-21,21
70495,136,134,2,2
70496,113,126,-13,13
70497,75,87,-12,12
70498,41,72,-31,31
70499,125,146,-21,21
70500,77,87,-10,10
70501,97,105,-8,8
70502,159,159,0,0
70503,43,63,-20,20
70504,47,62,-15,15
70505,53,69,-16,16
70506,141,139,2,2
70507,79,94,-15,15
70508,74,86,-12,12
70509,117,125,-8,8
70510,39,64,-25,25
70511,74,94,-20,20
70512,131,140,-9,9
70513,95,107,-12,12
70514,152,147,5,5
70515,80,95,-15,15
70516,125,118,7,7
70517,114,127,-13,13
70518,113,112,1,1
70519,58,81,-23,23
70520,98,102,-4,4
70521,135,134,1,1
70522,88,110,-22,22
70523,147,148,-1,1
70524,83,92,-9,9
70525,145,147,-2,2
70526,144,148,-4,4
70527,142,144,-2,2
70528,65,83,-18,18
70529,59,77,-18,18
70530,116,124,-8,8
70531,51,67,-16,16
70532,48,65,-17,17
70533,113,132,-19,19
70534,87,87,0,0
70535,72,91,-19,19
70536,100,109,-9,9
70537,66,81,-15,15
70538,106,121,-15,15
70539,128,129,-1,1
70540,71,78,-7,7
70541,69,89,-20,20
70542,117,141,-24,24
70543,125,136,-11,11
70544,105,112,-7,7
70545,43,64,-21,21
70546,154,159,-5,5
70547,77,92,-15,15
70548,104,115,-11,11
70549,112,117,-5,5
70550,84,94,-10,10
70551,69,82,-13,13
70552,135,131,4,4
70553,130,126,4,4
70554,117,136,-19,19
70555,47,71,-24,24
70556,114,125,-11,11
70557,100,118,-18,18
70558,129,143,-14,14
70559,59,74,-15,15
70560,159,153,6,6
70561,61,68,-7,7
70562,51,74,-23,23
70563,92,104,-12,12
70564,73,87,-14,14
70565,98,95,3,3
70566,117,123,-6,6
70567,100,121,-21,21
70568,54,86,-32,32
70569,76,88,-12,12
70570,132,141,-9,9
70571,178,149,29,29
70572,91,105,-14,14
70573,127,124,3,3
70574,75,85,-10,10
70575,70,84,-14,14
70576,124,129,-5,5
70577,125,138,-13,13
70578,80,93,-13,13
70579,59,77,-18,18
70580,82,101,-19,19
70581,130,137,-7,7
70582,82,101,-19,19
70583,93,96,-3,3
70584,82,97,-15,15
70585,160,150,10,10
70586,83,94,-11,11
70587,128,126,2,2
70588,123,123,0,0
70589,98,103,-5,5
70590,104,109,-5,5
70591,109,113,-4,4
70592,48,62,-14,14
70593,62,75,-13,13
70594,63,72,-9,9
70595,63,80,-17,17
70596,115,117,-2,2
70597,94,102,-8,8
70598,94,110,-16,16
70599,91,99,-8,8
70600,141,148,-7,7
70601,162,159,3,3
70602,91,106,-15,15
70603,88,104,-16,16
70604,117,136,-19,19
70605,52,70,-18,18
70606,57,79,-22,22
70607,106,102,4,4
70608,77,96,-19,19
70609,58,74,-16,16
70610,85,92,-7,7
70611,110,117,-7,7
70612,74,94,-20,20
70613,97,102,-5,5
70614,58,77,-19,19
70615,92,108,-16,16
70616,97,111,-14,14
70617,73,87,-14,14
70618,89,104,-15,15
70619,108,114,-6,6
70620,129,132,-3,3
70621,83,93,-10,10
70622,97,102,-5,5
70623,88,99,-11,11
70624,88,94,-6,6
70625,74,91,-17,17
70626,103,117,-14,14
70627,93,97,-4,4
70628,39,59,-20,20
70629,168,155,13,13
70630,102,101,1,1
70631,77,93,-16,16
70632,209,210,-1,1
70633,88,96,-8,8
70634,88,98,-10,10
70635,95,111,-16,16
70636,113,117,-4,4
70637,109,124,-15,15
70638,93,106,-13,13
70639,167,155,12,12
70640,55,88,-33,33
70641,115,126,-11,11
70642,101,115,-14,14
70643,52,76,-24,24
70644,155,156,-1,1
70645,47,71,-24,24
70646,123,138,-15,15
70647,71,82,-11,11
70648,109,126,-17,17
70649,63,83,-20,20
70650,132,149,-17,17
70651,74,90,-16,16
70652,89,108,-19,19
70653,131,136,-5,5
70654,71,87,-16,16
70655,100,104,-4,4
70656,76,97,-21,21
70657,67,83,-16,16
70658,121,117,4,4
70659,45,75,-30,30
70660,79,81,-2,2
70661,145,148,-3,3
70662,242,207,35,35
70663,64,87,-23,23
70664,146,142,4,4
70665,80,90,-10,10
70666,135,144,-9,9
70667,94,101,-7,7
70668,88,95,-7,7
70669,119,136,-17,17
70670,129,132,-3,3
70671,86,97,-11,11
70672,60,73,-13,13
70673,148,155,-7,7
70674,43,70,-27,27
70675,41,65,-24,24
70676,272,247,25,25
70677,116,109,7,7
70678,86,94,-8,8
70679,69,88,-19,19
70680,51,67,-16,16
70681,80,91,-11,11
70682,83,92,-9,9
70683,108,108,0,0
70684,66,78,-12,12
70685,178,181,-3,3
70686,138,146,-8,8
70687,124,118,6,6
70688,58,73,-15,15
70689,93,100,-7,7
70690,135,133,2,2
70691,98,96,2,2
70692,91,96,-5,5
70693,83,87,-4,4
70694,192,180,12,12
70695,119,116,3,3
70696,44,63,-19,19
70697,83,101,-18,18
70698,75,91,-16,16
70699,216,205,11,11
70700,178,169,9,9
70701,81,91,-10,10
70702,56,82,-26,26
70703,85,96,-11,11
70704,87,93,-6,6
70705,77,94,-17,17
70706,73,89,-16,16
70707,122,128,-6,6
70708,169,152,17,17
70709,155,147,8,8
70710,111,120,-9,9
70711,37,58,-21,21
70712,116,130,-14,14
70713,107,117,-10,10
70714,63,80,-17,17
70715,97,102,-5,5
70716,108,107,1,1
70717,94,103,-9,9
70718,56,72,-16,16
70719,49,64,-15,15
70720,87,106,-19,19
70721,110,116,-6,6
70722,89,100,-11,11
70723,87,93,-6,6
70724,127,136,-9,9
70725,82,93,-11,11
70726,58,71,-13,13
70727,69,87,-18,18
70728,66,75,-9,9
70729,62,93,-31,31
70730,80,98,-18,18
70731,62,77,-15,15
70732,46,61,-15,15
70733,48,85,-37,37
70734,77,88,-11,11
70735,99,127,-28,28
70736,98,112,-14,14
70737,87,100,-13,13
70738,63,81,-18,18
70739,114,128,-14,14
70740,121,141,-20,20
70741,70,85,-15,15
70742,118,119,-1,1
70743,116,125,-9,9
70744,89,106,-17,17
70745,100,111,-11,11
70746,249,235,14,14
70747,202,173,29,29
70748,152,150,2,2
70749,140,143,-3,3
70750,162,152,10,10
70751,90,99,-9,9
70752,132,127,5,5
70753,79,81,-2,2
70754,73,85,-12,12
70755,115,115,0,0
70756,188,170,18,18
70757,72,85,-13,13
70758,112,119,-7,7
70759,131,135,-4,4
70760,128,135,-7,7
70761,125,132,-7,7
70762,133,135,-2,2
70763,159,149,10,10
70764,96,111,-15,15
70765,85,98,-13,13
70766,103,111,-8,8
70767,74,84,-10,10
70768,139,146,-7,7
70769,114,122,-8,8
70770,35,55,-20,20
70771,56,74,-18,18
70772,85,103,-18,18
70773,111,109,2,2
70774,107,120,-13,13
70775,138,147,-9,9
70776,79,88,-9,9
70777,89,102,-13,13
70778,97,102,-5,5
70779,88,92,-4,4
70780,77,96,-19,19
70781,83,90,-7,7
70782,138,143,-5,5
70783,109,122,-13,13
70784,58,80,-22,22
70785,65,85,-20,20
70786,97,110,-13,13
70787,95,115,-20,20
70788,93,101,-8,8
70789,80,99,-19,19
70790,88,92,-4,4
70791,104,119,-15,15
70792,72,88,-16,16
70793,75,82,-7,7
70794,88,100,-12,12
70795,104,120,-16,16
70796,70,83,-13,13
70797,83,97,-14,14
70798,108,110,-2,2
70799,84,90,-6,6
70800,91,109,-18,18
70801,115,120,-5,5
70802,80,100,-20,20
70803,122,133,-11,11
70804,116,124,-8,8
70805,119,127,-8,8
70806,105,116,-11,11
70807,80,98,-18,18
70808,63,97,-34,34
70809,108,127,-19,19
70810,73,83,-10,10
70811,116,130,-14,14
70812,101,101,0,0
70813,78,92,-14,14
70814,137,146,-9,9
70815,94,109,-15,15
70816,63,72,-9,9
70817,122,141,-19,19
70818,145,143,2,2
70819,110,115,-5,5
70820,86,102,-16,16
70821,160,155,5,5
70822,149,147,2,2
70823,93,102,-9,9
70824,77,83,-6,6
70825,43,66,-23,23
70826,85,101,-16,16
70827,85,90,-5,5
70828,71,84,-13,13
70829,68,85,-17,17
70830,85,98,-13,13
70831,74,98,-24,24
70832,152,162,-10,10
70833,161,149,12,12
70834,130,142,-12,12
70835,83,93,-10,10
70836,102,111,-9,9
70837,96,115,-19,19
70838,111,127,-16,16
70839,41,58,-17,17
70840,54,76,-22,22
70841,119,122,-3,3
70842,89,95,-6,6
70843,105,106,-1,1
70844,163,155,8,8
70845,102,112,-10,10
70846,90,96,-6,6
70847,52,79,-27,27
70848,61,76,-15,15
70849,84,109,-25,25
70850,87,104,-17,17
70851,56,84,-28,28
70852,86,108,-22,22
70853,153,148,5,5
70854,130,137,-7,7
70855,171,155,16,16
70856,81,99,-18,18
70857,76,86,-10,10
70858,82,99,-17,17
70859,114,129,-15,15
70860,103,118,-15,15
70861,98,109,-11,11
70862,130,141,-11,11
70863,145,137,8,8
70864,66,95,-29,29
70865,136,124,12,12
70866,96,125,-29,29
70867,35,56,-21,21
70868,77,90,-13,13
70869,108,118,-10,10
70870,91,115,-24,24
70871,68,84,-16,16
70872,114,124,-10,10
70873,38,59,-21,21
70874,123,116,7,7
70875,81,94,-13,13
70876,96,102,-6,6
70877,89,101,-12,12
70878,129,149,-20,20
70879,93,101,-8,8
70880,57,73,-16,16
70881,81,87,-6,6
70882,137,136,1,1
70883,83,89,-6,6
70884,97,107,-10,10
70885,100,109,-9,9
70886,83,94,-11,11
70887,94,100,-6,6
70888,87,107,-20,20
70889,154,150,4,4
70890,126,119,7,7
70891,74,87,-13,13
70892,87,106,-19,19
70893,62,84,-22,22
70894,61,75,-14,14
70895,94,100,-6,6
70896,91,96,-5,5
70897,67,80,-13,13
70898,87,95,-8,8
70899,58,80,-22,22
70900,126,130,-4,4
70901,102,109,-7,7
70902,97,108,-11,11
70903,60,77,-17,17
70904,84,97,-13,13
70905,168,152,16,16
70906,89,102,-13,13
70907,60,77,-17,17
70908,99,116,-17,17
70909,119,122,-3,3
70910,90,102,-12,12
70911,150,150,0,0
70912,95,105,-10,10
70913,79,88,-9,9
70914,45,61,-16,16
70915,101,108,-7,7
70916,123,133,-10,10
70917,145,148,-3,3
70918,56,72,-16,16
70919,83,97,-14,14
70920,48,63,-15,15
70921,65,80,-15,15
70922,102,117,-15,15
70923,75,86,-11,11
70924,194,203,-9,9
70925,55,72,-17,17
70926,61,76,-15,15
70927,97,105,-8,8
70928,123,137,-14,14
70929,47,68,-21,21
70930,99,124,-25,25
70931,88,99,-11,11
70932,65,77,-12,12
70933,71,85,-14,14
70934,140,142,-2,2
70935,113,115,-2,2
70936,70,85,-15,15
70937,123,133,-10,10
70938,113,115,-2,2
70939,170,154,16,16
70940,101,115,-14,14
70941,113,116,-3,3
70942,102,108,-6,6
70943,74,92,-18,18
70944,73,97,-24,24
70945,90,105,-15,15
70946,62,72,-10,10
70947,104,130,-26,26
70948,119,127,-8,8
70949,71,80,-9,9
70950,129,145,-16,16
70951,48,65,-17,17
70952,149,153,-4,4
70953,63,80,-17,17
70954,115,123,-8,8
70955,110,125,-15,15
70956,93,131,-38,38
70957,100,111,-11,11
70958,90,102,-12,12
70959,46,70,-24,24
70960,126,131,-5,5
70961,99,107,-8,8
70962,65,77,-12,12
70963,77,93,-16,16
70964,70,78,-8,8
70965,82,105,-23,23
70966,91,103,-12,12
70967,142,139,3,3
70968,73,83,-10,10
70969,146,148,-2,2
70970,106,119,-13,13
70971,185,177,8,8
70972,72,85,-13,13
70973,119,118,1,1
70974,56,74,-18,18
70975,110,117,-7,7
70976,94,103,-9,9
70977,79,99,-20,20
70978,50,64,-14,14
70979,86,94,-8,8
70980,73,85,-12,12
70981,81,92,-11,11
70982,68,85,-17,17
70983,69,86,-17,17
70984,135,132,3,3
70985,162,149,13,13
70986,107,110,-3,3
70987,74,91,-17,17
70988,61,80,-19,19
70989,101,107,-6,6
70990,70,80,-10,10
70991,101,133,-32,32
70992,61,83,-22,22
70993,103,112,-9,9
70994,47,121,-74,74
70995,87,95,-8,8
70996,73,89,-16,16
70997,100,101,-1,1
70998,97,101,-4,4
70999,75,91,-16,16
71000,77,88,-11,11
71001,59,72,-13,13
71002,136,147,-11,11
71003,44,62,-18,18
71004,149,147,2,2
71005,85,103,-18,18
71006,132,139,-7,7
71007,54,71,-17,17
71008,98,107,-9,9
71009,102,115,-13,13
71010,122,129,-7,7
71011,70,81,-11,11
71012,121,136,-15,15
71013,86,98,-12,12
71014,99,107,-8,8
71015,71,81,-10,10
71016,113,114,-1,1
71017,100,115,-15,15
71018,61,75,-14,14
71019,69,88,-19,19
71020,103,123,-20,20
71021,122,147,-25,25
71022,90,95,-5,5
71023,113,112,1,1
71024,99,116,-17,17
71025,100,100,0,0
71026,77,95,-18,18
71027,84,93,-9,9
71028,101,109,-8,8
71029,86,93,-7,7
71030,43,62,-19,19
71031,73,90,-17,17
71032,128,131,-3,3
71033,81,86,-5,5
71034,67,73,-6,6
71035,137,137,0,0
71036,77,88,-11,11
71037,52,72,-20,20
71038,103,119,-16,16
71039,107,119,-12,12
71040,101,106,-5,5
71041,80,93,-13,13
71042,114,125,-11,11
71043,112,127,-15,15
71044,118,116,2,2
71045,110,119,-9,9
71046,88,98,-10,10
71047,63,107,-44,44
71048,125,130,-5,5
71049,126,125,1,1
71050,68,99,-31,31
71051,59,81,-22,22
71052,69,85,-16,16
71053,90,98,-8,8
71054,108,124,-16,16
71055,80,99,-19,19
71056,63,77,-14,14
71057,52,68,-16,16
71058,72,92,-20,20
71059,76,93,-17,17
71060,92,98,-6,6
71061,133,155,-22,22
71062,65,86,-21,21
71063,69,81,-12,12
71064,121,121,0,0
71065,92,99,-7,7
71066,67,80,-13,13
71067,134,136,-2,2
71068,81,91,-10,10
71069,68,92,-24,24
71070,67,79,-12,12
71071,52,67,-15,15
71072,107,119,-12,12
71073,120,123,-3,3
71074,133,139,-6,6
71075,150,147,3,3
71076,124,145,-21,21
71077,86,100,-14,14
71078,29,48,-19,19
71079,170,153,17,17
71080,88,103,-15,15
71081,158,151,7,7
71082,58,73,-15,15
71083,129,133,-4,4
71084,94,109,-15,15
71085,116,122,-6,6
71086,159,154,5,5
71087,86,95,-9,9
71088,174,173,1,1
71089,104,107,-3,3
71090,90,98,-8,8
71091,101,106,-5,5
71092,107,120,-13,13
71093,133,127,6,6
71094,70,80,-10,10
71095,100,108,-8,8
71096,174,170,4,4
71097,41,61,-20,20
71098,85,98,-13,13
71099,76,88,-12,12
71100,73,89,-16,16
71101,131,134,-3,3
71102,83,93,-10,10
71103,88,104,-16,16
71104,128,134,-6,6
71105,86,98,-12,12
71106,163,157,6,6
71107,104,117,-13,13
71108,50,68,-18,18
71109,114,109,5,5
71110,108,121,-13,13
71111,72,90,-18,18
71112,63,79,-16,16
71113,51,66,-15,15
71114,94,101,-7,7
71115,76,84,-8,8
71116,39,56,-17,17
71117,100,106,-6,6
71118,64,84,-20,20
71119,87,97,-10,10
71120,112,116,-4,4
71121,105,117,-12,12
71122,84,100,-16,16
71123,135,143,-8,8
71124,66,79,-13,13
71125,164,157,7,7
71126,53,75,-22,22
71127,131,131,0,0
71128,97,106,-9,9
71129,44,69,-25,25
71130,85,96,-11,11
71131,58,68,-10,10
71132,105,120,-15,15
71133,51,68,-17,17
71134,67,83,-16,16
71135,82,105,-23,23
71136,100,104,-4,4
71137,154,148,6,6
71138,89,105,-16,16
71139,88,93,-5,5
71140,104,106,-2,2
71141,82,82,0,0
71142,97,103,-6,6
71143,87,112,-25,25
71144,71,76,-5,5
71145,87,101,-14,14
71146,71,88,-17,17
71147,168,157,11,11
71148,124,126,-2,2
71149,75,82,-7,7
71150,137,125,12,12
71151,131,132,-1,1
71152,161,162,-1,1
71153,80,94,-14,14
71154,109,117,-8,8
71155,65,79,-14,14
71156,152,154,-2,2
71157,120,122,-2,2
71158,116,129,-13,13
71159,82,109,-27,27
71160,214,193,21,21
71161,75,86,-11,11
71162,95,96,-1,1
71163,120,123,-3,3
71164,126,136,-10,10
71165,112,120,-8,8
71166,115,133,-18,18
71167,94,102,-8,8
71168,84,99,-15,15
71169,99,112,-13,13
71170,69,77,-8,8
71171,62,73,-11,11
71172,106,119,-13,13
71173,110,112,-2,2
71174,78,94,-16,16
71175,161,181,-20,20
71176,140,116,24,24
71177,83,111,-28,28
71178,110,115,-5,5
71179,50,69,-19,19
71180,160,149,11,11
71181,93,97,-4,4
71182,161,157,4,4
71183,37,58,-21,21
71184,58,65,-7,7
71185,109,130,-21,21
71186,99,116,-17,17
71187,124,149,-25,25
71188,65,79,-14,14
71189,113,120,-7,7
71190,114,132,-18,18
71191,127,124,3,3
71192,99,103,-4,4
71193,83,90,-7,7
71194,74,91,-17,17
71195,112,125,-13,13
71196,76,92,-16,16
71197,86,97,-11,11
71198,59,80,-21,21
71199,185,160,25,25
71200,113,107,6,6
71201,90,106,-16,16
71202,60,84,-24,24
71203,136,127,9,9
71204,94,113,-19,19
71205,100,107,-7,7
71206,93,102,-9,9
71207,80,94,-14,14
71208,138,131,7,7
71209,123,126,-3,3
71210,84,102,-18,18
71211,96,109,-13,13
71212,123,130,-7,7
71213,46,101,-55,55
71214,54,69,-15,15
71215,135,141,-6,6
71216,135,137,-2,2
71217,79,94,-15,15
71218,127,131,-4,4
71219,75,93,-18,18
71220,43,80,-37,37
71221,107,105,2,2
71222,86,88,-2,2
71223,114,126,-12,12
71224,56,65,-9,9
71225,80,91,-11,11
71226,86,98,-12,12
71227,62,74,-12,12
71228,78,81,-3,3
71229,158,157,1,1
71230,96,126,-30,30
71231,88,101,-13,13
71232,62,74,-12,12
71233,116,116,0,0
71234,103,124,-21,21
71235,108,128,-20,20
71236,96,104,-8,8
71237,65,78,-13,13
71238,64,82,-18,18
71239,136,137,-1,1
71240,92,107,-15,15
71241,66,83,-17,17
71242,106,117,-11,11
71243,168,154,14,14
71244,91,99,-8,8
71245,90,110,-20,20
71246,83,94,-11,11
71247,198,187,11,11
71248,98,109,-11,11
71249,116,113,3,3
71250,77,95,-18,18
71251,95,103,-8,8
71252,113,119,-6,6
71253,102,109,-7,7
71254,54,69,-15,15
71255,138,147,-9,9
71256,76,88,-12,12
71257,58,71,-13,13
71258,74,87,-13,13
71259,93,109,-16,16
71260,56,91,-35,35
71261,139,148,-9,9
71262,169,165,4,4
71263,131,137,-6,6
71264,64,63,1,1
71265,89,104,-15,15
71266,111,120,-9,9
71267,149,148,1,1
71268,86,92,-6,6
71269,67,113,-46,46
71270,54,69,-15,15
71271,47,70,-23,23
71272,43,67,-24,24
71273,90,101,-11,11
71274,139,133,6,6
71275,62,78,-16,16
71276,67,86,-19,19
71277,75,93,-18,18
71278,87,96,-9,9
71279,82,93,-11,11
71280,41,61,-20,20
71281,86,101,-15,15
71282,151,144,7,7
71283,87,95,-8,8
71284,107,117,-10,10
71285,67,83,-16,16
71286,90,112,-22,22
71287,133,133,0,0
71288,42,58,-16,16
71289,124,123,1,1
71290,66,82,-16,16
71291,74,89,-15,15
71292,54,65,-11,11
71293,123,127,-4,4
71294,137,144,-7,7
71295,67,76,-9,9
71296,113,126,-13,13
71297,103,103,0,0
71298,161,149,12,12
71299,114,115,-1,1
71300,112,127,-15,15
71301,103,119,-16,16
71302,112,125,-13,13
71303,123,140,-17,17
71304,65,79,-14,14
71305,97,104,-7,7
71306,68,76,-8,8
71307,69,85,-16,16
71308,69,80,-11,11
71309,143,145,-2,2
71310,107,117,-10,10
71311,59,91,-32,32
71312,125,127,-2,2
71313,57,80,-23,23
71314,108,121,-13,13
71315,86,97,-11,11
71316,98,105,-7,7
71317,82,92,-10,10
71318,87,130,-43,43
71319,65,81,-16,16
71320,96,101,-5,5
71321,60,72,-12,12
71322,77,91,-14,14
71323,81,93,-12,12
71324,147,148,-1,1
71325,75,81,-6,6
71326,75,86,-11,11
71327,85,106,-21,21
71328,94,104,-10,10
71329,158,155,3,3
71330,103,92,11,11
71331,125,123,2,2
71332,119,148,-29,29
71333,109,116,-7,7
71334,64,77,-13,13
71335,74,91,-17,17
71336,33,53,-20,20
71337,104,116,-12,12
71338,73,98,-25,25
71339,148,136,12,12
71340,57,78,-21,21
71341,62,75,-13,13
71342,143,147,-4,4
71343,96,122,-26,26
71344,61,78,-17,17
71345,126,133,-7,7
71346,66,96,-30,30
71347,97,113,-16,16
71348,58,78,-20,20
71349,85,98,-13,13
71350,207,179,28,28
71351,114,116,-2,2
71352,105,115,-10,10
71353,92,103,-11,11
71354,80,90,-10,10
71355,97,115,-18,18
71356,93,104,-11,11
71357,55,69,-14,14
71358,89,97,-8,8
71359,116,126,-10,10
71360,98,111,-13,13
71361,79,88,-9,9
71362,127,137,-10,10
71363,112,120,-8,8
71364,131,125,6,6
71365,92,109,-17,17
71366,81,91,-10,10
71367,236,211,25,25
71368,110,132,-22,22
71369,66,84,-18,18
71370,100,115,-15,15
71371,98,110,-12,12
71372,118,122,-4,4
71373,91,112,-21,21
71374,162,147,15,15
71375,77,86,-9,9
71376,67,84,-17,17
71377,131,141,-10,10
71378,103,117,-14,14
71379,57,75,-18,18
71380,93,95,-2,2
71381,72,94,-22,22
71382,67,67,0,0
71383,49,74,-25,25
71384,72,85,-13,13
71385,56,71,-15,15
71386,154,164,-10,10
71387,72,90,-18,18
71388,44,70,-26,26
71389,97,109,-12,12
71390,173,148,25,25
71391,151,148,3,3
71392,92,103,-11,11
71393,41,76,-35,35
71394,101,116,-15,15
71395,151,146,5,5
71396,112,111,1,1
71397,82,97,-15,15
71398,147,145,2,2
71399,104,103,1,1
71400,156,148,8,8
71401,69,80,-11,11
71402,88,102,-14,14
71403,49,68,-19,19
71404,72,88,-16,16
71405,87,96,-9,9
71406,83,97,-14,14
71407,78,82,-4,4
71408,109,121,-12,12
71409,118,134,-16,16
71410,146,176,-30,30
71411,95,102,-7,7
71412,139,140,-1,1
71413,112,130,-18,18
71414,74,93,-19,19
71415,101,119,-18,18
71416,69,80,-11,11
71417,60,74,-14,14
71418,52,70,-18,18
71419,70,83,-13,13
71420,52,67,-15,15
71421,93,108,-15,15
71422,75,89,-14,14
71423,50,78,-28,28
71424,64,83,-19,19
71425,167,149,18,18
71426,59,77,-18,18
71427,117,129,-12,12
71428,97,107,-10,10
71429,93,109,-16,16
71430,70,88,-18,18
71431,91,93,-2,2
71432,52,70,-18,18
71433,97,114,-17,17
71434,66,72,-6,6
71435,91,100,-9,9
71436,72,126,-54,54
71437,113,117,-4,4
71438,91,101,-10,10
71439,50,78,-28,28
71440,85,120,-35,35
71441,167,155,12,12
71442,78,94,-16,16
71443,149,147,2,2
71444,102,104,-2,2
71445,116,122,-6,6
71446,69,90,-21,21
71447,63,79,-16,16
71448,108,124,-16,16
71449,81,94,-13,13
71450,82,94,-12,12
71451,113,121,-8,8
71452,83,99,-16,16
71453,97,101,-4,4
71454,78,106,-28,28
71455,102,113,-11,11
71456,109,131,-22,22
71457,64,91,-27,27
71458,98,105,-7,7
71459,156,147,9,9
71460,126,135,-9,9
71461,90,101,-11,11
71462,122,126,-4,4
71463,67,85,-18,18
71464,60,72,-12,12
71465,60,80,-20,20
71466,73,87,-14,14
71467,135,147,-12,12
71468,116,124,-8,8
71469,92,100,-8,8
71470,116,124,-8,8
71471,76,94,-18,18
71472,137,142,-5,5
71473,38,67,-29,29
71474,212,191,21,21
71475,115,123,-8,8
71476,170,157,13,13
71477,140,155,-15,15
71478,194,161,33,33
71479,119,127,-8,8
71480,46,65,-19,19
71481,67,82,-15,15
71482,114,121,-7,7
71483,107,134,-27,27
71484,83,114,-31,31
71485,103,105,-2,2
71486,75,95,-20,20
71487,117,152,-35,35
71488,59,72,-13,13
71489,68,106,-38,38
71490,117,124,-7,7
71491,142,141,1,1
71492,50,67,-17,17
71493,72,90,-18,18
71494,114,134,-20,20
71495,161,156,5,5
71496,104,110,-6,6
71497,241,218,23,23
71498,72,87,-15,15
71499,89,105,-16,16
71500,76,88,-12,12
71501,97,111,-14,14
71502,93,99,-6,6
71503,73,84,-11,11
71504,67,66,1,1
71505,89,102,-13,13
71506,91,105,-14,14
71507,112,120,-8,8
71508,156,154,2,2
71509,59,76,-17,17
71510,71,87,-16,16
71511,35,54,-19,19
71512,60,73,-13,13
71513,151,154,-3,3
71514,83,96,-13,13
71515,114,128,-14,14
71516,66,75,-9,9
71517,68,88,-20,20
71518,128,135,-7,7
71519,168,148,20,20
71520,84,96,-12,12
71521,87,100,-13,13
71522,94,102,-8,8
71523,44,68,-24,24
71524,93,108,-15,15
71525,135,133,2,2
71526,80,91,-11,11
71527,105,109,-4,4
71528,86,102,-16,16
71529,115,125,-10,10
71530,183,163,20,20
71531,120,126,-6,6
71532,25,55,-30,30
71533,53,69,-16,16
71534,131,124,7,7
71535,164,153,11,11
71536,74,87,-13,13
71537,125,136,-11,11
71538,91,113,-22,22
71539,106,106,0,0
71540,95,103,-8,8
71541,75,84,-9,9
71542,114,119,-5,5
71543,70,86,-16,16
71544,89,94,-5,5
71545,37,48,-11,11
71546,90,97,-7,7
71547,60,74,-14,14
71548,106,118,-12,12
71549,59,79,-20,20
71550,114,130,-16,16
71551,69,83,-14,14
71552,96,113,-17,17
71553,90,77,13,13
71554,132,147,-15,15
71555,117,130,-13,13
71556,78,93,-15,15
71557,63,84,-21,21
71558,96,116,-20,20
71559,132,119,13,13
71560,83,91,-8,8
71561,114,118,-4,4
71562,109,112,-3,3
71563,97,101,-4,4
71564,81,95,-14,14
71565,95,104,-9,9
71566,82,97,-15,15
71567,127,142,-15,15
71568,108,119,-11,11
71569,91,117,-26,26
71570,87,96,-9,9
71571,92,102,-10,10
71572,165,157,8,8
71573,85,99,-14,14
71574,50,74,-24,24
71575,62,74,-12,12
71576,97,107,-10,10
71577,87,102,-15,15
71578,66,73,-7,7
71579,76,86,-10,10
71580,75,91,-16,16
71581,172,161,11,11
71582,45,61,-16,16
71583,86,101,-15,15
71584,73,99,-26,26
71585,189,161,28,28
71586,65,80,-15,15
71587,76,90,-14,14
71588,95,106,-11,11
71589,95,98,-3,3
71590,87,102,-15,15
71591,108,120,-12,12
71592,91,92,-1,1
71593,69,96,-27,27
71594,141,150,-9,9
71595,75,87,-12,12
71596,82,99,-17,17
71597,55,69,-14,14
71598,55,80,-25,25
71599,121,129,-8,8
71600,55,68,-13,13
71601,131,130,1,1
71602,111,115,-4,4
71603,52,76,-24,24
71604,141,141,0,0
71605,82,93,-11,11
71606,49,67,-18,18
71607,67,91,-24,24
71608,65,77,-12,12
71609,116,130,-14,14
71610,112,125,-13,13
71611,117,123,-6,6
71612,137,140,-3,3
71613,95,114,-19,19
71614,59,78,-19,19
71615,84,101,-17,17
71616,89,91,-2,2
71617,137,141,-4,4
71618,194,158,36,36
71619,144,146,-2,2
71620,106,110,-4,4
71621,122,119,3,3
71622,67,87,-20,20
71623,104,119,-15,15
71624,114,121,-7,7
71625,84,107,-23,23
71626,49,78,-29,29
71627,232,188,44,44
71628,79,87,-8,8
71629,101,113,-12,12
71630,105,117,-12,12
71631,104,116,-12,12
71632,221,186,35,35
71633,124,123,1,1
71634,154,148,6,6
71635,110,115,-5,5
71636,75,90,-15,15
71637,175,167,8,8
71638,162,161,1,1
71639,169,151,18,18
71640,82,111,-29,29
71641,69,80,-11,11
71642,63,79,-16,16
71643,101,118,-17,17
71644,59,74,-15,15
71645,123,137,-14,14
71646,105,120,-15,15
71647,99,101,-2,2
71648,58,81,-23,23
71649,103,106,-3,3
71650,77,95,-18,18
71651,64,76,-12,12
71652,49,66,-17,17
71653,96,111,-15,15
71654,78,100,-22,22
71655,124,141,-17,17
71656,66,106,-40,40
71657,163,151,12,12
71658,140,152,-12,12
71659,77,91,-14,14
71660,55,77,-22,22
71661,64,76,-12,12
71662,73,88,-15,15
71663,86,101,-15,15
71664,87,99,-12,12
71665,80,101,-21,21
71666,74,93,-19,19
71667,69,78,-9,9
71668,118,128,-10,10
71669,74,94,-20,20
71670,162,155,7,7
71671,63,81,-18,18
71672,88,101,-13,13
71673,105,118,-13,13
71674,70,73,-3,3
71675,86,99,-13,13
71676,82,93,-11,11
71677,181,175,6,6
71678,60,75,-15,15
71679,139,147,-8,8
71680,45,55,-10,10
71681,84,96,-12,12
71682,87,95,-8,8
71683,94,98,-4,4
71684,94,108,-14,14
71685,102,132,-30,30
71686,82,94,-12,12
71687,102,101,1,1
71688,51,66,-15,15
71689,91,100,-9,9
71690,92,105,-13,13
71691,119,127,-8,8
71692,98,114,-16,16
71693,92,100,-8,8
71694,144,146,-2,2
71695,117,129,-12,12
71696,61,70,-9,9
71697,55,67,-12,12
71698,89,93,-4,4
71699,83,99,-16,16
71700,122,122,0,0
71701,101,113,-12,12
71702,71,89,-18,18
71703,183,178,5,5
71704,79,95,-16,16
71705,68,94,-26,26
71706,124,132,-8,8
71707,96,104,-8,8
71708,82,96,-14,14
71709,99,120,-21,21
71710,145,138,7,7
71711,143,148,-5,5
71712,131,140,-9,9
71713,83,93,-10,10
71714,118,140,-22,22
71715,65,82,-17,17
71716,52,74,-22,22
71717,78,92,-14,14
71718,76,88,-12,12
71719,142,138,4,4
71720,90,96,-6,6
71721,64,82,-18,18
71722,70,82,-12,12
71723,81,104,-23,23
71724,155,150,5,5
71725,94,116,-22,22
71726,64,83,-19,19
71727,83,93,-10,10
71728,112,124,-12,12
71729,112,106,6,6
71730,132,136,-4,4
71731,84,91,-7,7
71732,63,82,-19,19
71733,78,96,-18,18
71734,143,146,-3,3
71735,71,89,-18,18
71736,94,104,-10,10
71737,75,88,-13,13
71738,54,77,-23,23
71739,81,85,-4,4
71740,72,90,-18,18
71741,95,98,-3,3
71742,136,134,2,2
71743,89,99,-10,10
71744,66,86,-20,20
71745,95,99,-4,4
71746,85,97,-12,12
71747,114,125,-11,11
71748,70,80,-10,10
71749,70,87,-17,17
71750,115,126,-11,11
71751,139,144,-5,5
71752,104,110,-6,6
71753,65,80,-15,15
71754,145,144,1,1
71755,108,109,-1,1
71756,81,92,-11,11
71757,85,88,-3,3
71758,59,83,-24,24
71759,146,152,-6,6
71760,89,113,-24,24
71761,94,106,-12,12
71762,82,93,-11,11
71763,58,79,-21,21
71764,78,92,-14,14
71765,92,98,-6,6
71766,65,83,-18,18
71767,100,105,-5,5
71768,126,131,-5,5
71769,115,115,0,0
71770,64,73,-9,9
71771,67,86,-19,19
71772,114,120,-6,6
71773,73,87,-14,14
71774,86,97,-11,11
71775,92,96,-4,4
71776,393,356,37,37
71777,121,145,-24,24
71778,77,100,-23,23
71779,106,108,-2,2
71780,81,94,-13,13
71781,99,100,-1,1
71782,150,151,-1,1
71783,98,109,-11,11
71784,107,120,-13,13
71785,59,69,-10,10
71786,53,63,-10,10
71787,99,106,-7,7
71788,138,142,-4,4
71789,58,80,-22,22
71790,85,98,-13,13
71791,129,130,-1,1
71792,60,72,-12,12
71793,67,79,-12,12
71794,107,113,-6,6
71795,42,70,-28,28
71796,73,87,-14,14
71797,81,98,-17,17
71798,154,143,11,11
71799,84,96,-12,12
71800,67,82,-15,15
71801,62,73,-11,11
71802,93,97,-4,4
71803,119,121,-2,2
71804,112,118,-6,6
71805,146,148,-2,2
71806,45,61,-16,16
71807,127,129,-2,2
71808,87,98,-11,11
71809,122,131,-9,9
71810,83,91,-8,8
71811,116,121,-5,5
71812,95,112,-17,17
71813,101,116,-15,15
71814,132,138,-6,6
71815,116,115,1,1
71816,79,84,-5,5
71817,94,103,-9,9
71818,131,129,2,2
71819,61,75,-14,14
71820,66,82,-16,16
71821,78,91,-13,13
71822,145,151,-6,6
71823,166,161,5,5
71824,88,96,-8,8
71825,99,106,-7,7
71826,85,100,-15,15
71827,62,76,-14,14
71828,85,101,-16,16
71829,103,115,-12,12
71830,123,150,-27,27
71831,43,63,-20,20
71832,89,109,-20,20
71833,61,84,-23,23
71834,65,79,-14,14
71835,81,94,-13,13
71836,77,90,-13,13
71837,118,122,-4,4
71838,53,68,-15,15
71839,90,89,1,1
71840,101,126,-25,25
71841,88,102,-14,14
71842,136,147,-11,11
71843,142,147,-5,5
71844,79,85,-6,6
71845,124,136,-12,12
71846,69,84,-15,15
71847,55,72,-17,17
71848,84,95,-11,11
71849,34,53,-19,19
71850,86,91,-5,5
71851,67,80,-13,13
71852,234,212,22,22
71853,175,167,8,8
71854,50,63,-13,13
71855,75,84,-9,9
71856,61,74,-13,13
71857,103,109,-6,6
71858,59,74,-15,15
71859,83,107,-24,24
71860,50,64,-14,14
71861,89,104,-15,15
71862,65,88,-23,23
71863,140,137,3,3
71864,158,153,5,5
71865,113,121,-8,8
71866,118,133,-15,15
71867,172,154,18,18
71868,119,130,-11,11
71869,106,117,-11,11
71870,146,148,-2,2
71871,72,87,-15,15
71872,84,96,-12,12
71873,78,94,-16,16
71874,58,69,-11,11
71875,85,90,-5,5
71876,137,137,0,0
71877,86,123,-37,37
71878,78,97,-19,19
71879,88,104,-16,16
71880,108,116,-8,8
71881,104,103,1,1
71882,77,99,-22,22
71883,101,118,-17,17
71884,109,118,-9,9
71885,84,89,-5,5
71886,70,80,-10,10
71887,134,143,-9,9
71888,51,62,-11,11
71889,128,134,-6,6
71890,103,123,-20,20
71891,76,93,-17,17
71892,101,119,-18,18
71893,92,104,-12,12
71894,72,91,-19,19
71895,68,85,-17,17
71896,84,97,-13,13
71897,88,99,-11,11
71898,119,133,-14,14
71899,56,63,-7,7
71900,31,55,-24,24
71901,91,105,-14,14
71902,163,153,10,10
71903,124,125,-1,1
71904,71,81,-10,10
71905,101,110,-9,9
71906,112,148,-36,36
71907,103,114,-11,11
71908,74,86,-12,12
71909,57,74,-17,17
71910,137,143,-6,6
71911,124,119,5,5
71912,77,100,-23,23
71913,83,92,-9,9
71914,66,90,-24,24
71915,110,112,-2,2
71916,65,78,-13,13
71917,98,117,-19,19
71918,87,94,-7,7
71919,90,95,-5,5
71920,140,146,-6,6
71921,116,123,-7,7
71922,128,129,-1,1
71923,73,83,-10,10
71924,155,172,-17,17
71925,96,111,-15,15
71926,115,125,-10,10
71927,63,80,-17,17
71928,57,68,-11,11
71929,113,125,-12,12
71930,104,105,-1,1
71931,53,74,-21,21
71932,62,82,-20,20
71933,53,70,-17,17
71934,71,82,-11,11
71935,76,90,-14,14
71936,117,119,-2,2
71937,57,73,-16,16
71938,79,85,-6,6
71939,69,94,-25,25
71940,78,87,-9,9
71941,40,77,-37,37
71942,58,86,-28,28
71943,105,106,-1,1
71944,87,113,-26,26
71945,118,114,4,4
71946,101,124,-23,23
71947,32,51,-19,19
71948,75,89,-14,14
71949,112,122,-10,10
71950,112,114,-2,2
71951,124,139,-15,15
71952,68,80,-12,12
71953,72,82,-10,10
71954,52,71,-19,19
71955,84,96,-12,12
71956,78,92,-14,14
71957,106,106,0,0
71958,126,135,-9,9
71959,103,116,-13,13
71960,110,116,-6,6
71961,91,98,-7,7
71962,149,144,5,5
71963,55,69,-14,14
71964,113,119,-6,6
71965,72,84,-12,12
71966,79,95,-16,16
71967,125,131,-6,6
71968,126,125,1,1
71969,156,157,-1,1
71970,69,81,-12,12
71971,59,67,-8,8
71972,92,123,-31,31
71973,65,78,-13,13
71974,94,109,-15,15
71975,76,104,-28,28
71976,145,147,-2,2
71977,141,148,-7,7
71978,71,90,-19,19
71979,91,100,-9,9
71980,56,77,-21,21
71981,107,124,-17,17
71982,73,83,-10,10
71983,120,144,-24,24
71984,109,91,18,18
71985,125,126,-1,1
71986,80,94,-14,14
71987,55,71,-16,16
71988,92,103,-11,11
71989,125,131,-6,6
71990,74,88,-14,14
71991,65,88,-23,23
71992,85,98,-13,13
71993,41,65,-24,24
71994,73,97,-24,24
71995,133,120,13,13
71996,48,66,-18,18
71997,81,89,-8,8
71998,109,128,-19,19
71999,98,108,-10,10
72000,123,130,-7,7
72001,103,119,-16,16
72002,79,95,-16,16
72003,60,79,-19,19
72004,93,105,-12,12
72005,162,143,19,19
72006,121,123,-2,2
72007,113,132,-19,19
72008,64,93,-29,29
72009,61,83,-22,22
72010,110,116,-6,6
72011,106,111,-5,5
72012,111,116,-5,5
72013,72,95,-23,23
72014,50,63,-13,13
72015,58,66,-8,8
72016,112,132,-20,20
72017,86,111,-25,25
72018,77,88,-11,11
72019,116,123,-7,7
72020,77,91,-14,14
72021,156,147,9,9
72022,94,107,-13,13
72023,152,146,6,6
72024,153,150,3,3
72025,91,104,-13,13
72026,114,120,-6,6
72027,54,72,-18,18
72028,68,82,-14,14
72029,108,139,-31,31
72030,144,146,-2,2
72031,122,127,-5,5
72032,94,110,-16,16
72033,100,106,-6,6
72034,63,81,-18,18
72035,109,116,-7,7
72036,92,96,-4,4
72037,104,108,-4,4
72038,80,85,-5,5
72039,83,94,-11,11
72040,115,130,-15,15
72041,149,152,-3,3
72042,111,123,-12,12
72043,64,87,-23,23
72044,117,116,1,1
72045,68,82,-14,14
72046,98,104,-6,6
72047,58,76,-18,18
72048,109,113,-4,4
72049,84,93,-9,9
72050,59,77,-18,18
72051,122,122,0,0
72052,67,86,-19,19
72053,74,84,-10,10
72054,65,81,-16,16
72055,95,100,-5,5
72056,90,104,-14,14
72057,71,85,-14,14
72058,46,59,-13,13
72059,37,78,-41,41
72060,128,133,-5,5
72061,110,117,-7,7
72062,98,118,-20,20
72063,55,69,-14,14
72064,118,120,-2,2
72065,28,51,-23,23
72066,164,157,7,7
72067,97,109,-12,12
72068,149,141,8,8
72069,100,103,-3,3
72070,102,122,-20,20
72071,99,113,-14,14
72072,170,151,19,19
72073,124,137,-13,13
72074,109,129,-20,20
72075,146,143,3,3
72076,170,166,4,4
72077,85,80,5,5
72078,106,111,-5,5
72079,96,106,-10,10
72080,105,117,-12,12
72081,116,113,3,3
72082,61,79,-18,18
72083,114,125,-11,11
72084,105,110,-5,5
72085,163,169,-6,6
72086,50,67,-17,17
72087,141,133,8,8
72088,79,97,-18,18
72089,129,130,-1,1
72090,82,91,-9,9
72091,61,78,-17,17
72092,69,85,-16,16
72093,62,88,-26,26
72094,93,103,-10,10
72095,92,109,-17,17
72096,91,115,-24,24
72097,45,65,-20,20
72098,167,154,13,13
72099,71,84,-13,13
72100,43,73,-30,30
72101,122,139,-17,17
72102,73,82,-9,9
72103,99,107,-8,8
72104,82,94,-12,12
72105,119,119,0,0
72106,135,128,7,7
72107,46,64,-18,18
72108,102,106,-4,4
72109,66,77,-11,11
72110,159,157,2,2
72111,93,106,-13,13
72112,93,96,-3,3
72113,71,87,-16,16
72114,106,99,7,7
72115,99,103,-4,4
72116,145,155,-10,10
72117,102,122,-20,20
72118,146,148,-2,2
72119,129,136,-7,7
72120,105,124,-19,19
72121,119,120,-1,1
72122,49,67,-18,18
72123,114,118,-4,4
72124,137,143,-6,6
72125,84,95,-11,11
72126,63,78,-15,15
72127,120,122,-2,2
72128,63,72,-9,9
72129,153,147,6,6
72130,73,91,-18,18
72131,110,112,-2,2
72132,178,163,15,15
72133,73,115,-42,42
72134,80,83,-3,3
72135,98,108,-10,10
72136,122,132,-10,10
72137,122,130,-8,8
72138,95,105,-10,10
72139,100,113,-13,13
72140,107,119,-12,12
72141,86,93,-7,7
72142,62,74,-12,12
72143,77,88,-11,11
72144,49,68,-19,19
72145,68,83,-15,15
72146,25,49,-24,24
72147,83,90,-7,7
72148,54,59,-5,5
72149,122,131,-9,9
72150,115,133,-18,18
72151,92,97,-5,5
72152,120,137,-17,17
72153,161,151,10,10
72154,100,112,-12,12
72155,127,137,-10,10
72156,56,72,-16,16
72157,120,127,-7,7
72158,319,280,39,39
72159,161,150,11,11
72160,120,117,3,3
72161,119,118,1,1
72162,119,111,8,8
72163,155,145,10,10
72164,90,103,-13,13
72165,43,64,-21,21
72166,67,74,-7,7
72167,75,83,-8,8
72168,86,97,-11,11
72169,107,115,-8,8
72170,109,118,-9,9
72171,105,118,-13,13
72172,120,132,-12,12
72173,57,74,-17,17
72174,81,98,-17,17
72175,114,120,-6,6
72176,101,110,-9,9
72177,104,109,-5,5
72178,105,107,-2,2
72179,93,105,-12,12
72180,117,128,-11,11
72181,93,99,-6,6
72182,60,76,-16,16
72183,81,79,2,2
72184,96,108,-12,12
72185,99,113,-14,14
72186,88,95,-7,7
72187,113,129,-16,16
72188,91,113,-22,22
72189,142,139,3,3
72190,95,104,-9,9
72191,79,97,-18,18
72192,80,105,-25,25
72193,54,65,-11,11
72194,124,123,1,1
72195,86,103,-17,17
72196,154,142,12,12
72197,77,93,-16,16
72198,129,122,7,7
72199,196,162,34,34
72200,78,90,-12,12
72201,63,82,-19,19
72202,176,160,16,16
72203,102,112,-10,10
72204,102,113,-11,11
72205,92,100,-8,8
72206,145,143,2,2
72207,64,80,-16,16
72208,100,99,1,1
72209,96,124,-28,28
72210,96,98,-2,2
72211,51,66,-15,15
72212,61,87,-26,26
72213,129,132,-3,3
72214,196,175,21,21
72215,61,75,-14,14
72216,86,96,-10,10
72217,69,91,-22,22
72218,121,126,-5,5
72219,87,106,-19,19
72220,105,111,-6,6
72221,67,96,-29,29
72222,71,99,-28,28
72223,165,155,10,10
72224,132,136,-4,4
72225,171,160,11,11
72226,81,86,-5,5
72227,142,145,-3,3
72228,75,89,-14,14
72229,102,104,-2,2
72230,86,102,-16,16
72231,136,137,-1,1
72232,63,75,-12,12
72233,122,136,-14,14
72234,89,104,-15,15
72235,97,116,-19,19
72236,67,82,-15,15
72237,105,109,-4,4
72238,64,77,-13,13
72239,85,108,-23,23
72240,99,112,-13,13
72241,80,85,-5,5
72242,115,114,1,1
72243,65,79,-14,14
72244,104,106,-2,2
72245,115,124,-9,9
72246,147,148,-1,1
72247,105,113,-8,8
72248,141,145,-4,4
72249,163,155,8,8
72250,129,131,-2,2
72251,90,106,-16,16
72252,73,90,-17,17
72253,101,106,-5,5
72254,103,115,-12,12
72255,53,75,-22,22
72256,67,81,-14,14
72257,78,91,-13,13
72258,75,86,-11,11
72259,76,86,-10,10
72260,105,116,-11,11
72261,103,109,-6,6
72262,108,118,-10,10
72263,154,143,11,11
72264,84,100,-16,16
72265,125,128,-3,3
72266,71,82,-11,11
72267,84,99,-15,15
72268,81,92,-11,11
72269,95,109,-14,14
72270,249,215,34,34
72271,101,111,-10,10
72272,69,86,-17,17
72273,109,126,-17,17
72274,76,89,-13,13
72275,92,107,-15,15
72276,56,75,-19,19
72277,85,104,-19,19
72278,51,67,-16,16
72279,117,112,5,5
72280,74,87,-13,13
72281,184,162,22,22
72282,82,99,-17,17
72283,93,113,-20,20
72284,87,90,-3,3
72285,56,71,-15,15
72286,65,76,-11,11
72287,95,100,-5,5
72288,112,124,-12,12
72289,110,119,-9,9
72290,137,144,-7,7
72291,73,88,-15,15
72292,128,134,-6,6
72293,99,99,0,0
72294,133,137,-4,4
72295,109,117,-8,8
72296,74,96,-22,22
72297,99,99,0,0
72298,23,52,-29,29
72299,87,107,-20,20
72300,175,163,12,12
72301,71,87,-16,16
72302,64,82,-18,18
72303,74,93,-19,19
72304,127,134,-7,7
72305,136,148,-12,12
72306,114,123,-9,9
72307,143,147,-4,4
72308,115,126,-11,11
72309,83,102,-19,19
72310,118,123,-5,5
72311,64,78,-14,14
72312,94,108,-14,14
72313,69,73,-4,4
72314,142,144,-2,2
72315,75,85,-10,10
72316,58,71,-13,13
72317,19,51,-32,32
72318,83,103,-20,20
72319,59,73,-14,14
72320,99,110,-11,11
72321,69,91,-22,22
72322,95,99,-4,4
72323,248,192,56,56
72324,129,130,-1,1
72325,45,65,-20,20
72326,129,136,-7,7
72327,99,105,-6,6
72328,98,106,-8,8
72329,115,129,-14,14
72330,136,147,-11,11
72331,111,116,-5,5
72332,98,115,-17,17
72333,85,106,-21,21
72334,141,146,-5,5
72335,94,114,-20,20
72336,94,107,-13,13
72337,112,128,-16,16
72338,107,125,-18,18
72339,127,134,-7,7
72340,113,114,-1,1
72341,131,129,2,2
72342,69,87,-18,18
72343,51,67,-16,16
72344,148,144,4,4
72345,79,86,-7,7
72346,108,127,-19,19
72347,105,120,-15,15
72348,82,114,-32,32
72349,152,159,-7,7
72350,77,96,-19,19
72351,96,115,-19,19
72352,118,140,-22,22
72353,176,169,7,7
72354,161,163,-2,2
72355,74,84,-10,10
72356,89,110,-21,21
72357,126,140,-14,14
72358,105,114,-9,9
72359,102,112,-10,10
72360,74,92,-18,18
72361,122,132,-10,10
72362,80,95,-15,15
72363,75,86,-11,11
72364,148,148,0,0
72365,129,131,-2,2
72366,68,80,-12,12
72367,74,101,-27,27
72368,96,98,-2,2
72369,88,98,-10,10
72370,53,80,-27,27
72371,79,92,-13,13
72372,78,89,-11,11
72373,69,84,-15,15
72374,134,132,2,2
72375,77,84,-7,7
72376,144,136,8,8
72377,102,113,-11,11
72378,112,138,-26,26
72379,122,126,-4,4
72380,87,99,-12,12
72381,111,124,-13,13
72382,102,121,-19,19
72383,73,90,-17,17
72384,86,96,-10,10
72385,74,87,-13,13
72386,132,131,1,1
72387,128,139,-11,11
72388,130,134,-4,4
72389,62,80,-18,18
72390,44,64,-20,20
72391,78,98,-20,20
72392,95,105,-10,10
72393,95,94,1,1
72394,116,124,-8,8
72395,80,92,-12,12
72396,57,74,-17,17
72397,84,107,-23,23
72398,122,123,-1,1
72399,115,127,-12,12
72400,185,159,26,26
72401,144,134,10,10
72402,54,74,-20,20
72403,125,133,-8,8
72404,107,127,-20,20
72405,140,150,-10,10
72406,59,77,-18,18
72407,64,81,-17,17
72408,83,94,-11,11
72409,56,69,-13,13
72410,79,85,-6,6
72411,58,71,-13,13
72412,92,108,-16,16
72413,138,142,-4,4
72414,110,113,-3,3
72415,197,172,25,25
72416,102,110,-8,8
72417,75,86,-11,11
72418,127,132,-5,5
72419,95,111,-16,16
72420,64,74,-10,10
72421,68,91,-23,23
72422,174,164,10,10
72423,61,75,-14,14
72424,74,83,-9,9
72425,106,117,-11,11
72426,60,79,-19,19
72427,73,99,-26,26
72428,92,102,-10,10
72429,189,158,31,31
72430,99,106,-7,7
72431,147,146,1,1
72432,120,127,-7,7
72433,75,92,-17,17
72434,57,70,-13,13
72435,56,69,-13,13
72436,73,88,-15,15
72437,67,78,-11,11
72438,176,158,18,18
72439,131,140,-9,9
72440,101,109,-8,8
72441,77,85,-8,8
72442,90,124,-34,34
72443,106,121,-15,15
72444,120,128,-8,8
72445,82,91,-9,9
72446,117,125,-8,8
72447,57,93,-36,36
72448,57,82,-25,25
72449,104,108,-4,4
72450,85,93,-8,8
72451,112,122,-10,10
72452,89,102,-13,13
72453,88,112,-24,24
72454,87,91,-4,4
72455,103,131,-28,28
72456,151,143,8,8
72457,92,107,-15,15
72458,98,100,-2,2
72459,63,90,-27,27
72460,88,103,-15,15
72461,85,94,-9,9
72462,29,50,-21,21
72463,88,108,-20,20
72464,105,123,-18,18
72465,108,115,-7,7
72466,69,82,-13,13
72467,100,109,-9,9
72468,67,85,-18,18
72469,78,82,-4,4
72470,97,113,-16,16
72471,84,86,-2,2
72472,57,82,-25,25
72473,124,123,1,1
72474,117,122,-5,5
72475,101,105,-4,4
72476,104,118,-14,14
72477,97,119,-22,22
72478,69,80,-11,11
72479,105,116,-11,11
72480,78,99,-21,21
72481,75,86,-11,11
72482,67,81,-14,14
72483,182,161,21,21
72484,49,69,-20,20
72485,89,106,-17,17
72486,72,85,-13,13
72487,97,113,-16,16
72488,72,85,-13,13
72489,66,79,-13,13
72490,118,137,-19,19
72491,49,71,-22,22
72492,87,95,-8,8
72493,157,145,12,12
72494,63,79,-16,16
72495,69,85,-16,16
72496,163,162,1,1
72497,221,209,12,12
72498,60,78,-18,18
72499,97,110,-13,13
72500,64,66,-2,2
72501,87,109,-22,22
72502,101,113,-12,12
72503,96,107,-11,11
72504,111,133,-22,22
72505,67,85,-18,18
72506,112,122,-10,10
72507,92,99,-7,7
72508,90,112,-22,22
72509,127,143,-16,16
72510,62,79,-17,17
72511,82,101,-19,19
72512,131,126,5,5
72513,66,77,-11,11
72514,122,137,-15,15
72515,80,104,-24,24
72516,83,99,-16,16
72517,71,93,-22,22
72518,76,84,-8,8
72519,130,144,-14,14
72520,72,74,-2,2
72521,51,67,-16,16
72522,114,127,-13,13
72523,62,82,-20,20
72524,46,58,-12,12
72525,58,79,-21,21
72526,84,108,-24,24
72527,69,86,-17,17
72528,59,123,-64,64
72529,65,82,-17,17
72530,175,164,11,11
72531,135,143,-8,8
72532,106,115,-9,9
72533,72,95,-23,23
72534,124,132,-8,8
72535,126,132,-6,6
72536,120,131,-11,11
72537,92,102,-10,10
72538,68,78,-10,10
72539,109,116,-7,7
72540,74,97,-23,23
72541,61,83,-22,22
72542,96,105,-9,9
72543,115,140,-25,25
72544,88,106,-18,18
72545,112,119,-7,7
72546,182,161,21,21
72547,156,149,7,7
72548,156,150,6,6
72549,103,100,3,3
72550,89,101,-12,12
72551,114,116,-2,2
72552,106,106,0,0
72553,85,90,-5,5
72554,107,113,-6,6
72555,75,87,-12,12
72556,84,99,-15,15
72557,120,129,-9,9
72558,95,100,-5,5
72559,48,66,-18,18
72560,65,76,-11,11
72561,59,82,-23,23
72562,85,97,-12,12
72563,125,129,-4,4
72564,89,99,-10,10
72565,92,99,-7,7
72566,131,143,-12,12
72567,83,98,-15,15
72568,81,90,-9,9
72569,82,87,-5,5
72570,66,80,-14,14
72571,126,137,-11,11
72572,167,154,13,13
72573,103,119,-16,16
72574,119,124,-5,5
72575,133,140,-7,7
72576,138,147,-9,9
72577,136,136,0,0
72578,57,74,-17,17
72579,111,119,-8,8
72580,75,92,-17,17
72581,64,77,-13,13
72582,111,122,-11,11
72583,126,135,-9,9
72584,147,145,2,2
72585,188,160,28,28
72586,123,86,37,37
72587,87,109,-22,22
72588,77,90,-13,13
72589,82,90,-8,8
72590,83,96,-13,13
72591,69,90,-21,21
72592,136,147,-11,11
72593,53,79,-26,26
72594,81,93,-12,12
72595,124,134,-10,10
72596,111,120,-9,9
72597,120,127,-7,7
72598,66,83,-17,17
72599,68,80,-12,12
72600,147,152,-5,5
72601,193,166,27,27
72602,62,77,-15,15
72603,113,125,-12,12
72604,83,96,-13,13
72605,114,127,-13,13
72606,138,146,-8,8
72607,63,87,-24,24
72608,153,146,7,7
72609,75,93,-18,18
72610,104,118,-14,14
72611,138,149,-11,11
72612,86,90,-4,4
72613,85,98,-13,13
72614,132,143,-11,11
72615,86,99,-13,13
72616,60,80,-20,20
72617,119,124,-5,5
72618,233,201,32,32
72619,125,143,-18,18
72620,128,133,-5,5
72621,135,145,-10,10
72622,92,99,-7,7
72623,134,137,-3,3
72624,108,114,-6,6
72625,154,147,7,7
72626,149,150,-1,1
72627,112,115,-3,3
72628,117,122,-5,5
72629,158,153,5,5
72630,83,93,-10,10
72631,92,105,-13,13
72632,80,90,-10,10
72633,86,105,-19,19
72634,23,48,-25,25
72635,90,103,-13,13
72636,129,138,-9,9
72637,122,132,-10,10
72638,49,70,-21,21
72639,58,79,-21,21
72640,115,119,-4,4
72641,92,104,-12,12
72642,146,160,-14,14
72643,69,99,-30,30
72644,107,127,-20,20
72645,152,145,7,7
72646,106,113,-7,7
72647,78,89,-11,11
72648,122,121,1,1
72649,97,116,-19,19
72650,62,79,-17,17
72651,125,138,-13,13
72652,172,158,14,14
72653,73,88,-15,15
72654,88,98,-10,10
72655,69,91,-22,22
72656,72,77,-5,5
72657,87,100,-13,13
72658,53,73,-20,20
72659,65,80,-15,15
72660,117,120,-3,3
72661,105,119,-14,14
72662,168,155,13,13
72663,83,104,-21,21
72664,65,83,-18,18
72665,108,114,-6,6
72666,45,64,-19,19
72667,123,123,0,0
72668,62,80,-18,18
72669,69,85,-16,16
72670,65,80,-15,15
72671,88,111,-23,23
72672,70,84,-14,14
72673,115,122,-7,7
72674,68,78,-10,10
72675,109,118,-9,9
72676,117,129,-12,12
72677,68,84,-16,16
72678,93,104,-11,11
72679,76,89,-13,13
72680,147,144,3,3
72681,124,127,-3,3
72682,146,149,-3,3
72683,104,122,-18,18
72684,85,99,-14,14
72685,107,110,-3,3
72686,131,125,6,6
72687,71,84,-13,13
72688,78,82,-4,4
72689,69,85,-16,16
72690,124,139,-15,15
72691,101,111,-10,10
72692,64,72,-8,8
72693,69,85,-16,16
72694,60,80,-20,20
72695,97,107,-10,10
72696,78,90,-12,12
72697,106,139,-33,33
72698,102,108,-6,6
72699,102,111,-9,9
72700,135,143,-8,8
72701,84,105,-21,21
72702,132,131,1,1
72703,81,85,-4,4
72704,55,66,-11,11
72705,80,89,-9,9
72706,89,116,-27,27
72707,218,377,-159,159
72708,68,78,-10,10
72709,136,126,10,10
72710,78,87,-9,9
72711,66,85,-19,19
72712,115,123,-8,8
72713,102,104,-2,2
72714,64,81,-17,17
72715,32,52,-20,20
72716,61,70,-9,9
72717,98,111,-13,13
72718,87,95,-8,8
72719,75,79,-4,4
72720,131,131,0,0
72721,82,103,-21,21
72722,102,104,-2,2
72723,68,77,-9,9
72724,129,136,-7,7
72725,147,147,0,0
72726,54,70,-16,16
72727,95,110,-15,15
72728,181,168,13,13
72729,102,116,-14,14
72730,49,70,-21,21
72731,100,101,-1,1
72732,72,88,-16,16
72733,137,149,-12,12
72734,57,71,-14,14
72735,85,93,-8,8
72736,69,84,-15,15
72737,44,54,-10,10
72738,102,113,-11,11
72739,140,148,-8,8
72740,59,77,-18,18
72741,59,82,-23,23
72742,67,77,-10,10
72743,96,109,-13,13
72744,54,68,-14,14
72745,81,93,-12,12
72746,154,151,3,3
72747,134,147,-13,13
72748,100,99,1,1
72749,104,109,-5,5
72750,92,113,-21,21
72751,63,81,-18,18
72752,115,109,6,6
72753,55,74,-19,19
72754,163,154,9,9
72755,122,133,-11,11
72756,106,115,-9,9
72757,90,107,-17,17
72758,97,107,-10,10
72759,69,83,-14,14
72760,86,97,-11,11
72761,87,101,-14,14
72762,134,129,5,5
72763,83,104,-21,21
72764,96,113,-17,17
72765,75,82,-7,7
72766,91,94,-3,3
72767,74,83,-9,9
72768,105,117,-12,12
72769,109,117,-8,8
72770,50,82,-32,32
72771,83,83,0,0
72772,101,112,-11,11
72773,98,112,-14,14
72774,78,91,-13,13
72775,115,110,5,5
72776,151,148,3,3
72777,50,63,-13,13
72778,111,125,-14,14
72779,75,95,-20,20
72780,191,175,16,16
72781,82,93,-11,11
72782,133,131,2,2
72783,131,138,-7,7
72784,69,80,-11,11
72785,112,116,-4,4
72786,52,71,-19,19
72787,109,130,-21,21
72788,82,102,-20,20
72789,106,123,-17,17
72790,36,56,-20,20
72791,84,93,-9,9
72792,103,108,-5,5
72793,56,74,-18,18
72794,78,90,-12,12
72795,69,82,-13,13
72796,67,80,-13,13
72797,83,105,-22,22
72798,103,116,-13,13
72799,84,97,-13,13
72800,68,86,-18,18
72801,78,91,-13,13
72802,118,120,-2,2
72803,112,118,-6,6
72804,108,119,-11,11
72805,113,122,-9,9
72806,116,112,4,4
72807,67,81,-14,14
72808,110,122,-12,12
72809,100,102,-2,2
72810,111,112,-1,1
72811,82,101,-19,19
72812,157,153,4,4
72813,75,89,-14,14
72814,102,110,-8,8
72815,90,100,-10,10
72816,60,77,-17,17
72817,88,104,-16,16
72818,96,107,-11,11
72819,117,146,-29,29
72820,76,96,-20,20
72821,166,150,16,16
72822,187,153,34,34
72823,73,80,-7,7
72824,91,110,-19,19
72825,125,134,-9,9
72826,60,76,-16,16
72827,91,101,-10,10
72828,99,121,-22,22
72829,80,89,-9,9
72830,125,132,-7,7
72831,111,129,-18,18
72832,54,70,-16,16
72833,192,173,19,19
72834,159,149,10,10
72835,71,81,-10,10
72836,80,94,-14,14
72837,58,74,-16,16
72838,78,85,-7,7
72839,146,141,5,5
72840,73,81,-8,8
72841,178,154,24,24
72842,94,109,-15,15
72843,131,133,-2,2
72844,70,74,-4,4
72845,126,133,-7,7
72846,84,95,-11,11
72847,80,96,-16,16
72848,214,185,29,29
72849,111,122,-11,11
72850,134,144,-10,10
72851,89,97,-8,8
72852,124,147,-23,23
72853,112,120,-8,8
72854,94,115,-21,21
72855,110,119,-9,9
72856,143,147,-4,4
72857,70,84,-14,14
72858,112,127,-15,15
72859,88,98,-10,10
72860,89,98,-9,9
72861,78,86,-8,8
72862,121,121,0,0
72863,69,82,-13,13
72864,82,92,-10,10
72865,137,164,-27,27
72866,116,127,-11,11
72867,169,154,15,15
72868,108,113,-5,5
72869,62,71,-9,9
72870,66,91,-25,25
72871,126,127,-1,1
72872,77,84,-7,7
72873,170,157,13,13
72874,48,70,-22,22
72875,123,123,0,0
72876,135,138,-3,3
72877,128,136,-8,8
72878,108,118,-10,10
72879,102,106,-4,4
72880,89,103,-14,14
72881,68,89,-21,21
72882,83,90,-7,7
72883,174,166,8,8
72884,130,125,5,5
72885,176,159,17,17
72886,87,107,-20,20
72887,69,76,-7,7
72888,69,88,-19,19
72889,100,104,-4,4
72890,164,158,6,6
72891,94,112,-18,18
72892,82,89,-7,7
72893,191,183,8,8
72894,99,114,-15,15
72895,78,95,-17,17
72896,68,82,-14,14
72897,121,118,3,3
72898,128,132,-4,4
72899,149,148,1,1
72900,164,152,12,12
72901,74,91,-17,17
72902,67,76,-9,9
72903,59,80,-21,21
72904,100,127,-27,27
72905,62,87,-25,25
72906,100,114,-14,14
72907,79,95,-16,16
72908,137,154,-17,17
72909,74,90,-16,16
72910,94,104,-10,10
72911,119,115,4,4
72912,103,103,0,0
72913,95,105,-10,10
72914,60,71,-11,11
72915,111,119,-8,8
72916,34,55,-21,21
72917,78,97,-19,19
72918,97,106,-9,9
72919,111,119,-8,8
72920,85,101,-16,16
72921,149,147,2,2
72922,90,95,-5,5
72923,49,68,-19,19
72924,138,138,0,0
72925,69,79,-10,10
72926,79,88,-9,9
72927,70,84,-14,14
72928,82,100,-18,18
72929,79,91,-12,12
72930,85,106,-21,21
72931,89,99,-10,10
72932,67,84,-17,17
72933,106,124,-18,18
72934,70,92,-22,22
72935,74,95,-21,21
72936,55,77,-22,22
72937,164,158,6,6
72938,77,88,-11,11
72939,57,69,-12,12
72940,97,118,-21,21
72941,136,148,-12,12
72942,83,96,-13,13
72943,66,82,-16,16
72944,92,103,-11,11
72945,92,102,-10,10
72946,71,81,-10,10
72947,67,92,-25,25
72948,150,145,5,5
72949,69,88,-19,19
72950,132,133,-1,1
72951,194,180,14,14
72952,137,148,-11,11
72953,68,87,-19,19
72954,90,104,-14,14
72955,113,119,-6,6
72956,61,69,-8,8
72957,160,149,11,11
72958,149,150,-1,1
72959,48,75,-27,27
72960,128,137,-9,9
72961,102,112,-10,10
72962,95,108,-13,13
72963,68,76,-8,8
72964,164,152,12,12
72965,92,109,-17,17
72966,100,105,-5,5
72967,68,91,-23,23
72968,81,95,-14,14
72969,87,94,-7,7
72970,121,118,3,3
72971,95,110,-15,15
72972,99,95,4,4
72973,59,82,-23,23
72974,140,137,3,3
72975,109,104,5,5
72976,147,147,0,0
72977,84,97,-13,13
72978,111,115,-4,4
72979,85,101,-16,16
72980,63,84,-21,21
72981,64,78,-14,14
72982,75,85,-10,10
72983,136,128,8,8
72984,140,147,-7,7
72985,45,63,-18,18
72986,159,156,3,3
72987,110,111,-1,1
72988,54,83,-29,29
72989,129,135,-6,6
72990,170,173,-3,3
72991,111,119,-8,8
72992,72,80,-8,8
72993,129,136,-7,7
72994,67,84,-17,17
72995,159,167,-8,8
72996,60,79,-19,19
72997,91,103,-12,12
72998,126,127,-1,1
72999,240,199,41,41
73000,113,123,-10,10
73001,85,90,-5,5
73002,54,76,-22,22
73003,68,84,-16,16
73004,89,96,-7,7
73005,142,141,1,1
73006,146,142,4,4
73007,87,98,-11,11
73008,122,134,-12,12
73009,81,76,5,5
73010,77,90,-13,13
73011,113,115,-2,2
73012,182,181,1,1
73013,111,115,-4,4
73014,97,101,-4,4
73015,90,97,-7,7
73016,149,145,4,4
73017,62,94,-32,32
73018,121,129,-8,8
73019,90,99,-9,9
73020,64,74,-10,10
73021,158,153,5,5
73022,89,98,-9,9
73023,93,102,-9,9
73024,82,91,-9,9
73025,80,101,-21,21
73026,231,220,11,11
73027,52,71,-19,19
73028,185,166,19,19
73029,125,139,-14,14
73030,116,121,-5,5
73031,70,85,-15,15
73032,92,98,-6,6
73033,135,147,-12,12
73034,83,100,-17,17
73035,78,96,-18,18
73036,89,96,-7,7
73037,98,106,-8,8
73038,74,93,-19,19
73039,117,124,-7,7
73040,65,200,-135,135
73041,80,94,-14,14
73042,82,93,-11,11
73043,144,150,-6,6
73044,64,79,-15,15
73045,144,147,-3,3
73046,46,62,-16,16
73047,29,52,-23,23
73048,81,94,-13,13
73049,115,125,-10,10
73050,99,104,-5,5
73051,80,95,-15,15
73052,111,116,-5,5
73053,113,122,-9,9
73054,119,113,6,6
73055,49,66,-17,17
73056,128,133,-5,5
73057,168,154,14,14
73058,52,67,-15,15
73059,115,120,-5,5
73060,230,196,34,34
73061,113,139,-26,26
73062,66,77,-11,11
73063,102,112,-10,10
73064,52,66,-14,14
73065,94,102,-8,8
73066,69,84,-15,15
73067,146,155,-9,9
73068,130,135,-5,5
73069,82,86,-4,4
73070,51,66,-15,15
73071,114,120,-6,6
73072,58,83,-25,25
73073,70,89,-19,19
73074,74,87,-13,13
73075,75,83,-8,8
73076,54,67,-13,13
73077,134,145,-11,11
73078,46,61,-15,15
73079,79,89,-10,10
73080,66,87,-21,21
73081,114,125,-11,11
73082,76,97,-21,21
73083,149,148,1,1
73084,126,129,-3,3
73085,91,109,-18,18
73086,56,68,-12,12
73087,131,138,-7,7
73088,119,141,-22,22
73089,119,129,-10,10
73090,124,130,-6,6
73091,142,147,-5,5
73092,215,184,31,31
73093,59,72,-13,13
73094,60,72,-12,12
73095,76,92,-16,16
73096,54,66,-12,12
73097,78,102,-24,24
73098,133,148,-15,15
73099,56,68,-12,12
73100,79,94,-15,15
73101,74,84,-10,10
73102,55,82,-27,27
73103,62,72,-10,10
73104,47,60,-13,13
73105,112,125,-13,13
73106,112,114,-2,2
73107,122,126,-4,4
73108,104,113,-9,9
73109,81,111,-30,30
73110,76,99,-23,23
73111,61,73,-12,12
73112,230,178,52,52
73113,87,97,-10,10
73114,94,99,-5,5
73115,83,92,-9,9
73116,154,139,15,15
73117,140,141,-1,1
73118,81,97,-16,16
73119,78,89,-11,11
73120,112,113,-1,1
73121,133,129,4,4
73122,72,88,-16,16
73123,150,133,17,17
73124,133,140,-7,7
73125,74,78,-4,4
73126,122,131,-9,9
73127,90,100,-10,10
73128,69,79,-10,10
73129,75,94,-19,19
73130,50,63,-13,13
73131,135,139,-4,4
73132,126,130,-4,4
73133,68,103,-35,35
73134,88,101,-13,13
73135,78,94,-16,16
73136,55,73,-18,18
73137,94,109,-15,15
73138,57,74,-17,17
73139,70,86,-16,16
73140,150,149,1,1
73141,67,85,-18,18
73142,78,96,-18,18
73143,82,93,-11,11
73144,123,137,-14,14
73145,75,84,-9,9
73146,151,152,-1,1
73147,79,90,-11,11
73148,116,117,-1,1
73149,89,96,-7,7
73150,143,147,-4,4
73151,94,107,-13,13
73152,94,113,-19,19
73153,81,95,-14,14
73154,77,97,-20,20
73155,85,99,-14,14
73156,104,124,-20,20
73157,58,74,-16,16
73158,76,94,-18,18
73159,72,86,-14,14
73160,90,98,-8,8
73161,126,143,-17,17
73162,81,95,-14,14
73163,113,122,-9,9
73164,72,93,-21,21
73165,111,121,-10,10
73166,94,102,-8,8
73167,77,86,-9,9
73168,76,83,-7,7
73169,91,96,-5,5
73170,84,101,-17,17
73171,50,74,-24,24
73172,111,125,-14,14
73173,160,154,6,6
73174,90,96,-6,6
73175,165,167,-2,2
73176,153,144,9,9
73177,38,61,-23,23
73178,76,102,-26,26
73179,73,88,-15,15
73180,99,113,-14,14
73181,64,77,-13,13
73182,148,143,5,5
73183,146,148,-2,2
73184,86,99,-13,13
73185,70,85,-15,15
73186,74,81,-7,7
73187,102,110,-8,8
73188,76,80,-4,4
73189,115,126,-11,11
73190,111,118,-7,7
73191,67,90,-23,23
73192,120,130,-10,10
73193,72,87,-15,15
73194,93,100,-7,7
73195,256,234,22,22
73196,157,153,4,4
73197,70,85,-15,15
73198,95,111,-16,16
73199,99,109,-10,10
73200,94,106,-12,12
73201,81,90,-9,9
73202,102,108,-6,6
73203,107,117,-10,10
73204,137,135,2,2
73205,91,104,-13,13
73206,90,111,-21,21
73207,68,82,-14,14
73208,59,77,-18,18
73209,86,103,-17,17
73210,118,137,-19,19
73211,197,185,12,12
73212,55,75,-20,20
73213,82,90,-8,8
73214,96,110,-14,14
73215,88,109,-21,21
73216,72,104,-32,32
73217,56,84,-28,28
73218,110,119,-9,9
73219,75,84,-9,9
73220,107,123,-16,16
73221,100,116,-16,16
73222,137,139,-2,2
73223,76,93,-17,17
73224,174,164,10,10
73225,101,114,-13,13
73226,85,95,-10,10
73227,53,73,-20,20
73228,108,114,-6,6
73229,82,92,-10,10
73230,84,100,-16,16
73231,92,106,-14,14
73232,125,147,-22,22
73233,93,114,-21,21
73234,54,74,-20,20
73235,113,115,-2,2
73236,196,183,13,13
73237,71,80,-9,9
73238,75,87,-12,12
73239,46,66,-20,20
73240,107,120,-13,13
73241,82,100,-18,18
73242,88,116,-28,28
73243,57,68,-11,11
73244,153,156,-3,3
73245,131,142,-11,11
73246,111,136,-25,25
73247,136,142,-6,6
73248,58,75,-17,17
73249,85,98,-13,13
73250,98,99,-1,1
73251,80,93,-13,13
73252,82,103,-21,21
73253,74,81,-7,7
73254,135,132,3,3
73255,88,99,-11,11
73256,27,55,-28,28
73257,60,80,-20,20
73258,82,92,-10,10
73259,176,169,7,7
73260,163,148,15,15
73261,130,142,-12,12
73262,120,126,-6,6
73263,143,139,4,4
73264,138,147,-9,9
73265,88,98,-10,10
73266,125,131,-6,6
73267,81,95,-14,14
73268,56,68,-12,12
73269,70,86,-16,16
73270,59,77,-18,18
73271,117,144,-27,27
73272,35,57,-22,22
73273,115,118,-3,3
73274,59,76,-17,17
73275,88,96,-8,8
73276,124,137,-13,13
73277,110,107,3,3
73278,118,120,-2,2
73279,103,103,0,0
73280,121,132,-11,11
73281,78,91,-13,13
73282,69,85,-16,16
73283,129,133,-4,4
73284,75,83,-8,8
73285,54,66,-12,12
73286,185,164,21,21
73287,105,110,-5,5
73288,65,74,-9,9
73289,145,139,6,6
73290,134,136,-2,2
73291,102,108,-6,6
73292,75,88,-13,13
73293,106,109,-3,3
73294,122,129,-7,7
73295,42,61,-19,19
73296,144,150,-6,6
73297,104,109,-5,5
73298,117,122,-5,5
73299,69,83,-14,14
73300,63,93,-30,30
73301,184,151,33,33
73302,96,106,-10,10
73303,86,92,-6,6
73304,98,112,-14,14
73305,78,93,-15,15
73306,91,102,-11,11
73307,53,66,-13,13
73308,79,91,-12,12
73309,141,138,3,3
73310,82,91,-9,9
73311,49,65,-16,16
73312,109,109,0,0
73313,61,78,-17,17
73314,90,107,-17,17
73315,61,74,-13,13
73316,94,117,-23,23
73317,134,142,-8,8
73318,65,85,-20,20
73319,136,139,-3,3
73320,164,155,9,9
73321,98,114,-16,16
73322,83,95,-12,12
73323,40,59,-19,19
73324,67,94,-27,27
73325,90,101,-11,11
73326,62,71,-9,9
73327,60,74,-14,14
73328,115,114,1,1
73329,135,145,-10,10
73330,75,88,-13,13
73331,35,74,-39,39
73332,94,114,-20,20
73333,113,116,-3,3
73334,133,138,-5,5
73335,103,98,5,5
73336,108,111,-3,3
73337,65,80,-15,15
73338,67,74,-7,7
73339,121,124,-3,3
73340,89,113,-24,24
73341,69,83,-14,14
73342,128,135,-7,7
73343,99,102,-3,3
73344,100,110,-10,10
73345,88,91,-3,3
73346,160,150,10,10
73347,94,100,-6,6
73348,111,122,-11,11
73349,83,92,-9,9
73350,51,75,-24,24
73351,126,127,-1,1
73352,150,140,10,10
73353,57,70,-13,13
73354,63,82,-19,19
73355,112,123,-11,11
73356,196,177,19,19
73357,71,86,-15,15
73358,152,148,4,4
73359,87,99,-12,12
73360,59,79,-20,20
73361,144,147,-3,3
73362,122,124,-2,2
73363,61,81,-20,20
73364,99,118,-19,19
73365,74,78,-4,4
73366,68,85,-17,17
73367,92,108,-16,16
73368,147,151,-4,4
73369,114,119,-5,5
73370,64,79,-15,15
73371,92,95,-3,3
73372,85,92,-7,7
73373,100,104,-4,4
73374,142,143,-1,1
73375,34,57,-23,23
73376,107,106,1,1
73377,110,111,-1,1
73378,154,151,3,3
73379,69,84,-15,15
73380,91,111,-20,20
73381,124,126,-2,2
73382,71,80,-9,9
73383,61,71,-10,10
73384,110,113,-3,3
73385,86,107,-21,21
73386,143,146,-3,3
73387,65,79,-14,14
73388,82,88,-6,6
73389,90,106,-16,16
73390,156,158,-2,2
73391,177,166,11,11
73392,108,117,-9,9
73393,100,121,-21,21
73394,60,81,-21,21
73395,81,106,-25,25
73396,99,111,-12,12
73397,63,102,-39,39
73398,87,111,-24,24
73399,53,65,-12,12
73400,47,65,-18,18
73401,65,86,-21,21
73402,79,85,-6,6
73403,65,81,-16,16
73404,99,111,-12,12
73405,61,75,-14,14
73406,101,120,-19,19
73407,75,81,-6,6
73408,99,116,-17,17
73409,84,90,-6,6
73410,130,130,0,0
73411,147,141,6,6
73412,103,114,-11,11
73413,48,64,-16,16
73414,88,99,-11,11
73415,115,120,-5,5
73416,81,98,-17,17
73417,69,90,-21,21
73418,144,149,-5,5
73419,103,112,-9,9
73420,84,94,-10,10
73421,175,167,8,8
73422,133,127,6,6
73423,88,99,-11,11
73424,112,122,-10,10
73425,98,110,-12,12
73426,79,91,-12,12
73427,65,79,-14,14
73428,75,101,-26,26
73429,101,115,-14,14
73430,44,62,-18,18
73431,89,101,-12,12
73432,107,118,-11,11
73433,85,101,-16,16
73434,42,64,-22,22
73435,86,109,-23,23
73436,92,99,-7,7
73437,70,91,-21,21
73438,79,89,-10,10
73439,39,69,-30,30
73440,90,101,-11,11
73441,126,128,-2,2
73442,116,120,-4,4
73443,69,88,-19,19
73444,51,70,-19,19
73445,107,113,-6,6
73446,88,95,-7,7
73447,104,106,-2,2
73448,81,85,-4,4
73449,78,87,-9,9
73450,87,95,-8,8
73451,63,89,-26,26
73452,92,103,-11,11
73453,125,140,-15,15
73454,113,119,-6,6
73455,50,67,-17,17
73456,71,86,-15,15
73457,78,94,-16,16
73458,65,78,-13,13
73459,145,147,-2,2
73460,64,74,-10,10
73461,83,99,-16,16
73462,162,149,13,13
73463,84,98,-14,14
73464,149,150,-1,1
73465,68,82,-14,14
73466,84,99,-15,15
73467,74,81,-7,7
73468,106,116,-10,10
73469,87,105,-18,18
73470,102,129,-27,27
73471,142,137,5,5
73472,159,148,11,11
73473,49,67,-18,18
73474,133,145,-12,12
73475,89,99,-10,10
73476,47,65,-18,18
73477,111,126,-15,15
73478,79,88,-9,9
73479,108,129,-21,21
73480,58,76,-18,18
73481,111,125,-14,14
73482,46,63,-17,17
73483,69,82,-13,13
73484,144,148,-4,4
73485,122,129,-7,7
73486,114,123,-9,9
73487,60,73,-13,13
73488,75,95,-20,20
73489,79,91,-12,12
73490,97,111,-14,14
73491,177,171,6,6
73492,111,112,-1,1
73493,35,65,-30,30
73494,133,128,5,5
73495,58,75,-17,17
73496,114,109,5,5
73497,80,96,-16,16
73498,133,130,3,3
73499,116,128,-12,12
73500,88,88,0,0
73501,126,126,0,0
73502,135,137,-2,2
73503,85,102,-17,17
73504,154,154,0,0
73505,118,121,-3,3
73506,92,100,-8,8
73507,146,152,-6,6
73508,63,77,-14,14
73509,77,88,-11,11
73510,113,117,-4,4
73511,110,128,-18,18
73512,63,80,-17,17
73513,78,80,-2,2
73514,130,131,-1,1
73515,64,76,-12,12
73516,81,97,-16,16
73517,75,81,-6,6
73518,41,67,-26,26
73519,139,141,-2,2
73520,60,75,-15,15
73521,81,93,-12,12
73522,108,112,-4,4
73523,102,106,-4,4
73524,63,78,-15,15
73525,111,116,-5,5
73526,42,62,-20,20
73527,93,103,-10,10
73528,106,120,-14,14
73529,92,96,-4,4
73530,87,98,-11,11
73531,100,112,-12,12
73532,73,89,-16,16
73533,65,75,-10,10
73534,84,100,-16,16
73535,158,155,3,3
73536,73,82,-9,9
73537,116,139,-23,23
73538,79,101,-22,22
73539,114,120,-6,6
73540,108,119,-11,11
73541,89,99,-10,10
73542,65,90,-25,25
73543,123,130,-7,7
73544,70,91,-21,21
73545,58,73,-15,15
73546,61,80,-19,19
73547,118,143,-25,25
73548,91,107,-16,16
73549,82,102,-20,20
73550,42,71,-29,29
73551,43,60,-17,17
73552,144,146,-2,2
73553,60,85,-25,25
73554,29,77,-48,48
73555,111,114,-3,3
73556,69,81,-12,12
73557,192,165,27,27
73558,88,115,-27,27
73559,64,83,-19,19
73560,131,136,-5,5
73561,107,124,-17,17
73562,95,114,-19,19
73563,70,87,-17,17
73564,51,65,-14,14
73565,195,173,22,22
73566,77,91,-14,14
73567,117,132,-15,15
73568,87,92,-5,5
73569,46,62,-16,16
73570,71,83,-12,12
73571,65,77,-12,12
73572,171,178,-7,7
73573,106,115,-9,9
73574,82,95,-13,13
73575,130,130,0,0
73576,58,76,-18,18
73577,105,120,-15,15
73578,121,129,-8,8
73579,148,155,-7,7
73580,87,95,-8,8
73581,98,111,-13,13
73582,74,100,-26,26
73583,138,145,-7,7
73584,95,108,-13,13
73585,104,113,-9,9
73586,64,75,-11,11
73587,74,89,-15,15
73588,126,116,10,10
73589,93,109,-16,16
73590,80,91,-11,11
73591,62,79,-17,17
73592,56,76,-20,20
73593,91,105,-14,14
73594,202,176,26,26
73595,97,114,-17,17
73596,109,130,-21,21
73597,62,69,-7,7
73598,156,153,3,3
73599,62,71,-9,9
73600,156,151,5,5
73601,60,77,-17,17
73602,67,80,-13,13
73603,109,121,-12,12
73604,129,130,-1,1
73605,126,127,-1,1
73606,141,140,1,1
73607,117,117,0,0
73608,167,158,9,9
73609,123,139,-16,16
73610,127,125,2,2
73611,70,80,-10,10
73612,67,82,-15,15
73613,93,104,-11,11
73614,79,93,-14,14
73615,80,91,-11,11
73616,81,102,-21,21
73617,77,83,-6,6
73618,57,82,-25,25
73619,125,145,-20,20
73620,137,137,0,0
73621,98,112,-14,14
73622,76,86,-10,10
73623,99,106,-7,7
73624,88,98,-10,10
73625,71,79,-8,8
73626,85,95,-10,10
73627,93,109,-16,16
73628,112,111,1,1
73629,63,80,-17,17
73630,79,107,-28,28
73631,90,106,-16,16
73632,71,83,-12,12
73633,67,97,-30,30
73634,147,143,4,4
73635,57,87,-30,30
73636,61,76,-15,15
73637,100,105,-5,5
73638,79,87,-8,8
73639,136,129,7,7
73640,88,99,-11,11
73641,67,83,-16,16
73642,173,156,17,17
73643,111,112,-1,1
73644,96,95,1,1
73645,91,96,-5,5
73646,90,98,-8,8
73647,93,101,-8,8
73648,99,111,-12,12
73649,57,69,-12,12
73650,71,83,-12,12
73651,165,156,9,9
73652,91,114,-23,23
73653,59,73,-14,14
73654,103,112,-9,9
73655,72,88,-16,16
73656,95,105,-10,10
73657,86,90,-4,4
73658,142,134,8,8
73659,92,101,-9,9
73660,86,103,-17,17
73661,143,143,0,0
73662,37,59,-22,22
73663,66,81,-15,15
73664,121,124,-3,3
73665,89,97,-8,8
73666,54,85,-31,31
73667,64,77,-13,13
73668,48,63,-15,15
73669,33,55,-22,22
73670,154,151,3,3
73671,55,73,-18,18
73672,85,93,-8,8
73673,68,83,-15,15
73674,88,100,-12,12
73675,61,74,-13,13
73676,123,125,-2,2
73677,98,113,-15,15
73678,161,153,8,8
73679,53,71,-18,18
73680,68,90,-22,22
73681,131,133,-2,2
73682,100,115,-15,15
73683,64,78,-14,14
73684,109,125,-16,16
73685,87,97,-10,10
73686,78,89,-11,11
73687,56,76,-20,20
73688,96,102,-6,6
73689,104,112,-8,8
73690,94,106,-12,12
73691,66,79,-13,13
73692,106,110,-4,4
73693,132,148,-16,16
73694,142,132,10,10
73695,112,131,-19,19
73696,104,95,9,9
73697,129,141,-12,12
73698,107,113,-6,6
73699,137,148,-11,11
73700,81,98,-17,17
73701,57,69,-12,12
73702,126,128,-2,2
73703,57,83,-26,26
73704,141,137,4,4
73705,94,99,-5,5
73706,56,78,-22,22
73707,100,104,-4,4
73708,65,82,-17,17
73709,153,149,4,4
73710,106,120,-14,14
73711,65,80,-15,15
73712,89,104,-15,15
73713,69,75,-6,6
73714,172,160,12,12
73715,74,88,-14,14
73716,55,77,-22,22
73717,95,104,-9,9
73718,80,94,-14,14
73719,72,86,-14,14
73720,69,85,-16,16
73721,77,97,-20,20
73722,136,136,0,0
73723,60,73,-13,13
73724,106,115,-9,9
73725,98,103,-5,5
73726,113,123,-10,10
73727,66,78,-12,12
73728,117,123,-6,6
73729,75,89,-14,14
73730,123,129,-6,6
73731,54,66,-12,12
73732,157,161,-4,4
73733,100,106,-6,6
73734,74,90,-16,16
73735,61,77,-16,16
73736,72,89,-17,17
73737,81,89,-8,8
73738,138,148,-10,10
73739,137,147,-10,10
73740,163,150,13,13
73741,65,94,-29,29
73742,130,135,-5,5
73743,68,87,-19,19
73744,97,102,-5,5
73745,167,162,5,5
73746,93,94,-1,1
73747,63,82,-19,19
73748,91,98,-7,7
73749,174,158,16,16
73750,138,133,5,5
73751,75,89,-14,14
73752,129,144,-15,15
73753,116,115,1,1
73754,47,61,-14,14
73755,116,118,-2,2
73756,103,109,-6,6
73757,112,113,-1,1
73758,133,134,-1,1
73759,55,85,-30,30
73760,75,94,-19,19
73761,53,70,-17,17
73762,88,108,-20,20
73763,132,135,-3,3
73764,35,53,-18,18
73765,45,69,-24,24
73766,67,82,-15,15
73767,124,123,1,1
73768,148,147,1,1
73769,138,135,3,3
73770,98,104,-6,6
73771,81,94,-13,13
73772,54,70,-16,16
73773,35,54,-19,19
73774,69,79,-10,10
73775,66,81,-15,15
73776,116,121,-5,5
73777,86,97,-11,11
73778,95,109,-14,14
73779,95,109,-14,14
73780,61,75,-14,14
73781,79,90,-11,11
73782,74,109,-35,35
73783,117,126,-9,9
73784,63,81,-18,18
73785,138,126,12,12
73786,125,136,-11,11
73787,95,103,-8,8
73788,66,81,-15,15
73789,53,69,-16,16
73790,83,94,-11,11
73791,60,80,-20,20
73792,52,73,-21,21
73793,55,67,-12,12
73794,100,117,-17,17
73795,91,118,-27,27
73796,87,96,-9,9
73797,63,71,-8,8
73798,122,113,9,9
73799,75,87,-12,12
73800,57,79,-22,22
73801,55,73,-18,18
73802,110,111,-1,1
73803,88,104,-16,16
73804,155,163,-8,8
73805,96,112,-16,16
73806,81,93,-12,12
73807,102,108,-6,6
73808,141,135,6,6
73809,105,112,-7,7
73810,68,84,-16,16
73811,80,90,-10,10
73812,94,115,-21,21
73813,60,76,-16,16
73814,107,103,4,4
73815,112,119,-7,7
73816,92,108,-16,16
73817,86,91,-5,5
73818,131,125,6,6
73819,62,73,-11,11
73820,146,149,-3,3
73821,67,90,-23,23
73822,77,99,-22,22
73823,101,115,-14,14
73824,80,93,-13,13
73825,97,98,-1,1
73826,140,140,0,0
73827,128,148,-20,20
73828,108,119,-11,11
73829,91,97,-6,6
73830,91,109,-18,18
73831,87,95,-8,8
73832,151,143,8,8
73833,91,108,-17,17
73834,161,149,12,12
73835,60,81,-21,21
73836,135,136,-1,1
73837,73,103,-30,30
73838,88,113,-25,25
73839,71,83,-12,12
73840,80,96,-16,16
73841,50,64,-14,14
73842,106,111,-5,5
73843,66,78,-12,12
73844,90,107,-17,17
73845,122,142,-20,20
73846,99,106,-7,7
73847,73,85,-12,12
73848,60,74,-14,14
73849,63,99,-36,36
73850,105,130,-25,25
73851,34,54,-20,20
73852,74,97,-23,23
73853,122,128,-6,6
73854,123,119,4,4
73855,66,76,-10,10
73856,122,127,-5,5
73857,114,115,-1,1
73858,165,162,3,3
73859,139,153,-14,14
73860,58,65,-7,7
73861,70,85,-15,15
73862,71,80,-9,9
73863,158,178,-20,20
73864,66,77,-11,11
73865,166,146,20,20
73866,129,139,-10,10
73867,91,102,-11,11
73868,109,138,-29,29
73869,118,141,-23,23
73870,90,102,-12,12
73871,125,131,-6,6
73872,94,101,-7,7
73873,107,113,-6,6
73874,144,134,10,10
73875,83,93,-10,10
73876,71,89,-18,18
73877,93,103,-10,10
73878,103,114,-11,11
73879,78,91,-13,13
73880,33,92,-59,59
73881,44,95,-51,51
73882,129,127,2,2
73883,210,190,20,20
73884,98,98,0,0
73885,60,90,-30,30
73886,110,113,-3,3
73887,56,77,-21,21
73888,149,147,2,2
73889,86,98,-12,12
73890,101,110,-9,9
73891,80,85,-5,5
73892,96,106,-10,10
73893,66,82,-16,16
73894,73,94,-21,21
73895,87,90,-3,3
73896,73,82,-9,9
73897,96,102,-6,6
73898,36,58,-22,22
73899,171,193,-22,22
73900,125,136,-11,11
73901,82,98,-16,16
73902,79,89,-10,10
73903,148,145,3,3
73904,137,138,-1,1
73905,82,95,-13,13
73906,72,107,-35,35
73907,57,71,-14,14
73908,162,160,2,2
73909,148,140,8,8
73910,82,91,-9,9
73911,76,97,-21,21
73912,72,81,-9,9
73913,42,56,-14,14
73914,102,116,-14,14
73915,61,81,-20,20
73916,107,119,-12,12
73917,72,83,-11,11
73918,117,138,-21,21
73919,70,82,-12,12
73920,60,75,-15,15
73921,110,109,1,1
73922,94,107,-13,13
73923,121,137,-16,16
73924,102,113,-11,11
73925,61,76,-15,15
73926,69,88,-19,19
73927,51,74,-23,23
73928,113,134,-21,21
73929,148,162,-14,14
73930,129,127,2,2
73931,60,74,-14,14
73932,82,113,-31,31
73933,149,147,2,2
73934,64,74,-10,10
73935,95,106,-11,11
73936,105,107,-2,2
73937,129,135,-6,6
73938,140,143,-3,3
73939,143,149,-6,6
73940,67,77,-10,10
73941,81,94,-13,13
73942,131,129,2,2
73943,61,73,-12,12
73944,95,103,-8,8
73945,121,128,-7,7
73946,96,98,-2,2
73947,159,148,11,11
73948,51,70,-19,19
73949,72,88,-16,16
73950,83,95,-12,12
73951,114,121,-7,7
73952,90,104,-14,14
73953,72,82,-10,10
73954,88,96,-8,8
73955,149,147,2,2
73956,69,78,-9,9
73957,67,86,-19,19
73958,65,87,-22,22
73959,119,134,-15,15
73960,146,141,5,5
73961,75,99,-24,24
73962,175,157,18,18
73963,109,123,-14,14
73964,80,91,-11,11
73965,99,104,-5,5
73966,137,146,-9,9
73967,77,105,-28,28
73968,44,85,-41,41
73969,96,102,-6,6
73970,55,74,-19,19
73971,113,117,-4,4
73972,108,115,-7,7
73973,55,68,-13,13
73974,138,130,8,8
73975,74,86,-12,12
73976,69,86,-17,17
73977,131,140,-9,9
73978,129,156,-27,27
73979,103,112,-9,9
73980,50,66,-16,16
73981,90,106,-16,16
73982,42,56,-14,14
73983,140,153,-13,13
73984,76,107,-31,31
73985,113,118,-5,5
73986,43,66,-23,23
73987,73,96,-23,23
73988,116,125,-9,9
73989,112,130,-18,18
73990,126,135,-9,9
73991,98,116,-18,18
73992,83,111,-28,28
73993,51,74,-23,23
73994,73,105,-32,32
73995,220,191,29,29
73996,72,94,-22,22
73997,63,79,-16,16
73998,107,120,-13,13
73999,90,98,-8,8
74000,50,74,-24,24
74001,100,106,-6,6
74002,126,125,1,1
74003,73,85,-12,12
74004,88,104,-16,16
74005,65,88,-23,23
74006,73,79,-6,6
74007,83,98,-15,15
74008,118,133,-15,15
74009,77,85,-8,8
74010,175,165,10,10
74011,101,105,-4,4
74012,72,84,-12,12
74013,84,99,-15,15
74014,320,334,-14,14
74015,86,113,-27,27
74016,48,66,-18,18
74017,82,86,-4,4
74018,111,112,-1,1
74019,83,96,-13,13
74020,105,129,-24,24
74021,87,107,-20,20
74022,92,103,-11,11
74023,106,118,-12,12
74024,179,170,9,9
74025,123,122,1,1
74026,68,87,-19,19
74027,52,62,-10,10
74028,155,143,12,12
74029,97,118,-21,21
74030,78,93,-15,15
74031,52,66,-14,14
74032,62,77,-15,15
74033,92,102,-10,10
74034,113,116,-3,3
74035,141,142,-1,1
74036,66,84,-18,18
74037,97,99,-2,2
74038,80,113,-33,33
74039,71,105,-34,34
74040,117,122,-5,5
74041,202,186,16,16
74042,89,96,-7,7
74043,65,85,-20,20
74044,83,102,-19,19
74045,151,147,4,4
74046,68,75,-7,7
74047,84,107,-23,23
74048,114,117,-3,3
74049,67,81,-14,14
74050,48,62,-14,14
74051,108,119,-11,11
74052,159,148,11,11
74053,84,95,-11,11
74054,153,147,6,6
74055,52,84,-32,32
74056,159,151,8,8
74057,118,129,-11,11
74058,83,102,-19,19
74059,50,66,-16,16
74060,125,130,-5,5
74061,41,110,-69,69
74062,62,87,-25,25
74063,85,90,-5,5
74064,133,142,-9,9
74065,129,130,-1,1
74066,97,113,-16,16
74067,102,114,-12,12
74068,23,49,-26,26
74069,74,90,-16,16
74070,41,67,-26,26
74071,108,124,-16,16
74072,104,114,-10,10
74073,108,108,0,0
74074,97,110,-13,13
74075,74,90,-16,16
74076,94,104,-10,10
74077,78,85,-7,7
74078,117,129,-12,12
74079,119,131,-12,12
74080,60,67,-7,7
74081,86,91,-5,5
74082,84,99,-15,15
74083,72,88,-16,16
74084,93,110,-17,17
74085,72,82,-10,10
74086,156,150,6,6
74087,73,89,-16,16
74088,108,121,-13,13
74089,126,146,-20,20
74090,93,111,-18,18
74091,79,84,-5,5
74092,181,152,29,29
74093,83,90,-7,7
74094,119,132,-13,13
74095,71,82,-11,11
74096,77,87,-10,10
74097,104,134,-30,30
74098,72,90,-18,18
74099,68,83,-15,15
74100,98,108,-10,10
74101,57,89,-32,32
74102,80,119,-39,39
74103,73,88,-15,15
74104,191,166,25,25
74105,100,105,-5,5
74106,132,127,5,5
74107,40,56,-16,16
74108,54,69,-15,15
74109,154,151,3,3
74110,139,143,-4,4
74111,107,116,-9,9
74112,128,130,-2,2
74113,133,138,-5,5
74114,83,89,-6,6
74115,63,104,-41,41
74116,81,95,-14,14
74117,163,154,9,9
74118,109,118,-9,9
74119,63,76,-13,13
74120,90,101,-11,11
74121,81,105,-24,24
74122,66,76,-10,10
74123,120,134,-14,14
74124,89,92,-3,3
74125,67,83,-16,16
74126,85,110,-25,25
74127,78,92,-14,14
74128,75,93,-18,18
74129,198,183,15,15
74130,92,102,-10,10
74131,118,119,-1,1
74132,57,75,-18,18
74133,155,150,5,5
74134,86,94,-8,8
74135,67,75,-8,8
74136,178,149,29,29
74137,68,85,-17,17
74138,85,99,-14,14
74139,79,96,-17,17
74140,93,98,-5,5
74141,50,70,-20,20
74142,58,74,-16,16
74143,104,117,-13,13
74144,100,105,-5,5
74145,201,189,12,12
74146,105,120,-15,15
74147,105,121,-16,16
74148,90,106,-16,16
74149,68,89,-21,21
74150,74,91,-17,17
74151,60,73,-13,13
74152,59,85,-26,26
74153,97,116,-19,19
74154,87,94,-7,7
74155,55,76,-21,21
74156,111,117,-6,6
74157,119,113,6,6
74158,115,125,-10,10
74159,59,73,-14,14
74160,61,76,-15,15
74161,30,72,-42,42
74162,96,103,-7,7
74163,131,129,2,2
74164,183,169,14,14
74165,161,164,-3,3
74166,146,149,-3,3
74167,200,180,20,20
74168,100,113,-13,13
74169,114,122,-8,8
74170,108,116,-8,8
74171,73,84,-11,11
74172,75,83,-8,8
74173,72,84,-12,12
74174,143,150,-7,7
74175,101,102,-1,1
74176,66,84,-18,18
74177,164,151,13,13
74178,85,99,-14,14
74179,88,100,-12,12
74180,98,111,-13,13
74181,54,118,-64,64
74182,95,109,-14,14
74183,64,82,-18,18
74184,144,145,-1,1
74185,105,114,-9,9
74186,102,119,-17,17
74187,114,106,8,8
74188,54,73,-19,19
74189,112,116,-4,4
74190,181,162,19,19
74191,110,114,-4,4
74192,75,84,-9,9
74193,51,73,-22,22
74194,98,106,-8,8
74195,85,98,-13,13
74196,54,76,-22,22
74197,57,75,-18,18
74198,77,101,-24,24
74199,66,94,-28,28
74200,84,88,-4,4
74201,102,116,-14,14
74202,124,137,-13,13
74203,129,134,-5,5
74204,195,185,10,10
74205,111,117,-6,6
74206,109,132,-23,23
74207,68,79,-11,11
74208,57,69,-12,12
74209,76,100,-24,24
74210,99,108,-9,9
74211,78,96,-18,18
74212,124,131,-7,7
74213,83,89,-6,6
74214,82,89,-7,7
74215,73,81,-8,8
74216,66,82,-16,16
74217,102,112,-10,10
74218,107,126,-19,19
74219,101,108,-7,7
74220,119,134,-15,15
74221,120,135,-15,15
74222,69,86,-17,17
74223,80,109,-29,29
74224,113,121,-8,8
74225,63,81,-18,18
74226,94,99,-5,5
74227,146,150,-4,4
74228,109,117,-8,8
74229,117,118,-1,1
74230,66,85,-19,19
74231,151,143,8,8
74232,60,69,-9,9
74233,146,157,-11,11
74234,135,139,-4,4
74235,90,94,-4,4
74236,48,77,-29,29
74237,71,80,-9,9
74238,155,154,1,1
74239,86,91,-5,5
74240,111,133,-22,22
74241,96,104,-8,8
74242,137,150,-13,13
74243,81,100,-19,19
74244,60,77,-17,17
74245,83,109,-26,26
74246,106,111,-5,5
74247,67,86,-19,19
74248,52,68,-16,16
74249,104,112,-8,8
74250,73,93,-20,20
74251,87,101,-14,14
74252,148,151,-3,3
74253,77,85,-8,8
74254,92,104,-12,12
74255,201,184,17,17
74256,50,68,-18,18
74257,149,148,1,1
74258,150,136,14,14
74259,89,111,-22,22
74260,131,133,-2,2
74261,73,83,-10,10
74262,83,105,-22,22
74263,155,153,2,2
74264,80,77,3,3
74265,128,136,-8,8
74266,59,70,-11,11
74267,85,106,-21,21
74268,87,118,-31,31
74269,85,94,-9,9
74270,72,82,-10,10
74271,72,95,-23,23
74272,56,74,-18,18
74273,127,133,-6,6
74274,73,86,-13,13
74275,94,94,0,0
74276,72,84,-12,12
74277,48,61,-13,13
74278,130,125,5,5
74279,103,107,-4,4
74280,96,93,3,3
74281,140,147,-7,7
74282,63,80,-17,17
74283,61,72,-11,11
74284,78,85,-7,7
74285,75,85,-10,10
74286,81,101,-20,20
74287,79,96,-17,17
74288,94,104,-10,10
74289,117,121,-4,4
74290,59,71,-12,12
74291,84,92,-8,8
74292,149,147,2,2
74293,109,123,-14,14
74294,46,70,-24,24
74295,131,133,-2,2
74296,118,122,-4,4
74297,83,107,-24,24
74298,68,100,-32,32
74299,70,99,-29,29
74300,49,66,-17,17
74301,73,88,-15,15
74302,132,143,-11,11
74303,93,97,-4,4
74304,159,159,0,0
74305,107,117,-10,10
74306,185,163,22,22
74307,143,145,-2,2
74308,60,81,-21,21
74309,78,88,-10,10
74310,106,119,-13,13
74311,98,103,-5,5
74312,101,102,-1,1
74313,39,72,-33,33
74314,104,118,-14,14
74315,51,79,-28,28
74316,88,93,-5,5
74317,83,97,-14,14
74318,116,139,-23,23
74319,59,74,-15,15
74320,88,100,-12,12
74321,206,168,38,38
74322,147,134,13,13
74323,40,64,-24,24
74324,45,66,-21,21
74325,89,103,-14,14
74326,146,145,1,1
74327,76,97,-21,21
74328,92,86,6,6
74329,35,58,-23,23
74330,77,106,-29,29
74331,104,121,-17,17
74332,97,105,-8,8
74333,135,138,-3,3
74334,63,77,-14,14
74335,54,70,-16,16
74336,117,130,-13,13
74337,79,89,-10,10
74338,64,83,-19,19
74339,63,78,-15,15
74340,63,79,-16,16
74341,80,93,-13,13
74342,136,140,-4,4
74343,106,107,-1,1
74344,76,88,-12,12
74345,80,90,-10,10
74346,126,136,-10,10
74347,96,102,-6,6
74348,56,70,-14,14
74349,124,134,-10,10
74350,137,143,-6,6
74351,63,86,-23,23
74352,59,77,-18,18
74353,102,110,-8,8
74354,41,57,-16,16
74355,84,99,-15,15
74356,99,114,-15,15
74357,108,127,-19,19
74358,125,135,-10,10
74359,115,119,-4,4
74360,84,95,-11,11
74361,100,115,-15,15
74362,128,136,-8,8
74363,60,75,-15,15
74364,77,96,-19,19
74365,63,74,-11,11
74366,90,112,-22,22
74367,64,87,-23,23
74368,61,68,-7,7
74369,99,115,-16,16
74370,97,112,-15,15
74371,65,73,-8,8
74372,99,110,-11,11
74373,181,164,17,17
74374,83,101,-18,18
74375,102,114,-12,12
74376,136,148,-12,12
74377,56,70,-14,14
74378,132,135,-3,3
74379,76,87,-11,11
74380,101,108,-7,7
74381,110,105,5,5
74382,51,64,-13,13
74383,60,78,-18,18
74384,127,137,-10,10
74385,81,122,-41,41
74386,59,74,-15,15
74387,82,94,-12,12
74388,103,109,-6,6
74389,99,109,-10,10
74390,50,59,-9,9
74391,85,112,-27,27
74392,67,75,-8,8
74393,125,126,-1,1
74394,93,99,-6,6
74395,116,120,-4,4
74396,68,91,-23,23
74397,77,88,-11,11
74398,95,106,-11,11
74399,59,81,-22,22
74400,111,108,3,3
74401,79,95,-16,16
74402,84,98,-14,14
74403,89,105,-16,16
74404,164,155,9,9
74405,72,86,-14,14
74406,78,95,-17,17
74407,149,153,-4,4
74408,95,93,2,2
74409,85,92,-7,7
74410,96,107,-11,11
74411,72,79,-7,7
74412,112,114,-2,2
74413,77,86,-9,9
74414,40,61,-21,21
74415,110,121,-11,11
74416,59,85,-26,26
74417,107,114,-7,7
74418,66,93,-27,27
74419,87,93,-6,6
74420,72,83,-11,11
74421,85,100,-15,15
74422,49,65,-16,16
74423,72,90,-18,18
74424,156,179,-23,23
74425,75,71,4,4
74426,83,95,-12,12
74427,107,117,-10,10
74428,97,103,-6,6
74429,108,119,-11,11
74430,89,92,-3,3
74431,103,124,-21,21
74432,133,146,-13,13
74433,56,68,-12,12
74434,77,88,-11,11
74435,88,109,-21,21
74436,106,128,-22,22
74437,134,146,-12,12
74438,81,99,-18,18
74439,126,132,-6,6
74440,69,85,-16,16
74441,120,158,-38,38
74442,121,141,-20,20
74443,62,76,-14,14
74444,85,91,-6,6
74445,93,105,-12,12
74446,111,119,-8,8
74447,99,127,-28,28
74448,50,69,-19,19
74449,98,125,-27,27
74450,83,90,-7,7
74451,94,114,-20,20
74452,144,147,-3,3
74453,49,69,-20,20
74454,46,59,-13,13
74455,87,107,-20,20
74456,80,94,-14,14
74457,150,134,16,16
74458,67,87,-20,20
74459,39,56,-17,17
74460,82,85,-3,3
74461,76,91,-15,15
74462,56,73,-17,17
74463,33,58,-25,25
74464,95,103,-8,8
74465,67,72,-5,5
74466,87,104,-17,17
74467,101,110,-9,9
74468,62,80,-18,18
74469,62,87,-25,25
74470,93,97,-4,4
74471,71,74,-3,3
74472,79,93,-14,14
74473,86,91,-5,5
74474,70,84,-14,14
74475,117,123,-6,6
74476,51,82,-31,31
74477,168,157,11,11
74478,120,117,3,3
74479,99,107,-8,8
74480,73,92,-19,19
74481,120,130,-10,10
74482,136,136,0,0
74483,57,86,-29,29
74484,89,96,-7,7
74485,89,105,-16,16
74486,81,98,-17,17
74487,72,77,-5,5
74488,104,109,-5,5
74489,141,143,-2,2
74490,79,91,-12,12
74491,167,156,11,11
74492,86,97,-11,11
74493,138,134,4,4
74494,66,78,-12,12
74495,59,74,-15,15
74496,110,131,-21,21
74497,82,88,-6,6
74498,92,102,-10,10
74499,62,73,-11,11
74500,82,89,-7,7
74501,62,84,-22,22
74502,94,104,-10,10
74503,135,153,-18,18
74504,227,233,-6,6
74505,85,96,-11,11
74506,74,97,-23,23
74507,106,147,-41,41
74508,52,73,-21,21
74509,96,133,-37,37
74510,97,112,-15,15
74511,143,148,-5,5
74512,84,86,-2,2
74513,77,84,-7,7
74514,49,66,-17,17
74515,116,124,-8,8
74516,67,108,-41,41
74517,74,96,-22,22
74518,83,97,-14,14
74519,77,89,-12,12
74520,113,123,-10,10
74521,125,131,-6,6
74522,59,74,-15,15
74523,62,79,-17,17
74524,148,148,0,0
74525,56,80,-24,24
74526,85,105,-20,20
74527,158,147,11,11
74528,79,98,-19,19
74529,87,96,-9,9
74530,115,147,-32,32
74531,62,76,-14,14
74532,78,88,-10,10
74533,107,108,-1,1
74534,129,135,-6,6
74535,109,112,-3,3
74536,46,69,-23,23
74537,73,83,-10,10
74538,47,62,-15,15
74539,57,70,-13,13
74540,136,145,-9,9
74541,74,86,-12,12
74542,73,86,-13,13
74543,117,122,-5,5
74544,64,73,-9,9
74545,65,88,-23,23
74546,61,77,-16,16
74547,40,65,-25,25
74548,84,96,-12,12
74549,96,103,-7,7
74550,108,111,-3,3
74551,148,148,0,0
74552,111,120,-9,9
74553,131,145,-14,14
74554,55,76,-21,21
74555,132,136,-4,4
74556,156,140,16,16
74557,68,79,-11,11
74558,109,117,-8,8
74559,65,73,-8,8
74560,78,83,-5,5
74561,136,133,3,3
74562,190,187,3,3
74563,157,154,3,3
74564,110,121,-11,11
74565,50,69,-19,19
74566,123,140,-17,17
74567,127,131,-4,4
74568,88,100,-12,12
74569,116,124,-8,8
74570,85,102,-17,17
74571,116,121,-5,5
74572,181,172,9,9
74573,87,100,-13,13
74574,135,147,-12,12
74575,64,89,-25,25
74576,92,101,-9,9
74577,59,75,-16,16
74578,81,87,-6,6
74579,71,80,-9,9
74580,130,144,-14,14
74581,96,99,-3,3
74582,86,95,-9,9
74583,107,135,-28,28
74584,118,118,0,0
74585,93,107,-14,14
74586,88,103,-15,15
74587,54,75,-21,21
74588,101,116,-15,15
74589,58,76,-18,18
74590,109,113,-4,4
74591,106,124,-18,18
74592,139,143,-4,4
74593,50,67,-17,17
74594,168,163,5,5
74595,115,131,-16,16
74596,70,87,-17,17
74597,92,101,-9,9
74598,133,138,-5,5
74599,74,88,-14,14
74600,159,162,-3,3
74601,120,129,-9,9
74602,84,115,-31,31
74603,103,120,-17,17
74604,183,152,31,31
74605,139,138,1,1
74606,86,85,1,1
74607,82,96,-14,14
74608,61,87,-26,26
74609,123,116,7,7
74610,87,103,-16,16
74611,135,145,-10,10
74612,99,103,-4,4
74613,74,86,-12,12
74614,74,91,-17,17
74615,139,148,-9,9
74616,85,96,-11,11
74617,70,91,-21,21
74618,106,111,-5,5
74619,123,133,-10,10
74620,100,111,-11,11
74621,61,76,-15,15
74622,92,104,-12,12
74623,132,143,-11,11
74624,59,75,-16,16
74625,226,209,17,17
74626,84,94,-10,10
74627,165,162,3,3
74628,83,104,-21,21
74629,115,123,-8,8
74630,159,149,10,10
74631,93,99,-6,6
74632,126,143,-17,17
74633,51,68,-17,17
74634,118,123,-5,5
74635,80,86,-6,6
74636,161,149,12,12
74637,91,102,-11,11
74638,83,94,-11,11
74639,91,104,-13,13
74640,234,215,19,19
74641,78,87,-9,9
74642,101,107,-6,6
74643,72,84,-12,12
74644,92,90,2,2
74645,44,73,-29,29
74646,76,91,-15,15
74647,106,112,-6,6
74648,119,123,-4,4
74649,111,108,3,3
74650,111,126,-15,15
74651,105,108,-3,3
74652,62,79,-17,17
74653,113,125,-12,12
74654,94,110,-16,16
74655,155,149,6,6
74656,59,70,-11,11
74657,86,109,-23,23
74658,61,81,-20,20
74659,198,175,23,23
74660,83,96,-13,13
74661,50,74,-24,24
74662,126,130,-4,4
74663,95,100,-5,5
74664,95,98,-3,3
74665,24,49,-25,25
74666,90,105,-15,15
74667,47,62,-15,15
74668,64,91,-27,27
74669,107,120,-13,13
74670,94,96,-2,2
74671,77,89,-12,12
74672,111,134,-23,23
74673,107,118,-11,11
74674,33,52,-19,19
74675,73,86,-13,13
74676,63,81,-18,18
74677,90,106,-16,16
74678,89,151,-62,62
74679,79,90,-11,11
74680,128,138,-10,10
74681,91,99,-8,8
74682,114,123,-9,9
74683,103,107,-4,4
74684,61,65,-4,4
74685,122,136,-14,14
74686,114,121,-7,7
74687,143,145,-2,2
74688,75,88,-13,13
74689,66,80,-14,14
74690,90,102,-12,12
74691,108,108,0,0
74692,74,89,-15,15
74693,137,147,-10,10
74694,121,120,1,1
74695,85,109,-24,24
74696,47,70,-23,23
74697,51,81,-30,30
74698,79,84,-5,5
74699,80,88,-8,8
74700,111,116,-5,5
74701,126,143,-17,17
74702,37,56,-19,19
74703,87,98,-11,11
74704,102,114,-12,12
74705,73,91,-18,18
74706,81,104,-23,23
74707,85,90,-5,5
74708,127,129,-2,2
74709,127,126,1,1
74710,93,115,-22,22
74711,122,132,-10,10
74712,175,155,20,20
74713,96,105,-9,9
74714,88,94,-6,6
74715,162,148,14,14
74716,124,143,-19,19
74717,42,55,-13,13
74718,90,101,-11,11
74719,91,106,-15,15
74720,129,135,-6,6
74721,53,72,-19,19
74722,75,88,-13,13
74723,88,106,-18,18
74724,70,78,-8,8
74725,185,173,12,12
74726,105,109,-4,4
74727,128,128,0,0
74728,103,112,-9,9
74729,100,118,-18,18
74730,71,85,-14,14
74731,157,143,14,14
74732,103,119,-16,16
74733,118,127,-9,9
74734,140,165,-25,25
74735,102,116,-14,14
74736,71,81,-10,10
74737,143,149,-6,6
74738,58,76,-18,18
74739,96,111,-15,15
74740,112,122,-10,10
74741,85,97,-12,12
74742,92,114,-22,22
74743,81,100,-19,19
74744,102,109,-7,7
74745,43,73,-30,30
74746,87,96,-9,9
74747,118,128,-10,10
74748,85,91,-6,6
74749,100,112,-12,12
74750,83,104,-21,21
74751,83,88,-5,5
74752,89,100,-11,11
74753,50,65,-15,15
74754,134,137,-3,3
74755,65,73,-8,8
74756,72,93,-21,21
74757,75,84,-9,9
74758,78,93,-15,15
74759,81,99,-18,18
74760,105,121,-16,16
74761,67,75,-8,8
74762,136,84,52,52
74763,86,112,-26,26
74764,139,142,-3,3
74765,78,89,-11,11
74766,38,58,-20,20
74767,78,89,-11,11
74768,59,70,-11,11
74769,91,98,-7,7
74770,152,150,2,2
74771,148,156,-8,8
74772,108,117,-9,9
74773,77,86,-9,9
74774,83,89,-6,6
74775,89,96,-7,7
74776,104,107,-3,3
74777,117,129,-12,12
74778,151,149,2,2
74779,45,68,-23,23
74780,60,70,-10,10
74781,125,135,-10,10
74782,41,61,-20,20
74783,49,67,-18,18
74784,140,141,-1,1
74785,90,103,-13,13
74786,93,109,-16,16
74787,100,98,2,2
74788,125,128,-3,3
74789,114,127,-13,13
74790,128,136,-8,8
74791,60,75,-15,15
74792,191,174,17,17
74793,140,148,-8,8
74794,82,114,-32,32
74795,76,83,-7,7
74796,117,126,-9,9
74797,83,101,-18,18
74798,82,92,-10,10
74799,122,139,-17,17
74800,60,78,-18,18
74801,117,123,-6,6
74802,96,100,-4,4
74803,115,123,-8,8
74804,134,142,-8,8
74805,109,119,-10,10
74806,91,92,-1,1
74807,72,87,-15,15
74808,96,102,-6,6
74809,80,94,-14,14
74810,71,87,-16,16
74811,95,96,-1,1
74812,101,112,-11,11
74813,67,78,-11,11
74814,87,106,-19,19
74815,89,102,-13,13
74816,62,77,-15,15
74817,126,151,-25,25
74818,78,98,-20,20
74819,100,114,-14,14
74820,96,104,-8,8
74821,100,110,-10,10
74822,59,81,-22,22
74823,93,102,-9,9
74824,120,127,-7,7
74825,70,83,-13,13
74826,46,62,-16,16
74827,153,150,3,3
74828,91,103,-12,12
74829,94,110,-16,16
74830,74,104,-30,30
74831,87,89,-2,2
74832,76,88,-12,12
74833,56,73,-17,17
74834,104,131,-27,27
74835,126,132,-6,6
74836,115,125,-10,10
74837,107,123,-16,16
74838,41,68,-27,27
74839,75,86,-11,11
74840,76,96,-20,20
74841,75,92,-17,17
74842,50,68,-18,18
74843,118,127,-9,9
74844,131,137,-6,6
74845,92,144,-52,52
74846,113,114,-1,1
74847,126,122,4,4
74848,65,84,-19,19
74849,128,134,-6,6
74850,89,99,-10,10
74851,100,102,-2,2
74852,85,93,-8,8
74853,166,152,14,14
74854,100,123,-23,23
74855,119,129,-10,10
74856,72,85,-13,13
74857,78,88,-10,10
74858,70,80,-10,10
74859,84,96,-12,12
74860,56,71,-15,15
74861,18,50,-32,32
74862,75,90,-15,15
74863,107,129,-22,22
74864,86,94,-8,8
74865,128,137,-9,9
74866,99,117,-18,18
74867,69,90,-21,21
74868,130,133,-3,3
74869,127,133,-6,6
74870,188,174,14,14
74871,99,114,-15,15
74872,83,93,-10,10
74873,105,113,-8,8
74874,56,76,-20,20
74875,84,97,-13,13
74876,43,67,-24,24
74877,104,126,-22,22
74878,93,106,-13,13
74879,111,126,-15,15
74880,106,126,-20,20
74881,77,88,-11,11
74882,74,81,-7,7
74883,138,143,-5,5
74884,47,64,-17,17
74885,158,153,5,5
74886,111,122,-11,11
74887,84,99,-15,15
74888,129,148,-19,19
74889,76,95,-19,19
74890,84,91,-7,7
74891,67,82,-15,15
74892,61,72,-11,11
74893,107,113,-6,6
74894,79,83,-4,4
74895,112,131,-19,19
74896,53,69,-16,16
74897,84,93,-9,9
74898,46,65,-19,19
74899,115,121,-6,6
74900,48,60,-12,12
74901,51,68,-17,17
74902,73,94,-21,21
74903,81,112,-31,31
74904,53,70,-17,17
74905,144,145,-1,1
74906,93,100,-7,7
74907,63,90,-27,27
74908,47,59,-12,12
74909,117,119,-2,2
74910,172,155,17,17
74911,57,78,-21,21
74912,143,146,-3,3
74913,108,121,-13,13
74914,140,135,5,5
74915,70,86,-16,16
74916,96,106,-10,10
74917,107,120,-13,13
74918,116,122,-6,6
74919,120,130,-10,10
74920,60,68,-8,8
74921,77,95,-18,18
74922,112,127,-15,15
74923,97,117,-20,20
74924,183,185,-2,2
74925,95,109,-14,14
74926,92,99,-7,7
74927,76,101,-25,25
74928,99,113,-14,14
74929,85,91,-6,6
74930,76,89,-13,13
74931,93,106,-13,13
74932,50,71,-21,21
74933,55,74,-19,19
74934,88,101,-13,13
74935,97,120,-23,23
74936,83,93,-10,10
74937,54,65,-11,11
74938,86,93,-7,7
74939,77,100,-23,23
74940,282,307,-25,25
74941,136,137,-1,1
74942,91,97,-6,6
74943,150,159,-9,9
74944,66,83,-17,17
74945,71,91,-20,20
74946,87,97,-10,10
74947,87,105,-18,18
74948,119,128,-9,9
74949,148,144,4,4
74950,117,122,-5,5
74951,85,99,-14,14
74952,97,107,-10,10
74953,49,67,-18,18
74954,103,115,-12,12
74955,38,56,-18,18
74956,86,109,-23,23
74957,49,63,-14,14
74958,103,108,-5,5
74959,103,144,-41,41
74960,45,67,-22,22
74961,103,114,-11,11
74962,83,92,-9,9
74963,95,99,-4,4
74964,60,81,-21,21
74965,102,120,-18,18
74966,138,149,-11,11
74967,83,92,-9,9
74968,95,112,-17,17
74969,96,108,-12,12
74970,150,151,-1,1
74971,53,64,-11,11
74972,133,131,2,2
74973,45,66,-21,21
74974,50,65,-15,15
74975,35,102,-67,67
74976,103,106,-3,3
74977,58,70,-12,12
74978,72,89,-17,17
74979,100,117,-17,17
74980,95,100,-5,5
74981,109,110,-1,1
74982,57,86,-29,29
74983,68,99,-31,31
74984,89,100,-11,11
74985,129,133,-4,4
74986,118,124,-6,6
74987,114,123,-9,9
74988,112,118,-6,6
74989,103,109,-6,6
74990,95,104,-9,9
74991,130,146,-16,16
74992,95,96,-1,1
74993,129,133,-4,4
74994,84,95,-11,11
74995,103,121,-18,18
74996,146,148,-2,2
74997,84,104,-20,20
74998,143,143,0,0
74999,84,101,-17,17
75000,69,90,-21,21
75001,94,113,-19,19
75002,56,88,-32,32
75003,133,142,-9,9
75004,49,76,-27,27
75005,58,68,-10,10
75006,122,121,1,1
75007,117,129,-12,12
75008,87,96,-9,9
75009,113,123,-10,10
75010,60,78,-18,18
75011,65,76,-11,11
75012,103,113,-10,10
75013,152,147,5,5
75014,121,129,-8,8
75015,119,124,-5,5
75016,47,70,-23,23
75017,113,115,-2,2
75018,101,113,-12,12
75019,73,96,-23,23
75020,88,110,-22,22
75021,156,147,9,9
75022,99,102,-3,3
75023,86,99,-13,13
75024,101,120,-19,19
75025,91,101,-10,10
75026,59,78,-19,19
75027,72,87,-15,15
75028,111,107,4,4
75029,108,116,-8,8
75030,78,92,-14,14
75031,63,89,-26,26
75032,97,110,-13,13
75033,76,88,-12,12
75034,94,116,-22,22
75035,83,94,-11,11
75036,72,85,-13,13
75037,113,110,3,3
75038,126,133,-7,7
75039,86,109,-23,23
75040,67,77,-10,10
75041,149,147,2,2
75042,89,95,-6,6
75043,115,119,-4,4
75044,111,111,0,0
75045,135,147,-12,12
75046,54,73,-19,19
75047,123,134,-11,11
75048,82,100,-18,18
75049,26,54,-28,28
75050,66,80,-14,14
75051,117,121,-4,4
75052,135,150,-15,15
75053,70,79,-9,9
75054,59,72,-13,13
75055,141,149,-8,8
75056,64,78,-14,14
75057,126,137,-11,11
75058,97,105,-8,8
75059,54,67,-13,13
75060,99,109,-10,10
75061,138,138,0,0
75062,130,143,-13,13
75063,111,107,4,4
75064,81,96,-15,15
75065,97,108,-11,11
75066,146,146,0,0
75067,92,97,-5,5
75068,68,74,-6,6
75069,70,90,-20,20
75070,79,84,-5,5
75071,57,82,-25,25
75072,70,86,-16,16
75073,52,72,-20,20
75074,82,102,-20,20
75075,72,88,-16,16
75076,86,94,-8,8
75077,124,122,2,2
75078,71,84,-13,13
75079,75,80,-5,5
75080,111,116,-5,5
75081,85,88,-3,3
75082,77,88,-11,11
75083,116,127,-11,11
75084,121,139,-18,18
75085,63,73,-10,10
75086,65,76,-11,11
75087,92,109,-17,17
75088,115,120,-5,5
75089,62,73,-11,11
75090,90,99,-9,9
75091,50,67,-17,17
75092,81,100,-19,19
75093,33,55,-22,22
75094,141,143,-2,2
75095,51,65,-14,14
75096,32,67,-35,35
75097,89,116,-27,27
75098,117,122,-5,5
75099,97,113,-16,16
75100,92,97,-5,5
75101,71,83,-12,12
75102,76,92,-16,16
75103,42,69,-27,27
75104,84,103,-19,19
75105,87,106,-19,19
75106,153,148,5,5
75107,91,102,-11,11
75108,59,102,-43,43
75109,69,83,-14,14
75110,109,110,-1,1
75111,115,122,-7,7
75112,169,166,3,3
75113,67,83,-16,16
75114,96,106,-10,10
75115,94,107,-13,13
75116,173,149,24,24
75117,96,103,-7,7
75118,127,122,5,5
75119,58,73,-15,15
75120,69,81,-12,12
75121,68,82,-14,14
75122,141,145,-4,4
75123,110,142,-32,32
75124,46,104,-58,58
75125,56,129,-73,73
75126,99,120,-21,21
75127,117,126,-9,9
75128,53,70,-17,17
75129,92,105,-13,13
75130,100,122,-22,22
75131,100,100,0,0
75132,92,111,-19,19
75133,67,79,-12,12
75134,148,140,8,8
75135,122,137,-15,15
75136,162,154,8,8
75137,86,99,-13,13
75138,165,149,16,16
75139,106,107,-1,1
75140,84,110,-26,26
75141,97,107,-10,10
75142,61,78,-17,17
75143,187,183,4,4
75144,153,160,-7,7
75145,57,76,-19,19
75146,101,112,-11,11
75147,154,138,16,16
75148,108,117,-9,9
75149,55,67,-12,12
75150,113,115,-2,2
75151,55,72,-17,17
75152,101,104,-3,3
75153,91,107,-16,16
75154,89,104,-15,15
75155,96,101,-5,5
75156,52,77,-25,25
75157,54,71,-17,17
75158,69,83,-14,14
75159,95,120,-25,25
75160,88,94,-6,6
75161,126,133,-7,7
75162,82,106,-24,24
75163,76,95,-19,19
75164,112,115,-3,3
75165,117,122,-5,5
75166,113,122,-9,9
75167,97,107,-10,10
75168,98,111,-13,13
75169,83,92,-9,9
75170,76,86,-10,10
75171,80,93,-13,13
75172,111,127,-16,16
75173,135,137,-2,2
75174,62,81,-19,19
75175,140,144,-4,4
75176,68,85,-17,17
75177,141,148,-7,7
75178,53,76,-23,23
75179,140,147,-7,7
75180,74,85,-11,11
75181,70,86,-16,16
75182,78,99,-21,21
75183,103,110,-7,7
75184,97,107,-10,10
75185,75,87,-12,12
75186,143,148,-5,5
75187,163,153,10,10
75188,71,85,-14,14
75189,58,71,-13,13
75190,69,85,-16,16
75191,72,87,-15,15
75192,158,155,3,3
75193,93,111,-18,18
75194,80,92,-12,12
75195,142,141,1,1
75196,46,77,-31,31
75197,76,87,-11,11
75198,129,163,-34,34
75199,82,93,-11,11
75200,146,144,2,2
75201,93,105,-12,12
75202,113,118,-5,5
75203,142,152,-10,10
75204,72,82,-10,10
75205,74,86,-12,12
75206,88,116,-28,28
75207,105,123,-18,18
75208,110,125,-15,15
75209,83,94,-11,11
75210,27,68,-41,41
75211,136,144,-8,8
75212,81,92,-11,11
75213,98,105,-7,7
75214,120,128,-8,8
75215,92,97,-5,5
75216,145,148,-3,3
75217,137,142,-5,5
75218,103,121,-18,18
75219,121,142,-21,21
75220,54,83,-29,29
75221,112,119,-7,7
75222,76,93,-17,17
75223,89,97,-8,8
75224,160,152,8,8
75225,28,58,-30,30
75226,76,83,-7,7
75227,165,158,7,7
75228,100,101,-1,1
75229,152,144,8,8
75230,82,101,-19,19
75231,94,98,-4,4
75232,60,77,-17,17
75233,125,133,-8,8
75234,69,87,-18,18
75235,120,111,9,9
75236,91,101,-10,10
75237,96,100,-4,4
75238,45,62,-17,17
75239,56,75,-19,19
75240,76,83,-7,7
75241,75,87,-12,12
75242,79,96,-17,17
75243,124,124,0,0
75244,106,111,-5,5
75245,122,125,-3,3
75246,51,72,-21,21
75247,69,81,-12,12
75248,85,107,-22,22
75249,115,151,-36,36
75250,115,118,-3,3
75251,115,120,-5,5
75252,60,84,-24,24
75253,76,87,-11,11
75254,32,55,-23,23
75255,79,92,-13,13
75256,44,62,-18,18
75257,58,74,-16,16
75258,130,135,-5,5
75259,132,140,-8,8
75260,79,94,-15,15
75261,92,108,-16,16
75262,144,151,-7,7
75263,54,73,-19,19
75264,133,128,5,5
75265,64,89,-25,25
75266,92,103,-11,11
75267,156,152,4,4
75268,58,68,-10,10
75269,82,86,-4,4
75270,86,99,-13,13
75271,173,161,12,12
75272,94,101,-7,7
75273,60,77,-17,17
75274,108,116,-8,8
75275,126,138,-12,12
75276,56,71,-15,15
75277,98,112,-14,14
75278,92,94,-2,2
75279,117,118,-1,1
75280,52,60,-8,8
75281,94,99,-5,5
75282,78,84,-6,6
75283,76,113,-37,37
75284,67,82,-15,15
75285,124,140,-16,16
75286,128,137,-9,9
75287,73,79,-6,6
75288,62,72,-10,10
75289,100,116,-16,16
75290,130,143,-13,13
75291,61,82,-21,21
75292,262,224,38,38
75293,60,73,-13,13
75294,102,120,-18,18
75295,57,73,-16,16
75296,97,112,-15,15
75297,84,101,-17,17
75298,61,102,-41,41
75299,135,133,2,2
75300,104,101,3,3
75301,79,92,-13,13
75302,187,157,30,30
75303,62,74,-12,12
75304,94,101,-7,7
75305,94,117,-23,23
75306,94,95,-1,1
75307,126,127,-1,1
75308,126,125,1,1
75309,108,116,-8,8
75310,60,66,-6,6
75311,93,118,-25,25
75312,53,75,-22,22
75313,61,75,-14,14
75314,79,94,-15,15
75315,74,84,-10,10
75316,50,63,-13,13
75317,75,71,4,4
75318,40,64,-24,24
75319,47,63,-16,16
75320,78,96,-18,18
75321,51,69,-18,18
75322,97,109,-12,12
75323,54,64,-10,10
75324,100,111,-11,11
75325,91,100,-9,9
75326,48,66,-18,18
75327,46,65,-19,19
75328,153,149,4,4
75329,123,134,-11,11
75330,52,74,-22,22
75331,92,96,-4,4
75332,71,92,-21,21
75333,141,139,2,2
75334,46,58,-12,12
75335,72,90,-18,18
75336,84,89,-5,5
75337,82,101,-19,19
75338,78,88,-10,10
75339,77,83,-6,6
75340,93,97,-4,4
75341,47,67,-20,20
75342,67,80,-13,13
75343,67,82,-15,15
75344,113,118,-5,5
75345,179,165,14,14
75346,95,109,-14,14
75347,164,160,4,4
75348,45,67,-22,22
75349,127,126,1,1
75350,118,135,-17,17
75351,96,100,-4,4
75352,57,69,-12,12
75353,151,150,1,1
75354,69,96,-27,27
75355,79,93,-14,14
75356,86,98,-12,12
75357,186,175,11,11
75358,147,143,4,4
75359,109,125,-16,16
75360,97,105,-8,8
75361,110,114,-4,4
75362,69,79,-10,10
75363,65,84,-19,19
75364,119,120,-1,1
75365,58,75,-17,17
75366,77,89,-12,12
75367,97,107,-10,10
75368,95,107,-12,12
75369,123,136,-13,13
75370,107,141,-34,34
75371,117,125,-8,8
75372,72,96,-24,24
75373,119,121,-2,2
75374,103,108,-5,5
75375,129,140,-11,11
75376,83,90,-7,7
75377,248,236,12,12
75378,93,99,-6,6
75379,129,139,-10,10
75380,68,85,-17,17
75381,117,127,-10,10
75382,87,101,-14,14
75383,118,120,-2,2
75384,98,106,-8,8
75385,103,117,-14,14
75386,69,86,-17,17
75387,110,112,-2,2
75388,125,124,1,1
75389,113,123,-10,10
75390,112,120,-8,8
75391,81,86,-5,5
75392,86,101,-15,15
75393,148,146,2,2
75394,102,104,-2,2
75395,31,59,-28,28
75396,64,82,-18,18
75397,114,131,-17,17
75398,87,101,-14,14
75399,127,128,-1,1
75400,91,108,-17,17
75401,74,81,-7,7
75402,175,157,18,18
75403,223,165,58,58
75404,87,92,-5,5
75405,67,77,-10,10
75406,59,67,-8,8
75407,104,103,1,1
75408,64,100,-36,36
75409,149,157,-8,8
75410,125,130,-5,5
75411,45,62,-17,17
75412,93,108,-15,15
75413,86,100,-14,14
75414,80,88,-8,8
75415,73,78,-5,5
75416,92,101,-9,9
75417,120,148,-28,28
75418,126,128,-2,2
75419,73,88,-15,15
75420,54,75,-21,21
75421,65,80,-15,15
75422,100,112,-12,12
75423,105,111,-6,6
75424,85,93,-8,8
75425,100,101,-1,1
75426,81,99,-18,18
75427,67,81,-14,14
75428,174,165,9,9
75429,132,134,-2,2
75430,127,112,15,15
75431,96,113,-17,17
75432,73,85,-12,12
75433,86,95,-9,9
75434,73,84,-11,11
75435,124,129,-5,5
75436,75,89,-14,14
75437,49,77,-28,28
75438,99,138,-39,39
75439,55,69,-14,14
75440,141,134,7,7
75441,62,87,-25,25
75442,75,92,-17,17
75443,99,108,-9,9
75444,97,105,-8,8
75445,104,113,-9,9
75446,96,102,-6,6
75447,122,130,-8,8
75448,101,100,1,1
75449,109,122,-13,13
75450,111,123,-12,12
75451,99,104,-5,5
75452,77,99,-22,22
75453,118,136,-18,18
75454,89,93,-4,4
75455,75,95,-20,20
75456,59,74,-15,15
75457,57,78,-21,21
75458,99,101,-2,2
75459,88,85,3,3
75460,106,106,0,0
75461,101,116,-15,15
75462,131,135,-4,4
75463,127,133,-6,6
75464,65,76,-11,11
75465,101,102,-1,1
75466,140,142,-2,2
75467,122,130,-8,8
75468,80,91,-11,11
75469,128,140,-12,12
75470,85,97,-12,12
75471,111,120,-9,9
75472,78,99,-21,21
75473,93,104,-11,11
75474,42,60,-18,18
75475,66,69,-3,3
75476,95,111,-16,16
75477,90,89,1,1
75478,100,115,-15,15
75479,82,95,-13,13
75480,67,90,-23,23
75481,105,108,-3,3
75482,110,116,-6,6
75483,56,74,-18,18
75484,37,55,-18,18
75485,65,81,-16,16
75486,72,84,-12,12
75487,106,114,-8,8
75488,99,110,-11,11
75489,104,114,-10,10
75490,87,99,-12,12
75491,76,95,-19,19
75492,53,63,-10,10
75493,57,75,-18,18
75494,69,80,-11,11
75495,83,89,-6,6
75496,56,76,-20,20
75497,78,95,-17,17
75498,95,116,-21,21
75499,78,90,-12,12
75500,74,86,-12,12
75501,82,117,-35,35
75502,95,101,-6,6
75503,85,95,-10,10
75504,63,82,-19,19
75505,124,132,-8,8
75506,67,75,-8,8
75507,112,118,-6,6
75508,94,108,-14,14
75509,69,80,-11,11
75510,121,140,-19,19
75511,82,98,-16,16
75512,111,115,-4,4
75513,126,134,-8,8
75514,74,80,-6,6
75515,81,90,-9,9
75516,100,110,-10,10
75517,148,144,4,4
75518,88,100,-12,12
75519,70,80,-10,10
75520,150,143,7,7
75521,88,99,-11,11
75522,28,52,-24,24
75523,93,97,-4,4
75524,96,116,-20,20
75525,90,99,-9,9
75526,150,159,-9,9
75527,75,93,-18,18
75528,93,116,-23,23
75529,150,148,2,2
75530,123,116,7,7
75531,133,143,-10,10
75532,69,101,-32,32
75533,167,147,20,20
75534,46,63,-17,17
75535,92,109,-17,17
75536,54,68,-14,14
75537,154,147,7,7
75538,45,60,-15,15
75539,137,143,-6,6
75540,115,120,-5,5
75541,99,99,0,0
75542,93,99,-6,6
75543,83,90,-7,7
75544,115,113,2,2
75545,23,69,-46,46
75546,92,105,-13,13
75547,85,106,-21,21
75548,80,91,-11,11
75549,190,185,5,5
75550,95,101,-6,6
75551,153,143,10,10
75552,83,101,-18,18
75553,51,65,-14,14
75554,85,94,-9,9
75555,85,99,-14,14
75556,59,81,-22,22
75557,172,159,13,13
75558,53,74,-21,21
75559,128,124,4,4
75560,72,86,-14,14
75561,130,132,-2,2
75562,54,73,-19,19
75563,145,132,13,13
75564,94,113,-19,19
75565,111,118,-7,7
75566,35,67,-32,32
75567,74,91,-17,17
75568,85,105,-20,20
75569,129,130,-1,1
75570,49,73,-24,24
75571,56,78,-22,22
75572,99,105,-6,6
75573,79,108,-29,29
75574,129,133,-4,4
75575,74,88,-14,14
75576,78,102,-24,24
75577,70,89,-19,19
75578,157,166,-9,9
75579,98,113,-15,15
75580,66,86,-20,20
75581,75,91,-16,16
75582,76,85,-9,9
75583,94,113,-19,19
75584,100,102,-2,2
75585,50,66,-16,16
75586,98,106,-8,8
75587,96,114,-18,18
75588,134,144,-10,10
75589,108,108,0,0
75590,212,200,12,12
75591,138,144,-6,6
75592,88,95,-7,7
75593,12,39,-27,27
75594,66,81,-15,15
75595,98,104,-6,6
75596,110,116,-6,6
75597,75,88,-13,13
75598,146,150,-4,4
75599,176,182,-6,6
75600,91,98,-7,7
75601,88,96,-8,8
75602,51,68,-17,17
75603,190,170,20,20
75604,128,132,-4,4
75605,74,92,-18,18
75606,83,96,-13,13
75607,64,77,-13,13
75608,127,134,-7,7
75609,130,129,1,1
75610,95,101,-6,6
75611,66,152,-86,86
75612,46,62,-16,16
75613,79,92,-13,13
75614,110,121,-11,11
75615,116,123,-7,7
75616,68,88,-20,20
75617,70,103,-33,33
75618,59,90,-31,31
75619,107,107,0,0
75620,77,101,-24,24
75621,97,131,-34,34
75622,160,151,9,9
75623,130,147,-17,17
75624,60,74,-14,14
75625,104,107,-3,3
75626,91,101,-10,10
75627,89,111,-22,22
75628,49,67,-18,18
75629,155,151,4,4
75630,94,103,-9,9
75631,146,148,-2,2
75632,87,106,-19,19
75633,127,133,-6,6
75634,79,99,-20,20
75635,93,102,-9,9
75636,121,136,-15,15
75637,74,83,-9,9
75638,113,122,-9,9
75639,163,150,13,13
75640,122,119,3,3
75641,118,129,-11,11
75642,56,72,-16,16
75643,129,130,-1,1
75644,128,128,0,0
75645,159,149,10,10
75646,62,87,-25,25
75647,108,121,-13,13
75648,72,85,-13,13
75649,79,93,-14,14
75650,166,156,10,10
75651,62,88,-26,26
75652,144,151,-7,7
75653,129,130,-1,1
75654,72,89,-17,17
75655,93,97,-4,4
75656,86,107,-21,21
75657,126,128,-2,2
75658,86,96,-10,10
75659,87,101,-14,14
75660,183,176,7,7
75661,68,81,-13,13
75662,80,93,-13,13
75663,63,86,-23,23
75664,61,79,-18,18
75665,103,115,-12,12
75666,46,63,-17,17
75667,107,110,-3,3
75668,127,136,-9,9
75669,89,99,-10,10
75670,104,112,-8,8
75671,82,97,-15,15
75672,114,126,-12,12
75673,82,94,-12,12
75674,109,123,-14,14
75675,105,117,-12,12
75676,67,84,-17,17
75677,64,80,-16,16
75678,109,115,-6,6
75679,50,66,-16,16
75680,49,64,-15,15
75681,89,104,-15,15
75682,163,156,7,7
75683,64,84,-20,20
75684,180,160,20,20
75685,73,132,-59,59
75686,155,150,5,5
75687,106,117,-11,11
75688,102,108,-6,6
75689,142,145,-3,3
75690,62,81,-19,19
75691,93,107,-14,14
75692,125,121,4,4
75693,71,85,-14,14
75694,62,87,-25,25
75695,129,137,-8,8
75696,109,133,-24,24
75697,174,163,11,11
75698,103,115,-12,12
75699,124,123,1,1
75700,74,95,-21,21
75701,96,101,-5,5
75702,112,117,-5,5
75703,78,93,-15,15
75704,59,76,-17,17
75705,54,71,-17,17
75706,86,94,-8,8
75707,99,122,-23,23
75708,120,141,-21,21
75709,134,137,-3,3
75710,141,138,3,3
75711,99,112,-13,13
75712,92,104,-12,12
75713,121,132,-11,11
75714,74,86,-12,12
75715,101,102,-1,1
75716,14,110,-96,96
75717,80,89,-9,9
75718,88,95,-7,7
75719,60,78,-18,18
75720,112,122,-10,10
75721,153,142,11,11
75722,108,118,-10,10
75723,98,110,-12,12
75724,78,109,-31,31
75725,115,148,-33,33
75726,71,79,-8,8
75727,129,137,-8,8
75728,56,76,-20,20
75729,68,79,-11,11
75730,80,91,-11,11
75731,110,131,-21,21
75732,86,105,-19,19
75733,139,140,-1,1
75734,125,129,-4,4
75735,73,90,-17,17
75736,122,123,-1,1
75737,99,107,-8,8
75738,78,89,-11,11
75739,150,147,3,3
75740,112,106,6,6
75741,95,111,-16,16
75742,85,94,-9,9
75743,67,84,-17,17
75744,91,96,-5,5
75745,110,109,1,1
75746,88,90,-2,2
75747,115,138,-23,23
75748,78,93,-15,15
75749,89,112,-23,23
75750,71,83,-12,12
75751,65,75,-10,10
75752,67,94,-27,27
75753,144,141,3,3
75754,98,111,-13,13
75755,78,87,-9,9
75756,130,142,-12,12
75757,75,94,-19,19
75758,83,94,-11,11
75759,72,82,-10,10
75760,106,112,-6,6
75761,44,61,-17,17
75762,108,116,-8,8
75763,80,85,-5,5
75764,98,114,-16,16
75765,97,104,-7,7
75766,124,145,-21,21
75767,96,101,-5,5
75768,71,83,-12,12
75769,118,127,-9,9
75770,115,121,-6,6
75771,88,95,-7,7
75772,104,116,-12,12
75773,75,84,-9,9
75774,115,122,-7,7
75775,94,95,-1,1
75776,97,106,-9,9
75777,71,92,-21,21
75778,73,100,-27,27
75779,64,81,-17,17
75780,61,80,-19,19
75781,46,61,-15,15
75782,81,97,-16,16
75783,56,75,-19,19
75784,99,105,-6,6
75785,131,148,-17,17
75786,75,111,-36,36
75787,74,81,-7,7
75788,111,117,-6,6
75789,136,141,-5,5
75790,81,93,-12,12
75791,50,69,-19,19
75792,95,103,-8,8
75793,108,131,-23,23
75794,62,117,-55,55
75795,78,93,-15,15
75796,92,102,-10,10
75797,42,60,-18,18
75798,102,116,-14,14
75799,104,120,-16,16
75800,55,77,-22,22
75801,69,88,-19,19
75802,90,107,-17,17
75803,63,75,-12,12
75804,101,117,-16,16
75805,43,61,-18,18
75806,69,87,-18,18
75807,109,116,-7,7
75808,142,147,-5,5
75809,140,146,-6,6
75810,67,83,-16,16
75811,62,82,-20,20
75812,114,115,-1,1
75813,107,118,-11,11
75814,85,117,-32,32
75815,167,159,8,8
75816,163,161,2,2
75817,85,101,-16,16
75818,73,92,-19,19
75819,109,117,-8,8
75820,61,79,-18,18
75821,77,93,-16,16
75822,207,172,35,35
75823,99,112,-13,13
75824,182,163,19,19
75825,99,108,-9,9
75826,83,98,-15,15
75827,75,93,-18,18
75828,139,143,-4,4
75829,47,60,-13,13
75830,65,95,-30,30
75831,143,135,8,8
75832,73,95,-22,22
75833,79,94,-15,15
75834,85,88,-3,3
75835,88,104,-16,16
75836,141,139,2,2
75837,71,111,-40,40
75838,96,106,-10,10
75839,153,148,5,5
75840,133,129,4,4
75841,80,98,-18,18
75842,171,169,2,2
75843,125,136,-11,11
75844,91,100,-9,9
75845,61,77,-16,16
75846,131,129,2,2
75847,136,127,9,9
75848,58,77,-19,19
75849,93,100,-7,7
75850,88,101,-13,13
75851,68,83,-15,15
75852,129,135,-6,6
75853,127,125,2,2
75854,98,148,-50,50
75855,87,101,-14,14
75856,84,95,-11,11
75857,51,98,-47,47
75858,72,84,-12,12
75859,144,144,0,0
75860,96,108,-12,12
75861,61,72,-11,11
75862,86,98,-12,12
75863,78,86,-8,8
75864,51,76,-25,25
75865,151,147,4,4
75866,109,111,-2,2
75867,108,126,-18,18
75868,80,90,-10,10
75869,67,75,-8,8
75870,125,147,-22,22
75871,75,83,-8,8
75872,176,165,11,11
75873,105,115,-10,10
75874,82,99,-17,17
75875,146,148,-2,2
75876,49,118,-69,69
75877,68,95,-27,27
75878,119,130,-11,11
75879,40,55,-15,15
75880,118,127,-9,9
75881,65,78,-13,13
75882,92,107,-15,15
75883,69,80,-11,11
75884,110,115,-5,5
75885,94,102,-8,8
75886,152,172,-20,20
75887,118,125,-7,7
75888,72,85,-13,13
75889,141,139,2,2
75890,43,63,-20,20
75891,122,123,-1,1
75892,73,88,-15,15
75893,92,108,-16,16
75894,101,122,-21,21
75895,66,75,-9,9
75896,70,82,-12,12
75897,43,60,-17,17
75898,84,90,-6,6
75899,83,107,-24,24
75900,71,81,-10,10
75901,97,95,2,2
75902,116,124,-8,8
75903,107,128,-21,21
75904,152,148,4,4
75905,130,149,-19,19
75906,49,61,-12,12
75907,111,115,-4,4
75908,124,121,3,3
75909,75,86,-11,11
75910,112,138,-26,26
75911,111,126,-15,15
75912,97,107,-10,10
75913,47,61,-14,14
75914,114,107,7,7
75915,107,124,-17,17
75916,93,105,-12,12
75917,107,114,-7,7
75918,114,126,-12,12
75919,124,142,-18,18
75920,133,128,5,5
75921,64,77,-13,13
75922,80,95,-15,15
75923,155,147,8,8
75924,98,118,-20,20
75925,82,85,-3,3
75926,50,67,-17,17
75927,64,77,-13,13
75928,97,114,-17,17
75929,123,125,-2,2
75930,46,66,-20,20
75931,78,81,-3,3
75932,122,129,-7,7
75933,181,161,20,20
75934,64,82,-18,18
75935,56,74,-18,18
75936,72,95,-23,23
75937,141,143,-2,2
75938,126,132,-6,6
75939,71,76,-5,5
75940,81,81,0,0
75941,137,136,1,1
75942,91,102,-11,11
75943,117,123,-6,6
75944,160,157,3,3
75945,101,100,1,1
75946,55,81,-26,26
75947,104,118,-14,14
75948,72,85,-13,13
75949,165,156,9,9
75950,74,81,-7,7
75951,72,87,-15,15
75952,138,126,12,12
75953,87,103,-16,16
75954,66,77,-11,11
75955,78,90,-12,12
75956,80,87,-7,7
75957,111,126,-15,15
75958,132,139,-7,7
75959,70,83,-13,13
75960,96,105,-9,9
75961,127,135,-8,8
75962,121,126,-5,5
75963,57,69,-12,12
75964,203,188,15,15
75965,94,105,-11,11
75966,81,109,-28,28
75967,52,66,-14,14
75968,150,146,4,4
75969,83,125,-42,42
75970,99,102,-3,3
75971,64,77,-13,13
75972,79,92,-13,13
75973,81,100,-19,19
75974,47,66,-19,19
75975,54,70,-16,16
75976,152,147,5,5
75977,44,65,-21,21
75978,87,96,-9,9
75979,161,154,7,7
75980,83,94,-11,11
75981,75,90,-15,15
75982,111,128,-17,17
75983,60,71,-11,11
75984,98,103,-5,5
75985,74,94,-20,20
75986,81,89,-8,8
75987,113,122,-9,9
75988,110,113,-3,3
75989,84,97,-13,13
75990,57,71,-14,14
75991,70,83,-13,13
75992,175,155,20,20
75993,95,108,-13,13
75994,94,107,-13,13
75995,107,115,-8,8
75996,75,97,-22,22
75997,85,107,-22,22
75998,162,148,14,14
75999,93,107,-14,14
76000,73,89,-16,16
76001,86,98,-12,12
76002,179,166,13,13
76003,202,189,13,13
76004,98,114,-16,16
76005,85,104,-19,19
76006,37,60,-23,23
76007,121,123,-2,2
76008,128,132,-4,4
76009,87,106,-19,19
76010,141,147,-6,6
76011,70,81,-11,11
76012,151,156,-5,5
76013,116,121,-5,5
76014,81,89,-8,8
76015,81,85,-4,4
76016,89,102,-13,13
76017,124,116,8,8
76018,94,110,-16,16
76019,56,78,-22,22
76020,151,152,-1,1
76021,157,151,6,6
76022,70,89,-19,19
76023,154,152,2,2
76024,130,136,-6,6
76025,121,125,-4,4
76026,119,132,-13,13
76027,94,108,-14,14
76028,62,88,-26,26
76029,99,103,-4,4
76030,82,92,-10,10
76031,145,149,-4,4
76032,107,130,-23,23
76033,107,119,-12,12
76034,128,127,1,1
76035,52,70,-18,18
76036,103,113,-10,10
76037,70,82,-12,12
76038,161,158,3,3
76039,74,91,-17,17
76040,70,85,-15,15
76041,114,115,-1,1
76042,150,151,-1,1
76043,105,129,-24,24
76044,119,142,-23,23
76045,71,88,-17,17
76046,102,108,-6,6
76047,43,73,-30,30
76048,84,97,-13,13
76049,70,88,-18,18
76050,82,92,-10,10
76051,74,78,-4,4
76052,98,103,-5,5
76053,55,76,-21,21
76054,110,122,-12,12
76055,145,153,-8,8
76056,80,90,-10,10
76057,137,141,-4,4
76058,77,104,-27,27
76059,80,89,-9,9
76060,73,80,-7,7
76061,83,91,-8,8
76062,100,104,-4,4
76063,85,92,-7,7
76064,101,114,-13,13
76065,79,93,-14,14
76066,89,107,-18,18
76067,60,79,-19,19
76068,112,110,2,2
76069,173,161,12,12
76070,60,73,-13,13
76071,41,55,-14,14
76072,57,80,-23,23
76073,88,104,-16,16
76074,101,110,-9,9
76075,82,89,-7,7
76076,100,109,-9,9
76077,85,98,-13,13
76078,117,115,2,2
76079,83,100,-17,17
76080,162,150,12,12
76081,59,73,-14,14
76082,127,128,-1,1
76083,170,155,15,15
76084,114,115,-1,1
76085,111,116,-5,5
76086,44,62,-18,18
76087,91,112,-21,21
76088,76,97,-21,21
76089,64,82,-18,18
76090,67,77,-10,10
76091,135,136,-1,1
76092,75,88,-13,13
76093,110,117,-7,7
76094,84,93,-9,9
76095,77,88,-11,11
76096,97,109,-12,12
76097,85,103,-18,18
76098,61,70,-9,9
76099,86,100,-14,14
76100,75,84,-9,9
76101,83,121,-38,38
76102,168,160,8,8
76103,97,110,-13,13
76104,64,82,-18,18
76105,126,128,-2,2
76106,85,101,-16,16
76107,111,123,-12,12
76108,87,96,-9,9
76109,101,118,-17,17
76110,162,134,28,28
76111,143,148,-5,5
76112,123,123,0,0
76113,82,90,-8,8
76114,101,107,-6,6
76115,92,116,-24,24
76116,87,116,-29,29
76117,93,91,2,2
76118,100,120,-20,20
76119,92,99,-7,7
76120,85,92,-7,7
76121,49,68,-19,19
76122,79,104,-25,25
76123,58,70,-12,12
76124,85,105,-20,20
76125,61,76,-15,15
76126,140,145,-5,5
76127,127,140,-13,13
76128,152,149,3,3
76129,67,75,-8,8
76130,64,81,-17,17
76131,136,139,-3,3
76132,74,85,-11,11
76133,100,106,-6,6
76134,158,148,10,10
76135,80,97,-17,17
76136,88,98,-10,10
76137,110,128,-18,18
76138,74,82,-8,8
76139,116,133,-17,17
76140,82,88,-6,6
76141,117,121,-4,4
76142,81,90,-9,9
76143,74,87,-13,13
76144,104,115,-11,11
76145,147,142,5,5
76146,82,90,-8,8
76147,50,65,-15,15
76148,180,161,19,19
76149,182,180,2,2
76150,63,86,-23,23
76151,190,161,29,29
76152,122,147,-25,25
76153,99,107,-8,8
76154,66,84,-18,18
76155,53,85,-32,32
76156,63,78,-15,15
76157,125,148,-23,23
76158,112,114,-2,2
76159,85,101,-16,16
76160,56,72,-16,16
76161,85,98,-13,13
76162,70,91,-21,21
76163,83,100,-17,17
76164,135,143,-8,8
76165,57,70,-13,13
76166,84,94,-10,10
76167,90,114,-24,24
76168,59,76,-17,17
76169,77,87,-10,10
76170,64,74,-10,10
76171,99,111,-12,12
76172,109,114,-5,5
76173,97,110,-13,13
76174,92,101,-9,9
76175,87,104,-17,17
76176,42,58,-16,16
76177,74,92,-18,18
76178,162,176,-14,14
76179,125,126,-1,1
76180,178,174,4,4
76181,98,122,-24,24
76182,89,111,-22,22
76183,72,81,-9,9
76184,78,88,-10,10
76185,53,75,-22,22
76186,85,93,-8,8
76187,122,128,-6,6
76188,101,121,-20,20
76189,81,90,-9,9
76190,128,108,20,20
76191,98,109,-11,11
76192,154,160,-6,6
76193,122,136,-14,14
76194,63,73,-10,10
76195,83,101,-18,18
76196,98,112,-14,14
76197,70,81,-11,11
76198,89,113,-24,24
76199,111,129,-18,18
76200,44,69,-25,25
76201,48,72,-24,24
76202,104,112,-8,8
76203,106,114,-8,8
76204,148,139,9,9
76205,128,139,-11,11
76206,118,125,-7,7
76207,105,103,2,2
76208,141,149,-8,8
76209,115,119,-4,4
76210,161,155,6,6
76211,71,105,-34,34
76212,149,147,2,2
76213,77,87,-10,10
76214,117,118,-1,1
76215,119,125,-6,6
76216,116,118,-2,2
76217,88,98,-10,10
76218,107,123,-16,16
76219,72,94,-22,22
76220,137,152,-15,15
76221,122,136,-14,14
76222,126,135,-9,9
76223,50,76,-26,26
76224,119,116,3,3
76225,79,85,-6,6
76226,124,140,-16,16
76227,128,139,-11,11
76228,132,129,3,3
76229,90,99,-9,9
76230,95,109,-14,14
76231,97,104,-7,7
76232,63,81,-18,18
76233,109,116,-7,7
76234,133,147,-14,14
76235,104,113,-9,9
76236,35,89,-54,54
76237,72,89,-17,17
76238,65,90,-25,25
76239,120,123,-3,3
76240,135,154,-19,19
76241,130,129,1,1
76242,137,146,-9,9
76243,81,92,-11,11
76244,83,98,-15,15
76245,51,72,-21,21
76246,77,95,-18,18
76247,116,118,-2,2
76248,72,94,-22,22
76249,97,116,-19,19
76250,78,86,-8,8
76251,63,76,-13,13
76252,130,141,-11,11
76253,158,155,3,3
76254,75,99,-24,24
76255,76,87,-11,11
76256,101,113,-12,12
76257,44,66,-22,22
76258,74,85,-11,11
76259,98,103,-5,5
76260,134,143,-9,9
76261,104,113,-9,9
76262,88,100,-12,12
76263,179,163,16,16
76264,46,67,-21,21
76265,141,142,-1,1
76266,91,90,1,1
76267,72,87,-15,15
76268,82,92,-10,10
76269,73,89,-16,16
76270,139,139,0,0
76271,124,127,-3,3
76272,100,101,-1,1
76273,98,106,-8,8
76274,80,93,-13,13
76275,97,124,-27,27
76276,62,80,-18,18
76277,136,148,-12,12
76278,93,100,-7,7
76279,104,113,-9,9
76280,158,153,5,5
76281,105,109,-4,4
76282,82,80,2,2
76283,150,150,0,0
76284,161,153,8,8
76285,68,80,-12,12
76286,97,112,-15,15
76287,106,112,-6,6
76288,75,84,-9,9
76289,95,105,-10,10
76290,84,97,-13,13
76291,144,140,4,4
76292,115,126,-11,11
76293,45,67,-22,22
76294,99,106,-7,7
76295,91,100,-9,9
76296,75,79,-4,4
76297,134,125,9,9
76298,69,79,-10,10
76299,74,87,-13,13
76300,53,68,-15,15
76301,74,94,-20,20
76302,95,107,-12,12
76303,54,71,-17,17
76304,96,105,-9,9
76305,93,103,-10,10
76306,108,116,-8,8
76307,104,125,-21,21
76308,80,91,-11,11
76309,87,94,-7,7
76310,98,115,-17,17
76311,60,78,-18,18
76312,65,82,-17,17
76313,75,95,-20,20
76314,80,98,-18,18
76315,81,101,-20,20
76316,123,124,-1,1
76317,89,105,-16,16
76318,142,147,-5,5
76319,64,74,-10,10
76320,100,117,-17,17
76321,45,76,-31,31
76322,118,121,-3,3
76323,73,90,-17,17
76324,74,91,-17,17
76325,102,115,-13,13
76326,66,90,-24,24
76327,120,131,-11,11
76328,57,72,-15,15
76329,149,140,9,9
76330,131,140,-9,9
76331,81,88,-7,7
76332,61,75,-14,14
76333,89,107,-18,18
76334,66,74,-8,8
76335,64,80,-16,16
76336,76,92,-16,16
76337,124,126,-2,2
76338,48,70,-22,22
76339,68,79,-11,11
76340,100,113,-13,13
76341,96,104,-8,8
76342,50,63,-13,13
76343,85,100,-15,15
76344,85,98,-13,13
76345,61,78,-17,17
76346,91,93,-2,2
76347,72,83,-11,11
76348,129,124,5,5
76349,104,111,-7,7
76350,54,79,-25,25
76351,53,70,-17,17
76352,105,121,-16,16
76353,91,116,-25,25
76354,66,88,-22,22
76355,59,75,-16,16
76356,118,125,-7,7
76357,109,124,-15,15
76358,63,77,-14,14
76359,63,73,-10,10
76360,68,81,-13,13
76361,166,172,-6,6
76362,84,97,-13,13
76363,66,76,-10,10
76364,100,120,-20,20
76365,104,113,-9,9
76366,65,76,-11,11
76367,57,73,-16,16
76368,99,108,-9,9
76369,96,121,-25,25
76370,71,83,-12,12
76371,57,78,-21,21
76372,105,124,-19,19
76373,88,95,-7,7
76374,54,71,-17,17
76375,181,160,21,21
76376,100,108,-8,8
76377,103,112,-9,9
76378,138,138,0,0
76379,65,88,-23,23
76380,71,86,-15,15
76381,70,82,-12,12
76382,72,81,-9,9
76383,66,75,-9,9
76384,79,91,-12,12
76385,169,161,8,8
76386,129,125,4,4
76387,129,120,9,9
76388,63,76,-13,13
76389,92,102,-10,10
76390,109,119,-10,10
76391,58,75,-17,17
76392,108,111,-3,3
76393,107,112,-5,5
76394,162,153,9,9
76395,57,71,-14,14
76396,109,128,-19,19
76397,86,98,-12,12
76398,91,95,-4,4
76399,89,95,-6,6
76400,93,107,-14,14
76401,70,82,-12,12
76402,73,90,-17,17
76403,71,83,-12,12
76404,59,71,-12,12
76405,166,156,10,10
76406,71,81,-10,10
76407,71,76,-5,5
76408,132,128,4,4
76409,103,120,-17,17
76410,114,117,-3,3
76411,103,122,-19,19
76412,98,106,-8,8
76413,92,99,-7,7
76414,102,124,-22,22
76415,113,128,-15,15
76416,130,151,-21,21
76417,56,76,-20,20
76418,127,131,-4,4
76419,53,83,-30,30
76420,129,136,-7,7
76421,93,103,-10,10
76422,133,132,1,1
76423,93,102,-9,9
76424,92,101,-9,9
76425,45,69,-24,24
76426,96,98,-2,2
76427,104,138,-34,34
76428,65,77,-12,12
76429,114,120,-6,6
76430,52,65,-13,13
76431,80,97,-17,17
76432,135,140,-5,5
76433,78,126,-48,48
76434,69,80,-11,11
76435,61,70,-9,9
76436,75,81,-6,6
76437,131,145,-14,14
76438,108,127,-19,19
76439,96,108,-12,12
76440,178,161,17,17
76441,171,168,3,3
76442,81,87,-6,6
76443,91,94,-3,3
76444,69,88,-19,19
76445,146,142,4,4
76446,111,114,-3,3
76447,65,78,-13,13
76448,86,97,-11,11
76449,79,109,-30,30
76450,108,111,-3,3
76451,94,106,-12,12
76452,107,118,-11,11
76453,100,104,-4,4
76454,121,122,-1,1
76455,144,152,-8,8
76456,66,79,-13,13
76457,40,56,-16,16
76458,99,113,-14,14
76459,32,57,-25,25
76460,69,86,-17,17
76461,145,147,-2,2
76462,76,91,-15,15
76463,85,94,-9,9
76464,53,72,-19,19
76465,27,53,-26,26
76466,55,84,-29,29
76467,41,59,-18,18
76468,57,76,-19,19
76469,83,68,15,15
76470,77,87,-10,10
76471,85,110,-25,25
76472,118,119,-1,1
76473,55,73,-18,18
76474,62,75,-13,13
76475,111,118,-7,7
76476,108,113,-5,5
76477,89,103,-14,14
76478,97,101,-4,4
76479,94,111,-17,17
76480,61,75,-14,14
76481,82,99,-17,17
76482,83,101,-18,18
76483,140,148,-8,8
76484,152,142,10,10
76485,86,94,-8,8
76486,33,55,-22,22
76487,88,97,-9,9
76488,71,81,-10,10
76489,97,124,-27,27
76490,81,100,-19,19
76491,129,129,0,0
76492,55,70,-15,15
76493,122,134,-12,12
76494,103,119,-16,16
76495,98,105,-7,7
76496,89,97,-8,8
76497,87,95,-8,8
76498,79,96,-17,17
76499,98,119,-21,21
76500,49,76,-27,27
76501,82,94,-12,12
76502,120,129,-9,9
76503,108,115,-7,7
76504,169,153,16,16
76505,161,155,6,6
76506,134,147,-13,13
76507,96,111,-15,15
76508,56,73,-17,17
76509,101,116,-15,15
76510,86,106,-20,20
76511,82,97,-15,15
76512,85,106,-21,21
76513,79,89,-10,10
76514,78,92,-14,14
76515,105,116,-11,11
76516,142,142,0,0
76517,65,92,-27,27
76518,57,74,-17,17
76519,81,93,-12,12
76520,139,120,19,19
76521,84,92,-8,8
76522,81,92,-11,11
76523,154,145,9,9
76524,147,146,1,1
76525,153,147,6,6
76526,73,90,-17,17
76527,141,142,-1,1
76528,43,64,-21,21
76529,101,110,-9,9
76530,42,65,-23,23
76531,78,91,-13,13
76532,97,121,-24,24
76533,65,84,-19,19
76534,58,74,-16,16
76535,79,102,-23,23
76536,95,107,-12,12
76537,105,126,-21,21
76538,37,58,-21,21
76539,82,97,-15,15
76540,130,136,-6,6
76541,99,120,-21,21
76542,125,116,9,9
76543,51,77,-26,26
76544,87,97,-10,10
76545,147,152,-5,5
76546,61,74,-13,13
76547,122,127,-5,5
76548,70,91,-21,21
76549,81,86,-5,5
76550,93,102,-9,9
76551,136,145,-9,9
76552,61,78,-17,17
76553,75,99,-24,24
76554,118,117,1,1
76555,110,128,-18,18
76556,153,157,-4,4
76557,57,69,-12,12
76558,128,126,2,2
76559,118,117,1,1
76560,81,102,-21,21
76561,82,90,-8,8
76562,126,131,-5,5
76563,110,119,-9,9
76564,91,107,-16,16
76565,106,98,8,8
76566,92,99,-7,7
76567,74,92,-18,18
76568,119,127,-8,8
76569,47,64,-17,17
76570,81,103,-22,22
76571,101,108,-7,7
76572,91,98,-7,7
76573,68,82,-14,14
76574,119,123,-4,4
76575,90,99,-9,9
76576,104,116,-12,12
76577,80,93,-13,13
76578,84,103,-19,19
76579,132,133,-1,1
76580,32,85,-53,53
76581,139,142,-3,3
76582,85,92,-7,7
76583,83,92,-9,9
76584,55,72,-17,17
76585,98,122,-24,24
76586,177,169,8,8
76587,81,97,-16,16
76588,90,108,-18,18
76589,133,131,2,2
76590,85,85,0,0
76591,58,68,-10,10
76592,133,141,-8,8
76593,81,89,-8,8
76594,149,146,3,3
76595,107,117,-10,10
76596,113,108,5,5
76597,108,111,-3,3
76598,93,103,-10,10
76599,100,102,-2,2
76600,66,83,-17,17
76601,109,112,-3,3
76602,77,100,-23,23
76603,208,173,35,35
76604,79,96,-17,17
76605,74,83,-9,9
76606,74,87,-13,13
76607,131,130,1,1
76608,127,124,3,3
76609,77,89,-12,12
76610,100,99,1,1
76611,82,128,-46,46
76612,100,114,-14,14
76613,65,86,-21,21
76614,97,113,-16,16
76615,146,139,7,7
76616,99,99,0,0
76617,117,121,-4,4
76618,71,86,-15,15
76619,60,74,-14,14
76620,75,88,-13,13
76621,46,66,-20,20
76622,121,117,4,4
76623,55,67,-12,12
76624,119,133,-14,14
76625,178,167,11,11
76626,131,137,-6,6
76627,123,126,-3,3
76628,99,110,-11,11
76629,164,154,10,10
76630,69,84,-15,15
76631,55,74,-19,19
76632,148,152,-4,4
76633,67,79,-12,12
76634,138,147,-9,9
76635,115,117,-2,2
76636,134,134,0,0
76637,91,108,-17,17
76638,94,103,-9,9
76639,114,116,-2,2
76640,92,100,-8,8
76641,98,118,-20,20
76642,41,55,-14,14
76643,49,69,-20,20
76644,59,83,-24,24
76645,90,97,-7,7
76646,165,155,10,10
76647,53,68,-15,15
76648,67,85,-18,18
76649,77,85,-8,8
76650,87,95,-8,8
76651,65,80,-15,15
76652,133,137,-4,4
76653,98,105,-7,7
76654,103,115,-12,12
76655,85,91,-6,6
76656,153,148,5,5
76657,85,89,-4,4
76658,126,141,-15,15
76659,102,125,-23,23
76660,115,122,-7,7
76661,78,101,-23,23
76662,152,153,-1,1
76663,72,90,-18,18
76664,65,81,-16,16
76665,71,83,-12,12
76666,134,142,-8,8
76667,104,113,-9,9
76668,54,75,-21,21
76669,133,132,1,1
76670,99,101,-2,2
76671,69,87,-18,18
76672,169,162,7,7
76673,94,109,-15,15
76674,106,120,-14,14
76675,86,99,-13,13
76676,107,113,-6,6
76677,52,75,-23,23
76678,71,89,-18,18
76679,87,94,-7,7
76680,155,159,-4,4
76681,58,76,-18,18
76682,144,142,2,2
76683,111,116,-5,5
76684,90,101,-11,11
76685,74,80,-6,6
76686,100,104,-4,4
76687,112,124,-12,12
76688,117,127,-10,10
76689,48,101,-53,53
76690,107,105,2,2
76691,144,146,-2,2
76692,86,88,-2,2
76693,101,105,-4,4
76694,94,109,-15,15
76695,129,127,2,2
76696,132,140,-8,8
76697,61,78,-17,17
76698,103,120,-17,17
76699,104,110,-6,6
76700,135,129,6,6
76701,76,93,-17,17
76702,112,122,-10,10
76703,114,111,3,3
76704,69,78,-9,9
76705,92,96,-4,4
76706,80,97,-17,17
76707,139,134,5,5
76708,76,87,-11,11
76709,71,82,-11,11
76710,100,113,-13,13
76711,106,106,0,0
76712,145,144,1,1
76713,76,97,-21,21
76714,92,111,-19,19
76715,49,63,-14,14
76716,110,117,-7,7
76717,92,105,-13,13
76718,173,149,24,24
76719,98,113,-15,15
76720,175,153,22,22
76721,75,97,-22,22
76722,103,101,2,2
76723,111,144,-33,33
76724,215,207,8,8
76725,131,134,-3,3
76726,67,86,-19,19
76727,127,145,-18,18
76728,72,87,-15,15
76729,43,84,-41,41
76730,65,84,-19,19
76731,69,82,-13,13
76732,149,153,-4,4
76733,75,84,-9,9
76734,81,95,-14,14
76735,76,78,-2,2
76736,53,76,-23,23
76737,79,104,-25,25
76738,152,147,5,5
76739,97,109,-12,12
76740,48,67,-19,19
76741,107,120,-13,13
76742,118,125,-7,7
76743,78,90,-12,12
76744,98,102,-4,4
76745,121,121,0,0
76746,108,111,-3,3
76747,59,73,-14,14
76748,95,111,-16,16
76749,98,109,-11,11
76750,71,81,-10,10
76751,76,85,-9,9
76752,100,120,-20,20
76753,70,78,-8,8
76754,71,78,-7,7
76755,94,90,4,4
76756,86,103,-17,17
76757,102,115,-13,13
76758,106,115,-9,9
76759,74,95,-21,21
76760,49,72,-23,23
76761,103,109,-6,6
76762,70,88,-18,18
76763,168,162,6,6
76764,66,84,-18,18
76765,128,141,-13,13
76766,110,114,-4,4
76767,82,88,-6,6
76768,92,96,-4,4
76769,187,176,11,11
76770,101,127,-26,26
76771,47,63,-16,16
76772,72,84,-12,12
76773,77,88,-11,11
76774,30,53,-23,23
76775,124,134,-10,10
76776,218,186,32,32
76777,110,124,-14,14
76778,106,122,-16,16
76779,133,128,5,5
76780,88,89,-1,1
76781,58,74,-16,16
76782,184,159,25,25
76783,152,145,7,7
76784,87,106,-19,19
76785,167,151,16,16
76786,93,108,-15,15
76787,130,121,9,9
76788,96,98,-2,2
76789,119,134,-15,15
76790,81,96,-15,15
76791,52,66,-14,14
76792,66,75,-9,9
76793,102,118,-16,16
76794,76,86,-10,10
76795,117,114,3,3
76796,98,105,-7,7
76797,81,92,-11,11
76798,99,116,-17,17
76799,81,88,-7,7
76800,64,84,-20,20
76801,139,149,-10,10
76802,84,98,-14,14
76803,68,80,-12,12
76804,42,59,-17,17
76805,73,80,-7,7
76806,158,140,18,18
76807,101,112,-11,11
76808,122,125,-3,3
76809,76,99,-23,23
76810,129,153,-24,24
76811,99,100,-1,1
76812,71,80,-9,9
76813,80,96,-16,16
76814,141,141,0,0
76815,48,63,-15,15
76816,146,145,1,1
76817,83,101,-18,18
76818,102,115,-13,13
76819,87,101,-14,14
76820,83,90,-7,7
76821,63,90,-27,27
76822,89,101,-12,12
76823,142,141,1,1
76824,90,110,-20,20
76825,97,104,-7,7
76826,130,137,-7,7
76827,88,96,-8,8
76828,146,149,-3,3
76829,118,121,-3,3
76830,124,128,-4,4
76831,108,130,-22,22
76832,53,73,-20,20
76833,78,94,-16,16
76834,54,71,-17,17
76835,121,123,-2,2
76836,105,126,-21,21
76837,47,73,-26,26
76838,58,68,-10,10
76839,126,123,3,3
76840,165,149,16,16
76841,118,122,-4,4
76842,54,72,-18,18
76843,98,102,-4,4
76844,39,53,-14,14
76845,88,105,-17,17
76846,85,104,-19,19
76847,92,112,-20,20
76848,101,118,-17,17
76849,69,96,-27,27
76850,70,77,-7,7
76851,57,109,-52,52
76852,89,104,-15,15
76853,165,156,9,9
76854,88,99,-11,11
76855,142,142,0,0
76856,109,126,-17,17
76857,105,116,-11,11
76858,94,110,-16,16
76859,124,130,-6,6
76860,119,124,-5,5
76861,41,59,-18,18
76862,102,111,-9,9
76863,90,86,4,4
76864,126,134,-8,8
76865,59,85,-26,26
76866,74,88,-14,14
76867,104,120,-16,16
76868,101,109,-8,8
76869,102,110,-8,8
76870,123,140,-17,17
76871,90,100,-10,10
76872,85,91,-6,6
76873,85,106,-21,21
76874,57,71,-14,14
76875,73,90,-17,17
76876,73,93,-20,20
76877,106,118,-12,12
76878,47,59,-12,12
76879,91,106,-15,15
76880,93,97,-4,4
76881,63,86,-23,23
76882,80,90,-10,10
76883,71,84,-13,13
76884,92,98,-6,6
76885,125,129,-4,4
76886,82,106,-24,24
76887,97,112,-15,15
76888,59,69,-10,10
76889,125,146,-21,21
76890,115,116,-1,1
76891,103,112,-9,9
76892,97,111,-14,14
76893,89,100,-11,11
76894,78,91,-13,13
76895,159,149,10,10
76896,117,136,-19,19
76897,100,106,-6,6
76898,104,114,-10,10
76899,97,117,-20,20
76900,114,115,-1,1
76901,118,134,-16,16
76902,99,96,3,3
76903,98,108,-10,10
76904,114,130,-16,16
76905,99,111,-12,12
76906,95,103,-8,8
76907,68,87,-19,19
76908,119,122,-3,3
76909,125,123,2,2
76910,74,87,-13,13
76911,97,103,-6,6
76912,101,108,-7,7
76913,157,155,2,2
76914,141,144,-3,3
76915,132,141,-9,9
76916,104,117,-13,13
76917,85,101,-16,16
76918,110,120,-10,10
76919,91,107,-16,16
76920,53,66,-13,13
76921,81,95,-14,14
76922,78,92,-14,14
76923,79,102,-23,23
76924,73,87,-14,14
76925,81,96,-15,15
76926,89,98,-9,9
76927,78,89,-11,11
76928,122,123,-1,1
76929,64,84,-20,20
76930,52,67,-15,15
76931,87,99,-12,12
76932,134,141,-7,7
76933,104,110,-6,6
76934,116,129,-13,13
76935,102,120,-18,18
76936,160,148,12,12
76937,83,90,-7,7
76938,159,161,-2,2
76939,130,144,-14,14
76940,92,100,-8,8
76941,95,105,-10,10
76942,179,181,-2,2
76943,132,124,8,8
76944,53,67,-14,14
76945,100,111,-11,11
76946,105,107,-2,2
76947,77,90,-13,13
76948,115,122,-7,7
76949,126,134,-8,8
76950,91,102,-11,11
76951,79,94,-15,15
76952,40,65,-25,25
76953,128,130,-2,2
76954,145,151,-6,6
76955,153,147,6,6
76956,81,90,-9,9
76957,113,131,-18,18
76958,138,131,7,7
76959,100,115,-15,15
76960,77,80,-3,3
76961,71,88,-17,17
76962,110,123,-13,13
76963,118,126,-8,8
76964,137,144,-7,7
76965,94,108,-14,14
76966,65,77,-12,12
76967,52,82,-30,30
76968,74,88,-14,14
76969,68,81,-13,13
76970,101,114,-13,13
76971,104,114,-10,10
76972,138,138,0,0
76973,71,83,-12,12
76974,140,134,6,6
76975,83,89,-6,6
76976,91,99,-8,8
76977,125,125,0,0
76978,77,96,-19,19
76979,63,76,-13,13
76980,116,119,-3,3
76981,102,113,-11,11
76982,121,136,-15,15
76983,116,124,-8,8
76984,181,171,10,10
76985,112,130,-18,18
76986,151,154,-3,3
76987,127,131,-4,4
76988,87,99,-12,12
76989,123,125,-2,2
76990,74,101,-27,27
76991,161,153,8,8
76992,48,64,-16,16
76993,207,192,15,15
76994,124,134,-10,10
76995,91,112,-21,21
76996,104,114,-10,10
76997,118,135,-17,17
76998,112,122,-10,10
76999,70,83,-13,13
77000,76,84,-8,8
77001,133,134,-1,1
77002,79,87,-8,8
77003,56,82,-26,26
77004,111,148,-37,37
77005,48,71,-23,23
77006,80,82,-2,2
77007,144,151,-7,7
77008,39,50,-11,11
77009,91,101,-10,10
77010,97,109,-12,12
77011,93,94,-1,1
77012,142,141,1,1
77013,116,122,-6,6
77014,86,104,-18,18
77015,128,138,-10,10
77016,101,122,-21,21
77017,53,76,-23,23
77018,153,148,5,5
77019,69,91,-22,22
77020,101,104,-3,3
77021,146,154,-8,8
77022,107,117,-10,10
77023,86,100,-14,14
77024,44,64,-20,20
77025,64,83,-19,19
77026,90,88,2,2
77027,69,84,-15,15
77028,78,100,-22,22
77029,141,142,-1,1
77030,54,60,-6,6
77031,61,70,-9,9
77032,140,133,7,7
77033,158,151,7,7
77034,96,103,-7,7
77035,159,151,8,8
77036,155,150,5,5
77037,152,146,6,6
77038,62,73,-11,11
77039,84,90,-6,6
77040,197,182,15,15
77041,123,129,-6,6
77042,80,96,-16,16
77043,25,49,-24,24
77044,140,148,-8,8
77045,65,88,-23,23
77046,67,108,-41,41
77047,62,80,-18,18
77048,71,83,-12,12
77049,138,143,-5,5
77050,73,84,-11,11
77051,84,100,-16,16
77052,227,193,34,34
77053,97,103,-6,6
77054,47,64,-17,17
77055,74,93,-19,19
77056,75,94,-19,19
77057,64,81,-17,17
77058,107,116,-9,9
77059,60,71,-11,11
77060,70,88,-18,18
77061,117,112,5,5
77062,110,124,-14,14
77063,118,124,-6,6
77064,86,96,-10,10
77065,61,85,-24,24
77066,72,84,-12,12
77067,153,147,6,6
77068,92,106,-14,14
77069,117,129,-12,12
77070,79,92,-13,13
77071,111,110,1,1
77072,48,64,-16,16
77073,71,78,-7,7
77074,100,109,-9,9
77075,90,97,-7,7
77076,67,83,-16,16
77077,111,117,-6,6
77078,68,81,-13,13
77079,113,117,-4,4
77080,78,103,-25,25
77081,94,103,-9,9
77082,86,101,-15,15
77083,131,140,-9,9
77084,142,137,5,5
77085,83,100,-17,17
77086,62,89,-27,27
77087,74,81,-7,7
77088,143,147,-4,4
77089,163,160,3,3
77090,78,88,-10,10
77091,42,57,-15,15
77092,69,80,-11,11
77093,68,79,-11,11
77094,132,134,-2,2
77095,59,72,-13,13
77096,107,117,-10,10
77097,107,119,-12,12
77098,49,67,-18,18
77099,114,122,-8,8
77100,87,95,-8,8
77101,103,105,-2,2
77102,122,129,-7,7
77103,114,123,-9,9
77104,172,157,15,15
77105,69,88,-19,19
77106,57,77,-20,20
77107,108,120,-12,12
77108,80,111,-31,31
77109,70,87,-17,17
77110,126,134,-8,8
77111,102,110,-8,8
77112,45,66,-21,21
77113,72,87,-15,15
77114,174,153,21,21
77115,101,118,-17,17
77116,53,69,-16,16
77117,71,81,-10,10
77118,157,161,-4,4
77119,139,142,-3,3
77120,116,114,2,2
77121,86,90,-4,4
77122,96,99,-3,3
77123,107,119,-12,12
77124,98,118,-20,20
77125,89,105,-16,16
77126,117,134,-17,17
77127,108,120,-12,12
77128,54,68,-14,14
77129,116,129,-13,13
77130,111,119,-8,8
77131,139,148,-9,9
77132,74,86,-12,12
77133,117,134,-17,17
77134,106,124,-18,18
77135,158,148,10,10
77136,97,108,-11,11
77137,70,79,-9,9
77138,106,119,-13,13
77139,82,87,-5,5
77140,141,141,0,0
77141,132,136,-4,4
77142,114,115,-1,1
77143,145,144,1,1
77144,56,76,-20,20
77145,109,106,3,3
77146,131,125,6,6
77147,154,132,22,22
77148,73,81,-8,8
77149,63,86,-23,23
77150,134,149,-15,15
77151,91,95,-4,4
77152,127,135,-8,8
77153,42,59,-17,17
77154,101,116,-15,15
77155,52,64,-12,12
77156,143,148,-5,5
77157,92,99,-7,7
77158,84,95,-11,11
77159,101,128,-27,27
77160,117,128,-11,11
77161,85,99,-14,14
77162,52,71,-19,19
77163,74,79,-5,5
77164,78,81,-3,3
77165,64,76,-12,12
77166,90,106,-16,16
77167,59,80,-21,21
77168,53,76,-23,23
77169,94,109,-15,15
77170,77,88,-11,11
77171,108,111,-3,3
77172,138,139,-1,1
77173,83,99,-16,16
77174,150,148,2,2
77175,108,114,-6,6
77176,64,78,-14,14
77177,101,122,-21,21
77178,92,98,-6,6
77179,150,144,6,6
77180,133,140,-7,7
77181,42,68,-26,26
77182,43,61,-18,18
77183,63,77,-14,14
77184,82,98,-16,16
77185,56,66,-10,10
77186,101,121,-20,20
77187,65,95,-30,30
77188,112,121,-9,9
77189,50,67,-17,17
77190,130,129,1,1
77191,88,108,-20,20
77192,74,87,-13,13
77193,129,144,-15,15
77194,57,81,-24,24
77195,110,120,-10,10
77196,99,112,-13,13
77197,77,83,-6,6
77198,117,127,-10,10
77199,107,110,-3,3
77200,62,76,-14,14
77201,75,94,-19,19
77202,97,113,-16,16
77203,54,70,-16,16
77204,80,88,-8,8
77205,84,95,-11,11
77206,52,67,-15,15
77207,106,117,-11,11
77208,99,126,-27,27
77209,92,98,-6,6
77210,53,72,-19,19
77211,135,142,-7,7
77212,116,112,4,4
77213,96,114,-18,18
77214,116,117,-1,1
77215,90,99,-9,9
77216,187,156,31,31
77217,55,104,-49,49
77218,48,63,-15,15
77219,77,96,-19,19
77220,74,90,-16,16
77221,97,117,-20,20
77222,159,154,5,5
77223,127,134,-7,7
77224,83,94,-11,11
77225,67,81,-14,14
77226,103,107,-4,4
77227,68,76,-8,8
77228,75,82,-7,7
77229,88,101,-13,13
77230,82,132,-50,50
77231,128,128,0,0
77232,177,159,18,18
77233,140,139,1,1
77234,108,100,8,8
77235,59,69,-10,10
77236,97,108,-11,11
77237,105,114,-9,9
77238,59,74,-15,15
77239,74,85,-11,11
77240,63,75,-12,12
77241,53,74,-21,21
77242,67,82,-15,15
77243,88,98,-10,10
77244,116,122,-6,6
77245,141,148,-7,7
77246,123,133,-10,10
77247,111,122,-11,11
77248,89,108,-19,19
77249,112,118,-6,6
77250,118,126,-8,8
77251,51,70,-19,19
77252,165,159,6,6
77253,70,86,-16,16
77254,92,97,-5,5
77255,156,143,13,13
77256,160,148,12,12
77257,64,79,-15,15
77258,137,141,-4,4
77259,93,98,-5,5
77260,124,134,-10,10
77261,77,94,-17,17
77262,128,138,-10,10
77263,79,81,-2,2
77264,61,89,-28,28
77265,112,116,-4,4
77266,45,61,-16,16
77267,67,75,-8,8
77268,126,131,-5,5
77269,92,100,-8,8
77270,74,94,-20,20
77271,67,85,-18,18
77272,105,110,-5,5
77273,167,165,2,2
77274,131,137,-6,6
77275,84,136,-52,52
77276,110,129,-19,19
77277,72,90,-18,18
77278,71,152,-81,81
77279,115,130,-15,15
77280,159,154,5,5
77281,82,103,-21,21
77282,100,122,-22,22
77283,70,76,-6,6
77284,104,117,-13,13
77285,49,64,-15,15
77286,104,118,-14,14
77287,101,119,-18,18
77288,66,82,-16,16
77289,87,98,-11,11
77290,85,107,-22,22
77291,124,144,-20,20
77292,121,123,-2,2
77293,97,105,-8,8
77294,63,74,-11,11
77295,93,108,-15,15
77296,79,85,-6,6
77297,49,63,-14,14
77298,95,108,-13,13
77299,76,96,-20,20
77300,133,141,-8,8
77301,66,83,-17,17
77302,85,117,-32,32
77303,228,230,-2,2
77304,124,138,-14,14
77305,90,94,-4,4
77306,95,108,-13,13
77307,54,75,-21,21
77308,82,112,-30,30
77309,155,146,9,9
77310,173,160,13,13
77311,171,155,16,16
77312,42,74,-32,32
77313,141,148,-7,7
77314,92,96,-4,4
77315,94,100,-6,6
77316,82,96,-14,14
77317,132,133,-1,1
77318,124,128,-4,4
77319,94,100,-6,6
77320,60,74,-14,14
77321,58,77,-19,19
77322,102,120,-18,18
77323,112,121,-9,9
77324,121,126,-5,5
77325,133,146,-13,13
77326,54,82,-28,28
77327,105,120,-15,15
77328,82,96,-14,14
77329,104,110,-6,6
77330,91,102,-11,11
77331,103,121,-18,18
77332,96,119,-23,23
77333,147,159,-12,12
77334,95,107,-12,12
77335,111,126,-15,15
77336,106,119,-13,13
77337,59,74,-15,15
77338,77,87,-10,10
77339,97,101,-4,4
77340,73,74,-1,1
77341,105,110,-5,5
77342,122,124,-2,2
77343,55,77,-22,22
77344,108,119,-11,11
77345,59,73,-14,14
77346,124,134,-10,10
77347,116,127,-11,11
77348,100,107,-7,7
77349,76,94,-18,18
77350,102,106,-4,4
77351,95,116,-21,21
77352,138,138,0,0
77353,119,130,-11,11
77354,78,90,-12,12
77355,108,122,-14,14
77356,34,54,-20,20
77357,105,118,-13,13
77358,120,123,-3,3
77359,91,103,-12,12
77360,103,124,-21,21
77361,75,86,-11,11
77362,176,156,20,20
77363,85,92,-7,7
77364,75,85,-10,10
77365,103,118,-15,15
77366,81,97,-16,16
77367,105,126,-21,21
77368,50,76,-26,26
77369,118,124,-6,6
77370,163,156,7,7
77371,137,137,0,0
77372,167,166,1,1
77373,116,126,-10,10
77374,52,67,-15,15
77375,115,119,-4,4
77376,188,182,6,6
77377,187,168,19,19
77378,84,94,-10,10
77379,124,128,-4,4
77380,95,104,-9,9
77381,79,99,-20,20
77382,72,76,-4,4
77383,68,83,-15,15
77384,116,123,-7,7
77385,83,112,-29,29
77386,94,103,-9,9
77387,63,78,-15,15
77388,200,186,14,14
77389,61,77,-16,16
77390,148,147,1,1
77391,56,74,-18,18
77392,110,118,-8,8
77393,94,111,-17,17
77394,59,80,-21,21
77395,76,83,-7,7
77396,67,86,-19,19
77397,102,116,-14,14
77398,165,149,16,16
77399,79,92,-13,13
77400,74,81,-7,7
77401,136,137,-1,1
77402,116,117,-1,1
77403,95,112,-17,17
77404,112,126,-14,14
77405,65,84,-19,19
77406,43,63,-20,20
77407,92,103,-11,11
77408,48,65,-17,17
77409,75,89,-14,14
77410,118,128,-10,10
77411,99,117,-18,18
77412,101,108,-7,7
77413,41,75,-34,34
77414,78,101,-23,23
77415,129,124,5,5
77416,109,125,-16,16
77417,81,91,-10,10
77418,167,154,13,13
77419,55,93,-38,38
77420,202,169,33,33
77421,118,123,-5,5
77422,122,134,-12,12
77423,67,82,-15,15
77424,67,80,-13,13
77425,54,72,-18,18
77426,54,74,-20,20
77427,89,105,-16,16
77428,107,116,-9,9
77429,94,107,-13,13
77430,72,79,-7,7
77431,127,137,-10,10
77432,84,109,-25,25
77433,64,81,-17,17
77434,96,109,-13,13
77435,116,120,-4,4
77436,127,132,-5,5
77437,128,130,-2,2
77438,118,139,-21,21
77439,62,79,-17,17
77440,73,85,-12,12
77441,36,56,-20,20
77442,165,148,17,17
77443,100,119,-19,19
77444,65,81,-16,16
77445,75,91,-16,16
77446,75,100,-25,25
77447,97,112,-15,15
77448,93,121,-28,28
77449,57,73,-16,16
77450,59,75,-16,16
77451,85,94,-9,9
77452,99,124,-25,25
77453,87,100,-13,13
77454,102,123,-21,21
77455,75,93,-18,18
77456,92,104,-12,12
77457,79,101,-22,22
77458,50,70,-20,20
77459,48,67,-19,19
77460,217,183,34,34
77461,132,131,1,1
77462,101,112,-11,11
77463,82,92,-10,10
77464,116,127,-11,11
77465,112,109,3,3
77466,66,92,-26,26
77467,81,99,-18,18
77468,56,71,-15,15
77469,97,98,-1,1
77470,84,90,-6,6
77471,37,58,-21,21
77472,74,82,-8,8
77473,127,136,-9,9
77474,54,73,-19,19
77475,80,91,-11,11
77476,57,69,-12,12
77477,106,98,8,8
77478,91,105,-14,14
77479,103,114,-11,11
77480,114,110,4,4
77481,131,148,-17,17
77482,85,93,-8,8
77483,85,102,-17,17
77484,93,106,-13,13
77485,74,88,-14,14
77486,88,103,-15,15
77487,52,68,-16,16
77488,41,54,-13,13
77489,82,96,-14,14
77490,112,116,-4,4
77491,67,78,-11,11
77492,69,88,-19,19
77493,150,144,6,6
77494,93,105,-12,12
77495,63,75,-12,12
77496,95,99,-4,4
77497,46,63,-17,17
77498,72,84,-12,12
77499,77,99,-22,22
77500,87,104,-17,17
77501,121,135,-14,14
77502,149,142,7,7
77503,82,84,-2,2
77504,57,71,-14,14
77505,127,120,7,7
77506,103,109,-6,6
77507,96,105,-9,9
77508,82,89,-7,7
77509,161,151,10,10
77510,133,134,-1,1
77511,73,85,-12,12
77512,71,76,-5,5
77513,168,160,8,8
77514,137,146,-9,9
77515,72,81,-9,9
77516,77,90,-13,13
77517,114,121,-7,7
77518,115,121,-6,6
77519,70,81,-11,11
77520,78,92,-14,14
77521,118,128,-10,10
77522,88,95,-7,7
77523,81,89,-8,8
77524,118,128,-10,10
77525,60,73,-13,13
77526,98,110,-12,12
77527,99,100,-1,1
77528,55,68,-13,13
77529,100,109,-9,9
77530,75,92,-17,17
77531,77,80,-3,3
77532,139,147,-8,8
77533,99,103,-4,4
77534,106,118,-12,12
77535,92,111,-19,19
77536,87,99,-12,12
77537,55,80,-25,25
77538,89,111,-22,22
77539,106,125,-19,19
77540,161,163,-2,2
77541,72,88,-16,16
77542,119,115,4,4
77543,90,95,-5,5
77544,110,116,-6,6
77545,51,70,-19,19
77546,63,81,-18,18
77547,42,65,-23,23
77548,85,91,-6,6
77549,144,143,1,1
77550,69,90,-21,21
77551,43,63,-20,20
77552,94,109,-15,15
77553,178,183,-5,5
77554,80,91,-11,11
77555,65,78,-13,13
77556,62,78,-16,16
77557,62,73,-11,11
77558,144,147,-3,3
77559,102,107,-5,5
77560,104,118,-14,14
77561,45,70,-25,25
77562,57,74,-17,17
77563,132,123,9,9
77564,105,110,-5,5
77565,99,109,-10,10
77566,60,85,-25,25
77567,72,87,-15,15
77568,122,143,-21,21
77569,141,146,-5,5
77570,94,98,-4,4
77571,89,110,-21,21
77572,43,69,-26,26
77573,160,150,10,10
77574,84,87,-3,3
77575,84,92,-8,8
77576,90,103,-13,13
77577,68,84,-16,16
77578,189,176,13,13
77579,77,97,-20,20
77580,59,78,-19,19
77581,139,146,-7,7
77582,98,108,-10,10
77583,147,142,5,5
77584,158,146,12,12
77585,97,104,-7,7
77586,109,120,-11,11
77587,112,116,-4,4
77588,74,85,-11,11
77589,155,148,7,7
77590,75,87,-12,12
77591,129,131,-2,2
77592,189,179,10,10
77593,98,112,-14,14
77594,68,85,-17,17
77595,100,110,-10,10
77596,136,128,8,8
77597,144,146,-2,2
77598,123,132,-9,9
77599,60,72,-12,12
77600,131,130,1,1
77601,74,95,-21,21
77602,148,130,18,18
77603,112,113,-1,1
77604,60,76,-16,16
77605,89,95,-6,6
77606,83,103,-20,20
77607,100,103,-3,3
77608,70,87,-17,17
77609,119,134,-15,15
77610,52,73,-21,21
77611,72,87,-15,15
77612,127,130,-3,3
77613,82,96,-14,14
77614,65,75,-10,10
77615,75,81,-6,6
77616,65,78,-13,13
77617,80,111,-31,31
77618,95,129,-34,34
77619,74,95,-21,21
77620,107,117,-10,10
77621,63,78,-15,15
77622,117,124,-7,7
77623,83,88,-5,5
77624,74,84,-10,10
77625,56,65,-9,9
77626,143,152,-9,9
77627,61,82,-21,21
77628,92,111,-19,19
77629,147,158,-11,11
77630,68,90,-22,22
77631,95,104,-9,9
77632,80,99,-19,19
77633,129,130,-1,1
77634,133,151,-18,18
77635,47,61,-14,14
77636,65,72,-7,7
77637,85,92,-7,7
77638,100,107,-7,7
77639,113,123,-10,10
77640,104,111,-7,7
77641,70,83,-13,13
77642,16,46,-30,30
77643,102,109,-7,7
77644,125,128,-3,3
77645,83,96,-13,13
77646,114,115,-1,1
77647,150,150,0,0
77648,164,152,12,12
77649,97,114,-17,17
77650,71,82,-11,11
77651,78,91,-13,13
77652,128,132,-4,4
77653,111,116,-5,5
77654,78,89,-11,11
77655,83,96,-13,13
77656,84,92,-8,8
77657,81,91,-10,10
77658,103,121,-18,18
77659,91,106,-15,15
77660,79,90,-11,11
77661,84,95,-11,11
77662,143,135,8,8
77663,97,108,-11,11
77664,85,97,-12,12
77665,120,122,-2,2
77666,88,114,-26,26
77667,114,117,-3,3
77668,116,122,-6,6
77669,72,93,-21,21
77670,101,105,-4,4
77671,129,133,-4,4
77672,119,115,4,4
77673,86,102,-16,16
77674,75,94,-19,19
77675,76,87,-11,11
77676,84,92,-8,8
77677,75,91,-16,16
77678,124,137,-13,13
77679,177,186,-9,9
77680,75,88,-13,13
77681,117,124,-7,7
77682,99,143,-44,44
77683,50,65,-15,15
77684,70,95,-25,25
77685,115,119,-4,4
77686,60,73,-13,13
77687,96,102,-6,6
77688,142,142,0,0
77689,87,95,-8,8
77690,112,122,-10,10
77691,116,114,2,2
77692,56,70,-14,14
77693,158,156,2,2
77694,188,175,13,13
77695,181,163,18,18
77696,104,105,-1,1
77697,159,155,4,4
77698,122,138,-16,16
77699,69,86,-17,17
77700,105,112,-7,7
77701,84,104,-20,20
77702,80,94,-14,14
77703,62,75,-13,13
77704,75,86,-11,11
77705,72,93,-21,21
77706,86,96,-10,10
77707,99,120,-21,21
77708,59,73,-14,14
77709,104,112,-8,8
77710,78,91,-13,13
77711,97,112,-15,15
77712,129,131,-2,2
77713,64,82,-18,18
77714,105,111,-6,6
77715,93,98,-5,5
77716,92,102,-10,10
77717,40,55,-15,15
77718,98,115,-17,17
77719,132,144,-12,12
77720,67,90,-23,23
77721,51,95,-44,44
77722,81,102,-21,21
77723,142,149,-7,7
77724,145,143,2,2
77725,72,84,-12,12
77726,102,114,-12,12
77727,87,94,-7,7
77728,111,117,-6,6
77729,80,92,-12,12
77730,85,99,-14,14
77731,144,140,4,4
77732,66,87,-21,21
77733,98,103,-5,5
77734,91,103,-12,12
77735,61,82,-21,21
77736,46,70,-24,24
77737,89,110,-21,21
77738,105,105,0,0
77739,102,103,-1,1
77740,100,113,-13,13
77741,58,79,-21,21
77742,116,126,-10,10
77743,73,88,-15,15
77744,96,104,-8,8
77745,89,97,-8,8
77746,79,97,-18,18
77747,74,85,-11,11
77748,100,101,-1,1
77749,35,65,-30,30
77750,49,65,-16,16
77751,79,94,-15,15
77752,102,105,-3,3
77753,104,101,3,3
77754,198,171,27,27
77755,136,140,-4,4
77756,62,84,-22,22
77757,100,111,-11,11
77758,89,99,-10,10
77759,131,133,-2,2
77760,82,93,-11,11
77761,157,150,7,7
77762,71,86,-15,15
77763,54,69,-15,15
77764,115,133,-18,18
77765,80,92,-12,12
77766,69,82,-13,13
77767,80,87,-7,7
77768,89,102,-13,13
77769,91,102,-11,11
77770,171,151,20,20
77771,86,99,-13,13
77772,120,127,-7,7
77773,72,87,-15,15
77774,67,78,-11,11
77775,122,147,-25,25
77776,71,81,-10,10
77777,119,129,-10,10
77778,80,91,-11,11
77779,110,108,2,2
77780,47,63,-16,16
77781,193,170,23,23
77782,80,89,-9,9
77783,52,70,-18,18
77784,61,78,-17,17
77785,90,121,-31,31
77786,85,97,-12,12
77787,74,86,-12,12
77788,85,101,-16,16
77789,125,149,-24,24
77790,150,147,3,3
77791,89,99,-10,10
77792,93,102,-9,9
77793,131,142,-11,11
77794,66,85,-19,19
77795,78,92,-14,14
77796,151,150,1,1
77797,91,102,-11,11
77798,75,97,-22,22
77799,39,54,-15,15
77800,54,66,-12,12
77801,106,108,-2,2
77802,128,139,-11,11
77803,49,69,-20,20
77804,124,131,-7,7
77805,76,88,-12,12
77806,89,97,-8,8
77807,48,63,-15,15
77808,135,151,-16,16
77809,108,118,-10,10
77810,113,117,-4,4
77811,97,105,-8,8
77812,155,154,1,1
77813,154,148,6,6
77814,118,115,3,3
77815,87,91,-4,4
77816,56,76,-20,20
77817,56,90,-34,34
77818,70,93,-23,23
77819,45,66,-21,21
77820,49,89,-40,40
77821,91,93,-2,2
77822,76,86,-10,10
77823,81,113,-32,32
77824,121,132,-11,11
77825,109,115,-6,6
77826,72,95,-23,23
77827,75,90,-15,15
77828,35,62,-27,27
77829,90,110,-20,20
77830,132,135,-3,3
77831,140,154,-14,14
77832,75,93,-18,18
77833,76,88,-12,12
77834,111,139,-28,28
77835,92,110,-18,18
77836,120,140,-20,20
77837,119,126,-7,7
77838,78,97,-19,19
77839,86,98,-12,12
77840,60,79,-19,19
77841,158,150,8,8
77842,94,103,-9,9
77843,126,130,-4,4
77844,112,115,-3,3
77845,112,115,-3,3
77846,73,89,-16,16
77847,94,111,-17,17
77848,133,129,4,4
77849,70,77,-7,7
77850,83,90,-7,7
77851,117,125,-8,8
77852,104,117,-13,13
77853,109,119,-10,10
77854,173,150,23,23
77855,55,82,-27,27
77856,46,64,-18,18
77857,36,56,-20,20
77858,76,90,-14,14
77859,136,139,-3,3
77860,102,111,-9,9
77861,110,119,-9,9
77862,94,99,-5,5
77863,80,88,-8,8
77864,149,147,2,2
77865,249,222,27,27
77866,150,155,-5,5
77867,49,69,-20,20
77868,58,69,-11,11
77869,54,68,-14,14
77870,83,83,0,0
77871,119,120,-1,1
77872,58,74,-16,16
77873,123,120,3,3
77874,125,128,-3,3
77875,115,133,-18,18
77876,74,99,-25,25
77877,71,80,-9,9
77878,162,148,14,14
77879,96,114,-18,18
77880,63,78,-15,15
77881,87,105,-18,18
77882,74,79,-5,5
77883,70,99,-29,29
77884,114,124,-10,10
77885,72,82,-10,10
77886,58,80,-22,22
77887,117,119,-2,2
77888,77,107,-30,30
77889,57,79,-22,22
77890,142,144,-2,2
77891,57,80,-23,23
77892,77,88,-11,11
77893,100,134,-34,34
77894,92,119,-27,27
77895,53,72,-19,19
77896,98,104,-6,6
77897,96,106,-10,10
77898,67,79,-12,12
77899,69,85,-16,16
77900,108,119,-11,11
77901,97,101,-4,4
77902,75,82,-7,7
77903,97,110,-13,13
77904,127,126,1,1
77905,87,95,-8,8
77906,86,96,-10,10
77907,84,86,-2,2
77908,86,96,-10,10
77909,88,102,-14,14
77910,97,105,-8,8
77911,86,93,-7,7
77912,79,99,-20,20
77913,183,168,15,15
77914,97,110,-13,13
77915,136,142,-6,6
77916,78,93,-15,15
77917,128,136,-8,8
77918,116,119,-3,3
77919,167,159,8,8
77920,143,151,-8,8
77921,72,94,-22,22
77922,101,110,-9,9
77923,89,100,-11,11
77924,63,73,-10,10
77925,136,138,-2,2
77926,129,136,-7,7
77927,77,95,-18,18
77928,70,93,-23,23
77929,114,120,-6,6
77930,100,122,-22,22
77931,133,133,0,0
77932,130,140,-10,10
77933,64,74,-10,10
77934,105,111,-6,6
77935,171,153,18,18
77936,120,121,-1,1
77937,95,110,-15,15
77938,72,88,-16,16
77939,75,85,-10,10
77940,110,111,-1,1
77941,119,122,-3,3
77942,184,169,15,15
77943,132,142,-10,10
77944,128,142,-14,14
77945,78,108,-30,30
77946,124,136,-12,12
77947,123,133,-10,10
77948,105,104,1,1
77949,51,75,-24,24
77950,89,114,-25,25
77951,58,75,-17,17
77952,112,117,-5,5
77953,97,104,-7,7
77954,95,110,-15,15
77955,79,93,-14,14
77956,85,96,-11,11
77957,135,128,7,7
77958,127,138,-11,11
77959,95,96,-1,1
77960,141,149,-8,8
77961,76,92,-16,16
77962,63,78,-15,15
77963,106,113,-7,7
77964,95,100,-5,5
77965,91,97,-6,6
77966,147,148,-1,1
77967,124,128,-4,4
77968,88,92,-4,4
77969,70,84,-14,14
77970,80,104,-24,24
77971,41,61,-20,20
77972,59,72,-13,13
77973,97,117,-20,20
77974,61,76,-15,15
77975,148,144,4,4
77976,106,114,-8,8
77977,102,125,-23,23
77978,66,79,-13,13
77979,75,83,-8,8
77980,98,102,-4,4
77981,58,68,-10,10
77982,59,74,-15,15
77983,53,68,-15,15
77984,53,92,-39,39
77985,121,119,2,2
77986,101,100,1,1
77987,145,145,0,0
77988,57,74,-17,17
77989,74,81,-7,7
77990,65,78,-13,13
77991,79,102,-23,23
77992,117,133,-16,16
77993,65,79,-14,14
77994,64,82,-18,18
77995,81,88,-7,7
77996,125,120,5,5
77997,67,81,-14,14
77998,69,85,-16,16
77999,59,67,-8,8
78000,126,127,-1,1
78001,106,116,-10,10
78002,63,78,-15,15
78003,89,107,-18,18
78004,120,113,7,7
78005,97,111,-14,14
78006,70,81,-11,11
78007,116,133,-17,17
78008,77,84,-7,7
78009,49,66,-17,17
78010,71,80,-9,9
78011,64,87,-23,23
78012,72,77,-5,5
78013,128,125,3,3
78014,98,103,-5,5
78015,66,86,-20,20
78016,112,124,-12,12
78017,51,68,-17,17
78018,85,96,-11,11
78019,100,104,-4,4
78020,92,100,-8,8
78021,111,122,-11,11
78022,100,130,-30,30
78023,96,106,-10,10
78024,166,151,15,15
78025,137,148,-11,11
78026,72,87,-15,15
78027,115,128,-13,13
78028,88,95,-7,7
78029,91,105,-14,14
78030,103,120,-17,17
78031,47,72,-25,25
78032,86,113,-27,27
78033,136,134,2,2
78034,157,154,3,3
78035,124,135,-11,11
78036,137,147,-10,10
78037,101,111,-10,10
78038,74,88,-14,14
78039,85,89,-4,4
78040,45,59,-14,14
78041,168,157,11,11
78042,115,119,-4,4
78043,116,138,-22,22
78044,84,105,-21,21
78045,102,114,-12,12
78046,59,88,-29,29
78047,106,121,-15,15
78048,60,83,-23,23
78049,123,128,-5,5
78050,85,87,-2,2
78051,60,79,-19,19
78052,82,86,-4,4
78053,160,150,10,10
78054,82,94,-12,12
78055,83,96,-13,13
78056,73,86,-13,13
78057,113,125,-12,12
78058,95,98,-3,3
78059,100,105,-5,5
78060,40,62,-22,22
78061,80,94,-14,14
78062,110,117,-7,7
78063,144,148,-4,4
78064,115,116,-1,1
78065,64,93,-29,29
78066,119,124,-5,5
78067,102,114,-12,12
78068,159,147,12,12
78069,104,109,-5,5
78070,91,99,-8,8
78071,133,140,-7,7
78072,98,108,-10,10
78073,96,114,-18,18
78074,134,138,-4,4
78075,160,151,9,9
78076,59,84,-25,25
78077,74,98,-24,24
78078,106,107,-1,1
78079,64,74,-10,10
78080,90,108,-18,18
78081,67,79,-12,12
78082,100,111,-11,11
78083,68,80,-12,12
78084,159,154,5,5
78085,87,99,-12,12
78086,123,140,-17,17
78087,78,90,-12,12
78088,95,100,-5,5
78089,56,82,-26,26
78090,102,116,-14,14
78091,108,104,4,4
78092,73,82,-9,9
78093,111,123,-12,12
78094,137,141,-4,4
78095,84,97,-13,13
78096,89,92,-3,3
78097,70,97,-27,27
78098,78,94,-16,16
78099,152,149,3,3
78100,81,96,-15,15
78101,49,69,-20,20
78102,69,85,-16,16
78103,102,98,4,4
78104,62,76,-14,14
78105,91,101,-10,10
78106,72,71,1,1
78107,47,63,-16,16
78108,184,155,29,29
78109,103,103,0,0
78110,69,87,-18,18
78111,51,77,-26,26
78112,120,139,-19,19
78113,105,99,6,6
78114,46,70,-24,24
78115,75,87,-12,12
78116,71,83,-12,12
78117,45,67,-22,22
78118,80,101,-21,21
78119,79,101,-22,22
78120,78,89,-11,11
78121,62,82,-20,20
78122,86,97,-11,11
78123,122,132,-10,10
78124,101,106,-5,5
78125,72,86,-14,14
78126,141,144,-3,3
78127,69,83,-14,14
78128,93,101,-8,8
78129,55,69,-14,14
78130,121,125,-4,4
78131,105,124,-19,19
78132,99,102,-3,3
78133,195,169,26,26
78134,76,89,-13,13
78135,124,125,-1,1
78136,100,94,6,6
78137,152,153,-1,1
78138,108,116,-8,8
78139,49,67,-18,18
78140,176,160,16,16
78141,104,194,-90,90
78142,81,79,2,2
78143,97,108,-11,11
78144,58,71,-13,13
78145,110,114,-4,4
78146,55,73,-18,18
78147,69,80,-11,11
78148,107,142,-35,35
78149,71,84,-13,13
78150,88,104,-16,16
78151,43,69,-26,26
78152,117,130,-13,13
78153,81,83,-2,2
78154,75,91,-16,16
78155,108,120,-12,12
78156,63,80,-17,17
78157,74,87,-13,13
78158,68,82,-14,14
78159,62,77,-15,15
78160,52,67,-15,15
78161,78,98,-20,20
78162,108,125,-17,17
78163,188,163,25,25
78164,61,79,-18,18
78165,77,88,-11,11
78166,97,103,-6,6
78167,67,81,-14,14
78168,77,115,-38,38
78169,91,105,-14,14
78170,69,84,-15,15
78171,131,143,-12,12
78172,56,69,-13,13
78173,49,70,-21,21
78174,126,132,-6,6
78175,114,119,-5,5
78176,90,102,-12,12
78177,75,95,-20,20
78178,83,93,-10,10
78179,92,110,-18,18
78180,83,98,-15,15
78181,89,93,-4,4
78182,85,99,-14,14
78183,70,79,-9,9
78184,108,112,-4,4
78185,71,85,-14,14
78186,68,77,-9,9
78187,70,83,-13,13
78188,107,124,-17,17
78189,58,77,-19,19
78190,51,67,-16,16
78191,55,81,-26,26
78192,161,159,2,2
78193,46,73,-27,27
78194,92,102,-10,10
78195,154,151,3,3
78196,83,96,-13,13
78197,128,134,-6,6
78198,73,88,-15,15
78199,87,99,-12,12
78200,122,125,-3,3
78201,108,106,2,2
78202,76,101,-25,25
78203,59,85,-26,26
78204,83,98,-15,15
78205,92,103,-11,11
78206,96,106,-10,10
78207,105,104,1,1
78208,58,81,-23,23
78209,81,90,-9,9
78210,110,110,0,0
78211,44,71,-27,27
78212,81,91,-10,10
78213,63,85,-22,22
78214,78,90,-12,12
78215,68,86,-18,18
78216,120,140,-20,20
78217,181,163,18,18
78218,141,143,-2,2
78219,178,159,19,19
78220,64,72,-8,8
78221,72,86,-14,14
78222,45,57,-12,12
78223,143,139,4,4
78224,145,141,4,4
78225,111,124,-13,13
78226,86,102,-16,16
78227,125,137,-12,12
78228,79,90,-11,11
78229,67,85,-18,18
78230,173,155,18,18
78231,81,97,-16,16
78232,88,105,-17,17
78233,63,76,-13,13
78234,66,105,-39,39
78235,96,107,-11,11
78236,100,91,9,9
78237,57,70,-13,13
78238,125,124,1,1
78239,156,149,7,7
78240,125,129,-4,4
78241,133,140,-7,7
78242,66,78,-12,12
78243,159,161,-2,2
78244,44,77,-33,33
78245,67,77,-10,10
78246,105,114,-9,9
78247,77,96,-19,19
78248,64,83,-19,19
78249,62,106,-44,44
78250,69,77,-8,8
78251,163,152,11,11
78252,62,74,-12,12
78253,50,65,-15,15
78254,100,113,-13,13
78255,108,112,-4,4
78256,70,86,-16,16
78257,97,105,-8,8
78258,83,88,-5,5
78259,137,149,-12,12
78260,70,82,-12,12
78261,122,111,11,11
78262,79,100,-21,21
78263,52,84,-32,32
78264,86,101,-15,15
78265,93,98,-5,5
78266,93,120,-27,27
78267,62,76,-14,14
78268,109,109,0,0
78269,107,121,-14,14
78270,83,98,-15,15
78271,57,72,-15,15
78272,61,78,-17,17
78273,43,63,-20,20
78274,156,145,11,11
78275,102,108,-6,6
78276,56,81,-25,25
78277,199,186,13,13
78278,103,121,-18,18
78279,77,87,-10,10
78280,147,155,-8,8
78281,99,121,-22,22
78282,74,123,-49,49
78283,71,80,-9,9
78284,142,147,-5,5
78285,72,80,-8,8
78286,28,69,-41,41
78287,99,119,-20,20
78288,145,151,-6,6
78289,51,64,-13,13
78290,132,143,-11,11
78291,102,113,-11,11
78292,69,80,-11,11
78293,142,145,-3,3
78294,52,63,-11,11
78295,87,104,-17,17
78296,122,134,-12,12
78297,93,115,-22,22
78298,85,102,-17,17
78299,101,108,-7,7
78300,88,101,-13,13
78301,64,77,-13,13
78302,131,133,-2,2
78303,91,101,-10,10
78304,174,156,18,18
78305,50,66,-16,16
78306,78,97,-19,19
78307,76,95,-19,19
78308,118,127,-9,9
78309,56,74,-18,18
78310,53,67,-14,14
78311,98,115,-17,17
78312,119,133,-14,14
78313,133,135,-2,2
78314,66,80,-14,14
78315,117,133,-16,16
78316,94,104,-10,10
78317,79,97,-18,18
78318,114,126,-12,12
78319,96,92,4,4
78320,81,97,-16,16
78321,83,99,-16,16
78322,74,89,-15,15
78323,89,98,-9,9
78324,73,95,-22,22
78325,160,155,5,5
78326,120,124,-4,4
78327,52,68,-16,16
78328,127,141,-14,14
78329,93,97,-4,4
78330,108,128,-20,20
78331,95,105,-10,10
78332,75,89,-14,14
78333,124,121,3,3
78334,90,107,-17,17
78335,101,114,-13,13
78336,44,65,-21,21
78337,113,120,-7,7
78338,64,87,-23,23
78339,135,140,-5,5
78340,147,146,1,1
78341,112,125,-13,13
78342,63,80,-17,17
78343,91,115,-24,24
78344,93,92,1,1
78345,116,121,-5,5
78346,124,142,-18,18
78347,127,137,-10,10
78348,114,134,-20,20
78349,137,123,14,14
78350,56,75,-19,19
78351,54,71,-17,17
78352,78,95,-17,17
78353,71,87,-16,16
78354,72,86,-14,14
78355,67,87,-20,20
78356,48,63,-15,15
78357,115,145,-30,30
78358,53,68,-15,15
78359,95,106,-11,11
78360,56,84,-28,28
78361,45,57,-12,12
78362,209,190,19,19
78363,85,106,-21,21
78364,80,89,-9,9
78365,139,149,-10,10
78366,64,80,-16,16
78367,83,100,-17,17
78368,121,126,-5,5
78369,102,121,-19,19
78370,94,105,-11,11
78371,119,125,-6,6
78372,59,81,-22,22
78373,61,106,-45,45
78374,74,80,-6,6
78375,76,90,-14,14
78376,91,105,-14,14
78377,132,129,3,3
78378,54,73,-19,19
78379,74,89,-15,15
78380,96,102,-6,6
78381,60,81,-21,21
78382,91,108,-17,17
78383,102,113,-11,11
78384,131,141,-10,10
78385,95,101,-6,6
78386,35,53,-18,18
78387,70,90,-20,20
78388,115,116,-1,1
78389,63,76,-13,13
78390,70,94,-24,24
78391,73,84,-11,11
78392,79,92,-13,13
78393,114,128,-14,14
78394,75,99,-24,24
78395,103,111,-8,8
78396,111,118,-7,7
78397,110,126,-16,16
78398,55,73,-18,18
78399,89,107,-18,18
78400,53,77,-24,24
78401,114,112,2,2
78402,104,115,-11,11
78403,45,60,-15,15
78404,122,127,-5,5
78405,72,90,-18,18
78406,140,141,-1,1
78407,132,131,1,1
78408,127,154,-27,27
78409,133,136,-3,3
78410,66,80,-14,14
78411,99,111,-12,12
78412,112,122,-10,10
78413,104,100,4,4
78414,143,147,-4,4
78415,107,109,-2,2
78416,122,133,-11,11
78417,166,161,5,5
78418,169,161,8,8
78419,165,164,1,1
78420,147,135,12,12
78421,63,74,-11,11
78422,71,91,-20,20
78423,59,72,-13,13
78424,127,141,-14,14
78425,168,152,16,16
78426,43,64,-21,21
78427,103,109,-6,6
78428,109,113,-4,4
78429,99,115,-16,16
78430,71,85,-14,14
78431,94,108,-14,14
78432,104,112,-8,8
78433,96,110,-14,14
78434,85,91,-6,6
78435,122,119,3,3
78436,85,97,-12,12
78437,49,67,-18,18
78438,44,74,-30,30
78439,65,75,-10,10
78440,78,92,-14,14
78441,117,124,-7,7
78442,103,105,-2,2
78443,106,105,1,1
78444,97,113,-16,16
78445,167,176,-9,9
78446,50,68,-18,18
78447,134,134,0,0
78448,100,120,-20,20
78449,81,97,-16,16
78450,108,127,-19,19
78451,55,74,-19,19
78452,82,97,-15,15
78453,94,124,-30,30
78454,94,98,-4,4
78455,61,76,-15,15
78456,141,147,-6,6
78457,79,93,-14,14
78458,71,92,-21,21
78459,48,68,-20,20
78460,140,146,-6,6
78461,70,96,-26,26
78462,63,74,-11,11
78463,137,137,0,0
78464,40,57,-17,17
78465,103,111,-8,8
78466,67,89,-22,22
78467,82,90,-8,8
78468,119,131,-12,12
78469,131,135,-4,4
78470,77,103,-26,26
78471,98,105,-7,7
78472,148,155,-7,7
78473,91,98,-7,7
78474,95,107,-12,12
78475,60,72,-12,12
78476,72,87,-15,15
78477,123,127,-4,4
78478,68,81,-13,13
78479,124,142,-18,18
78480,128,137,-9,9
78481,114,130,-16,16
78482,90,106,-16,16
78483,108,120,-12,12
78484,114,117,-3,3
78485,33,72,-39,39
78486,95,111,-16,16
78487,113,122,-9,9
78488,57,72,-15,15
78489,71,83,-12,12
78490,110,125,-15,15
78491,67,83,-16,16
78492,59,75,-16,16
78493,105,116,-11,11
78494,132,131,1,1
78495,93,113,-20,20
78496,90,107,-17,17
78497,134,136,-2,2
78498,32,53,-21,21
78499,108,149,-41,41
78500,81,91,-10,10
78501,94,105,-11,11
78502,116,130,-14,14
78503,131,141,-10,10
78504,63,85,-22,22
78505,96,106,-10,10
78506,71,80,-9,9
78507,71,81,-10,10
78508,79,99,-20,20
78509,115,119,-4,4
78510,48,77,-29,29
78511,85,93,-8,8
78512,113,116,-3,3
78513,89,101,-12,12
78514,131,134,-3,3
78515,91,110,-19,19
78516,72,83,-11,11
78517,169,154,15,15
78518,133,144,-11,11
78519,176,152,24,24
78520,118,135,-17,17
78521,71,92,-21,21
78522,65,81,-16,16
78523,144,132,12,12
78524,72,102,-30,30
78525,70,88,-18,18
78526,70,82,-12,12
78527,117,115,2,2
78528,97,108,-11,11
78529,57,75,-18,18
78530,61,95,-34,34
78531,80,90,-10,10
78532,92,101,-9,9
78533,85,106,-21,21
78534,125,124,1,1
78535,90,107,-17,17
78536,80,89,-9,9
78537,71,88,-17,17
78538,149,143,6,6
78539,69,80,-11,11
78540,104,111,-7,7
78541,95,104,-9,9
78542,129,123,6,6
78543,144,140,4,4
78544,61,77,-16,16
78545,130,133,-3,3
78546,144,143,1,1
78547,39,57,-18,18
78548,114,130,-16,16
78549,48,63,-15,15
78550,94,100,-6,6
78551,92,98,-6,6
78552,101,104,-3,3
78553,79,102,-23,23
78554,113,113,0,0
78555,69,90,-21,21
78556,41,65,-24,24
78557,69,87,-18,18
78558,108,119,-11,11
78559,66,80,-14,14
78560,93,97,-4,4
78561,86,92,-6,6
78562,79,94,-15,15
78563,80,102,-22,22
78564,87,103,-16,16
78565,179,162,17,17
78566,67,81,-14,14
78567,71,92,-21,21
78568,86,92,-6,6
78569,92,108,-16,16
78570,109,123,-14,14
78571,45,67,-22,22
78572,84,99,-15,15
78573,158,152,6,6
78574,92,99,-7,7
78575,75,82,-7,7
78576,84,96,-12,12
78577,65,87,-22,22
78578,104,105,-1,1
78579,44,60,-16,16
78580,198,160,38,38
78581,124,124,0,0
78582,134,128,6,6
78583,122,122,0,0
78584,77,88,-11,11
78585,103,113,-10,10
78586,98,103,-5,5
78587,59,69,-10,10
78588,87,80,7,7
78589,74,78,-4,4
78590,67,90,-23,23
78591,85,97,-12,12
78592,79,85,-6,6
78593,96,109,-13,13
78594,121,132,-11,11
78595,98,123,-25,25
78596,145,140,5,5
78597,110,113,-3,3
78598,144,149,-5,5
78599,85,93,-8,8
78600,114,131,-17,17
78601,95,104,-9,9
78602,51,68,-17,17
78603,97,104,-7,7
78604,81,82,-1,1
78605,81,90,-9,9
78606,85,94,-9,9
78607,154,153,1,1
78608,125,129,-4,4
78609,97,113,-16,16
78610,161,150,11,11
78611,144,136,8,8
78612,127,131,-4,4
78613,88,101,-13,13
78614,180,165,15,15
78615,90,109,-19,19
78616,66,89,-23,23
78617,95,105,-10,10
78618,94,111,-17,17
78619,75,90,-15,15
78620,65,85,-20,20
78621,111,131,-20,20
78622,67,79,-12,12
78623,86,103,-17,17
78624,141,138,3,3
78625,102,109,-7,7
78626,142,148,-6,6
78627,188,179,9,9
78628,62,72,-10,10
78629,104,122,-18,18
78630,63,76,-13,13
78631,100,105,-5,5
78632,148,147,1,1
78633,103,119,-16,16
78634,122,135,-13,13
78635,69,85,-16,16
78636,89,95,-6,6
78637,113,106,7,7
78638,135,140,-5,5
78639,158,148,10,10
78640,74,80,-6,6
78641,54,69,-15,15
78642,106,118,-12,12
78643,56,104,-48,48
78644,113,117,-4,4
78645,95,99,-4,4
78646,134,140,-6,6
78647,73,88,-15,15
78648,51,65,-14,14
78649,50,62,-12,12
78650,33,53,-20,20
78651,130,127,3,3
78652,111,146,-35,35
78653,58,70,-12,12
78654,103,115,-12,12
78655,136,145,-9,9
78656,99,108,-9,9
78657,99,102,-3,3
78658,116,119,-3,3
78659,149,146,3,3
78660,69,83,-14,14
78661,81,106,-25,25
78662,57,71,-14,14
78663,85,93,-8,8
78664,78,108,-30,30
78665,94,102,-8,8
78666,112,117,-5,5
78667,141,128,13,13
78668,133,132,1,1
78669,85,103,-18,18
78670,100,117,-17,17
78671,62,75,-13,13
78672,121,126,-5,5
78673,54,73,-19,19
78674,154,151,3,3
78675,142,135,7,7
78676,104,128,-24,24
78677,103,110,-7,7
78678,70,80,-10,10
78679,118,122,-4,4
78680,115,123,-8,8
78681,145,148,-3,3
78682,106,120,-14,14
78683,114,125,-11,11
78684,87,99,-12,12
78685,155,147,8,8
78686,142,141,1,1
78687,132,133,-1,1
78688,94,103,-9,9
78689,142,147,-5,5
78690,150,149,1,1
78691,53,72,-19,19
78692,94,101,-7,7
78693,85,110,-25,25
78694,62,82,-20,20
78695,53,67,-14,14
78696,81,99,-18,18
78697,175,166,9,9
78698,55,68,-13,13
78699,72,93,-21,21
78700,93,103,-10,10
78701,73,94,-21,21
78702,47,70,-23,23
78703,67,83,-16,16
78704,117,122,-5,5
78705,104,116,-12,12
78706,76,86,-10,10
78707,99,97,2,2
78708,131,133,-2,2
78709,84,103,-19,19
78710,105,126,-21,21
78711,157,146,11,11
78712,111,127,-16,16
78713,91,104,-13,13
78714,74,104,-30,30
78715,79,90,-11,11
78716,103,106,-3,3
78717,119,122,-3,3
78718,163,147,16,16
78719,69,84,-15,15
78720,112,116,-4,4
78721,55,76,-21,21
78722,97,108,-11,11
78723,99,101,-2,2
78724,58,86,-28,28
78725,125,122,3,3
78726,88,96,-8,8
78727,81,89,-8,8
78728,158,158,0,0
78729,55,80,-25,25
78730,114,130,-16,16
78731,95,106,-11,11
78732,87,116,-29,29
78733,139,131,8,8
78734,79,89,-10,10
78735,75,80,-5,5
78736,56,74,-18,18
78737,113,140,-27,27
78738,148,146,2,2
78739,160,148,12,12
78740,97,112,-15,15
78741,88,102,-14,14
78742,89,103,-14,14
78743,101,112,-11,11
78744,53,69,-16,16
78745,97,121,-24,24
78746,67,80,-13,13
78747,117,123,-6,6
78748,72,79,-7,7
78749,40,61,-21,21
78750,48,62,-14,14
78751,88,94,-6,6
78752,95,102,-7,7
78753,132,142,-10,10
78754,63,73,-10,10
78755,95,106,-11,11
78756,84,94,-10,10
78757,33,54,-21,21
78758,70,84,-14,14
78759,154,150,4,4
78760,163,152,11,11
78761,175,158,17,17
78762,92,96,-4,4
78763,150,149,1,1
78764,67,86,-19,19
78765,127,140,-13,13
78766,131,146,-15,15
78767,194,168,26,26
78768,113,120,-7,7
78769,106,117,-11,11
78770,88,95,-7,7
78771,75,89,-14,14
78772,56,84,-28,28
78773,86,106,-20,20
78774,66,76,-10,10
78775,171,161,10,10
78776,127,129,-2,2
78777,110,117,-7,7
78778,93,108,-15,15
78779,89,106,-17,17
78780,72,95,-23,23
78781,98,102,-4,4
78782,77,92,-15,15
78783,93,103,-10,10
78784,112,107,5,5
78785,68,83,-15,15
78786,104,124,-20,20
78787,78,89,-11,11
78788,69,92,-23,23
78789,48,65,-17,17
78790,65,87,-22,22
78791,109,120,-11,11
78792,90,118,-28,28
78793,141,144,-3,3
78794,100,110,-10,10
78795,133,139,-6,6
78796,110,112,-2,2
78797,54,70,-16,16
78798,71,81,-10,10
78799,144,145,-1,1
78800,57,86,-29,29
78801,88,104,-16,16
78802,107,110,-3,3
78803,128,131,-3,3
78804,93,109,-16,16
78805,136,146,-10,10
78806,107,103,4,4
78807,151,147,4,4
78808,114,118,-4,4
78809,67,77,-10,10
78810,94,105,-11,11
78811,90,95,-5,5
78812,105,106,-1,1
78813,132,131,1,1
78814,90,101,-11,11
78815,120,135,-15,15
78816,91,119,-28,28
78817,155,152,3,3
78818,62,79,-17,17
78819,109,113,-4,4
78820,100,115,-15,15
78821,160,148,12,12
78822,96,104,-8,8
78823,104,121,-17,17
78824,93,104,-11,11
78825,72,89,-17,17
78826,59,86,-27,27
78827,74,83,-9,9
78828,83,84,-1,1
78829,92,95,-3,3
78830,100,114,-14,14
78831,87,94,-7,7
78832,122,131,-9,9
78833,78,91,-13,13
78834,79,87,-8,8
78835,138,130,8,8
78836,158,149,9,9
78837,75,89,-14,14
78838,100,101,-1,1
78839,134,132,2,2
78840,138,153,-15,15
78841,82,104,-22,22
78842,52,64,-12,12
78843,74,91,-17,17
78844,60,71,-11,11
78845,49,73,-24,24
78846,45,69,-24,24
78847,83,92,-9,9
78848,55,74,-19,19
78849,74,85,-11,11
78850,96,100,-4,4
78851,71,87,-16,16
78852,73,90,-17,17
78853,104,124,-20,20
78854,57,71,-14,14
78855,79,99,-20,20
78856,109,124,-15,15
78857,65,75,-10,10
78858,129,148,-19,19
78859,75,84,-9,9
78860,209,183,26,26
78861,102,103,-1,1
78862,102,117,-15,15
78863,142,139,3,3
78864,140,132,8,8
78865,44,60,-16,16
78866,102,116,-14,14
78867,89,91,-2,2
78868,86,91,-5,5
78869,85,101,-16,16
78870,88,95,-7,7
78871,77,99,-22,22
78872,123,139,-16,16
78873,62,88,-26,26
78874,163,157,6,6
78875,114,124,-10,10
78876,55,81,-26,26
78877,112,124,-12,12
78878,125,132,-7,7
78879,123,134,-11,11
78880,96,105,-9,9
78881,111,113,-2,2
78882,136,137,-1,1
78883,75,89,-14,14
78884,134,145,-11,11
78885,77,97,-20,20
78886,98,110,-12,12
78887,94,101,-7,7
78888,77,92,-15,15
78889,83,89,-6,6
78890,97,100,-3,3
78891,82,94,-12,12
78892,126,130,-4,4
78893,159,157,2,2
78894,100,114,-14,14
78895,100,125,-25,25
78896,121,133,-12,12
78897,117,110,7,7
78898,81,101,-20,20
78899,90,100,-10,10
78900,68,79,-11,11
78901,110,121,-11,11
78902,118,139,-21,21
78903,97,105,-8,8
78904,81,93,-12,12
78905,105,113,-8,8
78906,95,100,-5,5
78907,66,95,-29,29
78908,109,118,-9,9
78909,141,147,-6,6
78910,52,69,-17,17
78911,80,84,-4,4
78912,93,103,-10,10
78913,76,91,-15,15
78914,111,123,-12,12
78915,107,108,-1,1
78916,132,136,-4,4
78917,100,111,-11,11
78918,138,137,1,1
78919,122,124,-2,2
78920,105,117,-12,12
78921,85,98,-13,13
78922,96,104,-8,8
78923,60,72,-12,12
78924,106,112,-6,6
78925,47,80,-33,33
78926,97,105,-8,8
78927,36,57,-21,21
78928,111,107,4,4
78929,121,139,-18,18
78930,85,91,-6,6
78931,95,92,3,3
78932,78,93,-15,15
78933,113,125,-12,12
78934,72,83,-11,11
78935,110,126,-16,16
78936,38,60,-22,22
78937,133,142,-9,9
78938,52,94,-42,42
78939,49,68,-19,19
78940,57,71,-14,14
78941,209,161,48,48
78942,93,111,-18,18
78943,62,78,-16,16
78944,51,72,-21,21
78945,82,116,-34,34
78946,77,90,-13,13
78947,165,152,13,13
78948,58,72,-14,14
78949,108,111,-3,3
78950,43,67,-24,24
78951,83,92,-9,9
78952,92,96,-4,4
78953,127,130,-3,3
78954,47,64,-17,17
78955,78,88,-10,10
78956,62,86,-24,24
78957,136,135,1,1
78958,121,134,-13,13
78959,79,96,-17,17
78960,83,103,-20,20
78961,100,112,-12,12
78962,86,116,-30,30
78963,89,106,-17,17
78964,74,85,-11,11
78965,133,138,-5,5
78966,107,118,-11,11
78967,89,96,-7,7
78968,72,86,-14,14
78969,78,104,-26,26
78970,52,67,-15,15
78971,94,109,-15,15
78972,107,115,-8,8
78973,61,73,-12,12
78974,224,195,29,29
78975,75,86,-11,11
78976,53,74,-21,21
78977,95,112,-17,17
78978,63,76,-13,13
78979,133,144,-11,11
78980,45,60,-15,15
78981,65,79,-14,14
78982,93,101,-8,8
78983,68,87,-19,19
78984,86,99,-13,13
78985,116,124,-8,8
78986,112,124,-12,12
78987,79,85,-6,6
78988,83,88,-5,5
78989,136,148,-12,12
78990,58,74,-16,16
78991,98,103,-5,5
78992,216,218,-2,2
78993,135,139,-4,4
78994,87,98,-11,11
78995,99,105,-6,6
78996,85,93,-8,8
78997,57,70,-13,13
78998,69,76,-7,7
78999,72,86,-14,14
79000,42,61,-19,19
79001,50,68,-18,18
79002,120,127,-7,7
79003,43,58,-15,15
79004,58,72,-14,14
79005,64,90,-26,26
79006,47,66,-19,19
79007,118,117,1,1
79008,91,129,-38,38
79009,115,126,-11,11
79010,132,144,-12,12
79011,124,129,-5,5
79012,127,147,-20,20
79013,90,94,-4,4
79014,142,146,-4,4
79015,72,86,-14,14
79016,91,107,-16,16
79017,93,108,-15,15
79018,159,157,2,2
79019,76,89,-13,13
79020,89,109,-20,20
79021,127,120,7,7
79022,76,92,-16,16
79023,101,101,0,0
79024,95,106,-11,11
79025,82,94,-12,12
79026,109,117,-8,8
79027,108,110,-2,2
79028,84,100,-16,16
79029,184,172,12,12
79030,77,90,-13,13
79031,92,94,-2,2
79032,57,76,-19,19
79033,104,118,-14,14
79034,118,127,-9,9
79035,111,118,-7,7
79036,78,79,-1,1
79037,122,130,-8,8
79038,72,86,-14,14
79039,106,108,-2,2
79040,61,71,-10,10
79041,106,117,-11,11
79042,122,131,-9,9
79043,119,125,-6,6
79044,141,136,5,5
79045,114,119,-5,5
79046,124,126,-2,2
79047,86,90,-4,4
79048,43,70,-27,27
79049,177,171,6,6
79050,169,173,-4,4
79051,100,115,-15,15
79052,70,87,-17,17
79053,80,94,-14,14
79054,82,96,-14,14
79055,97,103,-6,6
79056,112,113,-1,1
79057,122,128,-6,6
79058,62,76,-14,14
79059,146,137,9,9
79060,77,96,-19,19
79061,95,105,-10,10
79062,167,150,17,17
79063,62,107,-45,45
79064,112,147,-35,35
79065,56,72,-16,16
79066,126,124,2,2
79067,127,127,0,0
79068,221,205,16,16
79069,180,168,12,12
79070,73,79,-6,6
79071,53,69,-16,16
79072,82,98,-16,16
79073,58,71,-13,13
79074,78,89,-11,11
79075,130,134,-4,4
79076,39,54,-15,15
79077,93,128,-35,35
79078,87,92,-5,5
79079,82,87,-5,5
79080,130,146,-16,16
79081,74,90,-16,16
79082,93,99,-6,6
79083,69,89,-20,20
79084,57,71,-14,14
79085,79,86,-7,7
79086,120,126,-6,6
79087,91,92,-1,1
79088,99,120,-21,21
79089,100,106,-6,6
79090,93,102,-9,9
79091,78,99,-21,21
79092,82,97,-15,15
79093,242,190,52,52
79094,154,151,3,3
79095,63,79,-16,16
79096,52,69,-17,17
79097,106,112,-6,6
79098,87,120,-33,33
79099,106,123,-17,17
79100,36,54,-18,18
79101,108,138,-30,30
79102,153,183,-30,30
79103,44,72,-28,28
79104,119,126,-7,7
79105,51,71,-20,20
79106,156,147,9,9
79107,114,141,-27,27
79108,123,129,-6,6
79109,149,148,1,1
79110,90,95,-5,5
79111,67,81,-14,14
79112,179,169,10,10
79113,123,129,-6,6
79114,88,102,-14,14
79115,211,201,10,10
79116,149,144,5,5
79117,58,72,-14,14
79118,85,94,-9,9
79119,94,104,-10,10
79120,125,138,-13,13
79121,50,74,-24,24
79122,78,85,-7,7
79123,91,101,-10,10
79124,166,159,7,7
79125,89,96,-7,7
79126,55,81,-26,26
79127,140,141,-1,1
79128,122,132,-10,10
79129,92,95,-3,3
79130,59,76,-17,17
79131,112,129,-17,17
79132,97,110,-13,13
79133,109,124,-15,15
79134,121,147,-26,26
79135,75,91,-16,16
79136,80,87,-7,7
79137,104,111,-7,7
79138,130,140,-10,10
79139,148,150,-2,2
79140,54,65,-11,11
79141,121,122,-1,1
79142,65,98,-33,33
79143,51,74,-23,23
79144,142,134,8,8
79145,40,55,-15,15
79146,58,78,-20,20
79147,92,103,-11,11
79148,71,86,-15,15
79149,96,106,-10,10
79150,118,121,-3,3
79151,54,77,-23,23
79152,91,111,-20,20
79153,70,84,-14,14
79154,85,94,-9,9
79155,47,72,-25,25
79156,137,145,-8,8
79157,88,115,-27,27
79158,73,88,-15,15
79159,99,107,-8,8
79160,68,80,-12,12
79161,174,169,5,5
79162,119,132,-13,13
79163,84,98,-14,14
79164,103,127,-24,24
79165,174,166,8,8
79166,98,102,-4,4
79167,86,94,-8,8
79168,101,116,-15,15
79169,88,89,-1,1
79170,78,87,-9,9
79171,94,102,-8,8
79172,131,137,-6,6
79173,104,105,-1,1
79174,89,111,-22,22
79175,104,125,-21,21
79176,43,66,-23,23
79177,85,97,-12,12
79178,66,86,-20,20
79179,108,125,-17,17
79180,89,113,-24,24
79181,54,74,-20,20
79182,75,90,-15,15
79183,85,105,-20,20
79184,94,104,-10,10
79185,58,77,-19,19
79186,191,179,12,12
79187,63,76,-13,13
79188,73,81,-8,8
79189,92,104,-12,12
79190,125,124,1,1
79191,90,106,-16,16
79192,128,136,-8,8
79193,38,63,-25,25
79194,84,94,-10,10
79195,85,92,-7,7
79196,147,147,0,0
79197,54,66,-12,12
79198,78,88,-10,10
79199,117,117,0,0
79200,78,94,-16,16
79201,83,90,-7,7
79202,125,152,-27,27
79203,108,118,-10,10
79204,94,106,-12,12
79205,45,64,-19,19
79206,120,127,-7,7
79207,86,97,-11,11
79208,85,97,-12,12
79209,50,66,-16,16
79210,89,95,-6,6
79211,90,97,-7,7
79212,75,84,-9,9
79213,110,127,-17,17
79214,82,92,-10,10
79215,140,142,-2,2
79216,102,114,-12,12
79217,78,93,-15,15
79218,90,105,-15,15
79219,49,66,-17,17
79220,60,75,-15,15
79221,128,147,-19,19
79222,91,108,-17,17
79223,94,104,-10,10
79224,101,105,-4,4
79225,90,103,-13,13
79226,115,119,-4,4
79227,111,109,2,2
79228,110,128,-18,18
79229,64,84,-20,20
79230,112,113,-1,1
79231,88,102,-14,14
79232,108,113,-5,5
79233,100,110,-10,10
79234,66,82,-16,16
79235,142,134,8,8
79236,64,79,-15,15
79237,140,142,-2,2
79238,124,127,-3,3
79239,66,81,-15,15
79240,99,105,-6,6
79241,78,86,-8,8
79242,103,122,-19,19
79243,121,123,-2,2
79244,96,102,-6,6
79245,30,55,-25,25
79246,69,77,-8,8
79247,97,100,-3,3
79248,81,88,-7,7
79249,72,84,-12,12
79250,93,94,-1,1
79251,84,104,-20,20
79252,84,102,-18,18
79253,98,108,-10,10
79254,57,89,-32,32
79255,81,95,-14,14
79256,88,105,-17,17
79257,98,109,-11,11
79258,171,160,11,11
79259,76,86,-10,10
79260,126,140,-14,14
79261,90,98,-8,8
79262,91,93,-2,2
79263,94,96,-2,2
79264,91,98,-7,7
79265,122,129,-7,7
79266,81,103,-22,22
79267,86,115,-29,29
79268,79,90,-11,11
79269,76,96,-20,20
79270,97,116,-19,19
79271,125,150,-25,25
79272,125,138,-13,13
79273,62,76,-14,14
79274,63,86,-23,23
79275,81,91,-10,10
79276,115,105,10,10
79277,162,159,3,3
79278,103,108,-5,5
79279,64,77,-13,13
79280,153,147,6,6
79281,69,90,-21,21
79282,132,129,3,3
79283,76,83,-7,7
79284,63,89,-26,26
79285,65,81,-16,16
79286,89,105,-16,16
79287,165,148,17,17
79288,84,92,-8,8
79289,89,94,-5,5
79290,130,134,-4,4
79291,73,80,-7,7
79292,110,132,-22,22
79293,157,147,10,10
79294,82,100,-18,18
79295,100,111,-11,11
79296,128,131,-3,3
79297,122,130,-8,8
79298,102,114,-12,12
79299,102,106,-4,4
79300,86,88,-2,2
79301,124,135,-11,11
79302,157,148,9,9
79303,104,113,-9,9
79304,94,105,-11,11
79305,59,73,-14,14
79306,103,108,-5,5
79307,78,84,-6,6
79308,73,90,-17,17
79309,76,95,-19,19
79310,112,137,-25,25
79311,103,127,-24,24
79312,159,144,15,15
79313,42,64,-22,22
79314,83,91,-8,8
79315,108,121,-13,13
79316,129,134,-5,5
79317,129,136,-7,7
79318,145,142,3,3
79319,70,83,-13,13
79320,71,84,-13,13
79321,60,80,-20,20
79322,100,107,-7,7
79323,173,161,12,12
79324,156,147,9,9
79325,101,109,-8,8
79326,99,111,-12,12
79327,130,137,-7,7
79328,68,137,-69,69
79329,138,135,3,3
79330,138,144,-6,6
79331,126,134,-8,8
79332,74,86,-12,12
79333,75,83,-8,8
79334,79,93,-14,14
79335,67,86,-19,19
79336,80,132,-52,52
79337,86,93,-7,7
79338,57,73,-16,16
79339,111,132,-21,21
79340,95,108,-13,13
79341,85,94,-9,9
79342,88,100,-12,12
79343,72,84,-12,12
79344,22,91,-69,69
79345,97,97,0,0
79346,130,128,2,2
79347,55,70,-15,15
79348,95,101,-6,6
79349,86,102,-16,16
79350,53,71,-18,18
79351,66,79,-13,13
79352,122,141,-19,19
79353,130,136,-6,6
79354,135,141,-6,6
79355,47,65,-18,18
79356,65,112,-47,47
79357,46,59,-13,13
79358,155,144,11,11
79359,60,79,-19,19
79360,75,92,-17,17
79361,97,101,-4,4
79362,142,134,8,8
79363,57,79,-22,22
79364,80,94,-14,14
79365,44,60,-16,16
79366,107,119,-12,12
79367,39,70,-31,31
79368,163,159,4,4
79369,152,161,-9,9
79370,119,127,-8,8
79371,98,96,2,2
79372,67,89,-22,22
79373,61,73,-12,12
79374,99,107,-8,8
79375,62,83,-21,21
79376,68,81,-13,13
79377,72,91,-19,19
79378,83,98,-15,15
79379,103,111,-8,8
79380,116,135,-19,19
79381,122,135,-13,13
79382,88,100,-12,12
79383,129,129,0,0
79384,86,94,-8,8
79385,82,99,-17,17
79386,83,97,-14,14
79387,71,93,-22,22
79388,77,91,-14,14
79389,100,115,-15,15
79390,206,190,16,16
79391,152,170,-18,18
79392,58,69,-11,11
79393,141,146,-5,5
79394,96,102,-6,6
79395,149,138,11,11
79396,80,86,-6,6
79397,48,63,-15,15
79398,75,92,-17,17
79399,95,101,-6,6
79400,126,140,-14,14
79401,74,84,-10,10
79402,95,100,-5,5
79403,59,76,-17,17
79404,164,161,3,3
79405,95,101,-6,6
79406,46,67,-21,21
79407,88,98,-10,10
79408,135,148,-13,13
79409,140,135,5,5
79410,103,115,-12,12
79411,69,82,-13,13
79412,144,133,11,11
79413,147,142,5,5
79414,105,124,-19,19
79415,154,135,19,19
79416,77,86,-9,9
79417,74,89,-15,15
79418,132,135,-3,3
79419,56,74,-18,18
79420,48,64,-16,16
79421,77,88,-11,11
79422,20,57,-37,37
79423,94,110,-16,16
79424,66,84,-18,18
79425,72,82,-10,10
79426,130,130,0,0
79427,282,245,37,37
79428,139,133,6,6
79429,99,121,-22,22
79430,67,83,-16,16
79431,72,87,-15,15
79432,96,123,-27,27
79433,76,94,-18,18
79434,119,124,-5,5
79435,93,97,-4,4
79436,61,83,-22,22
79437,79,87,-8,8
79438,107,113,-6,6
79439,152,154,-2,2
79440,85,90,-5,5
79441,62,77,-15,15
79442,103,106,-3,3
79443,59,77,-18,18
79444,109,126,-17,17
79445,84,101,-17,17
79446,85,98,-13,13
79447,77,102,-25,25
79448,182,173,9,9
79449,105,123,-18,18
79450,165,162,3,3
79451,101,107,-6,6
79452,91,98,-7,7
79453,93,104,-11,11
79454,105,123,-18,18
79455,98,114,-16,16
79456,140,146,-6,6
79457,150,147,3,3
79458,168,147,21,21
79459,155,148,7,7
79460,75,82,-7,7
79461,56,68,-12,12
79462,41,67,-26,26
79463,84,94,-10,10
79464,46,66,-20,20
79465,168,159,9,9
79466,148,144,4,4
79467,92,103,-11,11
79468,93,101,-8,8
79469,108,109,-1,1
79470,52,71,-19,19
79471,100,107,-7,7
79472,77,96,-19,19
79473,95,99,-4,4
79474,67,81,-14,14
79475,84,90,-6,6
79476,107,114,-7,7
79477,80,91,-11,11
79478,104,109,-5,5
79479,86,98,-12,12
79480,90,90,0,0
79481,70,91,-21,21
79482,125,145,-20,20
79483,68,84,-16,16
79484,125,133,-8,8
79485,133,143,-10,10
79486,77,83,-6,6
79487,70,88,-18,18
79488,182,171,11,11
79489,114,111,3,3
79490,114,123,-9,9
79491,183,174,9,9
79492,57,79,-22,22
79493,111,124,-13,13
79494,49,68,-19,19
79495,58,71,-13,13
79496,97,119,-22,22
79497,141,148,-7,7
79498,133,139,-6,6
79499,115,114,1,1
79500,142,142,0,0
79501,53,73,-20,20
79502,69,77,-8,8
79503,152,144,8,8
79504,52,67,-15,15
79505,145,148,-3,3
79506,90,100,-10,10
79507,125,126,-1,1
79508,73,79,-6,6
79509,72,85,-13,13
79510,69,88,-19,19
79511,146,145,1,1
79512,149,148,1,1
79513,79,91,-12,12
79514,105,123,-18,18
79515,65,76,-11,11
79516,139,136,3,3
79517,123,127,-4,4
79518,105,92,13,13
79519,40,60,-20,20
79520,65,81,-16,16
79521,134,141,-7,7
79522,123,128,-5,5
79523,127,125,2,2
79524,39,83,-44,44
79525,104,119,-15,15
79526,48,65,-17,17
79527,78,97,-19,19
79528,102,110,-8,8
79529,72,79,-7,7
79530,130,138,-8,8
79531,107,119,-12,12
79532,90,106,-16,16
79533,85,93,-8,8
79534,103,114,-11,11
79535,118,119,-1,1
79536,67,87,-20,20
79537,101,102,-1,1
79538,108,114,-6,6
79539,134,150,-16,16
79540,83,88,-5,5
79541,103,116,-13,13
79542,43,73,-30,30
79543,154,147,7,7
79544,137,140,-3,3
79545,133,129,4,4
79546,165,149,16,16
79547,68,86,-18,18
79548,144,147,-3,3
79549,112,120,-8,8
79550,96,105,-9,9
79551,84,89,-5,5
79552,131,124,7,7
79553,95,104,-9,9
79554,166,153,13,13
79555,56,78,-22,22
79556,112,120,-8,8
79557,55,70,-15,15
79558,88,100,-12,12
79559,81,88,-7,7
79560,79,91,-12,12
79561,105,116,-11,11
79562,52,65,-13,13
79563,131,132,-1,1
79564,101,112,-11,11
79565,98,101,-3,3
79566,60,74,-14,14
79567,66,82,-16,16
79568,85,88,-3,3
79569,81,91,-10,10
79570,117,135,-18,18
79571,61,76,-15,15
79572,74,88,-14,14
79573,64,82,-18,18
79574,61,75,-14,14
79575,106,112,-6,6
79576,82,93,-11,11
79577,68,97,-29,29
79578,100,112,-12,12
79579,111,109,2,2
79580,73,94,-21,21
79581,110,118,-8,8
79582,110,129,-19,19
79583,150,148,2,2
79584,119,133,-14,14
79585,140,147,-7,7
79586,107,113,-6,6
79587,31,54,-23,23
79588,111,117,-6,6
79589,93,110,-17,17
79590,73,90,-17,17
79591,75,95,-20,20
79592,106,130,-24,24
79593,46,68,-22,22
79594,169,160,9,9
79595,128,132,-4,4
79596,189,181,8,8
79597,119,124,-5,5
79598,61,70,-9,9
79599,109,122,-13,13
79600,129,124,5,5
79601,118,130,-12,12
79602,91,100,-9,9
79603,95,108,-13,13
79604,106,104,2,2
79605,188,176,12,12
79606,78,91,-13,13
79607,59,84,-25,25
79608,66,75,-9,9
79609,62,81,-19,19
79610,137,138,-1,1
79611,82,98,-16,16
79612,115,123,-8,8
79613,102,115,-13,13
79614,50,90,-40,40
79615,119,128,-9,9
79616,159,157,2,2
79617,146,147,-1,1
79618,62,76,-14,14
79619,72,80,-8,8
79620,82,96,-14,14
79621,64,80,-16,16
79622,74,89,-15,15
79623,104,106,-2,2
79624,169,146,23,23
79625,86,101,-15,15
79626,178,181,-3,3
79627,83,88,-5,5
79628,115,123,-8,8
79629,124,132,-8,8
79630,123,150,-27,27
79631,90,102,-12,12
79632,51,68,-17,17
79633,99,106,-7,7
79634,99,133,-34,34
79635,108,108,0,0
79636,124,118,6,6
79637,144,146,-2,2
79638,128,144,-16,16
79639,70,86,-16,16
79640,74,92,-18,18
79641,134,146,-12,12
79642,119,133,-14,14
79643,41,63,-22,22
79644,101,119,-18,18
79645,149,147,2,2
79646,121,123,-2,2
79647,56,70,-14,14
79648,108,115,-7,7
79649,72,91,-19,19
79650,98,103,-5,5
79651,67,77,-10,10
79652,69,83,-14,14
79653,89,100,-11,11
79654,122,143,-21,21
79655,75,91,-16,16
79656,80,96,-16,16
79657,184,179,5,5
79658,80,92,-12,12
79659,136,141,-5,5
79660,85,98,-13,13
79661,86,93,-7,7
79662,99,118,-19,19
79663,161,163,-2,2
79664,106,122,-16,16
79665,86,99,-13,13
79666,160,150,10,10
79667,140,150,-10,10
79668,157,157,0,0
79669,121,129,-8,8
79670,61,78,-17,17
79671,108,115,-7,7
79672,110,118,-8,8
79673,101,109,-8,8
79674,85,100,-15,15
79675,125,136,-11,11
79676,67,81,-14,14
79677,64,79,-15,15
79678,47,75,-28,28
79679,111,128,-17,17
79680,45,65,-20,20
79681,79,81,-2,2
79682,102,108,-6,6
79683,99,96,3,3
79684,121,127,-6,6
79685,75,96,-21,21
79686,172,162,10,10
79687,67,89,-22,22
79688,111,114,-3,3
79689,119,138,-19,19
79690,134,133,1,1
79691,139,141,-2,2
79692,67,84,-17,17
79693,100,135,-35,35
79694,64,80,-16,16
79695,105,113,-8,8
79696,106,111,-5,5
79697,41,60,-19,19
79698,122,127,-5,5
79699,96,109,-13,13
79700,74,90,-16,16
79701,97,107,-10,10
79702,106,113,-7,7
79703,58,70,-12,12
79704,61,75,-14,14
79705,72,86,-14,14
79706,97,105,-8,8
79707,104,116,-12,12
79708,90,102,-12,12
79709,190,174,16,16
79710,113,129,-16,16
79711,72,104,-32,32
79712,102,110,-8,8
79713,143,130,13,13
79714,71,84,-13,13
79715,80,101,-21,21
79716,45,61,-16,16
79717,57,77,-20,20
79718,109,119,-10,10
79719,80,89,-9,9
79720,54,76,-22,22
79721,75,94,-19,19
79722,80,92,-12,12
79723,73,86,-13,13
79724,216,192,24,24
79725,73,91,-18,18
79726,124,129,-5,5
79727,160,138,22,22
79728,140,146,-6,6
79729,136,138,-2,2
79730,68,78,-10,10
79731,91,98,-7,7
79732,69,75,-6,6
79733,93,111,-18,18
79734,103,112,-9,9
79735,93,104,-11,11
79736,53,68,-15,15
79737,116,121,-5,5
79738,57,86,-29,29
79739,89,98,-9,9
79740,58,71,-13,13
79741,136,141,-5,5
79742,95,108,-13,13
79743,59,81,-22,22
79744,169,154,15,15
79745,105,114,-9,9
79746,119,120,-1,1
79747,89,99,-10,10
79748,132,132,0,0
79749,81,87,-6,6
79750,52,61,-9,9
79751,139,130,9,9
79752,60,78,-18,18
79753,128,135,-7,7
79754,54,69,-15,15
79755,123,136,-13,13
79756,99,109,-10,10
79757,36,64,-28,28
79758,40,58,-18,18
79759,114,126,-12,12
79760,89,93,-4,4
79761,68,84,-16,16
79762,96,98,-2,2
79763,120,127,-7,7
79764,85,98,-13,13
79765,67,78,-11,11
79766,90,102,-12,12
79767,59,75,-16,16
79768,86,90,-4,4
79769,187,170,17,17
79770,117,122,-5,5
79771,50,71,-21,21
79772,90,97,-7,7
79773,92,101,-9,9
79774,57,76,-19,19
79775,55,72,-17,17
79776,51,77,-26,26
79777,84,96,-12,12
79778,110,120,-10,10
79779,52,83,-31,31
79780,56,82,-26,26
79781,82,93,-11,11
79782,141,147,-6,6
79783,104,117,-13,13
79784,113,125,-12,12
79785,119,119,0,0
79786,124,132,-8,8
79787,79,90,-11,11
79788,99,101,-2,2
79789,133,127,6,6
79790,53,72,-19,19
79791,88,98,-10,10
79792,58,74,-16,16
79793,90,106,-16,16
79794,89,109,-20,20
79795,91,110,-19,19
79796,110,116,-6,6
79797,77,91,-14,14
79798,71,88,-17,17
79799,77,92,-15,15
79800,115,126,-11,11
79801,62,90,-28,28
79802,167,161,6,6
79803,105,121,-16,16
79804,100,106,-6,6
79805,100,118,-18,18
79806,111,125,-14,14
79807,92,98,-6,6
79808,162,156,6,6
79809,109,121,-12,12
79810,164,154,10,10
79811,63,72,-9,9
79812,67,84,-17,17
79813,158,159,-1,1
79814,82,93,-11,11
79815,65,74,-9,9
79816,118,120,-2,2
79817,87,105,-18,18
79818,159,155,4,4
79819,122,121,1,1
79820,102,114,-12,12
79821,63,81,-18,18
79822,94,106,-12,12
79823,100,112,-12,12
79824,87,89,-2,2
79825,98,106,-8,8
79826,79,86,-7,7
79827,104,106,-2,2
79828,115,121,-6,6
79829,118,146,-28,28
79830,82,92,-10,10
79831,130,132,-2,2
79832,98,113,-15,15
79833,141,148,-7,7
79834,197,178,19,19
79835,141,148,-7,7
79836,91,104,-13,13
79837,80,91,-11,11
79838,104,106,-2,2
79839,171,160,11,11
79840,292,249,43,43
79841,113,124,-11,11
79842,111,118,-7,7
79843,116,125,-9,9
79844,66,80,-14,14
79845,146,148,-2,2
79846,62,79,-17,17
79847,105,113,-8,8
79848,66,80,-14,14
79849,59,74,-15,15
79850,74,93,-19,19
79851,91,95,-4,4
79852,117,123,-6,6
79853,101,121,-20,20
79854,167,168,-1,1
79855,69,84,-15,15
79856,120,129,-9,9
79857,119,123,-4,4
79858,130,134,-4,4
79859,69,80,-11,11
79860,97,116,-19,19
79861,76,91,-15,15
79862,183,171,12,12
79863,65,82,-17,17
79864,155,148,7,7
79865,80,84,-4,4
79866,107,121,-14,14
79867,46,78,-32,32
79868,95,100,-5,5
79869,72,85,-13,13
79870,74,92,-18,18
79871,73,86,-13,13
79872,66,75,-9,9
79873,76,92,-16,16
79874,75,91,-16,16
79875,36,74,-38,38
79876,82,97,-15,15
79877,150,147,3,3
79878,88,107,-19,19
79879,40,60,-20,20
79880,82,96,-14,14
79881,166,156,10,10
79882,113,124,-11,11
79883,120,130,-10,10
79884,136,141,-5,5
79885,53,74,-21,21
79886,233,192,41,41
79887,78,88,-10,10
79888,112,118,-6,6
79889,103,124,-21,21
79890,100,107,-7,7
79891,86,102,-16,16
79892,69,85,-16,16
79893,109,122,-13,13
79894,105,111,-6,6
79895,51,101,-50,50
79896,99,116,-17,17
79897,138,148,-10,10
79898,42,107,-65,65
79899,87,97,-10,10
79900,141,143,-2,2
79901,75,100,-25,25
79902,96,104,-8,8
79903,56,72,-16,16
79904,122,127,-5,5
79905,65,83,-18,18
79906,113,110,3,3
79907,67,76,-9,9
79908,83,95,-12,12
79909,91,92,-1,1
79910,136,145,-9,9
79911,85,92,-7,7
79912,66,84,-18,18
79913,79,79,0,0
79914,73,84,-11,11
79915,106,117,-11,11
79916,76,86,-10,10
79917,149,146,3,3
79918,38,68,-30,30
79919,108,110,-2,2
79920,91,104,-13,13
79921,105,114,-9,9
79922,85,99,-14,14
79923,62,83,-21,21
79924,117,147,-30,30
79925,62,83,-21,21
79926,115,113,2,2
79927,85,86,-1,1
79928,150,152,-2,2
79929,132,148,-16,16
79930,74,90,-16,16
79931,44,79,-35,35
79932,152,155,-3,3
79933,142,149,-7,7
79934,106,116,-10,10
79935,97,112,-15,15
79936,97,101,-4,4
79937,53,75,-22,22
79938,116,125,-9,9
79939,141,147,-6,6
79940,109,121,-12,12
79941,90,97,-7,7
79942,111,124,-13,13
79943,186,183,3,3
79944,133,135,-2,2
79945,83,91,-8,8
79946,69,91,-22,22
79947,73,91,-18,18
79948,154,147,7,7
79949,93,114,-21,21
79950,87,99,-12,12
79951,126,139,-13,13
79952,91,106,-15,15
79953,79,90,-11,11
79954,82,101,-19,19
79955,112,104,8,8
79956,72,80,-8,8
79957,179,177,2,2
79958,67,86,-19,19
79959,61,92,-31,31
79960,134,129,5,5
79961,129,133,-4,4
79962,79,91,-12,12
79963,95,103,-8,8
79964,147,144,3,3
79965,86,103,-17,17
79966,64,80,-16,16
79967,73,94,-21,21
79968,60,73,-13,13
79969,122,137,-15,15
79970,91,105,-14,14
79971,78,81,-3,3
79972,69,88,-19,19
79973,64,97,-33,33
79974,120,123,-3,3
79975,101,111,-10,10
79976,51,68,-17,17
79977,80,94,-14,14
79978,100,149,-49,49
79979,104,116,-12,12
79980,69,90,-21,21
79981,94,105,-11,11
79982,110,127,-17,17
79983,157,154,3,3
79984,56,76,-20,20
79985,118,130,-12,12
79986,29,46,-17,17
79987,110,149,-39,39
79988,102,115,-13,13
79989,78,91,-13,13
79990,116,135,-19,19
79991,129,138,-9,9
79992,124,139,-15,15
79993,69,95,-26,26
79994,94,106,-12,12
79995,105,108,-3,3
79996,127,147,-20,20
79997,99,111,-12,12
79998,106,105,1,1
79999,45,59,-14,14
80000,73,85,-12,12
80001,57,71,-14,14
80002,71,83,-12,12
80003,84,98,-14,14
80004,91,101,-10,10
80005,93,106,-13,13
80006,75,90,-15,15
80007,98,102,-4,4
80008,76,88,-12,12
80009,87,98,-11,11
80010,100,115,-15,15
80011,101,110,-9,9
80012,63,88,-25,25
80013,94,100,-6,6
80014,58,75,-17,17
80015,77,80,-3,3
80016,136,131,5,5
80017,86,100,-14,14
80018,109,112,-3,3
80019,77,87,-10,10
80020,146,147,-1,1
80021,128,136,-8,8
80022,164,156,8,8
80023,71,85,-14,14
80024,147,152,-5,5
80025,96,103,-7,7
80026,65,79,-14,14
80027,95,105,-10,10
80028,84,98,-14,14
80029,104,111,-7,7
80030,75,89,-14,14
80031,168,161,7,7
80032,200,174,26,26
80033,153,156,-3,3
80034,171,167,4,4
80035,111,130,-19,19
80036,65,88,-23,23
80037,85,103,-18,18
80038,98,97,1,1
80039,111,125,-14,14
80040,112,123,-11,11
80041,113,121,-8,8
80042,148,141,7,7
80043,115,126,-11,11
80044,63,84,-21,21
80045,95,98,-3,3
80046,98,110,-12,12
80047,117,131,-14,14
80048,144,143,1,1
80049,115,131,-16,16
80050,124,127,-3,3
80051,115,130,-15,15
80052,93,111,-18,18
80053,83,100,-17,17
80054,83,95,-12,12
80055,106,116,-10,10
80056,104,113,-9,9
80057,149,163,-14,14
80058,94,110,-16,16
80059,61,78,-17,17
80060,63,88,-25,25
80061,98,110,-12,12
80062,70,88,-18,18
80063,96,111,-15,15
80064,89,97,-8,8
80065,120,149,-29,29
80066,85,87,-2,2
80067,159,142,17,17
80068,144,148,-4,4
80069,63,81,-18,18
80070,102,112,-10,10
80071,119,117,2,2
80072,106,115,-9,9
80073,88,87,1,1
80074,54,72,-18,18
80075,58,74,-16,16
80076,130,135,-5,5
80077,168,154,14,14
80078,73,84,-11,11
80079,133,146,-13,13
80080,98,112,-14,14
80081,86,90,-4,4
80082,81,95,-14,14
80083,83,94,-11,11
80084,59,76,-17,17
80085,43,63,-20,20
80086,80,94,-14,14
80087,73,91,-18,18
80088,86,103,-17,17
80089,89,127,-38,38
80090,77,91,-14,14
80091,59,67,-8,8
80092,64,110,-46,46
80093,82,89,-7,7
80094,47,64,-17,17
80095,99,96,3,3
80096,104,114,-10,10
80097,62,82,-20,20
80098,70,87,-17,17
80099,65,80,-15,15
80100,79,90,-11,11
80101,86,98,-12,12
80102,105,117,-12,12
80103,91,108,-17,17
80104,117,118,-1,1
80105,43,64,-21,21
80106,171,157,14,14
80107,115,121,-6,6
80108,111,127,-16,16
80109,73,85,-12,12
80110,118,120,-2,2
80111,84,91,-7,7
80112,96,115,-19,19
80113,115,126,-11,11
80114,172,159,13,13
80115,138,143,-5,5
80116,130,129,1,1
80117,142,145,-3,3
80118,92,105,-13,13
80119,71,80,-9,9
80120,42,58,-16,16
80121,93,101,-8,8
80122,116,112,4,4
80123,90,94,-4,4
80124,74,90,-16,16
80125,56,76,-20,20
80126,139,134,5,5
80127,76,94,-18,18
80128,97,113,-16,16
80129,88,102,-14,14
80130,70,83,-13,13
80131,148,145,3,3
80132,70,89,-19,19
80133,112,127,-15,15
80134,81,84,-3,3
80135,52,71,-19,19
80136,95,112,-17,17
80137,80,96,-16,16
80138,46,66,-20,20
80139,50,68,-18,18
80140,129,135,-6,6
80141,90,102,-12,12
80142,132,126,6,6
80143,143,147,-4,4
80144,130,150,-20,20
80145,147,145,2,2
80146,103,110,-7,7
80147,61,71,-10,10
80148,88,106,-18,18
80149,158,149,9,9
80150,50,71,-21,21
80151,115,123,-8,8
80152,86,107,-21,21
80153,95,102,-7,7
80154,135,148,-13,13
80155,84,95,-11,11
80156,116,145,-29,29
80157,31,54,-23,23
80158,86,103,-17,17
80159,87,92,-5,5
80160,99,104,-5,5
80161,61,79,-18,18
80162,66,76,-10,10
80163,99,111,-12,12
80164,83,88,-5,5
80165,63,77,-14,14
80166,85,87,-2,2
80167,90,106,-16,16
80168,114,122,-8,8
80169,77,89,-12,12
80170,74,91,-17,17
80171,85,93,-8,8
80172,49,106,-57,57
80173,29,55,-26,26
80174,77,84,-7,7
80175,70,82,-12,12
80176,72,90,-18,18
80177,67,99,-32,32
80178,73,85,-12,12
80179,112,113,-1,1
80180,153,152,1,1
80181,120,130,-10,10
80182,96,109,-13,13
80183,104,112,-8,8
80184,74,89,-15,15
80185,50,65,-15,15
80186,74,87,-13,13
80187,91,100,-9,9
80188,100,109,-9,9
80189,45,73,-28,28
80190,96,111,-15,15
80191,57,72,-15,15
80192,117,122,-5,5
80193,116,129,-13,13
80194,117,126,-9,9
80195,85,103,-18,18
80196,90,106,-16,16
80197,120,114,6,6
80198,63,90,-27,27
80199,131,150,-19,19
80200,55,72,-17,17
80201,159,160,-1,1
80202,95,97,-2,2
80203,91,101,-10,10
80204,52,70,-18,18
80205,73,86,-13,13
80206,107,111,-4,4
80207,73,90,-17,17
80208,144,143,1,1
80209,101,119,-18,18
80210,84,93,-9,9
80211,72,92,-20,20
80212,100,122,-22,22
80213,57,74,-17,17
80214,89,98,-9,9
80215,85,92,-7,7
80216,136,143,-7,7
80217,104,117,-13,13
80218,180,164,16,16
80219,88,97,-9,9
80220,81,99,-18,18
80221,98,107,-9,9
80222,63,72,-9,9
80223,81,104,-23,23
80224,132,147,-15,15
80225,139,145,-6,6
80226,156,148,8,8
80227,94,105,-11,11
80228,113,125,-12,12
80229,155,172,-17,17
80230,106,108,-2,2
80231,71,87,-16,16
80232,98,114,-16,16
80233,48,150,-102,102
80234,54,69,-15,15
80235,86,92,-6,6
80236,103,111,-8,8
80237,148,147,1,1
80238,73,81,-8,8
80239,135,147,-12,12
80240,93,104,-11,11
80241,137,147,-10,10
80242,82,95,-13,13
80243,78,86,-8,8
80244,95,110,-15,15
80245,74,85,-11,11
80246,95,105,-10,10
80247,64,77,-13,13
80248,100,115,-15,15
80249,95,110,-15,15
80250,28,60,-32,32
80251,38,60,-22,22
80252,92,102,-10,10
80253,134,144,-10,10
80254,68,80,-12,12
80255,117,123,-6,6
80256,118,122,-4,4
80257,79,89,-10,10
80258,61,78,-17,17
80259,132,132,0,0
80260,98,118,-20,20
80261,70,86,-16,16
80262,117,120,-3,3
80263,61,71,-10,10
80264,69,84,-15,15
80265,76,80,-4,4
80266,56,75,-19,19
80267,108,115,-7,7
80268,70,82,-12,12
80269,53,67,-14,14
80270,94,109,-15,15
80271,158,154,4,4
80272,146,147,-1,1
80273,94,112,-18,18
80274,48,67,-19,19
80275,85,102,-17,17
80276,117,115,2,2
80277,119,121,-2,2
80278,72,87,-15,15
80279,103,109,-6,6
80280,85,93,-8,8
80281,121,120,1,1
80282,66,92,-26,26
80283,177,182,-5,5
80284,85,92,-7,7
80285,151,154,-3,3
80286,57,71,-14,14
80287,83,91,-8,8
80288,68,80,-12,12
80289,118,129,-11,11
80290,70,83,-13,13
80291,30,64,-34,34
80292,94,107,-13,13
80293,68,84,-16,16
80294,153,155,-2,2
80295,81,88,-7,7
80296,106,115,-9,9
80297,93,98,-5,5
80298,152,154,-2,2
80299,117,126,-9,9
80300,121,126,-5,5
80301,104,121,-17,17
80302,130,126,4,4
80303,113,116,-3,3
80304,108,112,-4,4
80305,110,112,-2,2
80306,76,99,-23,23
80307,119,126,-7,7
80308,79,86,-7,7
80309,96,108,-12,12
80310,74,105,-31,31
80311,71,78,-7,7
80312,79,85,-6,6
80313,62,81,-19,19
80314,67,83,-16,16
80315,149,141,8,8
80316,70,87,-17,17
80317,87,99,-12,12
80318,302,248,54,54
80319,51,71,-20,20
80320,73,84,-11,11
80321,47,66,-19,19
80322,138,136,2,2
80323,155,149,6,6
80324,67,82,-15,15
80325,118,136,-18,18
80326,73,88,-15,15
80327,67,87,-20,20
80328,43,74,-31,31
80329,101,119,-18,18
80330,89,91,-2,2
80331,67,82,-15,15
80332,148,150,-2,2
80333,131,139,-8,8
80334,73,82,-9,9
80335,135,147,-12,12
80336,71,90,-19,19
80337,71,81,-10,10
80338,108,108,0,0
80339,131,134,-3,3
80340,115,139,-24,24
80341,56,73,-17,17
80342,84,95,-11,11
80343,92,112,-20,20
80344,38,55,-17,17
80345,134,131,3,3
80346,75,88,-13,13
80347,124,127,-3,3
80348,126,133,-7,7
80349,103,127,-24,24
80350,57,70,-13,13
80351,82,101,-19,19
80352,113,125,-12,12
80353,103,122,-19,19
80354,119,114,5,5
80355,259,258,1,1
80356,87,98,-11,11
80357,180,153,27,27
80358,84,107,-23,23
80359,110,129,-19,19
80360,116,120,-4,4
80361,114,123,-9,9
80362,124,145,-21,21
80363,92,95,-3,3
80364,86,102,-16,16
80365,85,99,-14,14
80366,65,83,-18,18
80367,73,84,-11,11
80368,72,87,-15,15
80369,108,118,-10,10
80370,47,65,-18,18
80371,96,110,-14,14
80372,66,83,-17,17
80373,70,90,-20,20
80374,134,137,-3,3
80375,47,67,-20,20
80376,50,70,-20,20
80377,69,88,-19,19
80378,82,98,-16,16
80379,103,108,-5,5
80380,79,90,-11,11
80381,82,95,-13,13
80382,77,99,-22,22
80383,77,92,-15,15
80384,99,109,-10,10
80385,99,111,-12,12
80386,156,162,-6,6
80387,82,87,-5,5
80388,123,126,-3,3
80389,75,84,-9,9
80390,47,66,-19,19
80391,32,54,-22,22
80392,72,89,-17,17
80393,92,104,-12,12
80394,128,121,7,7
80395,100,116,-16,16
80396,78,98,-20,20
80397,141,143,-2,2
80398,361,288,73,73
80399,142,140,2,2
80400,28,73,-45,45
80401,53,70,-17,17
80402,80,95,-15,15
80403,81,96,-15,15
80404,181,155,26,26
80405,55,75,-20,20
80406,81,92,-11,11
80407,58,76,-18,18
80408,28,49,-21,21
80409,76,94,-18,18
80410,77,98,-21,21
80411,125,132,-7,7
80412,89,109,-20,20
80413,91,105,-14,14
80414,103,116,-13,13
80415,97,108,-11,11
80416,90,92,-2,2
80417,69,85,-16,16
80418,140,146,-6,6
80419,59,76,-17,17
80420,140,146,-6,6
80421,119,130,-11,11
80422,86,104,-18,18
80423,71,84,-13,13
80424,179,168,11,11
80425,119,115,4,4
80426,115,119,-4,4
80427,61,81,-20,20
80428,160,158,2,2
80429,127,138,-11,11
80430,186,182,4,4
80431,95,118,-23,23
80432,73,94,-21,21
80433,86,95,-9,9
80434,64,82,-18,18
80435,164,155,9,9
80436,80,91,-11,11
80437,107,136,-29,29
80438,138,138,0,0
80439,95,109,-14,14
80440,161,151,10,10
80441,81,89,-8,8
80442,118,124,-6,6
80443,102,112,-10,10
80444,79,92,-13,13
80445,83,94,-11,11
80446,96,94,2,2
80447,99,115,-16,16
80448,101,110,-9,9
80449,73,85,-12,12
80450,151,149,2,2
80451,86,102,-16,16
80452,107,111,-4,4
80453,102,104,-2,2
80454,87,97,-10,10
80455,110,117,-7,7
80456,75,96,-21,21
80457,68,111,-43,43
80458,88,103,-15,15
80459,84,95,-11,11
80460,81,90,-9,9
80461,78,89,-11,11
80462,73,85,-12,12
80463,103,107,-4,4
80464,175,161,14,14
80465,122,125,-3,3
80466,106,114,-8,8
80467,53,67,-14,14
80468,120,130,-10,10
80469,135,144,-9,9
80470,96,107,-11,11
80471,69,86,-17,17
80472,86,102,-16,16
80473,94,113,-19,19
80474,46,63,-17,17
80475,93,102,-9,9
80476,111,123,-12,12
80477,54,70,-16,16
80478,63,84,-21,21
80479,59,79,-20,20
80480,61,77,-16,16
80481,68,93,-25,25
80482,140,135,5,5
80483,79,87,-8,8
80484,148,153,-5,5
80485,114,122,-8,8
80486,77,92,-15,15
80487,95,99,-4,4
80488,53,66,-13,13
80489,102,116,-14,14
80490,150,151,-1,1
80491,142,135,7,7
80492,123,141,-18,18
80493,85,92,-7,7
80494,86,92,-6,6
80495,106,108,-2,2
80496,123,126,-3,3
80497,99,108,-9,9
80498,78,84,-6,6
80499,74,85,-11,11
80500,83,88,-5,5
80501,68,115,-47,47
80502,100,115,-15,15
80503,71,78,-7,7
80504,85,89,-4,4
80505,105,111,-6,6
80506,132,137,-5,5
80507,109,107,2,2
80508,95,103,-8,8
80509,101,105,-4,4
80510,49,72,-23,23
80511,37,56,-19,19
80512,80,100,-20,20
80513,66,69,-3,3
80514,70,85,-15,15
80515,93,99,-6,6
80516,54,74,-20,20
80517,99,119,-20,20
80518,100,110,-10,10
80519,143,147,-4,4
80520,67,83,-16,16
80521,69,84,-15,15
80522,72,103,-31,31
80523,88,103,-15,15
80524,116,106,10,10
80525,103,119,-16,16
80526,129,137,-8,8
80527,112,122,-10,10
80528,47,63,-16,16
80529,80,89,-9,9
80530,87,96,-9,9
80531,102,120,-18,18
80532,111,123,-12,12
80533,113,125,-12,12
80534,85,92,-7,7
80535,57,77,-20,20
80536,110,111,-1,1
80537,91,106,-15,15
80538,127,130,-3,3
80539,71,81,-10,10
80540,110,114,-4,4
80541,143,147,-4,4
80542,90,107,-17,17
80543,122,116,6,6
80544,124,126,-2,2
80545,53,68,-15,15
80546,77,94,-17,17
80547,35,56,-21,21
80548,63,88,-25,25
80549,115,115,0,0
80550,128,131,-3,3
80551,99,112,-13,13
80552,90,107,-17,17
80553,80,90,-10,10
80554,98,107,-9,9
80555,95,102,-7,7
80556,138,145,-7,7
80557,84,93,-9,9
80558,129,140,-11,11
80559,101,103,-2,2
80560,109,107,2,2
80561,142,148,-6,6
80562,72,70,2,2
80563,110,120,-10,10
80564,52,65,-13,13
80565,66,98,-32,32
80566,69,84,-15,15
80567,79,90,-11,11
80568,69,87,-18,18
80569,97,108,-11,11
80570,96,103,-7,7
80571,105,109,-4,4
80572,144,147,-3,3
80573,129,127,2,2
80574,75,92,-17,17
80575,111,113,-2,2
80576,149,147,2,2
80577,110,130,-20,20
80578,73,86,-13,13
80579,58,77,-19,19
80580,47,64,-17,17
80581,82,104,-22,22
80582,70,84,-14,14
80583,124,119,5,5
80584,78,89,-11,11
80585,136,135,1,1
80586,147,152,-5,5
80587,84,111,-27,27
80588,121,121,0,0
80589,63,79,-16,16
80590,94,106,-12,12
80591,125,135,-10,10
80592,82,101,-19,19
80593,158,148,10,10
80594,67,84,-17,17
80595,61,82,-21,21
80596,119,129,-10,10
80597,65,84,-19,19
80598,86,100,-14,14
80599,98,93,5,5
80600,143,147,-4,4
80601,105,116,-11,11
80602,113,137,-24,24
80603,77,84,-7,7
80604,107,123,-16,16
80605,58,78,-20,20
80606,145,148,-3,3
80607,52,87,-35,35
80608,109,113,-4,4
80609,71,83,-12,12
80610,64,84,-20,20
80611,129,132,-3,3
80612,83,100,-17,17
80613,40,73,-33,33
80614,102,121,-19,19
80615,65,76,-11,11
80616,100,102,-2,2
80617,131,139,-8,8
80618,90,97,-7,7
80619,92,109,-17,17
80620,67,90,-23,23
80621,121,126,-5,5
80622,126,122,4,4
80623,93,107,-14,14
80624,157,152,5,5
80625,89,100,-11,11
80626,53,79,-26,26
80627,96,102,-6,6
80628,111,114,-3,3
80629,121,128,-7,7
80630,67,90,-23,23
80631,59,72,-13,13
80632,88,101,-13,13
80633,71,95,-24,24
80634,57,71,-14,14
80635,118,120,-2,2
80636,78,87,-9,9
80637,118,121,-3,3
80638,85,96,-11,11
80639,102,113,-11,11
80640,69,89,-20,20
80641,179,179,0,0
80642,94,118,-24,24
80643,100,108,-8,8
80644,91,96,-5,5
80645,139,149,-10,10
80646,77,94,-17,17
80647,64,78,-14,14
80648,64,78,-14,14
80649,137,143,-6,6
80650,113,118,-5,5
80651,93,98,-5,5
80652,100,116,-16,16
80653,88,98,-10,10
80654,87,95,-8,8
80655,144,148,-4,4
80656,41,67,-26,26
80657,51,73,-22,22
80658,78,83,-5,5
80659,72,83,-11,11
80660,66,75,-9,9
80661,58,76,-18,18
80662,123,136,-13,13
80663,90,94,-4,4
80664,56,66,-10,10
80665,98,100,-2,2
80666,91,97,-6,6
80667,126,128,-2,2
80668,68,72,-4,4
80669,117,118,-1,1
80670,46,64,-18,18
80671,71,86,-15,15
80672,111,115,-4,4
80673,89,98,-9,9
80674,58,80,-22,22
80675,104,113,-9,9
80676,110,115,-5,5
80677,101,111,-10,10
80678,203,215,-12,12
80679,90,104,-14,14
80680,82,91,-9,9
80681,133,132,1,1
80682,67,78,-11,11
80683,75,92,-17,17
80684,90,99,-9,9
80685,91,95,-4,4
80686,91,106,-15,15
80687,67,86,-19,19
80688,122,126,-4,4
80689,59,74,-15,15
80690,40,58,-18,18
80691,104,111,-7,7
80692,118,133,-15,15
80693,92,96,-4,4
80694,157,163,-6,6
80695,65,82,-17,17
80696,60,80,-20,20
80697,100,108,-8,8
80698,31,50,-19,19
80699,94,103,-9,9
80700,45,64,-19,19
80701,109,112,-3,3
80702,85,88,-3,3
80703,86,103,-17,17
80704,185,166,19,19
80705,97,107,-10,10
80706,69,79,-10,10
80707,194,182,12,12
80708,63,90,-27,27
80709,141,147,-6,6
80710,87,86,1,1
80711,131,137,-6,6
80712,152,147,5,5
80713,96,104,-8,8
80714,111,121,-10,10
80715,92,94,-2,2
80716,108,112,-4,4
80717,83,92,-9,9
80718,52,69,-17,17
80719,103,112,-9,9
80720,189,175,14,14
80721,80,85,-5,5
80722,149,147,2,2
80723,146,146,0,0
80724,66,76,-10,10
80725,38,56,-18,18
80726,124,141,-17,17
80727,55,72,-17,17
80728,141,138,3,3
80729,83,131,-48,48
80730,144,152,-8,8
80731,127,137,-10,10
80732,80,82,-2,2
80733,125,130,-5,5
80734,115,122,-7,7
80735,79,90,-11,11
80736,73,86,-13,13
80737,92,90,2,2
80738,84,100,-16,16
80739,103,116,-13,13
80740,104,119,-15,15
80741,101,115,-14,14
80742,92,113,-21,21
80743,169,152,17,17
80744,53,67,-14,14
80745,114,113,1,1
80746,138,148,-10,10
80747,86,93,-7,7
80748,85,97,-12,12
80749,147,149,-2,2
80750,58,85,-27,27
80751,128,134,-6,6
80752,65,84,-19,19
80753,89,96,-7,7
80754,95,111,-16,16
80755,84,96,-12,12
80756,115,116,-1,1
80757,142,143,-1,1
80758,120,124,-4,4
80759,102,118,-16,16
80760,121,147,-26,26
80761,48,69,-21,21
80762,127,119,8,8
80763,76,84,-8,8
80764,133,135,-2,2
80765,108,113,-5,5
80766,67,79,-12,12
80767,33,53,-20,20
80768,148,141,7,7
80769,115,115,0,0
80770,68,115,-47,47
80771,132,148,-16,16
80772,167,155,12,12
80773,145,152,-7,7
80774,126,133,-7,7
80775,72,80,-8,8
80776,108,123,-15,15
80777,75,95,-20,20
80778,66,89,-23,23
80779,72,82,-10,10
80780,99,106,-7,7
80781,67,81,-14,14
80782,113,122,-9,9
80783,108,113,-5,5
80784,94,105,-11,11
80785,57,82,-25,25
80786,97,101,-4,4
80787,64,81,-17,17
80788,127,131,-4,4
80789,90,94,-4,4
80790,185,181,4,4
80791,110,109,1,1
80792,59,77,-18,18
80793,119,119,0,0
80794,88,112,-24,24
80795,196,172,24,24
80796,95,107,-12,12
80797,69,91,-22,22
80798,159,162,-3,3
80799,66,102,-36,36
80800,100,104,-4,4
80801,90,109,-19,19
80802,71,83,-12,12
80803,63,75,-12,12
80804,104,106,-2,2
80805,64,84,-20,20
80806,67,85,-18,18
80807,71,89,-18,18
80808,155,146,9,9
80809,89,94,-5,5
80810,128,132,-4,4
80811,95,111,-16,16
80812,51,68,-17,17
80813,118,122,-4,4
80814,102,110,-8,8
80815,124,129,-5,5
80816,68,82,-14,14
80817,50,65,-15,15
80818,86,100,-14,14
80819,89,103,-14,14
80820,113,112,1,1
80821,126,134,-8,8
80822,64,88,-24,24
80823,120,132,-12,12
80824,62,86,-24,24
80825,73,98,-25,25
80826,145,147,-2,2
80827,63,78,-15,15
80828,80,100,-20,20
80829,82,95,-13,13
80830,41,56,-15,15
80831,93,106,-13,13
80832,107,110,-3,3
80833,60,78,-18,18
80834,93,102,-9,9
80835,97,110,-13,13
80836,90,101,-11,11
80837,111,124,-13,13
80838,57,74,-17,17
80839,75,83,-8,8
80840,54,77,-23,23
80841,55,84,-29,29
80842,84,98,-14,14
80843,95,107,-12,12
80844,101,97,4,4
80845,91,102,-11,11
80846,65,80,-15,15
80847,59,76,-17,17
80848,112,115,-3,3
80849,164,160,4,4
80850,61,77,-16,16
80851,75,90,-15,15
80852,149,147,2,2
80853,152,147,5,5
80854,65,84,-19,19
80855,90,101,-11,11
80856,96,111,-15,15
80857,105,108,-3,3
80858,75,99,-24,24
80859,61,75,-14,14
80860,102,105,-3,3
80861,96,102,-6,6
80862,96,97,-1,1
80863,89,97,-8,8
80864,100,111,-11,11
80865,96,103,-7,7
80866,57,75,-18,18
80867,67,84,-17,17
80868,148,149,-1,1
80869,108,114,-6,6
80870,50,63,-13,13
80871,151,147,4,4
80872,72,93,-21,21
80873,55,74,-19,19
80874,166,147,19,19
80875,75,90,-15,15
80876,154,148,6,6
80877,71,89,-18,18
80878,77,89,-12,12
80879,72,79,-7,7
80880,79,89,-10,10
80881,166,153,13,13
80882,72,92,-20,20
80883,91,102,-11,11
80884,80,96,-16,16
80885,111,102,9,9
80886,81,104,-23,23
80887,74,94,-20,20
80888,129,135,-6,6
80889,120,124,-4,4
80890,79,91,-12,12
80891,95,98,-3,3
80892,82,96,-14,14
80893,124,124,0,0
80894,73,85,-12,12
80895,328,372,-44,44
80896,95,99,-4,4
80897,90,95,-5,5
80898,105,115,-10,10
80899,131,138,-7,7
80900,96,114,-18,18
80901,64,69,-5,5
80902,129,119,10,10
80903,84,91,-7,7
80904,126,131,-5,5
80905,132,141,-9,9
80906,108,123,-15,15
80907,74,86,-12,12
80908,122,126,-4,4
80909,96,124,-28,28
80910,172,177,-5,5
80911,150,147,3,3
80912,82,93,-11,11
80913,119,130,-11,11
80914,42,60,-18,18
80915,125,122,3,3
80916,47,59,-12,12
80917,78,85,-7,7
80918,51,71,-20,20
80919,56,77,-21,21
80920,100,118,-18,18
80921,105,110,-5,5
80922,241,191,50,50
80923,148,144,4,4
80924,49,65,-16,16
80925,116,124,-8,8
80926,45,57,-12,12
80927,89,95,-6,6
80928,83,102,-19,19
80929,106,118,-12,12
80930,84,111,-27,27
80931,82,91,-9,9
80932,69,84,-15,15
80933,87,102,-15,15
80934,85,113,-28,28
80935,75,81,-6,6
80936,142,147,-5,5
80937,84,95,-11,11
80938,112,109,3,3
80939,74,90,-16,16
80940,82,99,-17,17
80941,96,109,-13,13
80942,106,112,-6,6
80943,41,68,-27,27
80944,70,75,-5,5
80945,62,77,-15,15
80946,108,116,-8,8
80947,115,115,0,0
80948,79,89,-10,10
80949,101,112,-11,11
80950,73,83,-10,10
80951,69,86,-17,17
80952,42,60,-18,18
80953,130,131,-1,1
80954,74,81,-7,7
80955,69,83,-14,14
80956,112,118,-6,6
80957,95,110,-15,15
80958,56,75,-19,19
80959,98,109,-11,11
80960,93,108,-15,15
80961,93,96,-3,3
80962,99,110,-11,11
80963,137,136,1,1
80964,127,136,-9,9
80965,82,90,-8,8
80966,58,86,-28,28
80967,83,86,-3,3
80968,130,129,1,1
80969,99,100,-1,1
80970,134,142,-8,8
80971,134,133,1,1
80972,73,85,-12,12
80973,98,122,-24,24
80974,56,72,-16,16
80975,106,119,-13,13
80976,157,148,9,9
80977,70,82,-12,12
80978,105,112,-7,7
80979,108,127,-19,19
80980,65,82,-17,17
80981,82,88,-6,6
80982,75,93,-18,18
80983,88,103,-15,15
80984,79,91,-12,12
80985,85,103,-18,18
80986,98,108,-10,10
80987,70,79,-9,9
80988,132,141,-9,9
80989,121,118,3,3
80990,120,145,-25,25
80991,131,132,-1,1
80992,100,118,-18,18
80993,103,113,-10,10
80994,89,99,-10,10
80995,87,101,-14,14
80996,63,80,-17,17
80997,101,111,-10,10
80998,80,92,-12,12
80999,60,73,-13,13
81000,53,73,-20,20
81001,147,143,4,4
81002,83,98,-15,15
81003,91,101,-10,10
81004,120,124,-4,4
81005,79,92,-13,13
81006,66,77,-11,11
81007,126,115,11,11
81008,155,147,8,8
81009,73,87,-14,14
81010,75,87,-12,12
81011,110,119,-9,9
81012,87,100,-13,13
81013,92,101,-9,9
81014,133,144,-11,11
81015,100,105,-5,5
81016,89,99,-10,10
81017,73,88,-15,15
81018,56,73,-17,17
81019,117,119,-2,2
81020,77,77,0,0
81021,58,68,-10,10
81022,132,141,-9,9
81023,149,134,15,15
81024,60,71,-11,11
81025,88,97,-9,9
81026,118,120,-2,2
81027,71,88,-17,17
81028,158,153,5,5
81029,143,140,3,3
81030,63,88,-25,25
81031,49,72,-23,23
81032,111,118,-7,7
81033,121,128,-7,7
81034,97,102,-5,5
81035,116,122,-6,6
81036,58,72,-14,14
81037,66,76,-10,10
81038,63,76,-13,13
81039,54,65,-11,11
81040,83,98,-15,15
81041,66,81,-15,15
81042,48,67,-19,19
81043,69,88,-19,19
81044,39,85,-46,46
81045,158,141,17,17
81046,48,67,-19,19
81047,63,77,-14,14
81048,93,105,-12,12
81049,87,111,-24,24
81050,64,81,-17,17
81051,148,133,15,15
81052,58,74,-16,16
81053,51,70,-19,19
81054,53,72,-19,19
81055,138,142,-4,4
81056,75,88,-13,13
81057,94,106,-12,12
81058,49,75,-26,26
81059,132,147,-15,15
81060,98,106,-8,8
81061,97,118,-21,21
81062,100,103,-3,3
81063,107,112,-5,5
81064,65,79,-14,14
81065,67,80,-13,13
81066,54,71,-17,17
81067,123,132,-9,9
81068,133,130,3,3
81069,105,134,-29,29
81070,91,105,-14,14
81071,121,135,-14,14
81072,81,99,-18,18
81073,59,79,-20,20
81074,154,146,8,8
81075,85,98,-13,13
81076,80,107,-27,27
81077,181,172,9,9
81078,112,114,-2,2
81079,80,90,-10,10
81080,140,138,2,2
81081,92,94,-2,2
81082,87,88,-1,1
81083,62,94,-32,32
81084,136,136,0,0
81085,74,87,-13,13
81086,74,85,-11,11
81087,45,66,-21,21
81088,87,98,-11,11
81089,81,91,-10,10
81090,37,53,-16,16
81091,73,86,-13,13
81092,81,94,-13,13
81093,119,127,-8,8
81094,139,145,-6,6
81095,106,121,-15,15
81096,105,117,-12,12
81097,129,133,-4,4
81098,97,114,-17,17
81099,94,129,-35,35
81100,89,123,-34,34
81101,84,97,-13,13
81102,182,158,24,24
81103,44,64,-20,20
81104,98,103,-5,5
81105,83,94,-11,11
81106,159,153,6,6
81107,61,76,-15,15
81108,145,137,8,8
81109,113,145,-32,32
81110,74,88,-14,14
81111,44,62,-18,18
81112,70,92,-22,22
81113,87,120,-33,33
81114,156,149,7,7
81115,78,89,-11,11
81116,99,100,-1,1
81117,120,123,-3,3
81118,100,124,-24,24
81119,90,98,-8,8
81120,90,105,-15,15
81121,126,133,-7,7
81122,59,66,-7,7
81123,82,95,-13,13
81124,71,95,-24,24
81125,87,97,-10,10
81126,72,98,-26,26
81127,112,113,-1,1
81128,65,77,-12,12
81129,68,83,-15,15
81130,62,80,-18,18
81131,130,141,-11,11
81132,60,76,-16,16
81133,100,116,-16,16
81134,48,67,-19,19
81135,97,107,-10,10
81136,85,90,-5,5
81137,143,132,11,11
81138,112,121,-9,9
81139,70,86,-16,16
81140,107,129,-22,22
81141,103,112,-9,9
81142,79,87,-8,8
81143,65,71,-6,6
81144,74,82,-8,8
81145,62,80,-18,18
81146,146,149,-3,3
81147,138,148,-10,10
81148,109,118,-9,9
81149,57,71,-14,14
81150,81,98,-17,17
81151,100,108,-8,8
81152,55,77,-22,22
81153,71,86,-15,15
81154,137,132,5,5
81155,173,165,8,8
81156,53,78,-25,25
81157,69,81,-12,12
81158,115,111,4,4
81159,71,88,-17,17
81160,129,129,0,0
81161,142,140,2,2
81162,48,67,-19,19
81163,77,91,-14,14
81164,81,104,-23,23
81165,103,110,-7,7
81166,75,84,-9,9
81167,86,95,-9,9
81168,105,122,-17,17
81169,61,72,-11,11
81170,109,111,-2,2
81171,98,104,-6,6
81172,153,152,1,1
81173,50,72,-22,22
81174,178,160,18,18
81175,85,94,-9,9
81176,118,132,-14,14
81177,94,98,-4,4
81178,116,110,6,6
81179,92,99,-7,7
81180,96,104,-8,8
81181,44,65,-21,21
81182,96,107,-11,11
81183,146,135,11,11
81184,90,93,-3,3
81185,86,95,-9,9
81186,112,124,-12,12
81187,102,128,-26,26
81188,47,63,-16,16
81189,107,111,-4,4
81190,52,85,-33,33
81191,122,131,-9,9
81192,84,90,-6,6
81193,76,93,-17,17
81194,72,87,-15,15
81195,181,168,13,13
81196,71,87,-16,16
81197,92,111,-19,19
81198,152,149,3,3
81199,133,140,-7,7
81200,97,112,-15,15
81201,135,141,-6,6
81202,75,93,-18,18
81203,99,120,-21,21
81204,92,129,-37,37
81205,113,131,-18,18
81206,65,76,-11,11
81207,100,113,-13,13
81208,124,137,-13,13
81209,82,99,-17,17
81210,111,124,-13,13
81211,101,109,-8,8
81212,60,76,-16,16
81213,141,137,4,4
81214,69,84,-15,15
81215,141,148,-7,7
81216,111,111,0,0
81217,169,162,7,7
81218,126,129,-3,3
81219,75,99,-24,24
81220,120,121,-1,1
81221,141,149,-8,8
81222,104,135,-31,31
81223,48,67,-19,19
81224,93,104,-11,11
81225,140,142,-2,2
81226,97,100,-3,3
81227,110,114,-4,4
81228,45,60,-15,15
81229,92,103,-11,11
81230,87,88,-1,1
81231,90,93,-3,3
81232,68,87,-19,19
81233,64,83,-19,19
81234,59,70,-11,11
81235,135,138,-3,3
81236,52,70,-18,18
81237,121,137,-16,16
81238,78,97,-19,19
81239,97,107,-10,10
81240,64,101,-37,37
81241,113,131,-18,18
81242,83,96,-13,13
81243,79,87,-8,8
81244,77,95,-18,18
81245,56,79,-23,23
81246,156,153,3,3
81247,134,137,-3,3
81248,66,84,-18,18
81249,113,125,-12,12
81250,89,98,-9,9
81251,95,112,-17,17
81252,98,110,-12,12
81253,137,148,-11,11
81254,113,113,0,0
81255,173,157,16,16
81256,122,128,-6,6
81257,92,100,-8,8
81258,142,143,-1,1
81259,82,99,-17,17
81260,42,61,-19,19
81261,116,147,-31,31
81262,89,103,-14,14
81263,140,140,0,0
81264,130,124,6,6
81265,80,89,-9,9
81266,113,131,-18,18
81267,60,76,-16,16
81268,143,166,-23,23
81269,86,94,-8,8
81270,126,124,2,2
81271,75,84,-9,9
81272,120,123,-3,3
81273,125,126,-1,1
81274,195,179,16,16
81275,71,84,-13,13
81276,131,141,-10,10
81277,111,118,-7,7
81278,89,104,-15,15
81279,93,104,-11,11
81280,80,93,-13,13
81281,80,84,-4,4
81282,46,61,-15,15
81283,134,133,1,1
81284,83,92,-9,9
81285,145,147,-2,2
81286,80,92,-12,12
81287,82,91,-9,9
81288,86,90,-4,4
81289,62,85,-23,23
81290,46,66,-20,20
81291,112,117,-5,5
81292,99,108,-9,9
81293,145,150,-5,5
81294,166,163,3,3
81295,45,67,-22,22
81296,126,119,7,7
81297,89,96,-7,7
81298,99,116,-17,17
81299,77,93,-16,16
81300,119,117,2,2
81301,93,123,-30,30
81302,102,115,-13,13
81303,62,77,-15,15
81304,57,71,-14,14
81305,63,81,-18,18
81306,56,77,-21,21
81307,137,140,-3,3
81308,101,110,-9,9
81309,90,92,-2,2
81310,136,138,-2,2
81311,70,79,-9,9
81312,81,94,-13,13
81313,66,79,-13,13
81314,93,104,-11,11
81315,73,84,-11,11
81316,90,98,-8,8
81317,83,97,-14,14
81318,89,98,-9,9
81319,103,118,-15,15
81320,105,109,-4,4
81321,83,112,-29,29
81322,115,126,-11,11
81323,99,127,-28,28
81324,85,102,-17,17
81325,73,92,-19,19
81326,80,99,-19,19
81327,49,72,-23,23
81328,80,95,-15,15
81329,63,79,-16,16
81330,33,54,-21,21
81331,178,184,-6,6
81332,105,139,-34,34
81333,41,70,-29,29
81334,92,106,-14,14
81335,98,107,-9,9
81336,71,87,-16,16
81337,30,53,-23,23
81338,62,79,-17,17
81339,126,148,-22,22
81340,102,116,-14,14
81341,122,133,-11,11
81342,79,94,-15,15
81343,152,148,4,4
81344,159,149,10,10
81345,161,160,1,1
81346,71,77,-6,6
81347,84,99,-15,15
81348,118,115,3,3
81349,73,84,-11,11
81350,118,128,-10,10
81351,102,103,-1,1
81352,69,90,-21,21
81353,101,106,-5,5
81354,127,127,0,0
81355,84,95,-11,11
81356,40,55,-15,15
81357,70,82,-12,12
81358,135,135,0,0
81359,77,91,-14,14
81360,78,93,-15,15
81361,70,84,-14,14
81362,73,92,-19,19
81363,85,94,-9,9
81364,106,112,-6,6
81365,151,147,4,4
81366,153,151,2,2
81367,133,130,3,3
81368,121,125,-4,4
81369,110,117,-7,7
81370,71,94,-23,23
81371,98,104,-6,6
81372,126,138,-12,12
81373,86,100,-14,14
81374,77,91,-14,14
81375,198,176,22,22
81376,133,135,-2,2
81377,124,139,-15,15
81378,90,95,-5,5
81379,60,76,-16,16
81380,80,104,-24,24
81381,47,64,-17,17
81382,82,91,-9,9
81383,119,109,10,10
81384,66,81,-15,15
81385,136,132,4,4
81386,141,139,2,2
81387,50,75,-25,25
81388,71,91,-20,20
81389,98,109,-11,11
81390,121,117,4,4
81391,81,101,-20,20
81392,117,129,-12,12
81393,112,120,-8,8
81394,94,106,-12,12
81395,55,87,-32,32
81396,97,120,-23,23
81397,92,107,-15,15
81398,137,146,-9,9
81399,54,70,-16,16
81400,140,145,-5,5
81401,138,136,2,2
81402,85,94,-9,9
81403,84,100,-16,16
81404,104,112,-8,8
81405,113,121,-8,8
81406,109,125,-16,16
81407,76,103,-27,27
81408,79,98,-19,19
81409,65,77,-12,12
81410,81,88,-7,7
81411,131,129,2,2
81412,204,181,23,23
81413,77,88,-11,11
81414,161,150,11,11
81415,97,109,-12,12
81416,110,111,-1,1
81417,76,91,-15,15
81418,70,78,-8,8
81419,122,131,-9,9
81420,52,72,-20,20
81421,121,126,-5,5
81422,89,100,-11,11
81423,99,101,-2,2
81424,62,77,-15,15
81425,117,123,-6,6
81426,92,111,-19,19
81427,169,162,7,7
81428,122,123,-1,1
81429,88,109,-21,21
81430,94,101,-7,7
81431,163,144,19,19
81432,72,83,-11,11
81433,87,106,-19,19
81434,104,124,-20,20
81435,51,70,-19,19
81436,57,69,-12,12
81437,149,147,2,2
81438,87,101,-14,14
81439,109,119,-10,10
81440,120,125,-5,5
81441,79,86,-7,7
81442,129,136,-7,7
81443,162,151,11,11
81444,133,139,-6,6
81445,82,95,-13,13
81446,110,119,-9,9
81447,180,161,19,19
81448,104,110,-6,6
81449,134,139,-5,5
81450,114,118,-4,4
81451,130,149,-19,19
81452,94,107,-13,13
81453,182,160,22,22
81454,93,109,-16,16
81455,74,93,-19,19
81456,66,80,-14,14
81457,164,207,-43,43
81458,125,163,-38,38
81459,74,95,-21,21
81460,148,148,0,0
81461,69,87,-18,18
81462,98,108,-10,10
81463,71,85,-14,14
81464,107,112,-5,5
81465,133,131,2,2
81466,72,80,-8,8
81467,68,83,-15,15
81468,97,102,-5,5
81469,185,158,27,27
81470,184,173,11,11
81471,106,123,-17,17
81472,143,148,-5,5
81473,82,105,-23,23
81474,47,72,-25,25
81475,82,88,-6,6
81476,97,96,1,1
81477,58,77,-19,19
81478,115,115,0,0
81479,137,129,8,8
81480,112,122,-10,10
81481,101,108,-7,7
81482,56,70,-14,14
81483,80,90,-10,10
81484,79,92,-13,13
81485,186,162,24,24
81486,79,87,-8,8
81487,80,86,-6,6
81488,85,91,-6,6
81489,123,120,3,3
81490,94,104,-10,10
81491,71,96,-25,25
81492,83,93,-10,10
81493,45,65,-20,20
81494,120,151,-31,31
81495,165,157,8,8
81496,73,91,-18,18
81497,87,99,-12,12
81498,80,94,-14,14
81499,132,144,-12,12
81500,82,88,-6,6
81501,77,86,-9,9
81502,62,81,-19,19
81503,74,87,-13,13
81504,87,104,-17,17
81505,142,147,-5,5
81506,119,117,2,2
81507,62,77,-15,15
