,original,predict,differ,abs
0,67,72,-5,5
1,58,64,-6,6
2,88,76,12,12
3,183,190,-7,7
4,81,83,-2,2
5,88,89,-1,1
6,83,88,-5,5
7,183,180,3,3
8,81,77,4,4
9,117,125,-8,8
10,64,63,1,1
11,59,69,-10,10
12,74,72,2,2
13,100,116,-16,16
14,103,103,0,0
15,66,65,1,1
16,97,91,6,6
17,120,113,7,7
18,79,79,0,0
19,110,123,-13,13
20,217,213,4,4
21,156,159,-3,3
22,97,89,8,8
23,101,128,-27,27
24,82,73,9,9
25,127,124,3,3
26,112,113,-1,1
27,191,170,21,21
28,48,48,0,0
29,106,119,-13,13
30,133,129,4,4
31,57,71,-14,14
32,108,110,-2,2
33,89,84,5,5
34,50,87,-37,37
35,62,66,-4,4
36,102,97,5,5
37,55,59,-4,4
38,89,92,-3,3
39,96,106,-10,10
40,70,77,-7,7
41,115,119,-4,4
42,82,91,-9,9
43,102,98,4,4
44,167,148,19,19
45,82,93,-11,11
46,118,133,-15,15
47,85,83,2,2
48,93,96,-3,3
49,111,106,5,5
50,77,71,6,6
51,136,135,1,1
52,109,103,6,6
53,85,90,-5,5
54,133,127,6,6
55,138,128,10,10
56,100,124,-24,24
57,130,134,-4,4
58,96,102,-6,6
59,58,61,-3,3
60,115,112,3,3
61,73,76,-3,3
62,135,131,4,4
63,177,181,-4,4
64,96,105,-9,9
65,77,80,-3,3
66,84,88,-4,4
67,105,96,9,9
68,193,195,-2,2
69,143,149,-6,6
70,111,113,-2,2
71,104,100,4,4
72,265,276,-11,11
73,88,94,-6,6
74,78,82,-4,4
75,58,59,-1,1
76,86,80,6,6
77,59,66,-7,7
78,139,139,0,0
79,96,94,2,2
80,90,86,4,4
81,83,86,-3,3
82,133,136,-3,3
83,141,137,4,4
84,72,73,-1,1
85,75,79,-4,4
86,43,45,-2,2
87,68,72,-4,4
88,170,137,33,33
89,92,99,-7,7
90,64,85,-21,21
91,101,113,-12,12
92,82,69,13,13
93,81,81,0,0
94,75,76,-1,1
95,99,98,1,1
96,45,54,-9,9
97,186,201,-15,15
98,127,155,-28,28
99,100,104,-4,4
100,66,65,1,1
101,129,116,13,13
102,107,118,-11,11
103,128,133,-5,5
104,90,81,9,9
105,68,77,-9,9
106,107,113,-6,6
107,90,85,5,5
108,89,91,-2,2
109,70,74,-4,4
110,174,144,30,30
111,90,85,5,5
112,76,76,0,0
113,67,71,-4,4
114,76,86,-10,10
115,168,171,-3,3
116,91,90,1,1
117,103,109,-6,6
118,91,90,1,1
119,67,75,-8,8
120,118,129,-11,11
121,51,49,2,2
122,76,79,-3,3
123,110,119,-9,9
124,99,90,9,9
125,96,97,-1,1
126,169,145,24,24
127,89,101,-12,12
128,94,99,-5,5
129,123,132,-9,9
130,186,166,20,20
131,132,134,-2,2
132,102,96,6,6
133,78,84,-6,6
134,129,125,4,4
135,116,104,12,12
136,136,132,4,4
137,131,139,-8,8
138,105,109,-4,4
139,69,76,-7,7
140,66,65,1,1
141,127,131,-4,4
142,127,130,-3,3
143,66,82,-16,16
144,112,117,-5,5
145,115,110,5,5
146,98,92,6,6
147,69,70,-1,1
148,93,88,5,5
149,121,131,-10,10
150,92,99,-7,7
151,73,72,1,1
152,139,141,-2,2
153,80,84,-4,4
154,89,94,-5,5
155,67,64,3,3
156,66,62,4,4
157,81,83,-2,2
158,59,59,0,0
159,128,133,-5,5
160,109,116,-7,7
161,50,46,4,4
162,74,69,5,5
163,80,82,-2,2
164,132,112,20,20
165,51,55,-4,4
166,115,115,0,0
167,70,88,-18,18
168,159,144,15,15
169,151,162,-11,11
170,94,98,-4,4
171,81,94,-13,13
172,77,91,-14,14
173,42,54,-12,12
174,135,140,-5,5
175,106,105,1,1
176,50,51,-1,1
177,162,151,11,11
178,130,118,12,12
179,120,110,10,10
180,84,88,-4,4
181,76,67,9,9
182,67,68,-1,1
183,75,72,3,3
184,39,44,-5,5
185,119,106,13,13
186,55,57,-2,2
187,90,85,5,5
188,124,129,-5,5
189,171,176,-5,5
190,70,71,-1,1
191,137,145,-8,8
192,127,135,-8,8
193,143,157,-14,14
194,195,165,30,30
195,112,114,-2,2
196,43,38,5,5
197,114,117,-3,3
198,111,108,3,3
199,80,82,-2,2
200,128,113,15,15
201,176,183,-7,7
202,64,62,2,2
203,142,141,1,1
204,100,95,5,5
205,63,56,7,7
206,145,145,0,0
207,101,99,2,2
208,78,72,6,6
209,98,98,0,0
210,147,155,-8,8
211,50,53,-3,3
212,70,72,-2,2
213,175,175,0,0
214,87,110,-23,23
215,87,78,9,9
216,108,135,-27,27
217,67,67,0,0
218,95,94,1,1
219,89,91,-2,2
220,135,144,-9,9
221,79,94,-15,15
222,43,57,-14,14
223,195,164,31,31
224,83,90,-7,7
225,81,90,-9,9
226,63,68,-5,5
227,119,114,5,5
228,98,99,-1,1
229,44,48,-4,4
230,47,47,0,0
231,87,71,16,16
232,90,80,10,10
233,62,52,10,10
234,103,107,-4,4
235,140,155,-15,15
236,114,117,-3,3
237,57,70,-13,13
238,81,80,1,1
239,74,103,-29,29
240,61,71,-10,10
241,43,40,3,3
242,55,59,-4,4
243,100,98,2,2
244,124,120,4,4
245,107,98,9,9
246,121,125,-4,4
247,86,94,-8,8
248,146,142,4,4
249,147,155,-8,8
250,47,46,1,1
251,124,121,3,3
252,89,92,-3,3
253,50,60,-10,10
254,110,109,1,1
255,158,153,5,5
256,86,83,3,3
257,102,109,-7,7
258,107,112,-5,5
259,64,77,-13,13
260,136,134,2,2
261,125,113,12,12
262,115,107,8,8
263,71,70,1,1
264,80,81,-1,1
265,82,87,-5,5
266,79,88,-9,9
267,102,102,0,0
268,49,59,-10,10
269,109,118,-9,9
270,52,54,-2,2
271,72,68,4,4
272,68,71,-3,3
273,151,160,-9,9
274,112,111,1,1
275,97,97,0,0
276,82,94,-12,12
277,72,81,-9,9
278,125,141,-16,16
279,128,136,-8,8
280,94,103,-9,9
281,76,74,2,2
282,71,78,-7,7
283,112,118,-6,6
284,75,76,-1,1
285,77,72,5,5
286,78,68,10,10
287,89,82,7,7
288,88,87,1,1
289,97,97,0,0
290,80,81,-1,1
291,67,71,-4,4
292,83,87,-4,4
293,85,88,-3,3
294,76,82,-6,6
295,64,66,-2,2
296,107,107,0,0
297,141,133,8,8
298,130,134,-4,4
299,51,59,-8,8
300,66,64,2,2
301,75,80,-5,5
302,186,171,15,15
303,86,80,6,6
304,141,151,-10,10
305,83,78,5,5
306,85,87,-2,2
307,148,128,20,20
308,87,89,-2,2
309,77,72,5,5
310,27,59,-32,32
311,88,90,-2,2
312,92,89,3,3
313,86,88,-2,2
314,135,138,-3,3
315,77,75,2,2
316,73,67,6,6
317,133,146,-13,13
318,51,52,-1,1
319,125,127,-2,2
320,98,113,-15,15
321,143,141,2,2
322,140,138,2,2
323,87,94,-7,7
324,89,75,14,14
325,69,73,-4,4
326,96,81,15,15
327,127,115,12,12
328,79,75,4,4
329,137,129,8,8
330,85,88,-3,3
331,84,99,-15,15
332,52,57,-5,5
333,77,60,17,17
334,78,82,-4,4
335,104,99,5,5
336,89,96,-7,7
337,89,45,44,44
338,56,60,-4,4
339,106,98,8,8
340,71,63,8,8
341,132,127,5,5
342,82,81,1,1
343,100,89,11,11
344,51,55,-4,4
345,66,67,-1,1
346,85,81,4,4
347,112,108,4,4
348,34,47,-13,13
349,134,124,10,10
350,93,100,-7,7
351,114,140,-26,26
352,137,129,8,8
353,88,92,-4,4
354,108,121,-13,13
355,106,104,2,2
356,146,181,-35,35
357,54,69,-15,15
358,170,144,26,26
359,86,74,12,12
360,110,102,8,8
361,82,82,0,0
362,101,100,1,1
363,64,73,-9,9
364,44,57,-13,13
365,84,92,-8,8
366,60,62,-2,2
367,101,109,-8,8
368,120,111,9,9
369,60,59,1,1
370,130,137,-7,7
371,41,50,-9,9
372,116,112,4,4
373,58,60,-2,2
374,77,74,3,3
375,96,99,-3,3
376,88,98,-10,10
377,103,101,2,2
378,35,86,-51,51
379,64,62,2,2
380,86,75,11,11
381,89,95,-6,6
382,108,102,6,6
383,116,109,7,7
384,82,87,-5,5
385,65,67,-2,2
386,64,71,-7,7
387,134,135,-1,1
388,65,67,-2,2
389,77,80,-3,3
390,120,123,-3,3
391,54,58,-4,4
392,90,91,-1,1
393,87,92,-5,5
394,97,93,4,4
395,17,62,-45,45
396,69,87,-18,18
397,31,28,3,3
398,90,96,-6,6
399,104,108,-4,4
400,97,98,-1,1
401,52,65,-13,13
402,81,87,-6,6
403,88,88,0,0
404,150,154,-4,4
405,103,113,-10,10
406,47,54,-7,7
407,119,124,-5,5
408,107,115,-8,8
409,88,84,4,4
410,85,85,0,0
411,95,90,5,5
412,89,83,6,6
413,87,91,-4,4
414,148,141,7,7
415,98,98,0,0
416,148,156,-8,8
417,77,83,-6,6
418,70,74,-4,4
419,64,69,-5,5
420,110,133,-23,23
421,143,162,-19,19
422,122,176,-54,54
423,82,85,-3,3
424,112,118,-6,6
425,128,130,-2,2
426,148,149,-1,1
427,80,79,1,1
428,56,57,-1,1
429,90,96,-6,6
430,110,108,2,2
431,88,101,-13,13
432,91,89,2,2
433,99,97,2,2
434,122,118,4,4
435,66,67,-1,1
436,106,101,5,5
437,65,64,1,1
438,164,156,8,8
439,68,66,2,2
440,48,67,-19,19
441,88,80,8,8
442,107,80,27,27
443,58,64,-6,6
444,91,89,2,2
445,113,105,8,8
446,107,102,5,5
447,101,100,1,1
448,72,82,-10,10
449,134,139,-5,5
450,87,89,-2,2
451,64,69,-5,5
452,72,68,4,4
453,146,161,-15,15
454,110,116,-6,6
455,104,101,3,3
456,129,137,-8,8
457,134,146,-12,12
458,123,119,4,4
459,62,63,-1,1
460,71,80,-9,9
461,58,68,-10,10
462,88,85,3,3
463,134,137,-3,3
464,81,90,-9,9
465,77,92,-15,15
466,118,118,0,0
467,131,128,3,3
468,66,67,-1,1
469,61,66,-5,5
470,43,45,-2,2
471,121,127,-6,6
472,101,116,-15,15
473,112,101,11,11
474,67,67,0,0
475,88,83,5,5
476,57,58,-1,1
477,93,81,12,12
478,77,60,17,17
479,57,60,-3,3
480,55,71,-16,16
481,68,65,3,3
482,118,122,-4,4
483,63,60,3,3
484,110,119,-9,9
485,58,59,-1,1
486,119,110,9,9
487,110,150,-40,40
488,146,156,-10,10
489,50,43,7,7
490,104,101,3,3
491,136,124,12,12
492,145,157,-12,12
493,110,116,-6,6
494,124,127,-3,3
495,117,110,7,7
496,134,131,3,3
497,98,90,8,8
498,104,89,15,15
499,78,69,9,9
500,100,98,2,2
501,45,61,-16,16
502,108,118,-10,10
503,50,63,-13,13
504,69,72,-3,3
505,106,106,0,0
506,66,65,1,1
507,61,67,-6,6
508,96,95,1,1
509,96,107,-11,11
510,53,60,-7,7
511,93,97,-4,4
512,80,77,3,3
513,73,79,-6,6
514,70,78,-8,8
515,100,94,6,6
516,137,134,3,3
517,114,121,-7,7
518,70,71,-1,1
519,55,61,-6,6
520,108,88,20,20
521,138,146,-8,8
522,95,100,-5,5
523,142,150,-8,8
524,83,84,-1,1
525,122,118,4,4
526,97,106,-9,9
527,56,63,-7,7
528,122,126,-4,4
529,73,80,-7,7
530,69,68,1,1
531,95,102,-7,7
532,68,72,-4,4
533,95,90,5,5
534,78,97,-19,19
535,90,94,-4,4
536,106,106,0,0
537,42,41,1,1
538,76,81,-5,5
539,157,178,-21,21
540,119,118,1,1
541,99,101,-2,2
542,61,68,-7,7
543,102,99,3,3
544,92,98,-6,6
545,124,115,9,9
546,82,88,-6,6
547,76,82,-6,6
548,67,71,-4,4
549,148,147,1,1
550,74,76,-2,2
551,66,73,-7,7
552,108,108,0,0
553,64,62,2,2
554,102,99,3,3
555,63,70,-7,7
556,66,66,0,0
557,74,72,2,2
558,74,83,-9,9
559,67,72,-5,5
560,86,94,-8,8
561,81,96,-15,15
562,90,99,-9,9
563,47,54,-7,7
564,68,72,-4,4
565,88,79,9,9
566,83,83,0,0
567,76,75,1,1
568,55,63,-8,8
569,100,106,-6,6
570,108,126,-18,18
571,178,165,13,13
572,80,82,-2,2
573,82,82,0,0
574,149,136,13,13
575,69,77,-8,8
576,70,78,-8,8
577,90,111,-21,21
578,91,88,3,3
579,75,74,1,1
580,88,82,6,6
581,134,133,1,1
582,49,64,-15,15
583,51,63,-12,12
584,113,113,0,0
585,88,84,4,4
586,53,62,-9,9
587,84,67,17,17
588,105,97,8,8
589,85,77,8,8
590,105,100,5,5
591,75,75,0,0
592,139,134,5,5
593,103,97,6,6
594,87,91,-4,4
595,65,70,-5,5
596,74,73,1,1
597,98,108,-10,10
598,110,107,3,3
599,112,110,2,2
600,88,74,14,14
601,85,85,0,0
602,55,51,4,4
603,86,90,-4,4
604,124,127,-3,3
605,114,117,-3,3
606,57,59,-2,2
607,56,61,-5,5
608,78,73,5,5
609,122,148,-26,26
610,79,73,6,6
611,81,76,5,5
612,117,112,5,5
613,112,130,-18,18
614,95,98,-3,3
615,195,186,9,9
616,76,87,-11,11
617,104,97,7,7
618,112,112,0,0
619,103,108,-5,5
620,91,92,-1,1
621,105,104,1,1
622,127,121,6,6
623,60,68,-8,8
624,111,118,-7,7
625,106,105,1,1
626,109,111,-2,2
627,85,82,3,3
628,67,69,-2,2
629,81,83,-2,2
630,83,92,-9,9
631,56,61,-5,5
632,92,96,-4,4
633,71,85,-14,14
634,95,97,-2,2
635,93,102,-9,9
636,144,149,-5,5
637,53,64,-11,11
638,77,86,-9,9
639,71,80,-9,9
640,95,107,-12,12
641,95,101,-6,6
642,61,60,1,1
643,141,137,4,4
644,133,135,-2,2
645,94,93,1,1
646,112,119,-7,7
647,84,87,-3,3
648,92,86,6,6
649,84,90,-6,6
650,94,100,-6,6
651,72,74,-2,2
652,102,119,-17,17
653,61,63,-2,2
654,108,116,-8,8
655,105,113,-8,8
656,85,84,1,1
657,74,78,-4,4
658,50,55,-5,5
659,101,98,3,3
660,82,79,3,3
661,108,99,9,9
662,148,147,1,1
663,126,127,-1,1
664,136,153,-17,17
665,75,76,-1,1
666,36,39,-3,3
667,42,63,-21,21
668,69,68,1,1
669,126,123,3,3
670,109,101,8,8
671,90,92,-2,2
672,116,108,8,8
673,151,206,-55,55
674,147,149,-2,2
675,52,94,-42,42
676,107,113,-6,6
677,90,94,-4,4
678,162,162,0,0
679,103,110,-7,7
680,150,140,10,10
681,62,67,-5,5
682,111,110,1,1
683,77,84,-7,7
684,166,177,-11,11
685,151,168,-17,17
686,116,117,-1,1
687,79,82,-3,3
688,94,123,-29,29
689,110,113,-3,3
690,152,135,17,17
691,176,173,3,3
692,92,94,-2,2
693,156,148,8,8
694,92,98,-6,6
695,77,78,-1,1
696,32,51,-19,19
697,87,89,-2,2
698,108,108,0,0
699,104,94,10,10
700,70,70,0,0
701,66,51,15,15
702,118,118,0,0
703,65,65,0,0
704,111,105,6,6
705,74,69,5,5
706,81,89,-8,8
707,88,82,6,6
708,87,80,7,7
709,116,131,-15,15
710,47,49,-2,2
711,95,98,-3,3
712,44,54,-10,10
713,91,103,-12,12
714,83,82,1,1
715,137,132,5,5
716,80,86,-6,6
717,147,139,8,8
718,119,133,-14,14
719,137,117,20,20
720,133,147,-14,14
721,89,93,-4,4
722,150,144,6,6
723,108,106,2,2
724,96,86,10,10
725,88,85,3,3
726,140,139,1,1
727,128,139,-11,11
728,53,63,-10,10
729,100,114,-14,14
730,58,67,-9,9
731,110,105,5,5
732,125,127,-2,2
733,124,116,8,8
734,109,122,-13,13
735,122,127,-5,5
736,95,98,-3,3
737,93,96,-3,3
738,85,86,-1,1
739,98,84,14,14
740,68,87,-19,19
741,48,54,-6,6
742,97,103,-6,6
743,81,80,1,1
744,88,85,3,3
745,91,116,-25,25
746,64,62,2,2
747,204,196,8,8
748,114,118,-4,4
749,185,157,28,28
750,75,80,-5,5
751,70,73,-3,3
752,145,145,0,0
753,87,85,2,2
754,45,56,-11,11
755,73,70,3,3
756,125,133,-8,8
757,60,67,-7,7
758,95,93,2,2
759,119,103,16,16
760,76,72,4,4
761,56,57,-1,1
762,44,80,-36,36
763,98,100,-2,2
764,86,77,9,9
765,161,150,11,11
766,102,131,-29,29
767,103,110,-7,7
768,69,84,-15,15
769,151,160,-9,9
770,92,75,17,17
771,80,90,-10,10
772,87,89,-2,2
773,108,105,3,3
774,51,54,-3,3
775,110,108,2,2
776,64,61,3,3
777,73,68,5,5
778,92,90,2,2
779,93,96,-3,3
780,103,103,0,0
781,49,53,-4,4
782,71,74,-3,3
783,70,67,3,3
784,67,68,-1,1
785,100,97,3,3
786,93,104,-11,11
787,75,79,-4,4
788,97,99,-2,2
789,84,87,-3,3
790,140,136,4,4
791,151,145,6,6
792,78,84,-6,6
793,79,66,13,13
794,108,124,-16,16
795,95,94,1,1
796,98,93,5,5
797,119,128,-9,9
798,83,94,-11,11
799,67,69,-2,2
800,64,69,-5,5
801,102,103,-1,1
802,75,77,-2,2
803,68,79,-11,11
804,78,81,-3,3
805,53,54,-1,1
806,126,122,4,4
807,89,95,-6,6
808,85,103,-18,18
809,64,70,-6,6
810,85,80,5,5
811,74,78,-4,4
812,66,66,0,0
813,79,69,10,10
814,125,111,14,14
815,119,119,0,0
816,26,75,-49,49
817,66,65,1,1
818,88,82,6,6
819,111,102,9,9
820,86,78,8,8
821,76,85,-9,9
822,86,88,-2,2
823,145,147,-2,2
824,46,52,-6,6
825,107,105,2,2
826,99,94,5,5
827,63,51,12,12
828,68,72,-4,4
829,100,89,11,11
830,110,105,5,5
831,77,79,-2,2
832,66,66,0,0
833,64,67,-3,3
834,77,86,-9,9
835,144,151,-7,7
836,106,106,0,0
837,93,85,8,8
838,73,76,-3,3
839,103,110,-7,7
840,105,105,0,0
841,75,81,-6,6
842,83,81,2,2
843,112,108,4,4
844,156,156,0,0
845,156,151,5,5
846,77,86,-9,9
847,76,71,5,5
848,95,98,-3,3
849,41,54,-13,13
850,106,119,-13,13
851,135,131,4,4
852,92,103,-11,11
853,91,101,-10,10
854,112,111,1,1
855,84,90,-6,6
856,77,67,10,10
857,29,62,-33,33
858,64,67,-3,3
859,143,132,11,11
860,59,57,2,2
861,155,158,-3,3
862,207,176,31,31
863,129,123,6,6
864,115,107,8,8
865,108,104,4,4
866,162,146,16,16
867,69,72,-3,3
868,62,72,-10,10
869,79,95,-16,16
870,57,59,-2,2
871,90,78,12,12
872,98,89,9,9
873,108,107,1,1
874,80,103,-23,23
875,114,110,4,4
876,57,60,-3,3
877,41,100,-59,59
878,90,77,13,13
879,84,75,9,9
880,87,92,-5,5
881,70,74,-4,4
882,109,118,-9,9
883,76,73,3,3
884,62,49,13,13
885,83,79,4,4
886,124,130,-6,6
887,122,134,-12,12
888,55,55,0,0
889,108,121,-13,13
890,109,117,-8,8
891,52,37,15,15
892,134,118,16,16
893,60,59,1,1
894,71,74,-3,3
895,123,116,7,7
896,60,64,-4,4
897,140,141,-1,1
898,109,99,10,10
899,150,157,-7,7
900,74,79,-5,5
901,94,71,23,23
902,71,79,-8,8
903,139,126,13,13
904,87,104,-17,17
905,72,81,-9,9
906,53,51,2,2
907,163,150,13,13
908,111,96,15,15
909,70,69,1,1
910,46,62,-16,16
911,138,141,-3,3
912,127,130,-3,3
913,70,74,-4,4
914,107,122,-15,15
915,64,67,-3,3
916,69,87,-18,18
917,196,201,-5,5
918,136,142,-6,6
919,52,59,-7,7
920,79,81,-2,2
921,109,115,-6,6
922,78,84,-6,6
923,115,117,-2,2
924,77,88,-11,11
925,110,109,1,1
926,74,70,4,4
927,49,44,5,5
928,55,63,-8,8
929,145,134,11,11
930,119,127,-8,8
931,96,95,1,1
932,196,191,5,5
933,72,81,-9,9
934,90,101,-11,11
935,62,102,-40,40
936,118,112,6,6
937,137,150,-13,13
938,79,81,-2,2
939,152,150,2,2
940,87,96,-9,9
941,112,109,3,3
942,62,65,-3,3
943,72,78,-6,6
944,109,110,-1,1
945,83,84,-1,1
946,68,74,-6,6
947,97,96,1,1
948,59,61,-2,2
949,173,158,15,15
950,73,70,3,3
951,85,101,-16,16
952,62,63,-1,1
953,75,71,4,4
954,90,101,-11,11
955,93,84,9,9
956,98,99,-1,1
957,116,110,6,6
958,50,51,-1,1
959,106,113,-7,7
960,114,100,14,14
961,98,100,-2,2
962,184,189,-5,5
963,69,70,-1,1
964,147,150,-3,3
965,29,57,-28,28
966,108,119,-11,11
967,65,60,5,5
968,96,95,1,1
969,84,87,-3,3
970,70,68,2,2
971,162,157,5,5
972,112,118,-6,6
973,71,69,2,2
974,139,131,8,8
975,72,83,-11,11
976,68,74,-6,6
977,76,88,-12,12
978,87,76,11,11
979,52,48,4,4
980,115,115,0,0
981,161,159,2,2
982,88,79,9,9
983,107,111,-4,4
984,84,76,8,8
985,90,87,3,3
986,55,59,-4,4
987,138,135,3,3
988,90,81,9,9
989,114,115,-1,1
990,111,133,-22,22
991,44,55,-11,11
992,111,119,-8,8
993,128,112,16,16
994,98,97,1,1
995,93,87,6,6
996,74,74,0,0
997,130,135,-5,5
998,82,96,-14,14
999,178,156,22,22
1000,42,56,-14,14
1001,96,91,5,5
1002,39,52,-13,13
1003,75,78,-3,3
1004,147,150,-3,3
1005,102,106,-4,4
1006,212,189,23,23
1007,64,66,-2,2
1008,91,89,2,2
1009,39,45,-6,6
1010,92,105,-13,13
1011,159,150,9,9
1012,119,118,1,1
1013,128,129,-1,1
1014,125,124,1,1
1015,63,63,0,0
1016,117,104,13,13
1017,117,124,-7,7
1018,35,54,-19,19
1019,108,114,-6,6
1020,108,108,0,0
1021,77,77,0,0
1022,88,88,0,0
1023,45,52,-7,7
1024,88,88,0,0
1025,110,101,9,9
1026,93,88,5,5
1027,77,84,-7,7
1028,144,141,3,3
1029,63,71,-8,8
1030,56,56,0,0
1031,143,134,9,9
1032,119,135,-16,16
1033,85,82,3,3
1034,94,86,8,8
1035,115,127,-12,12
1036,117,123,-6,6
1037,71,73,-2,2
1038,79,87,-8,8
1039,119,93,26,26
1040,78,81,-3,3
1041,101,123,-22,22
1042,89,94,-5,5
1043,91,99,-8,8
1044,112,117,-5,5
1045,131,131,0,0
1046,43,50,-7,7
1047,162,160,2,2
1048,55,60,-5,5
1049,116,121,-5,5
1050,49,54,-5,5
1051,88,85,3,3
1052,108,106,2,2
1053,72,68,4,4
1054,115,114,1,1
1055,55,56,-1,1
1056,146,138,8,8
1057,97,77,20,20
1058,81,83,-2,2
1059,146,140,6,6
1060,133,135,-2,2
1061,62,65,-3,3
1062,148,152,-4,4
1063,98,89,9,9
1064,81,68,13,13
1065,73,78,-5,5
1066,81,71,10,10
1067,148,145,3,3
1068,141,130,11,11
1069,56,38,18,18
1070,123,125,-2,2
1071,83,70,13,13
1072,117,123,-6,6
1073,99,105,-6,6
1074,99,115,-16,16
1075,64,67,-3,3
1076,92,79,13,13
1077,40,47,-7,7
1078,183,153,30,30
1079,44,65,-21,21
1080,115,113,2,2
1081,49,49,0,0
1082,127,120,7,7
1083,155,136,19,19
1084,81,93,-12,12
1085,92,88,4,4
1086,74,60,14,14
1087,108,116,-8,8
1088,57,62,-5,5
1089,61,70,-9,9
1090,125,77,48,48
1091,97,91,6,6
1092,60,92,-32,32
1093,78,79,-1,1
1094,71,76,-5,5
1095,84,89,-5,5
1096,177,168,9,9
1097,80,78,2,2
1098,130,131,-1,1
1099,81,84,-3,3
1100,88,94,-6,6
1101,56,54,2,2
1102,149,146,3,3
1103,92,80,12,12
1104,90,96,-6,6
1105,45,71,-26,26
1106,63,74,-11,11
1107,92,95,-3,3
1108,124,133,-9,9
1109,140,146,-6,6
1110,122,144,-22,22
1111,47,52,-5,5
1112,67,66,1,1
1113,199,187,12,12
1114,110,124,-14,14
1115,78,82,-4,4
1116,42,57,-15,15
1117,51,61,-10,10
1118,183,148,35,35
1119,160,160,0,0
1120,117,115,2,2
1121,70,82,-12,12
1122,90,90,0,0
1123,101,113,-12,12
1124,73,76,-3,3
1125,64,66,-2,2
1126,69,71,-2,2
1127,98,99,-1,1
1128,121,125,-4,4
1129,83,81,2,2
1130,170,179,-9,9
1131,80,81,-1,1
1132,68,71,-3,3
1133,130,144,-14,14
1134,66,73,-7,7
1135,65,91,-26,26
1136,95,93,2,2
1137,99,96,3,3
1138,95,123,-28,28
1139,174,177,-3,3
1140,154,144,10,10
1141,121,115,6,6
1142,109,98,11,11
1143,87,109,-22,22
1144,61,55,6,6
1145,96,107,-11,11
1146,96,97,-1,1
1147,118,116,2,2
1148,97,89,8,8
1149,105,100,5,5
1150,87,83,4,4
1151,104,91,13,13
1152,80,88,-8,8
1153,54,58,-4,4
1154,92,92,0,0
1155,48,63,-15,15
1156,78,82,-4,4
1157,136,129,7,7
1158,139,127,12,12
1159,61,102,-41,41
1160,83,95,-12,12
1161,103,119,-16,16
1162,128,129,-1,1
1163,131,133,-2,2
1164,76,91,-15,15
1165,74,73,1,1
1166,135,135,0,0
1167,73,75,-2,2
1168,115,125,-10,10
1169,81,89,-8,8
1170,140,139,1,1
1171,69,76,-7,7
1172,46,53,-7,7
1173,109,109,0,0
1174,197,181,16,16
1175,111,128,-17,17
1176,100,99,1,1
1177,77,69,8,8
1178,66,68,-2,2
1179,67,68,-1,1
1180,120,133,-13,13
1181,349,365,-16,16
1182,78,78,0,0
1183,118,127,-9,9
1184,51,65,-14,14
1185,82,85,-3,3
1186,49,50,-1,1
1187,72,71,1,1
1188,112,260,-148,148
1189,140,121,19,19
1190,69,66,3,3
1191,94,95,-1,1
1192,69,72,-3,3
1193,96,104,-8,8
1194,77,109,-32,32
1195,92,108,-16,16
1196,141,148,-7,7
1197,94,91,3,3
1198,92,82,10,10
1199,96,104,-8,8
1200,69,65,4,4
1201,35,49,-14,14
1202,78,80,-2,2
1203,113,112,1,1
1204,99,93,6,6
1205,108,111,-3,3
1206,118,113,5,5
1207,95,99,-4,4
1208,106,104,2,2
1209,101,90,11,11
1210,77,88,-11,11
1211,97,97,0,0
1212,86,81,5,5
1213,60,64,-4,4
1214,101,112,-11,11
1215,105,99,6,6
1216,73,82,-9,9
1217,90,89,1,1
1218,121,115,6,6
1219,80,81,-1,1
1220,85,91,-6,6
1221,158,160,-2,2
1222,75,81,-6,6
1223,70,78,-8,8
1224,66,70,-4,4
1225,107,105,2,2
1226,182,190,-8,8
1227,134,133,1,1
1228,103,102,1,1
1229,69,80,-11,11
1230,95,80,15,15
1231,33,41,-8,8
1232,58,59,-1,1
1233,63,71,-8,8
1234,115,104,11,11
1235,111,103,8,8
1236,128,119,9,9
1237,141,130,11,11
1238,50,57,-7,7
1239,129,119,10,10
1240,49,55,-6,6
1241,91,89,2,2
1242,131,123,8,8
1243,120,106,14,14
1244,91,96,-5,5
1245,108,108,0,0
1246,70,71,-1,1
1247,51,53,-2,2
1248,92,99,-7,7
1249,77,74,3,3
1250,149,143,6,6
1251,117,102,15,15
1252,144,145,-1,1
1253,82,69,13,13
1254,107,113,-6,6
1255,51,50,1,1
1256,55,61,-6,6
1257,101,105,-4,4
1258,99,94,5,5
1259,114,107,7,7
1260,55,65,-10,10
1261,83,79,4,4
1262,174,163,11,11
1263,136,130,6,6
1264,89,91,-2,2
1265,67,74,-7,7
1266,81,81,0,0
1267,122,127,-5,5
1268,74,75,-1,1
1269,149,161,-12,12
1270,62,66,-4,4
1271,64,70,-6,6
1272,85,94,-9,9
1273,163,145,18,18
1274,72,71,1,1
1275,62,62,0,0
1276,50,56,-6,6
1277,57,75,-18,18
1278,82,98,-16,16
1279,58,65,-7,7
1280,51,53,-2,2
1281,63,71,-8,8
1282,125,77,48,48
1283,78,90,-12,12
1284,57,59,-2,2
1285,65,76,-11,11
1286,111,124,-13,13
1287,90,86,4,4
1288,107,108,-1,1
1289,81,75,6,6
1290,133,122,11,11
1291,111,130,-19,19
1292,64,72,-8,8
1293,56,74,-18,18
1294,51,62,-11,11
1295,64,64,0,0
1296,156,153,3,3
1297,96,108,-12,12
1298,94,88,6,6
1299,65,95,-30,30
1300,167,166,1,1
1301,44,57,-13,13
1302,255,232,23,23
1303,80,76,4,4
1304,142,137,5,5
1305,73,62,11,11
1306,114,112,2,2
1307,81,72,9,9
1308,66,69,-3,3
1309,91,80,11,11
1310,106,99,7,7
1311,84,88,-4,4
1312,120,123,-3,3
1313,115,115,0,0
1314,130,122,8,8
1315,192,209,-17,17
1316,150,139,11,11
1317,87,91,-4,4
1318,69,72,-3,3
1319,170,180,-10,10
1320,99,97,2,2
1321,72,77,-5,5
1322,106,104,2,2
1323,142,126,16,16
1324,44,46,-2,2
1325,87,91,-4,4
1326,72,84,-12,12
1327,116,107,9,9
1328,66,68,-2,2
1329,43,55,-12,12
1330,145,137,8,8
1331,92,93,-1,1
1332,86,96,-10,10
1333,87,101,-14,14
1334,71,70,1,1
1335,136,120,16,16
1336,73,70,3,3
1337,81,81,0,0
1338,65,67,-2,2
1339,97,89,8,8
1340,61,63,-2,2
1341,76,68,8,8
1342,55,58,-3,3
1343,100,100,0,0
1344,120,126,-6,6
1345,110,123,-13,13
1346,103,104,-1,1
1347,57,57,0,0
1348,95,83,12,12
1349,82,86,-4,4
1350,105,113,-8,8
1351,68,72,-4,4
1352,177,166,11,11
1353,97,103,-6,6
1354,150,133,17,17
1355,38,51,-13,13
1356,85,81,4,4
1357,79,85,-6,6
1358,78,82,-4,4
1359,98,100,-2,2
1360,138,130,8,8
1361,92,83,9,9
1362,110,103,7,7
1363,135,146,-11,11
1364,96,101,-5,5
1365,107,102,5,5
1366,84,95,-11,11
1367,82,81,1,1
1368,87,115,-28,28
1369,58,61,-3,3
1370,55,46,9,9
1371,69,74,-5,5
1372,193,188,5,5
1373,102,111,-9,9
1374,105,100,5,5
1375,74,88,-14,14
1376,122,120,2,2
1377,85,88,-3,3
1378,103,101,2,2
1379,139,117,22,22
1380,91,84,7,7
1381,84,99,-15,15
1382,155,149,6,6
1383,73,70,3,3
1384,141,136,5,5
1385,70,62,8,8
1386,93,87,6,6
1387,100,88,12,12
1388,96,100,-4,4
1389,56,60,-4,4
1390,93,126,-33,33
1391,97,109,-12,12
1392,43,41,2,2
1393,58,60,-2,2
1394,107,101,6,6
1395,118,115,3,3
1396,64,69,-5,5
1397,114,102,12,12
1398,84,78,6,6
1399,68,69,-1,1
1400,170,156,14,14
1401,121,118,3,3
1402,180,183,-3,3
1403,81,84,-3,3
1404,131,124,7,7
1405,166,158,8,8
1406,83,86,-3,3
1407,107,101,6,6
1408,95,95,0,0
1409,88,79,9,9
1410,149,141,8,8
1411,160,161,-1,1
1412,112,116,-4,4
1413,145,149,-4,4
1414,38,48,-10,10
1415,104,91,13,13
1416,125,134,-9,9
1417,86,84,2,2
1418,105,105,0,0
1419,44,52,-8,8
1420,116,110,6,6
1421,136,142,-6,6
1422,149,145,4,4
1423,135,116,19,19
1424,51,45,6,6
1425,94,104,-10,10
1426,88,101,-13,13
1427,128,135,-7,7
1428,148,146,2,2
1429,103,117,-14,14
1430,59,63,-4,4
1431,75,71,4,4
1432,83,84,-1,1
1433,73,75,-2,2
1434,75,95,-20,20
1435,74,81,-7,7
1436,85,88,-3,3
1437,74,81,-7,7
1438,99,97,2,2
1439,122,118,4,4
1440,130,136,-6,6
1441,61,66,-5,5
1442,48,47,1,1
1443,111,122,-11,11
1444,58,59,-1,1
1445,61,78,-17,17
1446,129,130,-1,1
1447,55,56,-1,1
1448,159,163,-4,4
1449,81,76,5,5
1450,44,51,-7,7
1451,64,64,0,0
1452,105,97,8,8
1453,131,135,-4,4
1454,188,188,0,0
1455,107,103,4,4
1456,74,75,-1,1
1457,155,170,-15,15
1458,93,86,7,7
1459,125,128,-3,3
1460,113,115,-2,2
1461,81,82,-1,1
1462,73,70,3,3
1463,78,80,-2,2
1464,124,109,15,15
1465,68,79,-11,11
1466,90,95,-5,5
1467,108,94,14,14
1468,73,65,8,8
1469,92,96,-4,4
1470,118,121,-3,3
1471,70,63,7,7
1472,98,110,-12,12
1473,70,73,-3,3
1474,72,75,-3,3
1475,107,93,14,14
1476,112,113,-1,1
1477,118,115,3,3
1478,86,80,6,6
1479,114,110,4,4
1480,121,117,4,4
1481,120,113,7,7
1482,275,231,44,44
1483,98,92,6,6
1484,95,107,-12,12
1485,80,73,7,7
1486,126,136,-10,10
1487,98,102,-4,4
1488,133,144,-11,11
1489,61,62,-1,1
1490,129,121,8,8
1491,117,116,1,1
1492,54,77,-23,23
1493,54,56,-2,2
1494,48,52,-4,4
1495,85,84,1,1
1496,56,82,-26,26
1497,77,90,-13,13
1498,140,127,13,13
1499,69,74,-5,5
1500,88,82,6,6
1501,107,105,2,2
1502,81,82,-1,1
1503,134,126,8,8
1504,80,75,5,5
1505,121,116,5,5
1506,111,108,3,3
1507,72,77,-5,5
1508,155,159,-4,4
1509,61,63,-2,2
1510,70,77,-7,7
1511,55,60,-5,5
1512,74,76,-2,2
1513,151,155,-4,4
1514,38,41,-3,3
1515,164,199,-35,35
1516,66,76,-10,10
1517,58,57,1,1
1518,66,53,13,13
1519,116,104,12,12
1520,71,87,-16,16
1521,99,100,-1,1
1522,108,124,-16,16
1523,77,79,-2,2
1524,56,66,-10,10
1525,126,118,8,8
1526,117,116,1,1
1527,71,65,6,6
1528,80,78,2,2
1529,69,74,-5,5
1530,76,63,13,13
1531,137,139,-2,2
1532,184,178,6,6
1533,131,126,5,5
1534,149,144,5,5
1535,95,96,-1,1
1536,122,127,-5,5
1537,54,55,-1,1
1538,88,92,-4,4
1539,83,82,1,1
1540,69,78,-9,9
1541,87,108,-21,21
1542,156,162,-6,6
1543,118,120,-2,2
1544,55,57,-2,2
1545,83,81,2,2
1546,81,100,-19,19
1547,101,116,-15,15
1548,73,71,2,2
1549,105,109,-4,4
1550,82,87,-5,5
1551,65,69,-4,4
1552,78,77,1,1
1553,115,118,-3,3
1554,133,129,4,4
1555,58,58,0,0
1556,108,114,-6,6
1557,128,140,-12,12
1558,136,126,10,10
1559,37,44,-7,7
1560,95,103,-8,8
1561,121,126,-5,5
1562,87,86,1,1
1563,100,125,-25,25
1564,89,85,4,4
1565,126,138,-12,12
1566,109,120,-11,11
1567,103,109,-6,6
1568,150,143,7,7
1569,94,126,-32,32
1570,148,157,-9,9
1571,60,69,-9,9
1572,70,71,-1,1
1573,131,137,-6,6
1574,70,75,-5,5
1575,95,103,-8,8
1576,66,84,-18,18
1577,86,77,9,9
1578,91,92,-1,1
1579,75,84,-9,9
1580,46,52,-6,6
1581,100,99,1,1
1582,98,92,6,6
1583,92,87,5,5
1584,112,104,8,8
1585,167,164,3,3
1586,90,94,-4,4
1587,109,103,6,6
1588,93,110,-17,17
1589,61,66,-5,5
1590,123,121,2,2
1591,93,95,-2,2
1592,74,68,6,6
1593,36,41,-5,5
1594,89,86,3,3
1595,144,157,-13,13
1596,80,81,-1,1
1597,114,122,-8,8
1598,106,102,4,4
1599,57,64,-7,7
1600,70,77,-7,7
1601,112,114,-2,2
1602,92,91,1,1
1603,106,99,7,7
1604,122,129,-7,7
1605,128,107,21,21
1606,109,114,-5,5
1607,75,72,3,3
1608,120,102,18,18
1609,60,57,3,3
1610,137,135,2,2
1611,78,78,0,0
1612,93,98,-5,5
1613,91,87,4,4
1614,84,81,3,3
1615,137,139,-2,2
1616,43,59,-16,16
1617,74,82,-8,8
1618,77,75,2,2
1619,114,101,13,13
1620,104,88,16,16
1621,101,110,-9,9
1622,43,39,4,4
1623,106,111,-5,5
1624,90,94,-4,4
1625,114,130,-16,16
1626,82,77,5,5
1627,62,67,-5,5
1628,112,111,1,1
1629,46,53,-7,7
1630,104,103,1,1
1631,106,104,2,2
1632,62,62,0,0
1633,123,127,-4,4
1634,95,97,-2,2
1635,64,72,-8,8
1636,76,81,-5,5
1637,104,106,-2,2
1638,126,122,4,4
1639,144,143,1,1
1640,119,125,-6,6
1641,74,71,3,3
1642,51,61,-10,10
1643,91,96,-5,5
1644,86,97,-11,11
1645,95,96,-1,1
1646,72,76,-4,4
1647,162,147,15,15
1648,87,85,2,2
1649,91,95,-4,4
1650,122,129,-7,7
1651,70,77,-7,7
1652,106,117,-11,11
1653,89,93,-4,4
1654,59,58,1,1
1655,44,47,-3,3
1656,74,67,7,7
1657,77,83,-6,6
1658,135,123,12,12
1659,107,108,-1,1
1660,64,72,-8,8
1661,52,75,-23,23
1662,61,65,-4,4
1663,74,73,1,1
1664,87,91,-4,4
1665,106,103,3,3
1666,64,66,-2,2
1667,70,83,-13,13
1668,77,75,2,2
1669,62,70,-8,8
1670,67,66,1,1
1671,109,108,1,1
1672,118,115,3,3
1673,74,83,-9,9
1674,100,85,15,15
1675,83,106,-23,23
1676,83,76,7,7
1677,121,117,4,4
1678,79,92,-13,13
1679,46,58,-12,12
1680,92,84,8,8
1681,102,103,-1,1
1682,103,97,6,6
1683,64,61,3,3
1684,101,98,3,3
1685,105,105,0,0
1686,55,71,-16,16
1687,66,59,7,7
1688,60,63,-3,3
1689,62,65,-3,3
1690,150,156,-6,6
1691,84,96,-12,12
1692,98,109,-11,11
1693,59,64,-5,5
1694,57,59,-2,2
1695,88,139,-51,51
1696,146,156,-10,10
1697,58,66,-8,8
1698,73,76,-3,3
1699,192,191,1,1
1700,58,58,0,0
1701,97,76,21,21
1702,84,84,0,0
1703,149,146,3,3
1704,162,150,12,12
1705,53,70,-17,17
1706,48,56,-8,8
1707,103,117,-14,14
1708,64,74,-10,10
1709,85,83,2,2
1710,64,68,-4,4
1711,73,77,-4,4
1712,72,61,11,11
1713,136,111,25,25
1714,103,102,1,1
1715,161,152,9,9
1716,89,86,3,3
1717,102,96,6,6
1718,66,120,-54,54
1719,87,83,4,4
1720,101,103,-2,2
1721,90,98,-8,8
1722,108,111,-3,3
1723,59,72,-13,13
1724,118,115,3,3
1725,56,56,0,0
1726,195,189,6,6
1727,70,70,0,0
1728,90,92,-2,2
1729,108,111,-3,3
1730,118,124,-6,6
1731,74,81,-7,7
1732,115,110,5,5
1733,31,36,-5,5
1734,121,123,-2,2
1735,43,56,-13,13
1736,78,76,2,2
1737,63,64,-1,1
1738,57,55,2,2
1739,53,60,-7,7
1740,63,66,-3,3
1741,88,87,1,1
1742,80,90,-10,10
1743,133,135,-2,2
1744,90,81,9,9
1745,130,133,-3,3
1746,70,75,-5,5
1747,169,161,8,8
1748,45,54,-9,9
1749,171,164,7,7
1750,84,80,4,4
1751,95,101,-6,6
1752,73,78,-5,5
1753,59,63,-4,4
1754,82,91,-9,9
1755,101,99,2,2
1756,77,85,-8,8
1757,57,68,-11,11
1758,97,91,6,6
1759,69,75,-6,6
1760,82,81,1,1
1761,60,80,-20,20
1762,70,78,-8,8
1763,79,84,-5,5
1764,127,135,-8,8
1765,92,101,-9,9
1766,119,124,-5,5
1767,59,69,-10,10
1768,66,68,-2,2
1769,44,46,-2,2
1770,46,44,2,2
1771,129,114,15,15
1772,93,87,6,6
1773,98,132,-34,34
1774,89,103,-14,14
1775,74,69,5,5
1776,96,104,-8,8
1777,103,88,15,15
1778,84,89,-5,5
1779,75,66,9,9
1780,167,158,9,9
1781,85,88,-3,3
1782,108,119,-11,11
1783,59,59,0,0
1784,101,107,-6,6
1785,76,80,-4,4
1786,118,117,1,1
1787,67,72,-5,5
1788,53,69,-16,16
1789,108,114,-6,6
1790,103,107,-4,4
1791,130,139,-9,9
1792,83,83,0,0
1793,52,59,-7,7
1794,79,84,-5,5
1795,80,85,-5,5
1796,88,65,23,23
1797,55,62,-7,7
1798,53,55,-2,2
1799,116,116,0,0
1800,103,102,1,1
1801,73,78,-5,5
1802,72,76,-4,4
1803,155,146,9,9
1804,205,223,-18,18
1805,55,56,-1,1
1806,119,116,3,3
1807,93,88,5,5
1808,81,82,-1,1
1809,93,91,2,2
1810,121,126,-5,5
1811,62,66,-4,4
1812,61,65,-4,4
1813,113,116,-3,3
1814,79,70,9,9
1815,130,137,-7,7
1816,68,75,-7,7
1817,81,81,0,0
1818,114,105,9,9
1819,101,92,9,9
1820,63,55,8,8
1821,87,95,-8,8
1822,117,118,-1,1
1823,114,113,1,1
1824,109,107,2,2
1825,96,93,3,3
1826,54,61,-7,7
1827,132,130,2,2
1828,85,94,-9,9
1829,70,65,5,5
1830,60,52,8,8
1831,68,68,0,0
1832,48,47,1,1
1833,75,82,-7,7
1834,126,126,0,0
1835,106,104,2,2
1836,60,58,2,2
1837,70,61,9,9
1838,52,59,-7,7
1839,86,83,3,3
1840,74,70,4,4
1841,118,115,3,3
1842,43,49,-6,6
1843,207,176,31,31
1844,97,91,6,6
1845,78,76,2,2
1846,100,106,-6,6
1847,108,83,25,25
1848,73,76,-3,3
1849,151,143,8,8
1850,45,49,-4,4
1851,81,74,7,7
1852,68,69,-1,1
1853,140,155,-15,15
1854,121,113,8,8
1855,88,103,-15,15
1856,42,56,-14,14
1857,76,81,-5,5
1858,89,89,0,0
1859,61,63,-2,2
1860,98,99,-1,1
1861,78,82,-4,4
1862,54,61,-7,7
1863,128,157,-29,29
1864,160,159,1,1
1865,65,71,-6,6
1866,109,112,-3,3
1867,149,165,-16,16
1868,112,103,9,9
1869,78,79,-1,1
1870,61,57,4,4
1871,82,80,2,2
1872,54,51,3,3
1873,45,55,-10,10
1874,102,100,2,2
1875,92,87,5,5
1876,121,125,-4,4
1877,119,119,0,0
1878,84,78,6,6
1879,99,102,-3,3
1880,116,122,-6,6
1881,119,113,6,6
1882,157,147,10,10
1883,119,115,4,4
1884,92,90,2,2
1885,60,69,-9,9
1886,101,103,-2,2
1887,90,94,-4,4
1888,132,147,-15,15
1889,156,149,7,7
1890,101,103,-2,2
1891,88,88,0,0
1892,141,126,15,15
1893,56,60,-4,4
1894,85,83,2,2
1895,182,158,24,24
1896,127,113,14,14
1897,76,74,2,2
1898,83,78,5,5
1899,59,60,-1,1
1900,33,29,4,4
1901,38,41,-3,3
1902,90,87,3,3
1903,87,106,-19,19
1904,81,88,-7,7
1905,123,131,-8,8
1906,111,98,13,13
1907,207,222,-15,15
1908,140,148,-8,8
1909,90,90,0,0
1910,67,70,-3,3
1911,102,136,-34,34
1912,65,66,-1,1
1913,81,84,-3,3
1914,75,74,1,1
1915,93,93,0,0
1916,87,95,-8,8
1917,183,171,12,12
1918,95,98,-3,3
1919,200,191,9,9
1920,95,96,-1,1
1921,199,188,11,11
1922,87,225,-138,138
1923,56,55,1,1
1924,55,73,-18,18
1925,90,90,0,0
1926,64,69,-5,5
1927,57,51,6,6
1928,179,210,-31,31
1929,78,78,0,0
1930,54,64,-10,10
1931,112,111,1,1
1932,69,85,-16,16
1933,73,82,-9,9
1934,64,62,2,2
1935,65,74,-9,9
1936,63,67,-4,4
1937,159,153,6,6
1938,71,79,-8,8
1939,90,87,3,3
1940,116,112,4,4
1941,110,114,-4,4
1942,80,90,-10,10
1943,116,128,-12,12
1944,101,113,-12,12
1945,145,138,7,7
1946,144,147,-3,3
1947,163,151,12,12
1948,115,130,-15,15
1949,115,129,-14,14
1950,102,90,12,12
1951,105,110,-5,5
1952,61,63,-2,2
1953,74,72,2,2
1954,88,90,-2,2
1955,86,79,7,7
1956,98,98,0,0
1957,113,117,-4,4
1958,82,60,22,22
1959,124,115,9,9
1960,76,74,2,2
1961,137,139,-2,2
1962,88,100,-12,12
1963,130,125,5,5
1964,75,68,7,7
1965,97,85,12,12
1966,114,123,-9,9
1967,92,89,3,3
1968,106,105,1,1
1969,89,94,-5,5
1970,72,92,-20,20
1971,92,92,0,0
1972,66,83,-17,17
1973,26,44,-18,18
1974,106,103,3,3
1975,82,85,-3,3
1976,112,114,-2,2
1977,94,92,2,2
1978,106,102,4,4
1979,114,112,2,2
1980,85,105,-20,20
1981,144,157,-13,13
1982,137,133,4,4
1983,56,65,-9,9
1984,62,51,11,11
1985,65,69,-4,4
1986,71,76,-5,5
1987,78,99,-21,21
1988,66,66,0,0
1989,106,108,-2,2
1990,74,96,-22,22
1991,46,134,-88,88
1992,140,130,10,10
1993,129,126,3,3
1994,83,86,-3,3
1995,81,84,-3,3
1996,49,51,-2,2
1997,124,127,-3,3
1998,42,37,5,5
1999,89,88,1,1
2000,101,103,-2,2
2001,184,212,-28,28
2002,113,110,3,3
2003,212,207,5,5
2004,120,115,5,5
2005,95,95,0,0
2006,120,124,-4,4
2007,97,96,1,1
2008,72,70,2,2
2009,80,70,10,10
2010,87,97,-10,10
2011,100,99,1,1
2012,185,176,9,9
2013,90,92,-2,2
2014,77,86,-9,9
2015,67,72,-5,5
2016,63,66,-3,3
2017,74,78,-4,4
2018,104,104,0,0
2019,129,129,0,0
2020,73,75,-2,2
2021,128,122,6,6
2022,64,64,0,0
2023,88,81,7,7
2024,47,51,-4,4
2025,68,68,0,0
2026,75,64,11,11
2027,75,75,0,0
2028,80,87,-7,7
2029,61,69,-8,8
2030,74,79,-5,5
2031,79,86,-7,7
2032,62,67,-5,5
2033,121,130,-9,9
2034,77,81,-4,4
2035,104,102,2,2
2036,116,116,0,0
2037,61,72,-11,11
2038,86,91,-5,5
2039,83,92,-9,9
2040,119,93,26,26
2041,109,120,-11,11
2042,83,92,-9,9
2043,66,72,-6,6
2044,112,111,1,1
2045,110,116,-6,6
2046,115,131,-16,16
2047,97,105,-8,8
2048,115,117,-2,2
2049,78,81,-3,3
2050,58,60,-2,2
2051,98,111,-13,13
2052,104,104,0,0
2053,109,103,6,6
2054,143,142,1,1
2055,98,99,-1,1
2056,56,73,-17,17
2057,61,64,-3,3
2058,86,81,5,5
2059,73,76,-3,3
2060,101,105,-4,4
2061,165,156,9,9
2062,64,52,12,12
2063,62,61,1,1
2064,68,67,1,1
2065,101,107,-6,6
2066,72,80,-8,8
2067,56,59,-3,3
2068,109,101,8,8
2069,63,61,2,2
2070,48,50,-2,2
2071,134,135,-1,1
2072,91,98,-7,7
2073,80,82,-2,2
2074,112,107,5,5
2075,49,49,0,0
2076,91,89,2,2
2077,75,85,-10,10
2078,86,81,5,5
2079,142,141,1,1
2080,79,76,3,3
2081,122,135,-13,13
2082,139,145,-6,6
2083,79,83,-4,4
2084,184,165,19,19
2085,134,164,-30,30
2086,99,93,6,6
2087,59,63,-4,4
2088,77,83,-6,6
2089,84,85,-1,1
2090,116,124,-8,8
2091,41,57,-16,16
2092,70,60,10,10
2093,39,40,-1,1
2094,82,81,1,1
2095,58,60,-2,2
2096,166,128,38,38
2097,71,74,-3,3
2098,119,118,1,1
2099,92,96,-4,4
2100,116,118,-2,2
2101,121,105,16,16
2102,106,102,4,4
2103,82,83,-1,1
2104,137,134,3,3
2105,113,117,-4,4
2106,84,86,-2,2
2107,136,130,6,6
2108,57,64,-7,7
2109,142,130,12,12
2110,55,65,-10,10
2111,82,82,0,0
2112,208,206,2,2
2113,101,87,14,14
2114,156,170,-14,14
2115,175,166,9,9
2116,137,124,13,13
2117,105,130,-25,25
2118,84,89,-5,5
2119,78,81,-3,3
2120,115,110,5,5
2121,74,72,2,2
2122,67,64,3,3
2123,46,46,0,0
2124,123,121,2,2
2125,68,70,-2,2
2126,110,107,3,3
2127,95,96,-1,1
2128,77,83,-6,6
2129,86,93,-7,7
2130,62,55,7,7
2131,91,87,4,4
2132,76,82,-6,6
2133,92,91,1,1
2134,98,95,3,3
2135,108,113,-5,5
2136,142,148,-6,6
2137,111,88,23,23
2138,96,98,-2,2
2139,86,89,-3,3
2140,138,140,-2,2
2141,89,91,-2,2
2142,149,133,16,16
2143,82,86,-4,4
2144,135,139,-4,4
2145,94,96,-2,2
2146,79,96,-17,17
2147,84,86,-2,2
2148,44,82,-38,38
2149,46,58,-12,12
2150,96,92,4,4
2151,114,108,6,6
2152,57,64,-7,7
2153,79,81,-2,2
2154,78,98,-20,20
2155,117,141,-24,24
2156,98,88,10,10
2157,57,51,6,6
2158,99,85,14,14
2159,97,89,8,8
2160,98,89,9,9
2161,70,67,3,3
2162,102,112,-10,10
2163,82,86,-4,4
2164,81,86,-5,5
2165,69,78,-9,9
2166,66,62,4,4
2167,97,90,7,7
2168,86,87,-1,1
2169,58,59,-1,1
2170,83,94,-11,11
2171,78,80,-2,2
2172,64,67,-3,3
2173,127,109,18,18
2174,73,59,14,14
2175,70,80,-10,10
2176,93,98,-5,5
2177,116,122,-6,6
2178,103,90,13,13
2179,44,32,12,12
2180,84,92,-8,8
2181,116,104,12,12
2182,102,102,0,0
2183,56,42,14,14
2184,117,124,-7,7
2185,111,105,6,6
2186,82,89,-7,7
2187,115,110,5,5
2188,96,115,-19,19
2189,137,100,37,37
2190,111,99,12,12
2191,63,69,-6,6
2192,65,68,-3,3
2193,57,56,1,1
2194,82,72,10,10
2195,64,94,-30,30
2196,100,105,-5,5
2197,68,68,0,0
2198,57,72,-15,15
2199,76,71,5,5
2200,138,140,-2,2
2201,61,73,-12,12
2202,80,88,-8,8
2203,98,101,-3,3
2204,137,148,-11,11
2205,101,102,-1,1
2206,122,129,-7,7
2207,75,85,-10,10
2208,118,114,4,4
2209,87,83,4,4
2210,116,85,31,31
2211,97,94,3,3
2212,147,171,-24,24
2213,74,76,-2,2
2214,55,57,-2,2
2215,110,101,9,9
2216,93,97,-4,4
2217,64,73,-9,9
2218,105,120,-15,15
2219,70,102,-32,32
2220,92,87,5,5
2221,63,65,-2,2
2222,93,93,0,0
2223,60,56,4,4
2224,82,81,1,1
2225,108,106,2,2
2226,118,117,1,1
2227,167,169,-2,2
2228,112,113,-1,1
2229,85,84,1,1
2230,77,90,-13,13
2231,105,113,-8,8
2232,144,141,3,3
2233,159,154,5,5
2234,68,75,-7,7
2235,42,35,7,7
2236,111,130,-19,19
2237,67,75,-8,8
2238,135,130,5,5
2239,45,69,-24,24
2240,79,69,10,10
2241,117,121,-4,4
2242,94,101,-7,7
2243,44,72,-28,28
2244,94,107,-13,13
2245,140,145,-5,5
2246,98,96,2,2
2247,66,76,-10,10
2248,63,69,-6,6
2249,65,67,-2,2
2250,104,111,-7,7
2251,92,100,-8,8
2252,86,89,-3,3
2253,81,86,-5,5
2254,77,87,-10,10
2255,78,80,-2,2
2256,48,63,-15,15
2257,39,55,-16,16
2258,47,56,-9,9
2259,94,106,-12,12
2260,161,166,-5,5
2261,72,77,-5,5
2262,35,39,-4,4
2263,89,105,-16,16
2264,69,97,-28,28
2265,102,111,-9,9
2266,79,103,-24,24
2267,107,107,0,0
2268,111,130,-19,19
2269,95,101,-6,6
2270,102,104,-2,2
2271,89,98,-9,9
2272,65,70,-5,5
2273,108,111,-3,3
2274,57,74,-17,17
2275,103,105,-2,2
2276,151,135,16,16
2277,184,169,15,15
2278,78,78,0,0
2279,185,162,23,23
2280,63,68,-5,5
2281,131,126,5,5
2282,155,146,9,9
2283,87,85,2,2
2284,136,135,1,1
2285,104,107,-3,3
2286,54,56,-2,2
2287,107,118,-11,11
2288,64,59,5,5
2289,68,73,-5,5
2290,90,95,-5,5
2291,65,76,-11,11
2292,86,94,-8,8
2293,78,79,-1,1
2294,72,69,3,3
2295,50,59,-9,9
2296,107,107,0,0
2297,101,225,-124,124
2298,104,103,1,1
2299,47,56,-9,9
2300,87,87,0,0
2301,102,110,-8,8
2302,103,102,1,1
2303,62,54,8,8
2304,57,61,-4,4
2305,68,71,-3,3
2306,109,117,-8,8
2307,80,91,-11,11
2308,76,95,-19,19
2309,97,104,-7,7
2310,83,81,2,2
2311,116,112,4,4
2312,72,64,8,8
2313,49,55,-6,6
2314,108,106,2,2
2315,106,96,10,10
2316,135,126,9,9
2317,115,124,-9,9
2318,111,101,10,10
2319,95,90,5,5
2320,56,71,-15,15
2321,154,139,15,15
2322,106,108,-2,2
2323,71,79,-8,8
2324,92,89,3,3
2325,96,88,8,8
2326,75,82,-7,7
2327,127,113,14,14
2328,66,73,-7,7
2329,78,90,-12,12
2330,148,151,-3,3
2331,95,98,-3,3
2332,145,128,17,17
2333,80,91,-11,11
2334,48,56,-8,8
2335,73,81,-8,8
2336,128,126,2,2
2337,38,43,-5,5
2338,180,186,-6,6
2339,63,66,-3,3
2340,60,62,-2,2
2341,149,146,3,3
2342,97,102,-5,5
2343,57,67,-10,10
2344,158,145,13,13
2345,85,91,-6,6
2346,83,78,5,5
2347,145,141,4,4
2348,76,76,0,0
2349,107,109,-2,2
2350,177,167,10,10
2351,106,96,10,10
2352,73,77,-4,4
2353,43,54,-11,11
2354,141,125,16,16
2355,100,104,-4,4
2356,81,109,-28,28
2357,267,218,49,49
2358,69,75,-6,6
2359,114,118,-4,4
2360,110,114,-4,4
2361,107,113,-6,6
2362,95,89,6,6
2363,92,86,6,6
2364,166,150,16,16
2365,83,92,-9,9
2366,140,114,26,26
2367,102,96,6,6
2368,82,90,-8,8
2369,88,96,-8,8
2370,129,114,15,15
2371,171,146,25,25
2372,53,54,-1,1
2373,139,124,15,15
2374,131,121,10,10
2375,137,122,15,15
2376,65,68,-3,3
2377,83,85,-2,2
2378,191,190,1,1
2379,65,54,11,11
2380,197,186,11,11
2381,101,97,4,4
2382,147,145,2,2
2383,159,159,0,0
2384,46,47,-1,1
2385,151,145,6,6
2386,104,100,4,4
2387,132,142,-10,10
2388,67,69,-2,2
2389,80,81,-1,1
2390,198,195,3,3
2391,116,137,-21,21
2392,72,109,-37,37
2393,152,144,8,8
2394,63,70,-7,7
2395,61,67,-6,6
2396,112,112,0,0
2397,96,91,5,5
2398,90,88,2,2
2399,118,124,-6,6
2400,102,105,-3,3
2401,65,67,-2,2
2402,93,101,-8,8
2403,64,62,2,2
2404,88,99,-11,11
2405,116,118,-2,2
2406,94,109,-15,15
2407,96,109,-13,13
2408,83,83,0,0
2409,125,133,-8,8
2410,71,64,7,7
2411,147,155,-8,8
2412,117,124,-7,7
2413,125,121,4,4
2414,65,65,0,0
2415,69,80,-11,11
2416,72,72,0,0
2417,80,86,-6,6
2418,73,66,7,7
2419,62,65,-3,3
2420,126,124,2,2
2421,56,54,2,2
2422,90,99,-9,9
2423,95,108,-13,13
2424,67,75,-8,8
2425,37,49,-12,12
2426,128,123,5,5
2427,63,56,7,7
2428,32,66,-34,34
2429,63,63,0,0
2430,42,51,-9,9
2431,90,96,-6,6
2432,58,64,-6,6
2433,159,145,14,14
2434,114,121,-7,7
2435,76,73,3,3
2436,71,68,3,3
2437,91,94,-3,3
2438,144,139,5,5
2439,71,69,2,2
2440,70,78,-8,8
2441,109,110,-1,1
2442,86,87,-1,1
2443,114,126,-12,12
2444,66,52,14,14
2445,92,85,7,7
2446,71,72,-1,1
2447,92,86,6,6
2448,137,134,3,3
2449,73,84,-11,11
2450,73,79,-6,6
2451,101,99,2,2
2452,119,116,3,3
2453,97,103,-6,6
2454,110,102,8,8
2455,69,63,6,6
2456,81,79,2,2
2457,67,78,-11,11
2458,139,134,5,5
2459,88,85,3,3
2460,114,113,1,1
2461,64,61,3,3
2462,86,86,0,0
2463,122,123,-1,1
2464,122,121,1,1
2465,94,93,1,1
2466,128,140,-12,12
2467,83,81,2,2
2468,92,92,0,0
2469,175,174,1,1
2470,141,147,-6,6
2471,72,80,-8,8
2472,135,147,-12,12
2473,84,85,-1,1
2474,123,119,4,4
2475,113,123,-10,10
2476,135,130,5,5
2477,83,87,-4,4
2478,58,63,-5,5
2479,146,152,-6,6
2480,123,128,-5,5
2481,50,64,-14,14
2482,67,77,-10,10
2483,80,86,-6,6
2484,136,135,1,1
2485,165,164,1,1
2486,84,78,6,6
2487,107,104,3,3
2488,151,161,-10,10
2489,111,116,-5,5
2490,51,45,6,6
2491,78,79,-1,1
2492,145,126,19,19
2493,54,61,-7,7
2494,86,83,3,3
2495,93,94,-1,1
2496,117,109,8,8
2497,52,58,-6,6
2498,84,96,-12,12
2499,196,206,-10,10
2500,70,77,-7,7
2501,166,173,-7,7
2502,103,92,11,11
2503,67,86,-19,19
2504,54,54,0,0
2505,91,91,0,0
2506,124,125,-1,1
2507,80,77,3,3
2508,111,118,-7,7
2509,108,98,10,10
2510,134,140,-6,6
2511,98,98,0,0
2512,64,84,-20,20
2513,73,72,1,1
2514,94,98,-4,4
2515,61,75,-14,14
2516,90,92,-2,2
2517,102,100,2,2
2518,150,152,-2,2
2519,97,101,-4,4
2520,76,76,0,0
2521,58,60,-2,2
2522,90,73,17,17
2523,70,71,-1,1
2524,65,68,-3,3
2525,78,78,0,0
2526,53,66,-13,13
2527,83,78,5,5
2528,103,59,44,44
2529,74,79,-5,5
2530,173,175,-2,2
2531,63,68,-5,5
2532,104,106,-2,2
2533,96,101,-5,5
2534,110,124,-14,14
2535,83,82,1,1
2536,89,97,-8,8
2537,95,104,-9,9
2538,74,88,-14,14
2539,55,57,-2,2
2540,117,125,-8,8
2541,32,59,-27,27
2542,64,73,-9,9
2543,103,96,7,7
2544,121,119,2,2
2545,129,125,4,4
2546,90,85,5,5
2547,119,153,-34,34
2548,105,96,9,9
2549,78,74,4,4
2550,159,151,8,8
2551,73,80,-7,7
2552,128,125,3,3
2553,149,159,-10,10
2554,129,119,10,10
2555,87,98,-11,11
2556,69,75,-6,6
2557,120,125,-5,5
2558,57,55,2,2
2559,107,114,-7,7
2560,56,52,4,4
2561,128,97,31,31
2562,153,139,14,14
2563,114,129,-15,15
2564,96,104,-8,8
2565,111,106,5,5
2566,130,137,-7,7
2567,88,95,-7,7
2568,75,73,2,2
2569,85,93,-8,8
2570,105,104,1,1
2571,48,54,-6,6
2572,98,99,-1,1
2573,62,71,-9,9
2574,142,138,4,4
2575,91,83,8,8
2576,85,87,-2,2
2577,67,62,5,5
2578,116,108,8,8
2579,82,94,-12,12
2580,136,135,1,1
2581,145,140,5,5
2582,76,80,-4,4
2583,46,48,-2,2
2584,112,133,-21,21
2585,119,127,-8,8
2586,75,93,-18,18
2587,58,65,-7,7
2588,90,94,-4,4
2589,106,118,-12,12
2590,117,111,6,6
2591,97,99,-2,2
2592,142,156,-14,14
2593,156,158,-2,2
2594,136,91,45,45
2595,73,80,-7,7
2596,98,99,-1,1
2597,79,87,-8,8
2598,130,139,-9,9
2599,114,114,0,0
2600,122,132,-10,10
2601,87,77,10,10
2602,136,129,7,7
2603,157,148,9,9
2604,53,58,-5,5
2605,106,98,8,8
2606,62,64,-2,2
2607,87,99,-12,12
2608,75,75,0,0
2609,71,75,-4,4
2610,87,91,-4,4
2611,81,89,-8,8
2612,110,111,-1,1
2613,119,119,0,0
2614,103,98,5,5
2615,65,55,10,10
2616,137,126,11,11
2617,66,73,-7,7
2618,78,74,4,4
2619,93,106,-13,13
2620,117,113,4,4
2621,95,95,0,0
2622,88,81,7,7
2623,102,94,8,8
2624,49,52,-3,3
2625,82,82,0,0
2626,70,70,0,0
2627,78,87,-9,9
2628,75,79,-4,4
2629,80,75,5,5
2630,133,133,0,0
2631,82,91,-9,9
2632,147,100,47,47
2633,174,168,6,6
2634,65,69,-4,4
2635,95,102,-7,7
2636,105,97,8,8
2637,72,71,1,1
2638,78,75,3,3
2639,137,141,-4,4
2640,153,142,11,11
2641,131,156,-25,25
2642,53,59,-6,6
2643,88,87,1,1
2644,74,79,-5,5
2645,62,62,0,0
2646,97,115,-18,18
2647,121,116,5,5
2648,106,109,-3,3
2649,76,112,-36,36
2650,103,104,-1,1
2651,87,77,10,10
2652,67,67,0,0
2653,68,90,-22,22
2654,123,116,7,7
2655,68,61,7,7
2656,115,119,-4,4
2657,116,107,9,9
2658,95,95,0,0
2659,57,63,-6,6
2660,106,100,6,6
2661,85,85,0,0
2662,106,96,10,10
2663,87,89,-2,2
2664,86,94,-8,8
2665,84,85,-1,1
2666,60,65,-5,5
2667,99,105,-6,6
2668,84,90,-6,6
2669,60,60,0,0
2670,134,126,8,8
2671,130,136,-6,6
2672,78,75,3,3
2673,62,67,-5,5
2674,90,79,11,11
2675,105,110,-5,5
2676,104,106,-2,2
2677,102,108,-6,6
2678,125,123,2,2
2679,74,75,-1,1
2680,100,104,-4,4
2681,103,111,-8,8
2682,77,73,4,4
2683,86,87,-1,1
2684,97,109,-12,12
2685,81,94,-13,13
2686,88,93,-5,5
2687,52,61,-9,9
2688,59,63,-4,4
2689,89,83,6,6
2690,51,63,-12,12
2691,45,62,-17,17
2692,103,119,-16,16
2693,70,74,-4,4
2694,148,143,5,5
2695,91,97,-6,6
2696,45,50,-5,5
2697,146,156,-10,10
2698,119,119,0,0
2699,107,117,-10,10
2700,170,160,10,10
2701,62,64,-2,2
2702,130,118,12,12
2703,40,60,-20,20
2704,91,101,-10,10
2705,61,63,-2,2
2706,72,69,3,3
2707,113,112,1,1
2708,120,95,25,25
2709,52,56,-4,4
2710,43,52,-9,9
2711,63,61,2,2
2712,106,109,-3,3
2713,109,115,-6,6
2714,136,141,-5,5
2715,100,104,-4,4
2716,58,66,-8,8
2717,64,69,-5,5
2718,135,142,-7,7
2719,125,135,-10,10
2720,91,108,-17,17
2721,81,86,-5,5
2722,53,48,5,5
2723,120,130,-10,10
2724,96,101,-5,5
2725,42,33,9,9
2726,122,122,0,0
2727,67,63,4,4
2728,97,88,9,9
2729,65,65,0,0
2730,86,88,-2,2
2731,72,70,2,2
2732,62,58,4,4
2733,72,71,1,1
2734,83,74,9,9
2735,129,138,-9,9
2736,109,106,3,3
2737,72,90,-18,18
2738,78,84,-6,6
2739,175,187,-12,12
2740,125,128,-3,3
2741,65,62,3,3
2742,122,127,-5,5
2743,79,87,-8,8
2744,35,60,-25,25
2745,86,95,-9,9
2746,120,111,9,9
2747,96,95,1,1
2748,152,152,0,0
2749,114,116,-2,2
2750,94,100,-6,6
2751,67,67,0,0
2752,94,100,-6,6
2753,145,128,17,17
2754,52,50,2,2
2755,108,108,0,0
2756,86,97,-11,11
2757,91,95,-4,4
2758,132,132,0,0
2759,160,165,-5,5
2760,94,77,17,17
2761,136,127,9,9
2762,46,52,-6,6
2763,76,78,-2,2
2764,66,72,-6,6
2765,72,71,1,1
2766,102,107,-5,5
2767,77,89,-12,12
2768,56,63,-7,7
2769,139,152,-13,13
2770,217,198,19,19
2771,105,112,-7,7
2772,86,82,4,4
2773,172,167,5,5
2774,131,140,-9,9
2775,141,142,-1,1
2776,85,92,-7,7
2777,68,63,5,5
2778,90,98,-8,8
2779,75,78,-3,3
2780,82,87,-5,5
2781,76,74,2,2
2782,92,89,3,3
2783,76,80,-4,4
2784,108,109,-1,1
2785,99,97,2,2
2786,65,70,-5,5
2787,101,112,-11,11
2788,196,189,7,7
2789,80,89,-9,9
2790,130,139,-9,9
2791,57,94,-37,37
2792,105,97,8,8
2793,83,86,-3,3
2794,75,93,-18,18
2795,37,50,-13,13
2796,92,92,0,0
2797,70,67,3,3
2798,35,43,-8,8
2799,120,115,5,5
2800,87,83,4,4
2801,56,47,9,9
2802,84,89,-5,5
2803,185,183,2,2
2804,95,89,6,6
2805,76,79,-3,3
2806,60,64,-4,4
2807,84,94,-10,10
2808,67,66,1,1
2809,79,79,0,0
2810,106,109,-3,3
2811,121,117,4,4
2812,81,102,-21,21
2813,93,95,-2,2
2814,150,147,3,3
2815,104,111,-7,7
2816,95,92,3,3
2817,120,104,16,16
2818,140,147,-7,7
2819,106,121,-15,15
2820,92,77,15,15
2821,75,79,-4,4
2822,69,80,-11,11
2823,78,77,1,1
2824,57,62,-5,5
2825,71,66,5,5
2826,110,112,-2,2
2827,90,89,1,1
2828,58,56,2,2
2829,52,60,-8,8
2830,108,113,-5,5
2831,53,60,-7,7
2832,102,105,-3,3
2833,89,95,-6,6
2834,158,151,7,7
2835,81,76,5,5
2836,93,103,-10,10
2837,127,121,6,6
2838,117,119,-2,2
2839,105,101,4,4
2840,133,132,1,1
2841,106,98,8,8
2842,149,144,5,5
2843,117,119,-2,2
2844,92,94,-2,2
2845,74,71,3,3
2846,156,157,-1,1
2847,90,90,0,0
2848,116,122,-6,6
2849,118,121,-3,3
2850,109,112,-3,3
2851,110,113,-3,3
2852,84,95,-11,11
2853,120,107,13,13
2854,145,153,-8,8
2855,64,69,-5,5
2856,95,108,-13,13
2857,54,69,-15,15
2858,109,112,-3,3
2859,81,78,3,3
2860,74,84,-10,10
2861,123,133,-10,10
2862,88,88,0,0
2863,153,167,-14,14
2864,119,130,-11,11
2865,100,104,-4,4
2866,91,88,3,3
2867,85,79,6,6
2868,72,72,0,0
2869,137,133,4,4
2870,120,158,-38,38
2871,58,66,-8,8
2872,106,106,0,0
2873,100,109,-9,9
2874,75,80,-5,5
2875,71,71,0,0
2876,90,73,17,17
2877,56,78,-22,22
2878,109,111,-2,2
2879,97,107,-10,10
2880,95,93,2,2
2881,84,77,7,7
2882,64,66,-2,2
2883,79,76,3,3
2884,66,64,2,2
2885,65,69,-4,4
2886,117,119,-2,2
2887,143,146,-3,3
2888,65,64,1,1
2889,80,82,-2,2
2890,111,122,-11,11
2891,116,111,5,5
2892,80,132,-52,52
2893,89,97,-8,8
2894,181,170,11,11
2895,95,89,6,6
2896,81,86,-5,5
2897,172,153,19,19
2898,137,128,9,9
2899,83,85,-2,2
2900,98,102,-4,4
2901,131,126,5,5
2902,75,76,-1,1
2903,160,161,-1,1
2904,115,110,5,5
2905,124,134,-10,10
2906,121,118,3,3
2907,113,110,3,3
2908,116,114,2,2
2909,62,71,-9,9
2910,94,86,8,8
2911,92,90,2,2
2912,144,139,5,5
2913,37,96,-59,59
2914,65,74,-9,9
2915,159,188,-29,29
2916,76,73,3,3
2917,116,119,-3,3
2918,79,77,2,2
2919,89,103,-14,14
2920,79,80,-1,1
2921,100,114,-14,14
2922,92,84,8,8
2923,90,89,1,1
2924,53,58,-5,5
2925,97,106,-9,9
2926,148,145,3,3
2927,104,112,-8,8
2928,57,63,-6,6
2929,71,68,3,3
2930,116,130,-14,14
2931,191,205,-14,14
2932,122,117,5,5
2933,60,62,-2,2
2934,125,161,-36,36
2935,69,83,-14,14
2936,98,101,-3,3
2937,131,123,8,8
2938,105,114,-9,9
2939,103,98,5,5
2940,60,70,-10,10
2941,67,73,-6,6
2942,118,113,5,5
2943,58,86,-28,28
2944,76,75,1,1
2945,109,105,4,4
2946,72,74,-2,2
2947,87,87,0,0
2948,57,63,-6,6
2949,85,89,-4,4
2950,78,81,-3,3
2951,88,78,10,10
2952,75,71,4,4
2953,124,125,-1,1
2954,84,89,-5,5
2955,112,107,5,5
2956,98,95,3,3
2957,152,150,2,2
2958,54,58,-4,4
2959,121,126,-5,5
2960,164,145,19,19
2961,58,60,-2,2
2962,164,162,2,2
2963,47,57,-10,10
2964,163,169,-6,6
2965,104,103,1,1
2966,66,74,-8,8
2967,111,110,1,1
2968,60,61,-1,1
2969,45,55,-10,10
2970,98,94,4,4
2971,129,122,7,7
2972,94,102,-8,8
2973,100,104,-4,4
2974,88,96,-8,8
2975,79,89,-10,10
2976,73,78,-5,5
2977,125,126,-1,1
2978,91,94,-3,3
2979,102,109,-7,7
2980,137,133,4,4
2981,186,189,-3,3
2982,67,75,-8,8
2983,59,68,-9,9
2984,36,51,-15,15
2985,128,126,2,2
2986,80,74,6,6
2987,102,126,-24,24
2988,137,118,19,19
2989,58,64,-6,6
2990,94,101,-7,7
2991,90,83,7,7
2992,110,104,6,6
2993,101,114,-13,13
2994,78,94,-16,16
2995,121,108,13,13
2996,87,77,10,10
2997,81,69,12,12
2998,70,68,2,2
2999,142,144,-2,2
3000,93,98,-5,5
3001,98,85,13,13
3002,125,131,-6,6
3003,65,64,1,1
3004,126,135,-9,9
3005,77,78,-1,1
3006,79,86,-7,7
3007,85,95,-10,10
3008,65,64,1,1
3009,74,82,-8,8
3010,124,133,-9,9
3011,112,98,14,14
3012,99,103,-4,4
3013,73,69,4,4
3014,97,105,-8,8
3015,73,85,-12,12
3016,58,52,6,6
3017,172,175,-3,3
3018,91,94,-3,3
3019,67,71,-4,4
3020,100,112,-12,12
3021,110,113,-3,3
3022,58,63,-5,5
3023,96,109,-13,13
3024,69,82,-13,13
3025,91,95,-4,4
3026,64,66,-2,2
3027,71,70,1,1
3028,49,63,-14,14
3029,88,94,-6,6
3030,147,129,18,18
3031,71,70,1,1
3032,117,108,9,9
3033,89,92,-3,3
3034,95,90,5,5
3035,78,81,-3,3
3036,82,97,-15,15
3037,72,73,-1,1
3038,137,106,31,31
3039,122,126,-4,4
3040,115,107,8,8
3041,120,117,3,3
3042,119,123,-4,4
3043,84,83,1,1
3044,88,80,8,8
3045,60,65,-5,5
3046,115,120,-5,5
3047,81,81,0,0
3048,136,152,-16,16
3049,85,96,-11,11
3050,100,109,-9,9
3051,118,125,-7,7
3052,109,104,5,5
3053,61,71,-10,10
3054,105,103,2,2
3055,206,205,1,1
3056,112,114,-2,2
3057,83,83,0,0
3058,181,191,-10,10
3059,151,142,9,9
3060,104,107,-3,3
3061,83,101,-18,18
3062,109,106,3,3
3063,62,62,0,0
3064,76,75,1,1
3065,86,94,-8,8
3066,127,122,5,5
3067,83,80,3,3
3068,122,116,6,6
3069,103,112,-9,9
3070,107,106,1,1
3071,94,92,2,2
3072,103,91,12,12
3073,72,64,8,8
3074,66,73,-7,7
3075,70,85,-15,15
3076,54,52,2,2
3077,57,69,-12,12
3078,165,165,0,0
3079,125,125,0,0
3080,125,131,-6,6
3081,92,88,4,4
3082,53,49,4,4
3083,106,132,-26,26
3084,95,94,1,1
3085,94,88,6,6
3086,72,76,-4,4
3087,78,76,2,2
3088,113,120,-7,7
3089,106,99,7,7
3090,101,101,0,0
3091,102,120,-18,18
3092,95,97,-2,2
3093,69,72,-3,3
3094,74,74,0,0
3095,104,104,0,0
3096,78,83,-5,5
3097,86,85,1,1
3098,41,54,-13,13
3099,86,86,0,0
3100,80,69,11,11
3101,182,178,4,4
3102,83,84,-1,1
3103,65,56,9,9
3104,81,78,3,3
3105,159,162,-3,3
3106,103,104,-1,1
3107,102,95,7,7
3108,60,50,10,10
3109,142,136,6,6
3110,62,68,-6,6
3111,129,124,5,5
3112,79,85,-6,6
3113,87,88,-1,1
3114,127,116,11,11
3115,56,66,-10,10
3116,94,113,-19,19
3117,90,89,1,1
3118,62,70,-8,8
3119,60,69,-9,9
3120,110,141,-31,31
3121,98,107,-9,9
3122,58,61,-3,3
3123,88,88,0,0
3124,35,39,-4,4
3125,138,136,2,2
3126,73,79,-6,6
3127,99,93,6,6
3128,87,85,2,2
3129,69,71,-2,2
3130,102,97,5,5
3131,89,92,-3,3
3132,106,101,5,5
3133,116,120,-4,4
3134,69,77,-8,8
3135,75,73,2,2
3136,91,83,8,8
3137,67,67,0,0
3138,133,150,-17,17
3139,76,86,-10,10
3140,103,91,12,12
3141,71,66,5,5
3142,135,135,0,0
3143,99,115,-16,16
3144,104,105,-1,1
3145,146,132,14,14
3146,57,46,11,11
3147,108,123,-15,15
3148,82,74,8,8
3149,106,96,10,10
3150,110,116,-6,6
3151,98,98,0,0
3152,62,60,2,2
3153,102,106,-4,4
3154,130,130,0,0
3155,108,99,9,9
3156,61,61,0,0
3157,73,90,-17,17
3158,54,55,-1,1
3159,63,58,5,5
3160,140,132,8,8
3161,47,121,-74,74
3162,68,76,-8,8
3163,134,122,12,12
3164,106,108,-2,2
3165,72,76,-4,4
3166,107,105,2,2
3167,107,111,-4,4
3168,53,55,-2,2
3169,112,104,8,8
3170,124,123,1,1
3171,103,100,3,3
3172,76,83,-7,7
3173,103,106,-3,3
3174,92,101,-9,9
3175,40,44,-4,4
3176,79,80,-1,1
3177,83,92,-9,9
3178,77,74,3,3
3179,75,72,3,3
3180,63,63,0,0
3181,134,137,-3,3
3182,66,72,-6,6
3183,173,174,-1,1
3184,100,88,12,12
3185,119,116,3,3
3186,143,150,-7,7
3187,61,73,-12,12
3188,59,66,-7,7
3189,91,100,-9,9
3190,61,71,-10,10
3191,127,135,-8,8
3192,164,162,2,2
3193,81,86,-5,5
3194,136,137,-1,1
3195,73,84,-11,11
3196,72,75,-3,3
3197,82,78,4,4
3198,79,78,1,1
3199,70,73,-3,3
3200,95,91,4,4
3201,63,57,6,6
3202,67,66,1,1
3203,127,133,-6,6
3204,107,104,3,3
3205,58,63,-5,5
3206,91,96,-5,5
3207,60,63,-3,3
3208,94,103,-9,9
3209,90,85,5,5
3210,49,69,-20,20
3211,94,119,-25,25
3212,68,69,-1,1
3213,86,79,7,7
3214,107,96,11,11
3215,54,71,-17,17
3216,88,80,8,8
3217,69,78,-9,9
3218,85,81,4,4
3219,99,96,3,3
3220,116,129,-13,13
3221,113,115,-2,2
3222,42,55,-13,13
3223,36,45,-9,9
3224,52,58,-6,6
3225,88,84,4,4
3226,62,75,-13,13
3227,87,82,5,5
3228,97,112,-15,15
3229,94,104,-10,10
3230,113,112,1,1
3231,168,151,17,17
3232,107,101,6,6
3233,130,134,-4,4
3234,169,166,3,3
3235,84,90,-6,6
3236,151,124,27,27
3237,75,69,6,6
3238,73,71,2,2
3239,64,78,-14,14
3240,144,158,-14,14
3241,86,86,0,0
3242,91,85,6,6
3243,76,70,6,6
3244,112,118,-6,6
3245,46,70,-24,24
3246,51,60,-9,9
3247,116,110,6,6
3248,106,122,-16,16
3249,63,73,-10,10
3250,115,102,13,13
3251,151,171,-20,20
3252,70,65,5,5
3253,153,156,-3,3
3254,66,68,-2,2
3255,95,104,-9,9
3256,71,75,-4,4
3257,75,65,10,10
3258,83,84,-1,1
3259,75,82,-7,7
3260,111,102,9,9
3261,95,95,0,0
3262,133,125,8,8
3263,56,52,4,4
3264,42,53,-11,11
3265,61,64,-3,3
3266,72,76,-4,4
3267,60,66,-6,6
3268,95,87,8,8
3269,115,130,-15,15
3270,101,110,-9,9
3271,65,66,-1,1
3272,100,110,-10,10
3273,69,73,-4,4
3274,81,74,7,7
3275,82,86,-4,4
3276,107,105,2,2
3277,112,128,-16,16
3278,99,106,-7,7
3279,75,75,0,0
3280,161,154,7,7
3281,76,75,1,1
3282,142,141,1,1
3283,111,110,1,1
3284,78,84,-6,6
3285,137,137,0,0
3286,40,49,-9,9
3287,65,67,-2,2
3288,88,94,-6,6
3289,103,93,10,10
3290,143,173,-30,30
3291,37,41,-4,4
3292,65,66,-1,1
3293,90,86,4,4
3294,97,91,6,6
3295,107,104,3,3
3296,104,99,5,5
3297,151,141,10,10
3298,98,98,0,0
3299,91,99,-8,8
3300,90,94,-4,4
3301,79,83,-4,4
3302,62,59,3,3
3303,83,82,1,1
3304,102,115,-13,13
3305,92,100,-8,8
3306,48,51,-3,3
3307,103,114,-11,11
3308,65,55,10,10
3309,84,98,-14,14
3310,57,52,5,5
3311,108,114,-6,6
3312,80,86,-6,6
3313,66,84,-18,18
3314,106,112,-6,6
3315,52,60,-8,8
3316,107,126,-19,19
3317,107,103,4,4
3318,57,63,-6,6
3319,137,141,-4,4
3320,69,68,1,1
3321,90,87,3,3
3322,65,66,-1,1
3323,49,56,-7,7
3324,153,154,-1,1
3325,119,115,4,4
3326,75,80,-5,5
3327,160,157,3,3
3328,140,141,-1,1
3329,146,154,-8,8
3330,104,98,6,6
3331,94,98,-4,4
3332,60,62,-2,2
3333,118,106,12,12
3334,71,73,-2,2
3335,66,71,-5,5
3336,183,170,13,13
3337,103,100,3,3
3338,119,119,0,0
3339,107,128,-21,21
3340,92,85,7,7
3341,89,100,-11,11
3342,116,103,13,13
3343,84,74,10,10
3344,118,126,-8,8
3345,52,51,1,1
3346,75,81,-6,6
3347,163,164,-1,1
3348,96,98,-2,2
3349,104,116,-12,12
3350,135,141,-6,6
3351,78,80,-2,2
3352,127,122,5,5
3353,96,94,2,2
3354,123,113,10,10
3355,119,118,1,1
3356,83,87,-4,4
3357,107,111,-4,4
3358,96,90,6,6
3359,105,97,8,8
3360,142,130,12,12
3361,67,74,-7,7
3362,67,75,-8,8
3363,126,122,4,4
3364,59,67,-8,8
3365,59,62,-3,3
3366,74,78,-4,4
3367,87,88,-1,1
3368,69,73,-4,4
3369,66,72,-6,6
3370,117,109,8,8
3371,186,176,10,10
3372,63,74,-11,11
3373,125,124,1,1
3374,87,86,1,1
3375,97,105,-8,8
3376,96,92,4,4
3377,49,48,1,1
3378,105,117,-12,12
3379,48,46,2,2
3380,111,110,1,1
3381,98,107,-9,9
3382,123,114,9,9
3383,74,66,8,8
3384,55,51,4,4
3385,124,124,0,0
3386,151,146,5,5
3387,54,64,-10,10
3388,44,48,-4,4
3389,78,86,-8,8
3390,141,151,-10,10
3391,85,80,5,5
3392,40,66,-26,26
3393,77,81,-4,4
3394,104,107,-3,3
3395,71,73,-2,2
3396,94,102,-8,8
3397,98,108,-10,10
3398,56,54,2,2
3399,64,76,-12,12
3400,107,104,3,3
3401,58,64,-6,6
3402,40,46,-6,6
3403,107,95,12,12
3404,110,113,-3,3
3405,124,112,12,12
3406,100,97,3,3
3407,88,91,-3,3
3408,131,94,37,37
3409,93,80,13,13
3410,134,131,3,3
3411,81,93,-12,12
3412,81,86,-5,5
3413,84,90,-6,6
3414,86,87,-1,1
3415,152,160,-8,8
3416,64,63,1,1
3417,73,79,-6,6
3418,118,108,10,10
3419,73,70,3,3
3420,88,81,7,7
3421,112,121,-9,9
3422,141,144,-3,3
3423,150,161,-11,11
3424,105,102,3,3
3425,163,158,5,5
3426,29,37,-8,8
3427,94,103,-9,9
3428,67,77,-10,10
3429,98,118,-20,20
3430,89,88,1,1
3431,106,106,0,0
3432,100,102,-2,2
3433,107,99,8,8
3434,64,65,-1,1
3435,45,54,-9,9
3436,77,84,-7,7
3437,144,131,13,13
3438,103,104,-1,1
3439,67,102,-35,35
3440,38,42,-4,4
3441,116,115,1,1
3442,102,106,-4,4
3443,119,124,-5,5
3444,88,91,-3,3
3445,111,109,2,2
3446,48,53,-5,5
3447,131,125,6,6
3448,86,86,0,0
3449,76,81,-5,5
3450,80,69,11,11
3451,99,103,-4,4
3452,132,131,1,1
3453,91,107,-16,16
3454,105,110,-5,5
3455,159,173,-14,14
3456,117,110,7,7
3457,142,150,-8,8
3458,69,67,2,2
3459,79,69,10,10
3460,134,150,-16,16
3461,101,98,3,3
3462,94,92,2,2
3463,97,121,-24,24
3464,112,97,15,15
3465,70,68,2,2
3466,139,135,4,4
3467,120,113,7,7
3468,93,103,-10,10
3469,70,77,-7,7
3470,77,73,4,4
3471,91,90,1,1
3472,57,54,3,3
3473,75,87,-12,12
3474,64,69,-5,5
3475,88,92,-4,4
3476,90,95,-5,5
3477,82,85,-3,3
3478,54,63,-9,9
3479,101,102,-1,1
3480,102,113,-11,11
3481,92,103,-11,11
3482,77,79,-2,2
3483,76,88,-12,12
3484,109,123,-14,14
3485,48,55,-7,7
3486,86,88,-2,2
3487,91,93,-2,2
3488,60,59,1,1
3489,117,120,-3,3
3490,121,125,-4,4
3491,129,140,-11,11
3492,90,97,-7,7
3493,106,84,22,22
3494,80,75,5,5
3495,129,117,12,12
3496,65,64,1,1
3497,48,51,-3,3
3498,104,99,5,5
3499,72,74,-2,2
3500,69,74,-5,5
3501,115,112,3,3
3502,147,168,-21,21
3503,83,86,-3,3
3504,96,98,-2,2
3505,83,92,-9,9
3506,106,108,-2,2
3507,83,93,-10,10
3508,94,83,11,11
3509,101,87,14,14
3510,112,118,-6,6
3511,56,62,-6,6
3512,106,112,-6,6
3513,93,87,6,6
3514,83,92,-9,9
3515,60,59,1,1
3516,116,114,2,2
3517,127,115,12,12
3518,65,70,-5,5
3519,134,143,-9,9
3520,45,61,-16,16
3521,74,85,-11,11
3522,107,115,-8,8
3523,97,96,1,1
3524,145,153,-8,8
3525,101,107,-6,6
3526,104,77,27,27
3527,90,100,-10,10
3528,98,92,6,6
3529,107,121,-14,14
3530,66,73,-7,7
3531,76,85,-9,9
3532,39,52,-13,13
3533,89,91,-2,2
3534,47,58,-11,11
3535,68,76,-8,8
3536,47,53,-6,6
3537,194,178,16,16
3538,107,119,-12,12
3539,155,151,4,4
3540,163,148,15,15
3541,93,98,-5,5
3542,124,126,-2,2
3543,28,36,-8,8
3544,101,113,-12,12
3545,70,73,-3,3
3546,61,69,-8,8
3547,92,87,5,5
3548,78,90,-12,12
3549,51,60,-9,9
3550,99,99,0,0
3551,95,94,1,1
3552,137,119,18,18
3553,90,88,2,2
3554,84,93,-9,9
3555,72,85,-13,13
3556,83,87,-4,4
3557,94,99,-5,5
3558,86,77,9,9
3559,86,77,9,9
3560,87,92,-5,5
3561,104,115,-11,11
3562,58,55,3,3
3563,50,63,-13,13
3564,44,47,-3,3
3565,83,83,0,0
3566,97,84,13,13
3567,146,144,2,2
3568,147,135,12,12
3569,107,109,-2,2
3570,117,110,7,7
3571,152,159,-7,7
3572,130,118,12,12
3573,157,141,16,16
3574,268,261,7,7
3575,90,85,5,5
3576,101,105,-4,4
3577,73,71,2,2
3578,120,122,-2,2
3579,86,90,-4,4
3580,144,129,15,15
3581,97,98,-1,1
3582,93,96,-3,3
3583,49,56,-7,7
3584,97,102,-5,5
3585,99,91,8,8
3586,63,61,2,2
3587,135,132,3,3
3588,66,76,-10,10
3589,71,72,-1,1
3590,74,73,1,1
3591,160,155,5,5
3592,52,60,-8,8
3593,84,82,2,2
3594,127,136,-9,9
3595,82,79,3,3
3596,80,82,-2,2
3597,108,112,-4,4
3598,104,115,-11,11
3599,106,96,10,10
3600,154,155,-1,1
3601,54,64,-10,10
3602,91,108,-17,17
3603,115,126,-11,11
3604,98,111,-13,13
3605,117,117,0,0
3606,46,49,-3,3
3607,93,99,-6,6
3608,50,52,-2,2
3609,110,154,-44,44
3610,101,102,-1,1
3611,121,95,26,26
3612,129,137,-8,8
3613,123,115,8,8
3614,55,76,-21,21
3615,97,87,10,10
3616,102,100,2,2
3617,127,138,-11,11
3618,66,62,4,4
3619,75,72,3,3
3620,125,135,-10,10
3621,75,68,7,7
3622,137,149,-12,12
3623,76,82,-6,6
3624,80,69,11,11
3625,93,92,1,1
3626,213,216,-3,3
3627,73,73,0,0
3628,99,98,1,1
3629,152,148,4,4
3630,110,112,-2,2
3631,53,67,-14,14
3632,83,89,-6,6
3633,94,103,-9,9
3634,60,65,-5,5
3635,150,147,3,3
3636,146,141,5,5
3637,156,174,-18,18
3638,99,95,4,4
3639,66,67,-1,1
3640,85,78,7,7
3641,68,85,-17,17
3642,174,163,11,11
3643,112,107,5,5
3644,102,106,-4,4
3645,96,95,1,1
3646,123,124,-1,1
3647,62,72,-10,10
3648,42,48,-6,6
3649,84,83,1,1
3650,99,120,-21,21
3651,96,105,-9,9
3652,94,85,9,9
3653,88,82,6,6
3654,113,105,8,8
3655,136,145,-9,9
3656,51,65,-14,14
3657,82,93,-11,11
3658,103,94,9,9
3659,109,107,2,2
3660,39,44,-5,5
3661,66,65,1,1
3662,68,65,3,3
3663,97,91,6,6
3664,85,84,1,1
3665,123,125,-2,2
3666,134,141,-7,7
3667,171,170,1,1
3668,88,104,-16,16
3669,83,78,5,5
3670,52,57,-5,5
3671,90,93,-3,3
3672,75,78,-3,3
3673,80,83,-3,3
3674,85,86,-1,1
3675,113,130,-17,17
3676,85,74,11,11
3677,124,127,-3,3
3678,126,124,2,2
3679,136,121,15,15
3680,111,112,-1,1
3681,122,117,5,5
3682,84,85,-1,1
3683,53,62,-9,9
3684,83,83,0,0
3685,132,136,-4,4
3686,133,140,-7,7
3687,96,88,8,8
3688,53,58,-5,5
3689,87,98,-11,11
3690,63,65,-2,2
3691,92,82,10,10
3692,73,79,-6,6
3693,142,135,7,7
3694,93,80,13,13
3695,69,71,-2,2
3696,59,61,-2,2
3697,120,131,-11,11
3698,52,67,-15,15
3699,50,55,-5,5
3700,80,92,-12,12
3701,68,69,-1,1
3702,73,71,2,2
3703,245,217,28,28
3704,147,153,-6,6
3705,75,72,3,3
3706,59,63,-4,4
3707,84,78,6,6
3708,92,91,1,1
3709,146,143,3,3
3710,183,185,-2,2
3711,64,68,-4,4
3712,101,95,6,6
3713,102,105,-3,3
3714,117,119,-2,2
3715,178,174,4,4
3716,143,118,25,25
3717,68,81,-13,13
3718,90,88,2,2
3719,48,51,-3,3
3720,74,76,-2,2
3721,63,60,3,3
3722,74,81,-7,7
3723,83,90,-7,7
3724,89,99,-10,10
3725,112,111,1,1
3726,89,101,-12,12
3727,71,64,7,7
3728,72,80,-8,8
3729,66,64,2,2
3730,173,177,-4,4
3731,139,143,-4,4
3732,94,108,-14,14
3733,48,55,-7,7
3734,102,106,-4,4
3735,69,73,-4,4
3736,67,66,1,1
3737,91,93,-2,2
3738,109,111,-2,2
3739,39,56,-17,17
3740,146,143,3,3
3741,103,100,3,3
3742,149,155,-6,6
3743,78,69,9,9
3744,78,79,-1,1
3745,76,72,4,4
3746,81,83,-2,2
3747,155,165,-10,10
3748,76,85,-9,9
3749,113,114,-1,1
3750,87,93,-6,6
3751,81,78,3,3
3752,82,89,-7,7
3753,107,115,-8,8
3754,148,149,-1,1
3755,57,66,-9,9
3756,73,69,4,4
3757,112,108,4,4
3758,48,48,0,0
3759,77,91,-14,14
3760,142,135,7,7
3761,142,133,9,9
3762,122,124,-2,2
3763,67,64,3,3
3764,132,123,9,9
3765,134,164,-30,30
3766,96,79,17,17
3767,70,66,4,4
3768,84,82,2,2
3769,108,104,4,4
3770,159,160,-1,1
3771,114,124,-10,10
3772,71,72,-1,1
3773,88,99,-11,11
3774,95,93,2,2
3775,36,52,-16,16
3776,99,102,-3,3
3777,54,56,-2,2
3778,148,130,18,18
3779,75,72,3,3
3780,64,76,-12,12
3781,170,169,1,1
3782,176,169,7,7
3783,143,134,9,9
3784,108,96,12,12
3785,94,186,-92,92
3786,102,120,-18,18
3787,92,98,-6,6
3788,132,141,-9,9
3789,84,88,-4,4
3790,152,150,2,2
3791,94,83,11,11
3792,103,104,-1,1
3793,122,128,-6,6
3794,79,87,-8,8
3795,81,73,8,8
3796,81,85,-4,4
3797,65,64,1,1
3798,90,83,7,7
3799,85,93,-8,8
3800,74,81,-7,7
3801,110,107,3,3
3802,62,71,-9,9
3803,132,138,-6,6
3804,94,92,2,2
3805,77,76,1,1
3806,69,84,-15,15
3807,90,84,6,6
3808,58,61,-3,3
3809,101,110,-9,9
3810,72,77,-5,5
3811,49,65,-16,16
3812,120,127,-7,7
3813,60,69,-9,9
3814,140,158,-18,18
3815,53,50,3,3
3816,66,72,-6,6
3817,60,63,-3,3
3818,103,110,-7,7
3819,92,99,-7,7
3820,158,143,15,15
3821,71,106,-35,35
3822,73,84,-11,11
3823,66,69,-3,3
3824,149,145,4,4
3825,146,148,-2,2
3826,68,57,11,11
3827,108,105,3,3
3828,54,57,-3,3
3829,70,70,0,0
3830,98,105,-7,7
3831,112,116,-4,4
3832,64,62,2,2
3833,96,102,-6,6
3834,124,143,-19,19
3835,73,63,10,10
3836,75,82,-7,7
3837,97,95,2,2
3838,100,105,-5,5
3839,153,177,-24,24
3840,145,144,1,1
3841,98,92,6,6
3842,114,112,2,2
3843,111,105,6,6
3844,68,78,-10,10
3845,60,61,-1,1
3846,87,107,-20,20
3847,74,76,-2,2
3848,54,62,-8,8
3849,77,72,5,5
3850,63,68,-5,5
3851,120,112,8,8
3852,107,94,13,13
3853,75,88,-13,13
3854,96,102,-6,6
3855,50,41,9,9
3856,152,138,14,14
3857,133,133,0,0
3858,140,152,-12,12
3859,63,68,-5,5
3860,82,91,-9,9
3861,101,124,-23,23
3862,78,76,2,2
3863,101,95,6,6
3864,74,75,-1,1
3865,104,103,1,1
3866,97,98,-1,1
3867,55,69,-14,14
3868,166,162,4,4
3869,110,93,17,17
3870,76,105,-29,29
3871,81,82,-1,1
3872,128,125,3,3
3873,108,105,3,3
3874,68,71,-3,3
3875,86,90,-4,4
3876,79,84,-5,5
3877,65,63,2,2
3878,148,150,-2,2
3879,165,157,8,8
3880,96,104,-8,8
3881,61,62,-1,1
3882,86,75,11,11
3883,65,66,-1,1
3884,124,147,-23,23
3885,94,95,-1,1
3886,55,56,-1,1
3887,71,70,1,1
3888,132,123,9,9
3889,55,58,-3,3
3890,97,117,-20,20
3891,96,102,-6,6
3892,101,95,6,6
3893,100,91,9,9
3894,78,75,3,3
3895,132,146,-14,14
3896,73,74,-1,1
3897,93,82,11,11
3898,51,51,0,0
3899,136,141,-5,5
3900,80,69,11,11
3901,159,179,-20,20
3902,151,151,0,0
3903,64,65,-1,1
3904,75,76,-1,1
3905,151,137,14,14
3906,72,78,-6,6
3907,113,91,22,22
3908,88,95,-7,7
3909,93,91,2,2
3910,62,68,-6,6
3911,59,67,-8,8
3912,104,105,-1,1
3913,133,118,15,15
3914,66,75,-9,9
3915,90,99,-9,9
3916,98,94,4,4
3917,181,149,32,32
3918,68,70,-2,2
3919,81,83,-2,2
3920,148,150,-2,2
3921,92,85,7,7
3922,109,104,5,5
3923,176,175,1,1
3924,236,234,2,2
3925,112,110,2,2
3926,74,79,-5,5
3927,82,76,6,6
3928,78,80,-2,2
3929,83,92,-9,9
3930,89,97,-8,8
3931,95,99,-4,4
3932,177,169,8,8
3933,53,64,-11,11
3934,94,103,-9,9
3935,104,107,-3,3
3936,63,68,-5,5
3937,94,91,3,3
3938,95,92,3,3
3939,122,115,7,7
3940,135,132,3,3
3941,170,153,17,17
3942,104,117,-13,13
3943,153,141,12,12
3944,70,104,-34,34
3945,124,120,4,4
3946,81,82,-1,1
3947,143,140,3,3
3948,86,97,-11,11
3949,87,86,1,1
3950,92,96,-4,4
3951,111,109,2,2
3952,73,74,-1,1
3953,83,79,4,4
3954,117,112,5,5
3955,92,94,-2,2
3956,70,79,-9,9
3957,107,107,0,0
3958,62,74,-12,12
3959,96,94,2,2
3960,93,90,3,3
3961,50,61,-11,11
3962,61,58,3,3
3963,118,125,-7,7
3964,117,119,-2,2
3965,116,114,2,2
3966,183,177,6,6
3967,56,66,-10,10
3968,67,67,0,0
3969,81,75,6,6
3970,117,108,9,9
3971,98,97,1,1
3972,63,69,-6,6
3973,62,63,-1,1
3974,84,95,-11,11
3975,156,156,0,0
3976,105,99,6,6
3977,89,82,7,7
3978,132,132,0,0
3979,106,114,-8,8
3980,111,122,-11,11
3981,150,149,1,1
3982,95,101,-6,6
3983,20,41,-21,21
3984,99,100,-1,1
3985,103,105,-2,2
3986,73,90,-17,17
3987,83,53,30,30
3988,69,69,0,0
3989,130,135,-5,5
3990,106,106,0,0
3991,104,100,4,4
3992,125,137,-12,12
3993,121,102,19,19
3994,190,200,-10,10
3995,116,122,-6,6
3996,87,110,-23,23
3997,71,76,-5,5
3998,71,85,-14,14
3999,146,156,-10,10
4000,97,105,-8,8
4001,98,98,0,0
4002,127,127,0,0
4003,74,76,-2,2
4004,47,69,-22,22
4005,92,92,0,0
4006,82,79,3,3
4007,118,114,4,4
4008,137,119,18,18
4009,101,97,4,4
4010,51,57,-6,6
4011,88,99,-11,11
4012,177,156,21,21
4013,82,78,4,4
4014,90,99,-9,9
4015,99,96,3,3
4016,83,90,-7,7
4017,104,101,3,3
4018,83,76,7,7
4019,57,49,8,8
4020,155,157,-2,2
4021,107,91,16,16
4022,72,76,-4,4
4023,72,73,-1,1
4024,102,109,-7,7
4025,90,89,1,1
4026,111,103,8,8
4027,123,121,2,2
4028,46,55,-9,9
4029,81,83,-2,2
4030,95,79,16,16
4031,125,129,-4,4
4032,105,105,0,0
4033,74,75,-1,1
4034,166,167,-1,1
4035,96,99,-3,3
4036,70,80,-10,10
4037,56,81,-25,25
4038,66,64,2,2
4039,85,88,-3,3
4040,46,52,-6,6
4041,47,79,-32,32
4042,68,73,-5,5
4043,130,136,-6,6
4044,141,145,-4,4
4045,95,94,1,1
4046,111,103,8,8
4047,50,54,-4,4
4048,111,113,-2,2
4049,100,107,-7,7
4050,72,74,-2,2
4051,80,85,-5,5
4052,120,113,7,7
4053,180,173,7,7
4054,39,53,-14,14
4055,103,119,-16,16
4056,95,95,0,0
4057,146,155,-9,9
4058,110,112,-2,2
4059,48,48,0,0
4060,83,101,-18,18
4061,66,86,-20,20
4062,86,86,0,0
4063,79,81,-2,2
4064,113,122,-9,9
4065,114,111,3,3
4066,86,78,8,8
4067,165,163,2,2
4068,69,77,-8,8
4069,124,126,-2,2
4070,103,113,-10,10
4071,76,44,32,32
4072,118,111,7,7
4073,157,153,4,4
4074,107,107,0,0
4075,170,149,21,21
4076,58,65,-7,7
4077,59,64,-5,5
4078,124,124,0,0
4079,142,130,12,12
4080,105,125,-20,20
4081,116,112,4,4
4082,140,138,2,2
4083,92,89,3,3
4084,130,137,-7,7
4085,113,111,2,2
4086,129,148,-19,19
4087,73,71,2,2
4088,100,101,-1,1
4089,87,103,-16,16
4090,75,81,-6,6
4091,87,90,-3,3
4092,113,104,9,9
4093,64,66,-2,2
4094,83,80,3,3
4095,75,73,2,2
4096,124,132,-8,8
4097,87,86,1,1
4098,63,65,-2,2
4099,78,74,4,4
4100,86,92,-6,6
4101,104,111,-7,7
4102,95,101,-6,6
4103,119,131,-12,12
4104,99,103,-4,4
4105,54,65,-11,11
4106,73,71,2,2
4107,71,70,1,1
4108,83,83,0,0
4109,182,155,27,27
4110,74,91,-17,17
4111,133,136,-3,3
4112,80,84,-4,4
4113,98,103,-5,5
4114,98,106,-8,8
4115,96,92,4,4
4116,84,70,14,14
4117,199,214,-15,15
4118,153,150,3,3
4119,121,136,-15,15
4120,104,122,-18,18
4121,79,87,-8,8
4122,109,103,6,6
4123,74,82,-8,8
4124,48,53,-5,5
4125,127,131,-4,4
4126,77,81,-4,4
4127,57,60,-3,3
4128,88,88,0,0
4129,76,78,-2,2
4130,120,123,-3,3
4131,86,93,-7,7
4132,62,71,-9,9
4133,60,63,-3,3
4134,83,83,0,0
4135,90,94,-4,4
4136,69,75,-6,6
4137,65,64,1,1
4138,97,97,0,0
4139,107,103,4,4
4140,131,139,-8,8
4141,118,114,4,4
4142,107,137,-30,30
4143,72,78,-6,6
4144,153,159,-6,6
4145,83,80,3,3
4146,55,59,-4,4
4147,106,107,-1,1
4148,97,118,-21,21
4149,176,181,-5,5
4150,139,132,7,7
4151,84,100,-16,16
4152,112,105,7,7
4153,58,73,-15,15
4154,119,114,5,5
4155,75,77,-2,2
4156,155,165,-10,10
4157,71,66,5,5
4158,150,134,16,16
4159,94,97,-3,3
4160,54,68,-14,14
4161,70,72,-2,2
4162,125,121,4,4
4163,36,36,0,0
4164,78,81,-3,3
4165,96,91,5,5
4166,100,98,2,2
4167,106,105,1,1
4168,129,122,7,7
4169,39,38,1,1
4170,44,44,0,0
4171,97,88,9,9
4172,80,85,-5,5
4173,52,49,3,3
4174,102,103,-1,1
4175,101,98,3,3
4176,90,91,-1,1
4177,151,141,10,10
4178,82,83,-1,1
4179,117,114,3,3
4180,63,82,-19,19
4181,135,136,-1,1
4182,71,68,3,3
4183,96,113,-17,17
4184,123,125,-2,2
4185,75,71,4,4
4186,60,63,-3,3
4187,103,109,-6,6
4188,59,56,3,3
4189,116,117,-1,1
4190,92,93,-1,1
4191,76,81,-5,5
4192,53,51,2,2
4193,107,116,-9,9
4194,70,73,-3,3
4195,101,98,3,3
4196,88,83,5,5
4197,84,87,-3,3
4198,26,58,-32,32
4199,107,114,-7,7
4200,121,124,-3,3
4201,66,72,-6,6
4202,75,83,-8,8
4203,140,151,-11,11
4204,87,83,4,4
4205,57,52,5,5
4206,100,100,0,0
4207,183,168,15,15
4208,131,133,-2,2
4209,98,125,-27,27
4210,70,75,-5,5
4211,80,80,0,0
4212,112,120,-8,8
4213,164,182,-18,18
4214,112,98,14,14
4215,49,47,2,2
4216,69,76,-7,7
4217,64,73,-9,9
4218,78,87,-9,9
4219,116,128,-12,12
4220,113,108,5,5
4221,123,135,-12,12
4222,101,102,-1,1
4223,100,108,-8,8
4224,84,83,1,1
4225,114,111,3,3
4226,109,101,8,8
4227,52,52,0,0
4228,115,115,0,0
4229,106,104,2,2
4230,93,92,1,1
4231,69,78,-9,9
4232,149,141,8,8
4233,87,87,0,0
4234,103,102,1,1
4235,106,116,-10,10
4236,76,95,-19,19
4237,124,141,-17,17
4238,115,122,-7,7
4239,82,84,-2,2
4240,152,163,-11,11
4241,138,141,-3,3
4242,196,193,3,3
4243,133,120,13,13
4244,146,145,1,1
4245,105,114,-9,9
4246,92,106,-14,14
4247,71,64,7,7
4248,97,104,-7,7
4249,70,72,-2,2
4250,107,119,-12,12
4251,80,84,-4,4
4252,63,90,-27,27
4253,75,74,1,1
4254,75,76,-1,1
4255,75,77,-2,2
4256,104,84,20,20
4257,152,149,3,3
4258,71,70,1,1
4259,107,105,2,2
4260,161,161,0,0
4261,71,80,-9,9
4262,91,84,7,7
4263,98,94,4,4
4264,108,113,-5,5
4265,78,76,2,2
4266,116,120,-4,4
4267,108,98,10,10
4268,81,86,-5,5
4269,65,73,-8,8
4270,111,120,-9,9
4271,70,79,-9,9
4272,55,58,-3,3
4273,102,100,2,2
4274,102,107,-5,5
4275,56,61,-5,5
4276,100,96,4,4
4277,47,47,0,0
4278,145,134,11,11
4279,108,103,5,5
4280,143,146,-3,3
4281,123,123,0,0
4282,172,174,-2,2
4283,60,68,-8,8
4284,105,103,2,2
4285,46,55,-9,9
4286,80,65,15,15
4287,114,119,-5,5
4288,189,202,-13,13
4289,82,76,6,6
4290,126,125,1,1
4291,157,149,8,8
4292,147,189,-42,42
4293,27,41,-14,14
4294,79,77,2,2
4295,75,84,-9,9
4296,65,59,6,6
4297,68,73,-5,5
4298,126,120,6,6
4299,133,125,8,8
4300,101,85,16,16
4301,80,82,-2,2
4302,103,98,5,5
4303,95,94,1,1
4304,103,96,7,7
4305,113,117,-4,4
4306,42,42,0,0
4307,85,88,-3,3
4308,82,91,-9,9
4309,104,109,-5,5
4310,85,78,7,7
4311,107,93,14,14
4312,78,77,1,1
4313,66,66,0,0
4314,108,108,0,0
4315,90,96,-6,6
4316,88,89,-1,1
4317,59,60,-1,1
4318,79,80,-1,1
4319,69,63,6,6
4320,135,139,-4,4
4321,96,114,-18,18
4322,148,150,-2,2
4323,31,48,-17,17
4324,65,88,-23,23
4325,86,84,2,2
4326,47,44,3,3
4327,83,90,-7,7
4328,170,193,-23,23
4329,63,68,-5,5
4330,110,112,-2,2
4331,182,169,13,13
4332,141,150,-9,9
4333,94,100,-6,6
4334,81,86,-5,5
4335,87,91,-4,4
4336,131,135,-4,4
4337,117,99,18,18
4338,64,59,5,5
4339,150,166,-16,16
4340,93,103,-10,10
4341,88,91,-3,3
4342,90,94,-4,4
4343,86,95,-9,9
4344,96,115,-19,19
4345,173,168,5,5
4346,104,103,1,1
4347,44,48,-4,4
4348,81,74,7,7
4349,71,66,5,5
4350,77,75,2,2
4351,82,74,8,8
4352,196,189,7,7
4353,126,126,0,0
4354,100,101,-1,1
4355,159,162,-3,3
4356,61,70,-9,9
4357,54,52,2,2
4358,73,70,3,3
4359,73,80,-7,7
4360,88,80,8,8
4361,136,132,4,4
4362,94,93,1,1
4363,164,184,-20,20
4364,100,107,-7,7
4365,126,128,-2,2
4366,50,54,-4,4
4367,79,82,-3,3
4368,94,116,-22,22
4369,110,125,-15,15
4370,144,145,-1,1
4371,62,64,-2,2
4372,92,98,-6,6
4373,59,67,-8,8
4374,279,251,28,28
4375,149,149,0,0
4376,61,74,-13,13
4377,72,87,-15,15
4378,64,64,0,0
4379,142,149,-7,7
4380,56,60,-4,4
4381,140,151,-11,11
4382,221,206,15,15
4383,111,103,8,8
4384,93,90,3,3
4385,110,115,-5,5
4386,83,72,11,11
4387,65,77,-12,12
4388,154,158,-4,4
4389,92,87,5,5
4390,144,139,5,5
4391,102,106,-4,4
4392,131,129,2,2
4393,98,94,4,4
4394,104,101,3,3
4395,95,99,-4,4
4396,108,106,2,2
4397,89,85,4,4
4398,139,148,-9,9
4399,116,111,5,5
4400,58,65,-7,7
4401,140,151,-11,11
4402,89,93,-4,4
4403,103,106,-3,3
4404,67,91,-24,24
4405,62,59,3,3
4406,162,170,-8,8
4407,77,81,-4,4
4408,99,100,-1,1
4409,92,80,12,12
4410,105,112,-7,7
4411,99,99,0,0
4412,82,103,-21,21
4413,139,132,7,7
4414,99,103,-4,4
4415,82,92,-10,10
4416,95,96,-1,1
4417,101,100,1,1
4418,85,99,-14,14
4419,102,94,8,8
4420,133,141,-8,8
4421,76,80,-4,4
4422,126,125,1,1
4423,101,103,-2,2
4424,119,109,10,10
4425,152,167,-15,15
4426,136,129,7,7
4427,87,84,3,3
4428,116,97,19,19
4429,60,66,-6,6
4430,96,94,2,2
4431,76,80,-4,4
4432,128,126,2,2
4433,85,91,-6,6
4434,84,88,-4,4
4435,153,144,9,9
4436,72,65,7,7
4437,73,72,1,1
4438,108,105,3,3
4439,73,76,-3,3
4440,94,93,1,1
4441,86,83,3,3
4442,89,90,-1,1
4443,56,61,-5,5
4444,195,188,7,7
4445,70,66,4,4
4446,64,63,1,1
4447,96,91,5,5
4448,103,113,-10,10
4449,131,133,-2,2
4450,93,90,3,3
4451,122,129,-7,7
4452,54,60,-6,6
4453,67,78,-11,11
4454,66,69,-3,3
4455,110,118,-8,8
4456,108,104,4,4
4457,119,123,-4,4
4458,80,70,10,10
4459,60,68,-8,8
4460,88,91,-3,3
4461,123,106,17,17
4462,59,60,-1,1
4463,103,93,10,10
4464,93,94,-1,1
4465,90,92,-2,2
4466,157,154,3,3
4467,94,100,-6,6
4468,79,89,-10,10
4469,131,135,-4,4
4470,50,73,-23,23
4471,111,112,-1,1
4472,106,116,-10,10
4473,104,102,2,2
4474,94,99,-5,5
4475,71,69,2,2
4476,168,155,13,13
4477,102,120,-18,18
4478,58,68,-10,10
4479,49,52,-3,3
4480,96,89,7,7
4481,74,74,0,0
4482,135,135,0,0
4483,171,171,0,0
4484,70,72,-2,2
4485,118,124,-6,6
4486,90,82,8,8
4487,101,123,-22,22
4488,97,97,0,0
4489,107,106,1,1
4490,87,91,-4,4
4491,43,56,-13,13
4492,79,79,0,0
4493,106,101,5,5
4494,39,36,3,3
4495,178,179,-1,1
4496,74,78,-4,4
4497,36,40,-4,4
4498,68,69,-1,1
4499,114,88,26,26
4500,80,84,-4,4
4501,109,122,-13,13
4502,128,129,-1,1
4503,87,89,-2,2
4504,110,107,3,3
4505,100,97,3,3
4506,128,129,-1,1
4507,136,139,-3,3
4508,129,130,-1,1
4509,122,125,-3,3
4510,102,100,2,2
4511,109,110,-1,1
4512,58,61,-3,3
4513,122,115,7,7
4514,90,87,3,3
4515,57,52,5,5
4516,107,103,4,4
4517,168,175,-7,7
4518,98,103,-5,5
4519,120,115,5,5
4520,74,79,-5,5
4521,88,84,4,4
4522,96,84,12,12
4523,64,81,-17,17
4524,55,58,-3,3
4525,94,92,2,2
4526,148,140,8,8
4527,92,106,-14,14
4528,95,108,-13,13
4529,110,110,0,0
4530,83,75,8,8
4531,139,132,7,7
4532,108,101,7,7
4533,78,81,-3,3
4534,78,82,-4,4
4535,98,100,-2,2
4536,104,105,-1,1
4537,68,63,5,5
4538,103,114,-11,11
4539,66,65,1,1
4540,100,101,-1,1
4541,123,128,-5,5
4542,74,68,6,6
4543,136,128,8,8
4544,47,53,-6,6
4545,92,89,3,3
4546,122,118,4,4
4547,125,140,-15,15
4548,122,103,19,19
4549,61,71,-10,10
4550,82,102,-20,20
4551,112,114,-2,2
4552,48,65,-17,17
4553,146,154,-8,8
4554,67,55,12,12
4555,115,111,4,4
4556,165,182,-17,17
4557,87,102,-15,15
4558,40,58,-18,18
4559,55,46,9,9
4560,127,124,3,3
4561,70,74,-4,4
4562,99,110,-11,11
4563,45,50,-5,5
4564,95,96,-1,1
4565,80,88,-8,8
4566,47,57,-10,10
4567,99,110,-11,11
4568,118,124,-6,6
4569,104,107,-3,3
4570,75,80,-5,5
4571,90,87,3,3
4572,82,76,6,6
4573,163,152,11,11
4574,93,93,0,0
4575,166,186,-20,20
4576,69,75,-6,6
4577,122,133,-11,11
4578,148,156,-8,8
4579,56,59,-3,3
4580,66,57,9,9
4581,83,94,-11,11
4582,63,61,2,2
4583,108,96,12,12
4584,123,113,10,10
4585,161,164,-3,3
4586,83,110,-27,27
4587,49,49,0,0
4588,78,81,-3,3
4589,101,107,-6,6
4590,38,50,-12,12
4591,98,99,-1,1
4592,174,155,19,19
4593,75,75,0,0
4594,56,62,-6,6
4595,138,122,16,16
4596,38,46,-8,8
4597,51,47,4,4
4598,69,66,3,3
4599,98,107,-9,9
4600,87,89,-2,2
4601,88,85,3,3
4602,156,166,-10,10
4603,140,138,2,2
4604,92,88,4,4
4605,49,54,-5,5
4606,82,93,-11,11
4607,217,262,-45,45
4608,99,105,-6,6
4609,110,103,7,7
4610,79,83,-4,4
4611,69,67,2,2
4612,87,79,8,8
4613,84,78,6,6
4614,77,80,-3,3
4615,78,73,5,5
4616,100,112,-12,12
4617,112,107,5,5
4618,130,126,4,4
4619,137,91,46,46
4620,125,117,8,8
4621,86,88,-2,2
4622,152,143,9,9
4623,96,82,14,14
4624,111,123,-12,12
4625,99,105,-6,6
4626,56,60,-4,4
4627,211,224,-13,13
4628,109,125,-16,16
4629,137,135,2,2
4630,74,81,-7,7
4631,120,131,-11,11
4632,81,89,-8,8
4633,71,74,-3,3
4634,88,90,-2,2
4635,111,108,3,3
4636,197,202,-5,5
4637,85,87,-2,2
4638,112,117,-5,5
4639,44,76,-32,32
4640,86,87,-1,1
4641,72,87,-15,15
4642,59,64,-5,5
4643,82,102,-20,20
4644,69,66,3,3
4645,91,83,8,8
4646,142,143,-1,1
4647,84,70,14,14
4648,81,80,1,1
4649,101,98,3,3
4650,190,174,16,16
4651,107,94,13,13
4652,119,120,-1,1
4653,77,75,2,2
4654,152,149,3,3
4655,64,60,4,4
4656,77,79,-2,2
4657,51,55,-4,4
4658,77,81,-4,4
4659,84,87,-3,3
4660,60,65,-5,5
4661,107,108,-1,1
4662,87,105,-18,18
4663,116,135,-19,19
4664,160,141,19,19
4665,116,118,-2,2
4666,84,73,11,11
4667,113,113,0,0
4668,105,116,-11,11
4669,55,57,-2,2
4670,91,96,-5,5
4671,113,102,11,11
4672,62,53,9,9
4673,75,74,1,1
4674,45,48,-3,3
4675,177,165,12,12
4676,131,141,-10,10
4677,112,115,-3,3
4678,127,118,9,9
4679,146,136,10,10
4680,138,142,-4,4
4681,93,97,-4,4
4682,65,72,-7,7
4683,168,180,-12,12
4684,112,129,-17,17
4685,149,140,9,9
4686,140,153,-13,13
4687,94,96,-2,2
4688,141,144,-3,3
4689,75,76,-1,1
4690,134,130,4,4
4691,95,88,7,7
4692,119,104,15,15
4693,95,109,-14,14
4694,65,70,-5,5
4695,95,99,-4,4
4696,97,108,-11,11
4697,132,135,-3,3
4698,87,88,-1,1
4699,124,99,25,25
4700,115,120,-5,5
4701,45,46,-1,1
4702,110,102,8,8
4703,57,70,-13,13
4704,126,105,21,21
4705,50,54,-4,4
4706,132,142,-10,10
4707,71,68,3,3
4708,88,80,8,8
4709,91,101,-10,10
4710,79,79,0,0
4711,47,52,-5,5
4712,103,114,-11,11
4713,38,45,-7,7
4714,68,58,10,10
4715,130,124,6,6
4716,157,159,-2,2
4717,99,95,4,4
4718,62,57,5,5
4719,79,80,-1,1
4720,74,80,-6,6
4721,154,141,13,13
4722,36,68,-32,32
4723,81,83,-2,2
4724,69,76,-7,7
4725,39,38,1,1
4726,106,103,3,3
4727,141,116,25,25
4728,71,74,-3,3
4729,108,109,-1,1
4730,142,144,-2,2
4731,43,49,-6,6
4732,109,119,-10,10
4733,72,73,-1,1
4734,110,116,-6,6
4735,84,95,-11,11
4736,88,86,2,2
4737,156,149,7,7
4738,106,115,-9,9
4739,160,152,8,8
4740,105,104,1,1
4741,231,222,9,9
4742,111,109,2,2
4743,53,56,-3,3
4744,124,137,-13,13
4745,105,104,1,1
4746,144,149,-5,5
4747,83,94,-11,11
4748,81,83,-2,2
4749,96,100,-4,4
4750,143,142,1,1
4751,118,108,10,10
4752,77,79,-2,2
4753,116,119,-3,3
4754,116,97,19,19
4755,76,77,-1,1
4756,73,75,-2,2
4757,92,90,2,2
4758,89,84,5,5
4759,58,58,0,0
4760,70,67,3,3
4761,134,138,-4,4
4762,73,81,-8,8
4763,139,140,-1,1
4764,59,61,-2,2
4765,59,63,-4,4
4766,72,72,0,0
4767,81,83,-2,2
4768,96,102,-6,6
4769,190,167,23,23
4770,131,129,2,2
4771,188,201,-13,13
4772,141,157,-16,16
4773,103,100,3,3
4774,65,78,-13,13
4775,86,87,-1,1
4776,64,80,-16,16
4777,115,123,-8,8
4778,58,72,-14,14
4779,150,149,1,1
4780,70,74,-4,4
4781,91,88,3,3
4782,104,103,1,1
4783,78,79,-1,1
4784,57,66,-9,9
4785,117,109,8,8
4786,82,85,-3,3
4787,50,58,-8,8
4788,76,79,-3,3
4789,64,61,3,3
4790,140,140,0,0
4791,88,93,-5,5
4792,41,48,-7,7
4793,56,75,-19,19
4794,161,172,-11,11
4795,107,74,33,33
4796,94,98,-4,4
4797,71,62,9,9
4798,163,155,8,8
4799,99,90,9,9
4800,30,38,-8,8
4801,99,88,11,11
4802,161,138,23,23
4803,82,78,4,4
4804,92,91,1,1
4805,152,138,14,14
4806,131,119,12,12
4807,99,94,5,5
4808,50,50,0,0
4809,80,87,-7,7
4810,99,97,2,2
4811,69,69,0,0
4812,67,76,-9,9
4813,143,116,27,27
4814,68,72,-4,4
4815,65,80,-15,15
4816,94,96,-2,2
4817,55,57,-2,2
4818,94,99,-5,5
4819,45,59,-14,14
4820,140,143,-3,3
4821,65,66,-1,1
4822,62,69,-7,7
4823,94,98,-4,4
4824,129,129,0,0
4825,123,129,-6,6
4826,80,96,-16,16
4827,86,82,4,4
4828,112,121,-9,9
4829,89,88,1,1
4830,72,73,-1,1
4831,65,57,8,8
4832,90,94,-4,4
4833,71,81,-10,10
4834,107,115,-8,8
4835,140,142,-2,2
4836,57,64,-7,7
4837,104,107,-3,3
4838,56,49,7,7
4839,103,91,12,12
4840,104,105,-1,1
4841,78,81,-3,3
4842,126,122,4,4
4843,101,96,5,5
4844,85,97,-12,12
4845,72,61,11,11
4846,57,65,-8,8
4847,51,63,-12,12
4848,102,107,-5,5
4849,85,88,-3,3
4850,71,65,6,6
4851,87,86,1,1
4852,74,79,-5,5
4853,104,102,2,2
4854,102,107,-5,5
4855,181,168,13,13
4856,130,129,1,1
4857,75,94,-19,19
4858,102,101,1,1
4859,56,75,-19,19
4860,72,77,-5,5
4861,90,100,-10,10
4862,66,72,-6,6
4863,82,86,-4,4
4864,139,161,-22,22
4865,97,80,17,17
4866,83,85,-2,2
4867,71,79,-8,8
4868,81,80,1,1
4869,80,76,4,4
4870,152,154,-2,2
4871,54,53,1,1
4872,51,48,3,3
4873,142,132,10,10
4874,134,146,-12,12
4875,253,294,-41,41
4876,85,110,-25,25
4877,274,247,27,27
4878,180,165,15,15
4879,85,98,-13,13
4880,68,82,-14,14
4881,126,123,3,3
4882,147,145,2,2
4883,67,69,-2,2
4884,58,62,-4,4
4885,146,155,-9,9
4886,170,178,-8,8
4887,80,87,-7,7
4888,117,122,-5,5
4889,72,76,-4,4
4890,52,54,-2,2
4891,92,94,-2,2
4892,88,84,4,4
4893,106,111,-5,5
4894,93,95,-2,2
4895,151,146,5,5
4896,90,86,4,4
4897,71,74,-3,3
4898,63,66,-3,3
4899,171,162,9,9
4900,83,73,10,10
4901,125,123,2,2
4902,123,116,7,7
4903,119,114,5,5
4904,100,101,-1,1
4905,97,119,-22,22
4906,82,75,7,7
4907,104,113,-9,9
4908,84,91,-7,7
4909,133,138,-5,5
4910,66,68,-2,2
4911,328,288,40,40
4912,66,74,-8,8
4913,129,122,7,7
4914,60,64,-4,4
4915,107,130,-23,23
4916,88,79,9,9
4917,92,109,-17,17
4918,97,82,15,15
4919,95,100,-5,5
4920,176,160,16,16
4921,93,91,2,2
4922,124,130,-6,6
4923,80,74,6,6
4924,117,119,-2,2
4925,92,89,3,3
4926,137,121,16,16
4927,160,167,-7,7
4928,114,117,-3,3
4929,78,77,1,1
4930,73,77,-4,4
4931,62,61,1,1
4932,85,89,-4,4
4933,52,58,-6,6
4934,53,43,10,10
4935,98,68,30,30
4936,92,94,-2,2
4937,100,104,-4,4
4938,114,110,4,4
4939,139,139,0,0
4940,76,77,-1,1
4941,119,112,7,7
4942,41,61,-20,20
4943,53,41,12,12
4944,268,280,-12,12
4945,66,65,1,1
4946,130,122,8,8
4947,115,107,8,8
4948,157,166,-9,9
4949,50,57,-7,7
4950,75,68,7,7
4951,79,73,6,6
4952,85,84,1,1
4953,42,69,-27,27
4954,85,80,5,5
4955,95,97,-2,2
4956,72,76,-4,4
4957,90,108,-18,18
4958,81,81,0,0
4959,109,114,-5,5
4960,146,168,-22,22
4961,131,126,5,5
4962,138,133,5,5
4963,32,42,-10,10
4964,86,85,1,1
4965,76,82,-6,6
4966,73,81,-8,8
4967,132,137,-5,5
4968,136,136,0,0
4969,36,40,-4,4
4970,40,58,-18,18
4971,62,62,0,0
4972,99,111,-12,12
4973,63,76,-13,13
4974,90,81,9,9
4975,63,79,-16,16
4976,63,70,-7,7
4977,73,89,-16,16
4978,73,78,-5,5
4979,120,93,27,27
4980,161,150,11,11
4981,74,73,1,1
4982,74,69,5,5
4983,49,57,-8,8
4984,157,148,9,9
4985,123,125,-2,2
4986,91,86,5,5
4987,115,104,11,11
4988,85,84,1,1
4989,66,68,-2,2
4990,102,93,9,9
4991,98,98,0,0
4992,100,99,1,1
4993,105,126,-21,21
4994,84,86,-2,2
4995,95,97,-2,2
4996,108,107,1,1
4997,62,70,-8,8
4998,116,121,-5,5
4999,79,76,3,3
5000,73,71,2,2
5001,50,65,-15,15
5002,97,92,5,5
5003,145,134,11,11
5004,152,146,6,6
5005,134,127,7,7
5006,110,104,6,6
5007,114,114,0,0
5008,72,64,8,8
5009,113,108,5,5
5010,58,70,-12,12
5011,50,62,-12,12
5012,29,36,-7,7
5013,71,73,-2,2
5014,90,94,-4,4
5015,140,139,1,1
5016,123,120,3,3
5017,131,122,9,9
5018,50,53,-3,3
5019,82,81,1,1
5020,77,85,-8,8
5021,98,95,3,3
5022,83,74,9,9
5023,88,80,8,8
5024,122,118,4,4
5025,87,88,-1,1
5026,107,109,-2,2
5027,75,81,-6,6
5028,89,98,-9,9
5029,124,105,19,19
5030,105,103,2,2
5031,62,65,-3,3
5032,125,117,8,8
5033,94,99,-5,5
5034,91,95,-4,4
5035,74,86,-12,12
5036,82,95,-13,13
5037,60,61,-1,1
5038,69,72,-3,3
5039,132,127,5,5
5040,76,73,3,3
5041,169,169,0,0
5042,101,102,-1,1
5043,167,167,0,0
5044,79,83,-4,4
5045,78,93,-15,15
5046,61,66,-5,5
5047,137,132,5,5
5048,116,108,8,8
5049,77,84,-7,7
5050,76,69,7,7
5051,157,172,-15,15
5052,90,104,-14,14
5053,79,75,4,4
5054,131,121,10,10
5055,118,136,-18,18
5056,110,104,6,6
5057,151,143,8,8
5058,159,169,-10,10
5059,95,102,-7,7
5060,78,76,2,2
5061,107,120,-13,13
5062,131,131,0,0
5063,87,90,-3,3
5064,42,52,-10,10
5065,66,72,-6,6
5066,101,109,-8,8
5067,140,139,1,1
5068,66,61,5,5
5069,43,51,-8,8
5070,100,104,-4,4
5071,120,116,4,4
5072,76,65,11,11
5073,121,148,-27,27
5074,78,77,1,1
5075,121,124,-3,3
5076,51,56,-5,5
5077,101,108,-7,7
5078,136,139,-3,3
5079,107,123,-16,16
5080,106,113,-7,7
5081,116,123,-7,7
5082,89,86,3,3
5083,65,70,-5,5
5084,154,147,7,7
5085,130,136,-6,6
5086,98,82,16,16
5087,75,90,-15,15
5088,81,80,1,1
5089,82,91,-9,9
5090,86,100,-14,14
5091,93,98,-5,5
5092,73,79,-6,6
5093,76,82,-6,6
5094,166,171,-5,5
5095,98,104,-6,6
5096,120,110,10,10
5097,67,73,-6,6
5098,81,82,-1,1
5099,170,171,-1,1
5100,40,52,-12,12
5101,101,103,-2,2
5102,80,78,2,2
5103,121,109,12,12
5104,58,59,-1,1
5105,115,111,4,4
5106,63,68,-5,5
5107,87,98,-11,11
5108,148,159,-11,11
5109,102,102,0,0
5110,79,81,-2,2
5111,118,109,9,9
5112,92,98,-6,6
5113,110,115,-5,5
5114,131,138,-7,7
5115,139,152,-13,13
5116,68,72,-4,4
5117,122,129,-7,7
5118,140,137,3,3
5119,124,114,10,10
5120,103,96,7,7
5121,59,71,-12,12
5122,80,86,-6,6
5123,131,127,4,4
5124,104,104,0,0
5125,155,149,6,6
5126,89,91,-2,2
5127,68,77,-9,9
5128,79,86,-7,7
5129,110,113,-3,3
5130,54,55,-1,1
5131,121,141,-20,20
5132,101,103,-2,2
5133,109,120,-11,11
5134,100,99,1,1
5135,132,135,-3,3
5136,71,74,-3,3
5137,89,93,-4,4
5138,92,94,-2,2
5139,91,96,-5,5
5140,117,110,7,7
5141,100,96,4,4
5142,118,112,6,6
5143,160,135,25,25
5144,121,117,4,4
5145,88,97,-9,9
5146,152,161,-9,9
5147,56,56,0,0
5148,51,71,-20,20
5149,110,95,15,15
5150,79,84,-5,5
5151,68,76,-8,8
5152,52,55,-3,3
5153,129,139,-10,10
5154,81,74,7,7
5155,39,44,-5,5
5156,55,114,-59,59
5157,53,53,0,0
5158,92,96,-4,4
5159,72,75,-3,3
5160,103,105,-2,2
5161,141,133,8,8
5162,82,89,-7,7
5163,69,79,-10,10
5164,168,164,4,4
5165,65,70,-5,5
5166,76,79,-3,3
5167,104,113,-9,9
5168,89,89,0,0
5169,101,104,-3,3
5170,53,58,-5,5
5171,105,102,3,3
5172,90,92,-2,2
5173,116,111,5,5
5174,137,137,0,0
5175,126,112,14,14
5176,43,46,-3,3
5177,65,73,-8,8
5178,76,91,-15,15
5179,104,101,3,3
5180,88,82,6,6
5181,75,73,2,2
5182,82,87,-5,5
5183,40,58,-18,18
5184,77,78,-1,1
5185,66,67,-1,1
5186,154,133,21,21
5187,86,77,9,9
5188,112,130,-18,18
5189,93,96,-3,3
5190,130,156,-26,26
5191,177,171,6,6
5192,148,146,2,2
5193,80,86,-6,6
5194,58,62,-4,4
5195,115,108,7,7
5196,118,120,-2,2
5197,66,63,3,3
5198,161,162,-1,1
5199,80,86,-6,6
5200,105,105,0,0
5201,56,49,7,7
5202,66,70,-4,4
5203,93,93,0,0
5204,105,91,14,14
5205,96,98,-2,2
5206,62,64,-2,2
5207,68,67,1,1
5208,83,87,-4,4
5209,110,106,4,4
5210,109,116,-7,7
5211,147,138,9,9
5212,68,66,2,2
5213,121,113,8,8
5214,128,141,-13,13
5215,136,151,-15,15
5216,110,100,10,10
5217,84,76,8,8
5218,93,100,-7,7
5219,68,71,-3,3
5220,88,89,-1,1
5221,89,85,4,4
5222,134,142,-8,8
5223,128,132,-4,4
5224,79,77,2,2
5225,66,67,-1,1
5226,58,54,4,4
5227,58,73,-15,15
5228,69,71,-2,2
5229,56,67,-11,11
5230,85,91,-6,6
5231,73,74,-1,1
5232,97,96,1,1
5233,100,81,19,19
5234,82,70,12,12
5235,65,67,-2,2
5236,90,94,-4,4
5237,66,78,-12,12
5238,58,62,-4,4
5239,62,105,-43,43
5240,50,49,1,1
5241,84,91,-7,7
5242,82,85,-3,3
5243,147,161,-14,14
5244,91,87,4,4
5245,95,97,-2,2
5246,121,119,2,2
5247,56,63,-7,7
5248,54,39,15,15
5249,103,110,-7,7
5250,86,82,4,4
5251,85,84,1,1
5252,97,84,13,13
5253,92,79,13,13
5254,59,64,-5,5
5255,115,119,-4,4
5256,116,117,-1,1
5257,101,101,0,0
5258,120,88,32,32
5259,164,152,12,12
5260,55,53,2,2
5261,91,96,-5,5
5262,75,78,-3,3
5263,121,130,-9,9
5264,57,65,-8,8
5265,38,52,-14,14
5266,92,83,9,9
5267,67,71,-4,4
5268,120,120,0,0
5269,83,80,3,3
5270,138,142,-4,4
5271,169,157,12,12
5272,59,71,-12,12
5273,47,56,-9,9
5274,46,56,-10,10
5275,123,137,-14,14
5276,142,137,5,5
5277,80,93,-13,13
5278,31,45,-14,14
5279,128,127,1,1
5280,112,103,9,9
5281,98,104,-6,6
5282,55,66,-11,11
5283,110,100,10,10
5284,91,97,-6,6
5285,112,94,18,18
5286,115,117,-2,2
5287,73,74,-1,1
5288,106,113,-7,7
5289,93,94,-1,1
5290,166,175,-9,9
5291,128,139,-11,11
5292,112,108,4,4
5293,89,86,3,3
5294,74,80,-6,6
5295,106,125,-19,19
5296,72,73,-1,1
5297,78,76,2,2
5298,92,97,-5,5
5299,140,133,7,7
5300,103,108,-5,5
5301,102,120,-18,18
5302,63,73,-10,10
5303,169,158,11,11
5304,78,78,0,0
5305,132,131,1,1
5306,50,78,-28,28
5307,127,113,14,14
5308,138,120,18,18
5309,61,56,5,5
5310,87,88,-1,1
5311,109,116,-7,7
5312,77,80,-3,3
5313,92,108,-16,16
5314,84,87,-3,3
5315,140,127,13,13
5316,79,86,-7,7
5317,87,81,6,6
5318,76,81,-5,5
5319,54,63,-9,9
5320,77,93,-16,16
5321,28,56,-28,28
5322,85,63,22,22
5323,41,41,0,0
5324,78,84,-6,6
5325,117,113,4,4
5326,99,106,-7,7
5327,130,129,1,1
5328,58,61,-3,3
5329,76,74,2,2
5330,72,78,-6,6
5331,72,81,-9,9
5332,130,124,6,6
5333,85,90,-5,5
5334,74,83,-9,9
5335,117,71,46,46
5336,105,111,-6,6
5337,114,114,0,0
5338,94,69,25,25
5339,127,123,4,4
5340,100,96,4,4
5341,100,106,-6,6
5342,114,116,-2,2
5343,137,153,-16,16
5344,141,136,5,5
5345,186,184,2,2
5346,49,63,-14,14
5347,71,68,3,3
5348,144,148,-4,4
5349,108,89,19,19
5350,102,90,12,12
5351,129,128,1,1
5352,123,125,-2,2
5353,48,60,-12,12
5354,70,66,4,4
5355,81,82,-1,1
5356,72,78,-6,6
5357,76,80,-4,4
5358,114,128,-14,14
5359,130,132,-2,2
5360,113,126,-13,13
5361,57,62,-5,5
5362,77,82,-5,5
5363,117,117,0,0
5364,79,74,5,5
5365,87,93,-6,6
5366,99,99,0,0
5367,211,211,0,0
5368,92,80,12,12
5369,119,116,3,3
5370,54,66,-12,12
5371,111,119,-8,8
5372,67,69,-2,2
5373,185,194,-9,9
5374,68,75,-7,7
5375,190,172,18,18
5376,124,123,1,1
5377,80,82,-2,2
5378,78,85,-7,7
5379,92,104,-12,12
5380,70,71,-1,1
5381,51,67,-16,16
5382,89,99,-10,10
5383,82,90,-8,8
5384,83,82,1,1
5385,204,205,-1,1
5386,114,108,6,6
5387,62,58,4,4
5388,100,94,6,6
5389,143,162,-19,19
5390,89,90,-1,1
5391,123,135,-12,12
5392,150,153,-3,3
5393,135,97,38,38
5394,114,127,-13,13
5395,94,101,-7,7
5396,158,156,2,2
5397,58,69,-11,11
5398,94,83,11,11
5399,59,57,2,2
5400,81,111,-30,30
5401,70,73,-3,3
5402,79,82,-3,3
5403,49,52,-3,3
5404,85,83,2,2
5405,85,81,4,4
5406,55,57,-2,2
5407,97,99,-2,2
5408,95,95,0,0
5409,129,121,8,8
5410,53,59,-6,6
5411,109,115,-6,6
5412,92,90,2,2
5413,122,96,26,26
5414,102,102,0,0
5415,98,99,-1,1
5416,68,81,-13,13
5417,108,105,3,3
5418,92,91,1,1
5419,95,92,3,3
5420,65,60,5,5
5421,27,39,-12,12
5422,62,74,-12,12
5423,109,108,1,1
5424,72,78,-6,6
5425,58,57,1,1
5426,121,115,6,6
5427,101,98,3,3
5428,63,68,-5,5
5429,38,52,-14,14
5430,145,143,2,2
5431,103,111,-8,8
5432,215,223,-8,8
5433,122,117,5,5
5434,90,93,-3,3
5435,67,64,3,3
5436,98,102,-4,4
5437,106,121,-15,15
5438,119,125,-6,6
5439,93,97,-4,4
5440,48,58,-10,10
5441,87,90,-3,3
5442,108,113,-5,5
5443,72,69,3,3
5444,124,126,-2,2
5445,114,120,-6,6
5446,43,38,5,5
5447,109,108,1,1
5448,99,105,-6,6
5449,116,112,4,4
5450,72,101,-29,29
5451,122,138,-16,16
5452,98,105,-7,7
5453,144,146,-2,2
5454,78,75,3,3
5455,70,69,1,1
5456,114,107,7,7
5457,137,134,3,3
5458,113,106,7,7
5459,115,104,11,11
5460,85,88,-3,3
5461,63,60,3,3
5462,114,117,-3,3
5463,88,95,-7,7
5464,125,120,5,5
5465,116,119,-3,3
5466,150,127,23,23
5467,78,79,-1,1
5468,75,73,2,2
5469,81,87,-6,6
5470,116,133,-17,17
5471,64,57,7,7
5472,93,94,-1,1
5473,96,86,10,10
5474,147,162,-15,15
5475,77,76,1,1
5476,139,139,0,0
5477,64,58,6,6
5478,82,79,3,3
5479,70,72,-2,2
5480,142,143,-1,1
5481,99,97,2,2
5482,64,67,-3,3
5483,80,87,-7,7
5484,69,66,3,3
5485,64,65,-1,1
5486,99,103,-4,4
5487,120,108,12,12
5488,80,82,-2,2
5489,145,148,-3,3
5490,161,150,11,11
5491,86,98,-12,12
5492,123,126,-3,3
5493,91,87,4,4
5494,147,141,6,6
5495,92,87,5,5
5496,79,81,-2,2
5497,144,141,3,3
5498,72,71,1,1
5499,91,105,-14,14
5500,162,164,-2,2
5501,76,87,-11,11
5502,82,87,-5,5
5503,63,67,-4,4
5504,71,78,-7,7
5505,74,75,-1,1
5506,152,150,2,2
5507,102,109,-7,7
5508,70,68,2,2
5509,46,45,1,1
5510,85,95,-10,10
5511,81,84,-3,3
5512,85,83,2,2
5513,108,102,6,6
5514,124,124,0,0
5515,81,84,-3,3
5516,97,133,-36,36
5517,137,145,-8,8
5518,125,123,2,2
5519,90,98,-8,8
5520,83,77,6,6
5521,89,93,-4,4
5522,124,117,7,7
5523,101,91,10,10
5524,103,107,-4,4
5525,61,65,-4,4
5526,85,81,4,4
5527,102,102,0,0
5528,83,99,-16,16
5529,91,98,-7,7
5530,131,87,44,44
5531,150,137,13,13
5532,107,108,-1,1
5533,115,120,-5,5
5534,126,132,-6,6
5535,129,132,-3,3
5536,95,89,6,6
5537,143,132,11,11
5538,115,118,-3,3
5539,85,82,3,3
5540,164,167,-3,3
5541,95,94,1,1
5542,137,142,-5,5
5543,121,112,9,9
5544,83,82,1,1
5545,115,126,-11,11
5546,154,154,0,0
5547,115,116,-1,1
5548,88,83,5,5
5549,116,129,-13,13
5550,119,89,30,30
5551,30,38,-8,8
5552,100,102,-2,2
5553,132,139,-7,7
5554,186,179,7,7
5555,82,85,-3,3
5556,176,136,40,40
5557,107,101,6,6
5558,89,84,5,5
5559,94,98,-4,4
5560,51,51,0,0
5561,138,148,-10,10
5562,78,81,-3,3
5563,59,68,-9,9
5564,58,59,-1,1
5565,67,66,1,1
5566,79,78,1,1
5567,54,57,-3,3
5568,62,67,-5,5
5569,83,82,1,1
5570,75,84,-9,9
5571,115,114,1,1
5572,114,115,-1,1
5573,126,115,11,11
5574,88,104,-16,16
5575,69,61,8,8
5576,38,54,-16,16
5577,71,72,-1,1
5578,66,61,5,5
5579,62,64,-2,2
5580,75,63,12,12
5581,59,58,1,1
5582,97,110,-13,13
5583,81,89,-8,8
5584,69,92,-23,23
5585,81,79,2,2
5586,101,107,-6,6
5587,97,92,5,5
5588,60,70,-10,10
5589,119,120,-1,1
5590,113,125,-12,12
5591,130,120,10,10
5592,61,66,-5,5
5593,166,163,3,3
5594,51,55,-4,4
5595,140,138,2,2
5596,109,113,-4,4
5597,115,121,-6,6
5598,112,109,3,3
5599,89,93,-4,4
5600,65,74,-9,9
5601,97,102,-5,5
5602,81,86,-5,5
5603,59,63,-4,4
5604,52,58,-6,6
5605,74,86,-12,12
5606,76,80,-4,4
5607,111,79,32,32
5608,112,120,-8,8
5609,66,68,-2,2
5610,96,82,14,14
5611,61,64,-3,3
5612,162,159,3,3
5613,120,114,6,6
5614,68,80,-12,12
5615,61,77,-16,16
5616,110,112,-2,2
5617,114,125,-11,11
5618,41,44,-3,3
5619,63,58,5,5
5620,77,76,1,1
5621,92,83,9,9
5622,80,78,2,2
5623,40,46,-6,6
5624,56,61,-5,5
5625,72,71,1,1
5626,123,115,8,8
5627,77,79,-2,2
5628,107,107,0,0
5629,112,111,1,1
5630,72,82,-10,10
5631,99,110,-11,11
5632,118,112,6,6
5633,77,74,3,3
5634,139,136,3,3
5635,84,81,3,3
5636,62,67,-5,5
5637,100,105,-5,5
5638,80,79,1,1
5639,91,97,-6,6
5640,113,110,3,3
5641,45,42,3,3
5642,71,64,7,7
5643,122,110,12,12
5644,53,52,1,1
5645,78,94,-16,16
5646,65,59,6,6
5647,40,50,-10,10
5648,136,136,0,0
5649,120,115,5,5
5650,104,119,-15,15
5651,85,82,3,3
5652,89,88,1,1
5653,84,86,-2,2
5654,80,91,-11,11
5655,119,130,-11,11
5656,105,103,2,2
5657,61,90,-29,29
5658,53,59,-6,6
5659,69,73,-4,4
5660,83,83,0,0
5661,122,110,12,12
5662,88,87,1,1
5663,88,81,7,7
5664,104,111,-7,7
5665,94,89,5,5
5666,133,134,-1,1
5667,53,70,-17,17
5668,73,78,-5,5
5669,92,105,-13,13
5670,92,92,0,0
5671,91,94,-3,3
5672,82,86,-4,4
5673,87,91,-4,4
5674,135,137,-2,2
5675,126,132,-6,6
5676,94,91,3,3
5677,55,57,-2,2
5678,104,96,8,8
5679,127,134,-7,7
5680,135,143,-8,8
5681,145,134,11,11
5682,99,100,-1,1
5683,96,102,-6,6
5684,103,91,12,12
5685,32,43,-11,11
5686,74,77,-3,3
5687,109,97,12,12
5688,59,64,-5,5
5689,101,99,2,2
5690,69,73,-4,4
5691,71,83,-12,12
5692,101,94,7,7
5693,129,136,-7,7
5694,114,118,-4,4
5695,73,62,11,11
5696,179,159,20,20
5697,81,82,-1,1
5698,127,124,3,3
5699,129,133,-4,4
5700,57,51,6,6
5701,50,65,-15,15
5702,80,66,14,14
5703,116,115,1,1
5704,93,88,5,5
5705,164,120,44,44
5706,43,38,5,5
5707,96,97,-1,1
5708,88,81,7,7
5709,66,75,-9,9
5710,97,101,-4,4
5711,86,88,-2,2
5712,83,97,-14,14
5713,87,87,0,0
5714,61,64,-3,3
5715,81,81,0,0
5716,164,162,2,2
5717,138,131,7,7
5718,115,125,-10,10
5719,86,89,-3,3
5720,118,150,-32,32
5721,67,68,-1,1
5722,87,96,-9,9
5723,74,70,4,4
5724,51,72,-21,21
5725,67,66,1,1
5726,84,85,-1,1
5727,94,97,-3,3
5728,69,69,0,0
5729,115,123,-8,8
5730,48,46,2,2
5731,77,77,0,0
5732,81,83,-2,2
5733,110,119,-9,9
5734,74,95,-21,21
5735,54,61,-7,7
5736,84,88,-4,4
5737,70,74,-4,4
5738,64,64,0,0
5739,80,83,-3,3
5740,78,79,-1,1
5741,83,97,-14,14
5742,81,82,-1,1
5743,34,41,-7,7
5744,149,164,-15,15
5745,50,55,-5,5
5746,57,55,2,2
5747,75,72,3,3
5748,139,138,1,1
5749,48,47,1,1
5750,61,62,-1,1
5751,96,89,7,7
5752,64,60,4,4
5753,90,84,6,6
5754,81,87,-6,6
5755,119,132,-13,13
5756,129,119,10,10
5757,111,116,-5,5
5758,79,80,-1,1
5759,107,99,8,8
5760,77,88,-11,11
5761,67,67,0,0
5762,103,103,0,0
5763,60,60,0,0
5764,115,119,-4,4
5765,62,62,0,0
5766,71,75,-4,4
5767,67,75,-8,8
5768,46,49,-3,3
5769,52,54,-2,2
5770,55,57,-2,2
5771,95,93,2,2
5772,119,107,12,12
5773,156,170,-14,14
5774,89,86,3,3
5775,130,120,10,10
5776,149,150,-1,1
5777,53,66,-13,13
5778,103,102,1,1
5779,181,163,18,18
5780,88,90,-2,2
5781,91,91,0,0
5782,79,76,3,3
5783,64,78,-14,14
5784,85,94,-9,9
5785,45,49,-4,4
5786,72,73,-1,1
5787,118,116,2,2
5788,54,52,2,2
5789,98,105,-7,7
5790,79,86,-7,7
5791,63,65,-2,2
5792,27,53,-26,26
5793,142,137,5,5
5794,67,70,-3,3
5795,146,146,0,0
5796,80,90,-10,10
5797,68,81,-13,13
5798,92,100,-8,8
5799,48,46,2,2
5800,117,101,16,16
5801,98,95,3,3
5802,73,79,-6,6
5803,84,98,-14,14
5804,95,94,1,1
5805,120,116,4,4
5806,151,159,-8,8
5807,50,46,4,4
5808,93,96,-3,3
5809,150,144,6,6
5810,65,84,-19,19
5811,76,85,-9,9
5812,69,72,-3,3
5813,91,88,3,3
5814,81,88,-7,7
5815,92,86,6,6
5816,127,142,-15,15
5817,100,105,-5,5
5818,98,101,-3,3
5819,109,105,4,4
5820,69,73,-4,4
5821,94,101,-7,7
5822,156,146,10,10
5823,82,93,-11,11
5824,62,85,-23,23
5825,56,59,-3,3
5826,44,46,-2,2
5827,134,101,33,33
5828,75,79,-4,4
5829,88,90,-2,2
5830,63,70,-7,7
5831,106,115,-9,9
5832,121,117,4,4
5833,94,101,-7,7
5834,89,99,-10,10
5835,45,47,-2,2
5836,76,82,-6,6
5837,85,88,-3,3
5838,129,136,-7,7
5839,113,114,-1,1
5840,127,128,-1,1
5841,129,155,-26,26
5842,92,98,-6,6
5843,60,58,2,2
5844,91,78,13,13
5845,90,87,3,3
5846,143,149,-6,6
5847,79,80,-1,1
5848,118,167,-49,49
5849,65,64,1,1
5850,88,79,9,9
5851,102,106,-4,4
5852,67,63,4,4
5853,104,104,0,0
5854,164,161,3,3
5855,145,136,9,9
5856,51,55,-4,4
5857,35,42,-7,7
5858,125,125,0,0
5859,78,82,-4,4
5860,110,111,-1,1
5861,133,133,0,0
5862,92,95,-3,3
5863,89,93,-4,4
5864,66,67,-1,1
5865,96,104,-8,8
5866,74,73,1,1
5867,21,35,-14,14
5868,52,56,-4,4
5869,49,45,4,4
5870,133,151,-18,18
5871,56,58,-2,2
5872,48,54,-6,6
5873,53,53,0,0
5874,86,96,-10,10
5875,81,98,-17,17
5876,139,146,-7,7
5877,111,136,-25,25
5878,118,123,-5,5
5879,61,68,-7,7
5880,88,97,-9,9
5881,58,60,-2,2
5882,91,92,-1,1
5883,110,112,-2,2
5884,118,107,11,11
5885,109,107,2,2
5886,52,57,-5,5
5887,69,69,0,0
5888,144,134,10,10
5889,87,94,-7,7
5890,153,130,23,23
5891,49,53,-4,4
5892,106,117,-11,11
5893,85,84,1,1
5894,95,97,-2,2
5895,99,101,-2,2
5896,154,149,5,5
5897,64,75,-11,11
5898,74,72,2,2
5899,94,87,7,7
5900,83,77,6,6
5901,66,75,-9,9
5902,48,54,-6,6
5903,87,100,-13,13
5904,28,56,-28,28
5905,63,62,1,1
5906,117,114,3,3
5907,169,169,0,0
5908,54,56,-2,2
5909,118,119,-1,1
5910,77,75,2,2
5911,87,91,-4,4
5912,259,252,7,7
5913,116,128,-12,12
5914,141,142,-1,1
5915,63,69,-6,6
5916,194,182,12,12
5917,58,74,-16,16
5918,117,110,7,7
5919,101,107,-6,6
5920,128,131,-3,3
5921,99,87,12,12
5922,122,116,6,6
5923,146,140,6,6
5924,117,108,9,9
5925,85,91,-6,6
5926,156,153,3,3
5927,85,92,-7,7
5928,149,152,-3,3
5929,62,67,-5,5
5930,133,138,-5,5
5931,76,78,-2,2
5932,67,69,-2,2
5933,125,144,-19,19
5934,73,78,-5,5
5935,106,102,4,4
5936,98,103,-5,5
5937,113,115,-2,2
5938,151,147,4,4
5939,91,90,1,1
5940,115,126,-11,11
5941,99,103,-4,4
5942,51,56,-5,5
5943,102,116,-14,14
5944,123,117,6,6
5945,71,63,8,8
5946,116,119,-3,3
5947,118,119,-1,1
5948,151,167,-16,16
5949,93,91,2,2
5950,77,89,-12,12
5951,52,49,3,3
5952,88,88,0,0
5953,56,67,-11,11
5954,152,170,-18,18
5955,129,138,-9,9
5956,75,84,-9,9
5957,98,93,5,5
5958,149,155,-6,6
5959,73,71,2,2
5960,96,115,-19,19
5961,145,153,-8,8
5962,88,89,-1,1
5963,159,150,9,9
5964,178,172,6,6
5965,81,92,-11,11
5966,142,137,5,5
5967,97,81,16,16
5968,145,144,1,1
5969,91,89,2,2
5970,85,67,18,18
5971,87,75,12,12
5972,90,80,10,10
5973,68,70,-2,2
5974,94,86,8,8
5975,101,98,3,3
5976,92,92,0,0
5977,71,76,-5,5
5978,113,112,1,1
5979,102,107,-5,5
5980,114,127,-13,13
5981,97,100,-3,3
5982,47,57,-10,10
5983,60,64,-4,4
5984,135,133,2,2
5985,58,60,-2,2
5986,206,184,22,22
5987,68,68,0,0
5988,42,51,-9,9
5989,73,60,13,13
5990,83,81,2,2
5991,72,67,5,5
5992,111,87,24,24
5993,58,56,2,2
5994,130,145,-15,15
5995,111,110,1,1
5996,140,150,-10,10
5997,95,100,-5,5
5998,96,83,13,13
5999,91,85,6,6
6000,79,81,-2,2
6001,74,73,1,1
6002,169,159,10,10
6003,117,120,-3,3
6004,78,63,15,15
6005,115,122,-7,7
6006,44,41,3,3
6007,103,117,-14,14
6008,78,84,-6,6
6009,49,48,1,1
6010,126,134,-8,8
6011,93,81,12,12
6012,140,143,-3,3
6013,85,75,10,10
6014,116,130,-14,14
6015,83,78,5,5
6016,96,109,-13,13
6017,143,136,7,7
6018,74,82,-8,8
6019,92,90,2,2
6020,63,62,1,1
6021,49,50,-1,1
6022,144,145,-1,1
6023,54,62,-8,8
6024,116,165,-49,49
6025,66,74,-8,8
6026,56,64,-8,8
6027,56,91,-35,35
6028,107,117,-10,10
6029,140,134,6,6
6030,92,101,-9,9
6031,76,73,3,3
6032,90,96,-6,6
6033,138,142,-4,4
6034,71,73,-2,2
6035,89,111,-22,22
6036,66,57,9,9
6037,60,63,-3,3
6038,116,126,-10,10
6039,179,184,-5,5
6040,90,87,3,3
6041,116,124,-8,8
6042,89,90,-1,1
6043,95,92,3,3
6044,85,80,5,5
6045,53,69,-16,16
6046,166,171,-5,5
6047,43,55,-12,12
6048,119,131,-12,12
6049,105,120,-15,15
6050,121,117,4,4
6051,73,75,-2,2
6052,67,69,-2,2
6053,119,123,-4,4
6054,106,106,0,0
6055,72,65,7,7
6056,75,75,0,0
6057,70,76,-6,6
6058,143,139,4,4
6059,83,85,-2,2
6060,83,102,-19,19
6061,46,67,-21,21
6062,47,50,-3,3
6063,119,101,18,18
6064,108,99,9,9
6065,43,76,-33,33
6066,64,60,4,4
6067,83,95,-12,12
6068,141,138,3,3
6069,107,112,-5,5
6070,35,51,-16,16
6071,119,125,-6,6
6072,88,84,4,4
6073,77,88,-11,11
6074,75,72,3,3
6075,140,143,-3,3
6076,66,64,2,2
6077,121,129,-8,8
6078,47,60,-13,13
6079,68,69,-1,1
6080,112,108,4,4
6081,178,157,21,21
6082,87,90,-3,3
6083,164,159,5,5
6084,79,79,0,0
6085,71,69,2,2
6086,111,137,-26,26
6087,78,83,-5,5
6088,160,176,-16,16
6089,98,102,-4,4
6090,115,165,-50,50
6091,95,98,-3,3
6092,65,69,-4,4
6093,159,167,-8,8
6094,85,88,-3,3
6095,69,70,-1,1
6096,116,126,-10,10
6097,55,63,-8,8
6098,96,104,-8,8
6099,94,92,2,2
6100,72,80,-8,8
6101,94,87,7,7
6102,124,142,-18,18
6103,62,61,1,1
6104,79,72,7,7
6105,146,141,5,5
6106,42,51,-9,9
6107,85,83,2,2
6108,100,94,6,6
6109,131,123,8,8
6110,72,79,-7,7
6111,49,48,1,1
6112,116,110,6,6
6113,102,103,-1,1
6114,135,130,5,5
6115,138,136,2,2
6116,40,55,-15,15
6117,104,101,3,3
6118,99,96,3,3
6119,50,49,1,1
6120,108,101,7,7
6121,106,107,-1,1
6122,93,89,4,4
6123,155,160,-5,5
6124,127,126,1,1
6125,78,83,-5,5
6126,87,90,-3,3
6127,73,77,-4,4
6128,92,103,-11,11
6129,86,84,2,2
6130,117,118,-1,1
6131,65,59,6,6
6132,44,54,-10,10
6133,142,145,-3,3
6134,83,92,-9,9
6135,104,102,2,2
6136,119,107,12,12
6137,112,109,3,3
6138,96,85,11,11
6139,58,65,-7,7
6140,44,36,8,8
6141,107,116,-9,9
6142,115,119,-4,4
6143,87,93,-6,6
6144,102,106,-4,4
6145,89,88,1,1
6146,119,120,-1,1
6147,101,99,2,2
6148,55,62,-7,7
6149,92,92,0,0
6150,108,99,9,9
6151,57,60,-3,3
6152,119,117,2,2
6153,133,132,1,1
6154,80,84,-4,4
6155,66,72,-6,6
6156,114,108,6,6
6157,111,120,-9,9
6158,140,139,1,1
6159,108,77,31,31
6160,89,99,-10,10
6161,88,74,14,14
6162,76,82,-6,6
6163,80,82,-2,2
6164,98,92,6,6
6165,73,69,4,4
6166,136,131,5,5
6167,50,57,-7,7
6168,88,101,-13,13
6169,69,71,-2,2
6170,151,144,7,7
6171,66,63,3,3
6172,73,78,-5,5
6173,65,58,7,7
6174,72,74,-2,2
6175,52,65,-13,13
6176,108,85,23,23
6177,86,86,0,0
6178,34,57,-23,23
6179,183,191,-8,8
6180,54,50,4,4
6181,122,131,-9,9
6182,64,71,-7,7
6183,75,89,-14,14
6184,105,94,11,11
6185,65,74,-9,9
6186,84,94,-10,10
6187,101,101,0,0
6188,117,115,2,2
6189,148,149,-1,1
6190,66,64,2,2
6191,106,112,-6,6
6192,147,135,12,12
6193,108,111,-3,3
6194,133,89,44,44
6195,42,44,-2,2
6196,67,62,5,5
6197,117,113,4,4
6198,127,139,-12,12
6199,84,83,1,1
6200,72,70,2,2
6201,77,82,-5,5
6202,83,85,-2,2
6203,77,96,-19,19
6204,133,137,-4,4
6205,61,73,-12,12
6206,75,81,-6,6
6207,81,81,0,0
6208,95,96,-1,1
6209,115,112,3,3
6210,106,101,5,5
6211,85,73,12,12
6212,89,96,-7,7
6213,103,96,7,7
6214,78,76,2,2
6215,83,80,3,3
6216,128,120,8,8
6217,64,72,-8,8
6218,87,84,3,3
6219,108,101,7,7
6220,108,111,-3,3
6221,77,78,-1,1
6222,65,76,-11,11
6223,56,59,-3,3
6224,69,68,1,1
6225,83,84,-1,1
6226,93,97,-4,4
6227,85,84,1,1
6228,177,183,-6,6
6229,52,58,-6,6
6230,35,44,-9,9
6231,128,124,4,4
6232,98,94,4,4
6233,83,77,6,6
6234,67,61,6,6
6235,102,106,-4,4
6236,115,116,-1,1
6237,103,102,1,1
6238,99,101,-2,2
6239,100,98,2,2
6240,148,132,16,16
6241,67,63,4,4
6242,131,138,-7,7
6243,76,79,-3,3
6244,91,93,-2,2
6245,110,87,23,23
6246,133,130,3,3
6247,77,80,-3,3
6248,151,157,-6,6
6249,130,144,-14,14
6250,80,92,-12,12
6251,86,87,-1,1
6252,117,128,-11,11
6253,72,73,-1,1
6254,104,97,7,7
6255,108,106,2,2
6256,103,103,0,0
6257,57,60,-3,3
6258,30,52,-22,22
6259,70,78,-8,8
6260,93,108,-15,15
6261,75,76,-1,1
6262,46,44,2,2
6263,169,119,50,50
6264,88,88,0,0
6265,71,78,-7,7
6266,97,111,-14,14
6267,133,130,3,3
6268,77,79,-2,2
6269,93,102,-9,9
6270,52,64,-12,12
6271,124,140,-16,16
6272,60,88,-28,28
6273,53,58,-5,5
6274,98,96,2,2
6275,105,97,8,8
6276,92,89,3,3
6277,106,106,0,0
6278,55,55,0,0
6279,94,105,-11,11
6280,94,87,7,7
6281,67,75,-8,8
6282,109,99,10,10
6283,61,72,-11,11
6284,49,53,-4,4
6285,99,98,1,1
6286,109,103,6,6
6287,73,69,4,4
6288,107,103,4,4
6289,82,82,0,0
6290,122,119,3,3
6291,50,61,-11,11
6292,102,100,2,2
6293,99,96,3,3
6294,40,59,-19,19
6295,61,63,-2,2
6296,94,97,-3,3
6297,55,54,1,1
6298,66,64,2,2
6299,58,65,-7,7
6300,139,153,-14,14
6301,104,91,13,13
6302,74,69,5,5
6303,77,66,11,11
6304,77,72,5,5
6305,91,96,-5,5
6306,74,80,-6,6
6307,63,67,-4,4
6308,56,61,-5,5
6309,103,117,-14,14
6310,83,84,-1,1
6311,69,76,-7,7
6312,165,148,17,17
6313,109,110,-1,1
6314,93,86,7,7
6315,123,123,0,0
6316,142,143,-1,1
6317,71,65,6,6
6318,102,101,1,1
6319,81,85,-4,4
6320,178,161,17,17
6321,75,66,9,9
6322,68,76,-8,8
6323,135,133,2,2
6324,103,106,-3,3
6325,108,112,-4,4
6326,62,88,-26,26
6327,95,103,-8,8
6328,114,116,-2,2
6329,120,122,-2,2
6330,124,129,-5,5
6331,90,97,-7,7
6332,29,61,-32,32
6333,69,73,-4,4
6334,61,69,-8,8
6335,85,79,6,6
6336,83,89,-6,6
6337,122,113,9,9
6338,148,149,-1,1
6339,108,101,7,7
6340,96,102,-6,6
6341,75,80,-5,5
6342,101,114,-13,13
6343,81,80,1,1
6344,98,102,-4,4
6345,95,92,3,3
6346,100,97,3,3
6347,96,99,-3,3
6348,161,180,-19,19
6349,84,89,-5,5
6350,55,49,6,6
6351,59,62,-3,3
6352,124,122,2,2
6353,137,146,-9,9
6354,118,118,0,0
6355,144,129,15,15
6356,182,172,10,10
6357,126,122,4,4
6358,127,106,21,21
6359,111,111,0,0
6360,92,93,-1,1
6361,106,109,-3,3
6362,74,81,-7,7
6363,68,86,-18,18
6364,108,123,-15,15
6365,95,95,0,0
6366,103,108,-5,5
6367,81,84,-3,3
6368,86,92,-6,6
6369,170,159,11,11
6370,50,53,-3,3
6371,51,53,-2,2
6372,94,95,-1,1
6373,146,160,-14,14
6374,74,75,-1,1
6375,100,92,8,8
6376,128,115,13,13
6377,74,70,4,4
6378,108,121,-13,13
6379,77,84,-7,7
6380,63,66,-3,3
6381,50,50,0,0
6382,109,102,7,7
6383,52,57,-5,5
6384,68,89,-21,21
6385,90,97,-7,7
6386,80,90,-10,10
6387,55,65,-10,10
6388,103,94,9,9
6389,84,93,-9,9
6390,90,82,8,8
6391,66,73,-7,7
6392,167,160,7,7
6393,82,89,-7,7
6394,73,69,4,4
6395,86,95,-9,9
6396,71,74,-3,3
6397,80,86,-6,6
6398,92,98,-6,6
6399,117,108,9,9
6400,51,75,-24,24
6401,94,87,7,7
6402,84,81,3,3
6403,135,143,-8,8
6404,66,73,-7,7
6405,151,151,0,0
6406,92,98,-6,6
6407,102,103,-1,1
6408,116,104,12,12
6409,50,60,-10,10
6410,88,96,-8,8
6411,119,119,0,0
6412,107,108,-1,1
6413,93,103,-10,10
6414,142,140,2,2
6415,52,61,-9,9
6416,115,123,-8,8
6417,52,55,-3,3
6418,56,59,-3,3
6419,152,136,16,16
6420,83,78,5,5
6421,62,70,-8,8
6422,64,75,-11,11
6423,119,110,9,9
6424,157,147,10,10
6425,51,55,-4,4
6426,118,115,3,3
6427,58,63,-5,5
6428,94,91,3,3
6429,45,44,1,1
6430,120,112,8,8
6431,88,91,-3,3
6432,84,95,-11,11
6433,131,131,0,0
6434,98,97,1,1
6435,50,54,-4,4
6436,88,93,-5,5
6437,101,119,-18,18
6438,78,77,1,1
6439,40,57,-17,17
6440,103,115,-12,12
6441,96,86,10,10
6442,83,85,-2,2
6443,93,98,-5,5
6444,82,71,11,11
6445,103,109,-6,6
6446,41,61,-20,20
6447,39,51,-12,12
6448,60,63,-3,3
6449,137,139,-2,2
6450,46,53,-7,7
6451,51,55,-4,4
6452,82,87,-5,5
6453,131,122,9,9
6454,66,79,-13,13
6455,76,77,-1,1
6456,204,202,2,2
6457,106,111,-5,5
6458,72,62,10,10
6459,145,151,-6,6
6460,80,83,-3,3
6461,89,94,-5,5
6462,148,144,4,4
6463,141,131,10,10
6464,59,63,-4,4
6465,51,51,0,0
6466,88,83,5,5
6467,77,58,19,19
6468,103,91,12,12
6469,94,86,8,8
6470,92,81,11,11
6471,82,79,3,3
6472,89,95,-6,6
6473,72,71,1,1
6474,135,135,0,0
6475,135,134,1,1
6476,85,83,2,2
6477,63,72,-9,9
6478,173,174,-1,1
6479,108,108,0,0
6480,141,129,12,12
6481,85,92,-7,7
6482,144,144,0,0
6483,66,68,-2,2
6484,86,91,-5,5
6485,84,72,12,12
6486,107,107,0,0
6487,60,64,-4,4
6488,62,73,-11,11
6489,174,183,-9,9
6490,68,69,-1,1
6491,74,81,-7,7
6492,67,67,0,0
6493,72,65,7,7
6494,117,121,-4,4
6495,93,120,-27,27
6496,69,79,-10,10
6497,75,74,1,1
6498,84,81,3,3
6499,101,114,-13,13
6500,78,80,-2,2
6501,202,211,-9,9
6502,97,114,-17,17
6503,79,78,1,1
6504,97,104,-7,7
6505,60,68,-8,8
6506,58,59,-1,1
6507,113,122,-9,9
6508,63,64,-1,1
6509,79,77,2,2
6510,94,95,-1,1
6511,129,132,-3,3
6512,142,140,2,2
6513,96,97,-1,1
6514,83,81,2,2
6515,137,132,5,5
6516,99,102,-3,3
6517,92,101,-9,9
6518,92,99,-7,7
6519,69,68,1,1
6520,126,141,-15,15
6521,148,172,-24,24
6522,90,89,1,1
6523,94,95,-1,1
6524,111,113,-2,2
6525,86,97,-11,11
6526,49,76,-27,27
6527,124,123,1,1
6528,107,116,-9,9
6529,129,121,8,8
6530,58,54,4,4
6531,70,70,0,0
6532,70,73,-3,3
6533,91,86,5,5
6534,86,83,3,3
6535,102,107,-5,5
6536,83,89,-6,6
6537,119,118,1,1
6538,76,71,5,5
6539,49,44,5,5
6540,94,85,9,9
6541,124,89,35,35
6542,65,63,2,2
6543,96,110,-14,14
6544,170,180,-10,10
6545,68,71,-3,3
6546,28,31,-3,3
6547,135,139,-4,4
6548,151,136,15,15
6549,80,84,-4,4
6550,79,92,-13,13
6551,68,87,-19,19
6552,118,106,12,12
6553,73,76,-3,3
6554,104,123,-19,19
6555,147,129,18,18
6556,91,86,5,5
6557,147,132,15,15
6558,55,61,-6,6
6559,66,70,-4,4
6560,121,116,5,5
6561,70,72,-2,2
6562,107,108,-1,1
6563,153,157,-4,4
6564,124,128,-4,4
6565,59,68,-9,9
6566,90,98,-8,8
6567,57,61,-4,4
6568,129,117,12,12
6569,98,105,-7,7
6570,152,142,10,10
6571,55,65,-10,10
6572,93,81,12,12
6573,61,60,1,1
6574,135,131,4,4
6575,72,71,1,1
6576,105,114,-9,9
6577,65,102,-37,37
6578,91,93,-2,2
6579,117,117,0,0
6580,85,90,-5,5
6581,125,124,1,1
6582,57,61,-4,4
6583,151,146,5,5
6584,68,71,-3,3
6585,104,111,-7,7
6586,53,59,-6,6
6587,88,88,0,0
6588,91,84,7,7
6589,184,158,26,26
6590,99,98,1,1
6591,189,172,17,17
6592,186,175,11,11
6593,125,119,6,6
6594,62,72,-10,10
6595,103,101,2,2
6596,183,193,-10,10
6597,62,65,-3,3
6598,66,69,-3,3
6599,73,68,5,5
6600,114,116,-2,2
6601,123,125,-2,2
6602,108,94,14,14
6603,115,112,3,3
6604,124,120,4,4
6605,66,77,-11,11
6606,104,97,7,7
6607,75,71,4,4
6608,108,117,-9,9
6609,81,87,-6,6
6610,82,78,4,4
6611,80,76,4,4
6612,30,46,-16,16
6613,90,93,-3,3
6614,62,63,-1,1
6615,86,88,-2,2
6616,56,54,2,2
6617,95,99,-4,4
6618,100,110,-10,10
6619,102,102,0,0
6620,102,100,2,2
6621,59,56,3,3
6622,152,144,8,8
6623,163,173,-10,10
6624,143,140,3,3
6625,162,166,-4,4
6626,84,91,-7,7
6627,78,83,-5,5
6628,92,100,-8,8
6629,79,87,-8,8
6630,78,77,1,1
6631,120,108,12,12
6632,99,92,7,7
6633,103,83,20,20
6634,76,87,-11,11
6635,80,80,0,0
6636,66,69,-3,3
6637,128,133,-5,5
6638,85,71,14,14
6639,100,104,-4,4
6640,46,56,-10,10
6641,125,127,-2,2
6642,111,119,-8,8
6643,119,120,-1,1
6644,59,64,-5,5
6645,55,56,-1,1
6646,158,160,-2,2
6647,106,118,-12,12
6648,136,136,0,0
6649,108,100,8,8
6650,124,121,3,3
6651,106,103,3,3
6652,92,81,11,11
6653,118,129,-11,11
6654,108,106,2,2
6655,114,117,-3,3
6656,51,56,-5,5
6657,85,82,3,3
6658,61,88,-27,27
6659,74,91,-17,17
6660,67,65,2,2
6661,108,107,1,1
6662,132,134,-2,2
6663,78,74,4,4
6664,102,110,-8,8
6665,175,159,16,16
6666,140,147,-7,7
6667,93,90,3,3
6668,75,91,-16,16
6669,98,98,0,0
6670,98,95,3,3
6671,119,114,5,5
6672,121,155,-34,34
6673,94,98,-4,4
6674,117,101,16,16
6675,108,112,-4,4
6676,87,109,-22,22
6677,100,95,5,5
6678,88,84,4,4
6679,86,69,17,17
6680,65,65,0,0
6681,81,79,2,2
6682,89,79,10,10
6683,114,108,6,6
6684,108,112,-4,4
6685,95,87,8,8
6686,100,86,14,14
6687,98,100,-2,2
6688,88,90,-2,2
6689,95,95,0,0
6690,92,95,-3,3
6691,161,161,0,0
6692,57,55,2,2
6693,89,89,0,0
6694,67,51,16,16
6695,101,105,-4,4
6696,102,116,-14,14
6697,84,83,1,1
6698,64,66,-2,2
6699,127,132,-5,5
6700,97,97,0,0
6701,101,104,-3,3
6702,65,76,-11,11
6703,89,86,3,3
6704,70,67,3,3
6705,67,70,-3,3
6706,169,166,3,3
6707,59,67,-8,8
6708,163,154,9,9
6709,38,41,-3,3
6710,117,115,2,2
6711,53,58,-5,5
6712,52,62,-10,10
6713,120,126,-6,6
6714,80,69,11,11
6715,52,60,-8,8
6716,127,152,-25,25
6717,87,105,-18,18
6718,54,62,-8,8
6719,66,66,0,0
6720,98,99,-1,1
6721,112,118,-6,6
6722,56,60,-4,4
6723,114,120,-6,6
6724,90,90,0,0
6725,87,89,-2,2
6726,58,59,-1,1
6727,118,120,-2,2
6728,96,98,-2,2
6729,102,115,-13,13
6730,84,95,-11,11
6731,111,103,8,8
6732,62,69,-7,7
6733,73,71,2,2
6734,69,73,-4,4
6735,133,128,5,5
6736,87,87,0,0
6737,64,72,-8,8
6738,85,91,-6,6
6739,103,95,8,8
6740,86,82,4,4
6741,68,67,1,1
6742,145,148,-3,3
6743,74,74,0,0
6744,91,97,-6,6
6745,102,94,8,8
6746,128,135,-7,7
6747,104,112,-8,8
6748,110,125,-15,15
6749,56,50,6,6
6750,83,84,-1,1
6751,109,115,-6,6
6752,77,73,4,4
6753,164,145,19,19
6754,137,138,-1,1
6755,134,128,6,6
6756,172,181,-9,9
6757,116,114,2,2
6758,80,78,2,2
6759,50,57,-7,7
6760,168,157,11,11
6761,68,75,-7,7
6762,88,97,-9,9
6763,48,43,5,5
6764,60,63,-3,3
6765,135,142,-7,7
6766,75,73,2,2
6767,187,184,3,3
6768,78,70,8,8
6769,117,103,14,14
6770,109,116,-7,7
6771,79,77,2,2
6772,80,85,-5,5
6773,72,72,0,0
6774,105,109,-4,4
6775,130,142,-12,12
6776,108,120,-12,12
6777,39,41,-2,2
6778,94,104,-10,10
6779,76,85,-9,9
6780,84,92,-8,8
6781,110,121,-11,11
6782,79,78,1,1
6783,129,119,10,10
6784,66,73,-7,7
6785,73,77,-4,4
6786,90,80,10,10
6787,69,70,-1,1
6788,76,64,12,12
6789,96,117,-21,21
6790,113,116,-3,3
6791,118,128,-10,10
6792,78,82,-4,4
6793,92,88,4,4
6794,96,89,7,7
6795,111,127,-16,16
6796,143,160,-17,17
6797,101,101,0,0
6798,99,109,-10,10
6799,110,121,-11,11
6800,105,111,-6,6
6801,79,82,-3,3
6802,80,79,1,1
6803,54,61,-7,7
6804,86,83,3,3
6805,66,85,-19,19
6806,96,100,-4,4
6807,151,153,-2,2
6808,78,111,-33,33
6809,82,84,-2,2
6810,93,95,-2,2
6811,57,66,-9,9
6812,129,121,8,8
6813,89,90,-1,1
6814,83,80,3,3
6815,72,86,-14,14
6816,85,85,0,0
6817,58,59,-1,1
6818,69,70,-1,1
6819,69,81,-12,12
6820,55,58,-3,3
6821,114,108,6,6
6822,145,131,14,14
6823,81,87,-6,6
6824,41,38,3,3
6825,88,108,-20,20
6826,108,112,-4,4
6827,104,102,2,2
6828,74,73,1,1
6829,111,116,-5,5
6830,74,74,0,0
6831,82,83,-1,1
6832,129,129,0,0
6833,75,82,-7,7
6834,137,139,-2,2
6835,135,144,-9,9
6836,93,85,8,8
6837,73,88,-15,15
6838,125,130,-5,5
6839,110,122,-12,12
6840,147,160,-13,13
6841,86,95,-9,9
6842,96,93,3,3
6843,104,105,-1,1
6844,110,114,-4,4
6845,80,72,8,8
6846,66,75,-9,9
6847,168,175,-7,7
6848,123,148,-25,25
6849,138,139,-1,1
6850,66,66,0,0
6851,66,59,7,7
6852,143,135,8,8
6853,88,82,6,6
6854,76,86,-10,10
6855,143,153,-10,10
6856,108,105,3,3
6857,74,72,2,2
6858,76,75,1,1
6859,59,69,-10,10
6860,87,86,1,1
6861,113,95,18,18
6862,57,60,-3,3
6863,56,67,-11,11
6864,102,96,6,6
6865,74,70,4,4
6866,89,94,-5,5
6867,75,82,-7,7
6868,128,132,-4,4
6869,106,119,-13,13
6870,92,91,1,1
6871,138,146,-8,8
6872,75,72,3,3
6873,103,99,4,4
6874,120,113,7,7
6875,136,127,9,9
6876,72,75,-3,3
6877,128,137,-9,9
6878,128,131,-3,3
6879,150,142,8,8
6880,86,86,0,0
6881,85,80,5,5
6882,62,59,3,3
6883,76,74,2,2
6884,123,127,-4,4
6885,64,67,-3,3
6886,116,116,0,0
6887,62,69,-7,7
6888,81,86,-5,5
6889,118,114,4,4
6890,117,120,-3,3
6891,123,110,13,13
6892,144,126,18,18
6893,109,110,-1,1
6894,79,79,0,0
6895,97,103,-6,6
6896,87,75,12,12
6897,55,55,0,0
6898,65,70,-5,5
6899,103,105,-2,2
6900,90,77,13,13
6901,87,78,9,9
6902,43,52,-9,9
6903,92,89,3,3
6904,147,154,-7,7
6905,106,101,5,5
6906,68,75,-7,7
6907,71,68,3,3
6908,97,99,-2,2
6909,93,104,-11,11
6910,69,86,-17,17
6911,92,101,-9,9
6912,77,85,-8,8
6913,132,132,0,0
6914,87,95,-8,8
6915,118,114,4,4
6916,58,59,-1,1
6917,43,45,-2,2
6918,80,90,-10,10
6919,118,108,10,10
6920,107,125,-18,18
6921,132,133,-1,1
6922,86,96,-10,10
6923,114,107,7,7
6924,85,79,6,6
6925,66,66,0,0
6926,65,69,-4,4
6927,84,88,-4,4
6928,122,124,-2,2
6929,74,80,-6,6
6930,154,167,-13,13
6931,93,92,1,1
6932,40,79,-39,39
6933,88,83,5,5
6934,84,89,-5,5
6935,67,64,3,3
6936,113,113,0,0
6937,110,114,-4,4
6938,217,194,23,23
6939,99,110,-11,11
6940,107,111,-4,4
6941,120,124,-4,4
6942,116,108,8,8
6943,70,80,-10,10
6944,86,89,-3,3
6945,89,95,-6,6
6946,75,77,-2,2
6947,72,75,-3,3
6948,75,77,-2,2
6949,55,68,-13,13
6950,196,206,-10,10
6951,114,115,-1,1
6952,142,97,45,45
6953,76,86,-10,10
6954,71,66,5,5
6955,80,85,-5,5
6956,81,77,4,4
6957,106,99,7,7
6958,126,125,1,1
6959,114,119,-5,5
6960,90,88,2,2
6961,134,129,5,5
6962,112,116,-4,4
6963,86,88,-2,2
6964,109,116,-7,7
6965,98,112,-14,14
6966,123,128,-5,5
6967,48,48,0,0
6968,89,86,3,3
6969,141,150,-9,9
6970,122,127,-5,5
6971,65,81,-16,16
6972,163,156,7,7
6973,106,108,-2,2
6974,145,141,4,4
6975,65,68,-3,3
6976,111,99,12,12
6977,110,112,-2,2
6978,40,43,-3,3
6979,77,78,-1,1
6980,81,77,4,4
6981,136,130,6,6
6982,124,132,-8,8
6983,107,117,-10,10
6984,83,85,-2,2
6985,137,135,2,2
6986,93,101,-8,8
6987,95,106,-11,11
6988,82,94,-12,12
6989,91,99,-8,8
6990,139,131,8,8
6991,49,53,-4,4
6992,36,36,0,0
6993,76,72,4,4
6994,57,63,-6,6
6995,128,133,-5,5
6996,77,91,-14,14
6997,86,86,0,0
6998,144,138,6,6
6999,72,86,-14,14
7000,48,52,-4,4
7001,86,84,2,2
7002,96,91,5,5
7003,67,68,-1,1
7004,65,56,9,9
7005,132,126,6,6
7006,128,124,4,4
7007,115,106,9,9
7008,109,115,-6,6
7009,63,65,-2,2
7010,55,65,-10,10
7011,119,96,23,23
7012,70,65,5,5
7013,125,109,16,16
7014,146,139,7,7
7015,84,82,2,2
7016,120,126,-6,6
7017,83,92,-9,9
7018,68,67,1,1
7019,106,96,10,10
7020,147,116,31,31
7021,81,80,1,1
7022,87,95,-8,8
7023,86,85,1,1
7024,67,76,-9,9
7025,100,95,5,5
7026,81,88,-7,7
7027,70,78,-8,8
7028,94,95,-1,1
7029,123,115,8,8
7030,121,116,5,5
7031,71,73,-2,2
7032,73,74,-1,1
7033,79,78,1,1
7034,98,107,-9,9
7035,147,121,26,26
7036,86,74,12,12
7037,83,80,3,3
7038,117,119,-2,2
7039,93,98,-5,5
7040,44,52,-8,8
7041,68,78,-10,10
7042,74,73,1,1
7043,76,95,-19,19
7044,96,91,5,5
7045,80,69,11,11
7046,73,92,-19,19
7047,93,89,4,4
7048,48,55,-7,7
7049,85,87,-2,2
7050,140,139,1,1
7051,81,86,-5,5
7052,57,73,-16,16
7053,93,92,1,1
7054,119,124,-5,5
7055,129,147,-18,18
7056,88,75,13,13
7057,101,102,-1,1
7058,91,91,0,0
7059,59,55,4,4
7060,109,122,-13,13
7061,89,81,8,8
7062,101,92,9,9
7063,116,108,8,8
7064,86,96,-10,10
7065,113,116,-3,3
7066,101,94,7,7
7067,110,115,-5,5
7068,115,149,-34,34
7069,137,145,-8,8
7070,64,71,-7,7
7071,133,128,5,5
7072,80,86,-6,6
7073,61,67,-6,6
7074,116,121,-5,5
7075,154,154,0,0
7076,69,72,-3,3
7077,123,133,-10,10
7078,63,67,-4,4
7079,99,129,-30,30
7080,52,50,2,2
7081,86,77,9,9
7082,79,80,-1,1
7083,97,110,-13,13
7084,68,71,-3,3
7085,79,83,-4,4
7086,82,78,4,4
7087,66,65,1,1
7088,28,47,-19,19
7089,54,60,-6,6
7090,76,75,1,1
7091,74,85,-11,11
7092,97,103,-6,6
7093,82,86,-4,4
7094,103,111,-8,8
7095,61,58,3,3
7096,69,62,7,7
7097,60,63,-3,3
7098,61,91,-30,30
7099,100,113,-13,13
7100,100,108,-8,8
7101,129,129,0,0
7102,184,177,7,7
7103,119,124,-5,5
7104,91,82,9,9
7105,99,96,3,3
7106,100,101,-1,1
7107,58,69,-11,11
7108,70,69,1,1
7109,76,84,-8,8
7110,77,74,3,3
7111,70,70,0,0
7112,116,113,3,3
7113,149,148,1,1
7114,124,132,-8,8
7115,139,117,22,22
7116,142,158,-16,16
7117,77,80,-3,3
7118,96,87,9,9
7119,215,195,20,20
7120,70,77,-7,7
7121,118,126,-8,8
7122,89,93,-4,4
7123,106,107,-1,1
7124,117,121,-4,4
7125,60,67,-7,7
7126,67,70,-3,3
7127,149,154,-5,5
7128,364,435,-71,71
7129,110,108,2,2
7130,106,99,7,7
7131,161,171,-10,10
7132,119,139,-20,20
7133,113,151,-38,38
7134,100,107,-7,7
7135,51,52,-1,1
7136,121,117,4,4
7137,108,116,-8,8
7138,107,111,-4,4
7139,62,64,-2,2
7140,84,88,-4,4
7141,93,79,14,14
7142,143,149,-6,6
7143,136,133,3,3
7144,53,60,-7,7
7145,97,98,-1,1
7146,139,142,-3,3
7147,126,132,-6,6
7148,46,56,-10,10
7149,172,178,-6,6
7150,101,103,-2,2
7151,89,92,-3,3
7152,118,112,6,6
7153,71,82,-11,11
7154,120,128,-8,8
7155,77,82,-5,5
7156,145,132,13,13
7157,45,43,2,2
7158,80,72,8,8
7159,58,60,-2,2
7160,117,117,0,0
7161,91,91,0,0
7162,192,193,-1,1
7163,68,66,2,2
7164,71,66,5,5
7165,82,82,0,0
7166,84,89,-5,5
7167,70,83,-13,13
7168,47,51,-4,4
7169,95,87,8,8
7170,59,63,-4,4
7171,154,135,19,19
7172,131,127,4,4
7173,98,107,-9,9
7174,38,47,-9,9
7175,86,91,-5,5
7176,55,60,-5,5
7177,40,49,-9,9
7178,119,119,0,0
7179,247,228,19,19
7180,96,106,-10,10
7181,69,76,-7,7
7182,87,95,-8,8
7183,93,103,-10,10
7184,84,82,2,2
7185,127,140,-13,13
7186,106,103,3,3
7187,62,67,-5,5
7188,84,86,-2,2
7189,48,55,-7,7
7190,116,130,-14,14
7191,83,77,6,6
7192,123,132,-9,9
7193,97,85,12,12
7194,119,108,11,11
7195,113,117,-4,4
7196,70,74,-4,4
7197,123,129,-6,6
7198,86,84,2,2
7199,49,55,-6,6
7200,113,125,-12,12
7201,100,101,-1,1
7202,131,133,-2,2
7203,93,96,-3,3
7204,92,85,7,7
7205,73,74,-1,1
7206,61,67,-6,6
7207,72,67,5,5
7208,91,92,-1,1
7209,86,88,-2,2
7210,82,78,4,4
7211,179,185,-6,6
7212,121,108,13,13
7213,58,58,0,0
7214,83,84,-1,1
7215,100,79,21,21
7216,84,79,5,5
7217,76,70,6,6
7218,83,73,10,10
7219,81,80,1,1
7220,119,119,0,0
7221,160,161,-1,1
7222,97,102,-5,5
7223,143,168,-25,25
7224,49,66,-17,17
7225,188,181,7,7
7226,79,84,-5,5
7227,62,69,-7,7
7228,71,72,-1,1
7229,114,120,-6,6
7230,167,175,-8,8
7231,100,80,20,20
7232,90,85,5,5
7233,106,111,-5,5
7234,129,138,-9,9
7235,81,78,3,3
7236,52,44,8,8
7237,86,86,0,0
7238,92,111,-19,19
7239,59,62,-3,3
7240,98,110,-12,12
7241,94,95,-1,1
7242,173,171,2,2
7243,82,95,-13,13
7244,121,117,4,4
7245,84,79,5,5
7246,44,44,0,0
7247,88,99,-11,11
7248,91,85,6,6
7249,97,95,2,2
7250,46,42,4,4
7251,114,111,3,3
7252,108,108,0,0
7253,66,67,-1,1
7254,71,74,-3,3
7255,76,85,-9,9
7256,159,159,0,0
7257,39,43,-4,4
7258,47,57,-10,10
7259,142,127,15,15
7260,124,131,-7,7
7261,109,110,-1,1
7262,110,118,-8,8
7263,59,61,-2,2
7264,107,98,9,9
7265,59,55,4,4
7266,93,101,-8,8
7267,96,101,-5,5
7268,40,81,-41,41
7269,124,131,-7,7
7270,90,73,17,17
7271,52,53,-1,1
7272,95,92,3,3
7273,81,85,-4,4
7274,171,160,11,11
7275,78,66,12,12
7276,97,92,5,5
7277,82,91,-9,9
7278,93,88,5,5
7279,106,112,-6,6
7280,129,119,10,10
7281,110,127,-17,17
7282,28,51,-23,23
7283,152,168,-16,16
7284,113,105,8,8
7285,62,69,-7,7
7286,51,57,-6,6
7287,167,170,-3,3
7288,60,57,3,3
7289,176,176,0,0
7290,139,142,-3,3
7291,193,196,-3,3
7292,78,89,-11,11
7293,76,70,6,6
7294,80,88,-8,8
7295,86,104,-18,18
7296,102,92,10,10
7297,51,48,3,3
7298,32,35,-3,3
7299,133,100,33,33
7300,160,156,4,4
7301,75,70,5,5
7302,84,78,6,6
7303,85,85,0,0
7304,89,93,-4,4
7305,69,71,-2,2
7306,113,111,2,2
7307,69,69,0,0
7308,76,87,-11,11
7309,56,77,-21,21
7310,86,79,7,7
7311,92,101,-9,9
7312,54,62,-8,8
7313,100,94,6,6
7314,37,41,-4,4
7315,140,142,-2,2
7316,57,71,-14,14
7317,83,87,-4,4
7318,75,68,7,7
7319,59,60,-1,1
7320,99,124,-25,25
7321,108,108,0,0
7322,93,100,-7,7
7323,78,85,-7,7
7324,166,176,-10,10
7325,81,80,1,1
7326,80,81,-1,1
7327,166,147,19,19
7328,56,56,0,0
7329,108,104,4,4
7330,88,89,-1,1
7331,124,131,-7,7
7332,71,77,-6,6
7333,111,111,0,0
7334,77,87,-10,10
7335,84,80,4,4
7336,85,85,0,0
7337,103,96,7,7
7338,67,79,-12,12
7339,128,124,4,4
7340,54,47,7,7
7341,98,93,5,5
7342,115,130,-15,15
7343,80,92,-12,12
7344,66,64,2,2
7345,84,82,2,2
7346,179,185,-6,6
7347,70,73,-3,3
7348,93,95,-2,2
7349,139,162,-23,23
7350,136,134,2,2
7351,173,180,-7,7
7352,112,108,4,4
7353,76,88,-12,12
7354,112,113,-1,1
7355,118,128,-10,10
7356,109,103,6,6
7357,101,109,-8,8
7358,105,98,7,7
7359,67,84,-17,17
7360,131,128,3,3
7361,41,50,-9,9
7362,49,49,0,0
7363,113,116,-3,3
7364,137,147,-10,10
7365,96,108,-12,12
7366,68,69,-1,1
7367,110,105,5,5
7368,70,73,-3,3
7369,155,172,-17,17
7370,58,60,-2,2
7371,140,167,-27,27
7372,119,130,-11,11
7373,67,73,-6,6
7374,79,89,-10,10
7375,68,74,-6,6
7376,62,64,-2,2
7377,48,51,-3,3
7378,104,106,-2,2
7379,67,77,-10,10
7380,63,64,-1,1
7381,70,71,-1,1
7382,83,91,-8,8
7383,66,65,1,1
7384,67,81,-14,14
7385,54,54,0,0
7386,144,143,1,1
7387,68,76,-8,8
7388,76,83,-7,7
7389,62,63,-1,1
7390,147,137,10,10
7391,80,104,-24,24
7392,53,52,1,1
7393,73,63,10,10
7394,74,71,3,3
7395,63,73,-10,10
7396,111,111,0,0
7397,199,191,8,8
7398,90,90,0,0
7399,65,72,-7,7
7400,68,59,9,9
7401,81,85,-4,4
7402,95,96,-1,1
7403,83,83,0,0
7404,99,86,13,13
7405,64,78,-14,14
7406,70,71,-1,1
7407,62,57,5,5
7408,60,72,-12,12
7409,84,91,-7,7
7410,63,63,0,0
7411,91,103,-12,12
7412,53,75,-22,22
7413,114,109,5,5
7414,102,105,-3,3
7415,80,67,13,13
7416,85,98,-13,13
7417,112,124,-12,12
7418,86,79,7,7
7419,61,70,-9,9
7420,118,115,3,3
7421,108,95,13,13
7422,179,168,11,11
7423,87,96,-9,9
7424,185,176,9,9
7425,91,87,4,4
7426,73,82,-9,9
7427,63,56,7,7
7428,159,152,7,7
7429,146,150,-4,4
7430,75,84,-9,9
7431,73,76,-3,3
7432,107,105,2,2
7433,93,92,1,1
7434,89,102,-13,13
7435,82,97,-15,15
7436,79,77,2,2
7437,50,45,5,5
7438,69,76,-7,7
7439,89,93,-4,4
7440,145,150,-5,5
7441,84,89,-5,5
7442,115,126,-11,11
7443,103,127,-24,24
7444,90,99,-9,9
7445,57,59,-2,2
7446,118,108,10,10
7447,99,104,-5,5
7448,124,118,6,6
7449,102,115,-13,13
7450,97,98,-1,1
7451,64,68,-4,4
7452,78,70,8,8
7453,121,128,-7,7
7454,163,165,-2,2
7455,63,65,-2,2
7456,53,68,-15,15
7457,71,68,3,3
7458,79,76,3,3
7459,102,110,-8,8
7460,130,129,1,1
7461,114,113,1,1
7462,118,134,-16,16
7463,93,100,-7,7
7464,78,86,-8,8
7465,87,89,-2,2
7466,107,100,7,7
7467,105,101,4,4
7468,135,125,10,10
7469,64,68,-4,4
7470,80,69,11,11
7471,79,95,-16,16
7472,156,164,-8,8
7473,123,133,-10,10
7474,81,94,-13,13
7475,91,92,-1,1
7476,184,166,18,18
7477,62,76,-14,14
7478,76,82,-6,6
7479,112,107,5,5
7480,60,71,-11,11
7481,103,104,-1,1
7482,83,86,-3,3
7483,69,74,-5,5
7484,206,203,3,3
7485,78,83,-5,5
7486,82,70,12,12
7487,81,83,-2,2
7488,39,54,-15,15
7489,109,112,-3,3
7490,32,72,-40,40
7491,65,76,-11,11
7492,88,87,1,1
7493,94,100,-6,6
7494,87,95,-8,8
7495,74,74,0,0
7496,88,86,2,2
7497,103,112,-9,9
7498,72,60,12,12
7499,83,83,0,0
7500,197,214,-17,17
7501,41,61,-20,20
7502,76,75,1,1
7503,129,95,34,34
7504,40,61,-21,21
7505,136,141,-5,5
7506,62,63,-1,1
7507,66,79,-13,13
7508,106,120,-14,14
7509,62,57,5,5
7510,109,103,6,6
7511,136,135,1,1
7512,100,104,-4,4
7513,160,151,9,9
7514,105,108,-3,3
7515,122,120,2,2
7516,98,102,-4,4
7517,78,80,-2,2
7518,75,82,-7,7
7519,67,74,-7,7
7520,56,63,-7,7
7521,60,64,-4,4
7522,38,43,-5,5
7523,53,59,-6,6
7524,57,65,-8,8
7525,113,115,-2,2
7526,83,78,5,5
7527,81,75,6,6
7528,136,140,-4,4
7529,78,67,11,11
7530,89,82,7,7
7531,86,86,0,0
7532,68,72,-4,4
7533,156,160,-4,4
7534,85,82,3,3
7535,126,123,3,3
7536,57,69,-12,12
7537,114,125,-11,11
7538,113,108,5,5
7539,75,82,-7,7
7540,130,119,11,11
7541,79,74,5,5
7542,112,105,7,7
7543,120,127,-7,7
7544,76,82,-6,6
7545,86,81,5,5
7546,60,63,-3,3
7547,52,59,-7,7
7548,80,75,5,5
7549,136,133,3,3
7550,71,75,-4,4
7551,152,160,-8,8
7552,59,63,-4,4
7553,88,82,6,6
7554,71,67,4,4
7555,71,70,1,1
7556,88,98,-10,10
7557,44,54,-10,10
7558,95,103,-8,8
7559,99,110,-11,11
7560,74,81,-7,7
7561,148,145,3,3
7562,74,73,1,1
7563,103,96,7,7
7564,70,73,-3,3
7565,128,116,12,12
7566,70,59,11,11
7567,69,72,-3,3
7568,95,79,16,16
7569,125,131,-6,6
7570,87,86,1,1
7571,130,135,-5,5
7572,105,116,-11,11
7573,96,93,3,3
7574,90,94,-4,4
7575,52,55,-3,3
7576,77,87,-10,10
7577,143,136,7,7
7578,97,116,-19,19
7579,81,83,-2,2
7580,55,50,5,5
7581,122,120,2,2
7582,59,63,-4,4
7583,106,111,-5,5
7584,146,120,26,26
7585,62,65,-3,3
7586,122,119,3,3
7587,166,159,7,7
7588,76,71,5,5
7589,82,96,-14,14
7590,114,115,-1,1
7591,113,137,-24,24
7592,94,97,-3,3
7593,113,121,-8,8
7594,79,81,-2,2
7595,106,104,2,2
7596,123,124,-1,1
7597,118,114,4,4
7598,80,75,5,5
7599,94,95,-1,1
7600,89,85,4,4
7601,64,60,4,4
7602,113,116,-3,3
7603,137,134,3,3
7604,53,109,-56,56
7605,133,138,-5,5
7606,65,62,3,3
7607,78,84,-6,6
7608,40,46,-6,6
7609,60,65,-5,5
7610,52,58,-6,6
7611,136,130,6,6
7612,155,160,-5,5
7613,94,101,-7,7
7614,75,77,-2,2
7615,36,59,-23,23
7616,132,129,3,3
7617,117,122,-5,5
7618,136,152,-16,16
7619,141,125,16,16
7620,65,69,-4,4
7621,96,76,20,20
7622,68,94,-26,26
7623,144,138,6,6
7624,148,146,2,2
7625,117,122,-5,5
7626,60,68,-8,8
7627,98,96,2,2
7628,114,117,-3,3
7629,139,123,16,16
7630,109,104,5,5
7631,69,75,-6,6
7632,105,107,-2,2
7633,116,100,16,16
7634,72,70,2,2
7635,74,79,-5,5
7636,102,111,-9,9
7637,62,50,12,12
7638,36,53,-17,17
7639,94,88,6,6
7640,78,78,0,0
7641,150,141,9,9
7642,81,82,-1,1
7643,154,158,-4,4
7644,115,125,-10,10
7645,44,57,-13,13
7646,88,92,-4,4
7647,80,82,-2,2
7648,75,74,1,1
7649,58,64,-6,6
7650,124,125,-1,1
7651,90,82,8,8
7652,117,112,5,5
7653,93,88,5,5
7654,133,138,-5,5
7655,71,71,0,0
7656,82,85,-3,3
7657,66,74,-8,8
7658,69,70,-1,1
7659,112,106,6,6
7660,114,114,0,0
7661,81,67,14,14
7662,110,120,-10,10
7663,76,79,-3,3
7664,97,100,-3,3
7665,83,87,-4,4
7666,73,83,-10,10
7667,109,113,-4,4
7668,67,63,4,4
7669,101,110,-9,9
7670,74,73,1,1
7671,122,127,-5,5
7672,51,57,-6,6
7673,80,95,-15,15
7674,118,115,3,3
7675,87,80,7,7
7676,84,85,-1,1
7677,135,127,8,8
7678,51,102,-51,51
7679,121,111,10,10
7680,60,64,-4,4
7681,150,152,-2,2
7682,41,49,-8,8
7683,55,57,-2,2
7684,149,133,16,16
7685,136,132,4,4
7686,121,109,12,12
7687,121,118,3,3
7688,50,65,-15,15
7689,61,63,-2,2
7690,129,130,-1,1
7691,83,100,-17,17
7692,83,104,-21,21
7693,77,73,4,4
7694,110,107,3,3
7695,110,97,13,13
7696,108,120,-12,12
7697,95,101,-6,6
7698,91,85,6,6
7699,99,98,1,1
7700,105,100,5,5
7701,104,131,-27,27
7702,82,91,-9,9
7703,68,72,-4,4
7704,77,79,-2,2
7705,103,98,5,5
7706,87,86,1,1
7707,55,54,1,1
7708,94,96,-2,2
7709,67,67,0,0
7710,75,97,-22,22
7711,137,139,-2,2
7712,69,71,-2,2
7713,67,70,-3,3
7714,77,88,-11,11
7715,68,72,-4,4
7716,117,123,-6,6
7717,109,100,9,9
7718,164,148,16,16
7719,102,121,-19,19
7720,77,86,-9,9
7721,71,78,-7,7
7722,71,78,-7,7
7723,146,138,8,8
7724,40,53,-13,13
7725,121,116,5,5
7726,86,79,7,7
7727,99,95,4,4
7728,68,70,-2,2
7729,89,79,10,10
7730,71,75,-4,4
7731,72,70,2,2
7732,49,49,0,0
7733,155,93,62,62
7734,145,146,-1,1
7735,102,113,-11,11
7736,131,140,-9,9
7737,101,95,6,6
7738,61,65,-4,4
7739,108,116,-8,8
7740,62,71,-9,9
7741,93,88,5,5
7742,84,81,3,3
7743,56,92,-36,36
7744,143,143,0,0
7745,145,145,0,0
7746,103,92,11,11
7747,88,94,-6,6
7748,96,98,-2,2
7749,63,73,-10,10
7750,88,90,-2,2
7751,50,58,-8,8
7752,106,112,-6,6
7753,89,72,17,17
7754,101,115,-14,14
7755,134,135,-1,1
7756,91,86,5,5
7757,134,147,-13,13
7758,79,87,-8,8
7759,161,165,-4,4
7760,127,133,-6,6
7761,88,92,-4,4
7762,61,73,-12,12
7763,60,71,-11,11
7764,102,95,7,7
7765,140,147,-7,7
7766,69,76,-7,7
7767,101,113,-12,12
7768,175,181,-6,6
7769,129,156,-27,27
7770,115,110,5,5
7771,88,102,-14,14
7772,79,83,-4,4
7773,102,101,1,1
7774,43,40,3,3
7775,97,101,-4,4
7776,132,146,-14,14
7777,58,54,4,4
7778,89,95,-6,6
7779,90,95,-5,5
7780,98,108,-10,10
7781,102,104,-2,2
7782,88,90,-2,2
7783,106,111,-5,5
7784,99,101,-2,2
7785,151,145,6,6
7786,111,91,20,20
7787,65,65,0,0
7788,71,72,-1,1
7789,79,95,-16,16
7790,65,61,4,4
7791,136,126,10,10
7792,151,167,-16,16
7793,108,110,-2,2
7794,121,116,5,5
7795,54,64,-10,10
7796,96,108,-12,12
7797,98,94,4,4
7798,62,68,-6,6
7799,78,85,-7,7
7800,97,112,-15,15
7801,80,77,3,3
7802,65,67,-2,2
7803,74,74,0,0
7804,118,125,-7,7
7805,109,100,9,9
7806,99,95,4,4
7807,78,86,-8,8
7808,59,68,-9,9
7809,84,90,-6,6
7810,108,114,-6,6
7811,89,95,-6,6
7812,119,112,7,7
7813,182,178,4,4
7814,133,109,24,24
7815,90,95,-5,5
7816,144,165,-21,21
7817,109,110,-1,1
7818,154,145,9,9
7819,54,53,1,1
7820,59,64,-5,5
7821,120,113,7,7
7822,113,127,-14,14
7823,90,93,-3,3
7824,119,101,18,18
7825,72,74,-2,2
7826,173,178,-5,5
7827,252,255,-3,3
7828,123,141,-18,18
7829,178,178,0,0
7830,207,187,20,20
7831,86,92,-6,6
7832,61,57,4,4
7833,82,87,-5,5
7834,77,79,-2,2
7835,90,92,-2,2
7836,85,104,-19,19
7837,133,149,-16,16
7838,67,54,13,13
7839,71,78,-7,7
7840,118,131,-13,13
7841,168,161,7,7
7842,101,107,-6,6
7843,126,124,2,2
7844,127,129,-2,2
7845,197,191,6,6
7846,67,64,3,3
7847,59,60,-1,1
7848,139,143,-4,4
7849,84,87,-3,3
7850,75,75,0,0
7851,124,124,0,0
7852,61,67,-6,6
7853,78,81,-3,3
7854,102,94,8,8
7855,50,51,-1,1
7856,72,84,-12,12
7857,98,107,-9,9
7858,109,112,-3,3
7859,97,91,6,6
7860,79,66,13,13
7861,73,77,-4,4
7862,114,114,0,0
7863,118,121,-3,3
7864,101,120,-19,19
7865,103,111,-8,8
7866,49,57,-8,8
7867,49,59,-10,10
7868,37,47,-10,10
7869,121,124,-3,3
7870,69,73,-4,4
7871,126,133,-7,7
7872,91,94,-3,3
7873,119,118,1,1
7874,105,104,1,1
7875,129,131,-2,2
7876,83,92,-9,9
7877,99,105,-6,6
7878,106,116,-10,10
7879,67,68,-1,1
7880,132,129,3,3
7881,110,104,6,6
7882,72,75,-3,3
7883,126,128,-2,2
7884,129,151,-22,22
7885,74,76,-2,2
7886,131,131,0,0
7887,97,95,2,2
7888,118,126,-8,8
7889,124,124,0,0
7890,66,77,-11,11
7891,99,82,17,17
7892,93,102,-9,9
7893,169,173,-4,4
7894,109,118,-9,9
7895,194,185,9,9
7896,131,124,7,7
7897,67,67,0,0
7898,102,111,-9,9
7899,126,122,4,4
7900,166,178,-12,12
7901,52,61,-9,9
7902,129,151,-22,22
7903,175,181,-6,6
7904,77,72,5,5
7905,52,50,2,2
7906,73,73,0,0
7907,97,105,-8,8
7908,49,56,-7,7
7909,112,112,0,0
7910,108,118,-10,10
7911,91,84,7,7
7912,84,117,-33,33
7913,35,50,-15,15
7914,182,194,-12,12
7915,61,61,0,0
7916,61,67,-6,6
7917,79,86,-7,7
7918,55,60,-5,5
7919,64,63,1,1
7920,142,135,7,7
7921,66,63,3,3
7922,74,83,-9,9
7923,150,154,-4,4
7924,99,99,0,0
7925,106,115,-9,9
7926,72,85,-13,13
7927,121,119,2,2
7928,114,118,-4,4
7929,75,78,-3,3
7930,65,71,-6,6
7931,116,118,-2,2
7932,99,94,5,5
7933,199,190,9,9
7934,60,60,0,0
7935,67,68,-1,1
7936,81,79,2,2
7937,178,141,37,37
7938,70,84,-14,14
7939,131,122,9,9
7940,149,144,5,5
7941,70,71,-1,1
7942,97,110,-13,13
7943,104,89,15,15
7944,73,75,-2,2
7945,74,83,-9,9
7946,87,99,-12,12
7947,112,109,3,3
7948,126,128,-2,2
7949,86,115,-29,29
7950,134,129,5,5
7951,117,104,13,13
7952,61,67,-6,6
7953,71,85,-14,14
7954,80,87,-7,7
7955,63,68,-5,5
7956,70,68,2,2
7957,63,80,-17,17
7958,46,53,-7,7
7959,59,62,-3,3
7960,89,91,-2,2
7961,134,129,5,5
7962,113,118,-5,5
7963,73,89,-16,16
7964,122,119,3,3
7965,59,64,-5,5
7966,142,154,-12,12
7967,175,184,-9,9
7968,61,61,0,0
7969,142,157,-15,15
7970,68,60,8,8
7971,51,53,-2,2
7972,94,109,-15,15
7973,104,102,2,2
7974,85,100,-15,15
7975,155,164,-9,9
7976,157,178,-21,21
7977,115,114,1,1
7978,94,103,-9,9
7979,86,96,-10,10
7980,115,126,-11,11
7981,85,85,0,0
7982,106,108,-2,2
7983,64,68,-4,4
7984,38,84,-46,46
7985,51,62,-11,11
7986,106,116,-10,10
7987,101,105,-4,4
7988,46,54,-8,8
7989,85,88,-3,3
7990,104,107,-3,3
7991,95,105,-10,10
7992,130,129,1,1
7993,151,146,5,5
7994,57,50,7,7
7995,93,101,-8,8
7996,69,65,4,4
7997,39,36,3,3
7998,76,82,-6,6
7999,84,78,6,6
8000,41,53,-12,12
8001,45,53,-8,8
8002,68,72,-4,4
8003,82,81,1,1
8004,68,77,-9,9
8005,73,70,3,3
8006,49,59,-10,10
8007,93,94,-1,1
8008,75,72,3,3
8009,85,80,5,5
8010,103,105,-2,2
8011,129,131,-2,2
8012,116,124,-8,8
8013,77,66,11,11
8014,83,90,-7,7
8015,104,96,8,8
8016,124,117,7,7
8017,89,93,-4,4
8018,88,89,-1,1
8019,49,61,-12,12
8020,104,109,-5,5
8021,107,101,6,6
8022,125,128,-3,3
8023,57,72,-15,15
8024,104,103,1,1
8025,51,63,-12,12
8026,86,82,4,4
8027,96,95,1,1
8028,190,191,-1,1
8029,84,87,-3,3
8030,105,112,-7,7
8031,94,89,5,5
8032,74,72,2,2
8033,100,95,5,5
8034,126,120,6,6
8035,73,73,0,0
8036,83,84,-1,1
8037,141,137,4,4
8038,124,132,-8,8
8039,79,77,2,2
8040,135,129,6,6
8041,81,80,1,1
8042,137,139,-2,2
8043,75,81,-6,6
8044,54,72,-18,18
8045,102,108,-6,6
8046,157,143,14,14
8047,93,97,-4,4
8048,155,136,19,19
8049,71,69,2,2
8050,109,92,17,17
8051,60,60,0,0
8052,57,67,-10,10
8053,113,120,-7,7
8054,130,140,-10,10
8055,71,88,-17,17
8056,92,89,3,3
8057,148,133,15,15
8058,117,106,11,11
8059,68,74,-6,6
8060,161,153,8,8
8061,85,87,-2,2
8062,65,64,1,1
8063,43,40,3,3
8064,102,102,0,0
8065,69,70,-1,1
8066,185,183,2,2
8067,133,126,7,7
8068,104,97,7,7
8069,105,107,-2,2
8070,120,102,18,18
8071,85,87,-2,2
8072,73,81,-8,8
8073,158,171,-13,13
8074,76,77,-1,1
8075,87,80,7,7
8076,148,127,21,21
8077,85,86,-1,1
8078,98,95,3,3
8079,66,74,-8,8
8080,100,105,-5,5
8081,110,114,-4,4
8082,86,96,-10,10
8083,119,130,-11,11
8084,75,79,-4,4
8085,110,126,-16,16
8086,69,65,4,4
8087,127,117,10,10
8088,98,95,3,3
8089,116,130,-14,14
8090,65,66,-1,1
8091,94,98,-4,4
8092,58,62,-4,4
8093,68,78,-10,10
8094,118,121,-3,3
8095,27,61,-34,34
8096,74,67,7,7
8097,81,85,-4,4
8098,98,90,8,8
8099,56,75,-19,19
8100,101,98,3,3
8101,128,125,3,3
8102,104,107,-3,3
8103,69,85,-16,16
8104,130,125,5,5
8105,121,126,-5,5
8106,42,84,-42,42
8107,89,98,-9,9
8108,71,69,2,2
8109,129,119,10,10
8110,59,66,-7,7
8111,101,108,-7,7
8112,102,105,-3,3
8113,109,120,-11,11
8114,94,91,3,3
8115,108,116,-8,8
8116,102,97,5,5
8117,89,95,-6,6
8118,121,130,-9,9
8119,122,130,-8,8
8120,67,78,-11,11
8121,51,65,-14,14
8122,89,88,1,1
8123,88,100,-12,12
8124,131,107,24,24
8125,103,108,-5,5
8126,151,180,-29,29
8127,134,145,-11,11
8128,108,113,-5,5
8129,92,92,0,0
8130,65,64,1,1
8131,81,81,0,0
8132,68,85,-17,17
8133,91,91,0,0
8134,114,104,10,10
8135,48,63,-15,15
8136,102,108,-6,6
8137,149,150,-1,1
8138,108,110,-2,2
8139,60,66,-6,6
8140,103,114,-11,11
8141,65,74,-9,9
8142,119,134,-15,15
8143,104,107,-3,3
8144,64,58,6,6
8145,48,50,-2,2
8146,55,50,5,5
8147,75,80,-5,5
8148,44,64,-20,20
8149,73,79,-6,6
8150,54,56,-2,2
8151,54,67,-13,13
8152,52,54,-2,2
8153,95,86,9,9
8154,66,76,-10,10
8155,85,110,-25,25
8156,75,66,9,9
8157,95,96,-1,1
8158,95,89,6,6
8159,36,43,-7,7
8160,79,81,-2,2
8161,123,126,-3,3
8162,81,74,7,7
8163,176,162,14,14
8164,60,57,3,3
8165,61,77,-16,16
8166,140,136,4,4
8167,127,125,2,2
8168,96,104,-8,8
8169,99,91,8,8
8170,108,100,8,8
8171,58,56,2,2
8172,51,64,-13,13
8173,95,92,3,3
8174,58,77,-19,19
8175,76,78,-2,2
8176,116,114,2,2
8177,108,101,7,7
8178,168,163,5,5
8179,27,37,-10,10
8180,145,139,6,6
8181,53,63,-10,10
8182,67,68,-1,1
8183,92,89,3,3
8184,78,80,-2,2
8185,113,119,-6,6
8186,141,153,-12,12
8187,136,125,11,11
8188,103,110,-7,7
8189,86,71,15,15
8190,195,215,-20,20
8191,75,73,2,2
8192,63,69,-6,6
8193,66,75,-9,9
8194,127,132,-5,5
8195,122,119,3,3
8196,54,103,-49,49
8197,101,107,-6,6
8198,93,82,11,11
8199,64,68,-4,4
8200,108,109,-1,1
8201,111,109,2,2
8202,77,71,6,6
8203,154,155,-1,1
8204,94,85,9,9
8205,84,82,2,2
8206,76,88,-12,12
8207,87,87,0,0
8208,126,114,12,12
8209,82,80,2,2
8210,82,88,-6,6
8211,80,78,2,2
8212,126,129,-3,3
8213,64,69,-5,5
8214,142,127,15,15
8215,143,137,6,6
8216,127,150,-23,23
8217,76,80,-4,4
8218,57,75,-18,18
8219,109,105,4,4
8220,141,139,2,2
8221,129,126,3,3
8222,114,109,5,5
8223,83,85,-2,2
8224,149,151,-2,2
8225,47,57,-10,10
8226,88,93,-5,5
8227,88,83,5,5
8228,105,112,-7,7
8229,93,108,-15,15
8230,109,98,11,11
8231,87,85,2,2
8232,43,39,4,4
8233,81,75,6,6
8234,101,94,7,7
8235,80,72,8,8
8236,112,112,0,0
8237,92,101,-9,9
8238,102,102,0,0
8239,71,69,2,2
8240,166,167,-1,1
8241,98,93,5,5
8242,129,118,11,11
8243,79,89,-10,10
8244,109,112,-3,3
8245,145,139,6,6
8246,166,164,2,2
8247,76,80,-4,4
8248,46,47,-1,1
8249,113,115,-2,2
8250,75,83,-8,8
8251,86,67,19,19
8252,76,80,-4,4
8253,88,94,-6,6
8254,67,72,-5,5
8255,100,104,-4,4
8256,71,76,-5,5
8257,59,67,-8,8
8258,181,166,15,15
8259,56,60,-4,4
8260,114,98,16,16
8261,92,82,10,10
8262,100,105,-5,5
8263,75,95,-20,20
8264,188,178,10,10
8265,51,55,-4,4
8266,84,92,-8,8
8267,171,196,-25,25
8268,66,61,5,5
8269,92,94,-2,2
8270,122,124,-2,2
8271,40,68,-28,28
8272,87,91,-4,4
8273,122,125,-3,3
8274,98,92,6,6
8275,96,80,16,16
8276,120,115,5,5
8277,82,85,-3,3
8278,88,86,2,2
8279,60,64,-4,4
8280,83,86,-3,3
8281,81,68,13,13
8282,151,146,5,5
8283,187,185,2,2
8284,98,110,-12,12
8285,95,86,9,9
8286,77,76,1,1
8287,144,147,-3,3
8288,81,85,-4,4
8289,91,97,-6,6
8290,149,151,-2,2
8291,99,121,-22,22
8292,96,89,7,7
8293,129,136,-7,7
8294,63,52,11,11
8295,86,81,5,5
8296,64,71,-7,7
8297,74,66,8,8
8298,93,94,-1,1
8299,85,87,-2,2
8300,248,238,10,10
8301,91,88,3,3
8302,58,60,-2,2
8303,93,96,-3,3
8304,93,96,-3,3
8305,55,59,-4,4
8306,102,104,-2,2
8307,107,100,7,7
8308,79,81,-2,2
8309,84,83,1,1
8310,95,96,-1,1
8311,110,111,-1,1
8312,80,81,-1,1
8313,44,76,-32,32
8314,96,95,1,1
8315,59,67,-8,8
8316,109,111,-2,2
8317,198,203,-5,5
8318,81,93,-12,12
8319,119,116,3,3
8320,106,111,-5,5
8321,114,100,14,14
8322,51,66,-15,15
8323,110,116,-6,6
8324,112,114,-2,2
8325,99,100,-1,1
8326,80,75,5,5
8327,59,67,-8,8
8328,110,116,-6,6
8329,125,117,8,8
8330,137,119,18,18
8331,73,82,-9,9
8332,190,197,-7,7
8333,137,144,-7,7
8334,46,44,2,2
8335,124,130,-6,6
8336,87,84,3,3
8337,114,98,16,16
8338,83,78,5,5
8339,85,87,-2,2
8340,142,167,-25,25
8341,108,99,9,9
8342,129,124,5,5
8343,107,99,8,8
8344,109,116,-7,7
8345,144,130,14,14
8346,76,79,-3,3
8347,38,66,-28,28
8348,157,162,-5,5
8349,55,62,-7,7
8350,99,109,-10,10
8351,153,144,9,9
8352,74,74,0,0
8353,74,76,-2,2
8354,78,77,1,1
8355,74,90,-16,16
8356,94,96,-2,2
8357,112,105,7,7
8358,141,149,-8,8
8359,82,78,4,4
8360,160,164,-4,4
8361,103,106,-3,3
8362,110,112,-2,2
8363,42,41,1,1
8364,69,75,-6,6
8365,59,63,-4,4
8366,98,99,-1,1
8367,75,74,1,1
8368,58,55,3,3
8369,74,72,2,2
8370,108,112,-4,4
8371,66,75,-9,9
8372,105,101,4,4
8373,46,60,-14,14
8374,55,59,-4,4
8375,71,76,-5,5
8376,115,107,8,8
8377,88,81,7,7
8378,47,49,-2,2
8379,174,173,1,1
8380,94,87,7,7
8381,74,81,-7,7
8382,84,90,-6,6
8383,85,74,11,11
8384,65,62,3,3
8385,39,42,-3,3
8386,118,104,14,14
8387,101,106,-5,5
8388,78,81,-3,3
8389,97,109,-12,12
8390,104,103,1,1
8391,98,94,4,4
8392,81,98,-17,17
8393,112,117,-5,5
8394,98,99,-1,1
8395,96,103,-7,7
8396,53,56,-3,3
8397,67,83,-16,16
8398,70,79,-9,9
8399,114,107,7,7
8400,104,114,-10,10
8401,65,70,-5,5
8402,80,83,-3,3
8403,96,94,2,2
8404,70,67,3,3
8405,105,112,-7,7
8406,100,92,8,8
8407,160,148,12,12
8408,91,106,-15,15
8409,100,107,-7,7
8410,119,104,15,15
8411,65,67,-2,2
8412,99,108,-9,9
8413,172,148,24,24
8414,83,86,-3,3
8415,85,77,8,8
8416,69,66,3,3
8417,59,68,-9,9
8418,93,102,-9,9
8419,81,80,1,1
8420,75,77,-2,2
8421,62,60,2,2
8422,115,107,8,8
8423,107,145,-38,38
8424,105,104,1,1
8425,51,58,-7,7
8426,76,80,-4,4
8427,88,91,-3,3
8428,145,145,0,0
8429,114,118,-4,4
8430,38,57,-19,19
8431,133,133,0,0
8432,74,76,-2,2
8433,119,125,-6,6
8434,96,92,4,4
8435,143,130,13,13
8436,60,64,-4,4
8437,130,126,4,4
8438,120,108,12,12
8439,122,142,-20,20
8440,113,110,3,3
8441,68,81,-13,13
8442,98,97,1,1
8443,143,133,10,10
8444,77,68,9,9
8445,92,100,-8,8
8446,61,59,2,2
8447,74,78,-4,4
8448,94,83,11,11
8449,102,99,3,3
8450,118,112,6,6
8451,119,129,-10,10
8452,193,184,9,9
8453,95,97,-2,2
8454,89,91,-2,2
8455,129,108,21,21
8456,124,122,2,2
8457,84,82,2,2
8458,76,81,-5,5
8459,55,54,1,1
8460,143,134,9,9
8461,134,124,10,10
8462,88,94,-6,6
8463,132,140,-8,8
8464,114,104,10,10
8465,71,69,2,2
8466,79,72,7,7
8467,101,103,-2,2
8468,134,141,-7,7
8469,61,37,24,24
8470,81,77,4,4
8471,107,116,-9,9
8472,86,84,2,2
8473,83,81,2,2
8474,94,98,-4,4
8475,102,117,-15,15
8476,110,122,-12,12
8477,137,147,-10,10
8478,56,77,-21,21
8479,134,130,4,4
8480,80,88,-8,8
8481,46,59,-13,13
8482,111,117,-6,6
8483,112,104,8,8
8484,121,127,-6,6
8485,113,116,-3,3
8486,91,99,-8,8
8487,47,60,-13,13
8488,65,64,1,1
8489,56,61,-5,5
8490,83,91,-8,8
8491,85,94,-9,9
8492,102,96,6,6
8493,80,88,-8,8
8494,110,114,-4,4
8495,141,146,-5,5
8496,90,95,-5,5
8497,73,70,3,3
8498,60,64,-4,4
8499,178,151,27,27
8500,124,130,-6,6
8501,108,96,12,12
8502,100,108,-8,8
8503,78,80,-2,2
8504,115,131,-16,16
8505,127,142,-15,15
8506,47,44,3,3
8507,58,75,-17,17
8508,151,138,13,13
8509,104,96,8,8
8510,56,69,-13,13
8511,79,96,-17,17
8512,67,69,-2,2
8513,109,114,-5,5
8514,83,75,8,8
8515,101,63,38,38
8516,78,86,-8,8
8517,101,137,-36,36
8518,64,73,-9,9
8519,69,74,-5,5
8520,81,77,4,4
8521,185,179,6,6
8522,89,80,9,9
8523,137,117,20,20
8524,98,96,2,2
8525,185,185,0,0
8526,62,65,-3,3
8527,135,137,-2,2
8528,140,136,4,4
8529,166,169,-3,3
8530,68,65,3,3
8531,100,111,-11,11
8532,122,135,-13,13
8533,105,110,-5,5
8534,129,130,-1,1
8535,117,121,-4,4
8536,74,85,-11,11
8537,91,88,3,3
8538,96,96,0,0
8539,96,104,-8,8
8540,76,85,-9,9
8541,106,102,4,4
8542,71,73,-2,2
8543,43,39,4,4
8544,88,83,5,5
8545,79,91,-12,12
8546,104,96,8,8
8547,82,85,-3,3
8548,112,117,-5,5
8549,104,109,-5,5
8550,55,59,-4,4
8551,90,95,-5,5
8552,47,66,-19,19
8553,111,91,20,20
8554,127,124,3,3
8555,67,73,-6,6
8556,163,151,12,12
8557,154,156,-2,2
8558,63,68,-5,5
8559,50,59,-9,9
8560,56,71,-15,15
8561,104,115,-11,11
8562,80,86,-6,6
8563,83,78,5,5
8564,64,65,-1,1
8565,55,54,1,1
8566,84,74,10,10
8567,130,130,0,0
8568,85,90,-5,5
8569,109,113,-4,4
8570,153,127,26,26
8571,104,104,0,0
8572,129,128,1,1
8573,106,99,7,7
8574,173,182,-9,9
8575,93,93,0,0
8576,93,93,0,0
8577,99,96,3,3
8578,66,70,-4,4
8579,98,91,7,7
8580,110,144,-34,34
8581,50,60,-10,10
8582,104,105,-1,1
8583,110,109,1,1
8584,60,71,-11,11
8585,102,98,4,4
8586,87,75,12,12
8587,133,140,-7,7
8588,133,136,-3,3
8589,122,114,8,8
8590,92,88,4,4
8591,139,136,3,3
8592,52,57,-5,5
8593,83,105,-22,22
8594,91,94,-3,3
8595,65,71,-6,6
8596,113,121,-8,8
8597,77,85,-8,8
8598,161,150,11,11
8599,92,94,-2,2
8600,180,162,18,18
8601,77,67,10,10
8602,109,108,1,1
8603,81,87,-6,6
8604,98,104,-6,6
8605,54,56,-2,2
8606,126,126,0,0
8607,91,97,-6,6
8608,77,81,-4,4
8609,124,123,1,1
8610,78,86,-8,8
8611,189,173,16,16
8612,80,81,-1,1
8613,159,137,22,22
8614,73,80,-7,7
8615,90,104,-14,14
8616,62,62,0,0
8617,90,89,1,1
8618,134,147,-13,13
8619,121,109,12,12
8620,87,81,6,6
8621,59,65,-6,6
8622,89,98,-9,9
8623,105,109,-4,4
8624,97,96,1,1
8625,110,106,4,4
8626,141,129,12,12
8627,85,87,-2,2
8628,132,136,-4,4
8629,89,93,-4,4
8630,75,78,-3,3
8631,81,75,6,6
8632,77,64,13,13
8633,104,109,-5,5
8634,132,149,-17,17
8635,136,131,5,5
8636,82,84,-2,2
8637,85,93,-8,8
8638,76,79,-3,3
8639,109,132,-23,23
8640,51,57,-6,6
8641,85,92,-7,7
8642,58,64,-6,6
8643,161,167,-6,6
8644,85,88,-3,3
8645,61,64,-3,3
8646,82,84,-2,2
8647,114,122,-8,8
8648,113,112,1,1
8649,82,90,-8,8
8650,128,124,4,4
8651,113,116,-3,3
8652,61,69,-8,8
8653,85,79,6,6
8654,112,113,-1,1
8655,76,65,11,11
8656,89,88,1,1
8657,142,127,15,15
8658,81,84,-3,3
8659,143,126,17,17
8660,94,92,2,2
8661,134,103,31,31
8662,59,62,-3,3
8663,55,62,-7,7
8664,75,85,-10,10
8665,87,93,-6,6
8666,69,59,10,10
8667,104,101,3,3
8668,57,55,2,2
8669,68,66,2,2
8670,169,168,1,1
8671,114,116,-2,2
8672,92,91,1,1
8673,97,89,8,8
8674,121,120,1,1
8675,89,85,4,4
8676,116,123,-7,7
8677,93,104,-11,11
8678,116,108,8,8
8679,125,124,1,1
8680,82,104,-22,22
8681,50,51,-1,1
8682,46,55,-9,9
8683,45,50,-5,5
8684,120,124,-4,4
8685,93,93,0,0
8686,102,104,-2,2
8687,126,134,-8,8
8688,108,132,-24,24
8689,110,114,-4,4
8690,101,101,0,0
8691,73,80,-7,7
8692,58,60,-2,2
8693,113,111,2,2
8694,136,142,-6,6
8695,64,68,-4,4
8696,125,151,-26,26
8697,88,81,7,7
8698,92,90,2,2
8699,106,105,1,1
8700,90,106,-16,16
8701,85,94,-9,9
8702,80,88,-8,8
8703,110,98,12,12
8704,80,84,-4,4
8705,117,116,1,1
8706,47,56,-9,9
8707,112,113,-1,1
8708,84,89,-5,5
8709,116,119,-3,3
8710,61,61,0,0
8711,82,77,5,5
8712,164,152,12,12
8713,125,126,-1,1
8714,80,81,-1,1
8715,66,73,-7,7
8716,61,66,-5,5
8717,82,104,-22,22
8718,81,92,-11,11
8719,143,134,9,9
8720,145,136,9,9
8721,75,74,1,1
8722,60,81,-21,21
8723,86,94,-8,8
8724,99,107,-8,8
8725,112,111,1,1
8726,98,97,1,1
8727,96,76,20,20
8728,64,69,-5,5
8729,62,64,-2,2
8730,123,136,-13,13
8731,83,87,-4,4
8732,101,105,-4,4
8733,27,35,-8,8
8734,167,169,-2,2
8735,149,159,-10,10
8736,94,83,11,11
8737,155,160,-5,5
8738,39,51,-12,12
8739,62,66,-4,4
8740,81,77,4,4
8741,58,57,1,1
8742,74,81,-7,7
8743,139,135,4,4
8744,74,69,5,5
8745,84,91,-7,7
8746,155,103,52,52
8747,114,117,-3,3
8748,152,175,-23,23
8749,104,96,8,8
8750,92,100,-8,8
8751,55,60,-5,5
8752,91,88,3,3
8753,90,86,4,4
8754,86,88,-2,2
8755,76,77,-1,1
8756,86,97,-11,11
8757,49,50,-1,1
8758,105,112,-7,7
8759,67,68,-1,1
8760,96,125,-29,29
8761,105,102,3,3
8762,98,85,13,13
8763,114,117,-3,3
8764,114,122,-8,8
8765,103,114,-11,11
8766,128,124,4,4
8767,110,98,12,12
8768,89,80,9,9
8769,67,64,3,3
8770,136,118,18,18
8771,154,143,11,11
8772,62,72,-10,10
8773,109,120,-11,11
8774,91,92,-1,1
8775,63,65,-2,2
8776,172,180,-8,8
8777,93,88,5,5
8778,81,84,-3,3
8779,87,93,-6,6
8780,49,75,-26,26
8781,157,163,-6,6
8782,87,83,4,4
8783,61,84,-23,23
8784,60,58,2,2
8785,129,129,0,0
8786,75,87,-12,12
8787,86,103,-17,17
8788,37,34,3,3
8789,110,115,-5,5
8790,124,117,7,7
8791,65,76,-11,11
8792,148,159,-11,11
8793,73,96,-23,23
8794,105,116,-11,11
8795,70,79,-9,9
8796,63,77,-14,14
8797,71,68,3,3
8798,71,74,-3,3
8799,68,68,0,0
8800,96,93,3,3
8801,87,86,1,1
8802,88,94,-6,6
8803,69,69,0,0
8804,83,94,-11,11
8805,72,81,-9,9
8806,98,105,-7,7
8807,126,124,2,2
8808,45,62,-17,17
8809,52,52,0,0
8810,103,108,-5,5
8811,77,76,1,1
8812,83,73,10,10
8813,73,68,5,5
8814,108,111,-3,3
8815,73,80,-7,7
8816,80,82,-2,2
8817,57,58,-1,1
8818,63,65,-2,2
8819,24,49,-25,25
8820,89,74,15,15
8821,61,59,2,2
8822,97,99,-2,2
8823,85,94,-9,9
8824,143,151,-8,8
8825,129,124,5,5
8826,75,83,-8,8
8827,71,72,-1,1
8828,92,83,9,9
8829,72,65,7,7
8830,91,84,7,7
8831,83,82,1,1
8832,75,85,-10,10
8833,66,73,-7,7
8834,43,54,-11,11
8835,127,124,3,3
8836,125,136,-11,11
8837,44,55,-11,11
8838,51,59,-8,8
8839,54,58,-4,4
8840,203,198,5,5
8841,127,128,-1,1
8842,102,102,0,0
8843,81,76,5,5
8844,69,64,5,5
8845,121,123,-2,2
8846,85,73,12,12
8847,125,123,2,2
8848,138,133,5,5
8849,191,133,58,58
8850,92,102,-10,10
8851,94,87,7,7
8852,128,135,-7,7
8853,35,29,6,6
8854,104,101,3,3
8855,86,84,2,2
8856,132,128,4,4
8857,89,102,-13,13
8858,48,52,-4,4
8859,75,66,9,9
8860,80,70,10,10
8861,100,90,10,10
8862,115,113,2,2
8863,135,136,-1,1
8864,88,93,-5,5
8865,108,100,8,8
8866,141,153,-12,12
8867,81,80,1,1
8868,147,155,-8,8
8869,94,97,-3,3
8870,86,88,-2,2
8871,125,125,0,0
8872,62,72,-10,10
8873,82,87,-5,5
8874,123,120,3,3
8875,80,83,-3,3
8876,108,109,-1,1
8877,91,80,11,11
8878,124,125,-1,1
8879,93,85,8,8
8880,141,163,-22,22
8881,97,77,20,20
8882,177,178,-1,1
8883,80,86,-6,6
8884,133,159,-26,26
8885,98,109,-11,11
8886,104,95,9,9
8887,64,67,-3,3
8888,170,166,4,4
8889,91,93,-2,2
8890,98,97,1,1
8891,125,124,1,1
8892,65,69,-4,4
8893,86,90,-4,4
8894,75,68,7,7
8895,72,77,-5,5
8896,53,63,-10,10
8897,93,84,9,9
8898,69,78,-9,9
8899,95,91,4,4
8900,76,77,-1,1
8901,73,75,-2,2
8902,56,50,6,6
8903,92,89,3,3
8904,43,50,-7,7
8905,60,62,-2,2
8906,74,85,-11,11
8907,85,91,-6,6
8908,91,92,-1,1
8909,92,88,4,4
8910,91,94,-3,3
8911,60,71,-11,11
8912,142,156,-14,14
8913,127,134,-7,7
8914,87,93,-6,6
8915,130,127,3,3
8916,104,103,1,1
8917,62,60,2,2
8918,125,127,-2,2
8919,96,194,-98,98
8920,170,152,18,18
8921,103,115,-12,12
8922,185,165,20,20
8923,80,77,3,3
8924,56,65,-9,9
8925,105,123,-18,18
8926,63,61,2,2
8927,88,89,-1,1
8928,79,87,-8,8
8929,60,69,-9,9
8930,84,84,0,0
8931,123,135,-12,12
8932,107,103,4,4
8933,94,98,-4,4
8934,70,82,-12,12
8935,141,137,4,4
8936,56,52,4,4
8937,166,170,-4,4
8938,120,106,14,14
8939,137,115,22,22
8940,88,81,7,7
8941,127,106,21,21
8942,157,161,-4,4
8943,130,140,-10,10
8944,106,115,-9,9
8945,131,135,-4,4
8946,54,54,0,0
8947,132,128,4,4
8948,80,82,-2,2
8949,81,91,-10,10
8950,128,115,13,13
8951,36,61,-25,25
8952,106,107,-1,1
8953,85,85,0,0
8954,64,69,-5,5
8955,81,83,-2,2
8956,120,120,0,0
8957,130,126,4,4
8958,99,91,8,8
8959,70,70,0,0
8960,78,74,4,4
8961,112,118,-6,6
8962,82,82,0,0
8963,184,169,15,15
8964,129,146,-17,17
8965,111,106,5,5
8966,99,113,-14,14
8967,51,61,-10,10
8968,102,103,-1,1
8969,66,72,-6,6
8970,74,79,-5,5
8971,129,133,-4,4
8972,54,64,-10,10
8973,117,143,-26,26
8974,120,123,-3,3
8975,73,82,-9,9
8976,177,174,3,3
8977,157,159,-2,2
8978,77,79,-2,2
8979,55,56,-1,1
8980,132,124,8,8
8981,180,175,5,5
8982,72,69,3,3
8983,88,95,-7,7
8984,71,75,-4,4
8985,85,85,0,0
8986,51,52,-1,1
8987,61,72,-11,11
8988,76,72,4,4
8989,90,97,-7,7
8990,64,71,-7,7
8991,67,86,-19,19
8992,95,102,-7,7
8993,46,53,-7,7
8994,92,86,6,6
8995,121,143,-22,22
8996,93,101,-8,8
8997,92,94,-2,2
8998,52,52,0,0
8999,112,123,-11,11
9000,66,112,-46,46
9001,76,78,-2,2
9002,157,152,5,5
9003,75,73,2,2
9004,68,72,-4,4
9005,64,74,-10,10
9006,135,128,7,7
9007,107,106,1,1
9008,79,74,5,5
9009,82,82,0,0
9010,101,94,7,7
9011,142,171,-29,29
9012,108,108,0,0
9013,93,107,-14,14
9014,111,116,-5,5
9015,111,110,1,1
9016,101,94,7,7
9017,67,62,5,5
9018,58,61,-3,3
9019,117,113,4,4
9020,100,101,-1,1
9021,96,95,1,1
9022,106,106,0,0
9023,82,90,-8,8
9024,57,62,-5,5
9025,95,86,9,9
9026,92,90,2,2
9027,78,82,-4,4
9028,85,85,0,0
9029,46,50,-4,4
9030,60,70,-10,10
9031,68,77,-9,9
9032,90,91,-1,1
9033,106,109,-3,3
9034,72,77,-5,5
9035,91,92,-1,1
9036,142,139,3,3
9037,63,56,7,7
9038,55,58,-3,3
9039,112,113,-1,1
9040,165,137,28,28
9041,80,79,1,1
9042,58,60,-2,2
9043,96,101,-5,5
9044,69,69,0,0
9045,85,96,-11,11
9046,74,79,-5,5
9047,148,143,5,5
9048,61,61,0,0
9049,114,124,-10,10
9050,117,117,0,0
9051,87,89,-2,2
9052,148,147,1,1
9053,129,127,2,2
9054,100,94,6,6
9055,79,80,-1,1
9056,84,81,3,3
9057,75,82,-7,7
9058,101,99,2,2
9059,74,79,-5,5
9060,98,89,9,9
9061,97,105,-8,8
9062,58,68,-10,10
9063,104,103,1,1
9064,122,119,3,3
9065,33,54,-21,21
9066,62,53,9,9
9067,59,59,0,0
9068,66,71,-5,5
9069,112,113,-1,1
9070,109,105,4,4
9071,67,74,-7,7
9072,157,186,-29,29
9073,147,144,3,3
9074,114,113,1,1
9075,45,45,0,0
9076,71,78,-7,7
9077,135,133,2,2
9078,64,56,8,8
9079,101,116,-15,15
9080,93,99,-6,6
9081,92,87,5,5
9082,128,131,-3,3
9083,90,83,7,7
9084,113,96,17,17
9085,62,73,-11,11
9086,66,61,5,5
9087,69,73,-4,4
9088,90,88,2,2
9089,69,65,4,4
9090,87,87,0,0
9091,70,89,-19,19
9092,88,92,-4,4
9093,60,66,-6,6
9094,172,164,8,8
9095,94,94,0,0
9096,53,57,-4,4
9097,81,78,3,3
9098,103,96,7,7
9099,146,144,2,2
9100,93,99,-6,6
9101,106,115,-9,9
9102,115,106,9,9
9103,171,157,14,14
9104,80,84,-4,4
9105,89,81,8,8
9106,75,86,-11,11
9107,197,194,3,3
9108,52,61,-9,9
9109,56,57,-1,1
9110,76,79,-3,3
9111,136,137,-1,1
9112,127,130,-3,3
9113,102,108,-6,6
9114,100,101,-1,1
9115,154,152,2,2
9116,127,144,-17,17
9117,115,117,-2,2
9118,69,75,-6,6
9119,113,104,9,9
9120,116,119,-3,3
9121,92,94,-2,2
9122,95,105,-10,10
9123,81,76,5,5
9124,81,85,-4,4
9125,148,155,-7,7
9126,94,91,3,3
9127,117,120,-3,3
9128,47,50,-3,3
9129,100,97,3,3
9130,133,134,-1,1
9131,79,100,-21,21
9132,147,142,5,5
9133,62,65,-3,3
9134,77,84,-7,7
9135,154,151,3,3
9136,112,119,-7,7
9137,65,63,2,2
9138,42,42,0,0
9139,114,125,-11,11
9140,114,111,3,3
9141,77,68,9,9
9142,68,77,-9,9
9143,84,98,-14,14
9144,120,127,-7,7
9145,132,135,-3,3
9146,113,128,-15,15
9147,86,83,3,3
9148,78,80,-2,2
9149,73,83,-10,10
9150,68,68,0,0
9151,93,96,-3,3
9152,113,130,-17,17
9153,58,59,-1,1
9154,63,63,0,0
9155,54,53,1,1
9156,123,107,16,16
9157,43,41,2,2
9158,82,78,4,4
9159,144,141,3,3
9160,73,137,-64,64
9161,49,53,-4,4
9162,103,100,3,3
9163,179,185,-6,6
9164,106,107,-1,1
9165,93,104,-11,11
9166,135,152,-17,17
9167,120,126,-6,6
9168,130,129,1,1
9169,79,89,-10,10
9170,82,81,1,1
9171,55,57,-2,2
9172,74,66,8,8
9173,153,163,-10,10
9174,93,97,-4,4
9175,107,101,6,6
9176,136,158,-22,22
9177,88,89,-1,1
9178,56,69,-13,13
9179,171,160,11,11
9180,115,116,-1,1
9181,53,59,-6,6
9182,124,126,-2,2
9183,117,108,9,9
9184,76,79,-3,3
9185,168,157,11,11
9186,78,73,5,5
9187,42,49,-7,7
9188,74,77,-3,3
9189,156,147,9,9
9190,81,71,10,10
9191,88,91,-3,3
9192,169,159,10,10
9193,74,73,1,1
9194,108,113,-5,5
9195,98,87,11,11
9196,175,194,-19,19
9197,39,46,-7,7
9198,47,54,-7,7
9199,100,90,10,10
9200,105,92,13,13
9201,103,102,1,1
9202,114,111,3,3
9203,65,71,-6,6
9204,70,63,7,7
9205,79,68,11,11
9206,96,99,-3,3
9207,123,136,-13,13
9208,94,92,2,2
9209,124,129,-5,5
9210,102,94,8,8
9211,108,106,2,2
9212,78,82,-4,4
9213,111,121,-10,10
9214,84,90,-6,6
9215,58,64,-6,6
9216,124,116,8,8
9217,92,93,-1,1
9218,75,80,-5,5
9219,64,58,6,6
9220,89,84,5,5
9221,88,96,-8,8
9222,58,70,-12,12
9223,116,119,-3,3
9224,57,64,-7,7
9225,98,94,4,4
9226,138,148,-10,10
9227,87,97,-10,10
9228,58,53,5,5
9229,141,130,11,11
9230,72,76,-4,4
9231,63,71,-8,8
9232,173,173,0,0
9233,113,117,-4,4
9234,114,98,16,16
9235,95,83,12,12
9236,80,85,-5,5
9237,75,74,1,1
9238,113,110,3,3
9239,86,96,-10,10
9240,54,57,-3,3
9241,99,97,2,2
9242,149,141,8,8
9243,73,69,4,4
9244,86,77,9,9
9245,108,104,4,4
9246,74,71,3,3
9247,59,75,-16,16
9248,106,114,-8,8
9249,158,147,11,11
9250,45,86,-41,41
9251,77,76,1,1
9252,116,134,-18,18
9253,52,57,-5,5
9254,93,107,-14,14
9255,129,123,6,6
9256,63,66,-3,3
9257,41,48,-7,7
9258,62,62,0,0
9259,168,170,-2,2
9260,117,123,-6,6
9261,142,134,8,8
9262,112,105,7,7
9263,101,99,2,2
9264,86,84,2,2
9265,77,83,-6,6
9266,141,141,0,0
9267,80,94,-14,14
9268,107,125,-18,18
9269,90,88,2,2
9270,65,75,-10,10
9271,57,59,-2,2
9272,89,86,3,3
9273,63,65,-2,2
9274,121,123,-2,2
9275,108,106,2,2
9276,83,85,-2,2
9277,116,117,-1,1
9278,66,72,-6,6
9279,128,132,-4,4
9280,98,101,-3,3
9281,76,80,-4,4
9282,130,128,2,2
9283,55,62,-7,7
9284,64,68,-4,4
9285,107,117,-10,10
9286,117,112,5,5
9287,124,131,-7,7
9288,88,89,-1,1
9289,44,44,0,0
9290,89,93,-4,4
9291,82,98,-16,16
9292,78,77,1,1
9293,63,71,-8,8
9294,60,53,7,7
9295,55,58,-3,3
9296,80,86,-6,6
9297,56,62,-6,6
9298,68,72,-4,4
9299,177,187,-10,10
9300,69,73,-4,4
9301,63,67,-4,4
9302,116,119,-3,3
9303,96,105,-9,9
9304,142,100,42,42
9305,85,82,3,3
9306,56,63,-7,7
9307,91,93,-2,2
9308,72,73,-1,1
9309,69,78,-9,9
9310,114,107,7,7
9311,131,138,-7,7
9312,70,78,-8,8
9313,138,140,-2,2
9314,103,102,1,1
9315,69,79,-10,10
9316,97,108,-11,11
9317,98,118,-20,20
9318,117,113,4,4
9319,95,105,-10,10
9320,130,130,0,0
9321,174,160,14,14
9322,114,114,0,0
9323,87,96,-9,9
9324,92,95,-3,3
9325,57,58,-1,1
9326,93,84,9,9
9327,90,86,4,4
9328,87,96,-9,9
9329,87,88,-1,1
9330,115,126,-11,11
9331,103,108,-5,5
9332,66,68,-2,2
9333,95,92,3,3
9334,98,98,0,0
9335,82,80,2,2
9336,63,60,3,3
9337,39,41,-2,2
9338,60,74,-14,14
9339,112,107,5,5
9340,159,159,0,0
9341,41,47,-6,6
9342,96,98,-2,2
9343,117,111,6,6
9344,69,63,6,6
9345,82,87,-5,5
9346,125,111,14,14
9347,82,81,1,1
9348,65,72,-7,7
9349,92,80,12,12
9350,91,96,-5,5
9351,91,91,0,0
9352,95,107,-12,12
9353,28,26,2,2
9354,64,66,-2,2
9355,73,72,1,1
9356,122,114,8,8
9357,76,83,-7,7
9358,82,85,-3,3
9359,134,129,5,5
9360,118,115,3,3
9361,72,79,-7,7
9362,96,126,-30,30
9363,176,166,10,10
9364,156,160,-4,4
9365,64,99,-35,35
9366,99,111,-12,12
9367,94,93,1,1
9368,84,83,1,1
9369,88,90,-2,2
9370,144,154,-10,10
9371,123,118,5,5
9372,99,111,-12,12
9373,63,82,-19,19
9374,64,72,-8,8
9375,141,136,5,5
9376,71,92,-21,21
9377,166,162,4,4
9378,118,112,6,6
9379,120,112,8,8
9380,145,148,-3,3
9381,87,93,-6,6
9382,90,96,-6,6
9383,80,93,-13,13
9384,125,129,-4,4
9385,59,54,5,5
9386,171,159,12,12
9387,72,66,6,6
9388,121,106,15,15
9389,47,37,10,10
9390,73,84,-11,11
9391,124,111,13,13
9392,87,91,-4,4
9393,95,96,-1,1
9394,77,76,1,1
9395,167,169,-2,2
9396,53,46,7,7
9397,89,88,1,1
9398,83,85,-2,2
9399,77,93,-16,16
9400,127,126,1,1
9401,94,96,-2,2
9402,95,87,8,8
9403,93,100,-7,7
9404,74,85,-11,11
9405,112,121,-9,9
9406,117,108,9,9
9407,69,74,-5,5
9408,88,77,11,11
9409,71,69,2,2
9410,57,48,9,9
9411,89,84,5,5
9412,98,118,-20,20
9413,123,131,-8,8
9414,88,87,1,1
9415,136,127,9,9
9416,85,77,8,8
9417,93,92,1,1
9418,150,158,-8,8
9419,50,50,0,0
9420,77,82,-5,5
9421,87,92,-5,5
9422,123,117,6,6
9423,71,77,-6,6
9424,142,148,-6,6
9425,78,86,-8,8
9426,111,113,-2,2
9427,54,83,-29,29
9428,66,76,-10,10
9429,110,102,8,8
9430,96,96,0,0
9431,56,57,-1,1
9432,17,39,-22,22
9433,84,86,-2,2
9434,108,117,-9,9
9435,103,94,9,9
9436,102,103,-1,1
9437,81,77,4,4
9438,125,127,-2,2
9439,120,136,-16,16
9440,89,90,-1,1
9441,73,72,1,1
9442,110,113,-3,3
9443,86,87,-1,1
9444,94,99,-5,5
9445,76,71,5,5
9446,72,75,-3,3
9447,41,55,-14,14
9448,129,130,-1,1
9449,80,79,1,1
9450,92,86,6,6
9451,208,192,16,16
9452,170,175,-5,5
9453,88,88,0,0
9454,43,60,-17,17
9455,65,65,0,0
9456,52,55,-3,3
9457,44,54,-10,10
9458,96,101,-5,5
9459,165,161,4,4
9460,92,85,7,7
9461,104,98,6,6
9462,131,135,-4,4
9463,73,80,-7,7
9464,131,119,12,12
9465,51,59,-8,8
9466,63,72,-9,9
9467,107,117,-10,10
9468,109,135,-26,26
9469,131,120,11,11
9470,96,91,5,5
9471,90,83,7,7
9472,60,70,-10,10
9473,106,109,-3,3
9474,101,84,17,17
9475,67,70,-3,3
9476,117,115,2,2
9477,76,95,-19,19
9478,78,68,10,10
9479,94,91,3,3
9480,95,96,-1,1
9481,78,65,13,13
9482,133,138,-5,5
9483,41,49,-8,8
9484,105,78,27,27
9485,102,96,6,6
9486,88,93,-5,5
9487,106,111,-5,5
9488,89,89,0,0
9489,98,102,-4,4
9490,128,128,0,0
9491,102,107,-5,5
9492,132,140,-8,8
9493,101,98,3,3
9494,144,143,1,1
9495,61,61,0,0
9496,61,63,-2,2
9497,114,124,-10,10
9498,125,125,0,0
9499,70,69,1,1
9500,83,83,0,0
9501,147,150,-3,3
9502,97,105,-8,8
9503,82,90,-8,8
9504,87,82,5,5
9505,94,93,1,1
9506,54,72,-18,18
9507,71,82,-11,11
9508,105,97,8,8
9509,87,87,0,0
9510,95,107,-12,12
9511,71,81,-10,10
9512,76,83,-7,7
9513,123,122,1,1
9514,127,135,-8,8
9515,84,100,-16,16
9516,48,60,-12,12
9517,108,97,11,11
9518,157,138,19,19
9519,54,61,-7,7
9520,100,94,6,6
9521,118,121,-3,3
9522,57,58,-1,1
9523,137,136,1,1
9524,80,84,-4,4
9525,48,57,-9,9
9526,49,52,-3,3
9527,94,101,-7,7
9528,101,95,6,6
9529,64,67,-3,3
9530,114,131,-17,17
9531,82,84,-2,2
9532,62,68,-6,6
9533,57,67,-10,10
9534,88,97,-9,9
9535,92,97,-5,5
9536,66,80,-14,14
9537,76,82,-6,6
9538,59,58,1,1
9539,89,93,-4,4
9540,63,67,-4,4
9541,51,62,-11,11
9542,123,121,2,2
9543,88,90,-2,2
9544,59,70,-11,11
9545,66,68,-2,2
9546,135,123,12,12
9547,54,62,-8,8
9548,24,39,-15,15
9549,91,79,12,12
9550,166,169,-3,3
9551,45,46,-1,1
9552,95,94,1,1
9553,99,105,-6,6
9554,70,78,-8,8
9555,81,73,8,8
9556,97,84,13,13
9557,75,90,-15,15
9558,55,65,-10,10
9559,86,97,-11,11
9560,172,167,5,5
9561,65,74,-9,9
9562,174,175,-1,1
9563,78,82,-4,4
9564,81,89,-8,8
9565,68,65,3,3
9566,74,67,7,7
9567,46,50,-4,4
9568,119,131,-12,12
9569,48,53,-5,5
9570,112,123,-11,11
9571,135,157,-22,22
9572,91,78,13,13
9573,103,96,7,7
9574,95,118,-23,23
9575,91,78,13,13
9576,201,186,15,15
9577,89,89,0,0
9578,71,81,-10,10
9579,198,196,2,2
9580,93,84,9,9
9581,82,81,1,1
9582,132,130,2,2
9583,79,92,-13,13
9584,60,68,-8,8
9585,72,83,-11,11
9586,107,119,-12,12
9587,112,108,4,4
9588,99,109,-10,10
9589,104,108,-4,4
9590,68,68,0,0
9591,57,63,-6,6
9592,47,57,-10,10
9593,96,100,-4,4
9594,95,112,-17,17
9595,43,57,-14,14
9596,116,105,11,11
9597,65,64,1,1
9598,106,104,2,2
9599,117,133,-16,16
9600,96,93,3,3
9601,67,74,-7,7
9602,100,101,-1,1
9603,108,111,-3,3
9604,103,104,-1,1
9605,58,59,-1,1
9606,88,89,-1,1
9607,133,133,0,0
9608,161,160,1,1
9609,95,95,0,0
9610,99,90,9,9
9611,69,77,-8,8
9612,112,106,6,6
9613,127,122,5,5
9614,66,69,-3,3
9615,116,123,-7,7
9616,105,98,7,7
9617,100,97,3,3
9618,93,97,-4,4
9619,79,84,-5,5
9620,121,112,9,9
9621,86,95,-9,9
9622,88,84,4,4
9623,177,158,19,19
9624,67,64,3,3
9625,73,71,2,2
9626,105,100,5,5
9627,115,117,-2,2
9628,141,136,5,5
9629,75,74,1,1
9630,58,60,-2,2
9631,86,90,-4,4
9632,137,139,-2,2
9633,113,115,-2,2
9634,92,87,5,5
9635,83,90,-7,7
9636,103,126,-23,23
9637,145,145,0,0
9638,84,86,-2,2
9639,123,128,-5,5
9640,104,105,-1,1
9641,61,62,-1,1
9642,79,73,6,6
9643,90,118,-28,28
9644,115,118,-3,3
9645,138,150,-12,12
9646,80,80,0,0
9647,92,104,-12,12
9648,126,126,0,0
9649,62,54,8,8
9650,81,82,-1,1
9651,88,79,9,9
9652,90,100,-10,10
9653,70,72,-2,2
9654,113,108,5,5
9655,81,85,-4,4
9656,70,86,-16,16
9657,87,88,-1,1
9658,62,75,-13,13
9659,54,55,-1,1
9660,85,94,-9,9
9661,76,70,6,6
9662,44,49,-5,5
9663,106,102,4,4
9664,116,108,8,8
9665,114,123,-9,9
9666,156,157,-1,1
9667,127,120,7,7
9668,61,60,1,1
9669,57,62,-5,5
9670,128,128,0,0
9671,90,79,11,11
9672,113,107,6,6
9673,81,77,4,4
9674,48,55,-7,7
9675,47,56,-9,9
9676,139,131,8,8
9677,154,156,-2,2
9678,104,112,-8,8
9679,97,99,-2,2
9680,123,121,2,2
9681,68,62,6,6
9682,94,97,-3,3
9683,77,87,-10,10
9684,45,45,0,0
9685,78,80,-2,2
9686,75,77,-2,2
9687,79,79,0,0
9688,175,173,2,2
9689,117,113,4,4
9690,108,102,6,6
9691,106,116,-10,10
9692,82,70,12,12
9693,112,108,4,4
9694,74,76,-2,2
9695,117,121,-4,4
9696,94,103,-9,9
9697,226,224,2,2
9698,120,113,7,7
9699,40,45,-5,5
9700,40,112,-72,72
9701,119,124,-5,5
9702,51,62,-11,11
9703,61,63,-2,2
9704,119,119,0,0
9705,97,89,8,8
9706,70,76,-6,6
9707,101,90,11,11
9708,160,157,3,3
9709,88,84,4,4
9710,41,48,-7,7
9711,86,78,8,8
9712,76,73,3,3
9713,66,76,-10,10
9714,110,115,-5,5
9715,120,118,2,2
9716,97,109,-12,12
9717,89,97,-8,8
9718,117,120,-3,3
9719,59,69,-10,10
9720,145,142,3,3
9721,84,76,8,8
9722,78,87,-9,9
9723,65,60,5,5
9724,62,72,-10,10
9725,114,119,-5,5
9726,76,83,-7,7
9727,51,55,-4,4
9728,131,153,-22,22
9729,162,186,-24,24
9730,90,103,-13,13
9731,95,105,-10,10
9732,49,60,-11,11
9733,81,85,-4,4
9734,103,107,-4,4
9735,136,146,-10,10
9736,116,120,-4,4
9737,74,78,-4,4
9738,54,61,-7,7
9739,110,120,-10,10
9740,113,101,12,12
9741,142,125,17,17
9742,130,109,21,21
9743,156,157,-1,1
9744,186,202,-16,16
9745,70,71,-1,1
9746,115,109,6,6
9747,149,133,16,16
9748,135,131,4,4
9749,72,68,4,4
9750,143,146,-3,3
9751,190,180,10,10
9752,117,132,-15,15
9753,124,105,19,19
9754,78,90,-12,12
9755,90,99,-9,9
9756,49,49,0,0
9757,52,61,-9,9
9758,48,62,-14,14
9759,69,70,-1,1
9760,69,74,-5,5
9761,40,49,-9,9
9762,89,97,-8,8
9763,85,84,1,1
9764,104,119,-15,15
9765,130,126,4,4
9766,110,85,25,25
9767,136,125,11,11
9768,91,86,5,5
9769,83,85,-2,2
9770,50,50,0,0
9771,104,109,-5,5
9772,83,83,0,0
9773,114,113,1,1
9774,119,134,-15,15
9775,88,89,-1,1
9776,68,98,-30,30
9777,84,101,-17,17
9778,93,74,19,19
9779,56,75,-19,19
9780,66,69,-3,3
9781,60,70,-10,10
9782,58,69,-11,11
9783,142,159,-17,17
9784,197,183,14,14
9785,53,58,-5,5
9786,86,97,-11,11
9787,85,86,-1,1
9788,153,141,12,12
9789,58,60,-2,2
9790,78,92,-14,14
9791,159,157,2,2
9792,129,134,-5,5
9793,115,113,2,2
9794,64,66,-2,2
9795,142,141,1,1
9796,83,80,3,3
9797,171,190,-19,19
9798,137,97,40,40
9799,107,112,-5,5
9800,101,100,1,1
9801,75,63,12,12
9802,103,101,2,2
9803,80,83,-3,3
9804,51,55,-4,4
9805,92,83,9,9
9806,88,90,-2,2
9807,96,107,-11,11
9808,140,125,15,15
9809,107,106,1,1
9810,59,59,0,0
9811,128,119,9,9
9812,80,79,1,1
9813,40,48,-8,8
9814,139,142,-3,3
9815,79,74,5,5
9816,89,85,4,4
9817,127,128,-1,1
9818,132,125,7,7
9819,104,111,-7,7
9820,100,90,10,10
9821,76,84,-8,8
9822,182,155,27,27
9823,43,40,3,3
9824,56,59,-3,3
9825,140,138,2,2
9826,98,100,-2,2
9827,66,77,-11,11
9828,52,62,-10,10
9829,100,97,3,3
9830,131,120,11,11
9831,47,37,10,10
9832,57,56,1,1
9833,58,62,-4,4
9834,100,101,-1,1
9835,143,154,-11,11
9836,81,76,5,5
9837,130,89,41,41
9838,63,73,-10,10
9839,84,89,-5,5
9840,86,88,-2,2
9841,118,108,10,10
9842,109,100,9,9
9843,176,198,-22,22
9844,68,73,-5,5
9845,102,110,-8,8
9846,65,65,0,0
9847,88,92,-4,4
9848,127,120,7,7
9849,56,61,-5,5
9850,104,105,-1,1
9851,105,97,8,8
9852,84,86,-2,2
9853,27,66,-39,39
9854,95,99,-4,4
9855,77,79,-2,2
9856,192,207,-15,15
9857,78,70,8,8
9858,122,123,-1,1
9859,80,86,-6,6
9860,94,81,13,13
9861,126,124,2,2
9862,44,47,-3,3
9863,73,81,-8,8
9864,104,82,22,22
9865,71,62,9,9
9866,65,76,-11,11
9867,96,80,16,16
9868,116,98,18,18
9869,103,112,-9,9
9870,129,129,0,0
9871,143,147,-4,4
9872,100,121,-21,21
9873,133,130,3,3
9874,64,64,0,0
9875,121,126,-5,5
9876,61,68,-7,7
9877,55,59,-4,4
9878,49,47,2,2
9879,86,88,-2,2
9880,85,85,0,0
9881,61,65,-4,4
9882,128,144,-16,16
9883,91,74,17,17
9884,99,86,13,13
9885,92,94,-2,2
9886,179,180,-1,1
9887,114,102,12,12
9888,66,58,8,8
9889,78,87,-9,9
9890,69,71,-2,2
9891,121,121,0,0
9892,85,71,14,14
9893,110,128,-18,18
9894,92,102,-10,10
9895,117,104,13,13
9896,174,177,-3,3
9897,135,146,-11,11
9898,64,62,2,2
9899,75,74,1,1
9900,97,117,-20,20
9901,120,124,-4,4
9902,102,102,0,0
9903,91,87,4,4
9904,70,75,-5,5
9905,64,71,-7,7
9906,49,54,-5,5
9907,94,90,4,4
9908,71,79,-8,8
9909,136,165,-29,29
9910,68,69,-1,1
9911,122,124,-2,2
9912,73,72,1,1
9913,114,117,-3,3
9914,98,104,-6,6
9915,104,107,-3,3
9916,103,106,-3,3
9917,108,102,6,6
9918,127,132,-5,5
9919,130,139,-9,9
9920,95,99,-4,4
9921,89,86,3,3
9922,73,77,-4,4
9923,157,142,15,15
9924,103,100,3,3
9925,105,104,1,1
9926,112,101,11,11
9927,109,105,4,4
9928,79,73,6,6
9929,92,116,-24,24
9930,72,65,7,7
9931,48,51,-3,3
9932,98,89,9,9
9933,111,115,-4,4
9934,119,114,5,5
9935,139,127,12,12
9936,55,66,-11,11
9937,107,120,-13,13
9938,135,151,-16,16
9939,102,106,-4,4
9940,88,95,-7,7
9941,105,118,-13,13
9942,136,125,11,11
9943,82,83,-1,1
9944,67,62,5,5
9945,123,127,-4,4
9946,120,127,-7,7
9947,94,105,-11,11
9948,51,53,-2,2
9949,95,89,6,6
9950,92,90,2,2
9951,154,134,20,20
9952,76,87,-11,11
9953,59,61,-2,2
9954,153,144,9,9
9955,66,80,-14,14
9956,96,104,-8,8
9957,131,135,-4,4
9958,81,80,1,1
9959,80,82,-2,2
9960,59,62,-3,3
9961,72,78,-6,6
9962,148,140,8,8
9963,123,142,-19,19
9964,72,78,-6,6
9965,59,64,-5,5
9966,145,148,-3,3
9967,95,101,-6,6
9968,125,126,-1,1
9969,79,79,0,0
9970,79,80,-1,1
9971,68,79,-11,11
9972,135,146,-11,11
9973,96,99,-3,3
9974,64,69,-5,5
9975,62,58,4,4
9976,102,101,1,1
9977,141,145,-4,4
9978,82,67,15,15
9979,84,75,9,9
9980,85,86,-1,1
9981,77,80,-3,3
9982,107,98,9,9
9983,94,91,3,3
9984,84,74,10,10
9985,90,88,2,2
9986,127,119,8,8
9987,94,97,-3,3
9988,142,181,-39,39
9989,88,101,-13,13
9990,104,101,3,3
9991,66,72,-6,6
9992,48,54,-6,6
9993,76,76,0,0
9994,105,113,-8,8
9995,62,60,2,2
9996,82,84,-2,2
9997,123,128,-5,5
9998,88,97,-9,9
9999,68,60,8,8
10000,171,149,22,22
10001,134,135,-1,1
10002,81,78,3,3
10003,66,68,-2,2
10004,49,49,0,0
10005,92,91,1,1
10006,121,121,0,0
10007,133,128,5,5
10008,147,143,4,4
10009,81,83,-2,2
10010,69,74,-5,5
10011,83,92,-9,9
10012,88,87,1,1
10013,59,54,5,5
10014,91,97,-6,6
10015,153,159,-6,6
10016,114,108,6,6
10017,77,88,-11,11
10018,85,59,26,26
10019,80,78,2,2
10020,74,81,-7,7
10021,169,171,-2,2
10022,108,110,-2,2
10023,121,127,-6,6
10024,83,79,4,4
10025,56,55,1,1
10026,74,79,-5,5
10027,53,58,-5,5
10028,80,85,-5,5
10029,79,86,-7,7
10030,117,119,-2,2
10031,174,165,9,9
10032,77,70,7,7
10033,114,98,16,16
10034,79,91,-12,12
10035,158,154,4,4
10036,80,81,-1,1
10037,90,121,-31,31
10038,111,112,-1,1
10039,155,145,10,10
10040,55,63,-8,8
10041,74,76,-2,2
10042,62,66,-4,4
10043,138,139,-1,1
10044,143,155,-12,12
10045,113,125,-12,12
10046,100,112,-12,12
10047,115,101,14,14
10048,49,53,-4,4
10049,139,146,-7,7
10050,114,128,-14,14
10051,125,133,-8,8
10052,61,67,-6,6
10053,136,136,0,0
10054,77,72,5,5
10055,211,199,12,12
10056,66,59,7,7
10057,111,104,7,7
10058,122,125,-3,3
10059,139,137,2,2
10060,121,109,12,12
10061,108,117,-9,9
10062,85,104,-19,19
10063,110,115,-5,5
10064,62,73,-11,11
10065,107,100,7,7
10066,49,49,0,0
10067,82,82,0,0
10068,92,92,0,0
10069,59,65,-6,6
10070,56,57,-1,1
10071,105,100,5,5
10072,61,72,-11,11
10073,95,105,-10,10
10074,56,61,-5,5
10075,148,151,-3,3
10076,123,131,-8,8
10077,111,124,-13,13
10078,75,62,13,13
10079,139,155,-16,16
10080,68,80,-12,12
10081,90,83,7,7
10082,150,164,-14,14
10083,133,121,12,12
10084,49,53,-4,4
10085,62,69,-7,7
10086,111,104,7,7
10087,117,121,-4,4
10088,151,155,-4,4
10089,100,100,0,0
10090,42,53,-11,11
10091,78,75,3,3
10092,48,54,-6,6
10093,118,115,3,3
10094,70,65,5,5
10095,117,132,-15,15
10096,61,80,-19,19
10097,94,101,-7,7
10098,78,84,-6,6
10099,170,163,7,7
10100,68,69,-1,1
10101,78,78,0,0
10102,47,52,-5,5
10103,130,113,17,17
10104,80,72,8,8
10105,70,77,-7,7
10106,49,65,-16,16
10107,117,116,1,1
10108,86,88,-2,2
10109,82,81,1,1
10110,54,52,2,2
10111,160,159,1,1
10112,78,94,-16,16
10113,82,88,-6,6
10114,59,59,0,0
10115,115,108,7,7
10116,86,90,-4,4
10117,119,118,1,1
10118,116,117,-1,1
10119,90,99,-9,9
10120,75,81,-6,6
10121,81,74,7,7
10122,87,86,1,1
10123,108,105,3,3
10124,50,55,-5,5
10125,53,52,1,1
10126,130,138,-8,8
10127,125,112,13,13
10128,118,114,4,4
10129,112,115,-3,3
10130,62,81,-19,19
10131,105,103,2,2
10132,90,96,-6,6
10133,143,149,-6,6
10134,58,65,-7,7
10135,64,69,-5,5
10136,108,105,3,3
10137,98,86,12,12
10138,136,119,17,17
10139,101,117,-16,16
10140,85,92,-7,7
10141,92,97,-5,5
10142,144,136,8,8
10143,80,84,-4,4
10144,110,100,10,10
10145,66,64,2,2
10146,73,73,0,0
10147,59,62,-3,3
10148,88,99,-11,11
10149,74,75,-1,1
10150,61,61,0,0
10151,125,118,7,7
10152,55,53,2,2
10153,115,111,4,4
10154,58,66,-8,8
10155,76,81,-5,5
10156,137,145,-8,8
10157,81,86,-5,5
10158,116,110,6,6
10159,81,82,-1,1
10160,94,88,6,6
10161,78,96,-18,18
10162,80,76,4,4
10163,99,100,-1,1
10164,118,118,0,0
10165,137,136,1,1
10166,98,103,-5,5
10167,71,67,4,4
10168,83,86,-3,3
10169,132,149,-17,17
10170,69,70,-1,1
10171,119,115,4,4
10172,101,119,-18,18
10173,92,97,-5,5
10174,74,76,-2,2
10175,95,101,-6,6
10176,67,78,-11,11
10177,50,67,-17,17
10178,106,101,5,5
10179,102,96,6,6
10180,359,263,96,96
10181,58,67,-9,9
10182,94,96,-2,2
10183,90,81,9,9
10184,88,89,-1,1
10185,105,96,9,9
10186,75,75,0,0
10187,89,94,-5,5
10188,86,81,5,5
10189,133,133,0,0
10190,35,45,-10,10
10191,88,78,10,10
10192,177,167,10,10
10193,100,103,-3,3
10194,65,65,0,0
10195,104,101,3,3
10196,67,63,4,4
10197,86,84,2,2
10198,123,117,6,6
10199,108,105,3,3
10200,84,86,-2,2
10201,54,65,-11,11
10202,95,99,-4,4
10203,86,94,-8,8
10204,70,83,-13,13
10205,84,80,4,4
10206,107,102,5,5
10207,45,50,-5,5
10208,85,96,-11,11
10209,79,80,-1,1
10210,125,127,-2,2
10211,92,93,-1,1
10212,74,79,-5,5
10213,139,152,-13,13
10214,84,84,0,0
10215,103,122,-19,19
10216,60,72,-12,12
10217,78,84,-6,6
10218,69,75,-6,6
10219,131,137,-6,6
10220,102,102,0,0
10221,69,70,-1,1
10222,58,61,-3,3
10223,43,53,-10,10
10224,29,26,3,3
10225,86,89,-3,3
10226,114,118,-4,4
10227,38,61,-23,23
10228,113,125,-12,12
10229,74,82,-8,8
10230,67,68,-1,1
10231,221,219,2,2
10232,103,92,11,11
10233,224,227,-3,3
10234,82,104,-22,22
10235,104,105,-1,1
10236,115,112,3,3
10237,70,87,-17,17
10238,92,90,2,2
10239,118,118,0,0
10240,159,155,4,4
10241,124,120,4,4
10242,165,143,22,22
10243,118,119,-1,1
10244,79,77,2,2
10245,113,109,4,4
10246,61,64,-3,3
10247,112,115,-3,3
10248,68,70,-2,2
10249,71,75,-4,4
10250,127,120,7,7
10251,82,86,-4,4
10252,63,68,-5,5
10253,189,210,-21,21
10254,73,68,5,5
10255,76,71,5,5
10256,99,112,-13,13
10257,131,132,-1,1
10258,88,92,-4,4
10259,61,64,-3,3
10260,135,145,-10,10
10261,52,59,-7,7
10262,114,120,-6,6
10263,82,84,-2,2
10264,106,109,-3,3
10265,102,119,-17,17
10266,105,123,-18,18
10267,77,85,-8,8
10268,66,58,8,8
10269,129,127,2,2
10270,73,76,-3,3
10271,77,79,-2,2
10272,70,68,2,2
10273,40,36,4,4
10274,55,64,-9,9
10275,130,137,-7,7
10276,168,166,2,2
10277,76,63,13,13
10278,136,134,2,2
10279,104,116,-12,12
10280,52,55,-3,3
10281,151,147,4,4
10282,74,78,-4,4
10283,60,68,-8,8
10284,90,79,11,11
10285,81,88,-7,7
10286,118,125,-7,7
10287,96,95,1,1
10288,96,84,12,12
10289,151,156,-5,5
10290,125,124,1,1
10291,73,72,1,1
10292,107,102,5,5
10293,113,119,-6,6
10294,118,124,-6,6
10295,71,83,-12,12
10296,68,70,-2,2
10297,65,72,-7,7
10298,48,53,-5,5
10299,73,76,-3,3
10300,86,115,-29,29
10301,45,49,-4,4
10302,87,87,0,0
10303,113,114,-1,1
10304,137,131,6,6
10305,114,124,-10,10
10306,61,66,-5,5
10307,106,97,9,9
10308,128,113,15,15
10309,111,117,-6,6
10310,100,102,-2,2
10311,100,99,1,1
10312,133,144,-11,11
10313,96,99,-3,3
10314,133,149,-16,16
10315,130,132,-2,2
10316,78,81,-3,3
10317,130,118,12,12
10318,110,131,-21,21
10319,75,81,-6,6
10320,144,145,-1,1
10321,81,89,-8,8
10322,63,70,-7,7
10323,122,127,-5,5
10324,119,123,-4,4
10325,99,96,3,3
10326,111,111,0,0
10327,143,129,14,14
10328,104,122,-18,18
10329,93,90,3,3
10330,72,80,-8,8
10331,79,84,-5,5
10332,128,128,0,0
10333,99,96,3,3
10334,76,83,-7,7
10335,100,103,-3,3
10336,70,72,-2,2
10337,148,153,-5,5
10338,68,68,0,0
10339,100,117,-17,17
10340,74,83,-9,9
10341,86,89,-3,3
10342,93,90,3,3
10343,138,119,19,19
10344,149,167,-18,18
10345,65,63,2,2
10346,89,96,-7,7
10347,117,87,30,30
10348,98,96,2,2
10349,127,132,-5,5
10350,106,104,2,2
10351,68,68,0,0
10352,160,144,16,16
10353,83,96,-13,13
10354,129,120,9,9
10355,117,102,15,15
10356,74,82,-8,8
10357,101,103,-2,2
10358,113,97,16,16
10359,121,124,-3,3
10360,122,136,-14,14
10361,117,116,1,1
10362,131,141,-10,10
10363,68,64,4,4
10364,86,104,-18,18
10365,97,92,5,5
10366,125,128,-3,3
10367,65,73,-8,8
10368,49,43,6,6
10369,81,85,-4,4
10370,103,111,-8,8
10371,110,105,5,5
10372,86,90,-4,4
10373,103,102,1,1
10374,103,108,-5,5
10375,59,60,-1,1
10376,119,110,9,9
10377,40,45,-5,5
10378,102,108,-6,6
10379,120,114,6,6
10380,103,110,-7,7
10381,101,98,3,3
10382,106,107,-1,1
10383,110,118,-8,8
10384,82,78,4,4
10385,88,85,3,3
10386,174,187,-13,13
10387,99,95,4,4
10388,66,70,-4,4
10389,105,114,-9,9
10390,59,62,-3,3
10391,128,117,11,11
10392,53,62,-9,9
10393,123,136,-13,13
10394,88,91,-3,3
10395,80,82,-2,2
10396,72,84,-12,12
10397,73,78,-5,5
10398,60,58,2,2
10399,88,87,1,1
10400,82,83,-1,1
10401,156,150,6,6
10402,163,153,10,10
10403,73,70,3,3
10404,105,96,9,9
10405,137,130,7,7
10406,74,76,-2,2
10407,85,86,-1,1
10408,71,83,-12,12
10409,56,63,-7,7
10410,95,84,11,11
10411,48,52,-4,4
10412,113,117,-4,4
10413,96,95,1,1
10414,111,110,1,1
10415,80,107,-27,27
10416,44,41,3,3
10417,73,72,1,1
10418,132,115,17,17
10419,100,89,11,11
10420,126,119,7,7
10421,77,87,-10,10
10422,81,97,-16,16
10423,68,56,12,12
10424,73,96,-23,23
10425,100,91,9,9
10426,98,93,5,5
10427,60,59,1,1
10428,110,114,-4,4
10429,102,103,-1,1
10430,75,75,0,0
10431,138,144,-6,6
10432,81,76,5,5
10433,108,120,-12,12
10434,148,140,8,8
10435,59,58,1,1
10436,88,94,-6,6
10437,104,82,22,22
10438,72,64,8,8
10439,82,85,-3,3
10440,93,96,-3,3
10441,93,87,6,6
10442,160,163,-3,3
10443,129,126,3,3
10444,113,121,-8,8
10445,116,101,15,15
10446,119,119,0,0
10447,86,85,1,1
10448,44,66,-22,22
10449,76,71,5,5
10450,61,62,-1,1
10451,80,88,-8,8
10452,99,94,5,5
10453,87,103,-16,16
10454,117,124,-7,7
10455,50,69,-19,19
10456,150,141,9,9
10457,123,118,5,5
10458,100,87,13,13
10459,147,147,0,0
10460,185,199,-14,14
10461,59,70,-11,11
10462,81,76,5,5
10463,61,74,-13,13
10464,126,130,-4,4
10465,82,83,-1,1
10466,100,100,0,0
10467,81,79,2,2
10468,39,57,-18,18
10469,77,75,2,2
10470,51,48,3,3
10471,98,110,-12,12
10472,133,152,-19,19
10473,80,83,-3,3
10474,151,144,7,7
10475,88,82,6,6
10476,55,54,1,1
10477,72,76,-4,4
10478,75,89,-14,14
10479,77,72,5,5
10480,81,72,9,9
10481,144,142,2,2
10482,121,97,24,24
10483,57,62,-5,5
10484,69,82,-13,13
10485,99,103,-4,4
10486,64,77,-13,13
10487,130,119,11,11
10488,106,116,-10,10
10489,72,76,-4,4
10490,67,80,-13,13
10491,68,66,2,2
10492,79,90,-11,11
10493,81,89,-8,8
10494,69,70,-1,1
10495,67,71,-4,4
10496,73,72,1,1
10497,39,43,-4,4
10498,112,116,-4,4
10499,71,77,-6,6
10500,132,128,4,4
10501,133,140,-7,7
10502,95,94,1,1
10503,112,113,-1,1
10504,112,101,11,11
10505,99,125,-26,26
10506,71,85,-14,14
10507,127,142,-15,15
10508,89,98,-9,9
10509,87,78,9,9
10510,124,126,-2,2
10511,66,71,-5,5
10512,92,103,-11,11
10513,80,75,5,5
10514,94,101,-7,7
10515,146,166,-20,20
10516,139,141,-2,2
10517,136,141,-5,5
10518,63,61,2,2
10519,54,56,-2,2
10520,171,166,5,5
10521,91,81,10,10
10522,170,165,5,5
10523,147,133,14,14
10524,70,71,-1,1
10525,140,155,-15,15
10526,117,118,-1,1
10527,72,68,4,4
10528,132,128,4,4
10529,63,62,1,1
10530,102,110,-8,8
10531,81,86,-5,5
10532,90,82,8,8
10533,87,92,-5,5
10534,127,126,1,1
10535,56,56,0,0
10536,44,50,-6,6
10537,122,118,4,4
10538,111,111,0,0
10539,66,72,-6,6
10540,110,120,-10,10
10541,101,112,-11,11
10542,119,132,-13,13
10543,75,84,-9,9
10544,65,64,1,1
10545,55,57,-2,2
10546,76,84,-8,8
10547,70,76,-6,6
10548,157,181,-24,24
10549,27,47,-20,20
10550,83,79,4,4
10551,125,127,-2,2
10552,95,110,-15,15
10553,86,80,6,6
10554,116,122,-6,6
10555,66,64,2,2
10556,144,172,-28,28
10557,96,103,-7,7
10558,94,97,-3,3
10559,37,46,-9,9
10560,195,186,9,9
10561,108,109,-1,1
10562,130,130,0,0
10563,78,85,-7,7
10564,57,59,-2,2
10565,72,67,5,5
10566,57,73,-16,16
10567,90,109,-19,19
10568,67,57,10,10
10569,157,165,-8,8
10570,57,64,-7,7
10571,94,101,-7,7
10572,69,74,-5,5
10573,86,88,-2,2
10574,58,57,1,1
10575,105,108,-3,3
10576,74,73,1,1
10577,116,98,18,18
10578,78,76,2,2
10579,115,107,8,8
10580,64,70,-6,6
10581,127,122,5,5
10582,77,79,-2,2
10583,99,78,21,21
10584,68,71,-3,3
10585,101,116,-15,15
10586,88,86,2,2
10587,121,126,-5,5
10588,100,106,-6,6
10589,87,72,15,15
10590,80,76,4,4
10591,43,43,0,0
10592,103,118,-15,15
10593,149,142,7,7
10594,67,72,-5,5
10595,110,120,-10,10
10596,127,121,6,6
10597,55,61,-6,6
10598,133,136,-3,3
10599,82,84,-2,2
10600,45,50,-5,5
10601,59,59,0,0
10602,120,118,2,2
10603,103,116,-13,13
10604,145,151,-6,6
10605,119,132,-13,13
10606,75,84,-9,9
10607,74,71,3,3
10608,109,112,-3,3
10609,148,151,-3,3
10610,80,82,-2,2
10611,68,72,-4,4
10612,116,121,-5,5
10613,114,111,3,3
10614,100,97,3,3
10615,72,78,-6,6
10616,119,137,-18,18
10617,96,89,7,7
10618,58,62,-4,4
10619,132,142,-10,10
10620,169,171,-2,2
10621,70,71,-1,1
10622,90,92,-2,2
10623,93,92,1,1
10624,107,120,-13,13
10625,124,116,8,8
10626,43,55,-12,12
10627,102,100,2,2
10628,107,112,-5,5
10629,61,64,-3,3
10630,62,72,-10,10
10631,72,70,2,2
10632,129,122,7,7
10633,74,73,1,1
10634,81,85,-4,4
10635,107,97,10,10
10636,79,70,9,9
10637,43,43,0,0
10638,72,73,-1,1
10639,102,89,13,13
10640,93,92,1,1
10641,90,93,-3,3
10642,66,59,7,7
10643,125,122,3,3
10644,73,73,0,0
10645,78,82,-4,4
10646,49,50,-1,1
10647,81,76,5,5
10648,74,81,-7,7
10649,78,80,-2,2
10650,82,82,0,0
10651,92,120,-28,28
10652,110,95,15,15
10653,96,93,3,3
10654,83,95,-12,12
10655,143,138,5,5
10656,88,79,9,9
10657,111,115,-4,4
10658,54,53,1,1
10659,66,71,-5,5
10660,68,84,-16,16
10661,57,65,-8,8
10662,169,149,20,20
10663,63,71,-8,8
10664,131,138,-7,7
10665,102,107,-5,5
10666,47,52,-5,5
10667,58,74,-16,16
10668,127,121,6,6
10669,100,84,16,16
10670,109,115,-6,6
10671,109,105,4,4
10672,92,93,-1,1
10673,93,87,6,6
10674,64,71,-7,7
10675,95,101,-6,6
10676,97,93,4,4
10677,87,90,-3,3
10678,65,68,-3,3
10679,84,83,1,1
10680,140,123,17,17
10681,88,89,-1,1
10682,56,54,2,2
10683,131,131,0,0
10684,107,106,1,1
10685,93,86,7,7
10686,125,126,-1,1
10687,204,200,4,4
10688,128,121,7,7
10689,80,80,0,0
10690,161,193,-32,32
10691,114,116,-2,2
10692,96,79,17,17
10693,79,81,-2,2
10694,60,62,-2,2
10695,176,181,-5,5
10696,41,49,-8,8
10697,50,53,-3,3
10698,45,47,-2,2
10699,168,111,57,57
10700,65,59,6,6
10701,57,49,8,8
10702,98,101,-3,3
10703,77,76,1,1
10704,84,83,1,1
10705,76,70,6,6
10706,75,89,-14,14
10707,93,86,7,7
10708,71,105,-34,34
10709,87,84,3,3
10710,65,67,-2,2
10711,130,121,9,9
10712,74,72,2,2
10713,34,42,-8,8
10714,129,111,18,18
10715,114,122,-8,8
10716,70,69,1,1
10717,50,60,-10,10
10718,93,87,6,6
10719,55,52,3,3
10720,94,83,11,11
10721,46,44,2,2
10722,50,53,-3,3
10723,104,99,5,5
10724,118,124,-6,6
10725,102,103,-1,1
10726,84,89,-5,5
10727,165,188,-23,23
10728,97,102,-5,5
10729,92,95,-3,3
10730,89,77,12,12
10731,76,77,-1,1
10732,75,94,-19,19
10733,142,143,-1,1
10734,96,105,-9,9
10735,145,146,-1,1
10736,87,88,-1,1
10737,64,58,6,6
10738,48,63,-15,15
10739,94,94,0,0
10740,69,66,3,3
10741,66,67,-1,1
10742,131,122,9,9
10743,98,93,5,5
10744,94,103,-9,9
10745,65,67,-2,2
10746,89,96,-7,7
10747,128,122,6,6
10748,144,119,25,25
10749,53,70,-17,17
10750,108,119,-11,11
10751,29,48,-19,19
10752,58,58,0,0
10753,94,104,-10,10
10754,74,70,4,4
10755,133,141,-8,8
10756,75,78,-3,3
10757,87,80,7,7
10758,133,137,-4,4
10759,74,64,10,10
10760,80,77,3,3
10761,52,50,2,2
10762,116,115,1,1
10763,158,152,6,6
10764,224,208,16,16
10765,97,106,-9,9
10766,128,121,7,7
10767,102,106,-4,4
10768,114,106,8,8
10769,41,47,-6,6
10770,86,89,-3,3
10771,42,53,-11,11
10772,111,107,4,4
10773,142,156,-14,14
10774,68,69,-1,1
10775,65,66,-1,1
10776,116,118,-2,2
10777,91,95,-4,4
10778,157,163,-6,6
10779,140,143,-3,3
10780,126,117,9,9
10781,77,65,12,12
10782,86,92,-6,6
10783,102,105,-3,3
10784,95,94,1,1
10785,64,65,-1,1
10786,103,116,-13,13
10787,55,62,-7,7
10788,77,81,-4,4
10789,160,155,5,5
10790,58,61,-3,3
10791,191,199,-8,8
10792,121,131,-10,10
10793,77,68,9,9
10794,161,159,2,2
10795,65,61,4,4
10796,80,98,-18,18
10797,77,81,-4,4
10798,67,74,-7,7
10799,51,60,-9,9
10800,76,78,-2,2
10801,155,148,7,7
10802,96,86,10,10
10803,65,63,2,2
10804,98,104,-6,6
10805,101,98,3,3
10806,49,53,-4,4
10807,112,91,21,21
10808,81,68,13,13
10809,49,60,-11,11
10810,65,66,-1,1
10811,90,87,3,3
10812,126,122,4,4
10813,48,61,-13,13
10814,120,94,26,26
10815,55,67,-12,12
10816,75,90,-15,15
10817,83,101,-18,18
10818,135,122,13,13
10819,131,129,2,2
10820,117,130,-13,13
10821,88,82,6,6
10822,92,94,-2,2
10823,90,101,-11,11
10824,98,105,-7,7
10825,101,97,4,4
10826,138,142,-4,4
10827,84,90,-6,6
10828,104,107,-3,3
10829,98,115,-17,17
10830,87,91,-4,4
10831,102,102,0,0
10832,81,84,-3,3
10833,75,75,0,0
10834,145,138,7,7
10835,114,117,-3,3
10836,63,67,-4,4
10837,51,59,-8,8
10838,109,110,-1,1
10839,69,69,0,0
10840,87,98,-11,11
10841,72,69,3,3
10842,114,113,1,1
10843,96,86,10,10
10844,140,153,-13,13
10845,171,170,1,1
10846,97,94,3,3
10847,77,75,2,2
10848,125,124,1,1
10849,75,74,1,1
10850,98,103,-5,5
10851,118,127,-9,9
10852,120,117,3,3
10853,69,70,-1,1
10854,57,72,-15,15
10855,129,127,2,2
10856,127,135,-8,8
10857,81,83,-2,2
10858,102,106,-4,4
10859,154,149,5,5
10860,116,115,1,1
10861,47,51,-4,4
10862,124,129,-5,5
10863,124,122,2,2
10864,138,124,14,14
10865,82,76,6,6
10866,120,116,4,4
10867,114,111,3,3
10868,90,94,-4,4
10869,88,86,2,2
10870,53,65,-12,12
10871,84,81,3,3
10872,80,81,-1,1
10873,147,145,2,2
10874,79,92,-13,13
10875,115,117,-2,2
10876,80,84,-4,4
10877,117,112,5,5
10878,123,120,3,3
10879,54,54,0,0
10880,93,98,-5,5
10881,145,146,-1,1
10882,128,137,-9,9
10883,73,75,-2,2
10884,51,52,-1,1
10885,65,68,-3,3
10886,102,115,-13,13
10887,95,106,-11,11
10888,58,61,-3,3
10889,49,62,-13,13
10890,113,119,-6,6
10891,121,120,1,1
10892,148,141,7,7
10893,139,148,-9,9
10894,96,118,-22,22
10895,143,141,2,2
10896,92,107,-15,15
10897,78,73,5,5
10898,11,56,-45,45
10899,66,69,-3,3
10900,79,77,2,2
10901,70,68,2,2
10902,67,70,-3,3
10903,77,79,-2,2
10904,144,155,-11,11
10905,84,88,-4,4
10906,50,50,0,0
10907,79,71,8,8
10908,90,105,-15,15
10909,62,55,7,7
10910,134,148,-14,14
10911,110,114,-4,4
10912,78,80,-2,2
10913,142,127,15,15
10914,79,87,-8,8
10915,143,140,3,3
10916,80,87,-7,7
10917,37,48,-11,11
10918,70,66,4,4
10919,96,111,-15,15
10920,135,145,-10,10
10921,76,73,3,3
10922,181,177,4,4
10923,105,110,-5,5
10924,49,54,-5,5
10925,65,75,-10,10
10926,139,134,5,5
10927,38,42,-4,4
10928,83,78,5,5
10929,56,60,-4,4
10930,120,109,11,11
10931,109,114,-5,5
10932,160,150,10,10
10933,117,130,-13,13
10934,92,102,-10,10
10935,99,97,2,2
10936,114,118,-4,4
10937,70,62,8,8
10938,93,101,-8,8
10939,112,100,12,12
10940,118,115,3,3
10941,72,68,4,4
10942,51,54,-3,3
10943,119,107,12,12
10944,85,85,0,0
10945,101,96,5,5
10946,78,87,-9,9
10947,75,73,2,2
10948,69,82,-13,13
10949,120,118,2,2
10950,72,71,1,1
10951,64,76,-12,12
10952,80,77,3,3
10953,80,93,-13,13
10954,75,77,-2,2
10955,76,73,3,3
10956,157,150,7,7
10957,80,99,-19,19
10958,117,120,-3,3
10959,103,95,8,8
10960,129,113,16,16
10961,139,140,-1,1
10962,98,94,4,4
10963,87,73,14,14
10964,165,154,11,11
10965,73,80,-7,7
10966,137,140,-3,3
10967,150,146,4,4
10968,74,82,-8,8
10969,157,153,4,4
10970,82,98,-16,16
10971,74,79,-5,5
10972,37,70,-33,33
10973,95,94,1,1
10974,104,89,15,15
10975,124,130,-6,6
10976,37,40,-3,3
10977,80,92,-12,12
10978,80,97,-17,17
10979,88,85,3,3
10980,147,127,20,20
10981,65,71,-6,6
10982,101,102,-1,1
10983,93,99,-6,6
10984,71,68,3,3
10985,64,61,3,3
10986,71,75,-4,4
10987,60,65,-5,5
10988,64,75,-11,11
10989,55,68,-13,13
10990,48,77,-29,29
10991,141,133,8,8
10992,95,94,1,1
10993,58,62,-4,4
10994,95,97,-2,2
10995,71,78,-7,7
10996,89,89,0,0
10997,125,125,0,0
10998,170,172,-2,2
10999,153,156,-3,3
11000,84,77,7,7
11001,137,143,-6,6
11002,81,77,4,4
11003,77,81,-4,4
11004,75,83,-8,8
11005,110,111,-1,1
11006,53,58,-5,5
11007,92,89,3,3
11008,105,117,-12,12
11009,55,62,-7,7
11010,85,104,-19,19
11011,141,132,9,9
11012,126,138,-12,12
11013,82,82,0,0
11014,124,119,5,5
11015,76,95,-19,19
11016,126,111,15,15
11017,56,57,-1,1
11018,65,67,-2,2
11019,91,94,-3,3
11020,65,74,-9,9
11021,84,87,-3,3
11022,95,96,-1,1
11023,109,108,1,1
11024,74,70,4,4
11025,60,56,4,4
11026,65,66,-1,1
11027,77,79,-2,2
11028,79,82,-3,3
11029,65,71,-6,6
11030,110,114,-4,4
11031,116,130,-14,14
11032,67,71,-4,4
11033,83,83,0,0
11034,120,115,5,5
11035,157,136,21,21
11036,123,126,-3,3
11037,80,83,-3,3
11038,99,109,-10,10
11039,88,80,8,8
11040,67,77,-10,10
11041,134,135,-1,1
11042,76,75,1,1
11043,96,113,-17,17
11044,83,75,8,8
11045,57,63,-6,6
11046,93,97,-4,4
11047,60,62,-2,2
11048,85,85,0,0
11049,62,71,-9,9
11050,110,118,-8,8
11051,108,117,-9,9
11052,66,66,0,0
11053,67,81,-14,14
11054,71,62,9,9
11055,79,76,3,3
11056,145,157,-12,12
11057,62,76,-14,14
11058,60,70,-10,10
11059,126,132,-6,6
11060,120,124,-4,4
11061,67,66,1,1
11062,96,96,0,0
11063,54,56,-2,2
11064,66,64,2,2
11065,101,100,1,1
11066,83,78,5,5
11067,120,106,14,14
11068,186,191,-5,5
11069,72,76,-4,4
11070,91,93,-2,2
11071,158,153,5,5
11072,67,75,-8,8
11073,118,102,16,16
11074,63,62,1,1
11075,105,100,5,5
11076,124,122,2,2
11077,108,88,20,20
11078,121,121,0,0
11079,39,38,1,1
11080,90,93,-3,3
11081,218,245,-27,27
11082,71,85,-14,14
11083,81,89,-8,8
11084,61,52,9,9
11085,86,82,4,4
11086,59,54,5,5
11087,168,167,1,1
11088,86,97,-11,11
11089,104,114,-10,10
11090,89,93,-4,4
11091,80,85,-5,5
11092,81,76,5,5
11093,87,79,8,8
11094,119,115,4,4
11095,136,127,9,9
11096,113,108,5,5
11097,68,83,-15,15
11098,86,76,10,10
11099,103,99,4,4
11100,72,79,-7,7
11101,142,152,-10,10
11102,172,203,-31,31
11103,166,170,-4,4
11104,96,114,-18,18
11105,106,99,7,7
11106,125,119,6,6
11107,125,122,3,3
11108,75,107,-32,32
11109,94,88,6,6
11110,103,107,-4,4
11111,58,66,-8,8
11112,81,79,2,2
11113,133,128,5,5
11114,122,121,1,1
11115,99,106,-7,7
11116,67,68,-1,1
11117,126,123,3,3
11118,91,89,2,2
11119,73,77,-4,4
11120,89,95,-6,6
11121,124,146,-22,22
11122,68,53,15,15
11123,126,125,1,1
11124,76,79,-3,3
11125,167,162,5,5
11126,36,40,-4,4
11127,137,139,-2,2
11128,93,93,0,0
11129,115,117,-2,2
11130,125,126,-1,1
11131,79,80,-1,1
11132,59,65,-6,6
11133,90,89,1,1
11134,73,71,2,2
11135,74,72,2,2
11136,111,107,4,4
11137,129,135,-6,6
11138,80,87,-7,7
11139,97,99,-2,2
11140,83,88,-5,5
11141,129,132,-3,3
11142,120,121,-1,1
11143,93,91,2,2
11144,95,108,-13,13
11145,101,96,5,5
11146,93,93,0,0
11147,112,127,-15,15
11148,103,105,-2,2
11149,60,67,-7,7
11150,95,108,-13,13
11151,62,61,1,1
11152,69,71,-2,2
11153,83,104,-21,21
11154,53,52,1,1
11155,98,88,10,10
11156,101,110,-9,9
11157,73,91,-18,18
11158,94,103,-9,9
11159,55,64,-9,9
11160,93,101,-8,8
11161,70,72,-2,2
11162,102,110,-8,8
11163,75,71,4,4
11164,77,67,10,10
11165,96,100,-4,4
11166,93,108,-15,15
11167,78,85,-7,7
11168,155,147,8,8
11169,94,96,-2,2
11170,66,67,-1,1
11171,71,84,-13,13
11172,96,96,0,0
11173,143,151,-8,8
11174,60,68,-8,8
11175,79,82,-3,3
11176,93,103,-10,10
11177,126,119,7,7
11178,128,128,0,0
11179,103,92,11,11
11180,95,92,3,3
11181,86,100,-14,14
11182,95,91,4,4
11183,68,65,3,3
11184,102,113,-11,11
11185,74,77,-3,3
11186,94,124,-30,30
11187,83,71,12,12
11188,107,107,0,0
11189,65,55,10,10
11190,66,85,-19,19
11191,113,116,-3,3
11192,164,147,17,17
11193,60,65,-5,5
11194,139,160,-21,21
11195,96,102,-6,6
11196,87,75,12,12
11197,113,112,1,1
11198,180,171,9,9
11199,106,101,5,5
11200,73,75,-2,2
11201,121,125,-4,4
11202,125,125,0,0
11203,62,69,-7,7
11204,56,50,6,6
11205,81,95,-14,14
11206,103,90,13,13
11207,107,107,0,0
11208,70,63,7,7
11209,107,104,3,3
11210,167,203,-36,36
11211,72,62,10,10
11212,123,115,8,8
11213,178,201,-23,23
11214,142,149,-7,7
11215,138,129,9,9
11216,148,123,25,25
11217,141,133,8,8
11218,119,129,-10,10
11219,67,65,2,2
11220,126,143,-17,17
11221,35,62,-27,27
11222,86,90,-4,4
11223,82,94,-12,12
11224,135,170,-35,35
11225,111,104,7,7
11226,145,145,0,0
11227,99,85,14,14
11228,69,81,-12,12
11229,81,85,-4,4
11230,58,56,2,2
11231,58,72,-14,14
11232,141,128,13,13
11233,75,69,6,6
11234,108,124,-16,16
11235,128,143,-15,15
11236,87,95,-8,8
11237,90,101,-11,11
11238,133,135,-2,2
11239,73,71,2,2
11240,63,65,-2,2
11241,73,79,-6,6
11242,136,149,-13,13
11243,105,99,6,6
11244,60,68,-8,8
11245,102,104,-2,2
11246,100,100,0,0
11247,57,64,-7,7
11248,71,75,-4,4
11249,76,75,1,1
11250,58,68,-10,10
11251,204,200,4,4
11252,96,94,2,2
11253,113,105,8,8
11254,114,102,12,12
11255,138,138,0,0
11256,79,87,-8,8
11257,142,136,6,6
11258,109,99,10,10
11259,141,146,-5,5
11260,73,59,14,14
11261,89,81,8,8
11262,85,93,-8,8
11263,159,142,17,17
11264,107,109,-2,2
11265,68,81,-13,13
11266,79,81,-2,2
11267,109,114,-5,5
11268,78,75,3,3
11269,61,75,-14,14
11270,102,113,-11,11
11271,140,144,-4,4
11272,156,158,-2,2
11273,155,155,0,0
11274,118,113,5,5
11275,85,79,6,6
11276,162,155,7,7
11277,105,110,-5,5
11278,100,100,0,0
11279,102,98,4,4
11280,130,120,10,10
11281,55,59,-4,4
11282,69,76,-7,7
11283,89,89,0,0
11284,39,47,-8,8
11285,139,126,13,13
11286,94,96,-2,2
11287,79,75,4,4
11288,171,163,8,8
11289,139,139,0,0
11290,85,93,-8,8
11291,86,84,2,2
11292,114,109,5,5
11293,134,125,9,9
11294,51,46,5,5
11295,47,71,-24,24
11296,56,64,-8,8
11297,72,82,-10,10
11298,96,103,-7,7
11299,143,146,-3,3
11300,115,95,20,20
11301,99,115,-16,16
11302,91,99,-8,8
11303,85,89,-4,4
11304,151,133,18,18
11305,42,51,-9,9
11306,125,118,7,7
11307,41,70,-29,29
11308,137,118,19,19
11309,100,94,6,6
11310,143,129,14,14
11311,174,169,5,5
11312,81,82,-1,1
11313,106,107,-1,1
11314,150,141,9,9
11315,66,69,-3,3
11316,119,116,3,3
11317,133,123,10,10
11318,58,70,-12,12
11319,90,99,-9,9
11320,111,113,-2,2
11321,157,144,13,13
11322,106,114,-8,8
11323,121,117,4,4
11324,61,71,-10,10
11325,111,113,-2,2
11326,88,91,-3,3
11327,81,84,-3,3
11328,93,107,-14,14
11329,77,79,-2,2
11330,163,145,18,18
11331,104,103,1,1
11332,76,68,8,8
11333,52,60,-8,8
11334,87,105,-18,18
11335,104,100,4,4
11336,62,60,2,2
11337,112,123,-11,11
11338,76,82,-6,6
11339,129,130,-1,1
11340,106,126,-20,20
11341,63,71,-8,8
11342,87,89,-2,2
11343,106,110,-4,4
11344,86,77,9,9
11345,88,85,3,3
11346,89,95,-6,6
11347,71,81,-10,10
11348,116,111,5,5
11349,55,62,-7,7
11350,83,95,-12,12
11351,64,67,-3,3
11352,71,75,-4,4
11353,128,124,4,4
11354,57,58,-1,1
11355,127,132,-5,5
11356,47,57,-10,10
11357,94,87,7,7
11358,60,56,4,4
11359,60,69,-9,9
11360,55,57,-2,2
11361,97,105,-8,8
11362,82,87,-5,5
11363,109,109,0,0
11364,111,94,17,17
11365,61,60,1,1
11366,70,72,-2,2
11367,79,79,0,0
11368,107,108,-1,1
11369,89,89,0,0
11370,60,56,4,4
11371,147,153,-6,6
11372,83,86,-3,3
11373,104,103,1,1
11374,134,139,-5,5
11375,88,88,0,0
11376,35,45,-10,10
11377,117,129,-12,12
11378,78,78,0,0
11379,149,140,9,9
11380,85,87,-2,2
11381,97,100,-3,3
11382,115,120,-5,5
11383,109,95,14,14
11384,81,78,3,3
11385,81,96,-15,15
11386,93,95,-2,2
11387,123,132,-9,9
11388,95,95,0,0
11389,102,98,4,4
11390,57,59,-2,2
11391,179,178,1,1
11392,126,131,-5,5
11393,62,69,-7,7
11394,65,79,-14,14
11395,109,109,0,0
11396,74,76,-2,2
11397,113,116,-3,3
11398,121,125,-4,4
11399,114,125,-11,11
11400,63,62,1,1
11401,103,88,15,15
11402,80,78,2,2
11403,45,80,-35,35
11404,93,96,-3,3
11405,121,119,2,2
11406,166,174,-8,8
11407,63,74,-11,11
11408,66,58,8,8
11409,55,75,-20,20
11410,116,126,-10,10
11411,96,97,-1,1
11412,76,75,1,1
11413,54,62,-8,8
11414,108,104,4,4
11415,51,54,-3,3
11416,109,110,-1,1
11417,75,73,2,2
11418,86,95,-9,9
11419,82,93,-11,11
11420,36,39,-3,3
11421,64,84,-20,20
11422,119,110,9,9
11423,53,59,-6,6
11424,73,74,-1,1
11425,58,53,5,5
11426,41,43,-2,2
11427,58,64,-6,6
11428,118,123,-5,5
11429,134,129,5,5
11430,75,73,2,2
11431,50,53,-3,3
11432,98,104,-6,6
11433,33,34,-1,1
11434,109,91,18,18
11435,79,85,-6,6
11436,60,65,-5,5
11437,100,103,-3,3
11438,85,84,1,1
11439,75,80,-5,5
11440,82,88,-6,6
11441,57,61,-4,4
11442,164,175,-11,11
11443,157,155,2,2
11444,76,75,1,1
11445,72,82,-10,10
11446,57,79,-22,22
11447,96,107,-11,11
11448,90,94,-4,4
11449,100,104,-4,4
11450,129,130,-1,1
11451,91,95,-4,4
11452,98,96,2,2
11453,102,102,0,0
11454,198,210,-12,12
11455,78,84,-6,6
11456,60,65,-5,5
11457,173,169,4,4
11458,98,96,2,2
11459,72,75,-3,3
11460,90,129,-39,39
11461,170,170,0,0
11462,163,149,14,14
11463,77,81,-4,4
11464,66,68,-2,2
11465,67,57,10,10
11466,66,109,-43,43
11467,99,101,-2,2
11468,86,86,0,0
11469,85,87,-2,2
11470,71,72,-1,1
11471,136,130,6,6
11472,86,86,0,0
11473,60,67,-7,7
11474,119,125,-6,6
11475,132,123,9,9
11476,114,114,0,0
11477,66,66,0,0
11478,147,152,-5,5
11479,90,91,-1,1
11480,112,112,0,0
11481,68,68,0,0
11482,119,112,7,7
11483,121,120,1,1
11484,70,96,-26,26
11485,124,123,1,1
11486,47,52,-5,5
11487,70,84,-14,14
11488,80,75,5,5
11489,44,44,0,0
11490,75,78,-3,3
11491,65,70,-5,5
11492,80,73,7,7
11493,95,101,-6,6
11494,124,119,5,5
11495,50,61,-11,11
11496,133,131,2,2
11497,77,76,1,1
11498,105,116,-11,11
11499,70,70,0,0
11500,86,91,-5,5
11501,97,90,7,7
11502,80,78,2,2
11503,98,108,-10,10
11504,106,112,-6,6
11505,74,92,-18,18
11506,66,74,-8,8
11507,118,125,-7,7
11508,110,104,6,6
11509,156,152,4,4
11510,67,68,-1,1
11511,170,140,30,30
11512,117,106,11,11
11513,101,106,-5,5
11514,130,133,-3,3
11515,93,101,-8,8
11516,105,102,3,3
11517,41,68,-27,27
11518,84,73,11,11
11519,59,61,-2,2
11520,141,139,2,2
11521,47,80,-33,33
11522,114,103,11,11
11523,137,129,8,8
11524,126,141,-15,15
11525,62,69,-7,7
11526,111,112,-1,1
11527,74,72,2,2
11528,81,80,1,1
11529,160,165,-5,5
11530,102,104,-2,2
11531,91,86,5,5
11532,83,88,-5,5
11533,72,65,7,7
11534,68,78,-10,10
11535,126,120,6,6
11536,77,89,-12,12
11537,160,141,19,19
11538,106,106,0,0
11539,81,84,-3,3
11540,170,144,26,26
11541,131,129,2,2
11542,50,73,-23,23
11543,115,108,7,7
11544,70,79,-9,9
11545,109,117,-8,8
11546,72,67,5,5
11547,74,78,-4,4
11548,67,66,1,1
11549,81,76,5,5
11550,83,86,-3,3
11551,105,101,4,4
11552,95,101,-6,6
11553,133,127,6,6
11554,115,130,-15,15
11555,98,92,6,6
11556,55,72,-17,17
11557,109,108,1,1
11558,50,63,-13,13
11559,145,142,3,3
11560,89,85,4,4
11561,85,87,-2,2
11562,85,89,-4,4
11563,65,86,-21,21
11564,86,90,-4,4
11565,105,92,13,13
11566,53,61,-8,8
11567,60,75,-15,15
11568,121,117,4,4
11569,52,66,-14,14
11570,53,62,-9,9
11571,164,164,0,0
11572,92,100,-8,8
11573,100,102,-2,2
11574,111,112,-1,1
11575,67,68,-1,1
11576,169,160,9,9
11577,86,79,7,7
11578,51,47,4,4
11579,96,95,1,1
11580,97,86,11,11
11581,82,75,7,7
11582,75,79,-4,4
11583,103,104,-1,1
11584,91,89,2,2
11585,108,119,-11,11
11586,85,90,-5,5
11587,137,137,0,0
11588,88,94,-6,6
11589,167,150,17,17
11590,65,74,-9,9
11591,92,93,-1,1
11592,98,100,-2,2
11593,68,70,-2,2
11594,65,66,-1,1
11595,60,60,0,0
11596,71,69,2,2
11597,50,53,-3,3
11598,79,80,-1,1
11599,102,99,3,3
11600,85,79,6,6
11601,69,65,4,4
11602,105,114,-9,9
11603,114,102,12,12
11604,77,83,-6,6
11605,70,61,9,9
11606,80,79,1,1
11607,137,149,-12,12
11608,105,106,-1,1
11609,83,92,-9,9
11610,95,95,0,0
11611,70,78,-8,8
11612,183,187,-4,4
11613,50,59,-9,9
11614,164,170,-6,6
11615,125,122,3,3
11616,90,90,0,0
11617,108,111,-3,3
11618,150,145,5,5
11619,90,75,15,15
11620,73,77,-4,4
11621,86,92,-6,6
11622,91,103,-12,12
11623,108,107,1,1
11624,120,122,-2,2
11625,127,109,18,18
11626,65,64,1,1
11627,121,97,24,24
11628,80,77,3,3
11629,89,77,12,12
11630,81,79,2,2
11631,96,90,6,6
11632,119,118,1,1
11633,118,123,-5,5
11634,128,134,-6,6
11635,56,74,-18,18
11636,56,71,-15,15
11637,86,83,3,3
11638,79,84,-5,5
11639,116,107,9,9
11640,69,78,-9,9
11641,111,91,20,20
11642,81,100,-19,19
11643,56,55,1,1
11644,119,124,-5,5
11645,82,71,11,11
11646,81,74,7,7
11647,136,127,9,9
11648,127,135,-8,8
11649,108,119,-11,11
11650,129,123,6,6
11651,74,103,-29,29
11652,63,72,-9,9
11653,168,155,13,13
11654,100,109,-9,9
11655,66,65,1,1
11656,70,90,-20,20
11657,101,97,4,4
11658,112,106,6,6
11659,102,91,11,11
11660,124,121,3,3
11661,82,84,-2,2
11662,94,98,-4,4
11663,70,79,-9,9
11664,72,77,-5,5
11665,67,65,2,2
11666,117,128,-11,11
11667,47,43,4,4
11668,110,97,13,13
11669,93,92,1,1
11670,64,65,-1,1
11671,134,136,-2,2
11672,66,64,2,2
11673,69,63,6,6
11674,99,104,-5,5
11675,137,139,-2,2
11676,58,60,-2,2
11677,85,79,6,6
11678,94,97,-3,3
11679,104,105,-1,1
11680,108,117,-9,9
11681,89,83,6,6
11682,176,170,6,6
11683,88,90,-2,2
11684,46,48,-2,2
11685,94,96,-2,2
11686,162,165,-3,3
11687,92,95,-3,3
11688,96,98,-2,2
11689,124,120,4,4
11690,74,80,-6,6
11691,68,76,-8,8
11692,67,82,-15,15
11693,90,98,-8,8
11694,87,78,9,9
11695,86,78,8,8
11696,68,72,-4,4
11697,90,82,8,8
11698,77,82,-5,5
11699,126,114,12,12
11700,126,123,3,3
11701,94,96,-2,2
11702,172,170,2,2
11703,63,87,-24,24
11704,101,97,4,4
11705,148,151,-3,3
11706,87,96,-9,9
11707,127,116,11,11
11708,121,109,12,12
11709,142,140,2,2
11710,73,77,-4,4
11711,71,71,0,0
11712,103,138,-35,35
11713,39,53,-14,14
11714,99,95,4,4
11715,69,70,-1,1
11716,182,175,7,7
11717,138,166,-28,28
11718,142,137,5,5
11719,114,124,-10,10
11720,54,65,-11,11
11721,93,89,4,4
11722,110,104,6,6
11723,38,51,-13,13
11724,133,132,1,1
11725,143,115,28,28
11726,125,135,-10,10
11727,69,68,1,1
11728,120,125,-5,5
11729,121,134,-13,13
11730,71,73,-2,2
11731,97,102,-5,5
11732,104,95,9,9
11733,97,109,-12,12
11734,47,54,-7,7
11735,184,172,12,12
11736,110,126,-16,16
11737,67,69,-2,2
11738,106,111,-5,5
11739,66,80,-14,14
11740,118,112,6,6
11741,81,85,-4,4
11742,83,88,-5,5
11743,64,74,-10,10
11744,70,59,11,11
11745,50,56,-6,6
11746,93,87,6,6
11747,157,141,16,16
11748,51,55,-4,4
11749,77,79,-2,2
11750,87,87,0,0
11751,119,105,14,14
11752,115,111,4,4
11753,85,73,12,12
11754,63,91,-28,28
11755,91,96,-5,5
11756,67,62,5,5
11757,64,60,4,4
11758,127,140,-13,13
11759,67,71,-4,4
11760,71,77,-6,6
11761,96,81,15,15
11762,111,113,-2,2
11763,62,63,-1,1
11764,77,76,1,1
11765,174,172,2,2
11766,138,129,9,9
11767,65,68,-3,3
11768,116,103,13,13
11769,47,51,-4,4
11770,119,119,0,0
11771,94,86,8,8
11772,122,126,-4,4
11773,92,104,-12,12
11774,148,138,10,10
11775,67,74,-7,7
11776,101,108,-7,7
11777,86,88,-2,2
11778,53,72,-19,19
11779,77,88,-11,11
11780,126,122,4,4
11781,74,73,1,1
11782,91,95,-4,4
11783,81,86,-5,5
11784,43,50,-7,7
11785,114,114,0,0
11786,79,84,-5,5
11787,96,99,-3,3
11788,106,94,12,12
11789,79,87,-8,8
11790,120,143,-23,23
11791,107,104,3,3
11792,98,104,-6,6
11793,47,42,5,5
11794,76,77,-1,1
11795,85,83,2,2
11796,67,75,-8,8
11797,79,81,-2,2
11798,90,111,-21,21
11799,84,84,0,0
11800,152,147,5,5
11801,152,157,-5,5
11802,87,84,3,3
11803,65,68,-3,3
11804,83,86,-3,3
11805,205,197,8,8
11806,151,145,6,6
11807,114,104,10,10
11808,83,89,-6,6
11809,66,72,-6,6
11810,66,72,-6,6
11811,105,109,-4,4
11812,176,169,7,7
11813,166,162,4,4
11814,185,173,12,12
11815,108,108,0,0
11816,95,96,-1,1
11817,67,85,-18,18
11818,87,100,-13,13
11819,82,85,-3,3
11820,121,122,-1,1
11821,71,81,-10,10
11822,62,67,-5,5
11823,113,81,32,32
11824,104,102,2,2
11825,68,73,-5,5
11826,93,82,11,11
11827,74,81,-7,7
11828,60,64,-4,4
11829,80,90,-10,10
11830,70,75,-5,5
11831,75,82,-7,7
11832,76,74,2,2
11833,75,75,0,0
11834,80,72,8,8
11835,45,51,-6,6
11836,93,98,-5,5
11837,99,118,-19,19
11838,77,62,15,15
11839,89,86,3,3
11840,143,154,-11,11
11841,83,85,-2,2
11842,102,106,-4,4
11843,122,123,-1,1
11844,118,109,9,9
11845,132,116,16,16
11846,102,102,0,0
11847,75,74,1,1
11848,105,111,-6,6
11849,124,117,7,7
11850,75,81,-6,6
11851,47,56,-9,9
11852,130,138,-8,8
11853,147,145,2,2
11854,134,134,0,0
11855,71,72,-1,1
11856,72,72,0,0
11857,42,47,-5,5
11858,97,93,4,4
11859,99,109,-10,10
11860,147,143,4,4
11861,127,133,-6,6
11862,65,69,-4,4
11863,73,87,-14,14
11864,54,61,-7,7
11865,87,88,-1,1
11866,125,134,-9,9
11867,120,131,-11,11
11868,75,73,2,2
11869,101,106,-5,5
11870,139,142,-3,3
11871,93,89,4,4
11872,85,93,-8,8
11873,162,160,2,2
11874,158,148,10,10
11875,234,210,24,24
11876,76,82,-6,6
11877,68,67,1,1
11878,60,62,-2,2
11879,115,111,4,4
11880,92,91,1,1
11881,99,92,7,7
11882,95,94,1,1
11883,69,83,-14,14
11884,53,55,-2,2
11885,100,100,0,0
11886,157,153,4,4
11887,103,107,-4,4
11888,117,126,-9,9
11889,100,96,4,4
11890,95,88,7,7
11891,146,136,10,10
11892,97,93,4,4
11893,49,52,-3,3
11894,83,86,-3,3
11895,89,86,3,3
11896,97,106,-9,9
11897,98,105,-7,7
11898,99,96,3,3
11899,52,59,-7,7
11900,92,98,-6,6
11901,128,132,-4,4
11902,60,56,4,4
11903,47,47,0,0
11904,106,100,6,6
11905,78,74,4,4
11906,143,151,-8,8
11907,90,86,4,4
11908,125,117,8,8
11909,80,88,-8,8
11910,114,109,5,5
11911,161,156,5,5
11912,120,117,3,3
11913,41,60,-19,19
11914,38,58,-20,20
11915,105,116,-11,11
11916,48,50,-2,2
11917,58,55,3,3
11918,112,109,3,3
11919,59,66,-7,7
11920,76,77,-1,1
11921,118,118,0,0
11922,77,72,5,5
11923,51,53,-2,2
11924,76,69,7,7
11925,56,60,-4,4
11926,40,46,-6,6
11927,69,71,-2,2
11928,77,77,0,0
11929,91,92,-1,1
11930,149,149,0,0
11931,110,105,5,5
11932,115,125,-10,10
11933,117,120,-3,3
11934,93,94,-1,1
11935,31,57,-26,26
11936,111,107,4,4
11937,79,83,-4,4
11938,72,75,-3,3
11939,44,49,-5,5
11940,89,89,0,0
11941,51,53,-2,2
11942,186,182,4,4
11943,144,128,16,16
11944,98,91,7,7
11945,68,65,3,3
11946,82,86,-4,4
11947,110,118,-8,8
11948,101,79,22,22
11949,73,78,-5,5
11950,106,109,-3,3
11951,50,46,4,4
11952,128,135,-7,7
11953,82,82,0,0
11954,39,61,-22,22
11955,57,64,-7,7
11956,100,104,-4,4
11957,132,130,2,2
11958,58,65,-7,7
11959,65,64,1,1
11960,46,50,-4,4
11961,90,94,-4,4
11962,132,132,0,0
11963,84,87,-3,3
11964,95,91,4,4
11965,152,156,-4,4
11966,67,73,-6,6
11967,96,112,-16,16
11968,78,80,-2,2
11969,99,88,11,11
11970,71,85,-14,14
11971,116,111,5,5
11972,122,135,-13,13
11973,81,84,-3,3
11974,42,51,-9,9
11975,121,128,-7,7
11976,144,145,-1,1
11977,190,210,-20,20
11978,132,134,-2,2
11979,112,102,10,10
11980,106,90,16,16
11981,104,93,11,11
11982,79,77,2,2
11983,81,80,1,1
11984,92,114,-22,22
11985,55,59,-4,4
11986,85,86,-1,1
11987,72,73,-1,1
11988,48,56,-8,8
11989,92,107,-15,15
11990,44,51,-7,7
11991,112,106,6,6
11992,118,114,4,4
11993,74,77,-3,3
11994,102,94,8,8
11995,93,110,-17,17
11996,113,105,8,8
11997,89,94,-5,5
11998,133,137,-4,4
11999,45,53,-8,8
12000,53,57,-4,4
12001,139,150,-11,11
12002,61,60,1,1
12003,85,109,-24,24
12004,67,68,-1,1
12005,81,72,9,9
12006,33,43,-10,10
12007,74,78,-4,4
12008,81,82,-1,1
12009,81,75,6,6
12010,114,118,-4,4
12011,158,164,-6,6
12012,59,65,-6,6
12013,60,70,-10,10
12014,111,107,4,4
12015,102,104,-2,2
12016,89,85,4,4
12017,80,77,3,3
12018,73,82,-9,9
12019,53,57,-4,4
12020,124,124,0,0
12021,108,104,4,4
12022,101,92,9,9
12023,93,95,-2,2
12024,69,75,-6,6
12025,111,121,-10,10
12026,74,73,1,1
12027,80,76,4,4
12028,101,93,8,8
12029,127,147,-20,20
12030,78,76,2,2
12031,143,153,-10,10
12032,114,130,-16,16
12033,49,71,-22,22
12034,115,123,-8,8
12035,103,102,1,1
12036,84,90,-6,6
12037,88,87,1,1
12038,92,93,-1,1
12039,108,115,-7,7
12040,90,90,0,0
12041,65,71,-6,6
12042,60,57,3,3
12043,72,69,3,3
12044,129,146,-17,17
12045,76,80,-4,4
12046,109,112,-3,3
12047,88,98,-10,10
12048,60,61,-1,1
12049,47,39,8,8
12050,100,94,6,6
12051,117,125,-8,8
12052,125,111,14,14
12053,113,101,12,12
12054,54,57,-3,3
12055,111,100,11,11
12056,156,142,14,14
12057,110,102,8,8
12058,82,89,-7,7
12059,114,111,3,3
12060,68,80,-12,12
12061,66,75,-9,9
12062,90,96,-6,6
12063,63,68,-5,5
12064,100,98,2,2
12065,66,74,-8,8
12066,141,144,-3,3
12067,79,84,-5,5
12068,104,100,4,4
12069,140,139,1,1
12070,72,76,-4,4
12071,39,45,-6,6
12072,118,101,17,17
12073,97,85,12,12
12074,95,106,-11,11
12075,86,90,-4,4
12076,90,83,7,7
12077,86,101,-15,15
12078,95,100,-5,5
12079,118,114,4,4
12080,94,92,2,2
12081,130,138,-8,8
12082,58,57,1,1
12083,121,129,-8,8
12084,125,136,-11,11
12085,150,155,-5,5
12086,102,100,2,2
12087,122,115,7,7
12088,109,104,5,5
12089,74,81,-7,7
12090,93,84,9,9
12091,53,65,-12,12
12092,117,121,-4,4
12093,93,92,1,1
12094,191,206,-15,15
12095,142,135,7,7
12096,123,121,2,2
12097,83,89,-6,6
12098,127,126,1,1
12099,83,89,-6,6
12100,85,84,1,1
12101,83,85,-2,2
12102,94,91,3,3
12103,164,163,1,1
12104,72,63,9,9
12105,76,45,31,31
12106,122,108,14,14
12107,59,37,22,22
12108,87,85,2,2
12109,88,49,39,39
12110,61,63,-2,2
12111,154,146,8,8
12112,159,156,3,3
12113,163,153,10,10
12114,104,102,2,2
12115,121,129,-8,8
12116,116,110,6,6
12117,98,101,-3,3
12118,84,85,-1,1
12119,42,58,-16,16
12120,78,82,-4,4
12121,99,114,-15,15
12122,77,97,-20,20
12123,189,185,4,4
12124,66,82,-16,16
12125,144,151,-7,7
12126,196,194,2,2
12127,107,109,-2,2
12128,68,74,-6,6
12129,88,84,4,4
12130,36,46,-10,10
12131,107,100,7,7
12132,123,77,46,46
12133,62,69,-7,7
12134,207,206,1,1
12135,89,89,0,0
12136,74,70,4,4
12137,87,91,-4,4
12138,135,138,-3,3
12139,72,72,0,0
12140,183,145,38,38
12141,118,129,-11,11
12142,110,92,18,18
12143,111,110,1,1
12144,122,112,10,10
12145,90,97,-7,7
12146,121,124,-3,3
12147,58,85,-27,27
12148,126,119,7,7
12149,105,106,-1,1
12150,109,112,-3,3
12151,71,73,-2,2
12152,148,150,-2,2
12153,95,101,-6,6
12154,103,94,9,9
12155,90,103,-13,13
12156,77,82,-5,5
12157,126,119,7,7
12158,141,140,1,1
12159,134,130,4,4
12160,49,57,-8,8
12161,99,105,-6,6
12162,130,130,0,0
12163,74,71,3,3
12164,64,67,-3,3
12165,196,184,12,12
12166,106,113,-7,7
12167,100,111,-11,11
12168,88,87,1,1
12169,116,114,2,2
12170,107,113,-6,6
12171,128,122,6,6
12172,93,91,2,2
12173,150,139,11,11
12174,92,81,11,11
12175,96,95,1,1
12176,115,118,-3,3
12177,111,111,0,0
12178,87,95,-8,8
12179,69,72,-3,3
12180,139,158,-19,19
12181,104,102,2,2
12182,115,120,-5,5
12183,114,109,5,5
12184,58,61,-3,3
12185,77,79,-2,2
12186,79,82,-3,3
12187,114,114,0,0
12188,111,121,-10,10
12189,102,98,4,4
12190,161,160,1,1
12191,197,203,-6,6
12192,72,76,-4,4
12193,142,147,-5,5
12194,49,77,-28,28
12195,63,65,-2,2
12196,135,140,-5,5
12197,192,180,12,12
12198,47,45,2,2
12199,110,116,-6,6
12200,71,73,-2,2
12201,108,105,3,3
12202,137,147,-10,10
12203,128,119,9,9
12204,137,138,-1,1
12205,148,147,1,1
12206,82,86,-4,4
12207,70,85,-15,15
12208,60,70,-10,10
12209,115,116,-1,1
12210,76,77,-1,1
12211,86,87,-1,1
12212,97,100,-3,3
12213,122,117,5,5
12214,104,93,11,11
12215,149,164,-15,15
12216,73,72,1,1
12217,88,86,2,2
12218,93,87,6,6
12219,94,94,0,0
12220,110,107,3,3
12221,56,62,-6,6
12222,66,68,-2,2
12223,73,82,-9,9
12224,96,96,0,0
12225,121,114,7,7
12226,122,127,-5,5
12227,94,92,2,2
12228,88,105,-17,17
12229,130,140,-10,10
12230,63,54,9,9
12231,141,133,8,8
12232,54,65,-11,11
12233,73,79,-6,6
12234,71,68,3,3
12235,95,92,3,3
12236,121,111,10,10
12237,73,69,4,4
12238,125,130,-5,5
12239,67,77,-10,10
12240,121,125,-4,4
12241,109,105,4,4
12242,64,69,-5,5
12243,96,88,8,8
12244,119,143,-24,24
12245,93,82,11,11
12246,75,79,-4,4
12247,95,95,0,0
12248,66,74,-8,8
12249,99,104,-5,5
12250,47,57,-10,10
12251,84,97,-13,13
12252,165,183,-18,18
12253,97,97,0,0
12254,73,77,-4,4
12255,37,49,-12,12
12256,104,99,5,5
12257,71,76,-5,5
12258,65,69,-4,4
12259,66,62,4,4
12260,63,64,-1,1
12261,96,95,1,1
12262,130,137,-7,7
12263,141,144,-3,3
12264,86,96,-10,10
12265,108,112,-4,4
12266,128,121,7,7
12267,118,111,7,7
12268,83,80,3,3
12269,68,73,-5,5
12270,84,87,-3,3
12271,105,100,5,5
12272,61,74,-13,13
12273,73,78,-5,5
12274,65,64,1,1
12275,131,123,8,8
12276,118,112,6,6
12277,93,98,-5,5
12278,76,74,2,2
12279,75,72,3,3
12280,65,70,-5,5
12281,70,65,5,5
12282,140,146,-6,6
12283,95,90,5,5
12284,145,127,18,18
12285,82,71,11,11
12286,185,177,8,8
12287,71,78,-7,7
12288,100,112,-12,12
12289,99,91,8,8
12290,64,68,-4,4
12291,65,76,-11,11
12292,51,48,3,3
12293,79,87,-8,8
12294,50,57,-7,7
12295,128,141,-13,13
12296,109,106,3,3
12297,106,98,8,8
12298,50,57,-7,7
12299,126,120,6,6
12300,105,105,0,0
12301,39,49,-10,10
12302,70,78,-8,8
12303,134,93,41,41
12304,46,54,-8,8
12305,81,82,-1,1
12306,115,112,3,3
12307,56,61,-5,5
12308,90,95,-5,5
12309,107,109,-2,2
12310,38,40,-2,2
12311,112,88,24,24
12312,86,87,-1,1
12313,102,99,3,3
12314,81,88,-7,7
12315,133,128,5,5
12316,65,65,0,0
12317,67,80,-13,13
12318,63,67,-4,4
12319,105,98,7,7
12320,81,88,-7,7
12321,97,108,-11,11
12322,96,101,-5,5
12323,113,132,-19,19
12324,91,93,-2,2
12325,67,82,-15,15
12326,85,85,0,0
12327,102,101,1,1
12328,76,73,3,3
12329,190,209,-19,19
12330,63,65,-2,2
12331,87,76,11,11
12332,140,138,2,2
12333,113,102,11,11
12334,102,103,-1,1
12335,62,58,4,4
12336,57,54,3,3
12337,48,71,-23,23
12338,62,60,2,2
12339,94,116,-22,22
12340,95,106,-11,11
12341,183,176,7,7
12342,80,78,2,2
12343,164,162,2,2
12344,66,55,11,11
12345,67,81,-14,14
12346,103,98,5,5
12347,69,87,-18,18
12348,118,131,-13,13
12349,78,86,-8,8
12350,66,65,1,1
12351,94,91,3,3
12352,92,95,-3,3
12353,142,121,21,21
12354,55,66,-11,11
12355,101,105,-4,4
12356,79,72,7,7
12357,122,136,-14,14
12358,123,114,9,9
12359,38,42,-4,4
12360,65,76,-11,11
12361,138,122,16,16
12362,76,82,-6,6
12363,114,118,-4,4
12364,79,83,-4,4
12365,114,112,2,2
12366,68,69,-1,1
12367,78,77,1,1
12368,93,110,-17,17
12369,103,106,-3,3
12370,163,146,17,17
12371,101,110,-9,9
12372,126,131,-5,5
12373,67,63,4,4
12374,78,76,2,2
12375,116,115,1,1
12376,128,132,-4,4
12377,91,90,1,1
12378,142,132,10,10
12379,65,68,-3,3
12380,145,161,-16,16
12381,61,59,2,2
12382,136,127,9,9
12383,84,79,5,5
12384,98,92,6,6
12385,87,87,0,0
12386,107,117,-10,10
12387,115,135,-20,20
12388,106,103,3,3
12389,93,96,-3,3
12390,80,73,7,7
12391,130,121,9,9
12392,115,110,5,5
12393,97,115,-18,18
12394,92,95,-3,3
12395,88,79,9,9
12396,66,67,-1,1
12397,66,67,-1,1
12398,87,91,-4,4
12399,106,108,-2,2
12400,70,79,-9,9
12401,180,173,7,7
12402,87,106,-19,19
12403,89,80,9,9
12404,92,100,-8,8
12405,125,118,7,7
12406,88,101,-13,13
12407,109,104,5,5
12408,35,47,-12,12
12409,67,73,-6,6
12410,117,117,0,0
12411,190,183,7,7
12412,114,115,-1,1
12413,137,135,2,2
12414,138,155,-17,17
12415,129,139,-10,10
12416,106,91,15,15
12417,63,72,-9,9
12418,58,62,-4,4
12419,57,60,-3,3
12420,86,87,-1,1
12421,104,102,2,2
12422,97,93,4,4
12423,101,107,-6,6
12424,137,133,4,4
12425,64,55,9,9
12426,176,207,-31,31
12427,93,88,5,5
12428,120,119,1,1
12429,108,108,0,0
12430,70,70,0,0
12431,97,90,7,7
12432,83,96,-13,13
12433,83,79,4,4
12434,150,168,-18,18
12435,64,71,-7,7
12436,89,88,1,1
12437,96,98,-2,2
12438,114,112,2,2
12439,119,121,-2,2
12440,61,61,0,0
12441,96,98,-2,2
12442,105,107,-2,2
12443,61,51,10,10
12444,141,144,-3,3
12445,86,83,3,3
12446,87,82,5,5
12447,90,79,11,11
12448,105,109,-4,4
12449,91,85,6,6
12450,111,119,-8,8
12451,76,76,0,0
12452,87,88,-1,1
12453,91,89,2,2
12454,107,119,-12,12
12455,110,106,4,4
12456,124,135,-11,11
12457,128,127,1,1
12458,109,111,-2,2
12459,71,70,1,1
12460,87,82,5,5
12461,148,153,-5,5
12462,107,106,1,1
12463,134,139,-5,5
12464,23,48,-25,25
12465,119,137,-18,18
12466,91,82,9,9
12467,25,25,0,0
12468,61,82,-21,21
12469,101,97,4,4
12470,72,70,2,2
12471,95,97,-2,2
12472,47,52,-5,5
12473,97,94,3,3
12474,81,81,0,0
12475,59,60,-1,1
12476,77,77,0,0
12477,138,129,9,9
12478,120,73,47,47
12479,136,145,-9,9
12480,79,84,-5,5
12481,63,61,2,2
12482,102,100,2,2
12483,158,149,9,9
12484,73,81,-8,8
12485,53,51,2,2
12486,83,88,-5,5
12487,155,133,22,22
12488,139,113,26,26
12489,93,89,4,4
12490,128,137,-9,9
12491,98,112,-14,14
12492,96,87,9,9
12493,153,151,2,2
12494,104,104,0,0
12495,115,109,6,6
12496,72,72,0,0
12497,90,90,0,0
12498,127,140,-13,13
12499,112,134,-22,22
12500,64,68,-4,4
12501,73,75,-2,2
12502,72,80,-8,8
12503,73,83,-10,10
12504,56,55,1,1
12505,106,104,2,2
12506,144,142,2,2
12507,47,72,-25,25
12508,147,147,0,0
12509,95,89,6,6
12510,76,82,-6,6
12511,128,132,-4,4
12512,81,76,5,5
12513,79,82,-3,3
12514,86,83,3,3
12515,44,50,-6,6
12516,87,89,-2,2
12517,102,105,-3,3
12518,116,118,-2,2
12519,105,106,-1,1
12520,113,125,-12,12
12521,152,152,0,0
12522,175,158,17,17
12523,70,72,-2,2
12524,173,163,10,10
12525,87,78,9,9
12526,102,96,6,6
12527,88,93,-5,5
12528,76,75,1,1
12529,110,102,8,8
12530,99,103,-4,4
12531,71,77,-6,6
12532,75,76,-1,1
12533,105,106,-1,1
12534,153,152,1,1
12535,100,120,-20,20
12536,90,90,0,0
12537,83,100,-17,17
12538,82,93,-11,11
12539,49,55,-6,6
12540,69,65,4,4
12541,113,113,0,0
12542,63,62,1,1
12543,58,60,-2,2
12544,65,63,2,2
12545,145,144,1,1
12546,50,53,-3,3
12547,83,87,-4,4
12548,100,95,5,5
12549,76,78,-2,2
12550,72,69,3,3
12551,71,86,-15,15
12552,106,109,-3,3
12553,127,145,-18,18
12554,96,100,-4,4
12555,67,71,-4,4
12556,140,143,-3,3
12557,56,57,-1,1
12558,108,109,-1,1
12559,94,84,10,10
12560,59,59,0,0
12561,84,86,-2,2
12562,96,100,-4,4
12563,92,93,-1,1
12564,186,186,0,0
12565,62,63,-1,1
12566,164,139,25,25
12567,49,52,-3,3
12568,62,74,-12,12
12569,50,58,-8,8
12570,128,135,-7,7
12571,57,66,-9,9
12572,69,77,-8,8
12573,48,56,-8,8
12574,132,121,11,11
12575,140,147,-7,7
12576,107,106,1,1
12577,80,86,-6,6
12578,78,80,-2,2
12579,140,97,43,43
12580,78,83,-5,5
12581,123,112,11,11
12582,87,87,0,0
12583,91,111,-20,20
12584,119,134,-15,15
12585,107,104,3,3
12586,52,59,-7,7
12587,61,70,-9,9
12588,102,95,7,7
12589,79,73,6,6
12590,81,83,-2,2
12591,72,74,-2,2
12592,74,84,-10,10
12593,73,65,8,8
12594,114,99,15,15
12595,127,125,2,2
12596,92,74,18,18
12597,118,130,-12,12
12598,115,191,-76,76
12599,73,74,-1,1
12600,93,99,-6,6
12601,70,66,4,4
12602,73,75,-2,2
12603,107,119,-12,12
12604,96,99,-3,3
12605,101,86,15,15
12606,76,88,-12,12
12607,85,77,8,8
12608,111,110,1,1
12609,42,48,-6,6
12610,69,73,-4,4
12611,97,96,1,1
12612,90,90,0,0
12613,96,94,2,2
12614,114,135,-21,21
12615,121,120,1,1
12616,68,73,-5,5
12617,45,53,-8,8
12618,73,78,-5,5
12619,109,110,-1,1
12620,175,177,-2,2
12621,90,80,10,10
12622,70,67,3,3
12623,85,90,-5,5
12624,62,69,-7,7
12625,89,108,-19,19
12626,132,131,1,1
12627,155,139,16,16
12628,99,105,-6,6
12629,60,53,7,7
12630,110,108,2,2
12631,87,88,-1,1
12632,98,116,-18,18
12633,80,92,-12,12
12634,127,133,-6,6
12635,172,162,10,10
12636,181,175,6,6
12637,130,122,8,8
12638,76,76,0,0
12639,86,90,-4,4
12640,105,106,-1,1
12641,105,115,-10,10
12642,56,61,-5,5
12643,65,71,-6,6
12644,42,42,0,0
12645,120,110,10,10
12646,65,67,-2,2
12647,76,82,-6,6
12648,134,131,3,3
12649,28,67,-39,39
12650,96,94,2,2
12651,92,95,-3,3
12652,53,50,3,3
12653,66,63,3,3
12654,79,77,2,2
12655,101,119,-18,18
12656,78,98,-20,20
12657,88,97,-9,9
12658,136,134,2,2
12659,142,146,-4,4
12660,73,63,10,10
12661,97,95,2,2
12662,80,84,-4,4
12663,51,61,-10,10
12664,69,83,-14,14
12665,52,66,-14,14
12666,57,59,-2,2
12667,100,104,-4,4
12668,147,147,0,0
12669,129,138,-9,9
12670,92,105,-13,13
12671,107,98,9,9
12672,99,111,-12,12
12673,89,95,-6,6
12674,58,70,-12,12
12675,103,90,13,13
12676,33,43,-10,10
12677,103,97,6,6
12678,88,85,3,3
12679,81,87,-6,6
12680,53,54,-1,1
12681,70,85,-15,15
12682,32,39,-7,7
12683,88,88,0,0
12684,99,120,-21,21
12685,110,104,6,6
12686,78,80,-2,2
12687,99,102,-3,3
12688,46,38,8,8
12689,136,123,13,13
12690,75,69,6,6
12691,117,103,14,14
12692,93,85,8,8
12693,132,135,-3,3
12694,70,74,-4,4
12695,69,72,-3,3
12696,49,41,8,8
12697,71,58,13,13
12698,118,120,-2,2
12699,97,100,-3,3
12700,76,85,-9,9
12701,195,123,72,72
12702,128,128,0,0
12703,66,60,6,6
12704,120,125,-5,5
12705,73,78,-5,5
12706,62,67,-5,5
12707,104,95,9,9
12708,94,89,5,5
12709,94,91,3,3
12710,110,102,8,8
12711,96,94,2,2
12712,107,102,5,5
12713,77,92,-15,15
12714,91,108,-17,17
12715,63,62,1,1
12716,128,110,18,18
12717,77,79,-2,2
12718,67,73,-6,6
12719,124,118,6,6
12720,94,93,1,1
12721,64,68,-4,4
12722,74,76,-2,2
12723,88,85,3,3
12724,70,77,-7,7
12725,78,80,-2,2
12726,66,76,-10,10
12727,104,103,1,1
12728,134,145,-11,11
12729,92,96,-4,4
12730,74,75,-1,1
12731,93,92,1,1
12732,98,104,-6,6
12733,100,81,19,19
12734,87,87,0,0
12735,101,96,5,5
12736,49,56,-7,7
12737,121,119,2,2
12738,84,98,-14,14
12739,158,162,-4,4
12740,115,110,5,5
12741,125,114,11,11
12742,53,53,0,0
12743,80,86,-6,6
12744,68,68,0,0
12745,103,101,2,2
12746,107,107,0,0
12747,77,89,-12,12
12748,100,112,-12,12
12749,120,131,-11,11
12750,91,91,0,0
12751,77,64,13,13
12752,132,129,3,3
12753,131,136,-5,5
12754,43,63,-20,20
12755,45,50,-5,5
12756,124,118,6,6
12757,86,82,4,4
12758,107,100,7,7
12759,82,91,-9,9
12760,204,201,3,3
12761,107,106,1,1
12762,120,113,7,7
12763,140,134,6,6
12764,153,147,6,6
12765,83,88,-5,5
12766,47,40,7,7
12767,91,79,12,12
12768,68,61,7,7
12769,56,53,3,3
12770,77,83,-6,6
12771,37,43,-6,6
12772,117,118,-1,1
12773,85,86,-1,1
12774,101,94,7,7
12775,67,73,-6,6
12776,118,132,-14,14
12777,56,61,-5,5
12778,68,67,1,1
12779,65,58,7,7
12780,105,104,1,1
12781,102,113,-11,11
12782,116,112,4,4
12783,69,75,-6,6
12784,79,78,1,1
12785,105,109,-4,4
12786,101,82,19,19
12787,106,95,11,11
12788,89,84,5,5
12789,77,86,-9,9
12790,116,118,-2,2
12791,111,109,2,2
12792,91,79,12,12
12793,74,72,2,2
12794,96,98,-2,2
12795,119,128,-9,9
12796,124,112,12,12
12797,83,77,6,6
12798,59,65,-6,6
12799,87,77,10,10
12800,55,59,-4,4
12801,121,122,-1,1
12802,94,90,4,4
12803,90,86,4,4
12804,181,166,15,15
12805,93,88,5,5
12806,72,76,-4,4
12807,92,96,-4,4
12808,153,148,5,5
12809,55,58,-3,3
12810,61,64,-3,3
12811,99,97,2,2
12812,82,84,-2,2
12813,102,97,5,5
12814,148,145,3,3
12815,112,109,3,3
12816,172,177,-5,5
12817,133,137,-4,4
12818,97,99,-2,2
12819,70,72,-2,2
12820,70,79,-9,9
12821,98,84,14,14
12822,96,112,-16,16
12823,69,66,3,3
12824,90,86,4,4
12825,138,133,5,5
12826,132,138,-6,6
12827,153,167,-14,14
12828,86,78,8,8
12829,108,101,7,7
12830,80,93,-13,13
12831,154,143,11,11
12832,116,128,-12,12
12833,103,101,2,2
12834,104,115,-11,11
12835,116,115,1,1
12836,107,85,22,22
12837,96,93,3,3
12838,90,96,-6,6
12839,50,56,-6,6
12840,104,105,-1,1
12841,72,71,1,1
12842,106,100,6,6
12843,87,90,-3,3
12844,124,126,-2,2
12845,27,33,-6,6
12846,133,150,-17,17
12847,122,112,10,10
12848,124,149,-25,25
12849,89,97,-8,8
12850,97,132,-35,35
12851,84,92,-8,8
12852,140,144,-4,4
12853,136,126,10,10
12854,20,46,-26,26
12855,93,101,-8,8
12856,85,91,-6,6
12857,74,79,-5,5
12858,103,96,7,7
12859,75,79,-4,4
12860,46,47,-1,1
12861,84,106,-22,22
12862,75,78,-3,3
12863,53,50,3,3
12864,52,78,-26,26
12865,87,79,8,8
12866,109,99,10,10
12867,105,97,8,8
12868,67,69,-2,2
12869,154,141,13,13
12870,84,90,-6,6
12871,128,125,3,3
12872,113,122,-9,9
12873,87,85,2,2
12874,101,106,-5,5
12875,96,102,-6,6
12876,39,43,-4,4
12877,133,137,-4,4
12878,191,211,-20,20
12879,60,66,-6,6
12880,125,128,-3,3
12881,75,79,-4,4
12882,40,36,4,4
12883,103,100,3,3
12884,79,78,1,1
12885,185,191,-6,6
12886,124,116,8,8
12887,109,114,-5,5
12888,89,102,-13,13
12889,67,76,-9,9
12890,47,52,-5,5
12891,76,74,2,2
12892,122,130,-8,8
12893,106,100,6,6
12894,142,130,12,12
12895,96,90,6,6
12896,52,55,-3,3
12897,96,98,-2,2
12898,117,122,-5,5
12899,69,73,-4,4
12900,89,83,6,6
12901,72,71,1,1
12902,180,169,11,11
12903,94,86,8,8
12904,53,62,-9,9
12905,93,103,-10,10
12906,161,146,15,15
12907,137,139,-2,2
12908,129,131,-2,2
12909,89,82,7,7
12910,102,93,9,9
12911,159,159,0,0
12912,67,72,-5,5
12913,67,60,7,7
12914,97,100,-3,3
12915,71,76,-5,5
12916,153,160,-7,7
12917,100,105,-5,5
12918,92,100,-8,8
12919,79,90,-11,11
12920,79,78,1,1
12921,73,72,1,1
12922,133,138,-5,5
12923,51,63,-12,12
12924,139,133,6,6
12925,115,133,-18,18
12926,89,89,0,0
12927,124,132,-8,8
12928,90,93,-3,3
12929,128,129,-1,1
12930,131,126,5,5
12931,71,75,-4,4
12932,113,111,2,2
12933,127,138,-11,11
12934,61,64,-3,3
12935,113,113,0,0
12936,112,101,11,11
12937,75,82,-7,7
12938,125,110,15,15
12939,73,77,-4,4
12940,100,118,-18,18
12941,187,188,-1,1
12942,101,97,4,4
12943,103,95,8,8
12944,99,109,-10,10
12945,65,66,-1,1
12946,116,112,4,4
12947,97,115,-18,18
12948,83,91,-8,8
12949,90,100,-10,10
12950,101,116,-15,15
12951,97,109,-12,12
12952,107,103,4,4
12953,119,138,-19,19
12954,78,77,1,1
12955,79,80,-1,1
12956,74,81,-7,7
12957,150,143,7,7
12958,83,95,-12,12
12959,131,140,-9,9
12960,68,73,-5,5
12961,222,207,15,15
12962,88,80,8,8
12963,109,97,12,12
12964,149,156,-7,7
12965,82,87,-5,5
12966,33,43,-10,10
12967,97,109,-12,12
12968,88,91,-3,3
12969,127,143,-16,16
12970,70,67,3,3
12971,86,91,-5,5
12972,63,60,3,3
12973,101,102,-1,1
12974,85,86,-1,1
12975,97,85,12,12
12976,68,80,-12,12
12977,79,92,-13,13
12978,182,183,-1,1
12979,68,71,-3,3
12980,68,74,-6,6
12981,81,79,2,2
12982,118,111,7,7
12983,93,95,-2,2
12984,117,99,18,18
12985,144,143,1,1
12986,134,125,9,9
12987,69,75,-6,6
12988,133,132,1,1
12989,88,94,-6,6
12990,63,56,7,7
12991,116,124,-8,8
12992,113,131,-18,18
12993,103,93,10,10
12994,127,88,39,39
12995,116,124,-8,8
12996,114,100,14,14
12997,123,119,4,4
12998,72,63,9,9
12999,107,101,6,6
13000,121,110,11,11
13001,100,96,4,4
13002,87,84,3,3
13003,102,94,8,8
13004,155,165,-10,10
13005,72,82,-10,10
13006,84,84,0,0
13007,86,99,-13,13
13008,115,123,-8,8
13009,100,102,-2,2
13010,81,74,7,7
13011,51,51,0,0
13012,54,57,-3,3
13013,86,89,-3,3
13014,92,96,-4,4
13015,60,62,-2,2
13016,112,115,-3,3
13017,92,86,6,6
13018,87,86,1,1
13019,95,98,-3,3
13020,80,79,1,1
13021,139,144,-5,5
13022,103,101,2,2
13023,120,136,-16,16
13024,75,92,-17,17
13025,51,64,-13,13
13026,76,85,-9,9
13027,67,71,-4,4
13028,165,152,13,13
13029,84,89,-5,5
13030,83,84,-1,1
13031,61,61,0,0
13032,159,154,5,5
13033,64,75,-11,11
13034,140,144,-4,4
13035,65,78,-13,13
13036,68,70,-2,2
13037,67,64,3,3
13038,87,94,-7,7
13039,109,110,-1,1
13040,116,114,2,2
13041,94,115,-21,21
13042,135,135,0,0
13043,77,79,-2,2
13044,55,54,1,1
13045,61,58,3,3
13046,73,76,-3,3
13047,139,129,10,10
13048,106,125,-19,19
13049,78,91,-13,13
13050,74,65,9,9
13051,99,95,4,4
13052,88,95,-7,7
13053,93,93,0,0
13054,69,65,4,4
13055,235,225,10,10
13056,83,89,-6,6
13057,101,87,14,14
13058,66,69,-3,3
13059,58,59,-1,1
13060,119,125,-6,6
13061,129,125,4,4
13062,82,83,-1,1
13063,168,143,25,25
13064,72,79,-7,7
13065,125,120,5,5
13066,82,76,6,6
13067,97,93,4,4
13068,56,59,-3,3
13069,123,138,-15,15
13070,79,70,9,9
13071,84,84,0,0
13072,112,109,3,3
13073,80,91,-11,11
13074,106,105,1,1
13075,60,65,-5,5
13076,72,76,-4,4
13077,96,112,-16,16
13078,60,59,1,1
13079,117,105,12,12
13080,66,73,-7,7
13081,78,80,-2,2
13082,55,59,-4,4
13083,164,148,16,16
13084,184,187,-3,3
13085,78,86,-8,8
13086,61,70,-9,9
13087,109,130,-21,21
13088,101,105,-4,4
13089,79,75,4,4
13090,51,56,-5,5
13091,64,56,8,8
13092,62,64,-2,2
13093,144,147,-3,3
13094,57,61,-4,4
13095,50,57,-7,7
13096,81,83,-2,2
13097,99,103,-4,4
13098,97,99,-2,2
13099,129,118,11,11
13100,104,99,5,5
13101,93,105,-12,12
13102,84,80,4,4
13103,90,92,-2,2
13104,112,120,-8,8
13105,69,72,-3,3
13106,69,73,-4,4
13107,107,91,16,16
13108,145,137,8,8
13109,84,77,7,7
13110,51,51,0,0
13111,100,98,2,2
13112,82,88,-6,6
13113,71,84,-13,13
13114,104,101,3,3
13115,67,76,-9,9
13116,89,92,-3,3
13117,61,89,-28,28
13118,74,78,-4,4
13119,101,113,-12,12
13120,67,76,-9,9
13121,72,79,-7,7
13122,70,80,-10,10
13123,158,168,-10,10
13124,94,92,2,2
13125,84,80,4,4
13126,120,122,-2,2
13127,152,158,-6,6
13128,137,134,3,3
13129,82,97,-15,15
13130,116,118,-2,2
13131,112,104,8,8
13132,99,93,6,6
13133,150,157,-7,7
13134,66,58,8,8
13135,81,69,12,12
13136,50,57,-7,7
13137,133,137,-4,4
13138,65,72,-7,7
13139,65,64,1,1
13140,80,79,1,1
13141,53,57,-4,4
13142,108,101,7,7
13143,80,69,11,11
13144,126,134,-8,8
13145,73,81,-8,8
13146,58,56,2,2
13147,80,82,-2,2
13148,62,68,-6,6
13149,64,68,-4,4
13150,55,57,-2,2
13151,81,80,1,1
13152,97,106,-9,9
13153,78,72,6,6
13154,101,107,-6,6
13155,72,87,-15,15
13156,112,114,-2,2
13157,84,91,-7,7
13158,68,78,-10,10
13159,102,108,-6,6
13160,117,129,-12,12
13161,88,81,7,7
13162,127,109,18,18
13163,64,60,4,4
13164,87,94,-7,7
13165,80,82,-2,2
13166,101,94,7,7
13167,122,116,6,6
13168,67,60,7,7
13169,131,131,0,0
13170,97,86,11,11
13171,135,129,6,6
13172,88,92,-4,4
13173,115,131,-16,16
13174,134,121,13,13
13175,116,123,-7,7
13176,79,83,-4,4
13177,45,54,-9,9
13178,100,105,-5,5
13179,85,105,-20,20
13180,63,80,-17,17
13181,89,88,1,1
13182,76,88,-12,12
13183,138,137,1,1
13184,123,126,-3,3
13185,74,80,-6,6
13186,43,74,-31,31
13187,66,77,-11,11
13188,86,117,-31,31
13189,115,128,-13,13
13190,30,54,-24,24
13191,66,74,-8,8
13192,208,185,23,23
13193,90,91,-1,1
13194,71,63,8,8
13195,94,85,9,9
13196,171,175,-4,4
13197,55,56,-1,1
13198,43,48,-5,5
13199,67,60,7,7
13200,143,131,12,12
13201,98,97,1,1
13202,100,96,4,4
13203,108,109,-1,1
13204,91,83,8,8
13205,131,128,3,3
13206,79,72,7,7
13207,153,166,-13,13
13208,37,40,-3,3
13209,46,47,-1,1
13210,241,230,11,11
13211,89,89,0,0
13212,72,70,2,2
13213,100,96,4,4
13214,83,82,1,1
13215,98,105,-7,7
13216,128,128,0,0
13217,162,128,34,34
13218,81,79,2,2
13219,98,94,4,4
13220,70,81,-11,11
13221,182,182,0,0
13222,71,71,0,0
13223,173,179,-6,6
13224,54,61,-7,7
13225,66,67,-1,1
13226,85,78,7,7
13227,93,95,-2,2
13228,71,115,-44,44
13229,163,168,-5,5
13230,86,82,4,4
13231,74,72,2,2
13232,148,158,-10,10
13233,112,115,-3,3
13234,90,84,6,6
13235,64,55,9,9
13236,78,95,-17,17
13237,115,121,-6,6
13238,105,102,3,3
13239,90,89,1,1
13240,117,113,4,4
13241,103,96,7,7
13242,139,164,-25,25
13243,107,112,-5,5
13244,118,135,-17,17
13245,94,83,11,11
13246,56,57,-1,1
13247,97,97,0,0
13248,77,72,5,5
13249,117,96,21,21
13250,125,130,-5,5
13251,67,73,-6,6
13252,73,76,-3,3
13253,152,146,6,6
13254,73,68,5,5
13255,121,122,-1,1
13256,166,167,-1,1
13257,90,94,-4,4
13258,96,105,-9,9
13259,149,156,-7,7
13260,61,64,-3,3
13261,144,141,3,3
13262,121,130,-9,9
13263,131,124,7,7
13264,58,46,12,12
13265,51,51,0,0
13266,54,68,-14,14
13267,72,74,-2,2
13268,99,100,-1,1
13269,124,106,18,18
13270,105,107,-2,2
13271,100,102,-2,2
13272,153,167,-14,14
13273,76,79,-3,3
13274,120,107,13,13
13275,94,98,-4,4
13276,85,82,3,3
13277,84,87,-3,3
13278,53,71,-18,18
13279,106,111,-5,5
13280,108,119,-11,11
13281,140,133,7,7
13282,113,110,3,3
13283,57,69,-12,12
13284,108,110,-2,2
13285,123,117,6,6
13286,108,100,8,8
13287,83,74,9,9
13288,99,86,13,13
13289,78,90,-12,12
13290,96,107,-11,11
13291,58,59,-1,1
13292,82,82,0,0
13293,148,144,4,4
13294,86,95,-9,9
13295,81,74,7,7
13296,119,121,-2,2
13297,97,107,-10,10
13298,118,118,0,0
13299,92,87,5,5
13300,102,116,-14,14
13301,72,71,1,1
13302,64,63,1,1
13303,86,90,-4,4
13304,57,71,-14,14
13305,102,98,4,4
13306,67,57,10,10
13307,88,85,3,3
13308,139,123,16,16
13309,61,70,-9,9
13310,77,75,2,2
13311,158,163,-5,5
13312,130,120,10,10
13313,132,139,-7,7
13314,187,150,37,37
13315,79,70,9,9
13316,96,114,-18,18
13317,76,82,-6,6
13318,71,68,3,3
13319,78,84,-6,6
13320,209,208,1,1
13321,75,76,-1,1
13322,146,138,8,8
13323,100,104,-4,4
13324,80,85,-5,5
13325,70,73,-3,3
13326,65,71,-6,6
13327,95,106,-11,11
13328,80,77,3,3
13329,69,72,-3,3
13330,132,142,-10,10
13331,77,75,2,2
13332,98,92,6,6
13333,94,97,-3,3
13334,86,90,-4,4
13335,90,106,-16,16
13336,75,70,5,5
13337,130,98,32,32
13338,87,96,-9,9
13339,141,133,8,8
13340,161,151,10,10
13341,68,68,0,0
13342,97,92,5,5
13343,125,119,6,6
13344,36,42,-6,6
13345,115,117,-2,2
13346,68,75,-7,7
13347,106,104,2,2
13348,96,108,-12,12
13349,82,79,3,3
13350,73,68,5,5
13351,89,76,13,13
13352,75,74,1,1
13353,85,94,-9,9
13354,134,150,-16,16
13355,90,84,6,6
13356,83,84,-1,1
13357,129,118,11,11
13358,140,148,-8,8
13359,60,73,-13,13
13360,82,78,4,4
13361,153,122,31,31
13362,80,89,-9,9
13363,119,129,-10,10
13364,108,105,3,3
13365,54,54,0,0
13366,99,105,-6,6
13367,130,162,-32,32
13368,100,99,1,1
13369,59,58,1,1
13370,84,93,-9,9
13371,117,118,-1,1
13372,60,70,-10,10
13373,55,52,3,3
13374,96,100,-4,4
13375,73,82,-9,9
13376,64,62,2,2
13377,75,64,11,11
13378,55,74,-19,19
13379,90,89,1,1
13380,142,152,-10,10
13381,139,144,-5,5
13382,118,117,1,1
13383,120,116,4,4
13384,112,116,-4,4
13385,43,50,-7,7
13386,106,109,-3,3
13387,187,189,-2,2
13388,117,119,-2,2
13389,111,109,2,2
13390,188,199,-11,11
13391,156,142,14,14
13392,136,146,-10,10
13393,88,93,-5,5
13394,29,44,-15,15
13395,107,97,10,10
13396,113,99,14,14
13397,93,92,1,1
13398,81,81,0,0
13399,22,33,-11,11
13400,69,69,0,0
13401,168,163,5,5
13402,147,142,5,5
13403,105,116,-11,11
13404,145,139,6,6
13405,58,68,-10,10
13406,60,70,-10,10
13407,150,156,-6,6
13408,70,69,1,1
13409,69,69,0,0
13410,140,148,-8,8
13411,88,87,1,1
13412,120,119,1,1
13413,63,67,-4,4
13414,81,96,-15,15
13415,66,61,5,5
13416,91,88,3,3
13417,131,144,-13,13
13418,126,98,28,28
13419,138,136,2,2
13420,103,109,-6,6
13421,103,102,1,1
13422,50,80,-30,30
13423,64,76,-12,12
13424,75,82,-7,7
13425,67,64,3,3
13426,97,92,5,5
13427,109,109,0,0
13428,137,137,0,0
13429,71,70,1,1
13430,98,89,9,9
13431,82,104,-22,22
13432,65,73,-8,8
13433,117,108,9,9
13434,148,155,-7,7
13435,190,180,10,10
13436,84,84,0,0
13437,110,92,18,18
13438,138,137,1,1
13439,74,76,-2,2
13440,130,119,11,11
13441,79,83,-4,4
13442,92,98,-6,6
13443,137,141,-4,4
13444,104,90,14,14
13445,160,163,-3,3
13446,90,92,-2,2
13447,101,103,-2,2
13448,123,133,-10,10
13449,73,72,1,1
13450,66,69,-3,3
13451,124,125,-1,1
13452,173,150,23,23
13453,142,136,6,6
13454,32,58,-26,26
13455,104,100,4,4
13456,65,79,-14,14
13457,60,55,5,5
13458,71,77,-6,6
13459,56,53,3,3
13460,122,132,-10,10
13461,135,152,-17,17
13462,162,166,-4,4
13463,96,113,-17,17
13464,126,137,-11,11
13465,74,77,-3,3
13466,102,107,-5,5
13467,80,85,-5,5
13468,88,85,3,3
13469,92,81,11,11
13470,107,110,-3,3
13471,87,107,-20,20
13472,58,57,1,1
13473,80,73,7,7
13474,79,70,9,9
13475,114,124,-10,10
13476,78,89,-11,11
13477,75,76,-1,1
13478,168,179,-11,11
13479,114,116,-2,2
13480,59,67,-8,8
13481,152,162,-10,10
13482,66,67,-1,1
13483,98,89,9,9
13484,70,71,-1,1
13485,101,93,8,8
13486,130,131,-1,1
13487,114,111,3,3
13488,63,70,-7,7
13489,181,175,6,6
13490,86,91,-5,5
13491,107,126,-19,19
13492,59,56,3,3
13493,74,73,1,1
13494,134,132,2,2
13495,199,177,22,22
13496,58,68,-10,10
13497,99,112,-13,13
13498,103,107,-4,4
13499,183,170,13,13
13500,96,105,-9,9
13501,99,109,-10,10
13502,113,107,6,6
13503,88,82,6,6
13504,88,95,-7,7
13505,128,126,2,2
13506,82,95,-13,13
13507,80,75,5,5
13508,53,58,-5,5
13509,47,54,-7,7
13510,102,81,21,21
13511,97,99,-2,2
13512,68,73,-5,5
13513,125,121,4,4
13514,110,117,-7,7
13515,77,71,6,6
13516,127,121,6,6
13517,87,84,3,3
13518,107,94,13,13
13519,105,116,-11,11
13520,153,135,18,18
13521,61,69,-8,8
13522,33,82,-49,49
13523,146,146,0,0
13524,100,112,-12,12
13525,170,158,12,12
13526,134,126,8,8
13527,78,104,-26,26
13528,73,60,13,13
13529,60,55,5,5
13530,64,70,-6,6
13531,99,90,9,9
13532,80,92,-12,12
13533,65,68,-3,3
13534,67,61,6,6
13535,141,131,10,10
13536,60,68,-8,8
13537,138,146,-8,8
13538,154,148,6,6
13539,58,61,-3,3
13540,114,127,-13,13
13541,132,129,3,3
13542,98,101,-3,3
13543,80,88,-8,8
13544,105,111,-6,6
13545,84,97,-13,13
13546,78,83,-5,5
13547,154,150,4,4
13548,67,74,-7,7
13549,95,95,0,0
13550,125,123,2,2
13551,128,131,-3,3
13552,42,45,-3,3
13553,204,197,7,7
13554,98,95,3,3
13555,112,113,-1,1
13556,132,118,14,14
13557,139,136,3,3
13558,93,87,6,6
13559,146,144,2,2
13560,56,57,-1,1
13561,65,68,-3,3
13562,124,119,5,5
13563,103,103,0,0
13564,86,87,-1,1
13565,60,69,-9,9
13566,98,104,-6,6
13567,80,129,-49,49
13568,89,103,-14,14
13569,148,133,15,15
13570,40,47,-7,7
13571,80,91,-11,11
13572,70,79,-9,9
13573,82,75,7,7
13574,133,148,-15,15
13575,75,86,-11,11
13576,75,72,3,3
13577,120,104,16,16
13578,50,56,-6,6
13579,111,133,-22,22
13580,86,87,-1,1
13581,115,122,-7,7
13582,63,65,-2,2
13583,93,92,1,1
13584,104,97,7,7
13585,153,161,-8,8
13586,51,61,-10,10
13587,128,121,7,7
13588,92,89,3,3
13589,51,60,-9,9
13590,84,89,-5,5
13591,104,104,0,0
13592,101,94,7,7
13593,83,86,-3,3
13594,69,75,-6,6
13595,96,99,-3,3
13596,83,80,3,3
13597,54,73,-19,19
13598,83,70,13,13
13599,54,59,-5,5
13600,61,61,0,0
13601,116,111,5,5
13602,113,105,8,8
13603,76,72,4,4
13604,87,80,7,7
13605,59,59,0,0
13606,141,144,-3,3
13607,97,99,-2,2
13608,89,83,6,6
13609,131,139,-8,8
13610,71,71,0,0
13611,60,53,7,7
13612,39,52,-13,13
13613,68,70,-2,2
13614,61,59,2,2
13615,107,101,6,6
13616,95,95,0,0
13617,94,112,-18,18
13618,82,86,-4,4
13619,110,113,-3,3
13620,113,116,-3,3
13621,107,105,2,2
13622,161,150,11,11
13623,180,167,13,13
13624,101,103,-2,2
13625,88,92,-4,4
13626,87,83,4,4
13627,115,121,-6,6
13628,121,117,4,4
13629,139,142,-3,3
13630,123,123,0,0
13631,63,62,1,1
13632,122,120,2,2
13633,68,73,-5,5
13634,110,107,3,3
13635,57,79,-22,22
13636,82,83,-1,1
13637,95,95,0,0
13638,134,133,1,1
13639,98,86,12,12
13640,128,127,1,1
13641,95,98,-3,3
13642,104,129,-25,25
13643,175,169,6,6
13644,109,99,10,10
13645,164,156,8,8
13646,118,116,2,2
13647,70,72,-2,2
13648,54,65,-11,11
13649,145,152,-7,7
13650,68,66,2,2
13651,82,78,4,4
13652,61,60,1,1
13653,92,94,-2,2
13654,89,81,8,8
13655,96,93,3,3
13656,122,119,3,3
13657,79,78,1,1
13658,75,82,-7,7
13659,108,108,0,0
13660,43,45,-2,2
13661,67,73,-6,6
13662,75,76,-1,1
13663,67,69,-2,2
13664,88,97,-9,9
13665,55,64,-9,9
13666,96,106,-10,10
13667,60,64,-4,4
13668,125,121,4,4
13669,56,64,-8,8
13670,111,115,-4,4
13671,105,126,-21,21
13672,77,97,-20,20
13673,89,91,-2,2
13674,79,83,-4,4
13675,107,115,-8,8
13676,124,124,0,0
13677,119,123,-4,4
13678,57,86,-29,29
13679,127,119,8,8
13680,64,74,-10,10
13681,96,99,-3,3
13682,89,82,7,7
13683,71,75,-4,4
13684,76,77,-1,1
13685,110,115,-5,5
13686,120,138,-18,18
13687,98,96,2,2
13688,84,93,-9,9
13689,233,239,-6,6
13690,75,68,7,7
13691,107,91,16,16
13692,76,77,-1,1
13693,84,88,-4,4
13694,86,88,-2,2
13695,103,94,9,9
13696,106,101,5,5
13697,150,134,16,16
13698,73,77,-4,4
13699,130,148,-18,18
13700,132,123,9,9
13701,139,140,-1,1
13702,115,116,-1,1
13703,155,158,-3,3
13704,75,87,-12,12
13705,70,68,2,2
13706,127,121,6,6
13707,65,61,4,4
13708,100,115,-15,15
13709,170,162,8,8
13710,135,130,5,5
13711,75,82,-7,7
13712,164,181,-17,17
13713,125,116,9,9
13714,104,118,-14,14
13715,53,50,3,3
13716,146,154,-8,8
13717,102,91,11,11
13718,70,86,-16,16
13719,54,65,-11,11
13720,108,110,-2,2
13721,97,93,4,4
13722,104,103,1,1
13723,140,144,-4,4
13724,94,108,-14,14
13725,62,75,-13,13
13726,105,97,8,8
13727,48,50,-2,2
13728,63,68,-5,5
13729,64,58,6,6
13730,51,54,-3,3
13731,63,62,1,1
13732,121,116,5,5
13733,120,112,8,8
13734,86,88,-2,2
13735,91,91,0,0
13736,55,68,-13,13
13737,98,103,-5,5
13738,69,68,1,1
13739,45,63,-18,18
13740,126,140,-14,14
13741,169,161,8,8
13742,95,89,6,6
13743,106,115,-9,9
13744,91,84,7,7
13745,126,114,12,12
13746,67,67,0,0
13747,55,65,-10,10
13748,74,81,-7,7
13749,87,76,11,11
13750,87,90,-3,3
13751,83,73,10,10
13752,114,131,-17,17
13753,125,132,-7,7
13754,120,121,-1,1
13755,86,85,1,1
13756,66,68,-2,2
13757,106,107,-1,1
13758,62,62,0,0
13759,87,119,-32,32
13760,68,62,6,6
13761,77,81,-4,4
13762,106,101,5,5
13763,101,98,3,3
13764,93,95,-2,2
13765,63,97,-34,34
13766,53,59,-6,6
13767,116,115,1,1
13768,116,121,-5,5
13769,92,124,-32,32
13770,80,83,-3,3
13771,93,94,-1,1
13772,129,127,2,2
13773,97,97,0,0
13774,51,65,-14,14
13775,98,91,7,7
13776,80,108,-28,28
13777,74,76,-2,2
13778,157,149,8,8
13779,163,170,-7,7
13780,62,67,-5,5
13781,107,112,-5,5
13782,107,94,13,13
13783,107,111,-4,4
13784,83,86,-3,3
13785,117,105,12,12
13786,94,107,-13,13
13787,65,66,-1,1
13788,61,67,-6,6
13789,79,82,-3,3
13790,137,142,-5,5
13791,141,132,9,9
13792,95,94,1,1
13793,101,99,2,2
13794,95,100,-5,5
13795,142,132,10,10
13796,107,101,6,6
13797,80,78,2,2
13798,91,97,-6,6
13799,71,73,-2,2
13800,81,69,12,12
13801,96,95,1,1
13802,151,146,5,5
13803,75,84,-9,9
13804,69,76,-7,7
13805,70,72,-2,2
13806,66,67,-1,1
13807,100,105,-5,5
13808,107,106,1,1
13809,116,113,3,3
13810,59,63,-4,4
13811,90,92,-2,2
13812,60,56,4,4
13813,55,51,4,4
13814,66,68,-2,2
13815,90,97,-7,7
13816,80,83,-3,3
13817,151,69,82,82
13818,91,99,-8,8
13819,59,63,-4,4
13820,73,79,-6,6
13821,51,54,-3,3
13822,95,102,-7,7
13823,92,89,3,3
13824,61,60,1,1
13825,80,80,0,0
13826,107,121,-14,14
13827,79,85,-6,6
13828,167,160,7,7
13829,58,62,-4,4
13830,104,104,0,0
13831,106,117,-11,11
13832,61,52,9,9
13833,111,118,-7,7
13834,97,116,-19,19
13835,101,103,-2,2
13836,67,70,-3,3
13837,56,64,-8,8
13838,57,56,1,1
13839,82,68,14,14
13840,95,95,0,0
13841,69,75,-6,6
13842,58,67,-9,9
13843,105,103,2,2
13844,163,146,17,17
13845,61,72,-11,11
13846,90,78,12,12
13847,220,214,6,6
13848,96,85,11,11
13849,44,43,1,1
13850,59,64,-5,5
13851,60,73,-13,13
13852,64,64,0,0
13853,94,96,-2,2
13854,151,147,4,4
13855,75,75,0,0
13856,75,77,-2,2
13857,79,74,5,5
13858,70,78,-8,8
13859,107,115,-8,8
13860,145,139,6,6
13861,70,66,4,4
13862,75,67,8,8
13863,141,144,-3,3
13864,66,68,-2,2
13865,79,71,8,8
13866,111,105,6,6
13867,112,107,5,5
13868,125,139,-14,14
13869,121,134,-13,13
13870,108,114,-6,6
13871,74,85,-11,11
13872,106,112,-6,6
13873,118,113,5,5
13874,162,149,13,13
13875,142,111,31,31
13876,65,70,-5,5
13877,59,57,2,2
13878,91,87,4,4
13879,75,72,3,3
13880,125,112,13,13
13881,146,150,-4,4
13882,84,83,1,1
13883,95,99,-4,4
13884,88,84,4,4
13885,95,86,9,9
13886,54,57,-3,3
13887,68,60,8,8
13888,250,269,-19,19
13889,64,70,-6,6
13890,89,84,5,5
13891,63,67,-4,4
13892,47,60,-13,13
13893,113,112,1,1
13894,118,113,5,5
13895,77,78,-1,1
13896,175,169,6,6
13897,87,88,-1,1
13898,85,88,-3,3
13899,107,98,9,9
13900,77,69,8,8
13901,112,121,-9,9
13902,67,75,-8,8
13903,124,129,-5,5
13904,69,69,0,0
13905,170,171,-1,1
13906,91,83,8,8
13907,69,77,-8,8
13908,69,66,3,3
13909,102,101,1,1
13910,87,96,-9,9
13911,61,70,-9,9
13912,140,131,9,9
13913,56,76,-20,20
13914,50,52,-2,2
13915,71,67,4,4
13916,46,53,-7,7
13917,102,105,-3,3
13918,72,71,1,1
13919,102,111,-9,9
13920,98,98,0,0
13921,114,121,-7,7
13922,83,87,-4,4
13923,75,79,-4,4
13924,92,86,6,6
13925,107,113,-6,6
13926,166,160,6,6
13927,72,75,-3,3
13928,43,60,-17,17
13929,98,76,22,22
13930,141,137,4,4
13931,112,101,11,11
13932,149,141,8,8
13933,17,49,-32,32
13934,63,73,-10,10
13935,127,116,11,11
13936,128,137,-9,9
13937,64,68,-4,4
13938,59,64,-5,5
13939,45,57,-12,12
13940,104,97,7,7
13941,82,81,1,1
13942,52,59,-7,7
13943,96,86,10,10
13944,108,109,-1,1
13945,122,124,-2,2
13946,105,102,3,3
13947,72,74,-2,2
13948,75,73,2,2
13949,111,110,1,1
13950,86,82,4,4
13951,121,127,-6,6
13952,86,73,13,13
13953,66,64,2,2
13954,93,98,-5,5
13955,128,142,-14,14
13956,142,140,2,2
13957,87,70,17,17
13958,84,73,11,11
13959,103,105,-2,2
13960,113,106,7,7
13961,136,138,-2,2
13962,74,71,3,3
13963,108,123,-15,15
13964,89,92,-3,3
13965,84,86,-2,2
13966,98,96,2,2
13967,51,64,-13,13
13968,53,48,5,5
13969,88,91,-3,3
13970,96,91,5,5
13971,105,115,-10,10
13972,95,91,4,4
13973,119,74,45,45
13974,79,70,9,9
13975,110,94,16,16
13976,68,65,3,3
13977,98,106,-8,8
13978,162,178,-16,16
13979,124,129,-5,5
13980,54,55,-1,1
13981,89,95,-6,6
13982,55,82,-27,27
13983,147,130,17,17
13984,118,110,8,8
13985,28,53,-25,25
13986,115,116,-1,1
13987,87,96,-9,9
13988,129,130,-1,1
13989,100,97,3,3
13990,119,121,-2,2
13991,95,101,-6,6
13992,130,132,-2,2
13993,57,48,9,9
13994,103,91,12,12
13995,100,99,1,1
13996,95,99,-4,4
13997,61,68,-7,7
13998,59,64,-5,5
13999,126,113,13,13
14000,162,181,-19,19
14001,98,106,-8,8
14002,134,111,23,23
14003,118,118,0,0
14004,57,62,-5,5
14005,84,91,-7,7
14006,84,80,4,4
14007,120,143,-23,23
14008,163,159,4,4
14009,64,63,1,1
14010,83,79,4,4
14011,69,87,-18,18
14012,135,106,29,29
14013,86,87,-1,1
14014,60,55,5,5
14015,77,88,-11,11
14016,92,93,-1,1
14017,85,83,2,2
14018,161,163,-2,2
14019,126,93,33,33
14020,63,66,-3,3
14021,93,102,-9,9
14022,73,69,4,4
14023,107,106,1,1
14024,74,73,1,1
14025,73,64,9,9
14026,108,92,16,16
14027,182,181,1,1
14028,134,123,11,11
14029,67,71,-4,4
14030,91,87,4,4
14031,131,165,-34,34
14032,146,148,-2,2
14033,80,79,1,1
14034,139,133,6,6
14035,188,197,-9,9
14036,150,148,2,2
14037,74,80,-6,6
14038,115,121,-6,6
14039,87,83,4,4
14040,83,67,16,16
14041,71,69,2,2
14042,95,99,-4,4
14043,110,105,5,5
14044,91,90,1,1
14045,108,104,4,4
14046,51,51,0,0
14047,71,75,-4,4
14048,50,58,-8,8
14049,66,68,-2,2
14050,56,65,-9,9
14051,108,113,-5,5
14052,114,108,6,6
14053,86,75,11,11
14054,88,88,0,0
14055,66,65,1,1
14056,111,117,-6,6
14057,53,62,-9,9
14058,94,94,0,0
14059,74,74,0,0
14060,129,140,-11,11
14061,75,80,-5,5
14062,198,188,10,10
14063,76,70,6,6
14064,94,92,2,2
14065,70,75,-5,5
14066,172,159,13,13
14067,61,66,-5,5
14068,80,80,0,0
14069,102,98,4,4
14070,114,115,-1,1
14071,70,83,-13,13
14072,75,85,-10,10
14073,112,113,-1,1
14074,44,58,-14,14
14075,145,182,-37,37
14076,68,95,-27,27
14077,148,153,-5,5
14078,56,58,-2,2
14079,81,87,-6,6
14080,73,74,-1,1
14081,122,127,-5,5
14082,75,88,-13,13
14083,121,127,-6,6
14084,139,146,-7,7
14085,63,65,-2,2
14086,125,119,6,6
14087,85,86,-1,1
14088,112,105,7,7
14089,114,124,-10,10
14090,134,130,4,4
14091,98,108,-10,10
14092,75,81,-6,6
14093,135,95,40,40
14094,96,104,-8,8
14095,102,103,-1,1
14096,150,164,-14,14
14097,186,174,12,12
14098,63,63,0,0
14099,116,114,2,2
14100,83,76,7,7
14101,110,96,14,14
14102,104,92,12,12
14103,71,77,-6,6
14104,111,123,-12,12
14105,106,108,-2,2
14106,147,149,-2,2
14107,67,76,-9,9
14108,212,212,0,0
14109,83,87,-4,4
14110,174,155,19,19
14111,113,133,-20,20
14112,68,80,-12,12
14113,159,169,-10,10
14114,52,69,-17,17
14115,123,128,-5,5
14116,112,114,-2,2
14117,69,77,-8,8
14118,61,66,-5,5
14119,63,68,-5,5
14120,70,76,-6,6
14121,65,74,-9,9
14122,145,146,-1,1
14123,121,132,-11,11
14124,60,58,2,2
14125,187,174,13,13
14126,24,31,-7,7
14127,136,137,-1,1
14128,65,84,-19,19
14129,67,69,-2,2
14130,189,196,-7,7
14131,83,93,-10,10
14132,76,77,-1,1
14133,91,89,2,2
14134,74,84,-10,10
14135,55,64,-9,9
14136,107,101,6,6
14137,160,156,4,4
14138,149,143,6,6
14139,96,91,5,5
14140,88,88,0,0
14141,118,126,-8,8
14142,91,89,2,2
14143,92,92,0,0
14144,74,75,-1,1
14145,118,128,-10,10
14146,81,99,-18,18
14147,95,101,-6,6
14148,68,75,-7,7
14149,132,127,5,5
14150,49,50,-1,1
14151,115,126,-11,11
14152,148,148,0,0
14153,109,131,-22,22
14154,104,101,3,3
14155,159,171,-12,12
14156,83,74,9,9
14157,47,53,-6,6
14158,92,92,0,0
14159,101,110,-9,9
14160,57,62,-5,5
14161,40,51,-11,11
14162,153,149,4,4
14163,163,149,14,14
14164,66,70,-4,4
14165,90,86,4,4
14166,55,52,3,3
14167,52,60,-8,8
14168,96,95,1,1
14169,115,115,0,0
14170,47,73,-26,26
14171,77,93,-16,16
14172,76,82,-6,6
14173,115,123,-8,8
14174,93,99,-6,6
14175,120,104,16,16
14176,83,81,2,2
14177,119,116,3,3
14178,40,48,-8,8
14179,47,53,-6,6
14180,55,53,2,2
14181,96,95,1,1
14182,88,94,-6,6
14183,74,87,-13,13
14184,80,88,-8,8
14185,68,65,3,3
14186,144,141,3,3
14187,101,101,0,0
14188,116,118,-2,2
14189,63,54,9,9
14190,51,68,-17,17
14191,123,97,26,26
14192,145,143,2,2
14193,107,99,8,8
14194,109,113,-4,4
14195,115,121,-6,6
14196,59,59,0,0
14197,63,73,-10,10
14198,190,195,-5,5
14199,69,65,4,4
14200,77,80,-3,3
14201,78,87,-9,9
14202,85,93,-8,8
14203,112,92,20,20
14204,82,83,-1,1
14205,150,157,-7,7
14206,72,84,-12,12
14207,105,110,-5,5
14208,80,81,-1,1
14209,39,41,-2,2
14210,102,108,-6,6
14211,68,74,-6,6
14212,95,93,2,2
14213,24,40,-16,16
14214,50,52,-2,2
14215,66,56,10,10
14216,69,74,-5,5
14217,120,124,-4,4
14218,140,129,11,11
14219,69,73,-4,4
14220,187,150,37,37
14221,107,107,0,0
14222,67,67,0,0
14223,126,126,0,0
14224,112,133,-21,21
14225,93,108,-15,15
14226,89,97,-8,8
14227,93,103,-10,10
14228,48,53,-5,5
14229,153,152,1,1
14230,67,69,-2,2
14231,48,55,-7,7
14232,58,71,-13,13
14233,179,175,4,4
14234,91,91,0,0
14235,123,132,-9,9
14236,70,70,0,0
14237,32,41,-9,9
14238,96,86,10,10
14239,53,53,0,0
14240,99,96,3,3
14241,133,124,9,9
14242,77,88,-11,11
14243,47,58,-11,11
14244,55,58,-3,3
14245,85,83,2,2
14246,135,129,6,6
14247,103,85,18,18
14248,62,72,-10,10
14249,73,66,7,7
14250,117,134,-17,17
14251,112,114,-2,2
14252,34,35,-1,1
14253,46,48,-2,2
14254,68,61,7,7
14255,42,46,-4,4
14256,88,89,-1,1
14257,88,88,0,0
14258,78,90,-12,12
14259,74,85,-11,11
14260,145,139,6,6
14261,144,145,-1,1
14262,146,151,-5,5
14263,50,56,-6,6
14264,134,114,20,20
14265,81,76,5,5
14266,81,76,5,5
14267,64,66,-2,2
14268,134,136,-2,2
14269,177,185,-8,8
14270,115,118,-3,3
14271,105,118,-13,13
14272,142,122,20,20
14273,104,100,4,4
14274,74,89,-15,15
14275,177,162,15,15
14276,47,53,-6,6
14277,127,136,-9,9
14278,186,177,9,9
14279,81,98,-17,17
14280,78,74,4,4
14281,155,145,10,10
14282,170,126,44,44
14283,97,97,0,0
14284,94,98,-4,4
14285,77,83,-6,6
14286,83,90,-7,7
14287,109,109,0,0
14288,92,94,-2,2
14289,93,94,-1,1
14290,63,90,-27,27
14291,85,95,-10,10
14292,92,106,-14,14
14293,68,67,1,1
14294,111,124,-13,13
14295,181,176,5,5
14296,57,71,-14,14
14297,93,102,-9,9
14298,68,84,-16,16
14299,95,109,-14,14
14300,123,108,15,15
14301,58,61,-3,3
14302,159,151,8,8
14303,97,88,9,9
14304,82,78,4,4
14305,70,66,4,4
14306,87,77,10,10
14307,63,65,-2,2
14308,138,142,-4,4
14309,124,126,-2,2
14310,90,91,-1,1
14311,72,65,7,7
14312,82,90,-8,8
14313,102,111,-9,9
14314,149,129,20,20
14315,127,126,1,1
14316,127,108,19,19
14317,80,80,0,0
14318,79,73,6,6
14319,126,131,-5,5
14320,160,159,1,1
14321,88,88,0,0
14322,57,45,12,12
14323,117,120,-3,3
14324,88,77,11,11
14325,117,122,-5,5
14326,108,110,-2,2
14327,122,143,-21,21
14328,126,128,-2,2
14329,137,140,-3,3
14330,119,103,16,16
14331,94,101,-7,7
14332,89,69,20,20
14333,65,63,2,2
14334,80,83,-3,3
14335,73,79,-6,6
14336,137,125,12,12
14337,112,120,-8,8
14338,93,96,-3,3
14339,121,97,24,24
14340,94,100,-6,6
14341,74,80,-6,6
14342,126,126,0,0
14343,102,103,-1,1
14344,61,55,6,6
14345,107,118,-11,11
14346,187,184,3,3
14347,129,122,7,7
14348,96,109,-13,13
14349,85,77,8,8
14350,89,93,-4,4
14351,65,62,3,3
14352,67,78,-11,11
14353,95,89,6,6
14354,90,80,10,10
14355,70,85,-15,15
14356,51,58,-7,7
14357,67,77,-10,10
14358,105,96,9,9
14359,72,88,-16,16
14360,73,67,6,6
14361,90,91,-1,1
14362,60,59,1,1
14363,125,121,4,4
14364,128,130,-2,2
14365,114,118,-4,4
14366,80,83,-3,3
14367,130,121,9,9
14368,170,201,-31,31
14369,163,177,-14,14
14370,121,109,12,12
14371,65,73,-8,8
14372,110,113,-3,3
14373,86,87,-1,1
14374,136,138,-2,2
14375,95,98,-3,3
14376,82,83,-1,1
14377,117,115,2,2
14378,122,125,-3,3
14379,61,51,10,10
14380,49,53,-4,4
14381,188,171,17,17
14382,61,68,-7,7
14383,164,163,1,1
14384,64,70,-6,6
14385,100,100,0,0
14386,75,74,1,1
14387,90,88,2,2
14388,83,77,6,6
14389,74,81,-7,7
14390,88,90,-2,2
14391,110,98,12,12
14392,104,103,1,1
14393,61,62,-1,1
14394,80,85,-5,5
14395,121,111,10,10
14396,72,83,-11,11
14397,80,80,0,0
14398,38,40,-2,2
14399,136,124,12,12
14400,85,93,-8,8
14401,86,88,-2,2
14402,129,131,-2,2
14403,58,61,-3,3
14404,73,80,-7,7
14405,135,143,-8,8
14406,106,118,-12,12
14407,53,63,-10,10
14408,54,54,0,0
14409,62,84,-22,22
14410,91,107,-16,16
14411,61,61,0,0
14412,56,62,-6,6
14413,53,55,-2,2
14414,67,67,0,0
14415,81,86,-5,5
14416,77,86,-9,9
14417,92,100,-8,8
14418,181,168,13,13
14419,68,75,-7,7
14420,73,75,-2,2
14421,102,96,6,6
14422,85,87,-2,2
14423,78,82,-4,4
14424,85,82,3,3
14425,86,92,-6,6
14426,61,64,-3,3
14427,60,60,0,0
14428,70,71,-1,1
14429,63,67,-4,4
14430,141,152,-11,11
14431,82,83,-1,1
14432,125,116,9,9
14433,25,37,-12,12
14434,124,117,7,7
14435,42,47,-5,5
14436,123,131,-8,8
14437,50,70,-20,20
14438,94,102,-8,8
14439,175,166,9,9
14440,119,126,-7,7
14441,97,108,-11,11
14442,112,114,-2,2
14443,105,109,-4,4
14444,85,83,2,2
14445,117,125,-8,8
14446,140,136,4,4
14447,117,110,7,7
14448,45,51,-6,6
14449,73,76,-3,3
14450,71,84,-13,13
14451,41,40,1,1
14452,134,126,8,8
14453,102,105,-3,3
14454,69,72,-3,3
14455,98,102,-4,4
14456,113,109,4,4
14457,90,93,-3,3
14458,67,62,5,5
14459,83,88,-5,5
14460,64,67,-3,3
14461,192,160,32,32
14462,93,82,11,11
14463,111,115,-4,4
14464,122,133,-11,11
14465,89,98,-9,9
14466,77,99,-22,22
14467,66,68,-2,2
14468,57,62,-5,5
14469,84,85,-1,1
14470,90,98,-8,8
14471,103,100,3,3
14472,144,151,-7,7
14473,120,122,-2,2
14474,105,103,2,2
14475,121,126,-5,5
14476,51,99,-48,48
14477,91,85,6,6
14478,73,89,-16,16
14479,60,64,-4,4
14480,50,53,-3,3
14481,94,109,-15,15
14482,107,100,7,7
14483,62,52,10,10
14484,77,77,0,0
14485,109,106,3,3
14486,113,112,1,1
14487,95,107,-12,12
14488,153,151,2,2
14489,146,136,10,10
14490,75,78,-3,3
14491,97,102,-5,5
14492,96,100,-4,4
14493,112,137,-25,25
14494,93,105,-12,12
14495,88,93,-5,5
14496,143,129,14,14
14497,131,134,-3,3
14498,92,98,-6,6
14499,77,75,2,2
14500,94,91,3,3
14501,60,79,-19,19
14502,70,67,3,3
14503,73,78,-5,5
14504,115,116,-1,1
14505,111,120,-9,9
14506,41,43,-2,2
14507,49,52,-3,3
14508,141,149,-8,8
14509,85,77,8,8
14510,89,88,1,1
14511,84,73,11,11
14512,102,101,1,1
14513,100,104,-4,4
14514,72,75,-3,3
14515,99,101,-2,2
14516,68,67,1,1
14517,63,61,2,2
14518,156,168,-12,12
14519,113,114,-1,1
14520,109,112,-3,3
14521,141,137,4,4
14522,173,169,4,4
14523,95,111,-16,16
14524,89,97,-8,8
14525,103,103,0,0
14526,71,73,-2,2
14527,81,85,-4,4
14528,93,93,0,0
14529,138,142,-4,4
14530,94,85,9,9
14531,168,133,35,35
14532,56,64,-8,8
14533,70,62,8,8
14534,143,131,12,12
14535,115,119,-4,4
14536,78,73,5,5
14537,71,82,-11,11
14538,61,57,4,4
14539,174,174,0,0
14540,136,139,-3,3
14541,137,150,-13,13
14542,64,59,5,5
14543,98,95,3,3
14544,61,63,-2,2
14545,79,75,4,4
14546,58,60,-2,2
14547,88,92,-4,4
14548,83,83,0,0
14549,58,70,-12,12
14550,113,105,8,8
14551,65,62,3,3
14552,98,103,-5,5
14553,98,95,3,3
14554,119,109,10,10
14555,81,88,-7,7
14556,107,118,-11,11
14557,69,69,0,0
14558,102,111,-9,9
14559,64,69,-5,5
14560,92,105,-13,13
14561,91,82,9,9
14562,76,69,7,7
14563,120,123,-3,3
14564,131,121,10,10
14565,73,69,4,4
14566,113,80,33,33
14567,46,50,-4,4
14568,31,33,-2,2
14569,86,127,-41,41
14570,124,138,-14,14
14571,69,69,0,0
14572,103,99,4,4
14573,78,84,-6,6
14574,85,81,4,4
14575,43,42,1,1
14576,102,101,1,1
14577,64,70,-6,6
14578,112,121,-9,9
14579,104,102,2,2
14580,116,118,-2,2
14581,72,74,-2,2
14582,86,94,-8,8
14583,45,54,-9,9
14584,90,95,-5,5
14585,204,200,4,4
14586,38,50,-12,12
14587,95,78,17,17
14588,102,112,-10,10
14589,193,195,-2,2
14590,130,107,23,23
14591,47,52,-5,5
14592,132,140,-8,8
14593,176,159,17,17
14594,67,71,-4,4
14595,100,113,-13,13
14596,73,69,4,4
14597,44,49,-5,5
14598,65,67,-2,2
14599,34,45,-11,11
14600,56,69,-13,13
14601,87,91,-4,4
14602,87,107,-20,20
14603,44,66,-22,22
14604,115,102,13,13
14605,82,79,3,3
14606,134,138,-4,4
14607,161,151,10,10
14608,61,57,4,4
14609,150,151,-1,1
14610,106,109,-3,3
14611,68,70,-2,2
14612,106,95,11,11
14613,96,96,0,0
14614,142,153,-11,11
14615,74,64,10,10
14616,47,52,-5,5
14617,130,142,-12,12
14618,121,128,-7,7
14619,104,100,4,4
14620,79,83,-4,4
14621,85,80,5,5
14622,92,96,-4,4
14623,52,98,-46,46
14624,144,172,-28,28
14625,92,79,13,13
14626,58,61,-3,3
14627,116,131,-15,15
14628,71,78,-7,7
14629,65,62,3,3
14630,86,75,11,11
14631,51,56,-5,5
14632,51,55,-4,4
14633,169,163,6,6
14634,117,134,-17,17
14635,94,95,-1,1
14636,77,77,0,0
14637,61,59,2,2
14638,64,68,-4,4
14639,38,63,-25,25
14640,54,50,4,4
14641,70,70,0,0
14642,77,82,-5,5
14643,127,118,9,9
14644,58,62,-4,4
14645,84,88,-4,4
14646,89,94,-5,5
14647,52,54,-2,2
14648,73,70,3,3
14649,64,73,-9,9
14650,53,64,-11,11
14651,112,110,2,2
14652,92,96,-4,4
14653,90,83,7,7
14654,72,68,4,4
14655,99,108,-9,9
14656,84,80,4,4
14657,90,97,-7,7
14658,135,131,4,4
14659,91,86,5,5
14660,81,91,-10,10
14661,119,108,11,11
14662,70,73,-3,3
14663,62,68,-6,6
14664,80,90,-10,10
14665,69,67,2,2
14666,107,124,-17,17
14667,145,140,5,5
14668,137,130,7,7
14669,94,99,-5,5
14670,158,144,14,14
14671,174,184,-10,10
14672,100,107,-7,7
14673,141,135,6,6
14674,131,139,-8,8
14675,168,171,-3,3
14676,98,96,2,2
14677,116,125,-9,9
14678,101,98,3,3
14679,89,107,-18,18
14680,119,116,3,3
14681,139,141,-2,2
14682,25,40,-15,15
14683,106,108,-2,2
14684,161,172,-11,11
14685,123,119,4,4
14686,87,84,3,3
14687,58,58,0,0
14688,62,55,7,7
14689,89,86,3,3
14690,81,84,-3,3
14691,70,60,10,10
14692,78,82,-4,4
14693,163,157,6,6
14694,46,86,-40,40
14695,57,54,3,3
14696,108,113,-5,5
14697,148,99,49,49
14698,74,82,-8,8
14699,54,55,-1,1
14700,64,72,-8,8
14701,162,139,23,23
14702,124,117,7,7
14703,75,75,0,0
14704,76,76,0,0
14705,81,96,-15,15
14706,56,63,-7,7
14707,90,86,4,4
14708,70,78,-8,8
14709,66,83,-17,17
14710,75,76,-1,1
14711,95,119,-24,24
14712,123,128,-5,5
14713,125,109,16,16
14714,44,48,-4,4
14715,141,146,-5,5
14716,53,57,-4,4
14717,97,99,-2,2
14718,100,94,6,6
14719,78,96,-18,18
14720,199,190,9,9
14721,124,118,6,6
14722,56,68,-12,12
14723,62,60,2,2
14724,109,100,9,9
14725,149,134,15,15
14726,101,109,-8,8
14727,129,127,2,2
14728,138,130,8,8
14729,118,127,-9,9
14730,151,160,-9,9
14731,58,52,6,6
14732,148,158,-10,10
14733,89,95,-6,6
14734,93,98,-5,5
14735,111,102,9,9
14736,131,131,0,0
14737,106,112,-6,6
14738,123,127,-4,4
14739,119,145,-26,26
14740,106,111,-5,5
14741,121,120,1,1
14742,74,64,10,10
14743,94,96,-2,2
14744,83,82,1,1
14745,159,151,8,8
14746,126,121,5,5
14747,71,75,-4,4
14748,52,59,-7,7
14749,139,138,1,1
14750,98,87,11,11
14751,94,84,10,10
14752,58,58,0,0
14753,126,140,-14,14
14754,65,66,-1,1
14755,98,90,8,8
14756,170,169,1,1
14757,71,76,-5,5
14758,63,88,-25,25
14759,74,78,-4,4
14760,119,114,5,5
14761,73,91,-18,18
14762,88,93,-5,5
14763,96,105,-9,9
14764,125,129,-4,4
14765,119,125,-6,6
14766,88,86,2,2
14767,98,92,6,6
14768,103,120,-17,17
14769,95,91,4,4
14770,80,89,-9,9
14771,88,91,-3,3
14772,50,53,-3,3
14773,81,75,6,6
14774,72,73,-1,1
14775,56,61,-5,5
14776,54,53,1,1
14777,70,71,-1,1
14778,92,87,5,5
14779,79,77,2,2
14780,64,69,-5,5
14781,121,103,18,18
14782,55,60,-5,5
14783,110,106,4,4
14784,142,146,-4,4
14785,160,155,5,5
14786,61,68,-7,7
14787,59,68,-9,9
14788,102,110,-8,8
14789,95,86,9,9
14790,62,73,-11,11
14791,142,141,1,1
14792,91,72,19,19
14793,114,110,4,4
14794,54,62,-8,8
14795,93,102,-9,9
14796,96,96,0,0
14797,75,76,-1,1
14798,95,92,3,3
14799,59,63,-4,4
14800,87,76,11,11
14801,121,112,9,9
14802,85,91,-6,6
14803,74,78,-4,4
14804,94,100,-6,6
14805,117,118,-1,1
14806,136,140,-4,4
14807,51,65,-14,14
14808,143,141,2,2
14809,110,115,-5,5
14810,112,106,6,6
14811,59,54,5,5
14812,69,62,7,7
14813,92,88,4,4
14814,92,99,-7,7
14815,125,121,4,4
14816,93,86,7,7
14817,94,87,7,7
14818,183,169,14,14
14819,158,162,-4,4
14820,126,134,-8,8
14821,201,177,24,24
14822,96,90,6,6
14823,69,85,-16,16
14824,112,116,-4,4
14825,60,65,-5,5
14826,81,79,2,2
14827,229,236,-7,7
14828,81,81,0,0
14829,49,57,-8,8
14830,98,93,5,5
14831,104,92,12,12
14832,117,107,10,10
14833,91,98,-7,7
14834,96,85,11,11
14835,82,87,-5,5
14836,193,172,21,21
14837,75,80,-5,5
14838,101,105,-4,4
14839,128,116,12,12
14840,103,104,-1,1
14841,84,79,5,5
14842,162,156,6,6
14843,117,122,-5,5
14844,104,126,-22,22
14845,85,88,-3,3
14846,90,94,-4,4
14847,67,71,-4,4
14848,91,80,11,11
14849,152,153,-1,1
14850,60,61,-1,1
14851,107,101,6,6
14852,114,125,-11,11
14853,95,99,-4,4
14854,85,86,-1,1
14855,72,100,-28,28
14856,66,64,2,2
14857,81,81,0,0
14858,112,110,2,2
14859,39,61,-22,22
14860,125,147,-22,22
14861,67,69,-2,2
14862,103,101,2,2
14863,44,72,-28,28
14864,52,51,1,1
14865,58,63,-5,5
14866,105,109,-4,4
14867,55,67,-12,12
14868,107,130,-23,23
14869,102,105,-3,3
14870,61,84,-23,23
14871,129,129,0,0
14872,72,71,1,1
14873,144,144,0,0
14874,67,76,-9,9
14875,131,129,2,2
14876,59,64,-5,5
14877,142,142,0,0
14878,80,83,-3,3
14879,95,91,4,4
14880,62,68,-6,6
14881,99,103,-4,4
14882,69,79,-10,10
14883,36,45,-9,9
14884,53,53,0,0
14885,174,160,14,14
14886,120,125,-5,5
14887,60,69,-9,9
14888,44,46,-2,2
14889,104,111,-7,7
14890,70,63,7,7
14891,80,75,5,5
14892,72,66,6,6
14893,114,126,-12,12
14894,110,110,0,0
14895,69,69,0,0
14896,108,105,3,3
14897,136,136,0,0
14898,62,66,-4,4
14899,170,178,-8,8
14900,109,105,4,4
14901,85,83,2,2
14902,93,84,9,9
14903,117,120,-3,3
14904,102,91,11,11
14905,123,118,5,5
14906,91,105,-14,14
14907,65,68,-3,3
14908,52,63,-11,11
14909,139,130,9,9
14910,88,94,-6,6
14911,67,84,-17,17
14912,143,144,-1,1
14913,153,160,-7,7
14914,65,65,0,0
14915,84,86,-2,2
14916,101,111,-10,10
14917,90,122,-32,32
14918,75,72,3,3
14919,95,91,4,4
14920,197,176,21,21
14921,60,57,3,3
14922,152,164,-12,12
14923,69,65,4,4
14924,79,81,-2,2
14925,63,62,1,1
14926,114,113,1,1
14927,94,88,6,6
14928,107,107,0,0
14929,94,98,-4,4
14930,68,75,-7,7
14931,95,96,-1,1
14932,123,119,4,4
14933,81,83,-2,2
14934,141,133,8,8
14935,78,80,-2,2
14936,100,114,-14,14
14937,120,122,-2,2
14938,36,79,-43,43
14939,81,89,-8,8
14940,118,99,19,19
14941,122,128,-6,6
14942,80,71,9,9
14943,130,123,7,7
14944,44,55,-11,11
14945,170,179,-9,9
14946,74,82,-8,8
14947,66,71,-5,5
14948,192,193,-1,1
14949,84,93,-9,9
14950,116,137,-21,21
14951,81,83,-2,2
14952,43,43,0,0
14953,69,66,3,3
14954,63,58,5,5
14955,94,93,1,1
14956,84,80,4,4
14957,56,54,2,2
14958,106,114,-8,8
14959,152,132,20,20
14960,92,90,2,2
14961,68,63,5,5
14962,87,98,-11,11
14963,88,109,-21,21
14964,78,79,-1,1
14965,64,75,-11,11
14966,147,150,-3,3
14967,57,61,-4,4
14968,81,66,15,15
14969,59,64,-5,5
14970,70,72,-2,2
14971,87,100,-13,13
14972,90,82,8,8
14973,87,77,10,10
14974,49,35,14,14
14975,160,147,13,13
14976,131,116,15,15
14977,83,84,-1,1
14978,44,51,-7,7
14979,44,56,-12,12
14980,52,77,-25,25
14981,102,105,-3,3
14982,69,72,-3,3
14983,99,91,8,8
14984,81,90,-9,9
14985,91,98,-7,7
14986,87,83,4,4
14987,57,60,-3,3
14988,82,93,-11,11
14989,56,58,-2,2
14990,76,71,5,5
14991,79,80,-1,1
14992,78,75,3,3
14993,121,110,11,11
14994,119,103,16,16
14995,68,77,-9,9
14996,146,135,11,11
14997,106,90,16,16
14998,132,127,5,5
14999,47,50,-3,3
15000,70,75,-5,5
15001,114,102,12,12
15002,71,69,2,2
15003,85,98,-13,13
15004,132,128,4,4
15005,33,41,-8,8
15006,16,60,-44,44
15007,68,75,-7,7
15008,62,68,-6,6
15009,84,92,-8,8
15010,50,52,-2,2
15011,91,102,-11,11
15012,116,115,1,1
15013,97,95,2,2
15014,126,126,0,0
15015,102,114,-12,12
15016,111,102,9,9
15017,113,111,2,2
15018,149,142,7,7
15019,87,87,0,0
15020,120,114,6,6
15021,124,124,0,0
15022,145,139,6,6
15023,78,79,-1,1
15024,158,168,-10,10
15025,47,58,-11,11
15026,228,199,29,29
15027,86,95,-9,9
15028,97,103,-6,6
15029,105,104,1,1
15030,59,66,-7,7
15031,134,110,24,24
15032,122,125,-3,3
15033,116,136,-20,20
15034,72,85,-13,13
15035,95,111,-16,16
15036,48,51,-3,3
15037,71,72,-1,1
15038,164,174,-10,10
15039,80,85,-5,5
15040,96,92,4,4
15041,133,134,-1,1
15042,121,132,-11,11
15043,122,120,2,2
15044,99,91,8,8
15045,96,90,6,6
15046,41,53,-12,12
15047,157,137,20,20
15048,104,90,14,14
15049,65,70,-5,5
15050,103,111,-8,8
15051,118,112,6,6
15052,99,96,3,3
15053,126,120,6,6
15054,106,103,3,3
15055,55,63,-8,8
15056,75,74,1,1
15057,69,70,-1,1
15058,107,110,-3,3
15059,122,122,0,0
15060,63,70,-7,7
15061,107,108,-1,1
15062,96,120,-24,24
15063,62,77,-15,15
15064,72,70,2,2
15065,152,143,9,9
15066,65,70,-5,5
15067,78,75,3,3
15068,115,104,11,11
15069,113,111,2,2
15070,113,109,4,4
15071,105,100,5,5
15072,116,119,-3,3
15073,158,156,2,2
15074,57,59,-2,2
15075,141,149,-8,8
15076,82,80,2,2
15077,106,113,-7,7
15078,96,90,6,6
15079,104,102,2,2
15080,98,95,3,3
15081,83,96,-13,13
15082,138,137,1,1
15083,148,145,3,3
15084,71,66,5,5
15085,90,90,0,0
15086,134,127,7,7
15087,129,144,-15,15
15088,127,134,-7,7
15089,77,72,5,5
15090,69,79,-10,10
15091,102,102,0,0
15092,69,69,0,0
15093,65,67,-2,2
15094,102,117,-15,15
15095,56,75,-19,19
15096,123,119,4,4
15097,73,77,-4,4
15098,61,69,-8,8
15099,102,125,-23,23
15100,98,99,-1,1
15101,80,71,9,9
15102,85,88,-3,3
15103,61,70,-9,9
15104,127,133,-6,6
15105,68,64,4,4
15106,127,143,-16,16
15107,71,74,-3,3
15108,71,60,11,11
15109,149,147,2,2
15110,91,86,5,5
15111,98,107,-9,9
15112,51,55,-4,4
15113,90,87,3,3
15114,105,124,-19,19
15115,84,88,-4,4
15116,98,90,8,8
15117,188,214,-26,26
15118,57,57,0,0
15119,135,116,19,19
15120,107,110,-3,3
15121,166,173,-7,7
15122,102,95,7,7
15123,162,166,-4,4
15124,74,72,2,2
15125,81,88,-7,7
15126,58,60,-2,2
15127,93,76,17,17
15128,67,53,14,14
15129,136,146,-10,10
15130,122,129,-7,7
15131,114,101,13,13
15132,66,67,-1,1
15133,121,116,5,5
15134,82,99,-17,17
15135,110,106,4,4
15136,63,71,-8,8
15137,108,108,0,0
15138,77,78,-1,1
15139,86,88,-2,2
15140,74,67,7,7
15141,101,96,5,5
15142,114,127,-13,13
15143,105,101,4,4
15144,106,106,0,0
15145,83,79,4,4
15146,169,167,2,2
15147,71,70,1,1
15148,87,94,-7,7
15149,67,63,4,4
15150,86,116,-30,30
15151,244,248,-4,4
15152,96,84,12,12
15153,136,137,-1,1
15154,64,68,-4,4
15155,131,146,-15,15
15156,142,152,-10,10
15157,63,72,-9,9
15158,56,65,-9,9
15159,65,58,7,7
15160,116,97,19,19
15161,57,56,1,1
15162,109,121,-12,12
15163,114,131,-17,17
15164,68,63,5,5
15165,114,113,1,1
15166,64,89,-25,25
15167,112,124,-12,12
15168,47,48,-1,1
15169,66,57,9,9
15170,81,86,-5,5
15171,127,131,-4,4
15172,109,115,-6,6
15173,72,70,2,2
15174,94,96,-2,2
15175,46,53,-7,7
15176,113,84,29,29
15177,70,71,-1,1
15178,80,85,-5,5
15179,64,74,-10,10
15180,113,114,-1,1
15181,56,66,-10,10
15182,112,106,6,6
15183,50,61,-11,11
15184,101,98,3,3
15185,173,168,5,5
15186,57,64,-7,7
15187,104,98,6,6
15188,90,83,7,7
15189,76,75,1,1
15190,94,91,3,3
15191,105,115,-10,10
15192,121,128,-7,7
15193,126,142,-16,16
15194,127,117,10,10
15195,116,121,-5,5
15196,88,87,1,1
15197,62,69,-7,7
15198,190,195,-5,5
15199,91,95,-4,4
15200,68,77,-9,9
15201,102,104,-2,2
15202,150,124,26,26
15203,85,92,-7,7
15204,45,59,-14,14
15205,106,114,-8,8
15206,64,61,3,3
15207,152,159,-7,7
15208,124,130,-6,6
15209,77,82,-5,5
15210,80,93,-13,13
15211,68,57,11,11
15212,131,132,-1,1
15213,141,133,8,8
15214,138,125,13,13
15215,139,150,-11,11
15216,54,59,-5,5
15217,81,86,-5,5
15218,131,124,7,7
15219,105,108,-3,3
15220,88,79,9,9
15221,97,100,-3,3
15222,132,130,2,2
15223,80,88,-8,8
15224,83,80,3,3
15225,56,64,-8,8
15226,68,82,-14,14
15227,88,85,3,3
15228,101,102,-1,1
15229,123,119,4,4
15230,123,130,-7,7
15231,56,70,-14,14
15232,139,143,-4,4
15233,102,109,-7,7
15234,53,52,1,1
15235,145,147,-2,2
15236,94,100,-6,6
15237,126,128,-2,2
15238,92,85,7,7
15239,82,83,-1,1
15240,74,84,-10,10
15241,165,146,19,19
15242,99,108,-9,9
15243,139,153,-14,14
15244,84,75,9,9
15245,85,84,1,1
15246,63,79,-16,16
15247,174,153,21,21
15248,127,120,7,7
15249,93,104,-11,11
15250,106,107,-1,1
15251,108,144,-36,36
15252,93,93,0,0
15253,98,84,14,14
15254,91,92,-1,1
15255,68,64,4,4
15256,98,93,5,5
15257,264,251,13,13
15258,105,95,10,10
15259,71,76,-5,5
15260,57,58,-1,1
15261,99,101,-2,2
15262,87,83,4,4
15263,109,110,-1,1
15264,132,133,-1,1
15265,66,72,-6,6
15266,99,107,-8,8
15267,70,70,0,0
15268,111,112,-1,1
15269,124,118,6,6
15270,53,60,-7,7
15271,113,102,11,11
15272,69,60,9,9
15273,69,83,-14,14
15274,80,82,-2,2
15275,87,90,-3,3
15276,117,110,7,7
15277,105,97,8,8
15278,64,62,2,2
15279,41,43,-2,2
15280,60,61,-1,1
15281,93,92,1,1
15282,74,68,6,6
15283,100,95,5,5
15284,75,71,4,4
15285,117,108,9,9
15286,129,133,-4,4
15287,145,148,-3,3
15288,102,108,-6,6
15289,147,151,-4,4
15290,55,59,-4,4
15291,91,88,3,3
15292,46,54,-8,8
15293,211,192,19,19
15294,125,132,-7,7
15295,76,71,5,5
15296,84,91,-7,7
15297,104,109,-5,5
15298,62,67,-5,5
15299,77,83,-6,6
15300,100,97,3,3
15301,83,94,-11,11
15302,90,92,-2,2
15303,181,170,11,11
15304,132,144,-12,12
15305,88,87,1,1
15306,85,84,1,1
15307,69,72,-3,3
15308,59,61,-2,2
15309,42,36,6,6
15310,138,136,2,2
15311,75,71,4,4
15312,116,115,1,1
15313,76,93,-17,17
15314,85,85,0,0
15315,60,66,-6,6
15316,101,98,3,3
15317,117,128,-11,11
15318,73,82,-9,9
15319,65,80,-15,15
15320,136,141,-5,5
15321,40,56,-16,16
15322,61,67,-6,6
15323,138,140,-2,2
15324,55,64,-9,9
15325,87,83,4,4
15326,60,55,5,5
15327,42,41,1,1
15328,184,201,-17,17
15329,136,147,-11,11
15330,46,53,-7,7
15331,157,129,28,28
15332,99,103,-4,4
15333,64,60,4,4
15334,95,98,-3,3
15335,138,138,0,0
15336,63,67,-4,4
15337,72,82,-10,10
15338,52,57,-5,5
15339,90,83,7,7
15340,78,88,-10,10
15341,97,106,-9,9
15342,118,123,-5,5
15343,89,91,-2,2
15344,55,74,-19,19
15345,109,109,0,0
15346,64,68,-4,4
15347,103,98,5,5
15348,96,99,-3,3
15349,101,108,-7,7
15350,130,128,2,2
15351,67,84,-17,17
15352,65,62,3,3
15353,80,79,1,1
15354,90,89,1,1
15355,86,80,6,6
15356,62,66,-4,4
15357,162,156,6,6
15358,107,117,-10,10
15359,42,41,1,1
15360,104,116,-12,12
15361,125,125,0,0
15362,93,95,-2,2
15363,163,195,-32,32
15364,42,55,-13,13
15365,127,126,1,1
15366,94,103,-9,9
15367,88,91,-3,3
15368,147,152,-5,5
15369,155,159,-4,4
15370,107,103,4,4
15371,65,64,1,1
15372,94,110,-16,16
15373,77,92,-15,15
15374,128,138,-10,10
15375,70,71,-1,1
15376,51,60,-9,9
15377,101,109,-8,8
15378,108,94,14,14
15379,169,156,13,13
15380,56,61,-5,5
15381,114,106,8,8
15382,129,152,-23,23
15383,98,97,1,1
15384,62,59,3,3
15385,52,62,-10,10
15386,125,99,26,26
15387,123,123,0,0
15388,107,104,3,3
15389,100,93,7,7
15390,153,169,-16,16
15391,81,84,-3,3
15392,82,93,-11,11
15393,97,104,-7,7
15394,28,33,-5,5
15395,123,132,-9,9
15396,66,78,-12,12
15397,91,95,-4,4
15398,95,91,4,4
15399,66,70,-4,4
15400,105,106,-1,1
15401,64,64,0,0
15402,106,110,-4,4
15403,136,127,9,9
15404,87,88,-1,1
15405,71,67,4,4
15406,116,122,-6,6
15407,88,93,-5,5
15408,53,59,-6,6
15409,126,114,12,12
15410,144,135,9,9
15411,74,75,-1,1
15412,63,65,-2,2
15413,72,72,0,0
15414,73,51,22,22
15415,76,78,-2,2
15416,88,85,3,3
15417,78,85,-7,7
15418,103,105,-2,2
15419,76,64,12,12
15420,41,83,-42,42
15421,231,220,11,11
15422,134,142,-8,8
15423,126,117,9,9
15424,138,140,-2,2
15425,103,120,-17,17
15426,90,92,-2,2
15427,73,72,1,1
15428,63,77,-14,14
15429,81,94,-13,13
15430,120,113,7,7
15431,92,102,-10,10
15432,100,99,1,1
15433,51,57,-6,6
15434,116,115,1,1
15435,97,95,2,2
15436,87,78,9,9
15437,138,128,10,10
15438,52,60,-8,8
15439,36,46,-10,10
15440,167,181,-14,14
15441,80,91,-11,11
15442,117,120,-3,3
15443,91,84,7,7
15444,163,164,-1,1
15445,112,127,-15,15
15446,75,83,-8,8
15447,119,119,0,0
15448,61,63,-2,2
15449,71,65,6,6
15450,117,124,-7,7
15451,115,141,-26,26
15452,99,108,-9,9
15453,125,126,-1,1
15454,100,103,-3,3
15455,153,152,1,1
15456,146,151,-5,5
15457,157,154,3,3
15458,104,109,-5,5
15459,130,127,3,3
15460,137,146,-9,9
15461,105,119,-14,14
15462,101,90,11,11
15463,110,115,-5,5
15464,97,92,5,5
15465,87,92,-5,5
15466,107,109,-2,2
15467,87,89,-2,2
15468,90,90,0,0
15469,90,91,-1,1
15470,118,121,-3,3
15471,57,61,-4,4
15472,108,115,-7,7
15473,51,60,-9,9
15474,56,91,-35,35
15475,53,72,-19,19
15476,55,59,-4,4
15477,68,73,-5,5
15478,61,63,-2,2
15479,142,133,9,9
15480,83,75,8,8
15481,56,61,-5,5
15482,60,72,-12,12
15483,59,71,-12,12
15484,119,113,6,6
15485,60,73,-13,13
15486,60,68,-8,8
15487,106,111,-5,5
15488,78,79,-1,1
15489,83,82,1,1
15490,63,69,-6,6
15491,147,140,7,7
15492,182,172,10,10
15493,129,129,0,0
15494,97,101,-4,4
15495,115,113,2,2
15496,105,115,-10,10
15497,102,109,-7,7
15498,127,131,-4,4
15499,157,158,-1,1
15500,84,82,2,2
15501,152,143,9,9
15502,74,77,-3,3
15503,79,83,-4,4
15504,123,131,-8,8
15505,135,146,-11,11
15506,82,90,-8,8
15507,111,111,0,0
15508,62,88,-26,26
15509,59,64,-5,5
15510,77,93,-16,16
15511,63,66,-3,3
15512,81,84,-3,3
15513,56,55,1,1
15514,69,81,-12,12
15515,65,70,-5,5
15516,82,81,1,1
15517,91,90,1,1
15518,190,172,18,18
15519,185,182,3,3
15520,131,121,10,10
15521,65,63,2,2
15522,158,157,1,1
15523,144,159,-15,15
15524,73,81,-8,8
15525,80,79,1,1
15526,152,146,6,6
15527,62,69,-7,7
15528,64,68,-4,4
15529,65,69,-4,4
15530,146,144,2,2
15531,124,122,2,2
15532,108,101,7,7
15533,131,137,-6,6
15534,107,120,-13,13
15535,104,103,1,1
15536,78,70,8,8
15537,115,129,-14,14
15538,159,159,0,0
15539,103,116,-13,13
15540,101,112,-11,11
15541,63,66,-3,3
15542,160,160,0,0
15543,61,69,-8,8
15544,60,62,-2,2
15545,130,144,-14,14
15546,96,94,2,2
15547,84,88,-4,4
15548,93,100,-7,7
15549,110,113,-3,3
15550,66,63,3,3
15551,77,74,3,3
15552,103,103,0,0
15553,78,78,0,0
15554,147,151,-4,4
15555,87,91,-4,4
15556,84,74,10,10
15557,83,81,2,2
15558,69,64,5,5
15559,180,177,3,3
15560,140,140,0,0
15561,57,62,-5,5
15562,120,114,6,6
15563,62,67,-5,5
15564,79,80,-1,1
15565,127,133,-6,6
15566,64,70,-6,6
15567,81,74,7,7
15568,100,106,-6,6
15569,118,127,-9,9
15570,85,71,14,14
15571,77,87,-10,10
15572,104,102,2,2
15573,72,68,4,4
15574,101,103,-2,2
15575,95,101,-6,6
15576,98,97,1,1
15577,62,61,1,1
15578,98,91,7,7
15579,113,134,-21,21
15580,62,67,-5,5
15581,52,56,-4,4
15582,112,88,24,24
15583,80,81,-1,1
15584,106,125,-19,19
15585,63,66,-3,3
15586,49,64,-15,15
15587,72,76,-4,4
15588,117,114,3,3
15589,116,112,4,4
15590,94,91,3,3
15591,95,96,-1,1
15592,83,92,-9,9
15593,119,124,-5,5
15594,106,111,-5,5
15595,92,84,8,8
15596,70,82,-12,12
15597,133,131,2,2
15598,64,67,-3,3
15599,169,174,-5,5
15600,93,89,4,4
15601,102,111,-9,9
15602,87,86,1,1
15603,71,73,-2,2
15604,62,64,-2,2
15605,59,55,4,4
15606,85,82,3,3
15607,72,75,-3,3
15608,50,59,-9,9
15609,92,94,-2,2
15610,127,124,3,3
15611,57,57,0,0
15612,107,104,3,3
15613,65,62,3,3
15614,82,86,-4,4
15615,81,88,-7,7
15616,98,101,-3,3
15617,82,81,1,1
15618,110,132,-22,22
15619,166,167,-1,1
15620,107,105,2,2
15621,50,54,-4,4
15622,148,135,13,13
15623,70,79,-9,9
15624,100,90,10,10
15625,108,95,13,13
15626,113,119,-6,6
15627,53,65,-12,12
15628,126,130,-4,4
15629,72,74,-2,2
15630,197,191,6,6
15631,47,45,2,2
15632,89,84,5,5
15633,143,134,9,9
15634,119,128,-9,9
15635,76,81,-5,5
15636,73,79,-6,6
15637,68,70,-2,2
15638,111,113,-2,2
15639,121,108,13,13
15640,92,100,-8,8
15641,113,109,4,4
15642,98,95,3,3
15643,152,168,-16,16
15644,80,80,0,0
15645,82,79,3,3
15646,128,123,5,5
15647,49,57,-8,8
15648,128,131,-3,3
15649,63,65,-2,2
15650,52,58,-6,6
15651,89,89,0,0
15652,68,62,6,6
15653,109,105,4,4
15654,83,93,-10,10
15655,97,103,-6,6
15656,73,81,-8,8
15657,75,74,1,1
15658,127,125,2,2
15659,52,87,-35,35
15660,69,63,6,6
15661,152,154,-2,2
15662,87,90,-3,3
15663,130,120,10,10
15664,72,81,-9,9
15665,114,118,-4,4
15666,75,92,-17,17
15667,136,131,5,5
15668,77,72,5,5
15669,88,87,1,1
15670,64,69,-5,5
15671,90,83,7,7
15672,174,180,-6,6
15673,57,68,-11,11
15674,56,63,-7,7
15675,78,78,0,0
15676,81,76,5,5
15677,67,63,4,4
15678,123,118,5,5
15679,146,150,-4,4
15680,123,127,-4,4
15681,98,108,-10,10
15682,61,64,-3,3
15683,109,111,-2,2
15684,76,82,-6,6
15685,121,119,2,2
15686,81,82,-1,1
15687,38,59,-21,21
15688,70,78,-8,8
15689,83,86,-3,3
15690,100,102,-2,2
15691,79,92,-13,13
15692,98,103,-5,5
15693,79,70,9,9
15694,196,199,-3,3
15695,137,137,0,0
15696,67,74,-7,7
15697,87,92,-5,5
15698,79,80,-1,1
15699,84,84,0,0
15700,104,122,-18,18
15701,105,120,-15,15
15702,113,105,8,8
15703,54,43,11,11
15704,77,73,4,4
15705,124,120,4,4
15706,103,102,1,1
15707,175,160,15,15
15708,67,67,0,0
15709,86,86,0,0
15710,65,68,-3,3
15711,74,75,-1,1
15712,85,85,0,0
15713,77,82,-5,5
15714,94,93,1,1
15715,163,155,8,8
15716,107,108,-1,1
15717,126,125,1,1
15718,97,94,3,3
15719,80,82,-2,2
15720,150,155,-5,5
15721,67,69,-2,2
15722,120,109,11,11
15723,86,97,-11,11
15724,80,79,1,1
15725,79,76,3,3
15726,98,102,-4,4
15727,100,105,-5,5
15728,105,112,-7,7
15729,140,163,-23,23
15730,110,106,4,4
15731,101,93,8,8
15732,50,54,-4,4
15733,132,134,-2,2
15734,160,160,0,0
15735,119,101,18,18
15736,94,90,4,4
15737,83,82,1,1
15738,92,88,4,4
15739,76,72,4,4
15740,103,113,-10,10
15741,93,95,-2,2
15742,67,83,-16,16
15743,104,122,-18,18
15744,123,124,-1,1
15745,90,86,4,4
15746,75,82,-7,7
15747,120,119,1,1
15748,66,56,10,10
15749,106,109,-3,3
15750,120,120,0,0
15751,98,84,14,14
15752,105,111,-6,6
15753,97,96,1,1
15754,101,93,8,8
15755,80,84,-4,4
15756,87,84,3,3
15757,68,67,1,1
15758,160,156,4,4
15759,77,81,-4,4
15760,65,74,-9,9
15761,90,92,-2,2
15762,34,41,-7,7
15763,90,101,-11,11
15764,83,76,7,7
15765,47,50,-3,3
15766,47,68,-21,21
15767,106,118,-12,12
15768,63,66,-3,3
15769,96,97,-1,1
15770,108,122,-14,14
15771,85,80,5,5
15772,157,144,13,13
15773,90,83,7,7
15774,116,116,0,0
15775,132,134,-2,2
15776,123,118,5,5
15777,118,117,1,1
15778,45,55,-10,10
15779,60,60,0,0
15780,179,167,12,12
15781,111,110,1,1
15782,118,122,-4,4
15783,87,98,-11,11
15784,51,60,-9,9
15785,37,48,-11,11
15786,91,92,-1,1
15787,69,76,-7,7
15788,130,123,7,7
15789,102,109,-7,7
15790,93,102,-9,9
15791,129,128,1,1
15792,54,55,-1,1
15793,70,66,4,4
15794,125,117,8,8
15795,59,58,1,1
15796,46,54,-8,8
15797,64,66,-2,2
15798,113,103,10,10
15799,110,101,9,9
15800,46,56,-10,10
15801,134,143,-9,9
15802,71,88,-17,17
15803,143,143,0,0
15804,63,66,-3,3
15805,120,121,-1,1
15806,86,83,3,3
15807,74,82,-8,8
15808,118,128,-10,10
15809,61,70,-9,9
15810,65,64,1,1
15811,136,128,8,8
15812,85,91,-6,6
15813,105,93,12,12
15814,146,141,5,5
15815,98,111,-13,13
15816,30,72,-42,42
15817,76,83,-7,7
15818,148,148,0,0
15819,126,93,33,33
15820,121,121,0,0
15821,173,116,57,57
15822,68,84,-16,16
15823,100,101,-1,1
15824,109,113,-4,4
15825,73,77,-4,4
15826,97,98,-1,1
15827,92,91,1,1
15828,97,94,3,3
15829,88,99,-11,11
15830,159,145,14,14
15831,104,96,8,8
15832,65,68,-3,3
15833,84,80,4,4
15834,82,81,1,1
15835,100,113,-13,13
15836,105,106,-1,1
15837,70,80,-10,10
15838,77,64,13,13
15839,111,109,2,2
15840,96,92,4,4
15841,98,106,-8,8
15842,89,94,-5,5
15843,62,66,-4,4
15844,144,136,8,8
15845,134,135,-1,1
15846,96,86,10,10
15847,64,73,-9,9
15848,74,77,-3,3
15849,113,111,2,2
15850,125,111,14,14
15851,122,114,8,8
15852,66,73,-7,7
15853,46,47,-1,1
15854,115,119,-4,4
15855,59,68,-9,9
15856,76,81,-5,5
15857,97,101,-4,4
15858,125,133,-8,8
15859,138,112,26,26
15860,24,29,-5,5
15861,34,46,-12,12
15862,77,72,5,5
15863,112,123,-11,11
15864,123,124,-1,1
15865,88,90,-2,2
15866,130,129,1,1
15867,108,106,2,2
15868,52,63,-11,11
15869,112,116,-4,4
15870,41,45,-4,4
15871,68,79,-11,11
15872,111,110,1,1
15873,97,103,-6,6
15874,73,77,-4,4
15875,75,75,0,0
15876,79,96,-17,17
15877,62,87,-25,25
15878,75,92,-17,17
15879,128,132,-4,4
15880,113,119,-6,6
15881,49,64,-15,15
15882,65,64,1,1
15883,64,67,-3,3
15884,97,105,-8,8
15885,117,108,9,9
15886,62,62,0,0
15887,75,98,-23,23
15888,80,86,-6,6
15889,63,68,-5,5
15890,50,58,-8,8
15891,112,115,-3,3
15892,129,126,3,3
15893,78,71,7,7
15894,102,99,3,3
15895,101,92,9,9
15896,67,71,-4,4
15897,49,52,-3,3
15898,184,177,7,7
15899,81,80,1,1
15900,70,70,0,0
15901,95,89,6,6
15902,111,101,10,10
15903,141,134,7,7
15904,105,103,2,2
15905,54,59,-5,5
15906,78,78,0,0
15907,155,148,7,7
15908,134,137,-3,3
15909,88,79,9,9
15910,66,73,-7,7
15911,64,71,-7,7
15912,60,72,-12,12
15913,94,100,-6,6
15914,103,95,8,8
15915,146,144,2,2
15916,74,85,-11,11
15917,73,74,-1,1
15918,62,61,1,1
15919,103,105,-2,2
15920,126,125,1,1
15921,96,87,9,9
15922,160,153,7,7
15923,118,114,4,4
15924,128,123,5,5
15925,191,189,2,2
15926,123,115,8,8
15927,107,98,9,9
15928,55,57,-2,2
15929,47,42,5,5
15930,55,52,3,3
15931,58,62,-4,4
15932,107,117,-10,10
15933,76,75,1,1
15934,96,88,8,8
15935,57,59,-2,2
15936,110,122,-12,12
15937,79,75,4,4
15938,65,69,-4,4
15939,123,114,9,9
15940,61,57,4,4
15941,65,71,-6,6
15942,113,108,5,5
15943,49,50,-1,1
15944,82,92,-10,10
15945,98,102,-4,4
15946,75,86,-11,11
15947,112,120,-8,8
15948,113,108,5,5
15949,94,93,1,1
15950,58,41,17,17
15951,64,54,10,10
15952,105,118,-13,13
15953,101,106,-5,5
15954,68,70,-2,2
15955,101,96,5,5
15956,52,45,7,7
15957,70,89,-19,19
15958,97,143,-46,46
15959,117,111,6,6
15960,68,73,-5,5
15961,127,119,8,8
15962,69,74,-5,5
15963,90,98,-8,8
15964,40,48,-8,8
15965,114,104,10,10
15966,98,99,-1,1
15967,66,66,0,0
15968,67,76,-9,9
15969,190,196,-6,6
15970,104,102,2,2
15971,74,81,-7,7
15972,69,61,8,8
15973,86,90,-4,4
15974,102,93,9,9
15975,122,117,5,5
15976,142,137,5,5
15977,103,97,6,6
15978,164,157,7,7
15979,110,129,-19,19
15980,64,69,-5,5
15981,74,72,2,2
15982,61,56,5,5
15983,63,70,-7,7
15984,100,88,12,12
15985,107,106,1,1
15986,102,99,3,3
15987,31,44,-13,13
15988,147,142,5,5
15989,60,64,-4,4
15990,86,86,0,0
15991,114,134,-20,20
15992,103,126,-23,23
15993,75,79,-4,4
15994,95,103,-8,8
15995,87,88,-1,1
15996,99,92,7,7
15997,114,118,-4,4
15998,76,83,-7,7
15999,120,124,-4,4
16000,90,75,15,15
16001,64,63,1,1
16002,113,115,-2,2
16003,66,65,1,1
16004,123,111,12,12
16005,132,122,10,10
16006,124,111,13,13
16007,56,62,-6,6
16008,125,142,-17,17
16009,101,108,-7,7
16010,89,76,13,13
16011,57,68,-11,11
16012,98,93,5,5
16013,101,104,-3,3
16014,82,90,-8,8
16015,128,140,-12,12
16016,56,60,-4,4
16017,162,170,-8,8
16018,84,91,-7,7
16019,79,75,4,4
16020,53,51,2,2
16021,55,62,-7,7
16022,62,63,-1,1
16023,73,76,-3,3
16024,42,53,-11,11
16025,127,147,-20,20
16026,52,67,-15,15
16027,121,124,-3,3
16028,75,91,-16,16
16029,89,84,5,5
16030,64,70,-6,6
16031,36,38,-2,2
16032,89,89,0,0
16033,72,75,-3,3
16034,148,149,-1,1
16035,106,96,10,10
16036,158,172,-14,14
16037,131,127,4,4
16038,130,139,-9,9
16039,77,74,3,3
16040,136,131,5,5
16041,102,108,-6,6
16042,86,86,0,0
16043,89,81,8,8
16044,101,94,7,7
16045,99,101,-2,2
16046,100,94,6,6
16047,69,74,-5,5
16048,92,77,15,15
16049,69,70,-1,1
16050,128,129,-1,1
16051,151,143,8,8
16052,39,37,2,2
16053,44,53,-9,9
16054,74,96,-22,22
16055,82,76,6,6
16056,140,137,3,3
16057,120,118,2,2
16058,79,73,6,6
16059,89,94,-5,5
16060,158,200,-42,42
16061,105,133,-28,28
16062,113,118,-5,5
16063,58,64,-6,6
16064,95,98,-3,3
16065,82,86,-4,4
16066,140,135,5,5
16067,66,79,-13,13
16068,94,95,-1,1
16069,116,130,-14,14
16070,70,82,-12,12
16071,90,92,-2,2
16072,73,83,-10,10
16073,62,101,-39,39
16074,55,56,-1,1
16075,87,87,0,0
16076,97,94,3,3
16077,75,84,-9,9
16078,113,120,-7,7
16079,148,133,15,15
16080,144,175,-31,31
16081,64,61,3,3
16082,117,106,11,11
16083,89,84,5,5
16084,106,106,0,0
16085,130,108,22,22
16086,91,101,-10,10
16087,52,56,-4,4
16088,54,64,-10,10
16089,117,113,4,4
16090,127,139,-12,12
16091,104,91,13,13
16092,122,119,3,3
16093,67,64,3,3
16094,73,81,-8,8
16095,84,83,1,1
16096,63,68,-5,5
16097,199,201,-2,2
16098,138,155,-17,17
16099,85,83,2,2
16100,112,120,-8,8
16101,100,101,-1,1
16102,184,197,-13,13
16103,90,88,2,2
16104,55,64,-9,9
16105,142,137,5,5
16106,124,126,-2,2
16107,83,98,-15,15
16108,79,89,-10,10
16109,52,84,-32,32
16110,92,99,-7,7
16111,71,72,-1,1
16112,47,48,-1,1
16113,83,88,-5,5
16114,68,66,2,2
16115,65,74,-9,9
16116,99,102,-3,3
16117,114,123,-9,9
16118,98,109,-11,11
16119,84,106,-22,22
16120,181,169,12,12
16121,51,51,0,0
16122,95,84,11,11
16123,77,79,-2,2
16124,70,79,-9,9
16125,103,103,0,0
16126,106,113,-7,7
16127,70,76,-6,6
16128,92,93,-1,1
16129,104,80,24,24
16130,49,64,-15,15
16131,62,73,-11,11
16132,52,62,-10,10
16133,88,85,3,3
16134,84,76,8,8
16135,80,85,-5,5
16136,55,62,-7,7
16137,84,79,5,5
16138,158,114,44,44
16139,76,70,6,6
16140,58,59,-1,1
16141,94,92,2,2
16142,44,46,-2,2
16143,96,90,6,6
16144,134,132,2,2
16145,124,125,-1,1
16146,137,147,-10,10
16147,139,136,3,3
16148,40,60,-20,20
16149,64,68,-4,4
16150,100,100,0,0
16151,90,92,-2,2
16152,88,90,-2,2
16153,80,80,0,0
16154,67,57,10,10
16155,96,92,4,4
16156,74,66,8,8
16157,80,71,9,9
16158,54,60,-6,6
16159,133,131,2,2
16160,71,66,5,5
16161,151,142,9,9
16162,150,157,-7,7
16163,107,110,-3,3
16164,104,110,-6,6
16165,96,93,3,3
16166,164,147,17,17
16167,61,72,-11,11
16168,95,91,4,4
16169,120,120,0,0
16170,107,110,-3,3
16171,116,106,10,10
16172,89,90,-1,1
16173,42,46,-4,4
16174,74,70,4,4
16175,100,112,-12,12
16176,66,66,0,0
16177,105,109,-4,4
16178,108,98,10,10
16179,144,146,-2,2
16180,118,130,-12,12
16181,82,74,8,8
16182,164,112,52,52
16183,125,138,-13,13
16184,68,80,-12,12
16185,102,101,1,1
16186,109,128,-19,19
16187,111,100,11,11
16188,115,105,10,10
16189,58,60,-2,2
16190,109,105,4,4
16191,90,92,-2,2
16192,99,101,-2,2
16193,124,137,-13,13
16194,147,116,31,31
16195,67,66,1,1
16196,89,95,-6,6
16197,77,75,2,2
16198,106,130,-24,24
16199,78,82,-4,4
16200,58,70,-12,12
16201,119,116,3,3
16202,74,80,-6,6
16203,80,84,-4,4
16204,143,143,0,0
16205,160,158,2,2
16206,117,120,-3,3
16207,79,74,5,5
16208,103,113,-10,10
16209,88,79,9,9
16210,74,81,-7,7
16211,96,102,-6,6
16212,94,103,-9,9
16213,66,62,4,4
16214,43,54,-11,11
16215,137,133,4,4
16216,89,86,3,3
16217,95,105,-10,10
16218,172,183,-11,11
16219,37,47,-10,10
16220,75,70,5,5
16221,112,113,-1,1
16222,98,100,-2,2
16223,137,138,-1,1
16224,122,113,9,9
16225,55,67,-12,12
16226,65,61,4,4
16227,105,104,1,1
16228,67,74,-7,7
16229,115,107,8,8
16230,35,62,-27,27
16231,95,85,10,10
16232,62,60,2,2
16233,60,60,0,0
16234,142,127,15,15
16235,74,84,-10,10
16236,100,96,4,4
16237,179,65,114,114
16238,173,168,5,5
16239,161,169,-8,8
16240,76,77,-1,1
16241,79,87,-8,8
16242,116,91,25,25
16243,58,64,-6,6
16244,83,81,2,2
16245,48,55,-7,7
16246,74,69,5,5
16247,57,84,-27,27
16248,84,79,5,5
16249,114,108,6,6
16250,72,65,7,7
16251,96,99,-3,3
16252,113,150,-37,37
16253,105,96,9,9
16254,149,137,12,12
16255,62,68,-6,6
16256,72,76,-4,4
16257,77,76,1,1
16258,152,143,9,9
16259,94,88,6,6
16260,115,116,-1,1
16261,56,60,-4,4
16262,65,66,-1,1
16263,111,112,-1,1
16264,73,81,-8,8
16265,75,70,5,5
16266,90,77,13,13
16267,121,133,-12,12
16268,111,107,4,4
16269,179,176,3,3
16270,136,147,-11,11
16271,111,110,1,1
16272,35,70,-35,35
16273,90,94,-4,4
16274,58,52,6,6
16275,172,166,6,6
16276,77,83,-6,6
16277,81,75,6,6
16278,31,53,-22,22
16279,87,91,-4,4
16280,63,77,-14,14
16281,114,105,9,9
16282,96,102,-6,6
16283,83,80,3,3
16284,117,131,-14,14
16285,121,110,11,11
16286,89,93,-4,4
16287,106,114,-8,8
16288,108,104,4,4
16289,121,122,-1,1
16290,160,155,5,5
16291,110,111,-1,1
16292,87,78,9,9
16293,107,109,-2,2
16294,117,131,-14,14
16295,74,81,-7,7
16296,96,92,4,4
16297,133,133,0,0
16298,81,97,-16,16
16299,81,86,-5,5
16300,76,83,-7,7
16301,57,71,-14,14
16302,131,142,-11,11
16303,91,82,9,9
16304,39,58,-19,19
16305,119,109,10,10
16306,138,134,4,4
16307,105,115,-10,10
16308,77,62,15,15
16309,132,137,-5,5
16310,58,66,-8,8
16311,42,54,-12,12
16312,67,70,-3,3
16313,54,55,-1,1
16314,74,71,3,3
16315,95,94,1,1
16316,73,59,14,14
16317,75,80,-5,5
16318,58,49,9,9
16319,112,106,6,6
16320,114,107,7,7
16321,118,125,-7,7
16322,63,66,-3,3
16323,59,72,-13,13
16324,56,62,-6,6
16325,66,66,0,0
16326,64,68,-4,4
16327,100,95,5,5
16328,97,97,0,0
16329,155,155,0,0
16330,93,78,15,15
16331,123,131,-8,8
16332,89,69,20,20
16333,76,85,-9,9
16334,178,188,-10,10
16335,67,64,3,3
16336,112,106,6,6
16337,105,104,1,1
16338,95,92,3,3
16339,81,86,-5,5
16340,67,82,-15,15
16341,79,81,-2,2
16342,117,124,-7,7
16343,72,81,-9,9
16344,103,112,-9,9
16345,109,103,6,6
16346,59,61,-2,2
16347,101,101,0,0
16348,112,116,-4,4
16349,158,153,5,5
16350,119,125,-6,6
16351,92,91,1,1
16352,38,51,-13,13
16353,66,75,-9,9
16354,69,75,-6,6
16355,51,53,-2,2
16356,200,169,31,31
16357,93,92,1,1
16358,97,98,-1,1
16359,171,143,28,28
16360,65,75,-10,10
16361,102,98,4,4
16362,72,72,0,0
16363,55,65,-10,10
16364,118,105,13,13
16365,86,84,2,2
16366,135,126,9,9
16367,78,73,5,5
16368,115,121,-6,6
16369,140,147,-7,7
16370,61,66,-5,5
16371,48,59,-11,11
16372,78,82,-4,4
16373,195,186,9,9
16374,48,60,-12,12
16375,71,86,-15,15
16376,126,129,-3,3
16377,207,193,14,14
16378,111,102,9,9
16379,75,89,-14,14
16380,106,101,5,5
16381,84,75,9,9
16382,140,148,-8,8
16383,77,95,-18,18
16384,88,93,-5,5
16385,63,63,0,0
16386,146,148,-2,2
16387,43,53,-10,10
16388,87,87,0,0
16389,63,66,-3,3
16390,92,105,-13,13
16391,64,68,-4,4
16392,107,100,7,7
16393,114,110,4,4
16394,76,73,3,3
16395,108,124,-16,16
16396,61,64,-3,3
16397,157,162,-5,5
16398,161,154,7,7
16399,81,79,2,2
16400,42,53,-11,11
16401,120,92,28,28
16402,118,97,21,21
16403,99,100,-1,1
16404,78,77,1,1
16405,39,44,-5,5
16406,62,76,-14,14
16407,93,95,-2,2
16408,51,58,-7,7
16409,63,86,-23,23
16410,131,148,-17,17
16411,117,105,12,12
16412,96,88,8,8
16413,158,154,4,4
16414,88,93,-5,5
16415,77,87,-10,10
16416,84,89,-5,5
16417,123,121,2,2
16418,84,82,2,2
16419,122,126,-4,4
16420,88,92,-4,4
16421,73,64,9,9
16422,198,199,-1,1
16423,87,77,10,10
16424,76,84,-8,8
16425,85,87,-2,2
16426,86,94,-8,8
16427,161,150,11,11
16428,132,112,20,20
16429,65,58,7,7
16430,65,59,6,6
16431,155,146,9,9
16432,94,100,-6,6
16433,91,87,4,4
16434,94,109,-15,15
16435,132,130,2,2
16436,74,78,-4,4
16437,134,134,0,0
16438,186,184,2,2
16439,117,114,3,3
16440,128,133,-5,5
16441,49,55,-6,6
16442,52,57,-5,5
16443,54,56,-2,2
16444,49,61,-12,12
16445,61,69,-8,8
16446,87,90,-3,3
16447,121,127,-6,6
16448,110,109,1,1
16449,29,35,-6,6
16450,75,72,3,3
16451,119,122,-3,3
16452,100,98,2,2
16453,73,88,-15,15
16454,71,73,-2,2
16455,61,84,-23,23
16456,91,116,-25,25
16457,68,82,-14,14
16458,79,80,-1,1
16459,141,143,-2,2
16460,89,91,-2,2
16461,132,131,1,1
16462,110,107,3,3
16463,70,76,-6,6
16464,49,54,-5,5
16465,99,107,-8,8
16466,60,57,3,3
16467,94,89,5,5
16468,89,90,-1,1
16469,149,153,-4,4
16470,78,74,4,4
16471,133,148,-15,15
16472,134,143,-9,9
16473,65,75,-10,10
16474,117,110,7,7
16475,96,90,6,6
16476,130,118,12,12
16477,138,140,-2,2
16478,85,93,-8,8
16479,128,116,12,12
16480,84,89,-5,5
16481,127,120,7,7
16482,67,78,-11,11
16483,149,175,-26,26
16484,77,75,2,2
16485,91,95,-4,4
16486,137,135,2,2
16487,142,141,1,1
16488,68,70,-2,2
16489,129,128,1,1
16490,120,124,-4,4
16491,38,39,-1,1
16492,109,114,-5,5
16493,101,96,5,5
16494,66,91,-25,25
16495,61,72,-11,11
16496,107,111,-4,4
16497,112,105,7,7
16498,114,133,-19,19
16499,96,98,-2,2
16500,136,139,-3,3
16501,60,65,-5,5
16502,108,104,4,4
16503,109,98,11,11
16504,98,98,0,0
16505,53,69,-16,16
16506,68,62,6,6
16507,114,113,1,1
16508,181,195,-14,14
16509,121,122,-1,1
16510,67,67,0,0
16511,78,66,12,12
16512,74,70,4,4
16513,47,49,-2,2
16514,113,126,-13,13
16515,41,52,-11,11
16516,57,68,-11,11
16517,68,64,4,4
16518,88,94,-6,6
16519,76,85,-9,9
16520,96,97,-1,1
16521,45,49,-4,4
16522,119,120,-1,1
16523,104,107,-3,3
16524,111,111,0,0
16525,62,58,4,4
16526,94,102,-8,8
16527,86,81,5,5
16528,78,94,-16,16
16529,132,134,-2,2
16530,105,104,1,1
16531,141,128,13,13
16532,59,62,-3,3
16533,205,178,27,27
16534,91,99,-8,8
16535,87,111,-24,24
16536,87,91,-4,4
16537,102,86,16,16
16538,94,91,3,3
16539,77,82,-5,5
16540,61,64,-3,3
16541,152,135,17,17
16542,85,85,0,0
16543,120,113,7,7
16544,83,91,-8,8
16545,135,139,-4,4
16546,52,55,-3,3
16547,79,80,-1,1
16548,50,67,-17,17
16549,152,149,3,3
16550,80,75,5,5
16551,83,88,-5,5
16552,163,166,-3,3
16553,75,83,-8,8
16554,72,76,-4,4
16555,93,94,-1,1
16556,118,108,10,10
16557,84,84,0,0
16558,72,73,-1,1
16559,75,80,-5,5
16560,79,79,0,0
16561,84,86,-2,2
16562,88,91,-3,3
16563,99,95,4,4
16564,59,57,2,2
16565,112,110,2,2
16566,128,125,3,3
16567,115,103,12,12
16568,101,121,-20,20
16569,60,62,-2,2
16570,80,90,-10,10
16571,134,140,-6,6
16572,72,65,7,7
16573,160,148,12,12
16574,123,123,0,0
16575,111,108,3,3
16576,61,65,-4,4
16577,68,72,-4,4
16578,131,148,-17,17
16579,135,128,7,7
16580,217,240,-23,23
16581,56,48,8,8
16582,86,92,-6,6
16583,104,99,5,5
16584,87,102,-15,15
16585,76,79,-3,3
16586,137,137,0,0
16587,86,88,-2,2
16588,53,62,-9,9
16589,82,86,-4,4
16590,52,50,2,2
16591,85,90,-5,5
16592,110,115,-5,5
16593,58,53,5,5
16594,103,110,-7,7
16595,40,40,0,0
16596,70,76,-6,6
16597,50,54,-4,4
16598,69,72,-3,3
16599,108,115,-7,7
16600,82,71,11,11
16601,138,132,6,6
16602,103,108,-5,5
16603,119,115,4,4
16604,111,103,8,8
16605,154,154,0,0
16606,131,137,-6,6
16607,67,74,-7,7
16608,76,79,-3,3
16609,104,110,-6,6
16610,134,126,8,8
16611,41,52,-11,11
16612,54,46,8,8
16613,116,114,2,2
16614,58,57,1,1
16615,74,84,-10,10
16616,101,105,-4,4
16617,62,52,10,10
16618,141,140,1,1
16619,93,89,4,4
16620,98,100,-2,2
16621,88,104,-16,16
16622,33,47,-14,14
16623,115,115,0,0
16624,86,79,7,7
16625,156,149,7,7
16626,66,67,-1,1
16627,93,93,0,0
16628,61,64,-3,3
16629,128,125,3,3
16630,161,133,28,28
16631,51,54,-3,3
16632,59,47,12,12
16633,97,94,3,3
16634,157,150,7,7
16635,91,96,-5,5
16636,67,65,2,2
16637,90,97,-7,7
16638,82,79,3,3
16639,104,101,3,3
16640,96,96,0,0
16641,122,128,-6,6
16642,86,82,4,4
16643,126,118,8,8
16644,87,83,4,4
16645,77,81,-4,4
16646,117,105,12,12
16647,144,136,8,8
16648,86,75,11,11
16649,61,58,3,3
16650,79,103,-24,24
16651,96,84,12,12
16652,89,100,-11,11
16653,89,100,-11,11
16654,110,108,2,2
16655,87,87,0,0
16656,39,52,-13,13
16657,98,95,3,3
16658,151,146,5,5
16659,89,92,-3,3
16660,67,64,3,3
16661,71,70,1,1
16662,119,112,7,7
16663,86,86,0,0
16664,147,145,2,2
16665,51,52,-1,1
16666,83,102,-19,19
16667,83,87,-4,4
16668,54,54,0,0
16669,138,91,47,47
16670,64,72,-8,8
16671,80,82,-2,2
16672,58,76,-18,18
16673,92,89,3,3
16674,56,80,-24,24
16675,114,129,-15,15
16676,58,62,-4,4
16677,51,59,-8,8
16678,111,110,1,1
16679,66,78,-12,12
16680,64,60,4,4
16681,99,108,-9,9
16682,73,77,-4,4
16683,110,101,9,9
16684,99,111,-12,12
16685,92,89,3,3
16686,57,62,-5,5
16687,138,137,1,1
16688,156,170,-14,14
16689,113,115,-2,2
16690,37,42,-5,5
16691,119,118,1,1
16692,109,112,-3,3
16693,137,137,0,0
16694,187,159,28,28
16695,77,81,-4,4
16696,78,76,2,2
16697,89,98,-9,9
16698,144,143,1,1
16699,111,112,-1,1
16700,46,51,-5,5
16701,119,119,0,0
16702,89,78,11,11
16703,85,91,-6,6
16704,155,146,9,9
16705,164,181,-17,17
16706,176,180,-4,4
16707,61,65,-4,4
16708,143,155,-12,12
16709,66,51,15,15
16710,138,129,9,9
16711,107,111,-4,4
16712,80,78,2,2
16713,95,93,2,2
16714,94,114,-20,20
16715,90,91,-1,1
16716,65,69,-4,4
16717,75,82,-7,7
16718,54,54,0,0
16719,84,87,-3,3
16720,129,119,10,10
16721,142,130,12,12
16722,96,107,-11,11
16723,112,108,4,4
16724,93,76,17,17
16725,57,61,-4,4
16726,36,56,-20,20
16727,46,56,-10,10
16728,94,98,-4,4
16729,57,58,-1,1
16730,106,113,-7,7
16731,130,136,-6,6
16732,62,63,-1,1
16733,89,91,-2,2
16734,137,140,-3,3
16735,107,112,-5,5
16736,58,55,3,3
16737,73,71,2,2
16738,86,84,2,2
16739,103,114,-11,11
16740,121,125,-4,4
16741,66,65,1,1
16742,87,90,-3,3
16743,59,55,4,4
16744,109,113,-4,4
16745,79,88,-9,9
16746,68,75,-7,7
16747,66,70,-4,4
16748,72,75,-3,3
16749,100,101,-1,1
16750,102,102,0,0
16751,55,58,-3,3
16752,98,78,20,20
16753,107,110,-3,3
16754,77,70,7,7
16755,76,84,-8,8
16756,65,66,-1,1
16757,134,124,10,10
16758,39,51,-12,12
16759,123,131,-8,8
16760,64,67,-3,3
16761,105,106,-1,1
16762,66,68,-2,2
16763,203,214,-11,11
16764,144,95,49,49
16765,75,79,-4,4
16766,106,104,2,2
16767,104,106,-2,2
16768,73,81,-8,8
16769,83,75,8,8
16770,81,101,-20,20
16771,83,84,-1,1
16772,100,113,-13,13
16773,103,98,5,5
16774,76,75,1,1
16775,66,75,-9,9
16776,72,76,-4,4
16777,87,101,-14,14
16778,81,47,34,34
16779,109,110,-1,1
16780,103,95,8,8
16781,112,132,-20,20
16782,170,162,8,8
16783,89,91,-2,2
16784,73,80,-7,7
16785,59,64,-5,5
16786,135,132,3,3
16787,61,71,-10,10
16788,78,80,-2,2
16789,125,117,8,8
16790,64,71,-7,7
16791,54,56,-2,2
16792,119,116,3,3
16793,92,98,-6,6
16794,117,112,5,5
16795,88,86,2,2
16796,99,96,3,3
16797,48,52,-4,4
16798,123,130,-7,7
16799,113,122,-9,9
16800,98,102,-4,4
16801,66,63,3,3
16802,82,78,4,4
16803,38,35,3,3
16804,86,97,-11,11
16805,135,141,-6,6
16806,140,140,0,0
16807,73,73,0,0
16808,95,95,0,0
16809,40,43,-3,3
16810,67,88,-21,21
16811,160,159,1,1
16812,121,110,11,11
16813,104,86,18,18
16814,98,100,-2,2
16815,125,122,3,3
16816,119,109,10,10
16817,109,114,-5,5
16818,73,70,3,3
16819,212,215,-3,3
16820,81,80,1,1
16821,104,102,2,2
16822,44,49,-5,5
16823,82,70,12,12
16824,181,149,32,32
16825,50,53,-3,3
16826,90,106,-16,16
16827,87,85,2,2
16828,76,88,-12,12
16829,211,217,-6,6
16830,104,105,-1,1
16831,114,111,3,3
16832,143,146,-3,3
16833,142,145,-3,3
16834,153,179,-26,26
16835,60,62,-2,2
16836,60,60,0,0
16837,111,94,17,17
16838,143,161,-18,18
16839,76,79,-3,3
16840,73,67,6,6
16841,76,72,4,4
16842,75,75,0,0
16843,58,63,-5,5
16844,57,57,0,0
16845,112,111,1,1
16846,151,141,10,10
16847,51,53,-2,2
16848,64,65,-1,1
16849,80,85,-5,5
16850,89,85,4,4
16851,155,151,4,4
16852,97,107,-10,10
16853,82,85,-3,3
16854,122,124,-2,2
16855,110,121,-11,11
16856,91,82,9,9
16857,27,61,-34,34
16858,55,47,8,8
16859,107,101,6,6
16860,61,65,-4,4
16861,67,74,-7,7
16862,111,121,-10,10
16863,95,91,4,4
16864,129,129,0,0
16865,165,185,-20,20
16866,139,138,1,1
16867,97,132,-35,35
16868,88,90,-2,2
16869,64,72,-8,8
16870,83,79,4,4
16871,118,123,-5,5
16872,81,79,2,2
16873,78,76,2,2
16874,164,175,-11,11
16875,60,54,6,6
16876,23,33,-10,10
16877,60,57,3,3
16878,58,68,-10,10
16879,102,108,-6,6
16880,100,103,-3,3
16881,103,110,-7,7
16882,98,87,11,11
16883,136,131,5,5
16884,110,114,-4,4
16885,95,94,1,1
16886,113,117,-4,4
16887,143,159,-16,16
16888,141,142,-1,1
16889,117,118,-1,1
16890,63,73,-10,10
16891,83,76,7,7
16892,52,57,-5,5
16893,95,104,-9,9
16894,85,88,-3,3
16895,75,83,-8,8
16896,137,137,0,0
16897,81,83,-2,2
16898,55,69,-14,14
16899,128,103,25,25
16900,135,116,19,19
16901,107,102,5,5
16902,68,74,-6,6
16903,95,98,-3,3
16904,131,126,5,5
16905,106,104,2,2
16906,84,102,-18,18
16907,120,124,-4,4
16908,69,74,-5,5
16909,93,102,-9,9
16910,100,105,-5,5
16911,152,146,6,6
16912,139,153,-14,14
16913,109,107,2,2
16914,122,119,3,3
16915,70,71,-1,1
16916,89,87,2,2
16917,81,76,5,5
16918,59,61,-2,2
16919,74,65,9,9
16920,121,112,9,9
16921,88,83,5,5
16922,72,92,-20,20
16923,107,107,0,0
16924,47,61,-14,14
16925,105,105,0,0
16926,61,66,-5,5
16927,116,113,3,3
16928,110,108,2,2
16929,63,65,-2,2
16930,121,118,3,3
16931,52,57,-5,5
16932,92,86,6,6
16933,102,119,-17,17
16934,86,89,-3,3
16935,171,198,-27,27
16936,97,100,-3,3
16937,105,98,7,7
16938,127,87,40,40
16939,84,89,-5,5
16940,99,90,9,9
16941,65,65,0,0
16942,86,72,14,14
16943,107,100,7,7
16944,84,87,-3,3
16945,136,133,3,3
16946,82,80,2,2
16947,52,65,-13,13
16948,103,121,-18,18
16949,102,103,-1,1
16950,126,126,0,0
16951,185,181,4,4
16952,143,144,-1,1
16953,48,64,-16,16
16954,142,121,21,21
16955,58,67,-9,9
16956,164,166,-2,2
16957,95,99,-4,4
16958,191,208,-17,17
16959,115,122,-7,7
16960,58,55,3,3
16961,121,120,1,1
16962,101,99,2,2
16963,79,86,-7,7
16964,84,90,-6,6
16965,69,68,1,1
16966,153,155,-2,2
16967,67,78,-11,11
16968,69,85,-16,16
16969,71,81,-10,10
16970,94,100,-6,6
16971,110,113,-3,3
16972,105,110,-5,5
16973,88,95,-7,7
16974,93,98,-5,5
16975,70,72,-2,2
16976,65,72,-7,7
16977,62,67,-5,5
16978,120,114,6,6
16979,55,75,-20,20
16980,73,77,-4,4
16981,102,99,3,3
16982,71,74,-3,3
16983,111,130,-19,19
16984,156,159,-3,3
16985,89,95,-6,6
16986,67,66,1,1
16987,71,77,-6,6
16988,71,73,-2,2
16989,108,101,7,7
16990,72,72,0,0
16991,80,80,0,0
16992,104,76,28,28
16993,111,112,-1,1
16994,58,56,2,2
16995,68,66,2,2
16996,92,97,-5,5
16997,161,159,2,2
16998,107,104,3,3
16999,66,84,-18,18
17000,76,85,-9,9
17001,105,103,2,2
17002,140,134,6,6
17003,77,78,-1,1
17004,70,81,-11,11
17005,133,128,5,5
17006,50,55,-5,5
17007,66,65,1,1
17008,60,73,-13,13
17009,72,74,-2,2
17010,123,110,13,13
17011,88,87,1,1
17012,110,114,-4,4
17013,94,90,4,4
17014,88,89,-1,1
17015,82,80,2,2
17016,107,129,-22,22
17017,69,67,2,2
17018,85,93,-8,8
17019,81,83,-2,2
17020,57,60,-3,3
17021,124,118,6,6
17022,126,132,-6,6
17023,59,59,0,0
17024,78,78,0,0
17025,112,121,-9,9
17026,87,102,-15,15
17027,101,115,-14,14
17028,101,102,-1,1
17029,150,156,-6,6
17030,135,126,9,9
17031,146,155,-9,9
17032,61,63,-2,2
17033,103,103,0,0
17034,134,130,4,4
17035,68,85,-17,17
17036,84,79,5,5
17037,59,61,-2,2
17038,115,111,4,4
17039,98,81,17,17
17040,118,144,-26,26
17041,97,101,-4,4
17042,94,109,-15,15
17043,143,133,10,10
17044,119,119,0,0
17045,82,88,-6,6
17046,86,92,-6,6
17047,79,85,-6,6
17048,178,192,-14,14
17049,151,139,12,12
17050,133,134,-1,1
17051,71,79,-8,8
17052,56,44,12,12
17053,61,66,-5,5
17054,69,78,-9,9
17055,95,94,1,1
17056,98,98,0,0
17057,88,92,-4,4
17058,86,101,-15,15
17059,79,91,-12,12
17060,77,78,-1,1
17061,88,106,-18,18
17062,110,103,7,7
17063,138,148,-10,10
17064,98,109,-11,11
17065,99,90,9,9
17066,73,81,-8,8
17067,143,142,1,1
17068,44,44,0,0
17069,136,127,9,9
17070,150,145,5,5
17071,125,123,2,2
17072,134,139,-5,5
17073,93,103,-10,10
17074,107,106,1,1
17075,38,46,-8,8
17076,133,156,-23,23
17077,151,157,-6,6
17078,104,110,-6,6
17079,83,78,5,5
17080,124,119,5,5
17081,161,167,-6,6
17082,72,67,5,5
17083,77,84,-7,7
17084,111,113,-2,2
17085,107,102,5,5
17086,107,110,-3,3
17087,98,100,-2,2
17088,168,167,1,1
17089,100,93,7,7
17090,70,75,-5,5
17091,68,67,1,1
17092,74,65,9,9
17093,129,135,-6,6
17094,121,121,0,0
17095,69,69,0,0
17096,121,122,-1,1
17097,103,110,-7,7
17098,187,202,-15,15
17099,61,56,5,5
17100,81,78,3,3
17101,117,129,-12,12
17102,46,68,-22,22
17103,77,83,-6,6
17104,85,88,-3,3
17105,47,56,-9,9
17106,81,83,-2,2
17107,99,89,10,10
17108,152,165,-13,13
17109,58,65,-7,7
17110,45,51,-6,6
17111,87,87,0,0
17112,100,86,14,14
17113,41,48,-7,7
17114,184,155,29,29
17115,72,73,-1,1
17116,38,49,-11,11
17117,79,101,-22,22
17118,98,88,10,10
17119,71,73,-2,2
17120,62,63,-1,1
17121,90,83,7,7
17122,97,86,11,11
17123,52,53,-1,1
17124,74,68,6,6
17125,154,147,7,7
17126,99,97,2,2
17127,44,45,-1,1
17128,85,82,3,3
17129,128,133,-5,5
17130,128,116,12,12
17131,78,89,-11,11
17132,62,68,-6,6
17133,112,126,-14,14
17134,63,65,-2,2
17135,88,88,0,0
17136,51,50,1,1
17137,129,128,1,1
17138,65,63,2,2
17139,56,59,-3,3
17140,102,98,4,4
17141,87,81,6,6
17142,129,131,-2,2
17143,61,65,-4,4
17144,79,85,-6,6
17145,57,69,-12,12
17146,171,142,29,29
17147,90,98,-8,8
17148,96,92,4,4
17149,91,92,-1,1
17150,47,51,-4,4
17151,87,103,-16,16
17152,86,89,-3,3
17153,133,135,-2,2
17154,133,132,1,1
17155,89,95,-6,6
17156,64,54,10,10
17157,54,61,-7,7
17158,99,120,-21,21
17159,91,91,0,0
17160,76,84,-8,8
17161,75,78,-3,3
17162,72,70,2,2
17163,107,123,-16,16
17164,39,38,1,1
17165,99,93,6,6
17166,121,117,4,4
17167,89,88,1,1
17168,132,135,-3,3
17169,108,122,-14,14
17170,84,69,15,15
17171,104,108,-4,4
17172,68,73,-5,5
17173,55,54,1,1
17174,74,72,2,2
17175,85,90,-5,5
17176,63,67,-4,4
17177,77,86,-9,9
17178,103,106,-3,3
17179,66,72,-6,6
17180,77,73,4,4
17181,112,99,13,13
17182,127,144,-17,17
17183,100,105,-5,5
17184,59,65,-6,6
17185,111,109,2,2
17186,29,32,-3,3
17187,77,76,1,1
17188,98,109,-11,11
17189,108,108,0,0
17190,196,199,-3,3
17191,79,76,3,3
17192,150,153,-3,3
17193,99,96,3,3
17194,73,71,2,2
17195,75,73,2,2
17196,62,73,-11,11
17197,77,82,-5,5
17198,100,93,7,7
17199,139,145,-6,6
17200,80,83,-3,3
17201,151,132,19,19
17202,125,127,-2,2
17203,70,75,-5,5
17204,141,139,2,2
17205,76,84,-8,8
17206,74,82,-8,8
17207,108,102,6,6
17208,146,131,15,15
17209,65,64,1,1
17210,92,106,-14,14
17211,98,97,1,1
17212,112,127,-15,15
17213,155,145,10,10
17214,109,108,1,1
17215,127,128,-1,1
17216,40,54,-14,14
17217,106,119,-13,13
17218,106,121,-15,15
17219,68,66,2,2
17220,73,81,-8,8
17221,69,75,-6,6
17222,93,97,-4,4
17223,95,90,5,5
17224,99,98,1,1
17225,108,104,4,4
17226,77,75,2,2
17227,76,78,-2,2
17228,102,107,-5,5
17229,117,118,-1,1
17230,88,87,1,1
17231,82,84,-2,2
17232,99,97,2,2
17233,147,137,10,10
17234,66,64,2,2
17235,79,74,5,5
17236,62,78,-16,16
17237,175,173,2,2
17238,101,102,-1,1
17239,64,64,0,0
17240,74,79,-5,5
17241,72,92,-20,20
17242,64,71,-7,7
17243,73,69,4,4
17244,48,66,-18,18
17245,186,182,4,4
17246,100,133,-33,33
17247,120,118,2,2
17248,53,66,-13,13
17249,120,110,10,10
17250,98,105,-7,7
17251,34,40,-6,6
17252,97,94,3,3
17253,118,114,4,4
17254,128,117,11,11
17255,90,86,4,4
17256,63,69,-6,6
17257,160,144,16,16
17258,177,157,20,20
17259,185,173,12,12
17260,104,103,1,1
17261,68,70,-2,2
17262,119,120,-1,1
17263,110,104,6,6
17264,67,64,3,3
17265,56,53,3,3
17266,160,154,6,6
17267,103,120,-17,17
17268,68,72,-4,4
17269,112,119,-7,7
17270,75,77,-2,2
17271,101,106,-5,5
17272,89,116,-27,27
17273,57,76,-19,19
17274,65,69,-4,4
17275,95,102,-7,7
17276,93,98,-5,5
17277,100,96,4,4
17278,127,138,-11,11
17279,105,101,4,4
17280,58,44,14,14
17281,70,77,-7,7
17282,146,145,1,1
17283,90,84,6,6
17284,75,69,6,6
17285,92,93,-1,1
17286,122,119,3,3
17287,77,81,-4,4
17288,50,56,-6,6
17289,69,76,-7,7
17290,36,44,-8,8
17291,97,88,9,9
17292,81,86,-5,5
17293,127,134,-7,7
17294,142,140,2,2
17295,98,105,-7,7
17296,91,77,14,14
17297,84,90,-6,6
17298,94,113,-19,19
17299,71,85,-14,14
17300,87,72,15,15
17301,109,105,4,4
17302,58,59,-1,1
17303,63,67,-4,4
17304,65,63,2,2
17305,45,51,-6,6
17306,87,71,16,16
17307,64,75,-11,11
17308,82,88,-6,6
17309,156,157,-1,1
17310,138,118,20,20
17311,76,76,0,0
17312,134,123,11,11
17313,115,114,1,1
17314,92,93,-1,1
17315,126,132,-6,6
17316,103,116,-13,13
17317,56,66,-10,10
17318,125,142,-17,17
17319,108,105,3,3
17320,69,73,-4,4
17321,151,145,6,6
17322,88,97,-9,9
17323,101,101,0,0
17324,165,176,-11,11
17325,151,138,13,13
17326,82,82,0,0
17327,65,68,-3,3
17328,93,99,-6,6
17329,102,104,-2,2
17330,71,78,-7,7
17331,66,73,-7,7
17332,101,108,-7,7
17333,109,105,4,4
17334,67,62,5,5
17335,150,149,1,1
17336,71,69,2,2
17337,93,104,-11,11
17338,106,113,-7,7
17339,127,118,9,9
17340,167,180,-13,13
17341,67,80,-13,13
17342,137,139,-2,2
17343,90,88,2,2
17344,48,58,-10,10
17345,79,74,5,5
17346,72,79,-7,7
17347,139,138,1,1
17348,81,89,-8,8
17349,124,126,-2,2
17350,114,112,2,2
17351,75,85,-10,10
17352,73,74,-1,1
17353,90,83,7,7
17354,156,154,2,2
17355,107,111,-4,4
17356,88,84,4,4
17357,135,153,-18,18
17358,120,114,6,6
17359,55,73,-18,18
17360,58,59,-1,1
17361,104,115,-11,11
17362,53,55,-2,2
17363,65,62,3,3
17364,71,71,0,0
17365,36,37,-1,1
17366,135,130,5,5
17367,159,159,0,0
17368,118,105,13,13
17369,93,84,9,9
17370,91,91,0,0
17371,66,73,-7,7
17372,68,63,5,5
17373,81,79,2,2
17374,138,149,-11,11
17375,68,74,-6,6
17376,128,134,-6,6
17377,97,109,-12,12
17378,83,92,-9,9
17379,194,193,1,1
17380,63,70,-7,7
17381,68,59,9,9
17382,68,72,-4,4
17383,89,95,-6,6
17384,103,92,11,11
17385,113,116,-3,3
17386,95,93,2,2
17387,93,92,1,1
17388,68,64,4,4
17389,57,57,0,0
17390,58,68,-10,10
17391,174,169,5,5
17392,71,73,-2,2
17393,106,90,16,16
17394,63,67,-4,4
17395,63,62,1,1
17396,126,119,7,7
17397,104,110,-6,6
17398,83,87,-4,4
17399,80,85,-5,5
17400,175,180,-5,5
17401,77,92,-15,15
17402,146,143,3,3
17403,78,77,1,1
17404,114,106,8,8
17405,86,99,-13,13
17406,149,156,-7,7
17407,170,173,-3,3
17408,121,122,-1,1
17409,61,63,-2,2
17410,64,58,6,6
17411,67,66,1,1
17412,99,108,-9,9
17413,185,177,8,8
17414,56,68,-12,12
17415,99,101,-2,2
17416,75,84,-9,9
17417,85,93,-8,8
17418,92,89,3,3
17419,91,86,5,5
17420,80,70,10,10
17421,56,65,-9,9
17422,80,82,-2,2
17423,135,120,15,15
17424,98,123,-25,25
17425,150,162,-12,12
17426,53,65,-12,12
17427,106,104,2,2
17428,74,73,1,1
17429,196,177,19,19
17430,88,87,1,1
17431,47,43,4,4
17432,101,117,-16,16
17433,110,108,2,2
17434,116,110,6,6
17435,96,103,-7,7
17436,65,69,-4,4
17437,55,55,0,0
17438,140,145,-5,5
17439,94,89,5,5
17440,89,88,1,1
17441,101,92,9,9
17442,80,71,9,9
17443,112,119,-7,7
17444,106,121,-15,15
17445,103,113,-10,10
17446,60,67,-7,7
17447,95,102,-7,7
17448,87,98,-11,11
17449,45,47,-2,2
17450,92,91,1,1
17451,108,105,3,3
17452,98,98,0,0
17453,62,64,-2,2
17454,107,106,1,1
17455,74,77,-3,3
17456,137,130,7,7
17457,75,76,-1,1
17458,66,68,-2,2
17459,100,92,8,8
17460,129,141,-12,12
17461,79,78,1,1
17462,111,101,10,10
17463,88,94,-6,6
17464,63,71,-8,8
17465,95,96,-1,1
17466,74,75,-1,1
17467,108,103,5,5
17468,115,107,8,8
17469,96,98,-2,2
17470,146,141,5,5
17471,178,166,12,12
17472,171,168,3,3
17473,171,137,34,34
17474,151,160,-9,9
17475,90,91,-1,1
17476,94,83,11,11
17477,89,76,13,13
17478,71,72,-1,1
17479,223,219,4,4
17480,66,69,-3,3
17481,116,119,-3,3
17482,69,74,-5,5
17483,153,149,4,4
17484,48,60,-12,12
17485,83,87,-4,4
17486,177,174,3,3
17487,70,69,1,1
17488,80,82,-2,2
17489,77,82,-5,5
17490,69,65,4,4
17491,81,77,4,4
17492,115,116,-1,1
17493,96,101,-5,5
17494,94,84,10,10
17495,46,50,-4,4
17496,88,110,-22,22
17497,90,83,7,7
17498,89,94,-5,5
17499,65,58,7,7
17500,78,80,-2,2
17501,76,81,-5,5
17502,116,106,10,10
17503,127,122,5,5
17504,146,151,-5,5
17505,89,104,-15,15
17506,42,62,-20,20
17507,73,60,13,13
17508,61,65,-4,4
17509,79,74,5,5
17510,105,104,1,1
17511,64,64,0,0
17512,115,120,-5,5
17513,66,79,-13,13
17514,75,75,0,0
17515,82,80,2,2
17516,46,62,-16,16
17517,106,110,-4,4
17518,74,81,-7,7
17519,58,56,2,2
17520,89,89,0,0
17521,76,68,8,8
17522,90,81,9,9
17523,108,106,2,2
17524,89,102,-13,13
17525,75,75,0,0
17526,98,94,4,4
17527,87,81,6,6
17528,65,71,-6,6
17529,121,110,11,11
17530,63,65,-2,2
17531,139,153,-14,14
17532,80,81,-1,1
17533,75,84,-9,9
17534,64,68,-4,4
17535,48,60,-12,12
17536,115,118,-3,3
17537,82,82,0,0
17538,120,126,-6,6
17539,141,149,-8,8
17540,67,56,11,11
17541,48,59,-11,11
17542,117,106,11,11
17543,173,172,1,1
17544,74,81,-7,7
17545,53,69,-16,16
17546,33,59,-26,26
17547,79,88,-9,9
17548,76,72,4,4
17549,119,110,9,9
17550,139,136,3,3
17551,77,73,4,4
17552,115,99,16,16
17553,67,73,-6,6
17554,105,97,8,8
17555,127,131,-4,4
17556,84,86,-2,2
17557,106,111,-5,5
17558,79,87,-8,8
17559,96,103,-7,7
17560,82,82,0,0
17561,146,137,9,9
17562,98,102,-4,4
17563,116,122,-6,6
17564,42,48,-6,6
17565,82,88,-6,6
17566,71,72,-1,1
17567,103,98,5,5
17568,60,70,-10,10
17569,86,87,-1,1
17570,137,131,6,6
17571,105,95,10,10
17572,68,82,-14,14
17573,94,100,-6,6
17574,190,189,1,1
17575,61,64,-3,3
17576,112,105,7,7
17577,72,67,5,5
17578,137,128,9,9
17579,85,90,-5,5
17580,190,190,0,0
17581,145,161,-16,16
17582,100,104,-4,4
17583,143,140,3,3
17584,81,86,-5,5
17585,58,67,-9,9
17586,79,94,-15,15
17587,119,113,6,6
17588,63,62,1,1
17589,106,100,6,6
17590,111,104,7,7
17591,90,93,-3,3
17592,134,147,-13,13
17593,129,121,8,8
17594,67,66,1,1
17595,128,134,-6,6
17596,43,50,-7,7
17597,58,60,-2,2
17598,123,132,-9,9
17599,63,60,3,3
17600,61,71,-10,10
17601,74,66,8,8
17602,117,93,24,24
17603,132,114,18,18
17604,73,60,13,13
17605,127,125,2,2
17606,170,182,-12,12
17607,101,104,-3,3
17608,118,110,8,8
17609,73,69,4,4
17610,82,89,-7,7
17611,100,104,-4,4
17612,62,64,-2,2
17613,80,76,4,4
17614,50,57,-7,7
17615,68,76,-8,8
17616,163,156,7,7
17617,49,49,0,0
17618,75,73,2,2
17619,133,129,4,4
17620,115,114,1,1
17621,102,108,-6,6
17622,74,78,-4,4
17623,161,150,11,11
17624,130,138,-8,8
17625,122,111,11,11
17626,109,105,4,4
17627,120,134,-14,14
17628,72,60,12,12
17629,90,95,-5,5
17630,80,96,-16,16
17631,103,116,-13,13
17632,134,135,-1,1
17633,93,107,-14,14
17634,82,79,3,3
17635,184,178,6,6
17636,84,85,-1,1
17637,62,67,-5,5
17638,65,69,-4,4
17639,68,77,-9,9
17640,118,119,-1,1
17641,81,86,-5,5
17642,116,124,-8,8
17643,116,115,1,1
17644,85,81,4,4
17645,55,59,-4,4
17646,91,89,2,2
17647,79,83,-4,4
17648,24,47,-23,23
17649,155,147,8,8
17650,97,84,13,13
17651,69,78,-9,9
17652,105,111,-6,6
17653,158,162,-4,4
17654,129,133,-4,4
17655,115,113,2,2
17656,92,103,-11,11
17657,82,86,-4,4
17658,100,99,1,1
17659,66,58,8,8
17660,46,53,-7,7
17661,141,155,-14,14
17662,128,124,4,4
17663,101,84,17,17
17664,103,101,2,2
17665,75,79,-4,4
17666,125,126,-1,1
17667,50,50,0,0
17668,67,70,-3,3
17669,91,98,-7,7
17670,95,96,-1,1
17671,133,130,3,3
17672,124,123,1,1
17673,59,54,5,5
17674,138,115,23,23
17675,132,125,7,7
17676,109,107,2,2
17677,72,79,-7,7
17678,84,91,-7,7
17679,107,111,-4,4
17680,73,81,-8,8
17681,76,79,-3,3
17682,122,107,15,15
17683,107,117,-10,10
17684,38,43,-5,5
17685,127,119,8,8
17686,82,81,1,1
17687,189,186,3,3
17688,115,110,5,5
17689,100,100,0,0
17690,70,69,1,1
17691,81,70,11,11
17692,150,167,-17,17
17693,94,95,-1,1
17694,88,86,2,2
17695,81,86,-5,5
17696,148,138,10,10
17697,75,86,-11,11
17698,90,90,0,0
17699,124,125,-1,1
17700,46,48,-2,2
17701,103,113,-10,10
17702,101,92,9,9
17703,93,91,2,2
17704,105,109,-4,4
17705,91,90,1,1
17706,138,137,1,1
17707,85,88,-3,3
17708,102,100,2,2
17709,72,82,-10,10
17710,81,84,-3,3
17711,118,123,-5,5
17712,114,123,-9,9
17713,118,112,6,6
17714,79,81,-2,2
17715,149,144,5,5
17716,74,80,-6,6
17717,46,55,-9,9
17718,76,67,9,9
17719,80,88,-8,8
17720,124,140,-16,16
17721,126,139,-13,13
17722,57,54,3,3
17723,91,102,-11,11
17724,206,199,7,7
17725,122,112,10,10
17726,89,94,-5,5
17727,108,106,2,2
17728,170,158,12,12
17729,89,89,0,0
17730,90,85,5,5
17731,85,92,-7,7
17732,80,74,6,6
17733,105,94,11,11
17734,84,76,8,8
17735,97,93,4,4
17736,60,63,-3,3
17737,39,47,-8,8
17738,103,98,5,5
17739,122,125,-3,3
17740,105,112,-7,7
17741,72,73,-1,1
17742,72,78,-6,6
17743,126,122,4,4
17744,113,106,7,7
17745,88,85,3,3
17746,121,125,-4,4
17747,88,88,0,0
17748,72,73,-1,1
17749,65,71,-6,6
17750,74,78,-4,4
17751,112,117,-5,5
17752,53,63,-10,10
17753,138,136,2,2
17754,108,110,-2,2
17755,65,66,-1,1
17756,72,74,-2,2
17757,122,120,2,2
17758,48,65,-17,17
17759,93,92,1,1
17760,124,119,5,5
17761,92,101,-9,9
17762,66,73,-7,7
17763,69,73,-4,4
17764,144,158,-14,14
17765,103,107,-4,4
17766,96,93,3,3
17767,107,111,-4,4
17768,129,128,1,1
17769,60,66,-6,6
17770,72,77,-5,5
17771,53,58,-5,5
17772,117,102,15,15
17773,109,114,-5,5
17774,73,77,-4,4
17775,121,119,2,2
17776,193,198,-5,5
17777,69,79,-10,10
17778,80,74,6,6
17779,135,128,7,7
17780,47,51,-4,4
17781,75,71,4,4
17782,135,148,-13,13
17783,97,95,2,2
17784,76,79,-3,3
17785,108,108,0,0
17786,110,119,-9,9
17787,87,93,-6,6
17788,59,59,0,0
17789,163,160,3,3
17790,80,78,2,2
17791,169,167,2,2
17792,91,90,1,1
17793,122,118,4,4
17794,97,103,-6,6
17795,63,64,-1,1
17796,139,149,-10,10
17797,76,79,-3,3
17798,80,82,-2,2
17799,79,73,6,6
17800,112,115,-3,3
17801,94,93,1,1
17802,103,101,2,2
17803,53,67,-14,14
17804,70,72,-2,2
17805,156,161,-5,5
17806,29,63,-34,34
17807,128,138,-10,10
17808,125,121,4,4
17809,126,111,15,15
17810,50,77,-27,27
17811,152,160,-8,8
17812,195,169,26,26
17813,76,83,-7,7
17814,87,80,7,7
17815,80,74,6,6
17816,66,68,-2,2
17817,72,66,6,6
17818,104,114,-10,10
17819,67,69,-2,2
17820,109,113,-4,4
17821,146,138,8,8
17822,59,80,-21,21
17823,78,75,3,3
17824,73,71,2,2
17825,139,142,-3,3
17826,103,100,3,3
17827,112,120,-8,8
17828,99,89,10,10
17829,68,72,-4,4
17830,53,73,-20,20
17831,152,134,18,18
17832,55,52,3,3
17833,96,100,-4,4
17834,78,81,-3,3
17835,69,92,-23,23
17836,54,57,-3,3
17837,118,110,8,8
17838,120,111,9,9
17839,45,55,-10,10
17840,94,92,2,2
17841,141,141,0,0
17842,81,93,-12,12
17843,85,87,-2,2
17844,100,106,-6,6
17845,104,102,2,2
17846,189,172,17,17
17847,79,86,-7,7
17848,98,100,-2,2
17849,53,53,0,0
17850,139,130,9,9
17851,96,122,-26,26
17852,75,77,-2,2
17853,74,78,-4,4
17854,142,150,-8,8
17855,135,159,-24,24
17856,40,41,-1,1
17857,176,169,7,7
17858,55,60,-5,5
17859,70,78,-8,8
17860,71,75,-4,4
17861,55,62,-7,7
17862,168,169,-1,1
17863,146,140,6,6
17864,111,122,-11,11
17865,117,93,24,24
17866,64,67,-3,3
17867,106,98,8,8
17868,110,96,14,14
17869,79,80,-1,1
17870,95,91,4,4
17871,121,119,2,2
17872,129,139,-10,10
17873,98,90,8,8
17874,60,58,2,2
17875,53,57,-4,4
17876,121,116,5,5
17877,112,132,-20,20
17878,54,54,0,0
17879,76,75,1,1
17880,126,143,-17,17
17881,131,127,4,4
17882,45,58,-13,13
17883,135,139,-4,4
17884,95,85,10,10
17885,80,73,7,7
17886,96,103,-7,7
17887,143,135,8,8
17888,59,62,-3,3
17889,140,147,-7,7
17890,73,76,-3,3
17891,109,115,-6,6
17892,116,133,-17,17
17893,42,51,-9,9
17894,44,45,-1,1
17895,151,154,-3,3
17896,109,124,-15,15
17897,106,95,11,11
17898,131,101,30,30
17899,139,136,3,3
17900,77,73,4,4
17901,127,120,7,7
17902,79,85,-6,6
17903,140,145,-5,5
17904,63,60,3,3
17905,121,134,-13,13
17906,65,63,2,2
17907,146,109,37,37
17908,110,104,6,6
17909,101,108,-7,7
17910,35,43,-8,8
17911,105,104,1,1
17912,154,172,-18,18
17913,72,71,1,1
17914,98,106,-8,8
17915,126,137,-11,11
17916,142,143,-1,1
17917,98,124,-26,26
17918,82,89,-7,7
17919,86,85,1,1
17920,79,77,2,2
17921,111,101,10,10
17922,74,75,-1,1
17923,58,59,-1,1
17924,48,62,-14,14
17925,74,76,-2,2
17926,123,122,1,1
17927,40,37,3,3
17928,80,70,10,10
17929,63,65,-2,2
17930,115,94,21,21
17931,107,116,-9,9
17932,80,78,2,2
17933,85,86,-1,1
17934,166,159,7,7
17935,71,78,-7,7
17936,56,70,-14,14
17937,48,51,-3,3
17938,96,97,-1,1
17939,54,61,-7,7
17940,124,132,-8,8
17941,92,99,-7,7
17942,51,62,-11,11
17943,62,70,-8,8
17944,89,91,-2,2
17945,141,132,9,9
17946,87,75,12,12
17947,75,88,-13,13
17948,81,80,1,1
17949,65,84,-19,19
17950,90,83,7,7
17951,85,80,5,5
17952,71,77,-6,6
17953,61,66,-5,5
17954,104,111,-7,7
17955,98,113,-15,15
17956,68,65,3,3
17957,77,68,9,9
17958,90,88,2,2
17959,71,84,-13,13
17960,59,70,-11,11
17961,109,103,6,6
17962,105,114,-9,9
17963,175,171,4,4
17964,83,92,-9,9
17965,139,129,10,10
17966,68,73,-5,5
17967,88,95,-7,7
17968,75,74,1,1
17969,104,112,-8,8
17970,126,120,6,6
17971,91,96,-5,5
17972,94,100,-6,6
17973,89,85,4,4
17974,41,51,-10,10
17975,91,112,-21,21
17976,81,82,-1,1
17977,72,71,1,1
17978,146,133,13,13
17979,80,82,-2,2
17980,141,97,44,44
17981,104,98,6,6
17982,111,97,14,14
17983,115,114,1,1
17984,67,66,1,1
17985,132,134,-2,2
17986,118,125,-7,7
17987,79,78,1,1
17988,67,82,-15,15
17989,158,129,29,29
17990,90,75,15,15
17991,78,75,3,3
17992,52,69,-17,17
17993,67,71,-4,4
17994,57,83,-26,26
17995,93,100,-7,7
17996,73,71,2,2
17997,100,111,-11,11
17998,150,144,6,6
17999,68,66,2,2
18000,74,80,-6,6
18001,100,100,0,0
18002,92,104,-12,12
18003,101,109,-8,8
18004,96,88,8,8
18005,161,155,6,6
18006,71,73,-2,2
18007,97,99,-2,2
18008,62,60,2,2
18009,70,75,-5,5
18010,106,98,8,8
18011,67,80,-13,13
18012,56,67,-11,11
18013,75,78,-3,3
18014,47,51,-4,4
18015,78,75,3,3
18016,62,62,0,0
18017,68,79,-11,11
18018,106,99,7,7
18019,125,126,-1,1
18020,84,73,11,11
18021,107,108,-1,1
18022,63,61,2,2
18023,76,92,-16,16
18024,98,93,5,5
18025,139,123,16,16
18026,94,99,-5,5
18027,142,140,2,2
18028,121,124,-3,3
18029,79,78,1,1
18030,123,128,-5,5
18031,82,85,-3,3
18032,174,172,2,2
18033,116,132,-16,16
18034,51,51,0,0
18035,157,157,0,0
18036,57,63,-6,6
18037,71,63,8,8
18038,30,46,-16,16
18039,102,104,-2,2
18040,140,136,4,4
18041,156,163,-7,7
18042,44,45,-1,1
18043,157,157,0,0
18044,91,103,-12,12
18045,111,126,-15,15
18046,107,112,-5,5
18047,83,86,-3,3
18048,83,81,2,2
18049,103,98,5,5
18050,84,74,10,10
18051,79,81,-2,2
18052,119,105,14,14
18053,66,86,-20,20
18054,34,43,-9,9
18055,134,132,2,2
18056,108,104,4,4
18057,60,73,-13,13
18058,33,47,-14,14
18059,105,110,-5,5
18060,71,80,-9,9
18061,92,101,-9,9
18062,62,68,-6,6
18063,54,59,-5,5
18064,85,95,-10,10
18065,154,142,12,12
18066,109,103,6,6
18067,120,128,-8,8
18068,55,56,-1,1
18069,102,122,-20,20
18070,58,60,-2,2
18071,34,41,-7,7
18072,91,94,-3,3
18073,110,108,2,2
18074,117,108,9,9
18075,102,129,-27,27
18076,95,90,5,5
18077,38,49,-11,11
18078,88,84,4,4
18079,107,102,5,5
18080,113,110,3,3
18081,58,65,-7,7
18082,56,63,-7,7
18083,68,74,-6,6
18084,59,51,8,8
18085,169,174,-5,5
18086,70,67,3,3
18087,117,107,10,10
18088,84,82,2,2
18089,150,157,-7,7
18090,123,136,-13,13
18091,72,73,-1,1
18092,108,116,-8,8
18093,87,91,-4,4
18094,123,151,-28,28
18095,79,84,-5,5
18096,112,127,-15,15
18097,77,74,3,3
18098,123,107,16,16
18099,109,124,-15,15
18100,82,70,12,12
18101,57,51,6,6
18102,120,113,7,7
18103,117,129,-12,12
18104,53,57,-4,4
18105,72,81,-9,9
18106,90,93,-3,3
18107,92,110,-18,18
18108,88,82,6,6
18109,55,69,-14,14
18110,62,59,3,3
18111,108,113,-5,5
18112,85,69,16,16
18113,66,79,-13,13
18114,165,173,-8,8
18115,124,84,40,40
18116,75,83,-8,8
18117,54,56,-2,2
18118,141,148,-7,7
18119,67,67,0,0
18120,94,104,-10,10
18121,102,109,-7,7
18122,119,127,-8,8
18123,53,57,-4,4
18124,122,136,-14,14
18125,60,67,-7,7
18126,88,90,-2,2
18127,101,105,-4,4
18128,64,67,-3,3
18129,48,68,-20,20
18130,75,73,2,2
18131,53,75,-22,22
18132,123,112,11,11
18133,90,78,12,12
18134,137,146,-9,9
18135,95,104,-9,9
18136,88,107,-19,19
18137,106,93,13,13
18138,155,161,-6,6
18139,75,86,-11,11
18140,62,67,-5,5
18141,91,84,7,7
18142,58,48,10,10
18143,51,62,-11,11
18144,120,127,-7,7
18145,94,102,-8,8
18146,112,110,2,2
18147,84,105,-21,21
18148,67,72,-5,5
18149,83,84,-1,1
18150,162,159,3,3
18151,122,116,6,6
18152,36,42,-6,6
18153,127,111,16,16
18154,75,96,-21,21
18155,119,106,13,13
18156,147,151,-4,4
18157,105,104,1,1
18158,55,65,-10,10
18159,90,85,5,5
18160,57,71,-14,14
18161,100,102,-2,2
18162,63,69,-6,6
18163,58,59,-1,1
18164,140,151,-11,11
18165,107,105,2,2
18166,71,80,-9,9
18167,145,158,-13,13
18168,64,74,-10,10
18169,94,82,12,12
18170,71,75,-4,4
18171,68,72,-4,4
18172,109,101,8,8
18173,67,69,-2,2
18174,81,80,1,1
18175,101,94,7,7
18176,135,124,11,11
18177,60,57,3,3
18178,154,146,8,8
18179,131,125,6,6
18180,97,94,3,3
18181,65,65,0,0
18182,132,133,-1,1
18183,95,101,-6,6
18184,97,90,7,7
18185,122,118,4,4
18186,80,93,-13,13
18187,89,86,3,3
18188,97,88,9,9
18189,106,114,-8,8
18190,101,109,-8,8
18191,116,130,-14,14
18192,70,89,-19,19
18193,44,47,-3,3
18194,149,145,4,4
18195,95,95,0,0
18196,79,82,-3,3
18197,114,112,2,2
18198,77,70,7,7
18199,121,117,4,4
18200,80,80,0,0
18201,117,115,2,2
18202,150,144,6,6
18203,85,78,7,7
18204,72,84,-12,12
18205,112,107,5,5
18206,91,89,2,2
18207,61,61,0,0
18208,126,120,6,6
18209,78,88,-10,10
18210,129,134,-5,5
18211,71,72,-1,1
18212,72,82,-10,10
18213,166,167,-1,1
18214,134,140,-6,6
18215,36,32,4,4
18216,63,67,-4,4
18217,73,74,-1,1
18218,88,92,-4,4
18219,88,95,-7,7
18220,113,125,-12,12
18221,138,132,6,6
18222,88,74,14,14
18223,127,126,1,1
18224,216,222,-6,6
18225,108,114,-6,6
18226,137,139,-2,2
18227,66,90,-24,24
18228,68,74,-6,6
18229,100,94,6,6
18230,50,57,-7,7
18231,130,135,-5,5
18232,100,104,-4,4
18233,201,179,22,22
18234,53,55,-2,2
18235,65,65,0,0
18236,60,62,-2,2
18237,177,175,2,2
18238,88,79,9,9
18239,64,68,-4,4
18240,141,150,-9,9
18241,87,95,-8,8
18242,144,141,3,3
18243,118,104,14,14
18244,84,89,-5,5
18245,80,77,3,3
18246,131,142,-11,11
18247,61,68,-7,7
18248,93,93,0,0
18249,78,92,-14,14
18250,58,59,-1,1
18251,99,90,9,9
18252,107,105,2,2
18253,119,117,2,2
18254,104,117,-13,13
18255,87,97,-10,10
18256,88,81,7,7
18257,131,135,-4,4
18258,126,131,-5,5
18259,125,112,13,13
18260,99,115,-16,16
18261,127,129,-2,2
18262,34,56,-22,22
18263,77,66,11,11
18264,88,90,-2,2
18265,106,124,-18,18
18266,104,101,3,3
18267,78,94,-16,16
18268,78,84,-6,6
18269,211,202,9,9
18270,68,70,-2,2
18271,110,109,1,1
18272,86,83,3,3
18273,102,105,-3,3
18274,82,77,5,5
18275,57,56,1,1
18276,106,113,-7,7
18277,52,68,-16,16
18278,60,58,2,2
18279,78,81,-3,3
18280,66,55,11,11
18281,134,137,-3,3
18282,61,62,-1,1
18283,88,89,-1,1
18284,95,98,-3,3
18285,79,80,-1,1
18286,109,107,2,2
18287,74,84,-10,10
18288,82,73,9,9
18289,77,78,-1,1
18290,89,90,-1,1
18291,115,114,1,1
18292,64,68,-4,4
18293,143,139,4,4
18294,189,182,7,7
18295,27,43,-16,16
18296,82,93,-11,11
18297,127,143,-16,16
18298,121,109,12,12
18299,103,109,-6,6
18300,55,60,-5,5
18301,163,173,-10,10
18302,93,98,-5,5
18303,95,97,-2,2
18304,123,130,-7,7
18305,59,59,0,0
18306,112,102,10,10
18307,76,79,-3,3
18308,77,89,-12,12
18309,62,70,-8,8
18310,71,74,-3,3
18311,60,62,-2,2
18312,141,144,-3,3
18313,91,96,-5,5
18314,96,92,4,4
18315,58,62,-4,4
18316,93,95,-2,2
18317,165,184,-19,19
18318,199,205,-6,6
18319,98,98,0,0
18320,152,143,9,9
18321,81,74,7,7
18322,93,87,6,6
18323,122,118,4,4
18324,83,86,-3,3
18325,82,87,-5,5
18326,61,65,-4,4
18327,87,98,-11,11
18328,44,73,-29,29
18329,90,102,-12,12
18330,50,55,-5,5
18331,122,114,8,8
18332,82,86,-4,4
18333,101,109,-8,8
18334,93,94,-1,1
18335,132,125,7,7
18336,111,123,-12,12
18337,96,91,5,5
18338,47,50,-3,3
18339,113,125,-12,12
18340,182,183,-1,1
18341,107,129,-22,22
18342,99,109,-10,10
18343,72,87,-15,15
18344,84,91,-7,7
18345,55,60,-5,5
18346,154,158,-4,4
18347,39,43,-4,4
18348,107,102,5,5
18349,89,95,-6,6
18350,114,100,14,14
18351,99,101,-2,2
18352,76,76,0,0
18353,61,62,-1,1
18354,112,103,9,9
18355,79,79,0,0
18356,81,87,-6,6
18357,80,87,-7,7
18358,49,71,-22,22
18359,48,80,-32,32
18360,113,119,-6,6
18361,91,79,12,12
18362,76,78,-2,2
18363,144,158,-14,14
18364,67,69,-2,2
18365,81,68,13,13
18366,111,111,0,0
18367,78,81,-3,3
18368,53,58,-5,5
18369,77,77,0,0
18370,71,101,-30,30
18371,76,69,7,7
18372,65,63,2,2
18373,90,92,-2,2
18374,165,162,3,3
18375,188,200,-12,12
18376,58,171,-113,113
18377,81,87,-6,6
18378,65,68,-3,3
18379,91,93,-2,2
18380,116,121,-5,5
18381,145,136,9,9
18382,111,94,17,17
18383,146,145,1,1
18384,119,111,8,8
18385,91,95,-4,4
18386,116,121,-5,5
18387,48,62,-14,14
18388,107,121,-14,14
18389,63,70,-7,7
18390,120,110,10,10
18391,86,83,3,3
18392,93,97,-4,4
18393,89,96,-7,7
18394,95,89,6,6
18395,90,89,1,1
18396,104,100,4,4
18397,144,146,-2,2
18398,119,112,7,7
18399,82,93,-11,11
18400,61,82,-21,21
18401,93,95,-2,2
18402,142,137,5,5
18403,73,75,-2,2
18404,133,126,7,7
18405,128,137,-9,9
18406,104,105,-1,1
18407,90,88,2,2
18408,88,97,-9,9
18409,65,83,-18,18
18410,102,99,3,3
18411,176,166,10,10
18412,90,101,-11,11
18413,241,229,12,12
18414,115,110,5,5
18415,69,70,-1,1
18416,94,87,7,7
18417,123,120,3,3
18418,96,110,-14,14
18419,90,97,-7,7
18420,59,63,-4,4
18421,76,76,0,0
18422,72,74,-2,2
18423,70,77,-7,7
18424,67,64,3,3
18425,83,84,-1,1
18426,205,195,10,10
18427,62,65,-3,3
18428,214,221,-7,7
18429,79,70,9,9
18430,142,133,9,9
18431,88,88,0,0
18432,107,121,-14,14
18433,120,117,3,3
18434,108,110,-2,2
18435,102,95,7,7
18436,64,72,-8,8
18437,86,88,-2,2
18438,70,75,-5,5
18439,130,110,20,20
18440,97,90,7,7
18441,85,92,-7,7
18442,67,61,6,6
18443,142,102,40,40
18444,48,49,-1,1
18445,88,87,1,1
18446,123,131,-8,8
18447,69,69,0,0
18448,92,91,1,1
18449,69,68,1,1
18450,45,48,-3,3
18451,64,64,0,0
18452,84,76,8,8
18453,131,138,-7,7
18454,78,83,-5,5
18455,32,43,-11,11
18456,85,83,2,2
18457,100,96,4,4
18458,99,84,15,15
18459,125,118,7,7
18460,91,90,1,1
18461,196,191,5,5
18462,94,121,-27,27
18463,54,62,-8,8
18464,134,130,4,4
18465,168,159,9,9
18466,64,65,-1,1
18467,73,75,-2,2
18468,96,99,-3,3
18469,82,72,10,10
18470,48,71,-23,23
18471,65,71,-6,6
18472,121,115,6,6
18473,102,103,-1,1
18474,69,68,1,1
18475,92,94,-2,2
18476,79,75,4,4
18477,107,114,-7,7
18478,76,91,-15,15
18479,73,78,-5,5
18480,75,72,3,3
18481,150,161,-11,11
18482,149,143,6,6
18483,144,144,0,0
18484,113,114,-1,1
18485,62,69,-7,7
18486,108,112,-4,4
18487,103,112,-9,9
18488,58,113,-55,55
18489,42,61,-19,19
18490,115,103,12,12
18491,58,94,-36,36
18492,115,103,12,12
18493,109,103,6,6
18494,51,46,5,5
18495,70,68,2,2
18496,68,95,-27,27
18497,143,132,11,11
18498,83,75,8,8
18499,116,115,1,1
18500,45,61,-16,16
18501,90,87,3,3
18502,67,68,-1,1
18503,100,100,0,0
18504,113,119,-6,6
18505,30,44,-14,14
18506,98,108,-10,10
18507,67,70,-3,3
18508,53,54,-1,1
18509,105,103,2,2
18510,123,125,-2,2
18511,57,56,1,1
18512,125,115,10,10
18513,98,94,4,4
18514,111,110,1,1
18515,122,118,4,4
18516,117,117,0,0
18517,74,71,3,3
18518,84,84,0,0
18519,143,148,-5,5
18520,121,118,3,3
18521,121,117,4,4
18522,99,101,-2,2
18523,103,97,6,6
18524,104,84,20,20
18525,63,64,-1,1
18526,222,197,25,25
18527,113,106,7,7
18528,88,92,-4,4
18529,122,110,12,12
18530,109,122,-13,13
18531,72,70,2,2
18532,64,62,2,2
18533,144,138,6,6
18534,82,81,1,1
18535,82,90,-8,8
18536,162,159,3,3
18537,112,124,-12,12
18538,62,58,4,4
18539,78,97,-19,19
18540,48,55,-7,7
18541,90,91,-1,1
18542,130,120,10,10
18543,70,77,-7,7
18544,141,149,-8,8
18545,138,141,-3,3
18546,126,80,46,46
18547,71,68,3,3
18548,89,93,-4,4
18549,138,135,3,3
18550,70,64,6,6
18551,123,111,12,12
18552,72,74,-2,2
18553,107,119,-12,12
18554,58,56,2,2
18555,90,92,-2,2
18556,136,142,-6,6
18557,163,162,1,1
18558,108,103,5,5
18559,83,85,-2,2
18560,117,115,2,2
18561,142,139,3,3
18562,69,71,-2,2
18563,100,92,8,8
18564,211,203,8,8
18565,148,156,-8,8
18566,82,78,4,4
18567,86,90,-4,4
18568,201,204,-3,3
18569,113,125,-12,12
18570,126,132,-6,6
18571,64,59,5,5
18572,98,102,-4,4
18573,51,65,-14,14
18574,93,109,-16,16
18575,60,62,-2,2
18576,82,81,1,1
18577,95,125,-30,30
18578,94,84,10,10
18579,81,83,-2,2
18580,111,98,13,13
18581,63,69,-6,6
18582,55,53,2,2
18583,142,143,-1,1
18584,139,134,5,5
18585,118,117,1,1
18586,209,177,32,32
18587,73,74,-1,1
18588,103,108,-5,5
18589,118,129,-11,11
18590,124,118,6,6
18591,79,92,-13,13
18592,124,119,5,5
18593,129,130,-1,1
18594,91,81,10,10
18595,83,91,-8,8
18596,120,117,3,3
18597,91,85,6,6
18598,101,106,-5,5
18599,117,117,0,0
18600,154,151,3,3
18601,83,86,-3,3
18602,113,107,6,6
18603,83,87,-4,4
18604,106,115,-9,9
18605,47,52,-5,5
18606,63,67,-4,4
18607,99,97,2,2
18608,47,65,-18,18
18609,111,107,4,4
18610,111,104,7,7
18611,152,149,3,3
18612,91,108,-17,17
18613,111,118,-7,7
18614,103,123,-20,20
18615,80,86,-6,6
18616,133,129,4,4
18617,83,91,-8,8
18618,67,60,7,7
18619,124,131,-7,7
18620,93,107,-14,14
18621,80,82,-2,2
18622,64,73,-9,9
18623,74,76,-2,2
18624,92,100,-8,8
18625,122,117,5,5
18626,92,107,-15,15
18627,111,110,1,1
18628,148,135,13,13
18629,102,96,6,6
18630,101,105,-4,4
18631,89,87,2,2
18632,94,106,-12,12
18633,78,75,3,3
18634,88,79,9,9
18635,87,88,-1,1
18636,59,51,8,8
18637,75,83,-8,8
18638,101,108,-7,7
18639,96,104,-8,8
18640,64,65,-1,1
18641,106,111,-5,5
18642,90,91,-1,1
18643,95,101,-6,6
18644,107,115,-8,8
18645,95,100,-5,5
18646,78,91,-13,13
18647,124,160,-36,36
18648,142,149,-7,7
18649,73,84,-11,11
18650,111,115,-4,4
18651,92,76,16,16
18652,205,189,16,16
18653,93,86,7,7
18654,87,102,-15,15
18655,43,47,-4,4
18656,51,54,-3,3
18657,102,107,-5,5
18658,85,97,-12,12
18659,152,153,-1,1
18660,69,56,13,13
18661,47,48,-1,1
18662,52,55,-3,3
18663,94,101,-7,7
18664,149,154,-5,5
18665,81,71,10,10
18666,96,89,7,7
18667,88,85,3,3
18668,81,78,3,3
18669,129,120,9,9
18670,107,120,-13,13
18671,93,82,11,11
18672,90,93,-3,3
18673,72,78,-6,6
18674,82,80,2,2
18675,73,75,-2,2
18676,102,103,-1,1
18677,52,54,-2,2
18678,79,89,-10,10
18679,131,124,7,7
18680,56,57,-1,1
18681,58,54,4,4
18682,66,59,7,7
18683,58,63,-5,5
18684,76,83,-7,7
18685,83,78,5,5
18686,84,84,0,0
18687,100,101,-1,1
18688,114,105,9,9
18689,112,115,-3,3
18690,104,97,7,7
18691,110,118,-8,8
18692,160,177,-17,17
18693,98,102,-4,4
18694,122,117,5,5
18695,39,48,-9,9
18696,120,123,-3,3
18697,84,85,-1,1
18698,64,91,-27,27
18699,87,101,-14,14
18700,102,102,0,0
18701,87,92,-5,5
18702,76,71,5,5
18703,132,132,0,0
18704,65,61,4,4
18705,136,118,18,18
18706,87,80,7,7
18707,93,90,3,3
18708,130,120,10,10
18709,96,102,-6,6
18710,93,91,2,2
18711,67,77,-10,10
18712,116,112,4,4
18713,81,88,-7,7
18714,107,116,-9,9
18715,70,75,-5,5
18716,113,102,11,11
18717,78,86,-8,8
18718,93,90,3,3
18719,62,70,-8,8
18720,43,51,-8,8
18721,81,87,-6,6
18722,85,100,-15,15
18723,128,119,9,9
18724,110,119,-9,9
18725,37,38,-1,1
18726,66,71,-5,5
18727,56,56,0,0
18728,95,99,-4,4
18729,95,105,-10,10
18730,92,92,0,0
18731,99,110,-11,11
18732,75,84,-9,9
18733,186,169,17,17
18734,30,42,-12,12
18735,63,62,1,1
18736,60,49,11,11
18737,38,42,-4,4
18738,70,78,-8,8
18739,85,82,3,3
18740,71,74,-3,3
18741,122,131,-9,9
18742,45,65,-20,20
18743,94,92,2,2
18744,133,132,1,1
18745,89,86,3,3
18746,85,81,4,4
18747,80,83,-3,3
18748,141,132,9,9
18749,108,113,-5,5
18750,39,55,-16,16
18751,85,100,-15,15
18752,99,104,-5,5
18753,81,81,0,0
18754,123,126,-3,3
18755,98,99,-1,1
18756,81,91,-10,10
18757,110,114,-4,4
18758,64,75,-11,11
18759,75,85,-10,10
18760,59,57,2,2
18761,66,70,-4,4
18762,81,60,21,21
18763,92,90,2,2
18764,115,113,2,2
18765,129,140,-11,11
18766,99,99,0,0
18767,72,81,-9,9
18768,91,95,-4,4
18769,69,70,-1,1
18770,80,81,-1,1
18771,89,98,-9,9
18772,92,99,-7,7
18773,95,104,-9,9
18774,166,156,10,10
18775,61,61,0,0
18776,59,48,11,11
18777,42,70,-28,28
18778,53,61,-8,8
18779,101,98,3,3
18780,90,85,5,5
18781,116,108,8,8
18782,83,75,8,8
18783,89,89,0,0
18784,121,126,-5,5
18785,74,61,13,13
18786,113,112,1,1
18787,85,90,-5,5
18788,137,135,2,2
18789,72,85,-13,13
18790,78,63,15,15
18791,113,129,-16,16
18792,144,126,18,18
18793,54,52,2,2
18794,74,71,3,3
18795,72,81,-9,9
18796,73,73,0,0
18797,163,156,7,7
18798,96,97,-1,1
18799,90,93,-3,3
18800,64,65,-1,1
18801,61,67,-6,6
18802,79,77,2,2
18803,118,124,-6,6
18804,70,74,-4,4
18805,108,111,-3,3
18806,83,112,-29,29
18807,55,58,-3,3
18808,139,143,-4,4
18809,49,51,-2,2
18810,159,154,5,5
18811,30,70,-40,40
18812,111,117,-6,6
18813,112,110,2,2
18814,149,167,-18,18
18815,104,104,0,0
18816,166,145,21,21
18817,76,67,9,9
18818,128,140,-12,12
18819,54,63,-9,9
18820,99,103,-4,4
18821,53,55,-2,2
18822,98,93,5,5
18823,94,101,-7,7
18824,144,147,-3,3
18825,47,66,-19,19
18826,124,139,-15,15
18827,137,158,-21,21
18828,55,49,6,6
18829,79,64,15,15
18830,103,105,-2,2
18831,67,73,-6,6
18832,45,53,-8,8
18833,129,118,11,11
18834,33,49,-16,16
18835,108,115,-7,7
18836,68,69,-1,1
18837,165,156,9,9
18838,108,109,-1,1
18839,142,127,15,15
18840,108,121,-13,13
18841,56,68,-12,12
18842,73,79,-6,6
18843,121,127,-6,6
18844,139,149,-10,10
18845,124,121,3,3
18846,59,58,1,1
18847,98,124,-26,26
18848,42,46,-4,4
18849,94,103,-9,9
18850,120,108,12,12
18851,64,71,-7,7
18852,52,65,-13,13
18853,193,191,2,2
18854,99,95,4,4
18855,73,82,-9,9
18856,166,151,15,15
18857,116,115,1,1
18858,69,89,-20,20
18859,67,69,-2,2
18860,81,95,-14,14
18861,112,104,8,8
18862,120,112,8,8
18863,67,65,2,2
18864,105,94,11,11
18865,146,142,4,4
18866,110,102,8,8
18867,90,87,3,3
18868,94,87,7,7
18869,106,119,-13,13
18870,95,95,0,0
18871,112,115,-3,3
18872,104,102,2,2
18873,60,68,-8,8
18874,93,85,8,8
18875,171,188,-17,17
18876,57,65,-8,8
18877,106,91,15,15
18878,83,93,-10,10
18879,65,55,10,10
18880,111,117,-6,6
18881,117,129,-12,12
18882,71,76,-5,5
18883,46,48,-2,2
18884,87,108,-21,21
18885,80,81,-1,1
18886,58,58,0,0
18887,47,41,6,6
18888,196,184,12,12
18889,100,106,-6,6
18890,122,122,0,0
18891,126,114,12,12
18892,61,70,-9,9
18893,68,74,-6,6
18894,90,104,-14,14
18895,96,97,-1,1
18896,154,163,-9,9
18897,153,166,-13,13
18898,83,90,-7,7
18899,130,128,2,2
18900,110,106,4,4
18901,122,119,3,3
18902,85,79,6,6
18903,55,59,-4,4
18904,85,85,0,0
18905,122,131,-9,9
18906,71,67,4,4
18907,149,158,-9,9
18908,101,102,-1,1
18909,81,96,-15,15
18910,95,99,-4,4
18911,120,120,0,0
18912,137,149,-12,12
18913,132,151,-19,19
18914,83,76,7,7
18915,121,113,8,8
18916,121,120,1,1
18917,125,151,-26,26
18918,81,88,-7,7
18919,137,143,-6,6
18920,89,89,0,0
18921,113,112,1,1
18922,23,26,-3,3
18923,123,109,14,14
18924,172,182,-10,10
18925,64,67,-3,3
18926,122,136,-14,14
18927,67,71,-4,4
18928,86,87,-1,1
18929,42,46,-4,4
18930,126,126,0,0
18931,148,143,5,5
18932,81,76,5,5
18933,78,83,-5,5
18934,74,73,1,1
18935,52,59,-7,7
18936,67,66,1,1
18937,69,71,-2,2
18938,76,86,-10,10
18939,56,55,1,1
18940,103,113,-10,10
18941,86,99,-13,13
18942,67,63,4,4
18943,74,82,-8,8
18944,61,63,-2,2
18945,42,56,-14,14
18946,106,104,2,2
18947,59,62,-3,3
18948,65,66,-1,1
18949,148,159,-11,11
18950,161,162,-1,1
18951,140,132,8,8
18952,140,141,-1,1
18953,70,76,-6,6
18954,157,154,3,3
18955,70,72,-2,2
18956,110,117,-7,7
18957,132,170,-38,38
18958,40,81,-41,41
18959,115,112,3,3
18960,165,173,-8,8
18961,46,65,-19,19
18962,108,121,-13,13
18963,145,146,-1,1
18964,153,114,39,39
18965,64,65,-1,1
18966,104,107,-3,3
18967,104,84,20,20
18968,103,95,8,8
18969,99,114,-15,15
18970,58,65,-7,7
18971,78,74,4,4
18972,116,115,1,1
18973,95,116,-21,21
18974,77,73,4,4
18975,100,100,0,0
18976,147,141,6,6
18977,73,72,1,1
18978,90,97,-7,7
18979,91,94,-3,3
18980,136,134,2,2
18981,156,143,13,13
18982,71,75,-4,4
18983,65,65,0,0
18984,82,85,-3,3
18985,116,115,1,1
18986,134,134,0,0
18987,70,76,-6,6
18988,98,94,4,4
18989,194,181,13,13
18990,58,59,-1,1
18991,111,149,-38,38
18992,55,58,-3,3
18993,105,109,-4,4
18994,85,84,1,1
18995,105,100,5,5
18996,83,89,-6,6
18997,96,93,3,3
18998,83,86,-3,3
18999,153,155,-2,2
19000,81,90,-9,9
19001,60,69,-9,9
19002,137,143,-6,6
19003,140,139,1,1
19004,88,93,-5,5
19005,124,126,-2,2
19006,101,94,7,7
19007,84,76,8,8
19008,99,97,2,2
19009,59,50,9,9
19010,83,97,-14,14
19011,113,134,-21,21
19012,83,79,4,4
19013,65,68,-3,3
19014,52,56,-4,4
19015,120,123,-3,3
19016,102,103,-1,1
19017,50,85,-35,35
19018,134,146,-12,12
19019,90,90,0,0
19020,79,76,3,3
19021,78,79,-1,1
19022,122,116,6,6
19023,69,76,-7,7
19024,72,71,1,1
19025,71,77,-6,6
19026,112,83,29,29
19027,111,101,10,10
19028,96,96,0,0
19029,96,98,-2,2
19030,67,69,-2,2
19031,102,107,-5,5
19032,71,77,-6,6
19033,147,150,-3,3
19034,123,134,-11,11
19035,89,78,11,11
19036,72,82,-10,10
19037,81,93,-12,12
19038,61,57,4,4
19039,79,91,-12,12
19040,112,108,4,4
19041,167,172,-5,5
19042,74,80,-6,6
19043,122,118,4,4
19044,78,88,-10,10
19045,64,86,-22,22
19046,72,79,-7,7
19047,90,85,5,5
19048,86,83,3,3
19049,122,128,-6,6
19050,70,63,7,7
19051,80,81,-1,1
19052,55,58,-3,3
19053,86,78,8,8
19054,117,115,2,2
19055,95,92,3,3
19056,88,92,-4,4
19057,123,122,1,1
19058,102,96,6,6
19059,73,70,3,3
19060,33,39,-6,6
19061,133,119,14,14
19062,65,75,-10,10
19063,75,73,2,2
19064,39,41,-2,2
19065,119,121,-2,2
19066,88,90,-2,2
19067,110,96,14,14
19068,59,57,2,2
19069,94,100,-6,6
19070,90,89,1,1
19071,64,68,-4,4
19072,111,114,-3,3
19073,95,100,-5,5
19074,77,78,-1,1
19075,60,64,-4,4
19076,151,152,-1,1
19077,90,86,4,4
19078,65,73,-8,8
19079,100,105,-5,5
19080,59,64,-5,5
19081,89,91,-2,2
19082,91,109,-18,18
19083,152,147,5,5
19084,58,68,-10,10
19085,98,111,-13,13
19086,111,113,-2,2
19087,94,89,5,5
19088,98,106,-8,8
19089,99,92,7,7
19090,132,129,3,3
19091,99,120,-21,21
19092,163,185,-22,22
19093,105,98,7,7
19094,109,115,-6,6
19095,49,51,-2,2
19096,97,116,-19,19
19097,153,140,13,13
19098,73,92,-19,19
19099,71,78,-7,7
19100,89,89,0,0
19101,110,111,-1,1
19102,73,78,-5,5
19103,151,140,11,11
19104,146,143,3,3
19105,74,69,5,5
19106,76,68,8,8
19107,57,117,-60,60
19108,96,88,8,8
19109,143,132,11,11
19110,98,95,3,3
19111,74,78,-4,4
19112,78,71,7,7
19113,139,170,-31,31
19114,81,90,-9,9
19115,74,81,-7,7
19116,81,86,-5,5
19117,149,168,-19,19
19118,59,72,-13,13
19119,92,98,-6,6
19120,88,87,1,1
19121,94,93,1,1
19122,106,104,2,2
19123,143,130,13,13
19124,61,70,-9,9
19125,84,83,1,1
19126,107,119,-12,12
19127,129,133,-4,4
19128,80,82,-2,2
19129,89,88,1,1
19130,159,155,4,4
19131,44,54,-10,10
19132,116,127,-11,11
19133,79,81,-2,2
19134,82,76,6,6
19135,77,82,-5,5
19136,124,119,5,5
19137,97,103,-6,6
19138,62,67,-5,5
19139,65,69,-4,4
19140,78,76,2,2
19141,105,112,-7,7
19142,107,114,-7,7
19143,60,62,-2,2
19144,63,59,4,4
19145,71,72,-1,1
19146,122,126,-4,4
19147,76,79,-3,3
19148,137,146,-9,9
19149,89,93,-4,4
19150,87,96,-9,9
19151,147,153,-6,6
19152,121,147,-26,26
19153,91,83,8,8
19154,62,63,-1,1
19155,77,89,-12,12
19156,95,88,7,7
19157,71,76,-5,5
19158,129,142,-13,13
19159,114,119,-5,5
19160,196,192,4,4
19161,113,118,-5,5
19162,122,118,4,4
19163,120,114,6,6
19164,104,120,-16,16
19165,99,97,2,2
19166,80,84,-4,4
19167,69,70,-1,1
19168,100,110,-10,10
19169,63,70,-7,7
19170,145,137,8,8
19171,55,46,9,9
19172,91,89,2,2
19173,148,145,3,3
19174,75,70,5,5
19175,106,107,-1,1
19176,179,183,-4,4
19177,86,103,-17,17
19178,72,72,0,0
19179,127,129,-2,2
19180,68,67,1,1
19181,69,88,-19,19
19182,136,146,-10,10
19183,91,88,3,3
19184,102,109,-7,7
19185,128,120,8,8
19186,94,88,6,6
19187,105,103,2,2
19188,146,148,-2,2
19189,72,69,3,3
19190,105,106,-1,1
19191,137,135,2,2
19192,169,172,-3,3
19193,130,157,-27,27
19194,126,129,-3,3
19195,125,125,0,0
19196,102,101,1,1
19197,74,81,-7,7
19198,74,96,-22,22
19199,97,103,-6,6
19200,113,107,6,6
19201,54,60,-6,6
19202,127,109,18,18
19203,73,84,-11,11
19204,145,150,-5,5
19205,117,115,2,2
19206,123,129,-6,6
19207,188,168,20,20
19208,75,95,-20,20
19209,76,84,-8,8
19210,45,51,-6,6
19211,86,89,-3,3
19212,74,79,-5,5
19213,103,114,-11,11
19214,140,128,12,12
19215,95,100,-5,5
19216,102,117,-15,15
19217,34,45,-11,11
19218,101,98,3,3
19219,62,76,-14,14
19220,81,95,-14,14
19221,84,83,1,1
19222,114,131,-17,17
19223,90,85,5,5
19224,66,102,-36,36
19225,98,100,-2,2
19226,68,79,-11,11
19227,115,116,-1,1
19228,101,74,27,27
19229,137,131,6,6
19230,125,129,-4,4
19231,84,88,-4,4
19232,43,59,-16,16
19233,99,93,6,6
19234,126,129,-3,3
19235,97,101,-4,4
19236,105,107,-2,2
19237,74,73,1,1
19238,108,111,-3,3
19239,70,73,-3,3
19240,49,54,-5,5
19241,133,129,4,4
19242,105,101,4,4
19243,147,150,-3,3
19244,98,97,1,1
19245,124,124,0,0
19246,73,79,-6,6
19247,78,78,0,0
19248,106,111,-5,5
19249,63,70,-7,7
19250,87,92,-5,5
19251,80,78,2,2
19252,101,100,1,1
19253,80,84,-4,4
19254,107,100,7,7
19255,65,73,-8,8
19256,62,64,-2,2
19257,124,132,-8,8
19258,37,56,-19,19
19259,109,110,-1,1
19260,48,65,-17,17
19261,152,144,8,8
19262,163,164,-1,1
19263,126,127,-1,1
19264,62,96,-34,34
19265,128,139,-11,11
19266,104,105,-1,1
19267,110,131,-21,21
19268,79,91,-12,12
19269,79,84,-5,5
19270,145,150,-5,5
19271,74,85,-11,11
19272,59,67,-8,8
19273,107,109,-2,2
19274,88,91,-3,3
19275,47,64,-17,17
19276,111,119,-8,8
19277,108,104,4,4
19278,133,125,8,8
19279,155,164,-9,9
19280,85,90,-5,5
19281,135,121,14,14
19282,104,104,0,0
19283,149,158,-9,9
19284,78,77,1,1
19285,76,81,-5,5
19286,96,99,-3,3
19287,130,128,2,2
19288,90,88,2,2
19289,55,80,-25,25
19290,123,135,-12,12
19291,65,63,2,2
19292,69,79,-10,10
19293,50,50,0,0
19294,51,61,-10,10
19295,81,73,8,8
19296,108,116,-8,8
19297,81,84,-3,3
19298,42,41,1,1
19299,141,124,17,17
19300,66,77,-11,11
19301,103,103,0,0
19302,147,140,7,7
19303,105,93,12,12
19304,136,121,15,15
19305,58,58,0,0
19306,108,94,14,14
19307,63,61,2,2
19308,116,122,-6,6
19309,147,146,1,1
19310,73,70,3,3
19311,92,95,-3,3
19312,63,61,2,2
19313,98,99,-1,1
19314,153,157,-4,4
19315,98,95,3,3
19316,68,73,-5,5
19317,70,59,11,11
19318,69,138,-69,69
19319,68,67,1,1
19320,66,66,0,0
19321,83,87,-4,4
19322,113,108,5,5
19323,123,116,7,7
19324,39,40,-1,1
19325,127,120,7,7
19326,119,121,-2,2
19327,80,76,4,4
19328,202,235,-33,33
19329,71,79,-8,8
19330,49,59,-10,10
19331,73,84,-11,11
19332,90,102,-12,12
19333,86,96,-10,10
19334,71,84,-13,13
19335,62,69,-7,7
19336,89,75,14,14
19337,205,195,10,10
19338,157,109,48,48
19339,95,112,-17,17
19340,54,59,-5,5
19341,86,85,1,1
19342,105,110,-5,5
19343,51,59,-8,8
19344,56,68,-12,12
19345,142,146,-4,4
19346,151,146,5,5
19347,72,88,-16,16
19348,71,83,-12,12
19349,73,70,3,3
19350,58,61,-3,3
19351,175,203,-28,28
19352,132,128,4,4
19353,102,106,-4,4
19354,115,110,5,5
19355,92,103,-11,11
19356,77,69,8,8
19357,113,118,-5,5
19358,103,96,7,7
19359,147,171,-24,24
19360,93,100,-7,7
19361,105,113,-8,8
19362,95,89,6,6
19363,158,159,-1,1
19364,117,121,-4,4
19365,113,105,8,8
19366,84,78,6,6
19367,64,71,-7,7
19368,98,94,4,4
19369,91,102,-11,11
19370,106,98,8,8
19371,57,61,-4,4
19372,130,134,-4,4
19373,67,76,-9,9
19374,60,56,4,4
19375,80,77,3,3
19376,109,114,-5,5
19377,56,86,-30,30
19378,61,67,-6,6
19379,162,167,-5,5
19380,105,102,3,3
19381,118,113,5,5
19382,88,92,-4,4
19383,61,51,10,10
19384,101,95,6,6
19385,130,143,-13,13
19386,116,109,7,7
19387,66,72,-6,6
19388,67,61,6,6
19389,68,73,-5,5
19390,54,53,1,1
19391,76,66,10,10
19392,91,97,-6,6
19393,48,49,-1,1
19394,108,109,-1,1
19395,50,53,-3,3
19396,121,127,-6,6
19397,55,57,-2,2
19398,99,95,4,4
19399,109,104,5,5
19400,129,126,3,3
19401,59,58,1,1
19402,193,192,1,1
19403,115,114,1,1
19404,168,175,-7,7
19405,109,112,-3,3
19406,79,94,-15,15
19407,69,68,1,1
19408,124,122,2,2
19409,86,100,-14,14
19410,108,106,2,2
19411,57,72,-15,15
19412,69,65,4,4
19413,73,75,-2,2
19414,93,105,-12,12
19415,108,111,-3,3
19416,47,46,1,1
19417,96,99,-3,3
19418,136,149,-13,13
19419,62,52,10,10
19420,35,44,-9,9
19421,168,188,-20,20
19422,72,68,4,4
19423,53,56,-3,3
19424,181,173,8,8
19425,106,100,6,6
19426,110,130,-20,20
19427,71,77,-6,6
19428,81,101,-20,20
19429,66,70,-4,4
19430,96,112,-16,16
19431,94,102,-8,8
19432,101,93,8,8
19433,56,60,-4,4
19434,161,153,8,8
19435,120,116,4,4
19436,90,92,-2,2
19437,74,78,-4,4
19438,119,117,2,2
19439,120,121,-1,1
19440,116,145,-29,29
19441,72,68,4,4
19442,100,101,-1,1
19443,72,68,4,4
19444,152,157,-5,5
19445,65,78,-13,13
19446,84,81,3,3
19447,100,102,-2,2
19448,116,107,9,9
19449,88,90,-2,2
19450,94,105,-11,11
19451,76,75,1,1
19452,70,79,-9,9
19453,72,90,-18,18
19454,114,116,-2,2
19455,95,101,-6,6
19456,88,83,5,5
19457,103,99,4,4
19458,82,81,1,1
19459,66,74,-8,8
19460,126,117,9,9
19461,215,238,-23,23
19462,127,127,0,0
19463,71,71,0,0
19464,106,94,12,12
19465,125,123,2,2
19466,98,95,3,3
19467,80,95,-15,15
19468,76,81,-5,5
19469,126,127,-1,1
19470,45,51,-6,6
19471,98,99,-1,1
19472,75,74,1,1
19473,76,70,6,6
19474,103,102,1,1
19475,149,122,27,27
19476,110,116,-6,6
19477,71,73,-2,2
19478,121,119,2,2
19479,86,90,-4,4
19480,44,40,4,4
19481,126,132,-6,6
19482,145,136,9,9
19483,94,107,-13,13
19484,49,59,-10,10
19485,99,98,1,1
19486,75,87,-12,12
19487,77,97,-20,20
19488,65,70,-5,5
19489,117,119,-2,2
19490,87,84,3,3
19491,87,99,-12,12
19492,138,147,-9,9
19493,66,73,-7,7
19494,100,90,10,10
19495,107,102,5,5
19496,82,109,-27,27
19497,76,85,-9,9
19498,67,81,-14,14
19499,40,51,-11,11
19500,88,98,-10,10
19501,184,174,10,10
19502,92,83,9,9
19503,134,142,-8,8
19504,105,105,0,0
19505,112,119,-7,7
19506,70,71,-1,1
19507,70,80,-10,10
19508,57,61,-4,4
19509,120,124,-4,4
19510,98,106,-8,8
19511,115,110,5,5
19512,84,91,-7,7
19513,97,94,3,3
19514,85,87,-2,2
19515,67,71,-4,4
19516,93,88,5,5
19517,123,123,0,0
19518,52,108,-56,56
19519,113,113,0,0
19520,63,66,-3,3
19521,97,95,2,2
19522,103,101,2,2
19523,91,103,-12,12
19524,74,79,-5,5
19525,110,123,-13,13
19526,162,162,0,0
19527,98,99,-1,1
19528,103,103,0,0
19529,96,101,-5,5
19530,35,41,-6,6
19531,85,90,-5,5
19532,69,69,0,0
19533,80,77,3,3
19534,60,55,5,5
19535,87,101,-14,14
19536,77,82,-5,5
19537,139,134,5,5
19538,51,57,-6,6
19539,122,119,3,3
19540,125,113,12,12
19541,63,61,2,2
19542,125,119,6,6
19543,85,101,-16,16
19544,112,114,-2,2
19545,58,69,-11,11
19546,104,106,-2,2
19547,120,117,3,3
19548,43,45,-2,2
19549,90,103,-13,13
19550,29,45,-16,16
19551,92,86,6,6
19552,99,90,9,9
19553,55,59,-4,4
19554,66,59,7,7
19555,78,69,9,9
19556,67,67,0,0
19557,91,85,6,6
19558,143,132,11,11
19559,86,94,-8,8
19560,57,63,-6,6
19561,96,88,8,8
19562,101,121,-20,20
19563,58,53,5,5
19564,113,107,6,6
19565,44,57,-13,13
19566,140,128,12,12
19567,150,157,-7,7
19568,117,125,-8,8
19569,86,91,-5,5
19570,99,87,12,12
19571,114,108,6,6
19572,81,78,3,3
19573,64,62,2,2
19574,132,141,-9,9
19575,82,82,0,0
19576,141,137,4,4
19577,68,82,-14,14
19578,137,135,2,2
19579,75,71,4,4
19580,71,72,-1,1
19581,59,54,5,5
19582,45,43,2,2
19583,70,63,7,7
19584,107,110,-3,3
19585,59,59,0,0
19586,41,41,0,0
19587,65,75,-10,10
19588,50,55,-5,5
19589,88,93,-5,5
19590,114,116,-2,2
19591,64,53,11,11
19592,154,149,5,5
19593,64,73,-9,9
19594,46,63,-17,17
19595,120,119,1,1
19596,80,85,-5,5
19597,52,54,-2,2
19598,88,112,-24,24
19599,65,98,-33,33
19600,49,59,-10,10
19601,82,97,-15,15
19602,108,116,-8,8
19603,59,63,-4,4
19604,68,70,-2,2
19605,99,95,4,4
19606,100,102,-2,2
19607,100,89,11,11
19608,156,165,-9,9
19609,91,101,-10,10
19610,152,157,-5,5
19611,125,119,6,6
19612,60,70,-10,10
19613,43,51,-8,8
19614,48,58,-10,10
19615,94,102,-8,8
19616,70,69,1,1
19617,52,56,-4,4
19618,70,70,0,0
19619,154,144,10,10
19620,133,131,2,2
19621,72,74,-2,2
19622,79,88,-9,9
19623,111,119,-8,8
19624,72,74,-2,2
19625,147,158,-11,11
19626,94,93,1,1
19627,41,49,-8,8
19628,79,89,-10,10
19629,61,68,-7,7
19630,68,72,-4,4
19631,70,74,-4,4
19632,80,88,-8,8
19633,58,67,-9,9
19634,45,49,-4,4
19635,187,173,14,14
19636,84,84,0,0
19637,76,76,0,0
19638,154,150,4,4
19639,139,136,3,3
19640,173,174,-1,1
19641,75,67,8,8
19642,148,149,-1,1
19643,174,169,5,5
19644,100,110,-10,10
19645,29,44,-15,15
19646,102,96,6,6
19647,67,72,-5,5
19648,51,54,-3,3
19649,133,108,25,25
19650,36,40,-4,4
19651,66,67,-1,1
19652,65,58,7,7
19653,73,79,-6,6
19654,151,131,20,20
19655,87,84,3,3
19656,138,144,-6,6
19657,65,69,-4,4
19658,97,96,1,1
19659,84,83,1,1
19660,171,163,8,8
19661,110,105,5,5
19662,120,116,4,4
19663,99,97,2,2
19664,135,138,-3,3
19665,90,91,-1,1
19666,70,65,5,5
19667,99,103,-4,4
19668,58,61,-3,3
19669,109,138,-29,29
19670,77,79,-2,2
19671,74,72,2,2
19672,134,141,-7,7
19673,130,121,9,9
19674,65,71,-6,6
19675,109,111,-2,2
19676,75,83,-8,8
19677,125,130,-5,5
19678,99,98,1,1
19679,147,150,-3,3
19680,160,144,16,16
19681,49,49,0,0
19682,62,70,-8,8
19683,332,334,-2,2
19684,127,127,0,0
19685,34,34,0,0
19686,145,137,8,8
19687,108,113,-5,5
19688,66,79,-13,13
19689,65,72,-7,7
19690,157,152,5,5
19691,89,84,5,5
19692,97,104,-7,7
19693,116,112,4,4
19694,102,105,-3,3
19695,118,130,-12,12
19696,161,167,-6,6
19697,97,106,-9,9
19698,40,50,-10,10
19699,63,65,-2,2
19700,70,81,-11,11
19701,83,81,2,2
19702,100,104,-4,4
19703,76,77,-1,1
19704,105,104,1,1
19705,72,82,-10,10
19706,69,86,-17,17
19707,136,142,-6,6
19708,126,113,13,13
19709,130,135,-5,5
19710,116,124,-8,8
19711,87,86,1,1
19712,100,108,-8,8
19713,100,98,2,2
19714,55,57,-2,2
19715,92,97,-5,5
19716,101,97,4,4
19717,149,152,-3,3
19718,98,89,9,9
19719,89,96,-7,7
19720,40,88,-48,48
19721,91,88,3,3
19722,103,106,-3,3
19723,88,82,6,6
19724,76,94,-18,18
19725,43,51,-8,8
19726,60,63,-3,3
19727,165,156,9,9
19728,148,159,-11,11
19729,114,116,-2,2
19730,97,91,6,6
19731,141,145,-4,4
19732,82,92,-10,10
19733,89,91,-2,2
19734,141,148,-7,7
19735,31,39,-8,8
19736,87,104,-17,17
19737,83,96,-13,13
19738,64,70,-6,6
19739,68,81,-13,13
19740,75,73,2,2
19741,102,106,-4,4
19742,54,57,-3,3
19743,108,115,-7,7
19744,104,94,10,10
19745,132,143,-11,11
19746,77,79,-2,2
19747,130,129,1,1
19748,46,42,4,4
19749,83,42,41,41
19750,79,92,-13,13
19751,180,164,16,16
19752,118,131,-13,13
19753,105,122,-17,17
19754,93,99,-6,6
19755,81,75,6,6
19756,61,72,-11,11
19757,142,142,0,0
19758,93,105,-12,12
19759,100,108,-8,8
19760,146,140,6,6
19761,64,69,-5,5
19762,116,113,3,3
19763,55,75,-20,20
19764,55,65,-10,10
19765,86,98,-12,12
19766,90,85,5,5
19767,146,149,-3,3
19768,55,56,-1,1
19769,76,81,-5,5
19770,48,53,-5,5
19771,84,78,6,6
19772,62,60,2,2
19773,93,92,1,1
19774,104,99,5,5
19775,108,102,6,6
19776,83,91,-8,8
19777,57,60,-3,3
19778,76,75,1,1
19779,100,137,-37,37
19780,96,100,-4,4
19781,124,98,26,26
19782,55,70,-15,15
19783,61,60,1,1
19784,104,104,0,0
19785,70,73,-3,3
19786,94,90,4,4
19787,64,68,-4,4
19788,113,121,-8,8
19789,92,99,-7,7
19790,136,140,-4,4
19791,115,88,27,27
19792,103,119,-16,16
19793,84,92,-8,8
19794,60,68,-8,8
19795,83,109,-26,26
19796,127,131,-4,4
19797,137,128,9,9
19798,64,59,5,5
19799,180,175,5,5
19800,144,136,8,8
19801,82,78,4,4
19802,89,83,6,6
19803,122,134,-12,12
19804,85,90,-5,5
19805,127,119,8,8
19806,86,82,4,4
19807,81,87,-6,6
19808,102,84,18,18
19809,104,91,13,13
19810,47,50,-3,3
19811,163,155,8,8
19812,102,99,3,3
19813,152,127,25,25
19814,139,131,8,8
19815,88,80,8,8
19816,57,50,7,7
19817,79,77,2,2
19818,60,50,10,10
19819,104,95,9,9
19820,92,89,3,3
19821,74,72,2,2
19822,94,94,0,0
19823,102,113,-11,11
19824,109,108,1,1
19825,86,83,3,3
19826,85,79,6,6
19827,86,80,6,6
19828,158,145,13,13
19829,78,77,1,1
19830,72,70,2,2
19831,127,130,-3,3
19832,81,84,-3,3
19833,99,100,-1,1
19834,64,72,-8,8
19835,137,149,-12,12
19836,99,103,-4,4
19837,74,83,-9,9
19838,80,89,-9,9
19839,99,92,7,7
19840,95,107,-12,12
19841,48,52,-4,4
19842,77,85,-8,8
19843,88,99,-11,11
19844,99,104,-5,5
19845,87,79,8,8
19846,75,83,-8,8
19847,103,111,-8,8
19848,190,189,1,1
19849,88,49,39,39
19850,85,92,-7,7
19851,59,56,3,3
19852,63,90,-27,27
19853,85,88,-3,3
19854,67,87,-20,20
19855,76,76,0,0
19856,115,111,4,4
19857,62,62,0,0
19858,61,48,13,13
19859,147,143,4,4
19860,153,148,5,5
19861,68,67,1,1
19862,106,118,-12,12
19863,79,84,-5,5
19864,165,159,6,6
19865,63,61,2,2
19866,106,108,-2,2
19867,74,79,-5,5
19868,135,136,-1,1
19869,76,82,-6,6
19870,113,117,-4,4
19871,77,87,-10,10
19872,67,75,-8,8
19873,93,116,-23,23
19874,170,174,-4,4
19875,77,87,-10,10
19876,88,89,-1,1
19877,103,100,3,3
19878,85,90,-5,5
19879,82,76,6,6
19880,70,82,-12,12
19881,94,108,-14,14
19882,44,53,-9,9
19883,103,99,4,4
19884,99,109,-10,10
19885,67,66,1,1
19886,56,69,-13,13
19887,94,93,1,1
19888,77,83,-6,6
19889,68,76,-8,8
19890,125,117,8,8
19891,110,111,-1,1
19892,102,92,10,10
19893,57,63,-6,6
19894,68,87,-19,19
19895,75,83,-8,8
19896,101,101,0,0
19897,57,56,1,1
19898,93,112,-19,19
19899,52,62,-10,10
19900,57,60,-3,3
19901,123,120,3,3
19902,111,127,-16,16
19903,62,66,-4,4
19904,89,105,-16,16
19905,114,110,4,4
19906,45,52,-7,7
19907,79,79,0,0
19908,134,126,8,8
19909,101,101,0,0
19910,92,93,-1,1
19911,74,72,2,2
19912,95,92,3,3
19913,49,56,-7,7
19914,86,80,6,6
19915,50,65,-15,15
19916,55,57,-2,2
19917,49,56,-7,7
19918,87,93,-6,6
19919,59,67,-8,8
19920,108,117,-9,9
19921,88,82,6,6
19922,118,124,-6,6
19923,108,109,-1,1
19924,38,68,-30,30
19925,94,94,0,0
19926,35,56,-21,21
19927,114,115,-1,1
19928,124,116,8,8
19929,108,119,-11,11
19930,129,151,-22,22
19931,69,77,-8,8
19932,108,113,-5,5
19933,66,65,1,1
19934,62,61,1,1
19935,107,109,-2,2
19936,65,64,1,1
19937,169,155,14,14
19938,115,115,0,0
19939,116,118,-2,2
19940,87,90,-3,3
19941,62,69,-7,7
19942,128,127,1,1
19943,126,132,-6,6
19944,139,141,-2,2
19945,217,208,9,9
19946,147,149,-2,2
19947,117,111,6,6
19948,181,191,-10,10
19949,101,117,-16,16
19950,66,76,-10,10
19951,77,74,3,3
19952,110,113,-3,3
19953,186,192,-6,6
19954,60,62,-2,2
19955,68,72,-4,4
19956,125,131,-6,6
19957,52,65,-13,13
19958,75,79,-4,4
19959,109,118,-9,9
19960,44,61,-17,17
19961,123,132,-9,9
19962,123,122,1,1
19963,69,69,0,0
19964,51,57,-6,6
19965,148,139,9,9
19966,104,92,12,12
19967,64,70,-6,6
19968,82,104,-22,22
19969,82,77,5,5
19970,135,141,-6,6
19971,54,59,-5,5
19972,88,76,12,12
19973,88,85,3,3
19974,102,96,6,6
19975,45,53,-8,8
19976,85,91,-6,6
19977,117,107,10,10
19978,124,119,5,5
19979,60,63,-3,3
19980,40,63,-23,23
19981,133,133,0,0
19982,101,86,15,15
19983,80,80,0,0
19984,90,109,-19,19
19985,85,94,-9,9
19986,68,68,0,0
19987,150,144,6,6
19988,86,81,5,5
19989,105,121,-16,16
19990,45,56,-11,11
19991,149,160,-11,11
19992,74,79,-5,5
19993,40,46,-6,6
19994,75,80,-5,5
19995,47,56,-9,9
19996,70,71,-1,1
19997,56,59,-3,3
19998,46,60,-14,14
19999,98,109,-11,11
20000,107,100,7,7
20001,121,117,4,4
20002,192,194,-2,2
20003,50,56,-6,6
20004,62,81,-19,19
20005,93,92,1,1
20006,96,75,21,21
20007,72,73,-1,1
20008,134,144,-10,10
20009,98,95,3,3
20010,159,146,13,13
20011,115,117,-2,2
20012,54,55,-1,1
20013,60,63,-3,3
20014,80,83,-3,3
20015,103,109,-6,6
20016,89,87,2,2
20017,118,120,-2,2
20018,109,105,4,4
20019,65,78,-13,13
20020,62,71,-9,9
20021,100,102,-2,2
20022,127,137,-10,10
20023,54,59,-5,5
20024,113,107,6,6
20025,122,121,1,1
20026,140,129,11,11
20027,71,76,-5,5
20028,86,95,-9,9
20029,94,98,-4,4
20030,124,121,3,3
20031,59,75,-16,16
20032,115,112,3,3
20033,61,62,-1,1
20034,65,46,19,19
20035,79,84,-5,5
20036,122,114,8,8
20037,97,106,-9,9
20038,64,72,-8,8
20039,107,102,5,5
20040,109,106,3,3
20041,70,69,1,1
20042,63,61,2,2
20043,104,107,-3,3
20044,88,78,10,10
20045,91,93,-2,2
20046,136,149,-13,13
20047,67,67,0,0
20048,65,63,2,2
20049,97,102,-5,5
20050,114,117,-3,3
20051,122,139,-17,17
20052,76,71,5,5
20053,96,99,-3,3
20054,90,81,9,9
20055,68,75,-7,7
20056,78,79,-1,1
20057,158,144,14,14
20058,77,82,-5,5
20059,65,69,-4,4
20060,126,119,7,7
20061,102,96,6,6
20062,96,91,5,5
20063,120,132,-12,12
20064,44,45,-1,1
20065,68,70,-2,2
20066,170,175,-5,5
20067,40,43,-3,3
20068,43,52,-9,9
20069,95,93,2,2
20070,114,108,6,6
20071,60,63,-3,3
20072,35,39,-4,4
20073,70,69,1,1
20074,126,131,-5,5
20075,68,74,-6,6
20076,137,151,-14,14
20077,154,125,29,29
20078,139,142,-3,3
20079,103,88,15,15
20080,82,77,5,5
20081,94,108,-14,14
20082,136,131,5,5
20083,81,72,9,9
20084,51,54,-3,3
20085,126,128,-2,2
20086,89,128,-39,39
20087,88,93,-5,5
20088,77,71,6,6
20089,83,92,-9,9
20090,77,74,3,3
20091,84,85,-1,1
20092,82,87,-5,5
20093,65,67,-2,2
20094,113,107,6,6
20095,78,92,-14,14
20096,54,59,-5,5
20097,94,111,-17,17
20098,59,66,-7,7
20099,117,131,-14,14
20100,78,66,12,12
20101,48,50,-2,2
20102,54,64,-10,10
20103,99,109,-10,10
20104,71,80,-9,9
20105,136,128,8,8
20106,45,59,-14,14
20107,84,88,-4,4
20108,82,85,-3,3
20109,45,51,-6,6
20110,125,110,15,15
20111,50,53,-3,3
20112,71,75,-4,4
20113,89,82,7,7
20114,61,69,-8,8
20115,105,102,3,3
20116,143,144,-1,1
20117,185,170,15,15
20118,48,52,-4,4
20119,98,99,-1,1
20120,38,54,-16,16
20121,92,84,8,8
20122,139,138,1,1
20123,99,93,6,6
20124,106,110,-4,4
20125,60,78,-18,18
20126,96,81,15,15
20127,138,151,-13,13
20128,83,83,0,0
20129,152,126,26,26
20130,115,128,-13,13
20131,84,94,-10,10
20132,133,132,1,1
20133,128,128,0,0
20134,78,81,-3,3
20135,93,98,-5,5
20136,105,104,1,1
20137,90,98,-8,8
20138,205,195,10,10
20139,80,81,-1,1
20140,80,84,-4,4
20141,118,105,13,13
20142,60,76,-16,16
20143,101,101,0,0
20144,95,97,-2,2
20145,130,150,-20,20
20146,113,113,0,0
20147,79,96,-17,17
20148,88,91,-3,3
20149,109,104,5,5
20150,98,94,4,4
20151,70,69,1,1
20152,92,65,27,27
20153,157,172,-15,15
20154,44,61,-17,17
20155,95,92,3,3
20156,87,82,5,5
20157,109,83,26,26
20158,111,119,-8,8
20159,86,83,3,3
20160,149,158,-9,9
20161,111,106,5,5
20162,45,53,-8,8
20163,150,154,-4,4
20164,89,80,9,9
20165,67,79,-12,12
20166,87,88,-1,1
20167,150,144,6,6
20168,124,112,12,12
20169,96,98,-2,2
20170,125,131,-6,6
20171,116,133,-17,17
20172,80,78,2,2
20173,156,142,14,14
20174,159,169,-10,10
20175,108,108,0,0
20176,90,93,-3,3
20177,117,111,6,6
20178,139,134,5,5
20179,87,89,-2,2
20180,79,76,3,3
20181,103,104,-1,1
20182,157,152,5,5
20183,159,178,-19,19
20184,46,83,-37,37
20185,84,83,1,1
20186,62,74,-12,12
20187,99,101,-2,2
20188,62,68,-6,6
20189,87,111,-24,24
20190,186,179,7,7
20191,104,96,8,8
20192,83,85,-2,2
20193,82,81,1,1
20194,82,87,-5,5
20195,116,128,-12,12
20196,48,53,-5,5
20197,72,84,-12,12
20198,81,87,-6,6
20199,89,97,-8,8
20200,66,70,-4,4
20201,99,90,9,9
20202,97,96,1,1
20203,83,80,3,3
20204,57,56,1,1
20205,95,92,3,3
20206,81,90,-9,9
20207,77,89,-12,12
20208,65,61,4,4
20209,109,110,-1,1
20210,58,61,-3,3
20211,38,28,10,10
20212,109,112,-3,3
20213,128,127,1,1
20214,68,61,7,7
20215,134,142,-8,8
20216,80,84,-4,4
20217,197,196,1,1
20218,105,113,-8,8
20219,78,81,-3,3
20220,99,125,-26,26
20221,88,95,-7,7
20222,105,102,3,3
20223,63,82,-19,19
20224,76,115,-39,39
20225,80,83,-3,3
20226,68,78,-10,10
20227,97,93,4,4
20228,107,106,1,1
20229,96,78,18,18
20230,120,133,-13,13
20231,110,105,5,5
20232,67,67,0,0
20233,154,146,8,8
20234,133,127,6,6
20235,98,91,7,7
20236,93,93,0,0
20237,93,92,1,1
20238,95,103,-8,8
20239,96,94,2,2
20240,66,65,1,1
20241,54,57,-3,3
20242,89,89,0,0
20243,165,157,8,8
20244,189,176,13,13
20245,62,76,-14,14
20246,49,46,3,3
20247,59,65,-6,6
20248,82,81,1,1
20249,75,76,-1,1
20250,121,120,1,1
20251,116,111,5,5
20252,185,180,5,5
20253,139,142,-3,3
20254,73,76,-3,3
20255,147,159,-12,12
20256,109,122,-13,13
20257,119,119,0,0
20258,83,78,5,5
20259,122,133,-11,11
20260,84,96,-12,12
20261,130,129,1,1
20262,137,150,-13,13
20263,96,100,-4,4
20264,81,79,2,2
20265,123,122,1,1
20266,83,70,13,13
20267,104,98,6,6
20268,121,112,9,9
20269,130,130,0,0
20270,104,105,-1,1
20271,107,102,5,5
20272,121,118,3,3
20273,76,82,-6,6
20274,59,63,-4,4
20275,127,140,-13,13
20276,179,193,-14,14
20277,70,76,-6,6
20278,83,87,-4,4
20279,83,83,0,0
20280,52,72,-20,20
20281,58,68,-10,10
20282,116,116,0,0
20283,57,67,-10,10
20284,107,101,6,6
20285,164,166,-2,2
20286,110,106,4,4
20287,101,108,-7,7
20288,159,163,-4,4
20289,103,114,-11,11
20290,133,149,-16,16
20291,59,78,-19,19
20292,93,103,-10,10
20293,129,124,5,5
20294,49,67,-18,18
20295,98,108,-10,10
20296,100,96,4,4
20297,131,135,-4,4
20298,140,154,-14,14
20299,87,94,-7,7
20300,138,128,10,10
20301,145,154,-9,9
20302,124,124,0,0
20303,111,111,0,0
20304,128,124,4,4
20305,83,74,9,9
20306,90,107,-17,17
20307,96,82,14,14
20308,160,168,-8,8
20309,75,79,-4,4
20310,83,89,-6,6
20311,115,109,6,6
20312,78,89,-11,11
20313,91,94,-3,3
20314,60,69,-9,9
20315,92,90,2,2
20316,107,96,11,11
20317,94,109,-15,15
20318,75,105,-30,30
20319,60,62,-2,2
20320,58,71,-13,13
20321,103,109,-6,6
20322,68,71,-3,3
20323,141,132,9,9
20324,89,104,-15,15
20325,172,152,20,20
20326,147,161,-14,14
20327,94,88,6,6
20328,128,128,0,0
20329,76,77,-1,1
20330,97,91,6,6
20331,110,112,-2,2
20332,89,92,-3,3
20333,72,68,4,4
20334,104,110,-6,6
20335,82,108,-26,26
20336,87,86,1,1
20337,96,99,-3,3
20338,94,103,-9,9
20339,158,153,5,5
20340,102,94,8,8
20341,62,70,-8,8
20342,53,60,-7,7
20343,98,97,1,1
20344,96,93,3,3
20345,79,84,-5,5
20346,131,116,15,15
20347,44,54,-10,10
20348,102,98,4,4
20349,69,79,-10,10
20350,106,117,-11,11
20351,128,140,-12,12
20352,49,49,0,0
20353,123,118,5,5
20354,191,181,10,10
20355,116,107,9,9
20356,127,125,2,2
20357,42,55,-13,13
20358,124,111,13,13
20359,92,103,-11,11
20360,143,140,3,3
20361,68,68,0,0
20362,111,107,4,4
20363,120,136,-16,16
20364,93,89,4,4
20365,46,55,-9,9
20366,116,114,2,2
20367,84,83,1,1
20368,39,46,-7,7
20369,70,63,7,7
20370,59,85,-26,26
20371,107,131,-24,24
20372,59,58,1,1
20373,115,111,4,4
20374,92,102,-10,10
20375,105,123,-18,18
20376,110,103,7,7
20377,60,59,1,1
20378,119,113,6,6
20379,106,116,-10,10
20380,90,98,-8,8
20381,63,68,-5,5
20382,103,101,2,2
20383,105,112,-7,7
20384,98,94,4,4
20385,48,56,-8,8
20386,110,140,-30,30
20387,119,105,14,14
20388,86,92,-6,6
20389,82,103,-21,21
20390,65,66,-1,1
20391,89,90,-1,1
20392,118,129,-11,11
20393,146,139,7,7
20394,65,82,-17,17
20395,125,130,-5,5
20396,87,85,2,2
20397,89,95,-6,6
20398,75,77,-2,2
20399,87,84,3,3
20400,130,140,-10,10
20401,51,51,0,0
20402,129,136,-7,7
20403,81,77,4,4
20404,80,79,1,1
20405,66,72,-6,6
20406,47,51,-4,4
20407,103,112,-9,9
20408,77,81,-4,4
20409,60,70,-10,10
20410,133,130,3,3
20411,66,71,-5,5
20412,161,160,1,1
20413,101,86,15,15
20414,80,85,-5,5
20415,124,133,-9,9
20416,140,141,-1,1
20417,120,116,4,4
20418,141,138,3,3
20419,90,91,-1,1
20420,54,59,-5,5
20421,63,67,-4,4
20422,115,122,-7,7
20423,59,74,-15,15
20424,68,75,-7,7
20425,51,53,-2,2
20426,56,62,-6,6
20427,69,83,-14,14
20428,71,73,-2,2
20429,103,107,-4,4
20430,94,102,-8,8
20431,157,171,-14,14
20432,122,121,1,1
20433,111,114,-3,3
20434,120,138,-18,18
20435,103,92,11,11
20436,62,63,-1,1
20437,130,133,-3,3
20438,81,75,6,6
20439,166,150,16,16
20440,79,87,-8,8
20441,90,96,-6,6
20442,91,99,-8,8
20443,44,46,-2,2
20444,87,92,-5,5
20445,117,115,2,2
20446,101,114,-13,13
20447,106,115,-9,9
20448,102,93,9,9
20449,74,88,-14,14
20450,175,168,7,7
20451,71,88,-17,17
20452,122,120,2,2
20453,165,169,-4,4
20454,134,134,0,0
20455,192,159,33,33
20456,80,74,6,6
20457,65,59,6,6
20458,105,111,-6,6
20459,121,123,-2,2
20460,84,86,-2,2
20461,106,93,13,13
20462,91,93,-2,2
20463,174,180,-6,6
20464,64,70,-6,6
20465,58,67,-9,9
20466,76,67,9,9
20467,70,75,-5,5
20468,143,142,1,1
20469,92,97,-5,5
20470,94,98,-4,4
20471,95,93,2,2
20472,119,115,4,4
20473,101,93,8,8
20474,110,109,1,1
20475,144,161,-17,17
20476,129,149,-20,20
20477,79,76,3,3
20478,99,110,-11,11
20479,85,81,4,4
20480,142,134,8,8
20481,77,88,-11,11
20482,62,67,-5,5
20483,122,128,-6,6
20484,106,116,-10,10
20485,52,52,0,0
20486,79,67,12,12
20487,95,89,6,6
20488,77,84,-7,7
20489,89,90,-1,1
20490,70,78,-8,8
20491,97,95,2,2
20492,100,117,-17,17
20493,79,74,5,5
20494,138,146,-8,8
20495,123,118,5,5
20496,152,136,16,16
20497,135,129,6,6
20498,83,87,-4,4
20499,118,112,6,6
20500,91,88,3,3
20501,83,88,-5,5
20502,77,78,-1,1
20503,69,67,2,2
20504,68,73,-5,5
20505,139,136,3,3
20506,171,171,0,0
20507,80,85,-5,5
20508,83,78,5,5
20509,108,105,3,3
20510,92,99,-7,7
20511,59,62,-3,3
20512,74,76,-2,2
20513,62,61,1,1
20514,138,136,2,2
20515,55,52,3,3
20516,85,85,0,0
20517,77,76,1,1
20518,39,42,-3,3
20519,65,76,-11,11
20520,109,115,-6,6
20521,91,100,-9,9
20522,74,72,2,2
20523,74,73,1,1
20524,154,149,5,5
20525,153,144,9,9
20526,40,40,0,0
20527,110,115,-5,5
20528,63,69,-6,6
20529,114,115,-1,1
20530,114,119,-5,5
20531,62,72,-10,10
20532,81,75,6,6
20533,49,56,-7,7
20534,63,63,0,0
20535,93,93,0,0
20536,76,73,3,3
20537,146,152,-6,6
20538,87,80,7,7
20539,162,150,12,12
20540,91,105,-14,14
20541,107,131,-24,24
20542,82,95,-13,13
20543,97,97,0,0
20544,42,37,5,5
20545,81,82,-1,1
20546,115,109,6,6
20547,120,114,6,6
20548,62,66,-4,4
20549,131,146,-15,15
20550,82,92,-10,10
20551,59,67,-8,8
20552,127,141,-14,14
20553,100,85,15,15
20554,92,90,2,2
20555,55,61,-6,6
20556,111,108,3,3
20557,92,90,2,2
20558,111,115,-4,4
20559,189,167,22,22
20560,93,81,12,12
20561,61,63,-2,2
20562,50,52,-2,2
20563,62,66,-4,4
20564,46,53,-7,7
20565,145,150,-5,5
20566,82,88,-6,6
20567,83,85,-2,2
20568,78,78,0,0
20569,69,69,0,0
20570,117,116,1,1
20571,142,139,3,3
20572,111,116,-5,5
20573,72,70,2,2
20574,95,91,4,4
20575,141,129,12,12
20576,179,162,17,17
20577,85,93,-8,8
20578,286,231,55,55
20579,87,91,-4,4
20580,93,96,-3,3
20581,87,82,5,5
20582,49,67,-18,18
20583,87,89,-2,2
20584,143,112,31,31
20585,98,103,-5,5
20586,70,70,0,0
20587,112,123,-11,11
20588,53,60,-7,7
20589,55,55,0,0
20590,88,85,3,3
20591,113,121,-8,8
20592,86,91,-5,5
20593,59,75,-16,16
20594,62,63,-1,1
20595,71,80,-9,9
20596,102,128,-26,26
20597,69,79,-10,10
20598,117,123,-6,6
20599,79,77,2,2
20600,131,139,-8,8
20601,45,47,-2,2
20602,81,83,-2,2
20603,62,72,-10,10
20604,82,90,-8,8
20605,86,84,2,2
20606,52,53,-1,1
20607,79,82,-3,3
20608,108,105,3,3
20609,62,73,-11,11
20610,94,100,-6,6
20611,74,92,-18,18
20612,136,134,2,2
20613,151,133,18,18
20614,145,162,-17,17
20615,99,99,0,0
20616,169,182,-13,13
20617,69,66,3,3
20618,54,65,-11,11
20619,93,86,7,7
20620,106,109,-3,3
20621,77,79,-2,2
20622,100,113,-13,13
20623,96,107,-11,11
20624,56,57,-1,1
20625,99,95,4,4
20626,115,121,-6,6
20627,90,93,-3,3
20628,56,76,-20,20
20629,83,81,2,2
20630,117,108,9,9
20631,75,82,-7,7
20632,88,88,0,0
20633,80,84,-4,4
20634,150,131,19,19
20635,126,114,12,12
20636,92,86,6,6
20637,117,118,-1,1
20638,75,83,-8,8
20639,92,90,2,2
20640,72,70,2,2
20641,45,53,-8,8
20642,55,75,-20,20
20643,123,140,-17,17
20644,127,121,6,6
20645,128,135,-7,7
20646,161,158,3,3
20647,130,126,4,4
20648,87,80,7,7
20649,223,185,38,38
20650,79,83,-4,4
20651,155,145,10,10
20652,77,84,-7,7
20653,82,75,7,7
20654,101,109,-8,8
20655,89,103,-14,14
20656,106,118,-12,12
20657,68,68,0,0
20658,98,98,0,0
20659,102,109,-7,7
20660,88,81,7,7
20661,102,102,0,0
20662,173,172,1,1
20663,52,67,-15,15
20664,114,119,-5,5
20665,85,77,8,8
20666,86,85,1,1
20667,77,73,4,4
20668,81,83,-2,2
20669,89,81,8,8
20670,149,124,25,25
20671,68,81,-13,13
20672,77,76,1,1
20673,83,83,0,0
20674,71,68,3,3
20675,71,71,0,0
20676,91,97,-6,6
20677,56,79,-23,23
20678,80,85,-5,5
20679,129,118,11,11
20680,95,94,1,1
20681,114,101,13,13
20682,149,143,6,6
20683,74,70,4,4
20684,84,84,0,0
20685,72,74,-2,2
20686,119,128,-9,9
20687,82,77,5,5
20688,94,123,-29,29
20689,89,100,-11,11
20690,45,53,-8,8
20691,77,75,2,2
20692,169,177,-8,8
20693,100,88,12,12
20694,114,108,6,6
20695,95,97,-2,2
20696,97,113,-16,16
20697,224,223,1,1
20698,96,102,-6,6
20699,66,73,-7,7
20700,97,92,5,5
20701,113,111,2,2
20702,107,114,-7,7
20703,59,72,-13,13
20704,148,164,-16,16
20705,66,76,-10,10
20706,151,157,-6,6
20707,87,84,3,3
20708,119,113,6,6
20709,63,65,-2,2
20710,122,115,7,7
20711,75,74,1,1
20712,142,133,9,9
20713,33,39,-6,6
20714,86,91,-5,5
20715,33,47,-14,14
20716,144,127,17,17
20717,124,124,0,0
20718,77,80,-3,3
20719,144,146,-2,2
20720,88,98,-10,10
20721,87,93,-6,6
20722,45,56,-11,11
20723,104,93,11,11
20724,70,78,-8,8
20725,87,94,-7,7
20726,139,145,-6,6
20727,136,142,-6,6
20728,85,77,8,8
20729,106,117,-11,11
20730,134,131,3,3
20731,98,99,-1,1
20732,77,84,-7,7
20733,131,135,-4,4
20734,125,156,-31,31
20735,76,78,-2,2
20736,110,84,26,26
20737,123,118,5,5
20738,56,54,2,2
20739,62,66,-4,4
20740,59,58,1,1
20741,96,108,-12,12
20742,107,104,3,3
20743,126,128,-2,2
20744,114,121,-7,7
20745,85,90,-5,5
20746,63,62,1,1
20747,59,83,-24,24
20748,80,81,-1,1
20749,93,91,2,2
20750,82,89,-7,7
20751,73,74,-1,1
20752,133,139,-6,6
20753,145,133,12,12
20754,78,81,-3,3
20755,89,87,2,2
20756,81,78,3,3
20757,100,105,-5,5
20758,129,141,-12,12
20759,80,90,-10,10
20760,122,121,1,1
20761,26,50,-24,24
20762,151,151,0,0
20763,118,128,-10,10
20764,146,146,0,0
20765,75,78,-3,3
20766,80,100,-20,20
20767,52,61,-9,9
20768,128,117,11,11
20769,76,95,-19,19
20770,73,78,-5,5
20771,55,69,-14,14
20772,94,92,2,2
20773,115,110,5,5
20774,70,73,-3,3
20775,125,120,5,5
20776,50,50,0,0
20777,90,96,-6,6
20778,110,106,4,4
20779,120,128,-8,8
20780,62,67,-5,5
20781,78,92,-14,14
20782,132,138,-6,6
20783,46,53,-7,7
20784,140,158,-18,18
20785,97,97,0,0
20786,53,50,3,3
20787,93,99,-6,6
20788,145,150,-5,5
20789,84,90,-6,6
20790,121,128,-7,7
20791,124,130,-6,6
20792,65,65,0,0
20793,129,140,-11,11
20794,111,118,-7,7
20795,81,72,9,9
20796,87,69,18,18
20797,64,70,-6,6
20798,92,92,0,0
20799,74,75,-1,1
20800,78,76,2,2
20801,72,85,-13,13
20802,101,104,-3,3
20803,35,46,-11,11
20804,171,172,-1,1
20805,54,49,5,5
20806,155,172,-17,17
20807,151,161,-10,10
20808,45,44,1,1
20809,87,90,-3,3
20810,115,113,2,2
20811,75,70,5,5
20812,89,93,-4,4
20813,134,134,0,0
20814,65,69,-4,4
20815,51,55,-4,4
20816,33,39,-6,6
20817,85,99,-14,14
20818,114,104,10,10
20819,120,125,-5,5
20820,83,92,-9,9
20821,106,117,-11,11
20822,41,47,-6,6
20823,101,117,-16,16
20824,134,118,16,16
20825,132,132,0,0
20826,53,61,-8,8
20827,89,92,-3,3
20828,120,125,-5,5
20829,106,118,-12,12
20830,165,162,3,3
20831,59,71,-12,12
20832,77,81,-4,4
20833,105,105,0,0
20834,113,121,-8,8
20835,85,92,-7,7
20836,57,59,-2,2
20837,101,119,-18,18
20838,109,106,3,3
20839,129,133,-4,4
20840,75,90,-15,15
20841,143,143,0,0
20842,48,59,-11,11
20843,115,126,-11,11
20844,57,108,-51,51
20845,76,72,4,4
20846,79,81,-2,2
20847,107,109,-2,2
20848,61,72,-11,11
20849,134,142,-8,8
20850,93,94,-1,1
20851,141,150,-9,9
20852,81,76,5,5
20853,65,77,-12,12
20854,148,153,-5,5
20855,70,94,-24,24
20856,78,91,-13,13
20857,46,53,-7,7
20858,108,111,-3,3
20859,94,97,-3,3
20860,165,168,-3,3
20861,83,92,-9,9
20862,131,138,-7,7
20863,91,85,6,6
20864,86,125,-39,39
20865,99,105,-6,6
20866,111,101,10,10
20867,93,90,3,3
20868,82,127,-45,45
20869,60,69,-9,9
20870,89,79,10,10
20871,153,157,-4,4
20872,102,106,-4,4
20873,92,109,-17,17
20874,102,103,-1,1
20875,118,120,-2,2
20876,75,70,5,5
20877,176,171,5,5
20878,129,127,2,2
20879,69,80,-11,11
20880,83,82,1,1
20881,124,122,2,2
20882,68,62,6,6
20883,102,102,0,0
20884,63,66,-3,3
20885,96,118,-22,22
20886,120,135,-15,15
20887,75,83,-8,8
20888,111,119,-8,8
20889,181,173,8,8
20890,82,83,-1,1
20891,132,124,8,8
20892,48,76,-28,28
20893,75,78,-3,3
20894,64,63,1,1
20895,41,44,-3,3
20896,64,80,-16,16
20897,97,98,-1,1
20898,77,84,-7,7
20899,91,90,1,1
20900,51,50,1,1
20901,68,72,-4,4
20902,121,126,-5,5
20903,86,82,4,4
20904,59,68,-9,9
20905,107,97,10,10
20906,84,82,2,2
20907,55,57,-2,2
20908,76,86,-10,10
20909,93,88,5,5
20910,40,43,-3,3
20911,118,101,17,17
20912,156,154,2,2
20913,126,124,2,2
20914,74,73,1,1
20915,96,103,-7,7
20916,121,126,-5,5
20917,76,71,5,5
20918,122,136,-14,14
20919,89,86,3,3
20920,59,57,2,2
20921,84,69,15,15
20922,83,81,2,2
20923,73,76,-3,3
20924,63,64,-1,1
20925,64,71,-7,7
20926,125,118,7,7
20927,101,110,-9,9
20928,122,134,-12,12
20929,63,67,-4,4
20930,107,103,4,4
20931,68,70,-2,2
20932,74,72,2,2
20933,102,110,-8,8
20934,119,129,-10,10
20935,106,94,12,12
20936,66,70,-4,4
20937,87,91,-4,4
20938,85,86,-1,1
20939,66,63,3,3
20940,145,138,7,7
20941,180,161,19,19
20942,75,82,-7,7
20943,63,75,-12,12
20944,144,150,-6,6
20945,66,71,-5,5
20946,49,48,1,1
20947,98,99,-1,1
20948,77,81,-4,4
20949,105,105,0,0
20950,81,107,-26,26
20951,92,88,4,4
20952,104,116,-12,12
20953,151,148,3,3
20954,51,58,-7,7
20955,124,140,-16,16
20956,84,89,-5,5
20957,58,60,-2,2
20958,108,107,1,1
20959,41,50,-9,9
20960,151,147,4,4
20961,113,105,8,8
20962,138,137,1,1
20963,70,77,-7,7
20964,106,111,-5,5
20965,95,110,-15,15
20966,121,136,-15,15
20967,66,67,-1,1
20968,98,85,13,13
20969,70,72,-2,2
20970,142,145,-3,3
20971,139,155,-16,16
20972,62,62,0,0
20973,138,154,-16,16
20974,70,74,-4,4
20975,138,125,13,13
20976,105,104,1,1
20977,61,71,-10,10
20978,113,118,-5,5
20979,173,156,17,17
20980,94,90,4,4
20981,90,90,0,0
20982,112,110,2,2
20983,43,51,-8,8
20984,140,153,-13,13
20985,197,217,-20,20
20986,116,116,0,0
20987,229,215,14,14
20988,119,124,-5,5
20989,80,68,12,12
20990,115,121,-6,6
20991,61,69,-8,8
20992,41,53,-12,12
20993,101,93,8,8
20994,185,191,-6,6
20995,46,59,-13,13
20996,221,206,15,15
20997,113,111,2,2
20998,60,62,-2,2
20999,116,110,6,6
21000,125,123,2,2
21001,99,101,-2,2
21002,97,121,-24,24
21003,171,158,13,13
21004,79,83,-4,4
21005,73,69,4,4
21006,80,88,-8,8
21007,148,138,10,10
21008,111,129,-18,18
21009,110,122,-12,12
21010,84,98,-14,14
21011,60,72,-12,12
21012,94,86,8,8
21013,57,63,-6,6
21014,118,116,2,2
21015,115,119,-4,4
21016,118,136,-18,18
21017,133,128,5,5
21018,67,73,-6,6
21019,148,154,-6,6
21020,34,76,-42,42
21021,59,57,2,2
21022,71,73,-2,2
21023,59,55,4,4
21024,58,72,-14,14
21025,61,56,5,5
21026,105,81,24,24
21027,144,148,-4,4
21028,135,139,-4,4
21029,120,115,5,5
21030,180,178,2,2
21031,177,164,13,13
21032,115,130,-15,15
21033,138,139,-1,1
21034,113,98,15,15
21035,97,97,0,0
21036,88,90,-2,2
21037,108,127,-19,19
21038,106,110,-4,4
21039,81,81,0,0
21040,105,105,0,0
21041,30,51,-21,21
21042,97,100,-3,3
21043,39,48,-9,9
21044,57,67,-10,10
21045,92,122,-30,30
21046,85,79,6,6
21047,94,86,8,8
21048,165,160,5,5
21049,119,125,-6,6
21050,120,122,-2,2
21051,139,133,6,6
21052,42,46,-4,4
21053,78,83,-5,5
21054,78,78,0,0
21055,73,72,1,1
21056,84,87,-3,3
21057,159,155,4,4
21058,84,87,-3,3
21059,133,128,5,5
21060,87,93,-6,6
21061,147,141,6,6
21062,83,84,-1,1
21063,51,67,-16,16
21064,107,112,-5,5
21065,62,63,-1,1
21066,94,95,-1,1
21067,62,64,-2,2
21068,79,82,-3,3
21069,177,159,18,18
21070,104,83,21,21
21071,85,95,-10,10
21072,100,94,6,6
21073,69,71,-2,2
21074,119,123,-4,4
21075,90,77,13,13
21076,82,84,-2,2
21077,54,52,2,2
21078,115,116,-1,1
21079,74,69,5,5
21080,113,112,1,1
21081,56,59,-3,3
21082,68,78,-10,10
21083,195,190,5,5
21084,150,138,12,12
21085,62,73,-11,11
21086,71,80,-9,9
21087,81,80,1,1
21088,131,134,-3,3
21089,90,91,-1,1
21090,86,100,-14,14
21091,168,179,-11,11
21092,101,100,1,1
21093,109,108,1,1
21094,71,111,-40,40
21095,67,67,0,0
21096,115,119,-4,4
21097,95,44,51,51
21098,84,79,5,5
21099,74,81,-7,7
21100,69,73,-4,4
21101,63,69,-6,6
21102,127,129,-2,2
21103,82,90,-8,8
21104,78,75,3,3
21105,78,79,-1,1
21106,147,131,16,16
21107,96,91,5,5
21108,72,81,-9,9
21109,65,67,-2,2
21110,107,116,-9,9
21111,119,116,3,3
21112,101,98,3,3
21113,162,155,7,7
21114,119,122,-3,3
21115,93,102,-9,9
21116,102,104,-2,2
21117,145,150,-5,5
21118,94,89,5,5
21119,83,86,-3,3
21120,166,162,4,4
21121,63,71,-8,8
21122,90,94,-4,4
21123,53,59,-6,6
21124,103,112,-9,9
21125,117,115,2,2
21126,99,100,-1,1
21127,44,67,-23,23
21128,149,146,3,3
21129,104,106,-2,2
21130,225,233,-8,8
21131,101,101,0,0
21132,101,105,-4,4
21133,76,73,3,3
21134,80,76,4,4
21135,70,68,2,2
21136,130,114,16,16
21137,148,146,2,2
21138,70,77,-7,7
21139,137,152,-15,15
21140,59,54,5,5
21141,71,77,-6,6
21142,134,132,2,2
21143,116,116,0,0
21144,104,101,3,3
21145,63,74,-11,11
21146,61,65,-4,4
21147,89,119,-30,30
21148,61,61,0,0
21149,97,97,0,0
21150,102,97,5,5
21151,63,67,-4,4
21152,165,162,3,3
21153,88,94,-6,6
21154,112,100,12,12
21155,90,90,0,0
21156,179,185,-6,6
21157,89,98,-9,9
21158,19,48,-29,29
21159,123,123,0,0
21160,111,138,-27,27
21161,89,84,5,5
21162,86,93,-7,7
21163,92,104,-12,12
21164,93,88,5,5
21165,91,91,0,0
21166,70,73,-3,3
21167,105,111,-6,6
21168,85,80,5,5
21169,78,73,5,5
21170,112,112,0,0
21171,96,99,-3,3
21172,54,63,-9,9
21173,121,104,17,17
21174,131,130,1,1
21175,66,81,-15,15
21176,61,66,-5,5
21177,80,83,-3,3
21178,89,83,6,6
21179,74,67,7,7
21180,65,78,-13,13
21181,101,111,-10,10
21182,97,90,7,7
21183,108,116,-8,8
21184,96,101,-5,5
21185,132,129,3,3
21186,62,64,-2,2
21187,82,70,12,12
21188,154,145,9,9
21189,82,90,-8,8
21190,50,55,-5,5
21191,68,62,6,6
21192,124,119,5,5
21193,74,73,1,1
21194,149,158,-9,9
21195,59,66,-7,7
21196,56,65,-9,9
21197,58,64,-6,6
21198,151,168,-17,17
21199,113,111,2,2
21200,74,108,-34,34
21201,71,72,-1,1
21202,86,80,6,6
21203,65,74,-9,9
21204,69,72,-3,3
21205,161,163,-2,2
21206,89,96,-7,7
21207,36,36,0,0
21208,55,62,-7,7
21209,97,95,2,2
21210,89,92,-3,3
21211,64,58,6,6
21212,98,102,-4,4
21213,89,86,3,3
21214,44,47,-3,3
21215,162,160,2,2
21216,126,138,-12,12
21217,82,81,1,1
21218,77,91,-14,14
21219,81,82,-1,1
21220,137,141,-4,4
21221,69,70,-1,1
21222,86,85,1,1
21223,67,71,-4,4
21224,101,101,0,0
21225,74,79,-5,5
21226,71,74,-3,3
21227,66,67,-1,1
21228,104,110,-6,6
21229,111,138,-27,27
21230,86,91,-5,5
21231,96,100,-4,4
21232,79,83,-4,4
21233,183,199,-16,16
21234,89,85,4,4
21235,133,129,4,4
21236,80,83,-3,3
21237,72,74,-2,2
21238,109,95,14,14
21239,107,107,0,0
21240,84,80,4,4
21241,67,67,0,0
21242,102,100,2,2
21243,66,174,-108,108
21244,132,143,-11,11
21245,103,102,1,1
21246,91,92,-1,1
21247,111,120,-9,9
21248,110,108,2,2
21249,156,156,0,0
21250,44,52,-8,8
21251,48,52,-4,4
21252,79,93,-14,14
21253,58,55,3,3
21254,134,128,6,6
21255,105,108,-3,3
21256,79,79,0,0
21257,124,176,-52,52
21258,109,95,14,14
21259,79,69,10,10
21260,66,78,-12,12
21261,93,86,7,7
21262,93,90,3,3
21263,85,100,-15,15
21264,92,92,0,0
21265,103,110,-7,7
21266,104,102,2,2
21267,108,121,-13,13
21268,82,83,-1,1
21269,92,98,-6,6
21270,41,50,-9,9
21271,47,45,2,2
21272,79,87,-8,8
21273,101,112,-11,11
21274,66,70,-4,4
21275,83,79,4,4
21276,89,91,-2,2
21277,55,60,-5,5
21278,137,135,2,2
21279,92,88,4,4
21280,131,134,-3,3
21281,99,96,3,3
21282,100,110,-10,10
21283,82,79,3,3
21284,57,61,-4,4
21285,74,78,-4,4
21286,79,84,-5,5
21287,83,80,3,3
21288,118,116,2,2
21289,133,163,-30,30
21290,129,125,4,4
21291,70,85,-15,15
21292,145,144,1,1
21293,149,124,25,25
21294,113,107,6,6
21295,56,61,-5,5
21296,44,47,-3,3
21297,89,101,-12,12
21298,90,92,-2,2
21299,74,58,16,16
21300,117,106,11,11
21301,65,62,3,3
21302,48,51,-3,3
21303,92,89,3,3
21304,72,68,4,4
21305,83,110,-27,27
21306,63,68,-5,5
21307,135,117,18,18
21308,147,159,-12,12
21309,142,160,-18,18
21310,122,117,5,5
21311,77,83,-6,6
21312,106,109,-3,3
21313,65,72,-7,7
21314,70,72,-2,2
21315,124,117,7,7
21316,100,99,1,1
21317,56,60,-4,4
21318,72,69,3,3
21319,83,81,2,2
21320,66,65,1,1
21321,45,51,-6,6
21322,162,167,-5,5
21323,85,86,-1,1
21324,115,121,-6,6
21325,122,125,-3,3
21326,72,70,2,2
21327,68,72,-4,4
21328,65,70,-5,5
21329,84,87,-3,3
21330,161,152,9,9
21331,149,137,12,12
21332,109,109,0,0
21333,57,72,-15,15
21334,85,80,5,5
21335,100,100,0,0
21336,171,127,44,44
21337,73,82,-9,9
21338,78,84,-6,6
21339,67,86,-19,19
21340,122,144,-22,22
21341,84,79,5,5
21342,171,168,3,3
21343,87,91,-4,4
21344,140,118,22,22
21345,86,96,-10,10
21346,85,93,-8,8
21347,50,51,-1,1
21348,78,82,-4,4
21349,67,61,6,6
21350,81,79,2,2
21351,75,77,-2,2
21352,91,95,-4,4
21353,119,119,0,0
21354,138,122,16,16
21355,58,58,0,0
21356,137,135,2,2
21357,88,103,-15,15
21358,122,121,1,1
21359,106,107,-1,1
21360,101,105,-4,4
21361,88,95,-7,7
21362,83,76,7,7
21363,80,77,3,3
21364,111,114,-3,3
21365,183,189,-6,6
21366,73,71,2,2
21367,97,98,-1,1
21368,55,61,-6,6
21369,116,130,-14,14
21370,78,78,0,0
21371,99,98,1,1
21372,141,136,5,5
21373,56,56,0,0
21374,65,66,-1,1
21375,72,72,0,0
21376,99,84,15,15
21377,96,97,-1,1
21378,69,77,-8,8
21379,94,112,-18,18
21380,98,102,-4,4
21381,55,63,-8,8
21382,107,114,-7,7
21383,68,64,4,4
21384,84,93,-9,9
21385,65,63,2,2
21386,177,165,12,12
21387,62,64,-2,2
21388,182,170,12,12
21389,72,45,27,27
21390,151,147,4,4
21391,80,81,-1,1
21392,122,131,-9,9
21393,136,126,10,10
21394,141,137,4,4
21395,88,87,1,1
21396,88,81,7,7
21397,127,128,-1,1
21398,92,97,-5,5
21399,74,70,4,4
21400,111,111,0,0
21401,204,203,1,1
21402,111,109,2,2
21403,59,53,6,6
21404,129,118,11,11
21405,107,101,6,6
21406,104,94,10,10
21407,76,78,-2,2
21408,113,124,-11,11
21409,110,110,0,0
21410,69,62,7,7
21411,67,74,-7,7
21412,85,92,-7,7
21413,94,94,0,0
21414,93,91,2,2
21415,90,87,3,3
21416,61,52,9,9
21417,56,57,-1,1
21418,114,109,5,5
21419,71,63,8,8
21420,86,95,-9,9
21421,114,117,-3,3
21422,50,50,0,0
21423,155,154,1,1
21424,108,128,-20,20
21425,104,92,12,12
21426,89,82,7,7
21427,75,73,2,2
21428,149,152,-3,3
21429,94,87,7,7
21430,63,78,-15,15
21431,127,140,-13,13
21432,103,106,-3,3
21433,90,80,10,10
21434,64,70,-6,6
21435,144,138,6,6
21436,119,115,4,4
21437,45,54,-9,9
21438,78,86,-8,8
21439,45,62,-17,17
21440,113,114,-1,1
21441,89,96,-7,7
21442,122,123,-1,1
21443,93,94,-1,1
21444,54,58,-4,4
21445,89,81,8,8
21446,85,81,4,4
21447,101,102,-1,1
21448,132,154,-22,22
21449,47,48,-1,1
21450,83,80,3,3
21451,89,82,7,7
21452,77,81,-4,4
21453,150,131,19,19
21454,130,119,11,11
21455,85,88,-3,3
21456,114,109,5,5
21457,155,159,-4,4
21458,63,66,-3,3
21459,94,99,-5,5
21460,42,45,-3,3
21461,138,149,-11,11
21462,78,80,-2,2
21463,79,81,-2,2
21464,95,101,-6,6
21465,80,67,13,13
21466,80,89,-9,9
21467,39,44,-5,5
21468,143,138,5,5
21469,88,83,5,5
21470,47,55,-8,8
21471,70,71,-1,1
21472,174,170,4,4
21473,148,153,-5,5
21474,185,167,18,18
21475,122,132,-10,10
21476,138,137,1,1
21477,99,100,-1,1
21478,50,57,-7,7
21479,104,104,0,0
21480,69,73,-4,4
21481,127,127,0,0
21482,59,68,-9,9
21483,89,93,-4,4
21484,81,88,-7,7
21485,64,68,-4,4
21486,124,124,0,0
21487,75,78,-3,3
21488,102,100,2,2
21489,156,153,3,3
21490,81,85,-4,4
21491,90,84,6,6
21492,58,84,-26,26
21493,153,143,10,10
21494,100,100,0,0
21495,133,129,4,4
21496,133,125,8,8
21497,68,74,-6,6
21498,104,105,-1,1
21499,74,78,-4,4
21500,138,136,2,2
21501,83,89,-6,6
21502,125,147,-22,22
21503,98,91,7,7
21504,92,89,3,3
21505,39,42,-3,3
21506,93,96,-3,3
21507,47,59,-12,12
21508,72,64,8,8
21509,138,132,6,6
21510,81,86,-5,5
21511,102,104,-2,2
21512,146,147,-1,1
21513,80,84,-4,4
21514,76,74,2,2
21515,130,144,-14,14
21516,138,126,12,12
21517,69,73,-4,4
21518,134,122,12,12
21519,73,77,-4,4
21520,55,64,-9,9
21521,68,77,-9,9
21522,78,94,-16,16
21523,85,79,6,6
21524,118,121,-3,3
21525,80,78,2,2
21526,153,170,-17,17
21527,81,75,6,6
21528,85,86,-1,1
21529,117,117,0,0
21530,126,134,-8,8
21531,34,42,-8,8
21532,72,68,4,4
21533,138,137,1,1
21534,82,88,-6,6
21535,113,119,-6,6
21536,63,74,-11,11
21537,80,69,11,11
21538,67,65,2,2
21539,117,141,-24,24
21540,120,120,0,0
21541,75,81,-6,6
21542,117,121,-4,4
21543,103,105,-2,2
21544,149,161,-12,12
21545,169,172,-3,3
21546,85,98,-13,13
21547,91,89,2,2
21548,121,130,-9,9
21549,95,114,-19,19
21550,123,134,-11,11
21551,36,46,-10,10
21552,71,81,-10,10
21553,106,104,2,2
21554,101,94,7,7
21555,60,82,-22,22
21556,68,65,3,3
21557,76,79,-3,3
21558,91,92,-1,1
21559,84,95,-11,11
21560,97,99,-2,2
21561,75,78,-3,3
21562,44,51,-7,7
21563,78,67,11,11
21564,55,54,1,1
21565,106,123,-17,17
21566,125,125,0,0
21567,185,178,7,7
21568,148,165,-17,17
21569,156,147,9,9
21570,128,124,4,4
21571,96,96,0,0
21572,99,100,-1,1
21573,63,77,-14,14
21574,78,87,-9,9
21575,162,148,14,14
21576,75,75,0,0
21577,103,105,-2,2
21578,110,104,6,6
21579,116,117,-1,1
21580,51,59,-8,8
21581,126,131,-5,5
21582,37,55,-18,18
21583,109,96,13,13
21584,115,126,-11,11
21585,70,70,0,0
21586,94,99,-5,5
21587,113,113,0,0
21588,91,94,-3,3
21589,71,77,-6,6
21590,55,68,-13,13
21591,63,74,-11,11
21592,59,57,2,2
21593,81,84,-3,3
21594,135,138,-3,3
21595,95,89,6,6
21596,67,75,-8,8
21597,80,80,0,0
21598,73,85,-12,12
21599,98,95,3,3
21600,104,102,2,2
21601,63,64,-1,1
21602,60,59,1,1
21603,117,122,-5,5
21604,60,66,-6,6
21605,127,134,-7,7
21606,121,107,14,14
21607,118,115,3,3
21608,80,83,-3,3
21609,77,78,-1,1
21610,104,99,5,5
21611,182,217,-35,35
21612,90,93,-3,3
21613,49,51,-2,2
21614,86,88,-2,2
21615,88,87,1,1
21616,114,108,6,6
21617,56,56,0,0
21618,66,58,8,8
21619,68,87,-19,19
21620,88,91,-3,3
21621,45,86,-41,41
21622,231,236,-5,5
21623,136,132,4,4
21624,69,66,3,3
21625,123,140,-17,17
21626,60,58,2,2
21627,72,72,0,0
21628,84,89,-5,5
21629,123,125,-2,2
21630,58,60,-2,2
21631,58,61,-3,3
21632,71,84,-13,13
21633,97,90,7,7
21634,61,70,-9,9
21635,57,64,-7,7
21636,172,181,-9,9
21637,62,69,-7,7
21638,112,126,-14,14
21639,126,134,-8,8
21640,85,81,4,4
21641,105,117,-12,12
21642,100,102,-2,2
21643,117,137,-20,20
21644,76,84,-8,8
21645,85,91,-6,6
21646,187,176,11,11
21647,145,144,1,1
21648,64,71,-7,7
21649,107,109,-2,2
21650,140,138,2,2
21651,46,48,-2,2
21652,63,63,0,0
21653,93,92,1,1
21654,111,113,-2,2
21655,60,57,3,3
21656,120,113,7,7
21657,67,72,-5,5
21658,157,162,-5,5
21659,133,138,-5,5
21660,112,134,-22,22
21661,119,125,-6,6
21662,86,85,1,1
21663,128,136,-8,8
21664,109,105,4,4
21665,133,130,3,3
21666,62,57,5,5
21667,167,167,0,0
21668,122,120,2,2
21669,42,51,-9,9
21670,66,63,3,3
21671,110,116,-6,6
21672,84,105,-21,21
21673,115,124,-9,9
21674,174,170,4,4
21675,85,84,1,1
21676,100,99,1,1
21677,56,60,-4,4
21678,72,70,2,2
21679,87,92,-5,5
21680,70,102,-32,32
21681,76,73,3,3
21682,89,89,0,0
21683,69,73,-4,4
21684,175,167,8,8
21685,191,180,11,11
21686,66,60,6,6
21687,145,146,-1,1
21688,127,118,9,9
21689,54,52,2,2
21690,70,73,-3,3
21691,67,72,-5,5
21692,77,76,1,1
21693,119,126,-7,7
21694,38,46,-8,8
21695,77,78,-1,1
21696,49,56,-7,7
21697,63,76,-13,13
21698,40,59,-19,19
21699,69,73,-4,4
21700,35,48,-13,13
21701,93,87,6,6
21702,61,79,-18,18
21703,50,47,3,3
21704,113,123,-10,10
21705,123,114,9,9
21706,75,80,-5,5
21707,94,93,1,1
21708,71,78,-7,7
21709,114,118,-4,4
21710,68,64,4,4
21711,129,141,-12,12
21712,61,66,-5,5
21713,92,91,1,1
21714,76,65,11,11
21715,106,96,10,10
21716,123,122,1,1
21717,89,90,-1,1
21718,88,97,-9,9
21719,48,57,-9,9
21720,87,91,-4,4
21721,53,62,-9,9
21722,120,115,5,5
21723,105,111,-6,6
21724,117,109,8,8
21725,128,124,4,4
21726,173,169,4,4
21727,85,82,3,3
21728,97,85,12,12
21729,101,97,4,4
21730,67,76,-9,9
21731,71,74,-3,3
21732,89,83,6,6
21733,85,96,-11,11
21734,83,84,-1,1
21735,78,75,3,3
21736,76,80,-4,4
21737,115,114,1,1
21738,68,65,3,3
21739,75,69,6,6
21740,106,94,12,12
21741,76,79,-3,3
21742,123,122,1,1
21743,82,87,-5,5
21744,82,85,-3,3
21745,162,161,1,1
21746,64,71,-7,7
21747,66,60,6,6
21748,48,49,-1,1
21749,86,90,-4,4
21750,59,76,-17,17
21751,118,120,-2,2
21752,75,76,-1,1
21753,138,136,2,2
21754,50,58,-8,8
21755,96,83,13,13
21756,68,73,-5,5
21757,83,88,-5,5
21758,93,116,-23,23
21759,78,84,-6,6
21760,45,47,-2,2
21761,85,84,1,1
21762,123,116,7,7
21763,42,51,-9,9
21764,84,83,1,1
21765,123,126,-3,3
21766,45,61,-16,16
21767,88,86,2,2
21768,85,82,3,3
21769,79,72,7,7
21770,75,76,-1,1
21771,125,130,-5,5
21772,33,74,-41,41
21773,84,86,-2,2
21774,117,127,-10,10
21775,79,79,0,0
21776,190,186,4,4
21777,112,118,-6,6
21778,86,93,-7,7
21779,115,111,4,4
21780,74,73,1,1
21781,85,87,-2,2
21782,28,44,-16,16
21783,45,53,-8,8
21784,115,115,0,0
21785,92,92,0,0
21786,78,72,6,6
21787,129,134,-5,5
21788,119,114,5,5
21789,78,81,-3,3
21790,78,72,6,6
21791,211,204,7,7
21792,95,103,-8,8
21793,101,90,11,11
21794,163,159,4,4
21795,168,174,-6,6
21796,109,110,-1,1
21797,98,104,-6,6
21798,61,71,-10,10
21799,131,139,-8,8
21800,74,75,-1,1
21801,66,73,-7,7
21802,130,127,3,3
21803,71,76,-5,5
21804,135,141,-6,6
21805,88,85,3,3
21806,150,186,-36,36
21807,152,93,59,59
21808,117,114,3,3
21809,133,137,-4,4
21810,77,79,-2,2
21811,75,68,7,7
21812,63,64,-1,1
21813,73,68,5,5
21814,72,72,0,0
21815,62,75,-13,13
21816,98,107,-9,9
21817,103,102,1,1
21818,167,192,-25,25
21819,73,85,-12,12
21820,68,64,4,4
21821,104,106,-2,2
21822,96,103,-7,7
21823,165,168,-3,3
21824,128,134,-6,6
21825,147,146,1,1
21826,139,147,-8,8
21827,156,145,11,11
21828,86,93,-7,7
21829,78,78,0,0
21830,78,80,-2,2
21831,89,84,5,5
21832,115,106,9,9
21833,122,119,3,3
21834,47,59,-12,12
21835,60,72,-12,12
21836,87,105,-18,18
21837,77,79,-2,2
21838,115,101,14,14
21839,105,96,9,9
21840,120,121,-1,1
21841,95,93,2,2
21842,103,99,4,4
21843,57,56,1,1
21844,132,125,7,7
21845,118,95,23,23
21846,134,122,12,12
21847,85,96,-11,11
21848,130,142,-12,12
21849,107,118,-11,11
21850,112,112,0,0
21851,63,62,1,1
21852,176,174,2,2
21853,83,79,4,4
21854,88,98,-10,10
21855,141,126,15,15
21856,121,124,-3,3
21857,119,112,7,7
21858,51,56,-5,5
21859,60,58,2,2
21860,103,91,12,12
21861,122,118,4,4
21862,79,74,5,5
21863,103,91,12,12
21864,86,88,-2,2
21865,58,63,-5,5
21866,103,104,-1,1
21867,89,86,3,3
21868,94,90,4,4
21869,115,117,-2,2
21870,151,168,-17,17
21871,97,97,0,0
21872,88,83,5,5
21873,78,82,-4,4
21874,79,76,3,3
21875,51,64,-13,13
21876,77,93,-16,16
21877,98,92,6,6
21878,160,141,19,19
21879,114,116,-2,2
21880,95,101,-6,6
21881,77,91,-14,14
21882,75,79,-4,4
21883,142,140,2,2
21884,72,75,-3,3
21885,150,139,11,11
21886,67,78,-11,11
21887,104,101,3,3
21888,95,103,-8,8
21889,116,112,4,4
21890,43,76,-33,33
21891,98,86,12,12
21892,85,77,8,8
21893,93,97,-4,4
21894,106,104,2,2
21895,99,100,-1,1
21896,179,177,2,2
21897,61,81,-20,20
21898,77,78,-1,1
21899,64,62,2,2
21900,90,88,2,2
21901,106,124,-18,18
21902,67,65,2,2
21903,102,109,-7,7
21904,94,57,37,37
21905,92,85,7,7
21906,81,89,-8,8
21907,84,82,2,2
21908,131,136,-5,5
21909,96,106,-10,10
21910,89,86,3,3
21911,107,104,3,3
21912,73,80,-7,7
21913,81,75,6,6
21914,69,76,-7,7
21915,73,73,0,0
21916,150,155,-5,5
21917,115,102,13,13
21918,90,86,4,4
21919,63,79,-16,16
21920,138,130,8,8
21921,125,133,-8,8
21922,111,108,3,3
21923,124,125,-1,1
21924,37,45,-8,8
21925,114,122,-8,8
21926,67,67,0,0
21927,116,122,-6,6
21928,134,150,-16,16
21929,58,71,-13,13
21930,75,72,3,3
21931,119,117,2,2
21932,94,87,7,7
21933,72,74,-2,2
21934,144,145,-1,1
21935,86,83,3,3
21936,112,119,-7,7
21937,57,64,-7,7
21938,121,133,-12,12
21939,118,112,6,6
21940,79,84,-5,5
21941,53,61,-8,8
21942,61,59,2,2
21943,90,92,-2,2
21944,114,121,-7,7
21945,101,108,-7,7
21946,180,183,-3,3
21947,136,167,-31,31
21948,100,101,-1,1
21949,107,113,-6,6
21950,95,99,-4,4
21951,75,77,-2,2
21952,86,100,-14,14
21953,71,78,-7,7
21954,126,133,-7,7
21955,125,124,1,1
21956,162,159,3,3
21957,71,79,-8,8
21958,60,56,4,4
21959,118,129,-11,11
21960,104,86,18,18
21961,117,116,1,1
21962,144,140,4,4
21963,78,87,-9,9
21964,95,92,3,3
21965,157,144,13,13
21966,70,71,-1,1
21967,68,73,-5,5
21968,125,125,0,0
21969,111,98,13,13
21970,112,108,4,4
21971,118,103,15,15
21972,71,65,6,6
21973,126,110,16,16
21974,96,95,1,1
21975,59,58,1,1
21976,82,95,-13,13
21977,101,112,-11,11
21978,80,84,-4,4
21979,61,63,-2,2
21980,89,98,-9,9
21981,107,97,10,10
21982,55,65,-10,10
21983,99,95,4,4
21984,131,137,-6,6
21985,80,76,4,4
21986,110,99,11,11
21987,94,96,-2,2
21988,32,41,-9,9
21989,105,108,-3,3
21990,103,111,-8,8
21991,152,158,-6,6
21992,136,123,13,13
21993,78,74,4,4
21994,68,70,-2,2
21995,68,82,-14,14
21996,36,41,-5,5
21997,111,113,-2,2
21998,64,64,0,0
21999,70,71,-1,1
22000,89,89,0,0
22001,103,100,3,3
22002,79,83,-4,4
22003,175,187,-12,12
22004,103,84,19,19
22005,84,82,2,2
22006,79,75,4,4
22007,93,106,-13,13
22008,124,125,-1,1
22009,106,110,-4,4
22010,144,141,3,3
22011,100,97,3,3
22012,70,80,-10,10
22013,122,131,-9,9
22014,101,105,-4,4
22015,125,123,2,2
22016,94,103,-9,9
22017,134,152,-18,18
22018,69,70,-1,1
22019,119,119,0,0
22020,106,99,7,7
22021,122,126,-4,4
22022,54,43,11,11
22023,89,87,2,2
22024,76,93,-17,17
22025,86,92,-6,6
22026,144,132,12,12
22027,93,89,4,4
22028,105,105,0,0
22029,101,108,-7,7
22030,81,91,-10,10
22031,85,83,2,2
22032,157,131,26,26
22033,112,119,-7,7
22034,76,79,-3,3
22035,85,95,-10,10
22036,141,128,13,13
22037,87,94,-7,7
22038,71,81,-10,10
22039,104,115,-11,11
22040,73,80,-7,7
22041,143,141,2,2
22042,92,101,-9,9
22043,80,82,-2,2
22044,98,102,-4,4
22045,80,75,5,5
22046,54,61,-7,7
22047,134,151,-17,17
22048,70,76,-6,6
22049,114,116,-2,2
22050,80,71,9,9
22051,90,90,0,0
22052,82,91,-9,9
22053,103,98,5,5
22054,82,81,1,1
22055,92,89,3,3
22056,82,86,-4,4
22057,66,69,-3,3
22058,124,156,-32,32
22059,61,67,-6,6
22060,63,74,-11,11
22061,91,100,-9,9
22062,72,71,1,1
22063,54,68,-14,14
22064,87,89,-2,2
22065,104,123,-19,19
22066,61,63,-2,2
22067,125,118,7,7
22068,129,134,-5,5
22069,33,46,-13,13
22070,97,103,-6,6
22071,73,92,-19,19
22072,154,149,5,5
22073,74,74,0,0
22074,125,133,-8,8
22075,54,56,-2,2
22076,68,70,-2,2
22077,91,87,4,4
22078,68,66,2,2
22079,92,110,-18,18
22080,117,107,10,10
22081,98,111,-13,13
22082,124,117,7,7
22083,71,79,-8,8
22084,66,63,3,3
22085,37,35,2,2
22086,108,104,4,4
22087,59,66,-7,7
22088,84,78,6,6
22089,162,152,10,10
22090,108,114,-6,6
22091,120,125,-5,5
22092,102,114,-12,12
22093,68,82,-14,14
22094,146,127,19,19
22095,116,125,-9,9
22096,66,69,-3,3
22097,67,74,-7,7
22098,46,56,-10,10
22099,92,81,11,11
22100,150,138,12,12
22101,58,57,1,1
22102,103,105,-2,2
22103,112,102,10,10
22104,90,101,-11,11
22105,98,100,-2,2
22106,54,59,-5,5
22107,76,80,-4,4
22108,77,85,-8,8
22109,111,115,-4,4
22110,118,124,-6,6
22111,125,126,-1,1
22112,94,100,-6,6
22113,73,82,-9,9
22114,173,171,2,2
22115,155,165,-10,10
22116,120,136,-16,16
22117,86,76,10,10
22118,115,115,0,0
22119,149,141,8,8
22120,68,91,-23,23
22121,130,116,14,14
22122,65,68,-3,3
22123,63,65,-2,2
22124,39,50,-11,11
22125,82,81,1,1
22126,74,66,8,8
22127,57,69,-12,12
22128,105,108,-3,3
22129,106,105,1,1
22130,126,152,-26,26
22131,113,111,2,2
22132,109,115,-6,6
22133,95,102,-7,7
22134,86,78,8,8
22135,99,99,0,0
22136,65,84,-19,19
22137,70,72,-2,2
22138,66,67,-1,1
22139,45,63,-18,18
22140,77,75,2,2
22141,50,66,-16,16
22142,105,109,-4,4
22143,101,106,-5,5
22144,62,71,-9,9
22145,82,88,-6,6
22146,69,62,7,7
22147,122,146,-24,24
22148,147,150,-3,3
22149,220,203,17,17
22150,69,73,-4,4
22151,93,95,-2,2
22152,111,113,-2,2
22153,152,158,-6,6
22154,124,126,-2,2
22155,43,51,-8,8
22156,112,96,16,16
22157,83,84,-1,1
22158,140,143,-3,3
22159,110,107,3,3
22160,71,80,-9,9
22161,96,115,-19,19
22162,148,153,-5,5
22163,53,66,-13,13
22164,120,119,1,1
22165,188,190,-2,2
22166,29,48,-19,19
22167,117,112,5,5
22168,104,107,-3,3
22169,81,86,-5,5
22170,124,121,3,3
22171,103,120,-17,17
22172,139,145,-6,6
22173,79,67,12,12
22174,133,140,-7,7
22175,112,119,-7,7
22176,99,115,-16,16
22177,101,101,0,0
22178,75,71,4,4
22179,110,110,0,0
22180,121,121,0,0
22181,110,115,-5,5
22182,68,87,-19,19
22183,99,103,-4,4
22184,67,78,-11,11
22185,72,85,-13,13
22186,151,143,8,8
22187,87,102,-15,15
22188,83,88,-5,5
22189,58,79,-21,21
22190,56,58,-2,2
22191,72,66,6,6
22192,91,91,0,0
22193,61,57,4,4
22194,95,83,12,12
22195,101,115,-14,14
22196,98,94,4,4
22197,128,136,-8,8
22198,183,182,1,1
22199,68,66,2,2
22200,97,100,-3,3
22201,74,68,6,6
22202,127,132,-5,5
22203,91,99,-8,8
22204,95,93,2,2
22205,83,82,1,1
22206,130,134,-4,4
22207,143,80,63,63
22208,68,97,-29,29
22209,72,73,-1,1
22210,81,82,-1,1
22211,63,62,1,1
22212,92,90,2,2
22213,70,84,-14,14
22214,114,122,-8,8
22215,119,101,18,18
22216,130,134,-4,4
22217,94,89,5,5
22218,104,108,-4,4
22219,99,113,-14,14
22220,55,84,-29,29
22221,111,115,-4,4
22222,101,99,2,2
22223,86,95,-9,9
22224,89,90,-1,1
22225,91,103,-12,12
22226,140,143,-3,3
22227,74,76,-2,2
22228,82,81,1,1
22229,103,98,5,5
22230,104,101,3,3
22231,75,83,-8,8
22232,92,102,-10,10
22233,53,60,-7,7
22234,74,85,-11,11
22235,38,43,-5,5
22236,141,143,-2,2
22237,91,79,12,12
22238,97,92,5,5
22239,115,118,-3,3
22240,141,142,-1,1
22241,72,87,-15,15
22242,87,96,-9,9
22243,114,114,0,0
22244,96,91,5,5
22245,68,76,-8,8
22246,123,136,-13,13
22247,91,80,11,11
22248,91,91,0,0
22249,116,125,-9,9
22250,49,73,-24,24
22251,57,57,0,0
22252,124,133,-9,9
22253,88,100,-12,12
22254,129,127,2,2
22255,55,51,4,4
22256,188,187,1,1
22257,64,61,3,3
22258,71,74,-3,3
22259,45,76,-31,31
22260,93,105,-12,12
22261,68,67,1,1
22262,161,182,-21,21
22263,69,79,-10,10
22264,113,120,-7,7
22265,74,85,-11,11
22266,58,60,-2,2
22267,149,164,-15,15
22268,49,50,-1,1
22269,96,95,1,1
22270,122,123,-1,1
22271,92,83,9,9
22272,124,118,6,6
22273,93,96,-3,3
22274,149,163,-14,14
22275,179,187,-8,8
22276,147,150,-3,3
22277,121,119,2,2
22278,62,63,-1,1
22279,50,44,6,6
22280,54,60,-6,6
22281,104,94,10,10
22282,73,69,4,4
22283,101,110,-9,9
22284,71,75,-4,4
22285,90,92,-2,2
22286,71,70,1,1
22287,72,79,-7,7
22288,61,91,-30,30
22289,65,66,-1,1
22290,81,82,-1,1
22291,37,48,-11,11
22292,65,71,-6,6
22293,128,124,4,4
22294,55,80,-25,25
22295,55,73,-18,18
22296,131,104,27,27
22297,67,61,6,6
22298,138,137,1,1
22299,66,62,4,4
22300,62,67,-5,5
22301,187,178,9,9
22302,127,121,6,6
22303,105,112,-7,7
22304,78,78,0,0
22305,94,90,4,4
22306,94,97,-3,3
22307,108,112,-4,4
22308,135,138,-3,3
22309,78,76,2,2
22310,87,95,-8,8
22311,59,68,-9,9
22312,134,140,-6,6
22313,89,84,5,5
22314,79,84,-5,5
22315,27,40,-13,13
22316,74,73,1,1
22317,56,62,-6,6
22318,121,127,-6,6
22319,88,93,-5,5
22320,145,154,-9,9
22321,99,105,-6,6
22322,127,117,10,10
22323,85,84,1,1
22324,91,75,16,16
22325,184,199,-15,15
22326,76,76,0,0
22327,86,80,6,6
22328,88,86,2,2
22329,156,149,7,7
22330,106,113,-7,7
22331,102,89,13,13
22332,106,102,4,4
22333,87,93,-6,6
22334,60,65,-5,5
22335,82,79,3,3
22336,112,108,4,4
22337,118,123,-5,5
22338,75,68,7,7
22339,94,98,-4,4
22340,57,65,-8,8
22341,96,94,2,2
22342,67,78,-11,11
22343,78,94,-16,16
22344,114,106,8,8
22345,70,76,-6,6
22346,60,65,-5,5
22347,91,96,-5,5
22348,86,81,5,5
22349,84,87,-3,3
22350,75,76,-1,1
22351,133,155,-22,22
22352,193,182,11,11
22353,68,74,-6,6
22354,139,139,0,0
22355,57,72,-15,15
22356,110,119,-9,9
22357,83,91,-8,8
22358,159,139,20,20
22359,110,116,-6,6
22360,150,135,15,15
22361,95,102,-7,7
22362,139,126,13,13
22363,72,70,2,2
22364,147,138,9,9
22365,89,87,2,2
22366,136,126,10,10
22367,47,46,1,1
22368,158,167,-9,9
22369,111,120,-9,9
22370,99,91,8,8
22371,112,115,-3,3
22372,82,93,-11,11
22373,38,34,4,4
22374,82,93,-11,11
22375,80,79,1,1
22376,119,118,1,1
22377,68,65,3,3
22378,117,118,-1,1
22379,76,81,-5,5
22380,94,97,-3,3
22381,68,69,-1,1
22382,49,51,-2,2
22383,59,60,-1,1
22384,135,143,-8,8
22385,111,117,-6,6
22386,102,98,4,4
22387,118,122,-4,4
22388,90,87,3,3
22389,62,68,-6,6
22390,104,109,-5,5
22391,120,115,5,5
22392,105,110,-5,5
22393,131,128,3,3
22394,103,112,-9,9
22395,117,117,0,0
22396,92,92,0,0
22397,70,76,-6,6
22398,108,110,-2,2
22399,71,71,0,0
22400,58,59,-1,1
22401,91,84,7,7
22402,98,91,7,7
22403,40,51,-11,11
22404,92,82,10,10
22405,100,111,-11,11
22406,138,152,-14,14
22407,132,124,8,8
22408,101,97,4,4
22409,71,87,-16,16
22410,86,83,3,3
22411,107,104,3,3
22412,85,86,-1,1
22413,68,73,-5,5
22414,80,79,1,1
22415,125,121,4,4
22416,99,95,4,4
22417,122,117,5,5
22418,190,179,11,11
22419,109,97,12,12
22420,83,82,1,1
22421,121,150,-29,29
22422,79,95,-16,16
22423,142,164,-22,22
22424,63,62,1,1
22425,66,68,-2,2
22426,114,90,24,24
22427,80,87,-7,7
22428,72,65,7,7
22429,190,188,2,2
22430,91,93,-2,2
22431,152,146,6,6
22432,74,59,15,15
22433,88,94,-6,6
22434,181,201,-20,20
22435,118,122,-4,4
22436,131,126,5,5
22437,64,110,-46,46
22438,86,93,-7,7
22439,74,83,-9,9
22440,79,76,3,3
22441,99,101,-2,2
22442,169,173,-4,4
22443,68,62,6,6
22444,79,74,5,5
22445,181,164,17,17
22446,119,106,13,13
22447,120,112,8,8
22448,67,74,-7,7
22449,67,77,-10,10
22450,76,74,2,2
22451,87,86,1,1
22452,91,87,4,4
22453,161,159,2,2
22454,58,58,0,0
22455,57,68,-11,11
22456,95,90,5,5
22457,63,69,-6,6
22458,64,64,0,0
22459,55,59,-4,4
22460,136,139,-3,3
22461,107,101,6,6
22462,83,91,-8,8
22463,52,59,-7,7
22464,127,146,-19,19
22465,90,95,-5,5
22466,141,141,0,0
22467,87,94,-7,7
22468,99,100,-1,1
22469,67,74,-7,7
22470,79,85,-6,6
22471,102,103,-1,1
22472,168,168,0,0
22473,154,161,-7,7
22474,118,116,2,2
22475,68,81,-13,13
22476,109,89,20,20
22477,41,50,-9,9
22478,65,75,-10,10
22479,108,100,8,8
22480,26,43,-17,17
22481,99,105,-6,6
22482,137,144,-7,7
22483,180,182,-2,2
22484,223,161,62,62
22485,103,92,11,11
22486,91,91,0,0
22487,120,117,3,3
22488,73,77,-4,4
22489,69,79,-10,10
22490,76,90,-14,14
22491,73,66,7,7
22492,41,43,-2,2
22493,143,152,-9,9
22494,121,142,-21,21
22495,97,108,-11,11
22496,86,102,-16,16
22497,80,86,-6,6
22498,105,116,-11,11
22499,111,100,11,11
22500,133,146,-13,13
22501,120,128,-8,8
22502,156,175,-19,19
22503,100,106,-6,6
22504,41,41,0,0
22505,94,106,-12,12
22506,59,57,2,2
22507,71,72,-1,1
22508,68,73,-5,5
22509,102,96,6,6
22510,134,136,-2,2
22511,60,58,2,2
22512,169,148,21,21
22513,80,86,-6,6
22514,126,156,-30,30
22515,146,140,6,6
22516,128,130,-2,2
22517,67,78,-11,11
22518,92,101,-9,9
22519,72,79,-7,7
22520,79,81,-2,2
22521,102,102,0,0
22522,62,63,-1,1
22523,59,58,1,1
22524,116,103,13,13
22525,96,101,-5,5
22526,86,83,3,3
22527,68,83,-15,15
22528,90,96,-6,6
22529,90,88,2,2
22530,141,140,1,1
22531,109,114,-5,5
22532,51,65,-14,14
22533,107,106,1,1
22534,130,132,-2,2
22535,103,107,-4,4
22536,49,55,-6,6
22537,106,85,21,21
22538,87,88,-1,1
22539,68,69,-1,1
22540,88,89,-1,1
22541,79,83,-4,4
22542,104,97,7,7
22543,94,98,-4,4
22544,123,113,10,10
22545,98,87,11,11
22546,123,126,-3,3
22547,104,108,-4,4
22548,60,64,-4,4
22549,70,72,-2,2
22550,89,86,3,3
22551,122,125,-3,3
22552,55,60,-5,5
22553,141,144,-3,3
22554,80,82,-2,2
22555,97,101,-4,4
22556,126,113,13,13
22557,73,83,-10,10
22558,63,76,-13,13
22559,151,143,8,8
22560,109,104,5,5
22561,161,165,-4,4
22562,80,83,-3,3
22563,126,113,13,13
22564,89,92,-3,3
22565,95,91,4,4
22566,163,155,8,8
22567,121,119,2,2
22568,80,86,-6,6
22569,79,71,8,8
22570,94,89,5,5
22571,143,143,0,0
22572,95,92,3,3
22573,108,116,-8,8
22574,94,93,1,1
22575,102,103,-1,1
22576,84,97,-13,13
22577,80,78,2,2
22578,135,128,7,7
22579,98,87,11,11
22580,113,115,-2,2
22581,85,85,0,0
22582,97,96,1,1
22583,67,63,4,4
22584,135,131,4,4
22585,31,45,-14,14
22586,154,158,-4,4
22587,136,136,0,0
22588,35,56,-21,21
22589,145,136,9,9
22590,76,71,5,5
22591,89,99,-10,10
22592,84,97,-13,13
22593,82,100,-18,18
22594,76,75,1,1
22595,88,94,-6,6
22596,85,78,7,7
22597,109,122,-13,13
22598,165,166,-1,1
22599,88,91,-3,3
22600,54,57,-3,3
22601,93,83,10,10
22602,66,68,-2,2
22603,75,84,-9,9
22604,55,59,-4,4
22605,72,76,-4,4
22606,113,116,-3,3
22607,127,131,-4,4
22608,53,54,-1,1
22609,94,95,-1,1
22610,90,91,-1,1
22611,65,72,-7,7
22612,60,65,-5,5
22613,59,46,13,13
22614,107,104,3,3
22615,93,111,-18,18
22616,128,121,7,7
22617,55,62,-7,7
22618,93,92,1,1
22619,79,80,-1,1
22620,148,137,11,11
22621,129,119,10,10
22622,51,62,-11,11
22623,92,81,11,11
22624,93,118,-25,25
22625,114,120,-6,6
22626,72,80,-8,8
22627,92,104,-12,12
22628,81,73,8,8
22629,69,73,-4,4
22630,93,95,-2,2
22631,189,184,5,5
22632,71,75,-4,4
22633,87,87,0,0
22634,48,76,-28,28
22635,94,91,3,3
22636,116,136,-20,20
22637,62,83,-21,21
22638,240,237,3,3
22639,104,109,-5,5
22640,80,95,-15,15
22641,66,60,6,6
22642,100,97,3,3
22643,133,137,-4,4
22644,103,102,1,1
22645,137,151,-14,14
22646,165,160,5,5
22647,125,118,7,7
22648,86,76,10,10
22649,95,91,4,4
22650,103,118,-15,15
22651,140,125,15,15
22652,95,98,-3,3
22653,68,74,-6,6
22654,52,63,-11,11
22655,77,75,2,2
22656,121,117,4,4
22657,107,116,-9,9
22658,98,97,1,1
22659,100,95,5,5
22660,81,84,-3,3
22661,46,53,-7,7
22662,162,169,-7,7
22663,136,130,6,6
22664,85,93,-8,8
22665,83,77,6,6
22666,135,124,11,11
22667,39,48,-9,9
22668,61,61,0,0
22669,73,61,12,12
22670,87,75,12,12
22671,76,76,0,0
22672,84,113,-29,29
22673,94,87,7,7
22674,163,171,-8,8
22675,80,94,-14,14
22676,86,110,-24,24
22677,152,144,8,8
22678,100,112,-12,12
22679,75,74,1,1
22680,92,89,3,3
22681,84,80,4,4
22682,144,149,-5,5
22683,69,67,2,2
22684,109,117,-8,8
22685,109,93,16,16
22686,88,77,11,11
22687,67,74,-7,7
22688,115,110,5,5
22689,125,137,-12,12
22690,95,108,-13,13
22691,87,85,2,2
22692,98,102,-4,4
22693,83,102,-19,19
22694,101,106,-5,5
22695,51,56,-5,5
22696,108,110,-2,2
22697,136,144,-8,8
22698,208,226,-18,18
22699,121,120,1,1
22700,84,78,6,6
22701,86,85,1,1
22702,148,148,0,0
22703,110,126,-16,16
22704,117,117,0,0
22705,96,100,-4,4
22706,69,71,-2,2
22707,137,136,1,1
22708,66,64,2,2
22709,89,78,11,11
22710,44,49,-5,5
22711,136,135,1,1
22712,128,119,9,9
22713,73,74,-1,1
22714,155,163,-8,8
22715,89,80,9,9
22716,87,75,12,12
22717,147,143,4,4
22718,64,62,2,2
22719,37,44,-7,7
22720,122,117,5,5
22721,44,57,-13,13
22722,126,126,0,0
22723,60,75,-15,15
22724,148,151,-3,3
22725,134,138,-4,4
22726,87,83,4,4
22727,135,151,-16,16
22728,90,79,11,11
22729,60,61,-1,1
22730,86,77,9,9
22731,150,159,-9,9
22732,59,73,-14,14
22733,111,115,-4,4
22734,54,60,-6,6
22735,158,146,12,12
22736,135,121,14,14
22737,32,34,-2,2
22738,63,68,-5,5
22739,117,110,7,7
22740,83,89,-6,6
22741,54,54,0,0
22742,151,142,9,9
22743,64,69,-5,5
22744,44,52,-8,8
22745,138,138,0,0
22746,48,68,-20,20
22747,123,116,7,7
22748,97,100,-3,3
22749,59,66,-7,7
22750,96,101,-5,5
22751,19,51,-32,32
22752,112,114,-2,2
22753,131,155,-24,24
22754,153,155,-2,2
22755,100,102,-2,2
22756,183,184,-1,1
22757,121,117,4,4
22758,129,127,2,2
22759,93,109,-16,16
22760,89,93,-4,4
22761,92,87,5,5
22762,81,106,-25,25
22763,133,135,-2,2
22764,77,83,-6,6
22765,63,69,-6,6
22766,66,60,6,6
22767,74,83,-9,9
22768,150,164,-14,14
22769,76,94,-18,18
22770,68,85,-17,17
22771,73,74,-1,1
22772,93,87,6,6
22773,90,90,0,0
22774,81,98,-17,17
22775,59,63,-4,4
22776,160,146,14,14
22777,47,47,0,0
22778,109,133,-24,24
22779,133,129,4,4
22780,114,123,-9,9
22781,89,80,9,9
22782,86,81,5,5
22783,95,79,16,16
22784,149,164,-15,15
22785,86,84,2,2
22786,112,106,6,6
22787,61,110,-49,49
22788,32,45,-13,13
22789,141,146,-5,5
22790,106,103,3,3
22791,62,83,-21,21
22792,98,99,-1,1
22793,169,147,22,22
22794,75,88,-13,13
22795,113,120,-7,7
22796,69,73,-4,4
22797,54,66,-12,12
22798,72,81,-9,9
22799,140,147,-7,7
22800,86,89,-3,3
22801,106,108,-2,2
22802,81,84,-3,3
22803,109,102,7,7
22804,120,111,9,9
22805,103,88,15,15
22806,201,192,9,9
22807,115,137,-22,22
22808,94,80,14,14
22809,110,128,-18,18
22810,90,87,3,3
22811,117,115,2,2
22812,80,76,4,4
22813,136,140,-4,4
22814,95,108,-13,13
22815,121,106,15,15
22816,38,55,-17,17
22817,100,91,9,9
22818,83,90,-7,7
22819,102,108,-6,6
22820,100,98,2,2
22821,67,71,-4,4
22822,88,126,-38,38
22823,68,69,-1,1
22824,145,141,4,4
22825,86,87,-1,1
22826,107,92,15,15
22827,85,96,-11,11
22828,102,109,-7,7
22829,132,141,-9,9
22830,61,61,0,0
22831,70,65,5,5
22832,91,89,2,2
22833,139,143,-4,4
22834,51,46,5,5
22835,39,46,-7,7
22836,100,94,6,6
22837,93,92,1,1
22838,89,100,-11,11
22839,92,101,-9,9
22840,35,45,-10,10
22841,93,91,2,2
22842,64,59,5,5
22843,62,57,5,5
22844,102,93,9,9
22845,101,98,3,3
22846,93,93,0,0
22847,63,65,-2,2
22848,88,91,-3,3
22849,80,83,-3,3
22850,134,92,42,42
22851,77,80,-3,3
22852,73,76,-3,3
22853,57,63,-6,6
22854,118,92,26,26
22855,134,125,9,9
22856,127,134,-7,7
22857,88,84,4,4
22858,91,91,0,0
22859,110,110,0,0
22860,46,52,-6,6
22861,105,106,-1,1
22862,103,103,0,0
22863,108,105,3,3
22864,93,100,-7,7
22865,75,83,-8,8
22866,131,131,0,0
22867,130,134,-4,4
22868,89,91,-2,2
22869,49,108,-59,59
22870,120,122,-2,2
22871,151,175,-24,24
22872,92,94,-2,2
22873,77,74,3,3
22874,126,137,-11,11
22875,100,104,-4,4
22876,54,61,-7,7
22877,110,103,7,7
22878,133,143,-10,10
22879,119,128,-9,9
22880,126,122,4,4
22881,42,46,-4,4
22882,63,66,-3,3
22883,170,185,-15,15
22884,68,80,-12,12
22885,114,111,3,3
22886,115,97,18,18
22887,64,68,-4,4
22888,90,86,4,4
22889,126,112,14,14
22890,72,87,-15,15
22891,116,139,-23,23
22892,151,154,-3,3
22893,98,83,15,15
22894,135,134,1,1
22895,132,131,1,1
22896,166,162,4,4
22897,109,107,2,2
22898,73,66,7,7
22899,43,47,-4,4
22900,60,65,-5,5
22901,95,97,-2,2
22902,185,183,2,2
22903,116,123,-7,7
22904,120,119,1,1
22905,117,112,5,5
22906,80,97,-17,17
22907,54,64,-10,10
22908,94,93,1,1
22909,104,110,-6,6
22910,167,181,-14,14
22911,183,191,-8,8
22912,125,133,-8,8
22913,67,74,-7,7
22914,127,116,11,11
22915,108,116,-8,8
22916,110,110,0,0
22917,72,71,1,1
22918,76,82,-6,6
22919,60,70,-10,10
22920,127,115,12,12
22921,60,56,4,4
22922,117,116,1,1
22923,62,63,-1,1
22924,98,92,6,6
22925,64,68,-4,4
22926,90,91,-1,1
22927,155,152,3,3
22928,69,70,-1,1
22929,91,86,5,5
22930,91,82,9,9
22931,97,95,2,2
22932,116,112,4,4
22933,100,103,-3,3
22934,81,93,-12,12
22935,77,81,-4,4
22936,46,52,-6,6
22937,86,104,-18,18
22938,98,90,8,8
22939,128,104,24,24
22940,53,63,-10,10
22941,86,88,-2,2
22942,106,112,-6,6
22943,118,115,3,3
22944,132,137,-5,5
22945,179,182,-3,3
22946,72,68,4,4
22947,57,53,4,4
22948,159,154,5,5
22949,56,59,-3,3
22950,90,101,-11,11
22951,84,83,1,1
22952,120,129,-9,9
22953,99,91,8,8
22954,121,115,6,6
22955,96,99,-3,3
22956,46,64,-18,18
22957,84,91,-7,7
22958,79,80,-1,1
22959,165,156,9,9
22960,72,81,-9,9
22961,75,78,-3,3
22962,116,121,-5,5
22963,117,113,4,4
22964,95,90,5,5
22965,138,121,17,17
22966,64,68,-4,4
22967,70,73,-3,3
22968,51,50,1,1
22969,74,80,-6,6
22970,105,112,-7,7
22971,137,143,-6,6
22972,93,94,-1,1
22973,72,79,-7,7
22974,83,87,-4,4
22975,113,111,2,2
22976,97,96,1,1
22977,76,75,1,1
22978,65,67,-2,2
22979,159,164,-5,5
22980,72,74,-2,2
22981,127,127,0,0
22982,94,94,0,0
22983,83,80,3,3
22984,84,92,-8,8
22985,60,65,-5,5
22986,100,107,-7,7
22987,108,111,-3,3
22988,118,123,-5,5
22989,76,69,7,7
22990,87,73,14,14
22991,50,48,2,2
22992,38,44,-6,6
22993,146,134,12,12
22994,114,115,-1,1
22995,52,56,-4,4
22996,84,91,-7,7
22997,122,134,-12,12
22998,102,103,-1,1
22999,181,176,5,5
23000,98,89,9,9
23001,39,47,-8,8
23002,84,77,7,7
23003,145,117,28,28
23004,124,134,-10,10
23005,110,127,-17,17
23006,57,58,-1,1
23007,88,86,2,2
23008,64,73,-9,9
23009,195,201,-6,6
23010,131,139,-8,8
23011,124,129,-5,5
23012,79,106,-27,27
23013,66,72,-6,6
23014,100,111,-11,11
23015,82,80,2,2
23016,81,88,-7,7
23017,85,83,2,2
23018,192,202,-10,10
23019,112,121,-9,9
23020,166,162,4,4
23021,101,103,-2,2
23022,82,73,9,9
23023,89,77,12,12
23024,94,90,4,4
23025,79,90,-11,11
23026,108,117,-9,9
23027,117,116,1,1
23028,123,119,4,4
23029,81,77,4,4
23030,87,83,4,4
23031,66,72,-6,6
23032,35,41,-6,6
23033,102,100,2,2
23034,145,137,8,8
23035,62,60,2,2
23036,121,118,3,3
23037,69,69,0,0
23038,142,135,7,7
23039,74,63,11,11
23040,92,93,-1,1
23041,63,61,2,2
23042,71,79,-8,8
23043,148,140,8,8
23044,72,83,-11,11
23045,75,77,-2,2
23046,118,116,2,2
23047,103,106,-3,3
23048,136,120,16,16
23049,126,142,-16,16
23050,93,102,-9,9
23051,101,103,-2,2
23052,133,125,8,8
23053,83,96,-13,13
23054,91,92,-1,1
23055,52,51,1,1
23056,100,103,-3,3
23057,88,89,-1,1
23058,80,92,-12,12
23059,83,100,-17,17
23060,90,85,5,5
23061,69,82,-13,13
23062,85,78,7,7
23063,107,102,5,5
23064,103,102,1,1
23065,60,61,-1,1
23066,152,167,-15,15
23067,40,45,-5,5
23068,87,88,-1,1
23069,78,80,-2,2
23070,145,154,-9,9
23071,47,48,-1,1
23072,139,132,7,7
23073,94,93,1,1
23074,138,150,-12,12
23075,115,99,16,16
23076,94,100,-6,6
23077,106,111,-5,5
23078,85,87,-2,2
23079,82,77,5,5
23080,61,64,-3,3
23081,160,147,13,13
23082,157,168,-11,11
23083,87,93,-6,6
23084,135,124,11,11
23085,120,101,19,19
23086,104,97,7,7
23087,165,154,11,11
23088,88,89,-1,1
23089,67,75,-8,8
23090,87,88,-1,1
23091,66,72,-6,6
23092,74,75,-1,1
23093,76,79,-3,3
23094,62,71,-9,9
23095,79,81,-2,2
23096,91,94,-3,3
23097,70,71,-1,1
23098,148,144,4,4
23099,135,131,4,4
23100,74,84,-10,10
23101,78,78,0,0
23102,93,99,-6,6
23103,124,103,21,21
23104,129,143,-14,14
23105,98,90,8,8
23106,72,73,-1,1
23107,53,65,-12,12
23108,138,136,2,2
23109,184,159,25,25
23110,85,88,-3,3
23111,82,89,-7,7
23112,105,117,-12,12
23113,99,102,-3,3
23114,65,65,0,0
23115,73,71,2,2
23116,66,66,0,0
23117,102,105,-3,3
23118,85,78,7,7
23119,188,194,-6,6
23120,81,218,-137,137
23121,124,126,-2,2
23122,59,62,-3,3
23123,108,110,-2,2
23124,92,89,3,3
23125,100,96,4,4
23126,105,104,1,1
23127,93,101,-8,8
23128,155,155,0,0
23129,71,67,4,4
23130,65,58,7,7
23131,94,89,5,5
23132,122,136,-14,14
23133,70,69,1,1
23134,65,67,-2,2
23135,160,164,-4,4
23136,115,120,-5,5
23137,134,143,-9,9
23138,101,104,-3,3
23139,105,103,2,2
23140,93,99,-6,6
23141,94,87,7,7
23142,82,75,7,7
23143,90,90,0,0
23144,78,72,6,6
23145,145,149,-4,4
23146,120,121,-1,1
23147,94,96,-2,2
23148,95,87,8,8
23149,115,134,-19,19
23150,49,53,-4,4
23151,134,140,-6,6
23152,88,82,6,6
23153,82,87,-5,5
23154,67,81,-14,14
23155,71,68,3,3
23156,56,74,-18,18
23157,88,89,-1,1
23158,34,50,-16,16
23159,62,75,-13,13
23160,82,91,-9,9
23161,111,119,-8,8
23162,48,54,-6,6
23163,102,109,-7,7
23164,143,135,8,8
23165,47,50,-3,3
23166,76,80,-4,4
23167,119,115,4,4
23168,64,63,1,1
23169,72,69,3,3
23170,141,129,12,12
23171,64,62,2,2
23172,127,109,18,18
23173,72,74,-2,2
23174,111,108,3,3
23175,104,83,21,21
23176,77,87,-10,10
23177,133,131,2,2
23178,113,113,0,0
23179,110,111,-1,1
23180,89,89,0,0
23181,125,130,-5,5
23182,127,114,13,13
23183,68,63,5,5
23184,99,110,-11,11
23185,86,86,0,0
23186,111,114,-3,3
23187,118,114,4,4
23188,74,75,-1,1
23189,132,130,2,2
23190,99,95,4,4
23191,139,146,-7,7
23192,107,113,-6,6
23193,70,80,-10,10
23194,77,72,5,5
23195,101,112,-11,11
23196,103,106,-3,3
23197,86,86,0,0
23198,104,99,5,5
23199,100,90,10,10
23200,150,142,8,8
23201,69,66,3,3
23202,129,130,-1,1
23203,162,164,-2,2
23204,111,117,-6,6
23205,133,128,5,5
23206,87,89,-2,2
23207,74,87,-13,13
23208,95,104,-9,9
23209,110,123,-13,13
23210,124,126,-2,2
23211,155,149,6,6
23212,74,65,9,9
23213,80,69,11,11
23214,90,86,4,4
23215,100,99,1,1
23216,112,94,18,18
23217,81,70,11,11
23218,73,81,-8,8
23219,122,122,0,0
23220,130,130,0,0
23221,129,127,2,2
23222,123,121,2,2
23223,84,89,-5,5
23224,63,69,-6,6
23225,144,139,5,5
23226,91,162,-71,71
23227,66,70,-4,4
23228,95,97,-2,2
23229,129,129,0,0
23230,75,80,-5,5
23231,152,193,-41,41
23232,119,142,-23,23
23233,107,108,-1,1
23234,184,178,6,6
23235,84,87,-3,3
23236,123,118,5,5
23237,167,151,16,16
23238,59,57,2,2
23239,68,72,-4,4
23240,119,116,3,3
23241,77,85,-8,8
23242,70,77,-7,7
23243,79,76,3,3
23244,114,126,-12,12
23245,75,75,0,0
23246,64,61,3,3
23247,127,124,3,3
23248,52,57,-5,5
23249,67,64,3,3
23250,73,75,-2,2
23251,85,84,1,1
23252,63,73,-10,10
23253,88,80,8,8
23254,89,108,-19,19
23255,133,118,15,15
23256,82,83,-1,1
23257,115,110,5,5
23258,97,103,-6,6
23259,81,91,-10,10
23260,102,98,4,4
23261,68,63,5,5
23262,64,63,1,1
23263,70,65,5,5
23264,73,82,-9,9
23265,59,64,-5,5
23266,136,154,-18,18
23267,103,109,-6,6
23268,137,124,13,13
23269,73,76,-3,3
23270,83,81,2,2
23271,95,87,8,8
23272,138,130,8,8
23273,86,68,18,18
23274,66,85,-19,19
23275,134,147,-13,13
23276,116,120,-4,4
23277,70,76,-6,6
23278,118,113,5,5
23279,131,134,-3,3
23280,40,65,-25,25
23281,82,87,-5,5
23282,78,74,4,4
23283,97,86,11,11
23284,89,95,-6,6
23285,133,128,5,5
23286,76,77,-1,1
23287,152,139,13,13
23288,92,88,4,4
23289,62,63,-1,1
23290,179,162,17,17
23291,127,123,4,4
23292,115,116,-1,1
23293,54,65,-11,11
23294,136,118,18,18
23295,76,83,-7,7
23296,62,63,-1,1
23297,78,84,-6,6
23298,182,167,15,15
23299,67,67,0,0
23300,110,99,11,11
23301,92,85,7,7
23302,150,141,9,9
23303,122,132,-10,10
23304,62,71,-9,9
23305,109,101,8,8
23306,123,126,-3,3
23307,107,119,-12,12
23308,50,61,-11,11
23309,62,68,-6,6
23310,115,115,0,0
23311,41,55,-14,14
23312,106,102,4,4
23313,58,63,-5,5
23314,67,67,0,0
23315,64,62,2,2
23316,71,80,-9,9
23317,83,105,-22,22
23318,157,179,-22,22
23319,90,94,-4,4
23320,100,108,-8,8
23321,92,101,-9,9
23322,87,105,-18,18
23323,76,92,-16,16
23324,101,110,-9,9
23325,56,52,4,4
23326,65,72,-7,7
23327,70,72,-2,2
23328,57,60,-3,3
23329,112,148,-36,36
23330,50,64,-14,14
23331,47,59,-12,12
23332,140,160,-20,20
23333,51,55,-4,4
23334,61,70,-9,9
23335,78,81,-3,3
23336,70,66,4,4
23337,98,91,7,7
23338,152,139,13,13
23339,99,105,-6,6
23340,93,100,-7,7
23341,90,89,1,1
23342,51,58,-7,7
23343,94,96,-2,2
23344,82,89,-7,7
23345,137,97,40,40
23346,85,93,-8,8
23347,131,145,-14,14
23348,110,99,11,11
23349,70,68,2,2
23350,99,109,-10,10
23351,146,147,-1,1
23352,37,39,-2,2
23353,94,99,-5,5
23354,124,126,-2,2
23355,91,118,-27,27
23356,85,91,-6,6
23357,58,59,-1,1
23358,78,79,-1,1
23359,62,80,-18,18
23360,51,57,-6,6
23361,85,94,-9,9
23362,64,69,-5,5
23363,108,120,-12,12
23364,89,97,-8,8
23365,120,124,-4,4
23366,131,120,11,11
23367,50,56,-6,6
23368,109,112,-3,3
23369,82,80,2,2
23370,115,107,8,8
23371,121,114,7,7
23372,193,199,-6,6
23373,66,63,3,3
23374,125,124,1,1
23375,64,75,-11,11
23376,105,99,6,6
23377,47,51,-4,4
23378,57,81,-24,24
23379,105,99,6,6
23380,124,128,-4,4
23381,90,92,-2,2
23382,126,116,10,10
23383,89,96,-7,7
23384,122,120,2,2
23385,116,117,-1,1
23386,80,73,7,7
23387,92,88,4,4
23388,62,86,-24,24
23389,144,149,-5,5
23390,45,57,-12,12
23391,139,142,-3,3
23392,117,120,-3,3
23393,99,102,-3,3
23394,98,96,2,2
23395,87,96,-9,9
23396,171,146,25,25
23397,127,110,17,17
23398,114,104,10,10
23399,100,108,-8,8
23400,71,88,-17,17
23401,143,132,11,11
23402,84,92,-8,8
23403,89,84,5,5
23404,85,92,-7,7
23405,69,74,-5,5
23406,145,160,-15,15
23407,115,125,-10,10
23408,116,119,-3,3
23409,114,118,-4,4
23410,58,59,-1,1
23411,79,75,4,4
23412,73,73,0,0
23413,114,124,-10,10
23414,140,149,-9,9
23415,92,100,-8,8
23416,111,116,-5,5
23417,131,147,-16,16
23418,76,79,-3,3
23419,94,96,-2,2
23420,91,104,-13,13
23421,76,70,6,6
23422,115,111,4,4
23423,65,68,-3,3
23424,113,123,-10,10
23425,85,92,-7,7
23426,214,243,-29,29
23427,211,214,-3,3
23428,41,57,-16,16
23429,78,76,2,2
23430,161,157,4,4
23431,79,84,-5,5
23432,51,54,-3,3
23433,103,113,-10,10
23434,73,77,-4,4
23435,55,65,-10,10
23436,136,107,29,29
23437,131,139,-8,8
23438,77,81,-4,4
23439,80,77,3,3
23440,110,119,-9,9
23441,54,59,-5,5
23442,111,126,-15,15
23443,84,91,-7,7
23444,70,66,4,4
23445,70,71,-1,1
23446,106,101,5,5
23447,97,101,-4,4
23448,100,97,3,3
23449,135,122,13,13
23450,86,95,-9,9
23451,42,41,1,1
23452,132,143,-11,11
23453,73,70,3,3
23454,125,127,-2,2
23455,83,89,-6,6
23456,125,129,-4,4
23457,120,123,-3,3
23458,110,112,-2,2
23459,197,185,12,12
23460,111,111,0,0
23461,86,95,-9,9
23462,76,73,3,3
23463,150,145,5,5
23464,115,114,1,1
23465,89,102,-13,13
23466,176,159,17,17
23467,64,72,-8,8
23468,120,121,-1,1
23469,121,122,-1,1
23470,64,82,-18,18
23471,49,62,-13,13
23472,70,67,3,3
23473,112,109,3,3
23474,89,100,-11,11
23475,107,102,5,5
23476,155,161,-6,6
23477,73,80,-7,7
23478,129,130,-1,1
23479,161,154,7,7
23480,89,87,2,2
23481,113,114,-1,1
23482,99,82,17,17
23483,127,131,-4,4
23484,115,114,1,1
23485,78,81,-3,3
23486,155,173,-18,18
23487,54,53,1,1
23488,89,90,-1,1
23489,115,101,14,14
23490,82,83,-1,1
23491,165,167,-2,2
23492,90,87,3,3
23493,87,85,2,2
23494,115,117,-2,2
23495,70,68,2,2
23496,85,85,0,0
23497,101,96,5,5
23498,118,145,-27,27
23499,135,121,14,14
23500,74,73,1,1
23501,108,131,-23,23
23502,134,135,-1,1
23503,109,108,1,1
23504,77,75,2,2
23505,71,66,5,5
23506,78,76,2,2
23507,125,116,9,9
23508,90,81,9,9
23509,47,49,-2,2
23510,89,86,3,3
23511,102,96,6,6
23512,94,93,1,1
23513,137,144,-7,7
23514,110,101,9,9
23515,100,107,-7,7
23516,125,122,3,3
23517,57,93,-36,36
23518,120,109,11,11
23519,149,149,0,0
23520,69,78,-9,9
23521,91,100,-9,9
23522,69,71,-2,2
23523,143,141,2,2
23524,112,109,3,3
23525,108,98,10,10
23526,83,94,-11,11
23527,102,112,-10,10
23528,55,56,-1,1
23529,101,98,3,3
23530,39,42,-3,3
23531,173,184,-11,11
23532,98,94,4,4
23533,136,131,5,5
23534,62,64,-2,2
23535,188,164,24,24
23536,98,99,-1,1
23537,132,131,1,1
23538,89,102,-13,13
23539,106,114,-8,8
23540,101,121,-20,20
23541,150,149,1,1
23542,194,183,11,11
23543,108,118,-10,10
23544,78,87,-9,9
23545,70,66,4,4
23546,93,98,-5,5
23547,65,74,-9,9
23548,113,103,10,10
23549,129,128,1,1
23550,94,96,-2,2
23551,108,105,3,3
23552,90,92,-2,2
23553,68,70,-2,2
23554,98,103,-5,5
23555,96,95,1,1
23556,85,96,-11,11
23557,137,140,-3,3
23558,112,116,-4,4
23559,168,162,6,6
23560,87,98,-11,11
23561,134,130,4,4
23562,75,79,-4,4
23563,135,134,1,1
23564,81,85,-4,4
23565,96,108,-12,12
23566,91,98,-7,7
23567,104,100,4,4
23568,105,99,6,6
23569,56,59,-3,3
23570,111,108,3,3
23571,56,71,-15,15
23572,62,62,0,0
23573,103,104,-1,1
23574,144,156,-12,12
23575,101,102,-1,1
23576,79,79,0,0
23577,102,100,2,2
23578,121,120,1,1
23579,140,139,1,1
23580,135,138,-3,3
23581,80,75,5,5
23582,51,62,-11,11
23583,152,142,10,10
23584,94,93,1,1
23585,52,48,4,4
23586,78,81,-3,3
23587,82,83,-1,1
23588,75,73,2,2
23589,117,132,-15,15
23590,136,127,9,9
23591,92,89,3,3
23592,55,53,2,2
23593,126,120,6,6
23594,55,58,-3,3
23595,43,54,-11,11
23596,83,94,-11,11
23597,116,130,-14,14
23598,113,119,-6,6
23599,60,63,-3,3
23600,100,93,7,7
23601,100,111,-11,11
23602,113,117,-4,4
23603,123,147,-24,24
23604,69,75,-6,6
23605,113,134,-21,21
23606,71,83,-12,12
23607,132,130,2,2
23608,151,151,0,0
23609,57,59,-2,2
23610,105,103,2,2
23611,188,170,18,18
23612,79,75,4,4
23613,151,157,-6,6
23614,137,134,3,3
23615,42,62,-20,20
23616,144,140,4,4
23617,41,46,-5,5
23618,82,82,0,0
23619,91,87,4,4
23620,65,69,-4,4
23621,65,68,-3,3
23622,103,107,-4,4
23623,116,121,-5,5
23624,149,155,-6,6
23625,202,191,11,11
23626,61,64,-3,3
23627,78,79,-1,1
23628,154,141,13,13
23629,87,92,-5,5
23630,93,86,7,7
23631,134,118,16,16
23632,116,124,-8,8
23633,124,132,-8,8
23634,148,152,-4,4
23635,140,139,1,1
23636,69,64,5,5
23637,107,106,1,1
23638,99,96,3,3
23639,137,133,4,4
23640,165,149,16,16
23641,102,94,8,8
23642,116,114,2,2
23643,95,74,21,21
23644,86,108,-22,22
23645,88,102,-14,14
23646,108,107,1,1
23647,153,157,-4,4
23648,69,70,-1,1
23649,76,76,0,0
23650,103,103,0,0
23651,79,97,-18,18
23652,129,114,15,15
23653,87,90,-3,3
23654,67,69,-2,2
23655,81,82,-1,1
23656,118,120,-2,2
23657,69,64,5,5
23658,63,70,-7,7
23659,77,72,5,5
23660,113,113,0,0
23661,143,148,-5,5
23662,57,59,-2,2
23663,86,96,-10,10
23664,36,68,-32,32
23665,128,105,23,23
23666,111,114,-3,3
23667,68,74,-6,6
23668,60,70,-10,10
23669,90,88,2,2
23670,99,101,-2,2
23671,80,77,3,3
23672,79,90,-11,11
23673,84,97,-13,13
23674,77,68,9,9
23675,132,136,-4,4
23676,94,82,12,12
23677,95,103,-8,8
23678,67,69,-2,2
23679,134,130,4,4
23680,148,156,-8,8
23681,92,93,-1,1
23682,85,82,3,3
23683,69,81,-12,12
23684,107,121,-14,14
23685,113,133,-20,20
23686,49,55,-6,6
23687,31,50,-19,19
23688,72,74,-2,2
23689,135,143,-8,8
23690,126,118,8,8
23691,67,75,-8,8
23692,70,86,-16,16
23693,64,67,-3,3
23694,70,67,3,3
23695,88,80,8,8
23696,66,73,-7,7
23697,80,90,-10,10
23698,82,92,-10,10
23699,85,89,-4,4
23700,128,137,-9,9
23701,116,118,-2,2
23702,74,69,5,5
23703,107,104,3,3
23704,74,71,3,3
23705,133,121,12,12
23706,91,89,2,2
23707,100,102,-2,2
23708,90,84,6,6
23709,41,45,-4,4
23710,117,116,1,1
23711,91,97,-6,6
23712,108,121,-13,13
23713,61,72,-11,11
23714,201,199,2,2
23715,112,114,-2,2
23716,62,64,-2,2
23717,70,76,-6,6
23718,79,83,-4,4
23719,85,79,6,6
23720,138,131,7,7
23721,132,135,-3,3
23722,46,61,-15,15
23723,172,172,0,0
23724,120,113,7,7
23725,120,120,0,0
23726,96,105,-9,9
23727,108,100,8,8
23728,125,128,-3,3
23729,72,81,-9,9
23730,110,100,10,10
23731,51,52,-1,1
23732,127,126,1,1
23733,109,120,-11,11
23734,70,66,4,4
23735,91,96,-5,5
23736,53,60,-7,7
23737,195,200,-5,5
23738,63,73,-10,10
23739,97,109,-12,12
23740,109,105,4,4
23741,116,132,-16,16
23742,52,72,-20,20
23743,66,88,-22,22
23744,70,69,1,1
23745,143,150,-7,7
23746,61,119,-58,58
23747,105,98,7,7
23748,58,55,3,3
23749,141,148,-7,7
23750,64,62,2,2
23751,126,124,2,2
23752,154,154,0,0
23753,103,99,4,4
23754,54,53,1,1
23755,100,103,-3,3
23756,99,99,0,0
23757,84,90,-6,6
23758,67,68,-1,1
23759,51,64,-13,13
23760,118,119,-1,1
23761,139,131,8,8
23762,83,102,-19,19
23763,127,129,-2,2
23764,98,95,3,3
23765,86,80,6,6
23766,53,55,-2,2
23767,111,119,-8,8
23768,82,87,-5,5
23769,101,93,8,8
23770,79,83,-4,4
23771,82,89,-7,7
23772,101,94,7,7
23773,172,159,13,13
23774,49,54,-5,5
23775,144,144,0,0
23776,79,80,-1,1
23777,71,78,-7,7
23778,109,115,-6,6
23779,97,98,-1,1
23780,134,134,0,0
23781,139,161,-22,22
23782,103,87,16,16
23783,104,100,4,4
23784,45,54,-9,9
23785,124,139,-15,15
23786,77,87,-10,10
23787,92,90,2,2
23788,54,70,-16,16
23789,96,106,-10,10
23790,77,85,-8,8
23791,99,92,7,7
23792,46,56,-10,10
23793,128,122,6,6
23794,114,124,-10,10
23795,183,185,-2,2
23796,74,77,-3,3
23797,152,141,11,11
23798,95,95,0,0
23799,84,75,9,9
23800,103,97,6,6
23801,118,110,8,8
23802,82,98,-16,16
23803,161,180,-19,19
23804,93,85,8,8
23805,91,87,4,4
23806,106,107,-1,1
23807,91,89,2,2
23808,52,69,-17,17
23809,89,87,2,2
23810,80,89,-9,9
23811,112,124,-12,12
23812,69,67,2,2
23813,68,65,3,3
23814,219,224,-5,5
23815,89,94,-5,5
23816,127,127,0,0
23817,84,92,-8,8
23818,85,87,-2,2
23819,28,41,-13,13
23820,141,133,8,8
23821,92,102,-10,10
23822,130,130,0,0
23823,59,65,-6,6
23824,143,128,15,15
23825,145,140,5,5
23826,73,75,-2,2
23827,177,192,-15,15
23828,169,150,19,19
23829,54,63,-9,9
23830,128,117,11,11
23831,52,58,-6,6
23832,129,133,-4,4
23833,99,107,-8,8
23834,119,103,16,16
23835,75,79,-4,4
23836,119,105,14,14
23837,103,93,10,10
23838,130,136,-6,6
23839,119,111,8,8
23840,100,94,6,6
23841,159,172,-13,13
23842,75,77,-2,2
23843,86,92,-6,6
23844,123,123,0,0
23845,74,75,-1,1
23846,50,59,-9,9
23847,57,58,-1,1
23848,50,53,-3,3
23849,71,76,-5,5
23850,96,96,0,0
23851,76,73,3,3
23852,130,123,7,7
23853,62,67,-5,5
23854,92,87,5,5
23855,98,112,-14,14
23856,67,59,8,8
23857,231,237,-6,6
23858,68,59,9,9
23859,59,63,-4,4
23860,82,69,13,13
23861,67,74,-7,7
23862,88,76,12,12
23863,138,122,16,16
23864,81,69,12,12
23865,117,116,1,1
23866,67,70,-3,3
23867,57,59,-2,2
23868,53,55,-2,2
23869,87,91,-4,4
23870,123,131,-8,8
23871,128,127,1,1
23872,80,75,5,5
23873,95,95,0,0
23874,105,110,-5,5
23875,92,91,1,1
23876,97,94,3,3
23877,96,102,-6,6
23878,114,104,10,10
23879,57,58,-1,1
23880,174,165,9,9
23881,98,94,4,4
23882,96,86,10,10
23883,34,49,-15,15
23884,53,62,-9,9
23885,70,72,-2,2
23886,100,112,-12,12
23887,112,117,-5,5
23888,86,93,-7,7
23889,106,107,-1,1
23890,75,81,-6,6
23891,97,109,-12,12
23892,93,96,-3,3
23893,105,75,30,30
23894,108,110,-2,2
23895,137,123,14,14
23896,99,109,-10,10
23897,71,77,-6,6
23898,157,166,-9,9
23899,111,113,-2,2
23900,102,95,7,7
23901,144,142,2,2
23902,86,85,1,1
23903,63,75,-12,12
23904,97,94,3,3
23905,30,44,-14,14
23906,77,79,-2,2
23907,111,106,5,5
23908,77,78,-1,1
23909,41,39,2,2
23910,82,90,-8,8
23911,144,146,-2,2
23912,117,110,7,7
23913,94,90,4,4
23914,58,64,-6,6
23915,101,100,1,1
23916,105,96,9,9
23917,99,108,-9,9
23918,88,89,-1,1
23919,69,79,-10,10
23920,67,66,1,1
23921,51,64,-13,13
23922,120,120,0,0
23923,60,72,-12,12
23924,90,88,2,2
23925,81,80,1,1
23926,163,174,-11,11
23927,142,142,0,0
23928,65,65,0,0
23929,156,153,3,3
23930,52,59,-7,7
23931,74,70,4,4
23932,115,115,0,0
23933,126,137,-11,11
23934,48,52,-4,4
23935,129,138,-9,9
23936,160,160,0,0
23937,110,129,-19,19
23938,121,132,-11,11
23939,97,92,5,5
23940,110,142,-32,32
23941,135,137,-2,2
23942,153,158,-5,5
23943,103,129,-26,26
23944,103,103,0,0
23945,119,119,0,0
23946,76,78,-2,2
23947,195,221,-26,26
23948,57,62,-5,5
23949,59,75,-16,16
23950,146,158,-12,12
23951,91,81,10,10
23952,101,98,3,3
23953,240,209,31,31
23954,88,91,-3,3
23955,83,76,7,7
23956,77,79,-2,2
23957,82,78,4,4
23958,82,97,-15,15
23959,119,109,10,10
23960,106,98,8,8
23961,101,115,-14,14
23962,78,83,-5,5
23963,82,77,5,5
23964,82,83,-1,1
23965,126,120,6,6
23966,87,96,-9,9
23967,96,102,-6,6
23968,68,70,-2,2
23969,100,92,8,8
23970,71,85,-14,14
23971,91,103,-12,12
23972,118,120,-2,2
23973,93,97,-4,4
23974,87,89,-2,2
23975,75,85,-10,10
23976,64,63,1,1
23977,94,85,9,9
23978,45,55,-10,10
23979,97,87,10,10
23980,115,114,1,1
23981,84,99,-15,15
23982,139,131,8,8
23983,155,171,-16,16
23984,65,71,-6,6
23985,72,73,-1,1
23986,65,67,-2,2
23987,45,65,-20,20
23988,92,96,-4,4
23989,148,141,7,7
23990,163,150,13,13
23991,80,74,6,6
23992,131,125,6,6
23993,74,89,-15,15
23994,62,66,-4,4
23995,65,66,-1,1
23996,110,102,8,8
23997,119,88,31,31
23998,110,107,3,3
23999,89,102,-13,13
24000,104,123,-19,19
24001,110,122,-12,12
24002,83,76,7,7
24003,134,137,-3,3
24004,110,118,-8,8
24005,74,88,-14,14
24006,152,158,-6,6
24007,103,108,-5,5
24008,47,52,-5,5
24009,104,100,4,4
24010,59,61,-2,2
24011,76,63,13,13
24012,82,96,-14,14
24013,100,106,-6,6
24014,127,126,1,1
24015,70,72,-2,2
24016,71,81,-10,10
24017,83,102,-19,19
24018,80,82,-2,2
24019,102,105,-3,3
24020,70,83,-13,13
24021,89,97,-8,8
24022,75,76,-1,1
24023,104,101,3,3
24024,84,75,9,9
24025,56,57,-1,1
24026,55,68,-13,13
24027,141,158,-17,17
24028,82,86,-4,4
24029,182,168,14,14
24030,154,167,-13,13
24031,86,86,0,0
24032,78,80,-2,2
24033,91,96,-5,5
24034,115,122,-7,7
24035,112,121,-9,9
24036,98,122,-24,24
24037,83,81,2,2
24038,58,60,-2,2
24039,72,78,-6,6
24040,46,55,-9,9
24041,54,61,-7,7
24042,99,105,-6,6
24043,100,130,-30,30
24044,114,117,-3,3
24045,56,56,0,0
24046,49,55,-6,6
24047,63,44,19,19
24048,63,64,-1,1
24049,72,73,-1,1
24050,97,95,2,2
24051,59,64,-5,5
24052,123,135,-12,12
24053,109,120,-11,11
24054,108,105,3,3
24055,95,106,-11,11
24056,94,94,0,0
24057,59,62,-3,3
24058,80,86,-6,6
24059,140,144,-4,4
24060,102,110,-8,8
24061,65,68,-3,3
24062,117,119,-2,2
24063,63,63,0,0
24064,77,89,-12,12
24065,137,101,36,36
24066,114,117,-3,3
24067,78,74,4,4
24068,45,47,-2,2
24069,84,92,-8,8
24070,96,93,3,3
24071,62,72,-10,10
24072,67,76,-9,9
24073,178,162,16,16
24074,78,97,-19,19
24075,112,109,3,3
24076,99,83,16,16
24077,94,99,-5,5
24078,86,71,15,15
24079,116,113,3,3
24080,64,64,0,0
24081,51,48,3,3
24082,176,149,27,27
24083,120,117,3,3
24084,121,111,10,10
24085,84,89,-5,5
24086,108,108,0,0
24087,97,100,-3,3
24088,91,94,-3,3
24089,117,123,-6,6
24090,102,93,9,9
24091,53,47,6,6
24092,82,80,2,2
24093,63,67,-4,4
24094,50,88,-38,38
24095,121,117,4,4
24096,33,44,-11,11
24097,75,74,1,1
24098,98,105,-7,7
24099,95,92,3,3
24100,94,82,12,12
24101,43,69,-26,26
24102,88,102,-14,14
24103,72,79,-7,7
24104,118,118,0,0
24105,76,83,-7,7
24106,58,60,-2,2
24107,104,84,20,20
24108,115,122,-7,7
24109,63,61,2,2
24110,105,113,-8,8
24111,59,58,1,1
24112,58,57,1,1
24113,146,140,6,6
24114,82,84,-2,2
24115,114,127,-13,13
24116,95,93,2,2
24117,46,49,-3,3
24118,122,112,10,10
24119,78,79,-1,1
24120,97,99,-2,2
24121,111,115,-4,4
24122,161,151,10,10
24123,157,169,-12,12
24124,90,101,-11,11
24125,69,63,6,6
24126,78,76,2,2
24127,111,107,4,4
24128,56,70,-14,14
24129,83,69,14,14
24130,186,188,-2,2
24131,76,82,-6,6
24132,76,79,-3,3
24133,136,137,-1,1
24134,87,85,2,2
24135,87,82,5,5
24136,72,79,-7,7
24137,64,73,-9,9
24138,162,172,-10,10
24139,59,65,-6,6
24140,77,74,3,3
24141,58,62,-4,4
24142,65,59,6,6
24143,103,89,14,14
24144,74,88,-14,14
24145,83,79,4,4
24146,62,60,2,2
24147,115,101,14,14
24148,88,96,-8,8
24149,79,83,-4,4
24150,102,108,-6,6
24151,76,74,2,2
24152,72,83,-11,11
24153,127,135,-8,8
24154,57,62,-5,5
24155,123,132,-9,9
24156,108,108,0,0
24157,179,170,9,9
24158,56,85,-29,29
24159,129,142,-13,13
24160,76,87,-11,11
24161,160,138,22,22
24162,108,100,8,8
24163,65,69,-4,4
24164,80,74,6,6
24165,68,75,-7,7
24166,125,156,-31,31
24167,55,61,-6,6
24168,101,111,-10,10
24169,102,103,-1,1
24170,151,148,3,3
24171,98,134,-36,36
24172,72,81,-9,9
24173,124,129,-5,5
24174,113,104,9,9
24175,84,75,9,9
24176,51,59,-8,8
24177,73,73,0,0
24178,58,52,6,6
24179,103,106,-3,3
24180,89,78,11,11
24181,103,108,-5,5
24182,122,124,-2,2
24183,62,70,-8,8
24184,152,145,7,7
24185,49,58,-9,9
24186,76,76,0,0
24187,107,105,2,2
24188,63,88,-25,25
24189,132,127,5,5
24190,167,70,97,97
24191,105,102,3,3
24192,160,168,-8,8
24193,86,88,-2,2
24194,105,101,4,4
24195,88,90,-2,2
24196,102,96,6,6
24197,102,119,-17,17
24198,101,117,-16,16
24199,48,50,-2,2
24200,131,131,0,0
24201,45,50,-5,5
24202,100,102,-2,2
24203,77,78,-1,1
24204,131,146,-15,15
24205,106,106,0,0
24206,115,113,2,2
24207,140,136,4,4
24208,111,119,-8,8
24209,100,104,-4,4
24210,55,64,-9,9
24211,80,83,-3,3
24212,98,116,-18,18
24213,61,57,4,4
24214,106,104,2,2
24215,91,98,-7,7
24216,96,91,5,5
24217,88,86,2,2
24218,79,85,-6,6
24219,108,125,-17,17
24220,108,119,-11,11
24221,137,126,11,11
24222,110,104,6,6
24223,67,70,-3,3
24224,81,78,3,3
24225,74,74,0,0
24226,95,101,-6,6
24227,36,47,-11,11
24228,96,98,-2,2
24229,80,88,-8,8
24230,86,82,4,4
24231,145,158,-13,13
24232,163,163,0,0
24233,57,59,-2,2
24234,91,104,-13,13
24235,100,113,-13,13
24236,55,48,7,7
24237,118,120,-2,2
24238,183,188,-5,5
24239,79,87,-8,8
24240,82,72,10,10
24241,107,108,-1,1
24242,47,53,-6,6
24243,103,111,-8,8
24244,78,76,2,2
24245,114,125,-11,11
24246,127,124,3,3
24247,65,65,0,0
24248,149,161,-12,12
24249,72,69,3,3
24250,75,76,-1,1
24251,99,104,-5,5
24252,91,90,1,1
24253,50,61,-11,11
24254,116,118,-2,2
24255,150,137,13,13
24256,136,142,-6,6
24257,145,70,75,75
24258,64,71,-7,7
24259,81,83,-2,2
24260,76,67,9,9
24261,91,89,2,2
24262,64,64,0,0
24263,52,48,4,4
24264,85,93,-8,8
24265,93,98,-5,5
24266,80,93,-13,13
24267,84,87,-3,3
24268,71,71,0,0
24269,73,73,0,0
24270,54,71,-17,17
24271,87,82,5,5
24272,88,99,-11,11
24273,50,55,-5,5
24274,122,116,6,6
24275,98,98,0,0
24276,82,72,10,10
24277,173,165,8,8
24278,78,83,-5,5
24279,106,93,13,13
24280,103,117,-14,14
24281,78,77,1,1
24282,57,58,-1,1
24283,125,140,-15,15
24284,103,98,5,5
24285,100,98,2,2
24286,78,92,-14,14
24287,122,115,7,7
24288,122,143,-21,21
24289,135,124,11,11
24290,110,101,9,9
24291,174,159,15,15
24292,54,60,-6,6
24293,43,62,-19,19
24294,82,82,0,0
24295,91,90,1,1
24296,104,99,5,5
24297,148,139,9,9
24298,30,46,-16,16
24299,115,111,4,4
24300,122,118,4,4
24301,126,130,-4,4
24302,68,74,-6,6
24303,119,95,24,24
24304,124,138,-14,14
24305,81,60,21,21
24306,74,68,6,6
24307,75,79,-4,4
24308,57,63,-6,6
24309,92,92,0,0
24310,79,73,6,6
24311,118,125,-7,7
24312,62,67,-5,5
24313,86,76,10,10
24314,57,63,-6,6
24315,93,112,-19,19
24316,111,100,11,11
24317,77,84,-7,7
24318,66,74,-8,8
24319,142,110,32,32
24320,117,109,8,8
24321,48,53,-5,5
24322,195,187,8,8
24323,100,99,1,1
24324,103,74,29,29
24325,59,70,-11,11
24326,76,80,-4,4
24327,108,110,-2,2
24328,127,132,-5,5
24329,91,82,9,9
24330,67,73,-6,6
24331,157,144,13,13
24332,120,138,-18,18
24333,79,78,1,1
24334,95,95,0,0
24335,103,103,0,0
24336,126,127,-1,1
24337,73,99,-26,26
24338,53,61,-8,8
24339,126,134,-8,8
24340,78,77,1,1
24341,128,133,-5,5
24342,51,57,-6,6
24343,76,72,4,4
24344,130,138,-8,8
24345,87,98,-11,11
24346,76,88,-12,12
24347,71,70,1,1
24348,115,121,-6,6
24349,119,125,-6,6
24350,75,79,-4,4
24351,75,90,-15,15
24352,93,84,9,9
24353,128,139,-11,11
24354,127,164,-37,37
24355,94,103,-9,9
24356,133,128,5,5
24357,53,51,2,2
24358,146,149,-3,3
24359,117,134,-17,17
24360,74,77,-3,3
24361,126,127,-1,1
24362,41,46,-5,5
24363,143,146,-3,3
24364,90,88,2,2
24365,73,79,-6,6
24366,156,154,2,2
24367,72,71,1,1
24368,59,64,-5,5
24369,27,91,-64,64
24370,93,101,-8,8
24371,87,94,-7,7
24372,44,68,-24,24
24373,182,183,-1,1
24374,90,91,-1,1
24375,170,149,21,21
24376,128,136,-8,8
24377,102,74,28,28
24378,99,94,5,5
24379,106,107,-1,1
24380,86,80,6,6
24381,127,118,9,9
24382,99,88,11,11
24383,101,101,0,0
24384,155,105,50,50
24385,184,175,9,9
24386,98,96,2,2
24387,95,90,5,5
24388,108,140,-32,32
24389,103,108,-5,5
24390,147,151,-4,4
24391,100,101,-1,1
24392,76,100,-24,24
24393,308,280,28,28
24394,71,67,4,4
24395,80,83,-3,3
24396,88,83,5,5
24397,92,106,-14,14
24398,105,115,-10,10
24399,63,77,-14,14
24400,89,90,-1,1
24401,77,92,-15,15
24402,94,97,-3,3
24403,72,89,-17,17
24404,65,63,2,2
24405,132,138,-6,6
24406,90,90,0,0
24407,83,80,3,3
24408,35,74,-39,39
24409,163,161,2,2
24410,73,68,5,5
24411,117,120,-3,3
24412,87,86,1,1
24413,70,77,-7,7
24414,189,191,-2,2
24415,81,79,2,2
24416,59,69,-10,10
24417,110,122,-12,12
24418,103,113,-10,10
24419,89,99,-10,10
24420,90,78,12,12
24421,475,390,85,85
24422,66,58,8,8
24423,97,101,-4,4
24424,89,83,6,6
24425,106,101,5,5
24426,81,82,-1,1
24427,143,139,4,4
24428,113,118,-5,5
24429,83,92,-9,9
24430,276,290,-14,14
24431,88,84,4,4
24432,91,96,-5,5
24433,179,169,10,10
24434,175,142,33,33
24435,86,87,-1,1
24436,60,62,-2,2
24437,86,88,-2,2
24438,104,109,-5,5
24439,144,144,0,0
24440,93,90,3,3
24441,98,98,0,0
24442,59,71,-12,12
24443,112,154,-42,42
24444,98,111,-13,13
24445,60,64,-4,4
24446,72,76,-4,4
24447,42,55,-13,13
24448,57,57,0,0
24449,138,130,8,8
24450,99,100,-1,1
24451,134,138,-4,4
24452,96,86,10,10
24453,101,90,11,11
24454,88,81,7,7
24455,79,85,-6,6
24456,61,59,2,2
24457,77,66,11,11
24458,119,124,-5,5
24459,124,115,9,9
24460,77,84,-7,7
24461,81,83,-2,2
24462,70,70,0,0
24463,120,137,-17,17
24464,90,103,-13,13
24465,88,95,-7,7
24466,49,64,-15,15
24467,70,67,3,3
24468,90,87,3,3
24469,70,65,5,5
24470,119,110,9,9
24471,99,103,-4,4
24472,79,86,-7,7
24473,112,116,-4,4
24474,63,73,-10,10
24475,40,47,-7,7
24476,145,140,5,5
24477,82,78,4,4
24478,87,88,-1,1
24479,75,65,10,10
24480,71,71,0,0
24481,84,82,2,2
24482,85,78,7,7
24483,101,98,3,3
24484,111,106,5,5
24485,90,95,-5,5
24486,63,63,0,0
24487,174,193,-19,19
24488,106,102,4,4
24489,64,75,-11,11
24490,33,47,-14,14
24491,100,111,-11,11
24492,185,170,15,15
24493,68,71,-3,3
24494,29,44,-15,15
24495,45,51,-6,6
24496,58,65,-7,7
24497,120,115,5,5
24498,124,118,6,6
24499,70,63,7,7
24500,104,117,-13,13
24501,101,97,4,4
24502,92,95,-3,3
24503,81,78,3,3
24504,59,56,3,3
24505,84,84,0,0
24506,67,69,-2,2
24507,105,96,9,9
24508,81,80,1,1
24509,56,55,1,1
24510,115,121,-6,6
24511,117,113,4,4
24512,95,89,6,6
24513,134,123,11,11
24514,89,94,-5,5
24515,136,138,-2,2
24516,100,102,-2,2
24517,95,108,-13,13
24518,73,77,-4,4
24519,58,71,-13,13
24520,157,151,6,6
24521,77,84,-7,7
24522,54,52,2,2
24523,90,101,-11,11
24524,85,95,-10,10
24525,71,83,-12,12
24526,73,72,1,1
24527,87,77,10,10
24528,57,66,-9,9
24529,64,72,-8,8
24530,72,73,-1,1
24531,184,164,20,20
24532,152,128,24,24
24533,88,90,-2,2
24534,90,89,1,1
24535,96,103,-7,7
24536,117,107,10,10
24537,65,67,-2,2
24538,101,95,6,6
24539,130,138,-8,8
24540,189,174,15,15
24541,80,86,-6,6
24542,72,61,11,11
24543,99,110,-11,11
24544,131,134,-3,3
24545,120,134,-14,14
24546,64,70,-6,6
24547,59,62,-3,3
24548,69,79,-10,10
24549,44,50,-6,6
24550,85,94,-9,9
24551,51,78,-27,27
24552,70,73,-3,3
24553,61,73,-12,12
24554,110,125,-15,15
24555,69,74,-5,5
24556,56,59,-3,3
24557,125,143,-18,18
24558,91,88,3,3
24559,53,69,-16,16
24560,91,93,-2,2
24561,42,45,-3,3
24562,85,86,-1,1
24563,33,52,-19,19
24564,94,83,11,11
24565,143,146,-3,3
24566,72,65,7,7
24567,85,86,-1,1
24568,132,144,-12,12
24569,103,97,6,6
24570,131,116,15,15
24571,72,75,-3,3
24572,109,117,-8,8
24573,104,103,1,1
24574,128,95,33,33
24575,147,142,5,5
24576,90,93,-3,3
24577,44,45,-1,1
24578,84,87,-3,3
24579,129,133,-4,4
24580,76,94,-18,18
24581,82,94,-12,12
24582,155,137,18,18
24583,141,130,11,11
24584,110,108,2,2
24585,117,126,-9,9
24586,112,117,-5,5
24587,109,120,-11,11
24588,63,55,8,8
24589,68,70,-2,2
24590,140,137,3,3
24591,42,49,-7,7
24592,97,107,-10,10
24593,73,74,-1,1
24594,49,46,3,3
24595,163,146,17,17
24596,116,115,1,1
24597,98,112,-14,14
24598,97,98,-1,1
24599,76,78,-2,2
24600,84,92,-8,8
24601,52,50,2,2
24602,134,135,-1,1
24603,62,57,5,5
24604,123,130,-7,7
24605,55,56,-1,1
24606,80,89,-9,9
24607,77,79,-2,2
24608,121,135,-14,14
24609,45,53,-8,8
24610,66,72,-6,6
24611,59,75,-16,16
24612,45,51,-6,6
24613,63,61,2,2
24614,65,79,-14,14
24615,95,97,-2,2
24616,84,79,5,5
24617,110,130,-20,20
24618,83,84,-1,1
24619,133,117,16,16
24620,111,112,-1,1
24621,69,75,-6,6
24622,43,46,-3,3
24623,97,106,-9,9
24624,78,92,-14,14
24625,75,78,-3,3
24626,130,124,6,6
24627,73,79,-6,6
24628,156,158,-2,2
24629,110,95,15,15
24630,132,132,0,0
24631,108,118,-10,10
24632,97,100,-3,3
24633,139,138,1,1
24634,88,86,2,2
24635,136,131,5,5
24636,115,107,8,8
24637,141,140,1,1
24638,125,130,-5,5
24639,114,114,0,0
24640,127,127,0,0
24641,87,88,-1,1
24642,126,125,1,1
24643,83,97,-14,14
24644,68,66,2,2
24645,100,92,8,8
24646,67,70,-3,3
24647,79,79,0,0
24648,123,125,-2,2
24649,49,54,-5,5
24650,73,79,-6,6
24651,105,101,4,4
24652,86,84,2,2
24653,78,89,-11,11
24654,97,91,6,6
24655,95,108,-13,13
24656,46,53,-7,7
24657,105,100,5,5
24658,157,151,6,6
24659,97,112,-15,15
24660,130,123,7,7
24661,114,131,-17,17
24662,56,56,0,0
24663,37,46,-9,9
24664,133,137,-4,4
24665,80,104,-24,24
24666,56,56,0,0
24667,64,64,0,0
24668,78,80,-2,2
24669,96,88,8,8
24670,90,88,2,2
24671,126,121,5,5
24672,85,91,-6,6
24673,60,58,2,2
24674,92,87,5,5
24675,105,108,-3,3
24676,92,95,-3,3
24677,85,86,-1,1
24678,187,175,12,12
24679,108,122,-14,14
24680,64,78,-14,14
24681,99,95,4,4
24682,92,92,0,0
24683,111,110,1,1
24684,83,79,4,4
24685,92,86,6,6
24686,68,60,8,8
24687,158,146,12,12
24688,54,52,2,2
24689,86,75,11,11
24690,94,93,1,1
24691,102,105,-3,3
24692,55,52,3,3
24693,52,69,-17,17
24694,69,78,-9,9
24695,97,99,-2,2
24696,59,64,-5,5
24697,86,88,-2,2
24698,104,116,-12,12
24699,119,131,-12,12
24700,124,116,8,8
24701,99,104,-5,5
24702,94,93,1,1
24703,129,146,-17,17
24704,134,119,15,15
24705,58,79,-21,21
24706,131,125,6,6
24707,100,94,6,6
24708,97,90,7,7
24709,75,69,6,6
24710,133,136,-3,3
24711,87,90,-3,3
24712,76,79,-3,3
24713,55,60,-5,5
24714,167,160,7,7
24715,108,117,-9,9
24716,64,63,1,1
24717,56,69,-13,13
24718,49,36,13,13
24719,55,54,1,1
24720,80,92,-12,12
24721,55,57,-2,2
24722,169,167,2,2
24723,156,154,2,2
24724,102,102,0,0
24725,94,93,1,1
24726,92,90,2,2
24727,116,132,-16,16
24728,120,124,-4,4
24729,107,109,-2,2
24730,113,116,-3,3
24731,75,79,-4,4
24732,67,66,1,1
24733,98,96,2,2
24734,193,183,10,10
24735,165,170,-5,5
24736,92,84,8,8
24737,53,51,2,2
24738,82,103,-21,21
24739,113,126,-13,13
24740,89,102,-13,13
24741,93,92,1,1
24742,94,90,4,4
24743,87,85,2,2
24744,145,121,24,24
24745,142,140,2,2
24746,115,112,3,3
24747,82,83,-1,1
24748,87,95,-8,8
24749,74,68,6,6
24750,61,68,-7,7
24751,125,104,21,21
24752,74,79,-5,5
24753,129,130,-1,1
24754,88,78,10,10
24755,93,98,-5,5
24756,83,82,1,1
24757,123,117,6,6
24758,103,98,5,5
24759,136,141,-5,5
24760,88,89,-1,1
24761,94,88,6,6
24762,71,78,-7,7
24763,80,88,-8,8
24764,73,77,-4,4
24765,90,90,0,0
24766,81,76,5,5
24767,85,97,-12,12
24768,48,57,-9,9
24769,122,132,-10,10
24770,120,119,1,1
24771,100,106,-6,6
24772,123,114,9,9
24773,154,138,16,16
24774,49,60,-11,11
24775,110,100,10,10
24776,90,96,-6,6
24777,103,103,0,0
24778,69,84,-15,15
24779,113,104,9,9
24780,102,108,-6,6
24781,80,102,-22,22
24782,45,50,-5,5
24783,154,154,0,0
24784,116,110,6,6
24785,125,122,3,3
24786,182,167,15,15
24787,68,71,-3,3
24788,82,68,14,14
24789,78,82,-4,4
24790,60,74,-14,14
24791,119,113,6,6
24792,76,83,-7,7
24793,102,103,-1,1
24794,94,96,-2,2
24795,76,82,-6,6
24796,52,55,-3,3
24797,82,83,-1,1
24798,117,121,-4,4
24799,110,109,1,1
24800,165,157,8,8
24801,79,68,11,11
24802,132,124,8,8
24803,118,95,23,23
24804,95,91,4,4
24805,74,85,-11,11
24806,52,81,-29,29
24807,104,107,-3,3
24808,103,128,-25,25
24809,119,117,2,2
24810,99,102,-3,3
24811,141,138,3,3
24812,62,61,1,1
24813,95,98,-3,3
24814,115,117,-2,2
24815,97,112,-15,15
24816,46,84,-38,38
24817,122,131,-9,9
24818,121,126,-5,5
24819,102,106,-4,4
24820,148,145,3,3
24821,71,70,1,1
24822,114,100,14,14
24823,126,123,3,3
24824,84,86,-2,2
24825,83,85,-2,2
24826,101,84,17,17
24827,98,93,5,5
24828,121,116,5,5
24829,84,92,-8,8
24830,56,64,-8,8
24831,90,75,15,15
24832,85,84,1,1
24833,87,78,9,9
24834,113,120,-7,7
24835,140,145,-5,5
24836,116,112,4,4
24837,120,135,-15,15
24838,82,79,3,3
24839,150,146,4,4
24840,89,86,3,3
24841,72,82,-10,10
24842,106,115,-9,9
24843,66,74,-8,8
24844,67,68,-1,1
24845,78,72,6,6
24846,118,117,1,1
24847,83,99,-16,16
24848,133,117,16,16
24849,127,125,2,2
24850,178,161,17,17
24851,70,71,-1,1
24852,50,55,-5,5
24853,121,113,8,8
24854,127,126,1,1
24855,62,55,7,7
24856,74,75,-1,1
24857,79,77,2,2
24858,95,92,3,3
24859,103,109,-6,6
24860,113,104,9,9
24861,58,82,-24,24
24862,162,133,29,29
24863,43,44,-1,1
24864,73,71,2,2
24865,60,66,-6,6
24866,134,127,7,7
24867,66,73,-7,7
24868,42,64,-22,22
24869,89,87,2,2
24870,82,75,7,7
24871,133,130,3,3
24872,28,35,-7,7
24873,120,112,8,8
24874,60,57,3,3
24875,59,68,-9,9
24876,54,50,4,4
24877,81,90,-9,9
24878,102,101,1,1
24879,47,52,-5,5
24880,90,82,8,8
24881,123,110,13,13
24882,83,83,0,0
24883,92,113,-21,21
24884,105,106,-1,1
24885,108,92,16,16
24886,114,127,-13,13
24887,57,63,-6,6
24888,67,69,-2,2
24889,85,93,-8,8
24890,68,70,-2,2
24891,55,51,4,4
24892,93,87,6,6
24893,61,65,-4,4
24894,61,65,-4,4
24895,87,89,-2,2
24896,85,87,-2,2
24897,88,92,-4,4
24898,57,57,0,0
24899,65,64,1,1
24900,58,62,-4,4
24901,118,120,-2,2
24902,94,98,-4,4
24903,164,168,-4,4
24904,74,79,-5,5
24905,106,145,-39,39
24906,97,121,-24,24
24907,117,124,-7,7
24908,123,118,5,5
24909,72,85,-13,13
24910,73,72,1,1
24911,105,158,-53,53
24912,53,59,-6,6
24913,63,74,-11,11
24914,85,86,-1,1
24915,136,144,-8,8
24916,113,107,6,6
24917,92,109,-17,17
24918,97,106,-9,9
24919,95,109,-14,14
24920,106,110,-4,4
24921,167,163,4,4
24922,121,130,-9,9
24923,42,36,6,6
24924,80,89,-9,9
24925,48,67,-19,19
24926,116,118,-2,2
24927,117,126,-9,9
24928,67,68,-1,1
24929,69,72,-3,3
24930,114,109,5,5
24931,134,121,13,13
24932,91,78,13,13
24933,88,87,1,1
24934,130,129,1,1
24935,187,192,-5,5
24936,99,106,-7,7
24937,95,109,-14,14
24938,151,159,-8,8
24939,97,104,-7,7
24940,66,68,-2,2
24941,39,44,-5,5
24942,114,120,-6,6
24943,124,124,0,0
24944,109,115,-6,6
24945,92,110,-18,18
24946,50,59,-9,9
24947,139,135,4,4
24948,116,119,-3,3
24949,79,77,2,2
24950,69,88,-19,19
24951,95,100,-5,5
24952,112,116,-4,4
24953,57,71,-14,14
24954,57,62,-5,5
24955,112,126,-14,14
24956,77,82,-5,5
24957,79,86,-7,7
24958,115,117,-2,2
24959,52,61,-9,9
24960,121,111,10,10
24961,93,99,-6,6
24962,51,30,21,21
24963,71,64,7,7
24964,126,127,-1,1
24965,149,145,4,4
24966,91,116,-25,25
24967,142,147,-5,5
24968,55,65,-10,10
24969,110,113,-3,3
24970,197,206,-9,9
24971,85,86,-1,1
24972,115,116,-1,1
24973,111,110,1,1
24974,136,123,13,13
24975,57,63,-6,6
24976,100,97,3,3
24977,121,124,-3,3
24978,105,99,6,6
24979,145,152,-7,7
24980,93,91,2,2
24981,104,108,-4,4
24982,104,96,8,8
24983,89,85,4,4
24984,82,82,0,0
24985,137,130,7,7
24986,112,107,5,5
24987,99,89,10,10
24988,94,94,0,0
24989,140,132,8,8
24990,75,79,-4,4
24991,114,116,-2,2
24992,71,71,0,0
24993,155,144,11,11
24994,71,73,-2,2
24995,61,61,0,0
24996,84,99,-15,15
24997,75,77,-2,2
24998,128,129,-1,1
24999,247,264,-17,17
25000,101,111,-10,10
25001,113,104,9,9
25002,116,118,-2,2
25003,112,113,-1,1
25004,83,89,-6,6
25005,52,53,-1,1
25006,73,61,12,12
25007,43,58,-15,15
25008,96,97,-1,1
25009,49,57,-8,8
25010,57,63,-6,6
25011,104,118,-14,14
25012,86,89,-3,3
25013,66,61,5,5
25014,69,82,-13,13
25015,92,99,-7,7
25016,120,126,-6,6
25017,124,127,-3,3
25018,109,93,16,16
25019,90,107,-17,17
25020,88,82,6,6
25021,60,65,-5,5
25022,100,102,-2,2
25023,171,204,-33,33
25024,55,64,-9,9
25025,143,142,1,1
25026,104,102,2,2
25027,120,127,-7,7
25028,132,125,7,7
25029,142,145,-3,3
25030,68,72,-4,4
25031,74,72,2,2
25032,107,92,15,15
25033,82,78,4,4
25034,48,55,-7,7
25035,83,84,-1,1
25036,66,62,4,4
25037,90,90,0,0
25038,114,121,-7,7
25039,123,110,13,13
25040,140,130,10,10
25041,71,77,-6,6
25042,112,104,8,8
25043,175,189,-14,14
25044,148,136,12,12
25045,87,86,1,1
25046,156,159,-3,3
25047,44,47,-3,3
25048,105,101,4,4
25049,120,129,-9,9
25050,65,68,-3,3
25051,120,127,-7,7
25052,69,69,0,0
25053,91,105,-14,14
25054,135,81,54,54
25055,133,137,-4,4
25056,81,86,-5,5
25057,74,72,2,2
25058,144,155,-11,11
25059,146,150,-4,4
25060,95,84,11,11
25061,223,195,28,28
25062,126,112,14,14
25063,49,52,-3,3
25064,102,109,-7,7
25065,116,116,0,0
25066,60,59,1,1
25067,154,151,3,3
25068,134,118,16,16
25069,100,100,0,0
25070,76,74,2,2
25071,74,79,-5,5
25072,77,68,9,9
25073,88,101,-13,13
25074,76,89,-13,13
25075,81,84,-3,3
25076,165,163,2,2
25077,108,105,3,3
25078,53,60,-7,7
25079,59,66,-7,7
25080,85,103,-18,18
25081,98,99,-1,1
25082,58,62,-4,4
25083,105,110,-5,5
25084,148,145,3,3
25085,159,145,14,14
25086,163,175,-12,12
25087,102,104,-2,2
25088,71,70,1,1
25089,156,135,21,21
25090,97,95,2,2
25091,97,93,4,4
25092,72,74,-2,2
25093,83,115,-32,32
25094,81,57,24,24
25095,103,105,-2,2
25096,95,95,0,0
25097,82,99,-17,17
25098,121,127,-6,6
25099,78,83,-5,5
25100,98,96,2,2
25101,145,150,-5,5
25102,122,122,0,0
25103,123,116,7,7
25104,76,67,9,9
25105,195,195,0,0
25106,48,43,5,5
25107,59,79,-20,20
25108,73,79,-6,6
25109,73,77,-4,4
25110,63,64,-1,1
25111,178,159,19,19
25112,69,66,3,3
25113,96,96,0,0
25114,67,73,-6,6
25115,46,44,2,2
25116,88,91,-3,3
25117,47,56,-9,9
25118,45,48,-3,3
25119,47,51,-4,4
25120,123,126,-3,3
25121,124,122,2,2
25122,167,162,5,5
25123,136,124,12,12
25124,72,78,-6,6
25125,109,120,-11,11
25126,74,79,-5,5
25127,80,84,-4,4
25128,126,124,2,2
25129,119,117,2,2
25130,60,60,0,0
25131,98,103,-5,5
25132,128,123,5,5
25133,96,88,8,8
25134,109,102,7,7
25135,135,124,11,11
25136,86,84,2,2
25137,125,126,-1,1
25138,71,78,-7,7
25139,137,136,1,1
25140,86,91,-5,5
25141,150,167,-17,17
25142,83,98,-15,15
25143,57,57,0,0
25144,87,90,-3,3
25145,58,89,-31,31
25146,74,89,-15,15
25147,168,147,21,21
25148,145,139,6,6
25149,65,67,-2,2
25150,76,83,-7,7
25151,114,114,0,0
25152,151,151,0,0
25153,146,167,-21,21
25154,65,67,-2,2
25155,77,105,-28,28
25156,165,154,11,11
25157,89,111,-22,22
25158,107,106,1,1
25159,96,120,-24,24
25160,115,118,-3,3
25161,74,68,6,6
25162,160,164,-4,4
25163,82,91,-9,9
25164,80,77,3,3
25165,94,103,-9,9
25166,97,98,-1,1
25167,48,64,-16,16
25168,79,74,5,5
25169,16,44,-28,28
25170,100,103,-3,3
25171,51,82,-31,31
25172,86,86,0,0
25173,108,105,3,3
25174,46,53,-7,7
25175,55,40,15,15
25176,112,128,-16,16
25177,84,84,0,0
25178,100,110,-10,10
25179,150,143,7,7
25180,138,140,-2,2
25181,92,92,0,0
25182,66,72,-6,6
25183,103,103,0,0
25184,96,96,0,0
25185,148,160,-12,12
25186,81,83,-2,2
25187,45,70,-25,25
25188,126,131,-5,5
25189,168,166,2,2
25190,76,80,-4,4
25191,134,149,-15,15
25192,83,85,-2,2
25193,118,119,-1,1
25194,117,115,2,2
25195,100,114,-14,14
25196,96,105,-9,9
25197,122,120,2,2
25198,76,87,-11,11
25199,96,109,-13,13
25200,103,102,1,1
25201,70,75,-5,5
25202,209,193,16,16
25203,75,84,-9,9
25204,54,76,-22,22
25205,111,119,-8,8
25206,70,67,3,3
25207,100,106,-6,6
25208,108,100,8,8
25209,56,62,-6,6
25210,172,195,-23,23
25211,67,68,-1,1
25212,118,103,15,15
25213,47,49,-2,2
25214,69,67,2,2
25215,85,96,-11,11
25216,63,57,6,6
25217,267,179,88,88
25218,101,109,-8,8
25219,126,118,8,8
25220,99,107,-8,8
25221,124,139,-15,15
25222,145,131,14,14
25223,83,85,-2,2
25224,96,88,8,8
25225,149,168,-19,19
25226,65,74,-9,9
25227,83,79,4,4
25228,51,53,-2,2
25229,73,86,-13,13
25230,164,147,17,17
25231,76,81,-5,5
25232,86,90,-4,4
25233,128,125,3,3
25234,126,114,12,12
25235,75,77,-2,2
25236,85,87,-2,2
25237,59,56,3,3
25238,80,76,4,4
25239,115,106,9,9
25240,96,93,3,3
25241,57,61,-4,4
25242,78,74,4,4
25243,92,84,8,8
25244,114,119,-5,5
25245,97,87,10,10
25246,67,82,-15,15
25247,68,93,-25,25
25248,88,90,-2,2
25249,58,59,-1,1
25250,86,97,-11,11
25251,81,87,-6,6
25252,80,87,-7,7
25253,107,119,-12,12
25254,65,72,-7,7
25255,77,77,0,0
25256,30,63,-33,33
25257,81,68,13,13
25258,91,105,-14,14
25259,62,69,-7,7
25260,78,88,-10,10
25261,103,102,1,1
25262,113,109,4,4
25263,121,117,4,4
25264,75,78,-3,3
25265,113,117,-4,4
25266,52,59,-7,7
25267,93,104,-11,11
25268,51,64,-13,13
25269,128,124,4,4
25270,86,74,12,12
25271,107,113,-6,6
25272,105,107,-2,2
25273,195,182,13,13
25274,64,64,0,0
25275,56,70,-14,14
25276,38,83,-45,45
25277,111,130,-19,19
25278,72,77,-5,5
25279,103,103,0,0
25280,93,98,-5,5
25281,90,98,-8,8
25282,64,75,-11,11
25283,142,132,10,10
25284,96,81,15,15
25285,85,91,-6,6
25286,99,100,-1,1
25287,52,59,-7,7
25288,117,145,-28,28
25289,76,76,0,0
25290,80,79,1,1
25291,99,82,17,17
25292,103,96,7,7
25293,60,71,-11,11
25294,96,99,-3,3
25295,112,119,-7,7
25296,77,77,0,0
25297,126,124,2,2
25298,125,128,-3,3
25299,132,140,-8,8
25300,79,89,-10,10
25301,106,105,1,1
25302,35,44,-9,9
25303,85,75,10,10
25304,63,66,-3,3
25305,65,72,-7,7
25306,23,61,-38,38
25307,73,72,1,1
25308,103,115,-12,12
25309,79,80,-1,1
25310,81,88,-7,7
25311,54,49,5,5
25312,77,82,-5,5
25313,90,88,2,2
25314,92,95,-3,3
25315,54,58,-4,4
25316,101,107,-6,6
25317,102,92,10,10
25318,77,80,-3,3
25319,113,131,-18,18
25320,166,163,3,3
25321,74,80,-6,6
25322,116,124,-8,8
25323,127,135,-8,8
25324,89,91,-2,2
25325,101,107,-6,6
25326,103,108,-5,5
25327,127,130,-3,3
25328,83,84,-1,1
25329,123,132,-9,9
25330,118,119,-1,1
25331,160,165,-5,5
25332,79,81,-2,2
25333,76,73,3,3
25334,51,51,0,0
25335,110,119,-9,9
25336,112,136,-24,24
25337,73,72,1,1
25338,90,86,4,4
25339,87,94,-7,7
25340,97,101,-4,4
25341,51,49,2,2
25342,175,181,-6,6
25343,51,56,-5,5
25344,96,95,1,1
25345,96,85,11,11
25346,87,94,-7,7
25347,98,83,15,15
25348,195,170,25,25
25349,74,78,-4,4
25350,111,102,9,9
25351,62,61,1,1
25352,62,74,-12,12
25353,50,54,-4,4
25354,77,75,2,2
25355,68,54,14,14
25356,72,81,-9,9
25357,82,80,2,2
25358,69,72,-3,3
25359,133,136,-3,3
25360,57,60,-3,3
25361,87,104,-17,17
25362,86,86,0,0
25363,53,82,-29,29
25364,111,141,-30,30
25365,85,98,-13,13
25366,68,74,-6,6
25367,82,90,-8,8
25368,125,119,6,6
25369,127,119,8,8
25370,46,85,-39,39
25371,125,129,-4,4
25372,133,122,11,11
25373,84,95,-11,11
25374,70,70,0,0
25375,130,116,14,14
25376,86,92,-6,6
25377,161,160,1,1
25378,100,131,-31,31
25379,107,108,-1,1
25380,89,96,-7,7
25381,62,53,9,9
25382,75,79,-4,4
25383,82,84,-2,2
25384,104,114,-10,10
25385,83,92,-9,9
25386,109,118,-9,9
25387,57,58,-1,1
25388,125,120,5,5
25389,87,72,15,15
25390,201,178,23,23
25391,75,78,-3,3
25392,80,86,-6,6
25393,143,159,-16,16
25394,120,122,-2,2
25395,146,152,-6,6
25396,70,68,2,2
25397,93,94,-1,1
25398,110,116,-6,6
25399,43,52,-9,9
25400,97,91,6,6
25401,70,67,3,3
25402,85,84,1,1
25403,91,104,-13,13
25404,85,92,-7,7
25405,120,118,2,2
25406,70,71,-1,1
25407,61,67,-6,6
25408,67,71,-4,4
25409,156,151,5,5
25410,45,48,-3,3
25411,121,135,-14,14
25412,93,107,-14,14
25413,111,128,-17,17
25414,72,79,-7,7
25415,44,46,-2,2
25416,140,153,-13,13
25417,52,73,-21,21
25418,70,74,-4,4
25419,117,119,-2,2
25420,60,69,-9,9
25421,73,95,-22,22
25422,107,104,3,3
25423,90,77,13,13
25424,59,68,-9,9
25425,102,105,-3,3
25426,73,75,-2,2
25427,86,91,-5,5
25428,58,59,-1,1
25429,66,71,-5,5
25430,62,103,-41,41
25431,130,127,3,3
25432,121,112,9,9
25433,114,110,4,4
25434,128,123,5,5
25435,106,112,-6,6
25436,94,91,3,3
25437,139,143,-4,4
25438,57,61,-4,4
25439,62,75,-13,13
25440,59,62,-3,3
25441,134,113,21,21
25442,88,86,2,2
25443,67,71,-4,4
25444,91,96,-5,5
25445,79,81,-2,2
25446,99,109,-10,10
25447,135,144,-9,9
25448,118,121,-3,3
25449,97,97,0,0
25450,96,91,5,5
25451,81,83,-2,2
25452,93,97,-4,4
25453,108,108,0,0
25454,69,66,3,3
25455,106,116,-10,10
25456,80,86,-6,6
25457,108,112,-4,4
25458,95,92,3,3
25459,41,49,-8,8
25460,97,99,-2,2
25461,161,142,19,19
25462,96,91,5,5
25463,86,99,-13,13
25464,123,107,16,16
25465,84,76,8,8
25466,81,83,-2,2
25467,99,104,-5,5
25468,108,110,-2,2
25469,57,62,-5,5
25470,82,87,-5,5
25471,117,150,-33,33
25472,78,98,-20,20
25473,206,210,-4,4
25474,70,74,-4,4
25475,66,71,-5,5
25476,132,136,-4,4
25477,73,74,-1,1
25478,53,58,-5,5
25479,47,54,-7,7
25480,73,88,-15,15
25481,72,80,-8,8
25482,96,92,4,4
25483,182,186,-4,4
25484,80,75,5,5
25485,98,99,-1,1
25486,103,108,-5,5
25487,182,180,2,2
25488,136,160,-24,24
25489,101,88,13,13
25490,81,79,2,2
25491,161,149,12,12
25492,83,94,-11,11
25493,57,70,-13,13
25494,119,108,11,11
25495,103,97,6,6
25496,143,133,10,10
25497,61,101,-40,40
25498,117,98,19,19
25499,113,115,-2,2
25500,94,96,-2,2
25501,70,79,-9,9
25502,116,128,-12,12
25503,102,93,9,9
25504,154,160,-6,6
25505,91,86,5,5
25506,105,120,-15,15
25507,114,126,-12,12
25508,160,170,-10,10
25509,94,99,-5,5
25510,151,144,7,7
25511,170,166,4,4
25512,76,73,3,3
25513,74,71,3,3
25514,101,104,-3,3
25515,62,60,2,2
25516,84,84,0,0
25517,109,113,-4,4
25518,106,97,9,9
25519,119,99,20,20
25520,89,97,-8,8
25521,53,50,3,3
25522,37,39,-2,2
25523,97,98,-1,1
25524,91,91,0,0
25525,94,89,5,5
25526,111,99,12,12
25527,203,214,-11,11
25528,71,66,5,5
25529,63,64,-1,1
25530,55,63,-8,8
25531,87,79,8,8
25532,125,147,-22,22
25533,101,108,-7,7
25534,98,92,6,6
25535,116,127,-11,11
25536,79,86,-7,7
25537,206,208,-2,2
25538,102,95,7,7
25539,153,146,7,7
25540,86,98,-12,12
25541,60,62,-2,2
25542,95,109,-14,14
25543,156,152,4,4
25544,90,87,3,3
25545,131,125,6,6
25546,107,98,9,9
25547,56,56,0,0
25548,96,97,-1,1
25549,67,70,-3,3
25550,66,68,-2,2
25551,116,116,0,0
25552,97,108,-11,11
25553,132,136,-4,4
25554,87,100,-13,13
25555,94,99,-5,5
25556,50,53,-3,3
25557,104,93,11,11
25558,179,188,-9,9
25559,121,109,12,12
25560,54,54,0,0
25561,86,81,5,5
25562,29,48,-19,19
25563,109,108,1,1
25564,81,88,-7,7
25565,75,88,-13,13
25566,179,171,8,8
25567,59,50,9,9
25568,122,119,3,3
25569,209,206,3,3
25570,53,64,-11,11
25571,79,73,6,6
25572,97,96,1,1
25573,99,104,-5,5
25574,50,52,-2,2
25575,81,87,-6,6
25576,77,67,10,10
25577,179,173,6,6
25578,100,107,-7,7
25579,57,69,-12,12
25580,88,94,-6,6
25581,47,51,-4,4
25582,92,104,-12,12
25583,94,94,0,0
25584,49,85,-36,36
25585,155,130,25,25
25586,93,99,-6,6
25587,160,150,10,10
25588,34,35,-1,1
25589,109,105,4,4
25590,112,113,-1,1
25591,65,64,1,1
25592,76,72,4,4
25593,82,92,-10,10
25594,97,87,10,10
25595,72,75,-3,3
25596,95,99,-4,4
25597,59,69,-10,10
25598,52,52,0,0
25599,81,73,8,8
25600,87,82,5,5
25601,129,125,4,4
25602,57,132,-75,75
25603,54,64,-10,10
25604,122,107,15,15
25605,90,90,0,0
25606,136,124,12,12
25607,55,69,-14,14
25608,69,79,-10,10
25609,118,115,3,3
25610,103,105,-2,2
25611,70,70,0,0
25612,43,49,-6,6
25613,66,63,3,3
25614,140,144,-4,4
25615,89,95,-6,6
25616,147,114,33,33
25617,112,126,-14,14
25618,78,67,11,11
25619,40,44,-4,4
25620,55,60,-5,5
25621,77,72,5,5
25622,80,95,-15,15
25623,71,77,-6,6
25624,82,83,-1,1
25625,82,90,-8,8
25626,93,97,-4,4
25627,68,71,-3,3
25628,96,89,7,7
25629,116,117,-1,1
25630,53,57,-4,4
25631,87,82,5,5
25632,116,121,-5,5
25633,102,97,5,5
25634,89,88,1,1
25635,121,117,4,4
25636,92,99,-7,7
25637,29,62,-33,33
25638,98,90,8,8
25639,70,62,8,8
25640,127,120,7,7
25641,208,206,2,2
25642,85,86,-1,1
25643,84,93,-9,9
25644,92,98,-6,6
25645,118,131,-13,13
25646,66,79,-13,13
25647,79,82,-3,3
25648,167,157,10,10
25649,174,175,-1,1
25650,92,87,5,5
25651,90,101,-11,11
25652,103,105,-2,2
25653,85,92,-7,7
25654,43,44,-1,1
25655,144,154,-10,10
25656,66,67,-1,1
25657,33,65,-32,32
25658,50,65,-15,15
25659,68,66,2,2
25660,152,170,-18,18
25661,102,98,4,4
25662,45,47,-2,2
25663,67,64,3,3
25664,59,63,-4,4
25665,92,101,-9,9
25666,138,140,-2,2
25667,152,156,-4,4
25668,79,76,3,3
25669,122,133,-11,11
25670,122,125,-3,3
25671,59,68,-9,9
25672,164,149,15,15
25673,93,152,-59,59
25674,86,96,-10,10
25675,133,127,6,6
25676,95,107,-12,12
25677,86,94,-8,8
25678,76,79,-3,3
25679,152,151,1,1
25680,99,94,5,5
25681,62,61,1,1
25682,92,101,-9,9
25683,105,100,5,5
25684,95,97,-2,2
25685,103,73,30,30
25686,64,68,-4,4
25687,113,124,-11,11
25688,139,149,-10,10
25689,116,112,4,4
25690,109,113,-4,4
25691,110,111,-1,1
25692,102,99,3,3
25693,108,118,-10,10
25694,83,76,7,7
25695,151,154,-3,3
25696,84,102,-18,18
25697,109,107,2,2
25698,136,134,2,2
25699,109,108,1,1
25700,136,119,17,17
25701,109,105,4,4
25702,68,72,-4,4
25703,76,73,3,3
25704,81,85,-4,4
25705,102,102,0,0
25706,139,138,1,1
25707,86,88,-2,2
25708,105,109,-4,4
25709,58,65,-7,7
25710,35,50,-15,15
25711,49,58,-9,9
25712,82,79,3,3
25713,70,79,-9,9
25714,79,83,-4,4
25715,66,65,1,1
25716,122,115,7,7
25717,77,88,-11,11
25718,120,120,0,0
25719,155,143,12,12
25720,123,127,-4,4
25721,74,86,-12,12
25722,88,83,5,5
25723,143,146,-3,3
25724,88,82,6,6
25725,57,56,1,1
25726,130,125,5,5
25727,81,91,-10,10
25728,83,90,-7,7
25729,173,158,15,15
25730,66,78,-12,12
25731,91,97,-6,6
25732,70,74,-4,4
25733,73,70,3,3
25734,72,75,-3,3
25735,73,73,0,0
25736,109,127,-18,18
25737,106,74,32,32
25738,72,70,2,2
25739,80,87,-7,7
25740,188,183,5,5
25741,112,112,0,0
25742,116,119,-3,3
25743,115,110,5,5
25744,97,97,0,0
25745,171,177,-6,6
25746,96,111,-15,15
25747,97,93,4,4
25748,60,66,-6,6
25749,119,107,12,12
25750,144,143,1,1
25751,64,72,-8,8
25752,55,61,-6,6
25753,92,93,-1,1
25754,92,90,2,2
25755,133,143,-10,10
25756,62,68,-6,6
25757,143,151,-8,8
25758,92,100,-8,8
25759,95,116,-21,21
25760,43,47,-4,4
25761,110,109,1,1
25762,94,83,11,11
25763,68,72,-4,4
25764,81,82,-1,1
25765,150,139,11,11
25766,129,129,0,0
25767,133,122,11,11
25768,105,101,4,4
25769,66,86,-20,20
25770,91,97,-6,6
25771,90,80,10,10
25772,117,113,4,4
25773,140,145,-5,5
25774,165,156,9,9
25775,95,95,0,0
25776,85,80,5,5
25777,158,120,38,38
25778,138,133,5,5
25779,96,95,1,1
25780,122,123,-1,1
25781,65,58,7,7
25782,63,65,-2,2
25783,111,112,-1,1
25784,80,105,-25,25
25785,79,81,-2,2
25786,100,89,11,11
25787,81,89,-8,8
25788,92,87,5,5
25789,75,92,-17,17
25790,82,88,-6,6
25791,79,89,-10,10
25792,57,74,-17,17
25793,148,124,24,24
25794,79,79,0,0
25795,122,121,1,1
25796,82,88,-6,6
25797,61,55,6,6
25798,38,49,-11,11
25799,94,108,-14,14
25800,101,89,12,12
25801,89,85,4,4
25802,68,65,3,3
25803,47,53,-6,6
25804,90,93,-3,3
25805,60,60,0,0
25806,114,109,5,5
25807,80,89,-9,9
25808,127,123,4,4
25809,102,107,-5,5
25810,69,68,1,1
25811,53,63,-10,10
25812,59,61,-2,2
25813,95,99,-4,4
25814,64,67,-3,3
25815,144,161,-17,17
25816,71,56,15,15
25817,100,101,-1,1
25818,116,120,-4,4
25819,104,105,-1,1
25820,177,188,-11,11
25821,108,111,-3,3
25822,132,126,6,6
25823,118,111,7,7
25824,135,156,-21,21
25825,115,112,3,3
25826,73,77,-4,4
25827,133,127,6,6
25828,95,93,2,2
25829,80,76,4,4
25830,48,76,-28,28
25831,158,164,-6,6
25832,73,81,-8,8
25833,94,91,3,3
25834,74,99,-25,25
25835,154,163,-9,9
25836,127,131,-4,4
25837,73,71,2,2
25838,89,85,4,4
25839,61,67,-6,6
25840,87,82,5,5
25841,65,84,-19,19
25842,81,88,-7,7
25843,99,102,-3,3
25844,83,91,-8,8
25845,90,94,-4,4
25846,82,85,-3,3
25847,115,107,8,8
25848,137,146,-9,9
25849,78,79,-1,1
25850,94,90,4,4
25851,101,104,-3,3
25852,96,98,-2,2
25853,77,75,2,2
25854,112,105,7,7
25855,138,140,-2,2
25856,98,98,0,0
25857,91,94,-3,3
25858,143,138,5,5
25859,153,151,2,2
25860,40,63,-23,23
25861,69,70,-1,1
25862,67,68,-1,1
25863,43,52,-9,9
25864,104,117,-13,13
25865,117,112,5,5
25866,84,81,3,3
25867,84,94,-10,10
25868,74,73,1,1
25869,75,74,1,1
25870,147,158,-11,11
25871,94,104,-10,10
25872,92,90,2,2
25873,71,74,-3,3
25874,84,84,0,0
25875,78,101,-23,23
25876,83,80,3,3
25877,84,95,-11,11
25878,42,89,-47,47
25879,149,152,-3,3
25880,95,97,-2,2
25881,132,128,4,4
25882,83,75,8,8
25883,131,135,-4,4
25884,62,46,16,16
25885,87,89,-2,2
25886,91,90,1,1
25887,155,178,-23,23
25888,73,80,-7,7
25889,98,108,-10,10
25890,72,70,2,2
25891,75,87,-12,12
25892,147,151,-4,4
25893,54,64,-10,10
25894,128,124,4,4
25895,98,98,0,0
25896,111,110,1,1
25897,81,91,-10,10
25898,87,82,5,5
25899,28,70,-42,42
25900,123,126,-3,3
25901,82,81,1,1
25902,82,74,8,8
25903,113,112,1,1
25904,121,135,-14,14
25905,124,123,1,1
25906,85,80,5,5
25907,82,89,-7,7
25908,107,111,-4,4
25909,113,113,0,0
25910,74,88,-14,14
25911,97,94,3,3
25912,56,76,-20,20
25913,89,92,-3,3
25914,132,129,3,3
25915,134,135,-1,1
25916,93,96,-3,3
25917,128,147,-19,19
25918,121,126,-5,5
25919,132,139,-7,7
25920,114,116,-2,2
25921,93,91,2,2
25922,132,118,14,14
25923,139,123,16,16
25924,59,62,-3,3
25925,185,175,10,10
25926,47,52,-5,5
25927,68,69,-1,1
25928,122,133,-11,11
25929,130,142,-12,12
25930,98,102,-4,4
25931,42,47,-5,5
25932,125,126,-1,1
25933,56,57,-1,1
25934,129,132,-3,3
25935,60,84,-24,24
25936,51,55,-4,4
25937,78,93,-15,15
25938,62,69,-7,7
25939,80,93,-13,13
25940,39,62,-23,23
25941,120,115,5,5
25942,100,101,-1,1
25943,112,132,-20,20
25944,85,88,-3,3
25945,118,113,5,5
25946,124,142,-18,18
25947,56,53,3,3
25948,97,102,-5,5
25949,83,94,-11,11
25950,91,105,-14,14
25951,68,69,-1,1
25952,108,121,-13,13
25953,87,90,-3,3
25954,57,66,-9,9
25955,70,65,5,5
25956,87,83,4,4
25957,111,107,4,4
25958,79,86,-7,7
25959,117,109,8,8
25960,95,100,-5,5
25961,139,136,3,3
25962,52,51,1,1
25963,47,103,-56,56
25964,104,113,-9,9
25965,89,89,0,0
25966,86,95,-9,9
25967,90,87,3,3
25968,113,111,2,2
25969,89,91,-2,2
25970,94,101,-7,7
25971,134,136,-2,2
25972,63,60,3,3
25973,102,102,0,0
25974,146,139,7,7
25975,140,142,-2,2
25976,73,80,-7,7
25977,127,134,-7,7
25978,47,55,-8,8
25979,90,109,-19,19
25980,77,76,1,1
25981,136,127,9,9
25982,121,124,-3,3
25983,82,88,-6,6
25984,114,124,-10,10
25985,114,109,5,5
25986,80,80,0,0
25987,82,79,3,3
25988,79,78,1,1
25989,107,120,-13,13
25990,113,102,11,11
25991,114,109,5,5
25992,52,64,-12,12
25993,67,69,-2,2
25994,74,81,-7,7
25995,113,115,-2,2
25996,77,74,3,3
25997,125,141,-16,16
25998,60,63,-3,3
25999,78,80,-2,2
26000,94,98,-4,4
26001,102,98,4,4
26002,115,107,8,8
26003,114,112,2,2
26004,115,121,-6,6
26005,109,106,3,3
26006,107,116,-9,9
26007,80,77,3,3
26008,111,111,0,0
26009,36,53,-17,17
26010,78,85,-7,7
26011,87,88,-1,1
26012,74,80,-6,6
26013,70,79,-9,9
26014,64,62,2,2
26015,51,51,0,0
26016,97,102,-5,5
26017,106,107,-1,1
26018,150,151,-1,1
26019,105,102,3,3
26020,80,82,-2,2
26021,81,80,1,1
26022,78,84,-6,6
26023,103,107,-4,4
26024,68,71,-3,3
26025,69,67,2,2
26026,100,117,-17,17
26027,100,83,17,17
26028,171,170,1,1
26029,102,92,10,10
26030,98,81,17,17
26031,81,89,-8,8
26032,86,76,10,10
26033,47,55,-8,8
26034,83,90,-7,7
26035,139,139,0,0
26036,71,78,-7,7
26037,142,149,-7,7
26038,65,64,1,1
26039,68,70,-2,2
26040,63,66,-3,3
26041,105,103,2,2
26042,53,59,-6,6
26043,126,122,4,4
26044,137,143,-6,6
26045,64,62,2,2
26046,126,146,-20,20
26047,117,111,6,6
26048,65,90,-25,25
26049,133,139,-6,6
26050,64,68,-4,4
26051,96,90,6,6
26052,92,93,-1,1
26053,99,102,-3,3
26054,148,160,-12,12
26055,54,63,-9,9
26056,99,78,21,21
26057,89,89,0,0
26058,63,60,3,3
26059,90,86,4,4
26060,71,78,-7,7
26061,82,73,9,9
26062,89,71,18,18
26063,58,64,-6,6
26064,88,91,-3,3
26065,91,102,-11,11
26066,29,32,-3,3
26067,63,66,-3,3
26068,73,76,-3,3
26069,68,63,5,5
26070,76,85,-9,9
26071,73,62,11,11
26072,152,143,9,9
26073,113,102,11,11
26074,57,59,-2,2
26075,81,79,2,2
26076,102,113,-11,11
26077,87,111,-24,24
26078,106,106,0,0
26079,83,86,-3,3
26080,164,165,-1,1
26081,122,112,10,10
26082,68,85,-17,17
26083,79,79,0,0
26084,57,55,2,2
26085,116,117,-1,1
26086,57,67,-10,10
26087,105,95,10,10
26088,95,77,18,18
26089,164,173,-9,9
26090,159,170,-11,11
26091,92,83,9,9
26092,100,116,-16,16
26093,64,66,-2,2
26094,121,162,-41,41
26095,157,158,-1,1
26096,116,118,-2,2
26097,46,46,0,0
26098,106,101,5,5
26099,67,74,-7,7
26100,83,90,-7,7
26101,66,64,2,2
26102,105,106,-1,1
26103,166,171,-5,5
26104,109,86,23,23
26105,75,70,5,5
26106,86,84,2,2
26107,91,87,4,4
26108,76,71,5,5
26109,149,168,-19,19
26110,102,95,7,7
26111,76,76,0,0
26112,64,65,-1,1
26113,108,103,5,5
26114,99,103,-4,4
26115,104,108,-4,4
26116,136,147,-11,11
26117,72,91,-19,19
26118,92,85,7,7
26119,70,71,-1,1
26120,69,73,-4,4
26121,154,148,6,6
26122,129,130,-1,1
26123,102,106,-4,4
26124,107,107,0,0
26125,107,108,-1,1
26126,75,72,3,3
26127,108,106,2,2
26128,96,91,5,5
26129,80,88,-8,8
26130,73,81,-8,8
26131,129,133,-4,4
26132,57,59,-2,2
26133,92,91,1,1
26134,70,82,-12,12
26135,61,62,-1,1
26136,52,82,-30,30
26137,145,140,5,5
26138,74,80,-6,6
26139,75,78,-3,3
26140,134,136,-2,2
26141,105,114,-9,9
26142,108,95,13,13
26143,98,99,-1,1
26144,96,89,7,7
26145,135,140,-5,5
26146,103,101,2,2
26147,84,84,0,0
26148,132,126,6,6
26149,114,108,6,6
26150,87,89,-2,2
26151,55,60,-5,5
26152,65,61,4,4
26153,48,51,-3,3
26154,64,68,-4,4
26155,113,103,10,10
26156,137,133,4,4
26157,124,127,-3,3
26158,47,63,-16,16
26159,103,103,0,0
26160,136,140,-4,4
26161,80,84,-4,4
26162,65,78,-13,13
26163,117,109,8,8
26164,113,127,-14,14
26165,71,84,-13,13
26166,132,144,-12,12
26167,102,90,12,12
26168,191,190,1,1
26169,127,122,5,5
26170,102,110,-8,8
26171,104,96,8,8
26172,113,109,4,4
26173,74,95,-21,21
26174,143,148,-5,5
26175,73,71,2,2
26176,143,144,-1,1
26177,120,115,5,5
26178,95,97,-2,2
26179,84,92,-8,8
26180,146,153,-7,7
26181,70,69,1,1
26182,125,116,9,9
26183,79,83,-4,4
26184,77,86,-9,9
26185,69,67,2,2
26186,100,97,3,3
26187,190,176,14,14
26188,90,98,-8,8
26189,67,84,-17,17
26190,179,186,-7,7
26191,68,79,-11,11
26192,79,100,-21,21
26193,149,142,7,7
26194,87,85,2,2
26195,58,93,-35,35
26196,176,195,-19,19
26197,67,67,0,0
26198,76,81,-5,5
26199,127,128,-1,1
26200,73,68,5,5
26201,68,73,-5,5
26202,70,72,-2,2
26203,101,102,-1,1
26204,122,141,-19,19
26205,95,92,3,3
26206,90,93,-3,3
26207,85,90,-5,5
26208,138,134,4,4
26209,115,120,-5,5
26210,122,123,-1,1
26211,59,59,0,0
26212,51,55,-4,4
26213,106,109,-3,3
26214,110,116,-6,6
26215,111,113,-2,2
26216,62,84,-22,22
26217,93,88,5,5
26218,46,53,-7,7
26219,107,115,-8,8
26220,144,128,16,16
26221,92,85,7,7
26222,92,96,-4,4
26223,95,109,-14,14
26224,154,156,-2,2
26225,54,56,-2,2
26226,102,104,-2,2
26227,61,67,-6,6
26228,109,113,-4,4
26229,155,136,19,19
26230,83,73,10,10
26231,79,77,2,2
26232,102,104,-2,2
26233,133,128,5,5
26234,134,154,-20,20
26235,81,83,-2,2
26236,151,153,-2,2
26237,46,52,-6,6
26238,97,93,4,4
26239,62,71,-9,9
26240,114,114,0,0
26241,83,99,-16,16
26242,114,116,-2,2
26243,87,111,-24,24
26244,110,97,13,13
26245,232,243,-11,11
26246,35,51,-16,16
26247,96,87,9,9
26248,87,94,-7,7
26249,52,53,-1,1
26250,89,85,4,4
26251,84,76,8,8
26252,84,85,-1,1
26253,151,150,1,1
26254,51,61,-10,10
26255,112,105,7,7
26256,189,198,-9,9
26257,68,62,6,6
26258,77,75,2,2
26259,62,70,-8,8
26260,112,119,-7,7
26261,95,88,7,7
26262,81,88,-7,7
26263,108,99,9,9
26264,96,100,-4,4
26265,58,71,-13,13
26266,84,83,1,1
26267,116,106,10,10
26268,97,103,-6,6
26269,92,104,-12,12
26270,101,114,-13,13
26271,56,61,-5,5
26272,74,80,-6,6
26273,115,110,5,5
26274,74,84,-10,10
26275,58,59,-1,1
26276,129,135,-6,6
26277,91,94,-3,3
26278,59,64,-5,5
26279,52,49,3,3
26280,73,88,-15,15
26281,69,63,6,6
26282,119,100,19,19
26283,126,126,0,0
26284,114,94,20,20
26285,100,104,-4,4
26286,86,90,-4,4
26287,116,135,-19,19
26288,72,70,2,2
26289,61,61,0,0
26290,83,73,10,10
26291,94,97,-3,3
26292,90,99,-9,9
26293,93,102,-9,9
26294,31,44,-13,13
26295,163,165,-2,2
26296,99,106,-7,7
26297,46,57,-11,11
26298,55,54,1,1
26299,75,81,-6,6
26300,72,72,0,0
26301,107,93,14,14
26302,89,100,-11,11
26303,66,59,7,7
26304,67,76,-9,9
26305,145,146,-1,1
26306,151,150,1,1
26307,153,135,18,18
26308,56,51,5,5
26309,97,102,-5,5
26310,162,153,9,9
26311,90,94,-4,4
26312,106,102,4,4
26313,27,38,-11,11
26314,93,81,12,12
26315,105,108,-3,3
26316,123,140,-17,17
26317,61,69,-8,8
26318,64,64,0,0
26319,109,113,-4,4
26320,153,156,-3,3
26321,81,78,3,3
26322,167,158,9,9
26323,100,96,4,4
26324,40,61,-21,21
26325,84,94,-10,10
26326,126,126,0,0
26327,69,82,-13,13
26328,54,49,5,5
26329,41,46,-5,5
26330,86,93,-7,7
26331,71,65,6,6
26332,97,100,-3,3
26333,131,130,1,1
26334,42,49,-7,7
26335,102,99,3,3
26336,83,89,-6,6
26337,187,180,7,7
26338,180,189,-9,9
26339,73,73,0,0
26340,108,128,-20,20
26341,57,60,-3,3
26342,121,132,-11,11
26343,88,87,1,1
26344,105,93,12,12
26345,80,87,-7,7
26346,86,92,-6,6
26347,124,120,4,4
26348,117,113,4,4
26349,112,116,-4,4
26350,66,63,3,3
26351,94,106,-12,12
26352,107,119,-12,12
26353,45,55,-10,10
26354,121,104,17,17
26355,82,78,4,4
26356,69,69,0,0
26357,160,149,11,11
26358,119,111,8,8
26359,58,57,1,1
26360,100,103,-3,3
26361,72,74,-2,2
26362,67,64,3,3
26363,66,59,7,7
26364,119,117,2,2
26365,138,153,-15,15
26366,65,56,9,9
26367,105,105,0,0
26368,36,49,-13,13
26369,69,74,-5,5
26370,78,80,-2,2
26371,131,121,10,10
26372,109,120,-11,11
26373,75,69,6,6
26374,63,52,11,11
26375,53,62,-9,9
26376,105,115,-10,10
26377,64,71,-7,7
26378,70,74,-4,4
26379,26,56,-30,30
26380,181,177,4,4
26381,66,66,0,0
26382,130,145,-15,15
26383,122,128,-6,6
26384,94,89,5,5
26385,124,129,-5,5
26386,70,76,-6,6
26387,114,117,-3,3
26388,93,86,7,7
26389,106,114,-8,8
26390,96,99,-3,3
26391,90,93,-3,3
26392,118,121,-3,3
26393,63,90,-27,27
26394,79,84,-5,5
26395,43,52,-9,9
26396,112,125,-13,13
26397,45,44,1,1
26398,114,132,-18,18
26399,107,99,8,8
26400,83,79,4,4
26401,40,48,-8,8
26402,98,100,-2,2
26403,115,115,0,0
26404,92,99,-7,7
26405,131,147,-16,16
26406,106,96,10,10
26407,99,95,4,4
26408,67,73,-6,6
26409,171,175,-4,4
26410,128,84,44,44
26411,88,82,6,6
26412,56,65,-9,9
26413,113,110,3,3
26414,62,72,-10,10
26415,81,78,3,3
26416,83,86,-3,3
26417,113,107,6,6
26418,100,106,-6,6
26419,91,89,2,2
26420,79,86,-7,7
26421,156,144,12,12
26422,113,115,-2,2
26423,67,83,-16,16
26424,129,125,4,4
26425,89,92,-3,3
26426,66,69,-3,3
26427,102,109,-7,7
26428,131,127,4,4
26429,111,122,-11,11
26430,47,46,1,1
26431,37,46,-9,9
26432,92,97,-5,5
26433,91,92,-1,1
26434,101,95,6,6
26435,43,52,-9,9
26436,78,74,4,4
26437,102,108,-6,6
26438,92,96,-4,4
26439,96,113,-17,17
26440,109,105,4,4
26441,98,107,-9,9
26442,131,121,10,10
26443,104,116,-12,12
26444,96,123,-27,27
26445,98,98,0,0
26446,66,80,-14,14
26447,75,77,-2,2
26448,70,74,-4,4
26449,49,52,-3,3
26450,110,105,5,5
26451,128,118,10,10
26452,50,53,-3,3
26453,85,90,-5,5
26454,59,61,-2,2
26455,41,56,-15,15
26456,71,75,-4,4
26457,117,112,5,5
26458,91,95,-4,4
26459,64,62,2,2
26460,118,131,-13,13
26461,43,54,-11,11
26462,134,129,5,5
26463,101,94,7,7
26464,109,80,29,29
26465,114,99,15,15
26466,118,132,-14,14
26467,70,80,-10,10
26468,102,97,5,5
26469,157,163,-6,6
26470,308,293,15,15
26471,104,117,-13,13
26472,106,94,12,12
26473,74,79,-5,5
26474,148,151,-3,3
26475,106,103,3,3
26476,74,78,-4,4
26477,118,125,-7,7
26478,114,124,-10,10
26479,60,64,-4,4
26480,135,125,10,10
26481,60,56,4,4
26482,62,71,-9,9
26483,120,129,-9,9
26484,150,170,-20,20
26485,112,109,3,3
26486,87,86,1,1
26487,100,106,-6,6
26488,52,56,-4,4
26489,82,85,-3,3
26490,136,154,-18,18
26491,65,69,-4,4
26492,104,96,8,8
26493,134,133,1,1
26494,104,87,17,17
26495,119,121,-2,2
26496,119,114,5,5
26497,60,71,-11,11
26498,155,158,-3,3
26499,129,136,-7,7
26500,46,59,-13,13
26501,58,70,-12,12
26502,73,68,5,5
26503,114,107,7,7
26504,85,89,-4,4
26505,77,72,5,5
26506,89,89,0,0
26507,186,179,7,7
26508,74,69,5,5
26509,80,67,13,13
26510,108,114,-6,6
26511,112,87,25,25
26512,38,51,-13,13
26513,61,66,-5,5
26514,109,102,7,7
26515,46,44,2,2
26516,139,132,7,7
26517,85,91,-6,6
26518,97,91,6,6
26519,60,75,-15,15
26520,36,48,-12,12
26521,89,109,-20,20
26522,147,144,3,3
26523,94,89,5,5
26524,88,83,5,5
26525,120,113,7,7
26526,75,87,-12,12
26527,95,95,0,0
26528,90,83,7,7
26529,46,52,-6,6
26530,49,64,-15,15
26531,145,138,7,7
26532,93,84,9,9
26533,48,44,4,4
26534,93,94,-1,1
26535,76,64,12,12
26536,51,68,-17,17
26537,102,101,1,1
26538,86,85,1,1
26539,88,84,4,4
26540,97,111,-14,14
26541,139,138,1,1
26542,163,166,-3,3
26543,91,100,-9,9
26544,139,133,6,6
26545,56,71,-15,15
26546,56,67,-11,11
26547,84,89,-5,5
26548,85,89,-4,4
26549,55,58,-3,3
26550,82,83,-1,1
26551,90,80,10,10
26552,102,95,7,7
26553,46,50,-4,4
26554,151,156,-5,5
26555,90,92,-2,2
26556,78,92,-14,14
26557,70,67,3,3
26558,126,116,10,10
26559,114,123,-9,9
26560,135,124,11,11
26561,209,200,9,9
26562,163,158,5,5
26563,62,60,2,2
26564,79,93,-14,14
26565,90,89,1,1
26566,126,113,13,13
26567,161,151,10,10
26568,119,116,3,3
26569,65,78,-13,13
26570,75,93,-18,18
26571,94,88,6,6
26572,57,54,3,3
26573,60,63,-3,3
26574,62,62,0,0
26575,61,61,0,0
26576,174,175,-1,1
26577,65,63,2,2
26578,122,120,2,2
26579,103,124,-21,21
26580,66,69,-3,3
26581,110,97,13,13
26582,59,57,2,2
26583,120,115,5,5
26584,101,101,0,0
26585,94,97,-3,3
26586,125,125,0,0
26587,76,74,2,2
26588,66,83,-17,17
26589,85,89,-4,4
26590,101,113,-12,12
26591,79,80,-1,1
26592,179,173,6,6
26593,73,82,-9,9
26594,97,104,-7,7
26595,40,57,-17,17
26596,75,70,5,5
26597,157,156,1,1
26598,77,81,-4,4
26599,108,119,-11,11
26600,129,126,3,3
26601,100,101,-1,1
26602,76,90,-14,14
26603,40,60,-20,20
26604,72,74,-2,2
26605,81,78,3,3
26606,122,119,3,3
26607,77,70,7,7
26608,162,171,-9,9
26609,52,61,-9,9
26610,86,81,5,5
26611,61,56,5,5
26612,139,136,3,3
26613,122,123,-1,1
26614,129,138,-9,9
26615,64,77,-13,13
26616,53,55,-2,2
26617,163,166,-3,3
26618,76,93,-17,17
26619,47,53,-6,6
26620,57,59,-2,2
26621,142,132,10,10
26622,89,81,8,8
26623,100,105,-5,5
26624,126,134,-8,8
26625,149,145,4,4
26626,102,101,1,1
26627,51,56,-5,5
26628,131,110,21,21
26629,113,119,-6,6
26630,128,121,7,7
26631,84,74,10,10
26632,88,88,0,0
26633,96,94,2,2
26634,131,119,12,12
26635,142,113,29,29
26636,139,136,3,3
26637,62,63,-1,1
26638,162,175,-13,13
26639,100,106,-6,6
26640,94,94,0,0
26641,118,115,3,3
26642,140,137,3,3
26643,105,110,-5,5
26644,54,60,-6,6
26645,80,82,-2,2
26646,54,52,2,2
26647,82,83,-1,1
26648,78,79,-1,1
26649,81,84,-3,3
26650,55,56,-1,1
26651,142,151,-9,9
26652,152,147,5,5
26653,121,118,3,3
26654,109,107,2,2
26655,80,87,-7,7
26656,73,76,-3,3
26657,154,102,52,52
26658,122,132,-10,10
26659,85,85,0,0
26660,65,66,-1,1
26661,127,119,8,8
26662,44,44,0,0
26663,90,98,-8,8
26664,115,122,-7,7
26665,124,124,0,0
26666,148,154,-6,6
26667,49,50,-1,1
26668,77,78,-1,1
26669,173,179,-6,6
26670,68,69,-1,1
26671,149,157,-8,8
26672,73,74,-1,1
26673,54,61,-7,7
26674,90,86,4,4
26675,73,72,1,1
26676,74,81,-7,7
26677,49,63,-14,14
26678,79,73,6,6
26679,117,121,-4,4
26680,57,68,-11,11
26681,123,116,7,7
26682,94,90,4,4
26683,124,106,18,18
26684,74,72,2,2
26685,63,65,-2,2
26686,116,111,5,5
26687,93,90,3,3
26688,115,125,-10,10
26689,64,66,-2,2
26690,117,127,-10,10
26691,74,75,-1,1
26692,49,58,-9,9
26693,72,66,6,6
26694,86,88,-2,2
26695,52,51,1,1
26696,87,86,1,1
26697,152,148,4,4
26698,61,71,-10,10
26699,67,70,-3,3
26700,64,72,-8,8
26701,100,105,-5,5
26702,135,119,16,16
26703,120,123,-3,3
26704,124,115,9,9
26705,105,109,-4,4
26706,144,116,28,28
26707,100,110,-10,10
26708,80,82,-2,2
26709,73,90,-17,17
26710,82,88,-6,6
26711,76,76,0,0
26712,115,115,0,0
26713,106,114,-8,8
26714,125,131,-6,6
26715,86,85,1,1
26716,94,97,-3,3
26717,80,89,-9,9
26718,145,137,8,8
26719,122,120,2,2
26720,122,121,1,1
26721,115,85,30,30
26722,66,69,-3,3
26723,85,85,0,0
26724,95,103,-8,8
26725,110,98,12,12
26726,49,79,-30,30
26727,80,97,-17,17
26728,101,104,-3,3
26729,77,77,0,0
26730,89,105,-16,16
26731,130,120,10,10
26732,106,115,-9,9
26733,56,56,0,0
26734,68,61,7,7
26735,152,147,5,5
26736,113,118,-5,5
26737,98,110,-12,12
26738,125,121,4,4
26739,71,74,-3,3
26740,123,111,12,12
26741,97,86,11,11
26742,77,77,0,0
26743,56,52,4,4
26744,127,123,4,4
26745,49,63,-14,14
26746,115,116,-1,1
26747,61,63,-2,2
26748,97,92,5,5
26749,101,104,-3,3
26750,77,84,-7,7
26751,117,135,-18,18
26752,90,98,-8,8
26753,120,114,6,6
26754,80,89,-9,9
26755,71,68,3,3
26756,54,60,-6,6
26757,80,85,-5,5
26758,110,113,-3,3
26759,71,93,-22,22
26760,82,92,-10,10
26761,68,77,-9,9
26762,78,86,-8,8
26763,69,69,0,0
26764,87,72,15,15
26765,94,94,0,0
26766,137,134,3,3
26767,57,63,-6,6
26768,56,54,2,2
26769,57,58,-1,1
26770,62,62,0,0
26771,63,74,-11,11
26772,165,165,0,0
26773,115,111,4,4
26774,133,136,-3,3
26775,94,86,8,8
26776,107,111,-4,4
26777,106,103,3,3
26778,112,121,-9,9
26779,93,92,1,1
26780,55,62,-7,7
26781,85,85,0,0
26782,41,48,-7,7
26783,120,112,8,8
26784,99,107,-8,8
26785,83,77,6,6
26786,84,90,-6,6
26787,110,112,-2,2
26788,124,114,10,10
26789,122,111,11,11
26790,38,50,-12,12
26791,120,120,0,0
26792,97,100,-3,3
26793,61,63,-2,2
26794,113,126,-13,13
26795,74,69,5,5
26796,79,82,-3,3
26797,125,115,10,10
26798,81,80,1,1
26799,125,117,8,8
26800,123,126,-3,3
26801,90,99,-9,9
26802,48,56,-8,8
26803,55,58,-3,3
26804,62,81,-19,19
26805,64,72,-8,8
26806,91,102,-11,11
26807,145,150,-5,5
26808,86,82,4,4
26809,66,76,-10,10
26810,116,106,10,10
26811,76,78,-2,2
26812,88,95,-7,7
26813,103,112,-9,9
26814,97,112,-15,15
26815,138,128,10,10
26816,75,81,-6,6
26817,92,87,5,5
26818,149,155,-6,6
26819,60,65,-5,5
26820,108,104,4,4
26821,30,45,-15,15
26822,89,88,1,1
26823,49,56,-7,7
26824,97,93,4,4
26825,128,119,9,9
26826,96,94,2,2
26827,96,92,4,4
26828,63,54,9,9
26829,76,74,2,2
26830,106,99,7,7
26831,79,95,-16,16
26832,127,114,13,13
26833,45,47,-2,2
26834,105,124,-19,19
26835,90,95,-5,5
26836,43,58,-15,15
26837,235,139,96,96
26838,50,61,-11,11
26839,111,103,8,8
26840,69,74,-5,5
26841,52,117,-65,65
26842,105,106,-1,1
26843,49,52,-3,3
26844,66,76,-10,10
26845,64,67,-3,3
26846,75,78,-3,3
26847,70,63,7,7
26848,96,91,5,5
26849,86,95,-9,9
26850,109,102,7,7
26851,357,140,217,217
26852,74,71,3,3
26853,96,102,-6,6
26854,101,104,-3,3
26855,86,92,-6,6
26856,97,94,3,3
26857,47,46,1,1
26858,76,84,-8,8
26859,139,133,6,6
26860,127,123,4,4
26861,119,119,0,0
26862,133,130,3,3
26863,190,206,-16,16
26864,119,116,3,3
26865,96,97,-1,1
26866,31,38,-7,7
26867,94,109,-15,15
26868,112,128,-16,16
26869,104,102,2,2
26870,162,151,11,11
26871,128,127,1,1
26872,142,151,-9,9
26873,107,74,33,33
26874,120,113,7,7
26875,57,58,-1,1
26876,157,153,4,4
26877,94,96,-2,2
26878,109,118,-9,9
26879,58,69,-11,11
26880,108,95,13,13
26881,88,84,4,4
26882,123,133,-10,10
26883,85,84,1,1
26884,136,139,-3,3
26885,72,81,-9,9
26886,77,72,5,5
26887,59,65,-6,6
26888,154,157,-3,3
26889,63,80,-17,17
26890,40,38,2,2
26891,142,153,-11,11
26892,160,160,0,0
26893,68,68,0,0
26894,91,86,5,5
26895,77,86,-9,9
26896,135,133,2,2
26897,134,211,-77,77
26898,172,181,-9,9
26899,131,167,-36,36
26900,86,89,-3,3
26901,67,74,-7,7
26902,55,62,-7,7
26903,148,153,-5,5
26904,66,69,-3,3
26905,120,108,12,12
26906,83,84,-1,1
26907,101,101,0,0
26908,83,80,3,3
26909,106,143,-37,37
26910,99,98,1,1
26911,67,69,-2,2
26912,130,128,2,2
26913,79,83,-4,4
26914,43,65,-22,22
26915,146,140,6,6
26916,57,65,-8,8
26917,100,106,-6,6
26918,139,133,6,6
26919,114,107,7,7
26920,61,60,1,1
26921,77,97,-20,20
26922,102,105,-3,3
26923,104,105,-1,1
26924,145,129,16,16
26925,81,89,-8,8
26926,87,91,-4,4
26927,135,151,-16,16
26928,117,119,-2,2
26929,82,76,6,6
26930,118,126,-8,8
26931,106,117,-11,11
26932,123,125,-2,2
26933,109,110,-1,1
26934,66,69,-3,3
26935,86,84,2,2
26936,104,106,-2,2
26937,61,80,-19,19
26938,59,81,-22,22
26939,68,69,-1,1
26940,68,72,-4,4
26941,63,71,-8,8
26942,85,83,2,2
26943,135,143,-8,8
26944,117,127,-10,10
26945,134,133,1,1
26946,104,108,-4,4
26947,73,77,-4,4
26948,79,80,-1,1
26949,137,145,-8,8
26950,106,96,10,10
26951,80,86,-6,6
26952,175,159,16,16
26953,96,103,-7,7
26954,137,133,4,4
26955,119,122,-3,3
26956,118,95,23,23
26957,135,134,1,1
26958,127,112,15,15
26959,103,109,-6,6
26960,87,92,-5,5
26961,90,65,25,25
26962,50,57,-7,7
26963,68,71,-3,3
26964,75,76,-1,1
26965,150,152,-2,2
26966,107,99,8,8
26967,122,140,-18,18
26968,48,49,-1,1
26969,141,147,-6,6
26970,96,93,3,3
26971,93,98,-5,5
26972,85,84,1,1
26973,55,58,-3,3
26974,51,54,-3,3
26975,99,95,4,4
26976,52,61,-9,9
26977,79,70,9,9
26978,110,107,3,3
26979,121,113,8,8
26980,37,42,-5,5
26981,92,91,1,1
26982,66,61,5,5
26983,148,136,12,12
26984,83,80,3,3
26985,175,174,1,1
26986,88,85,3,3
26987,110,102,8,8
26988,79,86,-7,7
26989,64,55,9,9
26990,124,117,7,7
26991,129,125,4,4
26992,91,86,5,5
26993,59,58,1,1
26994,49,67,-18,18
26995,132,127,5,5
26996,76,114,-38,38
26997,110,103,7,7
26998,61,64,-3,3
26999,90,94,-4,4
27000,126,127,-1,1
27001,98,101,-3,3
27002,59,59,0,0
27003,93,99,-6,6
27004,76,69,7,7
27005,75,71,4,4
27006,85,95,-10,10
27007,149,142,7,7
27008,89,89,0,0
27009,112,110,2,2
27010,88,85,3,3
27011,65,63,2,2
27012,86,83,3,3
27013,64,70,-6,6
27014,81,92,-11,11
27015,86,91,-5,5
27016,70,69,1,1
27017,150,135,15,15
27018,102,89,13,13
27019,92,85,7,7
27020,47,53,-6,6
27021,92,98,-6,6
27022,108,112,-4,4
27023,85,90,-5,5
27024,127,131,-4,4
27025,114,109,5,5
27026,89,82,7,7
27027,98,100,-2,2
27028,47,59,-12,12
27029,95,110,-15,15
27030,174,184,-10,10
27031,74,77,-3,3
27032,214,222,-8,8
27033,35,42,-7,7
27034,202,220,-18,18
27035,83,87,-4,4
27036,125,123,2,2
27037,109,98,11,11
27038,54,66,-12,12
27039,56,47,9,9
27040,71,69,2,2
27041,81,88,-7,7
27042,78,77,1,1
27043,61,61,0,0
27044,77,76,1,1
27045,114,114,0,0
27046,59,64,-5,5
27047,116,134,-18,18
27048,49,65,-16,16
27049,66,82,-16,16
27050,91,88,3,3
27051,98,103,-5,5
27052,73,72,1,1
27053,78,76,2,2
27054,105,125,-20,20
27055,112,110,2,2
27056,84,86,-2,2
27057,78,67,11,11
27058,112,123,-11,11
27059,178,153,25,25
27060,134,142,-8,8
27061,93,95,-2,2
27062,99,102,-3,3
27063,67,69,-2,2
27064,76,81,-5,5
27065,80,81,-1,1
27066,74,71,3,3
27067,83,83,0,0
27068,99,113,-14,14
27069,70,59,11,11
27070,64,65,-1,1
27071,128,129,-1,1
27072,93,90,3,3
27073,65,63,2,2
27074,40,46,-6,6
27075,133,130,3,3
27076,97,101,-4,4
27077,89,95,-6,6
27078,73,70,3,3
27079,102,90,12,12
27080,62,72,-10,10
27081,91,94,-3,3
27082,147,149,-2,2
27083,70,70,0,0
27084,71,74,-3,3
27085,86,85,1,1
27086,62,61,1,1
27087,104,94,10,10
27088,72,68,4,4
27089,52,57,-5,5
27090,38,44,-6,6
27091,67,82,-15,15
27092,196,198,-2,2
27093,47,47,0,0
27094,51,52,-1,1
27095,88,96,-8,8
27096,96,97,-1,1
27097,42,50,-8,8
27098,101,105,-4,4
27099,105,101,4,4
27100,70,69,1,1
27101,87,98,-11,11
27102,120,131,-11,11
27103,71,73,-2,2
27104,118,114,4,4
27105,71,84,-13,13
27106,101,115,-14,14
27107,80,78,2,2
27108,107,100,7,7
27109,87,83,4,4
27110,60,79,-19,19
27111,56,58,-2,2
27112,79,67,12,12
27113,148,147,1,1
27114,75,75,0,0
27115,53,54,-1,1
27116,88,93,-5,5
27117,104,136,-32,32
27118,77,64,13,13
27119,53,51,2,2
27120,114,114,0,0
27121,74,67,7,7
27122,73,80,-7,7
27123,127,126,1,1
27124,81,75,6,6
27125,127,130,-3,3
27126,139,124,15,15
27127,78,81,-3,3
27128,79,80,-1,1
27129,115,110,5,5
27130,125,114,11,11
27131,141,144,-3,3
27132,127,119,8,8
27133,105,104,1,1
27134,57,66,-9,9
27135,99,104,-5,5
27136,91,92,-1,1
27137,98,94,4,4
27138,114,127,-13,13
27139,74,76,-2,2
27140,143,132,11,11
27141,68,73,-5,5
27142,159,147,12,12
27143,69,64,5,5
27144,72,65,7,7
27145,48,50,-2,2
27146,110,116,-6,6
27147,86,86,0,0
27148,72,75,-3,3
27149,80,75,5,5
27150,70,80,-10,10
27151,37,49,-12,12
27152,79,80,-1,1
27153,53,48,5,5
27154,82,86,-4,4
27155,55,64,-9,9
27156,72,94,-22,22
27157,104,104,0,0
27158,81,90,-9,9
27159,131,143,-12,12
27160,110,106,4,4
27161,70,79,-9,9
27162,96,103,-7,7
27163,56,68,-12,12
27164,76,65,11,11
27165,87,90,-3,3
27166,100,98,2,2
27167,51,53,-2,2
27168,67,63,4,4
27169,50,56,-6,6
27170,72,84,-12,12
27171,69,78,-9,9
27172,96,103,-7,7
27173,90,92,-2,2
27174,84,85,-1,1
27175,136,143,-7,7
27176,83,83,0,0
27177,93,100,-7,7
27178,130,148,-18,18
27179,111,116,-5,5
27180,107,115,-8,8
27181,112,122,-10,10
27182,27,46,-19,19
27183,156,154,2,2
27184,102,102,0,0
27185,122,126,-4,4
27186,114,108,6,6
27187,39,43,-4,4
27188,137,133,4,4
27189,86,87,-1,1
27190,83,74,9,9
27191,148,145,3,3
27192,108,111,-3,3
27193,102,96,6,6
27194,95,98,-3,3
27195,52,59,-7,7
27196,78,83,-5,5
27197,99,99,0,0
27198,124,127,-3,3
27199,94,103,-9,9
27200,120,126,-6,6
27201,102,110,-8,8
27202,128,130,-2,2
27203,64,53,11,11
27204,78,71,7,7
27205,65,76,-11,11
27206,128,134,-6,6
27207,88,72,16,16
27208,63,71,-8,8
27209,86,94,-8,8
27210,102,100,2,2
27211,120,88,32,32
27212,95,100,-5,5
27213,83,80,3,3
27214,96,107,-11,11
27215,75,83,-8,8
27216,50,55,-5,5
27217,69,67,2,2
27218,118,106,12,12
27219,103,111,-8,8
27220,88,98,-10,10
27221,83,85,-2,2
27222,113,107,6,6
27223,89,86,3,3
27224,92,95,-3,3
27225,96,102,-6,6
27226,97,123,-26,26
27227,57,55,2,2
27228,70,74,-4,4
27229,79,94,-15,15
27230,81,81,0,0
27231,106,106,0,0
27232,178,172,6,6
27233,141,139,2,2
27234,97,99,-2,2
27235,152,164,-12,12
27236,82,81,1,1
27237,62,47,15,15
27238,69,77,-8,8
27239,145,145,0,0
27240,80,82,-2,2
27241,124,125,-1,1
27242,128,109,19,19
27243,147,126,21,21
27244,181,194,-13,13
27245,92,90,2,2
27246,48,55,-7,7
27247,144,147,-3,3
27248,54,66,-12,12
27249,116,115,1,1
27250,106,90,16,16
27251,72,72,0,0
27252,139,132,7,7
27253,153,158,-5,5
27254,105,97,8,8
27255,152,153,-1,1
27256,137,112,25,25
27257,123,126,-3,3
27258,49,55,-6,6
27259,80,87,-7,7
27260,63,58,5,5
27261,35,64,-29,29
27262,53,61,-8,8
27263,80,84,-4,4
27264,56,58,-2,2
27265,143,153,-10,10
27266,160,162,-2,2
27267,98,98,0,0
27268,98,95,3,3
27269,83,93,-10,10
27270,117,133,-16,16
27271,143,137,6,6
27272,91,96,-5,5
27273,60,67,-7,7
27274,106,98,8,8
27275,33,41,-8,8
27276,65,65,0,0
27277,79,77,2,2
27278,47,49,-2,2
27279,78,78,0,0
27280,108,114,-6,6
27281,59,65,-6,6
27282,75,87,-12,12
27283,130,139,-9,9
27284,75,86,-11,11
27285,89,94,-5,5
27286,85,79,6,6
27287,127,130,-3,3
27288,71,81,-10,10
27289,103,108,-5,5
27290,40,40,0,0
27291,57,73,-16,16
27292,142,143,-1,1
27293,61,71,-10,10
27294,77,71,6,6
27295,95,100,-5,5
27296,90,84,6,6
27297,101,112,-11,11
27298,64,61,3,3
27299,154,134,20,20
27300,90,91,-1,1
27301,103,102,1,1
27302,134,133,1,1
27303,96,93,3,3
27304,48,48,0,0
27305,88,80,8,8
27306,126,124,2,2
27307,80,75,5,5
27308,66,65,1,1
27309,43,49,-6,6
27310,71,71,0,0
27311,102,97,5,5
27312,78,75,3,3
27313,99,105,-6,6
27314,110,108,2,2
27315,105,112,-7,7
27316,103,115,-12,12
27317,103,105,-2,2
27318,62,79,-17,17
27319,92,93,-1,1
27320,68,75,-7,7
27321,94,101,-7,7
27322,97,98,-1,1
27323,50,67,-17,17
27324,46,78,-32,32
27325,76,74,2,2
27326,127,110,17,17
27327,55,53,2,2
27328,62,62,0,0
27329,114,119,-5,5
27330,70,57,13,13
27331,110,104,6,6
27332,115,116,-1,1
27333,102,94,8,8
27334,105,117,-12,12
27335,99,96,3,3
27336,122,127,-5,5
27337,69,70,-1,1
27338,69,67,2,2
27339,79,82,-3,3
27340,67,72,-5,5
27341,76,62,14,14
27342,54,58,-4,4
27343,96,92,4,4
27344,90,91,-1,1
27345,73,72,1,1
27346,76,76,0,0
27347,48,53,-5,5
27348,104,110,-6,6
27349,64,69,-5,5
27350,76,79,-3,3
27351,106,110,-4,4
27352,58,65,-7,7
27353,118,116,2,2
27354,78,88,-10,10
27355,119,128,-9,9
27356,64,72,-8,8
27357,144,114,30,30
27358,112,87,25,25
27359,60,61,-1,1
27360,58,87,-29,29
27361,148,168,-20,20
27362,70,70,0,0
27363,193,188,5,5
27364,90,94,-4,4
27365,50,67,-17,17
27366,94,90,4,4
27367,114,111,3,3
27368,57,60,-3,3
27369,72,85,-13,13
27370,97,84,13,13
27371,121,116,5,5
27372,96,94,2,2
27373,78,84,-6,6
27374,124,134,-10,10
27375,156,158,-2,2
27376,103,96,7,7
27377,117,121,-4,4
27378,75,61,14,14
27379,101,105,-4,4
27380,45,46,-1,1
27381,60,59,1,1
27382,124,126,-2,2
27383,129,129,0,0
27384,90,92,-2,2
27385,79,93,-14,14
27386,64,68,-4,4
27387,87,96,-9,9
27388,138,144,-6,6
27389,106,110,-4,4
27390,96,103,-7,7
27391,124,116,8,8
27392,78,86,-8,8
27393,99,100,-1,1
27394,208,180,28,28
27395,111,108,3,3
27396,107,94,13,13
27397,92,85,7,7
27398,87,77,10,10
27399,108,118,-10,10
27400,70,56,14,14
27401,115,119,-4,4
27402,86,94,-8,8
27403,86,86,0,0
27404,165,171,-6,6
27405,59,108,-49,49
27406,111,117,-6,6
27407,196,187,9,9
27408,99,99,0,0
27409,121,106,15,15
27410,57,58,-1,1
27411,78,76,2,2
27412,98,107,-9,9
27413,90,80,10,10
27414,89,91,-2,2
27415,97,97,0,0
27416,77,76,1,1
27417,78,77,1,1
27418,95,120,-25,25
27419,98,105,-7,7
27420,126,120,6,6
27421,107,108,-1,1
27422,83,83,0,0
27423,129,140,-11,11
27424,93,88,5,5
27425,210,192,18,18
27426,112,107,5,5
27427,51,59,-8,8
27428,93,92,1,1
27429,61,77,-16,16
27430,76,86,-10,10
27431,107,102,5,5
27432,115,97,18,18
27433,106,106,0,0
27434,77,82,-5,5
27435,102,112,-10,10
27436,54,63,-9,9
27437,81,76,5,5
27438,64,75,-11,11
27439,134,136,-2,2
27440,124,94,30,30
27441,49,71,-22,22
27442,90,105,-15,15
27443,72,65,7,7
27444,76,83,-7,7
27445,114,109,5,5
27446,59,71,-12,12
27447,97,123,-26,26
27448,96,89,7,7
27449,177,146,31,31
27450,111,107,4,4
27451,105,118,-13,13
27452,78,91,-13,13
27453,85,94,-9,9
27454,71,77,-6,6
27455,114,115,-1,1
27456,78,87,-9,9
27457,164,152,12,12
27458,75,82,-7,7
27459,128,129,-1,1
27460,105,124,-19,19
27461,75,74,1,1
27462,87,91,-4,4
27463,104,107,-3,3
27464,130,127,3,3
27465,101,105,-4,4
27466,81,81,0,0
27467,75,71,4,4
27468,115,119,-4,4
27469,80,73,7,7
27470,54,72,-18,18
27471,93,102,-9,9
27472,142,135,7,7
27473,41,49,-8,8
27474,78,84,-6,6
27475,62,61,1,1
27476,68,75,-7,7
27477,45,56,-11,11
27478,99,94,5,5
27479,92,87,5,5
27480,88,78,10,10
27481,134,140,-6,6
27482,112,102,10,10
27483,97,110,-13,13
27484,131,145,-14,14
27485,71,73,-2,2
27486,39,46,-7,7
27487,68,77,-9,9
27488,47,71,-24,24
27489,60,60,0,0
27490,151,115,36,36
27491,81,69,12,12
27492,104,103,1,1
27493,99,109,-10,10
27494,103,102,1,1
27495,84,77,7,7
27496,92,89,3,3
27497,108,108,0,0
27498,124,123,1,1
27499,68,73,-5,5
27500,107,127,-20,20
27501,97,77,20,20
27502,108,103,5,5
27503,54,69,-15,15
27504,75,76,-1,1
27505,43,58,-15,15
27506,105,105,0,0
27507,103,112,-9,9
27508,85,89,-4,4
27509,121,122,-1,1
27510,85,90,-5,5
27511,102,99,3,3
27512,113,122,-9,9
27513,70,74,-4,4
27514,120,116,4,4
27515,106,94,12,12
27516,72,76,-4,4
27517,89,90,-1,1
27518,90,86,4,4
27519,52,47,5,5
27520,78,82,-4,4
27521,88,92,-4,4
27522,290,253,37,37
27523,98,100,-2,2
27524,94,91,3,3
27525,130,124,6,6
27526,50,62,-12,12
27527,102,106,-4,4
27528,72,73,-1,1
27529,79,80,-1,1
27530,101,101,0,0
27531,88,80,8,8
27532,75,81,-6,6
27533,109,125,-16,16
27534,68,66,2,2
27535,117,117,0,0
27536,112,113,-1,1
27537,149,147,2,2
27538,94,97,-3,3
27539,73,73,0,0
27540,86,87,-1,1
27541,68,67,1,1
27542,94,93,1,1
27543,96,102,-6,6
27544,86,117,-31,31
27545,84,92,-8,8
27546,98,93,5,5
27547,149,135,14,14
27548,92,93,-1,1
27549,72,67,5,5
27550,108,112,-4,4
27551,85,98,-13,13
27552,92,98,-6,6
27553,72,78,-6,6
27554,73,79,-6,6
27555,91,95,-4,4
27556,167,181,-14,14
27557,78,85,-7,7
27558,50,57,-7,7
27559,96,78,18,18
27560,105,96,9,9
27561,102,102,0,0
27562,106,105,1,1
27563,138,131,7,7
27564,123,122,1,1
27565,76,77,-1,1
27566,95,93,2,2
27567,87,94,-7,7
27568,154,146,8,8
27569,75,81,-6,6
27570,137,128,9,9
27571,98,83,15,15
27572,96,103,-7,7
27573,68,72,-4,4
27574,66,73,-7,7
27575,96,101,-5,5
27576,99,102,-3,3
27577,53,66,-13,13
27578,36,65,-29,29
27579,79,81,-2,2
27580,108,107,1,1
27581,20,51,-31,31
27582,95,97,-2,2
27583,78,84,-6,6
27584,114,120,-6,6
27585,89,97,-8,8
27586,118,142,-24,24
27587,163,152,11,11
27588,64,68,-4,4
27589,50,58,-8,8
27590,65,70,-5,5
27591,91,91,0,0
27592,126,133,-7,7
27593,96,87,9,9
27594,115,115,0,0
27595,114,114,0,0
27596,139,122,17,17
27597,45,57,-12,12
27598,155,164,-9,9
27599,77,69,8,8
27600,105,95,10,10
27601,156,134,22,22
27602,90,93,-3,3
27603,105,99,6,6
27604,36,42,-6,6
27605,134,149,-15,15
27606,111,126,-15,15
27607,61,53,8,8
27608,97,97,0,0
27609,76,81,-5,5
27610,81,86,-5,5
27611,71,74,-3,3
27612,99,91,8,8
27613,98,106,-8,8
27614,89,90,-1,1
27615,153,152,1,1
27616,110,117,-7,7
27617,61,57,4,4
27618,72,74,-2,2
27619,107,113,-6,6
27620,107,108,-1,1
27621,116,110,6,6
27622,116,117,-1,1
27623,71,69,2,2
27624,95,91,4,4
27625,99,102,-3,3
27626,59,55,4,4
27627,107,132,-25,25
27628,130,128,2,2
27629,95,79,16,16
27630,165,158,7,7
27631,171,161,10,10
27632,93,109,-16,16
27633,79,89,-10,10
27634,175,171,4,4
27635,121,123,-2,2
27636,155,160,-5,5
27637,174,176,-2,2
27638,81,73,8,8
27639,57,58,-1,1
27640,180,155,25,25
27641,116,112,4,4
27642,162,159,3,3
27643,77,96,-19,19
27644,78,78,0,0
27645,111,115,-4,4
27646,87,72,15,15
27647,37,45,-8,8
27648,176,181,-5,5
27649,69,77,-8,8
27650,72,75,-3,3
27651,91,93,-2,2
27652,102,105,-3,3
27653,81,84,-3,3
27654,142,142,0,0
27655,189,166,23,23
27656,200,192,8,8
27657,61,69,-8,8
27658,89,92,-3,3
27659,94,105,-11,11
27660,88,89,-1,1
27661,85,75,10,10
27662,88,85,3,3
27663,52,60,-8,8
27664,61,88,-27,27
27665,79,91,-12,12
27666,141,138,3,3
27667,83,87,-4,4
27668,112,152,-40,40
27669,123,120,3,3
27670,54,52,2,2
27671,66,66,0,0
27672,117,121,-4,4
27673,73,76,-3,3
27674,70,84,-14,14
27675,66,60,6,6
27676,105,127,-22,22
27677,77,78,-1,1
27678,100,101,-1,1
27679,167,147,20,20
27680,73,74,-1,1
27681,130,128,2,2
27682,87,78,9,9
27683,85,80,5,5
27684,69,81,-12,12
27685,73,74,-1,1
27686,77,81,-4,4
27687,138,143,-5,5
27688,80,89,-9,9
27689,55,54,1,1
27690,117,109,8,8
27691,110,110,0,0
27692,60,61,-1,1
27693,96,88,8,8
27694,85,87,-2,2
27695,106,114,-8,8
27696,94,96,-2,2
27697,69,77,-8,8
27698,125,136,-11,11
27699,179,172,7,7
27700,86,86,0,0
27701,129,130,-1,1
27702,82,89,-7,7
27703,91,80,11,11
27704,150,145,5,5
27705,57,67,-10,10
27706,70,67,3,3
27707,134,121,13,13
27708,71,82,-11,11
27709,74,81,-7,7
27710,83,82,1,1
27711,82,104,-22,22
27712,70,70,0,0
27713,82,92,-10,10
27714,52,62,-10,10
27715,93,89,4,4
27716,54,48,6,6
27717,136,134,2,2
27718,72,78,-6,6
27719,86,116,-30,30
27720,108,123,-15,15
27721,93,91,2,2
27722,57,77,-20,20
27723,78,79,-1,1
27724,130,129,1,1
27725,83,86,-3,3
27726,116,86,30,30
27727,103,95,8,8
27728,79,83,-4,4
27729,43,51,-8,8
27730,100,106,-6,6
27731,77,81,-4,4
27732,127,128,-1,1
27733,83,80,3,3
27734,134,149,-15,15
27735,108,98,10,10
27736,122,116,6,6
27737,86,90,-4,4
27738,71,73,-2,2
27739,111,115,-4,4
27740,132,124,8,8
27741,200,209,-9,9
27742,77,78,-1,1
27743,131,117,14,14
27744,75,85,-10,10
27745,66,69,-3,3
27746,83,80,3,3
27747,155,152,3,3
27748,104,90,14,14
27749,85,78,7,7
27750,149,142,7,7
27751,198,264,-66,66
27752,68,83,-15,15
27753,143,122,21,21
27754,118,91,27,27
27755,75,68,7,7
27756,150,185,-35,35
27757,52,71,-19,19
27758,153,153,0,0
27759,88,95,-7,7
27760,101,100,1,1
27761,74,70,4,4
27762,102,83,19,19
27763,140,142,-2,2
27764,71,65,6,6
27765,110,88,22,22
27766,110,114,-4,4
27767,63,71,-8,8
27768,66,62,4,4
27769,49,53,-4,4
27770,54,53,1,1
27771,86,88,-2,2
27772,58,60,-2,2
27773,54,56,-2,2
27774,60,75,-15,15
27775,77,81,-4,4
27776,70,80,-10,10
27777,91,90,1,1
27778,112,108,4,4
27779,89,84,5,5
27780,80,78,2,2
27781,95,97,-2,2
27782,98,95,3,3
27783,91,95,-4,4
27784,117,126,-9,9
27785,76,82,-6,6
27786,126,161,-35,35
27787,131,114,17,17
27788,65,72,-7,7
27789,90,90,0,0
27790,77,77,0,0
27791,114,117,-3,3
27792,88,87,1,1
27793,90,87,3,3
27794,84,94,-10,10
27795,135,127,8,8
27796,95,96,-1,1
27797,94,105,-11,11
27798,106,103,3,3
27799,75,58,17,17
27800,115,114,1,1
27801,143,147,-4,4
27802,60,60,0,0
27803,68,55,13,13
27804,73,72,1,1
27805,168,152,16,16
27806,99,105,-6,6
27807,108,111,-3,3
27808,77,86,-9,9
27809,60,63,-3,3
27810,79,77,2,2
27811,103,123,-20,20
27812,120,126,-6,6
27813,137,155,-18,18
27814,80,90,-10,10
27815,78,86,-8,8
27816,49,56,-7,7
27817,97,112,-15,15
27818,104,108,-4,4
27819,172,164,8,8
27820,154,156,-2,2
27821,93,100,-7,7
27822,103,94,9,9
27823,51,60,-9,9
27824,72,72,0,0
27825,81,85,-4,4
27826,69,63,6,6
27827,111,104,7,7
27828,106,103,3,3
27829,143,135,8,8
27830,46,46,0,0
27831,118,124,-6,6
27832,136,114,22,22
27833,103,100,3,3
27834,115,115,0,0
27835,100,96,4,4
27836,130,129,1,1
27837,146,142,4,4
27838,106,106,0,0
27839,160,155,5,5
27840,151,124,27,27
27841,111,105,6,6
27842,132,124,8,8
27843,70,64,6,6
27844,95,95,0,0
27845,113,110,3,3
27846,100,120,-20,20
27847,84,79,5,5
27848,144,126,18,18
27849,75,79,-4,4
27850,127,119,8,8
27851,35,46,-11,11
27852,48,55,-7,7
27853,52,51,1,1
27854,110,113,-3,3
27855,109,109,0,0
27856,72,72,0,0
27857,99,99,0,0
27858,58,51,7,7
27859,81,74,7,7
27860,96,85,11,11
27861,71,74,-3,3
27862,122,99,23,23
27863,151,151,0,0
27864,92,84,8,8
27865,69,72,-3,3
27866,111,113,-2,2
27867,106,106,0,0
27868,122,119,3,3
27869,100,90,10,10
27870,62,63,-1,1
27871,77,81,-4,4
27872,111,110,1,1
27873,68,76,-8,8
27874,97,93,4,4
27875,118,95,23,23
27876,118,118,0,0
27877,97,90,7,7
27878,78,78,0,0
27879,146,147,-1,1
27880,99,99,0,0
27881,76,77,-1,1
27882,64,62,2,2
27883,48,48,0,0
27884,89,87,2,2
27885,59,67,-8,8
27886,74,75,-1,1
27887,72,81,-9,9
27888,83,82,1,1
27889,83,87,-4,4
27890,97,101,-4,4
27891,100,101,-1,1
27892,181,186,-5,5
27893,37,50,-13,13
27894,64,66,-2,2
27895,84,78,6,6
27896,68,79,-11,11
27897,54,58,-4,4
27898,85,84,1,1
27899,75,76,-1,1
27900,98,90,8,8
27901,147,146,1,1
27902,138,139,-1,1
27903,61,57,4,4
27904,83,88,-5,5
27905,158,153,5,5
27906,119,120,-1,1
27907,88,78,10,10
27908,119,118,1,1
27909,118,106,12,12
27910,68,74,-6,6
27911,49,54,-5,5
27912,112,102,10,10
27913,113,95,18,18
27914,83,85,-2,2
27915,81,88,-7,7
27916,31,40,-9,9
27917,87,82,5,5
27918,144,145,-1,1
27919,133,149,-16,16
27920,137,139,-2,2
27921,95,96,-1,1
27922,80,82,-2,2
27923,109,108,1,1
27924,90,97,-7,7
27925,70,73,-3,3
27926,66,73,-7,7
27927,81,75,6,6
27928,156,159,-3,3
27929,70,78,-8,8
27930,95,109,-14,14
27931,109,104,5,5
27932,61,119,-58,58
27933,40,48,-8,8
27934,138,153,-15,15
27935,96,88,8,8
27936,53,72,-19,19
27937,85,95,-10,10
27938,137,135,2,2
27939,113,112,1,1
27940,127,130,-3,3
27941,77,79,-2,2
27942,66,77,-11,11
27943,36,41,-5,5
27944,83,91,-8,8
27945,120,107,13,13
27946,55,57,-2,2
27947,61,67,-6,6
27948,68,67,1,1
27949,93,106,-13,13
27950,173,180,-7,7
27951,58,67,-9,9
27952,75,85,-10,10
27953,83,76,7,7
27954,141,150,-9,9
27955,67,70,-3,3
27956,35,46,-11,11
27957,63,70,-7,7
27958,52,57,-5,5
27959,183,167,16,16
27960,52,51,1,1
27961,72,75,-3,3
27962,77,81,-4,4
27963,61,54,7,7
27964,124,119,5,5
27965,78,89,-11,11
27966,123,120,3,3
27967,122,126,-4,4
27968,88,96,-8,8
27969,74,79,-5,5
27970,66,83,-17,17
27971,69,81,-12,12
27972,92,98,-6,6
27973,79,81,-2,2
27974,45,73,-28,28
27975,115,94,21,21
27976,143,144,-1,1
27977,99,104,-5,5
27978,129,143,-14,14
27979,103,105,-2,2
27980,90,104,-14,14
27981,88,88,0,0
27982,123,122,1,1
27983,175,151,24,24
27984,95,90,5,5
27985,105,113,-8,8
27986,65,76,-11,11
27987,66,70,-4,4
27988,137,129,8,8
27989,84,92,-8,8
27990,110,104,6,6
27991,118,110,8,8
27992,114,117,-3,3
27993,97,110,-13,13
27994,90,87,3,3
27995,124,122,2,2
27996,158,169,-11,11
27997,67,91,-24,24
27998,96,102,-6,6
27999,97,94,3,3
28000,108,109,-1,1
28001,106,106,0,0
28002,56,51,5,5
28003,69,68,1,1
28004,41,60,-19,19
28005,67,67,0,0
28006,172,175,-3,3
28007,53,57,-4,4
28008,94,86,8,8
28009,121,124,-3,3
28010,97,80,17,17
28011,91,86,5,5
28012,117,75,42,42
28013,125,152,-27,27
28014,59,64,-5,5
28015,114,110,4,4
28016,87,83,4,4
28017,106,112,-6,6
28018,77,81,-4,4
28019,135,124,11,11
28020,145,136,9,9
28021,72,71,1,1
28022,53,67,-14,14
28023,149,139,10,10
28024,101,103,-2,2
28025,76,80,-4,4
28026,87,94,-7,7
28027,73,74,-1,1
28028,107,119,-12,12
28029,67,51,16,16
28030,67,74,-7,7
28031,80,86,-6,6
28032,91,91,0,0
28033,91,80,11,11
28034,104,111,-7,7
28035,66,54,12,12
28036,90,91,-1,1
28037,71,89,-18,18
28038,118,108,10,10
28039,87,94,-7,7
28040,68,67,1,1
28041,114,121,-7,7
28042,117,119,-2,2
28043,130,131,-1,1
28044,134,151,-17,17
28045,125,125,0,0
28046,74,70,4,4
28047,88,92,-4,4
28048,56,76,-20,20
28049,116,112,4,4
28050,145,146,-1,1
28051,75,68,7,7
28052,71,83,-12,12
28053,50,53,-3,3
28054,97,95,2,2
28055,55,51,4,4
28056,52,50,2,2
28057,154,136,18,18
28058,132,127,5,5
28059,180,163,17,17
28060,68,78,-10,10
28061,86,87,-1,1
28062,147,157,-10,10
28063,68,81,-13,13
28064,80,79,1,1
28065,98,94,4,4
28066,109,123,-14,14
28067,88,97,-9,9
28068,78,89,-11,11
28069,86,81,5,5
28070,42,56,-14,14
28071,74,84,-10,10
28072,137,139,-2,2
28073,110,109,1,1
28074,76,85,-9,9
28075,64,66,-2,2
28076,150,139,11,11
28077,116,101,15,15
28078,74,80,-6,6
28079,69,64,5,5
28080,55,51,4,4
28081,114,124,-10,10
28082,178,182,-4,4
28083,78,76,2,2
28084,71,70,1,1
28085,80,86,-6,6
28086,119,137,-18,18
28087,59,65,-6,6
28088,75,69,6,6
28089,77,89,-12,12
28090,64,71,-7,7
28091,118,112,6,6
28092,141,140,1,1
28093,144,157,-13,13
28094,118,121,-3,3
28095,90,78,12,12
28096,96,99,-3,3
28097,107,106,1,1
28098,141,154,-13,13
28099,71,64,7,7
28100,94,93,1,1
28101,196,181,15,15
28102,93,103,-10,10
28103,122,113,9,9
28104,78,83,-5,5
28105,83,99,-16,16
28106,84,79,5,5
28107,65,60,5,5
28108,165,178,-13,13
28109,116,133,-17,17
28110,91,83,8,8
28111,69,65,4,4
28112,87,84,3,3
28113,94,102,-8,8
28114,113,112,1,1
28115,169,177,-8,8
28116,112,104,8,8
28117,85,95,-10,10
28118,113,109,4,4
28119,145,133,12,12
28120,53,58,-5,5
28121,97,99,-2,2
28122,102,110,-8,8
28123,107,113,-6,6
28124,88,87,1,1
28125,76,73,3,3
28126,46,53,-7,7
28127,83,90,-7,7
28128,99,94,5,5
28129,118,120,-2,2
28130,85,81,4,4
28131,112,116,-4,4
28132,120,119,1,1
28133,246,233,13,13
28134,124,117,7,7
28135,64,66,-2,2
28136,118,112,6,6
28137,118,114,4,4
28138,78,83,-5,5
28139,74,81,-7,7
28140,86,84,2,2
28141,90,83,7,7
28142,132,144,-12,12
28143,125,123,2,2
28144,70,68,2,2
28145,69,68,1,1
28146,119,112,7,7
28147,144,136,8,8
28148,172,162,10,10
28149,83,79,4,4
28150,99,97,2,2
28151,104,108,-4,4
28152,127,123,4,4
28153,78,72,6,6
28154,110,102,8,8
28155,53,60,-7,7
28156,79,88,-9,9
28157,47,49,-2,2
28158,123,104,19,19
28159,132,139,-7,7
28160,104,109,-5,5
28161,127,129,-2,2
28162,105,102,3,3
28163,65,73,-8,8
28164,100,103,-3,3
28165,192,190,2,2
28166,61,93,-32,32
28167,106,116,-10,10
28168,38,80,-42,42
28169,186,167,19,19
28170,166,153,13,13
28171,122,120,2,2
28172,141,131,10,10
28173,122,138,-16,16
28174,39,59,-20,20
28175,117,124,-7,7
28176,128,130,-2,2
28177,148,149,-1,1
28178,118,124,-6,6
28179,96,102,-6,6
28180,72,79,-7,7
28181,76,80,-4,4
28182,63,62,1,1
28183,84,86,-2,2
28184,102,103,-1,1
28185,75,81,-6,6
28186,92,95,-3,3
28187,69,76,-7,7
28188,94,81,13,13
28189,70,62,8,8
28190,112,105,7,7
28191,87,86,1,1
28192,68,73,-5,5
28193,123,131,-8,8
28194,81,71,10,10
28195,116,136,-20,20
28196,82,85,-3,3
28197,149,138,11,11
28198,60,82,-22,22
28199,59,71,-12,12
28200,110,93,17,17
28201,89,115,-26,26
28202,114,114,0,0
28203,128,128,0,0
28204,57,64,-7,7
28205,77,91,-14,14
28206,85,84,1,1
28207,194,200,-6,6
28208,72,85,-13,13
28209,75,83,-8,8
28210,57,79,-22,22
28211,165,157,8,8
28212,99,97,2,2
28213,84,81,3,3
28214,89,94,-5,5
28215,64,68,-4,4
28216,115,128,-13,13
28217,81,88,-7,7
28218,96,110,-14,14
28219,134,138,-4,4
28220,74,72,2,2
28221,121,146,-25,25
28222,81,94,-13,13
28223,58,61,-3,3
28224,77,72,5,5
28225,97,98,-1,1
28226,66,58,8,8
28227,104,105,-1,1
28228,112,120,-8,8
28229,59,70,-11,11
28230,151,144,7,7
28231,111,102,9,9
28232,133,137,-4,4
28233,76,78,-2,2
28234,93,93,0,0
28235,76,75,1,1
28236,85,82,3,3
28237,151,157,-6,6
28238,76,78,-2,2
28239,79,78,1,1
28240,172,194,-22,22
28241,148,138,10,10
28242,89,91,-2,2
28243,87,82,5,5
28244,128,133,-5,5
28245,71,83,-12,12
28246,72,68,4,4
28247,77,77,0,0
28248,100,105,-5,5
28249,107,118,-11,11
28250,86,90,-4,4
28251,81,76,5,5
28252,93,95,-2,2
28253,56,57,-1,1
28254,138,138,0,0
28255,77,81,-4,4
28256,175,179,-4,4
28257,72,75,-3,3
28258,93,96,-3,3
28259,92,92,0,0
28260,104,123,-19,19
28261,132,102,30,30
28262,81,86,-5,5
28263,71,83,-12,12
28264,140,142,-2,2
28265,102,90,12,12
28266,53,50,3,3
28267,87,92,-5,5
28268,147,151,-4,4
28269,93,104,-11,11
28270,65,68,-3,3
28271,154,145,9,9
28272,222,211,11,11
28273,107,104,3,3
28274,81,79,2,2
28275,59,59,0,0
28276,63,69,-6,6
28277,100,99,1,1
28278,89,83,6,6
28279,70,63,7,7
28280,90,92,-2,2
28281,135,146,-11,11
28282,112,112,0,0
28283,102,102,0,0
28284,126,139,-13,13
28285,87,96,-9,9
28286,98,103,-5,5
28287,128,119,9,9
28288,54,55,-1,1
28289,88,93,-5,5
28290,79,60,19,19
28291,177,175,2,2
28292,110,112,-2,2
28293,68,76,-8,8
28294,126,130,-4,4
28295,115,117,-2,2
28296,105,112,-7,7
28297,86,85,1,1
28298,66,105,-39,39
28299,65,61,4,4
28300,78,90,-12,12
28301,87,96,-9,9
28302,108,108,0,0
28303,46,63,-17,17
28304,106,105,1,1
28305,127,127,0,0
28306,137,145,-8,8
28307,84,75,9,9
28308,73,80,-7,7
28309,70,76,-6,6
28310,76,77,-1,1
28311,84,82,2,2
28312,125,86,39,39
28313,73,84,-11,11
28314,176,186,-10,10
28315,97,82,15,15
28316,128,128,0,0
28317,74,75,-1,1
28318,145,150,-5,5
28319,93,98,-5,5
28320,70,78,-8,8
28321,67,80,-13,13
28322,84,92,-8,8
28323,59,65,-6,6
28324,92,94,-2,2
28325,112,102,10,10
28326,51,55,-4,4
28327,56,56,0,0
28328,92,90,2,2
28329,49,54,-5,5
28330,98,91,7,7
28331,71,76,-5,5
28332,72,73,-1,1
28333,68,77,-9,9
28334,87,97,-10,10
28335,121,120,1,1
28336,94,99,-5,5
28337,76,84,-8,8
28338,112,107,5,5
28339,69,64,5,5
28340,113,115,-2,2
28341,129,136,-7,7
28342,105,115,-10,10
28343,99,111,-12,12
28344,58,58,0,0
28345,130,128,2,2
28346,85,79,6,6
28347,73,73,0,0
28348,56,51,5,5
28349,97,107,-10,10
28350,104,100,4,4
28351,73,82,-9,9
28352,111,105,6,6
28353,73,68,5,5
28354,98,92,6,6
28355,102,110,-8,8
28356,80,76,4,4
28357,47,50,-3,3
28358,102,108,-6,6
28359,76,80,-4,4
28360,69,81,-12,12
28361,85,89,-4,4
28362,111,112,-1,1
28363,34,52,-18,18
28364,137,149,-12,12
28365,79,79,0,0
28366,72,83,-11,11
28367,62,63,-1,1
28368,91,97,-6,6
28369,82,85,-3,3
28370,120,139,-19,19
28371,92,100,-8,8
28372,110,116,-6,6
28373,122,131,-9,9
28374,119,119,0,0
28375,183,187,-4,4
28376,61,68,-7,7
28377,97,95,2,2
28378,117,122,-5,5
28379,71,78,-7,7
28380,100,88,12,12
28381,119,119,0,0
28382,94,86,8,8
28383,94,95,-1,1
28384,97,88,9,9
28385,62,66,-4,4
28386,74,77,-3,3
28387,104,111,-7,7
28388,143,149,-6,6
28389,74,76,-2,2
28390,126,128,-2,2
28391,64,80,-16,16
28392,97,93,4,4
28393,82,84,-2,2
28394,56,65,-9,9
28395,98,107,-9,9
28396,139,138,1,1
28397,102,106,-4,4
28398,100,106,-6,6
28399,115,98,17,17
28400,138,123,15,15
28401,39,49,-10,10
28402,132,140,-8,8
28403,127,133,-6,6
28404,98,96,2,2
28405,83,78,5,5
28406,106,112,-6,6
28407,161,151,10,10
28408,77,66,11,11
28409,76,87,-11,11
28410,96,91,5,5
28411,107,113,-6,6
28412,85,275,-190,190
28413,79,85,-6,6
28414,102,99,3,3
28415,57,52,5,5
28416,79,81,-2,2
28417,76,92,-16,16
28418,82,88,-6,6
28419,56,58,-2,2
28420,84,83,1,1
28421,110,102,8,8
28422,183,169,14,14
28423,118,129,-11,11
28424,100,96,4,4
28425,109,105,4,4
28426,101,105,-4,4
28427,57,65,-8,8
28428,89,111,-22,22
28429,148,147,1,1
28430,202,207,-5,5
28431,137,144,-7,7
28432,91,90,1,1
28433,112,103,9,9
28434,68,82,-14,14
28435,83,82,1,1
28436,72,69,3,3
28437,79,75,4,4
28438,116,119,-3,3
28439,54,55,-1,1
28440,87,91,-4,4
28441,82,82,0,0
28442,104,103,1,1
28443,126,134,-8,8
28444,106,114,-8,8
28445,116,111,5,5
28446,91,100,-9,9
28447,77,76,1,1
28448,123,147,-24,24
28449,145,138,7,7
28450,88,81,7,7
28451,95,115,-20,20
28452,79,83,-4,4
28453,91,100,-9,9
28454,133,126,7,7
28455,165,189,-24,24
28456,61,71,-10,10
28457,63,64,-1,1
28458,120,119,1,1
28459,54,53,1,1
28460,145,156,-11,11
28461,130,133,-3,3
28462,68,90,-22,22
28463,55,59,-4,4
28464,90,88,2,2
28465,102,97,5,5
28466,52,54,-2,2
28467,102,105,-3,3
28468,162,167,-5,5
28469,85,92,-7,7
28470,81,83,-2,2
28471,57,50,7,7
28472,82,74,8,8
28473,135,86,49,49
28474,43,53,-10,10
28475,82,76,6,6
28476,66,72,-6,6
28477,102,107,-5,5
28478,70,74,-4,4
28479,151,153,-2,2
28480,127,132,-5,5
28481,77,86,-9,9
28482,137,115,22,22
28483,83,76,7,7
28484,183,175,8,8
28485,43,43,0,0
28486,129,128,1,1
28487,58,57,1,1
28488,73,85,-12,12
28489,67,62,5,5
28490,57,62,-5,5
28491,133,149,-16,16
28492,76,87,-11,11
28493,87,87,0,0
28494,76,80,-4,4
28495,99,89,10,10
28496,95,93,2,2
28497,56,55,1,1
28498,146,139,7,7
28499,123,109,14,14
28500,93,121,-28,28
28501,71,79,-8,8
28502,97,90,7,7
28503,122,115,7,7
28504,97,105,-8,8
28505,86,84,2,2
28506,87,93,-6,6
28507,134,132,2,2
28508,99,110,-11,11
28509,135,139,-4,4
28510,85,89,-4,4
28511,132,135,-3,3
28512,54,51,3,3
28513,77,89,-12,12
28514,63,72,-9,9
28515,138,144,-6,6
28516,58,62,-4,4
28517,141,126,15,15
28518,161,168,-7,7
28519,105,121,-16,16
28520,107,115,-8,8
28521,153,171,-18,18
28522,90,82,8,8
28523,147,152,-5,5
28524,92,102,-10,10
28525,34,36,-2,2
28526,90,97,-7,7
28527,50,53,-3,3
28528,83,84,-1,1
28529,127,142,-15,15
28530,59,53,6,6
28531,57,58,-1,1
28532,115,120,-5,5
28533,91,98,-7,7
28534,143,137,6,6
28535,119,114,5,5
28536,97,100,-3,3
28537,155,164,-9,9
28538,128,128,0,0
28539,67,72,-5,5
28540,60,64,-4,4
28541,103,99,4,4
28542,128,131,-3,3
28543,100,102,-2,2
28544,71,76,-5,5
28545,85,88,-3,3
28546,74,74,0,0
28547,172,144,28,28
28548,73,68,5,5
28549,51,62,-11,11
28550,76,81,-5,5
28551,110,116,-6,6
28552,125,119,6,6
28553,49,55,-6,6
28554,145,140,5,5
28555,81,79,2,2
28556,79,98,-19,19
28557,108,109,-1,1
28558,95,96,-1,1
28559,66,62,4,4
28560,78,80,-2,2
28561,41,50,-9,9
28562,89,81,8,8
28563,60,71,-11,11
28564,88,81,7,7
28565,54,65,-11,11
28566,112,106,6,6
28567,135,124,11,11
28568,123,122,1,1
28569,76,98,-22,22
28570,82,79,3,3
28571,38,42,-4,4
28572,51,58,-7,7
28573,33,47,-14,14
28574,100,94,6,6
28575,64,75,-11,11
28576,98,104,-6,6
28577,104,106,-2,2
28578,108,115,-7,7
28579,112,110,2,2
28580,54,59,-5,5
28581,75,82,-7,7
28582,89,97,-8,8
28583,137,126,11,11
28584,66,60,6,6
28585,81,81,0,0
28586,91,97,-6,6
28587,84,85,-1,1
28588,52,46,6,6
28589,64,80,-16,16
28590,176,179,-3,3
28591,59,67,-8,8
28592,70,64,6,6
28593,69,53,16,16
28594,83,114,-31,31
28595,71,81,-10,10
28596,61,66,-5,5
28597,65,61,4,4
28598,94,116,-22,22
28599,53,60,-7,7
28600,66,54,12,12
28601,93,92,1,1
28602,66,67,-1,1
28603,75,83,-8,8
28604,96,111,-15,15
28605,66,66,0,0
28606,158,127,31,31
28607,80,70,10,10
28608,67,68,-1,1
28609,67,72,-5,5
28610,79,73,6,6
28611,57,53,4,4
28612,66,71,-5,5
28613,44,45,-1,1
28614,59,63,-4,4
28615,150,138,12,12
28616,128,126,2,2
28617,74,83,-9,9
28618,38,58,-20,20
28619,51,55,-4,4
28620,123,122,1,1
28621,61,61,0,0
28622,77,67,10,10
28623,61,68,-7,7
28624,94,88,6,6
28625,104,108,-4,4
28626,62,70,-8,8
28627,115,108,7,7
28628,122,108,14,14
28629,96,113,-17,17
28630,84,87,-3,3
28631,119,98,21,21
28632,99,97,2,2
28633,85,86,-1,1
28634,118,111,7,7
28635,144,138,6,6
28636,54,54,0,0
28637,152,149,3,3
28638,47,55,-8,8
28639,67,61,6,6
28640,81,82,-1,1
28641,125,127,-2,2
28642,104,98,6,6
28643,63,77,-14,14
28644,71,68,3,3
28645,56,64,-8,8
28646,144,139,5,5
28647,125,144,-19,19
28648,64,61,3,3
28649,108,98,10,10
28650,87,83,4,4
28651,66,80,-14,14
28652,83,84,-1,1
28653,102,100,2,2
28654,120,123,-3,3
28655,114,114,0,0
28656,114,114,0,0
28657,148,148,0,0
28658,100,97,3,3
28659,76,89,-13,13
28660,53,62,-9,9
28661,104,109,-5,5
28662,101,109,-8,8
28663,93,95,-2,2
28664,50,34,16,16
28665,47,57,-10,10
28666,137,140,-3,3
28667,109,110,-1,1
28668,83,96,-13,13
28669,32,41,-9,9
28670,69,65,4,4
28671,92,95,-3,3
28672,78,93,-15,15
28673,96,117,-21,21
28674,92,92,0,0
28675,53,57,-4,4
28676,144,145,-1,1
28677,107,101,6,6
28678,112,113,-1,1
28679,72,63,9,9
28680,108,101,7,7
28681,84,80,4,4
28682,54,55,-1,1
28683,82,109,-27,27
28684,98,93,5,5
28685,73,84,-11,11
28686,50,62,-12,12
28687,89,90,-1,1
28688,66,65,1,1
28689,140,146,-6,6
28690,97,103,-6,6
28691,77,81,-4,4
28692,106,83,23,23
28693,73,74,-1,1
28694,122,120,2,2
28695,80,68,12,12
28696,60,59,1,1
28697,90,85,5,5
28698,83,83,0,0
28699,86,87,-1,1
28700,33,36,-3,3
28701,134,133,1,1
28702,117,121,-4,4
28703,60,55,5,5
28704,116,121,-5,5
28705,110,119,-9,9
28706,129,133,-4,4
28707,88,89,-1,1
28708,76,74,2,2
28709,171,172,-1,1
28710,98,85,13,13
28711,100,93,7,7
28712,66,50,16,16
28713,140,133,7,7
28714,101,88,13,13
28715,61,60,1,1
28716,89,94,-5,5
28717,93,102,-9,9
28718,101,95,6,6
28719,63,74,-11,11
28720,85,95,-10,10
28721,94,99,-5,5
28722,114,140,-26,26
28723,104,111,-7,7
28724,78,79,-1,1
28725,108,126,-18,18
28726,57,61,-4,4
28727,38,71,-33,33
28728,69,80,-11,11
28729,106,116,-10,10
28730,77,78,-1,1
28731,235,249,-14,14
28732,98,101,-3,3
28733,111,116,-5,5
28734,70,86,-16,16
28735,102,96,6,6
28736,92,97,-5,5
28737,67,72,-5,5
28738,83,93,-10,10
28739,71,61,10,10
28740,92,74,18,18
28741,59,64,-5,5
28742,90,90,0,0
28743,71,71,0,0
28744,52,60,-8,8
28745,109,102,7,7
28746,105,118,-13,13
28747,79,66,13,13
28748,81,60,21,21
28749,84,87,-3,3
28750,80,70,10,10
28751,56,66,-10,10
28752,84,80,4,4
28753,44,53,-9,9
28754,85,84,1,1
28755,62,68,-6,6
28756,83,83,0,0
28757,59,82,-23,23
28758,92,88,4,4
28759,99,107,-8,8
28760,131,150,-19,19
28761,58,60,-2,2
28762,164,157,7,7
28763,132,127,5,5
28764,73,72,1,1
28765,82,82,0,0
28766,57,62,-5,5
28767,97,112,-15,15
28768,26,44,-18,18
28769,107,96,11,11
28770,88,84,4,4
28771,84,77,7,7
28772,82,85,-3,3
28773,141,163,-22,22
28774,78,73,5,5
28775,146,156,-10,10
28776,84,76,8,8
28777,93,87,6,6
28778,74,74,0,0
28779,139,134,5,5
28780,125,130,-5,5
28781,65,63,2,2
28782,101,114,-13,13
28783,114,126,-12,12
28784,54,62,-8,8
28785,99,94,5,5
28786,83,70,13,13
28787,128,123,5,5
28788,90,96,-6,6
28789,77,82,-5,5
28790,68,58,10,10
28791,78,94,-16,16
28792,76,76,0,0
28793,85,84,1,1
28794,106,113,-7,7
28795,207,182,25,25
28796,105,109,-4,4
28797,110,115,-5,5
28798,86,81,5,5
28799,166,143,23,23
28800,118,127,-9,9
28801,99,91,8,8
28802,80,91,-11,11
28803,27,49,-22,22
28804,125,117,8,8
28805,92,96,-4,4
28806,85,82,3,3
28807,91,94,-3,3
28808,61,62,-1,1
28809,86,87,-1,1
28810,50,59,-9,9
28811,101,109,-8,8
28812,79,73,6,6
28813,82,101,-19,19
28814,63,54,9,9
28815,100,97,3,3
28816,103,88,15,15
28817,150,145,5,5
28818,86,76,10,10
28819,72,83,-11,11
28820,54,54,0,0
28821,136,145,-9,9
28822,60,56,4,4
28823,118,120,-2,2
28824,64,59,5,5
28825,78,73,5,5
28826,76,76,0,0
28827,145,138,7,7
28828,62,67,-5,5
28829,98,103,-5,5
28830,100,103,-3,3
28831,142,138,4,4
28832,77,91,-14,14
28833,81,93,-12,12
28834,79,81,-2,2
28835,78,78,0,0
28836,84,90,-6,6
28837,63,60,3,3
28838,94,94,0,0
28839,89,87,2,2
28840,78,76,2,2
28841,132,143,-11,11
28842,151,146,5,5
28843,156,146,10,10
28844,41,63,-22,22
28845,106,114,-8,8
28846,99,98,1,1
28847,42,53,-11,11
28848,79,72,7,7
28849,60,79,-19,19
28850,136,138,-2,2
28851,130,137,-7,7
28852,136,149,-13,13
28853,81,73,8,8
28854,112,110,2,2
28855,60,73,-13,13
28856,93,82,11,11
28857,103,106,-3,3
28858,180,174,6,6
28859,93,90,3,3
28860,172,173,-1,1
28861,95,110,-15,15
28862,79,90,-11,11
28863,55,62,-7,7
28864,105,112,-7,7
28865,118,120,-2,2
28866,111,118,-7,7
28867,66,72,-6,6
28868,146,138,8,8
28869,81,122,-41,41
28870,75,68,7,7
28871,79,90,-11,11
28872,64,64,0,0
28873,97,101,-4,4
28874,103,104,-1,1
28875,68,70,-2,2
28876,74,82,-8,8
28877,80,66,14,14
28878,90,70,20,20
28879,59,62,-3,3
28880,109,122,-13,13
28881,90,88,2,2
28882,71,77,-6,6
28883,108,113,-5,5
28884,83,78,5,5
28885,130,126,4,4
28886,85,91,-6,6
28887,49,59,-10,10
28888,73,72,1,1
28889,104,110,-6,6
28890,131,137,-6,6
28891,69,69,0,0
28892,102,100,2,2
28893,74,73,1,1
28894,58,59,-1,1
28895,167,160,7,7
28896,144,129,15,15
28897,108,111,-3,3
28898,70,70,0,0
28899,84,87,-3,3
28900,50,57,-7,7
28901,68,72,-4,4
28902,128,136,-8,8
28903,106,101,5,5
28904,63,69,-6,6
28905,61,104,-43,43
28906,82,82,0,0
28907,100,105,-5,5
28908,92,88,4,4
28909,75,82,-7,7
28910,132,132,0,0
28911,85,94,-9,9
28912,183,176,7,7
28913,115,113,2,2
28914,125,122,3,3
28915,99,100,-1,1
28916,102,103,-1,1
28917,125,133,-8,8
28918,75,78,-3,3
28919,173,168,5,5
28920,66,74,-8,8
28921,90,82,8,8
28922,88,88,0,0
28923,124,122,2,2
28924,70,65,5,5
28925,93,87,6,6
28926,64,63,1,1
28927,60,56,4,4
28928,134,148,-14,14
28929,104,97,7,7
28930,44,48,-4,4
28931,109,97,12,12
28932,68,62,6,6
28933,81,80,1,1
28934,103,109,-6,6
28935,99,110,-11,11
28936,80,81,-1,1
28937,104,108,-4,4
28938,67,82,-15,15
28939,126,127,-1,1
28940,53,57,-4,4
28941,135,129,6,6
28942,95,88,7,7
28943,95,103,-8,8
28944,63,67,-4,4
28945,140,127,13,13
28946,71,79,-8,8
28947,79,76,3,3
28948,47,85,-38,38
28949,87,112,-25,25
28950,57,61,-4,4
28951,81,87,-6,6
28952,53,55,-2,2
28953,88,99,-11,11
28954,109,115,-6,6
28955,85,88,-3,3
28956,114,115,-1,1
28957,81,94,-13,13
28958,85,96,-11,11
28959,95,103,-8,8
28960,61,70,-9,9
28961,65,67,-2,2
28962,47,72,-25,25
28963,57,59,-2,2
28964,66,73,-7,7
28965,86,90,-4,4
28966,76,81,-5,5
28967,143,140,3,3
28968,79,100,-21,21
28969,87,82,5,5
28970,99,98,1,1
28971,103,119,-16,16
28972,83,79,4,4
28973,116,113,3,3
28974,128,125,3,3
28975,159,151,8,8
28976,113,107,6,6
28977,124,123,1,1
28978,81,94,-13,13
28979,66,55,11,11
28980,82,74,8,8
28981,58,63,-5,5
28982,101,120,-19,19
28983,67,91,-24,24
28984,97,87,10,10
28985,78,81,-3,3
28986,104,114,-10,10
28987,117,112,5,5
28988,82,96,-14,14
28989,125,129,-4,4
28990,152,149,3,3
28991,92,92,0,0
28992,128,123,5,5
28993,68,71,-3,3
28994,101,96,5,5
28995,96,104,-8,8
28996,98,98,0,0
28997,134,130,4,4
28998,106,111,-5,5
28999,54,55,-1,1
29000,88,102,-14,14
29001,66,71,-5,5
29002,99,98,1,1
29003,82,87,-5,5
29004,118,128,-10,10
29005,66,65,1,1
29006,96,92,4,4
29007,139,138,1,1
29008,25,53,-28,28
29009,123,121,2,2
29010,130,133,-3,3
29011,92,87,5,5
29012,80,86,-6,6
29013,67,60,7,7
29014,71,68,3,3
29015,92,93,-1,1
29016,113,106,7,7
29017,67,85,-18,18
29018,58,64,-6,6
29019,39,96,-57,57
29020,78,88,-10,10
29021,113,102,11,11
29022,50,56,-6,6
29023,66,70,-4,4
29024,88,88,0,0
29025,88,108,-20,20
29026,131,125,6,6
29027,64,81,-17,17
29028,91,91,0,0
29029,101,96,5,5
29030,110,112,-2,2
29031,56,65,-9,9
29032,77,78,-1,1
29033,129,134,-5,5
29034,91,108,-17,17
29035,97,104,-7,7
29036,98,100,-2,2
29037,75,77,-2,2
29038,109,96,13,13
29039,64,72,-8,8
29040,71,73,-2,2
29041,54,66,-12,12
29042,59,60,-1,1
29043,145,151,-6,6
29044,86,85,1,1
29045,56,50,6,6
29046,79,85,-6,6
29047,114,115,-1,1
29048,65,73,-8,8
29049,104,106,-2,2
29050,61,68,-7,7
29051,155,155,0,0
29052,106,101,5,5
29053,48,70,-22,22
29054,173,155,18,18
29055,31,57,-26,26
29056,87,93,-6,6
29057,147,148,-1,1
29058,79,74,5,5
29059,92,104,-12,12
29060,100,92,8,8
29061,118,137,-19,19
29062,83,85,-2,2
29063,72,73,-1,1
29064,101,96,5,5
29065,83,88,-5,5
29066,94,96,-2,2
29067,103,115,-12,12
29068,73,72,1,1
29069,179,186,-7,7
29070,115,111,4,4
29071,85,84,1,1
29072,101,102,-1,1
29073,130,136,-6,6
29074,155,171,-16,16
29075,65,61,4,4
29076,116,123,-7,7
29077,71,91,-20,20
29078,78,83,-5,5
29079,129,136,-7,7
29080,78,73,5,5
29081,141,137,4,4
29082,139,132,7,7
29083,90,94,-4,4
29084,174,172,2,2
29085,92,93,-1,1
29086,76,78,-2,2
29087,40,50,-10,10
29088,36,34,2,2
29089,78,74,4,4
29090,89,94,-5,5
29091,63,70,-7,7
29092,79,77,2,2
29093,127,117,10,10
29094,61,64,-3,3
29095,118,61,57,57
29096,112,106,6,6
29097,131,131,0,0
29098,78,81,-3,3
29099,95,95,0,0
29100,75,74,1,1
29101,170,166,4,4
29102,97,100,-3,3
29103,62,64,-2,2
29104,130,125,5,5
29105,116,138,-22,22
29106,72,76,-4,4
29107,89,86,3,3
29108,95,105,-10,10
29109,82,86,-4,4
29110,54,61,-7,7
29111,102,104,-2,2
29112,106,101,5,5
29113,138,142,-4,4
29114,90,92,-2,2
29115,53,60,-7,7
29116,111,91,20,20
29117,91,90,1,1
29118,84,92,-8,8
29119,116,103,13,13
29120,119,118,1,1
29121,82,84,-2,2
29122,102,98,4,4
29123,64,61,3,3
29124,40,57,-17,17
29125,104,107,-3,3
29126,73,71,2,2
29127,92,91,1,1
29128,127,112,15,15
29129,155,153,2,2
29130,82,78,4,4
29131,86,90,-4,4
29132,61,57,4,4
29133,136,127,9,9
29134,123,133,-10,10
29135,40,52,-12,12
29136,103,96,7,7
29137,145,151,-6,6
29138,92,103,-11,11
29139,60,84,-24,24
29140,71,73,-2,2
29141,63,64,-1,1
29142,51,52,-1,1
29143,92,97,-5,5
29144,48,69,-21,21
29145,66,76,-10,10
29146,165,161,4,4
29147,114,110,4,4
29148,48,49,-1,1
29149,121,105,16,16
29150,134,131,3,3
29151,68,65,3,3
29152,34,62,-28,28
29153,68,67,1,1
29154,72,79,-7,7
29155,63,60,3,3
29156,59,71,-12,12
29157,94,91,3,3
29158,59,61,-2,2
29159,77,91,-14,14
29160,119,111,8,8
29161,134,138,-4,4
29162,120,118,2,2
29163,90,88,2,2
29164,79,76,3,3
29165,70,82,-12,12
29166,103,99,4,4
29167,111,99,12,12
29168,62,67,-5,5
29169,139,131,8,8
29170,138,150,-12,12
29171,213,222,-9,9
29172,73,72,1,1
29173,116,116,0,0
29174,135,140,-5,5
29175,77,73,4,4
29176,89,83,6,6
29177,40,43,-3,3
29178,82,73,9,9
29179,101,112,-11,11
29180,81,104,-23,23
29181,159,159,0,0
29182,89,93,-4,4
29183,74,89,-15,15
29184,106,102,4,4
29185,53,67,-14,14
29186,98,119,-21,21
29187,96,96,0,0
29188,116,128,-12,12
29189,68,73,-5,5
29190,74,72,2,2
29191,167,182,-15,15
29192,90,98,-8,8
29193,106,105,1,1
29194,62,58,4,4
29195,46,53,-7,7
29196,68,77,-9,9
29197,73,70,3,3
29198,78,86,-8,8
29199,58,55,3,3
29200,129,122,7,7
29201,79,91,-12,12
29202,92,89,3,3
29203,34,48,-14,14
29204,81,75,6,6
29205,73,62,11,11
29206,171,177,-6,6
29207,90,103,-13,13
29208,70,81,-11,11
29209,199,212,-13,13
29210,68,66,2,2
29211,161,162,-1,1
29212,46,49,-3,3
29213,61,63,-2,2
29214,112,105,7,7
29215,133,124,9,9
29216,91,88,3,3
29217,80,99,-19,19
29218,160,132,28,28
29219,90,90,0,0
29220,103,91,12,12
29221,87,83,4,4
29222,148,142,6,6
29223,183,122,61,61
29224,87,92,-5,5
29225,161,163,-2,2
29226,80,79,1,1
29227,128,133,-5,5
29228,123,122,1,1
29229,159,156,3,3
29230,48,55,-7,7
29231,77,80,-3,3
29232,87,89,-2,2
29233,53,59,-6,6
29234,118,113,5,5
29235,89,91,-2,2
29236,76,78,-2,2
29237,145,133,12,12
29238,125,118,7,7
29239,97,109,-12,12
29240,49,58,-9,9
29241,62,79,-17,17
29242,81,83,-2,2
29243,136,144,-8,8
29244,100,88,12,12
29245,187,223,-36,36
29246,105,116,-11,11
29247,176,157,19,19
29248,113,112,1,1
29249,115,129,-14,14
29250,86,91,-5,5
29251,120,117,3,3
29252,74,81,-7,7
29253,86,95,-9,9
29254,99,119,-20,20
29255,70,69,1,1
29256,109,114,-5,5
29257,110,110,0,0
29258,102,109,-7,7
29259,156,146,10,10
29260,107,108,-1,1
29261,53,56,-3,3
29262,121,113,8,8
29263,97,94,3,3
29264,103,117,-14,14
29265,66,61,5,5
29266,108,134,-26,26
29267,59,67,-8,8
29268,64,66,-2,2
29269,70,74,-4,4
29270,86,84,2,2
29271,118,110,8,8
29272,61,67,-6,6
29273,120,110,10,10
29274,112,110,2,2
29275,176,158,18,18
29276,61,63,-2,2
29277,89,100,-11,11
29278,115,104,11,11
29279,112,100,12,12
29280,110,109,1,1
29281,92,92,0,0
29282,124,117,7,7
29283,60,64,-4,4
29284,70,69,1,1
29285,98,95,3,3
29286,77,83,-6,6
29287,60,63,-3,3
29288,149,157,-8,8
29289,135,136,-1,1
29290,71,70,1,1
29291,47,57,-10,10
29292,141,121,20,20
29293,76,92,-16,16
29294,85,83,2,2
29295,66,63,3,3
29296,86,93,-7,7
29297,144,144,0,0
29298,74,83,-9,9
29299,181,174,7,7
29300,79,82,-3,3
29301,106,102,4,4
29302,138,133,5,5
29303,91,74,17,17
29304,76,75,1,1
29305,140,133,7,7
29306,77,77,0,0
29307,54,66,-12,12
29308,71,74,-3,3
29309,110,93,17,17
29310,90,93,-3,3
29311,116,124,-8,8
29312,83,82,1,1
29313,59,67,-8,8
29314,92,91,1,1
29315,144,141,3,3
29316,67,65,2,2
29317,105,100,5,5
29318,62,65,-3,3
29319,136,129,7,7
29320,111,113,-2,2
29321,64,69,-5,5
29322,73,59,14,14
29323,86,92,-6,6
29324,84,87,-3,3
29325,74,67,7,7
29326,135,134,1,1
29327,119,114,5,5
29328,83,89,-6,6
29329,102,103,-1,1
29330,84,91,-7,7
29331,66,126,-60,60
29332,47,43,4,4
29333,97,90,7,7
29334,106,111,-5,5
29335,75,74,1,1
29336,108,129,-21,21
29337,154,148,6,6
29338,91,87,4,4
29339,75,78,-3,3
29340,155,146,9,9
29341,75,90,-15,15
29342,211,196,15,15
29343,69,69,0,0
29344,52,58,-6,6
29345,84,75,9,9
29346,89,89,0,0
29347,79,76,3,3
29348,78,79,-1,1
29349,90,78,12,12
29350,305,292,13,13
29351,83,88,-5,5
29352,193,184,9,9
29353,124,134,-10,10
29354,46,47,-1,1
29355,85,82,3,3
29356,84,88,-4,4
29357,98,88,10,10
29358,72,71,1,1
29359,60,68,-8,8
29360,102,96,6,6
29361,92,93,-1,1
29362,102,101,1,1
29363,74,80,-6,6
29364,114,109,5,5
29365,86,96,-10,10
29366,114,121,-7,7
29367,151,167,-16,16
29368,91,88,3,3
29369,78,77,1,1
29370,153,153,0,0
29371,80,98,-18,18
29372,108,109,-1,1
29373,88,81,7,7
29374,153,145,8,8
29375,71,82,-11,11
29376,95,104,-9,9
29377,127,122,5,5
29378,139,146,-7,7
29379,46,53,-7,7
29380,124,123,1,1
29381,93,94,-1,1
29382,114,106,8,8
29383,93,95,-2,2
29384,67,66,1,1
29385,110,112,-2,2
29386,63,63,0,0
29387,70,69,1,1
29388,87,85,2,2
29389,122,124,-2,2
29390,107,118,-11,11
29391,153,150,3,3
29392,94,94,0,0
29393,101,101,0,0
29394,78,84,-6,6
29395,82,99,-17,17
29396,88,83,5,5
29397,94,89,5,5
29398,37,56,-19,19
29399,67,67,0,0
29400,85,95,-10,10
29401,105,93,12,12
29402,40,74,-34,34
29403,194,174,20,20
29404,123,127,-4,4
29405,87,85,2,2
29406,102,99,3,3
29407,145,147,-2,2
29408,68,63,5,5
29409,159,141,18,18
29410,82,77,5,5
29411,83,80,3,3
29412,82,83,-1,1
29413,69,64,5,5
29414,103,98,5,5
29415,105,110,-5,5
29416,100,117,-17,17
29417,55,50,5,5
29418,80,79,1,1
29419,73,78,-5,5
29420,51,67,-16,16
29421,124,125,-1,1
29422,52,58,-6,6
29423,115,119,-4,4
29424,116,111,5,5
29425,101,108,-7,7
29426,63,75,-12,12
29427,52,63,-11,11
29428,84,79,5,5
29429,142,142,0,0
29430,71,72,-1,1
29431,82,92,-10,10
29432,85,97,-12,12
29433,74,70,4,4
29434,61,55,6,6
29435,107,116,-9,9
29436,98,102,-4,4
29437,80,78,2,2
29438,69,79,-10,10
29439,64,67,-3,3
29440,137,135,2,2
29441,77,86,-9,9
29442,94,110,-16,16
29443,86,84,2,2
29444,60,59,1,1
29445,54,74,-20,20
29446,62,68,-6,6
29447,86,95,-9,9
29448,60,59,1,1
29449,64,62,2,2
29450,91,97,-6,6
29451,71,72,-1,1
29452,78,96,-18,18
29453,104,106,-2,2
29454,103,106,-3,3
29455,167,190,-23,23
29456,129,115,14,14
29457,125,107,18,18
29458,108,123,-15,15
29459,77,78,-1,1
29460,121,125,-4,4
29461,77,75,2,2
29462,61,69,-8,8
29463,67,59,8,8
29464,96,94,2,2
29465,113,122,-9,9
29466,70,78,-8,8
29467,79,77,2,2
29468,91,94,-3,3
29469,86,100,-14,14
29470,74,76,-2,2
29471,78,83,-5,5
29472,117,92,25,25
29473,82,65,17,17
29474,79,80,-1,1
29475,138,156,-18,18
29476,92,84,8,8
29477,69,65,4,4
29478,81,94,-13,13
29479,73,74,-1,1
29480,100,104,-4,4
29481,51,53,-2,2
29482,60,61,-1,1
29483,109,101,8,8
29484,131,129,2,2
29485,71,71,0,0
29486,77,85,-8,8
29487,97,115,-18,18
29488,69,72,-3,3
29489,124,117,7,7
29490,69,71,-2,2
29491,131,125,6,6
29492,87,90,-3,3
29493,178,190,-12,12
29494,111,116,-5,5
29495,122,111,11,11
29496,155,151,4,4
29497,136,121,15,15
29498,113,129,-16,16
29499,64,72,-8,8
29500,111,114,-3,3
29501,94,96,-2,2
29502,58,68,-10,10
29503,89,86,3,3
29504,82,77,5,5
29505,87,93,-6,6
29506,50,54,-4,4
29507,79,77,2,2
29508,140,132,8,8
29509,134,190,-56,56
29510,119,106,13,13
29511,140,149,-9,9
29512,119,120,-1,1
29513,52,58,-6,6
29514,124,140,-16,16
29515,131,95,36,36
29516,45,47,-2,2
29517,70,70,0,0
29518,99,100,-1,1
29519,82,83,-1,1
29520,73,69,4,4
29521,120,127,-7,7
29522,107,118,-11,11
29523,88,90,-2,2
29524,82,83,-1,1
29525,59,54,5,5
29526,90,100,-10,10
29527,56,64,-8,8
29528,113,116,-3,3
29529,78,66,12,12
29530,61,75,-14,14
29531,89,94,-5,5
29532,44,51,-7,7
29533,62,63,-1,1
29534,111,113,-2,2
29535,75,77,-2,2
29536,74,70,4,4
29537,79,74,5,5
29538,89,89,0,0
29539,94,96,-2,2
29540,116,114,2,2
29541,120,113,7,7
29542,180,183,-3,3
29543,48,54,-6,6
29544,85,85,0,0
29545,112,107,5,5
29546,114,74,40,40
29547,78,69,9,9
29548,111,129,-18,18
29549,71,77,-6,6
29550,64,65,-1,1
29551,47,55,-8,8
29552,85,89,-4,4
29553,90,101,-11,11
29554,137,129,8,8
29555,138,139,-1,1
29556,64,64,0,0
29557,78,77,1,1
29558,42,48,-6,6
29559,98,93,5,5
29560,59,54,5,5
29561,76,83,-7,7
29562,106,104,2,2
29563,33,63,-30,30
29564,121,123,-2,2
29565,108,106,2,2
29566,76,69,7,7
29567,64,67,-3,3
29568,73,66,7,7
29569,112,111,1,1
29570,105,103,2,2
29571,59,67,-8,8
29572,205,188,17,17
29573,78,88,-10,10
29574,79,85,-6,6
29575,123,120,3,3
29576,83,78,5,5
29577,115,132,-17,17
29578,75,74,1,1
29579,86,92,-6,6
29580,111,132,-21,21
29581,82,115,-33,33
29582,157,163,-6,6
29583,58,64,-6,6
29584,101,99,2,2
29585,99,106,-7,7
29586,96,98,-2,2
29587,133,144,-11,11
29588,93,94,-1,1
29589,79,77,2,2
29590,87,72,15,15
29591,101,116,-15,15
29592,73,73,0,0
29593,76,81,-5,5
29594,110,83,27,27
29595,100,103,-3,3
29596,87,87,0,0
29597,126,140,-14,14
29598,81,76,5,5
29599,70,91,-21,21
29600,139,144,-5,5
29601,74,72,2,2
29602,147,122,25,25
29603,92,89,3,3
29604,133,119,14,14
29605,87,85,2,2
29606,96,103,-7,7
29607,70,91,-21,21
29608,75,82,-7,7
29609,121,104,17,17
29610,88,90,-2,2
29611,96,101,-5,5
29612,196,116,80,80
29613,90,95,-5,5
29614,110,112,-2,2
29615,59,37,22,22
29616,131,126,5,5
29617,56,61,-5,5
29618,98,105,-7,7
29619,94,93,1,1
29620,73,82,-9,9
29621,52,52,0,0
29622,97,94,3,3
29623,119,115,4,4
29624,94,87,7,7
29625,144,155,-11,11
29626,128,133,-5,5
29627,81,85,-4,4
29628,101,94,7,7
29629,138,134,4,4
29630,68,65,3,3
29631,124,87,37,37
29632,61,81,-20,20
29633,118,107,11,11
29634,69,69,0,0
29635,84,89,-5,5
29636,175,158,17,17
29637,54,54,0,0
29638,72,84,-12,12
29639,82,76,6,6
29640,102,106,-4,4
29641,107,109,-2,2
29642,110,109,1,1
29643,128,132,-4,4
29644,132,134,-2,2
29645,80,68,12,12
29646,60,76,-16,16
29647,54,74,-20,20
29648,89,94,-5,5
29649,90,99,-9,9
29650,62,75,-13,13
29651,64,82,-18,18
29652,74,64,10,10
29653,123,223,-100,100
29654,77,75,2,2
29655,79,77,2,2
29656,88,88,0,0
29657,77,87,-10,10
29658,96,102,-6,6
29659,80,83,-3,3
29660,104,101,3,3
29661,46,56,-10,10
29662,70,77,-7,7
29663,93,104,-11,11
29664,103,101,2,2
29665,117,112,5,5
29666,80,86,-6,6
29667,93,90,3,3
29668,88,94,-6,6
29669,101,102,-1,1
29670,69,73,-4,4
29671,97,94,3,3
29672,56,46,10,10
29673,101,102,-1,1
29674,122,123,-1,1
29675,95,99,-4,4
29676,113,118,-5,5
29677,150,131,19,19
29678,164,177,-13,13
29679,87,92,-5,5
29680,128,125,3,3
29681,66,61,5,5
29682,68,68,0,0
29683,120,113,7,7
29684,151,149,2,2
29685,72,61,11,11
29686,89,100,-11,11
29687,231,235,-4,4
29688,49,78,-29,29
29689,68,64,4,4
29690,81,86,-5,5
29691,96,106,-10,10
29692,123,117,6,6
29693,88,88,0,0
29694,188,183,5,5
29695,78,67,11,11
29696,78,80,-2,2
29697,105,112,-7,7
29698,102,105,-3,3
29699,74,80,-6,6
29700,74,80,-6,6
29701,63,83,-20,20
29702,106,109,-3,3
29703,90,89,1,1
29704,100,98,2,2
29705,106,111,-5,5
29706,74,81,-7,7
29707,75,84,-9,9
29708,119,132,-13,13
29709,115,123,-8,8
29710,125,118,7,7
29711,106,106,0,0
29712,113,120,-7,7
29713,81,81,0,0
29714,84,82,2,2
29715,79,88,-9,9
29716,129,129,0,0
29717,55,52,3,3
29718,99,107,-8,8
29719,88,96,-8,8
29720,129,120,9,9
29721,92,92,0,0
29722,113,123,-10,10
29723,67,75,-8,8
29724,96,114,-18,18
29725,64,70,-6,6
29726,132,145,-13,13
29727,172,162,10,10
29728,104,113,-9,9
29729,83,70,13,13
29730,70,87,-17,17
29731,104,108,-4,4
29732,78,76,2,2
29733,66,87,-21,21
29734,81,80,1,1
29735,63,68,-5,5
29736,74,76,-2,2
29737,109,105,4,4
29738,70,70,0,0
29739,91,87,4,4
29740,95,94,1,1
29741,76,86,-10,10
29742,68,66,2,2
29743,92,94,-2,2
29744,65,65,0,0
29745,36,52,-16,16
29746,105,107,-2,2
29747,110,110,0,0
29748,121,113,8,8
29749,49,49,0,0
29750,98,89,9,9
29751,117,117,0,0
29752,52,101,-49,49
29753,84,87,-3,3
29754,148,146,2,2
29755,63,64,-1,1
29756,63,72,-9,9
29757,92,98,-6,6
29758,85,84,1,1
29759,93,91,2,2
29760,88,80,8,8
29761,80,86,-6,6
29762,83,86,-3,3
29763,61,69,-8,8
29764,76,82,-6,6
29765,81,96,-15,15
29766,75,72,3,3
29767,61,54,7,7
29768,110,99,11,11
29769,91,87,4,4
29770,63,59,4,4
29771,126,133,-7,7
29772,102,93,9,9
29773,102,107,-5,5
29774,107,107,0,0
29775,49,51,-2,2
29776,71,82,-11,11
29777,70,92,-22,22
29778,94,93,1,1
29779,201,201,0,0
29780,80,83,-3,3
29781,62,62,0,0
29782,97,98,-1,1
29783,77,75,2,2
29784,74,82,-8,8
29785,55,62,-7,7
29786,88,87,1,1
29787,27,45,-18,18
29788,64,63,1,1
29789,95,115,-20,20
29790,74,80,-6,6
29791,99,110,-11,11
29792,68,69,-1,1
29793,65,74,-9,9
29794,97,108,-11,11
29795,73,78,-5,5
29796,88,81,7,7
29797,121,133,-12,12
29798,102,94,8,8
29799,101,112,-11,11
29800,78,89,-11,11
29801,156,153,3,3
29802,76,86,-10,10
29803,66,63,3,3
29804,91,102,-11,11
29805,82,81,1,1
29806,150,155,-5,5
29807,46,56,-10,10
29808,164,173,-9,9
29809,134,139,-5,5
29810,124,120,4,4
29811,75,77,-2,2
29812,64,70,-6,6
29813,207,202,5,5
29814,125,132,-7,7
29815,143,134,9,9
29816,79,72,7,7
29817,62,62,0,0
29818,149,162,-13,13
29819,136,135,1,1
29820,48,53,-5,5
29821,117,114,3,3
29822,50,58,-8,8
29823,88,86,2,2
29824,62,65,-3,3
29825,37,42,-5,5
29826,142,136,6,6
29827,59,61,-2,2
29828,123,126,-3,3
29829,78,80,-2,2
29830,117,114,3,3
29831,84,99,-15,15
29832,191,184,7,7
29833,176,163,13,13
29834,68,85,-17,17
29835,58,66,-8,8
29836,74,76,-2,2
29837,166,157,9,9
29838,178,172,6,6
29839,102,103,-1,1
29840,106,109,-3,3
29841,121,135,-14,14
29842,157,156,1,1
29843,60,58,2,2
29844,116,114,2,2
29845,133,139,-6,6
29846,50,63,-13,13
29847,90,96,-6,6
29848,138,130,8,8
29849,216,227,-11,11
29850,114,121,-7,7
29851,107,113,-6,6
29852,68,58,10,10
29853,52,59,-7,7
29854,139,139,0,0
29855,98,91,7,7
29856,143,144,-1,1
29857,97,88,9,9
29858,80,88,-8,8
29859,60,57,3,3
29860,104,104,0,0
29861,102,98,4,4
29862,155,161,-6,6
29863,157,145,12,12
29864,122,102,20,20
29865,89,86,3,3
29866,68,66,2,2
29867,68,69,-1,1
29868,102,110,-8,8
29869,107,118,-11,11
29870,62,66,-4,4
29871,145,156,-11,11
29872,92,95,-3,3
29873,113,112,1,1
29874,72,64,8,8
29875,67,71,-4,4
29876,86,90,-4,4
29877,78,79,-1,1
29878,94,97,-3,3
29879,103,97,6,6
29880,145,158,-13,13
29881,74,78,-4,4
29882,128,135,-7,7
29883,146,126,20,20
29884,54,71,-17,17
29885,162,155,7,7
29886,150,153,-3,3
29887,57,69,-12,12
29888,118,130,-12,12
29889,37,50,-13,13
29890,121,109,12,12
29891,130,125,5,5
29892,62,66,-4,4
29893,66,71,-5,5
29894,119,97,22,22
29895,120,125,-5,5
29896,100,106,-6,6
29897,121,135,-14,14
29898,85,85,0,0
29899,99,96,3,3
29900,63,69,-6,6
29901,98,95,3,3
29902,62,63,-1,1
29903,78,78,0,0
29904,61,64,-3,3
29905,110,107,3,3
29906,90,91,-1,1
29907,125,106,19,19
29908,59,59,0,0
29909,83,80,3,3
29910,103,119,-16,16
29911,66,67,-1,1
29912,131,133,-2,2
29913,72,82,-10,10
29914,56,62,-6,6
29915,110,101,9,9
29916,72,81,-9,9
29917,120,126,-6,6
29918,82,84,-2,2
29919,79,89,-10,10
29920,169,165,4,4
29921,140,156,-16,16
29922,139,111,28,28
29923,53,56,-3,3
29924,93,106,-13,13
29925,95,89,6,6
29926,91,94,-3,3
29927,96,91,5,5
29928,115,116,-1,1
29929,80,73,7,7
29930,61,69,-8,8
29931,125,135,-10,10
29932,79,77,2,2
29933,113,108,5,5
29934,113,124,-11,11
29935,79,86,-7,7
29936,143,140,3,3
29937,69,87,-18,18
29938,71,98,-27,27
29939,67,71,-4,4
29940,53,60,-7,7
29941,132,150,-18,18
29942,129,126,3,3
29943,85,82,3,3
29944,107,107,0,0
29945,143,140,3,3
29946,57,57,0,0
29947,99,104,-5,5
29948,54,63,-9,9
29949,102,114,-12,12
29950,64,64,0,0
29951,86,103,-17,17
29952,88,92,-4,4
29953,170,158,12,12
29954,71,73,-2,2
29955,127,136,-9,9
29956,61,62,-1,1
29957,63,74,-11,11
29958,46,50,-4,4
29959,78,71,7,7
29960,85,94,-9,9
29961,86,77,9,9
29962,91,94,-3,3
29963,75,73,2,2
29964,75,81,-6,6
29965,73,97,-24,24
29966,74,73,1,1
29967,69,76,-7,7
29968,77,76,1,1
29969,119,122,-3,3
29970,77,91,-14,14
29971,143,144,-1,1
29972,132,140,-8,8
29973,89,93,-4,4
29974,60,61,-1,1
29975,131,137,-6,6
29976,83,74,9,9
29977,80,91,-11,11
29978,92,90,2,2
29979,187,193,-6,6
29980,128,139,-11,11
29981,151,147,4,4
29982,44,45,-1,1
29983,83,99,-16,16
29984,78,81,-3,3
29985,81,81,0,0
29986,73,77,-4,4
29987,138,139,-1,1
29988,45,43,2,2
29989,58,63,-5,5
29990,105,106,-1,1
29991,103,111,-8,8
29992,91,93,-2,2
29993,48,52,-4,4
29994,74,83,-9,9
29995,104,91,13,13
29996,69,77,-8,8
29997,62,67,-5,5
29998,140,162,-22,22
29999,129,158,-29,29
30000,98,93,5,5
30001,99,105,-6,6
30002,71,68,3,3
30003,149,168,-19,19
30004,101,106,-5,5
30005,114,126,-12,12
30006,181,178,3,3
30007,112,124,-12,12
30008,112,122,-10,10
30009,95,112,-17,17
30010,133,139,-6,6
30011,168,159,9,9
30012,24,66,-42,42
30013,119,117,2,2
30014,102,106,-4,4
30015,84,80,4,4
30016,134,138,-4,4
30017,69,65,4,4
30018,66,71,-5,5
30019,74,64,10,10
30020,113,110,3,3
30021,64,73,-9,9
30022,79,74,5,5
30023,103,95,8,8
30024,107,104,3,3
30025,66,70,-4,4
30026,88,93,-5,5
30027,158,174,-16,16
30028,123,114,9,9
30029,73,79,-6,6
30030,105,101,4,4
30031,65,68,-3,3
30032,119,123,-4,4
30033,68,65,3,3
30034,64,65,-1,1
30035,74,72,2,2
30036,23,23,0,0
30037,97,94,3,3
30038,124,122,2,2
30039,72,70,2,2
30040,132,135,-3,3
30041,42,54,-12,12
30042,121,112,9,9
30043,89,88,1,1
30044,113,97,16,16
30045,114,109,5,5
30046,57,61,-4,4
30047,63,61,2,2
30048,121,121,0,0
30049,144,145,-1,1
30050,118,121,-3,3
30051,64,62,2,2
30052,121,120,1,1
30053,135,133,2,2
30054,80,85,-5,5
30055,110,106,4,4
30056,100,102,-2,2
30057,94,102,-8,8
30058,83,81,2,2
30059,87,92,-5,5
30060,67,66,1,1
30061,95,107,-12,12
30062,88,84,4,4
30063,93,97,-4,4
30064,91,75,16,16
30065,133,141,-8,8
30066,77,104,-27,27
30067,106,114,-8,8
30068,53,58,-5,5
30069,89,92,-3,3
30070,154,135,19,19
30071,98,109,-11,11
30072,54,47,7,7
30073,79,86,-7,7
30074,115,116,-1,1
30075,135,142,-7,7
30076,81,84,-3,3
30077,56,84,-28,28
30078,54,62,-8,8
30079,73,71,2,2
30080,80,85,-5,5
30081,114,113,1,1
30082,170,174,-4,4
30083,124,121,3,3
30084,63,62,1,1
30085,93,116,-23,23
30086,77,74,3,3
30087,178,180,-2,2
30088,67,73,-6,6
30089,72,81,-9,9
30090,60,58,2,2
30091,64,66,-2,2
30092,85,88,-3,3
30093,158,164,-6,6
30094,124,122,2,2
30095,70,101,-31,31
30096,61,71,-10,10
30097,110,127,-17,17
30098,94,102,-8,8
30099,161,156,5,5
30100,98,106,-8,8
30101,165,159,6,6
30102,82,93,-11,11
30103,102,111,-9,9
30104,105,101,4,4
30105,85,91,-6,6
30106,106,115,-9,9
30107,91,99,-8,8
30108,86,92,-6,6
30109,44,47,-3,3
30110,96,108,-12,12
30111,114,114,0,0
30112,83,93,-10,10
30113,24,38,-14,14
30114,75,82,-7,7
30115,140,152,-12,12
30116,46,52,-6,6
30117,80,72,8,8
30118,82,105,-23,23
30119,125,123,2,2
30120,56,61,-5,5
30121,76,74,2,2
30122,44,42,2,2
30123,102,90,12,12
30124,146,142,4,4
30125,46,59,-13,13
30126,80,88,-8,8
30127,117,130,-13,13
30128,85,85,0,0
30129,60,52,8,8
30130,81,94,-13,13
30131,42,49,-7,7
30132,79,91,-12,12
30133,98,93,5,5
30134,110,106,4,4
30135,74,74,0,0
30136,54,47,7,7
30137,113,125,-12,12
30138,78,92,-14,14
30139,52,56,-4,4
30140,449,524,-75,75
30141,121,115,6,6
30142,68,64,4,4
30143,35,39,-4,4
30144,36,46,-10,10
30145,81,85,-4,4
30146,155,158,-3,3
30147,207,188,19,19
30148,105,112,-7,7
30149,66,72,-6,6
30150,105,91,14,14
30151,63,56,7,7
30152,97,101,-4,4
30153,114,110,4,4
30154,69,71,-2,2
30155,181,190,-9,9
30156,58,69,-11,11
30157,56,59,-3,3
30158,41,48,-7,7
30159,61,70,-9,9
30160,108,118,-10,10
30161,113,109,4,4
30162,46,43,3,3
30163,85,82,3,3
30164,109,113,-4,4
30165,144,148,-4,4
30166,45,82,-37,37
30167,56,52,4,4
30168,71,64,7,7
30169,83,70,13,13
30170,72,77,-5,5
30171,92,86,6,6
30172,97,125,-28,28
30173,52,58,-6,6
30174,135,141,-6,6
30175,69,75,-6,6
30176,88,90,-2,2
30177,79,79,0,0
30178,74,72,2,2
30179,74,76,-2,2
30180,102,107,-5,5
30181,154,150,4,4
30182,225,217,8,8
30183,98,102,-4,4
30184,77,78,-1,1
30185,164,152,12,12
30186,144,125,19,19
30187,75,77,-2,2
30188,142,157,-15,15
30189,115,123,-8,8
30190,81,82,-1,1
30191,103,111,-8,8
30192,94,100,-6,6
30193,76,85,-9,9
30194,50,42,8,8
30195,108,120,-12,12
30196,146,145,1,1
30197,90,94,-4,4
30198,129,132,-3,3
30199,74,88,-14,14
30200,105,99,6,6
30201,91,88,3,3
30202,121,134,-13,13
30203,109,98,11,11
30204,85,104,-19,19
30205,111,119,-8,8
30206,136,136,0,0
30207,74,72,2,2
30208,89,99,-10,10
30209,102,103,-1,1
30210,63,55,8,8
30211,113,113,0,0
30212,92,82,10,10
30213,87,88,-1,1
30214,98,97,1,1
30215,111,114,-3,3
30216,116,100,16,16
30217,133,135,-2,2
30218,160,144,16,16
30219,86,84,2,2
30220,132,126,6,6
30221,110,109,1,1
30222,53,67,-14,14
30223,95,94,1,1
30224,88,90,-2,2
30225,56,59,-3,3
30226,75,81,-6,6
30227,76,76,0,0
30228,47,45,2,2
30229,96,90,6,6
30230,39,61,-22,22
30231,159,150,9,9
30232,61,62,-1,1
30233,53,52,1,1
30234,84,87,-3,3
30235,85,86,-1,1
30236,82,86,-4,4
30237,88,92,-4,4
30238,87,86,1,1
30239,111,118,-7,7
30240,161,147,14,14
30241,131,126,5,5
30242,89,80,9,9
30243,156,159,-3,3
30244,61,58,3,3
30245,94,103,-9,9
30246,102,91,11,11
30247,167,180,-13,13
30248,182,176,6,6
30249,59,58,1,1
30250,162,154,8,8
30251,132,136,-4,4
30252,66,70,-4,4
30253,88,89,-1,1
30254,106,94,12,12
30255,59,61,-2,2
30256,86,90,-4,4
30257,45,56,-11,11
30258,42,58,-16,16
30259,54,57,-3,3
30260,79,83,-4,4
30261,139,146,-7,7
30262,98,104,-6,6
30263,113,121,-8,8
30264,87,87,0,0
30265,55,62,-7,7
30266,47,56,-9,9
30267,93,103,-10,10
30268,55,63,-8,8
30269,113,148,-35,35
30270,87,80,7,7
30271,138,146,-8,8
30272,106,104,2,2
30273,76,84,-8,8
30274,89,97,-8,8
30275,90,92,-2,2
30276,119,120,-1,1
30277,106,105,1,1
30278,89,91,-2,2
30279,80,85,-5,5
30280,77,79,-2,2
30281,138,131,7,7
30282,99,98,1,1
30283,70,79,-9,9
30284,107,106,1,1
30285,64,65,-1,1
30286,123,118,5,5
30287,75,82,-7,7
30288,46,61,-15,15
30289,94,98,-4,4
30290,68,68,0,0
30291,116,133,-17,17
30292,68,78,-10,10
30293,42,46,-4,4
30294,74,60,14,14
30295,102,110,-8,8
30296,111,104,7,7
30297,102,109,-7,7
30298,155,182,-27,27
30299,97,104,-7,7
30300,75,70,5,5
30301,158,178,-20,20
30302,66,60,6,6
30303,72,75,-3,3
30304,197,175,22,22
30305,133,122,11,11
30306,103,111,-8,8
30307,119,116,3,3
30308,88,93,-5,5
30309,56,66,-10,10
30310,59,69,-10,10
30311,73,85,-12,12
30312,100,98,2,2
30313,83,76,7,7
30314,104,107,-3,3
30315,91,96,-5,5
30316,86,87,-1,1
30317,62,62,0,0
30318,90,104,-14,14
30319,79,96,-17,17
30320,127,135,-8,8
30321,108,122,-14,14
30322,38,81,-43,43
30323,63,74,-11,11
30324,55,59,-4,4
30325,111,97,14,14
30326,53,64,-11,11
30327,77,76,1,1
30328,143,152,-9,9
30329,136,139,-3,3
30330,47,52,-5,5
30331,85,83,2,2
30332,96,83,13,13
30333,87,85,2,2
30334,87,87,0,0
30335,144,135,9,9
30336,105,99,6,6
30337,96,108,-12,12
30338,78,79,-1,1
30339,140,158,-18,18
30340,69,70,-1,1
30341,41,46,-5,5
30342,73,82,-9,9
30343,75,74,1,1
30344,54,64,-10,10
30345,71,82,-11,11
30346,92,99,-7,7
30347,78,90,-12,12
30348,106,111,-5,5
30349,77,79,-2,2
30350,74,60,14,14
30351,59,59,0,0
30352,94,108,-14,14
30353,86,88,-2,2
30354,102,117,-15,15
30355,87,95,-8,8
30356,121,127,-6,6
30357,75,71,4,4
30358,108,106,2,2
30359,174,152,22,22
30360,119,116,3,3
30361,84,71,13,13
30362,98,99,-1,1
30363,84,94,-10,10
30364,89,85,4,4
30365,87,72,15,15
30366,43,64,-21,21
30367,95,107,-12,12
30368,62,67,-5,5
30369,97,110,-13,13
30370,110,112,-2,2
30371,102,111,-9,9
30372,95,100,-5,5
30373,84,88,-4,4
30374,88,86,2,2
30375,101,100,1,1
30376,154,164,-10,10
30377,159,157,2,2
30378,103,107,-4,4
30379,75,79,-4,4
30380,119,109,10,10
30381,27,46,-19,19
30382,77,83,-6,6
30383,169,154,15,15
30384,151,151,0,0
30385,72,73,-1,1
30386,145,131,14,14
30387,62,72,-10,10
30388,52,64,-12,12
30389,69,77,-8,8
30390,74,73,1,1
30391,102,80,22,22
30392,91,98,-7,7
30393,93,92,1,1
30394,81,83,-2,2
30395,137,135,2,2
30396,157,168,-11,11
30397,48,54,-6,6
30398,122,127,-5,5
30399,64,67,-3,3
30400,175,173,2,2
30401,74,76,-2,2
30402,47,67,-20,20
30403,103,101,2,2
30404,88,90,-2,2
30405,64,93,-29,29
30406,94,95,-1,1
30407,111,111,0,0
30408,209,180,29,29
30409,80,85,-5,5
30410,108,119,-11,11
30411,103,100,3,3
30412,93,120,-27,27
30413,86,90,-4,4
30414,105,107,-2,2
30415,110,107,3,3
30416,82,88,-6,6
30417,69,55,14,14
30418,43,64,-21,21
30419,74,82,-8,8
30420,131,126,5,5
30421,137,151,-14,14
30422,110,109,1,1
30423,61,70,-9,9
30424,90,98,-8,8
30425,78,79,-1,1
30426,82,90,-8,8
30427,82,87,-5,5
30428,66,64,2,2
30429,136,142,-6,6
30430,112,101,11,11
30431,71,71,0,0
30432,114,128,-14,14
30433,105,157,-52,52
30434,93,80,13,13
30435,122,128,-6,6
30436,167,171,-4,4
30437,67,66,1,1
30438,62,90,-28,28
30439,116,111,5,5
30440,120,109,11,11
30441,126,125,1,1
30442,110,109,1,1
30443,85,89,-4,4
30444,124,118,6,6
30445,129,140,-11,11
30446,99,120,-21,21
30447,172,168,4,4
30448,76,83,-7,7
30449,64,68,-4,4
30450,138,128,10,10
30451,59,57,2,2
30452,123,90,33,33
30453,140,87,53,53
30454,67,63,4,4
30455,211,212,-1,1
30456,155,145,10,10
30457,84,101,-17,17
30458,125,129,-4,4
30459,72,87,-15,15
30460,121,133,-12,12
30461,121,130,-9,9
30462,141,146,-5,5
30463,67,65,2,2
30464,73,95,-22,22
30465,107,122,-15,15
30466,72,62,10,10
30467,65,71,-6,6
30468,82,77,5,5
30469,87,73,14,14
30470,87,86,1,1
30471,52,61,-9,9
30472,84,78,6,6
30473,81,77,4,4
30474,75,81,-6,6
30475,126,130,-4,4
30476,45,49,-4,4
30477,48,50,-2,2
30478,77,84,-7,7
30479,150,138,12,12
30480,100,102,-2,2
30481,128,147,-19,19
30482,86,86,0,0
30483,72,66,6,6
30484,108,109,-1,1
30485,61,63,-2,2
30486,121,132,-11,11
30487,132,134,-2,2
30488,112,119,-7,7
30489,148,153,-5,5
30490,89,104,-15,15
30491,47,52,-5,5
30492,75,85,-10,10
30493,113,132,-19,19
30494,82,78,4,4
30495,82,86,-4,4
30496,155,147,8,8
30497,114,108,6,6
30498,85,94,-9,9
30499,97,102,-5,5
30500,117,109,8,8
30501,57,59,-2,2
30502,121,125,-4,4
30503,50,55,-5,5
30504,32,49,-17,17
30505,126,126,0,0
30506,85,99,-14,14
30507,45,55,-10,10
30508,105,98,7,7
30509,84,89,-5,5
30510,99,96,3,3
30511,129,90,39,39
30512,115,118,-3,3
30513,127,133,-6,6
30514,42,63,-21,21
30515,86,105,-19,19
30516,106,106,0,0
30517,108,108,0,0
30518,143,147,-4,4
30519,98,110,-12,12
30520,131,107,24,24
30521,117,124,-7,7
30522,82,82,0,0
30523,79,84,-5,5
30524,58,60,-2,2
30525,96,93,3,3
30526,105,93,12,12
30527,103,101,2,2
30528,72,87,-15,15
30529,108,121,-13,13
30530,155,155,0,0
30531,164,160,4,4
30532,60,56,4,4
30533,130,124,6,6
30534,123,124,-1,1
30535,104,121,-17,17
30536,79,80,-1,1
30537,136,136,0,0
30538,130,135,-5,5
30539,135,120,15,15
30540,77,75,2,2
30541,136,131,5,5
30542,107,75,32,32
30543,127,125,2,2
30544,116,122,-6,6
30545,132,133,-1,1
30546,88,86,2,2
30547,74,56,18,18
30548,71,80,-9,9
30549,53,51,2,2
30550,57,53,4,4
30551,189,193,-4,4
30552,49,53,-4,4
30553,124,131,-7,7
30554,127,124,3,3
30555,45,73,-28,28
30556,110,116,-6,6
30557,104,115,-11,11
30558,82,82,0,0
30559,133,131,2,2
30560,229,228,1,1
30561,64,68,-4,4
30562,107,97,10,10
30563,109,90,19,19
30564,174,168,6,6
30565,176,179,-3,3
30566,101,90,11,11
30567,113,109,4,4
30568,139,137,2,2
30569,56,64,-8,8
30570,75,71,4,4
30571,89,89,0,0
30572,34,45,-11,11
30573,130,135,-5,5
30574,81,80,1,1
30575,103,117,-14,14
30576,99,105,-6,6
30577,136,144,-8,8
30578,37,42,-5,5
30579,82,75,7,7
30580,125,128,-3,3
30581,121,120,1,1
30582,94,95,-1,1
30583,67,65,2,2
30584,110,127,-17,17
30585,82,80,2,2
30586,106,118,-12,12
30587,154,146,8,8
30588,97,80,17,17
30589,65,66,-1,1
30590,81,92,-11,11
30591,53,53,0,0
30592,123,115,8,8
30593,123,119,4,4
30594,60,54,6,6
30595,59,72,-13,13
30596,71,99,-28,28
30597,154,152,2,2
30598,89,85,4,4
30599,89,87,2,2
30600,95,90,5,5
30601,78,79,-1,1
30602,79,84,-5,5
30603,132,135,-3,3
30604,124,123,1,1
30605,125,125,0,0
30606,73,74,-1,1
30607,109,118,-9,9
30608,84,86,-2,2
30609,114,119,-5,5
30610,98,101,-3,3
30611,229,228,1,1
30612,118,127,-9,9
30613,105,104,1,1
30614,56,61,-5,5
30615,86,87,-1,1
30616,72,76,-4,4
30617,144,178,-34,34
30618,151,149,2,2
30619,91,89,2,2
30620,134,142,-8,8
30621,142,139,3,3
30622,119,123,-4,4
30623,115,117,-2,2
30624,122,132,-10,10
30625,121,108,13,13
30626,145,167,-22,22
30627,151,150,1,1
30628,99,84,15,15
30629,90,88,2,2
30630,115,145,-30,30
30631,65,88,-23,23
30632,90,92,-2,2
30633,78,81,-3,3
30634,65,71,-6,6
30635,77,81,-4,4
30636,64,64,0,0
30637,204,189,15,15
30638,134,142,-8,8
30639,144,139,5,5
30640,127,137,-10,10
30641,88,83,5,5
30642,61,69,-8,8
30643,118,125,-7,7
30644,91,94,-3,3
30645,143,128,15,15
30646,166,152,14,14
30647,77,78,-1,1
30648,97,94,3,3
30649,97,104,-7,7
30650,98,90,8,8
30651,71,72,-1,1
30652,77,76,1,1
30653,145,147,-2,2
30654,127,132,-5,5
30655,144,147,-3,3
30656,128,126,2,2
30657,148,144,4,4
30658,67,68,-1,1
30659,147,158,-11,11
30660,85,104,-19,19
30661,98,109,-11,11
30662,72,76,-4,4
30663,74,86,-12,12
30664,111,117,-6,6
30665,80,77,3,3
30666,73,74,-1,1
30667,79,82,-3,3
30668,90,77,13,13
30669,104,100,4,4
30670,70,74,-4,4
30671,99,102,-3,3
30672,64,67,-3,3
30673,68,73,-5,5
30674,96,93,3,3
30675,44,59,-15,15
30676,84,83,1,1
30677,81,81,0,0
30678,152,141,11,11
30679,69,70,-1,1
30680,86,99,-13,13
30681,89,92,-3,3
30682,151,156,-5,5
30683,80,89,-9,9
30684,97,96,1,1
30685,55,61,-6,6
30686,126,124,2,2
30687,110,119,-9,9
30688,112,127,-15,15
30689,156,149,7,7
30690,52,60,-8,8
30691,88,92,-4,4
30692,98,112,-14,14
30693,131,132,-1,1
30694,114,109,5,5
30695,154,167,-13,13
30696,52,59,-7,7
30697,134,138,-4,4
30698,60,56,4,4
30699,68,68,0,0
30700,119,123,-4,4
30701,61,81,-20,20
30702,94,108,-14,14
30703,98,98,0,0
30704,103,106,-3,3
30705,120,131,-11,11
30706,97,94,3,3
30707,126,124,2,2
30708,103,103,0,0
30709,97,100,-3,3
30710,89,87,2,2
30711,69,70,-1,1
30712,58,51,7,7
30713,109,103,6,6
30714,91,84,7,7
30715,76,78,-2,2
30716,206,205,1,1
30717,109,103,6,6
30718,167,173,-6,6
30719,124,121,3,3
30720,68,69,-1,1
30721,162,146,16,16
30722,92,89,3,3
30723,160,171,-11,11
30724,107,110,-3,3
30725,104,101,3,3
30726,72,68,4,4
30727,59,64,-5,5
30728,102,91,11,11
30729,110,131,-21,21
30730,71,76,-5,5
30731,96,83,13,13
30732,117,122,-5,5
30733,67,73,-6,6
30734,64,78,-14,14
30735,111,109,2,2
30736,54,55,-1,1
30737,70,75,-5,5
30738,89,86,3,3
30739,125,125,0,0
30740,81,79,2,2
30741,132,132,0,0
30742,122,126,-4,4
30743,83,89,-6,6
30744,49,57,-8,8
30745,134,131,3,3
30746,86,89,-3,3
30747,87,83,4,4
30748,113,107,6,6
30749,147,154,-7,7
30750,57,40,17,17
30751,81,82,-1,1
30752,84,93,-9,9
30753,130,128,2,2
30754,103,102,1,1
30755,57,62,-5,5
30756,58,58,0,0
30757,147,135,12,12
30758,136,137,-1,1
30759,78,88,-10,10
30760,92,94,-2,2
30761,69,77,-8,8
30762,151,140,11,11
30763,155,154,1,1
30764,80,90,-10,10
30765,71,69,2,2
30766,113,180,-67,67
30767,129,100,29,29
30768,113,121,-8,8
30769,82,93,-11,11
30770,69,73,-4,4
30771,95,97,-2,2
30772,86,85,1,1
30773,86,82,4,4
30774,73,72,1,1
30775,84,92,-8,8
30776,99,103,-4,4
30777,159,145,14,14
30778,94,93,1,1
30779,93,94,-1,1
30780,52,56,-4,4
30781,92,96,-4,4
30782,77,85,-8,8
30783,83,89,-6,6
30784,145,157,-12,12
30785,89,89,0,0
30786,98,92,6,6
30787,128,135,-7,7
30788,70,82,-12,12
30789,85,87,-2,2
30790,94,92,2,2
30791,63,72,-9,9
30792,120,106,14,14
30793,93,104,-11,11
30794,113,111,2,2
30795,164,170,-6,6
30796,121,119,2,2
30797,61,56,5,5
30798,100,105,-5,5
30799,67,66,1,1
30800,107,114,-7,7
30801,56,50,6,6
30802,79,84,-5,5
30803,116,147,-31,31
30804,139,137,2,2
30805,112,121,-9,9
30806,92,94,-2,2
30807,108,105,3,3
30808,124,134,-10,10
30809,158,167,-9,9
30810,106,86,20,20
30811,132,130,2,2
30812,100,92,8,8
30813,64,106,-42,42
30814,128,124,4,4
30815,53,51,2,2
30816,54,55,-1,1
30817,81,84,-3,3
30818,67,68,-1,1
30819,97,107,-10,10
30820,129,123,6,6
30821,122,107,15,15
30822,139,141,-2,2
30823,44,54,-10,10
30824,131,135,-4,4
30825,67,74,-7,7
30826,115,106,9,9
30827,53,49,4,4
30828,84,98,-14,14
30829,124,123,1,1
30830,74,69,5,5
30831,104,110,-6,6
30832,70,78,-8,8
30833,112,109,3,3
30834,90,80,10,10
30835,83,107,-24,24
30836,71,73,-2,2
30837,81,78,3,3
30838,124,147,-23,23
30839,161,178,-17,17
30840,52,55,-3,3
30841,78,89,-11,11
30842,57,51,6,6
30843,113,110,3,3
30844,105,100,5,5
30845,119,116,3,3
30846,48,50,-2,2
30847,123,131,-8,8
30848,96,99,-3,3
30849,124,115,9,9
30850,129,134,-5,5
30851,125,137,-12,12
30852,104,109,-5,5
30853,117,121,-4,4
30854,151,152,-1,1
30855,125,126,-1,1
30856,87,96,-9,9
30857,71,72,-1,1
30858,58,59,-1,1
30859,127,134,-7,7
30860,143,134,9,9
30861,78,80,-2,2
30862,114,129,-15,15
30863,49,53,-4,4
30864,86,88,-2,2
30865,81,92,-11,11
30866,85,86,-1,1
30867,158,138,20,20
30868,57,47,10,10
30869,109,111,-2,2
30870,95,96,-1,1
30871,45,46,-1,1
30872,76,92,-16,16
30873,83,76,7,7
30874,100,118,-18,18
30875,65,84,-19,19
30876,76,80,-4,4
30877,47,58,-11,11
30878,70,73,-3,3
30879,157,164,-7,7
30880,204,189,15,15
30881,88,85,3,3
30882,93,91,2,2
30883,53,62,-9,9
30884,97,98,-1,1
30885,84,86,-2,2
30886,66,74,-8,8
30887,73,77,-4,4
30888,64,72,-8,8
30889,102,93,9,9
30890,56,55,1,1
30891,73,77,-4,4
30892,78,85,-7,7
30893,64,74,-10,10
30894,89,94,-5,5
30895,108,110,-2,2
30896,79,75,4,4
30897,99,107,-8,8
30898,104,105,-1,1
30899,174,165,9,9
30900,76,80,-4,4
30901,67,75,-8,8
30902,103,101,2,2
30903,72,72,0,0
30904,65,78,-13,13
30905,79,85,-6,6
30906,39,68,-29,29
30907,42,49,-7,7
30908,43,54,-11,11
30909,130,125,5,5
30910,56,55,1,1
30911,67,72,-5,5
30912,61,63,-2,2
30913,79,73,6,6
30914,122,100,22,22
30915,121,121,0,0
30916,87,85,2,2
30917,95,105,-10,10
30918,76,75,1,1
30919,98,93,5,5
30920,149,158,-9,9
30921,37,48,-11,11
30922,91,84,7,7
30923,99,92,7,7
30924,64,69,-5,5
30925,113,124,-11,11
30926,82,83,-1,1
30927,71,80,-9,9
30928,103,114,-11,11
30929,58,58,0,0
30930,112,117,-5,5
30931,61,74,-13,13
30932,60,65,-5,5
30933,118,127,-9,9
30934,48,60,-12,12
30935,86,78,8,8
30936,61,66,-5,5
30937,123,118,5,5
30938,151,150,1,1
30939,50,49,1,1
30940,123,134,-11,11
30941,186,182,4,4
30942,59,65,-6,6
30943,141,144,-3,3
30944,130,155,-25,25
30945,83,77,6,6
30946,63,69,-6,6
30947,168,156,12,12
30948,88,84,4,4
30949,49,54,-5,5
30950,47,54,-7,7
30951,81,83,-2,2
30952,176,163,13,13
30953,58,61,-3,3
30954,48,48,0,0
30955,117,119,-2,2
30956,115,111,4,4
30957,120,117,3,3
30958,90,90,0,0
30959,46,59,-13,13
30960,113,130,-17,17
30961,64,72,-8,8
30962,126,122,4,4
30963,153,150,3,3
30964,114,112,2,2
30965,182,188,-6,6
30966,114,117,-3,3
30967,91,88,3,3
30968,116,113,3,3
30969,135,129,6,6
30970,70,76,-6,6
30971,80,75,5,5
30972,50,63,-13,13
30973,90,91,-1,1
30974,50,68,-18,18
30975,144,130,14,14
30976,77,77,0,0
30977,81,83,-2,2
30978,41,57,-16,16
30979,80,90,-10,10
30980,97,100,-3,3
30981,65,69,-4,4
30982,70,73,-3,3
30983,176,191,-15,15
30984,143,148,-5,5
30985,79,81,-2,2
30986,122,116,6,6
30987,135,135,0,0
30988,85,93,-8,8
30989,50,63,-13,13
30990,88,91,-3,3
30991,120,110,10,10
30992,134,134,0,0
30993,74,68,6,6
30994,86,95,-9,9
30995,95,94,1,1
30996,56,62,-6,6
30997,92,98,-6,6
30998,86,86,0,0
30999,70,90,-20,20
31000,81,79,2,2
31001,113,120,-7,7
31002,99,98,1,1
31003,77,83,-6,6
31004,31,23,8,8
31005,99,93,6,6
31006,85,85,0,0
31007,80,87,-7,7
31008,92,91,1,1
31009,56,60,-4,4
31010,139,161,-22,22
31011,51,48,3,3
31012,36,54,-18,18
31013,126,119,7,7
31014,76,80,-4,4
31015,96,116,-20,20
31016,87,94,-7,7
31017,117,120,-3,3
31018,102,106,-4,4
31019,89,93,-4,4
31020,107,78,29,29
31021,79,84,-5,5
31022,89,96,-7,7
31023,67,66,1,1
31024,114,114,0,0
31025,69,72,-3,3
31026,115,107,8,8
31027,168,184,-16,16
31028,84,77,7,7
31029,79,81,-2,2
31030,133,135,-2,2
31031,123,111,12,12
31032,102,115,-13,13
31033,123,116,7,7
31034,97,76,21,21
31035,89,99,-10,10
31036,92,99,-7,7
31037,171,166,5,5
31038,72,64,8,8
31039,92,102,-10,10
31040,54,62,-8,8
31041,113,120,-7,7
31042,110,101,9,9
31043,64,67,-3,3
31044,64,67,-3,3
31045,69,63,6,6
31046,81,82,-1,1
31047,101,106,-5,5
31048,92,81,11,11
31049,85,94,-9,9
31050,58,58,0,0
31051,124,118,6,6
31052,81,79,2,2
31053,108,99,9,9
31054,93,88,5,5
31055,70,60,10,10
31056,119,102,17,17
31057,65,82,-17,17
31058,90,82,8,8
31059,53,58,-5,5
31060,73,78,-5,5
31061,52,61,-9,9
31062,97,95,2,2
31063,118,102,16,16
31064,95,98,-3,3
31065,89,88,1,1
31066,66,68,-2,2
31067,75,85,-10,10
31068,107,105,2,2
31069,63,64,-1,1
31070,148,137,11,11
31071,110,113,-3,3
31072,96,95,1,1
31073,123,104,19,19
31074,123,126,-3,3
31075,106,90,16,16
31076,101,97,4,4
31077,105,113,-8,8
31078,94,106,-12,12
31079,53,67,-14,14
31080,53,57,-4,4
31081,116,117,-1,1
31082,122,132,-10,10
31083,96,93,3,3
31084,117,108,9,9
31085,105,102,3,3
31086,74,77,-3,3
31087,43,51,-8,8
31088,110,111,-1,1
31089,71,73,-2,2
31090,72,70,2,2
31091,109,111,-2,2
31092,142,144,-2,2
31093,69,69,0,0
31094,127,141,-14,14
31095,113,128,-15,15
31096,61,64,-3,3
31097,108,102,6,6
31098,83,83,0,0
31099,58,66,-8,8
31100,107,105,2,2
31101,108,128,-20,20
31102,97,94,3,3
31103,101,96,5,5
31104,101,112,-11,11
31105,123,110,13,13
31106,68,75,-7,7
31107,89,86,3,3
31108,47,54,-7,7
31109,128,114,14,14
31110,117,113,4,4
31111,94,90,4,4
31112,111,109,2,2
31113,51,53,-2,2
31114,65,69,-4,4
31115,79,98,-19,19
31116,140,141,-1,1
31117,152,137,15,15
31118,108,110,-2,2
31119,115,110,5,5
31120,78,90,-12,12
31121,100,102,-2,2
31122,69,78,-9,9
31123,127,130,-3,3
31124,64,61,3,3
31125,148,153,-5,5
31126,105,105,0,0
31127,123,120,3,3
31128,56,59,-3,3
31129,60,73,-13,13
31130,100,94,6,6
31131,77,91,-14,14
31132,89,100,-11,11
31133,63,75,-12,12
31134,70,72,-2,2
31135,74,69,5,5
31136,74,78,-4,4
31137,149,138,11,11
31138,60,66,-6,6
31139,115,158,-43,43
31140,65,72,-7,7
31141,95,87,8,8
31142,126,140,-14,14
31143,84,94,-10,10
31144,114,106,8,8
31145,130,127,3,3
31146,117,118,-1,1
31147,135,142,-7,7
31148,110,118,-8,8
31149,74,70,4,4
31150,91,93,-2,2
31151,102,96,6,6
31152,76,84,-8,8
31153,81,83,-2,2
31154,117,114,3,3
31155,58,62,-4,4
31156,52,72,-20,20
31157,44,60,-16,16
31158,126,130,-4,4
31159,102,105,-3,3
31160,68,60,8,8
31161,96,117,-21,21
31162,116,101,15,15
31163,96,93,3,3
31164,44,57,-13,13
31165,49,49,0,0
31166,109,118,-9,9
31167,40,45,-5,5
31168,84,121,-37,37
31169,57,56,1,1
31170,85,98,-13,13
31171,44,43,1,1
31172,77,79,-2,2
31173,70,84,-14,14
31174,63,69,-6,6
31175,75,69,6,6
31176,88,90,-2,2
31177,98,90,8,8
31178,66,89,-23,23
31179,78,72,6,6
31180,95,105,-10,10
31181,99,128,-29,29
31182,20,100,-80,80
31183,88,97,-9,9
31184,165,165,0,0
31185,127,124,3,3
31186,55,61,-6,6
31187,145,150,-5,5
31188,72,78,-6,6
31189,84,77,7,7
31190,62,65,-3,3
31191,107,112,-5,5
31192,113,96,17,17
31193,64,73,-9,9
31194,132,117,15,15
31195,80,61,19,19
31196,64,70,-6,6
31197,58,74,-16,16
31198,53,61,-8,8
31199,101,98,3,3
31200,97,89,8,8
31201,93,99,-6,6
31202,87,75,12,12
31203,78,77,1,1
31204,70,67,3,3
31205,119,86,33,33
31206,66,66,0,0
31207,82,94,-12,12
31208,117,111,6,6
31209,106,103,3,3
31210,79,81,-2,2
31211,129,172,-43,43
31212,95,88,7,7
31213,66,75,-9,9
31214,63,60,3,3
31215,128,111,17,17
31216,86,78,8,8
31217,87,96,-9,9
31218,115,104,11,11
31219,126,129,-3,3
31220,66,112,-46,46
31221,138,142,-4,4
31222,118,109,9,9
31223,105,107,-2,2
31224,59,66,-7,7
31225,51,56,-5,5
31226,45,63,-18,18
31227,79,83,-4,4
31228,103,89,14,14
31229,86,99,-13,13
31230,63,63,0,0
31231,104,103,1,1
31232,144,148,-4,4
31233,160,158,2,2
31234,55,62,-7,7
31235,83,86,-3,3
31236,104,103,1,1
31237,61,62,-1,1
31238,92,96,-4,4
31239,72,77,-5,5
31240,103,95,8,8
31241,192,171,21,21
31242,89,89,0,0
31243,76,82,-6,6
31244,70,83,-13,13
31245,81,76,5,5
31246,96,95,1,1
31247,120,122,-2,2
31248,88,97,-9,9
31249,81,78,3,3
31250,91,94,-3,3
31251,104,96,8,8
31252,71,79,-8,8
31253,51,45,6,6
31254,138,132,6,6
31255,88,85,3,3
31256,64,74,-10,10
31257,108,114,-6,6
31258,120,126,-6,6
31259,78,103,-25,25
31260,158,148,10,10
31261,185,182,3,3
31262,168,183,-15,15
31263,96,102,-6,6
31264,100,79,21,21
31265,48,112,-64,64
31266,80,82,-2,2
31267,49,54,-5,5
31268,108,116,-8,8
31269,71,75,-4,4
31270,111,113,-2,2
31271,75,64,11,11
31272,117,112,5,5
31273,156,136,20,20
31274,111,106,5,5
31275,108,117,-9,9
31276,54,55,-1,1
31277,83,89,-6,6
31278,91,86,5,5
31279,53,62,-9,9
31280,46,49,-3,3
31281,39,47,-8,8
31282,97,105,-8,8
31283,97,122,-25,25
31284,93,86,7,7
31285,173,168,5,5
31286,76,75,1,1
31287,146,148,-2,2
31288,128,141,-13,13
31289,81,68,13,13
31290,90,93,-3,3
31291,109,112,-3,3
31292,123,113,10,10
31293,100,106,-6,6
31294,77,80,-3,3
31295,77,80,-3,3
31296,109,84,25,25
31297,85,80,5,5
31298,94,90,4,4
31299,57,61,-4,4
31300,51,53,-2,2
31301,50,61,-11,11
31302,80,77,3,3
31303,73,72,1,1
31304,68,76,-8,8
31305,153,141,12,12
31306,120,138,-18,18
31307,99,103,-4,4
31308,97,89,8,8
31309,82,87,-5,5
31310,85,92,-7,7
31311,84,85,-1,1
31312,93,110,-17,17
31313,55,63,-8,8
31314,53,56,-3,3
31315,148,144,4,4
31316,115,121,-6,6
31317,116,115,1,1
31318,109,100,9,9
31319,72,78,-6,6
31320,85,88,-3,3
31321,78,67,11,11
31322,133,135,-2,2
31323,89,88,1,1
31324,53,63,-10,10
31325,145,173,-28,28
31326,75,71,4,4
31327,60,70,-10,10
31328,71,70,1,1
31329,62,64,-2,2
31330,165,157,8,8
31331,51,53,-2,2
31332,146,143,3,3
31333,64,66,-2,2
31334,75,86,-11,11
31335,79,72,7,7
31336,85,92,-7,7
31337,100,101,-1,1
31338,119,121,-2,2
31339,106,125,-19,19
31340,79,80,-1,1
31341,163,155,8,8
31342,121,132,-11,11
31343,66,71,-5,5
31344,114,114,0,0
31345,77,81,-4,4
31346,57,49,8,8
31347,87,91,-4,4
31348,86,85,1,1
31349,71,85,-14,14
31350,124,123,1,1
31351,65,62,3,3
31352,111,113,-2,2
31353,62,70,-8,8
31354,94,87,7,7
31355,76,76,0,0
31356,122,139,-17,17
31357,136,155,-19,19
31358,76,75,1,1
31359,82,98,-16,16
31360,62,56,6,6
31361,65,62,3,3
31362,63,70,-7,7
31363,50,57,-7,7
31364,56,70,-14,14
31365,80,86,-6,6
31366,95,87,8,8
31367,94,96,-2,2
31368,90,84,6,6
31369,116,102,14,14
31370,113,108,5,5
31371,70,72,-2,2
31372,31,43,-12,12
31373,70,72,-2,2
31374,72,66,6,6
31375,92,88,4,4
31376,82,83,-1,1
31377,58,66,-8,8
31378,104,116,-12,12
31379,75,77,-2,2
31380,90,96,-6,6
31381,130,129,1,1
31382,126,129,-3,3
31383,89,85,4,4
31384,108,104,4,4
31385,51,59,-8,8
31386,132,137,-5,5
31387,91,90,1,1
31388,109,113,-4,4
31389,103,122,-19,19
31390,87,82,5,5
31391,123,124,-1,1
31392,109,104,5,5
31393,77,90,-13,13
31394,96,100,-4,4
31395,82,89,-7,7
31396,111,117,-6,6
31397,72,76,-4,4
31398,117,105,12,12
31399,117,115,2,2
31400,137,132,5,5
31401,107,104,3,3
31402,91,92,-1,1
31403,110,115,-5,5
31404,76,85,-9,9
31405,83,78,5,5
31406,142,143,-1,1
31407,97,94,3,3
31408,54,57,-3,3
31409,71,75,-4,4
31410,91,103,-12,12
31411,100,107,-7,7
31412,47,52,-5,5
31413,114,106,8,8
31414,65,53,12,12
31415,33,41,-8,8
31416,88,94,-6,6
31417,102,111,-9,9
31418,72,86,-14,14
31419,95,104,-9,9
31420,100,100,0,0
31421,200,207,-7,7
31422,147,135,12,12
31423,98,111,-13,13
31424,111,108,3,3
31425,105,109,-4,4
31426,89,90,-1,1
31427,108,106,2,2
31428,35,69,-34,34
31429,54,56,-2,2
31430,124,130,-6,6
31431,90,82,8,8
31432,130,130,0,0
31433,138,135,3,3
31434,143,131,12,12
31435,74,73,1,1
31436,47,63,-16,16
31437,64,67,-3,3
31438,174,182,-8,8
31439,96,100,-4,4
31440,132,134,-2,2
31441,66,84,-18,18
31442,105,111,-6,6
31443,128,135,-7,7
31444,99,101,-2,2
31445,70,73,-3,3
31446,62,59,3,3
31447,78,74,4,4
31448,93,107,-14,14
31449,89,78,11,11
31450,104,102,2,2
31451,74,80,-6,6
31452,102,89,13,13
31453,58,57,1,1
31454,89,89,0,0
31455,84,79,5,5
31456,128,119,9,9
31457,91,90,1,1
31458,80,73,7,7
31459,84,97,-13,13
31460,100,107,-7,7
31461,115,118,-3,3
31462,92,96,-4,4
31463,155,147,8,8
31464,175,164,11,11
31465,79,80,-1,1
31466,70,66,4,4
31467,64,78,-14,14
31468,111,124,-13,13
31469,83,80,3,3
31470,92,96,-4,4
31471,153,154,-1,1
31472,138,141,-3,3
31473,90,114,-24,24
31474,104,117,-13,13
31475,52,53,-1,1
31476,72,80,-8,8
31477,76,81,-5,5
31478,69,71,-2,2
31479,145,140,5,5
31480,67,67,0,0
31481,79,85,-6,6
31482,103,94,9,9
31483,145,148,-3,3
31484,86,90,-4,4
31485,112,109,3,3
31486,130,110,20,20
31487,173,155,18,18
31488,75,78,-3,3
31489,195,173,22,22
31490,93,93,0,0
31491,102,99,3,3
31492,64,57,7,7
31493,68,67,1,1
31494,58,64,-6,6
31495,93,80,13,13
31496,119,100,19,19
31497,54,57,-3,3
31498,72,91,-19,19
31499,82,85,-3,3
31500,130,130,0,0
31501,75,79,-4,4
31502,73,81,-8,8
31503,72,77,-5,5
31504,243,271,-28,28
31505,62,81,-19,19
31506,79,79,0,0
31507,129,136,-7,7
31508,119,118,1,1
31509,121,125,-4,4
31510,135,134,1,1
31511,64,58,6,6
31512,84,83,1,1
31513,68,81,-13,13
31514,89,89,0,0
31515,59,50,9,9
31516,67,77,-10,10
31517,108,109,-1,1
31518,55,57,-2,2
31519,161,147,14,14
31520,75,84,-9,9
31521,113,108,5,5
31522,102,101,1,1
31523,116,114,2,2
31524,134,131,3,3
31525,161,138,23,23
31526,122,74,48,48
31527,103,97,6,6
31528,75,78,-3,3
31529,162,152,10,10
31530,76,87,-11,11
31531,57,55,2,2
31532,74,79,-5,5
31533,78,70,8,8
31534,68,66,2,2
31535,101,93,8,8
31536,66,73,-7,7
31537,61,81,-20,20
31538,120,122,-2,2
31539,62,61,1,1
31540,149,136,13,13
31541,85,96,-11,11
31542,126,117,9,9
31543,192,184,8,8
31544,94,94,0,0
31545,69,82,-13,13
31546,99,85,14,14
31547,114,104,10,10
31548,75,76,-1,1
31549,113,126,-13,13
31550,165,143,22,22
31551,133,130,3,3
31552,86,97,-11,11
31553,72,64,8,8
31554,97,91,6,6
31555,113,122,-9,9
31556,110,121,-11,11
31557,119,125,-6,6
31558,60,65,-5,5
31559,72,81,-9,9
31560,110,122,-12,12
31561,151,143,8,8
31562,70,68,2,2
31563,89,96,-7,7
31564,112,107,5,5
31565,70,62,8,8
31566,64,65,-1,1
31567,155,162,-7,7
31568,103,102,1,1
31569,115,117,-2,2
31570,57,62,-5,5
31571,92,101,-9,9
31572,96,90,6,6
31573,61,61,0,0
31574,144,133,11,11
31575,75,80,-5,5
31576,138,134,4,4
31577,103,106,-3,3
31578,118,106,12,12
31579,80,95,-15,15
31580,107,99,8,8
31581,84,88,-4,4
31582,87,83,4,4
31583,56,55,1,1
31584,129,105,24,24
31585,94,93,1,1
31586,72,79,-7,7
31587,193,158,35,35
31588,141,128,13,13
31589,98,103,-5,5
31590,116,132,-16,16
31591,154,152,2,2
31592,116,128,-12,12
31593,75,79,-4,4
31594,107,107,0,0
31595,83,76,7,7
31596,103,119,-16,16
31597,99,96,3,3
31598,109,119,-10,10
31599,95,91,4,4
31600,85,78,7,7
31601,81,83,-2,2
31602,112,93,19,19
31603,82,87,-5,5
31604,56,63,-7,7
31605,64,66,-2,2
31606,105,132,-27,27
31607,118,130,-12,12
31608,82,87,-5,5
31609,96,96,0,0
31610,69,68,1,1
31611,128,132,-4,4
31612,88,96,-8,8
31613,90,98,-8,8
31614,141,142,-1,1
31615,75,88,-13,13
31616,108,105,3,3
31617,153,150,3,3
31618,101,98,3,3
31619,76,82,-6,6
31620,86,95,-9,9
31621,49,47,2,2
31622,130,137,-7,7
31623,95,100,-5,5
31624,33,45,-12,12
31625,156,172,-16,16
31626,49,48,1,1
31627,89,84,5,5
31628,86,78,8,8
31629,80,80,0,0
31630,97,94,3,3
31631,59,60,-1,1
31632,153,159,-6,6
31633,51,55,-4,4
31634,88,82,6,6
31635,145,166,-21,21
31636,165,188,-23,23
31637,74,82,-8,8
31638,80,92,-12,12
31639,101,98,3,3
31640,46,50,-4,4
31641,62,61,1,1
31642,107,97,10,10
31643,66,70,-4,4
31644,153,155,-2,2
31645,75,81,-6,6
31646,49,52,-3,3
31647,120,124,-4,4
31648,131,132,-1,1
31649,106,111,-5,5
31650,147,143,4,4
31651,81,88,-7,7
31652,94,95,-1,1
31653,57,59,-2,2
31654,61,71,-10,10
31655,47,53,-6,6
31656,53,56,-3,3
31657,117,118,-1,1
31658,98,78,20,20
31659,48,49,-1,1
31660,190,205,-15,15
31661,68,67,1,1
31662,106,102,4,4
31663,57,82,-25,25
31664,131,147,-16,16
31665,132,134,-2,2
31666,74,80,-6,6
31667,125,134,-9,9
31668,86,90,-4,4
31669,49,58,-9,9
31670,95,85,10,10
31671,67,60,7,7
31672,82,88,-6,6
31673,93,99,-6,6
31674,52,59,-7,7
31675,55,63,-8,8
31676,111,108,3,3
31677,73,78,-5,5
31678,72,79,-7,7
31679,160,161,-1,1
31680,97,104,-7,7
31681,95,90,5,5
31682,117,99,18,18
31683,67,55,12,12
31684,55,67,-12,12
31685,103,100,3,3
31686,108,121,-13,13
31687,82,70,12,12
31688,155,148,7,7
31689,87,91,-4,4
31690,88,91,-3,3
31691,84,99,-15,15
31692,66,70,-4,4
31693,59,58,1,1
31694,80,83,-3,3
31695,120,128,-8,8
31696,92,101,-9,9
31697,36,47,-11,11
31698,89,73,16,16
31699,113,87,26,26
31700,86,81,5,5
31701,117,141,-24,24
31702,78,74,4,4
31703,72,81,-9,9
31704,76,69,7,7
31705,76,83,-7,7
31706,87,87,0,0
31707,76,98,-22,22
31708,79,60,19,19
31709,51,49,2,2
31710,121,127,-6,6
31711,100,91,9,9
31712,83,87,-4,4
31713,84,77,7,7
31714,100,109,-9,9
31715,125,120,5,5
31716,73,67,6,6
31717,59,53,6,6
31718,79,84,-5,5
31719,76,72,4,4
31720,108,114,-6,6
31721,64,75,-11,11
31722,101,98,3,3
31723,140,130,10,10
31724,89,86,3,3
31725,72,71,1,1
31726,82,93,-11,11
31727,68,73,-5,5
31728,41,52,-11,11
31729,77,76,1,1
31730,150,143,7,7
31731,121,121,0,0
31732,96,107,-11,11
31733,50,54,-4,4
31734,45,49,-4,4
31735,118,125,-7,7
31736,108,107,1,1
31737,74,76,-2,2
31738,148,130,18,18
31739,109,109,0,0
31740,53,59,-6,6
31741,69,67,2,2
31742,75,77,-2,2
31743,75,91,-16,16
31744,93,90,3,3
31745,36,43,-7,7
31746,62,68,-6,6
31747,139,141,-2,2
31748,67,68,-1,1
31749,199,206,-7,7
31750,61,60,1,1
31751,66,68,-2,2
31752,58,58,0,0
31753,58,52,6,6
31754,98,105,-7,7
31755,65,64,1,1
31756,96,94,2,2
31757,105,105,0,0
31758,44,43,1,1
31759,116,116,0,0
31760,87,98,-11,11
31761,94,83,11,11
31762,130,142,-12,12
31763,103,103,0,0
31764,85,85,0,0
31765,94,104,-10,10
31766,78,79,-1,1
31767,120,119,1,1
31768,48,57,-9,9
31769,107,100,7,7
31770,87,93,-6,6
31771,115,122,-7,7
31772,122,124,-2,2
31773,137,128,9,9
31774,19,32,-13,13
31775,90,95,-5,5
31776,45,43,2,2
31777,53,76,-23,23
31778,132,122,10,10
31779,54,57,-3,3
31780,123,140,-17,17
31781,88,105,-17,17
31782,90,93,-3,3
31783,112,116,-4,4
31784,67,82,-15,15
31785,50,77,-27,27
31786,65,64,1,1
31787,44,50,-6,6
31788,86,97,-11,11
31789,65,69,-4,4
31790,80,108,-28,28
31791,128,125,3,3
31792,166,137,29,29
31793,105,104,1,1
31794,77,81,-4,4
31795,113,131,-18,18
31796,82,83,-1,1
31797,94,99,-5,5
31798,123,119,4,4
31799,118,117,1,1
31800,159,151,8,8
31801,100,83,17,17
31802,95,92,3,3
31803,128,125,3,3
31804,67,80,-13,13
31805,131,118,13,13
31806,78,83,-5,5
31807,58,64,-6,6
31808,126,116,10,10
31809,136,147,-11,11
31810,75,73,2,2
31811,100,98,2,2
31812,52,66,-14,14
31813,94,90,4,4
31814,64,70,-6,6
31815,65,67,-2,2
31816,85,90,-5,5
31817,100,104,-4,4
31818,134,135,-1,1
31819,88,94,-6,6
31820,87,88,-1,1
31821,112,118,-6,6
31822,222,224,-2,2
31823,103,102,1,1
31824,131,154,-23,23
31825,143,133,10,10
31826,89,93,-4,4
31827,144,139,5,5
31828,90,90,0,0
31829,117,114,3,3
31830,41,44,-3,3
31831,161,162,-1,1
31832,87,95,-8,8
31833,67,66,1,1
31834,89,94,-5,5
31835,58,60,-2,2
31836,54,53,1,1
31837,66,61,5,5
31838,62,64,-2,2
31839,46,47,-1,1
31840,116,107,9,9
31841,146,155,-9,9
31842,153,165,-12,12
31843,110,94,16,16
31844,83,78,5,5
31845,138,129,9,9
31846,117,114,3,3
31847,86,81,5,5
31848,170,166,4,4
31849,96,106,-10,10
31850,57,58,-1,1
31851,102,97,5,5
31852,96,97,-1,1
31853,88,84,4,4
31854,117,126,-9,9
31855,83,100,-17,17
31856,94,106,-12,12
31857,68,79,-11,11
31858,81,72,9,9
31859,165,170,-5,5
31860,93,87,6,6
31861,169,170,-1,1
31862,79,83,-4,4
31863,91,82,9,9
31864,96,98,-2,2
31865,107,93,14,14
31866,98,98,0,0
31867,81,78,3,3
31868,125,129,-4,4
31869,111,106,5,5
31870,50,58,-8,8
31871,102,113,-11,11
31872,94,93,1,1
31873,57,62,-5,5
31874,110,110,0,0
31875,89,89,0,0
31876,69,64,5,5
31877,116,121,-5,5
31878,135,122,13,13
31879,76,73,3,3
31880,98,92,6,6
31881,72,64,8,8
31882,68,75,-7,7
31883,77,84,-7,7
31884,125,148,-23,23
31885,115,107,8,8
31886,136,130,6,6
31887,80,90,-10,10
31888,82,87,-5,5
31889,76,79,-3,3
31890,82,76,6,6
31891,138,123,15,15
31892,108,107,1,1
31893,153,151,2,2
31894,76,73,3,3
31895,100,93,7,7
31896,97,102,-5,5
31897,119,118,1,1
31898,35,42,-7,7
31899,39,53,-14,14
31900,102,98,4,4
31901,93,109,-16,16
31902,122,119,3,3
31903,88,86,2,2
31904,84,85,-1,1
31905,207,200,7,7
31906,67,73,-6,6
31907,111,113,-2,2
31908,75,76,-1,1
31909,112,94,18,18
31910,59,62,-3,3
31911,66,71,-5,5
31912,161,173,-12,12
31913,80,89,-9,9
31914,64,94,-30,30
31915,123,81,42,42
31916,123,118,5,5
31917,144,147,-3,3
31918,61,66,-5,5
31919,85,76,9,9
31920,100,102,-2,2
31921,100,99,1,1
31922,65,54,11,11
31923,75,66,9,9
31924,104,96,8,8
31925,112,109,3,3
31926,93,87,6,6
31927,69,66,3,3
31928,58,60,-2,2
31929,120,96,24,24
31930,131,127,4,4
31931,101,96,5,5
31932,156,167,-11,11
31933,83,77,6,6
31934,62,63,-1,1
31935,94,96,-2,2
31936,87,99,-12,12
31937,182,180,2,2
31938,132,134,-2,2
31939,100,103,-3,3
31940,74,75,-1,1
31941,57,62,-5,5
31942,95,98,-3,3
31943,64,61,3,3
31944,99,96,3,3
31945,102,109,-7,7
31946,144,133,11,11
31947,152,148,4,4
31948,66,67,-1,1
31949,57,58,-1,1
31950,73,82,-9,9
31951,85,80,5,5
31952,111,109,2,2
31953,78,80,-2,2
31954,87,89,-2,2
31955,58,67,-9,9
31956,125,135,-10,10
31957,98,97,1,1
31958,127,130,-3,3
31959,125,122,3,3
31960,107,108,-1,1
31961,57,65,-8,8
31962,161,159,2,2
31963,109,100,9,9
31964,110,114,-4,4
31965,64,65,-1,1
31966,304,337,-33,33
31967,75,77,-2,2
31968,161,165,-4,4
31969,85,96,-11,11
31970,124,108,16,16
31971,53,59,-6,6
31972,98,104,-6,6
31973,124,121,3,3
31974,67,70,-3,3
31975,59,79,-20,20
31976,115,107,8,8
31977,91,86,5,5
31978,108,111,-3,3
31979,82,88,-6,6
31980,104,99,5,5
31981,65,71,-6,6
31982,107,105,2,2
31983,140,147,-7,7
31984,83,92,-9,9
31985,128,127,1,1
31986,65,61,4,4
31987,70,77,-7,7
31988,160,172,-12,12
31989,94,97,-3,3
31990,74,68,6,6
31991,99,101,-2,2
31992,105,108,-3,3
31993,65,72,-7,7
31994,46,41,5,5
31995,72,79,-7,7
31996,53,65,-12,12
31997,110,108,2,2
31998,100,94,6,6
31999,65,71,-6,6
32000,102,102,0,0
32001,128,121,7,7
32002,90,92,-2,2
32003,139,156,-17,17
32004,145,137,8,8
32005,89,84,5,5
32006,68,81,-13,13
32007,64,71,-7,7
32008,79,93,-14,14
32009,86,78,8,8
32010,60,69,-9,9
32011,101,101,0,0
32012,36,50,-14,14
32013,103,108,-5,5
32014,52,48,4,4
32015,152,159,-7,7
32016,80,92,-12,12
32017,142,135,7,7
32018,129,117,12,12
32019,140,125,15,15
32020,49,52,-3,3
32021,147,163,-16,16
32022,100,86,14,14
32023,59,70,-11,11
32024,106,110,-4,4
32025,88,91,-3,3
32026,86,91,-5,5
32027,106,92,14,14
32028,110,112,-2,2
32029,43,64,-21,21
32030,114,129,-15,15
32031,77,80,-3,3
32032,103,105,-2,2
32033,125,132,-7,7
32034,65,68,-3,3
32035,105,104,1,1
32036,98,116,-18,18
32037,132,148,-16,16
32038,119,112,7,7
32039,80,81,-1,1
32040,107,106,1,1
32041,94,88,6,6
32042,59,60,-1,1
32043,109,111,-2,2
32044,144,152,-8,8
32045,45,45,0,0
32046,66,58,8,8
32047,122,129,-7,7
32048,88,95,-7,7
32049,53,54,-1,1
32050,58,72,-14,14
32051,68,74,-6,6
32052,104,100,4,4
32053,129,141,-12,12
32054,55,58,-3,3
32055,80,75,5,5
32056,100,108,-8,8
32057,64,74,-10,10
32058,150,153,-3,3
32059,80,79,1,1
32060,96,95,1,1
32061,83,93,-10,10
32062,39,41,-2,2
32063,112,100,12,12
32064,146,137,9,9
32065,91,92,-1,1
32066,77,86,-9,9
32067,121,123,-2,2
32068,113,117,-4,4
32069,132,143,-11,11
32070,102,104,-2,2
32071,71,68,3,3
32072,81,81,0,0
32073,60,70,-10,10
32074,112,115,-3,3
32075,95,93,2,2
32076,116,113,3,3
32077,85,89,-4,4
32078,116,130,-14,14
32079,107,115,-8,8
32080,156,142,14,14
32081,84,88,-4,4
32082,77,83,-6,6
32083,111,113,-2,2
32084,61,87,-26,26
32085,124,134,-10,10
32086,106,95,11,11
32087,116,117,-1,1
32088,64,77,-13,13
32089,108,105,3,3
32090,76,74,2,2
32091,72,79,-7,7
32092,75,64,11,11
32093,66,64,2,2
32094,128,144,-16,16
32095,189,156,33,33
32096,120,128,-8,8
32097,64,72,-8,8
32098,141,146,-5,5
32099,96,94,2,2
32100,170,173,-3,3
32101,83,84,-1,1
32102,101,106,-5,5
32103,81,94,-13,13
32104,43,56,-13,13
32105,150,147,3,3
32106,70,71,-1,1
32107,89,88,1,1
32108,115,102,13,13
32109,103,101,2,2
32110,54,39,15,15
32111,63,62,1,1
32112,127,138,-11,11
32113,96,80,16,16
32114,79,94,-15,15
32115,83,89,-6,6
32116,108,98,10,10
32117,116,111,5,5
32118,121,121,0,0
32119,127,118,9,9
32120,109,114,-5,5
32121,96,106,-10,10
32122,82,78,4,4
32123,103,133,-30,30
32124,142,165,-23,23
32125,161,149,12,12
32126,126,130,-4,4
32127,78,81,-3,3
32128,157,166,-9,9
32129,63,71,-8,8
32130,64,67,-3,3
32131,90,91,-1,1
32132,95,93,2,2
32133,146,151,-5,5
32134,56,62,-6,6
32135,48,46,2,2
32136,68,73,-5,5
32137,94,97,-3,3
32138,87,88,-1,1
32139,122,109,13,13
32140,126,115,11,11
32141,55,75,-20,20
32142,61,65,-4,4
32143,89,109,-20,20
32144,62,70,-8,8
32145,71,69,2,2
32146,87,94,-7,7
32147,39,62,-23,23
32148,123,121,2,2
32149,79,85,-6,6
32150,109,108,1,1
32151,101,107,-6,6
32152,107,103,4,4
32153,114,116,-2,2
32154,81,92,-11,11
32155,167,165,2,2
32156,71,77,-6,6
32157,65,73,-8,8
32158,76,77,-1,1
32159,94,99,-5,5
32160,162,156,6,6
32161,86,100,-14,14
32162,162,160,2,2
32163,50,64,-14,14
32164,109,115,-6,6
32165,70,69,1,1
32166,69,61,8,8
32167,36,58,-22,22
32168,117,112,5,5
32169,104,88,16,16
32170,107,118,-11,11
32171,66,71,-5,5
32172,98,97,1,1
32173,113,125,-12,12
32174,57,60,-3,3
32175,117,114,3,3
32176,79,98,-19,19
32177,88,89,-1,1
32178,101,102,-1,1
32179,98,102,-4,4
32180,164,179,-15,15
32181,108,108,0,0
32182,79,88,-9,9
32183,77,84,-7,7
32184,81,79,2,2
32185,111,117,-6,6
32186,108,109,-1,1
32187,104,101,3,3
32188,51,53,-2,2
32189,79,80,-1,1
32190,141,139,2,2
32191,105,104,1,1
32192,79,85,-6,6
32193,121,116,5,5
32194,85,94,-9,9
32195,60,64,-4,4
32196,76,78,-2,2
32197,66,67,-1,1
32198,140,132,8,8
32199,115,99,16,16
32200,135,125,10,10
32201,137,157,-20,20
32202,108,118,-10,10
32203,56,61,-5,5
32204,145,142,3,3
32205,107,93,14,14
32206,75,80,-5,5
32207,73,63,10,10
32208,58,58,0,0
32209,73,72,1,1
32210,100,94,6,6
32211,154,152,2,2
32212,89,89,0,0
32213,86,81,5,5
32214,218,187,31,31
32215,96,95,1,1
32216,72,76,-4,4
32217,136,154,-18,18
32218,197,197,0,0
32219,75,75,0,0
32220,138,138,0,0
32221,112,110,2,2
32222,97,104,-7,7
32223,50,56,-6,6
32224,144,137,7,7
32225,62,62,0,0
32226,91,102,-11,11
32227,108,117,-9,9
32228,111,109,2,2
32229,154,151,3,3
32230,84,86,-2,2
32231,181,191,-10,10
32232,80,79,1,1
32233,134,133,1,1
32234,78,86,-8,8
32235,243,236,7,7
32236,59,53,6,6
32237,83,71,12,12
32238,76,71,5,5
32239,88,89,-1,1
32240,62,61,1,1
32241,81,88,-7,7
32242,127,133,-6,6
32243,119,123,-4,4
32244,70,82,-12,12
32245,114,112,2,2
32246,91,91,0,0
32247,120,111,9,9
32248,61,66,-5,5
32249,73,74,-1,1
32250,77,83,-6,6
32251,175,186,-11,11
32252,86,81,5,5
32253,125,120,5,5
32254,109,99,10,10
32255,90,105,-15,15
32256,71,76,-5,5
32257,64,51,13,13
32258,91,82,9,9
32259,116,116,0,0
32260,63,66,-3,3
32261,79,84,-5,5
32262,56,50,6,6
32263,144,140,4,4
32264,130,118,12,12
32265,73,62,11,11
32266,64,71,-7,7
32267,146,136,10,10
32268,30,49,-19,19
32269,107,106,1,1
32270,80,94,-14,14
32271,94,115,-21,21
32272,57,56,1,1
32273,85,87,-2,2
32274,157,151,6,6
32275,131,131,0,0
32276,170,153,17,17
32277,115,128,-13,13
32278,124,112,12,12
32279,83,82,1,1
32280,139,141,-2,2
32281,104,109,-5,5
32282,54,56,-2,2
32283,117,116,1,1
32284,84,95,-11,11
32285,97,94,3,3
32286,50,48,2,2
32287,57,66,-9,9
32288,84,88,-4,4
32289,70,69,1,1
32290,75,86,-11,11
32291,33,77,-44,44
32292,110,131,-21,21
32293,60,64,-4,4
32294,66,73,-7,7
32295,121,111,10,10
32296,97,98,-1,1
32297,128,122,6,6
32298,82,80,2,2
32299,110,111,-1,1
32300,135,141,-6,6
32301,96,99,-3,3
32302,79,74,5,5
32303,82,75,7,7
32304,112,104,8,8
32305,119,129,-10,10
32306,113,93,20,20
32307,129,131,-2,2
32308,30,52,-22,22
32309,143,153,-10,10
32310,48,53,-5,5
32311,70,73,-3,3
32312,66,104,-38,38
32313,117,128,-11,11
32314,49,52,-3,3
32315,73,78,-5,5
32316,104,112,-8,8
32317,78,95,-17,17
32318,94,95,-1,1
32319,39,40,-1,1
32320,163,158,5,5
32321,131,134,-3,3
32322,78,82,-4,4
32323,107,119,-12,12
32324,40,51,-11,11
32325,83,88,-5,5
32326,88,107,-19,19
32327,104,105,-1,1
32328,116,105,11,11
32329,144,134,10,10
32330,93,103,-10,10
32331,89,91,-2,2
32332,110,113,-3,3
32333,62,86,-24,24
32334,100,100,0,0
32335,79,82,-3,3
32336,80,76,4,4
32337,120,123,-3,3
32338,84,88,-4,4
32339,88,95,-7,7
32340,132,121,11,11
32341,93,84,9,9
32342,79,84,-5,5
32343,27,35,-8,8
32344,97,99,-2,2
32345,167,167,0,0
32346,146,174,-28,28
32347,45,42,3,3
32348,53,50,3,3
32349,57,61,-4,4
32350,40,48,-8,8
32351,77,71,6,6
32352,120,119,1,1
32353,87,104,-17,17
32354,189,179,10,10
32355,84,92,-8,8
32356,68,70,-2,2
32357,85,90,-5,5
32358,75,87,-12,12
32359,58,64,-6,6
32360,67,67,0,0
32361,58,62,-4,4
32362,38,37,1,1
32363,63,67,-4,4
32364,82,99,-17,17
32365,111,130,-19,19
32366,168,161,7,7
32367,67,68,-1,1
32368,92,104,-12,12
32369,43,44,-1,1
32370,126,119,7,7
32371,94,98,-4,4
32372,108,120,-12,12
32373,80,87,-7,7
32374,159,150,9,9
32375,101,78,23,23
32376,71,67,4,4
32377,77,87,-10,10
32378,53,63,-10,10
32379,96,107,-11,11
32380,144,134,10,10
32381,96,104,-8,8
32382,120,126,-6,6
32383,91,93,-2,2
32384,57,65,-8,8
32385,95,103,-8,8
32386,114,119,-5,5
32387,115,116,-1,1
32388,63,50,13,13
32389,103,103,0,0
32390,213,218,-5,5
32391,82,94,-12,12
32392,113,103,10,10
32393,75,75,0,0
32394,122,127,-5,5
32395,82,68,14,14
32396,112,110,2,2
32397,114,113,1,1
32398,62,63,-1,1
32399,145,136,9,9
32400,153,167,-14,14
32401,102,91,11,11
32402,65,73,-8,8
32403,79,71,8,8
32404,85,91,-6,6
32405,69,68,1,1
32406,69,80,-11,11
32407,106,99,7,7
32408,73,71,2,2
32409,95,86,9,9
32410,68,75,-7,7
32411,72,75,-3,3
32412,71,79,-8,8
32413,135,131,4,4
32414,115,115,0,0
32415,75,76,-1,1
32416,57,61,-4,4
32417,33,43,-10,10
32418,73,87,-14,14
32419,147,149,-2,2
32420,100,108,-8,8
32421,81,87,-6,6
32422,130,131,-1,1
32423,63,65,-2,2
32424,75,82,-7,7
32425,97,105,-8,8
32426,80,87,-7,7
32427,67,75,-8,8
32428,135,141,-6,6
32429,48,52,-4,4
32430,113,133,-20,20
32431,62,61,1,1
32432,66,65,1,1
32433,62,46,16,16
32434,140,155,-15,15
32435,82,86,-4,4
32436,86,90,-4,4
32437,123,122,1,1
32438,134,129,5,5
32439,63,68,-5,5
32440,142,150,-8,8
32441,63,68,-5,5
32442,94,94,0,0
32443,72,76,-4,4
32444,146,141,5,5
32445,90,85,5,5
32446,57,65,-8,8
32447,51,63,-12,12
32448,64,68,-4,4
32449,80,89,-9,9
32450,105,108,-3,3
32451,109,111,-2,2
32452,99,110,-11,11
32453,209,199,10,10
32454,82,72,10,10
32455,49,62,-13,13
32456,72,78,-6,6
32457,62,63,-1,1
32458,50,55,-5,5
32459,153,159,-6,6
32460,140,116,24,24
32461,95,92,3,3
32462,81,78,3,3
32463,114,110,4,4
32464,130,135,-5,5
32465,31,37,-6,6
32466,86,98,-12,12
32467,100,107,-7,7
32468,58,64,-6,6
32469,58,59,-1,1
32470,95,87,8,8
32471,121,129,-8,8
32472,83,82,1,1
32473,152,143,9,9
32474,138,150,-12,12
32475,128,134,-6,6
32476,92,105,-13,13
32477,64,83,-19,19
32478,72,79,-7,7
32479,110,119,-9,9
32480,57,54,3,3
32481,99,96,3,3
32482,98,101,-3,3
32483,73,87,-14,14
32484,53,56,-3,3
32485,55,81,-26,26
32486,61,62,-1,1
32487,239,236,3,3
32488,86,87,-1,1
32489,133,117,16,16
32490,80,81,-1,1
32491,76,67,9,9
32492,79,77,2,2
32493,140,114,26,26
32494,97,107,-10,10
32495,74,70,4,4
32496,142,133,9,9
32497,82,83,-1,1
32498,62,73,-11,11
32499,101,113,-12,12
32500,69,85,-16,16
32501,171,148,23,23
32502,69,76,-7,7
32503,72,74,-2,2
32504,93,90,3,3
32505,78,87,-9,9
32506,68,74,-6,6
32507,54,70,-16,16
32508,110,118,-8,8
32509,69,76,-7,7
32510,92,89,3,3
32511,65,66,-1,1
32512,28,34,-6,6
32513,65,67,-2,2
32514,69,67,2,2
32515,119,111,8,8
32516,78,70,8,8
32517,75,86,-11,11
32518,70,65,5,5
32519,57,74,-17,17
32520,88,93,-5,5
32521,80,77,3,3
32522,113,111,2,2
32523,63,67,-4,4
32524,91,94,-3,3
32525,141,129,12,12
32526,88,90,-2,2
32527,46,63,-17,17
32528,109,109,0,0
32529,98,102,-4,4
32530,177,174,3,3
32531,142,146,-4,4
32532,56,63,-7,7
32533,166,135,31,31
32534,70,71,-1,1
32535,64,64,0,0
32536,70,79,-9,9
32537,66,77,-11,11
32538,104,95,9,9
32539,131,122,9,9
32540,82,82,0,0
32541,65,67,-2,2
32542,95,98,-3,3
32543,79,72,7,7
32544,86,81,5,5
32545,84,83,1,1
32546,103,93,10,10
32547,77,79,-2,2
32548,125,133,-8,8
32549,122,129,-7,7
32550,64,59,5,5
32551,95,106,-11,11
32552,79,90,-11,11
32553,67,65,2,2
32554,160,158,2,2
32555,103,104,-1,1
32556,114,117,-3,3
32557,74,79,-5,5
32558,123,112,11,11
32559,50,57,-7,7
32560,53,58,-5,5
32561,195,208,-13,13
32562,71,72,-1,1
32563,171,151,20,20
32564,90,88,2,2
32565,75,77,-2,2
32566,84,87,-3,3
32567,86,107,-21,21
32568,101,102,-1,1
32569,131,122,9,9
32570,159,150,9,9
32571,52,63,-11,11
32572,119,123,-4,4
32573,85,84,1,1
32574,97,100,-3,3
32575,73,76,-3,3
32576,54,61,-7,7
32577,73,66,7,7
32578,127,118,9,9
32579,164,171,-7,7
32580,104,91,13,13
32581,57,58,-1,1
32582,40,50,-10,10
32583,103,108,-5,5
32584,149,138,11,11
32585,105,98,7,7
32586,184,180,4,4
32587,74,70,4,4
32588,145,142,3,3
32589,74,83,-9,9
32590,83,102,-19,19
32591,82,80,2,2
32592,85,84,1,1
32593,133,146,-13,13
32594,68,70,-2,2
32595,56,59,-3,3
32596,183,186,-3,3
32597,66,69,-3,3
32598,115,125,-10,10
32599,86,84,2,2
32600,64,80,-16,16
32601,41,45,-4,4
32602,97,121,-24,24
32603,76,79,-3,3
32604,64,67,-3,3
32605,67,69,-2,2
32606,92,87,5,5
32607,86,86,0,0
32608,86,87,-1,1
32609,114,113,1,1
32610,134,121,13,13
32611,80,68,12,12
32612,151,172,-21,21
32613,99,102,-3,3
32614,144,144,0,0
32615,118,115,3,3
32616,74,80,-6,6
32617,85,86,-1,1
32618,51,58,-7,7
32619,57,58,-1,1
32620,152,145,7,7
32621,80,81,-1,1
32622,83,77,6,6
32623,69,67,2,2
32624,126,147,-21,21
32625,178,170,8,8
32626,101,104,-3,3
32627,110,115,-5,5
32628,53,60,-7,7
32629,89,98,-9,9
32630,97,100,-3,3
32631,81,78,3,3
32632,87,83,4,4
32633,52,48,4,4
32634,98,94,4,4
32635,109,107,2,2
32636,103,103,0,0
32637,90,77,13,13
32638,73,71,2,2
32639,157,156,1,1
32640,106,102,4,4
32641,144,143,1,1
32642,105,110,-5,5
32643,191,173,18,18
32644,79,80,-1,1
32645,113,106,7,7
32646,66,64,2,2
32647,62,87,-25,25
32648,71,78,-7,7
32649,93,96,-3,3
32650,90,81,9,9
32651,81,79,2,2
32652,97,101,-4,4
32653,43,55,-12,12
32654,150,142,8,8
32655,78,75,3,3
32656,122,112,10,10
32657,76,76,0,0
32658,50,63,-13,13
32659,78,80,-2,2
32660,68,77,-9,9
32661,92,94,-2,2
32662,65,72,-7,7
32663,112,105,7,7
32664,69,75,-6,6
32665,86,85,1,1
32666,73,76,-3,3
32667,99,100,-1,1
32668,99,92,7,7
32669,70,80,-10,10
32670,88,87,1,1
32671,66,67,-1,1
32672,123,116,7,7
32673,72,64,8,8
32674,120,142,-22,22
32675,51,59,-8,8
32676,68,62,6,6
32677,103,110,-7,7
32678,76,73,3,3
32679,77,85,-8,8
32680,143,159,-16,16
32681,128,137,-9,9
32682,87,82,5,5
32683,47,51,-4,4
32684,119,118,1,1
32685,119,111,8,8
32686,52,60,-8,8
32687,123,103,20,20
32688,78,79,-1,1
32689,135,144,-9,9
32690,65,68,-3,3
32691,50,56,-6,6
32692,59,81,-22,22
32693,95,88,7,7
32694,74,85,-11,11
32695,127,113,14,14
32696,135,105,30,30
32697,80,85,-5,5
32698,81,88,-7,7
32699,102,109,-7,7
32700,131,139,-8,8
32701,96,93,3,3
32702,100,105,-5,5
32703,104,94,10,10
32704,112,115,-3,3
32705,103,94,9,9
32706,96,97,-1,1
32707,86,84,2,2
32708,130,142,-12,12
32709,47,45,2,2
32710,118,116,2,2
32711,81,78,3,3
32712,117,102,15,15
32713,77,78,-1,1
32714,129,130,-1,1
32715,111,94,17,17
32716,131,127,4,4
32717,67,72,-5,5
32718,66,57,9,9
32719,111,122,-11,11
32720,71,92,-21,21
32721,58,57,1,1
32722,61,79,-18,18
32723,65,73,-8,8
32724,91,100,-9,9
32725,126,130,-4,4
32726,79,92,-13,13
32727,98,92,6,6
32728,83,105,-22,22
32729,46,47,-1,1
32730,71,71,0,0
32731,56,67,-11,11
32732,74,69,5,5
32733,86,87,-1,1
32734,125,119,6,6
32735,71,62,9,9
32736,62,60,2,2
32737,96,66,30,30
32738,145,139,6,6
32739,73,67,6,6
32740,67,78,-11,11
32741,87,88,-1,1
32742,79,73,6,6
32743,93,103,-10,10
32744,72,74,-2,2
32745,68,66,2,2
32746,72,72,0,0
32747,132,122,10,10
32748,75,69,6,6
32749,86,92,-6,6
32750,101,93,8,8
32751,193,207,-14,14
32752,124,123,1,1
32753,96,86,10,10
32754,102,108,-6,6
32755,48,49,-1,1
32756,95,87,8,8
32757,172,180,-8,8
32758,174,175,-1,1
32759,171,149,22,22
32760,64,66,-2,2
32761,90,88,2,2
32762,77,85,-8,8
32763,79,75,4,4
32764,82,81,1,1
32765,128,133,-5,5
32766,96,92,4,4
32767,88,87,1,1
32768,78,76,2,2
32769,115,126,-11,11
32770,75,83,-8,8
32771,132,141,-9,9
32772,161,154,7,7
32773,117,111,6,6
32774,61,61,0,0
32775,84,73,11,11
32776,102,109,-7,7
32777,108,113,-5,5
32778,108,123,-15,15
32779,156,137,19,19
32780,107,104,3,3
32781,74,74,0,0
32782,185,210,-25,25
32783,61,72,-11,11
32784,106,109,-3,3
32785,73,81,-8,8
32786,83,70,13,13
32787,53,54,-1,1
32788,216,209,7,7
32789,90,84,6,6
32790,94,109,-15,15
32791,113,120,-7,7
32792,48,50,-2,2
32793,125,148,-23,23
32794,58,60,-2,2
32795,112,110,2,2
32796,91,88,3,3
32797,90,100,-10,10
32798,104,101,3,3
32799,59,61,-2,2
32800,74,74,0,0
32801,99,110,-11,11
32802,76,82,-6,6
32803,101,101,0,0
32804,143,144,-1,1
32805,66,69,-3,3
32806,108,86,22,22
32807,126,126,0,0
32808,102,97,5,5
32809,106,115,-9,9
32810,84,85,-1,1
32811,133,131,2,2
32812,68,69,-1,1
32813,133,132,1,1
32814,91,89,2,2
32815,148,148,0,0
32816,131,113,18,18
32817,105,102,3,3
32818,111,102,9,9
32819,50,49,1,1
32820,118,107,11,11
32821,56,65,-9,9
32822,76,74,2,2
32823,141,134,7,7
32824,162,156,6,6
32825,144,150,-6,6
32826,131,143,-12,12
32827,57,61,-4,4
32828,105,97,8,8
32829,74,74,0,0
32830,118,151,-33,33
32831,157,152,5,5
32832,105,109,-4,4
32833,90,100,-10,10
32834,96,109,-13,13
32835,161,165,-4,4
32836,83,88,-5,5
32837,145,148,-3,3
32838,55,59,-4,4
32839,113,132,-19,19
32840,72,74,-2,2
32841,199,199,0,0
32842,57,73,-16,16
32843,86,91,-5,5
32844,124,121,3,3
32845,59,72,-13,13
32846,65,54,11,11
32847,82,85,-3,3
32848,127,126,1,1
32849,82,92,-10,10
32850,101,95,6,6
32851,105,101,4,4
32852,94,102,-8,8
32853,125,123,2,2
32854,96,68,28,28
32855,48,55,-7,7
32856,68,75,-7,7
32857,98,102,-4,4
32858,152,150,2,2
32859,139,122,17,17
32860,80,86,-6,6
32861,113,107,6,6
32862,102,121,-19,19
32863,94,96,-2,2
32864,56,69,-13,13
32865,112,112,0,0
32866,71,70,1,1
32867,163,151,12,12
32868,95,101,-6,6
32869,165,168,-3,3
32870,100,106,-6,6
32871,104,98,6,6
32872,68,75,-7,7
32873,152,147,5,5
32874,62,72,-10,10
32875,56,59,-3,3
32876,87,97,-10,10
32877,48,51,-3,3
32878,85,88,-3,3
32879,82,97,-15,15
32880,70,95,-25,25
32881,80,86,-6,6
32882,100,109,-9,9
32883,158,153,5,5
32884,143,138,5,5
32885,76,78,-2,2
32886,64,66,-2,2
32887,121,125,-4,4
32888,72,77,-5,5
32889,53,66,-13,13
32890,202,199,3,3
32891,54,58,-4,4
32892,58,60,-2,2
32893,125,100,25,25
32894,74,64,10,10
32895,58,103,-45,45
32896,144,150,-6,6
32897,124,137,-13,13
32898,84,85,-1,1
32899,27,75,-48,48
32900,84,79,5,5
32901,176,160,16,16
32902,44,58,-14,14
32903,66,70,-4,4
32904,73,83,-10,10
32905,71,89,-18,18
32906,42,75,-33,33
32907,61,74,-13,13
32908,71,70,1,1
32909,90,105,-15,15
32910,74,73,1,1
32911,109,97,12,12
32912,124,120,4,4
32913,94,91,3,3
32914,158,174,-16,16
32915,97,90,7,7
32916,73,72,1,1
32917,90,101,-11,11
32918,64,63,1,1
32919,144,158,-14,14
32920,104,109,-5,5
32921,186,179,7,7
32922,102,103,-1,1
32923,85,87,-2,2
32924,96,110,-14,14
32925,122,129,-7,7
32926,97,95,2,2
32927,96,97,-1,1
32928,50,52,-2,2
32929,110,136,-26,26
32930,89,88,1,1
32931,98,97,1,1
32932,123,130,-7,7
32933,53,46,7,7
32934,114,117,-3,3
32935,152,160,-8,8
32936,146,166,-20,20
32937,134,134,0,0
32938,105,112,-7,7
32939,38,65,-27,27
32940,99,96,3,3
32941,107,107,0,0
32942,92,88,4,4
32943,120,128,-8,8
32944,129,133,-4,4
32945,95,88,7,7
32946,90,91,-1,1
32947,103,101,2,2
32948,114,118,-4,4
32949,59,62,-3,3
32950,36,48,-12,12
32951,99,95,4,4
32952,76,89,-13,13
32953,149,116,33,33
32954,106,97,9,9
32955,61,73,-12,12
32956,47,80,-33,33
32957,158,169,-11,11
32958,54,56,-2,2
32959,50,61,-11,11
32960,98,100,-2,2
32961,94,88,6,6
32962,67,69,-2,2
32963,49,52,-3,3
32964,146,147,-1,1
32965,135,126,9,9
32966,87,76,11,11
32967,98,105,-7,7
32968,59,63,-4,4
32969,86,84,2,2
32970,62,65,-3,3
32971,113,107,6,6
32972,93,96,-3,3
32973,75,83,-8,8
32974,83,79,4,4
32975,138,142,-4,4
32976,67,71,-4,4
32977,84,75,9,9
32978,117,113,4,4
32979,64,68,-4,4
32980,80,80,0,0
32981,85,89,-4,4
32982,67,68,-1,1
32983,96,100,-4,4
32984,72,76,-4,4
32985,63,72,-9,9
32986,151,138,13,13
32987,49,60,-11,11
32988,103,75,28,28
32989,32,48,-16,16
32990,70,66,4,4
32991,135,142,-7,7
32992,55,62,-7,7
32993,99,101,-2,2
32994,114,117,-3,3
32995,82,82,0,0
32996,119,127,-8,8
32997,104,104,0,0
32998,123,124,-1,1
32999,113,113,0,0
33000,153,163,-10,10
33001,89,90,-1,1
33002,48,77,-29,29
33003,113,105,8,8
33004,83,87,-4,4
33005,129,120,9,9
33006,67,82,-15,15
33007,96,88,8,8
33008,92,91,1,1
33009,103,82,21,21
33010,121,111,10,10
33011,48,56,-8,8
33012,98,98,0,0
33013,112,107,5,5
33014,107,110,-3,3
33015,92,83,9,9
33016,72,81,-9,9
33017,86,83,3,3
33018,86,85,1,1
33019,120,123,-3,3
33020,65,74,-9,9
33021,86,84,2,2
33022,138,140,-2,2
33023,74,86,-12,12
33024,60,61,-1,1
33025,125,118,7,7
33026,61,68,-7,7
33027,99,97,2,2
33028,150,151,-1,1
33029,69,67,2,2
33030,41,41,0,0
33031,108,101,7,7
33032,163,172,-9,9
33033,121,121,0,0
33034,72,79,-7,7
33035,109,102,7,7
33036,133,143,-10,10
33037,74,76,-2,2
33038,119,116,3,3
33039,77,68,9,9
33040,97,116,-19,19
33041,76,82,-6,6
33042,102,102,0,0
33043,88,79,9,9
33044,139,134,5,5
33045,93,93,0,0
33046,171,157,14,14
33047,115,140,-25,25
33048,73,76,-3,3
33049,102,98,4,4
33050,97,99,-2,2
33051,107,111,-4,4
33052,180,184,-4,4
33053,78,84,-6,6
33054,279,292,-13,13
33055,86,91,-5,5
33056,80,76,4,4
33057,131,144,-13,13
33058,49,55,-6,6
33059,100,101,-1,1
33060,53,67,-14,14
33061,116,111,5,5
33062,61,64,-3,3
33063,73,62,11,11
33064,70,67,3,3
33065,56,66,-10,10
33066,69,68,1,1
33067,76,73,3,3
33068,57,61,-4,4
33069,36,40,-4,4
33070,75,83,-8,8
33071,62,62,0,0
33072,78,77,1,1
33073,112,100,12,12
33074,85,78,7,7
33075,164,153,11,11
33076,52,64,-12,12
33077,102,107,-5,5
33078,34,69,-35,35
33079,52,55,-3,3
33080,63,78,-15,15
33081,60,60,0,0
33082,145,144,1,1
33083,74,78,-4,4
33084,106,117,-11,11
33085,53,58,-5,5
33086,114,123,-9,9
33087,135,141,-6,6
33088,119,118,1,1
33089,84,106,-22,22
33090,62,61,1,1
33091,150,159,-9,9
33092,178,209,-31,31
33093,125,127,-2,2
33094,125,132,-7,7
33095,56,61,-5,5
33096,83,86,-3,3
33097,79,94,-15,15
33098,66,69,-3,3
33099,62,56,6,6
33100,77,80,-3,3
33101,113,111,2,2
33102,119,126,-7,7
33103,100,95,5,5
33104,121,127,-6,6
33105,102,89,13,13
33106,106,126,-20,20
33107,67,71,-4,4
33108,104,101,3,3
33109,133,138,-5,5
33110,138,131,7,7
33111,62,72,-10,10
33112,110,132,-22,22
33113,140,136,4,4
33114,80,69,11,11
33115,103,107,-4,4
33116,114,112,2,2
33117,55,60,-5,5
33118,91,97,-6,6
33119,38,70,-32,32
33120,89,75,14,14
33121,129,128,1,1
33122,30,59,-29,29
33123,103,103,0,0
33124,100,113,-13,13
33125,87,91,-4,4
33126,99,96,3,3
33127,87,87,0,0
33128,91,95,-4,4
33129,105,103,2,2
33130,104,103,1,1
33131,46,43,3,3
33132,86,77,9,9
33133,59,80,-21,21
33134,135,140,-5,5
33135,47,53,-6,6
33136,108,95,13,13
33137,108,103,5,5
33138,120,126,-6,6
33139,50,76,-26,26
33140,102,118,-16,16
33141,129,143,-14,14
33142,82,123,-41,41
33143,141,136,5,5
33144,87,83,4,4
33145,108,106,2,2
33146,113,126,-13,13
33147,166,164,2,2
33148,82,76,6,6
33149,34,62,-28,28
33150,57,58,-1,1
33151,128,143,-15,15
33152,86,93,-7,7
33153,70,71,-1,1
33154,106,100,6,6
33155,111,111,0,0
33156,89,93,-4,4
33157,28,34,-6,6
33158,102,103,-1,1
33159,159,145,14,14
33160,170,165,5,5
33161,98,103,-5,5
33162,77,82,-5,5
33163,118,127,-9,9
33164,96,96,0,0
33165,51,60,-9,9
33166,63,61,2,2
33167,70,70,0,0
33168,99,112,-13,13
33169,58,60,-2,2
33170,60,60,0,0
33171,78,80,-2,2
33172,45,58,-13,13
33173,89,108,-19,19
33174,69,71,-2,2
33175,84,86,-2,2
33176,73,74,-1,1
33177,178,180,-2,2
33178,63,68,-5,5
33179,108,105,3,3
33180,105,117,-12,12
33181,43,50,-7,7
33182,82,81,1,1
33183,76,85,-9,9
33184,143,132,11,11
33185,91,89,2,2
33186,63,69,-6,6
33187,136,132,4,4
33188,83,76,7,7
33189,128,120,8,8
33190,63,66,-3,3
33191,72,84,-12,12
33192,96,98,-2,2
33193,66,66,0,0
33194,89,106,-17,17
33195,74,72,2,2
33196,69,63,6,6
33197,86,91,-5,5
33198,105,107,-2,2
33199,92,97,-5,5
33200,49,55,-6,6
33201,151,151,0,0
33202,87,100,-13,13
33203,86,94,-8,8
33204,55,52,3,3
33205,113,132,-19,19
33206,96,95,1,1
33207,84,83,1,1
33208,102,107,-5,5
33209,85,90,-5,5
33210,141,145,-4,4
33211,90,80,10,10
33212,57,60,-3,3
33213,80,88,-8,8
33214,111,107,4,4
33215,82,125,-43,43
33216,85,88,-3,3
33217,85,83,2,2
33218,67,64,3,3
33219,86,90,-4,4
33220,102,92,10,10
33221,71,72,-1,1
33222,130,155,-25,25
33223,76,81,-5,5
33224,70,77,-7,7
33225,86,99,-13,13
33226,55,49,6,6
33227,97,103,-6,6
33228,98,120,-22,22
33229,70,62,8,8
33230,102,98,4,4
33231,79,76,3,3
33232,104,100,4,4
33233,70,65,5,5
33234,94,89,5,5
33235,103,108,-5,5
33236,102,112,-10,10
33237,102,100,2,2
33238,67,67,0,0
33239,165,161,4,4
33240,73,95,-22,22
33241,149,149,0,0
33242,92,92,0,0
33243,57,64,-7,7
33244,76,66,10,10
33245,129,122,7,7
33246,66,76,-10,10
33247,132,126,6,6
33248,108,106,2,2
33249,162,146,16,16
33250,104,100,4,4
33251,98,108,-10,10
33252,81,91,-10,10
33253,106,117,-11,11
33254,134,142,-8,8
33255,118,119,-1,1
33256,156,146,10,10
33257,73,72,1,1
33258,106,101,5,5
33259,64,62,2,2
33260,66,63,3,3
33261,126,116,10,10
33262,103,105,-2,2
33263,57,62,-5,5
33264,158,170,-12,12
33265,103,103,0,0
33266,103,102,1,1
33267,172,158,14,14
33268,137,143,-6,6
33269,95,89,6,6
33270,127,127,0,0
33271,87,88,-1,1
33272,136,125,11,11
33273,51,56,-5,5
33274,95,94,1,1
33275,100,105,-5,5
33276,140,140,0,0
33277,102,98,4,4
33278,69,70,-1,1
33279,148,153,-5,5
33280,121,138,-17,17
33281,133,146,-13,13
33282,106,111,-5,5
33283,95,84,11,11
33284,71,82,-11,11
33285,148,158,-10,10
33286,188,185,3,3
33287,111,112,-1,1
33288,88,89,-1,1
33289,71,88,-17,17
33290,83,97,-14,14
33291,44,52,-8,8
33292,69,65,4,4
33293,44,49,-5,5
33294,111,106,5,5
33295,105,114,-9,9
33296,76,77,-1,1
33297,95,97,-2,2
33298,181,188,-7,7
33299,128,124,4,4
33300,81,89,-8,8
33301,175,160,15,15
33302,57,64,-7,7
33303,70,68,2,2
33304,77,77,0,0
33305,61,61,0,0
33306,108,116,-8,8
33307,69,70,-1,1
33308,61,47,14,14
33309,116,115,1,1
33310,50,53,-3,3
33311,95,86,9,9
33312,62,70,-8,8
33313,161,160,1,1
33314,101,109,-8,8
33315,84,80,4,4
33316,87,94,-7,7
33317,71,74,-3,3
33318,56,60,-4,4
33319,77,76,1,1
33320,100,119,-19,19
33321,74,93,-19,19
33322,59,67,-8,8
33323,117,120,-3,3
33324,102,102,0,0
33325,97,111,-14,14
33326,77,78,-1,1
33327,128,139,-11,11
33328,89,86,3,3
33329,67,70,-3,3
33330,69,77,-8,8
33331,104,113,-9,9
33332,55,57,-2,2
33333,62,63,-1,1
33334,101,98,3,3
33335,78,88,-10,10
33336,86,77,9,9
33337,81,67,14,14
33338,104,97,7,7
33339,57,59,-2,2
33340,101,95,6,6
33341,84,82,2,2
33342,73,81,-8,8
33343,106,111,-5,5
33344,102,91,11,11
33345,71,87,-16,16
33346,144,150,-6,6
33347,131,117,14,14
33348,82,69,13,13
33349,83,79,4,4
33350,169,174,-5,5
33351,70,67,3,3
33352,158,157,1,1
33353,162,143,19,19
33354,104,97,7,7
33355,52,50,2,2
33356,59,51,8,8
33357,70,70,0,0
33358,112,121,-9,9
33359,106,99,7,7
33360,130,127,3,3
33361,111,109,2,2
33362,117,107,10,10
33363,118,133,-15,15
33364,74,78,-4,4
33365,52,66,-14,14
33366,97,113,-16,16
33367,72,76,-4,4
33368,84,71,13,13
33369,50,65,-15,15
33370,101,97,4,4
33371,52,61,-9,9
33372,85,97,-12,12
33373,90,101,-11,11
33374,66,70,-4,4
33375,132,124,8,8
33376,91,97,-6,6
33377,46,50,-4,4
33378,36,44,-8,8
33379,94,100,-6,6
33380,65,62,3,3
33381,85,88,-3,3
33382,78,79,-1,1
33383,140,153,-13,13
33384,79,82,-3,3
33385,108,109,-1,1
33386,84,82,2,2
33387,89,91,-2,2
33388,119,115,4,4
33389,52,56,-4,4
33390,130,122,8,8
33391,57,60,-3,3
33392,128,125,3,3
33393,106,99,7,7
33394,65,51,14,14
33395,75,87,-12,12
33396,153,164,-11,11
33397,42,52,-10,10
33398,70,72,-2,2
33399,157,162,-5,5
33400,153,156,-3,3
33401,93,87,6,6
33402,85,81,4,4
33403,70,95,-25,25
33404,84,95,-11,11
33405,61,64,-3,3
33406,80,81,-1,1
33407,60,60,0,0
33408,60,63,-3,3
33409,122,129,-7,7
33410,87,98,-11,11
33411,207,169,38,38
33412,102,111,-9,9
33413,52,60,-8,8
33414,75,87,-12,12
33415,62,63,-1,1
33416,82,93,-11,11
33417,144,127,17,17
33418,130,135,-5,5
33419,90,81,9,9
33420,71,73,-2,2
33421,77,74,3,3
33422,72,68,4,4
33423,46,57,-11,11
33424,55,66,-11,11
33425,64,110,-46,46
33426,73,72,1,1
33427,76,81,-5,5
33428,100,104,-4,4
33429,108,105,3,3
33430,130,123,7,7
33431,136,134,2,2
33432,89,92,-3,3
33433,79,88,-9,9
33434,110,108,2,2
33435,125,143,-18,18
33436,79,86,-7,7
33437,32,55,-23,23
33438,97,135,-38,38
33439,135,132,3,3
33440,93,100,-7,7
33441,111,109,2,2
33442,87,101,-14,14
33443,131,124,7,7
33444,72,68,4,4
33445,72,85,-13,13
33446,192,166,26,26
33447,129,125,4,4
33448,102,100,2,2
33449,86,87,-1,1
33450,134,126,8,8
33451,157,161,-4,4
33452,75,80,-5,5
33453,93,96,-3,3
33454,96,95,1,1
33455,105,105,0,0
33456,110,111,-1,1
33457,137,132,5,5
33458,194,207,-13,13
33459,82,80,2,2
33460,102,115,-13,13
33461,92,98,-6,6
33462,119,104,15,15
33463,113,114,-1,1
33464,85,87,-2,2
33465,66,67,-1,1
33466,145,143,2,2
33467,112,120,-8,8
33468,133,144,-11,11
33469,113,105,8,8
33470,175,151,24,24
33471,113,128,-15,15
33472,59,60,-1,1
33473,97,103,-6,6
33474,74,76,-2,2
33475,53,55,-2,2
33476,108,114,-6,6
33477,133,129,4,4
33478,46,49,-3,3
33479,135,107,28,28
33480,111,108,3,3
33481,117,108,9,9
33482,69,71,-2,2
33483,175,163,12,12
33484,83,80,3,3
33485,80,88,-8,8
33486,95,110,-15,15
33487,80,89,-9,9
33488,71,76,-5,5
33489,61,57,4,4
33490,83,86,-3,3
33491,168,164,4,4
33492,78,77,1,1
33493,79,85,-6,6
33494,112,119,-7,7
33495,73,76,-3,3
33496,71,94,-23,23
33497,86,86,0,0
33498,105,118,-13,13
33499,103,105,-2,2
33500,81,81,0,0
33501,70,73,-3,3
33502,107,107,0,0
33503,150,165,-15,15
33504,70,65,5,5
33505,80,92,-12,12
33506,48,62,-14,14
33507,100,110,-10,10
33508,52,60,-8,8
33509,97,97,0,0
33510,172,165,7,7
33511,28,46,-18,18
33512,42,79,-37,37
33513,120,123,-3,3
33514,60,67,-7,7
33515,118,94,24,24
33516,175,164,11,11
33517,69,69,0,0
33518,50,45,5,5
33519,90,92,-2,2
33520,109,113,-4,4
33521,63,79,-16,16
33522,63,75,-12,12
33523,54,56,-2,2
33524,115,116,-1,1
33525,61,64,-3,3
33526,91,99,-8,8
33527,76,96,-20,20
33528,72,84,-12,12
33529,64,69,-5,5
33530,47,54,-7,7
33531,67,64,3,3
33532,111,108,3,3
33533,102,141,-39,39
33534,68,66,2,2
33535,101,90,11,11
33536,154,138,16,16
33537,71,73,-2,2
33538,77,75,2,2
33539,74,78,-4,4
33540,95,98,-3,3
33541,98,102,-4,4
33542,87,84,3,3
33543,134,142,-8,8
33544,118,115,3,3
33545,146,138,8,8
33546,82,95,-13,13
33547,85,78,7,7
33548,68,99,-31,31
33549,62,64,-2,2
33550,79,67,12,12
33551,33,43,-10,10
33552,130,129,1,1
33553,88,69,19,19
33554,132,141,-9,9
33555,69,75,-6,6
33556,98,90,8,8
33557,113,99,14,14
33558,84,84,0,0
33559,78,78,0,0
33560,121,109,12,12
33561,69,70,-1,1
33562,70,91,-21,21
33563,89,103,-14,14
33564,97,99,-2,2
33565,89,84,5,5
33566,128,126,2,2
33567,149,144,5,5
33568,115,111,4,4
33569,68,42,26,26
33570,44,46,-2,2
33571,36,42,-6,6
33572,64,81,-17,17
33573,75,73,2,2
33574,85,87,-2,2
33575,90,99,-9,9
33576,98,108,-10,10
33577,110,110,0,0
33578,91,99,-8,8
33579,179,170,9,9
33580,97,89,8,8
33581,65,70,-5,5
33582,111,130,-19,19
33583,191,169,22,22
33584,181,161,20,20
33585,58,68,-10,10
33586,90,85,5,5
33587,101,93,8,8
33588,164,146,18,18
33589,117,110,7,7
33590,84,94,-10,10
33591,112,109,3,3
33592,117,108,9,9
33593,80,80,0,0
33594,150,143,7,7
33595,94,94,0,0
33596,115,122,-7,7
33597,157,140,17,17
33598,69,71,-2,2
33599,61,64,-3,3
33600,97,101,-4,4
33601,74,80,-6,6
33602,90,98,-8,8
33603,59,54,5,5
33604,121,113,8,8
33605,102,94,8,8
33606,107,120,-13,13
33607,102,107,-5,5
33608,256,279,-23,23
33609,75,80,-5,5
33610,80,78,2,2
33611,67,71,-4,4
33612,122,123,-1,1
33613,65,65,0,0
33614,74,81,-7,7
33615,86,92,-6,6
33616,206,214,-8,8
33617,139,151,-12,12
33618,76,78,-2,2
33619,186,184,2,2
33620,111,114,-3,3
33621,80,74,6,6
33622,148,161,-13,13
33623,76,88,-12,12
33624,123,138,-15,15
33625,79,98,-19,19
33626,118,118,0,0
33627,51,59,-8,8
33628,88,107,-19,19
33629,157,152,5,5
33630,84,94,-10,10
33631,129,128,1,1
33632,131,122,9,9
33633,74,87,-13,13
33634,93,94,-1,1
33635,88,93,-5,5
33636,74,91,-17,17
33637,102,106,-4,4
33638,143,143,0,0
33639,67,68,-1,1
33640,197,177,20,20
33641,98,90,8,8
33642,117,102,15,15
33643,120,120,0,0
33644,118,126,-8,8
33645,63,49,14,14
33646,139,148,-9,9
33647,144,147,-3,3
33648,96,84,12,12
33649,110,90,20,20
33650,121,123,-2,2
33651,68,83,-15,15
33652,84,115,-31,31
33653,118,123,-5,5
33654,96,102,-6,6
33655,78,78,0,0
33656,27,43,-16,16
33657,157,150,7,7
33658,137,139,-2,2
33659,107,105,2,2
33660,95,97,-2,2
33661,45,59,-14,14
33662,69,101,-32,32
33663,196,187,9,9
33664,108,96,12,12
33665,88,87,1,1
33666,199,192,7,7
33667,111,114,-3,3
33668,179,166,13,13
33669,157,162,-5,5
33670,82,81,1,1
33671,77,74,3,3
33672,56,46,10,10
33673,63,69,-6,6
33674,196,190,6,6
33675,89,94,-5,5
33676,126,120,6,6
33677,39,43,-4,4
33678,80,93,-13,13
33679,97,95,2,2
33680,85,76,9,9
33681,58,58,0,0
33682,132,130,2,2
33683,54,68,-14,14
33684,99,97,2,2
33685,91,95,-4,4
33686,75,70,5,5
33687,57,65,-8,8
33688,66,74,-8,8
33689,105,116,-11,11
33690,51,63,-12,12
33691,134,129,5,5
33692,27,36,-9,9
33693,71,73,-2,2
33694,65,59,6,6
33695,112,96,16,16
33696,100,105,-5,5
33697,56,65,-9,9
33698,74,81,-7,7
33699,137,137,0,0
33700,96,102,-6,6
33701,113,125,-12,12
33702,56,55,1,1
33703,91,95,-4,4
33704,179,190,-11,11
33705,54,48,6,6
33706,90,88,2,2
33707,92,87,5,5
33708,87,97,-10,10
33709,122,121,1,1
33710,150,147,3,3
33711,90,87,3,3
33712,98,98,0,0
33713,59,63,-4,4
33714,122,132,-10,10
33715,150,157,-7,7
33716,74,74,0,0
33717,65,71,-6,6
33718,53,57,-4,4
33719,93,93,0,0
33720,108,101,7,7
33721,70,81,-11,11
33722,135,134,1,1
33723,87,91,-4,4
33724,65,78,-13,13
33725,55,58,-3,3
33726,40,48,-8,8
33727,88,87,1,1
33728,168,163,5,5
33729,37,48,-11,11
33730,80,69,11,11
33731,92,86,6,6
33732,157,141,16,16
33733,121,120,1,1
33734,119,128,-9,9
33735,131,108,23,23
33736,112,106,6,6
33737,71,89,-18,18
33738,73,74,-1,1
33739,99,95,4,4
33740,81,71,10,10
33741,70,71,-1,1
33742,91,89,2,2
33743,63,62,1,1
33744,65,64,1,1
33745,92,99,-7,7
33746,83,82,1,1
33747,62,68,-6,6
33748,137,143,-6,6
33749,194,184,10,10
33750,104,98,6,6
33751,136,138,-2,2
33752,149,154,-5,5
33753,109,114,-5,5
33754,70,68,2,2
33755,121,114,7,7
33756,73,74,-1,1
33757,97,94,3,3
33758,105,98,7,7
33759,131,128,3,3
33760,118,116,2,2
33761,97,96,1,1
33762,49,51,-2,2
33763,110,112,-2,2
33764,87,88,-1,1
33765,107,103,4,4
33766,72,68,4,4
33767,173,173,0,0
33768,117,122,-5,5
33769,91,98,-7,7
33770,93,77,16,16
33771,34,31,3,3
33772,75,71,4,4
33773,110,117,-7,7
33774,76,83,-7,7
33775,122,166,-44,44
33776,94,99,-5,5
33777,60,66,-6,6
33778,96,92,4,4
33779,92,101,-9,9
33780,155,152,3,3
33781,116,107,9,9
33782,113,115,-2,2
33783,70,74,-4,4
33784,127,136,-9,9
33785,104,117,-13,13
33786,103,109,-6,6
33787,66,55,11,11
33788,58,61,-3,3
33789,47,61,-14,14
33790,124,130,-6,6
33791,47,44,3,3
33792,134,122,12,12
33793,126,127,-1,1
33794,133,139,-6,6
33795,101,108,-7,7
33796,48,49,-1,1
33797,69,74,-5,5
33798,62,59,3,3
33799,112,104,8,8
33800,124,135,-11,11
33801,68,71,-3,3
33802,70,69,1,1
33803,98,101,-3,3
33804,61,74,-13,13
33805,98,104,-6,6
33806,128,117,11,11
33807,112,115,-3,3
33808,62,66,-4,4
33809,106,97,9,9
33810,90,81,9,9
33811,57,58,-1,1
33812,127,130,-3,3
33813,83,80,3,3
33814,123,122,1,1
33815,99,95,4,4
33816,114,121,-7,7
33817,124,134,-10,10
33818,63,66,-3,3
33819,169,164,5,5
33820,86,90,-4,4
33821,97,98,-1,1
33822,95,87,8,8
33823,97,103,-6,6
33824,120,109,11,11
33825,100,98,2,2
33826,127,140,-13,13
33827,65,68,-3,3
33828,74,76,-2,2
33829,146,144,2,2
33830,93,96,-3,3
33831,76,86,-10,10
33832,127,126,1,1
33833,61,65,-4,4
33834,81,83,-2,2
33835,132,107,25,25
33836,69,64,5,5
33837,56,70,-14,14
33838,103,100,3,3
33839,110,121,-11,11
33840,102,106,-4,4
33841,74,71,3,3
33842,111,114,-3,3
33843,74,76,-2,2
33844,58,58,0,0
33845,96,111,-15,15
33846,67,66,1,1
33847,57,61,-4,4
33848,104,104,0,0
33849,60,67,-7,7
33850,50,52,-2,2
33851,120,122,-2,2
33852,73,68,5,5
33853,45,53,-8,8
33854,95,99,-4,4
33855,125,136,-11,11
33856,106,109,-3,3
33857,80,72,8,8
33858,138,139,-1,1
33859,105,106,-1,1
33860,100,91,9,9
33861,89,98,-9,9
33862,161,139,22,22
33863,115,126,-11,11
33864,109,106,3,3
33865,120,116,4,4
33866,64,66,-2,2
33867,85,91,-6,6
33868,139,142,-3,3
33869,56,64,-8,8
33870,100,103,-3,3
33871,61,60,1,1
33872,87,90,-3,3
33873,78,69,9,9
33874,135,129,6,6
33875,149,144,5,5
33876,123,106,17,17
33877,114,103,11,11
33878,106,117,-11,11
33879,121,108,13,13
33880,103,123,-20,20
33881,133,142,-9,9
33882,83,81,2,2
33883,90,84,6,6
33884,43,49,-6,6
33885,195,186,9,9
33886,82,77,5,5
33887,121,119,2,2
33888,77,81,-4,4
33889,80,84,-4,4
33890,56,64,-8,8
33891,70,66,4,4
33892,57,62,-5,5
33893,98,105,-7,7
33894,85,90,-5,5
33895,102,102,0,0
33896,114,103,11,11
33897,153,147,6,6
33898,61,55,6,6
33899,99,100,-1,1
33900,77,75,2,2
33901,89,84,5,5
33902,79,80,-1,1
33903,108,118,-10,10
33904,102,93,9,9
33905,54,59,-5,5
33906,101,91,10,10
33907,131,129,2,2
33908,56,64,-8,8
33909,110,105,5,5
33910,78,72,6,6
33911,153,141,12,12
33912,73,82,-9,9
33913,105,99,6,6
33914,57,82,-25,25
33915,95,110,-15,15
33916,56,61,-5,5
33917,107,85,22,22
33918,62,85,-23,23
33919,157,156,1,1
33920,94,93,1,1
33921,84,74,10,10
33922,131,131,0,0
33923,75,80,-5,5
33924,122,116,6,6
33925,114,131,-17,17
33926,61,63,-2,2
33927,137,132,5,5
33928,72,74,-2,2
33929,115,102,13,13
33930,49,88,-39,39
33931,98,98,0,0
33932,114,121,-7,7
33933,79,83,-4,4
33934,75,74,1,1
33935,111,104,7,7
33936,84,89,-5,5
33937,61,57,4,4
33938,70,83,-13,13
33939,103,104,-1,1
33940,119,113,6,6
33941,62,76,-14,14
33942,94,86,8,8
33943,161,152,9,9
33944,253,239,14,14
33945,112,118,-6,6
33946,63,76,-13,13
33947,90,87,3,3
33948,124,120,4,4
33949,85,73,12,12
33950,167,164,3,3
33951,115,96,19,19
33952,113,106,7,7
33953,95,97,-2,2
33954,93,99,-6,6
33955,138,123,15,15
33956,74,78,-4,4
33957,52,68,-16,16
33958,104,104,0,0
33959,143,140,3,3
33960,74,79,-5,5
33961,69,70,-1,1
33962,133,144,-11,11
33963,82,81,1,1
33964,98,91,7,7
33965,77,74,3,3
33966,142,140,2,2
33967,84,94,-10,10
33968,95,100,-5,5
33969,83,87,-4,4
33970,114,106,8,8
33971,53,74,-21,21
33972,91,90,1,1
33973,122,128,-6,6
33974,89,115,-26,26
33975,81,90,-9,9
33976,110,115,-5,5
33977,96,96,0,0
33978,119,116,3,3
33979,80,89,-9,9
33980,108,98,10,10
33981,71,65,6,6
33982,80,88,-8,8
33983,157,168,-11,11
33984,85,72,13,13
33985,47,54,-7,7
33986,68,62,6,6
33987,86,81,5,5
33988,71,76,-5,5
33989,64,65,-1,1
33990,65,76,-11,11
33991,155,170,-15,15
33992,108,118,-10,10
33993,188,175,13,13
33994,109,97,12,12
33995,64,67,-3,3
33996,120,141,-21,21
33997,72,93,-21,21
33998,55,74,-19,19
33999,69,62,7,7
34000,186,172,14,14
34001,96,111,-15,15
34002,77,80,-3,3
34003,83,81,2,2
34004,79,79,0,0
34005,55,71,-16,16
34006,155,148,7,7
34007,91,92,-1,1
34008,48,59,-11,11
34009,122,129,-7,7
34010,75,90,-15,15
34011,109,119,-10,10
34012,110,112,-2,2
34013,79,80,-1,1
34014,69,72,-3,3
34015,78,87,-9,9
34016,129,136,-7,7
34017,131,134,-3,3
34018,45,51,-6,6
34019,96,84,12,12
34020,105,126,-21,21
34021,128,135,-7,7
34022,139,140,-1,1
34023,116,106,10,10
34024,81,85,-4,4
34025,77,81,-4,4
34026,100,101,-1,1
34027,68,73,-5,5
34028,70,79,-9,9
34029,222,262,-40,40
34030,22,55,-33,33
34031,121,115,6,6
34032,67,68,-1,1
34033,87,85,2,2
34034,58,64,-6,6
34035,69,80,-11,11
34036,71,78,-7,7
34037,54,67,-13,13
34038,60,54,6,6
34039,87,90,-3,3
34040,101,97,4,4
34041,61,65,-4,4
34042,141,134,7,7
34043,121,136,-15,15
34044,102,87,15,15
34045,78,81,-3,3
34046,96,112,-16,16
34047,56,50,6,6
34048,101,92,9,9
34049,64,66,-2,2
34050,55,65,-10,10
34051,89,79,10,10
34052,84,70,14,14
34053,90,91,-1,1
34054,166,161,5,5
34055,85,108,-23,23
34056,94,100,-6,6
34057,130,144,-14,14
34058,146,152,-6,6
34059,77,95,-18,18
34060,97,93,4,4
34061,102,103,-1,1
34062,150,156,-6,6
34063,104,96,8,8
34064,90,89,1,1
34065,70,69,1,1
34066,45,49,-4,4
34067,76,71,5,5
34068,90,107,-17,17
34069,63,68,-5,5
34070,123,109,14,14
34071,91,84,7,7
34072,102,91,11,11
34073,120,113,7,7
34074,48,72,-24,24
34075,42,52,-10,10
34076,85,89,-4,4
34077,67,64,3,3
34078,73,61,12,12
34079,67,65,2,2
34080,87,84,3,3
34081,172,149,23,23
34082,128,132,-4,4
34083,116,125,-9,9
34084,102,97,5,5
34085,134,140,-6,6
34086,94,106,-12,12
34087,55,55,0,0
34088,175,183,-8,8
34089,71,71,0,0
34090,53,63,-10,10
34091,92,98,-6,6
34092,111,108,3,3
34093,120,126,-6,6
34094,107,124,-17,17
34095,48,48,0,0
34096,85,81,4,4
34097,122,155,-33,33
34098,90,98,-8,8
34099,70,77,-7,7
34100,63,67,-4,4
34101,110,102,8,8
34102,56,59,-3,3
34103,96,105,-9,9
34104,79,81,-2,2
34105,56,58,-2,2
34106,115,108,7,7
34107,60,68,-8,8
34108,59,60,-1,1
34109,74,71,3,3
34110,110,119,-9,9
34111,99,100,-1,1
34112,106,111,-5,5
34113,62,51,11,11
34114,93,94,-1,1
34115,59,64,-5,5
34116,88,81,7,7
34117,75,88,-13,13
34118,78,70,8,8
34119,67,72,-5,5
34120,118,109,9,9
34121,66,65,1,1
34122,69,72,-3,3
34123,110,104,6,6
34124,102,106,-4,4
34125,127,129,-2,2
34126,99,103,-4,4
34127,127,128,-1,1
34128,97,86,11,11
34129,52,68,-16,16
34130,56,57,-1,1
34131,64,60,4,4
34132,111,114,-3,3
34133,114,122,-8,8
34134,162,148,14,14
34135,56,81,-25,25
34136,35,44,-9,9
34137,83,87,-4,4
34138,151,151,0,0
34139,77,77,0,0
34140,65,73,-8,8
34141,67,71,-4,4
34142,81,77,4,4
34143,56,57,-1,1
34144,67,66,1,1
34145,59,53,6,6
34146,142,132,10,10
34147,79,82,-3,3
34148,104,103,1,1
34149,68,74,-6,6
34150,67,78,-11,11
34151,56,58,-2,2
34152,66,65,1,1
34153,31,35,-4,4
34154,121,116,5,5
34155,115,126,-11,11
34156,68,67,1,1
34157,103,114,-11,11
34158,71,82,-11,11
34159,115,124,-9,9
34160,122,116,6,6
34161,99,92,7,7
34162,112,113,-1,1
34163,215,240,-25,25
34164,68,76,-8,8
34165,84,89,-5,5
34166,82,84,-2,2
34167,82,87,-5,5
34168,95,92,3,3
34169,80,83,-3,3
34170,121,118,3,3
34171,103,108,-5,5
34172,74,85,-11,11
34173,59,62,-3,3
34174,106,90,16,16
34175,62,61,1,1
34176,49,56,-7,7
34177,62,63,-1,1
34178,151,149,2,2
34179,178,161,17,17
34180,96,87,9,9
34181,91,95,-4,4
34182,74,72,2,2
34183,78,84,-6,6
34184,95,120,-25,25
34185,109,111,-2,2
34186,59,59,0,0
34187,64,66,-2,2
34188,122,112,10,10
34189,106,107,-1,1
34190,137,135,2,2
34191,79,79,0,0
34192,45,56,-11,11
34193,96,88,8,8
34194,53,54,-1,1
34195,121,118,3,3
34196,138,149,-11,11
34197,107,104,3,3
34198,90,89,1,1
34199,83,95,-12,12
34200,65,68,-3,3
34201,68,72,-4,4
34202,50,54,-4,4
34203,44,70,-26,26
34204,78,81,-3,3
34205,74,77,-3,3
34206,67,74,-7,7
34207,116,109,7,7
34208,50,50,0,0
34209,100,94,6,6
34210,52,55,-3,3
34211,70,65,5,5
34212,92,95,-3,3
34213,130,119,11,11
34214,139,141,-2,2
34215,96,87,9,9
34216,98,95,3,3
34217,49,43,6,6
34218,90,91,-1,1
34219,103,113,-10,10
34220,39,48,-9,9
34221,172,146,26,26
34222,104,106,-2,2
34223,63,63,0,0
34224,78,77,1,1
34225,65,65,0,0
34226,58,61,-3,3
34227,140,144,-4,4
34228,95,107,-12,12
34229,77,72,5,5
34230,122,118,4,4
34231,63,56,7,7
34232,26,38,-12,12
34233,78,77,1,1
34234,60,63,-3,3
34235,80,82,-2,2
34236,96,101,-5,5
34237,62,61,1,1
34238,77,83,-6,6
34239,101,99,2,2
34240,103,107,-4,4
34241,87,95,-8,8
34242,132,128,4,4
34243,223,203,20,20
34244,117,113,4,4
34245,151,144,7,7
34246,87,101,-14,14
34247,103,101,2,2
34248,59,66,-7,7
34249,150,124,26,26
34250,100,95,5,5
34251,92,84,8,8
34252,65,79,-14,14
34253,72,90,-18,18
34254,48,51,-3,3
34255,114,109,5,5
34256,63,60,3,3
34257,139,138,1,1
34258,86,87,-1,1
34259,96,86,10,10
34260,80,76,4,4
34261,126,122,4,4
34262,112,111,1,1
34263,99,117,-18,18
34264,83,78,5,5
34265,62,63,-1,1
34266,53,65,-12,12
34267,40,46,-6,6
34268,103,101,2,2
34269,87,78,9,9
34270,66,74,-8,8
34271,116,108,8,8
34272,107,95,12,12
34273,121,127,-6,6
34274,114,105,9,9
34275,111,114,-3,3
34276,105,104,1,1
34277,103,107,-4,4
34278,106,101,5,5
34279,126,124,2,2
34280,104,102,2,2
34281,77,74,3,3
34282,114,121,-7,7
34283,77,76,1,1
34284,83,85,-2,2
34285,78,83,-5,5
34286,81,83,-2,2
34287,64,73,-9,9
34288,134,133,1,1
34289,78,80,-2,2
34290,137,136,1,1
34291,80,81,-1,1
34292,145,137,8,8
34293,103,108,-5,5
34294,101,91,10,10
34295,87,86,1,1
34296,83,87,-4,4
34297,98,91,7,7
34298,133,136,-3,3
34299,114,93,21,21
34300,119,110,9,9
34301,94,95,-1,1
34302,85,94,-9,9
34303,162,168,-6,6
34304,85,78,7,7
34305,62,60,2,2
34306,83,81,2,2
34307,99,91,8,8
34308,79,88,-9,9
34309,95,96,-1,1
34310,140,144,-4,4
34311,165,159,6,6
34312,104,101,3,3
34313,110,121,-11,11
34314,138,183,-45,45
34315,117,132,-15,15
34316,120,119,1,1
34317,67,82,-15,15
34318,82,81,1,1
34319,110,106,4,4
34320,110,101,9,9
34321,63,72,-9,9
34322,54,60,-6,6
34323,128,134,-6,6
34324,90,88,2,2
34325,99,110,-11,11
34326,121,153,-32,32
34327,47,54,-7,7
34328,88,79,9,9
34329,96,96,0,0
34330,83,105,-22,22
34331,91,85,6,6
34332,100,102,-2,2
34333,68,59,9,9
34334,44,51,-7,7
34335,94,93,1,1
34336,48,62,-14,14
34337,63,62,1,1
34338,114,113,1,1
34339,88,83,5,5
34340,105,100,5,5
34341,67,72,-5,5
34342,61,52,9,9
34343,120,119,1,1
34344,111,104,7,7
34345,102,96,6,6
34346,111,107,4,4
34347,48,44,4,4
34348,102,106,-4,4
34349,101,102,-1,1
34350,88,102,-14,14
34351,58,59,-1,1
34352,64,63,1,1
34353,65,73,-8,8
34354,156,151,5,5
34355,84,85,-1,1
34356,169,154,15,15
34357,130,115,15,15
34358,51,63,-12,12
34359,60,70,-10,10
34360,109,98,11,11
34361,107,110,-3,3
34362,133,147,-14,14
34363,73,73,0,0
34364,117,126,-9,9
34365,105,106,-1,1
34366,118,135,-17,17
34367,107,105,2,2
34368,89,80,9,9
34369,130,125,5,5
34370,107,117,-10,10
34371,86,92,-6,6
34372,87,98,-11,11
34373,166,173,-7,7
34374,91,95,-4,4
34375,83,73,10,10
34376,90,77,13,13
34377,60,71,-11,11
34378,73,73,0,0
34379,133,130,3,3
34380,131,132,-1,1
34381,128,160,-32,32
34382,93,89,4,4
34383,48,48,0,0
34384,126,117,9,9
34385,62,75,-13,13
34386,50,56,-6,6
34387,70,73,-3,3
34388,111,115,-4,4
34389,89,88,1,1
34390,94,98,-4,4
34391,38,39,-1,1
34392,76,86,-10,10
34393,92,95,-3,3
34394,66,68,-2,2
34395,84,84,0,0
34396,72,72,0,0
34397,79,81,-2,2
34398,78,81,-3,3
34399,61,63,-2,2
34400,68,66,2,2
34401,114,109,5,5
34402,84,89,-5,5
34403,51,60,-9,9
34404,96,88,8,8
34405,74,66,8,8
34406,64,76,-12,12
34407,79,87,-8,8
34408,89,83,6,6
34409,150,155,-5,5
34410,137,124,13,13
34411,62,64,-2,2
34412,120,116,4,4
34413,75,67,8,8
34414,63,68,-5,5
34415,144,157,-13,13
34416,83,78,5,5
34417,71,106,-35,35
34418,125,130,-5,5
34419,71,74,-3,3
34420,90,95,-5,5
34421,57,57,0,0
34422,68,79,-11,11
34423,117,111,6,6
34424,142,142,0,0
34425,95,92,3,3
34426,91,100,-9,9
34427,86,97,-11,11
34428,119,131,-12,12
34429,71,71,0,0
34430,97,92,5,5
34431,92,94,-2,2
34432,86,73,13,13
34433,48,64,-16,16
34434,50,41,9,9
34435,105,158,-53,53
34436,105,109,-4,4
34437,127,114,13,13
34438,108,110,-2,2
34439,71,73,-2,2
34440,73,77,-4,4
34441,68,80,-12,12
34442,147,142,5,5
34443,142,149,-7,7
34444,39,55,-16,16
34445,91,78,13,13
34446,79,90,-11,11
34447,84,84,0,0
34448,123,128,-5,5
34449,63,57,6,6
34450,196,192,4,4
34451,161,167,-6,6
34452,152,137,15,15
34453,144,134,10,10
34454,96,100,-4,4
34455,125,127,-2,2
34456,82,77,5,5
34457,128,116,12,12
34458,160,176,-16,16
34459,43,49,-6,6
34460,68,71,-3,3
34461,108,93,15,15
34462,74,71,3,3
34463,52,77,-25,25
34464,107,123,-16,16
34465,64,76,-12,12
34466,89,89,0,0
34467,85,65,20,20
34468,73,87,-14,14
34469,177,188,-11,11
34470,111,113,-2,2
34471,67,76,-9,9
34472,76,74,2,2
34473,152,135,17,17
34474,90,98,-8,8
34475,79,77,2,2
34476,99,101,-2,2
34477,78,79,-1,1
34478,131,130,1,1
34479,100,93,7,7
34480,74,84,-10,10
34481,99,101,-2,2
34482,135,138,-3,3
34483,104,115,-11,11
34484,67,60,7,7
34485,102,91,11,11
34486,48,40,8,8
34487,243,239,4,4
34488,97,97,0,0
34489,112,112,0,0
34490,118,126,-8,8
34491,77,81,-4,4
34492,73,61,12,12
34493,99,109,-10,10
34494,60,78,-18,18
34495,155,160,-5,5
34496,125,130,-5,5
34497,202,183,19,19
34498,82,90,-8,8
34499,100,93,7,7
34500,78,80,-2,2
34501,59,65,-6,6
34502,48,60,-12,12
34503,121,131,-10,10
34504,128,129,-1,1
34505,96,109,-13,13
34506,133,125,8,8
34507,107,102,5,5
34508,106,99,7,7
34509,111,127,-16,16
34510,48,84,-36,36
34511,79,89,-10,10
34512,121,113,8,8
34513,147,149,-2,2
34514,113,113,0,0
34515,58,61,-3,3
34516,93,76,17,17
34517,109,117,-8,8
34518,85,91,-6,6
34519,69,70,-1,1
34520,70,67,3,3
34521,81,93,-12,12
34522,47,48,-1,1
34523,121,117,4,4
34524,151,145,6,6
34525,80,84,-4,4
34526,60,56,4,4
34527,133,130,3,3
34528,65,71,-6,6
34529,162,157,5,5
34530,73,72,1,1
34531,108,103,5,5
34532,87,81,6,6
34533,101,108,-7,7
34534,90,97,-7,7
34535,130,151,-21,21
34536,133,129,4,4
34537,139,144,-5,5
34538,95,99,-4,4
34539,96,98,-2,2
34540,66,73,-7,7
34541,69,74,-5,5
34542,69,71,-2,2
34543,86,82,4,4
34544,95,98,-3,3
34545,91,91,0,0
34546,189,178,11,11
34547,109,112,-3,3
34548,63,67,-4,4
34549,156,166,-10,10
34550,64,66,-2,2
34551,117,118,-1,1
34552,55,59,-4,4
34553,115,123,-8,8
34554,103,100,3,3
34555,155,152,3,3
34556,78,89,-11,11
34557,159,170,-11,11
34558,73,68,5,5
34559,188,191,-3,3
34560,150,166,-16,16
34561,103,100,3,3
34562,80,83,-3,3
34563,92,102,-10,10
34564,121,131,-10,10
34565,113,115,-2,2
34566,106,103,3,3
34567,72,62,10,10
34568,120,117,3,3
34569,49,56,-7,7
34570,124,135,-11,11
34571,82,85,-3,3
34572,145,166,-21,21
34573,61,59,2,2
34574,108,106,2,2
34575,53,55,-2,2
34576,117,113,4,4
34577,88,90,-2,2
34578,122,100,22,22
34579,56,52,4,4
34580,161,154,7,7
34581,115,111,4,4
34582,100,98,2,2
34583,149,162,-13,13
34584,126,126,0,0
34585,74,86,-12,12
34586,124,119,5,5
34587,101,105,-4,4
34588,83,95,-12,12
34589,105,101,4,4
34590,143,147,-4,4
34591,153,156,-3,3
34592,54,59,-5,5
34593,52,40,12,12
34594,87,90,-3,3
34595,63,63,0,0
34596,84,87,-3,3
34597,96,92,4,4
34598,59,68,-9,9
34599,141,134,7,7
34600,121,118,3,3
34601,21,45,-24,24
34602,93,90,3,3
34603,126,134,-8,8
34604,91,95,-4,4
34605,126,125,1,1
34606,79,85,-6,6
34607,133,138,-5,5
34608,72,75,-3,3
34609,117,104,13,13
34610,51,56,-5,5
34611,92,94,-2,2
34612,78,79,-1,1
34613,70,73,-3,3
34614,77,76,1,1
34615,94,87,7,7
34616,75,80,-5,5
34617,93,99,-6,6
34618,75,66,9,9
34619,149,149,0,0
34620,99,100,-1,1
34621,94,108,-14,14
34622,98,97,1,1
34623,68,70,-2,2
34624,101,148,-47,47
34625,115,110,5,5
34626,87,87,0,0
34627,100,119,-19,19
34628,80,90,-10,10
34629,133,135,-2,2
34630,54,56,-2,2
34631,164,164,0,0
34632,98,100,-2,2
34633,75,77,-2,2
34634,77,74,3,3
34635,126,123,3,3
34636,124,125,-1,1
34637,89,90,-1,1
34638,77,80,-3,3
34639,162,145,17,17
34640,129,119,10,10
34641,126,132,-6,6
34642,90,90,0,0
34643,145,147,-2,2
34644,59,67,-8,8
34645,79,73,6,6
34646,100,92,8,8
34647,136,143,-7,7
34648,53,63,-10,10
34649,109,104,5,5
34650,79,86,-7,7
34651,111,111,0,0
34652,172,146,26,26
34653,142,131,11,11
34654,81,83,-2,2
34655,100,101,-1,1
34656,71,70,1,1
34657,37,59,-22,22
34658,91,97,-6,6
34659,85,86,-1,1
34660,96,98,-2,2
34661,96,98,-2,2
34662,72,67,5,5
34663,58,63,-5,5
34664,128,137,-9,9
34665,90,84,6,6
34666,79,85,-6,6
34667,57,55,2,2
34668,164,139,25,25
34669,147,117,30,30
34670,42,54,-12,12
34671,92,106,-14,14
34672,73,77,-4,4
34673,80,79,1,1
34674,82,77,5,5
34675,82,86,-4,4
34676,124,119,5,5
34677,87,98,-11,11
34678,93,94,-1,1
34679,151,145,6,6
34680,88,86,2,2
34681,99,92,7,7
34682,104,108,-4,4
34683,80,88,-8,8
34684,91,82,9,9
34685,116,136,-20,20
34686,136,130,6,6
34687,76,115,-39,39
34688,125,139,-14,14
34689,99,95,4,4
34690,112,138,-26,26
34691,103,123,-20,20
34692,152,150,2,2
34693,122,121,1,1
34694,74,78,-4,4
34695,106,111,-5,5
34696,76,79,-3,3
34697,59,65,-6,6
34698,100,124,-24,24
34699,58,59,-1,1
34700,69,76,-7,7
34701,120,133,-13,13
34702,74,76,-2,2
34703,55,59,-4,4
34704,89,87,2,2
34705,79,78,1,1
34706,137,140,-3,3
34707,81,81,0,0
34708,64,88,-24,24
34709,170,174,-4,4
34710,69,70,-1,1
34711,72,66,6,6
34712,73,64,9,9
34713,66,78,-12,12
34714,114,112,2,2
34715,96,109,-13,13
34716,67,84,-17,17
34717,83,85,-2,2
34718,72,70,2,2
34719,150,147,3,3
34720,56,51,5,5
34721,66,69,-3,3
34722,53,78,-25,25
34723,169,152,17,17
34724,66,69,-3,3
34725,105,113,-8,8
34726,101,102,-1,1
34727,78,86,-8,8
34728,130,136,-6,6
34729,140,138,2,2
34730,91,109,-18,18
34731,89,85,4,4
34732,73,72,1,1
34733,111,118,-7,7
34734,111,117,-6,6
34735,154,146,8,8
34736,56,63,-7,7
34737,136,134,2,2
34738,101,94,7,7
34739,120,130,-10,10
34740,62,60,2,2
34741,105,110,-5,5
34742,76,76,0,0
34743,161,178,-17,17
34744,88,93,-5,5
34745,51,55,-4,4
34746,108,112,-4,4
34747,101,100,1,1
34748,74,75,-1,1
34749,189,181,8,8
34750,46,57,-11,11
34751,58,63,-5,5
34752,100,84,16,16
34753,171,152,19,19
34754,45,51,-6,6
34755,87,76,11,11
34756,57,69,-12,12
34757,137,131,6,6
34758,72,76,-4,4
34759,115,108,7,7
34760,98,96,2,2
34761,58,62,-4,4
34762,87,96,-9,9
34763,79,81,-2,2
34764,79,88,-9,9
34765,67,72,-5,5
34766,32,44,-12,12
34767,76,78,-2,2
34768,80,72,8,8
34769,106,91,15,15
34770,54,62,-8,8
34771,75,82,-7,7
34772,149,150,-1,1
34773,110,107,3,3
34774,106,109,-3,3
34775,130,139,-9,9
34776,49,54,-5,5
34777,119,119,0,0
34778,75,78,-3,3
34779,89,88,1,1
34780,63,63,0,0
34781,64,57,7,7
34782,116,112,4,4
34783,79,67,12,12
34784,92,103,-11,11
34785,70,76,-6,6
34786,120,119,1,1
34787,165,160,5,5
34788,187,197,-10,10
34789,82,71,11,11
34790,53,84,-31,31
34791,88,93,-5,5
34792,75,74,1,1
34793,66,60,6,6
34794,80,79,1,1
34795,113,111,2,2
34796,48,40,8,8
34797,52,45,7,7
34798,169,166,3,3
34799,100,110,-10,10
34800,71,76,-5,5
34801,103,118,-15,15
34802,127,128,-1,1
34803,132,122,10,10
34804,136,141,-5,5
34805,67,56,11,11
34806,127,131,-4,4
34807,142,152,-10,10
34808,114,113,1,1
34809,71,78,-7,7
34810,77,74,3,3
34811,86,101,-15,15
34812,166,156,10,10
34813,116,119,-3,3
34814,42,60,-18,18
34815,91,87,4,4
34816,81,77,4,4
34817,109,101,8,8
34818,164,169,-5,5
34819,119,118,1,1
34820,79,75,4,4
34821,122,120,2,2
34822,67,68,-1,1
34823,96,91,5,5
34824,81,78,3,3
34825,110,90,20,20
34826,142,145,-3,3
34827,30,34,-4,4
34828,102,84,18,18
34829,128,117,11,11
34830,127,137,-10,10
34831,55,91,-36,36
34832,125,155,-30,30
34833,85,95,-10,10
34834,82,78,4,4
34835,99,109,-10,10
34836,142,146,-4,4
34837,99,111,-12,12
34838,96,107,-11,11
34839,87,106,-19,19
34840,76,87,-11,11
34841,95,101,-6,6
34842,61,70,-9,9
34843,58,71,-13,13
34844,88,86,2,2
34845,87,98,-11,11
34846,89,92,-3,3
34847,100,93,7,7
34848,87,90,-3,3
34849,86,85,1,1
34850,43,60,-17,17
34851,33,46,-13,13
34852,97,95,2,2
34853,130,131,-1,1
34854,149,143,6,6
34855,139,130,9,9
34856,71,77,-6,6
34857,53,62,-9,9
34858,69,66,3,3
34859,114,104,10,10
34860,60,72,-12,12
34861,53,62,-9,9
34862,80,86,-6,6
34863,75,65,10,10
34864,101,126,-25,25
34865,147,147,0,0
34866,100,92,8,8
34867,112,127,-15,15
34868,61,62,-1,1
34869,68,75,-7,7
34870,41,63,-22,22
34871,72,73,-1,1
34872,69,80,-11,11
34873,135,126,9,9
34874,112,113,-1,1
34875,63,67,-4,4
34876,83,86,-3,3
34877,74,80,-6,6
34878,85,96,-11,11
34879,91,86,5,5
34880,150,153,-3,3
34881,96,96,0,0
34882,61,82,-21,21
34883,51,67,-16,16
34884,61,67,-6,6
34885,143,168,-25,25
34886,64,72,-8,8
34887,59,61,-2,2
34888,67,91,-24,24
34889,65,64,1,1
34890,142,137,5,5
34891,66,72,-6,6
34892,73,83,-10,10
34893,107,108,-1,1
34894,112,98,14,14
34895,104,104,0,0
34896,46,46,0,0
34897,83,78,5,5
34898,89,87,2,2
34899,73,61,12,12
34900,59,58,1,1
34901,59,62,-3,3
34902,112,115,-3,3
34903,75,90,-15,15
34904,68,79,-11,11
34905,80,94,-14,14
34906,70,75,-5,5
34907,77,85,-8,8
34908,49,46,3,3
34909,91,86,5,5
34910,65,65,0,0
34911,77,73,4,4
34912,130,122,8,8
34913,77,75,2,2
34914,175,185,-10,10
34915,103,113,-10,10
34916,79,75,4,4
34917,74,70,4,4
34918,98,110,-12,12
34919,111,112,-1,1
34920,105,117,-12,12
34921,106,110,-4,4
34922,43,48,-5,5
34923,91,97,-6,6
34924,88,87,1,1
34925,121,120,1,1
34926,111,105,6,6
34927,65,75,-10,10
34928,63,59,4,4
34929,91,94,-3,3
34930,70,72,-2,2
34931,117,104,13,13
34932,56,62,-6,6
34933,153,163,-10,10
34934,135,138,-3,3
34935,66,62,4,4
34936,97,109,-12,12
34937,94,104,-10,10
34938,79,81,-2,2
34939,89,81,8,8
34940,117,115,2,2
34941,50,49,1,1
34942,172,194,-22,22
34943,71,88,-17,17
34944,94,85,9,9
34945,146,154,-8,8
34946,57,59,-2,2
34947,91,98,-7,7
34948,44,47,-3,3
34949,124,126,-2,2
34950,117,107,10,10
34951,93,86,7,7
34952,100,106,-6,6
34953,167,154,13,13
34954,97,96,1,1
34955,117,109,8,8
34956,142,134,8,8
34957,62,66,-4,4
34958,99,105,-6,6
34959,83,84,-1,1
34960,61,69,-8,8
34961,80,86,-6,6
34962,85,77,8,8
34963,102,109,-7,7
34964,127,137,-10,10
34965,123,132,-9,9
34966,117,113,4,4
34967,102,115,-13,13
34968,100,94,6,6
34969,105,108,-3,3
34970,116,103,13,13
34971,104,119,-15,15
34972,70,77,-7,7
34973,71,76,-5,5
34974,59,72,-13,13
34975,86,86,0,0
34976,121,104,17,17
34977,104,102,2,2
34978,93,96,-3,3
34979,78,85,-7,7
34980,124,117,7,7
34981,83,89,-6,6
34982,126,130,-4,4
34983,91,91,0,0
34984,89,106,-17,17
34985,79,79,0,0
34986,110,116,-6,6
34987,80,83,-3,3
34988,116,121,-5,5
34989,133,128,5,5
34990,91,94,-3,3
34991,94,89,5,5
34992,160,149,11,11
34993,107,123,-16,16
34994,61,67,-6,6
34995,74,65,9,9
34996,80,79,1,1
34997,50,54,-4,4
34998,98,101,-3,3
34999,47,43,4,4
35000,63,92,-29,29
35001,92,94,-2,2
35002,97,91,6,6
35003,101,109,-8,8
35004,48,67,-19,19
35005,114,116,-2,2
35006,106,111,-5,5
35007,98,98,0,0
35008,133,136,-3,3
35009,98,88,10,10
35010,41,44,-3,3
35011,85,91,-6,6
35012,102,106,-4,4
35013,97,88,9,9
35014,49,53,-4,4
35015,50,58,-8,8
35016,86,94,-8,8
35017,96,96,0,0
35018,110,105,5,5
35019,95,98,-3,3
35020,89,83,6,6
35021,92,90,2,2
35022,109,97,12,12
35023,75,83,-8,8
35024,61,55,6,6
35025,82,92,-10,10
35026,88,92,-4,4
35027,139,137,2,2
35028,67,80,-13,13
35029,106,111,-5,5
35030,108,111,-3,3
35031,80,90,-10,10
35032,78,92,-14,14
35033,87,89,-2,2
35034,57,66,-9,9
35035,63,66,-3,3
35036,105,94,11,11
35037,129,114,15,15
35038,65,64,1,1
35039,93,94,-1,1
35040,50,41,9,9
35041,30,41,-11,11
35042,81,80,1,1
35043,55,65,-10,10
35044,76,72,4,4
35045,135,129,6,6
35046,55,60,-5,5
35047,140,145,-5,5
35048,92,89,3,3
35049,124,134,-10,10
35050,100,100,0,0
35051,40,41,-1,1
35052,50,53,-3,3
35053,85,89,-4,4
35054,87,98,-11,11
35055,136,136,0,0
35056,65,73,-8,8
35057,97,69,28,28
35058,80,73,7,7
35059,99,107,-8,8
35060,69,71,-2,2
35061,97,103,-6,6
35062,65,67,-2,2
35063,67,71,-4,4
35064,108,110,-2,2
35065,105,109,-4,4
35066,98,88,10,10
35067,73,72,1,1
35068,87,92,-5,5
35069,80,71,9,9
35070,115,122,-7,7
35071,129,122,7,7
35072,62,66,-4,4
35073,141,138,3,3
35074,165,156,9,9
35075,167,175,-8,8
35076,128,116,12,12
35077,163,151,12,12
35078,49,67,-18,18
35079,73,83,-10,10
35080,117,177,-60,60
35081,182,178,4,4
35082,91,88,3,3
35083,73,79,-6,6
35084,130,138,-8,8
35085,92,96,-4,4
35086,164,149,15,15
35087,100,120,-20,20
35088,106,113,-7,7
35089,155,169,-14,14
35090,84,82,2,2
35091,115,122,-7,7
35092,74,79,-5,5
35093,62,60,2,2
35094,76,81,-5,5
35095,82,94,-12,12
35096,116,109,7,7
35097,84,88,-4,4
35098,61,73,-12,12
35099,155,144,11,11
35100,87,151,-64,64
35101,118,123,-5,5
35102,126,137,-11,11
35103,123,133,-10,10
35104,72,81,-9,9
35105,106,113,-7,7
35106,119,118,1,1
35107,79,78,1,1
35108,70,85,-15,15
35109,129,120,9,9
35110,93,85,8,8
35111,98,88,10,10
35112,164,176,-12,12
35113,110,115,-5,5
35114,108,114,-6,6
35115,79,80,-1,1
35116,140,146,-6,6
35117,81,93,-12,12
35118,84,76,8,8
35119,64,65,-1,1
35120,101,102,-1,1
35121,65,65,0,0
35122,71,85,-14,14
35123,66,70,-4,4
35124,81,85,-4,4
35125,82,96,-14,14
35126,101,105,-4,4
35127,95,102,-7,7
35128,95,97,-2,2
35129,177,175,2,2
35130,148,160,-12,12
35131,83,90,-7,7
35132,79,77,2,2
35133,87,82,5,5
35134,120,124,-4,4
35135,140,163,-23,23
35136,117,124,-7,7
35137,88,89,-1,1
35138,79,73,6,6
35139,89,73,16,16
35140,83,82,1,1
35141,79,99,-20,20
35142,118,116,2,2
35143,79,83,-4,4
35144,95,94,1,1
35145,62,67,-5,5
35146,67,74,-7,7
35147,63,67,-4,4
35148,99,85,14,14
35149,164,155,9,9
35150,71,63,8,8
35151,49,57,-8,8
35152,88,92,-4,4
35153,93,90,3,3
35154,90,90,0,0
35155,96,89,7,7
35156,91,92,-1,1
35157,41,47,-6,6
35158,94,100,-6,6
35159,58,65,-7,7
35160,87,87,0,0
35161,100,96,4,4
35162,117,122,-5,5
35163,106,106,0,0
35164,65,80,-15,15
35165,126,133,-7,7
35166,92,94,-2,2
35167,78,89,-11,11
35168,98,101,-3,3
35169,102,126,-24,24
35170,115,101,14,14
35171,93,88,5,5
35172,48,58,-10,10
35173,64,68,-4,4
35174,168,188,-20,20
35175,95,85,10,10
35176,125,129,-4,4
35177,128,134,-6,6
35178,137,124,13,13
35179,62,62,0,0
35180,76,76,0,0
35181,66,69,-3,3
35182,50,58,-8,8
35183,98,94,4,4
35184,101,111,-10,10
35185,77,78,-1,1
35186,97,104,-7,7
35187,116,118,-2,2
35188,118,116,2,2
35189,157,167,-10,10
35190,48,56,-8,8
35191,86,91,-5,5
35192,79,95,-16,16
35193,93,91,2,2
35194,58,62,-4,4
35195,65,69,-4,4
35196,203,187,16,16
35197,59,62,-3,3
35198,103,99,4,4
35199,35,42,-7,7
35200,95,107,-12,12
35201,89,89,0,0
35202,122,115,7,7
35203,97,100,-3,3
35204,84,88,-4,4
35205,146,133,13,13
35206,129,119,10,10
35207,76,84,-8,8
35208,79,79,0,0
35209,92,93,-1,1
35210,82,69,13,13
35211,111,107,4,4
35212,88,85,3,3
35213,155,153,2,2
35214,75,69,6,6
35215,109,105,4,4
35216,64,62,2,2
35217,76,69,7,7
35218,114,112,2,2
35219,84,83,1,1
35220,90,89,1,1
35221,49,55,-6,6
35222,103,107,-4,4
35223,140,132,8,8
35224,64,61,3,3
35225,171,182,-11,11
35226,89,85,4,4
35227,57,64,-7,7
35228,99,80,19,19
35229,62,64,-2,2
35230,191,187,4,4
35231,108,105,3,3
35232,116,118,-2,2
35233,157,151,6,6
35234,98,116,-18,18
35235,167,174,-7,7
35236,89,87,2,2
35237,65,72,-7,7
35238,103,101,2,2
35239,107,105,2,2
35240,66,65,1,1
35241,137,145,-8,8
35242,68,65,3,3
35243,64,65,-1,1
35244,137,139,-2,2
35245,101,100,1,1
35246,120,119,1,1
35247,99,86,13,13
35248,58,62,-4,4
35249,93,98,-5,5
35250,48,71,-23,23
35251,96,102,-6,6
35252,68,65,3,3
35253,95,102,-7,7
35254,117,114,3,3
35255,61,66,-5,5
35256,122,126,-4,4
35257,77,87,-10,10
35258,69,78,-9,9
35259,105,93,12,12
35260,126,110,16,16
35261,67,67,0,0
35262,122,122,0,0
35263,96,95,1,1
35264,188,176,12,12
35265,72,46,26,26
35266,122,120,2,2
35267,53,80,-27,27
35268,49,65,-16,16
35269,131,127,4,4
35270,118,106,12,12
35271,68,67,1,1
35272,84,92,-8,8
35273,80,84,-4,4
35274,95,109,-14,14
35275,54,56,-2,2
35276,80,87,-7,7
35277,55,60,-5,5
35278,50,48,2,2
35279,141,146,-5,5
35280,118,116,2,2
35281,64,74,-10,10
35282,132,125,7,7
35283,81,75,6,6
35284,49,50,-1,1
35285,86,90,-4,4
35286,107,112,-5,5
35287,123,121,2,2
35288,109,106,3,3
35289,121,119,2,2
35290,89,91,-2,2
35291,57,62,-5,5
35292,123,120,3,3
35293,102,104,-2,2
35294,143,139,4,4
35295,57,61,-4,4
35296,84,84,0,0
35297,73,77,-4,4
35298,124,130,-6,6
35299,86,79,7,7
35300,128,123,5,5
35301,146,136,10,10
35302,92,89,3,3
35303,68,77,-9,9
35304,88,99,-11,11
35305,147,146,1,1
35306,134,145,-11,11
35307,91,92,-1,1
35308,137,136,1,1
35309,130,136,-6,6
35310,103,106,-3,3
35311,78,93,-15,15
35312,85,80,5,5
35313,57,60,-3,3
35314,159,150,9,9
35315,80,87,-7,7
35316,113,131,-18,18
35317,152,149,3,3
35318,163,163,0,0
35319,137,122,15,15
35320,116,120,-4,4
35321,144,136,8,8
35322,61,66,-5,5
35323,158,144,14,14
35324,120,153,-33,33
35325,64,71,-7,7
35326,106,101,5,5
35327,60,68,-8,8
35328,87,98,-11,11
35329,72,68,4,4
35330,92,84,8,8
35331,164,149,15,15
35332,121,136,-15,15
35333,63,68,-5,5
35334,108,115,-7,7
35335,70,63,7,7
35336,66,75,-9,9
35337,81,138,-57,57
35338,84,85,-1,1
35339,69,67,2,2
35340,161,164,-3,3
35341,73,74,-1,1
35342,62,62,0,0
35343,66,78,-12,12
35344,80,88,-8,8
35345,110,130,-20,20
35346,145,118,27,27
35347,32,63,-31,31
35348,62,66,-4,4
35349,191,197,-6,6
35350,84,83,1,1
35351,96,91,5,5
35352,87,84,3,3
35353,54,60,-6,6
35354,85,84,1,1
35355,118,101,17,17
35356,52,49,3,3
35357,102,88,14,14
35358,66,76,-10,10
35359,151,155,-4,4
35360,129,146,-17,17
35361,61,63,-2,2
35362,102,109,-7,7
35363,88,89,-1,1
35364,61,79,-18,18
35365,77,87,-10,10
35366,79,86,-7,7
35367,110,109,1,1
35368,96,94,2,2
35369,74,82,-8,8
35370,120,122,-2,2
35371,134,127,7,7
35372,66,81,-15,15
35373,61,62,-1,1
35374,130,127,3,3
35375,60,67,-7,7
35376,66,67,-1,1
35377,115,118,-3,3
35378,99,93,6,6
35379,55,57,-2,2
35380,104,100,4,4
35381,104,107,-3,3
35382,97,111,-14,14
35383,48,49,-1,1
35384,51,62,-11,11
35385,51,46,5,5
35386,80,82,-2,2
35387,57,60,-3,3
35388,77,61,16,16
35389,128,125,3,3
35390,141,149,-8,8
35391,77,81,-4,4
35392,132,121,11,11
35393,110,104,6,6
35394,43,52,-9,9
35395,110,122,-12,12
35396,85,75,10,10
35397,92,100,-8,8
35398,49,48,1,1
35399,69,65,4,4
35400,64,61,3,3
35401,82,79,3,3
35402,59,67,-8,8
35403,69,70,-1,1
35404,66,70,-4,4
35405,92,88,4,4
35406,101,88,13,13
35407,62,69,-7,7
35408,126,116,10,10
35409,119,119,0,0
35410,117,107,10,10
35411,162,160,2,2
35412,100,107,-7,7
35413,107,121,-14,14
35414,49,60,-11,11
35415,75,81,-6,6
35416,85,81,4,4
35417,87,78,9,9
35418,58,59,-1,1
35419,86,114,-28,28
35420,54,57,-3,3
35421,149,154,-5,5
35422,99,86,13,13
35423,118,121,-3,3
35424,88,88,0,0
35425,128,160,-32,32
35426,121,130,-9,9
35427,62,72,-10,10
35428,32,43,-11,11
35429,152,152,0,0
35430,58,54,4,4
35431,77,82,-5,5
35432,127,113,14,14
35433,109,113,-4,4
35434,116,116,0,0
35435,83,79,4,4
35436,70,87,-17,17
35437,101,98,3,3
35438,70,72,-2,2
35439,117,118,-1,1
35440,93,99,-6,6
35441,72,83,-11,11
35442,131,136,-5,5
35443,64,68,-4,4
35444,160,154,6,6
35445,86,81,5,5
35446,84,88,-4,4
35447,56,64,-8,8
35448,94,86,8,8
35449,149,142,7,7
35450,128,117,11,11
35451,97,115,-18,18
35452,178,177,1,1
35453,102,97,5,5
35454,53,51,2,2
35455,124,115,9,9
35456,79,85,-6,6
35457,136,152,-16,16
35458,71,76,-5,5
35459,54,59,-5,5
35460,97,95,2,2
35461,72,79,-7,7
35462,169,156,13,13
35463,80,79,1,1
35464,53,57,-4,4
35465,64,57,7,7
35466,52,56,-4,4
35467,38,53,-15,15
35468,78,77,1,1
35469,160,102,58,58
35470,113,112,1,1
35471,90,99,-9,9
35472,63,64,-1,1
35473,79,90,-11,11
35474,56,61,-5,5
35475,241,251,-10,10
35476,68,66,2,2
35477,145,143,2,2
35478,69,68,1,1
35479,107,99,8,8
35480,79,80,-1,1
35481,123,125,-2,2
35482,97,88,9,9
35483,77,75,2,2
35484,66,149,-83,83
35485,83,84,-1,1
35486,82,86,-4,4
35487,78,79,-1,1
35488,89,89,0,0
35489,76,66,10,10
35490,61,64,-3,3
35491,116,117,-1,1
35492,128,139,-11,11
35493,130,137,-7,7
35494,46,58,-12,12
35495,105,107,-2,2
35496,150,126,24,24
35497,156,159,-3,3
35498,69,70,-1,1
35499,89,93,-4,4
35500,77,71,6,6
35501,123,129,-6,6
35502,97,94,3,3
35503,87,90,-3,3
35504,80,80,0,0
35505,79,82,-3,3
35506,58,64,-6,6
35507,53,51,2,2
35508,105,116,-11,11
35509,74,83,-9,9
35510,101,109,-8,8
35511,56,54,2,2
35512,115,111,4,4
35513,141,167,-26,26
35514,116,113,3,3
35515,47,47,0,0
35516,43,63,-20,20
35517,80,86,-6,6
35518,91,96,-5,5
35519,75,92,-17,17
35520,114,107,7,7
35521,79,87,-8,8
35522,106,103,3,3
35523,69,63,6,6
35524,87,76,11,11
35525,118,126,-8,8
35526,84,94,-10,10
35527,90,100,-10,10
35528,97,95,2,2
35529,57,59,-2,2
35530,132,143,-11,11
35531,90,114,-24,24
35532,108,83,25,25
35533,132,122,10,10
35534,76,81,-5,5
35535,38,45,-7,7
35536,52,68,-16,16
35537,68,69,-1,1
35538,141,151,-10,10
35539,90,95,-5,5
35540,72,63,9,9
35541,74,62,12,12
35542,89,85,4,4
35543,72,70,2,2
35544,78,58,20,20
35545,67,66,1,1
35546,94,95,-1,1
35547,65,69,-4,4
35548,75,80,-5,5
35549,76,85,-9,9
35550,78,73,5,5
35551,70,60,10,10
35552,124,116,8,8
35553,123,121,2,2
35554,185,175,10,10
35555,126,112,14,14
35556,104,99,5,5
35557,79,79,0,0
35558,74,68,6,6
35559,82,80,2,2
35560,47,48,-1,1
35561,40,49,-9,9
35562,102,105,-3,3
35563,68,76,-8,8
35564,95,104,-9,9
35565,111,106,5,5
35566,74,77,-3,3
35567,63,66,-3,3
35568,118,120,-2,2
35569,181,180,1,1
35570,63,64,-1,1
35571,73,73,0,0
35572,76,88,-12,12
35573,80,78,2,2
35574,99,102,-3,3
35575,83,98,-15,15
35576,48,50,-2,2
35577,140,138,2,2
35578,101,109,-8,8
35579,76,85,-9,9
35580,84,104,-20,20
35581,95,86,9,9
35582,60,68,-8,8
35583,78,77,1,1
35584,125,130,-5,5
35585,90,93,-3,3
35586,99,101,-2,2
35587,58,53,5,5
35588,128,138,-10,10
35589,67,71,-4,4
35590,96,116,-20,20
35591,96,90,6,6
35592,141,139,2,2
35593,77,81,-4,4
35594,114,98,16,16
35595,86,91,-5,5
35596,175,172,3,3
35597,129,129,0,0
35598,50,55,-5,5
35599,70,67,3,3
35600,224,217,7,7
35601,146,136,10,10
35602,81,83,-2,2
35603,97,79,18,18
35604,118,126,-8,8
35605,77,71,6,6
35606,73,78,-5,5
35607,85,82,3,3
35608,102,100,2,2
35609,130,128,2,2
35610,133,143,-10,10
35611,129,118,11,11
35612,80,83,-3,3
35613,93,97,-4,4
35614,91,74,17,17
35615,41,93,-52,52
35616,82,90,-8,8
35617,67,74,-7,7
35618,85,84,1,1
35619,75,80,-5,5
35620,118,118,0,0
35621,118,100,18,18
35622,79,85,-6,6
35623,63,71,-8,8
35624,170,174,-4,4
35625,73,77,-4,4
35626,114,92,22,22
35627,154,164,-10,10
35628,54,87,-33,33
35629,115,110,5,5
35630,49,124,-75,75
35631,99,101,-2,2
35632,80,78,2,2
35633,152,161,-9,9
35634,71,72,-1,1
35635,118,147,-29,29
35636,106,107,-1,1
35637,106,114,-8,8
35638,173,155,18,18
35639,89,102,-13,13
35640,65,73,-8,8
35641,93,92,1,1
35642,109,113,-4,4
35643,126,133,-7,7
35644,143,181,-38,38
35645,127,132,-5,5
35646,114,104,10,10
35647,84,90,-6,6
35648,68,77,-9,9
35649,60,67,-7,7
35650,111,116,-5,5
35651,127,143,-16,16
35652,83,90,-7,7
35653,98,98,0,0
35654,83,72,11,11
35655,77,79,-2,2
35656,51,62,-11,11
35657,88,96,-8,8
35658,48,73,-25,25
35659,147,151,-4,4
35660,66,90,-24,24
35661,100,95,5,5
35662,76,85,-9,9
35663,59,55,4,4
35664,116,111,5,5
35665,61,63,-2,2
35666,155,148,7,7
35667,99,106,-7,7
35668,112,108,4,4
35669,70,62,8,8
35670,79,93,-14,14
35671,96,96,0,0
35672,90,97,-7,7
35673,104,101,3,3
35674,99,116,-17,17
35675,81,86,-5,5
35676,134,152,-18,18
35677,126,128,-2,2
35678,160,111,49,49
35679,75,76,-1,1
35680,104,111,-7,7
35681,150,142,8,8
35682,120,119,1,1
35683,90,96,-6,6
35684,120,115,5,5
35685,142,146,-4,4
35686,75,70,5,5
35687,102,107,-5,5
35688,162,158,4,4
35689,74,71,3,3
35690,75,73,2,2
35691,99,98,1,1
35692,130,133,-3,3
35693,53,58,-5,5
35694,127,125,2,2
35695,103,98,5,5
35696,94,92,2,2
35697,76,85,-9,9
35698,83,89,-6,6
35699,195,184,11,11
35700,58,72,-14,14
35701,51,56,-5,5
35702,153,152,1,1
35703,190,190,0,0
35704,87,91,-4,4
35705,96,97,-1,1
35706,100,96,4,4
35707,74,74,0,0
35708,67,64,3,3
35709,124,122,2,2
35710,74,72,2,2
35711,111,101,10,10
35712,93,117,-24,24
35713,107,102,5,5
35714,70,76,-6,6
35715,154,154,0,0
35716,125,117,8,8
35717,107,97,10,10
35718,69,92,-23,23
35719,101,109,-8,8
35720,95,84,11,11
35721,96,95,1,1
35722,85,85,0,0
35723,70,103,-33,33
35724,68,63,5,5
35725,61,62,-1,1
35726,155,159,-4,4
35727,58,64,-6,6
35728,72,73,-1,1
35729,47,52,-5,5
35730,98,105,-7,7
35731,145,135,10,10
35732,52,58,-6,6
35733,120,111,9,9
35734,78,76,2,2
35735,56,57,-1,1
35736,89,92,-3,3
35737,82,85,-3,3
35738,104,108,-4,4
35739,128,149,-21,21
35740,159,143,16,16
35741,79,89,-10,10
35742,109,104,5,5
35743,120,130,-10,10
35744,79,99,-20,20
35745,73,61,12,12
35746,64,56,8,8
35747,97,89,8,8
35748,135,107,28,28
35749,81,88,-7,7
35750,91,90,1,1
35751,58,53,5,5
35752,78,72,6,6
35753,77,76,1,1
35754,47,41,6,6
35755,167,158,9,9
35756,65,81,-16,16
35757,152,154,-2,2
35758,159,158,1,1
35759,89,109,-20,20
35760,205,199,6,6
35761,108,100,8,8
35762,101,99,2,2
35763,129,129,0,0
35764,123,134,-11,11
35765,90,89,1,1
35766,138,135,3,3
35767,105,95,10,10
35768,93,90,3,3
35769,129,121,8,8
35770,110,105,5,5
35771,86,96,-10,10
35772,72,86,-14,14
35773,122,121,1,1
35774,37,49,-12,12
35775,173,184,-11,11
35776,97,74,23,23
35777,45,46,-1,1
35778,97,83,14,14
35779,85,102,-17,17
35780,83,86,-3,3
35781,105,98,7,7
35782,138,139,-1,1
35783,98,91,7,7
35784,128,125,3,3
35785,94,82,12,12
35786,131,117,14,14
35787,67,76,-9,9
35788,176,166,10,10
35789,116,113,3,3
35790,116,135,-19,19
35791,80,65,15,15
35792,84,82,2,2
35793,69,75,-6,6
35794,165,167,-2,2
35795,55,67,-12,12
35796,123,127,-4,4
35797,117,120,-3,3
35798,81,71,10,10
35799,86,84,2,2
35800,185,193,-8,8
35801,104,90,14,14
35802,89,93,-4,4
35803,85,79,6,6
35804,156,146,10,10
35805,72,70,2,2
35806,95,83,12,12
35807,86,75,11,11
35808,72,66,6,6
35809,168,154,14,14
35810,42,50,-8,8
35811,93,100,-7,7
35812,103,95,8,8
35813,83,84,-1,1
35814,137,135,2,2
35815,117,128,-11,11
35816,77,84,-7,7
35817,79,94,-15,15
35818,121,120,1,1
35819,110,124,-14,14
35820,101,92,9,9
35821,88,103,-15,15
35822,91,88,3,3
35823,166,160,6,6
35824,63,68,-5,5
35825,92,96,-4,4
35826,138,129,9,9
35827,110,101,9,9
35828,151,136,15,15
35829,121,137,-16,16
35830,73,73,0,0
35831,77,75,2,2
35832,197,207,-10,10
35833,94,80,14,14
35834,67,73,-6,6
35835,147,130,17,17
35836,92,116,-24,24
35837,138,142,-4,4
35838,71,85,-14,14
35839,93,94,-1,1
35840,115,112,3,3
35841,90,85,5,5
35842,137,130,7,7
35843,136,147,-11,11
35844,63,67,-4,4
35845,68,73,-5,5
35846,105,104,1,1
35847,61,62,-1,1
35848,75,81,-6,6
35849,120,127,-7,7
35850,145,153,-8,8
35851,106,98,8,8
35852,171,162,9,9
35853,87,99,-12,12
35854,112,98,14,14
35855,75,77,-2,2
35856,84,90,-6,6
35857,55,61,-6,6
35858,57,60,-3,3
35859,71,72,-1,1
35860,150,146,4,4
35861,42,76,-34,34
35862,95,95,0,0
35863,100,106,-6,6
35864,77,74,3,3
35865,134,149,-15,15
35866,100,84,16,16
35867,117,127,-10,10
35868,74,118,-44,44
35869,106,103,3,3
35870,121,114,7,7
35871,115,110,5,5
35872,137,136,1,1
35873,80,86,-6,6
35874,81,87,-6,6
35875,50,58,-8,8
35876,60,65,-5,5
35877,143,134,9,9
35878,80,94,-14,14
35879,72,73,-1,1
35880,74,75,-1,1
35881,125,132,-7,7
35882,111,103,8,8
35883,99,97,2,2
35884,72,77,-5,5
35885,84,84,0,0
35886,52,54,-2,2
35887,54,60,-6,6
35888,63,63,0,0
35889,101,104,-3,3
35890,65,56,9,9
35891,74,86,-12,12
35892,141,143,-2,2
35893,84,88,-4,4
35894,156,139,17,17
35895,105,107,-2,2
35896,130,128,2,2
35897,74,75,-1,1
35898,97,109,-12,12
35899,111,118,-7,7
35900,65,73,-8,8
35901,124,122,2,2
35902,80,84,-4,4
35903,93,85,8,8
35904,122,122,0,0
35905,84,101,-17,17
35906,92,96,-4,4
35907,52,73,-21,21
35908,86,100,-14,14
35909,69,75,-6,6
35910,114,105,9,9
35911,68,70,-2,2
35912,123,132,-9,9
35913,104,123,-19,19
35914,119,110,9,9
35915,123,99,24,24
35916,99,93,6,6
35917,117,138,-21,21
35918,94,100,-6,6
35919,126,128,-2,2
35920,148,135,13,13
35921,112,104,8,8
35922,168,170,-2,2
35923,81,83,-2,2
35924,100,99,1,1
35925,78,81,-3,3
35926,109,112,-3,3
35927,120,113,7,7
35928,119,127,-8,8
35929,83,105,-22,22
35930,138,137,1,1
35931,63,68,-5,5
35932,63,64,-1,1
35933,88,84,4,4
35934,50,44,6,6
35935,171,163,8,8
35936,111,96,15,15
35937,154,165,-11,11
35938,131,114,17,17
35939,110,111,-1,1
35940,74,89,-15,15
35941,116,123,-7,7
35942,112,117,-5,5
35943,89,91,-2,2
35944,109,122,-13,13
35945,68,68,0,0
35946,77,82,-5,5
35947,69,67,2,2
35948,54,63,-9,9
35949,74,75,-1,1
35950,140,145,-5,5
35951,92,86,6,6
35952,47,50,-3,3
35953,49,56,-7,7
35954,72,73,-1,1
35955,79,82,-3,3
35956,45,51,-6,6
35957,53,59,-6,6
35958,114,120,-6,6
35959,64,68,-4,4
35960,63,57,6,6
35961,113,108,5,5
35962,103,102,1,1
35963,109,111,-2,2
35964,94,94,0,0
35965,65,62,3,3
35966,94,88,6,6
35967,142,146,-4,4
35968,38,56,-18,18
35969,91,107,-16,16
35970,86,84,2,2
35971,150,143,7,7
35972,66,69,-3,3
35973,68,63,5,5
35974,62,65,-3,3
35975,53,57,-4,4
35976,53,55,-2,2
35977,117,115,2,2
35978,89,93,-4,4
35979,96,93,3,3
35980,109,113,-4,4
35981,100,87,13,13
35982,132,126,6,6
35983,125,129,-4,4
35984,47,66,-19,19
35985,76,89,-13,13
35986,80,83,-3,3
35987,108,135,-27,27
35988,72,73,-1,1
35989,79,78,1,1
35990,103,102,1,1
35991,93,96,-3,3
35992,90,89,1,1
35993,76,77,-1,1
35994,88,88,0,0
35995,70,75,-5,5
35996,162,139,23,23
35997,86,90,-4,4
35998,62,72,-10,10
35999,78,86,-8,8
36000,51,54,-3,3
36001,131,125,6,6
36002,81,82,-1,1
36003,100,103,-3,3
36004,107,107,0,0
36005,71,74,-3,3
36006,99,97,2,2
36007,128,126,2,2
36008,102,104,-2,2
36009,111,119,-8,8
36010,114,120,-6,6
36011,145,138,7,7
36012,123,114,9,9
36013,64,68,-4,4
36014,138,138,0,0
36015,120,127,-7,7
36016,96,101,-5,5
36017,143,149,-6,6
36018,79,76,3,3
36019,139,158,-19,19
36020,124,115,9,9
36021,76,83,-7,7
36022,67,71,-4,4
36023,65,84,-19,19
36024,62,69,-7,7
36025,184,189,-5,5
36026,102,107,-5,5
36027,60,61,-1,1
36028,79,88,-9,9
36029,63,67,-4,4
36030,70,53,17,17
36031,91,102,-11,11
36032,68,71,-3,3
36033,86,93,-7,7
36034,97,108,-11,11
36035,78,85,-7,7
36036,110,99,11,11
36037,94,89,5,5
36038,68,91,-23,23
36039,150,151,-1,1
36040,81,82,-1,1
36041,58,66,-8,8
36042,48,48,0,0
36043,76,73,3,3
36044,102,102,0,0
36045,74,77,-3,3
36046,60,63,-3,3
36047,75,85,-10,10
36048,92,92,0,0
36049,62,60,2,2
36050,91,99,-8,8
36051,93,90,3,3
36052,146,152,-6,6
36053,94,93,1,1
36054,88,90,-2,2
36055,124,123,1,1
36056,92,94,-2,2
36057,87,121,-34,34
36058,113,121,-8,8
36059,99,93,6,6
36060,90,87,3,3
36061,95,91,4,4
36062,61,62,-1,1
36063,139,131,8,8
36064,106,122,-16,16
36065,42,50,-8,8
36066,95,88,7,7
36067,121,134,-13,13
36068,130,139,-9,9
36069,121,123,-2,2
36070,74,72,2,2
36071,84,85,-1,1
36072,70,73,-3,3
36073,73,74,-1,1
36074,116,113,3,3
36075,120,129,-9,9
36076,151,145,6,6
36077,80,79,1,1
36078,90,91,-1,1
36079,68,83,-15,15
36080,102,101,1,1
36081,180,170,10,10
36082,44,86,-42,42
36083,170,169,1,1
36084,99,85,14,14
36085,130,122,8,8
36086,78,111,-33,33
36087,107,110,-3,3
36088,93,101,-8,8
36089,146,150,-4,4
36090,97,103,-6,6
36091,107,103,4,4
36092,116,118,-2,2
36093,81,93,-12,12
36094,84,81,3,3
36095,88,102,-14,14
36096,77,83,-6,6
36097,65,69,-4,4
36098,158,157,1,1
36099,76,88,-12,12
36100,56,52,4,4
36101,119,126,-7,7
36102,82,83,-1,1
36103,52,57,-5,5
36104,44,44,0,0
36105,122,114,8,8
36106,92,95,-3,3
36107,87,86,1,1
36108,152,159,-7,7
36109,97,96,1,1
36110,127,121,6,6
36111,61,71,-10,10
36112,58,65,-7,7
36113,94,99,-5,5
36114,123,119,4,4
36115,141,128,13,13
36116,61,69,-8,8
36117,151,175,-24,24
36118,117,116,1,1
36119,88,93,-5,5
36120,71,70,1,1
36121,131,128,3,3
36122,98,79,19,19
36123,54,66,-12,12
36124,133,132,1,1
36125,68,69,-1,1
36126,49,58,-9,9
36127,106,100,6,6
36128,144,141,3,3
36129,105,109,-4,4
36130,59,61,-2,2
36131,65,69,-4,4
36132,136,128,8,8
36133,58,62,-4,4
36134,49,45,4,4
36135,47,52,-5,5
36136,87,89,-2,2
36137,81,95,-14,14
36138,110,102,8,8
36139,119,121,-2,2
36140,114,114,0,0
36141,77,70,7,7
36142,114,113,1,1
36143,112,116,-4,4
36144,86,98,-12,12
36145,91,89,2,2
36146,136,131,5,5
36147,52,58,-6,6
36148,85,88,-3,3
36149,97,92,5,5
36150,151,141,10,10
36151,118,106,12,12
36152,156,135,21,21
36153,61,58,3,3
36154,107,109,-2,2
36155,173,178,-5,5
36156,86,89,-3,3
36157,74,84,-10,10
36158,90,82,8,8
36159,61,63,-2,2
36160,112,119,-7,7
36161,114,93,21,21
36162,86,90,-4,4
36163,115,121,-6,6
36164,128,133,-5,5
36165,62,68,-6,6
36166,81,92,-11,11
36167,102,103,-1,1
36168,104,108,-4,4
36169,70,79,-9,9
36170,85,83,2,2
36171,59,67,-8,8
36172,112,109,3,3
36173,141,149,-8,8
36174,103,113,-10,10
36175,89,88,1,1
36176,83,80,3,3
36177,54,57,-3,3
36178,70,72,-2,2
36179,75,77,-2,2
36180,124,113,11,11
36181,64,67,-3,3
36182,137,133,4,4
36183,112,133,-21,21
36184,60,84,-24,24
36185,103,112,-9,9
36186,76,75,1,1
36187,100,85,15,15
36188,68,73,-5,5
36189,72,80,-8,8
36190,52,55,-3,3
36191,91,104,-13,13
36192,57,59,-2,2
36193,71,59,12,12
36194,99,101,-2,2
36195,117,137,-20,20
36196,179,180,-1,1
36197,109,105,4,4
36198,33,46,-13,13
36199,101,102,-1,1
36200,105,101,4,4
36201,88,90,-2,2
36202,152,174,-22,22
36203,88,83,5,5
36204,140,132,8,8
36205,123,111,12,12
36206,129,128,1,1
36207,57,57,0,0
36208,53,50,3,3
36209,65,74,-9,9
36210,72,76,-4,4
36211,127,147,-20,20
36212,62,69,-7,7
36213,47,51,-4,4
36214,101,110,-9,9
36215,58,51,7,7
36216,90,97,-7,7
36217,71,67,4,4
36218,148,136,12,12
36219,131,128,3,3
36220,173,184,-11,11
36221,140,132,8,8
36222,88,91,-3,3
36223,105,115,-10,10
36224,129,125,4,4
36225,105,101,4,4
36226,113,129,-16,16
36227,83,93,-10,10
36228,58,56,2,2
36229,59,61,-2,2
36230,110,99,11,11
36231,106,112,-6,6
36232,95,97,-2,2
36233,101,89,12,12
36234,56,57,-1,1
36235,134,141,-7,7
36236,118,116,2,2
36237,114,107,7,7
36238,70,75,-5,5
36239,68,79,-11,11
36240,66,80,-14,14
36241,92,84,8,8
36242,113,112,1,1
36243,108,102,6,6
36244,91,98,-7,7
36245,146,151,-5,5
36246,114,115,-1,1
36247,103,106,-3,3
36248,108,140,-32,32
36249,60,64,-4,4
36250,62,57,5,5
36251,102,101,1,1
36252,110,123,-13,13
36253,194,180,14,14
36254,53,59,-6,6
36255,102,101,1,1
36256,175,153,22,22
36257,66,64,2,2
36258,108,104,4,4
36259,112,110,2,2
36260,154,147,7,7
36261,121,129,-8,8
36262,66,65,1,1
36263,84,83,1,1
36264,72,70,2,2
36265,97,88,9,9
36266,125,131,-6,6
36267,53,49,4,4
36268,56,62,-6,6
36269,139,149,-10,10
36270,76,79,-3,3
36271,98,94,4,4
36272,64,58,6,6
36273,102,105,-3,3
36274,63,79,-16,16
36275,125,128,-3,3
36276,133,115,18,18
36277,61,62,-1,1
36278,57,60,-3,3
36279,87,76,11,11
36280,65,70,-5,5
36281,45,49,-4,4
36282,105,106,-1,1
36283,123,131,-8,8
36284,96,84,12,12
36285,146,137,9,9
36286,65,73,-8,8
36287,93,80,13,13
36288,67,66,1,1
36289,112,91,21,21
36290,128,120,8,8
36291,78,79,-1,1
36292,73,72,1,1
36293,89,93,-4,4
36294,62,65,-3,3
36295,127,137,-10,10
36296,126,120,6,6
36297,80,80,0,0
36298,84,96,-12,12
36299,85,109,-24,24
36300,65,76,-11,11
36301,63,86,-23,23
36302,42,47,-5,5
36303,84,81,3,3
36304,73,75,-2,2
36305,50,55,-5,5
36306,107,136,-29,29
36307,108,106,2,2
36308,65,73,-8,8
36309,150,128,22,22
36310,101,98,3,3
36311,51,49,2,2
36312,74,69,5,5
36313,79,81,-2,2
36314,117,106,11,11
36315,71,80,-9,9
36316,70,84,-14,14
36317,75,74,1,1
36318,38,48,-10,10
36319,104,111,-7,7
36320,97,94,3,3
36321,117,119,-2,2
36322,78,74,4,4
36323,58,70,-12,12
36324,133,135,-2,2
36325,51,54,-3,3
36326,117,126,-9,9
36327,82,71,11,11
36328,155,144,11,11
36329,102,109,-7,7
36330,137,139,-2,2
36331,85,81,4,4
36332,132,140,-8,8
36333,35,39,-4,4
36334,72,66,6,6
36335,119,125,-6,6
36336,90,87,3,3
36337,69,70,-1,1
36338,76,87,-11,11
36339,85,96,-11,11
36340,114,108,6,6
36341,84,123,-39,39
36342,78,78,0,0
36343,55,60,-5,5
36344,102,111,-9,9
36345,163,149,14,14
36346,69,72,-3,3
36347,126,128,-2,2
36348,43,42,1,1
36349,61,61,0,0
36350,54,53,1,1
36351,109,103,6,6
36352,102,121,-19,19
36353,80,83,-3,3
36354,206,190,16,16
36355,51,51,0,0
36356,89,88,1,1
36357,72,79,-7,7
36358,127,126,1,1
36359,76,81,-5,5
36360,107,112,-5,5
36361,71,69,2,2
36362,66,60,6,6
36363,76,64,12,12
36364,184,177,7,7
36365,129,130,-1,1
36366,55,65,-10,10
36367,110,117,-7,7
36368,75,81,-6,6
36369,61,60,1,1
36370,136,129,7,7
36371,103,100,3,3
36372,115,123,-8,8
36373,55,58,-3,3
36374,113,106,7,7
36375,89,86,3,3
36376,121,111,10,10
36377,80,90,-10,10
36378,141,141,0,0
36379,150,174,-24,24
36380,90,82,8,8
36381,73,76,-3,3
36382,137,157,-20,20
36383,107,96,11,11
36384,86,88,-2,2
36385,112,112,0,0
36386,46,60,-14,14
36387,72,77,-5,5
36388,99,100,-1,1
36389,63,60,3,3
36390,126,110,16,16
36391,64,57,7,7
36392,90,102,-12,12
36393,59,65,-6,6
36394,66,52,14,14
36395,114,96,18,18
36396,102,105,-3,3
36397,77,77,0,0
36398,90,85,5,5
36399,68,67,1,1
36400,78,76,2,2
36401,71,68,3,3
36402,49,52,-3,3
36403,83,83,0,0
36404,112,133,-21,21
36405,102,105,-3,3
36406,134,111,23,23
36407,57,61,-4,4
36408,71,74,-3,3
36409,163,161,2,2
36410,130,133,-3,3
36411,123,146,-23,23
36412,117,117,0,0
36413,78,77,1,1
36414,39,48,-9,9
36415,49,48,1,1
36416,57,69,-12,12
36417,51,63,-12,12
36418,123,102,21,21
36419,92,97,-5,5
36420,93,100,-7,7
36421,77,79,-2,2
36422,197,157,40,40
36423,112,120,-8,8
36424,63,70,-7,7
36425,83,91,-8,8
36426,68,88,-20,20
36427,105,98,7,7
36428,62,67,-5,5
36429,71,67,4,4
36430,91,87,4,4
36431,85,78,7,7
36432,197,211,-14,14
36433,124,124,0,0
36434,119,119,0,0
36435,130,136,-6,6
36436,81,76,5,5
36437,92,98,-6,6
36438,71,76,-5,5
36439,67,69,-2,2
36440,99,91,8,8
36441,94,98,-4,4
36442,114,119,-5,5
36443,167,163,4,4
36444,120,113,7,7
36445,125,102,23,23
36446,70,68,2,2
36447,114,100,14,14
36448,95,92,3,3
36449,46,54,-8,8
36450,101,112,-11,11
36451,61,67,-6,6
36452,90,102,-12,12
36453,67,131,-64,64
36454,157,148,9,9
36455,79,87,-8,8
36456,105,106,-1,1
36457,112,102,10,10
36458,89,94,-5,5
36459,105,105,0,0
36460,124,110,14,14
36461,65,66,-1,1
36462,73,73,0,0
36463,66,69,-3,3
36464,61,69,-8,8
36465,125,137,-12,12
36466,122,140,-18,18
36467,76,73,3,3
36468,90,98,-8,8
36469,176,160,16,16
36470,62,72,-10,10
36471,139,140,-1,1
36472,43,43,0,0
36473,67,77,-10,10
36474,50,56,-6,6
36475,66,62,4,4
36476,59,66,-7,7
36477,81,85,-4,4
36478,83,75,8,8
36479,92,92,0,0
36480,76,84,-8,8
36481,62,59,3,3
36482,64,68,-4,4
36483,92,101,-9,9
36484,123,119,4,4
36485,84,78,6,6
36486,88,86,2,2
36487,58,60,-2,2
36488,87,86,1,1
36489,73,79,-6,6
36490,44,57,-13,13
36491,123,118,5,5
36492,76,71,5,5
36493,82,95,-13,13
36494,84,83,1,1
36495,69,67,2,2
36496,80,93,-13,13
36497,104,105,-1,1
36498,81,79,2,2
36499,79,85,-6,6
36500,90,111,-21,21
36501,105,98,7,7
36502,140,138,2,2
36503,85,90,-5,5
36504,96,94,2,2
36505,102,100,2,2
36506,81,76,5,5
36507,117,111,6,6
36508,68,66,2,2
36509,79,83,-4,4
36510,143,138,5,5
36511,66,62,4,4
36512,52,51,1,1
36513,109,102,7,7
36514,40,54,-14,14
36515,140,131,9,9
36516,115,112,3,3
36517,74,86,-12,12
36518,61,67,-6,6
36519,66,67,-1,1
36520,92,82,10,10
36521,48,69,-21,21
36522,116,115,1,1
36523,141,143,-2,2
36524,113,109,4,4
36525,89,79,10,10
36526,139,125,14,14
36527,134,144,-10,10
36528,152,150,2,2
36529,88,90,-2,2
36530,93,94,-1,1
36531,161,156,5,5
36532,90,98,-8,8
36533,68,63,5,5
36534,148,136,12,12
36535,82,87,-5,5
36536,96,84,12,12
36537,171,181,-10,10
36538,96,113,-17,17
36539,66,87,-21,21
36540,113,104,9,9
36541,78,86,-8,8
36542,82,83,-1,1
36543,61,64,-3,3
36544,82,83,-1,1
36545,99,111,-12,12
36546,225,180,45,45
36547,81,81,0,0
36548,62,68,-6,6
36549,66,70,-4,4
36550,44,79,-35,35
36551,74,90,-16,16
36552,83,77,6,6
36553,109,103,6,6
36554,51,59,-8,8
36555,121,119,2,2
36556,83,73,10,10
36557,81,88,-7,7
36558,53,47,6,6
36559,73,86,-13,13
36560,109,95,14,14
36561,151,154,-3,3
36562,115,125,-10,10
36563,122,115,7,7
36564,116,119,-3,3
36565,107,97,10,10
36566,109,101,8,8
36567,72,78,-6,6
36568,43,79,-36,36
36569,78,76,2,2
36570,127,122,5,5
36571,50,55,-5,5
36572,96,88,8,8
36573,53,53,0,0
36574,37,59,-22,22
36575,94,88,6,6
36576,56,62,-6,6
36577,27,40,-13,13
36578,38,62,-24,24
36579,109,117,-8,8
36580,109,114,-5,5
36581,70,79,-9,9
36582,60,64,-4,4
36583,82,93,-11,11
36584,67,78,-11,11
36585,67,68,-1,1
36586,78,66,12,12
36587,62,70,-8,8
36588,49,55,-6,6
36589,109,100,9,9
36590,88,93,-5,5
36591,81,94,-13,13
36592,82,93,-11,11
36593,90,90,0,0
36594,79,82,-3,3
36595,97,98,-1,1
36596,75,81,-6,6
36597,104,101,3,3
36598,84,91,-7,7
36599,146,143,3,3
36600,62,66,-4,4
36601,104,113,-9,9
36602,106,94,12,12
36603,92,91,1,1
36604,92,91,1,1
36605,92,96,-4,4
36606,71,87,-16,16
36607,91,93,-2,2
36608,87,89,-2,2
36609,79,102,-23,23
36610,86,102,-16,16
36611,128,122,6,6
36612,186,186,0,0
36613,138,133,5,5
36614,89,84,5,5
36615,168,157,11,11
36616,46,47,-1,1
36617,93,86,7,7
36618,72,72,0,0
36619,110,108,2,2
36620,99,88,11,11
36621,51,54,-3,3
36622,93,96,-3,3
36623,99,100,-1,1
36624,126,129,-3,3
36625,64,79,-15,15
36626,209,213,-4,4
36627,102,110,-8,8
36628,98,99,-1,1
36629,79,72,7,7
36630,85,84,1,1
36631,64,60,4,4
36632,83,78,5,5
36633,121,102,19,19
36634,111,105,6,6
36635,72,72,0,0
36636,97,93,4,4
36637,96,87,9,9
36638,64,71,-7,7
36639,128,117,11,11
36640,34,35,-1,1
36641,124,89,35,35
36642,84,81,3,3
36643,132,128,4,4
36644,55,58,-3,3
36645,118,116,2,2
36646,47,55,-8,8
36647,74,66,8,8
36648,75,76,-1,1
36649,93,105,-12,12
36650,171,152,19,19
36651,81,85,-4,4
36652,62,68,-6,6
36653,81,82,-1,1
36654,83,82,1,1
36655,65,59,6,6
36656,61,63,-2,2
36657,83,89,-6,6
36658,102,104,-2,2
36659,78,67,11,11
36660,85,84,1,1
36661,122,118,4,4
36662,60,65,-5,5
36663,151,155,-4,4
36664,72,79,-7,7
36665,93,92,1,1
36666,99,100,-1,1
36667,95,101,-6,6
36668,105,104,1,1
36669,83,72,11,11
36670,128,141,-13,13
36671,76,113,-37,37
36672,114,112,2,2
36673,125,132,-7,7
36674,88,85,3,3
36675,117,126,-9,9
36676,54,58,-4,4
36677,102,101,1,1
36678,60,56,4,4
36679,47,81,-34,34
36680,76,79,-3,3
36681,53,51,2,2
36682,83,88,-5,5
36683,148,165,-17,17
36684,101,100,1,1
36685,126,125,1,1
36686,124,193,-69,69
36687,114,118,-4,4
36688,74,81,-7,7
36689,83,95,-12,12
36690,109,102,7,7
36691,89,99,-10,10
36692,76,83,-7,7
36693,53,61,-8,8
36694,78,80,-2,2
36695,60,69,-9,9
36696,136,129,7,7
36697,42,56,-14,14
36698,126,120,6,6
36699,99,118,-19,19
36700,96,104,-8,8
36701,45,42,3,3
36702,77,68,9,9
36703,167,152,15,15
36704,102,142,-40,40
36705,92,100,-8,8
36706,61,61,0,0
36707,138,130,8,8
36708,117,134,-17,17
36709,127,124,3,3
36710,92,81,11,11
36711,83,87,-4,4
36712,69,70,-1,1
36713,189,183,6,6
36714,89,81,8,8
36715,154,159,-5,5
36716,78,95,-17,17
36717,92,93,-1,1
36718,151,162,-11,11
36719,138,151,-13,13
36720,73,72,1,1
36721,152,160,-8,8
36722,122,127,-5,5
36723,71,65,6,6
36724,118,117,1,1
36725,93,86,7,7
36726,104,108,-4,4
36727,85,82,3,3
36728,91,86,5,5
36729,50,54,-4,4
36730,102,94,8,8
36731,120,126,-6,6
36732,111,111,0,0
36733,71,75,-4,4
36734,57,50,7,7
36735,161,122,39,39
36736,53,46,7,7
36737,122,140,-18,18
36738,125,129,-4,4
36739,83,79,4,4
36740,74,83,-9,9
36741,78,77,1,1
36742,51,56,-5,5
36743,167,149,18,18
36744,78,79,-1,1
36745,207,203,4,4
36746,120,119,1,1
36747,142,158,-16,16
36748,71,84,-13,13
36749,144,129,15,15
36750,55,56,-1,1
36751,75,68,7,7
36752,113,124,-11,11
36753,100,104,-4,4
36754,56,59,-3,3
36755,137,127,10,10
36756,92,96,-4,4
36757,142,140,2,2
36758,114,111,3,3
36759,47,55,-8,8
36760,61,59,2,2
36761,130,120,10,10
36762,68,73,-5,5
36763,72,87,-15,15
36764,39,42,-3,3
36765,116,125,-9,9
36766,135,129,6,6
36767,121,124,-3,3
36768,126,126,0,0
36769,115,136,-21,21
36770,92,91,1,1
36771,137,129,8,8
36772,67,69,-2,2
36773,58,52,6,6
36774,74,80,-6,6
36775,66,47,19,19
36776,70,70,0,0
36777,89,114,-25,25
36778,85,98,-13,13
36779,77,73,4,4
36780,54,62,-8,8
36781,103,108,-5,5
36782,45,49,-4,4
36783,35,75,-40,40
36784,84,113,-29,29
36785,61,71,-10,10
36786,114,109,5,5
36787,47,54,-7,7
36788,86,89,-3,3
36789,92,99,-7,7
36790,61,54,7,7
36791,96,101,-5,5
36792,48,51,-3,3
36793,115,128,-13,13
36794,209,192,17,17
36795,89,95,-6,6
36796,63,58,5,5
36797,68,70,-2,2
36798,88,104,-16,16
36799,63,79,-16,16
36800,121,135,-14,14
36801,146,174,-28,28
36802,64,60,4,4
36803,75,83,-8,8
36804,118,121,-3,3
36805,121,125,-4,4
36806,87,84,3,3
36807,80,80,0,0
36808,80,85,-5,5
36809,107,103,4,4
36810,137,131,6,6
36811,96,89,7,7
36812,74,71,3,3
36813,90,91,-1,1
36814,70,70,0,0
36815,45,54,-9,9
36816,63,53,10,10
36817,122,118,4,4
36818,80,75,5,5
36819,91,94,-3,3
36820,241,235,6,6
36821,49,53,-4,4
36822,115,129,-14,14
36823,136,81,55,55
36824,87,78,9,9
36825,90,111,-21,21
36826,86,75,11,11
36827,126,128,-2,2
36828,63,79,-16,16
36829,68,75,-7,7
36830,83,71,12,12
36831,101,99,2,2
36832,82,114,-32,32
36833,105,112,-7,7
36834,141,150,-9,9
36835,67,70,-3,3
36836,29,48,-19,19
36837,96,106,-10,10
36838,69,66,3,3
36839,62,66,-4,4
36840,68,74,-6,6
36841,96,87,9,9
36842,122,132,-10,10
36843,109,121,-12,12
36844,83,83,0,0
36845,127,121,6,6
36846,115,135,-20,20
36847,95,92,3,3
36848,64,66,-2,2
36849,80,84,-4,4
36850,285,309,-24,24
36851,88,92,-4,4
36852,154,107,47,47
36853,163,157,6,6
36854,68,120,-52,52
36855,72,81,-9,9
36856,184,192,-8,8
36857,87,89,-2,2
36858,58,60,-2,2
36859,110,119,-9,9
36860,62,69,-7,7
36861,53,56,-3,3
36862,158,165,-7,7
36863,87,109,-22,22
36864,70,80,-10,10
36865,72,71,1,1
36866,141,133,8,8
36867,94,91,3,3
36868,48,54,-6,6
36869,56,56,0,0
36870,169,158,11,11
36871,81,110,-29,29
36872,71,77,-6,6
36873,97,84,13,13
36874,73,80,-7,7
36875,90,95,-5,5
36876,122,119,3,3
36877,68,57,11,11
36878,128,121,7,7
36879,68,69,-1,1
36880,128,128,0,0
36881,80,74,6,6
36882,76,67,9,9
36883,131,145,-14,14
36884,96,86,10,10
36885,118,133,-15,15
36886,112,98,14,14
36887,174,171,3,3
36888,44,41,3,3
36889,92,100,-8,8
36890,66,67,-1,1
36891,90,103,-13,13
36892,144,146,-2,2
36893,110,111,-1,1
36894,164,141,23,23
36895,85,79,6,6
36896,87,97,-10,10
36897,126,143,-17,17
36898,70,71,-1,1
36899,111,105,6,6
36900,56,59,-3,3
36901,50,53,-3,3
36902,93,95,-2,2
36903,66,75,-9,9
36904,77,77,0,0
36905,59,60,-1,1
36906,95,101,-6,6
36907,79,79,0,0
36908,84,87,-3,3
36909,81,82,-1,1
36910,118,108,10,10
36911,62,60,2,2
36912,113,120,-7,7
36913,89,82,7,7
36914,109,111,-2,2
36915,157,155,2,2
36916,144,171,-27,27
36917,113,109,4,4
36918,136,125,11,11
36919,55,58,-3,3
36920,100,130,-30,30
36921,127,115,12,12
36922,137,143,-6,6
36923,77,76,1,1
36924,75,74,1,1
36925,96,106,-10,10
36926,183,181,2,2
36927,100,99,1,1
36928,66,67,-1,1
36929,87,93,-6,6
36930,76,78,-2,2
36931,79,106,-27,27
36932,84,86,-2,2
36933,101,93,8,8
36934,110,113,-3,3
36935,97,97,0,0
36936,55,59,-4,4
36937,94,89,5,5
36938,65,66,-1,1
36939,78,76,2,2
36940,69,78,-9,9
36941,171,178,-7,7
36942,78,76,2,2
36943,58,61,-3,3
36944,79,81,-2,2
36945,90,85,5,5
36946,43,52,-9,9
36947,80,104,-24,24
36948,121,130,-9,9
36949,186,176,10,10
36950,87,92,-5,5
36951,25,33,-8,8
36952,77,88,-11,11
36953,111,111,0,0
36954,60,60,0,0
36955,70,72,-2,2
36956,145,141,4,4
36957,83,83,0,0
36958,87,79,8,8
36959,79,79,0,0
36960,110,103,7,7
36961,70,63,7,7
36962,157,154,3,3
36963,95,97,-2,2
36964,62,72,-10,10
36965,83,83,0,0
36966,64,61,3,3
36967,240,242,-2,2
36968,77,87,-10,10
36969,171,157,14,14
36970,111,112,-1,1
36971,98,92,6,6
36972,60,62,-2,2
36973,94,96,-2,2
36974,117,120,-3,3
36975,113,118,-5,5
36976,149,164,-15,15
36977,84,84,0,0
36978,50,56,-6,6
36979,109,124,-15,15
36980,77,95,-18,18
36981,125,125,0,0
36982,74,90,-16,16
36983,80,81,-1,1
36984,70,75,-5,5
36985,79,78,1,1
36986,125,118,7,7
36987,102,92,10,10
36988,72,72,0,0
36989,99,103,-4,4
36990,73,83,-10,10
36991,104,93,11,11
36992,99,98,1,1
36993,97,89,8,8
36994,135,138,-3,3
36995,80,96,-16,16
36996,146,155,-9,9
36997,59,69,-10,10
36998,95,101,-6,6
36999,159,143,16,16
37000,73,69,4,4
37001,94,93,1,1
37002,159,135,24,24
37003,178,143,35,35
37004,58,57,1,1
37005,88,85,3,3
37006,88,92,-4,4
37007,81,87,-6,6
37008,79,76,3,3
37009,54,57,-3,3
37010,88,87,1,1
37011,75,71,4,4
37012,101,89,12,12
37013,89,83,6,6
37014,51,61,-10,10
37015,121,124,-3,3
37016,110,107,3,3
37017,99,90,9,9
37018,63,70,-7,7
37019,113,118,-5,5
37020,137,146,-9,9
37021,114,128,-14,14
37022,87,88,-1,1
37023,176,153,23,23
37024,136,139,-3,3
37025,104,107,-3,3
37026,131,132,-1,1
37027,100,115,-15,15
37028,110,127,-17,17
37029,54,52,2,2
37030,99,101,-2,2
37031,55,55,0,0
37032,141,135,6,6
37033,142,143,-1,1
37034,125,116,9,9
37035,114,127,-13,13
37036,121,124,-3,3
37037,138,132,6,6
37038,66,76,-10,10
37039,108,107,1,1
37040,137,136,1,1
37041,57,60,-3,3
37042,97,95,2,2
37043,114,103,11,11
37044,124,148,-24,24
37045,66,74,-8,8
37046,51,50,1,1
37047,162,152,10,10
37048,161,153,8,8
37049,116,111,5,5
37050,111,109,2,2
37051,143,151,-8,8
37052,41,50,-9,9
37053,97,90,7,7
37054,49,48,1,1
37055,156,153,3,3
37056,48,51,-3,3
37057,82,79,3,3
37058,58,53,5,5
37059,81,79,2,2
37060,81,83,-2,2
37061,68,62,6,6
37062,120,128,-8,8
37063,28,36,-8,8
37064,84,104,-20,20
37065,96,101,-5,5
37066,79,80,-1,1
37067,446,452,-6,6
37068,132,138,-6,6
37069,131,126,5,5
37070,60,69,-9,9
37071,78,76,2,2
37072,113,113,0,0
37073,67,66,1,1
37074,83,84,-1,1
37075,77,71,6,6
37076,82,81,1,1
37077,60,62,-2,2
37078,112,105,7,7
37079,124,121,3,3
37080,150,137,13,13
37081,87,86,1,1
37082,129,124,5,5
37083,151,153,-2,2
37084,36,45,-9,9
37085,100,100,0,0
37086,57,102,-45,45
37087,108,117,-9,9
37088,78,86,-8,8
37089,72,69,3,3
37090,69,82,-13,13
37091,108,120,-12,12
37092,87,86,1,1
37093,51,64,-13,13
37094,48,47,1,1
37095,98,115,-17,17
37096,31,81,-50,50
37097,140,125,15,15
37098,74,77,-3,3
37099,95,100,-5,5
37100,87,82,5,5
37101,120,121,-1,1
37102,83,77,6,6
37103,81,99,-18,18
37104,75,79,-4,4
37105,87,89,-2,2
37106,145,149,-4,4
37107,98,93,5,5
37108,52,56,-4,4
37109,83,84,-1,1
37110,55,71,-16,16
37111,110,117,-7,7
37112,125,137,-12,12
37113,87,79,8,8
37114,101,104,-3,3
37115,81,75,6,6
37116,143,143,0,0
37117,218,198,20,20
37118,79,73,6,6
37119,97,88,9,9
37120,58,66,-8,8
37121,116,130,-14,14
37122,76,68,8,8
37123,94,97,-3,3
37124,79,93,-14,14
37125,60,60,0,0
37126,103,108,-5,5
37127,51,51,0,0
37128,113,110,3,3
37129,83,101,-18,18
37130,121,122,-1,1
37131,87,77,10,10
37132,152,152,0,0
37133,97,88,9,9
37134,169,180,-11,11
37135,73,93,-20,20
37136,141,153,-12,12
37137,88,76,12,12
37138,75,168,-93,93
37139,78,79,-1,1
37140,114,108,6,6
37141,95,83,12,12
37142,100,101,-1,1
37143,94,94,0,0
37144,62,75,-13,13
37145,75,87,-12,12
37146,91,96,-5,5
37147,155,147,8,8
37148,82,76,6,6
37149,120,127,-7,7
37150,154,145,9,9
37151,45,55,-10,10
37152,69,76,-7,7
37153,70,78,-8,8
37154,129,128,1,1
37155,83,81,2,2
37156,102,96,6,6
37157,34,36,-2,2
37158,84,80,4,4
37159,93,91,2,2
37160,173,163,10,10
37161,81,90,-9,9
37162,112,126,-14,14
37163,141,145,-4,4
37164,117,114,3,3
37165,87,96,-9,9
37166,89,105,-16,16
37167,138,156,-18,18
37168,77,86,-9,9
37169,71,72,-1,1
37170,108,110,-2,2
37171,84,81,3,3
37172,90,106,-16,16
37173,156,152,4,4
37174,90,100,-10,10
37175,91,97,-6,6
37176,64,63,1,1
37177,66,69,-3,3
37178,59,57,2,2
37179,124,113,11,11
37180,49,43,6,6
37181,108,113,-5,5
37182,83,87,-4,4
37183,115,106,9,9
37184,59,62,-3,3
37185,51,71,-20,20
37186,90,88,2,2
37187,77,90,-13,13
37188,59,54,5,5
37189,100,99,1,1
37190,138,133,5,5
37191,237,241,-4,4
37192,71,77,-6,6
37193,51,55,-4,4
37194,160,176,-16,16
37195,162,104,58,58
37196,121,126,-5,5
37197,122,116,6,6
37198,64,66,-2,2
37199,78,78,0,0
37200,107,140,-33,33
37201,102,106,-4,4
37202,74,85,-11,11
37203,90,98,-8,8
37204,65,59,6,6
37205,85,91,-6,6
37206,88,93,-5,5
37207,95,93,2,2
37208,92,92,0,0
37209,148,136,12,12
37210,89,95,-6,6
37211,63,67,-4,4
37212,98,91,7,7
37213,74,58,16,16
37214,69,72,-3,3
37215,58,64,-6,6
37216,148,146,2,2
37217,75,80,-5,5
37218,128,136,-8,8
37219,63,84,-21,21
37220,113,83,30,30
37221,88,99,-11,11
37222,68,73,-5,5
37223,98,103,-5,5
37224,79,88,-9,9
37225,69,73,-4,4
37226,284,283,1,1
37227,76,79,-3,3
37228,98,104,-6,6
37229,73,74,-1,1
37230,135,140,-5,5
37231,71,65,6,6
37232,85,82,3,3
37233,58,62,-4,4
37234,110,112,-2,2
37235,63,69,-6,6
37236,91,100,-9,9
37237,72,75,-3,3
37238,111,142,-31,31
37239,75,76,-1,1
37240,127,127,0,0
37241,157,142,15,15
37242,136,142,-6,6
37243,66,65,1,1
37244,53,62,-9,9
37245,76,82,-6,6
37246,76,78,-2,2
37247,123,136,-13,13
37248,90,75,15,15
37249,62,59,3,3
37250,93,113,-20,20
37251,150,137,13,13
37252,114,118,-4,4
37253,99,87,12,12
37254,85,83,2,2
37255,68,63,5,5
37256,54,63,-9,9
37257,64,69,-5,5
37258,126,135,-9,9
37259,52,57,-5,5
37260,119,122,-3,3
37261,112,114,-2,2
37262,257,231,26,26
37263,75,75,0,0
37264,58,54,4,4
37265,87,84,3,3
37266,50,51,-1,1
37267,79,76,3,3
37268,142,134,8,8
37269,122,132,-10,10
37270,69,71,-2,2
37271,82,77,5,5
37272,83,90,-7,7
37273,87,83,4,4
37274,132,139,-7,7
37275,110,129,-19,19
37276,98,86,12,12
37277,93,90,3,3
37278,112,120,-8,8
37279,101,93,8,8
37280,97,101,-4,4
37281,111,124,-13,13
37282,53,58,-5,5
37283,78,87,-9,9
37284,104,104,0,0
37285,86,86,0,0
37286,109,107,2,2
37287,136,129,7,7
37288,113,140,-27,27
37289,53,62,-9,9
37290,85,83,2,2
37291,142,133,9,9
37292,141,131,10,10
37293,87,88,-1,1
37294,79,76,3,3
37295,171,170,1,1
37296,104,115,-11,11
37297,91,129,-38,38
37298,70,67,3,3
37299,93,97,-4,4
37300,115,118,-3,3
37301,49,52,-3,3
37302,115,105,10,10
37303,85,83,2,2
37304,96,100,-4,4
37305,112,114,-2,2
37306,133,139,-6,6
37307,114,117,-3,3
37308,78,101,-23,23
37309,158,156,2,2
37310,73,69,4,4
37311,44,49,-5,5
37312,160,160,0,0
37313,114,123,-9,9
37314,163,124,39,39
37315,113,114,-1,1
37316,92,95,-3,3
37317,35,26,9,9
37318,135,132,3,3
37319,113,112,1,1
37320,105,88,17,17
37321,79,69,10,10
37322,130,116,14,14
37323,129,134,-5,5
37324,81,86,-5,5
37325,71,79,-8,8
37326,233,212,21,21
37327,79,87,-8,8
37328,88,89,-1,1
37329,121,125,-4,4
37330,132,125,7,7
37331,179,176,3,3
37332,199,201,-2,2
37333,133,133,0,0
37334,127,126,1,1
37335,71,74,-3,3
37336,59,63,-4,4
37337,92,96,-4,4
37338,98,99,-1,1
37339,93,83,10,10
37340,103,82,21,21
37341,114,132,-18,18
37342,80,77,3,3
37343,84,74,10,10
37344,95,87,8,8
37345,141,139,2,2
37346,184,183,1,1
37347,138,123,15,15
37348,59,63,-4,4
37349,172,169,3,3
37350,146,143,3,3
37351,72,79,-7,7
37352,139,148,-9,9
37353,108,107,1,1
37354,91,103,-12,12
37355,38,38,0,0
37356,44,66,-22,22
37357,86,88,-2,2
37358,68,77,-9,9
37359,68,63,5,5
37360,100,108,-8,8
37361,135,129,6,6
37362,30,51,-21,21
37363,149,144,5,5
37364,93,90,3,3
37365,132,143,-11,11
37366,61,58,3,3
37367,104,105,-1,1
37368,119,122,-3,3
37369,61,66,-5,5
37370,79,78,1,1
37371,48,49,-1,1
37372,80,68,12,12
37373,145,173,-28,28
37374,65,70,-5,5
37375,68,76,-8,8
37376,68,69,-1,1
37377,78,87,-9,9
37378,65,74,-9,9
37379,98,104,-6,6
37380,102,112,-10,10
37381,115,106,9,9
37382,71,68,3,3
37383,63,72,-9,9
37384,64,77,-13,13
37385,97,86,11,11
37386,102,93,9,9
37387,101,107,-6,6
37388,34,36,-2,2
37389,70,72,-2,2
37390,53,56,-3,3
37391,92,94,-2,2
37392,83,90,-7,7
37393,101,109,-8,8
37394,76,71,5,5
37395,76,80,-4,4
37396,111,104,7,7
37397,49,57,-8,8
37398,55,66,-11,11
37399,115,116,-1,1
37400,126,132,-6,6
37401,121,108,13,13
37402,145,140,5,5
37403,60,71,-11,11
37404,73,67,6,6
37405,63,71,-8,8
37406,71,72,-1,1
37407,81,90,-9,9
37408,98,101,-3,3
37409,138,139,-1,1
37410,69,76,-7,7
37411,172,195,-23,23
37412,57,69,-12,12
37413,119,116,3,3
37414,65,76,-11,11
37415,54,55,-1,1
37416,86,91,-5,5
37417,116,120,-4,4
37418,145,140,5,5
37419,102,110,-8,8
37420,108,112,-4,4
37421,63,64,-1,1
37422,125,124,1,1
37423,90,96,-6,6
37424,139,145,-6,6
37425,94,91,3,3
37426,86,90,-4,4
37427,44,77,-33,33
37428,89,101,-12,12
37429,82,86,-4,4
37430,114,102,12,12
37431,60,55,5,5
37432,103,105,-2,2
37433,58,74,-16,16
37434,108,116,-8,8
37435,140,150,-10,10
37436,160,152,8,8
37437,54,60,-6,6
37438,106,94,12,12
37439,140,146,-6,6
37440,101,96,5,5
37441,120,127,-7,7
37442,118,115,3,3
37443,116,111,5,5
37444,108,113,-5,5
37445,205,223,-18,18
37446,192,200,-8,8
37447,97,99,-2,2
37448,59,60,-1,1
37449,60,70,-10,10
37450,51,56,-5,5
37451,48,42,6,6
37452,118,121,-3,3
37453,209,205,4,4
37454,64,67,-3,3
37455,76,80,-4,4
37456,130,133,-3,3
37457,83,80,3,3
37458,69,77,-8,8
37459,66,60,6,6
37460,81,91,-10,10
37461,116,143,-27,27
37462,91,96,-5,5
37463,178,188,-10,10
37464,148,173,-25,25
37465,160,175,-15,15
37466,116,138,-22,22
37467,87,104,-17,17
37468,93,104,-11,11
37469,71,72,-1,1
37470,121,120,1,1
37471,85,75,10,10
37472,75,88,-13,13
37473,101,103,-2,2
37474,72,80,-8,8
37475,60,72,-12,12
37476,102,97,5,5
37477,111,110,1,1
37478,81,91,-10,10
37479,75,95,-20,20
37480,107,114,-7,7
37481,75,78,-3,3
37482,67,77,-10,10
37483,126,118,8,8
37484,106,108,-2,2
37485,126,135,-9,9
37486,104,112,-8,8
37487,65,72,-7,7
37488,92,98,-6,6
37489,78,70,8,8
37490,127,124,3,3
37491,88,87,1,1
37492,35,47,-12,12
37493,87,92,-5,5
37494,53,67,-14,14
37495,108,112,-4,4
37496,89,98,-9,9
37497,79,88,-9,9
37498,79,97,-18,18
37499,138,131,7,7
37500,92,86,6,6
37501,84,87,-3,3
37502,65,65,0,0
37503,74,79,-5,5
37504,147,151,-4,4
37505,96,101,-5,5
37506,124,119,5,5
37507,84,87,-3,3
37508,118,114,4,4
37509,80,78,2,2
37510,89,99,-10,10
37511,154,164,-10,10
37512,96,105,-9,9
37513,73,85,-12,12
37514,218,203,15,15
37515,108,119,-11,11
37516,156,151,5,5
37517,56,61,-5,5
37518,105,109,-4,4
37519,103,129,-26,26
37520,98,103,-5,5
37521,161,161,0,0
37522,150,129,21,21
37523,50,55,-5,5
37524,99,96,3,3
37525,62,64,-2,2
37526,102,101,1,1
37527,86,83,3,3
37528,81,79,2,2
37529,51,61,-10,10
37530,100,96,4,4
37531,74,74,0,0
37532,65,55,10,10
37533,95,103,-8,8
37534,99,98,1,1
37535,84,89,-5,5
37536,114,91,23,23
37537,99,98,1,1
37538,58,55,3,3
37539,49,62,-13,13
37540,119,110,9,9
37541,83,89,-6,6
37542,96,105,-9,9
37543,70,76,-6,6
37544,108,110,-2,2
37545,128,112,16,16
37546,75,70,5,5
37547,72,80,-8,8
37548,88,77,11,11
37549,71,72,-1,1
37550,103,94,9,9
37551,109,105,4,4
37552,77,81,-4,4
37553,74,72,2,2
37554,105,96,9,9
37555,56,48,8,8
37556,95,98,-3,3
37557,152,143,9,9
37558,62,59,3,3
37559,128,121,7,7
37560,108,92,16,16
37561,58,63,-5,5
37562,144,140,4,4
37563,109,100,9,9
37564,66,64,2,2
37565,114,117,-3,3
37566,150,136,14,14
37567,98,95,3,3
37568,151,148,3,3
37569,73,68,5,5
37570,84,82,2,2
37571,126,130,-4,4
37572,50,55,-5,5
37573,101,120,-19,19
37574,56,64,-8,8
37575,95,101,-6,6
37576,65,67,-2,2
37577,141,129,12,12
37578,94,83,11,11
37579,67,75,-8,8
37580,55,56,-1,1
37581,65,66,-1,1
37582,52,62,-10,10
37583,95,96,-1,1
37584,158,159,-1,1
37585,106,36,70,70
37586,101,99,2,2
37587,96,91,5,5
37588,132,143,-11,11
37589,91,95,-4,4
37590,80,77,3,3
37591,209,204,5,5
37592,71,78,-7,7
37593,94,99,-5,5
37594,93,91,2,2
37595,103,108,-5,5
37596,69,81,-12,12
37597,190,199,-9,9
37598,92,99,-7,7
37599,105,99,6,6
37600,69,72,-3,3
37601,54,73,-19,19
37602,59,61,-2,2
37603,82,94,-12,12
37604,84,84,0,0
37605,30,57,-27,27
37606,150,145,5,5
37607,65,61,4,4
37608,88,78,10,10
37609,80,77,3,3
37610,174,168,6,6
37611,134,157,-23,23
37612,82,79,3,3
37613,77,70,7,7
37614,65,69,-4,4
37615,49,51,-2,2
37616,95,109,-14,14
37617,67,72,-5,5
37618,69,68,1,1
37619,125,136,-11,11
37620,124,133,-9,9
37621,81,83,-2,2
37622,93,94,-1,1
37623,148,131,17,17
37624,158,150,8,8
37625,107,110,-3,3
37626,138,130,8,8
37627,106,106,0,0
37628,102,110,-8,8
37629,151,149,2,2
37630,103,112,-9,9
37631,77,78,-1,1
37632,139,142,-3,3
37633,122,124,-2,2
37634,86,78,8,8
37635,85,85,0,0
37636,76,76,0,0
37637,115,109,6,6
37638,137,128,9,9
37639,113,105,8,8
37640,155,141,14,14
37641,66,80,-14,14
37642,75,71,4,4
37643,120,125,-5,5
37644,116,103,13,13
37645,152,158,-6,6
37646,56,58,-2,2
37647,205,188,17,17
37648,96,103,-7,7
37649,101,100,1,1
37650,100,104,-4,4
37651,94,90,4,4
37652,130,128,2,2
37653,61,75,-14,14
37654,123,121,2,2
37655,111,121,-10,10
37656,136,142,-6,6
37657,166,158,8,8
37658,85,95,-10,10
37659,99,104,-5,5
37660,58,64,-6,6
37661,98,97,1,1
37662,88,74,14,14
37663,164,142,22,22
37664,67,65,2,2
37665,112,101,11,11
37666,105,107,-2,2
37667,151,141,10,10
37668,80,85,-5,5
37669,121,130,-9,9
37670,179,159,20,20
37671,151,148,3,3
37672,116,120,-4,4
37673,93,90,3,3
37674,96,94,2,2
37675,112,118,-6,6
37676,45,56,-11,11
37677,100,103,-3,3
37678,71,86,-15,15
37679,72,71,1,1
37680,124,122,2,2
37681,54,52,2,2
37682,135,126,9,9
37683,125,120,5,5
37684,125,105,20,20
37685,104,118,-14,14
37686,76,74,2,2
37687,106,110,-4,4
37688,76,73,3,3
37689,87,89,-2,2
37690,146,144,2,2
37691,91,85,6,6
37692,72,92,-20,20
37693,149,151,-2,2
37694,82,81,1,1
37695,157,125,32,32
37696,138,133,5,5
37697,122,124,-2,2
37698,105,113,-8,8
37699,88,87,1,1
37700,157,180,-23,23
37701,108,93,15,15
37702,94,90,4,4
37703,102,116,-14,14
37704,51,66,-15,15
37705,84,90,-6,6
37706,67,92,-25,25
37707,128,129,-1,1
37708,130,138,-8,8
37709,165,162,3,3
37710,100,117,-17,17
37711,121,134,-13,13
37712,74,74,0,0
37713,58,59,-1,1
37714,88,98,-10,10
37715,105,115,-10,10
37716,116,119,-3,3
37717,103,100,3,3
37718,101,101,0,0
37719,108,122,-14,14
37720,75,92,-17,17
37721,106,114,-8,8
37722,69,70,-1,1
37723,87,93,-6,6
37724,68,78,-10,10
37725,51,56,-5,5
37726,61,66,-5,5
37727,110,110,0,0
37728,104,110,-6,6
37729,70,70,0,0
37730,47,54,-7,7
37731,69,85,-16,16
37732,48,61,-13,13
37733,92,90,2,2
37734,116,118,-2,2
37735,94,104,-10,10
37736,79,81,-2,2
37737,116,143,-27,27
37738,133,141,-8,8
37739,70,75,-5,5
37740,153,151,2,2
37741,41,88,-47,47
37742,73,77,-4,4
37743,109,102,7,7
37744,145,129,16,16
37745,106,117,-11,11
37746,89,80,9,9
37747,69,78,-9,9
37748,73,88,-15,15
37749,61,68,-7,7
37750,127,120,7,7
37751,104,107,-3,3
37752,103,103,0,0
37753,107,100,7,7
37754,116,116,0,0
37755,66,73,-7,7
37756,130,131,-1,1
37757,102,94,8,8
37758,102,105,-3,3
37759,72,79,-7,7
37760,98,91,7,7
37761,55,54,1,1
37762,90,106,-16,16
37763,116,114,2,2
37764,64,72,-8,8
37765,113,106,7,7
37766,75,84,-9,9
37767,75,84,-9,9
37768,119,129,-10,10
37769,81,87,-6,6
37770,74,70,4,4
37771,156,158,-2,2
37772,93,80,13,13
37773,84,91,-7,7
37774,118,146,-28,28
37775,70,70,0,0
37776,197,205,-8,8
37777,57,53,4,4
37778,41,77,-36,36
37779,110,125,-15,15
37780,94,91,3,3
37781,121,111,10,10
37782,77,81,-4,4
37783,104,94,10,10
37784,98,100,-2,2
37785,101,100,1,1
37786,65,78,-13,13
37787,140,133,7,7
37788,113,106,7,7
37789,103,97,6,6
37790,84,76,8,8
37791,75,65,10,10
37792,136,122,14,14
37793,123,129,-6,6
37794,117,129,-12,12
37795,107,100,7,7
37796,64,60,4,4
37797,61,72,-11,11
37798,216,198,18,18
37799,94,101,-7,7
37800,96,96,0,0
37801,83,109,-26,26
37802,42,59,-17,17
37803,93,100,-7,7
37804,61,68,-7,7
37805,101,85,16,16
37806,118,123,-5,5
37807,100,88,12,12
37808,107,117,-10,10
37809,98,106,-8,8
37810,64,59,5,5
37811,215,225,-10,10
37812,127,126,1,1
37813,91,89,2,2
37814,113,136,-23,23
37815,82,83,-1,1
37816,120,126,-6,6
37817,72,71,1,1
37818,77,94,-17,17
37819,79,90,-11,11
37820,67,75,-8,8
37821,89,92,-3,3
37822,54,59,-5,5
37823,97,101,-4,4
37824,82,75,7,7
37825,91,102,-11,11
37826,83,77,6,6
37827,54,81,-27,27
37828,116,128,-12,12
37829,80,92,-12,12
37830,75,77,-2,2
37831,187,200,-13,13
37832,78,94,-16,16
37833,95,102,-7,7
37834,87,89,-2,2
37835,74,84,-10,10
37836,67,68,-1,1
37837,66,65,1,1
37838,78,74,4,4
37839,107,110,-3,3
37840,59,51,8,8
37841,92,99,-7,7
37842,41,58,-17,17
37843,130,126,4,4
37844,100,112,-12,12
37845,88,86,2,2
37846,67,62,5,5
37847,100,92,8,8
37848,99,105,-6,6
37849,69,78,-9,9
37850,115,121,-6,6
37851,116,121,-5,5
37852,49,54,-5,5
37853,91,96,-5,5
37854,67,72,-5,5
37855,105,97,8,8
37856,137,140,-3,3
37857,72,90,-18,18
37858,61,64,-3,3
37859,86,84,2,2
37860,91,102,-11,11
37861,85,86,-1,1
37862,83,64,19,19
37863,68,61,7,7
37864,103,101,2,2
37865,106,98,8,8
37866,139,126,13,13
37867,115,125,-10,10
37868,48,49,-1,1
37869,159,155,4,4
37870,61,58,3,3
37871,113,127,-14,14
37872,101,102,-1,1
37873,77,73,4,4
37874,134,138,-4,4
37875,67,67,0,0
37876,106,105,1,1
37877,57,64,-7,7
37878,95,112,-17,17
37879,93,103,-10,10
37880,95,86,9,9
37881,179,181,-2,2
37882,153,175,-22,22
37883,62,67,-5,5
37884,69,72,-3,3
37885,165,166,-1,1
37886,180,202,-22,22
37887,87,87,0,0
37888,110,113,-3,3
37889,116,122,-6,6
37890,159,174,-15,15
37891,99,110,-11,11
37892,114,111,3,3
37893,102,98,4,4
37894,154,158,-4,4
37895,91,96,-5,5
37896,124,110,14,14
37897,91,92,-1,1
37898,41,49,-8,8
37899,45,56,-11,11
37900,71,91,-20,20
37901,76,84,-8,8
37902,99,111,-12,12
37903,111,108,3,3
37904,97,92,5,5
37905,124,113,11,11
37906,96,118,-22,22
37907,79,75,4,4
37908,122,132,-10,10
37909,115,100,15,15
37910,89,86,3,3
37911,73,75,-2,2
37912,111,109,2,2
37913,89,78,11,11
37914,138,137,1,1
37915,100,112,-12,12
37916,78,94,-16,16
37917,83,94,-11,11
37918,86,98,-12,12
37919,135,150,-15,15
37920,114,120,-6,6
37921,56,62,-6,6
37922,149,165,-16,16
37923,81,81,0,0
37924,79,78,1,1
37925,103,102,1,1
37926,56,74,-18,18
37927,150,137,13,13
37928,78,83,-5,5
37929,78,82,-4,4
37930,41,51,-10,10
37931,121,105,16,16
37932,123,136,-13,13
37933,76,88,-12,12
37934,103,108,-5,5
37935,35,70,-35,35
37936,124,126,-2,2
37937,55,63,-8,8
37938,88,90,-2,2
37939,90,84,6,6
37940,120,94,26,26
37941,71,74,-3,3
37942,79,85,-6,6
37943,62,63,-1,1
37944,86,88,-2,2
37945,64,69,-5,5
37946,131,149,-18,18
37947,146,142,4,4
37948,86,80,6,6
37949,98,97,1,1
37950,183,165,18,18
37951,91,92,-1,1
37952,77,75,2,2
37953,142,147,-5,5
37954,79,82,-3,3
37955,41,45,-4,4
37956,105,116,-11,11
37957,197,189,8,8
37958,115,121,-6,6
37959,71,78,-7,7
37960,140,149,-9,9
37961,130,132,-2,2
37962,83,81,2,2
37963,108,124,-16,16
37964,67,72,-5,5
37965,70,72,-2,2
37966,93,96,-3,3
37967,64,67,-3,3
37968,98,119,-21,21
37969,115,116,-1,1
37970,62,65,-3,3
37971,88,92,-4,4
37972,61,69,-8,8
37973,198,190,8,8
37974,101,110,-9,9
37975,66,69,-3,3
37976,31,41,-10,10
37977,94,88,6,6
37978,93,105,-12,12
37979,117,167,-50,50
37980,99,104,-5,5
37981,36,37,-1,1
37982,76,78,-2,2
37983,67,85,-18,18
37984,78,92,-14,14
37985,50,63,-13,13
37986,55,48,7,7
37987,92,97,-5,5
37988,94,85,9,9
37989,137,141,-4,4
37990,102,99,3,3
37991,113,89,24,24
37992,89,82,7,7
37993,124,136,-12,12
37994,82,80,2,2
37995,60,67,-7,7
37996,125,109,16,16
37997,78,82,-4,4
37998,143,139,4,4
37999,142,146,-4,4
38000,106,101,5,5
38001,124,117,7,7
38002,52,59,-7,7
38003,97,119,-22,22
38004,80,81,-1,1
38005,107,120,-13,13
38006,141,144,-3,3
38007,57,64,-7,7
38008,89,77,12,12
38009,104,112,-8,8
38010,154,143,11,11
38011,76,87,-11,11
38012,95,86,9,9
38013,179,172,7,7
38014,64,70,-6,6
38015,119,112,7,7
38016,108,127,-19,19
38017,114,115,-1,1
38018,92,89,3,3
38019,109,107,2,2
38020,139,150,-11,11
38021,130,137,-7,7
38022,112,109,3,3
38023,123,111,12,12
38024,125,123,2,2
38025,66,63,3,3
38026,77,87,-10,10
38027,87,92,-5,5
38028,97,105,-8,8
38029,56,59,-3,3
38030,146,141,5,5
38031,71,84,-13,13
38032,176,177,-1,1
38033,96,96,0,0
38034,105,107,-2,2
38035,127,120,7,7
38036,82,86,-4,4
38037,137,152,-15,15
38038,120,114,6,6
38039,82,83,-1,1
38040,73,70,3,3
38041,78,73,5,5
38042,83,84,-1,1
38043,83,77,6,6
38044,74,83,-9,9
38045,81,83,-2,2
38046,178,172,6,6
38047,96,120,-24,24
38048,48,60,-12,12
38049,74,86,-12,12
38050,143,143,0,0
38051,94,92,2,2
38052,142,139,3,3
38053,144,155,-11,11
38054,114,122,-8,8
38055,91,94,-3,3
38056,127,130,-3,3
38057,65,73,-8,8
38058,152,148,4,4
38059,106,100,6,6
38060,140,142,-2,2
38061,96,103,-7,7
38062,72,112,-40,40
38063,71,48,23,23
38064,116,114,2,2
38065,156,147,9,9
38066,57,59,-2,2
38067,24,44,-20,20
38068,122,119,3,3
38069,118,113,5,5
38070,96,99,-3,3
38071,86,74,12,12
38072,163,160,3,3
38073,60,66,-6,6
38074,80,74,6,6
38075,78,77,1,1
38076,82,79,3,3
38077,113,107,6,6
38078,104,116,-12,12
38079,154,177,-23,23
38080,34,43,-9,9
38081,111,117,-6,6
38082,103,100,3,3
38083,88,88,0,0
38084,112,120,-8,8
38085,115,114,1,1
38086,60,61,-1,1
38087,150,149,1,1
38088,116,116,0,0
38089,80,91,-11,11
38090,112,105,7,7
38091,116,120,-4,4
38092,83,89,-6,6
38093,161,153,8,8
38094,65,69,-4,4
38095,74,77,-3,3
38096,72,69,3,3
38097,185,166,19,19
38098,89,76,13,13
38099,90,94,-4,4
38100,175,170,5,5
38101,96,94,2,2
38102,96,90,6,6
38103,111,117,-6,6
38104,46,60,-14,14
38105,105,118,-13,13
38106,69,74,-5,5
38107,117,115,2,2
38108,91,87,4,4
38109,70,78,-8,8
38110,150,137,13,13
38111,122,128,-6,6
38112,98,106,-8,8
38113,100,94,6,6
38114,160,147,13,13
38115,139,132,7,7
38116,170,163,7,7
38117,79,86,-7,7
38118,132,129,3,3
38119,121,121,0,0
38120,118,128,-10,10
38121,102,94,8,8
38122,98,95,3,3
38123,115,124,-9,9
38124,159,163,-4,4
38125,92,91,1,1
38126,41,69,-28,28
38127,84,81,3,3
38128,132,151,-19,19
38129,109,97,12,12
38130,78,87,-9,9
38131,114,107,7,7
38132,121,112,9,9
38133,93,91,2,2
38134,115,117,-2,2
38135,44,53,-9,9
38136,74,76,-2,2
38137,49,47,2,2
38138,165,167,-2,2
38139,83,81,2,2
38140,158,150,8,8
38141,101,89,12,12
38142,118,122,-4,4
38143,94,93,1,1
38144,117,140,-23,23
38145,109,115,-6,6
38146,73,92,-19,19
38147,76,81,-5,5
38148,138,143,-5,5
38149,113,109,4,4
38150,96,96,0,0
38151,73,75,-2,2
38152,112,103,9,9
38153,63,70,-7,7
38154,104,97,7,7
38155,82,88,-6,6
38156,54,60,-6,6
38157,84,79,5,5
38158,133,141,-8,8
38159,101,108,-7,7
38160,108,124,-16,16
38161,83,85,-2,2
38162,78,88,-10,10
38163,82,74,8,8
38164,76,76,0,0
38165,90,84,6,6
38166,105,112,-7,7
38167,61,61,0,0
38168,102,127,-25,25
38169,104,125,-21,21
38170,72,73,-1,1
38171,74,63,11,11
38172,92,96,-4,4
38173,85,85,0,0
38174,99,102,-3,3
38175,111,125,-14,14
38176,67,73,-6,6
38177,76,75,1,1
38178,113,99,14,14
38179,107,98,9,9
38180,117,112,5,5
38181,116,128,-12,12
38182,97,95,2,2
38183,125,121,4,4
38184,112,117,-5,5
38185,71,89,-18,18
38186,115,117,-2,2
38187,59,86,-27,27
38188,97,99,-2,2
38189,124,111,13,13
38190,45,47,-2,2
38191,87,89,-2,2
38192,103,137,-34,34
38193,64,67,-3,3
38194,100,95,5,5
38195,97,80,17,17
38196,121,120,1,1
38197,111,130,-19,19
38198,74,70,4,4
38199,118,145,-27,27
38200,91,87,4,4
38201,89,91,-2,2
38202,105,96,9,9
38203,79,86,-7,7
38204,68,72,-4,4
38205,125,128,-3,3
38206,87,88,-1,1
38207,123,121,2,2
38208,93,101,-8,8
38209,100,101,-1,1
38210,64,56,8,8
38211,108,106,2,2
38212,68,60,8,8
38213,86,90,-4,4
38214,107,79,28,28
38215,73,83,-10,10
38216,128,139,-11,11
38217,119,114,5,5
38218,54,62,-8,8
38219,72,76,-4,4
38220,73,83,-10,10
38221,159,158,1,1
38222,83,82,1,1
38223,97,94,3,3
38224,131,134,-3,3
38225,69,77,-8,8
38226,86,79,7,7
38227,119,124,-5,5
38228,100,94,6,6
38229,102,106,-4,4
38230,67,68,-1,1
38231,53,63,-10,10
38232,85,93,-8,8
38233,168,162,6,6
38234,61,68,-7,7
38235,77,79,-2,2
38236,85,93,-8,8
38237,69,73,-4,4
38238,124,126,-2,2
38239,89,90,-1,1
38240,148,154,-6,6
38241,143,129,14,14
38242,57,75,-18,18
38243,144,137,7,7
38244,66,69,-3,3
38245,83,101,-18,18
38246,120,122,-2,2
38247,131,134,-3,3
38248,51,55,-4,4
38249,77,61,16,16
38250,62,67,-5,5
38251,125,135,-10,10
38252,87,95,-8,8
38253,89,90,-1,1
38254,162,157,5,5
38255,109,121,-12,12
38256,126,138,-12,12
38257,87,93,-6,6
38258,87,103,-16,16
38259,116,121,-5,5
38260,51,54,-3,3
38261,65,63,2,2
38262,95,88,7,7
38263,86,83,3,3
38264,98,102,-4,4
38265,74,69,5,5
38266,87,63,24,24
38267,113,107,6,6
38268,70,87,-17,17
38269,119,124,-5,5
38270,180,179,1,1
38271,94,85,9,9
38272,67,78,-11,11
38273,85,92,-7,7
38274,147,158,-11,11
38275,79,65,14,14
38276,76,84,-8,8
38277,60,52,8,8
38278,55,64,-9,9
38279,95,102,-7,7
38280,127,120,7,7
38281,100,104,-4,4
38282,85,84,1,1
38283,127,128,-1,1
38284,101,91,10,10
38285,70,71,-1,1
38286,102,99,3,3
38287,73,70,3,3
38288,107,109,-2,2
38289,129,136,-7,7
38290,114,114,0,0
38291,45,54,-9,9
38292,52,51,1,1
38293,69,70,-1,1
38294,71,72,-1,1
38295,65,68,-3,3
38296,211,176,35,35
38297,113,133,-20,20
38298,97,99,-2,2
38299,60,67,-7,7
38300,184,160,24,24
38301,106,106,0,0
38302,121,126,-5,5
38303,112,116,-4,4
38304,137,140,-3,3
38305,104,105,-1,1
38306,124,90,34,34
38307,72,71,1,1
38308,116,111,5,5
38309,76,76,0,0
38310,99,106,-7,7
38311,75,77,-2,2
38312,81,88,-7,7
38313,69,68,1,1
38314,72,83,-11,11
38315,87,77,10,10
38316,93,92,1,1
38317,136,134,2,2
38318,101,95,6,6
38319,89,83,6,6
38320,112,110,2,2
38321,65,70,-5,5
38322,118,116,2,2
38323,92,84,8,8
38324,80,80,0,0
38325,98,97,1,1
38326,70,67,3,3
38327,127,121,6,6
38328,149,132,17,17
38329,70,66,4,4
38330,139,154,-15,15
38331,82,81,1,1
38332,91,94,-3,3
38333,39,57,-18,18
38334,82,93,-11,11
38335,105,105,0,0
38336,147,152,-5,5
38337,104,114,-10,10
38338,117,81,36,36
38339,91,108,-17,17
38340,90,97,-7,7
38341,104,95,9,9
38342,47,58,-11,11
38343,56,59,-3,3
38344,110,121,-11,11
38345,43,67,-24,24
38346,120,114,6,6
38347,70,75,-5,5
38348,75,83,-8,8
38349,77,75,2,2
38350,72,74,-2,2
38351,105,103,2,2
38352,218,207,11,11
38353,56,65,-9,9
38354,100,103,-3,3
38355,123,140,-17,17
38356,130,122,8,8
38357,63,59,4,4
38358,89,93,-4,4
38359,60,72,-12,12
38360,65,80,-15,15
38361,118,115,3,3
38362,86,91,-5,5
38363,166,183,-17,17
38364,106,105,1,1
38365,58,63,-5,5
38366,141,127,14,14
38367,96,101,-5,5
38368,106,107,-1,1
38369,110,121,-11,11
38370,64,67,-3,3
38371,83,82,1,1
38372,92,107,-15,15
38373,70,69,1,1
38374,122,129,-7,7
38375,86,90,-4,4
38376,105,97,8,8
38377,99,105,-6,6
38378,57,52,5,5
38379,79,80,-1,1
38380,59,63,-4,4
38381,70,72,-2,2
38382,104,104,0,0
38383,86,89,-3,3
38384,112,125,-13,13
38385,102,103,-1,1
38386,63,62,1,1
38387,118,119,-1,1
38388,63,68,-5,5
38389,104,122,-18,18
38390,86,90,-4,4
38391,167,162,5,5
38392,164,160,4,4
38393,85,91,-6,6
38394,111,120,-9,9
38395,121,114,7,7
38396,94,100,-6,6
38397,77,87,-10,10
38398,35,39,-4,4
38399,95,94,1,1
38400,133,142,-9,9
38401,85,90,-5,5
38402,67,58,9,9
38403,114,118,-4,4
38404,157,153,4,4
38405,157,153,4,4
38406,94,110,-16,16
38407,54,60,-6,6
38408,64,59,5,5
38409,109,103,6,6
38410,71,75,-4,4
38411,73,86,-13,13
38412,76,87,-11,11
38413,130,122,8,8
38414,79,78,1,1
38415,142,158,-16,16
38416,89,89,0,0
38417,105,113,-8,8
38418,78,93,-15,15
38419,64,60,4,4
38420,63,73,-10,10
38421,89,91,-2,2
38422,171,184,-13,13
38423,111,99,12,12
38424,86,82,4,4
38425,102,99,3,3
38426,61,64,-3,3
38427,85,89,-4,4
38428,134,127,7,7
38429,81,85,-4,4
38430,142,141,1,1
38431,80,76,4,4
38432,83,79,4,4
38433,121,113,8,8
38434,67,47,20,20
38435,100,117,-17,17
38436,129,132,-3,3
38437,102,115,-13,13
38438,126,128,-2,2
38439,98,101,-3,3
38440,63,65,-2,2
38441,72,74,-2,2
38442,88,92,-4,4
38443,64,71,-7,7
38444,107,119,-12,12
38445,89,82,7,7
38446,93,91,2,2
38447,146,144,2,2
38448,101,110,-9,9
38449,87,86,1,1
38450,97,102,-5,5
38451,78,58,20,20
38452,130,116,14,14
38453,85,73,12,12
38454,77,75,2,2
38455,44,58,-14,14
38456,96,96,0,0
38457,89,90,-1,1
38458,117,114,3,3
38459,41,48,-7,7
38460,113,117,-4,4
38461,103,93,10,10
38462,161,159,2,2
38463,196,203,-7,7
38464,64,69,-5,5
38465,82,74,8,8
38466,66,95,-29,29
38467,80,76,4,4
38468,54,58,-4,4
38469,104,110,-6,6
38470,55,53,2,2
38471,57,54,3,3
38472,49,56,-7,7
38473,70,72,-2,2
38474,74,80,-6,6
38475,33,61,-28,28
38476,83,91,-8,8
38477,89,89,0,0
38478,102,98,4,4
38479,156,172,-16,16
38480,36,55,-19,19
38481,62,70,-8,8
38482,102,101,1,1
38483,87,95,-8,8
38484,50,50,0,0
38485,89,105,-16,16
38486,100,99,1,1
38487,98,87,11,11
38488,56,56,0,0
38489,75,72,3,3
38490,98,88,10,10
38491,117,112,5,5
38492,235,225,10,10
38493,54,60,-6,6
38494,68,60,8,8
38495,116,125,-9,9
38496,32,45,-13,13
38497,55,52,3,3
38498,82,69,13,13
38499,119,126,-7,7
38500,183,195,-12,12
38501,112,91,21,21
38502,57,65,-8,8
38503,120,118,2,2
38504,77,82,-5,5
38505,68,76,-8,8
38506,126,124,2,2
38507,68,55,13,13
38508,103,97,6,6
38509,110,120,-10,10
38510,122,101,21,21
38511,100,120,-20,20
38512,74,73,1,1
38513,185,169,16,16
38514,118,137,-19,19
38515,41,49,-8,8
38516,91,96,-5,5
38517,83,74,9,9
38518,79,85,-6,6
38519,82,80,2,2
38520,84,85,-1,1
38521,70,69,1,1
38522,97,109,-12,12
38523,99,104,-5,5
38524,108,107,1,1
38525,85,83,2,2
38526,132,133,-1,1
38527,99,99,0,0
38528,62,60,2,2
38529,80,74,6,6
38530,96,90,6,6
38531,98,85,13,13
38532,109,109,0,0
38533,124,131,-7,7
38534,101,119,-18,18
38535,118,124,-6,6
38536,57,57,0,0
38537,79,84,-5,5
38538,86,91,-5,5
38539,77,76,1,1
38540,132,127,5,5
38541,74,67,7,7
38542,108,109,-1,1
38543,137,131,6,6
38544,102,101,1,1
38545,150,148,2,2
38546,51,56,-5,5
38547,77,70,7,7
38548,59,60,-1,1
38549,42,48,-6,6
38550,141,145,-4,4
38551,132,120,12,12
38552,67,66,1,1
38553,108,111,-3,3
38554,144,158,-14,14
38555,69,75,-6,6
38556,85,84,1,1
38557,64,65,-1,1
38558,65,68,-3,3
38559,221,230,-9,9
38560,70,69,1,1
38561,56,54,2,2
38562,62,64,-2,2
38563,88,105,-17,17
38564,108,117,-9,9
38565,178,176,2,2
38566,74,72,2,2
38567,85,104,-19,19
38568,61,68,-7,7
38569,111,71,40,40
38570,103,114,-11,11
38571,110,109,1,1
38572,74,70,4,4
38573,172,167,5,5
38574,87,97,-10,10
38575,141,157,-16,16
38576,86,78,8,8
38577,89,92,-3,3
38578,106,90,16,16
38579,103,101,2,2
38580,115,100,15,15
38581,61,62,-1,1
38582,102,105,-3,3
38583,64,63,1,1
38584,121,115,6,6
38585,61,63,-2,2
38586,75,74,1,1
38587,43,41,2,2
38588,84,85,-1,1
38589,118,114,4,4
38590,50,40,10,10
38591,81,65,16,16
38592,160,161,-1,1
38593,121,112,9,9
38594,77,99,-22,22
38595,124,122,2,2
38596,140,140,0,0
38597,56,66,-10,10
38598,92,90,2,2
38599,99,99,0,0
38600,169,162,7,7
38601,102,111,-9,9
38602,149,152,-3,3
38603,161,169,-8,8
38604,73,81,-8,8
38605,81,87,-6,6
38606,76,78,-2,2
38607,131,123,8,8
38608,155,171,-16,16
38609,87,91,-4,4
38610,62,64,-2,2
38611,87,76,11,11
38612,78,92,-14,14
38613,74,78,-4,4
38614,49,65,-16,16
38615,92,90,2,2
38616,133,129,4,4
38617,149,144,5,5
38618,120,119,1,1
38619,89,85,4,4
38620,102,105,-3,3
38621,62,79,-17,17
38622,57,54,3,3
38623,43,64,-21,21
38624,72,74,-2,2
38625,58,61,-3,3
38626,66,62,4,4
38627,73,79,-6,6
38628,112,108,4,4
38629,158,156,2,2
38630,70,73,-3,3
38631,136,134,2,2
38632,85,80,5,5
38633,37,50,-13,13
38634,87,92,-5,5
38635,130,141,-11,11
38636,88,94,-6,6
38637,57,62,-5,5
38638,117,117,0,0
38639,105,100,5,5
38640,75,78,-3,3
38641,153,155,-2,2
38642,90,108,-18,18
38643,130,121,9,9
38644,86,90,-4,4
38645,124,133,-9,9
38646,83,84,-1,1
38647,145,128,17,17
38648,77,78,-1,1
38649,64,63,1,1
38650,129,127,2,2
38651,109,117,-8,8
38652,94,74,20,20
38653,84,80,4,4
38654,64,62,2,2
38655,90,93,-3,3
38656,171,168,3,3
38657,93,101,-8,8
38658,121,129,-8,8
38659,72,77,-5,5
38660,72,77,-5,5
38661,85,85,0,0
38662,86,75,11,11
38663,93,97,-4,4
38664,94,82,12,12
38665,118,130,-12,12
38666,72,65,7,7
38667,64,64,0,0
38668,127,116,11,11
38669,64,67,-3,3
38670,75,78,-3,3
38671,57,67,-10,10
38672,61,60,1,1
38673,74,86,-12,12
38674,53,63,-10,10
38675,80,83,-3,3
38676,83,84,-1,1
38677,124,122,2,2
38678,81,100,-19,19
38679,84,101,-17,17
38680,128,124,4,4
38681,93,96,-3,3
38682,79,84,-5,5
38683,81,105,-24,24
38684,81,86,-5,5
38685,104,112,-8,8
38686,82,77,5,5
38687,84,66,18,18
38688,71,80,-9,9
38689,62,62,0,0
38690,66,70,-4,4
38691,63,67,-4,4
38692,77,76,1,1
38693,56,60,-4,4
38694,155,151,4,4
38695,143,134,9,9
38696,75,77,-2,2
38697,92,98,-6,6
38698,108,100,8,8
38699,105,114,-9,9
38700,63,61,2,2
38701,117,120,-3,3
38702,123,113,10,10
38703,69,71,-2,2
38704,119,130,-11,11
38705,92,108,-16,16
38706,94,86,8,8
38707,80,83,-3,3
38708,101,105,-4,4
38709,150,146,4,4
38710,92,90,2,2
38711,97,94,3,3
38712,100,102,-2,2
38713,74,84,-10,10
38714,157,164,-7,7
38715,65,71,-6,6
38716,97,96,1,1
38717,79,81,-2,2
38718,86,84,2,2
38719,91,84,7,7
38720,51,55,-4,4
38721,110,101,9,9
38722,106,104,2,2
38723,50,54,-4,4
38724,76,72,4,4
38725,126,123,3,3
38726,73,70,3,3
38727,80,89,-9,9
38728,90,89,1,1
38729,94,79,15,15
38730,99,92,7,7
38731,140,135,5,5
38732,92,86,6,6
38733,96,100,-4,4
38734,107,101,6,6
38735,120,111,9,9
38736,141,138,3,3
38737,58,65,-7,7
38738,99,104,-5,5
38739,75,75,0,0
38740,118,106,12,12
38741,93,96,-3,3
38742,104,89,15,15
38743,81,86,-5,5
38744,107,112,-5,5
38745,91,106,-15,15
38746,87,88,-1,1
38747,53,44,9,9
38748,147,151,-4,4
38749,108,103,5,5
38750,76,71,5,5
38751,59,60,-1,1
38752,85,96,-11,11
38753,82,92,-10,10
38754,57,62,-5,5
38755,37,44,-7,7
38756,129,133,-4,4
38757,57,49,8,8
38758,67,71,-4,4
38759,76,66,10,10
38760,85,85,0,0
38761,130,126,4,4
38762,106,107,-1,1
38763,104,117,-13,13
38764,88,94,-6,6
38765,65,65,0,0
38766,75,80,-5,5
38767,145,142,3,3
38768,149,149,0,0
38769,44,48,-4,4
38770,69,65,4,4
38771,93,90,3,3
38772,78,71,7,7
38773,63,67,-4,4
38774,78,84,-6,6
38775,85,82,3,3
38776,55,60,-5,5
38777,73,92,-19,19
38778,107,114,-7,7
38779,131,126,5,5
38780,87,85,2,2
38781,40,48,-8,8
38782,139,129,10,10
38783,85,92,-7,7
38784,163,183,-20,20
38785,64,77,-13,13
38786,193,193,0,0
38787,86,95,-9,9
38788,98,89,9,9
38789,51,56,-5,5
38790,128,129,-1,1
38791,141,136,5,5
38792,84,81,3,3
38793,142,147,-5,5
38794,59,71,-12,12
38795,108,114,-6,6
38796,39,51,-12,12
38797,156,147,9,9
38798,107,117,-10,10
38799,99,110,-11,11
38800,166,154,12,12
38801,85,85,0,0
38802,84,84,0,0
38803,98,96,2,2
38804,76,77,-1,1
38805,138,133,5,5
38806,93,96,-3,3
38807,182,162,20,20
38808,149,136,13,13
38809,132,122,10,10
38810,127,123,4,4
38811,70,72,-2,2
38812,57,66,-9,9
38813,176,180,-4,4
38814,68,69,-1,1
38815,46,55,-9,9
38816,66,66,0,0
38817,113,120,-7,7
38818,135,140,-5,5
38819,48,59,-11,11
38820,135,133,2,2
38821,70,74,-4,4
38822,91,99,-8,8
38823,125,122,3,3
38824,109,98,11,11
38825,53,73,-20,20
38826,91,92,-1,1
38827,70,76,-6,6
38828,65,69,-4,4
38829,125,122,3,3
38830,72,72,0,0
38831,103,104,-1,1
38832,103,83,20,20
38833,101,93,8,8
38834,117,126,-9,9
38835,63,66,-3,3
38836,164,175,-11,11
38837,57,69,-12,12
38838,120,123,-3,3
38839,133,134,-1,1
38840,83,94,-11,11
38841,64,70,-6,6
38842,102,100,2,2
38843,70,73,-3,3
38844,124,135,-11,11
38845,106,95,11,11
38846,156,152,4,4
38847,67,74,-7,7
38848,147,152,-5,5
38849,113,119,-6,6
38850,121,127,-6,6
38851,97,101,-4,4
38852,59,71,-12,12
38853,50,58,-8,8
38854,118,104,14,14
38855,56,56,0,0
38856,87,82,5,5
38857,89,101,-12,12
38858,65,73,-8,8
38859,62,66,-4,4
38860,138,146,-8,8
38861,149,160,-11,11
38862,69,64,5,5
38863,76,82,-6,6
38864,65,77,-12,12
38865,70,68,2,2
38866,133,151,-18,18
38867,77,81,-4,4
38868,93,97,-4,4
38869,105,113,-8,8
38870,67,68,-1,1
38871,84,83,1,1
38872,83,91,-8,8
38873,46,55,-9,9
38874,102,96,6,6
38875,80,75,5,5
38876,106,115,-9,9
38877,91,97,-6,6
38878,70,69,1,1
38879,213,199,14,14
38880,84,89,-5,5
38881,124,110,14,14
38882,113,106,7,7
38883,89,95,-6,6
38884,112,118,-6,6
38885,78,71,7,7
38886,60,57,3,3
38887,119,111,8,8
38888,58,66,-8,8
38889,109,104,5,5
38890,113,139,-26,26
38891,101,93,8,8
38892,61,54,7,7
38893,76,82,-6,6
38894,84,83,1,1
38895,86,93,-7,7
38896,108,103,5,5
38897,102,95,7,7
38898,151,155,-4,4
38899,66,65,1,1
38900,71,67,4,4
38901,66,71,-5,5
38902,131,141,-10,10
38903,49,53,-4,4
38904,99,106,-7,7
38905,69,81,-12,12
38906,72,66,6,6
38907,179,164,15,15
38908,152,147,5,5
38909,70,67,3,3
38910,63,69,-6,6
38911,104,111,-7,7
38912,22,66,-44,44
38913,105,104,1,1
38914,174,178,-4,4
38915,123,124,-1,1
38916,34,43,-9,9
38917,76,88,-12,12
38918,114,111,3,3
38919,84,100,-16,16
38920,114,102,12,12
38921,236,214,22,22
38922,86,93,-7,7
38923,91,77,14,14
38924,109,114,-5,5
38925,99,90,9,9
38926,79,69,10,10
38927,51,64,-13,13
38928,201,196,5,5
38929,60,59,1,1
38930,89,95,-6,6
38931,84,85,-1,1
38932,40,49,-9,9
38933,68,69,-1,1
38934,58,60,-2,2
38935,73,71,2,2
38936,121,124,-3,3
38937,55,51,4,4
38938,91,97,-6,6
38939,57,56,1,1
38940,68,65,3,3
38941,93,84,9,9
38942,59,84,-25,25
38943,76,72,4,4
38944,99,98,1,1
38945,85,102,-17,17
38946,113,111,2,2
38947,107,92,15,15
38948,184,186,-2,2
38949,80,84,-4,4
38950,99,88,11,11
38951,180,173,7,7
38952,94,105,-11,11
38953,37,52,-15,15
38954,59,70,-11,11
38955,65,61,4,4
38956,93,96,-3,3
38957,88,99,-11,11
38958,92,99,-7,7
38959,128,118,10,10
38960,111,124,-13,13
38961,128,181,-53,53
38962,48,51,-3,3
38963,116,126,-10,10
38964,54,47,7,7
38965,57,70,-13,13
38966,61,63,-2,2
38967,79,81,-2,2
38968,61,60,1,1
38969,122,127,-5,5
38970,89,89,0,0
38971,121,115,6,6
38972,119,124,-5,5
38973,108,128,-20,20
38974,100,110,-10,10
38975,58,58,0,0
38976,106,103,3,3
38977,88,92,-4,4
38978,103,94,9,9
38979,31,38,-7,7
38980,34,50,-16,16
38981,87,93,-6,6
38982,111,109,2,2
38983,101,109,-8,8
38984,41,44,-3,3
38985,60,71,-11,11
38986,115,122,-7,7
38987,136,143,-7,7
38988,74,74,0,0
38989,84,75,9,9
38990,110,109,1,1
38991,73,80,-7,7
38992,126,117,9,9
38993,77,75,2,2
38994,129,135,-6,6
38995,123,128,-5,5
38996,99,100,-1,1
38997,88,66,22,22
38998,61,69,-8,8
38999,74,78,-4,4
39000,107,104,3,3
39001,122,118,4,4
39002,60,72,-12,12
39003,188,187,1,1
39004,84,79,5,5
39005,146,147,-1,1
39006,154,154,0,0
39007,114,123,-9,9
39008,117,112,5,5
39009,163,174,-11,11
39010,74,74,0,0
39011,113,109,4,4
39012,68,69,-1,1
39013,137,141,-4,4
39014,86,97,-11,11
39015,136,136,0,0
39016,77,87,-10,10
39017,156,148,8,8
39018,146,142,4,4
39019,62,63,-1,1
39020,66,73,-7,7
39021,121,125,-4,4
39022,161,149,12,12
39023,102,116,-14,14
39024,67,63,4,4
39025,129,128,1,1
39026,120,133,-13,13
39027,174,182,-8,8
39028,179,168,11,11
39029,92,87,5,5
39030,112,115,-3,3
39031,110,104,6,6
39032,97,96,1,1
39033,68,66,2,2
39034,117,126,-9,9
39035,155,148,7,7
39036,60,66,-6,6
39037,167,127,40,40
39038,115,118,-3,3
39039,134,140,-6,6
39040,48,59,-11,11
39041,89,78,11,11
39042,42,59,-17,17
39043,31,65,-34,34
39044,105,107,-2,2
39045,138,126,12,12
39046,97,86,11,11
39047,83,80,3,3
39048,54,66,-12,12
39049,65,66,-1,1
39050,94,108,-14,14
39051,86,80,6,6
39052,88,96,-8,8
39053,63,58,5,5
39054,144,145,-1,1
39055,62,61,1,1
39056,63,79,-16,16
39057,98,94,4,4
39058,60,47,13,13
39059,49,50,-1,1
39060,96,91,5,5
39061,71,78,-7,7
39062,120,110,10,10
39063,150,141,9,9
39064,80,77,3,3
39065,58,59,-1,1
39066,64,72,-8,8
39067,140,140,0,0
39068,124,132,-8,8
39069,97,90,7,7
39070,161,146,15,15
39071,50,61,-11,11
39072,101,104,-3,3
39073,44,64,-20,20
39074,99,103,-4,4
39075,171,154,17,17
39076,43,59,-16,16
39077,93,108,-15,15
39078,139,142,-3,3
39079,120,118,2,2
39080,98,105,-7,7
39081,101,102,-1,1
39082,80,75,5,5
39083,63,60,3,3
39084,149,153,-4,4
39085,132,133,-1,1
39086,71,77,-6,6
39087,92,99,-7,7
39088,61,73,-12,12
39089,110,112,-2,2
39090,67,71,-4,4
39091,38,57,-19,19
39092,89,110,-21,21
39093,86,90,-4,4
39094,157,173,-16,16
39095,63,75,-12,12
39096,56,63,-7,7
39097,96,104,-8,8
39098,58,63,-5,5
39099,164,168,-4,4
39100,107,108,-1,1
39101,131,126,5,5
39102,119,120,-1,1
39103,103,104,-1,1
39104,58,63,-5,5
39105,158,143,15,15
39106,148,132,16,16
39107,107,113,-6,6
39108,108,95,13,13
39109,85,77,8,8
39110,76,83,-7,7
39111,72,65,7,7
39112,133,140,-7,7
39113,71,80,-9,9
39114,90,89,1,1
39115,105,107,-2,2
39116,107,110,-3,3
39117,84,81,3,3
39118,67,69,-2,2
39119,154,155,-1,1
39120,63,76,-13,13
39121,182,177,5,5
39122,130,122,8,8
39123,126,132,-6,6
39124,135,132,3,3
39125,86,91,-5,5
39126,90,95,-5,5
39127,69,66,3,3
39128,99,110,-11,11
39129,81,96,-15,15
39130,92,94,-2,2
39131,83,81,2,2
39132,76,77,-1,1
39133,79,69,10,10
39134,59,73,-14,14
39135,100,87,13,13
39136,60,73,-13,13
39137,76,82,-6,6
39138,110,99,11,11
39139,112,116,-4,4
39140,93,100,-7,7
39141,101,104,-3,3
39142,107,112,-5,5
39143,180,185,-5,5
39144,109,108,1,1
39145,85,72,13,13
39146,123,119,4,4
39147,90,93,-3,3
39148,118,125,-7,7
39149,108,102,6,6
39150,95,91,4,4
39151,119,111,8,8
39152,115,104,11,11
39153,145,142,3,3
39154,46,54,-8,8
39155,59,67,-8,8
39156,127,138,-11,11
39157,114,116,-2,2
39158,101,107,-6,6
39159,134,137,-3,3
39160,99,100,-1,1
39161,143,132,11,11
39162,136,134,2,2
39163,152,148,4,4
39164,103,104,-1,1
39165,79,73,6,6
39166,83,79,4,4
39167,125,122,3,3
39168,74,95,-21,21
39169,44,52,-8,8
39170,100,109,-9,9
39171,111,115,-4,4
39172,65,62,3,3
39173,102,95,7,7
39174,109,110,-1,1
39175,80,73,7,7
39176,117,118,-1,1
39177,121,119,2,2
39178,154,147,7,7
39179,55,60,-5,5
39180,90,93,-3,3
39181,137,119,18,18
39182,53,55,-2,2
39183,137,136,1,1
39184,64,72,-8,8
39185,133,129,4,4
39186,38,64,-26,26
39187,105,98,7,7
39188,45,46,-1,1
39189,133,125,8,8
39190,121,122,-1,1
39191,138,136,2,2
39192,84,78,6,6
39193,79,79,0,0
39194,48,56,-8,8
39195,51,64,-13,13
39196,90,97,-7,7
39197,79,74,5,5
39198,73,82,-9,9
39199,82,72,10,10
39200,90,95,-5,5
39201,98,85,13,13
39202,56,60,-4,4
39203,100,101,-1,1
39204,55,62,-7,7
39205,116,132,-16,16
39206,61,64,-3,3
39207,77,73,4,4
39208,131,137,-6,6
39209,115,117,-2,2
39210,94,86,8,8
39211,80,73,7,7
39212,57,66,-9,9
39213,112,107,5,5
39214,98,96,2,2
39215,136,137,-1,1
39216,125,117,8,8
39217,90,105,-15,15
39218,81,85,-4,4
39219,123,122,1,1
39220,114,124,-10,10
39221,35,36,-1,1
39222,55,51,4,4
39223,110,110,0,0
39224,52,54,-2,2
39225,191,184,7,7
39226,48,55,-7,7
39227,70,68,2,2
39228,116,117,-1,1
39229,114,118,-4,4
39230,71,77,-6,6
39231,130,114,16,16
39232,92,91,1,1
39233,111,105,6,6
39234,150,158,-8,8
39235,112,139,-27,27
39236,85,90,-5,5
39237,75,75,0,0
39238,64,64,0,0
39239,65,69,-4,4
39240,164,161,3,3
39241,63,54,9,9
39242,105,105,0,0
39243,96,94,2,2
39244,102,90,12,12
39245,84,72,12,12
39246,72,77,-5,5
39247,118,123,-5,5
39248,110,104,6,6
39249,81,80,1,1
39250,109,120,-11,11
39251,76,70,6,6
39252,64,62,2,2
39253,133,118,15,15
39254,143,137,6,6
39255,72,79,-7,7
39256,74,83,-9,9
39257,41,46,-5,5
39258,65,70,-5,5
39259,73,76,-3,3
39260,63,73,-10,10
39261,175,166,9,9
39262,85,101,-16,16
39263,82,83,-1,1
39264,48,52,-4,4
39265,97,95,2,2
39266,86,90,-4,4
39267,66,68,-2,2
39268,80,77,3,3
39269,84,90,-6,6
39270,90,91,-1,1
39271,76,86,-10,10
39272,90,99,-9,9
39273,128,131,-3,3
39274,76,85,-9,9
39275,84,81,3,3
39276,116,117,-1,1
39277,72,84,-12,12
39278,88,92,-4,4
39279,58,71,-13,13
39280,80,82,-2,2
39281,122,119,3,3
39282,84,92,-8,8
39283,62,61,1,1
39284,78,76,2,2
39285,113,111,2,2
39286,152,150,2,2
39287,68,67,1,1
39288,72,67,5,5
39289,104,110,-6,6
39290,100,102,-2,2
39291,92,88,4,4
39292,95,96,-1,1
39293,66,68,-2,2
39294,78,82,-4,4
39295,117,110,7,7
39296,109,91,18,18
39297,157,154,3,3
39298,100,96,4,4
39299,101,97,4,4
39300,68,63,5,5
39301,137,126,11,11
39302,144,155,-11,11
39303,152,158,-6,6
39304,121,116,5,5
39305,83,87,-4,4
39306,86,102,-16,16
39307,72,69,3,3
39308,82,104,-22,22
39309,115,113,2,2
39310,44,61,-17,17
39311,130,144,-14,14
39312,84,88,-4,4
39313,104,105,-1,1
39314,70,65,5,5
39315,152,133,19,19
39316,66,74,-8,8
39317,137,119,18,18
39318,86,85,1,1
39319,130,127,3,3
39320,105,99,6,6
39321,79,85,-6,6
39322,79,77,2,2
39323,68,68,0,0
39324,86,82,4,4
39325,90,95,-5,5
39326,174,163,11,11
39327,41,50,-9,9
39328,109,100,9,9
39329,98,90,8,8
39330,79,86,-7,7
39331,107,111,-4,4
39332,138,144,-6,6
39333,49,49,0,0
39334,68,76,-8,8
39335,465,431,34,34
39336,102,95,7,7
39337,108,117,-9,9
39338,98,105,-7,7
39339,70,67,3,3
39340,90,95,-5,5
39341,103,103,0,0
39342,84,79,5,5
39343,128,140,-12,12
39344,205,196,9,9
39345,149,143,6,6
39346,51,61,-10,10
39347,64,64,0,0
39348,155,146,9,9
39349,61,71,-10,10
39350,91,90,1,1
39351,69,75,-6,6
39352,51,61,-10,10
39353,59,53,6,6
39354,110,99,11,11
39355,145,124,21,21
39356,86,100,-14,14
39357,192,184,8,8
39358,80,71,9,9
39359,62,61,1,1
39360,116,125,-9,9
39361,94,106,-12,12
39362,60,60,0,0
39363,128,152,-24,24
39364,129,126,3,3
39365,111,112,-1,1
39366,137,136,1,1
39367,164,152,12,12
39368,119,121,-2,2
39369,90,95,-5,5
39370,114,102,12,12
39371,26,20,6,6
39372,107,109,-2,2
39373,68,68,0,0
39374,118,122,-4,4
39375,124,117,7,7
39376,170,172,-2,2
39377,61,69,-8,8
39378,136,142,-6,6
39379,196,120,76,76
39380,87,99,-12,12
39381,95,103,-8,8
39382,108,120,-12,12
39383,151,150,1,1
39384,67,78,-11,11
39385,149,151,-2,2
39386,113,112,1,1
39387,50,83,-33,33
39388,79,86,-7,7
39389,103,107,-4,4
39390,80,78,2,2
39391,172,177,-5,5
39392,105,113,-8,8
39393,82,81,1,1
39394,47,56,-9,9
39395,54,49,5,5
39396,80,78,2,2
39397,64,62,2,2
39398,150,146,4,4
39399,134,128,6,6
39400,61,70,-9,9
39401,108,104,4,4
39402,116,117,-1,1
39403,101,128,-27,27
39404,81,83,-2,2
39405,90,99,-9,9
39406,71,71,0,0
39407,119,121,-2,2
39408,133,131,2,2
39409,125,139,-14,14
39410,70,62,8,8
39411,182,177,5,5
39412,114,118,-4,4
39413,136,129,7,7
39414,76,78,-2,2
39415,114,108,6,6
39416,46,50,-4,4
39417,97,113,-16,16
39418,70,80,-10,10
39419,63,59,4,4
39420,100,91,9,9
39421,114,106,8,8
39422,52,51,1,1
39423,130,145,-15,15
39424,108,104,4,4
39425,133,127,6,6
39426,26,25,1,1
39427,75,74,1,1
39428,112,114,-2,2
39429,73,68,5,5
39430,44,56,-12,12
39431,75,75,0,0
39432,93,91,2,2
39433,60,71,-11,11
39434,83,82,1,1
39435,140,137,3,3
39436,100,100,0,0
39437,107,107,0,0
39438,95,83,12,12
39439,111,104,7,7
39440,112,115,-3,3
39441,67,73,-6,6
39442,52,61,-9,9
39443,113,102,11,11
39444,77,76,1,1
39445,135,141,-6,6
39446,61,62,-1,1
39447,58,64,-6,6
39448,60,58,2,2
39449,100,97,3,3
39450,49,58,-9,9
39451,71,74,-3,3
39452,104,110,-6,6
39453,49,57,-8,8
39454,141,137,4,4
39455,113,115,-2,2
39456,74,73,1,1
39457,135,140,-5,5
39458,61,66,-5,5
39459,115,94,21,21
39460,89,96,-7,7
39461,76,75,1,1
39462,111,126,-15,15
39463,61,68,-7,7
39464,54,55,-1,1
39465,95,102,-7,7
39466,125,125,0,0
39467,168,175,-7,7
39468,71,69,2,2
39469,80,81,-1,1
39470,224,232,-8,8
39471,87,93,-6,6
39472,65,67,-2,2
39473,130,144,-14,14
39474,111,116,-5,5
39475,76,73,3,3
39476,111,108,3,3
39477,88,98,-10,10
39478,97,93,4,4
39479,118,120,-2,2
39480,93,84,9,9
39481,131,123,8,8
39482,82,79,3,3
39483,153,151,2,2
39484,76,78,-2,2
39485,105,116,-11,11
39486,38,49,-11,11
39487,56,64,-8,8
39488,75,77,-2,2
39489,40,54,-14,14
39490,139,146,-7,7
39491,78,88,-10,10
39492,72,78,-6,6
39493,123,132,-9,9
39494,71,68,3,3
39495,144,143,1,1
39496,51,61,-10,10
39497,63,66,-3,3
39498,51,62,-11,11
39499,98,93,5,5
39500,83,78,5,5
39501,75,85,-10,10
39502,108,114,-6,6
39503,100,92,8,8
39504,61,57,4,4
39505,76,78,-2,2
39506,156,210,-54,54
39507,69,69,0,0
39508,219,223,-4,4
39509,112,111,1,1
39510,86,91,-5,5
39511,53,61,-8,8
39512,108,108,0,0
39513,82,79,3,3
39514,89,81,8,8
39515,125,118,7,7
39516,96,124,-28,28
39517,113,110,3,3
39518,61,69,-8,8
39519,39,45,-6,6
39520,65,77,-12,12
39521,101,102,-1,1
39522,188,175,13,13
39523,73,73,0,0
39524,51,70,-19,19
39525,126,132,-6,6
39526,95,125,-30,30
39527,85,103,-18,18
39528,112,125,-13,13
39529,117,125,-8,8
39530,109,94,15,15
39531,47,69,-22,22
39532,63,72,-9,9
39533,92,94,-2,2
39534,78,81,-3,3
39535,100,93,7,7
39536,137,122,15,15
39537,163,151,12,12
39538,74,84,-10,10
39539,64,78,-14,14
39540,87,78,9,9
39541,87,90,-3,3
39542,120,132,-12,12
39543,129,133,-4,4
39544,137,137,0,0
39545,65,71,-6,6
39546,67,63,4,4
39547,83,85,-2,2
39548,91,85,6,6
39549,88,79,9,9
39550,47,37,10,10
39551,119,110,9,9
39552,76,79,-3,3
39553,96,96,0,0
39554,69,78,-9,9
39555,91,93,-2,2
39556,95,97,-2,2
39557,89,106,-17,17
39558,89,82,7,7
39559,106,113,-7,7
39560,86,85,1,1
39561,119,115,4,4
39562,76,83,-7,7
39563,95,84,11,11
39564,93,90,3,3
39565,93,85,8,8
39566,87,89,-2,2
39567,142,149,-7,7
39568,81,83,-2,2
39569,54,48,6,6
39570,131,129,2,2
39571,53,57,-4,4
39572,132,133,-1,1
39573,83,85,-2,2
39574,77,65,12,12
39575,86,84,2,2
39576,135,138,-3,3
39577,114,115,-1,1
39578,75,89,-14,14
39579,62,72,-10,10
39580,96,94,2,2
39581,88,86,2,2
39582,58,67,-9,9
39583,55,58,-3,3
39584,70,70,0,0
39585,162,143,19,19
39586,98,82,16,16
39587,73,70,3,3
39588,52,59,-7,7
39589,86,86,0,0
39590,133,119,14,14
39591,102,103,-1,1
39592,137,139,-2,2
39593,58,59,-1,1
39594,94,83,11,11
39595,158,149,9,9
39596,88,90,-2,2
39597,81,88,-7,7
39598,88,77,11,11
39599,170,183,-13,13
39600,132,130,2,2
39601,160,150,10,10
39602,69,67,2,2
39603,78,76,2,2
39604,47,74,-27,27
39605,122,123,-1,1
39606,46,64,-18,18
39607,81,91,-10,10
39608,173,181,-8,8
39609,36,99,-63,63
39610,84,85,-1,1
39611,118,94,24,24
39612,113,97,16,16
39613,162,161,1,1
39614,98,103,-5,5
39615,96,89,7,7
39616,71,72,-1,1
39617,68,69,-1,1
39618,85,85,0,0
39619,34,65,-31,31
39620,69,91,-22,22
39621,69,74,-5,5
39622,128,123,5,5
39623,99,108,-9,9
39624,121,133,-12,12
39625,179,168,11,11
39626,92,102,-10,10
39627,171,178,-7,7
39628,94,92,2,2
39629,112,119,-7,7
39630,79,83,-4,4
39631,57,62,-5,5
39632,72,81,-9,9
39633,161,137,24,24
39634,132,134,-2,2
39635,126,127,-1,1
39636,78,83,-5,5
39637,72,70,2,2
39638,88,94,-6,6
39639,93,94,-1,1
39640,56,57,-1,1
39641,179,173,6,6
39642,99,98,1,1
39643,143,134,9,9
39644,25,49,-24,24
39645,85,84,1,1
39646,50,52,-2,2
39647,110,107,3,3
39648,133,127,6,6
39649,103,94,9,9
39650,149,144,5,5
39651,146,154,-8,8
39652,65,69,-4,4
39653,117,139,-22,22
39654,53,57,-4,4
39655,155,145,10,10
39656,127,127,0,0
39657,87,92,-5,5
39658,167,162,5,5
39659,74,66,8,8
39660,65,68,-3,3
39661,50,54,-4,4
39662,109,108,1,1
39663,65,68,-3,3
39664,98,96,2,2
39665,128,128,0,0
39666,132,133,-1,1
39667,174,186,-12,12
39668,81,89,-8,8
39669,69,78,-9,9
39670,77,77,0,0
39671,69,72,-3,3
39672,68,69,-1,1
39673,132,142,-10,10
39674,152,180,-28,28
39675,87,91,-4,4
39676,30,43,-13,13
39677,98,86,12,12
39678,99,94,5,5
39679,116,122,-6,6
39680,100,99,1,1
39681,137,132,5,5
39682,63,66,-3,3
39683,82,88,-6,6
39684,99,115,-16,16
39685,58,60,-2,2
39686,68,73,-5,5
39687,121,119,2,2
39688,91,82,9,9
39689,61,83,-22,22
39690,46,52,-6,6
39691,107,121,-14,14
39692,80,77,3,3
39693,78,82,-4,4
39694,83,80,3,3
39695,139,138,1,1
39696,113,113,0,0
39697,109,116,-7,7
39698,168,169,-1,1
39699,148,143,5,5
39700,90,84,6,6
39701,49,54,-5,5
39702,91,97,-6,6
39703,48,60,-12,12
39704,99,106,-7,7
39705,125,130,-5,5
39706,77,96,-19,19
39707,89,95,-6,6
39708,85,75,10,10
39709,85,87,-2,2
39710,60,49,11,11
39711,100,99,1,1
39712,61,62,-1,1
39713,87,85,2,2
39714,79,81,-2,2
39715,48,51,-3,3
39716,90,102,-12,12
39717,85,85,0,0
39718,77,71,6,6
39719,56,60,-4,4
39720,55,59,-4,4
39721,148,146,2,2
39722,108,101,7,7
39723,69,65,4,4
39724,151,151,0,0
39725,98,91,7,7
39726,87,94,-7,7
39727,76,75,1,1
39728,84,81,3,3
39729,39,44,-5,5
39730,105,108,-3,3
39731,68,94,-26,26
39732,58,72,-14,14
39733,81,80,1,1
39734,108,114,-6,6
39735,98,102,-4,4
39736,148,79,69,69
39737,71,75,-4,4
39738,108,109,-1,1
39739,68,74,-6,6
39740,82,82,0,0
39741,159,143,16,16
39742,109,94,15,15
39743,113,110,3,3
39744,106,105,1,1
39745,124,123,1,1
39746,74,75,-1,1
39747,23,36,-13,13
39748,94,86,8,8
39749,69,68,1,1
39750,63,70,-7,7
39751,49,62,-13,13
39752,83,83,0,0
39753,65,74,-9,9
39754,122,91,31,31
39755,110,113,-3,3
39756,145,147,-2,2
39757,128,124,4,4
39758,61,60,1,1
39759,135,136,-1,1
39760,62,58,4,4
39761,143,125,18,18
39762,59,62,-3,3
39763,133,136,-3,3
39764,84,93,-9,9
39765,127,129,-2,2
39766,75,70,5,5
39767,128,126,2,2
39768,85,91,-6,6
39769,127,117,10,10
39770,66,72,-6,6
39771,45,69,-24,24
39772,89,87,2,2
39773,82,74,8,8
39774,98,93,5,5
39775,51,43,8,8
39776,112,121,-9,9
39777,70,69,1,1
39778,75,59,16,16
39779,97,100,-3,3
39780,59,64,-5,5
39781,51,55,-4,4
39782,53,51,2,2
39783,56,66,-10,10
39784,67,68,-1,1
39785,66,72,-6,6
39786,89,88,1,1
39787,94,86,8,8
39788,77,87,-10,10
39789,41,64,-23,23
39790,85,86,-1,1
39791,72,68,4,4
39792,108,115,-7,7
39793,105,102,3,3
39794,67,73,-6,6
39795,97,96,1,1
39796,76,77,-1,1
39797,133,152,-19,19
39798,93,96,-3,3
39799,40,50,-10,10
39800,66,65,1,1
39801,43,45,-2,2
39802,145,154,-9,9
39803,135,116,19,19
39804,64,74,-10,10
39805,76,106,-30,30
39806,55,63,-8,8
39807,78,90,-12,12
39808,103,100,3,3
39809,141,150,-9,9
39810,152,155,-3,3
39811,110,125,-15,15
39812,122,115,7,7
39813,78,81,-3,3
39814,82,85,-3,3
39815,104,94,10,10
39816,112,111,1,1
39817,69,66,3,3
39818,48,52,-4,4
39819,60,66,-6,6
39820,54,52,2,2
39821,128,123,5,5
39822,61,59,2,2
39823,108,117,-9,9
39824,86,88,-2,2
39825,74,83,-9,9
39826,168,164,4,4
39827,76,73,3,3
39828,80,89,-9,9
39829,96,89,7,7
39830,74,80,-6,6
39831,59,61,-2,2
39832,143,148,-5,5
39833,68,64,4,4
39834,76,76,0,0
39835,97,105,-8,8
39836,66,71,-5,5
39837,94,98,-4,4
39838,159,143,16,16
39839,76,73,3,3
39840,121,125,-4,4
39841,123,132,-9,9
39842,80,82,-2,2
39843,77,78,-1,1
39844,52,58,-6,6
39845,115,122,-7,7
39846,180,166,14,14
39847,70,72,-2,2
39848,79,98,-19,19
39849,112,105,7,7
39850,89,93,-4,4
39851,83,87,-4,4
39852,108,118,-10,10
39853,67,74,-7,7
39854,86,83,3,3
39855,82,81,1,1
39856,156,150,6,6
39857,141,135,6,6
39858,154,150,4,4
39859,63,63,0,0
39860,52,50,2,2
39861,122,118,4,4
39862,69,80,-11,11
39863,93,89,4,4
39864,106,115,-9,9
39865,76,88,-12,12
39866,97,95,2,2
39867,96,94,2,2
39868,116,116,0,0
39869,98,80,18,18
39870,89,89,0,0
39871,137,149,-12,12
39872,88,72,16,16
39873,115,117,-2,2
39874,135,137,-2,2
39875,99,103,-4,4
39876,68,80,-12,12
39877,98,97,1,1
39878,119,114,5,5
39879,77,74,3,3
39880,74,82,-8,8
39881,115,122,-7,7
39882,67,69,-2,2
39883,79,85,-6,6
39884,107,117,-10,10
39885,83,81,2,2
39886,74,88,-14,14
39887,160,162,-2,2
39888,56,68,-12,12
39889,74,74,0,0
39890,95,99,-4,4
39891,141,155,-14,14
39892,98,99,-1,1
39893,84,86,-2,2
39894,118,115,3,3
39895,58,56,2,2
39896,54,63,-9,9
39897,74,76,-2,2
39898,69,74,-5,5
39899,123,113,10,10
39900,59,66,-7,7
39901,50,65,-15,15
39902,56,60,-4,4
39903,55,64,-9,9
39904,145,136,9,9
39905,89,81,8,8
39906,74,72,2,2
39907,67,69,-2,2
39908,100,105,-5,5
39909,99,97,2,2
39910,64,73,-9,9
39911,49,63,-14,14
39912,144,149,-5,5
39913,65,63,2,2
39914,57,62,-5,5
39915,74,80,-6,6
39916,82,88,-6,6
39917,80,76,4,4
39918,167,188,-21,21
39919,55,46,9,9
39920,98,102,-4,4
39921,69,70,-1,1
39922,60,66,-6,6
39923,149,145,4,4
39924,170,169,1,1
39925,56,57,-1,1
39926,120,115,5,5
39927,114,112,2,2
39928,123,125,-2,2
39929,67,75,-8,8
39930,145,143,2,2
39931,72,73,-1,1
39932,85,81,4,4
39933,117,104,13,13
39934,87,103,-16,16
39935,66,73,-7,7
39936,116,128,-12,12
39937,53,70,-17,17
39938,109,101,8,8
39939,26,37,-11,11
39940,51,55,-4,4
39941,65,63,2,2
39942,89,80,9,9
39943,110,96,14,14
39944,70,76,-6,6
39945,46,48,-2,2
39946,119,118,1,1
39947,127,124,3,3
39948,95,94,1,1
39949,68,73,-5,5
39950,73,77,-4,4
39951,112,107,5,5
39952,152,153,-1,1
39953,83,86,-3,3
39954,115,121,-6,6
39955,131,120,11,11
39956,49,50,-1,1
39957,118,102,16,16
39958,94,86,8,8
39959,120,128,-8,8
39960,64,80,-16,16
39961,145,140,5,5
39962,63,67,-4,4
39963,62,64,-2,2
39964,55,61,-6,6
39965,113,132,-19,19
39966,62,64,-2,2
39967,80,74,6,6
39968,100,95,5,5
39969,72,77,-5,5
39970,75,76,-1,1
39971,104,107,-3,3
39972,56,53,3,3
39973,116,127,-11,11
39974,87,91,-4,4
39975,109,98,11,11
39976,107,120,-13,13
39977,63,67,-4,4
39978,127,137,-10,10
39979,124,113,11,11
39980,67,76,-9,9
39981,229,184,45,45
39982,144,130,14,14
39983,110,115,-5,5
39984,70,69,1,1
39985,102,100,2,2
39986,153,141,12,12
39987,82,84,-2,2
39988,50,51,-1,1
39989,54,59,-5,5
39990,97,88,9,9
39991,75,84,-9,9
39992,83,82,1,1
39993,88,87,1,1
39994,129,120,9,9
39995,91,83,8,8
39996,115,108,7,7
39997,96,95,1,1
39998,177,183,-6,6
39999,109,114,-5,5
40000,91,96,-5,5
40001,102,95,7,7
40002,75,70,5,5
40003,67,73,-6,6
40004,85,88,-3,3
40005,133,129,4,4
40006,122,111,11,11
40007,99,103,-4,4
40008,72,77,-5,5
40009,80,83,-3,3
40010,61,63,-2,2
40011,118,116,2,2
40012,112,114,-2,2
40013,69,75,-6,6
40014,156,157,-1,1
40015,140,142,-2,2
40016,55,50,5,5
40017,85,97,-12,12
40018,104,101,3,3
40019,113,112,1,1
40020,61,69,-8,8
40021,110,115,-5,5
40022,142,131,11,11
40023,93,91,2,2
40024,49,58,-9,9
40025,139,151,-12,12
40026,42,52,-10,10
40027,80,81,-1,1
40028,138,135,3,3
40029,148,151,-3,3
40030,28,60,-32,32
40031,54,66,-12,12
40032,85,82,3,3
40033,84,81,3,3
40034,161,145,16,16
40035,80,79,1,1
40036,108,125,-17,17
40037,91,96,-5,5
40038,92,89,3,3
40039,92,111,-19,19
40040,91,75,16,16
40041,146,138,8,8
40042,59,70,-11,11
40043,109,101,8,8
40044,67,70,-3,3
40045,89,98,-9,9
40046,156,142,14,14
40047,106,101,5,5
40048,71,71,0,0
40049,161,157,4,4
40050,97,94,3,3
40051,95,94,1,1
40052,128,130,-2,2
40053,79,94,-15,15
40054,127,141,-14,14
40055,88,95,-7,7
40056,63,61,2,2
40057,47,50,-3,3
40058,67,74,-7,7
40059,44,49,-5,5
40060,70,70,0,0
40061,59,53,6,6
40062,115,118,-3,3
40063,123,135,-12,12
40064,49,42,7,7
40065,81,78,3,3
40066,55,62,-7,7
40067,105,98,7,7
40068,120,119,1,1
40069,95,98,-3,3
40070,73,76,-3,3
40071,76,87,-11,11
40072,95,98,-3,3
40073,35,42,-7,7
40074,85,85,0,0
40075,65,80,-15,15
40076,125,126,-1,1
40077,62,63,-1,1
40078,95,95,0,0
40079,139,133,6,6
40080,77,81,-4,4
40081,65,62,3,3
40082,53,59,-6,6
40083,83,78,5,5
40084,62,60,2,2
40085,74,74,0,0
40086,32,55,-23,23
40087,67,70,-3,3
40088,134,131,3,3
40089,78,84,-6,6
40090,88,87,1,1
40091,81,87,-6,6
40092,60,66,-6,6
40093,117,106,11,11
40094,61,70,-9,9
40095,147,146,1,1
40096,217,196,21,21
40097,84,78,6,6
40098,67,75,-8,8
40099,158,186,-28,28
40100,51,60,-9,9
40101,91,91,0,0
40102,72,69,3,3
40103,121,125,-4,4
40104,76,72,4,4
40105,117,112,5,5
40106,63,77,-14,14
40107,82,93,-11,11
40108,87,101,-14,14
40109,77,75,2,2
40110,67,69,-2,2
40111,129,110,19,19
40112,56,55,1,1
40113,60,68,-8,8
40114,130,121,9,9
40115,106,124,-18,18
40116,73,73,0,0
40117,89,95,-6,6
40118,85,103,-18,18
40119,71,67,4,4
40120,206,225,-19,19
40121,142,142,0,0
40122,106,117,-11,11
40123,98,102,-4,4
40124,60,75,-15,15
40125,113,121,-8,8
40126,57,64,-7,7
40127,73,86,-13,13
40128,186,169,17,17
40129,87,96,-9,9
40130,122,113,9,9
40131,80,90,-10,10
40132,130,125,5,5
40133,106,105,1,1
40134,175,213,-38,38
40135,135,107,28,28
40136,115,116,-1,1
40137,80,81,-1,1
40138,125,127,-2,2
40139,85,91,-6,6
40140,85,83,2,2
40141,143,139,4,4
40142,92,89,3,3
40143,74,69,5,5
40144,66,74,-8,8
40145,68,65,3,3
40146,103,97,6,6
40147,82,87,-5,5
40148,57,58,-1,1
40149,102,115,-13,13
40150,117,112,5,5
40151,79,82,-3,3
40152,179,159,20,20
40153,111,125,-14,14
40154,59,64,-5,5
40155,90,93,-3,3
40156,82,102,-20,20
40157,120,118,2,2
40158,89,91,-2,2
40159,76,73,3,3
40160,74,70,4,4
40161,54,56,-2,2
40162,51,52,-1,1
40163,71,77,-6,6
40164,116,103,13,13
40165,84,83,1,1
40166,107,110,-3,3
40167,83,81,2,2
40168,170,159,11,11
40169,118,117,1,1
40170,115,112,3,3
40171,78,93,-15,15
40172,155,149,6,6
40173,143,152,-9,9
40174,80,86,-6,6
40175,64,74,-10,10
40176,97,89,8,8
40177,92,81,11,11
40178,63,69,-6,6
40179,196,184,12,12
40180,70,80,-10,10
40181,95,100,-5,5
40182,73,76,-3,3
40183,64,74,-10,10
40184,86,101,-15,15
40185,93,98,-5,5
40186,81,84,-3,3
40187,132,109,23,23
40188,89,73,16,16
40189,80,72,8,8
40190,61,65,-4,4
40191,148,159,-11,11
40192,104,101,3,3
40193,105,109,-4,4
40194,94,88,6,6
40195,72,75,-3,3
40196,71,77,-6,6
40197,115,121,-6,6
40198,100,93,7,7
40199,64,64,0,0
40200,88,68,20,20
40201,175,180,-5,5
40202,153,165,-12,12
40203,58,57,1,1
40204,143,150,-7,7
40205,49,47,2,2
40206,62,64,-2,2
40207,72,72,0,0
40208,112,119,-7,7
40209,90,89,1,1
40210,88,88,0,0
40211,92,86,6,6
40212,25,56,-31,31
40213,97,96,1,1
40214,133,124,9,9
40215,86,85,1,1
40216,81,78,3,3
40217,164,152,12,12
40218,64,62,2,2
40219,79,84,-5,5
40220,108,107,1,1
40221,62,71,-9,9
40222,84,83,1,1
40223,187,194,-7,7
40224,70,82,-12,12
40225,119,115,4,4
40226,86,79,7,7
40227,118,118,0,0
40228,79,87,-8,8
40229,77,82,-5,5
40230,85,90,-5,5
40231,107,108,-1,1
40232,76,82,-6,6
40233,54,56,-2,2
40234,66,71,-5,5
40235,64,79,-15,15
40236,56,78,-22,22
40237,147,154,-7,7
40238,92,72,20,20
40239,119,118,1,1
40240,61,73,-12,12
40241,112,108,4,4
40242,116,125,-9,9
40243,68,79,-11,11
40244,153,148,5,5
40245,114,130,-16,16
40246,115,113,2,2
40247,91,94,-3,3
40248,68,67,1,1
40249,111,112,-1,1
40250,79,74,5,5
40251,57,69,-12,12
40252,114,111,3,3
40253,66,75,-9,9
40254,96,82,14,14
40255,83,97,-14,14
40256,93,84,9,9
40257,83,73,10,10
40258,80,79,1,1
40259,82,87,-5,5
40260,114,120,-6,6
40261,49,86,-37,37
40262,67,73,-6,6
40263,79,81,-2,2
40264,77,73,4,4
40265,64,65,-1,1
40266,177,190,-13,13
40267,71,80,-9,9
40268,99,99,0,0
40269,90,87,3,3
40270,107,106,1,1
40271,103,97,6,6
40272,144,143,1,1
40273,81,77,4,4
40274,69,78,-9,9
40275,63,82,-19,19
40276,105,116,-11,11
40277,100,93,7,7
40278,118,124,-6,6
40279,89,85,4,4
40280,90,91,-1,1
40281,88,95,-7,7
40282,69,62,7,7
40283,59,65,-6,6
40284,84,83,1,1
40285,143,154,-11,11
40286,112,126,-14,14
40287,143,152,-9,9
40288,78,67,11,11
40289,38,41,-3,3
40290,107,99,8,8
40291,57,60,-3,3
40292,62,93,-31,31
40293,79,83,-4,4
40294,72,76,-4,4
40295,85,85,0,0
40296,83,90,-7,7
40297,69,70,-1,1
40298,62,55,7,7
40299,80,78,2,2
40300,55,68,-13,13
40301,77,74,3,3
40302,77,93,-16,16
40303,81,89,-8,8
40304,88,93,-5,5
40305,75,89,-14,14
40306,103,108,-5,5
40307,63,61,2,2
40308,115,107,8,8
40309,149,152,-3,3
40310,48,53,-5,5
40311,67,65,2,2
40312,167,156,11,11
40313,116,116,0,0
40314,40,59,-19,19
40315,93,102,-9,9
40316,98,93,5,5
40317,105,95,10,10
40318,150,138,12,12
40319,174,145,29,29
40320,156,123,33,33
40321,61,98,-37,37
40322,124,132,-8,8
40323,61,67,-6,6
40324,58,64,-6,6
40325,147,156,-9,9
40326,80,95,-15,15
40327,115,102,13,13
40328,139,152,-13,13
40329,73,78,-5,5
40330,208,211,-3,3
40331,92,104,-12,12
40332,63,56,7,7
40333,126,113,13,13
40334,31,45,-14,14
40335,55,90,-35,35
40336,154,157,-3,3
40337,110,118,-8,8
40338,62,64,-2,2
40339,124,120,4,4
40340,81,75,6,6
40341,78,83,-5,5
40342,122,143,-21,21
40343,110,124,-14,14
40344,100,85,15,15
40345,112,115,-3,3
40346,58,59,-1,1
40347,92,91,1,1
40348,143,143,0,0
40349,76,77,-1,1
40350,62,66,-4,4
40351,72,75,-3,3
40352,96,88,8,8
40353,98,107,-9,9
40354,209,193,16,16
40355,81,85,-4,4
40356,65,76,-11,11
40357,111,99,12,12
40358,158,158,0,0
40359,106,112,-6,6
40360,124,118,6,6
40361,90,85,5,5
40362,95,98,-3,3
40363,86,94,-8,8
40364,89,84,5,5
40365,59,71,-12,12
40366,132,121,11,11
40367,91,84,7,7
40368,90,88,2,2
40369,85,91,-6,6
40370,77,90,-13,13
40371,68,60,8,8
40372,77,85,-8,8
40373,125,136,-11,11
40374,53,47,6,6
40375,100,113,-13,13
40376,128,135,-7,7
40377,78,71,7,7
40378,73,93,-20,20
40379,79,83,-4,4
40380,89,96,-7,7
40381,101,103,-2,2
40382,93,109,-16,16
40383,93,95,-2,2
40384,62,65,-3,3
40385,113,90,23,23
40386,117,113,4,4
40387,133,131,2,2
40388,107,119,-12,12
40389,64,88,-24,24
40390,48,73,-25,25
40391,103,100,3,3
40392,91,101,-10,10
40393,121,137,-16,16
40394,109,117,-8,8
40395,92,90,2,2
40396,118,112,6,6
40397,82,89,-7,7
40398,76,71,5,5
40399,98,88,10,10
40400,118,112,6,6
40401,124,131,-7,7
40402,120,108,12,12
40403,85,90,-5,5
40404,112,112,0,0
40405,88,88,0,0
40406,65,66,-1,1
40407,48,59,-11,11
40408,66,81,-15,15
40409,106,81,25,25
40410,174,155,19,19
40411,161,160,1,1
40412,42,76,-34,34
40413,65,71,-6,6
40414,47,61,-14,14
40415,100,111,-11,11
40416,91,89,2,2
40417,59,61,-2,2
40418,77,87,-10,10
40419,83,88,-5,5
40420,91,84,7,7
40421,91,88,3,3
40422,163,172,-9,9
40423,89,87,2,2
40424,144,153,-9,9
40425,107,125,-18,18
40426,75,75,0,0
40427,210,220,-10,10
40428,168,154,14,14
40429,116,91,25,25
40430,67,79,-12,12
40431,66,72,-6,6
40432,23,54,-31,31
40433,99,97,2,2
40434,66,75,-9,9
40435,56,60,-4,4
40436,92,80,12,12
40437,132,126,6,6
40438,67,67,0,0
40439,42,48,-6,6
40440,123,128,-5,5
40441,44,53,-9,9
40442,117,120,-3,3
40443,109,112,-3,3
40444,106,105,1,1
40445,92,89,3,3
40446,88,85,3,3
40447,74,78,-4,4
40448,114,133,-19,19
40449,146,133,13,13
40450,105,102,3,3
40451,91,96,-5,5
40452,124,121,3,3
40453,178,173,5,5
40454,98,98,0,0
40455,145,158,-13,13
40456,76,80,-4,4
40457,100,94,6,6
40458,128,118,10,10
40459,152,150,2,2
40460,40,42,-2,2
40461,65,72,-7,7
40462,107,111,-4,4
40463,90,88,2,2
40464,100,109,-9,9
40465,71,89,-18,18
40466,55,53,2,2
40467,80,83,-3,3
40468,131,101,30,30
40469,28,44,-16,16
40470,93,93,0,0
40471,149,158,-9,9
40472,88,94,-6,6
40473,50,58,-8,8
40474,82,92,-10,10
40475,125,122,3,3
40476,131,116,15,15
40477,93,103,-10,10
40478,83,87,-4,4
40479,149,164,-15,15
40480,74,83,-9,9
40481,124,127,-3,3
40482,174,158,16,16
40483,83,116,-33,33
40484,119,129,-10,10
40485,85,78,7,7
40486,70,63,7,7
40487,197,198,-1,1
40488,131,127,4,4
40489,130,121,9,9
40490,73,83,-10,10
40491,97,94,3,3
40492,85,91,-6,6
40493,198,178,20,20
40494,100,96,4,4
40495,81,91,-10,10
40496,71,72,-1,1
40497,97,95,2,2
40498,77,90,-13,13
40499,88,86,2,2
40500,90,88,2,2
40501,74,85,-11,11
40502,70,82,-12,12
40503,63,64,-1,1
40504,149,146,3,3
40505,97,98,-1,1
40506,65,72,-7,7
40507,81,85,-4,4
40508,100,101,-1,1
40509,79,89,-10,10
40510,106,111,-5,5
40511,79,84,-5,5
40512,137,142,-5,5
40513,82,91,-9,9
40514,68,65,3,3
40515,100,91,9,9
40516,40,50,-10,10
40517,57,54,3,3
40518,73,69,4,4
40519,85,90,-5,5
40520,135,140,-5,5
40521,126,128,-2,2
40522,158,168,-10,10
40523,110,113,-3,3
40524,125,136,-11,11
40525,115,112,3,3
40526,112,119,-7,7
40527,71,75,-4,4
40528,121,137,-16,16
40529,97,104,-7,7
40530,104,105,-1,1
40531,97,97,0,0
40532,54,59,-5,5
40533,76,81,-5,5
40534,132,104,28,28
40535,98,105,-7,7
40536,107,102,5,5
40537,119,118,1,1
40538,125,118,7,7
40539,96,102,-6,6
40540,49,57,-8,8
40541,89,78,11,11
40542,101,101,0,0
40543,86,93,-7,7
40544,43,48,-5,5
40545,40,46,-6,6
40546,109,108,1,1
40547,49,62,-13,13
40548,99,100,-1,1
40549,120,82,38,38
40550,70,86,-16,16
40551,177,166,11,11
40552,59,70,-11,11
40553,90,95,-5,5
40554,99,107,-8,8
40555,99,103,-4,4
40556,113,99,14,14
40557,87,96,-9,9
40558,120,107,13,13
40559,122,119,3,3
40560,156,154,2,2
40561,90,79,11,11
40562,109,112,-3,3
40563,59,74,-15,15
40564,110,113,-3,3
40565,64,70,-6,6
40566,76,80,-4,4
40567,93,93,0,0
40568,81,76,5,5
40569,155,154,1,1
40570,77,92,-15,15
40571,52,56,-4,4
40572,48,59,-11,11
40573,94,108,-14,14
40574,72,77,-5,5
40575,78,98,-20,20
40576,108,109,-1,1
40577,74,83,-9,9
40578,67,61,6,6
40579,88,82,6,6
40580,127,100,27,27
40581,88,99,-11,11
40582,53,49,4,4
40583,101,104,-3,3
40584,105,101,4,4
40585,120,119,1,1
40586,63,77,-14,14
40587,50,54,-4,4
40588,67,70,-3,3
40589,121,121,0,0
40590,76,77,-1,1
40591,95,88,7,7
40592,97,106,-9,9
40593,63,70,-7,7
40594,135,142,-7,7
40595,61,83,-22,22
40596,79,79,0,0
40597,133,128,5,5
40598,97,103,-6,6
40599,78,72,6,6
40600,96,95,1,1
40601,47,52,-5,5
40602,139,134,5,5
40603,99,97,2,2
40604,113,102,11,11
40605,94,96,-2,2
40606,100,112,-12,12
40607,71,83,-12,12
40608,102,114,-12,12
40609,113,110,3,3
40610,85,86,-1,1
40611,75,57,18,18
40612,62,59,3,3
40613,111,92,19,19
40614,80,77,3,3
40615,117,117,0,0
40616,107,108,-1,1
40617,75,82,-7,7
40618,82,93,-11,11
40619,73,75,-2,2
40620,110,106,4,4
40621,115,110,5,5
40622,151,147,4,4
40623,60,73,-13,13
40624,51,59,-8,8
40625,76,67,9,9
40626,115,89,26,26
40627,79,82,-3,3
40628,85,93,-8,8
40629,84,76,8,8
40630,136,128,8,8
40631,76,80,-4,4
40632,30,42,-12,12
40633,141,135,6,6
40634,83,83,0,0
40635,81,80,1,1
40636,79,83,-4,4
40637,113,113,0,0
40638,88,83,5,5
40639,145,171,-26,26
40640,156,157,-1,1
40641,80,81,-1,1
40642,103,104,-1,1
40643,116,112,4,4
40644,76,73,3,3
40645,123,128,-5,5
40646,93,96,-3,3
40647,103,114,-11,11
40648,67,66,1,1
40649,102,108,-6,6
40650,92,84,8,8
40651,86,86,0,0
40652,56,64,-8,8
40653,80,85,-5,5
40654,137,146,-9,9
40655,48,57,-9,9
40656,87,75,12,12
40657,112,125,-13,13
40658,74,76,-2,2
40659,87,90,-3,3
40660,101,109,-8,8
40661,58,70,-12,12
40662,116,118,-2,2
40663,97,95,2,2
40664,65,63,2,2
40665,98,88,10,10
40666,98,97,1,1
40667,156,152,4,4
40668,88,92,-4,4
40669,85,92,-7,7
40670,64,61,3,3
40671,72,74,-2,2
40672,107,117,-10,10
40673,87,102,-15,15
40674,115,96,19,19
40675,102,87,15,15
40676,120,109,11,11
40677,87,96,-9,9
40678,81,83,-2,2
40679,53,57,-4,4
40680,71,73,-2,2
40681,78,81,-3,3
40682,104,106,-2,2
40683,113,120,-7,7
40684,51,48,3,3
40685,65,66,-1,1
40686,109,137,-28,28
40687,78,85,-7,7
40688,105,98,7,7
40689,93,102,-9,9
40690,103,103,0,0
40691,113,108,5,5
40692,77,89,-12,12
40693,135,132,3,3
40694,82,67,15,15
40695,84,81,3,3
40696,56,65,-9,9
40697,54,61,-7,7
40698,146,135,11,11
40699,149,152,-3,3
40700,91,86,5,5
40701,61,63,-2,2
40702,117,129,-12,12
40703,46,62,-16,16
40704,159,152,7,7
40705,94,89,5,5
40706,153,138,15,15
40707,108,102,6,6
40708,85,81,4,4
40709,69,72,-3,3
40710,295,227,68,68
40711,74,72,2,2
40712,103,106,-3,3
40713,80,86,-6,6
40714,68,68,0,0
40715,120,134,-14,14
40716,86,88,-2,2
40717,118,119,-1,1
40718,74,78,-4,4
40719,99,78,21,21
40720,76,71,5,5
40721,134,126,8,8
40722,97,103,-6,6
40723,66,75,-9,9
40724,92,104,-12,12
40725,50,53,-3,3
40726,83,83,0,0
40727,98,100,-2,2
40728,72,73,-1,1
40729,71,79,-8,8
40730,71,77,-6,6
40731,78,87,-9,9
40732,81,85,-4,4
40733,126,128,-2,2
40734,71,69,2,2
40735,70,74,-4,4
40736,141,142,-1,1
40737,75,70,5,5
40738,85,84,1,1
40739,89,91,-2,2
40740,82,75,7,7
40741,174,160,14,14
40742,77,80,-3,3
40743,113,113,0,0
40744,165,172,-7,7
40745,55,56,-1,1
40746,94,83,11,11
40747,81,81,0,0
40748,103,101,2,2
40749,87,87,0,0
40750,68,77,-9,9
40751,205,228,-23,23
40752,85,91,-6,6
40753,66,65,1,1
40754,68,67,1,1
40755,87,86,1,1
40756,101,91,10,10
40757,115,116,-1,1
40758,69,80,-11,11
40759,144,143,1,1
40760,97,95,2,2
40761,107,113,-6,6
40762,88,108,-20,20
40763,138,139,-1,1
40764,90,83,7,7
40765,129,146,-17,17
40766,66,69,-3,3
40767,75,75,0,0
40768,118,118,0,0
40769,99,97,2,2
40770,77,74,3,3
40771,89,84,5,5
40772,95,98,-3,3
40773,56,64,-8,8
40774,115,119,-4,4
40775,59,64,-5,5
40776,117,120,-3,3
40777,110,115,-5,5
40778,120,95,25,25
40779,98,87,11,11
40780,121,128,-7,7
40781,100,85,15,15
40782,85,87,-2,2
40783,106,106,0,0
40784,165,155,10,10
40785,65,72,-7,7
40786,58,56,2,2
40787,165,169,-4,4
40788,56,66,-10,10
40789,62,69,-7,7
40790,85,77,8,8
40791,93,96,-3,3
40792,57,62,-5,5
40793,97,98,-1,1
40794,96,103,-7,7
40795,45,58,-13,13
40796,114,110,4,4
40797,77,75,2,2
40798,77,85,-8,8
40799,89,83,6,6
40800,70,85,-15,15
40801,84,89,-5,5
40802,89,111,-22,22
40803,104,109,-5,5
40804,88,90,-2,2
40805,68,75,-7,7
40806,67,72,-5,5
40807,51,45,6,6
40808,144,151,-7,7
40809,135,138,-3,3
40810,89,89,0,0
40811,122,121,1,1
40812,110,110,0,0
40813,81,86,-5,5
40814,147,157,-10,10
40815,60,63,-3,3
40816,137,151,-14,14
40817,110,114,-4,4
40818,125,127,-2,2
40819,89,97,-8,8
40820,129,146,-17,17
40821,70,63,7,7
40822,149,146,3,3
40823,72,63,9,9
40824,96,101,-5,5
40825,76,79,-3,3
40826,154,156,-2,2
40827,220,203,17,17
40828,106,112,-6,6
40829,95,101,-6,6
40830,158,164,-6,6
40831,140,138,2,2
40832,86,93,-7,7
40833,96,92,4,4
40834,100,96,4,4
40835,70,97,-27,27
40836,64,83,-19,19
40837,147,135,12,12
40838,75,79,-4,4
40839,80,86,-6,6
40840,161,135,26,26
40841,83,102,-19,19
40842,89,80,9,9
40843,169,159,10,10
40844,85,94,-9,9
40845,151,151,0,0
40846,85,82,3,3
40847,61,70,-9,9
40848,62,68,-6,6
40849,118,112,6,6
40850,97,93,4,4
40851,118,112,6,6
40852,104,98,6,6
40853,44,58,-14,14
40854,101,98,3,3
40855,69,72,-3,3
40856,52,52,0,0
40857,115,118,-3,3
40858,56,62,-6,6
40859,110,124,-14,14
40860,96,115,-19,19
40861,88,87,1,1
40862,94,93,1,1
40863,60,58,2,2
40864,108,110,-2,2
40865,114,108,6,6
40866,87,93,-6,6
40867,102,108,-6,6
40868,75,79,-4,4
40869,56,54,2,2
40870,123,121,2,2
40871,29,45,-16,16
40872,70,87,-17,17
40873,87,84,3,3
40874,48,63,-15,15
40875,108,97,11,11
40876,164,166,-2,2
40877,125,118,7,7
40878,66,66,0,0
40879,190,182,8,8
40880,91,89,2,2
40881,116,87,29,29
40882,96,96,0,0
40883,86,85,1,1
40884,157,166,-9,9
40885,149,143,6,6
40886,54,56,-2,2
40887,81,90,-9,9
40888,97,103,-6,6
40889,128,125,3,3
40890,96,98,-2,2
40891,121,126,-5,5
40892,131,130,1,1
40893,133,124,9,9
40894,130,131,-1,1
40895,97,87,10,10
40896,68,81,-13,13
40897,118,107,11,11
40898,91,92,-1,1
40899,90,108,-18,18
40900,65,65,0,0
40901,143,126,17,17
40902,80,70,10,10
40903,96,89,7,7
40904,104,94,10,10
40905,112,119,-7,7
40906,86,85,1,1
40907,91,92,-1,1
40908,205,176,29,29
40909,73,83,-10,10
40910,101,95,6,6
40911,73,75,-2,2
40912,90,86,4,4
40913,191,206,-15,15
40914,90,95,-5,5
40915,149,147,2,2
40916,73,92,-19,19
40917,152,153,-1,1
40918,115,110,5,5
40919,88,91,-3,3
40920,86,82,4,4
40921,103,98,5,5
40922,37,43,-6,6
40923,83,81,2,2
40924,76,70,6,6
40925,56,67,-11,11
40926,130,125,5,5
40927,67,65,2,2
40928,78,78,0,0
40929,105,105,0,0
40930,101,94,7,7
40931,88,85,3,3
40932,83,88,-5,5
40933,108,109,-1,1
40934,67,73,-6,6
40935,107,112,-5,5
40936,43,36,7,7
40937,71,80,-9,9
40938,99,84,15,15
40939,120,132,-12,12
40940,132,123,9,9
40941,30,39,-9,9
40942,88,98,-10,10
40943,82,100,-18,18
40944,59,68,-9,9
40945,68,78,-10,10
40946,120,111,9,9
40947,60,64,-4,4
40948,103,96,7,7
40949,110,106,4,4
40950,114,113,1,1
40951,90,91,-1,1
40952,192,192,0,0
40953,100,102,-2,2
40954,119,119,0,0
40955,91,97,-6,6
40956,98,97,1,1
40957,51,51,0,0
40958,94,96,-2,2
40959,98,105,-7,7
40960,71,74,-3,3
40961,106,123,-17,17
40962,78,83,-5,5
40963,66,70,-4,4
40964,79,82,-3,3
40965,85,90,-5,5
40966,147,150,-3,3
40967,68,71,-3,3
40968,66,67,-1,1
40969,81,85,-4,4
40970,133,132,1,1
40971,120,122,-2,2
40972,71,79,-8,8
40973,169,174,-5,5
40974,159,155,4,4
40975,57,67,-10,10
40976,73,75,-2,2
40977,44,48,-4,4
40978,85,92,-7,7
40979,49,60,-11,11
40980,54,65,-11,11
40981,89,88,1,1
40982,62,73,-11,11
40983,88,87,1,1
40984,93,100,-7,7
40985,66,59,7,7
40986,69,79,-10,10
40987,138,159,-21,21
40988,88,94,-6,6
40989,102,109,-7,7
40990,45,49,-4,4
40991,48,48,0,0
40992,106,91,15,15
40993,158,114,44,44
40994,125,121,4,4
40995,64,76,-12,12
40996,153,158,-5,5
40997,66,71,-5,5
40998,87,89,-2,2
40999,90,92,-2,2
41000,105,104,1,1
41001,51,55,-4,4
41002,148,138,10,10
41003,123,131,-8,8
41004,59,58,1,1
41005,88,78,10,10
41006,91,100,-9,9
41007,77,80,-3,3
41008,98,95,3,3
41009,84,94,-10,10
41010,97,88,9,9
41011,129,119,10,10
41012,158,157,1,1
41013,99,105,-6,6
41014,153,165,-12,12
41015,140,124,16,16
41016,97,93,4,4
41017,116,126,-10,10
41018,108,105,3,3
41019,117,120,-3,3
41020,112,117,-5,5
41021,70,69,1,1
41022,117,123,-6,6
41023,186,189,-3,3
41024,88,90,-2,2
41025,40,50,-10,10
41026,69,77,-8,8
41027,138,117,21,21
41028,68,74,-6,6
41029,194,176,18,18
41030,141,135,6,6
41031,66,79,-13,13
41032,87,95,-8,8
41033,112,112,0,0
41034,120,109,11,11
41035,117,115,2,2
41036,116,116,0,0
41037,113,123,-10,10
41038,109,127,-18,18
41039,116,115,1,1
41040,107,108,-1,1
41041,156,144,12,12
41042,54,57,-3,3
41043,96,96,0,0
41044,116,114,2,2
41045,105,101,4,4
41046,53,50,3,3
41047,146,148,-2,2
41048,111,124,-13,13
41049,55,58,-3,3
41050,130,131,-1,1
41051,89,97,-8,8
41052,99,112,-13,13
41053,101,103,-2,2
41054,107,119,-12,12
41055,56,62,-6,6
41056,72,70,2,2
41057,141,142,-1,1
41058,49,58,-9,9
41059,50,45,5,5
41060,106,97,9,9
41061,71,68,3,3
41062,82,101,-19,19
41063,112,107,5,5
41064,114,116,-2,2
41065,91,89,2,2
41066,79,83,-4,4
41067,87,90,-3,3
41068,72,67,5,5
41069,140,145,-5,5
41070,79,88,-9,9
41071,103,92,11,11
41072,105,103,2,2
41073,80,78,2,2
41074,63,66,-3,3
41075,89,88,1,1
41076,58,61,-3,3
41077,71,61,10,10
41078,91,90,1,1
41079,64,58,6,6
41080,134,135,-1,1
41081,144,137,7,7
41082,46,81,-35,35
41083,79,90,-11,11
41084,137,124,13,13
41085,71,70,1,1
41086,88,77,11,11
41087,99,79,20,20
41088,77,82,-5,5
41089,71,76,-5,5
41090,66,68,-2,2
41091,57,63,-6,6
41092,107,112,-5,5
41093,157,162,-5,5
41094,59,63,-4,4
41095,107,120,-13,13
41096,150,144,6,6
41097,97,107,-10,10
41098,56,64,-8,8
41099,122,118,4,4
41100,118,119,-1,1
41101,98,81,17,17
41102,87,98,-11,11
41103,84,73,11,11
41104,67,76,-9,9
41105,97,99,-2,2
41106,110,112,-2,2
41107,75,78,-3,3
41108,49,48,1,1
41109,121,136,-15,15
41110,124,118,6,6
41111,86,81,5,5
41112,91,101,-10,10
41113,74,67,7,7
41114,87,79,8,8
41115,61,67,-6,6
41116,76,93,-17,17
41117,169,178,-9,9
41118,79,82,-3,3
41119,85,96,-11,11
41120,129,84,45,45
41121,68,69,-1,1
41122,88,114,-26,26
41123,136,128,8,8
41124,81,84,-3,3
41125,143,147,-4,4
41126,66,66,0,0
41127,90,101,-11,11
41128,69,72,-3,3
41129,129,122,7,7
41130,77,84,-7,7
41131,128,135,-7,7
41132,110,119,-9,9
41133,125,132,-7,7
41134,82,69,13,13
41135,147,142,5,5
41136,77,79,-2,2
41137,81,80,1,1
41138,91,95,-4,4
41139,106,101,5,5
41140,65,78,-13,13
41141,59,67,-8,8
41142,107,120,-13,13
41143,75,90,-15,15
41144,86,98,-12,12
41145,92,90,2,2
41146,87,96,-9,9
41147,115,129,-14,14
41148,70,84,-14,14
41149,78,82,-4,4
41150,77,75,2,2
41151,142,161,-19,19
41152,161,165,-4,4
41153,145,134,11,11
41154,102,101,1,1
41155,68,70,-2,2
41156,81,86,-5,5
41157,92,90,2,2
41158,91,96,-5,5
41159,87,86,1,1
41160,168,163,5,5
41161,58,57,1,1
41162,119,102,17,17
41163,55,51,4,4
41164,69,70,-1,1
41165,69,72,-3,3
41166,99,104,-5,5
41167,72,74,-2,2
41168,82,88,-6,6
41169,134,137,-3,3
41170,88,81,7,7
41171,61,67,-6,6
41172,77,78,-1,1
41173,106,118,-12,12
41174,89,92,-3,3
41175,90,91,-1,1
41176,102,114,-12,12
41177,77,74,3,3
41178,63,67,-4,4
41179,76,80,-4,4
41180,67,71,-4,4
41181,64,73,-9,9
41182,66,73,-7,7
41183,126,126,0,0
41184,91,106,-15,15
41185,148,122,26,26
41186,111,112,-1,1
41187,58,66,-8,8
41188,93,88,5,5
41189,80,77,3,3
41190,173,174,-1,1
41191,80,78,2,2
41192,117,118,-1,1
41193,69,57,12,12
41194,115,117,-2,2
41195,122,115,7,7
41196,76,77,-1,1
41197,89,73,16,16
41198,92,111,-19,19
41199,101,102,-1,1
41200,156,143,13,13
41201,88,84,4,4
41202,61,59,2,2
41203,80,76,4,4
41204,128,129,-1,1
41205,101,98,3,3
41206,114,114,0,0
41207,142,128,14,14
41208,53,50,3,3
41209,138,136,2,2
41210,49,56,-7,7
41211,146,140,6,6
41212,91,84,7,7
41213,136,140,-4,4
41214,60,69,-9,9
41215,147,142,5,5
41216,86,89,-3,3
41217,71,76,-5,5
41218,127,157,-30,30
41219,62,67,-5,5
41220,109,108,1,1
41221,69,70,-1,1
41222,186,193,-7,7
41223,44,47,-3,3
41224,39,43,-4,4
41225,89,92,-3,3
41226,113,116,-3,3
41227,65,68,-3,3
41228,63,69,-6,6
41229,61,68,-7,7
41230,132,132,0,0
41231,70,77,-7,7
41232,179,191,-12,12
41233,103,115,-12,12
41234,118,110,8,8
41235,71,76,-5,5
41236,156,148,8,8
41237,95,90,5,5
41238,108,110,-2,2
41239,92,99,-7,7
41240,125,130,-5,5
41241,103,95,8,8
41242,87,81,6,6
41243,57,65,-8,8
41244,95,98,-3,3
41245,207,223,-16,16
41246,72,78,-6,6
41247,158,155,3,3
41248,78,88,-10,10
41249,59,55,4,4
41250,77,72,5,5
41251,78,73,5,5
41252,120,106,14,14
41253,137,134,3,3
41254,71,65,6,6
41255,117,116,1,1
41256,97,95,2,2
41257,108,106,2,2
41258,64,70,-6,6
41259,125,116,9,9
41260,57,53,4,4
41261,47,50,-3,3
41262,110,99,11,11
41263,173,188,-15,15
41264,70,63,7,7
41265,112,112,0,0
41266,69,73,-4,4
41267,95,91,4,4
41268,50,54,-4,4
41269,60,65,-5,5
41270,108,115,-7,7
41271,88,88,0,0
41272,141,168,-27,27
41273,65,72,-7,7
41274,111,123,-12,12
41275,110,104,6,6
41276,156,136,20,20
41277,70,94,-24,24
41278,77,89,-12,12
41279,111,106,5,5
41280,77,78,-1,1
41281,132,149,-17,17
41282,94,87,7,7
41283,87,84,3,3
41284,71,79,-8,8
41285,69,77,-8,8
41286,57,63,-6,6
41287,63,67,-4,4
41288,170,177,-7,7
41289,99,101,-2,2
41290,91,102,-11,11
41291,75,87,-12,12
41292,155,159,-4,4
41293,169,157,12,12
41294,121,114,7,7
41295,56,60,-4,4
41296,73,76,-3,3
41297,142,52,90,90
41298,76,94,-18,18
41299,117,130,-13,13
41300,113,121,-8,8
41301,63,63,0,0
41302,146,139,7,7
41303,71,69,2,2
41304,68,72,-4,4
41305,96,100,-4,4
41306,64,73,-9,9
41307,79,68,11,11
41308,77,83,-6,6
41309,54,60,-6,6
41310,81,85,-4,4
41311,106,110,-4,4
41312,130,123,7,7
41313,63,62,1,1
41314,74,79,-5,5
41315,87,87,0,0
41316,97,96,1,1
41317,136,151,-15,15
41318,78,74,4,4
41319,114,110,4,4
41320,172,205,-33,33
41321,69,91,-22,22
41322,55,70,-15,15
41323,68,67,1,1
41324,84,80,4,4
41325,64,83,-19,19
41326,44,53,-9,9
41327,98,100,-2,2
41328,118,128,-10,10
41329,115,111,4,4
41330,151,154,-3,3
41331,66,74,-8,8
41332,150,137,13,13
41333,94,90,4,4
41334,83,90,-7,7
41335,138,130,8,8
41336,96,103,-7,7
41337,117,115,2,2
41338,32,41,-9,9
41339,167,168,-1,1
41340,162,111,51,51
41341,120,131,-11,11
41342,84,96,-12,12
41343,64,68,-4,4
41344,147,149,-2,2
41345,74,81,-7,7
41346,42,59,-17,17
41347,65,77,-12,12
41348,87,81,6,6
41349,101,116,-15,15
41350,64,64,0,0
41351,54,65,-11,11
41352,99,109,-10,10
41353,60,66,-6,6
41354,62,69,-7,7
41355,134,125,9,9
41356,79,84,-5,5
41357,74,80,-6,6
41358,103,112,-9,9
41359,160,166,-6,6
41360,103,99,4,4
41361,96,95,1,1
41362,66,62,4,4
41363,72,73,-1,1
41364,69,76,-7,7
41365,115,121,-6,6
41366,74,74,0,0
41367,47,60,-13,13
41368,116,109,7,7
41369,75,82,-7,7
41370,74,88,-14,14
41371,138,134,4,4
41372,83,87,-4,4
41373,78,83,-5,5
41374,144,140,4,4
41375,94,93,1,1
41376,91,91,0,0
41377,97,107,-10,10
41378,79,77,2,2
41379,87,86,1,1
41380,50,63,-13,13
41381,61,63,-2,2
41382,66,81,-15,15
41383,83,82,1,1
41384,69,63,6,6
41385,117,109,8,8
41386,123,115,8,8
41387,152,137,15,15
41388,53,53,0,0
41389,41,74,-33,33
41390,120,118,2,2
41391,50,51,-1,1
41392,103,109,-6,6
41393,59,73,-14,14
41394,146,86,60,60
41395,74,60,14,14
41396,119,122,-3,3
41397,100,99,1,1
41398,109,98,11,11
41399,140,132,8,8
41400,104,110,-6,6
41401,118,129,-11,11
41402,129,117,12,12
41403,62,66,-4,4
41404,80,92,-12,12
41405,67,71,-4,4
41406,45,53,-8,8
41407,111,115,-4,4
41408,110,116,-6,6
41409,68,73,-5,5
41410,84,98,-14,14
41411,132,121,11,11
41412,67,66,1,1
41413,66,77,-11,11
41414,53,74,-21,21
41415,88,86,2,2
41416,115,126,-11,11
41417,142,147,-5,5
41418,134,141,-7,7
41419,108,112,-4,4
41420,63,68,-5,5
41421,68,58,10,10
41422,96,84,12,12
41423,73,77,-4,4
41424,88,99,-11,11
41425,107,98,9,9
41426,114,136,-22,22
41427,132,132,0,0
41428,64,72,-8,8
41429,73,74,-1,1
41430,109,102,7,7
41431,65,61,4,4
41432,138,109,29,29
41433,103,97,6,6
41434,132,126,6,6
41435,67,68,-1,1
41436,70,72,-2,2
41437,114,128,-14,14
41438,54,61,-7,7
41439,87,85,2,2
41440,57,71,-14,14
41441,163,179,-16,16
41442,83,87,-4,4
41443,48,56,-8,8
41444,62,71,-9,9
41445,110,100,10,10
41446,64,63,1,1
41447,154,153,1,1
41448,119,120,-1,1
41449,81,85,-4,4
41450,76,79,-3,3
41451,125,108,17,17
41452,82,81,1,1
41453,140,139,1,1
41454,58,67,-9,9
41455,90,83,7,7
41456,94,88,6,6
41457,70,81,-11,11
41458,126,125,1,1
41459,42,44,-2,2
41460,96,92,4,4
41461,144,129,15,15
41462,84,75,9,9
41463,91,87,4,4
41464,89,86,3,3
41465,68,71,-3,3
41466,74,77,-3,3
41467,73,74,-1,1
41468,95,92,3,3
41469,141,123,18,18
41470,144,138,6,6
41471,115,122,-7,7
41472,126,116,10,10
41473,81,76,5,5
41474,70,67,3,3
41475,101,108,-7,7
41476,36,63,-27,27
41477,103,96,7,7
41478,50,58,-8,8
41479,108,100,8,8
41480,168,179,-11,11
41481,89,109,-20,20
41482,128,113,15,15
41483,87,79,8,8
41484,72,78,-6,6
41485,166,165,1,1
41486,75,79,-4,4
41487,116,121,-5,5
41488,66,70,-4,4
41489,89,93,-4,4
41490,72,79,-7,7
41491,103,118,-15,15
41492,82,87,-5,5
41493,108,120,-12,12
41494,115,111,4,4
41495,154,179,-25,25
41496,96,102,-6,6
41497,70,71,-1,1
41498,105,100,5,5
41499,103,108,-5,5
41500,80,87,-7,7
41501,167,109,58,58
41502,131,140,-9,9
41503,87,89,-2,2
41504,83,81,2,2
41505,221,198,23,23
41506,67,70,-3,3
41507,114,109,5,5
41508,88,83,5,5
41509,80,72,8,8
41510,183,182,1,1
41511,67,72,-5,5
41512,172,166,6,6
41513,56,62,-6,6
41514,60,52,8,8
41515,60,61,-1,1
41516,77,86,-9,9
41517,85,79,6,6
41518,64,62,2,2
41519,88,93,-5,5
41520,143,124,19,19
41521,148,155,-7,7
41522,73,72,1,1
41523,97,104,-7,7
41524,85,92,-7,7
41525,62,58,4,4
41526,82,81,1,1
41527,63,57,6,6
41528,55,59,-4,4
41529,133,129,4,4
41530,96,97,-1,1
41531,98,103,-5,5
41532,67,65,2,2
41533,104,99,5,5
41534,118,138,-20,20
41535,83,96,-13,13
41536,110,119,-9,9
41537,138,140,-2,2
41538,79,72,7,7
41539,75,66,9,9
41540,67,68,-1,1
41541,59,61,-2,2
41542,63,55,8,8
41543,125,126,-1,1
41544,156,173,-17,17
41545,88,79,9,9
41546,106,105,1,1
41547,88,84,4,4
41548,126,134,-8,8
41549,71,81,-10,10
41550,109,110,-1,1
41551,61,103,-42,42
41552,100,109,-9,9
41553,157,137,20,20
41554,168,171,-3,3
41555,110,111,-1,1
41556,92,96,-4,4
41557,118,135,-17,17
41558,159,163,-4,4
41559,67,69,-2,2
41560,78,93,-15,15
41561,93,91,2,2
41562,76,72,4,4
41563,156,161,-5,5
41564,63,71,-8,8
41565,87,86,1,1
41566,79,79,0,0
41567,56,58,-2,2
41568,65,64,1,1
41569,99,90,9,9
41570,90,81,9,9
41571,108,112,-4,4
41572,59,57,2,2
41573,48,67,-19,19
41574,73,71,2,2
41575,111,100,11,11
41576,69,73,-4,4
41577,149,133,16,16
41578,87,81,6,6
41579,87,82,5,5
41580,85,85,0,0
41581,112,98,14,14
41582,78,92,-14,14
41583,74,67,7,7
41584,85,88,-3,3
41585,77,82,-5,5
41586,113,108,5,5
41587,106,108,-2,2
41588,61,74,-13,13
41589,82,97,-15,15
41590,115,124,-9,9
41591,51,55,-4,4
41592,109,96,13,13
41593,61,71,-10,10
41594,60,66,-6,6
41595,129,121,8,8
41596,152,144,8,8
41597,90,86,4,4
41598,204,196,8,8
41599,95,90,5,5
41600,81,86,-5,5
41601,75,75,0,0
41602,95,96,-1,1
41603,108,111,-3,3
41604,140,131,9,9
41605,47,66,-19,19
41606,92,83,9,9
41607,127,130,-3,3
41608,64,72,-8,8
41609,86,85,1,1
41610,83,84,-1,1
41611,86,99,-13,13
41612,110,104,6,6
41613,128,138,-10,10
41614,152,150,2,2
41615,106,113,-7,7
41616,71,74,-3,3
41617,70,76,-6,6
41618,71,68,3,3
41619,80,87,-7,7
41620,10,43,-33,33
41621,95,85,10,10
41622,88,87,1,1
41623,55,51,4,4
41624,96,85,11,11
41625,114,106,8,8
41626,113,108,5,5
41627,115,107,8,8
41628,50,61,-11,11
41629,130,124,6,6
41630,130,129,1,1
41631,85,82,3,3
41632,72,74,-2,2
41633,177,173,4,4
41634,90,102,-12,12
41635,131,143,-12,12
41636,68,69,-1,1
41637,46,55,-9,9
41638,96,100,-4,4
41639,161,153,8,8
41640,60,63,-3,3
41641,73,69,4,4
41642,50,56,-6,6
41643,60,55,5,5
41644,122,116,6,6
41645,136,139,-3,3
41646,90,89,1,1
41647,131,130,1,1
41648,95,94,1,1
41649,66,71,-5,5
41650,105,120,-15,15
41651,82,80,2,2
41652,107,110,-3,3
41653,61,67,-6,6
41654,136,128,8,8
41655,128,136,-8,8
41656,66,74,-8,8
41657,125,130,-5,5
41658,69,66,3,3
41659,68,81,-13,13
41660,84,83,1,1
41661,47,51,-4,4
41662,77,76,1,1
41663,113,105,8,8
41664,155,166,-11,11
41665,88,98,-10,10
41666,76,76,0,0
41667,104,146,-42,42
41668,43,49,-6,6
41669,69,73,-4,4
41670,94,117,-23,23
41671,121,120,1,1
41672,178,169,9,9
41673,69,72,-3,3
41674,113,119,-6,6
41675,118,116,2,2
41676,86,83,3,3
41677,71,75,-4,4
41678,112,109,3,3
41679,114,109,5,5
41680,68,69,-1,1
41681,75,75,0,0
41682,103,99,4,4
41683,71,71,0,0
41684,57,60,-3,3
41685,88,88,0,0
41686,165,166,-1,1
41687,79,76,3,3
41688,133,140,-7,7
41689,125,121,4,4
41690,91,115,-24,24
41691,117,120,-3,3
41692,108,104,4,4
41693,101,104,-3,3
41694,61,63,-2,2
41695,170,163,7,7
41696,152,145,7,7
41697,86,89,-3,3
41698,89,90,-1,1
41699,137,132,5,5
41700,107,106,1,1
41701,145,144,1,1
41702,152,165,-13,13
41703,89,78,11,11
41704,81,82,-1,1
41705,102,104,-2,2
41706,85,91,-6,6
41707,70,75,-5,5
41708,85,86,-1,1
41709,105,104,1,1
41710,79,94,-15,15
41711,55,64,-9,9
41712,94,89,5,5
41713,49,57,-8,8
41714,42,47,-5,5
41715,302,164,138,138
41716,116,111,5,5
41717,68,69,-1,1
41718,81,84,-3,3
41719,98,118,-20,20
41720,120,105,15,15
41721,135,142,-7,7
41722,85,93,-8,8
41723,76,79,-3,3
41724,125,128,-3,3
41725,26,40,-14,14
41726,111,101,10,10
41727,152,142,10,10
41728,85,82,3,3
41729,99,99,0,0
41730,98,89,9,9
41731,99,89,10,10
41732,81,77,4,4
41733,98,109,-11,11
41734,101,87,14,14
41735,64,70,-6,6
41736,185,193,-8,8
41737,97,93,4,4
41738,93,103,-10,10
41739,65,72,-7,7
41740,89,96,-7,7
41741,53,59,-6,6
41742,96,94,2,2
41743,133,134,-1,1
41744,149,136,13,13
41745,155,147,8,8
41746,86,89,-3,3
41747,64,63,1,1
41748,133,125,8,8
41749,119,134,-15,15
41750,70,78,-8,8
41751,57,59,-2,2
41752,56,64,-8,8
41753,55,57,-2,2
41754,57,64,-7,7
41755,106,111,-5,5
41756,85,101,-16,16
41757,80,86,-6,6
41758,71,83,-12,12
41759,79,101,-22,22
41760,72,79,-7,7
41761,67,60,7,7
41762,200,196,4,4
41763,55,59,-4,4
41764,103,107,-4,4
41765,80,77,3,3
41766,113,121,-8,8
41767,34,64,-30,30
41768,77,81,-4,4
41769,145,146,-1,1
41770,143,154,-11,11
41771,100,100,0,0
41772,53,67,-14,14
41773,61,94,-33,33
41774,109,118,-9,9
41775,86,81,5,5
41776,72,75,-3,3
41777,86,91,-5,5
41778,115,126,-11,11
41779,74,78,-4,4
41780,85,88,-3,3
41781,97,92,5,5
41782,111,108,3,3
41783,63,77,-14,14
41784,104,105,-1,1
41785,101,104,-3,3
41786,110,108,2,2
41787,72,74,-2,2
41788,128,129,-1,1
41789,74,92,-18,18
41790,108,103,5,5
41791,110,108,2,2
41792,68,66,2,2
41793,41,63,-22,22
41794,153,169,-16,16
41795,115,126,-11,11
41796,58,72,-14,14
41797,45,60,-15,15
41798,92,88,4,4
41799,57,63,-6,6
41800,125,114,11,11
41801,82,95,-13,13
41802,61,67,-6,6
41803,148,146,2,2
41804,72,71,1,1
41805,108,109,-1,1
41806,97,111,-14,14
41807,134,127,7,7
41808,50,50,0,0
41809,66,72,-6,6
41810,61,52,9,9
41811,91,87,4,4
41812,133,131,2,2
41813,131,121,10,10
41814,67,77,-10,10
41815,112,115,-3,3
41816,100,120,-20,20
41817,193,183,10,10
41818,90,84,6,6
41819,77,75,2,2
41820,80,79,1,1
41821,117,119,-2,2
41822,87,99,-12,12
41823,64,68,-4,4
41824,61,70,-9,9
41825,120,134,-14,14
41826,119,122,-3,3
41827,137,132,5,5
41828,54,47,7,7
41829,162,157,5,5
41830,152,167,-15,15
41831,69,65,4,4
41832,80,87,-7,7
41833,92,94,-2,2
41834,96,92,4,4
41835,107,106,1,1
41836,71,74,-3,3
41837,83,90,-7,7
41838,89,99,-10,10
41839,121,119,2,2
41840,81,83,-2,2
41841,112,119,-7,7
41842,147,133,14,14
41843,62,63,-1,1
41844,129,130,-1,1
41845,74,79,-5,5
41846,168,156,12,12
41847,47,52,-5,5
41848,128,137,-9,9
41849,49,50,-1,1
41850,56,61,-5,5
41851,89,83,6,6
41852,67,67,0,0
41853,68,77,-9,9
41854,114,112,2,2
41855,137,160,-23,23
41856,122,121,1,1
41857,74,77,-3,3
41858,67,61,6,6
41859,129,129,0,0
41860,139,153,-14,14
41861,62,66,-4,4
41862,100,94,6,6
41863,88,86,2,2
41864,64,52,12,12
41865,92,82,10,10
41866,119,147,-28,28
41867,81,83,-2,2
41868,59,56,3,3
41869,106,104,2,2
41870,94,100,-6,6
41871,112,99,13,13
41872,80,82,-2,2
41873,101,113,-12,12
41874,135,135,0,0
41875,135,128,7,7
41876,104,94,10,10
41877,85,84,1,1
41878,176,174,2,2
41879,79,83,-4,4
41880,69,66,3,3
41881,41,42,-1,1
41882,47,46,1,1
41883,67,71,-4,4
41884,69,78,-9,9
41885,51,58,-7,7
41886,73,79,-6,6
41887,108,100,8,8
41888,47,41,6,6
41889,120,136,-16,16
41890,117,110,7,7
41891,91,105,-14,14
41892,110,120,-10,10
41893,82,76,6,6
41894,97,98,-1,1
41895,92,90,2,2
41896,72,71,1,1
41897,74,72,2,2
41898,80,94,-14,14
41899,49,48,1,1
41900,133,130,3,3
41901,85,86,-1,1
41902,116,119,-3,3
41903,72,72,0,0
41904,125,126,-1,1
41905,91,94,-3,3
41906,103,102,1,1
41907,110,105,5,5
41908,102,111,-9,9
41909,111,104,7,7
41910,50,68,-18,18
41911,50,60,-10,10
41912,106,109,-3,3
41913,79,81,-2,2
41914,138,133,5,5
41915,110,120,-10,10
41916,59,60,-1,1
41917,72,64,8,8
41918,190,178,12,12
41919,93,101,-8,8
41920,47,43,4,4
41921,46,66,-20,20
41922,135,135,0,0
41923,56,68,-12,12
41924,67,69,-2,2
41925,101,101,0,0
41926,78,77,1,1
41927,61,76,-15,15
41928,43,46,-3,3
41929,142,150,-8,8
41930,88,94,-6,6
41931,119,126,-7,7
41932,146,138,8,8
41933,93,94,-1,1
41934,109,106,3,3
41935,105,110,-5,5
41936,98,102,-4,4
41937,75,72,3,3
41938,78,81,-3,3
41939,101,117,-16,16
41940,88,105,-17,17
41941,133,137,-4,4
41942,66,76,-10,10
41943,101,108,-7,7
41944,94,103,-9,9
41945,86,82,4,4
41946,95,90,5,5
41947,96,108,-12,12
41948,83,84,-1,1
41949,119,103,16,16
41950,116,122,-6,6
41951,92,91,1,1
41952,89,96,-7,7
41953,215,224,-9,9
41954,96,95,1,1
41955,138,131,7,7
41956,73,74,-1,1
41957,72,74,-2,2
41958,83,93,-10,10
41959,119,115,4,4
41960,83,83,0,0
41961,140,141,-1,1
41962,164,151,13,13
41963,105,102,3,3
41964,109,84,25,25
41965,100,99,1,1
41966,95,105,-10,10
41967,85,75,10,10
41968,83,91,-8,8
41969,148,148,0,0
41970,95,113,-18,18
41971,110,135,-25,25
41972,104,121,-17,17
41973,125,143,-18,18
41974,110,129,-19,19
41975,109,111,-2,2
41976,87,81,6,6
41977,166,161,5,5
41978,68,80,-12,12
41979,104,97,7,7
41980,127,113,14,14
41981,60,67,-7,7
41982,106,97,9,9
41983,58,66,-8,8
41984,59,59,0,0
41985,98,95,3,3
41986,150,156,-6,6
41987,107,116,-9,9
41988,75,80,-5,5
41989,95,104,-9,9
41990,82,85,-3,3
41991,101,92,9,9
41992,63,69,-6,6
41993,81,65,16,16
41994,60,65,-5,5
41995,121,118,3,3
41996,110,104,6,6
41997,73,78,-5,5
41998,62,80,-18,18
41999,66,76,-10,10
42000,87,91,-4,4
42001,130,137,-7,7
42002,84,91,-7,7
42003,142,138,4,4
42004,61,68,-7,7
42005,109,109,0,0
42006,147,134,13,13
42007,37,55,-18,18
42008,246,187,59,59
42009,61,63,-2,2
42010,111,108,3,3
42011,92,96,-4,4
42012,133,148,-15,15
42013,161,157,4,4
42014,128,135,-7,7
42015,73,62,11,11
42016,115,117,-2,2
42017,159,162,-3,3
42018,75,74,1,1
42019,85,97,-12,12
42020,79,84,-5,5
42021,103,106,-3,3
42022,109,109,0,0
42023,89,100,-11,11
42024,158,167,-9,9
42025,86,88,-2,2
42026,114,105,9,9
42027,145,142,3,3
42028,83,77,6,6
42029,142,142,0,0
42030,48,51,-3,3
42031,69,72,-3,3
42032,90,107,-17,17
42033,152,146,6,6
42034,72,77,-5,5
42035,93,94,-1,1
42036,59,58,1,1
42037,142,136,6,6
42038,95,88,7,7
42039,152,142,10,10
42040,87,86,1,1
42041,79,72,7,7
42042,80,87,-7,7
42043,89,93,-4,4
42044,74,73,1,1
42045,78,74,4,4
42046,100,109,-9,9
42047,92,100,-8,8
42048,135,134,1,1
42049,112,117,-5,5
42050,109,114,-5,5
42051,86,87,-1,1
42052,80,80,0,0
42053,92,103,-11,11
42054,93,96,-3,3
42055,111,116,-5,5
42056,64,62,2,2
42057,96,77,19,19
42058,79,95,-16,16
42059,148,174,-26,26
42060,74,91,-17,17
42061,91,84,7,7
42062,85,84,1,1
42063,104,99,5,5
42064,132,142,-10,10
42065,75,86,-11,11
42066,175,195,-20,20
42067,77,74,3,3
42068,92,95,-3,3
42069,150,151,-1,1
42070,35,63,-28,28
42071,79,71,8,8
42072,57,60,-3,3
42073,70,58,12,12
42074,117,138,-21,21
42075,84,80,4,4
42076,51,90,-39,39
42077,88,84,4,4
42078,83,90,-7,7
42079,89,80,9,9
42080,79,79,0,0
42081,76,78,-2,2
42082,50,65,-15,15
42083,102,99,3,3
42084,111,137,-26,26
42085,82,88,-6,6
42086,114,132,-18,18
42087,99,87,12,12
42088,111,106,5,5
42089,99,105,-6,6
42090,68,64,4,4
42091,159,146,13,13
42092,78,77,1,1
42093,43,48,-5,5
42094,64,63,1,1
42095,77,83,-6,6
42096,38,59,-21,21
42097,39,48,-9,9
42098,87,96,-9,9
42099,89,83,6,6
42100,101,104,-3,3
42101,115,112,3,3
42102,101,97,4,4
42103,52,58,-6,6
42104,68,73,-5,5
42105,57,60,-3,3
42106,97,101,-4,4
42107,80,85,-5,5
42108,95,102,-7,7
42109,155,154,1,1
42110,74,79,-5,5
42111,104,98,6,6
42112,63,69,-6,6
42113,28,39,-11,11
42114,96,89,7,7
42115,104,109,-5,5
42116,118,120,-2,2
42117,81,73,8,8
42118,58,60,-2,2
42119,85,92,-7,7
42120,59,78,-19,19
42121,91,102,-11,11
42122,120,118,2,2
42123,58,64,-6,6
42124,89,82,7,7
42125,101,106,-5,5
42126,89,95,-6,6
42127,68,59,9,9
42128,122,119,3,3
42129,71,78,-7,7
42130,71,72,-1,1
42131,75,96,-21,21
42132,130,147,-17,17
42133,103,103,0,0
42134,114,108,6,6
42135,145,149,-4,4
42136,108,105,3,3
42137,102,106,-4,4
42138,107,110,-3,3
42139,97,102,-5,5
42140,94,91,3,3
42141,70,71,-1,1
42142,91,93,-2,2
42143,92,97,-5,5
42144,60,73,-13,13
42145,83,87,-4,4
42146,92,83,9,9
42147,106,114,-8,8
42148,47,58,-11,11
42149,72,75,-3,3
42150,137,132,5,5
42151,69,72,-3,3
42152,69,62,7,7
42153,123,128,-5,5
42154,77,87,-10,10
42155,74,70,4,4
42156,144,161,-17,17
42157,132,132,0,0
42158,109,105,4,4
42159,93,100,-7,7
42160,56,57,-1,1
42161,125,123,2,2
42162,54,64,-10,10
42163,127,120,7,7
42164,96,98,-2,2
42165,106,98,8,8
42166,98,104,-6,6
42167,97,94,3,3
42168,65,61,4,4
42169,91,84,7,7
42170,90,97,-7,7
42171,135,125,10,10
42172,109,122,-13,13
42173,101,114,-13,13
42174,80,80,0,0
42175,105,115,-10,10
42176,64,63,1,1
42177,155,158,-3,3
42178,119,124,-5,5
42179,76,65,11,11
42180,122,115,7,7
42181,59,62,-3,3
42182,63,59,4,4
42183,92,100,-8,8
42184,101,99,2,2
42185,100,99,1,1
42186,88,104,-16,16
42187,98,98,0,0
42188,153,144,9,9
42189,92,93,-1,1
42190,76,75,1,1
42191,110,101,9,9
42192,86,90,-4,4
42193,130,139,-9,9
42194,126,139,-13,13
42195,78,72,6,6
42196,77,65,12,12
42197,104,109,-5,5
42198,126,134,-8,8
42199,79,72,7,7
42200,117,107,10,10
42201,45,47,-2,2
42202,100,107,-7,7
42203,83,90,-7,7
42204,134,138,-4,4
42205,83,83,0,0
42206,90,102,-12,12
42207,86,85,1,1
42208,89,87,2,2
42209,60,54,6,6
42210,78,81,-3,3
42211,120,127,-7,7
42212,72,80,-8,8
42213,104,109,-5,5
42214,188,171,17,17
42215,93,97,-4,4
42216,159,150,9,9
42217,80,80,0,0
42218,96,106,-10,10
42219,114,125,-11,11
42220,113,120,-7,7
42221,62,73,-11,11
42222,140,135,5,5
42223,157,151,6,6
42224,61,66,-5,5
42225,95,110,-15,15
42226,130,134,-4,4
42227,134,146,-12,12
42228,84,89,-5,5
42229,83,78,5,5
42230,96,101,-5,5
42231,85,79,6,6
42232,117,131,-14,14
42233,49,58,-9,9
42234,55,54,1,1
42235,116,101,15,15
42236,65,74,-9,9
42237,86,82,4,4
42238,58,78,-20,20
42239,55,59,-4,4
42240,109,105,4,4
42241,109,103,6,6
42242,115,116,-1,1
42243,131,115,16,16
42244,79,82,-3,3
42245,74,83,-9,9
42246,114,114,0,0
42247,125,119,6,6
42248,90,86,4,4
42249,81,80,1,1
42250,109,109,0,0
42251,90,88,2,2
42252,58,69,-11,11
42253,67,69,-2,2
42254,88,82,6,6
42255,71,78,-7,7
42256,118,135,-17,17
42257,109,113,-4,4
42258,75,100,-25,25
42259,38,46,-8,8
42260,173,158,15,15
42261,153,163,-10,10
42262,66,59,7,7
42263,58,59,-1,1
42264,44,61,-17,17
42265,86,81,5,5
42266,100,99,1,1
42267,86,85,1,1
42268,106,111,-5,5
42269,80,81,-1,1
42270,84,85,-1,1
42271,76,74,2,2
42272,96,90,6,6
42273,90,97,-7,7
42274,116,132,-16,16
42275,196,167,29,29
42276,103,107,-4,4
42277,95,102,-7,7
42278,68,65,3,3
42279,96,87,9,9
42280,109,101,8,8
42281,86,91,-5,5
42282,174,186,-12,12
42283,78,85,-7,7
42284,47,52,-5,5
42285,96,94,2,2
42286,92,90,2,2
42287,79,75,4,4
42288,85,80,5,5
42289,113,121,-8,8
42290,96,99,-3,3
42291,80,80,0,0
42292,43,46,-3,3
42293,93,104,-11,11
42294,63,74,-11,11
42295,96,92,4,4
42296,103,103,0,0
42297,53,59,-6,6
42298,99,98,1,1
42299,79,78,1,1
42300,70,80,-10,10
42301,106,100,6,6
42302,104,152,-48,48
42303,141,147,-6,6
42304,99,87,12,12
42305,96,99,-3,3
42306,55,52,3,3
42307,99,105,-6,6
42308,116,120,-4,4
42309,64,97,-33,33
42310,152,139,13,13
42311,63,66,-3,3
42312,78,70,8,8
42313,123,140,-17,17
42314,126,135,-9,9
42315,79,75,4,4
42316,92,77,15,15
42317,94,108,-14,14
42318,200,194,6,6
42319,157,155,2,2
42320,80,70,10,10
42321,57,63,-6,6
42322,141,140,1,1
42323,60,70,-10,10
42324,85,85,0,0
42325,54,53,1,1
42326,159,166,-7,7
42327,150,140,10,10
42328,87,85,2,2
42329,47,62,-15,15
42330,96,99,-3,3
42331,82,85,-3,3
42332,74,81,-7,7
42333,120,119,1,1
42334,109,97,12,12
42335,86,94,-8,8
42336,129,120,9,9
42337,196,183,13,13
42338,178,172,6,6
42339,105,100,5,5
42340,61,69,-8,8
42341,67,71,-4,4
42342,109,115,-6,6
42343,111,131,-20,20
42344,52,62,-10,10
42345,89,80,9,9
42346,71,97,-26,26
42347,111,111,0,0
42348,40,38,2,2
42349,79,89,-10,10
42350,99,94,5,5
42351,96,102,-6,6
42352,63,58,5,5
42353,103,131,-28,28
42354,97,108,-11,11
42355,90,96,-6,6
42356,119,105,14,14
42357,176,167,9,9
42358,97,112,-15,15
42359,131,132,-1,1
42360,86,87,-1,1
42361,77,71,6,6
42362,84,85,-1,1
42363,70,74,-4,4
42364,109,110,-1,1
42365,121,115,6,6
42366,125,143,-18,18
42367,150,128,22,22
42368,103,101,2,2
42369,151,137,14,14
42370,58,61,-3,3
42371,64,65,-1,1
42372,122,125,-3,3
42373,104,98,6,6
42374,92,85,7,7
42375,100,90,10,10
42376,142,135,7,7
42377,93,88,5,5
42378,120,114,6,6
42379,75,79,-4,4
42380,106,104,2,2
42381,60,69,-9,9
42382,83,86,-3,3
42383,98,102,-4,4
42384,56,51,5,5
42385,37,37,0,0
42386,97,88,9,9
42387,152,155,-3,3
42388,97,93,4,4
42389,76,72,4,4
42390,80,94,-14,14
42391,56,61,-5,5
42392,108,108,0,0
42393,128,98,30,30
42394,117,116,1,1
42395,103,103,0,0
42396,31,49,-18,18
42397,84,86,-2,2
42398,92,96,-4,4
42399,115,129,-14,14
42400,128,137,-9,9
42401,128,129,-1,1
42402,75,81,-6,6
42403,72,86,-14,14
42404,95,94,1,1
42405,56,60,-4,4
42406,83,94,-11,11
42407,97,106,-9,9
42408,109,108,1,1
42409,126,118,8,8
42410,135,146,-11,11
42411,75,86,-11,11
42412,73,71,2,2
42413,89,70,19,19
42414,94,97,-3,3
42415,81,87,-6,6
42416,78,82,-4,4
42417,79,79,0,0
42418,78,85,-7,7
42419,105,109,-4,4
42420,112,117,-5,5
42421,75,69,6,6
42422,98,99,-1,1
42423,94,94,0,0
42424,56,69,-13,13
42425,92,78,14,14
42426,68,70,-2,2
42427,104,103,1,1
42428,144,125,19,19
42429,50,61,-11,11
42430,51,60,-9,9
42431,61,73,-12,12
42432,83,91,-8,8
42433,28,42,-14,14
42434,99,105,-6,6
42435,83,92,-9,9
42436,162,157,5,5
42437,104,106,-2,2
42438,88,91,-3,3
42439,95,90,5,5
42440,116,110,6,6
42441,144,133,11,11
42442,69,55,14,14
42443,102,114,-12,12
42444,116,122,-6,6
42445,61,64,-3,3
42446,108,117,-9,9
42447,55,58,-3,3
42448,142,142,0,0
42449,156,152,4,4
42450,129,121,8,8
42451,180,170,10,10
42452,111,120,-9,9
42453,179,191,-12,12
42454,89,102,-13,13
42455,114,114,0,0
42456,96,84,12,12
42457,117,124,-7,7
42458,64,72,-8,8
42459,57,58,-1,1
42460,54,62,-8,8
42461,95,89,6,6
42462,89,81,8,8
42463,109,99,10,10
42464,76,84,-8,8
42465,67,63,4,4
42466,65,68,-3,3
42467,76,87,-11,11
42468,92,90,2,2
42469,92,95,-3,3
42470,74,72,2,2
42471,92,84,8,8
42472,80,76,4,4
42473,89,94,-5,5
42474,43,47,-4,4
42475,69,73,-4,4
42476,88,90,-2,2
42477,84,96,-12,12
42478,115,118,-3,3
42479,56,50,6,6
42480,95,111,-16,16
42481,80,97,-17,17
42482,80,86,-6,6
42483,98,97,1,1
42484,49,54,-5,5
42485,91,87,4,4
42486,64,66,-2,2
42487,53,53,0,0
42488,85,76,9,9
42489,98,97,1,1
42490,100,92,8,8
42491,69,75,-6,6
42492,48,53,-5,5
42493,105,97,8,8
42494,163,152,11,11
42495,150,149,1,1
42496,85,93,-8,8
42497,128,122,6,6
42498,99,115,-16,16
42499,103,95,8,8
42500,128,119,9,9
42501,107,114,-7,7
42502,55,63,-8,8
42503,84,97,-13,13
42504,90,99,-9,9
42505,90,100,-10,10
42506,72,68,4,4
42507,91,97,-6,6
42508,87,96,-9,9
42509,84,82,2,2
42510,42,45,-3,3
42511,65,65,0,0
42512,131,134,-3,3
42513,48,56,-8,8
42514,109,101,8,8
42515,85,93,-8,8
42516,66,61,5,5
42517,83,86,-3,3
42518,46,55,-9,9
42519,141,139,2,2
42520,59,66,-7,7
42521,87,95,-8,8
42522,84,88,-4,4
42523,86,98,-12,12
42524,127,124,3,3
42525,111,113,-2,2
42526,102,110,-8,8
42527,65,67,-2,2
42528,70,72,-2,2
42529,61,68,-7,7
42530,104,108,-4,4
42531,111,115,-4,4
42532,202,164,38,38
42533,100,95,5,5
42534,136,128,8,8
42535,35,42,-7,7
42536,40,42,-2,2
42537,115,111,4,4
42538,116,113,3,3
42539,72,84,-12,12
42540,108,116,-8,8
42541,106,116,-10,10
42542,62,65,-3,3
42543,127,119,8,8
42544,94,93,1,1
42545,89,86,3,3
42546,70,69,1,1
42547,72,77,-5,5
42548,98,85,13,13
42549,96,95,1,1
42550,108,115,-7,7
42551,142,127,15,15
42552,77,77,0,0
42553,67,70,-3,3
42554,81,88,-7,7
42555,54,50,4,4
42556,124,130,-6,6
42557,110,109,1,1
42558,101,103,-2,2
42559,86,97,-11,11
42560,117,120,-3,3
42561,111,111,0,0
42562,136,136,0,0
42563,78,73,5,5
42564,62,76,-14,14
42565,231,230,1,1
42566,180,197,-17,17
42567,91,95,-4,4
42568,134,143,-9,9
42569,80,78,2,2
42570,100,110,-10,10
42571,123,125,-2,2
42572,109,109,0,0
42573,70,75,-5,5
42574,57,54,3,3
42575,148,143,5,5
42576,76,79,-3,3
42577,70,79,-9,9
42578,82,87,-5,5
42579,102,109,-7,7
42580,198,197,1,1
42581,56,65,-9,9
42582,94,103,-9,9
42583,97,101,-4,4
42584,103,96,7,7
42585,81,77,4,4
42586,102,106,-4,4
42587,85,80,5,5
42588,165,157,8,8
42589,50,62,-12,12
42590,124,125,-1,1
42591,101,107,-6,6
42592,79,81,-2,2
42593,138,148,-10,10
42594,191,128,63,63
42595,162,171,-9,9
42596,126,122,4,4
42597,103,108,-5,5
42598,49,49,0,0
42599,113,117,-4,4
42600,100,101,-1,1
42601,118,122,-4,4
42602,117,130,-13,13
42603,84,87,-3,3
42604,110,102,8,8
42605,128,119,9,9
42606,105,105,0,0
42607,59,69,-10,10
42608,91,94,-3,3
42609,68,59,9,9
42610,72,85,-13,13
42611,135,140,-5,5
42612,79,100,-21,21
42613,107,113,-6,6
42614,30,68,-38,38
42615,70,72,-2,2
42616,105,105,0,0
42617,92,98,-6,6
42618,177,181,-4,4
42619,84,86,-2,2
42620,67,82,-15,15
42621,150,136,14,14
42622,65,97,-32,32
42623,69,77,-8,8
42624,94,92,2,2
42625,87,86,1,1
42626,73,87,-14,14
42627,70,79,-9,9
42628,93,86,7,7
42629,110,105,5,5
42630,87,83,4,4
42631,109,113,-4,4
42632,71,79,-8,8
42633,103,111,-8,8
42634,152,153,-1,1
42635,70,81,-11,11
42636,125,114,11,11
42637,91,97,-6,6
42638,172,176,-4,4
42639,60,66,-6,6
42640,99,129,-30,30
42641,61,64,-3,3
42642,91,94,-3,3
42643,94,90,4,4
42644,135,132,3,3
42645,43,56,-13,13
42646,83,89,-6,6
42647,93,91,2,2
42648,116,119,-3,3
42649,131,115,16,16
42650,140,153,-13,13
42651,101,108,-7,7
42652,160,157,3,3
42653,157,124,33,33
42654,147,186,-39,39
42655,151,158,-7,7
42656,162,171,-9,9
42657,52,96,-44,44
42658,77,68,9,9
42659,86,90,-4,4
42660,86,89,-3,3
42661,91,86,5,5
42662,118,117,1,1
42663,103,99,4,4
42664,103,105,-2,2
42665,74,78,-4,4
42666,119,118,1,1
42667,89,82,7,7
42668,107,105,2,2
42669,109,145,-36,36
42670,85,94,-9,9
42671,70,70,0,0
42672,86,83,3,3
42673,105,108,-3,3
42674,98,111,-13,13
42675,75,76,-1,1
42676,50,70,-20,20
42677,67,71,-4,4
42678,76,80,-4,4
42679,80,79,1,1
42680,124,130,-6,6
42681,60,71,-11,11
42682,73,76,-3,3
42683,52,61,-9,9
42684,102,105,-3,3
42685,29,33,-4,4
42686,66,74,-8,8
42687,80,72,8,8
42688,76,72,4,4
42689,107,108,-1,1
42690,68,63,5,5
42691,129,126,3,3
42692,51,55,-4,4
42693,131,140,-9,9
42694,73,78,-5,5
42695,157,155,2,2
42696,96,99,-3,3
42697,19,48,-29,29
42698,109,105,4,4
42699,67,69,-2,2
42700,132,133,-1,1
42701,156,135,21,21
42702,85,97,-12,12
42703,90,90,0,0
42704,85,80,5,5
42705,44,50,-6,6
42706,150,144,6,6
42707,65,70,-5,5
42708,91,107,-16,16
42709,63,79,-16,16
42710,80,85,-5,5
42711,163,178,-15,15
42712,110,103,7,7
42713,100,102,-2,2
42714,89,82,7,7
42715,51,50,1,1
42716,97,107,-10,10
42717,82,89,-7,7
42718,85,84,1,1
42719,73,78,-5,5
42720,80,77,3,3
42721,50,65,-15,15
42722,81,81,0,0
42723,68,70,-2,2
42724,76,80,-4,4
42725,75,67,8,8
42726,82,92,-10,10
42727,78,84,-6,6
42728,53,69,-16,16
42729,55,56,-1,1
42730,41,53,-12,12
42731,95,98,-3,3
42732,55,55,0,0
42733,99,113,-14,14
42734,64,74,-10,10
42735,93,112,-19,19
42736,61,60,1,1
42737,95,94,1,1
42738,116,120,-4,4
42739,83,76,7,7
42740,82,79,3,3
42741,137,117,20,20
42742,69,76,-7,7
42743,69,62,7,7
42744,60,65,-5,5
42745,81,86,-5,5
42746,128,131,-3,3
42747,78,78,0,0
42748,79,95,-16,16
42749,74,78,-4,4
42750,69,72,-3,3
42751,140,112,28,28
42752,108,120,-12,12
42753,61,55,6,6
42754,142,150,-8,8
42755,42,42,0,0
42756,68,63,5,5
42757,74,76,-2,2
42758,94,98,-4,4
42759,164,154,10,10
42760,77,76,1,1
42761,94,88,6,6
42762,192,205,-13,13
42763,121,125,-4,4
42764,61,58,3,3
42765,120,129,-9,9
42766,103,98,5,5
42767,89,89,0,0
42768,100,95,5,5
42769,97,94,3,3
42770,64,69,-5,5
42771,165,172,-7,7
42772,74,75,-1,1
42773,65,69,-4,4
42774,39,68,-29,29
42775,183,177,6,6
42776,82,83,-1,1
42777,111,108,3,3
42778,150,142,8,8
42779,89,90,-1,1
42780,116,115,1,1
42781,106,105,1,1
42782,129,138,-9,9
42783,59,60,-1,1
42784,161,140,21,21
42785,108,131,-23,23
42786,63,75,-12,12
42787,114,113,1,1
42788,80,89,-9,9
42789,81,85,-4,4
42790,72,69,3,3
42791,99,96,3,3
42792,98,83,15,15
42793,111,97,14,14
42794,120,120,0,0
42795,119,120,-1,1
42796,69,76,-7,7
42797,137,132,5,5
42798,130,134,-4,4
42799,106,100,6,6
42800,58,62,-4,4
42801,144,145,-1,1
42802,117,123,-6,6
42803,146,156,-10,10
42804,137,142,-5,5
42805,116,128,-12,12
42806,86,82,4,4
42807,89,88,1,1
42808,107,114,-7,7
42809,108,109,-1,1
42810,109,101,8,8
42811,53,54,-1,1
42812,79,72,7,7
42813,59,64,-5,5
42814,84,85,-1,1
42815,156,143,13,13
42816,121,125,-4,4
42817,66,72,-6,6
42818,74,74,0,0
42819,47,111,-64,64
42820,106,101,5,5
42821,98,99,-1,1
42822,68,61,7,7
42823,58,67,-9,9
42824,86,88,-2,2
42825,87,94,-7,7
42826,85,86,-1,1
42827,143,149,-6,6
42828,168,151,17,17
42829,63,73,-10,10
42830,72,125,-53,53
42831,170,193,-23,23
42832,139,155,-16,16
42833,104,127,-23,23
42834,66,58,8,8
42835,78,77,1,1
42836,66,62,4,4
42837,78,78,0,0
42838,178,169,9,9
42839,176,179,-3,3
42840,77,80,-3,3
42841,51,50,1,1
42842,112,76,36,36
42843,110,134,-24,24
42844,140,149,-9,9
42845,120,118,2,2
42846,88,89,-1,1
42847,85,92,-7,7
42848,166,157,9,9
42849,71,81,-10,10
42850,112,130,-18,18
42851,73,73,0,0
42852,80,87,-7,7
42853,113,130,-17,17
42854,62,61,1,1
42855,94,86,8,8
42856,145,156,-11,11
42857,131,143,-12,12
42858,103,107,-4,4
42859,98,105,-7,7
42860,84,80,4,4
42861,133,126,7,7
42862,144,134,10,10
42863,141,135,6,6
42864,119,109,10,10
42865,87,87,0,0
42866,79,81,-2,2
42867,63,71,-8,8
42868,89,101,-12,12
42869,38,42,-4,4
42870,99,109,-10,10
42871,114,107,7,7
42872,129,120,9,9
42873,155,151,4,4
42874,87,74,13,13
42875,70,73,-3,3
42876,112,101,11,11
42877,137,133,4,4
42878,92,85,7,7
42879,145,144,1,1
42880,154,140,14,14
42881,130,128,2,2
42882,45,72,-27,27
42883,63,61,2,2
42884,58,57,1,1
42885,96,103,-7,7
42886,102,103,-1,1
42887,118,129,-11,11
42888,119,127,-8,8
42889,75,80,-5,5
42890,115,115,0,0
42891,94,98,-4,4
42892,108,107,1,1
42893,101,98,3,3
42894,136,140,-4,4
42895,110,113,-3,3
42896,127,114,13,13
42897,94,98,-4,4
42898,124,108,16,16
42899,68,72,-4,4
42900,128,120,8,8
42901,138,141,-3,3
42902,83,85,-2,2
42903,125,108,17,17
42904,63,69,-6,6
42905,133,111,22,22
42906,77,79,-2,2
42907,94,96,-2,2
42908,116,109,7,7
42909,93,94,-1,1
42910,84,96,-12,12
42911,125,119,6,6
42912,123,130,-7,7
42913,92,92,0,0
42914,155,156,-1,1
42915,86,152,-66,66
42916,75,78,-3,3
42917,74,82,-8,8
42918,78,81,-3,3
42919,96,93,3,3
42920,113,121,-8,8
42921,139,164,-25,25
42922,95,89,6,6
42923,83,85,-2,2
42924,128,140,-12,12
42925,102,102,0,0
42926,124,141,-17,17
42927,71,74,-3,3
42928,63,66,-3,3
42929,71,76,-5,5
42930,131,137,-6,6
42931,115,138,-23,23
42932,91,88,3,3
42933,92,95,-3,3
42934,59,47,12,12
42935,138,136,2,2
42936,71,70,1,1
42937,53,81,-28,28
42938,103,106,-3,3
42939,85,78,7,7
42940,92,97,-5,5
42941,109,116,-7,7
42942,74,85,-11,11
42943,100,96,4,4
42944,111,110,1,1
42945,112,109,3,3
42946,112,105,7,7
42947,31,52,-21,21
42948,57,63,-6,6
42949,194,187,7,7
42950,75,68,7,7
42951,119,118,1,1
42952,106,108,-2,2
42953,89,78,11,11
42954,75,70,5,5
42955,77,81,-4,4
42956,68,75,-7,7
42957,48,53,-5,5
42958,53,51,2,2
42959,91,88,3,3
42960,90,105,-15,15
42961,57,69,-12,12
42962,81,84,-3,3
42963,113,112,1,1
42964,89,72,17,17
42965,74,73,1,1
42966,89,87,2,2
42967,73,83,-10,10
42968,54,62,-8,8
42969,77,83,-6,6
42970,108,100,8,8
42971,59,69,-10,10
42972,218,214,4,4
42973,118,139,-21,21
42974,86,101,-15,15
42975,153,157,-4,4
42976,123,123,0,0
42977,117,117,0,0
42978,51,45,6,6
42979,77,75,2,2
42980,59,54,5,5
42981,69,77,-8,8
42982,67,81,-14,14
42983,83,78,5,5
42984,137,127,10,10
42985,96,86,10,10
42986,68,71,-3,3
42987,91,94,-3,3
42988,81,83,-2,2
42989,79,76,3,3
42990,50,49,1,1
42991,78,80,-2,2
42992,32,36,-4,4
42993,64,64,0,0
42994,80,81,-1,1
42995,99,82,17,17
42996,131,149,-18,18
42997,48,56,-8,8
42998,77,72,5,5
42999,128,131,-3,3
43000,120,126,-6,6
43001,55,63,-8,8
43002,79,68,11,11
43003,85,84,1,1
43004,148,146,2,2
43005,136,136,0,0
43006,111,129,-18,18
43007,105,140,-35,35
43008,93,83,10,10
43009,79,77,2,2
43010,87,86,1,1
43011,69,79,-10,10
43012,109,95,14,14
43013,156,155,1,1
43014,106,108,-2,2
43015,105,108,-3,3
43016,42,45,-3,3
43017,84,78,6,6
43018,15,54,-39,39
43019,89,100,-11,11
43020,179,169,10,10
43021,65,72,-7,7
43022,108,116,-8,8
43023,40,46,-6,6
43024,89,80,9,9
43025,138,130,8,8
43026,134,135,-1,1
43027,102,94,8,8
43028,103,104,-1,1
43029,143,136,7,7
43030,65,73,-8,8
43031,74,72,2,2
43032,116,110,6,6
43033,79,81,-2,2
43034,74,79,-5,5
43035,91,72,19,19
43036,99,96,3,3
43037,64,56,8,8
43038,120,118,2,2
43039,103,89,14,14
43040,90,85,5,5
43041,51,56,-5,5
43042,96,88,8,8
43043,77,72,5,5
43044,142,147,-5,5
43045,77,76,1,1
43046,90,87,3,3
43047,141,145,-4,4
43048,85,94,-9,9
43049,98,92,6,6
43050,146,143,3,3
43051,120,119,1,1
43052,107,113,-6,6
43053,97,104,-7,7
43054,125,139,-14,14
43055,81,86,-5,5
43056,99,106,-7,7
43057,90,99,-9,9
43058,53,72,-19,19
43059,88,79,9,9
43060,70,61,9,9
43061,57,79,-22,22
43062,77,69,8,8
43063,51,61,-10,10
43064,110,115,-5,5
43065,72,75,-3,3
43066,101,103,-2,2
43067,177,164,13,13
43068,153,144,9,9
43069,157,161,-4,4
43070,67,77,-10,10
43071,63,66,-3,3
43072,208,186,22,22
43073,84,81,3,3
43074,69,76,-7,7
43075,110,95,15,15
43076,85,70,15,15
43077,37,51,-14,14
43078,142,124,18,18
43079,82,95,-13,13
43080,81,89,-8,8
43081,94,98,-4,4
43082,143,150,-7,7
43083,118,115,3,3
43084,86,97,-11,11
43085,76,77,-1,1
43086,73,64,9,9
43087,131,122,9,9
43088,53,61,-8,8
43089,66,65,1,1
43090,101,109,-8,8
43091,115,117,-2,2
43092,136,131,5,5
43093,61,80,-19,19
43094,86,89,-3,3
43095,71,83,-12,12
43096,81,82,-1,1
43097,69,79,-10,10
43098,36,45,-9,9
43099,157,156,1,1
43100,57,63,-6,6
43101,73,71,2,2
43102,185,181,4,4
43103,62,62,0,0
43104,123,127,-4,4
43105,65,67,-2,2
43106,73,72,1,1
43107,98,98,0,0
43108,101,95,6,6
43109,104,107,-3,3
43110,83,88,-5,5
43111,58,67,-9,9
43112,85,86,-1,1
43113,55,56,-1,1
43114,80,86,-6,6
43115,66,63,3,3
43116,83,82,1,1
43117,107,113,-6,6
43118,104,100,4,4
43119,44,46,-2,2
43120,63,70,-7,7
43121,85,78,7,7
43122,133,124,9,9
43123,59,57,2,2
43124,130,92,38,38
43125,74,78,-4,4
43126,62,55,7,7
43127,109,101,8,8
43128,71,80,-9,9
43129,55,88,-33,33
43130,142,126,16,16
43131,117,126,-9,9
43132,110,106,4,4
43133,35,76,-41,41
43134,85,94,-9,9
43135,63,69,-6,6
43136,79,90,-11,11
43137,101,96,5,5
43138,73,88,-15,15
43139,150,164,-14,14
43140,164,147,17,17
43141,121,129,-8,8
43142,56,62,-6,6
43143,82,88,-6,6
43144,115,131,-16,16
43145,103,96,7,7
43146,80,78,2,2
43147,90,77,13,13
43148,103,99,4,4
43149,122,127,-5,5
43150,113,119,-6,6
43151,62,70,-8,8
43152,120,126,-6,6
43153,94,91,3,3
43154,93,89,4,4
43155,52,52,0,0
43156,89,83,6,6
43157,72,62,10,10
43158,65,69,-4,4
43159,92,89,3,3
43160,59,78,-19,19
43161,86,73,13,13
43162,119,94,25,25
43163,64,68,-4,4
43164,142,123,19,19
43165,80,90,-10,10
43166,68,77,-9,9
43167,85,90,-5,5
43168,69,68,1,1
43169,157,157,0,0
43170,120,113,7,7
43171,135,135,0,0
43172,72,71,1,1
43173,99,92,7,7
43174,88,97,-9,9
43175,101,101,0,0
43176,72,75,-3,3
43177,166,174,-8,8
43178,49,48,1,1
43179,89,87,2,2
43180,113,109,4,4
43181,113,111,2,2
43182,85,97,-12,12
43183,67,73,-6,6
43184,89,98,-9,9
43185,63,64,-1,1
43186,52,94,-42,42
43187,127,120,7,7
43188,106,107,-1,1
43189,120,99,21,21
43190,97,120,-23,23
43191,57,62,-5,5
43192,68,71,-3,3
43193,105,112,-7,7
43194,106,109,-3,3
43195,133,139,-6,6
43196,63,72,-9,9
43197,58,57,1,1
43198,106,109,-3,3
43199,103,95,8,8
43200,71,74,-3,3
43201,103,100,3,3
43202,42,39,3,3
43203,91,89,2,2
43204,103,113,-10,10
43205,90,89,1,1
43206,103,110,-7,7
43207,111,104,7,7
43208,132,125,7,7
43209,115,115,0,0
43210,121,127,-6,6
43211,122,118,4,4
43212,132,128,4,4
43213,32,56,-24,24
43214,110,105,5,5
43215,87,89,-2,2
43216,135,132,3,3
43217,102,101,1,1
43218,82,87,-5,5
43219,131,125,6,6
43220,102,105,-3,3
43221,52,51,1,1
43222,100,117,-17,17
43223,100,95,5,5
43224,90,99,-9,9
43225,85,91,-6,6
43226,61,69,-8,8
43227,154,170,-16,16
43228,137,132,5,5
43229,107,94,13,13
43230,98,96,2,2
43231,92,83,9,9
43232,191,182,9,9
43233,113,124,-11,11
43234,104,115,-11,11
43235,62,60,2,2
43236,80,81,-1,1
43237,50,55,-5,5
43238,100,93,7,7
43239,126,125,1,1
43240,113,108,5,5
43241,69,70,-1,1
43242,62,69,-7,7
43243,52,75,-23,23
43244,118,122,-4,4
43245,59,69,-10,10
43246,40,44,-4,4
43247,93,93,0,0
43248,105,116,-11,11
43249,127,116,11,11
43250,84,94,-10,10
43251,93,104,-11,11
43252,121,136,-15,15
43253,94,97,-3,3
43254,64,77,-13,13
43255,109,106,3,3
43256,123,143,-20,20
43257,130,122,8,8
43258,138,142,-4,4
43259,67,71,-4,4
43260,99,89,10,10
43261,84,87,-3,3
43262,112,130,-18,18
43263,103,106,-3,3
43264,60,56,4,4
43265,90,101,-11,11
43266,131,134,-3,3
43267,47,50,-3,3
43268,90,83,7,7
43269,81,83,-2,2
43270,84,81,3,3
43271,81,84,-3,3
43272,105,118,-13,13
43273,67,72,-5,5
43274,86,84,2,2
43275,140,151,-11,11
43276,78,71,7,7
43277,96,93,3,3
43278,102,108,-6,6
43279,43,52,-9,9
43280,71,80,-9,9
43281,91,98,-7,7
43282,84,83,1,1
43283,125,127,-2,2
43284,50,75,-25,25
43285,90,95,-5,5
43286,68,72,-4,4
43287,129,129,0,0
43288,133,138,-5,5
43289,72,99,-27,27
43290,150,153,-3,3
43291,179,176,3,3
43292,96,92,4,4
43293,72,67,5,5
43294,178,163,15,15
43295,89,96,-7,7
43296,129,119,10,10
43297,84,83,1,1
43298,87,86,1,1
43299,82,80,2,2
43300,82,95,-13,13
43301,91,89,2,2
43302,112,117,-5,5
43303,88,91,-3,3
43304,100,113,-13,13
43305,164,160,4,4
43306,89,95,-6,6
43307,72,84,-12,12
43308,111,117,-6,6
43309,123,133,-10,10
43310,163,145,18,18
43311,65,69,-4,4
43312,130,144,-14,14
43313,145,144,1,1
43314,92,94,-2,2
43315,50,57,-7,7
43316,73,87,-14,14
43317,57,64,-7,7
43318,89,70,19,19
43319,82,72,10,10
43320,67,70,-3,3
43321,91,104,-13,13
43322,112,113,-1,1
43323,73,71,2,2
43324,64,60,4,4
43325,119,142,-23,23
43326,61,68,-7,7
43327,26,46,-20,20
43328,67,69,-2,2
43329,178,175,3,3
43330,97,78,19,19
43331,132,116,16,16
43332,121,130,-9,9
43333,143,124,19,19
43334,92,101,-9,9
43335,78,79,-1,1
43336,99,106,-7,7
43337,68,62,6,6
43338,61,63,-2,2
43339,139,147,-8,8
43340,162,166,-4,4
43341,86,84,2,2
43342,106,107,-1,1
43343,48,59,-11,11
43344,125,124,1,1
43345,123,121,2,2
43346,117,124,-7,7
43347,229,210,19,19
43348,83,85,-2,2
43349,72,103,-31,31
43350,130,127,3,3
43351,49,54,-5,5
43352,124,122,2,2
43353,123,133,-10,10
43354,127,136,-9,9
43355,78,78,0,0
43356,87,110,-23,23
43357,129,119,10,10
43358,97,88,9,9
43359,129,138,-9,9
43360,69,69,0,0
43361,84,83,1,1
43362,122,119,3,3
43363,158,152,6,6
43364,77,87,-10,10
43365,86,107,-21,21
43366,100,109,-9,9
43367,93,102,-9,9
43368,117,119,-2,2
43369,139,143,-4,4
43370,100,94,6,6
43371,162,153,9,9
43372,68,74,-6,6
43373,68,82,-14,14
43374,85,78,7,7
43375,105,102,3,3
43376,174,163,11,11
43377,85,86,-1,1
43378,108,109,-1,1
43379,67,71,-4,4
43380,115,119,-4,4
43381,63,61,2,2
43382,107,104,3,3
43383,99,91,8,8
43384,52,57,-5,5
43385,87,84,3,3
43386,125,100,25,25
43387,64,57,7,7
43388,101,91,10,10
43389,118,123,-5,5
43390,129,131,-2,2
43391,100,103,-3,3
43392,71,60,11,11
43393,70,88,-18,18
43394,70,90,-20,20
43395,101,86,15,15
43396,71,72,-1,1
43397,70,66,4,4
43398,115,109,6,6
43399,56,59,-3,3
43400,106,102,4,4
43401,125,123,2,2
43402,104,103,1,1
43403,84,86,-2,2
43404,64,68,-4,4
43405,82,89,-7,7
43406,99,110,-11,11
43407,167,168,-1,1
43408,107,87,20,20
43409,91,85,6,6
43410,83,87,-4,4
43411,89,85,4,4
43412,92,94,-2,2
43413,114,112,2,2
43414,126,110,16,16
43415,133,137,-4,4
43416,51,61,-10,10
43417,87,80,7,7
43418,67,66,1,1
43419,67,71,-4,4
43420,142,130,12,12
43421,139,134,5,5
43422,125,114,11,11
43423,81,75,6,6
43424,210,203,7,7
43425,113,120,-7,7
43426,57,74,-17,17
43427,94,93,1,1
43428,121,88,33,33
43429,107,113,-6,6
43430,38,48,-10,10
43431,81,89,-8,8
43432,126,118,8,8
43433,248,265,-17,17
43434,92,89,3,3
43435,153,157,-4,4
43436,127,127,0,0
43437,45,52,-7,7
43438,81,101,-20,20
43439,164,164,0,0
43440,140,151,-11,11
43441,114,116,-2,2
43442,115,120,-5,5
43443,87,82,5,5
43444,57,56,1,1
43445,51,52,-1,1
43446,95,111,-16,16
43447,33,48,-15,15
43448,128,127,1,1
43449,101,101,0,0
43450,75,77,-2,2
43451,138,143,-5,5
43452,136,124,12,12
43453,63,89,-26,26
43454,80,71,9,9
43455,90,105,-15,15
43456,47,56,-9,9
43457,96,96,0,0
43458,62,52,10,10
43459,98,93,5,5
43460,140,142,-2,2
43461,84,85,-1,1
43462,143,110,33,33
43463,84,85,-1,1
43464,151,152,-1,1
43465,87,81,6,6
43466,107,115,-8,8
43467,118,112,6,6
43468,60,67,-7,7
43469,82,81,1,1
43470,167,160,7,7
43471,110,96,14,14
43472,98,98,0,0
43473,83,85,-2,2
43474,76,82,-6,6
43475,93,89,4,4
43476,102,107,-5,5
43477,76,69,7,7
43478,76,85,-9,9
43479,115,116,-1,1
43480,77,94,-17,17
43481,98,94,4,4
43482,149,147,2,2
43483,78,82,-4,4
43484,119,117,2,2
43485,121,118,3,3
43486,46,77,-31,31
43487,67,73,-6,6
43488,129,118,11,11
43489,114,122,-8,8
43490,73,79,-6,6
43491,118,119,-1,1
43492,90,93,-3,3
43493,165,168,-3,3
43494,147,155,-8,8
43495,52,55,-3,3
43496,111,116,-5,5
43497,160,144,16,16
43498,88,99,-11,11
43499,105,103,2,2
43500,105,93,12,12
43501,90,97,-7,7
43502,120,129,-9,9
43503,89,83,6,6
43504,79,82,-3,3
43505,82,91,-9,9
43506,122,133,-11,11
43507,96,96,0,0
43508,48,49,-1,1
43509,70,63,7,7
43510,65,74,-9,9
43511,78,81,-3,3
43512,133,138,-5,5
43513,48,54,-6,6
43514,90,89,1,1
43515,54,61,-7,7
43516,104,99,5,5
43517,91,87,4,4
43518,112,111,1,1
43519,63,70,-7,7
43520,113,113,0,0
43521,99,93,6,6
43522,100,98,2,2
43523,69,67,2,2
43524,122,114,8,8
43525,84,88,-4,4
43526,119,108,11,11
43527,103,97,6,6
43528,91,106,-15,15
43529,55,59,-4,4
43530,64,73,-9,9
43531,87,81,6,6
43532,220,221,-1,1
43533,85,83,2,2
43534,63,71,-8,8
43535,64,68,-4,4
43536,109,96,13,13
43537,80,75,5,5
43538,91,90,1,1
43539,146,140,6,6
43540,125,130,-5,5
43541,130,144,-14,14
43542,127,146,-19,19
43543,113,112,1,1
43544,125,125,0,0
43545,84,85,-1,1
43546,111,111,0,0
43547,138,133,5,5
43548,47,49,-2,2
43549,75,82,-7,7
43550,98,115,-17,17
43551,163,167,-4,4
43552,140,131,9,9
43553,50,54,-4,4
43554,77,84,-7,7
43555,64,63,1,1
43556,76,74,2,2
43557,108,113,-5,5
43558,53,54,-1,1
43559,65,77,-12,12
43560,197,197,0,0
43561,182,180,2,2
43562,71,71,0,0
43563,134,119,15,15
43564,126,121,5,5
43565,54,63,-9,9
43566,132,137,-5,5
43567,86,80,6,6
43568,106,111,-5,5
43569,53,69,-16,16
43570,87,91,-4,4
43571,80,80,0,0
43572,150,156,-6,6
43573,49,54,-5,5
43574,137,91,46,46
43575,51,55,-4,4
43576,90,85,5,5
43577,125,127,-2,2
43578,110,117,-7,7
43579,112,119,-7,7
43580,51,54,-3,3
43581,105,93,12,12
43582,110,116,-6,6
43583,93,96,-3,3
43584,169,170,-1,1
43585,97,88,9,9
43586,97,88,9,9
43587,89,97,-8,8
43588,75,75,0,0
43589,119,119,0,0
43590,93,100,-7,7
43591,53,63,-10,10
43592,121,111,10,10
43593,61,75,-14,14
43594,98,105,-7,7
43595,92,101,-9,9
43596,63,64,-1,1
43597,101,92,9,9
43598,180,174,6,6
43599,70,63,7,7
43600,66,68,-2,2
43601,121,210,-89,89
43602,100,105,-5,5
43603,151,150,1,1
43604,44,67,-23,23
43605,93,94,-1,1
43606,79,79,0,0
43607,133,124,9,9
43608,51,52,-1,1
43609,111,118,-7,7
43610,83,92,-9,9
43611,93,104,-11,11
43612,78,73,5,5
43613,75,75,0,0
43614,133,134,-1,1
43615,128,119,9,9
43616,98,121,-23,23
43617,137,106,31,31
43618,79,88,-9,9
43619,90,87,3,3
43620,62,77,-15,15
43621,170,178,-8,8
43622,123,110,13,13
43623,57,62,-5,5
43624,87,102,-15,15
43625,35,50,-15,15
43626,76,84,-8,8
43627,95,82,13,13
43628,63,93,-30,30
43629,74,79,-5,5
43630,125,136,-11,11
43631,115,123,-8,8
43632,63,63,0,0
43633,141,139,2,2
43634,78,77,1,1
43635,71,78,-7,7
43636,90,89,1,1
43637,235,240,-5,5
43638,118,108,10,10
43639,65,69,-4,4
43640,98,94,4,4
43641,97,112,-15,15
43642,48,61,-13,13
43643,110,114,-4,4
43644,96,95,1,1
43645,119,118,1,1
43646,141,143,-2,2
43647,80,81,-1,1
43648,88,117,-29,29
43649,93,100,-7,7
43650,141,144,-3,3
43651,59,86,-27,27
43652,98,97,1,1
43653,66,80,-14,14
43654,91,93,-2,2
43655,90,96,-6,6
43656,111,116,-5,5
43657,96,96,0,0
43658,103,95,8,8
43659,59,63,-4,4
43660,68,75,-7,7
43661,73,74,-1,1
43662,60,69,-9,9
43663,75,88,-13,13
43664,65,74,-9,9
43665,91,91,0,0
43666,53,57,-4,4
43667,97,102,-5,5
43668,66,63,3,3
43669,94,100,-6,6
43670,97,99,-2,2
43671,81,78,3,3
43672,134,133,1,1
43673,96,103,-7,7
43674,115,119,-4,4
43675,51,78,-27,27
43676,75,82,-7,7
43677,157,152,5,5
43678,86,90,-4,4
43679,147,149,-2,2
43680,85,84,1,1
43681,88,90,-2,2
43682,46,51,-5,5
43683,119,126,-7,7
43684,109,107,2,2
43685,142,150,-8,8
43686,95,96,-1,1
43687,93,104,-11,11
43688,79,80,-1,1
43689,142,144,-2,2
43690,83,87,-4,4
43691,93,92,1,1
43692,149,101,48,48
43693,114,103,11,11
43694,99,90,9,9
43695,125,134,-9,9
43696,116,101,15,15
43697,131,143,-12,12
43698,103,94,9,9
43699,79,74,5,5
43700,171,177,-6,6
43701,69,79,-10,10
43702,78,93,-15,15
43703,67,81,-14,14
43704,82,81,1,1
43705,110,113,-3,3
43706,171,165,6,6
43707,46,49,-3,3
43708,60,55,5,5
43709,179,174,5,5
43710,68,82,-14,14
43711,66,66,0,0
43712,67,71,-4,4
43713,87,111,-24,24
43714,61,64,-3,3
43715,61,66,-5,5
43716,122,128,-6,6
43717,96,96,0,0
43718,106,97,9,9
43719,54,54,0,0
43720,76,85,-9,9
43721,111,121,-10,10
43722,44,44,0,0
43723,163,170,-7,7
43724,71,64,7,7
43725,74,78,-4,4
43726,97,101,-4,4
43727,134,132,2,2
43728,82,76,6,6
43729,79,105,-26,26
43730,138,127,11,11
43731,82,86,-4,4
43732,152,154,-2,2
43733,111,86,25,25
43734,123,117,6,6
43735,77,64,13,13
43736,146,147,-1,1
43737,82,77,5,5
43738,69,73,-4,4
43739,91,103,-12,12
43740,166,164,2,2
43741,53,56,-3,3
43742,71,74,-3,3
43743,84,81,3,3
43744,68,80,-12,12
43745,94,106,-12,12
43746,101,135,-34,34
43747,106,101,5,5
43748,93,81,12,12
43749,69,76,-7,7
43750,136,126,10,10
43751,90,78,12,12
43752,87,77,10,10
43753,64,67,-3,3
43754,62,103,-41,41
43755,77,85,-8,8
43756,47,66,-19,19
43757,122,130,-8,8
43758,67,74,-7,7
43759,87,112,-25,25
43760,84,78,6,6
43761,68,79,-11,11
43762,60,70,-10,10
43763,75,75,0,0
43764,90,91,-1,1
43765,69,80,-11,11
43766,77,75,2,2
43767,82,77,5,5
43768,127,129,-2,2
43769,58,55,3,3
43770,151,133,18,18
43771,125,138,-13,13
43772,114,113,1,1
43773,106,118,-12,12
43774,85,89,-4,4
43775,92,95,-3,3
43776,70,70,0,0
43777,124,125,-1,1
43778,97,102,-5,5
43779,71,78,-7,7
43780,146,159,-13,13
43781,93,94,-1,1
43782,91,88,3,3
43783,63,67,-4,4
43784,60,60,0,0
43785,84,104,-20,20
43786,192,199,-7,7
43787,93,86,7,7
43788,133,130,3,3
43789,95,99,-4,4
43790,65,62,3,3
43791,81,87,-6,6
43792,107,118,-11,11
43793,131,123,8,8
43794,130,140,-10,10
43795,68,64,4,4
43796,77,80,-3,3
43797,112,124,-12,12
43798,67,81,-14,14
43799,91,94,-3,3
43800,90,88,2,2
43801,125,129,-4,4
43802,69,67,2,2
43803,106,105,1,1
43804,110,109,1,1
43805,65,65,0,0
43806,87,79,8,8
43807,60,54,6,6
43808,91,92,-1,1
43809,153,147,6,6
43810,95,94,1,1
43811,150,147,3,3
43812,61,69,-8,8
43813,169,184,-15,15
43814,76,64,12,12
43815,93,89,4,4
43816,75,69,6,6
43817,76,85,-9,9
43818,85,103,-18,18
43819,63,66,-3,3
43820,86,96,-10,10
43821,111,110,1,1
43822,81,77,4,4
43823,225,147,78,78
43824,49,85,-36,36
43825,90,97,-7,7
43826,67,65,2,2
43827,109,116,-7,7
43828,103,102,1,1
43829,73,74,-1,1
43830,137,136,1,1
43831,93,102,-9,9
43832,68,70,-2,2
43833,82,96,-14,14
43834,66,80,-14,14
43835,110,94,16,16
43836,170,185,-15,15
43837,104,100,4,4
43838,73,78,-5,5
43839,137,134,3,3
43840,55,47,8,8
43841,52,54,-2,2
43842,95,80,15,15
43843,48,59,-11,11
43844,67,79,-12,12
43845,64,68,-4,4
43846,71,71,0,0
43847,77,77,0,0
43848,66,62,4,4
43849,78,78,0,0
43850,71,75,-4,4
43851,117,127,-10,10
43852,83,86,-3,3
43853,43,47,-4,4
43854,100,94,6,6
43855,50,61,-11,11
43856,140,149,-9,9
43857,86,112,-26,26
43858,63,60,3,3
43859,91,94,-3,3
43860,113,113,0,0
43861,63,64,-1,1
43862,61,70,-9,9
43863,78,90,-12,12
43864,34,52,-18,18
43865,90,110,-20,20
43866,47,46,1,1
43867,64,68,-4,4
43868,58,64,-6,6
43869,116,125,-9,9
43870,117,120,-3,3
43871,84,91,-7,7
43872,105,114,-9,9
43873,86,88,-2,2
43874,68,58,10,10
43875,131,142,-11,11
43876,77,82,-5,5
43877,76,68,8,8
43878,117,106,11,11
43879,97,94,3,3
43880,123,125,-2,2
43881,98,109,-11,11
43882,71,69,2,2
43883,127,129,-2,2
43884,56,57,-1,1
43885,122,117,5,5
43886,49,60,-11,11
43887,60,66,-6,6
43888,115,113,2,2
43889,78,83,-5,5
43890,46,49,-3,3
43891,119,122,-3,3
43892,129,151,-22,22
43893,66,65,1,1
43894,142,146,-4,4
43895,79,82,-3,3
43896,71,81,-10,10
43897,144,149,-5,5
43898,106,109,-3,3
43899,77,88,-11,11
43900,74,81,-7,7
43901,69,74,-5,5
43902,88,84,4,4
43903,59,66,-7,7
43904,123,114,9,9
43905,54,59,-5,5
43906,43,47,-4,4
43907,155,128,27,27
43908,68,72,-4,4
43909,131,139,-8,8
43910,146,141,5,5
43911,102,90,12,12
43912,80,85,-5,5
43913,57,65,-8,8
43914,81,86,-5,5
43915,104,117,-13,13
43916,39,40,-1,1
43917,78,72,6,6
43918,112,106,6,6
43919,44,86,-42,42
43920,79,81,-2,2
43921,132,130,2,2
43922,117,137,-20,20
43923,80,84,-4,4
43924,88,85,3,3
43925,61,64,-3,3
43926,57,48,9,9
43927,123,131,-8,8
43928,60,65,-5,5
43929,113,112,1,1
43930,64,69,-5,5
43931,101,93,8,8
43932,143,155,-12,12
43933,71,75,-4,4
43934,80,76,4,4
43935,70,72,-2,2
43936,45,50,-5,5
43937,44,52,-8,8
43938,92,87,5,5
43939,67,74,-7,7
43940,63,60,3,3
43941,139,137,2,2
43942,127,119,8,8
43943,69,69,0,0
43944,136,134,2,2
43945,109,125,-16,16
43946,120,124,-4,4
43947,63,63,0,0
43948,50,56,-6,6
43949,97,90,7,7
43950,103,90,13,13
43951,89,87,2,2
43952,85,77,8,8
43953,173,169,4,4
43954,128,132,-4,4
43955,171,172,-1,1
43956,49,47,2,2
43957,99,88,11,11
43958,129,131,-2,2
43959,85,93,-8,8
43960,102,111,-9,9
43961,124,131,-7,7
43962,122,114,8,8
43963,137,130,7,7
43964,89,82,7,7
43965,51,50,1,1
43966,81,107,-26,26
43967,88,82,6,6
43968,76,78,-2,2
43969,111,124,-13,13
43970,86,86,0,0
43971,131,132,-1,1
43972,23,36,-13,13
43973,109,110,-1,1
43974,84,86,-2,2
43975,101,100,1,1
43976,139,143,-4,4
43977,58,63,-5,5
43978,71,73,-2,2
43979,95,86,9,9
43980,70,66,4,4
43981,65,73,-8,8
43982,95,92,3,3
43983,109,110,-1,1
43984,57,60,-3,3
43985,103,104,-1,1
43986,184,174,10,10
43987,80,78,2,2
43988,103,101,2,2
43989,94,130,-36,36
43990,62,58,4,4
43991,110,92,18,18
43992,109,117,-8,8
43993,47,58,-11,11
43994,107,118,-11,11
43995,184,169,15,15
43996,122,133,-11,11
43997,155,163,-8,8
43998,66,76,-10,10
43999,63,63,0,0
44000,104,130,-26,26
44001,100,91,9,9
44002,82,110,-28,28
44003,162,167,-5,5
44004,122,130,-8,8
44005,78,137,-59,59
44006,71,65,6,6
44007,131,117,14,14
44008,113,107,6,6
44009,84,88,-4,4
44010,65,64,1,1
44011,81,87,-6,6
44012,93,83,10,10
44013,67,68,-1,1
44014,148,131,17,17
44015,72,80,-8,8
44016,106,107,-1,1
44017,79,89,-10,10
44018,113,119,-6,6
44019,66,67,-1,1
44020,68,73,-5,5
44021,63,64,-1,1
44022,81,101,-20,20
44023,117,118,-1,1
44024,70,114,-44,44
44025,78,79,-1,1
44026,165,178,-13,13
44027,40,46,-6,6
44028,85,92,-7,7
44029,73,103,-30,30
44030,104,106,-2,2
44031,129,126,3,3
44032,116,116,0,0
44033,115,112,3,3
44034,82,79,3,3
44035,84,95,-11,11
44036,82,87,-5,5
44037,29,70,-41,41
44038,64,77,-13,13
44039,66,57,9,9
44040,114,111,3,3
44041,146,133,13,13
44042,65,62,3,3
44043,42,42,0,0
44044,157,163,-6,6
44045,89,91,-2,2
44046,116,140,-24,24
44047,54,54,0,0
44048,77,77,0,0
44049,79,83,-4,4
44050,137,135,2,2
44051,67,63,4,4
44052,105,113,-8,8
44053,149,88,61,61
44054,57,66,-9,9
44055,104,113,-9,9
44056,89,102,-13,13
44057,82,91,-9,9
44058,106,127,-21,21
44059,191,195,-4,4
44060,87,87,0,0
44061,58,58,0,0
44062,114,116,-2,2
44063,114,119,-5,5
44064,118,117,1,1
44065,159,151,8,8
44066,58,66,-8,8
44067,95,98,-3,3
44068,74,79,-5,5
44069,135,123,12,12
44070,134,143,-9,9
44071,87,76,11,11
44072,130,121,9,9
44073,119,124,-5,5
44074,142,142,0,0
44075,152,159,-7,7
44076,105,102,3,3
44077,63,66,-3,3
44078,92,92,0,0
44079,75,71,4,4
44080,96,91,5,5
44081,75,67,8,8
44082,56,55,1,1
44083,72,66,6,6
44084,89,109,-20,20
44085,58,58,0,0
44086,76,74,2,2
44087,90,105,-15,15
44088,73,84,-11,11
44089,78,78,0,0
44090,110,123,-13,13
44091,174,144,30,30
44092,104,91,13,13
44093,94,108,-14,14
44094,165,154,11,11
44095,107,103,4,4
44096,78,85,-7,7
44097,90,87,3,3
44098,124,123,1,1
44099,129,121,8,8
44100,66,64,2,2
44101,73,83,-10,10
44102,139,150,-11,11
44103,72,77,-5,5
44104,140,141,-1,1
44105,93,99,-6,6
44106,135,135,0,0
44107,56,56,0,0
44108,76,73,3,3
44109,102,86,16,16
44110,102,109,-7,7
44111,130,130,0,0
44112,152,157,-5,5
44113,76,76,0,0
44114,178,186,-8,8
44115,85,80,5,5
44116,78,76,2,2
44117,97,113,-16,16
44118,113,106,7,7
44119,81,101,-20,20
44120,65,79,-14,14
44121,42,60,-18,18
44122,72,86,-14,14
44123,115,117,-2,2
44124,80,89,-9,9
44125,39,36,3,3
44126,85,81,4,4
44127,101,97,4,4
44128,158,148,10,10
44129,91,95,-4,4
44130,68,70,-2,2
44131,112,124,-12,12
44132,161,167,-6,6
44133,147,167,-20,20
44134,63,65,-2,2
44135,60,89,-29,29
44136,84,82,2,2
44137,112,113,-1,1
44138,129,124,5,5
44139,136,141,-5,5
44140,130,128,2,2
44141,74,79,-5,5
44142,111,112,-1,1
44143,118,122,-4,4
44144,60,60,0,0
44145,59,68,-9,9
44146,90,92,-2,2
44147,72,77,-5,5
44148,118,120,-2,2
44149,63,66,-3,3
44150,91,96,-5,5
44151,106,113,-7,7
44152,89,79,10,10
44153,111,117,-6,6
44154,131,139,-8,8
44155,85,78,7,7
44156,97,105,-8,8
44157,41,54,-13,13
44158,104,114,-10,10
44159,137,145,-8,8
44160,110,105,5,5
44161,50,81,-31,31
44162,143,139,4,4
44163,110,115,-5,5
44164,79,84,-5,5
44165,79,80,-1,1
44166,71,80,-9,9
44167,116,118,-2,2
44168,89,88,1,1
44169,85,88,-3,3
44170,62,63,-1,1
44171,105,96,9,9
44172,110,114,-4,4
44173,68,81,-13,13
44174,125,136,-11,11
44175,120,118,2,2
44176,118,117,1,1
44177,63,66,-3,3
44178,42,52,-10,10
44179,49,68,-19,19
44180,96,96,0,0
44181,107,117,-10,10
44182,108,118,-10,10
44183,94,90,4,4
44184,89,94,-5,5
44185,117,118,-1,1
44186,120,127,-7,7
44187,71,74,-3,3
44188,71,76,-5,5
44189,58,63,-5,5
44190,90,100,-10,10
44191,118,118,0,0
44192,43,69,-26,26
44193,78,77,1,1
44194,159,148,11,11
44195,99,113,-14,14
44196,92,97,-5,5
44197,148,140,8,8
44198,97,87,10,10
44199,84,92,-8,8
44200,45,63,-18,18
44201,63,71,-8,8
44202,117,108,9,9
44203,122,119,3,3
44204,115,120,-5,5
44205,110,103,7,7
44206,114,109,5,5
44207,71,72,-1,1
44208,132,143,-11,11
44209,73,73,0,0
44210,137,137,0,0
44211,79,78,1,1
44212,79,82,-3,3
44213,106,104,2,2
44214,99,92,7,7
44215,77,100,-23,23
44216,127,140,-13,13
44217,96,91,5,5
44218,66,63,3,3
44219,63,69,-6,6
44220,95,98,-3,3
44221,97,93,4,4
44222,42,43,-1,1
44223,60,47,13,13
44224,59,69,-10,10
44225,66,60,6,6
44226,140,95,45,45
44227,64,69,-5,5
44228,72,71,1,1
44229,85,82,3,3
44230,119,103,16,16
44231,99,92,7,7
44232,133,130,3,3
44233,75,79,-4,4
44234,66,71,-5,5
44235,102,100,2,2
44236,63,69,-6,6
44237,133,119,14,14
44238,144,140,4,4
44239,141,130,11,11
44240,97,105,-8,8
44241,90,97,-7,7
44242,124,132,-8,8
44243,123,120,3,3
44244,191,198,-7,7
44245,62,54,8,8
44246,58,63,-5,5
44247,98,93,5,5
44248,113,117,-4,4
44249,107,97,10,10
44250,106,117,-11,11
44251,95,94,1,1
44252,144,145,-1,1
44253,50,50,0,0
44254,195,184,11,11
44255,122,98,24,24
44256,97,75,22,22
44257,71,74,-3,3
44258,153,146,7,7
44259,67,69,-2,2
44260,51,60,-9,9
44261,65,76,-11,11
44262,78,78,0,0
44263,87,85,2,2
44264,72,78,-6,6
44265,81,85,-4,4
44266,149,148,1,1
44267,119,103,16,16
44268,102,95,7,7
44269,93,92,1,1
44270,116,119,-3,3
44271,125,125,0,0
44272,138,140,-2,2
44273,75,82,-7,7
44274,100,100,0,0
44275,107,97,10,10
44276,91,122,-31,31
44277,135,137,-2,2
44278,47,60,-13,13
44279,95,90,5,5
44280,88,102,-14,14
44281,71,69,2,2
44282,110,129,-19,19
44283,108,109,-1,1
44284,49,64,-15,15
44285,48,36,12,12
44286,93,91,2,2
44287,94,105,-11,11
44288,140,138,2,2
44289,68,67,1,1
44290,79,88,-9,9
44291,147,153,-6,6
44292,107,94,13,13
44293,77,77,0,0
44294,87,92,-5,5
44295,183,198,-15,15
44296,123,118,5,5
44297,143,140,3,3
44298,94,95,-1,1
44299,96,90,6,6
44300,85,93,-8,8
44301,112,116,-4,4
44302,82,90,-8,8
44303,103,103,0,0
44304,98,106,-8,8
44305,104,116,-12,12
44306,81,78,3,3
44307,57,60,-3,3
44308,113,131,-18,18
44309,80,80,0,0
44310,117,117,0,0
44311,68,61,7,7
44312,76,78,-2,2
44313,69,73,-4,4
44314,86,95,-9,9
44315,107,97,10,10
44316,63,53,10,10
44317,127,127,0,0
44318,87,88,-1,1
44319,82,81,1,1
44320,92,93,-1,1
44321,78,82,-4,4
44322,117,112,5,5
44323,93,102,-9,9
44324,116,118,-2,2
44325,51,58,-7,7
44326,80,80,0,0
44327,126,137,-11,11
44328,48,86,-38,38
44329,183,182,1,1
44330,61,70,-9,9
44331,128,134,-6,6
44332,95,84,11,11
44333,107,98,9,9
44334,87,97,-10,10
44335,136,142,-6,6
44336,49,51,-2,2
44337,77,73,4,4
44338,114,119,-5,5
44339,139,136,3,3
44340,90,93,-3,3
44341,164,190,-26,26
44342,124,136,-12,12
44343,115,120,-5,5
44344,111,105,6,6
44345,144,151,-7,7
44346,72,85,-13,13
44347,121,105,16,16
44348,131,125,6,6
44349,99,104,-5,5
44350,55,60,-5,5
44351,125,120,5,5
44352,43,53,-10,10
44353,75,66,9,9
44354,71,71,0,0
44355,62,69,-7,7
44356,86,86,0,0
44357,78,81,-3,3
44358,101,101,0,0
44359,81,84,-3,3
44360,144,136,8,8
44361,121,113,8,8
44362,84,88,-4,4
44363,91,89,2,2
44364,108,129,-21,21
44365,84,82,2,2
44366,96,89,7,7
44367,130,140,-10,10
44368,53,52,1,1
44369,111,123,-12,12
44370,65,52,13,13
44371,138,130,8,8
44372,39,44,-5,5
44373,54,58,-4,4
44374,48,47,1,1
44375,62,66,-4,4
44376,110,119,-9,9
44377,88,87,1,1
44378,92,86,6,6
44379,124,125,-1,1
44380,86,86,0,0
44381,89,104,-15,15
44382,96,103,-7,7
44383,50,55,-5,5
44384,92,91,1,1
44385,70,77,-7,7
44386,101,100,1,1
44387,143,139,4,4
44388,128,149,-21,21
44389,83,86,-3,3
44390,59,66,-7,7
44391,131,132,-1,1
44392,79,80,-1,1
44393,66,63,3,3
44394,110,100,10,10
44395,99,101,-2,2
44396,100,108,-8,8
44397,92,94,-2,2
44398,115,110,5,5
44399,87,81,6,6
44400,105,102,3,3
44401,77,76,1,1
44402,93,98,-5,5
44403,124,124,0,0
44404,71,80,-9,9
44405,68,76,-8,8
44406,107,112,-5,5
44407,130,132,-2,2
44408,32,41,-9,9
44409,96,119,-23,23
44410,82,72,10,10
44411,73,71,2,2
44412,57,71,-14,14
44413,60,66,-6,6
44414,61,52,9,9
44415,127,120,7,7
44416,67,60,7,7
44417,148,134,14,14
44418,111,102,9,9
44419,119,116,3,3
44420,86,82,4,4
44421,88,88,0,0
44422,68,70,-2,2
44423,65,74,-9,9
44424,64,74,-10,10
44425,158,143,15,15
44426,144,131,13,13
44427,91,87,4,4
44428,63,66,-3,3
44429,88,96,-8,8
44430,122,112,10,10
44431,51,45,6,6
44432,124,137,-13,13
44433,118,107,11,11
44434,49,50,-1,1
44435,94,84,10,10
44436,69,76,-7,7
44437,168,155,13,13
44438,79,86,-7,7
44439,70,74,-4,4
44440,199,201,-2,2
44441,43,61,-18,18
44442,85,89,-4,4
44443,51,55,-4,4
44444,135,131,4,4
44445,57,73,-16,16
44446,191,217,-26,26
44447,94,102,-8,8
44448,109,120,-11,11
44449,76,71,5,5
44450,175,182,-7,7
44451,126,132,-6,6
44452,143,138,5,5
44453,101,99,2,2
44454,50,89,-39,39
44455,84,91,-7,7
44456,94,92,2,2
44457,110,108,2,2
44458,170,156,14,14
44459,149,144,5,5
44460,94,97,-3,3
44461,102,107,-5,5
44462,118,141,-23,23
44463,112,115,-3,3
44464,108,118,-10,10
44465,58,63,-5,5
44466,39,103,-64,64
44467,112,107,5,5
44468,107,125,-18,18
44469,61,58,3,3
44470,99,97,2,2
44471,62,68,-6,6
44472,119,115,4,4
44473,105,98,7,7
44474,93,82,11,11
44475,109,112,-3,3
44476,132,131,1,1
44477,83,114,-31,31
44478,46,49,-3,3
44479,170,161,9,9
44480,217,195,22,22
44481,119,124,-5,5
44482,140,160,-20,20
44483,106,107,-1,1
44484,100,100,0,0
44485,61,65,-4,4
44486,111,140,-29,29
44487,117,108,9,9
44488,68,81,-13,13
44489,94,97,-3,3
44490,74,71,3,3
44491,109,122,-13,13
44492,98,119,-21,21
44493,103,96,7,7
44494,78,97,-19,19
44495,80,83,-3,3
44496,83,79,4,4
44497,76,82,-6,6
44498,110,112,-2,2
44499,152,154,-2,2
44500,81,69,12,12
44501,133,145,-12,12
44502,66,67,-1,1
44503,102,101,1,1
44504,102,100,2,2
44505,53,51,2,2
44506,139,143,-4,4
44507,133,129,4,4
44508,57,58,-1,1
44509,61,71,-10,10
44510,116,105,11,11
44511,97,91,6,6
44512,187,159,28,28
44513,62,61,1,1
44514,102,102,0,0
44515,62,71,-9,9
44516,48,46,2,2
44517,108,120,-12,12
44518,68,65,3,3
44519,112,111,1,1
44520,154,143,11,11
44521,76,82,-6,6
44522,110,125,-15,15
44523,89,100,-11,11
44524,128,126,2,2
44525,61,73,-12,12
44526,60,69,-9,9
44527,143,149,-6,6
44528,107,116,-9,9
44529,76,72,4,4
44530,79,80,-1,1
44531,65,67,-2,2
44532,104,109,-5,5
44533,145,147,-2,2
44534,86,78,8,8
44535,83,82,1,1
44536,88,101,-13,13
44537,178,160,18,18
44538,116,123,-7,7
44539,105,130,-25,25
44540,72,83,-11,11
44541,77,78,-1,1
44542,56,61,-5,5
44543,109,101,8,8
44544,45,45,0,0
44545,106,106,0,0
44546,42,51,-9,9
44547,118,123,-5,5
44548,102,95,7,7
44549,47,73,-26,26
44550,70,76,-6,6
44551,103,96,7,7
44552,123,130,-7,7
44553,170,169,1,1
44554,124,139,-15,15
44555,98,117,-19,19
44556,57,67,-10,10
44557,122,139,-17,17
44558,59,59,0,0
44559,107,101,6,6
44560,73,72,1,1
44561,65,68,-3,3
44562,53,55,-2,2
44563,152,151,1,1
44564,81,95,-14,14
44565,87,89,-2,2
44566,77,79,-2,2
44567,129,135,-6,6
44568,165,168,-3,3
44569,111,115,-4,4
44570,108,117,-9,9
44571,67,71,-4,4
44572,78,82,-4,4
44573,105,108,-3,3
44574,72,76,-4,4
44575,75,87,-12,12
44576,85,82,3,3
44577,57,61,-4,4
44578,115,137,-22,22
44579,74,76,-2,2
44580,170,147,23,23
44581,90,98,-8,8
44582,85,87,-2,2
44583,65,71,-6,6
44584,45,58,-13,13
44585,160,157,3,3
44586,160,119,41,41
44587,99,111,-12,12
44588,62,75,-13,13
44589,121,119,2,2
44590,129,129,0,0
44591,98,101,-3,3
44592,104,99,5,5
44593,69,73,-4,4
44594,75,70,5,5
44595,95,91,4,4
44596,118,120,-2,2
44597,94,138,-44,44
44598,100,98,2,2
44599,129,123,6,6
44600,118,111,7,7
44601,57,160,-103,103
44602,68,72,-4,4
44603,123,130,-7,7
44604,93,90,3,3
44605,53,64,-11,11
44606,92,92,0,0
44607,78,81,-3,3
44608,175,158,17,17
44609,115,134,-19,19
44610,70,78,-8,8
44611,161,149,12,12
44612,61,63,-2,2
44613,64,66,-2,2
44614,86,89,-3,3
44615,84,85,-1,1
44616,152,131,21,21
44617,116,116,0,0
44618,53,66,-13,13
44619,57,65,-8,8
44620,68,75,-7,7
44621,178,183,-5,5
44622,93,92,1,1
44623,120,111,9,9
44624,136,138,-2,2
44625,39,43,-4,4
44626,102,96,6,6
44627,167,173,-6,6
44628,65,68,-3,3
44629,50,59,-9,9
44630,80,76,4,4
44631,126,126,0,0
44632,67,68,-1,1
44633,59,69,-10,10
44634,116,117,-1,1
44635,95,104,-9,9
44636,57,58,-1,1
44637,75,87,-12,12
44638,99,107,-8,8
44639,94,93,1,1
44640,65,64,1,1
44641,90,91,-1,1
44642,126,112,14,14
44643,86,95,-9,9
44644,103,99,4,4
44645,92,108,-16,16
44646,120,125,-5,5
44647,86,85,1,1
44648,19,28,-9,9
44649,138,140,-2,2
44650,86,88,-2,2
44651,126,138,-12,12
44652,103,86,17,17
44653,89,88,1,1
44654,71,75,-4,4
44655,63,68,-5,5
44656,76,82,-6,6
44657,154,159,-5,5
44658,64,68,-4,4
44659,73,74,-1,1
44660,61,60,1,1
44661,57,73,-16,16
44662,142,155,-13,13
44663,193,179,14,14
44664,58,87,-29,29
44665,89,103,-14,14
44666,88,92,-4,4
44667,121,124,-3,3
44668,110,114,-4,4
44669,116,114,2,2
44670,100,103,-3,3
44671,62,64,-2,2
44672,100,111,-11,11
44673,146,128,18,18
44674,33,51,-18,18
44675,105,112,-7,7
44676,93,97,-4,4
44677,48,57,-9,9
44678,74,79,-5,5
44679,55,57,-2,2
44680,77,71,6,6
44681,83,87,-4,4
44682,162,162,0,0
44683,59,65,-6,6
44684,196,199,-3,3
44685,95,91,4,4
44686,64,56,8,8
44687,107,111,-4,4
44688,163,167,-4,4
44689,78,72,6,6
44690,66,78,-12,12
44691,62,74,-12,12
44692,109,105,4,4
44693,77,80,-3,3
44694,125,119,6,6
44695,103,101,2,2
44696,81,75,6,6
44697,50,56,-6,6
44698,116,141,-25,25
44699,70,82,-12,12
44700,68,60,8,8
44701,96,91,5,5
44702,155,141,14,14
44703,128,138,-10,10
44704,75,83,-8,8
44705,116,122,-6,6
44706,88,97,-9,9
44707,100,92,8,8
44708,73,77,-4,4
44709,140,149,-9,9
44710,106,110,-4,4
44711,87,89,-2,2
44712,78,92,-14,14
44713,92,102,-10,10
44714,109,102,7,7
44715,69,75,-6,6
44716,174,181,-7,7
44717,60,61,-1,1
44718,61,57,4,4
44719,59,62,-3,3
44720,124,120,4,4
44721,85,84,1,1
44722,136,100,36,36
44723,118,118,0,0
44724,81,88,-7,7
44725,80,91,-11,11
44726,69,67,2,2
44727,60,65,-5,5
44728,63,68,-5,5
44729,46,53,-7,7
44730,61,64,-3,3
44731,65,79,-14,14
44732,104,115,-11,11
44733,144,138,6,6
44734,73,86,-13,13
44735,77,75,2,2
44736,96,94,2,2
44737,71,82,-11,11
44738,74,75,-1,1
44739,60,63,-3,3
44740,80,84,-4,4
44741,74,84,-10,10
44742,168,161,7,7
44743,145,139,6,6
44744,86,90,-4,4
44745,137,138,-1,1
44746,121,124,-3,3
44747,91,75,16,16
44748,68,73,-5,5
44749,78,70,8,8
44750,84,88,-4,4
44751,150,146,4,4
44752,103,93,10,10
44753,79,79,0,0
44754,63,64,-1,1
44755,70,75,-5,5
44756,229,236,-7,7
44757,130,149,-19,19
44758,81,88,-7,7
44759,112,106,6,6
44760,134,127,7,7
44761,82,80,2,2
44762,152,227,-75,75
44763,90,104,-14,14
44764,105,107,-2,2
44765,138,142,-4,4
44766,95,97,-2,2
44767,86,82,4,4
44768,91,83,8,8
44769,58,76,-18,18
44770,130,124,6,6
44771,154,152,2,2
44772,69,76,-7,7
44773,158,133,25,25
44774,136,137,-1,1
44775,56,61,-5,5
44776,86,82,4,4
44777,49,54,-5,5
44778,138,134,4,4
44779,100,105,-5,5
44780,146,146,0,0
44781,56,61,-5,5
44782,79,85,-6,6
44783,53,44,9,9
44784,59,57,2,2
44785,64,63,1,1
44786,108,103,5,5
44787,66,91,-25,25
44788,117,121,-4,4
44789,60,59,1,1
44790,51,53,-2,2
44791,104,102,2,2
44792,92,107,-15,15
44793,87,77,10,10
44794,84,101,-17,17
44795,155,147,8,8
44796,100,110,-10,10
44797,43,48,-5,5
44798,72,64,8,8
44799,124,132,-8,8
44800,116,145,-29,29
44801,159,145,14,14
44802,91,101,-10,10
44803,71,68,3,3
44804,158,157,1,1
44805,71,75,-4,4
44806,102,89,13,13
44807,117,109,8,8
44808,94,96,-2,2
44809,79,89,-10,10
44810,51,59,-8,8
44811,63,61,2,2
44812,55,61,-6,6
44813,152,134,18,18
44814,78,63,15,15
44815,54,56,-2,2
44816,80,85,-5,5
44817,59,61,-2,2
44818,84,98,-14,14
44819,110,109,1,1
44820,124,114,10,10
44821,92,86,6,6
44822,126,124,2,2
44823,130,128,2,2
44824,89,88,1,1
44825,109,111,-2,2
44826,87,98,-11,11
44827,75,69,6,6
44828,225,233,-8,8
44829,182,189,-7,7
44830,82,83,-1,1
44831,54,64,-10,10
44832,187,169,18,18
44833,128,138,-10,10
44834,87,80,7,7
44835,92,81,11,11
44836,58,65,-7,7
44837,63,52,11,11
44838,100,92,8,8
44839,102,117,-15,15
44840,46,55,-9,9
44841,89,95,-6,6
44842,61,55,6,6
44843,134,141,-7,7
44844,69,71,-2,2
44845,118,114,4,4
44846,153,158,-5,5
44847,115,109,6,6
44848,88,83,5,5
44849,91,98,-7,7
44850,51,40,11,11
44851,68,80,-12,12
44852,155,146,9,9
44853,52,61,-9,9
44854,71,73,-2,2
44855,100,106,-6,6
44856,81,82,-1,1
44857,168,160,8,8
44858,80,78,2,2
44859,83,87,-4,4
44860,90,100,-10,10
44861,99,97,2,2
44862,45,46,-1,1
44863,110,114,-4,4
44864,118,110,8,8
44865,98,106,-8,8
44866,162,148,14,14
44867,54,41,13,13
44868,80,83,-3,3
44869,91,81,10,10
44870,81,76,5,5
44871,89,89,0,0
44872,58,65,-7,7
44873,194,214,-20,20
44874,78,78,0,0
44875,63,62,1,1
44876,61,75,-14,14
44877,98,94,4,4
44878,95,101,-6,6
44879,97,93,4,4
44880,96,115,-19,19
44881,89,86,3,3
44882,154,148,6,6
44883,51,60,-9,9
44884,117,104,13,13
44885,42,51,-9,9
44886,92,94,-2,2
44887,91,96,-5,5
44888,162,175,-13,13
44889,75,73,2,2
44890,104,112,-8,8
44891,117,121,-4,4
44892,74,88,-14,14
44893,52,53,-1,1
44894,77,78,-1,1
44895,83,87,-4,4
44896,71,79,-8,8
44897,57,60,-3,3
44898,62,58,4,4
44899,114,115,-1,1
44900,58,66,-8,8
44901,120,113,7,7
44902,74,78,-4,4
44903,95,88,7,7
44904,63,71,-8,8
44905,84,97,-13,13
44906,57,62,-5,5
44907,70,74,-4,4
44908,71,79,-8,8
44909,71,61,10,10
44910,140,128,12,12
44911,116,127,-11,11
44912,62,67,-5,5
44913,96,112,-16,16
44914,73,76,-3,3
44915,79,78,1,1
44916,97,90,7,7
44917,80,72,8,8
44918,76,82,-6,6
44919,67,67,0,0
44920,176,172,4,4
44921,71,87,-16,16
44922,89,92,-3,3
44923,75,77,-2,2
44924,142,141,1,1
44925,96,95,1,1
44926,70,83,-13,13
44927,134,133,1,1
44928,123,123,0,0
44929,71,85,-14,14
44930,45,58,-13,13
44931,102,99,3,3
44932,130,143,-13,13
44933,134,136,-2,2
44934,71,87,-16,16
44935,111,126,-15,15
44936,134,129,5,5
44937,131,119,12,12
44938,136,168,-32,32
44939,116,117,-1,1
44940,156,153,3,3
44941,139,127,12,12
44942,102,107,-5,5
44943,69,78,-9,9
44944,81,80,1,1
44945,109,119,-10,10
44946,94,82,12,12
44947,77,74,3,3
44948,173,183,-10,10
44949,70,75,-5,5
44950,77,81,-4,4
44951,95,93,2,2
44952,96,98,-2,2
44953,90,95,-5,5
44954,47,78,-31,31
44955,116,128,-12,12
44956,84,74,10,10
44957,62,74,-12,12
44958,128,136,-8,8
44959,83,91,-8,8
44960,90,100,-10,10
44961,86,93,-7,7
44962,113,114,-1,1
44963,153,141,12,12
44964,90,93,-3,3
44965,96,103,-7,7
44966,76,80,-4,4
44967,73,74,-1,1
44968,98,103,-5,5
44969,23,43,-20,20
44970,57,66,-9,9
44971,65,81,-16,16
44972,107,116,-9,9
44973,140,143,-3,3
44974,112,105,7,7
44975,149,167,-18,18
44976,100,78,22,22
44977,100,99,1,1
44978,64,62,2,2
44979,89,89,0,0
44980,154,149,5,5
44981,53,60,-7,7
44982,45,48,-3,3
44983,61,64,-3,3
44984,108,116,-8,8
44985,88,87,1,1
44986,109,112,-3,3
44987,143,125,18,18
44988,91,100,-9,9
44989,102,107,-5,5
44990,61,89,-28,28
44991,85,88,-3,3
44992,121,112,9,9
44993,65,64,1,1
44994,56,58,-2,2
44995,103,103,0,0
44996,111,108,3,3
44997,102,99,3,3
44998,99,83,16,16
44999,97,127,-30,30
45000,79,81,-2,2
45001,139,140,-1,1
45002,107,94,13,13
45003,166,185,-19,19
45004,51,57,-6,6
45005,75,68,7,7
45006,113,110,3,3
45007,69,83,-14,14
45008,129,133,-4,4
45009,197,203,-6,6
45010,104,107,-3,3
45011,99,112,-13,13
45012,86,79,7,7
45013,95,90,5,5
45014,138,139,-1,1
45015,78,85,-7,7
45016,47,88,-41,41
45017,56,55,1,1
45018,62,69,-7,7
45019,64,71,-7,7
45020,105,86,19,19
45021,104,99,5,5
45022,140,135,5,5
45023,84,108,-24,24
45024,126,138,-12,12
45025,82,84,-2,2
45026,75,83,-8,8
45027,92,98,-6,6
45028,77,80,-3,3
45029,100,95,5,5
45030,140,147,-7,7
45031,67,59,8,8
45032,117,129,-12,12
45033,54,61,-7,7
45034,81,86,-5,5
45035,130,134,-4,4
45036,100,98,2,2
45037,86,82,4,4
45038,57,61,-4,4
45039,115,114,1,1
45040,147,152,-5,5
45041,86,88,-2,2
45042,39,49,-10,10
45043,79,79,0,0
45044,89,98,-9,9
45045,70,70,0,0
45046,73,79,-6,6
45047,113,108,5,5
45048,99,110,-11,11
45049,78,80,-2,2
45050,132,143,-11,11
45051,79,90,-11,11
45052,143,140,3,3
45053,57,67,-10,10
45054,49,61,-12,12
45055,85,69,16,16
45056,49,84,-35,35
45057,96,87,9,9
45058,87,94,-7,7
45059,151,128,23,23
45060,147,149,-2,2
45061,94,104,-10,10
45062,91,89,2,2
45063,56,55,1,1
45064,123,136,-13,13
45065,188,179,9,9
45066,55,54,1,1
45067,117,110,7,7
45068,106,108,-2,2
45069,109,123,-14,14
45070,61,60,1,1
45071,46,51,-5,5
45072,62,53,9,9
45073,102,105,-3,3
45074,62,65,-3,3
45075,85,87,-2,2
45076,89,97,-8,8
45077,96,97,-1,1
45078,132,130,2,2
45079,94,98,-4,4
45080,118,109,9,9
45081,73,73,0,0
45082,69,68,1,1
45083,57,57,0,0
45084,86,87,-1,1
45085,130,123,7,7
45086,144,140,4,4
45087,67,71,-4,4
45088,64,103,-39,39
45089,85,87,-2,2
45090,104,114,-10,10
45091,109,92,17,17
45092,110,111,-1,1
45093,129,126,3,3
45094,97,94,3,3
45095,85,84,1,1
45096,104,107,-3,3
45097,77,81,-4,4
45098,81,90,-9,9
45099,97,96,1,1
45100,130,147,-17,17
45101,67,68,-1,1
45102,55,63,-8,8
45103,92,83,9,9
45104,83,94,-11,11
45105,135,152,-17,17
45106,69,62,7,7
45107,109,108,1,1
45108,98,90,8,8
45109,95,91,4,4
45110,121,135,-14,14
45111,80,77,3,3
45112,79,78,1,1
45113,123,128,-5,5
45114,117,116,1,1
45115,59,67,-8,8
45116,89,95,-6,6
45117,82,82,0,0
45118,117,108,9,9
45119,69,77,-8,8
45120,123,115,8,8
45121,57,73,-16,16
45122,87,81,6,6
45123,105,111,-6,6
45124,108,102,6,6
45125,76,77,-1,1
45126,74,107,-33,33
45127,84,73,11,11
45128,96,100,-4,4
45129,78,78,0,0
45130,76,85,-9,9
45131,88,103,-15,15
45132,89,88,1,1
45133,90,95,-5,5
45134,60,56,4,4
45135,53,57,-4,4
45136,67,69,-2,2
45137,89,99,-10,10
45138,149,136,13,13
45139,95,100,-5,5
45140,109,127,-18,18
45141,169,174,-5,5
45142,78,75,3,3
45143,122,119,3,3
45144,48,65,-17,17
45145,108,126,-18,18
45146,90,91,-1,1
45147,147,130,17,17
45148,69,69,0,0
45149,112,104,8,8
45150,158,160,-2,2
45151,123,132,-9,9
45152,42,55,-13,13
45153,135,133,2,2
45154,148,137,11,11
45155,109,109,0,0
45156,73,62,11,11
45157,88,86,2,2
45158,90,80,10,10
45159,55,60,-5,5
45160,83,93,-10,10
45161,54,48,6,6
45162,85,90,-5,5
45163,75,76,-1,1
45164,121,127,-6,6
45165,65,62,3,3
45166,77,76,1,1
45167,102,95,7,7
45168,104,98,6,6
45169,67,65,2,2
45170,134,124,10,10
45171,107,102,5,5
45172,87,88,-1,1
45173,168,167,1,1
45174,145,143,2,2
45175,127,135,-8,8
45176,168,168,0,0
45177,113,107,6,6
45178,64,69,-5,5
45179,64,66,-2,2
45180,83,86,-3,3
45181,83,90,-7,7
45182,125,131,-6,6
45183,61,60,1,1
45184,40,48,-8,8
45185,57,54,3,3
45186,153,148,5,5
45187,101,106,-5,5
45188,83,89,-6,6
45189,89,100,-11,11
45190,111,112,-1,1
45191,77,83,-6,6
45192,127,124,3,3
45193,128,122,6,6
45194,146,140,6,6
45195,49,53,-4,4
45196,49,73,-24,24
45197,57,69,-12,12
45198,89,88,1,1
45199,88,105,-17,17
45200,153,162,-9,9
45201,71,73,-2,2
45202,135,142,-7,7
45203,109,103,6,6
45204,73,69,4,4
45205,185,174,11,11
45206,69,70,-1,1
45207,109,113,-4,4
45208,74,82,-8,8
45209,181,124,57,57
45210,96,102,-6,6
45211,93,114,-21,21
45212,60,58,2,2
45213,104,114,-10,10
45214,67,67,0,0
45215,89,95,-6,6
45216,128,128,0,0
45217,100,101,-1,1
45218,96,97,-1,1
45219,90,80,10,10
45220,68,72,-4,4
45221,126,117,9,9
45222,54,68,-14,14
45223,106,109,-3,3
45224,63,61,2,2
45225,113,99,14,14
45226,45,58,-13,13
45227,98,111,-13,13
45228,156,148,8,8
45229,52,56,-4,4
45230,134,123,11,11
45231,74,70,4,4
45232,102,102,0,0
45233,100,96,4,4
45234,62,69,-7,7
45235,82,74,8,8
45236,105,94,11,11
45237,69,76,-7,7
45238,124,140,-16,16
45239,118,111,7,7
45240,82,81,1,1
45241,63,71,-8,8
45242,70,69,1,1
45243,68,71,-3,3
45244,121,114,7,7
45245,73,78,-5,5
45246,51,54,-3,3
45247,81,73,8,8
45248,146,139,7,7
45249,88,90,-2,2
45250,101,101,0,0
45251,126,138,-12,12
45252,119,127,-8,8
45253,113,126,-13,13
45254,172,164,8,8
45255,81,76,5,5
45256,90,92,-2,2
45257,110,95,15,15
45258,134,146,-12,12
45259,37,47,-10,10
45260,62,68,-6,6
45261,65,52,13,13
45262,52,63,-11,11
45263,76,86,-10,10
45264,116,117,-1,1
45265,98,129,-31,31
45266,61,67,-6,6
45267,84,91,-7,7
45268,153,145,8,8
45269,72,77,-5,5
45270,77,81,-4,4
45271,86,88,-2,2
45272,99,106,-7,7
45273,124,119,5,5
45274,66,72,-6,6
45275,76,77,-1,1
45276,67,59,8,8
45277,133,121,12,12
45278,91,90,1,1
45279,71,84,-13,13
45280,207,217,-10,10
45281,65,65,0,0
45282,97,103,-6,6
45283,131,136,-5,5
45284,120,115,5,5
45285,59,65,-6,6
45286,124,111,13,13
45287,74,71,3,3
45288,101,103,-2,2
45289,85,86,-1,1
45290,85,83,2,2
45291,137,127,10,10
45292,76,74,2,2
45293,136,142,-6,6
45294,139,148,-9,9
45295,49,55,-6,6
45296,136,136,0,0
45297,75,68,7,7
45298,109,115,-6,6
45299,53,60,-7,7
45300,110,110,0,0
45301,59,65,-6,6
45302,119,119,0,0
45303,86,85,1,1
45304,139,137,2,2
45305,132,124,8,8
45306,191,188,3,3
45307,87,82,5,5
45308,90,92,-2,2
45309,122,129,-7,7
45310,73,68,5,5
45311,122,113,9,9
45312,93,96,-3,3
45313,46,53,-7,7
45314,84,89,-5,5
45315,103,96,7,7
45316,39,47,-8,8
45317,96,109,-13,13
45318,72,73,-1,1
45319,146,141,5,5
45320,80,94,-14,14
45321,68,72,-4,4
45322,49,54,-5,5
45323,110,109,1,1
45324,117,123,-6,6
45325,121,116,5,5
45326,55,68,-13,13
45327,149,157,-8,8
45328,78,77,1,1
45329,60,66,-6,6
45330,161,161,0,0
45331,95,103,-8,8
45332,75,63,12,12
45333,92,97,-5,5
45334,112,131,-19,19
45335,67,70,-3,3
45336,91,90,1,1
45337,109,101,8,8
45338,177,174,3,3
45339,105,121,-16,16
45340,82,81,1,1
45341,89,83,6,6
45342,109,106,3,3
45343,67,85,-18,18
45344,117,115,2,2
45345,96,98,-2,2
45346,49,58,-9,9
45347,110,106,4,4
45348,57,64,-7,7
45349,118,89,29,29
45350,120,115,5,5
45351,77,80,-3,3
45352,107,97,10,10
45353,60,77,-17,17
45354,70,67,3,3
45355,115,123,-8,8
45356,70,75,-5,5
45357,70,77,-7,7
45358,96,111,-15,15
45359,72,83,-11,11
45360,72,72,0,0
45361,67,71,-4,4
45362,170,157,13,13
45363,57,59,-2,2
45364,67,66,1,1
45365,85,94,-9,9
45366,95,110,-15,15
45367,119,148,-29,29
45368,84,80,4,4
45369,65,87,-22,22
45370,225,241,-16,16
45371,97,95,2,2
45372,81,85,-4,4
45373,104,106,-2,2
45374,23,47,-24,24
45375,75,73,2,2
45376,115,117,-2,2
45377,111,105,6,6
45378,60,59,1,1
45379,72,77,-5,5
45380,100,108,-8,8
45381,85,81,4,4
45382,60,63,-3,3
45383,55,59,-4,4
45384,120,127,-7,7
45385,121,137,-16,16
45386,79,74,5,5
45387,89,89,0,0
45388,127,117,10,10
45389,86,86,0,0
45390,58,70,-12,12
45391,99,90,9,9
45392,126,134,-8,8
45393,53,52,1,1
45394,55,65,-10,10
45395,107,106,1,1
45396,67,73,-6,6
45397,83,93,-10,10
45398,81,89,-8,8
45399,92,96,-4,4
45400,109,105,4,4
45401,148,153,-5,5
45402,115,126,-11,11
45403,124,122,2,2
45404,103,108,-5,5
45405,122,138,-16,16
45406,104,108,-4,4
45407,58,54,4,4
45408,68,72,-4,4
45409,83,92,-9,9
45410,51,75,-24,24
45411,84,84,0,0
45412,129,140,-11,11
45413,64,72,-8,8
45414,150,148,2,2
45415,48,49,-1,1
45416,67,61,6,6
45417,72,75,-3,3
45418,101,100,1,1
45419,68,62,6,6
45420,135,136,-1,1
45421,98,96,2,2
45422,73,77,-4,4
45423,93,99,-6,6
45424,161,166,-5,5
45425,58,64,-6,6
45426,125,127,-2,2
45427,91,93,-2,2
45428,82,82,0,0
45429,82,87,-5,5
45430,89,105,-16,16
45431,45,47,-2,2
45432,56,91,-35,35
45433,152,181,-29,29
45434,110,103,7,7
45435,81,81,0,0
45436,43,60,-17,17
45437,154,168,-14,14
45438,82,83,-1,1
45439,104,112,-8,8
45440,78,86,-8,8
45441,130,120,10,10
45442,66,75,-9,9
45443,86,92,-6,6
45444,98,108,-10,10
45445,106,110,-4,4
45446,78,84,-6,6
45447,89,82,7,7
45448,84,92,-8,8
45449,111,97,14,14
45450,73,75,-2,2
45451,115,142,-27,27
45452,174,163,11,11
45453,87,88,-1,1
45454,102,102,0,0
45455,77,76,1,1
45456,37,37,0,0
45457,131,133,-2,2
45458,104,106,-2,2
45459,109,152,-43,43
45460,89,84,5,5
45461,108,109,-1,1
45462,158,145,13,13
45463,69,71,-2,2
45464,89,79,10,10
45465,42,54,-12,12
45466,97,89,8,8
45467,70,79,-9,9
45468,116,114,2,2
45469,138,155,-17,17
45470,110,112,-2,2
45471,105,95,10,10
45472,51,64,-13,13
45473,94,102,-8,8
45474,75,75,0,0
45475,129,137,-8,8
45476,88,85,3,3
45477,100,93,7,7
45478,79,84,-5,5
45479,176,184,-8,8
45480,86,87,-1,1
45481,88,102,-14,14
45482,105,117,-12,12
45483,140,135,5,5
45484,72,72,0,0
45485,111,108,3,3
45486,105,97,8,8
45487,191,188,3,3
45488,120,128,-8,8
45489,99,113,-14,14
45490,45,50,-5,5
45491,94,93,1,1
45492,80,87,-7,7
45493,85,85,0,0
45494,74,67,7,7
45495,78,82,-4,4
45496,131,125,6,6
45497,95,97,-2,2
45498,59,67,-8,8
45499,72,69,3,3
45500,108,109,-1,1
45501,71,78,-7,7
45502,74,70,4,4
45503,134,144,-10,10
45504,101,108,-7,7
45505,68,62,6,6
45506,127,138,-11,11
45507,195,170,25,25
45508,73,79,-6,6
45509,77,81,-4,4
45510,79,76,3,3
45511,59,55,4,4
45512,115,102,13,13
45513,79,81,-2,2
45514,91,91,0,0
45515,82,88,-6,6
45516,72,72,0,0
45517,63,76,-13,13
45518,89,91,-2,2
45519,69,71,-2,2
45520,62,96,-34,34
45521,45,51,-6,6
45522,87,99,-12,12
45523,75,88,-13,13
45524,105,104,1,1
45525,93,99,-6,6
45526,104,105,-1,1
45527,86,89,-3,3
45528,159,157,2,2
45529,93,93,0,0
45530,112,111,1,1
45531,120,124,-4,4
45532,62,70,-8,8
45533,108,114,-6,6
45534,124,128,-4,4
45535,167,160,7,7
45536,163,156,7,7
45537,113,118,-5,5
45538,98,85,13,13
45539,64,78,-14,14
45540,120,118,2,2
45541,52,58,-6,6
45542,42,51,-9,9
45543,131,143,-12,12
45544,95,79,16,16
45545,85,83,2,2
45546,71,68,3,3
45547,116,114,2,2
45548,91,81,10,10
45549,94,95,-1,1
45550,52,58,-6,6
45551,84,107,-23,23
45552,61,70,-9,9
45553,101,105,-4,4
45554,97,99,-2,2
45555,96,103,-7,7
45556,141,153,-12,12
45557,124,115,9,9
45558,72,73,-1,1
45559,79,142,-63,63
45560,155,163,-8,8
45561,112,125,-13,13
45562,63,60,3,3
45563,73,80,-7,7
45564,67,73,-6,6
45565,61,65,-4,4
45566,114,106,8,8
45567,33,43,-10,10
45568,64,70,-6,6
45569,79,76,3,3
45570,149,163,-14,14
45571,97,94,3,3
45572,84,85,-1,1
45573,134,135,-1,1
45574,85,97,-12,12
45575,123,117,6,6
45576,97,90,7,7
45577,69,74,-5,5
45578,116,106,10,10
45579,92,81,11,11
45580,125,131,-6,6
45581,103,97,6,6
45582,99,89,10,10
45583,154,168,-14,14
45584,102,101,1,1
45585,53,56,-3,3
45586,104,111,-7,7
45587,218,194,24,24
45588,57,62,-5,5
45589,154,169,-15,15
45590,141,151,-10,10
45591,113,129,-16,16
45592,69,72,-3,3
45593,87,103,-16,16
45594,126,128,-2,2
45595,99,105,-6,6
45596,85,90,-5,5
45597,78,80,-2,2
45598,85,79,6,6
45599,77,74,3,3
45600,97,104,-7,7
45601,67,84,-17,17
45602,114,110,4,4
45603,130,138,-8,8
45604,127,105,22,22
45605,66,64,2,2
45606,74,79,-5,5
45607,117,117,0,0
45608,57,64,-7,7
45609,169,174,-5,5
45610,79,82,-3,3
45611,122,143,-21,21
45612,117,122,-5,5
45613,82,88,-6,6
45614,119,118,1,1
45615,105,111,-6,6
45616,121,118,3,3
45617,107,111,-4,4
45618,63,65,-2,2
45619,76,88,-12,12
45620,141,100,41,41
45621,76,75,1,1
45622,189,138,51,51
45623,78,79,-1,1
45624,105,122,-17,17
45625,69,76,-7,7
45626,95,100,-5,5
45627,55,60,-5,5
45628,85,77,8,8
45629,62,66,-4,4
45630,72,73,-1,1
45631,91,95,-4,4
45632,78,89,-11,11
45633,69,69,0,0
45634,58,56,2,2
45635,104,99,5,5
45636,90,96,-6,6
45637,45,71,-26,26
45638,109,99,10,10
45639,174,193,-19,19
45640,102,122,-20,20
45641,72,77,-5,5
45642,93,100,-7,7
45643,88,122,-34,34
45644,147,142,5,5
45645,116,113,3,3
45646,71,99,-28,28
45647,59,61,-2,2
45648,110,122,-12,12
45649,112,111,1,1
45650,67,83,-16,16
45651,63,66,-3,3
45652,99,85,14,14
45653,71,69,2,2
45654,61,68,-7,7
45655,145,192,-47,47
45656,59,66,-7,7
45657,91,97,-6,6
45658,97,105,-8,8
45659,67,69,-2,2
45660,75,75,0,0
45661,107,94,13,13
45662,47,73,-26,26
45663,111,100,11,11
45664,122,114,8,8
45665,145,145,0,0
45666,133,122,11,11
45667,90,84,6,6
45668,153,154,-1,1
45669,83,75,8,8
45670,44,53,-9,9
45671,64,65,-1,1
45672,74,79,-5,5
45673,98,105,-7,7
45674,117,70,47,47
45675,83,88,-5,5
45676,52,62,-10,10
45677,74,81,-7,7
45678,128,127,1,1
45679,75,82,-7,7
45680,71,72,-1,1
45681,72,72,0,0
45682,80,84,-4,4
45683,98,96,2,2
45684,138,143,-5,5
45685,161,156,5,5
45686,152,152,0,0
45687,117,116,1,1
45688,96,102,-6,6
45689,76,81,-5,5
45690,150,158,-8,8
45691,71,81,-10,10
45692,127,139,-12,12
45693,93,95,-2,2
45694,116,118,-2,2
45695,128,120,8,8
45696,47,42,5,5
45697,53,55,-2,2
45698,173,168,5,5
45699,84,101,-17,17
45700,74,72,2,2
45701,40,54,-14,14
45702,125,107,18,18
45703,100,108,-8,8
45704,62,67,-5,5
45705,120,114,6,6
45706,163,138,25,25
45707,111,113,-2,2
45708,62,71,-9,9
45709,104,111,-7,7
45710,96,100,-4,4
45711,71,70,1,1
45712,94,96,-2,2
45713,109,115,-6,6
45714,46,56,-10,10
45715,94,95,-1,1
45716,52,58,-6,6
45717,88,87,1,1
45718,68,76,-8,8
45719,193,206,-13,13
45720,137,134,3,3
45721,109,108,1,1
45722,97,93,4,4
45723,114,104,10,10
45724,90,89,1,1
45725,57,61,-4,4
45726,119,116,3,3
45727,157,158,-1,1
45728,86,89,-3,3
45729,108,112,-4,4
45730,82,87,-5,5
45731,111,104,7,7
45732,110,111,-1,1
45733,108,71,37,37
45734,92,87,5,5
45735,38,43,-5,5
45736,92,95,-3,3
45737,92,88,4,4
45738,68,62,6,6
45739,74,85,-11,11
45740,83,79,4,4
45741,106,91,15,15
45742,86,98,-12,12
45743,78,67,11,11
45744,155,170,-15,15
45745,116,115,1,1
45746,129,78,51,51
45747,99,100,-1,1
45748,114,114,0,0
45749,103,94,9,9
45750,82,72,10,10
45751,50,52,-2,2
45752,86,83,3,3
45753,82,78,4,4
45754,82,101,-19,19
45755,50,74,-24,24
45756,88,76,12,12
45757,86,77,9,9
45758,103,97,6,6
45759,60,71,-11,11
45760,68,69,-1,1
45761,86,77,9,9
45762,85,80,5,5
45763,80,82,-2,2
45764,58,69,-11,11
45765,63,77,-14,14
45766,117,126,-9,9
45767,97,108,-11,11
45768,59,54,5,5
45769,66,71,-5,5
45770,121,128,-7,7
45771,77,78,-1,1
45772,47,47,0,0
45773,61,67,-6,6
45774,128,128,0,0
45775,225,225,0,0
45776,145,139,6,6
45777,125,129,-4,4
45778,40,45,-5,5
45779,94,91,3,3
45780,103,99,4,4
45781,137,141,-4,4
45782,151,141,10,10
45783,98,101,-3,3
45784,115,116,-1,1
45785,77,73,4,4
45786,75,92,-17,17
45787,75,79,-4,4
45788,117,112,5,5
45789,133,139,-6,6
45790,89,106,-17,17
45791,92,95,-3,3
45792,66,62,4,4
45793,26,30,-4,4
45794,135,128,7,7
45795,82,91,-9,9
45796,44,46,-2,2
45797,79,69,10,10
45798,135,144,-9,9
45799,122,134,-12,12
45800,177,184,-7,7
45801,93,89,4,4
45802,54,55,-1,1
45803,104,118,-14,14
45804,69,67,2,2
45805,64,67,-3,3
45806,113,123,-10,10
45807,69,63,6,6
45808,127,137,-10,10
45809,115,116,-1,1
45810,75,75,0,0
45811,81,81,0,0
45812,35,43,-8,8
45813,120,120,0,0
45814,86,93,-7,7
45815,111,109,2,2
45816,149,136,13,13
45817,86,90,-4,4
45818,122,117,5,5
45819,80,83,-3,3
45820,91,90,1,1
45821,106,108,-2,2
45822,30,51,-21,21
45823,84,83,1,1
45824,159,136,23,23
45825,76,81,-5,5
45826,73,76,-3,3
45827,78,84,-6,6
45828,271,264,7,7
45829,138,143,-5,5
45830,72,78,-6,6
45831,77,88,-11,11
45832,94,95,-1,1
45833,101,108,-7,7
45834,72,71,1,1
45835,101,112,-11,11
45836,120,128,-8,8
45837,159,176,-17,17
45838,78,78,0,0
45839,78,83,-5,5
45840,106,102,4,4
45841,87,107,-20,20
45842,62,66,-4,4
45843,106,113,-7,7
45844,127,141,-14,14
45845,101,95,6,6
45846,56,60,-4,4
45847,41,54,-13,13
45848,83,84,-1,1
45849,128,137,-9,9
45850,86,81,5,5
45851,82,89,-7,7
45852,104,101,3,3
45853,116,140,-24,24
45854,115,109,6,6
45855,81,74,7,7
45856,82,103,-21,21
45857,88,86,2,2
45858,115,113,2,2
45859,170,177,-7,7
45860,110,114,-4,4
45861,228,217,11,11
45862,161,153,8,8
45863,72,71,1,1
45864,171,164,7,7
45865,117,108,9,9
45866,116,117,-1,1
45867,60,55,5,5
45868,113,119,-6,6
45869,121,117,4,4
45870,41,54,-13,13
45871,98,95,3,3
45872,83,78,5,5
45873,56,59,-3,3
45874,107,103,4,4
45875,90,94,-4,4
45876,91,96,-5,5
45877,68,70,-2,2
45878,131,127,4,4
45879,95,92,3,3
45880,93,89,4,4
45881,99,97,2,2
45882,195,162,33,33
45883,124,120,4,4
45884,124,124,0,0
45885,44,66,-22,22
45886,63,63,0,0
45887,175,166,9,9
45888,127,116,11,11
45889,113,118,-5,5
45890,118,100,18,18
45891,99,112,-13,13
45892,89,90,-1,1
45893,64,59,5,5
45894,73,74,-1,1
45895,104,91,13,13
45896,50,69,-19,19
45897,94,85,9,9
45898,115,119,-4,4
45899,91,95,-4,4
45900,80,75,5,5
45901,81,88,-7,7
45902,80,85,-5,5
45903,100,101,-1,1
45904,123,125,-2,2
45905,89,93,-4,4
45906,71,69,2,2
45907,162,149,13,13
45908,152,142,10,10
45909,69,69,0,0
45910,81,91,-10,10
45911,71,81,-10,10
45912,90,84,6,6
45913,104,102,2,2
45914,106,101,5,5
45915,66,80,-14,14
45916,66,61,5,5
45917,79,94,-15,15
45918,45,49,-4,4
45919,89,85,4,4
45920,105,94,11,11
45921,59,51,8,8
45922,103,94,9,9
45923,116,122,-6,6
45924,93,95,-2,2
45925,116,124,-8,8
45926,133,129,4,4
45927,86,84,2,2
45928,86,76,10,10
45929,65,56,9,9
45930,139,140,-1,1
45931,117,125,-8,8
45932,67,63,4,4
45933,119,106,13,13
45934,81,102,-21,21
45935,127,129,-2,2
45936,142,138,4,4
45937,87,89,-2,2
45938,70,72,-2,2
45939,79,81,-2,2
45940,119,114,5,5
45941,73,69,4,4
45942,72,63,9,9
45943,87,93,-6,6
45944,108,109,-1,1
45945,120,126,-6,6
45946,82,76,6,6
45947,97,104,-7,7
45948,73,77,-4,4
45949,69,70,-1,1
45950,96,97,-1,1
45951,44,47,-3,3
45952,104,106,-2,2
45953,68,73,-5,5
45954,108,80,28,28
45955,81,88,-7,7
45956,124,122,2,2
45957,91,82,9,9
45958,116,137,-21,21
45959,41,47,-6,6
45960,93,94,-1,1
45961,100,106,-6,6
45962,70,83,-13,13
45963,82,80,2,2
45964,124,119,5,5
45965,168,151,17,17
45966,81,85,-4,4
45967,124,136,-12,12
45968,74,73,1,1
45969,191,184,7,7
45970,99,107,-8,8
45971,72,78,-6,6
45972,92,103,-11,11
45973,122,131,-9,9
45974,104,97,7,7
45975,93,86,7,7
45976,50,59,-9,9
45977,79,90,-11,11
45978,86,90,-4,4
45979,147,161,-14,14
45980,129,149,-20,20
45981,135,155,-20,20
45982,124,107,17,17
45983,91,91,0,0
45984,80,86,-6,6
45985,150,156,-6,6
45986,113,109,4,4
45987,74,71,3,3
45988,165,156,9,9
45989,105,94,11,11
45990,49,56,-7,7
45991,96,106,-10,10
45992,115,104,11,11
45993,132,124,8,8
45994,111,110,1,1
45995,44,88,-44,44
45996,98,93,5,5
45997,52,49,3,3
45998,78,93,-15,15
45999,71,87,-16,16
46000,30,39,-9,9
46001,116,124,-8,8
46002,128,155,-27,27
46003,75,83,-8,8
46004,47,50,-3,3
46005,89,100,-11,11
46006,88,77,11,11
46007,102,102,0,0
46008,48,52,-4,4
46009,59,66,-7,7
46010,131,129,2,2
46011,71,73,-2,2
46012,81,89,-8,8
46013,110,115,-5,5
46014,154,149,5,5
46015,120,115,5,5
46016,155,139,16,16
46017,109,106,3,3
46018,71,81,-10,10
46019,81,92,-11,11
46020,58,59,-1,1
46021,69,73,-4,4
46022,134,128,6,6
46023,99,108,-9,9
46024,71,78,-7,7
46025,99,99,0,0
46026,76,78,-2,2
46027,98,82,16,16
46028,68,71,-3,3
46029,105,92,13,13
46030,109,109,0,0
46031,143,130,13,13
46032,112,109,3,3
46033,82,107,-25,25
46034,59,60,-1,1
46035,170,168,2,2
46036,84,87,-3,3
46037,84,94,-10,10
46038,97,99,-2,2
46039,241,233,8,8
46040,216,197,19,19
46041,121,129,-8,8
46042,72,61,11,11
46043,61,66,-5,5
46044,76,67,9,9
46045,140,142,-2,2
46046,101,98,3,3
46047,92,83,9,9
46048,65,64,1,1
46049,62,65,-3,3
46050,62,71,-9,9
46051,172,157,15,15
46052,82,80,2,2
46053,118,125,-7,7
46054,99,95,4,4
46055,121,121,0,0
46056,108,105,3,3
46057,96,81,15,15
46058,145,119,26,26
46059,111,139,-28,28
46060,46,53,-7,7
46061,74,63,11,11
46062,96,91,5,5
46063,60,58,2,2
46064,110,144,-34,34
46065,78,81,-3,3
46066,114,107,7,7
46067,154,174,-20,20
46068,165,161,4,4
46069,42,48,-6,6
46070,91,87,4,4
46071,100,104,-4,4
46072,110,94,16,16
46073,67,74,-7,7
46074,68,83,-15,15
46075,137,114,23,23
46076,87,92,-5,5
46077,93,86,7,7
46078,86,90,-4,4
46079,200,216,-16,16
46080,119,117,2,2
46081,176,178,-2,2
46082,75,77,-2,2
46083,125,103,22,22
46084,74,79,-5,5
46085,102,96,6,6
46086,53,54,-1,1
46087,107,104,3,3
46088,95,90,5,5
46089,120,130,-10,10
46090,88,92,-4,4
46091,66,74,-8,8
46092,94,85,9,9
46093,137,148,-11,11
46094,67,70,-3,3
46095,83,88,-5,5
46096,56,53,3,3
46097,139,124,15,15
46098,100,96,4,4
46099,78,91,-13,13
46100,103,102,1,1
46101,59,69,-10,10
46102,47,56,-9,9
46103,65,61,4,4
46104,112,106,6,6
46105,132,124,8,8
46106,82,88,-6,6
46107,118,117,1,1
46108,109,94,15,15
46109,91,88,3,3
46110,67,74,-7,7
46111,83,89,-6,6
46112,79,80,-1,1
46113,26,33,-7,7
46114,44,55,-11,11
46115,71,86,-15,15
46116,86,86,0,0
46117,77,79,-2,2
46118,53,69,-16,16
46119,98,97,1,1
46120,144,147,-3,3
46121,89,79,10,10
46122,67,70,-3,3
46123,147,140,7,7
46124,127,134,-7,7
46125,85,88,-3,3
46126,66,61,5,5
46127,89,82,7,7
46128,89,89,0,0
46129,75,84,-9,9
46130,72,67,5,5
46131,101,108,-7,7
46132,126,97,29,29
46133,62,64,-2,2
46134,83,81,2,2
46135,151,146,5,5
46136,102,95,7,7
46137,215,223,-8,8
46138,149,145,4,4
46139,133,132,1,1
46140,90,81,9,9
46141,100,84,16,16
46142,57,54,3,3
46143,61,82,-21,21
46144,41,40,1,1
46145,137,134,3,3
46146,164,160,4,4
46147,242,258,-16,16
46148,99,102,-3,3
46149,51,55,-4,4
46150,68,67,1,1
46151,78,76,2,2
46152,120,119,1,1
46153,87,91,-4,4
46154,105,98,7,7
46155,112,111,1,1
46156,87,92,-5,5
46157,88,90,-2,2
46158,71,70,1,1
46159,125,119,6,6
46160,73,83,-10,10
46161,108,110,-2,2
46162,76,82,-6,6
46163,45,48,-3,3
46164,100,92,8,8
46165,76,80,-4,4
46166,158,148,10,10
46167,92,92,0,0
46168,77,82,-5,5
46169,44,59,-15,15
46170,115,122,-7,7
46171,85,97,-12,12
46172,109,104,5,5
46173,89,92,-3,3
46174,39,67,-28,28
46175,66,68,-2,2
46176,62,68,-6,6
46177,89,95,-6,6
46178,130,133,-3,3
46179,92,92,0,0
46180,138,131,7,7
46181,118,109,9,9
46182,219,273,-54,54
46183,104,106,-2,2
46184,94,104,-10,10
46185,100,90,10,10
46186,54,54,0,0
46187,153,130,23,23
46188,84,83,1,1
46189,91,99,-8,8
46190,46,53,-7,7
46191,53,62,-9,9
46192,77,72,5,5
46193,80,72,8,8
46194,138,134,4,4
46195,80,77,3,3
46196,138,108,30,30
46197,141,139,2,2
46198,91,89,2,2
46199,176,162,14,14
46200,117,128,-11,11
46201,69,78,-9,9
46202,108,122,-14,14
46203,101,94,7,7
46204,135,129,6,6
46205,115,119,-4,4
46206,102,108,-6,6
46207,56,62,-6,6
46208,96,104,-8,8
46209,69,73,-4,4
46210,106,116,-10,10
46211,151,163,-12,12
46212,110,108,2,2
46213,112,91,21,21
46214,134,129,5,5
46215,65,65,0,0
46216,66,68,-2,2
46217,97,102,-5,5
46218,109,113,-4,4
46219,141,146,-5,5
46220,78,78,0,0
46221,94,109,-15,15
46222,64,72,-8,8
46223,47,67,-20,20
46224,79,78,1,1
46225,104,113,-9,9
46226,39,62,-23,23
46227,62,74,-12,12
46228,123,124,-1,1
46229,144,126,18,18
46230,108,116,-8,8
46231,183,168,15,15
46232,85,84,1,1
46233,49,52,-3,3
46234,40,49,-9,9
46235,27,44,-17,17
46236,107,111,-4,4
46237,135,145,-10,10
46238,129,119,10,10
46239,77,76,1,1
46240,61,75,-14,14
46241,58,69,-11,11
46242,144,143,1,1
46243,53,61,-8,8
46244,95,101,-6,6
46245,82,75,7,7
46246,73,78,-5,5
46247,174,188,-14,14
46248,101,95,6,6
46249,100,120,-20,20
46250,81,79,2,2
46251,94,95,-1,1
46252,76,80,-4,4
46253,70,71,-1,1
46254,100,107,-7,7
46255,79,78,1,1
46256,83,99,-16,16
46257,90,98,-8,8
46258,136,133,3,3
46259,61,44,17,17
46260,106,107,-1,1
46261,90,91,-1,1
46262,32,40,-8,8
46263,100,111,-11,11
46264,74,71,3,3
46265,62,59,3,3
46266,101,91,10,10
46267,104,97,7,7
46268,94,88,6,6
46269,95,85,10,10
46270,134,131,3,3
46271,134,138,-4,4
46272,77,76,1,1
46273,80,99,-19,19
46274,90,90,0,0
46275,128,127,1,1
46276,108,85,23,23
46277,64,71,-7,7
46278,44,51,-7,7
46279,115,113,2,2
46280,49,55,-6,6
46281,64,79,-15,15
46282,64,64,0,0
46283,128,127,1,1
46284,69,71,-2,2
46285,73,66,7,7
46286,38,38,0,0
46287,71,72,-1,1
46288,94,98,-4,4
46289,89,94,-5,5
46290,63,69,-6,6
46291,116,110,6,6
46292,83,88,-5,5
46293,38,48,-10,10
46294,57,59,-2,2
46295,84,88,-4,4
46296,552,473,79,79
46297,75,77,-2,2
46298,70,64,6,6
46299,90,104,-14,14
46300,181,207,-26,26
46301,109,112,-3,3
46302,99,112,-13,13
46303,99,100,-1,1
46304,73,79,-6,6
46305,71,78,-7,7
46306,125,132,-7,7
46307,142,144,-2,2
46308,125,127,-2,2
46309,99,99,0,0
46310,127,121,6,6
46311,134,126,8,8
46312,87,82,5,5
46313,99,107,-8,8
46314,116,129,-13,13
46315,57,60,-3,3
46316,160,157,3,3
46317,104,95,9,9
46318,106,109,-3,3
46319,82,89,-7,7
46320,149,143,6,6
46321,122,120,2,2
46322,46,50,-4,4
46323,44,55,-11,11
46324,47,59,-12,12
46325,46,64,-18,18
46326,103,114,-11,11
46327,118,120,-2,2
46328,62,64,-2,2
46329,61,66,-5,5
46330,90,97,-7,7
46331,87,81,6,6
46332,163,151,12,12
46333,108,118,-10,10
46334,68,70,-2,2
46335,128,119,9,9
46336,132,169,-37,37
46337,48,50,-2,2
46338,66,65,1,1
46339,62,70,-8,8
46340,77,86,-9,9
46341,47,60,-13,13
46342,124,115,9,9
46343,95,105,-10,10
46344,65,67,-2,2
46345,70,82,-12,12
46346,133,137,-4,4
46347,98,103,-5,5
46348,138,150,-12,12
46349,93,97,-4,4
46350,136,130,6,6
46351,119,120,-1,1
46352,102,102,0,0
46353,106,131,-25,25
46354,75,81,-6,6
46355,58,65,-7,7
46356,130,124,6,6
46357,85,89,-4,4
46358,102,119,-17,17
46359,66,68,-2,2
46360,83,103,-20,20
46361,85,84,1,1
46362,122,118,4,4
46363,107,124,-17,17
46364,68,73,-5,5
46365,58,56,2,2
46366,87,85,2,2
46367,67,70,-3,3
46368,74,82,-8,8
46369,68,65,3,3
46370,104,93,11,11
46371,158,160,-2,2
46372,131,133,-2,2
46373,103,106,-3,3
46374,109,110,-1,1
46375,64,64,0,0
46376,123,121,2,2
46377,111,106,5,5
46378,38,44,-6,6
46379,59,56,3,3
46380,46,54,-8,8
46381,101,108,-7,7
46382,149,145,4,4
46383,116,113,3,3
46384,62,81,-19,19
46385,78,80,-2,2
46386,92,88,4,4
46387,109,106,3,3
46388,94,99,-5,5
46389,107,118,-11,11
46390,75,85,-10,10
46391,64,67,-3,3
46392,30,56,-26,26
46393,127,136,-9,9
46394,67,75,-8,8
46395,109,115,-6,6
46396,187,179,8,8
46397,90,90,0,0
46398,123,118,5,5
46399,72,66,6,6
46400,124,124,0,0
46401,110,104,6,6
46402,108,115,-7,7
46403,65,80,-15,15
46404,116,132,-16,16
46405,77,96,-19,19
46406,40,46,-6,6
46407,108,115,-7,7
46408,159,156,3,3
46409,60,63,-3,3
46410,116,110,6,6
46411,124,144,-20,20
46412,94,101,-7,7
46413,90,81,9,9
46414,30,39,-9,9
46415,89,86,3,3
46416,89,85,4,4
46417,111,123,-12,12
46418,84,86,-2,2
46419,49,56,-7,7
46420,75,65,10,10
46421,136,127,9,9
46422,41,88,-47,47
46423,72,71,1,1
46424,173,173,0,0
46425,70,74,-4,4
46426,90,93,-3,3
46427,153,164,-11,11
46428,138,148,-10,10
46429,147,144,3,3
46430,116,135,-19,19
46431,148,145,3,3
46432,117,125,-8,8
46433,103,108,-5,5
46434,123,126,-3,3
46435,151,140,11,11
46436,126,130,-4,4
46437,105,117,-12,12
46438,111,120,-9,9
46439,71,64,7,7
46440,99,123,-24,24
46441,59,66,-7,7
46442,104,95,9,9
46443,60,60,0,0
46444,88,90,-2,2
46445,63,63,0,0
46446,186,180,6,6
46447,97,91,6,6
46448,128,123,5,5
46449,162,159,3,3
46450,74,72,2,2
46451,92,90,2,2
46452,153,151,2,2
46453,97,102,-5,5
46454,116,116,0,0
46455,161,139,22,22
46456,73,74,-1,1
46457,107,109,-2,2
46458,112,130,-18,18
46459,89,93,-4,4
46460,92,91,1,1
46461,83,82,1,1
46462,108,125,-17,17
46463,108,121,-13,13
46464,49,51,-2,2
46465,64,65,-1,1
46466,109,123,-14,14
46467,52,53,-1,1
46468,139,148,-9,9
46469,90,98,-8,8
46470,90,96,-6,6
46471,70,72,-2,2
46472,97,103,-6,6
46473,56,61,-5,5
46474,64,75,-11,11
46475,67,64,3,3
46476,48,52,-4,4
46477,69,71,-2,2
46478,93,97,-4,4
46479,144,146,-2,2
46480,145,153,-8,8
46481,142,140,2,2
46482,150,159,-9,9
46483,58,60,-2,2
46484,120,111,9,9
46485,102,101,1,1
46486,142,153,-11,11
46487,100,102,-2,2
46488,125,125,0,0
46489,84,94,-10,10
46490,123,123,0,0
46491,145,155,-10,10
46492,86,89,-3,3
46493,73,74,-1,1
46494,97,96,1,1
46495,57,53,4,4
46496,122,122,0,0
46497,71,62,9,9
46498,99,113,-14,14
46499,83,77,6,6
46500,165,156,9,9
46501,193,166,27,27
46502,104,93,11,11
46503,110,123,-13,13
46504,65,82,-17,17
46505,72,79,-7,7
46506,76,78,-2,2
46507,173,180,-7,7
46508,76,89,-13,13
46509,95,96,-1,1
46510,96,94,2,2
46511,82,79,3,3
46512,91,99,-8,8
46513,88,88,0,0
46514,104,112,-8,8
46515,114,126,-12,12
46516,109,110,-1,1
46517,74,78,-4,4
46518,137,134,3,3
46519,93,94,-1,1
46520,88,94,-6,6
46521,55,63,-8,8
46522,72,79,-7,7
46523,71,94,-23,23
46524,110,93,17,17
46525,114,115,-1,1
46526,128,141,-13,13
46527,65,77,-12,12
46528,114,121,-7,7
46529,97,94,3,3
46530,117,152,-35,35
46531,72,74,-2,2
46532,92,89,3,3
46533,64,62,2,2
46534,125,135,-10,10
46535,99,101,-2,2
46536,56,65,-9,9
46537,54,53,1,1
46538,122,122,0,0
46539,178,185,-7,7
46540,179,182,-3,3
46541,80,82,-2,2
46542,109,110,-1,1
46543,83,90,-7,7
46544,103,99,4,4
46545,61,71,-10,10
46546,125,118,7,7
46547,96,94,2,2
46548,96,120,-24,24
46549,97,99,-2,2
46550,108,92,16,16
46551,89,96,-7,7
46552,55,53,2,2
46553,87,137,-50,50
46554,49,55,-6,6
46555,94,97,-3,3
46556,93,122,-29,29
46557,75,74,1,1
46558,65,68,-3,3
46559,52,64,-12,12
46560,83,78,5,5
46561,123,105,18,18
46562,92,89,3,3
46563,74,83,-9,9
46564,109,102,7,7
46565,52,62,-10,10
46566,76,67,9,9
46567,116,114,2,2
46568,83,74,9,9
46569,82,80,2,2
46570,144,146,-2,2
46571,35,46,-11,11
46572,155,158,-3,3
46573,136,127,9,9
46574,123,121,2,2
46575,81,74,7,7
46576,66,70,-4,4
46577,131,127,4,4
46578,133,119,14,14
46579,71,70,1,1
46580,82,82,0,0
46581,82,83,-1,1
46582,42,46,-4,4
46583,137,154,-17,17
46584,140,177,-37,37
46585,58,68,-10,10
46586,117,107,10,10
46587,69,92,-23,23
46588,85,86,-1,1
46589,52,27,25,25
46590,87,97,-10,10
46591,135,153,-18,18
46592,64,62,2,2
46593,129,112,17,17
46594,190,190,0,0
46595,68,76,-8,8
46596,82,73,9,9
46597,75,79,-4,4
46598,149,138,11,11
46599,84,91,-7,7
46600,54,56,-2,2
46601,98,99,-1,1
46602,99,94,5,5
46603,125,132,-7,7
46604,86,86,0,0
46605,95,97,-2,2
46606,75,77,-2,2
46607,80,72,8,8
46608,118,126,-8,8
46609,91,88,3,3
46610,106,103,3,3
46611,85,94,-9,9
46612,153,153,0,0
46613,103,110,-7,7
46614,159,164,-5,5
46615,69,67,2,2
46616,166,122,44,44
46617,109,111,-2,2
46618,133,132,1,1
46619,191,188,3,3
46620,113,95,18,18
46621,124,119,5,5
46622,139,138,1,1
46623,88,79,9,9
46624,43,82,-39,39
46625,71,75,-4,4
46626,116,114,2,2
46627,115,107,8,8
46628,118,117,1,1
46629,62,65,-3,3
46630,106,118,-12,12
46631,116,132,-16,16
46632,137,138,-1,1
46633,201,187,14,14
46634,53,61,-8,8
46635,73,74,-1,1
46636,46,50,-4,4
46637,90,87,3,3
46638,126,127,-1,1
46639,113,116,-3,3
46640,80,80,0,0
46641,102,96,6,6
46642,161,150,11,11
46643,103,105,-2,2
46644,119,133,-14,14
46645,54,66,-12,12
46646,159,150,9,9
46647,87,81,6,6
46648,59,54,5,5
46649,59,68,-9,9
46650,90,86,4,4
46651,59,71,-12,12
46652,104,98,6,6
46653,131,132,-1,1
46654,60,62,-2,2
46655,68,63,5,5
46656,86,91,-5,5
46657,88,86,2,2
46658,146,149,-3,3
46659,62,67,-5,5
46660,152,154,-2,2
46661,104,106,-2,2
46662,67,61,6,6
46663,102,110,-8,8
46664,96,99,-3,3
46665,99,118,-19,19
46666,99,101,-2,2
46667,76,73,3,3
46668,97,101,-4,4
46669,83,92,-9,9
46670,112,124,-12,12
46671,63,68,-5,5
46672,136,143,-7,7
46673,74,77,-3,3
46674,172,153,19,19
46675,136,131,5,5
46676,120,127,-7,7
46677,116,118,-2,2
46678,126,125,1,1
46679,114,108,6,6
46680,72,74,-2,2
46681,104,105,-1,1
46682,147,164,-17,17
46683,103,107,-4,4
46684,81,79,2,2
46685,80,84,-4,4
46686,101,104,-3,3
46687,125,110,15,15
46688,92,52,40,40
46689,84,85,-1,1
46690,80,111,-31,31
46691,150,155,-5,5
46692,61,71,-10,10
46693,112,115,-3,3
46694,112,109,3,3
46695,67,63,4,4
46696,137,135,2,2
46697,58,58,0,0
46698,105,105,0,0
46699,88,87,1,1
46700,76,77,-1,1
46701,88,78,10,10
46702,108,116,-8,8
46703,97,96,1,1
46704,141,150,-9,9
46705,64,77,-13,13
46706,51,64,-13,13
46707,101,93,8,8
46708,158,163,-5,5
46709,97,98,-1,1
46710,79,92,-13,13
46711,69,71,-2,2
46712,97,112,-15,15
46713,90,94,-4,4
46714,85,90,-5,5
46715,90,90,0,0
46716,120,118,2,2
46717,61,63,-2,2
46718,145,149,-4,4
46719,77,85,-8,8
46720,49,52,-3,3
46721,81,87,-6,6
46722,70,79,-9,9
46723,107,103,4,4
46724,87,83,4,4
46725,66,72,-6,6
46726,108,115,-7,7
46727,86,89,-3,3
46728,68,70,-2,2
46729,84,76,8,8
46730,72,72,0,0
46731,67,71,-4,4
46732,73,73,0,0
46733,81,88,-7,7
46734,65,62,3,3
46735,130,123,7,7
46736,47,46,1,1
46737,117,123,-6,6
46738,141,130,11,11
46739,204,173,31,31
46740,85,83,2,2
46741,116,123,-7,7
46742,118,111,7,7
46743,110,116,-6,6
46744,100,98,2,2
46745,93,104,-11,11
46746,53,54,-1,1
46747,86,79,7,7
46748,70,74,-4,4
46749,80,85,-5,5
46750,146,159,-13,13
46751,72,71,1,1
46752,154,155,-1,1
46753,206,208,-2,2
46754,72,77,-5,5
46755,141,143,-2,2
46756,83,105,-22,22
46757,141,155,-14,14
46758,97,110,-13,13
46759,137,134,3,3
46760,124,132,-8,8
46761,84,91,-7,7
46762,102,123,-21,21
46763,22,60,-38,38
46764,97,98,-1,1
46765,59,57,2,2
46766,124,137,-13,13
46767,198,203,-5,5
46768,93,81,12,12
46769,96,93,3,3
46770,99,94,5,5
46771,191,165,26,26
46772,88,84,4,4
46773,88,86,2,2
46774,114,107,7,7
46775,85,94,-9,9
46776,85,79,6,6
46777,63,62,1,1
46778,129,95,34,34
46779,142,136,6,6
46780,66,76,-10,10
46781,64,60,4,4
46782,72,72,0,0
46783,143,149,-6,6
46784,73,65,8,8
46785,92,101,-9,9
46786,80,72,8,8
46787,123,121,2,2
46788,67,71,-4,4
46789,87,106,-19,19
46790,81,78,3,3
46791,77,106,-29,29
46792,70,69,1,1
46793,120,120,0,0
46794,119,119,0,0
46795,116,114,2,2
46796,193,200,-7,7
46797,90,91,-1,1
46798,113,122,-9,9
46799,109,103,6,6
46800,85,96,-11,11
46801,63,67,-4,4
46802,56,61,-5,5
46803,131,138,-7,7
46804,108,108,0,0
46805,58,62,-4,4
46806,57,62,-5,5
46807,98,120,-22,22
46808,86,104,-18,18
46809,60,58,2,2
46810,54,62,-8,8
46811,160,159,1,1
46812,91,106,-15,15
46813,179,145,34,34
46814,68,85,-17,17
46815,143,152,-9,9
46816,86,75,11,11
46817,115,118,-3,3
46818,139,130,9,9
46819,95,97,-2,2
46820,66,82,-16,16
46821,66,69,-3,3
46822,143,143,0,0
46823,87,88,-1,1
46824,85,100,-15,15
46825,77,80,-3,3
46826,77,70,7,7
46827,91,83,8,8
46828,80,83,-3,3
46829,23,42,-19,19
46830,92,96,-4,4
46831,109,110,-1,1
46832,115,105,10,10
46833,93,92,1,1
46834,67,77,-10,10
46835,150,152,-2,2
46836,78,73,5,5
46837,159,164,-5,5
46838,124,123,1,1
46839,93,115,-22,22
46840,133,143,-10,10
46841,79,92,-13,13
46842,62,58,4,4
46843,73,75,-2,2
46844,66,67,-1,1
46845,69,67,2,2
46846,146,170,-24,24
46847,73,68,5,5
46848,91,103,-12,12
46849,67,64,3,3
46850,80,99,-19,19
46851,96,93,3,3
46852,75,75,0,0
46853,72,88,-16,16
46854,87,84,3,3
46855,93,84,9,9
46856,115,116,-1,1
46857,142,145,-3,3
46858,168,119,49,49
46859,149,139,10,10
46860,91,96,-5,5
46861,69,76,-7,7
46862,112,112,0,0
46863,83,85,-2,2
46864,63,59,4,4
46865,84,86,-2,2
46866,113,107,6,6
46867,98,96,2,2
46868,174,189,-15,15
46869,103,98,5,5
46870,32,90,-58,58
46871,126,129,-3,3
46872,132,140,-8,8
46873,49,54,-5,5
46874,107,113,-6,6
46875,121,143,-22,22
46876,132,105,27,27
46877,75,77,-2,2
46878,71,83,-12,12
46879,69,92,-23,23
46880,158,141,17,17
46881,73,73,0,0
46882,146,136,10,10
46883,49,59,-10,10
46884,124,129,-5,5
46885,71,73,-2,2
46886,43,57,-14,14
46887,94,89,5,5
46888,120,137,-17,17
46889,107,114,-7,7
46890,83,82,1,1
46891,111,113,-2,2
46892,79,85,-6,6
46893,93,95,-2,2
46894,130,137,-7,7
46895,119,116,3,3
46896,80,76,4,4
46897,80,70,10,10
46898,76,82,-6,6
46899,101,103,-2,2
46900,131,135,-4,4
46901,91,104,-13,13
46902,81,90,-9,9
46903,102,107,-5,5
46904,108,95,13,13
46905,79,85,-6,6
46906,121,116,5,5
46907,135,143,-8,8
46908,68,82,-14,14
46909,104,115,-11,11
46910,44,53,-9,9
46911,103,114,-11,11
46912,136,147,-11,11
46913,107,88,19,19
46914,78,91,-13,13
46915,75,80,-5,5
46916,37,39,-2,2
46917,24,29,-5,5
46918,166,173,-7,7
46919,134,132,2,2
46920,116,105,11,11
46921,85,92,-7,7
46922,130,135,-5,5
46923,150,143,7,7
46924,103,103,0,0
46925,92,90,2,2
46926,127,137,-10,10
46927,72,76,-4,4
46928,95,105,-10,10
46929,56,61,-5,5
46930,170,155,15,15
46931,106,95,11,11
46932,78,81,-3,3
46933,135,143,-8,8
46934,113,108,5,5
46935,191,182,9,9
46936,61,67,-6,6
46937,95,86,9,9
46938,119,120,-1,1
46939,114,107,7,7
46940,88,84,4,4
46941,71,72,-1,1
46942,76,69,7,7
46943,50,55,-5,5
46944,69,71,-2,2
46945,51,77,-26,26
46946,74,79,-5,5
46947,79,80,-1,1
46948,74,73,1,1
46949,113,120,-7,7
46950,99,112,-13,13
46951,86,87,-1,1
46952,91,95,-4,4
46953,83,96,-13,13
46954,106,103,3,3
46955,66,65,1,1
46956,74,69,5,5
46957,78,75,3,3
46958,101,106,-5,5
46959,78,82,-4,4
46960,91,100,-9,9
46961,94,103,-9,9
46962,86,90,-4,4
46963,64,64,0,0
46964,98,80,18,18
46965,100,113,-13,13
46966,148,141,7,7
46967,96,103,-7,7
46968,135,123,12,12
46969,123,136,-13,13
46970,65,67,-2,2
46971,86,80,6,6
46972,86,79,7,7
46973,93,89,4,4
46974,106,106,0,0
46975,122,121,1,1
46976,75,92,-17,17
46977,86,86,0,0
46978,51,56,-5,5
46979,56,59,-3,3
46980,125,136,-11,11
46981,92,85,7,7
46982,108,118,-10,10
46983,151,152,-1,1
46984,83,86,-3,3
46985,66,72,-6,6
46986,138,124,14,14
46987,120,131,-11,11
46988,79,90,-11,11
46989,86,91,-5,5
46990,163,173,-10,10
46991,112,117,-5,5
46992,98,91,7,7
46993,40,72,-32,32
46994,85,91,-6,6
46995,73,79,-6,6
46996,84,100,-16,16
46997,127,132,-5,5
46998,113,107,6,6
46999,116,114,2,2
47000,91,95,-4,4
47001,91,79,12,12
47002,50,53,-3,3
47003,78,85,-7,7
47004,90,89,1,1
47005,125,121,4,4
47006,84,92,-8,8
47007,79,85,-6,6
47008,69,68,1,1
47009,115,109,6,6
47010,227,255,-28,28
47011,107,114,-7,7
47012,136,162,-26,26
47013,88,84,4,4
47014,117,119,-2,2
47015,81,90,-9,9
47016,150,152,-2,2
47017,101,115,-14,14
47018,169,168,1,1
47019,75,82,-7,7
47020,146,154,-8,8
47021,96,94,2,2
47022,66,65,1,1
47023,73,76,-3,3
47024,85,96,-11,11
47025,104,92,12,12
47026,53,56,-3,3
47027,148,160,-12,12
47028,119,109,10,10
47029,45,54,-9,9
47030,72,77,-5,5
47031,126,127,-1,1
47032,64,65,-1,1
47033,119,127,-8,8
47034,89,95,-6,6
47035,139,143,-4,4
47036,111,120,-9,9
47037,100,87,13,13
47038,82,81,1,1
47039,138,138,0,0
47040,47,50,-3,3
47041,167,144,23,23
47042,63,62,1,1
47043,118,116,2,2
47044,201,212,-11,11
47045,82,99,-17,17
47046,91,99,-8,8
47047,81,83,-2,2
47048,91,88,3,3
47049,119,111,8,8
47050,88,87,1,1
47051,76,77,-1,1
47052,86,92,-6,6
47053,47,56,-9,9
47054,134,130,4,4
47055,96,106,-10,10
47056,82,77,5,5
47057,82,78,4,4
47058,89,95,-6,6
47059,99,102,-3,3
47060,93,92,1,1
47061,87,95,-8,8
47062,62,51,11,11
47063,58,57,1,1
47064,82,84,-2,2
47065,142,142,0,0
47066,101,96,5,5
47067,127,120,7,7
47068,46,53,-7,7
47069,116,115,1,1
47070,54,68,-14,14
47071,71,67,4,4
47072,121,148,-27,27
47073,80,84,-4,4
47074,86,79,7,7
47075,119,120,-1,1
47076,71,79,-8,8
47077,171,175,-4,4
47078,126,117,9,9
47079,57,55,2,2
47080,99,99,0,0
47081,55,51,4,4
47082,77,83,-6,6
47083,110,110,0,0
47084,77,107,-30,30
47085,111,113,-2,2
47086,164,168,-4,4
47087,104,98,6,6
47088,85,86,-1,1
47089,75,77,-2,2
47090,119,118,1,1
47091,82,86,-4,4
47092,122,115,7,7
47093,111,114,-3,3
47094,102,97,5,5
47095,54,55,-1,1
47096,96,97,-1,1
47097,65,63,2,2
47098,135,140,-5,5
47099,79,73,6,6
47100,92,81,11,11
47101,56,62,-6,6
47102,109,102,7,7
47103,124,125,-1,1
47104,65,73,-8,8
47105,84,87,-3,3
47106,107,104,3,3
47107,114,114,0,0
47108,92,84,8,8
47109,129,128,1,1
47110,159,154,5,5
47111,80,82,-2,2
47112,106,108,-2,2
47113,76,77,-1,1
47114,81,83,-2,2
47115,115,114,1,1
47116,89,96,-7,7
47117,66,70,-4,4
47118,49,57,-8,8
47119,74,72,2,2
47120,77,72,5,5
47121,98,90,8,8
47122,181,170,11,11
47123,65,53,12,12
47124,125,125,0,0
47125,120,128,-8,8
47126,92,88,4,4
47127,125,121,4,4
47128,97,98,-1,1
47129,113,105,8,8
47130,69,77,-8,8
47131,41,52,-11,11
47132,112,110,2,2
47133,93,88,5,5
47134,77,78,-1,1
47135,114,128,-14,14
47136,90,95,-5,5
47137,119,130,-11,11
47138,85,99,-14,14
47139,99,113,-14,14
47140,113,106,7,7
47141,112,124,-12,12
47142,43,50,-7,7
47143,73,72,1,1
47144,149,143,6,6
47145,72,73,-1,1
47146,62,72,-10,10
47147,74,75,-1,1
47148,197,195,2,2
47149,93,94,-1,1
47150,103,87,16,16
47151,96,92,4,4
47152,191,175,16,16
47153,116,115,1,1
47154,75,69,6,6
47155,99,109,-10,10
47156,94,85,9,9
47157,124,135,-11,11
47158,83,85,-2,2
47159,131,133,-2,2
47160,108,95,13,13
47161,108,123,-15,15
47162,77,78,-1,1
47163,77,68,9,9
47164,126,133,-7,7
47165,59,69,-10,10
47166,101,118,-17,17
47167,121,116,5,5
47168,116,128,-12,12
47169,124,111,13,13
47170,69,66,3,3
47171,160,151,9,9
47172,67,73,-6,6
47173,111,118,-7,7
47174,80,97,-17,17
47175,44,52,-8,8
47176,89,86,3,3
47177,92,90,2,2
47178,105,116,-11,11
47179,113,116,-3,3
47180,83,85,-2,2
47181,54,54,0,0
47182,47,57,-10,10
47183,105,99,6,6
47184,65,62,3,3
47185,118,113,5,5
47186,115,103,12,12
47187,92,100,-8,8
47188,69,62,7,7
47189,42,48,-6,6
47190,64,65,-1,1
47191,119,134,-15,15
47192,142,130,12,12
47193,117,112,5,5
47194,67,75,-8,8
47195,157,152,5,5
47196,57,59,-2,2
47197,122,116,6,6
47198,84,91,-7,7
47199,112,119,-7,7
47200,96,101,-5,5
47201,75,87,-12,12
47202,86,85,1,1
47203,168,151,17,17
47204,128,120,8,8
47205,111,108,3,3
47206,95,99,-4,4
47207,74,92,-18,18
47208,101,86,15,15
47209,69,67,2,2
47210,160,171,-11,11
47211,139,133,6,6
47212,24,61,-37,37
47213,89,101,-12,12
47214,102,111,-9,9
47215,49,51,-2,2
47216,94,111,-17,17
47217,76,78,-2,2
47218,170,152,18,18
47219,158,160,-2,2
47220,31,96,-65,65
47221,66,76,-10,10
47222,106,102,4,4
47223,60,70,-10,10
47224,77,82,-5,5
47225,68,73,-5,5
47226,129,136,-7,7
47227,60,61,-1,1
47228,106,110,-4,4
47229,64,59,5,5
47230,67,65,2,2
47231,85,90,-5,5
47232,79,80,-1,1
47233,175,174,1,1
47234,20,63,-43,43
47235,169,151,18,18
47236,90,97,-7,7
47237,74,78,-4,4
47238,68,85,-17,17
47239,52,58,-6,6
47240,81,84,-3,3
47241,106,113,-7,7
47242,113,121,-8,8
47243,64,72,-8,8
47244,98,116,-18,18
47245,120,126,-6,6
47246,85,83,2,2
47247,70,67,3,3
47248,121,104,17,17
47249,132,128,4,4
47250,50,58,-8,8
47251,68,76,-8,8
47252,55,58,-3,3
47253,122,114,8,8
47254,107,105,2,2
47255,69,73,-4,4
47256,115,111,4,4
47257,118,125,-7,7
47258,184,232,-48,48
47259,78,90,-12,12
47260,47,53,-6,6
47261,65,64,1,1
47262,109,100,9,9
47263,89,77,12,12
47264,141,148,-7,7
47265,68,98,-30,30
47266,167,154,13,13
47267,68,77,-9,9
47268,86,84,2,2
47269,93,90,3,3
47270,91,91,0,0
47271,65,74,-9,9
47272,132,137,-5,5
47273,91,97,-6,6
47274,71,67,4,4
47275,71,66,5,5
47276,120,98,22,22
47277,118,113,5,5
47278,117,116,1,1
47279,157,157,0,0
47280,73,76,-3,3
47281,108,108,0,0
47282,82,78,4,4
47283,122,126,-4,4
47284,143,155,-12,12
47285,172,159,13,13
47286,76,75,1,1
47287,130,144,-14,14
47288,61,67,-6,6
47289,65,77,-12,12
47290,128,120,8,8
47291,98,93,5,5
47292,161,170,-9,9
47293,56,55,1,1
47294,97,124,-27,27
47295,176,208,-32,32
47296,125,125,0,0
47297,115,112,3,3
47298,81,83,-2,2
47299,103,100,3,3
47300,53,56,-3,3
47301,173,187,-14,14
47302,132,121,11,11
47303,129,118,11,11
47304,120,122,-2,2
47305,123,121,2,2
47306,203,172,31,31
47307,59,52,7,7
47308,67,71,-4,4
47309,132,126,6,6
47310,182,173,9,9
47311,143,140,3,3
47312,97,95,2,2
47313,91,88,3,3
47314,96,116,-20,20
47315,91,93,-2,2
47316,87,84,3,3
47317,143,152,-9,9
47318,65,80,-15,15
47319,78,69,9,9
47320,78,77,1,1
47321,140,140,0,0
47322,93,99,-6,6
47323,52,53,-1,1
47324,95,103,-8,8
47325,96,89,7,7
47326,72,80,-8,8
47327,113,110,3,3
47328,97,89,8,8
47329,77,78,-1,1
47330,71,73,-2,2
47331,58,61,-3,3
47332,72,79,-7,7
47333,210,195,15,15
47334,97,90,7,7
47335,141,150,-9,9
47336,130,134,-4,4
47337,105,116,-11,11
47338,66,72,-6,6
47339,78,96,-18,18
47340,96,101,-5,5
47341,120,119,1,1
47342,57,62,-5,5
47343,162,161,1,1
47344,134,140,-6,6
47345,161,147,14,14
47346,171,177,-6,6
47347,91,100,-9,9
47348,46,64,-18,18
47349,128,127,1,1
47350,113,105,8,8
47351,96,94,2,2
47352,55,46,9,9
47353,101,112,-11,11
47354,146,144,2,2
47355,83,124,-41,41
47356,41,46,-5,5
47357,117,122,-5,5
47358,118,122,-4,4
47359,89,99,-10,10
47360,88,90,-2,2
47361,37,53,-16,16
47362,68,76,-8,8
47363,53,54,-1,1
47364,106,112,-6,6
47365,125,124,1,1
47366,79,78,1,1
47367,100,104,-4,4
47368,99,102,-3,3
47369,99,105,-6,6
47370,130,127,3,3
47371,75,87,-12,12
47372,101,100,1,1
47373,90,93,-3,3
47374,154,145,9,9
47375,116,115,1,1
47376,60,67,-7,7
47377,144,150,-6,6
47378,75,83,-8,8
47379,110,105,5,5
47380,124,133,-9,9
47381,79,89,-10,10
47382,38,53,-15,15
47383,90,88,2,2
47384,84,78,6,6
47385,76,89,-13,13
47386,88,95,-7,7
47387,124,132,-8,8
47388,76,83,-7,7
47389,84,78,6,6
47390,75,75,0,0
47391,78,73,5,5
47392,48,58,-10,10
47393,70,81,-11,11
47394,125,122,3,3
47395,129,133,-4,4
47396,75,73,2,2
47397,91,112,-21,21
47398,108,104,4,4
47399,100,93,7,7
47400,56,68,-12,12
47401,140,129,11,11
47402,62,65,-3,3
47403,224,192,32,32
47404,109,120,-11,11
47405,159,168,-9,9
47406,90,95,-5,5
47407,125,99,26,26
47408,96,102,-6,6
47409,74,89,-15,15
47410,109,114,-5,5
47411,84,83,1,1
47412,50,69,-19,19
47413,146,145,1,1
47414,116,108,8,8
47415,93,87,6,6
47416,92,87,5,5
47417,72,67,5,5
47418,159,144,15,15
47419,79,77,2,2
47420,117,115,2,2
47421,92,85,7,7
47422,102,102,0,0
47423,61,67,-6,6
47424,55,46,9,9
47425,91,80,11,11
47426,94,89,5,5
47427,64,68,-4,4
47428,121,118,3,3
47429,50,57,-7,7
47430,91,87,4,4
47431,87,88,-1,1
47432,100,97,3,3
47433,60,64,-4,4
47434,139,142,-3,3
47435,77,71,6,6
47436,54,69,-15,15
47437,117,102,15,15
47438,105,125,-20,20
47439,105,111,-6,6
47440,78,81,-3,3
47441,108,102,6,6
47442,111,120,-9,9
47443,112,122,-10,10
47444,69,69,0,0
47445,100,102,-2,2
47446,96,94,2,2
47447,31,73,-42,42
47448,75,79,-4,4
47449,68,71,-3,3
47450,53,58,-5,5
47451,63,69,-6,6
47452,85,81,4,4
47453,126,132,-6,6
47454,107,110,-3,3
47455,130,127,3,3
47456,65,60,5,5
47457,73,74,-1,1
47458,107,114,-7,7
47459,121,127,-6,6
47460,99,100,-1,1
47461,92,85,7,7
47462,170,171,-1,1
47463,85,83,2,2
47464,142,142,0,0
47465,86,87,-1,1
47466,63,64,-1,1
47467,121,118,3,3
47468,84,94,-10,10
47469,66,64,2,2
47470,60,58,2,2
47471,68,75,-7,7
47472,113,125,-12,12
47473,101,101,0,0
47474,48,53,-5,5
47475,154,161,-7,7
47476,160,161,-1,1
47477,102,91,11,11
47478,94,94,0,0
47479,84,85,-1,1
47480,107,116,-9,9
47481,66,73,-7,7
47482,87,95,-8,8
47483,84,75,9,9
47484,86,91,-5,5
47485,101,62,39,39
47486,83,78,5,5
47487,70,68,2,2
47488,104,95,9,9
47489,78,74,4,4
47490,69,75,-6,6
47491,172,167,5,5
47492,66,65,1,1
47493,96,91,5,5
47494,73,73,0,0
47495,122,132,-10,10
47496,66,72,-6,6
47497,78,81,-3,3
47498,70,122,-52,52
47499,62,71,-9,9
47500,64,61,3,3
47501,189,181,8,8
47502,101,107,-6,6
47503,83,81,2,2
47504,88,78,10,10
47505,108,111,-3,3
47506,109,106,3,3
47507,50,52,-2,2
47508,100,98,2,2
47509,98,92,6,6
47510,74,71,3,3
47511,151,147,4,4
47512,67,75,-8,8
47513,145,142,3,3
47514,99,91,8,8
47515,79,82,-3,3
47516,66,74,-8,8
47517,87,89,-2,2
47518,104,103,1,1
47519,75,79,-4,4
47520,81,73,8,8
47521,79,87,-8,8
47522,82,82,0,0
47523,202,191,11,11
47524,64,62,2,2
47525,142,148,-6,6
47526,77,77,0,0
47527,95,88,7,7
47528,127,138,-11,11
47529,89,98,-9,9
47530,136,156,-20,20
47531,63,67,-4,4
47532,123,123,0,0
47533,113,112,1,1
47534,98,96,2,2
47535,136,128,8,8
47536,124,117,7,7
47537,124,118,6,6
47538,162,150,12,12
47539,81,98,-17,17
47540,93,93,0,0
47541,83,94,-11,11
47542,127,114,13,13
47543,60,53,7,7
47544,83,88,-5,5
47545,60,63,-3,3
47546,103,118,-15,15
47547,93,83,10,10
47548,78,81,-3,3
47549,97,95,2,2
47550,73,69,4,4
47551,128,123,5,5
47552,92,101,-9,9
47553,37,38,-1,1
47554,154,154,0,0
47555,60,74,-14,14
47556,94,96,-2,2
47557,103,102,1,1
47558,72,74,-2,2
47559,65,91,-26,26
47560,85,88,-3,3
47561,111,115,-4,4
47562,88,91,-3,3
47563,110,104,6,6
47564,102,97,5,5
47565,59,62,-3,3
47566,89,79,10,10
47567,113,103,10,10
47568,65,74,-9,9
47569,148,148,0,0
47570,83,85,-2,2
47571,81,83,-2,2
47572,88,88,0,0
47573,67,71,-4,4
47574,44,59,-15,15
47575,98,105,-7,7
47576,89,86,3,3
47577,85,89,-4,4
47578,165,158,7,7
47579,58,65,-7,7
47580,118,115,3,3
47581,138,127,11,11
47582,85,80,5,5
47583,77,76,1,1
47584,58,64,-6,6
47585,78,71,7,7
47586,94,109,-15,15
47587,51,57,-6,6
47588,109,120,-11,11
47589,72,77,-5,5
47590,71,70,1,1
47591,83,93,-10,10
47592,97,94,3,3
47593,81,86,-5,5
47594,192,215,-23,23
47595,152,140,12,12
47596,101,102,-1,1
47597,65,56,9,9
47598,77,83,-6,6
47599,130,123,7,7
47600,124,106,18,18
47601,89,95,-6,6
47602,105,121,-16,16
47603,85,83,2,2
47604,147,151,-4,4
47605,108,126,-18,18
47606,86,85,1,1
47607,66,66,0,0
47608,62,59,3,3
47609,74,69,5,5
47610,144,132,12,12
47611,77,76,1,1
47612,53,59,-6,6
47613,81,74,7,7
47614,121,122,-1,1
47615,71,69,2,2
47616,75,61,14,14
47617,105,101,4,4
47618,98,100,-2,2
47619,133,143,-10,10
47620,115,131,-16,16
47621,56,63,-7,7
47622,139,141,-2,2
47623,108,107,1,1
47624,207,185,22,22
47625,43,54,-11,11
47626,135,130,5,5
47627,122,129,-7,7
47628,61,66,-5,5
47629,97,94,3,3
47630,77,78,-1,1
47631,123,107,16,16
47632,59,67,-8,8
47633,113,122,-9,9
47634,125,128,-3,3
47635,88,89,-1,1
47636,72,69,3,3
47637,137,139,-2,2
47638,113,105,8,8
47639,112,104,8,8
47640,60,72,-12,12
47641,106,113,-7,7
47642,143,143,0,0
47643,91,90,1,1
47644,95,80,15,15
47645,155,136,19,19
47646,106,116,-10,10
47647,103,118,-15,15
47648,142,132,10,10
47649,76,75,1,1
47650,115,124,-9,9
47651,96,121,-25,25
47652,103,96,7,7
47653,106,119,-13,13
47654,67,64,3,3
47655,100,98,2,2
47656,103,98,5,5
47657,72,71,1,1
47658,142,143,-1,1
47659,32,65,-33,33
47660,137,131,6,6
47661,57,65,-8,8
47662,69,73,-4,4
47663,47,50,-3,3
47664,82,107,-25,25
47665,113,109,4,4
47666,81,88,-7,7
47667,96,98,-2,2
47668,67,67,0,0
47669,138,130,8,8
47670,73,69,4,4
47671,62,83,-21,21
47672,45,56,-11,11
47673,106,105,1,1
47674,65,64,1,1
47675,79,80,-1,1
47676,109,112,-3,3
47677,147,143,4,4
47678,67,70,-3,3
47679,94,91,3,3
47680,73,74,-1,1
47681,57,69,-12,12
47682,124,116,8,8
47683,68,66,2,2
47684,89,84,5,5
47685,105,96,9,9
47686,64,83,-19,19
47687,78,84,-6,6
47688,108,102,6,6
47689,171,174,-3,3
47690,92,84,8,8
47691,63,69,-6,6
47692,66,66,0,0
47693,85,92,-7,7
47694,134,135,-1,1
47695,73,74,-1,1
47696,85,85,0,0
47697,81,84,-3,3
47698,119,119,0,0
47699,64,58,6,6
47700,73,70,3,3
47701,120,107,13,13
47702,122,123,-1,1
47703,97,100,-3,3
47704,69,70,-1,1
47705,88,88,0,0
47706,86,90,-4,4
47707,87,91,-4,4
47708,152,148,4,4
47709,65,64,1,1
47710,37,38,-1,1
47711,125,119,6,6
47712,117,127,-10,10
47713,72,71,1,1
47714,120,142,-22,22
47715,67,69,-2,2
47716,147,148,-1,1
47717,142,141,1,1
47718,111,109,2,2
47719,104,110,-6,6
47720,90,85,5,5
47721,76,77,-1,1
47722,82,73,9,9
47723,122,97,25,25
47724,176,168,8,8
47725,97,76,21,21
47726,84,85,-1,1
47727,94,88,6,6
47728,175,188,-13,13
47729,90,94,-4,4
47730,62,64,-2,2
47731,116,108,8,8
47732,137,135,2,2
47733,141,136,5,5
47734,96,109,-13,13
47735,99,103,-4,4
47736,66,65,1,1
47737,183,184,-1,1
47738,64,61,3,3
47739,137,159,-22,22
47740,51,56,-5,5
47741,35,39,-4,4
47742,137,123,14,14
47743,151,159,-8,8
47744,115,117,-2,2
47745,94,91,3,3
47746,42,46,-4,4
47747,57,62,-5,5
47748,102,120,-18,18
47749,59,58,1,1
47750,73,86,-13,13
47751,80,84,-4,4
47752,102,112,-10,10
47753,111,108,3,3
47754,150,153,-3,3
47755,149,143,6,6
47756,129,124,5,5
47757,35,72,-37,37
47758,50,55,-5,5
47759,85,83,2,2
47760,90,89,1,1
47761,129,112,17,17
47762,111,121,-10,10
47763,80,92,-12,12
47764,165,163,2,2
47765,69,70,-1,1
47766,132,105,27,27
47767,145,143,2,2
47768,51,50,1,1
47769,152,149,3,3
47770,64,64,0,0
47771,168,164,4,4
47772,100,108,-8,8
47773,72,63,9,9
47774,86,79,7,7
47775,67,74,-7,7
47776,71,81,-10,10
47777,156,155,1,1
47778,92,89,3,3
47779,93,96,-3,3
47780,95,111,-16,16
47781,113,113,0,0
47782,105,103,2,2
47783,77,86,-9,9
47784,96,110,-14,14
47785,103,105,-2,2
47786,76,93,-17,17
47787,77,78,-1,1
47788,103,91,12,12
47789,80,80,0,0
47790,72,79,-7,7
47791,98,97,1,1
47792,94,92,2,2
47793,145,151,-6,6
47794,57,52,5,5
47795,95,88,7,7
47796,97,77,20,20
47797,160,152,8,8
47798,161,162,-1,1
47799,71,73,-2,2
47800,95,92,3,3
47801,100,104,-4,4
47802,57,54,3,3
47803,96,97,-1,1
47804,70,69,1,1
47805,51,81,-30,30
47806,70,75,-5,5
47807,27,43,-16,16
47808,93,97,-4,4
47809,110,110,0,0
47810,128,123,5,5
47811,146,147,-1,1
47812,81,72,9,9
47813,100,99,1,1
47814,77,74,3,3
47815,57,63,-6,6
47816,110,111,-1,1
47817,90,93,-3,3
47818,105,119,-14,14
47819,91,81,10,10
47820,158,164,-6,6
47821,79,78,1,1
47822,52,50,2,2
47823,86,80,6,6
47824,100,101,-1,1
47825,65,62,3,3
47826,116,111,5,5
47827,75,72,3,3
47828,95,95,0,0
47829,71,78,-7,7
47830,87,91,-4,4
47831,79,71,8,8
47832,77,78,-1,1
47833,55,57,-2,2
47834,94,89,5,5
47835,99,100,-1,1
47836,98,98,0,0
47837,95,117,-22,22
47838,123,121,2,2
47839,76,89,-13,13
47840,157,178,-21,21
47841,75,76,-1,1
47842,114,122,-8,8
47843,47,43,4,4
47844,110,106,4,4
47845,122,121,1,1
47846,89,101,-12,12
47847,65,71,-6,6
47848,63,68,-5,5
47849,140,135,5,5
47850,101,111,-10,10
47851,132,128,4,4
47852,175,194,-19,19
47853,79,82,-3,3
47854,97,105,-8,8
47855,108,103,5,5
47856,76,71,5,5
47857,80,78,2,2
47858,114,111,3,3
47859,160,159,1,1
47860,101,94,7,7
47861,143,134,9,9
47862,40,50,-10,10
47863,151,147,4,4
47864,111,128,-17,17
47865,105,125,-20,20
47866,93,93,0,0
47867,121,129,-8,8
47868,162,162,0,0
47869,91,104,-13,13
47870,86,90,-4,4
47871,133,147,-14,14
47872,69,73,-4,4
47873,110,81,29,29
47874,76,72,4,4
47875,70,74,-4,4
47876,129,119,10,10
47877,105,101,4,4
47878,118,117,1,1
47879,51,58,-7,7
47880,155,155,0,0
47881,80,81,-1,1
47882,91,112,-21,21
47883,87,88,-1,1
47884,61,81,-20,20
47885,65,66,-1,1
47886,85,94,-9,9
47887,89,82,7,7
47888,62,65,-3,3
47889,85,85,0,0
47890,65,83,-18,18
47891,127,128,-1,1
47892,94,93,1,1
47893,106,99,7,7
47894,72,71,1,1
47895,115,113,2,2
47896,100,91,9,9
47897,56,58,-2,2
47898,78,90,-12,12
47899,100,101,-1,1
47900,94,93,1,1
47901,104,99,5,5
47902,76,93,-17,17
47903,100,97,3,3
47904,114,111,3,3
47905,94,89,5,5
47906,92,87,5,5
47907,51,52,-1,1
47908,129,133,-4,4
47909,30,40,-10,10
47910,91,103,-12,12
47911,72,76,-4,4
47912,99,99,0,0
47913,59,59,0,0
47914,103,100,3,3
47915,140,124,16,16
47916,71,75,-4,4
47917,77,74,3,3
47918,108,115,-7,7
47919,87,82,5,5
47920,150,148,2,2
47921,108,116,-8,8
47922,78,78,0,0
47923,143,139,4,4
47924,109,118,-9,9
47925,81,82,-1,1
47926,82,90,-8,8
47927,46,53,-7,7
47928,142,137,5,5
47929,54,59,-5,5
47930,89,90,-1,1
47931,53,63,-10,10
47932,73,75,-2,2
47933,74,77,-3,3
47934,43,45,-2,2
47935,89,92,-3,3
47936,71,80,-9,9
47937,62,84,-22,22
47938,59,67,-8,8
47939,114,112,2,2
47940,56,58,-2,2
47941,94,96,-2,2
47942,102,112,-10,10
47943,112,111,1,1
47944,75,77,-2,2
47945,77,88,-11,11
47946,124,127,-3,3
47947,128,118,10,10
47948,70,75,-5,5
47949,84,118,-34,34
47950,151,143,8,8
47951,113,111,2,2
47952,85,82,3,3
47953,82,108,-26,26
47954,163,177,-14,14
47955,124,144,-20,20
47956,80,69,11,11
47957,122,153,-31,31
47958,88,78,10,10
47959,66,65,1,1
47960,83,86,-3,3
47961,118,116,2,2
47962,57,58,-1,1
47963,66,76,-10,10
47964,108,118,-10,10
47965,93,102,-9,9
47966,51,51,0,0
47967,171,170,1,1
47968,114,110,4,4
47969,45,49,-4,4
47970,86,80,6,6
47971,62,72,-10,10
47972,67,68,-1,1
47973,76,81,-5,5
47974,108,115,-7,7
47975,100,119,-19,19
47976,139,138,1,1
47977,115,118,-3,3
47978,144,119,25,25
47979,90,81,9,9
47980,91,83,8,8
47981,75,80,-5,5
47982,135,135,0,0
47983,67,86,-19,19
47984,117,106,11,11
47985,127,115,12,12
47986,59,64,-5,5
47987,48,55,-7,7
47988,69,72,-3,3
47989,93,90,3,3
47990,123,124,-1,1
47991,131,146,-15,15
47992,105,98,7,7
47993,121,131,-10,10
47994,111,121,-10,10
47995,43,43,0,0
47996,131,130,1,1
47997,133,131,2,2
47998,74,78,-4,4
47999,154,138,16,16
48000,36,44,-8,8
48001,83,90,-7,7
48002,114,119,-5,5
48003,115,109,6,6
48004,117,121,-4,4
48005,129,119,10,10
48006,119,119,0,0
48007,65,61,4,4
48008,88,90,-2,2
48009,80,77,3,3
48010,43,54,-11,11
48011,68,71,-3,3
48012,157,152,5,5
48013,104,107,-3,3
48014,56,54,2,2
48015,52,54,-2,2
48016,115,108,7,7
48017,64,61,3,3
48018,139,140,-1,1
48019,58,60,-2,2
48020,105,112,-7,7
48021,196,210,-14,14
48022,117,112,5,5
48023,108,93,15,15
48024,109,110,-1,1
48025,53,52,1,1
48026,97,89,8,8
48027,89,95,-6,6
48028,136,133,3,3
48029,156,164,-8,8
48030,107,98,9,9
48031,48,50,-2,2
48032,108,116,-8,8
48033,151,140,11,11
48034,71,84,-13,13
48035,99,90,9,9
48036,119,109,10,10
48037,131,134,-3,3
48038,72,74,-2,2
48039,112,110,2,2
48040,142,161,-19,19
48041,130,134,-4,4
48042,103,110,-7,7
48043,136,138,-2,2
48044,61,60,1,1
48045,93,88,5,5
48046,124,127,-3,3
48047,44,59,-15,15
48048,166,180,-14,14
48049,134,140,-6,6
48050,85,80,5,5
48051,56,66,-10,10
48052,58,67,-9,9
48053,95,103,-8,8
48054,113,116,-3,3
48055,80,89,-9,9
48056,105,108,-3,3
48057,56,52,4,4
48058,79,88,-9,9
48059,77,84,-7,7
48060,90,89,1,1
48061,68,66,2,2
48062,65,75,-10,10
48063,95,98,-3,3
48064,51,64,-13,13
48065,99,86,13,13
48066,81,75,6,6
48067,116,107,9,9
48068,72,69,3,3
48069,55,68,-13,13
48070,144,130,14,14
48071,74,81,-7,7
48072,135,148,-13,13
48073,60,63,-3,3
48074,76,88,-12,12
48075,144,126,18,18
48076,141,129,12,12
48077,80,66,14,14
48078,74,79,-5,5
48079,83,84,-1,1
48080,76,70,6,6
48081,100,100,0,0
48082,97,98,-1,1
48083,141,126,15,15
48084,109,112,-3,3
48085,87,113,-26,26
48086,104,106,-2,2
48087,69,69,0,0
48088,60,75,-15,15
48089,71,85,-14,14
48090,64,72,-8,8
48091,69,78,-9,9
48092,92,103,-11,11
48093,93,95,-2,2
48094,88,80,8,8
48095,11,27,-16,16
48096,132,123,9,9
48097,62,71,-9,9
48098,73,92,-19,19
48099,110,110,0,0
48100,84,92,-8,8
48101,63,54,9,9
48102,110,113,-3,3
48103,61,61,0,0
48104,81,95,-14,14
48105,107,103,4,4
48106,161,151,10,10
48107,66,59,7,7
48108,59,71,-12,12
48109,115,123,-8,8
48110,113,113,0,0
48111,125,130,-5,5
48112,104,113,-9,9
48113,90,94,-4,4
48114,84,84,0,0
48115,101,99,2,2
48116,151,136,15,15
48117,127,125,2,2
48118,102,106,-4,4
48119,85,91,-6,6
48120,64,74,-10,10
48121,114,114,0,0
48122,104,98,6,6
48123,99,102,-3,3
48124,60,62,-2,2
48125,102,119,-17,17
48126,125,125,0,0
48127,109,118,-9,9
48128,106,106,0,0
48129,91,96,-5,5
48130,54,70,-16,16
48131,86,107,-21,21
48132,108,121,-13,13
48133,61,65,-4,4
48134,63,80,-17,17
48135,112,118,-6,6
48136,35,45,-10,10
48137,86,86,0,0
48138,79,89,-10,10
48139,112,112,0,0
48140,180,188,-8,8
48141,94,87,7,7
48142,125,121,4,4
48143,82,77,5,5
48144,94,107,-13,13
48145,83,79,4,4
48146,93,99,-6,6
48147,89,96,-7,7
48148,63,67,-4,4
48149,120,128,-8,8
48150,91,79,12,12
48151,102,124,-22,22
48152,70,77,-7,7
48153,66,70,-4,4
48154,73,71,2,2
48155,122,117,5,5
48156,50,54,-4,4
48157,65,84,-19,19
48158,146,141,5,5
48159,72,79,-7,7
48160,109,98,11,11
48161,67,77,-10,10
48162,138,136,2,2
48163,78,79,-1,1
48164,143,134,9,9
48165,82,83,-1,1
48166,147,159,-12,12
48167,115,118,-3,3
48168,107,120,-13,13
48169,60,63,-3,3
48170,95,90,5,5
48171,95,93,2,2
48172,39,49,-10,10
48173,75,94,-19,19
48174,61,62,-1,1
48175,194,224,-30,30
48176,67,77,-10,10
48177,104,104,0,0
48178,79,92,-13,13
48179,57,65,-8,8
48180,45,54,-9,9
48181,66,79,-13,13
48182,70,69,1,1
48183,61,71,-10,10
48184,93,97,-4,4
48185,104,103,1,1
48186,122,147,-25,25
48187,64,69,-5,5
48188,68,72,-4,4
48189,132,134,-2,2
48190,55,57,-2,2
48191,117,118,-1,1
48192,89,89,0,0
48193,83,95,-12,12
48194,94,95,-1,1
48195,59,57,2,2
48196,149,147,2,2
48197,77,84,-7,7
48198,92,103,-11,11
48199,84,84,0,0
48200,71,69,2,2
48201,75,74,1,1
48202,123,116,7,7
48203,108,117,-9,9
48204,90,93,-3,3
48205,99,80,19,19
48206,38,42,-4,4
48207,59,63,-4,4
48208,104,107,-3,3
48209,114,126,-12,12
48210,83,82,1,1
48211,182,166,16,16
48212,89,87,2,2
48213,77,72,5,5
48214,146,132,14,14
48215,74,82,-8,8
48216,73,80,-7,7
48217,71,70,1,1
48218,70,68,2,2
48219,139,144,-5,5
48220,75,85,-10,10
48221,110,130,-20,20
48222,106,116,-10,10
48223,150,154,-4,4
48224,132,128,4,4
48225,108,98,10,10
48226,56,61,-5,5
48227,133,138,-5,5
48228,123,107,16,16
48229,58,52,6,6
48230,73,70,3,3
48231,118,116,2,2
48232,83,84,-1,1
48233,66,57,9,9
48234,83,84,-1,1
48235,89,89,0,0
48236,87,98,-11,11
48237,95,97,-2,2
48238,57,61,-4,4
48239,124,127,-3,3
48240,136,139,-3,3
48241,102,101,1,1
48242,123,130,-7,7
48243,53,57,-4,4
48244,59,60,-1,1
48245,150,145,5,5
48246,140,133,7,7
48247,88,88,0,0
48248,140,139,1,1
48249,86,90,-4,4
48250,106,103,3,3
48251,127,147,-20,20
48252,88,77,11,11
48253,99,112,-13,13
48254,83,92,-9,9
48255,81,94,-13,13
48256,151,142,9,9
48257,144,152,-8,8
48258,55,54,1,1
48259,66,63,3,3
48260,103,103,0,0
48261,100,100,0,0
48262,76,90,-14,14
48263,115,114,1,1
48264,135,122,13,13
48265,128,116,12,12
48266,163,148,15,15
48267,81,83,-2,2
48268,88,87,1,1
48269,86,125,-39,39
48270,147,141,6,6
48271,179,178,1,1
48272,98,97,1,1
48273,91,88,3,3
48274,145,145,0,0
48275,53,58,-5,5
48276,122,128,-6,6
48277,79,78,1,1
48278,118,133,-15,15
48279,100,89,11,11
48280,76,70,6,6
48281,148,151,-3,3
48282,55,41,14,14
48283,80,78,2,2
48284,129,143,-14,14
48285,52,60,-8,8
48286,108,107,1,1
48287,71,75,-4,4
48288,49,55,-6,6
48289,111,106,5,5
48290,97,91,6,6
48291,106,93,13,13
48292,31,52,-21,21
48293,62,67,-5,5
48294,140,157,-17,17
48295,102,94,8,8
48296,68,63,5,5
48297,66,70,-4,4
48298,98,107,-9,9
48299,29,53,-24,24
48300,162,163,-1,1
48301,68,71,-3,3
48302,39,40,-1,1
48303,61,71,-10,10
48304,126,140,-14,14
48305,82,75,7,7
48306,95,92,3,3
48307,86,93,-7,7
48308,91,91,0,0
48309,68,83,-15,15
48310,70,78,-8,8
48311,56,54,2,2
48312,113,111,2,2
48313,83,77,6,6
48314,185,176,9,9
48315,133,141,-8,8
48316,98,95,3,3
48317,47,54,-7,7
48318,86,80,6,6
48319,115,101,14,14
48320,121,120,1,1
48321,130,133,-3,3
48322,116,120,-4,4
48323,55,59,-4,4
48324,88,84,4,4
48325,158,161,-3,3
48326,208,211,-3,3
48327,104,99,5,5
48328,109,111,-2,2
48329,94,103,-9,9
48330,49,55,-6,6
48331,66,75,-9,9
48332,135,163,-28,28
48333,112,103,9,9
48334,75,76,-1,1
48335,99,106,-7,7
48336,98,103,-5,5
48337,77,84,-7,7
48338,108,98,10,10
48339,81,86,-5,5
48340,99,116,-17,17
48341,113,92,21,21
48342,68,75,-7,7
48343,111,119,-8,8
48344,57,65,-8,8
48345,141,135,6,6
48346,96,94,2,2
48347,57,64,-7,7
48348,86,90,-4,4
48349,64,86,-22,22
48350,58,57,1,1
48351,68,72,-4,4
48352,79,75,4,4
48353,128,134,-6,6
48354,133,139,-6,6
48355,129,137,-8,8
48356,98,96,2,2
48357,126,113,13,13
48358,68,76,-8,8
48359,98,96,2,2
48360,76,69,7,7
48361,151,143,8,8
48362,143,151,-8,8
48363,81,85,-4,4
48364,154,146,8,8
48365,99,101,-2,2
48366,58,56,2,2
48367,40,49,-9,9
48368,101,85,16,16
48369,88,84,4,4
48370,102,92,10,10
48371,82,78,4,4
48372,80,81,-1,1
48373,77,80,-3,3
48374,91,90,1,1
48375,133,131,2,2
48376,160,155,5,5
48377,137,137,0,0
48378,110,107,3,3
48379,78,72,6,6
48380,83,85,-2,2
48381,68,82,-14,14
48382,85,94,-9,9
48383,90,93,-3,3
48384,51,57,-6,6
48385,95,92,3,3
48386,133,130,3,3
48387,63,70,-7,7
48388,64,64,0,0
48389,64,60,4,4
48390,128,139,-11,11
48391,94,105,-11,11
48392,87,97,-10,10
48393,49,56,-7,7
48394,66,63,3,3
48395,53,55,-2,2
48396,99,103,-4,4
48397,55,70,-15,15
48398,166,169,-3,3
48399,179,177,2,2
48400,100,100,0,0
48401,97,95,2,2
48402,139,133,6,6
48403,59,58,1,1
48404,175,174,1,1
48405,123,139,-16,16
48406,72,74,-2,2
48407,77,88,-11,11
48408,86,79,7,7
48409,52,66,-14,14
48410,122,139,-17,17
48411,83,82,1,1
48412,109,129,-20,20
48413,123,120,3,3
48414,72,77,-5,5
48415,86,91,-5,5
48416,97,112,-15,15
48417,98,95,3,3
48418,98,93,5,5
48419,72,73,-1,1
48420,160,151,9,9
48421,61,56,5,5
48422,91,94,-3,3
48423,65,69,-4,4
48424,145,140,5,5
48425,60,65,-5,5
48426,125,124,1,1
48427,57,61,-4,4
48428,117,110,7,7
48429,104,105,-1,1
48430,141,140,1,1
48431,65,67,-2,2
48432,78,75,3,3
48433,74,72,2,2
48434,82,90,-8,8
48435,83,85,-2,2
48436,79,83,-4,4
48437,79,82,-3,3
48438,73,74,-1,1
48439,154,145,9,9
48440,89,89,0,0
48441,83,95,-12,12
48442,79,77,2,2
48443,167,160,7,7
48444,103,120,-17,17
48445,89,88,1,1
48446,199,192,7,7
48447,63,75,-12,12
48448,67,69,-2,2
48449,152,170,-18,18
48450,98,104,-6,6
48451,78,85,-7,7
48452,78,81,-3,3
48453,119,131,-12,12
48454,93,103,-10,10
48455,121,134,-13,13
48456,105,102,3,3
48457,184,129,55,55
48458,60,57,3,3
48459,167,151,16,16
48460,51,58,-7,7
48461,114,105,9,9
48462,59,57,2,2
48463,98,102,-4,4
48464,62,68,-6,6
48465,74,71,3,3
48466,87,84,3,3
48467,84,85,-1,1
48468,63,65,-2,2
48469,103,92,11,11
48470,133,127,6,6
48471,125,114,11,11
48472,137,142,-5,5
48473,82,76,6,6
48474,145,144,1,1
48475,111,117,-6,6
48476,117,115,2,2
48477,61,60,1,1
48478,107,115,-8,8
48479,127,122,5,5
48480,50,54,-4,4
48481,75,75,0,0
48482,173,174,-1,1
48483,162,142,20,20
48484,72,85,-13,13
48485,104,109,-5,5
48486,84,87,-3,3
48487,84,75,9,9
48488,99,102,-3,3
48489,109,96,13,13
48490,125,130,-5,5
48491,100,102,-2,2
48492,108,115,-7,7
48493,118,128,-10,10
48494,70,76,-6,6
48495,67,55,12,12
48496,39,38,1,1
48497,87,95,-8,8
48498,71,83,-12,12
48499,65,69,-4,4
48500,185,175,10,10
48501,89,87,2,2
48502,94,89,5,5
48503,68,72,-4,4
48504,66,71,-5,5
48505,126,119,7,7
48506,99,103,-4,4
48507,100,107,-7,7
48508,85,74,11,11
48509,38,45,-7,7
48510,170,168,2,2
48511,109,96,13,13
48512,90,90,0,0
48513,58,51,7,7
48514,52,60,-8,8
48515,162,184,-22,22
48516,60,66,-6,6
48517,99,109,-10,10
48518,80,76,4,4
48519,82,101,-19,19
48520,112,100,12,12
48521,81,75,6,6
48522,112,138,-26,26
48523,160,149,11,11
48524,44,50,-6,6
48525,60,57,3,3
48526,87,83,4,4
48527,66,66,0,0
48528,54,57,-3,3
48529,158,142,16,16
48530,125,130,-5,5
48531,61,64,-3,3
48532,179,169,10,10
48533,174,149,25,25
48534,86,102,-16,16
48535,86,100,-14,14
48536,79,105,-26,26
48537,60,63,-3,3
48538,78,77,1,1
48539,128,139,-11,11
48540,111,112,-1,1
48541,98,99,-1,1
48542,142,131,11,11
48543,65,67,-2,2
48544,142,136,6,6
48545,176,185,-9,9
48546,88,80,8,8
48547,165,158,7,7
48548,85,94,-9,9
48549,85,83,2,2
48550,88,95,-7,7
48551,97,110,-13,13
48552,125,128,-3,3
48553,99,96,3,3
48554,83,77,6,6
48555,97,98,-1,1
48556,96,96,0,0
48557,62,73,-11,11
48558,99,112,-13,13
48559,57,62,-5,5
48560,77,84,-7,7
48561,77,94,-17,17
48562,104,130,-26,26
48563,114,106,8,8
48564,94,86,8,8
48565,67,85,-18,18
48566,112,113,-1,1
48567,128,127,1,1
48568,93,98,-5,5
48569,115,129,-14,14
48570,63,59,4,4
48571,67,74,-7,7
48572,136,145,-9,9
48573,96,109,-13,13
48574,97,105,-8,8
48575,97,114,-17,17
48576,100,96,4,4
48577,60,67,-7,7
48578,155,180,-25,25
48579,80,92,-12,12
48580,92,106,-14,14
48581,130,129,1,1
48582,139,127,12,12
48583,121,121,0,0
48584,58,65,-7,7
48585,73,73,0,0
48586,98,100,-2,2
48587,95,103,-8,8
48588,126,110,16,16
48589,112,115,-3,3
48590,82,91,-9,9
48591,105,96,9,9
48592,68,78,-10,10
48593,67,85,-18,18
48594,121,126,-5,5
48595,164,146,18,18
48596,107,118,-11,11
48597,110,112,-2,2
48598,125,133,-8,8
48599,71,73,-2,2
48600,77,83,-6,6
48601,97,101,-4,4
48602,114,122,-8,8
48603,140,150,-10,10
48604,57,66,-9,9
48605,99,98,1,1
48606,99,101,-2,2
48607,52,49,3,3
48608,83,79,4,4
48609,173,254,-81,81
48610,94,105,-11,11
48611,47,49,-2,2
48612,58,73,-15,15
48613,61,77,-16,16
48614,82,99,-17,17
48615,53,71,-18,18
48616,53,53,0,0
48617,77,79,-2,2
48618,88,97,-9,9
48619,74,83,-9,9
48620,74,71,3,3
48621,150,147,3,3
48622,135,138,-3,3
48623,176,136,40,40
48624,53,57,-4,4
48625,140,135,5,5
48626,106,117,-11,11
48627,189,179,10,10
48628,104,120,-16,16
48629,71,89,-18,18
48630,66,62,4,4
48631,82,97,-15,15
48632,111,116,-5,5
48633,114,119,-5,5
48634,140,144,-4,4
48635,95,105,-10,10
48636,152,156,-4,4
48637,101,118,-17,17
48638,67,64,3,3
48639,47,50,-3,3
48640,73,78,-5,5
48641,84,104,-20,20
48642,92,89,3,3
48643,157,158,-1,1
48644,128,129,-1,1
48645,96,112,-16,16
48646,91,96,-5,5
48647,92,88,4,4
48648,132,134,-2,2
48649,170,168,2,2
48650,103,94,9,9
48651,46,53,-7,7
48652,123,119,4,4
48653,91,83,8,8
48654,111,117,-6,6
48655,144,151,-7,7
48656,73,81,-8,8
48657,116,108,8,8
48658,137,150,-13,13
48659,131,124,7,7
48660,37,45,-8,8
48661,84,84,0,0
48662,91,91,0,0
48663,175,179,-4,4
48664,137,138,-1,1
48665,91,91,0,0
48666,41,41,0,0
48667,88,82,6,6
48668,86,81,5,5
48669,67,68,-1,1
48670,181,164,17,17
48671,108,110,-2,2
48672,51,58,-7,7
48673,145,142,3,3
48674,87,91,-4,4
48675,42,46,-4,4
48676,92,91,1,1
48677,196,187,9,9
48678,43,49,-6,6
48679,108,109,-1,1
48680,131,120,11,11
48681,105,117,-12,12
48682,77,82,-5,5
48683,80,77,3,3
48684,144,137,7,7
48685,120,136,-16,16
48686,70,73,-3,3
48687,62,62,0,0
48688,40,56,-16,16
48689,80,76,4,4
48690,93,91,2,2
48691,41,51,-10,10
48692,90,87,3,3
48693,82,79,3,3
48694,85,83,2,2
48695,103,96,7,7
48696,119,113,6,6
48697,65,65,0,0
48698,85,82,3,3
48699,114,106,8,8
48700,95,95,0,0
48701,39,40,-1,1
48702,89,90,-1,1
48703,116,122,-6,6
48704,133,146,-13,13
48705,76,78,-2,2
48706,146,118,28,28
48707,55,60,-5,5
48708,170,172,-2,2
48709,76,72,4,4
48710,89,89,0,0
48711,76,97,-21,21
48712,107,102,5,5
48713,69,66,3,3
48714,94,111,-17,17
48715,106,106,0,0
48716,91,72,19,19
48717,158,168,-10,10
48718,110,113,-3,3
48719,69,78,-9,9
48720,90,85,5,5
48721,99,92,7,7
48722,74,77,-3,3
48723,94,97,-3,3
48724,70,72,-2,2
48725,81,88,-7,7
48726,136,154,-18,18
48727,89,98,-9,9
48728,113,122,-9,9
48729,110,107,3,3
48730,137,143,-6,6
48731,100,100,0,0
48732,114,112,2,2
48733,122,109,13,13
48734,27,40,-13,13
48735,105,112,-7,7
48736,65,72,-7,7
48737,120,134,-14,14
48738,68,68,0,0
48739,158,157,1,1
48740,76,79,-3,3
48741,123,122,1,1
48742,71,73,-2,2
48743,86,87,-1,1
48744,68,76,-8,8
48745,118,118,0,0
48746,36,48,-12,12
48747,26,39,-13,13
48748,55,60,-5,5
48749,87,80,7,7
48750,117,116,1,1
48751,36,43,-7,7
48752,112,101,11,11
48753,73,63,10,10
48754,93,91,2,2
48755,122,117,5,5
48756,117,118,-1,1
48757,116,131,-15,15
48758,95,94,1,1
48759,51,57,-6,6
48760,81,81,0,0
48761,88,78,10,10
48762,62,64,-2,2
48763,84,60,24,24
48764,69,73,-4,4
48765,62,67,-5,5
48766,101,110,-9,9
48767,112,117,-5,5
48768,182,175,7,7
48769,51,64,-13,13
48770,89,94,-5,5
48771,123,129,-6,6
48772,91,90,1,1
48773,67,82,-15,15
48774,150,139,11,11
48775,61,65,-4,4
48776,107,105,2,2
48777,53,54,-1,1
48778,79,85,-6,6
48779,143,156,-13,13
48780,115,122,-7,7
48781,66,74,-8,8
48782,104,101,3,3
48783,154,165,-11,11
48784,96,89,7,7
48785,165,173,-8,8
48786,124,132,-8,8
48787,108,104,4,4
48788,106,116,-10,10
48789,124,132,-8,8
48790,91,84,7,7
48791,98,119,-21,21
48792,74,84,-10,10
48793,146,152,-6,6
48794,136,142,-6,6
48795,96,113,-17,17
48796,117,119,-2,2
48797,113,107,6,6
48798,118,115,3,3
48799,151,128,23,23
48800,157,161,-4,4
48801,98,90,8,8
48802,136,144,-8,8
48803,119,137,-18,18
48804,66,63,3,3
48805,144,142,2,2
48806,118,123,-5,5
48807,186,172,14,14
48808,91,95,-4,4
48809,99,100,-1,1
48810,78,84,-6,6
48811,81,84,-3,3
48812,77,82,-5,5
48813,51,55,-4,4
48814,81,86,-5,5
48815,110,120,-10,10
48816,83,80,3,3
48817,75,90,-15,15
48818,73,76,-3,3
48819,113,114,-1,1
48820,84,79,5,5
48821,94,93,1,1
48822,77,95,-18,18
48823,101,97,4,4
48824,100,94,6,6
48825,68,65,3,3
48826,65,73,-8,8
48827,159,165,-6,6
48828,66,74,-8,8
48829,149,127,22,22
48830,81,109,-28,28
48831,56,59,-3,3
48832,149,177,-28,28
48833,56,58,-2,2
48834,110,115,-5,5
48835,61,75,-14,14
48836,57,58,-1,1
48837,107,112,-5,5
48838,58,66,-8,8
48839,106,108,-2,2
48840,145,130,15,15
48841,70,71,-1,1
48842,115,111,4,4
48843,106,89,17,17
48844,144,143,1,1
48845,129,119,10,10
48846,127,109,18,18
48847,223,199,24,24
48848,147,155,-8,8
48849,95,91,4,4
48850,34,42,-8,8
48851,66,69,-3,3
48852,88,91,-3,3
48853,91,87,4,4
48854,90,86,4,4
48855,131,133,-2,2
48856,61,63,-2,2
48857,66,48,18,18
48858,125,141,-16,16
48859,69,68,1,1
48860,73,81,-8,8
48861,87,83,4,4
48862,89,87,2,2
48863,69,81,-12,12
48864,114,112,2,2
48865,64,67,-3,3
48866,146,147,-1,1
48867,93,98,-5,5
48868,54,57,-3,3
48869,171,185,-14,14
48870,63,60,3,3
48871,70,72,-2,2
48872,61,67,-6,6
48873,75,69,6,6
48874,158,150,8,8
48875,65,83,-18,18
48876,93,96,-3,3
48877,97,89,8,8
48878,126,94,32,32
48879,122,123,-1,1
48880,128,141,-13,13
48881,109,107,2,2
48882,90,91,-1,1
48883,167,163,4,4
48884,79,64,15,15
48885,56,59,-3,3
48886,117,117,0,0
48887,80,78,2,2
48888,48,57,-9,9
48889,72,84,-12,12
48890,69,73,-4,4
48891,105,100,5,5
48892,103,96,7,7
48893,94,95,-1,1
48894,91,89,2,2
48895,117,116,1,1
48896,168,164,4,4
48897,60,60,0,0
48898,93,99,-6,6
48899,110,112,-2,2
48900,61,63,-2,2
48901,133,131,2,2
48902,124,108,16,16
48903,131,122,9,9
48904,81,79,2,2
48905,78,76,2,2
48906,117,109,8,8
48907,116,123,-7,7
48908,75,81,-6,6
48909,50,56,-6,6
48910,76,71,5,5
48911,120,115,5,5
48912,96,93,3,3
48913,99,131,-32,32
48914,163,168,-5,5
48915,136,133,3,3
48916,150,144,6,6
48917,87,98,-11,11
48918,116,121,-5,5
48919,127,127,0,0
48920,73,69,4,4
48921,110,120,-10,10
48922,65,66,-1,1
48923,74,77,-3,3
48924,98,90,8,8
48925,74,69,5,5
48926,105,108,-3,3
48927,92,99,-7,7
48928,80,84,-4,4
48929,111,112,-1,1
48930,93,93,0,0
48931,69,71,-2,2
48932,76,78,-2,2
48933,59,60,-1,1
48934,127,126,1,1
48935,45,50,-5,5
48936,100,86,14,14
48937,111,113,-2,2
48938,165,205,-40,40
48939,161,171,-10,10
48940,108,109,-1,1
48941,85,60,25,25
48942,131,142,-11,11
48943,28,49,-21,21
48944,92,89,3,3
48945,55,67,-12,12
48946,134,131,3,3
48947,112,103,9,9
48948,123,112,11,11
48949,137,146,-9,9
48950,72,86,-14,14
48951,116,104,12,12
48952,136,133,3,3
48953,122,123,-1,1
48954,120,128,-8,8
48955,85,77,8,8
48956,98,106,-8,8
48957,108,126,-18,18
48958,95,98,-3,3
48959,71,65,6,6
48960,160,145,15,15
48961,112,117,-5,5
48962,98,111,-13,13
48963,72,69,3,3
48964,102,109,-7,7
48965,95,91,4,4
48966,130,123,7,7
48967,96,95,1,1
48968,123,125,-2,2
48969,100,116,-16,16
48970,172,179,-7,7
48971,55,65,-10,10
48972,60,82,-22,22
48973,101,105,-4,4
48974,90,110,-20,20
48975,76,89,-13,13
48976,80,77,3,3
48977,100,118,-18,18
48978,61,62,-1,1
48979,75,76,-1,1
48980,81,105,-24,24
48981,121,118,3,3
48982,81,85,-4,4
48983,139,148,-9,9
48984,86,73,13,13
48985,94,103,-9,9
48986,121,124,-3,3
48987,83,77,6,6
48988,127,117,10,10
48989,49,57,-8,8
48990,83,92,-9,9
48991,76,73,3,3
48992,113,105,8,8
48993,73,75,-2,2
48994,85,79,6,6
48995,97,99,-2,2
48996,82,82,0,0
48997,103,109,-6,6
48998,68,72,-4,4
48999,65,68,-3,3
49000,46,58,-12,12
49001,108,107,1,1
49002,96,111,-15,15
49003,133,126,7,7
49004,97,115,-18,18
49005,62,61,1,1
49006,95,95,0,0
49007,132,121,11,11
49008,164,162,2,2
49009,62,59,3,3
49010,81,82,-1,1
49011,91,90,1,1
49012,73,74,-1,1
49013,73,74,-1,1
49014,105,107,-2,2
49015,75,80,-5,5
49016,73,66,7,7
49017,94,94,0,0
49018,112,125,-13,13
49019,107,96,11,11
49020,79,83,-4,4
49021,128,138,-10,10
49022,100,96,4,4
49023,68,68,0,0
49024,84,75,9,9
49025,115,118,-3,3
49026,68,73,-5,5
49027,50,55,-5,5
49028,80,85,-5,5
49029,71,75,-4,4
49030,115,113,2,2
49031,103,118,-15,15
49032,112,107,5,5
49033,95,94,1,1
49034,132,138,-6,6
49035,108,103,5,5
49036,89,100,-11,11
49037,96,91,5,5
49038,110,110,0,0
49039,103,133,-30,30
49040,113,93,20,20
49041,72,79,-7,7
49042,85,93,-8,8
49043,106,114,-8,8
49044,101,105,-4,4
49045,117,138,-21,21
49046,67,78,-11,11
49047,82,86,-4,4
49048,61,60,1,1
49049,64,68,-4,4
49050,86,90,-4,4
49051,89,94,-5,5
49052,49,54,-5,5
49053,136,124,12,12
49054,137,147,-10,10
49055,79,69,10,10
49056,127,121,6,6
49057,130,117,13,13
49058,119,146,-27,27
49059,83,78,5,5
49060,98,101,-3,3
49061,124,120,4,4
49062,72,90,-18,18
49063,114,120,-6,6
49064,144,141,3,3
49065,117,112,5,5
49066,68,71,-3,3
49067,41,45,-4,4
49068,88,95,-7,7
49069,156,145,11,11
49070,85,82,3,3
49071,99,108,-9,9
49072,71,88,-17,17
49073,152,141,11,11
49074,86,82,4,4
49075,95,91,4,4
49076,100,99,1,1
49077,99,95,4,4
49078,137,100,37,37
49079,78,73,5,5
49080,142,138,4,4
49081,80,85,-5,5
49082,70,68,2,2
49083,112,95,17,17
49084,116,124,-8,8
49085,76,83,-7,7
49086,128,128,0,0
49087,101,99,2,2
49088,111,113,-2,2
49089,71,73,-2,2
49090,129,128,1,1
49091,170,170,0,0
49092,136,119,17,17
49093,105,100,5,5
49094,117,113,4,4
49095,102,99,3,3
49096,77,83,-6,6
49097,103,112,-9,9
49098,53,54,-1,1
49099,94,100,-6,6
49100,73,72,1,1
49101,65,66,-1,1
49102,107,137,-30,30
49103,78,93,-15,15
49104,83,85,-2,2
49105,117,123,-6,6
49106,33,32,1,1
49107,97,100,-3,3
49108,119,119,0,0
49109,74,71,3,3
49110,96,102,-6,6
49111,113,119,-6,6
49112,68,86,-18,18
49113,78,76,2,2
49114,123,93,30,30
49115,121,132,-11,11
49116,74,74,0,0
49117,100,102,-2,2
49118,71,79,-8,8
49119,46,51,-5,5
49120,90,94,-4,4
49121,63,73,-10,10
49122,94,83,11,11
49123,83,87,-4,4
49124,86,89,-3,3
49125,116,124,-8,8
49126,107,105,2,2
49127,111,133,-22,22
49128,211,161,50,50
49129,71,66,5,5
49130,57,64,-7,7
49131,135,107,28,28
49132,111,116,-5,5
49133,97,78,19,19
49134,139,138,1,1
49135,96,96,0,0
49136,91,90,1,1
49137,131,138,-7,7
49138,134,137,-3,3
49139,81,85,-4,4
49140,123,121,2,2
49141,122,131,-9,9
49142,149,149,0,0
49143,122,115,7,7
49144,114,115,-1,1
49145,112,107,5,5
49146,110,105,5,5
49147,111,118,-7,7
49148,50,54,-4,4
49149,52,53,-1,1
49150,119,133,-14,14
49151,67,75,-8,8
49152,135,135,0,0
49153,81,80,1,1
49154,122,110,12,12
49155,130,130,0,0
49156,60,57,3,3
49157,108,124,-16,16
49158,97,101,-4,4
49159,50,58,-8,8
49160,77,75,2,2
49161,106,101,5,5
49162,100,110,-10,10
49163,70,78,-8,8
49164,99,108,-9,9
49165,108,114,-6,6
49166,138,132,6,6
49167,132,137,-5,5
49168,73,82,-9,9
49169,73,79,-6,6
49170,111,104,7,7
49171,101,104,-3,3
49172,123,125,-2,2
49173,80,102,-22,22
49174,56,45,11,11
49175,101,100,1,1
49176,119,123,-4,4
49177,125,152,-27,27
49178,107,108,-1,1
49179,141,142,-1,1
49180,110,128,-18,18
49181,91,79,12,12
49182,67,68,-1,1
49183,91,86,5,5
49184,62,67,-5,5
49185,66,64,2,2
49186,51,93,-42,42
49187,26,36,-10,10
49188,112,115,-3,3
49189,85,80,5,5
49190,173,168,5,5
49191,65,62,3,3
49192,71,74,-3,3
49193,48,60,-12,12
49194,113,125,-12,12
49195,111,118,-7,7
49196,76,84,-8,8
49197,72,74,-2,2
49198,104,102,2,2
49199,113,113,0,0
49200,80,81,-1,1
49201,129,139,-10,10
49202,80,78,2,2
49203,99,99,0,0
49204,98,112,-14,14
49205,186,193,-7,7
49206,84,93,-9,9
49207,46,51,-5,5
49208,81,94,-13,13
49209,62,61,1,1
49210,85,86,-1,1
49211,63,69,-6,6
49212,114,121,-7,7
49213,91,90,1,1
49214,100,115,-15,15
49215,53,48,5,5
49216,127,116,11,11
49217,93,90,3,3
49218,59,66,-7,7
49219,52,49,3,3
49220,100,106,-6,6
49221,73,78,-5,5
49222,110,121,-11,11
49223,88,79,9,9
49224,87,85,2,2
49225,53,53,0,0
49226,96,99,-3,3
49227,70,79,-9,9
49228,80,93,-13,13
49229,80,94,-14,14
49230,78,80,-2,2
49231,45,44,1,1
49232,97,106,-9,9
49233,172,166,6,6
49234,92,97,-5,5
49235,72,78,-6,6
49236,125,136,-11,11
49237,72,73,-1,1
49238,156,159,-3,3
49239,61,75,-14,14
49240,118,124,-6,6
49241,89,118,-29,29
49242,126,107,19,19
49243,121,117,4,4
49244,63,80,-17,17
49245,96,87,9,9
49246,123,116,7,7
49247,80,89,-9,9
49248,120,124,-4,4
49249,75,81,-6,6
49250,128,123,5,5
49251,166,169,-3,3
49252,129,129,0,0
49253,74,83,-9,9
49254,70,74,-4,4
49255,75,76,-1,1
49256,115,100,15,15
49257,109,101,8,8
49258,86,88,-2,2
49259,90,93,-3,3
49260,95,91,4,4
49261,102,117,-15,15
49262,178,170,8,8
49263,140,133,7,7
49264,148,149,-1,1
49265,75,80,-5,5
49266,94,86,8,8
49267,83,91,-8,8
49268,184,179,5,5
49269,98,94,4,4
49270,36,47,-11,11
49271,68,73,-5,5
49272,88,81,7,7
49273,71,71,0,0
49274,80,78,2,2
49275,81,80,1,1
49276,98,112,-14,14
49277,99,93,6,6
49278,41,52,-11,11
49279,51,72,-21,21
49280,161,158,3,3
49281,76,82,-6,6
49282,103,108,-5,5
49283,86,80,6,6
49284,111,111,0,0
49285,132,125,7,7
49286,91,83,8,8
49287,114,89,25,25
49288,106,104,2,2
49289,140,136,4,4
49290,54,51,3,3
49291,231,223,8,8
49292,74,80,-6,6
49293,59,62,-3,3
49294,149,138,11,11
49295,98,98,0,0
49296,96,96,0,0
49297,98,106,-8,8
49298,29,47,-18,18
49299,80,75,5,5
49300,115,111,4,4
49301,75,69,6,6
49302,93,97,-4,4
49303,86,89,-3,3
49304,67,58,9,9
49305,56,55,1,1
49306,120,124,-4,4
49307,188,176,12,12
49308,31,40,-9,9
49309,51,62,-11,11
49310,55,59,-4,4
49311,81,87,-6,6
49312,75,80,-5,5
49313,63,66,-3,3
49314,85,89,-4,4
49315,32,37,-5,5
49316,83,95,-12,12
49317,86,101,-15,15
49318,122,111,11,11
49319,46,48,-2,2
49320,122,114,8,8
49321,101,110,-9,9
49322,55,63,-8,8
49323,80,82,-2,2
49324,106,111,-5,5
49325,79,88,-9,9
49326,143,154,-11,11
49327,124,127,-3,3
49328,128,137,-9,9
49329,88,99,-11,11
49330,98,100,-2,2
49331,207,194,13,13
49332,133,129,4,4
49333,46,53,-7,7
49334,115,127,-12,12
49335,75,61,14,14
49336,93,89,4,4
49337,99,106,-7,7
49338,107,113,-6,6
49339,99,94,5,5
49340,78,79,-1,1
49341,104,93,11,11
49342,112,117,-5,5
49343,75,73,2,2
49344,84,85,-1,1
49345,87,104,-17,17
49346,83,83,0,0
49347,151,149,2,2
49348,23,39,-16,16
49349,168,168,0,0
49350,62,65,-3,3
49351,65,75,-10,10
49352,68,73,-5,5
49353,110,118,-8,8
49354,159,155,4,4
49355,44,61,-17,17
49356,144,144,0,0
49357,71,74,-3,3
49358,71,67,4,4
49359,131,119,12,12
49360,148,83,65,65
49361,116,122,-6,6
49362,117,108,9,9
49363,116,142,-26,26
49364,95,89,6,6
49365,59,75,-16,16
49366,41,36,5,5
49367,80,95,-15,15
49368,66,79,-13,13
49369,98,94,4,4
49370,186,187,-1,1
49371,109,107,2,2
49372,97,134,-37,37
49373,74,74,0,0
49374,113,120,-7,7
49375,61,56,5,5
49376,108,107,1,1
49377,123,116,7,7
49378,78,82,-4,4
49379,57,58,-1,1
49380,42,29,13,13
49381,118,133,-15,15
49382,59,52,7,7
49383,96,110,-14,14
49384,69,68,1,1
49385,94,85,9,9
49386,84,109,-25,25
49387,182,193,-11,11
49388,44,51,-7,7
49389,74,83,-9,9
49390,84,75,9,9
49391,173,165,8,8
49392,73,80,-7,7
49393,67,71,-4,4
49394,84,89,-5,5
49395,106,108,-2,2
49396,80,85,-5,5
49397,79,93,-14,14
49398,61,54,7,7
49399,73,81,-8,8
49400,50,52,-2,2
49401,94,87,7,7
49402,86,95,-9,9
49403,71,69,2,2
49404,60,70,-10,10
49405,126,134,-8,8
49406,60,65,-5,5
49407,65,60,5,5
49408,83,82,1,1
49409,47,54,-7,7
49410,234,193,41,41
49411,101,92,9,9
49412,111,112,-1,1
49413,65,61,4,4
49414,50,55,-5,5
49415,63,72,-9,9
49416,121,122,-1,1
49417,63,53,10,10
49418,105,101,4,4
49419,51,62,-11,11
49420,85,83,2,2
49421,154,144,10,10
49422,130,124,6,6
49423,95,91,4,4
49424,55,54,1,1
49425,95,103,-8,8
49426,154,155,-1,1
49427,109,106,3,3
49428,57,66,-9,9
49429,109,107,2,2
49430,125,116,9,9
49431,85,77,8,8
49432,76,77,-1,1
49433,66,84,-18,18
49434,89,85,4,4
49435,64,66,-2,2
49436,46,67,-21,21
49437,79,82,-3,3
49438,114,116,-2,2
49439,73,70,3,3
49440,130,139,-9,9
49441,78,74,4,4
49442,62,80,-18,18
49443,49,54,-5,5
49444,65,71,-6,6
49445,66,68,-2,2
49446,72,79,-7,7
49447,81,78,3,3
49448,131,138,-7,7
49449,113,116,-3,3
49450,103,102,1,1
49451,60,59,1,1
49452,61,58,3,3
49453,62,62,0,0
49454,79,71,8,8
49455,111,129,-18,18
49456,108,109,-1,1
49457,124,105,19,19
49458,93,99,-6,6
49459,121,130,-9,9
49460,49,55,-6,6
49461,72,76,-4,4
49462,86,76,10,10
49463,64,68,-4,4
49464,95,88,7,7
49465,108,119,-11,11
49466,148,151,-3,3
49467,71,71,0,0
49468,85,103,-18,18
49469,72,76,-4,4
49470,107,114,-7,7
49471,121,113,8,8
49472,119,86,33,33
49473,81,111,-30,30
49474,94,97,-3,3
49475,147,111,36,36
49476,101,115,-14,14
49477,106,114,-8,8
49478,59,66,-7,7
49479,70,71,-1,1
49480,52,53,-1,1
49481,89,85,4,4
49482,128,134,-6,6
49483,111,122,-11,11
49484,146,147,-1,1
49485,49,49,0,0
49486,110,112,-2,2
49487,119,91,28,28
49488,96,100,-4,4
49489,119,117,2,2
49490,140,138,2,2
49491,124,125,-1,1
49492,90,83,7,7
49493,68,82,-14,14
49494,92,100,-8,8
49495,163,153,10,10
49496,77,80,-3,3
49497,103,104,-1,1
49498,126,111,15,15
49499,70,76,-6,6
49500,127,122,5,5
49501,76,82,-6,6
49502,138,141,-3,3
49503,88,100,-12,12
49504,58,79,-21,21
49505,68,73,-5,5
49506,146,156,-10,10
49507,139,145,-6,6
49508,71,78,-7,7
49509,143,139,4,4
49510,123,105,18,18
49511,55,63,-8,8
49512,93,98,-5,5
49513,74,84,-10,10
49514,122,121,1,1
49515,79,78,1,1
49516,75,79,-4,4
49517,72,86,-14,14
49518,122,125,-3,3
49519,82,81,1,1
49520,66,67,-1,1
49521,67,72,-5,5
49522,62,62,0,0
49523,108,104,4,4
49524,82,82,0,0
49525,93,99,-6,6
49526,57,61,-4,4
49527,73,77,-4,4
49528,116,101,15,15
49529,97,91,6,6
49530,107,112,-5,5
49531,69,73,-4,4
49532,118,121,-3,3
49533,112,118,-6,6
49534,75,89,-14,14
49535,128,140,-12,12
49536,96,98,-2,2
49537,81,78,3,3
49538,149,139,10,10
49539,65,70,-5,5
49540,28,60,-32,32
49541,92,93,-1,1
49542,82,76,6,6
49543,65,82,-17,17
49544,130,131,-1,1
49545,85,88,-3,3
49546,105,122,-17,17
49547,119,116,3,3
49548,124,115,9,9
49549,89,85,4,4
49550,52,54,-2,2
49551,95,95,0,0
49552,111,131,-20,20
49553,110,93,17,17
49554,104,106,-2,2
49555,107,116,-9,9
49556,79,79,0,0
49557,98,94,4,4
49558,113,115,-2,2
49559,59,58,1,1
49560,86,80,6,6
49561,40,46,-6,6
49562,59,57,2,2
49563,108,107,1,1
49564,49,59,-10,10
49565,86,71,15,15
49566,84,85,-1,1
49567,93,90,3,3
49568,74,69,5,5
49569,73,74,-1,1
49570,89,94,-5,5
49571,83,93,-10,10
49572,94,106,-12,12
49573,103,94,9,9
49574,117,133,-16,16
49575,162,152,10,10
49576,72,87,-15,15
49577,107,119,-12,12
49578,122,120,2,2
49579,108,116,-8,8
49580,96,77,19,19
49581,98,100,-2,2
49582,111,119,-8,8
49583,51,55,-4,4
49584,70,82,-12,12
49585,64,70,-6,6
49586,47,39,8,8
49587,45,50,-5,5
49588,69,92,-23,23
49589,91,91,0,0
49590,77,66,11,11
49591,83,81,2,2
49592,73,65,8,8
49593,70,70,0,0
49594,228,195,33,33
49595,50,29,21,21
49596,69,71,-2,2
49597,88,85,3,3
49598,76,77,-1,1
49599,80,74,6,6
49600,73,73,0,0
49601,86,90,-4,4
49602,103,133,-30,30
49603,135,131,4,4
49604,75,84,-9,9
49605,78,81,-3,3
49606,114,107,7,7
49607,112,117,-5,5
49608,66,73,-7,7
49609,94,86,8,8
49610,86,80,6,6
49611,86,82,4,4
49612,115,125,-10,10
49613,81,76,5,5
49614,96,109,-13,13
49615,100,99,1,1
49616,137,132,5,5
49617,71,71,0,0
49618,77,75,2,2
49619,102,96,6,6
49620,83,88,-5,5
49621,87,95,-8,8
49622,123,104,19,19
49623,65,68,-3,3
49624,59,64,-5,5
49625,98,103,-5,5
49626,127,135,-8,8
49627,141,124,17,17
49628,55,69,-14,14
49629,63,70,-7,7
49630,102,100,2,2
49631,63,74,-11,11
49632,108,101,7,7
49633,105,109,-4,4
49634,57,50,7,7
49635,64,53,11,11
49636,83,81,2,2
49637,97,104,-7,7
49638,97,100,-3,3
49639,84,98,-14,14
49640,117,120,-3,3
49641,99,97,2,2
49642,106,106,0,0
49643,101,102,-1,1
49644,91,88,3,3
49645,131,132,-1,1
49646,162,161,1,1
49647,81,80,1,1
49648,56,59,-3,3
49649,120,102,18,18
49650,103,94,9,9
49651,43,52,-9,9
49652,59,63,-4,4
49653,90,85,5,5
49654,116,111,5,5
49655,55,56,-1,1
49656,97,95,2,2
49657,99,96,3,3
49658,52,58,-6,6
49659,32,30,2,2
49660,91,102,-11,11
49661,92,101,-9,9
49662,52,51,1,1
49663,159,145,14,14
49664,144,137,7,7
49665,115,120,-5,5
49666,44,61,-17,17
49667,114,122,-8,8
49668,183,174,9,9
49669,94,92,2,2
49670,82,101,-19,19
49671,85,69,16,16
49672,71,59,12,12
49673,151,151,0,0
49674,98,96,2,2
49675,116,122,-6,6
49676,108,109,-1,1
49677,85,82,3,3
49678,96,88,8,8
49679,94,101,-7,7
49680,59,60,-1,1
49681,81,95,-14,14
49682,125,131,-6,6
49683,64,69,-5,5
49684,106,97,9,9
49685,89,87,2,2
49686,91,80,11,11
49687,72,69,3,3
49688,69,79,-10,10
49689,94,85,9,9
49690,133,126,7,7
49691,115,123,-8,8
49692,92,96,-4,4
49693,171,166,5,5
49694,108,111,-3,3
49695,102,119,-17,17
49696,133,144,-11,11
49697,89,85,4,4
49698,93,94,-1,1
49699,39,68,-29,29
49700,119,107,12,12
49701,116,111,5,5
49702,71,58,13,13
49703,121,127,-6,6
49704,109,112,-3,3
49705,121,112,9,9
49706,87,90,-3,3
49707,73,86,-13,13
49708,103,96,7,7
49709,50,63,-13,13
49710,53,52,1,1
49711,94,97,-3,3
49712,143,156,-13,13
49713,68,65,3,3
49714,148,143,5,5
49715,54,52,2,2
49716,121,113,8,8
49717,116,102,14,14
49718,91,107,-16,16
49719,74,73,1,1
49720,68,78,-10,10
49721,129,139,-10,10
49722,69,66,3,3
49723,43,64,-21,21
49724,125,109,16,16
49725,101,118,-17,17
49726,188,175,13,13
49727,135,131,4,4
49728,57,61,-4,4
49729,96,89,7,7
49730,68,60,8,8
49731,154,145,9,9
49732,101,103,-2,2
49733,48,55,-7,7
49734,62,70,-8,8
49735,182,175,7,7
49736,83,67,16,16
49737,52,52,0,0
49738,97,85,12,12
49739,108,103,5,5
49740,90,105,-15,15
49741,88,92,-4,4
49742,109,116,-7,7
49743,84,97,-13,13
49744,93,107,-14,14
49745,87,84,3,3
49746,75,74,1,1
49747,77,86,-9,9
49748,159,151,8,8
49749,56,60,-4,4
49750,135,129,6,6
49751,42,51,-9,9
49752,42,44,-2,2
49753,82,97,-15,15
49754,106,85,21,21
49755,98,104,-6,6
49756,59,67,-8,8
49757,158,138,20,20
49758,109,117,-8,8
49759,93,95,-2,2
49760,174,176,-2,2
49761,91,92,-1,1
49762,138,122,16,16
49763,104,105,-1,1
49764,92,94,-2,2
49765,67,72,-5,5
49766,87,96,-9,9
49767,135,128,7,7
49768,102,99,3,3
49769,164,155,9,9
49770,67,76,-9,9
49771,106,85,21,21
49772,88,96,-8,8
49773,109,102,7,7
49774,97,96,1,1
49775,49,54,-5,5
49776,124,124,0,0
49777,64,65,-1,1
49778,160,149,11,11
49779,108,109,-1,1
49780,71,68,3,3
49781,108,102,6,6
49782,87,87,0,0
49783,181,173,8,8
49784,100,93,7,7
49785,52,55,-3,3
49786,128,126,2,2
49787,84,82,2,2
49788,123,118,5,5
49789,131,134,-3,3
49790,113,119,-6,6
49791,127,132,-5,5
49792,85,90,-5,5
49793,71,77,-6,6
49794,108,112,-4,4
49795,74,71,3,3
49796,160,156,4,4
49797,72,80,-8,8
49798,75,79,-4,4
49799,122,131,-9,9
49800,85,86,-1,1
49801,74,87,-13,13
49802,44,76,-32,32
49803,110,132,-22,22
49804,64,74,-10,10
49805,40,51,-11,11
49806,124,125,-1,1
49807,88,90,-2,2
49808,123,128,-5,5
49809,122,136,-14,14
49810,122,124,-2,2
49811,104,84,20,20
49812,100,110,-10,10
49813,83,81,2,2
49814,50,59,-9,9
49815,93,92,1,1
49816,91,87,4,4
49817,78,77,1,1
49818,121,108,13,13
49819,90,92,-2,2
49820,53,60,-7,7
49821,112,107,5,5
49822,82,80,2,2
49823,167,165,2,2
49824,97,95,2,2
49825,63,66,-3,3
49826,112,113,-1,1
49827,102,86,16,16
49828,78,84,-6,6
49829,124,124,0,0
49830,60,62,-2,2
49831,59,55,4,4
49832,55,70,-15,15
49833,154,155,-1,1
49834,86,84,2,2
49835,102,95,7,7
49836,70,74,-4,4
49837,47,57,-10,10
49838,79,69,10,10
49839,62,68,-6,6
49840,114,120,-6,6
49841,117,108,9,9
49842,60,58,2,2
49843,86,76,10,10
49844,152,155,-3,3
49845,168,176,-8,8
49846,124,129,-5,5
49847,60,58,2,2
49848,125,117,8,8
49849,62,67,-5,5
49850,88,97,-9,9
49851,66,67,-1,1
49852,175,170,5,5
49853,88,89,-1,1
49854,45,51,-6,6
49855,74,73,1,1
49856,135,140,-5,5
49857,106,108,-2,2
49858,130,119,11,11
49859,79,85,-6,6
49860,81,80,1,1
49861,65,71,-6,6
49862,107,98,9,9
49863,97,91,6,6
49864,76,92,-16,16
49865,116,112,4,4
49866,59,63,-4,4
49867,54,65,-11,11
49868,98,96,2,2
49869,128,155,-27,27
49870,106,113,-7,7
49871,78,78,0,0
49872,131,133,-2,2
49873,69,69,0,0
49874,153,170,-17,17
49875,71,76,-5,5
49876,67,73,-6,6
49877,107,107,0,0
49878,75,90,-15,15
49879,87,89,-2,2
49880,94,84,10,10
49881,90,97,-7,7
49882,74,81,-7,7
49883,135,125,10,10
49884,134,130,4,4
49885,151,146,5,5
49886,92,102,-10,10
49887,92,111,-19,19
49888,80,58,22,22
49889,91,97,-6,6
49890,89,91,-2,2
49891,86,85,1,1
49892,76,77,-1,1
49893,107,106,1,1
49894,140,110,30,30
49895,85,106,-21,21
49896,85,83,2,2
49897,69,50,19,19
49898,96,97,-1,1
49899,62,58,4,4
49900,79,76,3,3
49901,138,117,21,21
49902,115,107,8,8
49903,106,99,7,7
49904,93,90,3,3
49905,122,120,2,2
49906,106,98,8,8
49907,90,92,-2,2
49908,88,76,12,12
49909,72,75,-3,3
49910,84,91,-7,7
49911,138,136,2,2
49912,92,98,-6,6
49913,95,97,-2,2
49914,86,83,3,3
49915,73,66,7,7
49916,70,80,-10,10
49917,61,58,3,3
49918,161,151,10,10
49919,89,76,13,13
49920,130,126,4,4
49921,99,74,25,25
49922,79,76,3,3
49923,47,78,-31,31
49924,75,87,-12,12
49925,69,71,-2,2
49926,78,83,-5,5
49927,45,44,1,1
49928,67,79,-12,12
49929,99,87,12,12
49930,92,107,-15,15
49931,116,124,-8,8
49932,132,124,8,8
49933,88,96,-8,8
49934,94,98,-4,4
49935,112,125,-13,13
49936,40,57,-17,17
49937,58,61,-3,3
49938,88,80,8,8
49939,85,90,-5,5
49940,86,46,40,40
49941,145,143,2,2
49942,105,103,2,2
49943,99,100,-1,1
49944,62,60,2,2
49945,95,98,-3,3
49946,90,84,6,6
49947,57,58,-1,1
49948,104,87,17,17
49949,70,60,10,10
49950,103,93,10,10
49951,102,89,13,13
49952,56,56,0,0
49953,67,68,-1,1
49954,65,69,-4,4
49955,65,72,-7,7
49956,100,118,-18,18
49957,77,88,-11,11
49958,140,129,11,11
49959,86,78,8,8
49960,123,119,4,4
49961,33,78,-45,45
49962,102,107,-5,5
49963,116,115,1,1
49964,63,68,-5,5
49965,79,82,-3,3
49966,160,152,8,8
49967,60,56,4,4
49968,65,66,-1,1
49969,84,93,-9,9
49970,67,65,2,2
49971,90,90,0,0
49972,70,81,-11,11
49973,68,65,3,3
49974,104,119,-15,15
49975,87,90,-3,3
49976,124,115,9,9
49977,128,126,2,2
49978,166,175,-9,9
49979,72,77,-5,5
49980,54,59,-5,5
49981,111,107,4,4
49982,93,88,5,5
49983,107,109,-2,2
49984,137,136,1,1
49985,89,85,4,4
49986,68,61,7,7
49987,52,57,-5,5
49988,75,85,-10,10
49989,79,78,1,1
49990,48,57,-9,9
49991,75,70,5,5
49992,85,88,-3,3
49993,78,80,-2,2
49994,101,99,2,2
49995,173,163,10,10
49996,90,88,2,2
49997,55,54,1,1
49998,98,104,-6,6
49999,131,117,14,14
50000,149,135,14,14
50001,90,90,0,0
50002,51,50,1,1
50003,68,68,0,0
50004,111,105,6,6
50005,77,88,-11,11
50006,150,138,12,12
50007,123,127,-4,4
50008,42,40,2,2
50009,111,109,2,2
50010,73,79,-6,6
50011,77,81,-4,4
50012,74,74,0,0
50013,145,119,26,26
50014,77,77,0,0
50015,102,109,-7,7
50016,79,84,-5,5
50017,65,65,0,0
50018,64,62,2,2
50019,54,50,4,4
50020,127,120,7,7
50021,126,128,-2,2
50022,83,88,-5,5
50023,108,102,6,6
50024,103,99,4,4
50025,132,138,-6,6
50026,141,131,10,10
50027,132,137,-5,5
50028,71,76,-5,5
50029,111,115,-4,4
50030,133,113,20,20
50031,102,103,-1,1
50032,57,73,-16,16
50033,92,109,-17,17
50034,120,115,5,5
50035,85,84,1,1
50036,86,79,7,7
50037,79,74,5,5
50038,69,74,-5,5
50039,63,60,3,3
50040,118,122,-4,4
50041,132,120,12,12
50042,72,77,-5,5
50043,98,114,-16,16
50044,110,119,-9,9
50045,105,120,-15,15
50046,67,64,3,3
50047,92,97,-5,5
50048,118,138,-20,20
50049,134,122,12,12
50050,70,70,0,0
50051,129,121,8,8
50052,67,65,2,2
50053,36,35,1,1
50054,137,151,-14,14
50055,40,58,-18,18
50056,89,96,-7,7
50057,89,90,-1,1
50058,83,92,-9,9
50059,70,87,-17,17
50060,125,114,11,11
50061,113,111,2,2
50062,64,60,4,4
50063,101,103,-2,2
50064,92,66,26,26
50065,118,120,-2,2
50066,70,74,-4,4
50067,87,123,-36,36
50068,112,108,4,4
50069,195,205,-10,10
50070,122,125,-3,3
50071,59,69,-10,10
50072,155,153,2,2
50073,131,122,9,9
50074,143,125,18,18
50075,117,103,14,14
50076,120,118,2,2
50077,113,111,2,2
50078,102,102,0,0
50079,131,119,12,12
50080,105,100,5,5
50081,87,91,-4,4
50082,66,69,-3,3
50083,122,147,-25,25
50084,116,109,7,7
50085,104,104,0,0
50086,51,62,-11,11
50087,90,92,-2,2
50088,87,93,-6,6
50089,93,107,-14,14
50090,61,67,-6,6
50091,106,112,-6,6
50092,47,53,-6,6
50093,80,77,3,3
50094,74,72,2,2
50095,50,65,-15,15
50096,167,163,4,4
50097,56,56,0,0
50098,110,120,-10,10
50099,160,107,53,53
50100,105,111,-6,6
50101,63,63,0,0
50102,97,100,-3,3
50103,98,105,-7,7
50104,108,111,-3,3
50105,105,108,-3,3
50106,119,110,9,9
50107,144,138,6,6
50108,65,59,6,6
50109,112,119,-7,7
50110,113,108,5,5
50111,98,112,-14,14
50112,83,74,9,9
50113,170,166,4,4
50114,88,95,-7,7
50115,109,98,11,11
50116,92,89,3,3
50117,121,121,0,0
50118,58,63,-5,5
50119,96,131,-35,35
50120,108,97,11,11
50121,150,154,-4,4
50122,78,80,-2,2
50123,43,44,-1,1
50124,49,54,-5,5
50125,173,163,10,10
50126,100,95,5,5
50127,104,105,-1,1
50128,76,90,-14,14
50129,108,105,3,3
50130,148,140,8,8
50131,74,74,0,0
50132,72,63,9,9
50133,78,76,2,2
50134,108,115,-7,7
50135,92,89,3,3
50136,94,100,-6,6
50137,104,107,-3,3
50138,102,110,-8,8
50139,70,74,-4,4
50140,88,84,4,4
50141,104,108,-4,4
50142,115,96,19,19
50143,87,79,8,8
50144,110,116,-6,6
50145,70,81,-11,11
50146,78,82,-4,4
50147,80,90,-10,10
50148,56,57,-1,1
50149,125,125,0,0
50150,79,77,2,2
50151,90,81,9,9
50152,134,133,1,1
50153,123,129,-6,6
50154,116,96,20,20
50155,79,84,-5,5
50156,100,119,-19,19
50157,55,63,-8,8
50158,86,81,5,5
50159,125,134,-9,9
50160,68,79,-11,11
50161,73,81,-8,8
50162,103,96,7,7
50163,172,184,-12,12
50164,18,34,-16,16
50165,80,82,-2,2
50166,64,67,-3,3
50167,90,89,1,1
50168,100,106,-6,6
50169,52,58,-6,6
50170,199,182,17,17
50171,90,96,-6,6
50172,80,101,-21,21
50173,138,146,-8,8
50174,64,74,-10,10
50175,101,95,6,6
50176,116,136,-20,20
50177,134,126,8,8
50178,113,111,2,2
50179,84,87,-3,3
50180,55,63,-8,8
50181,194,196,-2,2
50182,81,88,-7,7
50183,100,91,9,9
50184,97,100,-3,3
50185,64,64,0,0
50186,55,63,-8,8
50187,68,73,-5,5
50188,103,103,0,0
50189,102,92,10,10
50190,68,64,4,4
50191,95,92,3,3
50192,74,77,-3,3
50193,77,65,12,12
50194,97,107,-10,10
50195,77,81,-4,4
50196,124,118,6,6
50197,62,70,-8,8
50198,78,81,-3,3
50199,149,142,7,7
50200,53,63,-10,10
50201,80,80,0,0
50202,82,89,-7,7
50203,69,73,-4,4
50204,80,92,-12,12
50205,45,49,-4,4
50206,66,78,-12,12
50207,46,59,-13,13
50208,82,93,-11,11
50209,45,49,-4,4
50210,105,108,-3,3
50211,109,99,10,10
50212,89,89,0,0
50213,69,71,-2,2
50214,132,112,20,20
50215,106,117,-11,11
50216,132,131,1,1
50217,141,151,-10,10
50218,282,281,1,1
50219,151,175,-24,24
50220,93,96,-3,3
50221,129,137,-8,8
50222,82,94,-12,12
50223,72,77,-5,5
50224,86,84,2,2
50225,42,44,-2,2
50226,85,76,9,9
50227,105,97,8,8
50228,110,107,3,3
50229,50,56,-6,6
50230,88,99,-11,11
50231,98,87,11,11
50232,85,83,2,2
50233,122,125,-3,3
50234,122,154,-32,32
50235,124,90,34,34
50236,77,70,7,7
50237,117,125,-8,8
50238,98,109,-11,11
50239,90,85,5,5
50240,129,127,2,2
50241,88,107,-19,19
50242,73,82,-9,9
50243,77,80,-3,3
50244,139,154,-15,15
50245,96,90,6,6
50246,102,95,7,7
50247,87,89,-2,2
50248,70,66,4,4
50249,159,165,-6,6
50250,60,64,-4,4
50251,69,69,0,0
50252,113,114,-1,1
50253,156,151,5,5
50254,118,118,0,0
50255,53,47,6,6
50256,104,123,-19,19
50257,83,80,3,3
50258,67,71,-4,4
50259,95,110,-15,15
50260,103,106,-3,3
50261,132,148,-16,16
50262,115,106,9,9
50263,89,92,-3,3
50264,107,104,3,3
50265,99,108,-9,9
50266,97,89,8,8
50267,54,60,-6,6
50268,101,108,-7,7
50269,97,88,9,9
50270,81,87,-6,6
50271,150,175,-25,25
50272,76,103,-27,27
50273,87,96,-9,9
50274,101,123,-22,22
50275,51,56,-5,5
50276,99,97,2,2
50277,76,70,6,6
50278,170,164,6,6
50279,129,115,14,14
50280,73,78,-5,5
50281,172,186,-14,14
50282,142,148,-6,6
50283,104,107,-3,3
50284,125,118,7,7
50285,51,60,-9,9
50286,127,133,-6,6
50287,150,146,4,4
50288,71,76,-5,5
50289,129,147,-18,18
50290,92,103,-11,11
50291,83,80,3,3
50292,82,86,-4,4
50293,143,156,-13,13
50294,105,109,-4,4
50295,60,64,-4,4
50296,79,87,-8,8
50297,26,42,-16,16
50298,131,120,11,11
50299,90,85,5,5
50300,72,77,-5,5
50301,62,68,-6,6
50302,76,76,0,0
50303,138,145,-7,7
50304,81,70,11,11
50305,108,108,0,0
50306,88,100,-12,12
50307,115,118,-3,3
50308,123,121,2,2
50309,89,95,-6,6
50310,123,126,-3,3
50311,104,96,8,8
50312,67,69,-2,2
50313,82,92,-10,10
50314,68,59,9,9
50315,72,72,0,0
50316,92,92,0,0
50317,60,64,-4,4
50318,76,94,-18,18
50319,91,83,8,8
50320,95,84,11,11
50321,101,112,-11,11
50322,96,100,-4,4
50323,122,118,4,4
50324,139,139,0,0
50325,141,121,20,20
50326,89,83,6,6
50327,103,118,-15,15
50328,51,67,-16,16
50329,75,87,-12,12
50330,107,103,4,4
50331,64,67,-3,3
50332,54,53,1,1
50333,90,93,-3,3
50334,75,84,-9,9
50335,136,134,2,2
50336,99,109,-10,10
50337,128,143,-15,15
50338,125,110,15,15
50339,131,124,7,7
50340,61,49,12,12
50341,60,60,0,0
50342,70,83,-13,13
50343,136,150,-14,14
50344,91,85,6,6
50345,74,63,11,11
50346,63,65,-2,2
50347,113,107,6,6
50348,78,58,20,20
50349,208,189,19,19
50350,153,140,13,13
50351,154,149,5,5
50352,92,96,-4,4
50353,61,61,0,0
50354,88,95,-7,7
50355,53,74,-21,21
50356,60,56,4,4
50357,101,98,3,3
50358,108,103,5,5
50359,70,58,12,12
50360,73,68,5,5
50361,86,88,-2,2
50362,63,63,0,0
50363,105,118,-13,13
50364,72,64,8,8
50365,145,138,7,7
50366,71,73,-2,2
50367,148,137,11,11
50368,68,91,-23,23
50369,158,152,6,6
50370,176,179,-3,3
50371,98,88,10,10
50372,151,147,4,4
50373,72,88,-16,16
50374,48,51,-3,3
50375,77,75,2,2
50376,65,60,5,5
50377,107,108,-1,1
50378,93,86,7,7
50379,103,111,-8,8
50380,95,93,2,2
50381,45,51,-6,6
50382,148,145,3,3
50383,130,135,-5,5
50384,123,123,0,0
50385,91,98,-7,7
50386,127,157,-30,30
50387,66,74,-8,8
50388,71,76,-5,5
50389,133,130,3,3
50390,111,117,-6,6
50391,92,97,-5,5
50392,72,68,4,4
50393,70,72,-2,2
50394,158,152,6,6
50395,56,57,-1,1
50396,63,66,-3,3
50397,73,72,1,1
50398,170,168,2,2
50399,118,116,2,2
50400,83,86,-3,3
50401,59,67,-8,8
50402,95,86,9,9
50403,79,61,18,18
50404,79,74,5,5
50405,103,128,-25,25
50406,127,125,2,2
50407,93,96,-3,3
50408,82,79,3,3
50409,48,63,-15,15
50410,90,90,0,0
50411,76,72,4,4
50412,91,99,-8,8
50413,43,57,-14,14
50414,66,67,-1,1
50415,55,56,-1,1
50416,93,94,-1,1
50417,102,97,5,5
50418,56,61,-5,5
50419,91,95,-4,4
50420,126,132,-6,6
50421,78,89,-11,11
50422,81,82,-1,1
50423,103,107,-4,4
50424,114,107,7,7
50425,103,104,-1,1
50426,137,134,3,3
50427,111,111,0,0
50428,71,77,-6,6
50429,99,86,13,13
50430,118,115,3,3
50431,145,140,5,5
50432,83,79,4,4
50433,59,53,6,6
50434,79,86,-7,7
50435,60,58,2,2
50436,59,62,-3,3
50437,109,120,-11,11
50438,74,79,-5,5
50439,125,136,-11,11
50440,112,98,14,14
50441,74,73,1,1
50442,149,151,-2,2
50443,79,86,-7,7
50444,76,84,-8,8
50445,124,120,4,4
50446,62,64,-2,2
50447,59,69,-10,10
50448,190,183,7,7
50449,62,89,-27,27
50450,105,126,-21,21
50451,97,94,3,3
50452,128,123,5,5
50453,113,115,-2,2
50454,98,94,4,4
50455,37,56,-19,19
50456,136,140,-4,4
50457,79,95,-16,16
50458,47,49,-2,2
50459,98,87,11,11
50460,101,104,-3,3
50461,87,87,0,0
50462,49,56,-7,7
50463,88,76,12,12
50464,92,93,-1,1
50465,128,134,-6,6
50466,111,107,4,4
50467,106,98,8,8
50468,57,67,-10,10
50469,95,101,-6,6
50470,60,59,1,1
50471,131,122,9,9
50472,88,83,5,5
50473,83,87,-4,4
50474,109,104,5,5
50475,114,116,-2,2
50476,84,88,-4,4
50477,85,89,-4,4
50478,86,88,-2,2
50479,76,78,-2,2
50480,112,107,5,5
50481,106,115,-9,9
50482,56,59,-3,3
50483,120,127,-7,7
50484,53,61,-8,8
50485,32,72,-40,40
50486,184,189,-5,5
50487,82,75,7,7
50488,66,64,2,2
50489,67,78,-11,11
50490,123,127,-4,4
50491,123,120,3,3
50492,146,132,14,14
50493,74,75,-1,1
50494,113,115,-2,2
50495,102,103,-1,1
50496,143,136,7,7
50497,88,85,3,3
50498,136,132,4,4
50499,149,159,-10,10
50500,165,167,-2,2
50501,59,60,-1,1
50502,87,86,1,1
50503,85,89,-4,4
50504,54,67,-13,13
50505,48,65,-17,17
50506,73,67,6,6
50507,74,73,1,1
50508,125,144,-19,19
50509,71,62,9,9
50510,36,44,-8,8
50511,127,118,9,9
50512,71,72,-1,1
50513,92,93,-1,1
50514,55,57,-2,2
50515,62,56,6,6
50516,76,72,4,4
50517,64,70,-6,6
50518,129,135,-6,6
50519,147,135,12,12
50520,69,79,-10,10
50521,76,69,7,7
50522,86,89,-3,3
50523,66,65,1,1
50524,76,72,4,4
50525,74,79,-5,5
50526,54,60,-6,6
50527,109,112,-3,3
50528,141,138,3,3
50529,55,60,-5,5
50530,121,105,16,16
50531,79,80,-1,1
50532,80,85,-5,5
50533,156,159,-3,3
50534,44,47,-3,3
50535,114,108,6,6
50536,105,109,-4,4
50537,73,74,-1,1
50538,84,85,-1,1
50539,176,174,2,2
50540,62,56,6,6
50541,121,119,2,2
50542,114,119,-5,5
50543,87,93,-6,6
50544,77,88,-11,11
50545,64,65,-1,1
50546,165,155,10,10
50547,139,157,-18,18
50548,121,119,2,2
50549,97,95,2,2
50550,193,182,11,11
50551,125,145,-20,20
50552,76,94,-18,18
50553,54,49,5,5
50554,134,147,-13,13
50555,72,78,-6,6
50556,96,95,1,1
50557,37,52,-15,15
50558,125,118,7,7
50559,87,80,7,7
50560,33,55,-22,22
50561,71,77,-6,6
50562,53,56,-3,3
50563,59,68,-9,9
50564,110,102,8,8
50565,82,88,-6,6
50566,110,112,-2,2
50567,64,63,1,1
50568,65,61,4,4
50569,134,128,6,6
50570,58,72,-14,14
50571,90,98,-8,8
50572,79,91,-12,12
50573,66,84,-18,18
50574,88,104,-16,16
50575,89,111,-22,22
50576,124,124,0,0
50577,111,115,-4,4
50578,144,136,8,8
50579,131,139,-8,8
50580,133,140,-7,7
50581,104,108,-4,4
50582,63,64,-1,1
50583,72,76,-4,4
50584,76,68,8,8
50585,59,62,-3,3
50586,110,103,7,7
50587,69,63,6,6
50588,112,111,1,1
50589,41,50,-9,9
50590,135,136,-1,1
50591,101,135,-34,34
50592,86,84,2,2
50593,116,134,-18,18
50594,88,90,-2,2
50595,74,91,-17,17
50596,41,45,-4,4
50597,91,107,-16,16
50598,164,158,6,6
50599,58,62,-4,4
50600,203,187,16,16
50601,84,94,-10,10
50602,91,83,8,8
50603,98,103,-5,5
50604,123,129,-6,6
50605,63,78,-15,15
50606,88,81,7,7
50607,92,107,-15,15
50608,117,120,-3,3
50609,72,67,5,5
50610,69,75,-6,6
50611,77,81,-4,4
50612,77,78,-1,1
50613,73,67,6,6
50614,94,94,0,0
50615,118,111,7,7
50616,98,96,2,2
50617,82,91,-9,9
50618,137,133,4,4
50619,84,100,-16,16
50620,113,112,1,1
50621,145,133,12,12
50622,67,69,-2,2
50623,101,108,-7,7
50624,37,65,-28,28
50625,49,59,-10,10
50626,63,71,-8,8
50627,76,84,-8,8
50628,216,194,22,22
50629,138,151,-13,13
50630,96,102,-6,6
50631,76,89,-13,13
50632,66,69,-3,3
50633,55,49,6,6
50634,92,91,1,1
50635,83,81,2,2
50636,107,124,-17,17
50637,124,118,6,6
50638,78,78,0,0
50639,149,160,-11,11
50640,154,143,11,11
50641,67,68,-1,1
50642,82,83,-1,1
50643,99,100,-1,1
50644,107,114,-7,7
50645,156,156,0,0
50646,174,190,-16,16
50647,103,101,2,2
50648,116,117,-1,1
50649,44,45,-1,1
50650,108,112,-4,4
50651,94,121,-27,27
50652,63,69,-6,6
50653,95,96,-1,1
50654,57,64,-7,7
50655,72,74,-2,2
50656,72,64,8,8
50657,101,109,-8,8
50658,94,121,-27,27
50659,86,76,10,10
50660,157,151,6,6
50661,56,62,-6,6
50662,77,85,-8,8
50663,76,86,-10,10
50664,164,172,-8,8
50665,68,76,-8,8
50666,65,73,-8,8
50667,124,119,5,5
50668,62,60,2,2
50669,138,133,5,5
50670,146,149,-3,3
50671,135,155,-20,20
50672,124,115,9,9
50673,105,104,1,1
50674,71,68,3,3
50675,84,91,-7,7
50676,84,79,5,5
50677,70,74,-4,4
50678,112,111,1,1
50679,127,114,13,13
50680,51,65,-14,14
50681,104,107,-3,3
50682,96,101,-5,5
50683,97,83,14,14
50684,72,79,-7,7
50685,117,116,1,1
50686,115,132,-17,17
50687,76,79,-3,3
50688,98,105,-7,7
50689,70,78,-8,8
50690,97,78,19,19
50691,131,143,-12,12
50692,50,55,-5,5
50693,68,76,-8,8
50694,64,65,-1,1
50695,103,113,-10,10
50696,48,60,-12,12
50697,106,108,-2,2
50698,80,83,-3,3
50699,131,138,-7,7
50700,59,65,-6,6
50701,196,195,1,1
50702,143,156,-13,13
50703,74,70,4,4
50704,69,77,-8,8
50705,70,75,-5,5
50706,114,109,5,5
50707,70,67,3,3
50708,42,49,-7,7
50709,112,130,-18,18
50710,79,76,3,3
50711,159,159,0,0
50712,121,113,8,8
50713,69,76,-7,7
50714,93,99,-6,6
50715,90,88,2,2
50716,91,94,-3,3
50717,65,67,-2,2
50718,136,145,-9,9
50719,65,65,0,0
50720,51,60,-9,9
50721,131,129,2,2
50722,81,90,-9,9
50723,60,124,-64,64
50724,99,94,5,5
50725,37,76,-39,39
50726,131,115,16,16
50727,164,151,13,13
50728,63,67,-4,4
50729,208,192,16,16
50730,40,62,-22,22
50731,94,102,-8,8
50732,114,113,1,1
50733,72,79,-7,7
50734,83,80,3,3
50735,65,69,-4,4
50736,124,127,-3,3
50737,45,56,-11,11
50738,78,83,-5,5
50739,139,138,1,1
50740,63,69,-6,6
50741,88,95,-7,7
50742,81,85,-4,4
50743,79,63,16,16
50744,106,108,-2,2
50745,129,121,8,8
50746,107,118,-11,11
50747,67,79,-12,12
50748,119,120,-1,1
50749,96,101,-5,5
50750,96,91,5,5
50751,64,70,-6,6
50752,110,94,16,16
50753,122,133,-11,11
50754,159,164,-5,5
50755,84,86,-2,2
50756,78,76,2,2
50757,186,195,-9,9
50758,77,74,3,3
50759,95,92,3,3
50760,78,77,1,1
50761,84,112,-28,28
50762,115,117,-2,2
50763,104,106,-2,2
50764,84,75,9,9
50765,94,82,12,12
50766,103,99,4,4
50767,120,122,-2,2
50768,80,85,-5,5
50769,63,57,6,6
50770,113,123,-10,10
50771,82,94,-12,12
50772,111,113,-2,2
50773,103,108,-5,5
50774,122,122,0,0
50775,81,84,-3,3
50776,141,133,8,8
50777,122,126,-4,4
50778,136,130,6,6
50779,67,69,-2,2
50780,91,101,-10,10
50781,86,84,2,2
50782,97,90,7,7
50783,42,65,-23,23
50784,63,69,-6,6
50785,118,116,2,2
50786,81,96,-15,15
50787,62,56,6,6
50788,55,78,-23,23
50789,89,89,0,0
50790,71,78,-7,7
50791,57,61,-4,4
50792,83,88,-5,5
50793,153,146,7,7
50794,106,104,2,2
50795,122,115,7,7
50796,76,78,-2,2
50797,90,96,-6,6
50798,70,84,-14,14
50799,33,35,-2,2
50800,83,82,1,1
50801,50,68,-18,18
50802,118,114,4,4
50803,115,118,-3,3
50804,45,45,0,0
50805,58,58,0,0
50806,38,51,-13,13
50807,97,103,-6,6
50808,39,54,-15,15
50809,28,32,-4,4
50810,117,120,-3,3
50811,115,118,-3,3
50812,121,118,3,3
50813,105,114,-9,9
50814,88,86,2,2
50815,64,79,-15,15
50816,85,91,-6,6
50817,103,95,8,8
50818,76,76,0,0
50819,60,71,-11,11
50820,73,77,-4,4
50821,70,65,5,5
50822,54,57,-3,3
50823,83,92,-9,9
50824,77,76,1,1
50825,58,57,1,1
50826,105,93,12,12
50827,145,146,-1,1
50828,119,99,20,20
50829,100,101,-1,1
50830,84,91,-7,7
50831,88,81,7,7
50832,90,91,-1,1
50833,65,70,-5,5
50834,131,134,-3,3
50835,76,94,-18,18
50836,166,173,-7,7
50837,52,56,-4,4
50838,156,164,-8,8
50839,139,154,-15,15
50840,80,77,3,3
50841,73,85,-12,12
50842,94,97,-3,3
50843,83,87,-4,4
50844,108,103,5,5
50845,71,79,-8,8
50846,98,110,-12,12
50847,94,97,-3,3
50848,99,99,0,0
50849,29,33,-4,4
50850,85,83,2,2
50851,92,94,-2,2
50852,96,97,-1,1
50853,107,109,-2,2
50854,31,51,-20,20
50855,80,75,5,5
50856,86,87,-1,1
50857,147,141,6,6
50858,113,120,-7,7
50859,58,65,-7,7
50860,69,82,-13,13
50861,81,83,-2,2
50862,105,105,0,0
50863,146,133,13,13
50864,126,126,0,0
50865,72,76,-4,4
50866,110,104,6,6
50867,140,146,-6,6
50868,93,85,8,8
50869,88,89,-1,1
50870,84,96,-12,12
50871,57,61,-4,4
50872,78,77,1,1
50873,76,73,3,3
50874,143,133,10,10
50875,108,145,-37,37
50876,45,61,-16,16
50877,87,96,-9,9
50878,77,81,-4,4
50879,96,120,-24,24
50880,84,85,-1,1
50881,60,61,-1,1
50882,74,80,-6,6
50883,83,85,-2,2
50884,69,69,0,0
50885,58,56,2,2
50886,73,72,1,1
50887,81,90,-9,9
50888,106,90,16,16
50889,140,157,-17,17
50890,75,76,-1,1
50891,102,95,7,7
50892,137,120,17,17
50893,63,102,-39,39
50894,80,83,-3,3
50895,65,86,-21,21
50896,151,149,2,2
50897,138,149,-11,11
50898,104,99,5,5
50899,142,140,2,2
50900,77,88,-11,11
50901,102,116,-14,14
50902,83,88,-5,5
50903,74,81,-7,7
50904,113,115,-2,2
50905,115,114,1,1
50906,86,99,-13,13
50907,66,64,2,2
50908,123,117,6,6
50909,173,173,0,0
50910,138,152,-14,14
50911,121,126,-5,5
50912,187,194,-7,7
50913,103,96,7,7
50914,93,157,-64,64
50915,134,131,3,3
50916,84,79,5,5
50917,140,136,4,4
50918,139,132,7,7
50919,112,118,-6,6
50920,81,84,-3,3
50921,48,54,-6,6
50922,111,109,2,2
50923,133,127,6,6
50924,158,153,5,5
50925,47,52,-5,5
50926,115,127,-12,12
50927,59,65,-6,6
50928,136,136,0,0
50929,86,98,-12,12
50930,89,100,-11,11
50931,104,114,-10,10
50932,88,91,-3,3
50933,68,71,-3,3
50934,105,96,9,9
50935,122,113,9,9
50936,93,85,8,8
50937,172,163,9,9
50938,77,87,-10,10
50939,141,133,8,8
50940,106,112,-6,6
50941,102,110,-8,8
50942,136,129,7,7
50943,83,78,5,5
50944,60,68,-8,8
50945,90,98,-8,8
50946,69,70,-1,1
50947,96,95,1,1
50948,101,100,1,1
50949,90,79,11,11
50950,95,101,-6,6
50951,80,90,-10,10
50952,91,94,-3,3
50953,125,117,8,8
50954,85,86,-1,1
50955,129,133,-4,4
50956,117,122,-5,5
50957,77,79,-2,2
50958,82,82,0,0
50959,135,130,5,5
50960,120,123,-3,3
50961,89,73,16,16
50962,161,165,-4,4
50963,70,73,-3,3
50964,60,67,-7,7
50965,172,170,2,2
50966,136,132,4,4
50967,86,82,4,4
50968,106,113,-7,7
50969,107,115,-8,8
50970,98,105,-7,7
50971,120,153,-33,33
50972,158,173,-15,15
50973,61,60,1,1
50974,101,97,4,4
50975,94,87,7,7
50976,60,68,-8,8
50977,68,72,-4,4
50978,99,75,24,24
50979,56,55,1,1
50980,110,100,10,10
50981,102,106,-4,4
50982,83,88,-5,5
50983,92,95,-3,3
50984,77,77,0,0
50985,125,150,-25,25
50986,79,72,7,7
50987,67,61,6,6
50988,113,115,-2,2
50989,122,126,-4,4
50990,131,129,2,2
50991,104,104,0,0
50992,89,106,-17,17
50993,92,101,-9,9
50994,217,128,89,89
50995,45,73,-28,28
50996,69,76,-7,7
50997,112,122,-10,10
50998,146,127,19,19
50999,95,98,-3,3
51000,91,97,-6,6
51001,70,76,-6,6
51002,75,99,-24,24
51003,95,100,-5,5
51004,112,104,8,8
51005,58,57,1,1
51006,54,66,-12,12
51007,94,100,-6,6
51008,108,98,10,10
51009,89,103,-14,14
51010,90,90,0,0
51011,129,133,-4,4
51012,105,106,-1,1
51013,94,94,0,0
51014,132,162,-30,30
51015,95,87,8,8
51016,68,63,5,5
51017,97,95,2,2
51018,128,120,8,8
51019,116,122,-6,6
51020,93,96,-3,3
51021,89,80,9,9
51022,176,191,-15,15
51023,172,179,-7,7
51024,54,60,-6,6
51025,60,65,-5,5
51026,39,70,-31,31
51027,96,84,12,12
51028,60,81,-21,21
51029,52,53,-1,1
51030,105,105,0,0
51031,137,134,3,3
51032,151,141,10,10
51033,108,126,-18,18
51034,100,99,1,1
51035,68,70,-2,2
51036,99,103,-4,4
51037,100,102,-2,2
51038,112,111,1,1
51039,78,67,11,11
51040,110,112,-2,2
51041,70,68,2,2
51042,122,126,-4,4
51043,72,82,-10,10
51044,191,189,2,2
51045,106,111,-5,5
51046,102,101,1,1
51047,130,123,7,7
51048,83,89,-6,6
51049,70,72,-2,2
51050,93,106,-13,13
51051,98,91,7,7
51052,72,70,2,2
51053,121,113,8,8
51054,157,155,2,2
51055,72,79,-7,7
51056,88,96,-8,8
51057,109,111,-2,2
51058,129,129,0,0
51059,185,178,7,7
51060,82,90,-8,8
51061,45,47,-2,2
51062,47,63,-16,16
51063,75,84,-9,9
51064,107,93,14,14
51065,73,82,-9,9
51066,90,92,-2,2
51067,69,83,-14,14
51068,100,119,-19,19
51069,87,89,-2,2
51070,56,52,4,4
51071,83,79,4,4
51072,140,143,-3,3
51073,64,61,3,3
51074,97,91,6,6
51075,86,86,0,0
51076,129,120,9,9
51077,119,112,7,7
51078,85,86,-1,1
51079,109,109,0,0
51080,92,91,1,1
51081,152,137,15,15
51082,74,87,-13,13
51083,147,181,-34,34
51084,117,123,-6,6
51085,85,80,5,5
51086,115,132,-17,17
51087,96,93,3,3
51088,109,116,-7,7
51089,70,70,0,0
51090,107,108,-1,1
51091,71,84,-13,13
51092,80,85,-5,5
51093,117,112,5,5
51094,149,154,-5,5
51095,74,76,-2,2
51096,100,95,5,5
51097,131,139,-8,8
51098,100,101,-1,1
51099,72,73,-1,1
51100,92,107,-15,15
51101,68,68,0,0
51102,71,76,-5,5
51103,60,58,2,2
51104,74,74,0,0
51105,114,109,5,5
51106,44,45,-1,1
51107,104,122,-18,18
51108,143,142,1,1
51109,159,157,2,2
51110,76,81,-5,5
51111,93,92,1,1
51112,91,94,-3,3
51113,91,94,-3,3
51114,188,172,16,16
51115,85,86,-1,1
51116,58,58,0,0
51117,115,115,0,0
51118,51,60,-9,9
51119,49,50,-1,1
51120,108,119,-11,11
51121,92,99,-7,7
51122,102,117,-15,15
51123,113,116,-3,3
51124,100,97,3,3
51125,80,74,6,6
51126,109,122,-13,13
51127,72,75,-3,3
51128,91,99,-8,8
51129,93,94,-1,1
51130,44,50,-6,6
51131,104,109,-5,5
51132,50,62,-12,12
51133,76,85,-9,9
51134,53,53,0,0
51135,119,120,-1,1
51136,105,104,1,1
51137,110,128,-18,18
51138,148,147,1,1
51139,105,97,8,8
51140,139,139,0,0
51141,97,87,10,10
51142,113,100,13,13
51143,85,85,0,0
51144,113,105,8,8
51145,60,54,6,6
51146,66,58,8,8
51147,115,116,-1,1
51148,30,103,-73,73
51149,76,71,5,5
51150,73,83,-10,10
51151,72,80,-8,8
51152,141,139,2,2
51153,58,64,-6,6
51154,101,102,-1,1
51155,80,68,12,12
51156,76,67,9,9
51157,118,125,-7,7
51158,97,100,-3,3
51159,96,113,-17,17
51160,40,44,-4,4
51161,157,151,6,6
51162,125,120,5,5
51163,99,95,4,4
51164,66,71,-5,5
51165,117,105,12,12
51166,94,102,-8,8
51167,54,60,-6,6
51168,62,68,-6,6
51169,74,74,0,0
51170,166,166,0,0
51171,142,151,-9,9
51172,81,97,-16,16
51173,110,122,-12,12
51174,114,109,5,5
51175,96,93,3,3
51176,54,60,-6,6
51177,97,97,0,0
51178,86,98,-12,12
51179,67,75,-8,8
51180,65,63,2,2
51181,89,103,-14,14
51182,86,94,-8,8
51183,71,73,-2,2
51184,146,150,-4,4
51185,81,70,11,11
51186,108,109,-1,1
51187,116,118,-2,2
51188,90,101,-11,11
51189,108,102,6,6
51190,127,121,6,6
51191,60,62,-2,2
51192,66,68,-2,2
51193,180,169,11,11
51194,52,50,2,2
51195,93,94,-1,1
51196,127,133,-6,6
51197,96,88,8,8
51198,110,87,23,23
51199,102,115,-13,13
51200,110,110,0,0
51201,72,69,3,3
51202,161,161,0,0
51203,89,84,5,5
51204,78,78,0,0
51205,77,87,-10,10
51206,80,80,0,0
51207,78,80,-2,2
51208,135,120,15,15
51209,88,83,5,5
51210,102,95,7,7
51211,73,80,-7,7
51212,101,106,-5,5
51213,84,94,-10,10
51214,87,81,6,6
51215,79,86,-7,7
51216,84,89,-5,5
51217,140,149,-9,9
51218,106,112,-6,6
51219,75,66,9,9
51220,94,96,-2,2
51221,79,85,-6,6
51222,93,89,4,4
51223,155,158,-3,3
51224,97,107,-10,10
51225,109,131,-22,22
51226,115,113,2,2
51227,126,126,0,0
51228,90,91,-1,1
51229,72,70,2,2
51230,63,61,2,2
51231,105,105,0,0
51232,68,71,-3,3
51233,143,121,22,22
51234,116,117,-1,1
51235,121,134,-13,13
51236,130,110,20,20
51237,75,75,0,0
51238,70,78,-8,8
51239,109,95,14,14
51240,98,102,-4,4
51241,106,96,10,10
51242,76,78,-2,2
51243,60,56,4,4
51244,68,74,-6,6
51245,165,155,10,10
51246,90,108,-18,18
51247,178,168,10,10
51248,79,82,-3,3
51249,72,62,10,10
51250,87,85,2,2
51251,82,83,-1,1
51252,57,61,-4,4
51253,110,114,-4,4
51254,111,111,0,0
51255,70,76,-6,6
51256,112,116,-4,4
51257,52,66,-14,14
51258,94,89,5,5
51259,97,103,-6,6
51260,66,68,-2,2
51261,67,72,-5,5
51262,66,75,-9,9
51263,107,107,0,0
51264,156,197,-41,41
51265,40,97,-57,57
51266,60,65,-5,5
51267,109,135,-26,26
51268,62,66,-4,4
51269,126,120,6,6
51270,96,93,3,3
51271,106,103,3,3
51272,109,99,10,10
51273,77,81,-4,4
51274,70,66,4,4
51275,75,100,-25,25
51276,194,189,5,5
51277,24,40,-16,16
51278,94,97,-3,3
51279,102,92,10,10
51280,126,125,1,1
51281,150,137,13,13
51282,126,131,-5,5
51283,82,92,-10,10
51284,92,110,-18,18
51285,87,87,0,0
51286,122,134,-12,12
51287,129,125,4,4
51288,93,91,2,2
51289,62,74,-12,12
51290,148,147,1,1
51291,73,73,0,0
51292,114,96,18,18
51293,82,81,1,1
51294,99,106,-7,7
51295,181,165,16,16
51296,158,137,21,21
51297,100,107,-7,7
51298,143,144,-1,1
51299,118,122,-4,4
51300,85,90,-5,5
51301,127,131,-4,4
51302,83,95,-12,12
51303,95,93,2,2
51304,63,59,4,4
51305,76,72,4,4
51306,111,120,-9,9
51307,69,76,-7,7
51308,100,95,5,5
51309,47,47,0,0
51310,83,94,-11,11
51311,85,89,-4,4
51312,74,70,4,4
51313,53,74,-21,21
51314,75,81,-6,6
51315,71,85,-14,14
51316,108,105,3,3
51317,71,77,-6,6
51318,121,125,-4,4
51319,100,108,-8,8
51320,113,122,-9,9
51321,86,79,7,7
51322,86,77,9,9
51323,115,114,1,1
51324,38,40,-2,2
51325,140,138,2,2
51326,119,130,-11,11
51327,104,112,-8,8
51328,135,128,7,7
51329,147,138,9,9
51330,116,114,2,2
51331,137,143,-6,6
51332,86,87,-1,1
51333,96,95,1,1
51334,76,77,-1,1
51335,64,61,3,3
51336,57,53,4,4
51337,90,105,-15,15
51338,56,72,-16,16
51339,84,96,-12,12
51340,109,106,3,3
51341,124,123,1,1
51342,138,131,7,7
51343,73,76,-3,3
51344,98,100,-2,2
51345,93,86,7,7
51346,51,74,-23,23
51347,54,54,0,0
51348,62,63,-1,1
51349,126,129,-3,3
51350,85,85,0,0
51351,86,80,6,6
51352,67,60,7,7
51353,80,93,-13,13
51354,55,59,-4,4
51355,115,111,4,4
51356,71,73,-2,2
51357,86,84,2,2
51358,120,116,4,4
51359,94,96,-2,2
51360,71,72,-1,1
51361,106,115,-9,9
51362,101,101,0,0
51363,41,46,-5,5
51364,77,68,9,9
51365,130,98,32,32
51366,154,154,0,0
51367,102,93,9,9
51368,56,54,2,2
51369,108,105,3,3
51370,74,76,-2,2
51371,33,112,-79,79
51372,109,114,-5,5
51373,113,111,2,2
51374,115,109,6,6
51375,73,77,-4,4
51376,60,70,-10,10
51377,115,110,5,5
51378,85,92,-7,7
51379,121,113,8,8
51380,128,127,1,1
51381,76,90,-14,14
51382,158,156,2,2
51383,109,103,6,6
51384,47,56,-9,9
51385,76,71,5,5
51386,75,62,13,13
51387,92,88,4,4
51388,92,101,-9,9
51389,110,101,9,9
51390,101,97,4,4
51391,95,93,2,2
51392,107,112,-5,5
51393,96,99,-3,3
51394,127,132,-5,5
51395,104,106,-2,2
51396,84,84,0,0
51397,44,61,-17,17
51398,112,120,-8,8
51399,94,111,-17,17
51400,65,68,-3,3
51401,67,72,-5,5
51402,106,108,-2,2
51403,85,77,8,8
51404,75,87,-12,12
51405,72,73,-1,1
51406,99,80,19,19
51407,63,70,-7,7
51408,157,161,-4,4
51409,70,69,1,1
51410,79,89,-10,10
51411,99,94,5,5
51412,100,112,-12,12
51413,152,145,7,7
51414,111,129,-18,18
51415,73,76,-3,3
51416,117,117,0,0
51417,74,76,-2,2
51418,84,94,-10,10
51419,117,115,2,2
51420,70,77,-7,7
51421,72,81,-9,9
51422,62,61,1,1
51423,90,93,-3,3
51424,123,118,5,5
51425,81,82,-1,1
51426,62,69,-7,7
51427,74,74,0,0
51428,189,177,12,12
51429,97,102,-5,5
51430,131,133,-2,2
51431,66,74,-8,8
51432,131,127,4,4
51433,101,92,9,9
51434,205,206,-1,1
51435,92,101,-9,9
51436,74,86,-12,12
51437,108,100,8,8
51438,78,70,8,8
51439,69,75,-6,6
51440,92,81,11,11
51441,76,81,-5,5
51442,83,69,14,14
51443,104,111,-7,7
51444,85,86,-1,1
51445,74,68,6,6
51446,134,137,-3,3
51447,119,117,2,2
51448,92,95,-3,3
51449,88,91,-3,3
51450,126,140,-14,14
51451,100,110,-10,10
51452,45,53,-8,8
51453,131,119,12,12
51454,55,58,-3,3
51455,180,167,13,13
51456,133,114,19,19
51457,94,88,6,6
51458,62,79,-17,17
51459,119,120,-1,1
51460,183,184,-1,1
51461,88,79,9,9
51462,115,102,13,13
51463,100,92,8,8
51464,64,74,-10,10
51465,83,107,-24,24
51466,138,138,0,0
51467,62,68,-6,6
51468,193,178,15,15
51469,90,87,3,3
51470,77,87,-10,10
51471,111,107,4,4
51472,99,91,8,8
51473,118,129,-11,11
51474,131,124,7,7
51475,71,63,8,8
51476,78,78,0,0
51477,94,83,11,11
51478,92,97,-5,5
51479,97,99,-2,2
51480,89,83,6,6
51481,131,121,10,10
51482,119,101,18,18
51483,59,62,-3,3
51484,80,78,2,2
51485,116,96,20,20
51486,93,90,3,3
51487,72,80,-8,8
51488,185,166,19,19
51489,85,93,-8,8
51490,108,123,-15,15
51491,84,87,-3,3
51492,100,100,0,0
51493,109,86,23,23
51494,43,50,-7,7
51495,77,83,-6,6
51496,87,82,5,5
51497,121,122,-1,1
51498,109,117,-8,8
51499,83,93,-10,10
51500,108,99,9,9
51501,166,146,20,20
51502,68,70,-2,2
51503,112,134,-22,22
51504,103,107,-4,4
51505,106,114,-8,8
51506,33,48,-15,15
51507,56,50,6,6
51508,72,74,-2,2
51509,136,133,3,3
51510,79,81,-2,2
51511,143,127,16,16
51512,103,100,3,3
51513,75,71,4,4
51514,73,72,1,1
51515,68,68,0,0
51516,68,81,-13,13
51517,102,90,12,12
51518,83,83,0,0
51519,70,77,-7,7
51520,88,88,0,0
51521,124,126,-2,2
51522,111,118,-7,7
51523,103,112,-9,9
51524,104,100,4,4
51525,122,126,-4,4
51526,119,115,4,4
51527,71,103,-32,32
51528,196,192,4,4
51529,70,77,-7,7
51530,70,81,-11,11
51531,88,84,4,4
51532,122,122,0,0
51533,102,98,4,4
51534,119,113,6,6
51535,138,142,-4,4
51536,165,156,9,9
51537,94,101,-7,7
51538,52,57,-5,5
51539,86,85,1,1
51540,63,66,-3,3
51541,92,81,11,11
51542,65,64,1,1
51543,47,47,0,0
51544,62,64,-2,2
51545,79,91,-12,12
51546,166,139,27,27
51547,96,93,3,3
51548,120,130,-10,10
51549,117,121,-4,4
51550,99,98,1,1
51551,124,134,-10,10
51552,138,131,7,7
51553,60,67,-7,7
51554,90,92,-2,2
51555,76,79,-3,3
51556,113,137,-24,24
51557,129,138,-9,9
51558,80,87,-7,7
51559,99,101,-2,2
51560,87,88,-1,1
51561,74,80,-6,6
51562,70,71,-1,1
51563,50,58,-8,8
51564,83,87,-4,4
51565,150,141,9,9
51566,104,103,1,1
51567,107,104,3,3
51568,101,100,1,1
51569,153,156,-3,3
51570,81,83,-2,2
51571,58,66,-8,8
51572,104,96,8,8
51573,64,70,-6,6
51574,58,53,5,5
51575,137,146,-9,9
51576,132,114,18,18
51577,110,114,-4,4
51578,120,122,-2,2
51579,92,97,-5,5
51580,83,103,-20,20
51581,41,52,-11,11
51582,194,210,-16,16
51583,79,75,4,4
51584,65,73,-8,8
51585,126,139,-13,13
51586,125,143,-18,18
51587,148,145,3,3
51588,63,60,3,3
51589,82,83,-1,1
51590,127,128,-1,1
51591,141,132,9,9
51592,98,106,-8,8
51593,140,146,-6,6
51594,92,87,5,5
51595,78,86,-8,8
51596,72,71,1,1
51597,133,124,9,9
51598,82,88,-6,6
51599,53,64,-11,11
51600,68,64,4,4
51601,135,143,-8,8
51602,76,94,-18,18
51603,84,77,7,7
51604,109,111,-2,2
51605,115,121,-6,6
51606,32,43,-11,11
51607,202,186,16,16
51608,64,62,2,2
51609,69,65,4,4
51610,61,60,1,1
51611,81,78,3,3
51612,81,86,-5,5
51613,103,101,2,2
51614,73,71,2,2
51615,103,121,-18,18
51616,153,154,-1,1
51617,78,83,-5,5
51618,100,93,7,7
51619,136,152,-16,16
51620,58,62,-4,4
51621,75,80,-5,5
51622,130,119,11,11
51623,127,117,10,10
51624,51,63,-12,12
51625,87,74,13,13
51626,99,109,-10,10
51627,121,111,10,10
51628,83,86,-3,3
51629,65,61,4,4
51630,86,90,-4,4
51631,129,134,-5,5
51632,77,88,-11,11
51633,63,66,-3,3
51634,70,71,-1,1
51635,75,76,-1,1
51636,75,81,-6,6
51637,132,135,-3,3
51638,157,159,-2,2
51639,130,136,-6,6
51640,80,81,-1,1
51641,97,103,-6,6
51642,68,64,4,4
51643,98,107,-9,9
51644,81,93,-12,12
51645,51,58,-7,7
51646,84,86,-2,2
51647,79,79,0,0
51648,151,144,7,7
51649,82,89,-7,7
51650,127,130,-3,3
51651,63,76,-13,13
51652,97,100,-3,3
51653,121,118,3,3
51654,157,158,-1,1
51655,101,99,2,2
51656,160,168,-8,8
51657,92,92,0,0
51658,107,114,-7,7
51659,108,95,13,13
51660,119,99,20,20
51661,61,71,-10,10
51662,112,104,8,8
51663,71,72,-1,1
51664,99,112,-13,13
51665,68,72,-4,4
51666,116,127,-11,11
51667,64,75,-11,11
51668,124,130,-6,6
51669,139,137,2,2
51670,80,81,-1,1
51671,157,149,8,8
51672,101,96,5,5
51673,114,111,3,3
51674,126,133,-7,7
51675,148,125,23,23
51676,77,84,-7,7
51677,187,184,3,3
51678,139,146,-7,7
51679,164,157,7,7
51680,98,104,-6,6
51681,86,95,-9,9
51682,61,59,2,2
51683,143,152,-9,9
51684,57,60,-3,3
51685,52,47,5,5
51686,92,111,-19,19
51687,108,101,7,7
51688,156,136,20,20
51689,159,151,8,8
51690,157,149,8,8
51691,102,98,4,4
51692,138,135,3,3
51693,78,84,-6,6
51694,83,78,5,5
51695,108,89,19,19
51696,60,55,5,5
51697,142,122,20,20
51698,55,59,-4,4
51699,65,91,-26,26
51700,125,127,-2,2
51701,90,97,-7,7
51702,74,77,-3,3
51703,156,156,0,0
51704,76,80,-4,4
51705,94,105,-11,11
51706,84,80,4,4
51707,84,83,1,1
51708,68,78,-10,10
51709,144,142,2,2
51710,74,75,-1,1
51711,104,108,-4,4
51712,98,83,15,15
51713,92,89,3,3
51714,106,118,-12,12
51715,94,94,0,0
51716,91,99,-8,8
51717,61,68,-7,7
51718,77,73,4,4
51719,71,73,-2,2
51720,98,102,-4,4
51721,73,81,-8,8
51722,103,114,-11,11
51723,124,116,8,8
51724,135,108,27,27
51725,118,128,-10,10
51726,96,100,-4,4
51727,54,63,-9,9
51728,112,102,10,10
51729,72,78,-6,6
51730,70,76,-6,6
51731,85,78,7,7
51732,51,51,0,0
51733,106,124,-18,18
51734,113,112,1,1
51735,76,74,2,2
51736,63,78,-15,15
51737,140,130,10,10
51738,103,99,4,4
51739,163,170,-7,7
51740,126,126,0,0
51741,92,94,-2,2
51742,40,38,2,2
51743,33,40,-7,7
51744,99,98,1,1
51745,113,104,9,9
51746,59,63,-4,4
51747,88,107,-19,19
51748,58,62,-4,4
51749,98,103,-5,5
51750,135,125,10,10
51751,92,95,-3,3
51752,101,103,-2,2
51753,116,114,2,2
51754,171,173,-2,2
51755,98,90,8,8
51756,99,96,3,3
51757,77,70,7,7
51758,99,99,0,0
51759,61,60,1,1
51760,124,115,9,9
51761,36,48,-12,12
51762,124,114,10,10
51763,89,96,-7,7
51764,144,149,-5,5
51765,113,108,5,5
51766,157,157,0,0
51767,95,98,-3,3
51768,101,106,-5,5
51769,76,91,-15,15
51770,65,76,-11,11
51771,222,193,29,29
51772,123,118,5,5
51773,71,90,-19,19
51774,102,93,9,9
51775,96,97,-1,1
51776,105,107,-2,2
51777,81,90,-9,9
51778,122,144,-22,22
51779,64,67,-3,3
51780,43,60,-17,17
51781,114,106,8,8
51782,62,67,-5,5
51783,104,115,-11,11
51784,175,199,-24,24
51785,98,107,-9,9
51786,87,89,-2,2
51787,144,146,-2,2
51788,76,91,-15,15
51789,125,131,-6,6
51790,70,70,0,0
51791,86,98,-12,12
51792,140,110,30,30
51793,44,46,-2,2
51794,101,103,-2,2
51795,68,74,-6,6
51796,155,152,3,3
51797,125,127,-2,2
51798,49,50,-1,1
51799,140,147,-7,7
51800,105,101,4,4
51801,192,207,-15,15
51802,89,90,-1,1
51803,140,137,3,3
51804,140,138,2,2
51805,112,120,-8,8
51806,136,119,17,17
51807,76,90,-14,14
51808,64,74,-10,10
51809,64,77,-13,13
51810,83,90,-7,7
51811,72,71,1,1
51812,145,150,-5,5
51813,113,104,9,9
51814,114,105,9,9
51815,154,149,5,5
51816,67,67,0,0
51817,197,169,28,28
51818,61,57,4,4
51819,99,98,1,1
51820,91,91,0,0
51821,181,160,21,21
51822,45,46,-1,1
51823,55,63,-8,8
51824,183,204,-21,21
51825,106,111,-5,5
51826,57,81,-24,24
51827,133,129,4,4
51828,36,44,-8,8
51829,98,105,-7,7
51830,54,53,1,1
51831,140,146,-6,6
51832,114,118,-4,4
51833,99,80,19,19
51834,69,66,3,3
51835,144,142,2,2
51836,112,122,-10,10
51837,101,99,2,2
51838,88,80,8,8
51839,88,88,0,0
51840,94,92,2,2
51841,67,60,7,7
51842,46,73,-27,27
51843,72,71,1,1
51844,80,78,2,2
51845,75,77,-2,2
51846,94,86,8,8
51847,117,126,-9,9
51848,67,75,-8,8
51849,71,77,-6,6
51850,67,82,-15,15
51851,68,68,0,0
51852,91,89,2,2
51853,71,80,-9,9
51854,114,116,-2,2
51855,93,101,-8,8
51856,73,78,-5,5
51857,164,149,15,15
51858,132,112,20,20
51859,66,59,7,7
51860,153,130,23,23
51861,108,119,-11,11
51862,110,107,3,3
51863,156,143,13,13
51864,162,159,3,3
51865,150,152,-2,2
51866,125,121,4,4
51867,61,69,-8,8
51868,95,97,-2,2
51869,152,138,14,14
51870,125,136,-11,11
51871,119,112,7,7
51872,166,189,-23,23
51873,120,110,10,10
51874,58,56,2,2
51875,45,56,-11,11
51876,117,119,-2,2
51877,65,59,6,6
51878,105,112,-7,7
51879,70,73,-3,3
51880,78,73,5,5
51881,91,87,4,4
51882,78,69,9,9
51883,116,135,-19,19
51884,132,121,11,11
51885,143,140,3,3
51886,117,129,-12,12
51887,147,159,-12,12
51888,63,72,-9,9
51889,80,87,-7,7
51890,98,97,1,1
51891,51,62,-11,11
51892,51,48,3,3
51893,73,74,-1,1
51894,95,98,-3,3
51895,100,98,2,2
51896,74,88,-14,14
51897,110,99,11,11
51898,78,82,-4,4
51899,54,54,0,0
51900,115,111,4,4
51901,139,133,6,6
51902,73,78,-5,5
51903,67,63,4,4
51904,76,76,0,0
51905,108,107,1,1
51906,104,103,1,1
51907,130,136,-6,6
51908,116,122,-6,6
51909,57,66,-9,9
51910,102,109,-7,7
51911,108,106,2,2
51912,95,90,5,5
51913,40,56,-16,16
51914,76,81,-5,5
51915,71,67,4,4
51916,137,142,-5,5
51917,118,110,8,8
51918,129,135,-6,6
51919,67,73,-6,6
51920,72,74,-2,2
51921,111,124,-13,13
51922,95,96,-1,1
51923,130,145,-15,15
51924,116,119,-3,3
51925,68,70,-2,2
51926,103,99,4,4
51927,95,97,-2,2
51928,117,118,-1,1
51929,62,58,4,4
51930,75,85,-10,10
51931,56,68,-12,12
51932,120,111,9,9
51933,113,115,-2,2
51934,85,82,3,3
51935,71,95,-24,24
51936,130,133,-3,3
51937,87,99,-12,12
51938,156,147,9,9
51939,89,91,-2,2
51940,61,66,-5,5
51941,115,115,0,0
51942,144,138,6,6
51943,73,79,-6,6
51944,94,96,-2,2
51945,102,103,-1,1
51946,125,134,-9,9
51947,71,65,6,6
51948,140,141,-1,1
51949,143,138,5,5
51950,77,91,-14,14
51951,86,79,7,7
51952,70,65,5,5
51953,101,94,7,7
51954,82,79,3,3
51955,93,87,6,6
51956,55,60,-5,5
51957,138,156,-18,18
51958,88,93,-5,5
51959,81,90,-9,9
51960,176,164,12,12
51961,90,97,-7,7
51962,52,56,-4,4
51963,97,100,-3,3
51964,45,58,-13,13
51965,114,123,-9,9
51966,155,152,3,3
51967,151,183,-32,32
51968,60,67,-7,7
51969,82,78,4,4
51970,96,96,0,0
51971,126,115,11,11
51972,90,92,-2,2
51973,83,75,8,8
51974,72,76,-4,4
51975,139,143,-4,4
51976,137,119,18,18
51977,119,124,-5,5
51978,115,84,31,31
51979,76,75,1,1
51980,80,97,-17,17
51981,101,108,-7,7
51982,92,92,0,0
51983,65,66,-1,1
51984,89,93,-4,4
51985,72,70,2,2
51986,45,47,-2,2
51987,69,66,3,3
51988,81,83,-2,2
51989,95,92,3,3
51990,76,83,-7,7
51991,49,52,-3,3
51992,97,101,-4,4
51993,90,91,-1,1
51994,130,128,2,2
51995,74,85,-11,11
51996,46,61,-15,15
51997,74,80,-6,6
51998,108,102,6,6
51999,115,119,-4,4
52000,37,48,-11,11
52001,79,77,2,2
52002,75,77,-2,2
52003,174,161,13,13
52004,107,105,2,2
52005,53,60,-7,7
52006,83,66,17,17
52007,60,63,-3,3
52008,98,109,-11,11
52009,57,56,1,1
52010,54,57,-3,3
52011,83,81,2,2
52012,182,226,-44,44
52013,107,115,-8,8
52014,89,101,-12,12
52015,105,108,-3,3
52016,109,114,-5,5
52017,141,133,8,8
52018,121,119,2,2
52019,91,108,-17,17
52020,117,112,5,5
52021,58,74,-16,16
52022,80,74,6,6
52023,88,92,-4,4
52024,80,84,-4,4
52025,146,153,-7,7
52026,105,106,-1,1
52027,128,144,-16,16
52028,79,77,2,2
52029,123,126,-3,3
52030,85,83,2,2
52031,77,79,-2,2
52032,70,67,3,3
52033,100,109,-9,9
52034,71,75,-4,4
52035,123,123,0,0
52036,85,89,-4,4
52037,113,108,5,5
52038,98,93,5,5
52039,67,79,-12,12
52040,130,110,20,20
52041,176,166,10,10
52042,117,119,-2,2
52043,130,127,3,3
52044,114,106,8,8
52045,108,115,-7,7
52046,111,123,-12,12
52047,91,91,0,0
52048,153,142,11,11
52049,83,68,15,15
52050,91,100,-9,9
52051,103,107,-4,4
52052,123,122,1,1
52053,57,67,-10,10
52054,115,121,-6,6
52055,86,91,-5,5
52056,147,143,4,4
52057,116,136,-20,20
52058,87,88,-1,1
52059,81,92,-11,11
52060,58,57,1,1
52061,97,86,11,11
52062,138,152,-14,14
52063,74,73,1,1
52064,60,72,-12,12
52065,94,94,0,0
52066,150,166,-16,16
52067,143,152,-9,9
52068,72,78,-6,6
52069,80,83,-3,3
52070,94,96,-2,2
52071,85,92,-7,7
52072,108,103,5,5
52073,106,96,10,10
52074,86,78,8,8
52075,160,152,8,8
52076,84,86,-2,2
52077,78,78,0,0
52078,89,97,-8,8
52079,76,86,-10,10
52080,57,50,7,7
52081,93,96,-3,3
52082,92,101,-9,9
52083,79,100,-21,21
52084,105,111,-6,6
52085,146,157,-11,11
52086,79,88,-9,9
52087,96,102,-6,6
52088,97,102,-5,5
52089,74,78,-4,4
52090,79,96,-17,17
52091,90,89,1,1
52092,133,134,-1,1
52093,81,89,-8,8
52094,140,134,6,6
52095,20,47,-27,27
52096,42,95,-53,53
52097,178,159,19,19
52098,57,59,-2,2
52099,91,101,-10,10
52100,125,117,8,8
52101,77,81,-4,4
52102,73,76,-3,3
52103,96,104,-8,8
52104,63,56,7,7
52105,75,80,-5,5
52106,117,117,0,0
52107,135,138,-3,3
52108,105,118,-13,13
52109,141,138,3,3
52110,123,110,13,13
52111,71,90,-19,19
52112,108,98,10,10
52113,104,111,-7,7
52114,108,94,14,14
52115,93,93,0,0
52116,102,103,-1,1
52117,99,92,7,7
52118,95,105,-10,10
52119,53,51,2,2
52120,117,100,17,17
52121,79,99,-20,20
52122,55,71,-16,16
52123,163,169,-6,6
52124,53,57,-4,4
52125,80,80,0,0
52126,124,123,1,1
52127,75,73,2,2
52128,133,132,1,1
52129,83,87,-4,4
52130,54,59,-5,5
52131,52,54,-2,2
52132,67,67,0,0
52133,75,72,3,3
52134,106,105,1,1
52135,140,141,-1,1
52136,124,132,-8,8
52137,65,68,-3,3
52138,94,104,-10,10
52139,108,113,-5,5
52140,132,119,13,13
52141,123,120,3,3
52142,73,89,-16,16
52143,246,245,1,1
52144,91,88,3,3
52145,48,61,-13,13
52146,109,100,9,9
52147,120,107,13,13
52148,71,72,-1,1
52149,44,49,-5,5
52150,83,83,0,0
52151,77,78,-1,1
52152,108,104,4,4
52153,76,76,0,0
52154,116,111,5,5
52155,98,114,-16,16
52156,114,108,6,6
52157,142,134,8,8
52158,92,107,-15,15
52159,82,78,4,4
52160,86,90,-4,4
52161,65,70,-5,5
52162,91,91,0,0
52163,158,158,0,0
52164,79,79,0,0
52165,89,83,6,6
52166,54,51,3,3
52167,144,128,16,16
52168,167,178,-11,11
52169,94,106,-12,12
52170,75,76,-1,1
52171,110,119,-9,9
52172,113,111,2,2
52173,63,63,0,0
52174,138,135,3,3
52175,101,80,21,21
52176,99,119,-20,20
52177,98,108,-10,10
52178,138,161,-23,23
52179,116,121,-5,5
52180,53,63,-10,10
52181,97,98,-1,1
52182,79,64,15,15
52183,94,112,-18,18
52184,72,87,-15,15
52185,104,116,-12,12
52186,113,106,7,7
52187,105,110,-5,5
52188,84,85,-1,1
52189,66,69,-3,3
52190,75,76,-1,1
52191,106,114,-8,8
52192,100,94,6,6
52193,75,92,-17,17
52194,45,35,10,10
52195,126,134,-8,8
52196,102,100,2,2
52197,108,110,-2,2
52198,99,95,4,4
52199,146,131,15,15
52200,107,106,1,1
52201,105,115,-10,10
52202,58,67,-9,9
52203,114,121,-7,7
52204,151,140,11,11
52205,72,80,-8,8
52206,79,77,2,2
52207,131,128,3,3
52208,91,93,-2,2
52209,52,56,-4,4
52210,81,80,1,1
52211,85,75,10,10
52212,96,94,2,2
52213,42,45,-3,3
52214,73,70,3,3
52215,100,95,5,5
52216,104,100,4,4
52217,85,94,-9,9
52218,67,75,-8,8
52219,71,74,-3,3
52220,100,93,7,7
52221,134,118,16,16
52222,104,110,-6,6
52223,90,86,4,4
52224,96,131,-35,35
52225,61,95,-34,34
52226,65,71,-6,6
52227,139,138,1,1
52228,46,37,9,9
52229,70,74,-4,4
52230,142,133,9,9
52231,90,102,-12,12
52232,112,111,1,1
52233,113,107,6,6
52234,59,73,-14,14
52235,111,112,-1,1
52236,84,81,3,3
52237,74,68,6,6
52238,78,71,7,7
52239,145,157,-12,12
52240,100,122,-22,22
52241,103,101,2,2
52242,55,64,-9,9
52243,93,97,-4,4
52244,78,79,-1,1
52245,80,89,-9,9
52246,104,94,10,10
52247,66,71,-5,5
52248,68,65,3,3
52249,60,56,4,4
52250,103,121,-18,18
52251,69,72,-3,3
52252,92,98,-6,6
52253,48,52,-4,4
52254,54,64,-10,10
52255,54,59,-5,5
52256,58,58,0,0
52257,160,148,12,12
52258,83,78,5,5
52259,90,81,9,9
52260,71,130,-59,59
52261,168,179,-11,11
52262,137,143,-6,6
52263,139,142,-3,3
52264,74,73,1,1
52265,75,80,-5,5
52266,65,64,1,1
52267,93,83,10,10
52268,94,95,-1,1
52269,65,76,-11,11
52270,110,112,-2,2
52271,29,45,-16,16
52272,91,89,2,2
52273,78,77,1,1
52274,77,79,-2,2
52275,93,98,-5,5
52276,158,156,2,2
52277,206,201,5,5
52278,98,99,-1,1
52279,131,133,-2,2
52280,115,111,4,4
52281,129,99,30,30
52282,97,89,8,8
52283,97,95,2,2
52284,78,84,-6,6
52285,81,85,-4,4
52286,107,96,11,11
52287,80,82,-2,2
52288,67,72,-5,5
52289,66,76,-10,10
52290,56,58,-2,2
52291,72,75,-3,3
52292,50,62,-12,12
52293,70,108,-38,38
52294,128,125,3,3
52295,138,143,-5,5
52296,38,51,-13,13
52297,113,115,-2,2
52298,168,175,-7,7
52299,115,103,12,12
52300,88,90,-2,2
52301,80,78,2,2
52302,124,135,-11,11
52303,190,182,8,8
52304,92,98,-6,6
52305,83,85,-2,2
52306,78,82,-4,4
52307,64,61,3,3
52308,121,125,-4,4
52309,74,75,-1,1
52310,59,65,-6,6
52311,200,126,74,74
52312,157,148,9,9
52313,86,93,-7,7
52314,126,122,4,4
52315,75,73,2,2
52316,95,112,-17,17
52317,118,115,3,3
52318,174,170,4,4
52319,148,146,2,2
52320,70,80,-10,10
52321,99,100,-1,1
52322,73,75,-2,2
52323,178,157,21,21
52324,127,130,-3,3
52325,137,144,-7,7
52326,35,31,4,4
52327,58,65,-7,7
52328,104,114,-10,10
52329,85,88,-3,3
52330,91,92,-1,1
52331,40,53,-13,13
52332,83,85,-2,2
52333,100,102,-2,2
52334,73,85,-12,12
52335,51,55,-4,4
52336,263,164,99,99
52337,87,99,-12,12
52338,85,84,1,1
52339,85,86,-1,1
52340,89,88,1,1
52341,176,175,1,1
52342,103,101,2,2
52343,128,137,-9,9
52344,166,180,-14,14
52345,92,101,-9,9
52346,100,107,-7,7
52347,98,95,3,3
52348,57,58,-1,1
52349,127,123,4,4
52350,86,87,-1,1
52351,144,152,-8,8
52352,60,73,-13,13
52353,113,111,2,2
52354,113,114,-1,1
52355,103,105,-2,2
52356,90,88,2,2
52357,56,46,10,10
52358,47,50,-3,3
52359,105,115,-10,10
52360,61,61,0,0
52361,128,123,5,5
52362,55,81,-26,26
52363,67,65,2,2
52364,65,71,-6,6
52365,116,114,2,2
52366,76,81,-5,5
52367,41,39,2,2
52368,83,77,6,6
52369,82,79,3,3
52370,50,58,-8,8
52371,81,92,-11,11
52372,57,52,5,5
52373,83,82,1,1
52374,87,98,-11,11
52375,56,64,-8,8
52376,68,69,-1,1
52377,71,74,-3,3
52378,77,79,-2,2
52379,67,68,-1,1
52380,120,111,9,9
52381,74,80,-6,6
52382,121,130,-9,9
52383,73,76,-3,3
52384,53,63,-10,10
52385,68,70,-2,2
52386,95,92,3,3
52387,103,112,-9,9
52388,46,57,-11,11
52389,73,70,3,3
52390,148,144,4,4
52391,145,140,5,5
52392,105,95,10,10
52393,71,72,-1,1
52394,43,50,-7,7
52395,106,111,-5,5
52396,114,116,-2,2
52397,80,73,7,7
52398,64,59,5,5
52399,125,118,7,7
52400,84,93,-9,9
52401,86,94,-8,8
52402,101,98,3,3
52403,95,96,-1,1
52404,90,94,-4,4
52405,93,98,-5,5
52406,62,64,-2,2
52407,146,142,4,4
52408,87,87,0,0
52409,85,79,6,6
52410,134,125,9,9
52411,82,84,-2,2
52412,46,53,-7,7
52413,73,62,11,11
52414,23,56,-33,33
52415,167,160,7,7
52416,116,98,18,18
52417,112,120,-8,8
52418,227,230,-3,3
52419,108,118,-10,10
52420,93,94,-1,1
52421,76,81,-5,5
52422,75,74,1,1
52423,74,80,-6,6
52424,85,85,0,0
52425,68,66,2,2
52426,93,85,8,8
52427,143,140,3,3
52428,132,130,2,2
52429,68,74,-6,6
52430,49,76,-27,27
52431,116,108,8,8
52432,87,88,-1,1
52433,114,109,5,5
52434,133,129,4,4
52435,81,80,1,1
52436,105,101,4,4
52437,88,89,-1,1
52438,158,146,12,12
52439,82,72,10,10
52440,91,95,-4,4
52441,158,151,7,7
52442,77,77,0,0
52443,61,77,-16,16
52444,57,69,-12,12
52445,76,84,-8,8
52446,80,82,-2,2
52447,90,101,-11,11
52448,75,62,13,13
52449,105,103,2,2
52450,99,100,-1,1
52451,134,136,-2,2
52452,70,75,-5,5
52453,139,162,-23,23
52454,67,70,-3,3
52455,186,168,18,18
52456,101,101,0,0
52457,142,136,6,6
52458,66,70,-4,4
52459,88,83,5,5
52460,79,93,-14,14
52461,80,81,-1,1
52462,103,107,-4,4
52463,133,150,-17,17
52464,21,40,-19,19
52465,98,86,12,12
52466,67,70,-3,3
52467,117,133,-16,16
52468,71,72,-1,1
52469,45,47,-2,2
52470,90,82,8,8
52471,122,103,19,19
52472,133,131,2,2
52473,70,70,0,0
52474,99,105,-6,6
52475,161,156,5,5
52476,123,119,4,4
52477,116,110,6,6
52478,148,130,18,18
52479,55,53,2,2
52480,107,113,-6,6
52481,69,65,4,4
52482,103,123,-20,20
52483,50,59,-9,9
52484,76,81,-5,5
52485,98,98,0,0
52486,63,69,-6,6
52487,69,74,-5,5
52488,115,112,3,3
52489,64,63,1,1
52490,80,80,0,0
52491,93,88,5,5
52492,93,94,-1,1
52493,107,107,0,0
52494,91,91,0,0
52495,73,84,-11,11
52496,163,154,9,9
52497,82,81,1,1
52498,133,133,0,0
52499,70,75,-5,5
52500,74,74,0,0
52501,72,71,1,1
52502,51,49,2,2
52503,192,178,14,14
52504,59,84,-25,25
52505,69,57,12,12
52506,47,49,-2,2
52507,146,159,-13,13
52508,149,139,10,10
52509,96,112,-16,16
52510,73,73,0,0
52511,143,140,3,3
52512,101,104,-3,3
52513,96,100,-4,4
52514,108,116,-8,8
52515,77,77,0,0
52516,45,58,-13,13
52517,89,100,-11,11
52518,160,155,5,5
52519,97,114,-17,17
52520,82,88,-6,6
52521,80,79,1,1
52522,70,68,2,2
52523,123,113,10,10
52524,109,104,5,5
52525,162,165,-3,3
52526,129,122,7,7
52527,80,77,3,3
52528,49,58,-9,9
52529,129,123,6,6
52530,79,74,5,5
52531,89,102,-13,13
52532,92,100,-8,8
52533,87,85,2,2
52534,104,99,5,5
52535,106,99,7,7
52536,169,168,1,1
52537,96,108,-12,12
52538,66,69,-3,3
52539,140,143,-3,3
52540,128,123,5,5
52541,82,83,-1,1
52542,128,124,4,4
52543,109,110,-1,1
52544,59,66,-7,7
52545,61,67,-6,6
52546,109,95,14,14
52547,72,83,-11,11
52548,57,86,-29,29
52549,94,102,-8,8
52550,86,87,-1,1
52551,57,60,-3,3
52552,142,131,11,11
52553,79,84,-5,5
52554,150,151,-1,1
52555,122,140,-18,18
52556,106,122,-16,16
52557,41,39,2,2
52558,218,213,5,5
52559,106,100,6,6
52560,80,76,4,4
52561,87,88,-1,1
52562,121,139,-18,18
52563,68,70,-2,2
52564,79,89,-10,10
52565,63,63,0,0
52566,57,69,-12,12
52567,132,138,-6,6
52568,86,89,-3,3
52569,92,89,3,3
52570,187,177,10,10
52571,97,99,-2,2
52572,135,132,3,3
52573,126,116,10,10
52574,79,79,0,0
52575,69,82,-13,13
52576,142,139,3,3
52577,97,93,4,4
52578,104,114,-10,10
52579,112,117,-5,5
52580,168,175,-7,7
52581,145,129,16,16
52582,137,136,1,1
52583,142,132,10,10
52584,81,75,6,6
52585,97,100,-3,3
52586,90,77,13,13
52587,121,153,-32,32
52588,71,82,-11,11
52589,61,58,3,3
52590,95,117,-22,22
52591,95,122,-27,27
52592,53,83,-30,30
52593,126,130,-4,4
52594,72,82,-10,10
52595,86,76,10,10
52596,141,142,-1,1
52597,96,100,-4,4
52598,98,110,-12,12
52599,123,124,-1,1
52600,46,52,-6,6
52601,95,89,6,6
52602,127,122,5,5
52603,153,118,35,35
52604,115,109,6,6
52605,104,97,7,7
52606,53,60,-7,7
52607,95,90,5,5
52608,88,92,-4,4
52609,133,120,13,13
52610,88,88,0,0
52611,25,46,-21,21
52612,142,132,10,10
52613,98,111,-13,13
52614,93,93,0,0
52615,99,91,8,8
52616,152,146,6,6
52617,124,130,-6,6
52618,112,114,-2,2
52619,134,129,5,5
52620,104,114,-10,10
52621,86,83,3,3
52622,117,117,0,0
52623,77,79,-2,2
52624,88,97,-9,9
52625,72,71,1,1
52626,87,92,-5,5
52627,80,76,4,4
52628,103,106,-3,3
52629,136,137,-1,1
52630,105,117,-12,12
52631,96,93,3,3
52632,90,86,4,4
52633,53,53,0,0
52634,77,78,-1,1
52635,60,66,-6,6
52636,115,123,-8,8
52637,93,96,-3,3
52638,91,79,12,12
52639,162,174,-12,12
52640,115,101,14,14
52641,148,164,-16,16
52642,68,55,13,13
52643,79,77,2,2
52644,53,60,-7,7
52645,60,63,-3,3
52646,63,79,-16,16
52647,102,106,-4,4
52648,111,106,5,5
52649,116,115,1,1
52650,50,65,-15,15
52651,113,107,6,6
52652,46,57,-11,11
52653,62,65,-3,3
52654,112,114,-2,2
52655,58,66,-8,8
52656,85,101,-16,16
52657,111,102,9,9
52658,105,107,-2,2
52659,113,127,-14,14
52660,174,164,10,10
52661,125,123,2,2
52662,109,109,0,0
52663,67,87,-20,20
52664,76,73,3,3
52665,193,232,-39,39
52666,128,133,-5,5
52667,88,80,8,8
52668,70,74,-4,4
52669,63,63,0,0
52670,148,119,29,29
52671,89,91,-2,2
52672,152,157,-5,5
52673,62,67,-5,5
52674,141,127,14,14
52675,48,46,2,2
52676,185,181,4,4
52677,89,85,4,4
52678,87,89,-2,2
52679,50,79,-29,29
52680,79,76,3,3
52681,124,137,-13,13
52682,109,106,3,3
52683,54,61,-7,7
52684,90,93,-3,3
52685,85,90,-5,5
52686,35,102,-67,67
52687,86,84,2,2
52688,47,49,-2,2
52689,103,99,4,4
52690,105,110,-5,5
52691,47,58,-11,11
52692,44,48,-4,4
52693,137,135,2,2
52694,69,76,-7,7
52695,47,50,-3,3
52696,63,62,1,1
52697,118,120,-2,2
52698,83,89,-6,6
52699,80,93,-13,13
52700,119,100,19,19
52701,107,114,-7,7
52702,100,118,-18,18
52703,96,100,-4,4
52704,90,102,-12,12
52705,136,135,1,1
52706,142,153,-11,11
52707,82,87,-5,5
52708,64,58,6,6
52709,89,90,-1,1
52710,49,62,-13,13
52711,138,131,7,7
52712,74,70,4,4
52713,55,58,-3,3
52714,147,133,14,14
52715,87,98,-11,11
52716,67,80,-13,13
52717,90,88,2,2
52718,72,91,-19,19
52719,110,115,-5,5
52720,166,177,-11,11
52721,128,115,13,13
52722,70,81,-11,11
52723,95,99,-4,4
52724,58,53,5,5
52725,95,94,1,1
52726,78,87,-9,9
52727,99,107,-8,8
52728,79,81,-2,2
52729,96,83,13,13
52730,87,86,1,1
52731,57,66,-9,9
52732,67,69,-2,2
52733,84,90,-6,6
52734,73,73,0,0
52735,77,74,3,3
52736,65,64,1,1
52737,34,49,-15,15
52738,103,103,0,0
52739,117,119,-2,2
52740,73,64,9,9
52741,121,115,6,6
52742,67,75,-8,8
52743,118,102,16,16
52744,145,147,-2,2
52745,83,79,4,4
52746,105,111,-6,6
52747,81,68,13,13
52748,92,92,0,0
52749,44,49,-5,5
52750,104,106,-2,2
52751,45,53,-8,8
52752,96,93,3,3
52753,115,121,-6,6
52754,91,100,-9,9
52755,64,82,-18,18
52756,63,64,-1,1
52757,83,80,3,3
52758,126,134,-8,8
52759,57,66,-9,9
52760,209,209,0,0
52761,153,142,11,11
52762,57,63,-6,6
52763,70,69,1,1
52764,118,126,-8,8
52765,110,113,-3,3
52766,63,58,5,5
52767,117,114,3,3
52768,151,136,15,15
52769,135,149,-14,14
52770,75,72,3,3
52771,121,110,11,11
52772,142,149,-7,7
52773,107,106,1,1
52774,87,92,-5,5
52775,83,89,-6,6
52776,54,53,1,1
52777,120,120,0,0
52778,75,77,-2,2
52779,116,120,-4,4
52780,80,82,-2,2
52781,132,141,-9,9
52782,61,65,-4,4
52783,70,75,-5,5
52784,57,55,2,2
52785,137,137,0,0
52786,112,101,11,11
52787,77,77,0,0
52788,78,81,-3,3
52789,94,99,-5,5
52790,85,95,-10,10
52791,61,62,-1,1
52792,80,81,-1,1
52793,116,104,12,12
52794,64,92,-28,28
52795,69,73,-4,4
52796,124,118,6,6
52797,78,72,6,6
52798,109,118,-9,9
52799,90,84,6,6
52800,148,149,-1,1
52801,64,73,-9,9
52802,59,64,-5,5
52803,42,43,-1,1
52804,132,131,1,1
52805,132,135,-3,3
52806,68,71,-3,3
52807,173,192,-19,19
52808,73,72,1,1
52809,88,92,-4,4
52810,95,90,5,5
52811,56,63,-7,7
52812,83,73,10,10
52813,131,142,-11,11
52814,65,70,-5,5
52815,77,79,-2,2
52816,110,125,-15,15
52817,80,103,-23,23
52818,76,66,10,10
52819,73,73,0,0
52820,66,72,-6,6
52821,149,141,8,8
52822,55,63,-8,8
52823,60,59,1,1
52824,151,153,-2,2
52825,112,129,-17,17
52826,67,68,-1,1
52827,67,86,-19,19
52828,77,77,0,0
52829,114,119,-5,5
52830,123,133,-10,10
52831,83,85,-2,2
52832,42,51,-9,9
52833,104,117,-13,13
52834,90,89,1,1
52835,107,117,-10,10
52836,153,140,13,13
52837,68,74,-6,6
52838,41,57,-16,16
52839,82,84,-2,2
52840,55,64,-9,9
52841,114,109,5,5
52842,92,95,-3,3
52843,90,93,-3,3
52844,70,68,2,2
52845,75,80,-5,5
52846,112,94,18,18
52847,76,84,-8,8
52848,107,80,27,27
52849,96,96,0,0
52850,107,99,8,8
52851,46,47,-1,1
52852,103,119,-16,16
52853,122,123,-1,1
52854,117,114,3,3
52855,69,88,-19,19
52856,100,98,2,2
52857,70,66,4,4
52858,96,107,-11,11
52859,89,91,-2,2
52860,112,113,-1,1
52861,93,109,-16,16
52862,104,105,-1,1
52863,79,77,2,2
52864,150,150,0,0
52865,145,147,-2,2
52866,135,141,-6,6
52867,61,60,1,1
52868,75,74,1,1
52869,63,65,-2,2
52870,77,79,-2,2
52871,115,119,-4,4
52872,94,95,-1,1
52873,60,60,0,0
52874,99,102,-3,3
52875,162,176,-14,14
52876,89,95,-6,6
52877,84,67,17,17
52878,90,104,-14,14
52879,132,123,9,9
52880,106,103,3,3
52881,50,44,6,6
52882,66,76,-10,10
52883,153,149,4,4
52884,55,55,0,0
52885,92,99,-7,7
52886,113,119,-6,6
52887,54,54,0,0
52888,132,131,1,1
52889,116,103,13,13
52890,88,223,-135,135
52891,127,128,-1,1
52892,80,89,-9,9
52893,125,113,12,12
52894,108,101,7,7
52895,104,111,-7,7
52896,62,68,-6,6
52897,76,78,-2,2
52898,77,84,-7,7
52899,120,113,7,7
52900,71,78,-7,7
52901,54,71,-17,17
52902,115,125,-10,10
52903,138,150,-12,12
52904,95,92,3,3
52905,31,43,-12,12
52906,46,44,2,2
52907,147,133,14,14
52908,129,143,-14,14
52909,82,69,13,13
52910,81,81,0,0
52911,62,60,2,2
52912,140,137,3,3
52913,101,106,-5,5
52914,120,109,11,11
52915,48,54,-6,6
52916,132,130,2,2
52917,164,154,10,10
52918,48,62,-14,14
52919,81,92,-11,11
52920,74,80,-6,6
52921,79,93,-14,14
52922,97,100,-3,3
52923,81,95,-14,14
52924,47,54,-7,7
52925,97,94,3,3
52926,59,64,-5,5
52927,68,66,2,2
52928,67,67,0,0
52929,66,65,1,1
52930,143,133,10,10
52931,88,80,8,8
52932,96,97,-1,1
52933,169,147,22,22
52934,106,97,9,9
52935,106,118,-12,12
52936,78,82,-4,4
52937,107,111,-4,4
52938,132,140,-8,8
52939,88,80,8,8
52940,68,78,-10,10
52941,104,110,-6,6
52942,79,58,21,21
52943,96,93,3,3
52944,159,160,-1,1
52945,133,142,-9,9
52946,81,85,-4,4
52947,67,79,-12,12
52948,86,89,-3,3
52949,75,76,-1,1
52950,106,109,-3,3
52951,55,65,-10,10
52952,167,155,12,12
52953,33,42,-9,9
52954,114,130,-16,16
52955,153,133,20,20
52956,76,72,4,4
52957,74,79,-5,5
52958,152,158,-6,6
52959,176,116,60,60
52960,86,82,4,4
52961,191,162,29,29
52962,116,116,0,0
52963,87,83,4,4
52964,133,142,-9,9
52965,131,134,-3,3
52966,96,90,6,6
52967,113,123,-10,10
52968,52,69,-17,17
52969,68,81,-13,13
52970,110,109,1,1
52971,58,52,6,6
52972,104,128,-24,24
52973,93,96,-3,3
52974,118,119,-1,1
52975,92,94,-2,2
52976,77,81,-4,4
52977,43,49,-6,6
52978,19,27,-8,8
52979,156,142,14,14
52980,145,146,-1,1
52981,85,94,-9,9
52982,85,78,7,7
52983,121,117,4,4
52984,76,85,-9,9
52985,137,145,-8,8
52986,76,77,-1,1
52987,91,90,1,1
52988,93,91,2,2
52989,133,150,-17,17
52990,128,113,15,15
52991,106,112,-6,6
52992,77,84,-7,7
52993,104,103,1,1
52994,82,81,1,1
52995,77,85,-8,8
52996,91,103,-12,12
52997,73,107,-34,34
52998,144,140,4,4
52999,103,97,6,6
53000,97,97,0,0
53001,238,236,2,2
53002,87,89,-2,2
53003,135,128,7,7
53004,63,66,-3,3
53005,95,93,2,2
53006,42,43,-1,1
53007,69,73,-4,4
53008,98,91,7,7
53009,147,150,-3,3
53010,108,121,-13,13
53011,52,58,-6,6
53012,69,65,4,4
53013,92,57,35,35
53014,129,123,6,6
53015,83,70,13,13
53016,108,117,-9,9
53017,126,131,-5,5
53018,84,90,-6,6
53019,86,73,13,13
53020,82,106,-24,24
53021,88,92,-4,4
53022,101,94,7,7
53023,130,119,11,11
53024,83,84,-1,1
53025,118,131,-13,13
53026,106,106,0,0
53027,108,113,-5,5
53028,85,69,16,16
53029,133,128,5,5
53030,77,73,4,4
53031,110,108,2,2
53032,71,78,-7,7
53033,72,83,-11,11
53034,44,47,-3,3
53035,69,68,1,1
53036,106,102,4,4
53037,103,98,5,5
53038,82,81,1,1
53039,119,113,6,6
53040,94,97,-3,3
53041,67,68,-1,1
53042,81,80,1,1
53043,102,100,2,2
53044,68,71,-3,3
53045,154,141,13,13
53046,80,77,3,3
53047,120,118,2,2
53048,59,54,5,5
53049,149,154,-5,5
53050,66,72,-6,6
53051,80,71,9,9
53052,61,67,-6,6
53053,40,51,-11,11
53054,80,84,-4,4
53055,54,56,-2,2
53056,90,108,-18,18
53057,107,103,4,4
53058,62,65,-3,3
53059,157,170,-13,13
53060,113,114,-1,1
53061,107,123,-16,16
53062,87,84,3,3
53063,90,97,-7,7
53064,155,147,8,8
53065,37,51,-14,14
53066,66,73,-7,7
53067,92,102,-10,10
53068,74,77,-3,3
53069,38,59,-21,21
53070,83,80,3,3
53071,90,100,-10,10
53072,262,343,-81,81
53073,83,82,1,1
53074,65,67,-2,2
53075,84,83,1,1
53076,50,54,-4,4
53077,95,103,-8,8
53078,80,87,-7,7
53079,135,128,7,7
53080,75,71,4,4
53081,79,78,1,1
53082,179,176,3,3
53083,119,123,-4,4
53084,89,76,13,13
53085,58,62,-4,4
53086,98,105,-7,7
53087,58,62,-4,4
53088,62,58,4,4
53089,65,65,0,0
53090,90,89,1,1
53091,134,128,6,6
53092,61,66,-5,5
53093,142,138,4,4
53094,71,77,-6,6
53095,147,128,19,19
53096,122,121,1,1
53097,151,147,4,4
53098,105,112,-7,7
53099,56,56,0,0
53100,124,134,-10,10
53101,140,152,-12,12
53102,107,107,0,0
53103,103,106,-3,3
53104,98,87,11,11
53105,63,54,9,9
53106,51,59,-8,8
53107,81,85,-4,4
53108,65,74,-9,9
53109,150,151,-1,1
53110,134,142,-8,8
53111,46,62,-16,16
53112,120,108,12,12
53113,80,87,-7,7
53114,93,100,-7,7
53115,176,161,15,15
53116,115,125,-10,10
53117,128,128,0,0
53118,143,132,11,11
53119,55,54,1,1
53120,85,74,11,11
53121,102,97,5,5
53122,54,56,-2,2
53123,151,132,19,19
53124,83,78,5,5
53125,47,50,-3,3
53126,80,82,-2,2
53127,126,127,-1,1
53128,105,113,-8,8
53129,103,109,-6,6
53130,70,80,-10,10
53131,64,62,2,2
53132,116,131,-15,15
53133,124,144,-20,20
53134,89,88,1,1
53135,73,77,-4,4
53136,131,142,-11,11
53137,120,107,13,13
53138,102,100,2,2
53139,88,84,4,4
53140,82,85,-3,3
53141,88,85,3,3
53142,135,121,14,14
53143,119,116,3,3
53144,67,77,-10,10
53145,55,59,-4,4
53146,170,170,0,0
53147,125,127,-2,2
53148,132,118,14,14
53149,146,147,-1,1
53150,83,84,-1,1
53151,85,76,9,9
53152,101,101,0,0
53153,84,90,-6,6
53154,135,139,-4,4
53155,54,54,0,0
53156,74,66,8,8
53157,72,76,-4,4
53158,112,97,15,15
53159,137,136,1,1
53160,82,80,2,2
53161,121,113,8,8
53162,83,86,-3,3
53163,112,123,-11,11
53164,66,59,7,7
53165,90,94,-4,4
53166,111,114,-3,3
53167,70,78,-8,8
53168,98,108,-10,10
53169,101,104,-3,3
53170,108,105,3,3
53171,77,77,0,0
53172,94,104,-10,10
53173,77,86,-9,9
53174,52,66,-14,14
53175,114,119,-5,5
53176,79,85,-6,6
53177,43,53,-10,10
53178,110,105,5,5
53179,51,73,-22,22
53180,81,77,4,4
53181,122,117,5,5
53182,128,131,-3,3
53183,92,111,-19,19
53184,111,110,1,1
53185,106,97,9,9
53186,56,54,2,2
53187,137,127,10,10
53188,75,74,1,1
53189,71,72,-1,1
53190,67,70,-3,3
53191,89,86,3,3
53192,96,101,-5,5
53193,106,108,-2,2
53194,71,69,2,2
53195,128,122,6,6
53196,63,68,-5,5
53197,82,77,5,5
53198,67,69,-2,2
53199,80,91,-11,11
53200,124,123,1,1
53201,117,114,3,3
53202,115,124,-9,9
53203,107,110,-3,3
53204,65,67,-2,2
53205,119,126,-7,7
53206,88,103,-15,15
53207,53,55,-2,2
53208,156,158,-2,2
53209,71,68,3,3
53210,89,92,-3,3
53211,88,78,10,10
53212,113,114,-1,1
53213,43,45,-2,2
53214,106,106,0,0
53215,85,83,2,2
53216,108,134,-26,26
53217,70,62,8,8
53218,163,160,3,3
53219,102,107,-5,5
53220,74,74,0,0
53221,60,66,-6,6
53222,107,101,6,6
53223,59,64,-5,5
53224,90,73,17,17
53225,134,129,5,5
53226,159,157,2,2
53227,99,95,4,4
53228,75,78,-3,3
53229,62,60,2,2
53230,93,90,3,3
53231,101,101,0,0
53232,61,61,0,0
53233,88,77,11,11
53234,99,117,-18,18
53235,45,51,-6,6
53236,65,76,-11,11
53237,120,109,11,11
53238,85,91,-6,6
53239,76,78,-2,2
53240,111,111,0,0
53241,75,90,-15,15
53242,96,95,1,1
53243,134,125,9,9
53244,62,58,4,4
53245,69,65,4,4
53246,95,94,1,1
53247,93,86,7,7
53248,73,76,-3,3
53249,89,80,9,9
53250,59,58,1,1
53251,73,64,9,9
53252,115,115,0,0
53253,86,88,-2,2
53254,141,161,-20,20
53255,109,133,-24,24
53256,112,103,9,9
53257,74,82,-8,8
53258,57,61,-4,4
53259,61,63,-2,2
53260,104,110,-6,6
53261,111,96,15,15
53262,80,79,1,1
53263,107,97,10,10
53264,43,44,-1,1
53265,71,79,-8,8
53266,54,57,-3,3
53267,74,88,-14,14
53268,77,82,-5,5
53269,86,84,2,2
53270,65,69,-4,4
53271,103,97,6,6
53272,67,76,-9,9
53273,77,67,10,10
53274,53,60,-7,7
53275,128,119,9,9
53276,75,82,-7,7
53277,111,142,-31,31
53278,94,91,3,3
53279,93,99,-6,6
53280,131,114,17,17
53281,61,98,-37,37
53282,69,87,-18,18
53283,70,74,-4,4
53284,50,57,-7,7
53285,69,64,5,5
53286,101,91,10,10
53287,86,78,8,8
53288,98,93,5,5
53289,140,103,37,37
53290,88,89,-1,1
53291,51,53,-2,2
53292,72,68,4,4
53293,109,117,-8,8
53294,67,85,-18,18
53295,114,112,2,2
53296,98,95,3,3
53297,98,116,-18,18
53298,107,122,-15,15
53299,133,146,-13,13
53300,161,170,-9,9
53301,161,138,23,23
53302,125,130,-5,5
53303,90,91,-1,1
53304,112,117,-5,5
53305,61,64,-3,3
53306,186,187,-1,1
53307,102,115,-13,13
53308,273,297,-24,24
53309,125,132,-7,7
53310,124,130,-6,6
53311,115,111,4,4
53312,86,86,0,0
53313,67,68,-1,1
53314,90,106,-16,16
53315,146,144,2,2
53316,64,67,-3,3
53317,78,77,1,1
53318,73,75,-2,2
53319,132,128,4,4
53320,78,84,-6,6
53321,108,123,-15,15
53322,72,71,1,1
53323,112,126,-14,14
53324,110,109,1,1
53325,157,152,5,5
53326,87,84,3,3
53327,63,67,-4,4
53328,47,53,-6,6
53329,55,79,-24,24
53330,57,63,-6,6
53331,77,82,-5,5
53332,73,72,1,1
53333,52,56,-4,4
53334,60,77,-17,17
53335,171,197,-26,26
53336,153,149,4,4
53337,128,130,-2,2
53338,101,99,2,2
53339,58,57,1,1
53340,67,73,-6,6
53341,58,71,-13,13
53342,69,71,-2,2
53343,198,180,18,18
53344,85,76,9,9
53345,96,85,11,11
53346,68,94,-26,26
53347,80,82,-2,2
53348,56,74,-18,18
53349,67,71,-4,4
53350,57,62,-5,5
53351,39,55,-16,16
53352,81,86,-5,5
53353,117,121,-4,4
53354,104,113,-9,9
53355,105,120,-15,15
53356,83,86,-3,3
53357,135,125,10,10
53358,76,73,3,3
53359,122,119,3,3
53360,78,89,-11,11
53361,37,37,0,0
53362,134,122,12,12
53363,71,71,0,0
53364,119,120,-1,1
53365,23,57,-34,34
53366,145,145,0,0
53367,99,99,0,0
53368,70,77,-7,7
53369,41,57,-16,16
53370,82,93,-11,11
53371,102,96,6,6
53372,64,66,-2,2
53373,60,65,-5,5
53374,157,156,1,1
53375,144,129,15,15
53376,107,105,2,2
53377,108,115,-7,7
53378,79,89,-10,10
53379,77,87,-10,10
53380,102,99,3,3
53381,62,64,-2,2
53382,87,98,-11,11
53383,156,149,7,7
53384,59,59,0,0
53385,54,61,-7,7
53386,114,118,-4,4
53387,87,100,-13,13
53388,132,133,-1,1
53389,135,142,-7,7
53390,126,118,8,8
53391,105,110,-5,5
53392,95,108,-13,13
53393,101,98,3,3
53394,51,64,-13,13
53395,63,71,-8,8
53396,149,149,0,0
53397,72,60,12,12
53398,147,147,0,0
53399,67,62,5,5
53400,106,121,-15,15
53401,98,110,-12,12
53402,100,95,5,5
53403,93,99,-6,6
53404,69,70,-1,1
53405,116,141,-25,25
53406,88,83,5,5
53407,114,144,-30,30
53408,53,55,-2,2
53409,55,63,-8,8
53410,86,98,-12,12
53411,110,105,5,5
53412,82,82,0,0
53413,87,81,6,6
53414,60,61,-1,1
53415,59,67,-8,8
53416,72,51,21,21
53417,99,95,4,4
53418,111,99,12,12
53419,105,113,-8,8
53420,110,106,4,4
53421,56,58,-2,2
53422,126,142,-16,16
53423,75,75,0,0
53424,56,60,-4,4
53425,119,146,-27,27
53426,98,110,-12,12
53427,171,179,-8,8
53428,169,143,26,26
53429,126,138,-12,12
53430,194,182,12,12
53431,112,110,2,2
53432,73,76,-3,3
53433,106,113,-7,7
53434,101,87,14,14
53435,119,119,0,0
53436,96,82,14,14
53437,58,69,-11,11
53438,89,92,-3,3
53439,78,67,11,11
53440,85,95,-10,10
53441,87,89,-2,2
53442,70,67,3,3
53443,50,65,-15,15
53444,51,49,2,2
53445,91,84,7,7
53446,79,90,-11,11
53447,98,97,1,1
53448,117,136,-19,19
53449,94,106,-12,12
53450,141,135,6,6
53451,133,136,-3,3
53452,48,61,-13,13
53453,121,122,-1,1
53454,90,94,-4,4
53455,50,61,-11,11
53456,69,79,-10,10
53457,90,90,0,0
53458,83,80,3,3
53459,89,108,-19,19
53460,84,83,1,1
53461,72,78,-6,6
53462,65,63,2,2
53463,93,91,2,2
53464,70,70,0,0
53465,68,69,-1,1
53466,128,152,-24,24
53467,102,101,1,1
53468,111,122,-11,11
53469,54,56,-2,2
53470,94,105,-11,11
53471,102,98,4,4
53472,104,100,4,4
53473,90,95,-5,5
53474,96,101,-5,5
53475,119,113,6,6
53476,80,75,5,5
53477,77,77,0,0
53478,228,245,-17,17
53479,134,121,13,13
53480,140,158,-18,18
53481,47,49,-2,2
53482,113,116,-3,3
53483,58,56,2,2
53484,34,41,-7,7
53485,46,61,-15,15
53486,68,60,8,8
53487,68,78,-10,10
53488,43,54,-11,11
53489,74,79,-5,5
53490,88,95,-7,7
53491,130,144,-14,14
53492,112,101,11,11
53493,91,90,1,1
53494,70,70,0,0
53495,137,135,2,2
53496,67,71,-4,4
53497,90,83,7,7
53498,137,129,8,8
53499,83,90,-7,7
53500,105,123,-18,18
53501,78,83,-5,5
53502,93,83,10,10
53503,88,82,6,6
53504,65,58,7,7
53505,105,100,5,5
53506,131,141,-10,10
53507,52,53,-1,1
53508,48,55,-7,7
53509,127,136,-9,9
53510,70,81,-11,11
53511,62,59,3,3
53512,119,123,-4,4
53513,75,76,-1,1
53514,90,84,6,6
53515,60,66,-6,6
53516,133,136,-3,3
53517,86,82,4,4
53518,77,87,-10,10
53519,81,81,0,0
53520,98,104,-6,6
53521,101,105,-4,4
53522,70,74,-4,4
53523,86,77,9,9
53524,111,114,-3,3
53525,99,93,6,6
53526,62,65,-3,3
53527,111,109,2,2
53528,57,61,-4,4
53529,93,93,0,0
53530,77,87,-10,10
53531,122,118,4,4
53532,96,103,-7,7
53533,52,56,-4,4
53534,66,53,13,13
53535,102,101,1,1
53536,79,94,-15,15
53537,83,85,-2,2
53538,90,94,-4,4
53539,117,99,18,18
53540,87,91,-4,4
53541,127,118,9,9
53542,50,61,-11,11
53543,62,68,-6,6
53544,63,85,-22,22
53545,80,77,3,3
53546,111,139,-28,28
53547,53,42,11,11
53548,105,106,-1,1
53549,97,87,10,10
53550,48,57,-9,9
53551,66,64,2,2
53552,113,122,-9,9
53553,142,135,7,7
53554,42,46,-4,4
53555,55,58,-3,3
53556,111,103,8,8
53557,89,86,3,3
53558,76,87,-11,11
53559,126,123,3,3
53560,103,105,-2,2
53561,53,55,-2,2
53562,90,91,-1,1
53563,66,59,7,7
53564,60,68,-8,8
53565,49,57,-8,8
53566,230,205,25,25
53567,64,71,-7,7
53568,104,111,-7,7
53569,82,85,-3,3
53570,157,152,5,5
53571,53,50,3,3
53572,93,94,-1,1
53573,76,68,8,8
53574,61,73,-12,12
53575,100,96,4,4
53576,52,61,-9,9
53577,69,69,0,0
53578,117,119,-2,2
53579,124,124,0,0
53580,100,106,-6,6
53581,149,110,39,39
53582,99,102,-3,3
53583,120,106,14,14
53584,79,87,-8,8
53585,177,178,-1,1
53586,62,66,-4,4
53587,99,94,5,5
53588,157,153,4,4
53589,117,125,-8,8
53590,98,91,7,7
53591,68,66,2,2
53592,85,83,2,2
53593,91,107,-16,16
53594,106,100,6,6
53595,129,122,7,7
53596,134,132,2,2
53597,85,80,5,5
53598,122,131,-9,9
53599,89,89,0,0
53600,46,50,-4,4
53601,91,96,-5,5
53602,136,137,-1,1
53603,52,51,1,1
53604,98,104,-6,6
53605,98,94,4,4
53606,129,131,-2,2
53607,49,48,1,1
53608,75,69,6,6
53609,70,75,-5,5
53610,102,96,6,6
53611,114,108,6,6
53612,31,40,-9,9
53613,120,123,-3,3
53614,108,119,-11,11
53615,84,91,-7,7
53616,61,65,-4,4
53617,150,153,-3,3
53618,52,64,-12,12
53619,44,46,-2,2
53620,71,79,-8,8
53621,62,70,-8,8
53622,74,82,-8,8
53623,100,102,-2,2
53624,83,90,-7,7
53625,82,90,-8,8
53626,149,136,13,13
53627,113,126,-13,13
53628,99,93,6,6
53629,94,96,-2,2
53630,77,84,-7,7
53631,116,127,-11,11
53632,154,149,5,5
53633,84,82,2,2
53634,116,107,9,9
53635,169,165,4,4
53636,126,127,-1,1
53637,31,37,-6,6
53638,84,84,0,0
53639,81,70,11,11
53640,109,106,3,3
53641,96,97,-1,1
53642,78,73,5,5
53643,100,101,-1,1
53644,101,98,3,3
53645,63,78,-15,15
53646,118,117,1,1
53647,119,116,3,3
53648,70,64,6,6
53649,82,75,7,7
53650,57,63,-6,6
53651,89,93,-4,4
53652,124,117,7,7
53653,67,69,-2,2
53654,87,92,-5,5
53655,115,115,0,0
53656,76,73,3,3
53657,63,66,-3,3
53658,105,97,8,8
53659,77,75,2,2
53660,124,128,-4,4
53661,84,82,2,2
53662,52,57,-5,5
53663,55,44,11,11
53664,120,114,6,6
53665,206,189,17,17
53666,67,75,-8,8
53667,93,94,-1,1
53668,67,77,-10,10
53669,71,62,9,9
53670,87,78,9,9
53671,72,68,4,4
53672,108,112,-4,4
53673,116,121,-5,5
53674,62,61,1,1
53675,61,73,-12,12
53676,57,60,-3,3
53677,100,98,2,2
53678,78,64,14,14
53679,93,91,2,2
53680,102,107,-5,5
53681,187,191,-4,4
53682,88,80,8,8
53683,100,102,-2,2
53684,169,175,-6,6
53685,160,182,-22,22
53686,142,143,-1,1
53687,146,152,-6,6
53688,81,87,-6,6
53689,41,44,-3,3
53690,111,98,13,13
53691,124,122,2,2
53692,114,122,-8,8
53693,133,149,-16,16
53694,88,81,7,7
53695,90,86,4,4
53696,76,75,1,1
53697,83,92,-9,9
53698,130,130,0,0
53699,48,57,-9,9
53700,85,100,-15,15
53701,77,79,-2,2
53702,130,142,-12,12
53703,118,107,11,11
53704,106,108,-2,2
53705,67,74,-7,7
53706,111,116,-5,5
53707,94,86,8,8
53708,69,68,1,1
53709,76,83,-7,7
53710,96,92,4,4
53711,84,78,6,6
53712,144,100,44,44
53713,66,80,-14,14
53714,86,91,-5,5
53715,56,61,-5,5
53716,103,116,-13,13
53717,154,144,10,10
53718,80,82,-2,2
53719,89,81,8,8
53720,63,68,-5,5
53721,90,83,7,7
53722,102,96,6,6
53723,132,137,-5,5
53724,103,109,-6,6
53725,138,137,1,1
53726,107,108,-1,1
53727,84,88,-4,4
53728,158,155,3,3
53729,143,143,0,0
53730,83,90,-7,7
53731,101,99,2,2
53732,42,56,-14,14
53733,156,150,6,6
53734,96,101,-5,5
53735,124,137,-13,13
53736,91,92,-1,1
53737,139,131,8,8
53738,80,79,1,1
53739,95,94,1,1
53740,95,92,3,3
53741,83,89,-6,6
53742,88,93,-5,5
53743,120,122,-2,2
53744,79,85,-6,6
53745,114,113,1,1
53746,54,54,0,0
53747,72,85,-13,13
53748,122,113,9,9
53749,125,135,-10,10
53750,100,98,2,2
53751,90,102,-12,12
53752,92,92,0,0
53753,85,85,0,0
53754,115,114,1,1
53755,76,73,3,3
53756,94,109,-15,15
53757,128,127,1,1
53758,49,91,-42,42
53759,134,129,5,5
53760,114,101,13,13
53761,75,73,2,2
53762,71,62,9,9
53763,131,137,-6,6
53764,110,112,-2,2
53765,113,108,5,5
53766,79,88,-9,9
53767,90,96,-6,6
53768,112,99,13,13
53769,92,92,0,0
53770,141,136,5,5
53771,46,50,-4,4
53772,103,107,-4,4
53773,124,128,-4,4
53774,98,95,3,3
53775,106,96,10,10
53776,95,84,11,11
53777,50,56,-6,6
53778,98,100,-2,2
53779,127,131,-4,4
53780,147,148,-1,1
53781,136,134,2,2
53782,68,67,1,1
53783,133,131,2,2
53784,112,115,-3,3
53785,73,72,1,1
53786,104,106,-2,2
53787,118,114,4,4
53788,84,94,-10,10
53789,66,67,-1,1
53790,74,74,0,0
53791,71,61,10,10
53792,122,123,-1,1
53793,88,87,1,1
53794,90,103,-13,13
53795,44,47,-3,3
53796,68,81,-13,13
53797,72,78,-6,6
53798,141,136,5,5
53799,84,112,-28,28
53800,120,121,-1,1
53801,46,46,0,0
53802,59,54,5,5
53803,136,131,5,5
53804,47,47,0,0
53805,57,61,-4,4
53806,64,79,-15,15
53807,114,104,10,10
53808,75,70,5,5
53809,72,75,-3,3
53810,58,53,5,5
53811,70,75,-5,5
53812,146,139,7,7
53813,83,99,-16,16
53814,116,138,-22,22
53815,143,145,-2,2
53816,118,91,27,27
53817,200,171,29,29
53818,116,114,2,2
53819,124,124,0,0
53820,142,142,0,0
53821,184,167,17,17
53822,137,148,-11,11
53823,76,81,-5,5
53824,96,95,1,1
53825,52,54,-2,2
53826,91,86,5,5
53827,55,63,-8,8
53828,95,87,8,8
53829,59,63,-4,4
53830,145,153,-8,8
53831,84,79,5,5
53832,112,117,-5,5
53833,63,71,-8,8
53834,60,62,-2,2
53835,134,131,3,3
53836,88,87,1,1
53837,72,76,-4,4
53838,107,117,-10,10
53839,74,78,-4,4
53840,94,85,9,9
53841,84,79,5,5
53842,55,66,-11,11
53843,30,34,-4,4
53844,31,46,-15,15
53845,77,83,-6,6
53846,74,75,-1,1
53847,99,90,9,9
53848,148,159,-11,11
53849,70,79,-9,9
53850,86,79,7,7
53851,124,145,-21,21
53852,144,143,1,1
53853,77,72,5,5
53854,117,111,6,6
53855,78,75,3,3
53856,53,63,-10,10
53857,105,102,3,3
53858,79,66,13,13
53859,127,122,5,5
53860,94,90,4,4
53861,159,166,-7,7
53862,90,90,0,0
53863,71,84,-13,13
53864,156,150,6,6
53865,140,149,-9,9
53866,57,49,8,8
53867,91,85,6,6
53868,61,61,0,0
53869,91,99,-8,8
53870,54,58,-4,4
53871,78,85,-7,7
53872,133,115,18,18
53873,121,111,10,10
53874,151,151,0,0
53875,119,121,-2,2
53876,76,109,-33,33
53877,98,89,9,9
53878,97,98,-1,1
53879,41,47,-6,6
53880,149,176,-27,27
53881,119,119,0,0
53882,80,85,-5,5
53883,67,66,1,1
53884,70,74,-4,4
53885,120,116,4,4
53886,125,127,-2,2
53887,76,83,-7,7
53888,77,82,-5,5
53889,89,93,-4,4
53890,63,62,1,1
53891,163,161,2,2
53892,51,51,0,0
53893,68,67,1,1
53894,131,139,-8,8
53895,109,109,0,0
53896,61,59,2,2
53897,118,137,-19,19
53898,103,100,3,3
53899,137,106,31,31
53900,93,95,-2,2
53901,116,98,18,18
53902,61,64,-3,3
53903,80,87,-7,7
53904,88,91,-3,3
53905,121,132,-11,11
53906,63,67,-4,4
53907,150,151,-1,1
53908,130,131,-1,1
53909,112,109,3,3
53910,48,55,-7,7
53911,159,157,2,2
53912,75,71,4,4
53913,66,70,-4,4
53914,75,77,-2,2
53915,70,73,-3,3
53916,80,74,6,6
53917,95,93,2,2
53918,57,55,2,2
53919,79,70,9,9
53920,69,64,5,5
53921,60,61,-1,1
53922,115,109,6,6
53923,121,100,21,21
53924,71,64,7,7
53925,88,86,2,2
53926,97,95,2,2
53927,56,62,-6,6
53928,107,98,9,9
53929,35,26,9,9
53930,112,114,-2,2
53931,74,76,-2,2
53932,80,81,-1,1
53933,89,93,-4,4
53934,81,90,-9,9
53935,142,148,-6,6
53936,109,111,-2,2
53937,118,115,3,3
53938,93,92,1,1
53939,127,130,-3,3
53940,84,87,-3,3
53941,135,142,-7,7
53942,128,131,-3,3
53943,88,85,3,3
53944,77,89,-12,12
53945,73,78,-5,5
53946,92,89,3,3
53947,163,174,-11,11
53948,117,116,1,1
53949,186,191,-5,5
53950,118,130,-12,12
53951,79,67,12,12
53952,81,76,5,5
53953,114,132,-18,18
53954,83,82,1,1
53955,89,88,1,1
53956,139,139,0,0
53957,85,86,-1,1
53958,52,59,-7,7
53959,112,105,7,7
53960,79,80,-1,1
53961,90,97,-7,7
53962,102,106,-4,4
53963,86,85,1,1
53964,83,78,5,5
53965,149,144,5,5
53966,50,52,-2,2
53967,73,73,0,0
53968,66,76,-10,10
53969,106,113,-7,7
53970,78,73,5,5
53971,85,87,-2,2
53972,97,109,-12,12
53973,50,49,1,1
53974,126,141,-15,15
53975,83,93,-10,10
53976,98,96,2,2
53977,75,76,-1,1
53978,93,95,-2,2
53979,143,135,8,8
53980,142,128,14,14
53981,55,63,-8,8
53982,68,63,5,5
53983,61,60,1,1
53984,68,73,-5,5
53985,119,102,17,17
53986,85,85,0,0
53987,56,58,-2,2
53988,105,112,-7,7
53989,74,75,-1,1
53990,61,61,0,0
53991,125,117,8,8
53992,49,51,-2,2
53993,117,129,-12,12
53994,109,101,8,8
53995,108,127,-19,19
53996,153,158,-5,5
53997,59,54,5,5
53998,173,158,15,15
53999,90,86,4,4
54000,102,99,3,3
54001,53,54,-1,1
54002,91,97,-6,6
54003,162,136,26,26
54004,129,128,1,1
54005,110,108,2,2
54006,80,72,8,8
54007,94,91,3,3
54008,107,112,-5,5
54009,57,64,-7,7
54010,109,112,-3,3
54011,73,79,-6,6
54012,229,241,-12,12
54013,170,175,-5,5
54014,70,58,12,12
54015,104,112,-8,8
54016,83,79,4,4
54017,101,102,-1,1
54018,86,95,-9,9
54019,108,110,-2,2
54020,96,94,2,2
54021,80,84,-4,4
54022,68,68,0,0
54023,91,91,0,0
54024,112,117,-5,5
54025,122,124,-2,2
54026,132,96,36,36
54027,96,98,-2,2
54028,81,85,-4,4
54029,80,94,-14,14
54030,101,94,7,7
54031,117,116,1,1
54032,100,102,-2,2
54033,83,103,-20,20
54034,93,93,0,0
54035,103,106,-3,3
54036,48,41,7,7
54037,110,106,4,4
54038,128,121,7,7
54039,37,34,3,3
54040,110,124,-14,14
54041,94,93,1,1
54042,127,143,-16,16
54043,70,72,-2,2
54044,112,110,2,2
54045,189,191,-2,2
54046,95,105,-10,10
54047,123,137,-14,14
54048,152,153,-1,1
54049,85,84,1,1
54050,60,66,-6,6
54051,74,68,6,6
54052,89,97,-8,8
54053,97,92,5,5
54054,159,152,7,7
54055,90,98,-8,8
54056,76,82,-6,6
54057,83,91,-8,8
54058,71,78,-7,7
54059,105,95,10,10
54060,102,103,-1,1
54061,161,153,8,8
54062,123,117,6,6
54063,85,86,-1,1
54064,41,48,-7,7
54065,165,159,6,6
54066,60,95,-35,35
54067,123,125,-2,2
54068,59,57,2,2
54069,51,52,-1,1
54070,160,165,-5,5
54071,134,158,-24,24
54072,87,95,-8,8
54073,91,87,4,4
54074,52,58,-6,6
54075,111,105,6,6
54076,139,136,3,3
54077,65,74,-9,9
54078,96,91,5,5
54079,92,89,3,3
54080,77,88,-11,11
54081,106,112,-6,6
54082,194,197,-3,3
54083,127,129,-2,2
54084,121,112,9,9
54085,140,158,-18,18
54086,129,131,-2,2
54087,59,64,-5,5
54088,82,88,-6,6
54089,59,64,-5,5
54090,98,97,1,1
54091,214,202,12,12
54092,107,105,2,2
54093,122,131,-9,9
54094,75,71,4,4
54095,52,46,6,6
54096,129,121,8,8
54097,59,63,-4,4
54098,64,55,9,9
54099,144,139,5,5
54100,99,88,11,11
54101,156,149,7,7
54102,173,173,0,0
54103,82,81,1,1
54104,145,134,11,11
54105,105,104,1,1
54106,102,106,-4,4
54107,69,66,3,3
54108,51,71,-20,20
54109,44,46,-2,2
54110,30,34,-4,4
54111,118,111,7,7
54112,85,77,8,8
54113,70,76,-6,6
54114,61,79,-18,18
54115,69,53,16,16
54116,81,82,-1,1
54117,68,65,3,3
54118,149,146,3,3
54119,47,66,-19,19
54120,53,61,-8,8
54121,143,150,-7,7
54122,91,103,-12,12
54123,93,102,-9,9
54124,45,50,-5,5
54125,122,109,13,13
54126,112,108,4,4
54127,165,138,27,27
54128,57,65,-8,8
54129,101,103,-2,2
54130,54,61,-7,7
54131,55,55,0,0
54132,74,72,2,2
54133,95,96,-1,1
54134,58,97,-39,39
54135,114,129,-15,15
54136,73,90,-17,17
54137,81,78,3,3
54138,63,61,2,2
54139,139,154,-15,15
54140,96,95,1,1
54141,111,119,-8,8
54142,157,153,4,4
54143,167,178,-11,11
54144,166,150,16,16
54145,115,123,-8,8
54146,80,74,6,6
54147,166,153,13,13
54148,89,90,-1,1
54149,69,68,1,1
54150,34,41,-7,7
54151,92,87,5,5
54152,81,99,-18,18
54153,131,141,-10,10
54154,65,71,-6,6
54155,107,114,-7,7
54156,61,68,-7,7
54157,77,85,-8,8
54158,92,103,-11,11
54159,175,184,-9,9
54160,154,161,-7,7
54161,101,106,-5,5
54162,96,93,3,3
54163,82,81,1,1
54164,72,73,-1,1
54165,60,65,-5,5
54166,137,132,5,5
54167,44,52,-8,8
54168,77,72,5,5
54169,111,113,-2,2
54170,41,49,-8,8
54171,119,105,14,14
54172,83,83,0,0
54173,108,104,4,4
54174,128,117,11,11
54175,76,87,-11,11
54176,41,51,-10,10
54177,79,84,-5,5
54178,175,168,7,7
54179,115,105,10,10
54180,87,94,-7,7
54181,136,132,4,4
54182,76,79,-3,3
54183,107,116,-9,9
54184,86,97,-11,11
54185,118,118,0,0
54186,98,96,2,2
54187,73,81,-8,8
54188,176,171,5,5
54189,110,100,10,10
54190,73,65,8,8
54191,73,74,-1,1
54192,109,121,-12,12
54193,96,104,-8,8
54194,128,124,4,4
54195,65,62,3,3
54196,81,87,-6,6
54197,76,75,1,1
54198,81,91,-10,10
54199,55,50,5,5
54200,93,98,-5,5
54201,138,143,-5,5
54202,127,122,5,5
54203,110,86,24,24
54204,97,93,4,4
54205,106,121,-15,15
54206,70,74,-4,4
54207,84,98,-14,14
54208,103,105,-2,2
54209,109,97,12,12
54210,82,81,1,1
54211,82,82,0,0
54212,75,75,0,0
54213,96,99,-3,3
54214,74,76,-2,2
54215,50,53,-3,3
54216,80,76,4,4
54217,129,152,-23,23
54218,127,135,-8,8
54219,101,113,-12,12
54220,94,106,-12,12
54221,80,85,-5,5
54222,51,53,-2,2
54223,98,79,19,19
54224,93,105,-12,12
54225,138,140,-2,2
54226,127,123,4,4
54227,115,114,1,1
54228,57,68,-11,11
54229,62,62,0,0
54230,125,132,-7,7
54231,74,85,-11,11
54232,104,98,6,6
54233,112,123,-11,11
54234,101,97,4,4
54235,81,74,7,7
54236,58,68,-10,10
54237,98,87,11,11
54238,60,59,1,1
54239,60,67,-7,7
54240,119,118,1,1
54241,92,91,1,1
54242,79,91,-12,12
54243,72,75,-3,3
54244,59,59,0,0
54245,53,59,-6,6
54246,133,132,1,1
54247,81,108,-27,27
54248,167,160,7,7
54249,110,107,3,3
54250,62,66,-4,4
54251,77,83,-6,6
54252,81,95,-14,14
54253,108,91,17,17
54254,107,108,-1,1
54255,56,55,1,1
54256,74,74,0,0
54257,55,70,-15,15
54258,41,43,-2,2
54259,95,92,3,3
54260,80,86,-6,6
54261,107,108,-1,1
54262,89,89,0,0
54263,69,71,-2,2
54264,89,92,-3,3
54265,125,120,5,5
54266,139,113,26,26
54267,63,75,-12,12
54268,79,83,-4,4
54269,111,122,-11,11
54270,80,85,-5,5
54271,89,103,-14,14
54272,65,63,2,2
54273,139,137,2,2
54274,105,102,3,3
54275,59,53,6,6
54276,108,99,9,9
54277,71,76,-5,5
54278,57,67,-10,10
54279,65,64,1,1
54280,66,61,5,5
54281,171,173,-2,2
54282,69,89,-20,20
54283,137,127,10,10
54284,62,65,-3,3
54285,92,94,-2,2
54286,87,78,9,9
54287,131,131,0,0
54288,160,166,-6,6
54289,78,88,-10,10
54290,82,96,-14,14
54291,152,180,-28,28
54292,34,37,-3,3
54293,80,93,-13,13
54294,201,198,3,3
54295,89,91,-2,2
54296,88,100,-12,12
54297,137,140,-3,3
54298,58,63,-5,5
54299,87,105,-18,18
54300,106,116,-10,10
54301,67,70,-3,3
54302,57,57,0,0
54303,83,84,-1,1
54304,105,98,7,7
54305,187,155,32,32
54306,92,95,-3,3
54307,43,53,-10,10
54308,130,136,-6,6
54309,103,89,14,14
54310,79,79,0,0
54311,176,177,-1,1
54312,120,107,13,13
54313,75,73,2,2
54314,75,76,-1,1
54315,77,65,12,12
54316,87,83,4,4
54317,49,66,-17,17
54318,164,147,17,17
54319,142,138,4,4
54320,136,137,-1,1
54321,51,54,-3,3
54322,79,87,-8,8
54323,173,179,-6,6
54324,118,133,-15,15
54325,75,71,4,4
54326,87,96,-9,9
54327,66,66,0,0
54328,67,73,-6,6
54329,124,120,4,4
54330,62,71,-9,9
54331,88,93,-5,5
54332,87,85,2,2
54333,125,132,-7,7
54334,107,88,19,19
54335,65,67,-2,2
54336,50,52,-2,2
54337,80,73,7,7
54338,166,165,1,1
54339,142,139,3,3
54340,171,173,-2,2
54341,57,56,1,1
54342,87,86,1,1
54343,106,88,18,18
54344,95,99,-4,4
54345,108,100,8,8
54346,105,94,11,11
54347,112,117,-5,5
54348,101,92,9,9
54349,89,103,-14,14
54350,49,55,-6,6
54351,84,84,0,0
54352,101,108,-7,7
54353,66,64,2,2
54354,83,78,5,5
54355,58,55,3,3
54356,85,89,-4,4
54357,91,93,-2,2
54358,53,74,-21,21
54359,94,101,-7,7
54360,97,83,14,14
54361,76,72,4,4
54362,45,57,-12,12
54363,49,49,0,0
54364,150,153,-3,3
54365,104,113,-9,9
54366,111,119,-8,8
54367,68,65,3,3
54368,93,98,-5,5
54369,100,100,0,0
54370,107,108,-1,1
54371,121,123,-2,2
54372,60,68,-8,8
54373,134,144,-10,10
54374,127,126,1,1
54375,76,78,-2,2
54376,122,111,11,11
54377,71,63,8,8
54378,73,81,-8,8
54379,74,69,5,5
54380,133,130,3,3
54381,78,71,7,7
54382,60,75,-15,15
54383,112,135,-23,23
54384,87,85,2,2
54385,105,98,7,7
54386,62,63,-1,1
54387,76,74,2,2
54388,124,117,7,7
54389,108,123,-15,15
54390,63,58,5,5
54391,192,186,6,6
54392,63,77,-14,14
54393,94,104,-10,10
54394,76,94,-18,18
54395,153,149,4,4
54396,145,144,1,1
54397,118,128,-10,10
54398,144,150,-6,6
54399,80,91,-11,11
54400,81,77,4,4
54401,167,146,21,21
54402,112,94,18,18
54403,87,95,-8,8
54404,114,89,25,25
54405,96,99,-3,3
54406,72,72,0,0
54407,148,152,-4,4
54408,105,107,-2,2
54409,138,154,-16,16
54410,80,82,-2,2
54411,79,83,-4,4
54412,92,95,-3,3
54413,104,110,-6,6
54414,60,75,-15,15
54415,179,165,14,14
54416,86,89,-3,3
54417,32,56,-24,24
54418,134,115,19,19
54419,71,75,-4,4
54420,93,94,-1,1
54421,112,106,6,6
54422,117,123,-6,6
54423,112,107,5,5
54424,83,93,-10,10
54425,111,115,-4,4
54426,143,139,4,4
54427,84,67,17,17
54428,58,66,-8,8
54429,78,83,-5,5
54430,116,107,9,9
54431,120,107,13,13
54432,102,102,0,0
54433,155,103,52,52
54434,106,112,-6,6
54435,79,75,4,4
54436,111,115,-4,4
54437,72,68,4,4
54438,59,62,-3,3
54439,139,148,-9,9
54440,119,110,9,9
54441,100,96,4,4
54442,59,70,-11,11
54443,67,76,-9,9
54444,149,154,-5,5
54445,74,74,0,0
54446,96,97,-1,1
54447,196,212,-16,16
54448,144,145,-1,1
54449,101,86,15,15
54450,80,93,-13,13
54451,76,87,-11,11
54452,96,101,-5,5
54453,112,108,4,4
54454,73,93,-20,20
54455,126,117,9,9
54456,92,89,3,3
54457,125,139,-14,14
54458,64,60,4,4
54459,146,141,5,5
54460,77,98,-21,21
54461,148,145,3,3
54462,126,124,2,2
54463,95,103,-8,8
54464,58,58,0,0
54465,146,140,6,6
54466,148,139,9,9
54467,104,111,-7,7
54468,129,116,13,13
54469,60,51,9,9
54470,83,91,-8,8
54471,67,66,1,1
54472,132,128,4,4
54473,82,97,-15,15
54474,34,65,-31,31
54475,76,71,5,5
54476,116,126,-10,10
54477,119,134,-15,15
54478,96,100,-4,4
54479,138,125,13,13
54480,80,84,-4,4
54481,109,113,-4,4
54482,103,100,3,3
54483,57,64,-7,7
54484,41,51,-10,10
54485,121,122,-1,1
54486,87,83,4,4
54487,125,127,-2,2
54488,82,98,-16,16
54489,36,40,-4,4
54490,63,63,0,0
54491,112,116,-4,4
54492,90,82,8,8
54493,110,126,-16,16
54494,184,174,10,10
54495,97,105,-8,8
54496,64,69,-5,5
54497,115,107,8,8
54498,85,84,1,1
54499,60,62,-2,2
54500,68,80,-12,12
54501,118,122,-4,4
54502,56,68,-12,12
54503,49,75,-26,26
54504,92,102,-10,10
54505,62,68,-6,6
54506,131,115,16,16
54507,125,128,-3,3
54508,146,151,-5,5
54509,78,83,-5,5
54510,69,72,-3,3
54511,76,66,10,10
54512,66,67,-1,1
54513,71,73,-2,2
54514,97,108,-11,11
54515,264,265,-1,1
54516,38,46,-8,8
54517,134,144,-10,10
54518,70,71,-1,1
54519,67,70,-3,3
54520,128,124,4,4
54521,138,115,23,23
54522,101,96,5,5
54523,76,76,0,0
54524,42,50,-8,8
54525,138,123,15,15
54526,126,122,4,4
54527,80,78,2,2
54528,61,58,3,3
54529,105,107,-2,2
54530,113,110,3,3
54531,96,106,-10,10
54532,97,94,3,3
54533,74,85,-11,11
54534,129,131,-2,2
54535,83,75,8,8
54536,87,84,3,3
54537,72,64,8,8
54538,120,116,4,4
54539,95,120,-25,25
54540,62,82,-20,20
54541,54,58,-4,4
54542,80,91,-11,11
54543,109,100,9,9
54544,90,84,6,6
54545,30,61,-31,31
54546,103,101,2,2
54547,91,109,-18,18
54548,92,83,9,9
54549,79,89,-10,10
54550,120,122,-2,2
54551,131,121,10,10
54552,91,90,1,1
54553,64,72,-8,8
54554,106,107,-1,1
54555,81,85,-4,4
54556,86,84,2,2
54557,190,204,-14,14
54558,80,77,3,3
54559,108,117,-9,9
54560,136,139,-3,3
54561,84,86,-2,2
54562,122,126,-4,4
54563,80,74,6,6
54564,80,76,4,4
54565,143,141,2,2
54566,31,50,-19,19
54567,96,95,1,1
54568,74,70,4,4
54569,130,132,-2,2
54570,99,101,-2,2
54571,90,96,-6,6
54572,89,82,7,7
54573,122,114,8,8
54574,116,114,2,2
54575,111,120,-9,9
54576,129,119,10,10
54577,97,101,-4,4
54578,122,105,17,17
54579,94,122,-28,28
54580,78,84,-6,6
54581,101,99,2,2
54582,77,83,-6,6
54583,99,116,-17,17
54584,91,101,-10,10
54585,74,72,2,2
54586,120,124,-4,4
54587,109,92,17,17
54588,54,62,-8,8
54589,105,100,5,5
54590,140,157,-17,17
54591,175,179,-4,4
54592,103,81,22,22
54593,80,90,-10,10
54594,71,76,-5,5
54595,101,98,3,3
54596,91,98,-7,7
54597,75,89,-14,14
54598,51,58,-7,7
54599,59,62,-3,3
54600,108,107,1,1
54601,198,193,5,5
54602,48,58,-10,10
54603,117,125,-8,8
54604,44,65,-21,21
54605,105,112,-7,7
54606,78,81,-3,3
54607,92,103,-11,11
54608,89,91,-2,2
54609,68,64,4,4
54610,50,78,-28,28
54611,83,74,9,9
54612,71,72,-1,1
54613,96,119,-23,23
54614,146,144,2,2
54615,134,115,19,19
54616,73,107,-34,34
54617,84,112,-28,28
54618,86,96,-10,10
54619,152,145,7,7
54620,59,59,0,0
54621,183,164,19,19
54622,50,58,-8,8
54623,83,81,2,2
54624,103,95,8,8
54625,63,63,0,0
54626,58,59,-1,1
54627,79,71,8,8
54628,65,84,-19,19
54629,50,52,-2,2
54630,89,90,-1,1
54631,132,121,11,11
54632,91,102,-11,11
54633,79,83,-4,4
54634,89,83,6,6
54635,117,124,-7,7
54636,89,89,0,0
54637,109,117,-8,8
54638,124,124,0,0
54639,97,96,1,1
54640,131,137,-6,6
54641,86,84,2,2
54642,77,77,0,0
54643,96,98,-2,2
54644,94,95,-1,1
54645,74,77,-3,3
54646,129,129,0,0
54647,104,101,3,3
54648,113,126,-13,13
54649,99,91,8,8
54650,63,57,6,6
54651,95,100,-5,5
54652,68,76,-8,8
54653,194,137,57,57
54654,99,118,-19,19
54655,123,141,-18,18
54656,119,117,2,2
54657,108,101,7,7
54658,66,83,-17,17
54659,60,67,-7,7
54660,58,61,-3,3
54661,183,175,8,8
54662,190,187,3,3
54663,165,152,13,13
54664,80,89,-9,9
54665,166,160,6,6
54666,123,132,-9,9
54667,131,136,-5,5
54668,62,69,-7,7
54669,83,73,10,10
54670,125,117,8,8
54671,103,110,-7,7
54672,101,112,-11,11
54673,95,93,2,2
54674,59,62,-3,3
54675,107,96,11,11
54676,79,72,7,7
54677,87,78,9,9
54678,84,83,1,1
54679,67,65,2,2
54680,75,68,7,7
54681,85,82,3,3
54682,89,83,6,6
54683,105,124,-19,19
54684,71,67,4,4
54685,150,134,16,16
54686,59,64,-5,5
54687,86,85,1,1
54688,85,84,1,1
54689,110,120,-10,10
54690,76,73,3,3
54691,100,100,0,0
54692,109,95,14,14
54693,110,106,4,4
54694,97,114,-17,17
54695,109,115,-6,6
54696,188,189,-1,1
54697,52,57,-5,5
54698,56,59,-3,3
54699,87,87,0,0
54700,72,71,1,1
54701,171,178,-7,7
54702,109,109,0,0
54703,86,93,-7,7
54704,140,145,-5,5
54705,113,113,0,0
54706,89,89,0,0
54707,102,101,1,1
54708,82,88,-6,6
54709,87,81,6,6
54710,85,90,-5,5
54711,150,149,1,1
54712,151,131,20,20
54713,65,75,-10,10
54714,150,154,-4,4
54715,102,100,2,2
54716,88,85,3,3
54717,108,109,-1,1
54718,38,29,9,9
54719,123,127,-4,4
54720,92,79,13,13
54721,120,112,8,8
54722,108,105,3,3
54723,72,69,3,3
54724,62,50,12,12
54725,105,110,-5,5
54726,71,80,-9,9
54727,99,84,15,15
54728,88,87,1,1
54729,79,105,-26,26
54730,86,86,0,0
54731,116,106,10,10
54732,74,81,-7,7
54733,93,95,-2,2
54734,198,161,37,37
54735,96,92,4,4
54736,78,79,-1,1
54737,57,64,-7,7
54738,45,53,-8,8
54739,140,138,2,2
54740,76,73,3,3
54741,88,92,-4,4
54742,127,136,-9,9
54743,50,61,-11,11
54744,101,107,-6,6
54745,71,79,-8,8
54746,141,136,5,5
54747,110,128,-18,18
54748,144,125,19,19
54749,114,126,-12,12
54750,66,63,3,3
54751,90,104,-14,14
54752,83,80,3,3
54753,143,132,11,11
54754,81,76,5,5
54755,41,46,-5,5
54756,165,172,-7,7
54757,92,100,-8,8
54758,43,84,-41,41
54759,84,72,12,12
54760,58,69,-11,11
54761,74,73,1,1
54762,102,80,22,22
54763,62,71,-9,9
54764,115,113,2,2
54765,93,97,-4,4
54766,155,144,11,11
54767,173,196,-23,23
54768,145,145,0,0
54769,75,76,-1,1
54770,116,106,10,10
54771,114,121,-7,7
54772,115,126,-11,11
54773,123,123,0,0
54774,86,101,-15,15
54775,95,93,2,2
54776,59,68,-9,9
54777,123,125,-2,2
54778,111,117,-6,6
54779,109,130,-21,21
54780,92,89,3,3
54781,118,136,-18,18
54782,42,56,-14,14
54783,65,76,-11,11
54784,74,77,-3,3
54785,144,159,-15,15
54786,139,133,6,6
54787,71,75,-4,4
54788,66,64,2,2
54789,81,85,-4,4
54790,103,113,-10,10
54791,65,66,-1,1
54792,137,155,-18,18
54793,86,95,-9,9
54794,64,60,4,4
54795,96,102,-6,6
54796,76,91,-15,15
54797,56,59,-3,3
54798,59,67,-8,8
54799,70,73,-3,3
54800,79,78,1,1
54801,92,85,7,7
54802,64,69,-5,5
54803,141,150,-9,9
54804,111,110,1,1
54805,123,112,11,11
54806,55,58,-3,3
54807,58,60,-2,2
54808,105,96,9,9
54809,124,114,10,10
54810,76,80,-4,4
54811,72,93,-21,21
54812,68,70,-2,2
54813,39,45,-6,6
54814,83,76,7,7
54815,90,87,3,3
54816,84,78,6,6
54817,131,123,8,8
54818,100,94,6,6
54819,68,67,1,1
54820,199,194,5,5
54821,111,110,1,1
54822,63,69,-6,6
54823,112,103,9,9
54824,58,65,-7,7
54825,167,163,4,4
54826,167,160,7,7
54827,204,194,10,10
54828,88,90,-2,2
54829,112,115,-3,3
54830,109,111,-2,2
54831,74,81,-7,7
54832,118,126,-8,8
54833,114,113,1,1
54834,52,59,-7,7
54835,79,73,6,6
54836,63,66,-3,3
54837,34,42,-8,8
54838,75,85,-10,10
54839,66,65,1,1
54840,165,185,-20,20
54841,140,108,32,32
54842,68,69,-1,1
54843,119,111,8,8
54844,109,108,1,1
54845,79,80,-1,1
54846,96,87,9,9
54847,96,92,4,4
54848,58,61,-3,3
54849,99,99,0,0
54850,68,73,-5,5
54851,61,75,-14,14
54852,89,99,-10,10
54853,135,137,-2,2
54854,60,64,-4,4
54855,92,95,-3,3
54856,84,87,-3,3
54857,84,93,-9,9
54858,94,76,18,18
54859,101,119,-18,18
54860,119,120,-1,1
54861,139,154,-15,15
54862,84,85,-1,1
54863,204,163,41,41
54864,97,93,4,4
54865,79,88,-9,9
54866,101,103,-2,2
54867,86,84,2,2
54868,84,79,5,5
54869,67,69,-2,2
54870,98,100,-2,2
54871,79,82,-3,3
54872,90,79,11,11
54873,62,67,-5,5
54874,65,69,-4,4
54875,62,74,-12,12
54876,41,46,-5,5
54877,140,129,11,11
54878,167,164,3,3
54879,129,137,-8,8
54880,170,205,-35,35
54881,76,74,2,2
54882,88,95,-7,7
54883,57,62,-5,5
54884,55,59,-4,4
54885,81,84,-3,3
54886,142,140,2,2
54887,118,111,7,7
54888,66,67,-1,1
54889,61,66,-5,5
54890,97,104,-7,7
54891,88,89,-1,1
54892,101,108,-7,7
54893,64,71,-7,7
54894,116,114,2,2
54895,90,83,7,7
54896,87,95,-8,8
54897,98,89,9,9
54898,111,109,2,2
54899,67,66,1,1
54900,51,56,-5,5
54901,123,131,-8,8
54902,59,63,-4,4
54903,67,66,1,1
54904,48,55,-7,7
54905,52,64,-12,12
54906,180,191,-11,11
54907,61,66,-5,5
54908,162,155,7,7
54909,76,79,-3,3
54910,57,53,4,4
54911,90,93,-3,3
54912,55,67,-12,12
54913,103,116,-13,13
54914,72,81,-9,9
54915,70,65,5,5
54916,154,148,6,6
54917,113,115,-2,2
54918,108,119,-11,11
54919,50,68,-18,18
54920,45,60,-15,15
54921,71,65,6,6
54922,132,130,2,2
54923,164,163,1,1
54924,100,109,-9,9
54925,46,45,1,1
54926,85,80,5,5
54927,88,87,1,1
54928,107,102,5,5
54929,84,79,5,5
54930,48,49,-1,1
54931,98,103,-5,5
54932,154,156,-2,2
54933,115,118,-3,3
54934,69,71,-2,2
54935,47,58,-11,11
54936,79,71,8,8
54937,74,72,2,2
54938,77,90,-13,13
54939,52,54,-2,2
54940,146,140,6,6
54941,74,86,-12,12
54942,122,127,-5,5
54943,83,112,-29,29
54944,134,100,34,34
54945,113,119,-6,6
54946,113,111,2,2
54947,100,118,-18,18
54948,77,79,-2,2
54949,91,85,6,6
54950,112,148,-36,36
54951,109,100,9,9
54952,97,96,1,1
54953,156,159,-3,3
54954,128,122,6,6
54955,88,102,-14,14
54956,68,70,-2,2
54957,69,57,12,12
54958,137,137,0,0
54959,68,77,-9,9
54960,65,70,-5,5
54961,93,90,3,3
54962,58,60,-2,2
54963,55,61,-6,6
54964,121,130,-9,9
54965,133,133,0,0
54966,50,52,-2,2
54967,228,222,6,6
54968,101,95,6,6
54969,51,53,-2,2
54970,89,86,3,3
54971,63,72,-9,9
54972,70,89,-19,19
54973,41,40,1,1
54974,114,109,5,5
54975,65,77,-12,12
54976,83,87,-4,4
54977,61,68,-7,7
54978,68,90,-22,22
54979,107,113,-6,6
54980,70,154,-84,84
54981,122,109,13,13
54982,44,49,-5,5
54983,138,144,-6,6
54984,178,193,-15,15
54985,94,87,7,7
54986,107,97,10,10
54987,63,64,-1,1
54988,84,92,-8,8
54989,124,120,4,4
54990,68,81,-13,13
54991,78,85,-7,7
54992,177,182,-5,5
54993,49,63,-14,14
54994,60,63,-3,3
54995,63,74,-11,11
54996,39,73,-34,34
54997,88,89,-1,1
54998,150,156,-6,6
54999,105,109,-4,4
55000,88,87,1,1
55001,58,75,-17,17
55002,47,56,-9,9
55003,135,123,12,12
55004,101,94,7,7
55005,61,59,2,2
55006,114,107,7,7
55007,75,83,-8,8
55008,88,84,4,4
55009,69,64,5,5
55010,95,87,8,8
55011,120,146,-26,26
55012,148,163,-15,15
55013,80,89,-9,9
55014,54,60,-6,6
55015,85,79,6,6
55016,123,109,14,14
55017,101,106,-5,5
55018,108,115,-7,7
55019,62,69,-7,7
55020,68,83,-15,15
55021,55,63,-8,8
55022,103,109,-6,6
55023,115,109,6,6
55024,94,92,2,2
55025,77,76,1,1
55026,146,121,25,25
55027,62,67,-5,5
55028,57,57,0,0
55029,204,191,13,13
55030,52,65,-13,13
55031,111,137,-26,26
55032,67,68,-1,1
55033,116,115,1,1
55034,168,175,-7,7
55035,47,61,-14,14
55036,75,71,4,4
55037,92,105,-13,13
55038,139,147,-8,8
55039,130,127,3,3
55040,118,117,1,1
55041,72,77,-5,5
55042,90,94,-4,4
55043,104,80,24,24
55044,99,107,-8,8
55045,98,105,-7,7
55046,84,97,-13,13
55047,106,97,9,9
55048,69,62,7,7
55049,72,77,-5,5
55050,86,86,0,0
55051,122,110,12,12
55052,103,90,13,13
55053,113,122,-9,9
55054,70,63,7,7
55055,73,93,-20,20
55056,79,75,4,4
55057,102,95,7,7
55058,79,79,0,0
55059,67,70,-3,3
55060,61,60,1,1
55061,78,83,-5,5
55062,83,76,7,7
55063,91,91,0,0
55064,49,64,-15,15
55065,64,64,0,0
55066,76,81,-5,5
55067,155,159,-4,4
55068,90,92,-2,2
55069,78,114,-36,36
55070,67,76,-9,9
55071,112,115,-3,3
55072,90,92,-2,2
55073,98,95,3,3
55074,93,94,-1,1
55075,103,114,-11,11
55076,64,67,-3,3
55077,94,98,-4,4
55078,58,62,-4,4
55079,76,83,-7,7
55080,153,151,2,2
55081,96,87,9,9
55082,151,154,-3,3
55083,60,75,-15,15
55084,87,82,5,5
55085,30,52,-22,22
55086,83,76,7,7
55087,107,116,-9,9
55088,114,106,8,8
55089,74,70,4,4
55090,99,121,-22,22
55091,120,122,-2,2
55092,89,89,0,0
55093,215,215,0,0
55094,53,58,-5,5
55095,74,77,-3,3
55096,112,107,5,5
55097,76,80,-4,4
55098,69,66,3,3
55099,146,128,18,18
55100,92,91,1,1
55101,72,73,-1,1
55102,184,146,38,38
55103,50,54,-4,4
55104,82,83,-1,1
55105,90,81,9,9
55106,152,142,10,10
55107,41,61,-20,20
55108,149,145,4,4
55109,83,81,2,2
55110,45,57,-12,12
55111,225,219,6,6
55112,169,156,13,13
55113,44,51,-7,7
55114,118,122,-4,4
55115,108,109,-1,1
55116,125,120,5,5
55117,124,125,-1,1
55118,65,83,-18,18
55119,164,158,6,6
55120,138,142,-4,4
55121,87,96,-9,9
55122,51,57,-6,6
55123,98,106,-8,8
55124,64,67,-3,3
55125,63,66,-3,3
55126,101,99,2,2
55127,90,91,-1,1
55128,104,90,14,14
55129,140,139,1,1
55130,121,112,9,9
55131,107,110,-3,3
55132,85,90,-5,5
55133,116,123,-7,7
55134,55,65,-10,10
55135,74,83,-9,9
55136,178,136,42,42
55137,134,97,37,37
55138,62,66,-4,4
55139,113,117,-4,4
55140,75,70,5,5
55141,84,84,0,0
55142,88,77,11,11
55143,68,82,-14,14
55144,46,51,-5,5
55145,150,167,-17,17
55146,99,86,13,13
55147,108,109,-1,1
55148,118,82,36,36
55149,48,58,-10,10
55150,104,93,11,11
55151,73,65,8,8
55152,109,112,-3,3
55153,62,65,-3,3
55154,91,82,9,9
55155,119,122,-3,3
55156,157,160,-3,3
55157,117,115,2,2
55158,60,63,-3,3
55159,90,100,-10,10
55160,102,102,0,0
55161,100,97,3,3
55162,99,98,1,1
55163,108,98,10,10
55164,90,86,4,4
55165,120,115,5,5
55166,97,103,-6,6
55167,78,81,-3,3
55168,105,103,2,2
55169,160,157,3,3
55170,143,142,1,1
55171,112,117,-5,5
55172,152,140,12,12
55173,153,146,7,7
55174,65,68,-3,3
55175,66,69,-3,3
55176,63,62,1,1
55177,55,84,-29,29
55178,75,80,-5,5
55179,91,88,3,3
55180,81,79,2,2
55181,138,130,8,8
55182,120,114,6,6
55183,86,85,1,1
55184,75,76,-1,1
55185,15,48,-33,33
55186,71,76,-5,5
55187,158,154,4,4
55188,102,90,12,12
55189,58,65,-7,7
55190,54,61,-7,7
55191,77,87,-10,10
55192,82,79,3,3
55193,69,68,1,1
55194,92,100,-8,8
55195,132,137,-5,5
55196,109,106,3,3
55197,192,176,16,16
55198,62,61,1,1
55199,41,37,4,4
55200,120,120,0,0
55201,82,79,3,3
55202,116,116,0,0
55203,44,50,-6,6
55204,87,85,2,2
55205,63,74,-11,11
55206,75,81,-6,6
55207,106,94,12,12
55208,198,204,-6,6
55209,87,83,4,4
55210,45,52,-7,7
55211,95,94,1,1
55212,128,130,-2,2
55213,72,69,3,3
55214,80,86,-6,6
55215,144,161,-17,17
55216,83,79,4,4
55217,138,138,0,0
55218,107,97,10,10
55219,42,48,-6,6
55220,105,107,-2,2
55221,129,122,7,7
55222,78,82,-4,4
55223,157,144,13,13
55224,135,129,6,6
55225,38,39,-1,1
55226,174,172,2,2
55227,83,84,-1,1
55228,79,72,7,7
55229,172,180,-8,8
55230,76,63,13,13
55231,106,90,16,16
55232,102,94,8,8
55233,60,64,-4,4
55234,160,153,7,7
55235,58,58,0,0
55236,66,68,-2,2
55237,93,94,-1,1
55238,97,84,13,13
55239,99,105,-6,6
55240,232,247,-15,15
55241,111,92,19,19
55242,57,83,-26,26
55243,92,101,-9,9
55244,70,68,2,2
55245,58,78,-20,20
55246,58,57,1,1
55247,80,88,-8,8
55248,119,107,12,12
55249,111,101,10,10
55250,73,75,-2,2
55251,72,72,0,0
55252,98,100,-2,2
55253,114,122,-8,8
55254,115,87,28,28
55255,180,73,107,107
55256,137,144,-7,7
55257,106,90,16,16
55258,116,119,-3,3
55259,161,160,1,1
55260,53,60,-7,7
55261,160,155,5,5
55262,105,109,-4,4
55263,85,82,3,3
55264,137,138,-1,1
55265,78,80,-2,2
55266,152,158,-6,6
55267,107,93,14,14
55268,61,61,0,0
55269,113,102,11,11
55270,145,144,1,1
55271,125,120,5,5
55272,63,68,-5,5
55273,83,88,-5,5
55274,139,126,13,13
55275,79,74,5,5
55276,136,137,-1,1
55277,77,81,-4,4
55278,101,101,0,0
55279,54,57,-3,3
55280,103,103,0,0
55281,84,76,8,8
55282,62,61,1,1
55283,149,148,1,1
55284,52,53,-1,1
55285,143,145,-2,2
55286,185,183,2,2
55287,121,116,5,5
55288,93,110,-17,17
55289,89,89,0,0
55290,71,64,7,7
55291,96,90,6,6
55292,92,87,5,5
55293,132,128,4,4
55294,110,110,0,0
55295,81,84,-3,3
55296,138,127,11,11
55297,121,133,-12,12
55298,136,132,4,4
55299,108,113,-5,5
55300,102,102,0,0
55301,107,108,-1,1
55302,123,126,-3,3
55303,78,78,0,0
55304,123,135,-12,12
55305,191,176,15,15
55306,83,76,7,7
55307,66,64,2,2
55308,147,146,1,1
55309,75,72,3,3
55310,142,154,-12,12
55311,54,54,0,0
55312,79,90,-11,11
55313,65,57,8,8
55314,69,69,0,0
55315,92,89,3,3
55316,116,91,25,25
55317,138,121,17,17
55318,60,67,-7,7
55319,113,117,-4,4
55320,107,109,-2,2
55321,71,83,-12,12
55322,87,82,5,5
55323,66,68,-2,2
55324,115,121,-6,6
55325,88,94,-6,6
55326,59,68,-9,9
55327,109,102,7,7
55328,101,107,-6,6
55329,99,93,6,6
55330,84,84,0,0
55331,79,74,5,5
55332,144,130,14,14
55333,74,83,-9,9
55334,67,69,-2,2
55335,79,90,-11,11
55336,69,71,-2,2
55337,64,73,-9,9
55338,74,68,6,6
55339,122,150,-28,28
55340,88,94,-6,6
55341,85,102,-17,17
55342,135,155,-20,20
55343,150,142,8,8
55344,120,120,0,0
55345,85,84,1,1
55346,87,95,-8,8
55347,69,76,-7,7
55348,136,124,12,12
55349,139,124,15,15
55350,81,82,-1,1
55351,88,91,-3,3
55352,117,119,-2,2
55353,127,149,-22,22
55354,83,86,-3,3
55355,53,55,-2,2
55356,41,39,2,2
55357,97,98,-1,1
55358,169,173,-4,4
55359,112,111,1,1
55360,38,44,-6,6
55361,84,89,-5,5
55362,67,69,-2,2
55363,92,85,7,7
55364,110,110,0,0
55365,88,103,-15,15
55366,78,71,7,7
55367,84,90,-6,6
55368,69,71,-2,2
55369,99,97,2,2
55370,101,114,-13,13
55371,86,87,-1,1
55372,102,104,-2,2
55373,60,70,-10,10
55374,54,59,-5,5
55375,111,122,-11,11
55376,138,133,5,5
55377,82,80,2,2
55378,96,119,-23,23
55379,62,70,-8,8
55380,161,151,10,10
55381,73,81,-8,8
55382,92,98,-6,6
55383,115,119,-4,4
55384,150,144,6,6
55385,78,79,-1,1
55386,93,95,-2,2
55387,80,80,0,0
55388,88,79,9,9
55389,89,98,-9,9
55390,107,103,4,4
55391,76,72,4,4
55392,115,124,-9,9
55393,96,96,0,0
55394,119,121,-2,2
55395,56,62,-6,6
55396,100,92,8,8
55397,101,97,4,4
55398,89,83,6,6
55399,75,77,-2,2
55400,106,102,4,4
55401,68,72,-4,4
55402,69,64,5,5
55403,83,78,5,5
55404,85,99,-14,14
55405,130,130,0,0
55406,64,65,-1,1
55407,44,55,-11,11
55408,83,78,5,5
55409,54,97,-43,43
55410,130,114,16,16
55411,91,99,-8,8
55412,59,82,-23,23
55413,109,100,9,9
55414,145,132,13,13
55415,65,54,11,11
55416,50,58,-8,8
55417,147,140,7,7
55418,90,90,0,0
55419,143,144,-1,1
55420,97,98,-1,1
55421,111,111,0,0
55422,63,62,1,1
55423,70,79,-9,9
55424,109,97,12,12
55425,108,124,-16,16
55426,149,151,-2,2
55427,98,94,4,4
55428,137,134,3,3
55429,45,47,-2,2
55430,95,93,2,2
55431,59,73,-14,14
55432,71,74,-3,3
55433,117,124,-7,7
55434,73,76,-3,3
55435,80,78,2,2
55436,168,141,27,27
55437,149,154,-5,5
55438,53,58,-5,5
55439,65,78,-13,13
55440,160,153,7,7
55441,83,88,-5,5
55442,88,89,-1,1
55443,98,86,12,12
55444,51,58,-7,7
55445,54,66,-12,12
55446,70,76,-6,6
55447,80,82,-2,2
55448,169,151,18,18
55449,109,111,-2,2
55450,57,61,-4,4
55451,119,118,1,1
55452,238,227,11,11
55453,132,134,-2,2
55454,78,90,-12,12
55455,88,90,-2,2
55456,85,92,-7,7
55457,27,73,-46,46
55458,62,73,-11,11
55459,131,127,4,4
55460,138,134,4,4
55461,43,97,-54,54
55462,58,71,-13,13
55463,76,82,-6,6
55464,72,89,-17,17
55465,121,96,25,25
55466,107,104,3,3
55467,81,84,-3,3
55468,49,68,-19,19
55469,113,111,2,2
55470,71,75,-4,4
55471,44,54,-10,10
55472,81,79,2,2
55473,73,70,3,3
55474,85,94,-9,9
55475,100,97,3,3
55476,126,130,-4,4
55477,96,98,-2,2
55478,67,69,-2,2
55479,114,123,-9,9
55480,97,79,18,18
55481,185,168,17,17
55482,55,58,-3,3
55483,177,182,-5,5
55484,85,91,-6,6
55485,117,119,-2,2
55486,157,152,5,5
55487,129,123,6,6
55488,94,106,-12,12
55489,87,99,-12,12
55490,139,128,11,11
55491,121,125,-4,4
55492,65,65,0,0
55493,58,67,-9,9
55494,98,102,-4,4
55495,37,34,3,3
55496,63,72,-9,9
55497,193,192,1,1
55498,101,109,-8,8
55499,69,85,-16,16
55500,133,135,-2,2
55501,121,114,7,7
55502,91,94,-3,3
55503,85,84,1,1
55504,67,79,-12,12
55505,117,124,-7,7
55506,61,58,3,3
55507,61,63,-2,2
55508,97,112,-15,15
55509,81,87,-6,6
55510,89,94,-5,5
55511,58,64,-6,6
55512,80,78,2,2
55513,96,90,6,6
55514,87,91,-4,4
55515,69,72,-3,3
55516,116,131,-15,15
55517,138,154,-16,16
55518,65,78,-13,13
55519,90,84,6,6
55520,87,93,-6,6
55521,102,96,6,6
55522,79,92,-13,13
55523,146,151,-5,5
55524,130,125,5,5
55525,127,121,6,6
55526,96,91,5,5
55527,80,78,2,2
55528,132,117,15,15
55529,115,104,11,11
55530,81,93,-12,12
55531,86,90,-4,4
55532,105,98,7,7
55533,130,145,-15,15
55534,84,76,8,8
55535,52,101,-49,49
55536,72,67,5,5
55537,82,77,5,5
55538,115,103,12,12
55539,100,97,3,3
55540,102,105,-3,3
55541,107,115,-8,8
55542,116,112,4,4
55543,61,64,-3,3
55544,95,98,-3,3
55545,78,72,6,6
55546,78,85,-7,7
55547,79,66,13,13
55548,82,85,-3,3
55549,71,83,-12,12
55550,128,117,11,11
55551,89,95,-6,6
55552,115,138,-23,23
55553,83,73,10,10
55554,80,76,4,4
55555,79,107,-28,28
55556,69,87,-18,18
55557,123,117,6,6
55558,67,73,-6,6
55559,135,136,-1,1
55560,134,162,-28,28
55561,133,138,-5,5
55562,52,63,-11,11
55563,175,176,-1,1
55564,95,85,10,10
55565,122,124,-2,2
55566,74,69,5,5
55567,73,80,-7,7
55568,53,61,-8,8
55569,69,72,-3,3
55570,103,117,-14,14
55571,45,55,-10,10
55572,107,96,11,11
55573,49,58,-9,9
55574,132,124,8,8
55575,89,81,8,8
55576,62,62,0,0
55577,109,112,-3,3
55578,81,86,-5,5
55579,72,78,-6,6
55580,52,50,2,2
55581,74,83,-9,9
55582,36,49,-13,13
55583,68,70,-2,2
55584,73,78,-5,5
55585,89,90,-1,1
55586,63,66,-3,3
55587,69,75,-6,6
55588,103,112,-9,9
55589,53,57,-4,4
55590,103,108,-5,5
55591,108,106,2,2
55592,109,161,-52,52
55593,187,198,-11,11
55594,69,70,-1,1
55595,124,118,6,6
55596,117,120,-3,3
55597,94,100,-6,6
55598,44,50,-6,6
55599,120,115,5,5
55600,140,148,-8,8
55601,131,124,7,7
55602,100,107,-7,7
55603,147,154,-7,7
55604,55,53,2,2
55605,126,140,-14,14
55606,84,88,-4,4
55607,81,83,-2,2
55608,110,86,24,24
55609,68,74,-6,6
55610,90,99,-9,9
55611,79,77,2,2
55612,108,116,-8,8
55613,69,73,-4,4
55614,67,68,-1,1
55615,151,165,-14,14
55616,121,117,4,4
55617,67,80,-13,13
55618,100,90,10,10
55619,105,110,-5,5
55620,105,121,-16,16
55621,92,99,-7,7
55622,107,109,-2,2
55623,163,162,1,1
55624,110,112,-2,2
55625,115,114,1,1
55626,93,86,7,7
55627,143,136,7,7
55628,105,87,18,18
55629,102,98,4,4
55630,54,48,6,6
55631,117,120,-3,3
55632,94,90,4,4
55633,121,103,18,18
55634,51,49,2,2
55635,93,102,-9,9
55636,136,140,-4,4
55637,75,69,6,6
55638,83,72,11,11
55639,90,84,6,6
55640,110,120,-10,10
55641,69,67,2,2
55642,110,114,-4,4
55643,78,86,-8,8
55644,85,83,2,2
55645,89,91,-2,2
55646,86,105,-19,19
55647,106,108,-2,2
55648,102,101,1,1
55649,52,45,7,7
55650,207,220,-13,13
55651,93,89,4,4
55652,113,118,-5,5
55653,97,103,-6,6
55654,80,92,-12,12
55655,118,136,-18,18
55656,90,106,-16,16
55657,88,98,-10,10
55658,96,100,-4,4
55659,103,116,-13,13
55660,65,70,-5,5
55661,48,59,-11,11
55662,85,74,11,11
55663,104,101,3,3
55664,54,42,12,12
55665,89,80,9,9
55666,132,135,-3,3
55667,83,90,-7,7
55668,80,87,-7,7
55669,76,77,-1,1
55670,67,62,5,5
55671,89,86,3,3
55672,149,151,-2,2
55673,106,122,-16,16
55674,149,151,-2,2
55675,52,53,-1,1
55676,58,62,-4,4
55677,70,79,-9,9
55678,78,77,1,1
55679,212,200,12,12
55680,105,84,21,21
55681,101,95,6,6
55682,107,99,8,8
55683,145,155,-10,10
55684,77,76,1,1
55685,108,97,11,11
55686,97,98,-1,1
55687,90,78,12,12
55688,104,114,-10,10
55689,99,99,0,0
55690,94,92,2,2
55691,105,113,-8,8
55692,69,74,-5,5
55693,81,88,-7,7
55694,88,86,2,2
55695,112,125,-13,13
55696,93,99,-6,6
55697,130,132,-2,2
55698,145,132,13,13
55699,130,125,5,5
55700,62,77,-15,15
55701,99,105,-6,6
55702,67,64,3,3
55703,129,129,0,0
55704,72,76,-4,4
55705,96,90,6,6
55706,76,78,-2,2
55707,102,98,4,4
55708,81,82,-1,1
55709,157,164,-7,7
55710,100,96,4,4
55711,122,122,0,0
55712,65,67,-2,2
55713,82,75,7,7
55714,95,89,6,6
55715,133,144,-11,11
55716,108,108,0,0
55717,81,88,-7,7
55718,91,95,-4,4
55719,134,130,4,4
55720,146,143,3,3
55721,93,100,-7,7
55722,53,57,-4,4
55723,108,102,6,6
55724,93,89,4,4
55725,99,92,7,7
55726,158,144,14,14
55727,66,68,-2,2
55728,66,69,-3,3
55729,83,91,-8,8
55730,103,94,9,9
55731,54,64,-10,10
55732,144,144,0,0
55733,88,94,-6,6
55734,105,96,9,9
55735,115,110,5,5
55736,125,126,-1,1
55737,67,79,-12,12
55738,193,186,7,7
55739,127,108,19,19
55740,29,53,-24,24
55741,86,86,0,0
55742,121,118,3,3
55743,94,89,5,5
55744,125,121,4,4
55745,174,183,-9,9
55746,163,158,5,5
55747,128,114,14,14
55748,155,154,1,1
55749,123,132,-9,9
55750,100,101,-1,1
55751,80,87,-7,7
55752,121,121,0,0
55753,31,39,-8,8
55754,96,91,5,5
55755,80,79,1,1
55756,83,80,3,3
55757,82,82,0,0
55758,97,104,-7,7
55759,72,73,-1,1
55760,69,74,-5,5
55761,86,87,-1,1
55762,73,89,-16,16
55763,100,108,-8,8
55764,66,71,-5,5
55765,83,76,7,7
55766,92,104,-12,12
55767,68,64,4,4
55768,118,123,-5,5
55769,97,104,-7,7
55770,62,67,-5,5
55771,78,74,4,4
55772,48,55,-7,7
55773,98,98,0,0
55774,71,75,-4,4
55775,62,67,-5,5
55776,45,43,2,2
55777,122,127,-5,5
55778,91,89,2,2
55779,71,144,-73,73
55780,68,64,4,4
55781,118,126,-8,8
55782,79,79,0,0
55783,120,130,-10,10
55784,134,155,-21,21
55785,72,82,-10,10
55786,92,88,4,4
55787,49,87,-38,38
55788,100,101,-1,1
55789,90,87,3,3
55790,71,77,-6,6
55791,83,86,-3,3
55792,71,72,-1,1
55793,90,98,-8,8
55794,168,180,-12,12
55795,68,81,-13,13
55796,50,61,-11,11
55797,59,60,-1,1
55798,52,52,0,0
55799,104,110,-6,6
55800,95,101,-6,6
55801,57,66,-9,9
55802,211,220,-9,9
55803,58,61,-3,3
55804,125,121,4,4
55805,99,95,4,4
55806,88,100,-12,12
55807,182,144,38,38
55808,99,103,-4,4
55809,66,63,3,3
55810,169,159,10,10
55811,105,98,7,7
55812,92,96,-4,4
55813,110,102,8,8
55814,111,106,5,5
55815,95,90,5,5
55816,74,71,3,3
55817,135,119,16,16
55818,51,104,-53,53
55819,78,81,-3,3
55820,118,106,12,12
55821,118,119,-1,1
55822,104,107,-3,3
55823,37,47,-10,10
55824,96,97,-1,1
55825,93,89,4,4
55826,60,80,-20,20
55827,102,100,2,2
55828,112,122,-10,10
55829,73,78,-5,5
55830,142,137,5,5
55831,67,64,3,3
55832,69,67,2,2
55833,103,170,-67,67
55834,42,81,-39,39
55835,99,88,11,11
55836,181,173,8,8
55837,94,96,-2,2
55838,83,87,-4,4
55839,98,84,14,14
55840,151,142,9,9
55841,149,139,10,10
55842,92,100,-8,8
55843,129,129,0,0
55844,79,79,0,0
55845,119,126,-7,7
55846,159,160,-1,1
55847,63,75,-12,12
55848,74,75,-1,1
55849,141,153,-12,12
55850,133,131,2,2
55851,106,105,1,1
55852,180,174,6,6
55853,152,137,15,15
55854,85,84,1,1
55855,118,114,4,4
55856,127,131,-4,4
55857,143,156,-13,13
55858,80,96,-16,16
55859,123,122,1,1
55860,131,126,5,5
55861,53,54,-1,1
55862,83,79,4,4
55863,97,92,5,5
55864,120,115,5,5
55865,71,70,1,1
55866,127,115,12,12
55867,68,70,-2,2
55868,79,89,-10,10
55869,104,123,-19,19
55870,139,157,-18,18
55871,143,162,-19,19
55872,102,120,-18,18
55873,75,82,-7,7
55874,105,103,2,2
55875,71,67,4,4
55876,52,64,-12,12
55877,73,67,6,6
55878,95,88,7,7
55879,84,77,7,7
55880,77,79,-2,2
55881,63,74,-11,11
55882,80,95,-15,15
55883,111,107,4,4
55884,146,138,8,8
55885,136,149,-13,13
55886,58,57,1,1
55887,77,71,6,6
55888,74,106,-32,32
55889,157,157,0,0
55890,113,110,3,3
55891,88,82,6,6
55892,98,106,-8,8
55893,70,73,-3,3
55894,70,79,-9,9
55895,95,98,-3,3
55896,113,99,14,14
55897,65,69,-4,4
55898,82,77,5,5
55899,89,95,-6,6
55900,90,83,7,7
55901,75,92,-17,17
55902,73,62,11,11
55903,45,55,-10,10
55904,75,89,-14,14
55905,89,88,1,1
55906,127,115,12,12
55907,189,201,-12,12
55908,132,131,1,1
55909,95,93,2,2
55910,113,112,1,1
55911,81,89,-8,8
55912,121,130,-9,9
55913,73,79,-6,6
55914,107,114,-7,7
55915,72,69,3,3
55916,110,123,-13,13
55917,69,74,-5,5
55918,149,148,1,1
55919,63,67,-4,4
55920,115,115,0,0
55921,105,102,3,3
55922,88,92,-4,4
55923,65,68,-3,3
55924,87,90,-3,3
55925,94,102,-8,8
55926,125,127,-2,2
55927,93,85,8,8
55928,112,112,0,0
55929,103,95,8,8
55930,117,116,1,1
55931,95,94,1,1
55932,76,67,9,9
55933,94,109,-15,15
55934,50,53,-3,3
55935,115,120,-5,5
55936,105,85,20,20
55937,108,105,3,3
55938,141,145,-4,4
55939,102,85,17,17
55940,58,70,-12,12
55941,108,108,0,0
55942,89,78,11,11
55943,71,75,-4,4
55944,59,61,-2,2
55945,89,86,3,3
55946,57,56,1,1
55947,106,101,5,5
55948,161,149,12,12
55949,92,91,1,1
55950,66,67,-1,1
55951,82,85,-3,3
55952,84,74,10,10
55953,115,104,11,11
55954,110,111,-1,1
55955,135,134,1,1
55956,93,93,0,0
55957,134,159,-25,25
55958,105,99,6,6
55959,79,75,4,4
55960,25,42,-17,17
55961,124,138,-14,14
55962,29,61,-32,32
55963,96,90,6,6
55964,125,126,-1,1
55965,52,48,4,4
55966,101,107,-6,6
55967,70,71,-1,1
55968,98,93,5,5
55969,77,72,5,5
55970,167,159,8,8
55971,82,82,0,0
55972,91,86,5,5
55973,70,65,5,5
55974,74,81,-7,7
55975,121,124,-3,3
55976,46,73,-27,27
55977,76,88,-12,12
55978,111,113,-2,2
55979,58,59,-1,1
55980,65,61,4,4
55981,53,53,0,0
55982,109,121,-12,12
55983,80,84,-4,4
55984,88,87,1,1
55985,110,109,1,1
55986,98,99,-1,1
55987,97,91,6,6
55988,128,120,8,8
55989,144,140,4,4
55990,82,91,-9,9
55991,131,124,7,7
55992,100,98,2,2
55993,95,95,0,0
55994,108,104,4,4
55995,82,89,-7,7
55996,73,63,10,10
55997,94,95,-1,1
55998,99,109,-10,10
55999,88,85,3,3
56000,157,164,-7,7
56001,75,78,-3,3
56002,95,108,-13,13
56003,82,83,-1,1
56004,160,176,-16,16
56005,146,144,2,2
56006,166,183,-17,17
56007,76,78,-2,2
56008,139,139,0,0
56009,110,110,0,0
56010,118,127,-9,9
56011,122,110,12,12
56012,50,58,-8,8
56013,59,62,-3,3
56014,112,110,2,2
56015,108,125,-17,17
56016,42,47,-5,5
56017,112,119,-7,7
56018,126,120,6,6
56019,88,95,-7,7
56020,121,105,16,16
56021,83,79,4,4
56022,95,101,-6,6
56023,98,101,-3,3
56024,104,110,-6,6
56025,66,65,1,1
56026,129,138,-9,9
56027,85,75,10,10
56028,101,103,-2,2
56029,68,60,8,8
56030,86,89,-3,3
56031,79,76,3,3
56032,91,94,-3,3
56033,113,124,-11,11
56034,149,149,0,0
56035,76,76,0,0
56036,107,111,-4,4
56037,110,115,-5,5
56038,75,82,-7,7
56039,100,109,-9,9
56040,110,120,-10,10
56041,115,121,-6,6
56042,128,130,-2,2
56043,177,165,12,12
56044,105,102,3,3
56045,79,148,-69,69
56046,126,131,-5,5
56047,135,153,-18,18
56048,66,57,9,9
56049,148,149,-1,1
56050,128,131,-3,3
56051,106,93,13,13
56052,99,85,14,14
56053,73,63,10,10
56054,64,69,-5,5
56055,98,121,-23,23
56056,111,109,2,2
56057,124,137,-13,13
56058,117,113,4,4
56059,94,95,-1,1
56060,86,78,8,8
56061,80,76,4,4
56062,105,111,-6,6
56063,77,89,-12,12
56064,101,109,-8,8
56065,118,114,4,4
56066,130,110,20,20
56067,97,97,0,0
56068,77,78,-1,1
56069,76,84,-8,8
56070,122,128,-6,6
56071,116,142,-26,26
56072,67,80,-13,13
56073,109,103,6,6
56074,62,63,-1,1
56075,95,88,7,7
56076,130,128,2,2
56077,49,54,-5,5
56078,64,66,-2,2
56079,84,87,-3,3
56080,147,126,21,21
56081,121,112,9,9
56082,158,172,-14,14
56083,105,97,8,8
56084,99,103,-4,4
56085,108,118,-10,10
56086,159,166,-7,7
56087,87,85,2,2
56088,128,142,-14,14
56089,58,75,-17,17
56090,110,113,-3,3
56091,187,183,4,4
56092,87,93,-6,6
56093,143,154,-11,11
56094,84,77,7,7
56095,132,130,2,2
56096,74,70,4,4
56097,109,105,4,4
56098,86,111,-25,25
56099,111,103,8,8
56100,49,53,-4,4
56101,73,81,-8,8
56102,125,141,-16,16
56103,75,76,-1,1
56104,78,83,-5,5
56105,99,96,3,3
56106,103,116,-13,13
56107,106,101,5,5
56108,57,68,-11,11
56109,139,139,0,0
56110,90,82,8,8
56111,67,61,6,6
56112,60,65,-5,5
56113,46,47,-1,1
56114,56,80,-24,24
56115,135,134,1,1
56116,52,48,4,4
56117,102,101,1,1
56118,79,82,-3,3
56119,75,81,-6,6
56120,118,118,0,0
56121,107,111,-4,4
56122,24,53,-29,29
56123,102,99,3,3
56124,78,81,-3,3
56125,94,93,1,1
56126,109,93,16,16
56127,139,139,0,0
56128,105,112,-7,7
56129,155,151,4,4
56130,53,54,-1,1
56131,82,92,-10,10
56132,159,175,-16,16
56133,105,100,5,5
56134,102,104,-2,2
56135,78,83,-5,5
56136,67,67,0,0
56137,149,157,-8,8
56138,84,92,-8,8
56139,87,95,-8,8
56140,132,141,-9,9
56141,83,81,2,2
56142,75,58,17,17
56143,99,97,2,2
56144,77,89,-12,12
56145,97,89,8,8
56146,132,110,22,22
56147,105,105,0,0
56148,105,94,11,11
56149,59,53,6,6
56150,69,65,4,4
56151,120,116,4,4
56152,59,62,-3,3
56153,105,98,7,7
56154,81,84,-3,3
56155,156,167,-11,11
56156,62,79,-17,17
56157,63,68,-5,5
56158,156,145,11,11
56159,48,146,-98,98
56160,81,84,-3,3
56161,78,82,-4,4
56162,72,74,-2,2
56163,110,110,0,0
56164,76,84,-8,8
56165,82,84,-2,2
56166,76,83,-7,7
56167,106,111,-5,5
56168,109,122,-13,13
56169,96,97,-1,1
56170,129,134,-5,5
56171,71,67,4,4
56172,124,138,-14,14
56173,107,116,-9,9
56174,97,99,-2,2
56175,113,107,6,6
56176,152,146,6,6
56177,91,106,-15,15
56178,78,79,-1,1
56179,158,150,8,8
56180,117,118,-1,1
56181,97,102,-5,5
56182,83,78,5,5
56183,132,135,-3,3
56184,79,80,-1,1
56185,101,109,-8,8
56186,135,135,0,0
56187,96,74,22,22
56188,82,74,8,8
56189,70,80,-10,10
56190,110,109,1,1
56191,141,133,8,8
56192,61,60,1,1
56193,97,91,6,6
56194,119,82,37,37
56195,67,74,-7,7
56196,92,111,-19,19
56197,84,73,11,11
56198,65,68,-3,3
56199,84,95,-11,11
56200,124,117,7,7
56201,135,131,4,4
56202,146,132,14,14
56203,109,111,-2,2
56204,145,155,-10,10
56205,89,84,5,5
56206,136,138,-2,2
56207,85,85,0,0
56208,55,63,-8,8
56209,92,103,-11,11
56210,61,64,-3,3
56211,132,130,2,2
56212,65,68,-3,3
56213,112,120,-8,8
56214,107,102,5,5
56215,48,55,-7,7
56216,55,57,-2,2
56217,109,108,1,1
56218,136,132,4,4
56219,94,100,-6,6
56220,45,56,-11,11
56221,139,133,6,6
56222,72,84,-12,12
56223,156,144,12,12
56224,58,63,-5,5
56225,96,87,9,9
56226,83,82,1,1
56227,94,91,3,3
56228,29,50,-21,21
56229,124,123,1,1
56230,71,79,-8,8
56231,146,135,11,11
56232,97,85,12,12
56233,104,110,-6,6
56234,32,34,-2,2
56235,140,132,8,8
56236,57,55,2,2
56237,112,113,-1,1
56238,70,78,-8,8
56239,92,84,8,8
56240,57,57,0,0
56241,107,116,-9,9
56242,76,80,-4,4
56243,81,88,-7,7
56244,115,128,-13,13
56245,22,69,-47,47
56246,96,103,-7,7
56247,84,94,-10,10
56248,103,103,0,0
56249,126,112,14,14
56250,76,80,-4,4
56251,159,149,10,10
56252,74,65,9,9
56253,87,88,-1,1
56254,46,55,-9,9
56255,33,53,-20,20
56256,76,65,11,11
56257,98,97,1,1
56258,73,65,8,8
56259,105,94,11,11
56260,51,59,-8,8
56261,94,91,3,3
56262,54,60,-6,6
56263,86,99,-13,13
56264,60,70,-10,10
56265,144,145,-1,1
56266,74,63,11,11
56267,90,97,-7,7
56268,100,108,-8,8
56269,107,120,-13,13
56270,129,100,29,29
56271,133,130,3,3
56272,70,69,1,1
56273,101,93,8,8
56274,60,66,-6,6
56275,200,187,13,13
56276,64,71,-7,7
56277,143,144,-1,1
56278,90,93,-3,3
56279,72,70,2,2
56280,85,90,-5,5
56281,136,139,-3,3
56282,94,105,-11,11
56283,135,125,10,10
56284,102,100,2,2
56285,71,87,-16,16
56286,74,82,-8,8
56287,122,133,-11,11
56288,86,89,-3,3
56289,40,47,-7,7
56290,109,117,-8,8
56291,113,119,-6,6
56292,110,107,3,3
56293,68,61,7,7
56294,130,129,1,1
56295,89,94,-5,5
56296,106,107,-1,1
56297,98,94,4,4
56298,71,57,14,14
56299,128,125,3,3
56300,158,145,13,13
56301,82,78,4,4
56302,42,48,-6,6
56303,67,67,0,0
56304,107,115,-8,8
56305,77,78,-1,1
56306,113,120,-7,7
56307,73,71,2,2
56308,189,199,-10,10
56309,101,106,-5,5
56310,117,126,-9,9
56311,113,120,-7,7
56312,81,75,6,6
56313,113,111,2,2
56314,108,113,-5,5
56315,133,140,-7,7
56316,117,121,-4,4
56317,119,121,-2,2
56318,72,68,4,4
56319,72,83,-11,11
56320,105,118,-13,13
56321,70,72,-2,2
56322,66,64,2,2
56323,152,141,11,11
56324,89,87,2,2
56325,20,34,-14,14
56326,72,75,-3,3
56327,89,81,8,8
56328,83,89,-6,6
56329,121,134,-13,13
56330,119,111,8,8
56331,101,103,-2,2
56332,84,85,-1,1
56333,78,84,-6,6
56334,166,154,12,12
56335,117,123,-6,6
56336,141,153,-12,12
56337,123,115,8,8
56338,162,159,3,3
56339,50,44,6,6
56340,60,58,2,2
56341,86,90,-4,4
56342,70,68,2,2
56343,129,133,-4,4
56344,65,69,-4,4
56345,75,80,-5,5
56346,91,76,15,15
56347,55,61,-6,6
56348,82,83,-1,1
56349,102,107,-5,5
56350,74,74,0,0
56351,84,81,3,3
56352,128,126,2,2
56353,91,87,4,4
56354,120,122,-2,2
56355,85,95,-10,10
56356,108,122,-14,14
56357,72,76,-4,4
56358,90,81,9,9
56359,85,91,-6,6
56360,112,116,-4,4
56361,148,137,11,11
56362,105,118,-13,13
56363,44,83,-39,39
56364,42,56,-14,14
56365,103,99,4,4
56366,93,81,12,12
56367,63,63,0,0
56368,169,189,-20,20
56369,65,65,0,0
56370,74,72,2,2
56371,99,97,2,2
56372,129,136,-7,7
56373,93,97,-4,4
56374,139,136,3,3
56375,64,99,-35,35
56376,93,91,2,2
56377,53,67,-14,14
56378,110,108,2,2
56379,97,97,0,0
56380,170,162,8,8
56381,56,65,-9,9
56382,172,184,-12,12
56383,71,69,2,2
56384,161,149,12,12
56385,130,148,-18,18
56386,101,93,8,8
56387,107,113,-6,6
56388,101,99,2,2
56389,64,68,-4,4
56390,75,78,-3,3
56391,128,139,-11,11
56392,80,82,-2,2
56393,129,131,-2,2
56394,54,56,-2,2
56395,71,80,-9,9
56396,55,49,6,6
56397,91,98,-7,7
56398,119,87,32,32
56399,94,93,1,1
56400,158,158,0,0
56401,60,71,-11,11
56402,158,164,-6,6
56403,56,55,1,1
56404,121,125,-4,4
56405,79,73,6,6
56406,120,121,-1,1
56407,64,69,-5,5
56408,62,85,-23,23
56409,80,76,4,4
56410,135,131,4,4
56411,102,126,-24,24
56412,115,106,9,9
56413,142,156,-14,14
56414,115,132,-17,17
56415,119,130,-11,11
56416,138,135,3,3
56417,97,87,10,10
56418,80,78,2,2
56419,97,105,-8,8
56420,111,114,-3,3
56421,91,100,-9,9
56422,95,101,-6,6
56423,91,94,-3,3
56424,101,98,3,3
56425,130,135,-5,5
56426,89,92,-3,3
56427,86,95,-9,9
56428,178,167,11,11
56429,168,177,-9,9
56430,63,82,-19,19
56431,69,64,5,5
56432,186,185,1,1
56433,143,146,-3,3
56434,76,68,8,8
56435,87,90,-3,3
56436,46,49,-3,3
56437,81,83,-2,2
56438,43,52,-9,9
56439,125,116,9,9
56440,190,201,-11,11
56441,112,104,8,8
56442,161,169,-8,8
56443,119,115,4,4
56444,98,97,1,1
56445,122,118,4,4
56446,94,93,1,1
56447,68,74,-6,6
56448,103,91,12,12
56449,126,97,29,29
56450,75,68,7,7
56451,123,117,6,6
56452,81,80,1,1
56453,144,161,-17,17
56454,53,57,-4,4
56455,164,144,20,20
56456,60,65,-5,5
56457,117,113,4,4
56458,121,131,-10,10
56459,90,96,-6,6
56460,86,92,-6,6
56461,63,73,-10,10
56462,147,143,4,4
56463,103,98,5,5
56464,68,71,-3,3
56465,91,84,7,7
56466,81,72,9,9
56467,71,70,1,1
56468,63,66,-3,3
56469,123,130,-7,7
56470,105,104,1,1
56471,81,83,-2,2
56472,112,117,-5,5
56473,78,79,-1,1
56474,85,85,0,0
56475,118,125,-7,7
56476,65,59,6,6
56477,127,138,-11,11
56478,83,83,0,0
56479,91,89,2,2
56480,62,68,-6,6
56481,75,83,-8,8
56482,88,96,-8,8
56483,163,167,-4,4
56484,48,57,-9,9
56485,93,116,-23,23
56486,85,85,0,0
56487,142,144,-2,2
56488,93,105,-12,12
56489,73,73,0,0
56490,65,67,-2,2
56491,83,83,0,0
56492,77,79,-2,2
56493,113,117,-4,4
56494,121,119,2,2
56495,71,73,-2,2
56496,64,73,-9,9
56497,70,78,-8,8
56498,155,136,19,19
56499,59,57,2,2
56500,80,76,4,4
56501,80,84,-4,4
56502,59,62,-3,3
56503,83,79,4,4
56504,68,66,2,2
56505,77,89,-12,12
56506,121,124,-3,3
56507,63,71,-8,8
56508,82,83,-1,1
56509,145,152,-7,7
56510,63,73,-10,10
56511,124,131,-7,7
56512,83,91,-8,8
56513,175,185,-10,10
56514,185,187,-2,2
56515,65,66,-1,1
56516,61,66,-5,5
56517,76,77,-1,1
56518,75,79,-4,4
56519,74,100,-26,26
56520,136,128,8,8
56521,47,70,-23,23
56522,66,63,3,3
56523,131,126,5,5
56524,123,111,12,12
56525,118,116,2,2
56526,58,55,3,3
56527,89,89,0,0
56528,156,153,3,3
56529,55,67,-12,12
56530,115,105,10,10
56531,111,115,-4,4
56532,116,135,-19,19
56533,62,66,-4,4
56534,108,90,18,18
56535,120,140,-20,20
56536,112,118,-6,6
56537,56,70,-14,14
56538,142,142,0,0
56539,91,81,10,10
56540,86,87,-1,1
56541,121,126,-5,5
56542,80,75,5,5
56543,103,106,-3,3
56544,76,91,-15,15
56545,100,116,-16,16
56546,94,92,2,2
56547,117,130,-13,13
56548,84,81,3,3
56549,87,92,-5,5
56550,127,113,14,14
56551,90,84,6,6
56552,96,98,-2,2
56553,56,60,-4,4
56554,74,74,0,0
56555,98,103,-5,5
56556,107,120,-13,13
56557,125,96,29,29
56558,66,62,4,4
56559,91,102,-11,11
56560,154,154,0,0
56561,151,92,59,59
56562,77,81,-4,4
56563,60,68,-8,8
56564,72,81,-9,9
56565,132,117,15,15
56566,74,76,-2,2
56567,63,64,-1,1
56568,129,136,-7,7
56569,169,173,-4,4
56570,88,106,-18,18
56571,129,126,3,3
56572,140,131,9,9
56573,80,90,-10,10
56574,94,96,-2,2
56575,49,56,-7,7
56576,145,150,-5,5
56577,97,101,-4,4
56578,94,99,-5,5
56579,83,85,-2,2
56580,135,140,-5,5
56581,103,99,4,4
56582,40,44,-4,4
56583,119,132,-13,13
56584,60,66,-6,6
56585,44,50,-6,6
56586,104,114,-10,10
56587,49,48,1,1
56588,70,69,1,1
56589,59,59,0,0
56590,114,135,-21,21
56591,65,70,-5,5
56592,60,60,0,0
56593,121,133,-12,12
56594,115,114,1,1
56595,75,74,1,1
56596,74,85,-11,11
56597,103,101,2,2
56598,59,55,4,4
56599,125,136,-11,11
56600,94,98,-4,4
56601,73,74,-1,1
56602,54,54,0,0
56603,58,54,4,4
56604,174,181,-7,7
56605,46,48,-2,2
56606,79,84,-5,5
56607,108,96,12,12
56608,50,58,-8,8
56609,120,114,6,6
56610,159,162,-3,3
56611,171,177,-6,6
56612,81,84,-3,3
56613,85,87,-2,2
56614,118,146,-28,28
56615,73,78,-5,5
56616,114,108,6,6
56617,77,74,3,3
56618,150,139,11,11
56619,72,84,-12,12
56620,64,88,-24,24
56621,85,96,-11,11
56622,112,125,-13,13
56623,57,56,1,1
56624,101,99,2,2
56625,83,86,-3,3
56626,74,74,0,0
56627,142,138,4,4
56628,111,105,6,6
56629,135,131,4,4
56630,64,68,-4,4
56631,75,71,4,4
56632,188,199,-11,11
56633,63,88,-25,25
56634,124,116,8,8
56635,42,52,-10,10
56636,136,127,9,9
56637,50,53,-3,3
56638,87,71,16,16
56639,140,133,7,7
56640,94,93,1,1
56641,94,96,-2,2
56642,61,74,-13,13
56643,86,100,-14,14
56644,126,119,7,7
56645,63,62,1,1
56646,82,79,3,3
56647,140,154,-14,14
56648,134,129,5,5
56649,79,80,-1,1
56650,126,141,-15,15
56651,101,109,-8,8
56652,103,104,-1,1
56653,70,67,3,3
56654,85,72,13,13
56655,84,92,-8,8
56656,58,67,-9,9
56657,139,142,-3,3
56658,67,82,-15,15
56659,101,104,-3,3
56660,83,85,-2,2
56661,66,69,-3,3
56662,59,64,-5,5
56663,77,83,-6,6
56664,53,62,-9,9
56665,130,133,-3,3
56666,59,66,-7,7
56667,94,95,-1,1
56668,120,122,-2,2
56669,108,102,6,6
56670,95,87,8,8
56671,67,68,-1,1
56672,103,108,-5,5
56673,68,71,-3,3
56674,82,79,3,3
56675,111,116,-5,5
56676,78,77,1,1
56677,59,65,-6,6
56678,72,82,-10,10
56679,101,99,2,2
56680,77,85,-8,8
56681,65,65,0,0
56682,64,80,-16,16
56683,57,64,-7,7
56684,95,100,-5,5
56685,68,69,-1,1
56686,137,131,6,6
56687,65,64,1,1
56688,82,80,2,2
56689,73,75,-2,2
56690,96,111,-15,15
56691,110,87,23,23
56692,139,136,3,3
56693,87,75,12,12
56694,113,102,11,11
56695,40,47,-7,7
56696,81,92,-11,11
56697,51,60,-9,9
56698,173,158,15,15
56699,72,90,-18,18
56700,107,110,-3,3
56701,112,119,-7,7
56702,125,121,4,4
56703,56,60,-4,4
56704,141,130,11,11
56705,150,144,6,6
56706,136,143,-7,7
56707,127,123,4,4
56708,132,141,-9,9
56709,96,88,8,8
56710,35,49,-14,14
56711,86,83,3,3
56712,108,103,5,5
56713,149,148,1,1
56714,103,106,-3,3
56715,144,163,-19,19
56716,135,110,25,25
56717,112,101,11,11
56718,86,106,-20,20
56719,54,56,-2,2
56720,78,78,0,0
56721,72,79,-7,7
56722,87,88,-1,1
56723,79,91,-12,12
56724,109,130,-21,21
56725,120,109,11,11
56726,173,165,8,8
56727,57,66,-9,9
56728,40,46,-6,6
56729,82,88,-6,6
56730,70,73,-3,3
56731,86,94,-8,8
56732,98,103,-5,5
56733,134,147,-13,13
56734,45,44,1,1
56735,129,133,-4,4
56736,68,76,-8,8
56737,91,85,6,6
56738,113,104,9,9
56739,52,63,-11,11
56740,94,89,5,5
56741,94,105,-11,11
56742,113,113,0,0
56743,128,116,12,12
56744,99,110,-11,11
56745,105,98,7,7
56746,86,114,-28,28
56747,148,150,-2,2
56748,138,128,10,10
56749,99,87,12,12
56750,94,99,-5,5
56751,73,74,-1,1
56752,153,143,10,10
56753,95,101,-6,6
56754,118,134,-16,16
56755,129,127,2,2
56756,50,66,-16,16
56757,123,121,2,2
56758,142,142,0,0
56759,123,129,-6,6
56760,148,136,12,12
56761,107,111,-4,4
56762,98,108,-10,10
56763,112,111,1,1
56764,137,135,2,2
56765,106,111,-5,5
56766,97,90,7,7
56767,96,105,-9,9
56768,245,204,41,41
56769,115,112,3,3
56770,81,67,14,14
56771,130,107,23,23
56772,86,76,10,10
56773,128,128,0,0
56774,73,72,1,1
56775,110,100,10,10
56776,130,126,4,4
56777,97,98,-1,1
56778,80,82,-2,2
56779,91,94,-3,3
56780,88,83,5,5
56781,105,102,3,3
56782,75,52,23,23
56783,93,113,-20,20
56784,115,116,-1,1
56785,133,132,1,1
56786,142,96,46,46
56787,62,81,-19,19
56788,78,87,-9,9
56789,91,82,9,9
56790,102,99,3,3
56791,109,109,0,0
56792,102,98,4,4
56793,90,91,-1,1
56794,135,125,10,10
56795,31,49,-18,18
56796,143,146,-3,3
56797,123,123,0,0
56798,102,103,-1,1
56799,59,57,2,2
56800,83,94,-11,11
56801,99,93,6,6
56802,50,78,-28,28
56803,168,153,15,15
56804,80,96,-16,16
56805,104,124,-20,20
56806,117,113,4,4
56807,113,121,-8,8
56808,73,83,-10,10
56809,72,85,-13,13
56810,144,116,28,28
56811,131,139,-8,8
56812,107,135,-28,28
56813,85,88,-3,3
56814,58,65,-7,7
56815,67,66,1,1
56816,62,62,0,0
56817,63,57,6,6
56818,148,157,-9,9
56819,139,134,5,5
56820,82,83,-1,1
56821,133,137,-4,4
56822,70,74,-4,4
56823,99,102,-3,3
56824,115,118,-3,3
56825,121,129,-8,8
56826,107,118,-11,11
56827,113,100,13,13
56828,61,63,-2,2
56829,80,74,6,6
56830,78,76,2,2
56831,68,63,5,5
56832,122,136,-14,14
56833,109,93,16,16
56834,71,67,4,4
56835,60,71,-11,11
56836,125,129,-4,4
56837,68,87,-19,19
56838,114,116,-2,2
56839,93,81,12,12
56840,75,81,-6,6
56841,99,101,-2,2
56842,133,136,-3,3
56843,78,80,-2,2
56844,45,47,-2,2
56845,87,81,6,6
56846,72,86,-14,14
56847,129,132,-3,3
56848,93,90,3,3
56849,95,100,-5,5
56850,119,127,-8,8
56851,96,83,13,13
56852,45,38,7,7
56853,151,146,5,5
56854,75,73,2,2
56855,84,85,-1,1
56856,75,72,3,3
56857,97,139,-42,42
56858,79,83,-4,4
56859,132,138,-6,6
56860,108,103,5,5
56861,115,111,4,4
56862,89,114,-25,25
56863,84,84,0,0
56864,132,137,-5,5
56865,94,90,4,4
56866,182,190,-8,8
56867,170,158,12,12
56868,93,98,-5,5
56869,70,77,-7,7
56870,38,44,-6,6
56871,102,115,-13,13
56872,139,133,6,6
56873,97,103,-6,6
56874,87,87,0,0
56875,86,81,5,5
56876,76,90,-14,14
56877,91,105,-14,14
56878,81,81,0,0
56879,86,74,12,12
56880,90,86,4,4
56881,73,82,-9,9
56882,122,123,-1,1
56883,81,77,4,4
56884,182,177,5,5
56885,73,75,-2,2
56886,108,103,5,5
56887,70,75,-5,5
56888,170,165,5,5
56889,98,99,-1,1
56890,83,93,-10,10
56891,89,96,-7,7
56892,79,91,-12,12
56893,77,84,-7,7
56894,82,91,-9,9
56895,79,81,-2,2
56896,165,152,13,13
56897,57,65,-8,8
56898,94,102,-8,8
56899,101,92,9,9
56900,170,189,-19,19
56901,68,76,-8,8
56902,121,120,1,1
56903,137,135,2,2
56904,72,73,-1,1
56905,109,109,0,0
56906,81,78,3,3
56907,71,79,-8,8
56908,135,140,-5,5
56909,105,106,-1,1
56910,101,101,0,0
56911,71,79,-8,8
56912,93,95,-2,2
56913,75,73,2,2
56914,68,139,-71,71
56915,107,107,0,0
56916,76,70,6,6
56917,127,124,3,3
56918,117,130,-13,13
56919,123,110,13,13
56920,158,171,-13,13
56921,96,95,1,1
56922,44,52,-8,8
56923,100,103,-3,3
56924,69,72,-3,3
56925,77,84,-7,7
56926,66,71,-5,5
56927,71,62,9,9
56928,117,113,4,4
56929,103,112,-9,9
56930,99,86,13,13
56931,131,137,-6,6
56932,50,51,-1,1
56933,39,43,-4,4
56934,74,74,0,0
56935,51,52,-1,1
56936,91,95,-4,4
56937,104,114,-10,10
56938,76,73,3,3
56939,126,117,9,9
56940,79,83,-4,4
56941,88,103,-15,15
56942,103,106,-3,3
56943,156,153,3,3
56944,153,147,6,6
56945,82,81,1,1
56946,69,75,-6,6
56947,85,81,4,4
56948,90,106,-16,16
56949,118,115,3,3
56950,113,113,0,0
56951,63,72,-9,9
56952,39,50,-11,11
56953,125,123,2,2
56954,111,135,-24,24
56955,85,84,1,1
56956,69,75,-6,6
56957,164,168,-4,4
56958,115,119,-4,4
56959,100,130,-30,30
56960,97,106,-9,9
56961,76,86,-10,10
56962,109,127,-18,18
56963,122,119,3,3
56964,75,78,-3,3
56965,94,97,-3,3
56966,73,75,-2,2
56967,138,131,7,7
56968,109,95,14,14
56969,84,92,-8,8
56970,65,62,3,3
56971,97,97,0,0
56972,150,148,2,2
56973,158,159,-1,1
56974,74,80,-6,6
56975,64,70,-6,6
56976,102,102,0,0
56977,83,99,-16,16
56978,181,161,20,20
56979,149,131,18,18
56980,67,63,4,4
56981,108,116,-8,8
56982,126,127,-1,1
56983,129,131,-2,2
56984,123,122,1,1
56985,88,79,9,9
56986,79,90,-11,11
56987,122,109,13,13
56988,88,84,4,4
56989,129,133,-4,4
56990,82,81,1,1
56991,72,73,-1,1
56992,116,114,2,2
56993,93,90,3,3
56994,82,81,1,1
56995,153,160,-7,7
56996,169,163,6,6
56997,79,93,-14,14
56998,92,92,0,0
56999,123,116,7,7
57000,75,97,-22,22
57001,162,175,-13,13
57002,79,81,-2,2
57003,90,93,-3,3
57004,74,86,-12,12
57005,130,124,6,6
57006,128,120,8,8
57007,75,92,-17,17
57008,86,97,-11,11
57009,111,118,-7,7
57010,100,99,1,1
57011,57,74,-17,17
57012,126,129,-3,3
57013,61,60,1,1
57014,79,79,0,0
57015,80,71,9,9
57016,49,57,-8,8
57017,83,89,-6,6
57018,65,66,-1,1
57019,76,80,-4,4
57020,99,100,-1,1
57021,152,141,11,11
57022,74,79,-5,5
57023,90,97,-7,7
57024,116,130,-14,14
57025,150,141,9,9
57026,98,108,-10,10
57027,136,132,4,4
57028,109,112,-3,3
57029,131,154,-23,23
57030,44,46,-2,2
57031,52,56,-4,4
57032,73,79,-6,6
57033,160,123,37,37
57034,104,103,1,1
57035,71,70,1,1
57036,52,56,-4,4
57037,69,65,4,4
57038,120,108,12,12
57039,51,49,2,2
57040,65,70,-5,5
57041,93,89,4,4
57042,62,82,-20,20
57043,108,107,1,1
57044,86,98,-12,12
57045,65,70,-5,5
57046,151,158,-7,7
57047,82,87,-5,5
57048,54,54,0,0
57049,57,57,0,0
57050,87,99,-12,12
57051,75,80,-5,5
57052,76,77,-1,1
57053,144,144,0,0
57054,82,88,-6,6
57055,70,71,-1,1
57056,65,69,-4,4
57057,130,138,-8,8
57058,179,201,-22,22
57059,143,157,-14,14
57060,128,122,6,6
57061,59,59,0,0
57062,141,132,9,9
57063,91,85,6,6
57064,117,114,3,3
57065,103,106,-3,3
57066,102,112,-10,10
57067,150,116,34,34
57068,91,86,5,5
57069,82,89,-7,7
57070,72,64,8,8
57071,146,138,8,8
57072,51,62,-11,11
57073,119,130,-11,11
57074,94,99,-5,5
57075,113,107,6,6
57076,115,114,1,1
57077,50,49,1,1
57078,72,94,-22,22
57079,127,127,0,0
57080,67,77,-10,10
57081,76,79,-3,3
57082,96,108,-12,12
57083,137,152,-15,15
57084,189,188,1,1
57085,83,88,-5,5
57086,90,98,-8,8
57087,85,88,-3,3
57088,99,89,10,10
57089,88,90,-2,2
57090,163,105,58,58
57091,78,82,-4,4
57092,63,61,2,2
57093,87,89,-2,2
57094,81,88,-7,7
57095,117,131,-14,14
57096,86,82,4,4
57097,97,96,1,1
57098,120,117,3,3
57099,61,51,10,10
57100,109,118,-9,9
57101,82,84,-2,2
57102,98,93,5,5
57103,100,93,7,7
57104,114,107,7,7
57105,61,73,-12,12
57106,88,92,-4,4
57107,75,75,0,0
57108,96,102,-6,6
57109,125,130,-5,5
57110,216,215,1,1
57111,91,90,1,1
57112,149,178,-29,29
57113,104,99,5,5
57114,69,71,-2,2
57115,65,68,-3,3
57116,116,116,0,0
57117,66,71,-5,5
57118,53,57,-4,4
57119,61,62,-1,1
57120,106,114,-8,8
57121,118,109,9,9
57122,145,145,0,0
57123,90,91,-1,1
57124,76,77,-1,1
57125,48,46,2,2
57126,38,38,0,0
57127,65,71,-6,6
57128,98,93,5,5
57129,48,69,-21,21
57130,93,101,-8,8
57131,117,131,-14,14
57132,66,69,-3,3
57133,110,98,12,12
57134,121,117,4,4
57135,95,96,-1,1
57136,81,82,-1,1
57137,48,61,-13,13
57138,80,85,-5,5
57139,136,153,-17,17
57140,55,67,-12,12
57141,110,99,11,11
57142,104,120,-16,16
57143,89,89,0,0
57144,90,105,-15,15
57145,111,113,-2,2
57146,85,100,-15,15
57147,113,117,-4,4
57148,100,100,0,0
57149,147,139,8,8
57150,86,96,-10,10
57151,76,81,-5,5
57152,164,149,15,15
57153,130,117,13,13
57154,99,98,1,1
57155,40,45,-5,5
57156,175,189,-14,14
57157,148,155,-7,7
57158,106,115,-9,9
57159,152,150,2,2
57160,91,103,-12,12
57161,98,90,8,8
57162,51,65,-14,14
57163,88,90,-2,2
57164,89,90,-1,1
57165,63,60,3,3
57166,84,88,-4,4
57167,75,71,4,4
57168,117,114,3,3
57169,111,118,-7,7
57170,134,162,-28,28
57171,81,92,-11,11
57172,101,107,-6,6
57173,61,72,-11,11
57174,116,113,3,3
57175,77,90,-13,13
57176,121,104,17,17
57177,101,99,2,2
57178,22,35,-13,13
57179,89,96,-7,7
57180,134,135,-1,1
57181,132,136,-4,4
57182,48,54,-6,6
57183,102,96,6,6
57184,90,81,9,9
57185,89,88,1,1
57186,109,120,-11,11
57187,164,159,5,5
57188,93,97,-4,4
57189,93,98,-5,5
57190,63,75,-12,12
57191,99,102,-3,3
57192,72,76,-4,4
57193,85,96,-11,11
57194,76,81,-5,5
57195,85,81,4,4
57196,125,91,34,34
57197,63,66,-3,3
57198,47,51,-4,4
57199,123,125,-2,2
57200,88,95,-7,7
57201,75,80,-5,5
57202,78,81,-3,3
57203,73,69,4,4
57204,113,136,-23,23
57205,88,79,9,9
57206,91,81,10,10
57207,99,104,-5,5
57208,92,100,-8,8
57209,102,113,-11,11
57210,84,91,-7,7
57211,153,150,3,3
57212,117,128,-11,11
57213,61,76,-15,15
57214,81,83,-2,2
57215,148,155,-7,7
57216,88,76,12,12
57217,109,106,3,3
57218,124,123,1,1
57219,44,55,-11,11
57220,75,68,7,7
57221,107,111,-4,4
57222,74,76,-2,2
57223,75,69,6,6
57224,97,88,9,9
57225,95,89,6,6
57226,72,67,5,5
57227,71,72,-1,1
57228,100,106,-6,6
57229,110,102,8,8
57230,67,64,3,3
57231,59,53,6,6
57232,162,154,8,8
57233,97,104,-7,7
57234,66,76,-10,10
57235,87,87,0,0
57236,142,137,5,5
57237,77,88,-11,11
57238,61,57,4,4
57239,61,127,-66,66
57240,131,113,18,18
57241,84,88,-4,4
57242,77,85,-8,8
57243,60,67,-7,7
57244,77,78,-1,1
57245,47,56,-9,9
57246,71,76,-5,5
57247,118,124,-6,6
57248,105,118,-13,13
57249,137,140,-3,3
57250,48,61,-13,13
57251,81,84,-3,3
57252,105,92,13,13
57253,107,104,3,3
57254,149,147,2,2
57255,88,86,2,2
57256,104,94,10,10
57257,130,120,10,10
57258,118,129,-11,11
57259,50,67,-17,17
57260,113,110,3,3
57261,48,57,-9,9
57262,105,107,-2,2
57263,63,75,-12,12
57264,63,69,-6,6
57265,65,83,-18,18
57266,105,113,-8,8
57267,38,43,-5,5
57268,57,65,-8,8
57269,94,96,-2,2
57270,87,82,5,5
57271,68,71,-3,3
57272,66,82,-16,16
57273,87,90,-3,3
57274,121,120,1,1
57275,104,104,0,0
57276,124,132,-8,8
57277,158,157,1,1
57278,30,37,-7,7
57279,101,123,-22,22
57280,86,77,9,9
57281,93,89,4,4
57282,123,143,-20,20
57283,102,97,5,5
57284,142,164,-22,22
57285,61,85,-24,24
57286,75,84,-9,9
57287,125,137,-12,12
57288,95,94,1,1
57289,171,164,7,7
57290,96,136,-40,40
57291,123,129,-6,6
57292,106,120,-14,14
57293,62,66,-4,4
57294,87,83,4,4
57295,57,60,-3,3
57296,56,58,-2,2
57297,124,124,0,0
57298,81,79,2,2
57299,109,101,8,8
57300,165,176,-11,11
57301,171,152,19,19
57302,104,105,-1,1
57303,59,68,-9,9
57304,40,49,-9,9
57305,74,102,-28,28
57306,127,132,-5,5
57307,73,88,-15,15
57308,130,132,-2,2
57309,47,72,-25,25
57310,59,72,-13,13
57311,156,149,7,7
57312,101,91,10,10
57313,89,92,-3,3
57314,95,98,-3,3
57315,60,72,-12,12
57316,91,98,-7,7
57317,74,73,1,1
57318,160,152,8,8
57319,114,113,1,1
57320,148,149,-1,1
57321,80,83,-3,3
57322,24,41,-17,17
57323,52,55,-3,3
57324,259,249,10,10
57325,44,45,-1,1
57326,149,143,6,6
57327,57,66,-9,9
57328,126,136,-10,10
57329,142,138,4,4
57330,111,117,-6,6
57331,167,165,2,2
57332,76,76,0,0
57333,69,77,-8,8
57334,110,126,-16,16
57335,92,91,1,1
57336,99,86,13,13
57337,95,102,-7,7
57338,114,105,9,9
57339,91,98,-7,7
57340,104,105,-1,1
57341,84,88,-4,4
57342,164,149,15,15
57343,44,49,-5,5
57344,75,74,1,1
57345,95,96,-1,1
57346,27,48,-21,21
57347,81,91,-10,10
57348,72,74,-2,2
57349,100,95,5,5
57350,131,118,13,13
57351,61,67,-6,6
57352,89,89,0,0
57353,65,73,-8,8
57354,53,61,-8,8
57355,103,117,-14,14
57356,129,129,0,0
57357,114,111,3,3
57358,102,110,-8,8
57359,87,97,-10,10
57360,77,69,8,8
57361,72,69,3,3
57362,71,74,-3,3
57363,67,59,8,8
57364,116,128,-12,12
57365,102,100,2,2
57366,83,80,3,3
57367,55,53,2,2
57368,71,86,-15,15
57369,84,77,7,7
57370,98,99,-1,1
57371,101,95,6,6
57372,82,77,5,5
57373,117,122,-5,5
57374,126,135,-9,9
57375,66,77,-11,11
57376,81,86,-5,5
57377,189,199,-10,10
57378,90,88,2,2
57379,86,87,-1,1
57380,107,104,3,3
57381,117,147,-30,30
57382,54,61,-7,7
57383,81,93,-12,12
57384,85,85,0,0
57385,88,95,-7,7
57386,57,69,-12,12
57387,103,114,-11,11
57388,103,104,-1,1
57389,95,93,2,2
57390,107,104,3,3
57391,91,92,-1,1
57392,111,138,-27,27
57393,200,196,4,4
57394,83,86,-3,3
57395,86,86,0,0
57396,80,86,-6,6
57397,109,107,2,2
57398,69,68,1,1
57399,78,78,0,0
57400,70,82,-12,12
57401,77,81,-4,4
57402,69,60,9,9
57403,96,81,15,15
57404,121,142,-21,21
57405,90,99,-9,9
57406,152,148,4,4
57407,91,87,4,4
57408,89,87,2,2
57409,104,96,8,8
57410,88,72,16,16
57411,113,116,-3,3
57412,81,91,-10,10
57413,92,88,4,4
57414,112,96,16,16
57415,113,120,-7,7
57416,119,112,7,7
57417,68,70,-2,2
57418,183,169,14,14
57419,154,143,11,11
57420,115,118,-3,3
57421,173,194,-21,21
57422,108,107,1,1
57423,124,137,-13,13
57424,71,68,3,3
57425,84,81,3,3
57426,80,80,0,0
57427,90,100,-10,10
57428,74,69,5,5
57429,89,81,8,8
57430,81,88,-7,7
57431,100,91,9,9
57432,136,141,-5,5
57433,55,60,-5,5
57434,105,104,1,1
57435,77,73,4,4
57436,192,192,0,0
57437,99,93,6,6
57438,90,90,0,0
57439,134,128,6,6
57440,113,112,1,1
57441,90,84,6,6
57442,150,137,13,13
57443,52,71,-19,19
57444,102,104,-2,2
57445,55,52,3,3
57446,110,112,-2,2
57447,57,68,-11,11
57448,57,61,-4,4
57449,97,97,0,0
57450,117,120,-3,3
57451,83,92,-9,9
57452,121,119,2,2
57453,58,60,-2,2
57454,101,102,-1,1
57455,63,64,-1,1
57456,105,106,-1,1
57457,94,88,6,6
57458,138,140,-2,2
57459,62,64,-2,2
57460,113,113,0,0
57461,50,53,-3,3
57462,90,94,-4,4
57463,135,144,-9,9
57464,68,68,0,0
57465,94,90,4,4
57466,63,62,1,1
57467,179,181,-2,2
57468,78,79,-1,1
57469,197,179,18,18
57470,124,133,-9,9
57471,115,132,-17,17
57472,105,105,0,0
57473,135,144,-9,9
57474,59,60,-1,1
57475,75,93,-18,18
57476,131,134,-3,3
57477,125,132,-7,7
57478,82,93,-11,11
57479,193,174,19,19
57480,23,24,-1,1
57481,67,68,-1,1
57482,204,208,-4,4
57483,78,81,-3,3
57484,95,95,0,0
57485,143,146,-3,3
57486,69,73,-4,4
57487,78,76,2,2
57488,185,198,-13,13
57489,60,66,-6,6
57490,93,84,9,9
57491,49,51,-2,2
57492,151,138,13,13
57493,93,86,7,7
57494,109,106,3,3
57495,58,56,2,2
57496,132,119,13,13
57497,85,75,10,10
57498,118,100,18,18
57499,69,67,2,2
57500,76,75,1,1
57501,68,79,-11,11
57502,68,66,2,2
57503,103,119,-16,16
57504,116,114,2,2
57505,189,166,23,23
57506,64,71,-7,7
57507,54,52,2,2
57508,99,98,1,1
57509,140,133,7,7
57510,52,51,1,1
57511,144,149,-5,5
57512,96,97,-1,1
57513,60,85,-25,25
57514,131,136,-5,5
57515,101,119,-18,18
57516,21,49,-28,28
57517,77,83,-6,6
57518,94,95,-1,1
57519,64,60,4,4
57520,77,83,-6,6
57521,89,93,-4,4
57522,68,71,-3,3
57523,100,76,24,24
57524,94,98,-4,4
57525,99,97,2,2
57526,104,111,-7,7
57527,76,80,-4,4
57528,41,48,-7,7
57529,89,80,9,9
57530,159,143,16,16
57531,145,133,12,12
57532,89,86,3,3
57533,117,127,-10,10
57534,56,70,-14,14
57535,112,113,-1,1
57536,59,54,5,5
57537,54,60,-6,6
57538,83,75,8,8
57539,70,76,-6,6
57540,64,65,-1,1
57541,134,139,-5,5
57542,107,118,-11,11
57543,81,84,-3,3
57544,117,129,-12,12
57545,123,135,-12,12
57546,114,102,12,12
57547,173,165,8,8
57548,79,83,-4,4
57549,117,109,8,8
57550,32,45,-13,13
57551,87,78,9,9
57552,189,185,4,4
57553,70,78,-8,8
57554,155,137,18,18
57555,81,83,-2,2
57556,168,165,3,3
57557,114,114,0,0
57558,153,161,-8,8
57559,124,123,1,1
57560,51,54,-3,3
57561,105,116,-11,11
57562,101,121,-20,20
57563,86,92,-6,6
57564,129,128,1,1
57565,122,121,1,1
57566,149,145,4,4
57567,85,81,4,4
57568,73,70,3,3
57569,66,74,-8,8
57570,180,165,15,15
57571,33,40,-7,7
57572,70,76,-6,6
57573,101,122,-21,21
57574,89,96,-7,7
57575,120,123,-3,3
57576,121,118,3,3
57577,91,89,2,2
57578,90,86,4,4
57579,121,120,1,1
57580,154,158,-4,4
57581,110,105,5,5
57582,65,61,4,4
57583,107,122,-15,15
57584,141,139,2,2
57585,61,64,-3,3
57586,119,132,-13,13
57587,135,141,-6,6
57588,185,176,9,9
57589,46,54,-8,8
57590,89,84,5,5
57591,134,137,-3,3
57592,102,99,3,3
57593,138,140,-2,2
57594,104,103,1,1
57595,176,168,8,8
57596,112,109,3,3
57597,135,139,-4,4
57598,119,118,1,1
57599,82,74,8,8
57600,99,106,-7,7
57601,119,112,7,7
57602,98,110,-12,12
57603,96,104,-8,8
57604,90,105,-15,15
57605,81,74,7,7
57606,65,71,-6,6
57607,120,118,2,2
57608,90,90,0,0
57609,80,86,-6,6
57610,81,87,-6,6
57611,78,100,-22,22
57612,82,75,7,7
57613,155,144,11,11
57614,77,77,0,0
57615,116,110,6,6
57616,78,78,0,0
57617,69,65,4,4
57618,64,66,-2,2
57619,88,89,-1,1
57620,56,66,-10,10
57621,62,77,-15,15
57622,49,56,-7,7
57623,120,110,10,10
57624,154,152,2,2
57625,86,84,2,2
57626,61,68,-7,7
57627,66,62,4,4
57628,145,130,15,15
57629,83,93,-10,10
57630,136,129,7,7
57631,88,98,-10,10
57632,71,70,1,1
57633,93,87,6,6
57634,97,93,4,4
57635,94,87,7,7
57636,97,110,-13,13
57637,57,67,-10,10
57638,142,150,-8,8
57639,119,120,-1,1
57640,87,83,4,4
57641,131,142,-11,11
57642,119,128,-9,9
57643,76,77,-1,1
57644,55,55,0,0
57645,106,105,1,1
57646,70,77,-7,7
57647,103,102,1,1
57648,96,86,10,10
57649,150,157,-7,7
57650,128,134,-6,6
57651,38,40,-2,2
57652,65,79,-14,14
57653,79,80,-1,1
57654,96,92,4,4
57655,88,85,3,3
57656,185,202,-17,17
57657,81,77,4,4
57658,151,145,6,6
57659,94,93,1,1
57660,72,78,-6,6
57661,110,111,-1,1
57662,109,105,4,4
57663,80,79,1,1
57664,68,75,-7,7
57665,111,102,9,9
57666,67,72,-5,5
57667,95,95,0,0
57668,114,124,-10,10
57669,51,55,-4,4
57670,111,113,-2,2
57671,118,107,11,11
57672,157,142,15,15
57673,82,84,-2,2
57674,119,95,24,24
57675,73,73,0,0
57676,88,88,0,0
57677,46,49,-3,3
57678,61,72,-11,11
57679,81,85,-4,4
57680,117,109,8,8
57681,87,85,2,2
57682,71,67,4,4
57683,70,62,8,8
57684,98,120,-22,22
57685,89,95,-6,6
57686,100,108,-8,8
57687,124,117,7,7
57688,166,160,6,6
57689,90,97,-7,7
57690,43,44,-1,1
57691,175,167,8,8
57692,104,112,-8,8
57693,180,181,-1,1
57694,57,56,1,1
57695,36,49,-13,13
57696,144,161,-17,17
57697,136,132,4,4
57698,56,56,0,0
57699,93,99,-6,6
57700,91,93,-2,2
57701,98,97,1,1
57702,82,68,14,14
57703,101,114,-13,13
57704,113,116,-3,3
57705,53,60,-7,7
57706,55,54,1,1
57707,120,120,0,0
57708,105,108,-3,3
57709,71,79,-8,8
57710,78,78,0,0
57711,165,175,-10,10
57712,82,86,-4,4
57713,126,119,7,7
57714,114,112,2,2
57715,143,139,4,4
57716,118,117,1,1
57717,94,98,-4,4
57718,41,45,-4,4
57719,67,67,0,0
57720,83,86,-3,3
57721,119,103,16,16
57722,62,65,-3,3
57723,55,52,3,3
57724,95,100,-5,5
57725,91,99,-8,8
57726,68,72,-4,4
57727,144,146,-2,2
57728,64,64,0,0
57729,43,59,-16,16
57730,81,89,-8,8
57731,94,89,5,5
57732,77,85,-8,8
57733,167,171,-4,4
57734,51,61,-10,10
57735,117,111,6,6
57736,93,95,-2,2
57737,71,74,-3,3
57738,64,69,-5,5
57739,168,166,2,2
57740,98,99,-1,1
57741,38,47,-9,9
57742,124,117,7,7
57743,104,112,-8,8
57744,45,46,-1,1
57745,36,46,-10,10
57746,82,81,1,1
57747,120,114,6,6
57748,108,129,-21,21
57749,43,49,-6,6
57750,85,71,14,14
57751,146,133,13,13
57752,82,102,-20,20
57753,115,113,2,2
57754,98,88,10,10
57755,87,81,6,6
57756,124,135,-11,11
57757,86,84,2,2
57758,92,113,-21,21
57759,109,94,15,15
57760,125,122,3,3
57761,140,150,-10,10
57762,84,111,-27,27
57763,66,74,-8,8
57764,131,123,8,8
57765,81,80,1,1
57766,88,85,3,3
57767,143,159,-16,16
57768,74,81,-7,7
57769,118,131,-13,13
57770,56,62,-6,6
57771,61,79,-18,18
57772,112,122,-10,10
57773,119,117,2,2
57774,102,97,5,5
57775,101,133,-32,32
57776,71,69,2,2
57777,118,114,4,4
57778,119,135,-16,16
57779,83,87,-4,4
57780,133,125,8,8
57781,57,62,-5,5
57782,87,91,-4,4
57783,6,53,-47,47
57784,76,77,-1,1
57785,124,124,0,0
57786,28,58,-30,30
57787,65,65,0,0
57788,86,75,11,11
57789,111,114,-3,3
57790,59,66,-7,7
57791,94,96,-2,2
57792,97,120,-23,23
57793,115,118,-3,3
57794,75,87,-12,12
57795,144,138,6,6
57796,86,97,-11,11
57797,74,74,0,0
57798,102,101,1,1
57799,79,82,-3,3
57800,99,105,-6,6
57801,140,154,-14,14
57802,101,106,-5,5
57803,156,149,7,7
57804,92,89,3,3
57805,70,72,-2,2
57806,59,70,-11,11
57807,116,116,0,0
57808,138,140,-2,2
57809,136,149,-13,13
57810,61,59,2,2
57811,53,58,-5,5
57812,79,70,9,9
57813,90,84,6,6
57814,127,127,0,0
57815,177,159,18,18
57816,110,126,-16,16
57817,129,125,4,4
57818,106,127,-21,21
57819,74,79,-5,5
57820,154,164,-10,10
57821,129,131,-2,2
57822,73,76,-3,3
57823,77,85,-8,8
57824,84,94,-10,10
57825,103,96,7,7
57826,90,114,-24,24
57827,109,119,-10,10
57828,68,67,1,1
57829,72,71,1,1
57830,105,118,-13,13
57831,65,68,-3,3
57832,95,98,-3,3
57833,133,135,-2,2
57834,103,97,6,6
57835,107,119,-12,12
57836,79,80,-1,1
57837,116,113,3,3
57838,91,84,7,7
57839,72,83,-11,11
57840,66,92,-26,26
57841,147,132,15,15
57842,90,101,-11,11
57843,192,221,-29,29
57844,98,122,-24,24
57845,105,98,7,7
57846,44,46,-2,2
57847,102,92,10,10
57848,82,89,-7,7
57849,107,106,1,1
57850,102,100,2,2
57851,135,130,5,5
57852,157,142,15,15
57853,61,63,-2,2
57854,155,151,4,4
57855,121,139,-18,18
57856,77,82,-5,5
57857,142,146,-4,4
57858,95,86,9,9
57859,104,97,7,7
57860,77,82,-5,5
57861,135,139,-4,4
57862,101,104,-3,3
57863,65,55,10,10
57864,108,108,0,0
57865,46,59,-13,13
57866,196,206,-10,10
57867,83,88,-5,5
57868,92,82,10,10
57869,66,66,0,0
57870,87,90,-3,3
57871,76,75,1,1
57872,24,35,-11,11
57873,94,106,-12,12
57874,85,72,13,13
57875,147,214,-67,67
57876,104,118,-14,14
57877,97,95,2,2
57878,159,148,11,11
57879,103,100,3,3
57880,114,121,-7,7
57881,133,140,-7,7
57882,66,65,1,1
57883,101,103,-2,2
57884,71,69,2,2
57885,85,88,-3,3
57886,87,69,18,18
57887,116,100,16,16
57888,88,83,5,5
57889,64,65,-1,1
57890,48,48,0,0
57891,55,66,-11,11
57892,61,91,-30,30
57893,86,102,-16,16
57894,56,57,-1,1
57895,58,51,7,7
57896,77,78,-1,1
57897,70,83,-13,13
57898,78,85,-7,7
57899,136,139,-3,3
57900,69,74,-5,5
57901,68,61,7,7
57902,102,101,1,1
57903,67,70,-3,3
57904,82,82,0,0
57905,54,53,1,1
57906,70,74,-4,4
57907,83,84,-1,1
57908,129,118,11,11
57909,43,53,-10,10
57910,46,56,-10,10
57911,119,129,-10,10
57912,50,51,-1,1
57913,76,84,-8,8
57914,168,171,-3,3
57915,83,81,2,2
57916,116,112,4,4
57917,121,135,-14,14
57918,96,104,-8,8
57919,126,138,-12,12
57920,86,91,-5,5
57921,85,78,7,7
57922,93,84,9,9
57923,52,53,-1,1
57924,129,128,1,1
57925,87,86,1,1
57926,38,49,-11,11
57927,61,73,-12,12
57928,77,80,-3,3
57929,73,69,4,4
57930,143,154,-11,11
57931,59,64,-5,5
57932,57,59,-2,2
57933,64,64,0,0
57934,140,144,-4,4
57935,109,120,-11,11
57936,91,91,0,0
57937,64,64,0,0
57938,105,91,14,14
57939,121,108,13,13
57940,65,62,3,3
57941,80,90,-10,10
57942,75,80,-5,5
57943,90,86,4,4
57944,93,99,-6,6
57945,60,66,-6,6
57946,75,75,0,0
57947,97,105,-8,8
57948,130,128,2,2
57949,111,106,5,5
57950,82,78,4,4
57951,102,98,4,4
57952,72,77,-5,5
57953,180,184,-4,4
57954,71,85,-14,14
57955,92,92,0,0
57956,109,113,-4,4
57957,113,114,-1,1
57958,117,75,42,42
57959,105,108,-3,3
57960,85,79,6,6
57961,75,67,8,8
57962,77,77,0,0
57963,79,80,-1,1
57964,106,102,4,4
57965,52,63,-11,11
57966,107,75,32,32
57967,89,92,-3,3
57968,150,148,2,2
57969,84,86,-2,2
57970,78,84,-6,6
57971,124,118,6,6
57972,58,62,-4,4
57973,110,113,-3,3
57974,108,106,2,2
57975,95,111,-16,16
57976,139,127,12,12
57977,92,95,-3,3
57978,63,69,-6,6
57979,81,87,-6,6
57980,103,100,3,3
57981,75,75,0,0
57982,75,89,-14,14
57983,125,129,-4,4
57984,98,94,4,4
57985,101,95,6,6
57986,73,87,-14,14
57987,95,96,-1,1
57988,120,116,4,4
57989,90,106,-16,16
57990,178,168,10,10
57991,111,116,-5,5
57992,90,91,-1,1
57993,91,75,16,16
57994,92,80,12,12
57995,77,78,-1,1
57996,87,84,3,3
57997,121,119,2,2
57998,99,94,5,5
57999,119,128,-9,9
58000,85,95,-10,10
58001,102,106,-4,4
58002,102,95,7,7
58003,68,66,2,2
58004,159,150,9,9
58005,91,75,16,16
58006,85,92,-7,7
58007,77,81,-4,4
58008,136,138,-2,2
58009,182,156,26,26
58010,101,104,-3,3
58011,63,70,-7,7
58012,89,107,-18,18
58013,78,77,1,1
58014,104,99,5,5
58015,113,113,0,0
58016,88,86,2,2
58017,87,86,1,1
58018,182,169,13,13
58019,97,95,2,2
58020,123,126,-3,3
58021,93,126,-33,33
58022,77,61,16,16
58023,87,90,-3,3
58024,71,74,-3,3
58025,60,47,13,13
58026,95,104,-9,9
58027,92,85,7,7
58028,78,78,0,0
58029,84,91,-7,7
58030,153,140,13,13
58031,140,154,-14,14
58032,99,88,11,11
58033,57,60,-3,3
58034,83,88,-5,5
58035,79,83,-4,4
58036,87,93,-6,6
58037,85,102,-17,17
58038,80,89,-9,9
58039,69,73,-4,4
58040,68,74,-6,6
58041,94,100,-6,6
58042,79,84,-5,5
58043,115,118,-3,3
58044,59,71,-12,12
58045,183,193,-10,10
58046,64,65,-1,1
58047,109,97,12,12
58048,54,48,6,6
58049,62,61,1,1
58050,69,83,-14,14
58051,62,62,0,0
58052,71,69,2,2
58053,140,138,2,2
58054,73,70,3,3
58055,124,128,-4,4
58056,86,93,-7,7
58057,142,159,-17,17
58058,170,178,-8,8
58059,69,67,2,2
58060,124,133,-9,9
58061,123,130,-7,7
58062,104,89,15,15
58063,65,73,-8,8
58064,110,114,-4,4
58065,80,76,4,4
58066,66,70,-4,4
58067,96,83,13,13
58068,116,126,-10,10
58069,74,67,7,7
58070,59,70,-11,11
58071,64,62,2,2
58072,115,123,-8,8
58073,89,81,8,8
58074,136,122,14,14
58075,51,52,-1,1
58076,73,73,0,0
58077,68,63,5,5
58078,116,114,2,2
58079,135,145,-10,10
58080,29,50,-21,21
58081,96,95,1,1
58082,38,110,-72,72
58083,170,165,5,5
58084,125,120,5,5
58085,160,154,6,6
58086,108,116,-8,8
58087,144,140,4,4
58088,70,64,6,6
58089,100,99,1,1
58090,62,66,-4,4
58091,129,128,1,1
58092,99,93,6,6
58093,93,100,-7,7
58094,108,97,11,11
58095,59,56,3,3
58096,43,72,-29,29
58097,119,109,10,10
58098,71,70,1,1
58099,147,166,-19,19
58100,60,62,-2,2
58101,79,85,-6,6
58102,64,72,-8,8
58103,73,73,0,0
58104,105,111,-6,6
58105,80,80,0,0
58106,79,79,0,0
58107,90,87,3,3
58108,89,81,8,8
58109,73,69,4,4
58110,113,120,-7,7
58111,78,84,-6,6
58112,63,80,-17,17
58113,142,140,2,2
58114,145,162,-17,17
58115,95,102,-7,7
58116,101,102,-1,1
58117,126,123,3,3
58118,154,147,7,7
58119,184,166,18,18
58120,116,121,-5,5
58121,84,85,-1,1
58122,129,134,-5,5
58123,74,77,-3,3
58124,97,98,-1,1
58125,88,111,-23,23
58126,102,109,-7,7
58127,69,73,-4,4
58128,73,80,-7,7
58129,77,69,8,8
58130,98,96,2,2
58131,78,82,-4,4
58132,108,101,7,7
58133,78,79,-1,1
58134,86,92,-6,6
58135,70,69,1,1
58136,70,74,-4,4
58137,78,82,-4,4
58138,81,79,2,2
58139,55,65,-10,10
58140,37,56,-19,19
58141,80,86,-6,6
58142,68,71,-3,3
58143,130,133,-3,3
58144,100,100,0,0
58145,71,80,-9,9
58146,97,96,1,1
58147,147,153,-6,6
58148,93,98,-5,5
58149,165,175,-10,10
58150,70,74,-4,4
58151,59,72,-13,13
58152,46,45,1,1
58153,132,120,12,12
58154,90,80,10,10
58155,208,187,21,21
58156,124,127,-3,3
58157,92,103,-11,11
58158,75,68,7,7
58159,103,106,-3,3
58160,47,52,-5,5
58161,72,68,4,4
58162,65,67,-2,2
58163,107,113,-6,6
58164,131,134,-3,3
58165,67,65,2,2
58166,119,120,-1,1
58167,63,70,-7,7
58168,153,153,0,0
58169,72,77,-5,5
58170,131,152,-21,21
58171,92,86,6,6
58172,70,71,-1,1
58173,93,98,-5,5
58174,48,66,-18,18
58175,75,71,4,4
58176,185,191,-6,6
58177,90,92,-2,2
58178,53,57,-4,4
58179,130,134,-4,4
58180,139,145,-6,6
58181,92,101,-9,9
58182,77,126,-49,49
58183,130,121,9,9
58184,88,83,5,5
58185,68,75,-7,7
58186,144,122,22,22
58187,73,79,-6,6
58188,136,141,-5,5
58189,115,109,6,6
58190,79,82,-3,3
58191,97,92,5,5
58192,70,69,1,1
58193,76,87,-11,11
58194,110,110,0,0
58195,103,102,1,1
58196,106,106,0,0
58197,82,87,-5,5
58198,82,91,-9,9
58199,64,62,2,2
58200,108,112,-4,4
58201,162,153,9,9
58202,64,71,-7,7
58203,42,56,-14,14
58204,128,130,-2,2
58205,93,87,6,6
58206,83,75,8,8
58207,75,68,7,7
58208,113,118,-5,5
58209,131,130,1,1
58210,70,64,6,6
58211,82,90,-8,8
58212,53,59,-6,6
58213,92,93,-1,1
58214,123,125,-2,2
58215,132,122,10,10
58216,71,72,-1,1
58217,83,84,-1,1
58218,52,51,1,1
58219,102,98,4,4
58220,51,62,-11,11
58221,90,87,3,3
58222,121,133,-12,12
58223,125,130,-5,5
58224,66,70,-4,4
58225,99,108,-9,9
58226,71,85,-14,14
58227,103,103,0,0
58228,87,86,1,1
58229,130,136,-6,6
58230,74,75,-1,1
58231,171,168,3,3
58232,146,134,12,12
58233,81,85,-4,4
58234,72,71,1,1
58235,81,94,-13,13
58236,58,68,-10,10
58237,111,104,7,7
58238,148,149,-1,1
58239,76,76,0,0
58240,78,77,1,1
58241,91,99,-8,8
58242,91,95,-4,4
58243,70,72,-2,2
58244,155,142,13,13
58245,89,76,13,13
58246,55,51,4,4
58247,97,86,11,11
58248,71,66,5,5
58249,134,147,-13,13
58250,85,77,8,8
58251,76,74,2,2
58252,98,110,-12,12
58253,51,58,-7,7
58254,111,100,11,11
58255,59,65,-6,6
58256,112,112,0,0
58257,43,51,-8,8
58258,122,117,5,5
58259,62,78,-16,16
58260,57,56,1,1
58261,94,104,-10,10
58262,92,89,3,3
58263,113,132,-19,19
58264,125,126,-1,1
58265,98,102,-4,4
58266,58,48,10,10
58267,110,107,3,3
58268,69,72,-3,3
58269,57,66,-9,9
58270,54,62,-8,8
58271,69,71,-2,2
58272,84,93,-9,9
58273,81,97,-16,16
58274,72,80,-8,8
58275,120,103,17,17
58276,59,62,-3,3
58277,121,115,6,6
58278,54,56,-2,2
58279,62,64,-2,2
58280,83,72,11,11
58281,85,75,10,10
58282,102,109,-7,7
58283,109,100,9,9
58284,128,144,-16,16
58285,128,117,11,11
58286,155,107,48,48
58287,75,81,-6,6
58288,44,49,-5,5
58289,106,112,-6,6
58290,122,113,9,9
58291,99,96,3,3
58292,76,74,2,2
58293,93,90,3,3
58294,59,70,-11,11
58295,115,107,8,8
58296,147,144,3,3
58297,104,114,-10,10
58298,56,62,-6,6
58299,119,112,7,7
58300,92,89,3,3
58301,55,60,-5,5
58302,70,67,3,3
58303,79,90,-11,11
58304,106,103,3,3
58305,141,124,17,17
58306,142,149,-7,7
58307,100,100,0,0
58308,71,70,1,1
58309,37,39,-2,2
58310,58,69,-11,11
58311,107,115,-8,8
58312,104,107,-3,3
58313,125,127,-2,2
58314,95,129,-34,34
58315,164,162,2,2
58316,45,54,-9,9
58317,86,87,-1,1
58318,101,95,6,6
58319,117,107,10,10
58320,85,97,-12,12
58321,60,64,-4,4
58322,141,164,-23,23
58323,101,106,-5,5
58324,113,109,4,4
58325,108,116,-8,8
58326,86,83,3,3
58327,121,114,7,7
58328,165,184,-19,19
58329,58,55,3,3
58330,165,170,-5,5
58331,99,96,3,3
58332,77,82,-5,5
58333,120,118,2,2
58334,132,131,1,1
58335,138,127,11,11
58336,104,133,-29,29
58337,59,56,3,3
58338,68,70,-2,2
58339,76,79,-3,3
58340,81,82,-1,1
58341,126,121,5,5
58342,125,93,32,32
58343,39,40,-1,1
58344,103,94,9,9
58345,64,69,-5,5
58346,120,112,8,8
58347,53,62,-9,9
58348,81,73,8,8
58349,128,121,7,7
58350,75,75,0,0
58351,67,62,5,5
58352,158,151,7,7
58353,77,91,-14,14
58354,140,145,-5,5
58355,75,83,-8,8
58356,114,117,-3,3
58357,82,82,0,0
58358,96,98,-2,2
58359,142,136,6,6
58360,84,96,-12,12
58361,84,81,3,3
58362,69,65,4,4
58363,63,69,-6,6
58364,83,83,0,0
58365,136,130,6,6
58366,107,108,-1,1
58367,95,105,-10,10
58368,157,148,9,9
58369,89,93,-4,4
58370,85,81,4,4
58371,102,102,0,0
58372,103,111,-8,8
58373,88,85,3,3
58374,100,96,4,4
58375,69,66,3,3
58376,84,77,7,7
58377,32,23,9,9
58378,52,62,-10,10
58379,156,153,3,3
58380,71,70,1,1
58381,114,99,15,15
58382,83,81,2,2
58383,81,80,1,1
58384,164,120,44,44
58385,109,107,2,2
58386,89,98,-9,9
58387,125,109,16,16
58388,82,80,2,2
58389,73,78,-5,5
58390,117,143,-26,26
58391,69,68,1,1
58392,98,97,1,1
58393,114,94,20,20
58394,86,89,-3,3
58395,112,105,7,7
58396,96,105,-9,9
58397,113,116,-3,3
58398,86,102,-16,16
58399,130,128,2,2
58400,80,85,-5,5
58401,134,144,-10,10
58402,158,161,-3,3
58403,59,55,4,4
58404,55,60,-5,5
58405,87,93,-6,6
58406,42,44,-2,2
58407,76,73,3,3
58408,62,63,-1,1
58409,119,123,-4,4
58410,103,107,-4,4
58411,172,177,-5,5
58412,134,144,-10,10
58413,68,69,-1,1
58414,62,64,-2,2
58415,57,66,-9,9
58416,147,136,11,11
58417,93,95,-2,2
58418,116,116,0,0
58419,161,162,-1,1
58420,79,95,-16,16
58421,148,152,-4,4
58422,118,120,-2,2
58423,46,54,-8,8
58424,130,137,-7,7
58425,163,163,0,0
58426,56,58,-2,2
58427,74,76,-2,2
58428,66,72,-6,6
58429,84,78,6,6
58430,76,85,-9,9
58431,88,88,0,0
58432,69,72,-3,3
58433,60,63,-3,3
58434,75,73,2,2
58435,164,158,6,6
58436,71,81,-10,10
58437,125,111,14,14
58438,86,97,-11,11
58439,62,65,-3,3
58440,82,81,1,1
58441,55,57,-2,2
58442,58,67,-9,9
58443,52,68,-16,16
58444,107,104,3,3
58445,82,93,-11,11
58446,118,123,-5,5
58447,104,102,2,2
58448,65,66,-1,1
58449,148,156,-8,8
58450,104,105,-1,1
58451,189,191,-2,2
58452,126,122,4,4
58453,92,79,13,13
58454,122,126,-4,4
58455,75,81,-6,6
58456,99,99,0,0
58457,99,99,0,0
58458,154,156,-2,2
58459,89,100,-11,11
58460,145,149,-4,4
58461,81,75,6,6
58462,146,156,-10,10
58463,171,172,-1,1
58464,52,57,-5,5
58465,81,77,4,4
58466,102,101,1,1
58467,137,155,-18,18
58468,43,46,-3,3
58469,93,93,0,0
58470,62,65,-3,3
58471,110,104,6,6
58472,78,76,2,2
58473,112,120,-8,8
58474,64,72,-8,8
58475,52,52,0,0
58476,51,67,-16,16
58477,71,80,-9,9
58478,62,67,-5,5
58479,54,43,11,11
58480,81,79,2,2
58481,156,142,14,14
58482,76,87,-11,11
58483,74,70,4,4
58484,63,73,-10,10
58485,59,57,2,2
58486,45,47,-2,2
58487,127,111,16,16
58488,110,103,7,7
58489,68,66,2,2
58490,89,91,-2,2
58491,64,67,-3,3
58492,116,123,-7,7
58493,68,72,-4,4
58494,211,222,-11,11
58495,93,88,5,5
58496,79,82,-3,3
58497,84,82,2,2
58498,73,74,-1,1
58499,82,78,4,4
58500,80,86,-6,6
58501,75,83,-8,8
58502,83,87,-4,4
58503,123,126,-3,3
58504,52,55,-3,3
58505,133,127,6,6
58506,90,88,2,2
58507,70,67,3,3
58508,74,86,-12,12
58509,84,86,-2,2
58510,90,92,-2,2
58511,92,95,-3,3
58512,55,64,-9,9
58513,62,67,-5,5
58514,120,119,1,1
58515,84,88,-4,4
58516,83,74,9,9
58517,95,113,-18,18
58518,79,75,4,4
58519,89,97,-8,8
58520,149,147,2,2
58521,81,118,-37,37
58522,91,96,-5,5
58523,87,80,7,7
58524,76,78,-2,2
58525,45,52,-7,7
58526,226,241,-15,15
58527,125,126,-1,1
58528,148,171,-23,23
58529,60,61,-1,1
58530,134,137,-3,3
58531,165,167,-2,2
58532,129,129,0,0
58533,65,64,1,1
58534,89,90,-1,1
58535,95,106,-11,11
58536,83,90,-7,7
58537,79,78,1,1
58538,111,115,-4,4
58539,83,76,7,7
58540,121,121,0,0
58541,97,103,-6,6
58542,114,120,-6,6
58543,55,54,1,1
58544,118,113,5,5
58545,95,84,11,11
58546,80,69,11,11
58547,112,117,-5,5
58548,127,124,3,3
58549,140,136,4,4
58550,100,170,-70,70
58551,50,52,-2,2
58552,130,128,2,2
58553,77,80,-3,3
58554,86,98,-12,12
58555,117,103,14,14
58556,163,156,7,7
58557,78,85,-7,7
58558,118,118,0,0
58559,110,122,-12,12
58560,93,92,1,1
58561,76,90,-14,14
58562,71,66,5,5
58563,85,88,-3,3
58564,39,45,-6,6
58565,77,87,-10,10
58566,57,61,-4,4
58567,68,71,-3,3
58568,74,73,1,1
58569,80,78,2,2
58570,86,93,-7,7
58571,55,57,-2,2
58572,129,112,17,17
58573,181,200,-19,19
58574,71,74,-3,3
58575,106,136,-30,30
58576,43,37,6,6
58577,157,163,-6,6
58578,68,63,5,5
58579,134,125,9,9
58580,137,152,-15,15
58581,71,75,-4,4
58582,48,53,-5,5
58583,45,52,-7,7
58584,75,80,-5,5
58585,67,83,-16,16
58586,108,101,7,7
58587,81,82,-1,1
58588,94,95,-1,1
58589,229,233,-4,4
58590,58,63,-5,5
58591,75,81,-6,6
58592,97,117,-20,20
58593,142,145,-3,3
58594,196,165,31,31
58595,78,79,-1,1
58596,101,120,-19,19
58597,100,82,18,18
58598,82,75,7,7
58599,100,103,-3,3
58600,81,86,-5,5
58601,81,86,-5,5
58602,106,129,-23,23
58603,74,65,9,9
58604,77,89,-12,12
58605,124,129,-5,5
58606,35,39,-4,4
58607,76,98,-22,22
58608,106,107,-1,1
58609,83,88,-5,5
58610,82,84,-2,2
58611,77,83,-6,6
58612,113,117,-4,4
58613,86,84,2,2
58614,115,105,10,10
58615,98,93,5,5
58616,69,81,-12,12
58617,90,104,-14,14
58618,99,96,3,3
58619,59,71,-12,12
58620,109,99,10,10
58621,72,77,-5,5
58622,130,128,2,2
58623,118,125,-7,7
58624,113,111,2,2
58625,98,96,2,2
58626,102,99,3,3
58627,142,128,14,14
58628,95,104,-9,9
58629,89,95,-6,6
58630,45,61,-16,16
58631,35,42,-7,7
58632,54,63,-9,9
58633,102,89,13,13
58634,27,52,-25,25
58635,66,66,0,0
58636,35,51,-16,16
58637,115,109,6,6
58638,148,153,-5,5
58639,98,96,2,2
58640,115,107,8,8
58641,79,90,-11,11
58642,84,87,-3,3
58643,147,150,-3,3
58644,79,77,2,2
58645,62,61,1,1
58646,95,87,8,8
58647,71,74,-3,3
58648,66,66,0,0
58649,84,87,-3,3
58650,142,140,2,2
58651,142,135,7,7
58652,91,77,14,14
58653,102,98,4,4
58654,105,141,-36,36
58655,66,62,4,4
58656,83,92,-9,9
58657,63,59,4,4
58658,66,72,-6,6
58659,109,116,-7,7
58660,71,66,5,5
58661,92,86,6,6
58662,139,148,-9,9
58663,117,127,-10,10
58664,120,127,-7,7
58665,94,112,-18,18
58666,99,101,-2,2
58667,58,61,-3,3
58668,129,137,-8,8
58669,66,68,-2,2
58670,126,86,40,40
58671,111,122,-11,11
58672,54,49,5,5
58673,153,132,21,21
58674,82,82,0,0
58675,56,61,-5,5
58676,59,67,-8,8
58677,146,129,17,17
58678,64,66,-2,2
58679,56,59,-3,3
58680,60,66,-6,6
58681,21,66,-45,45
58682,132,139,-7,7
58683,85,94,-9,9
58684,113,108,5,5
58685,81,82,-1,1
58686,110,114,-4,4
58687,98,95,3,3
58688,86,95,-9,9
58689,102,105,-3,3
58690,129,147,-18,18
58691,89,89,0,0
58692,121,121,0,0
58693,104,104,0,0
58694,63,74,-11,11
58695,138,121,17,17
58696,119,144,-25,25
58697,92,90,2,2
58698,113,113,0,0
58699,97,101,-4,4
58700,162,160,2,2
58701,41,52,-11,11
58702,112,113,-1,1
58703,124,121,3,3
58704,76,80,-4,4
58705,116,120,-4,4
58706,86,80,6,6
58707,69,68,1,1
58708,99,108,-9,9
58709,65,75,-10,10
58710,70,82,-12,12
58711,111,106,5,5
58712,79,80,-1,1
58713,92,100,-8,8
58714,92,81,11,11
58715,126,129,-3,3
58716,109,93,16,16
58717,65,73,-8,8
58718,79,77,2,2
58719,160,168,-8,8
58720,75,83,-8,8
58721,95,91,4,4
58722,97,98,-1,1
58723,102,99,3,3
58724,75,73,2,2
58725,119,122,-3,3
58726,31,55,-24,24
58727,137,125,12,12
58728,99,120,-21,21
58729,135,133,2,2
58730,143,153,-10,10
58731,128,130,-2,2
58732,135,137,-2,2
58733,56,61,-5,5
58734,79,75,4,4
58735,157,136,21,21
58736,103,109,-6,6
58737,147,150,-3,3
58738,78,80,-2,2
58739,124,129,-5,5
58740,57,63,-6,6
58741,63,82,-19,19
58742,79,78,1,1
58743,87,93,-6,6
58744,105,97,8,8
58745,119,109,10,10
58746,41,45,-4,4
58747,62,71,-9,9
58748,148,159,-11,11
58749,113,119,-6,6
58750,236,237,-1,1
58751,49,57,-8,8
58752,78,88,-10,10
58753,105,109,-4,4
58754,136,126,10,10
58755,93,99,-6,6
58756,55,62,-7,7
58757,87,93,-6,6
58758,67,76,-9,9
58759,113,106,7,7
58760,52,55,-3,3
58761,102,123,-21,21
58762,149,117,32,32
58763,65,78,-13,13
58764,106,97,9,9
58765,88,85,3,3
58766,175,171,4,4
58767,116,120,-4,4
58768,128,128,0,0
58769,86,86,0,0
58770,154,124,30,30
58771,93,91,2,2
58772,65,98,-33,33
58773,119,129,-10,10
58774,81,74,7,7
58775,93,116,-23,23
58776,77,87,-10,10
58777,144,114,30,30
58778,105,110,-5,5
58779,111,96,15,15
58780,143,131,12,12
58781,96,95,1,1
58782,86,97,-11,11
58783,78,79,-1,1
58784,136,133,3,3
58785,82,83,-1,1
58786,91,93,-2,2
58787,83,87,-4,4
58788,106,108,-2,2
58789,94,98,-4,4
58790,99,107,-8,8
58791,78,77,1,1
58792,154,148,6,6
58793,77,70,7,7
58794,184,180,4,4
58795,192,186,6,6
58796,77,75,2,2
58797,105,114,-9,9
58798,62,69,-7,7
58799,103,104,-1,1
58800,59,66,-7,7
58801,77,70,7,7
58802,155,161,-6,6
58803,90,88,2,2
58804,98,107,-9,9
58805,93,94,-1,1
58806,132,133,-1,1
58807,115,125,-10,10
58808,67,68,-1,1
58809,198,213,-15,15
58810,90,92,-2,2
58811,114,113,1,1
58812,108,112,-4,4
58813,77,90,-13,13
58814,114,124,-10,10
58815,126,138,-12,12
58816,86,83,3,3
58817,67,72,-5,5
58818,108,106,2,2
58819,92,92,0,0
58820,123,121,2,2
58821,96,105,-9,9
58822,64,64,0,0
58823,166,167,-1,1
58824,218,236,-18,18
58825,89,91,-2,2
58826,76,75,1,1
58827,69,73,-4,4
58828,122,129,-7,7
58829,115,121,-6,6
58830,87,98,-11,11
58831,119,119,0,0
58832,95,90,5,5
58833,82,82,0,0
58834,57,59,-2,2
58835,100,111,-11,11
58836,86,78,8,8
58837,101,94,7,7
58838,65,60,5,5
58839,106,111,-5,5
58840,75,71,4,4
58841,142,141,1,1
58842,81,76,5,5
58843,77,82,-5,5
58844,59,47,12,12
58845,130,119,11,11
58846,100,95,5,5
58847,92,98,-6,6
58848,55,56,-1,1
58849,101,136,-35,35
58850,66,67,-1,1
58851,108,106,2,2
58852,83,85,-2,2
58853,69,65,4,4
58854,140,131,9,9
58855,87,81,6,6
58856,96,106,-10,10
58857,167,168,-1,1
58858,72,69,3,3
58859,88,94,-6,6
58860,124,117,7,7
58861,91,99,-8,8
58862,51,52,-1,1
58863,87,75,12,12
58864,92,99,-7,7
58865,58,62,-4,4
58866,45,53,-8,8
58867,95,88,7,7
58868,134,127,7,7
58869,91,92,-1,1
58870,121,125,-4,4
58871,51,46,5,5
58872,58,56,2,2
58873,48,48,0,0
58874,75,82,-7,7
58875,46,53,-7,7
58876,56,61,-5,5
58877,87,84,3,3
58878,47,68,-21,21
58879,88,92,-4,4
58880,112,108,4,4
58881,56,62,-6,6
58882,104,106,-2,2
58883,61,63,-2,2
58884,96,99,-3,3
58885,113,112,1,1
58886,66,62,4,4
58887,153,156,-3,3
58888,115,133,-18,18
58889,100,101,-1,1
58890,73,70,3,3
58891,89,71,18,18
58892,101,110,-9,9
58893,82,92,-10,10
58894,89,102,-13,13
58895,94,102,-8,8
58896,93,89,4,4
58897,113,113,0,0
58898,129,119,10,10
58899,68,64,4,4
58900,68,64,4,4
58901,94,95,-1,1
58902,157,158,-1,1
58903,99,103,-4,4
58904,54,64,-10,10
58905,123,118,5,5
58906,94,91,3,3
58907,183,189,-6,6
58908,74,77,-3,3
58909,59,59,0,0
58910,173,170,3,3
58911,122,123,-1,1
58912,75,76,-1,1
58913,77,84,-7,7
58914,63,69,-6,6
58915,90,103,-13,13
58916,56,59,-3,3
58917,82,87,-5,5
58918,86,105,-19,19
58919,149,151,-2,2
58920,108,94,14,14
58921,73,74,-1,1
58922,67,71,-4,4
58923,93,95,-2,2
58924,55,53,2,2
58925,108,120,-12,12
58926,118,108,10,10
58927,30,42,-12,12
58928,70,76,-6,6
58929,94,96,-2,2
58930,84,75,9,9
58931,77,75,2,2
58932,64,65,-1,1
58933,103,109,-6,6
58934,93,123,-30,30
58935,91,88,3,3
58936,65,69,-4,4
58937,108,105,3,3
58938,117,109,8,8
58939,45,46,-1,1
58940,113,119,-6,6
58941,70,69,1,1
58942,75,100,-25,25
58943,79,77,2,2
58944,59,55,4,4
58945,59,58,1,1
58946,42,57,-15,15
58947,96,72,24,24
58948,109,106,3,3
58949,95,108,-13,13
58950,126,131,-5,5
58951,89,95,-6,6
58952,99,103,-4,4
58953,145,158,-13,13
58954,108,91,17,17
58955,84,87,-3,3
58956,82,87,-5,5
58957,171,157,14,14
58958,103,100,3,3
58959,118,122,-4,4
58960,180,175,5,5
58961,61,63,-2,2
58962,163,152,11,11
58963,135,161,-26,26
58964,152,145,7,7
58965,109,98,11,11
58966,61,69,-8,8
58967,108,100,8,8
58968,181,199,-18,18
58969,104,115,-11,11
58970,105,101,4,4
58971,68,68,0,0
58972,116,152,-36,36
58973,144,142,2,2
58974,85,70,15,15
58975,141,152,-11,11
58976,152,162,-10,10
58977,114,120,-6,6
58978,143,140,3,3
58979,155,161,-6,6
58980,191,178,13,13
58981,102,98,4,4
58982,77,80,-3,3
58983,97,99,-2,2
58984,85,92,-7,7
58985,82,77,5,5
58986,83,74,9,9
58987,64,63,1,1
58988,135,138,-3,3
58989,86,69,17,17
58990,59,54,5,5
58991,71,66,5,5
58992,65,65,0,0
58993,134,129,5,5
58994,85,85,0,0
58995,159,152,7,7
58996,145,157,-12,12
58997,66,70,-4,4
58998,71,74,-3,3
58999,154,143,11,11
59000,159,156,3,3
59001,50,57,-7,7
59002,95,104,-9,9
59003,81,81,0,0
59004,128,121,7,7
59005,79,84,-5,5
59006,93,104,-11,11
59007,156,158,-2,2
59008,107,101,6,6
59009,48,54,-6,6
59010,49,60,-11,11
59011,52,108,-56,56
59012,43,45,-2,2
59013,166,170,-4,4
59014,59,60,-1,1
59015,97,91,6,6
59016,143,168,-25,25
59017,107,116,-9,9
59018,122,120,2,2
59019,77,72,5,5
59020,77,83,-6,6
59021,52,51,1,1
59022,70,73,-3,3
59023,93,96,-3,3
59024,93,110,-17,17
59025,110,116,-6,6
59026,53,74,-21,21
59027,67,69,-2,2
59028,185,186,-1,1
59029,90,79,11,11
59030,107,104,3,3
59031,148,156,-8,8
59032,119,121,-2,2
59033,95,111,-16,16
59034,112,106,6,6
59035,171,180,-9,9
59036,110,95,15,15
59037,76,81,-5,5
59038,99,103,-4,4
59039,94,108,-14,14
59040,107,115,-8,8
59041,73,78,-5,5
59042,133,120,13,13
59043,70,85,-15,15
59044,80,65,15,15
59045,149,147,2,2
59046,78,82,-4,4
59047,95,97,-2,2
59048,79,89,-10,10
59049,42,52,-10,10
59050,73,74,-1,1
59051,346,289,57,57
59052,70,33,37,37
59053,75,79,-4,4
59054,144,149,-5,5
59055,63,64,-1,1
59056,80,77,3,3
59057,124,113,11,11
59058,69,69,0,0
59059,99,99,0,0
59060,140,123,17,17
59061,117,114,3,3
59062,58,60,-2,2
59063,84,86,-2,2
59064,47,48,-1,1
59065,86,84,2,2
59066,52,57,-5,5
59067,77,87,-10,10
59068,69,70,-1,1
59069,107,99,8,8
59070,118,102,16,16
59071,81,88,-7,7
59072,109,103,6,6
59073,97,104,-7,7
59074,85,87,-2,2
59075,81,73,8,8
59076,65,70,-5,5
59077,101,115,-14,14
59078,90,108,-18,18
59079,68,77,-9,9
59080,59,58,1,1
59081,97,101,-4,4
59082,104,104,0,0
59083,52,56,-4,4
59084,58,65,-7,7
59085,64,74,-10,10
59086,92,95,-3,3
59087,179,170,9,9
59088,112,107,5,5
59089,100,111,-11,11
59090,60,59,1,1
59091,102,103,-1,1
59092,111,107,4,4
59093,100,95,5,5
59094,80,78,2,2
59095,89,90,-1,1
59096,124,139,-15,15
59097,70,74,-4,4
59098,85,98,-13,13
59099,79,86,-7,7
59100,74,71,3,3
59101,66,66,0,0
59102,75,79,-4,4
59103,83,83,0,0
59104,65,64,1,1
59105,119,122,-3,3
59106,102,96,6,6
59107,81,85,-4,4
59108,77,76,1,1
59109,81,77,4,4
59110,94,100,-6,6
59111,103,110,-7,7
59112,104,99,5,5
59113,118,106,12,12
59114,90,89,1,1
59115,71,75,-4,4
59116,114,112,2,2
59117,120,105,15,15
59118,85,82,3,3
59119,79,86,-7,7
59120,49,27,22,22
59121,74,76,-2,2
59122,99,102,-3,3
59123,106,111,-5,5
59124,89,94,-5,5
59125,21,70,-49,49
59126,114,115,-1,1
59127,90,97,-7,7
59128,129,130,-1,1
59129,64,61,3,3
59130,44,49,-5,5
59131,150,136,14,14
59132,136,142,-6,6
59133,119,125,-6,6
59134,68,81,-13,13
59135,87,109,-22,22
59136,66,78,-12,12
59137,103,109,-6,6
59138,117,118,-1,1
59139,111,103,8,8
59140,112,90,22,22
59141,101,89,12,12
59142,143,150,-7,7
59143,81,82,-1,1
59144,180,156,24,24
59145,61,63,-2,2
59146,131,131,0,0
59147,70,77,-7,7
59148,107,118,-11,11
59149,135,128,7,7
59150,92,89,3,3
59151,81,83,-2,2
59152,108,108,0,0
59153,90,86,4,4
59154,86,82,4,4
59155,127,119,8,8
59156,47,57,-10,10
59157,130,136,-6,6
59158,84,97,-13,13
59159,79,77,2,2
59160,91,90,1,1
59161,120,111,9,9
59162,80,77,3,3
59163,59,60,-1,1
59164,81,95,-14,14
59165,143,148,-5,5
59166,117,106,11,11
59167,143,147,-4,4
59168,154,125,29,29
59169,57,66,-9,9
59170,69,72,-3,3
59171,44,45,-1,1
59172,84,95,-11,11
59173,96,88,8,8
59174,80,82,-2,2
59175,61,82,-21,21
59176,64,79,-15,15
59177,67,63,4,4
59178,108,109,-1,1
59179,87,88,-1,1
59180,87,92,-5,5
59181,112,98,14,14
59182,147,148,-1,1
59183,143,146,-3,3
59184,124,148,-24,24
59185,160,156,4,4
59186,109,112,-3,3
59187,71,70,1,1
59188,138,142,-4,4
59189,76,76,0,0
59190,96,90,6,6
59191,94,88,6,6
59192,44,46,-2,2
59193,83,91,-8,8
59194,49,51,-2,2
59195,75,85,-10,10
59196,104,112,-8,8
59197,75,75,0,0
59198,93,94,-1,1
59199,96,105,-9,9
59200,81,93,-12,12
59201,80,80,0,0
59202,97,69,28,28
59203,65,70,-5,5
59204,46,52,-6,6
59205,79,82,-3,3
59206,88,88,0,0
59207,62,69,-7,7
59208,84,77,7,7
59209,70,72,-2,2
59210,129,145,-16,16
59211,104,88,16,16
59212,116,121,-5,5
59213,126,118,8,8
59214,95,100,-5,5
59215,66,70,-4,4
59216,81,79,2,2
59217,133,123,10,10
59218,95,98,-3,3
59219,151,145,6,6
59220,88,90,-2,2
59221,110,110,0,0
59222,69,76,-7,7
59223,106,101,5,5
59224,64,73,-9,9
59225,126,116,10,10
59226,41,43,-2,2
59227,97,99,-2,2
59228,46,76,-30,30
59229,52,67,-15,15
59230,66,59,7,7
59231,81,81,0,0
59232,81,83,-2,2
59233,85,85,0,0
59234,35,47,-12,12
59235,118,115,3,3
59236,94,97,-3,3
59237,92,78,14,14
59238,55,58,-3,3
59239,99,100,-1,1
59240,68,72,-4,4
59241,56,56,0,0
59242,97,108,-11,11
59243,110,120,-10,10
59244,152,150,2,2
59245,40,54,-14,14
59246,52,61,-9,9
59247,169,180,-11,11
59248,160,157,3,3
59249,78,79,-1,1
59250,77,88,-11,11
59251,40,47,-7,7
59252,93,123,-30,30
59253,115,110,5,5
59254,108,105,3,3
59255,69,73,-4,4
59256,126,164,-38,38
59257,133,144,-11,11
59258,116,114,2,2
59259,76,90,-14,14
59260,42,49,-7,7
59261,74,80,-6,6
59262,145,142,3,3
59263,72,69,3,3
59264,103,110,-7,7
59265,67,70,-3,3
59266,139,132,7,7
59267,93,82,11,11
59268,112,108,4,4
59269,176,166,10,10
59270,70,75,-5,5
59271,158,106,52,52
59272,71,73,-2,2
59273,47,44,3,3
59274,93,92,1,1
59275,57,65,-8,8
59276,75,67,8,8
59277,62,74,-12,12
59278,104,132,-28,28
59279,143,138,5,5
59280,83,78,5,5
59281,75,74,1,1
59282,92,94,-2,2
59283,60,65,-5,5
59284,117,112,5,5
59285,64,67,-3,3
59286,61,64,-3,3
59287,87,79,8,8
59288,175,182,-7,7
59289,58,33,25,25
59290,77,71,6,6
59291,96,81,15,15
59292,120,130,-10,10
59293,176,166,10,10
59294,132,133,-1,1
59295,67,66,1,1
59296,73,81,-8,8
59297,120,146,-26,26
59298,71,75,-4,4
59299,63,58,5,5
59300,74,68,6,6
59301,35,58,-23,23
59302,129,123,6,6
59303,132,140,-8,8
59304,75,75,0,0
59305,122,122,0,0
59306,89,95,-6,6
59307,90,81,9,9
59308,71,78,-7,7
59309,92,82,10,10
59310,184,175,9,9
59311,59,97,-38,38
59312,90,97,-7,7
59313,100,87,13,13
59314,83,91,-8,8
59315,83,89,-6,6
59316,78,79,-1,1
59317,106,105,1,1
59318,107,115,-8,8
59319,45,53,-8,8
59320,82,85,-3,3
59321,85,98,-13,13
59322,109,93,16,16
59323,70,73,-3,3
59324,70,72,-2,2
59325,109,114,-5,5
59326,62,57,5,5
59327,63,65,-2,2
59328,67,73,-6,6
59329,38,48,-10,10
59330,45,49,-4,4
59331,111,103,8,8
59332,99,115,-16,16
59333,52,60,-8,8
59334,93,94,-1,1
59335,103,122,-19,19
59336,86,88,-2,2
59337,69,67,2,2
59338,52,78,-26,26
59339,215,168,47,47
59340,90,94,-4,4
59341,54,60,-6,6
59342,110,112,-2,2
59343,97,93,4,4
59344,150,93,57,57
59345,142,130,12,12
59346,57,71,-14,14
59347,116,118,-2,2
59348,177,171,6,6
59349,109,109,0,0
59350,78,82,-4,4
59351,79,86,-7,7
59352,51,57,-6,6
59353,80,94,-14,14
59354,99,112,-13,13
59355,49,56,-7,7
59356,153,159,-6,6
59357,174,170,4,4
59358,100,98,2,2
59359,147,144,3,3
59360,75,98,-23,23
59361,138,120,18,18
59362,78,73,5,5
59363,77,82,-5,5
59364,93,90,3,3
59365,148,144,4,4
59366,176,168,8,8
59367,74,77,-3,3
59368,178,200,-22,22
59369,107,120,-13,13
59370,103,99,4,4
59371,125,126,-1,1
59372,119,111,8,8
59373,98,101,-3,3
59374,69,63,6,6
59375,72,70,2,2
59376,81,85,-4,4
59377,54,63,-9,9
59378,110,122,-12,12
59379,84,89,-5,5
59380,148,155,-7,7
59381,61,59,2,2
59382,94,104,-10,10
59383,79,100,-21,21
59384,77,80,-3,3
59385,83,83,0,0
59386,102,100,2,2
59387,99,102,-3,3
59388,104,97,7,7
59389,128,134,-6,6
59390,73,77,-4,4
59391,85,85,0,0
59392,123,143,-20,20
59393,87,87,0,0
59394,135,92,43,43
59395,71,66,5,5
59396,81,97,-16,16
59397,64,64,0,0
59398,71,69,2,2
59399,105,104,1,1
59400,59,56,3,3
59401,140,137,3,3
59402,161,157,4,4
59403,100,89,11,11
59404,89,84,5,5
59405,64,60,4,4
59406,154,165,-11,11
59407,167,144,23,23
59408,178,166,12,12
59409,88,77,11,11
59410,79,102,-23,23
59411,72,79,-7,7
59412,85,83,2,2
59413,92,90,2,2
59414,71,84,-13,13
59415,60,60,0,0
59416,66,63,3,3
59417,95,86,9,9
59418,82,80,2,2
59419,82,96,-14,14
59420,91,84,7,7
59421,121,110,11,11
59422,78,78,0,0
59423,148,151,-3,3
59424,95,97,-2,2
59425,138,145,-7,7
59426,61,63,-2,2
59427,66,69,-3,3
59428,83,81,2,2
59429,61,72,-11,11
59430,60,61,-1,1
59431,56,68,-12,12
59432,127,125,2,2
59433,62,56,6,6
59434,133,135,-2,2
59435,79,75,4,4
59436,123,107,16,16
59437,53,61,-8,8
59438,79,79,0,0
59439,126,117,9,9
59440,117,139,-22,22
59441,136,134,2,2
59442,81,107,-26,26
59443,105,133,-28,28
59444,118,129,-11,11
59445,66,62,4,4
59446,59,76,-17,17
59447,129,133,-4,4
59448,93,104,-11,11
59449,87,90,-3,3
59450,45,61,-16,16
59451,64,65,-1,1
59452,121,133,-12,12
59453,168,157,11,11
59454,81,74,7,7
59455,99,95,4,4
59456,117,112,5,5
59457,95,87,8,8
59458,66,76,-10,10
59459,122,113,9,9
59460,112,126,-14,14
59461,71,83,-12,12
59462,172,192,-20,20
59463,108,106,2,2
59464,85,85,0,0
59465,130,126,4,4
59466,64,68,-4,4
59467,74,82,-8,8
59468,63,70,-7,7
59469,145,142,3,3
59470,95,103,-8,8
59471,138,142,-4,4
59472,105,100,5,5
59473,51,58,-7,7
59474,109,125,-16,16
59475,91,112,-21,21
59476,70,64,6,6
59477,129,134,-5,5
59478,106,88,18,18
59479,82,83,-1,1
59480,54,63,-9,9
59481,151,164,-13,13
59482,120,119,1,1
59483,151,148,3,3
59484,96,106,-10,10
59485,62,71,-9,9
59486,165,166,-1,1
59487,138,131,7,7
59488,128,135,-7,7
59489,80,72,8,8
59490,94,100,-6,6
59491,86,95,-9,9
59492,130,130,0,0
59493,154,146,8,8
59494,81,87,-6,6
59495,152,146,6,6
59496,52,71,-19,19
59497,65,68,-3,3
59498,109,89,20,20
59499,72,73,-1,1
59500,103,97,6,6
59501,112,102,10,10
59502,65,72,-7,7
59503,77,90,-13,13
59504,189,216,-27,27
59505,178,176,2,2
59506,48,53,-5,5
59507,145,143,2,2
59508,47,68,-21,21
59509,146,145,1,1
59510,118,122,-4,4
59511,78,80,-2,2
59512,93,99,-6,6
59513,72,78,-6,6
59514,86,91,-5,5
59515,118,107,11,11
59516,87,91,-4,4
59517,42,43,-1,1
59518,87,100,-13,13
59519,87,97,-10,10
59520,159,153,6,6
59521,96,100,-4,4
59522,50,54,-4,4
59523,76,92,-16,16
59524,111,116,-5,5
59525,140,142,-2,2
59526,133,125,8,8
59527,89,106,-17,17
59528,94,99,-5,5
59529,60,59,1,1
59530,67,76,-9,9
59531,166,152,14,14
59532,74,76,-2,2
59533,88,90,-2,2
59534,113,108,5,5
59535,114,110,4,4
59536,98,91,7,7
59537,52,71,-19,19
59538,109,111,-2,2
59539,51,54,-3,3
59540,92,91,1,1
59541,79,82,-3,3
59542,65,71,-6,6
59543,80,82,-2,2
59544,130,124,6,6
59545,90,118,-28,28
59546,108,92,16,16
59547,84,94,-10,10
59548,160,158,2,2
59549,53,55,-2,2
59550,62,73,-11,11
59551,65,79,-14,14
59552,65,73,-8,8
59553,61,52,9,9
59554,35,48,-13,13
59555,113,111,2,2
59556,69,74,-5,5
59557,56,53,3,3
59558,103,110,-7,7
59559,76,74,2,2
59560,106,120,-14,14
59561,157,162,-5,5
59562,150,148,2,2
59563,79,82,-3,3
59564,94,92,2,2
59565,59,67,-8,8
59566,135,161,-26,26
59567,91,99,-8,8
59568,129,138,-9,9
59569,80,77,3,3
59570,58,50,8,8
59571,96,87,9,9
59572,160,172,-12,12
59573,80,75,5,5
59574,55,57,-2,2
59575,101,113,-12,12
59576,85,92,-7,7
59577,68,73,-5,5
59578,95,111,-16,16
59579,110,110,0,0
59580,75,86,-11,11
59581,73,79,-6,6
59582,90,89,1,1
59583,78,82,-4,4
59584,148,143,5,5
59585,94,95,-1,1
59586,64,66,-2,2
59587,186,169,17,17
59588,40,48,-8,8
59589,74,72,2,2
59590,140,137,3,3
59591,103,107,-4,4
59592,179,157,22,22
59593,209,185,24,24
59594,114,122,-8,8
59595,44,60,-16,16
59596,84,80,4,4
59597,55,56,-1,1
59598,150,148,2,2
59599,64,65,-1,1
59600,61,68,-7,7
59601,89,91,-2,2
59602,129,118,11,11
59603,61,70,-9,9
59604,125,120,5,5
59605,129,121,8,8
59606,94,96,-2,2
59607,86,78,8,8
59608,124,132,-8,8
59609,45,52,-7,7
59610,131,120,11,11
59611,89,93,-4,4
59612,140,153,-13,13
59613,85,93,-8,8
59614,178,138,40,40
59615,120,114,6,6
59616,135,127,8,8
59617,72,70,2,2
59618,45,59,-14,14
59619,63,61,2,2
59620,62,76,-14,14
59621,87,86,1,1
59622,165,174,-9,9
59623,107,137,-30,30
59624,69,78,-9,9
59625,94,93,1,1
59626,58,60,-2,2
59627,105,98,7,7
59628,115,120,-5,5
59629,92,91,1,1
59630,80,81,-1,1
59631,154,142,12,12
59632,61,60,1,1
59633,115,123,-8,8
59634,52,59,-7,7
59635,69,60,9,9
59636,58,65,-7,7
59637,92,100,-8,8
59638,56,62,-6,6
59639,94,113,-19,19
59640,70,78,-8,8
59641,126,105,21,21
59642,77,81,-4,4
59643,77,73,4,4
59644,160,164,-4,4
59645,69,70,-1,1
59646,73,74,-1,1
59647,72,77,-5,5
59648,72,71,1,1
59649,124,112,12,12
59650,78,74,4,4
59651,81,83,-2,2
59652,156,156,0,0
59653,67,77,-10,10
59654,118,119,-1,1
59655,79,75,4,4
59656,81,78,3,3
59657,87,79,8,8
59658,57,71,-14,14
59659,70,148,-78,78
59660,147,109,38,38
59661,141,141,0,0
59662,42,71,-29,29
59663,89,92,-3,3
59664,94,95,-1,1
59665,103,105,-2,2
59666,100,109,-9,9
59667,56,51,5,5
59668,85,83,2,2
59669,77,75,2,2
59670,89,90,-1,1
59671,125,149,-24,24
59672,41,44,-3,3
59673,135,121,14,14
59674,70,77,-7,7
59675,51,53,-2,2
59676,86,94,-8,8
59677,100,102,-2,2
59678,103,113,-10,10
59679,62,66,-4,4
59680,153,140,13,13
59681,173,170,3,3
59682,137,152,-15,15
59683,107,92,15,15
59684,161,148,13,13
59685,139,140,-1,1
59686,62,56,6,6
59687,71,69,2,2
59688,104,133,-29,29
59689,115,112,3,3
59690,144,147,-3,3
59691,76,78,-2,2
59692,168,168,0,0
59693,76,71,5,5
59694,78,83,-5,5
59695,94,126,-32,32
59696,92,75,17,17
59697,96,94,2,2
59698,131,125,6,6
59699,93,98,-5,5
59700,93,90,3,3
59701,60,60,0,0
59702,78,71,7,7
59703,72,80,-8,8
59704,141,89,52,52
59705,116,113,3,3
59706,83,92,-9,9
59707,78,93,-15,15
59708,79,78,1,1
59709,113,123,-10,10
59710,46,48,-2,2
59711,93,100,-7,7
59712,99,91,8,8
59713,103,118,-15,15
59714,98,95,3,3
59715,113,116,-3,3
59716,121,151,-30,30
59717,58,63,-5,5
59718,92,96,-4,4
59719,89,100,-11,11
59720,99,101,-2,2
59721,89,91,-2,2
59722,79,85,-6,6
59723,138,139,-1,1
59724,79,82,-3,3
59725,73,84,-11,11
59726,88,87,1,1
59727,73,83,-10,10
59728,95,102,-7,7
59729,104,112,-8,8
59730,77,73,4,4
59731,54,59,-5,5
59732,128,126,2,2
59733,88,94,-6,6
59734,89,86,3,3
59735,100,106,-6,6
59736,132,134,-2,2
59737,73,91,-18,18
59738,69,72,-3,3
59739,88,79,9,9
59740,127,130,-3,3
59741,135,135,0,0
59742,71,77,-6,6
59743,133,130,3,3
59744,98,102,-4,4
59745,96,82,14,14
59746,121,121,0,0
59747,110,105,5,5
59748,63,68,-5,5
59749,149,149,0,0
59750,75,89,-14,14
59751,61,75,-14,14
59752,203,189,14,14
59753,106,109,-3,3
59754,90,81,9,9
59755,111,98,13,13
59756,98,95,3,3
59757,70,87,-17,17
59758,77,67,10,10
59759,65,77,-12,12
59760,110,123,-13,13
59761,82,93,-11,11
59762,135,136,-1,1
59763,133,137,-4,4
59764,93,91,2,2
59765,96,109,-13,13
59766,83,92,-9,9
59767,83,83,0,0
59768,114,100,14,14
59769,169,197,-28,28
59770,83,68,15,15
59771,87,88,-1,1
59772,80,97,-17,17
59773,64,71,-7,7
59774,185,182,3,3
59775,110,104,6,6
59776,109,106,3,3
59777,52,58,-6,6
59778,103,102,1,1
59779,34,48,-14,14
59780,69,122,-53,53
59781,154,145,9,9
59782,149,142,7,7
59783,81,76,5,5
59784,81,80,1,1
59785,68,67,1,1
59786,93,81,12,12
59787,57,61,-4,4
59788,129,131,-2,2
59789,98,99,-1,1
59790,117,125,-8,8
59791,76,85,-9,9
59792,36,35,1,1
59793,130,130,0,0
59794,81,83,-2,2
59795,72,79,-7,7
59796,76,80,-4,4
59797,63,66,-3,3
59798,97,100,-3,3
59799,61,73,-12,12
59800,85,91,-6,6
59801,110,129,-19,19
59802,85,80,5,5
59803,77,93,-16,16
59804,127,121,6,6
59805,49,62,-13,13
59806,85,92,-7,7
59807,83,97,-14,14
59808,132,148,-16,16
59809,136,142,-6,6
59810,73,68,5,5
59811,71,76,-5,5
59812,79,85,-6,6
59813,88,94,-6,6
59814,70,127,-57,57
59815,75,68,7,7
59816,46,37,9,9
59817,101,92,9,9
59818,128,152,-24,24
59819,92,91,1,1
59820,149,128,21,21
59821,122,82,40,40
59822,79,104,-25,25
59823,48,68,-20,20
59824,101,108,-7,7
59825,94,89,5,5
59826,125,123,2,2
59827,91,106,-15,15
59828,78,78,0,0
59829,121,124,-3,3
59830,166,151,15,15
59831,96,95,1,1
59832,124,131,-7,7
59833,159,153,6,6
59834,66,69,-3,3
59835,82,80,2,2
59836,75,84,-9,9
59837,59,60,-1,1
59838,85,92,-7,7
59839,99,91,8,8
59840,148,144,4,4
59841,109,101,8,8
59842,81,85,-4,4
59843,99,92,7,7
59844,47,35,12,12
59845,78,84,-6,6
59846,85,98,-13,13
59847,76,87,-11,11
59848,54,49,5,5
59849,106,117,-11,11
59850,83,78,5,5
59851,66,69,-3,3
59852,47,56,-9,9
59853,60,68,-8,8
59854,109,115,-6,6
59855,122,124,-2,2
59856,92,89,3,3
59857,102,93,9,9
59858,130,138,-8,8
59859,104,100,4,4
59860,106,92,14,14
59861,74,77,-3,3
59862,149,147,2,2
59863,46,57,-11,11
59864,55,55,0,0
59865,81,78,3,3
59866,86,91,-5,5
59867,159,154,5,5
59868,49,55,-6,6
59869,76,81,-5,5
59870,109,112,-3,3
59871,88,73,15,15
59872,66,80,-14,14
59873,95,95,0,0
59874,123,116,7,7
59875,49,65,-16,16
59876,60,58,2,2
59877,140,140,0,0
59878,72,68,4,4
59879,103,119,-16,16
59880,88,90,-2,2
59881,94,94,0,0
59882,97,95,2,2
59883,112,112,0,0
59884,37,52,-15,15
59885,70,71,-1,1
59886,217,222,-5,5
59887,159,135,24,24
59888,86,85,1,1
59889,116,124,-8,8
59890,76,74,2,2
59891,159,156,3,3
59892,102,100,2,2
59893,72,78,-6,6
59894,102,106,-4,4
59895,94,91,3,3
59896,56,55,1,1
59897,136,143,-7,7
59898,78,72,6,6
59899,75,79,-4,4
59900,138,134,4,4
59901,79,76,3,3
59902,89,96,-7,7
59903,63,71,-8,8
59904,59,57,2,2
59905,127,136,-9,9
59906,100,99,1,1
59907,60,60,0,0
59908,100,97,3,3
59909,108,98,10,10
59910,152,152,0,0
59911,118,121,-3,3
59912,81,83,-2,2
59913,49,43,6,6
59914,90,92,-2,2
59915,97,95,2,2
59916,90,86,4,4
59917,138,141,-3,3
59918,116,134,-18,18
59919,86,85,1,1
59920,106,97,9,9
59921,155,151,4,4
59922,100,103,-3,3
59923,66,83,-17,17
59924,84,90,-6,6
59925,103,103,0,0
59926,56,51,5,5
59927,100,101,-1,1
59928,93,95,-2,2
59929,135,139,-4,4
59930,32,48,-16,16
59931,93,110,-17,17
59932,107,130,-23,23
59933,62,67,-5,5
59934,59,74,-15,15
59935,91,95,-4,4
59936,75,85,-10,10
59937,73,71,2,2
59938,96,104,-8,8
59939,115,122,-7,7
59940,63,70,-7,7
59941,85,99,-14,14
59942,72,83,-11,11
59943,158,170,-12,12
59944,91,84,7,7
59945,69,79,-10,10
59946,89,121,-32,32
59947,74,76,-2,2
59948,104,232,-128,128
59949,49,62,-13,13
59950,99,107,-8,8
59951,127,120,7,7
59952,73,81,-8,8
59953,49,61,-12,12
59954,87,91,-4,4
59955,157,151,6,6
59956,80,88,-8,8
59957,144,131,13,13
59958,83,98,-15,15
59959,131,141,-10,10
59960,95,103,-8,8
59961,141,141,0,0
59962,89,102,-13,13
59963,59,57,2,2
59964,86,89,-3,3
59965,118,119,-1,1
59966,78,83,-5,5
59967,148,140,8,8
59968,59,56,3,3
59969,104,112,-8,8
59970,85,87,-2,2
59971,103,114,-11,11
59972,236,217,19,19
59973,66,77,-11,11
59974,50,64,-14,14
59975,77,74,3,3
59976,114,102,12,12
59977,85,86,-1,1
59978,88,85,3,3
59979,74,72,2,2
59980,71,78,-7,7
59981,155,154,1,1
59982,62,73,-11,11
59983,100,91,9,9
59984,82,94,-12,12
59985,113,109,4,4
59986,104,53,51,51
59987,104,105,-1,1
59988,105,125,-20,20
59989,153,148,5,5
59990,76,70,6,6
59991,85,77,8,8
59992,119,131,-12,12
59993,106,99,7,7
59994,73,81,-8,8
59995,137,124,13,13
59996,79,75,4,4
59997,186,190,-4,4
59998,63,72,-9,9
59999,93,89,4,4
60000,126,151,-25,25
60001,70,74,-4,4
60002,128,123,5,5
60003,61,65,-4,4
60004,83,76,7,7
60005,108,109,-1,1
60006,87,101,-14,14
60007,97,107,-10,10
60008,62,63,-1,1
60009,129,130,-1,1
60010,124,118,6,6
60011,63,70,-7,7
60012,138,133,5,5
60013,53,52,1,1
60014,76,72,4,4
60015,138,146,-8,8
60016,123,134,-11,11
60017,57,56,1,1
60018,83,73,10,10
60019,96,100,-4,4
60020,119,121,-2,2
60021,72,69,3,3
60022,78,73,5,5
60023,106,99,7,7
60024,83,77,6,6
60025,71,64,7,7
60026,205,190,15,15
60027,59,62,-3,3
60028,57,59,-2,2
60029,90,87,3,3
60030,34,52,-18,18
60031,215,190,25,25
60032,85,86,-1,1
60033,158,163,-5,5
60034,136,131,5,5
60035,55,49,6,6
60036,119,116,3,3
60037,109,145,-36,36
60038,57,59,-2,2
60039,92,88,4,4
60040,99,84,15,15
60041,95,92,3,3
60042,74,74,0,0
60043,84,87,-3,3
60044,107,114,-7,7
60045,78,79,-1,1
60046,64,66,-2,2
60047,66,77,-11,11
60048,88,89,-1,1
60049,135,124,11,11
60050,139,132,7,7
60051,126,151,-25,25
60052,82,86,-4,4
60053,70,67,3,3
60054,81,95,-14,14
60055,60,69,-9,9
60056,56,57,-1,1
60057,131,133,-2,2
60058,59,67,-8,8
60059,83,73,10,10
60060,145,146,-1,1
60061,86,89,-3,3
60062,102,109,-7,7
60063,77,81,-4,4
60064,136,126,10,10
60065,68,75,-7,7
60066,81,81,0,0
60067,82,75,7,7
60068,85,87,-2,2
60069,121,122,-1,1
60070,69,69,0,0
60071,56,62,-6,6
60072,170,173,-3,3
60073,123,133,-10,10
60074,71,87,-16,16
60075,77,77,0,0
60076,140,134,6,6
60077,141,134,7,7
60078,98,95,3,3
60079,93,86,7,7
60080,69,82,-13,13
60081,104,107,-3,3
60082,53,62,-9,9
60083,75,84,-9,9
60084,120,116,4,4
60085,86,86,0,0
60086,98,94,4,4
60087,84,85,-1,1
60088,88,75,13,13
60089,113,118,-5,5
60090,74,76,-2,2
60091,91,84,7,7
60092,149,145,4,4
60093,82,77,5,5
60094,84,81,3,3
60095,195,202,-7,7
60096,117,130,-13,13
60097,120,126,-6,6
60098,180,177,3,3
60099,80,98,-18,18
60100,122,121,1,1
60101,135,139,-4,4
60102,159,168,-9,9
60103,107,112,-5,5
60104,76,83,-7,7
60105,85,87,-2,2
60106,87,86,1,1
60107,88,89,-1,1
60108,41,51,-10,10
60109,78,73,5,5
60110,61,62,-1,1
60111,87,92,-5,5
60112,129,124,5,5
60113,84,81,3,3
60114,142,131,11,11
60115,126,130,-4,4
60116,89,87,2,2
60117,74,67,7,7
60118,51,75,-24,24
60119,141,132,9,9
60120,83,77,6,6
60121,120,165,-45,45
60122,144,140,4,4
60123,67,73,-6,6
60124,82,85,-3,3
60125,67,72,-5,5
60126,85,84,1,1
60127,62,54,8,8
60128,106,108,-2,2
60129,59,66,-7,7
60130,73,73,0,0
60131,145,148,-3,3
60132,65,67,-2,2
60133,72,67,5,5
60134,118,117,1,1
60135,105,120,-15,15
60136,71,73,-2,2
60137,96,101,-5,5
60138,111,108,3,3
60139,73,93,-20,20
60140,88,82,6,6
60141,210,223,-13,13
60142,104,99,5,5
60143,76,66,10,10
60144,43,47,-4,4
60145,110,109,1,1
60146,93,84,9,9
60147,114,111,3,3
60148,190,194,-4,4
60149,87,88,-1,1
60150,85,80,5,5
60151,95,97,-2,2
60152,97,123,-26,26
60153,58,60,-2,2
60154,126,141,-15,15
60155,145,137,8,8
60156,61,69,-8,8
60157,113,100,13,13
60158,42,65,-23,23
60159,108,103,5,5
60160,93,84,9,9
60161,157,167,-10,10
60162,75,75,0,0
60163,59,65,-6,6
60164,101,94,7,7
60165,83,81,2,2
60166,95,91,4,4
60167,100,100,0,0
60168,69,71,-2,2
60169,108,110,-2,2
60170,79,68,11,11
60171,105,102,3,3
60172,98,117,-19,19
60173,123,139,-16,16
60174,103,102,1,1
60175,158,157,1,1
60176,98,98,0,0
60177,128,133,-5,5
60178,54,55,-1,1
60179,54,81,-27,27
60180,86,90,-4,4
60181,119,117,2,2
60182,67,63,4,4
60183,114,117,-3,3
60184,104,104,0,0
60185,81,81,0,0
60186,84,78,6,6
60187,86,89,-3,3
60188,93,93,0,0
60189,75,74,1,1
60190,69,71,-2,2
60191,96,92,4,4
60192,117,123,-6,6
60193,164,160,4,4
60194,121,121,0,0
60195,93,92,1,1
60196,91,87,4,4
60197,144,146,-2,2
60198,101,106,-5,5
60199,135,91,44,44
60200,102,106,-4,4
60201,83,88,-5,5
60202,88,84,4,4
60203,101,106,-5,5
60204,102,103,-1,1
60205,102,108,-6,6
60206,105,97,8,8
60207,99,105,-6,6
60208,151,149,2,2
60209,67,77,-10,10
60210,164,139,25,25
60211,85,92,-7,7
60212,89,101,-12,12
60213,59,61,-2,2
60214,94,87,7,7
60215,123,122,1,1
60216,79,85,-6,6
60217,74,79,-5,5
60218,176,178,-2,2
60219,59,71,-12,12
60220,100,100,0,0
60221,123,127,-4,4
60222,104,108,-4,4
60223,145,154,-9,9
60224,97,103,-6,6
60225,175,172,3,3
60226,63,64,-1,1
60227,124,135,-11,11
60228,68,79,-11,11
60229,139,137,2,2
60230,78,77,1,1
60231,79,86,-7,7
60232,48,55,-7,7
60233,141,139,2,2
60234,136,124,12,12
60235,123,129,-6,6
60236,85,83,2,2
60237,128,121,7,7
60238,97,87,10,10
60239,63,59,4,4
60240,141,154,-13,13
60241,87,85,2,2
60242,93,104,-11,11
60243,54,55,-1,1
60244,133,115,18,18
60245,50,55,-5,5
60246,71,76,-5,5
60247,75,78,-3,3
60248,165,173,-8,8
60249,64,67,-3,3
60250,95,85,10,10
60251,65,64,1,1
60252,106,103,3,3
60253,91,78,13,13
60254,70,74,-4,4
60255,124,131,-7,7
60256,48,64,-16,16
60257,74,82,-8,8
60258,64,57,7,7
60259,104,104,0,0
60260,82,85,-3,3
60261,82,83,-1,1
60262,147,162,-15,15
60263,123,113,10,10
60264,81,85,-4,4
60265,146,156,-10,10
60266,88,93,-5,5
60267,78,86,-8,8
60268,118,125,-7,7
60269,160,159,1,1
60270,176,176,0,0
60271,133,114,19,19
60272,122,126,-4,4
60273,74,81,-7,7
60274,75,79,-4,4
60275,116,118,-2,2
60276,116,118,-2,2
60277,126,120,6,6
60278,53,60,-7,7
60279,58,86,-28,28
60280,169,172,-3,3
60281,100,116,-16,16
60282,56,61,-5,5
60283,63,73,-10,10
60284,58,62,-4,4
60285,56,75,-19,19
60286,131,147,-16,16
60287,74,63,11,11
60288,143,129,14,14
60289,127,131,-4,4
60290,98,98,0,0
60291,60,56,4,4
60292,65,77,-12,12
60293,76,70,6,6
60294,72,77,-5,5
60295,83,77,6,6
60296,41,49,-8,8
60297,91,79,12,12
60298,125,134,-9,9
60299,119,132,-13,13
60300,92,84,8,8
60301,100,118,-18,18
60302,125,125,0,0
60303,95,91,4,4
60304,108,113,-5,5
60305,118,118,0,0
60306,124,142,-18,18
60307,31,45,-14,14
60308,175,186,-11,11
60309,122,122,0,0
60310,117,136,-19,19
60311,30,43,-13,13
60312,184,169,15,15
60313,93,93,0,0
60314,98,96,2,2
60315,82,81,1,1
60316,91,62,29,29
60317,67,71,-4,4
60318,103,87,16,16
60319,127,138,-11,11
60320,64,64,0,0
60321,70,81,-11,11
60322,68,68,0,0
60323,87,99,-12,12
60324,103,93,10,10
60325,91,93,-2,2
60326,77,76,1,1
60327,70,62,8,8
60328,90,97,-7,7
60329,64,64,0,0
60330,53,57,-4,4
60331,87,81,6,6
60332,112,101,11,11
60333,91,93,-2,2
60334,132,139,-7,7
60335,116,121,-5,5
60336,99,106,-7,7
60337,80,76,4,4
60338,125,132,-7,7
60339,83,77,6,6
60340,123,135,-12,12
60341,126,122,4,4
60342,114,118,-4,4
60343,139,136,3,3
60344,135,153,-18,18
60345,61,59,2,2
60346,70,74,-4,4
60347,112,104,8,8
60348,79,78,1,1
60349,58,69,-11,11
60350,131,142,-11,11
60351,154,151,3,3
60352,85,89,-4,4
60353,116,107,9,9
60354,71,82,-11,11
60355,62,80,-18,18
60356,72,75,-3,3
60357,137,145,-8,8
60358,152,157,-5,5
60359,85,86,-1,1
60360,63,64,-1,1
60361,67,60,7,7
60362,108,118,-10,10
60363,120,133,-13,13
60364,103,108,-5,5
60365,96,105,-9,9
60366,108,115,-7,7
60367,49,121,-72,72
60368,83,94,-11,11
60369,91,89,2,2
60370,112,112,0,0
60371,148,146,2,2
60372,110,122,-12,12
60373,90,94,-4,4
60374,71,77,-6,6
60375,95,110,-15,15
60376,78,71,7,7
60377,102,114,-12,12
60378,99,96,3,3
60379,71,74,-3,3
60380,103,111,-8,8
60381,75,80,-5,5
60382,128,132,-4,4
60383,37,37,0,0
60384,82,75,7,7
60385,82,92,-10,10
60386,105,114,-9,9
60387,96,88,8,8
60388,57,49,8,8
60389,135,144,-9,9
60390,87,93,-6,6
60391,75,64,11,11
60392,75,90,-15,15
60393,127,112,15,15
60394,105,115,-10,10
60395,61,62,-1,1
60396,66,97,-31,31
60397,140,138,2,2
60398,129,128,1,1
60399,150,139,11,11
60400,109,111,-2,2
60401,115,136,-21,21
60402,118,119,-1,1
60403,58,52,6,6
60404,79,71,8,8
60405,28,49,-21,21
60406,173,162,11,11
60407,89,94,-5,5
60408,95,91,4,4
60409,71,81,-10,10
60410,87,96,-9,9
60411,77,73,4,4
60412,106,111,-5,5
60413,88,86,2,2
60414,74,84,-10,10
60415,66,49,17,17
60416,64,79,-15,15
60417,115,123,-8,8
60418,59,68,-9,9
60419,142,132,10,10
60420,73,79,-6,6
60421,138,136,2,2
60422,110,109,1,1
60423,81,91,-10,10
60424,143,159,-16,16
60425,137,128,9,9
60426,177,173,4,4
60427,100,102,-2,2
60428,112,120,-8,8
60429,136,125,11,11
60430,48,50,-2,2
60431,112,139,-27,27
60432,115,119,-4,4
60433,134,131,3,3
60434,97,110,-13,13
60435,86,83,3,3
60436,115,116,-1,1
60437,80,79,1,1
60438,157,155,2,2
60439,59,55,4,4
60440,118,115,3,3
60441,64,73,-9,9
60442,123,128,-5,5
60443,70,70,0,0
60444,60,71,-11,11
60445,76,73,3,3
60446,161,164,-3,3
60447,129,147,-18,18
60448,66,61,5,5
60449,104,96,8,8
60450,86,83,3,3
60451,53,54,-1,1
60452,76,69,7,7
60453,202,196,6,6
60454,81,76,5,5
60455,136,142,-6,6
60456,80,73,7,7
60457,54,55,-1,1
60458,71,69,2,2
60459,37,50,-13,13
60460,92,88,4,4
60461,81,79,2,2
60462,94,124,-30,30
60463,116,113,3,3
60464,89,96,-7,7
60465,123,118,5,5
60466,95,95,0,0
60467,114,113,1,1
60468,134,149,-15,15
60469,153,154,-1,1
60470,82,82,0,0
60471,104,90,14,14
60472,101,111,-10,10
60473,73,65,8,8
60474,121,126,-5,5
60475,147,132,15,15
60476,70,76,-6,6
60477,126,135,-9,9
60478,284,267,17,17
60479,124,136,-12,12
60480,107,106,1,1
60481,78,75,3,3
60482,116,119,-3,3
60483,139,137,2,2
60484,127,127,0,0
60485,61,67,-6,6
60486,56,61,-5,5
60487,105,102,3,3
60488,68,77,-9,9
60489,101,99,2,2
60490,64,50,14,14
60491,70,71,-1,1
60492,129,129,0,0
60493,86,86,0,0
60494,71,70,1,1
60495,57,128,-71,71
60496,63,78,-15,15
60497,100,92,8,8
60498,138,145,-7,7
60499,143,140,3,3
60500,123,129,-6,6
60501,114,123,-9,9
60502,69,72,-3,3
60503,71,80,-9,9
60504,65,59,6,6
60505,94,109,-15,15
60506,73,82,-9,9
60507,77,79,-2,2
60508,68,71,-3,3
60509,126,136,-10,10
60510,133,134,-1,1
60511,111,128,-17,17
60512,80,82,-2,2
60513,74,86,-12,12
60514,91,91,0,0
60515,111,124,-13,13
60516,100,102,-2,2
60517,191,177,14,14
60518,124,116,8,8
60519,55,63,-8,8
60520,113,106,7,7
60521,34,45,-11,11
60522,108,109,-1,1
60523,74,71,3,3
60524,163,147,16,16
60525,135,130,5,5
60526,86,100,-14,14
60527,122,124,-2,2
60528,135,128,7,7
60529,68,84,-16,16
60530,75,70,5,5
60531,127,142,-15,15
60532,65,69,-4,4
60533,83,90,-7,7
60534,103,95,8,8
60535,79,81,-2,2
60536,77,75,2,2
60537,116,119,-3,3
60538,123,122,1,1
60539,70,68,2,2
60540,66,70,-4,4
60541,102,110,-8,8
60542,108,138,-30,30
60543,64,58,6,6
60544,116,131,-15,15
60545,154,165,-11,11
60546,78,81,-3,3
60547,97,101,-4,4
60548,64,75,-11,11
60549,109,111,-2,2
60550,109,94,15,15
60551,110,123,-13,13
60552,124,116,8,8
60553,50,54,-4,4
60554,75,67,8,8
60555,112,118,-6,6
60556,72,82,-10,10
60557,113,115,-2,2
60558,70,83,-13,13
60559,112,92,20,20
60560,71,72,-1,1
60561,117,117,0,0
60562,88,94,-6,6
60563,88,82,6,6
60564,96,82,14,14
60565,114,117,-3,3
60566,46,62,-16,16
60567,82,88,-6,6
60568,77,76,1,1
60569,68,83,-15,15
60570,79,88,-9,9
60571,78,88,-10,10
60572,48,52,-4,4
60573,55,63,-8,8
60574,110,117,-7,7
60575,106,101,5,5
60576,88,87,1,1
60577,90,98,-8,8
60578,84,96,-12,12
60579,78,85,-7,7
60580,108,118,-10,10
60581,52,61,-9,9
60582,162,147,15,15
60583,46,51,-5,5
60584,100,110,-10,10
60585,95,94,1,1
60586,138,141,-3,3
60587,53,56,-3,3
60588,100,93,7,7
60589,93,91,2,2
60590,90,114,-24,24
60591,103,108,-5,5
60592,92,85,7,7
60593,52,50,2,2
60594,104,104,0,0
60595,49,56,-7,7
60596,82,80,2,2
60597,104,98,6,6
60598,167,171,-4,4
60599,58,67,-9,9
60600,79,85,-6,6
60601,75,65,10,10
60602,70,73,-3,3
60603,78,77,1,1
60604,70,73,-3,3
60605,130,133,-3,3
60606,90,92,-2,2
60607,68,71,-3,3
60608,97,115,-18,18
60609,83,86,-3,3
60610,51,55,-4,4
60611,70,73,-3,3
60612,35,65,-30,30
60613,24,36,-12,12
60614,113,89,24,24
60615,133,130,3,3
60616,90,97,-7,7
60617,84,85,-1,1
60618,86,86,0,0
60619,63,61,2,2
60620,51,52,-1,1
60621,153,153,0,0
60622,113,118,-5,5
60623,47,50,-3,3
60624,111,108,3,3
60625,67,64,3,3
60626,51,67,-16,16
60627,57,65,-8,8
60628,67,72,-5,5
60629,149,151,-2,2
60630,71,76,-5,5
60631,100,116,-16,16
60632,94,91,3,3
60633,61,55,6,6
60634,100,92,8,8
60635,147,155,-8,8
60636,92,97,-5,5
60637,79,88,-9,9
60638,95,103,-8,8
60639,155,161,-6,6
60640,88,85,3,3
60641,149,160,-11,11
60642,128,131,-3,3
60643,73,63,10,10
60644,124,125,-1,1
60645,78,85,-7,7
60646,73,65,8,8
60647,104,98,6,6
60648,124,107,17,17
60649,65,77,-12,12
60650,98,107,-9,9
60651,100,96,4,4
60652,79,72,7,7
60653,216,188,28,28
60654,77,84,-7,7
60655,64,79,-15,15
60656,43,46,-3,3
60657,124,119,5,5
60658,87,82,5,5
60659,98,97,1,1
60660,91,90,1,1
60661,81,75,6,6
60662,109,125,-16,16
60663,61,72,-11,11
60664,86,91,-5,5
60665,126,123,3,3
60666,85,78,7,7
60667,94,121,-27,27
60668,68,65,3,3
60669,77,73,4,4
60670,72,81,-9,9
60671,107,112,-5,5
60672,83,82,1,1
60673,116,125,-9,9
60674,59,64,-5,5
60675,53,55,-2,2
60676,137,133,4,4
60677,128,116,12,12
60678,97,98,-1,1
60679,97,98,-1,1
60680,75,72,3,3
60681,107,96,11,11
60682,96,97,-1,1
60683,139,132,7,7
60684,62,64,-2,2
60685,90,88,2,2
60686,104,110,-6,6
60687,124,125,-1,1
60688,107,54,53,53
60689,124,137,-13,13
60690,105,104,1,1
60691,134,144,-10,10
60692,122,119,3,3
60693,70,74,-4,4
60694,152,150,2,2
60695,95,92,3,3
60696,67,88,-21,21
60697,109,115,-6,6
60698,170,219,-49,49
60699,80,85,-5,5
60700,88,83,5,5
60701,131,104,27,27
60702,84,76,8,8
60703,97,106,-9,9
60704,149,134,15,15
60705,79,89,-10,10
60706,93,106,-13,13
60707,81,77,4,4
60708,125,133,-8,8
60709,82,81,1,1
60710,79,76,3,3
60711,65,66,-1,1
60712,95,103,-8,8
60713,111,126,-15,15
60714,113,114,-1,1
60715,119,123,-4,4
60716,68,73,-5,5
60717,135,114,21,21
60718,102,94,8,8
60719,96,116,-20,20
60720,107,120,-13,13
60721,86,83,3,3
60722,158,135,23,23
60723,141,135,6,6
60724,129,137,-8,8
60725,49,54,-5,5
60726,149,153,-4,4
60727,114,122,-8,8
60728,40,44,-4,4
60729,55,62,-7,7
60730,85,82,3,3
60731,65,63,2,2
60732,97,109,-12,12
60733,148,150,-2,2
60734,141,130,11,11
60735,69,67,2,2
60736,80,81,-1,1
60737,158,148,10,10
60738,75,83,-8,8
60739,88,92,-4,4
60740,110,105,5,5
60741,82,83,-1,1
60742,58,65,-7,7
60743,76,75,1,1
60744,48,61,-13,13
60745,106,93,13,13
60746,108,116,-8,8
60747,191,167,24,24
60748,100,101,-1,1
60749,58,55,3,3
60750,117,119,-2,2
60751,233,205,28,28
60752,78,86,-8,8
60753,83,74,9,9
60754,66,64,2,2
60755,55,53,2,2
60756,77,78,-1,1
60757,102,96,6,6
60758,62,66,-4,4
60759,71,71,0,0
60760,139,147,-8,8
60761,132,144,-12,12
60762,94,104,-10,10
60763,107,114,-7,7
60764,60,75,-15,15
60765,94,117,-23,23
60766,72,61,11,11
60767,86,85,1,1
60768,75,80,-5,5
60769,87,88,-1,1
60770,148,139,9,9
60771,120,116,4,4
60772,68,69,-1,1
60773,81,76,5,5
60774,222,228,-6,6
60775,68,65,3,3
60776,103,117,-14,14
60777,133,127,6,6
60778,135,118,17,17
60779,97,93,4,4
60780,56,63,-7,7
60781,73,73,0,0
60782,110,117,-7,7
60783,116,122,-6,6
60784,46,45,1,1
60785,119,121,-2,2
60786,42,43,-1,1
60787,71,90,-19,19
60788,80,73,7,7
60789,87,86,1,1
60790,73,80,-7,7
60791,99,96,3,3
60792,36,35,1,1
60793,70,65,5,5
60794,55,59,-4,4
60795,104,103,1,1
60796,135,140,-5,5
60797,103,101,2,2
60798,83,90,-7,7
60799,87,79,8,8
60800,78,76,2,2
60801,68,68,0,0
60802,70,81,-11,11
60803,112,107,5,5
60804,99,100,-1,1
60805,103,110,-7,7
60806,87,85,2,2
60807,105,103,2,2
60808,94,99,-5,5
60809,185,173,12,12
60810,167,171,-4,4
60811,67,76,-9,9
60812,98,84,14,14
60813,109,118,-9,9
60814,139,144,-5,5
60815,88,86,2,2
60816,117,111,6,6
60817,101,113,-12,12
60818,124,136,-12,12
60819,182,152,30,30
60820,198,178,20,20
60821,115,120,-5,5
60822,92,99,-7,7
60823,77,75,2,2
60824,104,105,-1,1
60825,75,80,-5,5
60826,93,83,10,10
60827,173,179,-6,6
60828,121,122,-1,1
60829,141,90,51,51
60830,66,82,-16,16
60831,72,74,-2,2
60832,104,112,-8,8
60833,103,101,2,2
60834,81,80,1,1
60835,122,85,37,37
60836,131,116,15,15
60837,58,58,0,0
60838,106,108,-2,2
60839,119,114,5,5
60840,57,58,-1,1
60841,77,81,-4,4
60842,67,64,3,3
60843,85,82,3,3
60844,62,69,-7,7
60845,140,141,-1,1
60846,72,81,-9,9
60847,125,138,-13,13
60848,166,160,6,6
60849,133,129,4,4
60850,101,92,9,9
60851,156,157,-1,1
60852,68,70,-2,2
60853,70,71,-1,1
60854,127,127,0,0
60855,89,88,1,1
60856,111,115,-4,4
60857,154,137,17,17
60858,91,89,2,2
60859,59,61,-2,2
60860,105,106,-1,1
60861,108,130,-22,22
60862,87,96,-9,9
60863,143,138,5,5
60864,88,86,2,2
60865,83,84,-1,1
60866,105,98,7,7
60867,96,103,-7,7
60868,95,92,3,3
60869,104,115,-11,11
60870,97,121,-24,24
60871,111,117,-6,6
60872,93,90,3,3
60873,54,51,3,3
60874,90,100,-10,10
60875,52,60,-8,8
60876,85,89,-4,4
60877,114,117,-3,3
60878,152,165,-13,13
60879,79,89,-10,10
60880,118,123,-5,5
60881,85,78,7,7
60882,94,88,6,6
60883,49,54,-5,5
60884,56,56,0,0
60885,156,146,10,10
60886,55,54,1,1
60887,116,117,-1,1
60888,84,94,-10,10
60889,105,99,6,6
60890,122,118,4,4
60891,80,89,-9,9
60892,89,87,2,2
60893,117,118,-1,1
60894,50,54,-4,4
60895,65,68,-3,3
60896,115,127,-12,12
60897,78,78,0,0
60898,112,115,-3,3
60899,84,78,6,6
60900,144,152,-8,8
60901,95,91,4,4
60902,125,131,-6,6
60903,115,134,-19,19
60904,76,75,1,1
60905,119,117,2,2
60906,133,159,-26,26
60907,90,82,8,8
60908,112,105,7,7
60909,76,71,5,5
60910,147,149,-2,2
60911,55,60,-5,5
60912,131,126,5,5
60913,116,113,3,3
60914,84,78,6,6
60915,72,78,-6,6
60916,73,72,1,1
60917,43,63,-20,20
60918,73,81,-8,8
60919,82,90,-8,8
60920,56,59,-3,3
60921,99,95,4,4
60922,105,104,1,1
60923,79,97,-18,18
60924,138,125,13,13
60925,111,120,-9,9
60926,36,47,-11,11
60927,138,136,2,2
60928,89,96,-7,7
60929,93,81,12,12
60930,132,140,-8,8
60931,108,108,0,0
60932,66,70,-4,4
60933,71,65,6,6
60934,65,70,-5,5
60935,200,201,-1,1
60936,72,110,-38,38
60937,232,244,-12,12
60938,75,78,-3,3
60939,186,170,16,16
60940,125,126,-1,1
60941,95,107,-12,12
60942,203,154,49,49
60943,176,167,9,9
60944,129,128,1,1
60945,76,78,-2,2
60946,143,144,-1,1
60947,49,47,2,2
60948,92,95,-3,3
60949,92,92,0,0
60950,75,83,-8,8
60951,105,97,8,8
60952,155,134,21,21
60953,95,104,-9,9
60954,86,103,-17,17
60955,132,124,8,8
60956,46,65,-19,19
60957,69,76,-7,7
60958,58,75,-17,17
60959,140,136,4,4
60960,70,69,1,1
60961,89,94,-5,5
60962,84,69,15,15
60963,124,123,1,1
60964,71,72,-1,1
60965,127,131,-4,4
60966,69,72,-3,3
60967,111,109,2,2
60968,125,132,-7,7
60969,85,90,-5,5
60970,76,77,-1,1
60971,85,94,-9,9
60972,55,51,4,4
60973,92,91,1,1
60974,182,171,11,11
60975,89,85,4,4
60976,102,98,4,4
60977,113,123,-10,10
60978,131,140,-9,9
60979,133,146,-13,13
60980,98,101,-3,3
60981,154,139,15,15
60982,99,95,4,4
60983,114,114,0,0
60984,110,111,-1,1
60985,125,83,42,42
60986,52,69,-17,17
60987,42,44,-2,2
60988,80,75,5,5
60989,83,84,-1,1
60990,143,143,0,0
60991,56,59,-3,3
60992,131,132,-1,1
60993,112,135,-23,23
60994,110,112,-2,2
60995,104,101,3,3
60996,71,70,1,1
60997,36,39,-3,3
60998,57,65,-8,8
60999,72,77,-5,5
61000,119,110,9,9
61001,194,179,15,15
61002,107,100,7,7
61003,123,121,2,2
61004,87,85,2,2
61005,157,159,-2,2
61006,75,80,-5,5
61007,94,97,-3,3
61008,85,79,6,6
61009,85,90,-5,5
61010,44,51,-7,7
61011,78,81,-3,3
61012,97,82,15,15
61013,34,64,-30,30
61014,38,49,-11,11
61015,93,88,5,5
61016,113,121,-8,8
61017,130,133,-3,3
61018,46,43,3,3
61019,94,105,-11,11
61020,144,135,9,9
61021,60,59,1,1
61022,110,119,-9,9
61023,78,81,-3,3
61024,172,170,2,2
61025,117,137,-20,20
61026,60,72,-12,12
61027,114,106,8,8
61028,136,150,-14,14
61029,130,136,-6,6
61030,140,136,4,4
61031,58,68,-10,10
61032,87,90,-3,3
61033,154,157,-3,3
61034,84,84,0,0
61035,78,75,3,3
61036,224,288,-64,64
61037,77,73,4,4
61038,114,113,1,1
61039,64,54,10,10
61040,145,143,2,2
61041,62,61,1,1
61042,123,134,-11,11
61043,126,131,-5,5
61044,59,69,-10,10
61045,59,70,-11,11
61046,65,74,-9,9
61047,81,86,-5,5
61048,104,88,16,16
61049,94,100,-6,6
61050,131,132,-1,1
61051,60,62,-2,2
61052,111,102,9,9
61053,159,142,17,17
61054,145,144,1,1
61055,67,57,10,10
61056,114,109,5,5
61057,82,81,1,1
61058,93,92,1,1
61059,53,60,-7,7
61060,83,82,1,1
61061,101,108,-7,7
61062,112,134,-22,22
61063,71,61,10,10
61064,86,78,8,8
61065,49,100,-51,51
61066,59,65,-6,6
61067,125,122,3,3
61068,157,160,-3,3
61069,90,91,-1,1
61070,160,174,-14,14
61071,128,116,12,12
61072,78,86,-8,8
61073,153,154,-1,1
61074,87,106,-19,19
61075,133,126,7,7
61076,96,105,-9,9
61077,88,96,-8,8
61078,69,78,-9,9
61079,150,161,-11,11
61080,134,130,4,4
61081,122,122,0,0
61082,91,93,-2,2
61083,156,144,12,12
61084,76,80,-4,4
61085,44,49,-5,5
61086,117,123,-6,6
61087,110,110,0,0
61088,101,88,13,13
61089,81,79,2,2
61090,52,49,3,3
61091,164,165,-1,1
61092,40,55,-15,15
61093,80,89,-9,9
61094,129,124,5,5
61095,131,126,5,5
61096,87,90,-3,3
61097,79,78,1,1
61098,110,107,3,3
61099,120,119,1,1
61100,100,123,-23,23
61101,113,115,-2,2
61102,97,124,-27,27
61103,75,78,-3,3
61104,85,96,-11,11
61105,49,51,-2,2
61106,103,116,-13,13
61107,177,174,3,3
61108,94,102,-8,8
61109,130,133,-3,3
61110,72,77,-5,5
61111,158,152,6,6
61112,47,50,-3,3
61113,74,90,-16,16
61114,101,112,-11,11
61115,51,67,-16,16
61116,83,81,2,2
61117,142,145,-3,3
61118,58,62,-4,4
61119,83,91,-8,8
61120,45,44,1,1
61121,138,134,4,4
61122,152,138,14,14
61123,101,93,8,8
61124,77,68,9,9
61125,52,82,-30,30
61126,89,84,5,5
61127,149,144,5,5
61128,78,72,6,6
61129,146,146,0,0
61130,122,132,-10,10
61131,88,72,16,16
61132,131,139,-8,8
61133,67,65,2,2
61134,107,96,11,11
61135,139,147,-8,8
61136,164,155,9,9
61137,134,133,1,1
61138,71,69,2,2
61139,87,84,3,3
61140,68,74,-6,6
61141,56,112,-56,56
61142,118,123,-5,5
61143,101,122,-21,21
61144,75,81,-6,6
61145,127,145,-18,18
61146,85,88,-3,3
61147,57,40,17,17
61148,37,54,-17,17
61149,116,128,-12,12
61150,108,102,6,6
61151,137,137,0,0
61152,58,58,0,0
61153,67,94,-27,27
61154,106,106,0,0
61155,132,124,8,8
61156,102,99,3,3
61157,115,128,-13,13
61158,85,84,1,1
61159,107,109,-2,2
61160,49,53,-4,4
61161,139,153,-14,14
61162,126,137,-11,11
61163,135,148,-13,13
61164,69,60,9,9
61165,88,87,1,1
61166,117,114,3,3
61167,77,74,3,3
61168,51,52,-1,1
61169,92,106,-14,14
61170,80,91,-11,11
61171,82,85,-3,3
61172,157,160,-3,3
61173,83,79,4,4
61174,136,126,10,10
61175,147,143,4,4
61176,49,53,-4,4
61177,86,86,0,0
61178,125,120,5,5
61179,73,66,7,7
61180,99,115,-16,16
61181,102,108,-6,6
61182,101,103,-2,2
61183,109,103,6,6
61184,126,127,-1,1
61185,142,128,14,14
61186,62,57,5,5
61187,113,121,-8,8
61188,149,131,18,18
61189,61,63,-2,2
61190,66,73,-7,7
61191,122,120,2,2
61192,89,89,0,0
61193,76,77,-1,1
61194,74,86,-12,12
61195,61,64,-3,3
61196,44,55,-11,11
61197,107,126,-19,19
61198,104,97,7,7
61199,109,112,-3,3
61200,140,135,5,5
61201,43,47,-4,4
61202,40,54,-14,14
61203,223,205,18,18
61204,95,92,3,3
61205,47,48,-1,1
61206,71,70,1,1
61207,121,108,13,13
61208,119,122,-3,3
61209,135,134,1,1
61210,78,73,5,5
61211,96,88,8,8
61212,71,78,-7,7
61213,71,77,-6,6
61214,108,132,-24,24
61215,64,71,-7,7
61216,169,188,-19,19
61217,80,81,-1,1
61218,78,80,-2,2
61219,100,99,1,1
61220,90,96,-6,6
61221,108,101,7,7
61222,84,89,-5,5
61223,150,151,-1,1
61224,91,91,0,0
61225,55,46,9,9
61226,83,87,-4,4
61227,119,158,-39,39
61228,86,89,-3,3
61229,101,105,-4,4
61230,89,86,3,3
61231,80,85,-5,5
61232,116,110,6,6
61233,146,156,-10,10
61234,64,76,-12,12
61235,175,169,6,6
61236,139,143,-4,4
61237,79,74,5,5
61238,120,116,4,4
61239,84,90,-6,6
61240,132,142,-10,10
61241,71,77,-6,6
61242,104,102,2,2
61243,60,65,-5,5
61244,171,148,23,23
61245,93,94,-1,1
61246,132,130,2,2
61247,55,58,-3,3
61248,74,64,10,10
61249,126,121,5,5
61250,75,75,0,0
61251,45,55,-10,10
61252,95,91,4,4
61253,154,138,16,16
61254,143,136,7,7
61255,111,121,-10,10
61256,97,108,-11,11
61257,203,239,-36,36
61258,42,45,-3,3
61259,49,58,-9,9
61260,111,109,2,2
61261,76,62,14,14
61262,79,78,1,1
61263,70,80,-10,10
61264,57,69,-12,12
61265,60,78,-18,18
61266,119,128,-9,9
61267,76,84,-8,8
61268,72,71,1,1
61269,124,116,8,8
61270,138,123,15,15
61271,118,122,-4,4
61272,119,113,6,6
61273,94,86,8,8
61274,113,140,-27,27
61275,69,92,-23,23
61276,106,110,-4,4
61277,41,54,-13,13
61278,88,89,-1,1
61279,124,142,-18,18
61280,51,61,-10,10
61281,70,78,-8,8
61282,112,115,-3,3
61283,100,99,1,1
61284,143,137,6,6
61285,87,94,-7,7
61286,61,67,-6,6
61287,64,70,-6,6
61288,130,65,65,65
61289,81,80,1,1
61290,73,64,9,9
61291,47,48,-1,1
61292,99,117,-18,18
61293,95,98,-3,3
61294,105,106,-1,1
61295,126,133,-7,7
61296,108,111,-3,3
61297,67,68,-1,1
61298,72,80,-8,8
61299,65,63,2,2
61300,109,107,2,2
61301,52,55,-3,3
61302,122,116,6,6
61303,59,52,7,7
61304,117,135,-18,18
61305,79,71,8,8
61306,46,44,2,2
61307,64,71,-7,7
61308,71,90,-19,19
61309,60,63,-3,3
61310,70,70,0,0
61311,114,118,-4,4
61312,101,108,-7,7
61313,138,140,-2,2
61314,98,89,9,9
61315,92,102,-10,10
61316,196,198,-2,2
61317,109,117,-8,8
61318,55,57,-2,2
61319,166,178,-12,12
61320,68,78,-10,10
61321,61,65,-4,4
61322,79,73,6,6
61323,86,79,7,7
61324,90,87,3,3
61325,128,126,2,2
61326,102,108,-6,6
61327,118,123,-5,5
61328,86,90,-4,4
61329,105,103,2,2
61330,78,80,-2,2
61331,96,98,-2,2
61332,38,45,-7,7
61333,96,99,-3,3
61334,123,130,-7,7
61335,85,80,5,5
61336,117,113,4,4
61337,78,94,-16,16
61338,131,138,-7,7
61339,82,84,-2,2
61340,87,90,-3,3
61341,81,85,-4,4
61342,59,52,7,7
61343,84,82,2,2
61344,89,96,-7,7
61345,65,61,4,4
61346,131,138,-7,7
61347,55,60,-5,5
61348,66,44,22,22
61349,74,72,2,2
61350,84,75,9,9
61351,110,110,0,0
61352,63,72,-9,9
61353,97,89,8,8
61354,55,77,-22,22
61355,94,97,-3,3
61356,148,145,3,3
61357,110,100,10,10
61358,161,160,1,1
61359,139,142,-3,3
61360,63,69,-6,6
61361,120,116,4,4
61362,79,86,-7,7
61363,131,137,-6,6
61364,150,134,16,16
61365,80,76,4,4
61366,37,65,-28,28
61367,116,124,-8,8
61368,82,79,3,3
61369,130,129,1,1
61370,68,73,-5,5
61371,86,84,2,2
61372,90,88,2,2
61373,57,59,-2,2
61374,149,139,10,10
61375,79,71,8,8
61376,126,127,-1,1
61377,120,138,-18,18
61378,197,189,8,8
61379,62,67,-5,5
61380,88,84,4,4
61381,144,139,5,5
61382,99,83,16,16
61383,101,118,-17,17
61384,111,107,4,4
61385,61,67,-6,6
61386,85,82,3,3
61387,96,95,1,1
61388,125,130,-5,5
61389,107,100,7,7
61390,136,135,1,1
61391,148,146,2,2
61392,98,111,-13,13
61393,66,60,6,6
61394,95,83,12,12
61395,107,96,11,11
61396,47,61,-14,14
61397,78,76,2,2
61398,81,82,-1,1
61399,72,73,-1,1
61400,84,103,-19,19
61401,145,154,-9,9
61402,77,78,-1,1
61403,90,88,2,2
61404,131,121,10,10
61405,91,86,5,5
61406,38,86,-48,48
61407,94,96,-2,2
61408,111,112,-1,1
61409,145,148,-3,3
61410,84,85,-1,1
61411,87,73,14,14
61412,115,111,4,4
61413,95,88,7,7
61414,144,137,7,7
61415,90,82,8,8
61416,101,95,6,6
61417,91,90,1,1
61418,190,197,-7,7
61419,80,85,-5,5
61420,167,156,11,11
61421,83,77,6,6
61422,66,65,1,1
61423,50,55,-5,5
61424,111,117,-6,6
61425,83,97,-14,14
61426,72,67,5,5
61427,73,68,5,5
61428,79,84,-5,5
61429,66,60,6,6
61430,83,80,3,3
61431,262,269,-7,7
61432,108,118,-10,10
61433,117,108,9,9
61434,98,93,5,5
61435,85,86,-1,1
61436,63,62,1,1
61437,190,191,-1,1
61438,85,89,-4,4
61439,123,116,7,7
61440,144,148,-4,4
61441,75,78,-3,3
61442,97,93,4,4
61443,85,75,10,10
61444,69,69,0,0
61445,77,81,-4,4
61446,61,68,-7,7
61447,75,81,-6,6
61448,97,120,-23,23
61449,70,71,-1,1
61450,85,95,-10,10
61451,61,67,-6,6
61452,77,73,4,4
61453,58,62,-4,4
61454,83,84,-1,1
61455,91,97,-6,6
61456,53,63,-10,10
61457,55,54,1,1
61458,87,90,-3,3
61459,80,88,-8,8
61460,53,58,-5,5
61461,133,123,10,10
61462,90,97,-7,7
61463,60,63,-3,3
61464,68,65,3,3
61465,66,60,6,6
61466,112,117,-5,5
61467,139,134,5,5
61468,50,55,-5,5
61469,120,126,-6,6
61470,77,79,-2,2
61471,81,72,9,9
61472,87,85,2,2
61473,43,39,4,4
61474,68,66,2,2
61475,58,54,4,4
61476,120,126,-6,6
61477,114,105,9,9
61478,173,164,9,9
61479,62,68,-6,6
61480,115,108,7,7
61481,213,209,4,4
61482,108,113,-5,5
61483,53,65,-12,12
61484,85,77,8,8
61485,119,121,-2,2
61486,74,80,-6,6
61487,93,90,3,3
61488,72,67,5,5
61489,104,88,16,16
61490,88,92,-4,4
61491,56,67,-11,11
61492,139,139,0,0
61493,110,116,-6,6
61494,93,77,16,16
61495,54,55,-1,1
61496,83,96,-13,13
61497,73,72,1,1
61498,202,194,8,8
61499,95,95,0,0
61500,51,63,-12,12
61501,141,128,13,13
61502,130,131,-1,1
61503,89,96,-7,7
61504,67,74,-7,7
61505,92,106,-14,14
61506,138,148,-10,10
61507,50,58,-8,8
61508,85,80,5,5
61509,118,105,13,13
61510,84,82,2,2
61511,95,96,-1,1
61512,92,98,-6,6
61513,141,154,-13,13
61514,94,98,-4,4
61515,117,123,-6,6
61516,82,65,17,17
61517,73,80,-7,7
61518,108,109,-1,1
61519,93,108,-15,15
61520,156,165,-9,9
61521,84,86,-2,2
61522,106,104,2,2
61523,91,98,-7,7
61524,88,75,13,13
61525,78,78,0,0
61526,136,139,-3,3
61527,59,64,-5,5
61528,94,103,-9,9
61529,100,100,0,0
61530,144,140,4,4
61531,89,118,-29,29
61532,67,67,0,0
61533,28,35,-7,7
61534,114,114,0,0
61535,123,143,-20,20
61536,85,81,4,4
61537,77,76,1,1
61538,89,106,-17,17
61539,90,97,-7,7
61540,80,81,-1,1
61541,114,122,-8,8
61542,46,47,-1,1
61543,123,117,6,6
61544,132,130,2,2
61545,106,120,-14,14
61546,93,96,-3,3
61547,100,126,-26,26
61548,82,74,8,8
61549,170,183,-13,13
61550,103,127,-24,24
61551,60,70,-10,10
61552,101,117,-16,16
61553,101,98,3,3
61554,106,104,2,2
61555,53,64,-11,11
61556,45,62,-17,17
61557,102,117,-15,15
61558,74,74,0,0
61559,107,119,-12,12
61560,95,100,-5,5
61561,96,107,-11,11
61562,100,101,-1,1
61563,40,53,-13,13
61564,85,79,6,6
61565,59,61,-2,2
61566,107,88,19,19
61567,157,150,7,7
61568,72,73,-1,1
61569,104,102,2,2
61570,53,60,-7,7
61571,131,133,-2,2
61572,147,148,-1,1
61573,80,81,-1,1
61574,135,134,1,1
61575,119,110,9,9
61576,128,132,-4,4
61577,126,120,6,6
61578,91,85,6,6
61579,102,97,5,5
61580,55,63,-8,8
61581,69,78,-9,9
61582,57,69,-12,12
61583,53,58,-5,5
61584,109,103,6,6
61585,106,91,15,15
61586,106,107,-1,1
61587,128,116,12,12
61588,84,87,-3,3
61589,73,80,-7,7
61590,137,94,43,43
61591,96,104,-8,8
61592,106,110,-4,4
61593,119,121,-2,2
61594,113,117,-4,4
61595,138,128,10,10
61596,52,54,-2,2
61597,115,94,21,21
61598,66,66,0,0
61599,114,121,-7,7
61600,46,47,-1,1
61601,108,107,1,1
61602,85,80,5,5
61603,67,69,-2,2
61604,66,63,3,3
61605,76,82,-6,6
61606,93,90,3,3
61607,145,161,-16,16
61608,122,118,4,4
61609,88,86,2,2
61610,59,65,-6,6
61611,77,74,3,3
61612,84,85,-1,1
61613,71,80,-9,9
61614,93,88,5,5
61615,71,73,-2,2
61616,40,48,-8,8
61617,165,163,2,2
61618,104,107,-3,3
61619,54,53,1,1
61620,46,42,4,4
61621,70,69,1,1
61622,51,61,-10,10
61623,86,81,5,5
61624,86,88,-2,2
61625,90,92,-2,2
61626,160,157,3,3
61627,119,117,2,2
61628,78,83,-5,5
61629,112,129,-17,17
61630,89,103,-14,14
61631,96,97,-1,1
61632,96,94,2,2
61633,96,95,1,1
61634,33,41,-8,8
61635,78,86,-8,8
61636,65,59,6,6
61637,69,74,-5,5
61638,85,88,-3,3
61639,71,61,10,10
61640,119,112,7,7
61641,100,101,-1,1
61642,102,103,-1,1
61643,96,85,11,11
61644,77,71,6,6
61645,91,110,-19,19
61646,175,165,10,10
61647,96,103,-7,7
61648,133,127,6,6
61649,107,128,-21,21
61650,98,96,2,2
61651,94,104,-10,10
61652,67,69,-2,2
61653,116,131,-15,15
61654,73,81,-8,8
61655,83,75,8,8
61656,75,77,-2,2
61657,109,127,-18,18
61658,143,151,-8,8
61659,84,89,-5,5
61660,79,88,-9,9
61661,104,104,0,0
61662,44,53,-9,9
61663,53,55,-2,2
61664,108,101,7,7
61665,86,90,-4,4
61666,119,124,-5,5
61667,56,54,2,2
61668,88,90,-2,2
61669,118,123,-5,5
61670,102,107,-5,5
61671,49,45,4,4
61672,99,101,-2,2
61673,105,153,-48,48
61674,131,116,15,15
61675,78,74,4,4
61676,99,95,4,4
61677,23,59,-36,36
61678,126,131,-5,5
61679,92,93,-1,1
61680,85,100,-15,15
61681,61,60,1,1
61682,137,142,-5,5
61683,74,75,-1,1
61684,129,127,2,2
61685,156,155,1,1
61686,72,74,-2,2
61687,151,144,7,7
61688,72,68,4,4
61689,81,97,-16,16
61690,128,122,6,6
61691,136,127,9,9
61692,111,118,-7,7
61693,150,149,1,1
61694,79,86,-7,7
61695,124,131,-7,7
61696,133,129,4,4
61697,106,117,-11,11
61698,71,69,2,2
61699,69,69,0,0
61700,105,119,-14,14
61701,60,64,-4,4
61702,97,95,2,2
61703,129,144,-15,15
61704,70,73,-3,3
61705,137,148,-11,11
61706,110,101,9,9
61707,97,93,4,4
61708,149,178,-29,29
61709,63,68,-5,5
61710,71,71,0,0
61711,108,103,5,5
61712,127,130,-3,3
61713,92,99,-7,7
61714,41,39,2,2
61715,87,88,-1,1
61716,95,92,3,3
61717,58,63,-5,5
61718,103,117,-14,14
61719,106,109,-3,3
61720,100,107,-7,7
61721,49,58,-9,9
61722,103,126,-23,23
61723,147,161,-14,14
61724,110,109,1,1
61725,121,148,-27,27
61726,66,76,-10,10
61727,66,71,-5,5
61728,75,76,-1,1
61729,127,142,-15,15
61730,96,99,-3,3
61731,179,153,26,26
61732,153,158,-5,5
61733,89,84,5,5
61734,111,111,0,0
61735,124,113,11,11
61736,86,83,3,3
61737,98,106,-8,8
61738,82,85,-3,3
61739,138,123,15,15
61740,98,93,5,5
61741,187,188,-1,1
61742,141,138,3,3
61743,72,80,-8,8
61744,110,105,5,5
61745,87,90,-3,3
61746,60,63,-3,3
61747,71,71,0,0
61748,123,135,-12,12
61749,57,59,-2,2
61750,113,121,-8,8
61751,148,158,-10,10
61752,73,78,-5,5
61753,62,67,-5,5
61754,108,137,-29,29
61755,105,97,8,8
61756,152,128,24,24
61757,51,51,0,0
61758,127,131,-4,4
61759,31,49,-18,18
61760,68,65,3,3
61761,163,155,8,8
61762,160,152,8,8
61763,73,87,-14,14
61764,43,44,-1,1
61765,102,98,4,4
61766,91,112,-21,21
61767,136,123,13,13
61768,92,87,5,5
61769,60,67,-7,7
61770,45,52,-7,7
61771,111,108,3,3
61772,95,110,-15,15
61773,100,93,7,7
61774,139,149,-10,10
61775,99,99,0,0
61776,68,72,-4,4
61777,55,59,-4,4
61778,110,99,11,11
61779,67,76,-9,9
61780,103,102,1,1
61781,115,113,2,2
61782,131,160,-29,29
61783,106,113,-7,7
61784,154,143,11,11
61785,104,115,-11,11
61786,91,87,4,4
61787,139,148,-9,9
61788,56,66,-10,10
61789,139,135,4,4
61790,72,64,8,8
61791,144,145,-1,1
61792,112,121,-9,9
61793,68,67,1,1
61794,88,86,2,2
61795,79,99,-20,20
61796,104,114,-10,10
61797,54,51,3,3
61798,111,99,12,12
61799,87,84,3,3
61800,185,190,-5,5
61801,92,91,1,1
61802,68,77,-9,9
61803,91,89,2,2
61804,84,77,7,7
61805,82,80,2,2
61806,126,128,-2,2
61807,71,72,-1,1
61808,72,66,6,6
61809,137,155,-18,18
61810,61,68,-7,7
61811,106,105,1,1
61812,59,61,-2,2
61813,77,74,3,3
61814,149,132,17,17
61815,63,67,-4,4
61816,66,74,-8,8
61817,105,100,5,5
61818,85,82,3,3
61819,109,94,15,15
61820,81,90,-9,9
61821,60,62,-2,2
61822,40,48,-8,8
61823,95,95,0,0
61824,110,100,10,10
61825,68,63,5,5
61826,67,66,1,1
61827,76,76,0,0
61828,188,194,-6,6
61829,59,61,-2,2
61830,131,121,10,10
61831,108,109,-1,1
61832,114,121,-7,7
61833,108,104,4,4
61834,104,100,4,4
61835,94,97,-3,3
61836,47,59,-12,12
61837,77,69,8,8
61838,80,83,-3,3
61839,96,108,-12,12
61840,103,105,-2,2
61841,109,108,1,1
61842,66,80,-14,14
61843,98,92,6,6
61844,126,114,12,12
61845,97,117,-20,20
61846,99,96,3,3
61847,107,99,8,8
61848,129,139,-10,10
61849,87,90,-3,3
61850,69,72,-3,3
61851,115,106,9,9
61852,99,103,-4,4
61853,99,105,-6,6
61854,155,179,-24,24
61855,121,120,1,1
61856,123,131,-8,8
61857,91,91,0,0
61858,68,78,-10,10
61859,118,110,8,8
61860,98,104,-6,6
61861,108,109,-1,1
61862,112,118,-6,6
61863,80,79,1,1
61864,92,139,-47,47
61865,116,114,2,2
61866,56,65,-9,9
61867,127,136,-9,9
61868,50,56,-6,6
61869,121,101,20,20
61870,157,148,9,9
61871,78,75,3,3
61872,85,76,9,9
61873,142,145,-3,3
61874,42,58,-16,16
61875,62,69,-7,7
61876,61,65,-4,4
61877,75,76,-1,1
61878,82,87,-5,5
61879,107,108,-1,1
61880,130,136,-6,6
61881,64,72,-8,8
61882,75,74,1,1
61883,109,107,2,2
61884,65,74,-9,9
61885,112,118,-6,6
61886,88,97,-9,9
61887,140,135,5,5
61888,132,129,3,3
61889,108,120,-12,12
61890,92,77,15,15
61891,63,62,1,1
61892,48,61,-13,13
61893,144,124,20,20
61894,104,102,2,2
61895,107,104,3,3
61896,52,58,-6,6
61897,73,74,-1,1
61898,44,51,-7,7
61899,120,116,4,4
61900,87,90,-3,3
61901,110,122,-12,12
61902,73,77,-4,4
61903,79,89,-10,10
61904,57,61,-4,4
61905,68,74,-6,6
61906,81,93,-12,12
61907,63,59,4,4
61908,41,41,0,0
61909,71,64,7,7
61910,106,118,-12,12
61911,105,94,11,11
61912,183,158,25,25
61913,111,117,-6,6
61914,137,133,4,4
61915,51,60,-9,9
61916,40,46,-6,6
61917,70,77,-7,7
61918,120,113,7,7
61919,57,63,-6,6
61920,66,66,0,0
61921,140,133,7,7
61922,71,74,-3,3
61923,96,96,0,0
61924,108,113,-5,5
61925,134,159,-25,25
61926,97,101,-4,4
61927,44,46,-2,2
61928,49,52,-3,3
61929,63,65,-2,2
61930,97,102,-5,5
61931,38,54,-16,16
61932,68,69,-1,1
61933,114,115,-1,1
61934,105,115,-10,10
61935,36,43,-7,7
61936,69,64,5,5
61937,101,101,0,0
61938,155,151,4,4
61939,53,66,-13,13
61940,151,130,21,21
61941,65,63,2,2
61942,64,72,-8,8
61943,181,169,12,12
61944,110,112,-2,2
61945,93,101,-8,8
61946,183,165,18,18
61947,94,91,3,3
61948,91,93,-2,2
61949,105,128,-23,23
61950,51,54,-3,3
61951,76,77,-1,1
61952,60,70,-10,10
61953,72,73,-1,1
61954,108,106,2,2
61955,119,120,-1,1
61956,98,111,-13,13
61957,119,115,4,4
61958,122,119,3,3
61959,90,88,2,2
61960,55,58,-3,3
61961,62,60,2,2
61962,41,60,-19,19
61963,86,85,1,1
61964,58,58,0,0
61965,159,170,-11,11
61966,84,92,-8,8
61967,101,106,-5,5
61968,107,83,24,24
61969,150,150,0,0
61970,105,115,-10,10
61971,83,87,-4,4
61972,78,92,-14,14
61973,51,53,-2,2
61974,83,98,-15,15
61975,111,120,-9,9
61976,116,127,-11,11
61977,124,90,34,34
61978,116,113,3,3
61979,133,134,-1,1
61980,143,137,6,6
61981,102,109,-7,7
61982,94,98,-4,4
61983,66,69,-3,3
61984,76,80,-4,4
61985,108,113,-5,5
61986,69,66,3,3
61987,90,81,9,9
61988,65,77,-12,12
61989,157,162,-5,5
61990,81,73,8,8
61991,116,122,-6,6
61992,94,93,1,1
61993,98,117,-19,19
61994,149,144,5,5
61995,87,97,-10,10
61996,124,130,-6,6
61997,121,125,-4,4
61998,157,151,6,6
61999,100,97,3,3
62000,129,137,-8,8
62001,97,100,-3,3
62002,57,59,-2,2
62003,108,103,5,5
62004,64,60,4,4
62005,195,177,18,18
62006,81,83,-2,2
62007,92,89,3,3
62008,139,150,-11,11
62009,67,69,-2,2
62010,78,88,-10,10
62011,56,66,-10,10
62012,90,87,3,3
62013,69,71,-2,2
62014,109,100,9,9
62015,67,72,-5,5
62016,65,74,-9,9
62017,67,85,-18,18
62018,128,117,11,11
62019,101,98,3,3
62020,103,102,1,1
62021,66,69,-3,3
62022,78,80,-2,2
62023,121,118,3,3
62024,99,104,-5,5
62025,69,60,9,9
62026,64,67,-3,3
62027,66,63,3,3
62028,76,77,-1,1
62029,91,92,-1,1
62030,49,63,-14,14
62031,222,186,36,36
62032,71,61,10,10
62033,155,164,-9,9
62034,80,81,-1,1
62035,94,81,13,13
62036,70,59,11,11
62037,106,110,-4,4
62038,81,86,-5,5
62039,90,82,8,8
62040,73,74,-1,1
62041,65,62,3,3
62042,71,75,-4,4
62043,140,126,14,14
62044,109,118,-9,9
62045,72,72,0,0
62046,95,107,-12,12
62047,92,84,8,8
62048,104,116,-12,12
62049,74,76,-2,2
62050,102,100,2,2
62051,75,80,-5,5
62052,100,95,5,5
62053,111,122,-11,11
62054,52,58,-6,6
62055,79,88,-9,9
62056,99,99,0,0
62057,140,149,-9,9
62058,181,198,-17,17
62059,106,82,24,24
62060,59,63,-4,4
62061,129,120,9,9
62062,95,117,-22,22
62063,50,46,4,4
62064,71,68,3,3
62065,46,58,-12,12
62066,103,111,-8,8
62067,82,88,-6,6
62068,114,107,7,7
62069,114,109,5,5
62070,92,95,-3,3
62071,74,80,-6,6
62072,102,110,-8,8
62073,104,98,6,6
62074,86,81,5,5
62075,51,70,-19,19
62076,86,85,1,1
62077,78,81,-3,3
62078,99,105,-6,6
62079,95,94,1,1
62080,82,85,-3,3
62081,111,106,5,5
62082,129,119,10,10
62083,90,117,-27,27
62084,139,137,2,2
62085,72,76,-4,4
62086,55,58,-3,3
62087,165,161,4,4
62088,115,118,-3,3
62089,61,71,-10,10
62090,84,72,12,12
62091,136,138,-2,2
62092,83,81,2,2
62093,27,64,-37,37
62094,108,115,-7,7
62095,147,136,11,11
62096,120,122,-2,2
62097,73,103,-30,30
62098,60,65,-5,5
62099,123,123,0,0
62100,89,98,-9,9
62101,73,63,10,10
62102,64,70,-6,6
62103,62,61,1,1
62104,100,76,24,24
62105,100,90,10,10
62106,48,65,-17,17
62107,119,117,2,2
62108,53,59,-6,6
62109,142,155,-13,13
62110,58,65,-7,7
62111,100,97,3,3
62112,77,80,-3,3
62113,71,86,-15,15
62114,126,122,4,4
62115,50,54,-4,4
62116,205,184,21,21
62117,60,61,-1,1
62118,91,83,8,8
62119,70,76,-6,6
62120,90,98,-8,8
62121,159,166,-7,7
62122,75,83,-8,8
62123,116,103,13,13
62124,109,116,-7,7
62125,143,135,8,8
62126,112,106,6,6
62127,84,87,-3,3
62128,170,181,-11,11
62129,150,158,-8,8
62130,109,102,7,7
62131,161,158,3,3
62132,99,104,-5,5
62133,127,113,14,14
62134,62,61,1,1
62135,133,130,3,3
62136,101,114,-13,13
62137,127,115,12,12
62138,89,91,-2,2
62139,95,91,4,4
62140,150,142,8,8
62141,49,46,3,3
62142,92,94,-2,2
62143,92,92,0,0
62144,38,49,-11,11
62145,145,158,-13,13
62146,156,172,-16,16
62147,125,122,3,3
62148,51,59,-8,8
62149,134,116,18,18
62150,92,108,-16,16
62151,85,91,-6,6
62152,60,71,-11,11
62153,67,73,-6,6
62154,99,115,-16,16
62155,159,169,-10,10
62156,86,90,-4,4
62157,75,83,-8,8
62158,42,45,-3,3
62159,71,71,0,0
62160,136,145,-9,9
62161,67,78,-11,11
62162,112,116,-4,4
62163,71,72,-1,1
62164,48,59,-11,11
62165,139,151,-12,12
62166,114,157,-43,43
62167,48,49,-1,1
62168,86,88,-2,2
62169,119,109,10,10
62170,94,96,-2,2
62171,105,106,-1,1
62172,104,97,7,7
62173,85,86,-1,1
62174,66,66,0,0
62175,93,87,6,6
62176,88,97,-9,9
62177,67,76,-9,9
62178,91,96,-5,5
62179,110,114,-4,4
62180,80,78,2,2
62181,98,105,-7,7
62182,126,128,-2,2
62183,52,62,-10,10
62184,63,69,-6,6
62185,91,103,-12,12
62186,103,101,2,2
62187,68,69,-1,1
62188,73,74,-1,1
62189,95,101,-6,6
62190,100,96,4,4
62191,111,99,12,12
62192,100,107,-7,7
62193,75,81,-6,6
62194,84,93,-9,9
62195,75,84,-9,9
62196,139,132,7,7
62197,105,115,-10,10
62198,84,95,-11,11
62199,137,128,9,9
62200,65,97,-32,32
62201,97,97,0,0
62202,78,84,-6,6
62203,122,130,-8,8
62204,72,84,-12,12
62205,80,90,-10,10
62206,132,117,15,15
62207,113,110,3,3
62208,121,120,1,1
62209,72,75,-3,3
62210,95,101,-6,6
62211,124,133,-9,9
62212,122,124,-2,2
62213,152,159,-7,7
62214,105,103,2,2
62215,103,113,-10,10
62216,111,105,6,6
62217,60,78,-18,18
62218,75,91,-16,16
62219,69,73,-4,4
62220,85,79,6,6
62221,91,94,-3,3
62222,106,97,9,9
62223,76,87,-11,11
62224,43,52,-9,9
62225,65,60,5,5
62226,180,197,-17,17
62227,38,60,-22,22
62228,86,87,-1,1
62229,77,78,-1,1
62230,110,114,-4,4
62231,111,116,-5,5
62232,134,124,10,10
62233,123,131,-8,8
62234,67,68,-1,1
62235,77,81,-4,4
62236,95,107,-12,12
62237,94,98,-4,4
62238,131,131,0,0
62239,88,101,-13,13
62240,130,135,-5,5
62241,78,76,2,2
62242,98,100,-2,2
62243,66,65,1,1
62244,63,70,-7,7
62245,85,85,0,0
62246,82,88,-6,6
62247,82,91,-9,9
62248,104,103,1,1
62249,120,117,3,3
62250,68,79,-11,11
62251,108,115,-7,7
62252,101,93,8,8
62253,102,97,5,5
62254,161,172,-11,11
62255,48,46,2,2
62256,82,87,-5,5
62257,134,133,1,1
62258,102,96,6,6
62259,47,51,-4,4
62260,101,84,17,17
62261,103,98,5,5
62262,158,145,13,13
62263,79,87,-8,8
62264,126,125,1,1
62265,72,77,-5,5
62266,103,105,-2,2
62267,86,98,-12,12
62268,73,83,-10,10
62269,150,140,10,10
62270,69,69,0,0
62271,89,78,11,11
62272,102,99,3,3
62273,89,90,-1,1
62274,92,92,0,0
62275,91,90,1,1
62276,69,68,1,1
62277,31,42,-11,11
62278,62,54,8,8
62279,74,83,-9,9
62280,73,63,10,10
62281,92,81,11,11
62282,68,66,2,2
62283,121,120,1,1
62284,160,162,-2,2
62285,124,123,1,1
62286,71,73,-2,2
62287,98,89,9,9
62288,85,87,-2,2
62289,93,87,6,6
62290,87,85,2,2
62291,210,191,19,19
62292,74,82,-8,8
62293,84,94,-10,10
62294,141,145,-4,4
62295,68,74,-6,6
62296,118,120,-2,2
62297,75,77,-2,2
62298,150,146,4,4
62299,162,167,-5,5
62300,59,75,-16,16
62301,82,86,-4,4
62302,118,112,6,6
62303,94,107,-13,13
62304,75,87,-12,12
62305,71,73,-2,2
62306,131,131,0,0
62307,120,116,4,4
62308,91,92,-1,1
62309,112,108,4,4
62310,145,154,-9,9
62311,93,82,11,11
62312,93,87,6,6
62313,89,79,10,10
62314,110,108,2,2
62315,78,79,-1,1
62316,80,72,8,8
62317,133,141,-8,8
62318,50,50,0,0
62319,82,88,-6,6
62320,145,134,11,11
62321,126,112,14,14
62322,105,101,4,4
62323,159,170,-11,11
62324,118,122,-4,4
62325,142,148,-6,6
62326,108,113,-5,5
62327,110,114,-4,4
62328,106,101,5,5
62329,119,122,-3,3
62330,90,98,-8,8
62331,68,74,-6,6
62332,119,112,7,7
62333,162,161,1,1
62334,76,90,-14,14
62335,89,77,12,12
62336,57,66,-9,9
62337,79,78,1,1
62338,72,79,-7,7
62339,110,101,9,9
62340,82,79,3,3
62341,76,73,3,3
62342,68,76,-8,8
62343,79,99,-20,20
62344,64,71,-7,7
62345,151,142,9,9
62346,64,67,-3,3
62347,110,100,10,10
62348,78,73,5,5
62349,123,115,8,8
62350,118,118,0,0
62351,58,65,-7,7
62352,140,137,3,3
62353,128,118,10,10
62354,57,58,-1,1
62355,101,112,-11,11
62356,106,104,2,2
62357,71,76,-5,5
62358,61,54,7,7
62359,187,170,17,17
62360,123,111,12,12
62361,64,61,3,3
62362,59,70,-11,11
62363,83,93,-10,10
62364,68,82,-14,14
62365,83,82,1,1
62366,111,108,3,3
62367,86,97,-11,11
62368,87,95,-8,8
62369,97,98,-1,1
62370,76,79,-3,3
62371,91,100,-9,9
62372,169,158,11,11
62373,51,53,-2,2
62374,57,73,-16,16
62375,168,182,-14,14
62376,93,71,22,22
62377,93,93,0,0
62378,98,93,5,5
62379,76,86,-10,10
62380,142,143,-1,1
62381,60,64,-4,4
62382,118,112,6,6
62383,40,67,-27,27
62384,68,60,8,8
62385,75,68,7,7
62386,97,93,4,4
62387,124,126,-2,2
62388,68,68,0,0
62389,89,82,7,7
62390,109,116,-7,7
62391,53,57,-4,4
62392,112,110,2,2
62393,140,153,-13,13
62394,113,102,11,11
62395,105,122,-17,17
62396,69,65,4,4
62397,98,119,-21,21
62398,150,162,-12,12
62399,93,92,1,1
62400,117,131,-14,14
62401,44,47,-3,3
62402,65,69,-4,4
62403,78,75,3,3
62404,149,154,-5,5
62405,75,71,4,4
62406,82,83,-1,1
62407,93,89,4,4
62408,129,111,18,18
62409,46,52,-6,6
62410,56,52,4,4
62411,99,89,10,10
62412,31,52,-21,21
62413,113,119,-6,6
62414,167,187,-20,20
62415,113,117,-4,4
62416,171,169,2,2
62417,71,73,-2,2
62418,103,107,-4,4
62419,76,82,-6,6
62420,64,61,3,3
62421,105,104,1,1
62422,176,178,-2,2
62423,127,127,0,0
62424,118,105,13,13
62425,88,97,-9,9
62426,133,137,-4,4
62427,84,96,-12,12
62428,108,116,-8,8
62429,72,72,0,0
62430,128,133,-5,5
62431,36,40,-4,4
62432,116,116,0,0
62433,105,111,-6,6
62434,85,88,-3,3
62435,48,51,-3,3
62436,142,135,7,7
62437,78,68,10,10
62438,72,78,-6,6
62439,255,263,-8,8
62440,113,129,-16,16
62441,98,92,6,6
62442,143,146,-3,3
62443,85,105,-20,20
62444,111,115,-4,4
62445,106,107,-1,1
62446,111,113,-2,2
62447,84,81,3,3
62448,74,78,-4,4
62449,87,87,0,0
62450,133,135,-2,2
62451,111,129,-18,18
62452,78,80,-2,2
62453,83,89,-6,6
62454,117,103,14,14
62455,97,93,4,4
62456,127,136,-9,9
62457,66,66,0,0
62458,124,114,10,10
62459,72,77,-5,5
62460,108,94,14,14
62461,124,131,-7,7
62462,137,129,8,8
62463,84,86,-2,2
62464,175,178,-3,3
62465,32,33,-1,1
62466,127,117,10,10
62467,139,143,-4,4
62468,84,116,-32,32
62469,138,142,-4,4
62470,147,157,-10,10
62471,49,55,-6,6
62472,87,91,-4,4
62473,71,77,-6,6
62474,89,80,9,9
62475,122,122,0,0
62476,110,122,-12,12
62477,112,109,3,3
62478,161,158,3,3
62479,78,84,-6,6
62480,84,90,-6,6
62481,96,76,20,20
62482,83,85,-2,2
62483,166,153,13,13
62484,69,65,4,4
62485,48,46,2,2
62486,84,79,5,5
62487,113,96,17,17
62488,89,93,-4,4
62489,51,53,-2,2
62490,101,103,-2,2
62491,70,83,-13,13
62492,107,97,10,10
62493,99,102,-3,3
62494,142,139,3,3
62495,123,113,10,10
62496,81,79,2,2
62497,60,60,0,0
62498,139,137,2,2
62499,93,82,11,11
62500,123,134,-11,11
62501,101,86,15,15
62502,128,137,-9,9
62503,72,77,-5,5
62504,134,129,5,5
62505,89,94,-5,5
62506,162,155,7,7
62507,129,110,19,19
62508,97,92,5,5
62509,63,81,-18,18
62510,88,91,-3,3
62511,47,52,-5,5
62512,163,153,10,10
62513,169,171,-2,2
62514,88,79,9,9
62515,116,119,-3,3
62516,68,72,-4,4
62517,66,66,0,0
62518,75,77,-2,2
62519,79,90,-11,11
62520,132,143,-11,11
62521,64,69,-5,5
62522,154,150,4,4
62523,159,133,26,26
62524,97,101,-4,4
62525,151,147,4,4
62526,64,71,-7,7
62527,86,78,8,8
62528,86,99,-13,13
62529,105,110,-5,5
62530,135,141,-6,6
62531,78,90,-12,12
62532,180,166,14,14
62533,126,117,9,9
62534,115,124,-9,9
62535,95,110,-15,15
62536,123,116,7,7
62537,49,56,-7,7
62538,94,102,-8,8
62539,170,174,-4,4
62540,92,88,4,4
62541,101,105,-4,4
62542,93,94,-1,1
62543,123,135,-12,12
62544,83,85,-2,2
62545,122,98,24,24
62546,109,128,-19,19
62547,67,61,6,6
62548,59,64,-5,5
62549,79,74,5,5
62550,82,85,-3,3
62551,69,63,6,6
62552,83,93,-10,10
62553,116,109,7,7
62554,202,177,25,25
62555,92,107,-15,15
62556,95,85,10,10
62557,104,117,-13,13
62558,124,120,4,4
62559,203,192,11,11
62560,95,93,2,2
62561,131,130,1,1
62562,42,57,-15,15
62563,106,88,18,18
62564,40,43,-3,3
62565,81,81,0,0
62566,125,122,3,3
62567,82,83,-1,1
62568,121,111,10,10
62569,85,96,-11,11
62570,104,94,10,10
62571,82,81,1,1
62572,76,75,1,1
62573,60,64,-4,4
62574,91,88,3,3
62575,96,97,-1,1
62576,118,112,6,6
62577,101,91,10,10
62578,140,143,-3,3
62579,153,164,-11,11
62580,115,125,-10,10
62581,38,62,-24,24
62582,74,81,-7,7
62583,28,60,-32,32
62584,65,76,-11,11
62585,113,124,-11,11
62586,109,112,-3,3
62587,93,95,-2,2
62588,87,92,-5,5
62589,54,54,0,0
62590,125,127,-2,2
62591,141,143,-2,2
62592,114,127,-13,13
62593,122,114,8,8
62594,138,145,-7,7
62595,98,94,4,4
62596,84,77,7,7
62597,118,128,-10,10
62598,114,121,-7,7
62599,69,74,-5,5
62600,47,55,-8,8
62601,72,59,13,13
62602,72,65,7,7
62603,85,86,-1,1
62604,48,60,-12,12
62605,96,96,0,0
62606,90,89,1,1
62607,99,89,10,10
62608,122,128,-6,6
62609,60,62,-2,2
62610,80,92,-12,12
62611,79,88,-9,9
62612,54,57,-3,3
62613,90,93,-3,3
62614,84,97,-13,13
62615,98,103,-5,5
62616,106,107,-1,1
62617,70,77,-7,7
62618,93,87,6,6
62619,81,78,3,3
62620,108,105,3,3
62621,66,70,-4,4
62622,92,90,2,2
62623,58,60,-2,2
62624,80,80,0,0
62625,72,78,-6,6
62626,92,83,9,9
62627,114,117,-3,3
62628,149,141,8,8
62629,85,83,2,2
62630,61,65,-4,4
62631,104,94,10,10
62632,100,92,8,8
62633,132,132,0,0
62634,132,127,5,5
62635,114,112,2,2
62636,89,102,-13,13
62637,52,53,-1,1
62638,51,53,-2,2
62639,109,110,-1,1
62640,112,126,-14,14
62641,80,76,4,4
62642,158,184,-26,26
62643,103,97,6,6
62644,59,65,-6,6
62645,118,113,5,5
62646,114,111,3,3
62647,101,99,2,2
62648,64,62,2,2
62649,75,73,2,2
62650,110,99,11,11
62651,168,187,-19,19
62652,109,101,8,8
62653,106,110,-4,4
62654,32,77,-45,45
62655,86,88,-2,2
62656,185,161,24,24
62657,125,134,-9,9
62658,48,49,-1,1
62659,128,141,-13,13
62660,138,151,-13,13
62661,75,63,12,12
62662,84,101,-17,17
62663,115,100,15,15
62664,58,68,-10,10
62665,97,103,-6,6
62666,152,140,12,12
62667,94,99,-5,5
62668,114,111,3,3
62669,130,145,-15,15
62670,61,54,7,7
62671,185,172,13,13
62672,110,115,-5,5
62673,58,54,4,4
62674,79,82,-3,3
62675,79,78,1,1
62676,93,89,4,4
62677,129,133,-4,4
62678,134,134,0,0
62679,98,108,-10,10
62680,162,155,7,7
62681,83,86,-3,3
62682,107,101,6,6
62683,98,112,-14,14
62684,131,124,7,7
62685,57,60,-3,3
62686,153,148,5,5
62687,126,121,5,5
62688,89,91,-2,2
62689,68,69,-1,1
62690,131,123,8,8
62691,68,84,-16,16
62692,94,86,8,8
62693,135,130,5,5
62694,96,98,-2,2
62695,95,106,-11,11
62696,90,97,-7,7
62697,55,59,-4,4
62698,108,115,-7,7
62699,36,40,-4,4
62700,73,75,-2,2
62701,73,84,-11,11
62702,102,105,-3,3
62703,52,56,-4,4
62704,22,36,-14,14
62705,102,92,10,10
62706,136,122,14,14
62707,83,83,0,0
62708,76,75,1,1
62709,135,135,0,0
62710,116,124,-8,8
62711,69,72,-3,3
62712,42,47,-5,5
62713,86,75,11,11
62714,131,127,4,4
62715,119,123,-4,4
62716,65,68,-3,3
62717,100,108,-8,8
62718,65,71,-6,6
62719,73,72,1,1
62720,63,68,-5,5
62721,115,159,-44,44
62722,164,156,8,8
62723,146,152,-6,6
62724,64,72,-8,8
62725,101,98,3,3
62726,124,128,-4,4
62727,74,77,-3,3
62728,92,79,13,13
62729,90,87,3,3
62730,93,97,-4,4
62731,76,82,-6,6
62732,133,139,-6,6
62733,54,57,-3,3
62734,147,113,34,34
62735,107,114,-7,7
62736,132,117,15,15
62737,129,125,4,4
62738,95,95,0,0
62739,78,102,-24,24
62740,93,86,7,7
62741,85,92,-7,7
62742,138,160,-22,22
62743,106,110,-4,4
62744,45,49,-4,4
62745,50,58,-8,8
62746,55,69,-14,14
62747,44,59,-15,15
62748,70,77,-7,7
62749,125,127,-2,2
62750,82,81,1,1
62751,80,86,-6,6
62752,120,121,-1,1
62753,100,99,1,1
62754,70,68,2,2
62755,65,66,-1,1
62756,96,100,-4,4
62757,93,87,6,6
62758,106,100,6,6
62759,168,162,6,6
62760,169,168,1,1
62761,95,105,-10,10
62762,95,101,-6,6
62763,81,70,11,11
62764,65,59,6,6
62765,64,69,-5,5
62766,62,91,-29,29
62767,119,126,-7,7
62768,93,83,10,10
62769,77,85,-8,8
62770,141,141,0,0
62771,66,63,3,3
62772,76,89,-13,13
62773,148,148,0,0
62774,57,70,-13,13
62775,78,70,8,8
62776,134,122,12,12
62777,133,129,4,4
62778,66,68,-2,2
62779,75,73,2,2
62780,97,94,3,3
62781,131,122,9,9
62782,171,168,3,3
62783,222,218,4,4
62784,102,102,0,0
62785,60,65,-5,5
62786,144,155,-11,11
62787,43,45,-2,2
62788,82,81,1,1
62789,84,89,-5,5
62790,92,104,-12,12
62791,94,76,18,18
62792,179,188,-9,9
62793,119,126,-7,7
62794,61,70,-9,9
62795,93,101,-8,8
62796,53,50,3,3
62797,142,145,-3,3
62798,69,75,-6,6
62799,90,94,-4,4
62800,139,134,5,5
62801,90,112,-22,22
62802,56,60,-4,4
62803,113,119,-6,6
62804,91,86,5,5
62805,86,86,0,0
62806,111,109,2,2
62807,74,75,-1,1
62808,139,139,0,0
62809,96,96,0,0
62810,105,100,5,5
62811,139,140,-1,1
62812,61,69,-8,8
62813,70,77,-7,7
62814,70,79,-9,9
62815,61,57,4,4
62816,127,142,-15,15
62817,92,109,-17,17
62818,120,114,6,6
62819,52,60,-8,8
62820,86,86,0,0
62821,62,63,-1,1
62822,101,130,-29,29
62823,85,102,-17,17
62824,96,108,-12,12
62825,105,110,-5,5
62826,122,124,-2,2
62827,116,117,-1,1
62828,98,85,13,13
62829,154,144,10,10
62830,100,95,5,5
62831,164,158,6,6
62832,162,162,0,0
62833,136,150,-14,14
62834,62,70,-8,8
62835,178,180,-2,2
62836,109,105,4,4
62837,121,117,4,4
62838,108,123,-15,15
62839,84,80,4,4
62840,131,123,8,8
62841,122,115,7,7
62842,64,76,-12,12
62843,84,93,-9,9
62844,72,77,-5,5
62845,185,173,12,12
62846,77,78,-1,1
62847,137,166,-29,29
62848,93,110,-17,17
62849,86,92,-6,6
62850,144,135,9,9
62851,78,94,-16,16
62852,61,68,-7,7
62853,129,124,5,5
62854,52,63,-11,11
62855,195,193,2,2
62856,87,96,-9,9
62857,101,104,-3,3
62858,103,97,6,6
62859,169,162,7,7
62860,104,100,4,4
62861,80,82,-2,2
62862,40,54,-14,14
62863,90,100,-10,10
62864,89,90,-1,1
62865,105,107,-2,2
62866,86,97,-11,11
62867,133,130,3,3
62868,89,89,0,0
62869,64,68,-4,4
62870,94,109,-15,15
62871,86,99,-13,13
62872,128,127,1,1
62873,53,58,-5,5
62874,91,83,8,8
62875,74,72,2,2
62876,64,66,-2,2
62877,81,79,2,2
62878,66,73,-7,7
62879,76,73,3,3
62880,91,89,2,2
62881,76,78,-2,2
62882,109,103,6,6
62883,77,74,3,3
62884,76,73,3,3
62885,110,101,9,9
62886,88,88,0,0
62887,120,116,4,4
62888,127,129,-2,2
62889,106,111,-5,5
62890,201,187,14,14
62891,111,112,-1,1
62892,231,229,2,2
62893,59,72,-13,13
62894,150,142,8,8
62895,141,141,0,0
62896,62,59,3,3
62897,191,202,-11,11
62898,119,128,-9,9
62899,72,85,-13,13
62900,103,105,-2,2
62901,79,85,-6,6
62902,106,109,-3,3
62903,104,123,-19,19
62904,88,98,-10,10
62905,78,92,-14,14
62906,81,95,-14,14
62907,98,94,4,4
62908,123,122,1,1
62909,142,115,27,27
62910,74,76,-2,2
62911,163,156,7,7
62912,102,95,7,7
62913,60,56,4,4
62914,133,119,14,14
62915,59,61,-2,2
62916,47,50,-3,3
62917,86,100,-14,14
62918,124,118,6,6
62919,28,32,-4,4
62920,59,59,0,0
62921,124,141,-17,17
62922,105,100,5,5
62923,103,89,14,14
62924,80,82,-2,2
62925,82,82,0,0
62926,84,84,0,0
62927,128,130,-2,2
62928,101,117,-16,16
62929,72,77,-5,5
62930,89,80,9,9
62931,119,119,0,0
62932,181,191,-10,10
62933,146,147,-1,1
62934,58,64,-6,6
62935,80,85,-5,5
62936,37,43,-6,6
62937,45,54,-9,9
62938,95,110,-15,15
62939,108,109,-1,1
62940,79,75,4,4
62941,85,73,12,12
62942,53,59,-6,6
62943,211,212,-1,1
62944,103,106,-3,3
62945,77,70,7,7
62946,75,78,-3,3
62947,95,95,0,0
62948,102,92,10,10
62949,77,77,0,0
62950,54,75,-21,21
62951,110,112,-2,2
62952,121,121,0,0
62953,89,80,9,9
62954,93,98,-5,5
62955,44,49,-5,5
62956,84,99,-15,15
62957,135,125,10,10
62958,66,60,6,6
62959,104,120,-16,16
62960,141,133,8,8
62961,98,93,5,5
62962,90,92,-2,2
62963,115,121,-6,6
62964,109,114,-5,5
62965,69,78,-9,9
62966,64,64,0,0
62967,185,180,5,5
62968,114,114,0,0
62969,191,197,-6,6
62970,49,48,1,1
62971,83,94,-11,11
62972,100,98,2,2
62973,98,95,3,3
62974,69,85,-16,16
62975,103,93,10,10
62976,148,165,-17,17
62977,81,71,10,10
62978,151,155,-4,4
62979,70,76,-6,6
62980,88,81,7,7
62981,93,105,-12,12
62982,60,79,-19,19
62983,88,83,5,5
62984,63,69,-6,6
62985,92,94,-2,2
62986,108,115,-7,7
62987,78,80,-2,2
62988,156,141,15,15
62989,63,65,-2,2
62990,58,65,-7,7
62991,38,32,6,6
62992,107,103,4,4
62993,101,98,3,3
62994,65,57,8,8
62995,120,132,-12,12
62996,101,91,10,10
62997,106,93,13,13
62998,72,71,1,1
62999,127,119,8,8
63000,65,68,-3,3
63001,126,118,8,8
63002,113,116,-3,3
63003,104,120,-16,16
63004,152,154,-2,2
63005,57,58,-1,1
63006,83,79,4,4
63007,101,110,-9,9
63008,81,82,-1,1
63009,54,68,-14,14
63010,80,77,3,3
63011,83,89,-6,6
63012,31,39,-8,8
63013,64,71,-7,7
63014,159,171,-12,12
63015,133,127,6,6
63016,116,127,-11,11
63017,57,48,9,9
63018,99,89,10,10
63019,62,65,-3,3
63020,90,91,-1,1
63021,117,119,-2,2
63022,142,137,5,5
63023,177,168,9,9
63024,59,58,1,1
63025,89,104,-15,15
63026,69,68,1,1
63027,63,73,-10,10
63028,46,91,-45,45
63029,136,155,-19,19
63030,105,119,-14,14
63031,127,139,-12,12
63032,66,70,-4,4
63033,138,143,-5,5
63034,71,70,1,1
63035,97,99,-2,2
63036,112,113,-1,1
63037,77,81,-4,4
63038,57,61,-4,4
63039,84,89,-5,5
63040,85,82,3,3
63041,111,106,5,5
63042,123,124,-1,1
63043,110,119,-9,9
63044,114,124,-10,10
63045,111,141,-30,30
63046,71,76,-5,5
63047,93,94,-1,1
63048,343,330,13,13
63049,72,87,-15,15
63050,186,176,10,10
63051,62,65,-3,3
63052,79,83,-4,4
63053,129,137,-8,8
63054,121,142,-21,21
63055,105,105,0,0
63056,157,155,2,2
63057,115,109,6,6
63058,78,77,1,1
63059,179,205,-26,26
63060,80,80,0,0
63061,113,122,-9,9
63062,87,89,-2,2
63063,95,95,0,0
63064,95,103,-8,8
63065,104,104,0,0
63066,88,87,1,1
63067,61,63,-2,2
63068,63,61,2,2
63069,87,102,-15,15
63070,157,165,-8,8
63071,92,106,-14,14
63072,53,58,-5,5
63073,128,129,-1,1
63074,114,119,-5,5
63075,95,82,13,13
63076,102,102,0,0
63077,120,131,-11,11
63078,110,127,-17,17
63079,207,203,4,4
63080,103,107,-4,4
63081,55,65,-10,10
63082,98,94,4,4
63083,99,105,-6,6
63084,94,100,-6,6
63085,82,95,-13,13
63086,60,88,-28,28
63087,95,107,-12,12
63088,113,110,3,3
63089,113,115,-2,2
63090,105,97,8,8
63091,80,81,-1,1
63092,104,108,-4,4
63093,97,95,2,2
63094,62,70,-8,8
63095,62,72,-10,10
63096,85,93,-8,8
63097,114,103,11,11
63098,72,70,2,2
63099,82,77,5,5
63100,94,84,10,10
63101,90,93,-3,3
63102,110,100,10,10
63103,90,84,6,6
63104,80,84,-4,4
63105,109,100,9,9
63106,61,66,-5,5
63107,185,192,-7,7
63108,117,119,-2,2
63109,139,141,-2,2
63110,56,62,-6,6
63111,74,78,-4,4
63112,107,119,-12,12
63113,78,91,-13,13
63114,51,57,-6,6
63115,87,86,1,1
63116,114,111,3,3
63117,83,83,0,0
63118,137,132,5,5
63119,117,115,2,2
63120,87,103,-16,16
63121,69,75,-6,6
63122,86,93,-7,7
63123,150,160,-10,10
63124,162,168,-6,6
63125,87,86,1,1
63126,68,67,1,1
63127,68,67,1,1
63128,126,103,23,23
63129,109,102,7,7
63130,106,116,-10,10
63131,114,115,-1,1
63132,136,147,-11,11
63133,128,108,20,20
63134,109,119,-10,10
63135,114,119,-5,5
63136,102,106,-4,4
63137,144,133,11,11
63138,52,64,-12,12
63139,73,89,-16,16
63140,116,112,4,4
63141,111,98,13,13
63142,106,115,-9,9
63143,125,127,-2,2
63144,119,117,2,2
63145,77,82,-5,5
63146,78,77,1,1
63147,62,62,0,0
63148,80,86,-6,6
63149,101,107,-6,6
63150,130,140,-10,10
63151,165,154,11,11
63152,88,75,13,13
63153,97,90,7,7
63154,125,113,12,12
63155,55,62,-7,7
63156,76,81,-5,5
63157,124,137,-13,13
63158,82,86,-4,4
63159,60,75,-15,15
63160,107,102,5,5
63161,109,114,-5,5
63162,162,157,5,5
63163,95,113,-18,18
63164,54,55,-1,1
63165,125,126,-1,1
63166,107,100,7,7
63167,74,68,6,6
63168,155,157,-2,2
63169,77,83,-6,6
63170,80,76,4,4
63171,122,128,-6,6
63172,71,83,-12,12
63173,112,113,-1,1
63174,61,70,-9,9
63175,88,96,-8,8
63176,171,155,16,16
63177,98,79,19,19
63178,59,61,-2,2
63179,150,155,-5,5
63180,94,97,-3,3
63181,112,111,1,1
63182,113,98,15,15
63183,92,97,-5,5
63184,121,127,-6,6
63185,101,100,1,1
63186,82,81,1,1
63187,125,113,12,12
63188,74,74,0,0
63189,68,80,-12,12
63190,104,106,-2,2
63191,80,89,-9,9
63192,101,96,5,5
63193,96,104,-8,8
63194,96,98,-2,2
63195,79,92,-13,13
63196,75,80,-5,5
63197,121,122,-1,1
63198,173,169,4,4
63199,123,121,2,2
63200,124,121,3,3
63201,123,117,6,6
63202,129,136,-7,7
63203,119,110,9,9
63204,107,113,-6,6
63205,117,118,-1,1
63206,74,84,-10,10
63207,72,70,2,2
63208,92,101,-9,9
63209,102,100,2,2
63210,123,141,-18,18
63211,119,121,-2,2
63212,71,71,0,0
63213,64,73,-9,9
63214,108,101,7,7
63215,140,135,5,5
63216,90,95,-5,5
63217,128,106,22,22
63218,99,100,-1,1
63219,82,101,-19,19
63220,156,156,0,0
63221,137,137,0,0
63222,78,65,13,13
63223,95,103,-8,8
63224,82,99,-17,17
63225,90,94,-4,4
63226,64,71,-7,7
63227,73,81,-8,8
63228,53,68,-15,15
63229,123,127,-4,4
63230,62,66,-4,4
63231,92,102,-10,10
63232,123,121,2,2
63233,125,122,3,3
63234,41,46,-5,5
63235,187,190,-3,3
63236,91,80,11,11
63237,76,79,-3,3
63238,176,167,9,9
63239,93,102,-9,9
63240,87,98,-11,11
63241,89,95,-6,6
63242,88,82,6,6
63243,99,89,10,10
63244,134,122,12,12
63245,95,104,-9,9
63246,105,105,0,0
63247,42,50,-8,8
63248,96,94,2,2
63249,50,66,-16,16
63250,63,72,-9,9
63251,95,113,-18,18
63252,99,98,1,1
63253,109,107,2,2
63254,133,122,11,11
63255,90,81,9,9
63256,71,74,-3,3
63257,58,91,-33,33
63258,173,171,2,2
63259,77,75,2,2
63260,88,60,28,28
63261,72,70,2,2
63262,116,112,4,4
63263,61,65,-4,4
63264,94,88,6,6
63265,117,131,-14,14
63266,114,119,-5,5
63267,147,142,5,5
63268,125,125,0,0
63269,100,99,1,1
63270,101,91,10,10
63271,112,97,15,15
63272,94,83,11,11
63273,119,106,13,13
63274,154,161,-7,7
63275,82,84,-2,2
63276,58,67,-9,9
63277,131,109,22,22
63278,82,75,7,7
63279,96,97,-1,1
63280,80,68,12,12
63281,118,121,-3,3
63282,51,67,-16,16
63283,164,157,7,7
63284,77,110,-33,33
63285,144,151,-7,7
63286,132,136,-4,4
63287,89,89,0,0
63288,78,73,5,5
63289,51,62,-11,11
63290,100,105,-5,5
63291,108,106,2,2
63292,143,136,7,7
63293,88,91,-3,3
63294,67,63,4,4
63295,121,132,-11,11
63296,90,83,7,7
63297,65,71,-6,6
63298,79,81,-2,2
63299,144,140,4,4
63300,55,66,-11,11
63301,78,87,-9,9
63302,82,84,-2,2
63303,78,78,0,0
63304,160,170,-10,10
63305,89,88,1,1
63306,101,107,-6,6
63307,114,100,14,14
63308,86,79,7,7
63309,155,156,-1,1
63310,105,113,-8,8
63311,76,73,3,3
63312,149,154,-5,5
63313,99,115,-16,16
63314,120,109,11,11
63315,69,76,-7,7
63316,102,102,0,0
63317,59,57,2,2
63318,54,74,-20,20
63319,107,95,12,12
63320,60,71,-11,11
63321,70,68,2,2
63322,219,234,-15,15
63323,83,80,3,3
63324,68,70,-2,2
63325,89,94,-5,5
63326,68,78,-10,10
63327,108,115,-7,7
63328,94,104,-10,10
63329,90,79,11,11
63330,171,158,13,13
63331,35,49,-14,14
63332,39,40,-1,1
63333,80,121,-41,41
63334,69,66,3,3
63335,109,109,0,0
63336,112,124,-12,12
63337,127,134,-7,7
63338,87,86,1,1
63339,60,115,-55,55
63340,67,72,-5,5
63341,151,150,1,1
63342,115,114,1,1
63343,86,91,-5,5
63344,97,88,9,9
63345,128,129,-1,1
63346,137,125,12,12
63347,102,91,11,11
63348,76,78,-2,2
63349,33,48,-15,15
63350,89,92,-3,3
63351,68,65,3,3
63352,55,56,-1,1
63353,104,116,-12,12
63354,98,105,-7,7
63355,67,71,-4,4
63356,103,90,13,13
63357,87,90,-3,3
63358,92,93,-1,1
63359,97,94,3,3
63360,144,146,-2,2
63361,94,94,0,0
63362,95,92,3,3
63363,131,119,12,12
63364,102,96,6,6
63365,132,129,3,3
63366,83,94,-11,11
63367,127,137,-10,10
63368,71,71,0,0
63369,86,87,-1,1
63370,202,177,25,25
63371,181,175,6,6
63372,129,131,-2,2
63373,112,113,-1,1
63374,118,120,-2,2
63375,46,56,-10,10
63376,120,112,8,8
63377,55,67,-12,12
63378,141,140,1,1
63379,92,89,3,3
63380,137,144,-7,7
63381,59,66,-7,7
63382,192,211,-19,19
63383,144,152,-8,8
63384,91,100,-9,9
63385,111,112,-1,1
63386,52,57,-5,5
63387,135,136,-1,1
63388,43,70,-27,27
63389,138,128,10,10
63390,159,146,13,13
63391,88,96,-8,8
63392,63,66,-3,3
63393,90,93,-3,3
63394,101,100,1,1
63395,72,74,-2,2
63396,64,60,4,4
63397,81,76,5,5
63398,94,94,0,0
63399,125,111,14,14
63400,64,62,2,2
63401,68,73,-5,5
63402,77,84,-7,7
63403,125,134,-9,9
63404,68,71,-3,3
63405,131,139,-8,8
63406,72,76,-4,4
63407,113,108,5,5
63408,136,149,-13,13
63409,136,130,6,6
63410,129,117,12,12
63411,118,111,7,7
63412,79,74,5,5
63413,98,94,4,4
63414,117,120,-3,3
63415,98,110,-12,12
63416,30,57,-27,27
63417,76,65,11,11
63418,87,87,0,0
63419,110,108,2,2
63420,80,86,-6,6
63421,48,62,-14,14
63422,120,117,3,3
63423,98,99,-1,1
63424,43,53,-10,10
63425,84,85,-1,1
63426,62,65,-3,3
63427,165,176,-11,11
63428,56,64,-8,8
63429,85,96,-11,11
63430,109,107,2,2
63431,149,147,2,2
63432,55,47,8,8
63433,89,104,-15,15
63434,68,79,-11,11
63435,68,66,2,2
63436,146,152,-6,6
63437,112,108,4,4
63438,104,101,3,3
63439,49,45,4,4
63440,67,64,3,3
63441,70,54,16,16
63442,109,104,5,5
63443,56,60,-4,4
63444,148,146,2,2
63445,97,109,-12,12
63446,79,78,1,1
63447,116,110,6,6
63448,97,94,3,3
63449,79,76,3,3
63450,74,69,5,5
63451,67,59,8,8
63452,118,114,4,4
63453,72,79,-7,7
63454,128,112,16,16
63455,113,120,-7,7
63456,103,108,-5,5
63457,86,96,-10,10
63458,59,69,-10,10
63459,114,129,-15,15
63460,125,138,-13,13
63461,105,101,4,4
63462,70,57,13,13
63463,147,135,12,12
63464,90,82,8,8
63465,81,86,-5,5
63466,65,77,-12,12
63467,63,66,-3,3
63468,110,111,-1,1
63469,108,105,3,3
63470,62,73,-11,11
63471,107,108,-1,1
63472,47,54,-7,7
63473,76,83,-7,7
63474,92,97,-5,5
63475,129,129,0,0
63476,87,89,-2,2
63477,90,84,6,6
63478,75,79,-4,4
63479,69,72,-3,3
63480,61,72,-11,11
63481,76,74,2,2
63482,49,52,-3,3
63483,133,122,11,11
63484,147,161,-14,14
63485,115,92,23,23
63486,88,93,-5,5
63487,70,68,2,2
63488,77,77,0,0
63489,64,60,4,4
63490,182,175,7,7
63491,103,104,-1,1
63492,91,92,-1,1
63493,104,105,-1,1
63494,67,59,8,8
63495,90,95,-5,5
63496,81,84,-3,3
63497,140,144,-4,4
63498,64,67,-3,3
63499,132,138,-6,6
63500,64,62,2,2
63501,117,115,2,2
63502,86,95,-9,9
63503,216,209,7,7
63504,129,126,3,3
63505,107,116,-9,9
63506,114,117,-3,3
63507,99,96,3,3
63508,232,217,15,15
63509,81,88,-7,7
63510,117,122,-5,5
63511,142,147,-5,5
63512,33,47,-14,14
63513,80,86,-6,6
63514,95,95,0,0
63515,84,82,2,2
63516,111,120,-9,9
63517,53,66,-13,13
63518,47,62,-15,15
63519,80,81,-1,1
63520,81,79,2,2
63521,74,72,2,2
63522,49,52,-3,3
63523,124,118,6,6
63524,98,98,0,0
63525,155,160,-5,5
63526,58,68,-10,10
63527,111,113,-2,2
63528,99,109,-10,10
63529,124,121,3,3
63530,62,83,-21,21
63531,55,55,0,0
63532,72,70,2,2
63533,62,56,6,6
63534,74,75,-1,1
63535,76,65,11,11
63536,102,97,5,5
63537,87,82,5,5
63538,136,132,4,4
63539,89,85,4,4
63540,68,74,-6,6
63541,67,76,-9,9
63542,97,102,-5,5
63543,123,123,0,0
63544,170,150,20,20
63545,120,129,-9,9
63546,110,114,-4,4
63547,100,100,0,0
63548,37,45,-8,8
63549,84,74,10,10
63550,62,62,0,0
63551,145,148,-3,3
63552,106,110,-4,4
63553,115,116,-1,1
63554,126,131,-5,5
63555,141,148,-7,7
63556,92,88,4,4
63557,110,111,-1,1
63558,59,68,-9,9
63559,90,89,1,1
63560,77,78,-1,1
63561,70,76,-6,6
63562,77,78,-1,1
63563,79,76,3,3
63564,154,157,-3,3
63565,137,136,1,1
63566,106,106,0,0
63567,116,102,14,14
63568,119,111,8,8
63569,65,62,3,3
63570,139,135,4,4
63571,145,137,8,8
63572,141,143,-2,2
63573,119,117,2,2
63574,70,72,-2,2
63575,78,83,-5,5
63576,75,56,19,19
63577,100,97,3,3
63578,163,152,11,11
63579,162,170,-8,8
63580,153,155,-2,2
63581,94,99,-5,5
63582,74,78,-4,4
63583,88,90,-2,2
63584,67,77,-10,10
63585,100,116,-16,16
63586,117,130,-13,13
63587,80,76,4,4
63588,95,85,10,10
63589,77,79,-2,2
63590,121,105,16,16
63591,141,142,-1,1
63592,83,78,5,5
63593,55,58,-3,3
63594,87,82,5,5
63595,76,81,-5,5
63596,116,110,6,6
63597,162,193,-31,31
63598,114,116,-2,2
63599,79,76,3,3
63600,117,125,-8,8
63601,54,66,-12,12
63602,87,97,-10,10
63603,124,122,2,2
63604,101,92,9,9
63605,53,54,-1,1
63606,133,132,1,1
63607,75,91,-16,16
63608,78,88,-10,10
63609,69,81,-12,12
63610,40,44,-4,4
63611,84,86,-2,2
63612,94,99,-5,5
63613,75,75,0,0
63614,95,99,-4,4
63615,82,100,-18,18
63616,75,71,4,4
63617,141,123,18,18
63618,98,102,-4,4
63619,101,117,-16,16
63620,49,49,0,0
63621,45,56,-11,11
63622,94,98,-4,4
63623,132,112,20,20
63624,122,115,7,7
63625,96,98,-2,2
63626,89,83,6,6
63627,114,124,-10,10
63628,112,106,6,6
63629,55,71,-16,16
63630,63,66,-3,3
63631,133,121,12,12
63632,71,83,-12,12
63633,81,71,10,10
63634,104,111,-7,7
63635,97,86,11,11
63636,103,115,-12,12
63637,110,100,10,10
63638,91,93,-2,2
63639,60,58,2,2
63640,58,66,-8,8
63641,91,89,2,2
63642,69,83,-14,14
63643,75,92,-17,17
63644,175,190,-15,15
63645,62,73,-11,11
63646,121,124,-3,3
63647,64,69,-5,5
63648,103,99,4,4
63649,109,63,46,46
63650,111,103,8,8
63651,87,81,6,6
63652,146,143,3,3
63653,68,74,-6,6
63654,69,75,-6,6
63655,79,93,-14,14
63656,111,100,11,11
63657,72,68,4,4
63658,110,106,4,4
63659,106,108,-2,2
63660,112,101,11,11
63661,85,76,9,9
63662,153,167,-14,14
63663,102,85,17,17
63664,75,83,-8,8
63665,123,117,6,6
63666,80,100,-20,20
63667,81,83,-2,2
63668,76,80,-4,4
63669,107,97,10,10
63670,163,172,-9,9
63671,75,82,-7,7
63672,83,87,-4,4
63673,72,70,2,2
63674,73,75,-2,2
63675,47,70,-23,23
63676,127,129,-2,2
63677,31,35,-4,4
63678,88,86,2,2
63679,131,131,0,0
63680,140,159,-19,19
63681,172,165,7,7
63682,86,83,3,3
63683,137,136,1,1
63684,108,111,-3,3
63685,67,70,-3,3
63686,157,182,-25,25
63687,42,58,-16,16
63688,81,91,-10,10
63689,96,91,5,5
63690,189,184,5,5
63691,97,111,-14,14
63692,82,88,-6,6
63693,105,94,11,11
63694,107,94,13,13
63695,81,87,-6,6
63696,44,44,0,0
63697,93,96,-3,3
63698,63,61,2,2
63699,46,89,-43,43
63700,128,137,-9,9
63701,133,124,9,9
63702,40,55,-15,15
63703,119,111,8,8
63704,100,94,6,6
63705,96,98,-2,2
63706,84,87,-3,3
63707,188,189,-1,1
63708,66,66,0,0
63709,145,149,-4,4
63710,50,66,-16,16
63711,74,74,0,0
63712,82,84,-2,2
63713,92,75,17,17
63714,131,134,-3,3
63715,69,72,-3,3
63716,97,102,-5,5
63717,137,138,-1,1
63718,98,97,1,1
63719,67,71,-4,4
63720,107,118,-11,11
63721,49,47,2,2
63722,76,77,-1,1
63723,66,67,-1,1
63724,170,156,14,14
63725,101,108,-7,7
63726,95,92,3,3
63727,76,90,-14,14
63728,82,85,-3,3
63729,84,84,0,0
63730,106,108,-2,2
63731,64,77,-13,13
63732,91,93,-2,2
63733,86,84,2,2
63734,54,54,0,0
63735,82,90,-8,8
63736,89,92,-3,3
63737,97,96,1,1
63738,161,150,11,11
63739,48,45,3,3
63740,109,111,-2,2
63741,159,154,5,5
63742,106,116,-10,10
63743,181,163,18,18
63744,129,141,-12,12
63745,101,112,-11,11
63746,114,109,5,5
63747,126,123,3,3
63748,168,151,17,17
63749,95,108,-13,13
63750,80,81,-1,1
63751,96,95,1,1
63752,35,64,-29,29
63753,73,73,0,0
63754,89,86,3,3
63755,107,106,1,1
63756,88,102,-14,14
63757,92,97,-5,5
63758,91,76,15,15
63759,91,85,6,6
63760,120,144,-24,24
63761,82,80,2,2
63762,80,84,-4,4
63763,55,59,-4,4
63764,76,72,4,4
63765,72,71,1,1
63766,105,107,-2,2
63767,113,114,-1,1
63768,67,69,-2,2
63769,101,109,-8,8
63770,80,73,7,7
63771,80,84,-4,4
63772,96,92,4,4
63773,71,62,9,9
63774,148,147,1,1
63775,72,64,8,8
63776,127,138,-11,11
63777,75,80,-5,5
63778,83,94,-11,11
63779,90,94,-4,4
63780,86,93,-7,7
63781,75,90,-15,15
63782,72,78,-6,6
63783,70,62,8,8
63784,105,97,8,8
63785,41,76,-35,35
63786,68,74,-6,6
63787,86,88,-2,2
63788,64,59,5,5
63789,86,92,-6,6
63790,51,59,-8,8
63791,124,114,10,10
63792,88,97,-9,9
63793,93,100,-7,7
63794,54,75,-21,21
63795,71,63,8,8
63796,132,140,-8,8
63797,101,96,5,5
63798,172,167,5,5
63799,176,179,-3,3
63800,173,184,-11,11
63801,130,131,-1,1
63802,79,77,2,2
63803,102,105,-3,3
63804,133,133,0,0
63805,90,69,21,21
63806,102,103,-1,1
63807,65,64,1,1
63808,128,122,6,6
63809,159,135,24,24
63810,57,60,-3,3
63811,171,172,-1,1
63812,66,72,-6,6
63813,165,159,6,6
63814,51,50,1,1
63815,111,115,-4,4
63816,211,194,17,17
63817,89,83,6,6
63818,74,78,-4,4
63819,86,103,-17,17
63820,129,113,16,16
63821,67,70,-3,3
63822,112,112,0,0
63823,102,89,13,13
63824,76,76,0,0
63825,67,79,-12,12
63826,96,93,3,3
63827,115,119,-4,4
63828,95,103,-8,8
63829,129,133,-4,4
63830,78,75,3,3
63831,58,59,-1,1
63832,93,98,-5,5
63833,53,49,4,4
63834,62,62,0,0
63835,89,84,5,5
63836,110,109,1,1
63837,109,123,-14,14
63838,34,69,-35,35
63839,94,82,12,12
63840,54,59,-5,5
63841,111,116,-5,5
63842,128,136,-8,8
63843,141,139,2,2
63844,92,98,-6,6
63845,102,80,22,22
63846,94,104,-10,10
63847,130,130,0,0
63848,93,100,-7,7
63849,86,81,5,5
63850,102,102,0,0
63851,137,132,5,5
63852,55,53,2,2
63853,118,117,1,1
63854,121,122,-1,1
63855,155,155,0,0
63856,71,77,-6,6
63857,140,146,-6,6
63858,64,84,-20,20
63859,110,120,-10,10
63860,119,126,-7,7
63861,55,57,-2,2
63862,80,85,-5,5
63863,142,139,3,3
63864,44,55,-11,11
63865,111,117,-6,6
63866,113,112,1,1
63867,146,135,11,11
63868,169,168,1,1
63869,129,126,3,3
63870,76,82,-6,6
63871,67,66,1,1
63872,75,69,6,6
63873,68,71,-3,3
63874,74,80,-6,6
63875,80,79,1,1
63876,33,38,-5,5
63877,91,87,4,4
63878,75,75,0,0
63879,94,92,2,2
63880,142,130,12,12
63881,50,107,-57,57
63882,193,207,-14,14
63883,81,87,-6,6
63884,111,104,7,7
63885,130,129,1,1
63886,51,68,-17,17
63887,73,72,1,1
63888,136,147,-11,11
63889,94,96,-2,2
63890,111,103,8,8
63891,119,114,5,5
63892,101,101,0,0
63893,79,72,7,7
63894,92,92,0,0
63895,84,79,5,5
63896,48,62,-14,14
63897,105,101,4,4
63898,87,76,11,11
63899,91,98,-7,7
63900,78,82,-4,4
63901,136,156,-20,20
63902,123,121,2,2
63903,130,131,-1,1
63904,126,121,5,5
63905,84,94,-10,10
63906,122,132,-10,10
63907,124,128,-4,4
63908,117,114,3,3
63909,49,47,2,2
63910,63,61,2,2
63911,64,65,-1,1
63912,57,65,-8,8
63913,37,47,-10,10
63914,38,58,-20,20
63915,56,52,4,4
63916,137,138,-1,1
63917,109,120,-11,11
63918,158,164,-6,6
63919,112,126,-14,14
63920,96,101,-5,5
63921,99,103,-4,4
63922,68,69,-1,1
63923,94,100,-6,6
63924,118,126,-8,8
63925,80,88,-8,8
63926,78,82,-4,4
63927,94,86,8,8
63928,172,178,-6,6
63929,39,45,-6,6
63930,62,74,-12,12
63931,152,137,15,15
63932,120,120,0,0
63933,90,86,4,4
63934,105,96,9,9
63935,80,80,0,0
63936,58,65,-7,7
63937,51,53,-2,2
63938,90,90,0,0
63939,107,102,5,5
63940,71,84,-13,13
63941,61,71,-10,10
63942,111,139,-28,28
63943,88,96,-8,8
63944,56,64,-8,8
63945,93,91,2,2
63946,106,102,4,4
63947,96,94,2,2
63948,81,86,-5,5
63949,63,59,4,4
63950,112,121,-9,9
63951,120,113,7,7
63952,59,54,5,5
63953,103,90,13,13
63954,50,55,-5,5
63955,115,98,17,17
63956,54,63,-9,9
63957,71,69,2,2
63958,59,58,1,1
63959,115,109,6,6
63960,47,51,-4,4
63961,100,97,3,3
63962,77,82,-5,5
63963,195,185,10,10
63964,118,121,-3,3
63965,90,89,1,1
63966,101,108,-7,7
63967,141,136,5,5
63968,153,149,4,4
63969,72,79,-7,7
63970,76,85,-9,9
63971,141,133,8,8
63972,168,160,8,8
63973,189,164,25,25
63974,52,58,-6,6
63975,90,89,1,1
63976,81,87,-6,6
63977,54,58,-4,4
63978,128,119,9,9
63979,86,92,-6,6
63980,65,71,-6,6
63981,53,52,1,1
63982,57,70,-13,13
63983,90,63,27,27
63984,73,87,-14,14
63985,75,88,-13,13
63986,85,79,6,6
63987,143,145,-2,2
63988,44,62,-18,18
63989,81,75,6,6
63990,76,85,-9,9
63991,126,127,-1,1
63992,46,55,-9,9
63993,139,133,6,6
63994,154,151,3,3
63995,161,166,-5,5
63996,59,54,5,5
63997,78,83,-5,5
63998,85,90,-5,5
63999,48,66,-18,18
64000,71,72,-1,1
64001,79,79,0,0
64002,65,68,-3,3
64003,78,80,-2,2
64004,117,121,-4,4
64005,51,49,2,2
64006,153,67,86,86
64007,118,110,8,8
64008,66,69,-3,3
64009,75,84,-9,9
64010,102,110,-8,8
64011,85,88,-3,3
64012,64,67,-3,3
64013,95,109,-14,14
64014,160,144,16,16
64015,94,93,1,1
64016,68,85,-17,17
64017,180,183,-3,3
64018,52,76,-24,24
64019,106,110,-4,4
64020,85,83,2,2
64021,115,126,-11,11
64022,57,60,-3,3
64023,104,109,-5,5
64024,53,52,1,1
64025,79,76,3,3
64026,68,82,-14,14
64027,86,78,8,8
64028,121,115,6,6
64029,54,53,1,1
64030,74,77,-3,3
64031,122,146,-24,24
64032,67,67,0,0
64033,128,139,-11,11
64034,56,66,-10,10
64035,146,151,-5,5
64036,111,125,-14,14
64037,86,91,-5,5
64038,96,90,6,6
64039,144,168,-24,24
64040,73,75,-2,2
64041,50,50,0,0
64042,179,188,-9,9
64043,83,84,-1,1
64044,62,66,-4,4
64045,103,116,-13,13
64046,101,103,-2,2
64047,59,64,-5,5
64048,74,65,9,9
64049,72,81,-9,9
64050,75,88,-13,13
64051,109,113,-4,4
64052,102,89,13,13
64053,143,130,13,13
64054,83,100,-17,17
64055,156,160,-4,4
64056,124,119,5,5
64057,80,83,-3,3
64058,161,144,17,17
64059,54,62,-8,8
64060,75,100,-25,25
64061,155,125,30,30
64062,117,108,9,9
64063,130,131,-1,1
64064,225,206,19,19
64065,94,99,-5,5
64066,63,58,5,5
64067,72,69,3,3
64068,179,185,-6,6
64069,141,149,-8,8
64070,82,78,4,4
64071,62,51,11,11
64072,122,135,-13,13
64073,79,75,4,4
64074,93,85,8,8
64075,137,172,-35,35
64076,110,117,-7,7
64077,137,140,-3,3
64078,84,72,12,12
64079,64,66,-2,2
64080,64,62,2,2
64081,56,61,-5,5
64082,70,77,-7,7
64083,76,82,-6,6
64084,118,114,4,4
64085,88,83,5,5
64086,81,79,2,2
64087,129,98,31,31
64088,64,70,-6,6
64089,97,93,4,4
64090,123,128,-5,5
64091,86,77,9,9
64092,97,95,2,2
64093,115,124,-9,9
64094,96,106,-10,10
64095,77,80,-3,3
64096,168,181,-13,13
64097,51,52,-1,1
64098,90,70,20,20
64099,56,68,-12,12
64100,71,84,-13,13
64101,107,111,-4,4
64102,94,88,6,6
64103,46,57,-11,11
64104,118,111,7,7
64105,129,121,8,8
64106,106,111,-5,5
64107,81,87,-6,6
64108,82,80,2,2
64109,56,59,-3,3
64110,79,76,3,3
64111,71,74,-3,3
64112,148,163,-15,15
64113,205,206,-1,1
64114,142,128,14,14
64115,85,78,7,7
64116,47,53,-6,6
64117,91,89,2,2
64118,108,109,-1,1
64119,73,74,-1,1
64120,102,106,-4,4
64121,129,148,-19,19
64122,130,161,-31,31
64123,103,94,9,9
64124,70,96,-26,26
64125,90,86,4,4
64126,118,137,-19,19
64127,85,80,5,5
64128,63,74,-11,11
64129,62,58,4,4
64130,93,96,-3,3
64131,66,76,-10,10
64132,57,60,-3,3
64133,43,49,-6,6
64134,104,107,-3,3
64135,131,135,-4,4
64136,88,89,-1,1
64137,79,85,-6,6
64138,83,73,10,10
64139,77,77,0,0
64140,82,74,8,8
64141,109,110,-1,1
64142,118,115,3,3
64143,134,145,-11,11
64144,124,132,-8,8
64145,105,112,-7,7
64146,102,99,3,3
64147,109,106,3,3
64148,100,99,1,1
64149,84,82,2,2
64150,88,80,8,8
64151,86,86,0,0
64152,92,87,5,5
64153,125,125,0,0
64154,70,66,4,4
64155,167,146,21,21
64156,151,162,-11,11
64157,80,78,2,2
64158,125,98,27,27
64159,140,156,-16,16
64160,101,100,1,1
64161,68,64,4,4
64162,48,66,-18,18
64163,105,106,-1,1
64164,72,68,4,4
64165,73,74,-1,1
64166,139,141,-2,2
64167,88,98,-10,10
64168,65,99,-34,34
64169,100,96,4,4
64170,150,158,-8,8
64171,116,115,1,1
64172,64,59,5,5
64173,115,109,6,6
64174,58,62,-4,4
64175,132,146,-14,14
64176,91,83,8,8
64177,75,69,6,6
64178,98,103,-5,5
64179,109,109,0,0
64180,115,110,5,5
64181,86,98,-12,12
64182,100,82,18,18
64183,77,79,-2,2
64184,156,170,-14,14
64185,63,62,1,1
64186,81,83,-2,2
64187,95,82,13,13
64188,70,72,-2,2
64189,100,104,-4,4
64190,92,92,0,0
64191,150,155,-5,5
64192,99,110,-11,11
64193,133,136,-3,3
64194,46,48,-2,2
64195,99,98,1,1
64196,128,126,2,2
64197,77,80,-3,3
64198,77,76,1,1
64199,62,72,-10,10
64200,175,162,13,13
64201,183,185,-2,2
64202,80,77,3,3
64203,124,125,-1,1
64204,116,118,-2,2
64205,140,148,-8,8
64206,74,64,10,10
64207,104,126,-22,22
64208,43,48,-5,5
64209,191,187,4,4
64210,245,259,-14,14
64211,94,94,0,0
64212,110,93,17,17
64213,86,88,-2,2
64214,49,56,-7,7
64215,116,123,-7,7
64216,58,57,1,1
64217,51,74,-23,23
64218,96,93,3,3
64219,73,82,-9,9
64220,100,109,-9,9
64221,83,142,-59,59
64222,130,128,2,2
64223,64,71,-7,7
64224,77,79,-2,2
64225,126,131,-5,5
64226,52,50,2,2
64227,84,83,1,1
64228,69,84,-15,15
64229,107,123,-16,16
64230,104,99,5,5
64231,55,56,-1,1
64232,87,100,-13,13
64233,88,97,-9,9
64234,147,146,1,1
64235,122,120,2,2
64236,120,115,5,5
64237,166,162,4,4
64238,80,86,-6,6
64239,122,134,-12,12
64240,43,47,-4,4
64241,121,112,9,9
64242,70,76,-6,6
64243,101,100,1,1
64244,57,65,-8,8
64245,100,87,13,13
64246,52,62,-10,10
64247,69,90,-21,21
64248,52,55,-3,3
64249,60,62,-2,2
64250,74,79,-5,5
64251,92,95,-3,3
64252,47,58,-11,11
64253,91,98,-7,7
64254,72,82,-10,10
64255,45,53,-8,8
64256,70,81,-11,11
64257,119,122,-3,3
64258,113,119,-6,6
64259,51,50,1,1
64260,56,59,-3,3
64261,95,94,1,1
64262,82,93,-11,11
64263,79,78,1,1
64264,70,77,-7,7
64265,78,81,-3,3
64266,94,91,3,3
64267,68,75,-7,7
64268,87,104,-17,17
64269,164,182,-18,18
64270,101,93,8,8
64271,145,141,4,4
64272,50,59,-9,9
64273,65,90,-25,25
64274,108,103,5,5
64275,77,74,3,3
64276,153,135,18,18
64277,113,106,7,7
64278,181,158,23,23
64279,52,54,-2,2
64280,96,99,-3,3
64281,139,139,0,0
64282,91,92,-1,1
64283,73,78,-5,5
64284,77,78,-1,1
64285,71,72,-1,1
64286,51,61,-10,10
64287,90,97,-7,7
64288,68,65,3,3
64289,73,78,-5,5
64290,94,103,-9,9
64291,69,68,1,1
64292,90,93,-3,3
64293,154,164,-10,10
64294,163,151,12,12
64295,74,80,-6,6
64296,55,56,-1,1
64297,73,81,-8,8
64298,33,27,6,6
64299,154,149,5,5
64300,70,52,18,18
64301,72,73,-1,1
64302,96,104,-8,8
64303,117,119,-2,2
64304,127,118,9,9
64305,84,87,-3,3
64306,99,112,-13,13
64307,72,56,16,16
64308,144,138,6,6
64309,74,79,-5,5
64310,75,74,1,1
64311,89,88,1,1
64312,122,120,2,2
64313,165,168,-3,3
64314,45,51,-6,6
64315,82,90,-8,8
64316,84,79,5,5
64317,166,168,-2,2
64318,140,130,10,10
64319,96,106,-10,10
64320,73,76,-3,3
64321,200,195,5,5
64322,113,109,4,4
64323,137,137,0,0
64324,87,92,-5,5
64325,127,128,-1,1
64326,74,60,14,14
64327,89,75,14,14
64328,128,140,-12,12
64329,73,76,-3,3
64330,53,55,-2,2
64331,26,36,-10,10
64332,104,105,-1,1
64333,91,86,5,5
64334,157,157,0,0
64335,93,92,1,1
64336,125,137,-12,12
64337,66,63,3,3
64338,125,125,0,0
64339,144,124,20,20
64340,106,105,1,1
64341,129,126,3,3
64342,86,95,-9,9
64343,188,187,1,1
64344,142,135,7,7
64345,54,61,-7,7
64346,185,161,24,24
64347,152,152,0,0
64348,55,57,-2,2
64349,74,83,-9,9
64350,132,144,-12,12
64351,80,84,-4,4
64352,77,81,-4,4
64353,67,68,-1,1
64354,71,70,1,1
64355,129,113,16,16
64356,116,114,2,2
64357,97,97,0,0
64358,39,50,-11,11
64359,44,53,-9,9
64360,73,74,-1,1
64361,78,81,-3,3
64362,68,66,2,2
64363,57,60,-3,3
64364,97,85,12,12
64365,77,83,-6,6
64366,159,171,-12,12
64367,144,132,12,12
64368,58,63,-5,5
64369,74,84,-10,10
64370,47,49,-2,2
64371,86,75,11,11
64372,95,84,11,11
64373,74,74,0,0
64374,84,100,-16,16
64375,175,182,-7,7
64376,47,50,-3,3
64377,110,105,5,5
64378,181,178,3,3
64379,117,120,-3,3
64380,77,70,7,7
64381,88,79,9,9
64382,84,94,-10,10
64383,56,56,0,0
64384,49,61,-12,12
64385,75,79,-4,4
64386,58,59,-1,1
64387,110,116,-6,6
64388,80,87,-7,7
64389,120,128,-8,8
64390,79,102,-23,23
64391,107,119,-12,12
64392,79,83,-4,4
64393,69,88,-19,19
64394,36,48,-12,12
64395,106,110,-4,4
64396,64,59,5,5
64397,91,97,-6,6
64398,70,72,-2,2
64399,69,70,-1,1
64400,75,74,1,1
64401,54,57,-3,3
64402,69,80,-11,11
64403,105,113,-8,8
64404,67,74,-7,7
64405,28,59,-31,31
64406,57,58,-1,1
64407,46,43,3,3
64408,52,52,0,0
64409,122,124,-2,2
64410,101,100,1,1
64411,129,124,5,5
64412,143,156,-13,13
64413,193,187,6,6
64414,55,60,-5,5
64415,92,94,-2,2
64416,107,92,15,15
64417,137,125,12,12
64418,100,107,-7,7
64419,61,80,-19,19
64420,113,102,11,11
64421,112,101,11,11
64422,78,67,11,11
64423,82,96,-14,14
64424,58,69,-11,11
64425,65,52,13,13
64426,52,61,-9,9
64427,106,106,0,0
64428,47,52,-5,5
64429,72,80,-8,8
64430,75,81,-6,6
64431,135,147,-12,12
64432,87,96,-9,9
64433,175,167,8,8
64434,99,106,-7,7
64435,50,54,-4,4
64436,90,86,4,4
64437,83,91,-8,8
64438,68,73,-5,5
64439,85,86,-1,1
64440,73,78,-5,5
64441,58,65,-7,7
64442,78,81,-3,3
64443,89,92,-3,3
64444,49,47,2,2
64445,73,61,12,12
64446,108,78,30,30
64447,60,68,-8,8
64448,142,140,2,2
64449,217,208,9,9
64450,57,57,0,0
64451,61,59,2,2
64452,82,77,5,5
64453,73,74,-1,1
64454,108,109,-1,1
64455,139,151,-12,12
64456,80,79,1,1
64457,218,213,5,5
64458,119,124,-5,5
64459,105,104,1,1
64460,57,61,-4,4
64461,106,127,-21,21
64462,74,86,-12,12
64463,77,83,-6,6
64464,143,142,1,1
64465,103,110,-7,7
64466,120,121,-1,1
64467,124,109,15,15
64468,112,109,3,3
64469,105,103,2,2
64470,144,149,-5,5
64471,97,93,4,4
64472,65,63,2,2
64473,74,73,1,1
64474,55,65,-10,10
64475,80,86,-6,6
64476,115,120,-5,5
64477,145,152,-7,7
64478,103,113,-10,10
64479,132,130,2,2
64480,46,27,19,19
64481,59,57,2,2
64482,83,83,0,0
64483,150,132,18,18
64484,182,169,13,13
64485,44,61,-17,17
64486,64,78,-14,14
64487,53,54,-1,1
64488,78,86,-8,8
64489,112,122,-10,10
64490,109,111,-2,2
64491,95,105,-10,10
64492,62,92,-30,30
64493,57,61,-4,4
64494,130,138,-8,8
64495,101,101,0,0
64496,135,145,-10,10
64497,100,124,-24,24
64498,107,118,-11,11
64499,97,112,-15,15
64500,79,78,1,1
64501,80,83,-3,3
64502,94,79,15,15
64503,122,126,-4,4
64504,57,64,-7,7
64505,58,60,-2,2
64506,76,78,-2,2
64507,144,138,6,6
64508,51,46,5,5
64509,54,61,-7,7
64510,85,90,-5,5
64511,61,65,-4,4
64512,148,122,26,26
64513,33,42,-9,9
64514,99,98,1,1
64515,117,113,4,4
64516,82,83,-1,1
64517,54,72,-18,18
64518,144,141,3,3
64519,141,137,4,4
64520,80,89,-9,9
64521,203,192,11,11
64522,93,93,0,0
64523,65,74,-9,9
64524,61,55,6,6
64525,139,142,-3,3
64526,84,93,-9,9
64527,72,80,-8,8
64528,68,71,-3,3
64529,56,67,-11,11
64530,101,102,-1,1
64531,63,70,-7,7
64532,94,98,-4,4
64533,120,126,-6,6
64534,113,118,-5,5
64535,32,38,-6,6
64536,94,107,-13,13
64537,116,118,-2,2
64538,101,96,5,5
64539,57,63,-6,6
64540,144,144,0,0
64541,76,78,-2,2
64542,94,93,1,1
64543,80,88,-8,8
64544,100,104,-4,4
64545,150,140,10,10
64546,85,87,-2,2
64547,77,78,-1,1
64548,75,73,2,2
64549,170,166,4,4
64550,138,152,-14,14
64551,74,69,5,5
64552,83,85,-2,2
64553,193,205,-12,12
64554,95,85,10,10
64555,132,130,2,2
64556,69,65,4,4
64557,120,140,-20,20
64558,102,94,8,8
64559,87,74,13,13
64560,133,125,8,8
64561,106,104,2,2
64562,90,94,-4,4
64563,61,59,2,2
64564,87,92,-5,5
64565,130,123,7,7
64566,77,77,0,0
64567,80,97,-17,17
64568,95,73,22,22
64569,64,62,2,2
64570,57,71,-14,14
64571,70,73,-3,3
64572,111,113,-2,2
64573,54,63,-9,9
64574,142,175,-33,33
64575,52,61,-9,9
64576,47,58,-11,11
64577,133,141,-8,8
64578,140,151,-11,11
64579,60,72,-12,12
64580,186,163,23,23
64581,77,81,-4,4
64582,101,99,2,2
64583,59,58,1,1
64584,121,134,-13,13
64585,104,102,2,2
64586,155,139,16,16
64587,83,79,4,4
64588,77,83,-6,6
64589,123,110,13,13
64590,59,62,-3,3
64591,105,92,13,13
64592,75,86,-11,11
64593,116,112,4,4
64594,72,74,-2,2
64595,149,164,-15,15
64596,119,115,4,4
64597,63,75,-12,12
64598,87,80,7,7
64599,137,133,4,4
64600,82,74,8,8
64601,125,124,1,1
64602,36,83,-47,47
64603,67,74,-7,7
64604,116,120,-4,4
64605,155,152,3,3
64606,103,97,6,6
64607,104,105,-1,1
64608,143,144,-1,1
64609,123,126,-3,3
64610,121,120,1,1
64611,87,74,13,13
64612,72,78,-6,6
64613,49,77,-28,28
64614,69,83,-14,14
64615,72,89,-17,17
64616,116,98,18,18
64617,138,155,-17,17
64618,97,103,-6,6
64619,63,58,5,5
64620,109,108,1,1
64621,80,82,-2,2
64622,96,92,4,4
64623,98,87,11,11
64624,101,103,-2,2
64625,143,134,9,9
64626,90,96,-6,6
64627,85,87,-2,2
64628,120,120,0,0
64629,65,56,9,9
64630,161,144,17,17
64631,124,109,15,15
64632,103,110,-7,7
64633,99,99,0,0
64634,121,124,-3,3
64635,122,122,0,0
64636,104,112,-8,8
64637,160,169,-9,9
64638,109,86,23,23
64639,63,64,-1,1
64640,112,115,-3,3
64641,88,85,3,3
64642,88,93,-5,5
64643,101,122,-21,21
64644,50,51,-1,1
64645,170,192,-22,22
64646,64,73,-9,9
64647,102,111,-9,9
64648,93,96,-3,3
64649,132,128,4,4
64650,75,90,-15,15
64651,84,71,13,13
64652,60,74,-14,14
64653,103,124,-21,21
64654,58,74,-16,16
64655,153,141,12,12
64656,135,129,6,6
64657,62,73,-11,11
64658,162,152,10,10
64659,74,84,-10,10
64660,90,87,3,3
64661,127,129,-2,2
64662,97,101,-4,4
64663,102,98,4,4
64664,117,120,-3,3
64665,38,50,-12,12
64666,114,114,0,0
64667,45,44,1,1
64668,100,94,6,6
64669,61,58,3,3
64670,101,94,7,7
64671,120,131,-11,11
64672,152,151,1,1
64673,84,85,-1,1
64674,100,91,9,9
64675,108,100,8,8
64676,124,145,-21,21
64677,148,169,-21,21
64678,46,51,-5,5
64679,119,124,-5,5
64680,118,111,7,7
64681,52,75,-23,23
64682,104,115,-11,11
64683,82,95,-13,13
64684,100,88,12,12
64685,118,111,7,7
64686,70,77,-7,7
64687,104,94,10,10
64688,141,135,6,6
64689,97,96,1,1
64690,24,32,-8,8
64691,192,175,17,17
64692,71,70,1,1
64693,78,88,-10,10
64694,46,52,-6,6
64695,79,84,-5,5
64696,153,119,34,34
64697,88,105,-17,17
64698,64,75,-11,11
64699,81,72,9,9
64700,81,87,-6,6
64701,105,102,3,3
64702,88,91,-3,3
64703,120,129,-9,9
64704,68,68,0,0
64705,84,82,2,2
64706,121,119,2,2
64707,80,78,2,2
64708,138,142,-4,4
64709,90,86,4,4
64710,87,91,-4,4
64711,92,93,-1,1
64712,111,119,-8,8
64713,77,75,2,2
64714,74,70,4,4
64715,170,147,23,23
64716,77,87,-10,10
64717,117,126,-9,9
64718,151,138,13,13
64719,84,94,-10,10
64720,108,122,-14,14
64721,69,73,-4,4
64722,121,130,-9,9
64723,94,107,-13,13
64724,41,56,-15,15
64725,140,132,8,8
64726,76,72,4,4
64727,85,85,0,0
64728,104,114,-10,10
64729,48,49,-1,1
64730,128,139,-11,11
64731,68,75,-7,7
64732,70,65,5,5
64733,93,89,4,4
64734,69,89,-20,20
64735,56,62,-6,6
64736,96,96,0,0
64737,50,60,-10,10
64738,64,73,-9,9
64739,69,74,-5,5
64740,89,88,1,1
64741,75,79,-4,4
64742,77,81,-4,4
64743,68,67,1,1
64744,59,96,-37,37
64745,140,137,3,3
64746,79,73,6,6
64747,46,47,-1,1
64748,54,53,1,1
64749,89,100,-11,11
64750,99,104,-5,5
64751,68,71,-3,3
64752,86,102,-16,16
64753,106,99,7,7
64754,82,84,-2,2
64755,97,96,1,1
64756,29,42,-13,13
64757,99,94,5,5
64758,119,124,-5,5
64759,102,108,-6,6
64760,104,108,-4,4
64761,148,132,16,16
64762,146,147,-1,1
64763,107,92,15,15
64764,49,57,-8,8
64765,45,61,-16,16
64766,133,133,0,0
64767,102,103,-1,1
64768,110,118,-8,8
64769,100,105,-5,5
64770,112,106,6,6
64771,59,72,-13,13
64772,73,69,4,4
64773,115,133,-18,18
64774,88,88,0,0
64775,77,91,-14,14
64776,133,134,-1,1
64777,86,85,1,1
64778,74,72,2,2
64779,125,130,-5,5
64780,97,100,-3,3
64781,71,69,2,2
64782,42,46,-4,4
64783,140,145,-5,5
64784,70,78,-8,8
64785,76,88,-12,12
64786,59,56,3,3
64787,87,103,-16,16
64788,134,126,8,8
64789,173,167,6,6
64790,47,48,-1,1
64791,112,104,8,8
64792,94,104,-10,10
64793,81,75,6,6
64794,152,154,-2,2
64795,56,63,-7,7
64796,72,73,-1,1
64797,82,83,-1,1
64798,68,70,-2,2
64799,87,90,-3,3
64800,116,139,-23,23
64801,49,48,1,1
64802,124,123,1,1
64803,146,150,-4,4
64804,151,149,2,2
64805,67,88,-21,21
64806,57,97,-40,40
64807,147,156,-9,9
64808,104,105,-1,1
64809,124,134,-10,10
64810,46,51,-5,5
64811,118,116,2,2
64812,110,115,-5,5
64813,82,76,6,6
64814,97,94,3,3
64815,104,99,5,5
64816,46,49,-3,3
64817,76,79,-3,3
64818,66,68,-2,2
64819,51,54,-3,3
64820,63,64,-1,1
64821,81,78,3,3
64822,110,120,-10,10
64823,160,168,-8,8
64824,65,69,-4,4
64825,43,49,-6,6
64826,67,116,-49,49
64827,104,101,3,3
64828,83,90,-7,7
64829,57,71,-14,14
64830,139,140,-1,1
64831,78,84,-6,6
64832,68,74,-6,6
64833,91,78,13,13
64834,117,118,-1,1
64835,117,115,2,2
64836,110,119,-9,9
64837,67,68,-1,1
64838,89,94,-5,5
64839,96,115,-19,19
64840,92,104,-12,12
64841,87,88,-1,1
64842,92,83,9,9
64843,59,70,-11,11
64844,66,63,3,3
64845,160,162,-2,2
64846,188,173,15,15
64847,96,102,-6,6
64848,75,83,-8,8
64849,140,139,1,1
64850,95,99,-4,4
64851,83,84,-1,1
64852,103,109,-6,6
64853,81,84,-3,3
64854,87,91,-4,4
64855,90,86,4,4
64856,66,71,-5,5
64857,100,102,-2,2
64858,75,83,-8,8
64859,50,48,2,2
64860,68,63,5,5
64861,82,79,3,3
64862,72,72,0,0
64863,56,61,-5,5
64864,113,117,-4,4
64865,41,48,-7,7
64866,56,51,5,5
64867,92,87,5,5
64868,68,74,-6,6
64869,63,66,-3,3
64870,111,122,-11,11
64871,74,78,-4,4
64872,91,92,-1,1
64873,84,144,-60,60
64874,107,119,-12,12
64875,95,93,2,2
64876,80,81,-1,1
64877,125,116,9,9
64878,57,53,4,4
64879,115,126,-11,11
64880,117,120,-3,3
64881,71,78,-7,7
64882,72,68,4,4
64883,199,196,3,3
64884,100,107,-7,7
64885,75,71,4,4
64886,78,79,-1,1
64887,82,72,10,10
64888,85,87,-2,2
64889,53,65,-12,12
64890,89,91,-2,2
64891,111,103,8,8
64892,58,60,-2,2
64893,74,69,5,5
64894,106,119,-13,13
64895,139,143,-4,4
64896,94,98,-4,4
64897,66,65,1,1
64898,140,127,13,13
64899,100,98,2,2
64900,60,59,1,1
64901,118,116,2,2
64902,108,96,12,12
64903,131,123,8,8
64904,141,165,-24,24
64905,107,93,14,14
64906,65,80,-15,15
64907,104,110,-6,6
64908,121,125,-4,4
64909,93,106,-13,13
64910,85,90,-5,5
64911,77,74,3,3
64912,113,110,3,3
64913,44,53,-9,9
64914,110,124,-14,14
64915,75,71,4,4
64916,65,77,-12,12
64917,59,58,1,1
64918,102,94,8,8
64919,93,109,-16,16
64920,85,83,2,2
64921,57,60,-3,3
64922,129,127,2,2
64923,45,55,-10,10
64924,60,80,-20,20
64925,89,106,-17,17
64926,93,93,0,0
64927,104,106,-2,2
64928,55,62,-7,7
64929,83,90,-7,7
64930,137,135,2,2
64931,109,100,9,9
64932,69,74,-5,5
64933,110,135,-25,25
64934,119,103,16,16
64935,97,95,2,2
64936,81,83,-2,2
64937,104,105,-1,1
64938,71,77,-6,6
64939,50,62,-12,12
64940,136,139,-3,3
64941,70,71,-1,1
64942,63,69,-6,6
64943,90,89,1,1
64944,102,103,-1,1
64945,50,54,-4,4
64946,138,130,8,8
64947,103,129,-26,26
64948,127,129,-2,2
64949,129,131,-2,2
64950,144,147,-3,3
64951,52,65,-13,13
64952,72,76,-4,4
64953,94,99,-5,5
64954,77,73,4,4
64955,62,66,-4,4
64956,91,97,-6,6
64957,58,61,-3,3
64958,78,77,1,1
64959,63,68,-5,5
64960,111,102,9,9
64961,87,86,1,1
64962,85,82,3,3
64963,224,217,7,7
64964,99,97,2,2
64965,84,79,5,5
64966,101,99,2,2
64967,156,120,36,36
64968,50,59,-9,9
64969,82,83,-1,1
64970,190,201,-11,11
64971,127,137,-10,10
64972,61,74,-13,13
64973,100,104,-4,4
64974,81,86,-5,5
64975,141,126,15,15
64976,80,78,2,2
64977,67,72,-5,5
64978,90,94,-4,4
64979,81,74,7,7
64980,55,56,-1,1
64981,85,85,0,0
64982,36,39,-3,3
64983,87,72,15,15
64984,73,85,-12,12
64985,90,104,-14,14
64986,69,65,4,4
64987,88,86,2,2
64988,64,65,-1,1
64989,56,67,-11,11
64990,130,119,11,11
64991,59,60,-1,1
64992,140,150,-10,10
64993,129,113,16,16
64994,122,121,1,1
64995,69,66,3,3
64996,65,75,-10,10
64997,103,109,-6,6
64998,36,37,-1,1
64999,193,209,-16,16
65000,123,123,0,0
65001,77,76,1,1
65002,75,76,-1,1
65003,85,97,-12,12
65004,124,126,-2,2
65005,148,160,-12,12
65006,92,97,-5,5
65007,70,66,4,4
65008,129,127,2,2
65009,51,54,-3,3
65010,98,89,9,9
65011,130,126,4,4
65012,134,135,-1,1
65013,89,81,8,8
65014,83,95,-12,12
65015,89,89,0,0
65016,101,99,2,2
65017,110,103,7,7
65018,68,68,0,0
65019,68,68,0,0
65020,72,75,-3,3
65021,77,83,-6,6
65022,147,145,2,2
65023,117,117,0,0
65024,79,99,-20,20
65025,103,110,-7,7
65026,65,72,-7,7
65027,102,103,-1,1
65028,66,71,-5,5
65029,101,96,5,5
65030,77,81,-4,4
65031,58,70,-12,12
65032,75,80,-5,5
65033,50,81,-31,31
65034,116,111,5,5
65035,78,74,4,4
65036,111,101,10,10
65037,35,47,-12,12
65038,94,97,-3,3
65039,136,129,7,7
65040,71,70,1,1
65041,94,115,-21,21
65042,81,77,4,4
65043,54,62,-8,8
65044,94,88,6,6
65045,94,98,-4,4
65046,143,146,-3,3
65047,82,89,-7,7
65048,156,150,6,6
65049,81,90,-9,9
65050,169,176,-7,7
65051,104,103,1,1
65052,107,112,-5,5
65053,69,74,-5,5
65054,123,115,8,8
65055,51,55,-4,4
65056,88,95,-7,7
65057,41,46,-5,5
65058,56,69,-13,13
65059,138,142,-4,4
65060,102,98,4,4
65061,97,91,6,6
65062,124,140,-16,16
65063,124,127,-3,3
65064,119,140,-21,21
65065,55,57,-2,2
65066,116,114,2,2
65067,60,64,-4,4
65068,134,129,5,5
65069,63,92,-29,29
65070,73,63,10,10
65071,145,138,7,7
65072,111,101,10,10
65073,110,122,-12,12
65074,194,189,5,5
65075,92,105,-13,13
65076,97,100,-3,3
65077,116,124,-8,8
65078,61,54,7,7
65079,150,151,-1,1
65080,45,44,1,1
65081,99,91,8,8
65082,79,80,-1,1
65083,118,127,-9,9
65084,74,73,1,1
65085,108,106,2,2
65086,85,75,10,10
65087,89,82,7,7
65088,107,110,-3,3
65089,165,171,-6,6
65090,84,81,3,3
65091,132,133,-1,1
65092,90,88,2,2
65093,144,128,16,16
65094,87,92,-5,5
65095,103,95,8,8
65096,98,106,-8,8
65097,88,86,2,2
65098,125,127,-2,2
65099,112,107,5,5
65100,51,64,-13,13
65101,105,106,-1,1
65102,149,128,21,21
65103,109,108,1,1
65104,74,79,-5,5
65105,83,87,-4,4
65106,85,88,-3,3
65107,75,66,9,9
65108,78,87,-9,9
65109,67,74,-7,7
65110,48,60,-12,12
65111,109,97,12,12
65112,92,89,3,3
65113,90,94,-4,4
65114,90,95,-5,5
65115,98,93,5,5
65116,76,73,3,3
65117,83,87,-4,4
65118,148,156,-8,8
65119,99,96,3,3
65120,68,77,-9,9
65121,79,77,2,2
65122,98,108,-10,10
65123,194,200,-6,6
65124,90,82,8,8
65125,70,65,5,5
65126,88,96,-8,8
65127,66,68,-2,2
65128,81,66,15,15
65129,122,121,1,1
65130,96,100,-4,4
65131,69,75,-6,6
65132,113,101,12,12
65133,61,70,-9,9
65134,101,88,13,13
65135,178,173,5,5
65136,111,108,3,3
65137,81,81,0,0
65138,147,168,-21,21
65139,121,117,4,4
65140,78,64,14,14
65141,86,86,0,0
65142,54,55,-1,1
65143,46,50,-4,4
65144,62,71,-9,9
65145,94,93,1,1
65146,101,102,-1,1
65147,60,66,-6,6
65148,72,70,2,2
65149,75,89,-14,14
65150,148,147,1,1
65151,123,123,0,0
65152,81,88,-7,7
65153,126,130,-4,4
65154,163,163,0,0
65155,105,108,-3,3
65156,85,85,0,0
65157,102,102,0,0
65158,89,90,-1,1
65159,123,128,-5,5
65160,62,60,2,2
65161,78,90,-12,12
65162,98,93,5,5
65163,68,75,-7,7
65164,99,106,-7,7
65165,112,110,2,2
65166,89,89,0,0
65167,89,96,-7,7
65168,83,79,4,4
65169,119,116,3,3
65170,92,108,-16,16
65171,77,83,-6,6
65172,74,71,3,3
65173,115,146,-31,31
65174,107,107,0,0
65175,98,92,6,6
65176,136,132,4,4
65177,42,64,-22,22
65178,119,125,-6,6
65179,119,100,19,19
65180,109,105,4,4
65181,113,108,5,5
65182,164,170,-6,6
65183,86,83,3,3
65184,97,98,-1,1
65185,112,112,0,0
65186,124,133,-9,9
65187,84,104,-20,20
65188,77,81,-4,4
65189,87,89,-2,2
65190,52,57,-5,5
65191,112,110,2,2
65192,78,70,8,8
65193,93,91,2,2
65194,115,136,-21,21
65195,76,72,4,4
65196,209,208,1,1
65197,41,81,-40,40
65198,115,110,5,5
65199,155,144,11,11
65200,53,58,-5,5
65201,72,70,2,2
65202,110,88,22,22
65203,91,94,-3,3
65204,99,98,1,1
65205,88,95,-7,7
65206,100,105,-5,5
65207,73,86,-13,13
65208,70,70,0,0
65209,126,122,4,4
65210,102,113,-11,11
65211,97,93,4,4
65212,60,64,-4,4
65213,44,72,-28,28
65214,62,77,-15,15
65215,52,56,-4,4
65216,128,126,2,2
65217,168,168,0,0
65218,101,100,1,1
65219,106,122,-16,16
65220,191,188,3,3
65221,51,63,-12,12
65222,196,175,21,21
65223,92,102,-10,10
65224,47,42,5,5
65225,115,110,5,5
65226,70,72,-2,2
65227,84,92,-8,8
65228,145,146,-1,1
65229,102,107,-5,5
65230,31,33,-2,2
65231,65,65,0,0
65232,92,89,3,3
65233,77,83,-6,6
65234,90,101,-11,11
65235,30,56,-26,26
65236,72,82,-10,10
65237,109,112,-3,3
65238,148,165,-17,17
65239,81,88,-7,7
65240,75,74,1,1
65241,60,61,-1,1
65242,147,149,-2,2
65243,95,90,5,5
65244,71,79,-8,8
65245,145,153,-8,8
65246,91,101,-10,10
65247,48,73,-25,25
65248,94,93,1,1
65249,86,82,4,4
65250,70,68,2,2
65251,120,129,-9,9
65252,117,116,1,1
65253,118,97,21,21
65254,66,70,-4,4
65255,70,69,1,1
65256,51,53,-2,2
65257,80,81,-1,1
65258,78,80,-2,2
65259,136,125,11,11
65260,105,103,2,2
65261,94,86,8,8
65262,119,112,7,7
65263,119,124,-5,5
65264,66,64,2,2
65265,133,131,2,2
65266,106,114,-8,8
65267,110,109,1,1
65268,109,114,-5,5
65269,97,114,-17,17
65270,54,59,-5,5
65271,143,122,21,21
65272,103,110,-7,7
65273,55,72,-17,17
65274,72,71,1,1
65275,300,262,38,38
65276,110,106,4,4
65277,120,120,0,0
65278,114,122,-8,8
65279,65,75,-10,10
65280,51,47,4,4
65281,107,93,14,14
65282,86,95,-9,9
65283,91,93,-2,2
65284,102,93,9,9
65285,72,61,11,11
65286,82,84,-2,2
65287,134,130,4,4
65288,133,124,9,9
65289,79,82,-3,3
65290,146,153,-7,7
65291,176,142,34,34
65292,117,117,0,0
65293,82,88,-6,6
65294,105,114,-9,9
65295,89,96,-7,7
65296,72,82,-10,10
65297,71,61,10,10
65298,117,124,-7,7
65299,140,141,-1,1
65300,80,87,-7,7
65301,53,59,-6,6
65302,185,199,-14,14
65303,111,108,3,3
65304,92,98,-6,6
65305,91,89,2,2
65306,112,106,6,6
65307,59,63,-4,4
65308,106,103,3,3
65309,53,57,-4,4
65310,132,138,-6,6
65311,80,92,-12,12
65312,163,165,-2,2
65313,58,70,-12,12
65314,138,129,9,9
65315,173,171,2,2
65316,64,76,-12,12
65317,78,87,-9,9
65318,101,106,-5,5
65319,103,106,-3,3
65320,87,94,-7,7
65321,105,102,3,3
65322,94,100,-6,6
65323,89,86,3,3
65324,63,69,-6,6
65325,92,82,10,10
65326,139,141,-2,2
65327,78,82,-4,4
65328,58,81,-23,23
65329,77,85,-8,8
65330,71,113,-42,42
65331,154,163,-9,9
65332,93,95,-2,2
65333,61,56,5,5
65334,168,169,-1,1
65335,139,136,3,3
65336,78,79,-1,1
65337,132,131,1,1
65338,56,56,0,0
65339,78,80,-2,2
65340,86,88,-2,2
65341,68,73,-5,5
65342,31,70,-39,39
65343,60,62,-2,2
65344,150,150,0,0
65345,117,119,-2,2
65346,104,102,2,2
65347,102,109,-7,7
65348,77,93,-16,16
65349,64,69,-5,5
65350,103,108,-5,5
65351,113,123,-10,10
65352,96,107,-11,11
65353,114,102,12,12
65354,126,129,-3,3
65355,106,112,-6,6
65356,59,61,-2,2
65357,81,87,-6,6
65358,109,102,7,7
65359,121,130,-9,9
65360,70,70,0,0
65361,148,146,2,2
65362,94,87,7,7
65363,127,96,31,31
65364,117,120,-3,3
65365,104,103,1,1
65366,46,53,-7,7
65367,106,123,-17,17
65368,94,89,5,5
65369,124,117,7,7
65370,62,69,-7,7
65371,62,74,-12,12
65372,74,91,-17,17
65373,53,59,-6,6
65374,40,38,2,2
65375,70,72,-2,2
65376,60,60,0,0
65377,45,43,2,2
65378,111,117,-6,6
65379,37,43,-6,6
65380,88,97,-9,9
65381,51,107,-56,56
65382,66,70,-4,4
65383,76,66,10,10
65384,91,92,-1,1
65385,121,129,-8,8
65386,135,137,-2,2
65387,87,96,-9,9
65388,99,103,-4,4
65389,106,105,1,1
65390,83,91,-8,8
65391,94,87,7,7
65392,76,77,-1,1
65393,69,66,3,3
65394,100,114,-14,14
65395,118,118,0,0
65396,66,83,-17,17
65397,89,92,-3,3
65398,104,118,-14,14
65399,110,105,5,5
65400,106,99,7,7
65401,118,120,-2,2
65402,83,93,-10,10
65403,85,71,14,14
65404,73,94,-21,21
65405,72,69,3,3
65406,61,60,1,1
65407,59,62,-3,3
65408,114,121,-7,7
65409,68,73,-5,5
65410,179,188,-9,9
65411,70,75,-5,5
65412,91,91,0,0
65413,114,114,0,0
65414,108,107,1,1
65415,79,83,-4,4
65416,79,73,6,6
65417,125,132,-7,7
65418,117,95,22,22
65419,68,86,-18,18
65420,79,77,2,2
65421,103,114,-11,11
65422,207,200,7,7
65423,63,73,-10,10
65424,117,122,-5,5
65425,63,60,3,3
65426,71,79,-8,8
65427,74,83,-9,9
65428,55,51,4,4
65429,170,169,1,1
65430,69,65,4,4
65431,51,62,-11,11
65432,55,57,-2,2
65433,73,71,2,2
65434,89,108,-19,19
65435,173,156,17,17
65436,119,114,5,5
65437,85,91,-6,6
65438,94,98,-4,4
65439,104,93,11,11
65440,96,100,-4,4
65441,61,67,-6,6
65442,86,91,-5,5
65443,95,97,-2,2
65444,161,165,-4,4
65445,80,75,5,5
65446,112,109,3,3
65447,75,81,-6,6
65448,141,133,8,8
65449,161,166,-5,5
65450,99,100,-1,1
65451,94,101,-7,7
65452,146,140,6,6
65453,72,75,-3,3
65454,105,93,12,12
65455,69,68,1,1
65456,113,105,8,8
65457,132,113,19,19
65458,121,126,-5,5
65459,91,90,1,1
65460,70,67,3,3
65461,96,94,2,2
65462,155,155,0,0
65463,130,140,-10,10
65464,186,163,23,23
65465,96,91,5,5
65466,146,157,-11,11
65467,113,106,7,7
65468,86,93,-7,7
65469,104,103,1,1
65470,66,66,0,0
65471,96,96,0,0
65472,88,79,9,9
65473,111,105,6,6
65474,146,138,8,8
65475,86,85,1,1
65476,46,47,-1,1
65477,72,75,-3,3
65478,170,153,17,17
65479,35,40,-5,5
65480,90,91,-1,1
65481,143,154,-11,11
65482,157,152,5,5
65483,62,63,-1,1
65484,65,65,0,0
65485,75,73,2,2
65486,89,88,1,1
65487,82,79,3,3
65488,80,83,-3,3
65489,56,60,-4,4
65490,76,73,3,3
65491,113,120,-7,7
65492,104,116,-12,12
65493,99,97,2,2
65494,62,63,-1,1
65495,140,142,-2,2
65496,76,80,-4,4
65497,114,113,1,1
65498,108,112,-4,4
65499,81,75,6,6
65500,63,63,0,0
65501,125,125,0,0
65502,70,64,6,6
65503,90,93,-3,3
65504,37,47,-10,10
65505,92,108,-16,16
65506,96,106,-10,10
65507,85,81,4,4
65508,106,118,-12,12
65509,86,85,1,1
65510,101,94,7,7
65511,101,93,8,8
65512,100,107,-7,7
65513,105,98,7,7
65514,71,76,-5,5
65515,58,52,6,6
65516,179,174,5,5
65517,106,111,-5,5
65518,89,88,1,1
65519,84,60,24,24
65520,113,108,5,5
65521,129,122,7,7
65522,87,103,-16,16
65523,122,128,-6,6
65524,109,110,-1,1
65525,78,83,-5,5
65526,96,87,9,9
65527,176,155,21,21
65528,114,113,1,1
65529,89,81,8,8
65530,115,106,9,9
65531,73,67,6,6
65532,68,73,-5,5
65533,148,151,-3,3
65534,70,73,-3,3
65535,108,101,7,7
65536,60,56,4,4
65537,98,90,8,8
65538,47,47,0,0
65539,84,89,-5,5
65540,60,58,2,2
65541,119,131,-12,12
65542,66,73,-7,7
65543,115,117,-2,2
65544,172,166,6,6
65545,105,100,5,5
65546,83,78,5,5
65547,75,71,4,4
65548,48,45,3,3
65549,100,101,-1,1
65550,59,64,-5,5
65551,67,62,5,5
65552,103,108,-5,5
65553,48,57,-9,9
65554,108,112,-4,4
65555,77,65,12,12
65556,126,126,0,0
65557,82,98,-16,16
65558,38,69,-31,31
65559,99,93,6,6
65560,56,66,-10,10
65561,131,113,18,18
65562,96,88,8,8
65563,83,85,-2,2
65564,120,118,2,2
65565,102,101,1,1
65566,93,93,0,0
65567,127,128,-1,1
65568,67,58,9,9
65569,98,94,4,4
65570,77,73,4,4
65571,84,79,5,5
65572,96,92,4,4
65573,118,113,5,5
65574,84,88,-4,4
65575,70,90,-20,20
65576,100,107,-7,7
65577,118,120,-2,2
65578,54,70,-16,16
65579,170,164,6,6
65580,91,100,-9,9
65581,86,84,2,2
65582,82,89,-7,7
65583,123,129,-6,6
65584,94,93,1,1
65585,86,94,-8,8
65586,142,149,-7,7
65587,132,114,18,18
65588,140,139,1,1
65589,177,162,15,15
65590,54,69,-15,15
65591,51,57,-6,6
65592,130,121,9,9
65593,71,74,-3,3
65594,61,63,-2,2
65595,93,93,0,0
65596,93,99,-6,6
65597,83,68,15,15
65598,104,92,12,12
65599,93,100,-7,7
65600,88,89,-1,1
65601,89,96,-7,7
65602,154,168,-14,14
65603,53,60,-7,7
65604,85,84,1,1
65605,89,99,-10,10
65606,107,114,-7,7
65607,102,105,-3,3
65608,88,96,-8,8
65609,35,40,-5,5
65610,118,114,4,4
65611,63,58,5,5
65612,56,61,-5,5
65613,41,64,-23,23
65614,108,118,-10,10
65615,137,138,-1,1
65616,70,67,3,3
65617,131,139,-8,8
65618,83,79,4,4
65619,87,85,2,2
65620,87,98,-11,11
65621,134,138,-4,4
65622,108,95,13,13
65623,73,68,5,5
65624,110,99,11,11
65625,100,80,20,20
65626,57,66,-9,9
65627,101,98,3,3
65628,124,120,4,4
65629,100,104,-4,4
65630,116,120,-4,4
65631,124,119,5,5
65632,119,121,-2,2
65633,95,113,-18,18
65634,131,119,12,12
65635,46,51,-5,5
65636,119,117,2,2
65637,86,86,0,0
65638,148,143,5,5
65639,63,62,1,1
65640,84,77,7,7
65641,88,90,-2,2
65642,125,119,6,6
65643,180,171,9,9
65644,92,99,-7,7
65645,73,77,-4,4
65646,54,64,-10,10
65647,125,130,-5,5
65648,158,167,-9,9
65649,115,118,-3,3
65650,176,184,-8,8
65651,71,92,-21,21
65652,109,127,-18,18
65653,115,116,-1,1
65654,135,124,11,11
65655,75,72,3,3
65656,71,79,-8,8
65657,74,82,-8,8
65658,123,137,-14,14
65659,85,92,-7,7
65660,124,126,-2,2
65661,51,53,-2,2
65662,53,58,-5,5
65663,97,108,-11,11
65664,92,91,1,1
65665,122,129,-7,7
65666,183,176,7,7
65667,94,98,-4,4
65668,151,144,7,7
65669,65,67,-2,2
65670,146,153,-7,7
65671,68,79,-11,11
65672,186,144,42,42
65673,121,112,9,9
65674,77,85,-8,8
65675,99,115,-16,16
65676,102,109,-7,7
65677,80,83,-3,3
65678,123,122,1,1
65679,90,100,-10,10
65680,96,100,-4,4
65681,119,102,17,17
65682,136,134,2,2
65683,84,83,1,1
65684,135,137,-2,2
65685,84,101,-17,17
65686,56,58,-2,2
65687,81,85,-4,4
65688,69,63,6,6
65689,89,88,1,1
65690,105,105,0,0
65691,113,117,-4,4
65692,79,76,3,3
65693,167,150,17,17
65694,85,80,5,5
65695,80,92,-12,12
65696,72,73,-1,1
65697,129,125,4,4
65698,155,139,16,16
65699,53,57,-4,4
65700,48,50,-2,2
65701,45,45,0,0
65702,55,56,-1,1
65703,99,104,-5,5
65704,91,96,-5,5
65705,75,53,22,22
65706,84,82,2,2
65707,38,51,-13,13
65708,41,61,-20,20
65709,86,89,-3,3
65710,76,91,-15,15
65711,53,60,-7,7
65712,63,64,-1,1
65713,79,75,4,4
65714,145,143,2,2
65715,97,108,-11,11
65716,120,119,1,1
65717,74,81,-7,7
65718,96,100,-4,4
65719,101,92,9,9
65720,94,97,-3,3
65721,92,85,7,7
65722,83,68,15,15
65723,122,117,5,5
65724,57,57,0,0
65725,56,62,-6,6
65726,123,126,-3,3
65727,104,111,-7,7
65728,147,131,16,16
65729,190,209,-19,19
65730,120,122,-2,2
65731,173,169,4,4
65732,52,57,-5,5
65733,134,135,-1,1
65734,110,120,-10,10
65735,84,81,3,3
65736,92,95,-3,3
65737,112,110,2,2
65738,60,70,-10,10
65739,76,79,-3,3
65740,159,152,7,7
65741,61,66,-5,5
65742,141,116,25,25
65743,107,114,-7,7
65744,103,96,7,7
65745,129,135,-6,6
65746,61,70,-9,9
65747,77,74,3,3
65748,84,93,-9,9
65749,78,78,0,0
65750,47,52,-5,5
65751,140,133,7,7
65752,56,53,3,3
65753,154,139,15,15
65754,77,85,-8,8
65755,85,70,15,15
65756,104,116,-12,12
65757,70,91,-21,21
65758,71,76,-5,5
65759,63,58,5,5
65760,84,84,0,0
65761,110,97,13,13
65762,88,85,3,3
65763,74,76,-2,2
65764,72,90,-18,18
65765,46,53,-7,7
65766,94,97,-3,3
65767,93,100,-7,7
65768,63,67,-4,4
65769,100,100,0,0
65770,71,72,-1,1
65771,113,120,-7,7
65772,88,87,1,1
65773,83,65,18,18
65774,76,82,-6,6
65775,83,78,5,5
65776,153,139,14,14
65777,134,143,-9,9
65778,91,89,2,2
65779,56,63,-7,7
65780,89,94,-5,5
65781,51,56,-5,5
65782,121,119,2,2
65783,107,112,-5,5
65784,97,155,-58,58
65785,79,81,-2,2
65786,115,108,7,7
65787,60,69,-9,9
65788,105,99,6,6
65789,65,70,-5,5
65790,57,59,-2,2
65791,169,163,6,6
65792,92,89,3,3
65793,104,121,-17,17
65794,68,68,0,0
65795,72,68,4,4
65796,92,93,-1,1
65797,124,122,2,2
65798,85,89,-4,4
65799,123,126,-3,3
65800,112,105,7,7
65801,138,156,-18,18
65802,205,192,13,13
65803,88,88,0,0
65804,82,79,3,3
65805,77,84,-7,7
65806,68,63,5,5
65807,125,126,-1,1
65808,87,88,-1,1
65809,112,115,-3,3
65810,66,78,-12,12
65811,132,131,1,1
65812,136,124,12,12
65813,232,224,8,8
65814,63,75,-12,12
65815,77,81,-4,4
65816,121,116,5,5
65817,161,154,7,7
65818,200,170,30,30
65819,65,61,4,4
65820,104,94,10,10
65821,129,126,3,3
65822,129,129,0,0
65823,123,114,9,9
65824,72,77,-5,5
65825,59,60,-1,1
65826,94,108,-14,14
65827,102,118,-16,16
65828,74,75,-1,1
65829,64,59,5,5
65830,48,62,-14,14
65831,80,85,-5,5
65832,112,102,10,10
65833,67,132,-65,65
65834,79,90,-11,11
65835,79,80,-1,1
65836,51,56,-5,5
65837,213,205,8,8
65838,116,122,-6,6
65839,82,90,-8,8
65840,88,93,-5,5
65841,154,160,-6,6
65842,93,95,-2,2
65843,115,111,4,4
65844,58,54,4,4
65845,89,97,-8,8
65846,69,68,1,1
65847,124,122,2,2
65848,87,88,-1,1
65849,114,114,0,0
65850,75,78,-3,3
65851,46,63,-17,17
65852,54,63,-9,9
65853,63,57,6,6
65854,54,51,3,3
65855,70,72,-2,2
65856,98,95,3,3
65857,74,80,-6,6
65858,76,77,-1,1
65859,80,78,2,2
65860,73,141,-68,68
65861,108,105,3,3
65862,100,97,3,3
65863,64,51,13,13
65864,101,107,-6,6
65865,75,76,-1,1
65866,66,76,-10,10
65867,142,139,3,3
65868,47,49,-2,2
65869,71,70,1,1
65870,26,38,-12,12
65871,53,56,-3,3
65872,133,134,-1,1
65873,96,100,-4,4
65874,91,88,3,3
65875,83,78,5,5
65876,103,112,-9,9
65877,89,82,7,7
65878,90,91,-1,1
65879,95,107,-12,12
65880,32,45,-13,13
65881,72,82,-10,10
65882,99,88,11,11
65883,115,117,-2,2
65884,86,94,-8,8
65885,93,99,-6,6
65886,129,124,5,5
65887,92,94,-2,2
65888,114,113,1,1
65889,84,83,1,1
65890,93,90,3,3
65891,89,107,-18,18
65892,59,64,-5,5
65893,63,68,-5,5
65894,59,59,0,0
65895,115,117,-2,2
65896,144,126,18,18
65897,76,79,-3,3
65898,112,111,1,1
65899,118,137,-19,19
65900,80,91,-11,11
65901,106,102,4,4
65902,92,98,-6,6
65903,65,68,-3,3
65904,130,142,-12,12
65905,108,114,-6,6
65906,44,56,-12,12
65907,101,99,2,2
65908,72,87,-15,15
65909,67,75,-8,8
65910,73,79,-6,6
65911,184,174,10,10
65912,83,81,2,2
65913,77,77,0,0
65914,113,106,7,7
65915,46,47,-1,1
65916,101,116,-15,15
65917,92,93,-1,1
65918,122,118,4,4
65919,67,68,-1,1
65920,134,121,13,13
65921,82,88,-6,6
65922,142,154,-12,12
65923,101,94,7,7
65924,119,134,-15,15
65925,44,44,0,0
65926,105,109,-4,4
65927,99,104,-5,5
65928,127,122,5,5
65929,76,81,-5,5
65930,107,94,13,13
65931,104,110,-6,6
65932,104,98,6,6
65933,100,95,5,5
65934,106,105,1,1
65935,66,63,3,3
65936,154,145,9,9
65937,124,130,-6,6
65938,118,122,-4,4
65939,79,77,2,2
65940,76,77,-1,1
65941,89,98,-9,9
65942,67,82,-15,15
65943,104,104,0,0
65944,108,99,9,9
65945,76,76,0,0
65946,47,63,-16,16
65947,98,107,-9,9
65948,137,149,-12,12
65949,111,111,0,0
65950,62,68,-6,6
65951,37,41,-4,4
65952,69,68,1,1
65953,115,130,-15,15
65954,98,95,3,3
65955,62,74,-12,12
65956,94,93,1,1
65957,46,62,-16,16
65958,97,90,7,7
65959,108,99,9,9
65960,124,127,-3,3
65961,74,91,-17,17
65962,113,121,-8,8
65963,96,97,-1,1
65964,135,132,3,3
65965,81,83,-2,2
65966,101,100,1,1
65967,109,118,-9,9
65968,121,121,0,0
65969,62,56,6,6
65970,105,119,-14,14
65971,105,100,5,5
65972,96,83,13,13
65973,90,77,13,13
65974,81,76,5,5
65975,137,133,4,4
65976,86,88,-2,2
65977,86,89,-3,3
65978,105,111,-6,6
65979,120,118,2,2
65980,70,67,3,3
65981,90,90,0,0
65982,90,86,4,4
65983,79,81,-2,2
65984,62,65,-3,3
65985,56,60,-4,4
65986,62,59,3,3
65987,123,119,4,4
65988,108,116,-8,8
65989,73,76,-3,3
65990,92,87,5,5
65991,97,94,3,3
65992,94,91,3,3
65993,119,131,-12,12
65994,125,115,10,10
65995,252,229,23,23
65996,124,126,-2,2
65997,76,84,-8,8
65998,120,127,-7,7
65999,83,89,-6,6
66000,82,85,-3,3
66001,93,103,-10,10
66002,56,64,-8,8
66003,78,92,-14,14
66004,121,152,-31,31
66005,100,92,8,8
66006,91,82,9,9
66007,66,64,2,2
66008,62,63,-1,1
66009,72,77,-5,5
66010,77,79,-2,2
66011,93,90,3,3
66012,176,153,23,23
66013,55,60,-5,5
66014,75,78,-3,3
66015,60,61,-1,1
66016,143,113,30,30
66017,117,130,-13,13
66018,36,57,-21,21
66019,45,49,-4,4
66020,96,103,-7,7
66021,81,93,-12,12
66022,106,108,-2,2
66023,83,94,-11,11
66024,105,104,1,1
66025,80,92,-12,12
66026,43,41,2,2
66027,103,108,-5,5
66028,134,133,1,1
66029,53,52,1,1
66030,115,113,2,2
66031,157,142,15,15
66032,67,62,5,5
66033,104,129,-25,25
66034,148,151,-3,3
66035,116,115,1,1
66036,100,99,1,1
66037,63,73,-10,10
66038,71,80,-9,9
66039,71,69,2,2
66040,67,71,-4,4
66041,105,111,-6,6
66042,102,98,4,4
66043,53,67,-14,14
66044,71,74,-3,3
66045,115,87,28,28
66046,105,97,8,8
66047,62,81,-19,19
66048,119,121,-2,2
66049,151,126,25,25
66050,55,62,-7,7
66051,76,83,-7,7
66052,37,33,4,4
66053,126,90,36,36
66054,116,97,19,19
66055,119,123,-4,4
66056,86,89,-3,3
66057,64,75,-11,11
66058,53,68,-15,15
66059,108,101,7,7
66060,118,117,1,1
66061,126,133,-7,7
66062,71,75,-4,4
66063,99,104,-5,5
66064,49,56,-7,7
66065,87,87,0,0
66066,75,74,1,1
66067,89,93,-4,4
66068,94,94,0,0
66069,100,88,12,12
66070,80,69,11,11
66071,78,80,-2,2
66072,65,66,-1,1
66073,104,102,2,2
66074,111,123,-12,12
66075,182,156,26,26
66076,69,73,-4,4
66077,67,65,2,2
66078,99,118,-19,19
66079,82,79,3,3
66080,99,87,12,12
66081,66,78,-12,12
66082,162,162,0,0
66083,142,139,3,3
66084,84,88,-4,4
66085,70,84,-14,14
66086,106,106,0,0
66087,57,59,-2,2
66088,89,85,4,4
66089,119,120,-1,1
66090,90,83,7,7
66091,59,66,-7,7
66092,80,73,7,7
66093,113,110,3,3
66094,47,55,-8,8
66095,72,72,0,0
66096,178,202,-24,24
66097,76,85,-9,9
66098,96,102,-6,6
66099,83,83,0,0
66100,63,72,-9,9
66101,144,150,-6,6
66102,42,60,-18,18
66103,52,52,0,0
66104,125,116,9,9
66105,63,68,-5,5
66106,69,61,8,8
66107,78,68,10,10
66108,63,87,-24,24
66109,80,91,-11,11
66110,101,97,4,4
66111,187,155,32,32
66112,163,165,-2,2
66113,109,114,-5,5
66114,101,99,2,2
66115,86,89,-3,3
66116,72,84,-12,12
66117,142,168,-26,26
66118,99,90,9,9
66119,64,70,-6,6
66120,79,87,-8,8
66121,85,98,-13,13
66122,107,98,9,9
66123,97,92,5,5
66124,116,121,-5,5
66125,67,73,-6,6
66126,89,108,-19,19
66127,122,111,11,11
66128,140,144,-4,4
66129,62,61,1,1
66130,119,137,-18,18
66131,117,113,4,4
66132,104,120,-16,16
66133,47,54,-7,7
66134,73,78,-5,5
66135,159,146,13,13
66136,101,104,-3,3
66137,77,62,15,15
66138,58,46,12,12
66139,78,87,-9,9
66140,97,88,9,9
66141,76,78,-2,2
66142,88,90,-2,2
66143,64,74,-10,10
66144,81,92,-11,11
66145,69,70,-1,1
66146,115,133,-18,18
66147,65,95,-30,30
66148,76,74,2,2
66149,58,71,-13,13
66150,33,37,-4,4
66151,133,124,9,9
66152,45,79,-34,34
66153,123,122,1,1
66154,100,98,2,2
66155,82,84,-2,2
66156,83,87,-4,4
66157,117,109,8,8
66158,74,69,5,5
66159,103,104,-1,1
66160,72,73,-1,1
66161,142,135,7,7
66162,121,114,7,7
66163,82,79,3,3
66164,80,84,-4,4
66165,100,103,-3,3
66166,164,166,-2,2
66167,95,95,0,0
66168,57,60,-3,3
66169,81,80,1,1
66170,39,43,-4,4
66171,123,124,-1,1
66172,127,126,1,1
66173,82,83,-1,1
66174,105,99,6,6
66175,72,72,0,0
66176,37,46,-9,9
66177,85,88,-3,3
66178,152,149,3,3
66179,80,79,1,1
66180,55,62,-7,7
66181,76,91,-15,15
66182,21,35,-14,14
66183,220,216,4,4
66184,159,145,14,14
66185,90,98,-8,8
66186,148,156,-8,8
66187,102,107,-5,5
66188,83,85,-2,2
66189,80,95,-15,15
66190,100,94,6,6
66191,111,103,8,8
66192,79,84,-5,5
66193,82,85,-3,3
66194,82,81,1,1
66195,197,203,-6,6
66196,188,172,16,16
66197,177,190,-13,13
66198,76,75,1,1
66199,157,171,-14,14
66200,49,58,-9,9
66201,44,74,-30,30
66202,66,69,-3,3
66203,156,151,5,5
66204,111,125,-14,14
66205,69,77,-8,8
66206,188,183,5,5
66207,126,116,10,10
66208,73,69,4,4
66209,111,105,6,6
66210,94,85,9,9
66211,57,62,-5,5
66212,132,129,3,3
66213,164,158,6,6
66214,55,64,-9,9
66215,139,134,5,5
66216,77,73,4,4
66217,43,44,-1,1
66218,96,88,8,8
66219,88,81,7,7
66220,74,78,-4,4
66221,81,81,0,0
66222,84,84,0,0
66223,100,101,-1,1
66224,108,97,11,11
66225,44,58,-14,14
66226,77,82,-5,5
66227,79,85,-6,6
66228,111,112,-1,1
66229,86,92,-6,6
66230,61,71,-10,10
66231,85,85,0,0
66232,45,80,-35,35
66233,81,74,7,7
66234,159,151,8,8
66235,80,80,0,0
66236,94,90,4,4
66237,89,96,-7,7
66238,96,93,3,3
66239,95,86,9,9
66240,127,98,29,29
66241,71,65,6,6
66242,68,64,4,4
66243,80,88,-8,8
66244,122,123,-1,1
66245,136,142,-6,6
66246,95,92,3,3
66247,89,93,-4,4
66248,88,98,-10,10
66249,44,42,2,2
66250,121,115,6,6
66251,47,47,0,0
66252,72,71,1,1
66253,72,75,-3,3
66254,145,162,-17,17
66255,77,79,-2,2
66256,129,133,-4,4
66257,65,74,-9,9
66258,121,121,0,0
66259,92,90,2,2
66260,100,106,-6,6
66261,36,46,-10,10
66262,122,119,3,3
66263,112,104,8,8
66264,76,79,-3,3
66265,112,123,-11,11
66266,75,81,-6,6
66267,81,82,-1,1
66268,102,90,12,12
66269,43,43,0,0
66270,92,94,-2,2
66271,118,103,15,15
66272,73,73,0,0
66273,179,186,-7,7
66274,63,70,-7,7
66275,128,144,-16,16
66276,161,164,-3,3
66277,178,159,19,19
66278,90,86,4,4
66279,74,72,2,2
66280,74,79,-5,5
66281,95,111,-16,16
66282,98,101,-3,3
66283,94,91,3,3
66284,115,124,-9,9
66285,131,142,-11,11
66286,99,88,11,11
66287,87,89,-2,2
66288,74,79,-5,5
66289,56,54,2,2
66290,58,60,-2,2
66291,77,83,-6,6
66292,122,115,7,7
66293,70,73,-3,3
66294,40,52,-12,12
66295,106,115,-9,9
66296,100,99,1,1
66297,73,74,-1,1
66298,72,75,-3,3
66299,99,109,-10,10
66300,135,142,-7,7
66301,184,168,16,16
66302,50,64,-14,14
66303,77,79,-2,2
66304,48,55,-7,7
66305,76,70,6,6
66306,87,96,-9,9
66307,137,132,5,5
66308,110,118,-8,8
66309,84,88,-4,4
66310,74,76,-2,2
66311,83,72,11,11
66312,76,85,-9,9
66313,107,136,-29,29
66314,78,75,3,3
66315,87,91,-4,4
66316,64,68,-4,4
66317,60,68,-8,8
66318,94,102,-8,8
66319,80,81,-1,1
66320,50,54,-4,4
66321,54,65,-11,11
66322,65,59,6,6
66323,101,117,-16,16
66324,89,85,4,4
66325,127,128,-1,1
66326,59,68,-9,9
66327,90,99,-9,9
66328,77,81,-4,4
66329,100,114,-14,14
66330,103,103,0,0
66331,33,54,-21,21
66332,61,67,-6,6
66333,63,75,-12,12
66334,47,53,-6,6
66335,51,45,6,6
66336,141,141,0,0
66337,74,71,3,3
66338,74,76,-2,2
66339,85,90,-5,5
66340,149,138,11,11
66341,90,97,-7,7
66342,79,90,-11,11
66343,93,104,-11,11
66344,79,83,-4,4
66345,146,148,-2,2
66346,81,78,3,3
66347,83,110,-27,27
66348,196,194,2,2
66349,114,109,5,5
66350,102,96,6,6
66351,140,143,-3,3
66352,46,48,-2,2
66353,189,178,11,11
66354,102,106,-4,4
66355,96,92,4,4
66356,73,87,-14,14
66357,131,142,-11,11
66358,143,135,8,8
66359,94,64,30,30
66360,95,93,2,2
66361,131,130,1,1
66362,138,131,7,7
66363,55,62,-7,7
66364,40,46,-6,6
66365,97,91,6,6
66366,70,77,-7,7
66367,95,92,3,3
66368,86,83,3,3
66369,107,104,3,3
66370,45,70,-25,25
66371,107,113,-6,6
66372,77,69,8,8
66373,75,72,3,3
66374,85,83,2,2
66375,81,87,-6,6
66376,100,87,13,13
66377,65,77,-12,12
66378,57,62,-5,5
66379,61,58,3,3
66380,79,80,-1,1
66381,104,102,2,2
66382,106,110,-4,4
66383,55,61,-6,6
66384,100,98,2,2
66385,89,90,-1,1
66386,73,74,-1,1
66387,77,85,-8,8
66388,59,58,1,1
66389,71,70,1,1
66390,52,76,-24,24
66391,58,53,5,5
66392,72,65,7,7
66393,90,89,1,1
66394,57,61,-4,4
66395,82,102,-20,20
66396,92,93,-1,1
66397,88,74,14,14
66398,49,51,-2,2
66399,91,88,3,3
66400,171,160,11,11
66401,75,94,-19,19
66402,82,80,2,2
66403,74,81,-7,7
66404,116,116,0,0
66405,95,90,5,5
66406,116,109,7,7
66407,74,107,-33,33
66408,100,101,-1,1
66409,81,87,-6,6
66410,141,158,-17,17
66411,113,111,2,2
66412,100,96,4,4
66413,80,73,7,7
66414,96,91,5,5
66415,83,84,-1,1
66416,68,77,-9,9
66417,66,72,-6,6
66418,73,74,-1,1
66419,169,173,-4,4
66420,119,108,11,11
66421,82,95,-13,13
66422,85,88,-3,3
66423,92,108,-16,16
66424,92,96,-4,4
66425,164,164,0,0
66426,131,145,-14,14
66427,106,126,-20,20
66428,72,73,-1,1
66429,54,57,-3,3
66430,75,77,-2,2
66431,62,65,-3,3
66432,89,81,8,8
66433,63,59,4,4
66434,87,83,4,4
66435,136,129,7,7
66436,79,78,1,1
66437,86,94,-8,8
66438,71,71,0,0
66439,68,66,2,2
66440,127,131,-4,4
66441,78,83,-5,5
66442,43,58,-15,15
66443,82,83,-1,1
66444,61,65,-4,4
66445,91,104,-13,13
66446,78,79,-1,1
66447,121,127,-6,6
66448,83,85,-2,2
66449,169,183,-14,14
66450,56,60,-4,4
66451,78,83,-5,5
66452,73,80,-7,7
66453,66,70,-4,4
66454,67,61,6,6
66455,69,74,-5,5
66456,96,97,-1,1
66457,118,116,2,2
66458,67,73,-6,6
66459,58,68,-10,10
66460,77,71,6,6
66461,164,148,16,16
66462,57,65,-8,8
66463,98,98,0,0
66464,97,96,1,1
66465,58,61,-3,3
66466,107,115,-8,8
66467,70,81,-11,11
66468,121,105,16,16
66469,144,135,9,9
66470,157,159,-2,2
66471,113,119,-6,6
66472,66,63,3,3
66473,47,142,-95,95
66474,106,102,4,4
66475,77,82,-5,5
66476,180,184,-4,4
66477,55,44,11,11
66478,57,70,-13,13
66479,104,105,-1,1
66480,120,125,-5,5
66481,124,115,9,9
66482,157,166,-9,9
66483,185,195,-10,10
66484,63,66,-3,3
66485,158,145,13,13
66486,161,171,-10,10
66487,61,63,-2,2
66488,104,111,-7,7
66489,65,70,-5,5
66490,174,166,8,8
66491,52,50,2,2
66492,118,118,0,0
66493,89,87,2,2
66494,88,91,-3,3
66495,88,94,-6,6
66496,62,70,-8,8
66497,67,72,-5,5
66498,118,105,13,13
66499,113,122,-9,9
66500,99,104,-5,5
66501,68,71,-3,3
66502,50,49,1,1
66503,123,121,2,2
66504,97,90,7,7
66505,93,113,-20,20
66506,132,117,15,15
66507,70,80,-10,10
66508,65,58,7,7
66509,80,97,-17,17
66510,79,79,0,0
66511,96,94,2,2
66512,69,77,-8,8
66513,142,141,1,1
66514,126,135,-9,9
66515,88,102,-14,14
66516,57,57,0,0
66517,68,67,1,1
66518,97,111,-14,14
66519,128,130,-2,2
66520,129,143,-14,14
66521,92,92,0,0
66522,146,128,18,18
66523,83,86,-3,3
66524,92,86,6,6
66525,207,189,18,18
66526,40,48,-8,8
66527,92,94,-2,2
66528,95,111,-16,16
66529,107,102,5,5
66530,51,53,-2,2
66531,210,204,6,6
66532,73,70,3,3
66533,103,98,5,5
66534,120,118,2,2
66535,132,120,12,12
66536,112,105,7,7
66537,86,87,-1,1
66538,195,199,-4,4
66539,69,73,-4,4
66540,91,90,1,1
66541,57,82,-25,25
66542,112,112,0,0
66543,72,84,-12,12
66544,90,86,4,4
66545,99,101,-2,2
66546,46,51,-5,5
66547,51,62,-11,11
66548,107,103,4,4
66549,156,168,-12,12
66550,61,60,1,1
66551,88,90,-2,2
66552,107,104,3,3
66553,121,110,11,11
66554,89,84,5,5
66555,99,102,-3,3
66556,87,99,-12,12
66557,46,50,-4,4
66558,152,157,-5,5
66559,67,70,-3,3
66560,164,166,-2,2
66561,68,72,-4,4
66562,94,97,-3,3
66563,60,64,-4,4
66564,205,195,10,10
66565,92,88,4,4
66566,95,91,4,4
66567,67,61,6,6
66568,55,57,-2,2
66569,151,119,32,32
66570,160,160,0,0
66571,29,40,-11,11
66572,108,111,-3,3
66573,112,127,-15,15
66574,109,157,-48,48
66575,86,85,1,1
66576,75,78,-3,3
66577,60,71,-11,11
66578,64,81,-17,17
66579,64,86,-22,22
66580,110,116,-6,6
66581,81,89,-8,8
66582,79,81,-2,2
66583,124,117,7,7
66584,94,102,-8,8
66585,73,97,-24,24
66586,111,110,1,1
66587,107,113,-6,6
66588,71,72,-1,1
66589,125,126,-1,1
66590,123,116,7,7
66591,63,62,1,1
66592,98,97,1,1
66593,101,94,7,7
66594,129,129,0,0
66595,96,98,-2,2
66596,58,62,-4,4
66597,162,163,-1,1
66598,48,46,2,2
66599,151,148,3,3
66600,67,73,-6,6
66601,122,118,4,4
66602,100,106,-6,6
66603,135,149,-14,14
66604,213,186,27,27
66605,129,145,-16,16
66606,61,69,-8,8
66607,70,77,-7,7
66608,88,93,-5,5
66609,75,73,2,2
66610,159,170,-11,11
66611,100,103,-3,3
66612,75,72,3,3
66613,120,145,-25,25
66614,70,81,-11,11
66615,129,116,13,13
66616,124,108,16,16
66617,105,99,6,6
66618,60,58,2,2
66619,76,73,3,3
66620,64,72,-8,8
66621,145,129,16,16
66622,95,112,-17,17
66623,104,115,-11,11
66624,148,142,6,6
66625,126,129,-3,3
66626,142,138,4,4
66627,67,73,-6,6
66628,96,111,-15,15
66629,114,112,2,2
66630,47,54,-7,7
66631,125,135,-10,10
66632,66,68,-2,2
66633,203,246,-43,43
66634,58,64,-6,6
66635,114,111,3,3
66636,100,103,-3,3
66637,92,106,-14,14
66638,114,125,-11,11
66639,67,70,-3,3
66640,56,61,-5,5
66641,78,76,2,2
66642,62,67,-5,5
66643,77,94,-17,17
66644,104,99,5,5
66645,37,74,-37,37
66646,94,95,-1,1
66647,108,103,5,5
66648,42,34,8,8
66649,106,106,0,0
66650,74,76,-2,2
66651,116,100,16,16
66652,77,66,11,11
66653,123,127,-4,4
66654,89,102,-13,13
66655,74,79,-5,5
66656,118,109,9,9
66657,73,77,-4,4
66658,69,92,-23,23
66659,79,82,-3,3
66660,58,67,-9,9
66661,172,132,40,40
66662,118,113,5,5
66663,140,135,5,5
66664,124,127,-3,3
66665,111,107,4,4
66666,88,94,-6,6
66667,90,120,-30,30
66668,59,59,0,0
66669,139,139,0,0
66670,125,128,-3,3
66671,64,64,0,0
66672,147,141,6,6
66673,50,60,-10,10
66674,81,82,-1,1
66675,105,99,6,6
66676,63,67,-4,4
66677,87,82,5,5
66678,90,87,3,3
66679,47,49,-2,2
66680,134,132,2,2
66681,61,63,-2,2
66682,73,91,-18,18
66683,73,63,10,10
66684,78,79,-1,1
66685,134,129,5,5
66686,51,56,-5,5
66687,108,89,19,19
66688,96,111,-15,15
66689,54,47,7,7
66690,122,122,0,0
66691,129,133,-4,4
66692,86,69,17,17
66693,114,111,3,3
66694,70,77,-7,7
66695,79,88,-9,9
66696,56,53,3,3
66697,66,61,5,5
66698,89,84,5,5
66699,106,108,-2,2
66700,77,81,-4,4
66701,82,78,4,4
66702,63,81,-18,18
66703,87,92,-5,5
66704,119,131,-12,12
66705,146,145,1,1
66706,71,69,2,2
66707,70,81,-11,11
66708,82,88,-6,6
66709,72,73,-1,1
66710,91,98,-7,7
66711,57,80,-23,23
66712,68,67,1,1
66713,92,88,4,4
66714,71,67,4,4
66715,100,97,3,3
66716,106,100,6,6
66717,64,62,2,2
66718,58,65,-7,7
66719,74,72,2,2
66720,104,121,-17,17
66721,133,134,-1,1
66722,59,62,-3,3
66723,77,80,-3,3
66724,90,88,2,2
66725,116,90,26,26
66726,94,88,6,6
66727,102,104,-2,2
66728,130,131,-1,1
66729,115,113,2,2
66730,79,74,5,5
66731,151,150,1,1
66732,88,93,-5,5
66733,188,175,13,13
66734,91,91,0,0
66735,81,75,6,6
66736,74,79,-5,5
66737,80,73,7,7
66738,125,118,7,7
66739,140,139,1,1
66740,60,65,-5,5
66741,45,54,-9,9
66742,65,68,-3,3
66743,120,130,-10,10
66744,105,119,-14,14
66745,136,137,-1,1
66746,31,65,-34,34
66747,77,84,-7,7
66748,79,92,-13,13
66749,96,99,-3,3
66750,40,58,-18,18
66751,54,58,-4,4
66752,94,86,8,8
66753,83,105,-22,22
66754,54,60,-6,6
66755,92,96,-4,4
66756,146,134,12,12
66757,172,167,5,5
66758,62,65,-3,3
66759,155,158,-3,3
66760,111,104,7,7
66761,99,99,0,0
66762,126,127,-1,1
66763,55,57,-2,2
66764,202,198,4,4
66765,60,70,-10,10
66766,97,88,9,9
66767,111,101,10,10
66768,114,114,0,0
66769,81,77,4,4
66770,35,57,-22,22
66771,88,86,2,2
66772,62,56,6,6
66773,84,89,-5,5
66774,96,90,6,6
66775,105,107,-2,2
66776,67,62,5,5
66777,68,79,-11,11
66778,75,78,-3,3
66779,64,72,-8,8
66780,165,150,15,15
66781,92,99,-7,7
66782,136,119,17,17
66783,93,97,-4,4
66784,58,48,10,10
66785,72,75,-3,3
66786,87,95,-8,8
66787,53,63,-10,10
66788,138,160,-22,22
66789,98,104,-6,6
66790,81,86,-5,5
66791,82,83,-1,1
66792,140,146,-6,6
66793,92,91,1,1
66794,116,113,3,3
66795,169,163,6,6
66796,76,83,-7,7
66797,70,67,3,3
66798,206,190,16,16
66799,118,111,7,7
66800,82,87,-5,5
66801,143,139,4,4
66802,113,105,8,8
66803,82,85,-3,3
66804,72,78,-6,6
66805,53,47,6,6
66806,38,51,-13,13
66807,102,100,2,2
66808,98,110,-12,12
66809,60,76,-16,16
66810,133,130,3,3
66811,108,106,2,2
66812,103,99,4,4
66813,58,59,-1,1
66814,80,84,-4,4
66815,72,74,-2,2
66816,103,92,11,11
66817,115,127,-12,12
66818,66,77,-11,11
66819,134,138,-4,4
66820,129,126,3,3
66821,82,79,3,3
66822,92,92,0,0
66823,72,74,-2,2
66824,156,153,3,3
66825,97,99,-2,2
66826,80,83,-3,3
66827,110,96,14,14
66828,112,106,6,6
66829,73,67,6,6
66830,93,101,-8,8
66831,84,96,-12,12
66832,69,70,-1,1
66833,63,79,-16,16
66834,97,105,-8,8
66835,51,63,-12,12
66836,117,118,-1,1
66837,102,117,-15,15
66838,63,67,-4,4
66839,90,107,-17,17
66840,75,76,-1,1
66841,31,78,-47,47
66842,118,131,-13,13
66843,110,131,-21,21
66844,126,128,-2,2
66845,132,142,-10,10
66846,94,92,2,2
66847,55,67,-12,12
66848,119,120,-1,1
66849,47,53,-6,6
66850,152,143,9,9
66851,38,71,-33,33
66852,96,109,-13,13
66853,79,70,9,9
66854,63,59,4,4
66855,120,130,-10,10
66856,97,93,4,4
66857,65,59,6,6
66858,108,107,1,1
66859,146,143,3,3
66860,99,105,-6,6
66861,50,53,-3,3
66862,98,100,-2,2
66863,61,59,2,2
66864,67,77,-10,10
66865,102,99,3,3
66866,98,94,4,4
66867,127,124,3,3
66868,134,128,6,6
66869,107,100,7,7
66870,62,73,-11,11
66871,83,82,1,1
66872,41,46,-5,5
66873,65,74,-9,9
66874,73,78,-5,5
66875,81,80,1,1
66876,85,81,4,4
66877,85,79,6,6
66878,117,116,1,1
66879,128,136,-8,8
66880,89,88,1,1
66881,42,44,-2,2
66882,125,142,-17,17
66883,68,71,-3,3
66884,72,85,-13,13
66885,96,101,-5,5
66886,134,135,-1,1
66887,122,127,-5,5
66888,87,92,-5,5
66889,54,63,-9,9
66890,79,84,-5,5
66891,148,141,7,7
66892,66,71,-5,5
66893,142,135,7,7
66894,106,95,11,11
66895,48,51,-3,3
66896,57,73,-16,16
66897,126,132,-6,6
66898,51,51,0,0
66899,109,120,-11,11
66900,106,112,-6,6
66901,102,104,-2,2
66902,94,93,1,1
66903,112,115,-3,3
66904,140,127,13,13
66905,117,119,-2,2
66906,112,90,22,22
66907,49,73,-24,24
66908,156,150,6,6
66909,89,77,12,12
66910,74,81,-7,7
66911,67,85,-18,18
66912,70,84,-14,14
66913,93,106,-13,13
66914,93,91,2,2
66915,101,107,-6,6
66916,76,86,-10,10
66917,67,64,3,3
66918,106,108,-2,2
66919,72,82,-10,10
66920,65,64,1,1
66921,87,84,3,3
66922,89,87,2,2
66923,257,323,-66,66
66924,175,173,2,2
66925,69,60,9,9
66926,76,70,6,6
66927,65,70,-5,5
66928,153,153,0,0
66929,68,71,-3,3
66930,116,115,1,1
66931,114,122,-8,8
66932,76,82,-6,6
66933,65,66,-1,1
66934,104,103,1,1
66935,148,144,4,4
66936,43,45,-2,2
66937,90,90,0,0
66938,99,95,4,4
66939,128,136,-8,8
66940,110,111,-1,1
66941,42,77,-35,35
66942,120,122,-2,2
66943,135,117,18,18
66944,134,145,-11,11
66945,116,121,-5,5
66946,138,129,9,9
66947,125,116,9,9
66948,43,45,-2,2
66949,89,84,5,5
66950,126,122,4,4
66951,90,84,6,6
66952,77,81,-4,4
66953,91,92,-1,1
66954,120,110,10,10
66955,63,58,5,5
66956,88,87,1,1
66957,50,55,-5,5
66958,110,116,-6,6
66959,71,59,12,12
66960,81,83,-2,2
66961,120,115,5,5
66962,94,90,4,4
66963,51,65,-14,14
66964,84,89,-5,5
66965,96,104,-8,8
66966,179,170,9,9
66967,57,58,-1,1
66968,114,121,-7,7
66969,111,122,-11,11
66970,111,104,7,7
66971,101,102,-1,1
66972,53,53,0,0
66973,97,110,-13,13
66974,98,102,-4,4
66975,50,54,-4,4
66976,82,71,11,11
66977,108,104,4,4
66978,59,61,-2,2
66979,69,67,2,2
66980,68,65,3,3
66981,69,75,-6,6
66982,73,80,-7,7
66983,28,30,-2,2
66984,75,76,-1,1
66985,68,64,4,4
66986,110,110,0,0
66987,99,98,1,1
66988,72,76,-4,4
66989,74,79,-5,5
66990,70,80,-10,10
66991,109,104,5,5
66992,191,206,-15,15
66993,54,58,-4,4
66994,119,116,3,3
66995,76,85,-9,9
66996,174,167,7,7
66997,87,83,4,4
66998,88,90,-2,2
66999,53,65,-12,12
67000,75,78,-3,3
67001,68,63,5,5
67002,118,127,-9,9
67003,114,112,2,2
67004,101,102,-1,1
67005,102,106,-4,4
67006,82,86,-4,4
67007,100,103,-3,3
67008,134,134,0,0
67009,140,143,-3,3
67010,109,116,-7,7
67011,124,124,0,0
67012,157,139,18,18
67013,67,82,-15,15
67014,117,124,-7,7
67015,64,71,-7,7
67016,89,101,-12,12
67017,52,49,3,3
67018,126,124,2,2
67019,99,100,-1,1
67020,82,92,-10,10
67021,96,83,13,13
67022,85,83,2,2
67023,68,95,-27,27
67024,132,129,3,3
67025,148,134,14,14
67026,56,61,-5,5
67027,173,178,-5,5
67028,115,118,-3,3
67029,99,101,-2,2
67030,115,122,-7,7
67031,71,77,-6,6
67032,141,141,0,0
67033,111,111,0,0
67034,53,50,3,3
67035,279,235,44,44
67036,101,92,9,9
67037,93,91,2,2
67038,71,74,-3,3
67039,163,163,0,0
67040,52,50,2,2
67041,109,108,1,1
67042,80,90,-10,10
67043,72,112,-40,40
67044,72,68,4,4
67045,87,88,-1,1
67046,82,90,-8,8
67047,74,78,-4,4
67048,156,156,0,0
67049,133,132,1,1
67050,123,119,4,4
67051,63,67,-4,4
67052,70,75,-5,5
67053,40,43,-3,3
67054,76,87,-11,11
67055,201,210,-9,9
67056,76,83,-7,7
67057,109,116,-7,7
67058,116,119,-3,3
67059,45,49,-4,4
67060,59,59,0,0
67061,104,94,10,10
67062,122,140,-18,18
67063,108,100,8,8
67064,59,63,-4,4
67065,111,121,-10,10
67066,47,61,-14,14
67067,123,126,-3,3
67068,127,127,0,0
67069,98,103,-5,5
67070,90,95,-5,5
67071,70,77,-7,7
67072,102,96,6,6
67073,101,102,-1,1
67074,72,90,-18,18
67075,86,105,-19,19
67076,77,83,-6,6
67077,175,165,10,10
67078,85,86,-1,1
67079,109,111,-2,2
67080,143,138,5,5
67081,79,87,-8,8
67082,81,86,-5,5
67083,110,103,7,7
67084,68,73,-5,5
67085,107,110,-3,3
67086,115,115,0,0
67087,120,119,1,1
67088,67,73,-6,6
67089,95,101,-6,6
67090,116,119,-3,3
67091,83,87,-4,4
67092,97,90,7,7
67093,85,92,-7,7
67094,91,102,-11,11
67095,147,139,8,8
67096,60,64,-4,4
67097,104,101,3,3
67098,99,98,1,1
67099,142,135,7,7
67100,65,62,3,3
67101,58,62,-4,4
67102,81,85,-4,4
67103,85,80,5,5
67104,158,155,3,3
67105,57,61,-4,4
67106,32,37,-5,5
67107,161,161,0,0
67108,139,137,2,2
67109,123,112,11,11
67110,141,152,-11,11
67111,127,127,0,0
67112,65,66,-1,1
67113,177,176,1,1
67114,131,128,3,3
67115,140,134,6,6
67116,51,57,-6,6
67117,85,88,-3,3
67118,75,76,-1,1
67119,103,106,-3,3
67120,155,141,14,14
67121,85,85,0,0
67122,72,76,-4,4
67123,80,71,9,9
67124,62,73,-11,11
67125,58,60,-2,2
67126,53,61,-8,8
67127,76,86,-10,10
67128,117,122,-5,5
67129,75,75,0,0
67130,138,133,5,5
67131,82,75,7,7
67132,79,82,-3,3
67133,83,88,-5,5
67134,79,77,2,2
67135,141,133,8,8
67136,76,72,4,4
67137,165,161,4,4
67138,150,151,-1,1
67139,65,67,-2,2
67140,37,43,-6,6
67141,55,55,0,0
67142,227,216,11,11
67143,82,88,-6,6
67144,70,68,2,2
67145,57,64,-7,7
67146,73,69,4,4
67147,78,79,-1,1
67148,58,64,-6,6
67149,87,84,3,3
67150,48,56,-8,8
67151,127,138,-11,11
67152,65,63,2,2
67153,111,98,13,13
67154,74,75,-1,1
67155,103,97,6,6
67156,91,88,3,3
67157,188,212,-24,24
67158,98,112,-14,14
67159,86,83,3,3
67160,68,63,5,5
67161,99,106,-7,7
67162,68,70,-2,2
67163,87,79,8,8
67164,110,110,0,0
67165,53,53,0,0
67166,75,75,0,0
67167,113,111,2,2
67168,103,104,-1,1
67169,48,61,-13,13
67170,180,164,16,16
67171,67,77,-10,10
67172,69,77,-8,8
67173,114,124,-10,10
67174,82,81,1,1
67175,152,150,2,2
67176,108,114,-6,6
67177,126,131,-5,5
67178,126,141,-15,15
67179,68,66,2,2
67180,111,106,5,5
67181,127,117,10,10
67182,106,108,-2,2
67183,93,106,-13,13
67184,134,141,-7,7
67185,65,71,-6,6
67186,129,115,14,14
67187,84,90,-6,6
67188,64,72,-8,8
67189,147,145,2,2
67190,123,124,-1,1
67191,102,100,2,2
67192,66,58,8,8
67193,56,62,-6,6
67194,99,108,-9,9
67195,92,88,4,4
67196,96,96,0,0
67197,125,139,-14,14
67198,85,85,0,0
67199,100,103,-3,3
67200,77,83,-6,6
67201,69,71,-2,2
67202,95,99,-4,4
67203,87,86,1,1
67204,112,105,7,7
67205,124,126,-2,2
67206,99,91,8,8
67207,65,59,6,6
67208,119,106,13,13
67209,66,69,-3,3
67210,89,85,4,4
67211,139,133,6,6
67212,111,100,11,11
67213,81,98,-17,17
67214,100,100,0,0
67215,82,77,5,5
67216,145,164,-19,19
67217,91,97,-6,6
67218,187,188,-1,1
67219,84,84,0,0
67220,45,47,-2,2
67221,116,111,5,5
67222,69,79,-10,10
67223,80,87,-7,7
67224,44,54,-10,10
67225,93,107,-14,14
67226,58,58,0,0
67227,74,78,-4,4
67228,74,75,-1,1
67229,99,113,-14,14
67230,93,91,2,2
67231,67,70,-3,3
67232,108,109,-1,1
67233,108,116,-8,8
67234,116,107,9,9
67235,127,108,19,19
67236,98,93,5,5
67237,115,127,-12,12
67238,131,133,-2,2
67239,185,142,43,43
67240,120,109,11,11
67241,75,77,-2,2
67242,165,139,26,26
67243,44,72,-28,28
67244,82,88,-6,6
67245,66,79,-13,13
67246,72,78,-6,6
67247,137,127,10,10
67248,66,72,-6,6
67249,79,94,-15,15
67250,48,62,-14,14
67251,76,77,-1,1
67252,87,87,0,0
67253,90,70,20,20
67254,67,70,-3,3
67255,139,147,-8,8
67256,52,61,-9,9
67257,97,87,10,10
67258,135,130,5,5
67259,60,66,-6,6
67260,65,65,0,0
67261,61,68,-7,7
67262,175,169,6,6
67263,146,135,11,11
67264,64,78,-14,14
67265,122,126,-4,4
67266,66,70,-4,4
67267,62,61,1,1
67268,97,108,-11,11
67269,117,124,-7,7
67270,72,77,-5,5
67271,66,82,-16,16
67272,147,116,31,31
67273,139,135,4,4
67274,143,152,-9,9
67275,106,110,-4,4
67276,81,103,-22,22
67277,85,74,11,11
67278,112,100,12,12
67279,74,94,-20,20
67280,157,156,1,1
67281,76,79,-3,3
67282,69,67,2,2
67283,133,127,6,6
67284,79,86,-7,7
67285,58,61,-3,3
67286,111,115,-4,4
67287,195,176,19,19
67288,129,115,14,14
67289,58,49,9,9
67290,101,116,-15,15
67291,186,186,0,0
67292,76,74,2,2
67293,72,71,1,1
67294,100,108,-8,8
67295,60,60,0,0
67296,59,60,-1,1
67297,118,123,-5,5
67298,195,188,7,7
67299,92,89,3,3
67300,245,268,-23,23
67301,102,115,-13,13
67302,84,99,-15,15
67303,95,95,0,0
67304,126,120,6,6
67305,101,93,8,8
67306,192,173,19,19
67307,118,123,-5,5
67308,72,78,-6,6
67309,66,73,-7,7
67310,72,78,-6,6
67311,75,75,0,0
67312,47,48,-1,1
67313,53,66,-13,13
67314,75,86,-11,11
67315,77,100,-23,23
67316,133,141,-8,8
67317,66,71,-5,5
67318,122,132,-10,10
67319,151,155,-4,4
67320,95,115,-20,20
67321,70,80,-10,10
67322,66,63,3,3
67323,101,94,7,7
67324,92,90,2,2
67325,94,89,5,5
67326,80,78,2,2
67327,86,90,-4,4
67328,99,89,10,10
67329,167,154,13,13
67330,104,102,2,2
67331,92,83,9,9
67332,82,89,-7,7
67333,93,91,2,2
67334,57,59,-2,2
67335,80,90,-10,10
67336,154,143,11,11
67337,92,87,5,5
67338,121,110,11,11
67339,90,102,-12,12
67340,94,94,0,0
67341,100,105,-5,5
67342,55,61,-6,6
67343,179,188,-9,9
67344,157,152,5,5
67345,58,75,-17,17
67346,94,112,-18,18
67347,85,86,-1,1
67348,55,63,-8,8
67349,72,62,10,10
67350,114,121,-7,7
67351,99,97,2,2
67352,75,70,5,5
67353,45,52,-7,7
67354,58,54,4,4
67355,110,110,0,0
67356,69,75,-6,6
67357,68,67,1,1
67358,102,94,8,8
67359,77,80,-3,3
67360,85,88,-3,3
67361,112,112,0,0
67362,40,37,3,3
67363,73,83,-10,10
67364,76,86,-10,10
67365,65,72,-7,7
67366,72,90,-18,18
67367,89,112,-23,23
67368,110,115,-5,5
67369,91,94,-3,3
67370,59,91,-32,32
67371,90,87,3,3
67372,84,85,-1,1
67373,130,127,3,3
67374,63,63,0,0
67375,63,67,-4,4
67376,87,86,1,1
67377,106,122,-16,16
67378,145,142,3,3
67379,128,134,-6,6
67380,81,84,-3,3
67381,111,103,8,8
67382,76,85,-9,9
67383,53,66,-13,13
67384,82,74,8,8
67385,100,107,-7,7
67386,74,79,-5,5
67387,105,111,-6,6
67388,58,61,-3,3
67389,102,105,-3,3
67390,113,105,8,8
67391,99,107,-8,8
67392,113,112,1,1
67393,55,62,-7,7
67394,98,89,9,9
67395,108,117,-9,9
67396,54,62,-8,8
67397,99,97,2,2
67398,78,79,-1,1
67399,68,63,5,5
67400,45,44,1,1
67401,71,78,-7,7
67402,216,194,22,22
67403,103,101,2,2
67404,77,81,-4,4
67405,64,62,2,2
67406,108,119,-11,11
67407,106,89,17,17
67408,124,116,8,8
67409,71,72,-1,1
67410,91,83,8,8
67411,80,96,-16,16
67412,122,122,0,0
67413,105,102,3,3
67414,80,80,0,0
67415,142,124,18,18
67416,64,90,-26,26
67417,95,82,13,13
67418,112,132,-20,20
67419,83,79,4,4
67420,147,122,25,25
67421,47,50,-3,3
67422,80,84,-4,4
67423,104,118,-14,14
67424,71,73,-2,2
67425,67,64,3,3
67426,69,71,-2,2
67427,82,81,1,1
67428,85,88,-3,3
67429,144,147,-3,3
67430,81,86,-5,5
67431,141,142,-1,1
67432,86,79,7,7
67433,176,179,-3,3
67434,74,70,4,4
67435,91,88,3,3
67436,102,86,16,16
67437,74,71,3,3
67438,97,94,3,3
67439,60,65,-5,5
67440,97,98,-1,1
67441,119,118,1,1
67442,97,106,-9,9
67443,70,72,-2,2
67444,102,95,7,7
67445,61,68,-7,7
67446,86,76,10,10
67447,45,53,-8,8
67448,51,53,-2,2
67449,130,132,-2,2
67450,74,82,-8,8
67451,78,82,-4,4
67452,163,165,-2,2
67453,52,62,-10,10
67454,99,106,-7,7
67455,84,87,-3,3
67456,109,105,4,4
67457,84,85,-1,1
67458,88,103,-15,15
67459,117,112,5,5
67460,186,177,9,9
67461,55,52,3,3
67462,65,79,-14,14
67463,119,111,8,8
67464,71,73,-2,2
67465,87,80,7,7
67466,51,57,-6,6
67467,46,53,-7,7
67468,61,60,1,1
67469,103,99,4,4
67470,84,79,5,5
67471,56,64,-8,8
67472,73,80,-7,7
67473,84,90,-6,6
67474,127,113,14,14
67475,178,183,-5,5
67476,71,77,-6,6
67477,107,107,0,0
67478,111,106,5,5
67479,69,74,-5,5
67480,94,95,-1,1
67481,45,53,-8,8
67482,94,98,-4,4
67483,120,119,1,1
67484,63,69,-6,6
67485,78,73,5,5
67486,40,52,-12,12
67487,114,102,12,12
67488,112,109,3,3
67489,152,154,-2,2
67490,184,174,10,10
67491,84,81,3,3
67492,122,122,0,0
67493,108,100,8,8
67494,64,67,-3,3
67495,114,116,-2,2
67496,143,148,-5,5
67497,97,91,6,6
67498,99,99,0,0
67499,145,155,-10,10
67500,63,69,-6,6
67501,111,117,-6,6
67502,68,82,-14,14
67503,108,123,-15,15
67504,94,81,13,13
67505,77,80,-3,3
67506,49,58,-9,9
67507,82,83,-1,1
67508,66,69,-3,3
67509,74,69,5,5
67510,142,150,-8,8
67511,82,86,-4,4
67512,87,84,3,3
67513,78,82,-4,4
67514,58,58,0,0
67515,108,104,4,4
67516,50,79,-29,29
67517,170,154,16,16
67518,74,80,-6,6
67519,102,105,-3,3
67520,95,92,3,3
67521,90,76,14,14
67522,118,118,0,0
67523,70,67,3,3
67524,111,114,-3,3
67525,96,106,-10,10
67526,81,83,-2,2
67527,110,108,2,2
67528,94,91,3,3
67529,99,108,-9,9
67530,107,114,-7,7
67531,129,137,-8,8
67532,135,121,14,14
67533,123,121,2,2
67534,67,69,-2,2
67535,79,82,-3,3
67536,91,97,-6,6
67537,72,69,3,3
67538,150,163,-13,13
67539,117,132,-15,15
67540,60,69,-9,9
67541,102,107,-5,5
67542,32,52,-20,20
67543,65,69,-4,4
67544,163,157,6,6
67545,99,106,-7,7
67546,76,75,1,1
67547,146,135,11,11
67548,137,135,2,2
67549,131,130,1,1
67550,152,147,5,5
67551,93,110,-17,17
67552,78,78,0,0
67553,83,79,4,4
67554,109,101,8,8
67555,134,146,-12,12
67556,56,74,-18,18
67557,82,85,-3,3
67558,50,47,3,3
67559,104,103,1,1
67560,78,81,-3,3
67561,60,72,-12,12
67562,137,128,9,9
67563,64,64,0,0
67564,144,148,-4,4
67565,49,57,-8,8
67566,104,104,0,0
67567,66,68,-2,2
67568,71,72,-1,1
67569,128,122,6,6
67570,84,104,-20,20
67571,141,152,-11,11
67572,97,92,5,5
67573,52,38,14,14
67574,74,73,1,1
67575,98,126,-28,28
67576,71,67,4,4
67577,56,51,5,5
67578,71,80,-9,9
67579,123,120,3,3
67580,146,129,17,17
67581,77,81,-4,4
67582,68,79,-11,11
67583,110,84,26,26
67584,85,87,-2,2
67585,162,96,66,66
67586,105,93,12,12
67587,68,70,-2,2
67588,100,94,6,6
67589,103,101,2,2
67590,121,109,12,12
67591,96,87,9,9
67592,199,189,10,10
67593,83,86,-3,3
67594,91,81,10,10
67595,61,64,-3,3
67596,103,115,-12,12
67597,95,98,-3,3
67598,68,67,1,1
67599,94,90,4,4
67600,54,59,-5,5
67601,160,140,20,20
67602,123,125,-2,2
67603,154,149,5,5
67604,48,52,-4,4
67605,66,71,-5,5
67606,81,85,-4,4
67607,56,65,-9,9
67608,160,144,16,16
67609,121,148,-27,27
67610,103,89,14,14
67611,126,125,1,1
67612,82,79,3,3
67613,63,73,-10,10
67614,88,92,-4,4
67615,111,117,-6,6
67616,139,134,5,5
67617,103,105,-2,2
67618,74,82,-8,8
67619,133,109,24,24
67620,49,62,-13,13
67621,93,93,0,0
67622,86,84,2,2
67623,77,66,11,11
67624,56,67,-11,11
67625,66,61,5,5
67626,132,130,2,2
67627,149,141,8,8
67628,39,54,-15,15
67629,117,119,-2,2
67630,98,96,2,2
67631,59,60,-1,1
67632,146,145,1,1
67633,106,99,7,7
67634,63,69,-6,6
67635,90,92,-2,2
67636,73,80,-7,7
67637,80,82,-2,2
67638,89,85,4,4
67639,88,87,1,1
67640,51,52,-1,1
67641,85,84,1,1
67642,106,128,-22,22
67643,136,138,-2,2
67644,46,53,-7,7
67645,107,112,-5,5
67646,154,165,-11,11
67647,109,117,-8,8
67648,79,80,-1,1
67649,94,80,14,14
67650,64,65,-1,1
67651,63,66,-3,3
67652,62,65,-3,3
67653,58,65,-7,7
67654,48,52,-4,4
67655,67,72,-5,5
67656,74,70,4,4
67657,94,93,1,1
67658,75,74,1,1
67659,158,149,9,9
67660,134,123,11,11
67661,189,193,-4,4
67662,62,69,-7,7
67663,73,70,3,3
67664,89,93,-4,4
67665,42,80,-38,38
67666,129,120,9,9
67667,65,81,-16,16
67668,49,60,-11,11
67669,163,157,6,6
67670,93,88,5,5
67671,185,166,19,19
67672,91,91,0,0
67673,43,44,-1,1
67674,163,170,-7,7
67675,65,70,-5,5
67676,49,35,14,14
67677,62,65,-3,3
67678,123,136,-13,13
67679,78,80,-2,2
67680,144,137,7,7
67681,75,103,-28,28
67682,83,81,2,2
67683,122,97,25,25
67684,92,97,-5,5
67685,101,107,-6,6
67686,75,92,-17,17
67687,130,124,6,6
67688,160,173,-13,13
67689,58,58,0,0
67690,154,151,3,3
67691,101,82,19,19
67692,54,62,-8,8
67693,177,186,-9,9
67694,198,186,12,12
67695,98,125,-27,27
67696,87,99,-12,12
67697,116,109,7,7
67698,63,65,-2,2
67699,95,90,5,5
67700,57,55,2,2
67701,64,63,1,1
67702,69,62,7,7
67703,79,81,-2,2
67704,89,100,-11,11
67705,53,71,-18,18
67706,94,98,-4,4
67707,85,93,-8,8
67708,85,86,-1,1
67709,80,96,-16,16
67710,80,89,-9,9
67711,95,94,1,1
67712,95,92,3,3
67713,72,77,-5,5
67714,59,59,0,0
67715,122,111,11,11
67716,76,77,-1,1
67717,103,91,12,12
67718,80,87,-7,7
67719,84,93,-9,9
67720,108,110,-2,2
67721,94,93,1,1
67722,128,127,1,1
67723,121,121,0,0
67724,156,140,16,16
67725,120,119,1,1
67726,97,104,-7,7
67727,87,101,-14,14
67728,116,112,4,4
67729,48,50,-2,2
67730,139,135,4,4
67731,93,88,5,5
67732,184,207,-23,23
67733,62,61,1,1
67734,116,131,-15,15
67735,114,109,5,5
67736,104,106,-2,2
67737,94,102,-8,8
67738,169,168,1,1
67739,89,100,-11,11
67740,91,99,-8,8
67741,97,103,-6,6
67742,111,114,-3,3
67743,69,71,-2,2
67744,120,117,3,3
67745,105,128,-23,23
67746,99,102,-3,3
67747,37,65,-28,28
67748,105,94,11,11
67749,69,80,-11,11
67750,67,68,-1,1
67751,31,62,-31,31
67752,60,69,-9,9
67753,90,108,-18,18
67754,74,75,-1,1
67755,123,118,5,5
67756,97,103,-6,6
67757,55,53,2,2
67758,127,128,-1,1
67759,122,121,1,1
67760,103,107,-4,4
67761,141,140,1,1
67762,67,68,-1,1
67763,113,122,-9,9
67764,135,137,-2,2
67765,203,196,7,7
67766,88,89,-1,1
67767,94,108,-14,14
67768,103,106,-3,3
67769,86,88,-2,2
67770,143,135,8,8
67771,52,49,3,3
67772,75,88,-13,13
67773,114,128,-14,14
67774,92,72,20,20
67775,113,114,-1,1
67776,123,126,-3,3
67777,68,78,-10,10
67778,86,105,-19,19
67779,27,53,-26,26
67780,126,125,1,1
67781,89,86,3,3
67782,113,110,3,3
67783,106,108,-2,2
67784,90,86,4,4
67785,82,76,6,6
67786,88,95,-7,7
67787,97,101,-4,4
67788,141,136,5,5
67789,123,113,10,10
67790,188,211,-23,23
67791,108,101,7,7
67792,73,72,1,1
67793,104,107,-3,3
67794,87,91,-4,4
67795,78,84,-6,6
67796,75,78,-3,3
67797,153,147,6,6
67798,74,73,1,1
67799,129,120,9,9
67800,117,106,11,11
67801,82,88,-6,6
67802,103,103,0,0
67803,93,83,10,10
67804,89,92,-3,3
67805,44,69,-25,25
67806,76,77,-1,1
67807,79,104,-25,25
67808,87,88,-1,1
67809,38,51,-13,13
67810,120,124,-4,4
67811,88,93,-5,5
67812,155,141,14,14
67813,120,102,18,18
67814,89,81,8,8
67815,100,99,1,1
67816,66,66,0,0
67817,85,91,-6,6
67818,90,82,8,8
67819,126,122,4,4
67820,153,131,22,22
67821,83,80,3,3
67822,113,106,7,7
67823,88,87,1,1
67824,152,159,-7,7
67825,104,101,3,3
67826,75,73,2,2
67827,48,53,-5,5
67828,127,118,9,9
67829,79,77,2,2
67830,117,117,0,0
67831,63,70,-7,7
67832,113,130,-17,17
67833,143,167,-24,24
67834,110,112,-2,2
67835,75,87,-12,12
67836,48,52,-4,4
67837,64,92,-28,28
67838,99,106,-7,7
67839,91,94,-3,3
67840,111,106,5,5
67841,89,87,2,2
67842,141,143,-2,2
67843,101,97,4,4
67844,74,74,0,0
67845,124,111,13,13
67846,115,116,-1,1
67847,94,99,-5,5
67848,110,113,-3,3
67849,70,77,-7,7
67850,89,95,-6,6
67851,53,58,-5,5
67852,85,96,-11,11
67853,166,160,6,6
67854,77,71,6,6
67855,76,67,9,9
67856,137,150,-13,13
67857,79,81,-2,2
67858,144,132,12,12
67859,57,61,-4,4
67860,102,110,-8,8
67861,77,78,-1,1
67862,105,109,-4,4
67863,99,99,0,0
67864,40,42,-2,2
67865,96,95,1,1
67866,99,108,-9,9
67867,69,65,4,4
67868,111,104,7,7
67869,119,124,-5,5
67870,152,148,4,4
67871,138,134,4,4
67872,146,168,-22,22
67873,79,108,-29,29
67874,113,113,0,0
67875,65,77,-12,12
67876,135,122,13,13
67877,58,51,7,7
67878,68,73,-5,5
67879,103,94,9,9
67880,110,122,-12,12
67881,57,58,-1,1
67882,191,181,10,10
67883,87,82,5,5
67884,130,127,3,3
67885,94,95,-1,1
67886,101,114,-13,13
67887,52,48,4,4
67888,134,144,-10,10
67889,75,76,-1,1
67890,91,100,-9,9
67891,109,106,3,3
67892,96,93,3,3
67893,55,58,-3,3
67894,114,111,3,3
67895,159,148,11,11
67896,74,73,1,1
67897,89,97,-8,8
67898,45,49,-4,4
67899,50,68,-18,18
67900,78,73,5,5
67901,136,147,-11,11
67902,81,79,2,2
67903,104,94,10,10
67904,42,50,-8,8
67905,45,44,1,1
67906,91,79,12,12
67907,81,78,3,3
67908,73,76,-3,3
67909,163,151,12,12
67910,62,63,-1,1
67911,62,98,-36,36
67912,117,111,6,6
67913,91,97,-6,6
67914,81,91,-10,10
67915,183,167,16,16
67916,115,118,-3,3
67917,45,62,-17,17
67918,67,64,3,3
67919,73,74,-1,1
67920,115,117,-2,2
67921,143,136,7,7
67922,122,113,9,9
67923,158,146,12,12
67924,132,134,-2,2
67925,56,58,-2,2
67926,138,141,-3,3
67927,128,112,16,16
67928,170,162,8,8
67929,101,90,11,11
67930,147,158,-11,11
67931,116,122,-6,6
67932,97,117,-20,20
67933,116,120,-4,4
67934,73,74,-1,1
67935,58,49,9,9
67936,99,93,6,6
67937,148,152,-4,4
67938,56,55,1,1
67939,144,153,-9,9
67940,73,68,5,5
67941,124,142,-18,18
67942,58,85,-27,27
67943,72,77,-5,5
67944,57,55,2,2
67945,77,73,4,4
67946,93,75,18,18
67947,136,128,8,8
67948,56,64,-8,8
67949,106,99,7,7
67950,68,62,6,6
67951,107,114,-7,7
67952,137,137,0,0
67953,51,59,-8,8
67954,161,158,3,3
67955,75,70,5,5
67956,207,198,9,9
67957,134,145,-11,11
67958,139,136,3,3
67959,85,86,-1,1
67960,64,65,-1,1
67961,57,60,-3,3
67962,87,90,-3,3
67963,143,139,4,4
67964,89,93,-4,4
67965,78,62,16,16
67966,73,89,-16,16
67967,188,211,-23,23
67968,115,102,13,13
67969,119,98,21,21
67970,74,77,-3,3
67971,96,107,-11,11
67972,64,70,-6,6
67973,117,99,18,18
67974,127,134,-7,7
67975,70,77,-7,7
67976,97,111,-14,14
67977,163,168,-5,5
67978,143,131,12,12
67979,69,77,-8,8
67980,98,113,-15,15
67981,87,83,4,4
67982,100,101,-1,1
67983,111,126,-15,15
67984,129,138,-9,9
67985,94,80,14,14
67986,124,132,-8,8
67987,70,77,-7,7
67988,64,70,-6,6
67989,131,126,5,5
67990,81,96,-15,15
67991,121,116,5,5
67992,139,133,6,6
67993,49,62,-13,13
67994,54,56,-2,2
67995,109,121,-12,12
67996,71,77,-6,6
67997,124,112,12,12
67998,110,97,13,13
67999,103,105,-2,2
68000,104,114,-10,10
68001,95,120,-25,25
68002,85,67,18,18
68003,83,75,8,8
68004,111,122,-11,11
68005,68,57,11,11
68006,76,75,1,1
68007,47,51,-4,4
68008,143,134,9,9
68009,64,66,-2,2
68010,102,103,-1,1
68011,77,85,-8,8
68012,52,63,-11,11
68013,52,56,-4,4
68014,75,80,-5,5
68015,83,90,-7,7
68016,70,68,2,2
68017,44,51,-7,7
68018,41,42,-1,1
68019,77,76,1,1
68020,53,50,3,3
68021,132,145,-13,13
68022,112,109,3,3
68023,81,75,6,6
68024,85,86,-1,1
68025,90,91,-1,1
68026,51,57,-6,6
68027,55,63,-8,8
68028,45,84,-39,39
68029,52,59,-7,7
68030,98,97,1,1
68031,72,72,0,0
68032,239,247,-8,8
68033,123,117,6,6
68034,164,156,8,8
68035,75,78,-3,3
68036,145,147,-2,2
68037,63,69,-6,6
68038,63,89,-26,26
68039,100,111,-11,11
68040,110,118,-8,8
68041,76,93,-17,17
68042,94,101,-7,7
68043,109,96,13,13
68044,59,71,-12,12
68045,140,160,-20,20
68046,83,94,-11,11
68047,136,125,11,11
68048,50,59,-9,9
68049,85,78,7,7
68050,113,105,8,8
68051,49,66,-17,17
68052,98,85,13,13
68053,80,64,16,16
68054,95,96,-1,1
68055,129,135,-6,6
68056,89,82,7,7
68057,115,118,-3,3
68058,73,78,-5,5
68059,75,79,-4,4
68060,168,157,11,11
68061,52,57,-5,5
68062,76,75,1,1
68063,104,103,1,1
68064,124,110,14,14
68065,113,128,-15,15
68066,80,79,1,1
68067,79,100,-21,21
68068,89,87,2,2
68069,90,82,8,8
68070,46,52,-6,6
68071,80,76,4,4
68072,108,127,-19,19
68073,46,51,-5,5
68074,106,104,2,2
68075,139,137,2,2
68076,99,106,-7,7
68077,50,52,-2,2
68078,65,67,-2,2
68079,69,76,-7,7
68080,125,130,-5,5
68081,97,96,1,1
68082,84,91,-7,7
68083,114,128,-14,14
68084,39,46,-7,7
68085,106,99,7,7
68086,88,97,-9,9
68087,80,88,-8,8
68088,178,158,20,20
68089,104,116,-12,12
68090,76,75,1,1
68091,108,102,6,6
68092,82,95,-13,13
68093,44,71,-27,27
68094,67,66,1,1
68095,69,74,-5,5
68096,69,71,-2,2
68097,112,112,0,0
68098,151,142,9,9
68099,47,48,-1,1
68100,70,71,-1,1
68101,86,83,3,3
68102,95,98,-3,3
68103,68,75,-7,7
68104,44,57,-13,13
68105,70,78,-8,8
68106,132,129,3,3
68107,66,69,-3,3
68108,104,106,-2,2
68109,155,151,4,4
68110,136,138,-2,2
68111,74,71,3,3
68112,109,117,-8,8
68113,88,95,-7,7
68114,156,171,-15,15
68115,153,157,-4,4
68116,83,75,8,8
68117,88,82,6,6
68118,167,185,-18,18
68119,44,44,0,0
68120,124,121,3,3
68121,71,68,3,3
68122,131,107,24,24
68123,94,66,28,28
68124,64,68,-4,4
68125,81,82,-1,1
68126,69,74,-5,5
68127,52,50,2,2
68128,84,87,-3,3
68129,59,64,-5,5
68130,117,118,-1,1
68131,115,106,9,9
68132,86,89,-3,3
68133,111,106,5,5
68134,69,74,-5,5
68135,119,119,0,0
68136,73,70,3,3
68137,81,85,-4,4
68138,79,96,-17,17
68139,89,103,-14,14
68140,51,51,0,0
68141,63,67,-4,4
68142,87,92,-5,5
68143,116,122,-6,6
68144,115,112,3,3
68145,111,117,-6,6
68146,38,48,-10,10
68147,130,144,-14,14
68148,100,101,-1,1
68149,60,52,8,8
68150,91,82,9,9
68151,67,68,-1,1
68152,73,70,3,3
68153,152,156,-4,4
68154,199,189,10,10
68155,156,146,10,10
68156,61,69,-8,8
68157,109,105,4,4
68158,69,73,-4,4
68159,87,86,1,1
68160,65,73,-8,8
68161,83,93,-10,10
68162,94,93,1,1
68163,104,92,12,12
68164,72,78,-6,6
68165,74,88,-14,14
68166,93,92,1,1
68167,88,81,7,7
68168,88,82,6,6
68169,75,85,-10,10
68170,102,106,-4,4
68171,72,74,-2,2
68172,95,87,8,8
68173,98,97,1,1
68174,86,87,-1,1
68175,91,107,-16,16
68176,67,64,3,3
68177,73,77,-4,4
68178,129,135,-6,6
68179,64,57,7,7
68180,94,96,-2,2
68181,123,130,-7,7
68182,89,94,-5,5
68183,45,54,-9,9
68184,95,96,-1,1
68185,77,76,1,1
68186,61,65,-4,4
68187,151,167,-16,16
68188,53,58,-5,5
68189,109,108,1,1
68190,84,93,-9,9
68191,86,92,-6,6
68192,105,103,2,2
68193,107,118,-11,11
68194,97,107,-10,10
68195,41,47,-6,6
68196,69,69,0,0
68197,111,89,22,22
68198,40,48,-8,8
68199,140,143,-3,3
68200,65,68,-3,3
68201,149,123,26,26
68202,46,42,4,4
68203,103,106,-3,3
68204,80,84,-4,4
68205,41,51,-10,10
68206,97,129,-32,32
68207,65,71,-6,6
68208,124,141,-17,17
68209,65,65,0,0
68210,85,87,-2,2
68211,151,159,-8,8
68212,75,89,-14,14
68213,92,96,-4,4
68214,96,94,2,2
68215,120,109,11,11
68216,71,69,2,2
68217,77,81,-4,4
68218,84,97,-13,13
68219,100,103,-3,3
68220,105,120,-15,15
68221,123,114,9,9
68222,53,54,-1,1
68223,178,186,-8,8
68224,99,99,0,0
68225,64,67,-3,3
68226,78,84,-6,6
68227,108,104,4,4
68228,77,83,-6,6
68229,157,123,34,34
68230,72,80,-8,8
68231,68,70,-2,2
68232,87,76,11,11
68233,70,78,-8,8
68234,52,57,-5,5
68235,85,80,5,5
68236,100,113,-13,13
68237,71,68,3,3
68238,109,117,-8,8
68239,154,181,-27,27
68240,96,74,22,22
68241,78,89,-11,11
68242,82,92,-10,10
68243,114,114,0,0
68244,103,108,-5,5
68245,118,114,4,4
68246,87,92,-5,5
68247,121,131,-10,10
68248,94,98,-4,4
68249,62,62,0,0
68250,89,87,2,2
68251,105,105,0,0
68252,85,69,16,16
68253,79,89,-10,10
68254,86,87,-1,1
68255,100,100,0,0
68256,104,103,1,1
68257,83,89,-6,6
68258,90,94,-4,4
68259,112,133,-21,21
68260,69,77,-8,8
68261,121,113,8,8
68262,84,90,-6,6
68263,87,88,-1,1
68264,92,93,-1,1
68265,147,152,-5,5
68266,86,89,-3,3
68267,89,84,5,5
68268,52,66,-14,14
68269,110,111,-1,1
68270,145,136,9,9
68271,87,93,-6,6
68272,107,86,21,21
68273,145,128,17,17
68274,55,59,-4,4
68275,51,63,-12,12
68276,95,93,2,2
68277,101,99,2,2
68278,72,69,3,3
68279,90,85,5,5
68280,91,78,13,13
68281,94,102,-8,8
68282,60,66,-6,6
68283,59,56,3,3
68284,96,91,5,5
68285,55,54,1,1
68286,101,85,16,16
68287,95,109,-14,14
68288,113,107,6,6
68289,77,74,3,3
68290,114,136,-22,22
68291,101,107,-6,6
68292,100,108,-8,8
68293,64,68,-4,4
68294,100,92,8,8
68295,158,149,9,9
68296,81,89,-8,8
68297,62,67,-5,5
68298,136,135,1,1
68299,156,142,14,14
68300,160,151,9,9
68301,128,131,-3,3
68302,49,55,-6,6
68303,135,130,5,5
68304,81,85,-4,4
68305,85,86,-1,1
68306,74,77,-3,3
68307,141,134,7,7
68308,98,100,-2,2
68309,140,135,5,5
68310,102,98,4,4
68311,91,95,-4,4
68312,68,67,1,1
68313,117,109,8,8
68314,57,53,4,4
68315,70,86,-16,16
68316,203,182,21,21
68317,96,114,-18,18
68318,128,127,1,1
68319,81,84,-3,3
68320,81,95,-14,14
68321,66,62,4,4
68322,128,128,0,0
68323,150,148,2,2
68324,79,91,-12,12
68325,68,77,-9,9
68326,57,67,-10,10
68327,63,75,-12,12
68328,110,118,-8,8
68329,84,81,3,3
68330,84,72,12,12
68331,59,60,-1,1
68332,101,92,9,9
68333,73,77,-4,4
68334,82,87,-5,5
68335,163,165,-2,2
68336,113,114,-1,1
68337,95,93,2,2
68338,73,79,-6,6
68339,83,81,2,2
68340,114,120,-6,6
68341,136,107,29,29
68342,86,82,4,4
68343,81,79,2,2
68344,108,124,-16,16
68345,149,156,-7,7
68346,101,104,-3,3
68347,78,78,0,0
68348,126,121,5,5
68349,122,136,-14,14
68350,112,115,-3,3
68351,67,68,-1,1
68352,62,63,-1,1
68353,112,95,17,17
68354,171,160,11,11
68355,65,71,-6,6
68356,97,89,8,8
68357,43,52,-9,9
68358,71,62,9,9
68359,71,68,3,3
68360,55,51,4,4
68361,72,85,-13,13
68362,85,86,-1,1
68363,190,179,11,11
68364,97,100,-3,3
68365,100,105,-5,5
68366,75,80,-5,5
68367,130,108,22,22
68368,60,64,-4,4
68369,105,102,3,3
68370,85,83,2,2
68371,89,94,-5,5
68372,93,96,-3,3
68373,39,91,-52,52
68374,74,74,0,0
68375,148,162,-14,14
68376,136,140,-4,4
68377,61,77,-16,16
68378,181,180,1,1
68379,99,94,5,5
68380,165,168,-3,3
68381,97,95,2,2
68382,116,113,3,3
68383,105,113,-8,8
68384,50,56,-6,6
68385,71,85,-14,14
68386,115,110,5,5
68387,61,53,8,8
68388,101,111,-10,10
68389,80,82,-2,2
68390,100,110,-10,10
68391,79,91,-12,12
68392,121,125,-4,4
68393,85,99,-14,14
68394,87,93,-6,6
68395,61,68,-7,7
68396,125,133,-8,8
68397,85,96,-11,11
68398,87,94,-7,7
68399,64,74,-10,10
68400,66,69,-3,3
68401,85,86,-1,1
68402,159,151,8,8
68403,132,137,-5,5
68404,96,90,6,6
68405,100,118,-18,18
68406,76,74,2,2
68407,117,120,-3,3
68408,101,119,-18,18
68409,86,94,-8,8
68410,117,109,8,8
68411,96,93,3,3
68412,55,62,-7,7
68413,145,141,4,4
68414,68,74,-6,6
68415,71,70,1,1
68416,129,128,1,1
68417,121,124,-3,3
68418,92,83,9,9
68419,57,61,-4,4
68420,50,46,4,4
68421,56,66,-10,10
68422,52,54,-2,2
68423,61,62,-1,1
68424,164,159,5,5
68425,119,122,-3,3
68426,85,84,1,1
68427,83,79,4,4
68428,149,139,10,10
68429,103,90,13,13
68430,61,62,-1,1
68431,142,140,2,2
68432,80,83,-3,3
68433,49,57,-8,8
68434,109,93,16,16
68435,101,106,-5,5
68436,77,92,-15,15
68437,160,183,-23,23
68438,108,118,-10,10
68439,137,134,3,3
68440,125,126,-1,1
68441,76,69,7,7
68442,145,136,9,9
68443,86,93,-7,7
68444,131,129,2,2
68445,99,111,-12,12
68446,97,99,-2,2
68447,67,62,5,5
68448,107,124,-17,17
68449,87,82,5,5
68450,104,97,7,7
68451,77,83,-6,6
68452,49,55,-6,6
68453,152,147,5,5
68454,138,136,2,2
68455,183,174,9,9
68456,53,52,1,1
68457,100,100,0,0
68458,71,72,-1,1
68459,73,98,-25,25
68460,108,103,5,5
68461,85,94,-9,9
68462,72,74,-2,2
68463,92,91,1,1
68464,127,125,2,2
68465,61,78,-17,17
68466,86,100,-14,14
68467,56,50,6,6
68468,104,97,7,7
68469,86,87,-1,1
68470,142,147,-5,5
68471,78,85,-7,7
68472,96,86,10,10
68473,75,89,-14,14
68474,88,89,-1,1
68475,69,73,-4,4
68476,62,68,-6,6
68477,107,104,3,3
68478,65,64,1,1
68479,129,129,0,0
68480,86,92,-6,6
68481,77,70,7,7
68482,115,104,11,11
68483,87,85,2,2
68484,32,31,1,1
68485,80,84,-4,4
68486,107,103,4,4
68487,112,128,-16,16
68488,83,82,1,1
68489,89,90,-1,1
68490,65,66,-1,1
68491,63,69,-6,6
68492,56,61,-5,5
68493,99,89,10,10
68494,88,88,0,0
68495,130,125,5,5
68496,59,60,-1,1
68497,157,138,19,19
68498,94,112,-18,18
68499,94,99,-5,5
68500,61,66,-5,5
68501,98,105,-7,7
68502,98,100,-2,2
68503,108,102,6,6
68504,122,123,-1,1
68505,115,118,-3,3
68506,49,57,-8,8
68507,79,83,-4,4
68508,96,106,-10,10
68509,81,97,-16,16
68510,54,60,-6,6
68511,70,77,-7,7
68512,141,134,7,7
68513,113,163,-50,50
68514,110,118,-8,8
68515,75,77,-2,2
68516,85,96,-11,11
68517,85,75,10,10
68518,105,103,2,2
68519,62,69,-7,7
68520,39,48,-9,9
68521,83,87,-4,4
68522,103,104,-1,1
68523,69,73,-4,4
68524,103,100,3,3
68525,82,76,6,6
68526,98,98,0,0
68527,134,126,8,8
68528,51,50,1,1
68529,98,99,-1,1
68530,58,58,0,0
68531,66,76,-10,10
68532,66,71,-5,5
68533,139,133,6,6
68534,182,177,5,5
68535,118,142,-24,24
68536,69,73,-4,4
68537,61,66,-5,5
68538,101,92,9,9
68539,126,96,30,30
68540,87,83,4,4
68541,53,63,-10,10
68542,83,57,26,26
68543,113,107,6,6
68544,109,105,4,4
68545,60,60,0,0
68546,113,107,6,6
68547,84,100,-16,16
68548,60,60,0,0
68549,56,64,-8,8
68550,52,47,5,5
68551,111,104,7,7
68552,74,78,-4,4
68553,57,62,-5,5
68554,72,73,-1,1
68555,77,88,-11,11
68556,93,90,3,3
68557,167,168,-1,1
68558,64,65,-1,1
68559,97,90,7,7
68560,106,109,-3,3
68561,165,155,10,10
68562,86,105,-19,19
68563,146,138,8,8
68564,98,98,0,0
68565,88,90,-2,2
68566,89,91,-2,2
68567,99,95,4,4
68568,86,85,1,1
68569,95,112,-17,17
68570,70,67,3,3
68571,91,102,-11,11
68572,98,104,-6,6
68573,92,88,4,4
68574,103,94,9,9
68575,91,87,4,4
68576,58,77,-19,19
68577,61,68,-7,7
68578,53,56,-3,3
68579,83,86,-3,3
68580,56,62,-6,6
68581,84,91,-7,7
68582,73,88,-15,15
68583,73,72,1,1
68584,81,85,-4,4
68585,69,77,-8,8
68586,71,72,-1,1
68587,107,123,-16,16
68588,111,113,-2,2
68589,107,101,6,6
68590,115,105,10,10
68591,75,79,-4,4
68592,129,117,12,12
68593,94,92,2,2
68594,52,54,-2,2
68595,146,153,-7,7
68596,99,100,-1,1
68597,93,110,-17,17
68598,57,58,-1,1
68599,102,101,1,1
68600,58,61,-3,3
68601,95,138,-43,43
68602,92,91,1,1
68603,99,95,4,4
68604,115,121,-6,6
68605,77,73,4,4
68606,176,182,-6,6
68607,97,106,-9,9
68608,153,141,12,12
68609,74,70,4,4
68610,182,170,12,12
68611,91,81,10,10
68612,67,84,-17,17
68613,85,98,-13,13
68614,109,112,-3,3
68615,113,109,4,4
68616,111,119,-8,8
68617,95,110,-15,15
68618,74,74,0,0
68619,110,111,-1,1
68620,58,50,8,8
68621,135,133,2,2
68622,108,114,-6,6
68623,112,110,2,2
68624,49,56,-7,7
68625,114,118,-4,4
68626,57,61,-4,4
68627,74,75,-1,1
68628,99,102,-3,3
68629,96,95,1,1
68630,88,85,3,3
68631,79,85,-6,6
68632,82,70,12,12
68633,99,94,5,5
68634,116,111,5,5
68635,80,79,1,1
68636,120,119,1,1
68637,70,70,0,0
68638,74,77,-3,3
68639,55,81,-26,26
68640,97,96,1,1
68641,74,78,-4,4
68642,92,100,-8,8
68643,71,72,-1,1
68644,86,83,3,3
68645,66,65,1,1
68646,74,78,-4,4
68647,90,88,2,2
68648,110,110,0,0
68649,94,95,-1,1
68650,101,98,3,3
68651,115,117,-2,2
68652,91,96,-5,5
68653,102,102,0,0
68654,116,126,-10,10
68655,130,132,-2,2
68656,45,53,-8,8
68657,77,68,9,9
68658,117,131,-14,14
68659,109,110,-1,1
68660,94,96,-2,2
68661,130,127,3,3
68662,37,49,-12,12
68663,73,79,-6,6
68664,79,72,7,7
68665,80,96,-16,16
68666,143,126,17,17
68667,69,74,-5,5
68668,143,146,-3,3
68669,105,110,-5,5
68670,150,143,7,7
68671,94,97,-3,3
68672,107,104,3,3
68673,64,70,-6,6
68674,154,145,9,9
68675,129,126,3,3
68676,118,123,-5,5
68677,86,88,-2,2
68678,98,103,-5,5
68679,134,145,-11,11
68680,96,102,-6,6
68681,90,89,1,1
68682,173,187,-14,14
68683,83,86,-3,3
68684,168,167,1,1
68685,97,101,-4,4
68686,88,91,-3,3
68687,54,54,0,0
68688,142,132,10,10
68689,152,149,3,3
68690,75,86,-11,11
68691,73,76,-3,3
68692,170,183,-13,13
68693,82,70,12,12
68694,103,115,-12,12
68695,135,124,11,11
68696,98,98,0,0
68697,190,194,-4,4
68698,110,103,7,7
68699,56,65,-9,9
68700,160,157,3,3
68701,86,102,-16,16
68702,105,108,-3,3
68703,42,52,-10,10
68704,148,167,-19,19
68705,78,75,3,3
68706,108,115,-7,7
68707,81,80,1,1
68708,135,138,-3,3
68709,84,95,-11,11
68710,115,107,8,8
68711,124,120,4,4
68712,67,77,-10,10
68713,97,85,12,12
68714,90,93,-3,3
68715,158,154,4,4
68716,162,161,1,1
68717,165,170,-5,5
68718,76,81,-5,5
68719,174,178,-4,4
68720,125,116,9,9
68721,155,149,6,6
68722,80,86,-6,6
68723,150,160,-10,10
68724,54,61,-7,7
68725,119,108,11,11
68726,83,75,8,8
68727,56,66,-10,10
68728,69,80,-11,11
68729,94,90,4,4
68730,103,106,-3,3
68731,120,115,5,5
68732,119,127,-8,8
68733,92,91,1,1
68734,102,107,-5,5
68735,75,76,-1,1
68736,64,68,-4,4
68737,175,166,9,9
68738,66,68,-2,2
68739,69,72,-3,3
68740,66,66,0,0
68741,42,47,-5,5
68742,222,226,-4,4
68743,161,165,-4,4
68744,139,126,13,13
68745,88,89,-1,1
68746,81,76,5,5
68747,160,163,-3,3
68748,100,106,-6,6
68749,64,71,-7,7
68750,26,48,-22,22
68751,126,130,-4,4
68752,49,51,-2,2
68753,101,98,3,3
68754,78,79,-1,1
68755,82,86,-4,4
68756,68,69,-1,1
68757,90,88,2,2
68758,78,75,3,3
68759,114,118,-4,4
68760,160,156,4,4
68761,108,112,-4,4
68762,93,95,-2,2
68763,52,59,-7,7
68764,142,143,-1,1
68765,151,172,-21,21
68766,118,128,-10,10
68767,90,87,3,3
68768,103,97,6,6
68769,126,129,-3,3
68770,121,120,1,1
68771,111,117,-6,6
68772,87,85,2,2
68773,48,50,-2,2
68774,86,75,11,11
68775,60,103,-43,43
68776,162,150,12,12
68777,98,92,6,6
68778,134,120,14,14
68779,147,152,-5,5
68780,113,122,-9,9
68781,79,83,-4,4
68782,76,69,7,7
68783,72,81,-9,9
68784,59,70,-11,11
68785,151,149,2,2
68786,114,113,1,1
68787,71,72,-1,1
68788,146,142,4,4
68789,83,80,3,3
68790,65,68,-3,3
68791,60,71,-11,11
68792,113,103,10,10
68793,146,139,7,7
68794,103,109,-6,6
68795,123,118,5,5
68796,59,65,-6,6
68797,158,146,12,12
68798,114,102,12,12
68799,133,128,5,5
68800,151,148,3,3
68801,41,43,-2,2
68802,80,82,-2,2
68803,71,68,3,3
68804,88,93,-5,5
68805,94,110,-16,16
68806,41,65,-24,24
68807,129,153,-24,24
68808,126,124,2,2
68809,132,118,14,14
68810,38,46,-8,8
68811,81,81,0,0
68812,97,106,-9,9
68813,99,95,4,4
68814,159,158,1,1
68815,113,114,-1,1
68816,42,59,-17,17
68817,176,172,4,4
68818,96,86,10,10
68819,122,122,0,0
68820,134,141,-7,7
68821,63,62,1,1
68822,81,85,-4,4
68823,94,100,-6,6
68824,122,115,7,7
68825,99,90,9,9
68826,103,111,-8,8
68827,77,106,-29,29
68828,90,101,-11,11
68829,139,125,14,14
68830,74,87,-13,13
68831,83,88,-5,5
68832,84,85,-1,1
68833,108,104,4,4
68834,80,83,-3,3
68835,117,122,-5,5
68836,81,76,5,5
68837,73,73,0,0
68838,146,142,4,4
68839,83,84,-1,1
68840,71,71,0,0
68841,99,110,-11,11
68842,52,69,-17,17
68843,97,107,-10,10
68844,80,86,-6,6
68845,112,116,-4,4
68846,57,64,-7,7
68847,105,108,-3,3
68848,145,160,-15,15
68849,104,95,9,9
68850,94,85,9,9
68851,109,111,-2,2
68852,73,74,-1,1
68853,54,57,-3,3
68854,99,97,2,2
68855,204,207,-3,3
68856,42,50,-8,8
68857,40,44,-4,4
68858,61,57,4,4
68859,98,101,-3,3
68860,88,95,-7,7
68861,107,122,-15,15
68862,101,109,-8,8
68863,156,155,1,1
68864,43,51,-8,8
68865,85,85,0,0
68866,130,123,7,7
68867,49,60,-11,11
68868,82,79,3,3
68869,105,105,0,0
68870,141,155,-14,14
68871,124,133,-9,9
68872,149,171,-22,22
68873,61,60,1,1
68874,163,163,0,0
68875,94,102,-8,8
68876,64,81,-17,17
68877,129,145,-16,16
68878,71,72,-1,1
68879,95,103,-8,8
68880,106,115,-9,9
68881,103,84,19,19
68882,81,78,3,3
68883,89,89,0,0
68884,144,139,5,5
68885,64,66,-2,2
68886,37,114,-77,77
68887,87,80,7,7
68888,34,35,-1,1
68889,94,101,-7,7
68890,84,88,-4,4
68891,76,75,1,1
68892,79,78,1,1
68893,96,102,-6,6
68894,99,100,-1,1
68895,102,103,-1,1
68896,66,64,2,2
68897,96,85,11,11
68898,75,78,-3,3
68899,98,90,8,8
68900,75,75,0,0
68901,106,103,3,3
68902,85,85,0,0
68903,104,121,-17,17
68904,83,95,-12,12
68905,92,91,1,1
68906,110,129,-19,19
68907,89,106,-17,17
68908,148,145,3,3
68909,105,101,4,4
68910,90,86,4,4
68911,42,61,-19,19
68912,102,108,-6,6
68913,142,142,0,0
68914,122,122,0,0
68915,109,116,-7,7
68916,101,115,-14,14
68917,89,97,-8,8
68918,118,102,16,16
68919,146,136,10,10
68920,100,103,-3,3
68921,99,93,6,6
68922,62,59,3,3
68923,84,80,4,4
68924,62,71,-9,9
68925,190,184,6,6
68926,105,113,-8,8
68927,101,101,0,0
68928,69,77,-8,8
68929,105,98,7,7
68930,135,138,-3,3
68931,162,180,-18,18
68932,96,97,-1,1
68933,80,77,3,3
68934,83,89,-6,6
68935,133,130,3,3
68936,77,67,10,10
68937,130,126,4,4
68938,143,174,-31,31
68939,83,92,-9,9
68940,77,74,3,3
68941,148,144,4,4
68942,88,85,3,3
68943,47,56,-9,9
68944,66,67,-1,1
68945,54,64,-10,10
68946,97,95,2,2
68947,80,82,-2,2
68948,51,73,-22,22
68949,122,131,-9,9
68950,134,124,10,10
68951,152,149,3,3
68952,96,100,-4,4
68953,75,82,-7,7
68954,143,146,-3,3
68955,164,174,-10,10
68956,99,99,0,0
68957,149,161,-12,12
68958,126,121,5,5
68959,90,81,9,9
68960,102,109,-7,7
68961,18,49,-31,31
68962,103,104,-1,1
68963,130,125,5,5
68964,67,70,-3,3
68965,69,62,7,7
68966,84,80,4,4
68967,122,126,-4,4
68968,103,96,7,7
68969,65,58,7,7
68970,111,118,-7,7
68971,177,171,6,6
68972,64,70,-6,6
68973,159,156,3,3
68974,123,110,13,13
68975,67,69,-2,2
68976,138,140,-2,2
68977,88,102,-14,14
68978,94,112,-18,18
68979,114,109,5,5
68980,81,81,0,0
68981,68,67,1,1
68982,214,207,7,7
68983,145,133,12,12
68984,54,61,-7,7
68985,100,88,12,12
68986,146,149,-3,3
68987,213,197,16,16
68988,106,116,-10,10
68989,57,51,6,6
68990,128,130,-2,2
68991,97,101,-4,4
68992,90,101,-11,11
68993,102,102,0,0
68994,153,146,7,7
68995,84,84,0,0
68996,27,56,-29,29
68997,51,49,2,2
68998,73,83,-10,10
68999,86,84,2,2
69000,77,78,-1,1
69001,154,148,6,6
69002,107,101,6,6
69003,173,181,-8,8
69004,80,87,-7,7
69005,92,89,3,3
69006,86,85,1,1
69007,70,72,-2,2
69008,116,128,-12,12
69009,79,80,-1,1
69010,101,103,-2,2
69011,138,142,-4,4
69012,125,111,14,14
69013,65,67,-2,2
69014,82,83,-1,1
69015,88,89,-1,1
69016,40,47,-7,7
69017,104,110,-6,6
69018,111,111,0,0
69019,81,78,3,3
69020,67,83,-16,16
69021,91,97,-6,6
69022,135,137,-2,2
69023,155,178,-23,23
69024,89,86,3,3
69025,58,70,-12,12
69026,137,129,8,8
69027,69,73,-4,4
69028,84,92,-8,8
69029,110,101,9,9
69030,68,103,-35,35
69031,126,114,12,12
69032,185,153,32,32
69033,64,69,-5,5
69034,119,121,-2,2
69035,133,134,-1,1
69036,96,95,1,1
69037,54,58,-4,4
69038,90,89,1,1
69039,75,74,1,1
69040,123,131,-8,8
69041,91,92,-1,1
69042,114,114,0,0
69043,49,88,-39,39
69044,119,123,-4,4
69045,78,82,-4,4
69046,105,104,1,1
69047,113,112,1,1
69048,75,69,6,6
69049,162,163,-1,1
69050,62,62,0,0
69051,93,80,13,13
69052,67,57,10,10
69053,118,115,3,3
69054,76,77,-1,1
69055,132,124,8,8
69056,43,53,-10,10
69057,69,71,-2,2
69058,99,97,2,2
69059,81,82,-1,1
69060,103,103,0,0
69061,87,81,6,6
69062,88,88,0,0
69063,92,90,2,2
69064,102,99,3,3
69065,53,51,2,2
69066,80,81,-1,1
69067,86,88,-2,2
69068,107,111,-4,4
69069,165,184,-19,19
69070,43,48,-5,5
69071,84,83,1,1
69072,129,120,9,9
69073,135,128,7,7
69074,32,65,-33,33
69075,49,54,-5,5
69076,91,94,-3,3
69077,72,70,2,2
69078,85,93,-8,8
69079,75,82,-7,7
69080,95,126,-31,31
69081,132,129,3,3
69082,98,109,-11,11
69083,34,41,-7,7
69084,114,112,2,2
69085,104,99,5,5
69086,111,103,8,8
69087,59,57,2,2
69088,38,43,-5,5
69089,45,45,0,0
69090,160,180,-20,20
69091,87,92,-5,5
69092,78,88,-10,10
69093,180,157,23,23
69094,112,124,-12,12
69095,99,103,-4,4
69096,77,78,-1,1
69097,64,77,-13,13
69098,93,83,10,10
69099,135,153,-18,18
69100,80,85,-5,5
69101,105,92,13,13
69102,93,99,-6,6
69103,97,96,1,1
69104,93,108,-15,15
69105,126,119,7,7
69106,100,103,-3,3
69107,93,96,-3,3
69108,116,120,-4,4
69109,89,89,0,0
69110,72,90,-18,18
69111,158,142,16,16
69112,107,94,13,13
69113,57,62,-5,5
69114,95,99,-4,4
69115,199,195,4,4
69116,98,102,-4,4
69117,50,63,-13,13
69118,72,74,-2,2
69119,86,79,7,7
69120,36,54,-18,18
69121,77,65,12,12
69122,144,154,-10,10
69123,101,121,-20,20
69124,141,146,-5,5
69125,136,137,-1,1
69126,81,86,-5,5
69127,96,126,-30,30
69128,92,92,0,0
69129,37,49,-12,12
69130,117,120,-3,3
69131,96,90,6,6
69132,120,139,-19,19
69133,58,66,-8,8
69134,147,133,14,14
69135,60,61,-1,1
69136,85,84,1,1
69137,71,71,0,0
69138,74,73,1,1
69139,98,96,2,2
69140,59,68,-9,9
69141,77,81,-4,4
69142,77,87,-10,10
69143,76,82,-6,6
69144,52,59,-7,7
69145,116,112,4,4
69146,78,83,-5,5
69147,74,79,-5,5
69148,124,127,-3,3
69149,58,51,7,7
69150,86,85,1,1
69151,132,129,3,3
69152,108,98,10,10
69153,38,52,-14,14
69154,138,140,-2,2
69155,74,80,-6,6
69156,73,75,-2,2
69157,95,87,8,8
69158,129,117,12,12
69159,102,97,5,5
69160,112,112,0,0
69161,141,141,0,0
69162,76,79,-3,3
69163,142,144,-2,2
69164,72,76,-4,4
69165,163,159,4,4
69166,122,123,-1,1
69167,44,42,2,2
69168,104,99,5,5
69169,72,87,-15,15
69170,60,65,-5,5
69171,69,69,0,0
69172,113,108,5,5
69173,89,101,-12,12
69174,42,54,-12,12
69175,146,150,-4,4
69176,147,132,15,15
69177,132,152,-20,20
69178,107,103,4,4
69179,77,81,-4,4
69180,102,99,3,3
69181,153,145,8,8
69182,56,47,9,9
69183,105,112,-7,7
69184,129,133,-4,4
69185,99,99,0,0
69186,55,55,0,0
69187,102,119,-17,17
69188,102,97,5,5
69189,111,113,-2,2
69190,123,133,-10,10
69191,62,69,-7,7
69192,152,165,-13,13
69193,89,72,17,17
69194,94,91,3,3
69195,35,52,-17,17
69196,94,98,-4,4
69197,110,118,-8,8
69198,175,178,-3,3
69199,105,99,6,6
69200,42,50,-8,8
69201,152,149,3,3
69202,149,136,13,13
69203,207,197,10,10
69204,152,165,-13,13
69205,88,103,-15,15
69206,94,92,2,2
69207,76,66,10,10
69208,84,85,-1,1
69209,87,86,1,1
69210,59,73,-14,14
69211,112,113,-1,1
69212,110,111,-1,1
69213,136,121,15,15
69214,81,89,-8,8
69215,177,168,9,9
69216,120,125,-5,5
69217,86,101,-15,15
69218,57,63,-6,6
69219,100,84,16,16
69220,134,139,-5,5
69221,75,72,3,3
69222,88,84,4,4
69223,82,86,-4,4
69224,54,57,-3,3
69225,74,67,7,7
69226,50,53,-3,3
69227,125,114,11,11
69228,85,90,-5,5
69229,148,141,7,7
69230,88,100,-12,12
69231,58,75,-17,17
69232,124,117,7,7
69233,129,135,-6,6
69234,100,99,1,1
69235,76,75,1,1
69236,86,81,5,5
69237,57,68,-11,11
69238,84,85,-1,1
69239,103,97,6,6
69240,87,86,1,1
69241,114,119,-5,5
69242,58,62,-4,4
69243,100,98,2,2
69244,92,75,17,17
69245,78,83,-5,5
69246,73,84,-11,11
69247,73,77,-4,4
69248,106,108,-2,2
69249,135,144,-9,9
69250,95,113,-18,18
69251,75,81,-6,6
69252,116,127,-11,11
69253,58,57,1,1
69254,135,131,4,4
69255,75,75,0,0
69256,51,54,-3,3
69257,69,73,-4,4
69258,97,114,-17,17
69259,73,76,-3,3
69260,91,96,-5,5
69261,156,155,1,1
69262,67,70,-3,3
69263,77,70,7,7
69264,133,139,-6,6
69265,129,155,-26,26
69266,110,107,3,3
69267,121,140,-19,19
69268,150,142,8,8
69269,89,90,-1,1
69270,71,93,-22,22
69271,119,108,11,11
69272,70,81,-11,11
69273,121,125,-4,4
69274,116,122,-6,6
69275,123,127,-4,4
69276,95,88,7,7
69277,70,65,5,5
69278,111,102,9,9
69279,113,106,7,7
69280,92,77,15,15
69281,52,62,-10,10
69282,114,112,2,2
69283,106,109,-3,3
69284,102,120,-18,18
69285,72,83,-11,11
69286,134,92,42,42
69287,101,100,1,1
69288,134,131,3,3
69289,111,114,-3,3
69290,99,104,-5,5
69291,98,101,-3,3
69292,94,97,-3,3
69293,44,54,-10,10
69294,92,96,-4,4
69295,81,76,5,5
69296,74,75,-1,1
69297,51,61,-10,10
69298,135,134,1,1
69299,34,44,-10,10
69300,151,165,-14,14
69301,64,63,1,1
69302,105,107,-2,2
69303,117,106,11,11
69304,88,89,-1,1
69305,100,106,-6,6
69306,88,85,3,3
69307,84,91,-7,7
69308,189,193,-4,4
69309,45,52,-7,7
69310,64,76,-12,12
69311,94,98,-4,4
69312,199,186,13,13
69313,80,74,6,6
69314,105,110,-5,5
69315,112,94,18,18
69316,59,68,-9,9
69317,54,61,-7,7
69318,123,122,1,1
69319,59,69,-10,10
69320,186,179,7,7
69321,110,107,3,3
69322,117,107,10,10
69323,82,89,-7,7
69324,202,180,22,22
69325,129,113,16,16
69326,91,92,-1,1
69327,131,114,17,17
69328,117,115,2,2
69329,82,78,4,4
69330,78,83,-5,5
69331,129,131,-2,2
69332,46,44,2,2
69333,122,130,-8,8
69334,124,109,15,15
69335,186,198,-12,12
69336,103,100,3,3
69337,112,123,-11,11
69338,135,147,-12,12
69339,68,80,-12,12
69340,110,111,-1,1
69341,57,56,1,1
69342,144,138,6,6
69343,115,104,11,11
69344,143,151,-8,8
69345,75,86,-11,11
69346,69,63,6,6
69347,140,125,15,15
69348,93,99,-6,6
69349,74,72,2,2
69350,165,174,-9,9
69351,77,82,-5,5
69352,57,63,-6,6
69353,87,111,-24,24
69354,123,126,-3,3
69355,78,89,-11,11
69356,120,111,9,9
69357,100,108,-8,8
69358,112,117,-5,5
69359,87,99,-12,12
69360,98,77,21,21
69361,106,89,17,17
69362,91,98,-7,7
69363,107,107,0,0
69364,67,67,0,0
69365,125,131,-6,6
69366,61,58,3,3
69367,96,98,-2,2
69368,73,75,-2,2
69369,70,68,2,2
69370,89,84,5,5
69371,114,118,-4,4
69372,74,85,-11,11
69373,133,121,12,12
69374,107,126,-19,19
69375,91,92,-1,1
69376,83,78,5,5
69377,76,76,0,0
69378,75,82,-7,7
69379,83,86,-3,3
69380,62,63,-1,1
69381,71,81,-10,10
69382,40,41,-1,1
69383,131,127,4,4
69384,138,147,-9,9
69385,43,55,-12,12
69386,76,83,-7,7
69387,128,162,-34,34
69388,62,66,-4,4
69389,128,120,8,8
69390,79,87,-8,8
69391,140,131,9,9
69392,94,107,-13,13
69393,96,96,0,0
69394,43,36,7,7
69395,159,148,11,11
69396,62,59,3,3
69397,131,127,4,4
69398,65,70,-5,5
69399,63,74,-11,11
69400,116,129,-13,13
69401,65,87,-22,22
69402,70,84,-14,14
69403,56,61,-5,5
69404,95,96,-1,1
69405,120,113,7,7
69406,93,100,-7,7
69407,92,95,-3,3
69408,101,97,4,4
69409,106,108,-2,2
69410,151,144,7,7
69411,98,100,-2,2
69412,63,62,1,1
69413,120,120,0,0
69414,93,93,0,0
69415,89,96,-7,7
69416,47,62,-15,15
69417,92,105,-13,13
69418,95,90,5,5
69419,90,84,6,6
69420,116,111,5,5
69421,88,78,10,10
69422,107,116,-9,9
69423,168,183,-15,15
69424,49,49,0,0
69425,111,105,6,6
69426,76,80,-4,4
69427,89,88,1,1
69428,72,81,-9,9
69429,131,138,-7,7
69430,61,77,-16,16
69431,106,101,5,5
69432,65,70,-5,5
69433,76,82,-6,6
69434,62,96,-34,34
69435,63,64,-1,1
69436,77,75,2,2
69437,120,113,7,7
69438,109,106,3,3
69439,93,91,2,2
69440,66,66,0,0
69441,72,64,8,8
69442,94,84,10,10
69443,143,136,7,7
69444,75,81,-6,6
69445,99,102,-3,3
69446,112,113,-1,1
69447,66,67,-1,1
69448,72,67,5,5
69449,46,60,-14,14
69450,100,105,-5,5
69451,89,87,2,2
69452,101,106,-5,5
69453,63,63,0,0
69454,108,109,-1,1
69455,89,95,-6,6
69456,101,90,11,11
69457,94,94,0,0
69458,73,78,-5,5
69459,148,102,46,46
69460,142,138,4,4
69461,92,100,-8,8
69462,151,137,14,14
69463,119,123,-4,4
69464,61,65,-4,4
69465,124,133,-9,9
69466,46,56,-10,10
69467,67,84,-17,17
69468,46,62,-16,16
69469,81,85,-4,4
69470,104,112,-8,8
69471,47,60,-13,13
69472,88,87,1,1
69473,115,92,23,23
69474,92,109,-17,17
69475,100,84,16,16
69476,141,137,4,4
69477,107,111,-4,4
69478,127,105,22,22
69479,117,129,-12,12
69480,72,79,-7,7
69481,81,87,-6,6
69482,100,138,-38,38
69483,84,107,-23,23
69484,70,70,0,0
69485,152,145,7,7
69486,32,31,1,1
69487,121,129,-8,8
69488,69,73,-4,4
69489,63,70,-7,7
69490,76,75,1,1
69491,81,84,-3,3
69492,106,102,4,4
69493,69,78,-9,9
69494,54,55,-1,1
69495,92,93,-1,1
69496,61,67,-6,6
69497,141,138,3,3
69498,78,77,1,1
69499,124,148,-24,24
69500,94,92,2,2
69501,66,70,-4,4
69502,156,176,-20,20
69503,80,101,-21,21
69504,84,90,-6,6
69505,161,166,-5,5
69506,106,104,2,2
69507,98,86,12,12
69508,108,105,3,3
69509,109,106,3,3
69510,85,80,5,5
69511,74,87,-13,13
69512,74,77,-3,3
69513,88,97,-9,9
69514,128,129,-1,1
69515,93,97,-4,4
69516,140,133,7,7
69517,109,107,2,2
69518,58,60,-2,2
69519,73,76,-3,3
69520,86,89,-3,3
69521,94,89,5,5
69522,332,330,2,2
69523,112,107,5,5
69524,48,50,-2,2
69525,73,79,-6,6
69526,116,114,2,2
69527,105,90,15,15
69528,65,72,-7,7
69529,108,105,3,3
69530,83,87,-4,4
69531,81,91,-10,10
69532,155,162,-7,7
69533,110,99,11,11
69534,120,116,4,4
69535,92,87,5,5
69536,152,141,11,11
69537,131,143,-12,12
69538,48,59,-11,11
69539,68,71,-3,3
69540,74,74,0,0
69541,86,100,-14,14
69542,148,160,-12,12
69543,188,183,5,5
69544,79,90,-11,11
69545,125,128,-3,3
69546,95,86,9,9
69547,63,61,2,2
69548,78,69,9,9
69549,116,117,-1,1
69550,83,89,-6,6
69551,68,71,-3,3
69552,104,89,15,15
69553,107,105,2,2
69554,93,90,3,3
69555,115,114,1,1
69556,105,78,27,27
69557,76,98,-22,22
69558,129,117,12,12
69559,53,49,4,4
69560,78,84,-6,6
69561,108,86,22,22
69562,39,47,-8,8
69563,81,77,4,4
69564,122,135,-13,13
69565,74,66,8,8
69566,63,63,0,0
69567,115,113,2,2
69568,119,128,-9,9
69569,130,126,4,4
69570,103,130,-27,27
69571,107,122,-15,15
69572,69,83,-14,14
69573,130,121,9,9
69574,98,117,-19,19
69575,126,116,10,10
69576,119,114,5,5
69577,86,94,-8,8
69578,211,206,5,5
69579,82,88,-6,6
69580,64,59,5,5
69581,96,81,15,15
69582,63,64,-1,1
69583,102,104,-2,2
69584,119,123,-4,4
69585,82,96,-14,14
69586,119,114,5,5
69587,64,63,1,1
69588,48,47,1,1
69589,140,140,0,0
69590,112,110,2,2
69591,93,109,-16,16
69592,88,89,-1,1
69593,93,92,1,1
69594,60,58,2,2
69595,66,67,-1,1
69596,48,49,-1,1
69597,101,94,7,7
69598,54,57,-3,3
69599,99,99,0,0
69600,81,82,-1,1
69601,155,153,2,2
69602,80,75,5,5
69603,69,69,0,0
69604,65,78,-13,13
69605,81,87,-6,6
69606,100,109,-9,9
69607,89,103,-14,14
69608,86,86,0,0
69609,107,116,-9,9
69610,61,67,-6,6
69611,59,59,0,0
69612,51,53,-2,2
69613,147,160,-13,13
69614,127,115,12,12
69615,130,142,-12,12
69616,53,47,6,6
69617,117,98,19,19
69618,132,129,3,3
69619,119,116,3,3
69620,107,96,11,11
69621,79,99,-20,20
69622,157,162,-5,5
69623,125,114,11,11
69624,60,68,-8,8
69625,79,65,14,14
69626,80,87,-7,7
69627,151,141,10,10
69628,109,110,-1,1
69629,64,64,0,0
69630,111,103,8,8
69631,44,67,-23,23
69632,95,84,11,11
69633,137,133,4,4
69634,121,109,12,12
69635,51,56,-5,5
69636,53,73,-20,20
69637,93,96,-3,3
69638,91,98,-7,7
69639,125,125,0,0
69640,59,73,-14,14
69641,63,58,5,5
69642,111,99,12,12
69643,117,123,-6,6
69644,74,71,3,3
69645,117,126,-9,9
69646,65,60,5,5
69647,100,107,-7,7
69648,227,234,-7,7
69649,145,162,-17,17
69650,82,85,-3,3
69651,93,78,15,15
69652,120,132,-12,12
69653,122,114,8,8
69654,121,117,4,4
69655,106,96,10,10
69656,95,107,-12,12
69657,71,75,-4,4
69658,64,78,-14,14
69659,103,105,-2,2
69660,66,84,-18,18
69661,60,62,-2,2
69662,85,83,2,2
69663,110,117,-7,7
69664,109,115,-6,6
69665,80,90,-10,10
69666,80,74,6,6
69667,147,151,-4,4
69668,107,118,-11,11
69669,61,73,-12,12
69670,163,165,-2,2
69671,60,58,2,2
69672,85,83,2,2
69673,152,158,-6,6
69674,90,89,1,1
69675,81,81,0,0
69676,76,74,2,2
69677,95,96,-1,1
69678,70,79,-9,9
69679,101,103,-2,2
69680,65,62,3,3
69681,78,88,-10,10
69682,94,96,-2,2
69683,69,71,-2,2
69684,161,173,-12,12
69685,97,105,-8,8
69686,66,72,-6,6
69687,171,169,2,2
69688,93,83,10,10
69689,98,95,3,3
69690,101,107,-6,6
69691,97,92,5,5
69692,74,82,-8,8
69693,88,76,12,12
69694,184,179,5,5
69695,74,78,-4,4
69696,65,74,-9,9
69697,193,190,3,3
69698,103,98,5,5
69699,57,62,-5,5
69700,113,133,-20,20
69701,145,171,-26,26
69702,60,61,-1,1
69703,128,141,-13,13
69704,89,93,-4,4
69705,80,77,3,3
69706,79,79,0,0
69707,114,121,-7,7
69708,200,203,-3,3
69709,133,135,-2,2
69710,114,113,1,1
69711,125,117,8,8
69712,82,82,0,0
69713,90,82,8,8
69714,95,92,3,3
69715,140,155,-15,15
69716,96,100,-4,4
69717,186,190,-4,4
69718,89,105,-16,16
69719,57,55,2,2
69720,76,83,-7,7
69721,64,62,2,2
69722,138,132,6,6
69723,97,82,15,15
69724,95,101,-6,6
69725,157,162,-5,5
69726,76,76,0,0
69727,77,79,-2,2
69728,110,109,1,1
69729,191,186,5,5
69730,70,67,3,3
69731,100,115,-15,15
69732,98,107,-9,9
69733,64,70,-6,6
69734,106,102,4,4
69735,95,98,-3,3
69736,70,87,-17,17
69737,132,117,15,15
69738,43,46,-3,3
69739,177,138,39,39
69740,59,56,3,3
69741,42,51,-9,9
69742,40,56,-16,16
69743,82,36,46,46
69744,79,90,-11,11
69745,62,78,-16,16
69746,108,99,9,9
69747,103,115,-12,12
69748,92,96,-4,4
69749,63,68,-5,5
69750,65,71,-6,6
69751,144,156,-12,12
69752,92,99,-7,7
69753,129,124,5,5
69754,137,145,-8,8
69755,122,132,-10,10
69756,48,63,-15,15
69757,85,66,19,19
69758,90,100,-10,10
69759,82,74,8,8
69760,112,107,5,5
69761,85,88,-3,3
69762,91,86,5,5
69763,78,83,-5,5
69764,69,74,-5,5
69765,121,112,9,9
69766,68,81,-13,13
69767,131,131,0,0
69768,89,83,6,6
69769,93,94,-1,1
69770,54,44,10,10
69771,136,143,-7,7
69772,35,83,-48,48
69773,178,166,12,12
69774,105,99,6,6
69775,145,152,-7,7
69776,75,84,-9,9
69777,117,110,7,7
69778,63,83,-20,20
69779,132,136,-4,4
69780,100,115,-15,15
69781,67,69,-2,2
69782,47,50,-3,3
69783,128,114,14,14
69784,119,125,-6,6
69785,119,123,-4,4
69786,93,87,6,6
69787,121,124,-3,3
69788,79,77,2,2
69789,166,155,11,11
69790,87,76,11,11
69791,85,89,-4,4
69792,80,83,-3,3
69793,68,67,1,1
69794,131,138,-7,7
69795,124,124,0,0
69796,146,158,-12,12
69797,71,68,3,3
69798,89,98,-9,9
69799,60,65,-5,5
69800,64,66,-2,2
69801,63,71,-8,8
69802,61,65,-4,4
69803,119,84,35,35
69804,83,88,-5,5
69805,96,103,-7,7
69806,116,137,-21,21
69807,122,123,-1,1
69808,102,93,9,9
69809,85,91,-6,6
69810,129,137,-8,8
69811,109,104,5,5
69812,41,49,-8,8
69813,95,108,-13,13
69814,131,117,14,14
69815,98,81,17,17
69816,105,100,5,5
69817,35,43,-8,8
69818,65,65,0,0
69819,69,63,6,6
69820,72,64,8,8
69821,101,104,-3,3
69822,86,87,-1,1
69823,103,107,-4,4
69824,110,102,8,8
69825,77,79,-2,2
69826,98,96,2,2
69827,107,105,2,2
69828,72,84,-12,12
69829,109,112,-3,3
69830,68,59,9,9
69831,64,59,5,5
69832,158,161,-3,3
69833,112,128,-16,16
69834,71,82,-11,11
69835,119,115,4,4
69836,63,64,-1,1
69837,66,73,-7,7
69838,90,86,4,4
69839,114,119,-5,5
69840,81,87,-6,6
69841,136,129,7,7
69842,92,96,-4,4
69843,46,54,-8,8
69844,48,52,-4,4
69845,99,91,8,8
69846,63,64,-1,1
69847,113,113,0,0
69848,77,79,-2,2
69849,95,81,14,14
69850,95,95,0,0
69851,92,100,-8,8
69852,77,79,-2,2
69853,108,108,0,0
69854,80,80,0,0
69855,106,107,-1,1
69856,193,203,-10,10
69857,138,129,9,9
69858,146,147,-1,1
69859,146,154,-8,8
69860,121,115,6,6
69861,134,125,9,9
69862,92,93,-1,1
69863,109,107,2,2
69864,94,110,-16,16
69865,96,99,-3,3
69866,105,122,-17,17
69867,124,129,-5,5
69868,101,99,2,2
69869,63,61,2,2
69870,91,94,-3,3
69871,75,80,-5,5
69872,89,92,-3,3
69873,134,138,-4,4
69874,130,123,7,7
69875,71,83,-12,12
69876,152,165,-13,13
69877,79,67,12,12
69878,82,72,10,10
69879,80,76,4,4
69880,51,58,-7,7
69881,134,138,-4,4
69882,120,112,8,8
69883,88,87,1,1
69884,66,73,-7,7
69885,40,45,-5,5
69886,81,70,11,11
69887,125,123,2,2
69888,57,59,-2,2
69889,127,122,5,5
69890,70,66,4,4
69891,144,99,45,45
69892,100,115,-15,15
69893,190,181,9,9
69894,79,82,-3,3
69895,95,83,12,12
69896,86,78,8,8
69897,75,69,6,6
69898,108,104,4,4
69899,74,75,-1,1
69900,110,122,-12,12
69901,121,118,3,3
69902,75,79,-4,4
69903,193,177,16,16
69904,102,102,0,0
69905,83,95,-12,12
69906,161,161,0,0
69907,43,77,-34,34
69908,157,188,-31,31
69909,152,165,-13,13
69910,166,155,11,11
69911,61,59,2,2
69912,123,120,3,3
69913,77,70,7,7
69914,76,73,3,3
69915,103,116,-13,13
69916,73,71,2,2
69917,94,90,4,4
69918,71,80,-9,9
69919,69,89,-20,20
69920,46,58,-12,12
69921,59,61,-2,2
69922,109,103,6,6
69923,166,177,-11,11
69924,65,67,-2,2
69925,97,92,5,5
69926,170,161,9,9
69927,76,80,-4,4
69928,79,81,-2,2
69929,84,98,-14,14
69930,36,33,3,3
69931,149,154,-5,5
69932,61,61,0,0
69933,109,107,2,2
69934,160,147,13,13
69935,96,90,6,6
69936,139,147,-8,8
69937,59,58,1,1
69938,52,58,-6,6
69939,148,128,20,20
69940,90,80,10,10
69941,68,61,7,7
69942,60,72,-12,12
69943,110,110,0,0
69944,80,96,-16,16
69945,37,38,-1,1
69946,75,86,-11,11
69947,62,73,-11,11
69948,66,69,-3,3
69949,99,114,-15,15
69950,105,95,10,10
69951,165,165,0,0
69952,164,172,-8,8
69953,93,92,1,1
69954,58,77,-19,19
69955,93,89,4,4
69956,37,40,-3,3
69957,68,79,-11,11
69958,122,127,-5,5
69959,36,56,-20,20
69960,109,116,-7,7
69961,111,105,6,6
69962,39,40,-1,1
69963,139,143,-4,4
69964,109,113,-4,4
69965,169,174,-5,5
69966,138,138,0,0
69967,104,132,-28,28
69968,170,178,-8,8
69969,66,68,-2,2
69970,154,160,-6,6
69971,46,61,-15,15
69972,136,112,24,24
69973,81,80,1,1
69974,390,349,41,41
69975,88,83,5,5
69976,66,82,-16,16
69977,69,73,-4,4
69978,48,55,-7,7
69979,136,125,11,11
69980,85,85,0,0
69981,73,73,0,0
69982,128,147,-19,19
69983,90,95,-5,5
69984,105,105,0,0
69985,127,127,0,0
69986,102,110,-8,8
69987,111,110,1,1
69988,110,100,10,10
69989,92,91,1,1
69990,66,106,-40,40
69991,103,100,3,3
69992,111,114,-3,3
69993,120,132,-12,12
69994,96,102,-6,6
69995,141,136,5,5
69996,89,104,-15,15
69997,66,70,-4,4
69998,95,95,0,0
69999,83,92,-9,9
70000,62,62,0,0
70001,136,151,-15,15
70002,99,96,3,3
70003,78,74,4,4
70004,79,88,-9,9
70005,86,83,3,3
70006,70,65,5,5
70007,128,136,-8,8
70008,100,94,6,6
70009,116,110,6,6
70010,165,192,-27,27
70011,125,118,7,7
70012,63,64,-1,1
70013,93,104,-11,11
70014,135,127,8,8
70015,61,60,1,1
70016,55,64,-9,9
70017,95,93,2,2
70018,98,90,8,8
70019,54,57,-3,3
70020,85,96,-11,11
70021,96,106,-10,10
70022,132,113,19,19
70023,81,85,-4,4
70024,57,64,-7,7
70025,71,67,4,4
70026,92,90,2,2
70027,99,89,10,10
70028,87,85,2,2
70029,116,96,20,20
70030,46,57,-11,11
70031,29,44,-15,15
70032,163,180,-17,17
70033,110,103,7,7
70034,68,70,-2,2
70035,62,64,-2,2
70036,60,58,2,2
70037,91,99,-8,8
70038,35,51,-16,16
70039,61,65,-4,4
70040,101,87,14,14
70041,135,134,1,1
70042,169,179,-10,10
70043,122,112,10,10
70044,182,196,-14,14
70045,86,92,-6,6
70046,121,111,10,10
70047,65,64,1,1
70048,84,82,2,2
70049,98,90,8,8
70050,61,63,-2,2
70051,71,71,0,0
70052,54,58,-4,4
70053,130,113,17,17
70054,47,51,-4,4
70055,78,72,6,6
70056,83,76,7,7
70057,119,111,8,8
70058,86,77,9,9
70059,92,97,-5,5
70060,76,70,6,6
70061,80,87,-7,7
70062,103,99,4,4
70063,113,115,-2,2
70064,79,85,-6,6
70065,68,73,-5,5
70066,115,116,-1,1
70067,62,69,-7,7
70068,107,119,-12,12
70069,115,106,9,9
70070,138,148,-10,10
70071,115,131,-16,16
70072,117,109,8,8
70073,92,141,-49,49
70074,122,118,4,4
70075,54,55,-1,1
70076,76,77,-1,1
70077,96,92,4,4
70078,57,69,-12,12
70079,108,107,1,1
70080,104,105,-1,1
70081,107,105,2,2
70082,66,58,8,8
70083,57,66,-9,9
70084,72,73,-1,1
70085,63,97,-34,34
70086,119,120,-1,1
70087,123,117,6,6
70088,86,85,1,1
70089,121,104,17,17
70090,72,65,7,7
70091,70,76,-6,6
70092,84,78,6,6
70093,72,79,-7,7
70094,61,53,8,8
70095,128,114,14,14
70096,90,92,-2,2
70097,138,157,-19,19
70098,80,88,-8,8
70099,134,110,24,24
70100,135,142,-7,7
70101,108,95,13,13
70102,114,111,3,3
70103,87,87,0,0
70104,29,51,-22,22
70105,84,94,-10,10
70106,139,138,1,1
70107,126,115,11,11
70108,61,64,-3,3
70109,22,29,-7,7
70110,61,67,-6,6
70111,74,86,-12,12
70112,120,120,0,0
70113,69,66,3,3
70114,61,69,-8,8
70115,88,103,-15,15
70116,102,110,-8,8
70117,107,110,-3,3
70118,103,104,-1,1
70119,89,97,-8,8
70120,134,140,-6,6
70121,52,68,-16,16
70122,63,89,-26,26
70123,116,96,20,20
70124,123,141,-18,18
70125,101,97,4,4
70126,58,60,-2,2
70127,95,97,-2,2
70128,66,67,-1,1
70129,69,75,-6,6
70130,107,107,0,0
70131,118,128,-10,10
70132,155,144,11,11
70133,75,72,3,3
70134,103,93,10,10
70135,81,79,2,2
70136,94,93,1,1
70137,64,64,0,0
70138,135,139,-4,4
70139,116,143,-27,27
70140,213,200,13,13
70141,87,92,-5,5
70142,109,132,-23,23
70143,149,146,3,3
70144,81,97,-16,16
70145,78,81,-3,3
70146,62,59,3,3
70147,73,78,-5,5
70148,68,61,7,7
70149,103,88,15,15
70150,121,114,7,7
70151,165,153,12,12
70152,105,100,5,5
70153,71,60,11,11
70154,139,150,-11,11
70155,75,100,-25,25
70156,146,160,-14,14
70157,88,94,-6,6
70158,184,190,-6,6
70159,122,117,5,5
70160,50,66,-16,16
70161,98,106,-8,8
70162,28,59,-31,31
70163,68,60,8,8
70164,34,47,-13,13
70165,88,78,10,10
70166,87,96,-9,9
70167,91,87,4,4
70168,97,95,2,2
70169,93,91,2,2
70170,46,48,-2,2
70171,63,62,1,1
70172,54,55,-1,1
70173,68,72,-4,4
70174,100,117,-17,17
70175,51,55,-4,4
70176,92,99,-7,7
70177,111,122,-11,11
70178,66,63,3,3
70179,60,72,-12,12
70180,66,67,-1,1
70181,130,117,13,13
70182,125,120,5,5
70183,134,137,-3,3
70184,139,146,-7,7
70185,105,110,-5,5
70186,70,71,-1,1
70187,106,101,5,5
70188,146,136,10,10
70189,144,142,2,2
70190,108,130,-22,22
70191,77,78,-1,1
70192,99,96,3,3
70193,79,80,-1,1
70194,65,67,-2,2
70195,65,82,-17,17
70196,89,104,-15,15
70197,128,118,10,10
70198,95,126,-31,31
70199,131,134,-3,3
70200,48,57,-9,9
70201,127,119,8,8
70202,102,111,-9,9
70203,127,123,4,4
70204,53,63,-10,10
70205,148,133,15,15
70206,173,168,5,5
70207,110,111,-1,1
70208,61,71,-10,10
70209,65,70,-5,5
70210,83,92,-9,9
70211,125,132,-7,7
70212,94,90,4,4
70213,82,78,4,4
70214,95,81,14,14
70215,48,57,-9,9
70216,112,119,-7,7
70217,74,69,5,5
70218,114,115,-1,1
70219,64,71,-7,7
70220,109,109,0,0
70221,163,163,0,0
70222,136,144,-8,8
70223,218,201,17,17
70224,114,104,10,10
70225,152,151,1,1
70226,115,124,-9,9
70227,70,76,-6,6
70228,76,78,-2,2
70229,101,98,3,3
70230,122,112,10,10
70231,95,95,0,0
70232,112,151,-39,39
70233,114,119,-5,5
70234,93,88,5,5
70235,56,76,-20,20
70236,110,104,6,6
70237,97,93,4,4
70238,86,97,-11,11
70239,87,90,-3,3
70240,55,67,-12,12
70241,183,207,-24,24
70242,99,104,-5,5
70243,102,106,-4,4
70244,113,100,13,13
70245,95,95,0,0
70246,191,181,10,10
70247,82,86,-4,4
70248,55,54,1,1
70249,60,66,-6,6
70250,81,82,-1,1
70251,87,88,-1,1
70252,142,145,-3,3
70253,97,85,12,12
70254,116,101,15,15
70255,73,68,5,5
70256,87,93,-6,6
70257,102,96,6,6
70258,57,63,-6,6
70259,56,64,-8,8
70260,193,170,23,23
70261,99,102,-3,3
70262,61,71,-10,10
70263,90,90,0,0
70264,129,134,-5,5
70265,86,83,3,3
70266,68,80,-12,12
70267,106,91,15,15
70268,101,109,-8,8
70269,139,135,4,4
70270,97,110,-13,13
70271,79,85,-6,6
70272,54,63,-9,9
70273,47,61,-14,14
70274,119,116,3,3
70275,93,88,5,5
70276,70,75,-5,5
70277,109,114,-5,5
70278,55,72,-17,17
70279,127,148,-21,21
70280,76,77,-1,1
70281,35,48,-13,13
70282,66,73,-7,7
70283,72,73,-1,1
70284,91,106,-15,15
70285,128,135,-7,7
70286,123,130,-7,7
70287,129,133,-4,4
70288,106,106,0,0
70289,84,91,-7,7
70290,99,79,20,20
70291,59,55,4,4
70292,54,64,-10,10
70293,120,121,-1,1
70294,188,173,15,15
70295,83,82,1,1
70296,146,134,12,12
70297,69,69,0,0
70298,58,61,-3,3
70299,173,155,18,18
70300,131,122,9,9
70301,150,146,4,4
70302,115,115,0,0
70303,107,97,10,10
70304,131,137,-6,6
70305,101,105,-4,4
70306,105,93,12,12
70307,104,102,2,2
70308,138,137,1,1
70309,62,62,0,0
70310,88,94,-6,6
70311,44,49,-5,5
70312,116,117,-1,1
70313,84,81,3,3
70314,80,108,-28,28
70315,112,116,-4,4
70316,85,93,-8,8
70317,82,74,8,8
70318,101,112,-11,11
70319,123,97,26,26
70320,137,134,3,3
70321,112,82,30,30
70322,72,74,-2,2
70323,100,100,0,0
70324,106,101,5,5
70325,64,53,11,11
70326,115,109,6,6
70327,44,43,1,1
70328,112,112,0,0
70329,113,111,2,2
70330,203,195,8,8
70331,113,102,11,11
70332,154,162,-8,8
70333,88,94,-6,6
70334,88,105,-17,17
70335,56,59,-3,3
70336,116,114,2,2
70337,104,106,-2,2
70338,96,91,5,5
70339,99,99,0,0
70340,98,107,-9,9
70341,128,141,-13,13
70342,79,71,8,8
70343,97,107,-10,10
70344,68,80,-12,12
70345,93,84,9,9
70346,99,98,1,1
70347,68,78,-10,10
70348,83,79,4,4
70349,85,76,9,9
70350,89,101,-12,12
70351,95,93,2,2
70352,133,108,25,25
70353,86,89,-3,3
70354,94,96,-2,2
70355,63,71,-8,8
70356,134,135,-1,1
70357,79,84,-5,5
70358,55,56,-1,1
70359,82,89,-7,7
70360,60,64,-4,4
70361,63,77,-14,14
70362,179,169,10,10
70363,127,127,0,0
70364,65,71,-6,6
70365,101,107,-6,6
70366,112,111,1,1
70367,66,68,-2,2
70368,104,110,-6,6
70369,80,100,-20,20
70370,84,83,1,1
70371,57,59,-2,2
70372,55,53,2,2
70373,134,133,1,1
70374,125,120,5,5
70375,83,87,-4,4
70376,66,72,-6,6
70377,59,83,-24,24
70378,117,97,20,20
70379,103,120,-17,17
70380,101,93,8,8
70381,128,134,-6,6
70382,92,99,-7,7
70383,167,160,7,7
70384,79,84,-5,5
70385,121,119,2,2
70386,85,71,14,14
70387,80,66,14,14
70388,26,30,-4,4
70389,52,62,-10,10
70390,58,70,-12,12
70391,137,138,-1,1
70392,48,55,-7,7
70393,138,129,9,9
70394,81,66,15,15
70395,132,129,3,3
70396,111,114,-3,3
70397,115,123,-8,8
70398,129,132,-3,3
70399,125,134,-9,9
70400,138,172,-34,34
70401,51,58,-7,7
70402,131,143,-12,12
70403,164,172,-8,8
70404,107,103,4,4
70405,102,99,3,3
70406,66,71,-5,5
70407,59,63,-4,4
70408,60,57,3,3
70409,145,147,-2,2
70410,143,143,0,0
70411,121,132,-11,11
70412,98,104,-6,6
70413,107,98,9,9
70414,69,67,2,2
70415,154,163,-9,9
70416,93,106,-13,13
70417,93,89,4,4
70418,41,62,-21,21
70419,103,109,-6,6
70420,81,87,-6,6
70421,105,98,7,7
70422,60,53,7,7
70423,90,103,-13,13
70424,76,78,-2,2
70425,98,99,-1,1
70426,70,71,-1,1
70427,49,53,-4,4
70428,113,109,4,4
70429,45,60,-15,15
70430,109,106,3,3
70431,53,60,-7,7
70432,98,82,16,16
70433,70,69,1,1
70434,91,89,2,2
70435,126,120,6,6
70436,68,70,-2,2
70437,54,72,-18,18
70438,99,91,8,8
70439,85,92,-7,7
70440,85,79,6,6
70441,93,104,-11,11
70442,69,66,3,3
70443,59,62,-3,3
70444,47,60,-13,13
70445,83,84,-1,1
70446,103,109,-6,6
70447,93,91,2,2
70448,125,138,-13,13
70449,97,95,2,2
70450,103,113,-10,10
70451,79,84,-5,5
70452,103,121,-18,18
70453,132,128,4,4
70454,165,186,-21,21
70455,132,130,2,2
70456,88,87,1,1
70457,92,80,12,12
70458,75,74,1,1
70459,108,109,-1,1
70460,98,97,1,1
70461,133,139,-6,6
70462,75,69,6,6
70463,187,203,-16,16
70464,123,125,-2,2
70465,63,89,-26,26
70466,92,111,-19,19
70467,117,116,1,1
70468,98,88,10,10
70469,247,233,14,14
70470,98,100,-2,2
70471,102,100,2,2
70472,66,61,5,5
70473,62,60,2,2
70474,84,83,1,1
70475,52,57,-5,5
70476,107,102,5,5
70477,155,155,0,0
70478,118,122,-4,4
70479,150,159,-9,9
70480,112,104,8,8
70481,106,104,2,2
70482,61,61,0,0
70483,101,109,-8,8
70484,80,70,10,10
70485,65,78,-13,13
70486,86,84,2,2
70487,74,70,4,4
70488,163,149,14,14
70489,100,115,-15,15
70490,44,62,-18,18
70491,86,78,8,8
70492,119,122,-3,3
70493,80,76,4,4
70494,57,69,-12,12
70495,136,106,30,30
70496,113,119,-6,6
70497,75,79,-4,4
70498,41,81,-40,40
70499,125,144,-19,19
70500,77,61,16,16
70501,97,90,7,7
70502,159,176,-17,17
70503,43,54,-11,11
70504,47,49,-2,2
70505,53,57,-4,4
70506,141,135,6,6
70507,79,93,-14,14
70508,74,79,-5,5
70509,117,115,2,2
70510,39,51,-12,12
70511,74,83,-9,9
70512,131,142,-11,11
70513,95,96,-1,1
70514,152,135,17,17
70515,80,89,-9,9
70516,125,109,16,16
70517,114,119,-5,5
70518,113,105,8,8
70519,58,68,-10,10
70520,98,92,6,6
70521,135,133,2,2
70522,88,101,-13,13
70523,147,150,-3,3
70524,83,85,-2,2
70525,145,142,3,3
70526,144,150,-6,6
70527,142,138,4,4
70528,65,72,-7,7
70529,59,65,-6,6
70530,116,124,-8,8
70531,51,51,0,0
70532,48,54,-6,6
70533,113,120,-7,7
70534,87,74,13,13
70535,72,77,-5,5
70536,100,100,0,0
70537,66,73,-7,7
70538,106,117,-11,11
70539,128,124,4,4
70540,71,70,1,1
70541,69,77,-8,8
70542,117,139,-22,22
70543,125,129,-4,4
70544,105,103,2,2
70545,43,63,-20,20
70546,154,174,-20,20
70547,77,81,-4,4
70548,104,109,-5,5
70549,112,108,4,4
70550,84,77,7,7
70551,69,73,-4,4
70552,135,127,8,8
70553,130,118,12,12
70554,117,135,-18,18
70555,47,58,-11,11
70556,114,115,-1,1
70557,100,99,1,1
70558,129,142,-13,13
70559,59,67,-8,8
70560,159,169,-10,10
70561,61,80,-19,19
70562,51,66,-15,15
70563,92,81,11,11
70564,73,73,0,0
70565,98,79,19,19
70566,117,119,-2,2
70567,100,111,-11,11
70568,54,73,-19,19
70569,76,81,-5,5
70570,132,137,-5,5
70571,178,115,63,63
70572,91,96,-5,5
70573,127,119,8,8
70574,75,73,2,2
70575,70,71,-1,1
70576,124,125,-1,1
70577,125,135,-10,10
70578,80,84,-4,4
70579,59,60,-1,1
70580,82,89,-7,7
70581,130,132,-2,2
70582,82,90,-8,8
70583,93,84,9,9
70584,82,90,-8,8
70585,160,152,8,8
70586,83,78,5,5
70587,128,121,7,7
70588,123,111,12,12
70589,98,90,8,8
70590,104,88,16,16
70591,109,103,6,6
70592,48,49,-1,1
70593,62,68,-6,6
70594,63,56,7,7
70595,63,74,-11,11
70596,115,110,5,5
70597,94,88,6,6
70598,94,105,-11,11
70599,91,88,3,3
70600,141,147,-6,6
70601,162,163,-1,1
70602,91,97,-6,6
70603,88,91,-3,3
70604,117,135,-18,18
70605,52,56,-4,4
70606,57,65,-8,8
70607,106,93,13,13
70608,77,87,-10,10
70609,58,66,-8,8
70610,85,81,4,4
70611,110,106,4,4
70612,74,83,-9,9
70613,97,93,4,4
70614,58,62,-4,4
70615,92,99,-7,7
70616,97,102,-5,5
70617,73,73,0,0
70618,89,95,-6,6
70619,108,106,2,2
70620,129,128,1,1
70621,83,79,4,4
70622,97,96,1,1
70623,88,85,3,3
70624,88,82,6,6
70625,74,76,-2,2
70626,103,106,-3,3
70627,93,88,5,5
70628,39,45,-6,6
70629,168,169,-1,1
70630,102,90,12,12
70631,77,86,-9,9
70632,209,225,-16,16
70633,88,88,0,0
70634,88,92,-4,4
70635,95,104,-9,9
70636,113,107,6,6
70637,109,111,-2,2
70638,93,96,-3,3
70639,167,159,8,8
70640,55,74,-19,19
70641,115,118,-3,3
70642,101,109,-8,8
70643,52,61,-9,9
70644,155,156,-1,1
70645,47,55,-8,8
70646,123,137,-14,14
70647,71,66,5,5
70648,109,121,-12,12
70649,63,66,-3,3
70650,132,151,-19,19
70651,74,77,-3,3
70652,89,101,-12,12
70653,131,135,-4,4
70654,71,77,-6,6
70655,100,98,2,2
70656,76,87,-11,11
70657,67,70,-3,3
70658,121,101,20,20
70659,45,59,-14,14
70660,79,70,9,9
70661,145,147,-2,2
70662,242,222,20,20
70663,64,85,-21,21
70664,146,139,7,7
70665,80,84,-4,4
70666,135,152,-17,17
70667,94,101,-7,7
70668,88,78,10,10
70669,119,114,5,5
70670,129,121,8,8
70671,86,88,-2,2
70672,60,52,8,8
70673,148,160,-12,12
70674,43,63,-20,20
70675,41,62,-21,21
70676,272,264,8,8
70677,116,104,12,12
70678,86,85,1,1
70679,69,71,-2,2
70680,51,58,-7,7
70681,80,81,-1,1
70682,83,81,2,2
70683,108,102,6,6
70684,66,66,0,0
70685,178,187,-9,9
70686,138,142,-4,4
70687,124,109,15,15
70688,58,52,6,6
70689,93,94,-1,1
70690,135,129,6,6
70691,98,87,11,11
70692,91,83,8,8
70693,83,79,4,4
70694,192,188,4,4
70695,119,111,8,8
70696,44,51,-7,7
70697,83,89,-6,6
70698,75,79,-4,4
70699,216,216,0,0
70700,178,183,-5,5
70701,81,83,-2,2
70702,56,64,-8,8
70703,85,85,0,0
70704,87,80,7,7
70705,77,83,-6,6
70706,73,77,-4,4
70707,122,120,2,2
70708,169,156,13,13
70709,155,142,13,13
70710,111,112,-1,1
70711,37,45,-8,8
70712,116,125,-9,9
70713,107,107,0,0
70714,63,70,-7,7
70715,97,95,2,2
70716,108,96,12,12
70717,94,94,0,0
70718,56,63,-7,7
70719,49,51,-2,2
70720,87,94,-7,7
70721,110,111,-1,1
70722,89,88,1,1
70723,87,82,5,5
70724,127,129,-2,2
70725,82,91,-9,9
70726,58,58,0,0
70727,69,73,-4,4
70728,66,62,4,4
70729,62,81,-19,19
70730,80,85,-5,5
70731,62,67,-5,5
70732,46,56,-10,10
70733,48,73,-25,25
70734,77,70,7,7
70735,99,115,-16,16
70736,98,105,-7,7
70737,87,92,-5,5
70738,63,68,-5,5
70739,114,125,-11,11
70740,121,131,-10,10
70741,70,78,-8,8
70742,118,108,10,10
70743,116,121,-5,5
70744,89,94,-5,5
70745,100,99,1,1
70746,249,284,-35,35
70747,202,180,22,22
70748,152,153,-1,1
70749,140,139,1,1
70750,162,153,9,9
70751,90,87,3,3
70752,132,122,10,10
70753,79,75,4,4
70754,73,74,-1,1
70755,115,108,7,7
70756,188,189,-1,1
70757,72,73,-1,1
70758,112,111,1,1
70759,131,128,3,3
70760,128,130,-2,2
70761,125,129,-4,4
70762,133,131,2,2
70763,159,148,11,11
70764,96,90,6,6
70765,85,87,-2,2
70766,103,98,5,5
70767,74,73,1,1
70768,139,143,-4,4
70769,114,117,-3,3
70770,35,43,-8,8
70771,56,43,13,13
70772,85,91,-6,6
70773,111,99,12,12
70774,107,116,-9,9
70775,138,143,-5,5
70776,79,74,5,5
70777,89,93,-4,4
70778,97,91,6,6
70779,88,83,5,5
70780,77,93,-16,16
70781,83,80,3,3
70782,138,142,-4,4
70783,109,108,1,1
70784,58,64,-6,6
70785,65,77,-12,12
70786,97,94,3,3
70787,95,88,7,7
70788,93,97,-4,4
70789,80,85,-5,5
70790,88,83,5,5
70791,104,110,-6,6
70792,72,76,-4,4
70793,75,68,7,7
70794,88,87,1,1
70795,104,111,-7,7
70796,70,75,-5,5
70797,83,86,-3,3
70798,108,104,4,4
70799,84,80,4,4
70800,91,101,-10,10
70801,115,118,-3,3
70802,80,88,-8,8
70803,122,131,-9,9
70804,116,115,1,1
70805,119,110,9,9
70806,105,111,-6,6
70807,80,86,-6,6
70808,63,82,-19,19
70809,108,116,-8,8
70810,73,76,-3,3
70811,116,123,-7,7
70812,101,93,8,8
70813,78,78,0,0
70814,137,145,-8,8
70815,94,94,0,0
70816,63,67,-4,4
70817,122,139,-17,17
70818,145,141,4,4
70819,110,107,3,3
70820,86,86,0,0
70821,160,167,-7,7
70822,149,143,6,6
70823,93,88,5,5
70824,77,69,8,8
70825,43,51,-8,8
70826,85,91,-6,6
70827,85,78,7,7
70828,71,75,-4,4
70829,68,76,-8,8
70830,85,87,-2,2
70831,74,86,-12,12
70832,152,186,-34,34
70833,161,152,9,9
70834,130,139,-9,9
70835,83,76,7,7
70836,102,100,2,2
70837,96,107,-11,11
70838,111,114,-3,3
70839,41,45,-4,4
70840,54,55,-1,1
70841,119,116,3,3
70842,89,81,8,8
70843,105,98,7,7
70844,163,161,2,2
70845,102,105,-3,3
70846,90,89,1,1
70847,52,71,-19,19
70848,61,65,-4,4
70849,84,100,-16,16
70850,87,92,-5,5
70851,56,67,-11,11
70852,86,94,-8,8
70853,153,150,3,3
70854,130,101,29,29
70855,171,173,-2,2
70856,81,70,11,11
70857,76,74,2,2
70858,82,91,-9,9
70859,114,130,-16,16
70860,103,110,-7,7
70861,98,99,-1,1
70862,130,131,-1,1
70863,145,134,11,11
70864,66,78,-12,12
70865,136,121,15,15
70866,96,107,-11,11
70867,35,52,-17,17
70868,77,90,-13,13
70869,108,96,12,12
70870,91,108,-17,17
70871,68,77,-9,9
70872,114,118,-4,4
70873,38,42,-4,4
70874,123,107,16,16
70875,81,82,-1,1
70876,96,92,4,4
70877,89,86,3,3
70878,129,157,-28,28
70879,93,92,1,1
70880,57,65,-8,8
70881,81,77,4,4
70882,137,131,6,6
70883,83,80,3,3
70884,97,95,2,2
70885,100,100,0,0
70886,83,88,-5,5
70887,94,89,5,5
70888,87,98,-11,11
70889,154,153,1,1
70890,126,135,-9,9
70891,74,78,-4,4
70892,87,101,-14,14
70893,62,71,-9,9
70894,61,67,-6,6
70895,94,88,6,6
70896,91,85,6,6
70897,67,73,-6,6
70898,87,85,2,2
70899,58,64,-6,6
70900,126,120,6,6
70901,102,99,3,3
70902,97,103,-6,6
70903,60,60,0,0
70904,84,91,-7,7
70905,168,106,62,62
70906,89,94,-5,5
70907,60,55,5,5
70908,99,108,-9,9
70909,119,104,15,15
70910,90,92,-2,2
70911,150,154,-4,4
70912,95,104,-9,9
70913,79,80,-1,1
70914,45,43,2,2
70915,101,103,-2,2
70916,123,124,-1,1
70917,145,149,-4,4
70918,56,59,-3,3
70919,83,92,-9,9
70920,48,50,-2,2
70921,65,68,-3,3
70922,102,111,-9,9
70923,75,72,3,3
70924,194,213,-19,19
70925,55,64,-9,9
70926,61,61,0,0
70927,97,94,3,3
70928,123,129,-6,6
70929,47,52,-5,5
70930,99,114,-15,15
70931,88,89,-1,1
70932,65,68,-3,3
70933,71,71,0,0
70934,140,146,-6,6
70935,113,110,3,3
70936,70,65,5,5
70937,123,128,-5,5
70938,113,114,-1,1
70939,170,161,9,9
70940,101,105,-4,4
70941,113,106,7,7
70942,102,96,6,6
70943,74,81,-7,7
70944,73,89,-16,16
70945,90,101,-11,11
70946,62,66,-4,4
70947,104,128,-24,24
70948,119,123,-4,4
70949,71,69,2,2
70950,129,142,-13,13
70951,48,55,-7,7
70952,149,166,-17,17
70953,63,64,-1,1
70954,115,118,-3,3
70955,110,121,-11,11
70956,93,122,-29,29
70957,100,97,3,3
70958,90,94,-4,4
70959,46,52,-6,6
70960,126,116,10,10
70961,99,99,0,0
70962,65,64,1,1
70963,77,78,-1,1
70964,70,60,10,10
70965,82,96,-14,14
70966,91,100,-9,9
70967,142,138,4,4
70968,73,71,2,2
70969,146,153,-7,7
70970,106,105,1,1
70971,185,190,-5,5
70972,72,73,-1,1
70973,119,113,6,6
70974,56,65,-9,9
70975,110,109,1,1
70976,94,92,2,2
70977,79,91,-12,12
70978,50,53,-3,3
70979,86,83,3,3
70980,73,75,-2,2
70981,81,80,1,1
70982,68,78,-10,10
70983,69,74,-5,5
70984,135,125,10,10
70985,162,123,39,39
70986,107,106,1,1
70987,74,69,5,5
70988,61,68,-7,7
70989,101,95,6,6
70990,70,68,2,2
70991,101,129,-28,28
70992,61,65,-4,4
70993,103,103,0,0
70994,47,112,-65,65
70995,87,85,2,2
70996,73,76,-3,3
70997,100,91,9,9
70998,97,89,8,8
70999,75,80,-5,5
71000,77,75,2,2
71001,59,57,2,2
71002,136,143,-7,7
71003,44,50,-6,6
71004,149,138,11,11
71005,85,89,-4,4
71006,132,137,-5,5
71007,54,53,1,1
71008,98,93,5,5
71009,102,110,-8,8
71010,122,119,3,3
71011,70,77,-7,7
71012,121,110,11,11
71013,86,85,1,1
71014,99,95,4,4
71015,71,67,4,4
71016,113,107,6,6
71017,100,109,-9,9
71018,61,58,3,3
71019,69,72,-3,3
71020,103,115,-12,12
71021,122,140,-18,18
71022,90,86,4,4
71023,113,103,10,10
71024,99,110,-11,11
71025,100,87,13,13
71026,77,81,-4,4
71027,84,86,-2,2
71028,101,107,-6,6
71029,86,86,0,0
71030,43,60,-17,17
71031,73,84,-11,11
71032,128,126,2,2
71033,81,67,14,14
71034,67,62,5,5
71035,137,131,6,6
71036,77,79,-2,2
71037,52,64,-12,12
71038,103,107,-4,4
71039,107,110,-3,3
71040,101,92,9,9
71041,80,81,-1,1
71042,114,118,-4,4
71043,112,116,-4,4
71044,118,113,5,5
71045,110,111,-1,1
71046,88,89,-1,1
71047,63,86,-23,23
71048,125,115,10,10
71049,126,123,3,3
71050,68,77,-9,9
71051,59,63,-4,4
71052,69,73,-4,4
71053,90,92,-2,2
71054,108,117,-9,9
71055,80,87,-7,7
71056,63,68,-5,5
71057,52,55,-3,3
71058,72,78,-6,6
71059,76,78,-2,2
71060,92,92,0,0
71061,133,166,-33,33
71062,65,69,-4,4
71063,69,69,0,0
71064,121,119,2,2
71065,92,88,4,4
71066,67,54,13,13
71067,134,126,8,8
71068,81,79,2,2
71069,68,83,-15,15
71070,67,68,-1,1
71071,52,60,-8,8
71072,107,114,-7,7
71073,120,119,1,1
71074,133,136,-3,3
71075,150,146,4,4
71076,124,144,-20,20
71077,86,88,-2,2
71078,29,33,-4,4
71079,170,169,1,1
71080,88,87,1,1
71081,158,150,8,8
71082,58,64,-6,6
71083,129,126,3,3
71084,94,99,-5,5
71085,116,119,-3,3
71086,159,158,1,1
71087,86,82,4,4
71088,174,185,-11,11
71089,104,99,5,5
71090,90,86,4,4
71091,101,99,2,2
71092,107,112,-5,5
71093,133,120,13,13
71094,70,75,-5,5
71095,100,103,-3,3
71096,174,177,-3,3
71097,41,46,-5,5
71098,85,89,-4,4
71099,76,76,0,0
71100,73,75,-2,2
71101,131,128,3,3
71102,83,80,3,3
71103,88,94,-6,6
71104,128,136,-8,8
71105,86,87,-1,1
71106,163,170,-7,7
71107,104,107,-3,3
71108,50,51,-1,1
71109,114,99,15,15
71110,108,115,-7,7
71111,72,77,-5,5
71112,63,66,-3,3
71113,51,51,0,0
71114,94,91,3,3
71115,76,74,2,2
71116,39,45,-6,6
71117,100,92,8,8
71118,64,72,-8,8
71119,87,88,-1,1
71120,112,112,0,0
71121,105,107,-2,2
71122,84,91,-7,7
71123,135,137,-2,2
71124,66,64,2,2
71125,164,169,-5,5
71126,53,59,-6,6
71127,131,124,7,7
71128,97,97,0,0
71129,44,47,-3,3
71130,85,92,-7,7
71131,58,52,6,6
71132,105,104,1,1
71133,51,58,-7,7
71134,67,73,-6,6
71135,82,81,1,1
71136,100,92,8,8
71137,154,148,6,6
71138,89,104,-15,15
71139,88,80,8,8
71140,104,101,3,3
71141,82,72,10,10
71142,97,92,5,5
71143,87,97,-10,10
71144,71,65,6,6
71145,87,97,-10,10
71146,71,75,-4,4
71147,168,166,2,2
71148,124,118,6,6
71149,75,73,2,2
71150,137,123,14,14
71151,131,125,6,6
71152,161,173,-12,12
71153,80,83,-3,3
71154,109,114,-5,5
71155,65,70,-5,5
71156,152,154,-2,2
71157,120,115,5,5
71158,116,126,-10,10
71159,82,103,-21,21
71160,214,200,14,14
71161,75,75,0,0
71162,95,86,9,9
71163,120,110,10,10
71164,126,132,-6,6
71165,112,112,0,0
71166,115,133,-18,18
71167,94,90,4,4
71168,84,90,-6,6
71169,99,105,-6,6
71170,69,59,10,10
71171,62,67,-5,5
71172,106,111,-5,5
71173,110,100,10,10
71174,78,81,-3,3
71175,161,199,-38,38
71176,140,105,35,35
71177,83,101,-18,18
71178,110,111,-1,1
71179,50,52,-2,2
71180,160,150,10,10
71181,93,86,7,7
71182,161,166,-5,5
71183,37,48,-11,11
71184,58,61,-3,3
71185,109,127,-18,18
71186,99,109,-10,10
71187,124,152,-28,28
71188,65,60,5,5
71189,113,109,4,4
71190,114,130,-16,16
71191,127,116,11,11
71192,99,87,12,12
71193,83,79,4,4
71194,74,84,-10,10
71195,112,123,-11,11
71196,76,79,-3,3
71197,86,82,4,4
71198,59,67,-8,8
71199,185,163,22,22
71200,113,94,19,19
71201,90,103,-13,13
71202,60,73,-13,13
71203,136,125,11,11
71204,94,103,-9,9
71205,100,96,4,4
71206,93,97,-4,4
71207,80,84,-4,4
71208,138,125,13,13
71209,123,123,0,0
71210,84,90,-6,6
71211,96,106,-10,10
71212,123,126,-3,3
71213,46,88,-42,42
71214,54,57,-3,3
71215,135,137,-2,2
71216,135,91,44,44
71217,79,85,-6,6
71218,127,121,6,6
71219,75,82,-7,7
71220,43,73,-30,30
71221,107,99,8,8
71222,86,82,4,4
71223,114,117,-3,3
71224,56,62,-6,6
71225,80,81,-1,1
71226,86,78,8,8
71227,62,60,2,2
71228,78,71,7,7
71229,158,160,-2,2
71230,96,119,-23,23
71231,88,88,0,0
71232,62,67,-5,5
71233,116,110,6,6
71234,103,99,4,4
71235,108,121,-13,13
71236,96,100,-4,4
71237,65,68,-3,3
71238,64,70,-6,6
71239,136,127,9,9
71240,92,101,-9,9
71241,66,53,13,13
71242,106,106,0,0
71243,168,156,12,12
71244,91,87,4,4
71245,90,102,-12,12
71246,83,83,0,0
71247,198,197,1,1
71248,98,96,2,2
71249,116,102,14,14
71250,77,90,-13,13
71251,95,111,-16,16
71252,113,115,-2,2
71253,102,109,-7,7
71254,54,60,-6,6
71255,138,147,-9,9
71256,76,76,0,0
71257,58,58,0,0
71258,74,77,-3,3
71259,93,89,4,4
71260,56,77,-21,21
71261,139,147,-8,8
71262,169,162,7,7
71263,131,129,2,2
71264,64,62,2,2
71265,89,98,-9,9
71266,111,97,14,14
71267,149,151,-2,2
71268,86,80,6,6
71269,67,85,-18,18
71270,54,65,-11,11
71271,47,55,-8,8
71272,43,48,-5,5
71273,90,94,-4,4
71274,139,126,13,13
71275,62,66,-4,4
71276,67,73,-6,6
71277,75,84,-9,9
71278,87,86,1,1
71279,82,80,2,2
71280,41,59,-18,18
71281,86,88,-2,2
71282,151,138,13,13
71283,87,88,-1,1
71284,107,108,-1,1
71285,67,65,2,2
71286,90,103,-13,13
71287,133,129,4,4
71288,42,54,-12,12
71289,124,113,11,11
71290,66,66,0,0
71291,74,77,-3,3
71292,54,54,0,0
71293,123,124,-1,1
71294,137,139,-2,2
71295,67,64,3,3
71296,113,116,-3,3
71297,103,93,10,10
71298,161,154,7,7
71299,114,104,10,10
71300,112,98,14,14
71301,103,111,-8,8
71302,112,118,-6,6
71303,123,136,-13,13
71304,65,66,-1,1
71305,97,91,6,6
71306,68,61,7,7
71307,69,58,11,11
71308,69,73,-4,4
71309,143,141,2,2
71310,107,111,-4,4
71311,59,80,-21,21
71312,125,121,4,4
71313,57,69,-12,12
71314,108,116,-8,8
71315,86,85,1,1
71316,98,95,3,3
71317,82,80,2,2
71318,87,126,-39,39
71319,65,68,-3,3
71320,96,100,-4,4
71321,60,51,9,9
71322,77,85,-8,8
71323,81,85,-4,4
71324,147,139,8,8
71325,75,67,8,8
71326,75,74,1,1
71327,85,95,-10,10
71328,94,97,-3,3
71329,158,158,0,0
71330,103,85,18,18
71331,125,118,7,7
71332,119,153,-34,34
71333,109,109,0,0
71334,64,59,5,5
71335,74,80,-6,6
71336,33,48,-15,15
71337,104,99,5,5
71338,73,55,18,18
71339,148,135,13,13
71340,57,65,-8,8
71341,62,54,8,8
71342,143,144,-1,1
71343,96,117,-21,21
71344,61,63,-2,2
71345,126,127,-1,1
71346,66,90,-24,24
71347,97,106,-9,9
71348,58,58,0,0
71349,85,92,-7,7
71350,207,170,37,37
71351,114,99,15,15
71352,105,111,-6,6
71353,92,95,-3,3
71354,80,83,-3,3
71355,97,88,9,9
71356,93,94,-1,1
71357,55,57,-2,2
71358,89,85,4,4
71359,116,115,1,1
71360,98,95,3,3
71361,79,74,5,5
71362,127,131,-4,4
71363,112,98,14,14
71364,131,119,12,12
71365,92,98,-6,6
71366,81,85,-4,4
71367,236,233,3,3
71368,110,128,-18,18
71369,66,64,2,2
71370,100,104,-4,4
71371,98,102,-4,4
71372,118,90,28,28
71373,91,92,-1,1
71374,162,147,15,15
71375,77,78,-1,1
71376,67,72,-5,5
71377,131,128,3,3
71378,103,105,-2,2
71379,57,62,-5,5
71380,93,81,12,12
71381,72,87,-15,15
71382,67,52,15,15
71383,49,63,-14,14
71384,72,75,-3,3
71385,56,55,1,1
71386,154,183,-29,29
71387,72,79,-7,7
71388,44,62,-18,18
71389,97,100,-3,3
71390,173,149,24,24
71391,151,151,0,0
71392,92,90,2,2
71393,41,64,-23,23
71394,101,105,-4,4
71395,151,139,12,12
71396,112,100,12,12
71397,82,83,-1,1
71398,147,143,4,4
71399,104,91,13,13
71400,156,153,3,3
71401,69,67,2,2
71402,88,96,-8,8
71403,49,53,-4,4
71404,72,79,-7,7
71405,87,86,1,1
71406,83,78,5,5
71407,78,72,6,6
71408,109,118,-9,9
71409,118,133,-15,15
71410,146,191,-45,45
71411,95,96,-1,1
71412,139,136,3,3
71413,112,132,-20,20
71414,74,79,-5,5
71415,101,110,-9,9
71416,69,69,0,0
71417,60,62,-2,2
71418,52,58,-6,6
71419,70,69,1,1
71420,52,54,-2,2
71421,93,95,-2,2
71422,75,76,-1,1
71423,50,82,-32,32
71424,64,68,-4,4
71425,167,155,12,12
71426,59,64,-5,5
71427,117,121,-4,4
71428,97,99,-2,2
71429,93,97,-4,4
71430,70,76,-6,6
71431,91,80,11,11
71432,52,56,-4,4
71433,97,102,-5,5
71434,66,57,9,9
71435,91,94,-3,3
71436,72,115,-43,43
71437,113,103,10,10
71438,91,90,1,1
71439,50,67,-17,17
71440,85,106,-21,21
71441,167,162,5,5
71442,78,81,-3,3
71443,149,149,0,0
71444,102,96,6,6
71445,116,115,1,1
71446,69,78,-9,9
71447,63,72,-9,9
71448,108,116,-8,8
71449,81,78,3,3
71450,82,88,-6,6
71451,113,118,-5,5
71452,83,87,-4,4
71453,97,91,6,6
71454,78,99,-21,21
71455,102,105,-3,3
71456,109,103,6,6
71457,64,87,-23,23
71458,98,97,1,1
71459,156,143,13,13
71460,126,130,-4,4
71461,90,88,2,2
71462,122,125,-3,3
71463,67,71,-4,4
71464,60,58,2,2
71465,60,65,-5,5
71466,73,70,3,3
71467,135,145,-10,10
71468,116,114,2,2
71469,92,91,1,1
71470,116,120,-4,4
71471,76,84,-8,8
71472,137,127,10,10
71473,38,56,-18,18
71474,212,206,6,6
71475,115,118,-3,3
71476,170,167,3,3
71477,140,159,-19,19
71478,194,170,24,24
71479,119,122,-3,3
71480,46,57,-11,11
71481,67,72,-5,5
71482,114,115,-1,1
71483,107,133,-26,26
71484,83,103,-20,20
71485,103,93,10,10
71486,75,85,-10,10
71487,117,131,-14,14
71488,59,69,-10,10
71489,68,100,-32,32
71490,117,112,5,5
71491,142,140,2,2
71492,50,44,6,6
71493,72,79,-7,7
71494,114,130,-16,16
71495,161,166,-5,5
71496,104,106,-2,2
71497,241,241,0,0
71498,72,78,-6,6
71499,89,93,-4,4
71500,76,82,-6,6
71501,97,103,-6,6
71502,93,85,8,8
71503,73,67,6,6
71504,67,67,0,0
71505,89,92,-3,3
71506,91,90,1,1
71507,112,112,0,0
71508,156,168,-12,12
71509,59,66,-7,7
71510,71,78,-7,7
71511,35,40,-5,5
71512,60,61,-1,1
71513,151,162,-11,11
71514,83,88,-5,5
71515,114,121,-7,7
71516,66,60,6,6
71517,68,76,-8,8
71518,128,131,-3,3
71519,168,145,23,23
71520,84,80,4,4
71521,87,84,3,3
71522,94,94,0,0
71523,44,56,-12,12
71524,93,101,-8,8
71525,135,124,11,11
71526,80,78,2,2
71527,105,101,4,4
71528,86,94,-8,8
71529,115,121,-6,6
71530,183,173,10,10
71531,120,120,0,0
71532,25,51,-26,26
71533,53,54,-1,1
71534,131,116,15,15
71535,164,150,14,14
71536,74,78,-4,4
71537,125,122,3,3
71538,91,85,6,6
71539,106,96,10,10
71540,95,95,0,0
71541,75,70,5,5
71542,114,111,3,3
71543,70,74,-4,4
71544,89,85,4,4
71545,37,55,-18,18
71546,90,85,5,5
71547,60,65,-5,5
71548,106,111,-5,5
71549,59,73,-14,14
71550,114,129,-15,15
71551,69,64,5,5
71552,96,109,-13,13
71553,90,134,-44,44
71554,132,144,-12,12
71555,117,118,-1,1
71556,78,79,-1,1
71557,63,71,-8,8
71558,96,107,-11,11
71559,132,110,22,22
71560,83,80,3,3
71561,114,111,3,3
71562,109,103,6,6
71563,97,89,8,8
71564,81,83,-2,2
71565,95,92,3,3
71566,82,93,-11,11
71567,127,139,-12,12
71568,108,105,3,3
71569,91,101,-10,10
71570,87,85,2,2
71571,92,93,-1,1
71572,165,169,-4,4
71573,85,88,-3,3
71574,50,55,-5,5
71575,62,63,-1,1
71576,97,100,-3,3
71577,87,93,-6,6
71578,66,63,3,3
71579,76,74,2,2
71580,75,82,-7,7
71581,172,162,10,10
71582,45,57,-12,12
71583,86,88,-2,2
71584,73,78,-5,5
71585,189,171,18,18
71586,65,66,-1,1
71587,76,76,0,0
71588,95,100,-5,5
71589,95,87,8,8
71590,87,89,-2,2
71591,108,109,-1,1
71592,91,92,-1,1
71593,69,75,-6,6
71594,141,156,-15,15
71595,75,78,-3,3
71596,82,89,-7,7
71597,55,60,-5,5
71598,55,67,-12,12
71599,121,120,1,1
71600,55,49,6,6
71601,131,124,7,7
71602,111,108,3,3
71603,52,63,-11,11
71604,141,133,8,8
71605,82,68,14,14
71606,49,56,-7,7
71607,67,77,-10,10
71608,65,64,1,1
71609,116,127,-11,11
71610,112,118,-6,6
71611,117,116,1,1
71612,137,139,-2,2
71613,95,101,-6,6
71614,59,63,-4,4
71615,84,90,-6,6
71616,89,81,8,8
71617,137,133,4,4
71618,194,170,24,24
71619,144,121,23,23
71620,106,104,2,2
71621,122,116,6,6
71622,67,76,-9,9
71623,104,115,-11,11
71624,114,108,6,6
71625,84,99,-15,15
71626,49,69,-20,20
71627,232,208,24,24
71628,79,74,5,5
71629,101,101,0,0
71630,105,107,-2,2
71631,104,104,0,0
71632,221,198,23,23
71633,124,98,26,26
71634,154,151,3,3
71635,110,112,-2,2
71636,75,79,-4,4
71637,175,164,11,11
71638,162,168,-6,6
71639,169,155,14,14
71640,82,89,-7,7
71641,69,82,-13,13
71642,63,65,-2,2
71643,101,105,-4,4
71644,59,62,-3,3
71645,123,136,-13,13
71646,105,117,-12,12
71647,99,93,6,6
71648,58,63,-5,5
71649,103,101,2,2
71650,77,87,-10,10
71651,64,65,-1,1
71652,49,55,-6,6
71653,96,90,6,6
71654,78,79,-1,1
71655,124,135,-11,11
71656,66,98,-32,32
71657,163,159,4,4
71658,140,164,-24,24
71659,77,83,-6,6
71660,55,64,-9,9
71661,64,64,0,0
71662,73,90,-17,17
71663,86,90,-4,4
71664,87,88,-1,1
71665,80,86,-6,6
71666,74,84,-10,10
71667,69,65,4,4
71668,118,125,-7,7
71669,74,86,-12,12
71670,162,163,-1,1
71671,63,66,-3,3
71672,88,89,-1,1
71673,105,110,-5,5
71674,70,62,8,8
71675,86,92,-6,6
71676,82,85,-3,3
71677,181,187,-6,6
71678,60,63,-3,3
71679,139,144,-5,5
71680,45,44,1,1
71681,84,86,-2,2
71682,87,85,2,2
71683,94,87,7,7
71684,94,93,1,1
71685,102,130,-28,28
71686,82,82,0,0
71687,102,92,10,10
71688,51,54,-3,3
71689,91,84,7,7
71690,92,92,0,0
71691,119,124,-5,5
71692,98,107,-9,9
71693,92,90,2,2
71694,144,143,1,1
71695,117,127,-10,10
71696,61,62,-1,1
71697,55,58,-3,3
71698,89,83,6,6
71699,83,93,-10,10
71700,122,115,7,7
71701,101,101,0,0
71702,71,73,-2,2
71703,183,179,4,4
71704,79,85,-6,6
71705,68,88,-20,20
71706,124,129,-5,5
71707,96,95,1,1
71708,82,90,-8,8
71709,99,115,-16,16
71710,145,129,16,16
71711,143,146,-3,3
71712,131,136,-5,5
71713,83,83,0,0
71714,118,143,-25,25
71715,65,67,-2,2
71716,52,57,-5,5
71717,78,76,2,2
71718,76,76,0,0
71719,142,136,6,6
71720,90,77,13,13
71721,64,65,-1,1
71722,70,64,6,6
71723,81,96,-15,15
71724,155,150,5,5
71725,94,105,-11,11
71726,64,70,-6,6
71727,83,77,6,6
71728,112,115,-3,3
71729,112,98,14,14
71730,132,132,0,0
71731,84,81,3,3
71732,63,71,-8,8
71733,78,87,-9,9
71734,143,138,5,5
71735,71,73,-2,2
71736,94,92,2,2
71737,75,71,4,4
71738,54,69,-15,15
71739,81,73,8,8
71740,72,75,-3,3
71741,95,91,4,4
71742,136,131,5,5
71743,89,89,0,0
71744,66,67,-1,1
71745,95,87,8,8
71746,85,86,-1,1
71747,114,121,-7,7
71748,70,54,16,16
71749,70,67,3,3
71750,115,119,-4,4
71751,139,144,-5,5
71752,104,99,5,5
71753,65,69,-4,4
71754,145,140,5,5
71755,108,102,6,6
71756,81,80,1,1
71757,85,74,11,11
71758,59,64,-5,5
71759,146,153,-7,7
71760,89,103,-14,14
71761,94,97,-3,3
71762,82,88,-6,6
71763,58,64,-6,6
71764,78,80,-2,2
71765,92,83,9,9
71766,65,64,1,1
71767,100,97,3,3
71768,126,129,-3,3
71769,115,108,7,7
71770,64,50,14,14
71771,67,80,-13,13
71772,114,101,13,13
71773,73,74,-1,1
71774,86,82,4,4
71775,92,83,9,9
71776,393,415,-22,22
71777,121,140,-19,19
71778,77,85,-8,8
71779,106,89,17,17
71780,81,84,-3,3
71781,99,85,14,14
71782,150,148,2,2
71783,98,98,0,0
71784,107,106,1,1
71785,59,61,-2,2
71786,53,55,-2,2
71787,99,98,1,1
71788,138,144,-6,6
71789,58,67,-9,9
71790,85,86,-1,1
71791,129,123,6,6
71792,60,52,8,8
71793,67,66,1,1
71794,107,102,5,5
71795,42,49,-7,7
71796,73,80,-7,7
71797,81,88,-7,7
71798,154,135,19,19
71799,84,84,0,0
71800,67,67,0,0
71801,62,58,4,4
71802,93,88,5,5
71803,119,114,5,5
71804,112,114,-2,2
71805,146,146,0,0
71806,45,43,2,2
71807,127,127,0,0
71808,87,84,3,3
71809,122,124,-2,2
71810,83,76,7,7
71811,116,112,4,4
71812,95,105,-10,10
71813,101,102,-1,1
71814,132,134,-2,2
71815,116,112,4,4
71816,79,73,6,6
71817,94,92,2,2
71818,131,127,4,4
71819,61,64,-3,3
71820,66,71,-5,5
71821,78,82,-4,4
71822,145,138,7,7
71823,166,167,-1,1
71824,88,87,1,1
71825,99,96,3,3
71826,85,90,-5,5
71827,62,71,-9,9
71828,85,90,-5,5
71829,103,107,-4,4
71830,123,158,-35,35
71831,43,51,-8,8
71832,89,104,-15,15
71833,61,67,-6,6
71834,65,67,-2,2
71835,81,77,4,4
71836,77,74,3,3
71837,118,117,1,1
71838,53,59,-6,6
71839,90,81,9,9
71840,101,114,-13,13
71841,88,94,-6,6
71842,136,145,-9,9
71843,142,140,2,2
71844,79,73,6,6
71845,124,126,-2,2
71846,69,74,-5,5
71847,55,55,0,0
71848,84,85,-1,1
71849,34,45,-11,11
71850,86,85,1,1
71851,67,90,-23,23
71852,234,219,15,15
71853,175,174,1,1
71854,50,51,-1,1
71855,75,69,6,6
71856,61,57,4,4
71857,103,100,3,3
71858,59,56,3,3
71859,83,98,-15,15
71860,50,52,-2,2
71861,89,92,-3,3
71862,65,75,-10,10
71863,140,129,11,11
71864,158,168,-10,10
71865,113,94,19,19
71866,118,128,-10,10
71867,172,156,16,16
71868,119,128,-9,9
71869,106,112,-6,6
71870,146,154,-8,8
71871,72,68,4,4
71872,84,84,0,0
71873,78,81,-3,3
71874,58,57,1,1
71875,85,79,6,6
71876,137,129,8,8
71877,86,117,-31,31
71878,78,84,-6,6
71879,88,92,-4,4
71880,108,105,3,3
71881,104,94,10,10
71882,77,87,-10,10
71883,101,101,0,0
71884,109,114,-5,5
71885,84,79,5,5
71886,70,69,1,1
71887,134,140,-6,6
71888,51,55,-4,4
71889,128,131,-3,3
71890,103,115,-12,12
71891,76,80,-4,4
71892,101,113,-12,12
71893,92,94,-2,2
71894,72,74,-2,2
71895,68,79,-11,11
71896,84,91,-7,7
71897,88,90,-2,2
71898,119,134,-15,15
71899,56,43,13,13
71900,31,44,-13,13
71901,91,92,-1,1
71902,163,164,-1,1
71903,124,120,4,4
71904,71,66,5,5
71905,101,106,-5,5
71906,112,152,-40,40
71907,103,106,-3,3
71908,74,75,-1,1
71909,57,66,-9,9
71910,137,140,-3,3
71911,124,114,10,10
71912,77,90,-13,13
71913,83,82,1,1
71914,66,77,-11,11
71915,110,106,4,4
71916,65,68,-3,3
71917,98,96,2,2
71918,87,87,0,0
71919,90,87,3,3
71920,140,138,2,2
71921,116,120,-4,4
71922,128,127,1,1
71923,73,67,6,6
71924,155,181,-26,26
71925,96,103,-7,7
71926,115,119,-4,4
71927,63,66,-3,3
71928,57,57,0,0
71929,113,115,-2,2
71930,104,95,9,9
71931,53,55,-2,2
71932,62,70,-8,8
71933,53,58,-5,5
71934,71,67,4,4
71935,76,79,-3,3
71936,117,116,1,1
71937,57,61,-4,4
71938,79,76,3,3
71939,69,85,-16,16
71940,78,73,5,5
71941,40,62,-22,22
71942,58,75,-17,17
71943,105,101,4,4
71944,87,106,-19,19
71945,118,104,14,14
71946,101,116,-15,15
71947,32,38,-6,6
71948,75,74,1,1
71949,112,110,2,2
71950,112,107,5,5
71951,124,135,-11,11
71952,68,69,-1,1
71953,72,67,5,5
71954,52,54,-2,2
71955,84,83,1,1
71956,78,78,0,0
71957,106,102,4,4
71958,126,132,-6,6
71959,103,107,-4,4
71960,110,86,24,24
71961,91,86,5,5
71962,149,145,4,4
71963,55,57,-2,2
71964,113,108,5,5
71965,72,73,-1,1
71966,79,85,-6,6
71967,125,121,4,4
71968,126,116,10,10
71969,156,165,-9,9
71970,69,74,-5,5
71971,59,54,5,5
71972,92,118,-26,26
71973,65,65,0,0
71974,94,102,-8,8
71975,76,94,-18,18
71976,145,147,-2,2
71977,141,145,-4,4
71978,71,72,-1,1
71979,91,88,3,3
71980,56,64,-8,8
71981,107,117,-10,10
71982,73,71,2,2
71983,120,140,-20,20
71984,109,82,27,27
71985,125,118,7,7
71986,80,82,-2,2
71987,55,58,-3,3
71988,92,100,-8,8
71989,125,126,-1,1
71990,74,78,-4,4
71991,65,74,-9,9
71992,85,89,-4,4
71993,41,45,-4,4
71994,73,84,-11,11
71995,133,104,29,29
71996,48,50,-2,2
71997,81,84,-3,3
71998,109,124,-15,15
71999,98,98,0,0
72000,123,123,0,0
72001,103,114,-11,11
72002,79,81,-2,2
72003,60,72,-12,12
72004,93,94,-1,1
72005,162,136,26,26
72006,121,118,3,3
72007,113,128,-15,15
72008,64,80,-16,16
72009,61,56,5,5
72010,110,109,1,1
72011,106,105,1,1
72012,111,107,4,4
72013,72,78,-6,6
72014,50,42,8,8
72015,58,53,5,5
72016,112,124,-12,12
72017,86,104,-18,18
72018,77,77,0,0
72019,116,116,0,0
72020,77,78,-1,1
72021,156,150,6,6
72022,94,95,-1,1
72023,152,145,7,7
72024,153,154,-1,1
72025,91,94,-3,3
72026,114,112,2,2
72027,54,59,-5,5
72028,68,62,6,6
72029,108,131,-23,23
72030,144,141,3,3
72031,122,116,6,6
72032,94,103,-9,9
72033,100,96,4,4
72034,63,66,-3,3
72035,109,107,2,2
72036,92,90,2,2
72037,104,100,4,4
72038,80,68,12,12
72039,83,84,-1,1
72040,115,124,-9,9
72041,149,163,-14,14
72042,111,110,1,1
72043,64,70,-6,6
72044,117,107,10,10
72045,68,71,-3,3
72046,98,89,9,9
72047,58,58,0,0
72048,109,102,7,7
72049,84,87,-3,3
72050,59,65,-6,6
72051,122,96,26,26
72052,67,72,-5,5
72053,74,65,9,9
72054,65,74,-9,9
72055,95,91,4,4
72056,90,93,-3,3
72057,71,72,-1,1
72058,46,51,-5,5
72059,37,75,-38,38
72060,128,124,4,4
72061,110,107,3,3
72062,98,111,-13,13
72063,55,54,1,1
72064,118,117,1,1
72065,28,37,-9,9
72066,164,163,1,1
72067,97,102,-5,5
72068,149,136,13,13
72069,100,97,3,3
72070,102,118,-16,16
72071,99,98,1,1
72072,170,155,15,15
72073,124,132,-8,8
72074,109,120,-11,11
72075,146,140,6,6
72076,170,185,-15,15
72077,85,69,16,16
72078,106,102,4,4
72079,96,96,0,0
72080,105,89,16,16
72081,116,104,12,12
72082,61,70,-9,9
72083,114,117,-3,3
72084,105,97,8,8
72085,163,172,-9,9
72086,50,53,-3,3
72087,141,135,6,6
72088,79,87,-8,8
72089,129,130,-1,1
72090,82,78,4,4
72091,61,60,1,1
72092,69,79,-10,10
72093,62,75,-13,13
72094,93,90,3,3
72095,92,101,-9,9
72096,91,106,-15,15
72097,45,64,-19,19
72098,167,163,4,4
72099,71,70,1,1
72100,43,51,-8,8
72101,122,110,12,12
72102,73,71,2,2
72103,99,98,1,1
72104,82,82,0,0
72105,119,110,9,9
72106,135,124,11,11
72107,46,54,-8,8
72108,102,98,4,4
72109,66,64,2,2
72110,159,160,-1,1
72111,93,92,1,1
72112,93,83,10,10
72113,71,76,-5,5
72114,106,90,16,16
72115,99,96,3,3
72116,145,164,-19,19
72117,102,115,-13,13
72118,146,147,-1,1
72119,129,128,1,1
72120,105,118,-13,13
72121,119,117,2,2
72122,49,57,-8,8
72123,114,112,2,2
72124,137,137,0,0
72125,84,88,-4,4
72126,63,65,-2,2
72127,120,113,7,7
72128,63,79,-16,16
72129,153,148,5,5
72130,73,78,-5,5
72131,110,107,3,3
72132,178,185,-7,7
72133,73,102,-29,29
72134,80,73,7,7
72135,98,95,3,3
72136,122,126,-4,4
72137,122,125,-3,3
72138,95,95,0,0
72139,100,107,-7,7
72140,107,110,-3,3
72141,86,81,5,5
72142,62,61,1,1
72143,77,82,-5,5
72144,49,55,-6,6
72145,68,72,-4,4
72146,25,47,-22,22
72147,83,83,0,0
72148,54,43,11,11
72149,122,128,-6,6
72150,115,101,14,14
72151,92,88,4,4
72152,120,131,-11,11
72153,161,153,8,8
72154,100,83,17,17
72155,127,133,-6,6
72156,56,58,-2,2
72157,120,120,0,0
72158,319,311,8,8
72159,161,158,3,3
72160,120,109,11,11
72161,119,113,6,6
72162,119,105,14,14
72163,155,143,12,12
72164,90,81,9,9
72165,43,52,-9,9
72166,67,62,5,5
72167,75,67,8,8
72168,86,88,-2,2
72169,107,109,-2,2
72170,109,112,-3,3
72171,105,108,-3,3
72172,120,121,-1,1
72173,57,60,-3,3
72174,81,87,-6,6
72175,114,109,5,5
72176,101,98,3,3
72177,104,97,7,7
72178,105,93,12,12
72179,93,97,-4,4
72180,117,125,-8,8
72181,93,88,5,5
72182,60,67,-7,7
72183,81,72,9,9
72184,96,97,-1,1
72185,99,107,-8,8
72186,88,81,7,7
72187,113,122,-9,9
72188,91,105,-14,14
72189,142,138,4,4
72190,95,93,2,2
72191,79,83,-4,4
72192,80,90,-10,10
72193,54,56,-2,2
72194,124,127,-3,3
72195,86,94,-8,8
72196,154,139,15,15
72197,77,78,-1,1
72198,129,116,13,13
72199,196,174,22,22
72200,78,81,-3,3
72201,63,65,-2,2
72202,176,166,10,10
72203,102,104,-2,2
72204,102,104,-2,2
72205,92,87,5,5
72206,145,143,2,2
72207,64,70,-6,6
72208,100,93,7,7
72209,96,117,-21,21
72210,96,83,13,13
72211,51,66,-15,15
72212,61,73,-12,12
72213,129,121,8,8
72214,196,189,7,7
72215,61,61,0,0
72216,86,88,-2,2
72217,69,80,-11,11
72218,121,120,1,1
72219,87,98,-11,11
72220,105,100,5,5
72221,67,91,-24,24
72222,71,84,-13,13
72223,165,159,6,6
72224,132,125,7,7
72225,171,161,10,10
72226,81,81,0,0
72227,142,142,0,0
72228,75,78,-3,3
72229,102,100,2,2
72230,86,93,-7,7
72231,136,130,6,6
72232,63,60,3,3
72233,122,127,-5,5
72234,89,97,-8,8
72235,97,105,-8,8
72236,67,69,-2,2
72237,105,99,6,6
72238,64,57,7,7
72239,85,98,-13,13
72240,99,101,-2,2
72241,80,85,-5,5
72242,115,106,9,9
72243,65,70,-5,5
72244,104,95,9,9
72245,115,120,-5,5
72246,147,154,-7,7
72247,105,102,3,3
72248,141,137,4,4
72249,163,156,7,7
72250,129,121,8,8
72251,90,88,2,2
72252,73,76,-3,3
72253,101,94,7,7
72254,103,109,-6,6
72255,53,61,-8,8
72256,67,70,-3,3
72257,78,78,0,0
72258,75,74,1,1
72259,76,75,1,1
72260,105,107,-2,2
72261,103,98,5,5
72262,108,107,1,1
72263,154,137,17,17
72264,84,88,-4,4
72265,125,125,0,0
72266,71,73,-2,2
72267,84,91,-7,7
72268,81,83,-2,2
72269,95,99,-4,4
72270,249,222,27,27
72271,101,106,-5,5
72272,69,75,-6,6
72273,109,126,-17,17
72274,76,82,-6,6
72275,92,98,-6,6
72276,56,68,-12,12
72277,85,87,-2,2
72278,51,55,-4,4
72279,117,105,12,12
72280,74,77,-3,3
72281,184,172,12,12
72282,82,90,-8,8
72283,93,107,-14,14
72284,87,78,9,9
72285,56,59,-3,3
72286,65,64,1,1
72287,95,86,9,9
72288,112,117,-5,5
72289,110,114,-4,4
72290,137,138,-1,1
72291,73,75,-2,2
72292,128,122,6,6
72293,99,92,7,7
72294,133,131,2,2
72295,109,111,-2,2
72296,74,92,-18,18
72297,99,90,9,9
72298,23,31,-8,8
72299,87,87,0,0
72300,175,171,4,4
72301,71,82,-11,11
72302,64,70,-6,6
72303,74,83,-9,9
72304,127,128,-1,1
72305,136,143,-7,7
72306,114,117,-3,3
72307,143,143,0,0
72308,115,109,6,6
72309,83,88,-5,5
72310,118,117,1,1
72311,64,63,1,1
72312,94,105,-11,11
72313,69,63,6,6
72314,142,142,0,0
72315,75,80,-5,5
72316,58,56,2,2
72317,19,49,-30,30
72318,83,91,-8,8
72319,59,63,-4,4
72320,99,101,-2,2
72321,69,77,-8,8
72322,95,93,2,2
72323,248,194,54,54
72324,129,124,5,5
72325,45,62,-17,17
72326,129,128,1,1
72327,99,98,1,1
72328,98,102,-4,4
72329,115,125,-10,10
72330,136,137,-1,1
72331,111,110,1,1
72332,98,108,-10,10
72333,85,92,-7,7
72334,141,148,-7,7
72335,94,110,-16,16
72336,94,94,0,0
72337,112,125,-13,13
72338,107,103,4,4
72339,127,132,-5,5
72340,113,105,8,8
72341,131,100,31,31
72342,69,74,-5,5
72343,51,53,-2,2
72344,148,147,1,1
72345,79,68,11,11
72346,108,111,-3,3
72347,105,113,-8,8
72348,82,104,-22,22
72349,152,164,-12,12
72350,77,87,-10,10
72351,96,104,-8,8
72352,118,140,-22,22
72353,176,186,-10,10
72354,161,177,-16,16
72355,74,73,1,1
72356,89,74,15,15
72357,126,134,-8,8
72358,105,109,-4,4
72359,102,106,-4,4
72360,74,82,-8,8
72361,122,123,-1,1
72362,80,88,-8,8
72363,75,75,0,0
72364,148,152,-4,4
72365,129,124,5,5
72366,68,70,-2,2
72367,74,92,-18,18
72368,96,82,14,14
72369,88,84,4,4
72370,53,67,-14,14
72371,79,78,1,1
72372,78,74,4,4
72373,69,74,-5,5
72374,134,120,14,14
72375,77,77,0,0
72376,144,134,10,10
72377,102,104,-2,2
72378,112,125,-13,13
72379,122,117,5,5
72380,87,86,1,1
72381,111,116,-5,5
72382,102,82,20,20
72383,73,78,-5,5
72384,86,90,-4,4
72385,74,74,0,0
72386,132,121,11,11
72387,128,127,1,1
72388,130,125,5,5
72389,62,60,2,2
72390,44,60,-16,16
72391,78,88,-10,10
72392,95,94,1,1
72393,95,84,11,11
72394,116,119,-3,3
72395,80,80,0,0
72396,57,69,-12,12
72397,84,98,-14,14
72398,122,114,8,8
72399,115,125,-10,10
72400,185,157,28,28
72401,144,110,34,34
72402,54,58,-4,4
72403,125,129,-4,4
72404,107,118,-11,11
72405,140,161,-21,21
72406,59,62,-3,3
72407,64,71,-7,7
72408,83,83,0,0
72409,56,56,0,0
72410,79,73,6,6
72411,58,58,0,0
72412,92,96,-4,4
72413,138,129,9,9
72414,110,105,5,5
72415,197,185,12,12
72416,102,99,3,3
72417,75,73,2,2
72418,127,125,2,2
72419,95,106,-11,11
72420,64,59,5,5
72421,68,75,-7,7
72422,174,173,1,1
72423,61,62,-1,1
72424,74,65,9,9
72425,106,109,-3,3
72426,60,67,-7,7
72427,73,83,-10,10
72428,92,92,0,0
72429,189,175,14,14
72430,99,94,5,5
72431,147,135,12,12
72432,120,125,-5,5
72433,75,80,-5,5
72434,57,58,-1,1
72435,56,50,6,6
72436,73,72,1,1
72437,67,66,1,1
72438,176,162,14,14
72439,131,136,-5,5
72440,101,97,4,4
72441,77,74,3,3
72442,90,120,-30,30
72443,106,110,-4,4
72444,120,124,-4,4
72445,82,76,6,6
72446,117,120,-3,3
72447,57,82,-25,25
72448,57,69,-12,12
72449,104,103,1,1
72450,85,85,0,0
72451,112,125,-13,13
72452,89,94,-5,5
72453,88,107,-19,19
72454,87,80,7,7
72455,103,128,-25,25
72456,151,142,9,9
72457,92,98,-6,6
72458,98,90,8,8
72459,63,74,-11,11
72460,88,93,-5,5
72461,85,87,-2,2
72462,29,30,-1,1
72463,88,100,-12,12
72464,105,123,-18,18
72465,108,108,0,0
72466,69,66,3,3
72467,100,101,-1,1
72468,67,73,-6,6
72469,78,69,9,9
72470,97,106,-9,9
72471,84,76,8,8
72472,57,69,-12,12
72473,124,120,4,4
72474,117,117,0,0
72475,101,94,7,7
72476,104,113,-9,9
72477,97,112,-15,15
72478,69,67,2,2
72479,105,106,-1,1
72480,78,91,-13,13
72481,75,76,-1,1
72482,67,75,-8,8
72483,182,169,13,13
72484,49,62,-13,13
72485,89,92,-3,3
72486,72,74,-2,2
72487,97,105,-8,8
72488,72,70,2,2
72489,66,65,1,1
72490,118,137,-19,19
72491,49,54,-5,5
72492,87,81,6,6
72493,157,138,19,19
72494,63,71,-8,8
72495,69,64,5,5
72496,163,177,-14,14
72497,221,231,-10,10
72498,60,68,-8,8
72499,97,104,-7,7
72500,64,67,-3,3
72501,87,102,-15,15
72502,101,104,-3,3
72503,96,97,-1,1
72504,111,113,-2,2
72505,67,84,-17,17
72506,112,114,-2,2
72507,92,91,1,1
72508,90,100,-10,10
72509,127,144,-17,17
72510,62,63,-1,1
72511,82,86,-4,4
72512,131,120,11,11
72513,66,63,3,3
72514,122,129,-7,7
72515,80,95,-15,15
72516,83,88,-5,5
72517,71,80,-9,9
72518,76,73,3,3
72519,130,142,-12,12
72520,72,65,7,7
72521,51,56,-5,5
72522,114,123,-9,9
72523,62,74,-12,12
72524,46,40,6,6
72525,58,72,-14,14
72526,84,102,-18,18
72527,69,75,-6,6
72528,59,112,-53,53
72529,65,67,-2,2
72530,175,161,14,14
72531,135,135,0,0
72532,106,107,-1,1
72533,72,85,-13,13
72534,124,125,-1,1
72535,126,122,4,4
72536,120,128,-8,8
72537,92,91,1,1
72538,68,68,0,0
72539,109,106,3,3
72540,74,86,-12,12
72541,61,77,-16,16
72542,96,98,-2,2
72543,115,121,-6,6
72544,88,99,-11,11
72545,112,111,1,1
72546,182,163,19,19
72547,156,153,3,3
72548,156,159,-3,3
72549,103,91,12,12
72550,89,86,3,3
72551,114,103,11,11
72552,106,88,18,18
72553,85,83,2,2
72554,107,105,2,2
72555,75,69,6,6
72556,84,91,-7,7
72557,120,129,-9,9
72558,95,86,9,9
72559,48,65,-17,17
72560,65,60,5,5
72561,59,72,-13,13
72562,85,89,-4,4
72563,125,126,-1,1
72564,89,87,2,2
72565,92,90,2,2
72566,131,144,-13,13
72567,83,88,-5,5
72568,81,73,8,8
72569,82,75,7,7
72570,66,70,-4,4
72571,126,133,-7,7
72572,167,170,-3,3
72573,103,113,-10,10
72574,119,116,3,3
72575,133,133,0,0
72576,138,148,-10,10
72577,136,134,2,2
72578,57,59,-2,2
72579,111,111,0,0
72580,75,81,-6,6
72581,64,68,-4,4
72582,111,112,-1,1
72583,126,132,-6,6
72584,147,143,4,4
72585,188,169,19,19
72586,123,68,55,55
72587,87,100,-13,13
72588,77,82,-5,5
72589,82,85,-3,3
72590,83,87,-4,4
72591,69,73,-4,4
72592,136,143,-7,7
72593,53,64,-11,11
72594,81,77,4,4
72595,124,130,-6,6
72596,111,98,13,13
72597,120,121,-1,1
72598,66,74,-8,8
72599,68,70,-2,2
72600,147,159,-12,12
72601,193,194,-1,1
72602,62,60,2,2
72603,113,119,-6,6
72604,83,87,-4,4
72605,114,117,-3,3
72606,138,137,1,1
72607,63,67,-4,4
72608,153,146,7,7
72609,75,81,-6,6
72610,104,94,10,10
72611,138,136,2,2
72612,86,80,6,6
72613,85,88,-3,3
72614,132,134,-2,2
72615,86,94,-8,8
72616,60,62,-2,2
72617,119,119,0,0
72618,233,224,9,9
72619,125,134,-9,9
72620,128,121,7,7
72621,135,142,-7,7
72622,92,87,5,5
72623,134,130,4,4
72624,108,103,5,5
72625,154,145,9,9
72626,149,155,-6,6
72627,112,103,9,9
72628,117,114,3,3
72629,158,158,0,0
72630,83,83,0,0
72631,92,97,-5,5
72632,80,73,7,7
72633,86,91,-5,5
72634,23,37,-14,14
72635,90,91,-1,1
72636,129,133,-4,4
72637,122,116,6,6
72638,49,56,-7,7
72639,58,59,-1,1
72640,115,114,1,1
72641,92,98,-6,6
72642,146,175,-29,29
72643,69,84,-15,15
72644,107,123,-16,16
72645,152,142,10,10
72646,106,102,4,4
72647,78,82,-4,4
72648,122,117,5,5
72649,97,107,-10,10
72650,62,68,-6,6
72651,125,121,4,4
72652,172,166,6,6
72653,73,76,-3,3
72654,88,83,5,5
72655,69,71,-2,2
72656,72,68,4,4
72657,87,89,-2,2
72658,53,52,1,1
72659,65,70,-5,5
72660,117,111,6,6
72661,105,106,-1,1
72662,168,170,-2,2
72663,83,98,-15,15
72664,65,74,-9,9
72665,108,103,5,5
72666,45,53,-8,8
72667,123,116,7,7
72668,62,66,-4,4
72669,69,74,-5,5
72670,65,66,-1,1
72671,88,105,-17,17
72672,70,77,-7,7
72673,115,115,0,0
72674,68,67,1,1
72675,109,101,8,8
72676,117,125,-8,8
72677,68,71,-3,3
72678,93,95,-2,2
72679,76,74,2,2
72680,147,138,9,9
72681,124,124,0,0
72682,146,129,17,17
72683,104,116,-12,12
72684,85,89,-4,4
72685,107,92,15,15
72686,131,122,9,9
72687,71,72,-1,1
72688,78,71,7,7
72689,69,76,-7,7
72690,124,133,-9,9
72691,101,94,7,7
72692,64,60,4,4
72693,69,66,3,3
72694,60,68,-8,8
72695,97,99,-2,2
72696,78,86,-8,8
72697,106,134,-28,28
72698,102,92,10,10
72699,102,101,1,1
72700,135,141,-6,6
72701,84,96,-12,12
72702,132,127,5,5
72703,81,78,3,3
72704,55,53,2,2
72705,80,80,0,0
72706,89,104,-15,15
72707,218,425,-207,207
72708,68,62,6,6
72709,136,123,13,13
72710,78,75,3,3
72711,66,69,-3,3
72712,115,119,-4,4
72713,102,93,9,9
72714,64,65,-1,1
72715,32,43,-11,11
72716,61,61,0,0
72717,98,96,2,2
72718,87,85,2,2
72719,75,60,15,15
72720,131,123,8,8
72721,82,83,-1,1
72722,102,97,5,5
72723,68,71,-3,3
72724,129,126,3,3
72725,147,148,-1,1
72726,54,66,-12,12
72727,95,98,-3,3
72728,181,174,7,7
72729,102,105,-3,3
72730,49,50,-1,1
72731,100,93,7,7
72732,72,79,-7,7
72733,137,155,-18,18
72734,57,61,-4,4
72735,85,81,4,4
72736,69,67,2,2
72737,44,60,-16,16
72738,102,103,-1,1
72739,140,145,-5,5
72740,59,58,1,1
72741,59,63,-4,4
72742,67,66,1,1
72743,96,101,-5,5
72744,54,60,-6,6
72745,81,82,-1,1
72746,154,152,2,2
72747,134,145,-11,11
72748,100,81,19,19
72749,104,105,-1,1
72750,92,106,-14,14
72751,63,58,5,5
72752,115,98,17,17
72753,55,60,-5,5
72754,163,162,1,1
72755,122,128,-6,6
72756,106,102,4,4
72757,90,99,-9,9
72758,97,100,-3,3
72759,69,79,-10,10
72760,86,86,0,0
72761,87,86,1,1
72762,134,125,9,9
72763,83,95,-12,12
72764,96,102,-6,6
72765,75,74,1,1
72766,91,84,7,7
72767,74,75,-1,1
72768,105,111,-6,6
72769,109,107,2,2
72770,50,67,-17,17
72771,83,78,5,5
72772,101,100,1,1
72773,98,105,-7,7
72774,78,78,0,0
72775,115,105,10,10
72776,151,145,6,6
72777,50,56,-6,6
72778,111,123,-12,12
72779,75,84,-9,9
72780,191,186,5,5
72781,82,78,4,4
72782,133,129,4,4
72783,131,134,-3,3
72784,69,74,-5,5
72785,112,106,6,6
72786,52,63,-11,11
72787,109,129,-20,20
72788,82,89,-7,7
72789,106,117,-11,11
72790,36,41,-5,5
72791,84,83,1,1
72792,103,103,0,0
72793,56,64,-8,8
72794,78,80,-2,2
72795,69,70,-1,1
72796,67,71,-4,4
72797,83,88,-5,5
72798,103,104,-1,1
72799,84,86,-2,2
72800,68,74,-6,6
72801,78,79,-1,1
72802,118,114,4,4
72803,112,107,5,5
72804,108,113,-5,5
72805,113,115,-2,2
72806,116,100,16,16
72807,67,70,-3,3
72808,110,122,-12,12
72809,100,93,7,7
72810,111,103,8,8
72811,82,89,-7,7
72812,157,155,2,2
72813,75,81,-6,6
72814,102,95,7,7
72815,90,90,0,0
72816,60,69,-9,9
72817,88,90,-2,2
72818,96,97,-1,1
72819,117,143,-26,26
72820,76,89,-13,13
72821,166,154,12,12
72822,187,125,62,62
72823,73,61,12,12
72824,91,100,-9,9
72825,125,125,0,0
72826,60,67,-7,7
72827,91,92,-1,1
72828,99,116,-17,17
72829,80,75,5,5
72830,125,131,-6,6
72831,111,125,-14,14
72832,54,60,-6,6
72833,192,179,13,13
72834,159,154,5,5
72835,71,74,-3,3
72836,80,82,-2,2
72837,58,62,-4,4
72838,78,72,6,6
72839,146,138,8,8
72840,73,64,9,9
72841,178,167,11,11
72842,94,102,-8,8
72843,131,127,4,4
72844,70,61,9,9
72845,126,125,1,1
72846,84,84,0,0
72847,80,86,-6,6
72848,214,182,32,32
72849,111,114,-3,3
72850,134,137,-3,3
72851,89,80,9,9
72852,124,147,-23,23
72853,112,108,4,4
72854,94,99,-5,5
72855,110,106,4,4
72856,143,145,-2,2
72857,70,73,-3,3
72858,112,114,-2,2
72859,88,84,4,4
72860,89,94,-5,5
72861,78,76,2,2
72862,121,117,4,4
72863,69,67,2,2
72864,82,81,1,1
72865,137,178,-41,41
72866,116,123,-7,7
72867,169,168,1,1
72868,108,104,4,4
72869,62,62,0,0
72870,66,82,-16,16
72871,126,123,3,3
72872,77,73,4,4
72873,170,154,16,16
72874,48,51,-3,3
72875,123,117,6,6
72876,135,133,2,2
72877,128,133,-5,5
72878,108,115,-7,7
72879,102,97,5,5
72880,89,96,-7,7
72881,68,72,-4,4
72882,83,78,5,5
72883,174,177,-3,3
72884,130,129,1,1
72885,176,171,5,5
72886,87,96,-9,9
72887,69,65,4,4
72888,69,79,-10,10
72889,100,86,14,14
72890,164,164,0,0
72891,94,106,-12,12
72892,82,81,1,1
72893,191,194,-3,3
72894,99,101,-2,2
72895,78,85,-7,7
72896,68,68,0,0
72897,121,107,14,14
72898,128,126,2,2
72899,149,150,-1,1
72900,164,160,4,4
72901,74,74,0,0
72902,67,63,4,4
72903,59,65,-6,6
72904,100,120,-20,20
72905,62,70,-8,8
72906,100,103,-3,3
72907,79,84,-5,5
72908,137,160,-23,23
72909,74,82,-8,8
72910,94,93,1,1
72911,119,93,26,26
72912,103,95,8,8
72913,95,96,-1,1
72914,60,52,8,8
72915,111,112,-1,1
72916,34,47,-13,13
72917,78,90,-12,12
72918,97,98,-1,1
72919,111,113,-2,2
72920,85,91,-6,6
72921,149,147,2,2
72922,90,82,8,8
72923,49,48,1,1
72924,138,135,3,3
72925,69,67,2,2
72926,79,79,0,0
72927,70,68,2,2
72928,82,89,-7,7
72929,79,84,-5,5
72930,85,97,-12,12
72931,89,94,-5,5
72932,67,65,2,2
72933,106,116,-10,10
72934,70,87,-17,17
72935,74,80,-6,6
72936,55,62,-7,7
72937,164,171,-7,7
72938,77,76,1,1
72939,57,58,-1,1
72940,97,109,-12,12
72941,136,156,-20,20
72942,83,86,-3,3
72943,66,70,-4,4
72944,92,95,-3,3
72945,92,101,-9,9
72946,71,67,4,4
72947,67,83,-16,16
72948,150,142,8,8
72949,69,72,-3,3
72950,132,129,3,3
72951,194,190,4,4
72952,137,131,6,6
72953,68,71,-3,3
72954,90,101,-11,11
72955,113,109,4,4
72956,61,59,2,2
72957,160,154,6,6
72958,149,147,2,2
72959,48,69,-21,21
72960,128,133,-5,5
72961,102,101,1,1
72962,95,100,-5,5
72963,68,54,14,14
72964,164,149,15,15
72965,92,100,-8,8
72966,100,96,4,4
72967,68,75,-7,7
72968,81,78,3,3
72969,87,80,7,7
72970,121,95,26,26
72971,95,97,-2,2
72972,99,98,1,1
72973,59,64,-5,5
72974,140,133,7,7
72975,109,81,28,28
72976,147,140,7,7
72977,84,84,0,0
72978,111,102,9,9
72979,85,92,-7,7
72980,63,69,-6,6
72981,64,59,5,5
72982,75,77,-2,2
72983,136,118,18,18
72984,140,141,-1,1
72985,45,52,-7,7
72986,159,157,2,2
72987,110,107,3,3
72988,54,70,-16,16
72989,129,132,-3,3
72990,170,189,-19,19
72991,111,111,0,0
72992,72,72,0,0
72993,129,132,-3,3
72994,67,73,-6,6
72995,159,168,-9,9
72996,60,66,-6,6
72997,91,90,1,1
72998,126,123,3,3
72999,240,216,24,24
73000,113,113,0,0
73001,85,84,1,1
73002,54,62,-8,8
73003,68,74,-6,6
73004,89,91,-2,2
73005,142,135,7,7
73006,146,132,14,14
73007,87,94,-7,7
73008,122,131,-9,9
73009,81,76,5,5
73010,77,80,-3,3
73011,113,100,13,13
73012,182,197,-15,15
73013,111,109,2,2
73014,97,93,4,4
73015,90,88,2,2
73016,149,138,11,11
73017,62,73,-11,11
73018,121,123,-2,2
73019,90,90,0,0
73020,64,64,0,0
73021,158,153,5,5
73022,89,87,2,2
73023,93,89,4,4
73024,82,82,0,0
73025,80,90,-10,10
73026,231,239,-8,8
73027,52,58,-6,6
73028,185,173,12,12
73029,125,129,-4,4
73030,116,110,6,6
73031,70,71,-1,1
73032,92,89,3,3
73033,135,146,-11,11
73034,83,92,-9,9
73035,78,81,-3,3
73036,89,87,2,2
73037,98,94,4,4
73038,74,81,-7,7
73039,117,116,1,1
73040,65,227,-162,162
73041,80,88,-8,8
73042,82,78,4,4
73043,144,156,-12,12
73044,64,68,-4,4
73045,144,143,1,1
73046,46,51,-5,5
73047,29,38,-9,9
73048,81,82,-1,1
73049,115,117,-2,2
73050,99,97,2,2
73051,80,73,7,7
73052,111,107,4,4
73053,113,118,-5,5
73054,119,104,15,15
73055,49,66,-17,17
73056,128,134,-6,6
73057,168,168,0,0
73058,52,47,5,5
73059,115,111,4,4
73060,230,211,19,19
73061,113,136,-23,23
73062,66,61,5,5
73063,102,101,1,1
73064,52,54,-2,2
73065,94,92,2,2
73066,69,67,2,2
73067,146,162,-16,16
73068,130,129,1,1
73069,82,75,7,7
73070,51,50,1,1
73071,114,111,3,3
73072,58,69,-11,11
73073,70,77,-7,7
73074,74,75,-1,1
73075,75,68,7,7
73076,54,50,4,4
73077,134,138,-4,4
73078,46,54,-8,8
73079,79,82,-3,3
73080,66,75,-9,9
73081,114,120,-6,6
73082,76,85,-9,9
73083,149,148,1,1
73084,126,120,6,6
73085,91,95,-4,4
73086,56,67,-11,11
73087,131,132,-1,1
73088,119,132,-13,13
73089,119,122,-3,3
73090,124,126,-2,2
73091,142,144,-2,2
73092,215,206,9,9
73093,59,59,0,0
73094,60,65,-5,5
73095,76,83,-7,7
73096,54,51,3,3
73097,78,95,-17,17
73098,133,149,-16,16
73099,56,53,3,3
73100,79,81,-2,2
73101,74,65,9,9
73102,55,63,-8,8
73103,62,65,-3,3
73104,47,53,-6,6
73105,112,122,-10,10
73106,112,106,6,6
73107,122,126,-4,4
73108,104,106,-2,2
73109,81,103,-22,22
73110,76,88,-12,12
73111,61,55,6,6
73112,230,197,33,33
73113,87,88,-1,1
73114,94,95,-1,1
73115,83,83,0,0
73116,154,136,18,18
73117,140,135,5,5
73118,81,88,-7,7
73119,78,76,2,2
73120,112,109,3,3
73121,133,121,12,12
73122,72,76,-4,4
73123,150,123,27,27
73124,133,137,-4,4
73125,74,68,6,6
73126,122,120,2,2
73127,90,92,-2,2
73128,69,70,-1,1
73129,75,79,-4,4
73130,50,50,0,0
73131,135,129,6,6
73132,126,123,3,3
73133,68,83,-15,15
73134,88,89,-1,1
73135,78,91,-13,13
73136,55,62,-7,7
73137,94,106,-12,12
73138,57,61,-4,4
73139,70,78,-8,8
73140,150,151,-1,1
73141,67,73,-6,6
73142,78,82,-4,4
73143,82,89,-7,7
73144,123,138,-15,15
73145,75,69,6,6
73146,151,156,-5,5
73147,79,80,-1,1
73148,116,111,5,5
73149,89,84,5,5
73150,143,149,-6,6
73151,94,95,-1,1
73152,94,108,-14,14
73153,81,76,5,5
73154,77,87,-10,10
73155,85,95,-10,10
73156,104,109,-5,5
73157,58,60,-2,2
73158,76,81,-5,5
73159,72,73,-1,1
73160,90,84,6,6
73161,126,136,-10,10
73162,81,84,-3,3
73163,113,112,1,1
73164,72,79,-7,7
73165,111,116,-5,5
73166,94,91,3,3
73167,77,74,3,3
73168,76,73,3,3
73169,91,92,-1,1
73170,84,87,-3,3
73171,50,57,-7,7
73172,111,119,-8,8
73173,160,158,2,2
73174,90,87,3,3
73175,165,183,-18,18
73176,153,137,16,16
73177,38,41,-3,3
73178,76,93,-17,17
73179,73,75,-2,2
73180,99,106,-7,7
73181,64,67,-3,3
73182,148,138,10,10
73183,146,152,-6,6
73184,86,89,-3,3
73185,70,73,-3,3
73186,74,73,1,1
73187,102,96,6,6
73188,76,81,-5,5
73189,115,107,8,8
73190,111,107,4,4
73191,67,93,-26,26
73192,120,120,0,0
73193,72,74,-2,2
73194,93,92,1,1
73195,256,264,-8,8
73196,157,158,-1,1
73197,70,73,-3,3
73198,95,103,-8,8
73199,99,102,-3,3
73200,94,102,-8,8
73201,81,71,10,10
73202,102,95,7,7
73203,107,108,-1,1
73204,137,130,7,7
73205,91,96,-5,5
73206,90,92,-2,2
73207,68,72,-4,4
73208,59,59,0,0
73209,86,94,-8,8
73210,118,131,-13,13
73211,197,194,3,3
73212,55,52,3,3
73213,82,74,8,8
73214,96,100,-4,4
73215,88,102,-14,14
73216,72,90,-18,18
73217,56,63,-7,7
73218,110,114,-4,4
73219,75,77,-2,2
73220,107,119,-12,12
73221,100,109,-9,9
73222,137,130,7,7
73223,76,81,-5,5
73224,174,178,-4,4
73225,101,109,-8,8
73226,85,84,1,1
73227,53,62,-9,9
73228,108,112,-4,4
73229,82,80,2,2
73230,84,95,-11,11
73231,92,104,-12,12
73232,125,142,-17,17
73233,93,111,-18,18
73234,54,63,-9,9
73235,113,106,7,7
73236,196,194,2,2
73237,71,74,-3,3
73238,75,79,-4,4
73239,46,56,-10,10
73240,107,115,-8,8
73241,82,88,-6,6
73242,88,103,-15,15
73243,57,58,-1,1
73244,153,143,10,10
73245,131,143,-12,12
73246,111,131,-20,20
73247,136,137,-1,1
73248,58,66,-8,8
73249,85,85,0,0
73250,98,94,4,4
73251,80,86,-6,6
73252,82,90,-8,8
73253,74,70,4,4
73254,135,129,6,6
73255,88,88,0,0
73256,27,37,-10,10
73257,60,72,-12,12
73258,82,80,2,2
73259,176,185,-9,9
73260,163,150,13,13
73261,130,139,-9,9
73262,120,109,11,11
73263,143,94,49,49
73264,138,145,-7,7
73265,88,87,1,1
73266,125,126,-1,1
73267,81,80,1,1
73268,56,54,2,2
73269,70,76,-6,6
73270,59,65,-6,6
73271,117,133,-16,16
73272,35,40,-5,5
73273,115,115,0,0
73274,59,64,-5,5
73275,88,82,6,6
73276,124,134,-10,10
73277,110,99,11,11
73278,118,113,5,5
73279,103,95,8,8
73280,121,124,-3,3
73281,78,82,-4,4
73282,69,71,-2,2
73283,129,132,-3,3
73284,75,79,-4,4
73285,54,54,0,0
73286,185,180,5,5
73287,105,102,3,3
73288,65,64,1,1
73289,145,136,9,9
73290,134,132,2,2
73291,102,98,4,4
73292,75,77,-2,2
73293,106,103,3,3
73294,122,124,-2,2
73295,42,49,-7,7
73296,144,157,-13,13
73297,104,102,2,2
73298,117,107,10,10
73299,69,71,-2,2
73300,63,87,-24,24
73301,184,156,28,28
73302,96,104,-8,8
73303,86,84,2,2
73304,98,107,-9,9
73305,78,78,0,0
73306,91,95,-4,4
73307,53,55,-2,2
73308,79,75,4,4
73309,141,135,6,6
73310,82,81,1,1
73311,49,52,-3,3
73312,109,94,15,15
73313,61,64,-3,3
73314,90,97,-7,7
73315,61,52,9,9
73316,94,107,-13,13
73317,134,137,-3,3
73318,65,67,-2,2
73319,136,132,4,4
73320,164,164,0,0
73321,98,107,-9,9
73322,83,85,-2,2
73323,40,56,-16,16
73324,67,81,-14,14
73325,90,88,2,2
73326,62,57,5,5
73327,60,53,7,7
73328,115,104,11,11
73329,135,144,-9,9
73330,75,77,-2,2
73331,35,64,-29,29
73332,94,105,-11,11
73333,113,113,0,0
73334,133,138,-5,5
73335,103,59,44,44
73336,108,96,12,12
73337,65,66,-1,1
73338,67,53,14,14
73339,121,122,-1,1
73340,89,109,-20,20
73341,69,71,-2,2
73342,128,134,-6,6
73343,99,92,7,7
73344,100,101,-1,1
73345,88,79,9,9
73346,160,151,9,9
73347,94,102,-8,8
73348,111,114,-3,3
73349,83,80,3,3
73350,51,57,-6,6
73351,126,118,8,8
73352,150,135,15,15
73353,57,59,-2,2
73354,63,73,-10,10
73355,112,116,-4,4
73356,196,198,-2,2
73357,71,71,0,0
73358,152,150,2,2
73359,87,90,-3,3
73360,59,62,-3,3
73361,144,142,2,2
73362,122,116,6,6
73363,61,67,-6,6
73364,99,116,-17,17
73365,74,66,8,8
73366,68,65,3,3
73367,92,101,-9,9
73368,147,147,0,0
73369,114,116,-2,2
73370,64,65,-1,1
73371,92,81,11,11
73372,85,81,4,4
73373,100,94,6,6
73374,142,139,3,3
73375,34,65,-31,31
73376,107,98,9,9
73377,110,100,10,10
73378,154,155,-1,1
73379,69,67,2,2
73380,91,105,-14,14
73381,124,122,2,2
73382,71,65,6,6
73383,61,56,5,5
73384,110,102,8,8
73385,86,92,-6,6
73386,143,137,6,6
73387,65,65,0,0
73388,82,74,8,8
73389,90,98,-8,8
73390,156,163,-7,7
73391,177,171,6,6
73392,108,112,-4,4
73393,100,114,-14,14
73394,60,70,-10,10
73395,81,101,-20,20
73396,99,100,-1,1
73397,63,86,-23,23
73398,87,97,-10,10
73399,53,43,10,10
73400,47,56,-9,9
73401,65,74,-9,9
73402,79,77,2,2
73403,65,67,-2,2
73404,99,101,-2,2
73405,61,61,0,0
73406,101,113,-12,12
73407,75,76,-1,1
73408,99,105,-6,6
73409,84,79,5,5
73410,130,122,8,8
73411,147,142,5,5
73412,103,108,-5,5
73413,48,48,0,0
73414,88,97,-9,9
73415,115,117,-2,2
73416,81,87,-6,6
73417,69,84,-15,15
73418,144,149,-5,5
73419,103,96,7,7
73420,84,83,1,1
73421,175,178,-3,3
73422,133,122,11,11
73423,88,95,-7,7
73424,112,119,-7,7
73425,98,100,-2,2
73426,79,73,6,6
73427,65,65,0,0
73428,75,89,-14,14
73429,101,105,-4,4
73430,44,52,-8,8
73431,89,77,12,12
73432,107,109,-2,2
73433,85,86,-1,1
73434,42,48,-6,6
73435,86,98,-12,12
73436,92,89,3,3
73437,70,80,-10,10
73438,79,82,-3,3
73439,39,53,-14,14
73440,90,89,1,1
73441,126,118,8,8
73442,116,119,-3,3
73443,69,79,-10,10
73444,51,65,-14,14
73445,107,103,4,4
73446,88,84,4,4
73447,104,102,2,2
73448,81,72,9,9
73449,78,80,-2,2
73450,87,89,-2,2
73451,63,84,-21,21
73452,92,91,1,1
73453,125,137,-12,12
73454,113,108,5,5
73455,50,56,-6,6
73456,71,69,2,2
73457,78,80,-2,2
73458,65,66,-1,1
73459,145,147,-2,2
73460,64,59,5,5
73461,83,87,-4,4
73462,162,150,12,12
73463,84,86,-2,2
73464,149,146,3,3
73465,68,68,0,0
73466,84,89,-5,5
73467,74,70,4,4
73468,106,102,4,4
73469,87,92,-5,5
73470,102,118,-16,16
73471,142,133,9,9
73472,159,149,10,10
73473,49,51,-2,2
73474,133,139,-6,6
73475,89,92,-3,3
73476,47,64,-17,17
73477,111,119,-8,8
73478,79,76,3,3
73479,108,123,-15,15
73480,58,62,-4,4
73481,111,123,-12,12
73482,46,54,-8,8
73483,69,63,6,6
73484,144,147,-3,3
73485,122,127,-5,5
73486,114,110,4,4
73487,60,57,3,3
73488,75,84,-9,9
73489,79,82,-3,3
73490,97,101,-4,4
73491,177,192,-15,15
73492,111,102,9,9
73493,35,61,-26,26
73494,133,123,10,10
73495,58,53,5,5
73496,114,101,13,13
73497,80,83,-3,3
73498,133,126,7,7
73499,116,120,-4,4
73500,88,81,7,7
73501,126,121,5,5
73502,135,116,19,19
73503,85,89,-4,4
73504,154,160,-6,6
73505,118,116,2,2
73506,92,91,1,1
73507,146,155,-9,9
73508,63,68,-5,5
73509,77,74,3,3
73510,113,105,8,8
73511,110,127,-17,17
73512,63,73,-10,10
73513,78,70,8,8
73514,130,126,4,4
73515,64,65,-1,1
73516,81,84,-3,3
73517,75,68,7,7
73518,41,49,-8,8
73519,139,132,7,7
73520,60,62,-2,2
73521,81,84,-3,3
73522,108,103,5,5
73523,102,96,6,6
73524,63,68,-5,5
73525,111,111,0,0
73526,42,43,-1,1
73527,93,95,-2,2
73528,106,109,-3,3
73529,92,92,0,0
73530,87,86,1,1
73531,100,104,-4,4
73532,73,81,-8,8
73533,65,62,3,3
73534,84,91,-7,7
73535,158,159,-1,1
73536,73,74,-1,1
73537,116,133,-17,17
73538,79,87,-8,8
73539,114,110,4,4
73540,108,112,-4,4
73541,89,87,2,2
73542,65,93,-28,28
73543,123,127,-4,4
73544,70,75,-5,5
73545,58,63,-5,5
73546,61,64,-3,3
73547,118,131,-13,13
73548,91,97,-6,6
73549,82,90,-8,8
73550,42,57,-15,15
73551,43,51,-8,8
73552,144,116,28,28
73553,60,72,-12,12
73554,29,42,-13,13
73555,111,97,14,14
73556,69,70,-1,1
73557,192,185,7,7
73558,88,107,-19,19
73559,64,67,-3,3
73560,131,131,0,0
73561,107,118,-11,11
73562,95,108,-13,13
73563,70,69,1,1
73564,51,50,1,1
73565,195,186,9,9
73566,77,82,-5,5
73567,117,125,-8,8
73568,87,83,4,4
73569,46,47,-1,1
73570,71,73,-2,2
73571,65,68,-3,3
73572,171,188,-17,17
73573,106,107,-1,1
73574,82,86,-4,4
73575,130,123,7,7
73576,58,69,-11,11
73577,105,111,-6,6
73578,121,114,7,7
73579,148,160,-12,12
73580,87,89,-2,2
73581,98,94,4,4
73582,74,80,-6,6
73583,138,145,-7,7
73584,95,100,-5,5
73585,104,95,9,9
73586,64,64,0,0
73587,74,78,-4,4
73588,126,107,19,19
73589,93,99,-6,6
73590,80,80,0,0
73591,62,61,1,1
73592,56,59,-3,3
73593,91,99,-8,8
73594,202,191,11,11
73595,97,102,-5,5
73596,109,123,-14,14
73597,62,58,4,4
73598,156,161,-5,5
73599,62,64,-2,2
73600,156,158,-2,2
73601,60,63,-3,3
73602,67,69,-2,2
73603,109,114,-5,5
73604,129,125,4,4
73605,126,120,6,6
73606,141,138,3,3
73607,117,111,6,6
73608,167,169,-2,2
73609,123,137,-14,14
73610,127,114,13,13
73611,70,64,6,6
73612,67,71,-4,4
73613,93,93,0,0
73614,79,85,-6,6
73615,80,72,8,8
73616,81,91,-10,10
73617,77,79,-2,2
73618,57,53,4,4
73619,125,142,-17,17
73620,137,122,15,15
73621,98,101,-3,3
73622,76,73,3,3
73623,99,90,9,9
73624,88,89,-1,1
73625,71,70,1,1
73626,85,83,2,2
73627,93,98,-5,5
73628,112,103,9,9
73629,63,66,-3,3
73630,79,97,-18,18
73631,90,93,-3,3
73632,71,66,5,5
73633,67,100,-33,33
73634,147,113,34,34
73635,57,74,-17,17
73636,61,64,-3,3
73637,100,97,3,3
73638,79,78,1,1
73639,136,113,23,23
73640,88,92,-4,4
73641,67,68,-1,1
73642,173,164,9,9
73643,111,102,9,9
73644,96,85,11,11
73645,91,84,7,7
73646,90,83,7,7
73647,93,96,-3,3
73648,99,105,-6,6
73649,57,60,-3,3
73650,71,69,2,2
73651,165,157,8,8
73652,91,105,-14,14
73653,59,62,-3,3
73654,103,104,-1,1
73655,72,74,-2,2
73656,95,97,-2,2
73657,86,76,10,10
73658,142,118,24,24
73659,92,92,0,0
73660,86,94,-8,8
73661,143,141,2,2
73662,37,41,-4,4
73663,66,58,8,8
73664,121,122,-1,1
73665,89,43,46,46
73666,54,72,-18,18
73667,64,62,2,2
73668,48,46,2,2
73669,33,38,-5,5
73670,154,147,7,7
73671,55,55,0,0
73672,85,80,5,5
73673,68,69,-1,1
73674,88,89,-1,1
73675,61,59,2,2
73676,123,119,4,4
73677,98,99,-1,1
73678,161,158,3,3
73679,53,62,-9,9
73680,68,76,-8,8
73681,131,132,-1,1
73682,100,90,10,10
73683,64,58,6,6
73684,109,117,-8,8
73685,87,85,2,2
73686,78,78,0,0
73687,56,54,2,2
73688,96,92,4,4
73689,104,103,1,1
73690,94,98,-4,4
73691,66,64,2,2
73692,106,101,5,5
73693,132,149,-17,17
73694,142,129,13,13
73695,112,122,-10,10
73696,104,82,22,22
73697,129,136,-7,7
73698,107,107,0,0
73699,137,154,-17,17
73700,81,82,-1,1
73701,57,59,-2,2
73702,126,128,-2,2
73703,57,66,-9,9
73704,141,130,11,11
73705,94,91,3,3
73706,56,66,-10,10
73707,100,96,4,4
73708,65,73,-8,8
73709,153,160,-7,7
73710,106,104,2,2
73711,65,63,2,2
73712,89,90,-1,1
73713,69,59,10,10
73714,172,167,5,5
73715,74,78,-4,4
73716,55,63,-8,8
73717,95,91,4,4
73718,80,85,-5,5
73719,72,70,2,2
73720,69,70,-1,1
73721,77,90,-13,13
73722,136,132,4,4
73723,60,54,6,6
73724,106,94,12,12
73725,98,90,8,8
73726,113,111,2,2
73727,66,72,-6,6
73728,117,114,3,3
73729,75,77,-2,2
73730,123,118,5,5
73731,54,49,5,5
73732,157,175,-18,18
73733,100,94,6,6
73734,74,78,-4,4
73735,61,70,-9,9
73736,72,73,-1,1
73737,81,84,-3,3
73738,138,147,-9,9
73739,137,150,-13,13
73740,163,160,3,3
73741,65,79,-14,14
73742,130,133,-3,3
73743,68,67,1,1
73744,97,97,0,0
73745,167,168,-1,1
73746,93,75,18,18
73747,63,65,-2,2
73748,91,89,2,2
73749,174,168,6,6
73750,138,127,11,11
73751,75,77,-2,2
73752,129,143,-14,14
73753,116,110,6,6
73754,47,60,-13,13
73755,116,112,4,4
73756,103,101,2,2
73757,112,102,10,10
73758,133,128,5,5
73759,55,57,-2,2
73760,75,71,4,4
73761,53,56,-3,3
73762,88,100,-12,12
73763,132,134,-2,2
73764,35,47,-12,12
73765,45,64,-19,19
73766,67,75,-8,8
73767,124,117,7,7
73768,148,146,2,2
73769,138,129,9,9
73770,98,97,1,1
73771,81,83,-2,2
73772,54,55,-1,1
73773,35,53,-18,18
73774,69,73,-4,4
73775,66,69,-3,3
73776,116,114,2,2
73777,86,84,2,2
73778,95,96,-1,1
73779,95,104,-9,9
73780,61,58,3,3
73781,79,78,1,1
73782,74,99,-25,25
73783,117,120,-3,3
73784,63,65,-2,2
73785,138,123,15,15
73786,125,130,-5,5
73787,95,92,3,3
73788,66,66,0,0
73789,53,54,-1,1
73790,83,82,1,1
73791,60,64,-4,4
73792,52,52,0,0
73793,55,53,2,2
73794,100,111,-11,11
73795,91,111,-20,20
73796,87,85,2,2
73797,63,53,10,10
73798,122,107,15,15
73799,75,69,6,6
73800,57,70,-13,13
73801,55,57,-2,2
73802,110,103,7,7
73803,88,97,-9,9
73804,155,164,-9,9
73805,96,101,-5,5
73806,81,70,11,11
73807,102,97,5,5
73808,141,129,12,12
73809,105,105,0,0
73810,68,65,3,3
73811,80,73,7,7
73812,94,107,-13,13
73813,60,59,1,1
73814,107,102,5,5
73815,112,107,5,5
73816,92,97,-5,5
73817,86,78,8,8
73818,131,119,12,12
73819,62,67,-5,5
73820,146,152,-6,6
73821,67,79,-12,12
73822,77,92,-15,15
73823,101,106,-5,5
73824,80,71,9,9
73825,97,88,9,9
73826,140,138,2,2
73827,128,138,-10,10
73828,108,117,-9,9
73829,91,94,-3,3
73830,91,100,-9,9
73831,87,83,4,4
73832,151,140,11,11
73833,91,93,-2,2
73834,161,157,4,4
73835,60,70,-10,10
73836,135,130,5,5
73837,73,82,-9,9
73838,88,106,-18,18
73839,71,71,0,0
73840,80,83,-3,3
73841,50,52,-2,2
73842,106,101,5,5
73843,66,75,-9,9
73844,90,97,-7,7
73845,122,114,8,8
73846,99,95,4,4
73847,73,74,-1,1
73848,60,69,-9,9
73849,63,80,-17,17
73850,105,126,-21,21
73851,34,52,-18,18
73852,74,80,-6,6
73853,122,124,-2,2
73854,123,113,10,10
73855,66,61,5,5
73856,122,121,1,1
73857,114,105,9,9
73858,165,167,-2,2
73859,139,165,-26,26
73860,58,43,15,15
73861,70,74,-4,4
73862,71,67,4,4
73863,158,185,-27,27
73864,66,63,3,3
73865,166,125,41,41
73866,129,139,-10,10
73867,91,90,1,1
73868,109,141,-32,32
73869,118,131,-13,13
73870,90,95,-5,5
73871,125,121,4,4
73872,94,91,3,3
73873,107,97,10,10
73874,144,128,16,16
73875,83,83,0,0
73876,71,78,-7,7
73877,93,91,2,2
73878,103,103,0,0
73879,78,74,4,4
73880,33,76,-43,43
73881,44,81,-37,37
73882,129,118,11,11
73883,210,210,0,0
73884,98,91,7,7
73885,60,73,-13,13
73886,110,107,3,3
73887,56,58,-2,2
73888,149,142,7,7
73889,86,88,-2,2
73890,101,108,-7,7
73891,80,75,5,5
73892,96,98,-2,2
73893,66,61,5,5
73894,73,86,-13,13
73895,87,78,9,9
73896,73,69,4,4
73897,96,102,-6,6
73898,36,43,-7,7
73899,171,180,-9,9
73900,125,129,-4,4
73901,82,83,-1,1
73902,79,77,2,2
73903,148,146,2,2
73904,137,137,0,0
73905,82,85,-3,3
73906,72,95,-23,23
73907,57,59,-2,2
73908,162,159,3,3
73909,148,141,7,7
73910,82,83,-1,1
73911,76,88,-12,12
73912,72,69,3,3
73913,42,60,-18,18
73914,102,106,-4,4
73915,61,69,-8,8
73916,107,109,-2,2
73917,72,74,-2,2
73918,117,135,-18,18
73919,70,74,-4,4
73920,60,62,-2,2
73921,110,100,10,10
73922,94,91,3,3
73923,121,132,-11,11
73924,102,102,0,0
73925,61,67,-6,6
73926,69,76,-7,7
73927,51,64,-13,13
73928,113,126,-13,13
73929,148,173,-25,25
73930,129,100,29,29
73931,60,60,0,0
73932,82,103,-21,21
73933,149,146,3,3
73934,64,65,-1,1
73935,95,96,-1,1
73936,105,101,4,4
73937,129,133,-4,4
73938,140,136,4,4
73939,143,152,-9,9
73940,67,65,2,2
73941,81,81,0,0
73942,131,119,12,12
73943,61,52,9,9
73944,95,93,2,2
73945,121,123,-2,2
73946,96,84,12,12
73947,159,147,12,12
73948,51,51,0,0
73949,72,70,2,2
73950,83,84,-1,1
73951,114,110,4,4
73952,90,94,-4,4
73953,72,71,1,1
73954,88,86,2,2
73955,149,149,0,0
73956,69,67,2,2
73957,67,75,-8,8
73958,65,78,-13,13
73959,119,133,-14,14
73960,146,141,5,5
73961,75,87,-12,12
73962,175,161,14,14
73963,109,120,-11,11
73964,80,77,3,3
73965,99,94,5,5
73966,137,148,-11,11
73967,77,100,-23,23
73968,44,73,-29,29
73969,96,65,31,31
73970,55,61,-6,6
73971,113,110,3,3
73972,108,114,-6,6
73973,55,59,-4,4
73974,138,120,18,18
73975,74,72,2,2
73976,69,75,-6,6
73977,131,132,-1,1
73978,129,167,-38,38
73979,103,104,-1,1
73980,50,51,-1,1
73981,90,92,-2,2
73982,42,45,-3,3
73983,140,168,-28,28
73984,76,100,-24,24
73985,113,111,2,2
73986,43,57,-14,14
73987,73,84,-11,11
73988,116,122,-6,6
73989,112,126,-14,14
73990,126,129,-3,3
73991,98,88,10,10
73992,83,83,0,0
73993,51,59,-8,8
73994,73,94,-21,21
73995,220,190,30,30
73996,72,85,-13,13
73997,63,67,-4,4
73998,107,115,-8,8
73999,90,92,-2,2
74000,50,56,-6,6
74001,100,100,0,0
74002,126,117,9,9
74003,73,74,-1,1
74004,88,96,-8,8
74005,65,80,-15,15
74006,73,62,11,11
74007,83,85,-2,2
74008,118,127,-9,9
74009,77,77,0,0
74010,175,174,1,1
74011,101,99,2,2
74012,72,66,6,6
74013,84,87,-3,3
74014,320,405,-85,85
74015,86,109,-23,23
74016,48,52,-4,4
74017,82,76,6,6
74018,111,109,2,2
74019,83,87,-4,4
74020,105,113,-8,8
74021,87,97,-10,10
74022,92,90,2,2
74023,106,117,-11,11
74024,179,179,0,0
74025,123,116,7,7
74026,68,72,-4,4
74027,52,55,-3,3
74028,155,138,17,17
74029,97,112,-15,15
74030,78,81,-3,3
74031,52,55,-3,3
74032,62,65,-3,3
74033,92,95,-3,3
74034,113,108,5,5
74035,141,129,12,12
74036,66,73,-7,7
74037,97,88,9,9
74038,80,104,-24,24
74039,71,97,-26,26
74040,117,118,-1,1
74041,202,190,12,12
74042,89,88,1,1
74043,65,68,-3,3
74044,83,93,-10,10
74045,151,145,6,6
74046,68,64,4,4
74047,84,92,-8,8
74048,114,108,6,6
74049,67,66,1,1
74050,48,49,-1,1
74051,108,111,-3,3
74052,159,119,40,40
74053,84,85,-1,1
74054,153,146,7,7
74055,52,67,-15,15
74056,159,156,3,3
74057,118,124,-6,6
74058,83,93,-10,10
74059,50,54,-4,4
74060,125,127,-2,2
74061,41,95,-54,54
74062,62,69,-7,7
74063,85,81,4,4
74064,133,139,-6,6
74065,129,125,4,4
74066,97,86,11,11
74067,102,108,-6,6
74068,23,29,-6,6
74069,74,82,-8,8
74070,41,52,-11,11
74071,108,116,-8,8
74072,104,109,-5,5
74073,108,95,13,13
74074,97,105,-8,8
74075,74,79,-5,5
74076,94,103,-9,9
74077,78,74,4,4
74078,117,126,-9,9
74079,119,123,-4,4
74080,60,58,2,2
74081,86,82,4,4
74082,84,86,-2,2
74083,72,78,-6,6
74084,93,102,-9,9
74085,72,73,-1,1
74086,156,112,44,44
74087,73,82,-9,9
74088,108,113,-5,5
74089,126,141,-15,15
74090,93,99,-6,6
74091,79,72,7,7
74092,181,160,21,21
74093,83,79,4,4
74094,119,120,-1,1
74095,71,72,-1,1
74096,77,78,-1,1
74097,104,111,-7,7
74098,72,80,-8,8
74099,68,70,-2,2
74100,98,105,-7,7
74101,57,78,-21,21
74102,80,121,-41,41
74103,73,85,-12,12
74104,191,176,15,15
74105,100,95,5,5
74106,132,121,11,11
74107,40,43,-3,3
74108,54,61,-7,7
74109,154,154,0,0
74110,139,140,-1,1
74111,107,108,-1,1
74112,128,124,4,4
74113,133,130,3,3
74114,83,73,10,10
74115,63,91,-28,28
74116,81,86,-5,5
74117,163,156,7,7
74118,109,111,-2,2
74119,63,62,1,1
74120,90,88,2,2
74121,81,98,-17,17
74122,66,68,-2,2
74123,120,129,-9,9
74124,89,84,5,5
74125,67,69,-2,2
74126,85,88,-3,3
74127,78,80,-2,2
74128,75,79,-4,4
74129,198,192,6,6
74130,92,84,8,8
74131,118,110,8,8
74132,57,60,-3,3
74133,155,151,4,4
74134,86,84,2,2
74135,67,65,2,2
74136,178,161,17,17
74137,68,72,-4,4
74138,85,89,-4,4
74139,79,83,-4,4
74140,93,88,5,5
74141,50,57,-7,7
74142,58,63,-5,5
74143,104,105,-1,1
74144,100,95,5,5
74145,201,196,5,5
74146,105,114,-9,9
74147,105,109,-4,4
74148,90,93,-3,3
74149,68,69,-1,1
74150,74,81,-7,7
74151,60,61,-1,1
74152,59,66,-7,7
74153,97,103,-6,6
74154,87,84,3,3
74155,55,64,-9,9
74156,111,113,-2,2
74157,119,106,13,13
74158,115,114,1,1
74159,59,55,4,4
74160,61,61,0,0
74161,30,83,-53,53
74162,96,94,2,2
74163,131,116,15,15
74164,183,178,5,5
74165,161,172,-11,11
74166,146,155,-9,9
74167,200,197,3,3
74168,100,107,-7,7
74169,114,112,2,2
74170,108,102,6,6
74171,73,69,4,4
74172,75,71,4,4
74173,72,73,-1,1
74174,143,157,-14,14
74175,101,92,9,9
74176,66,72,-6,6
74177,164,150,14,14
74178,85,90,-5,5
74179,88,90,-2,2
74180,98,102,-4,4
74181,54,95,-41,41
74182,95,97,-2,2
74183,64,72,-8,8
74184,144,136,8,8
74185,105,103,2,2
74186,102,114,-12,12
74187,114,98,16,16
74188,54,60,-6,6
74189,112,106,6,6
74190,181,162,19,19
74191,110,108,2,2
74192,75,78,-3,3
74193,51,61,-10,10
74194,98,99,-1,1
74195,85,90,-5,5
74196,54,59,-5,5
74197,57,62,-5,5
74198,77,87,-10,10
74199,66,74,-8,8
74200,84,77,7,7
74201,102,108,-6,6
74202,124,127,-3,3
74203,129,126,3,3
74204,195,191,4,4
74205,111,114,-3,3
74206,109,110,-1,1
74207,68,70,-2,2
74208,57,51,6,6
74209,76,91,-15,15
74210,99,96,3,3
74211,78,86,-8,8
74212,124,140,-16,16
74213,83,79,4,4
74214,82,82,0,0
74215,73,73,0,0
74216,66,76,-10,10
74217,102,103,-1,1
74218,107,119,-12,12
74219,101,98,3,3
74220,119,127,-8,8
74221,120,128,-8,8
74222,69,74,-5,5
74223,80,103,-23,23
74224,113,115,-2,2
74225,63,69,-6,6
74226,94,97,-3,3
74227,146,149,-3,3
74228,109,111,-2,2
74229,117,107,10,10
74230,66,72,-6,6
74231,151,121,30,30
74232,60,50,10,10
74233,146,173,-27,27
74234,135,142,-7,7
74235,90,82,8,8
74236,48,61,-13,13
74237,71,74,-3,3
74238,155,163,-8,8
74239,86,76,10,10
74240,111,130,-19,19
74241,96,94,2,2
74242,137,150,-13,13
74243,81,84,-3,3
74244,60,65,-5,5
74245,83,89,-6,6
74246,106,98,8,8
74247,67,69,-2,2
74248,52,53,-1,1
74249,104,104,0,0
74250,73,82,-9,9
74251,87,63,24,24
74252,148,157,-9,9
74253,77,74,3,3
74254,92,92,0,0
74255,201,198,3,3
74256,50,59,-9,9
74257,149,150,-1,1
74258,150,126,24,24
74259,89,95,-6,6
74260,131,134,-3,3
74261,73,69,4,4
74262,83,71,12,12
74263,155,154,1,1
74264,80,60,20,20
74265,128,128,0,0
74266,59,73,-14,14
74267,85,96,-11,11
74268,87,111,-24,24
74269,85,82,3,3
74270,72,69,3,3
74271,72,86,-14,14
74272,56,57,-1,1
74273,127,127,0,0
74274,73,72,1,1
74275,94,80,14,14
74276,72,68,4,4
74277,48,51,-3,3
74278,130,120,10,10
74279,103,101,2,2
74280,96,86,10,10
74281,140,143,-3,3
74282,63,72,-9,9
74283,61,69,-8,8
74284,78,73,5,5
74285,75,72,3,3
74286,81,96,-15,15
74287,79,86,-7,7
74288,94,91,3,3
74289,117,118,-1,1
74290,59,60,-1,1
74291,84,80,4,4
74292,149,139,10,10
74293,109,121,-12,12
74294,46,58,-12,12
74295,131,125,6,6
74296,118,112,6,6
74297,83,99,-16,16
74298,68,83,-15,15
74299,70,92,-22,22
74300,49,52,-3,3
74301,73,73,0,0
74302,132,142,-10,10
74303,93,86,7,7
74304,159,181,-22,22
74305,107,110,-3,3
74306,185,178,7,7
74307,143,142,1,1
74308,60,71,-11,11
74309,78,70,8,8
74310,106,109,-3,3
74311,98,83,15,15
74312,101,93,8,8
74313,39,58,-19,19
74314,104,110,-6,6
74315,51,64,-13,13
74316,88,84,4,4
74317,83,87,-4,4
74318,116,138,-22,22
74319,59,62,-3,3
74320,88,87,1,1
74321,206,177,29,29
74322,147,128,19,19
74323,40,44,-4,4
74324,45,50,-5,5
74325,89,88,1,1
74326,146,144,2,2
74327,76,80,-4,4
74328,92,74,18,18
74329,35,38,-3,3
74330,77,100,-23,23
74331,104,107,-3,3
74332,97,95,2,2
74333,135,135,0,0
74334,63,64,-1,1
74335,54,58,-4,4
74336,117,122,-5,5
74337,79,76,3,3
74338,64,69,-5,5
74339,63,61,2,2
74340,63,69,-6,6
74341,80,80,0,0
74342,136,141,-5,5
74343,106,88,18,18
74344,76,74,2,2
74345,80,78,2,2
74346,126,125,1,1
74347,96,97,-1,1
74348,56,62,-6,6
74349,124,129,-5,5
74350,137,137,0,0
74351,63,72,-9,9
74352,59,59,0,0
74353,102,100,2,2
74354,41,53,-12,12
74355,84,90,-6,6
74356,99,105,-6,6
74357,108,120,-12,12
74358,125,129,-4,4
74359,115,111,4,4
74360,84,91,-7,7
74361,100,107,-7,7
74362,128,134,-6,6
74363,60,60,0,0
74364,77,85,-8,8
74365,63,60,3,3
74366,90,104,-14,14
74367,64,76,-12,12
74368,61,62,-1,1
74369,99,107,-8,8
74370,97,106,-9,9
74371,65,60,5,5
74372,99,97,2,2
74373,181,169,12,12
74374,83,90,-7,7
74375,102,104,-2,2
74376,136,143,-7,7
74377,56,56,0,0
74378,132,129,3,3
74379,76,77,-1,1
74380,101,101,0,0
74381,110,94,16,16
74382,51,43,8,8
74383,60,68,-8,8
74384,127,132,-5,5
74385,81,111,-30,30
74386,59,59,0,0
74387,82,86,-4,4
74388,103,97,6,6
74389,99,100,-1,1
74390,50,46,4,4
74391,85,99,-14,14
74392,67,60,7,7
74393,125,124,1,1
74394,93,87,6,6
74395,116,112,4,4
74396,68,81,-13,13
74397,77,83,-6,6
74398,95,98,-3,3
74399,59,71,-12,12
74400,111,103,8,8
74401,79,86,-7,7
74402,84,92,-8,8
74403,89,90,-1,1
74404,164,164,0,0
74405,72,69,3,3
74406,78,86,-8,8
74407,149,156,-7,7
74408,95,82,13,13
74409,85,81,4,4
74410,96,95,1,1
74411,72,67,5,5
74412,112,111,1,1
74413,77,61,16,16
74414,40,42,-2,2
74415,110,112,-2,2
74416,59,69,-10,10
74417,107,106,1,1
74418,66,77,-11,11
74419,87,80,7,7
74420,72,77,-5,5
74421,85,92,-7,7
74422,49,53,-4,4
74423,72,78,-6,6
74424,156,165,-9,9
74425,75,53,22,22
74426,83,80,3,3
74427,107,111,-4,4
74428,97,90,7,7
74429,108,106,2,2
74430,89,80,9,9
74431,103,116,-13,13
74432,133,111,22,22
74433,56,56,0,0
74434,77,83,-6,6
74435,88,83,5,5
74436,106,113,-7,7
74437,134,147,-13,13
74438,81,88,-7,7
74439,126,124,2,2
74440,69,78,-9,9
74441,120,167,-47,47
74442,121,111,10,10
74443,62,61,1,1
74444,85,79,6,6
74445,93,86,7,7
74446,111,108,3,3
74447,99,119,-20,20
74448,50,55,-5,5
74449,98,98,0,0
74450,83,80,3,3
74451,94,105,-11,11
74452,144,144,0,0
74453,49,52,-3,3
74454,46,48,-2,2
74455,87,98,-11,11
74456,80,91,-11,11
74457,150,131,19,19
74458,67,75,-8,8
74459,39,47,-8,8
74460,82,77,5,5
74461,76,80,-4,4
74462,56,56,0,0
74463,33,46,-13,13
74464,95,93,2,2
74465,67,61,6,6
74466,87,92,-5,5
74467,101,100,1,1
74468,62,63,-1,1
74469,62,72,-10,10
74470,93,87,6,6
74471,71,63,8,8
74472,79,82,-3,3
74473,86,82,4,4
74474,70,75,-5,5
74475,117,119,-2,2
74476,51,55,-4,4
74477,168,160,8,8
74478,120,108,12,12
74479,99,102,-3,3
74480,73,81,-8,8
74481,120,122,-2,2
74482,136,134,2,2
74483,57,82,-25,25
74484,89,86,3,3
74485,89,98,-9,9
74486,81,89,-8,8
74487,72,60,12,12
74488,104,101,3,3
74489,141,143,-2,2
74490,79,83,-4,4
74491,167,166,1,1
74492,86,84,2,2
74493,138,132,6,6
74494,66,70,-4,4
74495,59,62,-3,3
74496,110,126,-16,16
74497,82,76,6,6
74498,92,92,0,0
74499,62,58,4,4
74500,82,77,5,5
74501,62,70,-8,8
74502,94,92,2,2
74503,135,156,-21,21
74504,227,263,-36,36
74505,85,82,3,3
74506,74,84,-10,10
74507,106,143,-37,37
74508,52,59,-7,7
74509,96,96,0,0
74510,97,107,-10,10
74511,143,159,-16,16
74512,84,75,9,9
74513,77,71,6,6
74514,49,59,-10,10
74515,116,109,7,7
74516,67,90,-23,23
74517,74,80,-6,6
74518,83,84,-1,1
74519,77,78,-1,1
74520,113,118,-5,5
74521,125,127,-2,2
74522,59,58,1,1
74523,62,65,-3,3
74524,148,142,6,6
74525,56,68,-12,12
74526,85,100,-15,15
74527,158,146,12,12
74528,79,76,3,3
74529,87,84,3,3
74530,115,139,-24,24
74531,62,63,-1,1
74532,78,80,-2,2
74533,107,100,7,7
74534,129,134,-5,5
74535,109,105,4,4
74536,46,53,-7,7
74537,73,68,5,5
74538,47,48,-1,1
74539,57,57,0,0
74540,136,145,-9,9
74541,74,68,6,6
74542,73,74,-1,1
74543,117,115,2,2
74544,64,41,23,23
74545,65,72,-7,7
74546,61,60,1,1
74547,40,46,-6,6
74548,84,84,0,0
74549,96,88,8,8
74550,108,102,6,6
74551,148,149,-1,1
74552,111,113,-2,2
74553,131,143,-12,12
74554,55,60,-5,5
74555,132,127,5,5
74556,156,140,16,16
74557,68,65,3,3
74558,109,93,16,16
74559,65,64,1,1
74560,78,72,6,6
74561,136,132,4,4
74562,190,207,-17,17
74563,157,158,-1,1
74564,110,112,-2,2
74565,50,66,-16,16
74566,123,140,-17,17
74567,127,123,4,4
74568,88,91,-3,3
74569,116,120,-4,4
74570,85,91,-6,6
74571,116,116,0,0
74572,181,168,13,13
74573,87,90,-3,3
74574,135,144,-9,9
74575,64,75,-11,11
74576,92,95,-3,3
74577,59,65,-6,6
74578,81,77,4,4
74579,71,72,-1,1
74580,130,139,-9,9
74581,96,85,11,11
74582,86,84,2,2
74583,107,125,-18,18
74584,118,108,10,10
74585,93,97,-4,4
74586,88,93,-5,5
74587,54,65,-11,11
74588,101,106,-5,5
74589,58,63,-5,5
74590,109,101,8,8
74591,106,115,-9,9
74592,139,140,-1,1
74593,50,48,2,2
74594,168,172,-4,4
74595,115,120,-5,5
74596,70,76,-6,6
74597,92,93,-1,1
74598,133,128,5,5
74599,74,76,-2,2
74600,159,167,-8,8
74601,120,120,0,0
74602,84,101,-17,17
74603,103,113,-10,10
74604,183,163,20,20
74605,139,138,1,1
74606,86,82,4,4
74607,82,89,-7,7
74608,61,71,-10,10
74609,123,102,21,21
74610,87,97,-10,10
74611,135,139,-4,4
74612,99,94,5,5
74613,74,76,-2,2
74614,74,78,-4,4
74615,139,151,-12,12
74616,85,83,2,2
74617,70,80,-10,10
74618,106,104,2,2
74619,123,134,-11,11
74620,100,101,-1,1
74621,61,63,-2,2
74622,92,97,-5,5
74623,132,139,-7,7
74624,59,67,-8,8
74625,226,216,10,10
74626,84,76,8,8
74627,165,170,-5,5
74628,83,94,-11,11
74629,115,121,-6,6
74630,159,155,4,4
74631,93,85,8,8
74632,126,135,-9,9
74633,51,56,-5,5
74634,118,122,-4,4
74635,80,71,9,9
74636,161,144,17,17
74637,91,94,-3,3
74638,83,86,-3,3
74639,91,89,2,2
74640,234,225,9,9
74641,78,73,5,5
74642,101,95,6,6
74643,72,72,0,0
74644,92,78,14,14
74645,44,61,-17,17
74646,76,81,-5,5
74647,106,98,8,8
74648,119,102,17,17
74649,111,98,13,13
74650,111,122,-11,11
74651,105,96,9,9
74652,62,69,-7,7
74653,113,119,-6,6
74654,94,103,-9,9
74655,155,142,13,13
74656,59,59,0,0
74657,86,98,-12,12
74658,61,82,-21,21
74659,198,185,13,13
74660,83,83,0,0
74661,50,66,-16,16
74662,126,127,-1,1
74663,95,87,8,8
74664,95,87,8,8
74665,24,40,-16,16
74666,90,94,-4,4
74667,47,48,-1,1
74668,64,76,-12,12
74669,107,113,-6,6
74670,94,86,8,8
74671,77,76,1,1
74672,111,130,-19,19
74673,107,109,-2,2
74674,33,41,-8,8
74675,73,75,-2,2
74676,63,63,0,0
74677,90,94,-4,4
74678,89,177,-88,88
74679,79,79,0,0
74680,128,127,1,1
74681,91,87,4,4
74682,114,112,2,2
74683,103,101,2,2
74684,61,57,4,4
74685,122,137,-15,15
74686,114,115,-1,1
74687,143,133,10,10
74688,75,74,1,1
74689,66,61,5,5
74690,90,91,-1,1
74691,108,88,20,20
74692,74,80,-6,6
74693,137,138,-1,1
74694,121,111,10,10
74695,85,102,-17,17
74696,47,55,-8,8
74697,51,61,-10,10
74698,79,77,2,2
74699,80,77,3,3
74700,111,109,2,2
74701,126,136,-10,10
74702,37,40,-3,3
74703,87,88,-1,1
74704,102,101,1,1
74705,73,74,-1,1
74706,81,98,-17,17
74707,85,75,10,10
74708,127,125,2,2
74709,127,122,5,5
74710,93,105,-12,12
74711,122,126,-4,4
74712,175,160,15,15
74713,96,98,-2,2
74714,88,86,2,2
74715,162,145,17,17
74716,124,135,-11,11
74717,42,44,-2,2
74718,90,90,0,0
74719,91,94,-3,3
74720,129,133,-4,4
74721,53,60,-7,7
74722,75,78,-3,3
74723,88,82,6,6
74724,70,72,-2,2
74725,185,181,4,4
74726,105,95,10,10
74727,128,124,4,4
74728,103,105,-2,2
74729,100,108,-8,8
74730,71,73,-2,2
74731,157,143,14,14
74732,103,114,-11,11
74733,118,118,0,0
74734,140,157,-17,17
74735,102,110,-8,8
74736,71,70,1,1
74737,143,145,-2,2
74738,58,64,-6,6
74739,96,105,-9,9
74740,112,118,-6,6
74741,85,85,0,0
74742,92,105,-13,13
74743,81,87,-6,6
74744,102,107,-5,5
74745,43,75,-32,32
74746,87,80,7,7
74747,118,118,0,0
74748,85,78,7,7
74749,100,101,-1,1
74750,83,94,-11,11
74751,83,73,10,10
74752,89,85,4,4
74753,50,54,-4,4
74754,134,133,1,1
74755,65,66,-1,1
74756,72,86,-14,14
74757,75,72,3,3
74758,78,82,-4,4
74759,81,89,-8,8
74760,105,112,-7,7
74761,67,65,2,2
74762,136,78,58,58
74763,86,105,-19,19
74764,139,133,6,6
74765,78,79,-1,1
74766,38,73,-35,35
74767,78,80,-2,2
74768,59,55,4,4
74769,91,89,2,2
74770,152,145,7,7
74771,148,152,-4,4
74772,108,113,-5,5
74773,77,78,-1,1
74774,83,76,7,7
74775,89,88,1,1
74776,104,97,7,7
74777,117,125,-8,8
74778,151,147,4,4
74779,45,52,-7,7
74780,60,50,10,10
74781,125,131,-6,6
74782,41,44,-3,3
74783,49,54,-5,5
74784,140,140,0,0
74785,90,97,-7,7
74786,93,97,-4,4
74787,100,89,11,11
74788,125,124,1,1
74789,114,121,-7,7
74790,128,128,0,0
74791,60,61,-1,1
74792,191,186,5,5
74793,140,149,-9,9
74794,82,102,-20,20
74795,76,76,0,0
74796,117,122,-5,5
74797,83,87,-4,4
74798,82,83,-1,1
74799,122,136,-14,14
74800,60,60,0,0
74801,117,116,1,1
74802,96,85,11,11
74803,115,117,-2,2
74804,134,136,-2,2
74805,109,111,-2,2
74806,91,86,5,5
74807,72,77,-5,5
74808,96,93,3,3
74809,80,84,-4,4
74810,71,76,-5,5
74811,95,91,4,4
74812,101,103,-2,2
74813,67,71,-4,4
74814,87,96,-9,9
74815,89,94,-5,5
74816,62,69,-7,7
74817,126,154,-28,28
74818,78,83,-5,5
74819,100,108,-8,8
74820,96,93,3,3
74821,100,100,0,0
74822,59,62,-3,3
74823,93,93,0,0
74824,120,120,0,0
74825,70,70,0,0
74826,46,51,-5,5
74827,153,151,2,2
74828,91,93,-2,2
74829,94,104,-10,10
74830,74,93,-19,19
74831,87,79,8,8
74832,76,74,2,2
74833,56,54,2,2
74834,104,132,-28,28
74835,126,128,-2,2
74836,115,115,0,0
74837,107,109,-2,2
74838,41,52,-11,11
74839,75,68,7,7
74840,76,83,-7,7
74841,75,85,-10,10
74842,50,57,-7,7
74843,118,122,-4,4
74844,131,130,1,1
74845,92,135,-43,43
74846,113,106,7,7
74847,126,117,9,9
74848,65,75,-10,10
74849,128,130,-2,2
74850,89,96,-7,7
74851,100,84,16,16
74852,85,82,3,3
74853,166,159,7,7
74854,100,118,-18,18
74855,119,125,-6,6
74856,72,72,0,0
74857,78,79,-1,1
74858,70,61,9,9
74859,84,86,-2,2
74860,56,53,3,3
74861,18,58,-40,40
74862,75,76,-1,1
74863,107,125,-18,18
74864,86,72,14,14
74865,128,138,-10,10
74866,99,111,-12,12
74867,69,73,-4,4
74868,130,123,7,7
74869,127,129,-2,2
74870,188,187,1,1
74871,99,104,-5,5
74872,83,82,1,1
74873,105,103,2,2
74874,56,62,-6,6
74875,84,85,-1,1
74876,43,51,-8,8
74877,104,121,-17,17
74878,93,93,0,0
74879,111,122,-11,11
74880,106,119,-13,13
74881,77,74,3,3
74882,74,71,3,3
74883,138,146,-8,8
74884,47,57,-10,10
74885,158,162,-4,4
74886,111,116,-5,5
74887,84,87,-3,3
74888,129,135,-6,6
74889,76,83,-7,7
74890,84,81,3,3
74891,67,64,3,3
74892,61,54,7,7
74893,107,100,7,7
74894,79,67,12,12
74895,112,125,-13,13
74896,53,54,-1,1
74897,84,82,2,2
74898,46,57,-11,11
74899,115,116,-1,1
74900,48,42,6,6
74901,51,54,-3,3
74902,73,82,-9,9
74903,81,103,-22,22
74904,53,61,-8,8
74905,144,146,-2,2
74906,93,89,4,4
74907,63,77,-14,14
74908,47,45,2,2
74909,117,122,-5,5
74910,172,114,58,58
74911,57,64,-7,7
74912,143,136,7,7
74913,108,116,-8,8
74914,140,130,10,10
74915,70,69,1,1
74916,96,99,-3,3
74917,107,114,-7,7
74918,116,118,-2,2
74919,120,124,-4,4
74920,60,52,8,8
74921,77,90,-13,13
74922,112,116,-4,4
74923,97,109,-12,12
74924,183,203,-20,20
74925,95,94,1,1
74926,92,89,3,3
74927,76,96,-20,20
74928,99,104,-5,5
74929,85,86,-1,1
74930,76,73,3,3
74931,93,79,14,14
74932,50,56,-6,6
74933,55,53,2,2
74934,88,88,0,0
74935,97,119,-22,22
74936,83,81,2,2
74937,54,55,-1,1
74938,86,90,-4,4
74939,77,96,-19,19
74940,282,362,-80,80
74941,136,142,-6,6
74942,91,90,1,1
74943,150,165,-15,15
74944,66,69,-3,3
74945,71,79,-8,8
74946,87,89,-2,2
74947,87,93,-6,6
74948,119,123,-4,4
74949,148,143,5,5
74950,117,116,1,1
74951,85,90,-5,5
74952,97,99,-2,2
74953,49,49,0,0
74954,103,105,-2,2
74955,38,50,-12,12
74956,86,97,-11,11
74957,49,50,-1,1
74958,103,104,-1,1
74959,103,122,-19,19
74960,45,66,-21,21
74961,103,107,-4,4
74962,83,87,-4,4
74963,95,91,4,4
74964,60,76,-16,16
74965,102,105,-3,3
74966,138,156,-18,18
74967,83,78,5,5
74968,95,108,-13,13
74969,96,95,1,1
74970,150,149,1,1
74971,53,53,0,0
74972,133,115,18,18
74973,45,49,-4,4
74974,50,58,-8,8
74975,35,97,-62,62
74976,103,91,12,12
74977,58,53,5,5
74978,72,78,-6,6
74979,100,114,-14,14
74980,95,89,6,6
74981,109,102,7,7
74982,57,81,-24,24
74983,68,90,-22,22
74984,89,97,-8,8
74985,129,128,1,1
74986,118,119,-1,1
74987,114,117,-3,3
74988,112,116,-4,4
74989,103,100,3,3
74990,95,100,-5,5
74991,130,144,-14,14
74992,95,85,10,10
74993,129,125,4,4
74994,84,84,0,0
74995,103,113,-10,10
74996,146,146,0,0
74997,84,90,-6,6
74998,143,141,2,2
74999,84,100,-16,16
75000,69,76,-7,7
75001,94,103,-9,9
75002,56,71,-15,15
75003,133,139,-6,6
75004,49,61,-12,12
75005,58,58,0,0
75006,122,112,10,10
75007,117,117,0,0
75008,87,81,6,6
75009,113,108,5,5
75010,60,56,4,4
75011,65,67,-2,2
75012,103,104,-1,1
75013,152,144,8,8
75014,121,127,-6,6
75015,119,121,-2,2
75016,47,53,-6,6
75017,113,106,7,7
75018,101,101,0,0
75019,73,88,-15,15
75020,88,100,-12,12
75021,156,145,11,11
75022,99,88,11,11
75023,86,87,-1,1
75024,101,117,-16,16
75025,91,92,-1,1
75026,59,64,-5,5
75027,72,77,-5,5
75028,111,98,13,13
75029,108,107,1,1
75030,78,78,0,0
75031,63,79,-16,16
75032,97,100,-3,3
75033,76,81,-5,5
75034,94,106,-12,12
75035,83,79,4,4
75036,72,78,-6,6
75037,113,105,8,8
75038,126,126,0,0
75039,86,100,-14,14
75040,67,57,10,10
75041,149,136,13,13
75042,89,84,5,5
75043,115,90,25,25
75044,111,103,8,8
75045,135,146,-11,11
75046,54,61,-7,7
75047,123,127,-4,4
75048,82,90,-8,8
75049,26,43,-17,17
75050,66,66,0,0
75051,117,118,-1,1
75052,135,152,-17,17
75053,70,68,2,2
75054,59,57,2,2
75055,141,147,-6,6
75056,64,63,1,1
75057,126,137,-11,11
75058,97,91,6,6
75059,54,51,3,3
75060,99,99,0,0
75061,138,131,7,7
75062,130,139,-9,9
75063,111,104,7,7
75064,81,83,-2,2
75065,97,100,-3,3
75066,146,143,3,3
75067,92,85,7,7
75068,68,69,-1,1
75069,70,75,-5,5
75070,79,69,10,10
75071,57,77,-20,20
75072,70,44,26,26
75073,52,57,-5,5
75074,82,91,-9,9
75075,72,75,-3,3
75076,86,79,7,7
75077,124,113,11,11
75078,71,73,-2,2
75079,75,82,-7,7
75080,111,104,7,7
75081,85,79,6,6
75082,77,78,-1,1
75083,116,119,-3,3
75084,121,136,-15,15
75085,63,58,5,5
75086,65,58,7,7
75087,92,98,-6,6
75088,115,114,1,1
75089,62,62,0,0
75090,90,90,0,0
75091,50,60,-10,10
75092,81,93,-12,12
75093,33,53,-20,20
75094,141,140,1,1
75095,51,65,-14,14
75096,32,48,-16,16
75097,89,108,-19,19
75098,117,114,3,3
75099,97,110,-13,13
75100,92,86,6,6
75101,71,69,2,2
75102,76,80,-4,4
75103,42,50,-8,8
75104,84,93,-9,9
75105,87,96,-9,9
75106,153,154,-1,1
75107,91,91,0,0
75108,59,89,-30,30
75109,69,77,-8,8
75110,109,103,6,6
75111,115,108,7,7
75112,169,182,-13,13
75113,67,70,-3,3
75114,96,100,-4,4
75115,94,90,4,4
75116,173,147,26,26
75117,96,94,2,2
75118,127,95,32,32
75119,58,57,1,1
75120,69,69,0,0
75121,68,71,-3,3
75122,141,141,0,0
75123,110,139,-29,29
75124,46,92,-46,46
75125,56,122,-66,66
75126,99,111,-12,12
75127,117,118,-1,1
75128,53,55,-2,2
75129,92,94,-2,2
75130,100,116,-16,16
75131,100,89,11,11
75132,92,103,-11,11
75133,67,63,4,4
75134,148,139,9,9
75135,122,121,1,1
75136,162,160,2,2
75137,86,89,-3,3
75138,165,152,13,13
75139,106,96,10,10
75140,84,101,-17,17
75141,97,101,-4,4
75142,61,58,3,3
75143,187,197,-10,10
75144,153,166,-13,13
75145,57,66,-9,9
75146,101,102,-1,1
75147,154,134,20,20
75148,108,110,-2,2
75149,55,50,5,5
75150,113,106,7,7
75151,55,69,-14,14
75152,101,102,-1,1
75153,91,99,-8,8
75154,89,98,-9,9
75155,96,89,7,7
75156,52,65,-13,13
75157,54,60,-6,6
75158,69,70,-1,1
75159,95,113,-18,18
75160,88,86,2,2
75161,126,129,-3,3
75162,82,94,-12,12
75163,76,87,-11,11
75164,112,105,7,7
75165,117,112,5,5
75166,113,112,1,1
75167,97,98,-1,1
75168,98,99,-1,1
75169,83,79,4,4
75170,76,77,-1,1
75171,80,85,-5,5
75172,111,102,9,9
75173,135,131,4,4
75174,62,67,-5,5
75175,140,139,1,1
75176,68,69,-1,1
75177,141,157,-16,16
75178,53,69,-16,16
75179,140,146,-6,6
75180,74,70,4,4
75181,70,73,-3,3
75182,78,88,-10,10
75183,103,99,4,4
75184,97,91,6,6
75185,75,80,-5,5
75186,143,149,-6,6
75187,163,166,-3,3
75188,71,69,2,2
75189,58,56,2,2
75190,69,72,-3,3
75191,72,77,-5,5
75192,158,164,-6,6
75193,93,107,-14,14
75194,80,82,-2,2
75195,142,133,9,9
75196,46,71,-25,25
75197,76,71,5,5
75198,129,175,-46,46
75199,82,81,1,1
75200,146,142,4,4
75201,93,91,2,2
75202,113,110,3,3
75203,142,160,-18,18
75204,72,70,2,2
75205,74,76,-2,2
75206,88,106,-18,18
75207,105,116,-11,11
75208,110,121,-11,11
75209,83,83,0,0
75210,27,74,-47,47
75211,136,138,-2,2
75212,81,78,3,3
75213,98,91,7,7
75214,120,125,-5,5
75215,92,78,14,14
75216,145,110,35,35
75217,137,132,5,5
75218,103,114,-11,11
75219,121,141,-20,20
75220,54,64,-10,10
75221,112,109,3,3
75222,76,80,-4,4
75223,89,88,1,1
75224,160,119,41,41
75225,28,41,-13,13
75226,76,76,0,0
75227,165,171,-6,6
75228,100,90,10,10
75229,152,140,12,12
75230,82,91,-9,9
75231,94,88,6,6
75232,60,56,4,4
75233,125,126,-1,1
75234,69,71,-2,2
75235,120,90,30,30
75236,91,89,2,2
75237,96,93,3,3
75238,45,44,1,1
75239,56,55,1,1
75240,76,76,0,0
75241,75,78,-3,3
75242,79,81,-2,2
75243,124,114,10,10
75244,106,108,-2,2
75245,122,120,2,2
75246,51,53,-2,2
75247,69,71,-2,2
75248,85,97,-12,12
75249,115,158,-43,43
75250,115,104,11,11
75251,115,113,2,2
75252,60,65,-5,5
75253,76,82,-6,6
75254,32,39,-7,7
75255,79,82,-3,3
75256,44,39,5,5
75257,58,60,-2,2
75258,130,136,-6,6
75259,132,135,-3,3
75260,79,81,-2,2
75261,92,97,-5,5
75262,144,158,-14,14
75263,54,61,-7,7
75264,133,126,7,7
75265,64,78,-14,14
75266,92,91,1,1
75267,156,160,-4,4
75268,58,66,-8,8
75269,82,68,14,14
75270,86,83,3,3
75271,173,170,3,3
75272,94,92,2,2
75273,60,66,-6,6
75274,108,111,-3,3
75275,126,129,-3,3
75276,56,56,0,0
75277,98,107,-9,9
75278,92,84,8,8
75279,117,110,7,7
75280,52,61,-9,9
75281,94,93,1,1
75282,78,85,-7,7
75283,76,104,-28,28
75284,67,62,5,5
75285,124,130,-6,6
75286,128,133,-5,5
75287,73,72,1,1
75288,62,63,-1,1
75289,100,110,-10,10
75290,130,138,-8,8
75291,61,62,-1,1
75292,262,246,16,16
75293,60,61,-1,1
75294,102,113,-11,11
75295,57,53,4,4
75296,97,105,-8,8
75297,84,92,-8,8
75298,61,81,-20,20
75299,135,128,7,7
75300,104,90,14,14
75301,79,80,-1,1
75302,187,165,22,22
75303,62,64,-2,2
75304,94,93,1,1
75305,94,104,-10,10
75306,94,91,3,3
75307,126,122,4,4
75308,126,119,7,7
75309,108,107,1,1
75310,60,53,7,7
75311,93,110,-17,17
75312,53,83,-30,30
75313,61,61,0,0
75314,79,81,-2,2
75315,74,75,-1,1
75316,50,47,3,3
75317,75,66,9,9
75318,40,54,-14,14
75319,47,49,-2,2
75320,78,86,-8,8
75321,51,59,-8,8
75322,97,97,0,0
75323,54,72,-18,18
75324,100,107,-7,7
75325,91,92,-1,1
75326,48,55,-7,7
75327,46,48,-2,2
75328,153,152,1,1
75329,123,133,-10,10
75330,52,59,-7,7
75331,92,85,7,7
75332,71,82,-11,11
75333,141,136,5,5
75334,46,49,-3,3
75335,72,77,-5,5
75336,84,80,4,4
75337,82,91,-9,9
75338,78,77,1,1
75339,77,74,3,3
75340,93,89,4,4
75341,47,59,-12,12
75342,67,71,-4,4
75343,67,69,-2,2
75344,113,111,2,2
75345,179,175,4,4
75346,95,102,-7,7
75347,164,168,-4,4
75348,45,50,-5,5
75349,127,120,7,7
75350,118,136,-18,18
75351,96,91,5,5
75352,57,67,-10,10
75353,151,155,-4,4
75354,69,65,4,4
75355,79,94,-15,15
75356,86,90,-4,4
75357,186,175,11,11
75358,147,143,4,4
75359,109,118,-9,9
75360,97,100,-3,3
75361,110,103,7,7
75362,69,69,0,0
75363,65,70,-5,5
75364,119,107,12,12
75365,58,68,-10,10
75366,77,76,1,1
75367,97,98,-1,1
75368,95,96,-1,1
75369,123,131,-8,8
75370,107,134,-27,27
75371,117,116,1,1
75372,72,86,-14,14
75373,119,114,5,5
75374,103,105,-2,2
75375,129,132,-3,3
75376,83,79,4,4
75377,248,260,-12,12
75378,93,82,11,11
75379,129,137,-8,8
75380,68,77,-9,9
75381,117,120,-3,3
75382,87,98,-11,11
75383,118,120,-2,2
75384,98,96,2,2
75385,103,110,-7,7
75386,69,69,0,0
75387,110,105,5,5
75388,125,117,8,8
75389,113,118,-5,5
75390,112,114,-2,2
75391,81,76,5,5
75392,86,91,-5,5
75393,148,142,6,6
75394,102,100,2,2
75395,31,41,-10,10
75396,64,70,-6,6
75397,114,118,-4,4
75398,87,88,-1,1
75399,127,124,3,3
75400,91,91,0,0
75401,74,69,5,5
75402,175,160,15,15
75403,223,168,55,55
75404,87,82,5,5
75405,67,65,2,2
75406,59,65,-6,6
75407,104,96,8,8
75408,64,85,-21,21
75409,149,162,-13,13
75410,125,126,-1,1
75411,45,44,1,1
75412,93,97,-4,4
75413,86,95,-9,9
75414,80,75,5,5
75415,73,73,0,0
75416,92,86,6,6
75417,120,126,-6,6
75418,126,119,7,7
75419,73,73,0,0
75420,54,61,-7,7
75421,65,62,3,3
75422,100,104,-4,4
75423,105,102,3,3
75424,85,78,7,7
75425,100,93,7,7
75426,81,87,-6,6
75427,67,69,-2,2
75428,174,171,3,3
75429,132,127,5,5
75430,127,106,21,21
75431,96,109,-13,13
75432,73,61,12,12
75433,86,83,3,3
75434,73,74,-1,1
75435,124,123,1,1
75436,75,77,-2,2
75437,49,62,-13,13
75438,99,131,-32,32
75439,55,59,-4,4
75440,141,101,40,40
75441,62,67,-5,5
75442,75,82,-7,7
75443,99,97,2,2
75444,97,96,1,1
75445,104,115,-11,11
75446,96,93,3,3
75447,122,121,1,1
75448,101,91,10,10
75449,109,114,-5,5
75450,111,113,-2,2
75451,99,99,0,0
75452,77,86,-9,9
75453,118,126,-8,8
75454,89,78,11,11
75455,75,89,-14,14
75456,59,67,-8,8
75457,57,63,-6,6
75458,99,94,5,5
75459,88,77,11,11
75460,106,101,5,5
75461,101,116,-15,15
75462,131,134,-3,3
75463,127,131,-4,4
75464,65,63,2,2
75465,101,89,12,12
75466,140,140,0,0
75467,122,121,1,1
75468,80,84,-4,4
75469,128,139,-11,11
75470,85,86,-1,1
75471,111,117,-6,6
75472,78,89,-11,11
75473,93,93,0,0
75474,42,44,-2,2
75475,66,58,8,8
75476,95,100,-5,5
75477,90,72,18,18
75478,100,104,-4,4
75479,82,79,3,3
75480,67,79,-12,12
75481,105,97,8,8
75482,110,106,4,4
75483,56,59,-3,3
75484,37,39,-2,2
75485,65,72,-7,7
75486,72,66,6,6
75487,106,106,0,0
75488,99,89,10,10
75489,104,108,-4,4
75490,87,90,-3,3
75491,76,84,-8,8
75492,53,54,-1,1
75493,57,59,-2,2
75494,69,60,9,9
75495,83,80,3,3
75496,56,60,-4,4
75497,78,78,0,0
75498,95,111,-16,16
75499,78,76,2,2
75500,74,70,4,4
75501,82,89,-7,7
75502,95,89,6,6
75503,85,85,0,0
75504,63,67,-4,4
75505,124,131,-7,7
75506,67,70,-3,3
75507,112,105,7,7
75508,94,105,-11,11
75509,69,70,-1,1
75510,121,142,-21,21
75511,82,90,-8,8
75512,111,111,0,0
75513,126,123,3,3
75514,74,70,4,4
75515,81,79,2,2
75516,100,102,-2,2
75517,148,141,7,7
75518,88,87,1,1
75519,70,71,-1,1
75520,150,136,14,14
75521,88,85,3,3
75522,28,40,-12,12
75523,93,90,3,3
75524,96,108,-12,12
75525,90,90,0,0
75526,150,159,-9,9
75527,75,80,-5,5
75528,93,96,-3,3
75529,150,152,-2,2
75530,123,95,28,28
75531,133,143,-10,10
75532,69,87,-18,18
75533,167,151,16,16
75534,46,69,-23,23
75535,92,89,3,3
75536,54,59,-5,5
75537,154,144,10,10
75538,45,56,-11,11
75539,137,141,-4,4
75540,115,113,2,2
75541,99,89,10,10
75542,93,94,-1,1
75543,83,85,-2,2
75544,115,104,11,11
75545,23,56,-33,33
75546,92,97,-5,5
75547,85,98,-13,13
75548,80,77,3,3
75549,190,203,-13,13
75550,95,95,0,0
75551,153,138,15,15
75552,83,94,-11,11
75553,51,59,-8,8
75554,85,89,-4,4
75555,85,94,-9,9
75556,59,69,-10,10
75557,172,169,3,3
75558,53,56,-3,3
75559,128,110,18,18
75560,72,80,-8,8
75561,130,130,0,0
75562,54,60,-6,6
75563,145,129,16,16
75564,94,104,-10,10
75565,111,110,1,1
75566,35,66,-31,31
75567,74,80,-6,6
75568,85,80,5,5
75569,129,127,2,2
75570,49,54,-5,5
75571,56,65,-9,9
75572,99,97,2,2
75573,79,102,-23,23
75574,129,129,0,0
75575,74,77,-3,3
75576,78,83,-5,5
75577,70,75,-5,5
75578,157,178,-21,21
75579,98,102,-4,4
75580,66,76,-10,10
75581,75,77,-2,2
75582,76,74,2,2
75583,94,106,-12,12
75584,100,94,6,6
75585,50,54,-4,4
75586,98,100,-2,2
75587,96,108,-12,12
75588,134,144,-10,10
75589,108,99,9,9
75590,212,217,-5,5
75591,138,144,-6,6
75592,88,85,3,3
75593,12,25,-13,13
75594,66,67,-1,1
75595,98,95,3,3
75596,110,110,0,0
75597,75,81,-6,6
75598,146,156,-10,10
75599,176,187,-11,11
75600,91,88,3,3
75601,88,86,2,2
75602,51,52,-1,1
75603,190,178,12,12
75604,128,119,9,9
75605,74,75,-1,1
75606,83,93,-10,10
75607,64,65,-1,1
75608,127,131,-4,4
75609,130,122,8,8
75610,95,91,4,4
75611,66,132,-66,66
75612,46,63,-17,17
75613,79,82,-3,3
75614,110,94,16,16
75615,116,115,1,1
75616,68,81,-13,13
75617,70,86,-16,16
75618,59,66,-7,7
75619,107,97,10,10
75620,77,90,-13,13
75621,97,122,-25,25
75622,160,157,3,3
75623,130,141,-11,11
75624,60,63,-3,3
75625,104,104,0,0
75626,91,89,2,2
75627,89,96,-7,7
75628,49,52,-3,3
75629,155,161,-6,6
75630,94,92,2,2
75631,146,148,-2,2
75632,87,93,-6,6
75633,127,131,-4,4
75634,79,88,-9,9
75635,93,96,-3,3
75636,121,135,-14,14
75637,74,73,1,1
75638,113,118,-5,5
75639,163,153,10,10
75640,122,113,9,9
75641,118,121,-3,3
75642,56,64,-8,8
75643,129,126,3,3
75644,128,126,2,2
75645,159,159,0,0
75646,62,69,-7,7
75647,108,112,-4,4
75648,72,75,-3,3
75649,79,86,-7,7
75650,166,153,13,13
75651,62,72,-10,10
75652,144,151,-7,7
75653,129,124,5,5
75654,72,71,1,1
75655,93,88,5,5
75656,86,92,-6,6
75657,126,119,7,7
75658,86,82,4,4
75659,87,88,-1,1
75660,183,174,9,9
75661,68,64,4,4
75662,80,80,0,0
75663,63,79,-16,16
75664,61,67,-6,6
75665,103,104,-1,1
75666,46,55,-9,9
75667,107,101,6,6
75668,127,128,-1,1
75669,89,83,6,6
75670,104,106,-2,2
75671,82,88,-6,6
75672,114,122,-8,8
75673,82,82,0,0
75674,109,113,-4,4
75675,105,110,-5,5
75676,67,72,-5,5
75677,64,70,-6,6
75678,109,104,5,5
75679,50,50,0,0
75680,49,56,-7,7
75681,89,94,-5,5
75682,163,176,-13,13
75683,64,66,-2,2
75684,180,174,6,6
75685,73,129,-56,56
75686,155,150,5,5
75687,106,102,4,4
75688,102,104,-2,2
75689,142,131,11,11
75690,62,62,0,0
75691,93,102,-9,9
75692,125,117,8,8
75693,71,73,-2,2
75694,62,73,-11,11
75695,129,135,-6,6
75696,109,120,-11,11
75697,174,165,9,9
75698,103,104,-1,1
75699,124,120,4,4
75700,74,81,-7,7
75701,96,94,2,2
75702,112,106,6,6
75703,78,80,-2,2
75704,59,61,-2,2
75705,54,55,-1,1
75706,86,83,3,3
75707,99,116,-17,17
75708,120,136,-16,16
75709,134,131,3,3
75710,141,133,8,8
75711,99,104,-5,5
75712,92,90,2,2
75713,121,134,-13,13
75714,74,68,6,6
75715,101,95,6,6
75716,14,88,-74,74
75717,80,69,11,11
75718,88,79,9,9
75719,60,69,-9,9
75720,112,116,-4,4
75721,153,143,10,10
75722,108,112,-4,4
75723,98,99,-1,1
75724,78,105,-27,27
75725,115,148,-33,33
75726,71,70,1,1
75727,129,131,-2,2
75728,56,67,-11,11
75729,68,69,-1,1
75730,80,77,3,3
75731,110,123,-13,13
75732,86,100,-14,14
75733,139,133,6,6
75734,125,125,0,0
75735,73,78,-5,5
75736,122,120,2,2
75737,99,97,2,2
75738,78,82,-4,4
75739,150,142,8,8
75740,112,107,5,5
75741,95,96,-1,1
75742,85,83,2,2
75743,67,72,-5,5
75744,91,88,3,3
75745,110,104,6,6
75746,88,73,15,15
75747,115,135,-20,20
75748,78,82,-4,4
75749,89,105,-16,16
75750,71,71,0,0
75751,65,61,4,4
75752,67,80,-13,13
75753,144,144,0,0
75754,98,103,-5,5
75755,78,76,2,2
75756,130,136,-6,6
75757,75,90,-15,15
75758,83,79,4,4
75759,72,64,8,8
75760,106,107,-1,1
75761,44,42,2,2
75762,108,109,-1,1
75763,80,73,7,7
75764,98,105,-7,7
75765,97,95,2,2
75766,124,138,-14,14
75767,96,85,11,11
75768,71,72,-1,1
75769,118,119,-1,1
75770,115,108,7,7
75771,88,87,1,1
75772,104,109,-5,5
75773,75,65,10,10
75774,115,113,2,2
75775,94,83,11,11
75776,97,101,-4,4
75777,71,77,-6,6
75778,73,94,-21,21
75779,64,72,-8,8
75780,61,65,-4,4
75781,46,44,2,2
75782,81,82,-1,1
75783,56,58,-2,2
75784,99,98,1,1
75785,131,151,-20,20
75786,75,82,-7,7
75787,74,74,0,0
75788,111,108,3,3
75789,136,136,0,0
75790,81,77,4,4
75791,50,60,-10,10
75792,95,95,0,0
75793,108,130,-22,22
75794,62,112,-50,50
75795,78,79,-1,1
75796,92,93,-1,1
75797,42,54,-12,12
75798,102,107,-5,5
75799,104,115,-11,11
75800,55,78,-23,23
75801,69,76,-7,7
75802,90,99,-9,9
75803,63,78,-15,15
75804,101,109,-8,8
75805,43,52,-9,9
75806,69,75,-6,6
75807,109,109,0,0
75808,142,150,-8,8
75809,140,139,1,1
75810,67,72,-5,5
75811,62,65,-3,3
75812,114,106,8,8
75813,107,116,-9,9
75814,85,110,-25,25
75815,167,167,0,0
75816,163,177,-14,14
75817,85,88,-3,3
75818,73,83,-10,10
75819,109,107,2,2
75820,61,68,-7,7
75821,77,81,-4,4
75822,207,184,23,23
75823,99,105,-6,6
75824,182,170,12,12
75825,99,102,-3,3
75826,83,85,-2,2
75827,75,83,-8,8
75828,139,142,-3,3
75829,47,59,-12,12
75830,65,87,-22,22
75831,143,101,42,42
75832,73,73,0,0
75833,79,86,-7,7
75834,85,81,4,4
75835,88,93,-5,5
75836,141,138,3,3
75837,71,97,-26,26
75838,96,99,-3,3
75839,153,140,13,13
75840,133,129,4,4
75841,80,91,-11,11
75842,171,188,-17,17
75843,125,132,-7,7
75844,91,91,0,0
75845,61,63,-2,2
75846,131,127,4,4
75847,136,126,10,10
75848,58,66,-8,8
75849,93,92,1,1
75850,88,91,-3,3
75851,68,70,-2,2
75852,129,130,-1,1
75853,127,120,7,7
75854,98,145,-47,47
75855,87,89,-2,2
75856,84,87,-3,3
75857,51,85,-34,34
75858,72,71,1,1
75859,144,140,4,4
75860,96,100,-4,4
75861,61,63,-2,2
75862,86,91,-5,5
75863,78,78,0,0
75864,51,55,-4,4
75865,151,145,6,6
75866,109,110,-1,1
75867,108,117,-9,9
75868,80,74,6,6
75869,67,60,7,7
75870,125,142,-17,17
75871,75,75,0,0
75872,176,181,-5,5
75873,105,110,-5,5
75874,82,85,-3,3
75875,146,156,-10,10
75876,49,64,-15,15
75877,68,84,-16,16
75878,119,128,-9,9
75879,40,37,3,3
75880,118,126,-8,8
75881,65,64,1,1
75882,92,98,-6,6
75883,69,68,1,1
75884,110,109,1,1
75885,94,97,-3,3
75886,152,186,-34,34
75887,118,120,-2,2
75888,72,76,-4,4
75889,141,135,6,6
75890,43,56,-13,13
75891,122,116,6,6
75892,73,75,-2,2
75893,92,81,11,11
75894,101,106,-5,5
75895,66,90,-24,24
75896,70,67,3,3
75897,43,49,-6,6
75898,84,74,10,10
75899,83,97,-14,14
75900,71,70,1,1
75901,97,89,8,8
75902,116,112,4,4
75903,107,121,-14,14
75904,152,147,5,5
75905,130,157,-27,27
75906,49,70,-21,21
75907,111,106,5,5
75908,124,120,4,4
75909,75,72,3,3
75910,112,135,-23,23
75911,111,121,-10,10
75912,97,100,-3,3
75913,47,48,-1,1
75914,114,96,18,18
75915,107,119,-12,12
75916,93,93,0,0
75917,107,104,3,3
75918,114,120,-6,6
75919,124,137,-13,13
75920,133,121,12,12
75921,64,67,-3,3
75922,80,89,-9,9
75923,155,147,8,8
75924,98,104,-6,6
75925,82,72,10,10
75926,50,50,0,0
75927,64,63,1,1
75928,97,103,-6,6
75929,123,116,7,7
75930,46,47,-1,1
75931,78,73,5,5
75932,122,123,-1,1
75933,181,155,26,26
75934,64,68,-4,4
75935,56,55,1,1
75936,72,77,-5,5
75937,141,135,6,6
75938,126,119,7,7
75939,71,67,4,4
75940,81,75,6,6
75941,137,130,7,7
75942,91,95,-4,4
75943,117,114,3,3
75944,160,159,1,1
75945,101,96,5,5
75946,55,65,-10,10
75947,104,110,-6,6
75948,72,71,1,1
75949,165,167,-2,2
75950,74,83,-9,9
75951,72,74,-2,2
75952,138,121,17,17
75953,87,77,10,10
75954,66,69,-3,3
75955,78,77,1,1
75956,80,79,1,1
75957,111,113,-2,2
75958,132,135,-3,3
75959,70,79,-9,9
75960,96,97,-1,1
75961,127,131,-4,4
75962,121,120,1,1
75963,57,47,10,10
75964,203,209,-6,6
75965,94,90,4,4
75966,81,97,-16,16
75967,52,61,-9,9
75968,150,144,6,6
75969,83,115,-32,32
75970,99,89,10,10
75971,64,58,6,6
75972,79,83,-4,4
75973,81,94,-13,13
75974,47,55,-8,8
75975,54,67,-13,13
75976,152,148,4,4
75977,44,49,-5,5
75978,87,90,-3,3
75979,161,164,-3,3
75980,83,83,0,0
75981,75,79,-4,4
75982,111,124,-13,13
75983,60,59,1,1
75984,98,93,5,5
75985,74,83,-9,9
75986,81,72,9,9
75987,113,112,1,1
75988,110,104,6,6
75989,84,82,2,2
75990,57,58,-1,1
75991,70,69,1,1
75992,175,164,11,11
75993,95,102,-7,7
75994,94,95,-1,1
75995,107,107,0,0
75996,75,71,4,4
75997,85,96,-11,11
75998,162,148,14,14
75999,93,98,-5,5
76000,73,75,-2,2
76001,86,86,0,0
76002,179,175,4,4
76003,202,208,-6,6
76004,98,106,-8,8
76005,85,98,-13,13
76006,37,54,-17,17
76007,121,118,3,3
76008,128,120,8,8
76009,87,98,-11,11
76010,141,141,0,0
76011,70,65,5,5
76012,151,166,-15,15
76013,116,113,3,3
76014,81,79,2,2
76015,81,78,3,3
76016,89,95,-6,6
76017,124,109,15,15
76018,94,106,-12,12
76019,56,68,-12,12
76020,151,160,-9,9
76021,157,153,4,4
76022,70,80,-10,10
76023,154,154,0,0
76024,130,135,-5,5
76025,121,117,4,4
76026,119,127,-8,8
76027,94,99,-5,5
76028,62,73,-11,11
76029,99,92,7,7
76030,82,75,7,7
76031,145,153,-8,8
76032,107,122,-15,15
76033,107,110,-3,3
76034,128,122,6,6
76035,52,58,-6,6
76036,103,107,-4,4
76037,70,72,-2,2
76038,161,168,-7,7
76039,74,77,-3,3
76040,70,65,5,5
76041,114,103,11,11
76042,150,155,-5,5
76043,105,119,-14,14
76044,119,122,-3,3
76045,71,78,-7,7
76046,102,94,8,8
76047,43,59,-16,16
76048,84,87,-3,3
76049,70,74,-4,4
76050,82,87,-5,5
76051,74,74,0,0
76052,98,99,-1,1
76053,55,69,-14,14
76054,110,121,-11,11
76055,145,161,-16,16
76056,80,78,2,2
76057,137,122,15,15
76058,77,88,-11,11
76059,80,73,7,7
76060,73,73,0,0
76061,83,77,6,6
76062,100,91,9,9
76063,85,86,-1,1
76064,101,105,-4,4
76065,79,84,-5,5
76066,89,94,-5,5
76067,60,68,-8,8
76068,112,103,9,9
76069,173,174,-1,1
76070,60,58,2,2
76071,41,46,-5,5
76072,57,69,-12,12
76073,88,94,-6,6
76074,101,96,5,5
76075,82,74,8,8
76076,100,99,1,1
76077,85,89,-4,4
76078,117,110,7,7
76079,83,94,-11,11
76080,162,123,39,39
76081,59,66,-7,7
76082,127,123,4,4
76083,170,158,12,12
76084,114,111,3,3
76085,111,114,-3,3
76086,44,44,0,0
76087,91,92,-1,1
76088,76,85,-9,9
76089,64,74,-10,10
76090,67,71,-4,4
76091,135,130,5,5
76092,75,85,-10,10
76093,110,110,0,0
76094,84,78,6,6
76095,77,73,4,4
76096,97,103,-6,6
76097,85,99,-14,14
76098,61,62,-1,1
76099,86,84,2,2
76100,75,77,-2,2
76101,83,110,-27,27
76102,168,165,3,3
76103,97,98,-1,1
76104,64,67,-3,3
76105,126,121,5,5
76106,85,90,-5,5
76107,111,120,-9,9
76108,87,85,2,2
76109,101,108,-7,7
76110,162,96,66,66
76111,143,153,-10,10
76112,123,117,6,6
76113,82,81,1,1
76114,101,96,5,5
76115,92,107,-15,15
76116,87,110,-23,23
76117,93,84,9,9
76118,100,112,-12,12
76119,92,86,6,6
76120,85,76,9,9
76121,49,48,1,1
76122,79,92,-13,13
76123,58,61,-3,3
76124,85,94,-9,9
76125,61,66,-5,5
76126,140,142,-2,2
76127,127,138,-11,11
76128,152,152,0,0
76129,67,63,4,4
76130,64,61,3,3
76131,136,133,3,3
76132,74,74,0,0
76133,100,100,0,0
76134,158,142,16,16
76135,80,86,-6,6
76136,88,88,0,0
76137,110,127,-17,17
76138,74,70,4,4
76139,116,123,-7,7
76140,82,77,5,5
76141,117,119,-2,2
76142,81,79,2,2
76143,74,80,-6,6
76144,104,97,7,7
76145,147,136,11,11
76146,82,76,6,6
76147,50,52,-2,2
76148,180,169,11,11
76149,182,204,-22,22
76150,63,74,-11,11
76151,190,178,12,12
76152,122,142,-20,20
76153,99,98,1,1
76154,66,67,-1,1
76155,53,68,-15,15
76156,63,66,-3,3
76157,125,128,-3,3
76158,112,101,11,11
76159,85,90,-5,5
76160,56,55,1,1
76161,85,89,-4,4
76162,70,88,-18,18
76163,83,88,-5,5
76164,135,136,-1,1
76165,57,58,-1,1
76166,84,86,-2,2
76167,90,106,-16,16
76168,59,73,-14,14
76169,77,76,1,1
76170,64,65,-1,1
76171,99,101,-2,2
76172,109,103,6,6
76173,97,101,-4,4
76174,92,92,0,0
76175,87,94,-7,7
76176,42,45,-3,3
76177,74,84,-10,10
76178,162,185,-23,23
76179,125,116,9,9
76180,178,195,-17,17
76181,98,114,-16,16
76182,89,104,-15,15
76183,72,63,9,9
76184,78,74,4,4
76185,53,61,-8,8
76186,85,77,8,8
76187,122,117,5,5
76188,101,110,-9,9
76189,81,82,-1,1
76190,128,87,41,41
76191,98,98,0,0
76192,154,175,-21,21
76193,122,127,-5,5
76194,63,63,0,0
76195,83,89,-6,6
76196,98,99,-1,1
76197,70,70,0,0
76198,89,106,-17,17
76199,111,127,-16,16
76200,44,57,-13,13
76201,48,56,-8,8
76202,104,105,-1,1
76203,106,108,-2,2
76204,148,137,11,11
76205,128,137,-9,9
76206,118,118,0,0
76207,105,92,13,13
76208,141,153,-12,12
76209,115,110,5,5
76210,161,161,0,0
76211,71,93,-22,22
76212,149,139,10,10
76213,77,81,-4,4
76214,117,108,9,9
76215,119,124,-5,5
76216,116,108,8,8
76217,88,84,4,4
76218,107,109,-2,2
76219,72,81,-9,9
76220,137,163,-26,26
76221,122,138,-16,16
76222,126,128,-2,2
76223,50,74,-24,24
76224,119,112,7,7
76225,79,75,4,4
76226,124,140,-16,16
76227,128,132,-4,4
76228,132,121,11,11
76229,90,88,2,2
76230,95,96,-1,1
76231,97,94,3,3
76232,63,66,-3,3
76233,109,102,7,7
76234,133,150,-17,17
76235,104,107,-3,3
76236,35,86,-51,51
76237,72,75,-3,3
76238,65,75,-10,10
76239,120,122,-2,2
76240,135,164,-29,29
76241,130,126,4,4
76242,137,139,-2,2
76243,81,83,-2,2
76244,83,86,-3,3
76245,51,59,-8,8
76246,77,81,-4,4
76247,116,109,7,7
76248,72,69,3,3
76249,97,115,-18,18
76250,78,73,5,5
76251,63,63,0,0
76252,130,141,-11,11
76253,158,150,8,8
76254,75,91,-16,16
76255,76,78,-2,2
76256,101,105,-4,4
76257,44,54,-10,10
76258,74,74,0,0
76259,98,92,6,6
76260,134,136,-2,2
76261,104,104,0,0
76262,88,86,2,2
76263,179,138,41,41
76264,46,53,-7,7
76265,141,136,5,5
76266,91,82,9,9
76267,72,74,-2,2
76268,82,81,1,1
76269,73,77,-4,4
76270,139,135,4,4
76271,124,119,5,5
76272,100,94,6,6
76273,98,97,1,1
76274,80,80,0,0
76275,97,117,-20,20
76276,62,70,-8,8
76277,136,135,1,1
76278,93,90,3,3
76279,104,102,2,2
76280,158,154,4,4
76281,105,99,6,6
76282,82,74,8,8
76283,150,160,-10,10
76284,161,157,4,4
76285,68,65,3,3
76286,97,107,-10,10
76287,106,106,0,0
76288,75,72,3,3
76289,95,95,0,0
76290,84,87,-3,3
76291,144,129,15,15
76292,115,115,0,0
76293,45,51,-6,6
76294,99,95,4,4
76295,91,89,2,2
76296,75,73,2,2
76297,134,117,17,17
76298,69,65,4,4
76299,74,75,-1,1
76300,53,58,-5,5
76301,74,83,-9,9
76302,95,97,-2,2
76303,54,68,-14,14
76304,96,95,1,1
76305,93,90,3,3
76306,108,111,-3,3
76307,104,125,-21,21
76308,80,82,-2,2
76309,87,78,9,9
76310,98,103,-5,5
76311,60,64,-4,4
76312,65,76,-11,11
76313,75,91,-16,16
76314,80,92,-12,12
76315,81,92,-11,11
76316,123,115,8,8
76317,89,96,-7,7
76318,142,149,-7,7
76319,64,64,0,0
76320,100,107,-7,7
76321,45,55,-10,10
76322,118,114,4,4
76323,73,76,-3,3
76324,74,82,-8,8
76325,102,111,-9,9
76326,66,78,-12,12
76327,120,125,-5,5
76328,57,58,-1,1
76329,149,140,9,9
76330,131,139,-8,8
76331,81,77,4,4
76332,61,51,10,10
76333,89,100,-11,11
76334,66,63,3,3
76335,64,73,-9,9
76336,76,79,-3,3
76337,124,122,2,2
76338,48,54,-6,6
76339,68,73,-5,5
76340,100,103,-3,3
76341,96,95,1,1
76342,50,55,-5,5
76343,85,91,-6,6
76344,85,85,0,0
76345,61,64,-3,3
76346,91,79,12,12
76347,72,75,-3,3
76348,129,116,13,13
76349,104,100,4,4
76350,54,70,-16,16
76351,53,56,-3,3
76352,105,116,-11,11
76353,91,103,-12,12
76354,66,74,-8,8
76355,59,62,-3,3
76356,118,118,0,0
76357,109,115,-6,6
76358,63,69,-6,6
76359,63,56,7,7
76360,68,74,-6,6
76361,166,181,-15,15
76362,84,85,-1,1
76363,66,60,6,6
76364,100,118,-18,18
76365,104,107,-3,3
76366,65,65,0,0
76367,57,64,-7,7
76368,99,105,-6,6
76369,96,115,-19,19
76370,71,67,4,4
76371,57,66,-9,9
76372,105,112,-7,7
76373,88,85,3,3
76374,54,58,-4,4
76375,181,165,16,16
76376,100,93,7,7
76377,103,102,1,1
76378,138,130,8,8
76379,65,78,-13,13
76380,71,73,-2,2
76381,70,70,0,0
76382,72,74,-2,2
76383,66,67,-1,1
76384,79,76,3,3
76385,169,177,-8,8
76386,129,119,10,10
76387,129,108,21,21
76388,63,65,-2,2
76389,92,94,-2,2
76390,109,112,-3,3
76391,58,63,-5,5
76392,108,103,5,5
76393,107,105,2,2
76394,162,161,1,1
76395,57,60,-3,3
76396,109,120,-11,11
76397,86,88,-2,2
76398,91,87,4,4
76399,89,77,12,12
76400,93,96,-3,3
76401,70,79,-9,9
76402,73,77,-4,4
76403,71,66,5,5
76404,59,63,-4,4
76405,166,166,0,0
76406,71,71,0,0
76407,71,63,8,8
76408,132,120,12,12
76409,103,116,-13,13
76410,114,107,7,7
76411,103,114,-11,11
76412,98,100,-2,2
76413,92,83,9,9
76414,102,115,-13,13
76415,113,125,-12,12
76416,130,159,-29,29
76417,56,66,-10,10
76418,127,124,3,3
76419,53,71,-18,18
76420,129,131,-2,2
76421,93,89,4,4
76422,133,134,-1,1
76423,93,88,5,5
76424,92,95,-3,3
76425,45,55,-10,10
76426,96,88,8,8
76427,104,110,-6,6
76428,65,70,-5,5
76429,114,117,-3,3
76430,52,51,1,1
76431,80,85,-5,5
76432,135,143,-8,8
76433,78,87,-9,9
76434,69,75,-6,6
76435,61,73,-12,12
76436,75,74,1,1
76437,131,143,-12,12
76438,108,124,-16,16
76439,96,97,-1,1
76440,178,175,3,3
76441,171,178,-7,7
76442,81,76,5,5
76443,91,87,4,4
76444,69,77,-8,8
76445,146,128,18,18
76446,111,87,24,24
76447,65,56,9,9
76448,86,84,2,2
76449,79,105,-26,26
76450,108,110,-2,2
76451,94,91,3,3
76452,107,108,-1,1
76453,100,96,4,4
76454,121,113,8,8
76455,144,163,-19,19
76456,66,65,1,1
76457,40,49,-9,9
76458,99,103,-4,4
76459,32,44,-12,12
76460,69,84,-15,15
76461,145,156,-11,11
76462,76,79,-3,3
76463,85,85,0,0
76464,53,52,1,1
76465,27,35,-8,8
76466,55,57,-2,2
76467,41,44,-3,3
76468,57,65,-8,8
76469,83,129,-46,46
76470,77,77,0,0
76471,85,81,4,4
76472,118,109,9,9
76473,55,66,-11,11
76474,62,63,-1,1
76475,111,110,1,1
76476,108,104,4,4
76477,89,91,-2,2
76478,97,94,3,3
76479,94,96,-2,2
76480,61,64,-3,3
76481,82,96,-14,14
76482,83,91,-8,8
76483,140,104,36,36
76484,152,137,15,15
76485,86,88,-2,2
76486,33,56,-23,23
76487,88,88,0,0
76488,71,67,4,4
76489,97,117,-20,20
76490,81,91,-10,10
76491,129,122,7,7
76492,55,56,-1,1
76493,122,129,-7,7
76494,103,113,-10,10
76495,98,94,4,4
76496,89,88,1,1
76497,87,85,2,2
76498,79,86,-7,7
76499,98,112,-14,14
76500,49,86,-37,37
76501,82,80,2,2
76502,120,121,-1,1
76503,108,103,5,5
76504,169,162,7,7
76505,161,154,7,7
76506,134,148,-14,14
76507,96,103,-7,7
76508,56,66,-10,10
76509,101,109,-8,8
76510,86,97,-11,11
76511,82,86,-4,4
76512,85,90,-5,5
76513,79,78,1,1
76514,78,82,-4,4
76515,105,91,14,14
76516,142,141,1,1
76517,65,68,-3,3
76518,57,61,-4,4
76519,81,84,-3,3
76520,139,112,27,27
76521,84,79,5,5
76522,81,79,2,2
76523,154,140,14,14
76524,147,141,6,6
76525,153,150,3,3
76526,73,79,-6,6
76527,141,142,-1,1
76528,43,47,-4,4
76529,101,97,4,4
76530,42,51,-9,9
76531,78,89,-11,11
76532,97,120,-23,23
76533,65,71,-6,6
76534,58,63,-5,5
76535,79,87,-8,8
76536,95,98,-3,3
76537,105,121,-16,16
76538,37,52,-15,15
76539,82,68,14,14
76540,130,128,2,2
76541,99,114,-15,15
76542,125,112,13,13
76543,51,68,-17,17
76544,87,85,2,2
76545,147,164,-17,17
76546,61,69,-8,8
76547,122,116,6,6
76548,70,78,-8,8
76549,81,74,7,7
76550,93,93,0,0
76551,136,139,-3,3
76552,61,69,-8,8
76553,75,85,-10,10
76554,118,107,11,11
76555,110,117,-7,7
76556,153,166,-13,13
76557,57,57,0,0
76558,128,117,11,11
76559,118,117,1,1
76560,81,93,-12,12
76561,82,84,-2,2
76562,126,126,0,0
76563,110,116,-6,6
76564,91,98,-7,7
76565,106,90,16,16
76566,92,92,0,0
76567,74,81,-7,7
76568,119,117,2,2
76569,47,53,-6,6
76570,81,92,-11,11
76571,101,101,0,0
76572,91,92,-1,1
76573,68,73,-5,5
76574,119,122,-3,3
76575,90,91,-1,1
76576,104,108,-4,4
76577,80,84,-4,4
76578,84,79,5,5
76579,132,124,8,8
76580,32,71,-39,39
76581,139,139,0,0
76582,85,86,-1,1
76583,83,82,1,1
76584,55,56,-1,1
76585,98,117,-19,19
76586,177,179,-2,2
76587,81,87,-6,6
76588,90,102,-12,12
76589,133,125,8,8
76590,85,74,11,11
76591,58,55,3,3
76592,133,138,-5,5
76593,81,79,2,2
76594,149,141,8,8
76595,107,113,-6,6
76596,113,101,12,12
76597,108,101,7,7
76598,93,91,2,2
76599,100,94,6,6
76600,66,69,-3,3
76601,109,104,5,5
76602,77,92,-15,15
76603,208,196,12,12
76604,79,92,-13,13
76605,74,68,6,6
76606,74,78,-4,4
76607,131,125,6,6
76608,127,120,7,7
76609,77,93,-16,16
76610,100,75,25,25
76611,82,101,-19,19
76612,100,106,-6,6
76613,65,72,-7,7
76614,97,101,-4,4
76615,146,139,7,7
76616,99,91,8,8
76617,117,117,0,0
76618,71,73,-2,2
76619,60,67,-7,7
76620,75,77,-2,2
76621,46,59,-13,13
76622,121,110,11,11
76623,55,59,-4,4
76624,119,131,-12,12
76625,178,185,-7,7
76626,131,134,-3,3
76627,123,122,1,1
76628,99,102,-3,3
76629,164,174,-10,10
76630,69,74,-5,5
76631,55,54,1,1
76632,148,153,-5,5
76633,67,63,4,4
76634,138,145,-7,7
76635,115,113,2,2
76636,134,133,1,1
76637,91,97,-6,6
76638,94,97,-3,3
76639,114,110,4,4
76640,92,96,-4,4
76641,98,86,12,12
76642,41,49,-8,8
76643,49,56,-7,7
76644,59,61,-2,2
76645,90,90,0,0
76646,165,163,2,2
76647,53,61,-8,8
76648,67,76,-9,9
76649,77,65,12,12
76650,87,83,4,4
76651,65,69,-4,4
76652,133,131,2,2
76653,98,98,0,0
76654,103,105,-2,2
76655,85,89,-4,4
76656,153,153,0,0
76657,85,78,7,7
76658,126,138,-12,12
76659,102,116,-14,14
76660,115,112,3,3
76661,78,76,2,2
76662,152,168,-16,16
76663,72,79,-7,7
76664,65,62,3,3
76665,71,71,0,0
76666,134,138,-4,4
76667,104,106,-2,2
76668,54,58,-4,4
76669,133,127,6,6
76670,99,87,12,12
76671,69,68,1,1
76672,169,176,-7,7
76673,94,99,-5,5
76674,106,117,-11,11
76675,86,89,-3,3
76676,107,103,4,4
76677,52,56,-4,4
76678,71,75,-4,4
76679,87,84,3,3
76680,155,163,-8,8
76681,58,65,-7,7
76682,144,137,7,7
76683,111,111,0,0
76684,90,87,3,3
76685,74,64,10,10
76686,100,96,4,4
76687,112,121,-9,9
76688,117,117,0,0
76689,48,88,-40,40
76690,107,98,9,9
76691,144,149,-5,5
76692,86,77,9,9
76693,101,87,14,14
76694,94,100,-6,6
76695,129,123,6,6
76696,132,141,-9,9
76697,61,62,-1,1
76698,103,110,-7,7
76699,104,102,2,2
76700,135,119,16,16
76701,76,81,-5,5
76702,112,121,-9,9
76703,114,85,29,29
76704,69,67,2,2
76705,92,78,14,14
76706,80,80,0,0
76707,139,136,3,3
76708,76,76,0,0
76709,71,62,9,9
76710,100,105,-5,5
76711,106,103,3,3
76712,145,142,3,3
76713,76,86,-10,10
76714,92,106,-14,14
76715,49,51,-2,2
76716,110,106,4,4
76717,92,94,-2,2
76718,173,150,23,23
76719,98,107,-9,9
76720,175,161,14,14
76721,75,87,-12,12
76722,103,91,12,12
76723,111,118,-7,7
76724,215,216,-1,1
76725,131,125,6,6
76726,67,77,-10,10
76727,127,146,-19,19
76728,72,76,-4,4
76729,43,71,-28,28
76730,65,69,-4,4
76731,69,70,-1,1
76732,149,163,-14,14
76733,75,74,1,1
76734,81,84,-3,3
76735,76,59,17,17
76736,53,68,-15,15
76737,79,90,-11,11
76738,152,149,3,3
76739,97,102,-5,5
76740,48,62,-14,14
76741,107,111,-4,4
76742,118,118,0,0
76743,78,80,-2,2
76744,98,99,-1,1
76745,121,118,3,3
76746,108,105,3,3
76747,59,62,-3,3
76748,95,100,-5,5
76749,98,98,0,0
76750,71,70,1,1
76751,76,78,-2,2
76752,100,112,-12,12
76753,70,69,1,1
76754,71,65,6,6
76755,94,74,20,20
76756,86,97,-11,11
76757,102,107,-5,5
76758,106,105,1,1
76759,74,81,-7,7
76760,49,64,-15,15
76761,103,102,1,1
76762,70,74,-4,4
76763,168,179,-11,11
76764,66,69,-3,3
76765,128,140,-12,12
76766,110,110,0,0
76767,82,77,5,5
76768,92,87,5,5
76769,187,188,-1,1
76770,101,124,-23,23
76771,47,48,-1,1
76772,72,72,0,0
76773,77,82,-5,5
76774,30,45,-15,15
76775,124,122,2,2
76776,218,190,28,28
76777,110,116,-6,6
76778,106,119,-13,13
76779,133,127,6,6
76780,88,71,17,17
76781,58,67,-9,9
76782,184,177,7,7
76783,152,140,12,12
76784,87,91,-4,4
76785,167,161,6,6
76786,93,98,-5,5
76787,130,112,18,18
76788,96,89,7,7
76789,119,124,-5,5
76790,81,78,3,3
76791,52,47,5,5
76792,66,60,6,6
76793,102,107,-5,5
76794,76,74,2,2
76795,117,107,10,10
76796,98,94,4,4
76797,81,64,17,17
76798,99,102,-3,3
76799,81,79,2,2
76800,64,74,-10,10
76801,139,149,-10,10
76802,84,88,-4,4
76803,68,66,2,2
76804,42,35,7,7
76805,73,69,4,4
76806,158,118,40,40
76807,101,103,-2,2
76808,122,115,7,7
76809,76,85,-9,9
76810,129,154,-25,25
76811,99,95,4,4
76812,71,67,4,4
76813,80,89,-9,9
76814,141,142,-1,1
76815,48,54,-6,6
76816,146,141,5,5
76817,83,87,-4,4
76818,102,105,-3,3
76819,87,89,-2,2
76820,83,77,6,6
76821,63,87,-24,24
76822,89,92,-3,3
76823,142,137,5,5
76824,90,96,-6,6
76825,97,92,5,5
76826,130,129,1,1
76827,88,89,-1,1
76828,146,154,-8,8
76829,118,110,8,8
76830,124,118,6,6
76831,108,124,-16,16
76832,53,58,-5,5
76833,78,77,1,1
76834,54,57,-3,3
76835,121,116,5,5
76836,105,121,-16,16
76837,47,59,-12,12
76838,58,58,0,0
76839,126,113,13,13
76840,165,152,13,13
76841,118,117,1,1
76842,54,60,-6,6
76843,98,95,3,3
76844,39,45,-6,6
76845,88,97,-9,9
76846,85,100,-15,15
76847,92,107,-15,15
76848,101,105,-4,4
76849,69,84,-15,15
76850,70,67,3,3
76851,57,92,-35,35
76852,89,92,-3,3
76853,165,158,7,7
76854,88,90,-2,2
76855,142,143,-1,1
76856,109,119,-10,10
76857,105,106,-1,1
76858,94,102,-8,8
76859,124,122,2,2
76860,119,116,3,3
76861,41,41,0,0
76862,102,106,-4,4
76863,90,72,18,18
76864,126,129,-3,3
76865,59,72,-13,13
76866,74,72,2,2
76867,104,106,-2,2
76868,101,107,-6,6
76869,102,103,-1,1
76870,123,135,-12,12
76871,90,98,-8,8
76872,85,84,1,1
76873,85,94,-9,9
76874,57,64,-7,7
76875,73,80,-7,7
76876,73,77,-4,4
76877,106,104,2,2
76878,47,47,0,0
76879,91,98,-7,7
76880,93,99,-6,6
76881,63,78,-15,15
76882,80,78,2,2
76883,71,75,-4,4
76884,92,89,3,3
76885,125,121,4,4
76886,82,91,-9,9
76887,97,102,-5,5
76888,59,58,1,1
76889,125,140,-15,15
76890,115,106,9,9
76891,103,98,5,5
76892,97,101,-4,4
76893,89,91,-2,2
76894,78,82,-4,4
76895,159,156,3,3
76896,117,132,-15,15
76897,100,94,6,6
76898,104,103,1,1
76899,97,108,-11,11
76900,114,107,7,7
76901,118,130,-12,12
76902,99,80,19,19
76903,98,107,-9,9
76904,114,119,-5,5
76905,99,96,3,3
76906,95,95,0,0
76907,68,72,-4,4
76908,119,114,5,5
76909,125,124,1,1
76910,74,78,-4,4
76911,97,91,6,6
76912,101,98,3,3
76913,157,158,-1,1
76914,141,147,-6,6
76915,132,137,-5,5
76916,104,107,-3,3
76917,85,88,-3,3
76918,110,111,-1,1
76919,91,84,7,7
76920,53,55,-2,2
76921,81,86,-5,5
76922,78,84,-6,6
76923,79,93,-14,14
76924,73,75,-2,2
76925,81,88,-7,7
76926,89,90,-1,1
76927,78,78,0,0
76928,122,111,11,11
76929,64,69,-5,5
76930,52,47,5,5
76931,87,94,-7,7
76932,134,136,-2,2
76933,104,104,0,0
76934,116,123,-7,7
76935,102,113,-11,11
76936,160,126,34,34
76937,83,84,-1,1
76938,159,176,-17,17
76939,130,138,-8,8
76940,92,90,2,2
76941,95,86,9,9
76942,179,202,-23,23
76943,132,121,11,11
76944,53,50,3,3
76945,100,87,13,13
76946,105,97,8,8
76947,77,81,-4,4
76948,115,115,0,0
76949,126,130,-4,4
76950,91,89,2,2
76951,79,80,-1,1
76952,40,50,-10,10
76953,128,124,4,4
76954,145,165,-20,20
76955,153,143,10,10
76956,81,89,-8,8
76957,113,124,-11,11
76958,138,130,8,8
76959,100,110,-10,10
76960,77,69,8,8
76961,71,74,-3,3
76962,110,116,-6,6
76963,118,123,-5,5
76964,137,143,-6,6
76965,94,86,8,8
76966,65,65,0,0
76967,52,61,-9,9
76968,74,74,0,0
76969,68,80,-12,12
76970,101,108,-7,7
76971,104,106,-2,2
76972,138,136,2,2
76973,71,65,6,6
76974,140,131,9,9
76975,83,78,5,5
76976,91,93,-2,2
76977,125,115,10,10
76978,77,85,-8,8
76979,63,66,-3,3
76980,116,111,5,5
76981,102,98,4,4
76982,121,131,-10,10
76983,116,116,0,0
76984,181,180,1,1
76985,112,121,-9,9
76986,151,163,-12,12
76987,127,126,1,1
76988,87,86,1,1
76989,123,117,6,6
76990,74,90,-16,16
76991,161,161,0,0
76992,48,58,-10,10
76993,207,206,1,1
76994,124,129,-5,5
76995,91,99,-8,8
76996,104,108,-4,4
76997,118,121,-3,3
76998,112,117,-5,5
76999,70,75,-5,5
77000,76,69,7,7
77001,133,124,9,9
77002,79,76,3,3
77003,56,67,-11,11
77004,111,129,-18,18
77005,48,56,-8,8
77006,80,72,8,8
77007,144,127,17,17
77008,39,36,3,3
77009,91,90,1,1
77010,97,99,-2,2
77011,93,86,7,7
77012,142,134,8,8
77013,116,113,3,3
77014,86,78,8,8
77015,128,132,-4,4
77016,101,102,-1,1
77017,53,65,-12,12
77018,153,152,1,1
77019,69,78,-9,9
77020,101,96,5,5
77021,146,155,-9,9
77022,107,113,-6,6
77023,86,90,-4,4
77024,44,51,-7,7
77025,64,70,-6,6
77026,90,74,16,16
77027,69,74,-5,5
77028,78,75,3,3
77029,141,135,6,6
77030,54,54,0,0
77031,61,55,6,6
77032,140,128,12,12
77033,158,118,40,40
77034,96,94,2,2
77035,159,164,-5,5
77036,155,106,49,49
77037,152,144,8,8
77038,62,62,0,0
77039,84,78,6,6
77040,197,194,3,3
77041,123,123,0,0
77042,80,86,-6,6
77043,25,32,-7,7
77044,140,153,-13,13
77045,65,68,-3,3
77046,67,97,-30,30
77047,62,70,-8,8
77048,71,68,3,3
77049,138,139,-1,1
77050,73,72,1,1
77051,84,90,-6,6
77052,227,201,26,26
77053,97,93,4,4
77054,47,49,-2,2
77055,74,76,-2,2
77056,75,75,0,0
77057,64,68,-4,4
77058,107,109,-2,2
77059,60,45,15,15
77060,70,78,-8,8
77061,117,105,12,12
77062,110,119,-9,9
77063,118,121,-3,3
77064,86,94,-8,8
77065,61,73,-12,12
77066,72,73,-1,1
77067,153,148,5,5
77068,92,98,-6,6
77069,117,120,-3,3
77070,79,80,-1,1
77071,111,98,13,13
77072,48,50,-2,2
77073,71,65,6,6
77074,100,108,-8,8
77075,90,83,7,7
77076,67,67,0,0
77077,111,106,5,5
77078,68,70,-2,2
77079,113,110,3,3
77080,78,97,-19,19
77081,94,91,3,3
77082,86,88,-2,2
77083,131,139,-8,8
77084,142,129,13,13
77085,83,92,-9,9
77086,62,81,-19,19
77087,74,70,4,4
77088,143,146,-3,3
77089,163,159,4,4
77090,78,77,1,1
77091,42,50,-8,8
77092,69,71,-2,2
77093,68,71,-3,3
77094,132,132,0,0
77095,59,64,-5,5
77096,107,110,-3,3
77097,107,108,-1,1
77098,49,52,-3,3
77099,114,116,-2,2
77100,87,76,11,11
77101,103,96,7,7
77102,122,115,7,7
77103,114,114,0,0
77104,172,166,6,6
77105,69,69,0,0
77106,57,68,-11,11
77107,108,112,-4,4
77108,80,101,-21,21
77109,70,75,-5,5
77110,126,133,-7,7
77111,102,102,0,0
77112,45,49,-4,4
77113,72,72,0,0
77114,174,157,17,17
77115,101,107,-6,6
77116,53,49,4,4
77117,71,70,1,1
77118,157,173,-16,16
77119,139,136,3,3
77120,116,101,15,15
77121,86,80,6,6
77122,96,90,6,6
77123,107,115,-8,8
77124,98,115,-17,17
77125,89,93,-4,4
77126,117,132,-15,15
77127,108,111,-3,3
77128,54,56,-2,2
77129,116,120,-4,4
77130,111,113,-2,2
77131,139,145,-6,6
77132,74,79,-5,5
77133,117,124,-7,7
77134,106,124,-18,18
77135,158,167,-9,9
77136,97,101,-4,4
77137,70,63,7,7
77138,106,114,-8,8
77139,82,76,6,6
77140,141,130,11,11
77141,132,131,1,1
77142,114,109,5,5
77143,145,146,-1,1
77144,56,61,-5,5
77145,109,98,11,11
77146,131,120,11,11
77147,154,115,39,39
77148,73,69,4,4
77149,63,67,-4,4
77150,134,156,-22,22
77151,91,84,7,7
77152,127,116,11,11
77153,42,48,-6,6
77154,101,113,-12,12
77155,52,51,1,1
77156,143,150,-7,7
77157,92,86,6,6
77158,84,86,-2,2
77159,101,121,-20,20
77160,117,122,-5,5
77161,85,74,11,11
77162,52,57,-5,5
77163,74,64,10,10
77164,78,69,9,9
77165,64,57,7,7
77166,90,97,-7,7
77167,59,65,-6,6
77168,53,66,-13,13
77169,94,94,0,0
77170,77,78,-1,1
77171,108,96,12,12
77172,138,139,-1,1
77173,83,91,-8,8
77174,150,142,8,8
77175,108,105,3,3
77176,64,63,1,1
77177,101,114,-13,13
77178,92,85,7,7
77179,150,140,10,10
77180,133,136,-3,3
77181,42,53,-11,11
77182,43,47,-4,4
77183,63,65,-2,2
77184,82,88,-6,6
77185,56,55,1,1
77186,101,113,-12,12
77187,65,78,-13,13
77188,112,110,2,2
77189,50,49,1,1
77190,130,120,10,10
77191,88,101,-13,13
77192,74,71,3,3
77193,129,143,-14,14
77194,57,65,-8,8
77195,110,113,-3,3
77196,99,107,-8,8
77197,77,74,3,3
77198,117,93,24,24
77199,107,101,6,6
77200,62,63,-1,1
77201,75,86,-11,11
77202,97,101,-4,4
77203,54,73,-19,19
77204,80,77,3,3
77205,84,83,1,1
77206,52,46,6,6
77207,106,102,4,4
77208,99,120,-21,21
77209,92,87,5,5
77210,53,54,-1,1
77211,135,142,-7,7
77212,116,109,7,7
77213,96,107,-11,11
77214,116,115,1,1
77215,90,87,3,3
77216,187,162,25,25
77217,55,96,-41,41
77218,48,78,-30,30
77219,77,88,-11,11
77220,74,77,-3,3
77221,97,111,-14,14
77222,159,152,7,7
77223,127,127,0,0
77224,83,83,0,0
77225,67,68,-1,1
77226,103,79,24,24
77227,68,67,1,1
77228,75,69,6,6
77229,88,91,-3,3
77230,82,109,-27,27
77231,128,123,5,5
77232,177,173,4,4
77233,140,136,4,4
77234,108,91,17,17
77235,59,63,-4,4
77236,97,98,-1,1
77237,105,103,2,2
77238,59,64,-5,5
77239,74,77,-3,3
77240,63,62,1,1
77241,53,49,4,4
77242,67,67,0,0
77243,88,84,4,4
77244,116,117,-1,1
77245,141,146,-5,5
77246,123,129,-6,6
77247,111,114,-3,3
77248,89,96,-7,7
77249,112,100,12,12
77250,118,116,2,2
77251,51,57,-6,6
77252,165,153,12,12
77253,70,75,-5,5
77254,92,92,0,0
77255,156,135,21,21
77256,160,144,16,16
77257,64,59,5,5
77258,137,137,0,0
77259,93,87,6,6
77260,124,131,-7,7
77261,77,81,-4,4
77262,128,131,-3,3
77263,79,71,8,8
77264,61,73,-12,12
77265,112,110,2,2
77266,45,45,0,0
77267,67,61,6,6
77268,126,127,-1,1
77269,92,91,1,1
77270,74,78,-4,4
77271,67,77,-10,10
77272,105,103,2,2
77273,167,177,-10,10
77274,131,128,3,3
77275,84,131,-47,47
77276,110,119,-9,9
77277,72,77,-5,5
77278,71,104,-33,33
77279,115,129,-14,14
77280,159,158,1,1
77281,82,90,-8,8
77282,100,116,-16,16
77283,70,67,3,3
77284,104,110,-6,6
77285,49,43,6,6
77286,104,110,-6,6
77287,101,112,-11,11
77288,66,68,-2,2
77289,87,87,0,0
77290,85,102,-17,17
77291,124,138,-14,14
77292,121,116,5,5
77293,97,92,5,5
77294,63,64,-1,1
77295,93,97,-4,4
77296,79,79,0,0
77297,49,49,0,0
77298,95,98,-3,3
77299,76,86,-10,10
77300,133,136,-3,3
77301,66,72,-6,6
77302,85,85,0,0
77303,228,264,-36,36
77304,124,137,-13,13
77305,90,82,8,8
77306,95,83,12,12
77307,54,57,-3,3
77308,82,56,26,26
77309,155,146,9,9
77310,173,168,5,5
77311,171,163,8,8
77312,42,53,-11,11
77313,141,144,-3,3
77314,92,81,11,11
77315,94,90,4,4
77316,82,81,1,1
77317,132,125,7,7
77318,124,124,0,0
77319,94,89,5,5
77320,60,67,-7,7
77321,58,64,-6,6
77322,102,111,-9,9
77323,112,117,-5,5
77324,121,125,-4,4
77325,133,145,-12,12
77326,54,75,-21,21
77327,105,116,-11,11
77328,82,85,-3,3
77329,104,100,4,4
77330,91,85,6,6
77331,103,115,-12,12
77332,96,110,-14,14
77333,147,173,-26,26
77334,95,97,-2,2
77335,111,118,-7,7
77336,106,114,-8,8
77337,59,62,-3,3
77338,77,75,2,2
77339,97,95,2,2
77340,73,66,7,7
77341,105,100,5,5
77342,122,121,1,1
77343,55,60,-5,5
77344,108,114,-6,6
77345,59,62,-3,3
77346,124,129,-5,5
77347,116,121,-5,5
77348,100,104,-4,4
77349,76,84,-8,8
77350,102,96,6,6
77351,95,99,-4,4
77352,138,131,7,7
77353,119,122,-3,3
77354,78,84,-6,6
77355,108,112,-4,4
77356,34,39,-5,5
77357,105,105,0,0
77358,120,119,1,1
77359,91,91,0,0
77360,103,115,-12,12
77361,75,79,-4,4
77362,176,164,12,12
77363,85,82,3,3
77364,75,76,-1,1
77365,103,111,-8,8
77366,81,82,-1,1
77367,105,121,-16,16
77368,50,60,-10,10
77369,118,114,4,4
77370,163,157,6,6
77371,137,134,3,3
77372,167,167,0,0
77373,116,126,-10,10
77374,52,55,-3,3
77375,115,116,-1,1
77376,188,201,-13,13
77377,187,176,11,11
77378,84,79,5,5
77379,124,121,3,3
77380,95,91,4,4
77381,79,85,-6,6
77382,72,67,5,5
77383,68,72,-4,4
77384,116,122,-6,6
77385,83,86,-3,3
77386,94,90,4,4
77387,63,67,-4,4
77388,200,204,-4,4
77389,61,62,-1,1
77390,148,151,-3,3
77391,56,59,-3,3
77392,110,109,1,1
77393,94,91,3,3
77394,59,71,-12,12
77395,76,73,3,3
77396,67,79,-12,12
77397,102,110,-8,8
77398,165,155,10,10
77399,79,79,0,0
77400,74,70,4,4
77401,136,136,0,0
77402,116,112,4,4
77403,95,98,-3,3
77404,112,95,17,17
77405,65,74,-9,9
77406,43,51,-8,8
77407,92,91,1,1
77408,48,54,-6,6
77409,75,76,-1,1
77410,118,123,-5,5
77411,99,80,19,19
77412,101,99,2,2
77413,41,63,-22,22
77414,78,83,-5,5
77415,129,118,11,11
77416,109,114,-5,5
77417,81,83,-2,2
77418,167,166,1,1
77419,55,71,-16,16
77420,202,166,36,36
77421,118,120,-2,2
77422,122,131,-9,9
77423,67,69,-2,2
77424,67,67,0,0
77425,54,57,-3,3
77426,54,56,-2,2
77427,89,98,-9,9
77428,107,108,-1,1
77429,94,94,0,0
77430,72,66,6,6
77431,127,127,0,0
77432,84,97,-13,13
77433,64,72,-8,8
77434,96,101,-5,5
77435,116,111,5,5
77436,127,127,0,0
77437,128,124,4,4
77438,118,133,-15,15
77439,62,65,-3,3
77440,73,74,-1,1
77441,36,53,-17,17
77442,165,145,20,20
77443,100,110,-10,10
77444,65,73,-8,8
77445,75,81,-6,6
77446,75,92,-17,17
77447,97,103,-6,6
77448,93,91,2,2
77449,57,56,1,1
77450,59,61,-2,2
77451,85,82,3,3
77452,99,111,-12,12
77453,87,91,-4,4
77454,102,117,-15,15
77455,75,74,1,1
77456,92,95,-3,3
77457,79,94,-15,15
77458,50,50,0,0
77459,48,56,-8,8
77460,217,191,26,26
77461,132,123,9,9
77462,101,104,-3,3
77463,82,82,0,0
77464,116,124,-8,8
77465,112,102,10,10
77466,66,80,-14,14
77467,81,97,-16,16
77468,56,64,-8,8
77469,97,87,10,10
77470,84,79,5,5
77471,37,44,-7,7
77472,74,74,0,0
77473,127,128,-1,1
77474,54,60,-6,6
77475,80,77,3,3
77476,57,53,4,4
77477,106,89,17,17
77478,91,95,-4,4
77479,103,106,-3,3
77480,114,106,8,8
77481,131,136,-5,5
77482,85,81,4,4
77483,85,89,-4,4
77484,93,95,-2,2
77485,74,63,11,11
77486,88,80,8,8
77487,52,51,1,1
77488,41,46,-5,5
77489,82,86,-4,4
77490,112,113,-1,1
77491,67,71,-4,4
77492,69,90,-21,21
77493,150,133,17,17
77494,93,97,-4,4
77495,63,63,0,0
77496,95,87,8,8
77497,46,53,-7,7
77498,72,75,-3,3
77499,77,76,1,1
77500,87,95,-8,8
77501,121,137,-16,16
77502,149,146,3,3
77503,82,74,8,8
77504,57,50,7,7
77505,127,113,14,14
77506,103,103,0,0
77507,96,92,4,4
77508,82,76,6,6
77509,161,159,2,2
77510,133,131,2,2
77511,73,75,-2,2
77512,71,63,8,8
77513,168,161,7,7
77514,137,142,-5,5
77515,72,66,6,6
77516,77,77,0,0
77517,114,114,0,0
77518,115,113,2,2
77519,70,69,1,1
77520,78,82,-4,4
77521,118,120,-2,2
77522,88,91,-3,3
77523,81,79,2,2
77524,118,118,0,0
77525,60,54,6,6
77526,98,103,-5,5
77527,99,91,8,8
77528,55,59,-4,4
77529,100,101,-1,1
77530,75,78,-3,3
77531,77,71,6,6
77532,139,145,-6,6
77533,99,97,2,2
77534,106,112,-6,6
77535,92,101,-9,9
77536,87,90,-3,3
77537,55,66,-11,11
77538,89,102,-13,13
77539,106,117,-11,11
77540,161,158,3,3
77541,72,76,-4,4
77542,119,106,13,13
77543,90,86,4,4
77544,110,110,0,0
77545,51,54,-3,3
77546,63,65,-2,2
77547,42,51,-9,9
77548,85,79,6,6
77549,144,137,7,7
77550,69,76,-7,7
77551,43,52,-9,9
77552,94,102,-8,8
77553,178,194,-16,16
77554,80,83,-3,3
77555,65,71,-6,6
77556,62,68,-6,6
77557,62,62,0,0
77558,144,149,-5,5
77559,102,98,4,4
77560,104,113,-9,9
77561,45,58,-13,13
77562,57,61,-4,4
77563,132,92,40,40
77564,105,105,0,0
77565,99,96,3,3
77566,60,73,-13,13
77567,72,72,0,0
77568,122,117,5,5
77569,141,135,6,6
77570,94,88,6,6
77571,89,101,-12,12
77572,43,54,-11,11
77573,160,154,6,6
77574,84,72,12,12
77575,84,84,0,0
77576,90,95,-5,5
77577,68,71,-3,3
77578,189,189,0,0
77579,77,86,-9,9
77580,59,65,-6,6
77581,139,144,-5,5
77582,98,101,-3,3
77583,147,137,10,10
77584,158,140,18,18
77585,97,94,3,3
77586,109,120,-11,11
77587,112,108,4,4
77588,74,74,0,0
77589,155,149,6,6
77590,75,83,-8,8
77591,129,124,5,5
77592,189,196,-7,7
77593,98,102,-4,4
77594,68,72,-4,4
77595,100,102,-2,2
77596,136,119,17,17
77597,144,138,6,6
77598,123,125,-2,2
77599,60,56,4,4
77600,131,125,6,6
77601,74,79,-5,5
77602,148,128,20,20
77603,112,107,5,5
77604,60,62,-2,2
77605,89,88,1,1
77606,83,91,-8,8
77607,100,87,13,13
77608,70,75,-5,5
77609,119,128,-9,9
77610,52,65,-13,13
77611,72,73,-1,1
77612,127,122,5,5
77613,82,82,0,0
77614,65,65,0,0
77615,75,69,6,6
77616,65,59,6,6
77617,80,99,-19,19
77618,95,122,-27,27
77619,74,86,-12,12
77620,107,113,-6,6
77621,63,70,-7,7
77622,117,116,1,1
77623,83,69,14,14
77624,74,71,3,3
77625,56,59,-3,3
77626,143,152,-9,9
77627,61,72,-11,11
77628,92,104,-12,12
77629,147,173,-26,26
77630,68,72,-4,4
77631,95,95,0,0
77632,80,90,-10,10
77633,129,127,2,2
77634,133,150,-17,17
77635,47,43,4,4
77636,65,59,6,6
77637,85,75,10,10
77638,100,99,1,1
77639,113,108,5,5
77640,104,97,7,7
77641,70,67,3,3
77642,16,36,-20,20
77643,102,99,3,3
77644,125,113,12,12
77645,83,92,-9,9
77646,114,107,7,7
77647,150,158,-8,8
77648,164,152,12,12
77649,97,94,3,3
77650,71,72,-1,1
77651,78,79,-1,1
77652,128,126,2,2
77653,111,112,-1,1
77654,78,75,3,3
77655,83,83,0,0
77656,84,79,5,5
77657,81,82,-1,1
77658,103,114,-11,11
77659,91,97,-6,6
77660,79,80,-1,1
77661,84,83,1,1
77662,143,130,13,13
77663,97,99,-2,2
77664,85,84,1,1
77665,120,112,8,8
77666,88,107,-19,19
77667,114,100,14,14
77668,116,114,2,2
77669,72,79,-7,7
77670,101,95,6,6
77671,129,133,-4,4
77672,119,102,17,17
77673,86,87,-1,1
77674,75,81,-6,6
77675,76,75,1,1
77676,84,81,3,3
77677,75,80,-5,5
77678,124,114,10,10
77679,177,198,-21,21
77680,75,73,2,2
77681,117,119,-2,2
77682,99,146,-47,47
77683,50,48,2,2
77684,70,81,-11,11
77685,115,117,-2,2
77686,60,66,-6,6
77687,96,90,6,6
77688,142,140,2,2
77689,87,84,3,3
77690,112,123,-11,11
77691,116,101,15,15
77692,56,59,-3,3
77693,158,173,-15,15
77694,188,196,-8,8
77695,181,172,9,9
77696,104,99,5,5
77697,159,166,-7,7
77698,122,124,-2,2
77699,69,74,-5,5
77700,105,98,7,7
77701,84,95,-11,11
77702,80,79,1,1
77703,62,56,6,6
77704,75,71,4,4
77705,72,83,-11,11
77706,86,84,2,2
77707,99,91,8,8
77708,59,61,-2,2
77709,104,111,-7,7
77710,78,80,-2,2
77711,97,104,-7,7
77712,129,125,4,4
77713,64,67,-3,3
77714,105,103,2,2
77715,93,84,9,9
77716,92,98,-6,6
77717,40,48,-8,8
77718,98,106,-8,8
77719,132,144,-12,12
77720,67,74,-7,7
77721,51,85,-34,34
77722,81,94,-13,13
77723,142,121,21,21
77724,145,150,-5,5
77725,72,80,-8,8
77726,102,106,-4,4
77727,87,87,0,0
77728,111,111,0,0
77729,80,84,-4,4
77730,85,94,-9,9
77731,144,139,5,5
77732,66,70,-4,4
77733,98,99,-1,1
77734,91,92,-1,1
77735,61,69,-8,8
77736,46,56,-10,10
77737,89,102,-13,13
77738,105,101,4,4
77739,102,94,8,8
77740,100,108,-8,8
77741,58,61,-3,3
77742,116,123,-7,7
77743,73,76,-3,3
77744,96,99,-3,3
77745,89,89,0,0
77746,79,85,-6,6
77747,74,75,-1,1
77748,100,87,13,13
77749,35,48,-13,13
77750,49,52,-3,3
77751,79,78,1,1
77752,102,102,0,0
77753,104,83,21,21
77754,198,187,11,11
77755,136,113,23,23
77756,62,69,-7,7
77757,100,101,-1,1
77758,89,86,3,3
77759,131,130,1,1
77760,82,82,0,0
77761,157,147,10,10
77762,71,75,-4,4
77763,54,58,-4,4
77764,115,124,-9,9
77765,80,83,-3,3
77766,69,69,0,0
77767,80,70,10,10
77768,89,90,-1,1
77769,91,95,-4,4
77770,171,135,36,36
77771,86,87,-1,1
77772,120,122,-2,2
77773,72,78,-6,6
77774,67,66,1,1
77775,122,151,-29,29
77776,71,68,3,3
77777,119,122,-3,3
77778,80,83,-3,3
77779,110,102,8,8
77780,47,54,-7,7
77781,193,182,11,11
77782,80,77,3,3
77783,52,47,5,5
77784,61,65,-4,4
77785,90,97,-7,7
77786,85,86,-1,1
77787,74,78,-4,4
77788,85,91,-6,6
77789,125,156,-31,31
77790,150,148,2,2
77791,89,90,-1,1
77792,93,91,2,2
77793,131,137,-6,6
77794,66,71,-5,5
77795,78,74,4,4
77796,151,156,-5,5
77797,91,91,0,0
77798,75,89,-14,14
77799,39,43,-4,4
77800,54,56,-2,2
77801,106,103,3,3
77802,128,137,-9,9
77803,49,61,-12,12
77804,124,127,-3,3
77805,76,76,0,0
77806,89,87,2,2
77807,48,44,4,4
77808,135,165,-30,30
77809,108,108,0,0
77810,113,106,7,7
77811,97,86,11,11
77812,155,158,-3,3
77813,154,146,8,8
77814,118,110,8,8
77815,87,78,9,9
77816,56,72,-16,16
77817,56,76,-20,20
77818,70,82,-12,12
77819,45,53,-8,8
77820,49,72,-23,23
77821,91,93,-2,2
77822,76,75,1,1
77823,81,102,-21,21
77824,121,130,-9,9
77825,109,112,-3,3
77826,72,75,-3,3
77827,75,89,-14,14
77828,35,38,-3,3
77829,90,102,-12,12
77830,132,133,-1,1
77831,140,142,-2,2
77832,75,80,-5,5
77833,76,79,-3,3
77834,111,136,-25,25
77835,92,100,-8,8
77836,120,137,-17,17
77837,119,120,-1,1
77838,78,84,-6,6
77839,86,88,-2,2
77840,60,65,-5,5
77841,158,148,10,10
77842,94,76,18,18
77843,126,128,-2,2
77844,112,111,1,1
77845,112,104,8,8
77846,73,78,-5,5
77847,94,101,-7,7
77848,133,121,12,12
77849,70,65,5,5
77850,83,77,6,6
77851,117,121,-4,4
77852,104,105,-1,1
77853,109,110,-1,1
77854,173,154,19,19
77855,55,65,-10,10
77856,46,57,-11,11
77857,36,42,-6,6
77858,76,77,-1,1
77859,136,142,-6,6
77860,102,104,-2,2
77861,110,113,-3,3
77862,94,88,6,6
77863,80,79,1,1
77864,149,143,6,6
77865,249,252,-3,3
77866,150,160,-10,10
77867,49,58,-9,9
77868,58,59,-1,1
77869,54,52,2,2
77870,83,73,10,10
77871,119,116,3,3
77872,58,46,12,12
77873,123,112,11,11
77874,125,118,7,7
77875,115,117,-2,2
77876,74,87,-13,13
77877,71,67,4,4
77878,162,151,11,11
77879,96,104,-8,8
77880,63,79,-16,16
77881,87,92,-5,5
77882,74,66,8,8
77883,70,94,-24,24
77884,114,116,-2,2
77885,72,68,4,4
77886,58,66,-8,8
77887,117,112,5,5
77888,77,98,-21,21
77889,57,65,-8,8
77890,142,139,3,3
77891,57,67,-10,10
77892,77,74,3,3
77893,100,128,-28,28
77894,92,111,-19,19
77895,53,59,-6,6
77896,98,92,6,6
77897,96,96,0,0
77898,67,68,-1,1
77899,69,73,-4,4
77900,108,110,-2,2
77901,97,92,5,5
77902,75,71,4,4
77903,97,105,-8,8
77904,127,120,7,7
77905,87,76,11,11
77906,86,88,-2,2
77907,84,78,6,6
77908,86,89,-3,3
77909,88,88,0,0
77910,97,98,-1,1
77911,86,89,-3,3
77912,79,86,-7,7
77913,183,187,-4,4
77914,97,101,-4,4
77915,136,141,-5,5
77916,78,81,-3,3
77917,128,133,-5,5
77918,116,110,6,6
77919,167,168,-1,1
77920,143,154,-11,11
77921,72,80,-8,8
77922,101,100,1,1
77923,89,87,2,2
77924,63,65,-2,2
77925,136,128,8,8
77926,129,129,0,0
77927,77,79,-2,2
77928,70,82,-12,12
77929,114,110,4,4
77930,100,117,-17,17
77931,133,133,0,0
77932,130,135,-5,5
77933,64,63,1,1
77934,105,104,1,1
77935,171,155,16,16
77936,120,114,6,6
77937,95,82,13,13
77938,72,80,-8,8
77939,75,71,4,4
77940,110,100,10,10
77941,119,112,7,7
77942,184,174,10,10
77943,132,131,1,1
77944,128,143,-15,15
77945,78,89,-11,11
77946,124,133,-9,9
77947,123,131,-8,8
77948,105,94,11,11
77949,51,59,-8,8
77950,89,100,-11,11
77951,58,60,-2,2
77952,112,113,-1,1
77953,97,98,-1,1
77954,95,103,-8,8
77955,79,80,-1,1
77956,85,85,0,0
77957,135,122,13,13
77958,127,134,-7,7
77959,95,85,10,10
77960,141,155,-14,14
77961,76,81,-5,5
77962,63,64,-1,1
77963,106,100,6,6
77964,95,89,6,6
77965,91,89,2,2
77966,147,150,-3,3
77967,124,123,1,1
77968,88,78,10,10
77969,70,71,-1,1
77970,80,95,-15,15
77971,41,56,-15,15
77972,59,63,-4,4
77973,97,104,-7,7
77974,61,70,-9,9
77975,148,139,9,9
77976,106,105,1,1
77977,102,120,-18,18
77978,66,61,5,5
77979,75,69,6,6
77980,98,91,7,7
77981,58,53,5,5
77982,59,62,-3,3
77983,53,55,-2,2
77984,53,77,-24,24
77985,121,110,11,11
77986,101,89,12,12
77987,145,147,-2,2
77988,57,60,-3,3
77989,74,70,4,4
77990,65,66,-1,1
77991,79,91,-12,12
77992,117,102,15,15
77993,65,60,5,5
77994,64,67,-3,3
77995,81,73,8,8
77996,125,113,12,12
77997,67,70,-3,3
77998,69,67,2,2
77999,59,55,4,4
78000,126,119,7,7
78001,106,108,-2,2
78002,63,64,-1,1
78003,89,97,-8,8
78004,120,101,19,19
78005,97,101,-4,4
78006,70,72,-2,2
78007,116,124,-8,8
78008,77,66,11,11
78009,49,54,-5,5
78010,71,73,-2,2
78011,64,68,-4,4
78012,72,62,10,10
78013,128,113,15,15
78014,98,96,2,2
78015,66,68,-2,2
78016,112,117,-5,5
78017,51,54,-3,3
78018,85,80,5,5
78019,100,92,8,8
78020,92,85,7,7
78021,111,118,-7,7
78022,100,118,-18,18
78023,96,100,-4,4
78024,166,163,3,3
78025,137,148,-11,11
78026,72,70,2,2
78027,115,120,-5,5
78028,88,83,5,5
78029,91,93,-2,2
78030,103,93,10,10
78031,47,63,-16,16
78032,86,89,-3,3
78033,136,131,5,5
78034,157,161,-4,4
78035,124,126,-2,2
78036,137,148,-11,11
78037,101,105,-4,4
78038,74,86,-12,12
78039,85,81,4,4
78040,45,38,7,7
78041,168,166,2,2
78042,115,112,3,3
78043,116,128,-12,12
78044,84,97,-13,13
78045,102,104,-2,2
78046,59,76,-17,17
78047,106,115,-9,9
78048,60,68,-8,8
78049,123,117,6,6
78050,85,79,6,6
78051,60,75,-15,15
78052,82,73,9,9
78053,160,152,8,8
78054,82,82,0,0
78055,83,81,2,2
78056,73,78,-5,5
78057,113,117,-4,4
78058,95,88,7,7
78059,100,97,3,3
78060,40,48,-8,8
78061,80,78,2,2
78062,110,109,1,1
78063,144,145,-1,1
78064,115,105,10,10
78065,64,70,-6,6
78066,119,121,-2,2
78067,102,104,-2,2
78068,159,145,14,14
78069,104,100,4,4
78070,91,86,5,5
78071,133,142,-9,9
78072,98,100,-2,2
78073,96,105,-9,9
78074,134,136,-2,2
78075,160,151,9,9
78076,59,71,-12,12
78077,74,90,-16,16
78078,106,98,8,8
78079,64,65,-1,1
78080,90,99,-9,9
78081,67,71,-4,4
78082,100,103,-3,3
78083,68,69,-1,1
78084,159,158,1,1
78085,87,88,-1,1
78086,123,134,-11,11
78087,78,83,-5,5
78088,95,91,4,4
78089,56,71,-15,15
78090,102,102,0,0
78091,108,91,17,17
78092,73,69,4,4
78093,111,115,-4,4
78094,137,137,0,0
78095,84,89,-5,5
78096,89,85,4,4
78097,70,81,-11,11
78098,78,81,-3,3
78099,152,157,-5,5
78100,81,81,0,0
78101,49,50,-1,1
78102,69,70,-1,1
78103,102,94,8,8
78104,62,72,-10,10
78105,91,91,0,0
78106,72,60,12,12
78107,47,46,1,1
78108,184,166,18,18
78109,103,102,1,1
78110,69,75,-6,6
78111,51,59,-8,8
78112,120,131,-11,11
78113,105,90,15,15
78114,46,51,-5,5
78115,75,77,-2,2
78116,71,70,1,1
78117,45,56,-11,11
78118,80,93,-13,13
78119,79,91,-12,12
78120,78,77,1,1
78121,62,73,-11,11
78122,86,87,-1,1
78123,122,133,-11,11
78124,101,101,0,0
78125,72,72,0,0
78126,141,143,-2,2
78127,69,79,-10,10
78128,93,93,0,0
78129,55,51,4,4
78130,121,119,2,2
78131,105,118,-13,13
78132,99,94,5,5
78133,195,185,10,10
78134,76,75,1,1
78135,124,119,5,5
78136,100,84,16,16
78137,152,154,-2,2
78138,108,107,1,1
78139,49,48,1,1
78140,176,163,13,13
78141,104,210,-106,106
78142,81,61,20,20
78143,97,89,8,8
78144,58,62,-4,4
78145,110,106,4,4
78146,55,60,-5,5
78147,69,72,-3,3
78148,107,139,-32,32
78149,71,71,0,0
78150,88,91,-3,3
78151,43,51,-8,8
78152,117,121,-4,4
78153,81,74,7,7
78154,75,88,-13,13
78155,108,117,-9,9
78156,63,67,-4,4
78157,74,78,-4,4
78158,68,65,3,3
78159,62,63,-1,1
78160,52,57,-5,5
78161,78,83,-5,5
78162,108,116,-8,8
78163,188,156,32,32
78164,61,66,-5,5
78165,77,81,-4,4
78166,97,93,4,4
78167,67,51,16,16
78168,77,107,-30,30
78169,91,102,-11,11
78170,69,73,-4,4
78171,131,143,-12,12
78172,56,61,-5,5
78173,49,55,-6,6
78174,126,127,-1,1
78175,114,112,2,2
78176,90,87,3,3
78177,75,85,-10,10
78178,83,75,8,8
78179,92,106,-14,14
78180,83,87,-4,4
78181,89,81,8,8
78182,85,86,-1,1
78183,70,66,4,4
78184,108,107,1,1
78185,71,75,-4,4
78186,68,64,4,4
78187,70,74,-4,4
78188,107,119,-12,12
78189,58,61,-3,3
78190,51,51,0,0
78191,55,64,-9,9
78192,161,161,0,0
78193,46,68,-22,22
78194,92,94,-2,2
78195,154,157,-3,3
78196,83,85,-2,2
78197,128,128,0,0
78198,73,74,-1,1
78199,87,87,0,0
78200,122,120,2,2
78201,108,99,9,9
78202,76,90,-14,14
78203,59,67,-8,8
78204,83,92,-9,9
78205,92,95,-3,3
78206,96,98,-2,2
78207,105,90,15,15
78208,58,70,-12,12
78209,81,77,4,4
78210,110,103,7,7
78211,44,56,-12,12
78212,81,79,2,2
78213,63,76,-13,13
78214,78,81,-3,3
78215,68,75,-7,7
78216,120,132,-12,12
78217,181,168,13,13
78218,141,138,3,3
78219,178,176,2,2
78220,64,57,7,7
78221,72,79,-7,7
78222,45,46,-1,1
78223,143,129,14,14
78224,145,139,6,6
78225,111,117,-6,6
78226,86,90,-4,4
78227,125,128,-3,3
78228,79,78,1,1
78229,67,72,-5,5
78230,173,171,2,2
78231,81,86,-5,5
78232,88,97,-9,9
78233,63,64,-1,1
78234,66,96,-30,30
78235,96,94,2,2
78236,100,81,19,19
78237,57,61,-4,4
78238,125,120,5,5
78239,156,147,9,9
78240,125,124,1,1
78241,133,140,-7,7
78242,66,70,-4,4
78243,159,172,-13,13
78244,44,56,-12,12
78245,67,69,-2,2
78246,105,105,0,0
78247,77,87,-10,10
78248,64,69,-5,5
78249,62,83,-21,21
78250,69,65,4,4
78251,163,155,8,8
78252,62,70,-8,8
78253,50,53,-3,3
78254,100,102,-2,2
78255,108,107,1,1
78256,70,71,-1,1
78257,97,95,2,2
78258,83,73,10,10
78259,137,152,-15,15
78260,70,71,-1,1
78261,122,103,19,19
78262,79,84,-5,5
78263,52,72,-20,20
78264,86,90,-4,4
78265,93,87,6,6
78266,93,113,-20,20
78267,62,67,-5,5
78268,109,101,8,8
78269,107,112,-5,5
78270,83,81,2,2
78271,57,59,-2,2
78272,61,68,-7,7
78273,43,64,-21,21
78274,156,147,9,9
78275,102,98,4,4
78276,56,67,-11,11
78277,199,198,1,1
78278,103,100,3,3
78279,77,70,7,7
78280,147,154,-7,7
78281,99,113,-14,14
78282,74,115,-41,41
78283,71,70,1,1
78284,142,146,-4,4
78285,72,71,1,1
78286,28,50,-22,22
78287,99,110,-11,11
78288,145,159,-14,14
78289,51,55,-4,4
78290,132,144,-12,12
78291,102,108,-6,6
78292,69,70,-1,1
78293,142,142,0,0
78294,52,46,6,6
78295,87,97,-10,10
78296,122,133,-11,11
78297,93,108,-15,15
78298,85,90,-5,5
78299,101,100,1,1
78300,88,94,-6,6
78301,64,61,3,3
78302,131,129,2,2
78303,91,93,-2,2
78304,174,167,7,7
78305,50,60,-10,10
78306,78,85,-7,7
78307,76,84,-8,8
78308,118,122,-4,4
78309,56,69,-13,13
78310,53,65,-12,12
78311,98,108,-10,10
78312,119,131,-12,12
78313,133,129,4,4
78314,66,69,-3,3
78315,117,127,-10,10
78316,94,89,5,5
78317,79,83,-4,4
78318,114,119,-5,5
78319,96,85,11,11
78320,81,89,-8,8
78321,83,87,-4,4
78322,74,75,-1,1
78323,89,84,5,5
78324,73,86,-13,13
78325,160,154,6,6
78326,120,118,2,2
78327,52,56,-4,4
78328,127,136,-9,9
78329,93,92,1,1
78330,108,120,-12,12
78331,95,94,1,1
78332,75,79,-4,4
78333,124,110,14,14
78334,90,96,-6,6
78335,101,109,-8,8
78336,44,46,-2,2
78337,113,113,0,0
78338,64,82,-18,18
78339,135,139,-4,4
78340,147,146,1,1
78341,112,120,-8,8
78342,63,70,-7,7
78343,91,102,-11,11
78344,93,77,16,16
78345,116,117,-1,1
78346,124,133,-9,9
78347,127,132,-5,5
78348,114,129,-15,15
78349,137,119,18,18
78350,56,62,-6,6
78351,54,54,0,0
78352,78,97,-19,19
78353,71,73,-2,2
78354,72,80,-8,8
78355,67,75,-8,8
78356,48,53,-5,5
78357,115,138,-23,23
78358,53,53,0,0
78359,95,102,-7,7
78360,56,69,-13,13
78361,45,60,-15,15
78362,209,206,3,3
78363,85,100,-15,15
78364,80,80,0,0
78365,139,141,-2,2
78366,64,65,-1,1
78367,83,89,-6,6
78368,121,115,6,6
78369,102,113,-11,11
78370,94,92,2,2
78371,119,116,3,3
78372,59,67,-8,8
78373,61,90,-29,29
78374,74,68,6,6
78375,76,76,0,0
78376,91,94,-3,3
78377,132,122,10,10
78378,54,56,-2,2
78379,74,69,5,5
78380,96,90,6,6
78381,60,67,-7,7
78382,91,93,-2,2
78383,102,106,-4,4
78384,131,131,0,0
78385,95,89,6,6
78386,35,41,-6,6
78387,70,74,-4,4
78388,115,108,7,7
78389,63,60,3,3
78390,70,78,-8,8
78391,73,66,7,7
78392,79,81,-2,2
78393,114,124,-10,10
78394,75,86,-11,11
78395,103,101,2,2
78396,111,113,-2,2
78397,110,122,-12,12
78398,55,58,-3,3
78399,89,94,-5,5
78400,53,71,-18,18
78401,114,103,11,11
78402,104,108,-4,4
78403,45,49,-4,4
78404,122,124,-2,2
78405,72,80,-8,8
78406,140,137,3,3
78407,132,122,10,10
78408,127,163,-36,36
78409,133,131,2,2
78410,66,63,3,3
78411,99,101,-2,2
78412,112,114,-2,2
78413,104,83,21,21
78414,143,142,1,1
78415,107,106,1,1
78416,122,125,-3,3
78417,166,174,-8,8
78418,169,173,-4,4
78419,165,180,-15,15
78420,147,133,14,14
78421,63,59,4,4
78422,71,87,-16,16
78423,59,59,0,0
78424,127,137,-10,10
78425,168,159,9,9
78426,43,48,-5,5
78427,103,107,-4,4
78428,109,104,5,5
78429,99,110,-11,11
78430,71,72,-1,1
78431,94,100,-6,6
78432,104,108,-4,4
78433,96,101,-5,5
78434,85,80,5,5
78435,122,105,17,17
78436,85,90,-5,5
78437,49,57,-8,8
78438,44,66,-22,22
78439,65,62,3,3
78440,78,79,-1,1
78441,117,120,-3,3
78442,103,105,-2,2
78443,106,97,9,9
78444,97,106,-9,9
78445,167,198,-31,31
78446,50,51,-1,1
78447,134,134,0,0
78448,100,113,-13,13
78449,81,84,-3,3
78450,108,118,-10,10
78451,55,63,-8,8
78452,82,81,1,1
78453,94,121,-27,27
78454,94,91,3,3
78455,61,64,-3,3
78456,141,148,-7,7
78457,79,84,-5,5
78458,71,84,-13,13
78459,48,64,-16,16
78460,140,141,-1,1
78461,70,84,-14,14
78462,63,61,2,2
78463,137,130,7,7
78464,40,38,2,2
78465,103,99,4,4
78466,67,70,-3,3
78467,82,77,5,5
78468,119,125,-6,6
78469,131,134,-3,3
78470,77,92,-15,15
78471,98,90,8,8
78472,148,167,-19,19
78473,91,94,-3,3
78474,95,96,-1,1
78475,60,58,2,2
78476,72,71,1,1
78477,123,122,1,1
78478,68,69,-1,1
78479,124,144,-20,20
78480,128,129,-1,1
78481,114,124,-10,10
78482,90,97,-7,7
78483,108,117,-9,9
78484,114,104,10,10
78485,33,57,-24,24
78486,95,103,-8,8
78487,113,115,-2,2
78488,57,55,2,2
78489,71,70,1,1
78490,110,77,33,33
78491,67,71,-4,4
78492,59,67,-8,8
78493,105,111,-6,6
78494,132,126,6,6
78495,93,106,-13,13
78496,90,95,-5,5
78497,134,129,5,5
78498,32,35,-3,3
78499,108,150,-42,42
78500,81,76,5,5
78501,94,98,-4,4
78502,116,124,-8,8
78503,131,133,-2,2
78504,63,72,-9,9
78505,96,92,4,4
78506,71,60,11,11
78507,71,66,5,5
78508,79,85,-6,6
78509,115,108,7,7
78510,48,66,-18,18
78511,85,81,4,4
78512,113,105,8,8
78513,89,88,1,1
78514,131,129,2,2
78515,91,107,-16,16
78516,72,63,9,9
78517,169,150,19,19
78518,133,138,-5,5
78519,176,148,28,28
78520,118,126,-8,8
78521,71,81,-10,10
78522,65,73,-8,8
78523,144,125,19,19
78524,72,79,-7,7
78525,70,77,-7,7
78526,70,77,-7,7
78527,117,110,7,7
78528,97,95,2,2
78529,57,62,-5,5
78530,61,84,-23,23
78531,80,80,0,0
78532,92,86,6,6
78533,85,104,-19,19
78534,125,121,4,4
78535,90,100,-10,10
78536,80,88,-8,8
78537,71,79,-8,8
78538,149,139,10,10
78539,69,69,0,0
78540,104,102,2,2
78541,95,96,-1,1
78542,129,111,18,18
78543,144,119,25,25
78544,61,68,-7,7
78545,130,125,5,5
78546,144,146,-2,2
78547,39,41,-2,2
78548,114,110,4,4
78549,48,55,-7,7
78550,94,91,3,3
78551,92,85,7,7
78552,101,90,11,11
78553,79,82,-3,3
78554,113,106,7,7
78555,69,78,-9,9
78556,41,45,-4,4
78557,69,74,-5,5
78558,108,112,-4,4
78559,66,66,0,0
78560,93,87,6,6
78561,86,83,3,3
78562,79,71,8,8
78563,80,85,-5,5
78564,87,98,-11,11
78565,179,162,17,17
78566,67,84,-17,17
78567,71,80,-9,9
78568,86,78,8,8
78569,92,99,-7,7
78570,109,118,-9,9
78571,45,59,-14,14
78572,84,87,-3,3
78573,158,151,7,7
78574,92,88,4,4
78575,75,78,-3,3
78576,84,85,-1,1
78577,65,74,-9,9
78578,104,97,7,7
78579,44,43,1,1
78580,198,170,28,28
78581,124,121,3,3
78582,134,123,11,11
78583,122,117,5,5
78584,77,81,-4,4
78585,103,102,1,1
78586,98,91,7,7
78587,59,54,5,5
78588,87,71,16,16
78589,74,77,-3,3
78590,67,76,-9,9
78591,85,90,-5,5
78592,79,73,6,6
78593,96,104,-8,8
78594,121,126,-5,5
78595,98,117,-19,19
78596,145,142,3,3
78597,110,105,5,5
78598,144,146,-2,2
78599,85,79,6,6
78600,114,127,-13,13
78601,95,94,1,1
78602,51,72,-21,21
78603,97,92,5,5
78604,81,69,12,12
78605,81,84,-3,3
78606,85,88,-3,3
78607,154,163,-9,9
78608,125,122,3,3
78609,97,102,-5,5
78610,161,152,9,9
78611,144,134,10,10
78612,127,127,0,0
78613,88,89,-1,1
78614,180,170,10,10
78615,90,99,-9,9
78616,66,74,-8,8
78617,95,94,1,1
78618,94,102,-8,8
78619,75,78,-3,3
78620,65,72,-7,7
78621,111,125,-14,14
78622,67,66,1,1
78623,86,86,0,0
78624,141,134,7,7
78625,102,98,4,4
78626,142,154,-12,12
78627,188,197,-9,9
78628,62,59,3,3
78629,104,112,-8,8
78630,63,62,1,1
78631,100,95,5,5
78632,148,142,6,6
78633,103,111,-8,8
78634,122,129,-7,7
78635,69,71,-2,2
78636,89,88,1,1
78637,113,104,9,9
78638,135,134,1,1
78639,158,151,7,7
78640,74,72,2,2
78641,54,56,-2,2
78642,106,111,-5,5
78643,56,86,-30,30
78644,113,112,1,1
78645,95,83,12,12
78646,134,132,2,2
78647,73,76,-3,3
78648,51,52,-1,1
78649,50,45,5,5
78650,33,48,-15,15
78651,130,121,9,9
78652,111,123,-12,12
78653,58,59,-1,1
78654,103,109,-6,6
78655,136,140,-4,4
78656,99,97,2,2
78657,99,96,3,3
78658,116,114,2,2
78659,149,133,16,16
78660,69,70,-1,1
78661,81,90,-9,9
78662,57,54,3,3
78663,85,82,3,3
78664,78,100,-22,22
78665,94,91,3,3
78666,112,110,2,2
78667,141,119,22,22
78668,133,131,2,2
78669,85,95,-10,10
78670,100,106,-6,6
78671,62,66,-4,4
78672,121,116,5,5
78673,54,62,-8,8
78674,154,156,-2,2
78675,142,129,13,13
78676,104,113,-9,9
78677,103,102,1,1
78678,70,70,0,0
78679,118,115,3,3
78680,115,118,-3,3
78681,145,145,0,0
78682,106,115,-9,9
78683,114,119,-5,5
78684,87,92,-5,5
78685,155,142,13,13
78686,142,139,3,3
78687,132,133,-1,1
78688,94,95,-1,1
78689,142,142,0,0
78690,150,149,1,1
78691,53,58,-5,5
78692,94,88,6,6
78693,85,101,-16,16
78694,62,71,-9,9
78695,53,56,-3,3
78696,81,87,-6,6
78697,175,173,2,2
78698,55,57,-2,2
78699,72,81,-9,9
78700,93,91,2,2
78701,73,80,-7,7
78702,47,60,-13,13
78703,67,72,-5,5
78704,117,117,0,0
78705,104,109,-5,5
78706,76,75,1,1
78707,99,88,11,11
78708,131,129,2,2
78709,84,93,-9,9
78710,105,120,-15,15
78711,157,142,15,15
78712,111,118,-7,7
78713,91,96,-5,5
78714,74,95,-21,21
78715,79,77,2,2
78716,103,95,8,8
78717,119,116,3,3
78718,163,79,84,84
78719,69,71,-2,2
78720,112,108,4,4
78721,55,67,-12,12
78722,97,102,-5,5
78723,99,91,8,8
78724,58,78,-20,20
78725,125,104,21,21
78726,88,81,7,7
78727,81,80,1,1
78728,158,176,-18,18
78729,55,61,-6,6
78730,114,121,-7,7
78731,95,103,-8,8
78732,87,112,-25,25
78733,139,124,15,15
78734,79,73,6,6
78735,75,67,8,8
78736,56,64,-8,8
78737,113,118,-5,5
78738,148,147,1,1
78739,160,149,11,11
78740,97,97,0,0
78741,88,87,1,1
78742,89,95,-6,6
78743,101,104,-3,3
78744,53,56,-3,3
78745,97,117,-20,20
78746,67,74,-7,7
78747,117,97,20,20
78748,72,65,7,7
78749,40,48,-8,8
78750,48,52,-4,4
78751,88,80,8,8
78752,95,80,15,15
78753,132,115,17,17
78754,63,64,-1,1
78755,95,93,2,2
78756,84,83,1,1
78757,33,38,-5,5
78758,70,74,-4,4
78759,154,152,2,2
78760,163,157,6,6
78761,175,169,6,6
78762,92,90,2,2
78763,150,152,-2,2
78764,67,70,-3,3
78765,127,137,-10,10
78766,131,106,25,25
78767,194,191,3,3
78768,113,114,-1,1
78769,106,110,-4,4
78770,88,80,8,8
78771,75,76,-1,1
78772,56,73,-17,17
78773,86,99,-13,13
78774,66,63,3,3
78775,171,166,5,5
78776,127,123,4,4
78777,110,105,5,5
78778,93,99,-6,6
78779,89,85,4,4
78780,72,82,-10,10
78781,98,99,-1,1
78782,77,78,-1,1
78783,93,96,-3,3
78784,112,97,15,15
78785,68,66,2,2
78786,104,117,-13,13
78787,78,77,1,1
78788,69,78,-9,9
78789,48,51,-3,3
78790,65,69,-4,4
78791,109,112,-3,3
78792,90,110,-20,20
78793,141,137,4,4
78794,100,109,-9,9
78795,133,136,-3,3
78796,110,102,8,8
78797,54,50,4,4
78798,71,70,1,1
78799,144,144,0,0
78800,57,87,-30,30
78801,88,92,-4,4
78802,107,103,4,4
78803,128,124,4,4
78804,93,96,-3,3
78805,136,141,-5,5
78806,107,95,12,12
78807,151,156,-5,5
78808,114,110,4,4
78809,67,69,-2,2
78810,94,91,3,3
78811,90,88,2,2
78812,105,96,9,9
78813,132,126,6,6
78814,90,93,-3,3
78815,120,124,-4,4
78816,91,92,-1,1
78817,155,155,0,0
78818,62,59,3,3
78819,109,100,9,9
78820,100,109,-9,9
78821,160,148,12,12
78822,96,102,-6,6
78823,104,115,-11,11
78824,93,92,1,1
78825,72,78,-6,6
78826,59,73,-14,14
78827,74,78,-4,4
78828,83,77,6,6
78829,92,83,9,9
78830,100,104,-4,4
78831,87,83,4,4
78832,122,121,1,1
78833,78,78,0,0
78834,79,71,8,8
78835,138,125,13,13
78836,158,146,12,12
78837,75,71,4,4
78838,100,96,4,4
78839,134,124,10,10
78840,138,159,-21,21
78841,82,93,-11,11
78842,52,51,1,1
78843,74,79,-5,5
78844,60,61,-1,1
78845,49,63,-14,14
78846,45,70,-25,25
78847,83,82,1,1
78848,55,60,-5,5
78849,74,74,0,0
78850,96,89,7,7
78851,71,74,-3,3
78852,73,73,0,0
78853,104,120,-16,16
78854,57,56,1,1
78855,79,90,-11,11
78856,109,117,-8,8
78857,65,61,4,4
78858,129,150,-21,21
78859,75,73,2,2
78860,209,195,14,14
78861,102,94,8,8
78862,102,109,-7,7
78863,142,129,13,13
78864,140,119,21,21
78865,44,53,-9,9
78866,102,106,-4,4
78867,89,79,10,10
78868,86,88,-2,2
78869,85,85,0,0
78870,88,85,3,3
78871,77,89,-12,12
78872,123,129,-6,6
78873,62,80,-18,18
78874,163,165,-2,2
78875,114,122,-8,8
78876,55,64,-9,9
78877,112,120,-8,8
78878,125,127,-2,2
78879,123,124,-1,1
78880,96,97,-1,1
78881,111,103,8,8
78882,136,131,5,5
78883,75,76,-1,1
78884,134,143,-9,9
78885,77,84,-7,7
78886,98,102,-4,4
78887,94,91,3,3
78888,77,78,-1,1
78889,83,83,0,0
78890,97,90,7,7
78891,82,81,1,1
78892,126,126,0,0
78893,159,167,-8,8
78894,100,104,-4,4
78895,100,124,-24,24
78896,121,107,14,14
78897,117,100,17,17
78898,81,84,-3,3
78899,90,89,1,1
78900,68,66,2,2
78901,110,111,-1,1
78902,118,137,-19,19
78903,97,97,0,0
78904,81,72,9,9
78905,105,105,0,0
78906,95,89,6,6
78907,66,81,-15,15
78908,109,114,-5,5
78909,141,147,-6,6
78910,52,81,-29,29
78911,80,76,4,4
78912,93,92,1,1
78913,76,74,2,2
78914,111,112,-1,1
78915,107,102,5,5
78916,132,126,6,6
78917,100,106,-6,6
78918,138,130,8,8
78919,122,120,2,2
78920,105,113,-8,8
78921,85,86,-1,1
78922,96,101,-5,5
78923,60,59,1,1
78924,106,107,-1,1
78925,47,71,-24,24
78926,97,96,1,1
78927,36,42,-6,6
78928,111,94,17,17
78929,121,133,-12,12
78930,85,77,8,8
78931,95,81,14,14
78932,78,82,-4,4
78933,113,120,-7,7
78934,72,70,2,2
78935,110,116,-6,6
78936,38,44,-6,6
78937,133,135,-2,2
78938,52,79,-27,27
78939,49,52,-3,3
78940,57,55,2,2
78941,209,169,40,40
78942,93,104,-11,11
78943,62,66,-4,4
78944,51,51,0,0
78945,82,111,-29,29
78946,77,74,3,3
78947,165,149,16,16
78948,58,56,2,2
78949,108,99,9,9
78950,43,51,-8,8
78951,83,85,-2,2
78952,92,86,6,6
78953,127,121,6,6
78954,47,55,-8,8
78955,78,76,2,2
78956,62,65,-3,3
78957,136,127,9,9
78958,121,129,-8,8
78959,79,84,-5,5
78960,83,94,-11,11
78961,100,102,-2,2
78962,86,87,-1,1
78963,89,93,-4,4
78964,74,69,5,5
78965,133,137,-4,4
78966,107,112,-5,5
78967,89,84,5,5
78968,72,68,4,4
78969,78,74,4,4
78970,52,56,-4,4
78971,94,84,10,10
78972,107,110,-3,3
78973,61,57,4,4
78974,224,213,11,11
78975,75,77,-2,2
78976,53,64,-11,11
78977,95,109,-14,14
78978,63,59,4,4
78979,133,137,-4,4
78980,45,44,1,1
78981,65,62,3,3
78982,93,90,3,3
78983,68,76,-8,8
78984,86,91,-5,5
78985,116,123,-7,7
78986,112,117,-5,5
78987,79,74,5,5
78988,83,80,3,3
78989,136,146,-10,10
78990,58,63,-5,5
78991,98,93,5,5
78992,216,236,-20,20
78993,135,133,2,2
78994,87,84,3,3
78995,99,98,1,1
78996,85,88,-3,3
78997,57,69,-12,12
78998,69,66,3,3
78999,72,74,-2,2
79000,42,46,-4,4
79001,50,44,6,6
79002,120,120,0,0
79003,43,42,1,1
79004,58,57,1,1
79005,64,75,-11,11
79006,47,57,-10,10
79007,118,110,8,8
79008,91,102,-11,11
79009,115,119,-4,4
79010,132,142,-10,10
79011,124,128,-4,4
79012,127,147,-20,20
79013,90,83,7,7
79014,142,145,-3,3
79015,72,73,-1,1
79016,91,99,-8,8
79017,93,101,-8,8
79018,159,160,-1,1
79019,76,80,-4,4
79020,89,99,-10,10
79021,127,98,29,29
79022,76,78,-2,2
79023,101,97,4,4
79024,95,96,-1,1
79025,82,84,-2,2
79026,109,109,0,0
79027,108,98,10,10
79028,84,90,-6,6
79029,184,185,-1,1
79030,77,72,5,5
79031,92,83,9,9
79032,57,63,-6,6
79033,104,90,14,14
79034,118,112,6,6
79035,111,113,-2,2
79036,78,69,9,9
79037,122,125,-3,3
79038,72,71,1,1
79039,106,96,10,10
79040,61,64,-3,3
79041,106,114,-8,8
79042,122,125,-3,3
79043,119,118,1,1
79044,141,130,11,11
79045,114,113,1,1
79046,124,120,4,4
79047,86,82,4,4
79048,43,54,-11,11
79049,177,174,3,3
79050,169,187,-18,18
79051,100,107,-7,7
79052,70,75,-5,5
79053,80,81,-1,1
79054,82,87,-5,5
79055,97,91,6,6
79056,112,107,5,5
79057,122,117,5,5
79058,62,64,-2,2
79059,146,130,16,16
79060,77,89,-12,12
79061,95,99,-4,4
79062,167,157,10,10
79063,62,99,-37,37
79064,112,145,-33,33
79065,56,58,-2,2
79066,126,113,13,13
79067,127,113,14,14
79068,221,221,0,0
79069,180,176,4,4
79070,73,72,1,1
79071,53,53,0,0
79072,82,91,-9,9
79073,58,66,-8,8
79074,78,78,0,0
79075,130,130,0,0
79076,39,46,-7,7
79077,93,107,-14,14
79078,87,86,1,1
79079,82,77,5,5
79080,130,117,13,13
79081,74,73,1,1
79082,93,92,1,1
79083,69,80,-11,11
79084,57,59,-2,2
79085,79,72,7,7
79086,120,119,1,1
79087,91,85,6,6
79088,99,113,-14,14
79089,100,100,0,0
79090,93,95,-2,2
79091,78,83,-5,5
79092,82,85,-3,3
79093,242,208,34,34
79094,154,162,-8,8
79095,63,63,0,0
79096,52,59,-7,7
79097,106,105,1,1
79098,87,108,-21,21
79099,106,117,-11,11
79100,36,43,-7,7
79101,108,132,-24,24
79102,153,199,-46,46
79103,44,60,-16,16
79104,119,121,-2,2
79105,51,60,-9,9
79106,156,146,10,10
79107,114,133,-19,19
79108,123,126,-3,3
79109,149,145,4,4
79110,90,86,4,4
79111,67,74,-7,7
79112,179,191,-12,12
79113,123,115,8,8
79114,88,86,2,2
79115,211,221,-10,10
79116,149,138,11,11
79117,58,62,-4,4
79118,85,85,0,0
79119,94,91,3,3
79120,125,142,-17,17
79121,50,53,-3,3
79122,78,71,7,7
79123,91,91,0,0
79124,166,174,-8,8
79125,89,81,8,8
79126,55,71,-16,16
79127,140,131,9,9
79128,122,122,0,0
79129,92,82,10,10
79130,59,62,-3,3
79131,112,125,-13,13
79132,97,103,-6,6
79133,109,118,-9,9
79134,121,158,-37,37
79135,75,84,-9,9
79136,80,80,0,0
79137,104,101,3,3
79138,130,134,-4,4
79139,148,159,-11,11
79140,54,51,3,3
79141,121,114,7,7
79142,65,86,-21,21
79143,51,62,-11,11
79144,142,127,15,15
79145,40,41,-1,1
79146,58,64,-6,6
79147,92,89,3,3
79148,71,72,-1,1
79149,96,100,-4,4
79150,118,113,5,5
79151,54,62,-8,8
79152,91,106,-15,15
79153,70,72,-2,2
79154,85,82,3,3
79155,47,74,-27,27
79156,137,140,-3,3
79157,88,88,0,0
79158,73,76,-3,3
79159,99,98,1,1
79160,68,70,-2,2
79161,174,186,-12,12
79162,119,129,-10,10
79163,84,84,0,0
79164,103,124,-21,21
79165,174,180,-6,6
79166,98,94,4,4
79167,86,83,3,3
79168,101,110,-9,9
79169,88,86,2,2
79170,78,83,-5,5
79171,94,88,6,6
79172,131,133,-2,2
79173,104,94,10,10
79174,89,90,-1,1
79175,104,120,-16,16
79176,43,49,-6,6
79177,85,84,1,1
79178,66,80,-14,14
79179,108,115,-7,7
79180,89,101,-12,12
79181,54,59,-5,5
79182,75,76,-1,1
79183,85,101,-16,16
79184,94,102,-8,8
79185,58,63,-5,5
79186,191,177,14,14
79187,63,57,6,6
79188,73,66,7,7
79189,92,92,0,0
79190,125,109,16,16
79191,90,92,-2,2
79192,128,130,-2,2
79193,38,48,-10,10
79194,84,77,7,7
79195,85,82,3,3
79196,147,144,3,3
79197,54,66,-12,12
79198,78,81,-3,3
79199,117,105,12,12
79200,78,83,-5,5
79201,83,81,2,2
79202,125,156,-31,31
79203,108,112,-4,4
79204,94,103,-9,9
79205,45,48,-3,3
79206,120,116,4,4
79207,86,88,-2,2
79208,85,81,4,4
79209,50,49,1,1
79210,89,84,5,5
79211,90,86,4,4
79212,75,76,-1,1
79213,110,114,-4,4
79214,82,76,6,6
79215,140,138,2,2
79216,102,105,-3,3
79217,78,83,-5,5
79218,90,100,-10,10
79219,49,55,-6,6
79220,60,55,5,5
79221,128,147,-19,19
79222,91,101,-10,10
79223,94,97,-3,3
79224,101,99,2,2
79225,90,86,4,4
79226,115,111,4,4
79227,111,98,13,13
79228,110,121,-11,11
79229,64,70,-6,6
79230,112,106,6,6
79231,88,90,-2,2
79232,108,108,0,0
79233,100,101,-1,1
79234,66,62,4,4
79235,142,129,13,13
79236,64,68,-4,4
79237,140,138,2,2
79238,124,121,3,3
79239,66,74,-8,8
79240,99,95,4,4
79241,78,70,8,8
79242,103,117,-14,14
79243,121,115,6,6
79244,96,89,7,7
79245,30,40,-10,10
79246,69,65,4,4
79247,97,91,6,6
79248,81,73,8,8
79249,72,71,1,1
79250,93,86,7,7
79251,84,93,-9,9
79252,84,93,-9,9
79253,98,101,-3,3
79254,57,77,-20,20
79255,81,86,-5,5
79256,88,91,-3,3
79257,98,97,1,1
79258,171,168,3,3
79259,76,77,-1,1
79260,126,138,-12,12
79261,90,88,2,2
79262,91,87,4,4
79263,94,87,7,7
79264,91,86,5,5
79265,122,128,-6,6
79266,81,93,-12,12
79267,86,106,-20,20
79268,79,80,-1,1
79269,76,88,-12,12
79270,97,106,-9,9
79271,125,145,-20,20
79272,125,135,-10,10
79273,62,69,-7,7
79274,63,70,-7,7
79275,81,85,-4,4
79276,115,95,20,20
79277,162,167,-5,5
79278,103,102,1,1
79279,64,66,-2,2
79280,153,146,7,7
79281,69,81,-12,12
79282,132,123,9,9
79283,76,73,3,3
79284,63,75,-12,12
79285,65,69,-4,4
79286,89,82,7,7
79287,165,142,23,23
79288,84,82,2,2
79289,89,83,6,6
79290,130,124,6,6
79291,73,66,7,7
79292,110,121,-11,11
79293,157,144,13,13
79294,82,89,-7,7
79295,100,98,2,2
79296,128,119,9,9
79297,122,124,-2,2
79298,102,110,-8,8
79299,102,95,7,7
79300,86,80,6,6
79301,124,130,-6,6
79302,157,154,3,3
79303,104,107,-3,3
79304,94,97,-3,3
79305,59,55,4,4
79306,103,101,2,2
79307,78,79,-1,1
79308,73,85,-12,12
79309,76,85,-9,9
79310,112,120,-8,8
79311,103,90,13,13
79312,159,133,26,26
79313,42,48,-6,6
79314,83,81,2,2
79315,108,105,3,3
79316,129,130,-1,1
79317,129,128,1,1
79318,145,144,1,1
79319,70,68,2,2
79320,71,68,3,3
79321,60,68,-8,8
79322,100,95,5,5
79323,173,174,-1,1
79324,156,148,8,8
79325,101,97,4,4
79326,99,103,-4,4
79327,130,134,-4,4
79328,68,127,-59,59
79329,138,135,3,3
79330,138,144,-6,6
79331,126,131,-5,5
79332,74,75,-1,1
79333,75,77,-2,2
79334,79,75,4,4
79335,67,70,-3,3
79336,80,125,-45,45
79337,86,75,11,11
79338,57,61,-4,4
79339,111,127,-16,16
79340,95,94,1,1
79341,85,80,5,5
79342,88,92,-4,4
79343,72,62,10,10
79344,22,68,-46,46
79345,97,84,13,13
79346,130,121,9,9
79347,55,52,3,3
79348,95,91,4,4
79349,86,89,-3,3
79350,53,55,-2,2
79351,66,62,4,4
79352,122,138,-16,16
79353,130,128,2,2
79354,135,140,-5,5
79355,47,55,-8,8
79356,65,106,-41,41
79357,46,44,2,2
79358,155,140,15,15
79359,60,66,-6,6
79360,75,82,-7,7
79361,97,97,0,0
79362,142,125,17,17
79363,57,63,-6,6
79364,80,75,5,5
79365,44,45,-1,1
79366,107,104,3,3
79367,39,57,-18,18
79368,163,172,-9,9
79369,152,166,-14,14
79370,119,122,-3,3
79371,98,85,13,13
79372,67,77,-10,10
79373,61,59,2,2
79374,99,96,3,3
79375,62,60,2,2
79376,68,67,1,1
79377,72,69,3,3
79378,83,85,-2,2
79379,103,104,-1,1
79380,116,130,-14,14
79381,122,127,-5,5
79382,88,93,-5,5
79383,129,119,10,10
79384,86,84,2,2
79385,82,84,-2,2
79386,83,89,-6,6
79387,71,86,-15,15
79388,77,83,-6,6
79389,100,106,-6,6
79390,206,218,-12,12
79391,152,178,-26,26
79392,58,58,0,0
79393,141,143,-2,2
79394,96,87,9,9
79395,149,139,10,10
79396,80,73,7,7
79397,48,60,-12,12
79398,75,80,-5,5
79399,95,91,4,4
79400,126,134,-8,8
79401,74,72,2,2
79402,95,93,2,2
79403,59,64,-5,5
79404,164,160,4,4
79405,95,91,4,4
79406,46,64,-18,18
79407,88,84,4,4
79408,135,150,-15,15
79409,140,135,5,5
79410,103,107,-4,4
79411,69,70,-1,1
79412,144,123,21,21
79413,147,138,9,9
79414,105,121,-16,16
79415,154,135,19,19
79416,77,79,-2,2
79417,74,83,-9,9
79418,132,127,5,5
79419,56,62,-6,6
79420,48,46,2,2
79421,77,76,1,1
79422,20,48,-28,28
79423,94,100,-6,6
79424,66,70,-4,4
79425,72,73,-1,1
79426,130,124,6,6
79427,282,260,22,22
79428,139,114,25,25
79429,99,113,-14,14
79430,67,71,-4,4
79431,72,70,2,2
79432,96,105,-9,9
79433,76,83,-7,7
79434,119,114,5,5
79435,93,87,6,6
79436,61,72,-11,11
79437,79,70,9,9
79438,107,103,4,4
79439,152,164,-12,12
79440,85,79,6,6
79441,62,59,3,3
79442,103,95,8,8
79443,59,58,1,1
79444,109,120,-11,11
79445,84,94,-10,10
79446,85,69,16,16
79447,77,93,-16,16
79448,182,177,5,5
79449,105,104,1,1
79450,165,166,-1,1
79451,101,101,0,0
79452,91,88,3,3
79453,93,98,-5,5
79454,105,121,-16,16
79455,98,102,-4,4
79456,140,145,-5,5
79457,150,137,13,13
79458,168,160,8,8
79459,155,151,4,4
79460,75,63,12,12
79461,56,54,2,2
79462,41,50,-9,9
79463,84,79,5,5
79464,46,59,-13,13
79465,168,176,-8,8
79466,148,143,5,5
79467,92,96,-4,4
79468,93,89,4,4
79469,108,102,6,6
79470,52,59,-7,7
79471,100,95,5,5
79472,77,86,-9,9
79473,95,89,6,6
79474,67,67,0,0
79475,84,77,7,7
79476,107,105,2,2
79477,80,82,-2,2
79478,104,107,-3,3
79479,86,88,-2,2
79480,90,84,6,6
79481,70,79,-9,9
79482,125,143,-18,18
79483,68,68,0,0
79484,125,127,-2,2
79485,133,136,-3,3
79486,77,74,3,3
79487,70,72,-2,2
79488,182,167,15,15
79489,114,101,13,13
79490,114,115,-1,1
79491,183,187,-4,4
79492,57,61,-4,4
79493,111,118,-7,7
79494,49,58,-9,9
79495,58,65,-7,7
79496,97,111,-14,14
79497,141,150,-9,9
79498,133,129,4,4
79499,115,105,10,10
79500,142,135,7,7
79501,53,51,2,2
79502,69,64,5,5
79503,152,140,12,12
79504,52,68,-16,16
79505,145,154,-9,9
79506,90,87,3,3
79507,125,121,4,4
79508,73,59,14,14
79509,72,81,-9,9
79510,69,80,-11,11
79511,146,144,2,2
79512,149,149,0,0
79513,79,86,-7,7
79514,105,116,-11,11
79515,65,63,2,2
79516,139,131,8,8
79517,123,122,1,1
79518,105,89,16,16
79519,40,43,-3,3
79520,65,70,-5,5
79521,134,130,4,4
79522,123,129,-6,6
79523,127,120,7,7
79524,39,61,-22,22
79525,104,113,-9,9
79526,48,55,-7,7
79527,78,78,0,0
79528,102,98,4,4
79529,72,65,7,7
79530,130,137,-7,7
79531,107,110,-3,3
79532,90,96,-6,6
79533,85,90,-5,5
79534,103,108,-5,5
79535,118,112,6,6
79536,67,73,-6,6
79537,101,92,9,9
79538,108,103,5,5
79539,134,157,-23,23
79540,83,73,10,10
79541,103,79,24,24
79542,43,56,-13,13
79543,154,144,10,10
79544,137,136,1,1
79545,133,122,11,11
79546,165,148,17,17
79547,68,78,-10,10
79548,144,148,-4,4
79549,112,113,-1,1
79550,96,97,-1,1
79551,84,74,10,10
79552,131,120,11,11
79553,95,96,-1,1
79554,166,169,-3,3
79555,56,62,-6,6
79556,112,112,0,0
79557,55,55,0,0
79558,88,90,-2,2
79559,81,71,10,10
79560,79,77,2,2
79561,105,110,-5,5
79562,52,59,-7,7
79563,131,127,4,4
79564,101,106,-5,5
79565,98,66,32,32
79566,60,54,6,6
79567,66,70,-4,4
79568,85,78,7,7
79569,81,77,4,4
79570,117,128,-11,11
79571,61,61,0,0
79572,74,78,-4,4
79573,64,69,-5,5
79574,61,67,-6,6
79575,106,105,1,1
79576,82,82,0,0
79577,68,89,-21,21
79578,100,96,4,4
79579,111,95,16,16
79580,73,80,-7,7
79581,110,109,1,1
79582,110,105,5,5
79583,150,146,4,4
79584,119,126,-7,7
79585,140,145,-5,5
79586,107,106,1,1
79587,31,39,-8,8
79588,111,113,-2,2
79589,93,99,-6,6
79590,73,77,-4,4
79591,75,84,-9,9
79592,106,120,-14,14
79593,46,59,-13,13
79594,169,167,2,2
79595,128,129,-1,1
79596,189,188,1,1
79597,119,121,-2,2
79598,61,54,7,7
79599,109,113,-4,4
79600,129,115,14,14
79601,118,123,-5,5
79602,91,91,0,0
79603,95,99,-4,4
79604,106,93,13,13
79605,188,175,13,13
79606,78,80,-2,2
79607,59,71,-12,12
79608,66,70,-4,4
79609,62,71,-9,9
79610,137,134,3,3
79611,82,87,-5,5
79612,115,121,-6,6
79613,102,86,16,16
79614,50,78,-28,28
79615,119,125,-6,6
79616,159,172,-13,13
79617,146,142,4,4
79618,62,56,6,6
79619,72,75,-3,3
79620,82,82,0,0
79621,64,73,-9,9
79622,74,75,-1,1
79623,104,98,6,6
79624,169,136,33,33
79625,86,89,-3,3
79626,178,187,-9,9
79627,83,78,5,5
79628,115,111,4,4
79629,124,129,-5,5
79630,123,155,-32,32
79631,90,93,-3,3
79632,51,55,-4,4
79633,99,92,7,7
79634,99,128,-29,29
79635,108,102,6,6
79636,124,116,8,8
79637,144,146,-2,2
79638,128,141,-13,13
79639,70,73,-3,3
79640,74,82,-8,8
79641,134,142,-8,8
79642,119,127,-8,8
79643,41,49,-8,8
79644,101,108,-7,7
79645,149,148,1,1
79646,121,115,6,6
79647,56,56,0,0
79648,108,111,-3,3
79649,72,77,-5,5
79650,98,95,3,3
79651,67,65,2,2
79652,69,77,-8,8
79653,89,90,-1,1
79654,122,141,-19,19
79655,75,79,-4,4
79656,80,85,-5,5
79657,184,202,-18,18
79658,80,77,3,3
79659,136,142,-6,6
79660,85,86,-1,1
79661,86,89,-3,3
79662,99,109,-10,10
79663,161,167,-6,6
79664,106,113,-7,7
79665,86,87,-1,1
79666,160,159,1,1
79667,140,148,-8,8
79668,157,160,-3,3
79669,121,119,2,2
79670,61,62,-1,1
79671,108,111,-3,3
79672,110,109,1,1
79673,101,103,-2,2
79674,85,86,-1,1
79675,125,135,-10,10
79676,67,64,3,3
79677,64,67,-3,3
79678,47,59,-12,12
79679,111,126,-15,15
79680,45,51,-6,6
79681,79,72,7,7
79682,102,101,1,1
79683,99,80,19,19
79684,121,123,-2,2
79685,75,84,-9,9
79686,172,173,-1,1
79687,67,65,2,2
79688,111,103,8,8
79689,119,134,-15,15
79690,134,130,4,4
79691,139,135,4,4
79692,67,76,-9,9
79693,100,102,-2,2
79694,64,74,-10,10
79695,105,104,1,1
79696,106,103,3,3
79697,41,43,-2,2
79698,122,120,2,2
79699,96,101,-5,5
79700,74,72,2,2
79701,97,96,1,1
79702,106,100,6,6
79703,58,62,-4,4
79704,61,65,-4,4
79705,72,64,8,8
79706,97,99,-2,2
79707,104,110,-6,6
79708,90,95,-5,5
79709,190,190,0,0
79710,113,124,-11,11
79711,72,92,-20,20
79712,102,98,4,4
79713,143,123,20,20
79714,71,75,-4,4
79715,80,93,-13,13
79716,45,47,-2,2
79717,57,60,-3,3
79718,109,109,0,0
79719,80,80,0,0
79720,54,49,5,5
79721,75,80,-5,5
79722,80,65,15,15
79723,73,78,-5,5
79724,216,198,18,18
79725,73,79,-6,6
79726,124,128,-4,4
79727,160,135,25,25
79728,140,137,3,3
79729,136,129,7,7
79730,68,64,4,4
79731,91,88,3,3
79732,69,67,2,2
79733,93,101,-8,8
79734,103,102,1,1
79735,93,90,3,3
79736,53,53,0,0
79737,116,115,1,1
79738,57,60,-3,3
79739,89,85,4,4
79740,58,66,-8,8
79741,136,134,2,2
79742,95,95,0,0
79743,59,64,-5,5
79744,169,158,11,11
79745,105,108,-3,3
79746,119,90,29,29
79747,89,88,1,1
79748,132,128,4,4
79749,81,74,7,7
79750,52,58,-6,6
79751,139,125,14,14
79752,60,65,-5,5
79753,128,136,-8,8
79754,54,56,-2,2
79755,123,130,-7,7
79756,99,96,3,3
79757,36,47,-11,11
79758,40,55,-15,15
79759,114,119,-5,5
79760,89,81,8,8
79761,68,71,-3,3
79762,96,78,18,18
79763,120,126,-6,6
79764,85,87,-2,2
79765,67,67,0,0
79766,90,91,-1,1
79767,59,63,-4,4
79768,86,75,11,11
79769,187,180,7,7
79770,117,112,5,5
79771,50,59,-9,9
79772,90,88,2,2
79773,92,83,9,9
79774,57,63,-6,6
79775,55,57,-2,2
79776,51,54,-3,3
79777,84,93,-9,9
79778,110,114,-4,4
79779,52,67,-15,15
79780,56,74,-18,18
79781,82,86,-4,4
79782,141,150,-9,9
79783,104,108,-4,4
79784,113,114,-1,1
79785,119,112,7,7
79786,124,118,6,6
79787,79,76,3,3
79788,99,91,8,8
79789,133,128,5,5
79790,53,60,-7,7
79791,88,83,5,5
79792,58,56,2,2
79793,90,96,-6,6
79794,89,101,-12,12
79795,91,104,-13,13
79796,110,106,4,4
79797,77,80,-3,3
79798,71,75,-4,4
79799,77,81,-4,4
79800,115,122,-7,7
79801,62,85,-23,23
79802,167,164,3,3
79803,105,110,-5,5
79804,100,97,3,3
79805,100,105,-5,5
79806,111,120,-9,9
79807,92,86,6,6
79808,162,163,-1,1
79809,109,115,-6,6
79810,164,162,2,2
79811,63,61,2,2
79812,67,73,-6,6
79813,158,163,-5,5
79814,82,84,-2,2
79815,65,62,3,3
79816,118,116,2,2
79817,87,93,-6,6
79818,159,169,-10,10
79819,122,118,4,4
79820,102,106,-4,4
79821,63,71,-8,8
79822,94,96,-2,2
79823,100,104,-4,4
79824,87,75,12,12
79825,98,99,-1,1
79826,79,72,7,7
79827,104,99,5,5
79828,115,110,5,5
79829,118,138,-20,20
79830,82,84,-2,2
79831,130,131,-1,1
79832,98,99,-1,1
79833,141,152,-11,11
79834,197,192,5,5
79835,141,150,-9,9
79836,91,90,1,1
79837,80,78,2,2
79838,104,96,8,8
79839,171,175,-4,4
79840,292,266,26,26
79841,113,116,-3,3
79842,111,112,-1,1
79843,116,121,-5,5
79844,66,64,2,2
79845,146,146,0,0
79846,62,64,-2,2
79847,105,103,2,2
79848,66,69,-3,3
79849,59,66,-7,7
79850,74,83,-9,9
79851,91,80,11,11
79852,117,117,0,0
79853,101,112,-11,11
79854,167,179,-12,12
79855,69,71,-2,2
79856,120,125,-5,5
79857,119,116,3,3
79858,130,132,-2,2
79859,69,62,7,7
79860,97,110,-13,13
79861,76,78,-2,2
79862,183,178,5,5
79863,65,71,-6,6
79864,155,145,10,10
79865,80,84,-4,4
79866,107,115,-8,8
79867,46,65,-19,19
79868,95,90,5,5
79869,72,79,-7,7
79870,74,81,-7,7
79871,73,77,-4,4
79872,66,69,-3,3
79873,76,75,1,1
79874,75,76,-1,1
79875,36,58,-22,22
79876,82,86,-4,4
79877,150,148,2,2
79878,88,96,-8,8
79879,40,60,-20,20
79880,82,84,-2,2
79881,166,169,-3,3
79882,113,114,-1,1
79883,120,126,-6,6
79884,136,137,-1,1
79885,53,57,-4,4
79886,233,182,51,51
79887,78,76,2,2
79888,112,107,5,5
79889,103,120,-17,17
79890,100,97,3,3
79891,86,95,-9,9
79892,69,76,-7,7
79893,109,116,-7,7
79894,105,106,-1,1
79895,51,81,-30,30
79896,99,111,-12,12
79897,138,152,-14,14
79898,42,90,-48,48
79899,87,86,1,1
79900,141,137,4,4
79901,75,88,-13,13
79902,96,101,-5,5
79903,56,56,0,0
79904,122,119,3,3
79905,65,70,-5,5
79906,113,103,10,10
79907,67,62,5,5
79908,83,81,2,2
79909,91,81,10,10
79910,136,145,-9,9
79911,85,82,3,3
79912,66,71,-5,5
79913,79,68,11,11
79914,73,68,5,5
79915,106,106,0,0
79916,76,76,0,0
79917,149,142,7,7
79918,38,62,-24,24
79919,108,99,9,9
79920,91,93,-2,2
79921,105,104,1,1
79922,85,86,-1,1
79923,62,73,-11,11
79924,117,138,-21,21
79925,62,71,-9,9
79926,115,99,16,16
79927,85,76,9,9
79928,150,151,-1,1
79929,132,117,15,15
79930,74,81,-7,7
79931,44,65,-21,21
79932,152,162,-10,10
79933,142,159,-17,17
79934,106,110,-4,4
79935,97,103,-6,6
79936,97,89,8,8
79937,53,67,-14,14
79938,116,118,-2,2
79939,141,143,-2,2
79940,109,113,-4,4
79941,90,92,-2,2
79942,111,117,-6,6
79943,186,194,-8,8
79944,133,133,0,0
79945,83,81,2,2
79946,69,80,-11,11
79947,73,76,-3,3
79948,154,149,5,5
79949,93,109,-16,16
79950,87,87,0,0
79951,126,145,-19,19
79952,91,92,-1,1
79953,79,81,-2,2
79954,82,94,-12,12
79955,112,93,19,19
79956,72,65,7,7
79957,179,183,-4,4
79958,67,75,-8,8
79959,61,81,-20,20
79960,134,117,17,17
79961,129,125,4,4
79962,79,76,3,3
79963,95,97,-2,2
79964,147,142,5,5
79965,86,91,-5,5
79966,64,67,-3,3
79967,73,90,-17,17
79968,60,59,1,1
79969,122,129,-7,7
79970,91,103,-12,12
79971,78,111,-33,33
79972,69,81,-12,12
79973,64,77,-13,13
79974,120,121,-1,1
79975,101,104,-3,3
79976,51,54,-3,3
79977,80,85,-5,5
79978,100,131,-31,31
79979,104,108,-4,4
79980,69,76,-7,7
79981,94,94,0,0
79982,110,125,-15,15
79983,157,162,-5,5
79984,56,62,-6,6
79985,118,125,-7,7
79986,29,37,-8,8
79987,110,136,-26,26
79988,102,83,19,19
79989,78,78,0,0
79990,116,133,-17,17
79991,129,126,3,3
79992,124,135,-11,11
79993,69,87,-18,18
79994,94,93,1,1
79995,105,103,2,2
79996,127,146,-19,19
79997,99,102,-3,3
79998,106,85,21,21
79999,45,47,-2,2
80000,73,74,-1,1
80001,57,67,-10,10
80002,71,72,-1,1
80003,84,84,0,0
80004,91,92,-1,1
80005,93,84,9,9
80006,75,79,-4,4
80007,98,93,5,5
80008,76,72,4,4
80009,87,80,7,7
80010,100,104,-4,4
80011,101,103,-2,2
80012,63,77,-14,14
80013,94,88,6,6
80014,58,65,-7,7
80015,77,72,5,5
80016,136,131,5,5
80017,86,89,-3,3
80018,109,101,8,8
80019,77,73,4,4
80020,146,147,-1,1
80021,128,130,-2,2
80022,164,159,5,5
80023,71,78,-7,7
80024,147,158,-11,11
80025,96,95,1,1
80026,65,66,-1,1
80027,95,96,-1,1
80028,84,88,-4,4
80029,104,101,3,3
80030,75,79,-4,4
80031,168,180,-12,12
80032,200,193,7,7
80033,153,165,-12,12
80034,171,190,-19,19
80035,111,130,-19,19
80036,65,76,-11,11
80037,85,102,-17,17
80038,98,85,13,13
80039,111,121,-10,10
80040,112,115,-3,3
80041,113,115,-2,2
80042,148,138,10,10
80043,115,116,-1,1
80044,63,73,-10,10
80045,95,88,7,7
80046,98,98,0,0
80047,117,127,-10,10
80048,144,138,6,6
80049,115,127,-12,12
80050,124,122,2,2
80051,115,125,-10,10
80052,93,101,-8,8
80053,83,88,-5,5
80054,83,89,-6,6
80055,106,104,2,2
80056,104,108,-4,4
80057,149,176,-27,27
80058,94,98,-4,4
80059,61,72,-11,11
80060,63,75,-12,12
80061,98,98,0,0
80062,70,78,-8,8
80063,96,102,-6,6
80064,89,86,3,3
80065,120,147,-27,27
80066,85,82,3,3
80067,159,142,17,17
80068,144,148,-4,4
80069,63,67,-4,4
80070,102,99,3,3
80071,119,115,4,4
80072,106,105,1,1
80073,88,73,15,15
80074,54,57,-3,3
80075,58,69,-11,11
80076,130,102,28,28
80077,168,160,8,8
80078,73,72,1,1
80079,133,144,-11,11
80080,98,106,-8,8
80081,86,80,6,6
80082,81,83,-2,2
80083,83,83,0,0
80084,59,62,-3,3
80085,43,53,-10,10
80086,80,83,-3,3
80087,73,77,-4,4
80088,86,97,-11,11
80089,89,121,-32,32
80090,77,84,-7,7
80091,59,71,-12,12
80092,64,84,-20,20
80093,82,77,5,5
80094,47,55,-8,8
80095,99,85,14,14
80096,104,106,-2,2
80097,62,66,-4,4
80098,70,77,-7,7
80099,65,74,-9,9
80100,79,78,1,1
80101,86,87,-1,1
80102,105,111,-6,6
80103,91,86,5,5
80104,117,106,11,11
80105,43,52,-9,9
80106,171,173,-2,2
80107,115,114,1,1
80108,111,121,-10,10
80109,73,79,-6,6
80110,118,112,6,6
80111,84,88,-4,4
80112,96,105,-9,9
80113,115,117,-2,2
80114,172,179,-7,7
80115,138,131,7,7
80116,130,124,6,6
80117,142,141,1,1
80118,92,95,-3,3
80119,71,64,7,7
80120,42,46,-4,4
80121,93,91,2,2
80122,116,106,10,10
80123,90,70,20,20
80124,74,82,-8,8
80125,56,64,-8,8
80126,139,130,9,9
80127,76,84,-8,8
80128,97,102,-5,5
80129,88,93,-5,5
80130,70,72,-2,2
80131,148,141,7,7
80132,70,70,0,0
80133,112,112,0,0
80134,81,69,12,12
80135,52,51,1,1
80136,95,102,-7,7
80137,80,88,-8,8
80138,46,61,-15,15
80139,50,58,-8,8
80140,129,135,-6,6
80141,90,91,-1,1
80142,132,120,12,12
80143,143,148,-5,5
80144,130,165,-35,35
80145,147,147,0,0
80146,103,102,1,1
80147,61,55,6,6
80148,88,94,-6,6
80149,158,154,4,4
80150,50,51,-1,1
80151,115,115,0,0
80152,86,83,3,3
80153,95,92,3,3
80154,135,150,-15,15
80155,84,88,-4,4
80156,116,139,-23,23
80157,31,60,-29,29
80158,86,91,-5,5
80159,87,82,5,5
80160,99,94,5,5
80161,61,71,-10,10
80162,66,63,3,3
80163,99,102,-3,3
80164,83,86,-3,3
80165,63,64,-1,1
80166,85,78,7,7
80167,90,93,-3,3
80168,114,122,-8,8
80169,77,76,1,1
80170,74,86,-12,12
80171,85,88,-3,3
80172,49,92,-43,43
80173,29,38,-9,9
80174,77,73,4,4
80175,70,60,10,10
80176,72,77,-5,5
80177,67,83,-16,16
80178,73,74,-1,1
80179,112,97,15,15
80180,153,156,-3,3
80181,120,121,-1,1
80182,96,98,-2,2
80183,104,103,1,1
80184,74,76,-2,2
80185,50,73,-23,23
80186,74,75,-1,1
80187,91,89,2,2
80188,100,104,-4,4
80189,45,54,-9,9
80190,96,100,-4,4
80191,57,61,-4,4
80192,117,113,4,4
80193,116,98,18,18
80194,117,123,-6,6
80195,85,90,-5,5
80196,90,96,-6,6
80197,120,104,16,16
80198,63,72,-9,9
80199,131,151,-20,20
80200,55,60,-5,5
80201,159,172,-13,13
80202,95,90,5,5
80203,91,92,-1,1
80204,52,50,2,2
80205,73,76,-3,3
80206,107,103,4,4
80207,73,79,-6,6
80208,144,143,1,1
80209,101,103,-2,2
80210,84,85,-1,1
80211,72,82,-10,10
80212,100,112,-12,12
80213,57,57,0,0
80214,89,84,5,5
80215,85,80,5,5
80216,136,142,-6,6
80217,104,105,-1,1
80218,180,171,9,9
80219,88,86,2,2
80220,81,89,-8,8
80221,98,96,2,2
80222,63,66,-3,3
80223,81,91,-10,10
80224,132,148,-16,16
80225,139,143,-4,4
80226,156,150,6,6
80227,94,92,2,2
80228,113,117,-4,4
80229,155,180,-25,25
80230,106,99,7,7
80231,71,63,8,8
80232,98,103,-5,5
80233,48,134,-86,86
80234,54,58,-4,4
80235,86,83,3,3
80236,103,103,0,0
80237,148,144,4,4
80238,73,70,3,3
80239,135,143,-8,8
80240,93,99,-6,6
80241,137,147,-10,10
80242,82,88,-6,6
80243,78,75,3,3
80244,95,100,-5,5
80245,74,76,-2,2
80246,95,92,3,3
80247,64,72,-8,8
80248,100,109,-9,9
80249,95,107,-12,12
80250,28,42,-14,14
80251,38,47,-9,9
80252,92,93,-1,1
80253,134,139,-5,5
80254,68,74,-6,6
80255,117,113,4,4
80256,118,116,2,2
80257,79,75,4,4
80258,61,61,0,0
80259,132,132,0,0
80260,98,112,-14,14
80261,70,81,-11,11
80262,117,113,4,4
80263,61,58,3,3
80264,69,72,-3,3
80265,76,70,6,6
80266,56,60,-4,4
80267,108,110,-2,2
80268,70,71,-1,1
80269,53,61,-8,8
80270,94,102,-8,8
80271,158,161,-3,3
80272,146,149,-3,3
80273,94,104,-10,10
80274,48,55,-7,7
80275,85,96,-11,11
80276,117,103,14,14
80277,119,112,7,7
80278,72,78,-6,6
80279,103,102,1,1
80280,85,82,3,3
80281,121,113,8,8
80282,66,83,-17,17
80283,177,198,-21,21
80284,85,83,2,2
80285,151,160,-9,9
80286,57,51,6,6
80287,83,70,13,13
80288,68,64,4,4
80289,118,127,-9,9
80290,70,74,-4,4
80291,30,61,-31,31
80292,94,100,-6,6
80293,68,73,-5,5
80294,153,168,-15,15
80295,81,83,-2,2
80296,106,110,-4,4
80297,93,89,4,4
80298,152,158,-6,6
80299,117,121,-4,4
80300,121,120,1,1
80301,104,116,-12,12
80302,130,127,3,3
80303,113,109,4,4
80304,108,107,1,1
80305,110,105,5,5
80306,76,90,-14,14
80307,119,117,2,2
80308,79,75,4,4
80309,96,100,-4,4
80310,74,86,-12,12
80311,71,68,3,3
80312,79,70,9,9
80313,62,63,-1,1
80314,67,69,-2,2
80315,149,136,13,13
80316,70,76,-6,6
80317,87,82,5,5
80318,302,300,2,2
80319,51,68,-17,17
80320,73,71,2,2
80321,47,53,-6,6
80322,138,126,12,12
80323,155,153,2,2
80324,67,72,-5,5
80325,118,129,-11,11
80326,73,80,-7,7
80327,67,75,-8,8
80328,43,64,-21,21
80329,101,112,-11,11
80330,89,78,11,11
80331,67,76,-9,9
80332,148,151,-3,3
80333,131,134,-3,3
80334,73,70,3,3
80335,135,146,-11,11
80336,71,81,-10,10
80337,71,69,2,2
80338,108,98,10,10
80339,131,133,-2,2
80340,115,144,-29,29
80341,56,42,14,14
80342,84,87,-3,3
80343,92,104,-12,12
80344,38,56,-18,18
80345,134,127,7,7
80346,75,75,0,0
80347,124,100,24,24
80348,126,128,-2,2
80349,103,120,-17,17
80350,57,63,-6,6
80351,82,92,-10,10
80352,113,119,-6,6
80353,103,110,-7,7
80354,119,104,15,15
80355,259,306,-47,47
80356,87,85,2,2
80357,180,162,18,18
80358,84,89,-5,5
80359,110,125,-15,15
80360,116,109,7,7
80361,114,117,-3,3
80362,124,141,-17,17
80363,92,84,8,8
80364,86,99,-13,13
80365,85,88,-3,3
80366,65,67,-2,2
80367,73,75,-2,2
80368,72,73,-1,1
80369,108,111,-3,3
80370,47,45,2,2
80371,96,99,-3,3
80372,66,71,-5,5
80373,70,77,-7,7
80374,134,132,2,2
80375,47,69,-22,22
80376,50,53,-3,3
80377,69,80,-11,11
80378,82,93,-11,11
80379,103,102,1,1
80380,79,77,2,2
80381,82,83,-1,1
80382,77,86,-9,9
80383,77,87,-10,10
80384,99,100,-1,1
80385,99,108,-9,9
80386,156,171,-15,15
80387,82,72,10,10
80388,123,125,-2,2
80389,75,66,9,9
80390,47,53,-6,6
80391,32,37,-5,5
80392,72,75,-3,3
80393,92,93,-1,1
80394,128,98,30,30
80395,100,104,-4,4
80396,78,86,-8,8
80397,141,137,4,4
80398,361,223,138,138
80399,142,129,13,13
80400,28,64,-36,36
80401,53,56,-3,3
80402,80,84,-4,4
80403,81,84,-3,3
80404,181,164,17,17
80405,55,57,-2,2
80406,81,80,1,1
80407,58,63,-5,5
80408,28,28,0,0
80409,76,84,-8,8
80410,77,91,-14,14
80411,125,125,0,0
80412,89,100,-11,11
80413,91,93,-2,2
80414,103,108,-5,5
80415,97,101,-4,4
80416,90,81,9,9
80417,69,73,-4,4
80418,140,146,-6,6
80419,59,75,-16,16
80420,140,140,0,0
80421,119,124,-5,5
80422,86,92,-6,6
80423,71,70,1,1
80424,179,184,-5,5
80425,119,104,15,15
80426,115,104,11,11
80427,61,78,-17,17
80428,160,167,-7,7
80429,127,130,-3,3
80430,186,202,-16,16
80431,95,99,-4,4
80432,73,82,-9,9
80433,86,80,6,6
80434,64,69,-5,5
80435,164,166,-2,2
80436,80,80,0,0
80437,107,104,3,3
80438,138,132,6,6
80439,95,101,-6,6
80440,161,156,5,5
80441,81,78,3,3
80442,118,123,-5,5
80443,102,101,1,1
80444,79,81,-2,2
80445,83,86,-3,3
80446,96,85,11,11
80447,99,104,-5,5
80448,101,101,0,0
80449,73,73,0,0
80450,151,129,22,22
80451,86,94,-8,8
80452,107,100,7,7
80453,102,98,4,4
80454,87,87,0,0
80455,110,114,-4,4
80456,75,82,-7,7
80457,68,91,-23,23
80458,88,95,-7,7
80459,84,80,4,4
80460,81,85,-4,4
80461,78,79,-1,1
80462,73,72,1,1
80463,103,98,5,5
80464,175,171,4,4
80465,122,120,2,2
80466,106,104,2,2
80467,53,54,-1,1
80468,120,125,-5,5
80469,135,140,-5,5
80470,96,95,1,1
80471,69,66,3,3
80472,86,90,-4,4
80473,94,102,-8,8
80474,46,61,-15,15
80475,93,92,1,1
80476,111,119,-8,8
80477,54,56,-2,2
80478,63,68,-5,5
80479,59,64,-5,5
80480,61,62,-1,1
80481,68,87,-19,19
80482,140,130,10,10
80483,79,73,6,6
80484,148,162,-14,14
80485,114,109,5,5
80486,77,87,-10,10
80487,95,81,14,14
80488,53,53,0,0
80489,102,113,-11,11
80490,150,149,1,1
80491,142,137,5,5
80492,123,134,-11,11
80493,85,90,-5,5
80494,86,80,6,6
80495,106,100,6,6
80496,123,123,0,0
80497,99,101,-2,2
80498,78,68,10,10
80499,74,78,-4,4
80500,83,82,1,1
80501,68,91,-23,23
80502,100,102,-2,2
80503,71,61,10,10
80504,85,72,13,13
80505,105,105,0,0
80506,132,135,-3,3
80507,109,100,9,9
80508,95,93,2,2
80509,101,97,4,4
80510,49,63,-14,14
80511,37,41,-4,4
80512,80,87,-7,7
80513,66,63,3,3
80514,70,69,1,1
80515,93,86,7,7
80516,54,56,-2,2
80517,99,112,-13,13
80518,100,104,-4,4
80519,143,139,4,4
80520,67,52,15,15
80521,69,66,3,3
80522,72,93,-21,21
80523,88,96,-8,8
80524,116,103,13,13
80525,103,106,-3,3
80526,129,141,-12,12
80527,112,116,-4,4
80528,47,53,-6,6
80529,80,77,3,3
80530,87,85,2,2
80531,102,105,-3,3
80532,111,120,-9,9
80533,113,113,0,0
80534,85,82,3,3
80535,57,59,-2,2
80536,110,103,7,7
80537,91,99,-8,8
80538,127,126,1,1
80539,71,66,5,5
80540,110,102,8,8
80541,143,142,1,1
80542,90,96,-6,6
80543,122,112,10,10
80544,124,126,-2,2
80545,53,55,-2,2
80546,77,86,-9,9
80547,35,37,-2,2
80548,63,75,-12,12
80549,115,110,5,5
80550,128,126,2,2
80551,99,98,1,1
80552,90,105,-15,15
80553,80,77,3,3
80554,98,93,5,5
80555,95,95,0,0
80556,138,144,-6,6
80557,84,77,7,7
80558,129,137,-8,8
80559,101,92,9,9
80560,109,95,14,14
80561,142,151,-9,9
80562,72,60,12,12
80563,110,111,-1,1
80564,52,55,-3,3
80565,66,89,-23,23
80566,69,72,-3,3
80567,79,73,6,6
80568,69,75,-6,6
80569,97,99,-2,2
80570,96,93,3,3
80571,105,100,5,5
80572,144,135,9,9
80573,129,123,6,6
80574,75,81,-6,6
80575,111,107,4,4
80576,149,138,11,11
80577,110,89,21,21
80578,73,74,-1,1
80579,58,64,-6,6
80580,47,60,-13,13
80581,82,91,-9,9
80582,70,84,-14,14
80583,124,115,9,9
80584,78,75,3,3
80585,136,131,5,5
80586,147,156,-9,9
80587,84,101,-17,17
80588,121,116,5,5
80589,63,71,-8,8
80590,94,96,-2,2
80591,125,132,-7,7
80592,82,95,-13,13
80593,158,147,11,11
80594,67,73,-6,6
80595,61,71,-10,10
80596,119,122,-3,3
80597,65,68,-3,3
80598,86,87,-1,1
80599,98,85,13,13
80600,143,153,-10,10
80601,105,103,2,2
80602,113,132,-19,19
80603,77,76,1,1
80604,107,116,-9,9
80605,58,66,-8,8
80606,145,153,-8,8
80607,52,86,-34,34
80608,109,103,6,6
80609,71,66,5,5
80610,64,72,-8,8
80611,129,120,9,9
80612,83,95,-12,12
80613,40,59,-19,19
80614,102,116,-14,14
80615,65,61,4,4
80616,100,88,12,12
80617,131,128,3,3
80618,90,94,-4,4
80619,92,97,-5,5
80620,67,80,-13,13
80621,121,123,-2,2
80622,126,116,10,10
80623,93,97,-4,4
80624,157,160,-3,3
80625,89,89,0,0
80626,53,59,-6,6
80627,96,89,7,7
80628,111,105,6,6
80629,121,115,6,6
80630,67,80,-13,13
80631,59,63,-4,4
80632,88,93,-5,5
80633,71,81,-10,10
80634,57,63,-6,6
80635,118,106,12,12
80636,78,75,3,3
80637,118,115,3,3
80638,85,83,2,2
80639,102,107,-5,5
80640,69,77,-8,8
80641,179,196,-17,17
80642,94,110,-16,16
80643,100,94,6,6
80644,91,80,11,11
80645,139,148,-9,9
80646,77,83,-6,6
80647,64,68,-4,4
80648,64,67,-3,3
80649,137,140,-3,3
80650,113,110,3,3
80651,93,84,9,9
80652,100,110,-10,10
80653,88,88,0,0
80654,87,85,2,2
80655,144,148,-4,4
80656,41,51,-10,10
80657,51,52,-1,1
80658,78,73,5,5
80659,72,70,2,2
80660,66,63,3,3
80661,58,67,-9,9
80662,123,128,-5,5
80663,90,82,8,8
80664,56,61,-5,5
80665,98,90,8,8
80666,91,80,11,11
80667,126,120,6,6
80668,68,84,-16,16
80669,117,104,13,13
80670,46,36,10,10
80671,71,69,2,2
80672,111,109,2,2
80673,89,84,5,5
80674,58,62,-4,4
80675,104,99,5,5
80676,110,104,6,6
80677,101,102,-1,1
80678,203,237,-34,34
80679,90,100,-10,10
80680,82,79,3,3
80681,133,128,5,5
80682,67,49,18,18
80683,75,75,0,0
80684,90,85,5,5
80685,91,83,8,8
80686,91,100,-9,9
80687,67,76,-9,9
80688,122,118,4,4
80689,59,61,-2,2
80690,40,41,-1,1
80691,104,104,0,0
80692,118,124,-6,6
80693,92,88,4,4
80694,157,171,-14,14
80695,65,67,-2,2
80696,60,65,-5,5
80697,100,97,3,3
80698,31,36,-5,5
80699,94,93,1,1
80700,45,50,-5,5
80701,109,101,8,8
80702,85,71,14,14
80703,86,96,-10,10
80704,185,176,9,9
80705,97,94,3,3
80706,69,68,1,1
80707,194,195,-1,1
80708,63,81,-18,18
80709,141,145,-4,4
80710,87,77,10,10
80711,131,135,-4,4
80712,152,145,7,7
80713,96,94,2,2
80714,111,116,-5,5
80715,92,83,9,9
80716,108,102,6,6
80717,83,88,-5,5
80718,52,53,-1,1
80719,103,104,-1,1
80720,189,187,2,2
80721,80,74,6,6
80722,149,151,-2,2
80723,146,150,-4,4
80724,66,64,2,2
80725,38,46,-8,8
80726,124,131,-7,7
80727,55,61,-6,6
80728,141,101,40,40
80729,83,116,-33,33
80730,144,159,-15,15
80731,127,132,-5,5
80732,80,76,4,4
80733,125,124,1,1
80734,115,120,-5,5
80735,79,80,-1,1
80736,73,73,0,0
80737,92,82,10,10
80738,84,90,-6,6
80739,103,100,3,3
80740,104,117,-13,13
80741,101,108,-7,7
80742,92,95,-3,3
80743,169,162,7,7
80744,53,59,-6,6
80745,114,111,3,3
80746,138,143,-5,5
80747,86,84,2,2
80748,85,89,-4,4
80749,147,154,-7,7
80750,58,62,-4,4
80751,128,130,-2,2
80752,65,79,-14,14
80753,89,87,2,2
80754,95,107,-12,12
80755,84,81,3,3
80756,115,106,9,9
80757,142,138,4,4
80758,120,117,3,3
80759,102,97,5,5
80760,121,150,-29,29
80761,48,58,-10,10
80762,127,95,32,32
80763,76,70,6,6
80764,133,134,-1,1
80765,108,104,4,4
80766,67,64,3,3
80767,33,58,-25,25
80768,148,143,5,5
80769,115,88,27,27
80770,68,90,-22,22
80771,132,151,-19,19
80772,167,164,3,3
80773,145,156,-11,11
80774,126,127,-1,1
80775,72,73,-1,1
80776,108,121,-13,13
80777,75,81,-6,6
80778,66,71,-5,5
80779,72,75,-3,3
80780,99,96,3,3
80781,67,68,-1,1
80782,113,120,-7,7
80783,108,103,5,5
80784,94,92,2,2
80785,57,65,-8,8
80786,97,83,14,14
80787,64,69,-5,5
80788,127,123,4,4
80789,90,92,-2,2
80790,185,177,8,8
80791,110,101,9,9
80792,59,62,-3,3
80793,119,98,21,21
80794,88,103,-15,15
80795,196,192,4,4
80796,95,108,-13,13
80797,69,75,-6,6
80798,159,175,-16,16
80799,66,90,-24,24
80800,100,97,3,3
80801,90,101,-11,11
80802,71,69,2,2
80803,63,70,-7,7
80804,104,93,11,11
80805,64,71,-7,7
80806,67,75,-8,8
80807,71,78,-7,7
80808,155,142,13,13
80809,89,83,6,6
80810,128,130,-2,2
80811,95,102,-7,7
80812,51,57,-6,6
80813,118,114,4,4
80814,102,100,2,2
80815,124,123,1,1
80816,68,70,-2,2
80817,50,52,-2,2
80818,86,91,-5,5
80819,89,94,-5,5
80820,113,102,11,11
80821,126,117,9,9
80822,64,78,-14,14
80823,120,125,-5,5
80824,62,76,-14,14
80825,73,88,-15,15
80826,145,149,-4,4
80827,63,73,-10,10
80828,80,87,-7,7
80829,82,85,-3,3
80830,41,52,-11,11
80831,93,101,-8,8
80832,107,103,4,4
80833,60,64,-4,4
80834,93,91,2,2
80835,97,97,0,0
80836,90,90,0,0
80837,111,123,-12,12
80838,57,66,-9,9
80839,75,72,3,3
80840,54,57,-3,3
80841,55,67,-12,12
80842,84,88,-4,4
80843,95,99,-4,4
80844,101,91,10,10
80845,91,92,-1,1
80846,65,64,1,1
80847,59,61,-2,2
80848,112,101,11,11
80849,164,169,-5,5
80850,61,69,-8,8
80851,75,79,-4,4
80852,149,147,2,2
80853,152,143,9,9
80854,65,67,-2,2
80855,90,92,-2,2
80856,96,101,-5,5
80857,105,96,9,9
80858,75,91,-16,16
80859,61,60,1,1
80860,102,98,4,4
80861,96,92,4,4
80862,96,87,9,9
80863,89,89,0,0
80864,100,91,9,9
80865,96,89,7,7
80866,57,70,-13,13
80867,67,76,-9,9
80868,148,146,2,2
80869,108,108,0,0
80870,50,55,-5,5
80871,151,149,2,2
80872,72,78,-6,6
80873,55,60,-5,5
80874,166,150,16,16
80875,75,80,-5,5
80876,154,129,25,25
80877,71,78,-7,7
80878,77,79,-2,2
80879,72,66,6,6
80880,79,82,-3,3
80881,166,159,7,7
80882,72,76,-4,4
80883,91,95,-4,4
80884,80,87,-7,7
80885,111,94,17,17
80886,81,98,-17,17
80887,74,88,-14,14
80888,129,127,2,2
80889,120,116,4,4
80890,79,80,-1,1
80891,95,88,7,7
80892,82,83,-1,1
80893,124,119,5,5
80894,73,73,0,0
80895,328,427,-99,99
80896,95,92,3,3
80897,90,84,6,6
80898,105,106,-1,1
80899,131,135,-4,4
80900,96,103,-7,7
80901,64,55,9,9
80902,129,114,15,15
80903,84,76,8,8
80904,126,119,7,7
80905,132,129,3,3
80906,108,116,-8,8
80907,74,73,1,1
80908,122,124,-2,2
80909,96,116,-20,20
80910,172,189,-17,17
80911,150,149,1,1
80912,82,83,-1,1
80913,119,126,-7,7
80914,42,43,-1,1
80915,125,116,9,9
80916,47,49,-2,2
80917,78,75,3,3
80918,51,55,-4,4
80919,56,69,-13,13
80920,100,109,-9,9
80921,105,100,5,5
80922,241,189,52,52
80923,148,140,8,8
80924,49,52,-3,3
80925,116,116,0,0
80926,45,44,1,1
80927,89,84,5,5
80928,83,97,-14,14
80929,106,110,-4,4
80930,84,85,-1,1
80931,82,81,1,1
80932,69,75,-6,6
80933,87,90,-3,3
80934,85,105,-20,20
80935,75,69,6,6
80936,142,146,-4,4
80937,84,89,-5,5
80938,112,103,9,9
80939,74,78,-4,4
80940,82,86,-4,4
80941,96,105,-9,9
80942,106,106,0,0
80943,41,41,0,0
80944,70,75,-5,5
80945,62,71,-9,9
80946,108,111,-3,3
80947,115,109,6,6
80948,79,78,1,1
80949,101,99,2,2
80950,73,67,6,6
80951,69,70,-1,1
80952,42,49,-7,7
80953,130,128,2,2
80954,74,70,4,4
80955,69,71,-2,2
80956,112,111,1,1
80957,95,98,-3,3
80958,56,61,-5,5
80959,98,97,1,1
80960,93,98,-5,5
80961,93,89,4,4
80962,99,102,-3,3
80963,137,127,10,10
80964,127,134,-7,7
80965,82,83,-1,1
80966,58,73,-15,15
80967,83,73,10,10
80968,130,123,7,7
80969,99,95,4,4
80970,134,141,-7,7
80971,134,130,4,4
80972,73,68,5,5
80973,98,114,-16,16
80974,56,61,-5,5
80975,106,111,-5,5
80976,157,153,4,4
80977,70,64,6,6
80978,105,103,2,2
80979,108,120,-12,12
80980,65,71,-6,6
80981,82,82,0,0
80982,75,85,-10,10
80983,88,90,-2,2
80984,79,83,-4,4
80985,85,92,-7,7
80986,98,94,4,4
80987,70,68,2,2
80988,132,133,-1,1
80989,121,107,14,14
80990,120,144,-24,24
80991,131,128,3,3
80992,100,109,-9,9
80993,103,104,-1,1
80994,89,70,19,19
80995,87,87,0,0
80996,63,68,-5,5
80997,101,102,-1,1
80998,80,75,5,5
80999,60,62,-2,2
81000,53,58,-5,5
81001,147,136,11,11
81002,83,86,-3,3
81003,91,94,-3,3
81004,120,122,-2,2
81005,79,79,0,0
81006,66,66,0,0
81007,126,109,17,17
81008,155,155,0,0
81009,73,75,-2,2
81010,75,75,0,0
81011,110,112,-2,2
81012,87,90,-3,3
81013,92,92,0,0
81014,133,141,-8,8
81015,100,93,7,7
81016,89,90,-1,1
81017,73,71,2,2
81018,56,70,-14,14
81019,117,102,15,15
81020,77,80,-3,3
81021,58,56,2,2
81022,132,136,-4,4
81023,149,127,22,22
81024,60,62,-2,2
81025,88,83,5,5
81026,118,112,6,6
81027,71,82,-11,11
81028,158,163,-5,5
81029,143,134,9,9
81030,63,79,-16,16
81031,49,68,-19,19
81032,111,114,-3,3
81033,121,122,-1,1
81034,97,88,9,9
81035,116,123,-7,7
81036,58,54,4,4
81037,66,65,1,1
81038,63,67,-4,4
81039,54,51,3,3
81040,83,87,-4,4
81041,66,71,-5,5
81042,48,57,-9,9
81043,69,75,-6,6
81044,39,87,-48,48
81045,158,124,34,34
81046,48,57,-9,9
81047,63,64,-1,1
81048,93,91,2,2
81049,87,106,-19,19
81050,64,40,24,24
81051,148,130,18,18
81052,58,66,-8,8
81053,51,40,11,11
81054,53,65,-12,12
81055,138,140,-2,2
81056,75,79,-4,4
81057,94,98,-4,4
81058,49,56,-7,7
81059,132,142,-10,10
81060,98,100,-2,2
81061,97,104,-7,7
81062,100,94,6,6
81063,107,103,4,4
81064,65,73,-8,8
81065,67,67,0,0
81066,54,59,-5,5
81067,123,133,-10,10
81068,133,122,11,11
81069,105,126,-21,21
81070,91,93,-2,2
81071,121,107,14,14
81072,81,98,-17,17
81073,59,70,-11,11
81074,154,146,8,8
81075,85,88,-3,3
81076,80,97,-17,17
81077,181,175,6,6
81078,112,104,8,8
81079,80,83,-3,3
81080,140,129,11,11
81081,92,77,15,15
81082,87,75,12,12
81083,62,80,-18,18
81084,136,134,2,2
81085,74,79,-5,5
81086,74,71,3,3
81087,45,58,-13,13
81088,87,85,2,2
81089,81,79,2,2
81090,37,37,0,0
81091,73,70,3,3
81092,81,89,-8,8
81093,119,124,-5,5
81094,139,144,-5,5
81095,106,110,-4,4
81096,105,110,-5,5
81097,129,132,-3,3
81098,97,108,-11,11
81099,94,122,-28,28
81100,89,114,-25,25
81101,84,90,-6,6
81102,182,163,19,19
81103,44,49,-5,5
81104,98,94,4,4
81105,83,83,0,0
81106,159,157,2,2
81107,61,61,0,0
81108,145,130,15,15
81109,113,145,-32,32
81110,74,77,-3,3
81111,44,68,-24,24
81112,70,79,-9,9
81113,87,110,-23,23
81114,156,154,2,2
81115,78,78,0,0
81116,99,100,-1,1
81117,120,118,2,2
81118,100,127,-27,27
81119,90,85,5,5
81120,90,96,-6,6
81121,126,130,-4,4
81122,59,56,3,3
81123,82,85,-3,3
81124,71,68,3,3
81125,87,84,3,3
81126,72,73,-1,1
81127,112,97,15,15
81128,65,68,-3,3
81129,68,69,-1,1
81130,62,68,-6,6
81131,130,125,5,5
81132,60,66,-6,6
81133,100,116,-16,16
81134,48,51,-3,3
81135,97,97,0,0
81136,85,83,2,2
81137,143,127,16,16
81138,112,111,1,1
81139,70,75,-5,5
81140,107,126,-19,19
81141,103,101,2,2
81142,79,75,4,4
81143,65,61,4,4
81144,74,67,7,7
81145,62,66,-4,4
81146,146,146,0,0
81147,138,139,-1,1
81148,109,111,-2,2
81149,57,60,-3,3
81150,81,87,-6,6
81151,100,100,0,0
81152,55,65,-10,10
81153,71,81,-10,10
81154,137,128,9,9
81155,173,174,-1,1
81156,53,60,-7,7
81157,69,70,-1,1
81158,115,104,11,11
81159,71,74,-3,3
81160,129,122,7,7
81161,142,142,0,0
81162,48,56,-8,8
81163,77,78,-1,1
81164,81,95,-14,14
81165,103,101,2,2
81166,75,76,-1,1
81167,86,84,2,2
81168,105,111,-6,6
81169,61,58,3,3
81170,109,97,12,12
81171,98,97,1,1
81172,153,159,-6,6
81173,50,65,-15,15
81174,178,174,4,4
81175,85,90,-5,5
81176,118,117,1,1
81177,94,90,4,4
81178,116,104,12,12
81179,92,90,2,2
81180,96,93,3,3
81181,44,54,-10,10
81182,96,95,1,1
81183,146,123,23,23
81184,90,79,11,11
81185,86,84,2,2
81186,112,120,-8,8
81187,102,103,-1,1
81188,47,54,-7,7
81189,107,99,8,8
81190,52,65,-13,13
81191,122,124,-2,2
81192,84,74,10,10
81193,76,79,-3,3
81194,72,79,-7,7
81195,181,187,-6,6
81196,71,76,-5,5
81197,92,104,-12,12
81198,152,153,-1,1
81199,133,135,-2,2
81200,97,99,-2,2
81201,135,131,4,4
81202,75,81,-6,6
81203,99,84,15,15
81204,92,121,-29,29
81205,113,117,-4,4
81206,65,61,4,4
81207,100,114,-14,14
81208,124,132,-8,8
81209,82,81,1,1
81210,111,114,-3,3
81211,101,100,1,1
81212,60,70,-10,10
81213,141,131,10,10
81214,69,73,-4,4
81215,141,152,-11,11
81216,111,97,14,14
81217,169,175,-6,6
81218,126,124,2,2
81219,75,75,0,0
81220,120,114,6,6
81221,141,153,-12,12
81222,104,124,-20,20
81223,48,53,-5,5
81224,93,94,-1,1
81225,140,137,3,3
81226,97,91,6,6
81227,110,106,4,4
81228,45,63,-18,18
81229,92,95,-3,3
81230,87,75,12,12
81231,90,79,11,11
81232,68,80,-12,12
81233,64,71,-7,7
81234,59,55,4,4
81235,135,139,-4,4
81236,52,58,-6,6
81237,121,132,-11,11
81238,78,82,-4,4
81239,97,84,13,13
81240,64,91,-27,27
81241,113,111,2,2
81242,83,87,-4,4
81243,79,76,3,3
81244,77,84,-7,7
81245,56,64,-8,8
81246,156,156,0,0
81247,134,130,4,4
81248,66,72,-6,6
81249,113,118,-5,5
81250,89,83,6,6
81251,95,110,-15,15
81252,98,99,-1,1
81253,137,147,-10,10
81254,113,107,6,6
81255,173,160,13,13
81256,122,122,0,0
81257,92,88,4,4
81258,142,132,10,10
81259,82,90,-8,8
81260,42,50,-8,8
81261,116,127,-11,11
81262,89,90,-1,1
81263,140,136,4,4
81264,130,101,29,29
81265,80,83,-3,3
81266,113,122,-9,9
81267,60,67,-7,7
81268,143,173,-30,30
81269,86,83,3,3
81270,126,116,10,10
81271,75,69,6,6
81272,120,118,2,2
81273,125,119,6,6
81274,195,193,2,2
81275,71,67,4,4
81276,131,117,14,14
81277,111,111,0,0
81278,89,99,-10,10
81279,93,94,-1,1
81280,80,83,-3,3
81281,80,71,9,9
81282,46,47,-1,1
81283,134,127,7,7
81284,83,81,2,2
81285,145,150,-5,5
81286,80,73,7,7
81287,82,76,6,6
81288,86,80,6,6
81289,62,66,-4,4
81290,46,52,-6,6
81291,112,112,0,0
81292,99,98,1,1
81293,145,114,31,31
81294,166,178,-12,12
81295,45,51,-6,6
81296,126,108,18,18
81297,89,93,-4,4
81298,99,102,-3,3
81299,77,81,-4,4
81300,119,112,7,7
81301,93,118,-25,25
81302,102,105,-3,3
81303,62,67,-5,5
81304,57,48,9,9
81305,63,69,-6,6
81306,56,87,-31,31
81307,137,137,0,0
81308,101,100,1,1
81309,90,82,8,8
81310,136,140,-4,4
81311,70,70,0,0
81312,81,84,-3,3
81313,66,69,-3,3
81314,93,94,-1,1
81315,73,76,-3,3
81316,90,88,2,2
81317,83,88,-5,5
81318,89,71,18,18
81319,103,110,-7,7
81320,105,101,4,4
81321,83,106,-23,23
81322,115,122,-7,7
81323,99,96,3,3
81324,85,91,-6,6
81325,73,78,-5,5
81326,80,85,-5,5
81327,49,60,-11,11
81328,80,84,-4,4
81329,63,64,-1,1
81330,33,41,-8,8
81331,178,187,-9,9
81332,105,136,-31,31
81333,41,58,-17,17
81334,92,100,-8,8
81335,98,81,17,17
81336,71,75,-4,4
81337,30,60,-30,30
81338,62,67,-5,5
81339,126,150,-24,24
81340,102,108,-6,6
81341,122,125,-3,3
81342,79,85,-6,6
81343,152,150,2,2
81344,159,155,4,4
81345,161,172,-11,11
81346,71,65,6,6
81347,84,91,-7,7
81348,118,103,15,15
81349,73,72,1,1
81350,118,126,-8,8
81351,102,98,4,4
81352,69,85,-16,16
81353,101,90,11,11
81354,127,119,8,8
81355,84,74,10,10
81356,40,44,-4,4
81357,70,74,-4,4
81358,135,128,7,7
81359,77,78,-1,1
81360,78,73,5,5
81361,70,68,2,2
81362,73,79,-6,6
81363,85,83,2,2
81364,106,103,3,3
81365,151,148,3,3
81366,153,160,-7,7
81367,133,119,14,14
81368,121,116,5,5
81369,110,109,1,1
81370,71,80,-9,9
81371,98,93,5,5
81372,126,134,-8,8
81373,86,100,-14,14
81374,77,79,-2,2
81375,198,184,14,14
81376,133,127,6,6
81377,124,127,-3,3
81378,90,85,5,5
81379,60,63,-3,3
81380,80,95,-15,15
81381,47,51,-4,4
81382,82,81,1,1
81383,119,96,23,23
81384,66,71,-5,5
81385,136,124,12,12
81386,141,141,0,0
81387,50,64,-14,14
81388,71,80,-9,9
81389,98,101,-3,3
81390,121,106,15,15
81391,81,93,-12,12
81392,117,128,-11,11
81393,112,114,-2,2
81394,94,90,4,4
81395,55,72,-17,17
81396,97,116,-19,19
81397,92,98,-6,6
81398,137,145,-8,8
81399,54,54,0,0
81400,140,139,1,1
81401,138,123,15,15
81402,85,86,-1,1
81403,84,86,-2,2
81404,104,106,-2,2
81405,113,116,-3,3
81406,109,125,-16,16
81407,76,91,-15,15
81408,79,89,-10,10
81409,65,61,4,4
81410,81,81,0,0
81411,131,122,9,9
81412,204,186,18,18
81413,77,74,3,3
81414,161,128,33,33
81415,97,94,3,3
81416,110,102,8,8
81417,76,71,5,5
81418,70,71,-1,1
81419,122,130,-8,8
81420,52,58,-6,6
81421,121,120,1,1
81422,89,92,-3,3
81423,99,89,10,10
81424,62,67,-5,5
81425,117,120,-3,3
81426,92,101,-9,9
81427,169,168,1,1
81428,122,119,3,3
81429,88,72,16,16
81430,94,93,1,1
81431,163,142,21,21
81432,72,71,1,1
81433,87,96,-9,9
81434,104,120,-16,16
81435,51,49,2,2
81436,57,60,-3,3
81437,149,151,-2,2
81438,87,88,-1,1
81439,109,118,-9,9
81440,120,119,1,1
81441,79,70,9,9
81442,129,133,-4,4
81443,162,157,5,5
81444,133,137,-4,4
81445,82,89,-7,7
81446,110,113,-3,3
81447,180,153,27,27
81448,104,110,-6,6
81449,134,131,3,3
81450,114,112,2,2
81451,130,154,-24,24
81452,94,98,-4,4
81453,182,170,12,12
81454,93,99,-6,6
81455,74,85,-11,11
81456,66,71,-5,5
81457,164,203,-39,39
81458,125,166,-41,41
81459,74,81,-7,7
81460,148,147,1,1
81461,69,82,-13,13
81462,98,100,-2,2
81463,71,70,1,1
81464,107,107,0,0
81465,133,126,7,7
81466,72,70,2,2
81467,68,71,-3,3
81468,97,80,17,17
81469,185,163,22,22
81470,184,190,-6,6
81471,106,116,-10,10
81472,143,149,-6,6
81473,82,94,-12,12
81474,47,58,-11,11
81475,82,77,5,5
81476,97,88,9,9
81477,58,63,-5,5
81478,115,108,7,7
81479,137,124,13,13
81480,112,117,-5,5
81481,101,96,5,5
81482,56,55,1,1
81483,80,83,-3,3
81484,79,73,6,6
81485,186,185,1,1
81486,79,69,10,10
81487,80,73,7,7
81488,85,68,17,17
81489,123,113,10,10
81490,94,82,12,12
81491,71,86,-15,15
81492,83,86,-3,3
81493,45,52,-7,7
81494,120,140,-20,20
81495,165,167,-2,2
81496,73,74,-1,1
81497,87,86,1,1
81498,80,82,-2,2
81499,132,142,-10,10
81500,82,83,-1,1
81501,77,79,-2,2
81502,62,72,-10,10
81503,74,74,0,0
81504,87,94,-7,7
81505,142,141,1,1
81506,119,109,10,10
81507,62,79,-17,17
