,original,predict,differ,abs
0,67,66,1,1
1,58,56,2,2
2,88,77,11,11
3,183,164,19,19
4,81,73,8,8
5,88,82,6,6
6,83,79,4,4
7,183,150,33,33
8,81,71,10,10
9,117,107,10,10
10,64,55,9,9
11,59,60,-1,1
12,74,64,10,10
13,100,99,1,1
14,103,92,11,11
15,66,61,5,5
16,97,85,12,12
17,120,96,24,24
18,79,72,7,7
19,110,109,1,1
20,217,181,36,36
21,156,142,14,14
22,97,81,16,16
23,101,111,-10,10
24,82,68,14,14
25,127,110,17,17
26,112,102,10,10
27,191,157,34,34
28,48,42,6,6
29,106,105,1,1
30,133,120,13,13
31,57,56,1,1
32,108,97,11,11
33,89,74,15,15
34,50,59,-9,9
35,62,42,20,20
36,102,89,13,13
37,55,49,6,6
38,89,94,-5,5
39,96,96,0,0
40,70,64,6,6
41,115,107,8,8
42,82,73,9,9
43,102,90,12,12
44,167,134,33,33
45,82,81,1,1
46,118,117,1,1
47,85,74,11,11
48,93,84,9,9
49,111,89,22,22
50,77,63,14,14
51,136,121,15,15
52,109,90,19,19
53,85,82,3,3
54,133,113,20,20
55,138,118,20,20
56,100,109,-9,9
57,130,120,10,10
58,96,94,2,2
59,58,52,6,6
60,115,103,12,12
61,73,70,3,3
62,135,114,21,21
63,177,159,18,18
64,96,92,4,4
65,77,72,5,5
66,84,78,6,6
67,105,87,18,18
68,193,174,19,19
69,143,133,10,10
70,111,96,15,15
71,104,86,18,18
72,265,232,33,33
73,88,84,4,4
74,78,73,5,5
75,58,54,4,4
76,86,73,13,13
77,59,60,-1,1
78,139,126,13,13
79,96,84,12,12
80,90,78,12,12
81,83,73,10,10
82,133,121,12,12
83,141,129,12,12
84,72,62,10,10
85,75,68,7,7
86,43,38,5,5
87,68,62,6,6
88,170,128,42,42
89,92,89,3,3
90,64,78,-14,14
91,101,100,1,1
92,82,65,17,17
93,81,71,10,10
94,75,69,6,6
95,99,87,12,12
96,45,49,-4,4
97,186,172,14,14
98,127,131,-4,4
99,100,95,5,5
100,66,58,8,8
101,129,101,28,28
102,107,104,3,3
103,128,116,12,12
104,90,76,14,14
105,68,62,6,6
106,107,98,9,9
107,90,78,12,12
108,89,82,7,7
109,70,67,3,3
110,174,139,35,35
111,90,71,19,19
112,76,70,6,6
113,67,61,6,6
114,76,79,-3,3
115,168,150,18,18
116,91,78,13,13
117,103,95,8,8
118,91,82,9,9
119,67,66,1,1
120,118,115,3,3
121,51,46,5,5
122,76,73,3,3
123,110,104,6,6
124,99,84,15,15
125,96,88,8,8
126,169,161,8,8
127,89,87,2,2
128,94,92,2,2
129,123,121,2,2
130,186,158,28,28
131,132,119,13,13
132,102,83,19,19
133,78,76,2,2
134,129,108,21,21
135,116,93,23,23
136,136,117,19,19
137,131,120,11,11
138,105,98,7,7
139,69,62,7,7
140,66,58,8,8
141,127,112,15,15
142,127,119,8,8
143,66,72,-6,6
144,112,110,2,2
145,115,97,18,18
146,98,84,14,14
147,69,54,15,15
148,93,76,17,17
149,121,116,5,5
150,92,88,4,4
151,73,65,8,8
152,139,125,14,14
153,80,76,4,4
154,89,86,3,3
155,67,56,11,11
156,66,55,11,11
157,81,77,4,4
158,59,57,2,2
159,128,120,8,8
160,109,105,4,4
161,50,45,5,5
162,74,63,11,11
163,80,76,4,4
164,132,114,18,18
165,51,47,4,4
166,115,104,11,11
167,70,80,-10,10
168,159,129,30,30
169,151,144,7,7
170,94,91,3,3
171,81,85,-4,4
172,77,75,2,2
173,42,36,6,6
174,135,122,13,13
175,106,95,11,11
176,50,46,4,4
177,162,134,28,28
178,130,104,26,26
179,120,96,24,24
180,84,82,2,2
181,76,71,5,5
182,67,64,3,3
183,75,65,10,10
184,39,34,5,5
185,119,97,22,22
186,55,53,2,2
187,90,75,15,15
188,124,118,6,6
189,171,157,14,14
190,70,63,7,7
191,137,126,11,11
192,127,123,4,4
193,143,141,2,2
194,195,151,44,44
195,112,100,12,12
196,43,40,3,3
197,114,103,11,11
198,111,100,11,11
199,80,75,5,5
200,128,102,26,26
201,176,162,14,14
202,64,55,9,9
203,142,125,17,17
204,100,84,16,16
205,63,51,12,12
206,145,124,21,21
207,101,90,11,11
208,78,67,11,11
209,98,86,12,12
210,147,136,11,11
211,50,46,4,4
212,70,63,7,7
213,175,160,15,15
214,87,87,0,0
215,87,71,16,16
216,108,117,-9,9
217,67,58,9,9
218,95,89,6,6
219,89,87,2,2
220,135,129,6,6
221,79,82,-3,3
222,43,44,-1,1
223,195,145,50,50
224,83,81,2,2
225,81,79,2,2
226,63,63,0,0
227,119,108,11,11
228,98,88,10,10
229,44,47,-3,3
230,47,46,1,1
231,87,63,24,24
232,90,70,20,20
233,62,57,5,5
234,103,90,13,13
235,140,129,11,11
236,114,107,7,7
237,57,63,-6,6
238,81,72,9,9
239,74,92,-18,18
240,61,64,-3,3
241,43,37,6,6
242,55,53,2,2
243,100,83,17,17
244,124,105,19,19
245,107,98,9,9
246,121,115,6,6
247,86,85,1,1
248,146,126,20,20
249,147,137,10,10
250,47,38,9,9
251,124,107,17,17
252,89,84,5,5
253,50,53,-3,3
254,110,104,6,6
255,158,138,20,20
256,86,72,14,14
257,102,96,6,6
258,107,101,6,6
259,64,61,3,3
260,136,122,14,14
261,125,100,25,25
262,115,96,19,19
263,71,62,9,9
264,80,72,8,8
265,82,82,0,0
266,79,75,4,4
267,102,86,16,16
268,49,52,-3,3
269,109,104,5,5
270,52,47,5,5
271,72,62,10,10
272,68,68,0,0
273,151,143,8,8
274,112,99,13,13
275,97,102,-5,5
276,82,84,-2,2
277,72,73,-1,1
278,125,124,1,1
279,128,121,7,7
280,94,89,5,5
281,76,63,13,13
282,71,68,3,3
283,112,106,6,6
284,75,64,11,11
285,77,66,11,11
286,78,66,12,12
287,89,74,15,15
288,88,77,11,11
289,97,85,12,12
290,80,70,10,10
291,67,64,3,3
292,83,79,4,4
293,85,75,10,10
294,76,66,10,10
295,64,57,7,7
296,107,99,8,8
297,141,137,4,4
298,130,118,12,12
299,51,50,1,1
300,66,58,8,8
301,75,68,7,7
302,186,157,29,29
303,86,73,13,13
304,141,133,8,8
305,83,72,11,11
306,85,76,9,9
307,148,122,26,26
308,87,80,7,7
309,77,63,14,14
310,27,31,-4,4
311,88,78,10,10
312,92,79,13,13
313,86,84,2,2
314,135,124,11,11
315,77,65,12,12
316,73,62,11,11
317,133,129,4,4
318,51,48,3,3
319,125,109,16,16
320,98,100,-2,2
321,143,126,17,17
322,140,125,15,15
323,87,83,4,4
324,89,68,21,21
325,69,67,2,2
326,96,65,31,31
327,127,108,19,19
328,79,69,10,10
329,137,116,21,21
330,85,79,6,6
331,84,82,2,2
332,52,52,0,0
333,77,67,10,10
334,78,75,3,3
335,104,89,15,15
336,89,86,3,3
337,89,52,37,37
338,56,46,10,10
339,106,80,26,26
340,71,62,9,9
341,132,113,19,19
342,82,67,15,15
343,100,87,13,13
344,51,52,-1,1
345,66,59,7,7
346,85,72,13,13
347,112,100,12,12
348,34,45,-11,11
349,134,109,25,25
350,93,91,2,2
351,114,123,-9,9
352,137,118,19,19
353,88,83,5,5
354,108,106,2,2
355,106,92,14,14
356,146,161,-15,15
357,54,58,-4,4
358,170,130,40,40
359,86,68,18,18
360,110,86,24,24
361,82,73,9,9
362,101,89,12,12
363,64,62,2,2
364,44,47,-3,3
365,84,76,8,8
366,60,52,8,8
367,101,96,5,5
368,120,99,21,21
369,60,55,5,5
370,130,118,12,12
371,41,40,1,1
372,116,98,18,18
373,58,53,5,5
374,77,68,9,9
375,96,92,4,4
376,88,86,2,2
377,103,92,11,11
378,35,36,-1,1
379,64,55,9,9
380,86,70,16,16
381,89,80,9,9
382,108,95,13,13
383,116,99,17,17
384,82,76,6,6
385,65,58,7,7
386,64,64,0,0
387,134,118,16,16
388,65,60,5,5
389,77,69,8,8
390,120,112,8,8
391,54,51,3,3
392,90,80,10,10
393,87,82,5,5
394,97,83,14,14
395,17,22,-5,5
396,69,82,-13,13
397,31,39,-8,8
398,90,84,6,6
399,104,96,8,8
400,97,85,12,12
401,52,50,2,2
402,81,76,5,5
403,88,78,10,10
404,150,137,13,13
405,103,103,0,0
406,47,46,1,1
407,119,108,11,11
408,107,105,2,2
409,88,57,31,31
410,85,76,9,9
411,95,89,6,6
412,89,75,14,14
413,87,83,4,4
414,148,126,22,22
415,98,86,12,12
416,148,137,11,11
417,77,75,2,2
418,70,67,3,3
419,64,58,6,6
420,110,120,-10,10
421,143,141,2,2
422,122,154,-32,32
423,82,76,6,6
424,112,103,9,9
425,128,118,10,10
426,148,136,12,12
427,80,72,8,8
428,56,57,-1,1
429,90,82,8,8
430,110,100,10,10
431,88,90,-2,2
432,91,81,10,10
433,99,88,11,11
434,122,105,17,17
435,66,60,6,6
436,106,92,14,14
437,65,54,11,11
438,164,141,23,23
439,68,59,9,9
440,48,61,-13,13
441,88,73,15,15
442,107,99,8,8
443,58,59,-1,1
444,91,80,11,11
445,113,97,16,16
446,107,92,15,15
447,101,88,13,13
448,72,74,-2,2
449,134,121,13,13
450,87,80,7,7
451,64,59,5,5
452,72,61,11,11
453,146,140,6,6
454,110,102,8,8
455,104,94,10,10
456,129,123,6,6
457,134,131,3,3
458,123,113,10,10
459,62,55,7,7
460,71,64,7,7
461,58,57,1,1
462,88,77,11,11
463,134,124,10,10
464,81,74,7,7
465,77,83,-6,6
466,118,106,12,12
467,131,115,16,16
468,66,58,8,8
469,61,59,2,2
470,43,36,7,7
471,121,111,10,10
472,101,102,-1,1
473,112,94,18,18
474,67,58,9,9
475,88,73,15,15
476,57,48,9,9
477,93,76,17,17
478,77,56,21,21
479,57,51,6,6
480,55,63,-8,8
481,68,62,6,6
482,118,104,14,14
483,63,58,5,5
484,110,106,4,4
485,58,50,8,8
486,119,97,22,22
487,110,129,-19,19
488,146,133,13,13
489,50,41,9,9
490,104,92,12,12
491,136,119,17,17
492,145,137,8,8
493,110,93,17,17
494,124,120,4,4
495,117,101,16,16
496,134,117,17,17
497,98,81,17,17
498,104,112,-8,8
499,78,67,11,11
500,100,86,14,14
501,45,46,-1,1
502,108,106,2,2
503,50,50,0,0
504,69,68,1,1
505,106,94,12,12
506,66,56,10,10
507,61,58,3,3
508,96,85,11,11
509,96,81,15,15
510,53,51,2,2
511,93,87,6,6
512,80,67,13,13
513,73,66,7,7
514,70,70,0,0
515,100,84,16,16
516,137,123,14,14
517,114,107,7,7
518,70,64,6,6
519,55,58,-3,3
520,108,85,23,23
521,138,128,10,10
522,95,87,8,8
523,142,132,10,10
524,83,75,8,8
525,122,105,17,17
526,97,88,9,9
527,56,48,8,8
528,122,110,12,12
529,73,68,5,5
530,69,55,14,14
531,95,90,5,5
532,68,66,2,2
533,95,82,13,13
534,78,84,-6,6
535,90,81,9,9
536,106,97,9,9
537,42,41,1,1
538,76,71,5,5
539,157,157,0,0
540,119,105,14,14
541,99,92,7,7
542,61,60,1,1
543,102,90,12,12
544,92,87,5,5
545,124,103,21,21
546,82,78,4,4
547,76,75,1,1
548,67,63,4,4
549,148,131,17,17
550,74,71,3,3
551,66,66,0,0
552,108,98,10,10
553,64,57,7,7
554,102,93,9,9
555,63,53,10,10
556,66,54,12,12
557,74,63,11,11
558,74,70,4,4
559,67,63,4,4
560,86,86,0,0
561,81,87,-6,6
562,90,86,4,4
563,47,46,1,1
564,68,68,0,0
565,88,71,17,17
566,83,74,9,9
567,76,67,9,9
568,55,50,5,5
569,100,99,1,1
570,108,110,-2,2
571,178,153,25,25
572,80,73,7,7
573,82,76,6,6
574,149,127,22,22
575,69,65,4,4
576,70,69,1,1
577,90,96,-6,6
578,91,80,11,11
579,75,64,11,11
580,88,77,11,11
581,134,115,19,19
582,49,52,-3,3
583,51,48,3,3
584,113,99,14,14
585,88,80,8,8
586,53,45,8,8
587,84,63,21,21
588,105,90,15,15
589,85,74,11,11
590,105,90,15,15
591,75,69,6,6
592,139,124,15,15
593,103,88,15,15
594,87,83,4,4
595,65,66,-1,1
596,74,65,9,9
597,98,97,1,1
598,110,95,15,15
599,112,97,15,15
600,88,77,11,11
601,85,76,9,9
602,55,52,3,3
603,86,77,9,9
604,124,115,9,9
605,114,105,9,9
606,57,51,6,6
607,56,53,3,3
608,78,67,11,11
609,122,129,-7,7
610,79,66,13,13
611,81,69,12,12
612,117,103,14,14
613,112,112,0,0
614,95,92,3,3
615,195,164,31,31
616,76,79,-3,3
617,104,87,17,17
618,112,97,15,15
619,103,97,6,6
620,91,87,4,4
621,105,93,12,12
622,127,103,24,24
623,60,59,1,1
624,111,103,8,8
625,106,95,11,11
626,109,98,11,11
627,85,77,8,8
628,67,64,3,3
629,81,77,4,4
630,83,78,5,5
631,56,52,4,4
632,92,83,9,9
633,71,74,-3,3
634,95,83,12,12
635,93,88,5,5
636,144,133,11,11
637,53,45,8,8
638,77,78,-1,1
639,71,64,7,7
640,95,91,4,4
641,95,92,3,3
642,61,51,10,10
643,141,120,21,21
644,133,118,15,15
645,94,79,15,15
646,112,107,5,5
647,84,79,5,5
648,92,82,10,10
649,84,76,8,8
650,94,86,8,8
651,72,66,6,6
652,102,109,-7,7
653,61,60,1,1
654,108,105,3,3
655,105,100,5,5
656,85,79,6,6
657,74,71,3,3
658,50,47,3,3
659,101,87,14,14
660,82,69,13,13
661,108,83,25,25
662,148,129,19,19
663,126,112,14,14
664,136,136,0,0
665,75,69,6,6
666,36,32,4,4
667,42,49,-7,7
668,69,60,9,9
669,126,112,14,14
670,109,91,18,18
671,90,79,11,11
672,116,96,20,20
673,151,172,-21,21
674,147,131,16,16
675,52,85,-33,33
676,107,100,7,7
677,90,81,9,9
678,162,140,22,22
679,103,98,5,5
680,150,126,24,24
681,62,67,-5,5
682,111,102,9,9
683,77,78,-1,1
684,166,153,13,13
685,151,146,5,5
686,116,107,9,9
687,79,72,7,7
688,94,108,-14,14
689,110,104,6,6
690,152,124,28,28
691,176,151,25,25
692,92,85,7,7
693,156,139,17,17
694,92,89,3,3
695,77,67,10,10
696,32,43,-11,11
697,87,82,5,5
698,108,100,8,8
699,104,83,21,21
700,70,63,7,7
701,66,46,20,20
702,118,105,13,13
703,65,59,6,6
704,111,93,18,18
705,74,63,11,11
706,81,80,1,1
707,88,74,14,14
708,87,75,12,12
709,116,114,2,2
710,47,40,7,7
711,95,89,6,6
712,44,40,4,4
713,91,98,-7,7
714,83,76,7,7
715,137,119,18,18
716,80,74,6,6
717,147,127,20,20
718,119,113,6,6
719,137,104,33,33
720,133,131,2,2
721,89,87,2,2
722,150,129,21,21
723,108,96,12,12
724,96,75,21,21
725,88,77,11,11
726,140,120,20,20
727,128,122,6,6
728,53,50,3,3
729,100,102,-2,2
730,58,61,-3,3
731,110,98,12,12
732,125,114,11,11
733,124,104,20,20
734,109,108,1,1
735,122,117,5,5
736,95,89,6,6
737,93,87,6,6
738,85,74,11,11
739,98,77,21,21
740,68,68,0,0
741,48,43,5,5
742,97,92,5,5
743,81,73,8,8
744,88,77,11,11
745,91,101,-10,10
746,64,57,7,7
747,204,168,36,36
748,114,100,14,14
749,185,144,41,41
750,75,68,7,7
751,70,60,10,10
752,145,138,7,7
753,87,75,12,12
754,45,51,-6,6
755,73,66,7,7
756,125,121,4,4
757,60,60,0,0
758,95,86,9,9
759,119,93,26,26
760,76,65,11,11
761,56,55,1,1
762,44,46,-2,2
763,98,92,6,6
764,86,70,16,16
765,161,132,29,29
766,102,113,-11,11
767,103,94,9,9
768,69,65,4,4
769,151,146,5,5
770,92,67,25,25
771,80,80,0,0
772,87,81,6,6
773,108,92,16,16
774,51,50,1,1
775,110,99,11,11
776,64,55,9,9
777,73,63,10,10
778,92,82,10,10
779,93,85,8,8
780,103,94,9,9
781,49,39,10,10
782,71,68,3,3
783,70,62,8,8
784,67,59,8,8
785,100,88,12,12
786,93,90,3,3
787,75,68,7,7
788,97,89,8,8
789,84,78,6,6
790,140,120,20,20
791,151,129,22,22
792,78,76,2,2
793,79,74,5,5
794,108,112,-4,4
795,95,85,10,10
796,98,85,13,13
797,119,113,6,6
798,83,86,-3,3
799,67,62,5,5
800,64,59,5,5
801,102,88,14,14
802,75,70,5,5
803,68,72,-4,4
804,78,70,8,8
805,53,48,5,5
806,126,112,14,14
807,89,85,4,4
808,85,87,-2,2
809,64,63,1,1
810,85,73,12,12
811,74,63,11,11
812,66,59,7,7
813,79,65,14,14
814,125,98,27,27
815,119,106,13,13
816,26,40,-14,14
817,66,60,6,6
818,88,72,16,16
819,111,88,23,23
820,86,73,13,13
821,76,77,-1,1
822,86,73,13,13
823,145,128,17,17
824,46,43,3,3
825,107,93,14,14
826,99,82,17,17
827,63,58,5,5
828,68,63,5,5
829,100,83,17,17
830,110,108,2,2
831,77,70,7,7
832,66,63,3,3
833,64,58,6,6
834,77,77,0,0
835,144,135,9,9
836,106,94,12,12
837,93,93,0,0
838,73,74,-1,1
839,103,96,7,7
840,105,100,5,5
841,75,69,6,6
842,83,71,12,12
843,112,103,9,9
844,156,137,19,19
845,156,134,22,22
846,77,76,1,1
847,76,67,9,9
848,95,86,9,9
849,41,46,-5,5
850,106,106,0,0
851,135,120,15,15
852,92,91,1,1
853,91,89,2,2
854,112,102,10,10
855,84,80,4,4
856,77,63,14,14
857,29,50,-21,21
858,64,58,6,6
859,143,119,24,24
860,59,49,10,10
861,155,140,15,15
862,207,156,51,51
863,129,108,21,21
864,115,99,16,16
865,108,92,16,16
866,162,131,31,31
867,69,67,2,2
868,62,67,-5,5
869,79,87,-8,8
870,57,52,5,5
871,90,81,9,9
872,98,84,14,14
873,108,99,9,9
874,80,90,-10,10
875,114,95,19,19
876,57,50,7,7
877,41,100,-59,59
878,90,80,10,10
879,84,67,17,17
880,87,82,5,5
881,70,70,0,0
882,109,100,9,9
883,76,68,8,8
884,62,46,16,16
885,83,71,12,12
886,124,121,3,3
887,122,116,6,6
888,55,51,4,4
889,108,108,0,0
890,109,103,6,6
891,52,55,-3,3
892,134,108,26,26
893,60,49,11,11
894,71,64,7,7
895,123,104,19,19
896,60,57,3,3
897,140,124,16,16
898,109,87,22,22
899,150,157,-7,7
900,74,70,4,4
901,94,75,19,19
902,71,68,3,3
903,139,120,19,19
904,87,91,-4,4
905,72,69,3,3
906,53,45,8,8
907,163,134,29,29
908,111,86,25,25
909,70,57,13,13
910,46,42,4,4
911,138,124,14,14
912,127,114,13,13
913,70,72,-2,2
914,107,111,-4,4
915,64,57,7,7
916,69,71,-2,2
917,196,174,22,22
918,136,128,8,8
919,52,49,3,3
920,79,75,4,4
921,109,107,2,2
922,78,74,4,4
923,115,106,9,9
924,77,74,3,3
925,110,99,11,11
926,74,62,12,12
927,49,44,5,5
928,55,51,4,4
929,145,124,21,21
930,119,110,9,9
931,96,87,9,9
932,196,175,21,21
933,72,71,1,1
934,90,90,0,0
935,62,95,-33,33
936,118,98,20,20
937,137,132,5,5
938,79,73,6,6
939,152,130,22,22
940,87,90,-3,3
941,112,104,8,8
942,62,57,5,5
943,72,69,3,3
944,109,97,12,12
945,83,71,12,12
946,68,58,10,10
947,97,89,8,8
948,59,54,5,5
949,173,143,30,30
950,73,62,11,11
951,85,82,3,3
952,62,58,4,4
953,75,65,10,10
954,90,87,3,3
955,93,89,4,4
956,98,88,10,10
957,116,102,14,14
958,50,44,6,6
959,106,100,6,6
960,114,96,18,18
961,98,84,14,14
962,184,166,18,18
963,69,65,4,4
964,147,128,19,19
965,29,49,-20,20
966,108,108,0,0
967,65,60,5,5
968,96,84,12,12
969,84,80,4,4
970,70,61,9,9
971,162,142,20,20
972,112,105,7,7
973,71,62,9,9
974,139,119,20,20
975,72,74,-2,2
976,68,66,2,2
977,76,74,2,2
978,87,81,6,6
979,52,44,8,8
980,115,103,12,12
981,161,140,21,21
982,88,71,17,17
983,107,96,11,11
984,84,71,13,13
985,90,78,12,12
986,55,52,3,3
987,138,118,20,20
988,90,75,15,15
989,114,99,15,15
990,111,118,-7,7
991,44,43,1,1
992,111,110,1,1
993,128,102,26,26
994,98,86,12,12
995,93,78,15,15
996,74,66,8,8
997,130,118,12,12
998,82,86,-4,4
999,178,142,36,36
1000,42,42,0,0
1001,96,82,14,14
1002,39,45,-6,6
1003,75,69,6,6
1004,147,132,15,15
1005,102,96,6,6
1006,212,178,34,34
1007,64,59,5,5
1008,91,82,9,9
1009,39,37,2,2
1010,92,91,1,1
1011,159,134,25,25
1012,119,102,17,17
1013,128,115,13,13
1014,125,111,14,14
1015,63,59,4,4
1016,117,102,15,15
1017,117,111,6,6
1018,35,37,-2,2
1019,108,100,8,8
1020,108,95,13,13
1021,77,70,7,7
1022,88,80,8,8
1023,45,45,0,0
1024,88,87,1,1
1025,110,92,18,18
1026,93,81,12,12
1027,77,75,2,2
1028,144,129,15,15
1029,63,64,-1,1
1030,56,47,9,9
1031,143,124,19,19
1032,119,123,-4,4
1033,85,73,12,12
1034,94,84,10,10
1035,115,113,2,2
1036,117,110,7,7
1037,71,62,9,9
1038,79,78,1,1
1039,119,81,38,38
1040,78,72,6,6
1041,101,108,-7,7
1042,89,87,2,2
1043,91,89,2,2
1044,112,102,10,10
1045,131,121,10,10
1046,43,40,3,3
1047,162,146,16,16
1048,55,52,3,3
1049,116,109,7,7
1050,49,45,4,4
1051,88,71,17,17
1052,108,97,11,11
1053,72,61,11,11
1054,115,103,12,12
1055,55,52,3,3
1056,146,122,24,24
1057,97,69,28,28
1058,81,72,9,9
1059,146,128,18,18
1060,133,115,18,18
1061,62,59,3,3
1062,148,135,13,13
1063,98,80,18,18
1064,81,63,18,18
1065,73,68,5,5
1066,81,69,12,12
1067,148,129,19,19
1068,141,116,25,25
1069,56,43,13,13
1070,123,108,15,15
1071,83,71,12,12
1072,117,111,6,6
1073,99,90,9,9
1074,99,98,1,1
1075,64,58,6,6
1076,92,73,19,19
1077,40,38,2,2
1078,183,157,26,26
1079,44,52,-8,8
1080,115,103,12,12
1081,49,41,8,8
1082,127,110,17,17
1083,155,130,25,25
1084,81,82,-1,1
1085,92,77,15,15
1086,74,58,16,16
1087,108,101,7,7
1088,57,53,4,4
1089,61,57,4,4
1090,125,100,25,25
1091,97,82,15,15
1092,60,88,-28,28
1093,78,70,8,8
1094,71,72,-1,1
1095,84,78,6,6
1096,177,150,27,27
1097,80,68,12,12
1098,130,123,7,7
1099,81,75,6,6
1100,88,81,7,7
1101,56,51,5,5
1102,149,128,21,21
1103,92,74,18,18
1104,90,83,7,7
1105,45,49,-4,4
1106,63,65,-2,2
1107,92,84,8,8
1108,124,115,9,9
1109,140,130,10,10
1110,122,126,-4,4
1111,47,46,1,1
1112,67,63,4,4
1113,199,170,29,29
1114,110,124,-14,14
1115,78,75,3,3
1116,42,41,1,1
1117,51,49,2,2
1118,183,144,39,39
1119,160,148,12,12
1120,117,107,10,10
1121,70,67,3,3
1122,90,78,12,12
1123,101,101,0,0
1124,73,67,6,6
1125,64,60,4,4
1126,69,63,6,6
1127,98,89,9,9
1128,121,112,9,9
1129,83,74,9,9
1130,170,157,13,13
1131,80,73,7,7
1132,68,63,5,5
1133,130,128,2,2
1134,66,65,1,1
1135,65,79,-14,14
1136,95,86,9,9
1137,99,87,12,12
1138,95,111,-16,16
1139,174,156,18,18
1140,154,127,27,27
1141,121,100,21,21
1142,109,90,19,19
1143,87,96,-9,9
1144,61,47,14,14
1145,96,90,6,6
1146,96,87,9,9
1147,118,106,12,12
1148,97,78,19,19
1149,105,91,14,14
1150,87,75,12,12
1151,104,88,16,16
1152,80,80,0,0
1153,54,55,-1,1
1154,92,84,8,8
1155,48,46,2,2
1156,78,76,2,2
1157,136,112,24,24
1158,139,116,23,23
1159,61,99,-38,38
1160,83,79,4,4
1161,103,102,1,1
1162,128,110,18,18
1163,131,114,17,17
1164,76,64,12,12
1165,74,60,14,14
1166,135,123,12,12
1167,73,67,6,6
1168,115,110,5,5
1169,81,81,0,0
1170,140,122,18,18
1171,69,69,0,0
1172,46,45,1,1
1173,109,96,13,13
1174,197,167,30,30
1175,111,113,-2,2
1176,100,89,11,11
1177,77,63,14,14
1178,66,61,5,5
1179,67,61,6,6
1180,120,126,-6,6
1181,349,297,52,52
1182,78,67,11,11
1183,118,113,5,5
1184,51,57,-6,6
1185,82,78,4,4
1186,49,41,8,8
1187,72,64,8,8
1188,112,229,-117,117
1189,140,112,28,28
1190,69,57,12,12
1191,94,86,8,8
1192,69,64,5,5
1193,96,90,6,6
1194,77,106,-29,29
1195,92,94,-2,2
1196,141,131,10,10
1197,94,84,10,10
1198,92,72,20,20
1199,96,104,-8,8
1200,69,57,12,12
1201,35,41,-6,6
1202,78,71,7,7
1203,113,103,10,10
1204,99,83,16,16
1205,108,97,11,11
1206,118,101,17,17
1207,95,85,10,10
1208,106,99,7,7
1209,101,80,21,21
1210,77,80,-3,3
1211,97,86,11,11
1212,86,74,12,12
1213,60,57,3,3
1214,101,101,0,0
1215,105,88,17,17
1216,73,68,5,5
1217,90,80,10,10
1218,121,102,19,19
1219,80,76,4,4
1220,85,83,2,2
1221,158,147,11,11
1222,75,70,5,5
1223,70,70,0,0
1224,66,64,2,2
1225,107,94,13,13
1226,182,166,16,16
1227,134,120,14,14
1228,103,88,15,15
1229,69,71,-2,2
1230,95,80,15,15
1231,33,33,0,0
1232,58,53,5,5
1233,63,63,0,0
1234,115,91,24,24
1235,111,90,21,21
1236,128,111,17,17
1237,141,119,22,22
1238,50,49,1,1
1239,129,104,25,25
1240,49,54,-5,5
1241,91,78,13,13
1242,131,109,22,22
1243,120,99,21,21
1244,91,79,12,12
1245,108,100,8,8
1246,70,68,2,2
1247,51,46,5,5
1248,92,91,1,1
1249,77,69,8,8
1250,149,127,22,22
1251,117,102,15,15
1252,144,131,13,13
1253,82,65,17,17
1254,107,101,6,6
1255,51,47,4,4
1256,55,52,3,3
1257,101,93,8,8
1258,99,86,13,13
1259,114,96,18,18
1260,55,59,-4,4
1261,83,74,9,9
1262,174,157,17,17
1263,136,120,16,16
1264,89,84,5,5
1265,67,68,-1,1
1266,81,74,7,7
1267,122,115,7,7
1268,74,70,4,4
1269,149,151,-2,2
1270,62,59,3,3
1271,64,66,-2,2
1272,85,83,2,2
1273,163,130,33,33
1274,72,72,0,0
1275,62,54,8,8
1276,50,48,2,2
1277,57,57,0,0
1278,82,87,-5,5
1279,58,53,5,5
1280,51,45,6,6
1281,63,62,1,1
1282,125,91,34,34
1283,78,76,2,2
1284,57,50,7,7
1285,65,60,5,5
1286,111,108,3,3
1287,90,78,12,12
1288,107,96,11,11
1289,81,69,12,12
1290,133,103,30,30
1291,111,112,-1,1
1292,64,66,-2,2
1293,56,66,-10,10
1294,51,52,-1,1
1295,64,59,5,5
1296,156,135,21,21
1297,96,97,-1,1
1298,94,79,15,15
1299,65,87,-22,22
1300,167,143,24,24
1301,44,40,4,4
1302,255,210,45,45
1303,80,68,12,12
1304,142,123,19,19
1305,73,56,17,17
1306,114,99,15,15
1307,81,66,15,15
1308,66,61,5,5
1309,91,81,10,10
1310,106,86,20,20
1311,84,80,4,4
1312,120,113,7,7
1313,115,102,13,13
1314,130,114,16,16
1315,192,185,7,7
1316,150,127,23,23
1317,87,79,8,8
1318,69,66,3,3
1319,170,163,7,7
1320,99,87,12,12
1321,72,71,1,1
1322,106,92,14,14
1323,142,111,31,31
1324,44,44,0,0
1325,87,83,4,4
1326,72,68,4,4
1327,116,101,15,15
1328,66,60,6,6
1329,43,38,5,5
1330,145,123,22,22
1331,92,81,11,11
1332,86,83,3,3
1333,87,87,0,0
1334,71,61,10,10
1335,136,115,21,21
1336,73,68,5,5
1337,81,74,7,7
1338,65,54,11,11
1339,97,82,15,15
1340,61,55,6,6
1341,76,62,14,14
1342,55,49,6,6
1343,100,87,13,13
1344,120,109,11,11
1345,110,112,-2,2
1346,103,93,10,10
1347,57,51,6,6
1348,95,75,20,20
1349,82,77,5,5
1350,105,104,1,1
1351,68,66,2,2
1352,177,151,26,26
1353,97,88,9,9
1354,150,120,30,30
1355,38,36,2,2
1356,85,75,10,10
1357,79,76,3,3
1358,78,73,5,5
1359,98,90,8,8
1360,138,117,21,21
1361,92,75,17,17
1362,110,96,14,14
1363,135,132,3,3
1364,96,89,7,7
1365,107,91,16,16
1366,84,81,3,3
1367,82,69,13,13
1368,87,96,-9,9
1369,58,54,4,4
1370,55,47,8,8
1371,69,67,2,2
1372,193,167,26,26
1373,102,97,5,5
1374,105,90,15,15
1375,74,80,-6,6
1376,122,118,4,4
1377,85,75,10,10
1378,103,91,12,12
1379,139,115,24,24
1380,91,78,13,13
1381,84,88,-4,4
1382,155,128,27,27
1383,73,65,8,8
1384,141,119,22,22
1385,70,58,12,12
1386,93,77,16,16
1387,100,81,19,19
1388,96,84,12,12
1389,56,52,4,4
1390,93,109,-16,16
1391,97,112,-15,15
1392,43,39,4,4
1393,58,50,8,8
1394,107,94,13,13
1395,118,106,12,12
1396,64,52,12,12
1397,114,94,20,20
1398,84,72,12,12
1399,68,65,3,3
1400,170,140,30,30
1401,121,107,14,14
1402,180,162,18,18
1403,81,75,6,6
1404,131,114,17,17
1405,166,146,20,20
1406,83,77,6,6
1407,107,89,18,18
1408,95,87,8,8
1409,88,72,16,16
1410,149,127,22,22
1411,160,145,15,15
1412,112,102,10,10
1413,145,133,12,12
1414,38,33,5,5
1415,104,86,18,18
1416,125,119,6,6
1417,86,76,10,10
1418,105,92,13,13
1419,44,44,0,0
1420,116,96,20,20
1421,136,122,14,14
1422,149,128,21,21
1423,135,96,39,39
1424,51,42,9,9
1425,94,95,-1,1
1426,88,90,-2,2
1427,128,118,10,10
1428,148,130,18,18
1429,103,102,1,1
1430,59,52,7,7
1431,75,66,9,9
1432,83,74,9,9
1433,73,67,6,6
1434,75,90,-15,15
1435,74,71,3,3
1436,85,79,6,6
1437,74,59,15,15
1438,99,88,11,11
1439,122,112,10,10
1440,130,122,8,8
1441,61,60,1,1
1442,48,46,2,2
1443,111,110,1,1
1444,58,51,7,7
1445,61,67,-6,6
1446,129,119,10,10
1447,55,49,6,6
1448,159,142,17,17
1449,81,72,9,9
1450,44,46,-2,2
1451,64,56,8,8
1452,105,89,16,16
1453,131,118,13,13
1454,188,161,27,27
1455,107,93,14,14
1456,74,69,5,5
1457,155,154,1,1
1458,93,79,14,14
1459,125,112,13,13
1460,113,108,5,5
1461,81,72,9,9
1462,73,63,10,10
1463,78,69,9,9
1464,124,101,23,23
1465,68,68,0,0
1466,90,85,5,5
1467,108,87,21,21
1468,73,62,11,11
1469,92,83,9,9
1470,118,108,10,10
1471,70,58,12,12
1472,98,96,2,2
1473,70,61,9,9
1474,72,67,5,5
1475,107,86,21,21
1476,112,101,11,11
1477,118,105,13,13
1478,86,73,13,13
1479,114,87,27,27
1480,121,104,17,17
1481,120,101,19,19
1482,275,204,71,71
1483,98,80,18,18
1484,95,97,-2,2
1485,80,69,11,11
1486,126,121,5,5
1487,98,91,7,7
1488,133,134,-1,1
1489,61,55,6,6
1490,129,108,21,21
1491,117,104,13,13
1492,54,69,-15,15
1493,54,52,2,2
1494,48,46,2,2
1495,85,74,11,11
1496,56,71,-15,15
1497,77,82,-5,5
1498,140,117,23,23
1499,69,64,5,5
1500,88,80,8,8
1501,107,95,12,12
1502,81,73,8,8
1503,134,111,23,23
1504,80,72,8,8
1505,121,106,15,15
1506,111,97,14,14
1507,72,70,2,2
1508,155,146,9,9
1509,61,55,6,6
1510,70,71,-1,1
1511,55,48,7,7
1512,74,68,6,6
1513,151,140,11,11
1514,38,39,-1,1
1515,164,174,-10,10
1516,66,69,-3,3
1517,58,52,6,6
1518,66,64,2,2
1519,116,95,21,21
1520,71,78,-7,7
1521,99,90,9,9
1522,108,109,-1,1
1523,77,73,4,4
1524,56,55,1,1
1525,126,103,23,23
1526,117,104,13,13
1527,71,58,13,13
1528,80,67,13,13
1529,69,65,4,4
1530,76,61,15,15
1531,137,127,10,10
1532,184,159,25,25
1533,131,110,21,21
1534,149,128,21,21
1535,95,85,10,10
1536,122,112,10,10
1537,54,44,10,10
1538,88,82,6,6
1539,83,76,7,7
1540,69,69,0,0
1541,87,90,-3,3
1542,156,143,13,13
1543,118,110,8,8
1544,55,53,2,2
1545,83,77,6,6
1546,81,85,-4,4
1547,101,100,1,1
1548,73,64,9,9
1549,105,98,7,7
1550,82,80,2,2
1551,65,61,4,4
1552,78,71,7,7
1553,115,102,13,13
1554,133,114,19,19
1555,58,56,2,2
1556,108,103,5,5
1557,128,122,6,6
1558,136,112,24,24
1559,37,40,-3,3
1560,95,94,1,1
1561,121,108,13,13
1562,87,74,13,13
1563,100,109,-9,9
1564,89,76,13,13
1565,126,117,9,9
1566,109,111,-2,2
1567,103,90,13,13
1568,150,126,24,24
1569,94,113,-19,19
1570,148,143,5,5
1571,60,59,1,1
1572,70,65,5,5
1573,131,124,7,7
1574,70,62,8,8
1575,95,93,2,2
1576,66,66,0,0
1577,86,70,16,16
1578,91,82,9,9
1579,75,77,-2,2
1580,46,45,1,1
1581,100,94,6,6
1582,98,84,14,14
1583,92,78,14,14
1584,112,93,19,19
1585,167,145,22,22
1586,90,86,4,4
1587,109,92,17,17
1588,93,101,-8,8
1589,61,57,4,4
1590,123,108,15,15
1591,93,86,7,7
1592,74,62,12,12
1593,36,35,1,1
1594,89,78,11,11
1595,144,141,3,3
1596,80,72,8,8
1597,114,103,11,11
1598,106,100,6,6
1599,57,53,4,4
1600,70,70,0,0
1601,112,104,8,8
1602,92,78,14,14
1603,106,90,16,16
1604,122,115,7,7
1605,128,112,16,16
1606,109,101,8,8
1607,75,68,7,7
1608,120,98,22,22
1609,60,50,10,10
1610,137,117,20,20
1611,78,72,6,6
1612,93,90,3,3
1613,91,81,10,10
1614,84,75,9,9
1615,137,124,13,13
1616,43,49,-6,6
1617,74,58,16,16
1618,77,68,9,9
1619,114,106,8,8
1620,104,81,23,23
1621,101,98,3,3
1622,43,40,3,3
1623,106,96,10,10
1624,90,82,8,8
1625,114,110,4,4
1626,82,66,16,16
1627,62,62,0,0
1628,112,101,11,11
1629,46,45,1,1
1630,104,81,23,23
1631,106,95,11,11
1632,62,55,7,7
1633,123,113,10,10
1634,95,89,6,6
1635,64,65,-1,1
1636,76,75,1,1
1637,104,93,11,11
1638,126,114,12,12
1639,144,126,18,18
1640,119,112,7,7
1641,74,64,10,10
1642,51,51,0,0
1643,91,88,3,3
1644,86,86,0,0
1645,95,82,13,13
1646,72,67,5,5
1647,162,141,21,21
1648,87,77,10,10
1649,91,84,7,7
1650,122,124,-2,2
1651,70,65,5,5
1652,106,103,3,3
1653,89,87,2,2
1654,59,49,10,10
1655,44,39,5,5
1656,74,58,16,16
1657,77,73,4,4
1658,135,116,19,19
1659,107,96,11,11
1660,64,59,5,5
1661,52,63,-11,11
1662,61,58,3,3
1663,74,66,8,8
1664,87,88,-1,1
1665,106,91,15,15
1666,64,58,6,6
1667,70,69,1,1
1668,77,71,6,6
1669,62,52,10,10
1670,67,61,6,6
1671,109,95,14,14
1672,118,107,11,11
1673,74,74,0,0
1674,100,85,15,15
1675,83,92,-9,9
1676,83,68,15,15
1677,121,104,17,17
1678,79,79,0,0
1679,46,44,2,2
1680,92,75,17,17
1681,102,89,13,13
1682,103,87,16,16
1683,64,52,12,12
1684,101,86,15,15
1685,105,92,13,13
1686,55,53,2,2
1687,66,56,10,10
1688,60,56,4,4
1689,62,61,1,1
1690,150,139,11,11
1691,84,83,1,1
1692,98,99,-1,1
1693,59,58,1,1
1694,57,55,2,2
1695,88,119,-31,31
1696,146,136,10,10
1697,58,56,2,2
1698,73,57,16,16
1699,192,165,27,27
1700,58,47,11,11
1701,97,82,15,15
1702,84,75,9,9
1703,149,129,20,20
1704,162,129,33,33
1705,53,61,-8,8
1706,48,51,-3,3
1707,103,104,-1,1
1708,64,57,7,7
1709,85,74,11,11
1710,64,59,5,5
1711,73,66,7,7
1712,72,59,13,13
1713,136,113,23,23
1714,103,89,14,14
1715,161,137,24,24
1716,89,79,10,10
1717,102,85,17,17
1718,66,110,-44,44
1719,87,75,12,12
1720,101,91,10,10
1721,90,89,1,1
1722,108,103,5,5
1723,59,58,1,1
1724,118,105,13,13
1725,56,52,4,4
1726,195,172,23,23
1727,70,62,8,8
1728,90,84,6,6
1729,108,103,5,5
1730,118,120,-2,2
1731,74,71,3,3
1732,115,100,15,15
1733,31,34,-3,3
1734,121,113,8,8
1735,43,42,1,1
1736,78,70,8,8
1737,63,61,2,2
1738,57,49,8,8
1739,53,51,2,2
1740,63,60,3,3
1741,88,79,9,9
1742,80,81,-1,1
1743,133,125,8,8
1744,90,75,15,15
1745,130,117,13,13
1746,70,63,7,7
1747,169,138,31,31
1748,45,46,-1,1
1749,171,150,21,21
1750,84,74,10,10
1751,95,89,6,6
1752,73,71,2,2
1753,59,56,3,3
1754,82,81,1,1
1755,101,86,15,15
1756,77,75,2,2
1757,57,59,-2,2
1758,97,84,13,13
1759,69,65,4,4
1760,82,63,19,19
1761,60,73,-13,13
1762,70,67,3,3
1763,79,75,4,4
1764,127,113,14,14
1765,92,95,-3,3
1766,119,110,9,9
1767,59,55,4,4
1768,66,64,2,2
1769,44,44,0,0
1770,46,42,4,4
1771,129,104,25,25
1772,93,79,14,14
1773,98,117,-19,19
1774,89,78,11,11
1775,74,65,9,9
1776,96,90,6,6
1777,103,84,19,19
1778,84,83,1,1
1779,75,67,8,8
1780,167,140,27,27
1781,85,80,5,5
1782,108,109,-1,1
1783,59,54,5,5
1784,101,92,9,9
1785,76,71,5,5
1786,118,104,14,14
1787,67,64,3,3
1788,53,61,-8,8
1789,108,100,8,8
1790,103,91,12,12
1791,130,129,1,1
1792,83,76,7,7
1793,52,58,-6,6
1794,79,74,5,5
1795,80,77,3,3
1796,88,60,28,28
1797,55,54,1,1
1798,53,47,6,6
1799,116,100,16,16
1800,103,92,11,11
1801,73,72,1,1
1802,72,67,5,5
1803,155,131,24,24
1804,205,191,14,14
1805,55,52,3,3
1806,119,104,15,15
1807,93,79,14,14
1808,81,74,7,7
1809,93,83,10,10
1810,121,113,8,8
1811,62,56,6,6
1812,61,58,3,3
1813,113,104,9,9
1814,79,67,12,12
1815,130,122,8,8
1816,68,69,-1,1
1817,81,73,8,8
1818,114,96,18,18
1819,101,79,22,22
1820,63,52,11,11
1821,87,91,-4,4
1822,117,106,11,11
1823,114,105,9,9
1824,109,99,10,10
1825,96,83,13,13
1826,54,51,3,3
1827,132,117,15,15
1828,85,82,3,3
1829,70,59,11,11
1830,60,49,11,11
1831,68,62,6,6
1832,48,42,6,6
1833,75,74,1,1
1834,126,112,14,14
1835,106,92,14,14
1836,60,53,7,7
1837,70,59,11,11
1838,52,46,6,6
1839,86,74,12,12
1840,74,63,11,11
1841,118,103,15,15
1842,43,42,1,1
1843,207,177,30,30
1844,97,82,15,15
1845,78,70,8,8
1846,100,97,3,3
1847,108,88,20,20
1848,73,69,4,4
1849,151,129,22,22
1850,45,44,1,1
1851,81,71,10,10
1852,68,61,7,7
1853,140,138,2,2
1854,121,105,16,16
1855,88,95,-7,7
1856,42,40,2,2
1857,76,73,3,3
1858,89,78,11,11
1859,61,55,6,6
1860,98,84,14,14
1861,78,75,3,3
1862,54,53,1,1
1863,128,135,-7,7
1864,160,143,17,17
1865,65,61,4,4
1866,109,97,12,12
1867,149,145,4,4
1868,112,95,17,17
1869,78,71,7,7
1870,61,52,9,9
1871,82,72,10,10
1872,54,48,6,6
1873,45,47,-2,2
1874,102,89,13,13
1875,92,81,11,11
1876,121,113,8,8
1877,119,107,12,12
1878,84,71,13,13
1879,99,92,7,7
1880,116,110,6,6
1881,119,104,15,15
1882,157,141,16,16
1883,119,100,19,19
1884,92,78,14,14
1885,60,60,0,0
1886,101,92,9,9
1887,90,85,5,5
1888,132,129,3,3
1889,156,138,18,18
1890,101,91,10,10
1891,88,79,9,9
1892,141,110,31,31
1893,56,53,3,3
1894,85,69,16,16
1895,182,155,27,27
1896,127,105,22,22
1897,76,68,8,8
1898,83,72,11,11
1899,59,53,6,6
1900,33,34,-1,1
1901,38,38,0,0
1902,90,72,18,18
1903,87,90,-3,3
1904,81,80,1,1
1905,123,116,7,7
1906,111,95,16,16
1907,207,199,8,8
1908,140,126,14,14
1909,90,79,11,11
1910,67,64,3,3
1911,102,126,-24,24
1912,65,60,5,5
1913,81,76,5,5
1914,75,67,8,8
1915,93,88,5,5
1916,87,93,-6,6
1917,183,153,30,30
1918,95,86,9,9
1919,200,182,18,18
1920,95,85,10,10
1921,199,175,24,24
1922,87,66,21,21
1923,56,50,6,6
1924,55,61,-6,6
1925,90,87,3,3
1926,64,63,1,1
1927,57,55,2,2
1928,179,178,1,1
1929,78,71,7,7
1930,54,53,1,1
1931,112,98,14,14
1932,69,74,-5,5
1933,73,71,2,2
1934,64,60,4,4
1935,65,67,-2,2
1936,63,60,3,3
1937,159,140,19,19
1938,71,70,1,1
1939,90,77,13,13
1940,116,101,15,15
1941,110,100,10,10
1942,80,77,3,3
1943,116,113,3,3
1944,101,99,2,2
1945,145,126,19,19
1946,144,132,12,12
1947,163,137,26,26
1948,115,115,0,0
1949,115,114,1,1
1950,102,98,4,4
1951,105,85,20,20
1952,61,54,7,7
1953,74,64,10,10
1954,88,79,9,9
1955,86,69,17,17
1956,98,89,9,9
1957,113,101,12,12
1958,82,58,24,24
1959,124,99,25,25
1960,76,65,11,11
1961,137,126,11,11
1962,88,92,-4,4
1963,130,112,18,18
1964,75,63,12,12
1965,97,77,20,20
1966,114,111,3,3
1967,92,83,9,9
1968,106,97,9,9
1969,89,86,3,3
1970,72,82,-10,10
1971,92,82,10,10
1972,66,57,9,9
1973,26,25,1,1
1974,106,93,13,13
1975,82,78,4,4
1976,112,104,8,8
1977,94,84,10,10
1978,106,93,13,13
1979,114,98,16,16
1980,85,95,-10,10
1981,144,138,6,6
1982,137,116,21,21
1983,56,59,-3,3
1984,62,49,13,13
1985,65,64,1,1
1986,71,68,3,3
1987,78,81,-3,3
1988,66,54,12,12
1989,106,99,7,7
1990,74,96,-22,22
1991,46,116,-70,70
1992,140,121,19,19
1993,129,111,18,18
1994,83,79,4,4
1995,81,77,4,4
1996,49,44,5,5
1997,124,112,12,12
1998,42,36,6,6
1999,89,77,12,12
2000,101,85,16,16
2001,184,187,-3,3
2002,113,101,12,12
2003,212,189,23,23
2004,120,104,16,16
2005,95,88,7,7
2006,120,112,8,8
2007,97,87,10,10
2008,72,65,7,7
2009,80,62,18,18
2010,87,89,-2,2
2011,100,89,11,11
2012,185,165,20,20
2013,90,83,7,7
2014,77,73,4,4
2015,67,64,3,3
2016,63,59,4,4
2017,74,70,4,4
2018,104,89,15,15
2019,129,115,14,14
2020,73,66,7,7
2021,128,113,15,15
2022,64,59,5,5
2023,88,74,14,14
2024,47,46,1,1
2025,68,60,8,8
2026,75,60,15,15
2027,75,68,7,7
2028,80,76,4,4
2029,61,59,2,2
2030,74,69,5,5
2031,79,77,2,2
2032,62,62,0,0
2033,121,115,6,6
2034,77,70,7,7
2035,104,98,6,6
2036,116,105,11,11
2037,61,66,-5,5
2038,86,76,10,10
2039,83,85,-2,2
2040,119,108,11,11
2041,109,107,2,2
2042,83,86,-3,3
2043,66,66,0,0
2044,112,102,10,10
2045,110,103,7,7
2046,115,118,-3,3
2047,97,89,8,8
2048,115,106,9,9
2049,78,75,3,3
2050,58,52,6,6
2051,98,97,1,1
2052,104,92,12,12
2053,109,93,16,16
2054,143,125,18,18
2055,98,89,9,9
2056,56,59,-3,3
2057,61,59,2,2
2058,86,75,11,11
2059,73,68,5,5
2060,101,90,11,11
2061,165,141,24,24
2062,64,58,6,6
2063,62,56,6,6
2064,68,59,9,9
2065,101,94,7,7
2066,72,73,-1,1
2067,56,51,5,5
2068,109,89,20,20
2069,63,53,10,10
2070,48,48,0,0
2071,134,124,10,10
2072,91,89,2,2
2073,80,76,4,4
2074,112,98,14,14
2075,49,47,2,2
2076,91,81,10,10
2077,75,76,-1,1
2078,86,73,13,13
2079,142,121,21,21
2080,79,67,12,12
2081,122,117,5,5
2082,139,125,14,14
2083,79,61,18,18
2084,184,154,30,30
2085,134,148,-14,14
2086,99,85,14,14
2087,59,60,-1,1
2088,77,75,2,2
2089,84,74,10,10
2090,116,109,7,7
2091,41,38,3,3
2092,70,56,14,14
2093,39,38,1,1
2094,82,77,5,5
2095,58,52,6,6
2096,166,144,22,22
2097,71,67,4,4
2098,119,105,14,14
2099,92,90,2,2
2100,116,106,10,10
2101,121,100,21,21
2102,106,94,12,12
2103,82,73,9,9
2104,137,124,13,13
2105,113,106,7,7
2106,84,81,3,3
2107,136,117,19,19
2108,57,56,1,1
2109,142,122,20,20
2110,55,47,8,8
2111,82,73,9,9
2112,208,187,21,21
2113,101,79,22,22
2114,156,147,9,9
2115,175,149,26,26
2116,137,111,26,26
2117,105,113,-8,8
2118,84,79,5,5
2119,78,74,4,4
2120,115,94,21,21
2121,74,66,8,8
2122,67,60,7,7
2123,46,45,1,1
2124,123,109,14,14
2125,68,59,9,9
2126,110,104,6,6
2127,95,84,11,11
2128,77,76,1,1
2129,86,85,1,1
2130,62,54,8,8
2131,91,74,17,17
2132,76,69,7,7
2133,92,72,20,20
2134,98,84,14,14
2135,108,97,11,11
2136,142,133,9,9
2137,111,75,36,36
2138,96,92,4,4
2139,86,78,8,8
2140,138,124,14,14
2141,89,86,3,3
2142,149,123,26,26
2143,82,78,4,4
2144,135,125,10,10
2145,94,84,10,10
2146,79,74,5,5
2147,84,78,6,6
2148,44,72,-28,28
2149,46,56,-10,10
2150,96,86,10,10
2151,114,101,13,13
2152,57,51,6,6
2153,79,70,9,9
2154,78,80,-2,2
2155,117,125,-8,8
2156,98,77,21,21
2157,57,48,9,9
2158,99,79,20,20
2159,97,82,15,15
2160,98,80,18,18
2161,70,59,11,11
2162,102,98,4,4
2163,82,79,3,3
2164,81,74,7,7
2165,69,66,3,3
2166,66,55,11,11
2167,97,78,19,19
2168,86,79,7,7
2169,58,51,7,7
2170,83,81,2,2
2171,78,72,6,6
2172,64,53,11,11
2173,127,93,34,34
2174,73,57,16,16
2175,70,72,-2,2
2176,93,92,1,1
2177,116,110,6,6
2178,103,82,21,21
2179,44,41,3,3
2180,84,84,0,0
2181,116,89,27,27
2182,102,102,0,0
2183,56,48,8,8
2184,117,106,11,11
2185,111,101,10,10
2186,82,82,0,0
2187,115,99,16,16
2188,96,98,-2,2
2189,137,103,34,34
2190,111,106,5,5
2191,63,59,4,4
2192,65,57,8,8
2193,57,50,7,7
2194,82,66,16,16
2195,64,78,-14,14
2196,100,91,9,9
2197,68,60,8,8
2198,57,54,3,3
2199,76,65,11,11
2200,138,123,15,15
2201,61,63,-2,2
2202,80,80,0,0
2203,98,93,5,5
2204,137,123,14,14
2205,101,88,13,13
2206,122,117,5,5
2207,75,73,2,2
2208,118,104,14,14
2209,87,82,5,5
2210,116,105,11,11
2211,97,88,9,9
2212,147,145,2,2
2213,74,64,10,10
2214,55,54,1,1
2215,110,89,21,21
2216,93,87,6,6
2217,64,65,-1,1
2218,105,104,1,1
2219,70,90,-20,20
2220,92,76,16,16
2221,63,59,4,4
2222,93,85,8,8
2223,60,55,5,5
2224,82,74,8,8
2225,108,98,10,10
2226,118,108,10,10
2227,167,149,18,18
2228,112,102,10,10
2229,85,76,9,9
2230,77,85,-8,8
2231,105,100,5,5
2232,144,129,15,15
2233,159,156,3,3
2234,68,62,6,6
2235,42,39,3,3
2236,111,119,-8,8
2237,67,70,-3,3
2238,135,117,18,18
2239,45,41,4,4
2240,79,67,12,12
2241,117,113,4,4
2242,94,84,10,10
2243,44,71,-27,27
2244,94,93,1,1
2245,140,121,19,19
2246,98,86,12,12
2247,66,66,0,0
2248,63,63,0,0
2249,65,64,1,1
2250,104,99,5,5
2251,92,90,2,2
2252,86,84,2,2
2253,81,77,4,4
2254,77,80,-3,3
2255,78,72,6,6
2256,48,50,-2,2
2257,39,34,5,5
2258,47,41,6,6
2259,94,94,0,0
2260,161,138,23,23
2261,72,57,15,15
2262,35,37,-2,2
2263,89,87,2,2
2264,69,85,-16,16
2265,102,99,3,3
2266,79,91,-12,12
2267,107,90,17,17
2268,111,116,-5,5
2269,95,90,5,5
2270,102,94,8,8
2271,89,88,1,1
2272,65,58,7,7
2273,108,98,10,10
2274,57,63,-6,6
2275,103,91,12,12
2276,151,120,31,31
2277,184,155,29,29
2278,78,69,9,9
2279,185,147,38,38
2280,63,64,-1,1
2281,131,119,12,12
2282,155,131,24,24
2283,87,73,14,14
2284,136,121,15,15
2285,104,97,7,7
2286,54,50,4,4
2287,107,102,5,5
2288,64,59,5,5
2289,68,63,5,5
2290,90,85,5,5
2291,65,68,-3,3
2292,86,84,2,2
2293,78,71,7,7
2294,72,61,11,11
2295,50,54,-4,4
2296,107,97,10,10
2297,101,196,-95,95
2298,104,93,11,11
2299,47,45,2,2
2300,87,77,10,10
2301,102,96,6,6
2302,103,88,15,15
2303,62,52,10,10
2304,57,54,3,3
2305,68,65,3,3
2306,109,101,8,8
2307,80,81,-1,1
2308,76,75,1,1
2309,97,92,5,5
2310,83,72,11,11
2311,116,103,13,13
2312,72,63,9,9
2313,49,51,-2,2
2314,108,102,6,6
2315,106,82,24,24
2316,135,115,20,20
2317,115,108,7,7
2318,111,94,17,17
2319,95,78,17,17
2320,56,60,-4,4
2321,154,126,28,28
2322,106,99,7,7
2323,71,67,4,4
2324,92,81,11,11
2325,96,78,18,18
2326,75,73,2,2
2327,127,103,24,24
2328,66,64,2,2
2329,78,71,7,7
2330,148,134,14,14
2331,95,85,10,10
2332,145,115,30,30
2333,80,77,3,3
2334,48,42,6,6
2335,73,73,0,0
2336,128,124,4,4
2337,38,40,-2,2
2338,180,164,16,16
2339,63,58,5,5
2340,60,53,7,7
2341,149,137,12,12
2342,97,94,3,3
2343,57,56,1,1
2344,158,133,25,25
2345,85,82,3,3
2346,83,68,15,15
2347,145,125,20,20
2348,76,68,8,8
2349,107,93,14,14
2350,177,156,21,21
2351,106,84,22,22
2352,73,67,6,6
2353,43,43,0,0
2354,141,113,28,28
2355,100,97,3,3
2356,81,92,-11,11
2357,267,199,68,68
2358,69,66,3,3
2359,114,106,8,8
2360,110,100,10,10
2361,107,100,7,7
2362,95,78,17,17
2363,92,78,14,14
2364,166,133,33,33
2365,83,79,4,4
2366,140,117,23,23
2367,102,86,16,16
2368,82,81,1,1
2369,88,87,1,1
2370,129,106,23,23
2371,171,165,6,6
2372,53,47,6,6
2373,139,111,28,28
2374,131,111,20,20
2375,137,113,24,24
2376,65,61,4,4
2377,83,78,5,5
2378,191,176,15,15
2379,65,54,11,11
2380,197,174,23,23
2381,101,93,8,8
2382,147,132,15,15
2383,159,146,13,13
2384,46,42,4,4
2385,151,135,16,16
2386,104,90,14,14
2387,132,128,4,4
2388,67,63,4,4
2389,80,73,7,7
2390,198,175,23,23
2391,116,123,-7,7
2392,72,98,-26,26
2393,152,131,21,21
2394,63,65,-2,2
2395,61,59,2,2
2396,112,101,11,11
2397,96,79,17,17
2398,90,79,11,11
2399,118,111,7,7
2400,102,97,5,5
2401,65,61,4,4
2402,93,89,4,4
2403,64,58,6,6
2404,88,110,-22,22
2405,116,105,11,11
2406,94,97,-3,3
2407,96,98,-2,2
2408,83,88,-5,5
2409,125,115,10,10
2410,71,57,14,14
2411,147,142,5,5
2412,117,111,6,6
2413,125,110,15,15
2414,65,55,10,10
2415,69,67,2,2
2416,72,66,6,6
2417,80,76,4,4
2418,73,61,12,12
2419,62,58,4,4
2420,126,112,14,14
2421,56,49,7,7
2422,90,89,1,1
2423,95,93,2,2
2424,67,65,2,2
2425,37,39,-2,2
2426,128,110,18,18
2427,63,54,9,9
2428,32,32,0,0
2429,63,53,10,10
2430,42,48,-6,6
2431,90,84,6,6
2432,58,56,2,2
2433,159,130,29,29
2434,114,114,0,0
2435,76,70,6,6
2436,71,64,7,7
2437,91,80,11,11
2438,144,123,21,21
2439,71,62,9,9
2440,70,69,1,1
2441,109,103,6,6
2442,86,77,9,9
2443,114,109,5,5
2444,66,52,14,14
2445,92,77,15,15
2446,71,62,9,9
2447,92,79,13,13
2448,137,140,-3,3
2449,73,78,-5,5
2450,73,64,9,9
2451,101,84,17,17
2452,119,105,14,14
2453,97,88,9,9
2454,110,93,17,17
2455,69,58,11,11
2456,81,72,9,9
2457,67,67,0,0
2458,139,121,18,18
2459,88,78,10,10
2460,114,101,13,13
2461,64,54,10,10
2462,86,77,9,9
2463,122,108,14,14
2464,122,105,17,17
2465,94,82,12,12
2466,128,123,5,5
2467,83,72,11,11
2468,92,82,10,10
2469,175,159,16,16
2470,141,130,11,11
2471,72,70,2,2
2472,135,132,3,3
2473,84,75,9,9
2474,123,109,14,14
2475,113,108,5,5
2476,135,119,16,16
2477,83,78,5,5
2478,58,58,0,0
2479,146,134,12,12
2480,123,113,10,10
2481,50,46,4,4
2482,67,70,-3,3
2483,80,77,3,3
2484,136,121,15,15
2485,165,147,18,18
2486,84,70,14,14
2487,107,95,12,12
2488,151,141,10,10
2489,111,103,8,8
2490,51,52,-1,1
2491,78,72,6,6
2492,145,116,29,29
2493,54,53,1,1
2494,86,75,11,11
2495,93,83,10,10
2496,117,98,19,19
2497,52,49,3,3
2498,84,85,-1,1
2499,196,188,8,8
2500,70,51,19,19
2501,166,150,16,16
2502,103,83,20,20
2503,67,76,-9,9
2504,54,45,9,9
2505,91,83,8,8
2506,124,111,13,13
2507,80,72,8,8
2508,111,103,8,8
2509,108,88,20,20
2510,134,128,6,6
2511,98,88,10,10
2512,64,79,-15,15
2513,73,65,8,8
2514,94,90,4,4
2515,61,67,-6,6
2516,90,87,3,3
2517,102,89,13,13
2518,150,131,19,19
2519,97,92,5,5
2520,76,68,8,8
2521,58,55,3,3
2522,90,69,21,21
2523,70,63,7,7
2524,65,62,3,3
2525,78,74,4,4
2526,53,54,-1,1
2527,83,70,13,13
2528,103,73,30,30
2529,74,65,9,9
2530,173,154,19,19
2531,63,62,1,1
2532,104,90,14,14
2533,96,91,5,5
2534,110,112,-2,2
2535,83,73,10,10
2536,89,82,7,7
2537,95,96,-1,1
2538,74,73,1,1
2539,55,45,10,10
2540,117,108,9,9
2541,32,22,10,10
2542,64,66,-2,2
2543,103,81,22,22
2544,121,114,7,7
2545,129,108,21,21
2546,90,83,7,7
2547,119,137,-18,18
2548,105,87,18,18
2549,78,66,12,12
2550,159,133,26,26
2551,73,70,3,3
2552,128,114,14,14
2553,149,139,10,10
2554,129,103,26,26
2555,87,85,2,2
2556,69,70,-1,1
2557,120,106,14,14
2558,57,51,6,6
2559,107,104,3,3
2560,56,51,5,5
2561,128,79,49,49
2562,153,121,32,32
2563,114,115,-1,1
2564,96,92,4,4
2565,111,99,12,12
2566,130,123,7,7
2567,88,84,4,4
2568,75,68,7,7
2569,85,83,2,2
2570,105,96,9,9
2571,48,43,5,5
2572,98,89,9,9
2573,62,63,-1,1
2574,142,127,15,15
2575,91,70,21,21
2576,85,79,6,6
2577,67,58,9,9
2578,116,100,16,16
2579,82,82,0,0
2580,136,123,13,13
2581,145,120,25,25
2582,76,72,4,4
2583,46,46,0,0
2584,112,118,-6,6
2585,119,113,6,6
2586,75,84,-9,9
2587,58,62,-4,4
2588,90,87,3,3
2589,106,106,0,0
2590,117,105,12,12
2591,97,87,10,10
2592,142,139,3,3
2593,156,140,16,16
2594,136,85,51,51
2595,73,72,1,1
2596,98,81,17,17
2597,79,79,0,0
2598,130,123,7,7
2599,114,107,7,7
2600,122,111,11,11
2601,87,72,15,15
2602,136,118,18,18
2603,157,134,23,23
2604,53,50,3,3
2605,106,92,14,14
2606,62,60,2,2
2607,87,85,2,2
2608,75,65,10,10
2609,71,68,3,3
2610,87,78,9,9
2611,81,75,6,6
2612,110,95,15,15
2613,119,108,11,11
2614,103,90,13,13
2615,65,52,13,13
2616,137,115,22,22
2617,66,66,0,0
2618,78,68,10,10
2619,93,90,3,3
2620,117,103,14,14
2621,95,86,9,9
2622,88,75,13,13
2623,102,84,18,18
2624,49,46,3,3
2625,82,71,11,11
2626,70,67,3,3
2627,78,78,0,0
2628,75,62,13,13
2629,80,80,0,0
2630,133,117,16,16
2631,82,77,5,5
2632,147,104,43,43
2633,174,152,22,22
2634,65,62,3,3
2635,95,84,11,11
2636,105,86,19,19
2637,72,63,9,9
2638,78,74,4,4
2639,137,125,12,12
2640,153,131,22,22
2641,131,137,-6,6
2642,53,52,1,1
2643,88,79,9,9
2644,74,70,4,4
2645,62,55,7,7
2646,97,99,-2,2
2647,121,106,15,15
2648,106,100,6,6
2649,76,99,-23,23
2650,103,96,7,7
2651,87,73,14,14
2652,67,55,12,12
2653,68,84,-16,16
2654,123,104,19,19
2655,68,57,11,11
2656,115,107,8,8
2657,116,97,19,19
2658,95,83,12,12
2659,57,58,-1,1
2660,106,92,14,14
2661,85,77,8,8
2662,106,84,22,22
2663,87,77,10,10
2664,86,79,7,7
2665,84,79,5,5
2666,60,55,5,5
2667,99,96,3,3
2668,84,82,2,2
2669,60,54,6,6
2670,134,113,21,21
2671,130,120,10,10
2672,78,66,12,12
2673,62,58,4,4
2674,90,73,17,17
2675,105,101,4,4
2676,104,97,7,7
2677,102,96,6,6
2678,125,115,10,10
2679,74,59,15,15
2680,100,94,6,6
2681,103,99,4,4
2682,77,63,14,14
2683,86,77,9,9
2684,97,95,2,2
2685,81,81,0,0
2686,88,87,1,1
2687,52,53,-1,1
2688,59,62,-3,3
2689,89,75,14,14
2690,51,58,-7,7
2691,45,47,-2,2
2692,103,110,-7,7
2693,70,69,1,1
2694,148,131,17,17
2695,91,89,2,2
2696,45,40,5,5
2697,146,136,10,10
2698,119,109,10,10
2699,107,103,4,4
2700,170,143,27,27
2701,62,56,6,6
2702,130,103,27,27
2703,40,50,-10,10
2704,91,82,9,9
2705,61,55,6,6
2706,72,59,13,13
2707,113,103,10,10
2708,120,92,28,28
2709,52,44,8,8
2710,43,46,-3,3
2711,63,54,9,9
2712,106,100,6,6
2713,109,100,9,9
2714,136,121,15,15
2715,100,91,9,9
2716,58,57,1,1
2717,64,58,6,6
2718,135,127,8,8
2719,125,118,7,7
2720,91,97,-6,6
2721,81,78,3,3
2722,53,47,6,6
2723,120,111,9,9
2724,96,90,6,6
2725,42,38,4,4
2726,122,112,10,10
2727,67,56,11,11
2728,97,81,16,16
2729,65,64,1,1
2730,86,80,6,6
2731,72,62,10,10
2732,62,55,7,7
2733,72,63,9,9
2734,83,67,16,16
2735,129,119,10,10
2736,109,95,14,14
2737,72,79,-7,7
2738,78,75,3,3
2739,175,167,8,8
2740,125,113,12,12
2741,65,52,13,13
2742,122,111,11,11
2743,79,76,3,3
2744,35,41,-6,6
2745,86,84,2,2
2746,120,102,18,18
2747,96,87,9,9
2748,152,139,13,13
2749,114,108,6,6
2750,94,89,5,5
2751,67,60,7,7
2752,94,90,4,4
2753,145,116,29,29
2754,52,49,3,3
2755,108,98,10,10
2756,86,85,1,1
2757,91,86,5,5
2758,132,119,13,13
2759,160,147,13,13
2760,94,75,19,19
2761,136,113,23,23
2762,46,43,3,3
2763,76,63,13,13
2764,66,64,2,2
2765,72,65,7,7
2766,102,97,5,5
2767,77,74,3,3
2768,56,54,2,2
2769,139,134,5,5
2770,217,188,29,29
2771,105,99,6,6
2772,86,73,13,13
2773,172,148,24,24
2774,131,122,9,9
2775,141,127,14,14
2776,85,84,1,1
2777,68,55,13,13
2778,90,86,4,4
2779,75,70,5,5
2780,82,75,7,7
2781,76,63,13,13
2782,92,83,9,9
2783,76,69,7,7
2784,108,98,10,10
2785,99,87,12,12
2786,65,64,1,1
2787,101,100,1,1
2788,196,172,24,24
2789,80,79,1,1
2790,130,124,6,6
2791,57,65,-8,8
2792,105,90,15,15
2793,83,78,5,5
2794,75,82,-7,7
2795,37,41,-4,4
2796,92,89,3,3
2797,70,60,10,10
2798,35,45,-10,10
2799,120,101,19,19
2800,87,69,18,18
2801,56,46,10,10
2802,84,76,8,8
2803,185,164,21,21
2804,95,74,21,21
2805,76,67,9,9
2806,60,55,5,5
2807,84,78,6,6
2808,67,61,6,6
2809,79,72,7,7
2810,106,94,12,12
2811,121,108,13,13
2812,81,86,-5,5
2813,93,84,9,9
2814,150,130,20,20
2815,104,102,2,2
2816,95,84,11,11
2817,120,104,16,16
2818,140,134,6,6
2819,106,109,-3,3
2820,92,72,20,20
2821,75,70,5,5
2822,69,73,-4,4
2823,78,70,8,8
2824,57,58,-1,1
2825,71,60,11,11
2826,110,97,13,13
2827,90,82,8,8
2828,58,51,7,7
2829,52,51,1,1
2830,108,100,8,8
2831,53,56,-3,3
2832,102,92,10,10
2833,89,86,3,3
2834,158,133,25,25
2835,81,68,13,13
2836,93,92,1,1
2837,127,110,17,17
2838,117,105,12,12
2839,105,93,12,12
2840,133,119,14,14
2841,106,90,16,16
2842,149,130,19,19
2843,117,106,11,11
2844,92,83,9,9
2845,74,65,9,9
2846,156,137,19,19
2847,90,80,10,10
2848,116,109,7,7
2849,118,105,13,13
2850,109,101,8,8
2851,110,100,10,10
2852,84,87,-3,3
2853,120,98,22,22
2854,145,136,9,9
2855,64,59,5,5
2856,95,102,-7,7
2857,54,51,3,3
2858,109,97,12,12
2859,81,71,10,10
2860,74,73,1,1
2861,123,118,5,5
2862,88,77,11,11
2863,153,146,7,7
2864,119,117,2,2
2865,100,89,11,11
2866,91,79,12,12
2867,85,67,18,18
2868,72,64,8,8
2869,137,118,19,19
2870,120,133,-13,13
2871,58,55,3,3
2872,106,95,11,11
2873,100,86,14,14
2874,75,70,5,5
2875,71,63,8,8
2876,90,74,16,16
2877,56,51,5,5
2878,109,98,11,11
2879,97,93,4,4
2880,95,83,12,12
2881,84,71,13,13
2882,64,58,6,6
2883,79,69,10,10
2884,66,60,6,6
2885,65,63,2,2
2886,117,107,10,10
2887,143,129,14,14
2888,65,57,8,8
2889,80,73,7,7
2890,111,109,2,2
2891,116,102,14,14
2892,80,123,-43,43
2893,89,81,8,8
2894,181,154,27,27
2895,95,81,14,14
2896,81,73,8,8
2897,172,141,31,31
2898,137,113,24,24
2899,83,78,5,5
2900,98,91,7,7
2901,131,114,17,17
2902,75,68,7,7
2903,160,144,16,16
2904,115,95,20,20
2905,124,120,4,4
2906,121,104,17,17
2907,113,100,13,13
2908,116,101,15,15
2909,62,62,0,0
2910,94,78,16,16
2911,92,82,10,10
2912,144,128,16,16
2913,37,75,-38,38
2914,65,64,1,1
2915,159,163,-4,4
2916,76,66,10,10
2917,116,105,11,11
2918,79,68,11,11
2919,89,91,-2,2
2920,79,70,9,9
2921,100,98,2,2
2922,92,76,16,16
2923,90,83,7,7
2924,53,51,2,2
2925,97,95,2,2
2926,148,130,18,18
2927,104,100,4,4
2928,57,50,7,7
2929,71,63,8,8
2930,116,121,-5,5
2931,191,176,15,15
2932,122,107,15,15
2933,60,57,3,3
2934,125,145,-20,20
2935,69,71,-2,2
2936,98,90,8,8
2937,131,110,21,21
2938,105,101,4,4
2939,103,90,13,13
2940,60,59,1,1
2941,67,63,4,4
2942,118,106,12,12
2943,58,65,-7,7
2944,76,69,7,7
2945,109,91,18,18
2946,72,65,7,7
2947,87,78,9,9
2948,57,57,0,0
2949,85,79,6,6
2950,78,74,4,4
2951,88,73,15,15
2952,75,64,11,11
2953,124,110,14,14
2954,84,81,3,3
2955,112,96,16,16
2956,98,85,13,13
2957,152,135,17,17
2958,54,49,5,5
2959,121,111,10,10
2960,164,144,20,20
2961,58,54,4,4
2962,164,147,17,17
2963,47,50,-3,3
2964,163,157,6,6
2965,104,92,12,12
2966,66,64,2,2
2967,111,102,9,9
2968,60,59,1,1
2969,45,43,2,2
2970,98,81,17,17
2971,129,108,21,21
2972,94,86,8,8
2973,100,93,7,7
2974,88,85,3,3
2975,79,70,9,9
2976,73,70,3,3
2977,125,112,13,13
2978,91,89,2,2
2979,102,97,5,5
2980,137,121,16,16
2981,186,170,16,16
2982,67,65,2,2
2983,59,58,1,1
2984,36,37,-1,1
2985,128,111,17,17
2986,80,68,12,12
2987,102,109,-7,7
2988,137,105,32,32
2989,58,39,19,19
2990,94,87,7,7
2991,90,74,16,16
2992,110,93,17,17
2993,101,102,-1,1
2994,78,72,6,6
2995,121,98,23,23
2996,87,73,14,14
2997,81,70,11,11
2998,70,65,5,5
2999,142,127,15,15
3000,93,88,5,5
3001,98,78,20,20
3002,125,115,10,10
3003,65,57,8,8
3004,126,120,6,6
3005,77,68,9,9
3006,79,75,4,4
3007,85,83,2,2
3008,65,55,10,10
3009,74,74,0,0
3010,124,117,7,7
3011,112,91,21,21
3012,99,94,5,5
3013,73,63,10,10
3014,97,92,5,5
3015,73,70,3,3
3016,58,53,5,5
3017,172,158,14,14
3018,91,79,12,12
3019,67,64,3,3
3020,100,95,5,5
3021,110,101,9,9
3022,58,56,2,2
3023,96,94,2,2
3024,69,70,-1,1
3025,91,83,8,8
3026,64,60,4,4
3027,71,67,4,4
3028,49,61,-12,12
3029,88,87,1,1
3030,147,115,32,32
3031,71,63,8,8
3032,117,101,16,16
3033,89,87,2,2
3034,95,83,12,12
3035,78,75,3,3
3036,82,85,-3,3
3037,72,70,2,2
3038,137,112,25,25
3039,122,122,0,0
3040,115,98,17,17
3041,120,104,16,16
3042,119,114,5,5
3043,84,76,8,8
3044,88,74,14,14
3045,60,58,2,2
3046,115,106,9,9
3047,81,72,9,9
3048,136,134,2,2
3049,85,86,-1,1
3050,100,97,3,3
3051,118,112,6,6
3052,109,96,13,13
3053,61,66,-5,5
3054,105,96,9,9
3055,206,176,30,30
3056,112,103,9,9
3057,83,76,7,7
3058,181,170,11,11
3059,151,129,22,22
3060,104,95,9,9
3061,83,90,-7,7
3062,109,94,15,15
3063,62,58,4,4
3064,76,69,7,7
3065,86,84,2,2
3066,127,107,20,20
3067,83,74,9,9
3068,122,102,20,20
3069,103,99,4,4
3070,107,96,11,11
3071,94,82,12,12
3072,103,82,21,21
3073,72,59,13,13
3074,66,64,2,2
3075,70,77,-7,7
3076,54,46,8,8
3077,57,62,-5,5
3078,165,151,14,14
3079,125,111,14,14
3080,125,120,5,5
3081,92,83,9,9
3082,53,42,11,11
3083,106,118,-12,12
3084,95,84,11,11
3085,94,80,14,14
3086,72,68,4,4
3087,78,70,8,8
3088,113,106,7,7
3089,106,87,19,19
3090,101,90,11,11
3091,102,103,-1,1
3092,95,84,11,11
3093,69,66,3,3
3094,74,62,12,12
3095,104,87,17,17
3096,78,72,6,6
3097,86,80,6,6
3098,41,37,4,4
3099,86,78,8,8
3100,80,68,12,12
3101,182,157,25,25
3102,83,78,5,5
3103,65,55,10,10
3104,81,69,12,12
3105,159,144,15,15
3106,103,93,10,10
3107,102,85,17,17
3108,60,48,12,12
3109,142,119,23,23
3110,62,57,5,5
3111,129,111,18,18
3112,79,77,2,2
3113,87,80,7,7
3114,127,105,22,22
3115,56,57,-1,1
3116,94,99,-5,5
3117,90,79,11,11
3118,62,63,-1,1
3119,60,61,-1,1
3120,110,118,-8,8
3121,98,94,4,4
3122,58,57,1,1
3123,88,80,8,8
3124,35,30,5,5
3125,138,125,13,13
3126,73,71,2,2
3127,99,79,20,20
3128,87,75,12,12
3129,69,65,4,4
3130,102,84,18,18
3131,89,87,2,2
3132,106,90,16,16
3133,116,103,13,13
3134,69,66,3,3
3135,75,66,9,9
3136,91,76,15,15
3137,67,64,3,3
3138,133,129,4,4
3139,76,73,3,3
3140,103,84,19,19
3141,71,57,14,14
3142,135,123,12,12
3143,99,96,3,3
3144,104,87,17,17
3145,146,119,27,27
3146,57,45,12,12
3147,108,108,0,0
3148,82,68,14,14
3149,106,89,17,17
3150,110,103,7,7
3151,98,90,8,8
3152,62,53,9,9
3153,102,94,8,8
3154,130,118,12,12
3155,108,88,20,20
3156,61,57,4,4
3157,73,79,-6,6
3158,54,49,5,5
3159,63,53,10,10
3160,140,113,27,27
3161,47,110,-63,63
3162,68,69,-1,1
3163,134,117,17,17
3164,106,95,11,11
3165,72,68,4,4
3166,107,96,11,11
3167,107,97,10,10
3168,53,48,5,5
3169,112,94,18,18
3170,124,113,11,11
3171,103,89,14,14
3172,76,75,1,1
3173,103,94,9,9
3174,92,85,7,7
3175,40,39,1,1
3176,79,72,7,7
3177,83,82,1,1
3178,77,68,9,9
3179,75,67,8,8
3180,63,52,11,11
3181,134,121,13,13
3182,66,61,5,5
3183,173,158,15,15
3184,100,84,16,16
3185,119,98,21,21
3186,143,132,11,11
3187,61,62,-1,1
3188,59,58,1,1
3189,91,90,1,1
3190,61,55,6,6
3191,127,116,11,11
3192,164,146,18,18
3193,81,72,9,9
3194,136,121,15,15
3195,73,73,0,0
3196,72,67,5,5
3197,82,72,10,10
3198,79,73,6,6
3199,70,68,2,2
3200,95,83,12,12
3201,63,56,7,7
3202,67,62,5,5
3203,127,117,10,10
3204,107,97,10,10
3205,58,53,5,5
3206,91,86,5,5
3207,60,51,9,9
3208,94,95,-1,1
3209,90,69,21,21
3210,49,40,9,9
3211,94,105,-11,11
3212,68,58,10,10
3213,86,69,17,17
3214,107,88,19,19
3215,54,44,10,10
3216,88,71,17,17
3217,69,66,3,3
3218,85,74,11,11
3219,99,87,12,12
3220,116,115,1,1
3221,113,100,13,13
3222,42,49,-7,7
3223,36,33,3,3
3224,52,52,0,0
3225,88,70,18,18
3226,62,61,1,1
3227,87,72,15,15
3228,97,103,-6,6
3229,94,89,5,5
3230,113,100,13,13
3231,168,143,25,25
3232,107,91,16,16
3233,130,119,11,11
3234,169,147,22,22
3235,84,81,3,3
3236,151,114,37,37
3237,75,61,14,14
3238,73,63,10,10
3239,64,66,-2,2
3240,144,140,4,4
3241,86,78,8,8
3242,91,80,11,11
3243,76,65,11,11
3244,112,106,6,6
3245,46,58,-12,12
3246,51,34,17,17
3247,116,95,21,21
3248,106,109,-3,3
3249,63,65,-2,2
3250,115,101,14,14
3251,151,152,-1,1
3252,70,58,12,12
3253,153,138,15,15
3254,66,57,9,9
3255,95,91,4,4
3256,71,67,4,4
3257,75,69,6,6
3258,83,74,9,9
3259,75,61,14,14
3260,111,90,21,21
3261,95,85,10,10
3262,133,111,22,22
3263,56,45,11,11
3264,42,45,-3,3
3265,61,57,4,4
3266,72,69,3,3
3267,60,58,2,2
3268,95,79,16,16
3269,115,115,0,0
3270,101,98,3,3
3271,65,63,2,2
3272,100,99,1,1
3273,69,66,3,3
3274,81,71,10,10
3275,82,77,5,5
3276,107,94,13,13
3277,112,111,1,1
3278,99,90,9,9
3279,75,68,7,7
3280,161,140,21,21
3281,76,69,7,7
3282,142,134,8,8
3283,111,96,15,15
3284,78,74,4,4
3285,137,124,13,13
3286,40,37,3,3
3287,65,62,3,3
3288,88,86,2,2
3289,103,84,19,19
3290,143,151,-8,8
3291,37,33,4,4
3292,65,57,8,8
3293,90,76,14,14
3294,97,77,20,20
3295,107,95,12,12
3296,104,100,4,4
3297,151,131,20,20
3298,98,91,7,7
3299,91,88,3,3
3300,90,78,12,12
3301,79,75,4,4
3302,62,51,11,11
3303,83,73,10,10
3304,102,99,3,3
3305,92,91,1,1
3306,48,46,2,2
3307,103,94,9,9
3308,65,53,12,12
3309,84,77,7,7
3310,57,51,6,6
3311,108,103,5,5
3312,80,72,8,8
3313,66,74,-8,8
3314,106,101,5,5
3315,52,50,2,2
3316,107,111,-4,4
3317,107,91,16,16
3318,57,55,2,2
3319,137,124,13,13
3320,69,63,6,6
3321,90,75,15,15
3322,65,62,3,3
3323,49,46,3,3
3324,153,134,19,19
3325,119,105,14,14
3326,75,70,5,5
3327,160,143,17,17
3328,140,127,13,13
3329,146,139,7,7
3330,104,82,22,22
3331,94,88,6,6
3332,60,53,7,7
3333,118,96,22,22
3334,71,66,5,5
3335,66,62,4,4
3336,183,155,28,28
3337,103,85,18,18
3338,119,105,14,14
3339,107,111,-4,4
3340,92,79,13,13
3341,89,88,1,1
3342,116,97,19,19
3343,84,71,13,13
3344,118,114,4,4
3345,52,49,3,3
3346,75,73,2,2
3347,163,147,16,16
3348,96,87,9,9
3349,104,103,1,1
3350,135,134,1,1
3351,78,71,7,7
3352,127,109,18,18
3353,96,85,11,11
3354,123,101,22,22
3355,119,101,18,18
3356,83,79,4,4
3357,107,101,6,6
3358,96,77,19,19
3359,105,95,10,10
3360,142,116,26,26
3361,67,66,1,1
3362,67,68,-1,1
3363,126,113,13,13
3364,59,57,2,2
3365,59,53,6,6
3366,74,69,5,5
3367,87,80,7,7
3368,69,66,3,3
3369,66,60,6,6
3370,117,97,20,20
3371,186,169,17,17
3372,63,62,1,1
3373,125,116,9,9
3374,87,71,16,16
3375,97,92,5,5
3376,96,78,18,18
3377,49,42,7,7
3378,105,101,4,4
3379,48,42,6,6
3380,111,100,11,11
3381,98,94,4,4
3382,123,101,22,22
3383,74,60,14,14
3384,55,51,4,4
3385,124,110,14,14
3386,151,134,17,17
3387,54,50,4,4
3388,44,42,2,2
3389,78,78,0,0
3390,141,135,6,6
3391,85,79,6,6
3392,40,52,-12,12
3393,77,69,8,8
3394,104,91,13,13
3395,71,56,15,15
3396,94,90,4,4
3397,98,97,1,1
3398,56,53,3,3
3399,64,66,-2,2
3400,107,98,9,9
3401,58,55,3,3
3402,40,40,0,0
3403,107,84,23,23
3404,110,98,12,12
3405,124,103,21,21
3406,100,84,16,16
3407,88,85,3,3
3408,131,97,34,34
3409,93,76,17,17
3410,134,118,16,16
3411,81,84,-3,3
3412,81,77,4,4
3413,84,81,3,3
3414,86,80,6,6
3415,152,141,11,11
3416,64,58,6,6
3417,73,72,1,1
3418,118,105,13,13
3419,73,63,10,10
3420,88,71,17,17
3421,112,109,3,3
3422,141,128,13,13
3423,150,143,7,7
3424,105,93,12,12
3425,163,140,23,23
3426,29,32,-3,3
3427,94,87,7,7
3428,67,67,0,0
3429,98,102,-4,4
3430,89,83,6,6
3431,106,95,11,11
3432,100,90,10,10
3433,107,90,17,17
3434,64,61,3,3
3435,45,48,-3,3
3436,77,76,1,1
3437,144,119,25,25
3438,103,94,9,9
3439,67,106,-39,39
3440,38,33,5,5
3441,116,103,13,13
3442,102,96,6,6
3443,119,105,14,14
3444,88,80,8,8
3445,111,97,14,14
3446,48,44,4,4
3447,131,107,24,24
3448,86,77,9,9
3449,76,70,6,6
3450,80,77,3,3
3451,99,87,12,12
3452,132,116,16,16
3453,91,98,-7,7
3454,105,97,8,8
3455,159,150,9,9
3456,117,101,16,16
3457,142,135,7,7
3458,69,59,10,10
3459,79,67,12,12
3460,134,129,5,5
3461,101,83,18,18
3462,94,81,13,13
3463,97,109,-12,12
3464,112,89,23,23
3465,70,61,9,9
3466,139,121,18,18
3467,120,103,17,17
3468,93,89,4,4
3469,70,66,4,4
3470,77,67,10,10
3471,91,82,9,9
3472,57,49,8,8
3473,75,76,-1,1
3474,64,57,7,7
3475,88,83,5,5
3476,90,86,4,4
3477,82,78,4,4
3478,54,52,2,2
3479,101,90,11,11
3480,102,99,3,3
3481,92,86,6,6
3482,77,69,8,8
3483,76,74,2,2
3484,109,112,-3,3
3485,48,48,0,0
3486,86,77,9,9
3487,91,83,8,8
3488,60,50,10,10
3489,117,108,9,9
3490,121,113,8,8
3491,129,124,5,5
3492,90,89,1,1
3493,106,76,30,30
3494,80,67,13,13
3495,129,103,26,26
3496,65,63,2,2
3497,48,47,1,1
3498,104,91,13,13
3499,72,64,8,8
3500,69,63,6,6
3501,115,100,15,15
3502,147,153,-6,6
3503,83,78,5,5
3504,96,88,8,8
3505,83,75,8,8
3506,106,97,9,9
3507,83,79,4,4
3508,94,75,19,19
3509,101,78,23,23
3510,112,102,10,10
3511,56,58,-2,2
3512,106,99,7,7
3513,93,77,16,16
3514,83,82,1,1
3515,60,57,3,3
3516,116,105,11,11
3517,127,102,25,25
3518,65,65,0,0
3519,134,126,8,8
3520,45,50,-5,5
3521,74,73,1,1
3522,107,100,7,7
3523,97,88,9,9
3524,145,134,11,11
3525,101,93,8,8
3526,104,80,24,24
3527,90,85,5,5
3528,98,88,10,10
3529,107,103,4,4
3530,66,62,4,4
3531,76,78,-2,2
3532,39,35,4,4
3533,89,79,10,10
3534,47,44,3,3
3535,68,71,-3,3
3536,47,43,4,4
3537,194,156,38,38
3538,107,107,0,0
3539,155,138,17,17
3540,163,145,18,18
3541,93,74,19,19
3542,124,117,7,7
3543,28,28,0,0
3544,101,99,2,2
3545,70,64,6,6
3546,61,59,2,2
3547,92,76,16,16
3548,78,75,3,3
3549,51,50,1,1
3550,99,92,7,7
3551,95,85,10,10
3552,137,109,28,28
3553,90,80,10,10
3554,84,80,4,4
3555,72,71,1,1
3556,83,80,3,3
3557,94,86,8,8
3558,86,74,12,12
3559,86,70,16,16
3560,87,82,5,5
3561,104,103,1,1
3562,58,54,4,4
3563,50,56,-6,6
3564,44,42,2,2
3565,83,75,8,8
3566,97,81,16,16
3567,146,121,25,25
3568,147,119,28,28
3569,107,97,10,10
3570,117,97,20,20
3571,152,144,8,8
3572,130,107,23,23
3573,157,135,22,22
3574,268,219,49,49
3575,90,78,12,12
3576,101,94,7,7
3577,73,65,8,8
3578,120,111,9,9
3579,86,78,8,8
3580,144,117,27,27
3581,97,85,12,12
3582,93,82,11,11
3583,49,44,5,5
3584,97,89,8,8
3585,99,80,19,19
3586,63,57,6,6
3587,135,115,20,20
3588,66,63,3,3
3589,71,65,6,6
3590,74,65,9,9
3591,160,137,23,23
3592,52,52,0,0
3593,84,72,12,12
3594,127,122,5,5
3595,82,73,9,9
3596,80,75,5,5
3597,108,100,8,8
3598,104,103,1,1
3599,106,90,16,16
3600,154,137,17,17
3601,54,50,4,4
3602,91,93,-2,2
3603,115,119,-4,4
3604,98,96,2,2
3605,117,110,7,7
3606,46,44,2,2
3607,93,88,5,5
3608,50,46,4,4
3609,110,143,-33,33
3610,101,90,11,11
3611,121,98,23,23
3612,129,125,4,4
3613,123,102,21,21
3614,55,63,-8,8
3615,97,78,19,19
3616,102,92,10,10
3617,127,125,2,2
3618,66,57,9,9
3619,75,66,9,9
3620,125,123,2,2
3621,75,63,12,12
3622,137,134,3,3
3623,76,70,6,6
3624,80,62,18,18
3625,93,81,12,12
3626,213,195,18,18
3627,73,65,8,8
3628,99,89,10,10
3629,152,136,16,16
3630,110,102,8,8
3631,53,54,-1,1
3632,83,71,12,12
3633,94,90,4,4
3634,60,57,3,3
3635,150,131,19,19
3636,146,125,21,21
3637,156,155,1,1
3638,99,87,12,12
3639,66,59,7,7
3640,85,71,14,14
3641,68,77,-9,9
3642,174,155,19,19
3643,112,92,20,20
3644,102,96,6,6
3645,96,86,10,10
3646,123,110,13,13
3647,62,62,0,0
3648,42,41,1,1
3649,84,70,14,14
3650,99,104,-5,5
3651,96,93,3,3
3652,94,79,15,15
3653,88,76,12,12
3654,113,97,16,16
3655,136,130,6,6
3656,51,51,0,0
3657,82,82,0,0
3658,103,84,19,19
3659,109,96,13,13
3660,39,42,-3,3
3661,66,55,11,11
3662,68,58,10,10
3663,97,83,14,14
3664,85,74,11,11
3665,123,107,16,16
3666,134,128,6,6
3667,171,151,20,20
3668,88,80,8,8
3669,83,71,12,12
3670,52,52,0,0
3671,90,84,6,6
3672,75,69,6,6
3673,80,71,9,9
3674,85,73,12,12
3675,113,118,-5,5
3676,85,66,19,19
3677,124,113,11,11
3678,126,108,18,18
3679,136,112,24,24
3680,111,102,9,9
3681,122,105,17,17
3682,84,77,7,7
3683,53,48,5,5
3684,83,75,8,8
3685,132,120,12,12
3686,133,125,8,8
3687,96,82,14,14
3688,53,49,4,4
3689,87,90,-3,3
3690,63,56,7,7
3691,92,74,18,18
3692,73,72,1,1
3693,142,121,21,21
3694,93,70,23,23
3695,69,63,6,6
3696,59,52,7,7
3697,120,115,5,5
3698,52,46,6,6
3699,50,46,4,4
3700,80,82,-2,2
3701,68,62,6,6
3702,73,64,9,9
3703,245,185,60,60
3704,147,137,10,10
3705,75,66,9,9
3706,59,58,1,1
3707,84,72,12,12
3708,92,81,11,11
3709,146,128,18,18
3710,183,171,12,12
3711,64,62,2,2
3712,101,82,19,19
3713,102,93,9,9
3714,117,104,13,13
3715,178,164,14,14
3716,143,110,33,33
3717,68,69,-1,1
3718,90,75,15,15
3719,48,43,5,5
3720,74,66,8,8
3721,63,53,10,10
3722,74,70,4,4
3723,83,79,4,4
3724,89,85,4,4
3725,112,98,14,14
3726,89,88,1,1
3727,71,63,8,8
3728,72,70,2,2
3729,66,59,7,7
3730,173,162,11,11
3731,139,130,9,9
3732,94,94,0,0
3733,48,47,1,1
3734,102,95,7,7
3735,69,65,4,4
3736,67,58,9,9
3737,91,84,7,7
3738,109,104,5,5
3739,39,42,-3,3
3740,146,128,18,18
3741,103,98,5,5
3742,149,139,10,10
3743,78,61,17,17
3744,78,72,6,6
3745,76,62,14,14
3746,81,77,4,4
3747,155,145,10,10
3748,76,71,5,5
3749,113,101,12,12
3750,87,79,8,8
3751,81,67,14,14
3752,82,77,5,5
3753,107,102,5,5
3754,148,135,13,13
3755,57,60,-3,3
3756,73,65,8,8
3757,112,96,16,16
3758,48,44,4,4
3759,77,80,-3,3
3760,142,119,23,23
3761,142,119,23,23
3762,122,114,8,8
3763,67,58,9,9
3764,132,108,24,24
3765,134,140,-6,6
3766,96,77,19,19
3767,70,65,5,5
3768,84,73,11,11
3769,108,90,18,18
3770,159,140,19,19
3771,114,116,-2,2
3772,71,66,5,5
3773,88,87,1,1
3774,95,82,13,13
3775,36,31,5,5
3776,99,94,5,5
3777,54,50,4,4
3778,148,126,22,22
3779,75,60,15,15
3780,64,65,-1,1
3781,170,152,18,18
3782,176,152,24,24
3783,143,119,24,24
3784,108,89,19,19
3785,94,157,-63,63
3786,102,107,-5,5
3787,92,90,2,2
3788,132,128,4,4
3789,84,78,6,6
3790,152,136,16,16
3791,94,76,18,18
3792,103,94,9,9
3793,122,112,10,10
3794,79,76,3,3
3795,81,63,18,18
3796,81,76,5,5
3797,65,54,11,11
3798,90,71,19,19
3799,85,80,5,5
3800,74,69,5,5
3801,110,96,14,14
3802,62,62,0,0
3803,132,121,11,11
3804,94,85,9,9
3805,77,69,8,8
3806,69,70,-1,1
3807,90,80,10,10
3808,58,54,4,4
3809,101,96,5,5
3810,72,69,3,3
3811,49,55,-6,6
3812,120,113,7,7
3813,60,64,-4,4
3814,140,142,-2,2
3815,53,48,5,5
3816,66,60,6,6
3817,60,55,5,5
3818,103,98,5,5
3819,92,86,6,6
3820,158,126,32,32
3821,71,86,-15,15
3822,73,70,3,3
3823,66,65,1,1
3824,149,135,14,14
3825,146,129,17,17
3826,68,55,13,13
3827,108,98,10,10
3828,54,53,1,1
3829,70,63,7,7
3830,98,88,10,10
3831,112,102,10,10
3832,64,57,7,7
3833,96,88,8,8
3834,124,123,1,1
3835,73,69,4,4
3836,75,70,5,5
3837,97,87,10,10
3838,100,92,8,8
3839,153,157,-4,4
3840,145,134,11,11
3841,98,83,15,15
3842,114,95,19,19
3843,111,89,22,22
3844,68,67,1,1
3845,60,59,1,1
3846,87,94,-7,7
3847,74,59,15,15
3848,54,54,0,0
3849,77,67,10,10
3850,63,56,7,7
3851,120,103,17,17
3852,107,87,20,20
3853,75,74,1,1
3854,96,91,5,5
3855,50,39,11,11
3856,152,123,29,29
3857,133,117,16,16
3858,140,133,7,7
3859,63,57,6,6
3860,82,82,0,0
3861,101,104,-3,3
3862,78,69,9,9
3863,101,84,17,17
3864,74,66,8,8
3865,104,91,13,13
3866,97,87,10,10
3867,55,63,-8,8
3868,166,146,20,20
3869,110,89,21,21
3870,76,89,-13,13
3871,81,75,6,6
3872,128,114,14,14
3873,108,98,10,10
3874,68,62,6,6
3875,86,80,6,6
3876,79,73,6,6
3877,65,59,6,6
3878,148,134,14,14
3879,165,138,27,27
3880,96,92,4,4
3881,61,56,5,5
3882,86,70,16,16
3883,65,61,4,4
3884,124,124,0,0
3885,94,83,11,11
3886,55,52,3,3
3887,71,63,8,8
3888,132,111,21,21
3889,55,53,2,2
3890,97,103,-6,6
3891,96,93,3,3
3892,101,86,15,15
3893,100,79,21,21
3894,78,66,12,12
3895,132,126,6,6
3896,73,68,5,5
3897,93,73,20,20
3898,51,43,8,8
3899,136,126,10,10
3900,80,63,17,17
3901,159,154,5,5
3902,151,133,18,18
3903,64,57,7,7
3904,75,70,5,5
3905,151,121,30,30
3906,72,72,0,0
3907,113,89,24,24
3908,88,85,3,3
3909,93,84,9,9
3910,62,62,0,0
3911,59,62,-3,3
3912,104,95,9,9
3913,133,115,18,18
3914,66,69,-3,3
3915,90,89,1,1
3916,98,87,11,11
3917,181,133,48,48
3918,68,57,11,11
3919,81,72,9,9
3920,148,133,15,15
3921,92,76,16,16
3922,109,96,13,13
3923,176,161,15,15
3924,236,186,50,50
3925,112,95,17,17
3926,74,69,5,5
3927,82,67,15,15
3928,78,71,7,7
3929,83,76,7,7
3930,89,84,5,5
3931,95,84,11,11
3932,177,156,21,21
3933,53,58,-5,5
3934,94,94,0,0
3935,104,96,8,8
3936,63,54,9,9
3937,94,83,11,11
3938,95,86,9,9
3939,122,108,14,14
3940,135,118,17,17
3941,170,140,30,30
3942,104,106,-2,2
3943,153,134,19,19
3944,70,89,-19,19
3945,124,105,19,19
3946,81,71,10,10
3947,143,126,17,17
3948,86,87,-1,1
3949,87,76,11,11
3950,92,87,5,5
3951,111,99,12,12
3952,73,68,5,5
3953,83,67,16,16
3954,117,102,15,15
3955,92,82,10,10
3956,70,71,-1,1
3957,107,93,14,14
3958,62,62,0,0
3959,96,86,10,10
3960,93,82,11,11
3961,50,49,1,1
3962,61,55,6,6
3963,118,112,6,6
3964,117,104,13,13
3965,116,100,16,16
3966,183,158,25,25
3967,56,60,-4,4
3968,67,58,9,9
3969,81,68,13,13
3970,117,101,16,16
3971,98,86,12,12
3972,63,56,7,7
3973,62,54,8,8
3974,84,84,0,0
3975,156,141,15,15
3976,105,86,19,19
3977,89,74,15,15
3978,132,122,10,10
3979,106,101,5,5
3980,111,102,9,9
3981,150,144,6,6
3982,95,93,2,2
3983,20,30,-10,10
3984,99,89,10,10
3985,103,94,9,9
3986,73,78,-5,5
3987,83,72,11,11
3988,69,59,10,10
3989,130,118,12,12
3990,106,97,9,9
3991,104,84,20,20
3992,125,121,4,4
3993,121,94,27,27
3994,190,171,19,19
3995,116,108,8,8
3996,87,95,-8,8
3997,71,68,3,3
3998,71,72,-1,1
3999,146,140,6,6
4000,97,90,7,7
4001,98,87,11,11
4002,127,119,8,8
4003,74,69,5,5
4004,47,37,10,10
4005,92,82,10,10
4006,82,69,13,13
4007,118,103,15,15
4008,137,108,29,29
4009,101,88,13,13
4010,51,48,3,3
4011,88,87,1,1
4012,177,145,32,32
4013,82,72,10,10
4014,90,86,4,4
4015,99,86,13,13
4016,83,77,6,6
4017,104,91,13,13
4018,83,69,14,14
4019,57,53,4,4
4020,155,142,13,13
4021,107,87,20,20
4022,72,69,3,3
4023,72,61,11,11
4024,102,96,6,6
4025,90,79,11,11
4026,111,95,16,16
4027,123,104,19,19
4028,46,42,4,4
4029,81,72,9,9
4030,95,71,24,24
4031,125,111,14,14
4032,105,90,15,15
4033,74,66,8,8
4034,166,143,23,23
4035,96,89,7,7
4036,70,61,9,9
4037,56,34,22,22
4038,66,57,9,9
4039,85,78,7,7
4040,46,44,2,2
4041,47,60,-13,13
4042,68,67,1,1
4043,130,120,10,10
4044,141,130,11,11
4045,95,83,12,12
4046,111,91,20,20
4047,50,47,3,3
4048,111,106,5,5
4049,100,96,4,4
4050,72,63,9,9
4051,80,77,3,3
4052,120,101,19,19
4053,180,158,22,22
4054,39,40,-1,1
4055,103,105,-2,2
4056,95,88,7,7
4057,146,142,4,4
4058,110,100,10,10
4059,48,34,14,14
4060,83,92,-9,9
4061,66,73,-7,7
4062,86,80,6,6
4063,79,70,9,9
4064,113,110,3,3
4065,114,101,13,13
4066,86,70,16,16
4067,165,151,14,14
4068,69,70,-1,1
4069,124,116,8,8
4070,103,101,2,2
4071,76,56,20,20
4072,118,106,12,12
4073,157,139,18,18
4074,107,96,11,11
4075,170,134,36,36
4076,58,55,3,3
4077,59,55,4,4
4078,124,107,17,17
4079,142,115,27,27
4080,105,110,-5,5
4081,116,103,13,13
4082,140,124,16,16
4083,92,80,12,12
4084,130,122,8,8
4085,113,101,12,12
4086,129,129,0,0
4087,73,74,-1,1
4088,100,90,10,10
4089,87,89,-2,2
4090,75,67,8,8
4091,87,82,5,5
4092,113,91,22,22
4093,64,60,4,4
4094,83,73,10,10
4095,75,68,7,7
4096,124,119,5,5
4097,87,78,9,9
4098,63,59,4,4
4099,78,68,10,10
4100,86,81,5,5
4101,104,102,2,2
4102,95,90,5,5
4103,119,117,2,2
4104,99,94,5,5
4105,54,54,0,0
4106,73,65,8,8
4107,71,62,9,9
4108,83,73,10,10
4109,182,142,40,40
4110,74,80,-6,6
4111,133,119,14,14
4112,80,70,10,10
4113,98,95,3,3
4114,98,92,6,6
4115,96,83,13,13
4116,84,65,19,19
4117,199,188,11,11
4118,153,132,21,21
4119,121,123,-2,2
4120,104,105,-1,1
4121,79,76,3,3
4122,109,88,21,21
4123,74,73,1,1
4124,48,49,-1,1
4125,127,112,15,15
4126,77,73,4,4
4127,57,60,-3,3
4128,88,77,11,11
4129,76,64,12,12
4130,120,110,10,10
4131,86,83,3,3
4132,62,64,-2,2
4133,60,53,7,7
4134,83,73,10,10
4135,90,81,9,9
4136,69,64,5,5
4137,65,59,6,6
4138,97,84,13,13
4139,107,92,15,15
4140,131,125,6,6
4141,118,101,17,17
4142,107,123,-16,16
4143,72,72,0,0
4144,153,141,12,12
4145,83,74,9,9
4146,55,52,3,3
4147,106,96,10,10
4148,97,99,-2,2
4149,176,156,20,20
4150,139,119,20,20
4151,84,87,-3,3
4152,112,95,17,17
4153,58,62,-4,4
4154,119,106,13,13
4155,75,70,5,5
4156,155,145,10,10
4157,71,58,13,13
4158,150,126,24,24
4159,94,86,8,8
4160,54,57,-3,3
4161,70,67,3,3
4162,125,106,19,19
4163,36,30,6,6
4164,78,75,3,3
4165,96,82,14,14
4166,100,88,12,12
4167,106,93,13,13
4168,129,109,20,20
4169,39,39,0,0
4170,44,41,3,3
4171,97,84,13,13
4172,80,78,2,2
4173,52,47,5,5
4174,102,91,11,11
4175,101,85,16,16
4176,90,80,10,10
4177,151,136,15,15
4178,82,71,11,11
4179,117,103,14,14
4180,63,71,-8,8
4181,135,120,15,15
4182,71,62,9,9
4183,96,99,-3,3
4184,123,112,11,11
4185,75,66,9,9
4186,60,59,1,1
4187,103,95,8,8
4188,59,54,5,5
4189,116,117,-1,1
4190,92,81,11,11
4191,76,58,18,18
4192,53,44,9,9
4193,107,105,2,2
4194,70,65,5,5
4195,101,91,10,10
4196,88,76,12,12
4197,84,78,6,6
4198,26,46,-20,20
4199,107,101,6,6
4200,121,109,12,12
4201,66,63,3,3
4202,75,75,0,0
4203,140,139,1,1
4204,87,78,9,9
4205,57,49,8,8
4206,100,90,10,10
4207,183,151,32,32
4208,131,122,9,9
4209,98,115,-17,17
4210,70,66,4,4
4211,80,70,10,10
4212,112,105,7,7
4213,164,157,7,7
4214,112,91,21,21
4215,49,45,4,4
4216,69,68,1,1
4217,64,66,-2,2
4218,78,78,0,0
4219,116,112,4,4
4220,113,96,17,17
4221,123,116,7,7
4222,101,97,4,4
4223,100,99,1,1
4224,84,75,9,9
4225,114,103,11,11
4226,109,90,19,19
4227,52,45,7,7
4228,115,98,17,17
4229,106,99,7,7
4230,93,83,10,10
4231,69,70,-1,1
4232,149,132,17,17
4233,87,80,7,7
4234,103,91,12,12
4235,106,101,5,5
4236,76,86,-10,10
4237,124,123,1,1
4238,115,110,5,5
4239,82,74,8,8
4240,152,149,3,3
4241,138,124,14,14
4242,196,169,27,27
4243,133,105,28,28
4244,146,129,17,17
4245,105,101,4,4
4246,92,92,0,0
4247,71,61,10,10
4248,97,92,5,5
4249,70,67,3,3
4250,107,108,-1,1
4251,80,76,4,4
4252,63,71,-8,8
4253,75,67,8,8
4254,75,70,5,5
4255,75,69,6,6
4256,104,85,19,19
4257,152,130,22,22
4258,71,60,11,11
4259,107,94,13,13
4260,161,140,21,21
4261,71,72,-1,1
4262,91,77,14,14
4263,98,85,13,13
4264,108,100,8,8
4265,78,67,11,11
4266,116,111,5,5
4267,108,87,21,21
4268,81,76,5,5
4269,65,66,-1,1
4270,111,105,6,6
4271,70,64,6,6
4272,55,52,3,3
4273,102,90,12,12
4274,102,94,8,8
4275,56,51,5,5
4276,100,81,19,19
4277,47,40,7,7
4278,145,126,19,19
4279,108,95,13,13
4280,143,130,13,13
4281,123,110,13,13
4282,172,153,19,19
4283,60,61,-1,1
4284,105,90,15,15
4285,46,41,5,5
4286,80,60,20,20
4287,114,111,3,3
4288,189,172,17,17
4289,82,69,13,13
4290,126,115,11,11
4291,157,133,24,24
4292,147,163,-16,16
4293,27,58,-31,31
4294,79,66,13,13
4295,75,67,8,8
4296,65,56,9,9
4297,68,60,8,8
4298,126,112,14,14
4299,133,119,14,14
4300,101,81,20,20
4301,80,71,9,9
4302,103,88,15,15
4303,95,84,11,11
4304,103,98,5,5
4305,113,101,12,12
4306,42,35,7,7
4307,85,80,5,5
4308,82,79,3,3
4309,104,95,9,9
4310,85,70,15,15
4311,107,81,26,26
4312,78,67,11,11
4313,66,58,8,8
4314,108,97,11,11
4315,90,90,0,0
4316,88,81,7,7
4317,59,54,5,5
4318,79,69,10,10
4319,69,63,6,6
4320,135,124,11,11
4321,96,102,-6,6
4322,148,135,13,13
4323,31,36,-5,5
4324,65,68,-3,3
4325,86,78,8,8
4326,47,41,6,6
4327,83,71,12,12
4328,170,165,5,5
4329,63,57,6,6
4330,110,98,12,12
4331,182,156,26,26
4332,141,132,9,9
4333,94,90,4,4
4334,81,74,7,7
4335,87,81,6,6
4336,131,119,12,12
4337,117,93,24,24
4338,64,55,9,9
4339,150,156,-6,6
4340,93,90,3,3
4341,88,79,9,9
4342,90,85,5,5
4343,86,84,2,2
4344,96,101,-5,5
4345,173,149,24,24
4346,104,91,13,13
4347,44,49,-5,5
4348,81,68,13,13
4349,71,59,12,12
4350,77,57,20,20
4351,82,65,17,17
4352,196,169,27,27
4353,126,111,15,15
4354,100,91,9,9
4355,159,140,19,19
4356,61,63,-2,2
4357,54,57,-3,3
4358,73,64,9,9
4359,73,72,1,1
4360,88,73,15,15
4361,136,123,13,13
4362,94,85,9,9
4363,164,167,-3,3
4364,100,93,7,7
4365,126,110,16,16
4366,50,46,4,4
4367,79,75,4,4
4368,94,106,-12,12
4369,110,108,2,2
4370,144,126,18,18
4371,62,54,8,8
4372,92,87,5,5
4373,59,57,2,2
4374,279,223,56,56
4375,149,131,18,18
4376,61,69,-8,8
4377,72,80,-8,8
4378,64,60,4,4
4379,142,127,15,15
4380,56,50,6,6
4381,140,135,5,5
4382,221,190,31,31
4383,111,94,17,17
4384,93,81,12,12
4385,110,102,8,8
4386,83,66,17,17
4387,65,69,-4,4
4388,154,141,13,13
4389,92,79,13,13
4390,144,124,20,20
4391,102,95,7,7
4392,131,114,17,17
4393,98,85,13,13
4394,104,92,12,12
4395,95,88,7,7
4396,108,103,5,5
4397,89,79,10,10
4398,139,133,6,6
4399,116,99,17,17
4400,58,56,2,2
4401,140,132,8,8
4402,89,81,8,8
4403,103,94,9,9
4404,67,77,-10,10
4405,62,56,6,6
4406,162,150,12,12
4407,77,69,8,8
4408,99,95,4,4
4409,92,72,20,20
4410,105,97,8,8
4411,99,88,11,11
4412,82,89,-7,7
4413,139,120,19,19
4414,99,88,11,11
4415,82,78,4,4
4416,95,89,6,6
4417,101,89,12,12
4418,85,83,2,2
4419,102,92,10,10
4420,133,125,8,8
4421,76,69,7,7
4422,126,116,10,10
4423,101,91,10,10
4424,119,96,23,23
4425,152,147,5,5
4426,136,112,24,24
4427,87,77,10,10
4428,116,90,26,26
4429,60,57,3,3
4430,96,85,11,11
4431,76,72,4,4
4432,128,112,16,16
4433,85,79,6,6
4434,84,80,4,4
4435,153,130,23,23
4436,72,59,13,13
4437,73,60,13,13
4438,108,89,19,19
4439,73,68,5,5
4440,94,83,11,11
4441,86,75,11,11
4442,89,76,13,13
4443,56,52,4,4
4444,195,169,26,26
4445,70,62,8,8
4446,64,58,6,6
4447,96,81,15,15
4448,103,99,4,4
4449,131,118,13,13
4450,93,82,11,11
4451,122,114,8,8
4452,54,51,3,3
4453,67,69,-2,2
4454,66,56,10,10
4455,110,104,6,6
4456,108,96,12,12
4457,119,113,6,6
4458,80,61,19,19
4459,60,61,-1,1
4460,88,75,13,13
4461,123,98,25,25
4462,59,55,4,4
4463,103,84,19,19
4464,93,84,9,9
4465,90,81,9,9
4466,157,141,16,16
4467,94,84,10,10
4468,79,58,21,21
4469,131,122,9,9
4470,50,45,5,5
4471,111,98,13,13
4472,106,101,5,5
4473,104,93,11,11
4474,94,91,3,3
4475,71,61,10,10
4476,168,138,30,30
4477,102,105,-3,3
4478,58,59,-1,1
4479,49,47,2,2
4480,96,82,14,14
4481,74,69,5,5
4482,135,124,11,11
4483,171,151,20,20
4484,70,67,3,3
4485,118,114,4,4
4486,90,73,17,17
4487,101,111,-10,10
4488,97,88,9,9
4489,107,92,15,15
4490,87,76,11,11
4491,43,41,2,2
4492,79,70,9,9
4493,106,90,16,16
4494,39,35,4,4
4495,178,152,26,26
4496,74,74,0,0
4497,36,35,1,1
4498,68,64,4,4
4499,114,92,22,22
4500,80,76,4,4
4501,109,111,-2,2
4502,128,113,15,15
4503,87,89,-2,2
4504,110,94,16,16
4505,100,86,14,14
4506,128,118,10,10
4507,136,126,10,10
4508,129,117,12,12
4509,122,116,6,6
4510,102,90,12,12
4511,109,101,8,8
4512,58,57,1,1
4513,122,107,15,15
4514,90,80,10,10
4515,57,46,11,11
4516,107,95,12,12
4517,168,152,16,16
4518,98,92,6,6
4519,120,103,17,17
4520,74,68,6,6
4521,88,77,11,11
4522,96,77,19,19
4523,64,65,-1,1
4524,55,53,2,2
4525,94,85,9,9
4526,148,128,20,20
4527,92,96,-4,4
4528,95,98,-3,3
4529,110,97,13,13
4530,83,69,14,14
4531,139,121,18,18
4532,108,88,20,20
4533,78,72,6,6
4534,78,74,4,4
4535,98,87,11,11
4536,104,93,11,11
4537,68,59,9,9
4538,103,97,6,6
4539,66,48,18,18
4540,100,89,11,11
4541,123,113,10,10
4542,74,70,4,4
4543,136,117,19,19
4544,47,44,3,3
4545,92,82,10,10
4546,122,105,17,17
4547,125,121,4,4
4548,122,99,23,23
4549,61,56,5,5
4550,82,91,-9,9
4551,112,101,11,11
4552,48,41,7,7
4553,146,139,7,7
4554,67,54,13,13
4555,115,102,13,13
4556,165,156,9,9
4557,87,89,-2,2
4558,40,35,5,5
4559,55,44,11,11
4560,127,109,18,18
4561,70,64,6,6
4562,99,95,4,4
4563,45,44,1,1
4564,95,83,12,12
4565,80,75,5,5
4566,47,48,-1,1
4567,99,108,-9,9
4568,118,109,9,9
4569,104,98,6,6
4570,75,70,5,5
4571,90,80,10,10
4572,82,78,4,4
4573,163,139,24,24
4574,93,80,13,13
4575,166,165,1,1
4576,69,63,6,6
4577,122,126,-4,4
4578,148,137,11,11
4579,56,49,7,7
4580,66,55,11,11
4581,83,83,0,0
4582,63,55,8,8
4583,108,94,14,14
4584,123,98,25,25
4585,161,161,0,0
4586,83,95,-12,12
4587,49,42,7,7
4588,78,71,7,7
4589,101,94,7,7
4590,38,33,5,5
4591,98,88,10,10
4592,174,143,31,31
4593,75,71,4,4
4594,56,52,4,4
4595,138,118,20,20
4596,38,34,4,4
4597,51,46,5,5
4598,69,59,10,10
4599,98,94,4,4
4600,87,80,7,7
4601,88,78,10,10
4602,156,147,9,9
4603,140,126,14,14
4604,92,87,5,5
4605,49,49,0,0
4606,82,80,2,2
4607,217,223,-6,6
4608,99,93,6,6
4609,110,92,18,18
4610,79,75,4,4
4611,69,59,10,10
4612,87,67,20,20
4613,84,72,12,12
4614,77,65,12,12
4615,78,67,11,11
4616,100,96,4,4
4617,112,103,9,9
4618,130,114,16,16
4619,137,112,25,25
4620,125,106,19,19
4621,86,82,4,4
4622,152,132,20,20
4623,96,93,3,3
4624,111,105,6,6
4625,99,98,1,1
4626,56,48,8,8
4627,211,193,18,18
4628,109,110,-1,1
4629,137,123,14,14
4630,74,72,2,2
4631,120,113,7,7
4632,81,77,4,4
4633,71,65,6,6
4634,88,76,12,12
4635,111,96,15,15
4636,197,177,20,20
4637,85,74,11,11
4638,112,103,9,9
4639,44,55,-11,11
4640,86,81,5,5
4641,72,73,-1,1
4642,59,56,3,3
4643,82,83,-1,1
4644,69,60,9,9
4645,91,76,15,15
4646,142,130,12,12
4647,84,59,25,25
4648,81,74,7,7
4649,101,91,10,10
4650,190,158,32,32
4651,107,93,14,14
4652,119,112,7,7
4653,77,68,9,9
4654,152,137,15,15
4655,64,47,17,17
4656,77,70,7,7
4657,51,45,6,6
4658,77,72,5,5
4659,84,78,6,6
4660,60,55,5,5
4661,107,94,13,13
4662,87,93,-6,6
4663,116,118,-2,2
4664,160,133,27,27
4665,116,105,11,11
4666,84,70,14,14
4667,113,107,6,6
4668,105,97,8,8
4669,55,45,10,10
4670,91,88,3,3
4671,113,95,18,18
4672,62,53,9,9
4673,75,67,8,8
4674,45,41,4,4
4675,177,152,25,25
4676,131,128,3,3
4677,112,102,10,10
4678,127,123,4,4
4679,146,116,30,30
4680,138,128,10,10
4681,93,88,5,5
4682,65,65,0,0
4683,168,159,9,9
4684,112,114,-2,2
4685,149,129,20,20
4686,140,133,7,7
4687,94,86,8,8
4688,141,126,15,15
4689,75,72,3,3
4690,134,116,18,18
4691,95,77,18,18
4692,119,96,23,23
4693,95,91,4,4
4694,65,62,3,3
4695,95,90,5,5
4696,97,89,8,8
4697,132,122,10,10
4698,87,78,9,9
4699,124,92,32,32
4700,115,108,7,7
4701,45,41,4,4
4702,110,96,14,14
4703,57,56,1,1
4704,126,94,32,32
4705,50,45,5,5
4706,132,123,9,9
4707,71,62,9,9
4708,88,73,15,15
4709,91,94,-3,3
4710,79,71,8,8
4711,47,38,9,9
4712,103,101,2,2
4713,38,34,4,4
4714,68,55,13,13
4715,130,111,19,19
4716,157,142,15,15
4717,99,89,10,10
4718,62,53,9,9
4719,79,71,8,8
4720,74,69,5,5
4721,154,127,27,27
4722,36,52,-16,16
4723,81,74,7,7
4724,69,62,7,7
4725,39,37,2,2
4726,106,94,12,12
4727,141,124,17,17
4728,71,66,5,5
4729,108,97,11,11
4730,142,126,16,16
4731,43,42,1,1
4732,109,106,3,3
4733,72,66,6,6
4734,110,96,14,14
4735,84,85,-1,1
4736,88,76,12,12
4737,156,135,21,21
4738,106,101,5,5
4739,160,145,15,15
4740,105,92,13,13
4741,231,198,33,33
4742,111,95,16,16
4743,53,53,0,0
4744,124,121,3,3
4745,105,98,7,7
4746,144,137,7,7
4747,83,83,0,0
4748,81,74,7,7
4749,96,90,6,6
4750,143,125,18,18
4751,118,102,16,16
4752,77,72,5,5
4753,116,109,7,7
4754,116,74,42,42
4755,76,71,5,5
4756,73,68,5,5
4757,92,78,14,14
4758,89,75,14,14
4759,58,51,7,7
4760,70,63,7,7
4761,134,120,14,14
4762,73,74,-1,1
4763,139,123,16,16
4764,59,58,1,1
4765,59,57,2,2
4766,72,66,6,6
4767,81,75,6,6
4768,96,86,10,10
4769,190,167,23,23
4770,131,113,18,18
4771,188,177,11,11
4772,141,139,2,2
4773,103,92,11,11
4774,65,71,-6,6
4775,86,78,8,8
4776,64,58,6,6
4777,115,112,3,3
4778,58,64,-6,6
4779,150,132,18,18
4780,70,68,2,2
4781,91,82,9,9
4782,104,93,11,11
4783,78,75,3,3
4784,57,52,5,5
4785,117,99,18,18
4786,82,74,8,8
4787,50,49,1,1
4788,76,72,4,4
4789,64,58,6,6
4790,140,129,11,11
4791,88,86,2,2
4792,41,37,4,4
4793,56,61,-5,5
4794,161,154,7,7
4795,107,79,28,28
4796,94,86,8,8
4797,71,58,13,13
4798,163,139,24,24
4799,99,83,16,16
4800,30,28,2,2
4801,99,80,19,19
4802,161,129,32,32
4803,82,76,6,6
4804,92,82,10,10
4805,152,123,29,29
4806,131,103,28,28
4807,99,85,14,14
4808,50,47,3,3
4809,80,77,3,3
4810,99,88,11,11
4811,69,62,7,7
4812,67,69,-2,2
4813,143,112,31,31
4814,68,62,6,6
4815,65,65,0,0
4816,94,88,6,6
4817,55,52,3,3
4818,94,84,10,10
4819,45,46,-1,1
4820,140,127,13,13
4821,65,56,9,9
4822,62,56,6,6
4823,94,88,6,6
4824,129,116,13,13
4825,123,116,7,7
4826,80,71,9,9
4827,86,74,12,12
4828,112,105,7,7
4829,89,80,9,9
4830,72,62,10,10
4831,65,64,1,1
4832,90,84,6,6
4833,71,73,-2,2
4834,107,103,4,4
4835,140,127,13,13
4836,57,55,2,2
4837,104,95,9,9
4838,56,63,-7,7
4839,103,91,12,12
4840,104,94,10,10
4841,78,72,6,6
4842,126,112,14,14
4843,101,85,16,16
4844,85,85,0,0
4845,72,58,14,14
4846,57,56,1,1
4847,51,57,-6,6
4848,102,96,6,6
4849,85,80,5,5
4850,71,62,9,9
4851,87,77,10,10
4852,74,68,6,6
4853,104,92,12,12
4854,102,94,8,8
4855,181,153,28,28
4856,130,117,13,13
4857,75,79,-4,4
4858,102,91,11,11
4859,56,55,1,1
4860,72,69,3,3
4861,90,87,3,3
4862,66,65,1,1
4863,82,72,10,10
4864,139,143,-4,4
4865,97,72,25,25
4866,83,77,6,6
4867,71,72,-1,1
4868,81,68,13,13
4869,80,64,16,16
4870,152,139,13,13
4871,54,51,3,3
4872,51,48,3,3
4873,142,116,26,26
4874,134,130,4,4
4875,253,245,8,8
4876,85,94,-9,9
4877,274,212,62,62
4878,180,148,32,32
4879,85,84,1,1
4880,68,71,-3,3
4881,126,114,12,12
4882,147,131,16,16
4883,67,62,5,5
4884,58,58,0,0
4885,146,135,11,11
4886,170,162,8,8
4887,80,80,0,0
4888,117,108,9,9
4889,72,65,7,7
4890,52,53,-1,1
4891,92,84,8,8
4892,88,77,11,11
4893,106,98,8,8
4894,93,84,9,9
4895,151,134,17,17
4896,90,80,10,10
4897,71,66,5,5
4898,63,59,4,4
4899,171,144,27,27
4900,83,67,16,16
4901,125,109,16,16
4902,123,103,20,20
4903,119,102,17,17
4904,100,88,12,12
4905,97,102,-5,5
4906,82,67,15,15
4907,104,102,2,2
4908,84,73,11,11
4909,133,128,5,5
4910,66,61,5,5
4911,328,260,68,68
4912,66,63,3,3
4913,129,110,19,19
4914,60,56,4,4
4915,107,113,-6,6
4916,88,73,15,15
4917,92,100,-8,8
4918,97,75,22,22
4919,95,88,7,7
4920,176,146,30,30
4921,93,84,9,9
4922,124,120,4,4
4923,80,68,12,12
4924,117,103,14,14
4925,92,79,13,13
4926,137,108,29,29
4927,160,145,15,15
4928,114,104,10,10
4929,78,66,12,12
4930,73,69,4,4
4931,62,54,8,8
4932,85,81,4,4
4933,52,50,2,2
4934,53,54,-1,1
4935,98,70,28,28
4936,92,84,8,8
4937,100,91,9,9
4938,114,100,14,14
4939,139,128,11,11
4940,76,71,5,5
4941,119,104,15,15
4942,41,45,-4,4
4943,53,45,8,8
4944,268,247,21,21
4945,66,60,6,6
4946,130,111,19,19
4947,115,101,14,14
4948,157,150,7,7
4949,50,54,-4,4
4950,75,65,10,10
4951,79,66,13,13
4952,85,76,9,9
4953,42,61,-19,19
4954,85,72,13,13
4955,95,87,8,8
4956,72,71,1,1
4957,90,93,-3,3
4958,81,71,10,10
4959,109,102,7,7
4960,146,142,4,4
4961,131,113,18,18
4962,138,119,19,19
4963,32,37,-5,5
4964,86,77,9,9
4965,76,75,1,1
4966,73,73,0,0
4967,132,119,13,13
4968,136,126,10,10
4969,36,38,-2,2
4970,40,42,-2,2
4971,62,53,9,9
4972,99,97,2,2
4973,63,66,-3,3
4974,90,73,17,17
4975,63,70,-7,7
4976,63,62,1,1
4977,73,78,-5,5
4978,73,69,4,4
4979,120,110,10,10
4980,161,139,22,22
4981,74,65,9,9
4982,74,63,11,11
4983,49,48,1,1
4984,157,131,26,26
4985,123,110,13,13
4986,91,77,14,14
4987,115,93,22,22
4988,85,77,8,8
4989,66,61,5,5
4990,102,88,14,14
4991,98,87,11,11
4992,100,86,14,14
4993,105,112,-7,7
4994,84,87,-3,3
4995,95,82,13,13
4996,108,90,18,18
4997,62,53,9,9
4998,116,110,6,6
4999,79,66,13,13
5000,73,58,15,15
5001,50,55,-5,5
5002,97,81,16,16
5003,145,117,28,28
5004,152,130,22,22
5005,134,114,20,20
5006,110,93,17,17
5007,114,100,14,14
5008,72,61,11,11
5009,113,102,11,11
5010,58,61,-3,3
5011,50,45,5,5
5012,29,34,-5,5
5013,71,62,9,9
5014,90,86,4,4
5015,140,122,18,18
5016,123,109,14,14
5017,131,113,18,18
5018,50,45,5,5
5019,82,73,9,9
5020,77,76,1,1
5021,98,82,16,16
5022,83,68,15,15
5023,88,72,16,16
5024,122,103,19,19
5025,87,76,11,11
5026,107,99,8,8
5027,75,73,2,2
5028,89,85,4,4
5029,124,119,5,5
5030,105,93,12,12
5031,62,55,7,7
5032,125,106,19,19
5033,94,85,9,9
5034,91,87,4,4
5035,74,77,-3,3
5036,82,86,-4,4
5037,60,53,7,7
5038,69,65,4,4
5039,132,117,15,15
5040,76,68,8,8
5041,169,159,10,10
5042,101,93,8,8
5043,167,154,13,13
5044,79,73,6,6
5045,78,83,-5,5
5046,61,56,5,5
5047,137,113,24,24
5048,116,96,20,20
5049,77,75,2,2
5050,76,71,5,5
5051,157,155,2,2
5052,90,92,-2,2
5053,79,65,14,14
5054,131,107,24,24
5055,118,110,8,8
5056,110,89,21,21
5057,151,125,26,26
5058,159,149,10,10
5059,95,89,6,6
5060,78,71,7,7
5061,107,104,3,3
5062,131,116,15,15
5063,87,82,5,5
5064,42,42,0,0
5065,66,63,3,3
5066,101,95,6,6
5067,140,124,16,16
5068,66,57,9,9
5069,43,41,2,2
5070,100,91,9,9
5071,120,98,22,22
5072,76,58,18,18
5073,121,124,-3,3
5074,78,71,7,7
5075,121,109,12,12
5076,51,49,2,2
5077,101,98,3,3
5078,136,123,13,13
5079,107,110,-3,3
5080,106,100,6,6
5081,116,103,13,13
5082,89,80,9,9
5083,65,60,5,5
5084,154,131,23,23
5085,130,112,18,18
5086,98,80,18,18
5087,75,79,-4,4
5088,81,73,8,8
5089,82,79,3,3
5090,86,84,2,2
5091,93,89,4,4
5092,73,71,2,2
5093,76,71,5,5
5094,166,149,17,17
5095,98,90,8,8
5096,120,95,25,25
5097,67,64,3,3
5098,81,73,8,8
5099,170,153,17,17
5100,40,45,-5,5
5101,101,89,12,12
5102,80,70,10,10
5103,121,96,25,25
5104,58,49,9,9
5105,115,99,16,16
5106,63,56,7,7
5107,87,82,5,5
5108,148,141,7,7
5109,102,93,9,9
5110,79,70,9,9
5111,118,98,20,20
5112,92,84,8,8
5113,110,101,9,9
5114,131,120,11,11
5115,139,137,2,2
5116,68,67,1,1
5117,122,114,8,8
5118,140,121,19,19
5119,124,110,14,14
5120,103,87,16,16
5121,59,66,-7,7
5122,80,76,4,4
5123,131,115,16,16
5124,104,91,13,13
5125,155,134,21,21
5126,89,83,6,6
5127,68,72,-4,4
5128,79,72,7,7
5129,110,99,11,11
5130,54,51,3,3
5131,121,125,-4,4
5132,101,94,7,7
5133,109,107,2,2
5134,100,89,11,11
5135,132,119,13,13
5136,71,66,5,5
5137,89,82,7,7
5138,92,81,11,11
5139,91,82,9,9
5140,117,98,19,19
5141,100,89,11,11
5142,118,100,18,18
5143,160,122,38,38
5144,121,103,18,18
5145,88,88,0,0
5146,152,141,11,11
5147,56,49,7,7
5148,51,63,-12,12
5149,110,86,24,24
5150,79,79,0,0
5151,68,69,-1,1
5152,52,51,1,1
5153,129,121,8,8
5154,81,68,13,13
5155,39,37,2,2
5156,55,107,-52,52
5157,53,51,2,2
5158,92,87,5,5
5159,72,69,3,3
5160,103,95,8,8
5161,141,118,23,23
5162,82,79,3,3
5163,69,68,1,1
5164,168,152,16,16
5165,65,64,1,1
5166,76,73,3,3
5167,104,94,10,10
5168,89,82,7,7
5169,101,98,3,3
5170,53,52,1,1
5171,105,94,11,11
5172,90,78,12,12
5173,116,100,16,16
5174,137,121,16,16
5175,126,102,24,24
5176,43,36,7,7
5177,65,64,1,1
5178,76,67,9,9
5179,104,89,15,15
5180,88,72,16,16
5181,75,66,9,9
5182,82,74,8,8
5183,40,49,-9,9
5184,77,70,7,7
5185,66,61,5,5
5186,154,129,25,25
5187,86,75,11,11
5188,112,112,0,0
5189,93,88,5,5
5190,130,139,-9,9
5191,177,156,21,21
5192,148,126,22,22
5193,80,75,5,5
5194,58,49,9,9
5195,115,99,16,16
5196,118,102,16,16
5197,66,58,8,8
5198,161,146,15,15
5199,80,75,5,5
5200,105,91,14,14
5201,56,49,7,7
5202,66,64,2,2
5203,93,83,10,10
5204,105,91,14,14
5205,96,88,8,8
5206,62,54,8,8
5207,68,71,-3,3
5208,83,73,10,10
5209,110,99,11,11
5210,109,101,8,8
5211,147,127,20,20
5212,68,54,14,14
5213,121,102,19,19
5214,128,125,3,3
5215,136,127,9,9
5216,110,91,19,19
5217,84,67,17,17
5218,93,84,9,9
5219,68,65,3,3
5220,88,81,7,7
5221,89,83,6,6
5222,134,126,8,8
5223,128,118,10,10
5224,79,70,9,9
5225,66,59,7,7
5226,58,48,10,10
5227,58,68,-10,10
5228,69,63,6,6
5229,56,54,2,2
5230,85,82,3,3
5231,73,68,5,5
5232,97,85,12,12
5233,100,76,24,24
5234,82,64,18,18
5235,65,59,6,6
5236,90,89,1,1
5237,66,72,-6,6
5238,58,51,7,7
5239,62,95,-33,33
5240,50,45,5,5
5241,84,73,11,11
5242,82,77,5,5
5243,147,142,5,5
5244,91,78,13,13
5245,95,85,10,10
5246,121,107,14,14
5247,56,55,1,1
5248,54,50,4,4
5249,103,93,10,10
5250,86,66,20,20
5251,85,75,10,10
5252,97,71,26,26
5253,92,73,19,19
5254,59,56,3,3
5255,115,104,11,11
5256,116,105,11,11
5257,101,92,9,9
5258,120,86,34,34
5259,164,139,25,25
5260,55,45,10,10
5261,91,85,6,6
5262,75,71,4,4
5263,121,113,8,8
5264,57,55,2,2
5265,38,44,-6,6
5266,92,75,17,17
5267,67,61,6,6
5268,120,109,11,11
5269,83,75,8,8
5270,138,130,8,8
5271,169,145,24,24
5272,59,62,-3,3
5273,47,47,0,0
5274,46,43,3,3
5275,123,121,2,2
5276,142,127,15,15
5277,80,80,0,0
5278,31,36,-5,5
5279,128,119,9,9
5280,112,91,21,21
5281,98,95,3,3
5282,55,54,1,1
5283,110,91,19,19
5284,91,87,4,4
5285,112,86,26,26
5286,115,103,12,12
5287,73,62,11,11
5288,106,98,8,8
5289,93,85,8,8
5290,166,153,13,13
5291,128,125,3,3
5292,112,101,11,11
5293,89,74,15,15
5294,74,69,5,5
5295,106,113,-7,7
5296,72,69,3,3
5297,78,69,9,9
5298,92,86,6,6
5299,140,119,21,21
5300,103,89,14,14
5301,102,105,-3,3
5302,63,68,-5,5
5303,169,150,19,19
5304,78,72,6,6
5305,132,120,12,12
5306,50,48,2,2
5307,127,105,22,22
5308,138,104,34,34
5309,61,50,11,11
5310,87,80,7,7
5311,109,104,5,5
5312,77,72,5,5
5313,92,94,-2,2
5314,84,74,10,10
5315,140,113,27,27
5316,79,79,0,0
5317,87,76,11,11
5318,76,68,8,8
5319,54,47,7,7
5320,77,81,-4,4
5321,28,53,-25,25
5322,85,66,19,19
5323,41,35,6,6
5324,78,77,1,1
5325,117,97,20,20
5326,99,94,5,5
5327,130,118,12,12
5328,58,55,3,3
5329,76,66,10,10
5330,72,69,3,3
5331,72,66,6,6
5332,130,109,21,21
5333,85,84,1,1
5334,74,73,1,1
5335,117,99,18,18
5336,105,103,2,2
5337,114,100,14,14
5338,94,84,10,10
5339,127,111,16,16
5340,100,87,13,13
5341,100,95,5,5
5342,114,98,16,16
5343,137,135,2,2
5344,141,123,18,18
5345,186,160,26,26
5346,49,47,2,2
5347,71,65,6,6
5348,144,132,12,12
5349,108,81,27,27
5350,102,82,20,20
5351,129,115,14,14
5352,123,111,12,12
5353,48,48,0,0
5354,70,60,10,10
5355,81,74,7,7
5356,72,69,3,3
5357,76,71,5,5
5358,114,114,0,0
5359,130,116,14,14
5360,113,110,3,3
5361,57,54,3,3
5362,77,71,6,6
5363,117,105,12,12
5364,79,67,12,12
5365,87,84,3,3
5366,99,88,11,11
5367,211,186,25,25
5368,92,74,18,18
5369,119,103,16,16
5370,54,55,-1,1
5371,111,97,14,14
5372,67,60,7,7
5373,185,177,8,8
5374,68,69,-1,1
5375,190,153,37,37
5376,124,113,11,11
5377,80,78,2,2
5378,78,72,6,6
5379,92,94,-2,2
5380,70,63,7,7
5381,51,60,-9,9
5382,89,85,4,4
5383,82,81,1,1
5384,83,73,10,10
5385,204,180,24,24
5386,114,101,13,13
5387,62,54,8,8
5388,100,81,19,19
5389,143,148,-5,5
5390,89,78,11,11
5391,123,121,2,2
5392,150,136,14,14
5393,135,101,34,34
5394,114,111,3,3
5395,94,94,0,0
5396,158,137,21,21
5397,58,64,-6,6
5398,94,84,10,10
5399,59,51,8,8
5400,81,89,-8,8
5401,70,64,6,6
5402,79,73,6,6
5403,49,50,-1,1
5404,85,74,11,11
5405,85,74,11,11
5406,55,49,6,6
5407,97,91,6,6
5408,95,88,7,7
5409,129,111,18,18
5410,53,53,0,0
5411,109,104,5,5
5412,92,87,5,5
5413,122,91,31,31
5414,102,95,7,7
5415,98,98,0,0
5416,68,69,-1,1
5417,108,95,13,13
5418,92,80,12,12
5419,95,84,11,11
5420,65,59,6,6
5421,27,29,-2,2
5422,62,53,9,9
5423,109,97,12,12
5424,72,67,5,5
5425,58,53,5,5
5426,121,103,18,18
5427,101,89,12,12
5428,63,61,2,2
5429,38,32,6,6
5430,145,129,16,16
5431,103,97,6,6
5432,215,209,6,6
5433,122,104,18,18
5434,90,86,4,4
5435,67,61,6,6
5436,98,94,4,4
5437,106,105,1,1
5438,119,111,8,8
5439,93,86,7,7
5440,48,53,-5,5
5441,87,80,7,7
5442,108,104,4,4
5443,72,61,11,11
5444,124,113,11,11
5445,114,103,11,11
5446,43,36,7,7
5447,109,96,13,13
5448,99,95,4,4
5449,116,98,18,18
5450,72,83,-11,11
5451,122,120,2,2
5452,98,87,11,11
5453,144,143,1,1
5454,78,66,12,12
5455,70,61,9,9
5456,114,98,16,16
5457,137,123,14,14
5458,113,97,16,16
5459,115,96,19,19
5460,85,78,7,7
5461,63,53,10,10
5462,114,107,7,7
5463,88,81,7,7
5464,125,105,20,20
5465,116,107,9,9
5466,150,110,40,40
5467,78,71,7,7
5468,75,67,8,8
5469,81,79,2,2
5470,116,120,-4,4
5471,64,52,12,12
5472,93,87,6,6
5473,96,79,17,17
5474,147,140,7,7
5475,77,68,9,9
5476,139,127,12,12
5477,64,57,7,7
5478,82,70,12,12
5479,70,64,6,6
5480,142,129,13,13
5481,99,87,12,12
5482,64,61,3,3
5483,80,80,0,0
5484,69,57,12,12
5485,64,58,6,6
5486,99,90,9,9
5487,120,101,19,19
5488,80,68,12,12
5489,145,134,11,11
5490,161,144,17,17
5491,86,85,1,1
5492,123,113,10,10
5493,91,82,9,9
5494,147,126,21,21
5495,92,80,12,12
5496,79,74,5,5
5497,144,121,23,23
5498,72,65,7,7
5499,91,94,-3,3
5500,162,148,14,14
5501,76,77,-1,1
5502,82,78,4,4
5503,63,62,1,1
5504,71,67,4,4
5505,74,67,7,7
5506,152,133,19,19
5507,102,95,7,7
5508,70,61,9,9
5509,46,44,2,2
5510,85,88,-3,3
5511,81,75,6,6
5512,85,78,7,7
5513,108,91,17,17
5514,124,111,13,13
5515,81,78,3,3
5516,97,116,-19,19
5517,137,129,8,8
5518,125,108,17,17
5519,90,89,1,1
5520,83,70,13,13
5521,89,81,8,8
5522,124,106,18,18
5523,101,81,20,20
5524,103,95,8,8
5525,61,56,5,5
5526,85,70,15,15
5527,102,93,9,9
5528,83,87,-4,4
5529,91,88,3,3
5530,131,94,37,37
5531,150,125,25,25
5532,107,97,10,10
5533,115,106,9,9
5534,126,114,12,12
5535,129,118,11,11
5536,95,82,13,13
5537,143,120,23,23
5538,115,108,7,7
5539,85,75,10,10
5540,164,144,20,20
5541,95,86,9,9
5542,137,133,4,4
5543,121,104,17,17
5544,83,74,9,9
5545,115,114,1,1
5546,154,147,7,7
5547,115,105,10,10
5548,88,74,14,14
5549,116,111,5,5
5550,119,91,28,28
5551,30,30,0,0
5552,100,84,16,16
5553,132,128,4,4
5554,186,161,25,25
5555,82,78,4,4
5556,176,134,42,42
5557,107,93,14,14
5558,89,75,14,14
5559,94,88,6,6
5560,51,42,9,9
5561,138,130,8,8
5562,78,73,5,5
5563,59,56,3,3
5564,58,52,6,6
5565,67,60,7,7
5566,79,68,11,11
5567,54,50,4,4
5568,62,58,4,4
5569,83,75,8,8
5570,75,75,0,0
5571,115,104,11,11
5572,114,105,9,9
5573,126,103,23,23
5574,88,91,-3,3
5575,69,58,11,11
5576,38,47,-9,9
5577,71,63,8,8
5578,66,55,11,11
5579,62,55,7,7
5580,75,62,13,13
5581,59,53,6,6
5582,97,96,1,1
5583,81,83,-2,2
5584,69,73,-4,4
5585,81,70,11,11
5586,101,94,7,7
5587,97,82,15,15
5588,60,66,-6,6
5589,119,104,15,15
5590,113,126,-13,13
5591,130,107,23,23
5592,61,61,0,0
5593,166,145,21,21
5594,51,51,0,0
5595,140,122,18,18
5596,109,106,3,3
5597,115,109,6,6
5598,112,98,14,14
5599,89,81,8,8
5600,65,61,4,4
5601,97,93,4,4
5602,81,79,2,2
5603,59,55,4,4
5604,52,48,4,4
5605,74,79,-5,5
5606,76,73,3,3
5607,111,70,41,41
5608,112,103,9,9
5609,66,60,6,6
5610,96,83,13,13
5611,61,59,2,2
5612,162,142,20,20
5613,120,104,16,16
5614,68,74,-6,6
5615,61,67,-6,6
5616,110,99,11,11
5617,114,110,4,4
5618,41,38,3,3
5619,63,51,12,12
5620,77,66,11,11
5621,92,77,15,15
5622,80,70,10,10
5623,40,40,0,0
5624,56,53,3,3
5625,72,66,6,6
5626,123,103,20,20
5627,77,67,10,10
5628,107,98,9,9
5629,112,102,10,10
5630,72,71,1,1
5631,99,97,2,2
5632,118,105,13,13
5633,77,67,10,10
5634,139,124,15,15
5635,84,74,10,10
5636,62,61,1,1
5637,100,93,7,7
5638,80,71,9,9
5639,91,87,4,4
5640,113,100,13,13
5641,45,38,7,7
5642,71,59,12,12
5643,122,97,25,25
5644,53,49,4,4
5645,78,81,-3,3
5646,65,57,8,8
5647,40,46,-6,6
5648,136,119,17,17
5649,120,101,19,19
5650,104,104,0,0
5651,85,75,10,10
5652,89,79,10,10
5653,84,79,5,5
5654,80,81,-1,1
5655,119,117,2,2
5656,105,92,13,13
5657,61,67,-6,6
5658,53,57,-4,4
5659,69,67,2,2
5660,83,73,10,10
5661,122,95,27,27
5662,88,79,9,9
5663,88,73,15,15
5664,104,99,5,5
5665,94,81,13,13
5666,133,118,15,15
5667,53,46,7,7
5668,73,70,3,3
5669,92,82,10,10
5670,92,81,11,11
5671,91,84,7,7
5672,82,76,6,6
5673,87,83,4,4
5674,135,119,16,16
5675,126,119,7,7
5676,94,82,12,12
5677,55,47,8,8
5678,104,87,17,17
5679,127,118,9,9
5680,135,125,10,10
5681,145,122,23,23
5682,99,91,8,8
5683,96,92,4,4
5684,103,83,20,20
5685,32,30,2,2
5686,74,69,5,5
5687,109,88,21,21
5688,59,57,2,2
5689,101,90,11,11
5690,69,63,6,6
5691,71,77,-6,6
5692,101,86,15,15
5693,129,122,7,7
5694,114,103,11,11
5695,73,67,6,6
5696,179,145,34,34
5697,81,74,7,7
5698,127,109,18,18
5699,129,117,12,12
5700,57,49,8,8
5701,50,47,3,3
5702,80,61,19,19
5703,116,102,14,14
5704,93,79,14,14
5705,164,134,30,30
5706,43,41,2,2
5707,96,97,-1,1
5708,88,73,15,15
5709,66,59,7,7
5710,97,91,6,6
5711,86,80,6,6
5712,83,83,0,0
5713,87,77,10,10
5714,61,59,2,2
5715,81,75,6,6
5716,164,144,20,20
5717,138,124,14,14
5718,115,109,6,6
5719,86,81,5,5
5720,118,130,-12,12
5721,67,61,6,6
5722,87,83,4,4
5723,74,60,14,14
5724,51,42,9,9
5725,67,60,7,7
5726,84,72,12,12
5727,94,86,8,8
5728,69,62,7,7
5729,115,111,4,4
5730,48,41,7,7
5731,77,68,9,9
5732,81,71,10,10
5733,110,107,3,3
5734,74,81,-7,7
5735,54,56,-2,2
5736,84,79,5,5
5737,70,67,3,3
5738,64,61,3,3
5739,80,78,2,2
5740,78,64,14,14
5741,83,83,0,0
5742,81,71,10,10
5743,34,33,1,1
5744,149,149,0,0
5745,50,47,3,3
5746,57,53,4,4
5747,75,67,8,8
5748,139,120,19,19
5749,48,43,5,5
5750,61,59,2,2
5751,96,82,14,14
5752,64,51,13,13
5753,90,80,10,10
5754,81,75,6,6
5755,119,117,2,2
5756,129,113,16,16
5757,111,107,4,4
5758,79,74,5,5
5759,107,93,14,14
5760,77,77,0,0
5761,67,60,7,7
5762,103,88,15,15
5763,60,56,4,4
5764,115,107,8,8
5765,62,53,9,9
5766,71,66,5,5
5767,67,69,-2,2
5768,46,42,4,4
5769,52,46,6,6
5770,55,50,5,5
5771,95,81,14,14
5772,119,95,24,24
5773,156,152,4,4
5774,89,74,15,15
5775,130,102,28,28
5776,149,131,18,18
5777,53,60,-7,7
5778,103,91,12,12
5779,181,147,34,34
5780,88,80,8,8
5781,91,82,9,9
5782,79,67,12,12
5783,64,70,-6,6
5784,85,85,0,0
5785,45,42,3,3
5786,72,65,7,7
5787,118,104,14,14
5788,54,47,7,7
5789,98,93,5,5
5790,79,77,2,2
5791,63,57,6,6
5792,27,30,-3,3
5793,142,126,16,16
5794,67,60,7,7
5795,146,131,15,15
5796,80,78,2,2
5797,68,73,-5,5
5798,92,88,4,4
5799,48,45,3,3
5800,117,91,26,26
5801,98,89,9,9
5802,73,69,4,4
5803,84,78,6,6
5804,95,84,11,11
5805,120,108,12,12
5806,151,153,-2,2
5807,50,44,6,6
5808,93,86,7,7
5809,150,134,16,16
5810,65,73,-8,8
5811,76,73,3,3
5812,69,65,4,4
5813,91,80,11,11
5814,81,78,3,3
5815,92,79,13,13
5816,127,131,-4,4
5817,100,89,11,11
5818,98,88,10,10
5819,109,95,14,14
5820,69,66,3,3
5821,94,91,3,3
5822,156,130,26,26
5823,82,84,-2,2
5824,62,64,-2,2
5825,56,53,3,3
5826,44,42,2,2
5827,134,96,38,38
5828,75,65,10,10
5829,88,82,6,6
5830,63,63,0,0
5831,106,98,8,8
5832,121,101,20,20
5833,94,92,2,2
5834,89,89,0,0
5835,45,46,-1,1
5836,76,72,4,4
5837,85,81,4,4
5838,129,124,5,5
5839,113,101,12,12
5840,127,112,15,15
5841,129,138,-9,9
5842,92,83,9,9
5843,60,51,9,9
5844,91,70,21,21
5845,90,78,12,12
5846,143,131,12,12
5847,79,72,7,7
5848,118,149,-31,31
5849,65,58,7,7
5850,88,69,19,19
5851,102,97,5,5
5852,67,60,7,7
5853,104,88,16,16
5854,164,146,18,18
5855,145,129,16,16
5856,51,44,7,7
5857,35,33,2,2
5858,125,111,14,14
5859,78,72,6,6
5860,110,98,12,12
5861,133,123,10,10
5862,92,85,7,7
5863,89,85,4,4
5864,66,61,5,5
5865,96,93,3,3
5866,74,64,10,10
5867,21,27,-6,6
5868,52,48,4,4
5869,49,43,6,6
5870,133,131,2,2
5871,56,52,4,4
5872,48,45,3,3
5873,53,45,8,8
5874,86,81,5,5
5875,81,85,-4,4
5876,139,130,9,9
5877,111,116,-5,5
5878,118,114,4,4
5879,61,57,4,4
5880,88,88,0,0
5881,58,53,5,5
5882,91,80,11,11
5883,110,99,11,11
5884,118,83,35,35
5885,109,93,16,16
5886,52,48,4,4
5887,69,65,4,4
5888,144,122,22,22
5889,87,78,9,9
5890,153,122,31,31
5891,49,48,1,1
5892,106,105,1,1
5893,85,76,9,9
5894,95,85,10,10
5895,99,91,8,8
5896,154,142,12,12
5897,64,70,-6,6
5898,74,64,10,10
5899,94,79,15,15
5900,83,59,24,24
5901,66,59,7,7
5902,48,50,-2,2
5903,87,90,-3,3
5904,28,43,-15,15
5905,63,55,8,8
5906,117,104,13,13
5907,169,154,15,15
5908,54,49,5,5
5909,118,109,9,9
5910,77,66,11,11
5911,87,83,4,4
5912,259,214,45,45
5913,116,113,3,3
5914,141,127,14,14
5915,63,63,0,0
5916,194,163,31,31
5917,58,63,-5,5
5918,117,104,13,13
5919,101,90,11,11
5920,128,116,12,12
5921,99,79,20,20
5922,122,98,24,24
5923,146,128,18,18
5924,117,95,22,22
5925,85,83,2,2
5926,156,140,16,16
5927,85,78,7,7
5928,149,145,4,4
5929,62,61,1,1
5930,133,123,10,10
5931,76,70,6,6
5932,67,60,7,7
5933,125,135,-10,10
5934,73,62,11,11
5935,106,83,23,23
5936,98,89,9,9
5937,113,104,9,9
5938,151,139,12,12
5939,91,77,14,14
5940,115,116,-1,1
5941,99,92,7,7
5942,51,45,6,6
5943,102,103,-1,1
5944,123,107,16,16
5945,71,59,12,12
5946,116,108,8,8
5947,118,107,11,11
5948,151,149,2,2
5949,93,76,17,17
5950,77,73,4,4
5951,52,42,10,10
5952,88,78,10,10
5953,56,48,8,8
5954,152,155,-3,3
5955,129,122,7,7
5956,75,74,1,1
5957,98,85,13,13
5958,149,139,10,10
5959,73,64,9,9
5960,96,101,-5,5
5961,145,131,14,14
5962,88,78,10,10
5963,159,136,23,23
5964,178,153,25,25
5965,81,81,0,0
5966,142,121,21,21
5967,97,83,14,14
5968,145,132,13,13
5969,91,81,10,10
5970,85,64,21,21
5971,87,68,19,19
5972,90,71,19,19
5973,68,63,5,5
5974,94,83,11,11
5975,101,87,14,14
5976,92,75,17,17
5977,71,70,1,1
5978,113,103,10,10
5979,102,93,9,9
5980,114,107,7,7
5981,97,87,10,10
5982,47,49,-2,2
5983,60,51,9,9
5984,135,121,14,14
5985,58,49,9,9
5986,206,171,35,35
5987,68,64,4,4
5988,42,42,0,0
5989,73,58,15,15
5990,83,68,15,15
5991,72,60,12,12
5992,111,72,39,39
5993,58,45,13,13
5994,130,126,4,4
5995,111,101,10,10
5996,140,139,1,1
5997,95,89,6,6
5998,96,86,10,10
5999,91,77,14,14
6000,79,74,5,5
6001,74,67,7,7
6002,169,142,27,27
6003,117,108,9,9
6004,78,54,24,24
6005,115,109,6,6
6006,44,38,6,6
6007,103,105,-2,2
6008,78,100,-22,22
6009,49,48,1,1
6010,126,121,5,5
6011,93,76,17,17
6012,140,129,11,11
6013,85,79,6,6
6014,116,115,1,1
6015,83,70,13,13
6016,96,96,0,0
6017,143,121,22,22
6018,74,70,4,4
6019,92,86,6,6
6020,63,54,9,9
6021,49,51,-2,2
6022,144,132,12,12
6023,54,45,9,9
6024,116,153,-37,37
6025,66,72,-6,6
6026,56,55,1,1
6027,56,86,-30,30
6028,107,101,6,6
6029,140,122,18,18
6030,92,94,-2,2
6031,76,72,4,4
6032,90,88,2,2
6033,138,131,7,7
6034,71,61,10,10
6035,89,92,-3,3
6036,66,54,12,12
6037,60,55,5,5
6038,116,116,0,0
6039,179,167,12,12
6040,90,70,20,20
6041,116,112,4,4
6042,89,82,7,7
6043,95,82,13,13
6044,85,71,14,14
6045,53,45,8,8
6046,166,151,15,15
6047,43,41,2,2
6048,119,115,4,4
6049,105,108,-3,3
6050,121,103,18,18
6051,73,67,6,6
6052,67,62,5,5
6053,119,111,8,8
6054,106,98,8,8
6055,72,60,12,12
6056,75,66,9,9
6057,70,69,1,1
6058,143,122,21,21
6059,83,73,10,10
6060,83,71,12,12
6061,46,55,-9,9
6062,47,39,8,8
6063,119,105,14,14
6064,108,90,18,18
6065,43,46,-3,3
6066,64,53,11,11
6067,83,79,4,4
6068,141,124,17,17
6069,107,97,10,10
6070,35,46,-11,11
6071,119,110,9,9
6072,88,73,15,15
6073,77,77,0,0
6074,75,67,8,8
6075,140,127,13,13
6076,66,62,4,4
6077,121,118,3,3
6078,47,52,-5,5
6079,68,64,4,4
6080,112,95,17,17
6081,178,152,26,26
6082,87,82,5,5
6083,164,140,24,24
6084,79,74,5,5
6085,71,64,7,7
6086,111,120,-9,9
6087,78,74,4,4
6088,160,151,9,9
6089,98,88,10,10
6090,115,147,-32,32
6091,95,94,1,1
6092,65,59,6,6
6093,159,148,11,11
6094,85,78,7,7
6095,69,59,10,10
6096,116,109,7,7
6097,55,53,2,2
6098,96,92,4,4
6099,94,80,14,14
6100,72,65,7,7
6101,94,79,15,15
6102,124,124,0,0
6103,62,55,7,7
6104,79,63,16,16
6105,146,126,20,20
6106,42,43,-1,1
6107,85,74,11,11
6108,100,79,21,21
6109,131,107,24,24
6110,72,70,2,2
6111,49,44,5,5
6112,116,100,16,16
6113,102,90,12,12
6114,135,125,10,10
6115,138,122,16,16
6116,40,52,-12,12
6117,104,91,13,13
6118,99,89,10,10
6119,50,41,9,9
6120,108,96,12,12
6121,106,98,8,8
6122,93,80,13,13
6123,155,146,9,9
6124,127,113,14,14
6125,78,70,8,8
6126,87,81,6,6
6127,73,70,3,3
6128,92,87,5,5
6129,86,77,9,9
6130,117,107,10,10
6131,65,55,10,10
6132,44,36,8,8
6133,142,125,17,17
6134,83,82,1,1
6135,104,91,13,13
6136,119,99,20,20
6137,112,98,14,14
6138,96,79,17,17
6139,58,58,0,0
6140,44,36,8,8
6141,107,102,5,5
6142,115,105,10,10
6143,87,84,3,3
6144,102,92,10,10
6145,89,80,9,9
6146,119,107,12,12
6147,101,87,14,14
6148,55,52,3,3
6149,92,80,12,12
6150,108,90,18,18
6151,57,50,7,7
6152,119,103,16,16
6153,133,121,12,12
6154,80,75,5,5
6155,66,63,3,3
6156,114,97,17,17
6157,111,106,5,5
6158,140,122,18,18
6159,108,78,30,30
6160,89,90,-1,1
6161,88,70,18,18
6162,76,75,1,1
6163,80,74,6,6
6164,98,83,15,15
6165,73,65,8,8
6166,136,121,15,15
6167,50,43,7,7
6168,88,91,-3,3
6169,69,64,5,5
6170,151,133,18,18
6171,66,55,11,11
6172,73,65,8,8
6173,65,56,9,9
6174,72,66,6,6
6175,52,50,2,2
6176,108,85,23,23
6177,86,75,11,11
6178,34,35,-1,1
6179,183,170,13,13
6180,54,44,10,10
6181,122,117,5,5
6182,64,60,4,4
6183,75,74,1,1
6184,105,86,19,19
6185,65,62,3,3
6186,84,85,-1,1
6187,101,90,11,11
6188,117,102,15,15
6189,148,137,11,11
6190,66,61,5,5
6191,106,104,2,2
6192,147,119,28,28
6193,108,102,6,6
6194,133,95,38,38
6195,42,41,1,1
6196,67,58,9,9
6197,117,101,16,16
6198,127,122,5,5
6199,84,76,8,8
6200,72,63,9,9
6201,77,69,8,8
6202,83,72,11,11
6203,77,83,-6,6
6204,133,122,11,11
6205,61,62,-1,1
6206,75,73,2,2
6207,81,71,10,10
6208,95,85,10,10
6209,115,101,14,14
6210,106,88,18,18
6211,85,69,16,16
6212,89,82,7,7
6213,103,90,13,13
6214,78,69,9,9
6215,83,71,12,12
6216,128,104,24,24
6217,64,64,0,0
6218,87,76,11,11
6219,108,88,20,20
6220,108,98,10,10
6221,77,69,8,8
6222,65,67,-2,2
6223,56,52,4,4
6224,69,58,11,11
6225,83,77,6,6
6226,93,89,4,4
6227,85,77,8,8
6228,177,165,12,12
6229,52,48,4,4
6230,35,36,-1,1
6231,128,108,20,20
6232,98,86,12,12
6233,83,71,12,12
6234,67,59,8,8
6235,102,93,9,9
6236,115,105,10,10
6237,103,90,13,13
6238,99,92,7,7
6239,100,91,9,9
6240,148,120,28,28
6241,67,60,7,7
6242,131,120,11,11
6243,76,68,8,8
6244,91,84,7,7
6245,110,82,28,28
6246,133,122,11,11
6247,77,72,5,5
6248,151,139,12,12
6249,130,126,4,4
6250,80,80,0,0
6251,86,79,7,7
6252,117,115,2,2
6253,72,65,7,7
6254,104,93,11,11
6255,108,94,14,14
6256,103,96,7,7
6257,57,56,1,1
6258,30,35,-5,5
6259,70,67,3,3
6260,93,98,-5,5
6261,75,65,10,10
6262,46,43,3,3
6263,169,125,44,44
6264,88,78,10,10
6265,71,69,2,2
6266,97,92,5,5
6267,133,113,20,20
6268,77,73,4,4
6269,93,88,5,5
6270,52,57,-5,5
6271,124,126,-2,2
6272,60,81,-21,21
6273,53,54,-1,1
6274,98,89,9,9
6275,105,81,24,24
6276,92,78,14,14
6277,106,92,14,14
6278,55,46,9,9
6279,94,90,4,4
6280,94,73,21,21
6281,67,63,4,4
6282,109,91,18,18
6283,61,57,4,4
6284,49,50,-1,1
6285,99,85,14,14
6286,109,91,18,18
6287,73,61,12,12
6288,107,94,13,13
6289,82,72,10,10
6290,122,112,10,10
6291,50,46,4,4
6292,102,86,16,16
6293,99,89,10,10
6294,40,34,6,6
6295,61,55,6,6
6296,94,88,6,6
6297,55,52,3,3
6298,66,58,8,8
6299,58,59,-1,1
6300,139,139,0,0
6301,104,81,23,23
6302,74,65,9,9
6303,77,65,12,12
6304,77,66,11,11
6305,91,86,5,5
6306,74,66,8,8
6307,63,56,7,7
6308,56,50,6,6
6309,103,103,0,0
6310,83,78,5,5
6311,69,70,-1,1
6312,165,141,24,24
6313,109,104,5,5
6314,93,76,17,17
6315,123,112,11,11
6316,142,128,14,14
6317,71,57,14,14
6318,102,93,9,9
6319,81,75,6,6
6320,178,144,34,34
6321,75,62,13,13
6322,68,63,5,5
6323,135,119,16,16
6324,103,95,8,8
6325,108,100,8,8
6326,62,71,-9,9
6327,95,93,2,2
6328,114,100,14,14
6329,120,111,9,9
6330,124,118,6,6
6331,90,84,6,6
6332,29,32,-3,3
6333,69,65,4,4
6334,61,64,-3,3
6335,85,73,12,12
6336,83,83,0,0
6337,122,103,19,19
6338,148,130,18,18
6339,108,90,18,18
6340,96,92,4,4
6341,75,69,6,6
6342,101,103,-2,2
6343,81,72,9,9
6344,98,93,5,5
6345,95,84,11,11
6346,100,90,10,10
6347,96,92,4,4
6348,161,160,1,1
6349,84,74,10,10
6350,55,48,7,7
6351,59,59,0,0
6352,124,112,12,12
6353,137,127,10,10
6354,118,103,15,15
6355,144,114,30,30
6356,182,162,20,20
6357,126,110,16,16
6358,127,105,22,22
6359,111,98,13,13
6360,92,84,8,8
6361,106,96,10,10
6362,74,72,2,2
6363,68,76,-8,8
6364,108,107,1,1
6365,95,82,13,13
6366,103,97,6,6
6367,81,77,4,4
6368,86,83,3,3
6369,170,142,28,28
6370,50,45,5,5
6371,51,48,3,3
6372,94,78,16,16
6373,146,147,-1,1
6374,74,68,6,6
6375,100,81,19,19
6376,128,104,24,24
6377,74,63,11,11
6378,108,97,11,11
6379,77,75,2,2
6380,63,58,5,5
6381,50,39,11,11
6382,109,96,13,13
6383,52,50,2,2
6384,68,73,-5,5
6385,90,88,2,2
6386,80,78,2,2
6387,55,58,-3,3
6388,103,86,17,17
6389,84,81,3,3
6390,90,73,17,17
6391,66,68,-2,2
6392,167,148,19,19
6393,82,78,4,4
6394,73,64,9,9
6395,86,84,2,2
6396,71,67,4,4
6397,80,79,1,1
6398,92,88,4,4
6399,117,97,20,20
6400,51,54,-3,3
6401,94,81,13,13
6402,84,75,9,9
6403,135,126,9,9
6404,66,66,0,0
6405,151,136,15,15
6406,92,82,10,10
6407,102,91,11,11
6408,116,97,19,19
6409,50,51,-1,1
6410,88,85,3,3
6411,119,105,14,14
6412,107,99,8,8
6413,93,93,0,0
6414,142,123,19,19
6415,52,47,5,5
6416,115,109,6,6
6417,52,48,4,4
6418,56,48,8,8
6419,152,121,31,31
6420,83,70,13,13
6421,62,58,4,4
6422,64,67,-3,3
6423,119,103,16,16
6424,157,132,25,25
6425,51,52,-1,1
6426,118,110,8,8
6427,58,61,-3,3
6428,94,82,12,12
6429,45,45,0,0
6430,120,102,18,18
6431,88,79,9,9
6432,84,84,0,0
6433,131,118,13,13
6434,98,87,11,11
6435,50,46,4,4
6436,88,75,13,13
6437,101,101,0,0
6438,78,69,9,9
6439,40,55,-15,15
6440,103,102,1,1
6441,96,80,16,16
6442,83,74,9,9
6443,93,85,8,8
6444,82,67,15,15
6445,103,90,13,13
6446,41,57,-16,16
6447,39,41,-2,2
6448,60,52,8,8
6449,137,120,17,17
6450,46,39,7,7
6451,51,46,5,5
6452,82,79,3,3
6453,131,112,19,19
6454,66,68,-2,2
6455,76,65,11,11
6456,204,176,28,28
6457,106,98,8,8
6458,72,59,13,13
6459,145,135,10,10
6460,80,70,10,10
6461,89,86,3,3
6462,148,138,10,10
6463,141,115,26,26
6464,59,58,1,1
6465,51,41,10,10
6466,88,76,12,12
6467,77,67,10,10
6468,103,90,13,13
6469,94,77,17,17
6470,92,77,15,15
6471,82,72,10,10
6472,89,89,0,0
6473,72,66,6,6
6474,135,119,16,16
6475,135,117,18,18
6476,85,74,11,11
6477,63,59,4,4
6478,173,153,20,20
6479,108,98,10,10
6480,141,111,30,30
6481,85,84,1,1
6482,144,129,15,15
6483,66,60,6,6
6484,86,84,2,2
6485,84,66,18,18
6486,107,94,13,13
6487,60,55,5,5
6488,62,64,-2,2
6489,174,161,13,13
6490,68,53,15,15
6491,74,72,2,2
6492,67,60,7,7
6493,72,59,13,13
6494,117,102,15,15
6495,93,106,-13,13
6496,69,71,-2,2
6497,75,67,8,8
6498,84,73,11,11
6499,101,98,3,3
6500,78,72,6,6
6501,202,181,21,21
6502,97,99,-2,2
6503,79,72,7,7
6504,97,95,2,2
6505,60,60,0,0
6506,58,53,5,5
6507,113,109,4,4
6508,63,59,4,4
6509,79,69,10,10
6510,94,86,8,8
6511,129,118,11,11
6512,142,129,13,13
6513,96,88,8,8
6514,83,70,13,13
6515,137,117,20,20
6516,99,83,16,16
6517,92,87,5,5
6518,92,94,-2,2
6519,69,61,8,8
6520,126,129,-3,3
6521,148,147,1,1
6522,90,80,10,10
6523,94,81,13,13
6524,111,101,10,10
6525,86,85,1,1
6526,49,49,0,0
6527,124,109,15,15
6528,107,100,7,7
6529,129,114,15,15
6530,58,47,11,11
6531,70,64,6,6
6532,70,68,2,2
6533,91,76,15,15
6534,86,68,18,18
6535,102,95,7,7
6536,83,78,5,5
6537,119,111,8,8
6538,76,59,17,17
6539,49,43,6,6
6540,94,75,19,19
6541,124,93,31,31
6542,65,57,8,8
6543,96,98,-2,2
6544,170,161,9,9
6545,68,67,1,1
6546,28,28,0,0
6547,135,127,8,8
6548,151,122,29,29
6549,80,77,3,3
6550,79,86,-7,7
6551,68,74,-6,6
6552,118,98,20,20
6553,73,64,9,9
6554,104,106,-2,2
6555,147,120,27,27
6556,91,86,5,5
6557,147,119,28,28
6558,55,56,-1,1
6559,66,63,3,3
6560,121,102,19,19
6561,70,63,7,7
6562,107,96,11,11
6563,153,140,13,13
6564,124,116,8,8
6565,59,63,-4,4
6566,90,77,13,13
6567,57,58,-1,1
6568,129,107,22,22
6569,98,95,3,3
6570,152,130,22,22
6571,55,57,-2,2
6572,93,63,30,30
6573,61,53,8,8
6574,135,118,17,17
6575,72,59,13,13
6576,105,102,3,3
6577,65,86,-21,21
6578,91,82,9,9
6579,117,103,14,14
6580,85,83,2,2
6581,125,108,17,17
6582,57,55,2,2
6583,151,129,22,22
6584,68,65,3,3
6585,104,101,3,3
6586,53,53,0,0
6587,88,80,8,8
6588,91,78,13,13
6589,184,145,39,39
6590,99,89,10,10
6591,189,157,32,32
6592,186,159,27,27
6593,125,109,16,16
6594,62,66,-4,4
6595,103,95,8,8
6596,183,169,14,14
6597,62,52,10,10
6598,66,60,6,6
6599,73,63,10,10
6600,114,103,11,11
6601,123,114,9,9
6602,108,85,23,23
6603,115,100,15,15
6604,124,107,17,17
6605,66,70,-4,4
6606,104,77,27,27
6607,75,67,8,8
6608,108,105,3,3
6609,81,77,4,4
6610,82,66,16,16
6611,80,67,13,13
6612,30,34,-4,4
6613,90,81,9,9
6614,62,56,6,6
6615,86,73,13,13
6616,56,51,5,5
6617,95,92,3,3
6618,100,95,5,5
6619,102,91,11,11
6620,102,90,12,12
6621,59,51,8,8
6622,152,127,25,25
6623,163,152,11,11
6624,143,127,16,16
6625,162,146,16,16
6626,84,81,3,3
6627,78,72,6,6
6628,92,91,1,1
6629,79,76,3,3
6630,78,65,13,13
6631,120,98,22,22
6632,99,85,14,14
6633,103,87,16,16
6634,76,76,0,0
6635,80,71,9,9
6636,66,60,6,6
6637,128,116,12,12
6638,85,65,20,20
6639,100,96,4,4
6640,46,50,-4,4
6641,125,114,11,11
6642,111,106,5,5
6643,119,107,12,12
6644,59,58,1,1
6645,55,51,4,4
6646,158,141,17,17
6647,106,103,3,3
6648,136,128,8,8
6649,108,92,16,16
6650,124,111,13,13
6651,106,94,12,12
6652,92,75,17,17
6653,118,115,3,3
6654,108,95,13,13
6655,114,100,14,14
6656,51,49,2,2
6657,85,75,10,10
6658,61,81,-20,20
6659,74,68,6,6
6660,67,59,8,8
6661,108,96,12,12
6662,132,118,14,14
6663,78,65,13,13
6664,102,100,2,2
6665,175,141,34,34
6666,140,127,13,13
6667,93,80,13,13
6668,75,74,1,1
6669,98,88,10,10
6670,98,87,11,11
6671,119,99,20,20
6672,121,135,-14,14
6673,94,86,8,8
6674,117,90,27,27
6675,108,101,7,7
6676,87,97,-10,10
6677,100,87,13,13
6678,88,77,11,11
6679,86,66,20,20
6680,65,60,5,5
6681,81,70,11,11
6682,89,81,8,8
6683,114,97,17,17
6684,108,100,8,8
6685,95,79,16,16
6686,100,88,12,12
6687,98,91,7,7
6688,88,77,11,11
6689,95,82,13,13
6690,92,86,6,6
6691,161,142,19,19
6692,57,48,9,9
6693,89,82,7,7
6694,67,48,19,19
6695,101,95,6,6
6696,102,101,1,1
6697,84,74,10,10
6698,64,58,6,6
6699,127,118,9,9
6700,97,91,6,6
6701,101,93,8,8
6702,65,65,0,0
6703,89,75,14,14
6704,70,61,9,9
6705,67,63,4,4
6706,169,149,20,20
6707,59,61,-2,2
6708,163,140,23,23
6709,38,40,-2,2
6710,117,103,14,14
6711,53,48,5,5
6712,52,50,2,2
6713,120,110,10,10
6714,80,63,17,17
6715,52,53,-1,1
6716,127,135,-8,8
6717,87,82,5,5
6718,54,69,-15,15
6719,66,55,11,11
6720,98,86,12,12
6721,112,106,6,6
6722,56,54,2,2
6723,114,104,10,10
6724,90,80,10,10
6725,87,81,6,6
6726,58,54,4,4
6727,118,105,13,13
6728,96,90,6,6
6729,102,103,-1,1
6730,84,84,0,0
6731,111,95,16,16
6732,62,62,0,0
6733,73,60,13,13
6734,69,61,8,8
6735,133,114,19,19
6736,87,76,11,11
6737,64,57,7,7
6738,85,82,3,3
6739,103,87,16,16
6740,86,74,12,12
6741,68,61,7,7
6742,145,134,11,11
6743,74,64,10,10
6744,91,89,2,2
6745,102,86,16,16
6746,128,115,13,13
6747,104,99,5,5
6748,110,109,1,1
6749,56,49,7,7
6750,83,76,7,7
6751,109,105,4,4
6752,77,67,10,10
6753,164,135,29,29
6754,137,123,14,14
6755,134,112,22,22
6756,172,155,17,17
6757,116,102,14,14
6758,80,70,10,10
6759,50,50,0,0
6760,168,142,26,26
6761,68,68,0,0
6762,88,85,3,3
6763,48,45,3,3
6764,60,53,7,7
6765,135,126,9,9
6766,75,64,11,11
6767,187,166,21,21
6768,78,65,13,13
6769,117,91,26,26
6770,109,102,7,7
6771,79,67,12,12
6772,80,77,3,3
6773,72,66,6,6
6774,105,97,8,8
6775,130,127,3,3
6776,108,106,2,2
6777,39,42,-3,3
6778,94,92,2,2
6779,76,77,-1,1
6780,84,78,6,6
6781,110,111,-1,1
6782,79,72,7,7
6783,129,101,28,28
6784,66,61,5,5
6785,73,69,4,4
6786,90,75,15,15
6787,69,64,5,5
6788,76,60,16,16
6789,96,102,-6,6
6790,113,104,9,9
6791,118,110,8,8
6792,78,69,9,9
6793,92,78,14,14
6794,96,81,15,15
6795,111,113,-2,2
6796,143,141,2,2
6797,101,90,11,11
6798,99,95,4,4
6799,110,111,-1,1
6800,105,99,6,6
6801,79,73,6,6
6802,80,79,1,1
6803,54,49,5,5
6804,86,73,13,13
6805,66,66,0,0
6806,96,85,11,11
6807,151,138,13,13
6808,78,92,-14,14
6809,82,82,0,0
6810,93,83,10,10
6811,57,62,-5,5
6812,129,112,17,17
6813,89,82,7,7
6814,83,75,8,8
6815,72,74,-2,2
6816,85,79,6,6
6817,58,52,6,6
6818,69,63,6,6
6819,69,76,-7,7
6820,55,49,6,6
6821,114,93,21,21
6822,145,118,27,27
6823,81,78,3,3
6824,41,49,-8,8
6825,88,97,-9,9
6826,108,102,6,6
6827,104,92,12,12
6828,74,62,12,12
6829,111,100,11,11
6830,74,64,10,10
6831,82,72,10,10
6832,129,116,13,13
6833,75,75,0,0
6834,137,120,17,17
6835,135,124,11,11
6836,93,77,16,16
6837,73,79,-6,6
6838,125,116,9,9
6839,110,112,-2,2
6840,147,148,-1,1
6841,86,85,1,1
6842,96,84,12,12
6843,104,91,13,13
6844,110,104,6,6
6845,80,69,11,11
6846,66,67,-1,1
6847,168,150,18,18
6848,123,128,-5,5
6849,138,129,9,9
6850,66,59,7,7
6851,66,56,10,10
6852,143,121,22,22
6853,88,68,20,20
6854,76,77,-1,1
6855,143,138,5,5
6856,108,91,17,17
6857,74,66,8,8
6858,76,67,9,9
6859,59,58,1,1
6860,87,75,12,12
6861,113,97,16,16
6862,57,51,6,6
6863,56,61,-5,5
6864,102,87,15,15
6865,74,68,6,6
6866,89,85,4,4
6867,75,72,3,3
6868,128,121,7,7
6869,106,105,1,1
6870,92,80,12,12
6871,138,130,8,8
6872,75,65,10,10
6873,103,93,10,10
6874,120,101,19,19
6875,136,114,22,22
6876,72,68,4,4
6877,128,123,5,5
6878,128,116,12,12
6879,150,130,20,20
6880,86,74,12,12
6881,85,74,11,11
6882,62,55,7,7
6883,76,69,7,7
6884,123,112,11,11
6885,64,59,5,5
6886,116,108,8,8
6887,62,61,1,1
6888,81,73,8,8
6889,118,101,17,17
6890,117,106,11,11
6891,123,102,21,21
6892,144,122,22,22
6893,109,99,10,10
6894,79,70,9,9
6895,97,94,3,3
6896,87,71,16,16
6897,55,47,8,8
6898,65,61,4,4
6899,103,96,7,7
6900,90,70,20,20
6901,87,74,13,13
6902,43,40,3,3
6903,92,80,12,12
6904,147,139,8,8
6905,106,92,14,14
6906,68,69,-1,1
6907,71,61,10,10
6908,97,90,7,7
6909,93,89,4,4
6910,69,78,-9,9
6911,92,90,2,2
6912,77,76,1,1
6913,132,116,16,16
6914,87,81,6,6
6915,118,102,16,16
6916,58,50,8,8
6917,43,38,5,5
6918,80,80,0,0
6919,118,98,20,20
6920,107,110,-3,3
6921,132,123,9,9
6922,86,82,4,4
6923,114,97,17,17
6924,85,73,12,12
6925,66,63,3,3
6926,65,59,6,6
6927,84,81,3,3
6928,122,112,10,10
6929,74,71,3,3
6930,154,151,3,3
6931,93,84,9,9
6932,40,56,-16,16
6933,88,75,13,13
6934,84,83,1,1
6935,67,61,6,6
6936,113,107,6,6
6937,110,103,7,7
6938,217,184,33,33
6939,99,96,3,3
6940,107,102,5,5
6941,120,110,10,10
6942,116,100,16,16
6943,70,74,-4,4
6944,86,76,10,10
6945,89,87,2,2
6946,75,68,7,7
6947,72,66,6,6
6948,75,69,6,6
6949,55,58,-3,3
6950,196,182,14,14
6951,114,99,15,15
6952,142,89,53,53
6953,76,73,3,3
6954,71,58,13,13
6955,80,77,3,3
6956,81,72,9,9
6957,106,91,15,15
6958,126,112,14,14
6959,114,106,8,8
6960,90,80,10,10
6961,134,117,17,17
6962,112,102,10,10
6963,86,79,7,7
6964,109,108,1,1
6965,98,99,-1,1
6966,123,114,9,9
6967,48,43,5,5
6968,89,78,11,11
6969,141,133,8,8
6970,122,112,10,10
6971,65,54,11,11
6972,163,140,23,23
6973,106,96,10,10
6974,145,136,9,9
6975,65,58,7,7
6976,111,86,25,25
6977,110,104,6,6
6978,40,37,3,3
6979,77,71,6,6
6980,81,70,11,11
6981,136,120,16,16
6982,124,120,4,4
6983,107,103,4,4
6984,83,75,8,8
6985,137,121,16,16
6986,93,88,5,5
6987,95,86,9,9
6988,82,85,-3,3
6989,91,85,6,6
6990,139,114,25,25
6991,49,44,5,5
6992,36,41,-5,5
6993,76,61,15,15
6994,57,54,3,3
6995,128,120,8,8
6996,77,84,-7,7
6997,86,80,6,6
6998,144,129,15,15
6999,72,69,3,3
7000,48,45,3,3
7001,86,76,10,10
7002,96,82,14,14
7003,67,58,9,9
7004,65,57,8,8
7005,132,108,24,24
7006,128,112,16,16
7007,115,102,13,13
7008,109,100,9,9
7009,63,58,5,5
7010,55,58,-3,3
7011,119,95,24,24
7012,70,60,10,10
7013,125,106,19,19
7014,146,124,22,22
7015,84,76,8,8
7016,120,115,5,5
7017,83,84,-1,1
7018,68,60,8,8
7019,106,91,15,15
7020,147,114,33,33
7021,81,72,9,9
7022,87,84,3,3
7023,86,75,11,11
7024,67,66,1,1
7025,100,85,15,15
7026,81,79,2,2
7027,70,69,1,1
7028,94,80,14,14
7029,123,102,21,21
7030,121,104,17,17
7031,71,66,5,5
7032,73,66,7,7
7033,79,72,7,7
7034,98,96,2,2
7035,147,106,41,41
7036,86,71,15,15
7037,83,69,14,14
7038,117,103,14,14
7039,93,91,2,2
7040,44,42,2,2
7041,68,66,2,2
7042,74,68,6,6
7043,76,89,-13,13
7044,96,81,15,15
7045,80,60,20,20
7046,73,76,-3,3
7047,93,78,15,15
7048,48,49,-1,1
7049,85,77,8,8
7050,140,128,12,12
7051,81,75,6,6
7052,57,50,7,7
7053,93,81,12,12
7054,119,110,9,9
7055,129,128,1,1
7056,88,74,14,14
7057,101,89,12,12
7058,91,83,8,8
7059,59,50,9,9
7060,109,106,3,3
7061,89,72,17,17
7062,101,82,19,19
7063,116,99,17,17
7064,86,83,3,3
7065,113,103,10,10
7066,101,86,15,15
7067,110,106,4,4
7068,115,131,-16,16
7069,137,136,1,1
7070,64,64,0,0
7071,133,113,20,20
7072,80,79,1,1
7073,61,50,11,11
7074,116,110,6,6
7075,154,137,17,17
7076,69,64,5,5
7077,123,115,8,8
7078,63,61,2,2
7079,99,108,-9,9
7080,52,46,6,6
7081,86,71,15,15
7082,79,71,8,8
7083,97,96,1,1
7084,68,66,2,2
7085,79,78,1,1
7086,82,69,13,13
7087,66,55,11,11
7088,28,23,5,5
7089,54,58,-4,4
7090,76,66,10,10
7091,74,77,-3,3
7092,97,90,7,7
7093,82,74,8,8
7094,103,96,7,7
7095,61,53,8,8
7096,69,56,13,13
7097,60,60,0,0
7098,61,79,-18,18
7099,100,96,4,4
7100,100,94,6,6
7101,129,113,16,16
7102,184,156,28,28
7103,119,111,8,8
7104,91,75,16,16
7105,99,98,1,1
7106,100,89,11,11
7107,58,59,-1,1
7108,70,63,7,7
7109,76,76,0,0
7110,77,68,9,9
7111,70,60,10,10
7112,116,101,15,15
7113,149,133,16,16
7114,124,116,8,8
7115,139,108,31,31
7116,142,142,0,0
7117,77,74,3,3
7118,96,77,19,19
7119,215,174,41,41
7120,70,64,6,6
7121,118,111,7,7
7122,89,82,7,7
7123,106,92,14,14
7124,117,108,9,9
7125,60,59,1,1
7126,67,65,2,2
7127,149,140,9,9
7128,364,404,-40,40
7129,110,98,12,12
7130,106,88,18,18
7131,161,150,11,11
7132,119,122,-3,3
7133,113,134,-21,21
7134,100,96,4,4
7135,51,51,0,0
7136,121,109,12,12
7137,108,101,7,7
7138,107,98,9,9
7139,62,56,6,6
7140,84,78,6,6
7141,93,72,21,21
7142,143,133,10,10
7143,136,119,17,17
7144,53,56,-3,3
7145,97,90,7,7
7146,139,134,5,5
7147,126,117,9,9
7148,46,47,-1,1
7149,172,160,12,12
7150,101,92,9,9
7151,89,83,6,6
7152,118,101,17,17
7153,71,69,2,2
7154,120,116,4,4
7155,77,73,4,4
7156,145,120,25,25
7157,45,35,10,10
7158,80,67,13,13
7159,58,56,2,2
7160,117,103,14,14
7161,91,81,10,10
7162,192,168,24,24
7163,68,60,8,8
7164,71,57,14,14
7165,82,74,8,8
7166,84,78,6,6
7167,70,72,-2,2
7168,47,49,-2,2
7169,95,79,16,16
7170,59,57,2,2
7171,154,130,24,24
7172,131,114,17,17
7173,98,95,3,3
7174,38,39,-1,1
7175,86,84,2,2
7176,55,54,1,1
7177,40,36,4,4
7178,119,109,10,10
7179,247,202,45,45
7180,96,91,5,5
7181,69,69,0,0
7182,87,85,2,2
7183,93,91,2,2
7184,84,74,10,10
7185,127,123,4,4
7186,106,92,14,14
7187,62,57,5,5
7188,84,80,4,4
7189,48,51,-3,3
7190,116,113,3,3
7191,83,71,12,12
7192,123,118,5,5
7193,97,78,19,19
7194,119,98,21,21
7195,113,106,7,7
7196,70,68,2,2
7197,123,116,7,7
7198,86,74,12,12
7199,49,50,-1,1
7200,113,104,9,9
7201,100,89,11,11
7202,131,119,12,12
7203,93,84,9,9
7204,92,77,15,15
7205,73,67,6,6
7206,61,57,4,4
7207,72,60,12,12
7208,91,81,10,10
7209,86,79,7,7
7210,82,70,12,12
7211,179,165,14,14
7212,121,99,22,22
7213,58,53,5,5
7214,83,70,13,13
7215,100,73,27,27
7216,84,72,12,12
7217,76,65,11,11
7218,83,67,16,16
7219,81,73,8,8
7220,119,110,9,9
7221,160,140,20,20
7222,97,92,5,5
7223,143,148,-5,5
7224,49,48,1,1
7225,188,161,27,27
7226,79,75,4,4
7227,62,58,4,4
7228,71,57,14,14
7229,114,113,1,1
7230,167,159,8,8
7231,100,80,20,20
7232,90,77,13,13
7233,106,99,7,7
7234,129,123,6,6
7235,81,72,9,9
7236,52,48,4,4
7237,86,75,11,11
7238,92,99,-7,7
7239,59,57,2,2
7240,98,96,2,2
7241,94,82,12,12
7242,173,156,17,17
7243,82,85,-3,3
7244,121,109,12,12
7245,84,70,14,14
7246,44,36,8,8
7247,88,87,1,1
7248,91,77,14,14
7249,97,84,13,13
7250,46,40,6,6
7251,114,100,14,14
7252,108,93,15,15
7253,66,59,7,7
7254,71,66,5,5
7255,76,67,9,9
7256,159,144,15,15
7257,39,43,-4,4
7258,47,50,-3,3
7259,142,114,28,28
7260,124,121,3,3
7261,109,100,9,9
7262,110,104,6,6
7263,59,50,9,9
7264,107,87,20,20
7265,59,50,9,9
7266,93,89,4,4
7267,96,92,4,4
7268,40,45,-5,5
7269,124,108,16,16
7270,90,68,22,22
7271,52,50,2,2
7272,95,80,15,15
7273,81,76,5,5
7274,171,146,25,25
7275,78,60,18,18
7276,97,80,17,17
7277,82,80,2,2
7278,93,77,16,16
7279,106,99,7,7
7280,129,109,20,20
7281,110,111,-1,1
7282,28,48,-20,20
7283,152,147,5,5
7284,113,95,18,18
7285,62,57,5,5
7286,51,47,4,4
7287,167,158,9,9
7288,60,49,11,11
7289,176,156,20,20
7290,139,128,11,11
7291,193,173,20,20
7292,78,77,1,1
7293,76,64,12,12
7294,80,73,7,7
7295,86,94,-8,8
7296,102,84,18,18
7297,51,42,9,9
7298,32,29,3,3
7299,133,105,28,28
7300,160,136,24,24
7301,75,65,10,10
7302,84,72,12,12
7303,85,78,7,7
7304,89,84,5,5
7305,69,62,7,7
7306,113,103,10,10
7307,69,62,7,7
7308,76,72,4,4
7309,56,70,-14,14
7310,86,70,16,16
7311,92,92,0,0
7312,54,52,2,2
7313,100,84,16,16
7314,37,39,-2,2
7315,140,128,12,12
7316,57,62,-5,5
7317,83,79,4,4
7318,75,60,15,15
7319,59,52,7,7
7320,99,108,-9,9
7321,108,96,12,12
7322,93,90,3,3
7323,78,77,1,1
7324,166,153,13,13
7325,81,73,8,8
7326,80,73,7,7
7327,166,135,31,31
7328,56,49,7,7
7329,108,96,12,12
7330,88,81,7,7
7331,124,121,3,3
7332,71,67,4,4
7333,111,93,18,18
7334,77,82,-5,5
7335,84,74,10,10
7336,85,78,7,7
7337,103,84,19,19
7338,67,69,-2,2
7339,128,109,19,19
7340,54,45,9,9
7341,98,86,12,12
7342,115,121,-6,6
7343,80,69,11,11
7344,66,59,7,7
7345,84,73,11,11
7346,179,161,18,18
7347,70,67,3,3
7348,93,88,5,5
7349,139,142,-3,3
7350,136,118,18,18
7351,173,160,13,13
7352,112,93,19,19
7353,76,78,-2,2
7354,112,106,6,6
7355,118,119,-1,1
7356,109,93,16,16
7357,101,100,1,1
7358,105,88,17,17
7359,67,66,1,1
7360,131,114,17,17
7361,41,46,-5,5
7362,49,42,7,7
7363,113,105,8,8
7364,137,129,8,8
7365,96,94,2,2
7366,68,60,8,8
7367,110,105,5,5
7368,70,65,5,5
7369,155,146,9,9
7370,58,49,9,9
7371,140,137,3,3
7372,119,113,6,6
7373,67,64,3,3
7374,79,75,4,4
7375,68,63,5,5
7376,62,55,7,7
7377,48,47,1,1
7378,104,98,6,6
7379,67,67,0,0
7380,63,60,3,3
7381,70,62,8,8
7382,83,79,4,4
7383,66,62,4,4
7384,67,71,-4,4
7385,54,49,5,5
7386,144,137,7,7
7387,68,64,4,4
7388,76,73,3,3
7389,62,55,7,7
7390,147,123,24,24
7391,80,94,-14,14
7392,53,52,1,1
7393,73,67,6,6
7394,74,67,7,7
7395,63,63,0,0
7396,111,102,9,9
7397,199,167,32,32
7398,90,80,10,10
7399,65,60,5,5
7400,68,57,11,11
7401,81,75,6,6
7402,95,85,10,10
7403,83,77,6,6
7404,99,79,20,20
7405,64,64,0,0
7406,70,66,4,4
7407,62,50,12,12
7408,60,59,1,1
7409,84,80,4,4
7410,63,53,10,10
7411,91,88,3,3
7412,53,62,-9,9
7413,114,102,12,12
7414,102,90,12,12
7415,80,59,21,21
7416,85,84,1,1
7417,112,108,4,4
7418,86,75,11,11
7419,61,62,-1,1
7420,118,101,17,17
7421,108,86,22,22
7422,179,150,29,29
7423,87,83,4,4
7424,185,160,25,25
7425,91,79,12,12
7426,73,69,4,4
7427,63,51,12,12
7428,159,134,25,25
7429,146,134,12,12
7430,75,75,0,0
7431,73,69,4,4
7432,107,89,18,18
7433,93,83,10,10
7434,89,88,1,1
7435,82,88,-6,6
7436,79,67,12,12
7437,50,50,0,0
7438,69,67,2,2
7439,89,84,5,5
7440,145,138,7,7
7441,84,81,3,3
7442,115,112,3,3
7443,103,110,-7,7
7444,90,87,3,3
7445,57,49,8,8
7446,118,94,24,24
7447,99,93,6,6
7448,124,107,17,17
7449,102,104,-2,2
7450,97,89,8,8
7451,64,56,8,8
7452,78,64,14,14
7453,121,112,9,9
7454,163,145,18,18
7455,63,54,9,9
7456,53,51,2,2
7457,71,63,8,8
7458,79,71,8,8
7459,102,96,6,6
7460,130,113,17,17
7461,114,102,12,12
7462,118,119,-1,1
7463,93,89,4,4
7464,78,63,15,15
7465,87,78,9,9
7466,107,91,16,16
7467,105,90,15,15
7468,135,132,3,3
7469,64,57,7,7
7470,80,66,14,14
7471,79,81,-2,2
7472,156,148,8,8
7473,123,117,6,6
7474,81,83,-2,2
7475,91,84,7,7
7476,184,155,29,29
7477,62,62,0,0
7478,76,75,1,1
7479,112,99,13,13
7480,60,60,0,0
7481,103,89,14,14
7482,83,78,5,5
7483,69,63,6,6
7484,206,181,25,25
7485,78,75,3,3
7486,82,65,17,17
7487,81,76,5,5
7488,39,36,3,3
7489,109,104,5,5
7490,32,44,-12,12
7491,65,66,-1,1
7492,88,77,11,11
7493,94,88,6,6
7494,87,84,3,3
7495,74,66,8,8
7496,88,75,13,13
7497,103,103,0,0
7498,72,55,17,17
7499,83,76,7,7
7500,197,192,5,5
7501,41,40,1,1
7502,76,69,7,7
7503,129,102,27,27
7504,40,54,-14,14
7505,136,128,8,8
7506,62,55,7,7
7507,66,58,8,8
7508,106,109,-3,3
7509,62,55,7,7
7510,109,94,15,15
7511,136,117,19,19
7512,100,88,12,12
7513,160,144,16,16
7514,105,97,8,8
7515,122,106,16,16
7516,98,90,8,8
7517,78,70,8,8
7518,75,72,3,3
7519,67,62,5,5
7520,56,52,4,4
7521,60,53,7,7
7522,38,35,3,3
7523,53,51,2,2
7524,57,61,-4,4
7525,113,102,11,11
7526,83,71,12,12
7527,81,68,13,13
7528,136,127,9,9
7529,78,64,14,14
7530,89,77,12,12
7531,86,79,7,7
7532,68,66,2,2
7533,156,143,13,13
7534,85,75,10,10
7535,126,116,10,10
7536,57,61,-4,4
7537,114,108,6,6
7538,113,95,18,18
7539,75,76,-1,1
7540,130,111,19,19
7541,79,58,21,21
7542,112,98,14,14
7543,120,111,9,9
7544,76,70,6,6
7545,86,72,14,14
7546,60,53,7,7
7547,52,51,1,1
7548,80,67,13,13
7549,136,117,19,19
7550,71,68,3,3
7551,152,140,12,12
7552,59,60,-1,1
7553,88,73,15,15
7554,71,61,10,10
7555,71,61,10,10
7556,88,85,3,3
7557,44,46,-2,2
7558,95,92,3,3
7559,99,88,11,11
7560,74,74,0,0
7561,148,128,20,20
7562,74,66,8,8
7563,103,84,19,19
7564,70,57,13,13
7565,128,109,19,19
7566,70,62,8,8
7567,69,67,2,2
7568,95,69,26,26
7569,125,115,10,10
7570,87,84,3,3
7571,130,122,8,8
7572,105,108,-3,3
7573,96,84,12,12
7574,90,83,7,7
7575,52,45,7,7
7576,77,83,-6,6
7577,143,127,16,16
7578,97,101,-4,4
7579,81,75,6,6
7580,55,48,7,7
7581,122,116,6,6
7582,59,55,4,4
7583,106,97,9,9
7584,146,118,28,28
7585,62,57,5,5
7586,122,108,14,14
7587,166,144,22,22
7588,76,64,12,12
7589,82,82,0,0
7590,114,102,12,12
7591,113,115,-2,2
7592,94,86,8,8
7593,113,108,5,5
7594,79,74,5,5
7595,106,95,11,11
7596,123,112,11,11
7597,118,102,16,16
7598,80,69,11,11
7599,94,83,11,11
7600,89,75,14,14
7601,64,51,13,13
7602,113,106,7,7
7603,137,120,17,17
7604,53,97,-44,44
7605,133,122,11,11
7606,65,60,5,5
7607,78,76,2,2
7608,40,40,0,0
7609,60,59,1,1
7610,52,50,2,2
7611,136,118,18,18
7612,155,143,12,12
7613,94,88,6,6
7614,75,69,6,6
7615,36,36,0,0
7616,132,117,15,15
7617,117,105,12,12
7618,136,137,-1,1
7619,141,115,26,26
7620,65,63,2,2
7621,96,71,25,25
7622,68,60,8,8
7623,144,118,26,26
7624,148,131,17,17
7625,117,106,11,11
7626,60,65,-5,5
7627,98,88,10,10
7628,114,101,13,13
7629,139,113,26,26
7630,109,92,17,17
7631,69,69,0,0
7632,105,92,13,13
7633,116,100,16,16
7634,72,60,12,12
7635,74,74,0,0
7636,102,98,4,4
7637,62,45,17,17
7638,36,29,7,7
7639,94,81,13,13
7640,78,71,7,7
7641,150,127,23,23
7642,81,73,8,8
7643,154,143,11,11
7644,115,112,3,3
7645,44,48,-4,4
7646,88,84,4,4
7647,80,70,10,10
7648,75,65,10,10
7649,58,51,7,7
7650,124,113,11,11
7651,90,77,13,13
7652,117,98,19,19
7653,93,79,14,14
7654,133,120,13,13
7655,71,61,10,10
7656,82,77,5,5
7657,66,62,4,4
7658,69,64,5,5
7659,112,97,15,15
7660,114,98,16,16
7661,81,62,19,19
7662,110,104,6,6
7663,76,64,12,12
7664,97,91,6,6
7665,83,74,9,9
7666,73,70,3,3
7667,109,99,10,10
7668,67,59,8,8
7669,101,100,1,1
7670,74,66,8,8
7671,122,111,11,11
7672,51,53,-2,2
7673,80,84,-4,4
7674,118,106,12,12
7675,87,73,14,14
7676,84,68,16,16
7677,135,118,17,17
7678,51,90,-39,39
7679,121,97,24,24
7680,60,54,6,6
7681,150,135,15,15
7682,41,38,3,3
7683,55,50,5,5
7684,149,118,31,31
7685,136,121,15,15
7686,121,98,23,23
7687,121,108,13,13
7688,50,57,-7,7
7689,61,52,9,9
7690,129,115,14,14
7691,83,90,-7,7
7692,83,83,0,0
7693,77,66,11,11
7694,110,94,16,16
7695,110,88,22,22
7696,108,108,0,0
7697,95,91,4,4
7698,91,77,14,14
7699,99,84,15,15
7700,105,94,11,11
7701,104,119,-15,15
7702,82,78,4,4
7703,68,65,3,3
7704,77,71,6,6
7705,103,88,15,15
7706,87,80,7,7
7707,55,49,6,6
7708,94,84,10,10
7709,67,61,6,6
7710,75,85,-10,10
7711,137,126,11,11
7712,69,64,5,5
7713,67,60,7,7
7714,77,81,-4,4
7715,68,64,4,4
7716,117,105,12,12
7717,109,104,5,5
7718,164,136,28,28
7719,102,107,-5,5
7720,77,78,-1,1
7721,71,81,-10,10
7722,71,68,3,3
7723,146,123,23,23
7724,40,33,7,7
7725,121,106,15,15
7726,86,70,16,16
7727,99,91,8,8
7728,68,66,2,2
7729,89,69,20,20
7730,71,68,3,3
7731,72,66,6,6
7732,49,45,4,4
7733,155,113,42,42
7734,145,133,12,12
7735,102,100,2,2
7736,131,120,11,11
7737,101,78,23,23
7738,61,59,2,2
7739,108,104,4,4
7740,62,61,1,1
7741,93,79,14,14
7742,84,74,10,10
7743,56,87,-31,31
7744,143,125,18,18
7745,145,127,18,18
7746,103,85,18,18
7747,88,81,7,7
7748,96,86,10,10
7749,63,59,4,4
7750,88,80,8,8
7751,50,56,-6,6
7752,106,99,7,7
7753,89,67,22,22
7754,101,100,1,1
7755,134,116,18,18
7756,91,79,12,12
7757,134,134,0,0
7758,79,77,2,2
7759,161,143,18,18
7760,127,116,11,11
7761,88,82,6,6
7762,61,62,-1,1
7763,60,64,-4,4
7764,102,86,16,16
7765,140,133,7,7
7766,69,67,2,2
7767,101,102,-1,1
7768,175,159,16,16
7769,129,135,-6,6
7770,115,104,11,11
7771,88,92,-4,4
7772,79,72,7,7
7773,102,97,5,5
7774,43,39,4,4
7775,97,89,8,8
7776,132,128,4,4
7777,58,51,7,7
7778,89,86,3,3
7779,90,89,1,1
7780,98,97,1,1
7781,102,94,8,8
7782,88,81,7,7
7783,106,97,9,9
7784,99,88,11,11
7785,151,132,19,19
7786,111,86,25,25
7787,65,59,6,6
7788,71,66,5,5
7789,79,88,-9,9
7790,65,58,7,7
7791,136,117,19,19
7792,151,146,5,5
7793,108,98,10,10
7794,121,102,19,19
7795,54,57,-3,3
7796,96,95,1,1
7797,98,82,16,16
7798,62,59,3,3
7799,78,74,4,4
7800,97,91,6,6
7801,80,69,11,11
7802,65,64,1,1
7803,74,70,4,4
7804,118,110,8,8
7805,109,93,16,16
7806,99,89,10,10
7807,78,79,-1,1
7808,59,64,-5,5
7809,84,87,-3,3
7810,108,103,5,5
7811,89,86,3,3
7812,119,99,20,20
7813,182,153,29,29
7814,133,104,29,29
7815,90,87,3,3
7816,144,149,-5,5
7817,109,99,10,10
7818,154,130,24,24
7819,54,47,7,7
7820,59,56,3,3
7821,120,106,14,14
7822,113,113,0,0
7823,90,79,11,11
7824,119,99,20,20
7825,72,66,6,6
7826,173,155,18,18
7827,252,214,38,38
7828,123,124,-1,1
7829,178,153,25,25
7830,207,179,28,28
7831,86,83,3,3
7832,61,52,9,9
7833,82,80,2,2
7834,77,71,6,6
7835,90,82,8,8
7836,85,93,-8,8
7837,133,134,-1,1
7838,67,64,3,3
7839,71,70,1,1
7840,118,119,-1,1
7841,168,158,10,10
7842,101,95,6,6
7843,126,107,19,19
7844,127,115,12,12
7845,197,175,22,22
7846,67,60,7,7
7847,59,53,6,6
7848,139,125,14,14
7849,84,77,7,7
7850,75,70,5,5
7851,124,112,12,12
7852,61,57,4,4
7853,78,71,7,7
7854,102,83,19,19
7855,50,42,8,8
7856,72,76,-4,4
7857,98,99,-1,1
7858,109,95,14,14
7859,97,82,15,15
7860,79,69,10,10
7861,73,64,9,9
7862,114,101,13,13
7863,118,105,13,13
7864,101,93,8,8
7865,103,97,6,6
7866,49,48,1,1
7867,49,51,-2,2
7868,37,41,-4,4
7869,121,111,10,10
7870,69,64,5,5
7871,126,117,9,9
7872,91,80,11,11
7873,119,104,15,15
7874,105,93,12,12
7875,129,118,11,11
7876,83,71,12,12
7877,99,87,12,12
7878,106,105,1,1
7879,67,60,7,7
7880,132,119,13,13
7881,110,89,21,21
7882,72,63,9,9
7883,126,116,10,10
7884,129,132,-3,3
7885,74,68,6,6
7886,131,119,12,12
7887,97,89,8,8
7888,118,114,4,4
7889,124,112,12,12
7890,66,65,1,1
7891,99,100,-1,1
7892,93,83,10,10
7893,169,154,15,15
7894,109,107,2,2
7895,194,165,29,29
7896,131,112,19,19
7897,67,64,3,3
7898,102,93,9,9
7899,126,112,14,14
7900,166,160,6,6
7901,52,54,-2,2
7902,129,133,-4,4
7903,175,159,16,16
7904,77,64,13,13
7905,52,44,8,8
7906,73,61,12,12
7907,97,91,6,6
7908,49,46,3,3
7909,112,100,12,12
7910,108,104,4,4
7911,91,76,15,15
7912,84,100,-16,16
7913,35,44,-9,9
7914,182,175,7,7
7915,61,55,6,6
7916,61,43,18,18
7917,79,73,6,6
7918,55,52,3,3
7919,64,59,5,5
7920,142,121,21,21
7921,66,59,7,7
7922,74,74,0,0
7923,150,135,15,15
7924,99,89,10,10
7925,106,104,2,2
7926,72,72,0,0
7927,121,107,14,14
7928,114,104,10,10
7929,75,67,8,8
7930,65,64,1,1
7931,116,107,9,9
7932,99,85,14,14
7933,199,175,24,24
7934,60,51,9,9
7935,67,58,9,9
7936,81,72,9,9
7937,178,125,53,53
7938,70,71,-1,1
7939,131,110,21,21
7940,149,128,21,21
7941,70,62,8,8
7942,97,96,1,1
7943,104,83,21,21
7944,73,66,7,7
7945,74,73,1,1
7946,87,89,-2,2
7947,112,102,10,10
7948,126,111,15,15
7949,86,97,-11,11
7950,134,119,15,15
7951,117,89,28,28
7952,61,55,6,6
7953,71,74,-3,3
7954,80,82,-2,2
7955,63,59,4,4
7956,70,60,10,10
7957,63,68,-5,5
7958,46,45,1,1
7959,59,58,1,1
7960,89,83,6,6
7961,134,119,15,15
7962,113,105,8,8
7963,73,78,-5,5
7964,122,104,18,18
7965,59,56,3,3
7966,142,137,5,5
7967,175,159,16,16
7968,61,52,9,9
7969,142,146,-4,4
7970,68,52,16,16
7971,51,50,1,1
7972,94,93,1,1
7973,104,91,13,13
7974,85,78,7,7
7975,155,148,7,7
7976,157,158,-1,1
7977,115,102,13,13
7978,94,92,2,2
7979,86,85,1,1
7980,115,114,1,1
7981,85,76,9,9
7982,106,95,11,11
7983,64,59,5,5
7984,38,69,-31,31
7985,51,48,3,3
7986,106,97,9,9
7987,101,95,6,6
7988,46,46,0,0
7989,85,67,18,18
7990,104,95,9,9
7991,95,88,7,7
7992,130,114,16,16
7993,151,132,19,19
7994,57,49,8,8
7995,93,90,3,3
7996,69,60,9,9
7997,39,33,6,6
7998,76,74,2,2
7999,84,69,15,15
8000,41,41,0,0
8001,45,47,-2,2
8002,68,66,2,2
8003,82,76,6,6
8004,68,66,2,2
8005,73,63,10,10
8006,49,60,-11,11
8007,93,82,11,11
8008,75,66,9,9
8009,85,72,13,13
8010,103,96,7,7
8011,129,116,13,13
8012,116,110,6,6
8013,77,68,9,9
8014,83,73,10,10
8015,104,84,20,20
8016,124,104,20,20
8017,89,80,9,9
8018,88,90,-2,2
8019,49,56,-7,7
8020,104,99,5,5
8021,107,99,8,8
8022,125,115,10,10
8023,57,58,-1,1
8024,104,89,15,15
8025,51,63,-12,12
8026,86,73,13,13
8027,96,90,6,6
8028,190,179,11,11
8029,84,80,4,4
8030,105,100,5,5
8031,94,82,12,12
8032,74,65,9,9
8033,100,85,15,15
8034,126,111,15,15
8035,73,67,6,6
8036,83,77,6,6
8037,141,124,17,17
8038,124,114,10,10
8039,79,79,0,0
8040,135,121,14,14
8041,81,68,13,13
8042,137,126,11,11
8043,75,70,5,5
8044,54,61,-7,7
8045,102,96,6,6
8046,157,129,28,28
8047,93,84,9,9
8048,155,132,23,23
8049,71,63,8,8
8050,109,98,11,11
8051,60,57,3,3
8052,57,62,-5,5
8053,113,103,10,10
8054,130,123,7,7
8055,71,76,-5,5
8056,92,81,11,11
8057,148,116,32,32
8058,117,97,20,20
8059,68,65,3,3
8060,161,139,22,22
8061,85,75,10,10
8062,65,57,8,8
8063,43,40,3,3
8064,102,91,11,11
8065,69,57,12,12
8066,185,161,24,24
8067,133,120,13,13
8068,104,93,11,11
8069,105,96,9,9
8070,120,101,19,19
8071,85,77,8,8
8072,73,53,20,20
8073,158,158,0,0
8074,76,67,9,9
8075,87,67,20,20
8076,148,120,28,28
8077,85,79,6,6
8078,98,78,20,20
8079,66,66,0,0
8080,100,93,7,7
8081,110,100,10,10
8082,86,82,4,4
8083,119,116,3,3
8084,75,66,9,9
8085,110,113,-3,3
8086,69,65,4,4
8087,127,102,25,25
8088,98,84,14,14
8089,116,114,2,2
8090,65,61,4,4
8091,94,88,6,6
8092,58,52,6,6
8093,68,78,-10,10
8094,118,104,14,14
8095,27,19,8,8
8096,74,64,10,10
8097,81,78,3,3
8098,98,83,15,15
8099,56,52,4,4
8100,101,90,11,11
8101,128,112,16,16
8102,104,101,3,3
8103,69,61,8,8
8104,130,108,22,22
8105,121,114,7,7
8106,42,87,-45,45
8107,89,87,2,2
8108,71,61,10,10
8109,129,111,18,18
8110,59,60,-1,1
8111,101,97,4,4
8112,102,96,6,6
8113,109,104,5,5
8114,94,83,11,11
8115,108,104,4,4
8116,102,87,15,15
8117,89,83,6,6
8118,121,115,6,6
8119,122,123,-1,1
8120,67,65,2,2
8121,51,58,-7,7
8122,89,80,9,9
8123,88,87,1,1
8124,131,105,26,26
8125,103,95,8,8
8126,151,163,-12,12
8127,134,131,3,3
8128,108,101,7,7
8129,92,83,9,9
8130,65,56,9,9
8131,81,73,8,8
8132,68,73,-5,5
8133,91,79,12,12
8134,114,97,17,17
8135,48,55,-7,7
8136,102,98,4,4
8137,149,137,12,12
8138,108,101,7,7
8139,60,56,4,4
8140,103,99,4,4
8141,65,62,3,3
8142,119,115,4,4
8143,104,100,4,4
8144,64,57,7,7
8145,48,46,2,2
8146,55,48,7,7
8147,75,71,4,4
8148,44,50,-6,6
8149,73,72,1,1
8150,54,50,4,4
8151,54,52,2,2
8152,52,50,2,2
8153,95,79,16,16
8154,66,67,-1,1
8155,85,91,-6,6
8156,75,57,18,18
8157,95,101,-6,6
8158,95,80,15,15
8159,36,36,0,0
8160,79,73,6,6
8161,123,113,10,10
8162,81,67,14,14
8163,176,145,31,31
8164,60,48,12,12
8165,61,62,-1,1
8166,140,118,22,22
8167,127,111,16,16
8168,96,89,7,7
8169,99,81,18,18
8170,108,91,17,17
8171,58,54,4,4
8172,51,54,-3,3
8173,95,84,11,11
8174,58,62,-4,4
8175,76,67,9,9
8176,116,101,15,15
8177,108,90,18,18
8178,168,144,24,24
8179,27,32,-5,5
8180,145,121,24,24
8181,53,50,3,3
8182,67,61,6,6
8183,92,81,11,11
8184,78,68,10,10
8185,113,106,7,7
8186,141,135,6,6
8187,136,117,19,19
8188,103,99,4,4
8189,86,76,10,10
8190,195,182,13,13
8191,75,65,10,10
8192,63,60,3,3
8193,66,63,3,3
8194,127,116,11,11
8195,122,103,19,19
8196,54,92,-38,38
8197,101,95,6,6
8198,93,73,20,20
8199,64,60,4,4
8200,108,101,7,7
8201,111,99,12,12
8202,77,62,15,15
8203,154,140,14,14
8204,94,78,16,16
8205,84,77,7,7
8206,76,80,-4,4
8207,87,75,12,12
8208,126,108,18,18
8209,82,73,9,9
8210,82,79,3,3
8211,80,71,9,9
8212,126,116,10,10
8213,64,59,5,5
8214,142,115,27,27
8215,143,129,14,14
8216,127,131,-4,4
8217,76,71,5,5
8218,57,64,-7,7
8219,109,91,18,18
8220,141,123,18,18
8221,129,110,19,19
8222,114,97,17,17
8223,83,77,6,6
8224,149,136,13,13
8225,47,48,-1,1
8226,88,84,4,4
8227,88,77,11,11
8228,105,97,8,8
8229,93,95,-2,2
8230,109,83,26,26
8231,87,75,12,12
8232,43,33,10,10
8233,81,69,12,12
8234,101,76,25,25
8235,80,60,20,20
8236,112,101,11,11
8237,92,90,2,2
8238,102,91,11,11
8239,71,62,9,9
8240,166,148,18,18
8241,98,84,14,14
8242,129,107,22,22
8243,79,80,-1,1
8244,109,95,14,14
8245,145,126,19,19
8246,166,145,21,21
8247,76,73,3,3
8248,46,42,4,4
8249,113,98,15,15
8250,75,77,-2,2
8251,86,67,19,19
8252,76,69,7,7
8253,88,85,3,3
8254,67,67,0,0
8255,100,88,12,12
8256,71,71,0,0
8257,59,58,1,1
8258,181,160,21,21
8259,56,52,4,4
8260,114,88,26,26
8261,92,87,5,5
8262,100,92,8,8
8263,75,84,-9,9
8264,188,162,26,26
8265,51,44,7,7
8266,84,83,1,1
8267,171,171,0,0
8268,66,56,10,10
8269,92,80,12,12
8270,122,112,10,10
8271,40,42,-2,2
8272,87,79,8,8
8273,122,109,13,13
8274,98,82,16,16
8275,96,86,10,10
8276,120,103,17,17
8277,82,77,5,5
8278,88,75,13,13
8279,60,60,0,0
8280,83,74,9,9
8281,81,63,18,18
8282,151,140,11,11
8283,187,168,19,19
8284,98,101,-3,3
8285,95,80,15,15
8286,77,70,7,7
8287,144,130,14,14
8288,81,77,4,4
8289,91,87,4,4
8290,149,135,14,14
8291,99,107,-8,8
8292,96,74,22,22
8293,129,122,7,7
8294,63,58,5,5
8295,86,74,12,12
8296,64,63,1,1
8297,74,59,15,15
8298,93,85,8,8
8299,85,76,9,9
8300,248,211,37,37
8301,91,83,8,8
8302,58,55,3,3
8303,93,76,17,17
8304,93,87,6,6
8305,55,50,5,5
8306,102,98,4,4
8307,107,90,17,17
8308,79,75,4,4
8309,84,72,12,12
8310,95,84,11,11
8311,110,99,11,11
8312,80,69,11,11
8313,44,37,7,7
8314,96,87,9,9
8315,59,58,1,1
8316,109,102,7,7
8317,198,181,17,17
8318,81,83,-2,2
8319,119,105,14,14
8320,106,100,6,6
8321,114,93,21,21
8322,51,52,-1,1
8323,110,101,9,9
8324,112,104,8,8
8325,99,94,5,5
8326,80,69,11,11
8327,59,59,0,0
8328,110,104,6,6
8329,125,103,22,22
8330,137,117,20,20
8331,73,69,4,4
8332,190,171,19,19
8333,137,131,6,6
8334,46,40,6,6
8335,124,116,8,8
8336,87,76,11,11
8337,114,92,22,22
8338,83,74,9,9
8339,85,77,8,8
8340,142,146,-4,4
8341,108,90,18,18
8342,129,119,10,10
8343,107,90,17,17
8344,109,103,6,6
8345,144,125,19,19
8346,76,69,7,7
8347,38,49,-11,11
8348,157,146,11,11
8349,55,49,6,6
8350,99,95,4,4
8351,153,131,22,22
8352,74,65,9,9
8353,74,69,5,5
8354,78,68,10,10
8355,74,77,-3,3
8356,94,85,9,9
8357,112,93,19,19
8358,141,132,9,9
8359,82,70,12,12
8360,160,152,8,8
8361,103,95,8,8
8362,110,98,12,12
8363,42,42,0,0
8364,69,64,5,5
8365,59,48,11,11
8366,98,88,10,10
8367,75,59,16,16
8368,58,53,5,5
8369,74,63,11,11
8370,108,102,6,6
8371,66,68,-2,2
8372,105,94,11,11
8373,46,54,-8,8
8374,55,49,6,6
8375,71,58,13,13
8376,115,105,10,10
8377,88,73,15,15
8378,47,40,7,7
8379,174,155,19,19
8380,94,78,16,16
8381,74,67,7,7
8382,84,75,9,9
8383,85,67,18,18
8384,65,53,12,12
8385,39,32,7,7
8386,118,97,21,21
8387,101,88,13,13
8388,78,75,3,3
8389,97,103,-6,6
8390,104,92,12,12
8391,98,84,14,14
8392,81,87,-6,6
8393,112,100,12,12
8394,98,87,11,11
8395,96,94,2,2
8396,53,44,9,9
8397,67,74,-7,7
8398,70,67,3,3
8399,114,95,19,19
8400,104,98,6,6
8401,65,64,1,1
8402,80,65,15,15
8403,96,75,21,21
8404,70,62,8,8
8405,105,94,11,11
8406,100,80,20,20
8407,160,136,24,24
8408,91,95,-4,4
8409,100,93,7,7
8410,119,92,27,27
8411,65,60,5,5
8412,99,96,3,3
8413,172,131,41,41
8414,83,71,12,12
8415,85,70,15,15
8416,69,60,9,9
8417,59,60,-1,1
8418,93,88,5,5
8419,81,76,5,5
8420,75,69,6,6
8421,62,53,9,9
8422,115,97,18,18
8423,107,132,-25,25
8424,105,94,11,11
8425,51,50,1,1
8426,76,73,3,3
8427,88,84,4,4
8428,145,131,14,14
8429,114,107,7,7
8430,38,37,1,1
8431,133,122,11,11
8432,74,67,7,7
8433,119,108,11,11
8434,96,83,13,13
8435,143,119,24,24
8436,60,55,5,5
8437,130,109,21,21
8438,120,102,18,18
8439,122,127,-5,5
8440,113,99,14,14
8441,68,70,-2,2
8442,98,85,13,13
8443,143,116,27,27
8444,77,64,13,13
8445,92,87,5,5
8446,61,55,6,6
8447,74,71,3,3
8448,94,73,21,21
8449,102,89,13,13
8450,118,103,15,15
8451,119,109,10,10
8452,193,168,25,25
8453,95,89,6,6
8454,89,84,5,5
8455,129,114,15,15
8456,124,105,19,19
8457,84,70,14,14
8458,76,71,5,5
8459,55,50,5,5
8460,143,125,18,18
8461,134,111,23,23
8462,88,84,4,4
8463,132,123,9,9
8464,114,91,23,23
8465,71,62,9,9
8466,79,64,15,15
8467,101,90,11,11
8468,134,125,9,9
8469,61,39,22,22
8470,81,69,12,12
8471,107,104,3,3
8472,86,74,12,12
8473,83,75,8,8
8474,94,87,7,7
8475,102,100,2,2
8476,110,116,-6,6
8477,137,129,8,8
8478,56,63,-7,7
8479,134,113,21,21
8480,80,79,1,1
8481,46,46,0,0
8482,111,104,7,7
8483,112,99,13,13
8484,121,113,8,8
8485,113,103,10,10
8486,91,90,1,1
8487,47,47,0,0
8488,65,59,6,6
8489,56,60,-4,4
8490,83,80,3,3
8491,85,86,-1,1
8492,102,88,14,14
8493,80,79,1,1
8494,110,98,12,12
8495,141,134,7,7
8496,90,84,6,6
8497,73,64,9,9
8498,60,55,5,5
8499,178,136,42,42
8500,124,123,1,1
8501,108,91,17,17
8502,100,89,11,11
8503,78,72,6,6
8504,115,114,1,1
8505,127,125,2,2
8506,47,39,8,8
8507,58,48,10,10
8508,151,127,24,24
8509,104,86,18,18
8510,56,59,-3,3
8511,79,82,-3,3
8512,67,62,5,5
8513,109,103,6,6
8514,83,67,16,16
8515,101,70,31,31
8516,78,78,0,0
8517,101,118,-17,17
8518,64,66,-2,2
8519,69,60,9,9
8520,81,71,10,10
8521,185,167,18,18
8522,89,74,15,15
8523,137,110,27,27
8524,98,84,14,14
8525,185,162,23,23
8526,62,56,6,6
8527,135,120,15,15
8528,140,122,18,18
8529,166,159,7,7
8530,68,61,7,7
8531,100,97,3,3
8532,122,123,-1,1
8533,105,97,8,8
8534,129,117,12,12
8535,117,106,11,11
8536,74,73,1,1
8537,91,81,10,10
8538,96,86,10,10
8539,96,89,7,7
8540,76,77,-1,1
8541,106,89,17,17
8542,71,62,9,9
8543,43,40,3,3
8544,88,76,12,12
8545,79,82,-3,3
8546,104,89,15,15
8547,82,76,6,6
8548,112,106,6,6
8549,104,99,5,5
8550,55,50,5,5
8551,90,83,7,7
8552,47,54,-7,7
8553,111,89,22,22
8554,127,114,13,13
8555,67,67,0,0
8556,163,139,24,24
8557,154,145,9,9
8558,63,59,4,4
8559,50,47,3,3
8560,56,61,-5,5
8561,104,103,1,1
8562,80,76,4,4
8563,83,69,14,14
8564,64,62,2,2
8565,55,50,5,5
8566,84,66,18,18
8567,130,117,13,13
8568,85,79,6,6
8569,109,100,9,9
8570,153,126,27,27
8571,104,94,10,10
8572,129,113,16,16
8573,106,90,16,16
8574,173,163,10,10
8575,93,85,8,8
8576,93,80,13,13
8577,99,86,13,13
8578,66,62,4,4
8579,98,87,11,11
8580,110,127,-17,17
8581,50,56,-6,6
8582,104,96,8,8
8583,110,95,15,15
8584,60,65,-5,5
8585,102,86,16,16
8586,87,77,10,10
8587,133,123,10,10
8588,133,121,12,12
8589,122,99,23,23
8590,92,81,11,11
8591,139,125,14,14
8592,52,48,4,4
8593,83,90,-7,7
8594,91,80,11,11
8595,65,60,5,5
8596,113,108,5,5
8597,77,74,3,3
8598,161,136,25,25
8599,92,85,7,7
8600,180,147,33,33
8601,77,69,8,8
8602,109,97,12,12
8603,81,77,4,4
8604,98,94,4,4
8605,54,48,6,6
8606,126,111,15,15
8607,91,86,5,5
8608,77,74,3,3
8609,124,112,12,12
8610,78,77,1,1
8611,189,149,40,40
8612,80,71,9,9
8613,159,131,28,28
8614,73,71,2,2
8615,90,91,-1,1
8616,62,69,-7,7
8617,90,81,9,9
8618,134,132,2,2
8619,121,94,27,27
8620,87,78,9,9
8621,59,54,5,5
8622,89,92,-3,3
8623,105,99,6,6
8624,97,82,15,15
8625,110,92,18,18
8626,141,115,26,26
8627,85,79,6,6
8628,132,120,12,12
8629,89,79,10,10
8630,75,72,3,3
8631,81,69,12,12
8632,77,59,18,18
8633,104,92,12,12
8634,132,135,-3,3
8635,136,116,20,20
8636,82,77,5,5
8637,85,83,2,2
8638,76,70,6,6
8639,109,117,-8,8
8640,51,50,1,1
8641,85,84,1,1
8642,58,55,3,3
8643,161,149,12,12
8644,85,80,5,5
8645,61,48,13,13
8646,82,76,6,6
8647,114,108,6,6
8648,113,101,12,12
8649,82,75,7,7
8650,128,113,15,15
8651,113,104,9,9
8652,61,64,-3,3
8653,85,71,14,14
8654,112,100,12,12
8655,76,64,12,12
8656,89,81,8,8
8657,142,120,22,22
8658,81,72,9,9
8659,143,127,16,16
8660,94,78,16,16
8661,134,103,31,31
8662,59,51,8,8
8663,55,57,-2,2
8664,75,75,0,0
8665,87,86,1,1
8666,69,54,15,15
8667,104,93,11,11
8668,57,45,12,12
8669,68,59,9,9
8670,169,147,22,22
8671,114,108,6,6
8672,92,81,11,11
8673,97,80,17,17
8674,121,108,13,13
8675,89,65,24,24
8676,116,111,5,5
8677,93,92,1,1
8678,116,97,19,19
8679,125,118,7,7
8680,82,99,-17,17
8681,50,43,7,7
8682,46,46,0,0
8683,45,44,1,1
8684,120,111,9,9
8685,93,83,10,10
8686,102,95,7,7
8687,126,115,11,11
8688,108,117,-9,9
8689,110,102,8,8
8690,101,90,11,11
8691,73,70,3,3
8692,58,53,5,5
8693,113,99,14,14
8694,136,132,4,4
8695,64,61,3,3
8696,125,150,-25,25
8697,88,72,16,16
8698,92,80,12,12
8699,106,94,12,12
8700,90,96,-6,6
8701,85,75,10,10
8702,80,72,8,8
8703,110,98,12,12
8704,80,74,6,6
8705,117,104,13,13
8706,47,53,-6,6
8707,112,98,14,14
8708,84,79,5,5
8709,116,105,11,11
8710,61,60,1,1
8711,82,69,13,13
8712,164,132,32,32
8713,125,114,11,11
8714,80,74,6,6
8715,66,62,4,4
8716,61,61,0,0
8717,82,94,-12,12
8718,81,78,3,3
8719,143,118,25,25
8720,145,118,27,27
8721,75,64,11,11
8722,60,77,-17,17
8723,86,84,2,2
8724,99,95,4,4
8725,112,104,8,8
8726,98,86,12,12
8727,96,87,9,9
8728,64,68,-4,4
8729,62,58,4,4
8730,123,121,2,2
8731,83,79,4,4
8732,101,92,9,9
8733,27,24,3,3
8734,167,147,20,20
8735,149,140,9,9
8736,94,82,12,12
8737,155,140,15,15
8738,39,33,6,6
8739,62,58,4,4
8740,81,69,12,12
8741,58,52,6,6
8742,74,75,-1,1
8743,139,131,8,8
8744,74,64,10,10
8745,84,83,1,1
8746,155,117,38,38
8747,114,105,9,9
8748,152,206,-54,54
8749,104,87,17,17
8750,92,93,-1,1
8751,55,59,-4,4
8752,91,80,11,11
8753,90,74,16,16
8754,86,76,10,10
8755,76,72,4,4
8756,86,83,3,3
8757,49,42,7,7
8758,105,98,7,7
8759,67,60,7,7
8760,96,115,-19,19
8761,105,97,8,8
8762,98,77,21,21
8763,114,102,12,12
8764,114,109,5,5
8765,103,106,-3,3
8766,128,112,16,16
8767,110,94,16,16
8768,89,70,19,19
8769,67,58,9,9
8770,136,111,25,25
8771,154,137,17,17
8772,62,63,-1,1
8773,109,101,8,8
8774,91,82,9,9
8775,63,57,6,6
8776,172,157,15,15
8777,93,77,16,16
8778,81,71,10,10
8779,87,83,4,4
8780,49,61,-12,12
8781,157,151,6,6
8782,87,76,11,11
8783,61,76,-15,15
8784,60,54,6,6
8785,129,116,13,13
8786,75,61,14,14
8787,86,86,0,0
8788,37,33,4,4
8789,110,100,10,10
8790,124,106,18,18
8791,65,62,3,3
8792,148,145,3,3
8793,73,79,-6,6
8794,105,104,1,1
8795,70,71,-1,1
8796,63,67,-4,4
8797,71,62,9,9
8798,71,68,3,3
8799,68,63,5,5
8800,96,81,15,15
8801,87,77,10,10
8802,88,82,6,6
8803,69,61,8,8
8804,83,76,7,7
8805,72,74,-2,2
8806,98,97,1,1
8807,126,113,13,13
8808,45,48,-3,3
8809,52,45,7,7
8810,103,100,3,3
8811,77,67,10,10
8812,83,68,15,15
8813,73,58,15,15
8814,108,96,12,12
8815,73,72,1,1
8816,80,75,5,5
8817,57,51,6,6
8818,63,58,5,5
8819,24,26,-2,2
8820,89,67,22,22
8821,61,58,3,3
8822,97,91,6,6
8823,85,81,4,4
8824,143,132,11,11
8825,129,111,18,18
8826,75,76,-1,1
8827,71,67,4,4
8828,92,77,15,15
8829,72,60,12,12
8830,91,75,16,16
8831,83,65,18,18
8832,75,72,3,3
8833,66,60,6,6
8834,43,44,-1,1
8835,127,112,15,15
8836,125,123,2,2
8837,44,42,2,2
8838,51,54,-3,3
8839,54,50,4,4
8840,203,209,-6,6
8841,127,112,15,15
8842,102,91,11,11
8843,81,69,12,12
8844,69,56,13,13
8845,121,109,12,12
8846,85,70,15,15
8847,125,107,18,18
8848,138,118,20,20
8849,191,151,40,40
8850,92,92,0,0
8851,94,80,14,14
8852,128,117,11,11
8853,35,43,-8,8
8854,104,96,8,8
8855,86,73,13,13
8856,132,114,18,18
8857,89,80,9,9
8858,48,46,2,2
8859,75,62,13,13
8860,80,61,19,19
8861,100,86,14,14
8862,115,105,10,10
8863,135,122,13,13
8864,88,83,5,5
8865,108,93,15,15
8866,141,135,6,6
8867,81,73,8,8
8868,147,137,10,10
8869,94,81,13,13
8870,86,78,8,8
8871,125,113,12,12
8872,62,59,3,3
8873,82,74,8,8
8874,123,106,17,17
8875,80,70,10,10
8876,108,93,15,15
8877,91,73,18,18
8878,124,113,11,11
8879,93,96,-3,3
8880,141,148,-7,7
8881,97,56,41,41
8882,177,156,21,21
8883,80,76,4,4
8884,133,142,-9,9
8885,98,96,2,2
8886,104,87,17,17
8887,64,58,6,6
8888,170,150,20,20
8889,91,87,4,4
8890,98,87,11,11
8891,125,109,16,16
8892,65,63,2,2
8893,86,80,6,6
8894,75,62,13,13
8895,72,68,4,4
8896,53,65,-12,12
8897,93,75,18,18
8898,69,63,6,6
8899,95,80,15,15
8900,76,71,5,5
8901,73,66,7,7
8902,56,51,5,5
8903,92,85,7,7
8904,43,45,-2,2
8905,60,56,4,4
8906,74,78,-4,4
8907,85,83,2,2
8908,91,82,9,9
8909,92,80,12,12
8910,91,81,10,10
8911,60,61,-1,1
8912,142,139,3,3
8913,127,123,4,4
8914,87,81,6,6
8915,130,129,1,1
8916,104,92,12,12
8917,62,53,9,9
8918,125,121,4,4
8919,96,164,-68,68
8920,170,135,35,35
8921,103,109,-6,6
8922,185,153,32,32
8923,80,72,8,8
8924,56,58,-2,2
8925,105,109,-4,4
8926,63,58,5,5
8927,88,82,6,6
8928,79,74,5,5
8929,60,65,-5,5
8930,84,78,6,6
8931,123,119,4,4
8932,107,94,13,13
8933,94,87,7,7
8934,70,68,2,2
8935,141,117,24,24
8936,56,45,11,11
8937,166,152,14,14
8938,120,96,24,24
8939,137,112,25,25
8940,88,79,9,9
8941,127,95,32,32
8942,157,140,17,17
8943,130,123,7,7
8944,106,101,5,5
8945,131,121,10,10
8946,54,50,4,4
8947,132,117,15,15
8948,80,70,10,10
8949,81,80,1,1
8950,128,102,26,26
8951,36,35,1,1
8952,106,100,6,6
8953,85,80,5,5
8954,64,60,4,4
8955,81,75,6,6
8956,120,104,16,16
8957,130,111,19,19
8958,99,83,16,16
8959,70,62,8,8
8960,78,65,13,13
8961,112,110,2,2
8962,82,74,8,8
8963,184,152,32,32
8964,129,127,2,2
8965,111,95,16,16
8966,99,102,-3,3
8967,51,55,-4,4
8968,102,91,11,11
8969,66,63,3,3
8970,74,70,4,4
8971,129,122,7,7
8972,54,54,0,0
8973,117,126,-9,9
8974,120,107,13,13
8975,73,73,0,0
8976,177,160,17,17
8977,157,142,15,15
8978,77,71,6,6
8979,55,53,2,2
8980,132,116,16,16
8981,180,154,26,26
8982,72,64,8,8
8983,88,87,1,1
8984,71,68,3,3
8985,85,74,11,11
8986,51,45,6,6
8987,61,60,1,1
8988,76,67,9,9
8989,90,82,8,8
8990,64,63,1,1
8991,67,81,-14,14
8992,95,85,10,10
8993,46,40,6,6
8994,92,76,16,16
8995,121,127,-6,6
8996,93,87,6,6
8997,92,88,4,4
8998,52,49,3,3
8999,112,112,0,0
9000,66,96,-30,30
9001,76,64,12,12
9002,157,141,16,16
9003,75,67,8,8
9004,68,64,4,4
9005,64,63,1,1
9006,135,114,21,21
9007,107,95,12,12
9008,79,74,5,5
9009,82,76,6,6
9010,101,84,17,17
9011,142,153,-11,11
9012,108,99,9,9
9013,93,91,2,2
9014,111,108,3,3
9015,111,96,15,15
9016,101,83,18,18
9017,67,59,8,8
9018,58,52,6,6
9019,117,103,14,14
9020,100,89,11,11
9021,96,84,12,12
9022,106,98,8,8
9023,82,76,6,6
9024,57,55,2,2
9025,95,78,17,17
9026,92,80,12,12
9027,78,72,6,6
9028,85,73,12,12
9029,46,37,9,9
9030,60,62,-2,2
9031,68,68,0,0
9032,90,82,8,8
9033,106,99,7,7
9034,72,63,9,9
9035,91,79,12,12
9036,142,129,13,13
9037,63,52,11,11
9038,55,50,5,5
9039,112,98,14,14
9040,165,152,13,13
9041,80,70,10,10
9042,58,50,8,8
9043,96,94,2,2
9044,69,61,8,8
9045,85,89,-4,4
9046,74,72,2,2
9047,148,129,19,19
9048,61,54,7,7
9049,114,108,6,6
9050,117,105,12,12
9051,87,80,7,7
9052,148,133,15,15
9053,129,111,18,18
9054,100,83,17,17
9055,79,72,7,7
9056,84,73,11,11
9057,75,67,8,8
9058,101,90,11,11
9059,74,68,6,6
9060,98,78,20,20
9061,97,89,8,8
9062,58,53,5,5
9063,104,91,13,13
9064,122,106,16,16
9065,33,36,-3,3
9066,62,51,11,11
9067,59,62,-3,3
9068,66,66,0,0
9069,112,99,13,13
9070,109,91,18,18
9071,67,66,1,1
9072,157,165,-8,8
9073,147,133,14,14
9074,114,103,11,11
9075,45,37,8,8
9076,71,70,1,1
9077,135,118,17,17
9078,64,50,14,14
9079,101,100,1,1
9080,93,89,4,4
9081,92,77,15,15
9082,128,113,15,15
9083,90,75,15,15
9084,113,91,22,22
9085,62,54,8,8
9086,66,57,9,9
9087,69,64,5,5
9088,90,79,11,11
9089,69,58,11,11
9090,87,80,7,7
9091,70,77,-7,7
9092,88,80,8,8
9093,60,61,-1,1
9094,172,148,24,24
9095,94,85,9,9
9096,53,53,0,0
9097,81,71,10,10
9098,103,92,11,11
9099,146,128,18,18
9100,93,85,8,8
9101,106,101,5,5
9102,115,97,18,18
9103,171,147,24,24
9104,80,74,6,6
9105,89,74,15,15
9106,75,74,1,1
9107,197,169,28,28
9108,52,55,-3,3
9109,56,53,3,3
9110,76,68,8,8
9111,136,125,11,11
9112,127,117,10,10
9113,102,96,6,6
9114,100,94,6,6
9115,154,135,19,19
9116,127,127,0,0
9117,115,101,14,14
9118,69,68,1,1
9119,113,91,22,22
9120,116,107,9,9
9121,92,85,7,7
9122,95,90,5,5
9123,81,67,14,14
9124,81,75,6,6
9125,148,137,11,11
9126,94,83,11,11
9127,117,107,10,10
9128,47,47,0,0
9129,100,84,16,16
9130,133,117,16,16
9131,79,91,-12,12
9132,147,129,18,18
9133,62,60,2,2
9134,77,74,3,3
9135,154,132,22,22
9136,112,107,5,5
9137,65,57,8,8
9138,42,38,4,4
9139,114,101,13,13
9140,114,100,14,14
9141,77,64,13,13
9142,68,69,-1,1
9143,84,81,3,3
9144,120,113,7,7
9145,132,121,11,11
9146,113,115,-2,2
9147,86,75,11,11
9148,78,73,5,5
9149,73,80,-7,7
9150,68,56,12,12
9151,93,87,6,6
9152,113,112,1,1
9153,58,55,3,3
9154,63,61,2,2
9155,54,44,10,10
9156,123,100,23,23
9157,43,37,6,6
9158,82,71,11,11
9159,144,129,15,15
9160,73,67,6,6
9161,49,48,1,1
9162,103,87,16,16
9163,179,170,9,9
9164,106,95,11,11
9165,93,94,-1,1
9166,135,135,0,0
9167,120,111,9,9
9168,130,116,14,14
9169,79,83,-4,4
9170,82,73,9,9
9171,55,51,4,4
9172,74,59,15,15
9173,153,142,11,11
9174,93,86,7,7
9175,107,96,11,11
9176,136,138,-2,2
9177,88,84,4,4
9178,56,61,-5,5
9179,171,145,26,26
9180,115,103,12,12
9181,53,56,-3,3
9182,124,115,9,9
9183,117,99,18,18
9184,76,70,6,6
9185,168,145,23,23
9186,78,66,12,12
9187,42,38,4,4
9188,74,69,5,5
9189,156,128,28,28
9190,81,71,10,10
9191,88,74,14,14
9192,169,146,23,23
9193,74,66,8,8
9194,108,98,10,10
9195,98,78,20,20
9196,175,177,-2,2
9197,39,37,2,2
9198,47,48,-1,1
9199,100,78,22,22
9200,105,85,20,20
9201,103,94,9,9
9202,114,102,12,12
9203,65,63,2,2
9204,70,60,10,10
9205,79,67,12,12
9206,96,89,7,7
9207,123,120,3,3
9208,94,85,9,9
9209,124,117,7,7
9210,102,87,15,15
9211,108,95,13,13
9212,78,75,3,3
9213,111,104,7,7
9214,84,85,-1,1
9215,58,46,12,12
9216,124,108,16,16
9217,92,81,11,11
9218,75,72,3,3
9219,64,48,16,16
9220,89,75,14,14
9221,88,84,4,4
9222,58,63,-5,5
9223,116,106,10,10
9224,57,56,1,1
9225,98,88,10,10
9226,138,133,5,5
9227,87,84,3,3
9228,58,49,9,9
9229,141,122,19,19
9230,72,64,8,8
9231,63,66,-3,3
9232,173,152,21,21
9233,113,101,12,12
9234,114,98,16,16
9235,95,78,17,17
9236,80,76,4,4
9237,75,68,7,7
9238,113,105,8,8
9239,86,86,0,0
9240,54,53,1,1
9241,99,88,11,11
9242,149,129,20,20
9243,73,57,16,16
9244,86,70,16,16
9245,108,95,13,13
9246,74,66,8,8
9247,59,56,3,3
9248,106,103,3,3
9249,158,129,29,29
9250,45,57,-12,12
9251,77,69,8,8
9252,116,118,-2,2
9253,52,45,7,7
9254,93,94,-1,1
9255,129,112,17,17
9256,63,57,6,6
9257,41,41,0,0
9258,62,53,9,9
9259,168,153,15,15
9260,117,105,12,12
9261,142,124,18,18
9262,112,96,16,16
9263,101,90,11,11
9264,86,75,11,11
9265,77,72,5,5
9266,141,123,18,18
9267,80,84,-4,4
9268,107,109,-2,2
9269,90,80,10,10
9270,65,66,-1,1
9271,57,49,8,8
9272,89,74,15,15
9273,63,59,4,4
9274,121,107,14,14
9275,108,94,14,14
9276,83,78,5,5
9277,116,104,12,12
9278,66,65,1,1
9279,128,120,8,8
9280,98,89,9,9
9281,76,72,4,4
9282,130,111,19,19
9283,55,50,5,5
9284,64,60,4,4
9285,107,108,-1,1
9286,117,97,20,20
9287,124,113,11,11
9288,88,78,10,10
9289,44,39,5,5
9290,89,80,9,9
9291,82,80,2,2
9292,78,70,8,8
9293,63,61,2,2
9294,60,48,12,12
9295,55,51,4,4
9296,80,77,3,3
9297,56,53,3,3
9298,68,67,1,1
9299,177,166,11,11
9300,69,63,6,6
9301,63,59,4,4
9302,116,103,13,13
9303,96,92,4,4
9304,142,113,29,29
9305,85,75,10,10
9306,56,58,-2,2
9307,91,81,10,10
9308,72,67,5,5
9309,69,71,-2,2
9310,114,97,17,17
9311,131,123,8,8
9312,70,68,2,2
9313,138,123,15,15
9314,103,91,12,12
9315,69,68,1,1
9316,97,90,7,7
9317,98,106,-8,8
9318,117,100,17,17
9319,95,94,1,1
9320,130,114,16,16
9321,174,145,29,29
9322,114,107,7,7
9323,87,87,0,0
9324,92,86,6,6
9325,57,54,3,3
9326,93,80,13,13
9327,90,81,9,9
9328,87,85,2,2
9329,87,80,7,7
9330,115,108,7,7
9331,103,97,6,6
9332,66,58,8,8
9333,95,83,12,12
9334,98,88,10,10
9335,82,72,10,10
9336,63,52,11,11
9337,39,39,0,0
9338,60,60,0,0
9339,112,99,13,13
9340,159,141,18,18
9341,41,42,-1,1
9342,96,88,8,8
9343,117,100,17,17
9344,69,64,5,5
9345,82,77,5,5
9346,125,105,20,20
9347,82,73,9,9
9348,65,63,2,2
9349,92,75,17,17
9350,91,86,5,5
9351,91,81,10,10
9352,95,89,6,6
9353,28,33,-5,5
9354,64,56,8,8
9355,73,63,10,10
9356,122,100,22,22
9357,76,73,3,3
9358,82,72,10,10
9359,134,117,17,17
9360,118,101,17,17
9361,72,68,4,4
9362,96,114,-18,18
9363,176,152,24,24
9364,156,141,15,15
9365,64,75,-11,11
9366,99,99,0,0
9367,94,83,11,11
9368,84,72,12,12
9369,88,82,6,6
9370,144,135,9,9
9371,123,106,17,17
9372,99,96,3,3
9373,63,75,-12,12
9374,64,60,4,4
9375,141,121,20,20
9376,71,80,-9,9
9377,166,144,22,22
9378,118,101,17,17
9379,120,100,20,20
9380,145,123,22,22
9381,87,80,7,7
9382,90,86,4,4
9383,80,82,-2,2
9384,125,114,11,11
9385,59,48,11,11
9386,171,151,20,20
9387,72,62,10,10
9388,121,97,24,24
9389,47,40,7,7
9390,73,76,-3,3
9391,124,99,25,25
9392,87,84,3,3
9393,95,85,10,10
9394,77,68,9,9
9395,167,152,15,15
9396,53,44,9,9
9397,89,79,10,10
9398,83,70,13,13
9399,77,80,-3,3
9400,127,116,11,11
9401,94,92,2,2
9402,95,77,18,18
9403,93,88,5,5
9404,74,64,10,10
9405,112,108,4,4
9406,117,100,17,17
9407,69,63,6,6
9408,88,76,12,12
9409,71,66,5,5
9410,57,44,13,13
9411,89,75,14,14
9412,98,102,-4,4
9413,123,115,8,8
9414,88,76,12,12
9415,136,113,23,23
9416,85,69,16,16
9417,93,80,13,13
9418,150,144,6,6
9419,50,47,3,3
9420,77,73,4,4
9421,87,86,1,1
9422,123,111,12,12
9423,71,69,2,2
9424,142,130,12,12
9425,78,74,4,4
9426,111,98,13,13
9427,54,66,-12,12
9428,66,62,4,4
9429,110,92,18,18
9430,96,85,11,11
9431,56,52,4,4
9432,17,24,-7,7
9433,84,75,9,9
9434,108,100,8,8
9435,103,81,22,22
9436,102,93,9,9
9437,81,76,5,5
9438,125,116,9,9
9439,120,120,0,0
9440,89,80,9,9
9441,73,63,10,10
9442,110,97,13,13
9443,86,77,9,9
9444,94,88,6,6
9445,76,65,11,11
9446,72,63,9,9
9447,41,43,-2,2
9448,129,114,15,15
9449,80,72,8,8
9450,92,77,15,15
9451,208,171,37,37
9452,170,155,15,15
9453,88,82,6,6
9454,43,42,1,1
9455,65,57,8,8
9456,52,48,4,4
9457,44,42,2,2
9458,96,95,1,1
9459,165,147,18,18
9460,92,78,14,14
9461,104,82,22,22
9462,131,118,13,13
9463,73,69,4,4
9464,131,110,21,21
9465,51,61,-10,10
9466,63,63,0,0
9467,107,103,4,4
9468,109,118,-9,9
9469,131,106,25,25
9470,96,82,14,14
9471,90,69,21,21
9472,60,63,-3,3
9473,106,97,9,9
9474,101,77,24,24
9475,67,63,4,4
9476,117,106,11,11
9477,76,71,5,5
9478,78,65,13,13
9479,94,82,12,12
9480,95,86,9,9
9481,78,61,17,17
9482,133,124,9,9
9483,41,48,-7,7
9484,105,95,10,10
9485,102,87,15,15
9486,88,88,0,0
9487,106,98,8,8
9488,89,79,10,10
9489,98,112,-14,14
9490,128,113,15,15
9491,102,97,5,5
9492,132,126,6,6
9493,101,90,11,11
9494,144,131,13,13
9495,61,57,4,4
9496,61,57,4,4
9497,114,110,4,4
9498,125,114,11,11
9499,70,63,7,7
9500,83,76,7,7
9501,147,134,13,13
9502,97,92,5,5
9503,82,75,7,7
9504,87,72,15,15
9505,94,81,13,13
9506,54,56,-2,2
9507,71,70,1,1
9508,105,88,17,17
9509,87,81,6,6
9510,95,97,-2,2
9511,71,69,2,2
9512,76,74,2,2
9513,123,111,12,12
9514,127,104,23,23
9515,84,85,-1,1
9516,48,51,-3,3
9517,108,86,22,22
9518,157,122,35,35
9519,54,52,2,2
9520,100,82,18,18
9521,118,104,14,14
9522,57,54,3,3
9523,137,122,15,15
9524,80,75,5,5
9525,48,44,4,4
9526,49,39,10,10
9527,94,87,7,7
9528,101,88,13,13
9529,64,62,2,2
9530,114,117,-3,3
9531,82,71,11,11
9532,62,60,2,2
9533,57,60,-3,3
9534,88,88,0,0
9535,92,90,2,2
9536,66,76,-10,10
9537,76,75,1,1
9538,59,53,6,6
9539,89,81,8,8
9540,63,60,3,3
9541,51,47,4,4
9542,123,113,10,10
9543,88,83,5,5
9544,59,60,-1,1
9545,66,58,8,8
9546,135,109,26,26
9547,54,53,1,1
9548,24,25,-1,1
9549,91,72,19,19
9550,166,149,17,17
9551,45,38,7,7
9552,95,81,14,14
9553,99,92,7,7
9554,70,71,-1,1
9555,81,66,15,15
9556,97,77,20,20
9557,75,79,-4,4
9558,55,56,-1,1
9559,86,86,0,0
9560,172,150,22,22
9561,65,69,-4,4
9562,174,144,30,30
9563,78,74,4,4
9564,81,80,1,1
9565,68,58,10,10
9566,74,61,13,13
9567,46,43,3,3
9568,119,117,2,2
9569,48,46,2,2
9570,112,106,6,6
9571,135,139,-4,4
9572,91,71,20,20
9573,103,88,15,15
9574,95,106,-11,11
9575,91,71,20,20
9576,201,164,37,37
9577,89,79,10,10
9578,71,61,10,10
9579,198,173,25,25
9580,93,77,16,16
9581,82,73,9,9
9582,132,116,16,16
9583,79,85,-6,6
9584,60,56,4,4
9585,72,75,-3,3
9586,107,104,3,3
9587,112,100,12,12
9588,99,96,3,3
9589,104,104,0,0
9590,68,62,6,6
9591,57,53,4,4
9592,47,48,-1,1
9593,96,84,12,12
9594,95,98,-3,3
9595,43,42,1,1
9596,116,98,18,18
9597,65,65,0,0
9598,106,87,19,19
9599,117,117,0,0
9600,96,84,12,12
9601,67,59,8,8
9602,100,82,18,18
9603,108,98,10,10
9604,103,92,11,11
9605,58,55,3,3
9606,88,79,9,9
9607,133,116,17,17
9608,161,145,16,16
9609,95,81,14,14
9610,99,80,19,19
9611,69,62,7,7
9612,112,99,13,13
9613,127,111,16,16
9614,66,61,5,5
9615,116,111,5,5
9616,105,102,3,3
9617,100,83,17,17
9618,93,86,7,7
9619,79,78,1,1
9620,121,101,20,20
9621,86,85,1,1
9622,88,75,13,13
9623,177,145,32,32
9624,67,58,9,9
9625,73,65,8,8
9626,105,91,14,14
9627,115,104,11,11
9628,141,127,14,14
9629,75,69,6,6
9630,58,55,3,3
9631,86,78,8,8
9632,137,122,15,15
9633,113,108,5,5
9634,92,79,13,13
9635,83,81,2,2
9636,103,107,-4,4
9637,145,111,34,34
9638,84,75,9,9
9639,123,118,5,5
9640,104,91,13,13
9641,61,55,6,6
9642,79,74,5,5
9643,90,103,-13,13
9644,115,109,6,6
9645,138,135,3,3
9646,80,74,6,6
9647,92,93,-1,1
9648,126,114,12,12
9649,62,44,18,18
9650,81,78,3,3
9651,88,78,10,10
9652,90,87,3,3
9653,70,63,7,7
9654,113,100,13,13
9655,81,79,2,2
9656,70,72,-2,2
9657,87,77,10,10
9658,62,61,1,1
9659,54,52,2,2
9660,85,78,7,7
9661,76,65,11,11
9662,44,42,2,2
9663,106,90,16,16
9664,116,105,11,11
9665,114,94,20,20
9666,156,141,15,15
9667,127,108,19,19
9668,61,56,5,5
9669,57,48,9,9
9670,128,116,12,12
9671,90,74,16,16
9672,113,102,11,11
9673,81,71,10,10
9674,48,53,-5,5
9675,47,45,2,2
9676,139,118,21,21
9677,154,140,14,14
9678,104,101,3,3
9679,97,89,8,8
9680,123,115,8,8
9681,68,55,13,13
9682,94,89,5,5
9683,77,78,-1,1
9684,45,40,5,5
9685,78,71,7,7
9686,75,71,4,4
9687,79,70,9,9
9688,175,163,12,12
9689,117,103,14,14
9690,108,93,15,15
9691,106,101,5,5
9692,82,65,17,17
9693,112,96,16,16
9694,74,66,8,8
9695,117,108,9,9
9696,94,91,3,3
9697,226,198,28,28
9698,120,98,22,22
9699,40,38,2,2
9700,40,95,-55,55
9701,119,111,8,8
9702,51,50,1,1
9703,61,54,7,7
9704,119,106,13,13
9705,97,80,17,17
9706,70,67,3,3
9707,101,85,16,16
9708,160,141,19,19
9709,88,76,12,12
9710,41,48,-7,7
9711,86,77,9,9
9712,76,73,3,3
9713,66,67,-1,1
9714,110,102,8,8
9715,120,107,13,13
9716,97,91,6,6
9717,89,89,0,0
9718,117,105,12,12
9719,59,63,-4,4
9720,145,129,16,16
9721,84,69,15,15
9722,78,78,0,0
9723,65,57,8,8
9724,62,54,8,8
9725,114,105,9,9
9726,76,74,2,2
9727,51,49,2,2
9728,131,132,-1,1
9729,162,160,2,2
9730,90,90,0,0
9731,95,86,9,9
9732,49,54,-5,5
9733,81,77,4,4
9734,103,93,10,10
9735,136,130,6,6
9736,116,105,11,11
9737,74,68,6,6
9738,54,58,-4,4
9739,110,104,6,6
9740,113,90,23,23
9741,142,110,32,32
9742,130,98,32,32
9743,156,135,21,21
9744,186,176,10,10
9745,70,63,7,7
9746,115,97,18,18
9747,149,119,30,30
9748,135,116,19,19
9749,72,62,10,10
9750,143,131,12,12
9751,190,162,28,28
9752,117,116,1,1
9753,124,97,27,27
9754,78,80,-2,2
9755,90,86,4,4
9756,49,42,7,7
9757,52,53,-1,1
9758,48,50,-2,2
9759,69,65,4,4
9760,69,66,3,3
9761,40,46,-6,6
9762,89,86,3,3
9763,85,77,8,8
9764,104,103,1,1
9765,130,113,17,17
9766,110,82,28,28
9767,136,116,20,20
9768,91,74,17,17
9769,83,80,3,3
9770,50,45,5,5
9771,104,96,8,8
9772,83,73,10,10
9773,114,105,9,9
9774,119,121,-2,2
9775,88,77,11,11
9776,68,83,-15,15
9777,84,94,-10,10
9778,93,68,25,25
9779,56,53,3,3
9780,66,63,3,3
9781,60,54,6,6
9782,58,55,3,3
9783,142,129,13,13
9784,197,166,31,31
9785,53,50,3,3
9786,86,96,-10,10
9787,85,77,8,8
9788,153,128,25,25
9789,58,54,4,4
9790,78,71,7,7
9791,159,139,20,20
9792,129,116,13,13
9793,115,105,10,10
9794,64,56,8,8
9795,142,129,13,13
9796,83,74,9,9
9797,171,162,9,9
9798,137,104,33,33
9799,107,100,7,7
9800,101,82,19,19
9801,75,60,15,15
9802,103,89,14,14
9803,80,73,7,7
9804,51,51,0,0
9805,92,74,18,18
9806,88,81,7,7
9807,96,90,6,6
9808,140,117,23,23
9809,107,97,10,10
9810,59,56,3,3
9811,128,106,22,22
9812,80,71,9,9
9813,40,37,3,3
9814,139,128,11,11
9815,79,65,14,14
9816,89,80,9,9
9817,127,116,11,11
9818,132,112,20,20
9819,104,100,4,4
9820,100,81,19,19
9821,76,71,5,5
9822,182,138,44,44
9823,43,39,4,4
9824,56,52,4,4
9825,140,120,20,20
9826,98,90,8,8
9827,66,71,-5,5
9828,52,38,14,14
9829,100,88,12,12
9830,131,108,23,23
9831,47,48,-1,1
9832,57,48,9,9
9833,58,56,2,2
9834,100,88,12,12
9835,143,139,4,4
9836,81,70,11,11
9837,130,102,28,28
9838,63,64,-1,1
9839,84,92,-8,8
9840,86,78,8,8
9841,118,105,13,13
9842,109,92,17,17
9843,176,167,9,9
9844,68,62,6,6
9845,102,95,7,7
9846,65,57,8,8
9847,88,83,5,5
9848,127,109,18,18
9849,56,50,6,6
9850,104,95,9,9
9851,105,85,20,20
9852,84,75,9,9
9853,27,58,-31,31
9854,95,89,6,6
9855,77,71,6,6
9856,192,179,13,13
9857,78,64,14,14
9858,122,114,8,8
9859,80,77,3,3
9860,94,74,20,20
9861,126,111,15,15
9862,44,44,0,0
9863,73,71,2,2
9864,104,75,29,29
9865,71,61,10,10
9866,65,65,0,0
9867,96,72,24,24
9868,116,90,26,26
9869,103,98,5,5
9870,129,118,11,11
9871,143,131,12,12
9872,100,109,-9,9
9873,133,115,18,18
9874,64,58,6,6
9875,121,110,11,11
9876,61,60,1,1
9877,55,55,0,0
9878,49,45,4,4
9879,86,76,10,10
9880,85,75,10,10
9881,61,55,6,6
9882,128,126,2,2
9883,91,70,21,21
9884,99,77,22,22
9885,92,82,10,10
9886,179,160,19,19
9887,114,93,21,21
9888,66,56,10,10
9889,78,78,0,0
9890,69,65,4,4
9891,121,106,15,15
9892,85,65,20,20
9893,110,114,-4,4
9894,92,89,3,3
9895,117,96,21,21
9896,174,152,22,22
9897,135,125,10,10
9898,64,55,9,9
9899,75,65,10,10
9900,97,100,-3,3
9901,120,112,8,8
9902,102,89,13,13
9903,91,78,13,13
9904,70,68,2,2
9905,64,64,0,0
9906,49,46,3,3
9907,94,93,1,1
9908,71,72,-1,1
9909,136,152,-16,16
9910,68,64,4,4
9911,122,111,11,11
9912,73,64,9,9
9913,114,106,8,8
9914,98,90,8,8
9915,104,94,10,10
9916,103,89,14,14
9917,108,92,16,16
9918,127,113,14,14
9919,130,124,6,6
9920,95,88,7,7
9921,89,75,14,14
9922,73,69,4,4
9923,157,128,29,29
9924,103,87,16,16
9925,105,93,12,12
9926,112,96,16,16
9927,109,95,14,14
9928,79,68,11,11
9929,92,104,-12,12
9930,72,59,13,13
9931,48,49,-1,1
9932,98,81,17,17
9933,111,102,9,9
9934,119,103,16,16
9935,139,114,25,25
9936,55,61,-6,6
9937,107,104,3,3
9938,135,135,0,0
9939,102,88,14,14
9940,88,86,2,2
9941,105,107,-2,2
9942,136,112,24,24
9943,82,76,6,6
9944,67,60,7,7
9945,123,110,13,13
9946,120,111,9,9
9947,94,94,0,0
9948,51,46,5,5
9949,95,80,15,15
9950,92,82,10,10
9951,154,123,31,31
9952,76,75,1,1
9953,59,51,8,8
9954,153,132,21,21
9955,66,69,-3,3
9956,96,93,3,3
9957,131,117,14,14
9958,81,73,8,8
9959,80,75,5,5
9960,59,57,2,2
9961,72,70,2,2
9962,148,129,19,19
9963,123,126,-3,3
9964,72,64,8,8
9965,59,58,1,1
9966,145,131,14,14
9967,95,89,6,6
9968,125,115,10,10
9969,79,71,8,8
9970,79,73,6,6
9971,68,66,2,2
9972,135,128,7,7
9973,96,88,8,8
9974,64,58,6,6
9975,62,49,13,13
9976,102,91,11,11
9977,141,127,14,14
9978,82,66,16,16
9979,84,69,15,15
9980,85,78,7,7
9981,77,71,6,6
9982,107,91,16,16
9983,94,84,10,10
9984,84,67,17,17
9985,90,79,11,11
9986,127,115,12,12
9987,94,85,9,9
9988,142,153,-11,11
9989,88,86,2,2
9990,104,89,15,15
9991,66,64,2,2
9992,48,45,3,3
9993,76,65,11,11
9994,105,97,8,8
9995,62,51,11,11
9996,82,75,7,7
9997,123,116,7,7
9998,88,87,1,1
9999,68,59,9,9
10000,171,146,25,25
10001,134,117,17,17
10002,81,69,12,12
10003,66,63,3,3
10004,49,49,0,0
10005,92,86,6,6
10006,121,108,13,13
10007,133,115,18,18
10008,147,127,20,20
10009,81,74,7,7
10010,69,67,2,2
10011,83,77,6,6
10012,88,79,9,9
10013,59,49,10,10
10014,91,87,4,4
10015,153,145,8,8
10016,114,102,12,12
10017,77,78,-1,1
10018,85,69,16,16
10019,80,70,10,10
10020,74,69,5,5
10021,169,149,20,20
10022,108,100,8,8
10023,121,114,7,7
10024,83,78,5,5
10025,56,48,8,8
10026,74,69,5,5
10027,53,55,-2,2
10028,80,79,1,1
10029,79,76,3,3
10030,117,105,12,12
10031,174,152,22,22
10032,77,66,11,11
10033,114,91,23,23
10034,79,72,7,7
10035,158,136,22,22
10036,80,73,7,7
10037,90,108,-18,18
10038,111,98,13,13
10039,155,129,26,26
10040,55,53,2,2
10041,74,71,3,3
10042,62,60,2,2
10043,138,126,12,12
10044,143,139,4,4
10045,113,109,4,4
10046,100,97,3,3
10047,115,89,26,26
10048,49,45,4,4
10049,139,134,5,5
10050,114,111,3,3
10051,125,116,9,9
10052,61,57,4,4
10053,136,122,14,14
10054,77,66,11,11
10055,211,176,35,35
10056,66,53,13,13
10057,111,95,16,16
10058,122,116,6,6
10059,139,124,15,15
10060,121,101,20,20
10061,108,105,3,3
10062,85,86,-1,1
10063,110,99,11,11
10064,62,65,-3,3
10065,107,92,15,15
10066,49,44,5,5
10067,82,69,13,13
10068,92,84,8,8
10069,59,55,4,4
10070,56,52,4,4
10071,105,88,17,17
10072,61,63,-2,2
10073,95,94,1,1
10074,56,56,0,0
10075,148,136,12,12
10076,123,118,5,5
10077,111,110,1,1
10078,75,66,9,9
10079,139,138,1,1
10080,68,64,4,4
10081,90,77,13,13
10082,150,144,6,6
10083,133,106,27,27
10084,49,49,0,0
10085,62,56,6,6
10086,111,95,16,16
10087,117,105,12,12
10088,151,139,12,12
10089,100,88,12,12
10090,42,47,-5,5
10091,78,67,11,11
10092,48,48,0,0
10093,118,99,19,19
10094,70,59,11,11
10095,117,120,-3,3
10096,61,73,-12,12
10097,94,92,2,2
10098,78,74,4,4
10099,170,150,20,20
10100,68,61,7,7
10101,78,66,12,12
10102,47,43,4,4
10103,130,102,28,28
10104,80,68,12,12
10105,70,70,0,0
10106,49,50,-1,1
10107,117,103,14,14
10108,86,82,4,4
10109,82,72,10,10
10110,54,50,4,4
10111,160,142,18,18
10112,78,83,-5,5
10113,82,75,7,7
10114,59,52,7,7
10115,115,102,13,13
10116,86,82,4,4
10117,119,101,18,18
10118,116,107,9,9
10119,90,88,2,2
10120,75,72,3,3
10121,81,74,7,7
10122,87,79,8,8
10123,108,97,11,11
10124,50,48,2,2
10125,53,51,2,2
10126,130,130,0,0
10127,125,104,21,21
10128,118,106,12,12
10129,112,101,11,11
10130,62,61,1,1
10131,105,96,9,9
10132,90,89,1,1
10133,143,133,10,10
10134,58,54,4,4
10135,64,61,3,3
10136,108,91,17,17
10137,98,76,22,22
10138,136,118,18,18
10139,101,106,-5,5
10140,85,81,4,4
10141,92,87,5,5
10142,144,125,19,19
10143,80,76,4,4
10144,110,89,21,21
10145,66,57,9,9
10146,73,63,10,10
10147,59,52,7,7
10148,88,83,5,5
10149,74,74,0,0
10150,61,59,2,2
10151,125,105,20,20
10152,55,49,6,6
10153,115,102,13,13
10154,58,59,-1,1
10155,76,73,3,3
10156,137,133,4,4
10157,81,68,13,13
10158,116,103,13,13
10159,81,72,9,9
10160,94,80,14,14
10161,78,85,-7,7
10162,80,68,12,12
10163,99,87,12,12
10164,118,105,13,13
10165,137,118,19,19
10166,98,95,3,3
10167,71,63,8,8
10168,83,75,8,8
10169,132,134,-2,2
10170,69,64,5,5
10171,119,110,9,9
10172,101,102,-1,1
10173,92,87,5,5
10174,74,65,9,9
10175,95,89,6,6
10176,67,62,5,5
10177,50,50,0,0
10178,106,94,12,12
10179,102,87,15,15
10180,359,238,121,121
10181,58,56,2,2
10182,94,82,12,12
10183,90,73,17,17
10184,88,77,11,11
10185,105,86,19,19
10186,75,69,6,6
10187,89,83,6,6
10188,86,74,12,12
10189,133,117,16,16
10190,35,35,0,0
10191,88,72,16,16
10192,177,152,25,25
10193,100,89,11,11
10194,65,59,6,6
10195,104,91,13,13
10196,67,53,14,14
10197,86,76,10,10
10198,123,104,19,19
10199,108,93,15,15
10200,84,76,8,8
10201,54,54,0,0
10202,95,87,8,8
10203,86,77,9,9
10204,70,75,-5,5
10205,84,72,12,12
10206,107,95,12,12
10207,45,43,2,2
10208,85,81,4,4
10209,79,70,9,9
10210,125,114,11,11
10211,92,84,8,8
10212,74,71,3,3
10213,139,133,6,6
10214,84,74,10,10
10215,103,106,-3,3
10216,60,66,-6,6
10217,78,75,3,3
10218,69,49,20,20
10219,131,123,8,8
10220,102,89,13,13
10221,69,65,4,4
10222,58,56,2,2
10223,43,43,0,0
10224,29,34,-5,5
10225,86,81,5,5
10226,114,105,9,9
10227,38,45,-7,7
10228,113,114,-1,1
10229,74,78,-4,4
10230,67,62,5,5
10231,221,199,22,22
10232,103,89,14,14
10233,224,195,29,29
10234,82,91,-9,9
10235,104,90,14,14
10236,115,97,18,18
10237,70,78,-8,8
10238,92,82,10,10
10239,118,106,12,12
10240,159,131,28,28
10241,124,102,22,22
10242,165,131,34,34
10243,118,113,5,5
10244,79,68,11,11
10245,113,96,17,17
10246,61,59,2,2
10247,112,103,9,9
10248,68,62,6,6
10249,71,69,2,2
10250,127,110,17,17
10251,82,75,7,7
10252,63,57,6,6
10253,189,184,5,5
10254,73,70,3,3
10255,76,63,13,13
10256,99,99,0,0
10257,131,120,11,11
10258,88,82,6,6
10259,61,59,2,2
10260,135,122,13,13
10261,52,51,1,1
10262,114,104,10,10
10263,82,75,7,7
10264,106,97,9,9
10265,102,106,-4,4
10266,105,106,-1,1
10267,77,76,1,1
10268,66,57,9,9
10269,129,110,19,19
10270,73,68,5,5
10271,77,70,7,7
10272,70,62,8,8
10273,40,36,4,4
10274,55,59,-4,4
10275,130,123,7,7
10276,168,147,21,21
10277,76,59,17,17
10278,136,120,16,16
10279,104,103,1,1
10280,52,53,-1,1
10281,151,134,17,17
10282,74,70,4,4
10283,60,63,-3,3
10284,90,75,15,15
10285,81,68,13,13
10286,118,108,10,10
10287,96,86,10,10
10288,96,85,11,11
10289,151,142,9,9
10290,125,111,14,14
10291,73,61,12,12
10292,107,92,15,15
10293,113,106,7,7
10294,118,114,4,4
10295,71,74,-3,3
10296,68,61,7,7
10297,65,63,2,2
10298,48,50,-2,2
10299,73,70,3,3
10300,86,99,-13,13
10301,45,42,3,3
10302,87,77,10,10
10303,113,102,11,11
10304,137,122,15,15
10305,114,105,9,9
10306,61,57,4,4
10307,106,84,22,22
10308,128,116,12,12
10309,111,105,6,6
10310,100,90,10,10
10311,100,86,14,14
10312,133,130,3,3
10313,96,87,9,9
10314,133,127,6,6
10315,130,119,11,11
10316,78,74,4,4
10317,130,105,25,25
10318,110,113,-3,3
10319,75,74,1,1
10320,144,133,11,11
10321,81,79,2,2
10322,63,62,1,1
10323,122,115,7,7
10324,119,117,2,2
10325,99,91,8,8
10326,111,100,11,11
10327,143,116,27,27
10328,104,109,-5,5
10329,93,79,14,14
10330,72,73,-1,1
10331,79,77,2,2
10332,128,120,8,8
10333,99,87,12,12
10334,76,76,0,0
10335,100,93,7,7
10336,70,63,7,7
10337,148,139,9,9
10338,68,61,7,7
10339,100,103,-3,3
10340,74,79,-5,5
10341,86,72,14,14
10342,93,78,15,15
10343,138,111,27,27
10344,149,148,1,1
10345,65,56,9,9
10346,89,84,5,5
10347,117,77,40,40
10348,98,82,16,16
10349,127,117,10,10
10350,106,90,16,16
10351,68,58,10,10
10352,160,129,31,31
10353,83,82,1,1
10354,129,106,23,23
10355,117,94,23,23
10356,74,76,-2,2
10357,101,92,9,9
10358,113,102,11,11
10359,121,105,16,16
10360,122,119,3,3
10361,117,104,13,13
10362,131,125,6,6
10363,68,55,13,13
10364,86,87,-1,1
10365,97,83,14,14
10366,125,111,14,14
10367,65,66,-1,1
10368,49,39,10,10
10369,81,76,5,5
10370,103,97,6,6
10371,110,95,15,15
10372,86,81,5,5
10373,103,91,12,12
10374,103,97,6,6
10375,59,53,6,6
10376,119,99,20,20
10377,40,33,7,7
10378,102,95,7,7
10379,120,100,20,20
10380,103,98,5,5
10381,101,88,13,13
10382,106,95,11,11
10383,110,102,8,8
10384,82,71,11,11
10385,88,74,14,14
10386,174,163,11,11
10387,99,83,16,16
10388,66,62,4,4
10389,105,103,2,2
10390,59,54,5,5
10391,128,106,22,22
10392,53,56,-3,3
10393,123,118,5,5
10394,88,79,9,9
10395,80,74,6,6
10396,72,78,-6,6
10397,73,71,2,2
10398,60,55,5,5
10399,88,80,8,8
10400,82,72,10,10
10401,156,135,21,21
10402,163,135,28,28
10403,73,64,9,9
10404,105,86,19,19
10405,137,114,23,23
10406,74,70,4,4
10407,85,72,13,13
10408,71,70,1,1
10409,56,56,0,0
10410,95,81,14,14
10411,48,42,6,6
10412,113,106,7,7
10413,96,86,10,10
10414,111,101,10,10
10415,80,105,-25,25
10416,44,43,1,1
10417,73,62,11,11
10418,132,103,29,29
10419,100,79,21,21
10420,126,111,15,15
10421,77,79,-2,2
10422,81,84,-3,3
10423,68,57,11,11
10424,73,83,-10,10
10425,100,93,7,7
10426,98,80,18,18
10427,60,53,7,7
10428,110,100,10,10
10429,102,91,11,11
10430,75,68,7,7
10431,138,128,10,10
10432,81,71,10,10
10433,108,106,2,2
10434,148,124,24,24
10435,59,51,8,8
10436,88,85,3,3
10437,104,78,26,26
10438,72,59,13,13
10439,82,76,6,6
10440,93,83,10,10
10441,93,79,14,14
10442,160,144,16,16
10443,129,118,11,11
10444,113,109,4,4
10445,116,89,27,27
10446,119,107,12,12
10447,86,78,8,8
10448,44,39,5,5
10449,76,64,12,12
10450,61,59,2,2
10451,80,82,-2,2
10452,99,86,13,13
10453,87,91,-4,4
10454,117,107,10,10
10455,50,64,-14,14
10456,150,128,22,22
10457,123,106,17,17
10458,100,72,28,28
10459,147,130,17,17
10460,185,172,13,13
10461,59,54,5,5
10462,81,68,13,13
10463,61,68,-7,7
10464,126,113,13,13
10465,82,75,7,7
10466,100,89,11,11
10467,81,70,11,11
10468,39,35,4,4
10469,77,64,13,13
10470,51,47,4,4
10471,98,98,0,0
10472,133,135,-2,2
10473,80,72,8,8
10474,151,123,28,28
10475,88,70,18,18
10476,55,47,8,8
10477,72,70,2,2
10478,75,77,-2,2
10479,77,65,12,12
10480,81,65,16,16
10481,144,129,15,15
10482,121,90,31,31
10483,57,51,6,6
10484,69,65,4,4
10485,99,93,6,6
10486,64,66,-2,2
10487,130,103,27,27
10488,106,100,6,6
10489,72,66,6,6
10490,67,68,-1,1
10491,68,60,8,8
10492,79,77,2,2
10493,81,77,4,4
10494,69,64,5,5
10495,67,61,6,6
10496,73,66,7,7
10497,39,42,-3,3
10498,112,115,-3,3
10499,71,67,4,4
10500,132,113,19,19
10501,133,125,8,8
10502,95,85,10,10
10503,112,97,15,15
10504,112,89,23,23
10505,99,107,-8,8
10506,71,72,-1,1
10507,127,128,-1,1
10508,89,88,1,1
10509,87,73,14,14
10510,124,106,18,18
10511,66,61,5,5
10512,92,90,2,2
10513,80,68,12,12
10514,94,87,7,7
10515,146,140,6,6
10516,139,128,11,11
10517,136,123,13,13
10518,63,56,7,7
10519,54,52,2,2
10520,171,149,22,22
10521,91,77,14,14
10522,170,142,28,28
10523,147,132,15,15
10524,70,64,6,6
10525,140,134,6,6
10526,117,109,8,8
10527,72,64,8,8
10528,132,116,16,16
10529,63,59,4,4
10530,102,97,5,5
10531,81,78,3,3
10532,90,77,13,13
10533,87,84,3,3
10534,127,112,15,15
10535,56,57,-1,1
10536,44,41,3,3
10537,122,109,13,13
10538,111,99,12,12
10539,66,63,3,3
10540,110,106,4,4
10541,101,96,5,5
10542,119,115,4,4
10543,75,76,-1,1
10544,65,57,8,8
10545,55,52,3,3
10546,76,78,-2,2
10547,70,67,3,3
10548,157,171,-14,14
10549,27,25,2,2
10550,83,71,12,12
10551,125,110,15,15
10552,95,94,1,1
10553,86,71,15,15
10554,116,108,8,8
10555,66,59,7,7
10556,144,150,-6,6
10557,96,95,1,1
10558,94,88,6,6
10559,37,37,0,0
10560,195,170,25,25
10561,108,95,13,13
10562,130,119,11,11
10563,78,74,4,4
10564,57,55,2,2
10565,72,61,11,11
10566,57,63,-6,6
10567,90,95,-5,5
10568,67,53,14,14
10569,157,147,10,10
10570,57,57,0,0
10571,94,86,8,8
10572,69,68,1,1
10573,86,78,8,8
10574,58,53,5,5
10575,105,94,11,11
10576,74,68,6,6
10577,116,105,11,11
10578,78,68,10,10
10579,115,101,14,14
10580,64,58,6,6
10581,127,108,19,19
10582,77,71,6,6
10583,99,80,19,19
10584,68,66,2,2
10585,101,103,-2,2
10586,88,78,10,10
10587,121,112,9,9
10588,100,92,8,8
10589,87,65,22,22
10590,80,66,14,14
10591,43,44,-1,1
10592,103,103,0,0
10593,149,126,23,23
10594,67,66,1,1
10595,110,105,5,5
10596,127,107,20,20
10597,55,52,3,3
10598,133,118,15,15
10599,82,77,5,5
10600,45,40,5,5
10601,59,53,6,6
10602,120,108,12,12
10603,103,101,2,2
10604,145,134,11,11
10605,119,114,5,5
10606,75,76,-1,1
10607,74,66,8,8
10608,109,104,5,5
10609,148,133,15,15
10610,80,74,6,6
10611,68,62,6,6
10612,116,109,7,7
10613,114,99,15,15
10614,100,91,9,9
10615,72,65,7,7
10616,119,123,-4,4
10617,96,77,19,19
10618,58,57,1,1
10619,132,130,2,2
10620,169,156,13,13
10621,70,63,7,7
10622,90,77,13,13
10623,93,82,11,11
10624,107,116,-9,9
10625,124,107,17,17
10626,43,43,0,0
10627,102,90,12,12
10628,107,98,9,9
10629,61,59,2,2
10630,62,55,7,7
10631,72,60,12,12
10632,129,111,18,18
10633,74,67,7,7
10634,81,69,12,12
10635,107,90,17,17
10636,79,65,14,14
10637,43,35,8,8
10638,72,68,4,4
10639,102,79,23,23
10640,93,82,11,11
10641,90,81,9,9
10642,66,54,12,12
10643,125,110,15,15
10644,73,65,8,8
10645,78,64,14,14
10646,49,48,1,1
10647,81,67,14,14
10648,74,73,1,1
10649,78,69,9,9
10650,82,74,8,8
10651,92,104,-12,12
10652,110,79,31,31
10653,96,85,11,11
10654,83,80,3,3
10655,143,133,10,10
10656,88,70,18,18
10657,111,100,11,11
10658,54,48,6,6
10659,66,64,2,2
10660,68,74,-6,6
10661,57,57,0,0
10662,169,137,32,32
10663,63,65,-2,2
10664,131,133,-2,2
10665,102,93,9,9
10666,47,44,3,3
10667,58,57,1,1
10668,127,114,13,13
10669,100,84,16,16
10670,109,104,5,5
10671,109,94,15,15
10672,92,83,9,9
10673,93,80,13,13
10674,64,59,5,5
10675,95,89,6,6
10676,97,83,14,14
10677,87,83,4,4
10678,65,61,4,4
10679,84,76,8,8
10680,140,114,26,26
10681,88,78,10,10
10682,56,47,9,9
10683,131,118,13,13
10684,107,94,13,13
10685,93,78,15,15
10686,125,110,15,15
10687,204,176,28,28
10688,128,110,18,18
10689,80,71,9,9
10690,161,166,-5,5
10691,114,101,13,13
10692,96,72,24,24
10693,79,74,5,5
10694,60,55,5,5
10695,176,155,21,21
10696,41,39,2,2
10697,50,49,1,1
10698,45,40,5,5
10699,168,129,39,39
10700,65,57,8,8
10701,57,44,13,13
10702,98,89,9,9
10703,77,70,7,7
10704,84,75,9,9
10705,76,74,2,2
10706,75,79,-4,4
10707,93,85,8,8
10708,71,95,-24,24
10709,87,73,14,14
10710,65,62,3,3
10711,130,111,19,19
10712,74,60,14,14
10713,34,36,-2,2
10714,129,102,27,27
10715,114,110,4,4
10716,70,62,8,8
10717,50,55,-5,5
10718,93,77,16,16
10719,55,49,6,6
10720,94,75,19,19
10721,46,34,12,12
10722,50,43,7,7
10723,104,86,18,18
10724,118,109,9,9
10725,102,92,10,10
10726,84,77,7,7
10727,165,162,3,3
10728,97,89,8,8
10729,92,86,6,6
10730,89,69,20,20
10731,76,71,5,5
10732,75,85,-10,10
10733,142,133,9,9
10734,96,88,8,8
10735,145,137,8,8
10736,87,79,8,8
10737,64,57,7,7
10738,48,53,-5,5
10739,94,83,11,11
10740,69,60,9,9
10741,66,55,11,11
10742,131,110,21,21
10743,98,86,12,12
10744,94,91,3,3
10745,65,60,5,5
10746,89,85,4,4
10747,128,111,17,17
10748,144,129,15,15
10749,53,56,-3,3
10750,108,104,4,4
10751,29,38,-9,9
10752,58,53,5,5
10753,94,95,-1,1
10754,74,64,10,10
10755,133,122,11,11
10756,75,68,7,7
10757,87,73,14,14
10758,133,119,14,14
10759,74,56,18,18
10760,80,70,10,10
10761,52,49,3,3
10762,116,103,13,13
10763,158,140,18,18
10764,224,190,34,34
10765,97,91,6,6
10766,128,111,17,17
10767,102,92,10,10
10768,114,97,17,17
10769,41,38,3,3
10770,86,79,7,7
10771,42,42,0,0
10772,111,97,14,14
10773,142,135,7,7
10774,68,63,5,5
10775,65,58,7,7
10776,116,108,8,8
10777,91,78,13,13
10778,157,146,11,11
10779,140,128,12,12
10780,126,108,18,18
10781,77,64,13,13
10782,86,81,5,5
10783,102,95,7,7
10784,95,83,12,12
10785,64,58,6,6
10786,103,96,7,7
10787,55,56,-1,1
10788,77,72,5,5
10789,160,139,21,21
10790,58,57,1,1
10791,191,179,12,12
10792,121,117,4,4
10793,77,64,13,13
10794,161,144,17,17
10795,65,58,7,7
10796,80,86,-6,6
10797,77,75,2,2
10798,67,68,-1,1
10799,51,44,7,7
10800,76,70,6,6
10801,155,130,25,25
10802,96,78,18,18
10803,65,58,7,7
10804,98,87,11,11
10805,101,90,11,11
10806,49,41,8,8
10807,112,101,11,11
10808,81,60,21,21
10809,49,46,3,3
10810,65,57,8,8
10811,90,78,12,12
10812,126,106,20,20
10813,48,45,3,3
10814,120,112,8,8
10815,55,51,4,4
10816,75,81,-6,6
10817,83,88,-5,5
10818,135,113,22,22
10819,131,119,12,12
10820,117,116,1,1
10821,88,72,16,16
10822,92,84,8,8
10823,90,92,-2,2
10824,98,94,4,4
10825,101,86,15,15
10826,138,128,10,10
10827,84,80,4,4
10828,104,97,7,7
10829,98,106,-8,8
10830,87,82,5,5
10831,102,95,7,7
10832,81,76,5,5
10833,75,69,6,6
10834,145,128,17,17
10835,114,103,11,11
10836,63,59,4,4
10837,51,49,2,2
10838,109,99,10,10
10839,69,62,7,7
10840,87,90,-3,3
10841,72,62,10,10
10842,114,105,9,9
10843,96,76,20,20
10844,140,135,5,5
10845,171,151,20,20
10846,97,89,8,8
10847,77,70,7,7
10848,125,97,28,28
10849,75,67,8,8
10850,98,93,5,5
10851,118,110,8,8
10852,120,103,17,17
10853,69,63,6,6
10854,57,50,7,7
10855,129,109,20,20
10856,127,116,11,11
10857,81,76,5,5
10858,102,96,6,6
10859,154,133,21,21
10860,116,103,13,13
10861,47,43,4,4
10862,124,110,14,14
10863,124,107,17,17
10864,138,118,20,20
10865,82,76,6,6
10866,120,103,17,17
10867,114,99,15,15
10868,90,81,9,9
10869,88,77,11,11
10870,53,50,3,3
10871,84,72,12,12
10872,80,73,7,7
10873,147,131,16,16
10874,79,79,0,0
10875,115,102,13,13
10876,80,72,8,8
10877,117,103,14,14
10878,123,107,16,16
10879,54,56,-2,2
10880,93,86,7,7
10881,145,131,14,14
10882,128,123,5,5
10883,73,68,5,5
10884,51,44,7,7
10885,65,60,5,5
10886,102,103,-1,1
10887,95,96,-1,1
10888,58,50,8,8
10889,49,54,-5,5
10890,113,103,10,10
10891,121,114,7,7
10892,148,136,12,12
10893,139,133,6,6
10894,96,103,-7,7
10895,143,125,18,18
10896,92,89,3,3
10897,78,69,9,9
10898,11,15,-4,4
10899,66,64,2,2
10900,79,69,10,10
10901,70,63,7,7
10902,67,65,2,2
10903,77,69,8,8
10904,144,133,11,11
10905,84,79,5,5
10906,50,43,7,7
10907,79,67,12,12
10908,90,91,-1,1
10909,62,52,10,10
10910,134,134,0,0
10911,110,89,21,21
10912,78,93,-15,15
10913,142,117,25,25
10914,79,76,3,3
10915,143,127,16,16
10916,80,78,2,2
10917,37,37,0,0
10918,70,60,10,10
10919,96,94,2,2
10920,135,131,4,4
10921,76,67,9,9
10922,181,159,22,22
10923,105,101,4,4
10924,49,44,5,5
10925,65,67,-2,2
10926,139,121,18,18
10927,38,37,1,1
10928,83,69,14,14
10929,56,54,2,2
10930,120,97,23,23
10931,109,103,6,6
10932,160,140,20,20
10933,117,118,-1,1
10934,92,90,2,2
10935,99,90,9,9
10936,114,107,7,7
10937,70,54,16,16
10938,93,92,1,1
10939,112,96,16,16
10940,118,103,15,15
10941,72,59,13,13
10942,51,52,-1,1
10943,119,97,22,22
10944,85,74,11,11
10945,101,106,-5,5
10946,78,75,3,3
10947,75,68,7,7
10948,69,73,-4,4
10949,120,105,15,15
10950,72,65,7,7
10951,64,71,-7,7
10952,80,72,8,8
10953,80,78,2,2
10954,75,66,9,9
10955,76,66,10,10
10956,157,132,25,25
10957,80,88,-8,8
10958,117,106,11,11
10959,103,86,17,17
10960,129,101,28,28
10961,139,124,15,15
10962,98,86,12,12
10963,87,71,16,16
10964,165,135,30,30
10965,73,71,2,2
10966,137,124,13,13
10967,150,143,7,7
10968,74,75,-1,1
10969,157,137,20,20
10970,82,89,-7,7
10971,74,60,14,14
10972,37,42,-5,5
10973,95,86,9,9
10974,104,90,14,14
10975,124,117,7,7
10976,37,41,-4,4
10977,80,96,-16,16
10978,80,83,-3,3
10979,88,76,12,12
10980,147,114,33,33
10981,65,67,-2,2
10982,101,93,8,8
10983,93,85,8,8
10984,71,67,4,4
10985,64,52,12,12
10986,71,68,3,3
10987,60,61,-1,1
10988,64,72,-8,8
10989,55,51,4,4
10990,48,68,-20,20
10991,141,119,22,22
10992,95,86,9,9
10993,58,56,2,2
10994,95,84,11,11
10995,71,68,3,3
10996,89,81,8,8
10997,125,112,13,13
10998,170,162,8,8
10999,153,143,10,10
11000,84,74,10,10
11001,137,126,11,11
11002,81,69,12,12
11003,77,82,-5,5
11004,75,73,2,2
11005,110,101,9,9
11006,53,48,5,5
11007,92,78,14,14
11008,105,106,-1,1
11009,55,54,1,1
11010,85,93,-8,8
11011,141,116,25,25
11012,126,120,6,6
11013,82,73,9,9
11014,124,110,14,14
11015,76,85,-9,9
11016,126,100,26,26
11017,56,54,2,2
11018,65,57,8,8
11019,91,88,3,3
11020,65,64,1,1
11021,84,78,6,6
11022,95,88,7,7
11023,109,90,19,19
11024,74,60,14,14
11025,60,51,9,9
11026,65,53,12,12
11027,77,71,6,6
11028,79,71,8,8
11029,65,57,8,8
11030,110,101,9,9
11031,116,116,0,0
11032,67,63,4,4
11033,83,76,7,7
11034,120,103,17,17
11035,157,123,34,34
11036,123,109,14,14
11037,80,71,9,9
11038,99,102,-3,3
11039,88,73,15,15
11040,67,73,-6,6
11041,134,120,14,14
11042,76,66,10,10
11043,96,96,0,0
11044,83,77,6,6
11045,57,57,0,0
11046,93,83,10,10
11047,60,54,6,6
11048,85,76,9,9
11049,62,66,-4,4
11050,110,104,6,6
11051,108,103,5,5
11052,66,59,7,7
11053,67,72,-5,5
11054,71,56,15,15
11055,79,70,9,9
11056,145,139,6,6
11057,62,66,-4,4
11058,60,60,0,0
11059,126,119,7,7
11060,120,112,8,8
11061,67,62,5,5
11062,96,87,9,9
11063,54,45,9,9
11064,66,56,10,10
11065,101,91,10,10
11066,83,72,11,11
11067,120,101,19,19
11068,186,170,16,16
11069,72,66,6,6
11070,91,83,8,8
11071,158,137,21,21
11072,67,66,1,1
11073,118,93,25,25
11074,63,55,8,8
11075,105,91,14,14
11076,124,99,25,25
11077,108,81,27,27
11078,121,102,19,19
11079,39,33,6,6
11080,90,83,7,7
11081,218,214,4,4
11082,71,77,-6,6
11083,81,79,2,2
11084,61,52,9,9
11085,86,73,13,13
11086,59,53,6,6
11087,168,148,20,20
11088,86,88,-2,2
11089,104,101,3,3
11090,89,85,4,4
11091,80,73,7,7
11092,81,71,10,10
11093,87,71,16,16
11094,119,102,17,17
11095,136,118,18,18
11096,113,94,19,19
11097,68,71,-3,3
11098,86,66,20,20
11099,103,92,11,11
11100,72,72,0,0
11101,142,136,6,6
11102,172,175,-3,3
11103,166,152,14,14
11104,96,100,-4,4
11105,106,100,6,6
11106,125,108,17,17
11107,125,110,15,15
11108,75,93,-18,18
11109,94,79,15,15
11110,103,95,8,8
11111,58,50,8,8
11112,81,68,13,13
11113,133,110,23,23
11114,122,108,14,14
11115,99,96,3,3
11116,67,61,6,6
11117,126,109,17,17
11118,91,80,11,11
11119,73,69,4,4
11120,89,85,4,4
11121,124,130,-6,6
11122,68,49,19,19
11123,126,111,15,15
11124,76,73,3,3
11125,167,138,29,29
11126,36,34,2,2
11127,137,121,16,16
11128,93,82,11,11
11129,115,103,12,12
11130,125,109,16,16
11131,79,70,9,9
11132,59,54,5,5
11133,90,83,7,7
11134,73,67,6,6
11135,74,65,9,9
11136,111,94,17,17
11137,129,115,14,14
11138,80,74,6,6
11139,97,83,14,14
11140,83,72,11,11
11141,129,115,14,14
11142,120,108,12,12
11143,93,79,14,14
11144,95,98,-3,3
11145,101,90,11,11
11146,93,83,10,10
11147,112,115,-3,3
11148,103,94,9,9
11149,60,58,2,2
11150,95,98,-3,3
11151,62,48,14,14
11152,69,64,5,5
11153,83,90,-7,7
11154,53,43,10,10
11155,98,81,17,17
11156,101,100,1,1
11157,73,80,-7,7
11158,94,94,0,0
11159,55,51,4,4
11160,93,102,-9,9
11161,70,64,6,6
11162,102,98,4,4
11163,75,63,12,12
11164,77,61,16,16
11165,96,86,10,10
11166,93,95,-2,2
11167,78,78,0,0
11168,155,135,20,20
11169,94,89,5,5
11170,66,61,5,5
11171,71,74,-3,3
11172,96,87,9,9
11173,143,133,10,10
11174,60,50,10,10
11175,79,75,4,4
11176,93,80,13,13
11177,126,113,13,13
11178,128,112,16,16
11179,103,86,17,17
11180,95,84,11,11
11181,86,90,-4,4
11182,95,81,14,14
11183,68,60,8,8
11184,102,98,4,4
11185,74,67,7,7
11186,94,109,-15,15
11187,83,60,23,23
11188,107,97,10,10
11189,65,57,8,8
11190,66,65,1,1
11191,113,105,8,8
11192,164,135,29,29
11193,60,58,2,2
11194,139,143,-4,4
11195,96,95,1,1
11196,87,68,19,19
11197,113,101,12,12
11198,180,164,16,16
11199,106,91,15,15
11200,73,66,7,7
11201,121,112,9,9
11202,125,113,12,12
11203,62,58,4,4
11204,56,48,8,8
11205,81,73,8,8
11206,103,88,15,15
11207,107,90,17,17
11208,70,58,12,12
11209,107,92,15,15
11210,167,197,-30,30
11211,72,51,21,21
11212,123,103,20,20
11213,178,175,3,3
11214,142,136,6,6
11215,138,115,23,23
11216,148,125,23,23
11217,141,129,12,12
11218,119,119,0,0
11219,67,62,5,5
11220,126,130,-4,4
11221,35,56,-21,21
11222,86,83,3,3
11223,82,85,-3,3
11224,135,154,-19,19
11225,111,93,18,18
11226,145,132,13,13
11227,99,71,28,28
11228,69,69,0,0
11229,81,85,-4,4
11230,58,52,6,6
11231,58,61,-3,3
11232,141,113,28,28
11233,75,68,7,7
11234,108,106,2,2
11235,128,126,2,2
11236,87,89,-2,2
11237,90,88,2,2
11238,133,122,11,11
11239,73,63,10,10
11240,63,58,5,5
11241,73,69,4,4
11242,136,133,3,3
11243,105,91,14,14
11244,60,59,1,1
11245,102,88,14,14
11246,100,91,9,9
11247,57,55,2,2
11248,71,62,9,9
11249,76,67,9,9
11250,58,55,3,3
11251,204,181,23,23
11252,96,87,9,9
11253,113,95,18,18
11254,114,88,26,26
11255,138,122,16,16
11256,79,78,1,1
11257,142,121,21,21
11258,109,93,16,16
11259,141,129,12,12
11260,73,62,11,11
11261,89,76,13,13
11262,85,81,4,4
11263,159,138,21,21
11264,107,97,10,10
11265,68,70,-2,2
11266,79,75,4,4
11267,109,101,8,8
11268,78,65,13,13
11269,61,61,0,0
11270,102,97,5,5
11271,140,130,10,10
11272,156,139,17,17
11273,155,140,15,15
11274,118,100,18,18
11275,85,72,13,13
11276,162,143,19,19
11277,105,101,4,4
11278,100,92,8,8
11279,102,87,15,15
11280,130,108,22,22
11281,55,53,2,2
11282,69,70,-1,1
11283,89,76,13,13
11284,39,44,-5,5
11285,139,121,18,18
11286,94,83,11,11
11287,79,64,15,15
11288,171,152,19,19
11289,139,122,17,17
11290,85,84,1,1
11291,86,78,8,8
11292,114,97,17,17
11293,134,115,19,19
11294,51,48,3,3
11295,47,47,0,0
11296,56,55,1,1
11297,72,68,4,4
11298,96,93,3,3
11299,143,134,9,9
11300,115,88,27,27
11301,99,101,-2,2
11302,91,90,1,1
11303,85,81,4,4
11304,151,122,29,29
11305,42,47,-5,5
11306,125,108,17,17
11307,41,60,-19,19
11308,137,107,30,30
11309,100,85,15,15
11310,143,115,28,28
11311,174,160,14,14
11312,81,70,11,11
11313,106,96,10,10
11314,150,126,24,24
11315,66,64,2,2
11316,119,107,12,12
11317,133,109,24,24
11318,58,57,1,1
11319,90,85,5,5
11320,111,101,10,10
11321,157,134,23,23
11322,106,95,11,11
11323,121,108,13,13
11324,61,59,2,2
11325,111,99,12,12
11326,88,84,4,4
11327,81,75,6,6
11328,93,85,8,8
11329,77,71,6,6
11330,163,130,33,33
11331,104,95,9,9
11332,76,63,13,13
11333,52,47,5,5
11334,87,87,0,0
11335,104,91,13,13
11336,62,52,10,10
11337,112,106,6,6
11338,76,74,2,2
11339,129,119,10,10
11340,106,107,-1,1
11341,63,59,4,4
11342,87,79,8,8
11343,106,100,6,6
11344,86,70,16,16
11345,88,79,9,9
11346,89,81,8,8
11347,71,67,4,4
11348,116,94,22,22
11349,55,52,3,3
11350,83,84,-1,1
11351,64,60,4,4
11352,71,62,9,9
11353,128,111,17,17
11354,57,49,8,8
11355,127,118,9,9
11356,47,39,8,8
11357,94,79,15,15
11358,60,51,9,9
11359,60,62,-2,2
11360,55,58,-3,3
11361,97,92,5,5
11362,82,78,4,4
11363,109,98,11,11
11364,111,92,19,19
11365,61,56,5,5
11366,70,67,3,3
11367,79,71,8,8
11368,107,97,10,10
11369,89,77,12,12
11370,60,54,6,6
11371,147,136,11,11
11372,83,75,8,8
11373,104,94,10,10
11374,134,128,6,6
11375,88,79,9,9
11376,35,36,-1,1
11377,117,118,-1,1
11378,78,71,7,7
11379,149,127,22,22
11380,85,78,7,7
11381,97,90,7,7
11382,115,112,3,3
11383,109,87,22,22
11384,81,72,9,9
11385,81,80,1,1
11386,93,89,4,4
11387,123,120,3,3
11388,95,87,8,8
11389,102,88,14,14
11390,57,50,7,7
11391,179,167,12,12
11392,126,116,10,10
11393,62,58,4,4
11394,65,70,-5,5
11395,109,95,14,14
11396,74,67,7,7
11397,113,100,13,13
11398,121,108,13,13
11399,114,109,5,5
11400,63,58,5,5
11401,103,93,10,10
11402,80,68,12,12
11403,45,71,-26,26
11404,93,87,6,6
11405,121,103,18,18
11406,166,155,11,11
11407,63,68,-5,5
11408,66,55,11,11
11409,55,68,-13,13
11410,116,110,6,6
11411,96,85,11,11
11412,76,67,9,9
11413,54,56,-2,2
11414,108,97,11,11
11415,51,49,2,2
11416,109,98,11,11
11417,75,67,8,8
11418,86,88,-2,2
11419,82,84,-2,2
11420,36,36,0,0
11421,64,65,-1,1
11422,119,100,19,19
11423,53,56,-3,3
11424,73,66,7,7
11425,58,50,8,8
11426,41,38,3,3
11427,58,58,0,0
11428,118,109,9,9
11429,134,115,19,19
11430,75,69,6,6
11431,50,49,1,1
11432,98,92,6,6
11433,33,32,1,1
11434,109,93,16,16
11435,79,76,3,3
11436,60,53,7,7
11437,100,93,7,7
11438,85,68,17,17
11439,75,73,2,2
11440,82,71,11,11
11441,57,55,2,2
11442,164,155,9,9
11443,157,138,19,19
11444,76,65,11,11
11445,72,72,0,0
11446,57,73,-16,16
11447,96,101,-5,5
11448,90,76,14,14
11449,100,92,8,8
11450,129,115,14,14
11451,91,80,11,11
11452,98,88,10,10
11453,102,89,13,13
11454,198,185,13,13
11455,78,69,9,9
11456,60,56,4,4
11457,173,161,12,12
11458,98,89,9,9
11459,72,64,8,8
11460,90,113,-23,23
11461,170,153,17,17
11462,163,138,25,25
11463,77,72,5,5
11464,66,62,4,4
11465,67,52,15,15
11466,66,71,-5,5
11467,99,81,18,18
11468,86,78,8,8
11469,85,80,5,5
11470,71,63,8,8
11471,136,115,21,21
11472,86,74,12,12
11473,60,59,1,1
11474,119,110,9,9
11475,132,124,8,8
11476,114,107,7,7
11477,66,59,7,7
11478,147,129,18,18
11479,90,83,7,7
11480,112,99,13,13
11481,68,57,11,11
11482,119,101,18,18
11483,121,106,15,15
11484,70,85,-15,15
11485,124,107,17,17
11486,47,47,0,0
11487,70,74,-4,4
11488,80,70,10,10
11489,44,41,3,3
11490,75,75,0,0
11491,65,63,2,2
11492,80,66,14,14
11493,95,90,5,5
11494,124,109,15,15
11495,50,53,-3,3
11496,133,117,16,16
11497,77,71,6,6
11498,105,100,5,5
11499,70,64,6,6
11500,86,81,5,5
11501,97,79,18,18
11502,80,68,12,12
11503,98,96,2,2
11504,106,100,6,6
11505,74,65,9,9
11506,66,64,2,2
11507,118,110,8,8
11508,110,92,18,18
11509,156,137,19,19
11510,67,60,7,7
11511,170,131,39,39
11512,117,95,22,22
11513,101,91,10,10
11514,130,115,15,15
11515,93,94,-1,1
11516,105,92,13,13
11517,41,55,-14,14
11518,84,64,20,20
11519,59,53,6,6
11520,141,122,19,19
11521,47,54,-7,7
11522,114,85,29,29
11523,137,120,17,17
11524,126,126,0,0
11525,62,58,4,4
11526,111,103,8,8
11527,74,66,8,8
11528,81,74,7,7
11529,160,143,17,17
11530,102,93,9,9
11531,91,78,13,13
11532,83,78,5,5
11533,72,58,14,14
11534,68,68,0,0
11535,126,104,22,22
11536,77,75,2,2
11537,160,128,32,32
11538,106,100,6,6
11539,81,75,6,6
11540,170,132,38,38
11541,131,113,18,18
11542,50,57,-7,7
11543,115,100,15,15
11544,70,70,0,0
11545,109,109,0,0
11546,72,60,12,12
11547,74,71,3,3
11548,67,60,7,7
11549,81,68,13,13
11550,83,78,5,5
11551,105,93,12,12
11552,95,94,1,1
11553,133,113,20,20
11554,115,114,1,1
11555,98,85,13,13
11556,55,34,21,21
11557,109,101,8,8
11558,50,54,-4,4
11559,145,126,19,19
11560,89,76,13,13
11561,85,79,6,6
11562,85,79,6,6
11563,65,76,-11,11
11564,86,80,6,6
11565,105,85,20,20
11566,53,49,4,4
11567,60,56,4,4
11568,121,105,16,16
11569,52,59,-7,7
11570,53,52,1,1
11571,164,150,14,14
11572,92,91,1,1
11573,100,91,9,9
11574,111,98,13,13
11575,67,59,8,8
11576,169,149,20,20
11577,86,74,12,12
11578,51,40,11,11
11579,96,87,9,9
11580,97,75,22,22
11581,82,66,16,16
11582,75,69,6,6
11583,103,92,11,11
11584,91,77,14,14
11585,108,101,7,7
11586,85,79,6,6
11587,137,124,13,13
11588,88,85,3,3
11589,167,144,23,23
11590,65,64,1,1
11591,92,78,14,14
11592,98,80,18,18
11593,68,63,5,5
11594,65,55,10,10
11595,60,54,6,6
11596,71,62,9,9
11597,50,44,6,6
11598,79,74,5,5
11599,102,90,12,12
11600,85,71,14,14
11601,69,61,8,8
11602,105,98,7,7
11603,114,96,18,18
11604,77,72,5,5
11605,70,55,15,15
11606,80,72,8,8
11607,137,132,5,5
11608,105,91,14,14
11609,83,84,-1,1
11610,95,86,9,9
11611,70,71,-1,1
11612,183,165,18,18
11613,50,49,1,1
11614,164,146,18,18
11615,125,108,17,17
11616,90,81,9,9
11617,108,100,8,8
11618,150,137,13,13
11619,90,69,21,21
11620,73,67,6,6
11621,86,85,1,1
11622,91,93,-2,2
11623,108,98,10,10
11624,120,103,17,17
11625,127,93,34,34
11626,65,58,7,7
11627,121,86,35,35
11628,80,68,12,12
11629,89,66,23,23
11630,81,71,10,10
11631,96,73,23,23
11632,119,106,13,13
11633,118,111,7,7
11634,128,120,8,8
11635,56,65,-9,9
11636,56,57,-1,1
11637,86,76,10,10
11638,79,71,8,8
11639,116,94,22,22
11640,69,67,2,2
11641,111,87,24,24
11642,81,87,-6,6
11643,56,54,2,2
11644,119,111,8,8
11645,82,67,15,15
11646,81,70,11,11
11647,136,111,25,25
11648,127,120,7,7
11649,108,106,2,2
11650,129,116,13,13
11651,74,88,-14,14
11652,63,69,-6,6
11653,168,142,26,26
11654,100,96,4,4
11655,66,61,5,5
11656,70,75,-5,5
11657,101,89,12,12
11658,112,93,19,19
11659,102,82,20,20
11660,124,109,15,15
11661,82,75,7,7
11662,94,89,5,5
11663,70,72,-2,2
11664,72,70,2,2
11665,67,60,7,7
11666,117,118,-1,1
11667,47,40,7,7
11668,110,87,23,23
11669,93,83,10,10
11670,64,56,8,8
11671,134,124,10,10
11672,66,59,7,7
11673,69,59,10,10
11674,99,95,4,4
11675,137,119,18,18
11676,58,56,2,2
11677,85,72,13,13
11678,94,80,14,14
11679,104,96,8,8
11680,108,99,9,9
11681,89,77,12,12
11682,176,151,25,25
11683,88,81,7,7
11684,46,46,0,0
11685,94,90,4,4
11686,162,147,15,15
11687,92,83,9,9
11688,96,88,8,8
11689,124,113,11,11
11690,74,72,2,2
11691,68,67,1,1
11692,67,64,3,3
11693,90,88,2,2
11694,87,69,18,18
11695,86,75,11,11
11696,68,63,5,5
11697,90,78,12,12
11698,77,76,1,1
11699,126,98,28,28
11700,126,110,16,16
11701,94,89,5,5
11702,172,157,15,15
11703,63,82,-19,19
11704,101,87,14,14
11705,148,135,13,13
11706,87,87,0,0
11707,127,105,22,22
11708,121,95,26,26
11709,142,131,11,11
11710,73,68,5,5
11711,71,65,6,6
11712,103,120,-17,17
11713,39,37,2,2
11714,99,94,5,5
11715,69,62,7,7
11716,182,158,24,24
11717,138,150,-12,12
11718,142,130,12,12
11719,114,112,2,2
11720,54,42,12,12
11721,93,81,12,12
11722,110,93,17,17
11723,38,39,-1,1
11724,133,124,9,9
11725,143,121,22,22
11726,125,118,7,7
11727,69,61,8,8
11728,120,111,9,9
11729,121,117,4,4
11730,71,61,10,10
11731,97,89,8,8
11732,104,90,14,14
11733,97,86,11,11
11734,47,45,2,2
11735,184,160,24,24
11736,110,112,-2,2
11737,67,60,7,7
11738,106,96,10,10
11739,66,70,-4,4
11740,118,99,19,19
11741,81,73,8,8
11742,83,76,7,7
11743,64,68,-4,4
11744,70,54,16,16
11745,50,47,3,3
11746,93,78,15,15
11747,157,129,28,28
11748,51,47,4,4
11749,77,70,7,7
11750,87,76,11,11
11751,119,98,21,21
11752,115,98,17,17
11753,85,67,18,18
11754,63,72,-9,9
11755,91,86,5,5
11756,67,58,9,9
11757,64,63,1,1
11758,127,125,2,2
11759,67,61,6,6
11760,71,67,4,4
11761,96,78,18,18
11762,111,101,10,10
11763,62,54,8,8
11764,77,65,12,12
11765,174,166,8,8
11766,138,116,22,22
11767,65,61,4,4
11768,116,97,19,19
11769,47,46,1,1
11770,119,106,13,13
11771,94,78,16,16
11772,122,110,12,12
11773,92,90,2,2
11774,148,117,31,31
11775,67,64,3,3
11776,101,94,7,7
11777,86,79,7,7
11778,53,39,14,14
11779,77,76,1,1
11780,126,108,18,18
11781,74,62,12,12
11782,91,85,6,6
11783,81,78,3,3
11784,43,43,0,0
11785,114,102,12,12
11786,79,77,2,2
11787,96,86,10,10
11788,106,87,19,19
11789,79,79,0,0
11790,120,125,-5,5
11791,107,97,10,10
11792,98,90,8,8
11793,47,43,4,4
11794,76,71,5,5
11795,85,75,10,10
11796,67,68,-1,1
11797,79,70,9,9
11798,90,94,-4,4
11799,84,73,11,11
11800,152,133,19,19
11801,152,133,19,19
11802,87,76,11,11
11803,65,60,5,5
11804,83,75,8,8
11805,205,177,28,28
11806,151,138,13,13
11807,114,90,24,24
11808,83,80,3,3
11809,66,66,0,0
11810,66,66,0,0
11811,105,95,10,10
11812,176,151,25,25
11813,166,148,18,18
11814,185,157,28,28
11815,108,99,9,9
11816,95,88,7,7
11817,67,75,-8,8
11818,87,82,5,5
11819,82,78,4,4
11820,121,108,13,13
11821,71,73,-2,2
11822,62,61,1,1
11823,113,81,32,32
11824,104,93,11,11
11825,68,64,4,4
11826,93,88,5,5
11827,74,58,16,16
11828,60,58,2,2
11829,80,81,-1,1
11830,70,67,3,3
11831,75,73,2,2
11832,76,64,12,12
11833,75,67,8,8
11834,80,65,15,15
11835,45,49,-4,4
11836,93,101,-8,8
11837,99,105,-6,6
11838,77,60,17,17
11839,89,75,14,14
11840,143,140,3,3
11841,83,82,1,1
11842,102,95,7,7
11843,122,112,10,10
11844,118,99,19,19
11845,132,101,31,31
11846,102,104,-2,2
11847,75,64,11,11
11848,105,97,8,8
11849,124,110,14,14
11850,75,64,11,11
11851,47,50,-3,3
11852,130,122,8,8
11853,147,130,17,17
11854,134,117,17,17
11855,71,64,7,7
11856,72,63,9,9
11857,42,39,3,3
11858,97,83,14,14
11859,99,99,0,0
11860,147,142,5,5
11861,127,117,10,10
11862,65,59,6,6
11863,73,80,-7,7
11864,54,55,-1,1
11865,87,78,9,9
11866,125,121,4,4
11867,120,114,6,6
11868,75,66,9,9
11869,101,98,3,3
11870,139,125,14,14
11871,93,80,13,13
11872,85,82,3,3
11873,162,143,19,19
11874,158,144,14,14
11875,234,186,48,48
11876,76,70,6,6
11877,68,58,10,10
11878,60,53,7,7
11879,115,99,16,16
11880,92,82,10,10
11881,99,71,28,28
11882,95,83,12,12
11883,69,75,-6,6
11884,53,52,1,1
11885,100,88,12,12
11886,157,142,15,15
11887,103,90,13,13
11888,117,108,9,9
11889,100,87,13,13
11890,95,79,16,16
11891,146,122,24,24
11892,97,86,11,11
11893,49,44,5,5
11894,83,77,6,6
11895,89,76,13,13
11896,97,92,5,5
11897,98,92,6,6
11898,99,88,11,11
11899,52,55,-3,3
11900,92,87,5,5
11901,128,122,6,6
11902,60,53,7,7
11903,47,44,3,3
11904,106,89,17,17
11905,78,65,13,13
11906,143,136,7,7
11907,90,78,12,12
11908,125,109,16,16
11909,80,80,0,0
11910,114,100,14,14
11911,161,142,19,19
11912,120,108,12,12
11913,41,62,-21,21
11914,38,35,3,3
11915,105,105,0,0
11916,48,45,3,3
11917,58,54,4,4
11918,112,97,15,15
11919,59,55,4,4
11920,76,71,5,5
11921,118,105,13,13
11922,77,67,10,10
11923,51,50,1,1
11924,76,62,14,14
11925,56,53,3,3
11926,40,42,-2,2
11927,69,64,5,5
11928,77,70,7,7
11929,91,83,8,8
11930,149,135,14,14
11931,110,97,13,13
11932,115,112,3,3
11933,117,105,12,12
11934,93,84,9,9
11935,31,30,1,1
11936,111,118,-7,7
11937,79,75,4,4
11938,72,67,5,5
11939,44,44,0,0
11940,89,81,8,8
11941,51,48,3,3
11942,186,173,13,13
11943,144,123,21,21
11944,98,83,15,15
11945,68,61,7,7
11946,82,76,6,6
11947,110,99,11,11
11948,101,72,29,29
11949,73,69,4,4
11950,106,97,9,9
11951,50,45,5,5
11952,128,119,9,9
11953,82,75,7,7
11954,39,53,-14,14
11955,57,56,1,1
11956,100,93,7,7
11957,132,119,13,13
11958,58,54,4,4
11959,65,55,10,10
11960,46,43,3,3
11961,90,82,8,8
11962,132,118,14,14
11963,84,80,4,4
11964,95,85,10,10
11965,152,141,11,11
11966,67,59,8,8
11967,96,97,-1,1
11968,78,71,7,7
11969,99,80,19,19
11970,71,72,-1,1
11971,116,99,17,17
11972,122,117,5,5
11973,81,72,9,9
11974,42,42,0,0
11975,121,112,9,9
11976,144,133,11,11
11977,190,174,16,16
11978,132,120,12,12
11979,112,91,21,21
11980,106,81,25,25
11981,104,89,15,15
11982,79,69,10,10
11983,81,74,7,7
11984,92,100,-8,8
11985,55,54,1,1
11986,85,71,14,14
11987,72,66,6,6
11988,48,43,5,5
11989,92,95,-3,3
11990,44,44,0,0
11991,112,100,12,12
11992,118,105,13,13
11993,74,71,3,3
11994,102,86,16,16
11995,93,93,0,0
11996,113,96,17,17
11997,89,85,4,4
11998,133,121,12,12
11999,45,43,2,2
12000,53,48,5,5
12001,139,131,8,8
12002,61,54,7,7
12003,85,92,-7,7
12004,67,62,5,5
12005,81,68,13,13
12006,33,33,0,0
12007,74,71,3,3
12008,81,73,8,8
12009,81,73,8,8
12010,114,103,11,11
12011,158,154,4,4
12012,59,61,-2,2
12013,60,60,0,0
12014,111,98,13,13
12015,102,92,10,10
12016,89,72,17,17
12017,80,67,13,13
12018,73,72,1,1
12019,53,47,6,6
12020,124,112,12,12
12021,108,98,10,10
12022,101,82,19,19
12023,93,87,6,6
12024,69,67,2,2
12025,111,106,5,5
12026,74,68,6,6
12027,80,70,10,10
12028,101,83,18,18
12029,127,136,-9,9
12030,78,69,9,9
12031,143,136,7,7
12032,114,116,-2,2
12033,49,65,-16,16
12034,115,111,4,4
12035,103,80,23,23
12036,84,79,5,5
12037,88,81,7,7
12038,92,82,10,10
12039,108,103,5,5
12040,90,80,10,10
12041,65,66,-1,1
12042,60,54,6,6
12043,72,63,9,9
12044,129,129,0,0
12045,76,68,8,8
12046,109,105,4,4
12047,88,89,-1,1
12048,60,54,6,6
12049,47,36,11,11
12050,100,86,14,14
12051,117,113,4,4
12052,125,104,21,21
12053,113,96,17,17
12054,54,50,4,4
12055,111,100,11,11
12056,156,131,25,25
12057,110,99,11,11
12058,82,84,-2,2
12059,114,97,17,17
12060,68,70,-2,2
12061,66,68,-2,2
12062,90,87,3,3
12063,63,59,4,4
12064,100,90,10,10
12065,66,64,2,2
12066,141,128,13,13
12067,79,71,8,8
12068,104,86,18,18
12069,140,121,19,19
12070,72,70,2,2
12071,39,39,0,0
12072,118,101,17,17
12073,97,78,19,19
12074,95,96,-1,1
12075,86,81,5,5
12076,90,77,13,13
12077,86,92,-6,6
12078,95,85,10,10
12079,118,99,19,19
12080,94,81,13,13
12081,130,121,9,9
12082,58,51,7,7
12083,121,116,5,5
12084,125,116,9,9
12085,150,143,7,7
12086,102,93,9,9
12087,122,105,17,17
12088,109,95,14,14
12089,74,72,2,2
12090,93,76,17,17
12091,53,53,0,0
12092,117,111,6,6
12093,93,84,9,9
12094,191,188,3,3
12095,142,116,26,26
12096,123,105,18,18
12097,83,81,2,2
12098,127,113,14,14
12099,83,80,3,3
12100,85,75,10,10
12101,83,76,7,7
12102,94,80,14,14
12103,164,146,18,18
12104,72,60,12,12
12105,76,60,16,16
12106,122,100,22,22
12107,59,36,23,23
12108,87,77,10,10
12109,88,64,24,24
12110,61,53,8,8
12111,154,135,19,19
12112,159,137,22,22
12113,163,138,25,25
12114,104,92,12,12
12115,121,116,5,5
12116,116,98,18,18
12117,98,91,7,7
12118,84,79,5,5
12119,42,39,3,3
12120,78,71,7,7
12121,99,105,-6,6
12122,77,83,-6,6
12123,189,160,29,29
12124,66,72,-6,6
12125,144,135,9,9
12126,196,172,24,24
12127,107,95,12,12
12128,68,65,3,3
12129,88,75,13,13
12130,36,38,-2,2
12131,107,88,19,19
12132,123,105,18,18
12133,62,52,10,10
12134,207,183,24,24
12135,89,79,10,10
12136,74,70,4,4
12137,87,79,8,8
12138,135,115,20,20
12139,72,61,11,11
12140,183,129,54,54
12141,118,117,1,1
12142,110,79,31,31
12143,111,100,11,11
12144,122,102,20,20
12145,90,85,5,5
12146,121,113,8,8
12147,58,54,4,4
12148,126,109,17,17
12149,105,92,13,13
12150,109,99,10,10
12151,71,66,5,5
12152,148,133,15,15
12153,95,91,4,4
12154,103,95,8,8
12155,90,84,6,6
12156,77,72,5,5
12157,126,107,19,19
12158,141,125,16,16
12159,134,113,21,21
12160,49,43,6,6
12161,99,93,6,6
12162,130,114,16,16
12163,74,63,11,11
12164,64,59,5,5
12165,196,169,27,27
12166,106,102,4,4
12167,100,96,4,4
12168,88,79,9,9
12169,116,104,12,12
12170,107,100,7,7
12171,128,115,13,13
12172,93,81,12,12
12173,150,123,27,27
12174,92,75,17,17
12175,96,80,16,16
12176,115,101,14,14
12177,111,97,14,14
12178,87,84,3,3
12179,69,67,2,2
12180,139,140,-1,1
12181,104,94,10,10
12182,115,108,7,7
12183,114,97,17,17
12184,58,49,9,9
12185,77,71,6,6
12186,79,76,3,3
12187,114,105,9,9
12188,111,106,5,5
12189,102,90,12,12
12190,161,144,17,17
12191,197,177,20,20
12192,72,61,11,11
12193,142,128,14,14
12194,49,54,-5,5
12195,63,59,4,4
12196,135,123,12,12
12197,192,164,28,28
12198,47,44,3,3
12199,110,102,8,8
12200,71,63,8,8
12201,108,100,8,8
12202,137,131,6,6
12203,128,110,18,18
12204,137,124,13,13
12205,148,135,13,13
12206,82,76,6,6
12207,70,73,-3,3
12208,60,47,13,13
12209,115,100,15,15
12210,76,68,8,8
12211,86,76,10,10
12212,97,88,9,9
12213,122,107,15,15
12214,104,87,17,17
12215,149,144,5,5
12216,73,65,8,8
12217,88,77,11,11
12218,93,79,14,14
12219,94,84,10,10
12220,110,96,14,14
12221,56,61,-5,5
12222,66,64,2,2
12223,73,71,2,2
12224,96,87,9,9
12225,121,103,18,18
12226,122,117,5,5
12227,94,85,9,9
12228,88,91,-3,3
12229,130,124,6,6
12230,63,57,6,6
12231,141,115,26,26
12232,54,56,-2,2
12233,73,70,3,3
12234,71,63,8,8
12235,95,81,14,14
12236,121,100,21,21
12237,73,68,5,5
12238,125,115,10,10
12239,67,69,-2,2
12240,121,110,11,11
12241,109,99,10,10
12242,64,62,2,2
12243,96,80,16,16
12244,119,125,-6,6
12245,93,88,5,5
12246,75,68,7,7
12247,95,87,8,8
12248,66,65,1,1
12249,99,90,9,9
12250,47,45,2,2
12251,84,91,-7,7
12252,165,197,-32,32
12253,97,85,12,12
12254,73,70,3,3
12255,37,37,0,0
12256,104,86,18,18
12257,71,66,5,5
12258,65,61,4,4
12259,66,55,11,11
12260,63,56,7,7
12261,96,89,7,7
12262,130,116,14,14
12263,141,125,16,16
12264,86,94,-8,8
12265,108,104,4,4
12266,128,107,21,21
12267,118,99,19,19
12268,83,69,14,14
12269,68,63,5,5
12270,84,77,7,7
12271,105,91,14,14
12272,61,67,-6,6
12273,73,71,2,2
12274,65,59,6,6
12275,131,103,28,28
12276,118,102,16,16
12277,93,89,4,4
12278,76,66,10,10
12279,75,68,7,7
12280,65,64,1,1
12281,70,60,10,10
12282,140,134,6,6
12283,95,81,14,14
12284,145,117,28,28
12285,82,64,18,18
12286,185,155,30,30
12287,71,67,4,4
12288,100,98,2,2
12289,99,82,17,17
12290,64,60,4,4
12291,65,58,7,7
12292,51,47,4,4
12293,79,81,-2,2
12294,50,51,-1,1
12295,128,127,1,1
12296,109,95,14,14
12297,106,84,22,22
12298,50,48,2,2
12299,126,111,15,15
12300,105,94,11,11
12301,39,41,-2,2
12302,70,63,7,7
12303,134,92,42,42
12304,46,46,0,0
12305,81,76,5,5
12306,115,101,14,14
12307,56,57,-1,1
12308,90,82,8,8
12309,107,95,12,12
12310,38,39,-1,1
12311,112,99,13,13
12312,86,80,6,6
12313,102,91,11,11
12314,81,80,1,1
12315,133,113,20,20
12316,65,59,6,6
12317,67,72,-5,5
12318,63,62,1,1
12319,105,89,16,16
12320,81,76,5,5
12321,97,95,2,2
12322,96,93,3,3
12323,113,117,-4,4
12324,91,84,7,7
12325,67,72,-5,5
12326,85,75,10,10
12327,102,92,10,10
12328,76,67,9,9
12329,190,185,5,5
12330,63,62,1,1
12331,87,68,19,19
12332,140,123,17,17
12333,113,91,22,22
12334,102,91,11,11
12335,62,51,11,11
12336,57,50,7,7
12337,48,51,-3,3
12338,62,53,9,9
12339,94,107,-13,13
12340,95,95,0,0
12341,183,165,18,18
12342,80,72,8,8
12343,164,145,19,19
12344,66,52,14,14
12345,67,74,-7,7
12346,103,94,9,9
12347,69,73,-4,4
12348,118,112,6,6
12349,78,68,10,10
12350,66,59,7,7
12351,94,83,11,11
12352,92,84,8,8
12353,142,121,21,21
12354,55,61,-6,6
12355,101,94,7,7
12356,79,65,14,14
12357,122,119,3,3
12358,123,98,25,25
12359,38,33,5,5
12360,65,71,-6,6
12361,138,113,25,25
12362,76,71,5,5
12363,114,107,7,7
12364,79,76,3,3
12365,114,97,17,17
12366,68,61,7,7
12367,78,72,6,6
12368,93,90,3,3
12369,103,97,6,6
12370,163,130,33,33
12371,101,97,4,4
12372,126,115,11,11
12373,67,55,12,12
12374,78,69,9,9
12375,116,103,13,13
12376,128,118,10,10
12377,91,79,12,12
12378,142,121,21,21
12379,65,60,5,5
12380,145,147,-2,2
12381,61,53,8,8
12382,136,111,25,25
12383,84,72,12,12
12384,98,84,14,14
12385,87,80,7,7
12386,107,102,5,5
12387,115,117,-2,2
12388,106,91,15,15
12389,93,87,6,6
12390,80,64,16,16
12391,130,109,21,21
12392,115,100,15,15
12393,97,102,-5,5
12394,92,84,8,8
12395,88,75,13,13
12396,66,59,7,7
12397,66,59,7,7
12398,87,81,6,6
12399,106,93,13,13
12400,70,70,0,0
12401,180,153,27,27
12402,87,90,-3,3
12403,89,73,16,16
12404,92,90,2,2
12405,125,102,23,23
12406,88,92,-4,4
12407,109,97,12,12
12408,35,38,-3,3
12409,67,65,2,2
12410,117,105,12,12
12411,190,165,25,25
12412,114,103,11,11
12413,137,122,15,15
12414,138,141,-3,3
12415,129,124,5,5
12416,106,82,24,24
12417,63,63,0,0
12418,58,55,3,3
12419,57,56,1,1
12420,86,85,1,1
12421,104,92,12,12
12422,97,88,9,9
12423,101,94,7,7
12424,137,118,19,19
12425,64,49,15,15
12426,176,183,-7,7
12427,93,81,12,12
12428,120,107,13,13
12429,108,96,12,12
12430,70,65,5,5
12431,97,81,16,16
12432,83,83,0,0
12433,83,71,12,12
12434,150,150,0,0
12435,64,62,2,2
12436,89,76,13,13
12437,96,88,8,8
12438,114,100,14,14
12439,119,104,15,15
12440,61,49,12,12
12441,96,88,8,8
12442,105,97,8,8
12443,61,56,5,5
12444,141,129,12,12
12445,86,76,10,10
12446,87,75,12,12
12447,90,73,17,17
12448,105,96,9,9
12449,91,75,16,16
12450,111,105,6,6
12451,76,69,7,7
12452,87,80,7,7
12453,91,87,4,4
12454,107,104,3,3
12455,110,99,11,11
12456,124,121,3,3
12457,128,112,16,16
12458,109,98,11,11
12459,71,62,9,9
12460,87,74,13,13
12461,148,135,13,13
12462,107,92,15,15
12463,134,126,8,8
12464,23,28,-5,5
12465,119,124,-5,5
12466,91,76,15,15
12467,25,34,-9,9
12468,61,68,-7,7
12469,101,91,10,10
12470,72,63,9,9
12471,95,93,2,2
12472,47,41,6,6
12473,97,87,10,10
12474,81,74,7,7
12475,59,52,7,7
12476,77,66,11,11
12477,138,115,23,23
12478,120,111,9,9
12479,136,131,5,5
12480,79,75,4,4
12481,63,60,3,3
12482,102,92,10,10
12483,158,135,23,23
12484,73,70,3,3
12485,53,46,7,7
12486,83,79,4,4
12487,155,127,28,28
12488,139,117,22,22
12489,93,79,14,14
12490,128,122,6,6
12491,98,97,1,1
12492,96,79,17,17
12493,153,136,17,17
12494,104,95,9,9
12495,115,91,24,24
12496,72,67,5,5
12497,90,80,10,10
12498,127,126,1,1
12499,112,115,-3,3
12500,64,62,2,2
12501,73,64,9,9
12502,72,71,1,1
12503,73,77,-4,4
12504,56,52,4,4
12505,106,95,11,11
12506,144,123,21,21
12507,47,64,-17,17
12508,147,131,16,16
12509,95,86,9,9
12510,76,74,2,2
12511,128,120,8,8
12512,81,65,16,16
12513,79,73,6,6
12514,86,74,12,12
12515,44,44,0,0
12516,87,83,4,4
12517,102,96,6,6
12518,116,106,10,10
12519,105,95,10,10
12520,113,113,0,0
12521,152,131,21,21
12522,175,160,15,15
12523,70,64,6,6
12524,173,152,21,21
12525,87,71,16,16
12526,102,88,14,14
12527,88,83,5,5
12528,76,69,7,7
12529,110,92,18,18
12530,99,92,7,7
12531,71,65,6,6
12532,75,68,7,7
12533,105,96,9,9
12534,153,143,10,10
12535,100,104,-4,4
12536,90,76,14,14
12537,83,88,-5,5
12538,82,77,5,5
12539,49,47,2,2
12540,69,64,5,5
12541,113,103,10,10
12542,63,57,6,6
12543,58,56,2,2
12544,65,57,8,8
12545,145,131,14,14
12546,50,44,6,6
12547,83,81,2,2
12548,100,88,12,12
12549,76,69,7,7
12550,72,69,3,3
12551,71,79,-8,8
12552,106,93,13,13
12553,127,125,2,2
12554,96,86,10,10
12555,67,61,6,6
12556,140,129,11,11
12557,56,53,3,3
12558,108,96,12,12
12559,94,79,15,15
12560,59,53,6,6
12561,84,77,7,7
12562,96,91,5,5
12563,92,94,-2,2
12564,186,169,17,17
12565,62,55,7,7
12566,164,139,25,25
12567,49,46,3,3
12568,62,53,9,9
12569,50,53,-3,3
12570,128,116,12,12
12571,57,56,1,1
12572,69,65,4,4
12573,48,51,-3,3
12574,132,114,18,18
12575,140,133,7,7
12576,107,98,9,9
12577,80,74,6,6
12578,78,70,8,8
12579,140,117,23,23
12580,78,74,4,4
12581,123,104,19,19
12582,87,82,5,5
12583,91,97,-6,6
12584,119,119,0,0
12585,107,95,12,12
12586,52,50,2,2
12587,61,63,-2,2
12588,102,86,16,16
12589,79,67,12,12
12590,81,75,6,6
12591,72,63,9,9
12592,74,76,-2,2
12593,73,60,13,13
12594,114,83,31,31
12595,127,113,14,14
12596,92,71,21,21
12597,118,114,4,4
12598,115,175,-60,60
12599,73,66,7,7
12600,93,86,7,7
12601,70,59,11,11
12602,73,64,9,9
12603,107,108,-1,1
12604,96,94,2,2
12605,101,77,24,24
12606,76,80,-4,4
12607,85,71,14,14
12608,111,103,8,8
12609,42,45,-3,3
12610,69,62,7,7
12611,97,80,17,17
12612,90,78,12,12
12613,96,84,12,12
12614,114,121,-7,7
12615,121,105,16,16
12616,68,66,2,2
12617,45,43,2,2
12618,73,67,6,6
12619,109,97,12,12
12620,175,160,15,15
12621,90,73,17,17
12622,70,64,6,6
12623,85,80,5,5
12624,62,62,0,0
12625,89,92,-3,3
12626,132,118,14,14
12627,155,135,20,20
12628,99,93,6,6
12629,60,53,7,7
12630,110,96,14,14
12631,87,78,9,9
12632,98,98,0,0
12633,80,85,-5,5
12634,127,115,12,12
12635,172,140,32,32
12636,181,159,22,22
12637,130,111,19,19
12638,76,68,8,8
12639,86,77,9,9
12640,105,92,13,13
12641,105,104,1,1
12642,56,56,0,0
12643,65,64,1,1
12644,42,39,3,3
12645,120,103,17,17
12646,65,56,9,9
12647,76,73,3,3
12648,134,116,18,18
12649,28,61,-33,33
12650,96,85,11,11
12651,92,85,7,7
12652,53,46,7,7
12653,66,57,9,9
12654,79,70,9,9
12655,101,106,-5,5
12656,78,88,-10,10
12657,88,86,2,2
12658,136,120,16,16
12659,142,126,16,16
12660,73,60,13,13
12661,97,81,16,16
12662,80,66,14,14
12663,51,51,0,0
12664,69,70,-1,1
12665,52,50,2,2
12666,57,51,6,6
12667,100,102,-2,2
12668,147,133,14,14
12669,129,122,7,7
12670,92,94,-2,2
12671,107,86,21,21
12672,99,98,1,1
12673,89,85,4,4
12674,58,55,3,3
12675,103,82,21,21
12676,33,29,4,4
12677,103,83,20,20
12678,88,80,8,8
12679,81,77,4,4
12680,53,51,2,2
12681,70,74,-4,4
12682,32,37,-5,5
12683,88,79,9,9
12684,99,106,-7,7
12685,110,95,15,15
12686,78,72,6,6
12687,99,90,9,9
12688,46,43,3,3
12689,136,112,24,24
12690,75,64,11,11
12691,117,91,26,26
12692,93,74,19,19
12693,132,122,10,10
12694,70,65,5,5
12695,69,66,3,3
12696,49,30,19,19
12697,71,57,14,14
12698,118,106,12,12
12699,97,89,8,8
12700,76,80,-4,4
12701,195,150,45,45
12702,128,114,14,14
12703,66,55,11,11
12704,120,109,11,11
12705,73,68,5,5
12706,62,61,1,1
12707,104,84,20,20
12708,94,87,7,7
12709,94,82,12,12
12710,110,93,17,17
12711,96,84,12,12
12712,107,96,11,11
12713,77,77,0,0
12714,91,92,-1,1
12715,63,54,9,9
12716,128,101,27,27
12717,77,69,8,8
12718,67,67,0,0
12719,124,108,16,16
12720,94,82,12,12
12721,64,59,5,5
12722,74,71,3,3
12723,88,81,7,7
12724,70,68,2,2
12725,78,70,8,8
12726,66,71,-5,5
12727,104,96,8,8
12728,134,130,4,4
12729,92,82,10,10
12730,74,65,9,9
12731,93,82,11,11
12732,98,87,11,11
12733,100,86,14,14
12734,87,82,5,5
12735,101,88,13,13
12736,49,47,2,2
12737,121,106,15,15
12738,84,88,-4,4
12739,158,146,12,12
12740,115,97,18,18
12741,125,104,21,21
12742,53,42,11,11
12743,80,79,1,1
12744,68,56,12,12
12745,103,89,14,14
12746,107,98,9,9
12747,77,82,-5,5
12748,100,101,-1,1
12749,120,118,2,2
12750,91,80,11,11
12751,77,58,19,19
12752,132,113,19,19
12753,131,117,14,14
12754,43,54,-11,11
12755,45,40,5,5
12756,124,106,18,18
12757,86,73,13,13
12758,107,91,16,16
12759,82,78,4,4
12760,204,177,27,27
12761,107,92,15,15
12762,120,112,8,8
12763,140,125,15,15
12764,153,130,23,23
12765,83,75,8,8
12766,47,40,7,7
12767,91,73,18,18
12768,68,51,17,17
12769,56,51,5,5
12770,77,76,1,1
12771,37,38,-1,1
12772,117,102,15,15
12773,85,76,9,9
12774,101,85,16,16
12775,67,67,0,0
12776,118,120,-2,2
12777,56,57,-1,1
12778,68,62,6,6
12779,65,66,-1,1
12780,105,92,13,13
12781,102,101,1,1
12782,116,98,18,18
12783,69,62,7,7
12784,79,70,9,9
12785,105,96,9,9
12786,101,72,29,29
12787,106,86,20,20
12788,89,77,12,12
12789,77,71,6,6
12790,116,105,11,11
12791,111,95,16,16
12792,91,71,20,20
12793,74,60,14,14
12794,96,88,8,8
12795,119,115,4,4
12796,124,105,19,19
12797,83,71,12,12
12798,59,58,1,1
12799,87,71,16,16
12800,55,53,2,2
12801,121,111,10,10
12802,94,83,11,11
12803,90,79,11,11
12804,181,161,20,20
12805,93,78,15,15
12806,72,68,4,4
12807,92,84,8,8
12808,153,130,23,23
12809,55,51,4,4
12810,61,60,1,1
12811,99,87,12,12
12812,82,76,6,6
12813,102,87,15,15
12814,148,131,17,17
12815,112,100,12,12
12816,172,158,14,14
12817,133,123,10,10
12818,97,88,9,9
12819,70,69,1,1
12820,70,71,-1,1
12821,98,77,21,21
12822,96,97,-1,1
12823,69,58,11,11
12824,90,77,13,13
12825,138,121,17,17
12826,132,118,14,14
12827,153,145,8,8
12828,86,65,21,21
12829,108,91,17,17
12830,80,82,-2,2
12831,154,124,30,30
12832,116,110,6,6
12833,103,90,13,13
12834,104,101,3,3
12835,116,103,13,13
12836,107,84,23,23
12837,96,81,15,15
12838,90,86,4,4
12839,50,52,-2,2
12840,104,93,11,11
12841,72,59,13,13
12842,106,90,16,16
12843,87,80,7,7
12844,124,114,10,10
12845,27,30,-3,3
12846,133,117,16,16
12847,122,100,22,22
12848,124,130,-6,6
12849,89,88,1,1
12850,97,115,-18,18
12851,84,83,1,1
12852,140,131,9,9
12853,136,117,19,19
12854,20,26,-6,6
12855,93,87,6,6
12856,85,79,6,6
12857,74,71,3,3
12858,103,87,16,16
12859,75,70,5,5
12860,46,43,3,3
12861,84,93,-9,9
12862,75,69,6,6
12863,53,48,5,5
12864,52,70,-18,18
12865,87,82,5,5
12866,109,88,21,21
12867,105,86,19,19
12868,67,62,5,5
12869,154,125,29,29
12870,84,80,4,4
12871,128,111,17,17
12872,113,112,1,1
12873,87,73,14,14
12874,101,98,3,3
12875,96,93,3,3
12876,39,40,-1,1
12877,133,122,11,11
12878,191,179,12,12
12879,60,58,2,2
12880,125,111,14,14
12881,75,73,2,2
12882,40,42,-2,2
12883,103,88,15,15
12884,79,70,9,9
12885,185,170,15,15
12886,124,106,18,18
12887,109,105,4,4
12888,89,90,-1,1
12889,67,62,5,5
12890,47,40,7,7
12891,76,64,12,12
12892,122,115,7,7
12893,106,88,18,18
12894,142,117,25,25
12895,96,72,24,24
12896,52,48,4,4
12897,96,87,9,9
12898,117,112,5,5
12899,69,67,2,2
12900,89,76,13,13
12901,72,66,6,6
12902,180,163,17,17
12903,94,78,16,16
12904,53,53,0,0
12905,93,90,3,3
12906,161,132,29,29
12907,137,123,14,14
12908,129,120,9,9
12909,89,73,16,16
12910,102,89,13,13
12911,159,148,11,11
12912,67,62,5,5
12913,67,75,-8,8
12914,97,90,7,7
12915,71,64,7,7
12916,153,139,14,14
12917,100,92,8,8
12918,92,89,3,3
12919,79,80,-1,1
12920,79,73,6,6
12921,73,64,9,9
12922,133,123,10,10
12923,51,48,3,3
12924,139,121,18,18
12925,115,115,0,0
12926,89,81,8,8
12927,124,114,10,10
12928,90,80,10,10
12929,128,118,10,10
12930,131,112,19,19
12931,71,64,7,7
12932,113,98,15,15
12933,127,122,5,5
12934,61,60,1,1
12935,113,102,11,11
12936,112,79,33,33
12937,75,68,7,7
12938,125,99,26,26
12939,73,67,6,6
12940,100,104,-4,4
12941,187,167,20,20
12942,101,88,13,13
12943,103,86,17,17
12944,99,98,1,1
12945,65,61,4,4
12946,116,102,14,14
12947,97,101,-4,4
12948,83,80,3,3
12949,90,89,1,1
12950,101,96,5,5
12951,97,95,2,2
12952,107,94,13,13
12953,119,120,-1,1
12954,78,67,11,11
12955,79,73,6,6
12956,74,72,2,2
12957,150,130,20,20
12958,83,85,-2,2
12959,131,132,-1,1
12960,68,64,4,4
12961,222,173,49,49
12962,88,76,12,12
12963,109,92,17,17
12964,149,141,8,8
12965,82,80,2,2
12966,33,31,2,2
12967,97,96,1,1
12968,88,78,10,10
12969,127,123,4,4
12970,70,62,8,8
12971,86,77,9,9
12972,63,57,6,6
12973,101,89,12,12
12974,85,78,7,7
12975,97,78,19,19
12976,68,62,6,6
12977,79,83,-4,4
12978,182,161,21,21
12979,68,66,2,2
12980,68,63,5,5
12981,81,70,11,11
12982,118,101,17,17
12983,93,84,9,9
12984,117,92,25,25
12985,144,128,16,16
12986,134,111,23,23
12987,69,63,6,6
12988,133,118,15,15
12989,88,84,4,4
12990,63,51,12,12
12991,116,110,6,6
12992,113,113,0,0
12993,103,83,20,20
12994,127,112,15,15
12995,116,107,9,9
12996,114,97,17,17
12997,123,105,18,18
12998,72,55,17,17
12999,107,90,17,17
13000,121,99,22,22
13001,100,78,22,22
13002,87,78,9,9
13003,102,85,17,17
13004,155,151,4,4
13005,72,74,-2,2
13006,84,77,7,7
13007,86,86,0,0
13008,115,111,4,4
13009,100,92,8,8
13010,81,67,14,14
13011,51,49,2,2
13012,54,49,5,5
13013,86,78,8,8
13014,92,81,11,11
13015,60,58,2,2
13016,112,103,9,9
13017,92,80,12,12
13018,87,80,7,7
13019,95,87,8,8
13020,80,70,10,10
13021,139,130,9,9
13022,103,86,17,17
13023,120,120,0,0
13024,75,78,-3,3
13025,51,41,10,10
13026,76,70,6,6
13027,67,64,3,3
13028,165,150,15,15
13029,84,80,4,4
13030,83,81,2,2
13031,61,53,8,8
13032,159,140,19,19
13033,64,72,-8,8
13034,140,129,11,11
13035,65,70,-5,5
13036,68,65,3,3
13037,67,56,11,11
13038,87,84,3,3
13039,109,99,10,10
13040,116,109,7,7
13041,94,100,-6,6
13042,135,116,19,19
13043,77,67,10,10
13044,55,46,9,9
13045,61,54,7,7
13046,73,69,4,4
13047,139,114,25,25
13048,106,105,1,1
13049,78,78,0,0
13050,74,59,15,15
13051,99,87,12,12
13052,88,84,4,4
13053,93,77,16,16
13054,69,59,10,10
13055,235,195,40,40
13056,83,78,5,5
13057,101,80,21,21
13058,66,64,2,2
13059,58,50,8,8
13060,119,111,8,8
13061,129,117,12,12
13062,82,75,7,7
13063,168,149,19,19
13064,72,69,3,3
13065,125,106,19,19
13066,82,68,14,14
13067,97,84,13,13
13068,56,57,-1,1
13069,123,124,-1,1
13070,79,67,12,12
13071,84,74,10,10
13072,112,100,12,12
13073,80,79,1,1
13074,106,95,11,11
13075,60,60,0,0
13076,72,68,4,4
13077,96,95,1,1
13078,60,40,20,20
13079,117,88,29,29
13080,66,67,-1,1
13081,78,73,5,5
13082,55,53,2,2
13083,164,134,30,30
13084,184,163,21,21
13085,78,75,3,3
13086,61,63,-2,2
13087,109,117,-8,8
13088,101,92,9,9
13089,79,69,10,10
13090,51,50,1,1
13091,64,53,11,11
13092,62,57,5,5
13093,144,130,14,14
13094,57,54,3,3
13095,50,46,4,4
13096,81,73,8,8
13097,99,92,7,7
13098,97,92,5,5
13099,129,104,25,25
13100,104,90,14,14
13101,93,92,1,1
13102,84,71,13,13
13103,90,85,5,5
13104,112,107,5,5
13105,69,63,6,6
13106,69,65,4,4
13107,107,82,25,25
13108,145,116,29,29
13109,84,69,15,15
13110,51,49,2,2
13111,100,85,15,15
13112,82,80,2,2
13113,71,74,-3,3
13114,104,89,15,15
13115,67,70,-3,3
13116,89,84,5,5
13117,61,64,-3,3
13118,74,70,4,4
13119,101,99,2,2
13120,67,68,-1,1
13121,72,71,1,1
13122,70,64,6,6
13123,158,148,10,10
13124,94,85,9,9
13125,84,73,11,11
13126,120,111,9,9
13127,152,143,9,9
13128,137,120,17,17
13129,82,82,0,0
13130,116,104,12,12
13131,112,96,16,16
13132,99,84,15,15
13133,150,141,9,9
13134,66,53,13,13
13135,81,62,19,19
13136,50,46,4,4
13137,133,124,9,9
13138,65,61,4,4
13139,65,58,7,7
13140,80,73,7,7
13141,53,41,12,12
13142,108,89,19,19
13143,80,58,22,22
13144,126,122,4,4
13145,73,72,1,1
13146,58,51,7,7
13147,80,70,10,10
13148,62,58,4,4
13149,64,60,4,4
13150,55,47,8,8
13151,81,73,8,8
13152,97,92,5,5
13153,78,66,12,12
13154,101,85,16,16
13155,72,73,-1,1
13156,112,100,12,12
13157,84,79,5,5
13158,68,65,3,3
13159,102,97,5,5
13160,117,118,-1,1
13161,88,76,12,12
13162,127,103,24,24
13163,64,49,15,15
13164,87,81,6,6
13165,80,75,5,5
13166,101,81,20,20
13167,122,106,16,16
13168,67,58,9,9
13169,131,116,15,15
13170,97,79,18,18
13171,135,112,23,23
13172,88,80,8,8
13173,115,119,-4,4
13174,134,109,25,25
13175,116,108,8,8
13176,79,76,3,3
13177,45,43,2,2
13178,100,92,8,8
13179,85,95,-10,10
13180,63,62,1,1
13181,89,79,10,10
13182,76,70,6,6
13183,138,119,19,19
13184,123,113,10,10
13185,74,73,1,1
13186,43,51,-8,8
13187,66,68,-2,2
13188,86,99,-13,13
13189,115,117,-2,2
13190,30,44,-14,14
13191,66,64,2,2
13192,208,160,48,48
13193,90,81,9,9
13194,71,60,11,11
13195,94,77,17,17
13196,171,157,14,14
13197,55,50,5,5
13198,43,36,7,7
13199,67,67,0,0
13200,143,117,26,26
13201,98,88,10,10
13202,100,88,12,12
13203,108,96,12,12
13204,91,74,17,17
13205,131,119,12,12
13206,79,62,17,17
13207,153,146,7,7
13208,37,35,2,2
13209,46,40,6,6
13210,241,211,30,30
13211,89,78,11,11
13212,72,63,9,9
13213,100,87,13,13
13214,83,77,6,6
13215,98,94,4,4
13216,128,115,13,13
13217,162,112,50,50
13218,81,69,12,12
13219,98,89,9,9
13220,70,71,-1,1
13221,182,153,29,29
13222,71,64,7,7
13223,173,160,13,13
13224,54,52,2,2
13225,66,63,3,3
13226,85,70,15,15
13227,93,85,8,8
13228,71,103,-32,32
13229,163,150,13,13
13230,86,73,13,13
13231,74,67,7,7
13232,148,140,8,8
13233,112,102,10,10
13234,90,71,19,19
13235,64,53,11,11
13236,78,87,-9,9
13237,115,110,5,5
13238,105,91,14,14
13239,90,81,9,9
13240,117,101,16,16
13241,103,86,17,17
13242,139,147,-8,8
13243,107,103,4,4
13244,118,119,-1,1
13245,94,77,17,17
13246,56,52,4,4
13247,97,86,11,11
13248,77,64,13,13
13249,117,89,28,28
13250,125,114,11,11
13251,67,65,2,2
13252,73,67,6,6
13253,152,131,21,21
13254,73,62,11,11
13255,121,110,11,11
13256,166,151,15,15
13257,90,82,8,8
13258,96,92,4,4
13259,149,143,6,6
13260,61,61,0,0
13261,144,125,19,19
13262,121,113,8,8
13263,131,111,20,20
13264,58,47,11,11
13265,51,49,2,2
13266,54,58,-4,4
13267,72,67,5,5
13268,99,93,6,6
13269,124,100,24,24
13270,105,96,9,9
13271,100,88,12,12
13272,153,143,10,10
13273,76,74,2,2
13274,120,102,18,18
13275,94,85,9,9
13276,85,71,14,14
13277,84,80,4,4
13278,53,63,-10,10
13279,106,99,7,7
13280,108,103,5,5
13281,140,120,20,20
13282,113,100,13,13
13283,57,63,-6,6
13284,108,98,10,10
13285,123,104,19,19
13286,108,91,17,17
13287,83,77,6,6
13288,99,78,21,21
13289,78,70,8,8
13290,96,92,4,4
13291,58,51,7,7
13292,82,73,9,9
13293,148,136,12,12
13294,86,86,0,0
13295,81,64,17,17
13296,119,109,10,10
13297,97,96,1,1
13298,118,107,11,11
13299,92,81,11,11
13300,102,103,-1,1
13301,72,67,5,5
13302,64,56,8,8
13303,86,80,6,6
13304,57,62,-5,5
13305,102,93,9,9
13306,67,56,11,11
13307,88,82,6,6
13308,139,111,28,28
13309,61,60,1,1
13310,77,69,8,8
13311,158,146,12,12
13312,130,110,20,20
13313,132,125,7,7
13314,187,178,9,9
13315,79,68,11,11
13316,96,97,-1,1
13317,76,70,6,6
13318,71,67,4,4
13319,78,74,4,4
13320,209,186,23,23
13321,75,69,6,6
13322,146,122,24,24
13323,100,87,13,13
13324,80,76,4,4
13325,70,64,6,6
13326,65,61,4,4
13327,95,94,1,1
13328,80,71,9,9
13329,69,63,6,6
13330,132,127,5,5
13331,77,64,13,13
13332,98,85,13,13
13333,94,86,8,8
13334,86,78,8,8
13335,90,79,11,11
13336,75,64,11,11
13337,130,94,36,36
13338,87,86,1,1
13339,141,119,22,22
13340,161,137,24,24
13341,68,68,0,0
13342,97,83,14,14
13343,125,105,20,20
13344,36,37,-1,1
13345,115,102,13,13
13346,68,57,11,11
13347,106,92,14,14
13348,96,100,-4,4
13349,82,72,10,10
13350,73,59,14,14
13351,89,69,20,20
13352,75,65,10,10
13353,85,85,0,0
13354,134,134,0,0
13355,90,77,13,13
13356,83,79,4,4
13357,129,100,29,29
13358,140,133,7,7
13359,60,52,8,8
13360,82,70,12,12
13361,153,136,17,17
13362,80,82,-2,2
13363,119,112,7,7
13364,108,92,16,16
13365,54,51,3,3
13366,99,95,4,4
13367,130,151,-21,21
13368,100,91,9,9
13369,59,50,9,9
13370,84,84,0,0
13371,117,108,9,9
13372,60,59,1,1
13373,55,49,6,6
13374,96,90,6,6
13375,73,73,0,0
13376,64,66,-2,2
13377,75,68,7,7
13378,55,46,9,9
13379,90,78,12,12
13380,142,137,5,5
13381,139,127,12,12
13382,118,102,16,16
13383,120,104,16,16
13384,112,104,8,8
13385,43,43,0,0
13386,106,98,8,8
13387,187,168,19,19
13388,117,110,7,7
13389,111,102,9,9
13390,188,174,14,14
13391,156,125,31,31
13392,136,130,6,6
13393,88,83,5,5
13394,29,33,-4,4
13395,107,86,21,21
13396,113,87,26,26
13397,93,81,12,12
13398,81,74,7,7
13399,22,29,-7,7
13400,69,63,6,6
13401,168,150,18,18
13402,147,126,21,21
13403,105,105,0,0
13404,145,126,19,19
13405,58,57,1,1
13406,60,60,0,0
13407,150,145,5,5
13408,70,62,8,8
13409,69,66,3,3
13410,140,130,10,10
13411,88,76,12,12
13412,120,111,9,9
13413,63,57,6,6
13414,81,81,0,0
13415,66,55,11,11
13416,91,79,12,12
13417,131,128,3,3
13418,126,95,31,31
13419,138,131,7,7
13420,103,97,6,6
13421,103,93,10,10
13422,50,53,-3,3
13423,64,65,-1,1
13424,75,73,2,2
13425,67,60,7,7
13426,97,86,11,11
13427,109,103,6,6
13428,137,121,16,16
13429,71,62,9,9
13430,98,82,16,16
13431,82,88,-6,6
13432,65,64,1,1
13433,117,95,22,22
13434,148,142,6,6
13435,190,161,29,29
13436,84,75,9,9
13437,110,92,18,18
13438,138,124,14,14
13439,74,67,7,7
13440,130,108,22,22
13441,79,71,8,8
13442,92,102,-10,10
13443,137,128,9,9
13444,104,85,19,19
13445,160,125,35,35
13446,90,80,10,10
13447,101,92,9,9
13448,123,116,7,7
13449,73,67,6,6
13450,66,62,4,4
13451,124,113,11,11
13452,173,153,20,20
13453,142,120,22,22
13454,32,29,3,3
13455,104,90,14,14
13456,65,74,-9,9
13457,60,54,6,6
13458,71,71,0,0
13459,56,50,6,6
13460,122,112,10,10
13461,135,137,-2,2
13462,162,151,11,11
13463,96,101,-5,5
13464,126,122,4,4
13465,74,71,3,3
13466,102,96,6,6
13467,80,73,7,7
13468,88,76,12,12
13469,92,73,19,19
13470,107,101,6,6
13471,87,81,6,6
13472,58,52,6,6
13473,80,66,14,14
13474,79,63,16,16
13475,114,111,3,3
13476,78,81,-3,3
13477,75,72,3,3
13478,168,158,10,10
13479,114,105,9,9
13480,59,62,-3,3
13481,152,145,7,7
13482,66,62,4,4
13483,98,81,17,17
13484,70,67,3,3
13485,101,80,21,21
13486,130,120,10,10
13487,114,97,17,17
13488,63,63,0,0
13489,181,157,24,24
13490,86,75,11,11
13491,107,111,-4,4
13492,59,55,4,4
13493,74,67,7,7
13494,134,126,8,8
13495,199,155,44,44
13496,58,57,1,1
13497,99,93,6,6
13498,103,97,6,6
13499,183,151,32,32
13500,96,89,7,7
13501,99,94,5,5
13502,113,94,19,19
13503,88,71,17,17
13504,88,85,3,3
13505,128,115,13,13
13506,82,82,0,0
13507,80,70,10,10
13508,53,52,1,1
13509,47,46,1,1
13510,102,79,23,23
13511,97,88,9,9
13512,68,64,4,4
13513,125,107,18,18
13514,110,109,1,1
13515,77,68,9,9
13516,127,108,19,19
13517,87,78,9,9
13518,107,84,23,23
13519,105,102,3,3
13520,153,117,36,36
13521,61,60,1,1
13522,33,71,-38,38
13523,146,130,16,16
13524,100,98,2,2
13525,170,146,24,24
13526,134,114,20,20
13527,78,88,-10,10
13528,73,57,16,16
13529,60,53,7,7
13530,64,58,6,6
13531,99,83,16,16
13532,80,83,-3,3
13533,65,58,7,7
13534,67,55,12,12
13535,141,120,21,21
13536,60,56,4,4
13537,138,133,5,5
13538,154,141,13,13
13539,58,53,5,5
13540,114,115,-1,1
13541,132,113,19,19
13542,98,90,8,8
13543,80,76,4,4
13544,105,104,1,1
13545,84,82,2,2
13546,78,70,8,8
13547,154,134,20,20
13548,67,66,1,1
13549,95,97,-2,2
13550,125,108,17,17
13551,128,112,16,16
13552,42,39,3,3
13553,204,182,22,22
13554,98,88,10,10
13555,112,100,12,12
13556,132,112,20,20
13557,139,119,20,20
13558,93,81,12,12
13559,146,130,16,16
13560,56,51,5,5
13561,65,57,8,8
13562,124,106,18,18
13563,103,93,10,10
13564,86,75,11,11
13565,60,63,-3,3
13566,98,93,5,5
13567,80,112,-32,32
13568,89,93,-4,4
13569,148,121,27,27
13570,40,40,0,0
13571,80,81,-1,1
13572,70,72,-2,2
13573,82,66,16,16
13574,133,133,0,0
13575,75,74,1,1
13576,75,65,10,10
13577,120,93,27,27
13578,50,50,0,0
13579,111,117,-6,6
13580,86,77,9,9
13581,115,110,5,5
13582,63,55,8,8
13583,93,87,6,6
13584,104,88,16,16
13585,153,140,13,13
13586,51,50,1,1
13587,128,107,21,21
13588,92,80,12,12
13589,51,47,4,4
13590,84,77,7,7
13591,104,93,11,11
13592,101,85,16,16
13593,83,82,1,1
13594,69,68,1,1
13595,96,84,12,12
13596,83,71,12,12
13597,54,65,-11,11
13598,83,65,18,18
13599,54,46,8,8
13600,61,54,7,7
13601,116,103,13,13
13602,113,93,20,20
13603,76,65,11,11
13604,87,75,12,12
13605,59,53,6,6
13606,141,128,13,13
13607,97,91,6,6
13608,89,75,14,14
13609,131,122,9,9
13610,71,61,10,10
13611,60,51,9,9
13612,39,41,-2,2
13613,68,67,1,1
13614,61,55,6,6
13615,107,94,13,13
13616,95,84,11,11
13617,94,102,-8,8
13618,82,80,2,2
13619,110,102,8,8
13620,113,107,6,6
13621,107,92,15,15
13622,161,134,27,27
13623,180,149,31,31
13624,101,95,6,6
13625,88,78,10,10
13626,87,77,10,10
13627,115,106,9,9
13628,121,106,15,15
13629,139,126,13,13
13630,123,110,13,13
13631,63,56,7,7
13632,122,107,15,15
13633,68,63,5,5
13634,110,93,17,17
13635,57,72,-15,15
13636,82,68,14,14
13637,95,86,9,9
13638,134,123,11,11
13639,98,80,18,18
13640,128,106,22,22
13641,95,87,8,8
13642,104,116,-12,12
13643,175,150,25,25
13644,109,90,19,19
13645,164,136,28,28
13646,118,107,11,11
13647,70,68,2,2
13648,54,57,-3,3
13649,145,133,12,12
13650,68,60,8,8
13651,82,67,15,15
13652,61,52,9,9
13653,92,83,9,9
13654,89,79,10,10
13655,96,84,12,12
13656,122,105,17,17
13657,79,71,8,8
13658,75,69,6,6
13659,108,98,10,10
13660,43,43,0,0
13661,67,62,5,5
13662,75,70,5,5
13663,67,59,8,8
13664,88,85,3,3
13665,55,49,6,6
13666,96,97,-1,1
13667,60,56,4,4
13668,125,105,20,20
13669,56,59,-3,3
13670,111,101,10,10
13671,105,109,-4,4
13672,77,88,-11,11
13673,89,83,6,6
13674,79,75,4,4
13675,107,103,4,4
13676,124,108,16,16
13677,119,106,13,13
13678,57,71,-14,14
13679,127,112,15,15
13680,64,66,-2,2
13681,96,90,6,6
13682,89,73,16,16
13683,71,67,4,4
13684,76,66,10,10
13685,110,102,8,8
13686,120,120,0,0
13687,98,85,13,13
13688,84,83,1,1
13689,233,194,39,39
13690,75,62,13,13
13691,107,81,26,26
13692,76,69,7,7
13693,84,79,5,5
13694,86,77,9,9
13695,103,86,17,17
13696,106,89,17,17
13697,150,120,30,30
13698,73,63,10,10
13699,130,131,-1,1
13700,132,109,23,23
13701,139,124,15,15
13702,115,104,11,11
13703,155,138,17,17
13704,75,75,0,0
13705,70,63,7,7
13706,127,108,19,19
13707,65,56,9,9
13708,100,99,1,1
13709,170,151,19,19
13710,135,125,10,10
13711,75,69,6,6
13712,164,163,1,1
13713,125,101,24,24
13714,104,105,-1,1
13715,53,47,6,6
13716,146,132,14,14
13717,102,80,22,22
13718,70,72,-2,2
13719,54,50,4,4
13720,108,100,8,8
13721,97,89,8,8
13722,104,91,13,13
13723,140,130,10,10
13724,94,102,-8,8
13725,62,68,-6,6
13726,105,88,17,17
13727,48,44,4,4
13728,63,62,1,1
13729,64,52,12,12
13730,51,46,5,5
13731,63,54,9,9
13732,121,108,13,13
13733,120,105,15,15
13734,86,79,7,7
13735,91,83,8,8
13736,55,57,-2,2
13737,98,90,8,8
13738,69,57,12,12
13739,45,39,6,6
13740,126,127,-1,1
13741,169,153,16,16
13742,95,82,13,13
13743,106,101,5,5
13744,91,76,15,15
13745,126,107,19,19
13746,67,64,3,3
13747,55,54,1,1
13748,74,70,4,4
13749,87,67,20,20
13750,87,80,7,7
13751,83,67,16,16
13752,114,117,-3,3
13753,125,117,8,8
13754,120,107,13,13
13755,86,76,10,10
13756,66,64,2,2
13757,106,94,12,12
13758,62,51,11,11
13759,87,101,-14,14
13760,68,57,11,11
13761,77,72,5,5
13762,106,93,13,13
13763,101,90,11,11
13764,93,79,14,14
13765,63,74,-11,11
13766,53,54,-1,1
13767,116,109,7,7
13768,116,107,9,9
13769,92,105,-13,13
13770,80,76,4,4
13771,93,85,8,8
13772,129,113,16,16
13773,97,88,9,9
13774,51,55,-4,4
13775,98,83,15,15
13776,80,101,-21,21
13777,74,68,6,6
13778,157,134,23,23
13779,163,153,10,10
13780,62,59,3,3
13781,107,101,6,6
13782,107,86,21,21
13783,107,95,12,12
13784,83,76,7,7
13785,117,94,23,23
13786,94,91,3,3
13787,65,60,5,5
13788,61,60,1,1
13789,79,75,4,4
13790,137,126,11,11
13791,141,121,20,20
13792,95,87,8,8
13793,101,92,9,9
13794,95,89,6,6
13795,142,117,25,25
13796,107,88,19,19
13797,80,70,10,10
13798,91,84,7,7
13799,71,64,7,7
13800,81,74,7,7
13801,96,84,12,12
13802,151,133,18,18
13803,75,76,-1,1
13804,69,66,3,3
13805,70,64,6,6
13806,66,65,1,1
13807,100,96,4,4
13808,107,94,13,13
13809,116,106,10,10
13810,59,57,2,2
13811,90,80,10,10
13812,60,49,11,11
13813,55,50,5,5
13814,66,64,2,2
13815,90,86,4,4
13816,80,78,2,2
13817,151,81,70,70
13818,91,82,9,9
13819,59,52,7,7
13820,73,68,5,5
13821,51,52,-1,1
13822,95,89,6,6
13823,92,81,11,11
13824,61,56,5,5
13825,80,72,8,8
13826,107,111,-4,4
13827,79,73,6,6
13828,167,142,25,25
13829,58,54,4,4
13830,104,94,10,10
13831,106,107,-1,1
13832,61,51,10,10
13833,111,108,3,3
13834,97,107,-10,10
13835,101,90,11,11
13836,67,67,0,0
13837,56,56,0,0
13838,57,50,7,7
13839,82,59,23,23
13840,95,86,9,9
13841,69,70,-1,1
13842,58,57,1,1
13843,105,92,13,13
13844,163,129,34,34
13845,61,60,1,1
13846,90,68,22,22
13847,220,191,29,29
13848,96,73,23,23
13849,44,43,1,1
13850,59,53,6,6
13851,60,57,3,3
13852,64,59,5,5
13853,94,85,9,9
13854,151,130,21,21
13855,75,68,7,7
13856,75,67,8,8
13857,79,67,12,12
13858,70,69,1,1
13859,107,101,6,6
13860,145,125,20,20
13861,70,58,12,12
13862,75,63,12,12
13863,141,125,16,16
13864,66,62,4,4
13865,79,67,12,12
13866,111,92,19,19
13867,112,95,17,17
13868,125,125,0,0
13869,121,120,1,1
13870,108,95,13,13
13871,74,76,-2,2
13872,106,102,4,4
13873,118,110,8,8
13874,162,135,27,27
13875,142,100,42,42
13876,65,62,3,3
13877,59,52,7,7
13878,91,76,15,15
13879,75,67,8,8
13880,125,107,18,18
13881,146,128,18,18
13882,84,71,13,13
13883,95,87,8,8
13884,88,73,15,15
13885,95,82,13,13
13886,54,55,-1,1
13887,68,54,14,14
13888,250,232,18,18
13889,64,59,5,5
13890,89,77,12,12
13891,63,59,4,4
13892,47,57,-10,10
13893,113,104,9,9
13894,118,102,16,16
13895,77,69,8,8
13896,175,149,26,26
13897,87,78,9,9
13898,85,78,7,7
13899,107,88,19,19
13900,77,59,18,18
13901,112,109,3,3
13902,67,65,2,2
13903,124,124,0,0
13904,69,61,8,8
13905,170,157,13,13
13906,91,71,20,20
13907,69,64,5,5
13908,69,57,12,12
13909,102,93,9,9
13910,87,91,-4,4
13911,61,55,6,6
13912,140,112,28,28
13913,56,52,4,4
13914,50,45,5,5
13915,71,61,10,10
13916,46,47,-1,1
13917,102,95,7,7
13918,72,63,9,9
13919,102,98,4,4
13920,98,89,9,9
13921,114,109,5,5
13922,83,78,5,5
13923,75,71,4,4
13924,92,76,16,16
13925,107,101,6,6
13926,166,143,23,23
13927,72,68,4,4
13928,43,51,-8,8
13929,98,76,22,22
13930,141,123,18,18
13931,112,91,21,21
13932,149,134,15,15
13933,17,31,-14,14
13934,63,64,-1,1
13935,127,111,16,16
13936,128,118,10,10
13937,64,60,4,4
13938,59,55,4,4
13939,45,51,-6,6
13940,104,91,13,13
13941,82,73,9,9
13942,52,44,8,8
13943,96,78,18,18
13944,108,98,10,10
13945,122,111,11,11
13946,105,93,12,12
13947,72,69,3,3
13948,75,63,12,12
13949,111,101,10,10
13950,86,75,11,11
13951,121,110,11,11
13952,86,75,11,11
13953,66,59,7,7
13954,93,85,8,8
13955,128,126,2,2
13956,142,124,18,18
13957,87,66,21,21
13958,84,75,9,9
13959,103,94,9,9
13960,113,96,17,17
13961,136,126,10,10
13962,74,64,10,10
13963,108,113,-5,5
13964,89,86,3,3
13965,84,79,5,5
13966,98,88,10,10
13967,51,54,-3,3
13968,53,43,10,10
13969,88,77,11,11
13970,96,81,15,15
13971,105,102,3,3
13972,95,81,14,14
13973,119,83,36,36
13974,79,66,13,13
13975,110,84,26,26
13976,68,58,10,10
13977,98,91,7,7
13978,162,149,13,13
13979,124,117,7,7
13980,54,46,8,8
13981,89,87,2,2
13982,55,49,6,6
13983,147,118,29,29
13984,118,100,18,18
13985,28,29,-1,1
13986,115,103,12,12
13987,87,80,7,7
13988,129,114,15,15
13989,100,87,13,13
13990,119,109,10,10
13991,95,88,7,7
13992,130,118,12,12
13993,57,46,11,11
13994,103,83,20,20
13995,100,87,13,13
13996,95,84,11,11
13997,61,56,5,5
13998,59,58,1,1
13999,126,106,20,20
14000,162,157,5,5
14001,98,94,4,4
14002,134,104,30,30
14003,118,105,13,13
14004,57,53,4,4
14005,84,84,0,0
14006,84,73,11,11
14007,120,123,-3,3
14008,163,152,11,11
14009,64,60,4,4
14010,83,69,14,14
14011,69,76,-7,7
14012,135,95,40,40
14013,86,75,11,11
14014,60,48,12,12
14015,77,74,3,3
14016,92,84,8,8
14017,85,73,12,12
14018,161,144,17,17
14019,126,101,25,25
14020,63,58,5,5
14021,93,94,-1,1
14022,73,62,11,11
14023,107,98,9,9
14024,74,69,5,5
14025,73,61,12,12
14026,108,84,24,24
14027,182,162,20,20
14028,134,114,20,20
14029,67,64,3,3
14030,91,82,9,9
14031,131,146,-15,15
14032,146,129,17,17
14033,80,72,8,8
14034,139,121,18,18
14035,188,173,15,15
14036,150,132,18,18
14037,74,67,7,7
14038,115,109,6,6
14039,87,75,12,12
14040,83,65,18,18
14041,71,63,8,8
14042,95,87,8,8
14043,110,94,16,16
14044,91,81,10,10
14045,108,97,11,11
14046,51,47,4,4
14047,71,68,3,3
14048,50,47,3,3
14049,66,64,2,2
14050,56,57,-1,1
14051,108,101,7,7
14052,114,102,12,12
14053,86,66,20,20
14054,88,79,9,9
14055,66,56,10,10
14056,111,103,8,8
14057,53,53,0,0
14058,94,84,10,10
14059,74,68,6,6
14060,129,126,3,3
14061,75,73,2,2
14062,198,168,30,30
14063,76,65,11,11
14064,94,84,10,10
14065,70,61,9,9
14066,172,142,30,30
14067,61,56,5,5
14068,80,72,8,8
14069,102,87,15,15
14070,114,106,8,8
14071,70,67,3,3
14072,75,75,0,0
14073,112,99,13,13
14074,44,42,2,2
14075,145,157,-12,12
14076,68,84,-16,16
14077,148,134,14,14
14078,56,53,3,3
14079,81,75,6,6
14080,73,68,5,5
14081,122,115,7,7
14082,75,75,0,0
14083,121,120,1,1
14084,139,131,8,8
14085,63,58,5,5
14086,125,114,11,11
14087,85,72,13,13
14088,112,109,3,3
14089,114,104,10,10
14090,134,116,18,18
14091,98,99,-1,1
14092,75,73,2,2
14093,135,112,23,23
14094,96,90,6,6
14095,102,92,10,10
14096,150,144,6,6
14097,186,157,29,29
14098,63,53,10,10
14099,116,100,16,16
14100,83,67,16,16
14101,110,87,23,23
14102,104,89,15,15
14103,71,64,7,7
14104,111,110,1,1
14105,106,102,4,4
14106,147,139,8,8
14107,67,64,3,3
14108,212,189,23,23
14109,83,76,7,7
14110,174,136,38,38
14111,113,117,-4,4
14112,68,71,-3,3
14113,159,151,8,8
14114,52,56,-4,4
14115,123,113,10,10
14116,112,103,9,9
14117,69,71,-2,2
14118,61,56,5,5
14119,63,58,5,5
14120,70,66,4,4
14121,65,64,1,1
14122,145,141,4,4
14123,121,113,8,8
14124,60,50,10,10
14125,187,158,29,29
14126,24,27,-3,3
14127,136,125,11,11
14128,65,67,-2,2
14129,67,61,6,6
14130,189,172,17,17
14131,83,93,-10,10
14132,76,71,5,5
14133,91,80,11,11
14134,74,78,-4,4
14135,55,58,-3,3
14136,107,92,15,15
14137,160,139,21,21
14138,149,127,22,22
14139,96,83,13,13
14140,88,79,9,9
14141,118,109,9,9
14142,91,82,9,9
14143,92,86,6,6
14144,74,68,6,6
14145,118,113,5,5
14146,81,89,-8,8
14147,95,86,9,9
14148,68,64,4,4
14149,132,111,21,21
14150,49,40,9,9
14151,115,109,6,6
14152,148,133,15,15
14153,109,117,-8,8
14154,104,90,14,14
14155,159,151,8,8
14156,83,69,14,14
14157,47,41,6,6
14158,92,81,11,11
14159,101,96,5,5
14160,57,50,7,7
14161,40,42,-2,2
14162,153,133,20,20
14163,163,130,33,33
14164,66,61,5,5
14165,90,78,12,12
14166,55,44,11,11
14167,52,56,-4,4
14168,96,87,9,9
14169,115,108,7,7
14170,47,46,1,1
14171,77,83,-6,6
14172,76,74,2,2
14173,115,109,6,6
14174,93,90,3,3
14175,120,86,34,34
14176,83,81,2,2
14177,119,105,14,14
14178,40,45,-5,5
14179,47,48,-1,1
14180,55,48,7,7
14181,96,86,10,10
14182,88,86,2,2
14183,74,80,-6,6
14184,80,78,2,2
14185,68,60,8,8
14186,144,126,18,18
14187,101,89,12,12
14188,116,105,11,11
14189,63,59,4,4
14190,51,48,3,3
14191,123,108,15,15
14192,145,129,16,16
14193,107,90,17,17
14194,109,100,9,9
14195,115,106,9,9
14196,59,51,8,8
14197,63,66,-3,3
14198,190,170,20,20
14199,69,60,9,9
14200,77,71,6,6
14201,78,78,0,0
14202,85,85,0,0
14203,112,85,27,27
14204,82,76,6,6
14205,150,137,13,13
14206,72,70,2,2
14207,105,99,6,6
14208,80,72,8,8
14209,39,39,0,0
14210,102,99,3,3
14211,68,66,2,2
14212,95,83,12,12
14213,24,30,-6,6
14214,50,45,5,5
14215,66,54,12,12
14216,69,66,3,3
14217,120,105,15,15
14218,140,112,28,28
14219,69,67,2,2
14220,187,141,46,46
14221,107,95,12,12
14222,67,59,8,8
14223,126,120,6,6
14224,112,114,-2,2
14225,93,94,-1,1
14226,89,86,3,3
14227,93,92,1,1
14228,48,49,-1,1
14229,153,136,17,17
14230,67,61,6,6
14231,48,46,2,2
14232,58,61,-3,3
14233,179,155,24,24
14234,91,83,8,8
14235,123,115,8,8
14236,70,65,5,5
14237,32,29,3,3
14238,96,77,19,19
14239,53,45,8,8
14240,99,90,9,9
14241,133,110,23,23
14242,77,78,-1,1
14243,47,58,-11,11
14244,55,50,5,5
14245,85,73,12,12
14246,135,121,14,14
14247,103,85,18,18
14248,62,66,-4,4
14249,73,67,6,6
14250,117,120,-3,3
14251,112,102,10,10
14252,34,32,2,2
14253,46,45,1,1
14254,68,59,9,9
14255,42,37,5,5
14256,88,95,-7,7
14257,88,80,8,8
14258,78,76,2,2
14259,74,73,1,1
14260,145,127,18,18
14261,144,130,14,14
14262,146,136,10,10
14263,50,49,1,1
14264,134,109,25,25
14265,81,69,12,12
14266,81,69,12,12
14267,64,59,5,5
14268,134,120,14,14
14269,177,159,18,18
14270,115,100,15,15
14271,105,100,5,5
14272,142,121,21,21
14273,104,91,13,13
14274,74,73,1,1
14275,177,149,28,28
14276,47,43,4,4
14277,127,123,4,4
14278,186,160,26,26
14279,81,87,-6,6
14280,78,67,11,11
14281,155,131,24,24
14282,170,121,49,49
14283,97,83,14,14
14284,94,82,12,12
14285,77,75,2,2
14286,83,73,10,10
14287,109,97,12,12
14288,92,85,7,7
14289,93,85,8,8
14290,63,81,-18,18
14291,85,78,7,7
14292,92,93,-1,1
14293,68,50,18,18
14294,111,108,3,3
14295,181,162,19,19
14296,57,48,9,9
14297,93,93,0,0
14298,68,72,-4,4
14299,95,90,5,5
14300,123,99,24,24
14301,58,56,2,2
14302,159,132,27,27
14303,97,80,17,17
14304,82,75,7,7
14305,70,59,11,11
14306,87,71,16,16
14307,63,58,5,5
14308,138,126,12,12
14309,124,116,8,8
14310,90,79,11,11
14311,72,57,15,15
14312,82,82,0,0
14313,102,108,-6,6
14314,149,121,28,28
14315,127,110,17,17
14316,127,96,31,31
14317,80,71,9,9
14318,79,64,15,15
14319,126,119,7,7
14320,160,144,16,16
14321,88,80,8,8
14322,57,41,16,16
14323,117,108,9,9
14324,88,71,17,17
14325,117,109,8,8
14326,108,98,10,10
14327,122,124,-2,2
14328,126,109,17,17
14329,137,123,14,14
14330,119,94,25,25
14331,94,87,7,7
14332,89,65,24,24
14333,65,55,10,10
14334,80,72,8,8
14335,73,70,3,3
14336,137,111,26,26
14337,112,102,10,10
14338,93,84,9,9
14339,121,90,31,31
14340,94,89,5,5
14341,74,70,4,4
14342,126,111,15,15
14343,102,86,16,16
14344,61,52,9,9
14345,107,104,3,3
14346,187,161,26,26
14347,129,114,15,15
14348,96,92,4,4
14349,85,71,14,14
14350,89,85,4,4
14351,65,53,12,12
14352,67,69,-2,2
14353,95,79,16,16
14354,90,75,15,15
14355,70,77,-7,7
14356,51,52,-1,1
14357,67,69,-2,2
14358,105,87,18,18
14359,72,80,-8,8
14360,73,60,13,13
14361,90,84,6,6
14362,60,51,9,9
14363,125,109,16,16
14364,128,110,18,18
14365,114,102,12,12
14366,80,60,20,20
14367,130,107,23,23
14368,170,173,-3,3
14369,163,130,33,33
14370,121,98,23,23
14371,65,64,1,1
14372,110,100,10,10
14373,86,77,9,9
14374,136,125,11,11
14375,95,88,7,7
14376,82,73,9,9
14377,117,101,16,16
14378,122,114,8,8
14379,61,50,11,11
14380,49,45,4,4
14381,188,153,35,35
14382,61,61,0,0
14383,164,148,16,16
14384,64,63,1,1
14385,100,87,13,13
14386,75,67,8,8
14387,90,77,13,13
14388,83,71,12,12
14389,74,74,0,0
14390,88,78,10,10
14391,110,90,20,20
14392,104,93,11,11
14393,61,58,3,3
14394,80,78,2,2
14395,121,100,21,21
14396,72,67,5,5
14397,80,73,7,7
14398,38,35,3,3
14399,136,109,27,27
14400,85,82,3,3
14401,86,78,8,8
14402,129,115,14,14
14403,58,51,7,7
14404,73,71,2,2
14405,135,127,8,8
14406,106,107,-1,1
14407,53,49,4,4
14408,54,59,-5,5
14409,62,70,-8,8
14410,91,89,2,2
14411,61,53,8,8
14412,56,56,0,0
14413,53,49,4,4
14414,67,61,6,6
14415,81,78,3,3
14416,77,77,0,0
14417,92,85,7,7
14418,181,157,24,24
14419,68,65,3,3
14420,73,68,5,5
14421,102,88,14,14
14422,85,76,9,9
14423,78,72,6,6
14424,85,72,13,13
14425,86,86,0,0
14426,61,63,-2,2
14427,60,56,4,4
14428,70,73,-3,3
14429,63,60,3,3
14430,141,138,3,3
14431,82,70,12,12
14432,125,105,20,20
14433,25,26,-1,1
14434,124,107,17,17
14435,42,39,3,3
14436,123,119,4,4
14437,50,56,-6,6
14438,94,91,3,3
14439,175,153,22,22
14440,119,113,6,6
14441,97,93,4,4
14442,112,100,12,12
14443,105,95,10,10
14444,85,75,10,10
14445,117,114,3,3
14446,140,123,17,17
14447,117,99,18,18
14448,45,42,3,3
14449,73,69,4,4
14450,71,74,-3,3
14451,41,39,2,2
14452,134,115,19,19
14453,102,93,9,9
14454,69,65,4,4
14455,98,93,5,5
14456,113,97,16,16
14457,90,84,6,6
14458,67,59,8,8
14459,83,78,5,5
14460,64,58,6,6
14461,192,150,42,42
14462,93,71,22,22
14463,111,104,7,7
14464,122,117,5,5
14465,89,89,0,0
14466,77,88,-11,11
14467,66,63,3,3
14468,57,55,2,2
14469,84,78,6,6
14470,90,85,5,5
14471,103,94,9,9
14472,144,131,13,13
14473,120,103,17,17
14474,105,93,12,12
14475,121,111,10,10
14476,51,88,-37,37
14477,91,72,19,19
14478,73,73,0,0
14479,60,56,4,4
14480,50,45,5,5
14481,94,95,-1,1
14482,107,90,17,17
14483,62,51,11,11
14484,77,68,9,9
14485,109,94,15,15
14486,113,100,13,13
14487,95,90,5,5
14488,153,143,10,10
14489,146,122,24,24
14490,75,71,4,4
14491,97,90,7,7
14492,96,89,7,7
14493,112,117,-5,5
14494,93,95,-2,2
14495,88,81,7,7
14496,143,119,24,24
14497,131,118,13,13
14498,92,86,6,6
14499,77,68,9,9
14500,94,84,10,10
14501,60,65,-5,5
14502,70,64,6,6
14503,73,69,4,4
14504,115,101,14,14
14505,111,105,6,6
14506,41,38,3,3
14507,49,49,0,0
14508,141,121,20,20
14509,85,72,13,13
14510,89,80,9,9
14511,84,68,16,16
14512,102,90,12,12
14513,100,98,2,2
14514,72,66,6,6
14515,99,86,13,13
14516,68,58,10,10
14517,63,55,8,8
14518,156,150,6,6
14519,113,99,14,14
14520,109,94,15,15
14521,141,126,15,15
14522,173,156,17,17
14523,95,94,1,1
14524,89,87,2,2
14525,103,91,12,12
14526,71,66,5,5
14527,81,74,7,7
14528,93,85,8,8
14529,138,138,0,0
14530,94,75,19,19
14531,168,147,21,21
14532,56,55,1,1
14533,70,58,12,12
14534,143,113,30,30
14535,115,106,9,9
14536,78,66,12,12
14537,71,58,13,13
14538,61,55,6,6
14539,174,154,20,20
14540,136,125,11,11
14541,137,133,4,4
14542,64,54,10,10
14543,98,87,11,11
14544,61,60,1,1
14545,79,71,8,8
14546,58,54,4,4
14547,88,80,8,8
14548,83,74,9,9
14549,58,60,-2,2
14550,113,93,20,20
14551,65,52,13,13
14552,98,90,8,8
14553,98,84,14,14
14554,119,98,21,21
14555,81,76,5,5
14556,107,102,5,5
14557,69,61,8,8
14558,102,97,5,5
14559,64,61,3,3
14560,92,93,-1,1
14561,91,73,18,18
14562,76,62,14,14
14563,120,107,13,13
14564,131,114,17,17
14565,73,58,15,15
14566,113,84,29,29
14567,46,45,1,1
14568,31,28,3,3
14569,86,79,7,7
14570,124,121,3,3
14571,69,60,9,9
14572,103,91,12,12
14573,78,76,2,2
14574,85,71,14,14
14575,43,38,5,5
14576,102,92,10,10
14577,64,63,1,1
14578,112,109,3,3
14579,104,92,12,12
14580,116,106,10,10
14581,72,67,5,5
14582,86,86,0,0
14583,45,40,5,5
14584,90,87,3,3
14585,204,174,30,30
14586,38,41,-3,3
14587,95,72,23,23
14588,102,101,1,1
14589,193,175,18,18
14590,130,110,20,20
14591,47,43,4,4
14592,132,123,9,9
14593,176,140,36,36
14594,67,63,4,4
14595,100,97,3,3
14596,73,61,12,12
14597,44,45,-1,1
14598,65,63,2,2
14599,34,38,-4,4
14600,56,56,0,0
14601,87,82,5,5
14602,87,100,-13,13
14603,44,48,-4,4
14604,115,96,19,19
14605,82,72,10,10
14606,134,126,8,8
14607,161,142,19,19
14608,61,52,9,9
14609,150,137,13,13
14610,106,94,12,12
14611,68,61,7,7
14612,106,89,17,17
14613,96,87,9,9
14614,142,137,5,5
14615,74,59,15,15
14616,47,47,0,0
14617,130,125,5,5
14618,121,113,8,8
14619,104,93,11,11
14620,79,73,6,6
14621,85,72,13,13
14622,92,82,10,10
14623,52,88,-36,36
14624,144,150,-6,6
14625,92,72,20,20
14626,58,51,7,7
14627,116,115,1,1
14628,71,72,-1,1
14629,65,54,11,11
14630,86,70,16,16
14631,51,51,0,0
14632,51,51,0,0
14633,169,150,19,19
14634,117,115,2,2
14635,94,85,9,9
14636,77,66,11,11
14637,61,54,7,7
14638,64,57,7,7
14639,38,42,-4,4
14640,54,49,5,5
14641,70,64,6,6
14642,77,73,4,4
14643,127,108,19,19
14644,58,55,3,3
14645,84,78,6,6
14646,89,85,4,4
14647,52,48,4,4
14648,73,66,7,7
14649,64,64,0,0
14650,53,58,-5,5
14651,112,95,17,17
14652,92,86,6,6
14653,90,69,21,21
14654,72,64,8,8
14655,99,98,1,1
14656,84,70,14,14
14657,90,86,4,4
14658,135,126,9,9
14659,91,77,14,14
14660,81,82,-1,1
14661,119,101,18,18
14662,70,66,4,4
14663,62,56,6,6
14664,80,75,5,5
14665,69,62,7,7
14666,107,109,-2,2
14667,145,125,20,20
14668,137,120,17,17
14669,94,87,7,7
14670,158,129,29,29
14671,174,156,18,18
14672,100,96,4,4
14673,141,125,16,16
14674,131,117,14,14
14675,168,150,18,18
14676,98,87,11,11
14677,116,116,0,0
14678,101,87,14,14
14679,89,100,-11,11
14680,119,107,12,12
14681,139,129,10,10
14682,25,24,1,1
14683,106,98,8,8
14684,161,150,11,11
14685,123,109,14,14
14686,87,76,11,11
14687,58,56,2,2
14688,62,60,2,2
14689,89,78,11,11
14690,81,71,10,10
14691,70,57,13,13
14692,78,71,7,7
14693,163,149,14,14
14694,46,57,-11,11
14695,57,50,7,7
14696,108,94,14,14
14697,148,108,40,40
14698,74,71,3,3
14699,54,55,-1,1
14700,64,66,-2,2
14701,162,133,29,29
14702,124,105,19,19
14703,75,70,5,5
14704,76,69,7,7
14705,81,82,-1,1
14706,56,55,1,1
14707,90,74,16,16
14708,70,71,-1,1
14709,66,75,-9,9
14710,75,70,5,5
14711,95,104,-9,9
14712,123,113,10,10
14713,125,112,13,13
14714,44,40,4,4
14715,141,128,13,13
14716,53,52,1,1
14717,97,87,10,10
14718,100,92,8,8
14719,78,88,-10,10
14720,199,176,23,23
14721,124,107,17,17
14722,56,60,-4,4
14723,62,48,14,14
14724,109,95,14,14
14725,149,122,27,27
14726,101,95,6,6
14727,129,112,17,17
14728,138,111,27,27
14729,118,115,3,3
14730,151,132,19,19
14731,58,49,9,9
14732,148,138,10,10
14733,89,85,4,4
14734,93,87,6,6
14735,111,93,18,18
14736,131,118,13,13
14737,106,97,9,9
14738,123,112,11,11
14739,119,131,-12,12
14740,106,100,6,6
14741,121,107,14,14
14742,74,61,13,13
14743,94,90,4,4
14744,83,71,12,12
14745,159,135,24,24
14746,126,106,20,20
14747,71,65,6,6
14748,52,42,10,10
14749,139,132,7,7
14750,98,84,14,14
14751,94,83,11,11
14752,58,49,9,9
14753,126,120,6,6
14754,65,58,7,7
14755,98,79,19,19
14756,170,151,19,19
14757,71,70,1,1
14758,63,67,-4,4
14759,74,73,1,1
14760,119,103,16,16
14761,73,79,-6,6
14762,88,81,7,7
14763,96,91,5,5
14764,125,118,7,7
14765,119,108,11,11
14766,88,78,10,10
14767,98,82,16,16
14768,103,107,-4,4
14769,95,83,12,12
14770,80,75,5,5
14771,88,80,8,8
14772,50,44,6,6
14773,81,69,12,12
14774,72,61,11,11
14775,56,35,21,21
14776,54,49,5,5
14777,70,71,-1,1
14778,92,76,16,16
14779,79,71,8,8
14780,64,60,4,4
14781,121,107,14,14
14782,55,50,5,5
14783,110,96,14,14
14784,142,128,14,14
14785,160,141,19,19
14786,61,55,6,6
14787,59,53,6,6
14788,102,102,0,0
14789,95,82,13,13
14790,62,61,1,1
14791,142,129,13,13
14792,91,70,21,21
14793,114,99,15,15
14794,54,49,5,5
14795,93,92,1,1
14796,96,86,10,10
14797,75,65,10,10
14798,95,83,12,12
14799,59,56,3,3
14800,87,69,18,18
14801,121,98,23,23
14802,85,82,3,3
14803,74,69,5,5
14804,94,86,8,8
14805,117,111,6,6
14806,136,123,13,13
14807,51,47,4,4
14808,143,125,18,18
14809,110,99,11,11
14810,112,97,15,15
14811,59,50,9,9
14812,69,57,12,12
14813,92,80,12,12
14814,92,91,1,1
14815,125,107,18,18
14816,93,77,16,16
14817,94,80,14,14
14818,183,154,29,29
14819,158,151,7,7
14820,126,115,11,11
14821,201,168,33,33
14822,96,80,16,16
14823,69,79,-10,10
14824,112,115,-3,3
14825,60,59,1,1
14826,81,69,12,12
14827,229,207,22,22
14828,81,70,11,11
14829,49,49,0,0
14830,98,81,17,17
14831,104,93,11,11
14832,117,102,15,15
14833,91,87,4,4
14834,96,78,18,18
14835,82,75,7,7
14836,193,158,35,35
14837,75,73,2,2
14838,101,92,9,9
14839,128,104,24,24
14840,103,91,12,12
14841,84,71,13,13
14842,162,140,22,22
14843,117,106,11,11
14844,104,112,-8,8
14845,85,78,7,7
14846,90,83,7,7
14847,67,63,4,4
14848,91,74,17,17
14849,152,137,15,15
14850,60,52,8,8
14851,107,93,14,14
14852,114,121,-7,7
14853,95,87,8,8
14854,85,80,5,5
14855,72,97,-25,25
14856,66,66,0,0
14857,81,78,3,3
14858,112,97,15,15
14859,39,37,2,2
14860,125,127,-2,2
14861,67,62,5,5
14862,103,89,14,14
14863,44,49,-5,5
14864,52,45,7,7
14865,58,54,4,4
14866,105,100,5,5
14867,55,58,-3,3
14868,107,115,-8,8
14869,102,98,4,4
14870,61,71,-10,10
14871,129,117,12,12
14872,72,62,10,10
14873,144,130,14,14
14874,67,66,1,1
14875,131,116,15,15
14876,59,57,2,2
14877,142,125,17,17
14878,80,75,5,5
14879,95,83,12,12
14880,62,63,-1,1
14881,99,94,5,5
14882,69,71,-2,2
14883,36,34,2,2
14884,53,51,2,2
14885,174,142,32,32
14886,120,110,10,10
14887,60,61,-1,1
14888,44,37,7,7
14889,104,101,3,3
14890,70,57,13,13
14891,80,68,12,12
14892,72,61,11,11
14893,114,118,-4,4
14894,110,100,10,10
14895,69,55,14,14
14896,108,95,13,13
14897,136,122,14,14
14898,62,59,3,3
14899,170,159,11,11
14900,109,91,18,18
14901,85,77,8,8
14902,93,76,17,17
14903,117,105,12,12
14904,102,73,29,29
14905,123,106,17,17
14906,91,96,-5,5
14907,65,61,4,4
14908,52,47,5,5
14909,139,116,23,23
14910,88,84,4,4
14911,67,74,-7,7
14912,143,128,15,15
14913,153,142,11,11
14914,65,58,7,7
14915,84,78,6,6
14916,101,101,0,0
14917,90,107,-17,17
14918,75,65,10,10
14919,95,84,11,11
14920,197,162,35,35
14921,60,55,5,5
14922,152,141,11,11
14923,69,60,9,9
14924,79,73,6,6
14925,63,61,2,2
14926,114,103,11,11
14927,94,80,14,14
14928,107,93,14,14
14929,94,87,7,7
14930,68,62,6,6
14931,95,84,11,11
14932,123,106,17,17
14933,81,74,7,7
14934,141,116,25,25
14935,78,70,8,8
14936,100,99,1,1
14937,120,108,12,12
14938,36,25,11,11
14939,81,80,1,1
14940,118,90,28,28
14941,122,112,10,10
14942,80,67,13,13
14943,130,111,19,19
14944,44,40,4,4
14945,170,158,12,12
14946,74,84,-10,10
14947,66,66,0,0
14948,192,173,19,19
14949,84,80,4,4
14950,116,125,-9,9
14951,81,73,8,8
14952,43,38,5,5
14953,69,63,6,6
14954,63,55,8,8
14955,94,83,11,11
14956,84,73,11,11
14957,56,47,9,9
14958,106,102,4,4
14959,152,118,34,34
14960,92,82,10,10
14961,68,60,8,8
14962,87,86,1,1
14963,88,92,-4,4
14964,78,72,6,6
14965,64,67,-3,3
14966,147,133,14,14
14967,57,50,7,7
14968,81,78,3,3
14969,59,57,2,2
14970,70,64,6,6
14971,87,86,1,1
14972,90,74,16,16
14973,87,67,20,20
14974,49,52,-3,3
14975,160,130,30,30
14976,131,107,24,24
14977,83,78,5,5
14978,44,42,2,2
14979,44,47,-3,3
14980,52,51,1,1
14981,102,99,3,3
14982,69,64,5,5
14983,99,87,12,12
14984,81,82,-1,1
14985,91,90,1,1
14986,87,77,10,10
14987,57,51,6,6
14988,82,81,1,1
14989,56,51,5,5
14990,76,65,11,11
14991,79,72,7,7
14992,78,67,11,11
14993,121,103,18,18
14994,119,92,27,27
14995,68,69,-1,1
14996,146,128,18,18
14997,106,82,24,24
14998,132,112,20,20
14999,47,43,4,4
15000,70,62,8,8
15001,114,89,25,25
15002,71,61,10,10
15003,85,88,-3,3
15004,132,113,19,19
15005,33,31,2,2
15006,16,31,-15,15
15007,68,66,2,2
15008,62,59,3,3
15009,84,81,3,3
15010,50,48,2,2
15011,91,86,5,5
15012,116,104,12,12
15013,97,83,14,14
15014,126,118,8,8
15015,102,100,2,2
15016,111,91,20,20
15017,113,99,14,14
15018,149,124,25,25
15019,87,68,19,19
15020,120,101,19,19
15021,124,112,12,12
15022,145,121,24,24
15023,78,70,8,8
15024,158,147,11,11
15025,47,50,-3,3
15026,228,197,31,31
15027,86,84,2,2
15028,97,86,11,11
15029,105,92,13,13
15030,59,59,0,0
15031,134,101,33,33
15032,122,112,10,10
15033,116,121,-5,5
15034,72,72,0,0
15035,95,99,-4,4
15036,48,43,5,5
15037,71,63,8,8
15038,164,157,7,7
15039,80,75,5,5
15040,96,80,16,16
15041,133,119,14,14
15042,121,119,2,2
15043,122,112,10,10
15044,99,84,15,15
15045,96,81,15,15
15046,41,44,-3,3
15047,157,124,33,33
15048,104,79,25,25
15049,65,65,0,0
15050,103,99,4,4
15051,118,103,15,15
15052,99,88,11,11
15053,126,106,20,20
15054,106,94,12,12
15055,55,42,13,13
15056,75,66,9,9
15057,69,67,2,2
15058,107,100,7,7
15059,122,109,13,13
15060,63,61,2,2
15061,107,98,9,9
15062,96,104,-8,8
15063,62,64,-2,2
15064,72,65,7,7
15065,152,129,23,23
15066,65,63,2,2
15067,78,71,7,7
15068,115,102,13,13
15069,113,96,17,17
15070,113,89,24,24
15071,105,90,15,15
15072,116,107,9,9
15073,158,140,18,18
15074,57,56,1,1
15075,141,134,7,7
15076,82,74,8,8
15077,106,98,8,8
15078,96,80,16,16
15079,104,92,12,12
15080,98,86,12,12
15081,83,85,-2,2
15082,138,121,17,17
15083,148,130,18,18
15084,71,63,8,8
15085,90,93,-3,3
15086,134,113,21,21
15087,129,126,3,3
15088,127,118,9,9
15089,77,70,7,7
15090,69,69,0,0
15091,102,91,11,11
15092,69,64,5,5
15093,65,58,7,7
15094,102,102,0,0
15095,56,62,-6,6
15096,123,104,19,19
15097,73,62,11,11
15098,61,63,-2,2
15099,102,107,-5,5
15100,98,90,8,8
15101,80,67,13,13
15102,85,80,5,5
15103,61,57,4,4
15104,127,119,8,8
15105,68,60,8,8
15106,127,123,4,4
15107,71,65,6,6
15108,71,54,17,17
15109,149,130,19,19
15110,91,74,17,17
15111,98,95,3,3
15112,51,49,2,2
15113,90,78,12,12
15114,105,107,-2,2
15115,84,76,8,8
15116,98,82,16,16
15117,188,181,7,7
15118,57,48,9,9
15119,135,102,33,33
15120,107,94,13,13
15121,166,148,18,18
15122,102,87,15,15
15123,162,144,18,18
15124,74,64,10,10
15125,81,76,5,5
15126,58,54,4,4
15127,93,69,24,24
15128,67,57,10,10
15129,136,131,5,5
15130,122,113,9,9
15131,114,107,7,7
15132,66,55,11,11
15133,121,102,19,19
15134,82,83,-1,1
15135,110,95,15,15
15136,63,61,2,2
15137,108,97,11,11
15138,77,67,10,10
15139,86,73,13,13
15140,74,61,13,13
15141,101,98,3,3
15142,114,113,1,1
15143,105,91,14,14
15144,106,97,9,9
15145,83,72,11,11
15146,169,153,16,16
15147,71,64,7,7
15148,87,83,4,4
15149,67,61,6,6
15150,86,101,-15,15
15151,244,208,36,36
15152,96,75,21,21
15153,136,123,13,13
15154,64,59,5,5
15155,131,133,-2,2
15156,142,135,7,7
15157,63,65,-2,2
15158,56,55,1,1
15159,65,56,9,9
15160,116,95,21,21
15161,57,47,10,10
15162,109,107,2,2
15163,114,116,-2,2
15164,68,58,10,10
15165,114,101,13,13
15166,64,76,-12,12
15167,112,110,2,2
15168,47,47,0,0
15169,66,60,6,6
15170,81,79,2,2
15171,127,120,7,7
15172,109,99,10,10
15173,72,60,12,12
15174,94,87,7,7
15175,46,46,0,0
15176,113,90,23,23
15177,70,66,4,4
15178,80,78,2,2
15179,64,59,5,5
15180,113,96,17,17
15181,56,55,1,1
15182,112,94,18,18
15183,50,57,-7,7
15184,101,88,13,13
15185,173,157,16,16
15186,57,49,8,8
15187,104,89,15,15
15188,90,76,14,14
15189,76,67,9,9
15190,94,83,11,11
15191,105,112,-7,7
15192,121,110,11,11
15193,126,125,1,1
15194,127,103,24,24
15195,116,107,9,9
15196,88,71,17,17
15197,62,65,-3,3
15198,190,176,14,14
15199,91,89,2,2
15200,68,67,1,1
15201,102,88,14,14
15202,150,112,38,38
15203,85,82,3,3
15204,45,46,-1,1
15205,106,101,5,5
15206,64,57,7,7
15207,152,143,9,9
15208,124,118,6,6
15209,77,75,2,2
15210,80,81,-1,1
15211,68,53,15,15
15212,131,119,12,12
15213,141,120,21,21
15214,138,113,25,25
15215,139,143,-4,4
15216,54,54,0,0
15217,81,77,4,4
15218,131,114,17,17
15219,105,94,11,11
15220,88,72,16,16
15221,97,91,6,6
15222,132,113,19,19
15223,80,79,1,1
15224,83,74,9,9
15225,56,57,-1,1
15226,68,71,-3,3
15227,88,77,11,11
15228,101,95,6,6
15229,123,108,15,15
15230,123,118,5,5
15231,56,66,-10,10
15232,139,128,11,11
15233,102,99,3,3
15234,53,47,6,6
15235,145,134,11,11
15236,94,87,7,7
15237,126,114,12,12
15238,92,76,16,16
15239,82,75,7,7
15240,74,76,-2,2
15241,165,126,39,39
15242,99,98,1,1
15243,139,135,4,4
15244,84,69,15,15
15245,85,73,12,12
15246,63,60,3,3
15247,174,142,32,32
15248,127,99,28,28
15249,93,94,-1,1
15250,106,96,10,10
15251,108,126,-18,18
15252,93,84,9,9
15253,98,75,23,23
15254,91,81,10,10
15255,68,57,11,11
15256,98,86,12,12
15257,264,193,71,71
15258,105,85,20,20
15259,71,70,1,1
15260,57,47,10,10
15261,99,89,10,10
15262,87,73,14,14
15263,109,98,11,11
15264,132,119,13,13
15265,66,67,-1,1
15266,99,92,7,7
15267,70,59,11,11
15268,111,103,8,8
15269,124,109,15,15
15270,53,53,0,0
15271,113,93,20,20
15272,69,56,13,13
15273,69,70,-1,1
15274,80,73,7,7
15275,87,79,8,8
15276,117,98,19,19
15277,105,90,15,15
15278,64,52,12,12
15279,41,39,2,2
15280,60,53,7,7
15281,93,83,10,10
15282,74,59,15,15
15283,100,87,13,13
15284,75,65,10,10
15285,117,96,21,21
15286,129,119,10,10
15287,145,132,13,13
15288,102,96,6,6
15289,147,136,11,11
15290,55,52,3,3
15291,91,77,14,14
15292,46,44,2,2
15293,211,164,47,47
15294,125,121,4,4
15295,76,67,9,9
15296,84,76,8,8
15297,104,94,10,10
15298,62,62,0,0
15299,77,76,1,1
15300,100,85,15,15
15301,83,79,4,4
15302,90,84,6,6
15303,181,155,26,26
15304,132,131,1,1
15305,88,78,10,10
15306,85,77,8,8
15307,69,66,3,3
15308,59,51,8,8
15309,42,30,12,12
15310,138,120,18,18
15311,75,63,12,12
15312,116,108,8,8
15313,76,82,-6,6
15314,85,77,8,8
15315,60,59,1,1
15316,101,89,12,12
15317,117,114,3,3
15318,73,73,0,0
15319,65,69,-4,4
15320,136,128,8,8
15321,40,40,0,0
15322,61,53,8,8
15323,138,127,11,11
15324,55,54,1,1
15325,87,74,13,13
15326,60,52,8,8
15327,42,37,5,5
15328,184,179,5,5
15329,136,131,5,5
15330,46,50,-4,4
15331,157,110,47,47
15332,99,93,6,6
15333,64,53,11,11
15334,95,86,9,9
15335,138,127,11,11
15336,63,61,2,2
15337,72,64,8,8
15338,52,54,-2,2
15339,90,75,15,15
15340,78,79,-1,1
15341,97,93,4,4
15342,118,104,14,14
15343,89,84,5,5
15344,55,53,2,2
15345,109,98,11,11
15346,64,64,0,0
15347,103,87,16,16
15348,96,89,7,7
15349,101,91,10,10
15350,130,117,13,13
15351,67,72,-5,5
15352,65,59,6,6
15353,80,73,7,7
15354,90,79,11,11
15355,86,74,12,12
15356,62,55,7,7
15357,162,145,17,17
15358,107,104,3,3
15359,42,37,5,5
15360,104,97,7,7
15361,125,113,12,12
15362,93,86,7,7
15363,163,168,-5,5
15364,42,50,-8,8
15365,127,111,16,16
15366,94,93,1,1
15367,88,80,8,8
15368,147,131,16,16
15369,155,140,15,15
15370,107,90,17,17
15371,65,58,7,7
15372,94,100,-6,6
15373,77,77,0,0
15374,128,120,8,8
15375,70,65,5,5
15376,51,55,-4,4
15377,101,98,3,3
15378,108,86,22,22
15379,169,146,23,23
15380,56,54,2,2
15381,114,91,23,23
15382,129,130,-1,1
15383,98,87,11,11
15384,62,55,7,7
15385,52,48,4,4
15386,125,101,24,24
15387,123,106,17,17
15388,107,98,9,9
15389,100,90,10,10
15390,153,158,-5,5
15391,81,78,3,3
15392,82,75,7,7
15393,97,89,8,8
15394,28,30,-2,2
15395,123,115,8,8
15396,66,68,-2,2
15397,91,84,7,7
15398,95,82,13,13
15399,66,66,0,0
15400,105,100,5,5
15401,64,58,6,6
15402,106,92,14,14
15403,136,114,22,22
15404,87,81,6,6
15405,71,61,10,10
15406,116,108,8,8
15407,88,84,4,4
15408,53,50,3,3
15409,126,105,21,21
15410,144,117,27,27
15411,74,70,4,4
15412,63,59,4,4
15413,72,66,6,6
15414,73,56,17,17
15415,76,71,5,5
15416,88,77,11,11
15417,78,73,5,5
15418,103,95,8,8
15419,76,62,14,14
15420,41,75,-34,34
15421,231,188,43,43
15422,134,125,9,9
15423,126,101,25,25
15424,138,120,18,18
15425,103,104,-1,1
15426,90,86,4,4
15427,73,65,8,8
15428,63,68,-5,5
15429,81,81,0,0
15430,120,97,23,23
15431,92,89,3,3
15432,100,92,8,8
15433,51,53,-2,2
15434,116,107,9,9
15435,97,87,10,10
15436,87,67,20,20
15437,138,114,24,24
15438,52,53,-1,1
15439,36,37,-1,1
15440,167,158,9,9
15441,80,82,-2,2
15442,117,107,10,10
15443,91,75,16,16
15444,163,144,19,19
15445,112,115,-3,3
15446,75,72,3,3
15447,119,107,12,12
15448,61,58,3,3
15449,71,60,11,11
15450,117,110,7,7
15451,115,121,-6,6
15452,99,97,2,2
15453,125,111,14,14
15454,100,89,11,11
15455,153,124,29,29
15456,146,137,9,9
15457,157,135,22,22
15458,104,96,8,8
15459,130,113,17,17
15460,137,133,4,4
15461,105,104,1,1
15462,101,83,18,18
15463,110,106,4,4
15464,97,84,13,13
15465,87,70,17,17
15466,107,97,10,10
15467,87,80,7,7
15468,90,66,24,24
15469,90,80,10,10
15470,118,109,9,9
15471,57,58,-1,1
15472,108,104,4,4
15473,51,51,0,0
15474,56,78,-22,22
15475,53,61,-8,8
15476,55,54,1,1
15477,68,69,-1,1
15478,61,60,1,1
15479,142,132,10,10
15480,83,69,14,14
15481,56,55,1,1
15482,60,64,-4,4
15483,59,57,2,2
15484,119,107,12,12
15485,60,63,-3,3
15486,60,58,2,2
15487,106,94,12,12
15488,78,72,6,6
15489,83,72,11,11
15490,63,60,3,3
15491,147,141,6,6
15492,182,154,28,28
15493,129,112,17,17
15494,97,90,7,7
15495,115,103,12,12
15496,105,101,4,4
15497,102,102,0,0
15498,127,122,5,5
15499,157,139,18,18
15500,84,74,10,10
15501,152,129,23,23
15502,74,71,3,3
15503,79,72,7,7
15504,123,118,5,5
15505,135,130,5,5
15506,82,74,8,8
15507,111,105,6,6
15508,62,78,-16,16
15509,59,59,0,0
15510,77,81,-4,4
15511,63,63,0,0
15512,81,75,6,6
15513,56,52,4,4
15514,69,65,4,4
15515,65,64,1,1
15516,82,73,9,9
15517,91,81,10,10
15518,190,151,39,39
15519,185,162,23,23
15520,131,112,19,19
15521,65,59,6,6
15522,158,137,21,21
15523,144,143,1,1
15524,73,74,-1,1
15525,80,81,-1,1
15526,152,132,20,20
15527,62,60,2,2
15528,64,61,3,3
15529,65,61,4,4
15530,146,129,17,17
15531,124,110,14,14
15532,108,93,15,15
15533,131,114,17,17
15534,107,104,3,3
15535,104,95,9,9
15536,78,65,13,13
15537,115,113,2,2
15538,159,140,19,19
15539,103,100,3,3
15540,101,97,4,4
15541,63,53,10,10
15542,160,147,13,13
15543,61,60,1,1
15544,60,50,10,10
15545,130,127,3,3
15546,96,83,13,13
15547,84,80,4,4
15548,93,80,13,13
15549,110,100,10,10
15550,66,56,10,10
15551,77,66,11,11
15552,103,93,10,10
15553,78,72,6,6
15554,147,132,15,15
15555,87,82,5,5
15556,84,69,15,15
15557,83,72,11,11
15558,69,59,10,10
15559,180,160,20,20
15560,140,129,11,11
15561,57,55,2,2
15562,120,106,14,14
15563,62,57,5,5
15564,79,73,6,6
15565,127,119,8,8
15566,64,64,0,0
15567,81,66,15,15
15568,100,86,14,14
15569,118,108,10,10
15570,85,69,16,16
15571,77,79,-2,2
15572,104,88,16,16
15573,72,63,9,9
15574,101,88,13,13
15575,95,91,4,4
15576,98,85,13,13
15577,62,53,9,9
15578,98,82,16,16
15579,113,117,-4,4
15580,62,57,5,5
15581,52,53,-1,1
15582,112,95,17,17
15583,80,75,5,5
15584,106,108,-2,2
15585,63,60,3,3
15586,49,57,-8,8
15587,72,65,7,7
15588,117,97,20,20
15589,116,104,12,12
15590,94,84,10,10
15591,95,88,7,7
15592,83,83,0,0
15593,119,109,10,10
15594,106,99,7,7
15595,92,76,16,16
15596,70,72,-2,2
15597,133,118,15,15
15598,64,57,7,7
15599,169,147,22,22
15600,93,80,13,13
15601,102,96,6,6
15602,87,76,11,11
15603,71,65,6,6
15604,62,59,3,3
15605,59,48,11,11
15606,85,74,11,11
15607,72,68,4,4
15608,50,45,5,5
15609,92,83,9,9
15610,127,113,14,14
15611,57,47,10,10
15612,107,93,14,14
15613,65,54,11,11
15614,82,78,4,4
15615,81,80,1,1
15616,98,92,6,6
15617,82,71,11,11
15618,110,119,-9,9
15619,166,147,19,19
15620,107,96,11,11
15621,50,49,1,1
15622,148,126,22,22
15623,70,63,7,7
15624,100,82,18,18
15625,108,95,13,13
15626,113,104,9,9
15627,53,55,-2,2
15628,126,117,9,9
15629,72,66,6,6
15630,197,165,32,32
15631,47,39,8,8
15632,89,77,12,12
15633,143,119,24,24
15634,119,109,10,10
15635,76,75,1,1
15636,73,73,0,0
15637,68,66,2,2
15638,111,99,12,12
15639,121,97,24,24
15640,92,91,1,1
15641,113,97,16,16
15642,98,88,10,10
15643,152,149,3,3
15644,80,74,6,6
15645,82,74,8,8
15646,128,109,19,19
15647,49,50,-1,1
15648,128,118,10,10
15649,63,58,5,5
15650,52,49,3,3
15651,89,78,11,11
15652,68,56,12,12
15653,109,97,12,12
15654,83,76,7,7
15655,97,90,7,7
15656,73,67,6,6
15657,75,66,9,9
15658,127,113,14,14
15659,52,70,-18,18
15660,69,51,18,18
15661,152,137,15,15
15662,87,78,9,9
15663,130,105,25,25
15664,72,75,-3,3
15665,114,108,6,6
15666,75,62,13,13
15667,136,116,20,20
15668,77,66,11,11
15669,88,76,12,12
15670,64,63,1,1
15671,90,73,17,17
15672,174,161,13,13
15673,57,61,-4,4
15674,56,56,0,0
15675,78,68,10,10
15676,81,70,11,11
15677,67,53,14,14
15678,123,106,17,17
15679,146,135,11,11
15680,123,117,6,6
15681,98,95,3,3
15682,61,57,4,4
15683,109,101,8,8
15684,76,73,3,3
15685,121,108,13,13
15686,81,74,7,7
15687,38,50,-12,12
15688,70,67,3,3
15689,83,73,10,10
15690,100,92,8,8
15691,79,80,-1,1
15692,98,94,4,4
15693,79,67,12,12
15694,196,169,27,27
15695,137,124,13,13
15696,67,64,3,3
15697,87,80,7,7
15698,79,73,6,6
15699,84,77,7,7
15700,104,109,-5,5
15701,105,103,2,2
15702,113,95,18,18
15703,54,49,5,5
15704,77,69,8,8
15705,124,111,13,13
15706,103,91,12,12
15707,175,145,30,30
15708,67,56,11,11
15709,86,78,8,8
15710,65,62,3,3
15711,74,65,9,9
15712,85,50,35,35
15713,77,70,7,7
15714,94,84,10,10
15715,163,132,31,31
15716,107,96,11,11
15717,126,115,11,11
15718,97,84,13,13
15719,80,74,6,6
15720,150,145,5,5
15721,67,66,1,1
15722,120,97,23,23
15723,86,86,0,0
15724,80,71,9,9
15725,79,68,11,11
15726,98,87,11,11
15727,100,94,6,6
15728,105,101,4,4
15729,140,145,-5,5
15730,110,94,16,16
15731,101,86,15,15
15732,50,45,5,5
15733,132,118,14,14
15734,160,146,14,14
15735,119,95,24,24
15736,94,83,11,11
15737,83,74,9,9
15738,92,80,12,12
15739,76,62,14,14
15740,103,95,8,8
15741,93,88,5,5
15742,67,63,4,4
15743,104,109,-5,5
15744,123,113,10,10
15745,90,76,14,14
15746,75,72,3,3
15747,120,109,11,11
15748,66,54,12,12
15749,106,98,8,8
15750,120,106,14,14
15751,98,77,21,21
15752,105,99,6,6
15753,97,88,9,9
15754,101,86,15,15
15755,80,73,7,7
15756,87,76,11,11
15757,68,60,8,8
15758,160,137,23,23
15759,77,73,4,4
15760,65,63,2,2
15761,90,85,5,5
15762,34,33,1,1
15763,90,89,1,1
15764,83,69,14,14
15765,47,41,6,6
15766,47,60,-13,13
15767,106,106,0,0
15768,63,60,3,3
15769,96,88,8,8
15770,108,107,1,1
15771,85,75,10,10
15772,157,130,27,27
15773,90,62,28,28
15774,116,107,9,9
15775,132,121,11,11
15776,123,110,13,13
15777,118,107,11,11
15778,45,48,-3,3
15779,60,57,3,3
15780,179,147,32,32
15781,111,102,9,9
15782,118,112,6,6
15783,87,88,-1,1
15784,51,56,-5,5
15785,37,39,-2,2
15786,91,83,8,8
15787,69,63,6,6
15788,130,110,20,20
15789,102,100,2,2
15790,93,91,2,2
15791,129,115,14,14
15792,54,47,7,7
15793,70,62,8,8
15794,125,102,23,23
15795,59,56,3,3
15796,46,39,7,7
15797,64,61,3,3
15798,113,91,22,22
15799,110,88,22,22
15800,46,46,0,0
15801,134,130,4,4
15802,71,79,-8,8
15803,143,134,9,9
15804,63,60,3,3
15805,120,111,9,9
15806,86,72,14,14
15807,74,73,1,1
15808,118,112,6,6
15809,61,57,4,4
15810,65,57,8,8
15811,136,111,25,25
15812,85,80,5,5
15813,105,81,24,24
15814,146,129,17,17
15815,98,100,-2,2
15816,30,44,-14,14
15817,76,72,4,4
15818,148,133,15,15
15819,126,104,22,22
15820,121,107,14,14
15821,173,120,53,53
15822,68,74,-6,6
15823,100,93,7,7
15824,109,102,7,7
15825,73,71,2,2
15826,97,89,8,8
15827,92,76,16,16
15828,97,85,12,12
15829,88,91,-3,3
15830,159,133,26,26
15831,104,90,14,14
15832,65,61,4,4
15833,84,71,13,13
15834,82,75,7,7
15835,100,103,-3,3
15836,105,94,11,11
15837,70,73,-3,3
15838,77,64,13,13
15839,111,101,10,10
15840,96,78,18,18
15841,98,96,2,2
15842,89,84,5,5
15843,62,63,-1,1
15844,144,121,23,23
15845,134,117,17,17
15846,96,84,12,12
15847,64,67,-3,3
15848,74,68,6,6
15849,113,97,16,16
15850,125,124,1,1
15851,122,104,18,18
15852,66,68,-2,2
15853,46,43,3,3
15854,115,108,7,7
15855,59,48,11,11
15856,76,67,9,9
15857,97,87,10,10
15858,125,117,8,8
15859,138,101,37,37
15860,24,26,-2,2
15861,34,34,0,0
15862,77,68,9,9
15863,112,111,1,1
15864,123,112,11,11
15865,88,79,9,9
15866,130,114,16,16
15867,108,98,10,10
15868,52,44,8,8
15869,112,108,4,4
15870,41,35,6,6
15871,68,70,-2,2
15872,111,101,10,10
15873,97,95,2,2
15874,73,66,7,7
15875,75,67,8,8
15876,79,86,-7,7
15877,62,62,0,0
15878,75,82,-7,7
15879,128,114,14,14
15880,113,111,2,2
15881,49,41,8,8
15882,65,52,13,13
15883,64,61,3,3
15884,97,100,-3,3
15885,117,97,20,20
15886,62,57,5,5
15887,75,87,-12,12
15888,80,77,3,3
15889,63,63,0,0
15890,50,53,-3,3
15891,112,102,10,10
15892,129,117,12,12
15893,78,67,11,11
15894,102,93,9,9
15895,101,83,18,18
15896,67,64,3,3
15897,49,46,3,3
15898,184,158,26,26
15899,81,73,8,8
15900,70,64,6,6
15901,95,78,17,17
15902,111,93,18,18
15903,141,120,21,21
15904,105,98,7,7
15905,54,44,10,10
15906,78,70,8,8
15907,155,134,21,21
15908,134,119,15,15
15909,88,72,16,16
15910,66,67,-1,1
15911,64,64,0,0
15912,60,63,-3,3
15913,94,84,10,10
15914,103,86,17,17
15915,146,132,14,14
15916,74,77,-3,3
15917,73,62,11,11
15918,62,60,2,2
15919,103,94,9,9
15920,126,111,15,15
15921,96,79,17,17
15922,160,137,23,23
15923,118,107,11,11
15924,128,110,18,18
15925,191,171,20,20
15926,123,106,17,17
15927,107,99,8,8
15928,55,49,6,6
15929,47,37,10,10
15930,55,49,6,6
15931,58,56,2,2
15932,107,101,6,6
15933,76,65,11,11
15934,96,77,19,19
15935,57,51,6,6
15936,110,109,1,1
15937,79,67,12,12
15938,65,64,1,1
15939,123,105,18,18
15940,61,48,13,13
15941,65,65,0,0
15942,113,98,15,15
15943,49,42,7,7
15944,82,83,-1,1
15945,98,93,5,5
15946,75,71,4,4
15947,112,109,3,3
15948,113,91,22,22
15949,94,85,9,9
15950,58,42,16,16
15951,64,55,9,9
15952,105,103,2,2
15953,101,95,6,6
15954,68,65,3,3
15955,101,85,16,16
15956,52,45,7,7
15957,70,59,11,11
15958,97,119,-22,22
15959,117,99,18,18
15960,68,65,3,3
15961,127,105,22,22
15962,69,68,1,1
15963,90,90,0,0
15964,40,41,-1,1
15965,114,97,17,17
15966,98,90,8,8
15967,66,61,5,5
15968,67,72,-5,5
15969,190,177,13,13
15970,104,92,12,12
15971,74,76,-2,2
15972,69,52,17,17
15973,86,82,4,4
15974,102,84,18,18
15975,122,106,16,16
15976,142,122,20,20
15977,103,84,19,19
15978,164,140,24,24
15979,110,116,-6,6
15980,64,61,3,3
15981,74,64,10,10
15982,61,52,9,9
15983,63,60,3,3
15984,100,82,18,18
15985,107,96,11,11
15986,102,90,12,12
15987,31,38,-7,7
15988,147,125,22,22
15989,60,56,4,4
15990,86,74,12,12
15991,114,115,-1,1
15992,103,108,-5,5
15993,75,71,4,4
15994,95,94,1,1
15995,87,73,14,14
15996,99,81,18,18
15997,114,106,8,8
15998,76,77,-1,1
15999,120,114,6,6
16000,90,76,14,14
16001,64,55,9,9
16002,113,104,9,9
16003,66,58,8,8
16004,123,101,22,22
16005,132,109,23,23
16006,124,102,22,22
16007,56,53,3,3
16008,125,126,-1,1
16009,101,94,7,7
16010,89,82,7,7
16011,57,61,-4,4
16012,98,83,15,15
16013,101,92,9,9
16014,82,80,2,2
16015,128,125,3,3
16016,56,55,1,1
16017,162,151,11,11
16018,84,84,0,0
16019,79,68,11,11
16020,53,50,3,3
16021,55,52,3,3
16022,62,56,6,6
16023,73,69,4,4
16024,42,38,4,4
16025,127,128,-1,1
16026,52,51,1,1
16027,121,118,3,3
16028,75,77,-2,2
16029,89,75,14,14
16030,64,59,5,5
16031,36,31,5,5
16032,89,76,13,13
16033,72,61,11,11
16034,148,133,15,15
16035,106,95,11,11
16036,158,153,5,5
16037,131,114,17,17
16038,130,122,8,8
16039,77,65,12,12
16040,136,121,15,15
16041,102,96,6,6
16042,86,78,8,8
16043,89,73,16,16
16044,101,84,17,17
16045,99,87,12,12
16046,100,83,17,17
16047,69,66,3,3
16048,92,72,20,20
16049,69,66,3,3
16050,128,113,15,15
16051,151,131,20,20
16052,39,33,6,6
16053,44,46,-2,2
16054,74,76,-2,2
16055,82,69,13,13
16056,140,123,17,17
16057,120,100,20,20
16058,79,62,17,17
16059,89,84,5,5
16060,158,175,-17,17
16061,105,118,-13,13
16062,113,103,10,10
16063,58,47,11,11
16064,95,84,11,11
16065,82,79,3,3
16066,140,122,18,18
16067,66,68,-2,2
16068,94,87,7,7
16069,116,112,4,4
16070,70,74,-4,4
16071,90,83,7,7
16072,73,75,-2,2
16073,62,93,-31,31
16074,55,51,4,4
16075,87,83,4,4
16076,97,91,6,6
16077,75,68,7,7
16078,113,98,15,15
16079,148,120,28,28
16080,144,155,-11,11
16081,64,53,11,11
16082,117,96,21,21
16083,89,78,11,11
16084,106,93,13,13
16085,130,107,23,23
16086,91,90,1,1
16087,52,47,5,5
16088,54,57,-3,3
16089,117,95,22,22
16090,127,126,1,1
16091,104,84,20,20
16092,122,105,17,17
16093,67,55,12,12
16094,73,73,0,0
16095,84,76,8,8
16096,63,58,5,5
16097,199,182,17,17
16098,138,141,-3,3
16099,85,75,10,10
16100,112,106,6,6
16101,100,95,5,5
16102,184,180,4,4
16103,90,79,11,11
16104,55,48,7,7
16105,142,122,20,20
16106,124,112,12,12
16107,83,87,-4,4
16108,79,80,-1,1
16109,52,62,-10,10
16110,92,86,6,6
16111,71,63,8,8
16112,47,39,8,8
16113,83,76,7,7
16114,68,63,5,5
16115,65,65,0,0
16116,99,88,11,11
16117,114,108,6,6
16118,98,94,4,4
16119,84,94,-10,10
16120,181,149,32,32
16121,51,47,4,4
16122,95,75,20,20
16123,77,70,7,7
16124,70,71,-1,1
16125,103,88,15,15
16126,106,88,18,18
16127,70,69,1,1
16128,92,85,7,7
16129,104,89,15,15
16130,49,53,-4,4
16131,62,65,-3,3
16132,52,50,2,2
16133,88,77,11,11
16134,84,68,16,16
16135,80,78,2,2
16136,55,53,2,2
16137,84,70,14,14
16138,158,128,30,30
16139,76,64,12,12
16140,58,57,1,1
16141,94,76,18,18
16142,44,40,4,4
16143,96,83,13,13
16144,134,119,15,15
16145,124,113,11,11
16146,137,129,8,8
16147,139,122,17,17
16148,40,37,3,3
16149,64,60,4,4
16150,100,91,9,9
16151,90,86,4,4
16152,88,83,5,5
16153,80,72,8,8
16154,67,61,6,6
16155,96,84,12,12
16156,74,61,13,13
16157,80,62,18,18
16158,54,54,0,0
16159,133,124,9,9
16160,71,62,9,9
16161,151,130,21,21
16162,150,138,12,12
16163,107,99,8,8
16164,104,98,6,6
16165,96,85,11,11
16166,164,147,17,17
16167,61,67,-6,6
16168,95,86,9,9
16169,120,107,13,13
16170,107,101,6,6
16171,116,97,19,19
16172,89,78,11,11
16173,42,39,3,3
16174,74,66,8,8
16175,100,97,3,3
16176,66,58,8,8
16177,105,97,8,8
16178,108,89,19,19
16179,144,131,13,13
16180,118,115,3,3
16181,82,69,13,13
16182,164,135,29,29
16183,125,121,4,4
16184,68,65,3,3
16185,102,92,10,10
16186,109,109,0,0
16187,111,90,21,21
16188,115,94,21,21
16189,58,49,9,9
16190,109,92,17,17
16191,90,84,6,6
16192,99,86,13,13
16193,124,126,-2,2
16194,147,107,40,40
16195,67,62,5,5
16196,89,82,7,7
16197,77,63,14,14
16198,106,118,-12,12
16199,78,73,5,5
16200,58,60,-2,2
16201,119,102,17,17
16202,74,73,1,1
16203,80,75,5,5
16204,143,126,17,17
16205,160,137,23,23
16206,117,102,15,15
16207,79,66,13,13
16208,103,96,7,7
16209,88,65,23,23
16210,74,72,2,2
16211,96,91,5,5
16212,94,101,-7,7
16213,66,57,9,9
16214,43,46,-3,3
16215,137,120,17,17
16216,89,76,13,13
16217,95,92,3,3
16218,172,165,7,7
16219,37,38,-1,1
16220,75,72,3,3
16221,112,102,10,10
16222,98,91,7,7
16223,137,124,13,13
16224,122,102,20,20
16225,55,48,7,7
16226,65,57,8,8
16227,105,99,6,6
16228,67,66,1,1
16229,115,99,16,16
16230,35,42,-7,7
16231,95,82,13,13
16232,62,52,10,10
16233,60,53,7,7
16234,142,117,25,25
16235,74,78,-4,4
16236,100,87,13,13
16237,179,85,94,94
16238,173,146,27,27
16239,161,150,11,11
16240,76,70,6,6
16241,79,79,0,0
16242,116,96,20,20
16243,58,58,0,0
16244,83,76,7,7
16245,48,48,0,0
16246,74,60,14,14
16247,57,57,0,0
16248,84,74,10,10
16249,114,96,18,18
16250,72,58,14,14
16251,96,93,3,3
16252,113,132,-19,19
16253,105,88,17,17
16254,149,125,24,24
16255,62,60,2,2
16256,72,60,12,12
16257,77,69,8,8
16258,152,135,17,17
16259,94,81,13,13
16260,115,104,11,11
16261,56,47,9,9
16262,65,61,4,4
16263,111,96,15,15
16264,73,72,1,1
16265,75,66,9,9
16266,90,84,6,6
16267,121,120,1,1
16268,111,97,14,14
16269,179,157,22,22
16270,136,129,7,7
16271,111,107,4,4
16272,35,59,-24,24
16273,90,79,11,11
16274,58,50,8,8
16275,172,149,23,23
16276,77,70,7,7
16277,81,68,13,13
16278,31,37,-6,6
16279,87,83,4,4
16280,63,71,-8,8
16281,114,96,18,18
16282,96,88,8,8
16283,83,73,10,10
16284,117,114,3,3
16285,121,97,24,24
16286,89,84,5,5
16287,106,97,9,9
16288,108,93,15,15
16289,121,109,12,12
16290,160,137,23,23
16291,110,100,10,10
16292,87,70,17,17
16293,107,96,11,11
16294,117,113,4,4
16295,74,70,4,4
16296,96,88,8,8
16297,133,117,16,16
16298,81,85,-4,4
16299,81,75,6,6
16300,76,72,4,4
16301,57,59,-2,2
16302,131,126,5,5
16303,91,75,16,16
16304,39,41,-2,2
16305,119,99,20,20
16306,138,120,18,18
16307,105,103,2,2
16308,77,72,5,5
16309,132,123,9,9
16310,58,58,0,0
16311,42,36,6,6
16312,67,62,5,5
16313,54,48,6,6
16314,74,66,8,8
16315,95,87,8,8
16316,73,60,13,13
16317,75,83,-8,8
16318,58,56,2,2
16319,112,97,15,15
16320,114,96,18,18
16321,118,112,6,6
16322,63,58,5,5
16323,59,65,-6,6
16324,56,49,7,7
16325,66,58,8,8
16326,64,60,4,4
16327,100,83,17,17
16328,97,88,9,9
16329,155,138,17,17
16330,93,77,16,16
16331,123,115,8,8
16332,89,71,18,18
16333,76,76,0,0
16334,178,169,9,9
16335,67,59,8,8
16336,112,95,17,17
16337,105,92,13,13
16338,95,82,13,13
16339,81,78,3,3
16340,67,72,-5,5
16341,79,67,12,12
16342,117,113,4,4
16343,72,74,-2,2
16344,103,95,8,8
16345,109,96,13,13
16346,59,58,1,1
16347,101,90,11,11
16348,112,102,10,10
16349,158,135,23,23
16350,119,112,7,7
16351,92,82,10,10
16352,38,39,-1,1
16353,66,67,-1,1
16354,69,78,-9,9
16355,51,54,-3,3
16356,200,153,47,47
16357,93,79,14,14
16358,97,88,9,9
16359,171,130,41,41
16360,65,67,-2,2
16361,102,90,12,12
16362,72,65,7,7
16363,55,54,1,1
16364,118,90,28,28
16365,86,75,11,11
16366,135,113,22,22
16367,78,64,14,14
16368,115,110,5,5
16369,140,136,4,4
16370,61,59,2,2
16371,48,50,-2,2
16372,78,72,6,6
16373,195,182,13,13
16374,48,52,-4,4
16375,71,58,13,13
16376,126,113,13,13
16377,207,180,27,27
16378,111,92,19,19
16379,75,77,-2,2
16380,106,93,13,13
16381,84,72,12,12
16382,140,129,11,11
16383,77,88,-11,11
16384,88,81,7,7
16385,63,51,12,12
16386,146,127,19,19
16387,43,43,0,0
16388,87,78,9,9
16389,63,54,9,9
16390,92,92,0,0
16391,64,62,2,2
16392,107,89,18,18
16393,114,99,15,15
16394,76,62,14,14
16395,108,109,-1,1
16396,61,54,7,7
16397,157,143,14,14
16398,161,139,22,22
16399,81,71,10,10
16400,42,40,2,2
16401,120,86,34,34
16402,118,93,25,25
16403,99,85,14,14
16404,78,68,10,10
16405,39,36,3,3
16406,62,61,1,1
16407,93,77,16,16
16408,51,50,1,1
16409,63,77,-14,14
16410,131,133,-2,2
16411,117,95,22,22
16412,96,82,14,14
16413,158,140,18,18
16414,88,82,6,6
16415,77,75,2,2
16416,84,76,8,8
16417,123,108,15,15
16418,84,71,13,13
16419,122,113,9,9
16420,88,84,4,4
16421,73,59,14,14
16422,198,177,21,21
16423,87,70,17,17
16424,76,79,-3,3
16425,85,79,6,6
16426,86,85,1,1
16427,161,151,10,10
16428,132,101,31,31
16429,65,53,12,12
16430,65,56,9,9
16431,155,133,22,22
16432,94,93,1,1
16433,91,79,12,12
16434,94,97,-3,3
16435,132,117,15,15
16436,74,69,5,5
16437,134,120,14,14
16438,186,169,17,17
16439,117,100,17,17
16440,128,118,10,10
16441,49,45,4,4
16442,52,49,3,3
16443,54,46,8,8
16444,49,52,-3,3
16445,61,62,-1,1
16446,87,79,8,8
16447,121,119,2,2
16448,110,101,9,9
16449,29,35,-6,6
16450,75,65,10,10
16451,119,113,6,6
16452,100,88,12,12
16453,73,83,-10,10
16454,71,68,3,3
16455,61,73,-12,12
16456,91,99,-8,8
16457,68,75,-7,7
16458,79,73,6,6
16459,141,139,2,2
16460,89,80,9,9
16461,132,119,13,13
16462,110,100,10,10
16463,70,67,3,3
16464,49,46,3,3
16465,99,93,6,6
16466,60,51,9,9
16467,94,83,11,11
16468,89,81,8,8
16469,149,134,15,15
16470,78,66,12,12
16471,133,135,-2,2
16472,134,132,2,2
16473,65,65,0,0
16474,117,95,22,22
16475,96,84,12,12
16476,130,106,24,24
16477,138,125,13,13
16478,85,81,4,4
16479,128,114,14,14
16480,84,76,8,8
16481,127,107,20,20
16482,67,66,1,1
16483,149,144,5,5
16484,77,66,11,11
16485,91,83,8,8
16486,137,119,18,18
16487,142,127,15,15
16488,68,67,1,1
16489,129,118,11,11
16490,120,106,14,14
16491,38,39,-1,1
16492,109,99,10,10
16493,101,88,13,13
16494,66,88,-22,22
16495,61,60,1,1
16496,107,97,10,10
16497,112,91,21,21
16498,114,116,-2,2
16499,96,90,6,6
16500,136,126,10,10
16501,60,57,3,3
16502,108,90,18,18
16503,109,97,12,12
16504,98,88,10,10
16505,53,60,-7,7
16506,68,57,11,11
16507,114,101,13,13
16508,181,172,9,9
16509,121,107,14,14
16510,67,61,6,6
16511,78,62,16,16
16512,74,66,8,8
16513,47,41,6,6
16514,113,115,-2,2
16515,41,40,1,1
16516,57,53,4,4
16517,68,55,13,13
16518,88,85,3,3
16519,76,83,-7,7
16520,96,89,7,7
16521,45,45,0,0
16522,119,106,13,13
16523,104,103,1,1
16524,111,100,11,11
16525,62,52,10,10
16526,94,87,7,7
16527,86,75,11,11
16528,78,79,-1,1
16529,132,119,13,13
16530,105,94,11,11
16531,141,116,25,25
16532,59,56,3,3
16533,205,161,44,44
16534,91,83,8,8
16535,87,97,-10,10
16536,87,78,9,9
16537,102,78,24,24
16538,94,82,12,12
16539,77,72,5,5
16540,61,57,4,4
16541,152,124,28,28
16542,85,79,6,6
16543,120,105,15,15
16544,83,83,0,0
16545,135,121,14,14
16546,52,47,5,5
16547,79,67,12,12
16548,50,51,-1,1
16549,152,132,20,20
16550,80,66,14,14
16551,83,80,3,3
16552,163,149,14,14
16553,75,75,0,0
16554,72,71,1,1
16555,93,82,11,11
16556,118,101,17,17
16557,84,77,7,7
16558,72,63,9,9
16559,75,70,5,5
16560,79,72,7,7
16561,84,79,5,5
16562,88,82,6,6
16563,99,87,12,12
16564,59,56,3,3
16565,112,99,13,13
16566,128,106,22,22
16567,115,103,12,12
16568,101,107,-6,6
16569,60,55,5,5
16570,80,81,-1,1
16571,134,126,8,8
16572,72,66,6,6
16573,160,134,26,26
16574,123,111,12,12
16575,111,96,15,15
16576,61,60,1,1
16577,68,63,5,5
16578,131,130,1,1
16579,135,114,21,21
16580,217,208,9,9
16581,56,46,10,10
16582,86,83,3,3
16583,104,94,10,10
16584,87,85,2,2
16585,76,70,6,6
16586,137,118,19,19
16587,86,78,8,8
16588,53,51,2,2
16589,82,78,4,4
16590,52,42,10,10
16591,85,77,8,8
16592,110,99,11,11
16593,58,50,8,8
16594,103,98,5,5
16595,40,35,5,5
16596,70,61,9,9
16597,50,44,6,6
16598,69,65,4,4
16599,108,104,4,4
16600,82,66,16,16
16601,138,116,22,22
16602,103,95,8,8
16603,119,102,17,17
16604,111,93,18,18
16605,154,134,20,20
16606,131,117,14,14
16607,67,63,4,4
16608,76,68,8,8
16609,104,96,8,8
16610,134,112,22,22
16611,41,44,-3,3
16612,54,46,8,8
16613,116,102,14,14
16614,58,52,6,6
16615,74,75,-1,1
16616,101,93,8,8
16617,62,53,9,9
16618,141,127,14,14
16619,93,77,16,16
16620,98,86,12,12
16621,88,89,-1,1
16622,33,34,-1,1
16623,115,114,1,1
16624,86,78,8,8
16625,156,134,22,22
16626,66,57,9,9
16627,93,77,16,16
16628,61,55,6,6
16629,128,113,15,15
16630,161,132,29,29
16631,51,49,2,2
16632,59,51,8,8
16633,97,87,10,10
16634,157,133,24,24
16635,91,89,2,2
16636,67,52,15,15
16637,90,84,6,6
16638,82,71,11,11
16639,104,92,12,12
16640,96,87,9,9
16641,122,115,7,7
16642,86,73,13,13
16643,126,114,12,12
16644,87,77,10,10
16645,77,75,2,2
16646,117,99,18,18
16647,144,123,21,21
16648,86,69,17,17
16649,61,52,9,9
16650,79,90,-11,11
16651,96,85,11,11
16652,89,87,2,2
16653,89,87,2,2
16654,110,98,12,12
16655,87,73,14,14
16656,39,39,0,0
16657,98,86,12,12
16658,151,131,20,20
16659,89,82,7,7
16660,67,59,8,8
16661,71,61,10,10
16662,119,99,20,20
16663,86,77,9,9
16664,147,127,20,20
16665,51,44,7,7
16666,83,84,-1,1
16667,83,74,9,9
16668,54,49,5,5
16669,138,113,25,25
16670,64,60,4,4
16671,80,74,6,6
16672,58,54,4,4
16673,92,82,10,10
16674,56,68,-12,12
16675,114,114,0,0
16676,58,55,3,3
16677,51,51,0,0
16678,111,98,13,13
16679,66,71,-5,5
16680,64,61,3,3
16681,99,98,1,1
16682,73,63,10,10
16683,110,89,21,21
16684,99,99,0,0
16685,92,79,13,13
16686,57,52,5,5
16687,138,123,15,15
16688,156,147,9,9
16689,113,100,13,13
16690,37,36,1,1
16691,119,105,14,14
16692,109,102,7,7
16693,137,123,14,14
16694,187,139,48,48
16695,77,75,2,2
16696,78,66,12,12
16697,89,86,3,3
16698,144,135,9,9
16699,111,102,9,9
16700,46,48,-2,2
16701,119,108,11,11
16702,89,71,18,18
16703,85,67,18,18
16704,155,129,26,26
16705,164,158,6,6
16706,176,158,18,18
16707,61,60,1,1
16708,143,138,5,5
16709,66,49,17,17
16710,138,116,22,22
16711,107,98,9,9
16712,80,70,10,10
16713,95,83,12,12
16714,94,98,-4,4
16715,90,79,11,11
16716,65,60,5,5
16717,75,65,10,10
16718,54,51,3,3
16719,84,77,7,7
16720,129,108,21,21
16721,142,118,24,24
16722,96,93,3,3
16723,112,101,11,11
16724,93,74,19,19
16725,57,54,3,3
16726,36,45,-9,9
16727,46,48,-2,2
16728,94,91,3,3
16729,57,54,3,3
16730,106,103,3,3
16731,130,121,9,9
16732,62,55,7,7
16733,89,82,7,7
16734,137,123,14,14
16735,107,102,5,5
16736,58,50,8,8
16737,73,64,9,9
16738,86,79,7,7
16739,103,93,10,10
16740,121,110,11,11
16741,66,57,9,9
16742,87,86,1,1
16743,59,50,9,9
16744,109,100,9,9
16745,79,79,0,0
16746,68,61,7,7
16747,66,61,5,5
16748,72,65,7,7
16749,100,93,7,7
16750,102,92,10,10
16751,55,52,3,3
16752,98,85,13,13
16753,107,97,10,10
16754,77,57,20,20
16755,76,75,1,1
16756,65,60,5,5
16757,134,108,26,26
16758,39,43,-4,4
16759,123,117,6,6
16760,64,59,5,5
16761,105,93,12,12
16762,66,59,7,7
16763,203,182,21,21
16764,144,109,35,35
16765,75,71,4,4
16766,106,94,12,12
16767,104,92,12,12
16768,73,74,-1,1
16769,83,64,19,19
16770,81,88,-7,7
16771,83,76,7,7
16772,100,100,0,0
16773,103,88,15,15
16774,76,70,6,6
16775,66,62,4,4
16776,72,66,6,6
16777,87,91,-4,4
16778,81,78,3,3
16779,109,98,11,11
16780,103,88,15,15
16781,112,115,-3,3
16782,170,148,22,22
16783,89,79,10,10
16784,73,75,-2,2
16785,59,54,5,5
16786,135,122,13,13
16787,61,61,0,0
16788,78,73,5,5
16789,125,105,20,20
16790,64,64,0,0
16791,54,52,2,2
16792,119,102,17,17
16793,92,89,3,3
16794,117,105,12,12
16795,88,74,14,14
16796,99,86,13,13
16797,48,45,3,3
16798,123,114,9,9
16799,113,106,7,7
16800,98,89,9,9
16801,66,58,8,8
16802,82,72,10,10
16803,38,41,-3,3
16804,86,83,3,3
16805,135,131,4,4
16806,140,124,16,16
16807,73,66,7,7
16808,95,88,7,7
16809,40,39,1,1
16810,67,80,-13,13
16811,160,142,18,18
16812,121,103,18,18
16813,104,79,25,25
16814,98,88,10,10
16815,125,109,16,16
16816,119,95,24,24
16817,109,102,7,7
16818,73,68,5,5
16819,212,166,46,46
16820,81,71,10,10
16821,104,95,9,9
16822,44,42,2,2
16823,82,62,20,20
16824,181,147,34,34
16825,50,44,6,6
16826,90,93,-3,3
16827,87,76,11,11
16828,76,81,-5,5
16829,211,190,21,21
16830,104,91,13,13
16831,114,102,12,12
16832,143,132,11,11
16833,142,128,14,14
16834,153,156,-3,3
16835,60,52,8,8
16836,60,55,5,5
16837,111,86,25,25
16838,143,142,1,1
16839,76,72,4,4
16840,73,64,9,9
16841,76,63,13,13
16842,75,68,7,7
16843,58,56,2,2
16844,57,48,9,9
16845,112,102,10,10
16846,151,126,25,25
16847,51,46,5,5
16848,64,61,3,3
16849,80,74,6,6
16850,89,79,10,10
16851,155,138,17,17
16852,97,88,9,9
16853,82,78,4,4
16854,122,104,18,18
16855,110,104,6,6
16856,91,76,15,15
16857,27,51,-24,24
16858,55,48,7,7
16859,107,93,14,14
16860,61,60,1,1
16861,67,68,-1,1
16862,111,107,4,4
16863,95,84,11,11
16864,129,120,9,9
16865,165,169,-4,4
16866,139,122,17,17
16867,97,121,-24,24
16868,88,81,7,7
16869,64,67,-3,3
16870,83,72,11,11
16871,118,108,10,10
16872,81,71,10,10
16873,78,68,10,10
16874,164,152,12,12
16875,60,61,-1,1
16876,23,34,-11,11
16877,60,55,5,5
16878,58,60,-2,2
16879,102,96,6,6
16880,100,91,9,9
16881,103,97,6,6
16882,98,80,18,18
16883,136,127,9,9
16884,110,103,7,7
16885,95,84,11,11
16886,113,106,7,7
16887,143,141,2,2
16888,141,127,14,14
16889,117,101,16,16
16890,63,66,-3,3
16891,83,68,15,15
16892,52,49,3,3
16893,95,93,2,2
16894,85,78,7,7
16895,75,75,0,0
16896,137,121,16,16
16897,81,73,8,8
16898,55,56,-1,1
16899,128,99,29,29
16900,135,113,22,22
16901,107,94,13,13
16902,68,67,1,1
16903,95,87,8,8
16904,131,113,18,18
16905,106,96,10,10
16906,84,92,-8,8
16907,120,111,9,9
16908,69,63,6,6
16909,93,92,1,1
16910,100,89,11,11
16911,152,135,17,17
16912,139,136,3,3
16913,109,98,11,11
16914,122,108,14,14
16915,70,65,5,5
16916,89,76,13,13
16917,81,66,15,15
16918,59,51,8,8
16919,74,62,12,12
16920,121,99,22,22
16921,88,75,13,13
16922,72,83,-11,11
16923,107,98,9,9
16924,47,51,-4,4
16925,105,90,15,15
16926,61,62,-1,1
16927,116,102,14,14
16928,110,95,15,15
16929,63,55,8,8
16930,121,105,16,16
16931,52,46,6,6
16932,92,75,17,17
16933,102,107,-5,5
16934,86,79,7,7
16935,171,177,-6,6
16936,97,92,5,5
16937,105,86,19,19
16938,127,109,18,18
16939,84,83,1,1
16940,99,81,18,18
16941,65,57,8,8
16942,86,68,18,18
16943,107,89,18,18
16944,84,78,6,6
16945,136,115,21,21
16946,82,71,11,11
16947,52,52,0,0
16948,103,107,-4,4
16949,102,93,9,9
16950,126,109,17,17
16951,185,160,25,25
16952,143,126,17,17
16953,48,56,-8,8
16954,142,109,33,33
16955,58,54,4,4
16956,164,150,14,14
16957,95,86,9,9
16958,191,176,15,15
16959,115,108,7,7
16960,58,52,6,6
16961,121,106,15,15
16962,101,89,12,12
16963,79,75,4,4
16964,84,81,3,3
16965,69,61,8,8
16966,153,139,14,14
16967,67,69,-2,2
16968,69,75,-6,6
16969,71,70,1,1
16970,94,89,5,5
16971,110,101,9,9
16972,105,96,9,9
16973,88,84,4,4
16974,93,86,7,7
16975,70,62,8,8
16976,65,64,1,1
16977,62,60,2,2
16978,120,108,12,12
16979,55,45,10,10
16980,73,70,3,3
16981,102,90,12,12
16982,71,65,6,6
16983,111,118,-7,7
16984,156,144,12,12
16985,89,86,3,3
16986,67,60,7,7
16987,71,69,2,2
16988,71,66,5,5
16989,108,95,13,13
16990,72,66,6,6
16991,80,70,10,10
16992,104,80,24,24
16993,111,103,8,8
16994,58,51,7,7
16995,68,60,8,8
16996,92,82,10,10
16997,161,144,17,17
16998,107,89,18,18
16999,66,71,-5,5
17000,76,75,1,1
17001,105,94,11,11
17002,140,118,22,22
17003,77,67,10,10
17004,70,69,1,1
17005,133,117,16,16
17006,50,50,0,0
17007,66,61,5,5
17008,60,65,-5,5
17009,72,68,4,4
17010,123,104,19,19
17011,88,77,11,11
17012,110,97,13,13
17013,94,83,11,11
17014,88,79,9,9
17015,82,69,13,13
17016,107,114,-7,7
17017,69,61,8,8
17018,85,80,5,5
17019,81,76,5,5
17020,57,55,2,2
17021,124,104,20,20
17022,126,119,7,7
17023,59,44,15,15
17024,78,72,6,6
17025,112,107,5,5
17026,87,90,-3,3
17027,101,90,11,11
17028,101,90,11,11
17029,150,137,13,13
17030,135,113,22,22
17031,146,131,15,15
17032,61,58,3,3
17033,103,95,8,8
17034,134,119,15,15
17035,68,64,4,4
17036,84,70,14,14
17037,59,57,2,2
17038,115,102,13,13
17039,98,74,24,24
17040,118,123,-5,5
17041,97,90,7,7
17042,94,95,-1,1
17043,143,123,20,20
17044,119,107,12,12
17045,82,82,0,0
17046,86,84,2,2
17047,79,76,3,3
17048,178,171,7,7
17049,151,125,26,26
17050,133,118,15,15
17051,71,72,-1,1
17052,56,49,7,7
17053,61,56,5,5
17054,69,69,0,0
17055,95,90,5,5
17056,98,86,12,12
17057,88,83,5,5
17058,86,83,3,3
17059,79,76,3,3
17060,77,68,9,9
17061,88,94,-6,6
17062,110,96,14,14
17063,138,130,8,8
17064,98,99,-1,1
17065,99,84,15,15
17066,73,68,5,5
17067,143,127,16,16
17068,44,40,4,4
17069,136,115,21,21
17070,150,128,22,22
17071,125,113,12,12
17072,134,118,16,16
17073,93,93,0,0
17074,107,94,13,13
17075,38,40,-2,2
17076,133,138,-5,5
17077,151,138,13,13
17078,104,101,3,3
17079,83,71,12,12
17080,124,101,23,23
17081,161,148,13,13
17082,72,64,8,8
17083,77,75,2,2
17084,111,103,8,8
17085,107,96,11,11
17086,107,101,6,6
17087,98,92,6,6
17088,168,151,17,17
17089,100,85,15,15
17090,70,65,5,5
17091,68,62,6,6
17092,74,60,14,14
17093,129,120,9,9
17094,121,110,11,11
17095,69,61,8,8
17096,121,111,10,10
17097,103,94,9,9
17098,187,171,16,16
17099,61,53,8,8
17100,81,70,11,11
17101,117,117,0,0
17102,46,40,6,6
17103,77,71,6,6
17104,85,80,5,5
17105,47,46,1,1
17106,81,72,9,9
17107,99,80,19,19
17108,152,148,4,4
17109,58,61,-3,3
17110,45,49,-4,4
17111,87,76,11,11
17112,100,76,24,24
17113,41,35,6,6
17114,184,147,37,37
17115,72,66,6,6
17116,38,41,-3,3
17117,79,90,-11,11
17118,98,79,19,19
17119,71,66,5,5
17120,62,58,4,4
17121,90,74,16,16
17122,97,77,20,20
17123,52,48,4,4
17124,74,62,12,12
17125,154,136,18,18
17126,99,86,13,13
17127,44,36,8,8
17128,85,75,10,10
17129,128,117,11,11
17130,128,106,22,22
17131,78,81,-3,3
17132,62,60,2,2
17133,112,113,-1,1
17134,63,61,2,2
17135,88,79,9,9
17136,51,43,8,8
17137,129,116,13,13
17138,65,57,8,8
17139,56,50,6,6
17140,102,89,13,13
17141,87,74,13,13
17142,129,115,14,14
17143,61,61,0,0
17144,79,72,7,7
17145,57,62,-5,5
17146,171,143,28,28
17147,90,84,6,6
17148,96,84,12,12
17149,91,82,9,9
17150,47,48,-1,1
17151,87,91,-4,4
17152,86,92,-6,6
17153,133,124,9,9
17154,133,122,11,11
17155,89,86,3,3
17156,64,51,13,13
17157,54,51,3,3
17158,99,105,-6,6
17159,91,82,9,9
17160,76,74,2,2
17161,75,67,8,8
17162,72,62,10,10
17163,107,105,2,2
17164,39,36,3,3
17165,99,86,13,13
17166,121,105,16,16
17167,89,77,12,12
17168,132,121,11,11
17169,108,106,2,2
17170,84,66,18,18
17171,104,94,10,10
17172,68,58,10,10
17173,55,51,4,4
17174,74,62,12,12
17175,85,81,4,4
17176,63,57,6,6
17177,77,73,4,4
17178,103,94,9,9
17179,66,61,5,5
17180,77,65,12,12
17181,112,95,17,17
17182,127,128,-1,1
17183,100,96,4,4
17184,59,59,0,0
17185,111,95,16,16
17186,29,35,-6,6
17187,77,67,10,10
17188,98,91,7,7
17189,108,98,10,10
17190,196,179,17,17
17191,79,70,9,9
17192,150,137,13,13
17193,99,85,14,14
17194,73,65,8,8
17195,75,68,7,7
17196,62,55,7,7
17197,77,74,3,3
17198,100,82,18,18
17199,139,126,13,13
17200,80,74,6,6
17201,151,115,36,36
17202,125,114,11,11
17203,70,70,0,0
17204,141,123,18,18
17205,76,76,0,0
17206,74,75,-1,1
17207,108,92,16,16
17208,146,117,29,29
17209,65,56,9,9
17210,92,94,-2,2
17211,98,88,10,10
17212,112,111,1,1
17213,155,128,27,27
17214,109,97,12,12
17215,127,113,14,14
17216,40,46,-6,6
17217,106,110,-4,4
17218,106,106,0,0
17219,68,60,8,8
17220,73,69,4,4
17221,69,61,8,8
17222,93,85,8,8
17223,95,85,10,10
17224,99,88,11,11
17225,108,95,13,13
17226,77,68,9,9
17227,76,68,8,8
17228,102,96,6,6
17229,117,103,14,14
17230,88,78,10,10
17231,82,75,7,7
17232,99,87,12,12
17233,147,122,25,25
17234,66,58,8,8
17235,79,64,15,15
17236,62,64,-2,2
17237,175,156,19,19
17238,101,91,10,10
17239,64,60,4,4
17240,74,66,8,8
17241,72,81,-9,9
17242,64,63,1,1
17243,73,64,9,9
17244,48,54,-6,6
17245,186,161,25,25
17246,100,114,-14,14
17247,120,105,15,15
17248,53,59,-6,6
17249,120,100,20,20
17250,98,93,5,5
17251,34,38,-4,4
17252,97,82,15,15
17253,118,100,18,18
17254,128,105,23,23
17255,90,76,14,14
17256,63,61,2,2
17257,160,130,30,30
17258,177,138,39,39
17259,185,165,20,20
17260,104,95,9,9
17261,68,62,6,6
17262,119,112,7,7
17263,110,92,18,18
17264,67,56,11,11
17265,56,56,0,0
17266,160,139,21,21
17267,103,110,-7,7
17268,68,59,9,9
17269,112,105,7,7
17270,75,67,8,8
17271,101,97,4,4
17272,89,100,-11,11
17273,57,62,-5,5
17274,65,59,6,6
17275,95,91,4,4
17276,93,87,6,6
17277,100,88,12,12
17278,127,120,7,7
17279,105,87,18,18
17280,58,45,13,13
17281,70,67,3,3
17282,146,134,12,12
17283,90,75,15,15
17284,75,65,10,10
17285,92,82,10,10
17286,122,108,14,14
17287,77,71,6,6
17288,50,50,0,0
17289,69,66,3,3
17290,36,36,0,0
17291,97,79,18,18
17292,81,80,1,1
17293,127,124,3,3
17294,142,128,14,14
17295,98,95,3,3
17296,91,71,20,20
17297,84,80,4,4
17298,94,87,7,7
17299,71,76,-5,5
17300,87,68,19,19
17301,109,96,13,13
17302,58,51,7,7
17303,63,61,2,2
17304,65,59,6,6
17305,45,41,4,4
17306,87,66,21,21
17307,64,61,3,3
17308,82,76,6,6
17309,156,147,9,9
17310,138,108,30,30
17311,76,73,3,3
17312,134,116,18,18
17313,115,102,13,13
17314,92,85,7,7
17315,126,116,10,10
17316,103,96,7,7
17317,56,52,4,4
17318,125,127,-2,2
17319,108,88,20,20
17320,69,64,5,5
17321,151,133,18,18
17322,88,88,0,0
17323,101,90,11,11
17324,165,155,10,10
17325,151,124,27,27
17326,82,73,9,9
17327,65,58,7,7
17328,93,87,6,6
17329,102,93,9,9
17330,71,67,4,4
17331,66,66,0,0
17332,101,95,6,6
17333,109,92,17,17
17334,67,55,12,12
17335,150,136,14,14
17336,71,46,25,25
17337,93,92,1,1
17338,106,101,5,5
17339,127,113,14,14
17340,167,152,15,15
17341,67,66,1,1
17342,137,123,14,14
17343,90,80,10,10
17344,48,49,-1,1
17345,79,68,11,11
17346,72,71,1,1
17347,139,124,15,15
17348,81,76,5,5
17349,124,112,12,12
17350,114,98,16,16
17351,75,74,1,1
17352,73,66,7,7
17353,90,76,14,14
17354,156,143,13,13
17355,107,101,6,6
17356,88,78,10,10
17357,135,133,2,2
17358,120,99,21,21
17359,55,64,-9,9
17360,58,55,3,3
17361,104,103,1,1
17362,53,46,7,7
17363,65,56,9,9
17364,71,65,6,6
17365,36,39,-3,3
17366,135,116,19,19
17367,159,149,10,10
17368,118,95,23,23
17369,93,84,9,9
17370,91,87,4,4
17371,66,66,0,0
17372,68,57,11,11
17373,81,72,9,9
17374,138,133,5,5
17375,68,63,5,5
17376,128,122,6,6
17377,97,99,-2,2
17378,83,80,3,3
17379,194,170,24,24
17380,63,57,6,6
17381,68,55,13,13
17382,68,64,4,4
17383,89,86,3,3
17384,103,86,17,17
17385,113,111,2,2
17386,95,85,10,10
17387,93,77,16,16
17388,68,61,7,7
17389,57,47,10,10
17390,58,56,2,2
17391,174,148,26,26
17392,71,65,6,6
17393,106,90,16,16
17394,63,57,6,6
17395,63,51,12,12
17396,126,106,20,20
17397,104,91,13,13
17398,83,77,6,6
17399,80,75,5,5
17400,175,157,18,18
17401,77,87,-10,10
17402,146,131,15,15
17403,78,69,9,9
17404,114,95,19,19
17405,86,92,-6,6
17406,149,139,10,10
17407,170,153,17,17
17408,121,107,14,14
17409,61,55,6,6
17410,64,52,12,12
17411,67,57,10,10
17412,99,98,1,1
17413,185,160,25,25
17414,56,60,-4,4
17415,99,89,10,10
17416,75,76,-1,1
17417,85,71,14,14
17418,92,79,13,13
17419,91,79,12,12
17420,80,66,14,14
17421,56,60,-4,4
17422,80,72,8,8
17423,135,116,19,19
17424,98,110,-12,12
17425,150,143,7,7
17426,53,57,-4,4
17427,106,94,12,12
17428,74,68,6,6
17429,196,150,46,46
17430,88,76,12,12
17431,47,50,-3,3
17432,101,101,0,0
17433,110,97,13,13
17434,116,107,9,9
17435,96,92,4,4
17436,65,58,7,7
17437,55,44,11,11
17438,140,131,9,9
17439,94,80,14,14
17440,89,73,16,16
17441,101,89,12,12
17442,80,66,14,14
17443,112,98,14,14
17444,106,105,1,1
17445,103,99,4,4
17446,60,58,2,2
17447,95,93,2,2
17448,87,84,3,3
17449,45,41,4,4
17450,92,86,6,6
17451,108,93,15,15
17452,98,87,11,11
17453,62,59,3,3
17454,107,97,10,10
17455,74,62,12,12
17456,137,113,24,24
17457,75,69,6,6
17458,66,58,8,8
17459,100,81,19,19
17460,129,128,1,1
17461,79,71,8,8
17462,111,95,16,16
17463,88,85,3,3
17464,63,55,8,8
17465,95,90,5,5
17466,74,68,6,6
17467,108,96,12,12
17468,115,98,17,17
17469,96,86,10,10
17470,146,123,23,23
17471,178,158,20,20
17472,171,151,20,20
17473,171,149,22,22
17474,151,143,8,8
17475,90,82,8,8
17476,94,77,17,17
17477,89,71,18,18
17478,71,64,7,7
17479,223,201,22,22
17480,66,62,4,4
17481,116,105,11,11
17482,69,60,9,9
17483,153,134,19,19
17484,48,50,-2,2
17485,83,76,7,7
17486,177,153,24,24
17487,70,66,4,4
17488,80,75,5,5
17489,77,72,5,5
17490,69,59,10,10
17491,81,68,13,13
17492,115,105,10,10
17493,96,92,4,4
17494,94,78,16,16
17495,46,45,1,1
17496,88,96,-8,8
17497,90,73,17,17
17498,89,82,7,7
17499,65,58,7,7
17500,78,67,11,11
17501,76,72,4,4
17502,116,95,21,21
17503,127,111,16,16
17504,146,134,12,12
17505,89,89,0,0
17506,42,52,-10,10
17507,73,61,12,12
17508,61,57,4,4
17509,79,67,12,12
17510,105,93,12,12
17511,64,59,5,5
17512,115,109,6,6
17513,66,66,0,0
17514,75,67,8,8
17515,82,75,7,7
17516,46,53,-7,7
17517,106,99,7,7
17518,74,74,0,0
17519,58,63,-5,5
17520,89,82,7,7
17521,76,64,12,12
17522,90,73,17,17
17523,108,96,12,12
17524,89,91,-2,2
17525,75,66,9,9
17526,98,85,13,13
17527,87,76,11,11
17528,65,63,2,2
17529,121,99,22,22
17530,63,60,3,3
17531,139,135,4,4
17532,80,73,7,7
17533,75,65,10,10
17534,64,63,1,1
17535,48,42,6,6
17536,115,103,12,12
17537,82,75,7,7
17538,120,109,11,11
17539,141,132,9,9
17540,67,68,-1,1
17541,48,55,-7,7
17542,117,100,17,17
17543,173,154,19,19
17544,74,72,2,2
17545,53,49,4,4
17546,33,35,-2,2
17547,79,75,4,4
17548,76,64,12,12
17549,119,97,22,22
17550,139,126,13,13
17551,77,66,11,11
17552,115,109,6,6
17553,67,67,0,0
17554,105,86,19,19
17555,127,117,10,10
17556,84,75,9,9
17557,106,99,7,7
17558,79,79,0,0
17559,96,95,1,1
17560,82,72,10,10
17561,146,127,19,19
17562,98,92,6,6
17563,116,112,4,4
17564,42,39,3,3
17565,82,78,4,4
17566,71,64,7,7
17567,103,86,17,17
17568,60,58,2,2
17569,86,78,8,8
17570,137,115,22,22
17571,105,90,15,15
17572,68,69,-1,1
17573,94,89,5,5
17574,190,168,22,22
17575,61,54,7,7
17576,112,97,15,15
17577,72,60,12,12
17578,137,113,24,24
17579,85,79,6,6
17580,190,170,20,20
17581,145,142,3,3
17582,100,94,6,6
17583,143,121,22,22
17584,81,73,8,8
17585,58,57,1,1
17586,79,82,-3,3
17587,119,106,13,13
17588,63,63,0,0
17589,106,93,13,13
17590,111,96,15,15
17591,90,84,6,6
17592,134,129,5,5
17593,129,106,23,23
17594,67,60,7,7
17595,128,119,9,9
17596,43,42,1,1
17597,58,55,3,3
17598,123,118,5,5
17599,63,55,8,8
17600,61,60,1,1
17601,74,57,17,17
17602,117,94,23,23
17603,132,100,32,32
17604,73,57,16,16
17605,127,118,9,9
17606,170,158,12,12
17607,101,96,5,5
17608,118,97,21,21
17609,73,63,10,10
17610,82,77,5,5
17611,100,91,9,9
17612,62,58,4,4
17613,80,66,14,14
17614,50,48,2,2
17615,68,65,3,3
17616,163,143,20,20
17617,49,45,4,4
17618,75,68,7,7
17619,133,112,21,21
17620,115,105,10,10
17621,102,97,5,5
17622,74,70,4,4
17623,161,138,23,23
17624,130,122,8,8
17625,122,104,18,18
17626,109,95,14,14
17627,120,120,0,0
17628,72,46,26,26
17629,90,86,4,4
17630,80,84,-4,4
17631,103,103,0,0
17632,134,119,15,15
17633,93,85,8,8
17634,82,72,10,10
17635,184,153,31,31
17636,84,75,9,9
17637,62,54,8,8
17638,65,58,7,7
17639,68,66,2,2
17640,118,108,10,10
17641,81,76,5,5
17642,116,110,6,6
17643,116,105,11,11
17644,85,73,12,12
17645,55,55,0,0
17646,91,80,11,11
17647,79,73,6,6
17648,24,38,-14,14
17649,155,135,20,20
17650,97,79,18,18
17651,69,69,0,0
17652,105,97,8,8
17653,158,147,11,11
17654,129,120,9,9
17655,115,100,15,15
17656,92,93,-1,1
17657,82,77,5,5
17658,100,93,7,7
17659,66,56,10,10
17660,46,46,0,0
17661,141,138,3,3
17662,128,113,15,15
17663,101,75,26,26
17664,103,88,15,15
17665,75,68,7,7
17666,125,110,15,15
17667,50,44,6,6
17668,67,60,7,7
17669,91,88,3,3
17670,95,85,10,10
17671,133,117,16,16
17672,124,110,14,14
17673,59,48,11,11
17674,138,120,18,18
17675,132,117,15,15
17676,109,98,11,11
17677,72,71,1,1
17678,84,79,5,5
17679,107,99,8,8
17680,73,73,0,0
17681,76,70,6,6
17682,122,101,21,21
17683,107,105,2,2
17684,38,37,1,1
17685,127,107,20,20
17686,82,69,13,13
17687,189,161,28,28
17688,115,104,11,11
17689,100,88,12,12
17690,70,59,11,11
17691,81,63,18,18
17692,150,151,-1,1
17693,94,81,13,13
17694,88,77,11,11
17695,81,77,4,4
17696,148,133,15,15
17697,75,79,-4,4
17698,90,80,10,10
17699,124,112,12,12
17700,46,40,6,6
17701,103,100,3,3
17702,101,84,17,17
17703,93,86,7,7
17704,105,98,7,7
17705,91,89,2,2
17706,138,124,14,14
17707,85,80,5,5
17708,102,90,12,12
17709,72,74,-2,2
17710,81,70,11,11
17711,118,106,12,12
17712,114,112,2,2
17713,118,104,14,14
17714,79,74,5,5
17715,149,130,19,19
17716,74,72,2,2
17717,46,45,1,1
17718,76,62,14,14
17719,80,74,6,6
17720,124,126,-2,2
17721,126,124,2,2
17722,57,49,8,8
17723,91,93,-2,2
17724,206,171,35,35
17725,122,100,22,22
17726,89,86,3,3
17727,108,99,9,9
17728,170,144,26,26
17729,89,81,8,8
17730,90,78,12,12
17731,85,79,6,6
17732,80,65,15,15
17733,105,83,22,22
17734,84,64,20,20
17735,97,88,9,9
17736,60,58,2,2
17737,39,42,-3,3
17738,103,90,13,13
17739,122,114,8,8
17740,105,98,7,7
17741,72,71,1,1
17742,72,71,1,1
17743,126,111,15,15
17744,113,97,16,16
17745,88,78,10,10
17746,121,113,8,8
17747,88,82,6,6
17748,72,63,9,9
17749,65,65,0,0
17750,74,73,1,1
17751,112,110,2,2
17752,53,49,4,4
17753,138,122,16,16
17754,108,101,7,7
17755,65,59,6,6
17756,72,69,3,3
17757,122,108,14,14
17758,48,49,-1,1
17759,93,80,13,13
17760,124,110,14,14
17761,92,82,10,10
17762,66,63,3,3
17763,69,63,6,6
17764,144,143,1,1
17765,103,97,6,6
17766,96,84,12,12
17767,107,96,11,11
17768,129,114,15,15
17769,60,56,4,4
17770,72,64,8,8
17771,53,49,4,4
17772,117,93,24,24
17773,109,103,6,6
17774,73,63,10,10
17775,121,105,16,16
17776,193,177,16,16
17777,69,69,0,0
17778,80,65,15,15
17779,135,109,26,26
17780,47,42,5,5
17781,75,64,11,11
17782,135,136,-1,1
17783,97,86,11,11
17784,76,72,4,4
17785,108,99,9,9
17786,110,104,6,6
17787,87,84,3,3
17788,59,53,6,6
17789,163,144,19,19
17790,80,72,8,8
17791,169,147,22,22
17792,91,85,6,6
17793,122,107,15,15
17794,97,88,9,9
17795,63,64,-1,1
17796,139,131,8,8
17797,76,66,10,10
17798,80,73,7,7
17799,79,68,11,11
17800,112,103,9,9
17801,94,87,7,7
17802,103,96,7,7
17803,53,55,-2,2
17804,70,67,3,3
17805,156,144,12,12
17806,29,45,-16,16
17807,128,123,5,5
17808,125,115,10,10
17809,126,95,31,31
17810,50,43,7,7
17811,152,141,11,11
17812,195,151,44,44
17813,76,74,2,2
17814,87,77,10,10
17815,80,68,12,12
17816,66,57,9,9
17817,72,64,8,8
17818,104,102,2,2
17819,67,60,7,7
17820,109,100,9,9
17821,146,127,19,19
17822,59,65,-6,6
17823,78,67,11,11
17824,73,64,9,9
17825,139,125,14,14
17826,103,88,15,15
17827,112,109,3,3
17828,99,80,19,19
17829,68,68,0,0
17830,53,45,8,8
17831,152,118,34,34
17832,55,48,7,7
17833,96,93,3,3
17834,78,73,5,5
17835,69,82,-13,13
17836,54,48,6,6
17837,118,101,17,17
17838,120,98,22,22
17839,45,56,-11,11
17840,94,83,11,11
17841,141,128,13,13
17842,81,80,1,1
17843,85,87,-2,2
17844,100,96,4,4
17845,104,95,9,9
17846,189,154,35,35
17847,79,66,13,13
17848,98,90,8,8
17849,53,50,3,3
17850,139,118,21,21
17851,96,105,-9,9
17852,75,68,7,7
17853,74,71,3,3
17854,142,133,9,9
17855,135,140,-5,5
17856,40,34,6,6
17857,176,149,27,27
17858,55,52,3,3
17859,70,70,0,0
17860,71,66,5,5
17861,55,56,-1,1
17862,168,155,13,13
17863,146,125,21,21
17864,111,106,5,5
17865,117,90,27,27
17866,64,60,4,4
17867,106,91,15,15
17868,110,89,21,21
17869,79,73,6,6
17870,95,81,14,14
17871,121,106,15,15
17872,129,121,8,8
17873,98,80,18,18
17874,60,54,6,6
17875,53,51,2,2
17876,121,103,18,18
17877,112,120,-8,8
17878,54,53,1,1
17879,76,71,5,5
17880,126,126,0,0
17881,131,112,19,19
17882,45,45,0,0
17883,135,122,13,13
17884,95,78,17,17
17885,80,67,13,13
17886,96,89,7,7
17887,143,123,20,20
17888,59,54,5,5
17889,140,132,8,8
17890,73,68,5,5
17891,109,105,4,4
17892,116,116,0,0
17893,42,43,-1,1
17894,44,36,8,8
17895,151,138,13,13
17896,109,107,2,2
17897,106,84,22,22
17898,131,96,35,35
17899,139,122,17,17
17900,77,66,11,11
17901,127,111,16,16
17902,79,83,-4,4
17903,140,127,13,13
17904,63,55,8,8
17905,121,115,6,6
17906,65,56,9,9
17907,146,134,12,12
17908,110,93,17,17
17909,101,97,4,4
17910,35,37,-2,2
17911,105,94,11,11
17912,154,150,4,4
17913,72,64,8,8
17914,98,94,4,4
17915,126,124,2,2
17916,142,124,18,18
17917,98,106,-8,8
17918,82,81,1,1
17919,86,83,3,3
17920,79,66,13,13
17921,111,89,22,22
17922,74,66,8,8
17923,58,52,6,6
17924,48,47,1,1
17925,74,66,8,8
17926,123,110,13,13
17927,40,46,-6,6
17928,80,60,20,20
17929,63,53,10,10
17930,115,91,24,24
17931,107,101,6,6
17932,80,67,13,13
17933,85,78,7,7
17934,166,148,18,18
17935,71,72,-1,1
17936,56,59,-3,3
17937,48,49,-1,1
17938,96,83,13,13
17939,54,49,5,5
17940,124,114,10,10
17941,92,87,5,5
17942,51,51,0,0
17943,62,61,1,1
17944,89,75,14,14
17945,141,120,21,21
17946,87,65,22,22
17947,75,78,-3,3
17948,81,72,9,9
17949,65,76,-11,11
17950,90,74,16,16
17951,85,73,12,12
17952,71,69,2,2
17953,61,60,1,1
17954,104,94,10,10
17955,98,97,1,1
17956,68,64,4,4
17957,77,63,14,14
17958,90,80,10,10
17959,71,75,-4,4
17960,59,64,-5,5
17961,109,91,18,18
17962,105,99,6,6
17963,175,152,23,23
17964,83,82,1,1
17965,139,118,21,21
17966,68,63,5,5
17967,88,84,4,4
17968,75,64,11,11
17969,104,102,2,2
17970,126,105,21,21
17971,91,86,5,5
17972,94,89,5,5
17973,89,78,11,11
17974,41,43,-2,2
17975,91,99,-8,8
17976,81,72,9,9
17977,72,64,8,8
17978,146,120,26,26
17979,80,73,7,7
17980,141,109,32,32
17981,104,89,15,15
17982,111,94,17,17
17983,115,105,10,10
17984,67,58,9,9
17985,132,117,15,15
17986,118,111,7,7
17987,79,68,11,11
17988,67,70,-3,3
17989,158,123,35,35
17990,90,72,18,18
17991,78,69,9,9
17992,52,45,7,7
17993,67,62,5,5
17994,57,61,-4,4
17995,93,87,6,6
17996,73,65,8,8
17997,100,96,4,4
17998,150,125,25,25
17999,68,60,8,8
18000,74,70,4,4
18001,100,93,7,7
18002,92,93,-1,1
18003,101,97,4,4
18004,96,81,15,15
18005,161,139,22,22
18006,71,68,3,3
18007,97,89,8,8
18008,62,54,8,8
18009,70,65,5,5
18010,106,92,14,14
18011,67,68,-1,1
18012,56,61,-5,5
18013,75,65,10,10
18014,47,42,5,5
18015,78,66,12,12
18016,62,52,10,10
18017,68,61,7,7
18018,106,92,14,14
18019,125,105,20,20
18020,84,88,-4,4
18021,107,95,12,12
18022,63,55,8,8
18023,76,80,-4,4
18024,98,81,17,17
18025,139,109,30,30
18026,94,88,6,6
18027,142,126,16,16
18028,121,109,12,12
18029,79,70,9,9
18030,123,115,8,8
18031,82,77,5,5
18032,174,159,15,15
18033,116,115,1,1
18034,51,53,-2,2
18035,157,131,26,26
18036,57,52,5,5
18037,71,59,12,12
18038,30,29,1,1
18039,102,93,9,9
18040,140,118,22,22
18041,156,147,9,9
18042,44,39,5,5
18043,157,138,19,19
18044,91,86,5,5
18045,111,108,3,3
18046,107,103,4,4
18047,83,79,4,4
18048,83,72,11,11
18049,103,90,13,13
18050,84,72,12,12
18051,79,68,11,11
18052,119,96,23,23
18053,66,66,0,0
18054,34,36,-2,2
18055,134,118,16,16
18056,108,96,12,12
18057,60,62,-2,2
18058,33,32,1,1
18059,105,101,4,4
18060,71,69,2,2
18061,92,89,3,3
18062,62,59,3,3
18063,54,53,1,1
18064,85,81,4,4
18065,154,128,26,26
18066,109,95,14,14
18067,120,123,-3,3
18068,55,48,7,7
18069,102,104,-2,2
18070,58,50,8,8
18071,34,34,0,0
18072,91,83,8,8
18073,110,96,14,14
18074,117,99,18,18
18075,102,117,-15,15
18076,95,82,13,13
18077,38,39,-1,1
18078,88,78,10,10
18079,107,89,18,18
18080,113,103,10,10
18081,58,55,3,3
18082,56,55,1,1
18083,68,64,4,4
18084,59,55,4,4
18085,169,161,8,8
18086,70,58,12,12
18087,117,100,17,17
18088,84,73,11,11
18089,150,144,6,6
18090,123,121,2,2
18091,72,68,4,4
18092,108,101,7,7
18093,87,79,8,8
18094,123,135,-12,12
18095,79,74,5,5
18096,112,118,-6,6
18097,77,67,10,10
18098,123,108,15,15
18099,109,110,-1,1
18100,82,66,16,16
18101,57,50,7,7
18102,120,100,20,20
18103,117,115,2,2
18104,53,47,6,6
18105,72,72,0,0
18106,90,77,13,13
18107,92,99,-7,7
18108,88,74,14,14
18109,55,61,-6,6
18110,62,51,11,11
18111,108,103,5,5
18112,85,64,21,21
18113,66,73,-7,7
18114,165,156,9,9
18115,124,123,1,1
18116,75,75,0,0
18117,54,47,7,7
18118,141,130,11,11
18119,67,59,8,8
18120,94,89,5,5
18121,102,99,3,3
18122,119,114,5,5
18123,53,53,0,0
18124,122,123,-1,1
18125,60,58,2,2
18126,88,81,7,7
18127,101,94,7,7
18128,64,59,5,5
18129,48,60,-12,12
18130,75,65,10,10
18131,53,63,-10,10
18132,123,98,25,25
18133,90,82,8,8
18134,137,132,5,5
18135,95,91,4,4
18136,88,97,-9,9
18137,106,105,1,1
18138,155,137,18,18
18139,75,58,17,17
18140,62,57,5,5
18141,91,74,17,17
18142,58,49,9,9
18143,51,55,-4,4
18144,120,112,8,8
18145,94,88,6,6
18146,112,99,13,13
18147,84,91,-7,7
18148,67,65,2,2
18149,83,76,7,7
18150,162,144,18,18
18151,122,110,12,12
18152,36,35,1,1
18153,127,113,14,14
18154,75,80,-5,5
18155,119,95,24,24
18156,147,135,12,12
18157,105,94,11,11
18158,55,50,5,5
18159,90,78,12,12
18160,57,53,4,4
18161,100,94,6,6
18162,63,49,14,14
18163,58,57,1,1
18164,140,132,8,8
18165,107,94,13,13
18166,71,71,0,0
18167,145,137,8,8
18168,64,65,-1,1
18169,94,77,17,17
18170,71,62,9,9
18171,68,66,2,2
18172,109,92,17,17
18173,67,63,4,4
18174,81,74,7,7
18175,101,86,15,15
18176,135,117,18,18
18177,60,50,10,10
18178,154,132,22,22
18179,131,110,21,21
18180,97,82,15,15
18181,65,58,7,7
18182,132,116,16,16
18183,95,90,5,5
18184,97,81,16,16
18185,122,105,17,17
18186,80,77,3,3
18187,89,77,12,12
18188,97,77,20,20
18189,106,98,8,8
18190,101,95,6,6
18191,116,115,1,1
18192,70,80,-10,10
18193,44,39,5,5
18194,149,131,18,18
18195,95,88,7,7
18196,79,70,9,9
18197,114,102,12,12
18198,77,61,16,16
18199,121,103,18,18
18200,80,74,6,6
18201,117,99,18,18
18202,150,130,20,20
18203,85,72,13,13
18204,72,74,-2,2
18205,112,97,15,15
18206,91,81,10,10
18207,61,52,9,9
18208,126,110,16,16
18209,78,69,9,9
18210,129,117,12,12
18211,71,65,6,6
18212,72,72,0,0
18213,166,147,19,19
18214,134,120,14,14
18215,36,32,4,4
18216,63,61,2,2
18217,73,64,9,9
18218,88,83,5,5
18219,88,86,2,2
18220,113,110,3,3
18221,138,122,16,16
18222,88,64,24,24
18223,127,117,10,10
18224,216,198,18,18
18225,108,100,8,8
18226,137,126,11,11
18227,66,75,-9,9
18228,68,68,0,0
18229,100,86,14,14
18230,50,49,1,1
18231,130,120,10,10
18232,100,95,5,5
18233,201,163,38,38
18234,53,48,5,5
18235,65,61,4,4
18236,60,53,7,7
18237,177,158,19,19
18238,88,72,16,16
18239,64,60,4,4
18240,141,133,8,8
18241,87,85,2,2
18242,144,127,17,17
18243,118,96,22,22
18244,84,80,4,4
18245,80,77,3,3
18246,131,126,5,5
18247,61,56,5,5
18248,93,82,11,11
18249,78,80,-2,2
18250,58,50,8,8
18251,99,80,19,19
18252,107,91,16,16
18253,119,109,10,10
18254,104,105,-1,1
18255,87,85,2,2
18256,88,74,14,14
18257,131,119,12,12
18258,126,112,14,14
18259,125,105,20,20
18260,99,98,1,1
18261,127,115,12,12
18262,34,46,-12,12
18263,77,62,15,15
18264,88,82,6,6
18265,106,111,-5,5
18266,104,90,14,14
18267,78,80,-2,2
18268,78,72,6,6
18269,211,180,31,31
18270,68,46,22,22
18271,110,99,11,11
18272,86,76,10,10
18273,102,94,8,8
18274,82,71,11,11
18275,57,51,6,6
18276,106,98,8,8
18277,52,55,-3,3
18278,60,53,7,7
18279,78,74,4,4
18280,66,52,14,14
18281,134,119,15,15
18282,61,59,2,2
18283,88,79,9,9
18284,95,89,6,6
18285,79,73,6,6
18286,109,99,10,10
18287,74,71,3,3
18288,82,67,15,15
18289,77,70,7,7
18290,89,81,8,8
18291,115,100,15,15
18292,64,61,3,3
18293,143,127,16,16
18294,189,167,22,22
18295,27,33,-6,6
18296,82,83,-1,1
18297,127,126,1,1
18298,121,102,19,19
18299,103,95,8,8
18300,55,53,2,2
18301,163,149,14,14
18302,93,86,7,7
18303,95,86,9,9
18304,123,117,6,6
18305,59,56,3,3
18306,112,94,18,18
18307,76,69,7,7
18308,77,75,2,2
18309,62,58,4,4
18310,71,67,4,4
18311,60,53,7,7
18312,141,132,9,9
18313,91,88,3,3
18314,96,83,13,13
18315,58,54,4,4
18316,93,83,10,10
18317,165,156,9,9
18318,199,182,17,17
18319,98,89,9,9
18320,152,142,10,10
18321,81,66,15,15
18322,93,80,13,13
18323,122,106,16,16
18324,83,77,6,6
18325,82,80,2,2
18326,61,56,5,5
18327,87,83,4,4
18328,44,52,-8,8
18329,90,92,-2,2
18330,50,52,-2,2
18331,122,107,15,15
18332,82,75,7,7
18333,101,95,6,6
18334,93,88,5,5
18335,132,110,22,22
18336,111,109,2,2
18337,96,75,21,21
18338,47,45,2,2
18339,113,107,6,6
18340,182,168,14,14
18341,107,115,-8,8
18342,99,99,0,0
18343,72,71,1,1
18344,84,84,0,0
18345,55,53,2,2
18346,154,145,9,9
18347,39,40,-1,1
18348,107,95,12,12
18349,89,85,4,4
18350,114,102,12,12
18351,99,94,5,5
18352,76,73,3,3
18353,61,57,4,4
18354,112,90,22,22
18355,79,72,7,7
18356,81,73,8,8
18357,80,78,2,2
18358,49,56,-7,7
18359,48,38,10,10
18360,113,102,11,11
18361,91,84,7,7
18362,76,70,6,6
18363,144,137,7,7
18364,67,59,8,8
18365,81,65,16,16
18366,111,98,13,13
18367,78,67,11,11
18368,53,52,1,1
18369,77,71,6,6
18370,71,79,-8,8
18371,76,65,11,11
18372,65,58,7,7
18373,90,84,6,6
18374,165,147,18,18
18375,188,172,16,16
18376,58,148,-90,90
18377,81,75,6,6
18378,65,60,5,5
18379,91,85,6,6
18380,116,110,6,6
18381,145,123,22,22
18382,111,96,15,15
18383,146,128,18,18
18384,119,102,17,17
18385,91,87,4,4
18386,116,107,9,9
18387,48,40,8,8
18388,107,107,0,0
18389,63,62,1,1
18390,120,100,20,20
18391,86,76,10,10
18392,93,84,9,9
18393,89,84,5,5
18394,95,85,10,10
18395,90,78,12,12
18396,104,93,11,11
18397,144,133,11,11
18398,119,101,18,18
18399,82,75,7,7
18400,61,66,-5,5
18401,93,90,3,3
18402,142,124,18,18
18403,73,65,8,8
18404,133,109,24,24
18405,128,125,3,3
18406,104,95,9,9
18407,90,81,9,9
18408,88,84,4,4
18409,65,70,-5,5
18410,102,88,14,14
18411,176,149,27,27
18412,90,87,3,3
18413,241,212,29,29
18414,115,92,23,23
18415,69,62,7,7
18416,94,80,14,14
18417,123,110,13,13
18418,96,100,-4,4
18419,90,87,3,3
18420,59,56,3,3
18421,76,66,10,10
18422,72,67,5,5
18423,70,65,5,5
18424,67,56,11,11
18425,83,76,7,7
18426,205,172,33,33
18427,62,61,1,1
18428,214,199,15,15
18429,79,66,13,13
18430,142,122,20,20
18431,88,77,11,11
18432,107,106,1,1
18433,120,104,16,16
18434,108,99,9,9
18435,102,86,16,16
18436,64,62,2,2
18437,86,85,1,1
18438,70,67,3,3
18439,130,103,27,27
18440,97,81,16,16
18441,85,81,4,4
18442,67,58,9,9
18443,142,112,30,30
18444,48,48,0,0
18445,88,76,12,12
18446,123,116,7,7
18447,69,69,0,0
18448,92,84,8,8
18449,69,65,4,4
18450,45,42,3,3
18451,64,59,5,5
18452,84,68,16,16
18453,131,119,12,12
18454,78,73,5,5
18455,32,35,-3,3
18456,85,72,13,13
18457,100,87,13,13
18458,99,78,21,21
18459,125,109,16,16
18460,91,74,17,17
18461,196,178,18,18
18462,94,109,-15,15
18463,54,48,6,6
18464,134,119,15,15
18465,168,141,27,27
18466,64,57,7,7
18467,73,69,4,4
18468,96,83,13,13
18469,82,66,16,16
18470,48,47,1,1
18471,65,64,1,1
18472,121,111,10,10
18473,102,95,7,7
18474,69,58,11,11
18475,92,82,10,10
18476,79,70,9,9
18477,107,101,6,6
18478,76,83,-7,7
18479,73,70,3,3
18480,75,64,11,11
18481,150,142,8,8
18482,149,132,17,17
18483,144,127,17,17
18484,113,101,12,12
18485,62,63,-1,1
18486,108,101,7,7
18487,103,99,4,4
18488,58,59,-1,1
18489,42,49,-7,7
18490,115,92,23,23
18491,58,83,-25,25
18492,115,93,22,22
18493,109,93,16,16
18494,51,40,11,11
18495,70,63,7,7
18496,68,80,-12,12
18497,143,129,14,14
18498,83,67,16,16
18499,116,101,15,15
18500,45,44,1,1
18501,90,78,12,12
18502,67,60,7,7
18503,100,92,8,8
18504,113,106,7,7
18505,30,38,-8,8
18506,98,92,6,6
18507,67,64,3,3
18508,53,52,1,1
18509,105,96,9,9
18510,123,118,5,5
18511,57,52,5,5
18512,125,104,21,21
18513,98,88,10,10
18514,111,101,10,10
18515,122,106,16,16
18516,117,109,8,8
18517,74,69,5,5
18518,84,75,9,9
18519,143,132,11,11
18520,121,105,16,16
18521,121,109,12,12
18522,99,90,9,9
18523,103,87,16,16
18524,104,80,24,24
18525,63,55,8,8
18526,222,183,39,39
18527,113,96,17,17
18528,88,84,4,4
18529,122,94,28,28
18530,109,110,-1,1
18531,72,63,9,9
18532,64,56,8,8
18533,144,124,20,20
18534,82,75,7,7
18535,82,80,2,2
18536,162,144,18,18
18537,112,110,2,2
18538,62,55,7,7
18539,78,85,-7,7
18540,48,44,4,4
18541,90,81,9,9
18542,130,108,22,22
18543,70,66,4,4
18544,141,139,2,2
18545,138,126,12,12
18546,126,89,37,37
18547,71,67,4,4
18548,89,87,2,2
18549,138,127,11,11
18550,70,57,13,13
18551,123,106,17,17
18552,72,67,5,5
18553,107,103,4,4
18554,58,48,10,10
18555,90,79,11,11
18556,136,130,6,6
18557,163,146,17,17
18558,108,93,15,15
18559,83,62,21,21
18560,117,107,10,10
18561,142,126,16,16
18562,69,62,7,7
18563,100,83,17,17
18564,211,180,31,31
18565,148,141,7,7
18566,82,70,12,12
18567,86,83,3,3
18568,201,182,19,19
18569,113,111,2,2
18570,126,117,9,9
18571,64,56,8,8
18572,98,86,12,12
18573,51,48,3,3
18574,93,95,-2,2
18575,60,56,4,4
18576,82,72,10,10
18577,95,104,-9,9
18578,94,76,18,18
18579,81,73,8,8
18580,111,100,11,11
18581,63,65,-2,2
18582,55,52,3,3
18583,142,128,14,14
18584,139,117,22,22
18585,118,104,14,14
18586,209,163,46,46
18587,73,65,8,8
18588,103,97,6,6
18589,118,114,4,4
18590,124,107,17,17
18591,79,85,-6,6
18592,124,108,16,16
18593,129,117,12,12
18594,91,75,16,16
18595,83,83,0,0
18596,120,100,20,20
18597,91,76,15,15
18598,101,89,12,12
18599,117,101,16,16
18600,154,132,22,22
18601,83,77,6,6
18602,113,105,8,8
18603,83,79,4,4
18604,106,104,2,2
18605,47,45,2,2
18606,63,59,4,4
18607,99,87,12,12
18608,47,59,-12,12
18609,111,96,15,15
18610,111,95,16,16
18611,152,134,18,18
18612,91,97,-6,6
18613,111,104,7,7
18614,103,109,-6,6
18615,80,77,3,3
18616,133,116,17,17
18617,83,73,10,10
18618,67,59,8,8
18619,124,120,4,4
18620,93,94,-1,1
18621,80,71,9,9
18622,64,63,1,1
18623,74,74,0,0
18624,92,86,6,6
18625,122,105,17,17
18626,92,97,-5,5
18627,111,103,8,8
18628,148,120,28,28
18629,102,90,12,12
18630,101,91,10,10
18631,89,80,9,9
18632,94,93,1,1
18633,78,70,8,8
18634,88,71,17,17
18635,87,84,3,3
18636,59,46,13,13
18637,75,73,2,2
18638,101,96,5,5
18639,96,95,1,1
18640,64,60,4,4
18641,106,91,15,15
18642,90,81,9,9
18643,95,93,2,2
18644,107,101,6,6
18645,95,89,6,6
18646,78,80,-2,2
18647,124,142,-18,18
18648,142,130,12,12
18649,73,63,10,10
18650,111,100,11,11
18651,92,69,23,23
18652,205,170,35,35
18653,93,75,18,18
18654,87,90,-3,3
18655,43,37,6,6
18656,51,49,2,2
18657,102,94,8,8
18658,85,87,-2,2
18659,152,139,13,13
18660,69,66,3,3
18661,47,46,1,1
18662,52,54,-2,2
18663,94,91,3,3
18664,149,134,15,15
18665,81,64,17,17
18666,96,79,17,17
18667,88,78,10,10
18668,81,71,10,10
18669,129,113,16,16
18670,107,119,-12,12
18671,93,75,18,18
18672,90,83,7,7
18673,72,69,3,3
18674,82,70,12,12
18675,73,68,5,5
18676,102,95,7,7
18677,52,53,-1,1
18678,79,81,-2,2
18679,131,114,17,17
18680,56,50,6,6
18681,58,48,10,10
18682,66,56,10,10
18683,58,57,1,1
18684,76,72,4,4
18685,83,71,12,12
18686,84,76,8,8
18687,100,92,8,8
18688,114,95,19,19
18689,112,105,7,7
18690,104,88,16,16
18691,110,105,5,5
18692,160,155,5,5
18693,98,90,8,8
18694,122,114,8,8
18695,39,37,2,2
18696,120,113,7,7
18697,84,77,7,7
18698,64,77,-13,13
18699,87,87,0,0
18700,102,92,10,10
18701,87,81,6,6
18702,76,64,12,12
18703,132,120,12,12
18704,65,55,10,10
18705,136,113,23,23
18706,87,70,17,17
18707,93,80,13,13
18708,130,112,18,18
18709,96,90,6,6
18710,93,81,12,12
18711,67,69,-2,2
18712,116,104,12,12
18713,81,81,0,0
18714,107,103,4,4
18715,70,55,15,15
18716,113,99,14,14
18717,78,75,3,3
18718,93,80,13,13
18719,62,62,0,0
18720,43,40,3,3
18721,81,70,11,11
18722,85,79,6,6
18723,128,110,18,18
18724,110,105,5,5
18725,37,32,5,5
18726,66,65,1,1
18727,56,49,7,7
18728,95,88,7,7
18729,95,89,6,6
18730,92,84,8,8
18731,99,96,3,3
18732,75,75,0,0
18733,186,153,33,33
18734,30,29,1,1
18735,63,57,6,6
18736,60,45,15,15
18737,38,38,0,0
18738,70,71,-1,1
18739,85,74,11,11
18740,71,48,23,23
18741,122,118,4,4
18742,45,34,11,11
18743,94,81,13,13
18744,133,119,14,14
18745,89,76,13,13
18746,85,71,14,14
18747,80,74,6,6
18748,141,120,21,21
18749,108,99,9,9
18750,39,49,-10,10
18751,85,92,-7,7
18752,99,94,5,5
18753,81,71,10,10
18754,123,114,9,9
18755,98,91,7,7
18756,81,76,5,5
18757,110,104,6,6
18758,64,65,-1,1
18759,75,76,-1,1
18760,59,50,9,9
18761,66,65,1,1
18762,81,65,16,16
18763,92,82,10,10
18764,115,104,11,11
18765,129,123,6,6
18766,99,89,10,10
18767,72,71,1,1
18768,91,86,5,5
18769,69,64,5,5
18770,80,66,14,14
18771,89,85,4,4
18772,92,92,0,0
18773,95,86,9,9
18774,166,141,25,25
18775,61,52,9,9
18776,59,44,15,15
18777,42,50,-8,8
18778,53,53,0,0
18779,101,88,13,13
18780,90,76,14,14
18781,116,99,17,17
18782,83,68,15,15
18783,89,81,8,8
18784,121,110,11,11
18785,74,54,20,20
18786,113,97,16,16
18787,85,81,4,4
18788,137,126,11,11
18789,72,75,-3,3
18790,78,62,16,16
18791,113,113,0,0
18792,144,109,35,35
18793,54,50,4,4
18794,74,64,10,10
18795,72,64,8,8
18796,73,67,6,6
18797,163,136,27,27
18798,96,91,5,5
18799,90,82,8,8
18800,64,58,6,6
18801,61,57,4,4
18802,79,70,9,9
18803,118,112,6,6
18804,70,64,6,6
18805,108,99,9,9
18806,83,97,-14,14
18807,55,49,6,6
18808,139,127,12,12
18809,49,45,4,4
18810,159,137,22,22
18811,30,33,-3,3
18812,111,106,5,5
18813,112,99,13,13
18814,149,143,6,6
18815,104,92,12,12
18816,166,133,33,33
18817,76,65,11,11
18818,128,126,2,2
18819,54,54,0,0
18820,99,91,8,8
18821,53,49,4,4
18822,98,87,11,11
18823,94,89,5,5
18824,144,134,10,10
18825,47,42,5,5
18826,124,121,3,3
18827,137,139,-2,2
18828,55,44,11,11
18829,79,63,16,16
18830,103,96,7,7
18831,67,65,2,2
18832,45,40,5,5
18833,129,109,20,20
18834,33,49,-16,16
18835,108,100,8,8
18836,68,62,6,6
18837,165,142,23,23
18838,108,89,19,19
18839,142,115,27,27
18840,108,105,3,3
18841,56,58,-2,2
18842,73,70,3,3
18843,121,112,9,9
18844,139,133,6,6
18845,124,109,15,15
18846,59,54,5,5
18847,98,108,-10,10
18848,42,38,4,4
18849,94,92,2,2
18850,120,100,20,20
18851,64,62,2,2
18852,52,54,-2,2
18853,193,170,23,23
18854,99,89,10,10
18855,73,75,-2,2
18856,166,131,35,35
18857,116,103,13,13
18858,69,76,-7,7
18859,67,61,6,6
18860,81,66,15,15
18861,112,94,18,18
18862,120,96,24,24
18863,67,54,13,13
18864,105,82,23,23
18865,146,125,21,21
18866,110,92,18,18
18867,90,83,7,7
18868,94,78,16,16
18869,106,111,-5,5
18870,95,85,10,10
18871,112,104,8,8
18872,104,85,19,19
18873,60,62,-2,2
18874,93,72,21,21
18875,171,161,10,10
18876,57,47,10,10
18877,106,90,16,16
18878,83,82,1,1
18879,65,50,15,15
18880,111,103,8,8
18881,117,111,6,6
18882,71,68,3,3
18883,46,47,-1,1
18884,87,96,-9,9
18885,80,69,11,11
18886,58,54,4,4
18887,47,42,5,5
18888,196,161,35,35
18889,100,96,4,4
18890,122,120,2,2
18891,126,115,11,11
18892,61,57,4,4
18893,68,66,2,2
18894,90,90,0,0
18895,96,89,7,7
18896,154,150,4,4
18897,153,143,10,10
18898,83,76,7,7
18899,130,115,15,15
18900,110,93,17,17
18901,122,110,12,12
18902,85,72,13,13
18903,55,51,4,4
18904,85,75,10,10
18905,122,112,10,10
18906,71,63,8,8
18907,149,132,17,17
18908,101,91,10,10
18909,81,84,-3,3
18910,95,88,7,7
18911,120,107,13,13
18912,137,132,5,5
18913,132,133,-1,1
18914,83,66,17,17
18915,121,104,17,17
18916,121,107,14,14
18917,125,128,-3,3
18918,81,78,3,3
18919,137,127,10,10
18920,89,80,9,9
18921,113,100,13,13
18922,23,38,-15,15
18923,123,96,27,27
18924,172,159,13,13
18925,64,57,7,7
18926,122,120,2,2
18927,67,62,5,5
18928,86,77,9,9
18929,42,46,-4,4
18930,126,112,14,14
18931,148,124,24,24
18932,81,68,13,13
18933,78,73,5,5
18934,74,65,9,9
18935,52,51,1,1
18936,67,61,6,6
18937,69,64,5,5
18938,76,77,-1,1
18939,56,53,3,3
18940,103,104,-1,1
18941,86,89,-3,3
18942,67,60,7,7
18943,74,73,1,1
18944,61,54,7,7
18945,42,49,-7,7
18946,106,95,11,11
18947,59,53,6,6
18948,65,56,9,9
18949,148,142,6,6
18950,161,144,17,17
18951,140,123,17,17
18952,140,121,19,19
18953,70,69,1,1
18954,157,133,24,24
18955,70,71,-1,1
18956,110,105,5,5
18957,132,146,-14,14
18958,40,45,-5,5
18959,115,100,15,15
18960,165,152,13,13
18961,46,56,-10,10
18962,108,109,-1,1
18963,145,131,14,14
18964,153,129,24,24
18965,64,60,4,4
18966,104,98,6,6
18967,104,78,26,26
18968,103,85,18,18
18969,99,100,-1,1
18970,58,57,1,1
18971,78,67,11,11
18972,116,107,9,9
18973,95,100,-5,5
18974,77,67,10,10
18975,100,88,12,12
18976,147,130,17,17
18977,73,66,7,7
18978,90,87,3,3
18979,91,83,8,8
18980,136,121,15,15
18981,156,131,25,25
18982,71,64,7,7
18983,65,61,4,4
18984,82,74,8,8
18985,116,104,12,12
18986,134,120,14,14
18987,70,66,4,4
18988,98,87,11,11
18989,194,168,26,26
18990,58,56,2,2
18991,111,141,-30,30
18992,55,51,4,4
18993,105,96,9,9
18994,85,77,8,8
18995,105,88,17,17
18996,83,81,2,2
18997,96,81,15,15
18998,83,74,9,9
18999,153,140,13,13
19000,81,76,5,5
19001,60,59,1,1
19002,137,128,9,9
19003,140,122,18,18
19004,88,85,3,3
19005,124,113,11,11
19006,101,85,16,16
19007,84,71,13,13
19008,99,89,10,10
19009,59,49,10,10
19010,83,85,-2,2
19011,113,115,-2,2
19012,83,80,3,3
19013,65,61,4,4
19014,52,52,0,0
19015,120,115,5,5
19016,102,84,18,18
19017,50,67,-17,17
19018,134,127,7,7
19019,90,81,9,9
19020,79,68,11,11
19021,78,74,4,4
19022,122,104,18,18
19023,69,68,1,1
19024,72,64,8,8
19025,71,66,5,5
19026,112,85,27,27
19027,111,91,20,20
19028,96,93,3,3
19029,96,87,9,9
19030,67,63,4,4
19031,102,96,6,6
19032,71,71,0,0
19033,147,135,12,12
19034,123,118,5,5
19035,89,66,23,23
19036,72,73,-1,1
19037,81,79,2,2
19038,61,55,6,6
19039,79,73,6,6
19040,112,94,18,18
19041,167,160,7,7
19042,74,69,5,5
19043,122,104,18,18
19044,78,80,-2,2
19045,64,61,3,3
19046,72,70,2,2
19047,90,76,14,14
19048,86,73,13,13
19049,122,109,13,13
19050,70,57,13,13
19051,80,73,7,7
19052,55,50,5,5
19053,86,71,15,15
19054,117,108,9,9
19055,95,85,10,10
19056,88,79,9,9
19057,123,102,21,21
19058,102,87,15,15
19059,73,62,11,11
19060,33,33,0,0
19061,133,111,22,22
19062,65,67,-2,2
19063,75,56,19,19
19064,39,34,5,5
19065,119,102,17,17
19066,88,82,6,6
19067,110,89,21,21
19068,59,56,3,3
19069,94,93,1,1
19070,90,79,11,11
19071,64,60,4,4
19072,111,101,10,10
19073,95,88,7,7
19074,77,69,8,8
19075,60,55,5,5
19076,151,137,14,14
19077,90,77,13,13
19078,65,61,4,4
19079,100,101,-1,1
19080,59,55,4,4
19081,89,82,7,7
19082,91,93,-2,2
19083,152,134,18,18
19084,58,52,6,6
19085,98,99,-1,1
19086,111,99,12,12
19087,94,80,14,14
19088,98,94,4,4
19089,99,83,16,16
19090,132,119,13,13
19091,99,108,-9,9
19092,163,161,2,2
19093,105,83,22,22
19094,109,105,4,4
19095,49,43,6,6
19096,97,104,-7,7
19097,153,130,23,23
19098,73,90,-17,17
19099,71,68,3,3
19100,89,78,11,11
19101,110,91,19,19
19102,73,69,4,4
19103,151,121,30,30
19104,146,132,14,14
19105,74,64,10,10
19106,76,63,13,13
19107,57,102,-45,45
19108,96,79,17,17
19109,143,118,25,25
19110,98,78,20,20
19111,74,70,4,4
19112,78,67,11,11
19113,139,145,-6,6
19114,81,78,3,3
19115,74,75,-1,1
19116,81,74,7,7
19117,149,153,-4,4
19118,59,63,-4,4
19119,92,90,2,2
19120,88,76,12,12
19121,94,87,7,7
19122,106,97,9,9
19123,143,116,27,27
19124,61,63,-2,2
19125,84,75,9,9
19126,107,103,4,4
19127,129,123,6,6
19128,80,72,8,8
19129,89,82,7,7
19130,159,140,19,19
19131,44,45,-1,1
19132,116,112,4,4
19133,79,75,4,4
19134,82,70,12,12
19135,77,72,5,5
19136,124,107,17,17
19137,97,94,3,3
19138,62,61,1,1
19139,65,61,4,4
19140,78,66,12,12
19141,105,96,9,9
19142,107,105,2,2
19143,60,57,3,3
19144,63,53,10,10
19145,71,64,7,7
19146,122,114,8,8
19147,76,67,9,9
19148,137,128,9,9
19149,89,82,7,7
19150,87,85,2,2
19151,147,136,11,11
19152,121,123,-2,2
19153,91,76,15,15
19154,62,56,6,6
19155,77,78,-1,1
19156,95,83,12,12
19157,71,66,5,5
19158,129,127,2,2
19159,114,105,9,9
19160,196,171,25,25
19161,113,106,7,7
19162,122,102,20,20
19163,120,104,16,16
19164,104,108,-4,4
19165,99,90,9,9
19166,80,74,6,6
19167,69,68,1,1
19168,100,97,3,3
19169,63,59,4,4
19170,145,125,20,20
19171,55,47,8,8
19172,91,81,10,10
19173,148,129,19,19
19174,75,63,12,12
19175,106,96,10,10
19176,179,152,27,27
19177,86,87,-1,1
19178,72,66,6,6
19179,127,122,5,5
19180,68,59,9,9
19181,69,79,-10,10
19182,136,128,8,8
19183,91,83,8,8
19184,102,97,5,5
19185,128,108,20,20
19186,94,82,12,12
19187,105,94,11,11
19188,146,129,17,17
19189,72,61,11,11
19190,105,96,9,9
19191,137,122,15,15
19192,169,150,19,19
19193,130,140,-10,10
19194,126,116,10,10
19195,125,108,17,17
19196,102,95,7,7
19197,74,66,8,8
19198,74,77,-3,3
19199,97,90,7,7
19200,113,101,12,12
19201,54,50,4,4
19202,127,102,25,25
19203,73,75,-2,2
19204,145,140,5,5
19205,117,104,13,13
19206,123,112,11,11
19207,188,153,35,35
19208,75,74,1,1
19209,76,78,-2,2
19210,45,51,-6,6
19211,86,77,9,9
19212,74,70,4,4
19213,103,103,0,0
19214,140,115,25,25
19215,95,89,6,6
19216,102,98,4,4
19217,34,37,-3,3
19218,101,88,13,13
19219,62,65,-3,3
19220,81,83,-2,2
19221,84,77,7,7
19222,114,116,-2,2
19223,90,75,15,15
19224,66,86,-20,20
19225,98,90,8,8
19226,68,65,3,3
19227,115,101,14,14
19228,101,65,36,36
19229,137,116,21,21
19230,125,115,10,10
19231,84,78,6,6
19232,43,51,-8,8
19233,99,85,14,14
19234,126,118,8,8
19235,97,91,6,6
19236,105,90,15,15
19237,74,71,3,3
19238,108,98,10,10
19239,70,58,12,12
19240,49,48,1,1
19241,133,119,14,14
19242,105,90,15,15
19243,147,137,10,10
19244,98,89,9,9
19245,124,109,15,15
19246,73,69,4,4
19247,78,67,11,11
19248,106,100,6,6
19249,63,56,7,7
19250,87,83,4,4
19251,80,68,12,12
19252,101,90,11,11
19253,80,72,8,8
19254,107,87,20,20
19255,65,64,1,1
19256,62,52,10,10
19257,124,119,5,5
19258,37,37,0,0
19259,109,100,9,9
19260,48,52,-4,4
19261,152,129,23,23
19262,163,150,13,13
19263,126,114,12,12
19264,62,78,-16,16
19265,128,126,2,2
19266,104,94,10,10
19267,110,117,-7,7
19268,79,77,2,2
19269,79,74,5,5
19270,145,130,15,15
19271,74,74,0,0
19272,59,57,2,2
19273,107,100,7,7
19274,88,86,2,2
19275,47,60,-13,13
19276,111,105,6,6
19277,108,93,15,15
19278,133,112,21,21
19279,155,150,5,5
19280,85,80,5,5
19281,135,112,23,23
19282,104,91,13,13
19283,149,142,7,7
19284,78,70,8,8
19285,76,69,7,7
19286,96,90,6,6
19287,130,111,19,19
19288,90,80,10,10
19289,55,71,-16,16
19290,123,121,2,2
19291,65,58,7,7
19292,69,49,20,20
19293,50,49,1,1
19294,51,55,-4,4
19295,81,67,14,14
19296,108,101,7,7
19297,81,75,6,6
19298,42,35,7,7
19299,141,111,30,30
19300,66,68,-2,2
19301,103,93,10,10
19302,147,127,20,20
19303,105,83,22,22
19304,136,106,30,30
19305,58,58,0,0
19306,108,85,23,23
19307,63,57,6,6
19308,116,109,7,7
19309,147,129,18,18
19310,73,62,11,11
19311,92,84,8,8
19312,63,58,5,5
19313,98,89,9,9
19314,153,138,15,15
19315,98,89,9,9
19316,68,67,1,1
19317,70,52,18,18
19318,69,119,-50,50
19319,68,61,7,7
19320,66,60,6,6
19321,83,72,11,11
19322,113,97,16,16
19323,123,101,22,22
19324,39,37,2,2
19325,127,108,19,19
19326,119,113,6,6
19327,80,69,11,11
19328,202,204,-2,2
19329,71,71,0,0
19330,49,49,0,0
19331,73,74,-1,1
19332,90,90,0,0
19333,86,75,11,11
19334,71,76,-5,5
19335,62,61,1,1
19336,89,77,12,12
19337,205,172,33,33
19338,157,127,30,30
19339,95,99,-4,4
19340,54,57,-3,3
19341,86,78,8,8
19342,105,99,6,6
19343,51,53,-2,2
19344,56,51,5,5
19345,142,136,6,6
19346,151,131,20,20
19347,72,62,10,10
19348,71,72,-1,1
19349,73,69,4,4
19350,58,53,5,5
19351,175,184,-9,9
19352,132,119,13,13
19353,102,97,5,5
19354,115,105,10,10
19355,92,93,-1,1
19356,77,68,9,9
19357,113,101,12,12
19358,103,96,7,7
19359,147,149,-2,2
19360,93,102,-9,9
19361,105,99,6,6
19362,95,82,13,13
19363,158,138,20,20
19364,117,108,9,9
19365,113,106,7,7
19366,84,69,15,15
19367,64,64,0,0
19368,98,89,9,9
19369,91,90,1,1
19370,106,86,20,20
19371,57,57,0,0
19372,130,119,11,11
19373,67,68,-1,1
19374,60,58,2,2
19375,80,68,12,12
19376,109,101,8,8
19377,56,75,-19,19
19378,61,66,-5,5
19379,162,146,16,16
19380,105,94,11,11
19381,118,103,15,15
19382,88,78,10,10
19383,61,49,12,12
19384,101,90,11,11
19385,130,127,3,3
19386,116,100,16,16
19387,66,62,4,4
19388,67,50,17,17
19389,68,68,0,0
19390,54,47,7,7
19391,76,69,7,7
19392,91,82,9,9
19393,48,42,6,6
19394,108,100,8,8
19395,50,49,1,1
19396,121,120,1,1
19397,55,50,5,5
19398,99,81,18,18
19399,109,100,9,9
19400,129,109,20,20
19401,59,50,9,9
19402,193,176,17,17
19403,115,104,11,11
19404,168,155,13,13
19405,109,102,7,7
19406,79,81,-2,2
19407,69,59,10,10
19408,124,115,9,9
19409,86,88,-2,2
19410,108,96,12,12
19411,57,55,2,2
19412,69,53,16,16
19413,73,71,2,2
19414,93,94,-1,1
19415,108,96,12,12
19416,47,42,5,5
19417,96,86,10,10
19418,136,134,2,2
19419,62,46,16,16
19420,35,42,-7,7
19421,168,164,4,4
19422,72,60,12,12
19423,53,49,4,4
19424,181,163,18,18
19425,106,93,13,13
19426,110,113,-3,3
19427,71,70,1,1
19428,81,80,1,1
19429,66,62,4,4
19430,96,96,0,0
19431,94,81,13,13
19432,101,81,20,20
19433,56,48,8,8
19434,161,137,24,24
19435,120,105,15,15
19436,90,83,7,7
19437,74,69,5,5
19438,119,105,14,14
19439,120,108,12,12
19440,116,128,-12,12
19441,72,65,7,7
19442,100,84,16,16
19443,72,60,12,12
19444,152,140,12,12
19445,65,67,-2,2
19446,84,74,10,10
19447,100,92,8,8
19448,116,94,22,22
19449,88,83,5,5
19450,94,94,0,0
19451,76,68,8,8
19452,70,70,0,0
19453,72,81,-9,9
19454,114,103,11,11
19455,95,88,7,7
19456,88,74,14,14
19457,103,101,2,2
19458,82,75,7,7
19459,66,70,-4,4
19460,126,106,20,20
19461,215,204,11,11
19462,127,115,12,12
19463,71,62,9,9
19464,106,85,21,21
19465,125,116,9,9
19466,98,85,13,13
19467,80,86,-6,6
19468,76,72,4,4
19469,126,114,12,12
19470,45,44,1,1
19471,98,89,9,9
19472,75,67,8,8
19473,76,62,14,14
19474,103,99,4,4
19475,149,134,15,15
19476,110,104,6,6
19477,71,67,4,4
19478,121,117,4,4
19479,86,81,5,5
19480,44,39,5,5
19481,126,118,8,8
19482,145,121,24,24
19483,94,95,-1,1
19484,49,51,-2,2
19485,99,87,12,12
19486,75,80,-5,5
19487,77,87,-10,10
19488,65,65,0,0
19489,117,104,13,13
19490,87,74,13,13
19491,87,90,-3,3
19492,138,129,9,9
19493,66,58,8,8
19494,100,80,20,20
19495,107,90,17,17
19496,82,99,-17,17
19497,76,75,1,1
19498,67,62,5,5
19499,40,43,-3,3
19500,88,87,1,1
19501,184,157,27,27
19502,92,74,18,18
19503,134,127,7,7
19504,105,96,9,9
19505,112,105,7,7
19506,70,62,8,8
19507,70,69,1,1
19508,57,56,1,1
19509,120,112,8,8
19510,98,95,3,3
19511,115,99,16,16
19512,84,87,-3,3
19513,97,86,11,11
19514,85,77,8,8
19515,67,65,2,2
19516,93,78,15,15
19517,123,110,13,13
19518,52,92,-40,40
19519,113,101,12,12
19520,63,59,4,4
19521,97,84,13,13
19522,103,91,12,12
19523,91,92,-1,1
19524,74,70,4,4
19525,110,110,0,0
19526,162,145,17,17
19527,98,88,10,10
19528,103,89,14,14
19529,96,97,-1,1
19530,35,33,2,2
19531,85,83,2,2
19532,69,64,5,5
19533,80,67,13,13
19534,60,53,7,7
19535,87,96,-9,9
19536,77,70,7,7
19537,139,121,18,18
19538,51,48,3,3
19539,122,103,19,19
19540,125,108,17,17
19541,63,51,12,12
19542,125,105,20,20
19543,85,88,-3,3
19544,112,103,9,9
19545,58,58,0,0
19546,104,94,10,10
19547,120,105,15,15
19548,43,43,0,0
19549,90,95,-5,5
19550,29,26,3,3
19551,92,78,14,14
19552,99,80,19,19
19553,55,55,0,0
19554,66,56,10,10
19555,78,69,9,9
19556,67,55,12,12
19557,91,74,17,17
19558,143,119,24,24
19559,86,86,0,0
19560,57,62,-5,5
19561,96,80,16,16
19562,101,104,-3,3
19563,58,48,10,10
19564,113,97,16,16
19565,44,41,3,3
19566,140,112,28,28
19567,150,139,11,11
19568,117,113,4,4
19569,86,81,5,5
19570,99,82,17,17
19571,114,96,18,18
19572,81,71,10,10
19573,64,54,10,10
19574,132,125,7,7
19575,82,75,7,7
19576,141,126,15,15
19577,68,75,-7,7
19578,137,118,19,19
19579,75,62,13,13
19580,71,65,6,6
19581,59,45,14,14
19582,45,38,7,7
19583,70,61,9,9
19584,107,97,10,10
19585,59,54,5,5
19586,41,39,2,2
19587,65,65,0,0
19588,50,44,6,6
19589,88,83,5,5
19590,114,103,11,11
19591,64,51,13,13
19592,154,140,14,14
19593,64,62,2,2
19594,46,59,-13,13
19595,120,108,12,12
19596,80,74,6,6
19597,52,47,5,5
19598,88,99,-11,11
19599,65,82,-17,17
19600,49,50,-1,1
19601,82,87,-5,5
19602,108,106,2,2
19603,59,58,1,1
19604,68,63,5,5
19605,99,83,16,16
19606,100,93,7,7
19607,100,83,17,17
19608,156,141,15,15
19609,91,89,2,2
19610,152,133,19,19
19611,125,106,19,19
19612,60,54,6,6
19613,43,45,-2,2
19614,48,41,7,7
19615,94,91,3,3
19616,70,61,9,9
19617,52,46,6,6
19618,70,65,5,5
19619,154,135,19,19
19620,133,124,9,9
19621,72,65,7,7
19622,79,81,-2,2
19623,111,107,4,4
19624,72,64,8,8
19625,147,142,5,5
19626,94,82,12,12
19627,41,40,1,1
19628,79,80,-1,1
19629,61,57,4,4
19630,68,66,2,2
19631,70,62,8,8
19632,80,78,2,2
19633,58,60,-2,2
19634,45,42,3,3
19635,187,157,30,30
19636,84,77,7,7
19637,76,70,6,6
19638,154,136,18,18
19639,139,122,17,17
19640,173,154,19,19
19641,75,62,13,13
19642,148,131,17,17
19643,174,153,21,21
19644,100,100,0,0
19645,29,29,0,0
19646,102,87,15,15
19647,67,65,2,2
19648,51,45,6,6
19649,133,103,30,30
19650,36,35,1,1
19651,66,59,7,7
19652,65,52,13,13
19653,73,69,4,4
19654,151,134,17,17
19655,87,74,13,13
19656,138,133,5,5
19657,65,60,5,5
19658,97,88,9,9
19659,84,78,6,6
19660,171,151,20,20
19661,110,98,12,12
19662,120,103,17,17
19663,99,88,11,11
19664,135,130,5,5
19665,90,82,8,8
19666,70,61,9,9
19667,99,96,3,3
19668,58,55,3,3
19669,109,121,-12,12
19670,77,71,6,6
19671,74,64,10,10
19672,134,127,7,7
19673,130,104,26,26
19674,65,61,4,4
19675,109,96,13,13
19676,75,74,1,1
19677,125,117,8,8
19678,99,88,11,11
19679,147,134,13,13
19680,160,139,21,21
19681,49,43,6,6
19682,62,62,0,0
19683,332,287,45,45
19684,127,113,14,14
19685,34,30,4,4
19686,145,126,19,19
19687,108,96,12,12
19688,66,63,3,3
19689,65,63,2,2
19690,157,135,22,22
19691,89,76,13,13
19692,97,97,0,0
19693,116,104,12,12
19694,102,93,9,9
19695,118,115,3,3
19696,161,146,15,15
19697,97,85,12,12
19698,40,35,5,5
19699,63,60,3,3
19700,70,73,-3,3
19701,83,72,11,11
19702,100,96,4,4
19703,76,68,8,8
19704,105,96,9,9
19705,72,77,-5,5
19706,69,77,-8,8
19707,136,130,6,6
19708,126,100,26,26
19709,130,125,5,5
19710,116,110,6,6
19711,87,76,11,11
19712,100,94,6,6
19713,100,89,11,11
19714,55,51,4,4
19715,92,85,7,7
19716,101,89,12,12
19717,149,141,8,8
19718,98,81,17,17
19719,89,84,5,5
19720,40,51,-11,11
19721,91,79,12,12
19722,103,96,7,7
19723,88,74,14,14
19724,76,83,-7,7
19725,43,48,-5,5
19726,60,51,9,9
19727,165,140,25,25
19728,148,138,10,10
19729,114,102,12,12
19730,97,80,17,17
19731,141,132,9,9
19732,82,84,-2,2
19733,89,80,9,9
19734,141,131,10,10
19735,31,37,-6,6
19736,87,91,-4,4
19737,83,81,2,2
19738,64,61,3,3
19739,68,70,-2,2
19740,75,64,11,11
19741,102,93,9,9
19742,54,51,3,3
19743,108,103,5,5
19744,104,82,22,22
19745,132,124,8,8
19746,77,67,10,10
19747,130,119,11,11
19748,46,40,6,6
19749,83,35,48,48
19750,79,77,2,2
19751,180,151,29,29
19752,118,116,2,2
19753,105,104,1,1
19754,93,89,4,4
19755,81,69,12,12
19756,61,60,1,1
19757,142,131,11,11
19758,93,88,5,5
19759,100,94,6,6
19760,146,125,21,21
19761,64,61,3,3
19762,116,104,12,12
19763,55,54,1,1
19764,55,56,-1,1
19765,86,89,-3,3
19766,90,79,11,11
19767,146,133,13,13
19768,55,48,7,7
19769,76,71,5,5
19770,48,51,-3,3
19771,84,69,15,15
19772,62,56,6,6
19773,93,81,12,12
19774,104,93,11,11
19775,108,103,5,5
19776,83,82,1,1
19777,57,49,8,8
19778,76,68,8,8
19779,100,120,-20,20
19780,96,91,5,5
19781,124,87,37,37
19782,55,63,-8,8
19783,61,58,3,3
19784,104,91,13,13
19785,70,67,3,3
19786,94,78,16,16
19787,64,63,1,1
19788,113,107,6,6
19789,92,88,4,4
19790,136,130,6,6
19791,115,94,21,21
19792,103,104,-1,1
19793,84,80,4,4
19794,60,58,2,2
19795,83,104,-21,21
19796,127,115,12,12
19797,137,115,22,22
19798,64,51,13,13
19799,180,157,23,23
19800,144,122,22,22
19801,82,71,11,11
19802,89,75,14,14
19803,122,121,1,1
19804,85,80,5,5
19805,127,109,18,18
19806,86,73,13,13
19807,81,80,1,1
19808,102,86,16,16
19809,104,71,33,33
19810,47,43,4,4
19811,163,137,26,26
19812,102,91,11,11
19813,152,125,27,27
19814,139,117,22,22
19815,88,70,18,18
19816,57,49,8,8
19817,79,66,13,13
19818,60,45,15,15
19819,104,89,15,15
19820,92,81,11,11
19821,74,65,9,9
19822,94,83,11,11
19823,102,102,0,0
19824,109,95,14,14
19825,86,76,10,10
19826,85,70,15,15
19827,86,73,13,13
19828,158,133,25,25
19829,78,70,8,8
19830,72,63,9,9
19831,127,115,12,12
19832,81,76,5,5
19833,99,92,7,7
19834,64,63,1,1
19835,137,133,4,4
19836,99,95,4,4
19837,74,73,1,1
19838,80,81,-1,1
19839,99,101,-2,2
19840,95,93,2,2
19841,48,47,1,1
19842,77,71,6,6
19843,88,87,1,1
19844,99,91,8,8
19845,87,71,16,16
19846,75,73,2,2
19847,103,99,4,4
19848,190,172,18,18
19849,88,64,24,24
19850,85,81,4,4
19851,59,48,11,11
19852,63,72,-9,9
19853,85,79,6,6
19854,67,80,-13,13
19855,76,74,2,2
19856,115,105,10,10
19857,62,57,5,5
19858,61,61,0,0
19859,147,134,13,13
19860,153,136,17,17
19861,68,56,12,12
19862,106,103,3,3
19863,79,72,7,7
19864,165,142,23,23
19865,63,54,9,9
19866,106,100,6,6
19867,74,71,3,3
19868,135,120,15,15
19869,76,75,1,1
19870,113,110,3,3
19871,77,72,5,5
19872,67,64,3,3
19873,93,101,-8,8
19874,170,152,18,18
19875,77,77,0,0
19876,88,76,12,12
19877,103,92,11,11
19878,85,79,6,6
19879,82,68,14,14
19880,70,71,-1,1
19881,94,97,-3,3
19882,44,47,-3,3
19883,103,86,17,17
19884,99,93,6,6
19885,67,59,8,8
19886,56,57,-1,1
19887,94,88,6,6
19888,77,72,5,5
19889,68,62,6,6
19890,125,105,20,20
19891,110,100,10,10
19892,102,83,19,19
19893,57,48,9,9
19894,68,79,-11,11
19895,75,69,6,6
19896,101,88,13,13
19897,57,48,9,9
19898,93,99,-6,6
19899,52,39,13,13
19900,57,55,2,2
19901,123,104,19,19
19902,111,110,1,1
19903,62,61,1,1
19904,89,93,-4,4
19905,114,97,17,17
19906,45,46,-1,1
19907,79,69,10,10
19908,134,115,19,19
19909,101,88,13,13
19910,92,84,8,8
19911,74,65,9,9
19912,95,84,11,11
19913,49,52,-3,3
19914,86,73,13,13
19915,50,62,-12,12
19916,55,52,3,3
19917,49,46,3,3
19918,87,84,3,3
19919,59,59,0,0
19920,108,102,6,6
19921,88,83,5,5
19922,118,117,1,1
19923,108,95,13,13
19924,38,67,-29,29
19925,94,84,10,10
19926,35,31,4,4
19927,114,106,8,8
19928,124,104,20,20
19929,108,106,2,2
19930,129,130,-1,1
19931,69,66,3,3
19932,108,105,3,3
19933,66,66,0,0
19934,62,56,6,6
19935,107,101,6,6
19936,65,59,6,6
19937,169,141,28,28
19938,115,103,12,12
19939,116,108,8,8
19940,87,82,5,5
19941,62,55,7,7
19942,128,111,17,17
19943,126,121,5,5
19944,139,133,6,6
19945,217,181,36,36
19946,147,139,8,8
19947,117,100,17,17
19948,181,167,14,14
19949,101,116,-15,15
19950,66,67,-1,1
19951,77,67,10,10
19952,110,101,9,9
19953,186,168,18,18
19954,60,55,5,5
19955,68,64,4,4
19956,125,118,7,7
19957,52,48,4,4
19958,75,68,7,7
19959,109,102,7,7
19960,44,42,2,2
19961,123,118,5,5
19962,123,108,15,15
19963,69,60,9,9
19964,51,49,2,2
19965,148,123,25,25
19966,104,84,20,20
19967,64,56,8,8
19968,82,84,-2,2
19969,82,70,12,12
19970,135,128,7,7
19971,54,53,1,1
19972,88,70,18,18
19973,88,76,12,12
19974,102,92,10,10
19975,45,46,-1,1
19976,85,76,9,9
19977,117,96,21,21
19978,124,108,16,16
19979,60,56,4,4
19980,40,52,-12,12
19981,133,121,12,12
19982,101,95,6,6
19983,80,69,11,11
19984,90,100,-10,10
19985,85,80,5,5
19986,68,62,6,6
19987,150,141,9,9
19988,86,72,14,14
19989,105,103,2,2
19990,45,42,3,3
19991,149,148,1,1
19992,74,71,3,3
19993,40,40,0,0
19994,75,74,1,1
19995,47,43,4,4
19996,70,69,1,1
19997,56,51,5,5
19998,46,44,2,2
19999,98,95,3,3
20000,107,94,13,13
20001,121,103,18,18
20002,192,177,15,15
20003,50,48,2,2
20004,62,72,-10,10
20005,93,84,9,9
20006,96,82,14,14
20007,72,66,6,6
20008,134,128,6,6
20009,98,88,10,10
20010,159,129,30,30
20011,115,100,15,15
20012,54,50,4,4
20013,60,56,4,4
20014,80,74,6,6
20015,103,96,7,7
20016,89,76,13,13
20017,118,110,8,8
20018,109,98,11,11
20019,65,69,-4,4
20020,62,63,-1,1
20021,100,89,11,11
20022,127,124,3,3
20023,54,53,1,1
20024,113,96,17,17
20025,122,105,17,17
20026,140,118,22,22
20027,71,61,10,10
20028,86,85,1,1
20029,94,92,2,2
20030,124,110,14,14
20031,59,54,5,5
20032,115,102,13,13
20033,61,53,8,8
20034,65,50,15,15
20035,79,73,6,6
20036,122,105,17,17
20037,97,94,3,3
20038,64,63,1,1
20039,107,92,15,15
20040,109,101,8,8
20041,70,64,6,6
20042,63,55,8,8
20043,104,95,9,9
20044,88,70,18,18
20045,91,85,6,6
20046,136,128,8,8
20047,67,62,5,5
20048,65,58,7,7
20049,97,91,6,6
20050,114,107,7,7
20051,122,124,-2,2
20052,76,64,12,12
20053,96,90,6,6
20054,90,75,15,15
20055,68,59,9,9
20056,78,73,5,5
20057,158,132,26,26
20058,77,75,2,2
20059,65,59,6,6
20060,126,109,17,17
20061,102,86,16,16
20062,96,81,15,15
20063,120,117,3,3
20064,44,43,1,1
20065,68,66,2,2
20066,170,158,12,12
20067,40,37,3,3
20068,43,48,-5,5
20069,95,79,16,16
20070,114,97,17,17
20071,60,58,2,2
20072,35,38,-3,3
20073,70,64,6,6
20074,126,118,8,8
20075,68,61,7,7
20076,137,133,4,4
20077,154,118,36,36
20078,139,129,10,10
20079,103,91,12,12
20080,82,68,14,14
20081,94,93,1,1
20082,136,116,20,20
20083,81,65,16,16
20084,51,43,8,8
20085,126,115,11,11
20086,89,116,-27,27
20087,88,85,3,3
20088,77,61,16,16
20089,83,79,4,4
20090,77,64,13,13
20091,84,76,8,8
20092,82,65,17,17
20093,65,58,7,7
20094,113,95,18,18
20095,78,81,-3,3
20096,54,51,3,3
20097,94,97,-3,3
20098,59,60,-1,1
20099,117,115,2,2
20100,78,61,17,17
20101,48,37,11,11
20102,54,56,-2,2
20103,99,95,4,4
20104,71,64,7,7
20105,136,118,18,18
20106,45,47,-2,2
20107,84,81,3,3
20108,82,78,4,4
20109,45,45,0,0
20110,125,94,31,31
20111,50,48,2,2
20112,71,66,5,5
20113,89,75,14,14
20114,61,62,-1,1
20115,105,89,16,16
20116,143,130,13,13
20117,185,158,27,27
20118,48,47,1,1
20119,98,92,6,6
20120,38,42,-4,4
20121,92,78,14,14
20122,139,128,11,11
20123,99,82,17,17
20124,106,97,9,9
20125,60,66,-6,6
20126,96,73,23,23
20127,138,134,4,4
20128,83,79,4,4
20129,152,114,38,38
20130,115,110,5,5
20131,84,83,1,1
20132,133,116,17,17
20133,128,116,12,12
20134,78,71,7,7
20135,93,86,7,7
20136,105,95,10,10
20137,90,85,5,5
20138,205,152,53,53
20139,80,74,6,6
20140,80,73,7,7
20141,118,91,27,27
20142,60,64,-4,4
20143,101,89,12,12
20144,95,85,10,10
20145,130,132,-2,2
20146,113,100,13,13
20147,79,81,-2,2
20148,88,81,7,7
20149,109,95,14,14
20150,98,87,11,11
20151,70,63,7,7
20152,92,80,12,12
20153,157,155,2,2
20154,44,52,-8,8
20155,95,82,13,13
20156,87,73,14,14
20157,109,83,26,26
20158,111,104,7,7
20159,86,76,10,10
20160,149,139,10,10
20161,111,97,14,14
20162,45,43,2,2
20163,150,139,11,11
20164,89,73,16,16
20165,67,71,-4,4
20166,87,82,5,5
20167,150,128,22,22
20168,124,98,26,26
20169,96,87,9,9
20170,125,116,9,9
20171,116,118,-2,2
20172,80,67,13,13
20173,156,124,32,32
20174,159,151,8,8
20175,108,98,10,10
20176,90,82,8,8
20177,117,98,19,19
20178,139,121,18,18
20179,87,79,8,8
20180,79,67,12,12
20181,103,97,6,6
20182,157,134,23,23
20183,159,158,1,1
20184,46,73,-27,27
20185,84,78,6,6
20186,62,65,-3,3
20187,99,94,5,5
20188,62,59,3,3
20189,87,92,-5,5
20190,186,174,12,12
20191,104,89,15,15
20192,83,74,9,9
20193,82,74,8,8
20194,82,76,6,6
20195,116,110,6,6
20196,48,43,5,5
20197,72,73,-1,1
20198,81,74,7,7
20199,89,89,0,0
20200,66,62,4,4
20201,99,93,6,6
20202,97,85,12,12
20203,83,74,9,9
20204,57,50,7,7
20205,95,87,8,8
20206,81,74,7,7
20207,77,81,-4,4
20208,65,57,8,8
20209,109,99,10,10
20210,58,51,7,7
20211,38,41,-3,3
20212,109,101,8,8
20213,128,114,14,14
20214,68,56,12,12
20215,134,121,13,13
20216,80,76,4,4
20217,197,175,22,22
20218,105,97,8,8
20219,78,71,7,7
20220,99,107,-8,8
20221,88,81,7,7
20222,105,94,11,11
20223,63,67,-4,4
20224,76,97,-21,21
20225,80,75,5,5
20226,68,68,0,0
20227,97,88,9,9
20228,107,94,13,13
20229,96,72,24,24
20230,120,117,3,3
20231,110,97,13,13
20232,67,62,5,5
20233,154,131,23,23
20234,133,112,21,21
20235,98,82,16,16
20236,93,83,10,10
20237,93,84,9,9
20238,95,92,3,3
20239,96,84,12,12
20240,66,63,3,3
20241,54,51,3,3
20242,89,80,9,9
20243,165,141,24,24
20244,189,173,16,16
20245,62,63,-1,1
20246,49,47,2,2
20247,59,54,5,5
20248,82,73,9,9
20249,75,70,5,5
20250,121,105,16,16
20251,116,95,21,21
20252,185,172,13,13
20253,139,126,13,13
20254,73,72,1,1
20255,147,139,8,8
20256,109,109,0,0
20257,119,108,11,11
20258,83,71,12,12
20259,122,117,5,5
20260,84,84,0,0
20261,130,114,16,16
20262,137,133,4,4
20263,96,91,5,5
20264,81,72,9,9
20265,123,107,16,16
20266,83,64,19,19
20267,104,92,12,12
20268,121,97,24,24
20269,130,115,15,15
20270,104,92,12,12
20271,107,92,15,15
20272,121,103,18,18
20273,76,73,3,3
20274,59,55,4,4
20275,127,120,7,7
20276,179,174,5,5
20277,70,68,2,2
20278,83,78,5,5
20279,83,77,6,6
20280,52,61,-9,9
20281,58,60,-2,2
20282,116,108,8,8
20283,57,60,-3,3
20284,107,96,11,11
20285,164,152,12,12
20286,110,96,14,14
20287,101,92,9,9
20288,159,141,18,18
20289,103,104,-1,1
20290,133,131,2,2
20291,59,70,-11,11
20292,93,97,-4,4
20293,129,111,18,18
20294,49,58,-9,9
20295,98,89,9,9
20296,100,87,13,13
20297,131,122,9,9
20298,140,134,6,6
20299,87,83,4,4
20300,138,120,18,18
20301,145,135,10,10
20302,124,111,13,13
20303,111,100,11,11
20304,128,110,18,18
20305,83,64,19,19
20306,90,92,-2,2
20307,96,87,9,9
20308,160,144,16,16
20309,75,72,3,3
20310,83,83,0,0
20311,115,103,12,12
20312,78,77,1,1
20313,91,83,8,8
20314,60,53,7,7
20315,92,82,10,10
20316,107,88,19,19
20317,94,95,-1,1
20318,75,100,-25,25
20319,60,54,6,6
20320,58,61,-3,3
20321,103,98,5,5
20322,68,63,5,5
20323,141,120,21,21
20324,89,90,-1,1
20325,172,148,24,24
20326,147,135,12,12
20327,94,77,17,17
20328,128,117,11,11
20329,76,71,5,5
20330,97,82,15,15
20331,110,102,8,8
20332,89,81,8,8
20333,72,59,13,13
20334,104,102,2,2
20335,82,94,-12,12
20336,87,78,9,9
20337,96,84,12,12
20338,94,98,-4,4
20339,158,146,12,12
20340,102,91,11,11
20341,62,63,-1,1
20342,53,55,-2,2
20343,98,88,10,10
20344,96,85,11,11
20345,79,77,2,2
20346,131,108,23,23
20347,44,46,-2,2
20348,102,85,17,17
20349,69,67,2,2
20350,106,104,2,2
20351,128,126,2,2
20352,49,50,-1,1
20353,123,107,16,16
20354,191,156,35,35
20355,116,98,18,18
20356,127,112,15,15
20357,42,40,2,2
20358,124,95,29,29
20359,92,93,-1,1
20360,143,123,20,20
20361,68,63,5,5
20362,111,96,15,15
20363,120,121,-1,1
20364,93,81,12,12
20365,46,48,-2,2
20366,116,104,12,12
20367,84,76,8,8
20368,39,40,-1,1
20369,70,56,14,14
20370,59,66,-7,7
20371,107,119,-12,12
20372,59,52,7,7
20373,115,101,14,14
20374,92,95,-3,3
20375,105,107,-2,2
20376,110,93,17,17
20377,60,54,6,6
20378,119,99,20,20
20379,106,105,1,1
20380,90,81,9,9
20381,63,61,2,2
20382,103,90,13,13
20383,105,104,1,1
20384,98,89,9,9
20385,48,47,1,1
20386,110,123,-13,13
20387,119,96,23,23
20388,86,82,4,4
20389,82,92,-10,10
20390,65,56,9,9
20391,89,81,8,8
20392,118,115,3,3
20393,146,124,22,22
20394,65,67,-2,2
20395,125,114,11,11
20396,87,79,8,8
20397,89,88,1,1
20398,75,68,7,7
20399,87,77,10,10
20400,130,122,8,8
20401,51,49,2,2
20402,129,125,4,4
20403,81,72,9,9
20404,80,63,17,17
20405,66,65,1,1
20406,47,46,1,1
20407,103,97,6,6
20408,77,80,-3,3
20409,60,62,-2,2
20410,133,119,14,14
20411,66,61,5,5
20412,161,141,20,20
20413,101,95,6,6
20414,80,78,2,2
20415,124,120,4,4
20416,140,128,12,12
20417,120,100,20,20
20418,141,124,17,17
20419,90,83,7,7
20420,54,55,-1,1
20421,63,53,10,10
20422,115,109,6,6
20423,59,63,-4,4
20424,68,65,3,3
20425,51,48,3,3
20426,56,55,1,1
20427,69,74,-5,5
20428,71,68,3,3
20429,103,99,4,4
20430,94,90,4,4
20431,157,159,-2,2
20432,122,104,18,18
20433,111,104,7,7
20434,120,121,-1,1
20435,103,85,18,18
20436,62,58,4,4
20437,130,121,9,9
20438,81,73,8,8
20439,166,135,31,31
20440,79,77,2,2
20441,90,90,0,0
20442,91,87,4,4
20443,44,41,3,3
20444,87,86,1,1
20445,117,105,12,12
20446,101,99,2,2
20447,106,107,-1,1
20448,102,85,17,17
20449,74,67,7,7
20450,175,151,24,24
20451,71,75,-4,4
20452,122,107,15,15
20453,165,150,15,15
20454,134,120,14,14
20455,192,151,41,41
20456,80,66,14,14
20457,65,57,8,8
20458,105,100,5,5
20459,121,106,15,15
20460,84,78,6,6
20461,106,98,8,8
20462,91,79,12,12
20463,174,164,10,10
20464,64,55,9,9
20465,58,57,1,1
20466,76,62,14,14
20467,70,69,1,1
20468,143,129,14,14
20469,92,84,8,8
20470,94,89,5,5
20471,95,82,13,13
20472,119,103,16,16
20473,101,87,14,14
20474,110,99,11,11
20475,144,142,2,2
20476,129,131,-2,2
20477,79,69,10,10
20478,99,95,4,4
20479,85,75,10,10
20480,142,120,22,22
20481,77,78,-1,1
20482,62,59,3,3
20483,122,114,8,8
20484,106,102,4,4
20485,52,44,8,8
20486,79,71,8,8
20487,95,79,16,16
20488,77,77,0,0
20489,89,81,8,8
20490,70,66,4,4
20491,97,86,11,11
20492,100,102,-2,2
20493,79,67,12,12
20494,138,128,10,10
20495,123,105,18,18
20496,152,121,31,31
20497,135,121,14,14
20498,83,77,6,6
20499,118,98,20,20
20500,91,80,11,11
20501,83,79,4,4
20502,77,71,6,6
20503,69,64,5,5
20504,68,64,4,4
20505,139,123,16,16
20506,171,153,18,18
20507,80,73,7,7
20508,83,73,10,10
20509,108,95,13,13
20510,92,88,4,4
20511,59,56,3,3
20512,74,65,9,9
20513,62,57,5,5
20514,138,123,15,15
20515,55,50,5,5
20516,85,75,10,10
20517,77,69,8,8
20518,39,33,6,6
20519,65,62,3,3
20520,109,107,2,2
20521,91,87,4,4
20522,74,64,10,10
20523,74,71,3,3
20524,154,137,17,17
20525,153,135,18,18
20526,40,31,9,9
20527,110,102,8,8
20528,63,56,7,7
20529,114,100,14,14
20530,114,113,1,1
20531,62,66,-4,4
20532,81,66,15,15
20533,49,48,1,1
20534,63,55,8,8
20535,93,83,10,10
20536,76,65,11,11
20537,146,135,11,11
20538,87,74,13,13
20539,162,142,20,20
20540,91,90,1,1
20541,107,115,-8,8
20542,82,82,0,0
20543,97,88,9,9
20544,42,39,3,3
20545,81,75,6,6
20546,115,101,14,14
20547,120,105,15,15
20548,62,59,3,3
20549,131,128,3,3
20550,82,78,4,4
20551,59,58,1,1
20552,127,124,3,3
20553,100,83,17,17
20554,92,80,12,12
20555,55,56,-1,1
20556,111,98,13,13
20557,92,84,8,8
20558,111,105,6,6
20559,189,152,37,37
20560,93,74,19,19
20561,61,53,8,8
20562,50,43,7,7
20563,62,59,3,3
20564,46,46,0,0
20565,145,138,7,7
20566,82,78,4,4
20567,83,75,8,8
20568,78,70,8,8
20569,69,59,10,10
20570,117,93,24,24
20571,142,126,16,16
20572,111,102,9,9
20573,72,63,9,9
20574,95,83,12,12
20575,141,116,25,25
20576,179,157,22,22
20577,85,83,2,2
20578,286,229,57,57
20579,87,75,12,12
20580,93,84,9,9
20581,87,75,12,12
20582,49,49,0,0
20583,87,80,7,7
20584,143,107,36,36
20585,98,103,-5,5
20586,70,65,5,5
20587,112,108,4,4
20588,53,53,0,0
20589,55,53,2,2
20590,88,77,11,11
20591,113,107,6,6
20592,86,78,8,8
20593,59,39,20,20
20594,62,55,7,7
20595,71,72,-1,1
20596,102,115,-13,13
20597,69,70,-1,1
20598,117,107,10,10
20599,79,71,8,8
20600,131,123,8,8
20601,45,44,1,1
20602,81,75,6,6
20603,62,70,-8,8
20604,82,81,1,1
20605,86,78,8,8
20606,52,45,7,7
20607,79,76,3,3
20608,108,92,16,16
20609,62,62,0,0
20610,94,86,8,8
20611,74,79,-5,5
20612,136,117,19,19
20613,151,127,24,24
20614,145,142,3,3
20615,99,89,10,10
20616,169,170,-1,1
20617,69,67,2,2
20618,54,52,2,2
20619,93,77,16,16
20620,106,98,8,8
20621,77,71,6,6
20622,100,103,-3,3
20623,96,99,-3,3
20624,56,51,5,5
20625,99,86,13,13
20626,115,110,5,5
20627,90,83,7,7
20628,56,58,-2,2
20629,83,70,13,13
20630,117,100,17,17
20631,75,72,3,3
20632,88,78,10,10
20633,80,72,8,8
20634,150,120,30,30
20635,126,101,25,25
20636,92,82,10,10
20637,117,104,13,13
20638,75,72,3,3
20639,92,76,16,16
20640,72,68,4,4
20641,45,44,1,1
20642,55,64,-9,9
20643,123,123,0,0
20644,127,108,19,19
20645,128,121,7,7
20646,161,145,16,16
20647,130,115,15,15
20648,87,73,14,14
20649,223,169,54,54
20650,79,74,5,5
20651,155,132,23,23
20652,77,76,1,1
20653,82,68,14,14
20654,101,98,3,3
20655,89,88,1,1
20656,106,101,5,5
20657,68,51,17,17
20658,98,91,7,7
20659,102,98,4,4
20660,88,71,17,17
20661,102,91,11,11
20662,173,147,26,26
20663,52,58,-6,6
20664,114,104,10,10
20665,85,69,16,16
20666,86,75,11,11
20667,77,66,11,11
20668,81,74,7,7
20669,89,75,14,14
20670,149,127,22,22
20671,68,70,-2,2
20672,77,68,9,9
20673,83,76,7,7
20674,71,64,7,7
20675,71,66,5,5
20676,91,90,1,1
20677,56,59,-3,3
20678,80,76,4,4
20679,129,108,21,21
20680,95,87,8,8
20681,114,95,19,19
20682,149,128,21,21
20683,74,65,9,9
20684,84,67,17,17
20685,72,62,10,10
20686,119,109,10,10
20687,82,68,14,14
20688,94,109,-15,15
20689,89,91,-2,2
20690,45,43,2,2
20691,77,59,18,18
20692,169,159,10,10
20693,100,78,22,22
20694,114,98,16,16
20695,95,84,11,11
20696,97,104,-7,7
20697,224,193,31,31
20698,96,91,5,5
20699,66,62,4,4
20700,97,86,11,11
20701,113,102,11,11
20702,107,103,4,4
20703,59,64,-5,5
20704,148,147,1,1
20705,66,45,21,21
20706,151,144,7,7
20707,87,74,13,13
20708,119,101,18,18
20709,63,54,9,9
20710,122,105,17,17
20711,75,65,10,10
20712,142,125,17,17
20713,33,33,0,0
20714,86,80,6,6
20715,33,35,-2,2
20716,144,113,31,31
20717,124,109,15,15
20718,77,73,4,4
20719,144,131,13,13
20720,88,86,2,2
20721,87,85,2,2
20722,45,41,4,4
20723,104,84,20,20
20724,70,67,3,3
20725,87,78,9,9
20726,139,129,10,10
20727,136,126,10,10
20728,85,69,16,16
20729,106,102,4,4
20730,134,118,16,16
20731,98,86,12,12
20732,77,73,4,4
20733,131,122,9,9
20734,125,136,-11,11
20735,76,70,6,6
20736,110,96,14,14
20737,123,106,17,17
20738,56,43,13,13
20739,62,61,1,1
20740,59,54,5,5
20741,96,96,0,0
20742,107,91,16,16
20743,126,122,4,4
20744,114,107,7,7
20745,85,82,3,3
20746,63,54,9,9
20747,59,68,-9,9
20748,80,68,12,12
20749,93,81,12,12
20750,82,81,1,1
20751,73,63,10,10
20752,133,120,13,13
20753,145,121,24,24
20754,78,71,7,7
20755,89,79,10,10
20756,81,74,7,7
20757,100,92,8,8
20758,129,127,2,2
20759,80,76,4,4
20760,122,108,14,14
20761,26,39,-13,13
20762,151,137,14,14
20763,118,116,2,2
20764,146,124,22,22
20765,75,70,5,5
20766,80,96,-16,16
20767,52,58,-6,6
20768,128,104,24,24
20769,76,84,-8,8
20770,73,68,5,5
20771,55,58,-3,3
20772,94,86,8,8
20773,115,99,16,16
20774,70,67,3,3
20775,125,104,21,21
20776,50,40,10,10
20777,90,86,4,4
20778,110,98,12,12
20779,120,115,5,5
20780,62,62,0,0
20781,78,82,-4,4
20782,132,121,11,11
20783,46,43,3,3
20784,140,140,0,0
20785,97,85,12,12
20786,53,48,5,5
20787,93,89,4,4
20788,145,123,22,22
20789,84,81,3,3
20790,121,114,7,7
20791,124,116,8,8
20792,65,57,8,8
20793,129,127,2,2
20794,111,101,10,10
20795,81,65,16,16
20796,87,65,22,22
20797,64,64,0,0
20798,92,83,9,9
20799,74,67,7,7
20800,78,70,8,8
20801,72,75,-3,3
20802,101,94,7,7
20803,35,36,-1,1
20804,171,148,23,23
20805,54,42,12,12
20806,155,159,-4,4
20807,151,140,11,11
20808,45,43,2,2
20809,87,80,7,7
20810,115,100,15,15
20811,75,63,12,12
20812,89,83,6,6
20813,134,115,19,19
20814,65,62,3,3
20815,51,48,3,3
20816,33,33,0,0
20817,85,90,-5,5
20818,114,100,14,14
20819,120,111,9,9
20820,83,79,4,4
20821,106,102,4,4
20822,41,42,-1,1
20823,101,109,-8,8
20824,134,117,17,17
20825,132,119,13,13
20826,53,36,17,17
20827,89,77,12,12
20828,120,116,4,4
20829,106,105,1,1
20830,165,146,19,19
20831,59,65,-6,6
20832,77,69,8,8
20833,105,91,14,14
20834,113,107,6,6
20835,85,79,6,6
20836,57,50,7,7
20837,101,102,-1,1
20838,109,98,11,11
20839,129,122,7,7
20840,75,80,-5,5
20841,143,128,15,15
20842,48,48,0,0
20843,115,112,3,3
20844,57,99,-42,42
20845,76,68,8,8
20846,79,73,6,6
20847,107,97,10,10
20848,61,62,-1,1
20849,134,125,9,9
20850,93,83,10,10
20851,141,132,9,9
20852,81,68,13,13
20853,65,68,-3,3
20854,148,133,15,15
20855,70,73,-3,3
20856,78,81,-3,3
20857,46,44,2,2
20858,108,101,7,7
20859,94,89,5,5
20860,165,151,14,14
20861,83,86,-3,3
20862,131,119,12,12
20863,91,78,13,13
20864,86,109,-23,23
20865,99,94,5,5
20866,111,89,22,22
20867,93,82,11,11
20868,82,63,19,19
20869,60,64,-4,4
20870,89,77,12,12
20871,153,143,10,10
20872,102,93,9,9
20873,92,91,1,1
20874,102,90,12,12
20875,118,117,1,1
20876,75,65,10,10
20877,176,160,16,16
20878,129,116,13,13
20879,69,75,-6,6
20880,83,75,8,8
20881,124,110,14,14
20882,68,56,12,12
20883,102,94,8,8
20884,63,57,6,6
20885,96,104,-8,8
20886,120,120,0,0
20887,75,75,0,0
20888,111,104,7,7
20889,181,154,27,27
20890,82,75,7,7
20891,132,118,14,14
20892,48,65,-17,17
20893,75,70,5,5
20894,64,59,5,5
20895,41,39,2,2
20896,64,70,-6,6
20897,97,89,8,8
20898,77,77,0,0
20899,91,81,10,10
20900,51,47,4,4
20901,68,64,4,4
20902,121,118,3,3
20903,86,76,10,10
20904,59,59,0,0
20905,107,97,10,10
20906,84,83,1,1
20907,55,50,5,5
20908,76,85,-9,9
20909,93,78,15,15
20910,40,38,2,2
20911,118,93,25,25
20912,156,147,9,9
20913,126,113,13,13
20914,74,65,9,9
20915,96,91,5,5
20916,121,113,8,8
20917,76,63,13,13
20918,122,126,-4,4
20919,89,76,13,13
20920,59,51,8,8
20921,84,66,18,18
20922,83,72,11,11
20923,73,62,11,11
20924,63,56,7,7
20925,64,65,-1,1
20926,125,105,20,20
20927,101,84,17,17
20928,122,124,-2,2
20929,63,59,4,4
20930,107,99,8,8
20931,68,62,6,6
20932,74,66,8,8
20933,102,98,4,4
20934,119,115,4,4
20935,106,87,19,19
20936,66,61,5,5
20937,87,81,6,6
20938,85,75,10,10
20939,66,55,11,11
20940,145,132,13,13
20941,180,149,31,31
20942,75,72,3,3
20943,63,67,-4,4
20944,144,134,10,10
20945,66,63,3,3
20946,49,35,14,14
20947,98,90,8,8
20948,77,63,14,14
20949,105,94,11,11
20950,81,94,-13,13
20951,92,77,15,15
20952,104,102,2,2
20953,151,137,14,14
20954,51,49,2,2
20955,124,125,-1,1
20956,84,75,9,9
20957,58,56,2,2
20958,108,94,14,14
20959,41,41,0,0
20960,151,133,18,18
20961,113,93,20,20
20962,138,124,14,14
20963,70,68,2,2
20964,106,99,7,7
20965,95,94,1,1
20966,121,115,6,6
20967,66,59,7,7
20968,98,87,11,11
20969,70,67,3,3
20970,142,128,14,14
20971,139,131,8,8
20972,62,57,5,5
20973,138,137,1,1
20974,70,66,4,4
20975,138,106,32,32
20976,105,91,14,14
20977,61,54,7,7
20978,113,110,3,3
20979,173,140,33,33
20980,94,81,13,13
20981,90,78,12,12
20982,112,102,10,10
20983,43,40,3,3
20984,140,133,7,7
20985,197,187,10,10
20986,116,99,17,17
20987,229,193,36,36
20988,119,108,11,11
20989,80,62,18,18
20990,115,110,5,5
20991,61,64,-3,3
20992,41,42,-1,1
20993,101,86,15,15
20994,185,171,14,14
20995,46,41,5,5
20996,221,192,29,29
20997,113,99,14,14
20998,60,56,4,4
20999,116,89,27,27
21000,125,113,12,12
21001,99,90,9,9
21002,97,107,-10,10
21003,171,145,26,26
21004,79,75,4,4
21005,73,68,5,5
21006,80,81,-1,1
21007,148,127,21,21
21008,111,117,-6,6
21009,110,107,3,3
21010,84,85,-1,1
21011,60,62,-2,2
21012,94,81,13,13
21013,57,55,2,2
21014,118,108,10,10
21015,115,107,8,8
21016,118,120,-2,2
21017,133,113,20,20
21018,67,64,3,3
21019,148,134,14,14
21020,34,84,-50,50
21021,59,52,7,7
21022,71,64,7,7
21023,59,53,6,6
21024,58,64,-6,6
21025,61,52,9,9
21026,105,93,12,12
21027,144,131,13,13
21028,135,122,13,13
21029,120,108,12,12
21030,180,165,15,15
21031,177,145,32,32
21032,115,121,-6,6
21033,138,120,18,18
21034,113,89,24,24
21035,97,86,11,11
21036,88,75,13,13
21037,108,112,-4,4
21038,106,93,13,13
21039,81,70,11,11
21040,105,95,10,10
21041,30,30,0,0
21042,97,91,6,6
21043,39,34,5,5
21044,57,49,8,8
21045,92,104,-12,12
21046,85,70,15,15
21047,94,78,16,16
21048,165,143,22,22
21049,119,115,4,4
21050,120,107,13,13
21051,139,118,21,21
21052,42,39,3,3
21053,78,73,5,5
21054,78,73,5,5
21055,73,61,12,12
21056,84,76,8,8
21057,159,139,20,20
21058,84,77,7,7
21059,133,117,16,16
21060,87,85,2,2
21061,147,126,21,21
21062,83,73,10,10
21063,51,35,16,16
21064,107,97,10,10
21065,62,56,6,6
21066,94,80,14,14
21067,62,58,4,4
21068,79,74,5,5
21069,177,143,34,34
21070,104,78,26,26
21071,85,87,-2,2
21072,100,88,12,12
21073,69,64,5,5
21074,119,114,5,5
21075,90,70,20,20
21076,82,71,11,11
21077,54,47,7,7
21078,115,94,21,21
21079,74,63,11,11
21080,113,100,13,13
21081,56,50,6,6
21082,68,69,-1,1
21083,195,170,25,25
21084,150,123,27,27
21085,62,67,-5,5
21086,71,66,5,5
21087,81,71,10,10
21088,131,121,10,10
21089,90,78,12,12
21090,86,86,0,0
21091,168,163,5,5
21092,101,88,13,13
21093,109,96,13,13
21094,71,97,-26,26
21095,67,59,8,8
21096,115,101,14,14
21097,95,86,9,9
21098,84,72,12,12
21099,74,76,-2,2
21100,69,58,11,11
21101,63,66,-3,3
21102,127,112,15,15
21103,82,81,1,1
21104,78,68,10,10
21105,78,72,6,6
21106,147,129,18,18
21107,96,84,12,12
21108,72,75,-3,3
21109,65,59,6,6
21110,107,102,5,5
21111,119,101,18,18
21112,101,88,13,13
21113,162,139,23,23
21114,119,108,11,11
21115,93,90,3,3
21116,102,94,8,8
21117,145,131,14,14
21118,94,82,12,12
21119,83,78,5,5
21120,166,144,22,22
21121,63,61,2,2
21122,90,82,8,8
21123,53,50,3,3
21124,103,97,6,6
21125,117,102,15,15
21126,99,88,11,11
21127,44,34,10,10
21128,149,132,17,17
21129,104,94,10,10
21130,225,205,20,20
21131,101,92,9,9
21132,101,93,8,8
21133,76,64,12,12
21134,80,71,9,9
21135,70,60,10,10
21136,130,99,31,31
21137,148,128,20,20
21138,70,75,-5,5
21139,137,136,1,1
21140,59,52,7,7
21141,71,67,4,4
21142,134,119,15,15
21143,116,99,17,17
21144,104,93,11,11
21145,63,64,-1,1
21146,61,56,5,5
21147,89,106,-17,17
21148,61,53,8,8
21149,97,89,8,8
21150,102,90,12,12
21151,63,58,5,5
21152,165,147,18,18
21153,88,88,0,0
21154,112,91,21,21
21155,90,81,9,9
21156,179,163,16,16
21157,89,85,4,4
21158,19,19,0,0
21159,123,109,14,14
21160,111,126,-15,15
21161,89,76,13,13
21162,86,89,-3,3
21163,92,85,7,7
21164,93,80,13,13
21165,91,81,10,10
21166,70,65,5,5
21167,105,98,7,7
21168,85,73,12,12
21169,78,66,12,12
21170,112,105,7,7
21171,96,89,7,7
21172,54,53,1,1
21173,121,100,21,21
21174,131,117,14,14
21175,66,64,2,2
21176,61,61,0,0
21177,80,72,8,8
21178,89,78,11,11
21179,74,60,14,14
21180,65,71,-6,6
21181,101,99,2,2
21182,97,81,16,16
21183,108,102,6,6
21184,96,95,1,1
21185,132,117,15,15
21186,62,52,10,10
21187,82,66,16,16
21188,154,129,25,25
21189,82,76,6,6
21190,50,47,3,3
21191,68,58,10,10
21192,124,119,5,5
21193,74,66,8,8
21194,149,138,11,11
21195,59,56,3,3
21196,56,50,6,6
21197,58,53,5,5
21198,151,147,4,4
21199,113,101,12,12
21200,74,88,-14,14
21201,71,60,11,11
21202,86,75,11,11
21203,65,58,7,7
21204,69,69,0,0
21205,161,145,16,16
21206,89,83,6,6
21207,36,36,0,0
21208,55,47,8,8
21209,97,85,12,12
21210,89,74,15,15
21211,64,55,9,9
21212,98,92,6,6
21213,89,78,11,11
21214,44,37,7,7
21215,162,146,16,16
21216,126,122,4,4
21217,82,75,7,7
21218,77,81,-4,4
21219,81,75,6,6
21220,137,126,11,11
21221,69,64,5,5
21222,86,76,10,10
21223,67,65,2,2
21224,101,87,14,14
21225,74,71,3,3
21226,71,63,8,8
21227,66,61,5,5
21228,104,100,4,4
21229,111,118,-7,7
21230,86,84,2,2
21231,96,87,9,9
21232,79,69,10,10
21233,183,175,8,8
21234,89,77,12,12
21235,133,117,16,16
21236,80,73,7,7
21237,72,66,6,6
21238,109,87,22,22
21239,107,95,12,12
21240,84,73,11,11
21241,67,58,9,9
21242,102,90,12,12
21243,66,176,-110,110
21244,132,126,6,6
21245,103,96,7,7
21246,91,84,7,7
21247,111,107,4,4
21248,110,98,12,12
21249,156,148,8,8
21250,44,36,8,8
21251,48,44,4,4
21252,79,79,0,0
21253,58,47,11,11
21254,134,114,20,20
21255,105,97,8,8
21256,79,68,11,11
21257,124,152,-28,28
21258,109,90,19,19
21259,79,65,14,14
21260,66,66,0,0
21261,93,78,15,15
21262,93,85,8,8
21263,85,88,-3,3
21264,92,83,9,9
21265,103,97,6,6
21266,104,92,12,12
21267,108,100,8,8
21268,82,72,10,10
21269,92,88,4,4
21270,41,37,4,4
21271,47,45,2,2
21272,79,75,4,4
21273,101,101,0,0
21274,66,64,2,2
21275,83,71,12,12
21276,89,74,15,15
21277,55,52,3,3
21278,137,123,14,14
21279,92,78,14,14
21280,131,119,12,12
21281,99,87,12,12
21282,100,99,1,1
21283,82,69,13,13
21284,57,53,4,4
21285,74,71,3,3
21286,79,73,6,6
21287,83,72,11,11
21288,118,104,14,14
21289,133,146,-13,13
21290,129,116,13,13
21291,70,77,-7,7
21292,145,128,17,17
21293,149,110,39,39
21294,113,111,2,2
21295,56,57,-1,1
21296,44,39,5,5
21297,89,90,-1,1
21298,90,85,5,5
21299,74,63,11,11
21300,117,99,18,18
21301,65,54,11,11
21302,48,45,3,3
21303,92,81,11,11
21304,72,64,8,8
21305,83,74,9,9
21306,63,60,3,3
21307,135,126,9,9
21308,147,143,4,4
21309,142,142,0,0
21310,122,103,19,19
21311,77,69,8,8
21312,106,96,10,10
21313,65,65,0,0
21314,70,61,9,9
21315,124,108,16,16
21316,100,89,11,11
21317,56,49,7,7
21318,72,60,12,12
21319,83,73,10,10
21320,66,60,6,6
21321,45,43,2,2
21322,162,151,11,11
21323,85,77,8,8
21324,115,107,8,8
21325,122,113,9,9
21326,72,64,8,8
21327,68,64,4,4
21328,65,60,5,5
21329,84,75,9,9
21330,161,134,27,27
21331,149,129,20,20
21332,109,99,10,10
21333,57,57,0,0
21334,85,72,13,13
21335,100,89,11,11
21336,171,126,45,45
21337,73,72,1,1
21338,78,73,5,5
21339,67,72,-5,5
21340,122,124,-2,2
21341,84,71,13,13
21342,171,144,27,27
21343,87,82,5,5
21344,140,114,26,26
21345,86,89,-3,3
21346,85,85,0,0
21347,50,46,4,4
21348,78,74,4,4
21349,67,55,12,12
21350,81,70,11,11
21351,75,70,5,5
21352,91,86,5,5
21353,119,110,9,9
21354,138,124,14,14
21355,58,51,7,7
21356,137,120,17,17
21357,88,86,2,2
21358,122,108,14,14
21359,106,91,15,15
21360,101,92,9,9
21361,88,84,4,4
21362,83,69,14,14
21363,80,70,10,10
21364,111,103,8,8
21365,183,165,18,18
21366,73,64,9,9
21367,97,85,12,12
21368,55,57,-2,2
21369,116,114,2,2
21370,78,71,7,7
21371,99,89,10,10
21372,141,121,20,20
21373,56,50,6,6
21374,65,60,5,5
21375,72,65,7,7
21376,99,68,31,31
21377,96,80,16,16
21378,69,67,2,2
21379,94,98,-4,4
21380,98,79,19,19
21381,55,55,0,0
21382,107,100,7,7
21383,68,59,9,9
21384,84,82,2,2
21385,65,58,7,7
21386,177,146,31,31
21387,62,54,8,8
21388,182,155,27,27
21389,72,46,26,26
21390,151,135,16,16
21391,80,70,10,10
21392,122,115,7,7
21393,136,117,19,19
21394,141,129,12,12
21395,88,76,12,12
21396,88,75,13,13
21397,127,117,10,10
21398,92,87,5,5
21399,74,64,10,10
21400,111,98,13,13
21401,204,189,15,15
21402,111,93,18,18
21403,59,52,7,7
21404,129,108,21,21
21405,107,91,16,16
21406,104,89,15,15
21407,76,73,3,3
21408,113,110,3,3
21409,110,101,9,9
21410,69,58,11,11
21411,67,63,4,4
21412,85,76,9,9
21413,94,85,9,9
21414,93,82,11,11
21415,90,81,9,9
21416,61,45,16,16
21417,56,48,8,8
21418,114,98,16,16
21419,71,60,11,11
21420,86,81,5,5
21421,114,107,7,7
21422,50,45,5,5
21423,155,139,16,16
21424,108,108,0,0
21425,104,81,23,23
21426,89,76,13,13
21427,75,65,10,10
21428,149,140,9,9
21429,94,80,14,14
21430,63,70,-7,7
21431,127,125,2,2
21432,103,95,8,8
21433,90,74,16,16
21434,64,60,4,4
21435,144,124,20,20
21436,119,102,17,17
21437,45,48,-3,3
21438,78,69,9,9
21439,45,50,-5,5
21440,113,105,8,8
21441,89,86,3,3
21442,122,115,7,7
21443,93,85,8,8
21444,54,51,3,3
21445,89,74,15,15
21446,85,75,10,10
21447,101,93,8,8
21448,132,135,-3,3
21449,47,41,6,6
21450,83,72,11,11
21451,89,73,16,16
21452,77,64,13,13
21453,150,126,24,24
21454,130,106,24,24
21455,85,79,6,6
21456,114,100,14,14
21457,155,141,14,14
21458,63,56,7,7
21459,94,89,5,5
21460,42,37,5,5
21461,138,132,6,6
21462,78,74,4,4
21463,79,73,6,6
21464,95,87,8,8
21465,80,63,17,17
21466,80,84,-4,4
21467,39,41,-2,2
21468,143,124,19,19
21469,88,77,11,11
21470,47,46,1,1
21471,70,64,6,6
21472,174,152,22,22
21473,148,135,13,13
21474,185,157,28,28
21475,122,121,1,1
21476,138,125,13,13
21477,99,87,12,12
21478,50,48,2,2
21479,104,87,17,17
21480,69,62,7,7
21481,127,114,13,13
21482,59,60,-1,1
21483,89,80,9,9
21484,81,79,2,2
21485,64,64,0,0
21486,124,114,10,10
21487,75,74,1,1
21488,102,90,12,12
21489,156,136,20,20
21490,81,75,6,6
21491,90,77,13,13
21492,58,66,-8,8
21493,153,126,27,27
21494,100,88,12,12
21495,133,113,20,20
21496,133,118,15,15
21497,68,68,0,0
21498,104,94,10,10
21499,74,67,7,7
21500,138,119,19,19
21501,83,79,4,4
21502,125,130,-5,5
21503,98,89,9,9
21504,92,79,13,13
21505,39,39,0,0
21506,93,86,7,7
21507,47,53,-6,6
21508,72,64,8,8
21509,138,119,19,19
21510,81,75,6,6
21511,102,94,8,8
21512,146,131,15,15
21513,80,72,8,8
21514,76,64,12,12
21515,130,131,-1,1
21516,138,115,23,23
21517,69,68,1,1
21518,134,112,22,22
21519,73,70,3,3
21520,55,55,0,0
21521,68,67,1,1
21522,78,85,-7,7
21523,85,78,7,7
21524,118,110,8,8
21525,80,73,7,7
21526,153,147,6,6
21527,81,66,15,15
21528,85,76,9,9
21529,117,105,12,12
21530,126,118,8,8
21531,34,34,0,0
21532,72,60,12,12
21533,138,123,15,15
21534,82,78,4,4
21535,113,108,5,5
21536,63,64,-1,1
21537,80,64,16,16
21538,67,59,8,8
21539,117,121,-4,4
21540,120,103,17,17
21541,75,68,7,7
21542,117,103,14,14
21543,103,98,5,5
21544,149,148,1,1
21545,169,159,10,10
21546,85,86,-1,1
21547,91,78,13,13
21548,121,114,7,7
21549,95,102,-7,7
21550,123,119,4,4
21551,36,42,-6,6
21552,71,63,8,8
21553,106,94,12,12
21554,101,82,19,19
21555,60,71,-11,11
21556,68,58,10,10
21557,76,68,8,8
21558,91,79,12,12
21559,84,77,7,7
21560,97,90,7,7
21561,75,71,4,4
21562,44,41,3,3
21563,78,56,22,22
21564,55,51,4,4
21565,106,109,-3,3
21566,125,111,14,14
21567,185,156,29,29
21568,148,161,-13,13
21569,156,131,25,25
21570,128,114,14,14
21571,96,85,11,11
21572,99,86,13,13
21573,63,65,-2,2
21574,78,76,2,2
21575,162,129,33,33
21576,75,66,9,9
21577,103,91,12,12
21578,110,94,16,16
21579,116,104,12,12
21580,51,48,3,3
21581,126,114,12,12
21582,37,42,-5,5
21583,109,95,14,14
21584,115,111,4,4
21585,70,60,10,10
21586,94,98,-4,4
21587,113,102,11,11
21588,91,82,9,9
21589,71,70,1,1
21590,55,51,4,4
21591,63,64,-1,1
21592,59,54,5,5
21593,81,74,7,7
21594,135,130,5,5
21595,95,83,12,12
21596,67,70,-3,3
21597,80,74,6,6
21598,73,78,-5,5
21599,98,84,14,14
21600,104,86,18,18
21601,63,50,13,13
21602,60,53,7,7
21603,117,105,12,12
21604,60,55,5,5
21605,127,116,11,11
21606,121,96,25,25
21607,118,106,12,12
21608,80,71,9,9
21609,77,71,6,6
21610,104,87,17,17
21611,182,189,-7,7
21612,90,84,6,6
21613,49,43,6,6
21614,86,78,8,8
21615,88,79,9,9
21616,114,97,17,17
21617,56,49,7,7
21618,66,54,12,12
21619,68,69,-1,1
21620,88,81,7,7
21621,45,67,-22,22
21622,231,203,28,28
21623,136,118,18,18
21624,69,62,7,7
21625,123,122,1,1
21626,60,51,9,9
21627,72,67,5,5
21628,84,82,2,2
21629,123,112,11,11
21630,58,61,-3,3
21631,58,52,6,6
21632,71,65,6,6
21633,97,82,15,15
21634,61,56,5,5
21635,57,55,2,2
21636,172,154,18,18
21637,62,58,4,4
21638,112,109,3,3
21639,126,112,14,14
21640,85,75,10,10
21641,105,104,1,1
21642,100,91,9,9
21643,117,119,-2,2
21644,76,78,-2,2
21645,85,77,8,8
21646,187,151,36,36
21647,145,130,15,15
21648,64,65,-1,1
21649,107,95,12,12
21650,140,124,16,16
21651,46,47,-1,1
21652,63,55,8,8
21653,93,85,8,8
21654,111,102,9,9
21655,60,52,8,8
21656,120,103,17,17
21657,67,65,2,2
21658,157,142,15,15
21659,133,121,12,12
21660,112,113,-1,1
21661,119,120,-1,1
21662,86,76,10,10
21663,128,120,8,8
21664,109,97,12,12
21665,133,118,15,15
21666,62,53,9,9
21667,167,147,20,20
21668,122,104,18,18
21669,42,38,4,4
21670,66,58,8,8
21671,110,99,11,11
21672,84,86,-2,2
21673,115,107,8,8
21674,174,153,21,21
21675,85,77,8,8
21676,100,89,11,11
21677,56,54,2,2
21678,72,61,11,11
21679,87,81,6,6
21680,70,85,-15,15
21681,76,66,10,10
21682,89,79,10,10
21683,69,63,6,6
21684,175,149,26,26
21685,191,162,29,29
21686,66,56,10,10
21687,145,136,9,9
21688,127,106,21,21
21689,54,47,7,7
21690,70,60,10,10
21691,67,60,7,7
21692,77,69,8,8
21693,119,117,2,2
21694,38,47,-9,9
21695,77,72,5,5
21696,49,48,1,1
21697,63,69,-6,6
21698,40,34,6,6
21699,69,72,-3,3
21700,35,38,-3,3
21701,93,77,16,16
21702,61,69,-8,8
21703,50,43,7,7
21704,113,107,6,6
21705,123,101,22,22
21706,75,67,8,8
21707,94,83,11,11
21708,71,70,1,1
21709,114,105,9,9
21710,68,59,9,9
21711,129,129,0,0
21712,61,49,12,12
21713,92,81,11,11
21714,76,61,15,15
21715,106,86,20,20
21716,123,109,14,14
21717,89,83,6,6
21718,88,86,2,2
21719,48,49,-1,1
21720,87,84,3,3
21721,53,57,-4,4
21722,120,104,16,16
21723,105,99,6,6
21724,117,100,17,17
21725,128,113,15,15
21726,173,148,25,25
21727,85,77,8,8
21728,97,80,17,17
21729,101,89,12,12
21730,67,66,1,1
21731,71,66,5,5
21732,89,73,16,16
21733,85,88,-3,3
21734,83,75,8,8
21735,78,66,12,12
21736,76,67,9,9
21737,115,104,11,11
21738,68,58,10,10
21739,75,62,13,13
21740,106,83,23,23
21741,76,70,6,6
21742,123,106,17,17
21743,82,76,6,6
21744,82,78,4,4
21745,162,148,14,14
21746,64,61,3,3
21747,66,52,14,14
21748,48,39,9,9
21749,86,81,5,5
21750,59,58,1,1
21751,118,104,14,14
21752,75,68,7,7
21753,138,118,20,20
21754,50,42,8,8
21755,96,77,19,19
21756,68,64,4,4
21757,83,79,4,4
21758,93,100,-7,7
21759,78,77,1,1
21760,45,40,5,5
21761,85,76,9,9
21762,123,102,21,21
21763,42,43,-1,1
21764,84,75,9,9
21765,123,110,13,13
21766,45,49,-4,4
21767,88,81,7,7
21768,85,74,11,11
21769,79,62,17,17
21770,75,68,7,7
21771,125,115,10,10
21772,33,44,-11,11
21773,84,79,5,5
21774,117,113,4,4
21775,79,72,7,7
21776,190,171,19,19
21777,112,105,7,7
21778,86,83,3,3
21779,115,101,14,14
21780,74,65,9,9
21781,85,79,6,6
21782,28,30,-2,2
21783,45,44,1,1
21784,115,104,11,11
21785,92,80,12,12
21786,78,66,12,12
21787,129,118,11,11
21788,119,98,21,21
21789,78,70,8,8
21790,78,62,16,16
21791,211,176,35,35
21792,95,92,3,3
21793,101,89,12,12
21794,163,141,22,22
21795,168,142,26,26
21796,109,98,11,11
21797,98,97,1,1
21798,61,58,3,3
21799,131,125,6,6
21800,74,68,6,6
21801,66,68,-2,2
21802,130,114,16,16
21803,71,64,7,7
21804,135,128,7,7
21805,88,74,14,14
21806,150,155,-5,5
21807,152,121,31,31
21808,117,90,27,27
21809,133,122,11,11
21810,77,71,6,6
21811,75,64,11,11
21812,63,58,5,5
21813,73,62,11,11
21814,72,65,7,7
21815,62,70,-8,8
21816,98,93,5,5
21817,103,88,15,15
21818,167,172,-5,5
21819,73,74,-1,1
21820,68,57,11,11
21821,104,93,11,11
21822,96,92,4,4
21823,165,149,16,16
21824,128,118,10,10
21825,147,129,18,18
21826,139,128,11,11
21827,156,133,23,23
21828,86,83,3,3
21829,78,70,8,8
21830,78,67,11,11
21831,89,78,11,11
21832,115,99,16,16
21833,122,110,12,12
21834,47,54,-7,7
21835,60,64,-4,4
21836,87,92,-5,5
21837,77,71,6,6
21838,115,95,20,20
21839,105,87,18,18
21840,120,109,11,11
21841,95,90,5,5
21842,103,90,13,13
21843,57,49,8,8
21844,132,115,17,17
21845,118,100,18,18
21846,134,109,25,25
21847,85,86,-1,1
21848,130,128,2,2
21849,107,104,3,3
21850,112,97,15,15
21851,63,58,5,5
21852,176,154,22,22
21853,83,72,11,11
21854,88,88,0,0
21855,141,113,28,28
21856,121,107,14,14
21857,119,101,18,18
21858,51,53,-2,2
21859,60,57,3,3
21860,103,80,23,23
21861,122,107,15,15
21862,79,71,8,8
21863,103,87,16,16
21864,86,73,13,13
21865,58,58,0,0
21866,103,97,6,6
21867,89,76,13,13
21868,94,80,14,14
21869,115,108,7,7
21870,151,153,-2,2
21871,97,87,10,10
21872,88,75,13,13
21873,78,72,6,6
21874,79,67,12,12
21875,51,40,11,11
21876,77,80,-3,3
21877,98,80,18,18
21878,160,129,31,31
21879,114,105,9,9
21880,95,93,2,2
21881,77,78,-1,1
21882,75,70,5,5
21883,142,127,15,15
21884,72,67,5,5
21885,150,126,24,24
21886,67,67,0,0
21887,104,94,10,10
21888,95,91,4,4
21889,116,100,16,16
21890,43,68,-25,25
21891,98,90,8,8
21892,85,70,15,15
21893,93,81,12,12
21894,106,94,12,12
21895,99,89,10,10
21896,179,155,24,24
21897,61,70,-9,9
21898,77,70,7,7
21899,64,56,8,8
21900,90,84,6,6
21901,106,108,-2,2
21902,67,60,7,7
21903,102,94,8,8
21904,94,58,36,36
21905,92,79,13,13
21906,81,74,7,7
21907,84,74,10,10
21908,131,123,8,8
21909,96,92,4,4
21910,89,76,13,13
21911,107,94,13,13
21912,73,72,1,1
21913,81,69,12,12
21914,69,69,0,0
21915,73,66,7,7
21916,150,140,10,10
21917,115,93,22,22
21918,90,77,13,13
21919,63,62,1,1
21920,138,117,21,21
21921,125,118,7,7
21922,111,100,11,11
21923,124,104,20,20
21924,37,38,-1,1
21925,114,107,7,7
21926,67,58,9,9
21927,116,110,6,6
21928,134,133,1,1
21929,58,59,-1,1
21930,75,65,10,10
21931,119,107,12,12
21932,94,79,15,15
21933,72,63,9,9
21934,144,133,11,11
21935,86,76,10,10
21936,112,103,9,9
21937,57,52,5,5
21938,121,119,2,2
21939,118,105,13,13
21940,79,74,5,5
21941,53,48,5,5
21942,61,49,12,12
21943,90,86,4,4
21944,114,106,8,8
21945,101,98,3,3
21946,180,165,15,15
21947,136,140,-4,4
21948,100,90,10,10
21949,107,99,8,8
21950,95,91,4,4
21951,75,71,4,4
21952,86,85,1,1
21953,71,72,-1,1
21954,126,120,6,6
21955,125,111,14,14
21956,162,147,15,15
21957,71,71,0,0
21958,60,51,9,9
21959,118,114,4,4
21960,104,73,31,31
21961,117,105,12,12
21962,144,124,20,20
21963,78,74,4,4
21964,95,84,11,11
21965,157,144,13,13
21966,70,65,5,5
21967,68,67,1,1
21968,125,110,15,15
21969,111,88,23,23
21970,112,96,16,16
21971,118,97,21,21
21972,71,53,18,18
21973,126,102,24,24
21974,96,86,10,10
21975,59,55,4,4
21976,82,84,-2,2
21977,101,101,0,0
21978,80,77,3,3
21979,61,56,5,5
21980,89,88,1,1
21981,107,84,23,23
21982,55,56,-1,1
21983,99,86,13,13
21984,131,124,7,7
21985,80,68,12,12
21986,110,85,25,25
21987,94,87,7,7
21988,32,31,1,1
21989,105,95,10,10
21990,103,100,3,3
21991,152,142,10,10
21992,136,114,22,22
21993,78,64,14,14
21994,68,59,9,9
21995,68,73,-5,5
21996,36,33,3,3
21997,111,105,6,6
21998,64,54,10,10
21999,70,63,7,7
22000,89,79,10,10
22001,103,91,12,12
22002,79,71,8,8
22003,175,163,12,12
22004,103,99,4,4
22005,84,75,9,9
22006,79,68,11,11
22007,93,91,2,2
22008,124,109,15,15
22009,106,93,13,13
22010,144,122,22,22
22011,100,91,9,9
22012,70,67,3,3
22013,122,119,3,3
22014,101,93,8,8
22015,125,112,13,13
22016,94,84,10,10
22017,134,132,2,2
22018,69,66,3,3
22019,119,101,18,18
22020,106,90,16,16
22021,122,112,10,10
22022,54,45,9,9
22023,89,77,12,12
22024,76,84,-8,8
22025,86,82,4,4
22026,144,119,25,25
22027,93,80,13,13
22028,105,100,5,5
22029,101,95,6,6
22030,81,83,-2,2
22031,85,74,11,11
22032,157,125,32,32
22033,112,108,4,4
22034,76,72,4,4
22035,85,86,-1,1
22036,141,114,27,27
22037,87,84,3,3
22038,71,71,0,0
22039,104,102,2,2
22040,73,69,4,4
22041,143,126,17,17
22042,92,90,2,2
22043,80,76,4,4
22044,98,91,7,7
22045,80,69,11,11
22046,54,53,1,1
22047,134,130,4,4
22048,70,60,10,10
22049,114,106,8,8
22050,80,64,16,16
22051,90,76,14,14
22052,82,83,-1,1
22053,103,91,12,12
22054,82,73,9,9
22055,92,80,12,12
22056,82,74,8,8
22057,66,61,5,5
22058,124,147,-23,23
22059,61,62,-1,1
22060,63,64,-1,1
22061,91,86,5,5
22062,72,64,8,8
22063,54,59,-5,5
22064,87,78,9,9
22065,104,106,-2,2
22066,61,60,1,1
22067,125,104,21,21
22068,129,122,7,7
22069,33,39,-6,6
22070,97,91,6,6
22071,73,80,-7,7
22072,154,131,23,23
22073,74,66,8,8
22074,125,118,7,7
22075,54,50,4,4
22076,68,66,2,2
22077,91,78,13,13
22078,68,61,7,7
22079,92,97,-5,5
22080,117,95,22,22
22081,98,98,0,0
22082,124,102,22,22
22083,71,70,1,1
22084,66,60,6,6
22085,37,41,-4,4
22086,108,95,13,13
22087,59,51,8,8
22088,84,75,9,9
22089,162,139,23,23
22090,108,102,6,6
22091,120,106,14,14
22092,102,100,2,2
22093,68,74,-6,6
22094,146,115,31,31
22095,116,108,8,8
22096,66,61,5,5
22097,67,65,2,2
22098,46,50,-4,4
22099,92,75,17,17
22100,150,125,25,25
22101,58,46,12,12
22102,103,99,4,4
22103,112,93,19,19
22104,90,91,-1,1
22105,98,90,8,8
22106,54,54,0,0
22107,76,72,4,4
22108,77,75,2,2
22109,111,96,15,15
22110,118,111,7,7
22111,125,113,12,12
22112,94,93,1,1
22113,73,68,5,5
22114,173,154,19,19
22115,155,144,11,11
22116,120,120,0,0
22117,86,69,17,17
22118,115,102,13,13
22119,149,127,22,22
22120,68,80,-12,12
22121,130,105,25,25
22122,65,63,2,2
22123,63,43,20,20
22124,39,32,7,7
22125,82,70,12,12
22126,74,60,14,14
22127,57,65,-8,8
22128,105,98,7,7
22129,106,96,10,10
22130,126,136,-10,10
22131,113,98,15,15
22132,109,100,9,9
22133,95,90,5,5
22134,86,70,16,16
22135,99,88,11,11
22136,65,68,-3,3
22137,70,64,6,6
22138,66,58,8,8
22139,45,42,3,3
22140,77,69,8,8
22141,50,53,-3,3
22142,105,95,10,10
22143,101,102,-1,1
22144,62,63,-1,1
22145,82,82,0,0
22146,69,56,13,13
22147,122,129,-7,7
22148,147,135,12,12
22149,220,189,31,31
22150,69,65,4,4
22151,93,83,10,10
22152,111,101,10,10
22153,152,143,9,9
22154,124,113,11,11
22155,43,37,6,6
22156,112,88,24,24
22157,83,75,8,8
22158,140,129,11,11
22159,110,101,9,9
22160,71,72,-1,1
22161,96,102,-6,6
22162,148,140,8,8
22163,53,34,19,19
22164,120,102,18,18
22165,188,175,13,13
22166,29,37,-8,8
22167,117,107,10,10
22168,104,92,12,12
22169,81,75,6,6
22170,124,117,7,7
22171,103,105,-2,2
22172,139,127,12,12
22173,79,64,15,15
22174,133,118,15,15
22175,112,108,4,4
22176,99,100,-1,1
22177,101,86,15,15
22178,75,65,10,10
22179,110,100,10,10
22180,121,109,12,12
22181,110,99,11,11
22182,68,75,-7,7
22183,99,88,11,11
22184,67,67,0,0
22185,72,74,-2,2
22186,151,124,27,27
22187,87,85,2,2
22188,83,76,7,7
22189,58,60,-2,2
22190,56,52,4,4
22191,72,62,10,10
22192,91,82,9,9
22193,61,53,8,8
22194,95,75,20,20
22195,101,90,11,11
22196,98,87,11,11
22197,128,123,5,5
22198,183,164,19,19
22199,68,61,7,7
22200,97,88,9,9
22201,74,65,9,9
22202,127,117,10,10
22203,91,82,9,9
22204,95,85,10,10
22205,83,74,9,9
22206,130,118,12,12
22207,143,69,74,74
22208,68,68,0,0
22209,72,64,8,8
22210,81,73,8,8
22211,63,59,4,4
22212,92,79,13,13
22213,70,76,-6,6
22214,114,110,4,4
22215,119,96,23,23
22216,130,122,8,8
22217,94,88,6,6
22218,104,98,6,6
22219,99,99,0,0
22220,55,57,-2,2
22221,111,104,7,7
22222,101,85,16,16
22223,86,80,6,6
22224,89,84,5,5
22225,91,102,-11,11
22226,140,127,13,13
22227,74,69,5,5
22228,82,74,8,8
22229,103,77,26,26
22230,104,86,18,18
22231,75,76,-1,1
22232,92,91,1,1
22233,53,50,3,3
22234,74,76,-2,2
22235,38,35,3,3
22236,141,124,17,17
22237,91,77,14,14
22238,97,83,14,14
22239,115,105,10,10
22240,141,131,10,10
22241,72,76,-4,4
22242,87,84,3,3
22243,114,105,9,9
22244,96,81,15,15
22245,68,69,-1,1
22246,123,120,3,3
22247,91,77,14,14
22248,91,80,11,11
22249,116,112,4,4
22250,49,64,-15,15
22251,57,50,7,7
22252,124,117,7,7
22253,88,89,-1,1
22254,129,117,12,12
22255,55,49,6,6
22256,188,162,26,26
22257,64,61,3,3
22258,71,66,5,5
22259,45,38,7,7
22260,93,95,-2,2
22261,68,61,7,7
22262,161,159,2,2
22263,69,71,-2,2
22264,113,110,3,3
22265,74,76,-2,2
22266,58,57,1,1
22267,149,144,5,5
22268,49,43,6,6
22269,96,86,10,10
22270,122,105,17,17
22271,92,76,16,16
22272,124,114,10,10
22273,93,87,6,6
22274,149,141,8,8
22275,179,160,19,19
22276,147,135,12,12
22277,121,112,9,9
22278,62,56,6,6
22279,50,49,1,1
22280,54,48,6,6
22281,104,88,16,16
22282,73,64,9,9
22283,101,92,9,9
22284,71,69,2,2
22285,90,81,9,9
22286,71,64,7,7
22287,72,68,4,4
22288,61,77,-16,16
22289,65,58,7,7
22290,81,74,7,7
22291,37,44,-7,7
22292,65,63,2,2
22293,128,111,17,17
22294,55,73,-18,18
22295,55,61,-6,6
22296,131,104,27,27
22297,67,56,11,11
22298,138,128,10,10
22299,66,59,7,7
22300,62,57,5,5
22301,187,169,18,18
22302,127,109,18,18
22303,105,101,4,4
22304,78,71,7,7
22305,94,82,12,12
22306,94,85,9,9
22307,108,100,8,8
22308,135,120,15,15
22309,78,68,10,10
22310,87,85,2,2
22311,59,55,4,4
22312,134,134,0,0
22313,89,76,13,13
22314,79,74,5,5
22315,27,38,-11,11
22316,74,59,15,15
22317,56,56,0,0
22318,121,117,4,4
22319,88,86,2,2
22320,145,142,3,3
22321,99,90,9,9
22322,127,108,19,19
22323,85,75,10,10
22324,91,69,22,22
22325,184,176,8,8
22326,76,67,9,9
22327,86,75,11,11
22328,88,75,13,13
22329,156,140,16,16
22330,106,101,5,5
22331,102,81,21,21
22332,106,92,14,14
22333,87,78,9,9
22334,60,58,2,2
22335,82,73,9,9
22336,112,97,15,15
22337,118,114,4,4
22338,75,60,15,15
22339,94,87,7,7
22340,57,59,-2,2
22341,96,84,12,12
22342,67,62,5,5
22343,78,84,-6,6
22344,114,96,18,18
22345,70,63,7,7
22346,60,57,3,3
22347,91,82,9,9
22348,86,73,13,13
22349,84,78,6,6
22350,75,66,9,9
22351,133,133,0,0
22352,193,163,30,30
22353,68,66,2,2
22354,139,127,12,12
22355,57,68,-11,11
22356,110,104,6,6
22357,83,84,-1,1
22358,159,122,37,37
22359,110,98,12,12
22360,150,124,26,26
22361,95,94,1,1
22362,139,116,23,23
22363,72,61,11,11
22364,147,124,23,23
22365,89,75,14,14
22366,136,123,13,13
22367,47,39,8,8
22368,158,146,12,12
22369,111,106,5,5
22370,99,82,17,17
22371,112,101,11,11
22372,82,81,1,1
22373,38,35,3,3
22374,82,72,10,10
22375,80,73,7,7
22376,119,102,17,17
22377,68,63,5,5
22378,117,105,12,12
22379,76,69,7,7
22380,94,85,9,9
22381,68,65,3,3
22382,49,42,7,7
22383,59,57,2,2
22384,135,131,4,4
22385,111,106,5,5
22386,102,88,14,14
22387,118,109,9,9
22388,90,79,11,11
22389,62,61,1,1
22390,104,95,9,9
22391,120,103,17,17
22392,105,97,8,8
22393,131,116,15,15
22394,103,102,1,1
22395,117,105,12,12
22396,92,85,7,7
22397,70,67,3,3
22398,108,101,7,7
22399,71,64,7,7
22400,58,56,2,2
22401,91,70,21,21
22402,98,82,16,16
22403,40,44,-4,4
22404,92,73,19,19
22405,100,96,4,4
22406,138,136,2,2
22407,132,111,21,21
22408,101,95,6,6
22409,71,73,-2,2
22410,86,75,11,11
22411,107,94,13,13
22412,85,78,7,7
22413,68,66,2,2
22414,80,70,10,10
22415,125,111,14,14
22416,99,83,16,16
22417,122,108,14,14
22418,190,160,30,30
22419,109,85,24,24
22420,83,65,18,18
22421,121,133,-12,12
22422,79,82,-3,3
22423,142,146,-4,4
22424,63,57,6,6
22425,66,60,6,6
22426,114,88,26,26
22427,80,71,9,9
22428,72,68,4,4
22429,190,171,19,19
22430,91,83,8,8
22431,152,131,21,21
22432,74,56,18,18
22433,88,84,4,4
22434,181,174,7,7
22435,118,110,8,8
22436,131,114,17,17
22437,64,98,-34,34
22438,86,80,6,6
22439,74,75,-1,1
22440,79,71,8,8
22441,99,91,8,8
22442,169,153,16,16
22443,68,55,13,13
22444,79,68,11,11
22445,181,154,27,27
22446,119,101,18,18
22447,120,101,19,19
22448,67,66,1,1
22449,67,69,-2,2
22450,76,66,10,10
22451,87,76,11,11
22452,91,87,4,4
22453,161,137,24,24
22454,58,51,7,7
22455,57,56,1,1
22456,95,76,19,19
22457,63,61,2,2
22458,64,58,6,6
22459,55,54,1,1
22460,136,133,3,3
22461,107,96,11,11
22462,83,82,1,1
22463,52,58,-6,6
22464,127,129,-2,2
22465,90,85,5,5
22466,141,124,17,17
22467,87,85,2,2
22468,99,89,10,10
22469,67,61,6,6
22470,79,71,8,8
22471,102,94,8,8
22472,168,158,10,10
22473,154,142,12,12
22474,118,108,10,10
22475,68,73,-5,5
22476,109,98,11,11
22477,41,37,4,4
22478,65,65,0,0
22479,108,91,17,17
22480,26,32,-6,6
22481,99,98,1,1
22482,137,127,10,10
22483,180,167,13,13
22484,223,174,49,49
22485,103,97,6,6
22486,91,84,7,7
22487,120,107,13,13
22488,73,67,6,6
22489,69,69,0,0
22490,76,83,-7,7
22491,73,58,15,15
22492,41,36,5,5
22493,143,137,6,6
22494,121,124,-3,3
22495,97,98,-1,1
22496,86,87,-1,1
22497,80,78,2,2
22498,105,102,3,3
22499,111,89,22,22
22500,133,131,2,2
22501,120,110,10,10
22502,156,153,3,3
22503,100,98,2,2
22504,41,41,0,0
22505,94,94,0,0
22506,59,52,7,7
22507,71,63,8,8
22508,68,60,8,8
22509,102,86,16,16
22510,134,121,13,13
22511,60,49,11,11
22512,169,133,36,36
22513,80,74,6,6
22514,126,138,-12,12
22515,146,126,20,20
22516,128,126,2,2
22517,67,61,6,6
22518,92,90,2,2
22519,72,70,2,2
22520,79,73,6,6
22521,102,91,11,11
22522,62,58,4,4
22523,59,56,3,3
22524,116,94,22,22
22525,96,87,9,9
22526,86,78,8,8
22527,68,68,0,0
22528,90,86,4,4
22529,90,78,12,12
22530,141,120,21,21
22531,109,99,10,10
22532,51,60,-9,9
22533,107,93,14,14
22534,130,116,14,14
22535,103,95,8,8
22536,49,52,-3,3
22537,106,87,19,19
22538,87,77,10,10
22539,68,60,8,8
22540,88,82,6,6
22541,79,77,2,2
22542,104,85,19,19
22543,94,85,9,9
22544,123,104,19,19
22545,98,79,19,19
22546,123,109,14,14
22547,104,97,7,7
22548,60,62,-2,2
22549,70,68,2,2
22550,89,79,10,10
22551,122,106,16,16
22552,55,50,5,5
22553,141,123,18,18
22554,80,74,6,6
22555,97,89,8,8
22556,126,104,22,22
22557,73,72,1,1
22558,63,67,-4,4
22559,151,123,28,28
22560,109,93,16,16
22561,161,147,14,14
22562,80,72,8,8
22563,126,102,24,24
22564,89,76,13,13
22565,95,81,14,14
22566,163,137,26,26
22567,121,101,20,20
22568,80,78,2,2
22569,79,64,15,15
22570,94,81,13,13
22571,143,126,17,17
22572,95,83,12,12
22573,108,100,8,8
22574,94,88,6,6
22575,102,90,12,12
22576,84,83,1,1
22577,80,71,9,9
22578,135,119,16,16
22579,98,75,23,23
22580,113,106,7,7
22581,85,92,-7,7
22582,97,84,13,13
22583,67,60,7,7
22584,135,119,16,16
22585,31,27,4,4
22586,154,146,8,8
22587,136,122,14,14
22588,35,34,1,1
22589,145,125,20,20
22590,76,64,12,12
22591,89,88,1,1
22592,84,85,-1,1
22593,82,91,-9,9
22594,76,67,9,9
22595,88,84,4,4
22596,85,71,14,14
22597,109,109,0,0
22598,165,145,20,20
22599,88,84,4,4
22600,54,51,3,3
22601,93,75,18,18
22602,66,64,2,2
22603,75,72,3,3
22604,55,51,4,4
22605,72,68,4,4
22606,113,102,11,11
22607,127,115,12,12
22608,53,48,5,5
22609,94,88,6,6
22610,90,82,8,8
22611,65,68,-3,3
22612,60,60,0,0
22613,59,44,15,15
22614,107,96,11,11
22615,93,97,-4,4
22616,128,112,16,16
22617,55,52,3,3
22618,93,86,7,7
22619,79,69,10,10
22620,148,125,23,23
22621,129,116,13,13
22622,51,56,-5,5
22623,92,82,10,10
22624,93,102,-9,9
22625,114,107,7,7
22626,72,68,4,4
22627,92,90,2,2
22628,81,69,12,12
22629,69,69,0,0
22630,93,83,10,10
22631,189,172,17,17
22632,71,67,4,4
22633,87,78,9,9
22634,48,65,-17,17
22635,94,84,10,10
22636,116,121,-5,5
22637,62,60,2,2
22638,240,205,35,35
22639,104,94,10,10
22640,80,83,-3,3
22641,66,50,16,16
22642,100,82,18,18
22643,133,120,13,13
22644,103,89,14,14
22645,137,132,5,5
22646,165,143,22,22
22647,125,112,13,13
22648,86,70,16,16
22649,95,83,12,12
22650,103,102,1,1
22651,140,114,26,26
22652,95,88,7,7
22653,68,65,3,3
22654,52,47,5,5
22655,77,67,10,10
22656,121,105,16,16
22657,107,101,6,6
22658,98,87,11,11
22659,100,85,15,15
22660,81,76,5,5
22661,46,40,6,6
22662,162,150,12,12
22663,136,116,20,20
22664,85,82,3,3
22665,83,70,13,13
22666,135,116,19,19
22667,39,34,5,5
22668,61,56,5,5
22669,73,56,17,17
22670,87,69,18,18
22671,76,73,3,3
22672,84,96,-12,12
22673,94,77,17,17
22674,163,157,6,6
22675,80,79,1,1
22676,86,97,-11,11
22677,152,129,23,23
22678,100,103,-3,3
22679,75,65,10,10
22680,92,79,13,13
22681,84,73,11,11
22682,144,128,16,16
22683,69,61,8,8
22684,109,107,2,2
22685,109,87,22,22
22686,88,69,19,19
22687,67,65,2,2
22688,115,100,15,15
22689,125,121,4,4
22690,95,92,3,3
22691,87,76,11,11
22692,98,89,9,9
22693,83,88,-5,5
22694,101,93,8,8
22695,51,45,6,6
22696,108,98,10,10
22697,136,128,8,8
22698,208,202,6,6
22699,121,109,12,12
22700,84,70,14,14
22701,86,73,13,13
22702,148,141,7,7
22703,110,109,1,1
22704,117,105,12,12
22705,96,89,7,7
22706,69,62,7,7
22707,137,120,17,17
22708,66,56,10,10
22709,89,69,20,20
22710,44,46,-2,2
22711,136,119,17,17
22712,128,104,24,24
22713,73,70,3,3
22714,155,148,7,7
22715,89,66,23,23
22716,87,67,20,20
22717,147,131,16,16
22718,64,57,7,7
22719,37,34,3,3
22720,122,107,15,15
22721,44,35,9,9
22722,126,115,11,11
22723,60,63,-3,3
22724,148,133,15,15
22725,134,122,12,12
22726,87,74,13,13
22727,135,133,2,2
22728,90,78,12,12
22729,60,52,8,8
22730,86,69,17,17
22731,150,141,9,9
22732,59,66,-7,7
22733,111,94,17,17
22734,54,47,7,7
22735,158,136,22,22
22736,135,114,21,21
22737,32,29,3,3
22738,63,58,5,5
22739,117,94,23,23
22740,83,79,4,4
22741,54,52,2,2
22742,151,135,16,16
22743,64,61,3,3
22744,44,43,1,1
22745,138,122,16,16
22746,48,54,-6,6
22747,123,105,18,18
22748,97,92,5,5
22749,59,57,2,2
22750,96,89,7,7
22751,19,22,-3,3
22752,112,102,10,10
22753,131,134,-3,3
22754,153,140,13,13
22755,100,92,8,8
22756,183,167,16,16
22757,121,106,15,15
22758,129,114,15,15
22759,93,96,-3,3
22760,89,84,5,5
22761,92,82,10,10
22762,81,94,-13,13
22763,133,118,15,15
22764,77,76,1,1
22765,63,56,7,7
22766,66,54,12,12
22767,74,76,-2,2
22768,150,147,3,3
22769,76,81,-5,5
22770,68,50,18,18
22771,73,64,9,9
22772,93,82,11,11
22773,90,74,16,16
22774,81,90,-9,9
22775,59,49,10,10
22776,160,131,29,29
22777,47,42,5,5
22778,109,123,-14,14
22779,133,118,15,15
22780,114,110,4,4
22781,89,73,16,16
22782,86,74,12,12
22783,95,78,17,17
22784,149,145,4,4
22785,86,76,10,10
22786,112,102,10,10
22787,61,96,-35,35
22788,32,34,-2,2
22789,141,127,14,14
22790,106,92,14,14
22791,62,62,0,0
22792,98,90,8,8
22793,169,129,40,40
22794,75,81,-6,6
22795,113,101,12,12
22796,69,65,4,4
22797,54,52,2,2
22798,72,73,-1,1
22799,140,136,4,4
22800,86,82,4,4
22801,106,96,10,10
22802,81,76,5,5
22803,109,93,16,16
22804,120,98,22,22
22805,103,86,17,17
22806,201,169,32,32
22807,115,123,-8,8
22808,94,79,15,15
22809,110,112,-2,2
22810,90,84,6,6
22811,117,101,16,16
22812,80,67,13,13
22813,136,124,12,12
22814,95,91,4,4
22815,121,97,24,24
22816,38,40,-2,2
22817,100,84,16,16
22818,83,79,4,4
22819,102,93,9,9
22820,100,89,11,11
22821,67,62,5,5
22822,88,114,-26,26
22823,68,60,8,8
22824,145,130,15,15
22825,86,77,9,9
22826,107,92,15,15
22827,85,88,-3,3
22828,102,97,5,5
22829,132,122,10,10
22830,61,56,5,5
22831,70,59,11,11
22832,91,83,8,8
22833,139,130,9,9
22834,51,46,5,5
22835,39,38,1,1
22836,100,81,19,19
22837,93,85,8,8
22838,89,90,-1,1
22839,92,90,2,2
22840,35,32,3,3
22841,93,81,12,12
22842,64,60,4,4
22843,62,51,11,11
22844,102,79,23,23
22845,101,90,11,11
22846,93,84,9,9
22847,63,58,5,5
22848,88,80,8,8
22849,80,76,4,4
22850,134,95,39,39
22851,77,70,7,7
22852,73,68,5,5
22853,57,54,3,3
22854,118,78,40,40
22855,134,127,7,7
22856,127,116,11,11
22857,88,77,11,11
22858,91,81,10,10
22859,110,101,9,9
22860,46,43,3,3
22861,105,95,10,10
22862,103,100,3,3
22863,108,91,17,17
22864,93,89,4,4
22865,75,75,0,0
22866,131,124,7,7
22867,130,121,9,9
22868,89,79,10,10
22869,49,93,-44,44
22870,120,114,6,6
22871,151,152,-1,1
22872,92,83,9,9
22873,77,75,2,2
22874,126,121,5,5
22875,100,93,7,7
22876,54,53,1,1
22877,110,95,15,15
22878,133,123,10,10
22879,119,116,3,3
22880,126,107,19,19
22881,42,36,6,6
22882,63,59,4,4
22883,170,156,14,14
22884,68,72,-4,4
22885,114,101,13,13
22886,115,91,24,24
22887,64,63,1,1
22888,90,82,8,8
22889,126,101,25,25
22890,72,78,-6,6
22891,116,126,-10,10
22892,151,147,4,4
22893,98,75,23,23
22894,135,117,18,18
22895,132,112,20,20
22896,166,146,20,20
22897,109,96,13,13
22898,73,62,11,11
22899,43,41,2,2
22900,60,55,5,5
22901,95,93,2,2
22902,185,160,25,25
22903,116,107,9,9
22904,120,109,11,11
22905,117,102,15,15
22906,80,80,0,0
22907,54,53,1,1
22908,94,86,8,8
22909,104,98,6,6
22910,167,163,4,4
22911,183,173,10,10
22912,125,116,9,9
22913,67,61,6,6
22914,127,105,22,22
22915,108,99,9,9
22916,110,98,12,12
22917,72,64,8,8
22918,76,71,5,5
22919,60,51,9,9
22920,127,105,22,22
22921,60,52,8,8
22922,117,103,14,14
22923,62,56,6,6
22924,98,82,16,16
22925,64,59,5,5
22926,90,79,11,11
22927,155,144,11,11
22928,69,62,7,7
22929,91,77,14,14
22930,91,75,16,16
22931,97,83,14,14
22932,116,97,19,19
22933,100,92,8,8
22934,81,69,12,12
22935,77,70,7,7
22936,46,38,8,8
22937,86,90,-4,4
22938,98,81,17,17
22939,128,96,32,32
22940,53,50,3,3
22941,86,79,7,7
22942,106,100,6,6
22943,118,105,13,13
22944,132,125,7,7
22945,179,169,10,10
22946,72,62,10,10
22947,57,51,6,6
22948,159,142,17,17
22949,56,58,-2,2
22950,90,90,0,0
22951,84,77,7,7
22952,120,117,3,3
22953,99,82,17,17
22954,121,102,19,19
22955,96,91,5,5
22956,46,48,-2,2
22957,84,83,1,1
22958,79,73,6,6
22959,165,147,18,18
22960,72,66,6,6
22961,75,70,5,5
22962,116,110,6,6
22963,117,114,3,3
22964,95,81,14,14
22965,138,143,-5,5
22966,64,61,3,3
22967,70,66,4,4
22968,51,46,5,5
22969,74,75,-1,1
22970,105,96,9,9
22971,137,126,11,11
22972,93,83,10,10
22973,72,70,2,2
22974,83,73,10,10
22975,113,100,13,13
22976,97,86,11,11
22977,76,70,6,6
22978,65,55,10,10
22979,159,142,17,17
22980,72,65,7,7
22981,127,110,17,17
22982,94,83,11,11
22983,83,73,10,10
22984,84,80,4,4
22985,60,56,4,4
22986,100,96,4,4
22987,108,101,7,7
22988,118,107,11,11
22989,76,72,4,4
22990,87,68,19,19
22991,50,47,3,3
22992,38,37,1,1
22993,146,120,26,26
22994,114,105,9,9
22995,52,48,4,4
22996,84,81,3,3
22997,122,117,5,5
22998,102,90,12,12
22999,181,158,23,23
23000,98,83,15,15
23001,39,37,2,2
23002,84,65,19,19
23003,145,105,40,40
23004,124,118,6,6
23005,110,111,-1,1
23006,57,50,7,7
23007,88,75,13,13
23008,64,61,3,3
23009,195,173,22,22
23010,131,127,4,4
23011,124,113,11,11
23012,79,91,-12,12
23013,66,61,5,5
23014,100,99,1,1
23015,82,71,11,11
23016,81,77,4,4
23017,85,74,11,11
23018,192,176,16,16
23019,112,103,9,9
23020,166,145,21,21
23021,101,91,10,10
23022,82,66,16,16
23023,89,71,18,18
23024,94,79,15,15
23025,79,81,-2,2
23026,108,105,3,3
23027,117,102,15,15
23028,123,108,15,15
23029,81,71,10,10
23030,87,73,14,14
23031,66,64,2,2
23032,35,34,1,1
23033,102,87,15,15
23034,145,124,21,21
23035,62,54,8,8
23036,121,105,16,16
23037,69,64,5,5
23038,142,123,19,19
23039,74,60,14,14
23040,92,79,13,13
23041,63,53,10,10
23042,71,68,3,3
23043,148,125,23,23
23044,72,71,1,1
23045,75,65,10,10
23046,118,111,7,7
23047,103,97,6,6
23048,136,110,26,26
23049,126,124,2,2
23050,93,92,1,1
23051,101,94,7,7
23052,133,113,20,20
23053,83,82,1,1
23054,91,84,7,7
23055,52,47,5,5
23056,100,91,9,9
23057,88,78,10,10
23058,80,79,1,1
23059,83,83,0,0
23060,90,78,12,12
23061,69,87,-18,18
23062,85,72,13,13
23063,107,92,15,15
23064,103,87,16,16
23065,60,55,5,5
23066,152,144,8,8
23067,40,38,2,2
23068,87,74,13,13
23069,78,67,11,11
23070,145,138,7,7
23071,47,44,3,3
23072,139,115,24,24
23073,94,83,11,11
23074,138,145,-7,7
23075,115,90,25,25
23076,94,86,8,8
23077,106,95,11,11
23078,85,72,13,13
23079,82,71,11,11
23080,61,55,6,6
23081,160,143,17,17
23082,157,151,6,6
23083,87,82,5,5
23084,135,114,21,21
23085,120,104,16,16
23086,104,90,14,14
23087,165,137,28,28
23088,88,79,9,9
23089,67,66,1,1
23090,87,75,12,12
23091,66,65,1,1
23092,74,66,8,8
23093,76,72,4,4
23094,62,59,3,3
23095,79,74,5,5
23096,91,84,7,7
23097,70,60,10,10
23098,148,126,22,22
23099,135,114,21,21
23100,74,75,-1,1
23101,78,69,9,9
23102,93,85,8,8
23103,124,112,12,12
23104,129,125,4,4
23105,98,85,13,13
23106,72,62,10,10
23107,53,51,2,2
23108,138,122,16,16
23109,184,144,40,40
23110,85,78,7,7
23111,82,65,17,17
23112,105,103,2,2
23113,99,89,10,10
23114,65,62,3,3
23115,73,60,13,13
23116,66,56,10,10
23117,102,95,7,7
23118,85,68,17,17
23119,188,182,6,6
23120,81,177,-96,96
23121,124,112,12,12
23122,59,54,5,5
23123,108,100,8,8
23124,92,87,5,5
23125,100,87,13,13
23126,105,96,9,9
23127,93,86,7,7
23128,155,142,13,13
23129,71,64,7,7
23130,65,52,13,13
23131,94,81,13,13
23132,122,119,3,3
23133,70,62,8,8
23134,65,60,5,5
23135,160,143,17,17
23136,115,107,8,8
23137,134,127,7,7
23138,101,96,5,5
23139,105,94,11,11
23140,93,88,5,5
23141,94,78,16,16
23142,82,69,13,13
23143,90,80,10,10
23144,78,63,15,15
23145,145,131,14,14
23146,120,107,13,13
23147,94,87,7,7
23148,95,77,18,18
23149,115,120,-5,5
23150,49,41,8,8
23151,134,128,6,6
23152,88,75,13,13
23153,82,79,3,3
23154,67,57,10,10
23155,71,60,11,11
23156,56,60,-4,4
23157,88,75,13,13
23158,34,35,-1,1
23159,62,69,-7,7
23160,82,78,4,4
23161,111,108,3,3
23162,48,45,3,3
23163,102,96,6,6
23164,143,126,17,17
23165,47,43,4,4
23166,76,69,7,7
23167,119,108,11,11
23168,64,56,8,8
23169,72,62,10,10
23170,141,124,17,17
23171,64,52,12,12
23172,127,107,20,20
23173,72,68,4,4
23174,111,97,14,14
23175,104,82,22,22
23176,77,73,4,4
23177,133,130,3,3
23178,113,99,14,14
23179,110,100,10,10
23180,89,81,8,8
23181,125,114,11,11
23182,127,102,25,25
23183,68,56,12,12
23184,99,97,2,2
23185,86,84,2,2
23186,111,101,10,10
23187,118,99,19,19
23188,74,71,3,3
23189,132,112,20,20
23190,99,87,12,12
23191,139,128,11,11
23192,107,101,6,6
23193,70,72,-2,2
23194,77,65,12,12
23195,101,99,2,2
23196,103,93,10,10
23197,86,82,4,4
23198,104,84,20,20
23199,100,95,5,5
23200,150,128,22,22
23201,69,60,9,9
23202,129,116,13,13
23203,162,156,6,6
23204,111,111,0,0
23205,133,121,12,12
23206,87,78,9,9
23207,74,75,-1,1
23208,95,93,2,2
23209,110,110,0,0
23210,124,115,9,9
23211,155,134,21,21
23212,74,59,15,15
23213,80,66,14,14
23214,90,77,13,13
23215,100,90,10,10
23216,112,88,24,24
23217,81,63,18,18
23218,73,71,2,2
23219,122,109,13,13
23220,130,116,14,14
23221,129,112,17,17
23222,123,106,17,17
23223,84,80,4,4
23224,63,61,2,2
23225,144,122,22,22
23226,91,150,-59,59
23227,66,67,-1,1
23228,95,85,10,10
23229,129,113,16,16
23230,75,67,8,8
23231,152,177,-25,25
23232,119,73,46,46
23233,107,95,12,12
23234,184,158,26,26
23235,84,79,5,5
23236,123,109,14,14
23237,167,135,32,32
23238,59,50,9,9
23239,68,67,1,1
23240,119,93,26,26
23241,77,62,15,15
23242,70,71,-1,1
23243,79,67,12,12
23244,114,109,5,5
23245,75,67,8,8
23246,64,52,12,12
23247,127,110,17,17
23248,52,51,1,1
23249,67,54,13,13
23250,73,69,4,4
23251,85,74,11,11
23252,63,62,1,1
23253,88,72,16,16
23254,89,100,-11,11
23255,133,106,27,27
23256,82,76,6,6
23257,115,96,19,19
23258,97,92,5,5
23259,81,83,-2,2
23260,102,86,16,16
23261,68,54,14,14
23262,64,55,9,9
23263,70,62,8,8
23264,73,68,5,5
23265,59,60,-1,1
23266,136,127,9,9
23267,103,99,4,4
23268,137,111,26,26
23269,73,68,5,5
23270,83,75,8,8
23271,95,79,16,16
23272,138,117,21,21
23273,86,73,13,13
23274,66,78,-12,12
23275,134,157,-23,23
23276,116,104,12,12
23277,70,65,5,5
23278,118,104,14,14
23279,131,121,10,10
23280,40,58,-18,18
23281,82,76,6,6
23282,78,66,12,12
23283,97,79,18,18
23284,89,86,3,3
23285,133,118,15,15
23286,76,67,9,9
23287,152,124,28,28
23288,92,80,12,12
23289,62,58,4,4
23290,179,146,33,33
23291,127,108,19,19
23292,115,102,13,13
23293,54,61,-7,7
23294,136,112,24,24
23295,76,76,0,0
23296,62,57,5,5
23297,78,73,5,5
23298,182,150,32,32
23299,67,58,9,9
23300,110,90,20,20
23301,92,77,15,15
23302,150,128,22,22
23303,122,117,5,5
23304,62,63,-1,1
23305,109,91,18,18
23306,123,108,15,15
23307,107,103,4,4
23308,50,52,-2,2
23309,62,58,4,4
23310,115,104,11,11
23311,41,41,0,0
23312,106,94,12,12
23313,58,54,4,4
23314,67,60,7,7
23315,64,53,11,11
23316,71,79,-8,8
23317,83,84,-1,1
23318,157,163,-6,6
23319,90,85,5,5
23320,100,101,-1,1
23321,92,89,3,3
23322,87,94,-7,7
23323,76,82,-6,6
23324,101,98,3,3
23325,56,45,11,11
23326,65,62,3,3
23327,70,61,9,9
23328,57,53,4,4
23329,112,131,-19,19
23330,50,63,-13,13
23331,47,50,-3,3
23332,140,145,-5,5
23333,51,47,4,4
23334,61,64,-3,3
23335,78,73,5,5
23336,70,60,10,10
23337,98,84,14,14
23338,152,130,22,22
23339,99,93,6,6
23340,93,90,3,3
23341,90,80,10,10
23342,51,49,2,2
23343,94,81,13,13
23344,82,79,3,3
23345,137,130,7,7
23346,85,84,1,1
23347,131,128,3,3
23348,110,90,20,20
23349,70,61,9,9
23350,99,97,2,2
23351,146,125,21,21
23352,37,37,0,0
23353,94,82,12,12
23354,124,111,13,13
23355,91,99,-8,8
23356,85,79,6,6
23357,58,56,2,2
23358,78,76,2,2
23359,62,63,-1,1
23360,51,48,3,3
23361,85,81,4,4
23362,64,61,3,3
23363,108,108,0,0
23364,89,84,5,5
23365,120,111,9,9
23366,131,108,23,23
23367,50,48,2,2
23368,109,98,11,11
23369,82,71,11,11
23370,115,99,16,16
23371,121,111,10,10
23372,193,174,19,19
23373,66,59,7,7
23374,125,109,16,16
23375,64,59,5,5
23376,105,91,14,14
23377,47,46,1,1
23378,57,65,-8,8
23379,105,89,16,16
23380,124,115,9,9
23381,90,90,0,0
23382,126,106,20,20
23383,89,88,1,1
23384,122,106,16,16
23385,116,105,11,11
23386,80,63,17,17
23387,92,79,13,13
23388,62,78,-16,16
23389,144,133,11,11
23390,45,48,-3,3
23391,139,125,14,14
23392,117,102,15,15
23393,99,91,8,8
23394,98,88,10,10
23395,87,83,4,4
23396,171,135,36,36
23397,127,99,28,28
23398,114,98,16,16
23399,100,96,4,4
23400,71,73,-2,2
23401,143,120,23,23
23402,84,77,7,7
23403,89,76,13,13
23404,85,76,9,9
23405,69,62,7,7
23406,145,142,3,3
23407,115,109,6,6
23408,116,109,7,7
23409,114,108,6,6
23410,58,48,10,10
23411,79,68,11,11
23412,73,67,6,6
23413,114,109,5,5
23414,140,132,8,8
23415,92,89,3,3
23416,111,104,7,7
23417,131,129,2,2
23418,76,72,4,4
23419,94,88,6,6
23420,91,93,-2,2
23421,76,65,11,11
23422,115,99,16,16
23423,65,57,8,8
23424,113,109,4,4
23425,85,85,0,0
23426,214,213,1,1
23427,211,189,22,22
23428,41,43,-2,2
23429,78,68,10,10
23430,161,143,18,18
23431,79,70,9,9
23432,51,51,0,0
23433,103,97,6,6
23434,73,70,3,3
23435,55,56,-1,1
23436,136,106,30,30
23437,131,123,8,8
23438,77,72,5,5
23439,80,70,10,10
23440,110,105,5,5
23441,54,50,4,4
23442,111,109,2,2
23443,84,78,6,6
23444,70,60,10,10
23445,70,61,9,9
23446,106,92,14,14
23447,97,89,8,8
23448,100,87,13,13
23449,135,121,14,14
23450,86,77,9,9
23451,42,35,7,7
23452,132,127,5,5
23453,73,66,7,7
23454,125,115,10,10
23455,83,78,5,5
23456,125,116,9,9
23457,120,108,12,12
23458,110,97,13,13
23459,197,173,24,24
23460,111,100,11,11
23461,86,85,1,1
23462,76,63,13,13
23463,150,130,20,20
23464,115,107,8,8
23465,89,89,0,0
23466,176,131,45,45
23467,64,65,-1,1
23468,120,107,13,13
23469,121,105,16,16
23470,64,73,-9,9
23471,49,57,-8,8
23472,70,59,11,11
23473,112,97,15,15
23474,89,88,1,1
23475,107,95,12,12
23476,155,143,12,12
23477,73,71,2,2
23478,129,126,3,3
23479,161,141,20,20
23480,89,80,9,9
23481,113,104,9,9
23482,99,84,15,15
23483,127,118,9,9
23484,115,105,10,10
23485,78,71,7,7
23486,155,155,0,0
23487,54,46,8,8
23488,89,81,8,8
23489,115,99,16,16
23490,82,73,9,9
23491,165,148,17,17
23492,90,79,11,11
23493,87,78,9,9
23494,115,102,13,13
23495,70,64,6,6
23496,85,72,13,13
23497,101,90,11,11
23498,118,123,-5,5
23499,135,106,29,29
23500,74,64,10,10
23501,108,111,-3,3
23502,134,123,11,11
23503,109,99,10,10
23504,77,69,8,8
23505,71,59,12,12
23506,78,67,11,11
23507,125,100,25,25
23508,90,80,10,10
23509,47,38,9,9
23510,89,76,13,13
23511,102,87,15,15
23512,94,87,7,7
23513,137,132,5,5
23514,110,93,17,17
23515,100,90,10,10
23516,125,108,17,17
23517,57,83,-26,26
23518,120,104,16,16
23519,149,135,14,14
23520,69,70,-1,1
23521,91,92,-1,1
23522,69,62,7,7
23523,143,127,16,16
23524,112,95,17,17
23525,108,90,18,18
23526,83,85,-2,2
23527,102,99,3,3
23528,55,50,5,5
23529,101,89,12,12
23530,39,39,0,0
23531,173,164,9,9
23532,98,85,13,13
23533,136,122,14,14
23534,62,57,5,5
23535,188,147,41,41
23536,98,91,7,7
23537,132,117,15,15
23538,89,90,-1,1
23539,106,101,5,5
23540,101,103,-2,2
23541,150,126,24,24
23542,194,166,28,28
23543,108,103,5,5
23544,78,80,-2,2
23545,70,63,7,7
23546,93,91,2,2
23547,65,67,-2,2
23548,113,94,19,19
23549,129,116,13,13
23550,94,87,7,7
23551,108,96,12,12
23552,90,85,5,5
23553,68,64,4,4
23554,98,93,5,5
23555,96,101,-5,5
23556,85,87,-2,2
23557,137,129,8,8
23558,112,103,9,9
23559,168,147,21,21
23560,87,86,1,1
23561,134,118,16,16
23562,75,72,3,3
23563,135,118,17,17
23564,81,74,7,7
23565,96,97,-1,1
23566,91,90,1,1
23567,104,85,19,19
23568,105,91,14,14
23569,56,49,7,7
23570,111,99,12,12
23571,56,60,-4,4
23572,62,54,8,8
23573,103,96,7,7
23574,144,137,7,7
23575,101,90,11,11
23576,79,64,15,15
23577,102,88,14,14
23578,121,110,11,11
23579,140,126,14,14
23580,135,124,11,11
23581,80,69,11,11
23582,51,53,-2,2
23583,152,136,16,16
23584,94,83,11,11
23585,52,42,10,10
23586,78,75,3,3
23587,82,76,6,6
23588,75,65,10,10
23589,117,110,7,7
23590,136,121,15,15
23591,92,83,9,9
23592,55,44,11,11
23593,126,107,19,19
23594,55,54,1,1
23595,43,41,2,2
23596,83,83,0,0
23597,116,114,2,2
23598,113,103,10,10
23599,60,55,5,5
23600,100,90,10,10
23601,100,98,2,2
23602,113,101,12,12
23603,123,130,-7,7
23604,69,66,3,3
23605,113,120,-7,7
23606,71,71,0,0
23607,132,114,18,18
23608,151,139,12,12
23609,57,52,5,5
23610,105,95,10,10
23611,188,133,55,55
23612,79,67,12,12
23613,151,139,12,12
23614,137,128,9,9
23615,42,39,3,3
23616,144,130,14,14
23617,41,42,-1,1
23618,82,75,7,7
23619,91,77,14,14
23620,65,63,2,2
23621,65,59,6,6
23622,103,96,7,7
23623,116,105,11,11
23624,149,139,10,10
23625,202,172,30,30
23626,61,55,6,6
23627,78,70,8,8
23628,154,126,28,28
23629,87,80,7,7
23630,93,80,13,13
23631,134,115,19,19
23632,116,110,6,6
23633,124,121,3,3
23634,148,133,15,15
23635,140,129,11,11
23636,69,58,11,11
23637,107,99,8,8
23638,99,86,13,13
23639,137,119,18,18
23640,165,131,34,34
23641,102,86,16,16
23642,116,101,15,15
23643,95,68,27,27
23644,86,96,-10,10
23645,88,90,-2,2
23646,108,99,9,9
23647,153,143,10,10
23648,69,62,7,7
23649,76,68,8,8
23650,103,91,12,12
23651,79,84,-5,5
23652,129,107,22,22
23653,87,80,7,7
23654,67,61,6,6
23655,81,74,7,7
23656,118,105,13,13
23657,69,60,9,9
23658,63,63,0,0
23659,77,70,7,7
23660,113,101,12,12
23661,143,132,11,11
23662,57,55,2,2
23663,86,80,6,6
23664,36,49,-13,13
23665,128,102,26,26
23666,111,100,11,11
23667,68,66,2,2
23668,60,62,-2,2
23669,90,80,10,10
23670,99,89,10,10
23671,80,69,11,11
23672,79,81,-2,2
23673,84,77,7,7
23674,77,64,13,13
23675,132,120,12,12
23676,94,60,34,34
23677,95,91,4,4
23678,67,62,5,5
23679,134,114,20,20
23680,148,136,12,12
23681,92,80,12,12
23682,85,70,15,15
23683,69,73,-4,4
23684,107,106,1,1
23685,113,121,-8,8
23686,49,45,4,4
23687,31,32,-1,1
23688,72,69,3,3
23689,135,125,10,10
23690,126,110,16,16
23691,67,63,4,4
23692,70,72,-2,2
23693,64,59,5,5
23694,70,81,-11,11
23695,88,72,16,16
23696,66,67,-1,1
23697,80,85,-5,5
23698,82,87,-5,5
23699,85,81,4,4
23700,128,118,10,10
23701,116,105,11,11
23702,74,61,13,13
23703,107,96,11,11
23704,74,66,8,8
23705,133,109,24,24
23706,91,78,13,13
23707,100,94,6,6
23708,90,73,17,17
23709,41,43,-2,2
23710,117,104,13,13
23711,91,88,3,3
23712,108,112,-4,4
23713,61,59,2,2
23714,201,177,24,24
23715,112,101,11,11
23716,62,54,8,8
23717,70,64,6,6
23718,79,72,7,7
23719,85,71,14,14
23720,138,119,19,19
23721,132,119,13,13
23722,46,50,-4,4
23723,172,158,14,14
23724,120,103,17,17
23725,120,105,15,15
23726,96,92,4,4
23727,108,95,13,13
23728,125,121,4,4
23729,72,73,-1,1
23730,110,91,19,19
23731,51,51,0,0
23732,127,117,10,10
23733,109,103,6,6
23734,70,62,8,8
23735,91,82,9,9
23736,53,57,-4,4
23737,195,180,15,15
23738,63,61,2,2
23739,97,93,4,4
23740,109,94,15,15
23741,116,111,5,5
23742,52,57,-5,5
23743,66,71,-5,5
23744,70,60,10,10
23745,143,136,7,7
23746,61,75,-14,14
23747,105,87,18,18
23748,58,51,7,7
23749,141,130,11,11
23750,64,56,8,8
23751,126,115,11,11
23752,154,139,15,15
23753,103,86,17,17
23754,54,51,3,3
23755,100,92,8,8
23756,99,92,7,7
23757,84,82,2,2
23758,67,64,3,3
23759,51,58,-7,7
23760,118,109,9,9
23761,139,117,22,22
23762,83,78,5,5
23763,127,116,11,11
23764,98,84,14,14
23765,86,74,12,12
23766,53,51,2,2
23767,111,108,3,3
23768,82,76,6,6
23769,101,84,17,17
23770,79,74,5,5
23771,82,82,0,0
23772,101,82,19,19
23773,172,147,25,25
23774,49,51,-2,2
23775,144,126,18,18
23776,79,72,7,7
23777,71,69,2,2
23778,109,105,4,4
23779,97,86,11,11
23780,134,117,17,17
23781,139,145,-6,6
23782,103,88,15,15
23783,104,89,15,15
23784,45,48,-3,3
23785,124,123,1,1
23786,77,75,2,2
23787,92,85,7,7
23788,54,52,2,2
23789,96,90,6,6
23790,77,61,16,16
23791,99,82,17,17
23792,46,43,3,3
23793,128,118,10,10
23794,114,113,1,1
23795,183,162,21,21
23796,74,70,4,4
23797,152,130,22,22
23798,95,79,16,16
23799,84,67,17,17
23800,103,94,9,9
23801,118,103,15,15
23802,82,90,-8,8
23803,161,157,4,4
23804,93,77,16,16
23805,91,76,15,15
23806,106,92,14,14
23807,91,79,12,12
23808,52,53,-1,1
23809,89,79,10,10
23810,80,75,5,5
23811,112,109,3,3
23812,69,59,10,10
23813,68,60,8,8
23814,219,184,35,35
23815,89,85,4,4
23816,127,114,13,13
23817,84,83,1,1
23818,85,74,11,11
23819,28,46,-18,18
23820,141,121,20,20
23821,92,89,3,3
23822,130,113,17,17
23823,59,59,0,0
23824,143,121,22,22
23825,145,124,21,21
23826,73,67,6,6
23827,177,163,14,14
23828,169,143,26,26
23829,54,46,8,8
23830,128,106,22,22
23831,52,51,1,1
23832,129,121,8,8
23833,99,95,4,4
23834,119,94,25,25
23835,75,71,4,4
23836,119,100,19,19
23837,103,89,14,14
23838,130,118,12,12
23839,119,102,17,17
23840,100,86,14,14
23841,159,152,7,7
23842,75,62,13,13
23843,86,83,3,3
23844,123,112,11,11
23845,74,69,5,5
23846,50,55,-5,5
23847,57,47,10,10
23848,50,48,2,2
23849,71,69,2,2
23850,96,86,10,10
23851,76,67,9,9
23852,130,113,17,17
23853,62,62,0,0
23854,92,80,12,12
23855,98,98,0,0
23856,67,55,12,12
23857,231,210,21,21
23858,68,53,15,15
23859,59,51,8,8
23860,82,64,18,18
23861,67,64,3,3
23862,88,72,16,16
23863,138,112,26,26
23864,81,63,18,18
23865,117,105,12,12
23866,67,65,2,2
23867,57,55,2,2
23868,53,48,5,5
23869,87,80,7,7
23870,123,118,5,5
23871,128,116,12,12
23872,80,73,7,7
23873,95,85,10,10
23874,105,98,7,7
23875,92,86,6,6
23876,97,84,13,13
23877,96,95,1,1
23878,114,95,19,19
23879,57,55,2,2
23880,174,147,27,27
23881,98,85,13,13
23882,96,78,18,18
23883,34,46,-12,12
23884,53,49,4,4
23885,70,65,5,5
23886,100,99,1,1
23887,112,106,6,6
23888,86,82,4,4
23889,106,95,11,11
23890,75,72,3,3
23891,97,101,-4,4
23892,93,87,6,6
23893,105,77,28,28
23894,108,97,11,11
23895,137,137,0,0
23896,99,95,4,4
23897,71,65,6,6
23898,157,151,6,6
23899,111,96,15,15
23900,102,84,18,18
23901,144,127,17,17
23902,86,75,11,11
23903,63,69,-6,6
23904,97,83,14,14
23905,30,34,-4,4
23906,77,70,7,7
23907,111,96,15,15
23908,77,67,10,10
23909,41,37,4,4
23910,82,80,2,2
23911,144,126,18,18
23912,117,106,11,11
23913,94,81,13,13
23914,58,54,4,4
23915,101,90,11,11
23916,105,86,19,19
23917,99,97,2,2
23918,88,76,12,12
23919,69,71,-2,2
23920,67,56,11,11
23921,51,56,-5,5
23922,120,106,14,14
23923,60,58,2,2
23924,90,79,11,11
23925,81,72,9,9
23926,163,161,2,2
23927,142,124,18,18
23928,65,61,4,4
23929,156,142,14,14
23930,52,44,8,8
23931,74,61,13,13
23932,115,104,11,11
23933,126,123,3,3
23934,48,42,6,6
23935,129,124,5,5
23936,160,141,19,19
23937,110,110,0,0
23938,121,116,5,5
23939,97,83,14,14
23940,110,127,-17,17
23941,135,121,14,14
23942,153,141,12,12
23943,103,115,-12,12
23944,103,91,12,12
23945,119,101,18,18
23946,76,74,2,2
23947,195,191,4,4
23948,57,53,4,4
23949,59,65,-6,6
23950,146,138,8,8
23951,91,74,17,17
23952,101,87,14,14
23953,240,189,51,51
23954,88,84,4,4
23955,83,66,17,17
23956,77,72,5,5
23957,82,78,4,4
23958,82,85,-3,3
23959,119,99,20,20
23960,106,90,16,16
23961,101,101,0,0
23962,78,76,2,2
23963,82,71,11,11
23964,82,74,8,8
23965,126,105,21,21
23966,87,87,0,0
23967,96,88,8,8
23968,68,63,5,5
23969,100,86,14,14
23970,71,69,2,2
23971,91,90,1,1
23972,118,106,12,12
23973,93,87,6,6
23974,87,82,5,5
23975,75,76,-1,1
23976,64,57,7,7
23977,94,80,14,14
23978,45,46,-1,1
23979,97,78,19,19
23980,115,102,13,13
23981,84,66,18,18
23982,139,118,21,21
23983,155,150,5,5
23984,65,63,2,2
23985,72,68,4,4
23986,65,64,1,1
23987,45,39,6,6
23988,92,88,4,4
23989,148,135,13,13
23990,163,133,30,30
23991,80,66,14,14
23992,131,111,20,20
23993,74,67,7,7
23994,62,58,4,4
23995,65,56,9,9
23996,110,88,22,22
23997,119,85,34,34
23998,110,97,13,13
23999,89,86,3,3
24000,104,107,-3,3
24001,110,110,0,0
24002,83,66,17,17
24003,134,122,12,12
24004,110,101,9,9
24005,74,80,-6,6
24006,152,140,12,12
24007,103,95,8,8
24008,47,44,3,3
24009,104,90,14,14
24010,59,58,1,1
24011,76,58,18,18
24012,82,79,3,3
24013,100,94,6,6
24014,127,116,11,11
24015,70,59,11,11
24016,71,72,-1,1
24017,83,85,-2,2
24018,80,73,7,7
24019,102,95,7,7
24020,70,72,-2,2
24021,89,78,11,11
24022,75,68,7,7
24023,104,91,13,13
24024,84,66,18,18
24025,56,54,2,2
24026,55,56,-1,1
24027,141,142,-1,1
24028,82,78,4,4
24029,182,155,27,27
24030,154,143,11,11
24031,86,79,7,7
24032,78,72,6,6
24033,91,83,8,8
24034,115,108,7,7
24035,112,109,3,3
24036,98,106,-8,8
24037,83,72,11,11
24038,58,53,5,5
24039,72,65,7,7
24040,46,54,-8,8
24041,54,51,3,3
24042,99,91,8,8
24043,100,116,-16,16
24044,114,107,7,7
24045,56,47,9,9
24046,49,51,-2,2
24047,63,55,8,8
24048,63,56,7,7
24049,72,64,8,8
24050,97,87,10,10
24051,59,58,1,1
24052,123,119,4,4
24053,109,104,5,5
24054,108,95,13,13
24055,95,94,1,1
24056,94,81,13,13
24057,59,58,1,1
24058,80,77,3,3
24059,140,128,12,12
24060,102,95,7,7
24061,65,64,1,1
24062,117,104,13,13
24063,63,49,14,14
24064,77,80,-3,3
24065,137,91,46,46
24066,114,105,9,9
24067,78,63,15,15
24068,45,44,1,1
24069,84,82,2,2
24070,96,91,5,5
24071,62,60,2,2
24072,67,68,-1,1
24073,178,149,29,29
24074,78,82,-4,4
24075,112,101,11,11
24076,99,74,25,25
24077,94,90,4,4
24078,86,65,21,21
24079,116,102,14,14
24080,64,55,9,9
24081,51,46,5,5
24082,176,137,39,39
24083,120,100,20,20
24084,121,96,25,25
24085,84,76,8,8
24086,108,97,11,11
24087,97,88,9,9
24088,91,84,7,7
24089,117,108,9,9
24090,102,84,18,18
24091,53,44,9,9
24092,82,71,11,11
24093,63,58,5,5
24094,50,82,-32,32
24095,121,104,17,17
24096,33,42,-9,9
24097,75,67,8,8
24098,98,92,6,6
24099,95,85,10,10
24100,94,83,11,11
24101,43,39,4,4
24102,88,93,-5,5
24103,72,68,4,4
24104,118,103,15,15
24105,76,74,2,2
24106,58,53,5,5
24107,104,77,27,27
24108,115,104,11,11
24109,63,51,12,12
24110,105,101,4,4
24111,59,53,6,6
24112,58,52,6,6
24113,146,126,20,20
24114,82,79,3,3
24115,114,113,1,1
24116,95,82,13,13
24117,46,46,0,0
24118,122,107,15,15
24119,78,74,4,4
24120,97,84,13,13
24121,111,102,9,9
24122,161,136,25,25
24123,157,151,6,6
24124,90,89,1,1
24125,69,59,10,10
24126,78,68,10,10
24127,111,97,14,14
24128,56,49,7,7
24129,83,64,19,19
24130,186,162,24,24
24131,76,74,2,2
24132,76,72,4,4
24133,136,126,10,10
24134,87,77,10,10
24135,87,72,15,15
24136,72,44,28,28
24137,64,67,-3,3
24138,162,149,13,13
24139,59,56,3,3
24140,77,65,12,12
24141,58,53,5,5
24142,65,55,10,10
24143,103,83,20,20
24144,74,69,5,5
24145,83,66,17,17
24146,62,55,7,7
24147,115,93,22,22
24148,88,83,5,5
24149,79,77,2,2
24150,102,92,10,10
24151,76,67,9,9
24152,72,68,4,4
24153,127,123,4,4
24154,57,55,2,2
24155,123,119,4,4
24156,108,96,12,12
24157,179,149,30,30
24158,56,75,-19,19
24159,129,128,1,1
24160,76,71,5,5
24161,160,127,33,33
24162,108,89,19,19
24163,65,61,4,4
24164,80,68,12,12
24165,68,71,-3,3
24166,125,142,-17,17
24167,55,52,3,3
24168,101,99,2,2
24169,102,91,11,11
24170,151,144,7,7
24171,98,115,-17,17
24172,72,76,-4,4
24173,124,113,11,11
24174,113,96,17,17
24175,84,68,16,16
24176,51,52,-1,1
24177,73,67,6,6
24178,58,40,18,18
24179,103,92,11,11
24180,89,71,18,18
24181,103,98,5,5
24182,122,112,10,10
24183,62,59,3,3
24184,152,130,22,22
24185,49,46,3,3
24186,76,73,3,3
24187,107,94,13,13
24188,63,73,-10,10
24189,132,119,13,13
24190,167,97,70,70
24191,105,91,14,14
24192,160,148,12,12
24193,86,78,8,8
24194,105,91,14,14
24195,88,81,7,7
24196,102,89,13,13
24197,102,106,-4,4
24198,101,108,-7,7
24199,48,51,-3,3
24200,131,122,9,9
24201,45,38,7,7
24202,100,92,8,8
24203,77,68,9,9
24204,131,128,3,3
24205,106,97,9,9
24206,115,101,14,14
24207,140,119,21,21
24208,111,108,3,3
24209,100,97,3,3
24210,55,53,2,2
24211,80,68,12,12
24212,98,90,8,8
24213,61,47,14,14
24214,106,92,14,14
24215,91,86,5,5
24216,96,84,12,12
24217,88,78,10,10
24218,79,77,2,2
24219,108,110,-2,2
24220,108,105,3,3
24221,137,111,26,26
24222,110,103,7,7
24223,67,62,5,5
24224,81,71,10,10
24225,74,69,5,5
24226,95,94,1,1
24227,36,29,7,7
24228,96,88,8,8
24229,80,79,1,1
24230,86,71,15,15
24231,145,143,2,2
24232,163,152,11,11
24233,57,49,8,8
24234,91,91,0,0
24235,100,98,2,2
24236,55,47,8,8
24237,118,104,14,14
24238,183,171,12,12
24239,79,78,1,1
24240,82,64,18,18
24241,107,98,9,9
24242,47,42,5,5
24243,103,101,2,2
24244,78,67,11,11
24245,114,109,5,5
24246,127,112,15,15
24247,65,62,3,3
24248,149,147,2,2
24249,72,62,10,10
24250,75,70,5,5
24251,99,90,9,9
24252,91,82,9,9
24253,50,54,-4,4
24254,116,103,13,13
24255,150,123,27,27
24256,136,134,2,2
24257,145,99,46,46
24258,64,64,0,0
24259,81,75,6,6
24260,76,64,12,12
24261,91,74,17,17
24262,64,54,10,10
24263,52,47,5,5
24264,85,80,5,5
24265,93,87,6,6
24266,80,82,-2,2
24267,84,81,3,3
24268,71,64,7,7
24269,73,64,9,9
24270,54,57,-3,3
24271,87,73,14,14
24272,88,87,1,1
24273,50,51,-1,1
24274,122,106,16,16
24275,98,90,8,8
24276,82,69,13,13
24277,173,151,22,22
24278,78,69,9,9
24279,106,90,16,16
24280,103,103,0,0
24281,78,69,9,9
24282,57,55,2,2
24283,125,122,3,3
24284,103,96,7,7
24285,100,92,8,8
24286,78,74,4,4
24287,122,103,19,19
24288,122,123,-1,1
24289,135,117,18,18
24290,110,88,22,22
24291,174,146,28,28
24292,54,50,4,4
24293,43,44,-1,1
24294,82,72,10,10
24295,91,74,17,17
24296,104,87,17,17
24297,148,129,19,19
24298,30,33,-3,3
24299,115,101,14,14
24300,122,107,15,15
24301,126,109,17,17
24302,68,67,1,1
24303,119,91,28,28
24304,124,123,1,1
24305,81,61,20,20
24306,74,64,10,10
24307,75,68,7,7
24308,57,54,3,3
24309,92,65,27,27
24310,79,64,15,15
24311,118,115,3,3
24312,62,61,1,1
24313,86,68,18,18
24314,57,44,13,13
24315,93,96,-3,3
24316,111,92,19,19
24317,77,73,4,4
24318,66,67,-1,1
24319,142,99,43,43
24320,117,96,21,21
24321,48,44,4,4
24322,195,164,31,31
24323,100,94,6,6
24324,103,79,24,24
24325,59,65,-6,6
24326,76,69,7,7
24327,108,100,8,8
24328,127,119,8,8
24329,91,74,17,17
24330,67,66,1,1
24331,157,136,21,21
24332,120,122,-2,2
24333,79,71,8,8
24334,95,87,8,8
24335,103,95,8,8
24336,126,112,14,14
24337,73,90,-17,17
24338,53,56,-3,3
24339,126,117,9,9
24340,78,68,10,10
24341,128,120,8,8
24342,51,49,2,2
24343,76,67,9,9
24344,130,122,8,8
24345,87,82,5,5
24346,76,74,2,2
24347,71,63,8,8
24348,115,106,9,9
24349,119,110,9,9
24350,75,67,8,8
24351,75,76,-1,1
24352,93,78,15,15
24353,128,126,2,2
24354,127,147,-20,20
24355,94,88,6,6
24356,133,115,18,18
24357,53,42,11,11
24358,146,127,19,19
24359,117,120,-3,3
24360,74,67,7,7
24361,126,114,12,12
24362,41,46,-5,5
24363,143,133,10,10
24364,90,81,9,9
24365,73,72,1,1
24366,156,141,15,15
24367,72,64,8,8
24368,59,52,7,7
24369,27,27,0,0
24370,93,88,5,5
24371,87,84,3,3
24372,44,46,-2,2
24373,182,170,12,12
24374,90,84,6,6
24375,170,150,20,20
24376,128,118,10,10
24377,102,89,13,13
24378,99,89,10,10
24379,106,92,14,14
24380,86,74,12,12
24381,127,106,21,21
24382,99,82,17,17
24383,101,92,9,9
24384,155,132,23,23
24385,184,152,32,32
24386,98,87,11,11
24387,95,87,8,8
24388,108,125,-17,17
24389,103,97,6,6
24390,147,134,13,13
24391,100,86,14,14
24392,76,88,-12,12
24393,308,186,122,122
24394,71,55,16,16
24395,80,75,5,5
24396,88,74,14,14
24397,92,95,-3,3
24398,105,101,4,4
24399,63,64,-1,1
24400,89,79,10,10
24401,77,81,-4,4
24402,94,85,9,9
24403,72,79,-7,7
24404,65,56,9,9
24405,132,118,14,14
24406,90,79,11,11
24407,83,77,6,6
24408,35,67,-32,32
24409,163,144,19,19
24410,73,67,6,6
24411,117,108,9,9
24412,87,77,10,10
24413,70,70,0,0
24414,189,166,23,23
24415,81,72,9,9
24416,59,62,-3,3
24417,110,108,2,2
24418,103,101,2,2
24419,89,86,3,3
24420,90,72,18,18
24421,475,406,69,69
24422,66,54,12,12
24423,97,92,5,5
24424,89,73,16,16
24425,106,96,10,10
24426,81,72,9,9
24427,143,131,12,12
24428,113,103,10,10
24429,83,81,2,2
24430,276,257,19,19
24431,88,77,11,11
24432,91,88,3,3
24433,179,150,29,29
24434,175,125,50,50
24435,86,78,8,8
24436,60,57,3,3
24437,86,80,6,6
24438,104,91,13,13
24439,144,129,15,15
24440,93,83,10,10
24441,98,90,8,8
24442,59,63,-4,4
24443,112,133,-21,21
24444,98,101,-3,3
24445,60,54,6,6
24446,72,63,9,9
24447,42,43,-1,1
24448,57,49,8,8
24449,138,118,20,20
24450,99,86,13,13
24451,134,126,8,8
24452,96,73,23,23
24453,101,85,16,16
24454,88,87,1,1
24455,79,77,2,2
24456,61,51,10,10
24457,77,60,17,17
24458,119,108,11,11
24459,124,106,18,18
24460,77,75,2,2
24461,81,76,5,5
24462,70,63,7,7
24463,120,120,0,0
24464,90,89,1,1
24465,88,86,2,2
24466,49,42,7,7
24467,70,63,7,7
24468,90,80,10,10
24469,70,60,10,10
24470,119,101,18,18
24471,99,91,8,8
24472,79,76,3,3
24473,112,103,9,9
24474,63,62,1,1
24475,40,43,-3,3
24476,145,126,19,19
24477,82,70,12,12
24478,87,80,7,7
24479,75,61,14,14
24480,71,63,8,8
24481,84,72,12,12
24482,85,71,14,14
24483,101,87,14,14
24484,111,91,20,20
24485,90,85,5,5
24486,63,58,5,5
24487,174,167,7,7
24488,106,94,12,12
24489,64,64,0,0
24490,33,33,0,0
24491,100,100,0,0
24492,185,151,34,34
24493,68,63,5,5
24494,29,33,-4,4
24495,45,44,1,1
24496,58,56,2,2
24497,120,102,18,18
24498,124,103,21,21
24499,70,60,10,10
24500,104,101,3,3
24501,101,89,12,12
24502,92,85,7,7
24503,81,69,12,12
24504,59,54,5,5
24505,84,77,7,7
24506,67,64,3,3
24507,105,89,16,16
24508,81,73,8,8
24509,56,53,3,3
24510,115,109,6,6
24511,117,105,12,12
24512,95,80,15,15
24513,134,114,20,20
24514,89,85,4,4
24515,136,124,12,12
24516,100,92,8,8
24517,95,100,-5,5
24518,73,69,4,4
24519,58,61,-3,3
24520,157,136,21,21
24521,77,63,14,14
24522,54,40,14,14
24523,90,94,-4,4
24524,85,83,2,2
24525,71,67,4,4
24526,73,66,7,7
24527,87,76,11,11
24528,57,57,0,0
24529,64,59,5,5
24530,72,64,8,8
24531,184,148,36,36
24532,152,110,42,42
24533,88,82,6,6
24534,90,78,12,12
24535,96,95,1,1
24536,117,97,20,20
24537,65,56,9,9
24538,101,86,15,15
24539,130,123,7,7
24540,189,158,31,31
24541,80,76,4,4
24542,72,67,5,5
24543,99,96,3,3
24544,131,116,15,15
24545,120,119,1,1
24546,64,62,2,2
24547,59,44,15,15
24548,69,67,2,2
24549,44,47,-3,3
24550,85,87,-2,2
24551,51,62,-11,11
24552,70,68,2,2
24553,61,64,-3,3
24554,110,113,-3,3
24555,69,67,2,2
24556,56,51,5,5
24557,125,132,-7,7
24558,91,79,12,12
24559,53,55,-2,2
24560,91,85,6,6
24561,42,43,-1,1
24562,85,78,7,7
24563,33,34,-1,1
24564,94,76,18,18
24565,143,128,15,15
24566,72,59,13,13
24567,85,77,8,8
24568,132,126,6,6
24569,103,89,14,14
24570,131,102,29,29
24571,72,66,6,6
24572,109,101,8,8
24573,104,95,9,9
24574,128,109,19,19
24575,147,130,17,17
24576,90,79,11,11
24577,44,45,-1,1
24578,84,77,7,7
24579,129,122,7,7
24580,76,83,-7,7
24581,82,85,-3,3
24582,155,122,33,33
24583,141,118,23,23
24584,110,109,1,1
24585,117,112,5,5
24586,112,104,8,8
24587,109,106,3,3
24588,63,48,15,15
24589,68,61,7,7
24590,140,120,20,20
24591,42,44,-2,2
24592,97,99,-2,2
24593,73,63,10,10
24594,49,40,9,9
24595,163,129,34,34
24596,116,107,9,9
24597,98,103,-5,5
24598,97,88,9,9
24599,76,71,5,5
24600,84,77,7,7
24601,52,41,11,11
24602,134,119,15,15
24603,62,52,10,10
24604,123,116,7,7
24605,55,50,5,5
24606,80,76,4,4
24607,77,71,6,6
24608,121,121,0,0
24609,45,48,-3,3
24610,66,63,3,3
24611,59,45,14,14
24612,45,47,-2,2
24613,63,57,6,6
24614,65,70,-5,5
24615,95,86,9,9
24616,84,72,12,12
24617,110,115,-5,5
24618,83,76,7,7
24619,133,105,28,28
24620,111,100,11,11
24621,69,66,3,3
24622,43,37,6,6
24623,97,94,3,3
24624,78,83,-5,5
24625,75,69,6,6
24626,130,110,20,20
24627,73,68,5,5
24628,156,143,13,13
24629,110,87,23,23
24630,132,122,10,10
24631,108,104,4,4
24632,97,91,6,6
24633,139,124,15,15
24634,88,78,10,10
24635,136,114,22,22
24636,115,99,16,16
24637,141,122,19,19
24638,125,114,11,11
24639,114,101,13,13
24640,127,114,13,13
24641,87,79,8,8
24642,126,115,11,11
24643,83,86,-3,3
24644,68,59,9,9
24645,100,86,14,14
24646,67,65,2,2
24647,79,63,16,16
24648,123,110,13,13
24649,49,44,5,5
24650,73,81,-8,8
24651,105,92,13,13
24652,86,77,9,9
24653,78,81,-3,3
24654,97,81,16,16
24655,95,94,1,1
24656,46,47,-1,1
24657,105,103,2,2
24658,157,135,22,22
24659,97,100,-3,3
24660,130,115,15,15
24661,114,118,-4,4
24662,56,55,1,1
24663,37,37,0,0
24664,133,121,12,12
24665,80,91,-11,11
24666,56,51,5,5
24667,64,57,7,7
24668,78,75,3,3
24669,96,81,15,15
24670,90,78,12,12
24671,126,106,20,20
24672,85,79,6,6
24673,60,50,10,10
24674,92,79,13,13
24675,105,95,10,10
24676,92,86,6,6
24677,85,76,9,9
24678,187,154,33,33
24679,108,111,-3,3
24680,64,57,7,7
24681,99,87,12,12
24682,92,86,6,6
24683,111,102,9,9
24684,83,68,15,15
24685,92,78,14,14
24686,68,55,13,13
24687,158,129,29,29
24688,54,48,6,6
24689,86,69,17,17
24690,94,89,5,5
24691,102,94,8,8
24692,55,50,5,5
24693,52,57,-5,5
24694,69,70,-1,1
24695,97,86,11,11
24696,59,59,0,0
24697,86,78,8,8
24698,104,100,4,4
24699,119,116,3,3
24700,124,101,23,23
24701,99,92,7,7
24702,94,83,11,11
24703,129,124,5,5
24704,134,107,27,27
24705,58,60,-2,2
24706,131,110,21,21
24707,100,83,17,17
24708,97,81,16,16
24709,75,63,12,12
24710,133,121,12,12
24711,87,72,15,15
24712,76,68,8,8
24713,55,51,4,4
24714,167,156,11,11
24715,108,104,4,4
24716,64,58,6,6
24717,56,61,-5,5
24718,49,74,-25,25
24719,55,48,7,7
24720,80,90,-10,10
24721,55,52,3,3
24722,169,148,21,21
24723,156,139,17,17
24724,102,89,13,13
24725,94,84,10,10
24726,92,83,9,9
24727,116,119,-3,3
24728,120,112,8,8
24729,107,96,11,11
24730,113,104,9,9
24731,75,71,4,4
24732,67,55,12,12
24733,98,81,17,17
24734,193,163,30,30
24735,165,151,14,14
24736,92,75,17,17
24737,53,47,6,6
24738,82,86,-4,4
24739,113,111,2,2
24740,89,87,2,2
24741,93,79,14,14
24742,94,85,9,9
24743,87,78,9,9
24744,145,118,27,27
24745,142,123,19,19
24746,115,101,14,14
24747,82,79,3,3
24748,87,85,2,2
24749,74,61,13,13
24750,61,54,7,7
24751,125,108,17,17
24752,74,67,7,7
24753,129,115,14,14
24754,88,73,15,15
24755,93,88,5,5
24756,83,76,7,7
24757,123,104,19,19
24758,103,91,12,12
24759,136,127,9,9
24760,88,80,8,8
24761,94,81,13,13
24762,71,69,2,2
24763,80,81,-1,1
24764,73,65,8,8
24765,90,75,15,15
24766,81,71,10,10
24767,85,85,0,0
24768,48,50,-2,2
24769,122,122,0,0
24770,120,107,13,13
24771,100,95,5,5
24772,123,104,19,19
24773,154,129,25,25
24774,49,53,-4,4
24775,110,87,23,23
24776,90,85,5,5
24777,103,91,12,12
24778,69,70,-1,1
24779,113,97,16,16
24780,102,93,9,9
24781,80,97,-17,17
24782,45,44,1,1
24783,154,137,17,17
24784,116,98,18,18
24785,125,108,17,17
24786,182,150,32,32
24787,68,58,10,10
24788,82,64,18,18
24789,78,72,6,6
24790,60,67,-7,7
24791,119,102,17,17
24792,76,71,5,5
24793,102,93,9,9
24794,94,103,-9,9
24795,76,74,2,2
24796,52,46,6,6
24797,82,68,14,14
24798,117,110,7,7
24799,110,95,15,15
24800,165,139,26,26
24801,79,65,14,14
24802,132,114,18,18
24803,118,101,17,17
24804,95,82,13,13
24805,74,72,2,2
24806,52,61,-9,9
24807,104,99,5,5
24808,103,117,-14,14
24809,119,108,11,11
24810,99,91,8,8
24811,141,122,19,19
24812,62,51,11,11
24813,95,89,6,6
24814,115,103,12,12
24815,97,99,-2,2
24816,46,54,-8,8
24817,122,117,5,5
24818,121,113,8,8
24819,102,99,3,3
24820,148,130,18,18
24821,71,60,11,11
24822,114,93,21,21
24823,126,110,16,16
24824,84,75,9,9
24825,83,74,9,9
24826,101,79,22,22
24827,98,86,12,12
24828,121,103,18,18
24829,84,84,0,0
24830,56,59,-3,3
24831,90,69,21,21
24832,85,73,12,12
24833,87,77,10,10
24834,113,105,8,8
24835,140,126,14,14
24836,116,107,9,9
24837,120,117,3,3
24838,82,71,11,11
24839,150,130,20,20
24840,89,79,10,10
24841,72,65,7,7
24842,106,99,7,7
24843,66,67,-1,1
24844,67,60,7,7
24845,78,69,9,9
24846,118,103,15,15
24847,83,88,-5,5
24848,133,125,8,8
24849,127,116,11,11
24850,178,154,24,24
24851,70,61,9,9
24852,50,47,3,3
24853,121,105,16,16
24854,127,115,12,12
24855,62,48,14,14
24856,74,67,7,7
24857,79,71,8,8
24858,95,83,12,12
24859,103,97,6,6
24860,113,94,19,19
24861,58,67,-9,9
24862,162,114,48,48
24863,43,38,5,5
24864,73,63,10,10
24865,60,55,5,5
24866,134,117,17,17
24867,66,64,2,2
24868,42,50,-8,8
24869,89,76,13,13
24870,82,61,21,21
24871,133,120,13,13
24872,28,29,-1,1
24873,120,99,21,21
24874,60,53,7,7
24875,59,60,-1,1
24876,54,48,6,6
24877,81,78,3,3
24878,102,93,9,9
24879,47,47,0,0
24880,90,71,19,19
24881,123,101,22,22
24882,83,75,8,8
24883,92,99,-7,7
24884,105,94,11,11
24885,108,86,22,22
24886,114,114,0,0
24887,57,56,1,1
24888,67,62,5,5
24889,85,85,0,0
24890,68,63,5,5
24891,55,48,7,7
24892,93,80,13,13
24893,61,59,2,2
24894,61,56,5,5
24895,87,80,7,7
24896,85,76,9,9
24897,88,83,5,5
24898,57,50,7,7
24899,65,60,5,5
24900,58,57,1,1
24901,118,106,12,12
24902,94,91,3,3
24903,164,149,15,15
24904,74,69,5,5
24905,106,142,-36,36
24906,97,104,-7,7
24907,117,104,13,13
24908,123,113,10,10
24909,72,77,-5,5
24910,73,65,8,8
24911,105,138,-33,33
24912,53,51,2,2
24913,63,57,6,6
24914,85,75,10,10
24915,136,132,4,4
24916,113,95,18,18
24917,92,96,-4,4
24918,97,91,6,6
24919,95,97,-2,2
24920,106,93,13,13
24921,167,148,19,19
24922,121,121,0,0
24923,42,39,3,3
24924,80,79,1,1
24925,48,54,-6,6
24926,116,104,12,12
24927,117,105,12,12
24928,67,59,8,8
24929,69,63,6,6
24930,114,98,16,16
24931,134,115,19,19
24932,91,76,15,15
24933,88,76,12,12
24934,130,118,12,12
24935,187,170,17,17
24936,99,94,5,5
24937,95,96,-1,1
24938,151,137,14,14
24939,97,89,8,8
24940,66,58,8,8
24941,39,34,5,5
24942,114,106,8,8
24943,124,108,16,16
24944,109,100,9,9
24945,92,98,-6,6
24946,50,48,2,2
24947,139,120,19,19
24948,116,109,7,7
24949,79,69,10,10
24950,69,79,-10,10
24951,95,92,3,3
24952,112,106,6,6
24953,57,61,-4,4
24954,57,55,2,2
24955,112,110,2,2
24956,77,75,2,2
24957,79,76,3,3
24958,115,101,14,14
24959,52,53,-1,1
24960,121,98,23,23
24961,93,88,5,5
24962,51,45,6,6
24963,71,63,8,8
24964,126,117,9,9
24965,149,130,19,19
24966,91,101,-10,10
24967,142,131,11,11
24968,55,59,-4,4
24969,110,100,10,10
24970,197,189,8,8
24971,85,75,10,10
24972,115,103,12,12
24973,111,97,14,14
24974,136,116,20,20
24975,57,54,3,3
24976,100,82,18,18
24977,121,101,20,20
24978,105,91,14,14
24979,145,141,4,4
24980,93,81,12,12
24981,104,96,8,8
24982,104,87,17,17
24983,89,77,12,12
24984,82,74,8,8
24985,137,115,22,22
24986,112,93,19,19
24987,99,82,17,17
24988,94,87,7,7
24989,140,119,21,21
24990,75,71,4,4
24991,114,107,7,7
24992,71,65,6,6
24993,155,127,28,28
24994,71,65,6,6
24995,61,54,7,7
24996,84,85,-1,1
24997,75,67,8,8
24998,128,129,-1,1
24999,247,224,23,23
25000,101,98,3,3
25001,113,93,20,20
25002,116,106,10,10
25003,112,102,10,10
25004,83,78,5,5
25005,52,49,3,3
25006,73,56,17,17
25007,43,49,-6,6
25008,96,92,4,4
25009,49,54,-5,5
25010,57,59,-2,2
25011,104,114,-10,10
25012,86,78,8,8
25013,66,63,3,3
25014,69,74,-5,5
25015,92,89,3,3
25016,120,111,9,9
25017,124,117,7,7
25018,109,93,16,16
25019,90,93,-3,3
25020,88,80,8,8
25021,60,55,5,5
25022,100,94,6,6
25023,171,187,-16,16
25024,55,54,1,1
25025,143,128,15,15
25026,104,91,13,13
25027,120,112,8,8
25028,132,116,16,16
25029,142,131,11,11
25030,68,62,6,6
25031,74,65,9,9
25032,107,97,10,10
25033,82,71,11,11
25034,48,46,2,2
25035,83,73,10,10
25036,66,60,6,6
25037,90,83,7,7
25038,114,109,5,5
25039,123,98,25,25
25040,140,117,23,23
25041,71,56,15,15
25042,112,98,14,14
25043,175,168,7,7
25044,148,122,26,26
25045,87,73,14,14
25046,156,140,16,16
25047,44,40,4,4
25048,105,96,9,9
25049,120,114,6,6
25050,65,59,6,6
25051,120,114,6,6
25052,69,61,8,8
25053,91,91,0,0
25054,135,106,29,29
25055,133,122,11,11
25056,81,77,4,4
25057,74,61,13,13
25058,144,134,10,10
25059,146,135,11,11
25060,95,76,19,19
25061,223,178,45,45
25062,126,98,28,28
25063,49,45,4,4
25064,102,94,8,8
25065,116,103,13,13
25066,60,56,4,4
25067,154,139,15,15
25068,134,103,31,31
25069,100,91,9,9
25070,76,63,13,13
25071,74,65,9,9
25072,77,62,15,15
25073,88,82,6,6
25074,76,76,0,0
25075,81,75,6,6
25076,165,145,20,20
25077,108,93,15,15
25078,53,23,30,30
25079,59,58,1,1
25080,85,95,-10,10
25081,98,89,9,9
25082,58,54,4,4
25083,105,95,10,10
25084,148,133,15,15
25085,159,130,29,29
25086,163,151,12,12
25087,102,89,13,13
25088,71,72,-1,1
25089,156,138,18,18
25090,97,85,12,12
25091,97,81,16,16
25092,72,66,6,6
25093,83,101,-18,18
25094,81,59,22,22
25095,103,91,12,12
25096,95,88,7,7
25097,82,87,-5,5
25098,121,109,12,12
25099,78,75,3,3
25100,98,87,11,11
25101,145,134,11,11
25102,122,109,13,13
25103,123,107,16,16
25104,76,67,9,9
25105,195,165,30,30
25106,48,38,10,10
25107,59,67,-8,8
25108,73,67,6,6
25109,73,69,4,4
25110,63,53,10,10
25111,178,143,35,35
25112,69,61,8,8
25113,96,86,10,10
25114,67,60,7,7
25115,46,40,6,6
25116,88,80,8,8
25117,47,47,0,0
25118,45,43,2,2
25119,47,39,8,8
25120,123,110,13,13
25121,124,112,12,12
25122,167,148,19,19
25123,136,114,22,22
25124,72,69,3,3
25125,109,102,7,7
25126,74,69,5,5
25127,80,70,10,10
25128,126,114,12,12
25129,119,104,15,15
25130,60,57,3,3
25131,98,91,7,7
25132,128,106,22,22
25133,96,82,14,14
25134,109,97,12,12
25135,135,116,19,19
25136,86,72,14,14
25137,125,111,14,14
25138,71,72,-1,1
25139,137,121,16,16
25140,86,82,4,4
25141,150,147,3,3
25142,83,83,0,0
25143,57,52,5,5
25144,87,82,5,5
25145,58,63,-5,5
25146,74,77,-3,3
25147,168,135,33,33
25148,145,122,23,23
25149,65,60,5,5
25150,76,74,2,2
25151,114,103,11,11
25152,151,141,10,10
25153,146,151,-5,5
25154,65,63,2,2
25155,77,81,-4,4
25156,165,138,27,27
25157,89,98,-9,9
25158,107,94,13,13
25159,96,104,-8,8
25160,115,106,9,9
25161,74,62,12,12
25162,160,144,16,16
25163,82,77,5,5
25164,80,70,10,10
25165,94,91,3,3
25166,97,89,8,8
25167,48,62,-14,14
25168,79,63,16,16
25169,16,27,-11,11
25170,100,92,8,8
25171,51,65,-14,14
25172,86,76,10,10
25173,108,100,8,8
25174,46,39,7,7
25175,55,47,8,8
25176,112,114,-2,2
25177,84,76,8,8
25178,100,93,7,7
25179,150,126,24,24
25180,138,123,15,15
25181,92,81,11,11
25182,66,62,4,4
25183,103,93,10,10
25184,96,86,10,10
25185,148,142,6,6
25186,81,73,8,8
25187,45,59,-14,14
25188,126,112,14,14
25189,168,150,18,18
25190,76,71,5,5
25191,134,131,3,3
25192,83,77,6,6
25193,118,104,14,14
25194,117,101,16,16
25195,100,99,1,1
25196,96,92,4,4
25197,122,107,15,15
25198,76,76,0,0
25199,96,100,-4,4
25200,103,89,14,14
25201,70,65,5,5
25202,209,171,38,38
25203,75,72,3,3
25204,54,67,-13,13
25205,111,104,7,7
25206,70,61,9,9
25207,100,94,6,6
25208,108,90,18,18
25209,56,57,-1,1
25210,172,169,3,3
25211,67,62,5,5
25212,118,97,21,21
25213,47,47,0,0
25214,69,61,8,8
25215,85,84,1,1
25216,63,54,9,9
25217,267,213,54,54
25218,101,91,10,10
25219,126,106,20,20
25220,99,94,5,5
25221,124,122,2,2
25222,145,119,26,26
25223,83,71,12,12
25224,96,79,17,17
25225,149,156,-7,7
25226,65,59,6,6
25227,83,70,13,13
25228,51,47,4,4
25229,73,78,-5,5
25230,164,135,29,29
25231,76,73,3,3
25232,86,77,9,9
25233,128,104,24,24
25234,126,103,23,23
25235,75,67,8,8
25236,85,78,7,7
25237,59,50,9,9
25238,80,67,13,13
25239,115,99,16,16
25240,96,85,11,11
25241,57,56,1,1
25242,78,67,11,11
25243,92,73,19,19
25244,114,104,10,10
25245,97,80,17,17
25246,67,65,2,2
25247,68,85,-17,17
25248,88,80,8,8
25249,58,52,6,6
25250,86,84,2,2
25251,81,74,7,7
25252,80,76,4,4
25253,107,103,4,4
25254,65,61,4,4
25255,77,66,11,11
25256,30,29,1,1
25257,81,74,7,7
25258,91,92,-1,1
25259,62,63,-1,1
25260,78,82,-4,4
25261,103,90,13,13
25262,113,101,12,12
25263,121,107,14,14
25264,75,67,8,8
25265,113,103,10,10
25266,52,52,0,0
25267,93,93,0,0
25268,51,55,-4,4
25269,128,107,21,21
25270,86,67,19,19
25271,107,99,8,8
25272,105,97,8,8
25273,195,175,20,20
25274,64,53,11,11
25275,56,64,-8,8
25276,38,67,-29,29
25277,111,122,-11,11
25278,72,68,4,4
25279,103,93,10,10
25280,93,83,10,10
25281,90,89,1,1
25282,64,65,-1,1
25283,142,121,21,21
25284,96,81,15,15
25285,85,79,6,6
25286,99,91,8,8
25287,52,48,4,4
25288,117,127,-10,10
25289,76,71,5,5
25290,80,69,11,11
25291,99,81,18,18
25292,103,88,15,15
25293,60,60,0,0
25294,96,89,7,7
25295,112,104,8,8
25296,77,65,12,12
25297,126,103,23,23
25298,125,116,9,9
25299,132,124,8,8
25300,79,80,-1,1
25301,106,100,6,6
25302,35,39,-4,4
25303,85,69,16,16
25304,63,54,9,9
25305,65,64,1,1
25306,23,50,-27,27
25307,73,68,5,5
25308,103,97,6,6
25309,79,71,8,8
25310,81,78,3,3
25311,54,46,8,8
25312,77,73,4,4
25313,90,78,12,12
25314,92,85,7,7
25315,54,53,1,1
25316,101,95,6,6
25317,102,82,20,20
25318,77,74,3,3
25319,113,116,-3,3
25320,166,143,23,23
25321,74,73,1,1
25322,116,110,6,6
25323,127,125,2,2
25324,89,79,10,10
25325,101,91,10,10
25326,103,98,5,5
25327,127,114,13,13
25328,83,72,11,11
25329,123,117,6,6
25330,118,110,8,8
25331,160,147,13,13
25332,79,74,5,5
25333,76,63,13,13
25334,51,44,7,7
25335,110,105,5,5
25336,112,118,-6,6
25337,73,63,10,10
25338,90,75,15,15
25339,87,81,6,6
25340,97,90,7,7
25341,51,48,3,3
25342,175,161,14,14
25343,51,50,1,1
25344,96,87,9,9
25345,96,76,20,20
25346,87,82,5,5
25347,98,84,14,14
25348,195,167,28,28
25349,74,63,11,11
25350,111,95,16,16
25351,62,55,7,7
25352,62,61,1,1
25353,50,47,3,3
25354,77,68,9,9
25355,68,54,14,14
25356,72,71,1,1
25357,82,68,14,14
25358,69,64,5,5
25359,133,120,13,13
25360,57,56,1,1
25361,87,92,-5,5
25362,86,74,12,12
25363,53,77,-24,24
25364,111,129,-18,18
25365,85,85,0,0
25366,68,64,4,4
25367,82,82,0,0
25368,125,105,20,20
25369,127,108,19,19
25370,46,76,-30,30
25371,125,121,4,4
25372,133,112,21,21
25373,84,83,1,1
25374,70,63,7,7
25375,130,105,25,25
25376,86,79,7,7
25377,161,144,17,17
25378,100,116,-16,16
25379,107,98,9,9
25380,89,85,4,4
25381,62,45,17,17
25382,75,71,4,4
25383,82,76,6,6
25384,104,99,5,5
25385,83,85,-2,2
25386,109,94,15,15
25387,57,44,13,13
25388,125,112,13,13
25389,87,68,19,19
25390,201,160,41,41
25391,75,71,4,4
25392,80,74,6,6
25393,143,147,-4,4
25394,120,110,10,10
25395,146,134,12,12
25396,70,61,9,9
25397,93,85,8,8
25398,110,105,5,5
25399,43,41,2,2
25400,97,82,15,15
25401,70,58,12,12
25402,85,76,9,9
25403,91,91,0,0
25404,85,81,4,4
25405,120,105,15,15
25406,70,64,6,6
25407,61,61,0,0
25408,67,62,5,5
25409,156,137,19,19
25410,45,37,8,8
25411,121,122,-1,1
25412,93,98,-5,5
25413,111,111,0,0
25414,72,71,1,1
25415,44,42,2,2
25416,140,135,5,5
25417,52,53,-1,1
25418,70,65,5,5
25419,117,109,8,8
25420,60,53,7,7
25421,73,84,-11,11
25422,107,93,14,14
25423,90,78,12,12
25424,59,61,-2,2
25425,102,95,7,7
25426,73,67,6,6
25427,86,80,6,6
25428,58,53,5,5
25429,66,59,7,7
25430,62,91,-29,29
25431,130,116,14,14
25432,121,96,25,25
25433,114,100,14,14
25434,128,118,10,10
25435,106,99,7,7
25436,94,79,15,15
25437,139,129,10,10
25438,57,50,7,7
25439,62,69,-7,7
25440,59,56,3,3
25441,134,108,26,26
25442,88,78,10,10
25443,67,63,4,4
25444,91,85,6,6
25445,79,68,11,11
25446,99,95,4,4
25447,135,136,-1,1
25448,118,110,8,8
25449,97,87,10,10
25450,96,80,16,16
25451,81,73,8,8
25452,93,89,4,4
25453,108,99,9,9
25454,69,60,9,9
25455,106,105,1,1
25456,80,78,2,2
25457,108,97,11,11
25458,95,80,15,15
25459,41,37,4,4
25460,97,89,8,8
25461,161,125,36,36
25462,96,86,10,10
25463,86,85,1,1
25464,123,102,21,21
25465,84,69,15,15
25466,81,77,4,4
25467,99,89,10,10
25468,108,91,17,17
25469,57,58,-1,1
25470,82,78,4,4
25471,117,132,-15,15
25472,78,80,-2,2
25473,206,187,19,19
25474,70,65,5,5
25475,66,64,2,2
25476,132,114,18,18
25477,73,64,9,9
25478,53,55,-2,2
25479,47,47,0,0
25480,73,75,-2,2
25481,72,68,4,4
25482,96,83,13,13
25483,182,165,17,17
25484,80,69,11,11
25485,98,86,12,12
25486,103,97,6,6
25487,182,171,11,11
25488,136,133,3,3
25489,101,83,18,18
25490,81,68,13,13
25491,161,136,25,25
25492,83,81,2,2
25493,57,62,-5,5
25494,119,98,21,21
25495,103,88,15,15
25496,143,120,23,23
25497,61,94,-33,33
25498,117,101,16,16
25499,113,102,11,11
25500,94,89,5,5
25501,70,65,5,5
25502,116,112,4,4
25503,102,84,18,18
25504,154,142,12,12
25505,91,79,12,12
25506,105,104,1,1
25507,114,115,-1,1
25508,160,152,8,8
25509,94,85,9,9
25510,151,123,28,28
25511,170,150,20,20
25512,76,64,12,12
25513,74,65,9,9
25514,101,94,7,7
25515,62,55,7,7
25516,84,78,6,6
25517,109,103,6,6
25518,106,93,13,13
25519,119,97,22,22
25520,89,84,5,5
25521,53,47,6,6
25522,37,34,3,3
25523,97,87,10,10
25524,91,79,12,12
25525,94,78,16,16
25526,111,90,21,21
25527,203,183,20,20
25528,71,59,12,12
25529,63,63,0,0
25530,55,53,2,2
25531,87,73,14,14
25532,125,129,-4,4
25533,101,97,4,4
25534,98,79,19,19
25535,116,111,5,5
25536,79,75,4,4
25537,206,180,26,26
25538,102,95,7,7
25539,153,133,20,20
25540,86,85,1,1
25541,60,55,5,5
25542,95,99,-4,4
25543,156,135,21,21
25544,90,77,13,13
25545,131,112,19,19
25546,107,91,16,16
25547,56,54,2,2
25548,96,88,8,8
25549,67,69,-2,2
25550,66,63,3,3
25551,116,109,7,7
25552,97,93,4,4
25553,132,118,14,14
25554,87,84,3,3
25555,94,90,4,4
25556,50,46,4,4
25557,104,85,19,19
25558,179,171,8,8
25559,121,95,26,26
25560,54,53,1,1
25561,86,71,15,15
25562,29,27,2,2
25563,109,98,11,11
25564,81,80,1,1
25565,75,77,-2,2
25566,179,149,30,30
25567,59,47,12,12
25568,122,105,17,17
25569,209,175,34,34
25570,53,53,0,0
25571,79,65,14,14
25572,97,86,11,11
25573,99,94,5,5
25574,50,46,4,4
25575,81,78,3,3
25576,77,64,13,13
25577,179,156,23,23
25578,100,97,3,3
25579,57,58,-1,1
25580,88,84,4,4
25581,47,46,1,1
25582,92,86,6,6
25583,94,77,17,17
25584,49,64,-15,15
25585,155,122,33,33
25586,93,90,3,3
25587,160,134,26,26
25588,34,34,0,0
25589,109,98,11,11
25590,112,101,11,11
25591,65,58,7,7
25592,76,61,15,15
25593,82,82,0,0
25594,97,73,24,24
25595,72,68,4,4
25596,95,91,4,4
25597,59,55,4,4
25598,52,49,3,3
25599,81,68,13,13
25600,87,74,13,13
25601,129,112,17,17
25602,57,53,4,4
25603,54,53,1,1
25604,122,97,25,25
25605,90,82,8,8
25606,136,118,18,18
25607,55,47,8,8
25608,69,70,-1,1
25609,118,103,15,15
25610,103,93,10,10
25611,70,63,7,7
25612,43,43,0,0
25613,66,60,6,6
25614,140,131,9,9
25615,89,86,3,3
25616,147,112,35,35
25617,112,105,7,7
25618,78,61,17,17
25619,40,38,2,2
25620,55,52,3,3
25621,77,67,10,10
25622,80,87,-7,7
25623,71,68,3,3
25624,82,76,6,6
25625,82,79,3,3
25626,93,91,2,2
25627,68,63,5,5
25628,96,80,16,16
25629,116,102,14,14
25630,53,47,6,6
25631,87,74,13,13
25632,116,106,10,10
25633,102,88,14,14
25634,89,76,13,13
25635,121,106,15,15
25636,92,83,9,9
25637,29,46,-17,17
25638,98,82,16,16
25639,70,59,11,11
25640,127,107,20,20
25641,208,179,29,29
25642,85,72,13,13
25643,84,84,0,0
25644,92,88,4,4
25645,118,124,-6,6
25646,66,66,0,0
25647,79,73,6,6
25648,167,141,26,26
25649,174,159,15,15
25650,92,82,10,10
25651,90,89,1,1
25652,103,90,13,13
25653,85,76,9,9
25654,43,40,3,3
25655,144,132,12,12
25656,66,60,6,6
25657,33,43,-10,10
25658,50,52,-2,2
25659,68,62,6,6
25660,152,148,4,4
25661,102,90,12,12
25662,45,41,4,4
25663,67,59,8,8
25664,59,56,3,3
25665,92,91,1,1
25666,138,126,12,12
25667,152,137,15,15
25668,79,66,13,13
25669,122,117,5,5
25670,122,110,12,12
25671,59,62,-3,3
25672,164,137,27,27
25673,93,138,-45,45
25674,86,84,2,2
25675,133,114,19,19
25676,95,99,-4,4
25677,86,85,1,1
25678,76,68,8,8
25679,152,136,16,16
25680,99,80,19,19
25681,62,53,9,9
25682,92,89,3,3
25683,105,89,16,16
25684,95,82,13,13
25685,103,73,30,30
25686,64,62,2,2
25687,113,117,-4,4
25688,139,133,6,6
25689,116,99,17,17
25690,109,117,-8,8
25691,110,100,10,10
25692,102,93,9,9
25693,108,106,2,2
25694,83,62,21,21
25695,151,138,13,13
25696,84,86,-2,2
25697,109,92,17,17
25698,136,118,18,18
25699,109,94,15,15
25700,136,107,29,29
25701,109,94,15,15
25702,68,63,5,5
25703,76,63,13,13
25704,81,75,6,6
25705,102,90,12,12
25706,139,125,14,14
25707,86,80,6,6
25708,105,91,14,14
25709,58,57,1,1
25710,35,42,-7,7
25711,49,51,-2,2
25712,82,72,10,10
25713,70,68,2,2
25714,79,74,5,5
25715,66,58,8,8
25716,122,108,14,14
25717,77,63,14,14
25718,120,107,13,13
25719,155,128,27,27
25720,123,115,8,8
25721,74,76,-2,2
25722,88,78,10,10
25723,143,129,14,14
25724,88,72,16,16
25725,57,55,2,2
25726,130,118,12,12
25727,81,81,0,0
25728,83,83,0,0
25729,173,140,33,33
25730,66,65,1,1
25731,91,86,5,5
25732,70,59,11,11
25733,73,58,15,15
25734,72,70,2,2
25735,73,66,7,7
25736,109,109,0,0
25737,106,56,50,50
25738,72,61,11,11
25739,80,78,2,2
25740,188,161,27,27
25741,112,103,9,9
25742,116,105,11,11
25743,115,96,19,19
25744,97,89,8,8
25745,171,156,15,15
25746,96,96,0,0
25747,97,84,13,13
25748,60,55,5,5
25749,119,96,23,23
25750,144,128,16,16
25751,64,58,6,6
25752,55,54,1,1
25753,92,83,9,9
25754,92,79,13,13
25755,133,128,5,5
25756,62,59,3,3
25757,143,131,12,12
25758,92,90,2,2
25759,95,104,-9,9
25760,43,39,4,4
25761,110,98,12,12
25762,94,77,17,17
25763,68,64,4,4
25764,81,72,9,9
25765,150,124,26,26
25766,129,115,14,14
25767,133,113,20,20
25768,105,93,12,12
25769,66,76,-10,10
25770,91,87,4,4
25771,90,70,20,20
25772,117,92,25,25
25773,140,125,15,15
25774,165,154,11,11
25775,95,88,7,7
25776,85,71,14,14
25777,158,143,15,15
25778,138,131,7,7
25779,96,90,6,6
25780,122,109,13,13
25781,65,55,10,10
25782,63,59,4,4
25783,111,102,9,9
25784,80,89,-9,9
25785,79,73,6,6
25786,100,82,18,18
25787,81,79,2,2
25788,92,80,12,12
25789,75,83,-8,8
25790,82,77,5,5
25791,79,80,-1,1
25792,57,60,-3,3
25793,148,111,37,37
25794,79,71,8,8
25795,122,109,13,13
25796,82,78,4,4
25797,61,57,4,4
25798,38,40,-2,2
25799,94,96,-2,2
25800,101,78,23,23
25801,89,78,11,11
25802,68,58,10,10
25803,47,49,-2,2
25804,90,80,10,10
25805,60,53,7,7
25806,114,99,15,15
25807,80,79,1,1
25808,127,104,23,23
25809,102,100,2,2
25810,69,59,10,10
25811,53,59,-6,6
25812,59,58,1,1
25813,95,91,4,4
25814,64,56,8,8
25815,144,140,4,4
25816,71,52,19,19
25817,100,94,6,6
25818,116,107,9,9
25819,104,93,11,11
25820,177,165,12,12
25821,108,99,9,9
25822,132,114,18,18
25823,118,98,20,20
25824,135,139,-4,4
25825,115,102,13,13
25826,73,68,5,5
25827,133,113,20,20
25828,95,84,11,11
25829,80,74,6,6
25830,48,66,-18,18
25831,158,142,16,16
25832,73,72,1,1
25833,94,80,14,14
25834,74,88,-14,14
25835,154,146,8,8
25836,127,119,8,8
25837,73,66,7,7
25838,89,77,12,12
25839,61,60,1,1
25840,87,75,12,12
25841,65,75,-10,10
25842,81,78,3,3
25843,99,89,10,10
25844,83,80,3,3
25845,90,87,3,3
25846,82,75,7,7
25847,115,98,17,17
25848,137,132,5,5
25849,78,71,7,7
25850,94,78,16,16
25851,101,94,7,7
25852,96,85,11,11
25853,77,69,8,8
25854,112,95,17,17
25855,138,127,11,11
25856,98,86,12,12
25857,91,89,2,2
25858,143,123,20,20
25859,153,139,14,14
25860,40,40,0,0
25861,69,61,8,8
25862,67,63,4,4
25863,43,45,-2,2
25864,104,99,5,5
25865,117,102,15,15
25866,84,72,12,12
25867,84,83,1,1
25868,74,63,11,11
25869,75,66,9,9
25870,147,141,6,6
25871,94,90,4,4
25872,92,81,11,11
25873,71,68,3,3
25874,84,73,11,11
25875,78,91,-13,13
25876,83,73,10,10
25877,84,85,-1,1
25878,42,43,-1,1
25879,149,138,11,11
25880,95,91,4,4
25881,132,110,22,22
25882,83,77,6,6
25883,131,123,8,8
25884,62,62,0,0
25885,87,82,5,5
25886,91,79,12,12
25887,155,160,-5,5
25888,73,73,0,0
25889,98,93,5,5
25890,72,64,8,8
25891,75,79,-4,4
25892,147,132,15,15
25893,54,56,-2,2
25894,128,112,16,16
25895,98,88,10,10
25896,111,101,10,10
25897,81,76,5,5
25898,87,72,15,15
25899,28,57,-29,29
25900,123,112,11,11
25901,82,71,11,11
25902,82,67,15,15
25903,113,97,16,16
25904,121,121,0,0
25905,124,114,10,10
25906,85,75,10,10
25907,82,77,5,5
25908,107,100,7,7
25909,113,104,9,9
25910,74,77,-3,3
25911,97,84,13,13
25912,56,60,-4,4
25913,89,80,9,9
25914,132,117,15,15
25915,134,118,16,16
25916,93,87,6,6
25917,128,129,-1,1
25918,121,114,7,7
25919,132,130,2,2
25920,114,104,10,10
25921,93,81,12,12
25922,132,118,14,14
25923,139,111,28,28
25924,59,56,3,3
25925,185,154,31,31
25926,47,48,-1,1
25927,68,60,8,8
25928,122,118,4,4
25929,130,127,3,3
25930,98,90,8,8
25931,42,35,7,7
25932,125,115,10,10
25933,56,54,2,2
25934,129,118,11,11
25935,60,76,-16,16
25936,51,50,1,1
25937,78,72,6,6
25938,62,65,-3,3
25939,80,86,-6,6
25940,39,43,-4,4
25941,120,110,10,10
25942,100,85,15,15
25943,112,115,-3,3
25944,85,77,8,8
25945,118,103,15,15
25946,124,122,2,2
25947,56,52,4,4
25948,97,91,6,6
25949,83,83,0,0
25950,91,88,3,3
25951,68,63,5,5
25952,108,104,4,4
25953,87,84,3,3
25954,57,56,1,1
25955,70,59,11,11
25956,87,80,7,7
25957,111,98,13,13
25958,79,76,3,3
25959,117,97,20,20
25960,95,91,4,4
25961,139,123,16,16
25962,52,44,8,8
25963,47,93,-46,46
25964,104,95,9,9
25965,89,76,13,13
25966,86,83,3,3
25967,90,79,11,11
25968,113,100,13,13
25969,89,83,6,6
25970,94,90,4,4
25971,134,122,12,12
25972,63,52,11,11
25973,102,90,12,12
25974,146,125,21,21
25975,140,127,13,13
25976,73,69,4,4
25977,127,113,14,14
25978,47,49,-2,2
25979,90,97,-7,7
25980,77,70,7,7
25981,136,117,19,19
25982,121,114,7,7
25983,82,67,15,15
25984,114,115,-1,1
25985,114,99,15,15
25986,80,70,10,10
25987,82,68,14,14
25988,79,72,7,7
25989,107,105,2,2
25990,113,90,23,23
25991,114,101,13,13
25992,52,53,-1,1
25993,67,62,5,5
25994,74,73,1,1
25995,113,106,7,7
25996,77,67,10,10
25997,125,124,1,1
25998,60,54,6,6
25999,78,70,8,8
26000,94,88,6,6
26001,102,90,12,12
26002,115,100,15,15
26003,114,101,13,13
26004,115,110,5,5
26005,109,96,13,13
26006,107,103,4,4
26007,80,71,9,9
26008,111,97,14,14
26009,36,51,-15,15
26010,78,71,7,7
26011,87,76,11,11
26012,74,66,8,8
26013,70,71,-1,1
26014,64,59,5,5
26015,51,44,7,7
26016,97,91,6,6
26017,106,94,12,12
26018,150,138,12,12
26019,105,91,14,14
26020,80,75,5,5
26021,81,74,7,7
26022,78,72,6,6
26023,103,99,4,4
26024,68,64,4,4
26025,69,62,7,7
26026,100,109,-9,9
26027,100,77,23,23
26028,171,153,18,18
26029,102,87,15,15
26030,98,77,21,21
26031,81,78,3,3
26032,86,69,17,17
26033,47,50,-3,3
26034,83,78,5,5
26035,139,126,13,13
26036,71,69,2,2
26037,142,130,12,12
26038,65,56,9,9
26039,68,60,8,8
26040,63,59,4,4
26041,105,87,18,18
26042,53,54,-1,1
26043,126,111,15,15
26044,137,128,9,9
26045,64,56,8,8
26046,126,130,-4,4
26047,117,103,14,14
26048,65,81,-16,16
26049,133,127,6,6
26050,64,56,8,8
26051,96,81,15,15
26052,92,84,8,8
26053,99,95,4,4
26054,148,139,9,9
26055,54,52,2,2
26056,99,72,27,27
26057,89,89,0,0
26058,63,55,8,8
26059,90,80,10,10
26060,71,72,-1,1
26061,82,66,16,16
26062,89,78,11,11
26063,58,52,6,6
26064,88,87,1,1
26065,91,86,5,5
26066,29,31,-2,2
26067,63,56,7,7
26068,73,67,6,6
26069,68,57,11,11
26070,76,74,2,2
26071,73,58,15,15
26072,152,126,26,26
26073,113,90,23,23
26074,57,46,11,11
26075,81,72,9,9
26076,102,103,-1,1
26077,87,103,-16,16
26078,106,98,8,8
26079,83,79,4,4
26080,164,143,21,21
26081,122,94,28,28
26082,68,71,-3,3
26083,79,70,9,9
26084,57,52,5,5
26085,116,110,6,6
26086,57,54,3,3
26087,105,85,20,20
26088,95,79,16,16
26089,164,151,13,13
26090,159,153,6,6
26091,92,76,16,16
26092,100,101,-1,1
26093,64,54,10,10
26094,121,148,-27,27
26095,157,138,19,19
26096,116,105,11,11
26097,46,46,0,0
26098,106,90,16,16
26099,67,67,0,0
26100,83,81,2,2
26101,66,58,8,8
26102,105,102,3,3
26103,166,156,10,10
26104,109,83,26,26
26105,75,65,10,10
26106,86,77,9,9
26107,91,76,15,15
26108,76,65,11,11
26109,149,144,5,5
26110,102,86,16,16
26111,76,72,4,4
26112,64,56,8,8
26113,108,94,14,14
26114,99,88,11,11
26115,104,97,7,7
26116,136,129,7,7
26117,72,82,-10,10
26118,92,72,20,20
26119,70,63,7,7
26120,69,63,6,6
26121,154,134,20,20
26122,129,115,14,14
26123,102,92,10,10
26124,107,97,10,10
26125,107,99,8,8
26126,75,62,13,13
26127,108,94,14,14
26128,96,81,15,15
26129,80,80,0,0
26130,73,68,5,5
26131,129,117,12,12
26132,57,52,5,5
26133,92,84,8,8
26134,70,75,-5,5
26135,61,60,1,1
26136,52,58,-6,6
26137,145,128,17,17
26138,74,70,4,4
26139,75,65,10,10
26140,134,123,11,11
26141,105,99,6,6
26142,108,86,22,22
26143,98,91,7,7
26144,96,81,15,15
26145,135,125,10,10
26146,103,95,8,8
26147,84,76,8,8
26148,132,114,18,18
26149,114,93,21,21
26150,87,76,11,11
26151,55,55,0,0
26152,65,52,13,13
26153,48,48,0,0
26154,64,59,5,5
26155,113,91,22,22
26156,137,117,20,20
26157,124,113,11,11
26158,47,47,0,0
26159,103,88,15,15
26160,136,122,14,14
26161,80,72,8,8
26162,65,79,-14,14
26163,117,99,18,18
26164,113,110,3,3
26165,71,58,13,13
26166,132,129,3,3
26167,102,82,20,20
26168,191,168,23,23
26169,127,108,19,19
26170,102,96,6,6
26171,104,88,16,16
26172,113,101,12,12
26173,74,82,-8,8
26174,143,133,10,10
26175,73,60,13,13
26176,143,128,15,15
26177,120,101,19,19
26178,95,87,8,8
26179,84,80,4,4
26180,146,132,14,14
26181,70,62,8,8
26182,125,100,25,25
26183,79,72,7,7
26184,77,76,1,1
26185,69,61,8,8
26186,100,89,11,11
26187,190,160,30,30
26188,90,86,4,4
26189,67,76,-9,9
26190,179,156,23,23
26191,68,71,-3,3
26192,79,85,-6,6
26193,149,126,23,23
26194,87,61,26,26
26195,58,75,-17,17
26196,176,172,4,4
26197,67,61,6,6
26198,76,71,5,5
26199,127,112,15,15
26200,73,61,12,12
26201,68,65,3,3
26202,70,62,8,8
26203,101,81,20,20
26204,122,121,1,1
26205,95,80,15,15
26206,90,82,8,8
26207,85,83,2,2
26208,138,123,15,15
26209,115,109,6,6
26210,122,107,15,15
26211,59,51,8,8
26212,51,49,2,2
26213,106,92,14,14
26214,110,104,6,6
26215,111,106,5,5
26216,62,75,-13,13
26217,93,74,19,19
26218,46,43,3,3
26219,107,104,3,3
26220,144,120,24,24
26221,92,75,17,17
26222,92,85,7,7
26223,95,98,-3,3
26224,154,138,16,16
26225,54,48,6,6
26226,102,94,8,8
26227,61,61,0,0
26228,109,104,5,5
26229,155,121,34,34
26230,83,64,19,19
26231,79,70,9,9
26232,102,94,8,8
26233,133,107,26,26
26234,134,128,6,6
26235,81,70,11,11
26236,151,137,14,14
26237,46,44,2,2
26238,97,87,10,10
26239,62,58,4,4
26240,114,103,11,11
26241,83,80,3,3
26242,114,102,12,12
26243,87,89,-2,2
26244,110,89,21,21
26245,232,224,8,8
26246,35,32,3,3
26247,96,82,14,14
26248,87,86,1,1
26249,52,51,1,1
26250,89,77,12,12
26251,84,68,16,16
26252,84,77,7,7
26253,151,136,15,15
26254,51,49,2,2
26255,112,93,19,19
26256,189,168,21,21
26257,68,59,9,9
26258,77,66,11,11
26259,62,62,0,0
26260,112,105,7,7
26261,95,84,11,11
26262,81,79,2,2
26263,108,88,20,20
26264,96,84,12,12
26265,58,53,5,5
26266,84,76,8,8
26267,116,95,21,21
26268,97,92,5,5
26269,92,86,6,6
26270,101,103,-2,2
26271,56,47,9,9
26272,74,72,2,2
26273,115,100,15,15
26274,74,72,2,2
26275,58,51,7,7
26276,129,121,8,8
26277,91,85,6,6
26278,59,48,11,11
26279,52,46,6,6
26280,73,69,4,4
26281,69,54,15,15
26282,119,92,27,27
26283,126,109,17,17
26284,114,85,29,29
26285,100,101,-1,1
26286,86,82,4,4
26287,116,120,-4,4
26288,72,61,11,11
26289,61,58,3,3
26290,83,67,16,16
26291,94,87,7,7
26292,90,87,3,3
26293,93,90,3,3
26294,31,35,-4,4
26295,163,147,16,16
26296,99,87,12,12
26297,46,49,-3,3
26298,55,48,7,7
26299,75,71,4,4
26300,72,66,6,6
26301,107,87,20,20
26302,89,87,2,2
26303,66,49,17,17
26304,67,67,0,0
26305,145,132,13,13
26306,151,134,17,17
26307,153,120,33,33
26308,56,45,11,11
26309,97,92,5,5
26310,162,143,19,19
26311,90,82,8,8
26312,106,91,15,15
26313,27,30,-3,3
26314,93,76,17,17
26315,105,95,10,10
26316,123,126,-3,3
26317,61,61,0,0
26318,64,54,10,10
26319,109,101,8,8
26320,153,139,14,14
26321,81,71,10,10
26322,167,144,23,23
26323,100,87,13,13
26324,40,48,-8,8
26325,84,84,0,0
26326,126,112,14,14
26327,69,67,2,2
26328,54,41,13,13
26329,41,40,1,1
26330,86,83,3,3
26331,71,59,12,12
26332,97,89,8,8
26333,131,121,10,10
26334,42,41,1,1
26335,102,91,11,11
26336,83,79,4,4
26337,187,162,25,25
26338,180,166,14,14
26339,73,65,8,8
26340,108,122,-14,14
26341,57,54,3,3
26342,121,114,7,7
26343,88,83,5,5
26344,105,94,11,11
26345,80,82,-2,2
26346,86,85,1,1
26347,124,108,16,16
26348,117,102,15,15
26349,112,101,11,11
26350,66,57,9,9
26351,94,95,-1,1
26352,107,102,5,5
26353,45,43,2,2
26354,121,106,15,15
26355,82,70,12,12
26356,69,65,4,4
26357,160,136,24,24
26358,119,100,19,19
26359,58,52,6,6
26360,100,88,12,12
26361,72,66,6,6
26362,67,59,8,8
26363,66,61,5,5
26364,119,107,12,12
26365,138,136,2,2
26366,65,55,10,10
26367,105,100,5,5
26368,36,44,-8,8
26369,69,64,5,5
26370,78,68,10,10
26371,131,109,22,22
26372,109,107,2,2
26373,75,64,11,11
26374,63,52,11,11
26375,53,58,-5,5
26376,105,99,6,6
26377,64,63,1,1
26378,70,68,2,2
26379,26,30,-4,4
26380,181,159,22,22
26381,66,63,3,3
26382,130,129,1,1
26383,122,113,9,9
26384,94,82,12,12
26385,124,116,8,8
26386,70,66,4,4
26387,114,109,5,5
26388,93,77,16,16
26389,106,102,4,4
26390,96,87,9,9
26391,90,88,2,2
26392,118,111,7,7
26393,63,82,-19,19
26394,79,76,3,3
26395,43,48,-5,5
26396,112,109,3,3
26397,45,39,6,6
26398,114,114,0,0
26399,107,91,16,16
26400,83,70,13,13
26401,40,39,1,1
26402,98,92,6,6
26403,115,105,10,10
26404,92,91,1,1
26405,131,125,6,6
26406,106,82,24,24
26407,99,85,14,14
26408,67,63,4,4
26409,171,151,20,20
26410,128,98,30,30
26411,88,74,14,14
26412,56,55,1,1
26413,113,99,14,14
26414,62,46,16,16
26415,81,66,15,15
26416,83,78,5,5
26417,113,95,18,18
26418,100,97,3,3
26419,91,82,9,9
26420,79,78,1,1
26421,156,137,19,19
26422,113,103,10,10
26423,67,75,-8,8
26424,129,112,17,17
26425,89,84,5,5
26426,66,62,4,4
26427,102,100,2,2
26428,131,118,13,13
26429,111,101,10,10
26430,47,38,9,9
26431,37,40,-3,3
26432,92,87,5,5
26433,91,82,9,9
26434,101,89,12,12
26435,43,49,-6,6
26436,78,66,12,12
26437,102,94,8,8
26438,92,83,9,9
26439,96,97,-1,1
26440,109,98,11,11
26441,98,93,5,5
26442,131,110,21,21
26443,104,102,2,2
26444,96,114,-18,18
26445,98,87,11,11
26446,66,62,4,4
26447,75,70,5,5
26448,70,63,7,7
26449,49,48,1,1
26450,110,91,19,19
26451,128,106,22,22
26452,50,44,6,6
26453,85,81,4,4
26454,59,51,8,8
26455,41,50,-9,9
26456,71,64,7,7
26457,117,102,15,15
26458,91,86,5,5
26459,64,59,5,5
26460,118,112,6,6
26461,43,42,1,1
26462,134,129,5,5
26463,101,86,15,15
26464,109,86,23,23
26465,114,104,10,10
26466,118,116,2,2
26467,70,71,-1,1
26468,102,92,10,10
26469,157,146,11,11
26470,308,245,63,63
26471,104,105,-1,1
26472,106,86,20,20
26473,74,68,6,6
26474,148,131,17,17
26475,106,95,11,11
26476,74,70,4,4
26477,118,107,11,11
26478,114,107,7,7
26479,60,54,6,6
26480,135,111,24,24
26481,60,53,7,7
26482,62,60,2,2
26483,120,116,4,4
26484,150,153,-3,3
26485,112,93,19,19
26486,87,79,8,8
26487,100,94,6,6
26488,52,54,-2,2
26489,82,77,5,5
26490,136,134,2,2
26491,65,62,3,3
26492,104,87,17,17
26493,134,120,14,14
26494,104,83,21,21
26495,119,111,8,8
26496,119,103,16,16
26497,60,64,-4,4
26498,155,145,10,10
26499,129,122,7,7
26500,46,48,-2,2
26501,58,55,3,3
26502,73,58,15,15
26503,114,95,19,19
26504,85,84,1,1
26505,77,67,10,10
26506,89,78,11,11
26507,186,160,26,26
26508,74,65,9,9
26509,80,64,16,16
26510,108,102,6,6
26511,112,76,36,36
26512,38,37,1,1
26513,61,51,10,10
26514,109,92,17,17
26515,46,37,9,9
26516,139,117,22,22
26517,85,80,5,5
26518,97,82,15,15
26519,60,67,-7,7
26520,36,38,-2,2
26521,89,93,-4,4
26522,147,132,15,15
26523,94,74,20,20
26524,88,73,15,15
26525,120,102,18,18
26526,75,78,-3,3
26527,95,89,6,6
26528,90,77,13,13
26529,46,46,0,0
26530,49,49,0,0
26531,145,128,17,17
26532,93,74,19,19
26533,48,39,9,9
26534,93,85,8,8
26535,76,59,17,17
26536,51,51,0,0
26537,102,89,13,13
26538,86,77,9,9
26539,88,76,12,12
26540,97,95,2,2
26541,139,121,18,18
26542,163,144,19,19
26543,91,90,1,1
26544,139,117,22,22
26545,56,60,-4,4
26546,56,61,-5,5
26547,84,74,10,10
26548,85,79,6,6
26549,55,54,1,1
26550,82,74,8,8
26551,90,78,12,12
26552,102,85,17,17
26553,46,45,1,1
26554,151,138,13,13
26555,90,78,12,12
26556,78,101,-23,23
26557,70,58,12,12
26558,126,107,19,19
26559,114,110,4,4
26560,135,108,27,27
26561,209,179,30,30
26562,163,141,22,22
26563,62,55,7,7
26564,79,82,-3,3
26565,90,80,10,10
26566,126,105,21,21
26567,161,138,23,23
26568,119,103,16,16
26569,65,71,-6,6
26570,75,97,-22,22
26571,94,80,14,14
26572,57,50,7,7
26573,60,54,6,6
26574,62,56,6,6
26575,61,58,3,3
26576,174,153,21,21
26577,65,60,5,5
26578,122,113,9,9
26579,103,111,-8,8
26580,66,61,5,5
26581,110,92,18,18
26582,59,59,0,0
26583,120,103,17,17
26584,101,92,9,9
26585,94,84,10,10
26586,125,111,14,14
26587,76,68,8,8
26588,66,71,-5,5
26589,85,83,2,2
26590,101,96,5,5
26591,79,70,9,9
26592,179,149,30,30
26593,73,74,-1,1
26594,97,94,3,3
26595,40,52,-12,12
26596,75,64,11,11
26597,157,143,14,14
26598,77,73,4,4
26599,108,106,2,2
26600,129,111,18,18
26601,100,92,8,8
26602,76,83,-7,7
26603,40,42,-2,2
26604,72,68,4,4
26605,81,70,11,11
26606,122,103,19,19
26607,77,64,13,13
26608,162,147,15,15
26609,52,49,3,3
26610,86,72,14,14
26611,61,53,8,8
26612,139,120,19,19
26613,122,107,15,15
26614,129,122,7,7
26615,64,54,10,10
26616,53,49,4,4
26617,163,141,22,22
26618,76,84,-8,8
26619,47,44,3,3
26620,57,52,5,5
26621,142,125,17,17
26622,89,72,17,17
26623,100,94,6,6
26624,126,122,4,4
26625,149,128,21,21
26626,102,85,17,17
26627,51,50,1,1
26628,131,102,29,29
26629,113,102,11,11
26630,128,111,17,17
26631,84,68,16,16
26632,88,77,11,11
26633,96,85,11,11
26634,131,105,26,26
26635,142,130,12,12
26636,139,125,14,14
26637,62,59,3,3
26638,162,159,3,3
26639,100,91,9,9
26640,94,84,10,10
26641,118,103,15,15
26642,140,117,23,23
26643,105,95,10,10
26644,54,52,2,2
26645,80,74,6,6
26646,54,49,5,5
26647,82,78,4,4
26648,78,72,6,6
26649,81,75,6,6
26650,55,48,7,7
26651,142,134,8,8
26652,152,132,20,20
26653,121,107,14,14
26654,109,96,13,13
26655,80,80,0,0
26656,73,68,5,5
26657,154,110,44,44
26658,122,115,7,7
26659,85,75,10,10
26660,65,61,4,4
26661,127,108,19,19
26662,44,40,4,4
26663,90,87,3,3
26664,115,106,9,9
26665,124,112,12,12
26666,148,138,10,10
26667,49,41,8,8
26668,77,71,6,6
26669,173,155,18,18
26670,68,61,7,7
26671,149,141,8,8
26672,73,67,6,6
26673,54,49,5,5
26674,90,77,13,13
26675,73,67,6,6
26676,74,71,3,3
26677,49,45,4,4
26678,79,66,13,13
26679,117,113,4,4
26680,57,59,-2,2
26681,123,104,19,19
26682,94,84,10,10
26683,124,99,25,25
26684,74,71,3,3
26685,63,58,5,5
26686,116,98,18,18
26687,93,80,13,13
26688,115,111,4,4
26689,64,59,5,5
26690,117,114,3,3
26691,74,71,3,3
26692,49,45,4,4
26693,72,62,10,10
26694,86,80,6,6
26695,52,47,5,5
26696,87,77,10,10
26697,152,139,13,13
26698,61,57,4,4
26699,67,64,3,3
26700,64,66,-2,2
26701,100,93,7,7
26702,135,108,27,27
26703,120,111,9,9
26704,124,103,21,21
26705,105,103,2,2
26706,144,135,9,9
26707,100,95,5,5
26708,80,74,6,6
26709,73,80,-7,7
26710,82,77,5,5
26711,76,66,10,10
26712,115,105,10,10
26713,106,100,6,6
26714,125,116,9,9
26715,86,76,10,10
26716,94,84,10,10
26717,80,79,1,1
26718,145,119,26,26
26719,122,108,14,14
26720,122,110,12,12
26721,115,98,17,17
26722,66,63,3,3
26723,85,71,14,14
26724,95,93,2,2
26725,110,90,20,20
26726,49,54,-5,5
26727,80,84,-4,4
26728,101,88,13,13
26729,77,69,8,8
26730,89,91,-2,2
26731,130,108,22,22
26732,106,105,1,1
26733,56,47,9,9
26734,68,56,12,12
26735,152,134,18,18
26736,113,104,9,9
26737,98,91,7,7
26738,125,109,16,16
26739,71,64,7,7
26740,123,103,20,20
26741,97,68,29,29
26742,77,71,6,6
26743,56,55,1,1
26744,127,112,15,15
26745,49,54,-5,5
26746,115,100,15,15
26747,61,57,4,4
26748,97,84,13,13
26749,101,93,8,8
26750,77,75,2,2
26751,117,118,-1,1
26752,90,89,1,1
26753,120,104,16,16
26754,80,74,6,6
26755,71,60,11,11
26756,54,51,3,3
26757,80,77,3,3
26758,110,101,9,9
26759,71,82,-11,11
26760,82,80,2,2
26761,68,71,-3,3
26762,78,79,-1,1
26763,69,61,8,8
26764,87,75,12,12
26765,94,81,13,13
26766,137,121,16,16
26767,57,54,3,3
26768,56,47,9,9
26769,57,61,-4,4
26770,62,55,7,7
26771,63,63,0,0
26772,165,147,18,18
26773,115,100,15,15
26774,133,120,13,13
26775,94,78,16,16
26776,107,102,5,5
26777,106,93,13,13
26778,112,107,5,5
26779,93,84,9,9
26780,55,56,-1,1
26781,85,79,6,6
26782,41,35,6,6
26783,120,99,21,21
26784,99,91,8,8
26785,83,68,15,15
26786,84,78,6,6
26787,110,99,11,11
26788,124,117,7,7
26789,122,104,18,18
26790,38,37,1,1
26791,120,105,15,15
26792,97,88,9,9
26793,61,57,4,4
26794,113,110,3,3
26795,74,64,10,10
26796,79,70,9,9
26797,125,101,24,24
26798,81,72,9,9
26799,125,108,17,17
26800,123,114,9,9
26801,90,85,5,5
26802,48,51,-3,3
26803,55,52,3,3
26804,62,62,0,0
26805,64,69,-5,5
26806,91,88,3,3
26807,145,136,9,9
26808,86,75,11,11
26809,66,65,1,1
26810,116,110,6,6
26811,76,69,7,7
26812,88,86,2,2
26813,103,100,3,3
26814,97,95,2,2
26815,138,119,19,19
26816,75,71,4,4
26817,92,78,14,14
26818,149,138,11,11
26819,60,56,4,4
26820,108,102,6,6
26821,30,34,-4,4
26822,89,77,12,12
26823,49,53,-4,4
26824,97,79,18,18
26825,128,107,21,21
26826,96,86,10,10
26827,96,83,13,13
26828,63,52,11,11
26829,76,69,7,7
26830,106,96,10,10
26831,79,80,-1,1
26832,127,106,21,21
26833,45,45,0,0
26834,105,102,3,3
26835,90,80,10,10
26836,43,46,-3,3
26837,235,149,86,86
26838,50,52,-2,2
26839,111,93,18,18
26840,69,56,13,13
26841,52,132,-80,80
26842,105,93,12,12
26843,49,43,6,6
26844,66,64,2,2
26845,64,60,4,4
26846,75,62,13,13
26847,70,67,3,3
26848,96,83,13,13
26849,86,82,4,4
26850,109,95,14,14
26851,357,152,205,205
26852,74,65,9,9
26853,96,93,3,3
26854,101,96,5,5
26855,86,82,4,4
26856,97,79,18,18
26857,47,39,8,8
26858,76,80,-4,4
26859,139,119,20,20
26860,127,114,13,13
26861,119,101,18,18
26862,133,116,17,17
26863,190,177,13,13
26864,119,103,16,16
26865,96,86,10,10
26866,31,33,-2,2
26867,94,99,-5,5
26868,112,113,-1,1
26869,104,92,12,12
26870,162,137,25,25
26871,128,112,16,16
26872,142,136,6,6
26873,107,71,36,36
26874,120,100,20,20
26875,57,55,2,2
26876,157,139,18,18
26877,94,86,8,8
26878,109,108,1,1
26879,58,59,-1,1
26880,108,87,21,21
26881,88,75,13,13
26882,123,121,2,2
26883,85,78,7,7
26884,136,116,20,20
26885,72,68,4,4
26886,77,66,11,11
26887,59,53,6,6
26888,154,132,22,22
26889,63,72,-9,9
26890,40,38,2,2
26891,142,137,5,5
26892,160,140,20,20
26893,68,57,11,11
26894,91,74,17,17
26895,77,78,-1,1
26896,135,124,11,11
26897,134,183,-49,49
26898,172,162,10,10
26899,131,146,-15,15
26900,86,81,5,5
26901,67,66,1,1
26902,55,52,3,3
26903,148,132,16,16
26904,66,63,3,3
26905,120,99,21,21
26906,83,74,9,9
26907,101,86,15,15
26908,83,67,16,16
26909,106,122,-16,16
26910,99,91,8,8
26911,67,64,3,3
26912,130,118,12,12
26913,79,74,5,5
26914,43,43,0,0
26915,146,125,21,21
26916,57,56,1,1
26917,100,99,1,1
26918,139,114,25,25
26919,114,92,22,22
26920,61,57,4,4
26921,77,84,-7,7
26922,102,104,-2,2
26923,104,91,13,13
26924,145,128,17,17
26925,81,80,1,1
26926,87,83,4,4
26927,135,132,3,3
26928,117,107,10,10
26929,82,69,13,13
26930,118,110,8,8
26931,106,104,2,2
26932,123,112,11,11
26933,109,101,8,8
26934,66,59,7,7
26935,86,79,7,7
26936,104,98,6,6
26937,61,68,-7,7
26938,59,75,-16,16
26939,68,64,4,4
26940,68,66,2,2
26941,63,62,1,1
26942,85,73,12,12
26943,135,128,7,7
26944,117,114,3,3
26945,134,114,20,20
26946,104,96,8,8
26947,73,68,5,5
26948,79,72,7,7
26949,137,125,12,12
26950,106,85,21,21
26951,80,62,18,18
26952,175,155,20,20
26953,96,93,3,3
26954,137,116,21,21
26955,119,106,13,13
26956,118,102,16,16
26957,135,121,14,14
26958,127,97,30,30
26959,103,97,6,6
26960,87,83,4,4
26961,90,63,27,27
26962,50,50,0,0
26963,68,64,4,4
26964,75,67,8,8
26965,150,141,9,9
26966,107,89,18,18
26967,122,115,7,7
26968,48,43,5,5
26969,141,132,9,9
26970,96,83,13,13
26971,93,85,8,8
26972,85,74,11,11
26973,55,52,3,3
26974,51,48,3,3
26975,99,87,12,12
26976,52,54,-2,2
26977,79,63,16,16
26978,110,100,10,10
26979,121,104,17,17
26980,37,34,3,3
26981,92,85,7,7
26982,66,51,15,15
26983,148,114,34,34
26984,83,73,10,10
26985,175,154,21,21
26986,88,71,17,17
26987,110,95,15,15
26988,79,79,0,0
26989,64,53,11,11
26990,124,104,20,20
26991,129,112,17,17
26992,91,79,12,12
26993,59,51,8,8
26994,49,55,-6,6
26995,132,117,15,15
26996,76,103,-27,27
26997,110,94,16,16
26998,61,53,8,8
26999,90,83,7,7
27000,126,117,9,9
27001,98,91,7,7
27002,59,49,10,10
27003,93,90,3,3
27004,76,62,14,14
27005,75,62,13,13
27006,85,81,4,4
27007,149,126,23,23
27008,89,80,9,9
27009,112,102,10,10
27010,88,70,18,18
27011,65,56,9,9
27012,86,81,5,5
27013,64,52,12,12
27014,81,84,-3,3
27015,86,82,4,4
27016,70,61,9,9
27017,150,122,28,28
27018,102,85,17,17
27019,92,76,16,16
27020,47,47,0,0
27021,92,90,2,2
27022,108,97,11,11
27023,85,80,5,5
27024,127,114,13,13
27025,114,101,13,13
27026,89,75,14,14
27027,98,92,6,6
27028,47,41,6,6
27029,95,95,0,0
27030,174,165,9,9
27031,74,67,7,7
27032,214,194,20,20
27033,35,36,-1,1
27034,202,191,11,11
27035,83,71,12,12
27036,125,108,17,17
27037,109,87,22,22
27038,54,52,2,2
27039,56,55,1,1
27040,71,67,4,4
27041,81,74,7,7
27042,78,70,8,8
27043,61,54,7,7
27044,77,67,10,10
27045,114,103,11,11
27046,59,54,5,5
27047,116,117,-1,1
27048,49,52,-3,3
27049,66,75,-9,9
27050,91,74,17,17
27051,98,92,6,6
27052,73,68,5,5
27053,78,71,7,7
27054,105,103,2,2
27055,112,99,13,13
27056,84,79,5,5
27057,78,65,13,13
27058,112,110,2,2
27059,178,142,36,36
27060,134,125,9,9
27061,93,81,12,12
27062,99,90,9,9
27063,67,63,4,4
27064,76,72,4,4
27065,80,68,12,12
27066,74,65,9,9
27067,83,77,6,6
27068,99,104,-5,5
27069,70,55,15,15
27070,64,62,2,2
27071,128,114,14,14
27072,93,73,20,20
27073,65,55,10,10
27074,40,39,1,1
27075,133,115,18,18
27076,97,90,7,7
27077,89,88,1,1
27078,73,64,9,9
27079,102,83,19,19
27080,62,59,3,3
27081,91,85,6,6
27082,147,131,16,16
27083,70,61,9,9
27084,71,67,4,4
27085,86,77,9,9
27086,62,59,3,3
27087,104,82,22,22
27088,72,62,10,10
27089,52,48,4,4
27090,38,38,0,0
27091,67,64,3,3
27092,196,173,23,23
27093,47,42,5,5
27094,51,50,1,1
27095,88,79,9,9
27096,96,86,10,10
27097,42,42,0,0
27098,101,96,5,5
27099,105,90,15,15
27100,70,63,7,7
27101,87,91,-4,4
27102,120,113,7,7
27103,71,64,7,7
27104,118,101,17,17
27105,71,76,-5,5
27106,101,100,1,1
27107,80,71,9,9
27108,107,89,18,18
27109,87,72,15,15
27110,60,60,0,0
27111,56,48,8,8
27112,79,72,7,7
27113,148,130,18,18
27114,75,67,8,8
27115,53,49,4,4
27116,88,76,12,12
27117,104,118,-14,14
27118,77,62,15,15
27119,53,47,6,6
27120,114,105,9,9
27121,74,62,12,12
27122,73,76,-3,3
27123,127,110,17,17
27124,81,70,11,11
27125,127,118,9,9
27126,139,115,24,24
27127,78,72,6,6
27128,79,69,10,10
27129,115,98,17,17
27130,125,102,23,23
27131,141,129,12,12
27132,127,103,24,24
27133,105,96,9,9
27134,57,57,0,0
27135,99,94,5,5
27136,91,80,11,11
27137,98,82,16,16
27138,114,118,-4,4
27139,74,66,8,8
27140,143,115,28,28
27141,68,64,4,4
27142,159,136,23,23
27143,69,60,9,9
27144,72,59,13,13
27145,48,48,0,0
27146,110,101,9,9
27147,86,77,9,9
27148,72,67,5,5
27149,80,69,11,11
27150,70,70,0,0
27151,37,36,1,1
27152,79,70,9,9
27153,53,42,11,11
27154,82,78,4,4
27155,55,54,1,1
27156,72,73,-1,1
27157,104,97,7,7
27158,81,75,6,6
27159,131,127,4,4
27160,110,106,4,4
27161,70,67,3,3
27162,96,94,2,2
27163,56,59,-3,3
27164,76,66,10,10
27165,87,82,5,5
27166,100,84,16,16
27167,51,47,4,4
27168,67,60,7,7
27169,50,49,1,1
27170,72,77,-5,5
27171,69,62,7,7
27172,96,91,5,5
27173,90,77,13,13
27174,84,78,6,6
27175,136,130,6,6
27176,83,75,8,8
27177,93,89,4,4
27178,130,138,-8,8
27179,111,105,6,6
27180,107,109,-2,2
27181,112,110,2,2
27182,27,28,-1,1
27183,156,132,24,24
27184,102,88,14,14
27185,122,111,11,11
27186,114,95,19,19
27187,39,39,0,0
27188,137,120,17,17
27189,86,78,8,8
27190,83,66,17,17
27191,148,133,15,15
27192,108,100,8,8
27193,102,87,15,15
27194,95,88,7,7
27195,52,56,-4,4
27196,78,73,5,5
27197,99,91,8,8
27198,124,118,6,6
27199,94,93,1,1
27200,120,112,8,8
27201,102,96,6,6
27202,128,119,9,9
27203,64,52,12,12
27204,78,71,7,7
27205,65,66,-1,1
27206,128,121,7,7
27207,88,72,16,16
27208,63,65,-2,2
27209,86,85,1,1
27210,102,98,4,4
27211,120,92,28,28
27212,95,91,4,4
27213,83,72,11,11
27214,96,97,-1,1
27215,75,72,3,3
27216,50,47,3,3
27217,69,58,11,11
27218,118,96,22,22
27219,103,101,2,2
27220,88,86,2,2
27221,83,77,6,6
27222,113,95,18,18
27223,89,77,12,12
27224,92,81,11,11
27225,96,91,5,5
27226,97,111,-14,14
27227,57,51,6,6
27228,70,64,6,6
27229,79,81,-2,2
27230,81,75,6,6
27231,106,93,13,13
27232,178,154,24,24
27233,141,128,13,13
27234,97,86,11,11
27235,152,144,8,8
27236,82,71,11,11
27237,62,54,8,8
27238,69,69,0,0
27239,145,130,15,15
27240,80,71,9,9
27241,124,112,12,12
27242,128,116,12,12
27243,147,125,22,22
27244,181,171,10,10
27245,92,85,7,7
27246,48,47,1,1
27247,144,130,14,14
27248,54,57,-3,3
27249,116,99,17,17
27250,106,96,10,10
27251,72,64,8,8
27252,139,120,19,19
27253,153,141,12,12
27254,105,86,19,19
27255,152,132,20,20
27256,137,114,23,23
27257,123,115,8,8
27258,49,51,-2,2
27259,80,68,12,12
27260,63,49,14,14
27261,35,58,-23,23
27262,53,52,1,1
27263,80,76,4,4
27264,56,47,9,9
27265,143,138,5,5
27266,160,143,17,17
27267,98,88,10,10
27268,98,81,17,17
27269,83,83,0,0
27270,117,118,-1,1
27271,143,130,13,13
27272,91,86,5,5
27273,60,62,-2,2
27274,106,90,16,16
27275,33,38,-5,5
27276,65,58,7,7
27277,79,69,10,10
27278,47,40,7,7
27279,78,71,7,7
27280,108,103,5,5
27281,59,56,3,3
27282,75,74,1,1
27283,130,120,10,10
27284,75,77,-2,2
27285,89,83,6,6
27286,85,72,13,13
27287,127,113,14,14
27288,71,74,-3,3
27289,103,93,10,10
27290,40,38,2,2
27291,57,63,-6,6
27292,142,125,17,17
27293,61,67,-6,6
27294,77,65,12,12
27295,95,91,4,4
27296,90,66,24,24
27297,101,96,5,5
27298,64,55,9,9
27299,154,121,33,33
27300,90,80,10,10
27301,103,92,11,11
27302,134,120,14,14
27303,96,70,26,26
27304,48,44,4,4
27305,88,74,14,14
27306,126,113,13,13
27307,80,67,13,13
27308,66,59,7,7
27309,43,39,4,4
27310,71,60,11,11
27311,102,90,12,12
27312,78,68,10,10
27313,99,90,9,9
27314,110,97,13,13
27315,105,99,6,6
27316,103,101,2,2
27317,103,94,9,9
27318,62,79,-17,17
27319,92,87,5,5
27320,68,68,0,0
27321,94,87,7,7
27322,97,91,6,6
27323,50,53,-3,3
27324,46,53,-7,7
27325,76,66,10,10
27326,127,98,29,29
27327,55,51,4,4
27328,62,54,8,8
27329,114,103,11,11
27330,70,58,12,12
27331,110,99,11,11
27332,115,104,11,11
27333,102,84,18,18
27334,105,103,2,2
27335,99,87,12,12
27336,122,111,11,11
27337,69,68,1,1
27338,69,57,12,12
27339,79,73,6,6
27340,67,66,1,1
27341,76,67,9,9
27342,54,50,4,4
27343,96,83,13,13
27344,90,79,11,11
27345,73,62,11,11
27346,76,70,6,6
27347,48,46,2,2
27348,104,101,3,3
27349,64,59,5,5
27350,76,67,9,9
27351,106,96,10,10
27352,58,55,3,3
27353,118,109,9,9
27354,78,76,2,2
27355,119,111,8,8
27356,64,62,2,2
27357,144,107,37,37
27358,112,96,16,16
27359,60,53,7,7
27360,58,75,-17,17
27361,148,152,-4,4
27362,70,63,7,7
27363,193,163,30,30
27364,90,85,5,5
27365,50,47,3,3
27366,94,82,12,12
27367,114,98,16,16
27368,57,57,0,0
27369,72,77,-5,5
27370,97,76,21,21
27371,121,107,14,14
27372,96,86,10,10
27373,78,76,2,2
27374,124,121,3,3
27375,156,143,13,13
27376,103,86,17,17
27377,117,109,8,8
27378,75,58,17,17
27379,101,96,5,5
27380,45,39,6,6
27381,60,52,8,8
27382,124,115,9,9
27383,129,116,13,13
27384,90,84,6,6
27385,79,81,-2,2
27386,64,61,3,3
27387,87,87,0,0
27388,138,125,13,13
27389,106,101,5,5
27390,96,91,5,5
27391,124,110,14,14
27392,78,69,9,9
27393,99,84,15,15
27394,208,162,46,46
27395,111,99,12,12
27396,107,89,18,18
27397,92,76,16,16
27398,87,74,13,13
27399,108,108,0,0
27400,70,59,11,11
27401,115,106,9,9
27402,86,85,1,1
27403,86,76,10,10
27404,165,154,11,11
27405,59,89,-30,30
27406,111,107,4,4
27407,196,161,35,35
27408,99,91,8,8
27409,121,92,29,29
27410,57,49,8,8
27411,78,66,12,12
27412,98,93,5,5
27413,90,73,17,17
27414,89,83,6,6
27415,97,86,11,11
27416,77,67,10,10
27417,78,69,9,9
27418,95,101,-6,6
27419,98,88,10,10
27420,126,108,18,18
27421,107,99,8,8
27422,83,76,7,7
27423,129,121,8,8
27424,93,86,7,7
27425,210,169,41,41
27426,112,104,8,8
27427,51,48,3,3
27428,93,75,18,18
27429,61,64,-3,3
27430,76,78,-2,2
27431,107,98,9,9
27432,115,90,25,25
27433,106,97,9,9
27434,77,72,5,5
27435,102,98,4,4
27436,54,54,0,0
27437,81,66,15,15
27438,64,69,-5,5
27439,134,122,12,12
27440,124,105,19,19
27441,49,49,0,0
27442,90,92,-2,2
27443,72,60,12,12
27444,76,72,4,4
27445,114,97,17,17
27446,59,62,-3,3
27447,97,104,-7,7
27448,96,82,14,14
27449,177,132,45,45
27450,111,100,11,11
27451,105,102,3,3
27452,78,80,-2,2
27453,85,85,0,0
27454,71,64,7,7
27455,114,104,10,10
27456,78,73,5,5
27457,164,148,16,16
27458,75,70,5,5
27459,128,113,15,15
27460,105,110,-5,5
27461,75,68,7,7
27462,87,82,5,5
27463,104,93,11,11
27464,130,113,17,17
27465,101,97,4,4
27466,81,73,8,8
27467,75,65,10,10
27468,115,102,13,13
27469,80,66,14,14
27470,54,58,-4,4
27471,93,89,4,4
27472,142,110,32,32
27473,41,43,-2,2
27474,78,73,5,5
27475,62,56,6,6
27476,68,69,-1,1
27477,45,48,-3,3
27478,99,87,12,12
27479,92,80,12,12
27480,88,72,16,16
27481,134,127,7,7
27482,112,95,17,17
27483,97,98,-1,1
27484,131,128,3,3
27485,71,62,9,9
27486,39,38,1,1
27487,68,66,2,2
27488,47,39,8,8
27489,60,52,8,8
27490,151,115,36,36
27491,81,62,19,19
27492,104,90,14,14
27493,99,96,3,3
27494,103,91,12,12
27495,84,72,12,12
27496,92,84,8,8
27497,108,98,10,10
27498,124,109,15,15
27499,68,67,1,1
27500,107,99,8,8
27501,97,71,26,26
27502,108,95,13,13
27503,54,58,-4,4
27504,75,68,7,7
27505,43,44,-1,1
27506,105,98,7,7
27507,103,100,3,3
27508,85,82,3,3
27509,121,110,11,11
27510,85,80,5,5
27511,102,86,16,16
27512,113,110,3,3
27513,70,68,2,2
27514,120,104,16,16
27515,106,87,19,19
27516,72,67,5,5
27517,89,80,9,9
27518,90,75,15,15
27519,52,44,8,8
27520,78,73,5,5
27521,88,84,4,4
27522,290,224,66,66
27523,98,89,9,9
27524,94,88,6,6
27525,130,110,20,20
27526,50,57,-7,7
27527,102,90,12,12
27528,72,63,9,9
27529,79,68,11,11
27530,101,93,8,8
27531,88,72,16,16
27532,75,70,5,5
27533,109,111,-2,2
27534,68,60,8,8
27535,117,105,12,12
27536,112,102,10,10
27537,149,133,16,16
27538,94,92,2,2
27539,73,64,9,9
27540,86,75,11,11
27541,68,63,5,5
27542,94,87,7,7
27543,96,89,7,7
27544,86,104,-18,18
27545,84,81,3,3
27546,98,85,13,13
27547,149,130,19,19
27548,92,83,9,9
27549,72,60,12,12
27550,108,100,8,8
27551,85,87,-2,2
27552,92,84,8,8
27553,72,68,4,4
27554,73,72,1,1
27555,91,84,7,7
27556,167,164,3,3
27557,78,78,0,0
27558,50,55,-5,5
27559,96,74,22,22
27560,105,101,4,4
27561,102,95,7,7
27562,106,92,14,14
27563,138,118,20,20
27564,123,115,8,8
27565,76,67,9,9
27566,95,85,10,10
27567,87,80,7,7
27568,154,143,11,11
27569,75,65,10,10
27570,137,116,21,21
27571,98,76,22,22
27572,96,87,9,9
27573,68,63,5,5
27574,66,66,0,0
27575,96,88,8,8
27576,99,93,6,6
27577,53,59,-6,6
27578,36,57,-21,21
27579,79,73,6,6
27580,108,97,11,11
27581,20,26,-6,6
27582,95,86,9,9
27583,78,75,3,3
27584,114,104,10,10
27585,89,89,0,0
27586,118,126,-8,8
27587,163,137,26,26
27588,64,57,7,7
27589,50,40,10,10
27590,65,60,5,5
27591,91,79,12,12
27592,126,118,8,8
27593,96,86,10,10
27594,115,99,16,16
27595,114,104,10,10
27596,139,108,31,31
27597,45,52,-7,7
27598,155,146,9,9
27599,77,63,14,14
27600,105,86,19,19
27601,156,122,34,34
27602,90,82,8,8
27603,105,90,15,15
27604,36,40,-4,4
27605,134,130,4,4
27606,111,111,0,0
27607,61,52,9,9
27608,97,88,9,9
27609,76,69,7,7
27610,81,78,3,3
27611,71,64,7,7
27612,99,86,13,13
27613,98,93,5,5
27614,89,77,12,12
27615,153,135,18,18
27616,110,107,3,3
27617,61,54,7,7
27618,72,70,2,2
27619,107,98,9,9
27620,107,96,11,11
27621,116,98,18,18
27622,116,100,16,16
27623,71,65,6,6
27624,95,83,12,12
27625,99,90,9,9
27626,59,51,8,8
27627,107,116,-9,9
27628,130,118,12,12
27629,95,72,23,23
27630,165,138,27,27
27631,171,143,28,28
27632,93,94,-1,1
27633,79,78,1,1
27634,175,151,24,24
27635,121,112,9,9
27636,155,142,13,13
27637,174,160,14,14
27638,81,66,15,15
27639,57,50,7,7
27640,180,141,39,39
27641,116,100,16,16
27642,162,148,14,14
27643,77,69,8,8
27644,78,70,8,8
27645,111,99,12,12
27646,87,69,18,18
27647,37,40,-3,3
27648,176,159,17,17
27649,69,71,-2,2
27650,72,69,3,3
27651,91,84,7,7
27652,102,93,9,9
27653,81,76,5,5
27654,142,129,13,13
27655,189,159,30,30
27656,200,173,27,27
27657,61,60,1,1
27658,89,82,7,7
27659,94,88,6,6
27660,88,80,8,8
27661,85,70,15,15
27662,88,77,11,11
27663,52,50,2,2
27664,61,72,-11,11
27665,79,70,9,9
27666,141,126,15,15
27667,83,75,8,8
27668,112,137,-25,25
27669,123,107,16,16
27670,54,46,8,8
27671,66,59,7,7
27672,117,108,9,9
27673,73,67,6,6
27674,70,75,-5,5
27675,66,58,8,8
27676,105,110,-5,5
27677,77,71,6,6
27678,100,88,12,12
27679,167,135,32,32
27680,73,68,5,5
27681,130,115,15,15
27682,87,66,21,21
27683,85,71,14,14
27684,69,60,9,9
27685,73,69,4,4
27686,77,73,4,4
27687,138,126,12,12
27688,80,79,1,1
27689,55,51,4,4
27690,117,97,20,20
27691,110,97,13,13
27692,60,51,9,9
27693,96,82,14,14
27694,85,73,12,12
27695,106,103,3,3
27696,94,86,8,8
27697,69,70,-1,1
27698,125,119,6,6
27699,179,150,29,29
27700,86,77,9,9
27701,129,116,13,13
27702,82,77,5,5
27703,91,74,17,17
27704,150,134,16,16
27705,57,55,2,2
27706,70,63,7,7
27707,134,118,16,16
27708,71,68,3,3
27709,74,72,2,2
27710,83,75,8,8
27711,82,94,-12,12
27712,70,65,5,5
27713,82,83,-1,1
27714,52,47,5,5
27715,93,79,14,14
27716,54,57,-3,3
27717,136,130,6,6
27718,72,67,5,5
27719,86,99,-13,13
27720,108,107,1,1
27721,93,80,13,13
27722,57,69,-12,12
27723,78,71,7,7
27724,130,113,17,17
27725,83,76,7,7
27726,116,95,21,21
27727,103,85,18,18
27728,79,75,4,4
27729,43,42,1,1
27730,100,95,5,5
27731,77,68,9,9
27732,127,112,15,15
27733,83,73,10,10
27734,134,142,-8,8
27735,108,88,20,20
27736,122,106,16,16
27737,86,81,5,5
27738,71,65,6,6
27739,111,103,8,8
27740,132,111,21,21
27741,200,178,22,22
27742,77,71,6,6
27743,131,105,26,26
27744,75,73,2,2
27745,66,60,6,6
27746,83,73,10,10
27747,155,134,21,21
27748,104,82,22,22
27749,85,72,13,13
27750,149,127,22,22
27751,198,219,-21,21
27752,68,75,-7,7
27753,143,103,40,40
27754,118,92,26,26
27755,75,65,10,10
27756,150,160,-10,10
27757,52,52,0,0
27758,153,138,15,15
27759,88,88,0,0
27760,101,104,-3,3
27761,74,64,10,10
27762,102,100,2,2
27763,140,125,15,15
27764,71,59,12,12
27765,110,85,25,25
27766,110,103,7,7
27767,63,59,4,4
27768,66,62,4,4
27769,49,49,0,0
27770,54,47,7,7
27771,86,79,7,7
27772,58,52,6,6
27773,54,49,5,5
27774,60,62,-2,2
27775,77,68,9,9
27776,70,71,-1,1
27777,91,82,9,9
27778,112,103,9,9
27779,89,76,13,13
27780,80,71,9,9
27781,95,85,10,10
27782,98,83,15,15
27783,91,82,9,9
27784,117,109,8,8
27785,76,75,1,1
27786,126,145,-19,19
27787,131,108,23,23
27788,65,64,1,1
27789,90,76,14,14
27790,77,68,9,9
27791,114,104,10,10
27792,88,77,11,11
27793,90,81,9,9
27794,84,82,2,2
27795,135,111,24,24
27796,95,82,13,13
27797,94,96,-2,2
27798,106,95,11,11
27799,75,64,11,11
27800,115,102,13,13
27801,143,131,12,12
27802,60,55,5,5
27803,68,58,10,10
27804,73,64,9,9
27805,168,135,33,33
27806,99,96,3,3
27807,108,97,11,11
27808,77,78,-1,1
27809,60,50,10,10
27810,79,69,10,10
27811,103,111,-8,8
27812,120,113,7,7
27813,137,137,0,0
27814,80,81,-1,1
27815,78,73,5,5
27816,49,50,-1,1
27817,97,98,-1,1
27818,104,98,6,6
27819,172,149,23,23
27820,154,140,14,14
27821,93,91,2,2
27822,103,84,19,19
27823,51,49,2,2
27824,72,66,6,6
27825,81,75,6,6
27826,69,59,10,10
27827,111,95,16,16
27828,106,95,11,11
27829,143,123,20,20
27830,46,39,7,7
27831,118,112,6,6
27832,136,111,25,25
27833,103,87,16,16
27834,115,106,9,9
27835,100,89,11,11
27836,130,112,18,18
27837,146,127,19,19
27838,106,97,9,9
27839,160,144,16,16
27840,151,108,43,43
27841,111,99,12,12
27842,132,109,23,23
27843,70,55,15,15
27844,95,87,8,8
27845,113,102,11,11
27846,100,109,-9,9
27847,84,72,12,12
27848,144,114,30,30
27849,75,72,3,3
27850,127,118,9,9
27851,35,36,-1,1
27852,48,53,-5,5
27853,52,47,5,5
27854,110,101,9,9
27855,109,97,12,12
27856,72,65,7,7
27857,99,90,9,9
27858,58,46,12,12
27859,81,66,15,15
27860,96,78,18,18
27861,71,65,6,6
27862,122,91,31,31
27863,151,132,19,19
27864,92,79,13,13
27865,69,63,6,6
27866,111,99,12,12
27867,106,91,15,15
27868,122,109,13,13
27869,100,77,23,23
27870,62,57,5,5
27871,77,69,8,8
27872,111,101,10,10
27873,68,68,0,0
27874,97,82,15,15
27875,118,82,36,36
27876,118,109,9,9
27877,97,93,4,4
27878,78,72,6,6
27879,146,134,12,12
27880,99,88,11,11
27881,76,68,8,8
27882,64,54,10,10
27883,48,44,4,4
27884,89,80,9,9
27885,59,54,5,5
27886,74,68,6,6
27887,72,69,3,3
27888,83,73,10,10
27889,83,59,24,24
27890,97,91,6,6
27891,100,87,13,13
27892,181,173,8,8
27893,37,34,3,3
27894,64,58,6,6
27895,84,67,17,17
27896,68,53,15,15
27897,54,47,7,7
27898,85,76,9,9
27899,75,69,6,6
27900,98,88,10,10
27901,147,129,18,18
27902,138,123,15,15
27903,61,54,7,7
27904,83,81,2,2
27905,158,134,24,24
27906,119,104,15,15
27907,88,73,15,15
27908,119,107,12,12
27909,118,98,20,20
27910,68,59,9,9
27911,49,49,0,0
27912,112,94,18,18
27913,113,98,15,15
27914,83,79,4,4
27915,81,80,1,1
27916,31,32,-1,1
27917,87,70,17,17
27918,144,129,15,15
27919,133,131,2,2
27920,137,126,11,11
27921,95,88,7,7
27922,80,74,6,6
27923,109,96,13,13
27924,90,87,3,3
27925,70,62,8,8
27926,66,65,1,1
27927,81,65,16,16
27928,156,143,13,13
27929,70,70,0,0
27930,95,96,-1,1
27931,109,90,19,19
27932,61,101,-40,40
27933,40,35,5,5
27934,138,133,5,5
27935,96,81,15,15
27936,53,61,-8,8
27937,85,85,0,0
27938,137,117,20,20
27939,113,100,13,13
27940,127,115,12,12
27941,77,67,10,10
27942,66,63,3,3
27943,36,36,0,0
27944,83,83,0,0
27945,120,97,23,23
27946,55,56,-1,1
27947,61,59,2,2
27948,68,58,10,10
27949,93,91,2,2
27950,173,157,16,16
27951,58,59,-1,1
27952,75,71,4,4
27953,83,69,14,14
27954,141,137,4,4
27955,67,61,6,6
27956,35,36,-1,1
27957,63,63,0,0
27958,52,50,2,2
27959,183,160,23,23
27960,52,48,4,4
27961,72,63,9,9
27962,77,72,5,5
27963,61,52,9,9
27964,124,105,19,19
27965,78,76,2,2
27966,123,113,10,10
27967,122,113,9,9
27968,88,84,4,4
27969,74,72,2,2
27970,66,66,0,0
27971,69,73,-4,4
27972,92,86,6,6
27973,79,71,8,8
27974,45,60,-15,15
27975,115,106,9,9
27976,143,129,14,14
27977,99,95,4,4
27978,129,126,3,3
27979,103,93,10,10
27980,90,90,0,0
27981,88,77,11,11
27982,123,115,8,8
27983,175,139,36,36
27984,95,84,11,11
27985,105,100,5,5
27986,65,63,2,2
27987,66,56,10,10
27988,137,117,20,20
27989,84,79,5,5
27990,110,93,17,17
27991,118,98,20,20
27992,114,105,9,9
27993,97,99,-2,2
27994,90,78,12,12
27995,124,113,11,11
27996,158,146,12,12
27997,67,85,-18,18
27998,96,83,13,13
27999,97,85,12,12
28000,108,98,10,10
28001,106,94,12,12
28002,56,51,5,5
28003,69,63,6,6
28004,41,44,-3,3
28005,67,61,6,6
28006,172,159,13,13
28007,53,48,5,5
28008,94,78,16,16
28009,121,108,13,13
28010,97,76,21,21
28011,91,79,12,12
28012,117,82,35,35
28013,125,136,-11,11
28014,59,54,5,5
28015,114,94,20,20
28016,87,75,12,12
28017,106,98,8,8
28018,77,73,4,4
28019,135,111,24,24
28020,145,120,25,25
28021,72,66,6,6
28022,53,51,2,2
28023,149,128,21,21
28024,101,96,5,5
28025,76,50,26,26
28026,87,87,0,0
28027,73,61,12,12
28028,107,93,14,14
28029,67,60,7,7
28030,67,67,0,0
28031,80,76,4,4
28032,91,81,10,10
28033,91,76,15,15
28034,104,112,-8,8
28035,66,52,14,14
28036,90,80,10,10
28037,71,78,-7,7
28038,118,95,23,23
28039,87,86,1,1
28040,68,61,7,7
28041,114,110,4,4
28042,117,111,6,6
28043,130,113,17,17
28044,134,134,0,0
28045,125,112,13,13
28046,74,64,10,10
28047,88,77,11,11
28048,56,69,-13,13
28049,116,104,12,12
28050,145,132,13,13
28051,75,60,15,15
28052,71,76,-5,5
28053,50,47,3,3
28054,97,89,8,8
28055,55,46,9,9
28056,52,44,8,8
28057,154,119,35,35
28058,132,116,16,16
28059,180,147,33,33
28060,68,66,2,2
28061,86,78,8,8
28062,147,137,10,10
28063,68,75,-7,7
28064,80,69,11,11
28065,98,82,16,16
28066,109,108,1,1
28067,88,85,3,3
28068,78,77,1,1
28069,86,70,16,16
28070,42,43,-1,1
28071,74,78,-4,4
28072,137,123,14,14
28073,110,98,12,12
28074,76,79,-3,3
28075,64,61,3,3
28076,150,126,24,24
28077,116,96,20,20
28078,74,70,4,4
28079,69,61,8,8
28080,55,46,9,9
28081,114,114,0,0
28082,178,168,10,10
28083,78,68,10,10
28084,71,63,8,8
28085,80,76,4,4
28086,119,120,-1,1
28087,59,58,1,1
28088,75,59,16,16
28089,77,81,-4,4
28090,64,65,-1,1
28091,118,99,19,19
28092,141,127,14,14
28093,144,138,6,6
28094,118,106,12,12
28095,90,69,21,21
28096,96,89,7,7
28097,107,95,12,12
28098,141,136,5,5
28099,71,58,13,13
28100,94,80,14,14
28101,196,162,34,34
28102,93,93,0,0
28103,122,98,24,24
28104,78,75,3,3
28105,83,93,-10,10
28106,84,70,14,14
28107,65,55,10,10
28108,165,156,9,9
28109,116,119,-3,3
28110,91,70,21,21
28111,69,59,10,10
28112,87,72,15,15
28113,94,92,2,2
28114,113,104,9,9
28115,169,157,12,12
28116,112,95,17,17
28117,85,82,3,3
28118,113,97,16,16
28119,145,122,23,23
28120,53,53,0,0
28121,97,89,8,8
28122,102,100,2,2
28123,107,109,-2,2
28124,88,77,11,11
28125,76,66,10,10
28126,46,45,1,1
28127,83,77,6,6
28128,99,85,14,14
28129,118,107,11,11
28130,85,73,12,12
28131,112,105,7,7
28132,120,104,16,16
28133,246,205,41,41
28134,124,103,21,21
28135,64,62,2,2
28136,118,98,20,20
28137,118,99,19,19
28138,78,73,5,5
28139,74,73,1,1
28140,86,75,11,11
28141,90,70,20,20
28142,132,130,2,2
28143,125,110,15,15
28144,70,62,8,8
28145,69,61,8,8
28146,119,105,14,14
28147,144,121,23,23
28148,172,147,25,25
28149,83,72,11,11
28150,99,85,14,14
28151,104,93,11,11
28152,127,119,8,8
28153,78,67,11,11
28154,110,88,22,22
28155,53,49,4,4
28156,79,80,-1,1
28157,47,41,6,6
28158,123,119,4,4
28159,132,124,8,8
28160,104,98,6,6
28161,127,113,14,14
28162,105,88,17,17
28163,65,62,3,3
28164,100,92,8,8
28165,192,159,33,33
28166,61,83,-22,22
28167,106,103,3,3
28168,38,66,-28,28
28169,186,155,31,31
28170,166,142,24,24
28171,122,107,15,15
28172,141,127,14,14
28173,122,121,1,1
28174,39,56,-17,17
28175,117,111,6,6
28176,128,115,13,13
28177,148,132,16,16
28178,118,108,10,10
28179,96,88,8,8
28180,72,71,1,1
28181,76,62,14,14
28182,63,56,7,7
28183,84,83,1,1
28184,102,94,8,8
28185,75,66,9,9
28186,92,83,9,9
28187,69,61,8,8
28188,94,74,20,20
28189,70,59,11,11
28190,112,93,19,19
28191,87,72,15,15
28192,68,65,3,3
28193,123,127,-4,4
28194,81,61,20,20
28195,116,119,-3,3
28196,82,78,4,4
28197,149,122,27,27
28198,60,70,-10,10
28199,59,62,-3,3
28200,110,93,17,17
28201,89,114,-25,25
28202,114,105,9,9
28203,128,114,14,14
28204,57,58,-1,1
28205,77,76,1,1
28206,85,77,8,8
28207,194,184,10,10
28208,72,77,-5,5
28209,75,75,0,0
28210,57,73,-16,16
28211,165,142,23,23
28212,99,89,10,10
28213,84,75,9,9
28214,89,87,2,2
28215,64,60,4,4
28216,115,113,2,2
28217,81,80,1,1
28218,96,100,-4,4
28219,134,123,11,11
28220,74,66,8,8
28221,121,129,-8,8
28222,81,86,-5,5
28223,58,52,6,6
28224,77,64,13,13
28225,97,88,9,9
28226,66,55,11,11
28227,104,95,9,9
28228,112,107,5,5
28229,59,53,6,6
28230,151,129,22,22
28231,111,94,17,17
28232,133,121,12,12
28233,76,72,4,4
28234,93,88,5,5
28235,76,66,10,10
28236,85,73,12,12
28237,151,141,10,10
28238,76,72,4,4
28239,79,69,10,10
28240,172,173,-1,1
28241,148,125,23,23
28242,89,83,6,6
28243,87,73,14,14
28244,128,117,11,11
28245,71,56,15,15
28246,72,62,10,10
28247,77,71,6,6
28248,100,90,10,10
28249,107,100,7,7
28250,86,78,8,8
28251,81,68,13,13
28252,93,84,9,9
28253,56,48,8,8
28254,138,125,13,13
28255,77,74,3,3
28256,175,161,14,14
28257,72,67,5,5
28258,93,84,9,9
28259,92,80,12,12
28260,104,108,-4,4
28261,132,113,19,19
28262,81,81,0,0
28263,71,72,-1,1
28264,140,134,6,6
28265,102,88,14,14
28266,53,48,5,5
28267,87,84,3,3
28268,147,133,14,14
28269,93,94,-1,1
28270,65,60,5,5
28271,154,132,22,22
28272,222,191,31,31
28273,107,92,15,15
28274,81,70,11,11
28275,59,54,5,5
28276,63,58,5,5
28277,100,93,7,7
28278,89,75,14,14
28279,70,60,10,10
28280,90,83,7,7
28281,135,129,6,6
28282,112,101,11,11
28283,102,91,11,11
28284,126,120,6,6
28285,87,83,4,4
28286,98,87,11,11
28287,128,108,20,20
28288,54,51,3,3
28289,88,82,6,6
28290,79,68,11,11
28291,177,153,24,24
28292,110,99,11,11
28293,68,67,1,1
28294,126,117,9,9
28295,115,105,10,10
28296,105,100,5,5
28297,86,78,8,8
28298,66,92,-26,26
28299,65,52,13,13
28300,78,80,-2,2
28301,87,81,6,6
28302,108,100,8,8
28303,46,52,-6,6
28304,106,98,8,8
28305,127,112,15,15
28306,137,127,10,10
28307,84,70,14,14
28308,73,72,1,1
28309,70,61,9,9
28310,76,69,7,7
28311,84,74,10,10
28312,125,87,38,38
28313,73,70,3,3
28314,176,163,13,13
28315,97,82,15,15
28316,128,115,13,13
28317,74,68,6,6
28318,145,129,16,16
28319,93,89,4,4
28320,70,65,5,5
28321,67,71,-4,4
28322,84,78,6,6
28323,59,51,8,8
28324,92,84,8,8
28325,112,95,17,17
28326,51,46,5,5
28327,56,51,5,5
28328,92,84,8,8
28329,49,52,-3,3
28330,98,90,8,8
28331,71,68,3,3
28332,72,66,6,6
28333,68,70,-2,2
28334,87,82,5,5
28335,121,107,14,14
28336,94,87,7,7
28337,76,76,0,0
28338,112,97,15,15
28339,69,57,12,12
28340,113,103,10,10
28341,129,123,6,6
28342,105,100,5,5
28343,99,98,1,1
28344,58,54,4,4
28345,130,112,18,18
28346,85,73,12,12
28347,73,60,13,13
28348,56,44,12,12
28349,97,96,1,1
28350,104,101,3,3
28351,73,67,6,6
28352,111,93,18,18
28353,73,61,12,12
28354,98,82,16,16
28355,102,99,3,3
28356,80,68,12,12
28357,47,42,5,5
28358,102,100,2,2
28359,76,71,5,5
28360,69,78,-9,9
28361,85,81,4,4
28362,111,106,5,5
28363,34,34,0,0
28364,137,131,6,6
28365,79,72,7,7
28366,72,73,-1,1
28367,62,61,1,1
28368,91,83,8,8
28369,82,78,4,4
28370,120,124,-4,4
28371,92,90,2,2
28372,110,106,4,4
28373,122,111,11,11
28374,119,105,14,14
28375,183,167,16,16
28376,61,60,1,1
28377,97,80,17,17
28378,117,110,7,7
28379,71,69,2,2
28380,100,82,18,18
28381,119,104,15,15
28382,94,74,20,20
28383,94,86,8,8
28384,97,78,19,19
28385,62,50,12,12
28386,74,69,5,5
28387,104,97,7,7
28388,143,135,8,8
28389,74,70,4,4
28390,126,112,14,14
28391,64,61,3,3
28392,97,84,13,13
28393,82,74,8,8
28394,56,58,-2,2
28395,98,96,2,2
28396,139,123,16,16
28397,102,98,4,4
28398,100,94,6,6
28399,115,87,28,28
28400,138,111,27,27
28401,39,38,1,1
28402,132,125,7,7
28403,127,119,8,8
28404,98,84,14,14
28405,83,65,18,18
28406,106,102,4,4
28407,161,139,22,22
28408,77,60,17,17
28409,76,78,-2,2
28410,96,84,12,12
28411,107,99,8,8
28412,85,205,-120,120
28413,79,77,2,2
28414,102,89,13,13
28415,57,49,8,8
28416,79,74,5,5
28417,76,79,-3,3
28418,82,79,3,3
28419,56,49,7,7
28420,84,74,10,10
28421,110,94,16,16
28422,183,153,30,30
28423,118,115,3,3
28424,100,87,13,13
28425,109,91,18,18
28426,101,87,14,14
28427,57,57,0,0
28428,89,98,-9,9
28429,148,126,22,22
28430,202,191,11,11
28431,137,134,3,3
28432,91,80,11,11
28433,112,105,7,7
28434,68,64,4,4
28435,83,74,9,9
28436,72,64,8,8
28437,79,68,11,11
28438,116,106,10,10
28439,54,51,3,3
28440,87,83,4,4
28441,82,74,8,8
28442,104,93,11,11
28443,126,115,11,11
28444,106,103,3,3
28445,116,100,16,16
28446,91,87,4,4
28447,77,68,9,9
28448,123,135,-12,12
28449,145,127,18,18
28450,88,74,14,14
28451,95,101,-6,6
28452,79,77,2,2
28453,91,88,3,3
28454,133,113,20,20
28455,165,166,-1,1
28456,61,55,6,6
28457,63,60,3,3
28458,120,108,12,12
28459,54,44,10,10
28460,145,134,11,11
28461,130,119,11,11
28462,68,57,11,11
28463,55,51,4,4
28464,90,78,12,12
28465,102,83,19,19
28466,52,48,4,4
28467,102,95,7,7
28468,162,148,14,14
28469,85,82,3,3
28470,81,74,7,7
28471,57,48,9,9
28472,82,69,13,13
28473,135,90,45,45
28474,43,42,1,1
28475,82,73,9,9
28476,66,63,3,3
28477,102,93,9,9
28478,70,65,5,5
28479,151,136,15,15
28480,127,116,11,11
28481,77,56,21,21
28482,137,112,25,25
28483,83,69,14,14
28484,183,159,24,24
28485,43,37,6,6
28486,129,119,10,10
28487,58,48,10,10
28488,73,71,2,2
28489,67,57,10,10
28490,57,55,2,2
28491,133,133,0,0
28492,76,73,3,3
28493,87,79,8,8
28494,76,71,5,5
28495,99,80,19,19
28496,95,85,10,10
28497,56,52,4,4
28498,146,126,20,20
28499,123,101,22,22
28500,93,105,-12,12
28501,71,69,2,2
28502,97,84,13,13
28503,122,102,20,20
28504,97,90,7,7
28505,86,76,10,10
28506,87,82,5,5
28507,134,113,21,21
28508,99,97,2,2
28509,135,123,12,12
28510,85,77,8,8
28511,132,122,10,10
28512,54,51,3,3
28513,77,77,0,0
28514,63,63,0,0
28515,138,129,9,9
28516,58,54,4,4
28517,141,120,21,21
28518,161,147,14,14
28519,105,107,-2,2
28520,107,106,1,1
28521,153,149,4,4
28522,90,82,8,8
28523,147,136,11,11
28524,92,89,3,3
28525,34,30,4,4
28526,90,87,3,3
28527,50,51,-1,1
28528,83,72,11,11
28529,127,127,0,0
28530,59,48,11,11
28531,57,56,1,1
28532,115,109,6,6
28533,91,91,0,0
28534,143,121,22,22
28535,119,102,17,17
28536,97,90,7,7
28537,155,140,15,15
28538,128,112,16,16
28539,67,60,7,7
28540,60,56,4,4
28541,103,89,14,14
28542,128,114,14,14
28543,100,89,11,11
28544,71,65,6,6
28545,85,78,7,7
28546,74,67,7,7
28547,172,134,38,38
28548,73,65,8,8
28549,51,44,7,7
28550,76,72,4,4
28551,110,100,10,10
28552,125,107,18,18
28553,49,51,-2,2
28554,145,124,21,21
28555,81,68,13,13
28556,79,92,-13,13
28557,108,97,11,11
28558,95,84,11,11
28559,66,54,12,12
28560,78,70,8,8
28561,41,43,-2,2
28562,89,73,16,16
28563,60,58,2,2
28564,88,73,15,15
28565,54,56,-2,2
28566,112,96,16,16
28567,135,113,22,22
28568,123,110,13,13
28569,76,83,-7,7
28570,82,72,10,10
28571,38,35,3,3
28572,51,47,4,4
28573,33,41,-8,8
28574,100,90,10,10
28575,64,66,-2,2
28576,98,94,4,4
28577,104,87,17,17
28578,108,101,7,7
28579,112,101,11,11
28580,54,51,3,3
28581,75,70,5,5
28582,89,87,2,2
28583,137,116,21,21
28584,66,55,11,11
28585,81,73,8,8
28586,91,88,3,3
28587,84,78,6,6
28588,52,44,8,8
28589,64,66,-2,2
28590,176,163,13,13
28591,59,58,1,1
28592,70,62,8,8
28593,69,58,11,11
28594,83,99,-16,16
28595,71,70,1,1
28596,61,59,2,2
28597,65,58,7,7
28598,94,104,-10,10
28599,53,48,5,5
28600,66,52,14,14
28601,93,85,8,8
28602,66,59,7,7
28603,75,63,12,12
28604,96,93,3,3
28605,66,60,6,6
28606,158,119,39,39
28607,80,59,21,21
28608,67,57,10,10
28609,67,62,5,5
28610,79,70,9,9
28611,57,55,2,2
28612,66,64,2,2
28613,44,40,4,4
28614,59,53,6,6
28615,150,129,21,21
28616,128,114,14,14
28617,74,68,6,6
28618,38,48,-10,10
28619,51,45,6,6
28620,123,111,12,12
28621,61,52,9,9
28622,77,58,19,19
28623,61,58,3,3
28624,94,84,10,10
28625,104,101,3,3
28626,62,65,-3,3
28627,115,98,17,17
28628,122,96,26,26
28629,96,91,5,5
28630,84,78,6,6
28631,119,106,13,13
28632,99,86,13,13
28633,85,77,8,8
28634,118,102,16,16
28635,144,120,24,24
28636,54,50,4,4
28637,152,131,21,21
28638,47,49,-2,2
28639,67,58,9,9
28640,81,72,9,9
28641,125,112,13,13
28642,104,89,15,15
28643,63,65,-2,2
28644,71,57,14,14
28645,56,58,-2,2
28646,144,129,15,15
28647,125,124,1,1
28648,64,53,11,11
28649,108,89,19,19
28650,87,74,13,13
28651,66,67,-1,1
28652,83,78,5,5
28653,102,91,11,11
28654,120,110,10,10
28655,114,103,11,11
28656,114,102,12,12
28657,148,135,13,13
28658,100,89,11,11
28659,76,68,8,8
28660,53,51,2,2
28661,104,98,6,6
28662,101,95,6,6
28663,93,86,7,7
28664,50,45,5,5
28665,47,46,1,1
28666,137,124,13,13
28667,109,95,14,14
28668,83,88,-5,5
28669,32,36,-4,4
28670,69,60,9,9
28671,92,82,10,10
28672,78,76,2,2
28673,96,102,-6,6
28674,92,76,16,16
28675,53,44,9,9
28676,144,129,15,15
28677,107,91,16,16
28678,112,99,13,13
28679,72,56,16,16
28680,108,91,17,17
28681,84,73,11,11
28682,54,51,3,3
28683,82,108,-26,26
28684,98,82,16,16
28685,73,72,1,1
28686,50,49,1,1
28687,89,82,7,7
28688,66,58,8,8
28689,140,134,6,6
28690,97,87,10,10
28691,77,75,2,2
28692,106,69,37,37
28693,73,69,4,4
28694,122,109,13,13
28695,80,70,10,10
28696,60,53,7,7
28697,90,77,13,13
28698,83,76,7,7
28699,86,79,7,7
28700,33,32,1,1
28701,134,120,14,14
28702,117,108,9,9
28703,60,53,7,7
28704,116,104,12,12
28705,110,109,1,1
28706,129,118,11,11
28707,88,79,9,9
28708,76,67,9,9
28709,171,155,16,16
28710,98,76,22,22
28711,100,87,13,13
28712,66,53,13,13
28713,140,121,19,19
28714,101,78,23,23
28715,61,53,8,8
28716,89,80,9,9
28717,93,89,4,4
28718,101,86,15,15
28719,63,67,-4,4
28720,85,82,3,3
28721,94,89,5,5
28722,114,126,-12,12
28723,104,102,2,2
28724,78,72,6,6
28725,108,115,-7,7
28726,57,52,5,5
28727,38,42,-4,4
28728,69,68,1,1
28729,106,100,6,6
28730,77,71,6,6
28731,235,217,18,18
28732,98,93,5,5
28733,111,101,10,10
28734,70,80,-10,10
28735,102,92,10,10
28736,92,86,6,6
28737,67,65,2,2
28738,83,81,2,2
28739,71,61,10,10
28740,92,66,26,26
28741,59,56,3,3
28742,90,80,10,10
28743,71,62,9,9
28744,52,53,-1,1
28745,109,87,22,22
28746,105,103,2,2
28747,79,70,9,9
28748,81,67,14,14
28749,84,81,3,3
28750,80,65,15,15
28751,56,59,-3,3
28752,84,74,10,10
28753,44,46,-2,2
28754,85,76,9,9
28755,62,60,2,2
28756,83,69,14,14
28757,59,69,-10,10
28758,92,80,12,12
28759,99,96,3,3
28760,131,133,-2,2
28761,58,54,4,4
28762,164,139,25,25
28763,132,110,22,22
28764,73,61,12,12
28765,82,75,7,7
28766,57,55,2,2
28767,97,99,-2,2
28768,26,31,-5,5
28769,107,90,17,17
28770,88,74,14,14
28771,84,80,4,4
28772,82,78,4,4
28773,141,138,3,3
28774,78,68,10,10
28775,146,134,12,12
28776,84,70,14,14
28777,93,80,13,13
28778,74,67,7,7
28779,139,121,18,18
28780,125,117,8,8
28781,65,60,5,5
28782,101,99,2,2
28783,114,116,-2,2
28784,54,53,1,1
28785,99,84,15,15
28786,83,76,7,7
28787,128,114,14,14
28788,90,87,3,3
28789,77,69,8,8
28790,68,53,15,15
28791,78,85,-7,7
28792,76,68,8,8
28793,85,78,7,7
28794,106,99,7,7
28795,207,165,42,42
28796,105,94,11,11
28797,110,102,8,8
28798,86,73,13,13
28799,166,127,39,39
28800,118,109,9,9
28801,99,85,14,14
28802,80,83,-3,3
28803,27,38,-11,11
28804,125,103,22,22
28805,92,84,8,8
28806,85,73,12,12
28807,91,85,6,6
28808,61,54,7,7
28809,86,76,10,10
28810,50,47,3,3
28811,101,95,6,6
28812,79,64,15,15
28813,82,89,-7,7
28814,63,52,11,11
28815,100,85,15,15
28816,103,77,26,26
28817,150,132,18,18
28818,86,68,18,18
28819,72,72,0,0
28820,54,51,3,3
28821,136,128,8,8
28822,60,50,10,10
28823,118,105,13,13
28824,64,52,12,12
28825,78,68,10,10
28826,76,64,12,12
28827,145,128,17,17
28828,62,64,-2,2
28829,98,94,4,4
28830,100,90,10,10
28831,142,125,17,17
28832,77,80,-3,3
28833,81,82,-1,1
28834,79,73,6,6
28835,78,71,7,7
28836,84,82,2,2
28837,63,56,7,7
28838,94,84,10,10
28839,89,78,11,11
28840,78,68,10,10
28841,132,127,5,5
28842,151,131,20,20
28843,156,138,18,18
28844,41,51,-10,10
28845,106,99,7,7
28846,99,88,11,11
28847,42,43,-1,1
28848,79,68,11,11
28849,60,69,-9,9
28850,136,134,2,2
28851,130,120,10,10
28852,136,130,6,6
28853,81,66,15,15
28854,112,101,11,11
28855,60,54,6,6
28856,93,73,20,20
28857,103,98,5,5
28858,180,156,24,24
28859,93,82,11,11
28860,172,153,19,19
28861,95,101,-6,6
28862,79,81,-2,2
28863,55,54,1,1
28864,105,98,7,7
28865,118,103,15,15
28866,111,101,10,10
28867,66,63,3,3
28868,146,118,28,28
28869,81,102,-21,21
28870,75,62,13,13
28871,79,76,3,3
28872,64,56,8,8
28873,97,93,4,4
28874,103,92,11,11
28875,68,63,5,5
28876,74,73,1,1
28877,80,62,18,18
28878,90,71,19,19
28879,59,49,10,10
28880,109,105,4,4
28881,90,78,12,12
28882,71,70,1,1
28883,108,98,10,10
28884,83,68,15,15
28885,130,114,16,16
28886,85,81,4,4
28887,49,54,-5,5
28888,73,65,8,8
28889,104,97,7,7
28890,131,120,11,11
28891,69,62,7,7
28892,102,89,13,13
28893,74,66,8,8
28894,58,50,8,8
28895,167,143,24,24
28896,144,130,14,14
28897,108,101,7,7
28898,70,62,8,8
28899,84,77,7,7
28900,50,47,3,3
28901,68,64,4,4
28902,128,123,5,5
28903,106,97,9,9
28904,63,58,5,5
28905,61,60,1,1
28906,82,72,10,10
28907,100,97,3,3
28908,92,84,8,8
28909,75,74,1,1
28910,132,118,14,14
28911,85,85,0,0
28912,183,159,24,24
28913,115,103,12,12
28914,125,117,8,8
28915,99,88,11,11
28916,102,91,11,11
28917,125,120,5,5
28918,75,68,7,7
28919,173,154,19,19
28920,66,64,2,2
28921,90,75,15,15
28922,88,81,7,7
28923,124,114,10,10
28924,70,59,11,11
28925,93,80,13,13
28926,64,55,9,9
28927,60,51,9,9
28928,134,124,10,10
28929,104,88,16,16
28930,44,42,2,2
28931,109,88,21,21
28932,68,57,11,11
28933,81,73,8,8
28934,103,94,9,9
28935,99,95,4,4
28936,80,73,7,7
28937,104,101,3,3
28938,67,67,0,0
28939,126,114,12,12
28940,53,48,5,5
28941,135,120,15,15
28942,95,74,21,21
28943,95,95,0,0
28944,63,61,2,2
28945,140,115,25,25
28946,71,73,-2,2
28947,79,69,10,10
28948,47,65,-18,18
28949,87,94,-7,7
28950,57,54,3,3
28951,81,75,6,6
28952,53,47,6,6
28953,88,90,-2,2
28954,109,103,6,6
28955,85,79,6,6
28956,114,103,11,11
28957,81,79,2,2
28958,85,86,-1,1
28959,95,88,7,7
28960,61,64,-3,3
28961,65,59,6,6
28962,47,55,-8,8
28963,57,50,7,7
28964,66,68,-2,2
28965,86,83,3,3
28966,76,70,6,6
28967,143,122,21,21
28968,79,85,-6,6
28969,87,72,15,15
28970,99,89,10,10
28971,103,105,-2,2
28972,83,71,12,12
28973,116,105,11,11
28974,128,117,11,11
28975,159,142,17,17
28976,113,93,20,20
28977,124,110,14,14
28978,81,80,1,1
28979,66,51,15,15
28980,82,59,23,23
28981,58,58,0,0
28982,101,97,4,4
28983,67,71,-4,4
28984,97,78,19,19
28985,78,75,3,3
28986,104,96,8,8
28987,117,106,11,11
28988,82,88,-6,6
28989,125,116,9,9
28990,152,142,10,10
28991,92,89,3,3
28992,128,111,17,17
28993,68,63,5,5
28994,101,87,14,14
28995,96,90,6,6
28996,98,87,11,11
28997,134,115,19,19
28998,106,103,3,3
28999,54,44,10,10
29000,88,88,0,0
29001,66,55,11,11
29002,99,89,10,10
29003,82,73,9,9
29004,118,114,4,4
29005,66,57,9,9
29006,96,82,14,14
29007,139,128,11,11
29008,25,31,-6,6
29009,123,105,18,18
29010,130,118,12,12
29011,92,80,12,12
29012,80,67,13,13
29013,67,56,11,11
29014,71,61,10,10
29015,92,84,8,8
29016,113,94,19,19
29017,67,72,-5,5
29018,58,56,2,2
29019,39,77,-38,38
29020,78,76,2,2
29021,113,91,22,22
29022,50,44,6,6
29023,66,56,10,10
29024,88,81,7,7
29025,88,88,0,0
29026,131,113,18,18
29027,64,72,-8,8
29028,91,83,8,8
29029,101,80,21,21
29030,110,96,14,14
29031,56,57,-1,1
29032,77,71,6,6
29033,129,116,13,13
29034,91,95,-4,4
29035,97,94,3,3
29036,98,89,9,9
29037,75,69,6,6
29038,109,85,24,24
29039,64,63,1,1
29040,71,64,7,7
29041,54,52,2,2
29042,59,57,2,2
29043,145,136,9,9
29044,86,73,13,13
29045,56,50,6,6
29046,79,78,1,1
29047,114,106,8,8
29048,65,68,-3,3
29049,104,90,14,14
29050,61,63,-2,2
29051,155,143,12,12
29052,106,95,11,11
29053,48,51,-3,3
29054,173,137,36,36
29055,31,41,-10,10
29056,87,83,4,4
29057,147,132,15,15
29058,79,72,7,7
29059,92,93,-1,1
29060,100,83,17,17
29061,118,120,-2,2
29062,83,73,10,10
29063,72,66,6,6
29064,101,85,16,16
29065,83,79,4,4
29066,94,86,8,8
29067,103,100,3,3
29068,73,67,6,6
29069,179,163,16,16
29070,115,97,18,18
29071,85,74,11,11
29072,101,90,11,11
29073,130,121,9,9
29074,155,151,4,4
29075,65,55,10,10
29076,116,112,4,4
29077,71,63,8,8
29078,78,76,2,2
29079,129,119,10,10
29080,78,65,13,13
29081,141,120,21,21
29082,139,115,24,24
29083,90,80,10,10
29084,174,154,20,20
29085,92,82,10,10
29086,76,68,8,8
29087,40,42,-2,2
29088,36,33,3,3
29089,78,66,12,12
29090,89,87,2,2
29091,63,63,0,0
29092,79,69,10,10
29093,127,108,19,19
29094,61,60,1,1
29095,118,69,49,49
29096,112,92,20,20
29097,131,115,16,16
29098,78,70,8,8
29099,95,84,11,11
29100,75,68,7,7
29101,170,151,19,19
29102,97,92,5,5
29103,62,58,4,4
29104,130,115,15,15
29105,116,121,-5,5
29106,72,70,2,2
29107,89,76,13,13
29108,95,92,3,3
29109,82,74,8,8
29110,54,54,0,0
29111,102,93,9,9
29112,106,94,12,12
29113,138,121,17,17
29114,90,85,5,5
29115,53,58,-5,5
29116,111,87,24,24
29117,91,80,11,11
29118,84,82,2,2
29119,116,97,19,19
29120,119,106,13,13
29121,82,76,6,6
29122,102,86,16,16
29123,64,58,6,6
29124,40,48,-8,8
29125,104,97,7,7
29126,73,67,6,6
29127,92,84,8,8
29128,127,103,24,24
29129,155,138,17,17
29130,82,76,6,6
29131,86,79,7,7
29132,61,49,12,12
29133,136,115,21,21
29134,123,121,2,2
29135,40,46,-6,6
29136,103,88,15,15
29137,145,134,11,11
29138,92,90,2,2
29139,60,71,-11,11
29140,71,65,6,6
29141,63,57,6,6
29142,51,46,5,5
29143,92,85,7,7
29144,48,46,2,2
29145,66,45,21,21
29146,165,140,25,25
29147,114,99,15,15
29148,48,44,4,4
29149,121,101,20,20
29150,134,118,16,16
29151,68,60,8,8
29152,34,42,-8,8
29153,68,57,11,11
29154,72,69,3,3
29155,63,54,9,9
29156,59,62,-3,3
29157,94,88,6,6
29158,59,51,8,8
29159,77,81,-4,4
29160,119,100,19,19
29161,134,123,11,11
29162,120,109,11,11
29163,90,77,13,13
29164,79,70,9,9
29165,70,61,9,9
29166,103,91,12,12
29167,111,89,22,22
29168,62,58,4,4
29169,139,114,25,25
29170,138,132,6,6
29171,213,194,19,19
29172,73,67,6,6
29173,116,106,10,10
29174,135,124,11,11
29175,77,65,12,12
29176,89,75,14,14
29177,40,36,4,4
29178,82,69,13,13
29179,101,97,4,4
29180,81,88,-7,7
29181,159,144,15,15
29182,89,85,4,4
29183,74,76,-2,2
29184,106,94,12,12
29185,53,56,-3,3
29186,98,110,-12,12
29187,96,85,11,11
29188,116,113,3,3
29189,68,65,3,3
29190,74,67,7,7
29191,167,156,11,11
29192,90,89,1,1
29193,106,93,13,13
29194,62,52,10,10
29195,46,46,0,0
29196,68,69,-1,1
29197,73,64,9,9
29198,78,72,6,6
29199,58,51,7,7
29200,129,112,17,17
29201,79,82,-3,3
29202,92,81,11,11
29203,34,43,-9,9
29204,81,41,40,40
29205,73,60,13,13
29206,171,159,12,12
29207,90,90,0,0
29208,70,73,-3,3
29209,199,187,12,12
29210,68,56,12,12
29211,161,150,11,11
29212,46,36,10,10
29213,61,57,4,4
29214,112,96,16,16
29215,133,112,21,21
29216,91,75,16,16
29217,80,83,-3,3
29218,160,124,36,36
29219,90,79,11,11
29220,103,85,18,18
29221,87,72,15,15
29222,148,128,20,20
29223,183,118,65,65
29224,87,79,8,8
29225,161,140,21,21
29226,80,71,9,9
29227,128,121,7,7
29228,123,110,13,13
29229,159,139,20,20
29230,48,42,6,6
29231,77,74,3,3
29232,87,80,7,7
29233,53,47,6,6
29234,118,103,15,15
29235,89,59,30,30
29236,76,71,5,5
29237,145,123,22,22
29238,125,103,22,22
29239,97,98,-1,1
29240,49,51,-2,2
29241,62,71,-9,9
29242,81,75,6,6
29243,136,128,8,8
29244,100,93,7,7
29245,187,183,4,4
29246,105,101,4,4
29247,176,158,18,18
29248,113,102,11,11
29249,115,114,1,1
29250,86,82,4,4
29251,120,103,17,17
29252,74,73,1,1
29253,86,89,-3,3
29254,99,102,-3,3
29255,70,61,9,9
29256,109,103,6,6
29257,110,94,16,16
29258,102,93,9,9
29259,156,136,20,20
29260,107,99,8,8
29261,53,50,3,3
29262,121,104,17,17
29263,97,90,7,7
29264,103,105,-2,2
29265,66,56,10,10
29266,108,118,-10,10
29267,59,58,1,1
29268,64,62,2,2
29269,70,66,4,4
29270,86,75,11,11
29271,118,102,16,16
29272,61,61,0,0
29273,120,101,19,19
29274,112,96,16,16
29275,176,142,34,34
29276,61,56,5,5
29277,89,91,-2,2
29278,115,94,21,21
29279,112,92,20,20
29280,110,97,13,13
29281,92,82,10,10
29282,124,106,18,18
29283,60,53,7,7
29284,70,61,9,9
29285,98,84,14,14
29286,77,72,5,5
29287,60,52,8,8
29288,149,136,13,13
29289,135,123,12,12
29290,71,64,7,7
29291,47,49,-2,2
29292,141,119,22,22
29293,76,78,-2,2
29294,85,73,12,12
29295,66,60,6,6
29296,86,79,7,7
29297,144,128,16,16
29298,74,73,1,1
29299,181,159,22,22
29300,79,75,4,4
29301,106,91,15,15
29302,138,120,18,18
29303,91,67,24,24
29304,76,67,9,9
29305,140,120,20,20
29306,77,71,6,6
29307,54,54,0,0
29308,71,68,3,3
29309,110,86,24,24
29310,90,79,11,11
29311,116,112,4,4
29312,83,74,9,9
29313,59,59,0,0
29314,92,83,9,9
29315,144,125,19,19
29316,67,53,14,14
29317,105,94,11,11
29318,62,54,8,8
29319,136,117,19,19
29320,111,103,8,8
29321,64,64,0,0
29322,73,55,18,18
29323,86,85,1,1
29324,84,78,6,6
29325,74,73,1,1
29326,135,119,16,16
29327,119,104,15,15
29328,83,80,3,3
29329,102,93,9,9
29330,84,83,1,1
29331,66,110,-44,44
29332,47,41,6,6
29333,97,82,15,15
29334,106,95,11,11
29335,75,68,7,7
29336,108,111,-3,3
29337,154,136,18,18
29338,91,78,13,13
29339,75,72,3,3
29340,155,132,23,23
29341,75,79,-4,4
29342,211,176,35,35
29343,69,60,9,9
29344,52,49,3,3
29345,84,61,23,23
29346,89,80,9,9
29347,79,70,9,9
29348,78,73,5,5
29349,90,74,16,16
29350,305,249,56,56
29351,83,78,5,5
29352,193,177,16,16
29353,124,118,6,6
29354,46,42,4,4
29355,85,73,12,12
29356,84,81,3,3
29357,98,90,8,8
29358,72,67,5,5
29359,60,54,6,6
29360,102,90,12,12
29361,92,78,14,14
29362,102,94,8,8
29363,74,77,-3,3
29364,114,96,18,18
29365,86,84,2,2
29366,114,108,6,6
29367,151,149,2,2
29368,91,84,7,7
29369,78,67,11,11
29370,153,136,17,17
29371,80,89,-9,9
29372,108,102,6,6
29373,88,72,16,16
29374,153,131,22,22
29375,71,69,2,2
29376,95,92,3,3
29377,127,109,18,18
29378,139,132,7,7
29379,46,44,2,2
29380,124,110,14,14
29381,93,87,6,6
29382,114,96,18,18
29383,93,78,15,15
29384,67,59,8,8
29385,110,101,9,9
29386,63,58,5,5
29387,70,59,11,11
29388,87,76,11,11
29389,122,110,12,12
29390,107,104,3,3
29391,153,134,19,19
29392,94,85,9,9
29393,101,93,8,8
29394,78,75,3,3
29395,82,85,-3,3
29396,88,77,11,11
29397,94,76,18,18
29398,37,47,-10,10
29399,67,61,6,6
29400,85,80,5,5
29401,105,83,22,22
29402,40,52,-12,12
29403,194,167,27,27
29404,123,116,7,7
29405,87,72,15,15
29406,102,90,12,12
29407,145,125,20,20
29408,68,60,8,8
29409,159,127,32,32
29410,82,73,9,9
29411,83,70,13,13
29412,82,71,11,11
29413,69,59,10,10
29414,103,92,11,11
29415,105,96,9,9
29416,100,104,-4,4
29417,55,49,6,6
29418,80,72,8,8
29419,73,70,3,3
29420,51,36,15,15
29421,124,111,13,13
29422,52,47,5,5
29423,115,121,-6,6
29424,116,100,16,16
29425,101,95,6,6
29426,63,41,22,22
29427,52,52,0,0
29428,84,71,13,13
29429,142,129,13,13
29430,71,67,4,4
29431,82,86,-4,4
29432,85,85,0,0
29433,74,66,8,8
29434,61,50,11,11
29435,107,103,4,4
29436,98,92,6,6
29437,80,72,8,8
29438,69,70,-1,1
29439,64,61,3,3
29440,137,121,16,16
29441,77,70,7,7
29442,94,98,-4,4
29443,86,77,9,9
29444,60,54,6,6
29445,54,59,-5,5
29446,62,59,3,3
29447,86,77,9,9
29448,60,54,6,6
29449,64,57,7,7
29450,91,86,5,5
29451,71,60,11,11
29452,78,78,0,0
29453,104,91,13,13
29454,103,97,6,6
29455,167,167,0,0
29456,129,102,27,27
29457,125,127,-2,2
29458,108,106,2,2
29459,77,73,4,4
29460,121,112,9,9
29461,77,68,9,9
29462,61,61,0,0
29463,67,58,9,9
29464,96,83,13,13
29465,113,113,0,0
29466,70,67,3,3
29467,79,70,9,9
29468,91,86,5,5
29469,86,89,-3,3
29470,74,68,6,6
29471,78,76,2,2
29472,117,95,22,22
29473,82,62,20,20
29474,79,73,6,6
29475,138,141,-3,3
29476,92,77,15,15
29477,69,61,8,8
29478,81,81,0,0
29479,73,68,5,5
29480,100,94,6,6
29481,51,43,8,8
29482,60,56,4,4
29483,109,94,15,15
29484,131,119,12,12
29485,71,67,4,4
29486,77,77,0,0
29487,97,98,-1,1
29488,69,64,5,5
29489,124,107,17,17
29490,69,63,6,6
29491,131,114,17,17
29492,87,81,6,6
29493,178,165,13,13
29494,111,101,10,10
29495,122,99,23,23
29496,155,134,21,21
29497,136,106,30,30
29498,113,117,-4,4
29499,64,66,-2,2
29500,111,101,10,10
29501,94,85,9,9
29502,58,58,0,0
29503,89,75,14,14
29504,82,71,11,11
29505,87,85,2,2
29506,50,52,-2,2
29507,79,69,10,10
29508,140,116,24,24
29509,134,193,-59,59
29510,119,100,19,19
29511,140,133,7,7
29512,119,108,11,11
29513,52,49,3,3
29514,124,125,-1,1
29515,131,101,30,30
29516,45,46,-1,1
29517,70,60,10,10
29518,99,90,9,9
29519,82,72,10,10
29520,73,61,12,12
29521,120,120,0,0
29522,107,103,4,4
29523,88,80,8,8
29524,82,74,8,8
29525,59,53,6,6
29526,90,92,-2,2
29527,56,58,-2,2
29528,113,104,9,9
29529,78,64,14,14
29530,61,64,-3,3
29531,89,82,7,7
29532,44,45,-1,1
29533,62,53,9,9
29534,111,103,8,8
29535,75,68,7,7
29536,74,66,8,8
29537,79,65,14,14
29538,89,81,8,8
29539,94,86,8,8
29540,116,103,13,13
29541,120,100,20,20
29542,180,158,22,22
29543,48,42,6,6
29544,85,77,8,8
29545,112,95,17,17
29546,114,92,22,22
29547,78,73,5,5
29548,111,116,-5,5
29549,71,68,3,3
29550,64,62,2,2
29551,47,41,6,6
29552,85,82,3,3
29553,90,90,0,0
29554,137,115,22,22
29555,138,130,8,8
29556,64,51,13,13
29557,78,70,8,8
29558,42,36,6,6
29559,98,86,12,12
29560,59,46,13,13
29561,76,77,-1,1
29562,106,92,14,14
29563,33,30,3,3
29564,121,114,7,7
29565,108,92,16,16
29566,76,69,7,7
29567,64,53,11,11
29568,73,58,15,15
29569,112,101,11,11
29570,105,90,15,15
29571,59,60,-1,1
29572,205,165,40,40
29573,78,79,-1,1
29574,79,79,0,0
29575,123,113,10,10
29576,83,76,7,7
29577,115,111,4,4
29578,75,68,7,7
29579,86,81,5,5
29580,111,115,-4,4
29581,82,99,-17,17
29582,157,145,12,12
29583,58,53,5,5
29584,101,89,12,12
29585,99,91,8,8
29586,96,89,7,7
29587,133,131,2,2
29588,93,86,7,7
29589,79,69,10,10
29590,87,65,22,22
29591,101,101,0,0
29592,73,68,5,5
29593,76,66,10,10
29594,110,90,20,20
29595,100,90,10,10
29596,87,80,7,7
29597,126,122,4,4
29598,81,68,13,13
29599,70,76,-6,6
29600,139,129,10,10
29601,74,67,7,7
29602,147,114,33,33
29603,92,78,14,14
29604,133,105,28,28
29605,87,79,8,8
29606,96,94,2,2
29607,70,89,-19,19
29608,75,74,1,1
29609,121,107,14,14
29610,88,79,9,9
29611,96,91,5,5
29612,196,139,57,57
29613,90,85,5,5
29614,110,101,9,9
29615,59,56,3,3
29616,131,116,15,15
29617,56,51,5,5
29618,98,94,4,4
29619,94,82,12,12
29620,73,72,1,1
29621,52,45,7,7
29622,97,81,16,16
29623,119,105,14,14
29624,94,77,17,17
29625,144,131,13,13
29626,128,116,12,12
29627,81,69,12,12
29628,101,86,15,15
29629,138,121,17,17
29630,68,59,9,9
29631,124,96,28,28
29632,61,66,-5,5
29633,118,96,22,22
29634,69,65,4,4
29635,84,80,4,4
29636,175,149,26,26
29637,54,48,6,6
29638,72,76,-4,4
29639,82,66,16,16
29640,102,87,15,15
29641,107,97,10,10
29642,110,100,10,10
29643,128,117,11,11
29644,132,123,9,9
29645,80,67,13,13
29646,60,60,0,0
29647,54,53,1,1
29648,89,86,3,3
29649,90,87,3,3
29650,62,70,-8,8
29651,64,74,-10,10
29652,74,59,15,15
29653,123,184,-61,61
29654,77,68,9,9
29655,79,69,10,10
29656,88,80,8,8
29657,77,77,0,0
29658,96,92,4,4
29659,80,70,10,10
29660,104,94,10,10
29661,46,42,4,4
29662,70,71,-1,1
29663,93,92,1,1
29664,103,90,13,13
29665,117,100,17,17
29666,80,76,4,4
29667,93,80,13,13
29668,88,84,4,4
29669,101,87,14,14
29670,69,63,6,6
29671,97,87,10,10
29672,56,50,6,6
29673,101,90,11,11
29674,122,109,13,13
29675,95,90,5,5
29676,113,99,14,14
29677,150,133,17,17
29678,164,155,9,9
29679,87,79,8,8
29680,128,110,18,18
29681,66,59,7,7
29682,68,55,13,13
29683,120,104,16,16
29684,151,138,13,13
29685,72,58,14,14
29686,89,88,1,1
29687,231,202,29,29
29688,49,54,-5,5
29689,68,60,8,8
29690,81,73,8,8
29691,96,90,6,6
29692,123,104,19,19
29693,88,77,11,11
29694,188,169,19,19
29695,78,64,14,14
29696,78,74,4,4
29697,105,100,5,5
29698,102,91,11,11
29699,74,74,0,0
29700,74,71,3,3
29701,63,59,4,4
29702,106,95,11,11
29703,90,80,10,10
29704,100,87,13,13
29705,106,95,11,11
29706,74,72,2,2
29707,75,74,1,1
29708,119,118,1,1
29709,115,106,9,9
29710,125,103,22,22
29711,106,96,10,10
29712,113,107,6,6
29713,81,73,8,8
29714,84,75,9,9
29715,79,80,-1,1
29716,129,114,15,15
29717,55,47,8,8
29718,99,94,5,5
29719,88,88,0,0
29720,129,104,25,25
29721,92,85,7,7
29722,113,108,5,5
29723,67,58,9,9
29724,96,101,-5,5
29725,64,65,-1,1
29726,132,131,1,1
29727,172,144,28,28
29728,104,101,3,3
29729,83,71,12,12
29730,70,76,-6,6
29731,104,96,8,8
29732,78,64,14,14
29733,66,75,-9,9
29734,81,74,7,7
29735,63,60,3,3
29736,74,71,3,3
29737,109,88,21,21
29738,70,61,9,9
29739,91,73,18,18
29740,95,87,8,8
29741,76,75,1,1
29742,68,60,8,8
29743,92,82,10,10
29744,65,58,7,7
29745,36,38,-2,2
29746,105,97,8,8
29747,110,100,10,10
29748,121,104,17,17
29749,49,40,9,9
29750,98,78,20,20
29751,117,103,14,14
29752,52,92,-40,40
29753,84,78,6,6
29754,148,130,18,18
29755,63,56,7,7
29756,63,65,-2,2
29757,92,87,5,5
29758,85,73,12,12
29759,93,81,12,12
29760,88,69,19,19
29761,80,71,9,9
29762,83,76,7,7
29763,61,59,2,2
29764,76,71,5,5
29765,81,83,-2,2
29766,75,62,13,13
29767,61,47,14,14
29768,110,96,14,14
29769,91,79,12,12
29770,63,53,10,10
29771,126,118,8,8
29772,102,83,19,19
29773,102,90,12,12
29774,107,93,14,14
29775,49,48,1,1
29776,71,71,0,0
29777,70,79,-9,9
29778,94,87,7,7
29779,201,177,24,24
29780,80,74,6,6
29781,62,54,8,8
29782,97,88,9,9
29783,77,70,7,7
29784,74,68,6,6
29785,55,54,1,1
29786,88,79,9,9
29787,27,43,-16,16
29788,64,55,9,9
29789,95,98,-3,3
29790,74,71,3,3
29791,99,96,3,3
29792,68,61,7,7
29793,65,60,5,5
29794,97,96,1,1
29795,73,64,9,9
29796,88,84,4,4
29797,121,116,5,5
29798,102,87,15,15
29799,101,99,2,2
29800,78,78,0,0
29801,156,134,22,22
29802,76,76,0,0
29803,66,54,12,12
29804,91,94,-3,3
29805,82,71,11,11
29806,150,139,11,11
29807,46,45,1,1
29808,164,154,10,10
29809,134,123,11,11
29810,124,111,13,13
29811,75,69,6,6
29812,64,63,1,1
29813,207,186,21,21
29814,125,117,8,8
29815,143,121,22,22
29816,79,67,12,12
29817,62,58,4,4
29818,149,144,5,5
29819,136,121,15,15
29820,48,45,3,3
29821,117,99,18,18
29822,50,50,0,0
29823,88,77,11,11
29824,62,59,3,3
29825,37,34,3,3
29826,142,119,23,23
29827,59,52,7,7
29828,123,112,11,11
29829,78,70,8,8
29830,117,101,16,16
29831,84,83,1,1
29832,191,167,24,24
29833,176,148,28,28
29834,68,52,16,16
29835,58,49,9,9
29836,74,68,6,6
29837,166,149,17,17
29838,178,155,23,23
29839,102,95,7,7
29840,106,92,14,14
29841,121,117,4,4
29842,157,141,16,16
29843,60,51,9,9
29844,116,105,11,11
29845,133,124,9,9
29846,50,46,4,4
29847,90,84,6,6
29848,138,116,22,22
29849,216,199,17,17
29850,114,104,10,10
29851,107,101,6,6
29852,68,57,11,11
29853,52,54,-2,2
29854,139,121,18,18
29855,98,81,17,17
29856,143,125,18,18
29857,97,80,17,17
29858,80,77,3,3
29859,60,49,11,11
29860,104,94,10,10
29861,102,100,2,2
29862,155,140,15,15
29863,157,135,22,22
29864,122,97,25,25
29865,89,79,10,10
29866,68,62,6,6
29867,68,61,7,7
29868,102,98,4,4
29869,107,105,2,2
29870,62,56,6,6
29871,145,138,7,7
29872,92,83,9,9
29873,113,98,15,15
29874,72,60,12,12
29875,67,62,5,5
29876,86,79,7,7
29877,78,73,5,5
29878,94,87,7,7
29879,103,81,22,22
29880,145,141,4,4
29881,74,73,1,1
29882,128,124,4,4
29883,146,110,36,36
29884,54,53,1,1
29885,162,142,20,20
29886,150,137,13,13
29887,57,59,-2,2
29888,118,110,8,8
29889,37,38,-1,1
29890,121,103,18,18
29891,130,112,18,18
29892,62,58,4,4
29893,66,60,6,6
29894,119,90,29,29
29895,120,103,17,17
29896,100,98,2,2
29897,121,118,3,3
29898,85,83,2,2
29899,99,86,13,13
29900,63,61,2,2
29901,98,83,15,15
29902,62,55,7,7
29903,78,71,7,7
29904,61,53,8,8
29905,110,94,16,16
29906,90,83,7,7
29907,125,91,34,34
29908,59,48,11,11
29909,83,72,11,11
29910,103,105,-2,2
29911,66,59,7,7
29912,131,122,9,9
29913,72,70,2,2
29914,56,55,1,1
29915,110,99,11,11
29916,72,68,4,4
29917,120,113,7,7
29918,82,78,4,4
29919,79,78,1,1
29920,169,152,17,17
29921,140,137,3,3
29922,139,125,14,14
29923,53,52,1,1
29924,93,94,-1,1
29925,95,80,15,15
29926,91,82,9,9
29927,96,83,13,13
29928,115,104,11,11
29929,80,65,15,15
29930,61,56,5,5
29931,125,121,4,4
29932,79,70,9,9
29933,113,99,14,14
29934,113,110,3,3
29935,79,73,6,6
29936,143,123,20,20
29937,69,76,-7,7
29938,71,89,-18,18
29939,67,64,3,3
29940,53,46,7,7
29941,132,128,4,4
29942,129,112,17,17
29943,85,75,10,10
29944,107,99,8,8
29945,143,129,14,14
29946,57,46,11,11
29947,99,89,10,10
29948,54,55,-1,1
29949,102,100,2,2
29950,64,58,6,6
29951,86,90,-4,4
29952,88,79,9,9
29953,170,142,28,28
29954,71,66,5,5
29955,127,116,11,11
29956,61,57,4,4
29957,63,62,1,1
29958,46,45,1,1
29959,78,65,13,13
29960,85,83,2,2
29961,86,68,18,18
29962,91,78,13,13
29963,75,65,10,10
29964,75,70,5,5
29965,73,87,-14,14
29966,74,65,9,9
29967,69,69,0,0
29968,77,64,13,13
29969,119,110,9,9
29970,77,81,-4,4
29971,143,129,14,14
29972,132,126,6,6
29973,89,85,4,4
29974,60,53,7,7
29975,131,129,2,2
29976,83,67,16,16
29977,80,68,12,12
29978,92,77,15,15
29979,187,175,12,12
29980,128,119,9,9
29981,151,131,20,20
29982,44,40,4,4
29983,83,78,5,5
29984,78,67,11,11
29985,81,77,4,4
29986,73,70,3,3
29987,138,129,9,9
29988,45,40,5,5
29989,58,56,2,2
29990,105,96,9,9
29991,103,92,11,11
29992,91,82,9,9
29993,48,48,0,0
29994,74,73,1,1
29995,104,84,20,20
29996,69,66,3,3
29997,62,59,3,3
29998,140,146,-6,6
29999,129,141,-12,12
30000,98,86,12,12
30001,99,88,11,11
30002,71,62,9,9
30003,149,149,0,0
30004,101,96,5,5
30005,114,114,0,0
30006,181,159,22,22
30007,112,111,1,1
30008,112,103,9,9
30009,95,90,5,5
30010,133,121,12,12
30011,168,144,24,24
30012,24,43,-19,19
30013,119,105,14,14
30014,102,92,10,10
30015,84,74,10,10
30016,134,119,15,15
30017,69,59,10,10
30018,66,54,12,12
30019,74,60,14,14
30020,113,100,13,13
30021,64,65,-1,1
30022,79,68,11,11
30023,103,80,23,23
30024,107,97,10,10
30025,66,66,0,0
30026,88,80,8,8
30027,158,152,6,6
30028,123,103,20,20
30029,73,73,0,0
30030,105,93,12,12
30031,65,62,3,3
30032,119,112,7,7
30033,68,60,8,8
30034,64,59,5,5
30035,74,66,8,8
30036,23,27,-4,4
30037,97,87,10,10
30038,124,110,14,14
30039,72,65,7,7
30040,132,119,13,13
30041,42,48,-6,6
30042,121,103,18,18
30043,89,78,11,11
30044,113,97,16,16
30045,114,99,15,15
30046,57,51,6,6
30047,63,58,5,5
30048,121,109,12,12
30049,144,130,14,14
30050,118,109,9,9
30051,64,55,9,9
30052,121,107,14,14
30053,135,119,16,16
30054,80,78,2,2
30055,110,97,13,13
30056,100,90,10,10
30057,94,91,3,3
30058,83,73,10,10
30059,87,90,-3,3
30060,67,60,7,7
30061,95,96,-1,1
30062,88,76,12,12
30063,93,84,9,9
30064,91,72,19,19
30065,133,121,12,12
30066,77,89,-12,12
30067,106,103,3,3
30068,53,52,1,1
30069,89,81,8,8
30070,154,119,35,35
30071,98,95,3,3
30072,54,56,-2,2
30073,79,74,5,5
30074,115,102,13,13
30075,135,124,11,11
30076,81,73,8,8
30077,56,60,-4,4
30078,54,58,-4,4
30079,73,60,13,13
30080,80,77,3,3
30081,114,102,12,12
30082,170,163,7,7
30083,124,111,13,13
30084,63,55,8,8
30085,93,98,-5,5
30086,77,66,11,11
30087,178,158,20,20
30088,67,61,6,6
30089,72,54,18,18
30090,60,55,5,5
30091,64,58,6,6
30092,85,74,11,11
30093,158,139,19,19
30094,124,105,19,19
30095,70,104,-34,34
30096,61,58,3,3
30097,110,112,-2,2
30098,94,94,0,0
30099,161,138,23,23
30100,98,92,6,6
30101,165,142,23,23
30102,82,79,3,3
30103,102,97,5,5
30104,105,93,12,12
30105,85,84,1,1
30106,106,101,5,5
30107,91,77,14,14
30108,86,83,3,3
30109,44,42,2,2
30110,96,93,3,3
30111,114,98,16,16
30112,83,75,8,8
30113,24,26,-2,2
30114,75,74,1,1
30115,140,135,5,5
30116,46,44,2,2
30117,80,70,10,10
30118,82,93,-11,11
30119,125,113,12,12
30120,56,53,3,3
30121,76,70,6,6
30122,44,39,5,5
30123,102,85,17,17
30124,146,130,16,16
30125,46,44,2,2
30126,80,76,4,4
30127,117,115,2,2
30128,85,66,19,19
30129,60,51,9,9
30130,81,83,-2,2
30131,42,36,6,6
30132,79,82,-3,3
30133,98,84,14,14
30134,110,98,12,12
30135,74,66,8,8
30136,54,47,7,7
30137,113,110,3,3
30138,78,83,-5,5
30139,52,45,7,7
30140,449,442,7,7
30141,121,113,8,8
30142,68,57,11,11
30143,35,38,-3,3
30144,36,32,4,4
30145,81,80,1,1
30146,155,141,14,14
30147,207,171,36,36
30148,105,100,5,5
30149,66,66,0,0
30150,105,82,23,23
30151,63,53,10,10
30152,97,86,11,11
30153,114,96,18,18
30154,69,63,6,6
30155,181,167,14,14
30156,58,57,1,1
30157,56,54,2,2
30158,41,38,3,3
30159,61,59,2,2
30160,108,106,2,2
30161,113,97,16,16
30162,46,36,10,10
30163,85,71,14,14
30164,109,102,7,7
30165,144,134,10,10
30166,45,68,-23,23
30167,56,48,8,8
30168,71,60,11,11
30169,83,68,15,15
30170,72,70,2,2
30171,92,77,15,15
30172,97,106,-9,9
30173,52,51,1,1
30174,135,129,6,6
30175,69,68,1,1
30176,88,84,4,4
30177,79,69,10,10
30178,74,65,9,9
30179,74,68,6,6
30180,102,97,5,5
30181,154,133,21,21
30182,225,201,24,24
30183,98,96,2,2
30184,77,72,5,5
30185,164,137,27,27
30186,144,105,39,39
30187,75,65,10,10
30188,142,141,1,1
30189,115,106,9,9
30190,81,74,7,7
30191,103,98,5,5
30192,94,93,1,1
30193,76,79,-3,3
30194,50,48,2,2
30195,108,109,-1,1
30196,146,127,19,19
30197,90,83,7,7
30198,129,117,12,12
30199,74,78,-4,4
30200,105,89,16,16
30201,91,82,9,9
30202,121,117,4,4
30203,109,89,20,20
30204,85,93,-8,8
30205,111,109,2,2
30206,136,122,14,14
30207,74,66,8,8
30208,89,89,0,0
30209,102,91,11,11
30210,63,50,13,13
30211,113,105,8,8
30212,92,74,18,18
30213,87,82,5,5
30214,98,87,11,11
30215,111,99,12,12
30216,116,97,19,19
30217,133,123,10,10
30218,160,137,23,23
30219,86,76,10,10
30220,132,122,10,10
30221,110,97,13,13
30222,53,51,2,2
30223,95,86,9,9
30224,88,79,9,9
30225,56,51,5,5
30226,75,73,2,2
30227,76,68,8,8
30228,47,43,4,4
30229,96,81,15,15
30230,39,56,-17,17
30231,159,134,25,25
30232,61,58,3,3
30233,53,46,7,7
30234,84,78,6,6
30235,85,73,12,12
30236,82,80,2,2
30237,88,83,5,5
30238,87,72,15,15
30239,111,102,9,9
30240,161,140,21,21
30241,131,122,9,9
30242,89,73,16,16
30243,156,143,13,13
30244,61,56,5,5
30245,94,92,2,2
30246,102,81,21,21
30247,167,160,7,7
30248,182,159,23,23
30249,59,49,10,10
30250,162,138,24,24
30251,132,119,13,13
30252,66,55,11,11
30253,88,81,7,7
30254,106,80,26,26
30255,59,56,3,3
30256,86,81,5,5
30257,45,45,0,0
30258,42,46,-4,4
30259,54,46,8,8
30260,79,75,4,4
30261,139,132,7,7
30262,98,94,4,4
30263,113,103,10,10
30264,87,78,9,9
30265,55,54,1,1
30266,47,44,3,3
30267,93,92,1,1
30268,55,52,3,3
30269,113,132,-19,19
30270,87,74,13,13
30271,138,131,7,7
30272,106,88,18,18
30273,76,71,5,5
30274,89,80,9,9
30275,90,78,12,12
30276,119,105,14,14
30277,106,96,10,10
30278,89,79,10,10
30279,80,77,3,3
30280,77,71,6,6
30281,138,115,23,23
30282,99,87,12,12
30283,70,72,-2,2
30284,107,94,13,13
30285,64,61,3,3
30286,123,111,12,12
30287,75,75,0,0
30288,46,48,-2,2
30289,94,87,7,7
30290,68,61,7,7
30291,116,116,0,0
30292,68,69,-1,1
30293,42,33,9,9
30294,74,56,18,18
30295,102,97,5,5
30296,111,98,13,13
30297,102,101,1,1
30298,155,163,-8,8
30299,97,93,4,4
30300,75,68,7,7
30301,158,158,0,0
30302,66,50,16,16
30303,72,60,12,12
30304,197,153,44,44
30305,133,106,27,27
30306,103,102,1,1
30307,119,104,15,15
30308,88,86,2,2
30309,56,57,-1,1
30310,59,62,-3,3
30311,73,77,-4,4
30312,100,87,13,13
30313,83,68,15,15
30314,104,94,10,10
30315,91,88,3,3
30316,86,80,6,6
30317,62,54,8,8
30318,90,91,-1,1
30319,79,67,12,12
30320,127,117,10,10
30321,108,107,1,1
30322,38,59,-21,21
30323,63,68,-5,5
30324,55,51,4,4
30325,111,87,24,24
30326,53,55,-2,2
30327,77,68,9,9
30328,143,136,7,7
30329,136,120,16,16
30330,47,48,-1,1
30331,85,73,12,12
30332,96,85,11,11
30333,87,76,11,11
30334,87,79,8,8
30335,144,123,21,21
30336,105,89,16,16
30337,96,96,0,0
30338,78,73,5,5
30339,140,144,-4,4
30340,69,62,7,7
30341,41,42,-1,1
30342,73,75,-2,2
30343,75,67,8,8
30344,54,55,-1,1
30345,71,69,2,2
30346,92,90,2,2
30347,78,71,7,7
30348,106,95,11,11
30349,77,69,8,8
30350,74,65,9,9
30351,59,52,7,7
30352,94,99,-5,5
30353,86,77,9,9
30354,102,103,-1,1
30355,87,86,1,1
30356,121,112,9,9
30357,75,65,10,10
30358,108,95,13,13
30359,174,148,26,26
30360,119,105,14,14
30361,84,82,2,2
30362,98,89,9,9
30363,84,81,3,3
30364,89,75,14,14
30365,87,69,18,18
30366,43,46,-3,3
30367,95,94,1,1
30368,62,59,3,3
30369,97,96,1,1
30370,110,101,9,9
30371,102,99,3,3
30372,95,91,4,4
30373,84,79,5,5
30374,88,80,8,8
30375,101,93,8,8
30376,154,146,8,8
30377,159,138,21,21
30378,103,90,13,13
30379,75,68,7,7
30380,119,99,20,20
30381,27,26,1,1
30382,77,75,2,2
30383,169,139,30,30
30384,151,144,7,7
30385,72,58,14,14
30386,145,116,29,29
30387,62,62,0,0
30388,52,61,-9,9
30389,69,69,0,0
30390,74,67,7,7
30391,102,73,29,29
30392,91,87,4,4
30393,93,82,11,11
30394,81,76,5,5
30395,137,122,15,15
30396,157,147,10,10
30397,48,45,3,3
30398,122,113,9,9
30399,64,59,5,5
30400,175,155,20,20
30401,74,58,16,16
30402,47,45,2,2
30403,103,91,12,12
30404,88,85,3,3
30405,64,64,0,0
30406,94,84,10,10
30407,111,99,12,12
30408,209,165,44,44
30409,80,72,8,8
30410,108,104,4,4
30411,103,92,11,11
30412,93,109,-16,16
30413,86,80,6,6
30414,105,94,11,11
30415,110,98,12,12
30416,82,80,2,2
30417,69,54,15,15
30418,43,35,8,8
30419,74,73,1,1
30420,131,111,20,20
30421,137,131,6,6
30422,110,103,7,7
30423,61,60,1,1
30424,90,79,11,11
30425,78,68,10,10
30426,82,78,4,4
30427,82,77,5,5
30428,66,59,7,7
30429,136,129,7,7
30430,112,95,17,17
30431,71,65,6,6
30432,114,109,5,5
30433,105,141,-36,36
30434,93,74,19,19
30435,122,116,6,6
30436,167,157,10,10
30437,67,56,11,11
30438,62,70,-8,8
30439,116,98,18,18
30440,120,99,21,21
30441,126,114,12,12
30442,110,98,12,12
30443,85,79,6,6
30444,124,119,5,5
30445,129,124,5,5
30446,99,107,-8,8
30447,172,150,22,22
30448,76,73,3,3
30449,64,56,8,8
30450,138,115,23,23
30451,59,54,5,5
30452,123,108,15,15
30453,140,97,43,43
30454,67,59,8,8
30455,211,184,27,27
30456,155,131,24,24
30457,84,88,-4,4
30458,125,115,10,10
30459,72,65,7,7
30460,121,118,3,3
30461,121,116,5,5
30462,141,134,7,7
30463,67,61,6,6
30464,73,87,-14,14
30465,107,102,5,5
30466,72,59,13,13
30467,65,62,3,3
30468,82,71,11,11
30469,87,69,18,18
30470,87,77,10,10
30471,52,51,1,1
30472,84,71,13,13
30473,81,69,12,12
30474,75,75,0,0
30475,126,117,9,9
30476,45,44,1,1
30477,48,49,-1,1
30478,77,74,3,3
30479,150,123,27,27
30480,100,91,9,9
30481,128,128,0,0
30482,86,78,8,8
30483,72,58,14,14
30484,108,96,12,12
30485,61,41,20,20
30486,121,115,6,6
30487,132,121,11,11
30488,112,106,6,6
30489,148,135,13,13
30490,89,93,-4,4
30491,47,50,-3,3
30492,75,69,6,6
30493,113,116,-3,3
30494,82,77,5,5
30495,82,77,5,5
30496,155,133,22,22
30497,114,98,16,16
30498,85,84,1,1
30499,97,91,6,6
30500,117,98,19,19
30501,57,55,2,2
30502,121,110,11,11
30503,50,47,3,3
30504,32,27,5,5
30505,126,115,11,11
30506,85,83,2,2
30507,45,51,-6,6
30508,105,91,14,14
30509,84,79,5,5
30510,99,85,14,14
30511,129,88,41,41
30512,115,104,11,11
30513,127,119,8,8
30514,42,59,-17,17
30515,86,87,-1,1
30516,106,95,11,11
30517,108,97,11,11
30518,143,132,11,11
30519,98,97,1,1
30520,131,97,34,34
30521,117,108,9,9
30522,82,66,16,16
30523,79,73,6,6
30524,58,53,5,5
30525,96,82,14,14
30526,105,85,20,20
30527,103,95,8,8
30528,72,79,-7,7
30529,108,107,1,1
30530,155,140,15,15
30531,164,142,22,22
30532,60,53,7,7
30533,130,114,16,16
30534,123,109,14,14
30535,104,103,1,1
30536,79,70,9,9
30537,136,123,13,13
30538,130,119,11,11
30539,135,111,24,24
30540,77,69,8,8
30541,136,119,17,17
30542,107,75,32,32
30543,127,109,18,18
30544,116,111,5,5
30545,132,120,12,12
30546,88,74,14,14
30547,74,62,12,12
30548,71,74,-3,3
30549,53,46,7,7
30550,57,50,7,7
30551,189,170,19,19
30552,49,43,6,6
30553,124,119,5,5
30554,127,113,14,14
30555,45,55,-10,10
30556,110,108,2,2
30557,104,99,5,5
30558,82,73,9,9
30559,133,118,15,15
30560,229,196,33,33
30561,64,61,3,3
30562,107,88,19,19
30563,109,99,10,10
30564,174,151,23,23
30565,176,158,18,18
30566,101,82,19,19
30567,113,99,14,14
30568,139,121,18,18
30569,56,52,4,4
30570,75,65,10,10
30571,89,82,7,7
30572,34,33,1,1
30573,130,118,12,12
30574,81,70,11,11
30575,103,104,-1,1
30576,99,94,5,5
30577,136,129,7,7
30578,37,38,-1,1
30579,82,66,16,16
30580,125,116,9,9
30581,121,108,13,13
30582,94,83,11,11
30583,67,59,8,8
30584,110,112,-2,2
30585,82,73,9,9
30586,106,107,-1,1
30587,154,132,22,22
30588,97,88,9,9
30589,65,60,5,5
30590,81,80,1,1
30591,53,49,4,4
30592,123,106,17,17
30593,123,106,17,17
30594,60,47,13,13
30595,59,58,1,1
30596,71,91,-20,20
30597,154,136,18,18
30598,89,79,10,10
30599,89,75,14,14
30600,95,81,14,14
30601,78,71,7,7
30602,79,75,4,4
30603,132,122,10,10
30604,124,116,8,8
30605,125,112,13,13
30606,73,67,6,6
30607,109,102,7,7
30608,84,77,7,7
30609,114,108,6,6
30610,98,92,6,6
30611,229,199,30,30
30612,118,113,5,5
30613,105,98,7,7
30614,56,55,1,1
30615,86,76,10,10
30616,72,69,3,3
30617,144,156,-12,12
30618,151,131,20,20
30619,91,80,11,11
30620,134,127,7,7
30621,142,128,14,14
30622,119,111,8,8
30623,115,103,12,12
30624,122,117,5,5
30625,121,101,20,20
30626,145,149,-4,4
30627,151,133,18,18
30628,99,71,28,28
30629,90,82,8,8
30630,115,129,-14,14
30631,65,73,-8,8
30632,90,80,10,10
30633,78,71,7,7
30634,65,64,1,1
30635,77,72,5,5
30636,64,58,6,6
30637,204,182,22,22
30638,134,127,7,7
30639,144,125,19,19
30640,127,122,5,5
30641,88,75,13,13
30642,61,59,2,2
30643,118,111,7,7
30644,91,82,9,9
30645,143,115,28,28
30646,166,138,28,28
30647,77,68,9,9
30648,97,84,13,13
30649,97,93,4,4
30650,98,81,17,17
30651,71,64,7,7
30652,77,68,9,9
30653,145,129,16,16
30654,127,115,12,12
30655,144,130,14,14
30656,128,109,19,19
30657,148,131,17,17
30658,67,58,9,9
30659,147,138,9,9
30660,85,87,-2,2
30661,98,93,5,5
30662,72,65,7,7
30663,74,71,3,3
30664,111,103,8,8
30665,80,69,11,11
30666,73,64,9,9
30667,79,75,4,4
30668,90,69,21,21
30669,104,86,18,18
30670,70,64,6,6
30671,99,94,5,5
30672,64,60,4,4
30673,68,65,3,3
30674,96,83,13,13
30675,44,42,2,2
30676,84,77,7,7
30677,81,70,11,11
30678,152,139,13,13
30679,69,65,4,4
30680,86,92,-6,6
30681,89,84,5,5
30682,151,134,17,17
30683,80,81,-1,1
30684,97,96,1,1
30685,55,48,7,7
30686,126,109,17,17
30687,110,109,1,1
30688,112,112,0,0
30689,156,130,26,26
30690,52,53,-1,1
30691,88,81,7,7
30692,98,96,2,2
30693,131,114,17,17
30694,114,101,13,13
30695,154,145,9,9
30696,52,46,6,6
30697,134,127,7,7
30698,60,52,8,8
30699,68,64,4,4
30700,119,110,9,9
30701,61,59,2,2
30702,94,97,-3,3
30703,98,93,5,5
30704,103,99,4,4
30705,120,116,4,4
30706,97,86,11,11
30707,126,108,18,18
30708,103,92,11,11
30709,97,89,8,8
30710,89,78,11,11
30711,69,61,8,8
30712,58,53,5,5
30713,109,95,14,14
30714,91,74,17,17
30715,76,69,7,7
30716,206,180,26,26
30717,109,89,20,20
30718,167,153,14,14
30719,124,108,16,16
30720,68,59,9,9
30721,162,128,34,34
30722,92,80,12,12
30723,160,152,8,8
30724,107,95,12,12
30725,104,83,21,21
30726,72,57,15,15
30727,59,57,2,2
30728,102,85,17,17
30729,110,112,-2,2
30730,71,64,7,7
30731,96,80,16,16
30732,117,103,14,14
30733,67,61,6,6
30734,64,59,5,5
30735,111,99,12,12
30736,54,45,9,9
30737,70,67,3,3
30738,89,78,11,11
30739,125,120,5,5
30740,81,82,-1,1
30741,132,115,17,17
30742,122,114,8,8
30743,83,79,4,4
30744,49,54,-5,5
30745,134,112,22,22
30746,86,79,7,7
30747,87,76,11,11
30748,113,101,12,12
30749,147,137,10,10
30750,57,56,1,1
30751,81,74,7,7
30752,84,84,0,0
30753,130,114,16,16
30754,103,89,14,14
30755,57,54,3,3
30756,58,52,6,6
30757,147,119,28,28
30758,136,123,13,13
30759,78,77,1,1
30760,92,85,7,7
30761,69,69,0,0
30762,151,128,23,23
30763,155,145,10,10
30764,80,77,3,3
30765,71,62,9,9
30766,113,168,-55,55
30767,129,98,31,31
30768,113,106,7,7
30769,82,82,0,0
30770,69,52,17,17
30771,95,84,11,11
30772,86,79,7,7
30773,86,73,13,13
30774,73,63,10,10
30775,84,79,5,5
30776,99,87,12,12
30777,159,132,27,27
30778,94,88,6,6
30779,93,87,6,6
30780,52,48,4,4
30781,92,84,8,8
30782,77,78,-1,1
30783,83,78,5,5
30784,145,137,8,8
30785,89,77,12,12
30786,98,83,15,15
30787,128,125,3,3
30788,70,75,-5,5
30789,85,78,7,7
30790,94,86,8,8
30791,63,63,0,0
30792,120,98,22,22
30793,93,93,0,0
30794,113,99,14,14
30795,164,155,9,9
30796,121,107,14,14
30797,61,51,10,10
30798,100,102,-2,2
30799,67,53,14,14
30800,107,100,7,7
30801,56,45,11,11
30802,79,74,5,5
30803,116,137,-21,21
30804,139,124,15,15
30805,112,111,1,1
30806,92,84,8,8
30807,108,96,12,12
30808,124,120,4,4
30809,158,149,9,9
30810,106,88,18,18
30811,132,118,14,14
30812,100,86,14,14
30813,64,91,-27,27
30814,128,113,15,15
30815,53,45,8,8
30816,54,47,7,7
30817,81,76,5,5
30818,67,60,7,7
30819,97,104,-7,7
30820,129,113,16,16
30821,122,99,23,23
30822,139,126,13,13
30823,44,40,4,4
30824,131,117,14,14
30825,67,67,0,0
30826,115,104,11,11
30827,53,46,7,7
30828,84,75,9,9
30829,124,112,12,12
30830,74,61,13,13
30831,104,99,5,5
30832,70,70,0,0
30833,112,103,9,9
30834,90,70,20,20
30835,83,93,-10,10
30836,71,65,6,6
30837,81,72,9,9
30838,124,132,-8,8
30839,161,152,9,9
30840,52,49,3,3
30841,78,79,-1,1
30842,57,48,9,9
30843,113,103,10,10
30844,105,89,16,16
30845,119,104,15,15
30846,48,49,-1,1
30847,123,103,20,20
30848,96,85,11,11
30849,124,104,20,20
30850,129,120,9,9
30851,125,120,5,5
30852,104,98,6,6
30853,117,108,9,9
30854,151,137,14,14
30855,125,111,14,14
30856,87,88,-1,1
30857,71,65,6,6
30858,58,52,6,6
30859,127,120,7,7
30860,143,117,26,26
30861,78,70,8,8
30862,114,116,-2,2
30863,49,44,5,5
30864,86,80,6,6
30865,81,82,-1,1
30866,85,78,7,7
30867,158,127,31,31
30868,57,48,9,9
30869,109,100,9,9
30870,95,85,10,10
30871,45,41,4,4
30872,76,81,-5,5
30873,83,73,10,10
30874,100,105,-5,5
30875,65,72,-7,7
30876,76,73,3,3
30877,47,51,-4,4
30878,70,64,6,6
30879,157,146,11,11
30880,204,166,38,38
30881,88,78,10,10
30882,93,79,14,14
30883,53,54,-1,1
30884,97,91,6,6
30885,84,75,9,9
30886,66,65,1,1
30887,73,70,3,3
30888,64,64,0,0
30889,102,86,16,16
30890,56,49,7,7
30891,73,70,3,3
30892,78,77,1,1
30893,64,64,0,0
30894,89,84,5,5
30895,108,100,8,8
30896,79,67,12,12
30897,99,93,6,6
30898,104,94,10,10
30899,174,148,26,26
30900,76,74,2,2
30901,67,69,-2,2
30902,103,92,11,11
30903,72,64,8,8
30904,65,71,-6,6
30905,79,76,3,3
30906,39,60,-21,21
30907,42,40,2,2
30908,43,44,-1,1
30909,130,116,14,14
30910,56,49,7,7
30911,67,66,1,1
30912,61,57,4,4
30913,79,61,18,18
30914,122,93,29,29
30915,121,109,12,12
30916,87,74,13,13
30917,95,92,3,3
30918,76,67,9,9
30919,98,81,17,17
30920,149,138,11,11
30921,37,38,-1,1
30922,91,73,18,18
30923,99,90,9,9
30924,64,64,0,0
30925,113,103,10,10
30926,82,75,7,7
30927,71,66,5,5
30928,103,100,3,3
30929,58,53,5,5
30930,112,99,13,13
30931,61,58,3,3
30932,60,57,3,3
30933,118,114,4,4
30934,48,48,0,0
30935,86,69,17,17
30936,61,62,-1,1
30937,123,104,19,19
30938,151,134,17,17
30939,50,46,4,4
30940,123,121,2,2
30941,186,170,16,16
30942,59,59,0,0
30943,141,128,13,13
30944,130,138,-8,8
30945,83,68,15,15
30946,63,60,3,3
30947,168,142,26,26
30948,88,76,12,12
30949,49,51,-2,2
30950,47,47,0,0
30951,81,77,4,4
30952,176,140,36,36
30953,58,53,5,5
30954,48,39,9,9
30955,117,109,8,8
30956,115,97,18,18
30957,120,104,16,16
30958,90,81,9,9
30959,46,49,-3,3
30960,113,116,-3,3
30961,64,64,0,0
30962,126,110,16,16
30963,153,130,23,23
30964,114,97,17,17
30965,182,168,14,14
30966,114,106,8,8
30967,91,83,8,8
30968,116,96,20,20
30969,135,115,20,20
30970,70,67,3,3
30971,80,67,13,13
30972,50,57,-7,7
30973,90,82,8,8
30974,50,55,-5,5
30975,144,120,24,24
30976,77,68,9,9
30977,81,67,14,14
30978,41,38,3,3
30979,80,76,4,4
30980,97,86,11,11
30981,65,60,5,5
30982,70,65,5,5
30983,176,168,8,8
30984,143,131,12,12
30985,79,73,6,6
30986,122,105,17,17
30987,135,123,12,12
30988,85,85,0,0
30989,50,55,-5,5
30990,88,76,12,12
30991,120,100,20,20
30992,134,122,12,12
30993,74,65,9,9
30994,86,85,1,1
30995,95,85,10,10
30996,56,55,1,1
30997,92,82,10,10
30998,86,79,7,7
30999,70,80,-10,10
31000,81,70,11,11
31001,113,107,6,6
31002,99,88,11,11
31003,77,74,3,3
31004,31,21,10,10
31005,99,87,12,12
31006,85,75,10,10
31007,80,79,1,1
31008,92,82,10,10
31009,56,54,2,2
31010,139,139,0,0
31011,51,42,9,9
31012,36,41,-5,5
31013,126,108,18,18
31014,76,71,5,5
31015,96,101,-5,5
31016,87,82,5,5
31017,117,106,11,11
31018,102,96,6,6
31019,89,86,3,3
31020,107,81,26,26
31021,79,72,7,7
31022,89,82,7,7
31023,67,56,11,11
31024,114,101,13,13
31025,69,66,3,3
31026,115,88,27,27
31027,168,158,10,10
31028,84,78,6,6
31029,79,51,28,28
31030,133,126,7,7
31031,123,101,22,22
31032,102,103,-1,1
31033,123,106,17,17
31034,97,81,16,16
31035,89,83,6,6
31036,92,88,4,4
31037,171,141,30,30
31038,72,60,12,12
31039,92,92,0,0
31040,54,55,-1,1
31041,113,105,8,8
31042,110,90,20,20
31043,64,57,7,7
31044,64,58,6,6
31045,69,56,13,13
31046,81,73,8,8
31047,101,94,7,7
31048,92,85,7,7
31049,85,86,-1,1
31050,58,54,4,4
31051,124,108,16,16
31052,81,72,9,9
31053,108,91,17,17
31054,93,79,14,14
31055,70,56,14,14
31056,119,87,32,32
31057,65,58,7,7
31058,90,74,16,16
31059,53,49,4,4
31060,73,70,3,3
31061,52,50,2,2
31062,97,90,7,7
31063,118,97,21,21
31064,95,85,10,10
31065,89,78,11,11
31066,66,60,6,6
31067,75,74,1,1
31068,107,93,14,14
31069,63,54,9,9
31070,148,124,24,24
31071,110,103,7,7
31072,96,97,-1,1
31073,123,114,9,9
31074,123,106,17,17
31075,106,86,20,20
31076,101,86,15,15
31077,105,99,6,6
31078,94,93,1,1
31079,53,63,-10,10
31080,53,54,-1,1
31081,116,107,9,9
31082,122,116,6,6
31083,96,90,6,6
31084,117,102,15,15
31085,105,92,13,13
31086,74,69,5,5
31087,43,45,-2,2
31088,110,103,7,7
31089,71,66,5,5
31090,72,63,9,9
31091,109,98,11,11
31092,142,130,12,12
31093,69,59,10,10
31094,127,125,2,2
31095,113,112,1,1
31096,61,57,4,4
31097,108,96,12,12
31098,83,71,12,12
31099,58,56,2,2
31100,107,96,11,11
31101,108,117,-9,9
31102,97,85,12,12
31103,101,88,13,13
31104,101,98,3,3
31105,123,101,22,22
31106,68,64,4,4
31107,89,78,11,11
31108,47,45,2,2
31109,128,107,21,21
31110,117,105,12,12
31111,94,79,15,15
31112,111,95,16,16
31113,51,47,4,4
31114,65,65,0,0
31115,79,89,-10,10
31116,140,129,11,11
31117,152,124,28,28
31118,108,101,7,7
31119,115,99,16,16
31120,78,82,-4,4
31121,100,94,6,6
31122,69,63,6,6
31123,127,115,12,12
31124,64,53,11,11
31125,148,136,12,12
31126,105,91,14,14
31127,123,109,14,14
31128,56,51,5,5
31129,60,63,-3,3
31130,100,85,15,15
31131,77,91,-14,14
31132,89,100,-11,11
31133,63,65,-2,2
31134,70,64,6,6
31135,74,62,12,12
31136,74,75,-1,1
31137,149,123,26,26
31138,60,58,2,2
31139,115,154,-39,39
31140,65,61,4,4
31141,95,81,14,14
31142,126,132,-6,6
31143,84,85,-1,1
31144,114,92,22,22
31145,130,113,17,17
31146,117,101,16,16
31147,135,130,5,5
31148,110,105,5,5
31149,74,61,13,13
31150,91,53,38,38
31151,102,88,14,14
31152,76,74,2,2
31153,81,81,0,0
31154,117,102,15,15
31155,58,52,6,6
31156,52,62,-10,10
31157,44,54,-10,10
31158,126,121,5,5
31159,102,93,9,9
31160,68,56,12,12
31161,96,105,-9,9
31162,116,96,20,20
31163,96,83,13,13
31164,44,47,-3,3
31165,49,41,8,8
31166,109,101,8,8
31167,40,43,-3,3
31168,84,106,-22,22
31169,57,53,4,4
31170,85,84,1,1
31171,44,43,1,1
31172,77,68,9,9
31173,70,74,-4,4
31174,63,62,1,1
31175,75,64,11,11
31176,88,81,7,7
31177,98,85,13,13
31178,66,78,-12,12
31179,78,66,12,12
31180,95,96,-1,1
31181,99,116,-17,17
31182,20,82,-62,62
31183,88,84,4,4
31184,165,149,16,16
31185,127,112,15,15
31186,55,54,1,1
31187,145,131,14,14
31188,72,62,10,10
31189,84,70,14,14
31190,62,59,3,3
31191,107,89,18,18
31192,113,86,27,27
31193,64,59,5,5
31194,132,106,26,26
31195,80,72,8,8
31196,64,63,1,1
31197,58,63,-5,5
31198,53,56,-3,3
31199,101,91,10,10
31200,97,81,16,16
31201,93,87,6,6
31202,87,69,18,18
31203,78,68,10,10
31204,70,57,13,13
31205,119,76,43,43
31206,66,59,7,7
31207,82,84,-2,2
31208,117,93,24,24
31209,106,95,11,11
31210,79,73,6,6
31211,129,148,-19,19
31212,95,79,16,16
31213,66,69,-3,3
31214,63,55,8,8
31215,128,113,15,15
31216,86,70,16,16
31217,87,81,6,6
31218,115,103,12,12
31219,126,117,9,9
31220,66,96,-30,30
31221,138,128,10,10
31222,118,96,22,22
31223,105,97,8,8
31224,59,60,-1,1
31225,51,53,-2,2
31226,45,55,-10,10
31227,79,74,5,5
31228,103,82,21,21
31229,86,103,-17,17
31230,63,55,8,8
31231,104,94,10,10
31232,144,130,14,14
31233,160,132,28,28
31234,55,54,1,1
31235,83,77,6,6
31236,104,97,7,7
31237,61,56,5,5
31238,92,89,3,3
31239,72,69,3,3
31240,103,89,14,14
31241,192,156,36,36
31242,89,76,13,13
31243,76,68,8,8
31244,70,71,-1,1
31245,81,67,14,14
31246,96,87,9,9
31247,120,105,15,15
31248,88,81,7,7
31249,81,67,14,14
31250,91,83,8,8
31251,104,87,17,17
31252,71,66,5,5
31253,51,44,7,7
31254,138,118,20,20
31255,88,64,24,24
31256,64,69,-5,5
31257,108,102,6,6
31258,120,107,13,13
31259,78,94,-16,16
31260,158,131,27,27
31261,185,155,30,30
31262,168,162,6,6
31263,96,92,4,4
31264,100,72,28,28
31265,48,95,-47,47
31266,80,74,6,6
31267,49,48,1,1
31268,108,100,8,8
31269,71,67,4,4
31270,111,101,10,10
31271,75,60,15,15
31272,117,106,11,11
31273,156,130,26,26
31274,111,94,17,17
31275,108,101,7,7
31276,54,53,1,1
31277,83,83,0,0
31278,91,77,14,14
31279,53,55,-2,2
31280,46,43,3,3
31281,39,41,-2,2
31282,97,97,0,0
31283,97,103,-6,6
31284,93,79,14,14
31285,173,152,21,21
31286,76,68,8,8
31287,146,128,18,18
31288,128,125,3,3
31289,81,69,12,12
31290,90,83,7,7
31291,109,102,7,7
31292,123,101,22,22
31293,100,92,8,8
31294,77,76,1,1
31295,77,72,5,5
31296,109,112,-3,3
31297,85,74,11,11
31298,94,84,10,10
31299,57,51,6,6
31300,51,47,4,4
31301,50,53,-3,3
31302,80,70,10,10
31303,73,64,9,9
31304,68,69,-1,1
31305,153,129,24,24
31306,120,120,0,0
31307,99,92,7,7
31308,97,83,14,14
31309,82,74,8,8
31310,85,85,0,0
31311,84,72,12,12
31312,93,95,-2,2
31313,55,54,1,1
31314,53,50,3,3
31315,148,129,19,19
31316,115,111,4,4
31317,116,106,10,10
31318,109,90,19,19
31319,72,68,4,4
31320,85,79,6,6
31321,78,63,15,15
31322,133,115,18,18
31323,89,79,10,10
31324,53,57,-4,4
31325,145,147,-2,2
31326,75,64,11,11
31327,60,58,2,2
31328,71,64,7,7
31329,62,57,5,5
31330,165,143,22,22
31331,51,52,-1,1
31332,146,144,2,2
31333,64,58,6,6
31334,75,77,-2,2
31335,79,67,12,12
31336,85,80,5,5
31337,100,94,6,6
31338,119,103,16,16
31339,106,106,0,0
31340,79,70,9,9
31341,163,144,19,19
31342,121,118,3,3
31343,66,64,2,2
31344,114,105,9,9
31345,77,74,3,3
31346,57,52,5,5
31347,87,85,2,2
31348,86,72,14,14
31349,71,71,0,0
31350,124,110,14,14
31351,65,56,9,9
31352,111,100,11,11
31353,62,63,-1,1
31354,94,78,16,16
31355,76,70,6,6
31356,122,125,-3,3
31357,136,139,-3,3
31358,76,67,9,9
31359,82,85,-3,3
31360,62,57,5,5
31361,65,55,10,10
31362,63,61,2,2
31363,50,46,4,4
31364,56,61,-5,5
31365,80,78,2,2
31366,95,80,15,15
31367,94,89,5,5
31368,90,73,17,17
31369,116,92,24,24
31370,113,95,18,18
31371,70,62,8,8
31372,31,33,-2,2
31373,70,67,3,3
31374,72,61,11,11
31375,92,79,13,13
31376,82,73,9,9
31377,58,59,-1,1
31378,104,103,1,1
31379,75,68,7,7
31380,90,85,5,5
31381,130,117,13,13
31382,126,117,9,9
31383,89,76,13,13
31384,108,95,13,13
31385,51,51,0,0
31386,132,121,11,11
31387,91,83,8,8
31388,109,106,3,3
31389,103,110,-7,7
31390,87,71,16,16
31391,123,114,9,9
31392,109,92,17,17
31393,77,82,-5,5
31394,96,91,5,5
31395,82,76,6,6
31396,111,100,11,11
31397,72,64,8,8
31398,117,98,19,19
31399,117,104,13,13
31400,137,122,15,15
31401,107,85,22,22
31402,91,84,7,7
31403,110,100,10,10
31404,76,74,2,2
31405,83,70,13,13
31406,142,132,10,10
31407,97,87,10,10
31408,54,47,7,7
31409,71,68,3,3
31410,91,91,0,0
31411,100,94,6,6
31412,47,45,2,2
31413,114,92,22,22
31414,65,51,14,14
31415,33,40,-7,7
31416,88,81,7,7
31417,102,97,5,5
31418,72,75,-3,3
31419,95,89,6,6
31420,100,91,9,9
31421,200,183,17,17
31422,147,121,26,26
31423,98,98,0,0
31424,111,99,12,12
31425,105,98,7,7
31426,89,83,6,6
31427,108,98,10,10
31428,35,59,-24,24
31429,54,54,0,0
31430,124,115,9,9
31431,90,77,13,13
31432,130,116,14,14
31433,138,118,20,20
31434,143,120,23,23
31435,74,68,6,6
31436,47,46,1,1
31437,64,59,5,5
31438,174,167,7,7
31439,96,82,14,14
31440,132,123,9,9
31441,66,64,2,2
31442,105,96,9,9
31443,128,121,7,7
31444,99,89,10,10
31445,70,62,8,8
31446,62,53,9,9
31447,78,68,10,10
31448,93,86,7,7
31449,89,66,23,23
31450,104,101,3,3
31451,74,66,8,8
31452,102,78,24,24
31453,58,50,8,8
31454,89,81,8,8
31455,84,67,17,17
31456,128,107,21,21
31457,91,87,4,4
31458,80,62,18,18
31459,84,86,-2,2
31460,100,96,4,4
31461,115,103,12,12
31462,92,86,6,6
31463,155,142,13,13
31464,175,142,33,33
31465,79,69,10,10
31466,70,58,12,12
31467,64,66,-2,2
31468,111,107,4,4
31469,83,74,9,9
31470,92,84,8,8
31471,153,136,17,17
31472,138,127,11,11
31473,90,98,-8,8
31474,104,102,2,2
31475,52,45,7,7
31476,72,68,4,4
31477,76,72,4,4
31478,69,63,6,6
31479,145,126,19,19
31480,67,59,8,8
31481,79,68,11,11
31482,103,85,18,18
31483,145,139,6,6
31484,86,80,6,6
31485,112,97,15,15
31486,130,112,18,18
31487,173,151,22,22
31488,75,67,8,8
31489,195,155,40,40
31490,93,84,9,9
31491,102,91,11,11
31492,64,55,9,9
31493,68,59,9,9
31494,58,56,2,2
31495,93,73,20,20
31496,119,92,27,27
31497,54,49,5,5
31498,72,83,-11,11
31499,82,77,5,5
31500,130,117,13,13
31501,75,72,3,3
31502,73,72,1,1
31503,72,69,3,3
31504,243,243,0,0
31505,62,75,-13,13
31506,79,61,18,18
31507,129,123,6,6
31508,119,106,13,13
31509,121,112,9,9
31510,135,121,14,14
31511,64,51,13,13
31512,84,75,9,9
31513,68,66,2,2
31514,89,77,12,12
31515,59,49,10,10
31516,67,68,-1,1
31517,108,103,5,5
31518,55,52,3,3
31519,161,131,30,30
31520,75,71,4,4
31521,113,99,14,14
31522,102,87,15,15
31523,116,102,14,14
31524,134,121,13,13
31525,161,125,36,36
31526,122,98,24,24
31527,103,89,14,14
31528,75,69,6,6
31529,162,133,29,29
31530,76,76,0,0
31531,57,53,4,4
31532,74,70,4,4
31533,78,63,15,15
31534,68,59,9,9
31535,101,85,16,16
31536,66,62,4,4
31537,61,58,3,3
31538,120,105,15,15
31539,62,54,8,8
31540,149,122,27,27
31541,85,85,0,0
31542,126,107,19,19
31543,192,173,19,19
31544,94,86,8,8
31545,69,64,5,5
31546,99,77,22,22
31547,114,98,16,16
31548,75,69,6,6
31549,113,114,-1,1
31550,165,141,24,24
31551,133,116,17,17
31552,86,85,1,1
31553,72,61,11,11
31554,97,88,9,9
31555,113,153,-40,40
31556,110,105,5,5
31557,119,114,5,5
31558,60,55,5,5
31559,72,75,-3,3
31560,110,99,11,11
31561,151,124,27,27
31562,70,50,20,20
31563,89,85,4,4
31564,112,97,15,15
31565,70,65,5,5
31566,64,58,6,6
31567,155,146,9,9
31568,103,92,11,11
31569,115,102,13,13
31570,57,49,8,8
31571,92,91,1,1
31572,96,83,13,13
31573,61,58,3,3
31574,144,119,25,25
31575,75,73,2,2
31576,138,122,16,16
31577,103,97,6,6
31578,118,96,22,22
31579,80,80,0,0
31580,107,92,15,15
31581,84,76,8,8
31582,87,74,13,13
31583,56,49,7,7
31584,129,117,12,12
31585,94,84,10,10
31586,72,72,0,0
31587,193,149,44,44
31588,141,114,27,27
31589,98,91,7,7
31590,116,115,1,1
31591,154,136,18,18
31592,116,114,2,2
31593,75,74,1,1
31594,107,91,16,16
31595,83,70,13,13
31596,103,104,-1,1
31597,99,90,9,9
31598,109,105,4,4
31599,95,83,12,12
31600,85,72,13,13
31601,81,73,8,8
31602,112,88,24,24
31603,82,71,11,11
31604,56,51,5,5
31605,64,61,3,3
31606,105,114,-9,9
31607,118,109,9,9
31608,82,79,3,3
31609,96,88,8,8
31610,69,61,8,8
31611,128,118,10,10
31612,88,87,1,1
31613,90,83,7,7
31614,141,124,17,17
31615,75,77,-2,2
31616,108,102,6,6
31617,153,134,19,19
31618,101,90,11,11
31619,76,74,2,2
31620,86,87,-1,1
31621,49,42,7,7
31622,130,119,11,11
31623,95,85,10,10
31624,33,40,-7,7
31625,156,151,5,5
31626,49,44,5,5
31627,89,77,12,12
31628,86,70,16,16
31629,80,69,11,11
31630,97,85,12,12
31631,59,58,1,1
31632,153,134,19,19
31633,51,46,5,5
31634,88,71,17,17
31635,145,147,-2,2
31636,165,166,-1,1
31637,74,72,2,2
31638,80,82,-2,2
31639,101,85,16,16
31640,46,44,2,2
31641,62,58,4,4
31642,107,90,17,17
31643,66,62,4,4
31644,153,139,14,14
31645,75,70,5,5
31646,49,44,5,5
31647,120,116,4,4
31648,131,116,15,15
31649,106,100,6,6
31650,147,129,18,18
31651,81,77,4,4
31652,94,85,9,9
31653,57,54,3,3
31654,61,65,-4,4
31655,47,44,3,3
31656,53,49,4,4
31657,117,101,16,16
31658,98,71,27,27
31659,48,42,6,6
31660,190,176,14,14
31661,68,65,3,3
31662,106,91,15,15
31663,57,61,-4,4
31664,131,123,8,8
31665,132,116,16,16
31666,74,72,2,2
31667,125,118,7,7
31668,86,82,4,4
31669,49,46,3,3
31670,95,74,21,21
31671,67,58,9,9
31672,82,79,3,3
31673,93,93,0,0
31674,52,52,0,0
31675,55,53,2,2
31676,111,100,11,11
31677,73,64,9,9
31678,72,72,0,0
31679,160,148,12,12
31680,97,93,4,4
31681,95,80,15,15
31682,117,87,30,30
31683,67,54,13,13
31684,55,55,0,0
31685,103,90,13,13
31686,108,103,5,5
31687,82,65,17,17
31688,155,131,24,24
31689,87,82,5,5
31690,88,79,9,9
31691,84,90,-6,6
31692,66,71,-5,5
31693,59,54,5,5
31694,80,72,8,8
31695,120,116,4,4
31696,92,88,4,4
31697,36,35,1,1
31698,89,76,13,13
31699,113,94,19,19
31700,86,80,6,6
31701,117,129,-12,12
31702,78,66,12,12
31703,72,71,1,1
31704,76,62,14,14
31705,76,71,5,5
31706,87,79,8,8
31707,76,93,-17,17
31708,79,57,22,22
31709,51,42,9,9
31710,121,119,2,2
31711,100,85,15,15
31712,83,76,7,7
31713,84,66,18,18
31714,100,97,3,3
31715,125,109,16,16
31716,73,63,10,10
31717,59,57,2,2
31718,79,75,4,4
31719,76,75,1,1
31720,108,103,5,5
31721,64,66,-2,2
31722,101,88,13,13
31723,140,115,25,25
31724,89,81,8,8
31725,72,63,9,9
31726,82,82,0,0
31727,68,66,2,2
31728,41,45,-4,4
31729,77,70,7,7
31730,150,132,18,18
31731,121,108,13,13
31732,96,106,-10,10
31733,50,47,3,3
31734,45,44,1,1
31735,118,115,3,3
31736,108,97,11,11
31737,74,68,6,6
31738,148,128,20,20
31739,109,96,13,13
31740,53,52,1,1
31741,69,58,11,11
31742,75,70,5,5
31743,75,82,-7,7
31744,93,82,11,11
31745,36,33,3,3
31746,62,61,1,1
31747,139,125,14,14
31748,67,61,6,6
31749,199,183,16,16
31750,61,52,9,9
31751,66,61,5,5
31752,58,53,5,5
31753,58,57,1,1
31754,98,93,5,5
31755,65,57,8,8
31756,96,88,8,8
31757,105,99,6,6
31758,44,43,1,1
31759,116,104,12,12
31760,87,71,16,16
31761,94,84,10,10
31762,130,124,6,6
31763,103,93,10,10
31764,85,75,10,10
31765,94,96,-2,2
31766,78,68,10,10
31767,120,107,13,13
31768,48,47,1,1
31769,107,91,16,16
31770,87,83,4,4
31771,115,107,8,8
31772,122,113,9,9
31773,137,116,21,21
31774,19,25,-6,6
31775,90,85,5,5
31776,45,39,6,6
31777,53,55,-2,2
31778,132,111,21,21
31779,54,46,8,8
31780,123,124,-1,1
31781,88,95,-7,7
31782,90,78,12,12
31783,112,101,11,11
31784,67,54,13,13
31785,50,52,-2,2
31786,65,59,6,6
31787,44,42,2,2
31788,86,86,0,0
31789,65,60,5,5
31790,80,89,-9,9
31791,128,109,19,19
31792,166,126,40,40
31793,105,89,16,16
31794,77,71,6,6
31795,113,111,2,2
31796,82,76,6,6
31797,94,90,4,4
31798,123,108,15,15
31799,118,107,11,11
31800,159,139,20,20
31801,100,75,25,25
31802,95,76,19,19
31803,128,118,10,10
31804,67,72,-5,5
31805,131,107,24,24
31806,78,74,4,4
31807,58,58,0,0
31808,126,111,15,15
31809,136,130,6,6
31810,75,64,11,11
31811,100,90,10,10
31812,52,48,4,4
31813,94,82,12,12
31814,64,64,0,0
31815,65,61,4,4
31816,85,79,6,6
31817,100,93,7,7
31818,134,121,13,13
31819,88,82,6,6
31820,87,81,6,6
31821,112,105,7,7
31822,222,191,31,31
31823,103,91,12,12
31824,131,140,-9,9
31825,143,128,15,15
31826,89,83,6,6
31827,144,121,23,23
31828,90,81,9,9
31829,117,101,16,16
31830,41,38,3,3
31831,161,148,13,13
31832,87,86,1,1
31833,67,63,4,4
31834,89,86,3,3
31835,58,49,9,9
31836,54,48,6,6
31837,66,55,11,11
31838,62,59,3,3
31839,46,43,3,3
31840,116,105,11,11
31841,146,139,7,7
31842,153,148,5,5
31843,110,87,23,23
31844,83,68,15,15
31845,138,118,20,20
31846,117,102,15,15
31847,86,74,12,12
31848,170,150,20,20
31849,96,92,4,4
31850,57,49,8,8
31851,102,83,19,19
31852,96,87,9,9
31853,88,76,12,12
31854,117,109,8,8
31855,83,89,-6,6
31856,94,96,-2,2
31857,68,72,-4,4
31858,81,67,14,14
31859,165,149,16,16
31860,93,78,15,15
31861,169,153,16,16
31862,79,73,6,6
31863,91,75,16,16
31864,96,87,9,9
31865,107,85,22,22
31866,98,87,11,11
31867,81,67,14,14
31868,125,118,7,7
31869,111,99,12,12
31870,50,50,0,0
31871,102,97,5,5
31872,94,81,13,13
31873,57,51,6,6
31874,110,97,13,13
31875,89,77,12,12
31876,69,61,8,8
31877,116,111,5,5
31878,135,111,24,24
31879,76,66,10,10
31880,98,82,16,16
31881,72,61,11,11
31882,68,70,-2,2
31883,77,67,10,10
31884,125,128,-3,3
31885,115,98,17,17
31886,136,115,21,21
31887,80,68,12,12
31888,82,76,6,6
31889,76,72,4,4
31890,82,71,11,11
31891,138,115,23,23
31892,108,93,15,15
31893,153,135,18,18
31894,76,68,8,8
31895,100,83,17,17
31896,97,92,5,5
31897,119,105,14,14
31898,35,35,0,0
31899,39,36,3,3
31900,102,89,13,13
31901,93,98,-5,5
31902,122,108,14,14
31903,88,76,12,12
31904,84,76,8,8
31905,207,177,30,30
31906,67,64,3,3
31907,111,104,7,7
31908,75,68,7,7
31909,112,96,16,16
31910,59,56,3,3
31911,66,59,7,7
31912,161,148,13,13
31913,80,80,0,0
31914,64,64,0,0
31915,123,79,44,44
31916,123,106,17,17
31917,144,133,11,11
31918,61,53,8,8
31919,85,64,21,21
31920,100,86,14,14
31921,100,89,11,11
31922,65,54,11,11
31923,75,63,12,12
31924,104,86,18,18
31925,112,116,-4,4
31926,93,81,12,12
31927,69,60,9,9
31928,58,55,3,3
31929,120,98,22,22
31930,131,109,22,22
31931,101,86,15,15
31932,156,145,11,11
31933,83,71,12,12
31934,62,58,4,4
31935,94,87,7,7
31936,87,84,3,3
31937,182,157,25,25
31938,132,117,15,15
31939,100,92,8,8
31940,74,67,7,7
31941,57,57,0,0
31942,95,89,6,6
31943,64,51,13,13
31944,99,91,8,8
31945,102,102,0,0
31946,144,118,26,26
31947,152,131,21,21
31948,66,58,8,8
31949,57,54,3,3
31950,73,73,0,0
31951,85,74,11,11
31952,111,95,16,16
31953,78,73,5,5
31954,87,77,10,10
31955,58,59,-1,1
31956,125,112,13,13
31957,98,88,10,10
31958,127,115,12,12
31959,125,107,18,18
31960,107,99,8,8
31961,57,58,-1,1
31962,161,139,22,22
31963,109,90,19,19
31964,110,93,17,17
31965,64,57,7,7
31966,304,289,15,15
31967,75,68,7,7
31968,161,153,8,8
31969,85,88,-3,3
31970,124,97,27,27
31971,53,49,4,4
31972,98,92,6,6
31973,124,111,13,13
31974,67,58,9,9
31975,59,60,-1,1
31976,115,98,17,17
31977,91,77,14,14
31978,108,100,8,8
31979,82,77,5,5
31980,104,87,17,17
31981,65,67,-2,2
31982,107,95,12,12
31983,140,132,8,8
31984,83,77,6,6
31985,128,137,-9,9
31986,65,54,11,11
31987,70,67,3,3
31988,160,153,7,7
31989,94,82,12,12
31990,74,63,11,11
31991,99,91,8,8
31992,105,95,10,10
31993,65,66,-1,1
31994,46,44,2,2
31995,72,67,5,5
31996,53,44,9,9
31997,110,99,11,11
31998,100,84,16,16
31999,65,64,1,1
32000,102,89,13,13
32001,128,112,16,16
32002,90,78,12,12
32003,139,142,-3,3
32004,145,120,25,25
32005,89,77,12,12
32006,68,71,-3,3
32007,64,58,6,6
32008,79,80,-1,1
32009,86,69,17,17
32010,60,61,-1,1
32011,101,84,17,17
32012,36,40,-4,4
32013,103,92,11,11
32014,52,44,8,8
32015,152,140,12,12
32016,80,83,-3,3
32017,142,117,25,25
32018,129,108,21,21
32019,140,109,31,31
32020,49,49,0,0
32021,147,140,7,7
32022,100,80,20,20
32023,59,62,-3,3
32024,106,101,5,5
32025,88,81,7,7
32026,86,80,6,6
32027,106,86,20,20
32028,110,100,10,10
32029,43,38,5,5
32030,114,113,1,1
32031,77,68,9,9
32032,103,94,9,9
32033,125,117,8,8
32034,65,61,4,4
32035,105,94,11,11
32036,98,105,-7,7
32037,132,132,0,0
32038,119,102,17,17
32039,80,74,6,6
32040,107,97,10,10
32041,94,80,14,14
32042,59,55,4,4
32043,109,104,5,5
32044,144,138,6,6
32045,45,44,1,1
32046,66,44,22,22
32047,122,117,5,5
32048,88,82,6,6
32049,53,44,9,9
32050,58,60,-2,2
32051,68,63,5,5
32052,104,89,15,15
32053,129,122,7,7
32054,55,52,3,3
32055,80,67,13,13
32056,100,94,6,6
32057,64,69,-5,5
32058,150,135,15,15
32059,80,71,9,9
32060,96,82,14,14
32061,83,75,8,8
32062,39,36,3,3
32063,112,90,22,22
32064,146,128,18,18
32065,91,86,5,5
32066,77,78,-1,1
32067,121,114,7,7
32068,113,103,10,10
32069,132,129,3,3
32070,102,94,8,8
32071,71,61,10,10
32072,81,71,10,10
32073,60,65,-5,5
32074,112,94,18,18
32075,95,80,15,15
32076,116,103,13,13
32077,85,81,4,4
32078,116,116,0,0
32079,107,99,8,8
32080,156,128,28,28
32081,84,80,4,4
32082,77,67,10,10
32083,111,97,14,14
32084,61,78,-17,17
32085,124,119,5,5
32086,106,88,18,18
32087,116,105,11,11
32088,64,69,-5,5
32089,108,95,13,13
32090,76,68,8,8
32091,72,70,2,2
32092,75,69,6,6
32093,66,57,9,9
32094,128,128,0,0
32095,189,152,37,37
32096,120,111,9,9
32097,64,56,8,8
32098,141,132,9,9
32099,96,85,11,11
32100,170,155,15,15
32101,83,76,7,7
32102,101,94,7,7
32103,81,81,0,0
32104,43,45,-2,2
32105,150,132,18,18
32106,70,58,12,12
32107,89,76,13,13
32108,115,99,16,16
32109,103,92,11,11
32110,54,48,6,6
32111,63,56,7,7
32112,127,125,2,2
32113,96,74,22,22
32114,79,85,-6,6
32115,83,79,4,4
32116,108,93,15,15
32117,116,102,14,14
32118,121,107,14,14
32119,127,107,20,20
32120,109,105,4,4
32121,96,90,6,6
32122,82,72,10,10
32123,103,122,-19,19
32124,142,138,4,4
32125,161,137,24,24
32126,126,116,10,10
32127,78,67,11,11
32128,157,149,8,8
32129,63,62,1,1
32130,64,58,6,6
32131,90,80,10,10
32132,95,89,6,6
32133,146,132,14,14
32134,56,49,7,7
32135,48,38,10,10
32136,68,63,5,5
32137,94,89,5,5
32138,87,76,11,11
32139,122,102,20,20
32140,126,103,23,23
32141,55,52,3,3
32142,61,60,1,1
32143,89,93,-4,4
32144,62,64,-2,2
32145,71,65,6,6
32146,87,82,5,5
32147,39,33,6,6
32148,123,109,14,14
32149,79,75,4,4
32150,109,95,14,14
32151,101,99,2,2
32152,107,94,13,13
32153,114,102,12,12
32154,81,82,-1,1
32155,167,150,17,17
32156,71,67,4,4
32157,65,63,2,2
32158,76,67,9,9
32159,94,85,9,9
32160,162,138,24,24
32161,86,91,-5,5
32162,162,149,13,13
32163,50,49,1,1
32164,109,95,14,14
32165,70,62,8,8
32166,69,64,5,5
32167,36,30,6,6
32168,117,98,19,19
32169,104,81,23,23
32170,107,102,5,5
32171,66,63,3,3
32172,98,90,8,8
32173,113,107,6,6
32174,57,56,1,1
32175,117,104,13,13
32176,79,83,-4,4
32177,88,79,9,9
32178,101,91,10,10
32179,98,89,9,9
32180,164,170,-6,6
32181,108,96,12,12
32182,79,73,6,6
32183,77,78,-1,1
32184,81,74,7,7
32185,111,98,13,13
32186,108,97,11,11
32187,104,93,11,11
32188,51,40,11,11
32189,79,74,5,5
32190,141,124,17,17
32191,105,92,13,13
32192,79,77,2,2
32193,121,103,18,18
32194,85,85,0,0
32195,60,57,3,3
32196,76,66,10,10
32197,66,58,8,8
32198,140,122,18,18
32199,115,89,26,26
32200,135,113,22,22
32201,137,139,-2,2
32202,108,108,0,0
32203,56,56,0,0
32204,145,127,18,18
32205,107,89,18,18
32206,75,63,12,12
32207,73,61,12,12
32208,58,55,3,3
32209,73,65,8,8
32210,100,86,14,14
32211,154,135,19,19
32212,89,80,9,9
32213,86,72,14,14
32214,218,178,40,40
32215,96,86,10,10
32216,72,68,4,4
32217,136,138,-2,2
32218,197,176,21,21
32219,75,72,3,3
32220,138,124,14,14
32221,112,107,5,5
32222,97,96,1,1
32223,50,50,0,0
32224,144,126,18,18
32225,62,56,6,6
32226,91,89,2,2
32227,108,104,4,4
32228,111,102,9,9
32229,154,137,17,17
32230,84,79,5,5
32231,181,168,13,13
32232,80,74,6,6
32233,134,118,16,16
32234,78,79,-1,1
32235,243,212,31,31
32236,59,48,11,11
32237,83,66,17,17
32238,76,61,15,15
32239,88,81,7,7
32240,62,56,6,6
32241,81,74,7,7
32242,127,117,10,10
32243,119,105,14,14
32244,70,69,1,1
32245,114,96,18,18
32246,91,79,12,12
32247,120,96,24,24
32248,61,53,8,8
32249,73,66,7,7
32250,77,75,2,2
32251,175,165,10,10
32252,86,75,11,11
32253,125,108,17,17
32254,109,92,17,17
32255,90,91,-1,1
32256,71,67,4,4
32257,64,61,3,3
32258,91,76,15,15
32259,116,102,14,14
32260,63,50,13,13
32261,79,73,6,6
32262,56,48,8,8
32263,144,128,16,16
32264,130,105,25,25
32265,73,60,13,13
32266,64,48,16,16
32267,146,121,25,25
32268,30,42,-12,12
32269,107,104,3,3
32270,80,77,3,3
32271,94,100,-6,6
32272,57,51,6,6
32273,85,80,5,5
32274,157,137,20,20
32275,131,123,8,8
32276,170,137,33,33
32277,115,117,-2,2
32278,124,101,23,23
32279,83,74,9,9
32280,139,125,14,14
32281,104,100,4,4
32282,54,47,7,7
32283,117,103,14,14
32284,84,88,-4,4
32285,97,84,13,13
32286,50,40,10,10
32287,57,63,-6,6
32288,84,77,7,7
32289,70,69,1,1
32290,75,74,1,1
32291,33,46,-13,13
32292,110,116,-6,6
32293,60,56,4,4
32294,66,65,1,1
32295,121,103,18,18
32296,97,88,9,9
32297,128,109,19,19
32298,82,73,9,9
32299,110,96,14,14
32300,135,126,9,9
32301,96,87,9,9
32302,79,65,14,14
32303,82,67,15,15
32304,112,94,18,18
32305,119,114,5,5
32306,113,83,30,30
32307,129,117,12,12
32308,30,28,2,2
32309,143,136,7,7
32310,48,46,2,2
32311,70,66,4,4
32312,66,90,-24,24
32313,117,111,6,6
32314,49,45,4,4
32315,73,68,5,5
32316,104,100,4,4
32317,78,80,-2,2
32318,94,88,6,6
32319,39,34,5,5
32320,163,141,22,22
32321,131,122,9,9
32322,78,74,4,4
32323,107,105,2,2
32324,40,42,-2,2
32325,83,75,8,8
32326,88,92,-4,4
32327,104,94,10,10
32328,116,97,19,19
32329,144,120,24,24
32330,93,88,5,5
32331,89,81,8,8
32332,110,100,10,10
32333,62,79,-17,17
32334,100,92,8,8
32335,79,74,5,5
32336,80,69,11,11
32337,120,111,9,9
32338,84,91,-7,7
32339,88,83,5,5
32340,132,123,9,9
32341,93,79,14,14
32342,79,78,1,1
32343,27,31,-4,4
32344,97,92,5,5
32345,167,146,21,21
32346,146,138,8,8
32347,45,39,6,6
32348,53,48,5,5
32349,57,53,4,4
32350,40,38,2,2
32351,77,71,6,6
32352,120,107,13,13
32353,87,92,-5,5
32354,189,156,33,33
32355,84,81,3,3
32356,68,61,7,7
32357,85,81,4,4
32358,75,74,1,1
32359,58,55,3,3
32360,67,61,6,6
32361,58,53,5,5
32362,38,38,0,0
32363,63,61,2,2
32364,82,85,-3,3
32365,111,117,-6,6
32366,168,144,24,24
32367,67,60,7,7
32368,92,85,7,7
32369,43,37,6,6
32370,126,106,20,20
32371,94,88,6,6
32372,108,109,-1,1
32373,80,79,1,1
32374,159,135,24,24
32375,101,73,28,28
32376,71,61,10,10
32377,77,75,2,2
32378,53,54,-1,1
32379,96,93,3,3
32380,144,118,26,26
32381,96,92,4,4
32382,120,111,9,9
32383,91,81,10,10
32384,57,61,-4,4
32385,95,91,4,4
32386,114,107,7,7
32387,115,114,1,1
32388,63,48,15,15
32389,103,88,15,15
32390,213,190,23,23
32391,82,82,0,0
32392,113,96,17,17
32393,75,69,6,6
32394,122,115,7,7
32395,82,59,23,23
32396,112,94,18,18
32397,114,101,13,13
32398,62,50,12,12
32399,145,123,22,22
32400,153,149,4,4
32401,102,70,32,32
32402,65,63,2,2
32403,79,60,19,19
32404,85,81,4,4
32405,69,58,11,11
32406,69,67,2,2
32407,106,89,17,17
32408,73,63,10,10
32409,95,78,17,17
32410,68,68,0,0
32411,72,67,5,5
32412,71,71,0,0
32413,135,121,14,14
32414,115,102,13,13
32415,75,69,6,6
32416,57,54,3,3
32417,33,36,-3,3
32418,73,69,4,4
32419,147,133,14,14
32420,100,92,8,8
32421,81,75,6,6
32422,130,119,11,11
32423,63,59,4,4
32424,75,73,2,2
32425,97,94,3,3
32426,80,78,2,2
32427,67,61,6,6
32428,135,126,9,9
32429,48,44,4,4
32430,113,115,-2,2
32431,62,55,7,7
32432,66,56,10,10
32433,62,45,17,17
32434,140,141,-1,1
32435,82,79,3,3
32436,86,79,7,7
32437,123,111,12,12
32438,134,119,15,15
32439,63,59,4,4
32440,142,126,16,16
32441,63,58,5,5
32442,94,79,15,15
32443,72,69,3,3
32444,146,130,16,16
32445,90,64,26,26
32446,57,53,4,4
32447,51,55,-4,4
32448,64,62,2,2
32449,80,78,2,2
32450,105,96,9,9
32451,109,97,12,12
32452,99,99,0,0
32453,209,178,31,31
32454,82,68,14,14
32455,49,48,1,1
32456,72,64,8,8
32457,62,54,8,8
32458,50,51,-1,1
32459,153,142,11,11
32460,140,122,18,18
32461,95,80,15,15
32462,81,70,11,11
32463,114,95,19,19
32464,130,119,11,11
32465,31,34,-3,3
32466,86,82,4,4
32467,100,100,0,0
32468,58,57,1,1
32469,58,50,8,8
32470,95,79,16,16
32471,121,114,7,7
32472,83,76,7,7
32473,152,128,24,24
32474,138,132,6,6
32475,128,120,8,8
32476,92,93,-1,1
32477,64,60,4,4
32478,72,71,1,1
32479,110,104,6,6
32480,57,50,7,7
32481,99,88,11,11
32482,98,86,12,12
32483,73,78,-5,5
32484,53,53,0,0
32485,55,54,1,1
32486,61,54,7,7
32487,239,205,34,34
32488,86,79,7,7
32489,133,109,24,24
32490,80,71,9,9
32491,76,66,10,10
32492,79,64,15,15
32493,140,121,19,19
32494,97,92,5,5
32495,74,56,18,18
32496,142,124,18,18
32497,82,77,5,5
32498,62,59,3,3
32499,101,99,2,2
32500,69,76,-7,7
32501,171,157,14,14
32502,69,67,2,2
32503,72,65,7,7
32504,93,85,8,8
32505,78,79,-1,1
32506,68,61,7,7
32507,54,52,2,2
32508,110,103,7,7
32509,69,72,-3,3
32510,92,81,11,11
32511,65,59,6,6
32512,28,31,-3,3
32513,65,62,3,3
32514,69,57,12,12
32515,119,98,21,21
32516,78,66,12,12
32517,75,68,7,7
32518,70,62,8,8
32519,57,64,-7,7
32520,88,81,7,7
32521,80,68,12,12
32522,113,105,8,8
32523,63,58,5,5
32524,91,80,11,11
32525,141,115,26,26
32526,88,81,7,7
32527,46,47,-1,1
32528,109,99,10,10
32529,98,93,5,5
32530,177,158,19,19
32531,142,131,11,11
32532,56,53,3,3
32533,166,133,33,33
32534,70,62,8,8
32535,64,60,4,4
32536,70,67,3,3
32537,66,70,-4,4
32538,104,88,16,16
32539,131,109,22,22
32540,82,74,8,8
32541,65,58,7,7
32542,95,87,8,8
32543,79,66,13,13
32544,86,75,11,11
32545,84,77,7,7
32546,103,80,23,23
32547,77,69,8,8
32548,125,111,14,14
32549,122,114,8,8
32550,64,55,9,9
32551,95,95,0,0
32552,79,76,3,3
32553,67,59,8,8
32554,160,141,19,19
32555,103,93,10,10
32556,114,103,11,11
32557,74,71,3,3
32558,123,107,16,16
32559,50,51,-1,1
32560,53,49,4,4
32561,195,183,12,12
32562,71,66,5,5
32563,171,140,31,31
32564,90,87,3,3
32565,75,68,7,7
32566,84,81,3,3
32567,86,96,-10,10
32568,101,93,8,8
32569,131,107,24,24
32570,159,134,25,25
32571,52,52,0,0
32572,119,106,13,13
32573,85,76,9,9
32574,97,87,10,10
32575,73,69,4,4
32576,54,54,0,0
32577,73,61,12,12
32578,127,110,17,17
32579,164,148,16,16
32580,104,84,20,20
32581,57,48,9,9
32582,40,43,-3,3
32583,103,96,7,7
32584,149,126,23,23
32585,105,90,15,15
32586,184,157,27,27
32587,74,64,10,10
32588,145,122,23,23
32589,74,75,-1,1
32590,83,86,-3,3
32591,82,71,11,11
32592,85,86,-1,1
32593,133,127,6,6
32594,68,61,7,7
32595,56,58,-2,2
32596,183,163,20,20
32597,66,61,5,5
32598,115,116,-1,1
32599,86,76,10,10
32600,64,61,3,3
32601,41,40,1,1
32602,97,106,-9,9
32603,76,70,6,6
32604,64,60,4,4
32605,67,60,7,7
32606,92,80,12,12
32607,86,79,7,7
32608,86,77,9,9
32609,114,102,12,12
32610,134,109,25,25
32611,80,65,15,15
32612,151,155,-4,4
32613,99,90,9,9
32614,144,131,13,13
32615,118,103,15,15
32616,74,68,6,6
32617,85,74,11,11
32618,51,53,-2,2
32619,57,53,4,4
32620,152,132,20,20
32621,80,74,6,6
32622,83,69,14,14
32623,69,59,10,10
32624,126,129,-3,3
32625,178,154,24,24
32626,101,99,2,2
32627,110,102,8,8
32628,53,52,1,1
32629,89,90,-1,1
32630,97,91,6,6
32631,81,71,10,10
32632,87,75,12,12
32633,52,43,9,9
32634,98,87,11,11
32635,109,95,14,14
32636,103,92,11,11
32637,90,69,21,21
32638,73,65,8,8
32639,157,141,16,16
32640,106,93,13,13
32641,144,128,16,16
32642,105,100,5,5
32643,191,167,24,24
32644,79,71,8,8
32645,113,96,17,17
32646,66,58,8,8
32647,62,74,-12,12
32648,71,73,-2,2
32649,93,86,7,7
32650,90,71,19,19
32651,81,70,11,11
32652,97,94,3,3
32653,43,52,-9,9
32654,150,126,24,24
32655,78,68,10,10
32656,122,101,21,21
32657,76,69,7,7
32658,50,53,-3,3
32659,78,85,-7,7
32660,68,70,-2,2
32661,92,78,14,14
32662,65,67,-2,2
32663,112,96,16,16
32664,69,66,3,3
32665,86,76,10,10
32666,73,65,8,8
32667,99,90,9,9
32668,99,84,15,15
32669,70,67,3,3
32670,88,77,11,11
32671,66,59,7,7
32672,123,103,20,20
32673,72,54,18,18
32674,120,122,-2,2
32675,51,51,0,0
32676,68,57,11,11
32677,103,99,4,4
32678,76,67,9,9
32679,77,80,-3,3
32680,143,142,1,1
32681,128,117,11,11
32682,87,72,15,15
32683,47,38,9,9
32684,119,108,11,11
32685,119,103,16,16
32686,52,50,2,2
32687,123,91,32,32
32688,78,71,7,7
32689,135,129,6,6
32690,65,59,6,6
32691,50,46,4,4
32692,59,73,-14,14
32693,95,79,16,16
32694,74,77,-3,3
32695,127,102,25,25
32696,135,105,30,30
32697,80,73,7,7
32698,81,80,1,1
32699,102,93,9,9
32700,131,123,8,8
32701,96,80,16,16
32702,100,96,4,4
32703,104,93,11,11
32704,112,110,2,2
32705,103,85,18,18
32706,96,88,8,8
32707,86,75,11,11
32708,130,126,4,4
32709,47,44,3,3
32710,118,102,16,16
32711,81,72,9,9
32712,117,91,26,26
32713,77,70,7,7
32714,129,114,15,15
32715,111,82,29,29
32716,131,115,16,16
32717,67,65,2,2
32718,66,53,13,13
32719,111,108,3,3
32720,71,77,-6,6
32721,58,50,8,8
32722,61,71,-10,10
32723,65,58,7,7
32724,91,89,2,2
32725,126,114,12,12
32726,79,54,25,25
32727,98,84,14,14
32728,83,96,-13,13
32729,46,42,4,4
32730,71,64,7,7
32731,56,61,-5,5
32732,74,63,11,11
32733,86,76,10,10
32734,125,108,17,17
32735,71,60,11,11
32736,62,56,6,6
32737,96,59,37,37
32738,145,119,26,26
32739,73,62,11,11
32740,67,65,2,2
32741,87,80,7,7
32742,79,64,15,15
32743,93,87,6,6
32744,72,68,4,4
32745,68,60,8,8
32746,72,64,8,8
32747,132,112,20,20
32748,75,64,11,11
32749,86,81,5,5
32750,101,87,14,14
32751,193,181,12,12
32752,124,111,13,13
32753,96,80,16,16
32754,102,94,8,8
32755,48,40,8,8
32756,95,78,17,17
32757,172,155,17,17
32758,174,159,15,15
32759,171,139,32,32
32760,64,56,8,8
32761,90,83,7,7
32762,77,74,3,3
32763,79,70,9,9
32764,82,73,9,9
32765,128,115,13,13
32766,96,89,7,7
32767,88,80,8,8
32768,78,69,9,9
32769,115,112,3,3
32770,75,74,1,1
32771,132,120,12,12
32772,161,139,22,22
32773,117,102,15,15
32774,61,52,9,9
32775,84,67,17,17
32776,102,98,4,4
32777,108,99,9,9
32778,108,110,-2,2
32779,156,136,20,20
32780,107,97,10,10
32781,74,64,10,10
32782,185,182,3,3
32783,61,67,-6,6
32784,106,96,10,10
32785,73,70,3,3
32786,83,66,17,17
32787,53,51,2,2
32788,216,187,29,29
32789,90,77,13,13
32790,94,97,-3,3
32791,113,107,6,6
32792,48,44,4,4
32793,125,132,-7,7
32794,58,52,6,6
32795,112,99,13,13
32796,91,78,13,13
32797,90,92,-2,2
32798,104,89,15,15
32799,59,56,3,3
32800,74,69,5,5
32801,99,100,-1,1
32802,76,75,1,1
32803,101,91,10,10
32804,143,128,15,15
32805,66,60,6,6
32806,108,87,21,21
32807,126,113,13,13
32808,102,85,17,17
32809,106,101,5,5
32810,84,74,10,10
32811,133,119,14,14
32812,68,63,5,5
32813,133,121,12,12
32814,91,82,9,9
32815,148,136,12,12
32816,131,119,12,12
32817,105,90,15,15
32818,111,118,-7,7
32819,50,45,5,5
32820,118,97,21,21
32821,56,57,-1,1
32822,76,69,7,7
32823,141,123,18,18
32824,162,142,20,20
32825,144,135,9,9
32826,131,130,1,1
32827,57,47,10,10
32828,105,98,7,7
32829,74,66,8,8
32830,118,134,-16,16
32831,157,138,19,19
32832,105,94,11,11
32833,90,83,7,7
32834,96,95,1,1
32835,161,151,10,10
32836,83,74,9,9
32837,145,128,17,17
32838,55,51,4,4
32839,113,116,-3,3
32840,72,69,3,3
32841,199,179,20,20
32842,57,62,-5,5
32843,86,81,5,5
32844,124,109,15,15
32845,59,66,-7,7
32846,65,46,19,19
32847,82,73,9,9
32848,127,114,13,13
32849,82,81,1,1
32850,101,85,16,16
32851,105,94,11,11
32852,94,85,9,9
32853,125,107,18,18
32854,96,84,12,12
32855,48,46,2,2
32856,68,68,0,0
32857,98,89,9,9
32858,152,132,20,20
32859,139,106,33,33
32860,80,79,1,1
32861,113,100,13,13
32862,102,107,-5,5
32863,94,83,11,11
32864,56,54,2,2
32865,112,102,10,10
32866,71,63,8,8
32867,163,149,14,14
32868,95,90,5,5
32869,165,150,15,15
32870,100,94,6,6
32871,104,90,14,14
32872,68,71,-3,3
32873,152,131,21,21
32874,62,64,-2,2
32875,56,50,6,6
32876,87,80,7,7
32877,48,47,1,1
32878,85,75,10,10
32879,82,89,-7,7
32880,70,82,-12,12
32881,80,75,5,5
32882,100,97,3,3
32883,158,142,16,16
32884,143,125,18,18
32885,76,68,8,8
32886,64,61,3,3
32887,121,107,14,14
32888,72,70,2,2
32889,53,49,4,4
32890,202,176,26,26
32891,54,51,3,3
32892,58,50,8,8
32893,125,117,8,8
32894,74,59,15,15
32895,58,92,-34,34
32896,144,130,14,14
32897,124,113,11,11
32898,84,76,8,8
32899,27,56,-29,29
32900,84,71,13,13
32901,176,148,28,28
32902,44,46,-2,2
32903,66,62,4,4
32904,73,77,-4,4
32905,71,81,-10,10
32906,42,66,-24,24
32907,61,74,-13,13
32908,71,61,10,10
32909,90,91,-1,1
32910,74,62,12,12
32911,109,88,21,21
32912,124,108,16,16
32913,94,84,10,10
32914,158,158,0,0
32915,97,76,21,21
32916,73,62,11,11
32917,90,90,0,0
32918,64,55,9,9
32919,144,136,8,8
32920,104,97,7,7
32921,186,158,28,28
32922,102,88,14,14
32923,85,79,6,6
32924,96,94,2,2
32925,122,113,9,9
32926,97,84,13,13
32927,96,86,10,10
32928,50,43,7,7
32929,110,119,-9,9
32930,89,80,9,9
32931,98,87,11,11
32932,123,121,2,2
32933,53,48,5,5
32934,114,105,9,9
32935,152,143,9,9
32936,146,141,5,5
32937,134,118,16,16
32938,105,103,2,2
32939,38,58,-20,20
32940,99,85,14,14
32941,107,95,12,12
32942,92,76,16,16
32943,120,110,10,10
32944,129,119,10,10
32945,95,83,12,12
32946,90,82,8,8
32947,103,95,8,8
32948,114,100,14,14
32949,59,56,3,3
32950,36,40,-4,4
32951,99,88,11,11
32952,76,67,9,9
32953,149,116,33,33
32954,106,85,21,21
32955,61,65,-4,4
32956,47,56,-9,9
32957,158,152,6,6
32958,54,48,6,6
32959,50,51,-1,1
32960,98,85,13,13
32961,94,80,14,14
32962,67,62,5,5
32963,49,44,5,5
32964,146,132,14,14
32965,135,113,22,22
32966,87,71,16,16
32967,98,93,5,5
32968,59,54,5,5
32969,86,75,11,11
32970,62,58,4,4
32971,113,94,19,19
32972,93,86,7,7
32973,75,75,0,0
32974,83,72,11,11
32975,138,124,14,14
32976,67,64,3,3
32977,84,69,15,15
32978,117,106,11,11
32979,64,59,5,5
32980,80,72,8,8
32981,85,79,6,6
32982,67,62,5,5
32983,96,87,9,9
32984,72,67,5,5
32985,63,68,-5,5
32986,151,123,28,28
32987,49,43,6,6
32988,103,73,30,30
32989,32,34,-2,2
32990,70,58,12,12
32991,135,126,9,9
32992,55,52,3,3
32993,99,93,6,6
32994,114,106,8,8
32995,82,70,12,12
32996,119,112,7,7
32997,104,96,8,8
32998,123,110,13,13
32999,113,108,5,5
33000,153,142,11,11
33001,89,84,5,5
33002,48,64,-16,16
33003,113,96,17,17
33004,83,78,5,5
33005,129,113,16,16
33006,67,69,-2,2
33007,96,82,14,14
33008,92,83,9,9
33009,103,86,17,17
33010,121,100,21,21
33011,48,50,-2,2
33012,98,84,14,14
33013,112,100,12,12
33014,107,100,7,7
33015,92,74,18,18
33016,72,70,2,2
33017,86,76,10,10
33018,86,79,7,7
33019,120,105,15,15
33020,65,62,3,3
33021,86,75,11,11
33022,138,120,18,18
33023,74,76,-2,2
33024,60,55,5,5
33025,125,106,19,19
33026,61,60,1,1
33027,99,87,12,12
33028,150,132,18,18
33029,69,61,8,8
33030,41,35,6,6
33031,108,92,16,16
33032,163,153,10,10
33033,121,107,14,14
33034,72,67,5,5
33035,109,94,15,15
33036,133,125,8,8
33037,74,69,5,5
33038,119,109,10,10
33039,77,70,7,7
33040,97,102,-5,5
33041,76,71,5,5
33042,102,90,12,12
33043,88,72,16,16
33044,139,124,15,15
33045,93,83,10,10
33046,171,149,22,22
33047,115,123,-8,8
33048,73,67,6,6
33049,102,88,14,14
33050,97,90,7,7
33051,107,101,6,6
33052,180,167,13,13
33053,78,74,4,4
33054,279,239,40,40
33055,86,83,3,3
33056,80,70,10,10
33057,131,128,3,3
33058,49,45,4,4
33059,100,88,12,12
33060,53,53,0,0
33061,116,101,15,15
33062,61,56,5,5
33063,73,64,9,9
33064,70,60,10,10
33065,56,53,3,3
33066,69,63,6,6
33067,76,65,11,11
33068,57,57,0,0
33069,36,35,1,1
33070,75,78,-3,3
33071,62,56,6,6
33072,78,69,9,9
33073,112,100,12,12
33074,85,73,12,12
33075,164,135,29,29
33076,52,57,-5,5
33077,102,93,9,9
33078,34,28,6,6
33079,52,51,1,1
33080,63,71,-8,8
33081,60,53,7,7
33082,145,129,16,16
33083,74,70,4,4
33084,106,102,4,4
33085,53,49,4,4
33086,114,110,4,4
33087,135,128,7,7
33088,119,105,14,14
33089,84,89,-5,5
33090,62,56,6,6
33091,150,138,12,12
33092,178,187,-9,9
33093,125,114,11,11
33094,125,116,9,9
33095,56,53,3,3
33096,83,79,4,4
33097,79,87,-8,8
33098,66,62,4,4
33099,62,58,4,4
33100,77,72,5,5
33101,113,103,10,10
33102,119,113,6,6
33103,100,84,16,16
33104,121,113,8,8
33105,102,87,15,15
33106,106,111,-5,5
33107,67,62,5,5
33108,104,88,16,16
33109,133,125,8,8
33110,138,117,21,21
33111,62,65,-3,3
33112,110,111,-1,1
33113,140,122,18,18
33114,80,67,13,13
33115,103,99,4,4
33116,114,102,12,12
33117,55,45,10,10
33118,91,82,9,9
33119,38,40,-2,2
33120,89,69,20,20
33121,129,113,16,16
33122,30,58,-28,28
33123,103,92,11,11
33124,100,97,3,3
33125,87,83,4,4
33126,99,87,12,12
33127,87,75,12,12
33128,91,87,4,4
33129,105,93,12,12
33130,104,93,11,11
33131,46,46,0,0
33132,86,71,15,15
33133,59,68,-9,9
33134,135,128,7,7
33135,47,41,6,6
33136,108,86,22,22
33137,108,91,17,17
33138,120,114,6,6
33139,50,68,-18,18
33140,102,111,-9,9
33141,129,127,2,2
33142,82,115,-33,33
33143,141,118,23,23
33144,87,73,14,14
33145,108,94,14,14
33146,113,114,-1,1
33147,166,148,18,18
33148,82,71,11,11
33149,34,57,-23,23
33150,57,55,2,2
33151,128,127,1,1
33152,86,85,1,1
33153,70,61,9,9
33154,106,94,12,12
33155,111,102,9,9
33156,89,89,0,0
33157,28,27,1,1
33158,102,95,7,7
33159,159,130,29,29
33160,170,147,23,23
33161,98,92,6,6
33162,77,73,4,4
33163,118,111,7,7
33164,96,84,12,12
33165,51,55,-4,4
33166,63,55,8,8
33167,70,61,9,9
33168,99,102,-3,3
33169,58,51,7,7
33170,60,55,5,5
33171,78,74,4,4
33172,45,51,-6,6
33173,89,93,-4,4
33174,69,66,3,3
33175,84,81,3,3
33176,73,66,7,7
33177,178,156,22,22
33178,63,64,-1,1
33179,108,96,12,12
33180,105,104,1,1
33181,43,42,1,1
33182,82,75,7,7
33183,76,71,5,5
33184,143,120,23,23
33185,91,81,10,10
33186,63,60,3,3
33187,136,121,15,15
33188,83,69,14,14
33189,128,108,20,20
33190,63,61,2,2
33191,72,70,2,2
33192,96,89,7,7
33193,66,52,14,14
33194,89,95,-6,6
33195,74,64,10,10
33196,69,63,6,6
33197,86,77,9,9
33198,105,94,11,11
33199,92,88,4,4
33200,49,52,-3,3
33201,151,126,25,25
33202,87,89,-2,2
33203,86,80,6,6
33204,55,49,6,6
33205,113,116,-3,3
33206,96,86,10,10
33207,84,75,9,9
33208,102,92,10,10
33209,85,82,3,3
33210,141,131,10,10
33211,90,70,20,20
33212,57,51,6,6
33213,80,80,0,0
33214,111,96,15,15
33215,82,112,-30,30
33216,85,79,6,6
33217,85,73,12,12
33218,67,59,8,8
33219,86,74,12,12
33220,102,83,19,19
33221,71,66,5,5
33222,130,141,-11,11
33223,76,71,5,5
33224,70,69,1,1
33225,86,86,0,0
33226,55,42,13,13
33227,97,91,6,6
33228,98,107,-9,9
33229,70,56,14,14
33230,102,89,13,13
33231,79,67,12,12
33232,104,92,12,12
33233,70,57,13,13
33234,94,82,12,12
33235,103,96,7,7
33236,102,105,-3,3
33237,102,89,13,13
33238,67,60,7,7
33239,165,151,14,14
33240,73,84,-11,11
33241,149,129,20,20
33242,92,80,12,12
33243,57,60,-3,3
33244,76,60,16,16
33245,129,111,18,18
33246,66,65,1,1
33247,132,113,19,19
33248,108,92,16,16
33249,162,130,32,32
33250,104,91,13,13
33251,98,96,2,2
33252,81,72,9,9
33253,106,103,3,3
33254,134,130,4,4
33255,118,110,8,8
33256,156,130,26,26
33257,73,66,7,7
33258,106,99,7,7
33259,64,55,9,9
33260,66,56,10,10
33261,126,103,23,23
33262,103,95,8,8
33263,57,53,4,4
33264,158,152,6,6
33265,103,92,11,11
33266,103,95,8,8
33267,172,151,21,21
33268,137,127,10,10
33269,95,81,14,14
33270,127,110,17,17
33271,87,79,8,8
33272,136,109,27,27
33273,51,48,3,3
33274,95,84,11,11
33275,100,92,8,8
33276,140,125,15,15
33277,102,98,4,4
33278,69,62,7,7
33279,148,135,13,13
33280,121,125,-4,4
33281,133,127,6,6
33282,106,101,5,5
33283,95,81,14,14
33284,71,78,-7,7
33285,148,138,10,10
33286,188,167,21,21
33287,111,101,10,10
33288,88,81,7,7
33289,71,77,-6,6
33290,83,80,3,3
33291,44,42,2,2
33292,69,58,11,11
33293,44,38,6,6
33294,111,97,14,14
33295,105,103,2,2
33296,76,69,7,7
33297,95,87,8,8
33298,181,159,22,22
33299,128,108,20,20
33300,81,75,6,6
33301,175,144,31,31
33302,57,51,6,6
33303,70,61,9,9
33304,77,63,14,14
33305,61,58,3,3
33306,108,103,5,5
33307,69,65,4,4
33308,61,52,9,9
33309,116,102,14,14
33310,50,49,1,1
33311,95,79,16,16
33312,62,63,-1,1
33313,161,140,21,21
33314,101,95,6,6
33315,84,72,12,12
33316,87,85,2,2
33317,71,64,7,7
33318,56,53,3,3
33319,77,70,7,7
33320,100,118,-18,18
33321,74,68,6,6
33322,59,60,-1,1
33323,117,108,9,9
33324,102,93,9,9
33325,97,91,6,6
33326,77,69,8,8
33327,128,127,1,1
33328,89,80,9,9
33329,67,63,4,4
33330,69,64,5,5
33331,104,99,5,5
33332,55,54,1,1
33333,62,55,7,7
33334,101,89,12,12
33335,78,72,6,6
33336,86,69,17,17
33337,81,72,9,9
33338,104,88,16,16
33339,57,50,7,7
33340,101,87,14,14
33341,84,75,9,9
33342,73,75,-2,2
33343,106,99,7,7
33344,102,98,4,4
33345,71,69,2,2
33346,144,133,11,11
33347,131,106,25,25
33348,82,63,19,19
33349,83,72,11,11
33350,169,153,16,16
33351,70,59,11,11
33352,158,139,19,19
33353,162,126,36,36
33354,104,88,16,16
33355,52,43,9,9
33356,59,53,6,6
33357,70,66,4,4
33358,112,111,1,1
33359,106,88,18,18
33360,130,112,18,18
33361,111,94,17,17
33362,117,99,18,18
33363,118,120,-2,2
33364,74,71,3,3
33365,52,47,5,5
33366,97,101,-4,4
33367,72,69,3,3
33368,84,69,15,15
33369,50,50,0,0
33370,101,90,11,11
33371,52,49,3,3
33372,85,80,5,5
33373,90,82,8,8
33374,66,64,2,2
33375,132,111,21,21
33376,91,85,6,6
33377,46,44,2,2
33378,36,36,0,0
33379,94,89,5,5
33380,65,59,6,6
33381,85,74,11,11
33382,78,68,10,10
33383,140,139,1,1
33384,79,76,3,3
33385,108,98,10,10
33386,84,73,11,11
33387,89,80,9,9
33388,119,105,14,14
33389,52,44,8,8
33390,130,109,21,21
33391,57,46,11,11
33392,128,112,16,16
33393,106,90,16,16
33394,65,51,14,14
33395,75,74,1,1
33396,153,147,6,6
33397,42,40,2,2
33398,70,62,8,8
33399,157,143,14,14
33400,153,136,17,17
33401,93,80,13,13
33402,85,75,10,10
33403,70,72,-2,2
33404,84,83,1,1
33405,61,55,6,6
33406,80,71,9,9
33407,60,52,8,8
33408,60,55,5,5
33409,122,114,8,8
33410,87,81,6,6
33411,207,154,53,53
33412,102,98,4,4
33413,52,55,-3,3
33414,75,72,3,3
33415,62,57,5,5
33416,82,81,1,1
33417,144,116,28,28
33418,130,123,7,7
33419,90,71,19,19
33420,71,67,4,4
33421,77,66,11,11
33422,72,64,8,8
33423,46,44,2,2
33424,55,60,-5,5
33425,64,84,-20,20
33426,73,62,11,11
33427,76,73,3,3
33428,100,92,8,8
33429,108,90,18,18
33430,130,113,17,17
33431,136,120,16,16
33432,89,80,9,9
33433,79,78,1,1
33434,110,94,16,16
33435,125,121,4,4
33436,79,79,0,0
33437,32,28,4,4
33438,97,115,-18,18
33439,135,120,15,15
33440,93,86,7,7
33441,111,100,11,11
33442,87,88,-1,1
33443,131,110,21,21
33444,72,63,9,9
33445,72,76,-4,4
33446,192,154,38,38
33447,129,112,17,17
33448,102,89,13,13
33449,86,72,14,14
33450,134,114,20,20
33451,157,142,15,15
33452,75,69,6,6
33453,93,84,9,9
33454,96,85,11,11
33455,105,94,11,11
33456,110,101,9,9
33457,137,119,18,18
33458,194,180,14,14
33459,82,73,9,9
33460,102,104,-2,2
33461,92,85,7,7
33462,119,93,26,26
33463,113,101,12,12
33464,85,79,6,6
33465,66,63,3,3
33466,145,131,14,14
33467,112,105,7,7
33468,133,125,8,8
33469,113,94,19,19
33470,175,137,38,38
33471,113,110,3,3
33472,59,54,5,5
33473,97,94,3,3
33474,74,68,6,6
33475,53,48,5,5
33476,108,100,8,8
33477,133,114,19,19
33478,46,42,4,4
33479,135,113,22,22
33480,111,96,15,15
33481,117,101,16,16
33482,69,63,6,6
33483,175,147,28,28
33484,83,73,10,10
33485,80,75,5,5
33486,95,96,-1,1
33487,80,74,6,6
33488,71,67,4,4
33489,61,53,8,8
33490,83,77,6,6
33491,168,145,23,23
33492,78,69,9,9
33493,79,77,2,2
33494,112,108,4,4
33495,73,66,7,7
33496,71,78,-7,7
33497,86,79,7,7
33498,105,105,0,0
33499,103,92,11,11
33500,81,73,8,8
33501,70,65,5,5
33502,107,91,16,16
33503,150,140,10,10
33504,70,54,16,16
33505,80,77,3,3
33506,48,53,-5,5
33507,100,100,0,0
33508,52,57,-5,5
33509,97,87,10,10
33510,172,157,15,15
33511,28,32,-4,4
33512,42,69,-27,27
33513,120,109,11,11
33514,60,59,1,1
33515,118,92,26,26
33516,175,154,21,21
33517,69,63,6,6
33518,50,46,4,4
33519,90,82,8,8
33520,109,101,8,8
33521,63,66,-3,3
33522,63,57,6,6
33523,54,51,3,3
33524,115,109,6,6
33525,61,58,3,3
33526,91,87,4,4
33527,76,84,-8,8
33528,72,72,0,0
33529,64,60,4,4
33530,47,43,4,4
33531,67,56,11,11
33532,111,99,12,12
33533,102,123,-21,21
33534,68,59,9,9
33535,101,79,22,22
33536,154,125,29,29
33537,71,65,6,6
33538,77,68,9,9
33539,74,67,7,7
33540,95,90,5,5
33541,98,90,8,8
33542,87,76,11,11
33543,134,125,9,9
33544,118,107,11,11
33545,146,128,18,18
33546,82,85,-3,3
33547,85,68,17,17
33548,68,82,-14,14
33549,62,59,3,3
33550,79,62,17,17
33551,33,34,-1,1
33552,130,112,18,18
33553,88,72,16,16
33554,132,121,11,11
33555,69,68,1,1
33556,98,81,17,17
33557,113,94,19,19
33558,84,77,7,7
33559,78,70,8,8
33560,121,106,15,15
33561,69,62,7,7
33562,70,78,-8,8
33563,89,89,0,0
33564,97,87,10,10
33565,89,79,10,10
33566,128,114,14,14
33567,149,131,18,18
33568,115,103,12,12
33569,68,60,8,8
33570,44,34,10,10
33571,36,36,0,0
33572,64,74,-10,10
33573,75,59,16,16
33574,85,77,8,8
33575,90,81,9,9
33576,98,106,-8,8
33577,110,95,15,15
33578,91,89,2,2
33579,179,150,29,29
33580,97,78,19,19
33581,65,63,2,2
33582,111,111,0,0
33583,191,154,37,37
33584,181,146,35,35
33585,58,57,1,1
33586,90,71,19,19
33587,101,83,18,18
33588,164,132,32,32
33589,117,98,19,19
33590,84,84,0,0
33591,112,96,16,16
33592,117,97,20,20
33593,80,74,6,6
33594,150,130,20,20
33595,94,85,9,9
33596,115,109,6,6
33597,157,132,25,25
33598,69,66,3,3
33599,61,54,7,7
33600,97,92,5,5
33601,74,71,3,3
33602,90,87,3,3
33603,59,52,7,7
33604,121,100,21,21
33605,102,86,16,16
33606,107,105,2,2
33607,102,101,1,1
33608,256,240,16,16
33609,75,71,4,4
33610,80,72,8,8
33611,67,63,4,4
33612,122,110,12,12
33613,65,55,10,10
33614,74,74,0,0
33615,86,82,4,4
33616,206,184,22,22
33617,139,133,6,6
33618,76,69,7,7
33619,186,163,23,23
33620,111,101,10,10
33621,80,64,16,16
33622,148,135,13,13
33623,76,73,3,3
33624,123,133,-10,10
33625,79,88,-9,9
33626,118,102,16,16
33627,51,50,1,1
33628,88,95,-7,7
33629,157,141,16,16
33630,84,81,3,3
33631,129,112,17,17
33632,131,108,23,23
33633,74,86,-12,12
33634,93,85,8,8
33635,88,83,5,5
33636,74,76,-2,2
33637,102,91,11,11
33638,143,126,17,17
33639,67,59,8,8
33640,197,178,19,19
33641,98,81,17,17
33642,117,96,21,21
33643,120,112,8,8
33644,118,113,5,5
33645,63,48,15,15
33646,139,128,11,11
33647,144,138,6,6
33648,96,83,13,13
33649,110,82,28,28
33650,121,111,10,10
33651,68,74,-6,6
33652,84,98,-14,14
33653,118,108,10,10
33654,96,90,6,6
33655,78,72,6,6
33656,27,29,-2,2
33657,157,136,21,21
33658,137,121,16,16
33659,107,97,10,10
33660,95,86,9,9
33661,45,50,-5,5
33662,69,92,-23,23
33663,196,163,33,33
33664,108,86,22,22
33665,88,78,10,10
33666,199,169,30,30
33667,111,107,4,4
33668,179,148,31,31
33669,157,144,13,13
33670,82,66,16,16
33671,77,66,11,11
33672,56,48,8,8
33673,63,62,1,1
33674,196,169,27,27
33675,89,85,4,4
33676,126,113,13,13
33677,39,38,1,1
33678,80,81,-1,1
33679,97,88,9,9
33680,85,73,12,12
33681,58,51,7,7
33682,132,119,13,13
33683,54,61,-7,7
33684,99,88,11,11
33685,91,86,5,5
33686,75,63,12,12
33687,57,58,-1,1
33688,66,66,0,0
33689,105,106,-1,1
33690,51,44,7,7
33691,134,115,19,19
33692,27,29,-2,2
33693,71,58,13,13
33694,65,57,8,8
33695,112,83,29,29
33696,100,96,4,4
33697,56,52,4,4
33698,74,68,6,6
33699,137,121,16,16
33700,96,91,5,5
33701,113,113,0,0
33702,56,51,5,5
33703,91,85,6,6
33704,179,164,15,15
33705,54,46,8,8
33706,90,85,5,5
33707,92,82,10,10
33708,87,73,14,14
33709,122,105,17,17
33710,150,127,23,23
33711,90,80,10,10
33712,98,88,10,10
33713,59,53,6,6
33714,122,114,8,8
33715,150,143,7,7
33716,74,66,8,8
33717,65,62,3,3
33718,53,54,-1,1
33719,93,84,9,9
33720,108,93,15,15
33721,70,72,-2,2
33722,135,122,13,13
33723,87,86,1,1
33724,65,69,-4,4
33725,55,45,10,10
33726,40,42,-2,2
33727,88,76,12,12
33728,168,144,24,24
33729,37,35,2,2
33730,80,64,16,16
33731,92,76,16,16
33732,157,129,28,28
33733,121,113,8,8
33734,119,116,3,3
33735,131,100,31,31
33736,112,92,20,20
33737,71,77,-6,6
33738,73,68,5,5
33739,99,85,14,14
33740,81,65,16,16
33741,70,64,6,6
33742,91,82,9,9
33743,63,56,7,7
33744,65,59,6,6
33745,92,92,0,0
33746,83,71,12,12
33747,62,61,1,1
33748,137,125,12,12
33749,194,164,30,30
33750,104,88,16,16
33751,136,124,12,12
33752,149,138,11,11
33753,109,100,9,9
33754,70,62,8,8
33755,121,106,15,15
33756,73,68,5,5
33757,97,83,14,14
33758,105,91,14,14
33759,131,119,12,12
33760,118,105,13,13
33761,97,86,11,11
33762,49,46,3,3
33763,110,100,10,10
33764,87,85,2,2
33765,107,94,13,13
33766,72,63,9,9
33767,173,156,17,17
33768,117,109,8,8
33769,91,88,3,3
33770,93,71,22,22
33771,34,28,6,6
33772,75,63,12,12
33773,110,104,6,6
33774,76,78,-2,2
33775,122,149,-27,27
33776,94,86,8,8
33777,60,58,2,2
33778,96,86,10,10
33779,92,88,4,4
33780,155,133,22,22
33781,116,98,18,18
33782,113,104,9,9
33783,70,55,15,15
33784,127,121,6,6
33785,104,102,2,2
33786,103,95,8,8
33787,66,53,13,13
33788,58,54,4,4
33789,47,53,-6,6
33790,124,117,7,7
33791,47,37,10,10
33792,134,111,23,23
33793,126,106,20,20
33794,133,126,7,7
33795,101,96,5,5
33796,48,45,3,3
33797,69,59,10,10
33798,62,54,8,8
33799,112,93,19,19
33800,124,121,3,3
33801,68,61,7,7
33802,70,61,9,9
33803,98,91,7,7
33804,61,67,-6,6
33805,98,95,3,3
33806,128,105,23,23
33807,112,100,12,12
33808,62,60,2,2
33809,106,89,17,17
33810,90,74,16,16
33811,57,51,6,6
33812,127,117,10,10
33813,83,71,12,12
33814,123,112,11,11
33815,99,87,12,12
33816,114,107,7,7
33817,124,121,3,3
33818,63,58,5,5
33819,169,148,21,21
33820,86,79,7,7
33821,97,89,8,8
33822,95,80,15,15
33823,97,89,8,8
33824,120,101,19,19
33825,100,87,13,13
33826,127,125,2,2
33827,65,62,3,3
33828,74,69,5,5
33829,146,132,14,14
33830,93,86,7,7
33831,76,64,12,12
33832,127,112,15,15
33833,61,56,5,5
33834,81,79,2,2
33835,132,98,34,34
33836,69,55,14,14
33837,56,62,-6,6
33838,103,90,13,13
33839,110,107,3,3
33840,102,94,8,8
33841,74,63,11,11
33842,111,103,8,8
33843,74,67,7,7
33844,58,53,5,5
33845,96,98,-2,2
33846,67,63,4,4
33847,57,52,5,5
33848,104,89,15,15
33849,60,63,-3,3
33850,50,49,1,1
33851,120,109,11,11
33852,73,65,8,8
33853,45,42,3,3
33854,95,91,4,4
33855,125,120,5,5
33856,106,100,6,6
33857,80,66,14,14
33858,138,125,13,13
33859,105,98,7,7
33860,100,89,11,11
33861,89,79,10,10
33862,161,128,33,33
33863,115,111,4,4
33864,109,95,14,14
33865,120,104,16,16
33866,64,59,5,5
33867,85,81,4,4
33868,139,125,14,14
33869,56,55,1,1
33870,100,93,7,7
33871,61,53,8,8
33872,87,85,2,2
33873,78,64,14,14
33874,135,115,20,20
33875,149,137,12,12
33876,123,105,18,18
33877,114,87,27,27
33878,106,105,1,1
33879,121,98,23,23
33880,103,106,-3,3
33881,133,125,8,8
33882,83,74,9,9
33883,90,78,12,12
33884,43,37,6,6
33885,195,168,27,27
33886,82,70,12,12
33887,121,109,12,12
33888,77,70,7,7
33889,80,76,4,4
33890,56,53,3,3
33891,70,59,11,11
33892,57,52,5,5
33893,98,92,6,6
33894,85,79,6,6
33895,102,92,10,10
33896,114,93,21,21
33897,153,134,19,19
33898,61,54,7,7
33899,99,89,10,10
33900,77,67,10,10
33901,89,67,22,22
33902,79,69,10,10
33903,108,106,2,2
33904,102,79,23,23
33905,54,55,-1,1
33906,101,84,17,17
33907,131,116,15,15
33908,56,56,0,0
33909,110,95,15,15
33910,78,68,10,10
33911,153,129,24,24
33912,73,72,1,1
33913,105,93,12,12
33914,57,63,-6,6
33915,95,99,-4,4
33916,56,58,-2,2
33917,107,90,17,17
33918,62,75,-13,13
33919,157,138,19,19
33920,94,83,11,11
33921,84,64,20,20
33922,131,117,14,14
33923,75,69,6,6
33924,122,110,12,12
33925,114,115,-1,1
33926,61,53,8,8
33927,137,132,5,5
33928,72,66,6,6
33929,115,91,24,24
33930,49,75,-26,26
33931,98,84,14,14
33932,114,106,8,8
33933,79,73,6,6
33934,75,63,12,12
33935,111,85,26,26
33936,84,79,5,5
33937,61,55,6,6
33938,70,69,1,1
33939,103,95,8,8
33940,119,99,20,20
33941,62,60,2,2
33942,94,76,18,18
33943,161,138,23,23
33944,253,206,47,47
33945,112,108,4,4
33946,63,69,-6,6
33947,90,80,10,10
33948,124,111,13,13
33949,85,68,17,17
33950,167,152,15,15
33951,115,88,27,27
33952,113,93,20,20
33953,95,89,6,6
33954,93,84,9,9
33955,138,113,25,25
33956,74,70,4,4
33957,52,50,2,2
33958,104,93,11,11
33959,143,127,16,16
33960,74,74,0,0
33961,69,62,7,7
33962,133,115,18,18
33963,82,73,9,9
33964,98,82,16,16
33965,77,68,9,9
33966,142,129,13,13
33967,84,82,2,2
33968,95,92,3,3
33969,83,73,10,10
33970,114,94,20,20
33971,53,72,-19,19
33972,91,80,11,11
33973,122,117,5,5
33974,89,102,-13,13
33975,81,78,3,3
33976,110,104,6,6
33977,96,84,12,12
33978,119,104,15,15
33979,80,78,2,2
33980,108,90,18,18
33981,71,60,11,11
33982,80,70,10,10
33983,157,149,8,8
33984,85,65,20,20
33985,47,51,-4,4
33986,68,57,11,11
33987,86,67,19,19
33988,71,64,7,7
33989,64,56,8,8
33990,65,61,4,4
33991,155,150,5,5
33992,108,107,1,1
33993,188,158,30,30
33994,109,98,11,11
33995,64,61,3,3
33996,120,130,-10,10
33997,72,68,4,4
33998,55,53,2,2
33999,69,58,11,11
34000,186,160,26,26
34001,96,103,-7,7
34002,77,73,4,4
34003,83,75,8,8
34004,79,67,12,12
34005,55,60,-5,5
34006,155,138,17,17
34007,91,84,7,7
34008,48,50,-2,2
34009,122,112,10,10
34010,75,81,-6,6
34011,109,105,4,4
34012,110,100,10,10
34013,79,72,7,7
34014,69,63,6,6
34015,78,77,1,1
34016,129,122,7,7
34017,131,118,13,13
34018,45,40,5,5
34019,96,84,12,12
34020,105,113,-8,8
34021,128,119,9,9
34022,139,129,10,10
34023,116,96,20,20
34024,81,76,5,5
34025,77,74,3,3
34026,100,89,11,11
34027,68,61,7,7
34028,70,68,2,2
34029,222,211,11,11
34030,22,30,-8,8
34031,121,106,15,15
34032,67,64,3,3
34033,87,70,17,17
34034,58,54,4,4
34035,69,73,-4,4
34036,71,72,-1,1
34037,54,62,-8,8
34038,60,51,9,9
34039,87,78,9,9
34040,101,88,13,13
34041,61,55,6,6
34042,141,119,22,22
34043,121,118,3,3
34044,102,85,17,17
34045,78,73,5,5
34046,96,101,-5,5
34047,56,48,8,8
34048,101,78,23,23
34049,64,61,3,3
34050,55,57,-2,2
34051,89,70,19,19
34052,84,66,18,18
34053,90,79,11,11
34054,166,141,25,25
34055,85,104,-19,19
34056,94,86,8,8
34057,130,129,1,1
34058,146,139,7,7
34059,77,85,-8,8
34060,97,84,13,13
34061,102,89,13,13
34062,150,142,8,8
34063,104,93,11,11
34064,90,81,9,9
34065,70,61,9,9
34066,45,40,5,5
34067,76,64,12,12
34068,90,97,-7,7
34069,63,52,11,11
34070,123,107,16,16
34071,91,72,19,19
34072,102,82,20,20
34073,120,104,16,16
34074,48,63,-15,15
34075,42,43,-1,1
34076,85,80,5,5
34077,67,57,10,10
34078,73,55,18,18
34079,67,61,6,6
34080,87,79,8,8
34081,172,145,27,27
34082,128,126,2,2
34083,116,110,6,6
34084,102,85,17,17
34085,134,125,9,9
34086,94,93,1,1
34087,55,51,4,4
34088,175,167,8,8
34089,71,64,7,7
34090,53,55,-2,2
34091,92,90,2,2
34092,111,97,14,14
34093,120,112,8,8
34094,107,109,-2,2
34095,48,38,10,10
34096,85,73,12,12
34097,122,136,-14,14
34098,90,88,2,2
34099,70,59,11,11
34100,63,58,5,5
34101,110,95,15,15
34102,56,55,1,1
34103,96,95,1,1
34104,79,74,5,5
34105,56,51,5,5
34106,115,95,20,20
34107,60,61,-1,1
34108,59,55,4,4
34109,74,66,8,8
34110,110,107,3,3
34111,99,102,-3,3
34112,106,97,9,9
34113,62,48,14,14
34114,93,87,6,6
34115,59,53,6,6
34116,88,73,15,15
34117,75,78,-3,3
34118,78,64,14,14
34119,67,65,2,2
34120,118,101,17,17
34121,66,54,12,12
34122,69,62,7,7
34123,110,93,17,17
34124,102,94,8,8
34125,127,116,11,11
34126,99,93,6,6
34127,127,119,8,8
34128,97,78,19,19
34129,52,46,6,6
34130,56,55,1,1
34131,64,55,9,9
34132,111,96,15,15
34133,114,105,9,9
34134,162,135,27,27
34135,56,61,-5,5
34136,35,33,2,2
34137,83,79,4,4
34138,151,139,12,12
34139,77,70,7,7
34140,65,64,1,1
34141,67,62,5,5
34142,81,70,11,11
34143,56,51,5,5
34144,67,61,6,6
34145,59,51,8,8
34146,142,115,27,27
34147,79,75,4,4
34148,104,96,8,8
34149,68,65,3,3
34150,67,66,1,1
34151,56,52,4,4
34152,66,60,6,6
34153,31,30,1,1
34154,121,104,17,17
34155,115,104,11,11
34156,68,62,6,6
34157,103,98,5,5
34158,71,65,6,6
34159,115,111,4,4
34160,122,103,19,19
34161,99,84,15,15
34162,112,102,10,10
34163,215,205,10,10
34164,68,67,1,1
34165,84,75,9,9
34166,82,78,4,4
34167,82,75,7,7
34168,95,83,12,12
34169,80,73,7,7
34170,121,105,16,16
34171,103,88,15,15
34172,74,73,1,1
34173,59,54,5,5
34174,106,90,16,16
34175,62,50,12,12
34176,49,46,3,3
34177,62,58,4,4
34178,151,137,14,14
34179,178,144,34,34
34180,96,86,10,10
34181,91,84,7,7
34182,74,68,6,6
34183,78,79,-1,1
34184,95,106,-11,11
34185,109,99,10,10
34186,59,57,2,2
34187,64,54,10,10
34188,122,98,24,24
34189,106,99,7,7
34190,137,121,16,16
34191,79,70,9,9
34192,45,47,-2,2
34193,96,81,15,15
34194,53,47,6,6
34195,121,104,17,17
34196,138,129,9,9
34197,107,92,15,15
34198,90,79,11,11
34199,83,78,5,5
34200,65,58,7,7
34201,68,66,2,2
34202,50,45,5,5
34203,44,63,-19,19
34204,78,74,4,4
34205,74,68,6,6
34206,67,62,5,5
34207,116,98,18,18
34208,50,43,7,7
34209,100,85,15,15
34210,52,48,4,4
34211,70,60,10,10
34212,92,87,5,5
34213,130,111,19,19
34214,139,132,7,7
34215,96,80,16,16
34216,98,85,13,13
34217,49,46,3,3
34218,90,72,18,18
34219,103,105,-2,2
34220,39,43,-4,4
34221,172,139,33,33
34222,104,87,17,17
34223,63,57,6,6
34224,78,69,9,9
34225,65,61,4,4
34226,58,52,6,6
34227,140,131,9,9
34228,95,95,0,0
34229,77,65,12,12
34230,122,105,17,17
34231,63,48,15,15
34232,26,30,-4,4
34233,78,72,6,6
34234,60,58,2,2
34235,80,74,6,6
34236,96,89,7,7
34237,62,58,4,4
34238,77,75,2,2
34239,101,88,13,13
34240,103,96,7,7
34241,87,87,0,0
34242,132,122,10,10
34243,223,184,39,39
34244,117,100,17,17
34245,151,137,14,14
34246,87,89,-2,2
34247,103,93,10,10
34248,59,60,-1,1
34249,150,118,32,32
34250,100,84,16,16
34251,92,75,17,17
34252,65,69,-4,4
34253,72,63,9,9
34254,48,41,7,7
34255,114,99,15,15
34256,63,53,10,10
34257,139,125,14,14
34258,86,78,8,8
34259,96,79,17,17
34260,80,70,10,10
34261,126,107,19,19
34262,112,99,13,13
34263,99,102,-3,3
34264,83,68,15,15
34265,62,54,8,8
34266,53,61,-8,8
34267,40,40,0,0
34268,103,93,10,10
34269,87,82,5,5
34270,66,63,3,3
34271,116,97,19,19
34272,107,89,18,18
34273,121,110,11,11
34274,114,93,21,21
34275,111,101,10,10
34276,105,97,8,8
34277,103,96,7,7
34278,106,86,20,20
34279,126,112,14,14
34280,104,90,14,14
34281,77,65,12,12
34282,114,107,7,7
34283,77,70,7,7
34284,83,77,6,6
34285,78,75,3,3
34286,81,77,4,4
34287,64,57,7,7
34288,134,120,14,14
34289,78,72,6,6
34290,137,121,16,16
34291,80,72,8,8
34292,145,122,23,23
34293,103,98,5,5
34294,101,88,13,13
34295,87,71,16,16
34296,83,76,7,7
34297,98,81,17,17
34298,133,121,12,12
34299,114,114,0,0
34300,119,97,22,22
34301,94,86,8,8
34302,85,82,3,3
34303,162,151,11,11
34304,85,66,19,19
34305,62,54,8,8
34306,83,74,9,9
34307,99,85,14,14
34308,79,79,0,0
34309,95,87,8,8
34310,140,129,11,11
34311,165,145,20,20
34312,104,92,12,12
34313,110,114,-4,4
34314,138,166,-28,28
34315,117,120,-3,3
34316,120,105,15,15
34317,67,71,-4,4
34318,82,71,11,11
34319,110,94,16,16
34320,110,94,16,16
34321,63,64,-1,1
34322,54,50,4,4
34323,128,120,8,8
34324,90,75,15,15
34325,99,94,5,5
34326,121,133,-12,12
34327,47,51,-4,4
34328,88,76,12,12
34329,96,80,16,16
34330,83,94,-11,11
34331,91,73,18,18
34332,100,94,6,6
34333,68,68,0,0
34334,44,43,1,1
34335,94,84,10,10
34336,48,49,-1,1
34337,63,56,7,7
34338,114,103,11,11
34339,88,75,13,13
34340,105,90,15,15
34341,67,62,5,5
34342,61,48,13,13
34343,120,107,13,13
34344,111,90,21,21
34345,102,85,17,17
34346,111,97,14,14
34347,48,42,6,6
34348,102,98,4,4
34349,101,92,9,9
34350,88,85,3,3
34351,58,58,0,0
34352,64,57,7,7
34353,65,63,2,2
34354,156,138,18,18
34355,84,76,8,8
34356,169,136,33,33
34357,130,106,24,24
34358,51,56,-5,5
34359,60,56,4,4
34360,109,88,21,21
34361,107,99,8,8
34362,133,135,-2,2
34363,73,63,10,10
34364,117,108,9,9
34365,105,95,10,10
34366,118,127,-9,9
34367,107,98,9,9
34368,89,79,10,10
34369,130,115,15,15
34370,107,105,2,2
34371,86,81,5,5
34372,87,84,3,3
34373,166,144,22,22
34374,91,85,6,6
34375,83,67,16,16
34376,90,86,4,4
34377,60,64,-4,4
34378,73,68,5,5
34379,133,112,21,21
34380,131,119,12,12
34381,128,144,-16,16
34382,93,80,13,13
34383,48,46,2,2
34384,126,99,27,27
34385,62,68,-6,6
34386,50,54,-4,4
34387,70,63,7,7
34388,111,102,9,9
34389,89,76,13,13
34390,94,90,4,4
34391,38,38,0,0
34392,76,79,-3,3
34393,92,84,8,8
34394,66,60,6,6
34395,84,77,7,7
34396,72,66,6,6
34397,79,70,9,9
34398,78,72,6,6
34399,61,56,5,5
34400,68,61,7,7
34401,114,97,17,17
34402,84,80,4,4
34403,51,57,-6,6
34404,96,82,14,14
34405,74,65,9,9
34406,64,67,-3,3
34407,79,68,11,11
34408,89,76,13,13
34409,150,140,10,10
34410,137,109,28,28
34411,62,59,3,3
34412,120,101,19,19
34413,75,58,17,17
34414,63,60,3,3
34415,144,139,5,5
34416,83,71,12,12
34417,71,93,-22,22
34418,125,116,9,9
34419,71,66,5,5
34420,90,85,5,5
34421,57,48,9,9
34422,68,67,1,1
34423,117,99,18,18
34424,142,129,13,13
34425,95,80,15,15
34426,91,90,1,1
34427,86,83,3,3
34428,119,117,2,2
34429,71,66,5,5
34430,97,81,16,16
34431,92,88,4,4
34432,86,75,11,11
34433,48,51,-3,3
34434,50,39,11,11
34435,105,132,-27,27
34436,105,99,6,6
34437,127,104,23,23
34438,108,100,8,8
34439,71,62,9,9
34440,73,68,5,5
34441,68,71,-3,3
34442,147,124,23,23
34443,142,132,10,10
34444,39,41,-2,2
34445,91,71,20,20
34446,79,78,1,1
34447,84,72,12,12
34448,123,119,4,4
34449,63,54,9,9
34450,196,172,24,24
34451,161,149,12,12
34452,152,119,33,33
34453,144,122,22,22
34454,96,91,5,5
34455,125,113,12,12
34456,82,72,10,10
34457,128,106,22,22
34458,160,152,8,8
34459,43,43,0,0
34460,68,64,4,4
34461,108,79,29,29
34462,74,66,8,8
34463,52,47,5,5
34464,107,110,-3,3
34465,64,62,2,2
34466,89,78,11,11
34467,85,67,18,18
34468,73,74,-1,1
34469,177,170,7,7
34470,111,100,11,11
34471,67,69,-2,2
34472,76,66,10,10
34473,152,125,27,27
34474,90,85,5,5
34475,79,70,9,9
34476,99,93,6,6
34477,78,66,12,12
34478,131,118,13,13
34479,100,85,15,15
34480,74,75,-1,1
34481,99,91,8,8
34482,135,122,13,13
34483,104,100,4,4
34484,67,56,11,11
34485,102,81,21,21
34486,48,49,-1,1
34487,243,224,19,19
34488,97,86,11,11
34489,112,100,12,12
34490,118,114,4,4
34491,77,74,3,3
34492,73,58,15,15
34493,99,92,7,7
34494,60,72,-12,12
34495,155,140,15,15
34496,125,114,11,11
34497,202,162,40,40
34498,82,82,0,0
34499,100,82,18,18
34500,78,71,7,7
34501,59,60,-1,1
34502,48,52,-4,4
34503,121,114,7,7
34504,128,114,14,14
34505,96,93,3,3
34506,133,112,21,21
34507,107,94,13,13
34508,106,89,17,17
34509,111,116,-5,5
34510,48,59,-11,11
34511,79,78,1,1
34512,121,101,20,20
34513,147,132,15,15
34514,113,102,11,11
34515,58,52,6,6
34516,93,74,19,19
34517,109,101,8,8
34518,85,83,2,2
34519,69,68,1,1
34520,70,63,7,7
34521,81,82,-1,1
34522,47,40,7,7
34523,121,104,17,17
34524,151,124,27,27
34525,80,75,5,5
34526,60,52,8,8
34527,133,116,17,17
34528,65,64,1,1
34529,162,138,24,24
34530,73,59,14,14
34531,108,93,15,15
34532,87,74,13,13
34533,101,98,3,3
34534,90,84,6,6
34535,130,136,-6,6
34536,133,116,17,17
34537,139,128,11,11
34538,95,90,5,5
34539,96,90,6,6
34540,66,64,2,2
34541,69,67,2,2
34542,69,64,5,5
34543,86,74,12,12
34544,95,88,7,7
34545,91,80,11,11
34546,189,154,35,35
34547,109,98,11,11
34548,63,57,6,6
34549,156,145,11,11
34550,64,56,8,8
34551,117,104,13,13
34552,55,48,7,7
34553,115,111,4,4
34554,103,86,17,17
34555,155,135,20,20
34556,78,72,6,6
34557,159,150,9,9
34558,73,59,14,14
34559,188,167,21,21
34560,150,138,12,12
34561,103,88,15,15
34562,80,76,4,4
34563,92,87,5,5
34564,121,114,7,7
34565,113,105,8,8
34566,106,96,10,10
34567,72,60,12,12
34568,120,110,10,10
34569,49,48,1,1
34570,124,119,5,5
34571,82,76,6,6
34572,145,152,-7,7
34573,61,52,9,9
34574,108,95,13,13
34575,53,49,4,4
34576,117,101,16,16
34577,88,82,6,6
34578,122,88,34,34
34579,56,49,7,7
34580,161,138,23,23
34581,115,100,15,15
34582,100,91,9,9
34583,149,141,8,8
34584,126,110,16,16
34585,74,74,0,0
34586,124,109,15,15
34587,101,92,9,9
34588,83,86,-3,3
34589,105,90,15,15
34590,143,128,15,15
34591,153,135,18,18
34592,54,49,5,5
34593,52,54,-2,2
34594,87,77,10,10
34595,63,57,6,6
34596,84,82,2,2
34597,96,86,10,10
34598,59,56,3,3
34599,141,121,20,20
34600,121,104,17,17
34601,21,21,0,0
34602,93,80,13,13
34603,126,119,7,7
34604,91,83,8,8
34605,126,114,12,12
34606,79,71,8,8
34607,133,125,8,8
34608,72,67,5,5
34609,117,92,25,25
34610,51,54,-3,3
34611,92,82,10,10
34612,78,73,5,5
34613,70,67,3,3
34614,77,71,6,6
34615,94,79,15,15
34616,75,69,6,6
34617,93,89,4,4
34618,75,60,15,15
34619,149,134,15,15
34620,99,92,7,7
34621,94,96,-2,2
34622,98,83,15,15
34623,68,62,6,6
34624,101,131,-30,30
34625,115,99,16,16
34626,87,76,11,11
34627,100,103,-3,3
34628,80,80,0,0
34629,133,116,17,17
34630,54,51,3,3
34631,164,148,16,16
34632,98,87,11,11
34633,75,71,4,4
34634,77,64,13,13
34635,126,114,12,12
34636,124,110,14,14
34637,89,82,7,7
34638,77,74,3,3
34639,162,136,26,26
34640,129,105,24,24
34641,126,116,10,10
34642,90,76,14,14
34643,145,132,13,13
34644,59,62,-3,3
34645,79,67,12,12
34646,100,83,17,17
34647,136,124,12,12
34648,53,55,-2,2
34649,109,95,14,14
34650,79,72,7,7
34651,111,100,11,11
34652,172,130,42,42
34653,142,130,12,12
34654,81,72,9,9
34655,100,90,10,10
34656,71,65,6,6
34657,37,36,1,1
34658,91,80,11,11
34659,85,77,8,8
34660,96,88,8,8
34661,96,86,10,10
34662,72,61,11,11
34663,58,53,5,5
34664,128,123,5,5
34665,90,74,16,16
34666,79,72,7,7
34667,57,46,11,11
34668,164,130,34,34
34669,147,107,40,40
34670,42,46,-4,4
34671,92,94,-2,2
34672,73,69,4,4
34673,80,73,7,7
34674,82,71,11,11
34675,82,78,4,4
34676,124,112,12,12
34677,87,88,-1,1
34678,93,86,7,7
34679,151,127,24,24
34680,88,78,10,10
34681,99,84,15,15
34682,104,94,10,10
34683,80,76,4,4
34684,91,74,17,17
34685,116,122,-6,6
34686,136,115,21,21
34687,76,101,-25,25
34688,125,122,3,3
34689,99,79,20,20
34690,112,115,-3,3
34691,103,106,-3,3
34692,152,136,16,16
34693,122,108,14,14
34694,74,68,6,6
34695,106,99,7,7
34696,76,65,11,11
34697,59,57,2,2
34698,100,112,-12,12
34699,58,55,3,3
34700,69,65,4,4
34701,120,119,1,1
34702,74,65,9,9
34703,55,53,2,2
34704,89,79,10,10
34705,79,67,12,12
34706,137,128,9,9
34707,81,75,6,6
34708,64,69,-5,5
34709,170,154,16,16
34710,69,63,6,6
34711,72,60,12,12
34712,73,57,16,16
34713,66,65,1,1
34714,114,100,14,14
34715,96,96,0,0
34716,67,62,5,5
34717,83,75,8,8
34718,72,63,9,9
34719,150,139,11,11
34720,56,46,10,10
34721,66,62,4,4
34722,53,55,-2,2
34723,169,142,27,27
34724,66,61,5,5
34725,105,102,3,3
34726,101,91,10,10
34727,78,75,3,3
34728,130,119,11,11
34729,140,123,17,17
34730,91,97,-6,6
34731,89,70,19,19
34732,73,64,9,9
34733,111,103,8,8
34734,111,106,5,5
34735,154,131,23,23
34736,56,50,6,6
34737,136,117,19,19
34738,101,85,16,16
34739,120,113,7,7
34740,62,50,12,12
34741,105,94,11,11
34742,76,71,5,5
34743,161,150,11,11
34744,88,83,5,5
34745,51,50,1,1
34746,108,101,7,7
34747,101,90,11,11
34748,74,67,7,7
34749,189,155,34,34
34750,46,43,3,3
34751,58,57,1,1
34752,100,78,22,22
34753,171,138,33,33
34754,45,41,4,4
34755,87,63,24,24
34756,57,53,4,4
34757,137,113,24,24
34758,72,65,7,7
34759,115,102,13,13
34760,98,87,11,11
34761,58,57,1,1
34762,87,101,-14,14
34763,79,69,10,10
34764,79,69,10,10
34765,67,57,10,10
34766,32,35,-3,3
34767,76,70,6,6
34768,80,64,16,16
34769,106,84,22,22
34770,54,55,-1,1
34771,75,72,3,3
34772,149,135,14,14
34773,110,91,19,19
34774,106,99,7,7
34775,130,121,9,9
34776,49,47,2,2
34777,119,113,6,6
34778,75,71,4,4
34779,89,82,7,7
34780,63,54,9,9
34781,64,52,12,12
34782,116,104,12,12
34783,79,63,16,16
34784,92,85,7,7
34785,70,68,2,2
34786,120,106,14,14
34787,165,146,19,19
34788,187,169,18,18
34789,82,71,11,11
34790,53,66,-13,13
34791,88,77,11,11
34792,75,65,10,10
34793,66,56,10,10
34794,80,73,7,7
34795,113,95,18,18
34796,48,39,9,9
34797,52,42,10,10
34798,169,148,21,21
34799,100,99,1,1
34800,71,71,0,0
34801,103,106,-3,3
34802,127,114,13,13
34803,132,121,11,11
34804,136,125,11,11
34805,67,57,10,10
34806,127,118,9,9
34807,142,133,9,9
34808,114,106,8,8
34809,71,70,1,1
34810,77,69,8,8
34811,86,89,-3,3
34812,166,136,30,30
34813,116,101,15,15
34814,42,41,1,1
34815,91,77,14,14
34816,81,71,10,10
34817,109,94,15,15
34818,164,151,13,13
34819,119,110,9,9
34820,79,67,12,12
34821,122,108,14,14
34822,67,59,8,8
34823,96,83,13,13
34824,81,70,11,11
34825,110,74,36,36
34826,142,126,16,16
34827,30,34,-4,4
34828,102,101,1,1
34829,128,106,22,22
34830,127,123,4,4
34831,55,81,-26,26
34832,125,142,-17,17
34833,85,82,3,3
34834,82,74,8,8
34835,99,98,1,1
34836,142,131,11,11
34837,99,101,-2,2
34838,96,95,1,1
34839,87,94,-7,7
34840,76,66,10,10
34841,95,93,2,2
34842,61,59,2,2
34843,58,59,-1,1
34844,88,80,8,8
34845,87,88,-1,1
34846,89,77,12,12
34847,100,86,14,14
34848,87,81,6,6
34849,86,77,9,9
34850,43,49,-6,6
34851,33,29,4,4
34852,97,86,11,11
34853,130,115,15,15
34854,149,127,22,22
34855,139,114,25,25
34856,71,68,3,3
34857,53,57,-4,4
34858,69,59,10,10
34859,114,93,21,21
34860,60,65,-5,5
34861,53,55,-2,2
34862,80,72,8,8
34863,75,59,16,16
34864,101,109,-8,8
34865,147,133,14,14
34866,100,82,18,18
34867,112,112,0,0
34868,61,55,6,6
34869,68,62,6,6
34870,41,53,-12,12
34871,72,68,4,4
34872,69,70,-1,1
34873,135,112,23,23
34874,112,102,10,10
34875,63,51,12,12
34876,83,73,10,10
34877,74,73,1,1
34878,85,88,-3,3
34879,91,77,14,14
34880,150,135,15,15
34881,96,84,12,12
34882,61,77,-16,16
34883,51,58,-7,7
34884,61,56,5,5
34885,143,149,-6,6
34886,64,61,3,3
34887,59,51,8,8
34888,67,76,-9,9
34889,65,68,-3,3
34890,142,121,21,21
34891,66,63,3,3
34892,73,73,0,0
34893,107,99,8,8
34894,112,88,24,24
34895,104,96,8,8
34896,46,44,2,2
34897,83,65,18,18
34898,89,77,12,12
34899,73,57,16,16
34900,59,53,6,6
34901,59,54,5,5
34902,112,99,13,13
34903,75,72,3,3
34904,68,67,1,1
34905,80,81,-1,1
34906,70,71,-1,1
34907,77,73,4,4
34908,49,45,4,4
34909,91,79,12,12
34910,65,59,6,6
34911,77,67,10,10
34912,130,109,21,21
34913,77,68,9,9
34914,175,165,10,10
34915,103,103,0,0
34916,79,69,10,10
34917,74,63,11,11
34918,98,98,0,0
34919,111,100,11,11
34920,105,108,-3,3
34921,106,99,7,7
34922,43,41,2,2
34923,91,90,1,1
34924,88,79,9,9
34925,121,106,15,15
34926,111,94,17,17
34927,65,61,4,4
34928,63,55,8,8
34929,91,89,2,2
34930,70,67,3,3
34931,117,99,18,18
34932,56,57,-1,1
34933,153,142,11,11
34934,135,123,12,12
34935,66,59,7,7
34936,97,91,6,6
34937,94,93,1,1
34938,79,74,5,5
34939,89,74,15,15
34940,117,101,16,16
34941,50,47,3,3
34942,172,163,9,9
34943,71,71,0,0
34944,94,81,13,13
34945,146,138,8,8
34946,57,51,6,6
34947,91,86,5,5
34948,44,43,1,1
34949,124,114,10,10
34950,117,96,21,21
34951,93,79,14,14
34952,100,94,6,6
34953,167,145,22,22
34954,97,88,9,9
34955,117,103,14,14
34956,142,127,15,15
34957,62,56,6,6
34958,99,93,6,6
34959,83,77,6,6
34960,61,61,0,0
34961,80,78,2,2
34962,85,72,13,13
34963,102,96,6,6
34964,127,124,3,3
34965,123,116,7,7
34966,117,103,14,14
34967,102,103,-1,1
34968,100,87,13,13
34969,105,93,12,12
34970,116,94,22,22
34971,104,104,0,0
34972,70,64,6,6
34973,71,70,1,1
34974,59,61,-2,2
34975,86,76,10,10
34976,121,93,28,28
34977,104,89,15,15
34978,93,81,12,12
34979,78,71,7,7
34980,124,107,17,17
34981,83,80,3,3
34982,126,114,12,12
34983,91,81,10,10
34984,89,94,-5,5
34985,79,67,12,12
34986,110,104,6,6
34987,80,73,7,7
34988,116,107,9,9
34989,133,112,21,21
34990,91,86,5,5
34991,94,80,14,14
34992,160,137,23,23
34993,107,107,0,0
34994,61,60,1,1
34995,74,58,16,16
34996,80,73,7,7
34997,50,48,2,2
34998,98,90,8,8
34999,47,43,4,4
35000,63,76,-13,13
35001,92,87,5,5
35002,97,84,13,13
35003,101,96,5,5
35004,48,51,-3,3
35005,114,106,8,8
35006,106,97,9,9
35007,98,86,12,12
35008,133,122,11,11
35009,98,78,20,20
35010,41,39,2,2
35011,85,78,7,7
35012,102,96,6,6
35013,97,81,16,16
35014,49,45,4,4
35015,50,49,1,1
35016,86,83,3,3
35017,96,97,-1,1
35018,110,94,16,16
35019,95,88,7,7
35020,89,73,16,16
35021,92,81,11,11
35022,109,95,14,14
35023,75,70,5,5
35024,61,50,11,11
35025,82,85,-3,3
35026,88,83,5,5
35027,139,126,13,13
35028,67,72,-5,5
35029,106,98,8,8
35030,108,100,8,8
35031,80,80,0,0
35032,78,79,-1,1
35033,87,81,6,6
35034,57,54,3,3
35035,63,57,6,6
35036,105,80,25,25
35037,129,102,27,27
35038,65,58,7,7
35039,93,84,9,9
35040,50,43,7,7
35041,30,34,-4,4
35042,81,70,11,11
35043,55,59,-4,4
35044,76,68,8,8
35045,135,112,23,23
35046,55,53,2,2
35047,140,132,8,8
35048,92,78,14,14
35049,124,117,7,7
35050,100,92,8,8
35051,40,37,3,3
35052,50,41,9,9
35053,85,81,4,4
35054,87,87,0,0
35055,136,119,17,17
35056,65,66,-1,1
35057,97,78,19,19
35058,80,68,12,12
35059,99,88,11,11
35060,69,65,4,4
35061,97,94,3,3
35062,65,58,7,7
35063,67,61,6,6
35064,108,96,12,12
35065,105,100,5,5
35066,98,80,18,18
35067,73,65,8,8
35068,87,79,8,8
35069,80,64,16,16
35070,115,109,6,6
35071,129,106,23,23
35072,62,59,3,3
35073,141,122,19,19
35074,165,147,18,18
35075,167,152,15,15
35076,128,104,24,24
35077,163,137,26,26
35078,49,58,-9,9
35079,73,73,0,0
35080,117,149,-32,32
35081,182,154,28,28
35082,91,75,16,16
35083,73,70,3,3
35084,130,122,8,8
35085,92,84,8,8
35086,164,133,31,31
35087,100,104,-4,4
35088,106,101,5,5
35089,155,148,7,7
35090,84,76,8,8
35091,115,111,4,4
35092,74,69,5,5
35093,62,53,9,9
35094,76,70,6,6
35095,82,81,1,1
35096,116,100,16,16
35097,84,75,9,9
35098,61,63,-2,2
35099,155,131,24,24
35100,87,135,-48,48
35101,118,112,6,6
35102,126,120,6,6
35103,123,118,5,5
35104,72,71,1,1
35105,106,98,8,8
35106,119,104,15,15
35107,79,72,7,7
35108,70,78,-8,8
35109,129,107,22,22
35110,93,75,18,18
35111,98,80,18,18
35112,164,157,7,7
35113,110,105,5,5
35114,108,101,7,7
35115,79,70,9,9
35116,140,131,9,9
35117,81,82,-1,1
35118,84,76,8,8
35119,64,54,10,10
35120,101,92,9,9
35121,65,62,3,3
35122,71,75,-4,4
35123,66,65,1,1
35124,81,76,5,5
35125,82,85,-3,3
35126,101,96,5,5
35127,95,90,5,5
35128,95,90,5,5
35129,177,158,19,19
35130,148,146,2,2
35131,83,81,2,2
35132,79,69,10,10
35133,87,74,13,13
35134,120,109,11,11
35135,140,150,-10,10
35136,117,108,9,9
35137,88,81,7,7
35138,79,64,15,15
35139,89,85,4,4
35140,83,71,12,12
35141,79,86,-7,7
35142,118,105,13,13
35143,79,76,3,3
35144,95,80,15,15
35145,62,58,4,4
35146,67,66,1,1
35147,63,61,2,2
35148,99,78,21,21
35149,164,150,14,14
35150,71,56,15,15
35151,49,42,7,7
35152,88,79,9,9
35153,93,77,16,16
35154,90,78,12,12
35155,96,77,19,19
35156,91,83,8,8
35157,41,37,4,4
35158,94,87,7,7
35159,58,50,8,8
35160,87,79,8,8
35161,100,86,14,14
35162,117,109,8,8
35163,106,93,13,13
35164,65,70,-5,5
35165,126,119,7,7
35166,92,87,5,5
35167,78,78,0,0
35168,98,88,10,10
35169,102,109,-7,7
35170,115,93,22,22
35171,93,81,12,12
35172,48,54,-6,6
35173,64,61,3,3
35174,168,163,5,5
35175,95,77,18,18
35176,125,113,12,12
35177,128,125,3,3
35178,137,107,30,30
35179,62,51,11,11
35180,76,70,6,6
35181,66,62,4,4
35182,50,50,0,0
35183,98,85,13,13
35184,101,99,2,2
35185,77,71,6,6
35186,97,89,8,8
35187,116,102,14,14
35188,118,102,16,16
35189,157,147,10,10
35190,48,47,1,1
35191,86,81,5,5
35192,79,86,-7,7
35193,93,81,12,12
35194,58,53,5,5
35195,65,59,6,6
35196,203,172,31,31
35197,59,54,5,5
35198,103,90,13,13
35199,35,32,3,3
35200,95,92,3,3
35201,89,83,6,6
35202,122,103,19,19
35203,97,87,10,10
35204,84,75,9,9
35205,146,117,29,29
35206,129,106,23,23
35207,76,77,-1,1
35208,79,73,6,6
35209,92,83,9,9
35210,82,63,19,19
35211,111,94,17,17
35212,88,76,12,12
35213,155,134,21,21
35214,75,62,13,13
35215,109,96,13,13
35216,64,54,10,10
35217,76,64,12,12
35218,114,107,7,7
35219,84,73,11,11
35220,90,80,10,10
35221,49,46,3,3
35222,103,98,5,5
35223,140,126,14,14
35224,64,58,6,6
35225,171,163,8,8
35226,89,78,11,11
35227,57,57,0,0
35228,99,65,34,34
35229,62,58,4,4
35230,191,166,25,25
35231,108,90,18,18
35232,116,105,11,11
35233,157,136,21,21
35234,98,102,-4,4
35235,167,160,7,7
35236,89,76,13,13
35237,65,64,1,1
35238,103,94,9,9
35239,107,96,11,11
35240,66,56,10,10
35241,137,127,10,10
35242,68,58,10,10
35243,64,56,8,8
35244,137,122,15,15
35245,101,91,10,10
35246,120,104,16,16
35247,99,93,6,6
35248,58,57,1,1
35249,93,88,5,5
35250,48,59,-11,11
35251,96,103,-7,7
35252,68,62,6,6
35253,95,91,4,4
35254,117,101,16,16
35255,61,62,-1,1
35256,122,114,8,8
35257,77,79,-2,2
35258,69,70,-1,1
35259,105,88,17,17
35260,126,115,11,11
35261,67,59,8,8
35262,122,110,12,12
35263,96,80,16,16
35264,188,158,30,30
35265,72,58,14,14
35266,122,106,16,16
35267,53,52,1,1
35268,49,55,-6,6
35269,131,110,21,21
35270,118,94,24,24
35271,68,57,11,11
35272,84,83,1,1
35273,80,77,3,3
35274,95,99,-4,4
35275,54,48,6,6
35276,80,79,1,1
35277,55,53,2,2
35278,50,42,8,8
35279,141,129,12,12
35280,118,104,14,14
35281,64,60,4,4
35282,132,113,19,19
35283,81,69,12,12
35284,49,41,8,8
35285,86,79,7,7
35286,107,97,10,10
35287,123,109,14,14
35288,109,92,17,17
35289,121,109,12,12
35290,89,87,2,2
35291,57,56,1,1
35292,123,110,13,13
35293,102,98,4,4
35294,143,121,22,22
35295,57,52,5,5
35296,84,73,11,11
35297,73,64,9,9
35298,124,115,9,9
35299,86,73,13,13
35300,128,113,15,15
35301,146,122,24,24
35302,92,82,10,10
35303,68,69,-1,1
35304,88,83,5,5
35305,147,137,10,10
35306,134,127,7,7
35307,91,83,8,8
35308,137,122,15,15
35309,130,120,10,10
35310,103,91,12,12
35311,78,83,-5,5
35312,85,72,13,13
35313,57,51,6,6
35314,159,134,25,25
35315,80,80,0,0
35316,113,114,-1,1
35317,152,130,22,22
35318,163,141,22,22
35319,137,108,29,29
35320,116,101,15,15
35321,144,124,20,20
35322,61,62,-1,1
35323,158,142,16,16
35324,120,136,-16,16
35325,64,63,1,1
35326,106,91,15,15
35327,60,62,-2,2
35328,87,85,2,2
35329,72,57,15,15
35330,92,85,7,7
35331,164,138,26,26
35332,121,120,1,1
35333,63,60,3,3
35334,108,99,9,9
35335,70,60,10,10
35336,66,67,-1,1
35337,81,120,-39,39
35338,84,77,7,7
35339,69,62,7,7
35340,161,149,12,12
35341,73,66,7,7
35342,62,55,7,7
35343,66,64,2,2
35344,80,77,3,3
35345,110,114,-4,4
35346,145,134,11,11
35347,32,47,-15,15
35348,62,63,-1,1
35349,191,173,18,18
35350,84,76,8,8
35351,96,83,13,13
35352,87,72,15,15
35353,54,52,2,2
35354,85,76,9,9
35355,118,102,16,16
35356,52,48,4,4
35357,102,77,25,25
35358,66,62,4,4
35359,151,144,7,7
35360,129,130,-1,1
35361,61,52,9,9
35362,102,99,3,3
35363,88,84,4,4
35364,61,66,-5,5
35365,77,82,-5,5
35366,79,74,5,5
35367,110,95,15,15
35368,96,85,11,11
35369,74,63,11,11
35370,120,109,11,11
35371,134,116,18,18
35372,66,58,8,8
35373,61,55,6,6
35374,130,110,20,20
35375,60,59,1,1
35376,66,62,4,4
35377,115,104,11,11
35378,99,88,11,11
35379,55,50,5,5
35380,104,87,17,17
35381,104,94,10,10
35382,97,94,3,3
35383,48,43,5,5
35384,51,52,-1,1
35385,51,39,12,12
35386,80,74,6,6
35387,57,51,6,6
35388,77,55,22,22
35389,128,113,15,15
35390,141,133,8,8
35391,77,69,8,8
35392,132,115,17,17
35393,110,98,12,12
35394,43,32,11,11
35395,110,107,3,3
35396,85,67,18,18
35397,92,91,1,1
35398,49,45,4,4
35399,69,60,9,9
35400,64,58,6,6
35401,82,68,14,14
35402,59,62,-3,3
35403,69,61,8,8
35404,66,61,5,5
35405,92,80,12,12
35406,101,80,21,21
35407,62,62,0,0
35408,126,104,22,22
35409,119,111,8,8
35410,117,96,21,21
35411,162,142,20,20
35412,100,90,10,10
35413,107,108,-1,1
35414,49,53,-4,4
35415,75,71,4,4
35416,85,74,11,11
35417,87,67,20,20
35418,58,51,7,7
35419,86,99,-13,13
35420,54,50,4,4
35421,149,135,14,14
35422,99,82,17,17
35423,118,107,11,11
35424,88,82,6,6
35425,128,136,-8,8
35426,121,113,8,8
35427,62,59,3,3
35428,32,30,2,2
35429,152,132,20,20
35430,58,50,8,8
35431,77,75,2,2
35432,127,102,25,25
35433,109,97,12,12
35434,116,105,11,11
35435,83,74,9,9
35436,70,74,-4,4
35437,101,86,15,15
35438,70,62,8,8
35439,117,102,15,15
35440,93,89,4,4
35441,72,70,2,2
35442,131,125,6,6
35443,64,62,2,2
35444,160,142,18,18
35445,86,70,16,16
35446,84,79,5,5
35447,56,49,7,7
35448,94,80,14,14
35449,149,125,24,24
35450,128,107,21,21
35451,97,98,-1,1
35452,178,156,22,22
35453,102,89,13,13
35454,53,49,4,4
35455,124,105,19,19
35456,79,76,3,3
35457,136,141,-5,5
35458,71,70,1,1
35459,54,45,9,9
35460,97,83,14,14
35461,72,70,2,2
35462,169,137,32,32
35463,80,70,10,10
35464,53,56,-3,3
35465,64,53,11,11
35466,52,51,1,1
35467,38,43,-5,5
35468,78,68,10,10
35469,160,64,96,96
35470,113,98,15,15
35471,90,85,5,5
35472,63,54,9,9
35473,79,77,2,2
35474,56,55,1,1
35475,241,219,22,22
35476,68,62,6,6
35477,145,136,9,9
35478,69,60,9,9
35479,107,91,16,16
35480,79,75,4,4
35481,123,115,8,8
35482,97,80,17,17
35483,77,68,9,9
35484,66,130,-64,64
35485,83,75,8,8
35486,82,77,5,5
35487,78,73,5,5
35488,89,76,13,13
35489,76,59,17,17
35490,61,59,2,2
35491,116,103,13,13
35492,128,126,2,2
35493,130,122,8,8
35494,46,47,-1,1
35495,105,96,9,9
35496,150,117,33,33
35497,156,147,9,9
35498,69,63,6,6
35499,89,79,10,10
35500,77,65,12,12
35501,123,115,8,8
35502,97,85,12,12
35503,87,76,11,11
35504,80,73,7,7
35505,79,74,5,5
35506,58,58,0,0
35507,53,48,5,5
35508,105,103,2,2
35509,74,74,0,0
35510,101,96,5,5
35511,56,53,3,3
35512,115,100,15,15
35513,141,141,0,0
35514,116,101,15,15
35515,47,45,2,2
35516,43,44,-1,1
35517,80,78,2,2
35518,91,86,5,5
35519,75,80,-5,5
35520,114,96,18,18
35521,79,76,3,3
35522,106,89,17,17
35523,69,54,15,15
35524,87,68,19,19
35525,118,115,3,3
35526,84,78,6,6
35527,90,87,3,3
35528,97,83,14,14
35529,57,53,4,4
35530,132,124,8,8
35531,90,100,-10,10
35532,108,99,9,9
35533,132,111,21,21
35534,76,74,2,2
35535,38,32,6,6
35536,52,49,3,3
35537,68,58,10,10
35538,141,132,9,9
35539,90,85,5,5
35540,72,61,11,11
35541,74,64,10,10
35542,89,78,11,11
35543,72,64,8,8
35544,78,54,24,24
35545,67,58,9,9
35546,94,85,9,9
35547,65,59,6,6
35548,75,67,8,8
35549,76,76,0,0
35550,78,64,14,14
35551,70,65,5,5
35552,124,102,22,22
35553,123,109,14,14
35554,185,159,26,26
35555,126,102,24,24
35556,104,92,12,12
35557,79,72,7,7
35558,74,53,21,21
35559,82,74,8,8
35560,47,48,-1,1
35561,40,38,2,2
35562,102,93,9,9
35563,68,68,0,0
35564,95,92,3,3
35565,111,96,15,15
35566,74,67,7,7
35567,63,62,1,1
35568,118,107,11,11
35569,181,157,24,24
35570,63,61,2,2
35571,73,66,7,7
35572,76,74,2,2
35573,80,69,11,11
35574,99,92,7,7
35575,83,82,1,1
35576,48,43,5,5
35577,140,117,23,23
35578,101,99,2,2
35579,76,81,-5,5
35580,84,89,-5,5
35581,95,79,16,16
35582,60,57,3,3
35583,78,71,7,7
35584,125,115,10,10
35585,90,85,5,5
35586,99,89,10,10
35587,58,47,11,11
35588,128,119,9,9
35589,67,61,6,6
35590,96,99,-3,3
35591,96,82,14,14
35592,141,125,16,16
35593,77,74,3,3
35594,114,93,21,21
35595,86,78,8,8
35596,175,155,20,20
35597,129,117,12,12
35598,50,50,0,0
35599,70,59,11,11
35600,224,193,31,31
35601,146,128,18,18
35602,81,71,10,10
35603,97,82,15,15
35604,118,116,2,2
35605,77,60,17,17
35606,73,65,8,8
35607,85,76,9,9
35608,102,89,13,13
35609,130,115,15,15
35610,133,125,8,8
35611,129,111,18,18
35612,80,73,7,7
35613,93,86,7,7
35614,91,74,17,17
35615,41,83,-42,42
35616,82,81,1,1
35617,67,60,7,7
35618,85,75,10,10
35619,75,72,3,3
35620,118,110,8,8
35621,118,91,27,27
35622,79,73,6,6
35623,63,57,6,6
35624,170,160,10,10
35625,73,69,4,4
35626,114,84,30,30
35627,154,147,7,7
35628,54,61,-7,7
35629,115,100,15,15
35630,49,113,-64,64
35631,99,95,4,4
35632,80,70,10,10
35633,152,144,8,8
35634,71,65,6,6
35635,118,131,-13,13
35636,106,91,15,15
35637,106,103,3,3
35638,173,143,30,30
35639,89,87,2,2
35640,65,57,8,8
35641,93,80,13,13
35642,109,100,9,9
35643,126,120,6,6
35644,143,150,-7,7
35645,127,120,7,7
35646,114,95,19,19
35647,84,82,2,2
35648,68,69,-1,1
35649,60,58,2,2
35650,111,103,8,8
35651,127,126,1,1
35652,83,72,11,11
35653,98,88,10,10
35654,83,65,18,18
35655,77,71,6,6
35656,51,48,3,3
35657,88,87,1,1
35658,48,57,-9,9
35659,147,134,13,13
35660,66,74,-8,8
35661,100,84,16,16
35662,76,74,2,2
35663,59,52,7,7
35664,116,102,14,14
35665,61,58,3,3
35666,155,138,17,17
35667,99,94,5,5
35668,112,99,13,13
35669,70,54,16,16
35670,79,77,2,2
35671,96,92,4,4
35672,90,87,3,3
35673,104,89,15,15
35674,99,91,8,8
35675,81,78,3,3
35676,134,135,-1,1
35677,126,115,11,11
35678,160,114,46,46
35679,75,67,8,8
35680,104,98,6,6
35681,150,125,25,25
35682,120,110,10,10
35683,90,81,9,9
35684,120,102,18,18
35685,142,127,15,15
35686,75,64,11,11
35687,102,81,21,21
35688,162,139,23,23
35689,74,66,8,8
35690,75,67,8,8
35691,99,90,9,9
35692,130,117,13,13
35693,53,44,9,9
35694,127,119,8,8
35695,103,85,18,18
35696,94,82,12,12
35697,76,81,-5,5
35698,83,78,5,5
35699,195,167,28,28
35700,58,65,-7,7
35701,51,55,-4,4
35702,153,136,17,17
35703,190,165,25,25
35704,87,80,7,7
35705,96,89,7,7
35706,100,83,17,17
35707,74,67,7,7
35708,67,60,7,7
35709,124,114,10,10
35710,74,63,11,11
35711,111,90,21,21
35712,93,104,-11,11
35713,107,87,20,20
35714,70,53,17,17
35715,154,139,15,15
35716,125,104,21,21
35717,107,88,19,19
35718,69,78,-9,9
35719,101,97,4,4
35720,95,78,17,17
35721,96,81,15,15
35722,85,76,9,9
35723,70,89,-19,19
35724,68,57,11,11
35725,61,57,4,4
35726,155,144,11,11
35727,58,59,-1,1
35728,72,64,8,8
35729,47,46,1,1
35730,98,92,6,6
35731,145,120,25,25
35732,52,52,0,0
35733,120,97,23,23
35734,78,68,10,10
35735,56,51,5,5
35736,89,84,5,5
35737,82,77,5,5
35738,104,96,8,8
35739,128,129,-1,1
35740,159,131,28,28
35741,79,79,0,0
35742,109,98,11,11
35743,120,112,8,8
35744,79,83,-4,4
35745,73,57,16,16
35746,64,53,11,11
35747,97,81,16,16
35748,135,100,35,35
35749,81,80,1,1
35750,91,79,12,12
35751,58,49,9,9
35752,78,66,12,12
35753,77,68,9,9
35754,47,39,8,8
35755,167,144,23,23
35756,65,76,-11,11
35757,152,138,14,14
35758,159,144,15,15
35759,89,100,-11,11
35760,205,185,20,20
35761,108,93,15,15
35762,101,88,13,13
35763,129,117,12,12
35764,123,113,10,10
35765,90,80,10,10
35766,138,121,17,17
35767,105,86,19,19
35768,93,76,17,17
35769,129,108,21,21
35770,110,89,21,21
35771,86,92,-6,6
35772,72,68,4,4
35773,122,108,14,14
35774,37,35,2,2
35775,173,162,11,11
35776,97,75,22,22
35777,45,39,6,6
35778,97,76,21,21
35779,85,84,1,1
35780,83,80,3,3
35781,105,89,16,16
35782,138,123,15,15
35783,98,82,16,16
35784,128,109,19,19
35785,94,77,17,17
35786,131,103,28,28
35787,67,66,1,1
35788,176,159,17,17
35789,116,101,15,15
35790,116,118,-2,2
35791,80,53,27,27
35792,84,74,10,10
35793,69,68,1,1
35794,165,153,12,12
35795,55,60,-5,5
35796,123,112,11,11
35797,117,112,5,5
35798,81,64,17,17
35799,86,74,12,12
35800,185,168,17,17
35801,104,88,16,16
35802,89,84,5,5
35803,85,72,13,13
35804,156,130,26,26
35805,72,62,10,10
35806,95,69,26,26
35807,86,70,16,16
35808,72,61,11,11
35809,168,137,31,31
35810,42,41,1,1
35811,93,86,7,7
35812,103,84,19,19
35813,83,77,6,6
35814,137,122,15,15
35815,117,115,2,2
35816,77,76,1,1
35817,79,83,-4,4
35818,121,106,15,15
35819,110,109,1,1
35820,101,88,13,13
35821,88,91,-3,3
35822,91,80,11,11
35823,166,143,23,23
35824,63,53,10,10
35825,92,86,6,6
35826,138,114,24,24
35827,110,102,8,8
35828,151,135,16,16
35829,121,122,-1,1
35830,73,66,7,7
35831,77,66,11,11
35832,197,181,16,16
35833,94,68,26,26
35834,67,65,2,2
35835,147,115,32,32
35836,92,104,-12,12
35837,138,126,12,12
35838,71,77,-6,6
35839,93,81,12,12
35840,115,100,15,15
35841,90,76,14,14
35842,137,117,20,20
35843,136,131,5,5
35844,63,59,4,4
35845,68,62,6,6
35846,105,94,11,11
35847,61,54,7,7
35848,75,68,7,7
35849,120,111,9,9
35850,145,136,9,9
35851,106,94,12,12
35852,171,146,25,25
35853,87,84,3,3
35854,112,90,22,22
35855,75,71,4,4
35856,84,80,4,4
35857,55,47,8,8
35858,57,53,4,4
35859,71,63,8,8
35860,150,131,19,19
35861,42,38,4,4
35862,95,87,8,8
35863,100,95,5,5
35864,77,64,13,13
35865,134,133,1,1
35866,100,76,24,24
35867,117,114,3,3
35868,74,100,-26,26
35869,106,90,16,16
35870,121,108,13,13
35871,115,99,16,16
35872,137,122,15,15
35873,80,74,6,6
35874,81,76,5,5
35875,50,52,-2,2
35876,60,61,-1,1
35877,143,118,25,25
35878,80,84,-4,4
35879,72,64,8,8
35880,74,66,8,8
35881,125,114,11,11
35882,111,94,17,17
35883,99,90,9,9
35884,72,65,7,7
35885,84,73,11,11
35886,52,48,4,4
35887,54,48,6,6
35888,63,58,5,5
35889,101,88,13,13
35890,65,46,19,19
35891,74,75,-1,1
35892,141,131,10,10
35893,84,78,6,6
35894,156,126,30,30
35895,105,87,18,18
35896,130,114,16,16
35897,74,68,6,6
35898,97,98,-1,1
35899,111,106,5,5
35900,65,62,3,3
35901,124,110,14,14
35902,80,73,7,7
35903,93,80,13,13
35904,122,110,12,12
35905,84,83,1,1
35906,92,88,4,4
35907,52,69,-17,17
35908,86,85,1,1
35909,69,69,0,0
35910,114,99,15,15
35911,68,61,7,7
35912,123,118,5,5
35913,104,111,-7,7
35914,119,99,20,20
35915,123,98,25,25
35916,99,84,15,15
35917,117,122,-5,5
35918,94,91,3,3
35919,126,115,11,11
35920,148,125,23,23
35921,112,91,21,21
35922,168,161,7,7
35923,81,72,9,9
35924,100,87,13,13
35925,78,71,7,7
35926,109,100,9,9
35927,120,103,17,17
35928,119,114,5,5
35929,83,97,-14,14
35930,138,122,16,16
35931,63,61,2,2
35932,63,52,11,11
35933,88,75,13,13
35934,50,44,6,6
35935,171,153,18,18
35936,111,90,21,21
35937,154,143,11,11
35938,131,105,26,26
35939,110,94,16,16
35940,74,67,7,7
35941,116,112,4,4
35942,112,103,9,9
35943,89,82,7,7
35944,109,106,3,3
35945,68,61,7,7
35946,77,72,5,5
35947,69,61,8,8
35948,54,55,-1,1
35949,74,67,7,7
35950,140,127,13,13
35951,92,75,17,17
35952,47,48,-1,1
35953,49,52,-3,3
35954,72,65,7,7
35955,79,76,3,3
35956,45,50,-5,5
35957,53,52,1,1
35958,114,106,8,8
35959,64,62,2,2
35960,63,50,13,13
35961,113,94,19,19
35962,103,89,14,14
35963,109,95,14,14
35964,94,85,9,9
35965,65,57,8,8
35966,94,78,16,16
35967,142,131,11,11
35968,38,36,2,2
35969,91,93,-2,2
35970,86,74,12,12
35971,150,132,18,18
35972,66,60,6,6
35973,68,57,11,11
35974,62,52,10,10
35975,53,45,8,8
35976,53,48,5,5
35977,117,103,14,14
35978,89,84,5,5
35979,96,77,19,19
35980,109,101,8,8
35981,100,87,13,13
35982,132,114,18,18
35983,125,114,11,11
35984,47,39,8,8
35985,76,81,-5,5
35986,80,76,4,4
35987,108,120,-12,12
35988,72,67,5,5
35989,79,70,9,9
35990,103,94,9,9
35991,93,83,10,10
35992,90,76,14,14
35993,76,69,7,7
35994,88,79,9,9
35995,70,66,4,4
35996,162,127,35,35
35997,86,73,13,13
35998,62,58,4,4
35999,78,73,5,5
36000,51,44,7,7
36001,131,104,27,27
36002,81,70,11,11
36003,100,94,6,6
36004,107,97,10,10
36005,71,65,6,6
36006,99,86,13,13
36007,128,111,17,17
36008,102,95,7,7
36009,111,108,3,3
36010,114,107,7,7
36011,145,127,18,18
36012,123,100,23,23
36013,64,60,4,4
36014,138,125,13,13
36015,120,116,4,4
36016,96,86,10,10
36017,143,129,14,14
36018,79,71,8,8
36019,139,136,3,3
36020,124,108,16,16
36021,76,75,1,1
36022,67,63,4,4
36023,65,68,-3,3
36024,62,60,2,2
36025,184,169,15,15
36026,102,93,9,9
36027,60,56,4,4
36028,79,80,-1,1
36029,63,58,5,5
36030,70,52,18,18
36031,91,90,1,1
36032,68,65,3,3
36033,86,86,0,0
36034,97,99,-2,2
36035,78,78,0,0
36036,110,84,26,26
36037,94,80,14,14
36038,68,76,-8,8
36039,150,134,16,16
36040,81,72,9,9
36041,58,55,3,3
36042,48,43,5,5
36043,76,67,9,9
36044,102,88,14,14
36045,74,70,4,4
36046,60,57,3,3
36047,75,76,-1,1
36048,92,80,12,12
36049,62,57,5,5
36050,91,87,4,4
36051,93,84,9,9
36052,146,137,9,9
36053,94,83,11,11
36054,88,82,6,6
36055,124,115,9,9
36056,92,86,6,6
36057,87,103,-16,16
36058,113,113,0,0
36059,99,85,14,14
36060,90,80,10,10
36061,95,82,13,13
36062,61,56,5,5
36063,139,121,18,18
36064,106,109,-3,3
36065,42,42,0,0
36066,95,87,8,8
36067,121,117,4,4
36068,130,130,0,0
36069,121,116,5,5
36070,74,65,9,9
36071,84,77,7,7
36072,70,63,7,7
36073,73,68,5,5
36074,116,100,16,16
36075,120,108,12,12
36076,151,132,19,19
36077,80,73,7,7
36078,90,82,8,8
36079,68,66,2,2
36080,102,91,11,11
36081,180,164,16,16
36082,44,68,-24,24
36083,170,152,18,18
36084,99,77,22,22
36085,130,113,17,17
36086,78,94,-16,16
36087,107,95,12,12
36088,93,92,1,1
36089,146,133,13,13
36090,97,85,12,12
36091,107,92,15,15
36092,116,102,14,14
36093,81,83,-2,2
36094,84,72,12,12
36095,88,90,-2,2
36096,77,56,21,21
36097,65,59,6,6
36098,158,137,21,21
36099,76,78,-2,2
36100,56,47,9,9
36101,119,112,7,7
36102,82,74,8,8
36103,52,54,-2,2
36104,44,47,-3,3
36105,122,101,21,21
36106,92,86,6,6
36107,87,77,10,10
36108,152,144,8,8
36109,97,88,9,9
36110,127,106,21,21
36111,61,59,2,2
36112,58,58,0,0
36113,94,87,7,7
36114,123,111,12,12
36115,141,116,25,25
36116,61,60,1,1
36117,151,158,-7,7
36118,117,105,12,12
36119,88,81,7,7
36120,71,61,10,10
36121,131,121,10,10
36122,98,84,14,14
36123,54,50,4,4
36124,133,114,19,19
36125,68,58,10,10
36126,49,52,-3,3
36127,106,91,15,15
36128,144,124,20,20
36129,105,97,8,8
36130,59,46,13,13
36131,65,60,5,5
36132,136,116,20,20
36133,58,51,7,7
36134,49,43,6,6
36135,47,44,3,3
36136,87,79,8,8
36137,81,83,-2,2
36138,110,89,21,21
36139,119,108,11,11
36140,114,101,13,13
36141,77,64,13,13
36142,114,103,11,11
36143,112,104,8,8
36144,86,99,-13,13
36145,91,81,10,10
36146,136,113,23,23
36147,52,44,8,8
36148,85,80,5,5
36149,97,84,13,13
36150,151,132,19,19
36151,118,102,16,16
36152,156,129,27,27
36153,61,46,15,15
36154,107,98,9,9
36155,173,161,12,12
36156,86,82,4,4
36157,74,71,3,3
36158,90,78,12,12
36159,61,58,3,3
36160,112,108,4,4
36161,114,99,15,15
36162,86,81,5,5
36163,115,108,7,7
36164,128,116,12,12
36165,62,61,1,1
36166,81,77,4,4
36167,102,93,9,9
36168,104,95,9,9
36169,70,71,-1,1
36170,85,76,9,9
36171,59,56,3,3
36172,112,94,18,18
36173,141,137,4,4
36174,103,87,16,16
36175,89,82,7,7
36176,83,70,13,13
36177,54,49,5,5
36178,70,68,2,2
36179,75,69,6,6
36180,124,109,15,15
36181,64,58,6,6
36182,137,116,21,21
36183,112,114,-2,2
36184,60,62,-2,2
36185,103,98,5,5
36186,76,64,12,12
36187,100,78,22,22
36188,68,66,2,2
36189,72,73,-1,1
36190,52,50,2,2
36191,91,84,7,7
36192,57,51,6,6
36193,71,53,18,18
36194,99,94,5,5
36195,117,120,-3,3
36196,179,157,22,22
36197,109,97,12,12
36198,33,41,-8,8
36199,101,92,9,9
36200,105,90,15,15
36201,88,80,8,8
36202,152,150,2,2
36203,88,74,14,14
36204,140,120,20,20
36205,123,96,27,27
36206,129,116,13,13
36207,57,51,6,6
36208,53,45,8,8
36209,65,64,1,1
36210,72,66,6,6
36211,127,131,-4,4
36212,62,62,0,0
36213,47,45,2,2
36214,101,89,12,12
36215,58,44,14,14
36216,90,86,4,4
36217,71,62,9,9
36218,148,123,25,25
36219,131,113,18,18
36220,173,164,9,9
36221,140,119,21,21
36222,88,82,6,6
36223,105,102,3,3
36224,129,108,21,21
36225,105,89,16,16
36226,113,114,-1,1
36227,83,83,0,0
36228,58,53,5,5
36229,59,53,6,6
36230,110,82,28,28
36231,106,100,6,6
36232,95,87,8,8
36233,101,74,27,27
36234,56,55,1,1
36235,134,125,9,9
36236,118,107,11,11
36237,114,97,17,17
36238,70,66,4,4
36239,68,67,1,1
36240,66,60,6,6
36241,92,76,16,16
36242,113,104,9,9
36243,108,93,15,15
36244,91,88,3,3
36245,146,137,9,9
36246,114,103,11,11
36247,103,96,7,7
36248,108,134,-26,26
36249,60,55,5,5
36250,62,59,3,3
36251,102,92,10,10
36252,110,107,3,3
36253,194,156,38,38
36254,53,50,3,3
36255,102,90,12,12
36256,175,146,29,29
36257,66,58,8,8
36258,108,94,14,14
36259,112,97,15,15
36260,154,132,22,22
36261,121,115,6,6
36262,66,58,8,8
36263,84,75,9,9
36264,72,65,7,7
36265,97,81,16,16
36266,125,111,14,14
36267,53,46,7,7
36268,56,55,1,1
36269,139,132,7,7
36270,76,74,2,2
36271,98,86,12,12
36272,64,59,5,5
36273,102,91,11,11
36274,63,64,-1,1
36275,125,114,11,11
36276,133,103,30,30
36277,61,55,6,6
36278,57,53,4,4
36279,87,75,12,12
36280,65,63,2,2
36281,45,45,0,0
36282,105,101,4,4
36283,123,105,18,18
36284,96,79,17,17
36285,146,139,7,7
36286,65,63,2,2
36287,93,77,16,16
36288,67,62,5,5
36289,112,84,28,28
36290,128,111,17,17
36291,78,73,5,5
36292,73,65,8,8
36293,89,81,8,8
36294,62,54,8,8
36295,127,123,4,4
36296,126,107,19,19
36297,80,72,8,8
36298,84,81,3,3
36299,85,96,-11,11
36300,65,60,5,5
36301,63,52,11,11
36302,42,42,0,0
36303,84,73,11,11
36304,73,66,7,7
36305,50,42,8,8
36306,107,118,-11,11
36307,108,95,13,13
36308,65,63,2,2
36309,150,116,34,34
36310,101,91,10,10
36311,51,40,11,11
36312,74,61,13,13
36313,79,72,7,7
36314,117,96,21,21
36315,71,76,-5,5
36316,70,72,-2,2
36317,75,67,8,8
36318,38,45,-7,7
36319,104,101,3,3
36320,97,84,13,13
36321,117,104,13,13
36322,78,67,11,11
36323,58,62,-4,4
36324,133,121,12,12
36325,51,47,4,4
36326,117,112,5,5
36327,82,69,13,13
36328,155,135,20,20
36329,102,99,3,3
36330,137,127,10,10
36331,85,73,12,12
36332,132,124,8,8
36333,35,35,0,0
36334,72,65,7,7
36335,119,111,8,8
36336,90,75,15,15
36337,69,64,5,5
36338,76,74,2,2
36339,85,82,3,3
36340,114,94,20,20
36341,84,104,-20,20
36342,78,72,6,6
36343,55,54,1,1
36344,102,96,6,6
36345,163,132,31,31
36346,69,64,5,5
36347,126,114,12,12
36348,43,35,8,8
36349,61,49,12,12
36350,54,50,4,4
36351,109,97,12,12
36352,102,107,-5,5
36353,80,75,5,5
36354,206,170,36,36
36355,51,46,5,5
36356,89,66,23,23
36357,72,73,-1,1
36358,127,115,12,12
36359,76,74,2,2
36360,107,97,10,10
36361,71,60,11,11
36362,66,57,9,9
36363,76,68,8,8
36364,184,157,27,27
36365,129,118,11,11
36366,55,54,1,1
36367,110,104,6,6
36368,75,73,2,2
36369,61,56,5,5
36370,136,117,19,19
36371,103,87,16,16
36372,115,111,4,4
36373,55,49,6,6
36374,113,97,16,16
36375,89,75,14,14
36376,121,101,20,20
36377,80,84,-4,4
36378,141,124,17,17
36379,150,152,-2,2
36380,90,76,14,14
36381,73,69,4,4
36382,137,143,-6,6
36383,107,89,18,18
36384,86,77,9,9
36385,112,104,8,8
36386,46,50,-4,4
36387,72,68,4,4
36388,99,94,5,5
36389,63,58,5,5
36390,126,99,27,27
36391,64,54,10,10
36392,90,92,-2,2
36393,59,58,1,1
36394,66,50,16,16
36395,114,89,25,25
36396,102,88,14,14
36397,77,68,9,9
36398,90,68,22,22
36399,68,59,9,9
36400,78,66,12,12
36401,71,64,7,7
36402,49,47,2,2
36403,83,77,6,6
36404,112,113,-1,1
36405,102,99,3,3
36406,134,104,30,30
36407,57,53,4,4
36408,71,67,4,4
36409,163,149,14,14
36410,130,113,17,17
36411,123,122,1,1
36412,117,107,10,10
36413,78,70,8,8
36414,39,41,-2,2
36415,49,47,2,2
36416,57,54,3,3
36417,51,53,-2,2
36418,123,99,24,24
36419,92,82,10,10
36420,93,91,2,2
36421,77,70,7,7
36422,197,145,52,52
36423,112,104,8,8
36424,63,63,0,0
36425,83,79,4,4
36426,68,78,-10,10
36427,105,91,14,14
36428,62,62,0,0
36429,71,60,11,11
36430,91,81,10,10
36431,85,72,13,13
36432,197,184,13,13
36433,124,106,18,18
36434,119,104,15,15
36435,130,128,2,2
36436,81,70,11,11
36437,92,81,11,11
36438,71,65,6,6
36439,67,58,9,9
36440,99,83,16,16
36441,94,89,5,5
36442,114,108,6,6
36443,167,145,22,22
36444,120,100,20,20
36445,125,101,24,24
36446,70,57,13,13
36447,114,97,17,17
36448,95,85,10,10
36449,46,45,1,1
36450,101,95,6,6
36451,61,57,4,4
36452,90,90,0,0
36453,67,138,-71,71
36454,157,134,23,23
36455,79,72,7,7
36456,105,96,9,9
36457,112,91,21,21
36458,89,84,5,5
36459,105,95,10,10
36460,124,104,20,20
36461,65,58,7,7
36462,73,65,8,8
36463,66,63,3,3
36464,61,60,1,1
36465,125,126,-1,1
36466,122,121,1,1
36467,76,65,11,11
36468,90,88,2,2
36469,176,142,34,34
36470,62,61,1,1
36471,139,126,13,13
36472,43,38,5,5
36473,67,64,3,3
36474,50,49,1,1
36475,66,59,7,7
36476,59,57,2,2
36477,81,69,12,12
36478,83,70,13,13
36479,92,83,9,9
36480,76,75,1,1
36481,62,55,7,7
36482,64,70,-6,6
36483,92,92,0,0
36484,123,109,14,14
36485,84,67,17,17
36486,88,80,8,8
36487,58,56,2,2
36488,87,79,8,8
36489,73,67,6,6
36490,44,48,-4,4
36491,123,110,13,13
36492,76,63,13,13
36493,82,82,0,0
36494,84,75,9,9
36495,69,65,4,4
36496,80,77,3,3
36497,104,95,9,9
36498,81,73,8,8
36499,79,78,1,1
36500,90,98,-8,8
36501,105,91,14,14
36502,140,125,15,15
36503,85,79,6,6
36504,96,84,12,12
36505,102,92,10,10
36506,81,70,11,11
36507,117,99,18,18
36508,68,59,9,9
36509,79,74,5,5
36510,143,123,20,20
36511,66,53,13,13
36512,52,47,5,5
36513,109,90,19,19
36514,40,46,-6,6
36515,140,115,25,25
36516,115,103,12,12
36517,74,79,-5,5
36518,61,59,2,2
36519,66,61,5,5
36520,92,73,19,19
36521,48,64,-16,16
36522,116,102,14,14
36523,141,123,18,18
36524,113,96,17,17
36525,89,73,16,16
36526,139,117,22,22
36527,134,127,7,7
36528,152,135,17,17
36529,88,80,8,8
36530,93,85,8,8
36531,161,142,19,19
36532,90,86,4,4
36533,68,59,9,9
36534,148,125,23,23
36535,82,76,6,6
36536,96,83,13,13
36537,171,156,15,15
36538,96,98,-2,2
36539,66,59,7,7
36540,113,98,15,15
36541,78,76,2,2
36542,82,75,7,7
36543,61,55,6,6
36544,82,73,9,9
36545,99,99,0,0
36546,225,171,54,54
36547,81,71,10,10
36548,62,52,10,10
36549,66,62,4,4
36550,44,42,2,2
36551,74,80,-6,6
36552,83,71,12,12
36553,109,102,7,7
36554,51,57,-6,6
36555,121,111,10,10
36556,83,68,15,15
36557,81,82,-1,1
36558,53,51,2,2
36559,73,78,-5,5
36560,109,92,17,17
36561,151,140,11,11
36562,115,107,8,8
36563,122,103,19,19
36564,116,106,10,10
36565,107,92,15,15
36566,109,91,18,18
36567,72,68,4,4
36568,43,42,1,1
36569,78,68,10,10
36570,127,106,21,21
36571,50,47,3,3
36572,96,81,15,15
36573,53,52,1,1
36574,37,36,1,1
36575,94,78,16,16
36576,56,58,-2,2
36577,27,30,-3,3
36578,38,39,-1,1
36579,109,103,6,6
36580,109,98,11,11
36581,70,68,2,2
36582,60,57,3,3
36583,82,83,-1,1
36584,67,61,6,6
36585,67,63,4,4
36586,78,65,13,13
36587,62,65,-3,3
36588,49,52,-3,3
36589,109,92,17,17
36590,88,83,5,5
36591,81,88,-7,7
36592,82,84,-2,2
36593,90,81,9,9
36594,79,73,6,6
36595,97,82,15,15
36596,75,74,1,1
36597,104,89,15,15
36598,84,79,5,5
36599,146,130,16,16
36600,62,58,4,4
36601,104,102,2,2
36602,106,100,6,6
36603,92,83,9,9
36604,92,81,11,11
36605,92,88,4,4
36606,71,69,2,2
36607,91,85,6,6
36608,87,76,11,11
36609,79,88,-9,9
36610,86,90,-4,4
36611,128,107,21,21
36612,186,169,17,17
36613,138,118,20,20
36614,89,72,17,17
36615,168,145,23,23
36616,46,45,1,1
36617,93,82,11,11
36618,72,66,6,6
36619,110,97,13,13
36620,99,79,20,20
36621,51,44,7,7
36622,93,89,4,4
36623,99,90,9,9
36624,126,117,9,9
36625,64,62,2,2
36626,209,180,29,29
36627,102,93,9,9
36628,98,92,6,6
36629,79,64,15,15
36630,85,78,7,7
36631,64,58,6,6
36632,83,73,10,10
36633,121,92,29,29
36634,111,95,16,16
36635,72,64,8,8
36636,97,83,14,14
36637,96,79,17,17
36638,64,59,5,5
36639,128,114,14,14
36640,34,34,0,0
36641,124,91,33,33
36642,84,68,16,16
36643,132,117,15,15
36644,55,51,4,4
36645,118,105,13,13
36646,47,45,2,2
36647,74,62,12,12
36648,75,66,9,9
36649,93,84,9,9
36650,171,137,34,34
36651,81,76,5,5
36652,62,60,2,2
36653,81,74,7,7
36654,83,68,15,15
36655,65,57,8,8
36656,61,58,3,3
36657,83,79,4,4
36658,102,93,9,9
36659,78,69,9,9
36660,85,76,9,9
36661,122,108,14,14
36662,60,56,4,4
36663,151,144,7,7
36664,72,69,3,3
36665,93,85,8,8
36666,99,89,10,10
36667,95,92,3,3
36668,105,93,12,12
36669,83,62,21,21
36670,128,125,3,3
36671,76,95,-19,19
36672,114,97,17,17
36673,125,119,6,6
36674,88,75,13,13
36675,117,113,4,4
36676,54,48,6,6
36677,102,92,10,10
36678,60,51,9,9
36679,47,61,-14,14
36680,76,66,10,10
36681,53,51,2,2
36682,83,80,3,3
36683,148,146,2,2
36684,101,86,15,15
36685,126,111,15,15
36686,124,179,-55,55
36687,114,106,8,8
36688,74,72,2,2
36689,83,84,-1,1
36690,109,94,15,15
36691,89,88,1,1
36692,76,71,5,5
36693,53,52,1,1
36694,78,70,8,8
36695,60,57,3,3
36696,136,118,18,18
36697,42,51,-9,9
36698,126,110,16,16
36699,99,99,0,0
36700,96,91,5,5
36701,45,42,3,3
36702,77,63,14,14
36703,167,138,29,29
36704,102,121,-19,19
36705,92,88,4,4
36706,61,51,10,10
36707,138,119,19,19
36708,117,118,-1,1
36709,127,110,17,17
36710,92,70,22,22
36711,83,78,5,5
36712,69,63,6,6
36713,189,163,26,26
36714,89,71,18,18
36715,154,139,15,15
36716,78,75,3,3
36717,92,84,8,8
36718,151,144,7,7
36719,138,134,4,4
36720,73,65,8,8
36721,152,142,10,10
36722,122,109,13,13
36723,71,59,12,12
36724,118,107,11,11
36725,93,75,18,18
36726,104,91,13,13
36727,85,73,12,12
36728,91,79,12,12
36729,50,46,4,4
36730,102,83,19,19
36731,120,108,12,12
36732,111,95,16,16
36733,71,68,3,3
36734,57,47,10,10
36735,161,116,45,45
36736,53,44,9,9
36737,122,127,-5,5
36738,125,116,9,9
36739,83,72,11,11
36740,74,75,-1,1
36741,78,69,9,9
36742,51,47,4,4
36743,167,128,39,39
36744,78,70,8,8
36745,207,177,30,30
36746,120,108,12,12
36747,142,136,6,6
36748,71,73,-2,2
36749,144,114,30,30
36750,55,48,7,7
36751,75,61,14,14
36752,113,110,3,3
36753,100,99,1,1
36754,56,52,4,4
36755,137,116,21,21
36756,92,86,6,6
36757,142,123,19,19
36758,114,104,10,10
36759,47,44,3,3
36760,61,53,8,8
36761,130,112,18,18
36762,68,66,2,2
36763,72,76,-4,4
36764,39,34,5,5
36765,116,112,4,4
36766,135,117,18,18
36767,121,107,14,14
36768,126,109,17,17
36769,115,117,-2,2
36770,92,82,10,10
36771,137,117,20,20
36772,67,62,5,5
36773,58,46,12,12
36774,74,71,3,3
36775,66,50,16,16
36776,70,59,11,11
36777,89,97,-8,8
36778,85,86,-1,1
36779,77,68,9,9
36780,54,48,6,6
36781,103,96,7,7
36782,45,47,-2,2
36783,35,46,-11,11
36784,84,102,-18,18
36785,61,66,-5,5
36786,114,99,15,15
36787,47,48,-1,1
36788,86,77,9,9
36789,92,89,3,3
36790,61,48,13,13
36791,96,88,8,8
36792,48,41,7,7
36793,115,116,-1,1
36794,209,177,32,32
36795,89,83,6,6
36796,63,50,13,13
36797,68,62,6,6
36798,88,84,4,4
36799,63,70,-7,7
36800,121,122,-1,1
36801,146,148,-2,2
36802,64,54,10,10
36803,75,70,5,5
36804,118,119,-1,1
36805,121,114,7,7
36806,87,75,12,12
36807,80,73,7,7
36808,80,76,4,4
36809,107,89,18,18
36810,137,121,16,16
36811,96,78,18,18
36812,74,66,8,8
36813,90,72,18,18
36814,70,59,11,11
36815,45,43,2,2
36816,63,51,12,12
36817,122,107,15,15
36818,80,71,9,9
36819,91,85,6,6
36820,241,198,43,43
36821,49,44,5,5
36822,115,114,1,1
36823,136,92,44,44
36824,87,70,17,17
36825,90,97,-7,7
36826,86,72,14,14
36827,126,113,13,13
36828,63,71,-8,8
36829,68,62,6,6
36830,83,66,17,17
36831,101,89,12,12
36832,82,102,-20,20
36833,105,103,2,2
36834,141,135,6,6
36835,67,64,3,3
36836,29,32,-3,3
36837,96,91,5,5
36838,69,60,9,9
36839,62,59,3,3
36840,68,67,1,1
36841,96,79,17,17
36842,122,116,6,6
36843,109,106,3,3
36844,83,72,11,11
36845,127,106,21,21
36846,115,119,-4,4
36847,95,83,12,12
36848,64,56,8,8
36849,80,73,7,7
36850,285,241,44,44
36851,88,80,8,8
36852,154,111,43,43
36853,163,142,21,21
36854,68,101,-33,33
36855,72,72,0,0
36856,184,171,13,13
36857,87,76,11,11
36858,58,55,3,3
36859,110,107,3,3
36860,62,63,-1,1
36861,53,45,8,8
36862,158,148,10,10
36863,87,92,-5,5
36864,70,71,-1,1
36865,72,65,7,7
36866,141,116,25,25
36867,94,82,12,12
36868,48,52,-4,4
36869,56,50,6,6
36870,169,144,25,25
36871,81,96,-15,15
36872,71,67,4,4
36873,97,78,19,19
36874,73,70,3,3
36875,90,85,5,5
36876,122,108,14,14
36877,68,54,14,14
36878,128,107,21,21
36879,68,64,4,4
36880,128,118,10,10
36881,80,71,9,9
36882,76,63,13,13
36883,131,130,1,1
36884,96,90,6,6
36885,118,116,2,2
36886,112,93,19,19
36887,174,153,21,21
36888,44,35,9,9
36889,92,87,5,5
36890,66,60,6,6
36891,90,86,4,4
36892,144,129,15,15
36893,110,95,15,15
36894,164,133,31,31
36895,85,72,13,13
36896,87,90,-3,3
36897,126,136,-10,10
36898,70,63,7,7
36899,111,98,13,13
36900,56,50,6,6
36901,50,51,-1,1
36902,93,84,9,9
36903,66,63,3,3
36904,77,68,9,9
36905,59,53,6,6
36906,95,90,5,5
36907,79,72,7,7
36908,84,77,7,7
36909,81,73,8,8
36910,118,97,21,21
36911,62,53,9,9
36912,113,108,5,5
36913,89,71,18,18
36914,109,91,18,18
36915,157,137,20,20
36916,144,149,-5,5
36917,113,94,19,19
36918,136,113,23,23
36919,55,44,11,11
36920,100,119,-19,19
36921,127,105,22,22
36922,137,125,12,12
36923,77,67,10,10
36924,75,67,8,8
36925,96,92,4,4
36926,183,159,24,24
36927,100,89,11,11
36928,66,54,12,12
36929,87,81,6,6
36930,76,70,6,6
36931,79,90,-11,11
36932,84,76,8,8
36933,101,86,15,15
36934,110,105,5,5
36935,97,88,9,9
36936,55,52,3,3
36937,94,76,18,18
36938,65,62,3,3
36939,78,70,8,8
36940,69,64,5,5
36941,171,152,19,19
36942,78,71,7,7
36943,58,55,3,3
36944,79,72,7,7
36945,90,75,15,15
36946,43,36,7,7
36947,80,90,-10,10
36948,121,119,2,2
36949,186,158,28,28
36950,87,82,5,5
36951,25,25,0,0
36952,77,76,1,1
36953,111,102,9,9
36954,60,52,8,8
36955,70,67,3,3
36956,145,123,22,22
36957,83,77,6,6
36958,87,71,16,16
36959,79,70,9,9
36960,110,99,11,11
36961,70,59,11,11
36962,157,139,18,18
36963,95,86,9,9
36964,62,61,1,1
36965,83,77,6,6
36966,64,56,8,8
36967,240,208,32,32
36968,77,75,2,2
36969,171,142,29,29
36970,111,101,10,10
36971,98,81,17,17
36972,60,55,5,5
36973,94,88,6,6
36974,117,101,16,16
36975,113,105,8,8
36976,149,150,-1,1
36977,84,76,8,8
36978,50,50,0,0
36979,109,110,-1,1
36980,77,83,-6,6
36981,125,111,14,14
36982,74,78,-4,4
36983,80,74,6,6
36984,70,66,4,4
36985,79,72,7,7
36986,125,101,24,24
36987,102,78,24,24
36988,72,64,8,8
36989,99,93,6,6
36990,73,74,-1,1
36991,104,86,18,18
36992,99,86,13,13
36993,97,81,16,16
36994,135,123,12,12
36995,80,79,1,1
36996,146,135,11,11
36997,59,58,1,1
36998,95,88,7,7
36999,159,130,29,29
37000,73,59,14,14
37001,94,83,11,11
37002,159,124,35,35
37003,178,156,22,22
37004,58,52,6,6
37005,88,76,12,12
37006,88,84,4,4
37007,81,80,1,1
37008,79,67,12,12
37009,54,51,3,3
37010,88,75,13,13
37011,75,63,12,12
37012,101,82,19,19
37013,89,75,14,14
37014,51,51,0,0
37015,121,111,10,10
37016,110,103,7,7
37017,99,81,18,18
37018,63,58,5,5
37019,113,105,8,8
37020,137,129,8,8
37021,114,114,0,0
37022,87,79,8,8
37023,176,139,37,37
37024,136,122,14,14
37025,104,94,10,10
37026,131,139,-8,8
37027,100,105,-5,5
37028,110,104,6,6
37029,54,45,9,9
37030,99,92,7,7
37031,55,54,1,1
37032,141,118,23,23
37033,142,126,16,16
37034,125,102,23,23
37035,114,112,2,2
37036,121,115,6,6
37037,138,116,22,22
37038,66,67,-1,1
37039,108,95,13,13
37040,137,122,15,15
37041,57,50,7,7
37042,97,91,6,6
37043,114,95,19,19
37044,124,136,-12,12
37045,66,63,3,3
37046,51,45,6,6
37047,162,136,26,26
37048,161,143,18,18
37049,116,101,15,15
37050,111,103,8,8
37051,143,131,12,12
37052,41,44,-3,3
37053,97,78,19,19
37054,49,47,2,2
37055,156,139,17,17
37056,48,43,5,5
37057,82,70,12,12
37058,58,52,6,6
37059,81,70,11,11
37060,81,75,6,6
37061,68,59,9,9
37062,120,114,6,6
37063,28,33,-5,5
37064,84,90,-6,6
37065,96,91,5,5
37066,79,72,7,7
37067,446,377,69,69
37068,132,123,9,9
37069,131,114,17,17
37070,60,65,-5,5
37071,78,66,12,12
37072,113,103,10,10
37073,67,60,7,7
37074,83,74,9,9
37075,77,59,18,18
37076,82,73,9,9
37077,60,54,6,6
37078,112,100,12,12
37079,124,109,15,15
37080,150,126,24,24
37081,87,78,9,9
37082,129,111,18,18
37083,151,133,18,18
37084,36,38,-2,2
37085,100,92,8,8
37086,57,93,-36,36
37087,108,106,2,2
37088,78,76,2,2
37089,72,59,13,13
37090,69,74,-5,5
37091,108,105,3,3
37092,87,76,11,11
37093,51,58,-7,7
37094,48,46,2,2
37095,98,101,-3,3
37096,31,42,-11,11
37097,140,110,30,30
37098,74,61,13,13
37099,95,92,3,3
37100,87,75,12,12
37101,120,110,10,10
37102,83,70,13,13
37103,81,87,-6,6
37104,75,71,4,4
37105,87,81,6,6
37106,145,132,13,13
37107,98,83,15,15
37108,52,42,10,10
37109,83,75,8,8
37110,55,67,-12,12
37111,110,106,4,4
37112,125,123,2,2
37113,87,71,16,16
37114,101,92,9,9
37115,81,65,16,16
37116,143,128,15,15
37117,218,186,32,32
37118,79,66,13,13
37119,97,81,16,16
37120,58,55,3,3
37121,116,114,2,2
37122,76,61,15,15
37123,94,85,9,9
37124,79,83,-4,4
37125,60,52,8,8
37126,103,99,4,4
37127,51,46,5,5
37128,113,97,16,16
37129,83,91,-8,8
37130,121,111,10,10
37131,87,66,21,21
37132,152,138,14,14
37133,97,84,13,13
37134,169,155,14,14
37135,73,79,-6,6
37136,141,138,3,3
37137,88,70,18,18
37138,75,154,-79,79
37139,78,69,9,9
37140,114,98,16,16
37141,95,76,19,19
37142,100,99,1,1
37143,94,86,8,8
37144,62,58,4,4
37145,75,93,-18,18
37146,91,85,6,6
37147,155,129,26,26
37148,82,70,12,12
37149,120,110,10,10
37150,154,130,24,24
37151,45,42,3,3
37152,69,62,7,7
37153,70,67,3,3
37154,129,121,8,8
37155,83,72,11,11
37156,102,87,15,15
37157,34,35,-1,1
37158,84,71,13,13
37159,93,79,14,14
37160,173,144,29,29
37161,81,79,2,2
37162,112,114,-2,2
37163,141,127,14,14
37164,117,103,14,14
37165,87,87,0,0
37166,89,95,-6,6
37167,138,132,6,6
37168,77,76,1,1
37169,71,68,3,3
37170,108,104,4,4
37171,84,74,10,10
37172,90,94,-4,4
37173,156,138,18,18
37174,90,88,2,2
37175,91,83,8,8
37176,64,56,8,8
37177,66,63,3,3
37178,59,48,11,11
37179,124,105,19,19
37180,49,41,8,8
37181,108,102,6,6
37182,83,76,7,7
37183,115,93,22,22
37184,59,58,1,1
37185,51,63,-12,12
37186,90,78,12,12
37187,77,82,-5,5
37188,59,47,12,12
37189,100,90,10,10
37190,138,120,18,18
37191,237,206,31,31
37192,71,67,4,4
37193,51,45,6,6
37194,160,153,7,7
37195,162,130,32,32
37196,121,110,11,11
37197,122,107,15,15
37198,64,55,9,9
37199,78,66,12,12
37200,107,123,-16,16
37201,102,98,4,4
37202,74,76,-2,2
37203,90,92,-2,2
37204,65,51,14,14
37205,85,83,2,2
37206,88,83,5,5
37207,95,90,5,5
37208,92,85,7,7
37209,148,121,27,27
37210,89,80,9,9
37211,63,57,6,6
37212,98,80,18,18
37213,74,68,6,6
37214,69,64,5,5
37215,58,55,3,3
37216,148,127,21,21
37217,75,72,3,3
37218,128,119,9,9
37219,63,70,-7,7
37220,113,87,26,26
37221,88,87,1,1
37222,68,54,14,14
37223,98,85,13,13
37224,79,75,4,4
37225,69,66,3,3
37226,284,238,46,46
37227,76,67,9,9
37228,98,92,6,6
37229,73,68,5,5
37230,135,123,12,12
37231,71,59,12,12
37232,85,73,12,12
37233,58,57,1,1
37234,110,101,9,9
37235,63,58,5,5
37236,91,86,5,5
37237,72,69,3,3
37238,111,125,-14,14
37239,75,64,11,11
37240,127,114,13,13
37241,157,130,27,27
37242,136,125,11,11
37243,66,58,8,8
37244,53,51,2,2
37245,76,72,4,4
37246,76,66,10,10
37247,123,122,1,1
37248,90,81,9,9
37249,62,57,5,5
37250,93,104,-11,11
37251,150,126,24,24
37252,114,103,11,11
37253,99,76,23,23
37254,85,75,10,10
37255,68,59,9,9
37256,54,47,7,7
37257,64,58,6,6
37258,126,119,7,7
37259,52,50,2,2
37260,119,104,15,15
37261,112,102,10,10
37262,257,214,43,43
37263,75,69,6,6
37264,58,49,9,9
37265,87,77,10,10
37266,50,43,7,7
37267,79,77,2,2
37268,142,122,20,20
37269,122,116,6,6
37270,69,65,4,4
37271,82,70,12,12
37272,83,80,3,3
37273,87,75,12,12
37274,132,121,11,11
37275,110,114,-4,4
37276,98,77,21,21
37277,93,81,12,12
37278,112,110,2,2
37279,101,84,17,17
37280,97,91,6,6
37281,111,108,3,3
37282,53,50,3,3
37283,78,82,-4,4
37284,104,92,12,12
37285,86,74,12,12
37286,109,96,13,13
37287,136,118,18,18
37288,113,120,-7,7
37289,53,53,0,0
37290,85,70,15,15
37291,142,122,20,20
37292,141,124,17,17
37293,87,79,8,8
37294,79,72,7,7
37295,171,148,23,23
37296,104,100,4,4
37297,91,113,-22,22
37298,70,61,9,9
37299,93,88,5,5
37300,115,106,9,9
37301,49,45,4,4
37302,115,95,20,20
37303,85,73,12,12
37304,96,91,5,5
37305,112,102,10,10
37306,133,126,7,7
37307,114,103,11,11
37308,78,90,-12,12
37309,158,138,20,20
37310,73,62,11,11
37311,44,42,2,2
37312,160,148,12,12
37313,114,109,5,5
37314,163,107,56,56
37315,113,97,16,16
37316,92,89,3,3
37317,35,34,1,1
37318,135,119,16,16
37319,113,103,10,10
37320,105,86,19,19
37321,79,65,14,14
37322,130,108,22,22
37323,129,120,9,9
37324,81,76,5,5
37325,71,71,0,0
37326,233,193,40,40
37327,79,79,0,0
37328,88,78,10,10
37329,121,115,6,6
37330,132,112,20,20
37331,179,156,23,23
37332,199,168,31,31
37333,133,117,16,16
37334,127,112,15,15
37335,71,68,3,3
37336,59,58,1,1
37337,92,88,4,4
37338,98,87,11,11
37339,93,75,18,18
37340,103,73,30,30
37341,114,116,-2,2
37342,80,77,3,3
37343,84,78,6,6
37344,95,80,15,15
37345,141,127,14,14
37346,184,161,23,23
37347,138,109,29,29
37348,59,55,4,4
37349,172,153,19,19
37350,146,126,20,20
37351,72,69,3,3
37352,139,132,7,7
37353,108,97,11,11
37354,91,93,-2,2
37355,38,32,6,6
37356,44,48,-4,4
37357,86,76,10,10
37358,68,69,-1,1
37359,68,56,12,12
37360,100,95,5,5
37361,135,114,21,21
37362,30,43,-13,13
37363,149,130,19,19
37364,93,84,9,9
37365,132,128,4,4
37366,61,54,7,7
37367,104,98,6,6
37368,119,108,11,11
37369,61,60,1,1
37370,79,71,8,8
37371,48,47,1,1
37372,80,60,20,20
37373,145,154,-9,9
37374,65,64,1,1
37375,68,62,6,6
37376,68,62,6,6
37377,78,75,3,3
37378,65,56,9,9
37379,98,87,11,11
37380,102,99,3,3
37381,115,92,23,23
37382,71,62,9,9
37383,63,60,3,3
37384,64,68,-4,4
37385,97,87,10,10
37386,102,83,19,19
37387,101,93,8,8
37388,34,31,3,3
37389,70,65,5,5
37390,53,52,1,1
37391,92,82,10,10
37392,83,79,4,4
37393,101,99,2,2
37394,76,66,10,10
37395,76,73,3,3
37396,111,97,14,14
37397,49,50,-1,1
37398,55,57,-2,2
37399,115,99,16,16
37400,126,116,10,10
37401,121,98,23,23
37402,145,125,20,20
37403,60,68,-8,8
37404,73,59,14,14
37405,63,59,4,4
37406,71,65,6,6
37407,81,76,5,5
37408,98,88,10,10
37409,138,128,10,10
37410,69,71,-2,2
37411,172,167,5,5
37412,57,63,-6,6
37413,119,105,14,14
37414,65,62,3,3
37415,54,51,3,3
37416,86,82,4,4
37417,116,108,8,8
37418,145,124,21,21
37419,102,98,4,4
37420,108,97,11,11
37421,63,57,6,6
37422,125,111,14,14
37423,90,84,6,6
37424,139,134,5,5
37425,94,83,11,11
37426,86,81,5,5
37427,44,47,-3,3
37428,89,88,1,1
37429,82,74,8,8
37430,114,92,22,22
37431,60,53,7,7
37432,103,95,8,8
37433,58,51,7,7
37434,108,107,1,1
37435,140,135,5,5
37436,160,147,13,13
37437,54,49,5,5
37438,106,90,16,16
37439,140,130,10,10
37440,101,92,9,9
37441,120,109,11,11
37442,118,106,12,12
37443,116,105,11,11
37444,108,97,11,11
37445,205,193,12,12
37446,192,169,23,23
37447,97,89,8,8
37448,59,54,5,5
37449,60,58,2,2
37450,51,47,4,4
37451,48,43,5,5
37452,118,105,13,13
37453,209,181,28,28
37454,64,59,5,5
37455,76,73,3,3
37456,130,116,14,14
37457,83,74,9,9
37458,69,70,-1,1
37459,66,52,14,14
37460,81,81,0,0
37461,116,124,-8,8
37462,91,88,3,3
37463,178,164,14,14
37464,148,153,-5,5
37465,160,150,10,10
37466,116,120,-4,4
37467,87,82,5,5
37468,93,89,4,4
37469,71,68,3,3
37470,121,107,14,14
37471,85,67,18,18
37472,75,72,3,3
37473,101,90,11,11
37474,72,70,2,2
37475,60,55,5,5
37476,102,86,16,16
37477,111,96,15,15
37478,81,81,0,0
37479,75,80,-5,5
37480,107,102,5,5
37481,75,71,4,4
37482,67,68,-1,1
37483,126,117,9,9
37484,106,100,6,6
37485,126,116,10,10
37486,104,100,4,4
37487,65,65,0,0
37488,92,85,7,7
37489,78,67,11,11
37490,127,111,16,16
37491,88,80,8,8
37492,35,43,-8,8
37493,87,81,6,6
37494,53,57,-4,4
37495,108,99,9,9
37496,89,81,8,8
37497,79,70,9,9
37498,79,79,0,0
37499,138,110,28,28
37500,92,77,15,15
37501,84,77,7,7
37502,65,57,8,8
37503,74,70,4,4
37504,147,132,15,15
37505,96,93,3,3
37506,124,111,13,13
37507,84,84,0,0
37508,118,107,11,11
37509,80,70,10,10
37510,89,89,0,0
37511,154,147,7,7
37512,96,95,1,1
37513,73,75,-2,2
37514,218,183,35,35
37515,108,101,7,7
37516,156,143,13,13
37517,56,56,0,0
37518,105,92,13,13
37519,103,116,-13,13
37520,98,93,5,5
37521,161,145,16,16
37522,150,120,30,30
37523,50,47,3,3
37524,99,87,12,12
37525,62,58,4,4
37526,102,92,10,10
37527,86,76,10,10
37528,81,71,10,10
37529,51,52,-1,1
37530,100,86,14,14
37531,74,65,9,9
37532,65,52,13,13
37533,95,88,7,7
37534,99,90,9,9
37535,84,81,3,3
37536,114,88,26,26
37537,99,84,15,15
37538,58,47,11,11
37539,49,40,9,9
37540,119,100,19,19
37541,83,79,4,4
37542,96,93,3,3
37543,70,66,4,4
37544,108,97,11,11
37545,128,103,25,25
37546,75,64,11,11
37547,72,64,8,8
37548,88,72,16,16
37549,71,62,9,9
37550,103,87,16,16
37551,109,94,15,15
37552,77,74,3,3
37553,74,65,9,9
37554,105,89,16,16
37555,56,46,10,10
37556,95,83,12,12
37557,152,129,23,23
37558,62,55,7,7
37559,128,114,14,14
37560,108,95,13,13
37561,58,57,1,1
37562,144,118,26,26
37563,109,90,19,19
37564,66,57,9,9
37565,114,106,8,8
37566,150,124,26,26
37567,98,85,13,13
37568,151,131,20,20
37569,73,63,10,10
37570,84,73,11,11
37571,126,114,12,12
37572,50,49,1,1
37573,101,105,-4,4
37574,56,55,1,1
37575,95,88,7,7
37576,65,59,6,6
37577,141,113,28,28
37578,94,79,15,15
37579,67,65,2,2
37580,55,53,2,2
37581,65,59,6,6
37582,52,59,-7,7
37583,95,81,14,14
37584,158,139,19,19
37585,106,32,74,74
37586,101,91,10,10
37587,96,83,13,13
37588,132,125,7,7
37589,91,80,11,11
37590,80,72,8,8
37591,209,182,27,27
37592,71,72,-1,1
37593,94,90,4,4
37594,93,79,14,14
37595,103,96,7,7
37596,69,70,-1,1
37597,190,180,10,10
37598,92,84,8,8
37599,105,89,16,16
37600,69,66,3,3
37601,54,61,-7,7
37602,59,53,6,6
37603,82,79,3,3
37604,84,75,9,9
37605,30,48,-18,18
37606,150,128,22,22
37607,65,56,9,9
37608,88,74,14,14
37609,80,71,9,9
37610,174,152,22,22
37611,134,142,-8,8
37612,82,71,11,11
37613,77,62,15,15
37614,65,63,2,2
37615,49,46,3,3
37616,95,90,5,5
37617,67,63,4,4
37618,69,60,9,9
37619,125,123,2,2
37620,124,123,1,1
37621,81,74,7,7
37622,93,85,8,8
37623,148,115,33,33
37624,158,134,24,24
37625,107,97,10,10
37626,138,117,21,21
37627,106,98,8,8
37628,102,98,4,4
37629,151,142,9,9
37630,103,99,4,4
37631,77,66,11,11
37632,139,126,13,13
37633,122,109,13,13
37634,86,70,16,16
37635,85,75,10,10
37636,76,64,12,12
37637,115,96,19,19
37638,137,113,24,24
37639,113,92,21,21
37640,155,126,29,29
37641,66,70,-4,4
37642,75,64,11,11
37643,120,111,9,9
37644,116,93,23,23
37645,152,139,13,13
37646,56,53,3,3
37647,205,172,33,33
37648,96,92,4,4
37649,101,83,18,18
37650,100,91,9,9
37651,94,79,15,15
37652,130,116,14,14
37653,61,69,-8,8
37654,123,108,15,15
37655,111,106,5,5
37656,136,130,6,6
37657,166,144,22,22
37658,85,85,0,0
37659,99,90,9,9
37660,58,55,3,3
37661,98,83,15,15
37662,88,69,19,19
37663,164,133,31,31
37664,67,58,9,9
37665,112,89,23,23
37666,105,93,12,12
37667,151,128,23,23
37668,80,65,15,15
37669,121,117,4,4
37670,179,139,40,40
37671,151,134,17,17
37672,116,107,9,9
37673,93,82,11,11
37674,96,86,10,10
37675,112,124,-12,12
37676,45,43,2,2
37677,100,87,13,13
37678,71,75,-4,4
37679,72,61,11,11
37680,124,109,15,15
37681,54,48,6,6
37682,135,118,17,17
37683,125,110,15,15
37684,125,93,32,32
37685,104,106,-2,2
37686,76,68,8,8
37687,106,124,-18,18
37688,76,67,9,9
37689,87,80,7,7
37690,146,130,16,16
37691,91,75,16,16
37692,72,79,-7,7
37693,149,136,13,13
37694,82,74,8,8
37695,157,145,12,12
37696,138,116,22,22
37697,122,110,12,12
37698,105,97,8,8
37699,88,76,12,12
37700,157,160,-3,3
37701,108,88,20,20
37702,94,80,14,14
37703,102,100,2,2
37704,51,57,-6,6
37705,84,79,5,5
37706,67,73,-6,6
37707,128,110,18,18
37708,130,118,12,12
37709,165,143,22,22
37710,100,104,-4,4
37711,121,121,0,0
37712,74,70,4,4
37713,58,51,7,7
37714,88,92,-4,4
37715,105,101,4,4
37716,116,105,11,11
37717,103,90,13,13
37718,101,94,7,7
37719,108,108,0,0
37720,75,81,-6,6
37721,106,100,6,6
37722,69,65,4,4
37723,87,82,5,5
37724,68,71,-3,3
37725,51,46,5,5
37726,61,58,3,3
37727,110,99,11,11
37728,104,92,12,12
37729,70,63,7,7
37730,47,45,2,2
37731,69,74,-5,5
37732,48,52,-4,4
37733,92,81,11,11
37734,116,105,11,11
37735,94,88,6,6
37736,79,73,6,6
37737,116,122,-6,6
37738,133,129,4,4
37739,70,68,2,2
37740,153,137,16,16
37741,41,79,-38,38
37742,73,66,7,7
37743,109,100,9,9
37744,145,120,25,25
37745,106,99,7,7
37746,89,73,16,16
37747,69,72,-3,3
37748,73,67,6,6
37749,61,59,2,2
37750,127,111,16,16
37751,104,96,8,8
37752,103,94,9,9
37753,107,91,16,16
37754,116,105,11,11
37755,66,65,1,1
37756,130,122,8,8
37757,102,87,15,15
37758,102,95,7,7
37759,72,73,-1,1
37760,98,83,15,15
37761,55,47,8,8
37762,90,91,-1,1
37763,116,103,13,13
37764,64,64,0,0
37765,113,98,15,15
37766,75,74,1,1
37767,75,83,-8,8
37768,119,110,9,9
37769,81,68,13,13
37770,74,65,9,9
37771,156,140,16,16
37772,93,85,8,8
37773,84,76,8,8
37774,118,131,-13,13
37775,70,65,5,5
37776,197,182,15,15
37777,57,53,4,4
37778,41,48,-7,7
37779,110,111,-1,1
37780,94,81,13,13
37781,121,100,21,21
37782,77,71,6,6
37783,104,74,30,30
37784,98,87,11,11
37785,101,88,13,13
37786,65,68,-3,3
37787,140,120,20,20
37788,113,95,18,18
37789,103,80,23,23
37790,84,69,15,15
37791,75,61,14,14
37792,136,113,23,23
37793,123,112,11,11
37794,117,114,3,3
37795,107,91,16,16
37796,64,56,8,8
37797,61,59,2,2
37798,216,168,48,48
37799,94,90,4,4
37800,96,87,9,9
37801,83,94,-11,11
37802,42,41,1,1
37803,93,93,0,0
37804,61,59,2,2
37805,101,70,31,31
37806,118,107,11,11
37807,100,89,11,11
37808,107,111,-4,4
37809,98,95,3,3
37810,64,55,9,9
37811,215,197,18,18
37812,127,111,16,16
37813,91,79,12,12
37814,113,119,-6,6
37815,82,76,6,6
37816,120,113,7,7
37817,72,65,7,7
37818,77,86,-9,9
37819,79,80,-1,1
37820,67,63,4,4
37821,89,83,6,6
37822,54,51,3,3
37823,97,96,1,1
37824,82,70,12,12
37825,91,92,-1,1
37826,83,71,12,12
37827,54,60,-6,6
37828,116,110,6,6
37829,80,79,1,1
37830,75,69,6,6
37831,187,174,13,13
37832,78,83,-5,5
37833,95,89,6,6
37834,87,79,8,8
37835,74,70,4,4
37836,67,59,8,8
37837,66,55,11,11
37838,78,67,11,11
37839,107,94,13,13
37840,59,49,10,10
37841,92,88,4,4
37842,41,49,-8,8
37843,130,113,17,17
37844,100,98,2,2
37845,88,76,12,12
37846,67,54,13,13
37847,100,84,16,16
37848,99,97,2,2
37849,69,63,6,6
37850,115,108,7,7
37851,116,103,13,13
37852,49,43,6,6
37853,91,87,4,4
37854,67,66,1,1
37855,105,93,12,12
37856,137,126,11,11
37857,72,77,-5,5
37858,61,56,5,5
37859,86,76,10,10
37860,91,90,1,1
37861,85,77,8,8
37862,83,63,20,20
37863,68,55,13,13
37864,103,87,16,16
37865,106,88,18,18
37866,139,108,31,31
37867,115,110,5,5
37868,48,48,0,0
37869,159,146,13,13
37870,61,55,6,6
37871,113,110,3,3
37872,101,91,10,10
37873,77,68,9,9
37874,134,124,10,10
37875,67,56,11,11
37876,106,95,11,11
37877,57,52,5,5
37878,95,93,2,2
37879,93,92,1,1
37880,95,77,18,18
37881,179,160,19,19
37882,153,156,-3,3
37883,62,61,1,1
37884,69,60,9,9
37885,165,152,13,13
37886,180,179,1,1
37887,87,77,10,10
37888,110,103,7,7
37889,116,112,4,4
37890,159,155,4,4
37891,99,95,4,4
37892,114,101,13,13
37893,102,87,15,15
37894,154,140,14,14
37895,91,83,8,8
37896,124,100,24,24
37897,91,81,10,10
37898,41,41,0,0
37899,45,43,2,2
37900,71,80,-9,9
37901,76,70,6,6
37902,99,100,-1,1
37903,111,95,16,16
37904,97,82,15,15
37905,124,108,16,16
37906,96,88,8,8
37907,79,67,12,12
37908,122,121,1,1
37909,115,90,25,25
37910,89,78,11,11
37911,73,66,7,7
37912,111,103,8,8
37913,89,83,6,6
37914,138,124,14,14
37915,100,101,-1,1
37916,78,74,4,4
37917,83,80,3,3
37918,86,83,3,3
37919,135,131,4,4
37920,114,105,9,9
37921,56,53,3,3
37922,149,149,0,0
37923,81,73,8,8
37924,79,71,8,8
37925,103,95,8,8
37926,56,62,-6,6
37927,150,130,20,20
37928,78,73,5,5
37929,78,72,6,6
37930,41,42,-1,1
37931,121,101,20,20
37932,123,114,9,9
37933,76,80,-4,4
37934,103,91,12,12
37935,35,50,-15,15
37936,124,112,12,12
37937,55,55,0,0
37938,88,79,9,9
37939,90,80,10,10
37940,120,88,32,32
37941,71,65,6,6
37942,79,75,4,4
37943,62,58,4,4
37944,86,79,7,7
37945,64,62,2,2
37946,131,131,0,0
37947,146,126,20,20
37948,86,73,13,13
37949,98,84,14,14
37950,183,147,36,36
37951,91,84,7,7
37952,77,67,10,10
37953,142,128,14,14
37954,79,71,8,8
37955,41,37,4,4
37956,105,100,5,5
37957,197,170,27,27
37958,115,104,11,11
37959,71,64,7,7
37960,140,133,7,7
37961,130,116,14,14
37962,83,75,8,8
37963,108,114,-6,6
37964,67,57,10,10
37965,70,72,-2,2
37966,93,87,6,6
37967,64,61,3,3
37968,98,108,-10,10
37969,115,108,7,7
37970,62,54,8,8
37971,88,82,6,6
37972,61,56,5,5
37973,198,172,26,26
37974,101,99,2,2
37975,66,59,7,7
37976,31,29,2,2
37977,94,81,13,13
37978,93,91,2,2
37979,117,146,-29,29
37980,99,92,7,7
37981,36,34,2,2
37982,76,71,5,5
37983,67,67,0,0
37984,78,79,-1,1
37985,50,46,4,4
37986,55,45,10,10
37987,92,87,5,5
37988,94,79,15,15
37989,137,128,9,9
37990,102,90,12,12
37991,113,92,21,21
37992,89,75,14,14
37993,124,122,2,2
37994,82,75,7,7
37995,60,59,1,1
37996,125,101,24,24
37997,78,76,2,2
37998,143,125,18,18
37999,142,129,13,13
38000,106,89,17,17
38001,124,104,20,20
38002,52,52,0,0
38003,97,106,-9,9
38004,80,74,6,6
38005,107,108,-1,1
38006,141,126,15,15
38007,57,50,7,7
38008,89,70,19,19
38009,104,102,2,2
38010,154,132,22,22
38011,76,78,-2,2
38012,95,75,20,20
38013,179,149,30,30
38014,64,65,-1,1
38015,119,102,17,17
38016,108,110,-2,2
38017,114,101,13,13
38018,92,83,9,9
38019,109,97,12,12
38020,139,132,7,7
38021,130,119,11,11
38022,112,97,15,15
38023,123,106,17,17
38024,125,109,16,16
38025,66,54,12,12
38026,77,81,-4,4
38027,87,80,7,7
38028,97,96,1,1
38029,56,48,8,8
38030,146,127,19,19
38031,71,66,5,5
38032,176,155,21,21
38033,96,83,13,13
38034,105,95,10,10
38035,127,113,14,14
38036,82,78,4,4
38037,137,139,-2,2
38038,120,106,14,14
38039,82,72,10,10
38040,73,62,11,11
38041,78,66,12,12
38042,83,78,5,5
38043,83,73,10,10
38044,74,73,1,1
38045,81,73,8,8
38046,178,152,26,26
38047,96,101,-5,5
38048,48,48,0,0
38049,74,75,-1,1
38050,143,124,19,19
38051,94,81,13,13
38052,142,131,11,11
38053,144,138,6,6
38054,114,107,7,7
38055,91,86,5,5
38056,127,117,10,10
38057,65,67,-2,2
38058,152,134,18,18
38059,106,94,12,12
38060,140,123,17,17
38061,96,93,3,3
38062,72,98,-26,26
38063,71,56,15,15
38064,116,101,15,15
38065,156,135,21,21
38066,57,49,8,8
38067,24,29,-5,5
38068,122,107,15,15
38069,118,101,17,17
38070,96,90,6,6
38071,86,74,12,12
38072,163,143,20,20
38073,60,59,1,1
38074,80,68,12,12
38075,78,70,8,8
38076,82,71,11,11
38077,113,98,15,15
38078,104,102,2,2
38079,154,161,-7,7
38080,34,40,-6,6
38081,111,104,7,7
38082,103,89,14,14
38083,88,77,11,11
38084,112,106,6,6
38085,115,101,14,14
38086,60,50,10,10
38087,150,132,18,18
38088,116,103,13,13
38089,80,71,9,9
38090,112,93,19,19
38091,116,106,10,10
38092,83,79,4,4
38093,161,137,24,24
38094,65,63,2,2
38095,74,70,4,4
38096,72,58,14,14
38097,185,148,37,37
38098,89,68,21,21
38099,90,84,6,6
38100,175,150,25,25
38101,96,84,12,12
38102,96,84,12,12
38103,111,104,7,7
38104,46,45,1,1
38105,105,108,-3,3
38106,69,67,2,2
38107,117,104,13,13
38108,91,81,10,10
38109,70,71,-1,1
38110,150,125,25,25
38111,122,115,7,7
38112,98,95,3,3
38113,100,83,17,17
38114,160,129,31,31
38115,139,123,16,16
38116,170,145,25,25
38117,79,77,2,2
38118,132,113,19,19
38119,121,110,11,11
38120,118,112,6,6
38121,102,82,20,20
38122,98,89,9,9
38123,115,112,3,3
38124,159,149,10,10
38125,92,85,7,7
38126,41,51,-10,10
38127,84,76,8,8
38128,132,136,-4,4
38129,109,85,24,24
38130,78,78,0,0
38131,114,96,18,18
38132,121,105,16,16
38133,93,81,12,12
38134,115,107,8,8
38135,44,42,2,2
38136,74,64,10,10
38137,49,46,3,3
38138,165,147,18,18
38139,83,74,9,9
38140,158,136,22,22
38141,101,81,20,20
38142,118,106,12,12
38143,94,84,10,10
38144,117,123,-6,6
38145,109,99,10,10
38146,73,81,-8,8
38147,76,73,3,3
38148,138,125,13,13
38149,113,97,16,16
38150,96,88,8,8
38151,73,69,4,4
38152,112,95,17,17
38153,63,59,4,4
38154,104,88,16,16
38155,82,79,3,3
38156,54,54,0,0
38157,84,74,10,10
38158,133,129,4,4
38159,101,94,7,7
38160,108,108,0,0
38161,83,72,11,11
38162,78,76,2,2
38163,82,69,13,13
38164,76,70,6,6
38165,90,79,11,11
38166,105,98,7,7
38167,61,52,9,9
38168,102,108,-6,6
38169,104,112,-8,8
38170,72,64,8,8
38171,74,59,15,15
38172,92,87,5,5
38173,85,74,11,11
38174,99,89,10,10
38175,111,114,-3,3
38176,67,67,0,0
38177,76,65,11,11
38178,113,90,23,23
38179,107,91,16,16
38180,117,101,16,16
38181,116,113,3,3
38182,97,89,8,8
38183,125,113,12,12
38184,112,107,5,5
38185,71,73,-2,2
38186,115,104,11,11
38187,59,75,-16,16
38188,97,87,10,10
38189,124,107,17,17
38190,45,39,6,6
38191,87,80,7,7
38192,103,117,-14,14
38193,64,59,5,5
38194,100,86,14,14
38195,97,74,23,23
38196,121,111,10,10
38197,111,111,0,0
38198,74,64,10,10
38199,118,137,-19,19
38200,91,80,11,11
38201,89,82,7,7
38202,105,79,26,26
38203,79,76,3,3
38204,68,63,5,5
38205,125,117,8,8
38206,87,77,10,10
38207,123,106,17,17
38208,93,87,6,6
38209,100,90,10,10
38210,64,53,11,11
38211,108,96,12,12
38212,68,52,16,16
38213,86,80,6,6
38214,107,86,21,21
38215,73,70,3,3
38216,128,125,3,3
38217,119,105,14,14
38218,54,43,11,11
38219,72,66,6,6
38220,73,73,0,0
38221,159,138,21,21
38222,83,76,7,7
38223,97,85,12,12
38224,131,120,11,11
38225,69,67,2,2
38226,86,68,18,18
38227,119,112,7,7
38228,100,84,16,16
38229,102,96,6,6
38230,67,60,7,7
38231,53,56,-3,3
38232,85,84,1,1
38233,168,149,19,19
38234,61,48,13,13
38235,77,70,7,7
38236,85,82,3,3
38237,69,62,7,7
38238,124,111,13,13
38239,89,71,18,18
38240,148,138,10,10
38241,143,120,23,23
38242,57,70,-13,13
38243,144,128,16,16
38244,66,63,3,3
38245,83,90,-7,7
38246,120,111,9,9
38247,131,119,12,12
38248,51,51,0,0
38249,77,55,22,22
38250,62,60,2,2
38251,125,121,4,4
38252,87,79,8,8
38253,89,80,9,9
38254,162,144,18,18
38255,109,107,2,2
38256,126,121,5,5
38257,87,85,2,2
38258,87,90,-3,3
38259,116,105,11,11
38260,51,51,0,0
38261,65,55,10,10
38262,95,79,16,16
38263,86,71,15,15
38264,98,92,6,6
38265,74,64,10,10
38266,87,74,13,13
38267,113,98,15,15
38268,70,78,-8,8
38269,119,103,16,16
38270,180,158,22,22
38271,94,77,17,17
38272,67,67,0,0
38273,85,83,2,2
38274,147,142,5,5
38275,79,62,17,17
38276,76,73,3,3
38277,60,48,12,12
38278,55,52,3,3
38279,95,90,5,5
38280,127,105,22,22
38281,100,93,7,7
38282,85,78,7,7
38283,127,113,14,14
38284,101,81,20,20
38285,70,63,7,7
38286,102,91,11,11
38287,73,66,7,7
38288,107,99,8,8
38289,129,122,7,7
38290,114,101,13,13
38291,45,49,-4,4
38292,52,46,6,6
38293,69,65,4,4
38294,71,65,6,6
38295,65,61,4,4
38296,211,166,45,45
38297,113,120,-7,7
38298,97,87,10,10
38299,60,61,-1,1
38300,184,143,41,41
38301,106,95,11,11
38302,121,110,11,11
38303,112,108,4,4
38304,137,127,10,10
38305,104,94,10,10
38306,124,113,11,11
38307,72,60,12,12
38308,116,101,15,15
38309,76,69,7,7
38310,99,95,4,4
38311,75,69,6,6
38312,81,75,6,6
38313,69,64,5,5
38314,72,73,-1,1
38315,87,68,19,19
38316,93,83,10,10
38317,136,122,14,14
38318,101,87,14,14
38319,89,77,12,12
38320,112,102,10,10
38321,65,62,3,3
38322,118,102,16,16
38323,92,77,15,15
38324,80,78,2,2
38325,98,87,11,11
38326,70,62,8,8
38327,127,110,17,17
38328,149,119,30,30
38329,70,61,9,9
38330,139,135,4,4
38331,82,70,12,12
38332,91,85,6,6
38333,39,48,-9,9
38334,82,89,-7,7
38335,105,94,11,11
38336,147,135,12,12
38337,104,101,3,3
38338,117,88,29,29
38339,91,96,-5,5
38340,90,87,3,3
38341,104,87,17,17
38342,47,47,0,0
38343,56,53,3,3
38344,110,104,6,6
38345,43,47,-4,4
38346,120,105,15,15
38347,70,67,3,3
38348,75,71,4,4
38349,77,70,7,7
38350,72,65,7,7
38351,105,93,12,12
38352,218,184,34,34
38353,56,55,1,1
38354,100,95,5,5
38355,123,125,-2,2
38356,130,111,19,19
38357,63,52,11,11
38358,89,84,5,5
38359,60,60,0,0
38360,65,71,-6,6
38361,118,106,12,12
38362,86,81,5,5
38363,166,159,7,7
38364,106,99,7,7
38365,58,56,2,2
38366,141,116,25,25
38367,96,87,9,9
38368,106,90,16,16
38369,110,104,6,6
38370,64,58,6,6
38371,83,72,11,11
38372,92,99,-7,7
38373,70,63,7,7
38374,122,117,5,5
38375,86,79,7,7
38376,105,87,18,18
38377,99,95,4,4
38378,57,48,9,9
38379,79,70,9,9
38380,59,51,8,8
38381,70,65,5,5
38382,104,90,14,14
38383,86,81,5,5
38384,112,111,1,1
38385,102,93,9,9
38386,63,63,0,0
38387,118,104,14,14
38388,63,54,9,9
38389,104,112,-8,8
38390,86,81,5,5
38391,167,144,23,23
38392,164,144,20,20
38393,85,79,6,6
38394,111,104,7,7
38395,121,101,20,20
38396,94,86,8,8
38397,77,79,-2,2
38398,35,34,1,1
38399,95,83,12,12
38400,133,125,8,8
38401,85,83,2,2
38402,67,53,14,14
38403,114,106,8,8
38404,157,138,19,19
38405,157,135,22,22
38406,94,95,-1,1
38407,54,57,-3,3
38408,64,52,12,12
38409,109,95,14,14
38410,71,68,3,3
38411,73,72,1,1
38412,76,76,0,0
38413,130,108,22,22
38414,79,70,9,9
38415,142,141,1,1
38416,89,79,10,10
38417,105,99,6,6
38418,78,82,-4,4
38419,64,56,8,8
38420,63,65,-2,2
38421,89,82,7,7
38422,171,164,7,7
38423,111,89,22,22
38424,86,73,13,13
38425,102,90,12,12
38426,61,52,9,9
38427,85,78,7,7
38428,134,113,21,21
38429,81,75,6,6
38430,142,130,12,12
38431,80,68,12,12
38432,83,73,10,10
38433,121,103,18,18
38434,67,44,23,23
38435,100,105,-5,5
38436,129,115,14,14
38437,102,100,2,2
38438,126,116,10,10
38439,98,89,9,9
38440,63,49,14,14
38441,72,69,3,3
38442,88,87,1,1
38443,64,62,2,2
38444,107,105,2,2
38445,89,74,15,15
38446,93,83,10,10
38447,146,128,18,18
38448,101,98,3,3
38449,87,78,9,9
38450,97,89,8,8
38451,78,59,19,19
38452,130,106,24,24
38453,85,66,19,19
38454,77,64,13,13
38455,44,42,2,2
38456,96,84,12,12
38457,89,73,16,16
38458,117,106,11,11
38459,41,35,6,6
38460,113,105,8,8
38461,103,80,23,23
38462,161,136,25,25
38463,196,178,18,18
38464,64,44,20,20
38465,82,68,14,14
38466,66,84,-18,18
38467,80,68,12,12
38468,54,53,1,1
38469,104,100,4,4
38470,55,48,7,7
38471,57,52,5,5
38472,49,51,-2,2
38473,70,65,5,5
38474,74,73,1,1
38475,33,32,1,1
38476,83,83,0,0
38477,89,79,10,10
38478,102,88,14,14
38479,156,149,7,7
38480,36,41,-5,5
38481,62,54,8,8
38482,102,88,14,14
38483,87,88,-1,1
38484,50,42,8,8
38485,89,90,-1,1
38486,100,88,12,12
38487,98,80,18,18
38488,56,50,6,6
38489,75,66,9,9
38490,98,77,21,21
38491,117,98,19,19
38492,235,192,43,43
38493,54,51,3,3
38494,68,57,11,11
38495,116,113,3,3
38496,32,33,-1,1
38497,55,47,8,8
38498,82,74,8,8
38499,119,109,10,10
38500,183,173,10,10
38501,112,75,37,37
38502,57,59,-2,2
38503,120,108,12,12
38504,77,74,3,3
38505,68,68,0,0
38506,126,111,15,15
38507,68,58,10,10
38508,103,86,17,17
38509,110,106,4,4
38510,122,94,28,28
38511,100,107,-7,7
38512,74,67,7,7
38513,185,147,38,38
38514,118,120,-2,2
38515,41,41,0,0
38516,91,85,6,6
38517,83,65,18,18
38518,79,77,2,2
38519,82,69,13,13
38520,84,78,6,6
38521,70,53,17,17
38522,97,95,2,2
38523,99,92,7,7
38524,108,95,13,13
38525,85,75,10,10
38526,132,119,13,13
38527,99,89,10,10
38528,62,51,11,11
38529,80,64,16,16
38530,96,80,16,16
38531,98,82,16,16
38532,109,101,8,8
38533,124,117,7,7
38534,101,103,-2,2
38535,118,111,7,7
38536,57,49,8,8
38537,79,73,6,6
38538,86,81,5,5
38539,77,69,8,8
38540,132,113,19,19
38541,74,57,17,17
38542,108,98,10,10
38543,137,117,20,20
38544,102,94,8,8
38545,150,133,17,17
38546,51,47,4,4
38547,77,65,12,12
38548,59,49,10,10
38549,42,36,6,6
38550,141,128,13,13
38551,132,110,22,22
38552,67,58,9,9
38553,108,94,14,14
38554,144,141,3,3
38555,69,64,5,5
38556,85,75,10,10
38557,64,58,6,6
38558,65,60,5,5
38559,221,205,16,16
38560,70,61,9,9
38561,56,46,10,10
38562,62,58,4,4
38563,88,95,-7,7
38564,108,103,5,5
38565,178,150,28,28
38566,74,64,10,10
38567,85,90,-5,5
38568,61,61,0,0
38569,111,74,37,37
38570,103,100,3,3
38571,110,100,10,10
38572,74,63,11,11
38573,172,155,17,17
38574,87,90,-3,3
38575,141,139,2,2
38576,86,71,15,15
38577,89,89,0,0
38578,106,81,25,25
38579,103,91,12,12
38580,115,91,24,24
38581,61,46,15,15
38582,102,96,6,6
38583,64,58,6,6
38584,121,105,16,16
38585,61,60,1,1
38586,75,66,9,9
38587,43,35,8,8
38588,84,74,10,10
38589,118,102,16,16
38590,50,36,14,14
38591,81,61,20,20
38592,160,142,18,18
38593,121,102,19,19
38594,77,80,-3,3
38595,124,111,13,13
38596,140,123,17,17
38597,56,55,1,1
38598,92,77,15,15
38599,99,89,10,10
38600,169,148,21,21
38601,102,100,2,2
38602,149,135,14,14
38603,161,160,1,1
38604,73,72,1,1
38605,81,77,4,4
38606,76,69,7,7
38607,131,113,18,18
38608,155,146,9,9
38609,87,81,6,6
38610,62,53,9,9
38611,87,70,17,17
38612,78,81,-3,3
38613,74,68,6,6
38614,49,66,-17,17
38615,92,81,11,11
38616,133,120,13,13
38617,149,133,16,16
38618,120,110,10,10
38619,89,76,13,13
38620,102,91,11,11
38621,62,51,11,11
38622,57,40,17,17
38623,43,56,-13,13
38624,72,67,5,5
38625,58,55,3,3
38626,66,57,9,9
38627,73,71,2,2
38628,112,89,23,23
38629,158,136,22,22
38630,70,72,-2,2
38631,136,120,16,16
38632,85,72,13,13
38633,37,42,-5,5
38634,87,82,5,5
38635,130,127,3,3
38636,88,82,6,6
38637,57,56,1,1
38638,117,107,10,10
38639,105,90,15,15
38640,75,68,7,7
38641,153,144,9,9
38642,90,94,-4,4
38643,130,109,21,21
38644,86,82,4,4
38645,124,121,3,3
38646,83,76,7,7
38647,145,119,26,26
38648,77,72,5,5
38649,64,59,5,5
38650,129,117,12,12
38651,109,106,3,3
38652,94,81,13,13
38653,84,72,12,12
38654,64,57,7,7
38655,90,82,8,8
38656,171,152,19,19
38657,93,88,5,5
38658,121,115,6,6
38659,72,72,0,0
38660,72,75,-3,3
38661,85,77,8,8
38662,86,69,17,17
38663,93,90,3,3
38664,94,72,22,22
38665,118,112,6,6
38666,72,55,17,17
38667,64,60,4,4
38668,127,104,23,23
38669,64,57,7,7
38670,75,69,6,6
38671,57,57,0,0
38672,61,56,5,5
38673,74,78,-4,4
38674,53,58,-5,5
38675,80,77,3,3
38676,83,75,8,8
38677,124,108,16,16
38678,81,81,0,0
38679,84,86,-2,2
38680,128,107,21,21
38681,93,86,7,7
38682,79,75,4,4
38683,81,91,-10,10
38684,81,74,7,7
38685,104,98,6,6
38686,82,72,10,10
38687,84,60,24,24
38688,71,69,2,2
38689,62,54,8,8
38690,66,64,2,2
38691,63,58,5,5
38692,77,67,10,10
38693,56,52,4,4
38694,155,137,18,18
38695,143,123,20,20
38696,75,69,6,6
38697,92,91,1,1
38698,108,94,14,14
38699,105,97,8,8
38700,63,54,9,9
38701,117,110,7,7
38702,123,100,23,23
38703,69,64,5,5
38704,119,120,-1,1
38705,92,96,-4,4
38706,94,80,14,14
38707,80,75,5,5
38708,101,90,11,11
38709,150,132,18,18
38710,92,81,11,11
38711,97,86,11,11
38712,100,91,9,9
38713,74,78,-4,4
38714,157,146,11,11
38715,65,64,1,1
38716,97,84,13,13
38717,79,71,8,8
38718,86,76,10,10
38719,91,79,12,12
38720,51,47,4,4
38721,110,105,5,5
38722,106,98,8,8
38723,50,46,4,4
38724,76,65,11,11
38725,126,111,15,15
38726,73,66,7,7
38727,80,80,0,0
38728,90,76,14,14
38729,94,71,23,23
38730,99,90,9,9
38731,140,121,19,19
38732,92,80,12,12
38733,96,89,7,7
38734,107,96,11,11
38735,120,100,20,20
38736,141,127,14,14
38737,58,55,3,3
38738,99,89,10,10
38739,75,64,11,11
38740,118,96,22,22
38741,93,86,7,7
38742,104,82,22,22
38743,81,77,4,4
38744,107,95,12,12
38745,91,98,-7,7
38746,87,79,8,8
38747,53,50,3,3
38748,147,132,15,15
38749,108,93,15,15
38750,76,67,9,9
38751,59,53,6,6
38752,85,86,-1,1
38753,82,74,8,8
38754,57,55,2,2
38755,37,39,-2,2
38756,129,118,11,11
38757,57,45,12,12
38758,67,59,8,8
38759,76,66,10,10
38760,85,76,9,9
38761,130,110,20,20
38762,106,96,10,10
38763,104,106,-2,2
38764,88,84,4,4
38765,65,65,0,0
38766,75,70,5,5
38767,145,126,19,19
38768,149,133,16,16
38769,44,40,4,4
38770,69,59,10,10
38771,93,88,5,5
38772,78,66,12,12
38773,63,61,2,2
38774,78,76,2,2
38775,85,74,11,11
38776,55,48,7,7
38777,73,81,-8,8
38778,107,99,8,8
38779,131,114,17,17
38780,87,78,9,9
38781,40,49,-9,9
38782,139,113,26,26
38783,85,81,4,4
38784,163,159,4,4
38785,64,64,0,0
38786,193,173,20,20
38787,86,89,-3,3
38788,98,91,7,7
38789,51,54,-3,3
38790,128,114,14,14
38791,141,118,23,23
38792,84,74,10,10
38793,142,128,14,14
38794,59,56,3,3
38795,108,95,13,13
38796,39,42,-3,3
38797,156,140,16,16
38798,107,104,3,3
38799,99,99,0,0
38800,166,147,19,19
38801,85,75,10,10
38802,84,76,8,8
38803,98,86,12,12
38804,76,66,10,10
38805,138,117,21,21
38806,93,81,12,12
38807,182,146,36,36
38808,149,121,28,28
38809,132,109,23,23
38810,127,110,17,17
38811,70,64,6,6
38812,57,52,5,5
38813,176,172,4,4
38814,68,62,6,6
38815,46,41,5,5
38816,66,58,8,8
38817,113,108,5,5
38818,135,124,11,11
38819,48,46,2,2
38820,135,120,15,15
38821,70,67,3,3
38822,91,86,5,5
38823,125,109,16,16
38824,109,88,21,21
38825,53,54,-1,1
38826,91,83,8,8
38827,70,64,6,6
38828,65,63,2,2
38829,125,107,18,18
38830,72,67,5,5
38831,103,93,10,10
38832,103,72,31,31
38833,101,72,29,29
38834,117,113,4,4
38835,63,56,7,7
38836,164,153,11,11
38837,57,59,-2,2
38838,120,115,5,5
38839,133,119,14,14
38840,83,81,2,2
38841,64,59,5,5
38842,102,90,12,12
38843,70,60,10,10
38844,124,118,6,6
38845,106,86,20,20
38846,156,137,19,19
38847,67,62,5,5
38848,147,136,11,11
38849,113,105,8,8
38850,121,113,8,8
38851,97,88,9,9
38852,59,63,-4,4
38853,50,56,-6,6
38854,118,96,22,22
38855,56,50,6,6
38856,87,74,13,13
38857,89,90,-1,1
38858,65,66,-1,1
38859,62,59,3,3
38860,138,128,10,10
38861,149,139,10,10
38862,69,60,9,9
38863,76,72,4,4
38864,65,66,-1,1
38865,70,62,8,8
38866,133,131,2,2
38867,77,71,6,6
38868,93,88,5,5
38869,105,121,-16,16
38870,67,66,1,1
38871,84,76,8,8
38872,83,84,-1,1
38873,46,38,8,8
38874,102,88,14,14
38875,80,67,13,13
38876,106,100,6,6
38877,91,86,5,5
38878,70,52,18,18
38879,213,185,28,28
38880,84,81,3,3
38881,124,96,28,28
38882,113,97,16,16
38883,89,84,5,5
38884,112,101,11,11
38885,78,66,12,12
38886,60,53,7,7
38887,119,100,19,19
38888,58,54,4,4
38889,109,93,16,16
38890,113,125,-12,12
38891,101,82,19,19
38892,61,50,11,11
38893,76,71,5,5
38894,84,74,10,10
38895,86,83,3,3
38896,108,94,14,14
38897,102,85,17,17
38898,151,134,17,17
38899,66,62,4,4
38900,71,62,9,9
38901,66,63,3,3
38902,131,123,8,8
38903,49,46,3,3
38904,99,95,4,4
38905,69,68,1,1
38906,72,59,13,13
38907,179,149,30,30
38908,152,134,18,18
38909,70,63,7,7
38910,63,64,-1,1
38911,104,99,5,5
38912,22,39,-17,17
38913,105,93,12,12
38914,174,158,16,16
38915,123,111,12,12
38916,34,37,-3,3
38917,76,74,2,2
38918,114,101,13,13
38919,84,91,-7,7
38920,114,90,24,24
38921,236,196,40,40
38922,86,83,3,3
38923,91,74,17,17
38924,109,101,8,8
38925,99,82,17,17
38926,79,62,17,17
38927,51,51,0,0
38928,201,175,26,26
38929,60,54,6,6
38930,89,84,5,5
38931,84,75,9,9
38932,40,39,1,1
38933,68,62,6,6
38934,58,52,6,6
38935,73,65,8,8
38936,121,115,6,6
38937,55,44,11,11
38938,91,84,7,7
38939,57,55,2,2
38940,68,53,15,15
38941,93,74,19,19
38942,59,54,5,5
38943,76,66,10,10
38944,99,93,6,6
38945,85,95,-10,10
38946,113,95,18,18
38947,107,86,21,21
38948,184,161,23,23
38949,80,72,8,8
38950,99,92,7,7
38951,180,151,29,29
38952,94,95,-1,1
38953,37,38,-1,1
38954,59,63,-4,4
38955,65,58,7,7
38956,93,86,7,7
38957,88,87,1,1
38958,92,87,5,5
38959,128,108,20,20
38960,111,108,3,3
38961,128,152,-24,24
38962,48,46,2,2
38963,116,114,2,2
38964,54,46,8,8
38965,57,61,-4,4
38966,61,60,1,1
38967,79,72,7,7
38968,61,56,5,5
38969,122,110,12,12
38970,89,80,9,9
38971,121,103,18,18
38972,119,107,12,12
38973,108,111,-3,3
38974,100,94,6,6
38975,58,53,5,5
38976,106,89,17,17
38977,88,86,2,2
38978,103,85,18,18
38979,31,34,-3,3
38980,34,48,-14,14
38981,87,82,5,5
38982,111,102,9,9
38983,101,94,7,7
38984,41,39,2,2
38985,60,56,4,4
38986,115,107,8,8
38987,136,127,9,9
38988,74,63,11,11
38989,84,70,14,14
38990,110,98,12,12
38991,73,72,1,1
38992,126,112,14,14
38993,77,67,10,10
38994,129,118,11,11
38995,123,121,2,2
38996,99,83,16,16
38997,88,62,26,26
38998,61,65,-4,4
38999,74,69,5,5
39000,107,93,14,14
39001,122,106,16,16
39002,60,57,3,3
39003,188,169,19,19
39004,84,68,16,16
39005,146,134,12,12
39006,154,143,11,11
39007,114,111,3,3
39008,117,101,16,16
39009,163,153,10,10
39010,74,67,7,7
39011,113,97,16,16
39012,68,62,6,6
39013,137,125,12,12
39014,86,83,3,3
39015,136,124,12,12
39016,77,65,12,12
39017,156,136,20,20
39018,146,128,18,18
39019,62,54,8,8
39020,66,69,-3,3
39021,121,111,10,10
39022,161,135,26,26
39023,102,103,-1,1
39024,67,54,13,13
39025,129,118,11,11
39026,120,118,2,2
39027,174,161,13,13
39028,179,150,29,29
39029,92,78,14,14
39030,112,106,6,6
39031,110,93,17,17
39032,97,89,8,8
39033,68,59,9,9
39034,117,112,5,5
39035,155,130,25,25
39036,60,55,5,5
39037,167,132,35,35
39038,115,103,12,12
39039,134,125,9,9
39040,48,52,-4,4
39041,89,72,17,17
39042,42,52,-10,10
39043,31,34,-3,3
39044,105,92,13,13
39045,138,117,21,21
39046,97,79,18,18
39047,83,74,9,9
39048,54,50,4,4
39049,65,58,7,7
39050,94,93,1,1
39051,86,82,4,4
39052,88,87,1,1
39053,63,54,9,9
39054,144,132,12,12
39055,62,57,5,5
39056,63,69,-6,6
39057,98,86,12,12
39058,60,54,6,6
39059,49,47,2,2
39060,96,82,14,14
39061,71,70,1,1
39062,120,102,18,18
39063,150,124,26,26
39064,80,70,10,10
39065,58,56,2,2
39066,64,64,0,0
39067,140,127,13,13
39068,124,119,5,5
39069,97,82,15,15
39070,161,128,33,33
39071,50,56,-6,6
39072,101,98,3,3
39073,44,50,-6,6
39074,99,93,6,6
39075,171,143,28,28
39076,43,47,-4,4
39077,93,95,-2,2
39078,139,128,11,11
39079,120,103,17,17
39080,98,95,3,3
39081,101,94,7,7
39082,80,69,11,11
39083,63,52,11,11
39084,149,137,12,12
39085,132,114,18,18
39086,71,67,4,4
39087,92,92,0,0
39088,61,66,-5,5
39089,110,100,10,10
39090,67,63,4,4
39091,38,53,-15,15
39092,89,97,-8,8
39093,86,80,6,6
39094,157,159,-2,2
39095,63,65,-2,2
39096,56,54,2,2
39097,96,96,0,0
39098,58,59,-1,1
39099,164,152,12,12
39100,107,96,11,11
39101,131,113,18,18
39102,119,106,13,13
39103,103,95,8,8
39104,58,55,3,3
39105,158,132,26,26
39106,148,120,28,28
39107,107,103,4,4
39108,108,85,23,23
39109,85,66,19,19
39110,76,73,3,3
39111,72,58,14,14
39112,133,126,7,7
39113,71,62,9,9
39114,90,74,16,16
39115,105,97,8,8
39116,107,100,7,7
39117,84,74,10,10
39118,67,65,2,2
39119,154,138,16,16
39120,63,67,-4,4
39121,182,151,31,31
39122,130,110,20,20
39123,126,118,8,8
39124,135,117,18,18
39125,86,78,8,8
39126,90,86,4,4
39127,69,60,9,9
39128,99,96,3,3
39129,81,81,0,0
39130,92,83,9,9
39131,83,72,11,11
39132,76,65,11,11
39133,79,63,16,16
39134,59,59,0,0
39135,100,90,10,10
39136,60,60,0,0
39137,76,72,4,4
39138,110,90,20,20
39139,112,101,11,11
39140,93,91,2,2
39141,101,95,6,6
39142,107,101,6,6
39143,180,162,18,18
39144,109,99,10,10
39145,85,65,20,20
39146,123,109,14,14
39147,90,83,7,7
39148,118,108,10,10
39149,108,91,17,17
39150,95,83,12,12
39151,119,100,19,19
39152,115,92,23,23
39153,145,125,20,20
39154,46,54,-8,8
39155,59,57,2,2
39156,127,124,3,3
39157,114,105,9,9
39158,101,93,8,8
39159,134,123,11,11
39160,99,88,11,11
39161,143,125,18,18
39162,136,119,17,17
39163,152,136,16,16
39164,103,93,10,10
39165,79,68,11,11
39166,83,73,10,10
39167,125,105,20,20
39168,74,84,-10,10
39169,44,43,1,1
39170,100,94,6,6
39171,111,101,10,10
39172,65,56,9,9
39173,102,90,12,12
39174,109,97,12,12
39175,80,64,16,16
39176,117,107,10,10
39177,121,107,14,14
39178,154,133,21,21
39179,55,55,0,0
39180,90,85,5,5
39181,137,108,29,29
39182,53,47,6,6
39183,137,127,10,10
39184,64,57,7,7
39185,133,111,22,22
39186,38,28,10,10
39187,105,81,24,24
39188,45,39,6,6
39189,133,110,23,23
39190,121,110,11,11
39191,138,121,17,17
39192,84,68,16,16
39193,79,72,7,7
39194,48,48,0,0
39195,51,54,-3,3
39196,90,85,5,5
39197,79,66,13,13
39198,73,67,6,6
39199,82,65,17,17
39200,90,85,5,5
39201,98,69,29,29
39202,56,52,4,4
39203,100,88,12,12
39204,55,59,-4,4
39205,116,116,0,0
39206,61,54,7,7
39207,77,66,11,11
39208,131,117,14,14
39209,115,95,20,20
39210,94,79,15,15
39211,80,69,11,11
39212,57,56,1,1
39213,112,99,13,13
39214,98,85,13,13
39215,136,132,4,4
39216,125,104,21,21
39217,90,90,0,0
39218,81,75,6,6
39219,123,109,14,14
39220,114,112,2,2
39221,35,51,-16,16
39222,55,48,7,7
39223,110,95,15,15
39224,52,48,4,4
39225,191,160,31,31
39226,48,53,-5,5
39227,70,56,14,14
39228,116,106,10,10
39229,114,109,5,5
39230,71,68,3,3
39231,130,107,23,23
39232,92,82,10,10
39233,111,106,5,5
39234,150,140,10,10
39235,112,119,-7,7
39236,85,78,7,7
39237,75,68,7,7
39238,64,58,6,6
39239,65,60,5,5
39240,164,149,15,15
39241,63,35,28,28
39242,105,97,8,8
39243,96,85,11,11
39244,102,82,20,20
39245,84,67,17,17
39246,72,72,0,0
39247,118,112,6,6
39248,110,98,12,12
39249,81,77,4,4
39250,109,104,5,5
39251,76,63,13,13
39252,64,55,9,9
39253,133,109,24,24
39254,143,119,24,24
39255,72,69,3,3
39256,74,74,0,0
39257,41,37,4,4
39258,65,59,6,6
39259,73,61,12,12
39260,63,64,-1,1
39261,175,150,25,25
39262,85,90,-5,5
39263,82,72,10,10
39264,48,47,1,1
39265,97,85,12,12
39266,86,83,3,3
39267,66,62,4,4
39268,80,68,12,12
39269,84,82,2,2
39270,90,80,10,10
39271,76,78,-2,2
39272,90,82,8,8
39273,128,122,6,6
39274,76,78,-2,2
39275,84,75,9,9
39276,116,107,9,9
39277,72,73,-1,1
39278,88,79,9,9
39279,58,47,11,11
39280,80,72,8,8
39281,122,107,15,15
39282,84,81,3,3
39283,62,57,5,5
39284,78,66,12,12
39285,113,103,10,10
39286,152,135,17,17
39287,68,64,4,4
39288,72,64,8,8
39289,104,98,6,6
39290,100,92,8,8
39291,92,76,16,16
39292,95,76,19,19
39293,66,56,10,10
39294,78,75,3,3
39295,117,98,19,19
39296,109,82,27,27
39297,157,134,23,23
39298,100,81,19,19
39299,101,87,14,14
39300,68,56,12,12
39301,137,112,25,25
39302,144,136,8,8
39303,152,140,12,12
39304,121,104,17,17
39305,83,77,6,6
39306,86,91,-5,5
39307,72,59,13,13
39308,82,89,-7,7
39309,115,100,15,15
39310,44,41,3,3
39311,130,127,3,3
39312,84,77,7,7
39313,104,90,14,14
39314,70,55,15,15
39315,152,121,31,31
39316,66,63,3,3
39317,137,106,31,31
39318,86,78,8,8
39319,130,111,19,19
39320,105,88,17,17
39321,79,75,4,4
39322,79,71,8,8
39323,68,59,9,9
39324,86,76,10,10
39325,90,88,2,2
39326,174,148,26,26
39327,41,36,5,5
39328,109,91,18,18
39329,98,82,16,16
39330,79,76,3,3
39331,107,102,5,5
39332,138,131,7,7
39333,49,38,11,11
39334,68,68,0,0
39335,465,356,109,109
39336,102,86,16,16
39337,108,102,6,6
39338,98,93,5,5
39339,70,55,15,15
39340,90,83,7,7
39341,103,94,9,9
39342,84,65,19,19
39343,128,125,3,3
39344,205,172,33,33
39345,149,128,21,21
39346,51,50,1,1
39347,64,58,6,6
39348,155,130,25,25
39349,61,57,4,4
39350,91,80,11,11
39351,69,69,0,0
39352,51,57,-6,6
39353,59,52,7,7
39354,110,90,20,20
39355,145,117,28,28
39356,86,88,-2,2
39357,192,174,18,18
39358,80,63,17,17
39359,62,56,6,6
39360,116,110,6,6
39361,94,93,1,1
39362,60,53,7,7
39363,128,135,-7,7
39364,129,113,16,16
39365,111,101,10,10
39366,137,125,12,12
39367,164,141,23,23
39368,119,105,14,14
39369,90,81,9,9
39370,114,115,-1,1
39371,26,26,0,0
39372,107,99,8,8
39373,68,62,6,6
39374,118,109,9,9
39375,124,106,18,18
39376,170,150,20,20
39377,61,59,2,2
39378,136,126,10,10
39379,196,151,45,45
39380,87,66,21,21
39381,95,97,-2,2
39382,108,99,9,9
39383,151,135,16,16
39384,67,66,1,1
39385,149,136,13,13
39386,113,100,13,13
39387,50,45,5,5
39388,79,77,2,2
39389,103,93,10,10
39390,80,65,15,15
39391,172,160,12,12
39392,105,102,3,3
39393,82,76,6,6
39394,47,45,2,2
39395,54,38,16,16
39396,80,69,11,11
39397,64,54,10,10
39398,150,129,21,21
39399,134,121,13,13
39400,61,64,-3,3
39401,108,93,15,15
39402,116,107,9,9
39403,101,108,-7,7
39404,81,74,7,7
39405,90,88,2,2
39406,71,68,3,3
39407,119,107,12,12
39408,133,123,10,10
39409,125,126,-1,1
39410,70,59,11,11
39411,182,158,24,24
39412,114,110,4,4
39413,136,139,-3,3
39414,76,70,6,6
39415,114,94,20,20
39416,46,45,1,1
39417,97,103,-6,6
39418,70,68,2,2
39419,63,53,10,10
39420,100,82,18,18
39421,114,101,13,13
39422,52,47,5,5
39423,130,122,8,8
39424,108,91,17,17
39425,133,110,23,23
39426,26,31,-5,5
39427,75,67,8,8
39428,112,109,3,3
39429,73,61,12,12
39430,44,48,-4,4
39431,75,68,7,7
39432,93,84,9,9
39433,60,63,-3,3
39434,83,74,9,9
39435,140,120,20,20
39436,100,92,8,8
39437,107,92,15,15
39438,95,71,24,24
39439,111,90,21,21
39440,112,100,12,12
39441,67,66,1,1
39442,52,48,4,4
39443,113,96,17,17
39444,77,68,9,9
39445,135,125,10,10
39446,61,57,4,4
39447,58,60,-2,2
39448,60,55,5,5
39449,100,88,12,12
39450,49,53,-4,4
39451,71,59,12,12
39452,104,99,5,5
39453,49,49,0,0
39454,141,127,14,14
39455,113,104,9,9
39456,74,63,11,11
39457,135,124,11,11
39458,61,60,1,1
39459,115,107,8,8
39460,89,87,2,2
39461,76,66,10,10
39462,111,110,1,1
39463,61,62,-1,1
39464,54,46,8,8
39465,95,92,3,3
39466,125,114,11,11
39467,168,155,13,13
39468,71,62,9,9
39469,80,68,12,12
39470,224,214,10,10
39471,87,81,6,6
39472,65,61,4,4
39473,130,125,5,5
39474,111,107,4,4
39475,76,65,11,11
39476,111,101,10,10
39477,88,87,1,1
39478,97,86,11,11
39479,118,109,9,9
39480,93,74,19,19
39481,131,110,21,21
39482,82,74,8,8
39483,153,132,21,21
39484,76,70,6,6
39485,105,103,2,2
39486,38,33,5,5
39487,56,59,-3,3
39488,75,67,8,8
39489,40,35,5,5
39490,139,134,5,5
39491,78,84,-6,6
39492,72,66,6,6
39493,123,119,4,4
39494,71,62,9,9
39495,144,127,17,17
39496,51,52,-1,1
39497,63,54,9,9
39498,51,52,-1,1
39499,98,86,12,12
39500,83,72,11,11
39501,75,80,-5,5
39502,108,98,10,10
39503,100,86,14,14
39504,61,53,8,8
39505,76,70,6,6
39506,156,202,-46,46
39507,69,60,9,9
39508,219,182,37,37
39509,112,102,10,10
39510,86,82,4,4
39511,53,44,9,9
39512,108,97,11,11
39513,82,71,11,11
39514,89,72,17,17
39515,125,107,18,18
39516,96,108,-12,12
39517,113,101,12,12
39518,61,61,0,0
39519,39,39,0,0
39520,65,72,-7,7
39521,101,92,9,9
39522,188,158,30,30
39523,73,63,10,10
39524,51,57,-6,6
39525,126,115,11,11
39526,95,110,-15,15
39527,85,93,-8,8
39528,112,97,15,15
39529,117,111,6,6
39530,109,85,24,24
39531,47,53,-6,6
39532,63,67,-4,4
39533,92,85,7,7
39534,78,72,6,6
39535,100,87,13,13
39536,137,112,25,25
39537,163,147,16,16
39538,74,74,0,0
39539,64,68,-4,4
39540,87,67,20,20
39541,87,81,6,6
39542,120,115,5,5
39543,129,115,14,14
39544,137,125,12,12
39545,65,60,5,5
39546,67,60,7,7
39547,83,75,8,8
39548,91,78,13,13
39549,88,73,15,15
39550,47,42,5,5
39551,119,106,13,13
39552,76,73,3,3
39553,96,84,12,12
39554,69,70,-1,1
39555,91,85,6,6
39556,95,87,8,8
39557,89,91,-2,2
39558,89,71,18,18
39559,106,99,7,7
39560,86,60,26,26
39561,119,101,18,18
39562,76,75,1,1
39563,95,79,16,16
39564,93,82,11,11
39565,93,74,19,19
39566,87,78,9,9
39567,142,136,6,6
39568,81,74,7,7
39569,54,46,8,8
39570,131,113,18,18
39571,53,50,3,3
39572,132,123,9,9
39573,83,78,5,5
39574,77,62,15,15
39575,86,82,4,4
39576,135,119,16,16
39577,114,99,15,15
39578,75,79,-4,4
39579,62,66,-4,4
39580,96,83,13,13
39581,88,74,14,14
39582,58,55,3,3
39583,55,55,0,0
39584,70,64,6,6
39585,162,137,25,25
39586,98,79,19,19
39587,73,61,12,12
39588,52,49,3,3
39589,86,77,9,9
39590,133,112,21,21
39591,102,96,6,6
39592,137,123,14,14
39593,58,50,8,8
39594,94,71,23,23
39595,158,136,22,22
39596,88,83,5,5
39597,81,81,0,0
39598,88,71,17,17
39599,170,168,2,2
39600,132,117,15,15
39601,160,145,15,15
39602,69,62,7,7
39603,78,68,10,10
39604,47,56,-9,9
39605,122,112,10,10
39606,46,42,4,4
39607,81,78,3,3
39608,173,163,10,10
39609,36,99,-63,63
39610,84,70,14,14
39611,118,93,25,25
39612,113,91,22,22
39613,162,145,17,17
39614,98,96,2,2
39615,96,87,9,9
39616,71,64,7,7
39617,68,60,8,8
39618,85,76,9,9
39619,34,56,-22,22
39620,69,70,-1,1
39621,69,66,3,3
39622,128,112,16,16
39623,99,93,6,6
39624,121,113,8,8
39625,179,155,24,24
39626,92,88,4,4
39627,171,159,12,12
39628,94,86,8,8
39629,112,105,7,7
39630,79,66,13,13
39631,57,59,-2,2
39632,72,73,-1,1
39633,161,128,33,33
39634,132,119,13,13
39635,126,109,17,17
39636,78,75,3,3
39637,72,61,11,11
39638,88,86,2,2
39639,93,80,13,13
39640,56,53,3,3
39641,179,150,29,29
39642,99,88,11,11
39643,143,121,22,22
39644,25,31,-6,6
39645,85,74,11,11
39646,50,45,5,5
39647,110,98,12,12
39648,133,116,17,17
39649,103,87,16,16
39650,149,135,14,14
39651,146,137,9,9
39652,65,63,2,2
39653,117,124,-7,7
39654,53,48,5,5
39655,155,131,24,24
39656,127,116,11,11
39657,87,80,7,7
39658,167,143,24,24
39659,74,62,12,12
39660,65,62,3,3
39661,50,46,4,4
39662,109,96,13,13
39663,65,62,3,3
39664,98,86,12,12
39665,128,114,14,14
39666,132,122,10,10
39667,174,162,12,12
39668,81,74,7,7
39669,69,66,3,3
39670,77,67,10,10
39671,69,59,10,10
39672,68,64,4,4
39673,132,127,5,5
39674,152,152,0,0
39675,87,80,7,7
39676,30,32,-2,2
39677,98,79,19,19
39678,99,85,14,14
39679,116,108,8,8
39680,100,90,10,10
39681,137,120,17,17
39682,63,59,4,4
39683,82,81,1,1
39684,99,103,-4,4
39685,58,53,5,5
39686,68,64,4,4
39687,121,107,14,14
39688,91,72,19,19
39689,61,74,-13,13
39690,46,42,4,4
39691,107,107,0,0
39692,80,69,11,11
39693,78,74,4,4
39694,83,70,13,13
39695,139,123,16,16
39696,113,106,7,7
39697,109,106,3,3
39698,168,151,17,17
39699,148,127,21,21
39700,90,75,15,15
39701,49,50,-1,1
39702,91,91,0,0
39703,48,46,2,2
39704,99,94,5,5
39705,125,119,6,6
39706,77,86,-9,9
39707,89,80,9,9
39708,85,69,16,16
39709,85,75,10,10
39710,60,58,2,2
39711,100,87,13,13
39712,61,59,2,2
39713,87,78,9,9
39714,79,73,6,6
39715,48,42,6,6
39716,90,90,0,0
39717,85,76,9,9
39718,77,64,13,13
39719,56,53,3,3
39720,55,51,4,4
39721,148,134,14,14
39722,108,92,16,16
39723,69,56,13,13
39724,151,133,18,18
39725,98,79,19,19
39726,87,82,5,5
39727,76,67,9,9
39728,84,74,10,10
39729,39,42,-3,3
39730,105,96,9,9
39731,68,84,-16,16
39732,58,63,-5,5
39733,81,73,8,8
39734,108,103,5,5
39735,98,91,7,7
39736,148,101,47,47
39737,71,67,4,4
39738,108,95,13,13
39739,68,68,0,0
39740,82,75,7,7
39741,159,131,28,28
39742,109,88,21,21
39743,113,98,15,15
39744,106,94,12,12
39745,124,106,18,18
39746,74,66,8,8
39747,23,22,1,1
39748,94,79,15,15
39749,69,63,6,6
39750,63,61,2,2
39751,49,52,-3,3
39752,83,75,8,8
39753,65,60,5,5
39754,122,87,35,35
39755,110,100,10,10
39756,145,132,13,13
39757,128,106,22,22
39758,61,53,8,8
39759,135,118,17,17
39760,62,48,14,14
39761,143,111,32,32
39762,59,56,3,3
39763,133,120,13,13
39764,84,85,-1,1
39765,127,114,13,13
39766,75,63,12,12
39767,128,114,14,14
39768,85,83,2,2
39769,127,105,22,22
39770,66,67,-1,1
39771,45,31,14,14
39772,89,80,9,9
39773,82,68,14,14
39774,98,84,14,14
39775,51,55,-4,4
39776,112,106,6,6
39777,70,62,8,8
39778,75,53,22,22
39779,97,89,8,8
39780,59,66,-7,7
39781,51,41,10,10
39782,53,50,3,3
39783,56,60,-4,4
39784,67,57,10,10
39785,66,63,3,3
39786,89,78,11,11
39787,94,76,18,18
39788,77,76,1,1
39789,41,39,2,2
39790,85,77,8,8
39791,72,62,10,10
39792,108,101,7,7
39793,105,97,8,8
39794,67,66,1,1
39795,97,85,12,12
39796,76,69,7,7
39797,133,135,-2,2
39798,93,85,8,8
39799,40,42,-2,2
39800,66,56,10,10
39801,43,42,1,1
39802,145,127,18,18
39803,135,108,27,27
39804,64,63,1,1
39805,76,86,-10,10
39806,55,52,3,3
39807,78,61,17,17
39808,103,93,10,10
39809,141,133,8,8
39810,152,138,14,14
39811,110,111,-1,1
39812,122,104,18,18
39813,78,73,5,5
39814,82,75,7,7
39815,104,85,19,19
39816,112,98,14,14
39817,69,58,11,11
39818,48,45,3,3
39819,60,61,-1,1
39820,54,47,7,7
39821,128,110,18,18
39822,61,53,8,8
39823,108,104,4,4
39824,86,79,7,7
39825,74,75,-1,1
39826,168,146,22,22
39827,76,68,8,8
39828,80,73,7,7
39829,96,81,15,15
39830,74,68,6,6
39831,59,51,8,8
39832,143,130,13,13
39833,68,55,13,13
39834,76,71,5,5
39835,97,92,5,5
39836,66,63,3,3
39837,94,87,7,7
39838,159,141,18,18
39839,76,60,16,16
39840,121,113,8,8
39841,123,114,9,9
39842,80,74,6,6
39843,77,72,5,5
39844,52,52,0,0
39845,115,110,5,5
39846,180,145,35,35
39847,70,65,5,5
39848,79,78,1,1
39849,112,94,18,18
39850,89,85,4,4
39851,83,74,9,9
39852,108,106,2,2
39853,67,65,2,2
39854,86,76,10,10
39855,82,78,4,4
39856,156,141,15,15
39857,141,119,22,22
39858,154,134,20,20
39859,63,59,4,4
39860,52,48,4,4
39861,122,102,20,20
39862,69,71,-2,2
39863,93,83,10,10
39864,106,105,1,1
39865,76,67,9,9
39866,97,79,18,18
39867,96,85,11,11
39868,116,106,10,10
39869,98,89,9,9
39870,89,77,12,12
39871,137,129,8,8
39872,88,68,20,20
39873,115,104,11,11
39874,135,121,14,14
39875,99,94,5,5
39876,68,68,0,0
39877,98,89,9,9
39878,119,102,17,17
39879,77,67,10,10
39880,74,73,1,1
39881,115,105,10,10
39882,67,61,6,6
39883,79,76,3,3
39884,107,104,3,3
39885,83,74,9,9
39886,74,74,0,0
39887,160,148,12,12
39888,56,52,4,4
39889,74,68,6,6
39890,95,90,5,5
39891,141,139,2,2
39892,98,89,9,9
39893,84,79,5,5
39894,118,104,14,14
39895,58,50,8,8
39896,54,56,-2,2
39897,74,68,6,6
39898,69,66,3,3
39899,123,100,23,23
39900,59,54,5,5
39901,50,52,-2,2
39902,56,49,7,7
39903,55,52,3,3
39904,145,124,21,21
39905,89,76,13,13
39906,74,59,15,15
39907,67,62,5,5
39908,100,95,5,5
39909,99,90,9,9
39910,64,62,2,2
39911,49,54,-5,5
39912,144,134,10,10
39913,65,59,6,6
39914,57,50,7,7
39915,74,67,7,7
39916,82,79,3,3
39917,80,68,12,12
39918,167,173,-6,6
39919,55,43,12,12
39920,98,92,6,6
39921,69,64,5,5
39922,60,57,3,3
39923,149,133,16,16
39924,170,153,17,17
39925,56,55,1,1
39926,120,105,15,15
39927,114,106,8,8
39928,123,115,8,8
39929,67,68,-1,1
39930,145,129,16,16
39931,72,65,7,7
39932,85,75,10,10
39933,117,106,11,11
39934,87,96,-9,9
39935,66,64,2,2
39936,116,112,4,4
39937,53,59,-6,6
39938,109,93,16,16
39939,26,31,-5,5
39940,51,46,5,5
39941,65,55,10,10
39942,89,74,15,15
39943,110,87,23,23
39944,70,66,4,4
39945,46,44,2,2
39946,119,108,11,11
39947,127,111,16,16
39948,95,85,10,10
39949,68,63,5,5
39950,73,64,9,9
39951,112,95,17,17
39952,152,149,3,3
39953,83,77,6,6
39954,115,104,11,11
39955,131,99,32,32
39956,49,40,9,9
39957,118,90,28,28
39958,94,78,16,16
39959,120,114,6,6
39960,64,71,-7,7
39961,145,128,17,17
39962,63,60,3,3
39963,62,56,6,6
39964,55,51,4,4
39965,113,114,-1,1
39966,62,56,6,6
39967,80,68,12,12
39968,100,85,15,15
39969,72,69,3,3
39970,75,68,7,7
39971,104,93,11,11
39972,56,47,9,9
39973,116,115,1,1
39974,87,83,4,4
39975,109,95,14,14
39976,107,105,2,2
39977,63,59,4,4
39978,127,123,4,4
39979,124,100,24,24
39980,67,61,6,6
39981,229,173,56,56
39982,144,115,29,29
39983,110,102,8,8
39984,70,59,11,11
39985,102,90,12,12
39986,153,124,29,29
39987,82,75,7,7
39988,50,46,4,4
39989,54,54,0,0
39990,97,81,16,16
39991,75,73,2,2
39992,83,72,11,11
39993,88,79,9,9
39994,129,110,19,19
39995,91,74,17,17
39996,115,97,18,18
39997,96,86,10,10
39998,177,160,17,17
39999,109,101,8,8
40000,91,85,6,6
40001,102,88,14,14
40002,75,63,12,12
40003,67,64,3,3
40004,85,76,9,9
40005,133,115,18,18
40006,122,107,15,15
40007,99,89,10,10
40008,72,70,2,2
40009,80,76,4,4
40010,61,57,4,4
40011,118,99,19,19
40012,112,103,9,9
40013,69,70,-1,1
40014,156,138,18,18
40015,140,123,17,17
40016,55,49,6,6
40017,85,84,1,1
40018,104,91,13,13
40019,113,100,13,13
40020,61,61,0,0
40021,110,107,3,3
40022,142,117,25,25
40023,93,82,11,11
40024,49,49,0,0
40025,139,130,9,9
40026,42,41,1,1
40027,80,66,14,14
40028,138,123,15,15
40029,148,133,15,15
40030,28,35,-7,7
40031,54,56,-2,2
40032,85,70,15,15
40033,84,73,11,11
40034,161,135,26,26
40035,80,70,10,10
40036,108,113,-5,5
40037,91,86,5,5
40038,92,77,15,15
40039,92,93,-1,1
40040,91,72,19,19
40041,146,124,22,22
40042,59,61,-2,2
40043,109,91,18,18
40044,67,64,3,3
40045,89,86,3,3
40046,156,132,24,24
40047,106,91,15,15
40048,71,66,5,5
40049,161,144,17,17
40050,97,84,13,13
40051,95,83,12,12
40052,128,120,8,8
40053,79,85,-6,6
40054,127,125,2,2
40055,88,85,3,3
40056,63,57,6,6
40057,47,46,1,1
40058,67,67,0,0
40059,44,39,5,5
40060,70,62,8,8
40061,59,51,8,8
40062,115,105,10,10
40063,123,118,5,5
40064,49,43,6,6
40065,81,72,9,9
40066,55,53,2,2
40067,105,90,15,15
40068,120,109,11,11
40069,95,91,4,4
40070,73,69,4,4
40071,76,71,5,5
40072,95,84,11,11
40073,35,35,0,0
40074,85,73,12,12
40075,65,71,-6,6
40076,125,117,8,8
40077,62,57,5,5
40078,95,87,8,8
40079,139,124,15,15
40080,77,73,4,4
40081,65,58,7,7
40082,53,50,3,3
40083,83,68,15,15
40084,62,47,15,15
40085,74,66,8,8
40086,32,29,3,3
40087,67,60,7,7
40088,134,113,21,21
40089,78,75,3,3
40090,88,77,11,11
40091,81,76,5,5
40092,60,59,1,1
40093,117,95,22,22
40094,61,60,1,1
40095,147,133,14,14
40096,217,185,32,32
40097,84,73,11,11
40098,67,57,10,10
40099,158,163,-5,5
40100,51,56,-5,5
40101,91,84,7,7
40102,72,61,11,11
40103,121,113,8,8
40104,76,61,15,15
40105,117,100,17,17
40106,63,59,4,4
40107,82,83,-1,1
40108,87,89,-2,2
40109,77,68,9,9
40110,67,63,4,4
40111,129,96,33,33
40112,56,52,4,4
40113,60,60,0,0
40114,130,108,22,22
40115,106,107,-1,1
40116,73,64,9,9
40117,89,83,6,6
40118,85,88,-3,3
40119,71,61,10,10
40120,206,183,23,23
40121,142,134,8,8
40122,106,100,6,6
40123,98,89,9,9
40124,60,65,-5,5
40125,113,108,5,5
40126,57,55,2,2
40127,73,58,15,15
40128,186,149,37,37
40129,87,88,-1,1
40130,122,105,17,17
40131,80,78,2,2
40132,130,110,20,20
40133,106,92,14,14
40134,175,181,-6,6
40135,135,111,24,24
40136,115,102,13,13
40137,80,73,7,7
40138,125,106,19,19
40139,85,86,-1,1
40140,85,73,12,12
40141,143,124,19,19
40142,92,82,10,10
40143,74,56,18,18
40144,66,68,-2,2
40145,68,60,8,8
40146,103,85,18,18
40147,82,75,7,7
40148,57,57,0,0
40149,102,104,-2,2
40150,117,105,12,12
40151,79,75,4,4
40152,179,145,34,34
40153,111,111,0,0
40154,59,56,3,3
40155,90,80,10,10
40156,82,96,-14,14
40157,120,105,15,15
40158,89,82,7,7
40159,76,68,8,8
40160,74,61,13,13
40161,54,51,3,3
40162,51,47,4,4
40163,71,69,2,2
40164,116,93,23,23
40165,84,71,13,13
40166,107,95,12,12
40167,83,73,10,10
40168,170,143,27,27
40169,118,110,8,8
40170,115,102,13,13
40171,78,80,-2,2
40172,155,135,20,20
40173,143,137,6,6
40174,80,80,0,0
40175,64,66,-2,2
40176,97,81,16,16
40177,92,82,10,10
40178,63,63,0,0
40179,196,160,36,36
40180,70,72,-2,2
40181,95,88,7,7
40182,73,69,4,4
40183,64,68,-4,4
40184,86,91,-5,5
40185,93,89,4,4
40186,81,72,9,9
40187,132,97,35,35
40188,89,62,27,27
40189,80,64,16,16
40190,61,56,5,5
40191,148,139,9,9
40192,104,91,13,13
40193,105,98,7,7
40194,94,79,15,15
40195,72,68,4,4
40196,71,67,4,4
40197,115,104,11,11
40198,100,88,12,12
40199,64,58,6,6
40200,88,84,4,4
40201,175,169,6,6
40202,153,147,6,6
40203,58,49,9,9
40204,143,135,8,8
40205,49,45,4,4
40206,62,52,10,10
40207,72,64,8,8
40208,112,104,8,8
40209,90,81,9,9
40210,88,78,10,10
40211,92,79,13,13
40212,25,33,-8,8
40213,97,86,11,11
40214,133,111,22,22
40215,86,79,7,7
40216,81,71,10,10
40217,164,139,25,25
40218,64,55,9,9
40219,79,72,7,7
40220,108,98,10,10
40221,62,62,0,0
40222,84,76,8,8
40223,187,172,15,15
40224,70,74,-4,4
40225,119,101,18,18
40226,86,82,4,4
40227,118,103,15,15
40228,79,76,3,3
40229,77,71,6,6
40230,85,82,3,3
40231,107,88,19,19
40232,76,72,4,4
40233,54,43,11,11
40234,66,62,4,4
40235,64,66,-2,2
40236,56,43,13,13
40237,147,144,3,3
40238,92,70,22,22
40239,119,103,16,16
40240,61,66,-5,5
40241,112,98,14,14
40242,116,111,5,5
40243,68,70,-2,2
40244,153,138,15,15
40245,114,114,0,0
40246,115,103,12,12
40247,91,84,7,7
40248,68,66,2,2
40249,111,97,14,14
40250,79,65,14,14
40251,57,57,0,0
40252,114,104,10,10
40253,66,66,0,0
40254,96,73,23,23
40255,83,87,-4,4
40256,93,76,17,17
40257,83,68,15,15
40258,80,69,11,11
40259,82,78,4,4
40260,114,105,9,9
40261,49,51,-2,2
40262,67,65,2,2
40263,79,72,7,7
40264,77,69,8,8
40265,64,60,4,4
40266,177,155,22,22
40267,71,69,2,2
40268,99,86,13,13
40269,90,79,11,11
40270,107,96,11,11
40271,103,85,18,18
40272,144,129,15,15
40273,81,71,10,10
40274,69,61,8,8
40275,63,74,-11,11
40276,105,100,5,5
40277,100,84,16,16
40278,118,111,7,7
40279,89,70,19,19
40280,90,82,8,8
40281,88,84,4,4
40282,69,59,10,10
40283,59,49,10,10
40284,84,73,11,11
40285,143,133,10,10
40286,112,113,-1,1
40287,143,142,1,1
40288,78,76,2,2
40289,38,37,1,1
40290,107,89,18,18
40291,57,55,2,2
40292,62,86,-24,24
40293,79,76,3,3
40294,72,70,2,2
40295,85,74,11,11
40296,83,77,6,6
40297,69,62,7,7
40298,62,53,9,9
40299,80,73,7,7
40300,55,62,-7,7
40301,77,64,13,13
40302,77,79,-2,2
40303,81,83,-2,2
40304,88,79,9,9
40305,75,78,-3,3
40306,103,97,6,6
40307,63,55,8,8
40308,115,93,22,22
40309,149,139,10,10
40310,48,45,3,3
40311,67,56,11,11
40312,167,136,31,31
40313,116,105,11,11
40314,40,44,-4,4
40315,93,88,5,5
40316,98,85,13,13
40317,105,85,20,20
40318,150,130,20,20
40319,174,138,36,36
40320,156,135,21,21
40321,61,87,-26,26
40322,124,119,5,5
40323,61,55,6,6
40324,58,55,3,3
40325,147,137,10,10
40326,80,84,-4,4
40327,115,94,21,21
40328,139,125,14,14
40329,73,68,5,5
40330,208,184,24,24
40331,92,90,2,2
40332,63,53,10,10
40333,126,107,19,19
40334,31,31,0,0
40335,55,63,-8,8
40336,154,138,16,16
40337,110,103,7,7
40338,62,55,7,7
40339,124,111,13,13
40340,81,68,13,13
40341,78,62,16,16
40342,122,124,-2,2
40343,110,111,-1,1
40344,100,78,22,22
40345,112,102,10,10
40346,58,48,10,10
40347,92,83,9,9
40348,143,128,15,15
40349,76,68,8,8
40350,62,62,0,0
40351,72,68,4,4
40352,96,89,7,7
40353,98,90,8,8
40354,209,171,38,38
40355,81,72,9,9
40356,65,64,1,1
40357,111,90,21,21
40358,158,140,18,18
40359,106,101,5,5
40360,124,105,19,19
40361,90,76,14,14
40362,95,88,7,7
40363,86,83,3,3
40364,89,75,14,14
40365,59,64,-5,5
40366,132,110,22,22
40367,91,66,25,25
40368,90,79,11,11
40369,85,77,8,8
40370,77,81,-4,4
40371,68,57,11,11
40372,77,77,0,0
40373,125,123,2,2
40374,53,46,7,7
40375,100,100,0,0
40376,128,121,7,7
40377,78,64,14,14
40378,73,78,-5,5
40379,79,72,7,7
40380,89,85,4,4
40381,101,92,9,9
40382,93,99,-6,6
40383,93,86,7,7
40384,62,56,6,6
40385,113,102,11,11
40386,117,105,12,12
40387,133,116,17,17
40388,107,105,2,2
40389,64,79,-15,15
40390,48,46,2,2
40391,103,92,11,11
40392,91,90,1,1
40393,121,117,4,4
40394,109,102,7,7
40395,92,82,10,10
40396,118,99,19,19
40397,82,79,3,3
40398,76,62,14,14
40399,98,84,14,14
40400,118,97,21,21
40401,124,120,4,4
40402,120,95,25,25
40403,85,83,2,2
40404,112,101,11,11
40405,88,80,8,8
40406,65,54,11,11
40407,48,46,2,2
40408,66,70,-4,4
40409,106,74,32,32
40410,174,133,41,41
40411,161,142,19,19
40412,42,48,-6,6
40413,65,64,1,1
40414,47,51,-4,4
40415,100,100,0,0
40416,91,82,9,9
40417,59,55,4,4
40418,77,77,0,0
40419,83,71,12,12
40420,91,77,14,14
40421,91,79,12,12
40422,163,150,13,13
40423,89,76,13,13
40424,144,138,6,6
40425,107,107,0,0
40426,75,69,6,6
40427,210,199,11,11
40428,168,149,19,19
40429,116,97,19,19
40430,67,73,-6,6
40431,66,59,7,7
40432,23,28,-5,5
40433,99,87,12,12
40434,66,63,3,3
40435,56,53,3,3
40436,92,79,13,13
40437,132,112,20,20
40438,67,66,1,1
40439,42,37,5,5
40440,123,114,9,9
40441,44,43,1,1
40442,117,106,11,11
40443,109,97,12,12
40444,106,95,11,11
40445,92,82,10,10
40446,88,74,14,14
40447,74,71,3,3
40448,114,118,-4,4
40449,146,118,28,28
40450,105,94,11,11
40451,91,85,6,6
40452,124,111,13,13
40453,178,159,19,19
40454,98,87,11,11
40455,145,140,5,5
40456,76,72,4,4
40457,100,92,8,8
40458,128,101,27,27
40459,152,134,18,18
40460,40,38,2,2
40461,65,63,2,2
40462,107,101,6,6
40463,90,79,11,11
40464,100,97,3,3
40465,71,81,-10,10
40466,55,51,4,4
40467,80,80,0,0
40468,131,91,40,40
40469,28,33,-5,5
40470,93,87,6,6
40471,149,145,4,4
40472,88,82,6,6
40473,50,49,1,1
40474,82,84,-2,2
40475,125,107,18,18
40476,131,105,26,26
40477,93,93,0,0
40478,83,73,10,10
40479,149,144,5,5
40480,74,71,3,3
40481,124,114,10,10
40482,174,141,33,33
40483,83,101,-18,18
40484,119,114,5,5
40485,85,72,13,13
40486,70,58,12,12
40487,197,178,19,19
40488,131,117,14,14
40489,130,109,21,21
40490,73,71,2,2
40491,97,84,13,13
40492,85,86,-1,1
40493,198,160,38,38
40494,100,87,13,13
40495,81,83,-2,2
40496,71,67,4,4
40497,97,89,8,8
40498,77,80,-3,3
40499,88,80,8,8
40500,90,75,15,15
40501,74,70,4,4
40502,70,64,6,6
40503,63,53,10,10
40504,149,131,18,18
40505,97,80,17,17
40506,65,61,4,4
40507,81,74,7,7
40508,100,92,8,8
40509,79,81,-2,2
40510,106,98,8,8
40511,79,77,2,2
40512,137,125,12,12
40513,82,80,2,2
40514,68,54,14,14
40515,100,83,17,17
40516,40,41,-1,1
40517,57,50,7,7
40518,73,70,3,3
40519,85,78,7,7
40520,135,117,18,18
40521,126,115,11,11
40522,158,143,15,15
40523,110,99,11,11
40524,125,119,6,6
40525,115,100,15,15
40526,112,107,5,5
40527,71,69,2,2
40528,121,126,-5,5
40529,97,98,-1,1
40530,104,94,10,10
40531,97,87,10,10
40532,54,52,2,2
40533,76,71,5,5
40534,132,100,32,32
40535,98,95,3,3
40536,107,93,14,14
40537,119,103,16,16
40538,125,108,17,17
40539,96,92,4,4
40540,49,49,0,0
40541,89,68,21,21
40542,101,87,14,14
40543,86,87,-1,1
40544,43,41,2,2
40545,40,33,7,7
40546,109,97,12,12
40547,49,52,-3,3
40548,99,91,8,8
40549,120,88,32,32
40550,70,77,-7,7
40551,177,150,27,27
40552,59,62,-3,3
40553,90,83,7,7
40554,99,91,8,8
40555,99,93,6,6
40556,113,92,21,21
40557,87,80,7,7
40558,120,107,13,13
40559,122,101,21,21
40560,156,144,12,12
40561,90,75,15,15
40562,109,98,11,11
40563,59,64,-5,5
40564,110,101,9,9
40565,64,60,4,4
40566,76,70,6,6
40567,93,82,11,11
40568,81,79,2,2
40569,155,136,19,19
40570,77,78,-1,1
40571,52,50,2,2
40572,48,50,-2,2
40573,94,92,2,2
40574,72,70,2,2
40575,78,86,-8,8
40576,108,96,12,12
40577,74,75,-1,1
40578,67,58,9,9
40579,88,74,14,14
40580,127,112,15,15
40581,88,93,-5,5
40582,53,49,4,4
40583,101,94,7,7
40584,105,92,13,13
40585,120,109,11,11
40586,63,67,-4,4
40587,50,48,2,2
40588,67,61,6,6
40589,121,111,10,10
40590,76,70,6,6
40591,95,73,22,22
40592,97,91,6,6
40593,63,62,1,1
40594,135,124,11,11
40595,61,50,11,11
40596,79,72,7,7
40597,133,116,17,17
40598,97,93,4,4
40599,78,60,18,18
40600,96,84,12,12
40601,47,39,8,8
40602,139,115,24,24
40603,99,85,14,14
40604,113,94,19,19
40605,94,83,11,11
40606,100,98,2,2
40607,71,73,-2,2
40608,102,99,3,3
40609,113,100,13,13
40610,85,77,8,8
40611,75,57,18,18
40612,62,52,10,10
40613,111,78,33,33
40614,80,71,9,9
40615,117,107,10,10
40616,107,99,8,8
40617,75,72,3,3
40618,82,79,3,3
40619,73,68,5,5
40620,110,98,12,12
40621,115,99,16,16
40622,151,131,20,20
40623,60,59,1,1
40624,51,50,1,1
40625,76,64,12,12
40626,115,94,21,21
40627,79,72,7,7
40628,85,78,7,7
40629,84,79,5,5
40630,136,114,22,22
40631,76,71,5,5
40632,30,37,-7,7
40633,141,126,15,15
40634,83,72,11,11
40635,81,80,1,1
40636,79,77,2,2
40637,113,102,11,11
40638,88,73,15,15
40639,145,153,-8,8
40640,156,140,16,16
40641,80,79,1,1
40642,103,91,12,12
40643,116,101,15,15
40644,76,65,11,11
40645,123,115,8,8
40646,93,84,9,9
40647,103,100,3,3
40648,67,60,7,7
40649,102,101,1,1
40650,92,75,17,17
40651,86,77,9,9
40652,56,55,1,1
40653,80,75,5,5
40654,137,125,12,12
40655,48,50,-2,2
40656,87,64,23,23
40657,112,110,2,2
40658,74,61,13,13
40659,87,82,5,5
40660,101,102,-1,1
40661,58,56,2,2
40662,116,103,13,13
40663,97,85,12,12
40664,65,58,7,7
40665,98,80,18,18
40666,98,84,14,14
40667,156,138,18,18
40668,88,82,6,6
40669,85,83,2,2
40670,64,56,8,8
40671,72,68,4,4
40672,107,107,0,0
40673,87,95,-8,8
40674,115,102,13,13
40675,102,80,22,22
40676,120,100,20,20
40677,87,86,1,1
40678,81,76,5,5
40679,53,50,3,3
40680,71,70,1,1
40681,78,70,8,8
40682,104,86,18,18
40683,113,110,3,3
40684,51,41,10,10
40685,65,61,4,4
40686,109,121,-12,12
40687,78,74,4,4
40688,105,85,20,20
40689,93,88,5,5
40690,103,92,11,11
40691,113,94,19,19
40692,77,79,-2,2
40693,135,122,13,13
40694,82,64,18,18
40695,84,74,10,10
40696,56,58,-2,2
40697,54,50,4,4
40698,146,122,24,24
40699,149,132,17,17
40700,91,76,15,15
40701,61,53,8,8
40702,117,117,0,0
40703,46,45,1,1
40704,159,144,15,15
40705,94,79,15,15
40706,153,129,24,24
40707,108,94,14,14
40708,85,72,13,13
40709,69,65,4,4
40710,295,196,99,99
40711,74,67,7,7
40712,103,96,7,7
40713,80,70,10,10
40714,68,63,5,5
40715,120,120,0,0
40716,86,79,7,7
40717,118,105,13,13
40718,74,70,4,4
40719,99,75,24,24
40720,76,66,10,10
40721,134,113,21,21
40722,97,99,-2,2
40723,66,68,-2,2
40724,92,93,-1,1
40725,50,45,5,5
40726,83,79,4,4
40727,98,91,7,7
40728,72,65,7,7
40729,71,63,8,8
40730,71,72,-1,1
40731,78,74,4,4
40732,81,77,4,4
40733,126,116,10,10
40734,71,62,9,9
40735,70,65,5,5
40736,141,127,14,14
40737,75,65,10,10
40738,85,71,14,14
40739,89,82,7,7
40740,82,76,6,6
40741,174,147,27,27
40742,77,69,8,8
40743,113,112,1,1
40744,165,152,13,13
40745,55,48,7,7
40746,94,77,17,17
40747,81,79,2,2
40748,103,91,12,12
40749,87,74,13,13
40750,68,74,-6,6
40751,205,194,11,11
40752,85,80,5,5
40753,66,57,9,9
40754,68,60,8,8
40755,87,78,9,9
40756,101,84,17,17
40757,115,103,12,12
40758,69,60,9,9
40759,144,126,18,18
40760,97,88,9,9
40761,107,99,8,8
40762,88,93,-5,5
40763,138,123,15,15
40764,90,75,15,15
40765,129,131,-2,2
40766,66,58,8,8
40767,75,68,7,7
40768,118,103,15,15
40769,99,87,12,12
40770,77,67,10,10
40771,89,78,11,11
40772,95,88,7,7
40773,56,51,5,5
40774,115,104,11,11
40775,59,55,4,4
40776,117,108,9,9
40777,110,105,5,5
40778,120,88,32,32
40779,98,76,22,22
40780,121,113,8,8
40781,100,78,22,22
40782,85,72,13,13
40783,106,96,10,10
40784,165,143,22,22
40785,65,66,-1,1
40786,58,51,7,7
40787,165,150,15,15
40788,56,54,2,2
40789,62,61,1,1
40790,85,70,15,15
40791,93,91,2,2
40792,57,58,-1,1
40793,97,87,10,10
40794,96,90,6,6
40795,45,47,-2,2
40796,114,102,12,12
40797,77,63,14,14
40798,77,77,0,0
40799,89,74,15,15
40800,70,61,9,9
40801,84,80,4,4
40802,89,97,-8,8
40803,104,99,5,5
40804,88,79,9,9
40805,68,62,6,6
40806,67,64,3,3
40807,51,44,7,7
40808,144,140,4,4
40809,135,122,13,13
40810,89,83,6,6
40811,122,108,14,14
40812,110,95,15,15
40813,81,76,5,5
40814,147,140,7,7
40815,60,55,5,5
40816,137,135,2,2
40817,110,101,9,9
40818,125,112,13,13
40819,89,87,2,2
40820,129,131,-2,2
40821,70,56,14,14
40822,149,142,7,7
40823,72,65,7,7
40824,96,91,5,5
40825,76,71,5,5
40826,154,139,15,15
40827,220,186,34,34
40828,106,99,7,7
40829,95,92,3,3
40830,158,148,10,10
40831,140,129,11,11
40832,86,80,6,6
40833,96,78,18,18
40834,100,87,13,13
40835,70,67,3,3
40836,64,56,8,8
40837,147,132,15,15
40838,75,70,5,5
40839,80,68,12,12
40840,161,135,26,26
40841,83,92,-9,9
40842,89,72,17,17
40843,169,149,20,20
40844,85,80,5,5
40845,151,142,9,9
40846,85,71,14,14
40847,61,58,3,3
40848,62,58,4,4
40849,118,102,16,16
40850,97,84,13,13
40851,118,101,17,17
40852,104,84,20,20
40853,44,40,4,4
40854,101,90,11,11
40855,69,64,5,5
40856,52,48,4,4
40857,115,106,9,9
40858,56,50,6,6
40859,110,110,0,0
40860,96,110,-14,14
40861,88,77,11,11
40862,94,86,8,8
40863,60,55,5,5
40864,108,97,11,11
40865,114,95,19,19
40866,87,80,7,7
40867,102,96,6,6
40868,75,64,11,11
40869,56,47,9,9
40870,123,118,5,5
40871,29,39,-10,10
40872,70,72,-2,2
40873,87,75,12,12
40874,48,57,-9,9
40875,108,93,15,15
40876,164,150,14,14
40877,125,102,23,23
40878,66,57,9,9
40879,190,168,22,22
40880,91,81,10,10
40881,116,85,31,31
40882,96,87,9,9
40883,86,75,11,11
40884,157,152,5,5
40885,149,126,23,23
40886,54,51,3,3
40887,81,74,7,7
40888,97,93,4,4
40889,128,112,16,16
40890,96,90,6,6
40891,121,115,6,6
40892,131,115,16,16
40893,133,113,20,20
40894,130,116,14,14
40895,97,80,17,17
40896,68,70,-2,2
40897,118,99,19,19
40898,91,82,9,9
40899,90,95,-5,5
40900,65,59,6,6
40901,143,119,24,24
40902,80,59,21,21
40903,96,70,26,26
40904,104,88,16,16
40905,112,106,6,6
40906,86,76,10,10
40907,91,84,7,7
40908,205,166,39,39
40909,73,75,-2,2
40910,101,84,17,17
40911,73,69,4,4
40912,90,77,13,13
40913,191,178,13,13
40914,90,83,7,7
40915,149,136,13,13
40916,73,76,-3,3
40917,152,141,11,11
40918,115,101,14,14
40919,88,84,4,4
40920,86,75,11,11
40921,103,91,12,12
40922,37,34,3,3
40923,83,70,13,13
40924,76,61,15,15
40925,56,49,7,7
40926,130,114,16,16
40927,67,58,9,9
40928,78,65,13,13
40929,105,96,9,9
40930,101,88,13,13
40931,88,77,11,11
40932,83,80,3,3
40933,108,99,9,9
40934,67,60,7,7
40935,107,97,10,10
40936,43,36,7,7
40937,71,72,-1,1
40938,99,81,18,18
40939,120,117,3,3
40940,132,111,21,21
40941,30,31,-1,1
40942,88,80,8,8
40943,82,88,-6,6
40944,59,61,-2,2
40945,68,64,4,4
40946,120,98,22,22
40947,60,52,8,8
40948,103,89,14,14
40949,110,97,13,13
40950,114,100,14,14
40951,90,81,9,9
40952,192,168,24,24
40953,100,93,7,7
40954,119,109,10,10
40955,91,73,18,18
40956,98,88,10,10
40957,51,48,3,3
40958,94,82,12,12
40959,98,93,5,5
40960,71,59,12,12
40961,106,109,-3,3
40962,78,74,4,4
40963,66,64,2,2
40964,79,75,4,4
40965,85,79,6,6
40966,147,136,11,11
40967,68,62,6,6
40968,66,58,8,8
40969,81,73,8,8
40970,133,120,13,13
40971,120,107,13,13
40972,71,70,1,1
40973,169,156,13,13
40974,159,141,18,18
40975,57,58,-1,1
40976,73,69,4,4
40977,44,41,3,3
40978,85,81,4,4
40979,49,59,-10,10
40980,54,48,6,6
40981,89,77,12,12
40982,62,62,0,0
40983,88,78,10,10
40984,93,93,0,0
40985,66,60,6,6
40986,69,63,6,6
40987,138,142,-4,4
40988,88,82,6,6
40989,102,95,7,7
40990,45,42,3,3
40991,48,46,2,2
40992,106,101,5,5
40993,158,132,26,26
40994,125,109,16,16
40995,64,70,-6,6
40996,153,142,11,11
40997,66,60,6,6
40998,87,80,7,7
40999,90,81,9,9
41000,105,94,11,11
41001,51,44,7,7
41002,148,125,23,23
41003,123,120,3,3
41004,59,53,6,6
41005,88,68,20,20
41006,91,84,7,7
41007,77,73,4,4
41008,98,87,11,11
41009,84,81,3,3
41010,97,80,17,17
41011,129,107,22,22
41012,158,146,12,12
41013,99,93,6,6
41014,153,145,8,8
41015,140,114,26,26
41016,97,81,16,16
41017,116,109,7,7
41018,108,92,16,16
41019,117,107,10,10
41020,112,99,13,13
41021,70,64,6,6
41022,117,113,4,4
41023,186,163,23,23
41024,88,80,8,8
41025,40,39,1,1
41026,69,65,4,4
41027,138,112,26,26
41028,68,68,0,0
41029,194,159,35,35
41030,141,126,15,15
41031,66,71,-5,5
41032,87,86,1,1
41033,112,102,10,10
41034,120,97,23,23
41035,117,99,18,18
41036,116,106,10,10
41037,113,110,3,3
41038,109,112,-3,3
41039,116,102,14,14
41040,107,92,15,15
41041,156,130,26,26
41042,54,48,6,6
41043,96,87,9,9
41044,116,101,15,15
41045,105,91,14,14
41046,53,50,3,3
41047,146,129,17,17
41048,111,112,-1,1
41049,55,48,7,7
41050,130,115,15,15
41051,89,78,11,11
41052,99,101,-2,2
41053,101,86,15,15
41054,107,101,6,6
41055,56,53,3,3
41056,72,67,5,5
41057,141,127,14,14
41058,49,49,0,0
41059,50,40,10,10
41060,106,87,19,19
41061,71,63,8,8
41062,82,89,-7,7
41063,112,96,16,16
41064,114,106,8,8
41065,91,82,9,9
41066,79,71,8,8
41067,87,82,5,5
41068,72,62,10,10
41069,140,130,10,10
41070,79,78,1,1
41071,103,87,16,16
41072,105,94,11,11
41073,80,72,8,8
41074,63,59,4,4
41075,89,78,11,11
41076,58,56,2,2
41077,71,59,12,12
41078,91,85,6,6
41079,64,53,11,11
41080,134,119,15,15
41081,144,132,12,12
41082,46,61,-15,15
41083,79,81,-2,2
41084,137,113,24,24
41085,71,63,8,8
41086,88,76,12,12
41087,99,79,20,20
41088,77,73,4,4
41089,71,67,4,4
41090,66,58,8,8
41091,57,58,-1,1
41092,107,97,10,10
41093,157,145,12,12
41094,59,60,-1,1
41095,107,107,0,0
41096,150,128,22,22
41097,97,91,6,6
41098,56,50,6,6
41099,122,109,13,13
41100,118,97,21,21
41101,98,73,25,25
41102,87,87,0,0
41103,84,66,18,18
41104,67,60,7,7
41105,97,88,9,9
41106,110,100,10,10
41107,75,70,5,5
41108,49,47,2,2
41109,121,123,-2,2
41110,124,112,12,12
41111,86,81,5,5
41112,91,86,5,5
41113,74,62,12,12
41114,87,70,17,17
41115,61,58,3,3
41116,76,68,8,8
41117,169,161,8,8
41118,79,72,7,7
41119,85,88,-3,3
41120,129,107,22,22
41121,68,63,5,5
41122,88,101,-13,13
41123,136,112,24,24
41124,81,75,6,6
41125,143,139,4,4
41126,66,59,7,7
41127,90,88,2,2
41128,69,64,5,5
41129,129,119,10,10
41130,77,76,1,1
41131,128,119,9,9
41132,110,104,6,6
41133,125,115,10,10
41134,82,71,11,11
41135,147,127,20,20
41136,77,71,6,6
41137,81,60,21,21
41138,91,83,8,8
41139,106,87,19,19
41140,65,64,1,1
41141,59,52,7,7
41142,107,103,4,4
41143,75,78,-3,3
41144,86,90,-4,4
41145,92,82,10,10
41146,87,82,5,5
41147,115,116,-1,1
41148,70,68,2,2
41149,78,61,17,17
41150,77,68,9,9
41151,142,141,1,1
41152,161,146,15,15
41153,145,123,22,22
41154,102,91,11,11
41155,68,62,6,6
41156,81,76,5,5
41157,92,80,12,12
41158,91,85,6,6
41159,87,78,9,9
41160,168,150,18,18
41161,58,51,7,7
41162,119,93,26,26
41163,55,46,9,9
41164,69,65,4,4
41165,69,65,4,4
41166,99,92,7,7
41167,72,66,6,6
41168,82,79,3,3
41169,134,120,14,14
41170,88,74,14,14
41171,61,61,0,0
41172,77,72,5,5
41173,106,101,5,5
41174,89,82,7,7
41175,90,80,10,10
41176,102,100,2,2
41177,77,68,9,9
41178,63,59,4,4
41179,76,73,3,3
41180,67,58,9,9
41181,64,66,-2,2
41182,66,63,3,3
41183,126,113,13,13
41184,91,94,-3,3
41185,148,116,32,32
41186,111,97,14,14
41187,58,58,0,0
41188,93,80,13,13
41189,80,67,13,13
41190,173,151,22,22
41191,80,71,9,9
41192,117,102,15,15
41193,69,55,14,14
41194,115,107,8,8
41195,122,103,19,19
41196,76,71,5,5
41197,89,68,21,21
41198,92,101,-9,9
41199,101,91,10,10
41200,156,135,21,21
41201,88,78,10,10
41202,61,54,7,7
41203,80,69,11,11
41204,128,114,14,14
41205,101,88,13,13
41206,114,102,12,12
41207,142,113,29,29
41208,53,47,6,6
41209,138,121,17,17
41210,49,47,2,2
41211,146,122,24,24
41212,91,77,14,14
41213,136,132,4,4
41214,60,62,-2,2
41215,147,129,18,18
41216,86,78,8,8
41217,71,62,9,9
41218,127,141,-14,14
41219,62,61,1,1
41220,109,93,16,16
41221,69,64,5,5
41222,186,174,12,12
41223,44,44,0,0
41224,39,36,3,3
41225,89,83,6,6
41226,113,106,7,7
41227,65,59,6,6
41228,63,62,1,1
41229,61,60,1,1
41230,132,115,17,17
41231,70,68,2,2
41232,179,157,22,22
41233,103,101,2,2
41234,118,99,19,19
41235,71,64,7,7
41236,156,129,27,27
41237,95,84,11,11
41238,108,104,4,4
41239,92,86,6,6
41240,125,107,18,18
41241,103,84,19,19
41242,87,68,19,19
41243,57,60,-3,3
41244,95,87,8,8
41245,207,198,9,9
41246,72,69,3,3
41247,158,143,15,15
41248,78,73,5,5
41249,59,54,5,5
41250,77,65,12,12
41251,78,67,11,11
41252,120,98,22,22
41253,137,121,16,16
41254,71,60,11,11
41255,117,104,13,13
41256,97,88,9,9
41257,108,98,10,10
41258,64,63,1,1
41259,125,107,18,18
41260,57,45,12,12
41261,47,43,4,4
41262,110,88,22,22
41263,173,168,5,5
41264,70,59,11,11
41265,112,99,13,13
41266,69,65,4,4
41267,95,82,13,13
41268,50,44,6,6
41269,60,54,6,6
41270,108,101,7,7
41271,88,80,8,8
41272,141,152,-11,11
41273,65,62,3,3
41274,111,113,-2,2
41275,110,91,19,19
41276,156,121,35,35
41277,70,82,-12,12
41278,77,76,1,1
41279,111,96,15,15
41280,77,68,9,9
41281,132,138,-6,6
41282,94,78,16,16
41283,87,85,2,2
41284,71,71,0,0
41285,69,69,0,0
41286,57,53,4,4
41287,63,62,1,1
41288,170,158,12,12
41289,99,87,12,12
41290,91,83,8,8
41291,75,71,4,4
41292,155,139,16,16
41293,169,149,20,20
41294,121,103,18,18
41295,56,53,3,3
41296,73,67,6,6
41297,142,78,64,64
41298,76,79,-3,3
41299,117,105,12,12
41300,113,109,4,4
41301,63,52,11,11
41302,146,124,22,22
41303,71,60,11,11
41304,68,62,6,6
41305,96,91,5,5
41306,64,63,1,1
41307,79,64,15,15
41308,77,70,7,7
41309,54,51,3,3
41310,81,77,4,4
41311,106,101,5,5
41312,130,108,22,22
41313,63,53,10,10
41314,74,70,4,4
41315,87,83,4,4
41316,97,86,11,11
41317,136,136,0,0
41318,78,68,10,10
41319,114,97,17,17
41320,172,179,-7,7
41321,69,79,-10,10
41322,55,57,-2,2
41323,68,59,9,9
41324,84,74,10,10
41325,64,49,15,15
41326,44,45,-1,1
41327,98,86,12,12
41328,118,115,3,3
41329,115,98,17,17
41330,151,137,14,14
41331,66,61,5,5
41332,150,123,27,27
41333,94,81,13,13
41334,83,81,2,2
41335,138,117,21,21
41336,96,88,8,8
41337,117,104,13,13
41338,32,33,-1,1
41339,167,149,18,18
41340,162,134,28,28
41341,120,116,4,4
41342,84,78,6,6
41343,64,55,9,9
41344,147,133,14,14
41345,74,71,3,3
41346,42,51,-9,9
41347,65,70,-5,5
41348,87,81,6,6
41349,101,99,2,2
41350,64,58,6,6
41351,54,57,-3,3
41352,99,94,5,5
41353,60,60,0,0
41354,62,56,6,6
41355,134,113,21,21
41356,79,74,5,5
41357,74,67,7,7
41358,103,104,-1,1
41359,160,151,9,9
41360,103,91,12,12
41361,96,90,6,6
41362,66,56,10,10
41363,72,62,10,10
41364,69,67,2,2
41365,115,103,12,12
41366,74,67,7,7
41367,47,48,-1,1
41368,116,94,22,22
41369,75,75,0,0
41370,74,77,-3,3
41371,138,117,21,21
41372,83,77,6,6
41373,78,75,3,3
41374,144,123,21,21
41375,94,84,10,10
41376,91,80,11,11
41377,97,94,3,3
41378,79,72,7,7
41379,87,78,9,9
41380,50,49,1,1
41381,61,53,8,8
41382,66,72,-6,6
41383,83,74,9,9
41384,69,59,10,10
41385,117,94,23,23
41386,123,105,18,18
41387,152,119,33,33
41388,53,48,5,5
41389,41,59,-18,18
41390,120,100,20,20
41391,50,50,0,0
41392,103,96,7,7
41393,59,66,-7,7
41394,146,117,29,29
41395,74,59,15,15
41396,119,103,16,16
41397,100,90,10,10
41398,109,92,17,17
41399,140,119,21,21
41400,104,95,9,9
41401,118,116,2,2
41402,129,108,21,21
41403,62,57,5,5
41404,80,76,4,4
41405,67,61,6,6
41406,45,45,0,0
41407,111,105,6,6
41408,110,104,6,6
41409,68,64,4,4
41410,84,89,-5,5
41411,132,106,26,26
41412,67,61,6,6
41413,66,64,2,2
41414,53,59,-6,6
41415,88,83,5,5
41416,115,109,6,6
41417,142,135,7,7
41418,134,126,8,8
41419,108,99,9,9
41420,63,60,3,3
41421,68,55,13,13
41422,96,80,16,16
41423,73,70,3,3
41424,88,84,4,4
41425,107,89,18,18
41426,114,120,-6,6
41427,132,121,11,11
41428,64,65,-1,1
41429,73,64,9,9
41430,109,93,16,16
41431,65,58,7,7
41432,138,103,35,35
41433,103,86,17,17
41434,132,114,18,18
41435,67,61,6,6
41436,70,63,7,7
41437,114,116,-2,2
41438,54,53,1,1
41439,87,73,14,14
41440,57,56,1,1
41441,163,156,7,7
41442,83,78,5,5
41443,48,44,4,4
41444,62,64,-2,2
41445,110,91,19,19
41446,64,55,9,9
41447,154,138,16,16
41448,119,105,14,14
41449,81,78,3,3
41450,76,69,7,7
41451,125,97,28,28
41452,82,73,9,9
41453,140,125,15,15
41454,58,51,7,7
41455,90,79,11,11
41456,94,81,13,13
41457,70,65,5,5
41458,126,111,15,15
41459,42,42,0,0
41460,96,80,16,16
41461,144,118,26,26
41462,84,69,15,15
41463,91,79,12,12
41464,89,76,13,13
41465,68,64,4,4
41466,74,68,6,6
41467,73,65,8,8
41468,95,80,15,15
41469,141,117,24,24
41470,144,122,22,22
41471,115,108,7,7
41472,126,103,23,23
41473,81,69,12,12
41474,70,59,11,11
41475,101,96,5,5
41476,36,33,3,3
41477,103,88,15,15
41478,50,49,1,1
41479,108,89,19,19
41480,168,165,3,3
41481,89,91,-2,2
41482,128,112,16,16
41483,87,70,17,17
41484,72,54,18,18
41485,166,148,18,18
41486,75,68,7,7
41487,116,109,7,7
41488,66,61,5,5
41489,89,86,3,3
41490,72,72,0,0
41491,103,106,-3,3
41492,82,79,3,3
41493,108,101,7,7
41494,115,95,20,20
41495,154,159,-5,5
41496,96,89,7,7
41497,70,63,7,7
41498,105,92,13,13
41499,103,98,5,5
41500,80,76,4,4
41501,167,127,40,40
41502,131,122,9,9
41503,87,79,8,8
41504,83,75,8,8
41505,221,190,31,31
41506,67,60,7,7
41507,114,100,14,14
41508,88,70,18,18
41509,80,67,13,13
41510,183,166,17,17
41511,67,65,2,2
41512,172,152,20,20
41513,56,43,13,13
41514,60,52,8,8
41515,60,51,9,9
41516,77,74,3,3
41517,85,69,16,16
41518,64,59,5,5
41519,88,85,3,3
41520,143,119,24,24
41521,148,137,11,11
41522,73,67,6,6
41523,97,93,4,4
41524,85,85,0,0
41525,62,50,12,12
41526,82,73,9,9
41527,63,53,10,10
41528,55,49,6,6
41529,133,116,17,17
41530,96,90,6,6
41531,98,90,8,8
41532,67,61,6,6
41533,104,101,3,3
41534,118,153,-35,35
41535,83,86,-3,3
41536,110,104,6,6
41537,138,122,16,16
41538,79,67,12,12
41539,75,61,14,14
41540,67,61,6,6
41541,59,56,3,3
41542,63,50,13,13
41543,125,110,15,15
41544,156,148,8,8
41545,88,73,15,15
41546,106,95,11,11
41547,88,77,11,11
41548,126,117,9,9
41549,71,71,0,0
41550,109,100,9,9
41551,61,91,-30,30
41552,100,98,2,2
41553,157,124,33,33
41554,168,150,18,18
41555,110,99,11,11
41556,92,89,3,3
41557,118,119,-1,1
41558,159,149,10,10
41559,67,62,5,5
41560,78,81,-3,3
41561,93,84,9,9
41562,76,65,11,11
41563,156,139,17,17
41564,63,67,-4,4
41565,87,78,9,9
41566,79,70,9,9
41567,56,51,5,5
41568,65,58,7,7
41569,99,90,9,9
41570,90,69,21,21
41571,108,104,4,4
41572,59,52,7,7
41573,48,65,-17,17
41574,73,65,8,8
41575,111,92,19,19
41576,69,65,4,4
41577,149,119,30,30
41578,87,73,14,14
41579,87,72,15,15
41580,85,75,10,10
41581,112,90,22,22
41582,78,80,-2,2
41583,74,68,6,6
41584,85,80,5,5
41585,77,74,3,3
41586,113,94,19,19
41587,106,97,9,9
41588,61,60,1,1
41589,82,83,-1,1
41590,115,108,7,7
41591,51,49,2,2
41592,109,84,25,25
41593,61,55,6,6
41594,60,59,1,1
41595,129,112,17,17
41596,152,123,29,29
41597,90,80,10,10
41598,204,177,27,27
41599,95,79,16,16
41600,81,78,3,3
41601,75,68,7,7
41602,95,82,13,13
41603,108,101,7,7
41604,140,119,21,21
41605,47,45,2,2
41606,92,74,18,18
41607,127,121,6,6
41608,64,67,-3,3
41609,86,70,16,16
41610,83,73,10,10
41611,86,86,0,0
41612,110,99,11,11
41613,128,125,3,3
41614,152,135,17,17
41615,106,100,6,6
41616,71,66,5,5
41617,70,70,0,0
41618,71,64,7,7
41619,80,80,0,0
41620,10,21,-11,11
41621,95,79,16,16
41622,88,77,11,11
41623,55,40,15,15
41624,96,75,21,21
41625,114,92,22,22
41626,113,101,12,12
41627,115,97,18,18
41628,50,49,1,1
41629,130,119,11,11
41630,130,114,16,16
41631,85,76,9,9
41632,72,66,6,6
41633,177,156,21,21
41634,90,87,3,3
41635,131,132,-1,1
41636,68,65,3,3
41637,46,47,-1,1
41638,96,90,6,6
41639,161,137,24,24
41640,60,53,7,7
41641,73,71,2,2
41642,50,48,2,2
41643,60,49,11,11
41644,122,107,15,15
41645,136,118,18,18
41646,90,76,14,14
41647,131,116,15,15
41648,95,82,13,13
41649,66,63,3,3
41650,105,105,0,0
41651,82,75,7,7
41652,107,95,12,12
41653,61,55,6,6
41654,136,114,22,22
41655,128,127,1,1
41656,66,67,-1,1
41657,125,115,10,10
41658,69,61,8,8
41659,68,71,-3,3
41660,84,77,7,7
41661,47,50,-3,3
41662,77,70,7,7
41663,113,95,18,18
41664,155,147,8,8
41665,88,85,3,3
41666,76,69,7,7
41667,104,133,-29,29
41668,43,40,3,3
41669,69,67,2,2
41670,94,96,-2,2
41671,121,107,14,14
41672,178,158,20,20
41673,69,58,11,11
41674,113,106,7,7
41675,118,105,13,13
41676,86,76,10,10
41677,71,65,6,6
41678,112,100,12,12
41679,114,97,17,17
41680,68,56,12,12
41681,75,66,9,9
41682,103,89,14,14
41683,71,67,4,4
41684,57,52,5,5
41685,88,80,8,8
41686,165,144,21,21
41687,79,63,16,16
41688,133,124,9,9
41689,125,106,19,19
41690,91,100,-9,9
41691,117,108,9,9
41692,108,95,13,13
41693,101,93,8,8
41694,61,57,4,4
41695,170,148,22,22
41696,152,135,17,17
41697,86,79,7,7
41698,89,79,10,10
41699,137,118,19,19
41700,107,98,9,9
41701,145,124,21,21
41702,152,148,4,4
41703,89,72,17,17
41704,81,69,12,12
41705,102,97,5,5
41706,85,81,4,4
41707,70,65,5,5
41708,85,77,8,8
41709,105,93,12,12
41710,79,71,8,8
41711,55,59,-4,4
41712,94,81,13,13
41713,49,51,-2,2
41714,42,41,1,1
41715,302,218,84,84
41716,116,99,17,17
41717,68,62,6,6
41718,81,76,5,5
41719,98,99,-1,1
41720,120,99,21,21
41721,135,125,10,10
41722,85,81,4,4
41723,76,72,4,4
41724,125,112,13,13
41725,26,28,-2,2
41726,111,86,25,25
41727,152,129,23,23
41728,85,74,11,11
41729,99,93,6,6
41730,98,91,7,7
41731,99,87,12,12
41732,81,70,11,11
41733,98,100,-2,2
41734,101,80,21,21
41735,64,61,3,3
41736,185,169,16,16
41737,97,86,11,11
41738,93,92,1,1
41739,65,62,3,3
41740,89,83,6,6
41741,53,52,1,1
41742,96,84,12,12
41743,133,119,14,14
41744,149,121,28,28
41745,155,135,20,20
41746,86,75,11,11
41747,64,57,7,7
41748,133,115,18,18
41749,119,121,-2,2
41750,70,69,1,1
41751,57,53,4,4
41752,56,55,1,1
41753,55,49,6,6
41754,57,55,2,2
41755,106,100,6,6
41756,85,86,-1,1
41757,80,72,8,8
41758,71,77,-6,6
41759,79,83,-4,4
41760,72,71,1,1
41761,67,56,11,11
41762,200,177,23,23
41763,55,54,1,1
41764,103,94,9,9
41765,80,70,10,10
41766,113,106,7,7
41767,34,61,-27,27
41768,77,74,3,3
41769,145,132,13,13
41770,143,139,4,4
41771,100,88,12,12
41772,53,41,12,12
41773,61,82,-21,21
41774,109,107,2,2
41775,86,69,17,17
41776,72,69,3,3
41777,86,83,3,3
41778,115,117,-2,2
41779,74,72,2,2
41780,85,78,7,7
41781,97,86,11,11
41782,111,99,12,12
41783,63,72,-9,9
41784,104,96,8,8
41785,101,92,9,9
41786,110,96,14,14
41787,72,70,2,2
41788,128,117,11,11
41789,74,79,-5,5
41790,108,89,19,19
41791,110,99,11,11
41792,68,58,10,10
41793,41,42,-1,1
41794,153,147,6,6
41795,115,107,8,8
41796,58,58,0,0
41797,45,57,-12,12
41798,92,81,11,11
41799,57,55,2,2
41800,125,106,19,19
41801,82,80,2,2
41802,61,58,3,3
41803,148,130,18,18
41804,72,63,9,9
41805,108,100,8,8
41806,97,96,1,1
41807,134,112,22,22
41808,50,44,6,6
41809,66,59,7,7
41810,61,48,13,13
41811,91,79,12,12
41812,133,117,16,16
41813,131,103,28,28
41814,67,71,-4,4
41815,112,102,10,10
41816,100,102,-2,2
41817,193,171,22,22
41818,90,75,15,15
41819,77,68,9,9
41820,80,73,7,7
41821,117,105,12,12
41822,87,84,3,3
41823,64,61,3,3
41824,61,55,6,6
41825,120,115,5,5
41826,119,108,11,11
41827,137,116,21,21
41828,54,45,9,9
41829,162,135,27,27
41830,152,152,0,0
41831,69,55,14,14
41832,80,73,7,7
41833,92,84,8,8
41834,96,79,17,17
41835,107,100,7,7
41836,71,69,2,2
41837,83,80,3,3
41838,89,86,3,3
41839,121,107,14,14
41840,81,75,6,6
41841,112,106,6,6
41842,147,124,23,23
41843,62,58,4,4
41844,129,116,13,13
41845,74,72,2,2
41846,168,137,31,31
41847,47,42,5,5
41848,128,122,6,6
41849,49,49,0,0
41850,56,54,2,2
41851,89,74,15,15
41852,67,62,5,5
41853,68,69,-1,1
41854,114,105,9,9
41855,137,138,-1,1
41856,122,107,15,15
41857,74,69,5,5
41858,67,58,9,9
41859,129,116,13,13
41860,139,133,6,6
41861,62,59,3,3
41862,100,88,12,12
41863,88,77,11,11
41864,64,58,6,6
41865,92,77,15,15
41866,119,126,-7,7
41867,81,74,7,7
41868,59,53,6,6
41869,106,92,14,14
41870,94,83,11,11
41871,112,90,22,22
41872,80,74,6,6
41873,101,101,0,0
41874,135,117,18,18
41875,135,119,16,16
41876,104,86,18,18
41877,85,76,9,9
41878,176,158,18,18
41879,79,70,9,9
41880,69,60,9,9
41881,41,35,6,6
41882,47,41,6,6
41883,67,64,3,3
41884,69,70,-1,1
41885,51,46,5,5
41886,73,77,-4,4
41887,108,95,13,13
41888,47,37,10,10
41889,120,120,0,0
41890,117,102,15,15
41891,91,92,-1,1
41892,110,106,4,4
41893,82,69,13,13
41894,97,88,9,9
41895,92,83,9,9
41896,72,64,8,8
41897,74,60,14,14
41898,80,86,-6,6
41899,49,42,7,7
41900,133,117,16,16
41901,85,78,7,7
41902,116,104,12,12
41903,72,61,11,11
41904,125,113,12,12
41905,91,82,9,9
41906,103,93,10,10
41907,110,98,12,12
41908,102,98,4,4
41909,111,93,18,18
41910,50,59,-9,9
41911,50,48,2,2
41912,106,94,12,12
41913,79,72,7,7
41914,138,115,23,23
41915,110,108,2,2
41916,59,56,3,3
41917,72,65,7,7
41918,190,162,28,28
41919,93,81,12,12
41920,47,40,7,7
41921,46,49,-3,3
41922,135,119,16,16
41923,56,62,-6,6
41924,67,61,6,6
41925,101,91,10,10
41926,78,69,9,9
41927,61,67,-6,6
41928,43,43,0,0
41929,142,135,7,7
41930,88,87,1,1
41931,119,109,10,10
41932,146,121,25,25
41933,93,88,5,5
41934,109,102,7,7
41935,105,95,10,10
41936,98,95,3,3
41937,75,65,10,10
41938,78,73,5,5
41939,101,103,-2,2
41940,88,96,-8,8
41941,133,128,5,5
41942,66,60,6,6
41943,101,92,9,9
41944,94,87,7,7
41945,86,78,8,8
41946,95,81,14,14
41947,96,95,1,1
41948,83,74,9,9
41949,119,90,29,29
41950,116,109,7,7
41951,92,81,11,11
41952,89,88,1,1
41953,215,206,9,9
41954,96,88,8,8
41955,138,118,20,20
41956,73,67,6,6
41957,72,69,3,3
41958,83,84,-1,1
41959,119,104,15,15
41960,83,75,8,8
41961,140,122,18,18
41962,164,139,25,25
41963,105,88,17,17
41964,109,82,27,27
41965,100,86,14,14
41966,95,91,4,4
41967,85,69,16,16
41968,83,77,6,6
41969,148,133,15,15
41970,95,88,7,7
41971,110,116,-6,6
41972,104,109,-5,5
41973,125,127,-2,2
41974,110,113,-3,3
41975,109,97,12,12
41976,87,76,11,11
41977,166,152,14,14
41978,68,74,-6,6
41979,104,83,21,21
41980,127,95,32,32
41981,60,58,2,2
41982,106,87,19,19
41983,58,55,3,3
41984,59,52,7,7
41985,98,87,11,11
41986,150,142,8,8
41987,107,104,3,3
41988,75,75,0,0
41989,95,90,5,5
41990,82,76,6,6
41991,101,79,22,22
41992,63,60,3,3
41993,81,61,20,20
41994,60,56,4,4
41995,121,106,15,15
41996,110,94,16,16
41997,73,71,2,2
41998,62,62,0,0
41999,66,63,3,3
42000,87,83,4,4
42001,130,131,-1,1
42002,84,82,2,2
42003,142,135,7,7
42004,61,57,4,4
42005,109,98,11,11
42006,147,126,21,21
42007,37,51,-14,14
42008,246,185,61,61
42009,61,60,1,1
42010,111,98,13,13
42011,92,84,8,8
42012,133,133,0,0
42013,161,138,23,23
42014,128,125,3,3
42015,73,58,15,15
42016,115,104,11,11
42017,159,144,15,15
42018,75,66,9,9
42019,85,90,-5,5
42020,79,75,4,4
42021,103,91,12,12
42022,109,100,9,9
42023,89,83,6,6
42024,158,148,10,10
42025,86,81,5,5
42026,114,92,22,22
42027,145,128,17,17
42028,83,70,13,13
42029,142,132,10,10
42030,48,48,0,0
42031,69,65,4,4
42032,90,96,-6,6
42033,152,129,23,23
42034,72,69,3,3
42035,93,86,7,7
42036,59,57,2,2
42037,142,124,18,18
42038,95,79,16,16
42039,152,126,26,26
42040,87,78,9,9
42041,79,60,19,19
42042,80,74,6,6
42043,89,85,4,4
42044,74,65,9,9
42045,78,67,11,11
42046,100,91,9,9
42047,92,89,3,3
42048,135,125,10,10
42049,112,103,9,9
42050,109,103,6,6
42051,86,69,17,17
42052,80,71,9,9
42053,92,90,2,2
42054,93,91,2,2
42055,111,106,5,5
42056,64,58,6,6
42057,96,71,25,25
42058,79,86,-7,7
42059,148,153,-5,5
42060,74,76,-2,2
42061,91,76,15,15
42062,85,76,9,9
42063,104,90,14,14
42064,132,125,7,7
42065,75,77,-2,2
42066,175,167,8,8
42067,77,63,14,14
42068,92,85,7,7
42069,150,134,16,16
42070,35,36,-1,1
42071,79,64,15,15
42072,57,58,-1,1
42073,70,49,21,21
42074,117,122,-5,5
42075,84,73,11,11
42076,51,68,-17,17
42077,88,87,1,1
42078,83,74,9,9
42079,89,71,18,18
42080,79,72,7,7
42081,76,74,2,2
42082,50,53,-3,3
42083,102,88,14,14
42084,111,118,-7,7
42085,82,78,4,4
42086,114,115,-1,1
42087,99,81,18,18
42088,111,99,12,12
42089,99,94,5,5
42090,68,59,9,9
42091,159,132,27,27
42092,78,70,8,8
42093,43,47,-4,4
42094,64,58,6,6
42095,77,75,2,2
42096,38,34,4,4
42097,39,36,3,3
42098,87,87,0,0
42099,89,75,14,14
42100,101,93,8,8
42101,115,103,12,12
42102,101,87,14,14
42103,52,53,-1,1
42104,68,67,1,1
42105,57,56,1,1
42106,97,83,14,14
42107,80,78,2,2
42108,95,90,5,5
42109,155,137,18,18
42110,74,69,5,5
42111,104,90,14,14
42112,63,64,-1,1
42113,28,34,-6,6
42114,96,81,15,15
42115,104,97,7,7
42116,118,106,12,12
42117,81,68,13,13
42118,58,55,3,3
42119,85,83,2,2
42120,59,61,-2,2
42121,91,94,-3,3
42122,120,104,16,16
42123,58,39,19,19
42124,89,71,18,18
42125,101,96,5,5
42126,89,80,9,9
42127,68,57,11,11
42128,122,104,18,18
42129,71,71,0,0
42130,71,65,6,6
42131,75,89,-14,14
42132,130,127,3,3
42133,103,86,17,17
42134,114,97,17,17
42135,145,129,16,16
42136,108,93,15,15
42137,102,95,7,7
42138,107,95,12,12
42139,97,87,10,10
42140,94,78,16,16
42141,70,65,5,5
42142,91,84,7,7
42143,92,90,2,2
42144,60,59,1,1
42145,83,77,6,6
42146,92,77,15,15
42147,106,103,3,3
42148,47,50,-3,3
42149,72,64,8,8
42150,137,121,16,16
42151,69,67,2,2
42152,69,56,13,13
42153,123,111,12,12
42154,77,75,2,2
42155,74,61,13,13
42156,144,137,7,7
42157,132,121,11,11
42158,109,94,15,15
42159,93,90,3,3
42160,56,48,8,8
42161,125,110,15,15
42162,54,58,-4,4
42163,127,108,19,19
42164,96,89,7,7
42165,106,86,20,20
42166,98,92,6,6
42167,97,87,10,10
42168,65,58,7,7
42169,91,76,15,15
42170,90,85,5,5
42171,135,113,22,22
42172,109,111,-2,2
42173,101,88,13,13
42174,80,74,6,6
42175,105,100,5,5
42176,64,60,4,4
42177,155,145,10,10
42178,119,111,8,8
42179,76,61,15,15
42180,122,105,17,17
42181,59,55,4,4
42182,63,55,8,8
42183,92,87,5,5
42184,101,92,9,9
42185,100,89,11,11
42186,88,90,-2,2
42187,98,87,11,11
42188,153,128,25,25
42189,92,82,10,10
42190,76,64,12,12
42191,110,97,13,13
42192,86,82,4,4
42193,130,119,11,11
42194,126,115,11,11
42195,78,64,14,14
42196,77,68,9,9
42197,104,99,5,5
42198,126,124,2,2
42199,79,68,11,11
42200,117,117,0,0
42201,45,45,0,0
42202,100,96,4,4
42203,83,63,20,20
42204,134,123,11,11
42205,83,72,11,11
42206,90,92,-2,2
42207,86,81,5,5
42208,89,79,10,10
42209,60,58,2,2
42210,78,72,6,6
42211,120,113,7,7
42212,72,70,2,2
42213,104,95,9,9
42214,188,165,23,23
42215,93,84,9,9
42216,159,135,24,24
42217,80,72,8,8
42218,96,92,4,4
42219,114,109,5,5
42220,113,107,6,6
42221,62,65,-3,3
42222,140,126,14,14
42223,157,134,23,23
42224,61,61,0,0
42225,95,98,-3,3
42226,130,119,11,11
42227,134,130,4,4
42228,84,79,5,5
42229,83,73,10,10
42230,96,89,7,7
42231,85,73,12,12
42232,117,115,2,2
42233,49,45,4,4
42234,55,50,5,5
42235,116,90,26,26
42236,65,62,3,3
42237,86,77,9,9
42238,58,67,-9,9
42239,55,59,-4,4
42240,109,96,13,13
42241,109,90,19,19
42242,115,103,12,12
42243,131,102,29,29
42244,79,75,4,4
42245,74,73,1,1
42246,114,104,10,10
42247,125,107,18,18
42248,90,77,13,13
42249,81,74,7,7
42250,109,93,16,16
42251,90,78,12,12
42252,58,42,16,16
42253,67,61,6,6
42254,88,73,15,15
42255,71,78,-7,7
42256,118,119,-1,1
42257,109,101,8,8
42258,75,88,-13,13
42259,38,38,0,0
42260,173,156,17,17
42261,153,146,7,7
42262,66,54,12,12
42263,58,56,2,2
42264,44,39,5,5
42265,86,73,13,13
42266,100,89,11,11
42267,86,82,4,4
42268,106,99,7,7
42269,80,72,8,8
42270,84,74,10,10
42271,76,67,9,9
42272,96,82,14,14
42273,90,84,6,6
42274,116,115,1,1
42275,196,159,37,37
42276,103,93,10,10
42277,95,92,3,3
42278,68,60,8,8
42279,96,77,19,19
42280,109,96,13,13
42281,86,80,6,6
42282,174,161,13,13
42283,78,77,1,1
42284,47,46,1,1
42285,96,85,11,11
42286,92,82,10,10
42287,79,65,14,14
42288,85,75,10,10
42289,113,108,5,5
42290,96,90,6,6
42291,80,70,10,10
42292,43,38,5,5
42293,93,93,0,0
42294,63,63,0,0
42295,96,81,15,15
42296,103,94,9,9
42297,53,55,-2,2
42298,99,86,13,13
42299,79,76,3,3
42300,70,62,8,8
42301,106,93,13,13
42302,104,134,-30,30
42303,141,131,10,10
42304,99,79,20,20
42305,96,83,13,13
42306,55,47,8,8
42307,99,91,8,8
42308,116,108,8,8
42309,64,86,-22,22
42310,152,124,28,28
42311,63,57,6,6
42312,78,67,11,11
42313,123,125,-2,2
42314,126,116,10,10
42315,79,68,11,11
42316,92,67,25,25
42317,94,94,0,0
42318,200,175,25,25
42319,157,146,11,11
42320,80,69,11,11
42321,57,53,4,4
42322,141,127,14,14
42323,60,62,-2,2
42324,85,73,12,12
42325,54,47,7,7
42326,159,151,8,8
42327,150,126,24,24
42328,87,75,12,12
42329,47,57,-10,10
42330,96,88,8,8
42331,82,73,9,9
42332,74,62,12,12
42333,120,112,8,8
42334,109,79,30,30
42335,86,82,4,4
42336,129,113,16,16
42337,196,170,26,26
42338,178,153,25,25
42339,105,90,15,15
42340,61,58,3,3
42341,67,63,4,4
42342,109,101,8,8
42343,111,117,-6,6
42344,52,55,-3,3
42345,89,73,16,16
42346,71,78,-7,7
42347,111,101,10,10
42348,40,32,8,8
42349,79,78,1,1
42350,99,85,14,14
42351,96,89,7,7
42352,63,54,9,9
42353,103,114,-11,11
42354,97,102,-5,5
42355,90,85,5,5
42356,119,99,20,20
42357,176,151,25,25
42358,97,89,8,8
42359,131,135,-4,4
42360,86,71,15,15
42361,77,66,11,11
42362,84,76,8,8
42363,70,62,8,8
42364,109,99,10,10
42365,121,107,14,14
42366,125,128,-3,3
42367,150,116,34,34
42368,103,91,12,12
42369,151,124,27,27
42370,58,56,2,2
42371,64,54,10,10
42372,122,113,9,9
42373,104,87,17,17
42374,92,77,15,15
42375,100,88,12,12
42376,142,120,22,22
42377,93,79,14,14
42378,120,105,15,15
42379,75,71,4,4
42380,106,93,13,13
42381,60,63,-3,3
42382,83,77,6,6
42383,98,90,8,8
42384,56,42,14,14
42385,37,34,3,3
42386,97,80,17,17
42387,152,137,15,15
42388,97,84,13,13
42389,76,66,10,10
42390,80,82,-2,2
42391,56,53,3,3
42392,108,89,19,19
42393,128,95,33,33
42394,117,103,14,14
42395,103,91,12,12
42396,31,29,2,2
42397,84,72,12,12
42398,92,86,6,6
42399,115,117,-2,2
42400,128,120,8,8
42401,128,112,16,16
42402,75,74,1,1
42403,72,51,21,21
42404,95,84,11,11
42405,56,53,3,3
42406,83,77,6,6
42407,97,93,4,4
42408,109,91,18,18
42409,126,110,16,16
42410,135,129,6,6
42411,75,72,3,3
42412,73,64,9,9
42413,89,83,6,6
42414,94,86,8,8
42415,81,72,9,9
42416,78,72,6,6
42417,79,67,12,12
42418,78,73,5,5
42419,105,102,3,3
42420,112,101,11,11
42421,75,62,13,13
42422,98,91,7,7
42423,94,84,10,10
42424,56,60,-4,4
42425,92,75,17,17
42426,68,63,5,5
42427,104,93,11,11
42428,144,115,29,29
42429,50,52,-2,2
42430,51,47,4,4
42431,61,69,-8,8
42432,83,83,0,0
42433,28,34,-6,6
42434,99,94,5,5
42435,83,82,1,1
42436,162,139,23,23
42437,104,92,12,12
42438,88,84,4,4
42439,95,81,14,14
42440,116,100,16,16
42441,144,121,23,23
42442,69,50,19,19
42443,102,99,3,3
42444,116,106,10,10
42445,61,58,3,3
42446,108,102,6,6
42447,55,51,4,4
42448,142,127,15,15
42449,156,141,15,15
42450,129,107,22,22
42451,180,160,20,20
42452,111,104,7,7
42453,179,163,16,16
42454,89,84,5,5
42455,114,102,12,12
42456,96,85,11,11
42457,117,110,7,7
42458,64,57,7,7
42459,57,50,7,7
42460,54,53,1,1
42461,95,79,16,16
42462,89,59,30,30
42463,109,91,18,18
42464,76,71,5,5
42465,67,58,9,9
42466,65,60,5,5
42467,76,77,-1,1
42468,92,83,9,9
42469,92,82,10,10
42470,74,65,9,9
42471,92,77,15,15
42472,80,67,13,13
42473,89,83,6,6
42474,43,42,1,1
42475,69,65,4,4
42476,88,82,6,6
42477,84,83,1,1
42478,115,107,8,8
42479,56,47,9,9
42480,95,94,1,1
42481,80,85,-5,5
42482,80,73,7,7
42483,98,86,12,12
42484,49,47,2,2
42485,91,76,15,15
42486,64,62,2,2
42487,53,54,-1,1
42488,85,70,15,15
42489,98,88,10,10
42490,100,84,16,16
42491,69,65,4,4
42492,48,45,3,3
42493,105,88,17,17
42494,163,137,26,26
42495,150,136,14,14
42496,85,83,2,2
42497,128,119,9,9
42498,99,97,2,2
42499,103,87,16,16
42500,128,108,20,20
42501,107,102,5,5
42502,55,59,-4,4
42503,84,86,-2,2
42504,90,88,2,2
42505,90,87,3,3
42506,72,65,7,7
42507,91,86,5,5
42508,87,87,0,0
42509,84,58,26,26
42510,42,40,2,2
42511,65,61,4,4
42512,131,119,12,12
42513,48,52,-4,4
42514,109,92,17,17
42515,85,83,2,2
42516,66,55,11,11
42517,83,80,3,3
42518,46,40,6,6
42519,141,124,17,17
42520,59,60,-1,1
42521,87,80,7,7
42522,84,84,0,0
42523,86,86,0,0
42524,127,110,17,17
42525,111,109,2,2
42526,102,100,2,2
42527,65,62,3,3
42528,70,65,5,5
42529,61,63,-2,2
42530,104,94,10,10
42531,111,101,10,10
42532,202,181,21,21
42533,100,84,16,16
42534,136,125,11,11
42535,35,37,-2,2
42536,40,37,3,3
42537,115,102,13,13
42538,116,101,15,15
42539,72,56,16,16
42540,108,99,9,9
42541,106,108,-2,2
42542,62,60,2,2
42543,127,111,16,16
42544,94,82,12,12
42545,89,76,13,13
42546,70,66,4,4
42547,72,71,1,1
42548,98,79,19,19
42549,96,86,10,10
42550,108,102,6,6
42551,142,112,30,30
42552,77,71,6,6
42553,67,58,9,9
42554,81,79,2,2
42555,54,48,6,6
42556,124,112,12,12
42557,110,108,2,2
42558,101,92,9,9
42559,86,83,3,3
42560,117,104,13,13
42561,111,97,14,14
42562,136,117,19,19
42563,78,67,11,11
42564,62,68,-6,6
42565,231,200,31,31
42566,180,172,8,8
42567,91,82,9,9
42568,134,125,9,9
42569,80,71,9,9
42570,100,94,6,6
42571,123,110,13,13
42572,109,100,9,9
42573,70,63,7,7
42574,57,52,5,5
42575,148,133,15,15
42576,76,64,12,12
42577,70,67,3,3
42578,82,80,2,2
42579,102,101,1,1
42580,198,176,22,22
42581,56,49,7,7
42582,94,87,7,7
42583,97,91,6,6
42584,103,86,17,17
42585,81,71,10,10
42586,102,91,11,11
42587,85,77,8,8
42588,165,140,25,25
42589,50,51,-1,1
42590,124,114,10,10
42591,101,93,8,8
42592,79,71,8,8
42593,138,133,5,5
42594,191,143,48,48
42595,162,150,12,12
42596,126,109,17,17
42597,103,94,9,9
42598,49,48,1,1
42599,113,107,6,6
42600,100,87,13,13
42601,118,107,11,11
42602,117,116,1,1
42603,84,78,6,6
42604,110,92,18,18
42605,128,106,22,22
42606,105,96,9,9
42607,59,45,14,14
42608,91,83,8,8
42609,68,54,14,14
42610,72,74,-2,2
42611,135,124,11,11
42612,79,88,-9,9
42613,107,98,9,9
42614,30,34,-4,4
42615,70,67,3,3
42616,105,95,10,10
42617,92,85,7,7
42618,177,163,14,14
42619,84,79,5,5
42620,67,69,-2,2
42621,150,119,31,31
42622,65,80,-15,15
42623,69,66,3,3
42624,94,84,10,10
42625,87,68,19,19
42626,73,76,-3,3
42627,70,71,-1,1
42628,93,77,16,16
42629,110,97,13,13
42630,87,71,16,16
42631,109,98,11,11
42632,71,72,-1,1
42633,103,96,7,7
42634,152,134,18,18
42635,70,68,2,2
42636,125,101,24,24
42637,91,87,4,4
42638,172,154,18,18
42639,60,59,1,1
42640,99,118,-19,19
42641,61,54,7,7
42642,91,83,8,8
42643,94,78,16,16
42644,135,118,17,17
42645,43,47,-4,4
42646,83,83,0,0
42647,93,84,9,9
42648,116,104,12,12
42649,131,99,32,32
42650,140,136,4,4
42651,101,98,3,3
42652,160,141,19,19
42653,157,126,31,31
42654,147,162,-15,15
42655,151,139,12,12
42656,162,151,11,11
42657,52,88,-36,36
42658,77,66,11,11
42659,86,77,9,9
42660,86,85,1,1
42661,91,77,14,14
42662,118,102,16,16
42663,103,88,15,15
42664,103,94,9,9
42665,74,70,4,4
42666,119,103,16,16
42667,89,78,11,11
42668,107,93,14,14
42669,109,132,-23,23
42670,85,84,1,1
42671,70,63,7,7
42672,86,76,10,10
42673,105,96,9,9
42674,98,92,6,6
42675,75,69,6,6
42676,50,53,-3,3
42677,67,64,3,3
42678,76,69,7,7
42679,80,67,13,13
42680,124,119,5,5
42681,60,60,0,0
42682,73,66,7,7
42683,52,48,4,4
42684,102,93,9,9
42685,29,25,4,4
42686,66,68,-2,2
42687,80,62,18,18
42688,76,67,9,9
42689,107,97,10,10
42690,68,53,15,15
42691,129,110,19,19
42692,51,43,8,8
42693,131,124,7,7
42694,73,70,3,3
42695,157,138,19,19
42696,96,92,4,4
42697,19,44,-25,25
42698,109,93,16,16
42699,67,61,6,6
42700,132,121,11,11
42701,156,121,35,35
42702,85,87,-2,2
42703,90,81,9,9
42704,85,73,12,12
42705,44,49,-5,5
42706,150,130,20,20
42707,65,61,4,4
42708,91,96,-5,5
42709,63,72,-9,9
42710,80,77,3,3
42711,163,155,8,8
42712,110,93,17,17
42713,100,94,6,6
42714,89,74,15,15
42715,51,45,6,6
42716,97,95,2,2
42717,82,77,5,5
42718,85,77,8,8
42719,73,71,2,2
42720,80,69,11,11
42721,50,54,-4,4
42722,81,70,11,11
42723,68,62,6,6
42724,76,71,5,5
42725,75,63,12,12
42726,82,83,-1,1
42727,78,72,6,6
42728,53,63,-10,10
42729,55,52,3,3
42730,41,32,9,9
42731,95,88,7,7
42732,55,50,5,5
42733,99,108,-9,9
42734,64,66,-2,2
42735,93,98,-5,5
42736,61,52,9,9
42737,95,85,10,10
42738,116,109,7,7
42739,83,67,16,16
42740,82,68,14,14
42741,137,106,31,31
42742,69,69,0,0
42743,69,57,12,12
42744,60,50,10,10
42745,81,79,2,2
42746,128,119,9,9
42747,78,68,10,10
42748,79,78,1,1
42749,74,73,1,1
42750,69,63,6,6
42751,140,115,25,25
42752,108,109,-1,1
42753,61,53,8,8
42754,142,132,10,10
42755,42,35,7,7
42756,68,57,11,11
42757,74,68,6,6
42758,94,88,6,6
42759,164,144,20,20
42760,77,68,9,9
42761,94,79,15,15
42762,192,185,7,7
42763,121,113,8,8
42764,61,55,6,6
42765,120,115,5,5
42766,103,93,10,10
42767,89,76,13,13
42768,100,84,16,16
42769,97,81,16,16
42770,64,63,1,1
42771,165,151,14,14
42772,74,67,7,7
42773,65,60,5,5
42774,39,39,0,0
42775,183,158,25,25
42776,82,76,6,6
42777,111,99,12,12
42778,150,126,24,24
42779,89,75,14,14
42780,116,104,12,12
42781,106,96,10,10
42782,129,121,8,8
42783,59,57,2,2
42784,161,126,35,35
42785,108,114,-6,6
42786,63,67,-4,4
42787,114,100,14,14
42788,80,77,3,3
42789,81,76,5,5
42790,72,63,9,9
42791,99,86,13,13
42792,98,74,24,24
42793,111,91,20,20
42794,120,106,14,14
42795,119,108,11,11
42796,69,66,3,3
42797,137,117,20,20
42798,130,119,11,11
42799,106,86,20,20
42800,58,57,1,1
42801,144,128,16,16
42802,117,111,6,6
42803,146,147,-1,1
42804,137,123,14,14
42805,116,113,3,3
42806,86,75,11,11
42807,89,80,9,9
42808,107,97,10,10
42809,108,104,4,4
42810,109,90,19,19
42811,53,51,2,2
42812,79,62,17,17
42813,59,56,3,3
42814,84,75,9,9
42815,156,129,27,27
42816,121,110,11,11
42817,66,61,5,5
42818,74,64,10,10
42819,47,98,-51,51
42820,106,96,10,10
42821,98,82,16,16
42822,68,56,12,12
42823,58,61,-3,3
42824,86,80,6,6
42825,87,84,3,3
42826,85,84,1,1
42827,143,129,14,14
42828,168,136,32,32
42829,63,65,-2,2
42830,72,108,-36,36
42831,170,170,0,0
42832,139,137,2,2
42833,104,105,-1,1
42834,66,51,15,15
42835,78,71,7,7
42836,66,56,10,10
42837,78,69,9,9
42838,178,149,29,29
42839,176,156,20,20
42840,77,64,13,13
42841,51,46,5,5
42842,112,84,28,28
42843,110,119,-9,9
42844,140,135,5,5
42845,120,101,19,19
42846,88,81,7,7
42847,85,86,-1,1
42848,166,139,27,27
42849,71,71,0,0
42850,112,112,0,0
42851,73,61,12,12
42852,80,73,7,7
42853,113,118,-5,5
42854,62,59,3,3
42855,94,56,38,38
42856,145,131,14,14
42857,131,129,2,2
42858,103,93,10,10
42859,98,97,1,1
42860,84,72,12,12
42861,133,117,16,16
42862,144,124,20,20
42863,141,121,20,20
42864,119,99,20,20
42865,87,78,9,9
42866,79,75,4,4
42867,63,63,0,0
42868,89,89,0,0
42869,38,37,1,1
42870,99,97,2,2
42871,114,96,18,18
42872,129,105,24,24
42873,155,138,17,17
42874,87,67,20,20
42875,70,63,7,7
42876,112,97,15,15
42877,137,121,16,16
42878,92,78,14,14
42879,145,127,18,18
42880,154,123,31,31
42881,130,116,14,14
42882,45,35,10,10
42883,63,54,9,9
42884,58,49,9,9
42885,96,95,1,1
42886,102,93,9,9
42887,118,116,2,2
42888,119,110,9,9
42889,75,69,6,6
42890,115,105,10,10
42891,94,86,8,8
42892,108,97,11,11
42893,101,88,13,13
42894,136,124,12,12
42895,110,104,6,6
42896,127,110,17,17
42897,94,75,19,19
42898,124,101,23,23
42899,68,62,6,6
42900,128,109,19,19
42901,138,127,11,11
42902,83,77,6,6
42903,125,97,28,28
42904,63,58,5,5
42905,133,101,32,32
42906,77,67,10,10
42907,94,85,9,9
42908,116,96,20,20
42909,93,86,7,7
42910,84,81,3,3
42911,125,112,13,13
42912,123,117,6,6
42913,92,81,11,11
42914,155,141,14,14
42915,86,165,-79,79
42916,75,70,5,5
42917,74,72,2,2
42918,78,74,4,4
42919,96,78,18,18
42920,113,110,3,3
42921,139,150,-11,11
42922,95,81,14,14
42923,83,74,9,9
42924,128,123,5,5
42925,102,95,7,7
42926,124,126,-2,2
42927,71,67,4,4
42928,63,60,3,3
42929,71,66,5,5
42930,131,126,5,5
42931,115,123,-8,8
42932,91,79,12,12
42933,92,88,4,4
42934,59,48,11,11
42935,138,126,12,12
42936,71,63,8,8
42937,53,47,6,6
42938,103,97,6,6
42939,85,73,12,12
42940,92,87,5,5
42941,109,111,-2,2
42942,74,76,-2,2
42943,100,89,11,11
42944,111,100,11,11
42945,112,102,10,10
42946,112,95,17,17
42947,31,36,-5,5
42948,57,59,-2,2
42949,194,171,23,23
42950,75,63,12,12
42951,119,110,9,9
42952,106,95,11,11
42953,89,71,18,18
42954,75,65,10,10
42955,77,73,4,4
42956,68,67,1,1
42957,48,43,5,5
42958,53,49,4,4
42959,91,81,10,10
42960,90,95,-5,5
42961,57,59,-2,2
42962,81,75,6,6
42963,113,101,12,12
42964,89,80,9,9
42965,74,65,9,9
42966,89,77,12,12
42967,73,74,-1,1
42968,54,42,12,12
42969,77,74,3,3
42970,108,88,20,20
42971,59,59,0,0
42972,218,189,29,29
42973,118,119,-1,1
42974,86,86,0,0
42975,153,136,17,17
42976,123,111,12,12
42977,117,107,10,10
42978,51,40,11,11
42979,77,68,9,9
42980,59,51,8,8
42981,69,68,1,1
42982,67,66,1,1
42983,83,71,12,12
42984,137,116,21,21
42985,96,78,18,18
42986,68,63,5,5
42987,91,90,1,1
42988,81,78,3,3
42989,79,55,24,24
42990,50,44,6,6
42991,78,72,6,6
42992,32,30,2,2
42993,64,57,7,7
42994,80,77,3,3
42995,99,90,9,9
42996,131,130,1,1
42997,48,46,2,2
42998,77,63,14,14
42999,128,117,11,11
43000,120,110,10,10
43001,55,53,2,2
43002,79,63,16,16
43003,85,76,9,9
43004,148,128,20,20
43005,136,123,13,13
43006,111,112,-1,1
43007,105,122,-17,17
43008,93,82,11,11
43009,79,66,13,13
43010,87,78,9,9
43011,69,68,1,1
43012,109,98,11,11
43013,156,138,18,18
43014,106,100,6,6
43015,105,98,7,7
43016,42,36,6,6
43017,84,73,11,11
43018,15,23,-8,8
43019,89,88,1,1
43020,179,159,20,20
43021,65,62,3,3
43022,108,104,4,4
43023,40,38,2,2
43024,89,74,15,15
43025,138,117,21,21
43026,134,132,2,2
43027,102,87,15,15
43028,103,93,10,10
43029,143,118,25,25
43030,65,66,-1,1
43031,74,64,10,10
43032,116,97,19,19
43033,79,73,6,6
43034,74,68,6,6
43035,91,63,28,28
43036,99,89,10,10
43037,64,53,11,11
43038,120,105,15,15
43039,103,85,18,18
43040,90,77,13,13
43041,51,45,6,6
43042,96,81,15,15
43043,77,66,11,11
43044,142,132,10,10
43045,77,60,17,17
43046,90,80,10,10
43047,141,127,14,14
43048,85,82,3,3
43049,98,84,14,14
43050,146,131,15,15
43051,120,104,16,16
43052,107,103,4,4
43053,97,94,3,3
43054,125,120,5,5
43055,81,78,3,3
43056,99,98,1,1
43057,90,88,2,2
43058,53,43,10,10
43059,88,71,17,17
43060,70,62,8,8
43061,57,68,-11,11
43062,77,65,12,12
43063,51,58,-7,7
43064,110,99,11,11
43065,72,66,6,6
43066,101,93,8,8
43067,177,147,30,30
43068,153,130,23,23
43069,157,144,13,13
43070,67,58,9,9
43071,63,58,5,5
43072,208,177,31,31
43073,84,73,11,11
43074,69,65,4,4
43075,110,87,23,23
43076,85,62,23,23
43077,37,32,5,5
43078,142,109,33,33
43079,82,84,-2,2
43080,81,81,0,0
43081,94,86,8,8
43082,143,133,10,10
43083,118,100,18,18
43084,86,86,0,0
43085,76,71,5,5
43086,73,59,14,14
43087,131,105,26,26
43088,53,52,1,1
43089,66,60,6,6
43090,101,97,4,4
43091,115,104,11,11
43092,136,120,16,16
43093,61,77,-16,16
43094,86,80,6,6
43095,71,73,-2,2
43096,81,73,8,8
43097,69,71,-2,2
43098,36,39,-3,3
43099,157,142,15,15
43100,57,53,4,4
43101,73,58,15,15
43102,185,156,29,29
43103,62,51,11,11
43104,123,113,10,10
43105,65,60,5,5
43106,73,63,10,10
43107,98,87,11,11
43108,101,87,14,14
43109,104,93,11,11
43110,83,79,4,4
43111,58,58,0,0
43112,85,78,7,7
43113,55,51,4,4
43114,80,68,12,12
43115,66,58,8,8
43116,83,69,14,14
43117,107,106,1,1
43118,104,89,15,15
43119,44,38,6,6
43120,63,63,0,0
43121,85,72,13,13
43122,133,116,17,17
43123,59,53,6,6
43124,130,96,34,34
43125,74,68,6,6
43126,62,53,9,9
43127,109,91,18,18
43128,71,68,3,3
43129,55,82,-27,27
43130,142,128,14,14
43131,117,114,3,3
43132,110,95,15,15
43133,35,39,-4,4
43134,85,81,4,4
43135,63,55,8,8
43136,79,80,-1,1
43137,101,87,14,14
43138,73,70,3,3
43139,150,146,4,4
43140,164,132,32,32
43141,121,109,12,12
43142,56,56,0,0
43143,82,79,3,3
43144,115,120,-5,5
43145,103,87,16,16
43146,80,69,11,11
43147,90,81,9,9
43148,103,90,13,13
43149,122,115,7,7
43150,113,106,7,7
43151,62,64,-2,2
43152,120,110,10,10
43153,94,88,6,6
43154,93,82,11,11
43155,52,48,4,4
43156,89,75,14,14
43157,72,53,19,19
43158,65,54,11,11
43159,92,80,12,12
43160,59,57,2,2
43161,86,95,-9,9
43162,119,97,22,22
43163,64,61,3,3
43164,142,105,37,37
43165,80,76,4,4
43166,68,63,5,5
43167,85,79,6,6
43168,69,59,10,10
43169,157,146,11,11
43170,120,98,22,22
43171,135,120,15,15
43172,72,63,9,9
43173,99,81,18,18
43174,88,85,3,3
43175,101,89,12,12
43176,72,68,4,4
43177,166,157,9,9
43178,49,46,3,3
43179,89,77,12,12
43180,113,96,17,17
43181,113,98,15,15
43182,85,82,3,3
43183,67,66,1,1
43184,89,82,7,7
43185,63,60,3,3
43186,52,79,-27,27
43187,127,111,16,16
43188,106,94,12,12
43189,120,93,27,27
43190,97,104,-7,7
43191,57,56,1,1
43192,68,60,8,8
43193,105,94,11,11
43194,106,101,5,5
43195,133,122,11,11
43196,63,64,-1,1
43197,58,54,4,4
43198,106,102,4,4
43199,103,88,15,15
43200,71,66,5,5
43201,103,96,7,7
43202,42,37,5,5
43203,91,79,12,12
43204,103,100,3,3
43205,90,82,8,8
43206,103,97,6,6
43207,111,95,16,16
43208,132,108,24,24
43209,115,103,12,12
43210,121,114,7,7
43211,122,103,19,19
43212,132,114,18,18
43213,32,42,-10,10
43214,110,93,17,17
43215,87,82,5,5
43216,135,120,15,15
43217,102,90,12,12
43218,82,79,3,3
43219,131,111,20,20
43220,102,95,7,7
43221,52,45,7,7
43222,100,102,-2,2
43223,100,86,14,14
43224,90,86,4,4
43225,85,84,1,1
43226,61,58,3,3
43227,154,152,2,2
43228,137,116,21,21
43229,107,90,17,17
43230,98,91,7,7
43231,92,78,14,14
43232,191,160,31,31
43233,113,111,2,2
43234,104,101,3,3
43235,62,52,10,10
43236,80,73,7,7
43237,50,46,4,4
43238,100,79,21,21
43239,126,117,9,9
43240,113,98,15,15
43241,69,64,5,5
43242,62,55,7,7
43243,52,66,-14,14
43244,118,107,11,11
43245,59,59,0,0
43246,40,41,-1,1
43247,93,84,9,9
43248,105,101,4,4
43249,127,105,22,22
43250,84,85,-1,1
43251,93,94,-1,1
43252,121,117,4,4
43253,94,88,6,6
43254,64,62,2,2
43255,109,94,15,15
43256,123,124,-1,1
43257,130,115,15,15
43258,138,124,14,14
43259,67,63,4,4
43260,99,92,7,7
43261,84,73,11,11
43262,112,114,-2,2
43263,103,94,9,9
43264,60,53,7,7
43265,90,97,-7,7
43266,131,125,6,6
43267,47,43,4,4
43268,90,77,13,13
43269,81,75,6,6
43270,84,74,10,10
43271,81,76,5,5
43272,105,100,5,5
43273,67,63,4,4
43274,86,79,7,7
43275,140,133,7,7
43276,78,66,12,12
43277,96,88,8,8
43278,102,96,6,6
43279,43,43,0,0
43280,71,74,-3,3
43281,91,91,0,0
43282,84,77,7,7
43283,125,110,15,15
43284,50,50,0,0
43285,90,87,3,3
43286,68,59,9,9
43287,129,116,13,13
43288,133,126,7,7
43289,72,82,-10,10
43290,150,134,16,16
43291,179,154,25,25
43292,96,86,10,10
43293,72,63,9,9
43294,178,141,37,37
43295,89,82,7,7
43296,129,108,21,21
43297,84,75,9,9
43298,87,74,13,13
43299,82,69,13,13
43300,82,84,-2,2
43301,91,81,10,10
43302,112,107,5,5
43303,88,84,4,4
43304,100,98,2,2
43305,164,146,18,18
43306,89,85,4,4
43307,72,74,-2,2
43308,111,106,5,5
43309,123,119,4,4
43310,163,133,30,30
43311,65,62,3,3
43312,130,130,0,0
43313,145,132,13,13
43314,92,85,7,7
43315,50,53,-3,3
43316,73,79,-6,6
43317,57,55,2,2
43318,89,65,24,24
43319,82,75,7,7
43320,67,59,8,8
43321,91,92,-1,1
43322,112,102,10,10
43323,73,67,6,6
43324,64,57,7,7
43325,119,124,-5,5
43326,61,47,14,14
43327,26,26,0,0
43328,67,63,4,4
43329,178,155,23,23
43330,97,73,24,24
43331,132,104,28,28
43332,121,115,6,6
43333,143,113,30,30
43334,92,88,4,4
43335,78,74,4,4
43336,99,95,4,4
43337,68,59,9,9
43338,61,54,7,7
43339,139,132,7,7
43340,162,149,13,13
43341,86,75,11,11
43342,106,93,13,13
43343,48,43,5,5
43344,125,108,17,17
43345,123,111,12,12
43346,117,106,11,11
43347,229,181,48,48
43348,83,78,5,5
43349,72,102,-30,30
43350,130,117,13,13
43351,49,46,3,3
43352,124,114,10,10
43353,123,116,7,7
43354,127,122,5,5
43355,78,71,7,7
43356,87,101,-14,14
43357,129,106,23,23
43358,97,82,15,15
43359,129,131,-2,2
43360,69,61,8,8
43361,84,75,9,9
43362,122,103,19,19
43363,158,132,26,26
43364,77,76,1,1
43365,86,88,-2,2
43366,100,96,4,4
43367,93,90,3,3
43368,117,105,12,12
43369,139,118,21,21
43370,100,85,15,15
43371,162,140,22,22
43372,68,64,4,4
43373,68,62,6,6
43374,85,69,16,16
43375,105,89,16,16
43376,174,145,29,29
43377,85,78,7,7
43378,108,92,16,16
43379,67,63,4,4
43380,115,106,9,9
43381,63,57,6,6
43382,107,94,13,13
43383,99,96,3,3
43384,52,49,3,3
43385,87,76,11,11
43386,125,91,34,34
43387,64,53,11,11
43388,101,91,10,10
43389,118,110,8,8
43390,129,118,11,11
43391,100,93,7,7
43392,71,57,14,14
43393,70,67,3,3
43394,70,68,2,2
43395,101,77,24,24
43396,71,66,5,5
43397,70,62,8,8
43398,115,102,13,13
43399,56,50,6,6
43400,106,98,8,8
43401,125,112,13,13
43402,104,93,11,11
43403,84,76,8,8
43404,64,62,2,2
43405,82,76,6,6
43406,99,97,2,2
43407,167,150,17,17
43408,107,96,11,11
43409,91,77,14,14
43410,83,78,5,5
43411,89,70,19,19
43412,92,82,10,10
43413,114,100,14,14
43414,126,96,30,30
43415,133,117,16,16
43416,51,51,0,0
43417,87,73,14,14
43418,67,57,10,10
43419,67,61,6,6
43420,142,119,23,23
43421,139,118,21,21
43422,125,102,23,23
43423,81,70,11,11
43424,210,176,34,34
43425,113,100,13,13
43426,57,65,-8,8
43427,94,89,5,5
43428,121,88,33,33
43429,107,99,8,8
43430,38,44,-6,6
43431,81,78,3,3
43432,126,104,22,22
43433,248,219,29,29
43434,92,83,9,9
43435,153,136,17,17
43436,127,118,9,9
43437,45,46,-1,1
43438,81,93,-12,12
43439,164,148,16,16
43440,140,138,2,2
43441,114,103,11,11
43442,115,109,6,6
43443,87,74,13,13
43444,57,54,3,3
43445,51,41,10,10
43446,95,97,-2,2
43447,33,31,2,2
43448,128,114,14,14
43449,101,92,9,9
43450,75,69,6,6
43451,138,126,12,12
43452,136,116,20,20
43453,63,77,-14,14
43454,80,60,20,20
43455,90,93,-3,3
43456,47,43,4,4
43457,96,86,10,10
43458,62,51,11,11
43459,98,84,14,14
43460,140,126,14,14
43461,84,71,13,13
43462,143,132,11,11
43463,84,79,5,5
43464,151,143,8,8
43465,87,70,17,17
43466,107,103,4,4
43467,118,101,17,17
43468,60,60,0,0
43469,82,74,8,8
43470,167,150,17,17
43471,110,92,18,18
43472,98,89,9,9
43473,83,77,6,6
43474,76,69,7,7
43475,93,92,1,1
43476,102,93,9,9
43477,76,62,14,14
43478,76,75,1,1
43479,115,103,12,12
43480,77,74,3,3
43481,98,85,13,13
43482,149,130,19,19
43483,78,72,6,6
43484,119,113,6,6
43485,121,106,15,15
43486,46,69,-23,23
43487,67,68,-1,1
43488,129,108,21,21
43489,114,107,7,7
43490,73,68,5,5
43491,118,107,11,11
43492,90,84,6,6
43493,165,154,11,11
43494,147,136,11,11
43495,52,44,8,8
43496,111,108,3,3
43497,160,130,30,30
43498,88,87,1,1
43499,105,97,8,8
43500,105,84,21,21
43501,90,86,4,4
43502,120,113,7,7
43503,89,71,18,18
43504,79,73,6,6
43505,82,84,-2,2
43506,122,117,5,5
43507,96,86,10,10
43508,48,46,2,2
43509,70,58,12,12
43510,65,68,-3,3
43511,78,72,6,6
43512,133,122,11,11
43513,48,44,4,4
43514,90,83,7,7
43515,54,52,2,2
43516,104,86,18,18
43517,91,74,17,17
43518,112,104,8,8
43519,63,62,1,1
43520,113,103,10,10
43521,99,79,20,20
43522,100,90,10,10
43523,69,61,8,8
43524,122,105,17,17
43525,84,80,4,4
43526,119,96,23,23
43527,103,88,15,15
43528,91,99,-8,8
43529,55,54,1,1
43530,64,62,2,2
43531,87,75,12,12
43532,220,193,27,27
43533,85,78,7,7
43534,63,62,1,1
43535,64,60,4,4
43536,109,112,-3,3
43537,80,70,10,10
43538,91,80,11,11
43539,146,140,6,6
43540,125,114,11,11
43541,130,125,5,5
43542,127,133,-6,6
43543,113,95,18,18
43544,125,115,10,10
43545,84,76,8,8
43546,111,100,11,11
43547,138,116,22,22
43548,47,46,1,1
43549,75,75,0,0
43550,98,101,-3,3
43551,163,144,19,19
43552,140,116,24,24
43553,50,34,16,16
43554,77,70,7,7
43555,64,55,9,9
43556,76,67,9,9
43557,108,97,11,11
43558,53,45,8,8
43559,65,67,-2,2
43560,197,175,22,22
43561,182,161,21,21
43562,71,61,10,10
43563,134,108,26,26
43564,126,108,18,18
43565,54,54,0,0
43566,132,125,7,7
43567,86,74,12,12
43568,106,102,4,4
43569,53,47,6,6
43570,87,83,4,4
43571,80,73,7,7
43572,150,143,7,7
43573,49,44,5,5
43574,137,94,43,43
43575,51,47,4,4
43576,90,75,15,15
43577,125,114,11,11
43578,110,103,7,7
43579,112,108,4,4
43580,51,49,2,2
43581,105,84,21,21
43582,110,104,6,6
43583,93,89,4,4
43584,169,147,22,22
43585,97,73,24,24
43586,97,75,22,22
43587,89,83,6,6
43588,75,68,7,7
43589,119,109,10,10
43590,93,88,5,5
43591,53,50,3,3
43592,121,97,24,24
43593,61,66,-5,5
43594,98,98,0,0
43595,92,86,6,6
43596,63,55,8,8
43597,101,83,18,18
43598,180,156,24,24
43599,70,63,7,7
43600,66,61,5,5
43601,121,182,-61,61
43602,100,90,10,10
43603,151,135,16,16
43604,44,55,-11,11
43605,93,84,9,9
43606,79,67,12,12
43607,133,111,22,22
43608,51,43,8,8
43609,111,104,7,7
43610,83,76,7,7
43611,93,91,2,2
43612,78,60,18,18
43613,75,67,8,8
43614,133,123,10,10
43615,128,106,22,22
43616,98,98,0,0
43617,137,110,27,27
43618,79,78,1,1
43619,90,79,11,11
43620,62,61,1,1
43621,170,159,11,11
43622,123,111,12,12
43623,57,58,-1,1
43624,87,92,-5,5
43625,35,45,-10,10
43626,76,77,-1,1
43627,95,76,19,19
43628,63,56,7,7
43629,74,65,9,9
43630,125,120,5,5
43631,115,106,9,9
43632,63,59,4,4
43633,141,125,16,16
43634,78,71,7,7
43635,71,66,5,5
43636,90,82,8,8
43637,235,205,30,30
43638,118,101,17,17
43639,65,65,0,0
43640,98,84,14,14
43641,97,95,2,2
43642,48,50,-2,2
43643,110,104,6,6
43644,96,87,9,9
43645,119,104,15,15
43646,141,126,15,15
43647,80,73,7,7
43648,88,103,-15,15
43649,93,87,6,6
43650,141,127,14,14
43651,59,74,-15,15
43652,98,88,10,10
43653,66,70,-4,4
43654,91,84,7,7
43655,90,79,11,11
43656,111,103,8,8
43657,96,86,10,10
43658,103,89,14,14
43659,59,51,8,8
43660,68,66,2,2
43661,73,65,8,8
43662,60,60,0,0
43663,75,82,-7,7
43664,65,64,1,1
43665,91,85,6,6
43666,53,54,-1,1
43667,97,91,6,6
43668,66,57,9,9
43669,94,88,6,6
43670,97,87,10,10
43671,81,72,9,9
43672,134,119,15,15
43673,96,93,3,3
43674,115,106,9,9
43675,51,67,-16,16
43676,75,71,4,4
43677,157,136,21,21
43678,86,80,6,6
43679,147,140,7,7
43680,85,75,10,10
43681,88,85,3,3
43682,46,43,3,3
43683,119,112,7,7
43684,109,95,14,14
43685,142,134,8,8
43686,95,88,7,7
43687,93,93,0,0
43688,79,72,7,7
43689,142,130,12,12
43690,83,78,5,5
43691,93,84,9,9
43692,149,104,45,45
43693,114,93,21,21
43694,99,81,18,18
43695,125,120,5,5
43696,116,86,30,30
43697,131,127,4,4
43698,103,86,17,17
43699,79,65,14,14
43700,171,157,14,14
43701,69,69,0,0
43702,78,81,-3,3
43703,67,74,-7,7
43704,82,73,9,9
43705,110,105,5,5
43706,171,149,22,22
43707,46,41,5,5
43708,60,55,5,5
43709,179,153,26,26
43710,68,67,1,1
43711,66,57,9,9
43712,67,62,5,5
43713,87,96,-9,9
43714,61,56,5,5
43715,61,58,3,3
43716,122,117,5,5
43717,96,86,10,10
43718,106,85,21,21
43719,54,46,8,8
43720,76,70,6,6
43721,111,107,4,4
43722,44,42,2,2
43723,163,149,14,14
43724,71,57,14,14
43725,74,66,8,8
43726,97,90,7,7
43727,134,120,14,14
43728,82,69,13,13
43729,79,90,-11,11
43730,138,112,26,26
43731,82,89,-7,7
43732,152,138,14,14
43733,111,102,9,9
43734,123,106,17,17
43735,77,63,14,14
43736,146,126,20,20
43737,82,73,9,9
43738,69,66,3,3
43739,91,91,0,0
43740,166,145,21,21
43741,53,51,2,2
43742,71,65,6,6
43743,84,72,12,12
43744,68,69,-1,1
43745,94,95,-1,1
43746,101,118,-17,17
43747,106,94,12,12
43748,93,78,15,15
43749,69,65,4,4
43750,136,115,21,21
43751,90,78,12,12
43752,87,69,18,18
43753,64,55,9,9
43754,62,94,-32,32
43755,77,77,0,0
43756,47,54,-7,7
43757,122,114,8,8
43758,67,62,5,5
43759,87,90,-3,3
43760,84,69,15,15
43761,68,64,4,4
43762,60,59,1,1
43763,75,69,6,6
43764,90,78,12,12
43765,69,75,-6,6
43766,77,69,8,8
43767,82,72,10,10
43768,127,116,11,11
43769,58,54,4,4
43770,151,130,21,21
43771,125,123,2,2
43772,114,101,13,13
43773,106,104,2,2
43774,85,81,4,4
43775,92,85,7,7
43776,70,62,8,8
43777,124,115,9,9
43778,97,94,3,3
43779,71,70,1,1
43780,146,136,10,10
43781,93,85,8,8
43782,91,77,14,14
43783,63,58,5,5
43784,60,54,6,6
43785,84,92,-8,8
43786,192,184,8,8
43787,93,79,14,14
43788,133,114,19,19
43789,95,86,9,9
43790,65,54,11,11
43791,81,81,0,0
43792,107,104,3,3
43793,131,111,20,20
43794,130,126,4,4
43795,68,59,9,9
43796,77,74,3,3
43797,112,111,1,1
43798,67,67,0,0
43799,91,83,8,8
43800,90,79,11,11
43801,125,116,9,9
43802,69,60,9,9
43803,106,98,8,8
43804,110,93,17,17
43805,65,60,5,5
43806,87,77,10,10
43807,60,48,12,12
43808,91,80,11,11
43809,153,130,23,23
43810,95,85,10,10
43811,150,133,17,17
43812,61,62,-1,1
43813,169,169,0,0
43814,76,70,6,6
43815,93,85,8,8
43816,75,63,12,12
43817,76,78,-2,2
43818,85,94,-9,9
43819,63,63,0,0
43820,86,82,4,4
43821,111,99,12,12
43822,81,71,10,10
43823,225,167,58,58
43824,49,39,10,10
43825,90,84,6,6
43826,67,61,6,6
43827,109,105,4,4
43828,103,88,15,15
43829,73,63,10,10
43830,137,125,12,12
43831,93,91,2,2
43832,68,60,8,8
43833,82,89,-7,7
43834,66,68,-2,2
43835,110,85,25,25
43836,170,159,11,11
43837,104,93,11,11
43838,73,71,2,2
43839,137,123,14,14
43840,55,47,8,8
43841,52,55,-3,3
43842,95,80,15,15
43843,48,45,3,3
43844,67,70,-3,3
43845,64,59,5,5
43846,71,66,5,5
43847,77,69,8,8
43848,66,55,11,11
43849,78,70,8,8
43850,71,68,3,3
43851,117,109,8,8
43852,83,69,14,14
43853,43,42,1,1
43854,100,84,16,16
43855,50,49,1,1
43856,140,132,8,8
43857,86,93,-7,7
43858,63,55,8,8
43859,91,83,8,8
43860,113,98,15,15
43861,63,59,4,4
43862,61,53,8,8
43863,78,80,-2,2
43864,34,44,-10,10
43865,90,95,-5,5
43866,47,39,8,8
43867,64,64,0,0
43868,58,60,-2,2
43869,116,111,5,5
43870,117,105,12,12
43871,84,83,1,1
43872,105,101,4,4
43873,86,79,7,7
43874,68,42,26,26
43875,131,128,3,3
43876,77,73,4,4
43877,76,64,12,12
43878,117,97,20,20
43879,97,86,11,11
43880,123,111,12,12
43881,98,93,5,5
43882,71,65,6,6
43883,127,112,15,15
43884,56,49,7,7
43885,122,103,19,19
43886,49,51,-2,2
43887,60,57,3,3
43888,115,101,14,14
43889,78,76,2,2
43890,46,46,0,0
43891,119,107,12,12
43892,129,134,-5,5
43893,66,58,8,8
43894,142,132,10,10
43895,79,70,9,9
43896,71,70,1,1
43897,144,131,13,13
43898,106,101,5,5
43899,77,73,4,4
43900,74,73,1,1
43901,69,61,8,8
43902,88,76,12,12
43903,59,54,5,5
43904,123,108,15,15
43905,54,53,1,1
43906,43,41,2,2
43907,155,132,23,23
43908,68,61,7,7
43909,131,121,10,10
43910,146,127,19,19
43911,102,79,23,23
43912,80,75,5,5
43913,57,58,-1,1
43914,81,74,7,7
43915,104,110,-6,6
43916,39,33,6,6
43917,78,70,8,8
43918,112,100,12,12
43919,44,78,-34,34
43920,79,70,9,9
43921,132,118,14,14
43922,117,123,-6,6
43923,80,78,2,2
43924,88,74,14,14
43925,61,54,7,7
43926,57,45,12,12
43927,123,116,7,7
43928,60,58,2,2
43929,113,98,15,15
43930,64,62,2,2
43931,101,84,17,17
43932,143,130,13,13
43933,71,69,2,2
43934,80,66,14,14
43935,70,61,9,9
43936,45,40,5,5
43937,44,45,-1,1
43938,92,81,11,11
43939,67,66,1,1
43940,63,50,13,13
43941,139,122,17,17
43942,127,108,19,19
43943,69,59,10,10
43944,136,120,16,16
43945,109,106,3,3
43946,120,108,12,12
43947,63,56,7,7
43948,50,48,2,2
43949,97,82,15,15
43950,103,83,20,20
43951,89,76,13,13
43952,85,72,13,13
43953,173,152,21,21
43954,128,115,13,13
43955,171,163,8,8
43956,49,43,6,6
43957,99,79,20,20
43958,129,126,3,3
43959,85,82,3,3
43960,102,90,12,12
43961,124,115,9,9
43962,122,103,19,19
43963,137,124,13,13
43964,89,85,4,4
43965,51,45,6,6
43966,81,93,-12,12
43967,88,73,15,15
43968,76,72,4,4
43969,111,108,3,3
43970,86,79,7,7
43971,131,119,12,12
43972,23,29,-6,6
43973,109,98,11,11
43974,84,78,6,6
43975,101,91,10,10
43976,139,129,10,10
43977,58,61,-3,3
43978,71,66,5,5
43979,95,76,19,19
43980,70,62,8,8
43981,65,64,1,1
43982,95,81,14,14
43983,109,95,14,14
43984,57,53,4,4
43985,103,94,9,9
43986,184,152,32,32
43987,80,71,9,9
43988,103,94,9,9
43989,94,114,-20,20
43990,62,57,5,5
43991,110,82,28,28
43992,109,101,8,8
43993,47,45,2,2
43994,107,101,6,6
43995,184,155,29,29
43996,122,125,-3,3
43997,155,145,10,10
43998,66,66,0,0
43999,63,56,7,7
44000,104,110,-6,6
44001,100,83,17,17
44002,82,93,-11,11
44003,162,148,14,14
44004,122,116,6,6
44005,78,120,-42,42
44006,71,59,12,12
44007,131,104,27,27
44008,113,98,15,15
44009,84,81,3,3
44010,65,56,9,9
44011,81,79,2,2
44012,93,75,18,18
44013,67,63,4,4
44014,148,120,28,28
44015,72,73,-1,1
44016,106,87,19,19
44017,79,81,-2,2
44018,113,105,8,8
44019,66,59,7,7
44020,68,53,15,15
44021,63,53,10,10
44022,81,91,-10,10
44023,117,105,12,12
44024,70,97,-27,27
44025,78,72,6,6
44026,165,160,5,5
44027,40,32,8,8
44028,85,83,2,2
44029,73,94,-21,21
44030,104,92,12,12
44031,129,109,20,20
44032,116,100,16,16
44033,115,102,13,13
44034,82,71,11,11
44035,84,81,3,3
44036,82,79,3,3
44037,29,54,-25,25
44038,64,67,-3,3
44039,66,52,14,14
44040,114,102,12,12
44041,146,125,21,21
44042,65,57,8,8
44043,42,36,6,6
44044,157,151,6,6
44045,89,79,10,10
44046,116,122,-6,6
44047,54,47,7,7
44048,77,69,8,8
44049,79,75,4,4
44050,137,124,13,13
44051,67,59,8,8
44052,105,104,1,1
44053,149,110,39,39
44054,57,56,1,1
44055,104,103,1,1
44056,89,90,-1,1
44057,82,80,2,2
44058,106,112,-6,6
44059,191,173,18,18
44060,87,78,9,9
44061,58,55,3,3
44062,114,105,9,9
44063,114,109,5,5
44064,118,104,14,14
44065,159,140,19,19
44066,58,50,8,8
44067,95,87,8,8
44068,74,70,4,4
44069,135,112,23,23
44070,134,125,9,9
44071,87,72,15,15
44072,130,110,20,20
44073,119,108,11,11
44074,142,123,19,19
44075,152,139,13,13
44076,105,94,11,11
44077,63,59,4,4
44078,92,86,6,6
44079,75,64,11,11
44080,96,85,11,11
44081,75,60,15,15
44082,56,49,7,7
44083,72,63,9,9
44084,89,99,-10,10
44085,58,57,1,1
44086,76,68,8,8
44087,90,99,-9,9
44088,73,75,-2,2
44089,78,72,6,6
44090,110,110,0,0
44091,174,142,32,32
44092,104,81,23,23
44093,94,91,3,3
44094,165,137,28,28
44095,107,92,15,15
44096,78,72,6,6
44097,90,79,11,11
44098,124,110,14,14
44099,129,109,20,20
44100,66,58,8,8
44101,73,72,1,1
44102,139,133,6,6
44103,72,70,2,2
44104,140,124,16,16
44105,93,89,4,4
44106,135,119,16,16
44107,56,51,5,5
44108,76,64,12,12
44109,102,88,14,14
44110,102,97,5,5
44111,130,112,18,18
44112,152,143,9,9
44113,76,68,8,8
44114,178,166,12,12
44115,85,70,15,15
44116,78,67,11,11
44117,97,105,-8,8
44118,113,109,4,4
44119,81,80,1,1
44120,65,69,-4,4
44121,42,44,-2,2
44122,72,77,-5,5
44123,115,106,9,9
44124,80,79,1,1
44125,39,33,6,6
44126,85,74,11,11
44127,101,87,14,14
44128,158,142,16,16
44129,91,86,5,5
44130,68,64,4,4
44131,112,109,3,3
44132,161,148,13,13
44133,147,142,5,5
44134,63,60,3,3
44135,60,70,-10,10
44136,84,77,7,7
44137,112,101,11,11
44138,129,110,19,19
44139,136,126,10,10
44140,130,117,13,13
44141,74,70,4,4
44142,111,104,7,7
44143,118,109,9,9
44144,60,52,8,8
44145,59,64,-5,5
44146,90,83,7,7
44147,72,70,2,2
44148,118,109,9,9
44149,63,57,6,6
44150,91,81,10,10
44151,106,101,5,5
44152,89,78,11,11
44153,111,103,8,8
44154,131,121,10,10
44155,85,83,2,2
44156,97,91,6,6
44157,41,37,4,4
44158,104,99,5,5
44159,137,132,5,5
44160,110,95,15,15
44161,50,69,-19,19
44162,143,117,26,26
44163,110,99,11,11
44164,79,76,3,3
44165,79,73,6,6
44166,71,69,2,2
44167,116,109,7,7
44168,89,78,11,11
44169,85,81,4,4
44170,62,64,-2,2
44171,105,86,19,19
44172,110,106,4,4
44173,68,73,-5,5
44174,125,123,2,2
44175,120,108,12,12
44176,118,105,13,13
44177,63,56,7,7
44178,42,41,1,1
44179,49,49,0,0
44180,96,85,11,11
44181,107,99,8,8
44182,108,104,4,4
44183,94,85,9,9
44184,89,80,9,9
44185,117,107,10,10
44186,120,115,5,5
44187,71,63,8,8
44188,71,68,3,3
44189,58,58,0,0
44190,90,92,-2,2
44191,118,101,17,17
44192,43,55,-12,12
44193,78,70,8,8
44194,159,139,20,20
44195,99,100,-1,1
44196,92,88,4,4
44197,148,125,23,23
44198,97,77,20,20
44199,84,84,0,0
44200,45,41,4,4
44201,63,60,3,3
44202,117,101,16,16
44203,122,108,14,14
44204,115,100,15,15
44205,110,97,13,13
44206,114,99,15,15
44207,71,66,5,5
44208,132,131,1,1
44209,73,64,9,9
44210,137,120,17,17
44211,79,69,10,10
44212,79,62,17,17
44213,106,94,12,12
44214,99,84,15,15
44215,77,92,-15,15
44216,127,121,6,6
44217,96,82,14,14
44218,66,58,8,8
44219,63,59,4,4
44220,95,90,5,5
44221,97,86,11,11
44222,42,36,6,6
44223,60,43,17,17
44224,59,60,-1,1
44225,66,57,9,9
44226,140,97,43,43
44227,64,61,3,3
44228,72,66,6,6
44229,85,74,11,11
44230,119,91,28,28
44231,99,84,15,15
44232,133,113,20,20
44233,75,73,2,2
44234,66,60,6,6
44235,102,88,14,14
44236,63,63,0,0
44237,133,115,18,18
44238,144,129,15,15
44239,141,117,24,24
44240,97,93,4,4
44241,90,88,2,2
44242,124,119,5,5
44243,123,118,5,5
44244,191,155,36,36
44245,62,55,7,7
44246,58,57,1,1
44247,98,83,15,15
44248,113,103,10,10
44249,107,89,18,18
44250,106,98,8,8
44251,95,86,9,9
44252,144,127,17,17
44253,50,44,6,6
44254,195,162,33,33
44255,122,98,24,24
44256,97,73,24,24
44257,71,54,17,17
44258,153,135,18,18
44259,67,64,3,3
44260,51,48,3,3
44261,65,66,-1,1
44262,78,70,8,8
44263,87,76,11,11
44264,72,70,2,2
44265,81,71,10,10
44266,149,132,17,17
44267,119,95,24,24
44268,102,84,18,18
44269,93,83,10,10
44270,116,110,6,6
44271,125,112,13,13
44272,138,119,19,19
44273,75,75,0,0
44274,100,91,9,9
44275,107,89,18,18
44276,91,107,-16,16
44277,135,122,13,13
44278,47,49,-2,2
44279,95,82,13,13
44280,88,90,-2,2
44281,71,63,8,8
44282,110,116,-6,6
44283,108,99,9,9
44284,49,55,-6,6
44285,48,43,5,5
44286,93,84,9,9
44287,94,89,5,5
44288,140,128,12,12
44289,68,62,6,6
44290,79,80,-1,1
44291,147,136,11,11
44292,107,88,19,19
44293,77,70,7,7
44294,87,80,7,7
44295,183,169,14,14
44296,123,105,18,18
44297,143,126,17,17
44298,94,84,10,10
44299,96,80,16,16
44300,85,84,1,1
44301,112,103,9,9
44302,82,76,6,6
44303,103,95,8,8
44304,98,93,5,5
44305,104,102,2,2
44306,81,70,11,11
44307,57,53,4,4
44308,113,118,-5,5
44309,80,74,6,6
44310,117,106,11,11
44311,68,57,11,11
44312,76,68,8,8
44313,69,72,-3,3
44314,86,86,0,0
44315,107,88,19,19
44316,63,56,7,7
44317,127,118,9,9
44318,87,76,11,11
44319,82,75,7,7
44320,92,80,12,12
44321,78,73,5,5
44322,117,102,15,15
44323,93,96,-3,3
44324,116,107,9,9
44325,51,51,0,0
44326,80,68,12,12
44327,126,121,5,5
44328,48,56,-8,8
44329,183,170,13,13
44330,61,59,2,2
44331,128,120,8,8
44332,95,78,17,17
44333,107,86,21,21
44334,87,85,2,2
44335,136,128,8,8
44336,49,47,2,2
44337,77,65,12,12
44338,114,102,12,12
44339,139,116,23,23
44340,90,84,6,6
44341,164,166,-2,2
44342,124,123,1,1
44343,115,107,8,8
44344,111,96,15,15
44345,144,133,11,11
44346,72,74,-2,2
44347,121,104,17,17
44348,131,112,19,19
44349,99,100,-1,1
44350,55,56,-1,1
44351,125,107,18,18
44352,43,41,2,2
44353,75,63,12,12
44354,71,62,9,9
44355,62,60,2,2
44356,86,75,11,11
44357,78,71,7,7
44358,101,91,10,10
44359,81,75,6,6
44360,144,122,22,22
44361,121,102,19,19
44362,84,77,7,7
44363,91,79,12,12
44364,108,115,-7,7
44365,84,76,8,8
44366,96,82,14,14
44367,130,121,9,9
44368,53,49,4,4
44369,111,111,0,0
44370,65,51,14,14
44371,138,118,20,20
44372,39,33,6,6
44373,54,54,0,0
44374,48,40,8,8
44375,62,56,6,6
44376,110,103,7,7
44377,88,81,7,7
44378,92,78,14,14
44379,124,109,15,15
44380,86,78,8,8
44381,89,91,-2,2
44382,96,95,1,1
44383,50,48,2,2
44384,92,78,14,14
44385,70,65,5,5
44386,101,95,6,6
44387,143,123,20,20
44388,128,132,-4,4
44389,83,78,5,5
44390,59,56,3,3
44391,131,116,15,15
44392,79,70,9,9
44393,66,58,8,8
44394,110,94,16,16
44395,99,89,10,10
44396,100,95,5,5
44397,92,86,6,6
44398,115,96,19,19
44399,87,72,15,15
44400,105,89,16,16
44401,77,70,7,7
44402,93,89,4,4
44403,124,113,11,11
44404,71,70,1,1
44405,68,63,5,5
44406,107,103,4,4
44407,130,119,11,11
44408,32,35,-3,3
44409,96,101,-5,5
44410,82,68,14,14
44411,73,61,12,12
44412,57,70,-13,13
44413,60,58,2,2
44414,61,48,13,13
44415,127,106,21,21
44416,67,55,12,12
44417,148,124,24,24
44418,111,100,11,11
44419,119,104,15,15
44420,86,74,12,12
44421,88,80,8,8
44422,68,62,6,6
44423,65,65,0,0
44424,64,66,-2,2
44425,158,127,31,31
44426,144,117,27,27
44427,91,87,4,4
44428,63,59,4,4
44429,88,85,3,3
44430,122,99,23,23
44431,51,49,2,2
44432,124,122,2,2
44433,118,94,24,24
44434,49,44,5,5
44435,94,77,17,17
44436,69,62,7,7
44437,168,146,22,22
44438,79,78,1,1
44439,70,68,2,2
44440,199,178,21,21
44441,43,46,-3,3
44442,85,80,5,5
44443,51,48,3,3
44444,135,116,19,19
44445,57,68,-11,11
44446,191,181,10,10
44447,94,92,2,2
44448,109,105,4,4
44449,76,67,9,9
44450,175,160,15,15
44451,126,119,7,7
44452,143,125,18,18
44453,101,91,10,10
44454,50,63,-13,13
44455,84,80,4,4
44456,94,85,9,9
44457,110,99,11,11
44458,170,136,34,34
44459,149,129,20,20
44460,94,88,6,6
44461,102,94,8,8
44462,118,122,-4,4
44463,112,105,7,7
44464,108,101,7,7
44465,58,55,3,3
44466,39,100,-61,61
44467,112,99,13,13
44468,107,111,-4,4
44469,61,54,7,7
44470,99,90,9,9
44471,62,63,-1,1
44472,119,102,17,17
44473,105,89,16,16
44474,93,75,18,18
44475,109,98,11,11
44476,132,118,14,14
44477,83,98,-15,15
44478,46,46,0,0
44479,170,146,24,24
44480,217,173,44,44
44481,119,109,10,10
44482,140,145,-5,5
44483,106,95,11,11
44484,100,90,10,10
44485,61,56,5,5
44486,111,120,-9,9
44487,117,95,22,22
44488,68,71,-3,3
44489,94,86,8,8
44490,74,66,8,8
44491,109,108,1,1
44492,98,106,-8,8
44493,103,89,14,14
44494,78,80,-2,2
44495,80,75,5,5
44496,83,75,8,8
44497,76,76,0,0
44498,110,100,10,10
44499,152,135,17,17
44500,81,64,17,17
44501,133,124,9,9
44502,66,59,7,7
44503,102,89,13,13
44504,102,91,11,11
44505,53,45,8,8
44506,139,128,11,11
44507,133,116,17,17
44508,57,53,4,4
44509,61,52,9,9
44510,116,96,20,20
44511,97,84,13,13
44512,187,158,29,29
44513,62,54,8,8
44514,102,95,7,7
44515,62,64,-2,2
44516,48,42,6,6
44517,108,105,3,3
44518,68,60,8,8
44519,112,102,10,10
44520,154,136,18,18
44521,76,71,5,5
44522,110,108,2,2
44523,89,87,2,2
44524,128,113,15,15
44525,61,63,-2,2
44526,60,63,-3,3
44527,143,133,10,10
44528,107,103,4,4
44529,76,60,16,16
44530,79,72,7,7
44531,65,57,8,8
44532,104,98,6,6
44533,145,133,12,12
44534,86,70,16,16
44535,83,75,8,8
44536,88,92,-4,4
44537,178,154,24,24
44538,116,111,5,5
44539,105,113,-8,8
44540,72,73,-1,1
44541,77,70,7,7
44542,56,55,1,1
44543,109,89,20,20
44544,45,40,5,5
44545,106,91,15,15
44546,42,42,0,0
44547,118,111,7,7
44548,102,87,15,15
44549,47,62,-15,15
44550,70,68,2,2
44551,103,93,10,10
44552,123,120,3,3
44553,170,154,16,16
44554,124,122,2,2
44555,98,99,-1,1
44556,57,62,-5,5
44557,122,122,0,0
44558,59,54,5,5
44559,107,98,9,9
44560,73,62,11,11
44561,65,61,4,4
44562,53,48,5,5
44563,152,134,18,18
44564,81,69,12,12
44565,87,77,10,10
44566,77,67,10,10
44567,129,124,5,5
44568,165,148,17,17
44569,111,104,7,7
44570,108,106,2,2
44571,67,64,3,3
44572,78,73,5,5
44573,105,91,14,14
44574,72,63,9,9
44575,75,76,-1,1
44576,85,72,13,13
44577,57,53,4,4
44578,115,117,-2,2
44579,74,66,8,8
44580,170,153,17,17
44581,90,87,3,3
44582,85,79,6,6
44583,65,64,1,1
44584,45,43,2,2
44585,160,136,24,24
44586,160,140,20,20
44587,99,96,3,3
44588,62,65,-3,3
44589,121,113,8,8
44590,129,114,15,15
44591,98,95,3,3
44592,104,91,13,13
44593,69,64,5,5
44594,75,63,12,12
44595,95,83,12,12
44596,118,108,10,10
44597,94,125,-31,31
44598,100,94,6,6
44599,129,110,19,19
44600,118,105,13,13
44601,57,147,-90,90
44602,68,63,5,5
44603,123,113,10,10
44604,93,79,14,14
44605,53,47,6,6
44606,92,82,10,10
44607,78,73,5,5
44608,175,139,36,36
44609,115,119,-4,4
44610,70,70,0,0
44611,161,131,30,30
44612,61,58,3,3
44613,64,57,7,7
44614,86,81,5,5
44615,84,78,6,6
44616,152,132,20,20
44617,116,105,11,11
44618,53,52,1,1
44619,57,56,1,1
44620,68,70,-2,2
44621,178,159,19,19
44622,93,82,11,11
44623,120,103,17,17
44624,136,131,5,5
44625,39,40,-1,1
44626,102,91,11,11
44627,167,156,11,11
44628,65,59,6,6
44629,50,54,-4,4
44630,80,71,9,9
44631,126,103,23,23
44632,67,59,8,8
44633,59,63,-4,4
44634,116,105,11,11
44635,95,88,7,7
44636,57,52,5,5
44637,75,77,-2,2
44638,99,91,8,8
44639,94,84,10,10
44640,65,58,7,7
44641,90,82,8,8
44642,126,107,19,19
44643,86,86,0,0
44644,103,93,10,10
44645,92,93,-1,1
44646,120,110,10,10
44647,86,77,9,9
44648,19,24,-5,5
44649,138,121,17,17
44650,86,81,5,5
44651,126,111,15,15
44652,103,94,9,9
44653,89,79,10,10
44654,71,67,4,4
44655,63,55,8,8
44656,76,72,4,4
44657,154,140,14,14
44658,64,58,6,6
44659,73,66,7,7
44660,61,57,4,4
44661,57,61,-4,4
44662,142,136,6,6
44663,193,173,20,20
44664,58,73,-15,15
44665,89,91,-2,2
44666,88,82,6,6
44667,121,108,13,13
44668,110,97,13,13
44669,116,104,12,12
44670,100,88,12,12
44671,62,56,6,6
44672,100,98,2,2
44673,146,117,29,29
44674,33,32,1,1
44675,105,99,6,6
44676,93,86,7,7
44677,48,52,-4,4
44678,74,73,1,1
44679,55,51,4,4
44680,77,66,11,11
44681,83,68,15,15
44682,162,144,18,18
44683,59,52,7,7
44684,196,177,19,19
44685,95,80,15,15
44686,64,53,11,11
44687,107,102,5,5
44688,163,142,21,21
44689,78,67,11,11
44690,66,66,0,0
44691,62,65,-3,3
44692,109,92,17,17
44693,77,72,5,5
44694,125,107,18,18
44695,103,91,12,12
44696,81,70,11,11
44697,50,44,6,6
44698,116,122,-6,6
44699,70,71,-1,1
44700,68,58,10,10
44701,96,82,14,14
44702,155,126,29,29
44703,128,125,3,3
44704,75,71,4,4
44705,116,103,13,13
44706,88,83,5,5
44707,100,83,17,17
44708,73,69,4,4
44709,140,131,9,9
44710,106,96,10,10
44711,87,84,3,3
44712,78,79,-1,1
44713,92,84,8,8
44714,109,94,15,15
44715,69,68,1,1
44716,174,152,22,22
44717,60,55,5,5
44718,61,53,8,8
44719,59,57,2,2
44720,124,112,12,12
44721,85,75,10,10
44722,136,101,35,35
44723,118,109,9,9
44724,81,78,3,3
44725,80,77,3,3
44726,69,59,10,10
44727,60,60,0,0
44728,63,60,3,3
44729,46,43,3,3
44730,61,55,6,6
44731,65,69,-4,4
44732,104,101,3,3
44733,144,127,17,17
44734,73,82,-9,9
44735,77,70,7,7
44736,96,85,11,11
44737,71,74,-3,3
44738,74,70,4,4
44739,60,56,4,4
44740,80,73,7,7
44741,74,74,0,0
44742,168,140,28,28
44743,145,124,21,21
44744,86,84,2,2
44745,137,125,12,12
44746,121,110,11,11
44747,91,72,19,19
44748,68,65,3,3
44749,78,63,15,15
44750,84,79,5,5
44751,150,131,19,19
44752,103,85,18,18
44753,79,70,9,9
44754,63,61,2,2
44755,70,64,6,6
44756,229,182,47,47
44757,130,132,-2,2
44758,81,77,4,4
44759,112,94,18,18
44760,134,109,25,25
44761,82,75,7,7
44762,152,184,-32,32
44763,90,91,-1,1
44764,105,105,0,0
44765,138,127,11,11
44766,95,88,7,7
44767,86,74,12,12
44768,91,75,16,16
44769,58,67,-9,9
44770,130,110,20,20
44771,154,135,19,19
44772,69,67,2,2
44773,158,122,36,36
44774,136,122,14,14
44775,56,57,-1,1
44776,86,75,11,11
44777,49,45,4,4
44778,138,122,16,16
44779,100,92,8,8
44780,146,130,16,16
44781,56,49,7,7
44782,79,74,5,5
44783,53,48,5,5
44784,59,53,6,6
44785,64,54,10,10
44786,108,93,15,15
44787,66,58,8,8
44788,117,110,7,7
44789,60,52,8,8
44790,51,44,7,7
44791,104,93,11,11
44792,92,99,-7,7
44793,87,70,17,17
44794,84,100,-16,16
44795,155,142,13,13
44796,100,97,3,3
44797,43,40,3,3
44798,72,54,18,18
44799,124,122,2,2
44800,116,127,-11,11
44801,159,131,28,28
44802,91,92,-1,1
44803,71,58,13,13
44804,158,140,18,18
44805,71,68,3,3
44806,102,88,14,14
44807,117,103,14,14
44808,94,86,8,8
44809,79,81,-2,2
44810,51,48,3,3
44811,63,55,8,8
44812,55,53,2,2
44813,152,119,33,33
44814,78,56,22,22
44815,54,49,5,5
44816,80,71,9,9
44817,59,52,7,7
44818,84,80,4,4
44819,110,99,11,11
44820,124,103,21,21
44821,92,75,17,17
44822,126,118,8,8
44823,130,113,17,17
44824,89,81,8,8
44825,109,98,11,11
44826,87,89,-2,2
44827,75,61,14,14
44828,225,202,23,23
44829,182,169,13,13
44830,82,76,6,6
44831,54,56,-2,2
44832,187,160,27,27
44833,128,123,5,5
44834,87,72,15,15
44835,92,75,17,17
44836,58,61,-3,3
44837,63,52,11,11
44838,100,85,15,15
44839,102,102,0,0
44840,46,49,-3,3
44841,89,90,-1,1
44842,61,52,9,9
44843,134,124,10,10
44844,69,64,5,5
44845,118,105,13,13
44846,153,136,17,17
44847,115,99,16,16
44848,88,75,13,13
44849,91,85,6,6
44850,51,50,1,1
44851,68,74,-6,6
44852,155,136,19,19
44853,52,47,5,5
44854,71,66,5,5
44855,100,89,11,11
44856,81,70,11,11
44857,168,147,21,21
44858,80,70,10,10
44859,83,75,8,8
44860,90,89,1,1
44861,99,88,11,11
44862,45,42,3,3
44863,110,99,11,11
44864,118,92,26,26
44865,98,89,9,9
44866,162,138,24,24
44867,54,47,7,7
44868,80,76,4,4
44869,91,75,16,16
44870,81,68,13,13
44871,89,80,9,9
44872,58,51,7,7
44873,194,189,5,5
44874,78,74,4,4
44875,63,54,9,9
44876,61,53,8,8
44877,98,88,10,10
44878,95,86,9,9
44879,97,82,15,15
44880,96,99,-3,3
44881,89,78,11,11
44882,154,134,20,20
44883,51,47,4,4
44884,117,94,23,23
44885,42,45,-3,3
44886,92,81,11,11
44887,91,86,5,5
44888,162,159,3,3
44889,75,69,6,6
44890,104,97,7,7
44891,117,110,7,7
44892,74,77,-3,3
44893,52,46,6,6
44894,77,66,11,11
44895,83,72,11,11
44896,71,69,2,2
44897,57,50,7,7
44898,62,56,6,6
44899,114,102,12,12
44900,58,58,0,0
44901,120,114,6,6
44902,74,65,9,9
44903,95,76,19,19
44904,63,61,2,2
44905,84,85,-1,1
44906,57,57,0,0
44907,70,66,4,4
44908,71,73,-2,2
44909,71,55,16,16
44910,140,117,23,23
44911,116,113,3,3
44912,62,60,2,2
44913,96,96,0,0
44914,73,69,4,4
44915,79,71,8,8
44916,97,78,19,19
44917,80,65,15,15
44918,76,72,4,4
44919,67,61,6,6
44920,176,157,19,19
44921,71,76,-5,5
44922,89,79,10,10
44923,75,68,7,7
44924,142,122,20,20
44925,96,90,6,6
44926,70,71,-1,1
44927,134,121,13,13
44928,123,114,9,9
44929,71,72,-1,1
44930,45,51,-6,6
44931,102,91,11,11
44932,130,123,7,7
44933,134,123,11,11
44934,71,74,-3,3
44935,111,116,-5,5
44936,134,112,22,22
44937,131,106,25,25
44938,136,153,-17,17
44939,116,103,13,13
44940,156,138,18,18
44941,139,117,22,22
44942,102,93,9,9
44943,69,70,-1,1
44944,81,71,10,10
44945,109,105,4,4
44946,94,81,13,13
44947,77,66,11,11
44948,173,166,7,7
44949,70,65,5,5
44950,77,74,3,3
44951,95,84,11,11
44952,96,86,10,10
44953,90,83,7,7
44954,47,59,-12,12
44955,116,114,2,2
44956,84,67,17,17
44957,62,62,0,0
44958,128,128,0,0
44959,83,77,6,6
44960,90,88,2,2
44961,86,81,5,5
44962,113,103,10,10
44963,153,127,26,26
44964,90,83,7,7
44965,96,90,6,6
44966,76,75,1,1
44967,73,67,6,6
44968,98,89,9,9
44969,23,39,-16,16
44970,57,56,1,1
44971,65,70,-5,5
44972,107,101,6,6
44973,140,128,12,12
44974,112,92,20,20
44975,149,149,0,0
44976,100,74,26,26
44977,100,90,10,10
44978,64,54,10,10
44979,89,77,12,12
44980,154,135,19,19
44981,53,49,4,4
44982,45,39,6,6
44983,61,58,3,3
44984,108,99,9,9
44985,88,71,17,17
44986,109,105,4,4
44987,143,113,30,30
44988,91,90,1,1
44989,102,94,8,8
44990,61,67,-6,6
44991,85,78,7,7
44992,121,96,25,25
44993,65,57,8,8
44994,56,48,8,8
44995,103,93,10,10
44996,111,89,22,22
44997,102,88,14,14
44998,99,78,21,21
44999,97,109,-12,12
45000,79,69,10,10
45001,139,123,16,16
45002,107,85,22,22
45003,166,160,6,6
45004,51,48,3,3
45005,75,60,15,15
45006,113,99,14,14
45007,69,68,1,1
45008,129,117,12,12
45009,197,178,19,19
45010,104,96,8,8
45011,99,97,2,2
45012,86,70,16,16
45013,95,80,15,15
45014,138,120,18,18
45015,78,69,9,9
45016,47,79,-32,32
45017,56,53,3,3
45018,62,59,3,3
45019,64,62,2,2
45020,105,78,27,27
45021,104,89,15,15
45022,140,123,17,17
45023,84,91,-7,7
45024,126,124,2,2
45025,82,75,7,7
45026,75,68,7,7
45027,92,85,7,7
45028,77,72,5,5
45029,100,91,9,9
45030,140,133,7,7
45031,67,54,13,13
45032,117,114,3,3
45033,54,52,2,2
45034,81,76,5,5
45035,130,120,10,10
45036,100,87,13,13
45037,86,74,12,12
45038,57,57,0,0
45039,115,101,14,14
45040,147,136,11,11
45041,86,77,9,9
45042,39,40,-1,1
45043,79,72,7,7
45044,89,85,4,4
45045,70,60,10,10
45046,73,72,1,1
45047,113,97,16,16
45048,99,95,4,4
45049,78,72,6,6
45050,132,124,8,8
45051,79,82,-3,3
45052,143,127,16,16
45053,57,55,2,2
45054,49,44,5,5
45055,85,76,9,9
45056,49,71,-22,22
45057,96,79,17,17
45058,87,80,7,7
45059,151,112,39,39
45060,147,133,14,14
45061,94,93,1,1
45062,91,82,9,9
45063,56,49,7,7
45064,123,124,-1,1
45065,188,155,33,33
45066,55,43,12,12
45067,117,100,17,17
45068,106,95,11,11
45069,109,109,0,0
45070,61,51,10,10
45071,46,51,-5,5
45072,62,53,9,9
45073,102,91,11,11
45074,62,55,7,7
45075,85,79,6,6
45076,89,81,8,8
45077,96,89,7,7
45078,132,118,14,14
45079,94,86,8,8
45080,118,101,17,17
45081,73,64,9,9
45082,69,66,3,3
45083,57,55,2,2
45084,86,81,5,5
45085,130,107,23,23
45086,144,126,18,18
45087,67,61,6,6
45088,64,92,-28,28
45089,85,74,11,11
45090,104,103,1,1
45091,109,92,17,17
45092,110,99,11,11
45093,129,108,21,21
45094,97,87,10,10
45095,85,79,6,6
45096,104,91,13,13
45097,77,76,1,1
45098,81,78,3,3
45099,97,85,12,12
45100,130,131,-1,1
45101,67,60,7,7
45102,55,51,4,4
45103,92,78,14,14
45104,83,82,1,1
45105,135,133,2,2
45106,69,57,12,12
45107,109,100,9,9
45108,98,82,16,16
45109,95,83,12,12
45110,121,116,5,5
45111,80,65,15,15
45112,79,74,5,5
45113,123,117,6,6
45114,117,104,13,13
45115,59,58,1,1
45116,89,82,7,7
45117,82,75,7,7
45118,117,98,19,19
45119,69,67,2,2
45120,123,101,22,22
45121,57,60,-3,3
45122,87,72,15,15
45123,105,99,6,6
45124,108,95,13,13
45125,76,65,11,11
45126,74,96,-22,22
45127,84,66,18,18
45128,96,91,5,5
45129,78,72,6,6
45130,76,77,-1,1
45131,88,86,2,2
45132,89,82,7,7
45133,90,84,6,6
45134,60,54,6,6
45135,53,51,2,2
45136,67,63,4,4
45137,89,81,8,8
45138,149,120,29,29
45139,95,91,4,4
45140,109,108,1,1
45141,169,163,6,6
45142,78,65,13,13
45143,122,112,10,10
45144,48,60,-12,12
45145,108,110,-2,2
45146,90,83,7,7
45147,147,125,22,22
45148,69,63,6,6
45149,112,93,19,19
45150,158,142,16,16
45151,123,122,1,1
45152,42,37,5,5
45153,135,116,19,19
45154,148,129,19,19
45155,109,100,9,9
45156,73,57,16,16
45157,88,78,10,10
45158,90,74,16,16
45159,55,53,2,2
45160,83,82,1,1
45161,54,44,10,10
45162,85,80,5,5
45163,75,65,10,10
45164,121,112,9,9
45165,65,56,9,9
45166,77,66,11,11
45167,102,88,14,14
45168,104,100,4,4
45169,67,56,11,11
45170,134,113,21,21
45171,107,90,17,17
45172,87,82,5,5
45173,168,149,19,19
45174,145,136,9,9
45175,127,121,6,6
45176,168,147,21,21
45177,113,97,16,16
45178,64,63,1,1
45179,64,59,5,5
45180,83,80,3,3
45181,83,76,7,7
45182,125,110,15,15
45183,61,52,9,9
45184,40,35,5,5
45185,57,48,9,9
45186,153,132,21,21
45187,101,95,6,6
45188,83,79,4,4
45189,89,91,-2,2
45190,111,102,9,9
45191,77,70,7,7
45192,127,110,17,17
45193,128,114,14,14
45194,146,124,22,22
45195,49,51,-2,2
45196,49,53,-4,4
45197,57,58,-1,1
45198,89,79,10,10
45199,88,94,-6,6
45200,153,149,4,4
45201,71,67,4,4
45202,135,127,8,8
45203,109,92,17,17
45204,73,63,10,10
45205,185,149,36,36
45206,69,63,6,6
45207,109,102,7,7
45208,74,74,0,0
45209,181,145,36,36
45210,96,91,5,5
45211,93,100,-7,7
45212,60,51,9,9
45213,104,97,7,7
45214,67,53,14,14
45215,89,88,1,1
45216,128,109,19,19
45217,100,89,11,11
45218,96,85,11,11
45219,90,73,17,17
45220,68,60,8,8
45221,126,109,17,17
45222,54,57,-3,3
45223,106,101,5,5
45224,63,56,7,7
45225,113,88,25,25
45226,45,50,-5,5
45227,98,87,11,11
45228,156,131,25,25
45229,52,52,0,0
45230,134,113,21,21
45231,74,71,3,3
45232,102,92,10,10
45233,100,88,12,12
45234,62,59,3,3
45235,82,69,13,13
45236,105,85,20,20
45237,69,66,3,3
45238,124,126,-2,2
45239,118,103,15,15
45240,82,75,7,7
45241,63,64,-1,1
45242,70,62,8,8
45243,68,61,7,7
45244,121,102,19,19
45245,73,69,4,4
45246,51,49,2,2
45247,81,68,13,13
45248,146,124,22,22
45249,88,78,10,10
45250,101,90,11,11
45251,126,122,4,4
45252,119,110,9,9
45253,113,110,3,3
45254,172,141,31,31
45255,81,66,15,15
45256,90,82,8,8
45257,110,99,11,11
45258,134,129,5,5
45259,37,45,-8,8
45260,62,59,3,3
45261,65,58,7,7
45262,52,47,5,5
45263,76,75,1,1
45264,116,105,11,11
45265,98,116,-18,18
45266,61,57,4,4
45267,84,81,3,3
45268,153,131,22,22
45269,72,61,11,11
45270,77,71,6,6
45271,86,79,7,7
45272,99,97,2,2
45273,124,110,14,14
45274,66,70,-4,4
45275,76,70,6,6
45276,67,49,18,18
45277,133,109,24,24
45278,91,82,9,9
45279,71,73,-2,2
45280,207,190,17,17
45281,65,60,5,5
45282,97,94,3,3
45283,131,125,6,6
45284,120,102,18,18
45285,59,56,3,3
45286,124,109,15,15
45287,74,64,10,10
45288,101,90,11,11
45289,85,74,11,11
45290,85,76,9,9
45291,137,117,20,20
45292,76,66,10,10
45293,136,128,8,8
45294,139,124,15,15
45295,49,50,-1,1
45296,136,123,13,13
45297,75,58,17,17
45298,109,101,8,8
45299,53,50,3,3
45300,110,99,11,11
45301,59,59,0,0
45302,119,108,11,11
45303,86,76,10,10
45304,139,121,18,18
45305,132,111,21,21
45306,191,170,21,21
45307,87,74,13,13
45308,90,82,8,8
45309,122,112,10,10
45310,73,60,13,13
45311,122,101,21,21
45312,93,89,4,4
45313,46,49,-3,3
45314,84,83,1,1
45315,103,84,19,19
45316,39,35,4,4
45317,96,96,0,0
45318,72,65,7,7
45319,146,124,22,22
45320,80,83,-3,3
45321,68,68,0,0
45322,49,44,5,5
45323,110,99,11,11
45324,117,109,8,8
45325,121,101,20,20
45326,55,59,-4,4
45327,149,144,5,5
45328,78,69,9,9
45329,60,62,-2,2
45330,161,146,15,15
45331,95,92,3,3
45332,75,58,17,17
45333,92,87,5,5
45334,112,116,-4,4
45335,67,65,2,2
45336,91,81,10,10
45337,109,94,15,15
45338,177,153,24,24
45339,105,105,0,0
45340,82,70,12,12
45341,89,69,20,20
45342,109,99,10,10
45343,67,73,-6,6
45344,117,112,5,5
45345,96,88,8,8
45346,49,51,-2,2
45347,110,94,16,16
45348,57,49,8,8
45349,118,86,32,32
45350,120,107,13,13
45351,77,73,4,4
45352,107,88,19,19
45353,60,60,0,0
45354,70,59,11,11
45355,115,106,9,9
45356,70,68,2,2
45357,70,54,16,16
45358,96,103,-7,7
45359,72,74,-2,2
45360,72,63,9,9
45361,67,64,3,3
45362,170,145,25,25
45363,57,50,7,7
45364,67,59,8,8
45365,85,80,5,5
45366,95,100,-5,5
45367,119,132,-13,13
45368,84,71,13,13
45369,65,78,-13,13
45370,225,209,16,16
45371,97,87,10,10
45372,81,76,5,5
45373,104,95,9,9
45374,23,25,-2,2
45375,75,66,9,9
45376,115,102,13,13
45377,111,92,19,19
45378,60,50,10,10
45379,72,66,6,6
45380,100,95,5,5
45381,85,72,13,13
45382,60,57,3,3
45383,55,57,-2,2
45384,120,117,3,3
45385,121,119,2,2
45386,79,68,11,11
45387,89,81,8,8
45388,127,107,20,20
45389,86,77,9,9
45390,58,50,8,8
45391,99,82,17,17
45392,126,123,3,3
45393,53,49,4,4
45394,55,56,-1,1
45395,107,102,5,5
45396,67,60,7,7
45397,83,85,-2,2
45398,81,76,5,5
45399,92,84,8,8
45400,109,92,17,17
45401,148,142,6,6
45402,115,113,2,2
45403,124,109,15,15
45404,103,94,9,9
45405,122,117,5,5
45406,104,98,6,6
45407,58,43,15,15
45408,68,62,6,6
45409,83,84,-1,1
45410,51,63,-12,12
45411,84,77,7,7
45412,129,124,5,5
45413,64,63,1,1
45414,150,129,21,21
45415,48,46,2,2
45416,67,54,13,13
45417,72,65,7,7
45418,101,91,10,10
45419,68,58,10,10
45420,135,116,19,19
45421,98,92,6,6
45422,73,68,5,5
45423,93,94,-1,1
45424,161,150,11,11
45425,58,55,3,3
45426,125,118,7,7
45427,91,84,7,7
45428,82,73,9,9
45429,82,81,1,1
45430,89,95,-6,6
45431,45,38,7,7
45432,56,69,-13,13
45433,152,164,-12,12
45434,110,94,16,16
45435,81,71,10,10
45436,43,44,-1,1
45437,154,148,6,6
45438,82,68,14,14
45439,104,104,0,0
45440,78,78,0,0
45441,130,108,22,22
45442,66,70,-4,4
45443,86,82,4,4
45444,98,95,3,3
45445,106,98,8,8
45446,78,76,2,2
45447,89,74,15,15
45448,84,81,3,3
45449,111,90,21,21
45450,73,67,6,6
45451,115,127,-12,12
45452,174,152,22,22
45453,87,70,17,17
45454,102,92,10,10
45455,77,62,15,15
45456,37,32,5,5
45457,131,119,12,12
45458,104,93,11,11
45459,109,134,-25,25
45460,89,77,12,12
45461,108,97,11,11
45462,158,137,21,21
45463,69,61,8,8
45464,89,73,16,16
45465,42,36,6,6
45466,97,75,22,22
45467,70,67,3,3
45468,116,103,13,13
45469,138,136,2,2
45470,110,101,9,9
45471,105,90,15,15
45472,51,54,-3,3
45473,94,92,2,2
45474,75,65,10,10
45475,129,124,5,5
45476,88,76,12,12
45477,100,81,19,19
45478,79,69,10,10
45479,176,159,17,17
45480,86,73,13,13
45481,88,90,-2,2
45482,105,107,-2,2
45483,140,122,18,18
45484,72,62,10,10
45485,111,93,18,18
45486,105,87,18,18
45487,191,167,24,24
45488,120,110,10,10
45489,99,96,3,3
45490,45,47,-2,2
45491,94,85,9,9
45492,80,77,3,3
45493,85,75,10,10
45494,74,62,12,12
45495,78,73,5,5
45496,131,112,19,19
45497,95,88,7,7
45498,59,56,3,3
45499,72,59,13,13
45500,108,103,5,5
45501,71,67,4,4
45502,74,63,11,11
45503,134,130,4,4
45504,101,94,7,7
45505,68,59,9,9
45506,127,119,8,8
45507,195,156,39,39
45508,73,69,4,4
45509,77,69,8,8
45510,79,67,12,12
45511,59,48,11,11
45512,115,94,21,21
45513,79,72,7,7
45514,91,82,9,9
45515,82,72,10,10
45516,72,63,9,9
45517,63,67,-4,4
45518,89,82,7,7
45519,69,68,1,1
45520,62,85,-23,23
45521,45,47,-2,2
45522,87,85,2,2
45523,75,77,-2,2
45524,105,95,10,10
45525,93,92,1,1
45526,104,96,8,8
45527,86,81,5,5
45528,159,147,12,12
45529,93,79,14,14
45530,112,103,9,9
45531,120,106,14,14
45532,62,50,12,12
45533,108,98,10,10
45534,124,115,9,9
45535,167,141,26,26
45536,163,147,16,16
45537,113,101,12,12
45538,98,80,18,18
45539,64,67,-3,3
45540,120,106,14,14
45541,52,45,7,7
45542,42,40,2,2
45543,131,132,-1,1
45544,95,72,23,23
45545,85,77,8,8
45546,71,61,10,10
45547,116,101,15,15
45548,91,73,18,18
45549,94,86,8,8
45550,52,53,-1,1
45551,84,92,-8,8
45552,61,52,9,9
45553,101,95,6,6
45554,97,89,8,8
45555,96,94,2,2
45556,141,138,3,3
45557,124,107,17,17
45558,72,66,6,6
45559,79,124,-45,45
45560,155,145,10,10
45561,112,111,1,1
45562,63,56,7,7
45563,73,71,2,2
45564,67,66,1,1
45565,61,55,6,6
45566,114,97,17,17
45567,33,33,0,0
45568,64,60,4,4
45569,79,70,9,9
45570,149,148,1,1
45571,97,85,12,12
45572,84,74,10,10
45573,134,128,6,6
45574,85,86,-1,1
45575,123,102,21,21
45576,97,83,14,14
45577,69,61,8,8
45578,116,98,18,18
45579,92,75,17,17
45580,125,117,8,8
45581,103,86,17,17
45582,99,82,17,17
45583,154,150,4,4
45584,102,92,10,10
45585,53,50,3,3
45586,104,98,6,6
45587,218,173,45,45
45588,57,52,5,5
45589,154,146,8,8
45590,141,136,5,5
45591,113,114,-1,1
45592,69,63,6,6
45593,87,92,-5,5
45594,126,116,10,10
45595,99,97,2,2
45596,85,83,2,2
45597,78,76,2,2
45598,85,68,17,17
45599,77,67,10,10
45600,97,85,12,12
45601,67,69,-2,2
45602,114,101,13,13
45603,130,124,6,6
45604,127,108,19,19
45605,66,57,9,9
45606,74,71,3,3
45607,117,103,14,14
45608,57,51,6,6
45609,169,151,18,18
45610,79,73,6,6
45611,122,126,-4,4
45612,117,110,7,7
45613,82,77,5,5
45614,119,107,12,12
45615,105,95,10,10
45616,121,103,18,18
45617,107,99,8,8
45618,63,60,3,3
45619,76,73,3,3
45620,141,114,27,27
45621,76,68,8,8
45622,189,127,62,62
45623,78,70,8,8
45624,105,113,-8,8
45625,69,67,2,2
45626,95,94,1,1
45627,55,55,0,0
45628,85,70,15,15
45629,62,61,1,1
45630,72,67,5,5
45631,91,86,5,5
45632,78,82,-4,4
45633,69,60,9,9
45634,58,53,5,5
45635,104,88,16,16
45636,90,86,4,4
45637,45,49,-4,4
45638,109,87,22,22
45639,174,164,10,10
45640,102,108,-6,6
45641,72,72,0,0
45642,93,85,8,8
45643,88,108,-20,20
45644,147,125,22,22
45645,116,103,13,13
45646,71,86,-15,15
45647,59,54,5,5
45648,110,97,13,13
45649,112,101,11,11
45650,67,54,13,13
45651,63,62,1,1
45652,99,78,21,21
45653,71,64,7,7
45654,61,62,-1,1
45655,145,165,-20,20
45656,59,58,1,1
45657,91,87,4,4
45658,97,94,3,3
45659,67,63,4,4
45660,75,63,12,12
45661,107,84,23,23
45662,47,54,-7,7
45663,111,110,1,1
45664,122,103,19,19
45665,145,129,16,16
45666,133,109,24,24
45667,90,78,12,12
45668,153,139,14,14
45669,83,67,16,16
45670,44,49,-5,5
45671,64,59,5,5
45672,74,72,2,2
45673,98,92,6,6
45674,117,65,52,52
45675,83,80,3,3
45676,52,52,0,0
45677,74,65,9,9
45678,128,114,14,14
45679,75,69,6,6
45680,71,64,7,7
45681,72,65,7,7
45682,80,73,7,7
45683,98,87,11,11
45684,138,127,11,11
45685,161,143,18,18
45686,152,139,13,13
45687,117,104,13,13
45688,96,93,3,3
45689,76,71,5,5
45690,150,140,10,10
45691,71,70,1,1
45692,127,123,4,4
45693,93,88,5,5
45694,116,106,10,10
45695,128,111,17,17
45696,47,45,2,2
45697,53,51,2,2
45698,173,158,15,15
45699,84,90,-6,6
45700,74,65,9,9
45701,40,42,-2,2
45702,125,96,29,29
45703,100,100,0,0
45704,62,58,4,4
45705,120,100,20,20
45706,163,130,33,33
45707,111,101,10,10
45708,62,65,-3,3
45709,104,101,3,3
45710,96,84,12,12
45711,71,62,9,9
45712,94,87,7,7
45713,109,100,9,9
45714,46,47,-1,1
45715,94,85,9,9
45716,52,48,4,4
45717,88,78,10,10
45718,68,69,-1,1
45719,193,189,4,4
45720,137,118,19,19
45721,109,98,11,11
45722,97,96,1,1
45723,114,98,16,16
45724,90,81,9,9
45725,57,58,-1,1
45726,119,103,16,16
45727,157,139,18,18
45728,86,73,13,13
45729,108,100,8,8
45730,82,77,5,5
45731,111,95,16,16
45732,110,102,8,8
45733,108,83,25,25
45734,92,78,14,14
45735,38,33,5,5
45736,92,84,8,8
45737,92,82,10,10
45738,68,57,11,11
45739,74,73,1,1
45740,83,75,8,8
45741,106,80,26,26
45742,86,80,6,6
45743,78,63,15,15
45744,155,153,2,2
45745,116,106,10,10
45746,129,95,34,34
45747,99,88,11,11
45748,114,98,16,16
45749,103,87,16,16
45750,82,65,17,17
45751,50,45,5,5
45752,86,76,10,10
45753,82,72,10,10
45754,82,87,-5,5
45755,50,49,1,1
45756,88,68,20,20
45757,86,74,12,12
45758,103,92,11,11
45759,60,48,12,12
45760,68,61,7,7
45761,86,62,24,24
45762,85,74,11,11
45763,80,71,9,9
45764,58,59,-1,1
45765,63,72,-9,9
45766,117,105,12,12
45767,97,100,-3,3
45768,59,56,3,3
45769,66,64,2,2
45770,121,109,12,12
45771,77,68,9,9
45772,47,42,5,5
45773,61,61,0,0
45774,128,113,15,15
45775,225,193,32,32
45776,145,124,21,21
45777,125,122,3,3
45778,40,41,-1,1
45779,94,78,16,16
45780,103,90,13,13
45781,137,123,14,14
45782,151,131,20,20
45783,98,92,6,6
45784,115,103,12,12
45785,77,67,10,10
45786,75,91,-16,16
45787,75,72,3,3
45788,117,105,12,12
45789,133,126,7,7
45790,89,90,-1,1
45791,92,83,9,9
45792,66,60,6,6
45793,26,29,-3,3
45794,135,116,19,19
45795,82,81,1,1
45796,44,45,-1,1
45797,79,62,17,17
45798,135,130,5,5
45799,122,121,1,1
45800,177,161,16,16
45801,93,78,15,15
45802,54,46,8,8
45803,104,107,-3,3
45804,69,58,11,11
45805,64,62,2,2
45806,113,112,1,1
45807,69,60,9,9
45808,127,124,3,3
45809,115,106,9,9
45810,75,68,7,7
45811,81,72,9,9
45812,35,36,-1,1
45813,120,110,10,10
45814,86,79,7,7
45815,111,95,16,16
45816,149,126,23,23
45817,86,76,10,10
45818,122,109,13,13
45819,80,76,4,4
45820,91,78,13,13
45821,106,97,9,9
45822,30,45,-15,15
45823,84,76,8,8
45824,159,120,39,39
45825,76,74,2,2
45826,73,66,7,7
45827,78,70,8,8
45828,271,215,56,56
45829,138,134,4,4
45830,72,70,2,2
45831,77,60,17,17
45832,94,87,7,7
45833,101,94,7,7
45834,72,65,7,7
45835,101,99,2,2
45836,120,112,8,8
45837,159,148,11,11
45838,78,71,7,7
45839,78,74,4,4
45840,106,93,13,13
45841,87,88,-1,1
45842,62,57,5,5
45843,106,100,6,6
45844,127,130,-3,3
45845,101,90,11,11
45846,56,49,7,7
45847,41,49,-8,8
45848,83,77,6,6
45849,128,122,6,6
45850,86,72,14,14
45851,82,80,2,2
45852,104,91,13,13
45853,116,124,-8,8
45854,115,100,15,15
45855,81,67,14,14
45856,82,87,-5,5
45857,88,75,13,13
45858,115,106,9,9
45859,170,155,15,15
45860,110,102,8,8
45861,228,193,35,35
45862,161,136,25,25
45863,72,65,7,7
45864,171,145,26,26
45865,117,100,17,17
45866,116,104,12,12
45867,60,48,12,12
45868,113,108,5,5
45869,121,105,16,16
45870,41,50,-9,9
45871,98,84,14,14
45872,83,72,11,11
45873,56,53,3,3
45874,107,91,16,16
45875,90,74,16,16
45876,91,86,5,5
45877,68,66,2,2
45878,131,111,20,20
45879,95,80,15,15
45880,93,79,14,14
45881,99,88,11,11
45882,195,159,36,36
45883,124,106,18,18
45884,124,109,15,15
45885,44,46,-2,2
45886,63,58,5,5
45887,175,147,28,28
45888,127,104,23,23
45889,113,107,6,6
45890,118,90,28,28
45891,99,101,-2,2
45892,89,81,8,8
45893,64,60,4,4
45894,73,67,6,6
45895,104,86,18,18
45896,50,52,-2,2
45897,94,75,19,19
45898,115,108,7,7
45899,91,84,7,7
45900,80,66,14,14
45901,81,78,3,3
45902,80,76,4,4
45903,100,87,13,13
45904,123,112,11,11
45905,89,77,12,12
45906,71,65,6,6
45907,162,133,29,29
45908,152,124,28,28
45909,69,61,8,8
45910,81,81,0,0
45911,71,68,3,3
45912,90,78,12,12
45913,104,93,11,11
45914,106,90,16,16
45915,66,61,5,5
45916,66,58,8,8
45917,79,83,-4,4
45918,45,43,2,2
45919,89,77,12,12
45920,105,81,24,24
45921,59,51,8,8
45922,103,88,15,15
45923,116,108,8,8
45924,93,82,11,11
45925,116,121,-5,5
45926,133,115,18,18
45927,86,75,11,11
45928,86,69,17,17
45929,65,64,1,1
45930,139,116,23,23
45931,117,114,3,3
45932,67,59,8,8
45933,119,95,24,24
45934,81,92,-11,11
45935,127,115,12,12
45936,142,122,20,20
45937,87,79,8,8
45938,70,61,9,9
45939,79,73,6,6
45940,119,109,10,10
45941,73,62,11,11
45942,72,58,14,14
45943,87,83,4,4
45944,108,96,12,12
45945,120,109,11,11
45946,82,71,11,11
45947,97,90,7,7
45948,73,71,2,2
45949,69,63,6,6
45950,96,86,10,10
45951,44,42,2,2
45952,104,91,13,13
45953,68,65,3,3
45954,108,75,33,33
45955,81,79,2,2
45956,124,110,14,14
45957,91,76,15,15
45958,116,122,-6,6
45959,41,34,7,7
45960,93,84,9,9
45961,100,95,5,5
45962,70,74,-4,4
45963,82,74,8,8
45964,124,104,20,20
45965,168,143,25,25
45966,81,72,9,9
45967,124,118,6,6
45968,74,63,11,11
45969,191,165,26,26
45970,99,98,1,1
45971,72,66,6,6
45972,92,90,2,2
45973,122,115,7,7
45974,104,91,13,13
45975,93,81,12,12
45976,50,49,1,1
45977,79,76,3,3
45978,86,79,7,7
45979,147,151,-4,4
45980,129,131,-2,2
45981,135,137,-2,2
45982,124,99,25,25
45983,91,83,8,8
45984,80,82,-2,2
45985,150,147,3,3
45986,113,101,12,12
45987,74,60,14,14
45988,165,142,23,23
45989,105,84,21,21
45990,49,46,3,3
45991,96,94,2,2
45992,115,103,12,12
45993,132,113,19,19
45994,111,95,16,16
45995,44,44,0,0
45996,98,79,19,19
45997,52,43,9,9
45998,78,76,2,2
45999,71,62,9,9
46000,30,28,2,2
46001,116,109,7,7
46002,128,138,-10,10
46003,75,78,-3,3
46004,47,48,-1,1
46005,89,85,4,4
46006,88,71,17,17
46007,102,92,10,10
46008,48,43,5,5
46009,59,53,6,6
46010,131,113,18,18
46011,71,65,6,6
46012,81,79,2,2
46013,110,101,9,9
46014,154,137,17,17
46015,120,108,12,12
46016,155,131,24,24
46017,109,97,12,12
46018,71,73,-2,2
46019,81,74,7,7
46020,58,54,4,4
46021,69,74,-5,5
46022,134,118,16,16
46023,99,84,15,15
46024,71,67,4,4
46025,99,91,8,8
46026,76,71,5,5
46027,98,76,22,22
46028,68,64,4,4
46029,105,85,20,20
46030,109,93,16,16
46031,143,113,30,30
46032,112,98,14,14
46033,82,93,-11,11
46034,59,52,7,7
46035,170,148,22,22
46036,84,83,1,1
46037,84,86,-2,2
46038,97,91,6,6
46039,241,195,46,46
46040,216,181,35,35
46041,121,112,9,9
46042,72,59,13,13
46043,61,54,7,7
46044,76,67,9,9
46045,140,131,9,9
46046,101,87,14,14
46047,92,77,15,15
46048,65,55,10,10
46049,62,61,1,1
46050,62,59,3,3
46051,172,138,34,34
46052,82,72,10,10
46053,118,107,11,11
46054,99,86,13,13
46055,121,109,12,12
46056,108,96,12,12
46057,96,72,24,24
46058,145,129,16,16
46059,111,127,-16,16
46060,46,45,1,1
46061,74,62,12,12
46062,96,83,13,13
46063,60,55,5,5
46064,110,128,-18,18
46065,78,75,3,3
46066,114,96,18,18
46067,154,155,-1,1
46068,165,140,25,25
46069,42,38,4,4
46070,91,80,11,11
46071,100,94,6,6
46072,110,84,26,26
46073,67,65,2,2
46074,68,70,-2,2
46075,137,105,32,32
46076,87,82,5,5
46077,93,78,15,15
46078,86,80,6,6
46079,200,195,5,5
46080,119,106,13,13
46081,176,154,22,22
46082,75,67,8,8
46083,125,111,14,14
46084,74,73,1,1
46085,102,89,13,13
46086,53,48,5,5
46087,107,94,13,13
46088,95,81,14,14
46089,120,114,6,6
46090,88,80,8,8
46091,66,68,-2,2
46092,94,78,16,16
46093,137,131,6,6
46094,67,73,-6,6
46095,83,74,9,9
46096,56,52,4,4
46097,139,114,25,25
46098,100,85,15,15
46099,78,82,-4,4
46100,103,89,14,14
46101,59,60,-1,1
46102,47,51,-4,4
46103,65,55,10,10
46104,112,94,18,18
46105,132,108,24,24
46106,82,80,2,2
46107,118,107,11,11
46108,109,86,23,23
46109,91,79,12,12
46110,67,63,4,4
46111,83,78,5,5
46112,79,72,7,7
46113,26,27,-1,1
46114,44,51,-7,7
46115,71,73,-2,2
46116,86,74,12,12
46117,77,69,8,8
46118,53,42,11,11
46119,98,83,15,15
46120,144,122,22,22
46121,89,73,16,16
46122,67,62,5,5
46123,147,126,21,21
46124,127,119,8,8
46125,85,75,10,10
46126,66,56,10,10
46127,89,74,15,15
46128,89,81,8,8
46129,75,69,6,6
46130,72,61,11,11
46131,101,94,7,7
46132,126,90,36,36
46133,62,57,5,5
46134,83,74,9,9
46135,151,133,18,18
46136,102,93,9,9
46137,215,192,23,23
46138,149,129,20,20
46139,133,119,14,14
46140,90,75,15,15
46141,100,77,23,23
46142,57,47,10,10
46143,61,51,10,10
46144,41,33,8,8
46145,137,117,20,20
46146,164,143,21,21
46147,242,201,41,41
46148,99,91,8,8
46149,51,47,4,4
46150,68,60,8,8
46151,78,68,10,10
46152,120,109,11,11
46153,87,77,10,10
46154,105,88,17,17
46155,112,97,15,15
46156,87,83,4,4
46157,88,81,7,7
46158,71,63,8,8
46159,125,110,15,15
46160,73,70,3,3
46161,108,98,10,10
46162,76,72,4,4
46163,45,38,7,7
46164,100,90,10,10
46165,76,71,5,5
46166,158,144,14,14
46167,92,83,9,9
46168,77,72,5,5
46169,44,41,3,3
46170,115,113,2,2
46171,85,82,3,3
46172,109,95,14,14
46173,89,83,6,6
46174,39,41,-2,2
46175,66,62,4,4
46176,62,63,-1,1
46177,89,85,4,4
46178,130,117,13,13
46179,92,84,8,8
46180,138,114,24,24
46181,118,98,20,20
46182,219,217,2,2
46183,104,96,8,8
46184,94,90,4,4
46185,100,80,20,20
46186,54,46,8,8
46187,153,123,30,30
46188,84,75,9,9
46189,91,88,3,3
46190,46,42,4,4
46191,53,55,-2,2
46192,77,65,12,12
46193,80,65,15,15
46194,138,119,19,19
46195,80,68,12,12
46196,138,108,30,30
46197,141,122,19,19
46198,91,81,10,10
46199,176,146,30,30
46200,117,111,6,6
46201,69,69,0,0
46202,108,110,-2,2
46203,101,87,14,14
46204,135,120,15,15
46205,115,106,9,9
46206,102,92,10,10
46207,56,56,0,0
46208,96,90,6,6
46209,69,62,7,7
46210,106,104,2,2
46211,151,145,6,6
46212,110,96,14,14
46213,112,99,13,13
46214,134,114,20,20
46215,65,58,7,7
46216,66,62,4,4
46217,97,92,5,5
46218,109,101,8,8
46219,141,125,16,16
46220,78,84,-6,6
46221,94,101,-7,7
46222,64,65,-1,1
46223,47,55,-8,8
46224,79,68,11,11
46225,104,100,4,4
46226,39,32,7,7
46227,62,63,-1,1
46228,123,112,11,11
46229,144,118,26,26
46230,108,104,4,4
46231,183,148,35,35
46232,85,77,8,8
46233,49,50,-1,1
46234,40,41,-1,1
46235,27,37,-10,10
46236,107,97,10,10
46237,135,133,2,2
46238,129,105,24,24
46239,77,68,9,9
46240,61,62,-1,1
46241,58,63,-5,5
46242,144,129,15,15
46243,53,50,3,3
46244,95,92,3,3
46245,82,68,14,14
46246,73,67,6,6
46247,174,165,9,9
46248,101,89,12,12
46249,100,118,-18,18
46250,81,68,13,13
46251,94,81,13,13
46252,76,72,4,4
46253,70,65,5,5
46254,100,96,4,4
46255,79,64,15,15
46256,83,76,7,7
46257,90,86,4,4
46258,136,117,19,19
46259,61,54,7,7
46260,106,101,5,5
46261,90,83,7,7
46262,32,33,-1,1
46263,100,98,2,2
46264,74,64,10,10
46265,62,57,5,5
46266,101,84,17,17
46267,104,91,13,13
46268,94,76,18,18
46269,95,91,4,4
46270,134,120,14,14
46271,134,124,10,10
46272,77,68,9,9
46273,80,87,-7,7
46274,90,81,9,9
46275,128,112,16,16
46276,108,98,10,10
46277,64,64,0,0
46278,44,47,-3,3
46279,115,103,12,12
46280,49,50,-1,1
46281,64,69,-5,5
46282,64,58,6,6
46283,128,118,10,10
46284,69,67,2,2
46285,73,62,11,11
46286,38,37,1,1
46287,71,64,7,7
46288,94,88,6,6
46289,89,83,6,6
46290,63,59,4,4
46291,116,98,18,18
46292,83,77,6,6
46293,38,45,-7,7
46294,57,57,0,0
46295,84,76,8,8
46296,552,434,118,118
46297,75,68,7,7
46298,70,71,-1,1
46299,90,95,-5,5
46300,181,185,-4,4
46301,109,96,13,13
46302,99,102,-3,3
46303,99,88,11,11
46304,73,68,5,5
46305,71,68,3,3
46306,125,119,6,6
46307,142,133,9,9
46308,125,113,12,12
46309,99,89,10,10
46310,127,108,19,19
46311,134,109,25,25
46312,87,76,11,11
46313,99,97,2,2
46314,116,113,3,3
46315,57,55,2,2
46316,160,138,22,22
46317,104,87,17,17
46318,106,99,7,7
46319,82,80,2,2
46320,149,125,24,24
46321,122,112,10,10
46322,46,46,0,0
46323,44,52,-8,8
46324,47,52,-5,5
46325,46,60,-14,14
46326,103,99,4,4
46327,118,109,9,9
46328,62,59,3,3
46329,61,63,-2,2
46330,90,83,7,7
46331,87,72,15,15
46332,163,138,25,25
46333,108,102,6,6
46334,68,60,8,8
46335,128,113,15,15
46336,132,143,-11,11
46337,48,47,1,1
46338,66,60,6,6
46339,62,62,0,0
46340,77,77,0,0
46341,47,55,-8,8
46342,124,105,19,19
46343,95,94,1,1
46344,65,57,8,8
46345,70,68,2,2
46346,133,121,12,12
46347,98,91,7,7
46348,138,133,5,5
46349,93,87,6,6
46350,136,117,19,19
46351,119,105,14,14
46352,102,98,4,4
46353,106,114,-8,8
46354,75,71,4,4
46355,58,52,6,6
46356,130,105,25,25
46357,85,79,6,6
46358,102,109,-7,7
46359,66,61,5,5
46360,83,89,-6,6
46361,85,79,6,6
46362,122,109,13,13
46363,107,107,0,0
46364,68,67,1,1
46365,58,54,4,4
46366,87,76,11,11
46367,67,67,0,0
46368,74,72,2,2
46369,68,59,9,9
46370,104,84,20,20
46371,158,143,15,15
46372,131,115,16,16
46373,103,93,10,10
46374,109,101,8,8
46375,64,57,7,7
46376,123,104,19,19
46377,111,94,17,17
46378,38,38,0,0
46379,59,49,10,10
46380,46,53,-7,7
46381,101,96,5,5
46382,149,130,19,19
46383,116,104,12,12
46384,62,73,-11,11
46385,78,74,4,4
46386,92,78,14,14
46387,109,92,17,17
46388,94,88,6,6
46389,107,103,4,4
46390,75,73,2,2
46391,64,61,3,3
46392,30,32,-2,2
46393,127,119,8,8
46394,67,60,7,7
46395,109,102,7,7
46396,187,160,27,27
46397,90,86,4,4
46398,123,109,14,14
46399,72,60,12,12
46400,124,115,9,9
46401,110,100,10,10
46402,108,102,6,6
46403,65,67,-2,2
46404,116,110,6,6
46405,77,83,-6,6
46406,40,42,-2,2
46407,108,98,10,10
46408,159,140,19,19
46409,60,55,5,5
46410,116,100,16,16
46411,124,132,-8,8
46412,94,92,2,2
46413,90,73,17,17
46414,30,31,-1,1
46415,89,80,9,9
46416,89,76,13,13
46417,111,111,0,0
46418,84,78,6,6
46419,49,49,0,0
46420,75,59,16,16
46421,136,112,24,24
46422,41,61,-20,20
46423,72,65,7,7
46424,173,154,19,19
46425,70,68,2,2
46426,90,84,6,6
46427,153,144,9,9
46428,138,131,7,7
46429,147,135,12,12
46430,116,120,-4,4
46431,148,131,17,17
46432,117,111,6,6
46433,103,92,11,11
46434,123,111,12,12
46435,151,125,26,26
46436,126,116,10,10
46437,105,104,1,1
46438,111,106,5,5
46439,71,58,13,13
46440,99,105,-6,6
46441,59,59,0,0
46442,104,87,17,17
46443,60,51,9,9
46444,88,78,10,10
46445,63,54,9,9
46446,186,165,21,21
46447,97,81,16,16
46448,128,110,18,18
46449,162,141,21,21
46450,74,65,9,9
46451,92,78,14,14
46452,153,135,18,18
46453,97,89,8,8
46454,116,104,12,12
46455,161,125,36,36
46456,73,67,6,6
46457,107,101,6,6
46458,112,117,-5,5
46459,89,78,11,11
46460,92,81,11,11
46461,83,75,8,8
46462,108,111,-3,3
46463,108,102,6,6
46464,49,43,6,6
46465,64,58,6,6
46466,109,108,1,1
46467,52,44,8,8
46468,139,132,7,7
46469,90,83,7,7
46470,90,85,5,5
46471,70,67,3,3
46472,97,93,4,4
46473,56,55,1,1
46474,64,67,-3,3
46475,67,59,8,8
46476,48,45,3,3
46477,69,61,8,8
46478,93,87,6,6
46479,144,131,13,13
46480,145,141,4,4
46481,142,130,12,12
46482,150,140,10,10
46483,58,50,8,8
46484,120,97,23,23
46485,102,90,12,12
46486,142,136,6,6
46487,100,95,5,5
46488,125,113,12,12
46489,84,83,1,1
46490,123,113,10,10
46491,145,141,4,4
46492,86,81,5,5
46493,73,66,7,7
46494,97,86,11,11
46495,57,51,6,6
46496,122,109,13,13
46497,71,56,15,15
46498,99,92,7,7
46499,83,69,14,14
46500,165,146,19,19
46501,193,164,29,29
46502,104,86,18,18
46503,110,115,-5,5
46504,65,54,11,11
46505,72,69,3,3
46506,76,69,7,7
46507,173,157,16,16
46508,76,82,-6,6
46509,95,85,10,10
46510,96,86,10,10
46511,82,71,11,11
46512,91,93,-2,2
46513,88,78,10,10
46514,104,99,5,5
46515,114,109,5,5
46516,109,96,13,13
46517,74,67,7,7
46518,137,116,21,21
46519,93,84,9,9
46520,88,83,5,5
46521,55,58,-3,3
46522,72,65,7,7
46523,71,84,-13,13
46524,110,87,23,23
46525,114,108,6,6
46526,128,120,8,8
46527,65,55,10,10
46528,114,108,6,6
46529,97,86,11,11
46530,117,137,-20,20
46531,72,68,4,4
46532,92,80,12,12
46533,64,55,9,9
46534,125,120,5,5
46535,99,92,7,7
46536,56,56,0,0
46537,54,48,6,6
46538,122,112,10,10
46539,178,165,13,13
46540,179,158,21,21
46541,80,68,12,12
46542,109,95,14,14
46543,83,78,5,5
46544,103,87,16,16
46545,61,64,-3,3
46546,125,107,18,18
46547,96,83,13,13
46548,96,106,-10,10
46549,97,88,9,9
46550,108,84,24,24
46551,89,84,5,5
46552,55,48,7,7
46553,87,121,-34,34
46554,49,45,4,4
46555,94,88,6,6
46556,93,107,-14,14
46557,75,69,6,6
46558,65,60,5,5
46559,52,49,3,3
46560,83,71,12,12
46561,123,98,25,25
46562,92,80,12,12
46563,74,74,0,0
46564,109,89,20,20
46565,52,53,-1,1
46566,76,63,13,13
46567,116,104,12,12
46568,83,68,15,15
46569,82,73,9,9
46570,144,128,16,16
46571,35,35,0,0
46572,155,139,16,16
46573,136,120,16,16
46574,123,107,16,16
46575,81,70,11,11
46576,66,64,2,2
46577,131,114,17,17
46578,133,107,26,26
46579,71,59,12,12
46580,82,75,7,7
46581,82,75,7,7
46582,42,37,5,5
46583,137,141,-4,4
46584,140,157,-17,17
46585,58,61,-3,3
46586,117,97,20,20
46587,69,74,-5,5
46588,85,78,7,7
46589,52,44,8,8
46590,87,90,-3,3
46591,135,132,3,3
46592,64,58,6,6
46593,129,103,26,26
46594,190,171,19,19
46595,68,65,3,3
46596,82,68,14,14
46597,75,70,5,5
46598,149,122,27,27
46599,84,75,9,9
46600,54,48,6,6
46601,98,88,10,10
46602,99,81,18,18
46603,125,116,9,9
46604,86,80,6,6
46605,95,84,11,11
46606,75,71,4,4
46607,80,68,12,12
46608,118,112,6,6
46609,91,78,13,13
46610,106,92,14,14
46611,85,86,-1,1
46612,153,136,17,17
46613,103,94,9,9
46614,159,146,13,13
46615,69,63,6,6
46616,166,126,40,40
46617,109,98,11,11
46618,133,115,18,18
46619,191,161,30,30
46620,113,87,26,26
46621,124,106,18,18
46622,139,124,15,15
46623,88,79,9,9
46624,43,61,-18,18
46625,71,68,3,3
46626,116,103,13,13
46627,115,99,16,16
46628,118,109,9,9
46629,62,53,9,9
46630,106,100,6,6
46631,116,119,-3,3
46632,137,120,17,17
46633,201,162,39,39
46634,53,52,1,1
46635,73,69,4,4
46636,46,46,0,0
46637,90,79,11,11
46638,126,116,10,10
46639,113,105,8,8
46640,80,69,11,11
46641,102,86,16,16
46642,161,137,24,24
46643,103,98,5,5
46644,119,120,-1,1
46645,54,59,-5,5
46646,159,136,23,23
46647,87,73,14,14
46648,59,47,12,12
46649,59,60,-1,1
46650,90,78,12,12
46651,59,60,-1,1
46652,104,91,13,13
46653,131,122,9,9
46654,60,54,6,6
46655,68,60,8,8
46656,86,76,10,10
46657,88,75,13,13
46658,146,135,11,11
46659,62,55,7,7
46660,152,138,14,14
46661,104,95,9,9
46662,67,57,10,10
46663,102,97,5,5
46664,96,90,6,6
46665,99,100,-1,1
46666,99,95,4,4
46667,76,71,5,5
46668,97,89,8,8
46669,83,81,2,2
46670,112,112,0,0
46671,63,59,4,4
46672,136,130,6,6
46673,74,69,5,5
46674,172,140,32,32
46675,136,112,24,24
46676,120,114,6,6
46677,116,108,8,8
46678,126,110,16,16
46679,114,99,15,15
46680,72,67,5,5
46681,104,94,10,10
46682,147,144,3,3
46683,103,94,9,9
46684,81,67,14,14
46685,80,78,2,2
46686,101,91,10,10
46687,125,100,25,25
46688,92,73,19,19
46689,84,74,10,10
46690,80,101,-21,21
46691,150,133,17,17
46692,61,58,3,3
46693,112,101,11,11
46694,112,95,17,17
46695,67,54,13,13
46696,137,122,15,15
46697,58,53,5,5
46698,105,97,8,8
46699,88,83,5,5
46700,76,68,8,8
46701,88,75,13,13
46702,108,102,6,6
46703,97,86,11,11
46704,141,130,11,11
46705,64,70,-6,6
46706,51,53,-2,2
46707,101,84,17,17
46708,158,146,12,12
46709,97,89,8,8
46710,79,78,1,1
46711,69,61,8,8
46712,97,98,-1,1
46713,90,83,7,7
46714,85,86,-1,1
46715,90,79,11,11
46716,120,106,14,14
46717,61,57,4,4
46718,145,135,10,10
46719,77,74,3,3
46720,49,48,1,1
46721,81,77,4,4
46722,70,66,4,4
46723,107,91,16,16
46724,87,76,11,11
46725,66,60,6,6
46726,108,101,7,7
46727,86,77,9,9
46728,68,63,5,5
46729,84,66,18,18
46730,72,68,4,4
46731,67,65,2,2
46732,73,65,8,8
46733,81,76,5,5
46734,65,52,13,13
46735,130,105,25,25
46736,47,40,7,7
46737,117,110,7,7
46738,141,118,23,23
46739,204,170,34,34
46740,85,76,9,9
46741,116,113,3,3
46742,118,102,16,16
46743,110,104,6,6
46744,100,89,11,11
46745,93,85,8,8
46746,53,42,11,11
46747,86,71,15,15
46748,70,63,7,7
46749,80,75,5,5
46750,146,139,7,7
46751,72,65,7,7
46752,154,140,14,14
46753,206,190,16,16
46754,72,70,2,2
46755,141,126,15,15
46756,83,96,-13,13
46757,141,134,7,7
46758,97,96,1,1
46759,137,121,16,16
46760,124,116,8,8
46761,84,79,5,5
46762,102,109,-7,7
46763,22,48,-26,26
46764,97,93,4,4
46765,59,52,7,7
46766,124,120,4,4
46767,198,179,19,19
46768,93,73,20,20
46769,96,85,11,11
46770,99,82,17,17
46771,191,145,46,46
46772,88,77,11,11
46773,88,76,12,12
46774,114,102,12,12
46775,85,86,-1,1
46776,85,65,20,20
46777,63,61,2,2
46778,129,99,30,30
46779,142,120,22,22
46780,66,68,-2,2
46781,64,53,11,11
46782,72,63,9,9
46783,143,133,10,10
46784,73,61,12,12
46785,92,85,7,7
46786,80,78,2,2
46787,123,108,15,15
46788,67,65,2,2
46789,87,94,-7,7
46790,81,60,21,21
46791,77,93,-16,16
46792,70,61,9,9
46793,120,110,10,10
46794,119,113,6,6
46795,116,107,9,9
46796,193,178,15,15
46797,90,84,6,6
46798,113,118,-5,5
46799,109,92,17,17
46800,85,82,3,3
46801,63,59,4,4
46802,56,53,3,3
46803,131,125,6,6
46804,108,100,8,8
46805,58,53,5,5
46806,57,57,0,0
46807,98,108,-10,10
46808,86,94,-8,8
46809,60,53,7,7
46810,54,54,0,0
46811,160,137,23,23
46812,91,93,-2,2
46813,179,136,43,43
46814,68,79,-11,11
46815,143,131,12,12
46816,86,69,17,17
46817,115,109,6,6
46818,139,114,25,25
46819,95,87,8,8
46820,66,71,-5,5
46821,66,60,6,6
46822,143,130,13,13
46823,87,78,9,9
46824,85,84,1,1
46825,77,73,4,4
46826,77,64,13,13
46827,91,75,16,16
46828,80,76,4,4
46829,23,27,-4,4
46830,92,84,8,8
46831,109,94,15,15
46832,115,96,19,19
46833,93,86,7,7
46834,67,65,2,2
46835,150,136,14,14
46836,78,65,13,13
46837,159,147,12,12
46838,124,104,20,20
46839,93,98,-5,5
46840,133,127,6,6
46841,79,79,0,0
46842,62,59,3,3
46843,73,65,8,8
46844,66,59,7,7
46845,69,60,9,9
46846,146,147,-1,1
46847,73,62,11,11
46848,91,94,-3,3
46849,67,60,7,7
46850,80,90,-10,10
46851,96,83,13,13
46852,75,63,12,12
46853,72,78,-6,6
46854,87,76,11,11
46855,93,78,15,15
46856,115,100,15,15
46857,142,126,16,16
46858,168,135,33,33
46859,149,128,21,21
46860,91,82,9,9
46861,69,69,0,0
46862,112,103,9,9
46863,83,75,8,8
46864,63,55,8,8
46865,84,78,6,6
46866,113,97,16,16
46867,98,88,10,10
46868,174,161,13,13
46869,103,87,16,16
46870,32,67,-35,35
46871,126,119,7,7
46872,132,125,7,7
46873,49,45,4,4
46874,107,101,6,6
46875,121,124,-3,3
46876,132,108,24,24
46877,75,68,7,7
46878,71,69,2,2
46879,69,74,-5,5
46880,158,143,15,15
46881,73,65,8,8
46882,146,120,26,26
46883,49,52,-3,3
46884,124,115,9,9
46885,71,62,9,9
46886,43,35,8,8
46887,94,88,6,6
46888,120,121,-1,1
46889,107,96,11,11
46890,83,69,14,14
46891,111,100,11,11
46892,79,75,4,4
46893,93,86,7,7
46894,130,120,10,10
46895,119,103,16,16
46896,80,67,13,13
46897,80,65,15,15
46898,76,68,8,8
46899,101,96,5,5
46900,131,119,12,12
46901,91,89,2,2
46902,81,81,0,0
46903,102,95,7,7
46904,108,85,23,23
46905,79,70,9,9
46906,121,104,17,17
46907,135,128,7,7
46908,68,74,-6,6
46909,104,104,0,0
46910,44,39,5,5
46911,103,99,4,4
46912,136,131,5,5
46913,107,83,24,24
46914,78,83,-5,5
46915,75,70,5,5
46916,37,33,4,4
46917,24,27,-3,3
46918,166,149,17,17
46919,134,117,17,17
46920,116,103,13,13
46921,85,79,6,6
46922,130,118,12,12
46923,150,130,20,20
46924,103,90,13,13
46925,92,82,10,10
46926,127,122,5,5
46927,72,68,4,4
46928,95,93,2,2
46929,56,50,6,6
46930,170,140,30,30
46931,106,86,20,20
46932,78,73,5,5
46933,135,129,6,6
46934,113,98,15,15
46935,191,172,19,19
46936,61,62,-1,1
46937,95,77,18,18
46938,119,110,9,9
46939,114,94,20,20
46940,88,77,11,11
46941,71,63,8,8
46942,76,66,10,10
46943,50,54,-4,4
46944,69,65,4,4
46945,51,69,-18,18
46946,74,76,-2,2
46947,79,69,10,10
46948,74,73,1,1
46949,113,109,4,4
46950,99,100,-1,1
46951,86,80,6,6
46952,91,82,9,9
46953,83,89,-6,6
46954,106,91,15,15
46955,66,57,9,9
46956,74,62,12,12
46957,78,68,10,10
46958,101,93,8,8
46959,78,77,1,1
46960,91,94,-3,3
46961,94,90,4,4
46962,86,80,6,6
46963,64,60,4,4
46964,98,73,25,25
46965,100,103,-3,3
46966,148,126,22,22
46967,96,93,3,3
46968,135,108,27,27
46969,123,125,-2,2
46970,65,61,4,4
46971,86,72,14,14
46972,86,76,10,10
46973,93,82,11,11
46974,106,96,10,10
46975,122,109,13,13
46976,75,76,-1,1
46977,86,76,10,10
46978,51,49,2,2
46979,56,54,2,2
46980,125,120,5,5
46981,92,79,13,13
46982,108,107,1,1
46983,151,132,19,19
46984,83,78,5,5
46985,66,67,-1,1
46986,138,114,24,24
46987,120,114,6,6
46988,79,64,15,15
46989,86,84,2,2
46990,163,154,9,9
46991,112,102,10,10
46992,98,81,17,17
46993,40,64,-24,24
46994,85,83,2,2
46995,73,73,0,0
46996,84,86,-2,2
46997,127,122,5,5
46998,113,96,17,17
46999,116,101,15,15
47000,91,87,4,4
47001,91,69,22,22
47002,50,49,1,1
47003,78,76,2,2
47004,90,83,7,7
47005,125,109,16,16
47006,84,80,4,4
47007,79,69,10,10
47008,69,62,7,7
47009,115,94,21,21
47010,227,221,6,6
47011,107,101,6,6
47012,136,150,-14,14
47013,88,78,10,10
47014,117,109,8,8
47015,81,81,0,0
47016,150,135,15,15
47017,101,110,-9,9
47018,169,150,19,19
47019,75,73,2,2
47020,146,138,8,8
47021,96,84,12,12
47022,66,61,5,5
47023,73,66,7,7
47024,85,87,-2,2
47025,104,83,21,21
47026,53,52,1,1
47027,148,146,2,2
47028,119,99,20,20
47029,45,39,6,6
47030,72,66,6,6
47031,126,115,11,11
47032,64,57,7,7
47033,119,112,7,7
47034,89,87,2,2
47035,139,126,13,13
47036,111,108,3,3
47037,100,94,6,6
47038,82,79,3,3
47039,138,125,13,13
47040,47,42,5,5
47041,167,141,26,26
47042,63,58,5,5
47043,118,106,12,12
47044,201,193,8,8
47045,82,80,2,2
47046,91,87,4,4
47047,81,76,5,5
47048,91,78,13,13
47049,119,98,21,21
47050,88,77,11,11
47051,76,69,7,7
47052,86,79,7,7
47053,47,45,2,2
47054,134,115,19,19
47055,96,89,7,7
47056,82,72,10,10
47057,82,71,11,11
47058,89,83,6,6
47059,99,97,2,2
47060,93,88,5,5
47061,87,80,7,7
47062,62,54,8,8
47063,58,50,8,8
47064,82,77,5,5
47065,142,133,9,9
47066,101,88,13,13
47067,127,110,17,17
47068,46,41,5,5
47069,116,102,14,14
47070,54,54,0,0
47071,71,62,9,9
47072,121,132,-11,11
47073,80,73,7,7
47074,86,76,10,10
47075,119,104,15,15
47076,71,70,1,1
47077,171,153,18,18
47078,126,105,21,21
47079,57,50,7,7
47080,99,90,9,9
47081,55,55,0,0
47082,77,73,4,4
47083,110,101,9,9
47084,77,94,-17,17
47085,111,100,11,11
47086,164,153,11,11
47087,104,88,16,16
47088,85,77,8,8
47089,75,69,6,6
47090,119,103,16,16
47091,82,77,5,5
47092,122,102,20,20
47093,111,99,12,12
47094,102,87,15,15
47095,54,49,5,5
47096,96,88,8,8
47097,65,61,4,4
47098,135,125,10,10
47099,79,67,12,12
47100,92,74,18,18
47101,56,53,3,3
47102,109,89,20,20
47103,124,114,10,10
47104,65,65,0,0
47105,84,78,6,6
47106,107,95,12,12
47107,114,100,14,14
47108,92,76,16,16
47109,129,116,13,13
47110,159,139,20,20
47111,80,78,2,2
47112,106,95,11,11
47113,76,72,4,4
47114,81,79,2,2
47115,115,104,11,11
47116,89,87,2,2
47117,66,65,1,1
47118,49,50,-1,1
47119,74,64,10,10
47120,77,66,11,11
47121,98,86,12,12
47122,181,154,27,27
47123,65,56,9,9
47124,125,111,14,14
47125,120,116,4,4
47126,92,78,14,14
47127,125,111,14,14
47128,97,90,7,7
47129,113,92,21,21
47130,69,66,3,3
47131,41,42,-1,1
47132,112,100,12,12
47133,93,78,15,15
47134,77,67,10,10
47135,114,116,-2,2
47136,90,82,8,8
47137,119,116,3,3
47138,85,87,-2,2
47139,99,99,0,0
47140,113,86,27,27
47141,112,110,2,2
47142,43,42,1,1
47143,73,63,10,10
47144,149,139,10,10
47145,72,66,6,6
47146,62,62,0,0
47147,74,67,7,7
47148,197,173,24,24
47149,93,94,-1,1
47150,103,70,33,33
47151,96,81,15,15
47152,191,157,34,34
47153,116,104,12,12
47154,75,64,11,11
47155,99,98,1,1
47156,94,77,17,17
47157,124,120,4,4
47158,83,75,8,8
47159,131,116,15,15
47160,108,85,23,23
47161,108,111,-3,3
47162,77,71,6,6
47163,77,59,18,18
47164,126,113,13,13
47165,59,64,-5,5
47166,101,102,-1,1
47167,121,107,14,14
47168,116,111,5,5
47169,124,104,20,20
47170,69,57,12,12
47171,160,141,19,19
47172,67,66,1,1
47173,111,107,4,4
47174,80,92,-12,12
47175,44,41,3,3
47176,89,78,11,11
47177,92,80,12,12
47178,105,103,2,2
47179,113,96,17,17
47180,83,76,7,7
47181,54,47,7,7
47182,47,46,1,1
47183,105,88,17,17
47184,65,56,9,9
47185,118,102,16,16
47186,115,95,20,20
47187,92,91,1,1
47188,69,55,14,14
47189,42,40,2,2
47190,64,54,10,10
47191,119,116,3,3
47192,142,120,22,22
47193,117,99,18,18
47194,67,66,1,1
47195,157,136,21,21
47196,57,56,1,1
47197,122,99,23,23
47198,84,71,13,13
47199,112,105,7,7
47200,96,91,5,5
47201,75,54,21,21
47202,86,79,7,7
47203,168,140,28,28
47204,128,105,23,23
47205,111,103,8,8
47206,95,88,7,7
47207,74,78,-4,4
47208,101,81,20,20
47209,69,59,10,10
47210,160,148,12,12
47211,139,119,20,20
47212,24,55,-31,31
47213,89,80,9,9
47214,102,98,4,4
47215,49,47,2,2
47216,94,98,-4,4
47217,76,63,13,13
47218,170,138,32,32
47219,158,143,15,15
47220,31,65,-34,34
47221,66,65,1,1
47222,106,84,22,22
47223,60,64,-4,4
47224,77,73,4,4
47225,68,63,5,5
47226,129,121,8,8
47227,60,54,6,6
47228,106,99,7,7
47229,64,54,10,10
47230,67,60,7,7
47231,85,81,4,4
47232,79,66,13,13
47233,175,152,23,23
47234,20,52,-32,32
47235,169,141,28,28
47236,90,87,3,3
47237,74,69,5,5
47238,68,74,-6,6
47239,52,51,1,1
47240,81,78,3,3
47241,106,102,4,4
47242,113,109,4,4
47243,64,59,5,5
47244,98,94,4,4
47245,120,111,9,9
47246,85,75,10,10
47247,70,60,10,10
47248,121,109,12,12
47249,132,114,18,18
47250,50,45,5,5
47251,68,71,-3,3
47252,55,52,3,3
47253,122,103,19,19
47254,107,91,16,16
47255,69,66,3,3
47256,115,100,15,15
47257,118,107,11,11
47258,184,194,-10,10
47259,78,82,-4,4
47260,47,46,1,1
47261,65,59,6,6
47262,109,89,20,20
47263,89,74,15,15
47264,141,132,9,9
47265,68,82,-14,14
47266,167,139,28,28
47267,68,68,0,0
47268,86,80,6,6
47269,93,83,10,10
47270,91,84,7,7
47271,65,64,1,1
47272,132,121,11,11
47273,91,85,6,6
47274,71,60,11,11
47275,71,61,10,10
47276,120,112,8,8
47277,118,102,16,16
47278,117,108,9,9
47279,157,146,11,11
47280,73,70,3,3
47281,108,101,7,7
47282,82,67,15,15
47283,122,109,13,13
47284,143,136,7,7
47285,172,148,24,24
47286,76,56,20,20
47287,130,126,4,4
47288,61,54,7,7
47289,65,65,0,0
47290,128,109,19,19
47291,98,83,15,15
47292,161,157,4,4
47293,56,51,5,5
47294,97,122,-25,25
47295,176,186,-10,10
47296,125,114,11,11
47297,115,99,16,16
47298,81,75,6,6
47299,103,92,11,11
47300,53,49,4,4
47301,173,152,21,21
47302,132,114,18,18
47303,129,110,19,19
47304,120,109,11,11
47305,123,107,16,16
47306,203,150,53,53
47307,59,47,12,12
47308,67,63,4,4
47309,132,113,19,19
47310,182,156,26,26
47311,143,131,12,12
47312,97,77,20,20
47313,91,81,10,10
47314,96,98,-2,2
47315,91,82,9,9
47316,87,76,11,11
47317,143,140,3,3
47318,65,45,20,20
47319,78,61,17,17
47320,78,70,8,8
47321,140,128,12,12
47322,93,86,7,7
47323,52,46,6,6
47324,95,94,1,1
47325,96,80,16,16
47326,72,68,4,4
47327,113,103,10,10
47328,97,84,13,13
47329,77,72,5,5
47330,71,67,4,4
47331,58,50,8,8
47332,72,64,8,8
47333,210,167,43,43
47334,97,84,13,13
47335,141,135,6,6
47336,130,122,8,8
47337,105,98,7,7
47338,66,69,-3,3
47339,78,80,-2,2
47340,96,90,6,6
47341,120,110,10,10
47342,57,57,0,0
47343,162,142,20,20
47344,134,125,9,9
47345,161,136,25,25
47346,171,157,14,14
47347,91,89,2,2
47348,46,45,1,1
47349,128,112,16,16
47350,113,93,20,20
47351,96,84,12,12
47352,55,47,8,8
47353,101,98,3,3
47354,146,128,18,18
47355,83,111,-28,28
47356,41,40,1,1
47357,117,108,9,9
47358,118,111,7,7
47359,89,85,4,4
47360,88,82,6,6
47361,37,29,8,8
47362,68,65,3,3
47363,53,44,9,9
47364,106,94,12,12
47365,125,110,15,15
47366,79,72,7,7
47367,100,90,10,10
47368,99,94,5,5
47369,99,93,6,6
47370,130,111,19,19
47371,75,78,-3,3
47372,101,88,13,13
47373,90,82,8,8
47374,154,132,22,22
47375,116,102,14,14
47376,60,61,-1,1
47377,144,135,9,9
47378,75,71,4,4
47379,110,98,12,12
47380,124,117,7,7
47381,79,82,-3,3
47382,38,33,5,5
47383,90,82,8,8
47384,84,68,16,16
47385,76,75,1,1
47386,88,83,5,5
47387,124,118,6,6
47388,76,76,0,0
47389,84,71,13,13
47390,75,69,6,6
47391,78,69,9,9
47392,48,48,0,0
47393,70,70,0,0
47394,125,108,17,17
47395,129,120,9,9
47396,75,62,13,13
47397,91,95,-4,4
47398,108,97,11,11
47399,100,84,16,16
47400,56,61,-5,5
47401,140,118,22,22
47402,62,56,6,6
47403,224,172,52,52
47404,109,107,2,2
47405,159,149,10,10
47406,90,85,5,5
47407,125,109,16,16
47408,96,90,6,6
47409,74,80,-6,6
47410,109,105,4,4
47411,84,76,8,8
47412,50,41,9,9
47413,146,130,16,16
47414,116,97,19,19
47415,93,79,14,14
47416,92,78,14,14
47417,72,61,11,11
47418,159,130,29,29
47419,79,69,10,10
47420,117,101,16,16
47421,92,76,16,16
47422,102,92,10,10
47423,61,57,4,4
47424,55,46,9,9
47425,91,71,20,20
47426,94,80,14,14
47427,64,60,4,4
47428,121,108,13,13
47429,50,47,3,3
47430,91,80,11,11
47431,87,79,8,8
47432,100,87,13,13
47433,60,54,6,6
47434,139,130,9,9
47435,77,66,11,11
47436,54,50,4,4
47437,117,90,27,27
47438,105,109,-4,4
47439,105,95,10,10
47440,78,72,6,6
47441,108,91,17,17
47442,111,112,-1,1
47443,112,107,5,5
47444,69,62,7,7
47445,100,95,5,5
47446,96,84,12,12
47447,31,43,-12,12
47448,75,67,8,8
47449,68,65,3,3
47450,53,51,2,2
47451,63,60,3,3
47452,85,74,11,11
47453,126,116,10,10
47454,107,97,10,10
47455,130,118,12,12
47456,65,57,8,8
47457,73,64,9,9
47458,107,102,5,5
47459,121,113,8,8
47460,99,92,7,7
47461,92,89,3,3
47462,170,157,13,13
47463,85,63,22,22
47464,142,127,15,15
47465,86,80,6,6
47466,63,59,4,4
47467,121,104,17,17
47468,84,84,0,0
47469,66,57,9,9
47470,60,55,5,5
47471,68,55,13,13
47472,113,114,-1,1
47473,101,90,11,11
47474,48,50,-2,2
47475,154,141,13,13
47476,160,141,19,19
47477,102,83,19,19
47478,94,85,9,9
47479,84,73,11,11
47480,107,103,4,4
47481,66,65,1,1
47482,87,83,4,4
47483,84,68,16,16
47484,86,81,5,5
47485,101,65,36,36
47486,83,70,13,13
47487,70,58,12,12
47488,104,84,20,20
47489,78,65,13,13
47490,69,62,7,7
47491,172,149,23,23
47492,66,66,0,0
47493,96,83,13,13
47494,73,67,6,6
47495,122,121,1,1
47496,66,67,-1,1
47497,78,73,5,5
47498,70,119,-49,49
47499,62,61,1,1
47500,64,56,8,8
47501,189,165,24,24
47502,101,93,8,8
47503,83,75,8,8
47504,88,70,18,18
47505,108,96,12,12
47506,109,96,13,13
47507,50,43,7,7
47508,100,88,12,12
47509,98,84,14,14
47510,74,64,10,10
47511,151,125,26,26
47512,67,66,1,1
47513,145,127,18,18
47514,99,86,13,13
47515,79,72,7,7
47516,66,65,1,1
47517,87,75,12,12
47518,104,87,17,17
47519,75,68,7,7
47520,81,67,14,14
47521,79,79,0,0
47522,82,73,9,9
47523,202,167,35,35
47524,64,56,8,8
47525,142,128,14,14
47526,77,62,15,15
47527,95,100,-5,5
47528,127,121,6,6
47529,89,87,2,2
47530,136,136,0,0
47531,63,63,0,0
47532,123,110,13,13
47533,113,100,13,13
47534,98,88,10,10
47535,136,114,22,22
47536,124,107,17,17
47537,124,109,15,15
47538,162,138,24,24
47539,81,85,-4,4
47540,93,84,9,9
47541,83,82,1,1
47542,127,101,26,26
47543,60,47,13,13
47544,83,76,7,7
47545,60,53,7,7
47546,103,103,0,0
47547,93,74,19,19
47548,78,71,7,7
47549,97,84,13,13
47550,73,63,10,10
47551,128,111,17,17
47552,92,89,3,3
47553,37,34,3,3
47554,154,139,15,15
47555,60,61,-1,1
47556,94,84,10,10
47557,103,92,11,11
47558,72,65,7,7
47559,65,67,-2,2
47560,85,80,5,5
47561,111,100,11,11
47562,88,85,3,3
47563,110,92,18,18
47564,102,88,14,14
47565,59,53,6,6
47566,89,70,19,19
47567,113,93,20,20
47568,65,66,-1,1
47569,148,134,14,14
47570,83,77,6,6
47571,81,74,7,7
47572,88,78,10,10
47573,67,65,2,2
47574,44,48,-4,4
47575,98,95,3,3
47576,89,80,9,9
47577,85,79,6,6
47578,165,139,26,26
47579,58,58,0,0
47580,118,104,14,14
47581,138,110,28,28
47582,85,73,12,12
47583,77,74,3,3
47584,58,51,7,7
47585,78,66,12,12
47586,94,98,-4,4
47587,51,52,-1,1
47588,109,106,3,3
47589,72,70,2,2
47590,71,63,8,8
47591,83,82,1,1
47592,97,85,12,12
47593,81,78,3,3
47594,192,195,-3,3
47595,152,133,19,19
47596,101,90,11,11
47597,65,52,13,13
47598,77,73,4,4
47599,130,112,18,18
47600,124,91,33,33
47601,89,86,3,3
47602,105,106,-1,1
47603,85,75,10,10
47604,147,136,11,11
47605,108,111,-3,3
47606,86,77,9,9
47607,66,62,4,4
47608,62,52,10,10
47609,74,62,12,12
47610,144,115,29,29
47611,77,69,8,8
47612,53,39,14,14
47613,81,70,11,11
47614,121,109,12,12
47615,71,62,9,9
47616,75,53,22,22
47617,105,88,17,17
47618,98,93,5,5
47619,133,128,5,5
47620,115,111,4,4
47621,56,53,3,3
47622,139,125,14,14
47623,108,100,8,8
47624,207,174,33,33
47625,43,50,-7,7
47626,135,119,16,16
47627,122,114,8,8
47628,61,61,0,0
47629,97,81,16,16
47630,77,68,9,9
47631,123,96,27,27
47632,59,56,3,3
47633,113,109,4,4
47634,125,112,13,13
47635,88,82,6,6
47636,72,61,11,11
47637,137,129,8,8
47638,113,97,16,16
47639,112,96,16,16
47640,60,59,1,1
47641,106,98,8,8
47642,143,130,13,13
47643,91,81,10,10
47644,95,83,12,12
47645,155,127,28,28
47646,106,100,6,6
47647,103,107,-4,4
47648,142,118,24,24
47649,76,67,9,9
47650,115,112,3,3
47651,96,110,-14,14
47652,103,87,16,16
47653,106,102,4,4
47654,67,59,8,8
47655,100,91,9,9
47656,103,87,16,16
47657,72,67,5,5
47658,142,125,17,17
47659,32,40,-8,8
47660,137,129,8,8
47661,57,58,-1,1
47662,69,66,3,3
47663,47,47,0,0
47664,82,76,6,6
47665,113,95,18,18
47666,81,79,2,2
47667,96,89,7,7
47668,67,58,9,9
47669,138,118,20,20
47670,73,63,10,10
47671,62,72,-10,10
47672,45,48,-3,3
47673,106,94,12,12
47674,65,58,7,7
47675,79,75,4,4
47676,109,104,5,5
47677,147,128,19,19
47678,67,56,11,11
47679,94,82,12,12
47680,73,67,6,6
47681,57,61,-4,4
47682,124,104,20,20
47683,68,65,3,3
47684,89,76,13,13
47685,105,87,18,18
47686,64,68,-4,4
47687,78,76,2,2
47688,108,93,15,15
47689,171,159,12,12
47690,92,76,16,16
47691,63,60,3,3
47692,66,63,3,3
47693,85,82,3,3
47694,134,120,14,14
47695,73,66,7,7
47696,85,75,10,10
47697,81,69,12,12
47698,119,108,11,11
47699,64,57,7,7
47700,73,63,10,10
47701,120,97,23,23
47702,122,110,12,12
47703,97,94,3,3
47704,69,66,3,3
47705,88,79,9,9
47706,86,80,6,6
47707,87,81,6,6
47708,152,131,21,21
47709,65,57,8,8
47710,37,43,-6,6
47711,125,104,21,21
47712,117,117,0,0
47713,72,65,7,7
47714,120,127,-7,7
47715,67,62,5,5
47716,147,133,14,14
47717,142,124,18,18
47718,111,99,12,12
47719,104,96,8,8
47720,90,76,14,14
47721,76,69,7,7
47722,82,64,18,18
47723,122,90,32,32
47724,176,153,23,23
47725,97,69,28,28
47726,84,77,7,7
47727,94,82,12,12
47728,175,168,7,7
47729,90,85,5,5
47730,62,55,7,7
47731,116,98,18,18
47732,137,123,14,14
47733,141,121,20,20
47734,96,94,2,2
47735,99,90,9,9
47736,66,57,9,9
47737,183,167,16,16
47738,64,53,11,11
47739,137,135,2,2
47740,51,50,1,1
47741,35,33,2,2
47742,137,113,24,24
47743,151,142,9,9
47744,115,103,12,12
47745,94,81,13,13
47746,42,33,9,9
47747,57,58,-1,1
47748,102,100,2,2
47749,59,54,5,5
47750,73,77,-4,4
47751,80,71,9,9
47752,102,100,2,2
47753,111,99,12,12
47754,150,137,13,13
47755,149,128,21,21
47756,129,110,19,19
47757,35,42,-7,7
47758,50,51,-1,1
47759,85,72,13,13
47760,90,79,11,11
47761,129,104,25,25
47762,111,105,6,6
47763,80,78,2,2
47764,165,155,10,10
47765,69,62,7,7
47766,132,109,23,23
47767,145,127,18,18
47768,51,48,3,3
47769,152,129,23,23
47770,64,59,5,5
47771,168,146,22,22
47772,100,96,4,4
47773,72,59,13,13
47774,86,78,8,8
47775,67,68,-1,1
47776,71,70,1,1
47777,156,142,14,14
47778,92,79,13,13
47779,93,88,5,5
47780,95,93,2,2
47781,113,102,11,11
47782,105,94,11,11
47783,77,77,0,0
47784,96,96,0,0
47785,103,96,7,7
47786,76,83,-7,7
47787,77,68,9,9
47788,103,83,20,20
47789,80,72,8,8
47790,72,71,1,1
47791,98,91,7,7
47792,94,77,17,17
47793,145,138,7,7
47794,57,50,7,7
47795,95,80,15,15
47796,97,68,29,29
47797,160,134,26,26
47798,161,144,17,17
47799,71,62,9,9
47800,95,82,13,13
47801,100,90,10,10
47802,57,44,13,13
47803,96,86,10,10
47804,70,62,8,8
47805,51,72,-21,21
47806,70,64,6,6
47807,27,30,-3,3
47808,93,81,12,12
47809,110,100,10,10
47810,128,113,15,15
47811,146,142,4,4
47812,81,64,17,17
47813,100,86,14,14
47814,77,65,12,12
47815,57,53,4,4
47816,110,98,12,12
47817,90,85,5,5
47818,105,102,3,3
47819,91,75,16,16
47820,158,144,14,14
47821,79,69,10,10
47822,52,47,5,5
47823,86,73,13,13
47824,100,89,11,11
47825,65,58,7,7
47826,116,101,15,15
47827,75,65,10,10
47828,95,85,10,10
47829,71,70,1,1
47830,87,83,4,4
47831,79,65,14,14
47832,77,67,10,10
47833,55,53,2,2
47834,94,82,12,12
47835,99,88,11,11
47836,98,89,9,9
47837,95,101,-6,6
47838,123,112,11,11
47839,76,81,-5,5
47840,157,154,3,3
47841,75,70,5,5
47842,114,106,8,8
47843,47,33,14,14
47844,110,102,8,8
47845,122,106,16,16
47846,89,89,0,0
47847,65,62,3,3
47848,63,62,1,1
47849,140,120,20,20
47850,101,96,5,5
47851,132,117,15,15
47852,175,167,8,8
47853,79,69,10,10
47854,97,85,12,12
47855,108,88,20,20
47856,76,62,14,14
47857,80,69,11,11
47858,114,97,17,17
47859,160,157,3,3
47860,101,86,15,15
47861,143,121,22,22
47862,40,37,3,3
47863,151,133,18,18
47864,111,116,-5,5
47865,105,111,-6,6
47866,93,81,12,12
47867,121,115,6,6
47868,162,144,18,18
47869,91,94,-3,3
47870,86,81,5,5
47871,133,131,2,2
47872,69,65,4,4
47873,110,89,21,21
47874,76,66,10,10
47875,70,68,2,2
47876,129,103,26,26
47877,105,90,15,15
47878,118,105,13,13
47879,51,50,1,1
47880,155,136,19,19
47881,80,72,8,8
47882,91,98,-7,7
47883,87,75,12,12
47884,61,67,-6,6
47885,65,60,5,5
47886,85,80,5,5
47887,89,78,11,11
47888,62,57,5,5
47889,85,80,5,5
47890,65,66,-1,1
47891,127,111,16,16
47892,94,87,7,7
47893,106,95,11,11
47894,72,64,8,8
47895,115,102,13,13
47896,100,82,18,18
47897,56,49,7,7
47898,78,80,-2,2
47899,100,93,7,7
47900,94,85,9,9
47901,104,88,16,16
47902,76,79,-3,3
47903,100,89,11,11
47904,114,97,17,17
47905,94,78,16,16
47906,92,84,8,8
47907,51,45,6,6
47908,129,120,9,9
47909,30,34,-4,4
47910,91,93,-2,2
47911,72,68,4,4
47912,99,90,9,9
47913,59,54,5,5
47914,103,91,12,12
47915,140,110,30,30
47916,71,67,4,4
47917,77,69,8,8
47918,108,100,8,8
47919,87,72,15,15
47920,150,141,9,9
47921,108,104,4,4
47922,78,68,10,10
47923,143,129,14,14
47924,109,107,2,2
47925,81,76,5,5
47926,82,80,2,2
47927,46,43,3,3
47928,142,120,22,22
47929,54,51,3,3
47930,89,87,2,2
47931,53,49,4,4
47932,73,64,9,9
47933,74,68,6,6
47934,43,37,6,6
47935,89,81,8,8
47936,71,69,2,2
47937,62,71,-9,9
47938,59,60,-1,1
47939,114,98,16,16
47940,56,50,6,6
47941,94,86,8,8
47942,102,100,2,2
47943,112,98,14,14
47944,75,71,4,4
47945,77,80,-3,3
47946,124,114,10,10
47947,128,108,20,20
47948,70,71,-1,1
47949,84,126,-42,42
47950,151,129,22,22
47951,113,98,15,15
47952,85,74,11,11
47953,82,95,-13,13
47954,163,152,11,11
47955,124,126,-2,2
47956,80,67,13,13
47957,122,136,-14,14
47958,88,70,18,18
47959,66,58,8,8
47960,83,77,6,6
47961,118,104,14,14
47962,57,50,7,7
47963,66,68,-2,2
47964,108,99,9,9
47965,93,91,2,2
47966,51,45,6,6
47967,171,150,21,21
47968,114,95,19,19
47969,45,45,0,0
47970,86,75,11,11
47971,62,65,-3,3
47972,67,62,5,5
47973,76,73,3,3
47974,108,103,5,5
47975,100,109,-9,9
47976,139,125,14,14
47977,115,108,7,7
47978,144,107,37,37
47979,90,73,17,17
47980,91,75,16,16
47981,75,74,1,1
47982,135,118,17,17
47983,67,72,-5,5
47984,117,94,23,23
47985,127,105,22,22
47986,59,53,6,6
47987,48,48,0,0
47988,69,64,5,5
47989,93,76,17,17
47990,123,116,7,7
47991,131,131,0,0
47992,105,94,11,11
47993,121,118,3,3
47994,111,106,5,5
47995,43,40,3,3
47996,131,114,17,17
47997,133,113,20,20
47998,74,71,3,3
47999,154,125,29,29
48000,36,34,2,2
48001,83,83,0,0
48002,114,107,7,7
48003,115,99,16,16
48004,117,104,13,13
48005,129,112,17,17
48006,119,106,13,13
48007,65,59,6,6
48008,88,81,7,7
48009,80,63,17,17
48010,43,33,10,10
48011,68,65,3,3
48012,157,136,21,21
48013,104,95,9,9
48014,56,46,10,10
48015,52,49,3,3
48016,115,101,14,14
48017,64,53,11,11
48018,139,127,12,12
48019,58,53,5,5
48020,105,98,7,7
48021,196,178,18,18
48022,117,98,19,19
48023,108,84,24,24
48024,109,118,-9,9
48025,53,46,7,7
48026,97,79,18,18
48027,89,85,4,4
48028,136,119,17,17
48029,156,154,2,2
48030,107,89,18,18
48031,48,39,9,9
48032,108,105,3,3
48033,151,127,24,24
48034,71,77,-6,6
48035,99,83,16,16
48036,119,93,26,26
48037,131,118,13,13
48038,72,65,7,7
48039,112,101,11,11
48040,142,140,2,2
48041,130,118,12,12
48042,103,99,4,4
48043,136,125,11,11
48044,61,53,8,8
48045,93,82,11,11
48046,124,114,10,10
48047,44,47,-3,3
48048,166,161,5,5
48049,134,125,9,9
48050,85,75,10,10
48051,56,59,-3,3
48052,58,61,-3,3
48053,95,87,8,8
48054,113,99,14,14
48055,80,79,1,1
48056,105,92,13,13
48057,56,45,11,11
48058,79,76,3,3
48059,77,74,3,3
48060,90,82,8,8
48061,68,68,0,0
48062,65,64,1,1
48063,95,89,6,6
48064,51,51,0,0
48065,99,84,15,15
48066,81,66,15,15
48067,116,93,23,23
48068,72,63,9,9
48069,55,56,-1,1
48070,144,128,16,16
48071,74,73,1,1
48072,135,129,6,6
48073,60,59,1,1
48074,76,79,-3,3
48075,144,111,33,33
48076,141,111,30,30
48077,80,60,20,20
48078,74,74,0,0
48079,83,75,8,8
48080,76,63,13,13
48081,100,89,11,11
48082,97,84,13,13
48083,141,110,31,31
48084,109,98,11,11
48085,87,101,-14,14
48086,104,92,12,12
48087,69,62,7,7
48088,60,64,-4,4
48089,71,70,1,1
48090,64,61,3,3
48091,69,69,0,0
48092,92,85,7,7
48093,93,81,12,12
48094,88,74,14,14
48095,11,22,-11,11
48096,132,111,21,21
48097,62,62,0,0
48098,73,83,-10,10
48099,110,93,17,17
48100,84,83,1,1
48101,63,48,15,15
48102,110,102,8,8
48103,61,51,10,10
48104,81,84,-3,3
48105,107,102,5,5
48106,161,138,23,23
48107,66,54,12,12
48108,59,63,-4,4
48109,115,115,0,0
48110,113,103,10,10
48111,125,116,9,9
48112,104,97,7,7
48113,90,82,8,8
48114,84,76,8,8
48115,101,91,10,10
48116,151,130,21,21
48117,127,111,16,16
48118,102,91,11,11
48119,85,82,3,3
48120,64,65,-1,1
48121,114,105,9,9
48122,104,89,15,15
48123,99,95,4,4
48124,60,54,6,6
48125,102,102,0,0
48126,125,114,11,11
48127,109,111,-2,2
48128,106,92,14,14
48129,91,85,6,6
48130,54,63,-9,9
48131,86,93,-7,7
48132,108,107,1,1
48133,61,57,4,4
48134,63,73,-10,10
48135,112,101,11,11
48136,35,34,1,1
48137,86,77,9,9
48138,79,79,0,0
48139,112,101,11,11
48140,180,164,16,16
48141,94,79,15,15
48142,125,111,14,14
48143,82,71,11,11
48144,94,93,1,1
48145,83,69,14,14
48146,93,89,4,4
48147,89,84,5,5
48148,63,59,4,4
48149,120,112,8,8
48150,91,72,19,19
48151,102,113,-11,11
48152,70,67,3,3
48153,66,58,8,8
48154,73,68,5,5
48155,122,102,20,20
48156,50,47,3,3
48157,65,62,3,3
48158,146,131,15,15
48159,72,69,3,3
48160,109,91,18,18
48161,67,65,2,2
48162,138,122,16,16
48163,78,72,6,6
48164,143,131,12,12
48165,82,74,8,8
48166,147,143,4,4
48167,115,104,11,11
48168,107,103,4,4
48169,60,57,3,3
48170,95,81,14,14
48171,95,88,7,7
48172,39,45,-6,6
48173,75,76,-1,1
48174,61,56,5,5
48175,194,188,6,6
48176,67,67,0,0
48177,104,91,13,13
48178,79,75,4,4
48179,57,67,-10,10
48180,45,44,1,1
48181,66,65,1,1
48182,70,63,7,7
48183,61,64,-3,3
48184,93,81,12,12
48185,104,93,11,11
48186,122,126,-4,4
48187,64,60,4,4
48188,68,66,2,2
48189,132,121,11,11
48190,55,52,3,3
48191,117,107,10,10
48192,89,77,12,12
48193,83,82,1,1
48194,94,93,1,1
48195,59,49,10,10
48196,149,130,19,19
48197,77,76,1,1
48198,92,90,2,2
48199,84,70,14,14
48200,71,65,6,6
48201,75,66,9,9
48202,123,102,21,21
48203,108,103,5,5
48204,90,84,6,6
48205,99,75,24,24
48206,38,38,0,0
48207,59,58,1,1
48208,104,93,11,11
48209,114,115,-1,1
48210,83,79,4,4
48211,182,149,33,33
48212,89,78,11,11
48213,77,59,18,18
48214,146,123,23,23
48215,74,69,5,5
48216,73,64,9,9
48217,71,64,7,7
48218,70,58,12,12
48219,139,132,7,7
48220,75,53,22,22
48221,110,117,-7,7
48222,106,101,5,5
48223,150,136,14,14
48224,132,115,17,17
48225,108,88,20,20
48226,56,52,4,4
48227,133,122,11,11
48228,123,101,22,22
48229,58,48,10,10
48230,73,73,0,0
48231,118,102,16,16
48232,83,75,8,8
48233,66,65,1,1
48234,83,77,6,6
48235,89,80,9,9
48236,87,88,-1,1
48237,95,87,8,8
48238,57,55,2,2
48239,124,115,9,9
48240,136,124,12,12
48241,102,94,8,8
48242,123,116,7,7
48243,53,48,5,5
48244,59,56,3,3
48245,150,126,24,24
48246,140,123,17,17
48247,88,80,8,8
48248,140,124,16,16
48249,86,80,6,6
48250,106,95,11,11
48251,127,130,-3,3
48252,88,71,17,17
48253,99,97,2,2
48254,83,73,10,10
48255,81,75,6,6
48256,151,129,22,22
48257,144,138,6,6
48258,55,50,5,5
48259,66,58,8,8
48260,103,92,11,11
48261,100,89,11,11
48262,76,59,17,17
48263,115,103,12,12
48264,135,114,21,21
48265,128,106,22,22
48266,163,140,23,23
48267,81,70,11,11
48268,88,79,9,9
48269,86,106,-20,20
48270,147,128,19,19
48271,179,157,22,22
48272,98,85,13,13
48273,91,79,12,12
48274,145,128,17,17
48275,53,52,1,1
48276,122,113,9,9
48277,79,70,9,9
48278,118,119,-1,1
48279,100,76,24,24
48280,76,64,12,12
48281,148,134,14,14
48282,55,46,9,9
48283,80,72,8,8
48284,129,127,2,2
48285,52,55,-3,3
48286,108,101,7,7
48287,71,65,6,6
48288,49,44,5,5
48289,111,95,16,16
48290,97,82,15,15
48291,106,89,17,17
48292,31,26,5,5
48293,62,53,9,9
48294,140,143,-3,3
48295,102,86,16,16
48296,68,54,14,14
48297,66,61,5,5
48298,98,92,6,6
48299,29,23,6,6
48300,162,144,18,18
48301,68,63,5,5
48302,39,40,-1,1
48303,61,58,3,3
48304,126,121,5,5
48305,82,60,22,22
48306,95,79,16,16
48307,86,83,3,3
48308,91,82,9,9
48309,68,76,-8,8
48310,70,68,2,2
48311,56,45,11,11
48312,113,103,10,10
48313,83,69,14,14
48314,185,160,25,25
48315,133,120,13,13
48316,98,86,12,12
48317,47,49,-2,2
48318,86,72,14,14
48319,115,95,20,20
48320,121,106,15,15
48321,130,122,8,8
48322,116,104,12,12
48323,55,49,6,6
48324,88,78,10,10
48325,158,147,11,11
48326,208,195,13,13
48327,104,90,14,14
48328,109,101,8,8
48329,94,93,1,1
48330,49,49,0,0
48331,66,66,0,0
48332,135,142,-7,7
48333,112,92,20,20
48334,75,67,8,8
48335,99,91,8,8
48336,98,91,7,7
48337,77,78,-1,1
48338,108,89,19,19
48339,81,75,6,6
48340,99,101,-2,2
48341,113,85,28,28
48342,68,65,3,3
48343,111,106,5,5
48344,57,56,1,1
48345,141,118,23,23
48346,96,85,11,11
48347,57,60,-3,3
48348,86,78,8,8
48349,64,75,-11,11
48350,58,52,6,6
48351,68,64,4,4
48352,79,69,10,10
48353,128,117,11,11
48354,133,117,16,16
48355,129,126,3,3
48356,98,86,12,12
48357,126,106,20,20
48358,68,66,2,2
48359,98,85,13,13
48360,76,56,20,20
48361,151,126,25,25
48362,143,134,9,9
48363,81,78,3,3
48364,154,129,25,25
48365,99,93,6,6
48366,58,53,5,5
48367,40,39,1,1
48368,101,92,9,9
48369,88,77,11,11
48370,102,84,18,18
48371,82,70,12,12
48372,80,73,7,7
48373,77,69,8,8
48374,91,81,10,10
48375,133,121,12,12
48376,160,136,24,24
48377,137,123,14,14
48378,110,94,16,16
48379,78,62,16,16
48380,83,78,5,5
48381,68,71,-3,3
48382,85,83,2,2
48383,90,80,10,10
48384,51,51,0,0
48385,95,85,10,10
48386,133,115,18,18
48387,63,61,2,2
48388,64,58,6,6
48389,64,53,11,11
48390,128,124,4,4
48391,94,92,2,2
48392,87,77,10,10
48393,49,48,1,1
48394,66,54,12,12
48395,53,50,3,3
48396,99,91,8,8
48397,55,58,-3,3
48398,166,147,19,19
48399,179,156,23,23
48400,100,83,17,17
48401,97,87,10,10
48402,139,117,22,22
48403,59,55,4,4
48404,175,154,21,21
48405,123,123,0,0
48406,72,68,4,4
48407,77,79,-2,2
48408,86,72,14,14
48409,52,53,-1,1
48410,122,125,-3,3
48411,83,74,9,9
48412,109,110,-1,1
48413,123,105,18,18
48414,72,69,3,3
48415,86,83,3,3
48416,97,101,-4,4
48417,98,84,14,14
48418,98,81,17,17
48419,72,62,10,10
48420,160,135,25,25
48421,61,54,7,7
48422,91,84,7,7
48423,65,54,11,11
48424,145,128,17,17
48425,60,56,4,4
48426,125,110,15,15
48427,57,56,1,1
48428,117,102,15,15
48429,104,93,11,11
48430,141,126,15,15
48431,65,60,5,5
48432,78,64,14,14
48433,74,64,10,10
48434,82,76,6,6
48435,83,78,5,5
48436,79,75,4,4
48437,79,76,3,3
48438,73,68,5,5
48439,154,127,27,27
48440,89,80,9,9
48441,83,82,1,1
48442,79,68,11,11
48443,167,141,26,26
48444,103,111,-8,8
48445,89,79,10,10
48446,199,169,30,30
48447,63,64,-1,1
48448,67,59,8,8
48449,152,151,1,1
48450,98,93,5,5
48451,78,71,7,7
48452,78,69,9,9
48453,119,115,4,4
48454,93,90,3,3
48455,121,116,5,5
48456,105,84,21,21
48457,184,133,51,51
48458,60,57,3,3
48459,167,136,31,31
48460,51,50,1,1
48461,114,107,7,7
48462,59,52,7,7
48463,98,95,3,3
48464,62,60,2,2
48465,74,55,19,19
48466,87,75,12,12
48467,84,73,11,11
48468,63,55,8,8
48469,103,85,18,18
48470,133,112,21,21
48471,125,100,25,25
48472,137,128,9,9
48473,82,68,14,14
48474,145,135,10,10
48475,111,103,8,8
48476,117,104,13,13
48477,61,53,8,8
48478,107,104,3,3
48479,127,115,12,12
48480,50,44,6,6
48481,75,65,10,10
48482,173,153,20,20
48483,162,135,27,27
48484,72,75,-3,3
48485,104,92,12,12
48486,84,72,12,12
48487,84,70,14,14
48488,99,91,8,8
48489,109,96,13,13
48490,125,119,6,6
48491,100,92,8,8
48492,108,103,5,5
48493,118,112,6,6
48494,70,71,-1,1
48495,67,52,15,15
48496,39,38,1,1
48497,87,82,5,5
48498,71,75,-4,4
48499,65,61,4,4
48500,185,159,26,26
48501,89,77,12,12
48502,94,82,12,12
48503,68,63,5,5
48504,66,58,8,8
48505,126,109,17,17
48506,99,93,6,6
48507,100,93,7,7
48508,85,70,15,15
48509,38,43,-5,5
48510,170,150,20,20
48511,109,89,20,20
48512,90,79,11,11
48513,58,52,6,6
48514,52,48,4,4
48515,162,166,-4,4
48516,60,58,2,2
48517,99,90,9,9
48518,80,68,12,12
48519,82,90,-8,8
48520,112,97,15,15
48521,81,67,14,14
48522,112,119,-7,7
48523,160,138,22,22
48524,44,43,1,1
48525,60,56,4,4
48526,87,74,13,13
48527,66,56,10,10
48528,54,48,6,6
48529,158,129,29,29
48530,125,115,10,10
48531,61,59,2,2
48532,179,155,24,24
48533,174,136,38,38
48534,86,92,-6,6
48535,86,87,-1,1
48536,79,90,-11,11
48537,60,57,3,3
48538,78,67,11,11
48539,128,122,6,6
48540,111,97,14,14
48541,98,90,8,8
48542,142,112,30,30
48543,65,59,6,6
48544,142,124,18,18
48545,176,163,13,13
48546,88,74,14,14
48547,165,147,18,18
48548,85,83,2,2
48549,85,74,11,11
48550,88,84,4,4
48551,97,96,1,1
48552,125,113,12,12
48553,99,86,13,13
48554,83,70,13,13
48555,97,86,11,11
48556,96,88,8,8
48557,62,62,0,0
48558,99,101,-2,2
48559,57,55,2,2
48560,77,74,3,3
48561,77,76,1,1
48562,104,116,-12,12
48563,114,98,16,16
48564,94,81,13,13
48565,67,72,-5,5
48566,112,99,13,13
48567,128,112,16,16
48568,93,87,6,6
48569,115,114,1,1
48570,63,56,7,7
48571,67,68,-1,1
48572,136,128,8,8
48573,96,99,-3,3
48574,97,96,1,1
48575,97,97,0,0
48576,100,85,15,15
48577,60,55,5,5
48578,155,164,-9,9
48579,80,84,-4,4
48580,92,96,-4,4
48581,130,113,17,17
48582,139,117,22,22
48583,121,112,9,9
48584,58,57,1,1
48585,73,71,2,2
48586,98,88,10,10
48587,95,92,3,3
48588,126,104,22,22
48589,112,100,12,12
48590,82,80,2,2
48591,105,91,14,14
48592,68,72,-4,4
48593,67,73,-6,6
48594,121,113,8,8
48595,164,132,32,32
48596,107,104,3,3
48597,110,99,11,11
48598,125,117,8,8
48599,71,64,7,7
48600,77,76,1,1
48601,97,88,9,9
48602,114,112,2,2
48603,140,131,9,9
48604,57,59,-2,2
48605,99,86,13,13
48606,99,89,10,10
48607,52,42,10,10
48608,83,69,14,14
48609,173,215,-42,42
48610,94,92,2,2
48611,47,49,-2,2
48612,58,59,-1,1
48613,61,64,-3,3
48614,82,90,-8,8
48615,53,61,-8,8
48616,53,51,2,2
48617,77,70,7,7
48618,88,88,0,0
48619,74,70,4,4
48620,74,62,12,12
48621,150,131,19,19
48622,135,129,6,6
48623,176,169,7,7
48624,53,53,0,0
48625,140,124,16,16
48626,106,105,1,1
48627,189,156,33,33
48628,104,105,-1,1
48629,71,78,-7,7
48630,66,56,10,10
48631,82,83,-1,1
48632,111,114,-3,3
48633,114,96,18,18
48634,140,128,12,12
48635,95,91,4,4
48636,152,136,16,16
48637,101,103,-2,2
48638,67,56,11,11
48639,47,45,2,2
48640,73,73,0,0
48641,84,94,-10,10
48642,92,76,16,16
48643,157,146,11,11
48644,128,120,8,8
48645,96,100,-4,4
48646,91,83,8,8
48647,92,79,13,13
48648,132,116,16,16
48649,170,152,18,18
48650,103,79,24,24
48651,46,49,-3,3
48652,123,102,21,21
48653,91,73,18,18
48654,111,103,8,8
48655,144,136,8,8
48656,73,70,3,3
48657,116,100,16,16
48658,137,125,12,12
48659,131,113,18,18
48660,37,37,0,0
48661,84,83,1,1
48662,91,81,10,10
48663,175,162,13,13
48664,137,127,10,10
48665,91,78,13,13
48666,41,44,-3,3
48667,88,71,17,17
48668,86,73,13,13
48669,67,62,5,5
48670,181,150,31,31
48671,108,97,11,11
48672,51,41,10,10
48673,145,127,18,18
48674,87,80,7,7
48675,42,39,3,3
48676,92,82,10,10
48677,196,167,29,29
48678,43,41,2,2
48679,108,104,4,4
48680,131,109,22,22
48681,105,104,1,1
48682,77,73,4,4
48683,80,70,10,10
48684,144,124,20,20
48685,120,125,-5,5
48686,70,66,4,4
48687,62,57,5,5
48688,40,38,2,2
48689,80,68,12,12
48690,93,79,14,14
48691,41,44,-3,3
48692,90,82,8,8
48693,82,72,10,10
48694,85,80,5,5
48695,103,90,13,13
48696,119,104,15,15
48697,65,62,3,3
48698,85,72,13,13
48699,114,97,17,17
48700,95,82,13,13
48701,39,35,4,4
48702,89,78,11,11
48703,116,108,8,8
48704,133,128,5,5
48705,76,69,7,7
48706,146,123,23,23
48707,55,52,3,3
48708,170,157,13,13
48709,76,67,9,9
48710,89,83,6,6
48711,76,88,-12,12
48712,107,91,16,16
48713,69,58,11,11
48714,94,95,-1,1
48715,106,98,8,8
48716,91,75,16,16
48717,158,151,7,7
48718,110,101,9,9
48719,69,67,2,2
48720,90,76,14,14
48721,99,86,13,13
48722,74,67,7,7
48723,94,90,4,4
48724,70,65,5,5
48725,81,83,-2,2
48726,136,135,1,1
48727,89,84,5,5
48728,113,109,4,4
48729,110,96,14,14
48730,137,129,8,8
48731,100,90,10,10
48732,114,100,14,14
48733,122,100,22,22
48734,27,26,1,1
48735,105,102,3,3
48736,65,66,-1,1
48737,120,121,-1,1
48738,68,63,5,5
48739,158,141,17,17
48740,76,72,4,4
48741,123,110,13,13
48742,71,58,13,13
48743,86,80,6,6
48744,68,71,-3,3
48745,118,107,11,11
48746,36,38,-2,2
48747,26,31,-5,5
48748,55,52,3,3
48749,87,78,9,9
48750,117,102,15,15
48751,36,38,-2,2
48752,112,97,15,15
48753,73,60,13,13
48754,93,82,11,11
48755,122,103,19,19
48756,117,105,12,12
48757,116,118,-2,2
48758,95,87,8,8
48759,51,47,4,4
48760,81,73,8,8
48761,88,68,20,20
48762,62,59,3,3
48763,84,57,27,27
48764,69,67,2,2
48765,62,61,1,1
48766,101,96,5,5
48767,112,103,9,9
48768,182,153,29,29
48769,51,54,-3,3
48770,89,82,7,7
48771,123,115,8,8
48772,91,80,11,11
48773,67,68,-1,1
48774,150,125,25,25
48775,61,61,0,0
48776,107,98,9,9
48777,53,54,-1,1
48778,79,76,3,3
48779,143,143,0,0
48780,115,112,3,3
48781,66,64,2,2
48782,104,91,13,13
48783,154,149,5,5
48784,96,80,16,16
48785,165,149,16,16
48786,124,116,8,8
48787,108,95,13,13
48788,106,103,3,3
48789,124,122,2,2
48790,91,87,4,4
48791,98,108,-10,10
48792,74,73,1,1
48793,146,138,8,8
48794,136,130,6,6
48795,96,100,-4,4
48796,117,109,8,8
48797,113,101,12,12
48798,118,103,15,15
48799,151,128,23,23
48800,157,144,13,13
48801,98,77,21,21
48802,136,126,10,10
48803,119,124,-5,5
48804,66,58,8,8
48805,144,125,19,19
48806,118,112,6,6
48807,186,169,17,17
48808,91,85,6,6
48809,99,89,10,10
48810,78,77,1,1
48811,81,76,5,5
48812,77,73,4,4
48813,51,48,3,3
48814,81,78,3,3
48815,110,102,8,8
48816,83,73,10,10
48817,75,81,-6,6
48818,73,67,6,6
48819,113,103,10,10
48820,84,71,13,13
48821,94,85,9,9
48822,77,85,-8,8
48823,101,88,13,13
48824,100,83,17,17
48825,68,60,8,8
48826,65,64,1,1
48827,159,147,12,12
48828,66,65,1,1
48829,149,118,31,31
48830,81,90,-9,9
48831,56,52,4,4
48832,149,153,-4,4
48833,56,50,6,6
48834,110,101,9,9
48835,61,60,1,1
48836,57,49,8,8
48837,107,101,6,6
48838,58,53,5,5
48839,106,99,7,7
48840,145,120,25,25
48841,70,64,6,6
48842,115,108,7,7
48843,106,81,25,25
48844,144,125,19,19
48845,129,105,24,24
48846,127,121,6,6
48847,223,177,46,46
48848,147,139,8,8
48849,95,83,12,12
48850,34,39,-5,5
48851,66,57,9,9
48852,88,83,5,5
48853,91,78,13,13
48854,90,78,12,12
48855,131,121,10,10
48856,61,60,1,1
48857,66,57,9,9
48858,125,116,9,9
48859,69,61,8,8
48860,73,75,-2,2
48861,87,81,6,6
48862,89,77,12,12
48863,69,67,2,2
48864,114,105,9,9
48865,64,60,4,4
48866,146,130,16,16
48867,93,90,3,3
48868,54,52,2,2
48869,171,170,1,1
48870,63,59,4,4
48871,70,71,-1,1
48872,61,60,1,1
48873,75,62,13,13
48874,158,132,26,26
48875,65,71,-6,6
48876,93,87,6,6
48877,97,82,15,15
48878,126,93,33,33
48879,122,110,12,12
48880,128,128,0,0
48881,109,100,9,9
48882,90,78,12,12
48883,167,151,16,16
48884,79,62,17,17
48885,56,54,2,2
48886,117,103,14,14
48887,80,70,10,10
48888,48,48,0,0
48889,72,69,3,3
48890,69,63,6,6
48891,105,95,10,10
48892,103,87,16,16
48893,94,86,8,8
48894,91,76,15,15
48895,117,103,14,14
48896,168,168,0,0
48897,60,55,5,5
48898,93,92,1,1
48899,110,97,13,13
48900,61,54,7,7
48901,133,120,13,13
48902,124,96,28,28
48903,131,115,16,16
48904,81,73,8,8
48905,78,68,10,10
48906,117,100,17,17
48907,116,106,10,10
48908,75,73,2,2
48909,50,49,1,1
48910,76,63,13,13
48911,120,106,14,14
48912,96,85,11,11
48913,99,114,-15,15
48914,163,144,19,19
48915,136,120,16,16
48916,150,126,24,24
48917,87,88,-1,1
48918,116,108,8,8
48919,127,116,11,11
48920,73,63,10,10
48921,110,105,5,5
48922,65,57,8,8
48923,74,68,6,6
48924,98,86,12,12
48925,74,64,10,10
48926,105,96,9,9
48927,92,87,5,5
48928,80,75,5,5
48929,111,101,10,10
48930,93,85,8,8
48931,69,62,7,7
48932,76,73,3,3
48933,59,52,7,7
48934,127,115,12,12
48935,45,45,0,0
48936,100,74,26,26
48937,111,104,7,7
48938,165,197,-32,32
48939,161,162,-1,1
48940,108,105,3,3
48941,85,69,16,16
48942,131,127,4,4
48943,28,37,-9,9
48944,92,79,13,13
48945,55,53,2,2
48946,134,115,19,19
48947,112,95,17,17
48948,123,102,21,21
48949,137,127,10,10
48950,72,75,-3,3
48951,116,98,18,18
48952,136,120,16,16
48953,122,110,12,12
48954,120,112,8,8
48955,85,70,15,15
48956,98,99,-1,1
48957,108,115,-7,7
48958,95,90,5,5
48959,71,63,8,8
48960,160,136,24,24
48961,112,108,4,4
48962,98,94,4,4
48963,72,62,10,10
48964,102,96,6,6
48965,95,80,15,15
48966,130,113,17,17
48967,96,88,8,8
48968,123,111,12,12
48969,100,98,2,2
48970,172,157,15,15
48971,55,52,3,3
48972,60,67,-7,7
48973,101,95,6,6
48974,90,95,-5,5
48975,76,79,-3,3
48976,80,71,9,9
48977,100,102,-2,2
48978,61,58,3,3
48979,75,68,7,7
48980,81,90,-9,9
48981,121,108,13,13
48982,81,76,5,5
48983,139,131,8,8
48984,86,69,17,17
48985,94,85,9,9
48986,121,113,8,8
48987,83,69,14,14
48988,127,123,4,4
48989,49,56,-7,7
48990,83,81,2,2
48991,76,64,12,12
48992,113,99,14,14
48993,73,64,9,9
48994,85,76,9,9
48995,97,87,10,10
48996,82,71,11,11
48997,103,94,9,9
48998,68,62,6,6
48999,65,60,5,5
49000,46,44,2,2
49001,108,95,13,13
49002,96,97,-1,1
49003,133,118,15,15
49004,97,88,9,9
49005,62,52,10,10
49006,95,87,8,8
49007,132,109,23,23
49008,164,142,22,22
49009,62,54,8,8
49010,81,74,7,7
49011,91,85,6,6
49012,73,65,8,8
49013,73,66,7,7
49014,105,101,4,4
49015,75,70,5,5
49016,73,58,15,15
49017,94,91,3,3
49018,112,110,2,2
49019,107,88,19,19
49020,79,71,8,8
49021,128,122,6,6
49022,100,86,14,14
49023,68,63,5,5
49024,84,67,17,17
49025,115,125,-10,10
49026,68,64,4,4
49027,50,47,3,3
49028,80,78,2,2
49029,71,69,2,2
49030,115,104,11,11
49031,103,106,-3,3
49032,112,100,12,12
49033,95,85,10,10
49034,132,124,8,8
49035,108,98,10,10
49036,89,89,0,0
49037,96,81,15,15
49038,110,100,10,10
49039,103,159,-56,56
49040,113,87,26,26
49041,72,72,0,0
49042,85,85,0,0
49043,106,98,8,8
49044,101,93,8,8
49045,117,121,-4,4
49046,67,69,-2,2
49047,82,74,8,8
49048,61,58,3,3
49049,64,57,7,7
49050,86,81,5,5
49051,89,80,9,9
49052,49,46,3,3
49053,136,111,25,25
49054,137,130,7,7
49055,79,63,16,16
49056,127,106,21,21
49057,130,112,18,18
49058,119,122,-3,3
49059,83,70,13,13
49060,98,93,5,5
49061,124,111,13,13
49062,72,81,-9,9
49063,114,112,2,2
49064,144,125,19,19
49065,117,98,19,19
49066,68,62,6,6
49067,41,41,0,0
49068,88,83,5,5
49069,156,138,18,18
49070,85,74,11,11
49071,99,91,8,8
49072,71,78,-7,7
49073,152,134,18,18
49074,86,74,12,12
49075,95,80,15,15
49076,100,89,11,11
49077,99,91,8,8
49078,137,95,42,42
49079,78,65,13,13
49080,142,124,18,18
49081,80,81,-1,1
49082,70,62,8,8
49083,112,95,17,17
49084,116,111,5,5
49085,76,74,2,2
49086,128,113,15,15
49087,101,89,12,12
49088,111,100,11,11
49089,71,64,7,7
49090,129,117,12,12
49091,170,150,20,20
49092,136,108,28,28
49093,105,90,15,15
49094,117,100,17,17
49095,102,90,12,12
49096,77,72,5,5
49097,103,98,5,5
49098,53,48,5,5
49099,94,92,2,2
49100,73,62,11,11
49101,65,60,5,5
49102,107,118,-11,11
49103,78,80,-2,2
49104,83,74,9,9
49105,117,109,8,8
49106,33,30,3,3
49107,97,91,6,6
49108,119,109,10,10
49109,74,62,12,12
49110,96,87,9,9
49111,113,106,7,7
49112,68,75,-7,7
49113,78,69,9,9
49114,123,95,28,28
49115,121,119,2,2
49116,74,64,10,10
49117,100,87,13,13
49118,71,67,4,4
49119,46,44,2,2
49120,90,86,4,4
49121,63,69,-6,6
49122,94,85,9,9
49123,83,79,4,4
49124,86,83,3,3
49125,116,112,4,4
49126,107,93,14,14
49127,111,114,-3,3
49128,211,184,27,27
49129,71,59,12,12
49130,57,62,-5,5
49131,135,120,15,15
49132,111,99,12,12
49133,97,79,18,18
49134,139,125,14,14
49135,96,89,7,7
49136,91,82,9,9
49137,131,122,9,9
49138,134,123,11,11
49139,81,74,7,7
49140,123,106,17,17
49141,122,118,4,4
49142,149,136,13,13
49143,122,103,19,19
49144,114,99,15,15
49145,112,95,17,17
49146,110,96,14,14
49147,111,107,4,4
49148,50,50,0,0
49149,52,47,5,5
49150,119,120,-1,1
49151,67,63,4,4
49152,135,124,11,11
49153,81,65,16,16
49154,122,101,21,21
49155,130,120,10,10
49156,60,55,5,5
49157,108,110,-2,2
49158,97,92,5,5
49159,50,52,-2,2
49160,77,66,11,11
49161,106,89,17,17
49162,100,97,3,3
49163,70,70,0,0
49164,99,93,6,6
49165,108,103,5,5
49166,138,119,19,19
49167,132,123,9,9
49168,73,73,0,0
49169,73,72,1,1
49170,111,94,17,17
49171,101,93,8,8
49172,123,114,9,9
49173,80,103,-23,23
49174,56,45,11,11
49175,101,83,18,18
49176,119,108,11,11
49177,125,132,-7,7
49178,107,99,8,8
49179,141,130,11,11
49180,110,116,-6,6
49181,91,73,18,18
49182,67,60,7,7
49183,91,85,6,6
49184,62,56,6,6
49185,66,58,8,8
49186,51,64,-13,13
49187,26,29,-3,3
49188,112,104,8,8
49189,85,71,14,14
49190,173,151,22,22
49191,65,54,11,11
49192,71,69,2,2
49193,48,46,2,2
49194,113,109,4,4
49195,111,105,6,6
49196,76,73,3,3
49197,72,67,5,5
49198,104,92,12,12
49199,113,100,13,13
49200,80,71,9,9
49201,129,124,5,5
49202,80,71,9,9
49203,99,94,5,5
49204,98,95,3,3
49205,186,168,18,18
49206,84,81,3,3
49207,46,43,3,3
49208,81,88,-7,7
49209,62,54,8,8
49210,85,76,9,9
49211,63,57,6,6
49212,114,113,1,1
49213,91,82,9,9
49214,100,105,-5,5
49215,53,45,8,8
49216,127,103,24,24
49217,93,79,14,14
49218,59,57,2,2
49219,52,43,9,9
49220,100,90,10,10
49221,73,72,1,1
49222,110,107,3,3
49223,88,70,18,18
49224,87,79,8,8
49225,53,49,4,4
49226,96,89,7,7
49227,70,75,-5,5
49228,80,82,-2,2
49229,80,77,3,3
49230,78,68,10,10
49231,45,38,7,7
49232,97,87,10,10
49233,172,149,23,23
49234,92,85,7,7
49235,72,67,5,5
49236,125,124,1,1
49237,72,67,5,5
49238,156,142,14,14
49239,61,58,3,3
49240,118,113,5,5
49241,89,104,-15,15
49242,126,98,28,28
49243,121,101,20,20
49244,63,67,-4,4
49245,96,78,18,18
49246,123,107,16,16
49247,80,81,-1,1
49248,120,112,8,8
49249,75,74,1,1
49250,128,115,13,13
49251,166,150,16,16
49252,129,115,14,14
49253,74,73,1,1
49254,70,69,1,1
49255,75,70,5,5
49256,115,90,25,25
49257,109,95,14,14
49258,86,78,8,8
49259,90,84,6,6
49260,95,81,14,14
49261,102,103,-1,1
49262,178,156,22,22
49263,140,121,19,19
49264,148,132,16,16
49265,75,72,3,3
49266,94,77,17,17
49267,83,83,0,0
49268,184,162,22,22
49269,98,83,15,15
49270,36,30,6,6
49271,68,63,5,5
49272,88,76,12,12
49273,71,63,8,8
49274,80,70,10,10
49275,81,73,8,8
49276,98,99,-1,1
49277,99,83,16,16
49278,41,42,-1,1
49279,51,44,7,7
49280,161,141,20,20
49281,76,66,10,10
49282,103,92,11,11
49283,86,73,13,13
49284,111,98,13,13
49285,132,114,18,18
49286,91,76,15,15
49287,114,91,23,23
49288,106,93,13,13
49289,140,129,11,11
49290,54,47,7,7
49291,231,196,35,35
49292,74,69,5,5
49293,59,53,6,6
49294,149,125,24,24
49295,98,81,17,17
49296,96,86,10,10
49297,98,95,3,3
49298,29,31,-2,2
49299,80,69,11,11
49300,115,98,17,17
49301,75,61,14,14
49302,93,86,7,7
49303,86,76,10,10
49304,67,53,14,14
49305,56,51,5,5
49306,120,109,11,11
49307,188,158,30,30
49308,31,32,-1,1
49309,51,54,-3,3
49310,55,53,2,2
49311,81,77,4,4
49312,75,72,3,3
49313,63,62,1,1
49314,85,77,8,8
49315,32,28,4,4
49316,83,82,1,1
49317,86,84,2,2
49318,122,97,25,25
49319,46,44,2,2
49320,122,103,19,19
49321,101,94,7,7
49322,55,60,-5,5
49323,80,69,11,11
49324,106,98,8,8
49325,79,78,1,1
49326,143,138,5,5
49327,124,115,9,9
49328,128,120,8,8
49329,88,87,1,1
49330,98,92,6,6
49331,207,176,31,31
49332,133,113,20,20
49333,46,43,3,3
49334,115,114,1,1
49335,75,54,21,21
49336,93,81,12,12
49337,99,95,4,4
49338,107,102,5,5
49339,99,85,14,14
49340,78,71,7,7
49341,104,86,18,18
49342,112,107,5,5
49343,75,68,7,7
49344,84,79,5,5
49345,87,86,1,1
49346,83,70,13,13
49347,151,132,19,19
49348,23,34,-11,11
49349,168,150,18,18
49350,62,58,4,4
49351,65,60,5,5
49352,68,64,4,4
49353,110,106,4,4
49354,159,136,23,23
49355,44,40,4,4
49356,144,129,15,15
49357,71,64,7,7
49358,71,61,10,10
49359,131,104,27,27
49360,148,90,58,58
49361,116,108,8,8
49362,117,96,21,21
49363,116,126,-10,10
49364,95,80,15,15
49365,59,62,-3,3
49366,41,37,4,4
49367,80,81,-1,1
49368,66,60,6,6
49369,98,82,16,16
49370,186,165,21,21
49371,109,95,14,14
49372,97,115,-18,18
49373,74,64,10,10
49374,113,106,7,7
49375,61,52,9,9
49376,108,99,9,9
49377,123,106,17,17
49378,78,74,4,4
49379,57,57,0,0
49380,42,50,-8,8
49381,118,117,1,1
49382,59,51,8,8
49383,96,98,-2,2
49384,69,66,3,3
49385,94,77,17,17
49386,84,88,-4,4
49387,182,174,8,8
49388,44,43,1,1
49389,74,76,-2,2
49390,84,65,19,19
49391,173,148,25,25
49392,73,72,1,1
49393,67,62,5,5
49394,84,82,2,2
49395,106,99,7,7
49396,80,79,1,1
49397,79,84,-5,5
49398,61,54,7,7
49399,73,73,0,0
49400,50,44,6,6
49401,94,85,9,9
49402,86,85,1,1
49403,71,61,10,10
49404,60,63,-3,3
49405,126,116,10,10
49406,60,54,6,6
49407,65,56,9,9
49408,83,73,10,10
49409,47,41,6,6
49410,234,183,51,51
49411,101,81,20,20
49412,111,100,11,11
49413,65,55,10,10
49414,50,51,-1,1
49415,63,65,-2,2
49416,121,117,4,4
49417,63,42,21,21
49418,105,89,16,16
49419,51,57,-6,6
49420,85,72,13,13
49421,154,127,27,27
49422,130,112,18,18
49423,95,85,10,10
49424,55,52,3,3
49425,95,89,6,6
49426,154,136,18,18
49427,109,97,12,12
49428,57,60,-3,3
49429,109,96,13,13
49430,125,101,24,24
49431,85,71,14,14
49432,76,65,11,11
49433,66,73,-7,7
49434,89,74,15,15
49435,64,58,6,6
49436,46,50,-4,4
49437,79,74,5,5
49438,114,105,9,9
49439,73,63,10,10
49440,130,122,8,8
49441,78,64,14,14
49442,62,62,0,0
49443,49,45,4,4
49444,65,62,3,3
49445,66,59,7,7
49446,72,72,0,0
49447,81,72,9,9
49448,131,121,10,10
49449,113,105,8,8
49450,103,93,10,10
49451,60,51,9,9
49452,61,53,8,8
49453,62,56,6,6
49454,79,68,11,11
49455,111,119,-8,8
49456,108,95,13,13
49457,124,92,32,32
49458,93,99,-6,6
49459,121,113,8,8
49460,49,41,8,8
49461,72,69,3,3
49462,86,65,21,21
49463,64,60,4,4
49464,95,76,19,19
49465,108,105,3,3
49466,148,131,17,17
49467,71,60,11,11
49468,85,92,-7,7
49469,72,68,4,4
49470,107,98,9,9
49471,121,100,21,21
49472,119,104,15,15
49473,81,95,-14,14
49474,94,88,6,6
49475,147,114,33,33
49476,101,98,3,3
49477,106,102,4,4
49478,59,56,3,3
49479,70,62,8,8
49480,52,45,7,7
49481,89,75,14,14
49482,128,117,11,11
49483,111,107,4,4
49484,146,132,14,14
49485,49,45,4,4
49486,110,97,13,13
49487,119,110,9,9
49488,96,91,5,5
49489,119,107,12,12
49490,140,123,17,17
49491,124,112,12,12
49492,90,77,13,13
49493,68,65,3,3
49494,92,91,1,1
49495,163,139,24,24
49496,77,68,9,9
49497,103,93,10,10
49498,126,101,25,25
49499,70,69,1,1
49500,127,111,16,16
49501,76,73,3,3
49502,138,125,13,13
49503,88,87,1,1
49504,58,72,-14,14
49505,68,61,7,7
49506,146,138,8,8
49507,139,131,8,8
49508,71,71,0,0
49509,143,121,22,22
49510,123,96,27,27
49511,55,53,2,2
49512,93,87,6,6
49513,74,74,0,0
49514,122,110,12,12
49515,79,73,6,6
49516,75,68,7,7
49517,72,73,-1,1
49518,122,112,10,10
49519,82,73,9,9
49520,66,60,6,6
49521,67,61,6,6
49522,62,58,4,4
49523,108,90,18,18
49524,82,76,6,6
49525,93,89,4,4
49526,57,53,4,4
49527,73,69,4,4
49528,116,93,23,23
49529,97,80,17,17
49530,107,100,7,7
49531,69,63,6,6
49532,118,106,12,12
49533,112,102,10,10
49534,75,73,2,2
49535,128,125,3,3
49536,96,90,6,6
49537,81,73,8,8
49538,149,127,22,22
49539,65,65,0,0
49540,28,20,8,8
49541,92,84,8,8
49542,82,70,12,12
49543,65,73,-8,8
49544,130,118,12,12
49545,85,77,8,8
49546,105,101,4,4
49547,119,106,13,13
49548,124,100,24,24
49549,89,79,10,10
49550,52,47,5,5
49551,95,80,15,15
49552,111,114,-3,3
49553,110,90,20,20
49554,104,95,9,9
49555,107,104,3,3
49556,79,71,8,8
49557,98,84,14,14
49558,113,104,9,9
49559,59,55,4,4
49560,86,74,12,12
49561,40,39,1,1
49562,59,49,10,10
49563,108,98,10,10
49564,49,49,0,0
49565,86,67,19,19
49566,84,71,13,13
49567,93,82,11,11
49568,74,65,9,9
49569,73,67,6,6
49570,89,84,5,5
49571,83,81,2,2
49572,94,91,3,3
49573,103,87,16,16
49574,117,118,-1,1
49575,162,143,19,19
49576,72,76,-4,4
49577,107,105,2,2
49578,122,107,15,15
49579,108,102,6,6
49580,96,72,24,24
49581,98,87,11,11
49582,111,105,6,6
49583,51,45,6,6
49584,70,73,-3,3
49585,64,61,3,3
49586,47,37,10,10
49587,45,42,3,3
49588,69,80,-11,11
49589,91,84,7,7
49590,77,61,16,16
49591,83,73,10,10
49592,73,64,9,9
49593,70,63,7,7
49594,228,177,51,51
49595,50,47,3,3
49596,69,63,6,6
49597,88,78,10,10
49598,76,67,9,9
49599,80,66,14,14
49600,73,67,6,6
49601,86,80,6,6
49602,103,117,-14,14
49603,135,121,14,14
49604,75,75,0,0
49605,78,73,5,5
49606,114,94,20,20
49607,112,108,4,4
49608,66,65,1,1
49609,94,78,16,16
49610,86,72,14,14
49611,86,73,13,13
49612,115,114,1,1
49613,81,69,12,12
49614,96,97,-1,1
49615,100,85,15,15
49616,137,123,14,14
49617,71,64,7,7
49618,77,68,9,9
49619,102,88,14,14
49620,83,79,4,4
49621,87,80,7,7
49622,123,96,27,27
49623,65,63,2,2
49624,59,58,1,1
49625,98,91,7,7
49626,127,123,4,4
49627,141,116,25,25
49628,55,53,2,2
49629,63,61,2,2
49630,102,90,12,12
49631,63,64,-1,1
49632,108,93,15,15
49633,105,96,9,9
49634,57,44,13,13
49635,64,48,16,16
49636,83,72,11,11
49637,97,90,7,7
49638,97,91,6,6
49639,84,87,-3,3
49640,117,105,12,12
49641,99,86,13,13
49642,106,97,9,9
49643,101,92,9,9
49644,91,78,13,13
49645,131,114,17,17
49646,162,147,15,15
49647,81,71,10,10
49648,56,55,1,1
49649,120,96,24,24
49650,103,85,18,18
49651,43,38,5,5
49652,59,56,3,3
49653,90,79,11,11
49654,116,100,16,16
49655,55,47,8,8
49656,97,81,16,16
49657,99,87,12,12
49658,52,52,0,0
49659,32,31,1,1
49660,91,93,-2,2
49661,92,83,9,9
49662,52,50,2,2
49663,159,133,26,26
49664,144,119,25,25
49665,115,107,8,8
49666,44,46,-2,2
49667,114,109,5,5
49668,183,157,26,26
49669,94,83,11,11
49670,82,88,-6,6
49671,85,65,20,20
49672,71,55,16,16
49673,151,134,17,17
49674,98,87,11,11
49675,116,108,8,8
49676,108,93,15,15
49677,85,76,9,9
49678,96,99,-3,3
49679,94,97,-3,3
49680,59,55,4,4
49681,81,72,9,9
49682,125,116,9,9
49683,64,66,-2,2
49684,106,88,18,18
49685,89,82,7,7
49686,91,74,17,17
49687,72,59,13,13
49688,69,67,2,2
49689,94,72,22,22
49690,133,116,17,17
49691,115,107,8,8
49692,92,83,9,9
49693,171,140,31,31
49694,108,98,10,10
49695,102,95,7,7
49696,133,130,3,3
49697,89,75,14,14
49698,93,81,12,12
49699,39,45,-6,6
49700,119,102,17,17
49701,116,104,12,12
49702,71,55,16,16
49703,121,116,5,5
49704,109,99,10,10
49705,121,102,19,19
49706,87,83,4,4
49707,73,76,-3,3
49708,103,85,18,18
49709,50,52,-2,2
49710,53,50,3,3
49711,94,87,7,7
49712,143,138,5,5
49713,68,58,10,10
49714,148,125,23,23
49715,54,46,8,8
49716,121,104,17,17
49717,116,116,0,0
49718,91,93,-2,2
49719,74,65,9,9
49720,68,64,4,4
49721,129,121,8,8
49722,69,60,9,9
49723,43,47,-4,4
49724,125,107,18,18
49725,101,101,0,0
49726,188,157,31,31
49727,135,114,21,21
49728,57,54,3,3
49729,96,87,9,9
49730,68,54,14,14
49731,154,129,25,25
49732,101,94,7,7
49733,48,48,0,0
49734,62,66,-4,4
49735,182,159,23,23
49736,83,67,16,16
49737,52,49,3,3
49738,97,76,21,21
49739,108,84,24,24
49740,90,92,-2,2
49741,88,77,11,11
49742,109,102,7,7
49743,84,88,-4,4
49744,93,93,0,0
49745,87,75,12,12
49746,75,66,9,9
49747,77,72,5,5
49748,159,132,27,27
49749,56,52,4,4
49750,135,110,25,25
49751,42,41,1,1
49752,42,35,7,7
49753,82,88,-6,6
49754,106,96,10,10
49755,98,96,2,2
49756,59,58,1,1
49757,158,127,31,31
49758,109,107,2,2
49759,93,84,9,9
49760,174,152,22,22
49761,91,83,8,8
49762,138,109,29,29
49763,104,94,10,10
49764,92,86,6,6
49765,67,65,2,2
49766,87,86,1,1
49767,135,116,19,19
49768,102,86,16,16
49769,164,139,25,25
49770,67,66,1,1
49771,106,84,22,22
49772,88,87,1,1
49773,109,98,11,11
49774,97,80,17,17
49775,49,50,-1,1
49776,124,110,14,14
49777,64,56,8,8
49778,160,135,25,25
49779,108,99,9,9
49780,71,62,9,9
49781,108,92,16,16
49782,87,79,8,8
49783,181,156,25,25
49784,100,82,18,18
49785,52,48,4,4
49786,128,116,12,12
49787,84,74,10,10
49788,123,103,20,20
49789,131,122,9,9
49790,113,111,2,2
49791,127,119,8,8
49792,85,83,2,2
49793,71,68,3,3
49794,108,102,6,6
49795,74,65,9,9
49796,160,140,20,20
49797,72,73,-1,1
49798,75,69,6,6
49799,122,116,6,6
49800,85,78,7,7
49801,74,76,-2,2
49802,44,66,-22,22
49803,110,117,-7,7
49804,64,62,2,2
49805,40,45,-5,5
49806,124,105,19,19
49807,88,81,7,7
49808,123,112,11,11
49809,122,116,6,6
49810,122,115,7,7
49811,104,89,15,15
49812,100,98,2,2
49813,83,70,13,13
49814,50,53,-3,3
49815,93,84,9,9
49816,91,80,11,11
49817,78,72,6,6
49818,121,105,16,16
49819,90,82,8,8
49820,53,52,1,1
49821,112,97,15,15
49822,82,74,8,8
49823,167,147,20,20
49824,97,85,12,12
49825,63,55,8,8
49826,112,105,7,7
49827,102,78,24,24
49828,78,72,6,6
49829,124,113,11,11
49830,60,55,5,5
49831,59,48,11,11
49832,55,56,-1,1
49833,154,137,17,17
49834,86,77,9,9
49835,102,88,14,14
49836,70,67,3,3
49837,47,41,6,6
49838,79,59,20,20
49839,62,56,6,6
49840,114,126,-12,12
49841,117,97,20,20
49842,60,57,3,3
49843,86,69,17,17
49844,152,141,11,11
49845,168,156,12,12
49846,124,121,3,3
49847,60,52,8,8
49848,125,105,20,20
49849,62,61,1,1
49850,88,84,4,4
49851,66,60,6,6
49852,175,149,26,26
49853,88,80,8,8
49854,45,48,-3,3
49855,74,66,8,8
49856,135,125,10,10
49857,106,94,12,12
49858,130,106,24,24
49859,79,77,2,2
49860,81,73,8,8
49861,65,65,0,0
49862,107,87,20,20
49863,97,84,13,13
49864,76,78,-2,2
49865,116,94,22,22
49866,59,54,5,5
49867,54,57,-3,3
49868,98,87,11,11
49869,128,136,-8,8
49870,106,98,8,8
49871,78,72,6,6
49872,131,121,10,10
49873,69,58,11,11
49874,153,146,7,7
49875,71,67,4,4
49876,67,64,3,3
49877,107,96,11,11
49878,75,88,-13,13
49879,87,81,6,6
49880,94,75,19,19
49881,90,89,1,1
49882,74,70,4,4
49883,135,119,16,16
49884,134,118,16,16
49885,151,129,22,22
49886,92,91,1,1
49887,92,90,2,2
49888,80,74,6,6
49889,91,87,4,4
49890,89,83,6,6
49891,86,73,13,13
49892,76,70,6,6
49893,107,96,11,11
49894,140,111,29,29
49895,85,95,-10,10
49896,85,74,11,11
49897,69,59,10,10
49898,96,84,12,12
49899,62,53,9,9
49900,79,68,11,11
49901,138,106,32,32
49902,115,96,19,19
49903,106,92,14,14
49904,93,83,10,10
49905,122,110,12,12
49906,106,89,17,17
49907,90,83,7,7
49908,88,70,18,18
49909,72,65,7,7
49910,84,85,-1,1
49911,138,129,9,9
49912,92,90,2,2
49913,95,88,7,7
49914,86,75,11,11
49915,73,59,14,14
49916,70,73,-3,3
49917,61,57,4,4
49918,161,138,23,23
49919,89,74,15,15
49920,130,117,13,13
49921,99,67,32,32
49922,79,71,8,8
49923,47,48,-1,1
49924,75,79,-4,4
49925,69,64,5,5
49926,78,74,4,4
49927,45,38,7,7
49928,67,72,-5,5
49929,99,94,5,5
49930,92,95,-3,3
49931,116,106,10,10
49932,132,110,22,22
49933,88,87,1,1
49934,94,88,6,6
49935,112,112,0,0
49936,40,48,-8,8
49937,58,53,5,5
49938,88,70,18,18
49939,85,77,8,8
49940,86,50,36,36
49941,145,132,13,13
49942,105,93,12,12
49943,99,86,13,13
49944,62,57,5,5
49945,95,89,6,6
49946,90,74,16,16
49947,57,46,11,11
49948,104,88,16,16
49949,70,62,8,8
49950,103,82,21,21
49951,102,83,19,19
49952,56,53,3,3
49953,67,61,6,6
49954,65,61,4,4
49955,65,66,-1,1
49956,100,121,-21,21
49957,77,80,-3,3
49958,140,114,26,26
49959,86,71,15,15
49960,123,109,14,14
49961,33,69,-36,36
49962,102,93,9,9
49963,116,102,14,14
49964,63,61,2,2
49965,79,75,4,4
49966,160,136,24,24
49967,60,55,5,5
49968,65,56,9,9
49969,84,78,6,6
49970,67,61,6,6
49971,90,81,9,9
49972,70,72,-2,2
49973,68,66,2,2
49974,104,109,-5,5
49975,87,82,5,5
49976,124,97,27,27
49977,128,115,13,13
49978,166,150,16,16
49979,72,69,3,3
49980,54,50,4,4
49981,111,93,18,18
49982,93,80,13,13
49983,107,91,16,16
49984,137,124,13,13
49985,89,77,12,12
49986,68,56,12,12
49987,52,48,4,4
49988,75,78,-3,3
49989,79,71,8,8
49990,48,50,-2,2
49991,75,66,9,9
49992,85,76,9,9
49993,78,72,6,6
49994,101,88,13,13
49995,173,141,32,32
49996,90,77,13,13
49997,55,48,7,7
49998,98,97,1,1
49999,131,106,25,25
50000,149,126,23,23
50001,90,80,10,10
50002,51,46,5,5
50003,68,60,8,8
50004,111,91,20,20
50005,77,75,2,2
50006,150,133,17,17
50007,123,108,15,15
50008,42,43,-1,1
50009,111,97,14,14
50010,73,69,4,4
50011,77,71,6,6
50012,74,73,1,1
50013,145,120,25,25
50014,77,62,15,15
50015,102,96,6,6
50016,79,74,5,5
50017,65,59,6,6
50018,64,60,4,4
50019,54,42,12,12
50020,127,108,19,19
50021,126,122,4,4
50022,83,75,8,8
50023,108,91,17,17
50024,103,92,11,11
50025,132,125,7,7
50026,141,118,23,23
50027,132,121,11,11
50028,71,68,3,3
50029,111,100,11,11
50030,133,115,18,18
50031,102,91,11,11
50032,57,55,2,2
50033,92,96,-4,4
50034,120,100,20,20
50035,85,74,11,11
50036,86,85,1,1
50037,79,67,12,12
50038,69,69,0,0
50039,63,49,14,14
50040,118,113,5,5
50041,132,117,15,15
50042,72,68,4,4
50043,98,101,-3,3
50044,110,100,10,10
50045,105,102,3,3
50046,67,61,6,6
50047,92,87,5,5
50048,118,121,-3,3
50049,134,108,26,26
50050,70,62,8,8
50051,129,108,21,21
50052,67,58,9,9
50053,36,42,-6,6
50054,137,133,4,4
50055,40,48,-8,8
50056,89,83,6,6
50057,89,80,9,9
50058,83,76,7,7
50059,70,78,-8,8
50060,125,112,13,13
50061,113,100,13,13
50062,64,59,5,5
50063,101,87,14,14
50064,92,78,14,14
50065,118,105,13,13
50066,70,66,4,4
50067,87,108,-21,21
50068,112,98,14,14
50069,195,179,16,16
50070,122,114,8,8
50071,59,54,5,5
50072,155,134,21,21
50073,131,114,17,17
50074,143,109,34,34
50075,117,92,25,25
50076,120,109,11,11
50077,113,97,16,16
50078,102,91,11,11
50079,131,110,21,21
50080,105,90,15,15
50081,87,82,5,5
50082,66,62,4,4
50083,122,128,-6,6
50084,116,96,20,20
50085,104,94,10,10
50086,51,50,1,1
50087,90,86,4,4
50088,87,78,9,9
50089,93,94,-1,1
50090,61,62,-1,1
50091,106,101,5,5
50092,47,49,-2,2
50093,80,70,10,10
50094,74,65,9,9
50095,50,47,3,3
50096,167,149,18,18
50097,56,48,8,8
50098,110,113,-3,3
50099,160,128,32,32
50100,105,101,4,4
50101,63,56,7,7
50102,97,91,6,6
50103,98,89,9,9
50104,108,100,8,8
50105,105,95,10,10
50106,119,97,22,22
50107,144,123,21,21
50108,65,58,7,7
50109,112,97,15,15
50110,113,95,18,18
50111,98,97,1,1
50112,83,72,11,11
50113,170,150,20,20
50114,88,85,3,3
50115,109,90,19,19
50116,92,80,12,12
50117,121,112,9,9
50118,58,47,11,11
50119,96,115,-19,19
50120,108,92,16,16
50121,150,136,14,14
50122,78,72,6,6
50123,43,39,4,4
50124,49,51,-2,2
50125,173,144,29,29
50126,100,88,12,12
50127,104,92,12,12
50128,76,80,-4,4
50129,108,99,9,9
50130,148,127,21,21
50131,74,69,5,5
50132,72,59,13,13
50133,78,64,14,14
50134,108,101,7,7
50135,92,84,8,8
50136,94,90,4,4
50137,104,95,9,9
50138,102,102,0,0
50139,70,65,5,5
50140,88,76,12,12
50141,104,100,4,4
50142,115,87,28,28
50143,87,71,16,16
50144,110,102,8,8
50145,70,68,2,2
50146,78,74,4,4
50147,80,78,2,2
50148,56,50,6,6
50149,125,113,12,12
50150,79,70,9,9
50151,90,72,18,18
50152,134,123,11,11
50153,123,113,10,10
50154,116,91,25,25
50155,79,73,6,6
50156,100,106,-6,6
50157,55,55,0,0
50158,86,77,9,9
50159,125,118,7,7
50160,68,62,6,6
50161,73,71,2,2
50162,103,87,16,16
50163,172,159,13,13
50164,18,19,-1,1
50165,80,75,5,5
50166,64,55,9,9
50167,90,82,8,8
50168,100,94,6,6
50169,52,56,-4,4
50170,199,158,41,41
50171,90,84,6,6
50172,80,90,-10,10
50173,138,131,7,7
50174,64,65,-1,1
50175,101,88,13,13
50176,116,117,-1,1
50177,134,109,25,25
50178,113,97,16,16
50179,84,74,10,10
50180,55,60,-5,5
50181,194,169,25,25
50182,81,80,1,1
50183,100,85,15,15
50184,97,91,6,6
50185,64,59,5,5
50186,55,53,2,2
50187,68,66,2,2
50188,103,96,7,7
50189,102,83,19,19
50190,68,55,13,13
50191,95,82,13,13
50192,74,68,6,6
50193,77,56,21,21
50194,97,94,3,3
50195,77,63,14,14
50196,124,110,14,14
50197,62,63,-1,1
50198,78,74,4,4
50199,149,130,19,19
50200,53,57,-4,4
50201,80,75,5,5
50202,82,82,0,0
50203,69,66,3,3
50204,80,82,-2,2
50205,45,40,5,5
50206,66,64,2,2
50207,46,48,-2,2
50208,82,80,2,2
50209,45,42,3,3
50210,105,93,12,12
50211,109,89,20,20
50212,89,82,7,7
50213,69,63,6,6
50214,132,100,32,32
50215,106,98,8,8
50216,132,116,16,16
50217,141,126,15,15
50218,282,235,47,47
50219,151,152,-1,1
50220,93,82,11,11
50221,129,123,6,6
50222,82,86,-4,4
50223,72,66,6,6
50224,86,76,10,10
50225,42,34,8,8
50226,85,71,14,14
50227,105,87,18,18
50228,110,97,13,13
50229,50,50,0,0
50230,88,92,-4,4
50231,98,80,18,18
50232,85,73,12,12
50233,122,122,0,0
50234,122,137,-15,15
50235,124,106,18,18
50236,77,72,5,5
50237,117,107,10,10
50238,98,104,-6,6
50239,90,78,12,12
50240,129,112,17,17
50241,88,92,-4,4
50242,73,70,3,3
50243,77,74,3,3
50244,139,135,4,4
50245,96,82,14,14
50246,102,86,16,16
50247,87,82,5,5
50248,70,63,7,7
50249,159,142,17,17
50250,60,57,3,3
50251,69,59,10,10
50252,113,103,10,10
50253,156,135,21,21
50254,118,99,19,19
50255,53,47,6,6
50256,104,100,4,4
50257,83,73,10,10
50258,67,53,14,14
50259,95,97,-2,2
50260,103,92,11,11
50261,132,134,-2,2
50262,115,97,18,18
50263,89,82,7,7
50264,107,91,16,16
50265,99,97,2,2
50266,97,86,11,11
50267,54,54,0,0
50268,101,94,7,7
50269,97,80,17,17
50270,81,79,2,2
50271,150,148,2,2
50272,76,93,-17,17
50273,87,87,0,0
50274,101,110,-9,9
50275,51,48,3,3
50276,99,89,10,10
50277,76,68,8,8
50278,170,147,23,23
50279,129,101,28,28
50280,73,70,3,3
50281,172,166,6,6
50282,142,132,10,10
50283,104,96,8,8
50284,125,110,15,15
50285,51,49,2,2
50286,127,117,10,10
50287,150,127,23,23
50288,71,72,-1,1
50289,129,128,1,1
50290,92,91,1,1
50291,83,74,9,9
50292,82,78,4,4
50293,143,138,5,5
50294,105,95,10,10
50295,60,55,5,5
50296,79,77,2,2
50297,26,28,-2,2
50298,131,107,24,24
50299,90,77,13,13
50300,72,66,6,6
50301,62,60,2,2
50302,76,66,10,10
50303,138,128,10,10
50304,81,70,11,11
50305,108,93,15,15
50306,88,89,-1,1
50307,115,112,3,3
50308,123,109,14,14
50309,89,87,2,2
50310,123,113,10,10
50311,104,87,17,17
50312,67,59,8,8
50313,82,82,0,0
50314,68,56,12,12
50315,72,63,9,9
50316,92,84,8,8
50317,60,55,5,5
50318,76,83,-7,7
50319,91,88,3,3
50320,95,80,15,15
50321,101,97,4,4
50322,96,91,5,5
50323,122,105,17,17
50324,139,127,12,12
50325,141,108,33,33
50326,89,75,14,14
50327,103,105,-2,2
50328,51,52,-1,1
50329,75,77,-2,2
50330,107,98,9,9
50331,64,61,3,3
50332,54,49,5,5
50333,90,76,14,14
50334,75,74,1,1
50335,136,119,17,17
50336,99,97,2,2
50337,128,130,-2,2
50338,125,95,30,30
50339,131,110,21,21
50340,61,47,14,14
50341,60,52,8,8
50342,70,75,-5,5
50343,136,130,6,6
50344,91,75,16,16
50345,74,62,12,12
50346,63,62,1,1
50347,113,93,20,20
50348,78,59,19,19
50349,208,171,37,37
50350,153,137,16,16
50351,154,140,14,14
50352,92,85,7,7
50353,61,56,5,5
50354,88,86,2,2
50355,53,61,-8,8
50356,60,54,6,6
50357,101,89,12,12
50358,108,97,11,11
50359,70,58,12,12
50360,73,62,11,11
50361,86,82,4,4
50362,63,58,5,5
50363,105,101,4,4
50364,72,60,12,12
50365,145,123,22,22
50366,71,63,8,8
50367,148,121,27,27
50368,68,67,1,1
50369,158,135,23,23
50370,176,157,19,19
50371,98,69,29,29
50372,151,131,20,20
50373,72,82,-10,10
50374,48,47,1,1
50375,77,67,10,10
50376,65,58,7,7
50377,107,98,9,9
50378,93,79,14,14
50379,103,101,2,2
50380,95,85,10,10
50381,45,46,-1,1
50382,148,131,17,17
50383,130,119,11,11
50384,123,110,13,13
50385,91,86,5,5
50386,127,139,-12,12
50387,66,66,0,0
50388,71,65,6,6
50389,133,116,17,17
50390,111,107,4,4
50391,92,91,1,1
50392,72,63,9,9
50393,70,64,6,6
50394,158,139,19,19
50395,56,49,7,7
50396,63,62,1,1
50397,73,66,7,7
50398,170,146,24,24
50399,118,111,7,7
50400,83,84,-1,1
50401,59,60,-1,1
50402,95,76,19,19
50403,79,58,21,21
50404,79,68,11,11
50405,103,111,-8,8
50406,127,114,13,13
50407,93,89,4,4
50408,82,72,10,10
50409,48,47,1,1
50410,90,82,8,8
50411,76,64,12,12
50412,91,88,3,3
50413,43,45,-2,2
50414,66,63,3,3
50415,55,52,3,3
50416,93,86,7,7
50417,102,91,11,11
50418,56,52,4,4
50419,91,83,8,8
50420,126,119,7,7
50421,78,78,0,0
50422,81,71,10,10
50423,103,93,10,10
50424,114,99,15,15
50425,103,92,11,11
50426,137,129,8,8
50427,111,98,13,13
50428,71,65,6,6
50429,99,77,22,22
50430,118,105,13,13
50431,145,126,19,19
50432,83,72,11,11
50433,59,48,11,11
50434,79,77,2,2
50435,60,53,7,7
50436,59,52,7,7
50437,109,104,5,5
50438,74,72,2,2
50439,125,123,2,2
50440,112,91,21,21
50441,74,67,7,7
50442,149,134,15,15
50443,79,78,1,1
50444,76,68,8,8
50445,124,110,14,14
50446,62,61,1,1
50447,59,64,-5,5
50448,190,164,26,26
50449,62,67,-5,5
50450,105,108,-3,3
50451,97,77,20,20
50452,128,112,16,16
50453,113,103,10,10
50454,98,83,15,15
50455,37,41,-4,4
50456,136,125,11,11
50457,79,86,-7,7
50458,47,49,-2,2
50459,98,78,20,20
50460,101,97,4,4
50461,87,77,10,10
50462,49,52,-3,3
50463,88,68,20,20
50464,92,80,12,12
50465,128,116,12,12
50466,111,98,13,13
50467,106,92,14,14
50468,57,58,-1,1
50469,95,93,2,2
50470,60,52,8,8
50471,131,110,21,21
50472,88,74,14,14
50473,83,79,4,4
50474,109,98,11,11
50475,114,105,9,9
50476,84,80,4,4
50477,85,81,4,4
50478,86,80,6,6
50479,76,69,7,7
50480,112,92,20,20
50481,106,103,3,3
50482,56,49,7,7
50483,120,114,6,6
50484,53,54,-1,1
50485,32,45,-13,13
50486,184,170,14,14
50487,82,67,15,15
50488,66,59,7,7
50489,67,71,-4,4
50490,123,114,9,9
50491,123,108,15,15
50492,146,120,26,26
50493,74,66,8,8
50494,113,98,15,15
50495,102,97,5,5
50496,143,122,21,21
50497,88,77,11,11
50498,136,121,15,15
50499,149,142,7,7
50500,165,153,12,12
50501,59,56,3,3
50502,87,76,11,11
50503,85,73,12,12
50504,54,55,-1,1
50505,48,45,3,3
50506,73,62,11,11
50507,74,63,11,11
50508,125,122,3,3
50509,71,57,14,14
50510,36,35,1,1
50511,127,102,25,25
50512,71,61,10,10
50513,92,82,10,10
50514,55,51,4,4
50515,62,51,11,11
50516,76,64,12,12
50517,64,57,7,7
50518,129,117,12,12
50519,147,130,17,17
50520,69,63,6,6
50521,76,63,13,13
50522,86,80,6,6
50523,66,52,14,14
50524,76,65,11,11
50525,74,71,3,3
50526,54,51,3,3
50527,109,104,5,5
50528,141,123,18,18
50529,55,55,0,0
50530,121,99,22,22
50531,79,74,5,5
50532,80,70,10,10
50533,156,144,12,12
50534,44,37,7,7
50535,114,95,19,19
50536,105,95,10,10
50537,73,68,5,5
50538,84,76,8,8
50539,176,155,21,21
50540,62,55,7,7
50541,121,105,16,16
50542,114,111,3,3
50543,87,85,2,2
50544,77,77,0,0
50545,64,58,6,6
50546,165,143,22,22
50547,139,138,1,1
50548,121,108,13,13
50549,97,84,13,13
50550,193,155,38,38
50551,125,124,1,1
50552,76,83,-7,7
50553,54,44,10,10
50554,134,129,5,5
50555,72,68,4,4
50556,96,84,12,12
50557,37,32,5,5
50558,125,106,19,19
50559,87,73,14,14
50560,33,35,-2,2
50561,71,67,4,4
50562,53,49,4,4
50563,59,57,2,2
50564,110,94,16,16
50565,82,78,4,4
50566,110,99,11,11
50567,64,55,9,9
50568,65,60,5,5
50569,134,114,20,20
50570,58,56,2,2
50571,90,87,3,3
50572,79,77,2,2
50573,66,74,-8,8
50574,88,93,-5,5
50575,89,111,-22,22
50576,124,115,9,9
50577,111,100,11,11
50578,144,123,21,21
50579,131,124,7,7
50580,133,122,11,11
50581,104,95,9,9
50582,63,60,3,3
50583,72,63,9,9
50584,76,64,12,12
50585,59,51,8,8
50586,110,94,16,16
50587,69,61,8,8
50588,112,101,11,11
50589,41,49,-8,8
50590,135,121,14,14
50591,101,114,-13,13
50592,86,76,10,10
50593,116,117,-1,1
50594,88,80,8,8
50595,74,78,-4,4
50596,41,43,-2,2
50597,91,93,-2,2
50598,164,145,19,19
50599,58,47,11,11
50600,203,172,31,31
50601,84,82,2,2
50602,91,69,22,22
50603,98,94,4,4
50604,123,116,7,7
50605,63,49,14,14
50606,88,73,15,15
50607,92,92,0,0
50608,117,106,11,11
50609,72,61,11,11
50610,69,63,6,6
50611,77,69,8,8
50612,77,69,8,8
50613,73,61,12,12
50614,94,85,9,9
50615,118,102,16,16
50616,98,88,10,10
50617,82,76,6,6
50618,137,120,17,17
50619,84,85,-1,1
50620,113,100,13,13
50621,145,121,24,24
50622,67,61,6,6
50623,101,97,4,4
50624,37,48,-11,11
50625,49,51,-2,2
50626,63,59,4,4
50627,76,69,7,7
50628,216,174,42,42
50629,138,133,5,5
50630,96,91,5,5
50631,76,79,-3,3
50632,66,59,7,7
50633,55,44,11,11
50634,92,83,9,9
50635,83,80,3,3
50636,107,110,-3,3
50637,124,106,18,18
50638,78,70,8,8
50639,149,140,9,9
50640,154,137,17,17
50641,67,59,8,8
50642,82,76,6,6
50643,99,92,7,7
50644,107,103,4,4
50645,156,139,17,17
50646,174,180,-6,6
50647,103,91,12,12
50648,116,107,9,9
50649,44,36,8,8
50650,108,100,8,8
50651,94,98,-4,4
50652,63,60,3,3
50653,95,85,10,10
50654,57,55,2,2
50655,72,66,6,6
50656,72,64,8,8
50657,101,96,5,5
50658,94,110,-16,16
50659,86,66,20,20
50660,157,136,21,21
50661,56,52,4,4
50662,77,74,3,3
50663,76,79,-3,3
50664,164,151,13,13
50665,68,72,-4,4
50666,65,67,-2,2
50667,124,113,11,11
50668,62,54,8,8
50669,138,121,17,17
50670,146,130,16,16
50671,135,140,-5,5
50672,124,103,21,21
50673,105,93,12,12
50674,71,59,12,12
50675,84,79,5,5
50676,84,67,17,17
50677,70,61,9,9
50678,112,95,17,17
50679,127,114,13,13
50680,51,107,-56,56
50681,104,94,10,10
50682,96,96,0,0
50683,97,78,19,19
50684,72,67,5,5
50685,117,104,13,13
50686,115,119,-4,4
50687,76,72,4,4
50688,98,92,6,6
50689,70,68,2,2
50690,97,92,5,5
50691,131,132,-1,1
50692,50,47,3,3
50693,68,62,6,6
50694,64,56,8,8
50695,103,98,5,5
50696,48,44,4,4
50697,106,97,9,9
50698,80,76,4,4
50699,131,124,7,7
50700,59,59,0,0
50701,196,172,24,24
50702,143,141,2,2
50703,74,63,11,11
50704,69,67,2,2
50705,70,68,2,2
50706,114,97,17,17
50707,70,60,10,10
50708,42,40,2,2
50709,112,115,-3,3
50710,79,63,16,16
50711,159,146,13,13
50712,121,101,20,20
50713,69,68,1,1
50714,93,79,14,14
50715,90,81,9,9
50716,91,87,4,4
50717,65,61,4,4
50718,136,130,6,6
50719,65,61,4,4
50720,51,54,-3,3
50721,131,114,17,17
50722,81,78,3,3
50723,60,113,-53,53
50724,99,85,14,14
50725,37,66,-29,29
50726,131,109,22,22
50727,164,133,31,31
50728,63,61,2,2
50729,208,175,33,33
50730,40,46,-6,6
50731,94,94,0,0
50732,114,105,9,9
50733,72,71,1,1
50734,83,72,11,11
50735,65,64,1,1
50736,124,117,7,7
50737,45,45,0,0
50738,78,68,10,10
50739,139,120,19,19
50740,63,62,1,1
50741,88,88,0,0
50742,81,74,7,7
50743,79,64,15,15
50744,106,97,9,9
50745,129,112,17,17
50746,107,102,5,5
50747,67,66,1,1
50748,119,108,11,11
50749,96,89,7,7
50750,96,80,16,16
50751,64,61,3,3
50752,110,100,10,10
50753,122,116,6,6
50754,159,146,13,13
50755,84,79,5,5
50756,78,70,8,8
50757,186,171,15,15
50758,77,70,7,7
50759,95,81,14,14
50760,78,71,7,7
50761,84,93,-9,9
50762,115,102,13,13
50763,104,96,8,8
50764,84,68,16,16
50765,94,79,15,15
50766,103,89,14,14
50767,120,107,13,13
50768,80,77,3,3
50769,63,50,13,13
50770,113,111,2,2
50771,82,79,3,3
50772,111,102,9,9
50773,103,98,5,5
50774,122,111,11,11
50775,81,75,6,6
50776,141,130,11,11
50777,122,113,9,9
50778,136,121,15,15
50779,67,63,4,4
50780,91,93,-2,2
50781,86,79,7,7
50782,97,82,15,15
50783,42,55,-13,13
50784,63,61,2,2
50785,118,107,11,11
50786,81,83,-2,2
50787,62,50,12,12
50788,55,48,7,7
50789,89,82,7,7
50790,71,65,6,6
50791,57,58,-1,1
50792,83,78,5,5
50793,153,132,21,21
50794,106,91,15,15
50795,122,101,21,21
50796,76,69,7,7
50797,90,86,4,4
50798,70,75,-5,5
50799,33,32,1,1
50800,83,74,9,9
50801,50,49,1,1
50802,118,102,16,16
50803,115,103,12,12
50804,45,41,4,4
50805,58,51,7,7
50806,38,37,1,1
50807,97,94,3,3
50808,39,42,-3,3
50809,28,30,-2,2
50810,117,108,9,9
50811,115,94,21,21
50812,121,108,13,13
50813,105,103,2,2
50814,88,78,10,10
50815,64,66,-2,2
50816,85,82,3,3
50817,103,80,23,23
50818,76,68,8,8
50819,60,59,1,1
50820,73,69,4,4
50821,70,59,11,11
50822,54,49,5,5
50823,83,84,-1,1
50824,77,69,8,8
50825,58,47,11,11
50826,105,86,19,19
50827,145,131,14,14
50828,119,92,27,27
50829,100,90,10,10
50830,84,81,3,3
50831,88,72,16,16
50832,90,79,11,11
50833,65,66,-1,1
50834,131,119,12,12
50835,76,83,-7,7
50836,166,158,8,8
50837,52,45,7,7
50838,156,147,9,9
50839,139,140,-1,1
50840,80,70,10,10
50841,73,74,-1,1
50842,94,84,10,10
50843,83,77,6,6
50844,108,91,17,17
50845,71,61,10,10
50846,98,100,-2,2
50847,94,85,9,9
50848,99,88,11,11
50849,29,30,-1,1
50850,85,73,12,12
50851,92,85,7,7
50852,96,88,8,8
50853,107,94,13,13
50854,31,48,-17,17
50855,80,62,18,18
50856,86,77,9,9
50857,147,128,19,19
50858,113,107,6,6
50859,58,54,4,4
50860,69,68,1,1
50861,81,76,5,5
50862,105,97,8,8
50863,146,119,27,27
50864,126,111,15,15
50865,72,66,6,6
50866,110,97,13,13
50867,140,132,8,8
50868,93,78,15,15
50869,88,81,7,7
50870,84,90,-6,6
50871,57,52,5,5
50872,78,68,10,10
50873,76,66,10,10
50874,143,118,25,25
50875,108,129,-21,21
50876,45,52,-7,7
50877,87,86,1,1
50878,77,72,5,5
50879,96,107,-11,11
50880,84,76,8,8
50881,60,56,4,4
50882,74,74,0,0
50883,83,76,7,7
50884,69,61,8,8
50885,58,46,12,12
50886,73,64,9,9
50887,81,78,3,3
50888,106,87,19,19
50889,140,140,0,0
50890,75,71,4,4
50891,102,97,5,5
50892,137,112,25,25
50893,63,86,-23,23
50894,80,70,10,10
50895,65,61,4,4
50896,151,132,19,19
50897,138,132,6,6
50898,104,86,18,18
50899,142,124,18,18
50900,77,79,-2,2
50901,102,100,2,2
50902,83,75,8,8
50903,74,74,0,0
50904,113,103,10,10
50905,115,101,14,14
50906,86,85,1,1
50907,66,56,10,10
50908,123,106,17,17
50909,173,154,19,19
50910,138,134,4,4
50911,121,112,9,9
50912,187,172,15,15
50913,103,88,15,15
50914,93,140,-47,47
50915,134,118,16,16
50916,84,71,13,13
50917,140,120,20,20
50918,139,119,20,20
50919,112,108,4,4
50920,81,74,7,7
50921,48,43,5,5
50922,111,98,13,13
50923,133,115,18,18
50924,158,138,20,20
50925,47,47,0,0
50926,115,113,2,2
50927,59,61,-2,2
50928,136,122,14,14
50929,86,83,3,3
50930,89,88,1,1
50931,104,97,7,7
50932,88,82,6,6
50933,68,62,6,6
50934,105,89,16,16
50935,122,105,17,17
50936,93,80,13,13
50937,172,155,17,17
50938,77,77,0,0
50939,141,124,17,17
50940,106,103,3,3
50941,102,98,4,4
50942,136,116,20,20
50943,83,71,12,12
50944,60,57,3,3
50945,90,93,-3,3
50946,69,64,5,5
50947,96,86,10,10
50948,101,91,10,10
50949,90,72,18,18
50950,95,93,2,2
50951,80,83,-3,3
50952,91,85,6,6
50953,125,108,17,17
50954,85,76,9,9
50955,129,120,9,9
50956,117,110,7,7
50957,77,71,6,6
50958,82,79,3,3
50959,135,118,17,17
50960,120,108,12,12
50961,89,70,19,19
50962,161,147,14,14
50963,70,65,5,5
50964,60,61,-1,1
50965,172,152,20,20
50966,136,121,15,15
50967,86,71,15,15
50968,106,102,4,4
50969,107,101,6,6
50970,98,92,6,6
50971,120,134,-14,14
50972,158,141,17,17
50973,61,52,9,9
50974,101,87,14,14
50975,94,87,7,7
50976,60,62,-2,2
50977,68,63,5,5
50978,99,74,25,25
50979,56,49,7,7
50980,110,92,18,18
50981,102,94,8,8
50982,83,79,4,4
50983,92,84,8,8
50984,77,65,12,12
50985,125,130,-5,5
50986,79,64,15,15
50987,67,57,10,10
50988,113,101,12,12
50989,122,114,8,8
50990,131,118,13,13
50991,104,90,14,14
50992,89,95,-6,6
50993,92,85,7,7
50994,217,158,59,59
50995,45,31,14,14
50996,69,71,-2,2
50997,112,109,3,3
50998,146,112,34,34
50999,95,88,7,7
51000,91,85,6,6
51001,70,69,1,1
51002,75,79,-4,4
51003,95,88,7,7
51004,112,92,20,20
51005,58,54,4,4
51006,54,51,3,3
51007,94,92,2,2
51008,108,92,16,16
51009,89,86,3,3
51010,90,81,9,9
51011,129,115,14,14
51012,105,90,15,15
51013,94,86,8,8
51014,132,143,-11,11
51015,95,86,9,9
51016,68,54,14,14
51017,97,84,13,13
51018,128,112,16,16
51019,116,112,4,4
51020,93,84,9,9
51021,89,75,14,14
51022,176,168,8,8
51023,172,162,10,10
51024,54,49,5,5
51025,60,59,1,1
51026,39,42,-3,3
51027,96,76,20,20
51028,60,68,-8,8
51029,52,45,7,7
51030,105,94,11,11
51031,137,126,11,11
51032,151,126,25,25
51033,108,112,-4,4
51034,100,90,10,10
51035,68,62,6,6
51036,99,93,6,6
51037,100,91,9,9
51038,112,97,15,15
51039,78,64,14,14
51040,110,102,8,8
51041,70,56,14,14
51042,122,109,13,13
51043,72,74,-2,2
51044,191,161,30,30
51045,106,100,6,6
51046,102,91,11,11
51047,130,109,21,21
51048,83,77,6,6
51049,70,67,3,3
51050,93,93,0,0
51051,98,82,16,16
51052,72,66,6,6
51053,121,102,19,19
51054,157,138,19,19
51055,72,73,-1,1
51056,88,78,10,10
51057,109,99,10,10
51058,129,113,16,16
51059,185,160,25,25
51060,82,82,0,0
51061,45,35,10,10
51062,47,47,0,0
51063,75,76,-1,1
51064,107,88,19,19
51065,73,71,2,2
51066,90,81,9,9
51067,69,70,-1,1
51068,100,101,-1,1
51069,87,67,20,20
51070,56,48,8,8
51071,83,70,13,13
51072,140,130,10,10
51073,64,52,12,12
51074,97,89,8,8
51075,86,79,7,7
51076,129,108,21,21
51077,119,102,17,17
51078,85,78,7,7
51079,109,96,13,13
51080,92,84,8,8
51081,152,124,28,28
51082,74,69,5,5
51083,147,190,-43,43
51084,117,108,9,9
51085,85,86,-1,1
51086,115,117,-2,2
51087,96,85,11,11
51088,109,101,8,8
51089,70,65,5,5
51090,107,94,13,13
51091,71,76,-5,5
51092,80,75,5,5
51093,117,104,13,13
51094,149,140,9,9
51095,74,65,9,9
51096,100,87,13,13
51097,131,125,6,6
51098,100,93,7,7
51099,72,63,9,9
51100,92,98,-6,6
51101,68,61,7,7
51102,71,69,2,2
51103,60,51,9,9
51104,74,68,6,6
51105,114,99,15,15
51106,44,43,1,1
51107,104,106,-2,2
51108,143,129,14,14
51109,159,140,19,19
51110,76,71,5,5
51111,93,84,9,9
51112,91,83,8,8
51113,91,86,5,5
51114,188,157,31,31
51115,85,77,8,8
51116,58,48,10,10
51117,115,102,13,13
51118,51,47,4,4
51119,49,44,5,5
51120,108,104,4,4
51121,92,87,5,5
51122,102,95,7,7
51123,113,101,12,12
51124,100,90,10,10
51125,80,68,12,12
51126,109,108,1,1
51127,72,67,5,5
51128,91,86,5,5
51129,93,84,9,9
51130,44,42,2,2
51131,104,101,3,3
51132,50,56,-6,6
51133,76,68,8,8
51134,53,46,7,7
51135,119,107,12,12
51136,105,89,16,16
51137,110,114,-4,4
51138,148,139,9,9
51139,105,88,17,17
51140,139,119,20,20
51141,97,78,19,19
51142,113,92,21,21
51143,85,77,8,8
51144,113,96,17,17
51145,60,52,8,8
51146,66,53,13,13
51147,115,102,13,13
51148,30,40,-10,10
51149,76,65,11,11
51150,73,72,1,1
51151,72,74,-2,2
51152,141,124,17,17
51153,58,60,-2,2
51154,101,91,10,10
51155,80,64,16,16
51156,76,69,7,7
51157,118,111,7,7
51158,97,90,7,7
51159,96,99,-3,3
51160,40,39,1,1
51161,157,136,21,21
51162,125,108,17,17
51163,99,85,14,14
51164,66,60,6,6
51165,117,106,11,11
51166,94,92,2,2
51167,54,55,-1,1
51168,62,57,5,5
51169,74,67,7,7
51170,166,147,19,19
51171,142,136,6,6
51172,81,84,-3,3
51173,110,109,1,1
51174,114,97,17,17
51175,96,87,9,9
51176,54,53,1,1
51177,97,89,8,8
51178,86,89,-3,3
51179,67,66,1,1
51180,65,58,7,7
51181,89,89,0,0
51182,86,83,3,3
51183,71,69,2,2
51184,146,136,10,10
51185,81,64,17,17
51186,108,96,12,12
51187,116,105,11,11
51188,90,90,0,0
51189,108,95,13,13
51190,127,109,18,18
51191,60,54,6,6
51192,66,56,10,10
51193,180,164,16,16
51194,52,49,3,3
51195,93,85,8,8
51196,127,115,12,12
51197,96,79,17,17
51198,110,88,22,22
51199,102,101,1,1
51200,110,97,13,13
51201,72,60,12,12
51202,161,142,19,19
51203,89,72,17,17
51204,78,71,7,7
51205,77,76,1,1
51206,80,72,8,8
51207,78,71,7,7
51208,135,107,28,28
51209,88,73,15,15
51210,102,80,22,22
51211,73,68,5,5
51212,101,92,9,9
51213,84,76,8,8
51214,87,75,12,12
51215,79,78,1,1
51216,84,80,4,4
51217,140,130,10,10
51218,106,103,3,3
51219,75,60,15,15
51220,94,85,9,9
51221,79,77,2,2
51222,93,83,10,10
51223,155,144,11,11
51224,97,94,3,3
51225,109,114,-5,5
51226,115,98,17,17
51227,126,111,15,15
51228,90,84,6,6
51229,72,65,7,7
51230,63,55,8,8
51231,105,94,11,11
51232,68,65,3,3
51233,143,127,16,16
51234,116,107,9,9
51235,121,117,4,4
51236,130,102,28,28
51237,75,65,10,10
51238,70,71,-1,1
51239,109,90,19,19
51240,98,87,11,11
51241,106,86,20,20
51242,76,71,5,5
51243,60,49,11,11
51244,68,67,1,1
51245,165,136,29,29
51246,90,96,-6,6
51247,178,151,27,27
51248,79,76,3,3
51249,72,60,12,12
51250,87,77,10,10
51251,82,72,10,10
51252,57,53,4,4
51253,110,104,6,6
51254,111,100,11,11
51255,70,71,-1,1
51256,112,106,6,6
51257,52,47,5,5
51258,94,80,14,14
51259,97,89,8,8
51260,66,62,4,4
51261,67,66,1,1
51262,66,65,1,1
51263,107,97,10,10
51264,156,180,-24,24
51265,40,83,-43,43
51266,60,58,2,2
51267,109,121,-12,12
51268,62,57,5,5
51269,126,106,20,20
51270,96,92,4,4
51271,106,89,17,17
51272,109,88,21,21
51273,77,70,7,7
51274,70,62,8,8
51275,75,87,-12,12
51276,194,171,23,23
51277,24,28,-4,4
51278,94,88,6,6
51279,102,85,17,17
51280,126,113,13,13
51281,150,121,29,29
51282,126,118,8,8
51283,82,82,0,0
51284,92,96,-4,4
51285,87,76,11,11
51286,122,119,3,3
51287,129,120,9,9
51288,93,83,10,10
51289,62,62,0,0
51290,148,137,11,11
51291,73,69,4,4
51292,114,93,21,21
51293,82,74,8,8
51294,99,96,3,3
51295,181,154,27,27
51296,158,135,23,23
51297,100,92,8,8
51298,143,129,14,14
51299,118,110,8,8
51300,85,75,10,10
51301,127,122,5,5
51302,83,86,-3,3
51303,95,84,11,11
51304,63,51,12,12
51305,76,64,12,12
51306,111,109,2,2
51307,69,69,0,0
51308,100,83,17,17
51309,47,44,3,3
51310,83,83,0,0
51311,85,80,5,5
51312,74,67,7,7
51313,53,62,-9,9
51314,75,72,3,3
51315,71,77,-6,6
51316,108,94,14,14
51317,71,67,4,4
51318,121,109,12,12
51319,100,100,0,0
51320,113,106,7,7
51321,86,71,15,15
51322,86,69,17,17
51323,115,102,13,13
51324,38,32,6,6
51325,140,123,17,17
51326,119,117,2,2
51327,104,95,9,9
51328,135,113,22,22
51329,147,123,24,24
51330,116,102,14,14
51331,137,126,11,11
51332,86,79,7,7
51333,96,87,9,9
51334,76,68,8,8
51335,64,56,8,8
51336,57,50,7,7
51337,90,95,-5,5
51338,56,67,-11,11
51339,84,84,0,0
51340,109,91,18,18
51341,124,113,11,11
51342,138,115,23,23
51343,73,65,8,8
51344,98,87,11,11
51345,93,75,18,18
51346,51,41,10,10
51347,54,48,6,6
51348,62,57,5,5
51349,126,116,10,10
51350,85,75,10,10
51351,86,71,15,15
51352,67,55,12,12
51353,80,78,2,2
51354,55,53,2,2
51355,115,100,15,15
51356,71,64,7,7
51357,86,77,9,9
51358,120,108,12,12
51359,94,81,13,13
51360,71,65,6,6
51361,106,108,-2,2
51362,101,89,12,12
51363,41,42,-1,1
51364,77,62,15,15
51365,130,110,20,20
51366,154,137,17,17
51367,102,83,19,19
51368,56,51,5,5
51369,108,98,10,10
51370,74,71,3,3
51371,33,96,-63,63
51372,109,100,9,9
51373,113,102,11,11
51374,115,102,13,13
51375,73,70,3,3
51376,60,62,-2,2
51377,115,99,16,16
51378,85,82,3,3
51379,121,101,20,20
51380,128,113,15,15
51381,76,81,-5,5
51382,158,141,17,17
51383,109,100,9,9
51384,47,47,0,0
51385,76,60,16,16
51386,75,59,16,16
51387,92,77,15,15
51388,92,87,5,5
51389,110,88,22,22
51390,101,90,11,11
51391,95,81,14,14
51392,107,98,9,9
51393,96,88,8,8
51394,127,115,12,12
51395,104,95,9,9
51396,84,71,13,13
51397,44,39,5,5
51398,112,110,2,2
51399,94,98,-4,4
51400,65,59,6,6
51401,67,67,0,0
51402,106,95,11,11
51403,85,71,14,14
51404,75,80,-5,5
51405,72,64,8,8
51406,99,69,30,30
51407,63,60,3,3
51408,157,144,13,13
51409,70,62,8,8
51410,79,70,9,9
51411,99,85,14,14
51412,100,94,6,6
51413,152,132,20,20
51414,111,112,-1,1
51415,73,71,2,2
51416,117,103,14,14
51417,74,66,8,8
51418,84,84,0,0
51419,117,103,14,14
51420,70,67,3,3
51421,72,73,-1,1
51422,62,58,4,4
51423,90,88,2,2
51424,123,103,20,20
51425,81,75,6,6
51426,62,58,4,4
51427,74,65,9,9
51428,189,159,30,30
51429,97,92,5,5
51430,131,118,13,13
51431,66,66,0,0
51432,131,115,16,16
51433,101,83,18,18
51434,205,180,25,25
51435,92,90,2,2
51436,74,77,-3,3
51437,108,92,16,16
51438,78,66,12,12
51439,69,68,1,1
51440,92,74,18,18
51441,76,70,6,6
51442,83,73,10,10
51443,104,91,13,13
51444,85,73,12,12
51445,74,63,11,11
51446,134,129,5,5
51447,119,104,15,15
51448,92,80,12,12
51449,88,78,10,10
51450,126,121,5,5
51451,100,91,9,9
51452,45,47,-2,2
51453,131,108,23,23
51454,55,50,5,5
51455,180,159,21,21
51456,133,102,31,31
51457,94,58,36,36
51458,62,72,-10,10
51459,119,105,14,14
51460,183,160,23,23
51461,88,75,13,13
51462,115,84,31,31
51463,100,81,19,19
51464,64,66,-2,2
51465,83,96,-13,13
51466,138,128,10,10
51467,62,63,-1,1
51468,193,158,35,35
51469,90,76,14,14
51470,77,77,0,0
51471,111,99,12,12
51472,99,78,21,21
51473,118,113,5,5
51474,131,114,17,17
51475,71,57,14,14
51476,78,72,6,6
51477,94,77,17,17
51478,92,87,5,5
51479,97,90,7,7
51480,89,76,13,13
51481,131,109,22,22
51482,119,91,28,28
51483,59,58,1,1
51484,80,74,6,6
51485,116,96,20,20
51486,93,82,11,11
51487,72,72,0,0
51488,185,152,33,33
51489,85,81,4,4
51490,108,106,2,2
51491,84,78,6,6
51492,100,94,6,6
51493,109,79,30,30
51494,43,41,2,2
51495,77,72,5,5
51496,87,73,14,14
51497,121,106,15,15
51498,109,103,6,6
51499,83,81,2,2
51500,108,87,21,21
51501,166,133,33,33
51502,68,59,9,9
51503,112,122,-10,10
51504,103,96,7,7
51505,106,102,4,4
51506,33,33,0,0
51507,56,47,9,9
51508,72,66,6,6
51509,136,124,12,12
51510,79,72,7,7
51511,143,115,28,28
51512,103,91,12,12
51513,75,73,2,2
51514,73,66,7,7
51515,68,63,5,5
51516,68,75,-7,7
51517,102,80,22,22
51518,83,75,8,8
51519,70,71,-1,1
51520,88,80,8,8
51521,124,111,13,13
51522,111,104,7,7
51523,103,98,5,5
51524,104,90,14,14
51525,122,110,12,12
51526,119,107,12,12
51527,71,94,-23,23
51528,196,181,15,15
51529,70,61,9,9
51530,70,77,-7,7
51531,88,76,12,12
51532,122,108,14,14
51533,102,89,13,13
51534,119,101,18,18
51535,138,122,16,16
51536,165,140,25,25
51537,94,93,1,1
51538,52,49,3,3
51539,86,75,11,11
51540,63,64,-1,1
51541,92,77,15,15
51542,65,57,8,8
51543,47,43,4,4
51544,62,53,9,9
51545,79,83,-4,4
51546,166,126,40,40
51547,96,83,13,13
51548,120,123,-3,3
51549,117,107,10,10
51550,99,87,12,12
51551,124,120,4,4
51552,138,115,23,23
51553,60,59,1,1
51554,90,81,9,9
51555,76,72,4,4
51556,113,122,-9,9
51557,129,117,12,12
51558,80,73,7,7
51559,99,85,14,14
51560,87,79,8,8
51561,74,68,6,6
51562,70,64,6,6
51563,50,49,1,1
51564,83,77,6,6
51565,150,130,20,20
51566,104,90,14,14
51567,107,98,9,9
51568,101,88,13,13
51569,153,140,13,13
51570,81,74,7,7
51571,58,63,-5,5
51572,104,90,14,14
51573,64,59,5,5
51574,58,50,8,8
51575,137,129,8,8
51576,132,103,29,29
51577,110,100,10,10
51578,120,112,8,8
51579,92,86,6,6
51580,83,102,-19,19
51581,41,45,-4,4
51582,194,191,3,3
51583,79,67,12,12
51584,65,62,3,3
51585,126,125,1,1
51586,125,127,-2,2
51587,148,130,18,18
51588,63,56,7,7
51589,82,79,3,3
51590,127,113,14,14
51591,141,119,22,22
51592,98,95,3,3
51593,140,130,10,10
51594,92,78,14,14
51595,78,77,1,1
51596,72,65,7,7
51597,133,109,24,24
51598,82,80,2,2
51599,53,54,-1,1
51600,68,58,10,10
51601,135,126,9,9
51602,76,85,-9,9
51603,84,70,14,14
51604,109,96,13,13
51605,115,110,5,5
51606,32,25,7,7
51607,202,167,35,35
51608,64,56,8,8
51609,69,59,10,10
51610,61,56,5,5
51611,81,69,12,12
51612,81,79,2,2
51613,103,92,11,11
51614,73,64,9,9
51615,103,106,-3,3
51616,153,144,9,9
51617,78,73,5,5
51618,100,87,13,13
51619,136,135,1,1
51620,58,54,4,4
51621,75,77,-2,2
51622,130,107,23,23
51623,127,107,20,20
51624,51,51,0,0
51625,87,68,19,19
51626,99,92,7,7
51627,121,106,15,15
51628,83,79,4,4
51629,65,55,10,10
51630,86,80,6,6
51631,129,119,10,10
51632,77,79,-2,2
51633,63,62,1,1
51634,70,65,5,5
51635,75,70,5,5
51636,75,73,2,2
51637,132,121,11,11
51638,157,141,16,16
51639,130,124,6,6
51640,80,76,4,4
51641,97,93,4,4
51642,68,62,6,6
51643,98,92,6,6
51644,81,78,3,3
51645,51,48,3,3
51646,84,77,7,7
51647,79,70,9,9
51648,151,133,18,18
51649,82,73,9,9
51650,127,116,11,11
51651,63,65,-2,2
51652,97,89,8,8
51653,121,107,14,14
51654,157,137,20,20
51655,101,90,11,11
51656,160,150,10,10
51657,92,85,7,7
51658,107,103,4,4
51659,108,86,22,22
51660,119,93,26,26
51661,61,61,0,0
51662,112,97,15,15
51663,71,60,11,11
51664,99,94,5,5
51665,68,67,1,1
51666,116,112,4,4
51667,64,69,-5,5
51668,124,117,7,7
51669,139,124,15,15
51670,80,73,7,7
51671,157,135,22,22
51672,101,89,12,12
51673,114,99,15,15
51674,126,118,8,8
51675,148,130,18,18
51676,77,75,2,2
51677,187,166,21,21
51678,139,130,9,9
51679,164,143,21,21
51680,98,92,6,6
51681,86,84,2,2
51682,61,55,6,6
51683,143,140,3,3
51684,57,50,7,7
51685,52,45,7,7
51686,92,97,-5,5
51687,108,94,14,14
51688,156,124,32,32
51689,159,135,24,24
51690,157,133,24,24
51691,102,89,13,13
51692,138,119,19,19
51693,78,73,5,5
51694,83,68,15,15
51695,108,85,23,23
51696,60,50,10,10
51697,142,111,31,31
51698,55,52,3,3
51699,65,53,12,12
51700,125,112,13,13
51701,90,86,4,4
51702,74,67,7,7
51703,156,139,17,17
51704,76,71,5,5
51705,94,93,1,1
51706,84,76,8,8
51707,84,71,13,13
51708,68,71,-3,3
51709,144,130,14,14
51710,74,63,11,11
51711,104,97,7,7
51712,98,66,32,32
51713,92,83,9,9
51714,106,94,12,12
51715,94,88,6,6
51716,91,89,2,2
51717,61,41,20,20
51718,77,67,10,10
51719,71,68,3,3
51720,98,86,12,12
51721,73,72,1,1
51722,103,100,3,3
51723,124,106,18,18
51724,135,113,22,22
51725,118,115,3,3
51726,96,94,2,2
51727,54,54,0,0
51728,112,91,21,21
51729,72,69,3,3
51730,70,69,1,1
51731,85,73,12,12
51732,51,43,8,8
51733,106,107,-1,1
51734,113,96,17,17
51735,76,64,12,12
51736,63,62,1,1
51737,140,118,22,22
51738,103,88,15,15
51739,163,151,12,12
51740,126,114,12,12
51741,92,95,-3,3
51742,40,37,3,3
51743,33,36,-3,3
51744,99,91,8,8
51745,113,94,19,19
51746,59,52,7,7
51747,88,96,-8,8
51748,58,54,4,4
51749,98,89,9,9
51750,135,109,26,26
51751,92,84,8,8
51752,101,93,8,8
51753,116,102,14,14
51754,171,158,13,13
51755,98,79,19,19
51756,99,86,13,13
51757,77,66,11,11
51758,99,86,13,13
51759,61,53,8,8
51760,124,96,28,28
51761,36,31,5,5
51762,124,104,20,20
51763,89,81,8,8
51764,144,140,4,4
51765,113,99,14,14
51766,157,138,19,19
51767,95,86,9,9
51768,101,98,3,3
51769,76,74,2,2
51770,65,69,-4,4
51771,222,169,53,53
51772,123,106,17,17
51773,71,82,-11,11
51774,102,84,18,18
51775,96,88,8,8
51776,105,94,11,11
51777,81,77,4,4
51778,122,128,-6,6
51779,64,61,3,3
51780,43,39,4,4
51781,114,94,20,20
51782,62,58,4,4
51783,104,104,0,0
51784,175,171,4,4
51785,98,97,1,1
51786,87,77,10,10
51787,144,131,13,13
51788,76,79,-3,3
51789,125,114,11,11
51790,70,63,7,7
51791,86,88,-2,2
51792,140,106,34,34
51793,44,46,-2,2
51794,101,88,13,13
51795,68,63,5,5
51796,155,145,10,10
51797,125,114,11,11
51798,49,46,3,3
51799,140,131,9,9
51800,105,90,15,15
51801,192,185,7,7
51802,89,72,17,17
51803,140,123,17,17
51804,140,125,15,15
51805,112,108,4,4
51806,136,108,28,28
51807,76,77,-1,1
51808,64,67,-3,3
51809,64,69,-5,5
51810,83,79,4,4
51811,72,61,11,11
51812,145,129,16,16
51813,113,94,19,19
51814,114,94,20,20
51815,154,132,22,22
51816,67,59,8,8
51817,197,165,32,32
51818,61,55,6,6
51819,99,88,11,11
51820,91,84,7,7
51821,181,144,37,37
51822,45,38,7,7
51823,55,56,-1,1
51824,183,183,0,0
51825,106,99,7,7
51826,57,54,3,3
51827,133,115,18,18
51828,36,39,-3,3
51829,98,95,3,3
51830,54,47,7,7
51831,140,129,11,11
51832,114,105,9,9
51833,99,82,17,17
51834,69,62,7,7
51835,144,125,19,19
51836,112,111,1,1
51837,101,89,12,12
51838,88,71,17,17
51839,88,81,7,7
51840,94,76,18,18
51841,67,59,8,8
51842,46,44,2,2
51843,72,62,10,10
51844,80,69,11,11
51845,75,68,7,7
51846,94,78,16,16
51847,117,112,5,5
51848,67,61,6,6
51849,71,67,4,4
51850,67,73,-6,6
51851,68,59,9,9
51852,91,81,10,10
51853,71,68,3,3
51854,114,107,7,7
51855,93,88,5,5
51856,73,71,2,2
51857,164,140,24,24
51858,132,111,21,21
51859,66,53,13,13
51860,153,125,28,28
51861,108,106,2,2
51862,110,97,13,13
51863,156,128,28,28
51864,162,140,22,22
51865,150,137,13,13
51866,125,109,16,16
51867,61,55,6,6
51868,95,85,10,10
51869,152,122,30,30
51870,125,120,5,5
51871,119,97,22,22
51872,166,171,-5,5
51873,120,93,27,27
51874,58,53,5,5
51875,45,39,6,6
51876,117,115,2,2
51877,65,55,10,10
51878,105,104,1,1
51879,70,63,7,7
51880,78,67,11,11
51881,91,79,12,12
51882,78,67,11,11
51883,116,121,-5,5
51884,132,105,27,27
51885,143,122,21,21
51886,117,114,3,3
51887,147,144,3,3
51888,63,61,2,2
51889,80,82,-2,2
51890,98,91,7,7
51891,51,50,1,1
51892,51,46,5,5
51893,73,66,7,7
51894,95,80,15,15
51895,100,88,12,12
51896,74,76,-2,2
51897,110,90,20,20
51898,78,72,6,6
51899,54,56,-2,2
51900,115,102,13,13
51901,139,122,17,17
51902,73,72,1,1
51903,67,60,7,7
51904,76,70,6,6
51905,108,97,11,11
51906,104,94,10,10
51907,130,117,13,13
51908,116,108,8,8
51909,57,54,3,3
51910,102,98,4,4
51911,108,92,16,16
51912,95,82,13,13
51913,40,44,-4,4
51914,76,77,-1,1
51915,71,62,9,9
51916,137,126,11,11
51917,118,100,18,18
51918,129,111,18,18
51919,67,68,-1,1
51920,72,66,6,6
51921,111,109,2,2
51922,95,86,9,9
51923,130,130,0,0
51924,116,112,4,4
51925,68,62,6,6
51926,103,94,9,9
51927,95,89,6,6
51928,117,109,8,8
51929,62,50,12,12
51930,75,75,0,0
51931,56,60,-4,4
51932,120,99,21,21
51933,113,104,9,9
51934,85,74,11,11
51935,71,84,-13,13
51936,130,120,10,10
51937,87,85,2,2
51938,156,137,19,19
51939,89,82,7,7
51940,61,55,6,6
51941,115,102,13,13
51942,144,121,23,23
51943,73,72,1,1
51944,94,88,6,6
51945,102,93,9,9
51946,125,117,8,8
51947,71,60,11,11
51948,140,126,14,14
51949,143,125,18,18
51950,77,70,7,7
51951,86,71,15,15
51952,70,61,9,9
51953,101,83,18,18
51954,82,71,11,11
51955,93,79,14,14
51956,55,56,-1,1
51957,138,134,4,4
51958,88,81,7,7
51959,81,80,1,1
51960,176,147,29,29
51961,90,88,2,2
51962,52,51,1,1
51963,97,87,10,10
51964,45,48,-3,3
51965,114,109,5,5
51966,155,137,18,18
51967,151,161,-10,10
51968,60,58,2,2
51969,82,70,12,12
51970,96,86,10,10
51971,126,105,21,21
51972,90,82,8,8
51973,83,66,17,17
51974,72,70,2,2
51975,139,121,18,18
51976,137,116,21,21
51977,119,107,12,12
51978,115,87,28,28
51979,76,65,11,11
51980,80,87,-7,7
51981,101,89,12,12
51982,92,84,8,8
51983,65,60,5,5
51984,89,84,5,5
51985,72,64,8,8
51986,45,34,11,11
51987,69,61,8,8
51988,81,74,7,7
51989,95,86,9,9
51990,76,69,7,7
51991,49,41,8,8
51992,97,91,6,6
51993,90,73,17,17
51994,130,118,12,12
51995,74,70,4,4
51996,46,50,-4,4
51997,74,74,0,0
51998,108,94,14,14
51999,115,109,6,6
52000,37,37,0,0
52001,79,68,11,11
52002,75,71,4,4
52003,174,144,30,30
52004,107,95,12,12
52005,53,48,5,5
52006,83,80,3,3
52007,60,54,6,6
52008,98,95,3,3
52009,57,52,5,5
52010,54,48,6,6
52011,83,72,11,11
52012,182,183,-1,1
52013,107,105,2,2
52014,89,91,-2,2
52015,105,94,11,11
52016,109,103,6,6
52017,141,117,24,24
52018,121,112,9,9
52019,91,95,-4,4
52020,117,101,16,16
52021,58,49,9,9
52022,80,67,13,13
52023,88,78,10,10
52024,80,75,5,5
52025,146,136,10,10
52026,105,93,12,12
52027,128,130,-2,2
52028,79,71,8,8
52029,123,114,9,9
52030,85,75,10,10
52031,77,69,8,8
52032,70,60,10,10
52033,100,93,7,7
52034,71,63,8,8
52035,123,108,15,15
52036,85,82,3,3
52037,113,99,14,14
52038,98,86,12,12
52039,67,70,-3,3
52040,130,127,3,3
52041,176,150,26,26
52042,117,104,13,13
52043,130,112,18,18
52044,114,98,16,16
52045,108,102,6,6
52046,111,108,3,3
52047,91,81,10,10
52048,153,129,24,24
52049,83,79,4,4
52050,91,86,5,5
52051,103,95,8,8
52052,123,112,11,11
52053,57,58,-1,1
52054,115,104,11,11
52055,86,85,1,1
52056,147,127,20,20
52057,116,123,-7,7
52058,87,79,8,8
52059,81,72,9,9
52060,58,47,11,11
52061,97,79,18,18
52062,138,134,4,4
52063,74,67,7,7
52064,60,64,-4,4
52065,94,86,8,8
52066,150,135,15,15
52067,143,132,11,11
52068,72,67,5,5
52069,80,78,2,2
52070,94,88,6,6
52071,85,76,9,9
52072,108,96,12,12
52073,106,87,19,19
52074,86,77,9,9
52075,160,139,21,21
52076,84,75,9,9
52077,78,67,11,11
52078,89,88,1,1
52079,76,78,-2,2
52080,57,48,9,9
52081,93,86,7,7
52082,92,88,4,4
52083,79,88,-9,9
52084,105,95,10,10
52085,146,130,16,16
52086,79,78,1,1
52087,96,92,4,4
52088,97,89,8,8
52089,74,67,7,7
52090,79,80,-1,1
52091,90,79,11,11
52092,133,123,10,10
52093,81,76,5,5
52094,140,122,18,18
52095,20,16,4,4
52096,42,84,-42,42
52097,178,144,34,34
52098,57,60,-3,3
52099,91,88,3,3
52100,125,129,-4,4
52101,77,67,10,10
52102,73,70,3,3
52103,96,94,2,2
52104,63,54,9,9
52105,75,68,7,7
52106,117,106,11,11
52107,135,124,11,11
52108,105,103,2,2
52109,141,126,15,15
52110,123,101,22,22
52111,71,76,-5,5
52112,108,88,20,20
52113,104,98,6,6
52114,108,99,9,9
52115,93,85,8,8
52116,102,90,12,12
52117,99,81,18,18
52118,95,93,2,2
52119,53,49,4,4
52120,117,90,27,27
52121,79,79,0,0
52122,55,62,-7,7
52123,163,151,12,12
52124,53,48,5,5
52125,80,72,8,8
52126,124,109,15,15
52127,75,64,11,11
52128,133,120,13,13
52129,83,75,8,8
52130,54,56,-2,2
52131,52,49,3,3
52132,67,62,5,5
52133,75,65,10,10
52134,106,93,13,13
52135,140,124,16,16
52136,124,116,8,8
52137,65,63,2,2
52138,94,90,4,4
52139,108,100,8,8
52140,132,108,24,24
52141,123,110,13,13
52142,73,77,-4,4
52143,246,216,30,30
52144,91,76,15,15
52145,48,49,-1,1
52146,109,88,21,21
52147,120,98,22,22
52148,71,60,11,11
52149,44,50,-6,6
52150,83,74,9,9
52151,77,66,11,11
52152,108,93,15,15
52153,76,67,9,9
52154,116,96,20,20
52155,98,102,-4,4
52156,114,96,18,18
52157,142,118,24,24
52158,92,93,-1,1
52159,82,70,12,12
52160,86,78,8,8
52161,65,60,5,5
52162,91,81,10,10
52163,158,144,14,14
52164,79,71,8,8
52165,89,75,14,14
52166,54,44,10,10
52167,144,115,29,29
52168,167,160,7,7
52169,94,95,-1,1
52170,75,67,8,8
52171,110,110,0,0
52172,113,99,14,14
52173,63,59,4,4
52174,138,122,16,16
52175,101,83,18,18
52176,99,103,-4,4
52177,98,93,5,5
52178,138,144,-6,6
52179,116,110,6,6
52180,53,59,-6,6
52181,97,87,10,10
52182,79,61,18,18
52183,94,97,-3,3
52184,72,73,-1,1
52185,104,103,1,1
52186,113,93,20,20
52187,105,103,2,2
52188,84,76,8,8
52189,66,60,6,6
52190,75,69,6,6
52191,106,92,14,14
52192,100,87,13,13
52193,75,77,-2,2
52194,45,37,8,8
52195,126,121,5,5
52196,102,87,15,15
52197,108,99,9,9
52198,99,85,14,14
52199,146,129,17,17
52200,107,100,7,7
52201,105,103,2,2
52202,58,47,11,11
52203,114,109,5,5
52204,151,124,27,27
52205,72,67,5,5
52206,79,67,12,12
52207,131,110,21,21
52208,91,83,8,8
52209,52,51,1,1
52210,81,64,17,17
52211,85,68,17,17
52212,96,83,13,13
52213,42,43,-1,1
52214,73,60,13,13
52215,100,85,15,15
52216,104,88,16,16
52217,85,85,0,0
52218,67,67,0,0
52219,71,67,4,4
52220,100,85,15,15
52221,134,105,29,29
52222,104,101,3,3
52223,90,74,16,16
52224,96,115,-19,19
52225,61,79,-18,18
52226,65,65,0,0
52227,139,125,14,14
52228,46,39,7,7
52229,70,66,4,4
52230,142,122,20,20
52231,90,84,6,6
52232,112,94,18,18
52233,113,95,18,18
52234,59,60,-1,1
52235,111,98,13,13
52236,84,71,13,13
52237,74,62,12,12
52238,78,63,15,15
52239,145,138,7,7
52240,100,112,-12,12
52241,103,89,14,14
52242,55,50,5,5
52243,93,86,7,7
52244,78,69,9,9
52245,80,73,7,7
52246,104,87,17,17
52247,66,61,5,5
52248,68,57,11,11
52249,60,51,9,9
52250,103,107,-4,4
52251,69,63,6,6
52252,92,83,9,9
52253,48,51,-3,3
52254,54,56,-2,2
52255,54,48,6,6
52256,58,55,3,3
52257,160,135,25,25
52258,83,71,12,12
52259,90,75,15,15
52260,71,114,-43,43
52261,168,162,6,6
52262,137,129,8,8
52263,139,128,11,11
52264,74,64,10,10
52265,75,72,3,3
52266,65,57,8,8
52267,93,74,19,19
52268,94,85,9,9
52269,65,68,-3,3
52270,110,102,8,8
52271,29,37,-8,8
52272,91,80,11,11
52273,78,70,8,8
52274,77,70,7,7
52275,93,85,8,8
52276,158,138,20,20
52277,206,182,24,24
52278,98,92,6,6
52279,131,118,13,13
52280,115,101,14,14
52281,129,100,29,29
52282,97,81,16,16
52283,97,85,12,12
52284,78,82,-4,4
52285,81,74,7,7
52286,107,95,12,12
52287,80,69,11,11
52288,67,64,3,3
52289,66,68,-2,2
52290,56,51,5,5
52291,72,67,5,5
52292,50,51,-1,1
52293,70,92,-22,22
52294,128,112,16,16
52295,138,130,8,8
52296,38,39,-1,1
52297,113,100,13,13
52298,168,152,16,16
52299,115,97,18,18
52300,88,79,9,9
52301,80,72,8,8
52302,124,120,4,4
52303,190,169,21,21
52304,92,88,4,4
52305,83,77,6,6
52306,78,74,4,4
52307,64,53,11,11
52308,121,111,10,10
52309,74,69,5,5
52310,59,58,1,1
52311,200,149,51,51
52312,157,134,23,23
52313,86,80,6,6
52314,126,112,14,14
52315,75,70,5,5
52316,95,101,-6,6
52317,118,98,20,20
52318,174,152,22,22
52319,148,129,19,19
52320,70,68,2,2
52321,99,89,10,10
52322,73,66,7,7
52323,178,142,36,36
52324,127,115,12,12
52325,137,125,12,12
52326,35,40,-5,5
52327,58,54,4,4
52328,104,99,5,5
52329,85,76,9,9
52330,91,81,10,10
52331,40,34,6,6
52332,83,76,7,7
52333,100,97,3,3
52334,73,72,1,1
52335,51,53,-2,2
52336,263,194,69,69
52337,87,85,2,2
52338,85,75,10,10
52339,85,79,6,6
52340,89,78,11,11
52341,176,162,14,14
52342,103,94,9,9
52343,128,123,5,5
52344,166,156,10,10
52345,92,97,-5,5
52346,100,93,7,7
52347,98,81,17,17
52348,57,53,4,4
52349,127,108,19,19
52350,86,80,6,6
52351,144,133,11,11
52352,60,59,1,1
52353,113,100,13,13
52354,113,102,11,11
52355,103,92,11,11
52356,90,81,9,9
52357,56,46,10,10
52358,47,47,0,0
52359,105,100,5,5
52360,61,58,3,3
52361,128,121,7,7
52362,55,72,-17,17
52363,67,60,7,7
52364,65,61,4,4
52365,116,99,17,17
52366,76,73,3,3
52367,41,39,2,2
52368,83,69,14,14
52369,82,81,1,1
52370,50,50,0,0
52371,81,84,-3,3
52372,57,46,11,11
52373,83,73,10,10
52374,87,88,-1,1
52375,56,38,18,18
52376,68,61,7,7
52377,71,64,7,7
52378,77,70,7,7
52379,67,60,7,7
52380,120,100,20,20
52381,74,71,3,3
52382,121,115,6,6
52383,73,68,5,5
52384,53,50,3,3
52385,68,65,3,3
52386,95,84,11,11
52387,103,99,4,4
52388,46,47,-1,1
52389,73,61,12,12
52390,148,133,15,15
52391,145,118,27,27
52392,105,86,19,19
52393,71,66,5,5
52394,43,45,-2,2
52395,106,97,9,9
52396,114,106,8,8
52397,80,68,12,12
52398,64,65,-1,1
52399,125,105,20,20
52400,84,87,-3,3
52401,86,82,4,4
52402,101,92,9,9
52403,95,84,11,11
52404,90,85,5,5
52405,93,82,11,11
52406,62,56,6,6
52407,146,129,17,17
52408,87,79,8,8
52409,85,68,17,17
52410,134,113,21,21
52411,82,70,12,12
52412,46,42,4,4
52413,73,60,13,13
52414,23,25,-2,2
52415,167,144,23,23
52416,116,89,27,27
52417,112,104,8,8
52418,227,202,25,25
52419,108,102,6,6
52420,93,85,8,8
52421,76,72,4,4
52422,75,70,5,5
52423,74,74,0,0
52424,85,70,15,15
52425,68,61,7,7
52426,93,77,16,16
52427,143,128,15,15
52428,132,117,15,15
52429,68,62,6,6
52430,49,46,3,3
52431,116,96,20,20
52432,87,75,12,12
52433,114,95,19,19
52434,133,116,17,17
52435,81,71,10,10
52436,105,88,17,17
52437,88,81,7,7
52438,158,134,24,24
52439,82,66,16,16
52440,91,85,6,6
52441,158,145,13,13
52442,77,72,5,5
52443,61,74,-13,13
52444,57,57,0,0
52445,76,73,3,3
52446,80,76,4,4
52447,90,89,1,1
52448,75,59,16,16
52449,105,91,14,14
52450,99,90,9,9
52451,134,124,10,10
52452,70,69,1,1
52453,139,135,4,4
52454,67,63,4,4
52455,186,154,32,32
52456,101,90,11,11
52457,142,125,17,17
52458,66,59,7,7
52459,88,75,13,13
52460,79,78,1,1
52461,80,74,6,6
52462,103,100,3,3
52463,133,134,-1,1
52464,21,55,-34,34
52465,98,78,20,20
52466,67,58,9,9
52467,117,129,-12,12
52468,71,65,6,6
52469,45,46,-1,1
52470,90,74,16,16
52471,122,94,28,28
52472,133,118,15,15
52473,70,60,10,10
52474,99,95,4,4
52475,161,139,22,22
52476,123,108,15,15
52477,116,100,16,16
52478,148,118,30,30
52479,55,44,11,11
52480,107,100,7,7
52481,69,60,9,9
52482,103,108,-5,5
52483,50,48,2,2
52484,76,70,6,6
52485,98,92,6,6
52486,63,62,1,1
52487,69,61,8,8
52488,115,103,12,12
52489,64,58,6,6
52490,80,73,7,7
52491,93,79,14,14
52492,93,81,12,12
52493,107,92,15,15
52494,91,84,7,7
52495,73,77,-4,4
52496,163,138,25,25
52497,82,73,9,9
52498,133,101,32,32
52499,70,71,-1,1
52500,74,66,8,8
52501,72,64,8,8
52502,51,40,11,11
52503,192,157,35,35
52504,59,59,0,0
52505,69,62,7,7
52506,47,44,3,3
52507,146,149,-3,3
52508,149,125,24,24
52509,96,102,-6,6
52510,73,62,11,11
52511,143,124,19,19
52512,101,97,4,4
52513,96,90,6,6
52514,108,106,2,2
52515,77,70,7,7
52516,45,48,-3,3
52517,89,86,3,3
52518,160,138,22,22
52519,97,96,1,1
52520,82,77,5,5
52521,80,68,12,12
52522,70,62,8,8
52523,123,102,21,21
52524,109,94,15,15
52525,162,146,16,16
52526,129,115,14,14
52527,80,70,10,10
52528,49,49,0,0
52529,129,104,25,25
52530,79,67,12,12
52531,89,88,1,1
52532,92,89,3,3
52533,87,74,13,13
52534,104,85,19,19
52535,106,82,24,24
52536,169,154,15,15
52537,96,97,-1,1
52538,66,61,5,5
52539,140,127,13,13
52540,128,111,17,17
52541,82,71,11,11
52542,128,109,19,19
52543,109,100,9,9
52544,59,59,0,0
52545,61,58,3,3
52546,109,83,26,26
52547,72,72,0,0
52548,57,57,0,0
52549,94,91,3,3
52550,86,79,7,7
52551,57,53,4,4
52552,142,122,20,20
52553,79,78,1,1
52554,150,133,17,17
52555,122,123,-1,1
52556,106,103,3,3
52557,41,40,1,1
52558,218,185,33,33
52559,106,91,15,15
52560,80,67,13,13
52561,87,81,6,6
52562,121,119,2,2
52563,68,62,6,6
52564,79,77,2,2
52565,63,55,8,8
52566,57,63,-6,6
52567,132,128,4,4
52568,86,81,5,5
52569,92,82,10,10
52570,187,162,25,25
52571,97,86,11,11
52572,135,122,13,13
52573,126,104,22,22
52574,79,72,7,7
52575,69,71,-2,2
52576,142,129,13,13
52577,97,83,14,14
52578,104,101,3,3
52579,112,108,4,4
52580,168,158,10,10
52581,145,118,27,27
52582,137,123,14,14
52583,142,120,22,22
52584,81,69,12,12
52585,97,88,9,9
52586,90,72,18,18
52587,121,126,-5,5
52588,71,72,-1,1
52589,61,55,6,6
52590,95,102,-7,7
52591,95,107,-12,12
52592,53,55,-2,2
52593,126,118,8,8
52594,72,73,-1,1
52595,86,69,17,17
52596,141,132,9,9
52597,96,93,3,3
52598,98,96,2,2
52599,123,114,9,9
52600,46,43,3,3
52601,95,78,17,17
52602,127,111,16,16
52603,153,128,25,25
52604,115,99,16,16
52605,104,89,15,15
52606,53,52,1,1
52607,95,82,13,13
52608,88,80,8,8
52609,133,106,27,27
52610,88,81,7,7
52611,25,40,-15,15
52612,142,114,28,28
52613,98,92,6,6
52614,93,82,11,11
52615,99,83,16,16
52616,152,133,19,19
52617,124,114,10,10
52618,112,107,5,5
52619,134,112,22,22
52620,104,101,3,3
52621,86,74,12,12
52622,117,106,11,11
52623,77,72,5,5
52624,88,83,5,5
52625,72,64,8,8
52626,87,98,-11,11
52627,80,71,9,9
52628,103,95,8,8
52629,136,127,9,9
52630,105,105,0,0
52631,96,86,10,10
52632,90,77,13,13
52633,53,46,7,7
52634,77,73,4,4
52635,60,52,8,8
52636,115,112,3,3
52637,93,82,11,11
52638,91,73,18,18
52639,162,145,17,17
52640,115,91,24,24
52641,148,144,4,4
52642,68,62,6,6
52643,79,75,4,4
52644,53,52,1,1
52645,60,56,4,4
52646,63,65,-2,2
52647,102,92,10,10
52648,111,98,13,13
52649,116,107,9,9
52650,50,48,2,2
52651,113,94,19,19
52652,46,51,-5,5
52653,62,54,8,8
52654,112,100,12,12
52655,58,49,9,9
52656,85,84,1,1
52657,111,94,17,17
52658,105,97,8,8
52659,113,112,1,1
52660,174,152,22,22
52661,125,108,17,17
52662,109,97,12,12
52663,67,62,5,5
52664,76,64,12,12
52665,193,217,-24,24
52666,128,117,11,11
52667,88,76,12,12
52668,70,68,2,2
52669,63,59,4,4
52670,148,127,21,21
52671,89,88,1,1
52672,152,140,12,12
52673,62,60,2,2
52674,141,112,29,29
52675,48,45,3,3
52676,185,160,25,25
52677,89,78,11,11
52678,87,77,10,10
52679,50,51,-1,1
52680,79,67,12,12
52681,124,123,1,1
52682,109,98,11,11
52683,54,52,2,2
52684,90,79,11,11
52685,85,80,5,5
52686,35,89,-54,54
52687,86,77,9,9
52688,47,46,1,1
52689,103,87,16,16
52690,105,99,6,6
52691,47,52,-5,5
52692,44,41,3,3
52693,137,119,18,18
52694,69,70,-1,1
52695,47,42,5,5
52696,63,57,6,6
52697,118,107,11,11
52698,83,81,2,2
52699,80,83,-3,3
52700,119,87,32,32
52701,107,105,2,2
52702,100,103,-3,3
52703,96,91,5,5
52704,90,89,1,1
52705,136,122,14,14
52706,142,138,4,4
52707,82,76,6,6
52708,64,49,15,15
52709,89,81,8,8
52710,49,53,-4,4
52711,138,118,20,20
52712,74,58,16,16
52713,55,61,-6,6
52714,147,120,27,27
52715,87,84,3,3
52716,67,72,-5,5
52717,90,75,15,15
52718,72,81,-9,9
52719,110,98,12,12
52720,166,156,10,10
52721,128,98,30,30
52722,70,72,-2,2
52723,95,88,7,7
52724,58,46,12,12
52725,95,85,10,10
52726,78,75,3,3
52727,99,94,5,5
52728,79,70,9,9
52729,96,75,21,21
52730,87,78,9,9
52731,57,59,-2,2
52732,67,60,7,7
52733,84,83,1,1
52734,73,69,4,4
52735,77,70,7,7
52736,65,58,7,7
52737,34,42,-8,8
52738,103,91,12,12
52739,117,112,5,5
52740,73,63,10,10
52741,121,105,16,16
52742,67,64,3,3
52743,118,92,26,26
52744,145,132,13,13
52745,83,76,7,7
52746,105,92,13,13
52747,81,63,18,18
52748,92,85,7,7
52749,44,38,6,6
52750,104,96,8,8
52751,45,41,4,4
52752,96,85,11,11
52753,115,109,6,6
52754,91,90,1,1
52755,64,70,-6,6
52756,63,54,9,9
52757,83,78,5,5
52758,126,118,8,8
52759,57,59,-2,2
52760,209,177,32,32
52761,153,127,26,26
52762,57,54,3,3
52763,70,60,10,10
52764,118,115,3,3
52765,110,103,7,7
52766,63,52,11,11
52767,117,101,16,16
52768,151,120,31,31
52769,135,136,-1,1
52770,75,66,9,9
52771,121,103,18,18
52772,142,138,4,4
52773,107,94,13,13
52774,87,81,6,6
52775,83,78,5,5
52776,54,41,13,13
52777,120,107,13,13
52778,75,71,4,4
52779,116,109,7,7
52780,80,74,6,6
52781,132,130,2,2
52782,61,61,0,0
52783,70,69,1,1
52784,57,47,10,10
52785,137,122,15,15
52786,112,89,23,23
52787,77,70,7,7
52788,78,73,5,5
52789,94,89,5,5
52790,85,81,4,4
52791,61,55,6,6
52792,80,72,8,8
52793,116,97,19,19
52794,64,76,-12,12
52795,69,65,4,4
52796,124,99,25,25
52797,78,60,18,18
52798,109,105,4,4
52799,90,78,12,12
52800,148,131,17,17
52801,64,62,2,2
52802,59,55,4,4
52803,42,39,3,3
52804,132,118,14,14
52805,132,117,15,15
52806,68,55,13,13
52807,173,167,6,6
52808,73,64,9,9
52809,88,80,8,8
52810,95,82,13,13
52811,56,47,9,9
52812,83,67,16,16
52813,131,126,5,5
52814,65,65,0,0
52815,77,68,9,9
52816,110,108,2,2
52817,80,104,-24,24
52818,76,63,13,13
52819,73,67,6,6
52820,66,64,2,2
52821,149,126,23,23
52822,55,55,0,0
52823,60,51,9,9
52824,151,137,14,14
52825,112,111,1,1
52826,67,59,8,8
52827,67,76,-9,9
52828,77,73,4,4
52829,114,110,4,4
52830,123,123,0,0
52831,83,74,9,9
52832,42,49,-7,7
52833,104,103,1,1
52834,90,82,8,8
52835,107,107,0,0
52836,153,130,23,23
52837,68,61,7,7
52838,41,47,-6,6
52839,82,73,9,9
52840,55,53,2,2
52841,114,97,17,17
52842,92,82,10,10
52843,90,83,7,7
52844,70,65,5,5
52845,75,71,4,4
52846,112,86,26,26
52847,76,73,3,3
52848,107,73,34,34
52849,96,87,9,9
52850,107,94,13,13
52851,46,43,3,3
52852,103,104,-1,1
52853,122,108,14,14
52854,117,104,13,13
52855,69,74,-5,5
52856,100,93,7,7
52857,70,54,16,16
52858,96,96,0,0
52859,89,81,8,8
52860,112,106,6,6
52861,93,99,-6,6
52862,104,93,11,11
52863,79,70,9,9
52864,150,127,23,23
52865,145,132,13,13
52866,135,127,8,8
52867,61,53,8,8
52868,75,74,1,1
52869,63,55,8,8
52870,77,72,5,5
52871,115,110,5,5
52872,94,83,11,11
52873,60,53,7,7
52874,99,91,8,8
52875,162,154,8,8
52876,89,86,3,3
52877,84,81,3,3
52878,90,90,0,0
52879,132,115,17,17
52880,106,91,15,15
52881,50,38,12,12
52882,66,54,12,12
52883,153,132,21,21
52884,55,49,6,6
52885,92,82,10,10
52886,113,105,8,8
52887,54,51,3,3
52888,132,114,18,18
52889,116,95,21,21
52890,88,202,-114,114
52891,127,112,15,15
52892,80,77,3,3
52893,125,102,23,23
52894,108,90,18,18
52895,104,97,7,7
52896,62,61,1,1
52897,76,72,4,4
52898,77,75,2,2
52899,120,106,14,14
52900,71,68,3,3
52901,54,62,-8,8
52902,115,111,4,4
52903,138,132,6,6
52904,95,81,14,14
52905,31,34,-3,3
52906,46,38,8,8
52907,147,121,26,26
52908,129,126,3,3
52909,82,65,17,17
52910,81,76,5,5
52911,62,57,5,5
52912,140,124,16,16
52913,101,93,8,8
52914,120,98,22,22
52915,48,42,6,6
52916,132,117,15,15
52917,164,140,24,24
52918,48,53,-5,5
52919,81,85,-4,4
52920,74,69,5,5
52921,79,83,-4,4
52922,97,86,11,11
52923,81,82,-1,1
52924,47,44,3,3
52925,97,95,2,2
52926,59,60,-1,1
52927,68,57,11,11
52928,67,61,6,6
52929,66,60,6,6
52930,143,117,26,26
52931,88,79,9,9
52932,96,90,6,6
52933,169,130,39,39
52934,106,88,18,18
52935,106,99,7,7
52936,78,75,3,3
52937,107,102,5,5
52938,132,129,3,3
52939,88,71,17,17
52940,68,72,-4,4
52941,104,95,9,9
52942,79,68,11,11
52943,96,83,13,13
52944,159,143,16,16
52945,133,126,7,7
52946,81,77,4,4
52947,67,68,-1,1
52948,86,81,5,5
52949,75,67,8,8
52950,106,100,6,6
52951,55,56,-1,1
52952,167,139,28,28
52953,33,29,4,4
52954,114,115,-1,1
52955,153,121,32,32
52956,76,69,7,7
52957,74,72,2,2
52958,152,142,10,10
52959,176,136,40,40
52960,86,77,9,9
52961,191,163,28,28
52962,116,104,12,12
52963,87,77,10,10
52964,133,119,14,14
52965,131,124,7,7
52966,96,86,10,10
52967,113,110,3,3
52968,52,50,2,2
52969,68,70,-2,2
52970,110,99,11,11
52971,58,51,7,7
52972,104,114,-10,10
52973,93,84,9,9
52974,118,111,7,7
52975,92,85,7,7
52976,77,72,5,5
52977,43,39,4,4
52978,19,31,-12,12
52979,156,127,29,29
52980,145,131,14,14
52981,85,82,3,3
52982,85,70,15,15
52983,121,103,18,18
52984,76,67,9,9
52985,137,132,5,5
52986,76,71,5,5
52987,91,81,10,10
52988,93,82,11,11
52989,133,129,4,4
52990,128,108,20,20
52991,106,99,7,7
52992,77,73,4,4
52993,104,91,13,13
52994,82,70,12,12
52995,77,72,5,5
52996,91,94,-3,3
52997,73,88,-15,15
52998,144,123,21,21
52999,103,90,13,13
53000,97,101,-4,4
53001,238,201,37,37
53002,87,76,11,11
53003,135,116,19,19
53004,63,59,4,4
53005,95,84,11,11
53006,42,38,4,4
53007,69,67,2,2
53008,98,84,14,14
53009,147,136,11,11
53010,108,106,2,2
53011,52,48,4,4
53012,69,61,8,8
53013,92,66,26,26
53014,129,124,5,5
53015,83,74,9,9
53016,108,103,5,5
53017,126,123,3,3
53018,84,75,9,9
53019,86,66,20,20
53020,82,93,-11,11
53021,88,81,7,7
53022,101,81,20,20
53023,130,109,21,21
53024,83,76,7,7
53025,118,116,2,2
53026,106,96,10,10
53027,108,104,4,4
53028,85,64,21,21
53029,133,113,20,20
53030,77,67,10,10
53031,110,92,18,18
53032,71,72,-1,1
53033,72,71,1,1
53034,44,41,3,3
53035,69,59,10,10
53036,106,92,14,14
53037,103,92,11,11
53038,82,70,12,12
53039,119,117,2,2
53040,94,90,4,4
53041,67,61,6,6
53042,81,72,9,9
53043,102,91,11,11
53044,68,57,11,11
53045,154,130,24,24
53046,80,68,12,12
53047,120,105,15,15
53048,59,61,-2,2
53049,149,139,10,10
53050,66,65,1,1
53051,80,61,19,19
53052,61,58,3,3
53053,40,46,-6,6
53054,80,77,3,3
53055,54,50,4,4
53056,90,96,-6,6
53057,107,93,14,14
53058,62,58,4,4
53059,157,151,6,6
53060,113,99,14,14
53061,107,107,0,0
53062,87,69,18,18
53063,90,82,8,8
53064,155,137,18,18
53065,37,45,-8,8
53066,66,64,2,2
53067,92,91,1,1
53068,74,65,9,9
53069,38,32,6,6
53070,83,69,14,14
53071,90,92,-2,2
53072,262,284,-22,22
53073,83,74,9,9
53074,65,58,7,7
53075,84,72,12,12
53076,50,47,3,3
53077,95,95,0,0
53078,80,78,2,2
53079,135,116,19,19
53080,75,66,9,9
53081,79,78,1,1
53082,179,159,20,20
53083,119,108,11,11
53084,89,70,19,19
53085,58,57,1,1
53086,98,93,5,5
53087,58,55,3,3
53088,62,55,7,7
53089,65,58,7,7
53090,90,81,9,9
53091,134,114,20,20
53092,61,59,2,2
53093,142,128,14,14
53094,71,70,1,1
53095,147,113,34,34
53096,122,111,11,11
53097,151,129,22,22
53098,105,97,8,8
53099,56,52,4,4
53100,124,118,6,6
53101,140,136,4,4
53102,107,94,13,13
53103,103,100,3,3
53104,98,81,17,17
53105,63,51,12,12
53106,51,52,-1,1
53107,81,74,7,7
53108,65,65,0,0
53109,150,134,16,16
53110,134,119,15,15
53111,46,38,8,8
53112,120,98,22,22
53113,80,79,1,1
53114,93,85,8,8
53115,176,146,30,30
53116,115,113,2,2
53117,128,120,8,8
53118,143,120,23,23
53119,55,49,6,6
53120,85,69,16,16
53121,102,87,15,15
53122,54,51,3,3
53123,151,115,36,36
53124,83,68,15,15
53125,47,42,5,5
53126,80,69,11,11
53127,126,110,16,16
53128,105,101,4,4
53129,103,99,4,4
53130,70,70,0,0
53131,64,57,7,7
53132,116,107,9,9
53133,124,125,-1,1
53134,89,79,10,10
53135,73,67,6,6
53136,131,125,6,6
53137,120,103,17,17
53138,102,89,13,13
53139,88,76,12,12
53140,82,75,7,7
53141,88,79,9,9
53142,135,107,28,28
53143,119,104,15,15
53144,67,68,-1,1
53145,55,48,7,7
53146,170,153,17,17
53147,125,127,-2,2
53148,132,108,24,24
53149,146,133,13,13
53150,83,73,10,10
53151,85,70,15,15
53152,101,91,10,10
53153,84,81,3,3
53154,135,123,12,12
53155,54,47,7,7
53156,74,59,15,15
53157,72,67,5,5
53158,112,85,27,27
53159,137,128,9,9
53160,82,64,18,18
53161,121,99,22,22
53162,83,78,5,5
53163,112,110,2,2
53164,66,55,11,11
53165,90,78,12,12
53166,111,107,4,4
53167,70,71,-1,1
53168,98,95,3,3
53169,101,90,11,11
53170,108,92,16,16
53171,77,71,6,6
53172,94,91,3,3
53173,77,74,3,3
53174,52,56,-4,4
53175,114,106,8,8
53176,79,73,6,6
53177,43,49,-6,6
53178,110,91,19,19
53179,51,37,14,14
53180,81,71,10,10
53181,122,105,17,17
53182,128,121,7,7
53183,92,100,-8,8
53184,111,100,11,11
53185,106,88,18,18
53186,56,51,5,5
53187,137,114,23,23
53188,75,64,11,11
53189,71,64,7,7
53190,67,62,5,5
53191,89,79,10,10
53192,96,89,7,7
53193,106,99,7,7
53194,71,63,8,8
53195,128,109,19,19
53196,63,62,1,1
53197,82,69,13,13
53198,67,62,5,5
53199,80,73,7,7
53200,124,109,15,15
53201,117,101,16,16
53202,115,114,1,1
53203,107,99,8,8
53204,65,60,5,5
53205,119,111,8,8
53206,88,90,-2,2
53207,53,52,1,1
53208,156,134,22,22
53209,71,64,7,7
53210,89,81,8,8
53211,88,72,16,16
53212,113,101,12,12
53213,43,42,1,1
53214,106,97,9,9
53215,85,77,8,8
53216,108,118,-10,10
53217,70,56,14,14
53218,163,145,18,18
53219,102,94,8,8
53220,74,67,7,7
53221,60,57,3,3
53222,107,93,14,14
53223,59,66,-7,7
53224,90,65,25,25
53225,134,117,17,17
53226,159,140,19,19
53227,99,81,18,18
53228,75,71,4,4
53229,62,52,10,10
53230,93,84,9,9
53231,101,90,11,11
53232,61,58,3,3
53233,88,69,19,19
53234,99,97,2,2
53235,45,43,2,2
53236,65,63,2,2
53237,120,100,20,20
53238,85,78,7,7
53239,76,73,3,3
53240,111,96,15,15
53241,75,68,7,7
53242,96,92,4,4
53243,134,110,24,24
53244,62,47,15,15
53245,69,58,11,11
53246,95,86,9,9
53247,93,81,12,12
53248,73,65,8,8
53249,89,71,18,18
53250,59,48,11,11
53251,73,58,15,15
53252,115,105,10,10
53253,86,76,10,10
53254,141,146,-5,5
53255,109,120,-11,11
53256,112,93,19,19
53257,74,71,3,3
53258,57,54,3,3
53259,61,56,5,5
53260,104,96,8,8
53261,111,88,23,23
53262,80,73,7,7
53263,107,93,14,14
53264,43,39,4,4
53265,71,71,0,0
53266,54,50,4,4
53267,74,75,-1,1
53268,77,64,13,13
53269,86,91,-5,5
53270,65,60,5,5
53271,103,84,19,19
53272,67,65,2,2
53273,77,61,16,16
53274,53,56,-3,3
53275,128,106,22,22
53276,75,72,3,3
53277,111,122,-11,11
53278,94,84,10,10
53279,93,83,10,10
53280,131,106,25,25
53281,61,84,-23,23
53282,69,57,12,12
53283,70,54,16,16
53284,50,49,1,1
53285,69,59,10,10
53286,101,88,13,13
53287,86,71,15,15
53288,98,85,13,13
53289,140,98,42,42
53290,88,79,9,9
53291,51,47,4,4
53292,72,68,4,4
53293,109,103,6,6
53294,67,72,-5,5
53295,114,100,14,14
53296,98,85,13,13
53297,98,99,-1,1
53298,107,105,2,2
53299,133,132,1,1
53300,161,150,11,11
53301,161,131,30,30
53302,125,114,11,11
53303,90,84,6,6
53304,112,105,7,7
53305,61,58,3,3
53306,186,169,17,17
53307,102,103,-1,1
53308,273,247,26,26
53309,125,117,8,8
53310,124,119,5,5
53311,115,101,14,14
53312,86,76,10,10
53313,67,60,7,7
53314,90,87,3,3
53315,146,127,19,19
53316,64,59,5,5
53317,78,67,11,11
53318,73,66,7,7
53319,132,114,18,18
53320,78,73,5,5
53321,108,107,1,1
53322,72,64,8,8
53323,112,113,-1,1
53324,110,99,11,11
53325,157,135,22,22
53326,87,75,12,12
53327,63,55,8,8
53328,47,43,4,4
53329,55,58,-3,3
53330,57,52,5,5
53331,77,74,3,3
53332,73,65,8,8
53333,52,49,3,3
53334,60,66,-6,6
53335,171,168,3,3
53336,153,134,19,19
53337,128,117,11,11
53338,101,91,10,10
53339,58,53,5,5
53340,67,58,9,9
53341,58,55,3,3
53342,69,61,8,8
53343,198,161,37,37
53344,85,72,13,13
53345,96,75,21,21
53346,68,85,-17,17
53347,80,69,11,11
53348,56,58,-2,2
53349,67,62,5,5
53350,57,53,4,4
53351,39,33,6,6
53352,81,77,4,4
53353,117,107,10,10
53354,104,98,6,6
53355,105,104,1,1
53356,83,74,9,9
53357,135,123,12,12
53358,76,63,13,13
53359,122,105,17,17
53360,78,73,5,5
53361,37,36,1,1
53362,134,112,22,22
53363,71,65,6,6
53364,119,106,13,13
53365,23,30,-7,7
53366,145,129,16,16
53367,99,91,8,8
53368,70,70,0,0
53369,41,54,-13,13
53370,82,81,1,1
53371,102,86,16,16
53372,64,57,7,7
53373,60,55,5,5
53374,157,137,20,20
53375,144,118,26,26
53376,107,99,8,8
53377,108,109,-1,1
53378,79,72,7,7
53379,77,78,-1,1
53380,102,90,12,12
53381,62,59,3,3
53382,87,84,3,3
53383,156,133,23,23
53384,59,52,7,7
53385,54,52,2,2
53386,114,107,7,7
53387,87,93,-6,6
53388,132,121,11,11
53389,135,123,12,12
53390,126,105,21,21
53391,105,99,6,6
53392,95,95,0,0
53393,101,91,10,10
53394,51,53,-2,2
53395,63,65,-2,2
53396,149,134,15,15
53397,72,58,14,14
53398,147,128,19,19
53399,67,59,8,8
53400,106,105,1,1
53401,98,95,3,3
53402,100,84,16,16
53403,93,98,-5,5
53404,69,65,4,4
53405,116,124,-8,8
53406,88,76,12,12
53407,114,126,-12,12
53408,53,51,2,2
53409,55,49,6,6
53410,86,86,0,0
53411,110,90,20,20
53412,82,74,8,8
53413,87,73,14,14
53414,60,51,9,9
53415,59,55,4,4
53416,72,59,13,13
53417,99,80,19,19
53418,111,88,23,23
53419,105,98,7,7
53420,110,95,15,15
53421,56,49,7,7
53422,126,124,2,2
53423,75,71,4,4
53424,56,52,4,4
53425,119,127,-8,8
53426,98,89,9,9
53427,171,158,13,13
53428,169,133,36,36
53429,126,118,8,8
53430,194,160,34,34
53431,112,97,15,15
53432,73,65,8,8
53433,106,98,8,8
53434,101,80,21,21
53435,119,105,14,14
53436,96,78,18,18
53437,58,50,8,8
53438,89,85,4,4
53439,78,69,9,9
53440,85,83,2,2
53441,87,82,5,5
53442,70,68,2,2
53443,50,51,-1,1
53444,51,48,3,3
53445,91,78,13,13
53446,79,76,3,3
53447,98,89,9,9
53448,117,121,-4,4
53449,94,94,0,0
53450,141,122,19,19
53451,133,125,8,8
53452,48,48,0,0
53453,121,112,9,9
53454,90,84,6,6
53455,50,56,-6,6
53456,69,69,0,0
53457,90,93,-3,3
53458,83,71,12,12
53459,89,95,-6,6
53460,84,77,7,7
53461,72,70,2,2
53462,65,62,3,3
53463,93,81,12,12
53464,70,63,7,7
53465,68,63,5,5
53466,128,131,-3,3
53467,102,81,21,21
53468,111,104,7,7
53469,54,48,6,6
53470,94,93,1,1
53471,102,90,12,12
53472,104,91,13,13
53473,90,82,8,8
53474,96,93,3,3
53475,119,129,-10,10
53476,80,78,2,2
53477,77,68,9,9
53478,228,218,10,10
53479,134,106,28,28
53480,140,142,-2,2
53481,47,43,4,4
53482,113,101,12,12
53483,58,53,5,5
53484,34,33,1,1
53485,46,40,6,6
53486,68,56,12,12
53487,68,62,6,6
53488,43,45,-2,2
53489,74,73,1,1
53490,88,86,2,2
53491,130,129,1,1
53492,112,86,26,26
53493,91,80,11,11
53494,70,65,5,5
53495,137,121,16,16
53496,67,52,15,15
53497,90,75,15,15
53498,137,114,23,23
53499,83,82,1,1
53500,105,107,-2,2
53501,78,75,3,3
53502,93,73,20,20
53503,88,75,13,13
53504,65,55,10,10
53505,105,90,15,15
53506,131,127,4,4
53507,52,46,6,6
53508,48,48,0,0
53509,127,121,6,6
53510,70,75,-5,5
53511,62,52,10,10
53512,119,111,8,8
53513,75,69,6,6
53514,90,75,15,15
53515,60,60,0,0
53516,133,116,17,17
53517,86,74,12,12
53518,77,77,0,0
53519,81,75,6,6
53520,98,91,7,7
53521,101,96,5,5
53522,70,65,5,5
53523,86,70,16,16
53524,111,106,5,5
53525,99,85,14,14
53526,62,57,5,5
53527,111,102,9,9
53528,57,52,5,5
53529,93,85,8,8
53530,77,74,3,3
53531,122,108,14,14
53532,96,92,4,4
53533,52,49,3,3
53534,66,53,13,13
53535,102,91,11,11
53536,79,83,-4,4
53537,83,83,0,0
53538,90,82,8,8
53539,117,98,19,19
53540,87,81,6,6
53541,127,107,20,20
53542,50,52,-2,2
53543,62,60,2,2
53544,63,68,-5,5
53545,80,64,16,16
53546,111,123,-12,12
53547,53,39,14,14
53548,105,94,11,11
53549,97,80,17,17
53550,48,44,4,4
53551,66,62,4,4
53552,113,106,7,7
53553,142,126,16,16
53554,42,37,5,5
53555,55,48,7,7
53556,111,93,18,18
53557,89,78,11,11
53558,76,79,-3,3
53559,126,109,17,17
53560,103,97,6,6
53561,53,51,2,2
53562,90,79,11,11
53563,66,55,11,11
53564,60,62,-2,2
53565,49,50,-1,1
53566,230,179,51,51
53567,64,53,11,11
53568,104,96,8,8
53569,82,77,5,5
53570,157,141,16,16
53571,53,50,3,3
53572,93,89,4,4
53573,76,64,12,12
53574,61,60,1,1
53575,100,85,15,15
53576,52,53,-1,1
53577,69,60,9,9
53578,117,106,11,11
53579,124,109,15,15
53580,100,96,4,4
53581,149,118,31,31
53582,99,92,7,7
53583,120,95,25,25
53584,79,75,4,4
53585,177,159,18,18
53586,62,57,5,5
53587,99,85,14,14
53588,157,135,22,22
53589,117,110,7,7
53590,98,86,12,12
53591,68,60,8,8
53592,85,74,11,11
53593,91,93,-2,2
53594,106,88,18,18
53595,129,115,14,14
53596,134,113,21,21
53597,85,76,9,9
53598,122,119,3,3
53599,89,80,9,9
53600,46,46,0,0
53601,91,86,5,5
53602,136,123,13,13
53603,52,45,7,7
53604,98,96,2,2
53605,98,82,16,16
53606,129,115,14,14
53607,49,44,5,5
53608,75,68,7,7
53609,70,69,1,1
53610,102,87,15,15
53611,114,101,13,13
53612,31,36,-5,5
53613,120,108,12,12
53614,108,99,9,9
53615,84,81,3,3
53616,61,58,3,3
53617,150,137,13,13
53618,52,72,-20,20
53619,44,44,0,0
53620,71,72,-1,1
53621,62,60,2,2
53622,74,72,2,2
53623,100,90,10,10
53624,83,81,2,2
53625,82,80,2,2
53626,149,121,28,28
53627,113,111,2,2
53628,99,83,16,16
53629,94,87,7,7
53630,77,75,2,2
53631,116,117,-1,1
53632,154,144,10,10
53633,84,76,8,8
53634,116,97,19,19
53635,169,153,16,16
53636,126,113,13,13
53637,31,31,0,0
53638,84,76,8,8
53639,81,70,11,11
53640,109,95,14,14
53641,96,89,7,7
53642,78,68,10,10
53643,100,92,8,8
53644,101,88,13,13
53645,63,64,-1,1
53646,118,108,10,10
53647,119,103,16,16
53648,70,59,11,11
53649,82,69,13,13
53650,57,47,10,10
53651,89,84,5,5
53652,124,106,18,18
53653,67,61,6,6
53654,87,74,13,13
53655,115,100,15,15
53656,76,64,12,12
53657,63,58,5,5
53658,105,91,14,14
53659,77,67,10,10
53660,124,116,8,8
53661,84,70,14,14
53662,52,42,10,10
53663,55,55,0,0
53664,120,103,17,17
53665,206,166,40,40
53666,67,68,-1,1
53667,93,87,6,6
53668,67,59,8,8
53669,71,59,12,12
53670,87,70,17,17
53671,72,61,11,11
53672,108,96,12,12
53673,116,104,12,12
53674,62,52,10,10
53675,61,62,-1,1
53676,57,54,3,3
53677,100,87,13,13
53678,78,60,18,18
53679,93,86,7,7
53680,102,95,7,7
53681,187,173,14,14
53682,88,73,15,15
53683,100,92,8,8
53684,169,154,15,15
53685,160,154,6,6
53686,142,125,17,17
53687,146,138,8,8
53688,81,77,4,4
53689,41,39,2,2
53690,111,87,24,24
53691,124,109,15,15
53692,114,110,4,4
53693,133,131,2,2
53694,88,73,15,15
53695,90,78,12,12
53696,76,69,7,7
53697,83,85,-2,2
53698,130,118,12,12
53699,48,54,-6,6
53700,85,91,-6,6
53701,77,70,7,7
53702,130,121,9,9
53703,118,97,21,21
53704,106,94,12,12
53705,67,64,3,3
53706,111,104,7,7
53707,94,78,16,16
53708,69,63,6,6
53709,76,81,-5,5
53710,96,81,15,15
53711,84,71,13,13
53712,144,111,33,33
53713,66,70,-4,4
53714,86,77,9,9
53715,56,61,-5,5
53716,103,102,1,1
53717,154,137,17,17
53718,80,71,9,9
53719,89,83,6,6
53720,63,62,1,1
53721,90,78,12,12
53722,102,83,19,19
53723,132,122,10,10
53724,103,96,7,7
53725,138,121,17,17
53726,107,94,13,13
53727,84,77,7,7
53728,158,136,22,22
53729,143,130,13,13
53730,83,78,5,5
53731,101,86,15,15
53732,42,46,-4,4
53733,156,137,19,19
53734,96,92,4,4
53735,124,122,2,2
53736,91,81,10,10
53737,139,121,18,18
53738,80,70,10,10
53739,95,86,9,9
53740,95,81,14,14
53741,83,80,3,3
53742,88,83,5,5
53743,120,112,8,8
53744,79,76,3,3
53745,114,99,15,15
53746,54,50,4,4
53747,72,72,0,0
53748,122,103,19,19
53749,125,118,7,7
53750,100,88,12,12
53751,90,91,-1,1
53752,92,84,8,8
53753,85,75,10,10
53754,115,103,12,12
53755,76,64,12,12
53756,94,97,-3,3
53757,128,111,17,17
53758,49,78,-29,29
53759,134,111,23,23
53760,114,105,9,9
53761,75,67,8,8
53762,71,60,11,11
53763,131,119,12,12
53764,110,98,12,12
53765,113,97,16,16
53766,79,80,-1,1
53767,90,70,20,20
53768,112,90,22,22
53769,92,84,8,8
53770,141,121,20,20
53771,46,47,-1,1
53772,103,93,10,10
53773,124,116,8,8
53774,98,84,14,14
53775,106,85,21,21
53776,95,77,18,18
53777,50,48,2,2
53778,98,84,14,14
53779,127,115,12,12
53780,147,133,14,14
53781,136,118,18,18
53782,68,60,8,8
53783,133,118,15,15
53784,112,105,7,7
53785,73,62,11,11
53786,104,96,8,8
53787,118,104,14,14
53788,84,85,-1,1
53789,66,60,6,6
53790,74,66,8,8
53791,71,57,14,14
53792,122,108,14,14
53793,88,79,9,9
53794,90,89,1,1
53795,44,44,0,0
53796,68,74,-6,6
53797,72,70,2,2
53798,141,123,18,18
53799,84,99,-15,15
53800,120,107,13,13
53801,46,35,11,11
53802,59,52,7,7
53803,136,119,17,17
53804,47,40,7,7
53805,57,56,1,1
53806,64,70,-6,6
53807,114,90,24,24
53808,75,61,14,14
53809,72,70,2,2
53810,58,49,9,9
53811,70,66,4,4
53812,146,127,19,19
53813,83,89,-6,6
53814,116,121,-5,5
53815,143,133,10,10
53816,118,99,19,19
53817,200,168,32,32
53818,116,95,21,21
53819,124,109,15,15
53820,142,134,8,8
53821,184,149,35,35
53822,137,124,13,13
53823,76,59,17,17
53824,96,86,10,10
53825,52,46,6,6
53826,91,74,17,17
53827,55,51,4,4
53828,95,79,16,16
53829,59,55,4,4
53830,145,138,7,7
53831,84,61,23,23
53832,112,105,7,7
53833,63,66,-3,3
53834,60,58,2,2
53835,134,123,11,11
53836,88,75,13,13
53837,72,67,5,5
53838,107,105,2,2
53839,74,63,11,11
53840,94,74,20,20
53841,84,72,12,12
53842,55,65,-10,10
53843,30,28,2,2
53844,31,39,-8,8
53845,77,75,2,2
53846,74,67,7,7
53847,99,79,20,20
53848,148,133,15,15
53849,70,71,-1,1
53850,86,72,14,14
53851,124,129,-5,5
53852,144,130,14,14
53853,77,66,11,11
53854,117,102,15,15
53855,78,67,11,11
53856,53,59,-6,6
53857,105,90,15,15
53858,79,59,20,20
53859,127,110,17,17
53860,94,79,15,15
53861,159,149,10,10
53862,90,81,9,9
53863,71,69,2,2
53864,156,134,22,22
53865,140,128,12,12
53866,57,43,14,14
53867,91,82,9,9
53868,61,56,5,5
53869,91,88,3,3
53870,54,51,3,3
53871,78,70,8,8
53872,133,106,27,27
53873,121,101,20,20
53874,151,136,15,15
53875,119,107,12,12
53876,76,98,-22,22
53877,98,82,16,16
53878,97,86,11,11
53879,41,37,4,4
53880,149,154,-5,5
53881,119,108,11,11
53882,80,74,6,6
53883,67,58,9,9
53884,70,65,5,5
53885,120,102,18,18
53886,125,114,11,11
53887,76,72,4,4
53888,77,75,2,2
53889,89,84,5,5
53890,63,53,10,10
53891,163,144,19,19
53892,51,43,8,8
53893,68,61,7,7
53894,131,123,8,8
53895,109,99,10,10
53896,61,51,10,10
53897,118,121,-3,3
53898,103,92,11,11
53899,137,108,29,29
53900,93,80,13,13
53901,116,90,26,26
53902,61,59,2,2
53903,80,76,4,4
53904,88,80,8,8
53905,121,118,3,3
53906,63,60,3,3
53907,150,135,15,15
53908,130,117,13,13
53909,112,98,14,14
53910,48,46,2,2
53911,159,145,14,14
53912,75,65,10,10
53913,66,65,1,1
53914,75,68,7,7
53915,70,62,8,8
53916,80,68,12,12
53917,95,87,8,8
53918,57,46,11,11
53919,79,66,13,13
53920,69,58,11,11
53921,60,48,12,12
53922,115,98,17,17
53923,121,89,32,32
53924,71,57,14,14
53925,88,74,14,14
53926,97,87,10,10
53927,56,55,1,1
53928,107,89,18,18
53929,35,37,-2,2
53930,112,102,10,10
53931,74,70,4,4
53932,80,73,7,7
53933,89,92,-3,3
53934,81,80,1,1
53935,142,131,11,11
53936,109,105,4,4
53937,118,97,21,21
53938,93,83,10,10
53939,127,117,10,10
53940,84,78,6,6
53941,135,125,10,10
53942,128,117,11,11
53943,88,72,16,16
53944,77,77,0,0
53945,73,71,2,2
53946,92,78,14,14
53947,163,153,10,10
53948,117,100,17,17
53949,186,166,20,20
53950,118,115,3,3
53951,79,60,19,19
53952,81,76,5,5
53953,114,122,-8,8
53954,83,75,8,8
53955,89,71,18,18
53956,139,130,9,9
53957,85,78,7,7
53958,52,53,-1,1
53959,112,95,17,17
53960,79,73,6,6
53961,90,81,9,9
53962,102,94,8,8
53963,86,78,8,8
53964,83,71,12,12
53965,149,128,21,21
53966,50,48,2,2
53967,73,65,8,8
53968,66,60,6,6
53969,106,99,7,7
53970,78,65,13,13
53971,85,78,7,7
53972,97,96,1,1
53973,50,40,10,10
53974,126,126,0,0
53975,83,82,1,1
53976,98,88,10,10
53977,75,67,8,8
53978,93,84,9,9
53979,143,120,23,23
53980,142,119,23,23
53981,55,54,1,1
53982,68,56,12,12
53983,61,54,7,7
53984,68,63,5,5
53985,119,92,27,27
53986,85,71,14,14
53987,56,47,9,9
53988,105,103,2,2
53989,74,66,8,8
53990,61,52,9,9
53991,125,118,7,7
53992,49,44,5,5
53993,117,117,0,0
53994,109,99,10,10
53995,108,113,-5,5
53996,153,146,7,7
53997,59,50,9,9
53998,173,150,23,23
53999,90,81,9,9
54000,102,91,11,11
54001,53,51,2,2
54002,91,89,2,2
54003,162,121,41,41
54004,129,116,13,13
54005,110,100,10,10
54006,80,65,15,15
54007,94,79,15,15
54008,107,97,10,10
54009,57,56,1,1
54010,109,101,8,8
54011,73,65,8,8
54012,229,179,50,50
54013,170,155,15,15
54014,70,58,12,12
54015,104,99,5,5
54016,83,72,11,11
54017,101,89,12,12
54018,86,83,3,3
54019,108,100,8,8
54020,96,88,8,8
54021,80,77,3,3
54022,68,63,5,5
54023,91,79,12,12
54024,112,107,5,5
54025,122,106,16,16
54026,132,114,18,18
54027,96,88,8,8
54028,81,79,2,2
54029,80,84,-4,4
54030,101,87,14,14
54031,117,104,13,13
54032,100,90,10,10
54033,83,90,-7,7
54034,93,83,10,10
54035,103,96,7,7
54036,48,48,0,0
54037,110,96,14,14
54038,128,109,19,19
54039,37,33,4,4
54040,110,112,-2,2
54041,94,84,10,10
54042,127,130,-3,3
54043,70,62,8,8
54044,112,99,13,13
54045,189,176,13,13
54046,95,95,0,0
54047,123,117,6,6
54048,152,137,15,15
54049,85,75,10,10
54050,60,60,0,0
54051,74,61,13,13
54052,89,85,4,4
54053,97,88,9,9
54054,159,136,23,23
54055,90,86,4,4
54056,76,71,5,5
54057,83,86,-3,3
54058,71,72,-1,1
54059,105,84,21,21
54060,102,94,8,8
54061,161,139,22,22
54062,123,102,21,21
54063,85,78,7,7
54064,41,37,4,4
54065,165,142,23,23
54066,60,82,-22,22
54067,123,115,8,8
54068,59,49,10,10
54069,51,42,9,9
54070,160,148,12,12
54071,134,138,-4,4
54072,87,83,4,4
54073,91,81,10,10
54074,52,50,2,2
54075,111,96,15,15
54076,139,133,6,6
54077,65,61,4,4
54078,96,85,11,11
54079,92,80,12,12
54080,77,79,-2,2
54081,106,103,3,3
54082,194,175,19,19
54083,127,113,14,14
54084,121,95,26,26
54085,140,139,1,1
54086,129,118,11,11
54087,59,57,2,2
54088,82,81,1,1
54089,59,57,2,2
54090,98,85,13,13
54091,214,173,41,41
54092,107,101,6,6
54093,122,116,6,6
54094,75,65,10,10
54095,52,45,7,7
54096,129,109,20,20
54097,59,53,6,6
54098,64,50,14,14
54099,144,126,18,18
54100,99,90,9,9
54101,156,136,20,20
54102,173,156,17,17
54103,82,74,8,8
54104,145,120,25,25
54105,105,89,16,16
54106,102,99,3,3
54107,69,62,7,7
54108,51,43,8,8
54109,44,43,1,1
54110,30,34,-4,4
54111,118,98,20,20
54112,85,71,14,14
54113,70,65,5,5
54114,61,65,-4,4
54115,69,58,11,11
54116,81,73,8,8
54117,68,56,12,12
54118,149,130,19,19
54119,47,59,-12,12
54120,53,53,0,0
54121,143,130,13,13
54122,91,90,1,1
54123,93,87,6,6
54124,45,45,0,0
54125,122,109,13,13
54126,112,99,13,13
54127,165,135,30,30
54128,57,57,0,0
54129,101,91,10,10
54130,54,51,3,3
54131,55,50,5,5
54132,74,63,11,11
54133,95,83,12,12
54134,58,83,-25,25
54135,114,116,-2,2
54136,73,80,-7,7
54137,81,70,11,11
54138,63,53,10,10
54139,139,139,0,0
54140,96,85,11,11
54141,111,102,9,9
54142,157,134,23,23
54143,167,155,12,12
54144,166,134,32,32
54145,115,110,5,5
54146,80,69,11,11
54147,166,135,31,31
54148,89,79,10,10
54149,69,59,10,10
54150,34,39,-5,5
54151,92,82,10,10
54152,81,83,-2,2
54153,131,124,7,7
54154,65,61,4,4
54155,107,99,8,8
54156,61,59,2,2
54157,77,78,-1,1
54158,92,89,3,3
54159,175,165,10,10
54160,154,144,10,10
54161,101,96,5,5
54162,96,83,13,13
54163,82,73,9,9
54164,72,62,10,10
54165,60,57,3,3
54166,137,117,20,20
54167,44,44,0,0
54168,77,64,13,13
54169,111,101,10,10
54170,41,47,-6,6
54171,119,98,21,21
54172,83,76,7,7
54173,108,91,17,17
54174,128,106,22,22
54175,76,81,-5,5
54176,41,40,1,1
54177,79,73,6,6
54178,175,155,20,20
54179,115,97,18,18
54180,87,85,2,2
54181,136,113,23,23
54182,76,65,11,11
54183,107,105,2,2
54184,86,85,1,1
54185,118,101,17,17
54186,98,85,13,13
54187,73,63,10,10
54188,176,152,24,24
54189,110,92,18,18
54190,73,64,9,9
54191,73,69,4,4
54192,109,109,0,0
54193,96,93,3,3
54194,128,109,19,19
54195,65,55,10,10
54196,81,79,2,2
54197,76,69,7,7
54198,81,83,-2,2
54199,55,43,12,12
54200,93,85,8,8
54201,138,132,6,6
54202,127,112,15,15
54203,110,83,27,27
54204,97,84,13,13
54205,106,105,1,1
54206,70,66,4,4
54207,84,93,-9,9
54208,103,91,12,12
54209,109,88,21,21
54210,82,70,12,12
54211,82,75,7,7
54212,75,67,8,8
54213,96,85,11,11
54214,74,69,5,5
54215,50,45,5,5
54216,80,68,12,12
54217,129,130,-1,1
54218,127,120,7,7
54219,101,104,-3,3
54220,94,86,8,8
54221,80,75,5,5
54222,51,46,5,5
54223,98,86,12,12
54224,93,87,6,6
54225,138,128,10,10
54226,127,108,19,19
54227,115,103,12,12
54228,57,53,4,4
54229,62,55,7,7
54230,125,118,7,7
54231,74,75,-1,1
54232,104,89,15,15
54233,112,107,5,5
54234,101,89,12,12
54235,81,66,15,15
54236,58,55,3,3
54237,98,79,19,19
54238,60,53,7,7
54239,60,58,2,2
54240,119,99,20,20
54241,92,82,10,10
54242,79,76,3,3
54243,72,64,8,8
54244,59,57,2,2
54245,53,50,3,3
54246,133,116,17,17
54247,81,85,-4,4
54248,167,142,25,25
54249,110,97,13,13
54250,62,58,4,4
54251,77,68,9,9
54252,81,81,0,0
54253,108,82,26,26
54254,107,91,16,16
54255,56,49,7,7
54256,74,63,11,11
54257,55,64,-9,9
54258,41,37,4,4
54259,95,83,12,12
54260,80,77,3,3
54261,107,98,9,9
54262,89,80,9,9
54263,69,61,8,8
54264,89,77,12,12
54265,125,104,21,21
54266,139,137,2,2
54267,63,59,4,4
54268,79,79,0,0
54269,111,107,4,4
54270,80,75,5,5
54271,89,88,1,1
54272,65,55,10,10
54273,139,125,14,14
54274,105,92,13,13
54275,59,49,10,10
54276,108,89,19,19
54277,71,66,5,5
54278,57,60,-3,3
54279,65,58,7,7
54280,66,57,9,9
54281,171,159,12,12
54282,69,82,-13,13
54283,137,113,24,24
54284,62,60,2,2
54285,92,82,10,10
54286,87,73,14,14
54287,131,117,14,14
54288,160,157,3,3
54289,78,75,3,3
54290,82,83,-1,1
54291,152,160,-8,8
54292,34,32,2,2
54293,80,83,-3,3
54294,201,182,19,19
54295,89,79,10,10
54296,88,85,3,3
54297,137,123,14,14
54298,58,54,4,4
54299,87,92,-5,5
54300,106,101,5,5
54301,67,61,6,6
54302,57,48,9,9
54303,83,71,12,12
54304,105,88,17,17
54305,187,152,35,35
54306,92,82,10,10
54307,43,41,2,2
54308,130,123,7,7
54309,103,87,16,16
54310,79,69,10,10
54311,176,159,17,17
54312,120,102,18,18
54313,75,66,9,9
54314,75,63,12,12
54315,77,64,13,13
54316,87,75,12,12
54317,49,49,0,0
54318,164,131,33,33
54319,142,121,21,21
54320,136,122,14,14
54321,51,49,2,2
54322,79,75,4,4
54323,173,156,17,17
54324,118,111,7,7
54325,75,67,8,8
54326,87,87,0,0
54327,66,60,6,6
54328,67,62,5,5
54329,124,108,16,16
54330,62,59,3,3
54331,88,84,4,4
54332,87,77,10,10
54333,125,118,7,7
54334,107,78,29,29
54335,65,54,11,11
54336,50,48,2,2
54337,80,66,14,14
54338,166,149,17,17
54339,142,123,19,19
54340,171,153,18,18
54341,57,49,8,8
54342,87,79,8,8
54343,106,85,21,21
54344,95,94,1,1
54345,108,88,20,20
54346,105,87,18,18
54347,112,99,13,13
54348,101,81,20,20
54349,89,81,8,8
54350,49,49,0,0
54351,84,74,10,10
54352,101,97,4,4
54353,66,58,8,8
54354,83,72,11,11
54355,58,51,7,7
54356,85,80,5,5
54357,91,104,-13,13
54358,53,60,-7,7
54359,94,87,7,7
54360,97,76,21,21
54361,76,65,11,11
54362,45,51,-6,6
54363,49,46,3,3
54364,150,137,13,13
54365,104,92,12,12
54366,111,106,5,5
54367,68,55,13,13
54368,93,87,6,6
54369,100,92,8,8
54370,107,99,8,8
54371,121,111,10,10
54372,60,60,0,0
54373,134,126,8,8
54374,127,113,14,14
54375,76,71,5,5
54376,122,101,21,21
54377,71,59,12,12
54378,73,73,0,0
54379,74,63,11,11
54380,133,120,13,13
54381,78,64,14,14
54382,60,66,-6,6
54383,112,119,-7,7
54384,87,84,3,3
54385,105,89,16,16
54386,62,59,3,3
54387,76,67,9,9
54388,124,107,17,17
54389,108,105,3,3
54390,63,56,7,7
54391,192,168,24,24
54392,63,69,-6,6
54393,94,88,6,6
54394,76,86,-10,10
54395,153,136,17,17
54396,145,127,18,18
54397,118,115,3,3
54398,144,135,9,9
54399,80,79,1,1
54400,81,71,10,10
54401,167,136,31,31
54402,112,81,31,31
54403,87,86,1,1
54404,114,82,32,32
54405,96,90,6,6
54406,72,63,9,9
54407,148,140,8,8
54408,105,99,6,6
54409,138,135,3,3
54410,80,73,7,7
54411,79,78,1,1
54412,92,79,13,13
54413,104,98,6,6
54414,60,66,-6,6
54415,179,152,27,27
54416,86,77,9,9
54417,32,46,-14,14
54418,134,99,35,35
54419,71,64,7,7
54420,93,84,9,9
54421,112,100,12,12
54422,117,107,10,10
54423,112,101,11,11
54424,83,77,6,6
54425,111,104,7,7
54426,143,129,14,14
54427,84,70,14,14
54428,58,58,0,0
54429,78,70,8,8
54430,116,96,20,20
54431,120,102,18,18
54432,102,86,16,16
54433,155,74,81,81
54434,106,97,9,9
54435,79,67,12,12
54436,111,106,5,5
54437,72,64,8,8
54438,59,54,5,5
54439,139,136,3,3
54440,119,101,18,18
54441,100,88,12,12
54442,59,61,-2,2
54443,67,69,-2,2
54444,149,142,7,7
54445,74,64,10,10
54446,96,88,8,8
54447,196,184,12,12
54448,144,132,12,12
54449,101,83,18,18
54450,80,85,-5,5
54451,76,77,-1,1
54452,96,90,6,6
54453,112,96,16,16
54454,73,85,-12,12
54455,126,114,12,12
54456,92,81,11,11
54457,125,123,2,2
54458,64,62,2,2
54459,146,131,15,15
54460,77,88,-11,11
54461,148,135,13,13
54462,126,114,12,12
54463,95,90,5,5
54464,58,49,9,9
54465,146,124,22,22
54466,148,122,26,26
54467,104,97,7,7
54468,129,110,19,19
54469,60,48,12,12
54470,83,76,7,7
54471,67,51,16,16
54472,132,112,20,20
54473,82,80,2,2
54474,34,46,-12,12
54475,76,74,2,2
54476,116,113,3,3
54477,119,115,4,4
54478,96,89,7,7
54479,138,119,19,19
54480,80,72,8,8
54481,109,101,8,8
54482,103,91,12,12
54483,57,58,-1,1
54484,41,37,4,4
54485,121,110,11,11
54486,87,73,14,14
54487,125,112,13,13
54488,82,84,-2,2
54489,36,35,1,1
54490,63,57,6,6
54491,112,101,11,11
54492,90,75,15,15
54493,110,109,1,1
54494,184,156,28,28
54495,97,92,5,5
54496,64,64,0,0
54497,115,94,21,21
54498,85,75,10,10
54499,60,57,3,3
54500,68,71,-3,3
54501,118,108,10,10
54502,56,62,-6,6
54503,49,55,-6,6
54504,92,87,5,5
54505,62,52,10,10
54506,131,118,13,13
54507,125,113,12,12
54508,146,136,10,10
54509,78,72,6,6
54510,69,63,6,6
54511,76,63,13,13
54512,66,61,5,5
54513,71,66,5,5
54514,97,91,6,6
54515,264,223,41,41
54516,38,40,-2,2
54517,134,131,3,3
54518,70,61,9,9
54519,67,61,6,6
54520,128,114,14,14
54521,138,99,39,39
54522,101,107,-6,6
54523,76,68,8,8
54524,42,44,-2,2
54525,138,114,24,24
54526,126,108,18,18
54527,80,70,10,10
54528,61,56,5,5
54529,105,85,20,20
54530,113,101,12,12
54531,96,91,5,5
54532,97,89,8,8
54533,74,77,-3,3
54534,129,123,6,6
54535,83,72,11,11
54536,87,74,13,13
54537,72,61,11,11
54538,120,103,17,17
54539,95,105,-10,10
54540,62,55,7,7
54541,54,51,3,3
54542,80,76,4,4
54543,109,89,20,20
54544,90,76,14,14
54545,30,24,6,6
54546,103,93,10,10
54547,91,94,-3,3
54548,92,74,18,18
54549,79,80,-1,1
54550,120,108,12,12
54551,131,112,19,19
54552,91,82,9,9
54553,64,56,8,8
54554,106,97,9,9
54555,81,75,6,6
54556,86,75,11,11
54557,190,181,9,9
54558,80,71,9,9
54559,108,105,3,3
54560,136,133,3,3
54561,84,75,9,9
54562,122,111,11,11
54563,80,67,13,13
54564,80,68,12,12
54565,143,127,16,16
54566,31,34,-3,3
54567,96,86,10,10
54568,74,60,14,14
54569,130,115,15,15
54570,99,90,9,9
54571,90,86,4,4
54572,89,74,15,15
54573,122,101,21,21
54574,116,106,10,10
54575,111,106,5,5
54576,129,109,20,20
54577,97,91,6,6
54578,122,95,27,27
54579,94,107,-13,13
54580,78,75,3,3
54581,101,90,11,11
54582,77,76,1,1
54583,99,101,-2,2
54584,91,96,-5,5
54585,74,66,8,8
54586,120,104,16,16
54587,109,87,22,22
54588,54,51,3,3
54589,105,87,18,18
54590,140,138,2,2
54591,175,153,22,22
54592,103,83,20,20
54593,80,77,3,3
54594,71,69,2,2
54595,101,87,14,14
54596,91,85,6,6
54597,75,78,-3,3
54598,51,49,2,2
54599,59,56,3,3
54600,108,94,14,14
54601,198,168,30,30
54602,48,41,7,7
54603,117,110,7,7
54604,44,38,6,6
54605,105,98,7,7
54606,78,74,4,4
54607,92,94,-2,2
54608,89,78,11,11
54609,68,60,8,8
54610,50,50,0,0
54611,83,69,14,14
54612,71,63,8,8
54613,96,105,-9,9
54614,146,129,17,17
54615,134,99,35,35
54616,73,83,-10,10
54617,84,100,-16,16
54618,86,83,3,3
54619,152,133,19,19
54620,59,55,4,4
54621,183,156,27,27
54622,50,50,0,0
54623,83,74,9,9
54624,103,88,15,15
54625,63,55,8,8
54626,58,55,3,3
54627,79,67,12,12
54628,65,77,-12,12
54629,50,51,-1,1
54630,89,74,15,15
54631,132,112,20,20
54632,91,91,0,0
54633,79,75,4,4
54634,89,74,15,15
54635,117,114,3,3
54636,89,74,15,15
54637,109,105,4,4
54638,124,110,14,14
54639,97,86,11,11
54640,131,121,10,10
54641,86,76,10,10
54642,77,70,7,7
54643,96,89,7,7
54644,94,85,9,9
54645,74,64,10,10
54646,129,114,15,15
54647,104,92,12,12
54648,113,111,2,2
54649,99,93,6,6
54650,63,46,17,17
54651,95,88,7,7
54652,68,70,-2,2
54653,194,154,40,40
54654,99,100,-1,1
54655,123,124,-1,1
54656,119,105,14,14
54657,108,88,20,20
54658,66,75,-9,9
54659,60,57,3,3
54660,58,58,0,0
54661,183,162,21,21
54662,190,178,12,12
54663,165,135,30,30
54664,80,79,1,1
54665,166,148,18,18
54666,123,118,5,5
54667,131,123,8,8
54668,62,62,0,0
54669,83,65,18,18
54670,125,104,21,21
54671,103,100,3,3
54672,101,99,2,2
54673,95,83,12,12
54674,59,58,1,1
54675,107,92,15,15
54676,79,62,17,17
54677,87,70,17,17
54678,84,78,6,6
54679,67,62,5,5
54680,75,63,12,12
54681,85,73,12,12
54682,89,75,14,14
54683,105,107,-2,2
54684,71,66,5,5
54685,150,125,25,25
54686,59,55,4,4
54687,86,76,10,10
54688,85,76,9,9
54689,110,105,5,5
54690,76,64,12,12
54691,100,93,7,7
54692,109,90,19,19
54693,110,100,10,10
54694,97,102,-5,5
54695,109,104,5,5
54696,188,165,23,23
54697,52,49,3,3
54698,56,55,1,1
54699,87,80,7,7
54700,72,66,6,6
54701,171,151,20,20
54702,109,98,11,11
54703,86,82,4,4
54704,140,127,13,13
54705,113,101,12,12
54706,89,82,7,7
54707,102,91,11,11
54708,82,72,10,10
54709,87,75,12,12
54710,85,77,8,8
54711,150,132,18,18
54712,151,118,33,33
54713,65,67,-2,2
54714,150,135,15,15
54715,102,94,8,8
54716,88,78,10,10
54717,108,98,10,10
54718,38,44,-6,6
54719,123,113,10,10
54720,92,72,20,20
54721,120,102,18,18
54722,108,92,16,16
54723,72,58,14,14
54724,62,54,8,8
54725,105,97,8,8
54726,71,76,-5,5
54727,99,78,21,21
54728,88,79,9,9
54729,79,81,-2,2
54730,86,78,8,8
54731,116,94,22,22
54732,74,72,2,2
54733,93,86,7,7
54734,198,171,27,27
54735,96,84,12,12
54736,78,69,9,9
54737,57,50,7,7
54738,45,46,-1,1
54739,140,126,14,14
54740,76,67,9,9
54741,88,82,6,6
54742,127,119,8,8
54743,50,50,0,0
54744,101,97,4,4
54745,71,72,-1,1
54746,141,121,20,20
54747,110,111,-1,1
54748,144,120,24,24
54749,114,114,0,0
54750,66,57,9,9
54751,90,88,2,2
54752,83,73,10,10
54753,143,117,26,26
54754,81,69,12,12
54755,41,35,6,6
54756,165,152,13,13
54757,92,89,3,3
54758,43,62,-19,19
54759,84,66,18,18
54760,58,64,-6,6
54761,74,63,11,11
54762,102,74,28,28
54763,62,66,-4,4
54764,115,97,18,18
54765,93,92,1,1
54766,155,132,23,23
54767,173,163,10,10
54768,145,127,18,18
54769,75,68,7,7
54770,116,97,19,19
54771,114,108,6,6
54772,115,110,5,5
54773,123,108,15,15
54774,86,90,-4,4
54775,95,84,11,11
54776,59,55,4,4
54777,123,113,10,10
54778,111,107,4,4
54779,109,116,-7,7
54780,92,81,11,11
54781,118,124,-6,6
54782,42,41,1,1
54783,65,64,1,1
54784,74,67,7,7
54785,144,137,7,7
54786,139,122,17,17
54787,71,68,3,3
54788,66,60,6,6
54789,81,76,5,5
54790,103,98,5,5
54791,65,57,8,8
54792,137,140,-3,3
54793,86,81,5,5
54794,64,45,19,19
54795,96,88,8,8
54796,76,77,-1,1
54797,56,51,5,5
54798,59,56,3,3
54799,70,66,4,4
54800,79,70,9,9
54801,92,79,13,13
54802,64,62,2,2
54803,141,133,8,8
54804,111,101,10,10
54805,123,101,22,22
54806,55,55,0,0
54807,58,53,5,5
54808,105,82,23,23
54809,124,101,23,23
54810,76,66,10,10
54811,72,78,-6,6
54812,68,67,1,1
54813,39,39,0,0
54814,83,68,15,15
54815,90,78,12,12
54816,84,64,20,20
54817,131,109,22,22
54818,100,84,16,16
54819,68,61,7,7
54820,199,167,32,32
54821,111,100,11,11
54822,63,55,8,8
54823,112,101,11,11
54824,58,58,0,0
54825,167,154,13,13
54826,167,145,22,22
54827,204,172,32,32
54828,88,80,8,8
54829,112,109,3,3
54830,109,101,8,8
54831,74,53,21,21
54832,118,110,8,8
54833,114,105,9,9
54834,52,49,3,3
54835,79,68,11,11
54836,63,57,6,6
54837,34,34,0,0
54838,75,68,7,7
54839,66,59,7,7
54840,165,159,6,6
54841,140,99,41,41
54842,68,64,4,4
54843,119,102,17,17
54844,109,101,8,8
54845,79,71,8,8
54846,96,77,19,19
54847,96,85,11,11
54848,58,52,6,6
54849,99,90,9,9
54850,68,67,1,1
54851,61,52,9,9
54852,89,87,2,2
54853,135,116,19,19
54854,60,58,2,2
54855,92,85,7,7
54856,84,71,13,13
54857,84,82,2,2
54858,94,83,11,11
54859,101,103,-2,2
54860,119,105,14,14
54861,139,137,2,2
54862,84,76,8,8
54863,204,154,50,50
54864,97,86,11,11
54865,79,80,-1,1
54866,101,96,5,5
54867,86,77,9,9
54868,84,70,14,14
54869,67,63,4,4
54870,98,88,10,10
54871,79,72,7,7
54872,90,73,17,17
54873,62,55,7,7
54874,65,61,4,4
54875,62,64,-2,2
54876,41,38,3,3
54877,140,117,23,23
54878,167,147,20,20
54879,129,118,11,11
54880,170,176,-6,6
54881,76,68,8,8
54882,88,80,8,8
54883,57,50,7,7
54884,55,51,4,4
54885,81,70,11,11
54886,142,124,18,18
54887,118,98,20,20
54888,66,57,9,9
54889,61,62,-1,1
54890,97,91,6,6
54891,88,79,9,9
54892,101,93,8,8
54893,64,62,2,2
54894,116,107,9,9
54895,90,76,14,14
54896,87,86,1,1
54897,98,80,18,18
54898,111,100,11,11
54899,67,57,10,10
54900,51,48,3,3
54901,123,118,5,5
54902,59,58,1,1
54903,67,59,8,8
54904,48,45,3,3
54905,52,56,-4,4
54906,180,172,8,8
54907,61,58,3,3
54908,162,140,22,22
54909,76,73,3,3
54910,57,51,6,6
54911,90,82,8,8
54912,55,56,-1,1
54913,103,103,0,0
54914,72,72,0,0
54915,70,57,13,13
54916,154,130,24,24
54917,113,106,7,7
54918,108,90,18,18
54919,50,60,-10,10
54920,45,55,-10,10
54921,71,57,14,14
54922,132,118,14,14
54923,164,145,19,19
54924,100,94,6,6
54925,46,39,7,7
54926,85,73,12,12
54927,88,75,13,13
54928,107,100,7,7
54929,84,72,12,12
54930,48,44,4,4
54931,98,93,5,5
54932,154,139,15,15
54933,115,105,10,10
54934,69,64,5,5
54935,47,48,-1,1
54936,79,63,16,16
54937,74,63,11,11
54938,77,73,4,4
54939,52,49,3,3
54940,146,127,19,19
54941,74,75,-1,1
54942,122,110,12,12
54943,83,99,-16,16
54944,134,104,30,30
54945,113,114,-1,1
54946,113,98,15,15
54947,100,106,-6,6
54948,77,69,8,8
54949,91,78,13,13
54950,112,133,-21,21
54951,109,94,15,15
54952,97,84,13,13
54953,156,141,15,15
54954,128,110,18,18
54955,88,84,4,4
54956,68,60,8,8
54957,69,63,6,6
54958,137,126,11,11
54959,68,70,-2,2
54960,65,61,4,4
54961,93,81,12,12
54962,58,52,6,6
54963,55,56,-1,1
54964,121,112,9,9
54965,133,125,8,8
54966,50,47,3,3
54967,228,200,28,28
54968,101,85,16,16
54969,51,48,3,3
54970,89,78,11,11
54971,63,67,-4,4
54972,70,74,-4,4
54973,41,35,6,6
54974,114,100,14,14
54975,65,61,4,4
54976,83,77,6,6
54977,61,56,5,5
54978,68,67,1,1
54979,107,99,8,8
54980,70,136,-66,66
54981,122,98,24,24
54982,44,42,2,2
54983,138,129,9,9
54984,178,165,13,13
54985,94,79,15,15
54986,107,86,21,21
54987,63,56,7,7
54988,84,84,0,0
54989,124,105,19,19
54990,68,75,-7,7
54991,78,75,3,3
54992,177,156,21,21
54993,49,50,-1,1
54994,60,48,12,12
54995,63,66,-3,3
54996,39,56,-17,17
54997,88,83,5,5
54998,150,137,13,13
54999,105,95,10,10
55000,88,75,13,13
55001,58,38,20,20
55002,47,43,4,4
55003,135,112,23,23
55004,101,85,16,16
55005,61,53,8,8
55006,114,91,23,23
55007,75,68,7,7
55008,88,74,14,14
55009,69,60,9,9
55010,95,80,15,15
55011,120,123,-3,3
55012,148,150,-2,2
55013,80,73,7,7
55014,54,49,5,5
55015,85,78,7,7
55016,123,78,45,45
55017,101,95,6,6
55018,108,104,4,4
55019,62,58,4,4
55020,68,75,-7,7
55021,55,52,3,3
55022,103,95,8,8
55023,115,100,15,15
55024,94,82,12,12
55025,77,70,7,7
55026,146,123,23,23
55027,62,59,3,3
55028,57,54,3,3
55029,204,178,26,26
55030,52,58,-6,6
55031,111,118,-7,7
55032,67,59,8,8
55033,116,102,14,14
55034,168,158,10,10
55035,47,48,-1,1
55036,75,64,11,11
55037,92,80,12,12
55038,139,134,5,5
55039,130,124,6,6
55040,118,100,18,18
55041,72,67,5,5
55042,90,85,5,5
55043,104,73,31,31
55044,99,96,3,3
55045,98,91,7,7
55046,84,78,6,6
55047,106,83,23,23
55048,69,59,10,10
55049,72,70,2,2
55050,86,79,7,7
55051,122,101,21,21
55052,103,82,21,21
55053,113,107,6,6
55054,70,56,14,14
55055,73,82,-9,9
55056,79,69,10,10
55057,102,85,17,17
55058,79,70,9,9
55059,67,61,6,6
55060,61,55,6,6
55061,78,77,1,1
55062,83,71,12,12
55063,91,78,13,13
55064,49,52,-3,3
55065,64,59,5,5
55066,76,70,6,6
55067,155,139,16,16
55068,90,81,9,9
55069,78,106,-28,28
55070,67,67,0,0
55071,112,102,10,10
55072,90,82,8,8
55073,98,90,8,8
55074,93,85,8,8
55075,103,97,6,6
55076,64,60,4,4
55077,94,89,5,5
55078,58,57,1,1
55079,76,76,0,0
55080,153,136,17,17
55081,96,76,20,20
55082,151,137,14,14
55083,60,62,-2,2
55084,87,74,13,13
55085,30,38,-8,8
55086,83,70,13,13
55087,107,102,5,5
55088,114,97,17,17
55089,74,65,9,9
55090,99,107,-8,8
55091,120,108,12,12
55092,89,80,9,9
55093,215,189,26,26
55094,53,46,7,7
55095,74,69,5,5
55096,112,96,16,16
55097,76,71,5,5
55098,69,61,8,8
55099,146,126,20,20
55100,92,79,13,13
55101,72,66,6,6
55102,184,153,31,31
55103,50,44,6,6
55104,82,70,12,12
55105,90,78,12,12
55106,152,128,24,24
55107,41,41,0,0
55108,149,131,18,18
55109,83,75,8,8
55110,45,53,-8,8
55111,225,188,37,37
55112,169,149,20,20
55113,44,45,-1,1
55114,118,114,4,4
55115,108,93,15,15
55116,125,112,13,13
55117,124,111,13,13
55118,65,76,-11,11
55119,164,139,25,25
55120,138,128,10,10
55121,87,82,5,5
55122,51,50,1,1
55123,98,95,3,3
55124,64,61,3,3
55125,63,62,1,1
55126,101,92,9,9
55127,90,77,13,13
55128,104,84,20,20
55129,140,124,16,16
55130,121,106,15,15
55131,107,99,8,8
55132,85,80,5,5
55133,116,106,10,10
55134,55,58,-3,3
55135,74,73,1,1
55136,178,139,39,39
55137,134,108,26,26
55138,62,59,3,3
55139,113,103,10,10
55140,75,64,11,11
55141,84,74,10,10
55142,88,72,16,16
55143,68,73,-5,5
55144,46,45,1,1
55145,150,151,-1,1
55146,99,78,21,21
55147,108,93,15,15
55148,118,73,45,45
55149,48,50,-2,2
55150,104,81,23,23
55151,73,57,16,16
55152,109,96,13,13
55153,62,58,4,4
55154,91,70,21,21
55155,119,112,7,7
55156,157,142,15,15
55157,117,103,14,14
55158,60,56,4,4
55159,90,81,9,9
55160,102,91,11,11
55161,100,86,14,14
55162,99,88,11,11
55163,108,87,21,21
55164,90,78,12,12
55165,120,106,14,14
55166,97,88,9,9
55167,78,73,5,5
55168,105,95,10,10
55169,160,140,20,20
55170,143,126,17,17
55171,112,108,4,4
55172,152,142,10,10
55173,153,129,24,24
55174,65,54,11,11
55175,66,62,4,4
55176,63,58,5,5
55177,55,76,-21,21
55178,75,68,7,7
55179,91,77,14,14
55180,81,72,9,9
55181,138,117,21,21
55182,120,103,17,17
55183,86,77,9,9
55184,75,67,8,8
55185,15,18,-3,3
55186,71,69,2,2
55187,158,137,21,21
55188,102,79,23,23
55189,58,54,4,4
55190,54,45,9,9
55191,77,65,12,12
55192,82,68,14,14
55193,69,61,8,8
55194,92,93,-1,1
55195,132,123,9,9
55196,109,100,9,9
55197,192,168,24,24
55198,62,55,7,7
55199,41,40,1,1
55200,120,109,11,11
55201,82,75,7,7
55202,116,102,14,14
55203,44,49,-5,5
55204,87,77,10,10
55205,63,65,-2,2
55206,75,72,3,3
55207,106,88,18,18
55208,198,176,22,22
55209,87,73,14,14
55210,45,40,5,5
55211,95,84,11,11
55212,128,114,14,14
55213,72,61,11,11
55214,80,78,2,2
55215,144,145,-1,1
55216,83,74,9,9
55217,138,128,10,10
55218,107,88,19,19
55219,42,42,0,0
55220,105,97,8,8
55221,129,112,17,17
55222,78,71,7,7
55223,157,128,29,29
55224,135,118,17,17
55225,38,37,1,1
55226,174,152,22,22
55227,83,76,7,7
55228,79,66,13,13
55229,172,138,34,34
55230,76,57,19,19
55231,106,81,25,25
55232,102,95,7,7
55233,60,60,0,0
55234,160,137,23,23
55235,58,52,6,6
55236,66,63,3,3
55237,93,80,13,13
55238,97,83,14,14
55239,99,99,0,0
55240,232,201,31,31
55241,111,94,17,17
55242,57,54,3,3
55243,92,93,-1,1
55244,70,58,12,12
55245,58,63,-5,5
55246,58,51,7,7
55247,80,77,3,3
55248,119,99,20,20
55249,111,94,17,17
55250,73,68,5,5
55251,72,63,9,9
55252,98,85,13,13
55253,114,107,7,7
55254,115,99,16,16
55255,180,38,142,142
55256,137,138,-1,1
55257,106,81,25,25
55258,116,106,10,10
55259,161,141,20,20
55260,53,51,2,2
55261,160,138,22,22
55262,105,99,6,6
55263,85,75,10,10
55264,137,129,8,8
55265,78,71,7,7
55266,152,143,9,9
55267,107,92,15,15
55268,61,57,4,4
55269,113,94,19,19
55270,145,132,13,13
55271,125,106,19,19
55272,63,57,6,6
55273,83,80,3,3
55274,139,114,25,25
55275,79,67,12,12
55276,136,122,14,14
55277,77,72,5,5
55278,101,81,20,20
55279,54,51,3,3
55280,103,95,8,8
55281,84,71,13,13
55282,62,57,5,5
55283,149,141,8,8
55284,52,47,5,5
55285,143,133,10,10
55286,185,163,22,22
55287,121,101,20,20
55288,93,97,-4,4
55289,89,80,9,9
55290,71,65,6,6
55291,96,80,16,16
55292,92,76,16,16
55293,132,116,16,16
55294,110,101,9,9
55295,81,77,4,4
55296,138,117,21,21
55297,121,114,7,7
55298,136,115,21,21
55299,108,105,3,3
55300,102,92,10,10
55301,107,104,3,3
55302,123,111,12,12
55303,78,67,11,11
55304,123,119,4,4
55305,191,159,32,32
55306,83,68,15,15
55307,66,61,5,5
55308,147,127,20,20
55309,75,65,10,10
55310,142,137,5,5
55311,54,52,2,2
55312,79,77,2,2
55313,65,50,15,15
55314,69,64,5,5
55315,92,81,11,11
55316,116,90,26,26
55317,138,103,35,35
55318,60,59,1,1
55319,113,100,13,13
55320,107,97,10,10
55321,71,73,-2,2
55322,87,74,13,13
55323,66,61,5,5
55324,115,107,8,8
55325,88,85,3,3
55326,59,56,3,3
55327,109,93,16,16
55328,101,95,6,6
55329,99,84,15,15
55330,84,75,9,9
55331,79,66,13,13
55332,144,114,30,30
55333,74,72,2,2
55334,67,63,4,4
55335,79,77,2,2
55336,69,61,8,8
55337,64,63,1,1
55338,74,59,15,15
55339,122,135,-13,13
55340,88,87,1,1
55341,85,91,-6,6
55342,135,137,-2,2
55343,150,126,24,24
55344,120,109,11,11
55345,85,75,10,10
55346,87,85,2,2
55347,69,67,2,2
55348,136,113,23,23
55349,139,108,31,31
55350,81,76,5,5
55351,88,82,6,6
55352,117,104,13,13
55353,127,129,-2,2
55354,83,77,6,6
55355,53,51,2,2
55356,41,33,8,8
55357,97,88,9,9
55358,169,155,14,14
55359,112,96,16,16
55360,38,38,0,0
55361,84,79,5,5
55362,67,62,5,5
55363,92,78,14,14
55364,110,99,11,11
55365,88,91,-3,3
55366,78,70,8,8
55367,84,81,3,3
55368,69,63,6,6
55369,99,88,11,11
55370,101,103,-2,2
55371,86,79,7,7
55372,102,96,6,6
55373,60,57,3,3
55374,54,50,4,4
55375,111,109,2,2
55376,138,117,21,21
55377,82,66,16,16
55378,96,102,-6,6
55379,62,60,2,2
55380,161,146,15,15
55381,73,70,3,3
55382,92,82,10,10
55383,115,106,9,9
55384,150,130,20,20
55385,78,71,7,7
55386,93,84,9,9
55387,80,70,10,10
55388,88,80,8,8
55389,89,83,6,6
55390,107,94,13,13
55391,76,64,12,12
55392,115,111,4,4
55393,96,89,7,7
55394,119,108,11,11
55395,56,54,2,2
55396,100,90,10,10
55397,101,85,16,16
55398,89,77,12,12
55399,75,71,4,4
55400,106,93,13,13
55401,68,62,6,6
55402,69,58,11,11
55403,83,67,16,16
55404,85,86,-1,1
55405,130,118,12,12
55406,64,54,10,10
55407,44,45,-1,1
55408,83,66,17,17
55409,54,86,-32,32
55410,130,106,24,24
55411,91,86,5,5
55412,59,73,-14,14
55413,109,89,20,20
55414,145,135,10,10
55415,65,54,11,11
55416,50,43,7,7
55417,147,128,19,19
55418,90,88,2,2
55419,143,138,5,5
55420,97,86,11,11
55421,111,99,12,12
55422,63,55,8,8
55423,70,76,-6,6
55424,109,86,23,23
55425,108,110,-2,2
55426,149,135,14,14
55427,98,86,12,12
55428,137,121,16,16
55429,45,42,3,3
55430,95,85,10,10
55431,59,66,-7,7
55432,71,61,10,10
55433,117,110,7,7
55434,73,71,2,2
55435,80,71,9,9
55436,168,131,37,37
55437,149,145,4,4
55438,53,49,4,4
55439,65,67,-2,2
55440,160,135,25,25
55441,83,76,7,7
55442,88,81,7,7
55443,98,78,20,20
55444,51,49,2,2
55445,54,55,-1,1
55446,70,70,0,0
55447,80,76,4,4
55448,169,135,34,34
55449,109,96,13,13
55450,57,55,2,2
55451,119,110,9,9
55452,238,203,35,35
55453,132,119,13,13
55454,78,78,0,0
55455,88,76,12,12
55456,85,79,6,6
55457,27,46,-19,19
55458,62,63,-1,1
55459,131,116,15,15
55460,138,118,20,20
55461,43,88,-45,45
55462,58,62,-4,4
55463,76,73,3,3
55464,72,76,-4,4
55465,121,87,34,34
55466,107,95,12,12
55467,81,73,8,8
55468,49,61,-12,12
55469,113,99,14,14
55470,71,59,12,12
55471,44,42,2,2
55472,81,72,9,9
55473,73,60,13,13
55474,85,83,2,2
55475,100,87,13,13
55476,126,110,16,16
55477,96,88,8,8
55478,67,62,5,5
55479,114,113,1,1
55480,97,72,25,25
55481,185,151,34,34
55482,55,50,5,5
55483,177,167,10,10
55484,85,77,8,8
55485,117,107,10,10
55486,157,135,22,22
55487,129,112,17,17
55488,94,93,1,1
55489,87,85,2,2
55490,139,115,24,24
55491,121,111,10,10
55492,65,54,11,11
55493,58,59,-1,1
55494,98,88,10,10
55495,37,36,1,1
55496,63,63,0,0
55497,193,167,26,26
55498,101,99,2,2
55499,69,76,-7,7
55500,133,119,14,14
55501,121,98,23,23
55502,91,86,5,5
55503,85,78,7,7
55504,67,71,-4,4
55505,117,106,11,11
55506,61,53,8,8
55507,61,55,6,6
55508,97,98,-1,1
55509,81,76,5,5
55510,89,87,2,2
55511,58,57,1,1
55512,80,65,15,15
55513,96,76,20,20
55514,87,82,5,5
55515,69,65,4,4
55516,116,116,0,0
55517,138,134,4,4
55518,65,60,5,5
55519,90,77,13,13
55520,87,80,7,7
55521,102,90,12,12
55522,79,81,-2,2
55523,146,135,11,11
55524,130,111,19,19
55525,127,104,23,23
55526,96,82,14,14
55527,80,69,11,11
55528,132,120,12,12
55529,115,97,18,18
55530,81,84,-3,3
55531,86,79,7,7
55532,105,92,13,13
55533,130,118,12,12
55534,84,73,11,11
55535,52,89,-37,37
55536,72,62,10,10
55537,82,73,9,9
55538,115,101,14,14
55539,100,89,11,11
55540,102,92,10,10
55541,107,100,7,7
55542,116,106,10,10
55543,61,52,9,9
55544,95,88,7,7
55545,78,66,12,12
55546,78,73,5,5
55547,79,63,16,16
55548,82,77,5,5
55549,71,69,2,2
55550,128,110,18,18
55551,89,85,4,4
55552,115,124,-9,9
55553,83,63,20,20
55554,80,66,14,14
55555,79,87,-8,8
55556,69,78,-9,9
55557,123,108,15,15
55558,67,64,3,3
55559,135,120,15,15
55560,134,145,-11,11
55561,133,118,15,15
55562,52,50,2,2
55563,175,156,19,19
55564,95,79,16,16
55565,122,111,11,11
55566,74,61,13,13
55567,73,69,4,4
55568,53,48,5,5
55569,69,67,2,2
55570,103,103,0,0
55571,45,44,1,1
55572,107,93,14,14
55573,49,52,-3,3
55574,132,110,22,22
55575,89,78,11,11
55576,62,56,6,6
55577,109,98,11,11
55578,81,75,6,6
55579,72,71,1,1
55580,52,47,5,5
55581,74,70,4,4
55582,36,38,-2,2
55583,68,63,5,5
55584,73,67,6,6
55585,89,82,7,7
55586,63,57,6,6
55587,69,67,2,2
55588,103,109,-6,6
55589,53,53,0,0
55590,103,97,6,6
55591,108,92,16,16
55592,109,146,-37,37
55593,187,172,15,15
55594,69,63,6,6
55595,124,105,19,19
55596,117,106,11,11
55597,94,87,7,7
55598,44,42,2,2
55599,120,106,14,14
55600,140,128,12,12
55601,131,114,17,17
55602,100,98,2,2
55603,147,138,9,9
55604,55,44,11,11
55605,126,122,4,4
55606,84,83,1,1
55607,81,76,5,5
55608,110,82,28,28
55609,68,65,3,3
55610,90,89,1,1
55611,79,73,6,6
55612,108,102,6,6
55613,69,66,3,3
55614,67,56,11,11
55615,151,146,5,5
55616,121,103,18,18
55617,67,67,0,0
55618,100,84,16,16
55619,105,96,9,9
55620,105,108,-3,3
55621,92,92,0,0
55622,107,101,6,6
55623,163,146,17,17
55624,110,104,6,6
55625,115,100,15,15
55626,93,77,16,16
55627,143,126,17,17
55628,105,78,27,27
55629,102,88,14,14
55630,54,47,7,7
55631,117,107,10,10
55632,94,80,14,14
55633,121,97,24,24
55634,51,44,7,7
55635,93,89,4,4
55636,136,125,11,11
55637,75,61,14,14
55638,83,66,17,17
55639,90,77,13,13
55640,110,105,5,5
55641,69,60,9,9
55642,110,98,12,12
55643,78,77,1,1
55644,85,75,10,10
55645,89,81,8,8
55646,86,92,-6,6
55647,106,99,7,7
55648,102,92,10,10
55649,52,54,-2,2
55650,207,195,12,12
55651,93,79,14,14
55652,113,110,3,3
55653,97,89,8,8
55654,80,82,-2,2
55655,118,120,-2,2
55656,90,85,5,5
55657,88,91,-3,3
55658,96,91,5,5
55659,103,101,2,2
55660,65,61,4,4
55661,48,46,2,2
55662,85,68,17,17
55663,104,91,13,13
55664,54,49,5,5
55665,89,71,18,18
55666,132,120,12,12
55667,83,80,3,3
55668,80,75,5,5
55669,76,70,6,6
55670,67,57,10,10
55671,89,79,10,10
55672,149,136,13,13
55673,106,106,0,0
55674,149,138,11,11
55675,52,50,2,2
55676,58,57,1,1
55677,70,68,2,2
55678,78,70,8,8
55679,212,179,33,33
55680,105,89,16,16
55681,101,81,20,20
55682,107,90,17,17
55683,145,132,13,13
55684,77,70,7,7
55685,108,86,22,22
55686,97,89,8,8
55687,90,71,19,19
55688,104,95,9,9
55689,99,89,10,10
55690,94,80,14,14
55691,105,103,2,2
55692,69,67,2,2
55693,81,81,0,0
55694,88,78,10,10
55695,112,110,2,2
55696,93,86,7,7
55697,130,120,10,10
55698,145,117,28,28
55699,130,112,18,18
55700,62,67,-5,5
55701,99,91,8,8
55702,67,59,8,8
55703,129,112,17,17
55704,72,69,3,3
55705,96,82,14,14
55706,76,70,6,6
55707,102,92,10,10
55708,81,73,8,8
55709,157,142,15,15
55710,100,93,7,7
55711,122,108,14,14
55712,65,58,7,7
55713,82,69,13,13
55714,95,82,13,13
55715,133,130,3,3
55716,108,101,7,7
55717,81,76,5,5
55718,91,85,6,6
55719,134,118,16,16
55720,146,129,17,17
55721,93,90,3,3
55722,53,50,3,3
55723,108,93,15,15
55724,93,80,13,13
55725,99,83,16,16
55726,158,137,21,21
55727,66,64,2,2
55728,66,61,5,5
55729,83,81,2,2
55730,103,87,16,16
55731,54,49,5,5
55732,144,129,15,15
55733,88,90,-2,2
55734,105,86,19,19
55735,115,100,15,15
55736,125,110,15,15
55737,67,68,-1,1
55738,193,161,32,32
55739,127,98,29,29
55740,29,29,0,0
55741,86,79,7,7
55742,121,112,9,9
55743,94,79,15,15
55744,125,110,15,15
55745,174,160,14,14
55746,163,146,17,17
55747,128,103,25,25
55748,155,134,21,21
55749,123,120,3,3
55750,100,90,10,10
55751,80,78,2,2
55752,121,106,15,15
55753,31,31,0,0
55754,96,82,14,14
55755,80,69,11,11
55756,83,73,10,10
55757,82,74,8,8
55758,97,93,4,4
55759,72,68,4,4
55760,69,67,2,2
55761,86,79,7,7
55762,73,79,-6,6
55763,100,95,5,5
55764,66,62,4,4
55765,83,68,15,15
55766,92,90,2,2
55767,68,59,9,9
55768,118,112,6,6
55769,97,112,-15,15
55770,62,60,2,2
55771,78,67,11,11
55772,48,48,0,0
55773,98,85,13,13
55774,71,66,5,5
55775,62,59,3,3
55776,45,53,-8,8
55777,122,114,8,8
55778,91,79,12,12
55779,71,128,-57,57
55780,68,58,10,10
55781,118,116,2,2
55782,79,75,4,4
55783,120,114,6,6
55784,134,135,-1,1
55785,72,70,2,2
55786,92,79,13,13
55787,49,60,-11,11
55788,100,93,7,7
55789,90,83,7,7
55790,71,68,3,3
55791,83,77,6,6
55792,71,64,7,7
55793,90,89,1,1
55794,168,161,7,7
55795,68,72,-4,4
55796,50,48,2,2
55797,59,51,8,8
55798,52,48,4,4
55799,104,95,9,9
55800,95,91,4,4
55801,57,58,-1,1
55802,211,192,19,19
55803,58,53,5,5
55804,125,110,15,15
55805,99,91,8,8
55806,88,88,0,0
55807,182,165,17,17
55808,99,91,8,8
55809,66,54,12,12
55810,169,148,21,21
55811,105,92,13,13
55812,92,85,7,7
55813,110,96,14,14
55814,111,93,18,18
55815,95,82,13,13
55816,74,64,10,10
55817,135,112,23,23
55818,51,89,-38,38
55819,78,71,7,7
55820,118,97,21,21
55821,118,109,9,9
55822,104,96,8,8
55823,37,38,-1,1
55824,96,87,9,9
55825,93,80,13,13
55826,60,80,-20,20
55827,102,89,13,13
55828,112,106,6,6
55829,73,73,0,0
55830,142,121,21,21
55831,67,61,6,6
55832,69,60,9,9
55833,103,178,-75,75
55834,42,60,-18,18
55835,99,79,20,20
55836,181,153,28,28
55837,94,83,11,11
55838,83,78,5,5
55839,98,76,22,22
55840,151,127,24,24
55841,149,121,28,28
55842,92,88,4,4
55843,129,129,0,0
55844,79,70,9,9
55845,119,114,5,5
55846,159,139,20,20
55847,63,66,-3,3
55848,74,69,5,5
55849,141,132,9,9
55850,133,115,18,18
55851,106,95,11,11
55852,180,158,22,22
55853,152,124,28,28
55854,85,76,9,9
55855,118,100,18,18
55856,127,116,11,11
55857,143,140,3,3
55858,80,83,-3,3
55859,123,113,10,10
55860,131,114,17,17
55861,53,43,10,10
55862,83,69,14,14
55863,97,81,16,16
55864,120,110,10,10
55865,71,63,8,8
55866,127,106,21,21
55867,68,64,4,4
55868,79,72,7,7
55869,104,104,0,0
55870,139,138,1,1
55871,143,143,0,0
55872,102,104,-2,2
55873,75,68,7,7
55874,105,100,5,5
55875,71,57,14,14
55876,52,47,5,5
55877,73,64,9,9
55878,95,78,17,17
55879,84,70,14,14
55880,77,71,6,6
55881,63,65,-2,2
55882,80,83,-3,3
55883,111,95,16,16
55884,146,122,24,24
55885,136,136,0,0
55886,58,50,8,8
55887,77,65,12,12
55888,74,91,-17,17
55889,157,142,15,15
55890,113,98,15,15
55891,88,75,13,13
55892,98,92,6,6
55893,70,67,3,3
55894,70,70,0,0
55895,95,87,8,8
55896,113,90,23,23
55897,65,59,6,6
55898,82,67,15,15
55899,89,86,3,3
55900,90,77,13,13
55901,75,84,-9,9
55902,73,59,14,14
55903,45,48,-3,3
55904,75,79,-4,4
55905,89,77,12,12
55906,127,108,19,19
55907,189,176,13,13
55908,132,116,16,16
55909,95,85,10,10
55910,113,98,15,15
55911,81,76,5,5
55912,121,114,7,7
55913,73,70,3,3
55914,107,93,14,14
55915,72,63,9,9
55916,110,107,3,3
55917,69,63,6,6
55918,149,131,18,18
55919,63,58,5,5
55920,115,103,12,12
55921,105,92,13,13
55922,88,81,7,7
55923,65,62,3,3
55924,87,81,6,6
55925,94,92,2,2
55926,125,113,12,12
55927,93,77,16,16
55928,112,99,13,13
55929,103,84,19,19
55930,117,107,10,10
55931,95,86,9,9
55932,76,67,9,9
55933,94,97,-3,3
55934,50,45,5,5
55935,115,111,4,4
55936,105,86,19,19
55937,108,92,16,16
55938,141,130,11,11
55939,102,92,10,10
55940,58,61,-3,3
55941,108,96,12,12
55942,89,74,15,15
55943,71,70,1,1
55944,59,52,7,7
55945,89,76,13,13
55946,57,52,5,5
55947,106,90,16,16
55948,161,135,26,26
55949,92,79,13,13
55950,66,63,3,3
55951,82,75,7,7
55952,84,68,16,16
55953,115,94,21,21
55954,110,100,10,10
55955,135,122,13,13
55956,93,84,9,9
55957,134,142,-8,8
55958,105,89,16,16
55959,79,69,10,10
55960,25,28,-3,3
55961,124,120,4,4
55962,29,32,-3,3
55963,96,79,17,17
55964,125,113,12,12
55965,52,50,2,2
55966,101,94,7,7
55967,70,61,9,9
55968,98,84,14,14
55969,77,65,12,12
55970,167,144,23,23
55971,82,73,9,9
55972,91,79,12,12
55973,70,62,8,8
55974,74,69,5,5
55975,121,113,8,8
55976,46,50,-4,4
55977,76,74,2,2
55978,111,105,6,6
55979,58,50,8,8
55980,65,56,9,9
55981,53,44,9,9
55982,109,109,0,0
55983,80,75,5,5
55984,88,79,9,9
55985,110,97,13,13
55986,98,83,15,15
55987,97,91,6,6
55988,128,108,20,20
55989,144,125,19,19
55990,82,78,4,4
55991,131,115,16,16
55992,100,88,12,12
55993,95,86,9,9
55994,108,94,14,14
55995,82,77,5,5
55996,73,59,14,14
55997,94,89,5,5
55998,99,99,0,0
55999,88,77,11,11
56000,157,146,11,11
56001,75,70,5,5
56002,95,90,5,5
56003,82,74,8,8
56004,160,161,-1,1
56005,146,129,17,17
56006,166,166,0,0
56007,76,69,7,7
56008,139,128,11,11
56009,110,100,10,10
56010,118,112,6,6
56011,122,103,19,19
56012,50,53,-3,3
56013,59,55,4,4
56014,112,101,11,11
56015,108,113,-5,5
56016,42,42,0,0
56017,112,106,6,6
56018,126,107,19,19
56019,88,85,3,3
56020,121,95,26,26
56021,83,72,11,11
56022,95,92,3,3
56023,98,85,13,13
56024,104,98,6,6
56025,66,59,7,7
56026,129,120,9,9
56027,85,70,15,15
56028,101,94,7,7
56029,68,63,5,5
56030,86,78,8,8
56031,79,67,12,12
56032,91,83,8,8
56033,113,111,2,2
56034,149,129,20,20
56035,76,70,6,6
56036,107,98,9,9
56037,110,101,9,9
56038,75,72,3,3
56039,100,95,5,5
56040,110,105,5,5
56041,115,105,10,10
56042,128,116,12,12
56043,177,156,21,21
56044,105,92,13,13
56045,79,133,-54,54
56046,126,117,9,9
56047,135,138,-3,3
56048,66,59,7,7
56049,148,131,17,17
56050,128,115,13,13
56051,106,86,20,20
56052,99,75,24,24
56053,73,56,17,17
56054,64,62,2,2
56055,98,111,-13,13
56056,111,99,12,12
56057,124,119,5,5
56058,117,104,13,13
56059,94,83,11,11
56060,86,72,14,14
56061,80,66,14,14
56062,105,102,3,3
56063,77,79,-2,2
56064,101,92,9,9
56065,118,102,16,16
56066,130,101,29,29
56067,97,89,8,8
56068,77,69,8,8
56069,76,72,4,4
56070,122,117,5,5
56071,116,126,-10,10
56072,67,71,-4,4
56073,109,92,17,17
56074,62,59,3,3
56075,95,78,17,17
56076,130,115,15,15
56077,49,53,-4,4
56078,64,57,7,7
56079,84,78,6,6
56080,147,115,32,32
56081,121,100,21,21
56082,158,146,12,12
56083,105,88,17,17
56084,99,94,5,5
56085,108,103,5,5
56086,159,146,13,13
56087,87,75,12,12
56088,128,126,2,2
56089,58,61,-3,3
56090,110,100,10,10
56091,187,170,17,17
56092,87,83,4,4
56093,143,135,8,8
56094,84,69,15,15
56095,132,127,5,5
56096,74,66,8,8
56097,109,98,11,11
56098,86,97,-11,11
56099,111,96,15,15
56100,49,43,6,6
56101,73,67,6,6
56102,125,125,0,0
56103,75,67,8,8
56104,78,69,9,9
56105,99,88,11,11
56106,103,105,-2,2
56107,106,92,14,14
56108,57,53,4,4
56109,139,122,17,17
56110,90,75,15,15
56111,67,58,9,9
56112,60,57,3,3
56113,46,38,8,8
56114,56,53,3,3
56115,135,119,16,16
56116,52,46,6,6
56117,102,90,12,12
56118,79,74,5,5
56119,75,70,5,5
56120,118,109,9,9
56121,107,102,5,5
56122,24,17,7,7
56123,102,89,13,13
56124,78,74,4,4
56125,94,76,18,18
56126,109,84,25,25
56127,139,128,11,11
56128,105,100,5,5
56129,155,135,20,20
56130,53,46,7,7
56131,82,84,-2,2
56132,159,153,6,6
56133,105,91,14,14
56134,102,91,11,11
56135,78,73,5,5
56136,67,58,9,9
56137,149,140,9,9
56138,84,78,6,6
56139,87,85,2,2
56140,132,130,2,2
56141,83,73,10,10
56142,75,68,7,7
56143,99,88,11,11
56144,77,79,-2,2
56145,97,81,16,16
56146,132,101,31,31
56147,105,102,3,3
56148,105,82,23,23
56149,59,50,9,9
56150,69,61,8,8
56151,120,104,16,16
56152,59,58,1,1
56153,105,86,19,19
56154,81,74,7,7
56155,156,143,13,13
56156,62,63,-1,1
56157,63,60,3,3
56158,156,131,25,25
56159,48,132,-84,84
56160,81,74,7,7
56161,78,74,4,4
56162,72,62,10,10
56163,110,100,10,10
56164,76,73,3,3
56165,82,74,8,8
56166,76,71,5,5
56167,106,96,10,10
56168,109,109,0,0
56169,96,84,12,12
56170,129,122,7,7
56171,71,64,7,7
56172,124,126,-2,2
56173,107,97,10,10
56174,97,86,11,11
56175,113,89,24,24
56176,152,134,18,18
56177,91,97,-6,6
56178,78,72,6,6
56179,158,137,21,21
56180,117,107,10,10
56181,97,89,8,8
56182,83,71,12,12
56183,132,117,15,15
56184,79,72,7,7
56185,101,98,3,3
56186,135,119,16,16
56187,96,68,28,28
56188,82,65,17,17
56189,70,67,3,3
56190,110,96,14,14
56191,141,119,22,22
56192,61,56,5,5
56193,97,84,13,13
56194,119,87,32,32
56195,67,65,2,2
56196,92,96,-4,4
56197,84,66,18,18
56198,65,60,5,5
56199,84,83,1,1
56200,124,106,18,18
56201,135,128,7,7
56202,146,124,22,22
56203,109,107,2,2
56204,145,139,6,6
56205,89,77,12,12
56206,136,124,12,12
56207,85,77,8,8
56208,55,53,2,2
56209,92,91,1,1
56210,61,57,4,4
56211,132,114,18,18
56212,65,62,3,3
56213,112,105,7,7
56214,107,90,17,17
56215,48,42,6,6
56216,55,54,1,1
56217,109,98,11,11
56218,136,121,15,15
56219,94,85,9,9
56220,45,44,1,1
56221,139,119,20,20
56222,72,74,-2,2
56223,156,131,25,25
56224,58,56,2,2
56225,96,79,17,17
56226,83,74,9,9
56227,94,83,11,11
56228,29,24,5,5
56229,124,111,13,13
56230,71,71,0,0
56231,146,126,20,20
56232,97,80,17,17
56233,104,97,7,7
56234,32,35,-3,3
56235,140,128,12,12
56236,57,49,8,8
56237,112,102,10,10
56238,70,69,1,1
56239,92,74,18,18
56240,57,56,1,1
56241,107,103,4,4
56242,76,71,5,5
56243,81,72,9,9
56244,115,111,4,4
56245,22,59,-37,37
56246,96,90,6,6
56247,84,86,-2,2
56248,103,92,11,11
56249,126,101,25,25
56250,76,69,7,7
56251,159,135,24,24
56252,74,59,15,15
56253,87,72,15,15
56254,46,49,-3,3
56255,33,34,-1,1
56256,76,59,17,17
56257,98,88,10,10
56258,73,61,12,12
56259,105,89,16,16
56260,51,54,-3,3
56261,94,78,16,16
56262,54,53,1,1
56263,86,85,1,1
56264,60,58,2,2
56265,144,126,18,18
56266,74,57,17,17
56267,90,82,8,8
56268,100,96,4,4
56269,107,108,-1,1
56270,129,106,23,23
56271,133,112,21,21
56272,70,65,5,5
56273,101,82,19,19
56274,60,61,-1,1
56275,200,168,32,32
56276,64,59,5,5
56277,143,124,19,19
56278,90,81,9,9
56279,72,60,12,12
56280,85,82,3,3
56281,136,126,10,10
56282,94,94,0,0
56283,135,109,26,26
56284,102,88,14,14
56285,71,74,-3,3
56286,74,71,3,3
56287,122,120,2,2
56288,86,79,7,7
56289,40,40,0,0
56290,109,106,3,3
56291,113,107,6,6
56292,110,98,12,12
56293,68,57,11,11
56294,130,123,7,7
56295,89,85,4,4
56296,106,98,8,8
56297,98,89,9,9
56298,71,52,19,19
56299,128,119,9,9
56300,158,132,26,26
56301,82,72,10,10
56302,42,39,3,3
56303,67,60,7,7
56304,107,105,2,2
56305,77,69,8,8
56306,113,111,2,2
56307,73,63,10,10
56308,189,173,16,16
56309,101,93,8,8
56310,117,118,-1,1
56311,113,107,6,6
56312,81,69,12,12
56313,113,99,14,14
56314,108,96,12,12
56315,133,134,-1,1
56316,117,108,9,9
56317,119,107,12,12
56318,72,61,11,11
56319,72,77,-5,5
56320,105,102,3,3
56321,70,63,7,7
56322,66,57,9,9
56323,152,129,23,23
56324,89,75,14,14
56325,20,18,2,2
56326,72,69,3,3
56327,89,75,14,14
56328,83,82,1,1
56329,121,121,0,0
56330,119,103,16,16
56331,101,92,9,9
56332,84,76,8,8
56333,78,78,0,0
56334,166,145,21,21
56335,117,107,10,10
56336,141,130,11,11
56337,123,108,15,15
56338,162,147,15,15
56339,50,48,2,2
56340,60,51,9,9
56341,86,82,4,4
56342,70,64,6,6
56343,129,120,9,9
56344,65,60,5,5
56345,75,74,1,1
56346,91,67,24,24
56347,55,55,0,0
56348,82,76,6,6
56349,102,97,5,5
56350,74,66,8,8
56351,84,73,11,11
56352,128,111,17,17
56353,91,82,9,9
56354,120,109,11,11
56355,85,81,4,4
56356,108,108,0,0
56357,72,66,6,6
56358,90,74,16,16
56359,85,81,4,4
56360,112,102,10,10
56361,148,140,8,8
56362,105,104,1,1
56363,44,50,-6,6
56364,42,46,-4,4
56365,103,88,15,15
56366,93,73,20,20
56367,63,56,7,7
56368,169,168,1,1
56369,65,59,6,6
56370,74,67,7,7
56371,99,88,11,11
56372,129,119,10,10
56373,93,84,9,9
56374,139,125,14,14
56375,64,98,-34,34
56376,93,82,11,11
56377,53,61,-8,8
56378,110,97,13,13
56379,97,88,9,9
56380,170,152,18,18
56381,56,59,-3,3
56382,172,163,9,9
56383,71,62,9,9
56384,161,137,24,24
56385,130,128,2,2
56386,101,93,8,8
56387,107,97,10,10
56388,101,92,9,9
56389,64,64,0,0
56390,75,65,10,10
56391,128,121,7,7
56392,80,73,7,7
56393,129,117,12,12
56394,54,54,0,0
56395,71,70,1,1
56396,55,44,11,11
56397,91,87,4,4
56398,119,100,19,19
56399,94,85,9,9
56400,158,138,20,20
56401,60,61,-1,1
56402,158,148,10,10
56403,56,45,11,11
56404,121,114,7,7
56405,79,63,16,16
56406,120,105,15,15
56407,64,66,-2,2
56408,62,73,-11,11
56409,80,70,10,10
56410,135,120,15,15
56411,102,112,-10,10
56412,115,97,18,18
56413,142,137,5,5
56414,115,119,-4,4
56415,119,116,3,3
56416,138,126,12,12
56417,97,79,18,18
56418,80,70,10,10
56419,97,94,3,3
56420,111,102,9,9
56421,91,86,5,5
56422,95,94,1,1
56423,91,86,5,5
56424,101,83,18,18
56425,130,118,12,12
56426,89,83,6,6
56427,86,85,1,1
56428,178,155,23,23
56429,168,151,17,17
56430,63,54,9,9
56431,69,57,12,12
56432,186,155,31,31
56433,143,125,18,18
56434,76,59,17,17
56435,87,83,4,4
56436,46,47,-1,1
56437,81,76,5,5
56438,43,42,1,1
56439,125,111,14,14
56440,190,170,20,20
56441,112,94,18,18
56442,161,145,16,16
56443,119,102,17,17
56444,98,91,7,7
56445,122,106,16,16
56446,94,82,12,12
56447,68,64,4,4
56448,103,82,21,21
56449,126,99,27,27
56450,75,64,11,11
56451,123,103,20,20
56452,81,71,10,10
56453,144,141,3,3
56454,53,45,8,8
56455,164,140,24,24
56456,60,60,0,0
56457,117,108,9,9
56458,121,113,8,8
56459,90,87,3,3
56460,86,77,9,9
56461,63,63,0,0
56462,147,128,19,19
56463,103,92,11,11
56464,68,65,3,3
56465,91,77,14,14
56466,81,64,17,17
56467,71,65,6,6
56468,63,58,5,5
56469,123,114,9,9
56470,105,95,10,10
56471,81,76,5,5
56472,112,111,1,1
56473,78,71,7,7
56474,85,77,8,8
56475,118,111,7,7
56476,65,56,9,9
56477,127,122,5,5
56478,83,75,8,8
56479,91,80,11,11
56480,62,58,4,4
56481,75,73,2,2
56482,88,88,0,0
56483,163,147,16,16
56484,48,55,-7,7
56485,93,99,-6,6
56486,85,79,6,6
56487,142,131,11,11
56488,93,94,-1,1
56489,73,65,8,8
56490,65,61,4,4
56491,83,73,10,10
56492,77,69,8,8
56493,113,102,11,11
56494,121,108,13,13
56495,71,67,4,4
56496,64,58,6,6
56497,70,72,-2,2
56498,155,131,24,24
56499,59,53,6,6
56500,80,71,9,9
56501,80,77,3,3
56502,59,53,6,6
56503,83,68,15,15
56504,68,58,10,10
56505,77,80,-3,3
56506,121,100,21,21
56507,63,64,-1,1
56508,82,74,8,8
56509,145,132,13,13
56510,63,64,-1,1
56511,124,119,5,5
56512,83,85,-2,2
56513,175,162,13,13
56514,185,174,11,11
56515,65,59,6,6
56516,61,55,6,6
56517,76,67,9,9
56518,75,73,2,2
56519,74,86,-12,12
56520,136,112,24,24
56521,47,47,0,0
56522,66,48,18,18
56523,131,117,14,14
56524,123,103,20,20
56525,118,105,13,13
56526,58,52,6,6
56527,89,75,14,14
56528,156,135,21,21
56529,55,57,-2,2
56530,115,97,18,18
56531,111,104,7,7
56532,116,121,-5,5
56533,62,63,-1,1
56534,108,91,17,17
56535,120,118,2,2
56536,112,107,5,5
56537,56,59,-3,3
56538,142,133,9,9
56539,91,72,19,19
56540,86,77,9,9
56541,121,111,10,10
56542,80,69,11,11
56543,103,91,12,12
56544,76,78,-2,2
56545,100,116,-16,16
56546,94,85,9,9
56547,117,118,-1,1
56548,84,73,11,11
56549,87,83,4,4
56550,127,111,16,16
56551,90,87,3,3
56552,96,82,14,14
56553,56,52,4,4
56554,74,66,8,8
56555,98,87,11,11
56556,107,105,2,2
56557,125,101,24,24
56558,66,57,9,9
56559,91,91,0,0
56560,154,156,-2,2
56561,151,122,29,29
56562,77,71,6,6
56563,60,57,3,3
56564,72,71,1,1
56565,132,107,25,25
56566,74,67,7,7
56567,63,58,5,5
56568,129,116,13,13
56569,169,155,14,14
56570,88,92,-4,4
56571,129,116,13,13
56572,140,119,21,21
56573,80,80,0,0
56574,94,88,6,6
56575,49,52,-3,3
56576,145,133,12,12
56577,97,92,5,5
56578,94,88,6,6
56579,83,77,6,6
56580,135,122,13,13
56581,103,90,13,13
56582,40,41,-1,1
56583,119,127,-8,8
56584,60,58,2,2
56585,44,42,2,2
56586,104,102,2,2
56587,49,44,5,5
56588,70,68,2,2
56589,59,55,4,4
56590,114,116,-2,2
56591,65,54,11,11
56592,60,56,4,4
56593,121,121,0,0
56594,115,101,14,14
56595,75,68,7,7
56596,74,67,7,7
56597,103,90,13,13
56598,59,55,4,4
56599,125,120,5,5
56600,94,84,10,10
56601,73,65,8,8
56602,54,50,4,4
56603,58,51,7,7
56604,174,160,14,14
56605,46,43,3,3
56606,79,73,6,6
56607,108,89,19,19
56608,50,57,-7,7
56609,120,100,20,20
56610,159,143,16,16
56611,171,161,10,10
56612,81,79,2,2
56613,85,80,5,5
56614,118,128,-10,10
56615,73,67,6,6
56616,114,100,14,14
56617,77,63,14,14
56618,150,122,28,28
56619,72,70,2,2
56620,64,77,-13,13
56621,85,86,-1,1
56622,112,108,4,4
56623,57,51,6,6
56624,101,89,12,12
56625,83,78,5,5
56626,74,64,10,10
56627,142,126,16,16
56628,111,91,20,20
56629,135,111,24,24
56630,64,60,4,4
56631,75,63,12,12
56632,188,175,13,13
56633,63,73,-10,10
56634,124,106,18,18
56635,42,48,-6,6
56636,136,114,22,22
56637,50,50,0,0
56638,87,81,6,6
56639,140,119,21,21
56640,94,87,7,7
56641,94,86,8,8
56642,61,69,-8,8
56643,86,79,7,7
56644,126,105,21,21
56645,63,58,5,5
56646,82,72,10,10
56647,140,137,3,3
56648,134,113,21,21
56649,79,71,8,8
56650,126,127,-1,1
56651,101,100,1,1
56652,103,94,9,9
56653,70,61,9,9
56654,85,67,18,18
56655,84,81,3,3
56656,58,59,-1,1
56657,139,117,22,22
56658,67,73,-6,6
56659,101,95,6,6
56660,83,77,6,6
56661,66,58,8,8
56662,59,54,5,5
56663,77,74,3,3
56664,53,55,-2,2
56665,130,116,14,14
56666,59,61,-2,2
56667,94,78,16,16
56668,120,107,13,13
56669,108,92,16,16
56670,95,80,15,15
56671,67,60,7,7
56672,103,95,8,8
56673,68,56,12,12
56674,82,69,13,13
56675,111,106,5,5
56676,78,70,8,8
56677,59,57,2,2
56678,72,74,-2,2
56679,101,87,14,14
56680,77,77,0,0
56681,65,59,6,6
56682,64,67,-3,3
56683,57,58,-1,1
56684,95,91,4,4
56685,68,65,3,3
56686,137,115,22,22
56687,65,60,5,5
56688,82,72,10,10
56689,73,70,3,3
56690,96,100,-4,4
56691,110,89,21,21
56692,139,125,14,14
56693,87,68,19,19
56694,113,94,19,19
56695,40,33,7,7
56696,81,79,2,2
56697,51,52,-1,1
56698,173,149,24,24
56699,72,81,-9,9
56700,107,97,10,10
56701,112,108,4,4
56702,125,105,20,20
56703,56,53,3,3
56704,141,121,20,20
56705,150,131,19,19
56706,136,128,8,8
56707,127,109,18,18
56708,132,126,6,6
56709,96,81,15,15
56710,35,46,-11,11
56711,86,77,9,9
56712,108,96,12,12
56713,149,129,20,20
56714,103,94,9,9
56715,144,143,1,1
56716,135,113,22,22
56717,112,96,16,16
56718,86,92,-6,6
56719,54,47,7,7
56720,78,70,8,8
56721,72,67,5,5
56722,87,84,3,3
56723,79,89,-10,10
56724,109,117,-8,8
56725,120,99,21,21
56726,173,149,24,24
56727,57,58,-1,1
56728,40,38,2,2
56729,82,79,3,3
56730,70,69,1,1
56731,86,83,3,3
56732,98,93,5,5
56733,134,135,-1,1
56734,45,39,6,6
56735,129,113,16,16
56736,68,69,-1,1
56737,91,77,14,14
56738,113,98,15,15
56739,52,54,-2,2
56740,94,80,14,14
56741,94,94,0,0
56742,113,102,11,11
56743,128,106,22,22
56744,99,98,1,1
56745,105,90,15,15
56746,86,95,-9,9
56747,148,133,15,15
56748,138,113,25,25
56749,99,74,25,25
56750,94,88,6,6
56751,73,69,4,4
56752,153,127,26,26
56753,95,89,6,6
56754,118,116,2,2
56755,129,115,14,14
56756,50,56,-6,6
56757,123,108,15,15
56758,142,126,16,16
56759,123,112,11,11
56760,148,136,12,12
56761,107,98,9,9
56762,98,97,1,1
56763,112,104,8,8
56764,137,121,16,16
56765,106,99,7,7
56766,97,82,15,15
56767,96,90,6,6
56768,245,182,63,63
56769,115,98,17,17
56770,81,69,12,12
56771,130,99,31,31
56772,86,72,14,14
56773,128,111,17,17
56774,73,64,9,9
56775,110,95,15,15
56776,130,111,19,19
56777,97,91,6,6
56778,80,78,2,2
56779,91,82,9,9
56780,88,75,13,13
56781,105,95,10,10
56782,75,62,13,13
56783,93,96,-3,3
56784,115,103,12,12
56785,133,117,16,16
56786,142,115,27,27
56787,62,67,-5,5
56788,78,75,3,3
56789,91,74,17,17
56790,102,89,13,13
56791,109,101,8,8
56792,102,89,13,13
56793,90,78,12,12
56794,135,110,25,25
56795,31,45,-14,14
56796,143,128,15,15
56797,123,112,11,11
56798,102,87,15,15
56799,59,51,8,8
56800,83,81,2,2
56801,99,85,14,14
56802,50,57,-7,7
56803,168,141,27,27
56804,80,79,1,1
56805,104,108,-4,4
56806,117,105,12,12
56807,113,109,4,4
56808,73,83,-10,10
56809,72,71,1,1
56810,144,124,20,20
56811,131,122,9,9
56812,107,115,-8,8
56813,85,81,4,4
56814,58,60,-2,2
56815,67,59,8,8
56816,62,54,8,8
56817,63,53,10,10
56818,148,140,8,8
56819,139,120,19,19
56820,82,80,2,2
56821,133,122,11,11
56822,70,68,2,2
56823,99,93,6,6
56824,115,104,11,11
56825,121,113,8,8
56826,107,105,2,2
56827,113,92,21,21
56828,61,59,2,2
56829,80,66,14,14
56830,78,70,8,8
56831,68,59,9,9
56832,122,118,4,4
56833,109,93,16,16
56834,71,62,9,9
56835,60,60,0,0
56836,125,112,13,13
56837,68,53,15,15
56838,114,104,10,10
56839,93,74,19,19
56840,75,71,4,4
56841,99,93,6,6
56842,133,120,13,13
56843,78,74,4,4
56844,45,35,10,10
56845,87,70,17,17
56846,72,72,0,0
56847,129,116,13,13
56848,93,82,11,11
56849,95,91,4,4
56850,119,114,5,5
56851,96,77,19,19
56852,45,38,7,7
56853,151,131,20,20
56854,75,64,11,11
56855,84,77,7,7
56856,75,65,10,10
56857,97,129,-32,32
56858,79,74,5,5
56859,132,116,16,16
56860,108,95,13,13
56861,115,100,15,15
56862,89,92,-3,3
56863,84,79,5,5
56864,132,121,11,11
56865,94,83,11,11
56866,182,170,12,12
56867,170,148,22,22
56868,93,85,8,8
56869,70,69,1,1
56870,38,40,-2,2
56871,102,104,-2,2
56872,139,120,19,19
56873,97,95,2,2
56874,87,79,8,8
56875,86,72,14,14
56876,76,79,-3,3
56877,91,91,0,0
56878,81,69,12,12
56879,86,72,14,14
56880,90,78,12,12
56881,73,71,2,2
56882,122,112,10,10
56883,81,71,10,10
56884,182,159,23,23
56885,73,68,5,5
56886,108,96,12,12
56887,70,61,9,9
56888,170,147,23,23
56889,98,85,13,13
56890,83,81,2,2
56891,89,87,2,2
56892,79,76,3,3
56893,77,75,2,2
56894,82,82,0,0
56895,79,72,7,7
56896,165,141,24,24
56897,57,58,-1,1
56898,94,97,-3,3
56899,101,82,19,19
56900,170,166,4,4
56901,68,68,0,0
56902,121,107,14,14
56903,137,115,22,22
56904,72,63,9,9
56905,109,99,10,10
56906,81,69,12,12
56907,71,69,2,2
56908,135,126,9,9
56909,105,92,13,13
56910,101,87,14,14
56911,71,73,-2,2
56912,93,88,5,5
56913,75,67,8,8
56914,68,128,-60,60
56915,107,100,7,7
56916,76,68,8,8
56917,127,111,16,16
56918,117,113,4,4
56919,123,99,24,24
56920,158,149,9,9
56921,96,88,8,8
56922,44,36,8,8
56923,100,90,10,10
56924,69,65,4,4
56925,77,77,0,0
56926,66,66,0,0
56927,71,57,14,14
56928,117,102,15,15
56929,103,101,2,2
56930,99,86,13,13
56931,131,123,8,8
56932,50,40,10,10
56933,39,37,2,2
56934,74,66,8,8
56935,51,48,3,3
56936,91,86,5,5
56937,104,103,1,1
56938,76,67,9,9
56939,126,115,11,11
56940,79,74,5,5
56941,88,87,1,1
56942,103,95,8,8
56943,156,134,22,22
56944,153,140,13,13
56945,82,73,9,9
56946,69,69,0,0
56947,85,78,7,7
56948,90,93,-3,3
56949,118,101,17,17
56950,113,104,9,9
56951,63,64,-1,1
56952,39,38,1,1
56953,125,112,13,13
56954,111,123,-12,12
56955,85,75,10,10
56956,69,67,2,2
56957,164,148,16,16
56958,115,105,10,10
56959,100,112,-12,12
56960,97,94,3,3
56961,76,79,-3,3
56962,109,111,-2,2
56963,122,108,14,14
56964,75,71,4,4
56965,94,89,5,5
56966,73,65,8,8
56967,138,120,18,18
56968,109,86,23,23
56969,84,83,1,1
56970,65,58,7,7
56971,97,87,10,10
56972,150,134,16,16
56973,158,146,12,12
56974,74,69,5,5
56975,64,63,1,1
56976,102,94,8,8
56977,83,87,-4,4
56978,181,153,28,28
56979,149,127,22,22
56980,67,58,9,9
56981,108,104,4,4
56982,126,119,7,7
56983,129,117,12,12
56984,123,108,15,15
56985,88,73,15,15
56986,79,80,-1,1
56987,122,98,24,24
56988,88,74,14,14
56989,129,122,7,7
56990,82,72,10,10
56991,72,68,4,4
56992,116,99,17,17
56993,93,88,5,5
56994,82,73,9,9
56995,153,141,12,12
56996,169,145,24,24
56997,79,85,-6,6
56998,92,83,9,9
56999,123,107,16,16
57000,75,85,-10,10
57001,162,158,4,4
57002,79,73,6,6
57003,90,82,8,8
57004,74,78,-4,4
57005,130,115,15,15
57006,128,110,18,18
57007,75,79,-4,4
57008,86,78,8,8
57009,111,102,9,9
57010,100,89,11,11
57011,57,58,-1,1
57012,126,113,13,13
57013,61,57,4,4
57014,79,72,7,7
57015,80,64,16,16
57016,49,50,-1,1
57017,83,77,6,6
57018,65,62,3,3
57019,76,72,4,4
57020,99,89,10,10
57021,152,127,25,25
57022,74,71,3,3
57023,90,89,1,1
57024,116,113,3,3
57025,150,145,5,5
57026,98,99,-1,1
57027,136,118,18,18
57028,109,100,9,9
57029,131,135,-4,4
57030,44,45,-1,1
57031,52,46,6,6
57032,73,66,7,7
57033,160,123,37,37
57034,104,96,8,8
57035,71,61,10,10
57036,52,50,2,2
57037,69,58,11,11
57038,120,102,18,18
57039,51,42,9,9
57040,65,66,-1,1
57041,93,80,13,13
57042,62,73,-11,11
57043,108,97,11,11
57044,86,86,0,0
57045,65,65,0,0
57046,151,141,10,10
57047,82,79,3,3
57048,54,49,5,5
57049,57,53,4,4
57050,87,81,6,6
57051,75,73,2,2
57052,76,71,5,5
57053,144,134,10,10
57054,82,80,2,2
57055,70,63,7,7
57056,65,63,2,2
57057,130,123,7,7
57058,179,174,5,5
57059,143,136,7,7
57060,128,112,16,16
57061,59,54,5,5
57062,141,121,20,20
57063,91,80,11,11
57064,117,101,16,16
57065,103,93,10,10
57066,102,98,4,4
57067,150,120,30,30
57068,91,77,14,14
57069,82,80,2,2
57070,72,61,11,11
57071,146,122,24,24
57072,51,50,1,1
57073,119,112,7,7
57074,94,88,6,6
57075,113,96,17,17
57076,115,101,14,14
57077,50,50,0,0
57078,72,82,-10,10
57079,127,112,15,15
57080,67,80,-13,13
57081,76,71,5,5
57082,96,97,-1,1
57083,137,137,0,0
57084,189,170,19,19
57085,83,77,6,6
57086,90,85,5,5
57087,85,76,9,9
57088,99,91,8,8
57089,88,82,6,6
57090,163,145,18,18
57091,78,74,4,4
57092,63,55,8,8
57093,87,82,5,5
57094,81,76,5,5
57095,117,120,-3,3
57096,86,72,14,14
57097,97,88,9,9
57098,120,107,13,13
57099,61,50,11,11
57100,109,103,6,6
57101,82,75,7,7
57102,98,82,16,16
57103,100,85,15,15
57104,114,98,16,16
57105,61,60,1,1
57106,88,84,4,4
57107,75,74,1,1
57108,96,90,6,6
57109,125,118,7,7
57110,216,190,26,26
57111,91,84,7,7
57112,149,160,-11,11
57113,104,86,18,18
57114,69,64,5,5
57115,65,61,4,4
57116,116,96,20,20
57117,66,61,5,5
57118,53,49,4,4
57119,61,65,-4,4
57120,106,99,7,7
57121,118,102,16,16
57122,145,130,15,15
57123,90,79,11,11
57124,76,68,8,8
57125,48,44,4,4
57126,38,36,2,2
57127,65,62,3,3
57128,98,84,14,14
57129,48,54,-6,6
57130,93,87,6,6
57131,117,112,5,5
57132,66,63,3,3
57133,110,89,21,21
57134,121,109,12,12
57135,95,82,13,13
57136,81,74,7,7
57137,48,54,-6,6
57138,80,77,3,3
57139,136,138,-2,2
57140,55,45,10,10
57141,110,94,16,16
57142,104,108,-4,4
57143,89,78,11,11
57144,90,93,-3,3
57145,111,102,9,9
57146,85,88,-3,3
57147,113,104,9,9
57148,100,91,9,9
57149,147,127,20,20
57150,86,85,1,1
57151,76,73,3,3
57152,164,133,31,31
57153,130,110,20,20
57154,99,85,14,14
57155,40,39,1,1
57156,175,168,7,7
57157,148,141,7,7
57158,106,101,5,5
57159,152,144,8,8
57160,91,89,2,2
57161,98,86,12,12
57162,51,54,-3,3
57163,88,83,5,5
57164,89,81,8,8
57165,63,51,12,12
57166,84,79,5,5
57167,75,63,12,12
57168,117,102,15,15
57169,111,105,6,6
57170,134,138,-4,4
57171,81,82,-1,1
57172,101,99,2,2
57173,61,58,3,3
57174,116,106,10,10
57175,77,73,4,4
57176,121,99,22,22
57177,101,87,14,14
57178,22,30,-8,8
57179,89,81,8,8
57180,134,122,12,12
57181,132,126,6,6
57182,48,46,2,2
57183,102,92,10,10
57184,90,75,15,15
57185,89,82,7,7
57186,109,105,4,4
57187,164,139,25,25
57188,93,88,5,5
57189,93,88,5,5
57190,63,67,-4,4
57191,99,93,6,6
57192,72,64,8,8
57193,85,81,4,4
57194,76,71,5,5
57195,85,74,11,11
57196,125,82,43,43
57197,63,57,6,6
57198,47,50,-3,3
57199,123,114,9,9
57200,88,89,-1,1
57201,75,67,8,8
57202,78,73,5,5
57203,73,56,17,17
57204,113,122,-9,9
57205,88,74,14,14
57206,91,72,19,19
57207,99,92,7,7
57208,92,92,0,0
57209,102,99,3,3
57210,84,82,2,2
57211,153,135,18,18
57212,117,113,4,4
57213,61,50,11,11
57214,81,72,9,9
57215,148,134,14,14
57216,88,67,21,21
57217,109,97,12,12
57218,124,109,15,15
57219,44,49,-5,5
57220,75,65,10,10
57221,107,101,6,6
57222,74,71,3,3
57223,75,61,14,14
57224,97,80,17,17
57225,95,80,15,15
57226,72,62,10,10
57227,71,64,7,7
57228,100,92,8,8
57229,110,90,20,20
57230,67,56,11,11
57231,59,53,6,6
57232,162,141,21,21
57233,97,90,7,7
57234,66,65,1,1
57235,87,77,10,10
57236,142,132,10,10
57237,77,76,1,1
57238,61,51,10,10
57239,61,108,-47,47
57240,131,111,20,20
57241,84,81,3,3
57242,77,74,3,3
57243,60,56,4,4
57244,77,72,5,5
57245,47,43,4,4
57246,71,71,0,0
57247,118,113,5,5
57248,105,107,-2,2
57249,137,124,13,13
57250,48,56,-8,8
57251,81,76,5,5
57252,105,88,17,17
57253,107,96,11,11
57254,149,134,15,15
57255,88,79,9,9
57256,104,88,16,16
57257,130,106,24,24
57258,118,113,5,5
57259,50,63,-13,13
57260,113,98,15,15
57261,48,47,1,1
57262,105,98,7,7
57263,63,65,-2,2
57264,63,61,2,2
57265,65,66,-1,1
57266,105,99,6,6
57267,38,36,2,2
57268,57,50,7,7
57269,94,85,9,9
57270,87,74,13,13
57271,68,64,4,4
57272,66,67,-1,1
57273,87,85,2,2
57274,121,107,14,14
57275,104,90,14,14
57276,124,120,4,4
57277,158,135,23,23
57278,30,33,-3,3
57279,101,110,-9,9
57280,86,70,16,16
57281,93,82,11,11
57282,123,127,-4,4
57283,102,84,18,18
57284,142,147,-5,5
57285,61,72,-11,11
57286,75,77,-2,2
57287,125,122,3,3
57288,95,84,11,11
57289,171,150,21,21
57290,96,117,-21,21
57291,123,115,8,8
57292,106,107,-1,1
57293,62,59,3,3
57294,87,76,11,11
57295,57,53,4,4
57296,56,47,9,9
57297,124,111,13,13
57298,81,71,10,10
57299,109,88,21,21
57300,165,152,13,13
57301,171,141,30,30
57302,104,93,11,11
57303,59,61,-2,2
57304,40,41,-1,1
57305,74,84,-10,10
57306,127,115,12,12
57307,73,76,-3,3
57308,130,114,16,16
57309,47,57,-10,10
57310,59,59,0,0
57311,156,132,24,24
57312,101,85,16,16
57313,89,68,21,21
57314,95,88,7,7
57315,60,65,-5,5
57316,91,85,6,6
57317,74,68,6,6
57318,160,142,18,18
57319,114,102,12,12
57320,148,131,17,17
57321,80,70,10,10
57322,24,26,-2,2
57323,52,51,1,1
57324,259,219,40,40
57325,44,40,4,4
57326,149,131,18,18
57327,57,56,1,1
57328,126,125,1,1
57329,142,121,21,21
57330,111,105,6,6
57331,167,151,16,16
57332,76,68,8,8
57333,69,59,10,10
57334,110,110,0,0
57335,92,87,5,5
57336,99,78,21,21
57337,95,89,6,6
57338,114,96,18,18
57339,91,88,3,3
57340,104,92,12,12
57341,84,78,6,6
57342,164,136,28,28
57343,44,48,-4,4
57344,75,64,11,11
57345,95,88,7,7
57346,27,29,-2,2
57347,81,78,3,3
57348,72,67,5,5
57349,100,84,16,16
57350,131,106,25,25
57351,61,63,-2,2
57352,89,79,10,10
57353,65,63,2,2
57354,53,58,-5,5
57355,103,104,-1,1
57356,129,117,12,12
57357,114,97,17,17
57358,102,94,8,8
57359,87,90,-3,3
57360,77,64,13,13
57361,72,66,6,6
57362,71,69,2,2
57363,67,54,13,13
57364,116,111,5,5
57365,102,88,14,14
57366,83,70,13,13
57367,55,49,6,6
57368,71,76,-5,5
57369,84,71,13,13
57370,98,88,10,10
57371,101,84,17,17
57372,82,68,14,14
57373,117,109,8,8
57374,126,120,6,6
57375,66,67,-1,1
57376,81,79,2,2
57377,189,179,10,10
57378,90,73,17,17
57379,86,75,11,11
57380,107,93,14,14
57381,117,129,-12,12
57382,54,49,5,5
57383,81,81,0,0
57384,85,71,14,14
57385,88,85,3,3
57386,57,58,-1,1
57387,103,95,8,8
57388,103,91,12,12
57389,95,81,14,14
57390,107,95,12,12
57391,91,83,8,8
57392,111,119,-8,8
57393,200,171,29,29
57394,83,79,4,4
57395,86,77,9,9
57396,80,79,1,1
57397,109,103,6,6
57398,69,63,6,6
57399,78,68,10,10
57400,70,71,-1,1
57401,77,69,8,8
57402,69,58,11,11
57403,96,80,16,16
57404,121,129,-8,8
57405,90,88,2,2
57406,152,133,19,19
57407,91,78,13,13
57408,89,79,10,10
57409,104,90,14,14
57410,88,62,26,26
57411,113,102,11,11
57412,81,84,-3,3
57413,92,80,12,12
57414,112,91,21,21
57415,113,109,4,4
57416,119,100,19,19
57417,68,64,4,4
57418,183,149,34,34
57419,154,129,25,25
57420,115,106,9,9
57421,173,180,-7,7
57422,108,94,14,14
57423,124,124,0,0
57424,71,63,8,8
57425,84,70,14,14
57426,80,73,7,7
57427,90,91,-1,1
57428,74,63,11,11
57429,89,71,18,18
57430,81,82,-1,1
57431,100,83,17,17
57432,136,125,11,11
57433,55,52,3,3
57434,105,97,8,8
57435,77,69,8,8
57436,192,171,21,21
57437,99,83,16,16
57438,90,82,8,8
57439,134,117,17,17
57440,113,99,14,14
57441,90,77,13,13
57442,150,125,25,25
57443,52,50,2,2
57444,102,91,11,11
57445,55,48,7,7
57446,110,101,9,9
57447,57,52,5,5
57448,57,52,5,5
57449,97,87,10,10
57450,117,110,7,7
57451,83,82,1,1
57452,121,104,17,17
57453,58,56,2,2
57454,101,92,9,9
57455,63,62,1,1
57456,105,97,8,8
57457,94,79,15,15
57458,138,125,13,13
57459,62,55,7,7
57460,113,107,6,6
57461,50,50,0,0
57462,90,85,5,5
57463,135,128,7,7
57464,68,54,14,14
57465,94,85,9,9
57466,63,56,7,7
57467,179,148,31,31
57468,78,70,8,8
57469,197,164,33,33
57470,124,114,10,10
57471,115,117,-2,2
57472,105,93,12,12
57473,135,127,8,8
57474,59,54,5,5
57475,75,80,-5,5
57476,131,114,17,17
57477,125,119,6,6
57478,82,82,0,0
57479,193,177,16,16
57480,23,26,-3,3
57481,67,61,6,6
57482,204,178,26,26
57483,78,74,4,4
57484,95,94,1,1
57485,143,133,10,10
57486,69,65,4,4
57487,78,67,11,11
57488,185,166,19,19
57489,60,58,2,2
57490,93,77,16,16
57491,49,47,2,2
57492,151,124,27,27
57493,93,80,13,13
57494,109,94,15,15
57495,58,51,7,7
57496,132,106,26,26
57497,85,68,17,17
57498,118,90,28,28
57499,69,64,5,5
57500,76,69,7,7
57501,68,71,-3,3
57502,68,63,5,5
57503,103,104,-1,1
57504,116,107,9,9
57505,189,155,34,34
57506,64,64,0,0
57507,54,48,6,6
57508,99,93,6,6
57509,140,119,21,21
57510,52,45,7,7
57511,144,131,13,13
57512,96,84,12,12
57513,60,74,-14,14
57514,131,124,7,7
57515,101,103,-2,2
57516,21,36,-15,15
57517,77,71,6,6
57518,94,87,7,7
57519,64,52,12,12
57520,77,65,12,12
57521,89,83,6,6
57522,68,62,6,6
57523,100,73,27,27
57524,94,86,8,8
57525,99,87,12,12
57526,104,98,6,6
57527,76,71,5,5
57528,41,39,2,2
57529,89,74,15,15
57530,159,127,32,32
57531,145,119,26,26
57532,89,77,12,12
57533,117,112,5,5
57534,56,59,-3,3
57535,112,99,13,13
57536,59,51,8,8
57537,54,50,4,4
57538,83,69,14,14
57539,70,69,1,1
57540,64,59,5,5
57541,134,121,13,13
57542,107,107,0,0
57543,81,76,5,5
57544,117,114,3,3
57545,123,118,5,5
57546,114,95,19,19
57547,173,147,26,26
57548,79,67,12,12
57549,117,98,19,19
57550,32,34,-2,2
57551,87,76,11,11
57552,189,171,18,18
57553,70,71,-1,1
57554,155,125,30,30
57555,81,76,5,5
57556,168,149,19,19
57557,114,103,11,11
57558,153,148,5,5
57559,124,107,17,17
57560,51,42,9,9
57561,105,103,2,2
57562,101,106,-5,5
57563,86,80,6,6
57564,129,115,14,14
57565,122,106,16,16
57566,149,131,18,18
57567,85,75,10,10
57568,73,65,8,8
57569,66,65,1,1
57570,180,147,33,33
57571,33,37,-4,4
57572,70,70,0,0
57573,101,107,-6,6
57574,89,87,2,2
57575,120,109,11,11
57576,121,105,16,16
57577,91,84,7,7
57578,90,80,10,10
57579,121,109,12,12
57580,154,146,8,8
57581,110,96,14,14
57582,65,57,8,8
57583,107,111,-4,4
57584,141,124,17,17
57585,61,61,0,0
57586,119,114,5,5
57587,135,126,9,9
57588,185,156,29,29
57589,46,46,0,0
57590,89,79,10,10
57591,134,121,13,13
57592,102,88,14,14
57593,138,127,11,11
57594,104,88,16,16
57595,176,153,23,23
57596,112,100,12,12
57597,135,125,10,10
57598,119,108,11,11
57599,82,67,15,15
57600,99,96,3,3
57601,119,104,15,15
57602,98,100,-2,2
57603,96,93,3,3
57604,90,90,0,0
57605,81,65,16,16
57606,65,60,5,5
57607,120,105,15,15
57608,90,79,11,11
57609,80,78,2,2
57610,81,80,1,1
57611,78,91,-13,13
57612,82,69,13,13
57613,155,124,31,31
57614,77,64,13,13
57615,116,108,8,8
57616,78,73,5,5
57617,69,60,9,9
57618,64,61,3,3
57619,88,79,9,9
57620,56,52,4,4
57621,62,64,-2,2
57622,49,51,-2,2
57623,120,97,23,23
57624,154,141,13,13
57625,86,78,8,8
57626,61,62,-1,1
57627,66,58,8,8
57628,145,117,28,28
57629,83,82,1,1
57630,136,119,17,17
57631,88,90,-2,2
57632,71,73,-2,2
57633,93,80,13,13
57634,97,83,14,14
57635,94,78,16,16
57636,97,95,2,2
57637,57,63,-6,6
57638,142,126,16,16
57639,119,107,12,12
57640,87,82,5,5
57641,131,128,3,3
57642,119,114,5,5
57643,76,65,11,11
57644,55,47,8,8
57645,106,95,11,11
57646,70,67,3,3
57647,103,95,8,8
57648,96,78,18,18
57649,150,139,11,11
57650,128,121,7,7
57651,38,36,2,2
57652,65,72,-7,7
57653,79,71,8,8
57654,96,81,15,15
57655,88,77,11,11
57656,185,187,-2,2
57657,81,69,12,12
57658,151,127,24,24
57659,94,82,12,12
57660,72,70,2,2
57661,110,98,12,12
57662,109,97,12,12
57663,80,70,10,10
57664,68,67,1,1
57665,111,89,22,22
57666,67,64,3,3
57667,95,83,12,12
57668,114,108,6,6
57669,51,47,4,4
57670,111,101,10,10
57671,118,98,20,20
57672,157,128,29,29
57673,82,77,5,5
57674,119,88,31,31
57675,73,67,6,6
57676,88,72,16,16
57677,46,41,5,5
57678,61,53,8,8
57679,81,75,6,6
57680,117,105,12,12
57681,87,75,12,12
57682,71,57,14,14
57683,70,62,8,8
57684,98,101,-3,3
57685,89,84,5,5
57686,100,87,13,13
57687,124,104,20,20
57688,166,143,23,23
57689,90,78,12,12
57690,43,42,1,1
57691,175,148,27,27
57692,104,99,5,5
57693,180,161,19,19
57694,57,49,8,8
57695,36,44,-8,8
57696,144,143,1,1
57697,136,118,18,18
57698,56,54,2,2
57699,93,91,2,2
57700,91,83,8,8
57701,98,90,8,8
57702,82,59,23,23
57703,101,104,-3,3
57704,113,104,9,9
57705,53,55,-2,2
57706,55,53,2,2
57707,120,103,17,17
57708,105,94,11,11
57709,71,68,3,3
57710,78,69,9,9
57711,165,151,14,14
57712,82,78,4,4
57713,126,110,16,16
57714,114,98,16,16
57715,143,125,18,18
57716,118,103,15,15
57717,94,90,4,4
57718,41,36,5,5
57719,67,60,7,7
57720,83,72,11,11
57721,119,93,26,26
57722,62,60,2,2
57723,55,47,8,8
57724,95,88,7,7
57725,91,89,2,2
57726,68,63,5,5
57727,144,136,8,8
57728,64,59,5,5
57729,43,51,-8,8
57730,81,80,1,1
57731,94,78,16,16
57732,77,70,7,7
57733,167,160,7,7
57734,51,54,-3,3
57735,117,98,19,19
57736,93,86,7,7
57737,71,66,5,5
57738,64,63,1,1
57739,168,148,20,20
57740,98,89,9,9
57741,38,35,3,3
57742,124,104,20,20
57743,104,102,2,2
57744,45,41,4,4
57745,36,40,-4,4
57746,82,74,8,8
57747,120,100,20,20
57748,108,109,-1,1
57749,43,42,1,1
57750,85,68,17,17
57751,146,125,21,21
57752,82,93,-11,11
57753,115,98,17,17
57754,98,81,17,17
57755,87,74,13,13
57756,124,120,4,4
57757,86,76,10,10
57758,92,100,-8,8
57759,109,85,24,24
57760,125,109,16,16
57761,140,135,5,5
57762,84,94,-10,10
57763,66,62,4,4
57764,131,110,21,21
57765,81,67,14,14
57766,88,76,12,12
57767,143,142,1,1
57768,74,73,1,1
57769,118,117,1,1
57770,56,57,-1,1
57771,61,52,9,9
57772,112,110,2,2
57773,119,103,16,16
57774,102,86,16,16
57775,101,114,-13,13
57776,71,62,9,9
57777,118,104,14,14
57778,119,122,-3,3
57779,83,77,6,6
57780,133,113,20,20
57781,57,53,4,4
57782,87,79,8,8
57783,6,14,-8,8
57784,76,76,0,0
57785,124,110,14,14
57786,28,26,2,2
57787,65,58,7,7
57788,86,70,16,16
57789,111,107,4,4
57790,59,61,-2,2
57791,94,86,8,8
57792,97,104,-7,7
57793,115,107,8,8
57794,75,73,2,2
57795,144,124,20,20
57796,86,86,0,0
57797,74,67,7,7
57798,102,96,6,6
57799,79,72,7,7
57800,99,91,8,8
57801,140,144,-4,4
57802,101,92,9,9
57803,156,131,25,25
57804,92,80,12,12
57805,70,65,5,5
57806,59,63,-4,4
57807,116,102,14,14
57808,138,127,11,11
57809,136,132,4,4
57810,61,54,7,7
57811,53,51,2,2
57812,79,66,13,13
57813,90,77,13,13
57814,127,111,16,16
57815,177,137,40,40
57816,110,110,0,0
57817,129,110,19,19
57818,106,115,-9,9
57819,74,71,3,3
57820,154,146,8,8
57821,129,121,8,8
57822,73,66,7,7
57823,77,77,0,0
57824,84,83,1,1
57825,103,90,13,13
57826,90,111,-21,21
57827,109,100,9,9
57828,68,58,10,10
57829,72,61,11,11
57830,105,107,-2,2
57831,65,60,5,5
57832,95,84,11,11
57833,133,123,10,10
57834,103,89,14,14
57835,107,104,3,3
57836,79,70,9,9
57837,116,100,16,16
57838,91,75,16,16
57839,72,74,-2,2
57840,66,78,-12,12
57841,147,125,22,22
57842,90,92,-2,2
57843,192,194,-2,2
57844,98,104,-6,6
57845,105,90,15,15
57846,44,44,0,0
57847,102,82,20,20
57848,82,82,0,0
57849,107,96,11,11
57850,102,92,10,10
57851,135,115,20,20
57852,157,134,23,23
57853,61,54,7,7
57854,155,135,20,20
57855,121,121,0,0
57856,77,70,7,7
57857,142,129,13,13
57858,95,80,15,15
57859,104,88,16,16
57860,77,71,6,6
57861,135,122,13,13
57862,101,91,10,10
57863,65,53,12,12
57864,108,98,10,10
57865,46,48,-2,2
57866,196,175,21,21
57867,83,76,7,7
57868,92,75,17,17
57869,66,54,12,12
57870,87,75,12,12
57871,76,66,10,10
57872,24,31,-7,7
57873,94,95,-1,1
57874,85,66,19,19
57875,147,178,-31,31
57876,104,107,-3,3
57877,97,86,11,11
57878,159,132,27,27
57879,103,91,12,12
57880,114,106,8,8
57881,133,126,7,7
57882,66,59,7,7
57883,101,96,5,5
57884,71,59,12,12
57885,85,78,7,7
57886,87,65,22,22
57887,116,89,27,27
57888,88,74,14,14
57889,64,56,8,8
57890,48,48,0,0
57891,55,52,3,3
57892,61,81,-20,20
57893,86,89,-3,3
57894,56,50,6,6
57895,58,48,10,10
57896,77,70,7,7
57897,70,70,0,0
57898,78,76,2,2
57899,136,118,18,18
57900,69,65,4,4
57901,68,57,11,11
57902,102,89,13,13
57903,67,60,7,7
57904,82,70,12,12
57905,54,48,6,6
57906,70,67,3,3
57907,83,70,13,13
57908,129,110,19,19
57909,43,40,3,3
57910,46,53,-7,7
57911,119,112,7,7
57912,50,46,4,4
57913,76,69,7,7
57914,168,150,18,18
57915,83,73,10,10
57916,116,98,18,18
57917,121,123,-2,2
57918,96,97,-1,1
57919,126,121,5,5
57920,86,82,4,4
57921,85,71,14,14
57922,93,75,18,18
57923,52,50,2,2
57924,129,116,13,13
57925,87,77,10,10
57926,38,40,-2,2
57927,61,68,-7,7
57928,77,72,5,5
57929,73,65,8,8
57930,143,139,4,4
57931,59,58,1,1
57932,57,55,2,2
57933,64,60,4,4
57934,140,127,13,13
57935,109,105,4,4
57936,91,82,9,9
57937,64,59,5,5
57938,105,82,23,23
57939,121,100,21,21
57940,65,53,12,12
57941,80,78,2,2
57942,75,70,5,5
57943,90,77,13,13
57944,93,92,1,1
57945,60,57,3,3
57946,75,68,7,7
57947,97,91,6,6
57948,130,117,13,13
57949,111,95,16,16
57950,82,69,13,13
57951,102,91,11,11
57952,72,63,9,9
57953,180,173,7,7
57954,71,76,-5,5
57955,92,83,9,9
57956,109,98,11,11
57957,113,100,13,13
57958,117,102,15,15
57959,105,100,5,5
57960,85,73,12,12
57961,75,61,14,14
57962,77,70,7,7
57963,79,72,7,7
57964,106,91,15,15
57965,52,57,-5,5
57966,107,73,34,34
57967,89,85,4,4
57968,150,132,18,18
57969,84,75,9,9
57970,78,74,4,4
57971,124,108,16,16
57972,58,55,3,3
57973,110,103,7,7
57974,108,101,7,7
57975,95,98,-3,3
57976,139,116,23,23
57977,92,84,8,8
57978,63,61,2,2
57979,81,76,5,5
57980,103,83,20,20
57981,75,66,9,9
57982,75,76,-1,1
57983,125,113,12,12
57984,98,95,3,3
57985,101,90,11,11
57986,73,75,-2,2
57987,95,85,10,10
57988,120,106,14,14
57989,90,96,-6,6
57990,178,147,31,31
57991,111,106,5,5
57992,90,81,9,9
57993,91,70,21,21
57994,92,72,20,20
57995,77,68,9,9
57996,87,75,12,12
57997,121,105,16,16
57998,99,79,20,20
57999,119,116,3,3
58000,85,83,2,2
58001,102,94,8,8
58002,102,88,14,14
58003,68,57,11,11
58004,159,132,27,27
58005,91,70,21,21
58006,85,83,2,2
58007,77,75,2,2
58008,136,127,9,9
58009,182,158,24,24
58010,101,91,10,10
58011,63,53,10,10
58012,89,95,-6,6
58013,78,71,7,7
58014,104,90,14,14
58015,113,101,12,12
58016,88,80,8,8
58017,87,79,8,8
58018,182,153,29,29
58019,97,88,9,9
58020,123,110,13,13
58021,93,110,-17,17
58022,77,59,18,18
58023,87,77,10,10
58024,71,67,4,4
58025,60,53,7,7
58026,95,93,2,2
58027,92,78,14,14
58028,78,68,10,10
58029,84,82,2,2
58030,153,131,22,22
58031,140,135,5,5
58032,99,78,21,21
58033,57,53,4,4
58034,83,80,3,3
58035,79,69,10,10
58036,87,81,6,6
58037,85,98,-13,13
58038,80,72,8,8
58039,69,67,2,2
58040,68,65,3,3
58041,94,90,4,4
58042,79,77,2,2
58043,115,104,11,11
58044,59,57,2,2
58045,183,176,7,7
58046,64,58,6,6
58047,109,93,16,16
58048,54,43,11,11
58049,62,54,8,8
58050,69,75,-6,6
58051,62,53,9,9
58052,71,59,12,12
58053,140,125,15,15
58054,73,63,10,10
58055,124,115,9,9
58056,86,84,2,2
58057,142,137,5,5
58058,170,156,14,14
58059,69,60,9,9
58060,124,117,7,7
58061,123,117,6,6
58062,104,79,25,25
58063,65,67,-2,2
58064,110,100,10,10
58065,80,63,17,17
58066,66,63,3,3
58067,96,79,17,17
58068,116,112,4,4
58069,74,64,10,10
58070,59,51,8,8
58071,64,52,12,12
58072,115,110,5,5
58073,89,75,14,14
58074,136,114,22,22
58075,51,45,6,6
58076,73,64,9,9
58077,68,62,6,6
58078,116,102,14,14
58079,135,127,8,8
58080,29,34,-5,5
58081,96,77,19,19
58082,38,39,-1,1
58083,170,157,13,13
58084,125,112,13,13
58085,160,135,25,25
58086,108,106,2,2
58087,144,129,15,15
58088,70,58,12,12
58089,100,85,15,15
58090,62,57,5,5
58091,129,118,11,11
58092,99,81,18,18
58093,93,90,3,3
58094,108,87,21,21
58095,59,51,8,8
58096,43,41,2,2
58097,119,99,20,20
58098,71,58,13,13
58099,147,152,-5,5
58100,60,57,3,3
58101,79,81,-2,2
58102,64,63,1,1
58103,73,65,8,8
58104,105,98,7,7
58105,80,71,9,9
58106,79,73,6,6
58107,90,80,10,10
58108,89,73,16,16
58109,73,64,9,9
58110,113,108,5,5
58111,78,77,1,1
58112,63,74,-11,11
58113,142,123,19,19
58114,145,149,-4,4
58115,95,89,6,6
58116,101,92,9,9
58117,126,105,21,21
58118,154,131,23,23
58119,184,146,38,38
58120,116,111,5,5
58121,84,78,6,6
58122,129,120,9,9
58123,74,67,7,7
58124,97,84,13,13
58125,88,99,-11,11
58126,102,99,3,3
58127,69,64,5,5
58128,73,71,2,2
58129,77,60,17,17
58130,98,90,8,8
58131,78,74,4,4
58132,108,86,22,22
58133,78,72,6,6
58134,86,85,1,1
58135,70,59,11,11
58136,70,66,4,4
58137,78,69,9,9
58138,81,71,10,10
58139,55,58,-3,3
58140,37,39,-2,2
58141,80,73,7,7
58142,68,63,5,5
58143,130,119,11,11
58144,100,89,11,11
58145,71,71,0,0
58146,97,87,10,10
58147,147,135,12,12
58148,93,87,6,6
58149,165,155,10,10
58150,70,68,2,2
58151,59,60,-1,1
58152,46,41,5,5
58153,132,105,27,27
58154,90,69,21,21
58155,208,188,20,20
58156,124,118,6,6
58157,92,91,1,1
58158,75,66,9,9
58159,103,92,11,11
58160,47,47,0,0
58161,72,57,15,15
58162,65,56,9,9
58163,107,102,5,5
58164,131,119,12,12
58165,67,71,-4,4
58166,119,105,14,14
58167,63,59,4,4
58168,153,126,27,27
58169,72,68,4,4
58170,131,133,-2,2
58171,92,78,14,14
58172,70,61,9,9
58173,93,91,2,2
58174,48,54,-6,6
58175,75,64,11,11
58176,185,165,20,20
58177,90,68,22,22
58178,53,48,5,5
58179,130,122,8,8
58180,139,131,8,8
58181,92,89,3,3
58182,77,101,-24,24
58183,130,107,23,23
58184,88,74,14,14
58185,68,67,1,1
58186,144,112,32,32
58187,73,70,3,3
58188,136,126,10,10
58189,115,101,14,14
58190,79,75,4,4
58191,97,88,9,9
58192,70,62,8,8
58193,76,74,2,2
58194,110,98,12,12
58195,103,104,-1,1
58196,106,97,9,9
58197,82,75,7,7
58198,82,79,3,3
58199,64,56,8,8
58200,108,99,9,9
58201,162,142,20,20
58202,64,64,0,0
58203,42,42,0,0
58204,128,115,13,13
58205,93,78,15,15
58206,83,73,10,10
58207,75,62,13,13
58208,113,101,12,12
58209,131,116,15,15
58210,70,58,12,12
58211,82,77,5,5
58212,53,50,3,3
58213,92,87,5,5
58214,123,106,17,17
58215,132,112,20,20
58216,71,63,8,8
58217,83,76,7,7
58218,52,48,4,4
58219,102,92,10,10
58220,51,52,-1,1
58221,90,76,14,14
58222,121,118,3,3
58223,125,116,9,9
58224,66,61,5,5
58225,99,97,2,2
58226,71,77,-6,6
58227,103,92,11,11
58228,87,81,6,6
58229,130,120,10,10
58230,74,68,6,6
58231,171,150,21,21
58232,146,118,28,28
58233,81,74,7,7
58234,72,57,15,15
58235,81,86,-5,5
58236,58,44,14,14
58237,111,95,16,16
58238,148,136,12,12
58239,76,67,9,9
58240,78,66,12,12
58241,91,88,3,3
58242,91,85,6,6
58243,70,66,4,4
58244,155,128,27,27
58245,89,82,7,7
58246,55,46,9,9
58247,97,76,21,21
58248,71,63,8,8
58249,134,130,4,4
58250,85,65,20,20
58251,76,68,8,8
58252,98,99,-1,1
58253,51,51,0,0
58254,111,98,13,13
58255,59,59,0,0
58256,112,100,12,12
58257,43,41,2,2
58258,122,105,17,17
58259,62,58,4,4
58260,57,50,7,7
58261,94,90,4,4
58262,92,81,11,11
58263,113,111,2,2
58264,125,110,15,15
58265,98,93,5,5
58266,58,50,8,8
58267,110,94,16,16
58268,69,67,2,2
58269,57,59,-2,2
58270,54,48,6,6
58271,69,61,8,8
58272,84,83,1,1
58273,81,81,0,0
58274,72,67,5,5
58275,120,100,20,20
58276,59,56,3,3
58277,121,103,18,18
58278,54,56,-2,2
58279,62,56,6,6
58280,83,67,16,16
58281,85,69,16,16
58282,102,97,5,5
58283,109,87,22,22
58284,128,129,-1,1
58285,128,106,22,22
58286,155,107,48,48
58287,75,73,2,2
58288,44,35,9,9
58289,106,98,8,8
58290,122,101,21,21
58291,99,89,10,10
58292,76,69,7,7
58293,93,83,10,10
58294,59,56,3,3
58295,115,99,16,16
58296,147,131,16,16
58297,104,98,6,6
58298,56,53,3,3
58299,119,104,15,15
58300,92,85,7,7
58301,55,53,2,2
58302,70,58,12,12
58303,79,77,2,2
58304,106,92,14,14
58305,141,119,22,22
58306,142,132,10,10
58307,100,93,7,7
58308,71,63,8,8
58309,37,34,3,3
58310,58,55,3,3
58311,107,102,5,5
58312,104,93,11,11
58313,125,114,11,11
58314,95,113,-18,18
58315,164,147,17,17
58316,45,51,-6,6
58317,86,73,13,13
58318,101,92,9,9
58319,117,101,16,16
58320,85,87,-2,2
58321,60,55,5,5
58322,141,140,1,1
58323,101,96,5,5
58324,113,93,20,20
58325,108,100,8,8
58326,86,74,12,12
58327,121,101,20,20
58328,165,168,-3,3
58329,58,52,6,6
58330,165,149,16,16
58331,99,90,9,9
58332,77,74,3,3
58333,120,108,12,12
58334,132,113,19,19
58335,138,112,26,26
58336,104,117,-13,13
58337,59,54,5,5
58338,68,58,10,10
58339,76,71,5,5
58340,81,79,2,2
58341,126,113,13,13
58342,125,90,35,35
58343,39,35,4,4
58344,103,78,25,25
58345,64,64,0,0
58346,120,101,19,19
58347,53,53,0,0
58348,81,68,13,13
58349,128,110,18,18
58350,75,67,8,8
58351,67,53,14,14
58352,158,131,27,27
58353,77,84,-7,7
58354,140,130,10,10
58355,75,74,1,1
58356,114,107,7,7
58357,82,73,9,9
58358,96,89,7,7
58359,142,119,23,23
58360,84,87,-3,3
58361,84,58,26,26
58362,69,59,10,10
58363,63,60,3,3
58364,83,80,3,3
58365,136,125,11,11
58366,107,95,12,12
58367,95,89,6,6
58368,157,131,26,26
58369,89,84,5,5
58370,85,74,11,11
58371,102,92,10,10
58372,103,100,3,3
58373,88,77,11,11
58374,100,87,13,13
58375,69,61,8,8
58376,84,68,16,16
58377,32,36,-4,4
58378,52,51,1,1
58379,156,133,23,23
58380,71,58,13,13
58381,114,98,16,16
58382,83,74,9,9
58383,81,73,8,8
58384,164,141,23,23
58385,109,96,13,13
58386,89,87,2,2
58387,125,100,25,25
58388,82,69,13,13
58389,73,68,5,5
58390,117,130,-13,13
58391,69,64,5,5
58392,98,86,12,12
58393,114,92,22,22
58394,86,77,9,9
58395,112,93,19,19
58396,96,95,1,1
58397,113,100,13,13
58398,86,85,1,1
58399,130,114,16,16
58400,80,73,7,7
58401,134,127,7,7
58402,158,146,12,12
58403,59,51,8,8
58404,55,55,0,0
58405,87,83,4,4
58406,42,46,-4,4
58407,76,68,8,8
58408,62,52,10,10
58409,119,106,13,13
58410,103,94,9,9
58411,172,156,16,16
58412,134,128,6,6
58413,68,61,7,7
58414,62,53,9,9
58415,57,58,-1,1
58416,147,123,24,24
58417,93,83,10,10
58418,116,104,12,12
58419,161,148,13,13
58420,79,86,-7,7
58421,148,135,13,13
58422,118,107,11,11
58423,46,50,-4,4
58424,130,122,8,8
58425,163,142,21,21
58426,56,54,2,2
58427,74,64,10,10
58428,66,66,0,0
58429,84,69,15,15
58430,76,74,2,2
58431,88,77,11,11
58432,69,63,6,6
58433,60,56,4,4
58434,75,66,9,9
58435,164,140,24,24
58436,71,73,-2,2
58437,125,98,27,27
58438,86,82,4,4
58439,62,52,10,10
58440,82,73,9,9
58441,55,49,6,6
58442,58,62,-4,4
58443,52,56,-4,4
58444,107,92,15,15
58445,82,83,-1,1
58446,118,107,11,11
58447,104,91,13,13
58448,65,58,7,7
58449,148,145,3,3
58450,104,97,7,7
58451,189,164,25,25
58452,126,117,9,9
58453,92,74,18,18
58454,122,111,11,11
58455,75,70,5,5
58456,99,89,10,10
58457,99,92,7,7
58458,154,140,14,14
58459,89,89,0,0
58460,145,135,10,10
58461,81,66,15,15
58462,146,141,5,5
58463,171,164,7,7
58464,52,49,3,3
58465,81,69,12,12
58466,102,92,10,10
58467,137,138,-1,1
58468,43,40,3,3
58469,93,87,6,6
58470,62,56,6,6
58471,110,96,14,14
58472,78,64,14,14
58473,112,109,3,3
58474,64,64,0,0
58475,52,47,5,5
58476,51,61,-10,10
58477,71,71,0,0
58478,62,58,4,4
58479,54,45,9,9
58480,81,57,24,24
58481,156,125,31,31
58482,76,74,2,2
58483,74,61,13,13
58484,63,63,0,0
58485,59,48,11,11
58486,45,42,3,3
58487,127,99,28,28
58488,110,91,19,19
58489,68,59,9,9
58490,89,82,7,7
58491,64,58,6,6
58492,116,112,4,4
58493,68,66,2,2
58494,211,201,10,10
58495,93,80,13,13
58496,79,71,8,8
58497,84,77,7,7
58498,73,64,9,9
58499,82,70,12,12
58500,80,86,-6,6
58501,75,70,5,5
58502,83,78,5,5
58503,123,111,12,12
58504,52,43,9,9
58505,133,113,20,20
58506,90,81,9,9
58507,70,61,9,9
58508,74,72,2,2
58509,84,82,2,2
58510,90,87,3,3
58511,92,86,6,6
58512,55,56,-1,1
58513,62,59,3,3
58514,120,112,8,8
58515,84,78,6,6
58516,83,66,17,17
58517,95,105,-10,10
58518,79,66,13,13
58519,89,85,4,4
58520,149,134,15,15
58521,81,103,-22,22
58522,91,87,4,4
58523,87,70,17,17
58524,76,70,6,6
58525,45,41,4,4
58526,226,201,25,25
58527,125,112,13,13
58528,148,151,-3,3
58529,60,56,4,4
58530,134,123,11,11
58531,165,148,17,17
58532,129,112,17,17
58533,65,55,10,10
58534,89,79,10,10
58535,95,90,5,5
58536,83,76,7,7
58537,79,68,11,11
58538,111,98,13,13
58539,83,71,12,12
58540,121,109,12,12
58541,97,90,7,7
58542,114,108,6,6
58543,55,47,8,8
58544,118,104,14,14
58545,95,85,10,10
58546,80,71,9,9
58547,112,103,9,9
58548,127,110,17,17
58549,140,121,19,19
58550,100,156,-56,56
58551,50,47,3,3
58552,130,116,14,14
58553,77,71,6,6
58554,86,89,-3,3
58555,117,92,25,25
58556,163,144,19,19
58557,78,69,9,9
58558,118,106,12,12
58559,110,107,3,3
58560,93,78,15,15
58561,76,84,-8,8
58562,71,59,12,12
58563,85,79,6,6
58564,39,40,-1,1
58565,77,76,1,1
58566,57,51,6,6
58567,68,61,7,7
58568,74,66,8,8
58569,80,69,11,11
58570,86,83,3,3
58571,55,49,6,6
58572,129,99,30,30
58573,181,169,12,12
58574,71,66,5,5
58575,106,119,-13,13
58576,43,43,0,0
58577,157,141,16,16
58578,68,59,9,9
58579,134,114,20,20
58580,137,135,2,2
58581,71,64,7,7
58582,48,43,5,5
58583,45,45,0,0
58584,75,71,4,4
58585,67,74,-7,7
58586,108,91,17,17
58587,81,73,8,8
58588,94,89,5,5
58589,229,211,18,18
58590,58,53,5,5
58591,75,72,3,3
58592,97,103,-6,6
58593,142,129,13,13
58594,196,149,47,47
58595,78,71,7,7
58596,101,106,-5,5
58597,100,86,14,14
58598,82,68,14,14
58599,100,92,8,8
58600,81,77,4,4
58601,81,80,1,1
58602,106,128,-22,22
58603,74,60,14,14
58604,77,80,-3,3
58605,124,113,11,11
58606,35,36,-1,1
58607,76,75,1,1
58608,106,96,10,10
58609,83,81,2,2
58610,82,76,6,6
58611,77,72,5,5
58612,113,103,10,10
58613,86,73,13,13
58614,115,101,14,14
58615,98,86,12,12
58616,69,71,-2,2
58617,90,89,1,1
58618,99,86,13,13
58619,59,62,-3,3
58620,109,92,17,17
58621,72,70,2,2
58622,130,115,15,15
58623,118,112,6,6
58624,113,101,12,12
58625,98,89,9,9
58626,102,86,16,16
58627,142,116,26,26
58628,95,98,-3,3
58629,89,82,7,7
58630,45,52,-7,7
58631,35,29,6,6
58632,54,53,1,1
58633,102,81,21,21
58634,27,23,4,4
58635,66,58,8,8
58636,35,40,-5,5
58637,115,97,18,18
58638,148,136,12,12
58639,98,83,15,15
58640,115,105,10,10
58641,79,81,-2,2
58642,84,77,7,7
58643,147,133,14,14
58644,79,67,12,12
58645,62,56,6,6
58646,95,79,16,16
58647,71,66,5,5
58648,66,62,4,4
58649,84,78,6,6
58650,142,125,17,17
58651,142,116,26,26
58652,91,82,9,9
58653,102,91,11,11
58654,105,126,-21,21
58655,66,56,10,10
58656,83,81,2,2
58657,63,58,5,5
58658,66,64,2,2
58659,109,114,-5,5
58660,71,62,9,9
58661,92,82,10,10
58662,139,136,3,3
58663,117,110,7,7
58664,120,112,8,8
58665,94,101,-7,7
58666,99,90,9,9
58667,58,50,8,8
58668,129,121,8,8
58669,66,67,-1,1
58670,126,96,30,30
58671,111,108,3,3
58672,54,47,7,7
58673,153,120,33,33
58674,82,77,5,5
58675,56,54,2,2
58676,59,56,3,3
58677,146,125,21,21
58678,64,57,7,7
58679,56,53,3,3
58680,60,52,8,8
58681,21,41,-20,20
58682,132,123,9,9
58683,85,80,5,5
58684,113,100,13,13
58685,81,71,10,10
58686,110,102,8,8
58687,98,86,12,12
58688,86,82,4,4
58689,102,92,10,10
58690,129,134,-5,5
58691,89,77,12,12
58692,121,113,8,8
58693,104,93,11,11
58694,63,61,2,2
58695,138,117,21,21
58696,119,126,-7,7
58697,92,81,11,11
58698,113,99,14,14
58699,97,91,6,6
58700,162,143,19,19
58701,41,43,-2,2
58702,112,103,9,9
58703,124,110,14,14
58704,76,70,6,6
58705,116,108,8,8
58706,86,72,14,14
58707,69,56,13,13
58708,99,98,1,1
58709,65,63,2,2
58710,70,75,-5,5
58711,111,89,22,22
58712,79,68,11,11
58713,92,86,6,6
58714,92,75,17,17
58715,126,116,10,10
58716,109,96,13,13
58717,65,65,0,0
58718,79,70,9,9
58719,160,147,13,13
58720,75,74,1,1
58721,95,83,12,12
58722,97,86,11,11
58723,102,93,9,9
58724,75,62,13,13
58725,119,111,8,8
58726,31,28,3,3
58727,137,114,23,23
58728,99,102,-3,3
58729,135,119,16,16
58730,143,135,8,8
58731,128,115,13,13
58732,135,123,12,12
58733,56,44,12,12
58734,79,67,12,12
58735,157,127,30,30
58736,103,106,-3,3
58737,147,132,15,15
58738,78,70,8,8
58739,124,110,14,14
58740,57,61,-4,4
58741,63,73,-10,10
58742,79,69,10,10
58743,87,83,4,4
58744,105,88,17,17
58745,119,104,15,15
58746,41,36,5,5
58747,62,63,-1,1
58748,148,141,7,7
58749,113,102,11,11
58750,236,207,29,29
58751,49,49,0,0
58752,78,78,0,0
58753,105,98,7,7
58754,136,118,18,18
58755,93,87,6,6
58756,55,53,2,2
58757,87,82,5,5
58758,67,69,-2,2
58759,113,94,19,19
58760,52,50,2,2
58761,102,119,-17,17
58762,149,118,31,31
58763,65,69,-4,4
58764,106,87,19,19
58765,88,76,12,12
58766,175,148,27,27
58767,116,112,4,4
58768,128,117,11,11
58769,86,80,6,6
58770,154,117,37,37
58771,93,82,11,11
58772,65,87,-22,22
58773,119,112,7,7
58774,81,70,11,11
58775,93,103,-10,10
58776,77,73,4,4
58777,144,108,36,36
58778,105,99,6,6
58779,111,84,27,27
58780,143,118,25,25
58781,96,84,12,12
58782,86,87,-1,1
58783,78,69,9,9
58784,136,119,17,17
58785,82,73,9,9
58786,91,82,9,9
58787,83,79,4,4
58788,106,99,7,7
58789,94,91,3,3
58790,99,95,4,4
58791,78,67,11,11
58792,154,135,19,19
58793,77,57,20,20
58794,184,162,22,22
58795,192,168,24,24
58796,77,67,10,10
58797,105,102,3,3
58798,62,61,1,1
58799,103,91,12,12
58800,59,55,4,4
58801,77,62,15,15
58802,155,146,9,9
58803,90,79,11,11
58804,98,110,-12,12
58805,93,83,10,10
58806,132,122,10,10
58807,115,107,8,8
58808,67,59,8,8
58809,198,182,16,16
58810,90,79,11,11
58811,114,102,12,12
58812,108,99,9,9
58813,77,76,1,1
58814,114,112,2,2
58815,126,127,-1,1
58816,86,76,10,10
58817,67,61,6,6
58818,108,99,9,9
58819,92,84,8,8
58820,123,112,11,11
58821,96,91,5,5
58822,64,57,7,7
58823,166,150,16,16
58824,218,202,16,16
58825,89,85,4,4
58826,76,73,3,3
58827,69,63,6,6
58828,122,113,9,9
58829,115,107,8,8
58830,87,101,-14,14
58831,119,106,13,13
58832,95,81,14,14
58833,82,75,7,7
58834,57,53,4,4
58835,100,99,1,1
58836,86,71,15,15
58837,101,85,16,16
58838,65,51,14,14
58839,106,96,10,10
58840,75,66,9,9
58841,142,121,21,21
58842,81,68,13,13
58843,77,75,2,2
58844,59,51,8,8
58845,130,107,23,23
58846,100,83,17,17
58847,92,87,5,5
58848,55,52,3,3
58849,101,119,-18,18
58850,66,59,7,7
58851,108,91,17,17
58852,83,76,7,7
58853,69,59,10,10
58854,140,119,21,21
58855,87,74,13,13
58856,96,90,6,6
58857,167,133,34,34
58858,72,63,9,9
58859,88,86,2,2
58860,124,105,19,19
58861,91,87,4,4
58862,51,47,4,4
58863,87,62,25,25
58864,92,87,5,5
58865,58,53,5,5
58866,45,43,2,2
58867,95,80,15,15
58868,134,112,22,22
58869,91,84,7,7
58870,121,107,14,14
58871,51,43,8,8
58872,58,53,5,5
58873,48,44,4,4
58874,75,73,2,2
58875,46,47,-1,1
58876,56,53,3,3
58877,87,76,11,11
58878,47,59,-12,12
58879,88,84,4,4
58880,112,97,15,15
58881,56,53,3,3
58882,104,97,7,7
58883,61,53,8,8
58884,96,87,9,9
58885,113,97,16,16
58886,66,55,11,11
58887,153,143,10,10
58888,115,112,3,3
58889,100,91,9,9
58890,73,63,10,10
58891,89,66,23,23
58892,101,101,0,0
58893,82,82,0,0
58894,89,91,-2,2
58895,94,93,1,1
58896,93,79,14,14
58897,113,102,11,11
58898,129,112,17,17
58899,68,56,12,12
58900,68,57,11,11
58901,94,84,10,10
58902,157,139,18,18
58903,99,88,11,11
58904,54,58,-4,4
58905,123,105,18,18
58906,94,75,19,19
58907,183,170,13,13
58908,74,63,11,11
58909,59,52,7,7
58910,173,147,26,26
58911,122,108,14,14
58912,75,67,8,8
58913,77,75,2,2
58914,63,58,5,5
58915,90,90,0,0
58916,56,57,-1,1
58917,82,76,6,6
58918,86,92,-6,6
58919,149,136,13,13
58920,108,91,17,17
58921,73,67,6,6
58922,67,65,2,2
58923,93,85,8,8
58924,55,51,4,4
58925,108,106,2,2
58926,118,109,9,9
58927,30,31,-1,1
58928,70,45,25,25
58929,94,87,7,7
58930,84,69,15,15
58931,77,66,11,11
58932,64,56,8,8
58933,103,96,7,7
58934,93,106,-13,13
58935,91,78,13,13
58936,65,62,3,3
58937,108,93,15,15
58938,117,97,20,20
58939,45,42,3,3
58940,113,107,6,6
58941,70,61,9,9
58942,75,87,-12,12
58943,79,68,11,11
58944,59,51,8,8
58945,59,51,8,8
58946,42,46,-4,4
58947,96,79,17,17
58948,109,93,16,16
58949,95,93,2,2
58950,126,117,9,9
58951,89,87,2,2
58952,99,92,7,7
58953,145,133,12,12
58954,108,93,15,15
58955,84,77,7,7
58956,82,81,1,1
58957,171,149,22,22
58958,103,87,16,16
58959,118,102,16,16
58960,180,153,27,27
58961,61,57,4,4
58962,163,137,26,26
58963,135,135,0,0
58964,152,131,21,21
58965,109,86,23,23
58966,61,62,-1,1
58967,108,99,9,9
58968,181,174,7,7
58969,104,103,1,1
58970,105,91,14,14
58971,68,64,4,4
58972,116,131,-15,15
58973,144,126,18,18
58974,85,73,12,12
58975,141,137,4,4
58976,152,145,7,7
58977,114,106,8,8
58978,143,125,18,18
58979,155,143,12,12
58980,191,164,27,27
58981,102,89,13,13
58982,77,68,9,9
58983,97,93,4,4
58984,85,86,-1,1
58985,82,68,14,14
58986,83,69,14,14
58987,64,58,6,6
58988,135,124,11,11
58989,86,68,18,18
58990,59,51,8,8
58991,71,55,16,16
58992,65,44,21,21
58993,134,118,16,16
58994,85,79,6,6
58995,159,140,19,19
58996,145,139,6,6
58997,66,65,1,1
58998,71,68,3,3
58999,154,125,29,29
59000,159,156,3,3
59001,50,45,5,5
59002,95,95,0,0
59003,81,72,9,9
59004,128,105,23,23
59005,79,71,8,8
59006,93,91,2,2
59007,156,146,10,10
59008,107,92,15,15
59009,48,46,2,2
59010,49,49,0,0
59011,52,107,-55,55
59012,43,45,-2,2
59013,166,149,17,17
59014,59,55,4,4
59015,97,81,16,16
59016,143,143,0,0
59017,107,106,1,1
59018,122,108,14,14
59019,77,64,13,13
59020,77,73,4,4
59021,52,48,4,4
59022,70,61,9,9
59023,93,84,9,9
59024,93,98,-5,5
59025,110,105,5,5
59026,53,55,-2,2
59027,67,59,8,8
59028,185,169,16,16
59029,90,70,20,20
59030,107,95,12,12
59031,148,144,4,4
59032,119,112,7,7
59033,95,96,-1,1
59034,112,88,24,24
59035,171,168,3,3
59036,110,85,25,25
59037,76,74,2,2
59038,99,88,11,11
59039,94,93,1,1
59040,107,103,4,4
59041,73,67,6,6
59042,133,107,26,26
59043,70,72,-2,2
59044,80,60,20,20
59045,149,133,16,16
59046,78,48,30,30
59047,95,87,8,8
59048,79,79,0,0
59049,42,49,-7,7
59050,73,63,10,10
59051,346,254,92,92
59052,70,53,17,17
59053,75,70,5,5
59054,144,139,5,5
59055,63,57,6,6
59056,80,70,10,10
59057,124,104,20,20
59058,69,61,8,8
59059,99,90,9,9
59060,140,105,35,35
59061,117,104,13,13
59062,58,57,1,1
59063,84,78,6,6
59064,47,44,3,3
59065,86,75,11,11
59066,52,52,0,0
59067,77,74,3,3
59068,69,63,6,6
59069,107,93,14,14
59070,118,94,24,24
59071,81,83,-2,2
59072,109,93,16,16
59073,97,95,2,2
59074,85,74,11,11
59075,81,67,14,14
59076,65,53,12,12
59077,101,106,-5,5
59078,90,90,0,0
59079,68,70,-2,2
59080,59,49,10,10
59081,97,90,7,7
59082,104,94,10,10
59083,52,44,8,8
59084,58,55,3,3
59085,64,65,-1,1
59086,92,83,9,9
59087,179,151,28,28
59088,112,96,16,16
59089,100,102,-2,2
59090,60,53,7,7
59091,102,93,9,9
59092,111,97,14,14
59093,100,85,15,15
59094,80,68,12,12
59095,89,78,11,11
59096,124,121,3,3
59097,70,63,7,7
59098,85,86,-1,1
59099,79,77,2,2
59100,74,65,9,9
59101,66,55,11,11
59102,75,74,1,1
59103,83,75,8,8
59104,65,62,3,3
59105,119,109,10,10
59106,102,88,14,14
59107,81,77,4,4
59108,77,71,6,6
59109,81,71,10,10
59110,94,90,4,4
59111,103,97,6,6
59112,104,91,13,13
59113,118,96,22,22
59114,90,73,17,17
59115,71,66,5,5
59116,114,98,16,16
59117,120,90,30,30
59118,85,72,13,13
59119,79,75,4,4
59120,49,47,2,2
59121,74,65,9,9
59122,99,89,10,10
59123,106,107,-1,1
59124,89,82,7,7
59125,21,33,-12,12
59126,114,107,7,7
59127,90,88,2,2
59128,129,112,17,17
59129,64,58,6,6
59130,44,42,2,2
59131,150,124,26,26
59132,136,126,10,10
59133,119,112,7,7
59134,68,68,0,0
59135,87,86,1,1
59136,66,67,-1,1
59137,103,95,8,8
59138,117,107,10,10
59139,111,86,25,25
59140,112,82,30,30
59141,101,85,16,16
59142,143,132,11,11
59143,81,74,7,7
59144,180,147,33,33
59145,61,56,5,5
59146,131,118,13,13
59147,70,66,4,4
59148,107,102,5,5
59149,135,115,20,20
59150,92,79,13,13
59151,81,72,9,9
59152,108,96,12,12
59153,90,78,12,12
59154,86,69,17,17
59155,127,107,20,20
59156,47,44,3,3
59157,130,120,10,10
59158,84,85,-1,1
59159,79,72,7,7
59160,91,83,8,8
59161,120,98,22,22
59162,80,71,9,9
59163,59,59,0,0
59164,81,84,-3,3
59165,143,135,8,8
59166,117,94,23,23
59167,143,130,13,13
59168,154,117,37,37
59169,57,56,1,1
59170,69,62,7,7
59171,44,42,2,2
59172,84,83,1,1
59173,96,82,14,14
59174,80,68,12,12
59175,61,68,-7,7
59176,64,69,-5,5
59177,67,61,6,6
59178,108,97,11,11
59179,87,80,7,7
59180,87,74,13,13
59181,112,89,23,23
59182,147,131,16,16
59183,143,129,14,14
59184,124,112,12,12
59185,160,139,21,21
59186,109,99,10,10
59187,71,62,9,9
59188,138,123,15,15
59189,76,68,8,8
59190,96,81,15,15
59191,94,81,13,13
59192,44,41,3,3
59193,83,80,3,3
59194,49,48,1,1
59195,75,77,-2,2
59196,104,102,2,2
59197,75,69,6,6
59198,93,85,8,8
59199,96,95,1,1
59200,81,80,1,1
59201,80,70,10,10
59202,97,74,23,23
59203,65,64,1,1
59204,46,46,0,0
59205,79,73,6,6
59206,88,80,8,8
59207,62,65,-3,3
59208,84,68,16,16
59209,70,66,4,4
59210,129,125,4,4
59211,104,67,37,37
59212,116,109,7,7
59213,126,109,17,17
59214,95,92,3,3
59215,66,59,7,7
59216,81,73,8,8
59217,133,107,26,26
59218,95,88,7,7
59219,151,129,22,22
59220,88,80,8,8
59221,110,101,9,9
59222,69,51,18,18
59223,106,90,16,16
59224,64,61,3,3
59225,126,105,21,21
59226,41,45,-4,4
59227,97,87,10,10
59228,46,68,-22,22
59229,52,60,-8,8
59230,66,52,14,14
59231,81,72,9,9
59232,81,74,7,7
59233,85,75,10,10
59234,35,33,2,2
59235,118,101,17,17
59236,94,86,8,8
59237,92,78,14,14
59238,55,53,2,2
59239,99,86,13,13
59240,68,64,4,4
59241,56,52,4,4
59242,97,94,3,3
59243,110,106,4,4
59244,152,133,19,19
59245,40,41,-1,1
59246,52,56,-4,4
59247,169,160,9,9
59248,160,137,23,23
59249,78,68,10,10
59250,77,81,-4,4
59251,40,39,1,1
59252,93,108,-15,15
59253,115,98,17,17
59254,108,102,6,6
59255,69,65,4,4
59256,126,144,-18,18
59257,133,134,-1,1
59258,116,103,13,13
59259,76,80,-4,4
59260,42,42,0,0
59261,74,74,0,0
59262,145,128,17,17
59263,72,62,10,10
59264,103,101,2,2
59265,67,63,4,4
59266,139,113,26,26
59267,93,81,12,12
59268,112,98,14,14
59269,176,157,19,19
59270,70,64,6,6
59271,158,123,35,35
59272,71,65,6,6
59273,47,37,10,10
59274,93,76,17,17
59275,57,61,-4,4
59276,75,63,12,12
59277,62,65,-3,3
59278,104,115,-11,11
59279,143,130,13,13
59280,83,71,12,12
59281,75,64,11,11
59282,92,82,10,10
59283,60,67,-7,7
59284,117,105,12,12
59285,64,60,4,4
59286,61,56,5,5
59287,87,70,17,17
59288,175,169,6,6
59289,58,54,4,4
59290,77,61,16,16
59291,96,73,23,23
59292,120,115,5,5
59293,176,155,21,21
59294,132,119,13,13
59295,67,58,9,9
59296,73,69,4,4
59297,120,130,-10,10
59298,71,65,6,6
59299,63,53,10,10
59300,74,61,13,13
59301,35,49,-14,14
59302,129,106,23,23
59303,132,128,4,4
59304,75,70,5,5
59305,122,108,14,14
59306,89,77,12,12
59307,90,72,18,18
59308,71,67,4,4
59309,92,74,18,18
59310,184,157,27,27
59311,59,77,-18,18
59312,90,83,7,7
59313,100,100,0,0
59314,83,77,6,6
59315,83,79,4,4
59316,78,72,6,6
59317,106,96,10,10
59318,107,102,5,5
59319,45,44,1,1
59320,82,78,4,4
59321,85,86,-1,1
59322,109,82,27,27
59323,70,66,4,4
59324,70,67,3,3
59325,109,104,5,5
59326,62,55,7,7
59327,63,62,1,1
59328,67,66,1,1
59329,38,37,1,1
59330,45,40,5,5
59331,111,92,19,19
59332,99,101,-2,2
59333,52,53,-1,1
59334,93,83,10,10
59335,103,109,-6,6
59336,86,79,7,7
59337,69,61,8,8
59338,52,68,-16,16
59339,215,166,49,49
59340,90,81,9,9
59341,54,51,3,3
59342,110,97,13,13
59343,97,79,18,18
59344,150,105,45,45
59345,142,124,18,18
59346,57,64,-7,7
59347,116,102,14,14
59348,177,152,25,25
59349,109,100,9,9
59350,78,72,6,6
59351,79,76,3,3
59352,51,49,2,2
59353,80,74,6,6
59354,99,99,0,0
59355,49,44,5,5
59356,153,141,12,12
59357,174,156,18,18
59358,100,92,8,8
59359,147,124,23,23
59360,75,76,-1,1
59361,138,116,22,22
59362,78,67,11,11
59363,77,74,3,3
59364,93,76,17,17
59365,148,128,20,20
59366,176,146,30,30
59367,74,67,7,7
59368,178,173,5,5
59369,107,106,1,1
59370,103,89,14,14
59371,125,112,13,13
59372,119,101,18,18
59373,98,90,8,8
59374,69,56,13,13
59375,72,62,10,10
59376,81,86,-5,5
59377,54,54,0,0
59378,110,104,6,6
59379,84,77,7,7
59380,148,135,13,13
59381,61,51,10,10
59382,94,94,0,0
59383,79,83,-4,4
59384,77,68,9,9
59385,83,75,8,8
59386,102,84,18,18
59387,99,89,10,10
59388,104,90,14,14
59389,128,126,2,2
59390,73,69,4,4
59391,85,75,10,10
59392,123,124,-1,1
59393,87,83,4,4
59394,135,108,27,27
59395,71,63,8,8
59396,81,87,-6,6
59397,64,55,9,9
59398,71,63,8,8
59399,105,92,13,13
59400,59,50,9,9
59401,140,121,19,19
59402,161,141,20,20
59403,100,81,19,19
59404,89,82,7,7
59405,64,62,2,2
59406,154,141,13,13
59407,167,124,43,43
59408,178,151,27,27
59409,88,70,18,18
59410,79,92,-13,13
59411,72,71,1,1
59412,85,74,11,11
59413,92,82,10,10
59414,71,76,-5,5
59415,60,57,3,3
59416,66,55,11,11
59417,95,78,17,17
59418,82,71,11,11
59419,82,82,0,0
59420,91,74,17,17
59421,121,101,20,20
59422,78,71,7,7
59423,148,130,18,18
59424,95,88,7,7
59425,138,133,5,5
59426,61,60,1,1
59427,66,63,3,3
59428,83,73,10,10
59429,61,61,0,0
59430,60,52,8,8
59431,56,50,6,6
59432,127,114,13,13
59433,62,54,8,8
59434,133,126,7,7
59435,79,66,13,13
59436,123,95,28,28
59437,53,50,3,3
59438,79,69,10,10
59439,126,104,22,22
59440,117,124,-7,7
59441,136,121,15,15
59442,81,97,-16,16
59443,105,117,-12,12
59444,118,113,5,5
59445,66,60,6,6
59446,59,47,12,12
59447,129,121,8,8
59448,93,94,-1,1
59449,87,81,6,6
59450,45,47,-2,2
59451,64,55,9,9
59452,121,115,6,6
59453,168,140,28,28
59454,81,68,13,13
59455,99,85,14,14
59456,117,95,22,22
59457,95,78,17,17
59458,66,61,5,5
59459,122,103,19,19
59460,112,113,-1,1
59461,71,74,-3,3
59462,172,164,8,8
59463,108,91,17,17
59464,85,76,9,9
59465,130,113,17,17
59466,64,57,7,7
59467,74,74,0,0
59468,63,59,4,4
59469,145,130,15,15
59470,95,89,6,6
59471,138,134,4,4
59472,105,94,11,11
59473,51,52,-1,1
59474,109,110,-1,1
59475,91,100,-9,9
59476,70,56,14,14
59477,129,119,10,10
59478,106,81,25,25
59479,82,69,13,13
59480,54,51,3,3
59481,151,150,1,1
59482,120,104,16,16
59483,151,134,17,17
59484,96,96,0,0
59485,62,61,1,1
59486,165,144,21,21
59487,138,118,20,20
59488,128,120,8,8
59489,80,64,16,16
59490,94,86,8,8
59491,86,82,4,4
59492,130,118,12,12
59493,154,131,23,23
59494,81,73,8,8
59495,152,133,19,19
59496,52,63,-11,11
59497,65,59,6,6
59498,109,86,23,23
59499,72,64,8,8
59500,103,89,14,14
59501,112,91,21,21
59502,65,67,-2,2
59503,77,76,1,1
59504,189,166,23,23
59505,178,158,20,20
59506,48,51,-3,3
59507,145,133,12,12
59508,47,55,-8,8
59509,146,130,16,16
59510,118,110,8,8
59511,78,72,6,6
59512,93,93,0,0
59513,72,65,7,7
59514,86,80,6,6
59515,118,100,18,18
59516,87,79,8,8
59517,42,43,-1,1
59518,87,89,-2,2
59519,87,83,4,4
59520,159,142,17,17
59521,96,89,7,7
59522,50,48,2,2
59523,76,86,-10,10
59524,111,107,4,4
59525,140,124,16,16
59526,133,114,19,19
59527,89,87,2,2
59528,94,89,5,5
59529,60,50,10,10
59530,67,62,5,5
59531,166,134,32,32
59532,74,71,3,3
59533,88,81,7,7
59534,113,100,13,13
59535,114,102,12,12
59536,98,84,14,14
59537,52,53,-1,1
59538,109,97,12,12
59539,51,48,3,3
59540,92,82,10,10
59541,79,75,4,4
59542,65,62,3,3
59543,80,74,6,6
59544,130,111,19,19
59545,90,84,6,6
59546,108,85,23,23
59547,84,83,1,1
59548,160,148,12,12
59549,53,50,3,3
59550,62,63,-1,1
59551,65,69,-4,4
59552,65,61,4,4
59553,61,54,7,7
59554,35,36,-1,1
59555,113,98,15,15
59556,69,66,3,3
59557,56,52,4,4
59558,103,102,1,1
59559,76,66,10,10
59560,106,106,0,0
59561,157,140,17,17
59562,150,133,17,17
59563,79,71,8,8
59564,94,86,8,8
59565,59,59,0,0
59566,135,144,-9,9
59567,91,87,4,4
59568,129,117,12,12
59569,80,76,4,4
59570,58,49,9,9
59571,96,74,22,22
59572,160,151,9,9
59573,80,69,11,11
59574,55,53,2,2
59575,101,92,9,9
59576,85,71,14,14
59577,68,65,3,3
59578,95,100,-5,5
59579,110,98,12,12
59580,75,68,7,7
59581,73,71,2,2
59582,90,79,11,11
59583,78,73,5,5
59584,148,130,18,18
59585,94,84,10,10
59586,64,60,4,4
59587,186,159,27,27
59588,40,41,-1,1
59589,74,64,10,10
59590,140,121,19,19
59591,103,90,13,13
59592,179,137,42,42
59593,209,159,50,50
59594,114,111,3,3
59595,44,50,-6,6
59596,84,72,12,12
59597,55,51,4,4
59598,150,133,17,17
59599,64,59,5,5
59600,61,60,1,1
59601,89,81,8,8
59602,129,107,22,22
59603,61,57,4,4
59604,125,100,25,25
59605,129,112,17,17
59606,94,87,7,7
59607,86,69,17,17
59608,124,117,7,7
59609,45,44,1,1
59610,131,110,21,21
59611,89,81,8,8
59612,140,137,3,3
59613,85,80,5,5
59614,178,160,18,18
59615,120,105,15,15
59616,135,115,20,20
59617,72,62,10,10
59618,45,46,-1,1
59619,63,57,6,6
59620,62,64,-2,2
59621,87,79,8,8
59622,165,158,7,7
59623,107,119,-12,12
59624,69,73,-4,4
59625,94,85,9,9
59626,58,54,4,4
59627,105,93,12,12
59628,115,108,7,7
59629,92,80,12,12
59630,80,72,8,8
59631,154,147,7,7
59632,61,48,13,13
59633,115,106,9,9
59634,52,44,8,8
59635,69,59,10,10
59636,58,56,2,2
59637,92,90,2,2
59638,56,54,2,2
59639,94,99,-5,5
59640,70,69,1,1
59641,126,93,33,33
59642,77,74,3,3
59643,77,67,10,10
59644,160,146,14,14
59645,69,63,6,6
59646,73,68,5,5
59647,72,69,3,3
59648,72,63,9,9
59649,124,108,16,16
59650,78,66,12,12
59651,81,73,8,8
59652,156,140,16,16
59653,67,56,11,11
59654,118,106,12,12
59655,79,63,16,16
59656,81,67,14,14
59657,87,71,16,16
59658,57,65,-8,8
59659,70,179,-109,109
59660,147,94,53,53
59661,141,122,19,19
59662,42,45,-3,3
59663,89,86,3,3
59664,94,86,8,8
59665,103,95,8,8
59666,100,95,5,5
59667,56,51,5,5
59668,85,76,9,9
59669,77,68,9,9
59670,89,82,7,7
59671,125,132,-7,7
59672,41,41,0,0
59673,135,112,23,23
59674,70,72,-2,2
59675,51,44,7,7
59676,86,85,1,1
59677,100,91,9,9
59678,103,98,5,5
59679,62,58,4,4
59680,153,126,27,27
59681,173,157,16,16
59682,137,135,2,2
59683,107,84,23,23
59684,161,135,26,26
59685,139,129,10,10
59686,62,52,10,10
59687,71,56,15,15
59688,104,115,-11,11
59689,115,101,14,14
59690,144,131,13,13
59691,76,71,5,5
59692,168,151,17,17
59693,76,64,12,12
59694,78,76,2,2
59695,94,111,-17,17
59696,92,79,13,13
59697,96,81,15,15
59698,131,111,20,20
59699,93,88,5,5
59700,93,76,17,17
59701,60,57,3,3
59702,78,60,18,18
59703,72,72,0,0
59704,141,101,40,40
59705,116,103,13,13
59706,83,83,0,0
59707,78,76,2,2
59708,79,71,8,8
59709,113,108,5,5
59710,46,44,2,2
59711,93,89,4,4
59712,99,82,17,17
59713,103,103,0,0
59714,98,83,15,15
59715,113,98,15,15
59716,121,128,-7,7
59717,58,56,2,2
59718,92,81,11,11
59719,89,88,1,1
59720,99,91,8,8
59721,89,82,7,7
59722,79,77,2,2
59723,138,122,16,16
59724,79,71,8,8
59725,73,71,2,2
59726,88,78,10,10
59727,73,77,-4,4
59728,95,89,6,6
59729,104,99,5,5
59730,77,66,11,11
59731,54,51,3,3
59732,128,118,10,10
59733,88,85,3,3
59734,89,79,10,10
59735,100,96,4,4
59736,132,123,9,9
59737,73,75,-2,2
59738,69,66,3,3
59739,88,72,16,16
59740,127,115,12,12
59741,135,126,9,9
59742,71,61,10,10
59743,133,119,14,14
59744,98,89,9,9
59745,96,73,23,23
59746,121,105,16,16
59747,110,92,18,18
59748,63,62,1,1
59749,149,129,20,20
59750,75,80,-5,5
59751,61,67,-6,6
59752,203,166,37,37
59753,106,99,7,7
59754,90,79,11,11
59755,111,86,25,25
59756,98,82,16,16
59757,70,78,-8,8
59758,77,64,13,13
59759,65,66,-1,1
59760,110,102,8,8
59761,82,84,-2,2
59762,135,122,13,13
59763,133,121,12,12
59764,93,82,11,11
59765,96,97,-1,1
59766,83,77,6,6
59767,83,76,7,7
59768,114,92,22,22
59769,169,163,6,6
59770,83,73,10,10
59771,87,80,7,7
59772,80,84,-4,4
59773,64,61,3,3
59774,185,162,23,23
59775,110,92,18,18
59776,109,93,16,16
59777,52,47,5,5
59778,103,92,11,11
59779,34,40,-6,6
59780,69,108,-39,39
59781,154,135,19,19
59782,149,130,19,19
59783,81,71,10,10
59784,81,74,7,7
59785,68,61,7,7
59786,93,77,16,16
59787,57,49,8,8
59788,129,118,11,11
59789,98,89,9,9
59790,117,115,2,2
59791,76,77,-1,1
59792,36,30,6,6
59793,130,114,16,16
59794,81,74,7,7
59795,72,74,-2,2
59796,76,71,5,5
59797,63,60,3,3
59798,97,88,9,9
59799,61,58,3,3
59800,85,78,7,7
59801,110,122,-12,12
59802,85,72,13,13
59803,77,80,-3,3
59804,127,109,18,18
59805,49,47,2,2
59806,85,77,8,8
59807,83,84,-1,1
59808,132,130,2,2
59809,136,127,9,9
59810,73,64,9,9
59811,71,68,3,3
59812,79,68,11,11
59813,88,86,2,2
59814,70,117,-47,47
59815,75,63,12,12
59816,46,38,8,8
59817,101,86,15,15
59818,128,130,-2,2
59819,92,79,13,13
59820,149,116,33,33
59821,122,76,46,46
59822,79,92,-13,13
59823,48,59,-11,11
59824,101,95,6,6
59825,94,81,13,13
59826,125,113,12,12
59827,91,93,-2,2
59828,78,74,4,4
59829,121,108,13,13
59830,166,137,29,29
59831,96,86,10,10
59832,124,130,-6,6
59833,159,138,21,21
59834,66,64,2,2
59835,82,68,14,14
59836,75,70,5,5
59837,59,51,8,8
59838,85,77,8,8
59839,99,82,17,17
59840,148,128,20,20
59841,109,91,18,18
59842,81,72,9,9
59843,99,83,16,16
59844,47,43,4,4
59845,78,73,5,5
59846,85,77,8,8
59847,76,77,-1,1
59848,54,44,10,10
59849,106,102,4,4
59850,83,72,11,11
59851,66,61,5,5
59852,47,52,-5,5
59853,60,57,3,3
59854,109,101,8,8
59855,122,112,10,10
59856,92,81,11,11
59857,102,85,17,17
59858,130,126,4,4
59859,104,89,15,15
59860,106,85,21,21
59861,74,68,6,6
59862,149,137,12,12
59863,46,54,-8,8
59864,55,49,6,6
59865,81,72,9,9
59866,86,82,4,4
59867,159,138,21,21
59868,49,45,4,4
59869,76,73,3,3
59870,109,98,11,11
59871,88,68,20,20
59872,66,62,4,4
59873,95,88,7,7
59874,123,106,17,17
59875,49,50,-1,1
59876,60,50,10,10
59877,140,127,13,13
59878,72,60,12,12
59879,103,99,4,4
59880,88,85,3,3
59881,94,85,9,9
59882,97,85,12,12
59883,112,100,12,12
59884,37,43,-6,6
59885,70,67,3,3
59886,217,188,29,29
59887,159,131,28,28
59888,86,77,9,9
59889,116,106,10,10
59890,76,66,10,10
59891,159,135,24,24
59892,102,89,13,13
59893,72,68,4,4
59894,102,96,6,6
59895,94,79,15,15
59896,56,50,6,6
59897,136,130,6,6
59898,78,67,11,11
59899,75,73,2,2
59900,138,124,14,14
59901,79,69,10,10
59902,89,84,5,5
59903,63,65,-2,2
59904,59,51,8,8
59905,127,119,8,8
59906,100,85,15,15
59907,60,56,4,4
59908,100,89,11,11
59909,108,92,16,16
59910,152,132,20,20
59911,118,108,10,10
59912,81,77,4,4
59913,49,44,5,5
59914,90,79,11,11
59915,97,87,10,10
59916,90,79,11,11
59917,138,122,16,16
59918,116,121,-5,5
59919,86,77,9,9
59920,106,89,17,17
59921,155,134,21,21
59922,100,88,12,12
59923,66,66,0,0
59924,84,75,9,9
59925,103,95,8,8
59926,56,61,-5,5
59927,100,87,13,13
59928,93,82,11,11
59929,135,127,8,8
59930,32,32,0,0
59931,93,97,-4,4
59932,107,118,-11,11
59933,62,61,1,1
59934,59,56,3,3
59935,91,84,7,7
59936,75,73,2,2
59937,73,64,9,9
59938,96,92,4,4
59939,115,106,9,9
59940,63,63,0,0
59941,85,82,3,3
59942,72,74,-2,2
59943,158,158,0,0
59944,91,75,16,16
59945,69,71,-2,2
59946,89,106,-17,17
59947,74,69,5,5
59948,104,237,-133,133
59949,49,50,-1,1
59950,99,87,12,12
59951,127,112,15,15
59952,73,72,1,1
59953,49,50,-1,1
59954,87,80,7,7
59955,157,136,21,21
59956,80,79,1,1
59957,144,114,30,30
59958,83,86,-3,3
59959,131,123,8,8
59960,95,91,4,4
59961,141,126,15,15
59962,89,94,-5,5
59963,59,48,11,11
59964,86,76,10,10
59965,118,108,10,10
59966,78,75,3,3
59967,148,129,19,19
59968,59,48,11,11
59969,104,100,4,4
59970,85,77,8,8
59971,103,97,6,6
59972,236,191,45,45
59973,66,70,-4,4
59974,50,60,-10,10
59975,77,65,12,12
59976,114,90,24,24
59977,85,75,10,10
59978,88,78,10,10
59979,74,65,9,9
59980,71,66,5,5
59981,155,137,18,18
59982,62,63,-1,1
59983,100,85,15,15
59984,82,83,-1,1
59985,113,100,13,13
59986,104,90,14,14
59987,104,91,13,13
59988,105,114,-9,9
59989,153,135,18,18
59990,76,64,12,12
59991,85,68,17,17
59992,119,117,2,2
59993,106,88,18,18
59994,73,73,0,0
59995,137,113,24,24
59996,79,68,11,11
59997,186,170,16,16
59998,63,61,2,2
59999,93,82,11,11
60000,126,129,-3,3
60001,70,62,8,8
60002,128,108,20,20
60003,61,58,3,3
60004,83,70,13,13
60005,108,90,18,18
60006,87,87,0,0
60007,97,93,4,4
60008,62,58,4,4
60009,129,121,8,8
60010,124,108,16,16
60011,63,61,2,2
60012,138,119,19,19
60013,53,46,7,7
60014,76,63,13,13
60015,138,135,3,3
60016,123,122,1,1
60017,57,49,8,8
60018,83,76,7,7
60019,96,93,3,3
60020,119,119,0,0
60021,72,63,9,9
60022,78,63,15,15
60023,106,85,21,21
60024,83,69,14,14
60025,71,58,13,13
60026,205,166,39,39
60027,59,57,2,2
60028,57,49,8,8
60029,90,80,10,10
60030,34,58,-24,24
60031,215,165,50,50
60032,85,80,5,5
60033,158,145,13,13
60034,136,118,18,18
60035,55,45,10,10
60036,119,106,13,13
60037,109,134,-25,25
60038,57,52,5,5
60039,92,78,14,14
60040,99,84,15,15
60041,95,85,10,10
60042,74,60,14,14
60043,84,73,11,11
60044,107,94,13,13
60045,78,65,13,13
60046,64,61,3,3
60047,66,69,-3,3
60048,88,78,10,10
60049,135,109,26,26
60050,139,120,19,19
60051,126,138,-12,12
60052,82,74,8,8
60053,70,59,11,11
60054,81,81,0,0
60055,60,56,4,4
60056,56,52,4,4
60057,131,114,17,17
60058,59,57,2,2
60059,83,68,15,15
60060,145,130,15,15
60061,86,78,8,8
60062,102,94,8,8
60063,77,71,6,6
60064,136,114,22,22
60065,68,60,8,8
60066,81,70,11,11
60067,82,69,13,13
60068,85,76,9,9
60069,121,110,11,11
60070,69,62,7,7
60071,56,54,2,2
60072,170,149,21,21
60073,123,116,7,7
60074,71,61,10,10
60075,77,71,6,6
60076,140,123,17,17
60077,141,126,15,15
60078,98,86,12,12
60079,93,78,15,15
60080,69,74,-5,5
60081,104,92,12,12
60082,53,56,-3,3
60083,75,72,3,3
60084,120,108,12,12
60085,86,84,2,2
60086,98,88,10,10
60087,84,76,8,8
60088,88,76,12,12
60089,113,104,9,9
60090,74,67,7,7
60091,91,81,10,10
60092,149,126,23,23
60093,82,71,11,11
60094,84,73,11,11
60095,195,175,20,20
60096,117,114,3,3
60097,120,114,6,6
60098,180,156,24,24
60099,80,83,-3,3
60100,122,109,13,13
60101,135,120,15,15
60102,159,150,9,9
60103,107,98,9,9
60104,76,72,4,4
60105,85,77,8,8
60106,87,75,12,12
60107,88,75,13,13
60108,41,41,0,0
60109,78,68,10,10
60110,61,54,7,7
60111,87,77,10,10
60112,129,110,19,19
60113,84,76,8,8
60114,142,114,28,28
60115,126,120,6,6
60116,89,79,10,10
60117,74,61,13,13
60118,51,39,12,12
60119,141,116,25,25
60120,83,71,12,12
60121,120,148,-28,28
60122,144,132,12,12
60123,67,67,0,0
60124,82,79,3,3
60125,67,66,1,1
60126,85,76,9,9
60127,62,47,15,15
60128,106,98,8,8
60129,59,54,5,5
60130,73,63,10,10
60131,145,130,15,15
60132,65,58,7,7
60133,72,63,9,9
60134,118,101,17,17
60135,105,107,-2,2
60136,71,64,7,7
60137,96,89,7,7
60138,111,96,15,15
60139,73,84,-11,11
60140,88,73,15,15
60141,210,189,21,21
60142,104,88,16,16
60143,76,63,13,13
60144,43,43,0,0
60145,110,92,18,18
60146,93,76,17,17
60147,114,101,13,13
60148,190,175,15,15
60149,87,78,9,9
60150,85,68,17,17
60151,95,87,8,8
60152,97,107,-10,10
60153,58,50,8,8
60154,126,125,1,1
60155,145,121,24,24
60156,61,61,0,0
60157,113,90,23,23
60158,42,44,-2,2
60159,108,93,15,15
60160,93,77,16,16
60161,157,144,13,13
60162,75,69,6,6
60163,59,57,2,2
60164,101,81,20,20
60165,83,72,11,11
60166,95,84,11,11
60167,100,91,9,9
60168,69,62,7,7
60169,108,102,6,6
60170,79,62,17,17
60171,105,92,13,13
60172,98,104,-6,6
60173,123,120,3,3
60174,103,93,10,10
60175,158,139,19,19
60176,98,89,9,9
60177,128,114,14,14
60178,54,49,5,5
60179,54,56,-2,2
60180,86,79,7,7
60181,119,110,9,9
60182,67,60,7,7
60183,114,105,9,9
60184,104,92,12,12
60185,81,75,6,6
60186,84,71,13,13
60187,86,76,10,10
60188,93,85,8,8
60189,75,64,11,11
60190,69,64,5,5
60191,96,82,14,14
60192,117,112,5,5
60193,164,140,24,24
60194,121,108,13,13
60195,93,80,13,13
60196,91,79,12,12
60197,144,130,14,14
60198,101,94,7,7
60199,135,110,25,25
60200,102,93,9,9
60201,83,78,5,5
60202,88,75,13,13
60203,101,97,4,4
60204,102,95,7,7
60205,102,102,0,0
60206,105,93,12,12
60207,99,97,2,2
60208,151,132,19,19
60209,67,68,-1,1
60210,164,129,35,35
60211,85,79,6,6
60212,89,86,3,3
60213,59,53,6,6
60214,94,77,17,17
60215,123,108,15,15
60216,79,90,-11,11
60217,74,66,8,8
60218,176,156,20,20
60219,59,63,-4,4
60220,100,97,3,3
60221,123,116,7,7
60222,104,97,7,7
60223,145,139,6,6
60224,97,90,7,7
60225,175,155,20,20
60226,63,57,6,6
60227,124,115,9,9
60228,68,56,12,12
60229,139,122,17,17
60230,78,67,11,11
60231,79,62,17,17
60232,48,50,-2,2
60233,141,127,14,14
60234,136,112,24,24
60235,123,121,2,2
60236,85,78,7,7
60237,128,111,17,17
60238,97,82,15,15
60239,63,56,7,7
60240,141,136,5,5
60241,87,77,10,10
60242,93,93,0,0
60243,54,47,7,7
60244,133,110,23,23
60245,50,49,1,1
60246,71,66,5,5
60247,75,70,5,5
60248,165,156,9,9
60249,64,58,6,6
60250,95,77,18,18
60251,65,53,12,12
60252,106,94,12,12
60253,91,71,20,20
60254,70,69,1,1
60255,124,114,10,10
60256,48,51,-3,3
60257,74,67,7,7
60258,64,55,9,9
60259,104,91,13,13
60260,82,76,6,6
60261,82,76,6,6
60262,147,139,8,8
60263,123,95,28,28
60264,81,78,3,3
60265,146,139,7,7
60266,88,79,9,9
60267,78,71,7,7
60268,118,115,3,3
60269,160,143,17,17
60270,176,155,21,21
60271,133,112,21,21
60272,122,108,14,14
60273,74,72,2,2
60274,75,72,3,3
60275,116,107,9,9
60276,116,104,12,12
60277,126,114,12,12
60278,53,52,1,1
60279,58,75,-17,17
60280,169,154,15,15
60281,100,103,-3,3
60282,56,56,0,0
60283,63,64,-1,1
60284,58,52,6,6
60285,56,59,-3,3
60286,131,130,1,1
60287,74,61,13,13
60288,143,124,19,19
60289,127,122,5,5
60290,98,88,10,10
60291,60,50,10,10
60292,65,65,0,0
60293,76,63,13,13
60294,72,67,5,5
60295,83,73,10,10
60296,41,42,-1,1
60297,91,76,15,15
60298,125,120,5,5
60299,119,118,1,1
60300,92,72,20,20
60301,100,103,-3,3
60302,125,113,12,12
60303,95,87,8,8
60304,108,96,12,12
60305,118,105,13,13
60306,124,125,-1,1
60307,31,31,0,0
60308,175,162,13,13
60309,122,114,8,8
60310,117,117,0,0
60311,30,43,-13,13
60312,184,158,26,26
60313,93,81,12,12
60314,98,87,11,11
60315,82,74,8,8
60316,91,75,16,16
60317,67,66,1,1
60318,103,71,32,32
60319,127,124,3,3
60320,64,57,7,7
60321,70,72,-2,2
60322,68,64,4,4
60323,87,90,-3,3
60324,103,91,12,12
60325,91,80,11,11
60326,77,66,11,11
60327,70,57,13,13
60328,90,86,4,4
60329,64,60,4,4
60330,53,51,2,2
60331,87,72,15,15
60332,112,93,19,19
60333,91,81,10,10
60334,132,122,10,10
60335,116,107,9,9
60336,99,94,5,5
60337,80,67,13,13
60338,125,119,6,6
60339,83,71,12,12
60340,123,119,4,4
60341,126,111,15,15
60342,114,107,7,7
60343,139,121,18,18
60344,135,134,1,1
60345,61,51,10,10
60346,70,67,3,3
60347,112,95,17,17
60348,79,68,11,11
60349,58,58,0,0
60350,131,130,1,1
60351,154,136,18,18
60352,85,77,8,8
60353,116,97,19,19
60354,71,72,-1,1
60355,62,68,-6,6
60356,72,69,3,3
60357,137,128,9,9
60358,152,142,10,10
60359,85,74,11,11
60360,63,59,4,4
60361,67,52,15,15
60362,108,106,2,2
60363,120,120,0,0
60364,103,93,10,10
60365,96,95,1,1
60366,108,102,6,6
60367,49,99,-50,50
60368,83,82,1,1
60369,91,78,13,13
60370,112,97,15,15
60371,148,130,18,18
60372,110,109,1,1
60373,90,83,7,7
60374,71,54,17,17
60375,95,98,-3,3
60376,78,65,13,13
60377,102,99,3,3
60378,99,85,14,14
60379,71,67,4,4
60380,103,96,7,7
60381,75,72,3,3
60382,128,118,10,10
60383,37,36,1,1
60384,82,69,13,13
60385,82,82,0,0
60386,105,100,5,5
60387,96,88,8,8
60388,57,47,10,10
60389,135,128,7,7
60390,87,81,6,6
60391,75,71,4,4
60392,75,78,-3,3
60393,127,107,20,20
60394,105,99,6,6
60395,61,54,7,7
60396,66,87,-21,21
60397,140,122,18,18
60398,129,120,9,9
60399,150,126,24,24
60400,109,98,11,11
60401,115,115,0,0
60402,118,107,11,11
60403,58,50,8,8
60404,79,64,15,15
60405,28,35,-7,7
60406,173,143,30,30
60407,89,84,5,5
60408,95,80,15,15
60409,71,70,1,1
60410,87,81,6,6
60411,77,64,13,13
60412,106,97,9,9
60413,88,80,8,8
60414,74,74,0,0
60415,66,74,-8,8
60416,64,72,-8,8
60417,115,112,3,3
60418,59,51,8,8
60419,142,118,24,24
60420,73,61,12,12
60421,138,120,18,18
60422,110,101,9,9
60423,81,81,0,0
60424,143,144,-1,1
60425,137,115,22,22
60426,177,153,24,24
60427,100,95,5,5
60428,112,106,6,6
60429,136,127,9,9
60430,48,42,6,6
60431,112,124,-12,12
60432,115,105,10,10
60433,134,122,12,12
60434,97,99,-2,2
60435,86,75,11,11
60436,115,98,17,17
60437,80,69,11,11
60438,157,139,18,18
60439,59,52,7,7
60440,118,108,10,10
60441,64,66,-2,2
60442,123,108,15,15
60443,70,70,0,0
60444,60,59,1,1
60445,76,73,3,3
60446,161,145,16,16
60447,129,129,0,0
60448,66,58,8,8
60449,104,88,16,16
60450,86,77,9,9
60451,53,48,5,5
60452,76,66,10,10
60453,202,169,33,33
60454,81,69,12,12
60455,136,126,10,10
60456,80,63,17,17
60457,54,51,3,3
60458,71,60,11,11
60459,37,40,-3,3
60460,92,80,12,12
60461,81,80,1,1
60462,94,110,-16,16
60463,116,103,13,13
60464,89,84,5,5
60465,123,105,18,18
60466,95,83,12,12
60467,114,101,13,13
60468,134,128,6,6
60469,153,139,14,14
60470,82,74,8,8
60471,104,88,16,16
60472,101,97,4,4
60473,73,59,14,14
60474,121,115,6,6
60475,147,122,25,25
60476,70,71,-1,1
60477,126,115,11,11
60478,284,234,50,50
60479,124,119,5,5
60480,107,95,12,12
60481,78,69,9,9
60482,116,107,9,9
60483,139,125,14,14
60484,127,112,15,15
60485,61,60,1,1
60486,56,53,3,3
60487,105,91,14,14
60488,68,67,1,1
60489,101,86,15,15
60490,64,50,14,14
60491,70,66,4,4
60492,129,117,12,12
60493,86,76,10,10
60494,71,58,13,13
60495,57,141,-84,84
60496,63,71,-8,8
60497,100,83,17,17
60498,138,133,5,5
60499,143,124,19,19
60500,123,111,12,12
60501,114,110,4,4
60502,69,63,6,6
60503,71,65,6,6
60504,65,51,14,14
60505,94,96,-2,2
60506,73,72,1,1
60507,77,71,6,6
60508,68,61,7,7
60509,126,128,-2,2
60510,133,114,19,19
60511,111,113,-2,2
60512,80,75,5,5
60513,74,73,1,1
60514,91,81,10,10
60515,111,113,-2,2
60516,100,90,10,10
60517,191,157,34,34
60518,124,103,21,21
60519,55,52,3,3
60520,113,95,18,18
60521,34,36,-2,2
60522,108,91,17,17
60523,74,63,11,11
60524,163,133,30,30
60525,135,111,24,24
60526,86,92,-6,6
60527,122,109,13,13
60528,135,118,17,17
60529,68,73,-5,5
60530,75,65,10,10
60531,127,126,1,1
60532,65,59,6,6
60533,83,78,5,5
60534,103,85,18,18
60535,79,69,10,10
60536,77,70,7,7
60537,116,113,3,3
60538,123,108,15,15
60539,70,59,11,11
60540,66,62,4,4
60541,102,100,2,2
60542,108,119,-11,11
60543,64,52,12,12
60544,116,116,0,0
60545,154,146,8,8
60546,78,72,6,6
60547,97,94,3,3
60548,64,64,0,0
60549,109,99,10,10
60550,109,90,19,19
60551,110,108,2,2
60552,124,110,14,14
60553,50,49,1,1
60554,75,63,12,12
60555,112,109,3,3
60556,72,71,1,1
60557,113,102,11,11
60558,70,73,-3,3
60559,112,80,32,32
60560,71,66,5,5
60561,117,107,10,10
60562,88,77,11,11
60563,88,71,17,17
60564,96,76,20,20
60565,114,108,6,6
60566,46,52,-6,6
60567,82,78,4,4
60568,77,68,9,9
60569,68,76,-8,8
60570,79,81,-2,2
60571,78,74,4,4
60572,48,45,3,3
60573,55,53,2,2
60574,110,103,7,7
60575,106,92,14,14
60576,88,74,14,14
60577,90,88,2,2
60578,84,82,2,2
60579,78,79,-1,1
60580,108,108,0,0
60581,52,57,-5,5
60582,162,135,27,27
60583,46,42,4,4
60584,100,97,3,3
60585,95,86,9,9
60586,138,127,11,11
60587,53,52,1,1
60588,100,85,15,15
60589,93,83,10,10
60590,90,100,-10,10
60591,103,100,3,3
60592,92,76,16,16
60593,52,45,7,7
60594,104,95,9,9
60595,49,46,3,3
60596,82,72,10,10
60597,104,89,15,15
60598,167,153,14,14
60599,58,58,0,0
60600,79,73,6,6
60601,75,61,14,14
60602,70,67,3,3
60603,78,73,5,5
60604,70,64,6,6
60605,130,121,9,9
60606,90,85,5,5
60607,68,64,4,4
60608,97,94,3,3
60609,83,77,6,6
60610,51,50,1,1
60611,70,67,3,3
60612,35,58,-23,23
60613,24,46,-22,22
60614,113,88,25,25
60615,133,115,18,18
60616,90,87,3,3
60617,84,75,9,9
60618,86,77,9,9
60619,63,56,7,7
60620,51,47,4,4
60621,153,134,19,19
60622,113,103,10,10
60623,47,46,1,1
60624,111,94,17,17
60625,67,57,10,10
60626,51,45,6,6
60627,57,60,-3,3
60628,67,52,15,15
60629,149,134,15,15
60630,71,64,7,7
60631,100,102,-2,2
60632,94,90,4,4
60633,61,55,6,6
60634,100,84,16,16
60635,147,133,14,14
60636,92,84,8,8
60637,79,76,3,3
60638,95,89,6,6
60639,155,144,11,11
60640,88,73,15,15
60641,149,159,-10,10
60642,128,120,8,8
60643,73,54,19,19
60644,124,111,13,13
60645,78,74,4,4
60646,73,64,9,9
60647,104,89,15,15
60648,124,99,25,25
60649,65,61,4,4
60650,98,91,7,7
60651,100,88,12,12
60652,79,66,13,13
60653,216,177,39,39
60654,77,72,5,5
60655,64,69,-5,5
60656,43,38,5,5
60657,124,103,21,21
60658,87,77,10,10
60659,98,88,10,10
60660,91,78,13,13
60661,81,70,11,11
60662,109,110,-1,1
60663,61,67,-6,6
60664,86,82,4,4
60665,126,109,17,17
60666,85,72,13,13
60667,94,104,-10,10
60668,68,62,6,6
60669,77,67,10,10
60670,72,67,5,5
60671,107,101,6,6
60672,83,74,9,9
60673,116,108,8,8
60674,59,53,6,6
60675,53,47,6,6
60676,137,124,13,13
60677,128,108,20,20
60678,97,87,10,10
60679,97,92,5,5
60680,75,66,9,9
60681,107,87,20,20
60682,96,84,12,12
60683,139,120,19,19
60684,62,56,6,6
60685,90,78,12,12
60686,104,99,5,5
60687,124,109,15,15
60688,107,96,11,11
60689,124,121,3,3
60690,105,92,13,13
60691,134,129,5,5
60692,122,107,15,15
60693,70,69,1,1
60694,152,142,10,10
60695,95,82,13,13
60696,67,79,-12,12
60697,109,94,15,15
60698,170,190,-20,20
60699,80,72,8,8
60700,88,75,13,13
60701,131,94,37,37
60702,84,72,12,12
60703,97,93,4,4
60704,149,119,30,30
60705,79,78,1,1
60706,93,95,-2,2
60707,81,75,6,6
60708,125,115,10,10
60709,82,73,9,9
60710,79,71,8,8
60711,65,52,13,13
60712,95,89,6,6
60713,111,109,2,2
60714,113,99,14,14
60715,119,113,6,6
60716,68,67,1,1
60717,135,108,27,27
60718,102,84,18,18
60719,96,102,-6,6
60720,107,95,12,12
60721,86,74,12,12
60722,158,124,34,34
60723,141,121,20,20
60724,129,123,6,6
60725,49,43,6,6
60726,149,134,15,15
60727,114,105,9,9
60728,40,37,3,3
60729,55,54,1,1
60730,85,73,12,12
60731,65,56,9,9
60732,97,96,1,1
60733,148,131,17,17
60734,141,121,20,20
60735,69,56,13,13
60736,80,76,4,4
60737,158,130,28,28
60738,75,74,1,1
60739,88,80,8,8
60740,110,94,16,16
60741,82,75,7,7
60742,58,61,-3,3
60743,76,67,9,9
60744,48,48,0,0
60745,106,85,21,21
60746,108,101,7,7
60747,191,166,25,25
60748,100,88,12,12
60749,58,53,5,5
60750,117,108,9,9
60751,233,179,54,54
60752,78,77,1,1
60753,83,71,12,12
60754,66,60,6,6
60755,55,47,8,8
60756,77,73,4,4
60757,102,88,14,14
60758,62,54,8,8
60759,71,65,6,6
60760,139,127,12,12
60761,132,125,7,7
60762,94,91,3,3
60763,107,103,4,4
60764,60,65,-5,5
60765,94,102,-8,8
60766,72,53,19,19
60767,86,77,9,9
60768,75,73,2,2
60769,87,80,7,7
60770,148,123,25,25
60771,120,101,19,19
60772,68,63,5,5
60773,81,68,13,13
60774,222,197,25,25
60775,68,58,10,10
60776,103,102,1,1
60777,133,108,25,25
60778,135,108,27,27
60779,97,86,11,11
60780,56,53,3,3
60781,73,63,10,10
60782,110,104,6,6
60783,116,108,8,8
60784,46,36,10,10
60785,119,106,13,13
60786,42,35,7,7
60787,71,77,-6,6
60788,80,63,17,17
60789,87,81,6,6
60790,73,68,5,5
60791,99,87,12,12
60792,36,39,-3,3
60793,70,59,11,11
60794,55,49,6,6
60795,104,93,11,11
60796,135,126,9,9
60797,103,91,12,12
60798,83,79,4,4
60799,87,70,17,17
60800,78,68,10,10
60801,68,67,1,1
60802,70,70,0,0
60803,112,93,19,19
60804,99,91,8,8
60805,103,95,8,8
60806,87,77,10,10
60807,105,93,12,12
60808,94,86,8,8
60809,185,157,28,28
60810,167,153,14,14
60811,67,68,-1,1
60812,98,75,23,23
60813,109,103,6,6
60814,139,128,11,11
60815,88,79,9,9
60816,117,102,15,15
60817,101,104,-3,3
60818,124,126,-2,2
60819,182,143,39,39
60820,198,159,39,39
60821,115,106,9,9
60822,92,88,4,4
60823,77,66,11,11
60824,104,95,9,9
60825,75,65,10,10
60826,93,76,17,17
60827,173,160,13,13
60828,121,115,6,6
60829,141,105,36,36
60830,66,75,-9,9
60831,72,59,13,13
60832,104,103,1,1
60833,103,92,11,11
60834,81,72,9,9
60835,122,92,30,30
60836,131,110,21,21
60837,58,54,4,4
60838,106,98,8,8
60839,119,100,19,19
60840,57,50,7,7
60841,77,68,9,9
60842,67,55,12,12
60843,85,74,11,11
60844,62,61,1,1
60845,140,127,13,13
60846,72,72,0,0
60847,125,118,7,7
60848,166,145,21,21
60849,133,113,20,20
60850,101,75,26,26
60851,156,139,17,17
60852,68,63,5,5
60853,70,63,7,7
60854,127,114,13,13
60855,89,77,12,12
60856,111,92,19,19
60857,154,124,30,30
60858,91,78,13,13
60859,59,56,3,3
60860,105,95,10,10
60861,108,115,-7,7
60862,87,87,0,0
60863,143,127,16,16
60864,88,77,11,11
60865,83,78,5,5
60866,105,89,16,16
60867,96,92,4,4
60868,95,82,13,13
60869,104,102,2,2
60870,97,105,-8,8
60871,111,105,6,6
60872,93,80,13,13
60873,54,46,8,8
60874,90,87,3,3
60875,52,46,6,6
60876,85,80,5,5
60877,114,102,12,12
60878,152,149,3,3
60879,79,60,19,19
60880,118,113,5,5
60881,85,67,18,18
60882,94,78,16,16
60883,49,48,1,1
60884,56,54,2,2
60885,156,132,24,24
60886,55,45,10,10
60887,116,106,10,10
60888,84,79,5,5
60889,105,94,11,11
60890,122,107,15,15
60891,80,79,1,1
60892,89,70,19,19
60893,117,103,14,14
60894,50,45,5,5
60895,65,64,1,1
60896,115,110,5,5
60897,78,69,9,9
60898,112,106,6,6
60899,84,70,14,14
60900,144,136,8,8
60901,95,82,13,13
60902,125,116,9,9
60903,115,119,-4,4
60904,76,66,10,10
60905,119,105,14,14
60906,133,140,-7,7
60907,90,74,16,16
60908,112,97,15,15
60909,76,66,10,10
60910,147,131,16,16
60911,55,52,3,3
60912,131,111,20,20
60913,116,98,18,18
60914,84,73,11,11
60915,72,64,8,8
60916,73,67,6,6
60917,43,43,0,0
60918,73,66,7,7
60919,82,81,1,1
60920,56,56,0,0
60921,99,83,16,16
60922,105,102,3,3
60923,79,80,-1,1
60924,138,114,24,24
60925,111,106,5,5
60926,36,36,0,0
60927,138,121,17,17
60928,89,85,4,4
60929,93,74,19,19
60930,132,123,9,9
60931,108,93,15,15
60932,66,60,6,6
60933,71,63,8,8
60934,65,57,8,8
60935,200,176,24,24
60936,72,98,-26,26
60937,232,211,21,21
60938,75,69,6,6
60939,186,152,34,34
60940,125,110,15,15
60941,95,95,0,0
60942,203,148,55,55
60943,176,148,28,28
60944,129,119,10,10
60945,76,73,3,3
60946,143,130,13,13
60947,49,44,5,5
60948,92,81,11,11
60949,92,84,8,8
60950,75,75,0,0
60951,105,88,17,17
60952,155,123,32,32
60953,95,90,5,5
60954,86,87,-1,1
60955,132,112,20,20
60956,46,48,-2,2
60957,69,68,1,1
60958,58,65,-7,7
60959,140,122,18,18
60960,70,57,13,13
60961,89,86,3,3
60962,84,64,20,20
60963,124,110,14,14
60964,71,66,5,5
60965,127,116,11,11
60966,69,63,6,6
60967,111,94,17,17
60968,125,116,9,9
60969,85,84,1,1
60970,76,69,7,7
60971,85,82,3,3
60972,55,50,5,5
60973,92,85,7,7
60974,182,154,28,28
60975,89,79,10,10
60976,102,88,14,14
60977,113,106,7,7
60978,131,125,6,6
60979,133,130,3,3
60980,98,86,12,12
60981,154,124,30,30
60982,99,88,11,11
60983,114,102,12,12
60984,110,96,14,14
60985,125,101,24,24
60986,52,58,-6,6
60987,42,38,4,4
60988,80,68,12,12
60989,83,74,9,9
60990,143,125,18,18
60991,56,50,6,6
60992,131,119,12,12
60993,112,119,-7,7
60994,110,100,10,10
60995,104,91,13,13
60996,71,64,7,7
60997,36,33,3,3
60998,57,57,0,0
60999,72,72,0,0
61000,119,96,23,23
61001,194,167,27,27
61002,107,90,17,17
61003,123,111,12,12
61004,87,74,13,13
61005,157,140,17,17
61006,75,70,5,5
61007,94,86,8,8
61008,85,77,8,8
61009,85,83,2,2
61010,44,41,3,3
61011,78,73,5,5
61012,97,74,23,23
61013,34,46,-12,12
61014,38,39,-1,1
61015,93,79,14,14
61016,113,101,12,12
61017,130,112,18,18
61018,46,40,6,6
61019,94,91,3,3
61020,144,121,23,23
61021,60,56,4,4
61022,110,103,7,7
61023,78,73,5,5
61024,172,160,12,12
61025,117,120,-3,3
61026,60,67,-7,7
61027,114,92,22,22
61028,136,135,1,1
61029,130,126,4,4
61030,140,121,19,19
61031,58,58,0,0
61032,87,76,11,11
61033,154,133,21,21
61034,84,73,11,11
61035,78,66,12,12
61036,224,239,-15,15
61037,77,67,10,10
61038,114,101,13,13
61039,64,54,10,10
61040,145,127,18,18
61041,62,53,9,9
61042,123,115,8,8
61043,126,116,10,10
61044,59,65,-6,6
61045,59,63,-4,4
61046,65,70,-5,5
61047,81,79,2,2
61048,104,84,20,20
61049,94,89,5,5
61050,131,121,10,10
61051,60,52,8,8
61052,111,93,18,18
61053,159,132,27,27
61054,145,133,12,12
61055,67,59,8,8
61056,114,101,13,13
61057,82,72,10,10
61058,93,86,7,7
61059,53,54,-1,1
61060,83,79,4,4
61061,101,95,6,6
61062,112,116,-4,4
61063,71,55,16,16
61064,86,71,15,15
61065,49,90,-41,41
61066,59,52,7,7
61067,125,107,18,18
61068,157,146,11,11
61069,90,85,5,5
61070,160,153,7,7
61071,128,101,27,27
61072,78,75,3,3
61073,153,140,13,13
61074,87,88,-1,1
61075,133,117,16,16
61076,96,89,7,7
61077,88,89,-1,1
61078,69,71,-2,2
61079,150,147,3,3
61080,134,114,20,20
61081,122,110,12,12
61082,91,82,9,9
61083,156,133,23,23
61084,76,70,6,6
61085,44,40,4,4
61086,117,110,7,7
61087,110,100,10,10
61088,101,78,23,23
61089,81,70,11,11
61090,52,45,7,7
61091,164,149,15,15
61092,40,39,1,1
61093,80,78,2,2
61094,129,110,19,19
61095,131,111,20,20
61096,87,82,5,5
61097,79,66,13,13
61098,110,95,15,15
61099,120,103,17,17
61100,100,110,-10,10
61101,113,103,10,10
61102,97,109,-12,12
61103,75,66,9,9
61104,85,86,-1,1
61105,49,45,4,4
61106,103,107,-4,4
61107,177,156,21,21
61108,94,89,5,5
61109,130,117,13,13
61110,72,70,2,2
61111,158,143,15,15
61112,47,46,1,1
61113,74,78,-4,4
61114,101,99,2,2
61115,51,53,-2,2
61116,83,75,8,8
61117,142,130,12,12
61118,58,58,0,0
61119,83,79,4,4
61120,45,40,5,5
61121,138,124,14,14
61122,152,134,18,18
61123,101,97,4,4
61124,77,63,14,14
61125,52,72,-20,20
61126,89,76,13,13
61127,149,129,20,20
61128,78,63,15,15
61129,146,132,14,14
61130,122,117,5,5
61131,88,69,19,19
61132,131,122,9,9
61133,67,62,5,5
61134,107,87,20,20
61135,139,135,4,4
61136,164,142,22,22
61137,134,121,13,13
61138,71,63,8,8
61139,87,74,13,13
61140,68,64,4,4
61141,56,96,-40,40
61142,118,112,6,6
61143,101,94,7,7
61144,75,72,3,3
61145,127,130,-3,3
61146,85,79,6,6
61147,57,56,1,1
61148,37,44,-7,7
61149,116,108,8,8
61150,108,94,14,14
61151,137,124,13,13
61152,58,54,4,4
61153,67,81,-14,14
61154,106,98,8,8
61155,132,110,22,22
61156,102,87,15,15
61157,115,111,4,4
61158,85,77,8,8
61159,107,99,8,8
61160,49,45,4,4
61161,139,144,-5,5
61162,126,120,6,6
61163,135,131,4,4
61164,69,59,10,10
61165,88,76,12,12
61166,117,103,14,14
61167,77,65,12,12
61168,51,50,1,1
61169,92,97,-5,5
61170,80,80,0,0
61171,82,75,7,7
61172,157,141,16,16
61173,83,80,3,3
61174,136,113,23,23
61175,147,125,22,22
61176,49,45,4,4
61177,86,77,9,9
61178,125,106,19,19
61179,73,61,12,12
61180,99,103,-4,4
61181,102,99,3,3
61182,101,92,9,9
61183,109,92,17,17
61184,126,114,12,12
61185,142,114,28,28
61186,62,55,7,7
61187,113,104,9,9
61188,149,118,31,31
61189,61,55,6,6
61190,66,66,0,0
61191,122,109,13,13
61192,89,82,7,7
61193,76,71,5,5
61194,74,78,-4,4
61195,61,59,2,2
61196,44,46,-2,2
61197,107,114,-7,7
61198,104,88,16,16
61199,109,100,9,9
61200,140,119,21,21
61201,43,43,0,0
61202,40,41,-1,1
61203,223,178,45,45
61204,95,83,12,12
61205,47,48,-1,1
61206,71,59,12,12
61207,121,97,24,24
61208,119,113,6,6
61209,135,124,11,11
61210,78,65,13,13
61211,96,77,19,19
61212,71,67,4,4
61213,71,71,0,0
61214,108,120,-12,12
61215,64,57,7,7
61216,169,171,-2,2
61217,80,73,7,7
61218,78,72,6,6
61219,100,87,13,13
61220,90,80,10,10
61221,108,92,16,16
61222,84,79,5,5
61223,150,135,15,15
61224,91,94,-3,3
61225,55,49,6,6
61226,83,78,5,5
61227,119,145,-26,26
61228,86,79,7,7
61229,101,96,5,5
61230,89,72,17,17
61231,80,77,3,3
61232,116,100,16,16
61233,146,138,8,8
61234,64,67,-3,3
61235,175,156,19,19
61236,139,128,11,11
61237,79,67,12,12
61238,120,107,13,13
61239,84,83,1,1
61240,132,124,8,8
61241,71,66,5,5
61242,104,85,19,19
61243,60,57,3,3
61244,171,141,30,30
61245,93,85,8,8
61246,132,119,13,13
61247,55,52,3,3
61248,74,54,20,20
61249,126,107,19,19
61250,75,70,5,5
61251,45,51,-6,6
61252,95,82,13,13
61253,154,130,24,24
61254,143,121,22,22
61255,111,103,8,8
61256,97,93,4,4
61257,203,201,2,2
61258,42,34,8,8
61259,49,46,3,3
61260,111,103,8,8
61261,76,59,17,17
61262,79,68,11,11
61263,70,72,-2,2
61264,57,50,7,7
61265,60,39,21,21
61266,119,112,7,7
61267,76,73,3,3
61268,72,63,9,9
61269,124,102,22,22
61270,138,108,30,30
61271,118,110,8,8
61272,119,103,16,16
61273,94,74,20,20
61274,113,123,-10,10
61275,69,78,-9,9
61276,106,93,13,13
61277,41,45,-4,4
61278,88,75,13,13
61279,124,124,0,0
61280,51,50,1,1
61281,70,71,-1,1
61282,112,103,9,9
61283,100,88,12,12
61284,143,127,16,16
61285,87,85,2,2
61286,61,58,3,3
61287,64,62,2,2
61288,130,109,21,21
61289,81,73,8,8
61290,73,56,17,17
61291,47,43,4,4
61292,99,107,-8,8
61293,95,85,10,10
61294,105,99,6,6
61295,126,118,8,8
61296,108,94,14,14
61297,67,63,4,4
61298,72,73,-1,1
61299,65,55,10,10
61300,109,99,10,10
61301,52,48,4,4
61302,122,104,18,18
61303,59,54,5,5
61304,117,121,-4,4
61305,79,64,15,15
61306,46,44,2,2
61307,64,67,-3,3
61308,71,77,-6,6
61309,60,55,5,5
61310,70,62,8,8
61311,114,104,10,10
61312,101,95,6,6
61313,138,127,11,11
61314,98,82,16,16
61315,92,89,3,3
61316,196,172,24,24
61317,109,105,4,4
61318,55,50,5,5
61319,166,155,11,11
61320,68,66,2,2
61321,61,58,3,3
61322,79,75,4,4
61323,86,72,14,14
61324,90,78,12,12
61325,128,113,15,15
61326,102,95,7,7
61327,118,103,15,15
61328,86,78,8,8
61329,105,96,9,9
61330,78,72,6,6
61331,96,89,7,7
61332,38,39,-1,1
61333,96,89,7,7
61334,123,112,11,11
61335,85,72,13,13
61336,117,100,17,17
61337,78,95,-17,17
61338,131,124,7,7
61339,82,75,7,7
61340,87,82,5,5
61341,81,76,5,5
61342,59,50,9,9
61343,84,75,9,9
61344,89,86,3,3
61345,65,58,7,7
61346,131,124,7,7
61347,55,51,4,4
61348,66,59,7,7
61349,74,63,11,11
61350,84,64,20,20
61351,110,99,11,11
61352,63,69,-6,6
61353,97,79,18,18
61354,55,60,-5,5
61355,94,87,7,7
61356,148,136,12,12
61357,110,88,22,22
61358,161,143,18,18
61359,139,123,16,16
61360,63,63,0,0
61361,120,107,13,13
61362,79,74,5,5
61363,131,125,6,6
61364,150,122,28,28
61365,80,73,7,7
61366,37,29,8,8
61367,116,110,6,6
61368,82,72,10,10
61369,130,117,13,13
61370,68,67,1,1
61371,86,77,9,9
61372,90,75,15,15
61373,57,51,6,6
61374,149,128,21,21
61375,79,73,6,6
61376,126,116,10,10
61377,120,122,-2,2
61378,197,173,24,24
61379,62,55,7,7
61380,88,77,11,11
61381,144,123,21,21
61382,99,85,14,14
61383,101,108,-7,7
61384,111,94,17,17
61385,61,58,3,3
61386,85,73,12,12
61387,96,85,11,11
61388,125,114,11,11
61389,107,91,16,16
61390,136,115,21,21
61391,148,131,17,17
61392,98,94,4,4
61393,66,57,9,9
61394,95,73,22,22
61395,107,85,22,22
61396,47,49,-2,2
61397,78,70,8,8
61398,81,70,11,11
61399,72,67,5,5
61400,84,87,-3,3
61401,145,139,6,6
61402,77,70,7,7
61403,90,76,14,14
61404,131,111,20,20
61405,91,78,13,13
61406,38,59,-21,21
61407,94,85,9,9
61408,111,102,9,9
61409,145,133,12,12
61410,84,76,8,8
61411,87,69,18,18
61412,115,97,18,18
61413,95,79,16,16
61414,144,123,21,21
61415,90,77,13,13
61416,101,87,14,14
61417,91,81,10,10
61418,190,176,14,14
61419,80,75,5,5
61420,167,145,22,22
61421,83,68,15,15
61422,66,59,7,7
61423,50,48,2,2
61424,111,103,8,8
61425,83,85,-2,2
61426,72,61,11,11
61427,73,62,11,11
61428,79,77,2,2
61429,66,64,2,2
61430,83,75,8,8
61431,262,214,48,48
61432,108,107,1,1
61433,117,103,14,14
61434,98,78,20,20
61435,85,80,5,5
61436,63,58,5,5
61437,190,169,21,21
61438,85,79,6,6
61439,123,106,17,17
61440,144,132,12,12
61441,75,69,6,6
61442,97,85,12,12
61443,85,68,17,17
61444,69,62,7,7
61445,77,74,3,3
61446,61,60,1,1
61447,75,66,9,9
61448,97,110,-13,13
61449,70,64,6,6
61450,85,74,11,11
61451,61,60,1,1
61452,77,67,10,10
61453,58,58,0,0
61454,83,71,12,12
61455,91,87,4,4
61456,53,55,-2,2
61457,55,46,9,9
61458,87,82,5,5
61459,80,78,2,2
61460,53,55,-2,2
61461,133,115,18,18
61462,90,87,3,3
61463,60,58,2,2
61464,68,60,8,8
61465,66,51,15,15
61466,112,106,6,6
61467,139,125,14,14
61468,50,47,3,3
61469,120,114,6,6
61470,77,71,6,6
61471,81,61,20,20
61472,87,77,10,10
61473,43,40,3,3
61474,68,57,11,11
61475,58,49,9,9
61476,120,111,9,9
61477,114,96,18,18
61478,173,148,25,25
61479,62,61,1,1
61480,115,97,18,18
61481,213,182,31,31
61482,108,100,8,8
61483,53,60,-7,7
61484,85,70,15,15
61485,119,109,10,10
61486,74,72,2,2
61487,93,80,13,13
61488,72,62,10,10
61489,104,78,26,26
61490,88,82,6,6
61491,56,54,2,2
61492,139,122,17,17
61493,110,101,9,9
61494,93,70,23,23
61495,54,43,11,11
61496,83,83,0,0
61497,73,60,13,13
61498,202,166,36,36
61499,95,88,7,7
61500,51,52,-1,1
61501,141,113,28,28
61502,130,115,15,15
61503,89,88,1,1
61504,67,56,11,11
61505,92,85,7,7
61506,138,139,-1,1
61507,50,45,5,5
61508,85,70,15,15
61509,118,93,25,25
61510,84,74,10,10
61511,95,82,13,13
61512,92,89,3,3
61513,141,138,3,3
61514,94,89,5,5
61515,117,112,5,5
61516,82,61,21,21
61517,73,73,0,0
61518,108,90,18,18
61519,93,96,-3,3
61520,156,146,10,10
61521,84,76,8,8
61522,106,88,18,18
61523,91,87,4,4
61524,88,80,8,8
61525,78,67,11,11
61526,136,123,13,13
61527,59,60,-1,1
61528,94,94,0,0
61529,100,92,8,8
61530,144,127,17,17
61531,89,101,-12,12
61532,67,62,5,5
61533,28,31,-3,3
61534,114,103,11,11
61535,123,122,1,1
61536,85,66,19,19
61537,77,69,8,8
61538,89,98,-9,9
61539,90,81,9,9
61540,80,75,5,5
61541,114,113,1,1
61542,46,44,2,2
61543,123,105,18,18
61544,132,118,14,14
61545,106,108,-2,2
61546,93,87,6,6
61547,100,112,-12,12
61548,82,68,14,14
61549,170,166,4,4
61550,103,109,-6,6
61551,60,57,3,3
61552,101,105,-4,4
61553,101,88,13,13
61554,106,92,14,14
61555,53,58,-5,5
61556,45,43,2,2
61557,102,109,-7,7
61558,74,65,9,9
61559,107,106,1,1
61560,95,88,7,7
61561,96,85,11,11
61562,100,88,12,12
61563,40,47,-7,7
61564,85,71,14,14
61565,59,56,3,3
61566,107,93,14,14
61567,157,137,20,20
61568,72,70,2,2
61569,104,87,17,17
61570,53,55,-2,2
61571,131,118,13,13
61572,147,126,21,21
61573,80,72,8,8
61574,135,125,10,10
61575,119,99,20,20
61576,128,115,13,13
61577,126,111,15,15
61578,91,75,16,16
61579,102,84,18,18
61580,55,56,-1,1
61581,69,65,4,4
61582,57,61,-4,4
61583,53,52,1,1
61584,109,87,22,22
61585,106,83,23,23
61586,106,99,7,7
61587,128,110,18,18
61588,84,74,10,10
61589,73,67,6,6
61590,137,97,40,40
61591,96,90,6,6
61592,106,97,9,9
61593,119,109,10,10
61594,113,106,7,7
61595,138,122,16,16
61596,52,48,4,4
61597,115,101,14,14
61598,66,62,4,4
61599,114,108,6,6
61600,46,45,1,1
61601,108,96,12,12
61602,85,73,12,12
61603,67,58,9,9
61604,66,56,10,10
61605,76,72,4,4
61606,93,81,12,12
61607,145,145,0,0
61608,122,105,17,17
61609,88,75,13,13
61610,59,56,3,3
61611,77,68,9,9
61612,84,79,5,5
61613,71,68,3,3
61614,93,79,14,14
61615,71,63,8,8
61616,40,45,-5,5
61617,165,147,18,18
61618,104,95,9,9
61619,54,48,6,6
61620,46,38,8,8
61621,70,63,7,7
61622,51,51,0,0
61623,86,73,13,13
61624,86,77,9,9
61625,90,80,10,10
61626,160,150,10,10
61627,119,107,12,12
61628,78,76,2,2
61629,112,115,-3,3
61630,89,70,19,19
61631,96,91,5,5
61632,96,86,10,10
61633,96,86,10,10
61634,33,33,0,0
61635,78,70,8,8
61636,65,52,13,13
61637,69,67,2,2
61638,85,81,4,4
61639,71,58,13,13
61640,119,100,19,19
61641,100,90,10,10
61642,102,95,7,7
61643,96,78,18,18
61644,77,66,11,11
61645,91,87,4,4
61646,175,153,22,22
61647,96,91,5,5
61648,133,115,18,18
61649,107,116,-9,9
61650,98,85,13,13
61651,94,91,3,3
61652,67,63,4,4
61653,116,112,4,4
61654,73,74,-1,1
61655,83,66,17,17
61656,75,70,5,5
61657,109,113,-4,4
61658,143,136,7,7
61659,84,82,2,2
61660,79,76,3,3
61661,104,96,8,8
61662,44,41,3,3
61663,53,43,10,10
61664,108,93,15,15
61665,86,82,4,4
61666,119,112,7,7
61667,56,35,21,21
61668,88,83,5,5
61669,118,112,6,6
61670,102,94,8,8
61671,49,43,6,6
61672,99,87,12,12
61673,105,174,-69,69
61674,131,105,26,26
61675,78,65,13,13
61676,99,86,13,13
61677,23,20,3,3
61678,126,113,13,13
61679,92,80,12,12
61680,85,85,0,0
61681,61,58,3,3
61682,137,132,5,5
61683,74,69,5,5
61684,129,114,15,15
61685,156,147,9,9
61686,72,62,10,10
61687,151,127,24,24
61688,72,61,11,11
61689,81,77,4,4
61690,128,110,18,18
61691,136,116,20,20
61692,111,106,5,5
61693,150,135,15,15
61694,79,74,5,5
61695,124,113,11,11
61696,133,116,17,17
61697,106,105,1,1
61698,71,66,5,5
61699,69,59,10,10
61700,105,108,-3,3
61701,60,52,8,8
61702,97,87,10,10
61703,129,126,3,3
61704,70,65,5,5
61705,137,134,3,3
61706,110,91,19,19
61707,97,87,10,10
61708,149,158,-9,9
61709,63,59,4,4
61710,71,68,3,3
61711,108,92,16,16
61712,127,115,12,12
61713,92,89,3,3
61714,41,38,3,3
61715,87,77,10,10
61716,95,85,10,10
61717,58,57,1,1
61718,103,103,0,0
61719,106,98,8,8
61720,100,95,5,5
61721,49,52,-3,3
61722,103,115,-12,12
61723,147,143,4,4
61724,110,97,13,13
61725,121,132,-11,11
61726,66,60,6,6
61727,66,61,5,5
61728,75,69,6,6
61729,127,125,2,2
61730,96,88,8,8
61731,179,151,28,28
61732,153,142,11,11
61733,89,74,15,15
61734,111,103,8,8
61735,124,101,23,23
61736,86,67,19,19
61737,98,97,1,1
61738,82,76,6,6
61739,138,110,28,28
61740,98,80,18,18
61741,187,164,23,23
61742,141,122,19,19
61743,72,71,1,1
61744,110,95,15,15
61745,87,83,4,4
61746,60,55,5,5
61747,71,65,6,6
61748,123,120,3,3
61749,57,55,2,2
61750,113,110,3,3
61751,148,137,11,11
61752,73,70,3,3
61753,62,62,0,0
61754,108,115,-7,7
61755,105,92,13,13
61756,152,113,39,39
61757,51,48,3,3
61758,127,115,12,12
61759,31,41,-10,10
61760,68,61,7,7
61761,163,138,25,25
61762,160,135,25,25
61763,73,72,1,1
61764,43,39,4,4
61765,102,90,12,12
61766,91,99,-8,8
61767,136,109,27,27
61768,92,79,13,13
61769,60,59,1,1
61770,45,45,0,0
61771,111,96,15,15
61772,95,94,1,1
61773,100,88,12,12
61774,139,134,5,5
61775,99,84,15,15
61776,68,65,3,3
61777,55,49,6,6
61778,110,88,22,22
61779,67,69,-2,2
61780,103,92,11,11
61781,115,105,10,10
61782,131,132,-1,1
61783,106,103,3,3
61784,154,141,13,13
61785,104,105,-1,1
61786,91,81,10,10
61787,139,132,7,7
61788,56,53,3,3
61789,139,123,16,16
61790,72,58,14,14
61791,144,130,14,14
61792,112,100,12,12
61793,68,59,9,9
61794,88,78,10,10
61795,79,85,-6,6
61796,104,101,3,3
61797,54,44,10,10
61798,111,93,18,18
61799,87,79,8,8
61800,185,165,20,20
61801,92,83,9,9
61802,68,68,0,0
61803,91,80,11,11
61804,84,69,15,15
61805,82,74,8,8
61806,126,113,13,13
61807,71,67,4,4
61808,72,61,11,11
61809,137,126,11,11
61810,61,62,-1,1
61811,106,97,9,9
61812,59,47,12,12
61813,77,67,10,10
61814,149,121,28,28
61815,63,58,5,5
61816,66,66,0,0
61817,105,93,12,12
61818,85,76,9,9
61819,109,90,19,19
61820,81,80,1,1
61821,60,57,3,3
61822,40,41,-1,1
61823,95,82,13,13
61824,110,90,20,20
61825,68,58,10,10
61826,67,60,7,7
61827,76,70,6,6
61828,188,167,21,21
61829,59,53,6,6
61830,131,111,20,20
61831,108,97,11,11
61832,114,108,6,6
61833,108,94,14,14
61834,104,91,13,13
61835,94,87,7,7
61836,47,45,2,2
61837,77,62,15,15
61838,80,76,4,4
61839,96,87,9,9
61840,103,96,7,7
61841,109,99,10,10
61842,66,67,-1,1
61843,98,83,15,15
61844,126,100,26,26
61845,97,103,-6,6
61846,99,88,11,11
61847,107,97,10,10
61848,129,121,8,8
61849,87,83,4,4
61850,69,63,6,6
61851,115,96,19,19
61852,99,94,5,5
61853,99,86,13,13
61854,155,155,0,0
61855,121,106,15,15
61856,123,118,5,5
61857,91,82,9,9
61858,68,71,-3,3
61859,118,98,20,20
61860,98,91,7,7
61861,108,97,11,11
61862,112,101,11,11
61863,80,68,12,12
61864,92,124,-32,32
61865,116,101,15,15
61866,56,57,-1,1
61867,127,116,11,11
61868,50,49,1,1
61869,121,99,22,22
61870,157,140,17,17
61871,78,70,8,8
61872,85,70,15,15
61873,142,129,13,13
61874,42,42,0,0
61875,62,61,1,1
61876,61,59,2,2
61877,75,69,6,6
61878,82,78,4,4
61879,107,96,11,11
61880,130,122,8,8
61881,64,63,1,1
61882,75,66,9,9
61883,109,97,12,12
61884,65,68,-3,3
61885,112,105,7,7
61886,88,86,2,2
61887,140,122,18,18
61888,132,115,17,17
61889,108,105,3,3
61890,92,69,23,23
61891,63,57,6,6
61892,48,47,1,1
61893,144,110,34,34
61894,104,93,11,11
61895,107,92,15,15
61896,52,58,-6,6
61897,73,68,5,5
61898,44,43,1,1
61899,120,104,16,16
61900,87,76,11,11
61901,110,105,5,5
61902,73,68,5,5
61903,79,81,-2,2
61904,57,55,2,2
61905,68,65,3,3
61906,81,89,-8,8
61907,63,56,7,7
61908,41,35,6,6
61909,71,56,15,15
61910,106,103,3,3
61911,105,83,22,22
61912,183,141,42,42
61913,111,109,2,2
61914,137,121,16,16
61915,51,52,-1,1
61916,40,35,5,5
61917,70,73,-3,3
61918,120,106,14,14
61919,57,57,0,0
61920,66,55,11,11
61921,140,116,24,24
61922,71,69,2,2
61923,96,84,12,12
61924,108,102,6,6
61925,134,133,1,1
61926,97,90,7,7
61927,44,39,5,5
61928,49,45,4,4
61929,63,54,9,9
61930,97,93,4,4
61931,38,32,6,6
61932,68,59,9,9
61933,114,100,14,14
61934,105,100,5,5
61935,36,33,3,3
61936,69,57,12,12
61937,101,91,10,10
61938,155,132,23,23
61939,53,62,-9,9
61940,151,130,21,21
61941,65,56,9,9
61942,64,60,4,4
61943,181,155,26,26
61944,110,104,6,6
61945,93,87,6,6
61946,183,161,22,22
61947,94,83,11,11
61948,91,81,10,10
61949,105,104,1,1
61950,51,49,2,2
61951,76,67,9,9
61952,60,65,-5,5
61953,72,64,8,8
61954,108,96,12,12
61955,119,108,11,11
61956,98,102,-4,4
61957,119,101,18,18
61958,122,108,14,14
61959,90,80,10,10
61960,55,51,4,4
61961,62,53,9,9
61962,41,37,4,4
61963,86,76,10,10
61964,58,51,7,7
61965,159,150,9,9
61966,84,79,5,5
61967,101,91,10,10
61968,107,85,22,22
61969,150,134,16,16
61970,105,100,5,5
61971,83,76,7,7
61972,78,81,-3,3
61973,51,46,5,5
61974,83,86,-3,3
61975,111,107,4,4
61976,116,116,0,0
61977,124,89,35,35
61978,116,102,14,14
61979,133,119,14,14
61980,143,126,17,17
61981,102,96,6,6
61982,94,87,7,7
61983,66,59,7,7
61984,76,73,3,3
61985,108,94,14,14
61986,69,57,12,12
61987,90,73,17,17
61988,65,67,-2,2
61989,157,147,10,10
61990,81,68,13,13
61991,116,111,5,5
61992,94,85,9,9
61993,98,105,-7,7
61994,149,132,17,17
61995,87,81,6,6
61996,124,116,8,8
61997,121,109,12,12
61998,157,135,22,22
61999,100,87,13,13
62000,129,121,8,8
62001,97,88,9,9
62002,57,51,6,6
62003,108,95,13,13
62004,64,53,11,11
62005,195,164,31,31
62006,81,71,10,10
62007,92,80,12,12
62008,139,136,3,3
62009,67,61,6,6
62010,78,80,-2,2
62011,56,56,0,0
62012,90,78,12,12
62013,69,65,4,4
62014,109,90,19,19
62015,67,64,3,3
62016,65,63,2,2
62017,67,70,-3,3
62018,128,105,23,23
62019,101,90,11,11
62020,103,96,7,7
62021,66,58,8,8
62022,78,72,6,6
62023,121,104,17,17
62024,99,97,2,2
62025,69,56,13,13
62026,64,60,4,4
62027,66,58,8,8
62028,76,70,6,6
62029,91,83,8,8
62030,49,52,-3,3
62031,222,170,52,52
62032,71,58,13,13
62033,155,143,12,12
62034,80,73,7,7
62035,94,72,22,22
62036,70,59,11,11
62037,106,98,8,8
62038,81,80,1,1
62039,90,75,15,15
62040,73,69,4,4
62041,65,55,10,10
62042,71,69,2,2
62043,140,113,27,27
62044,109,106,3,3
62045,72,64,8,8
62046,95,95,0,0
62047,92,77,15,15
62048,104,108,-4,4
62049,74,69,5,5
62050,102,94,8,8
62051,75,73,2,2
62052,100,85,15,15
62053,111,108,3,3
62054,52,47,5,5
62055,79,63,16,16
62056,99,86,13,13
62057,140,135,5,5
62058,181,174,7,7
62059,106,99,7,7
62060,59,49,10,10
62061,129,112,17,17
62062,95,106,-11,11
62063,50,49,1,1
62064,71,60,11,11
62065,46,53,-7,7
62066,103,99,4,4
62067,82,78,4,4
62068,114,100,14,14
62069,114,101,13,13
62070,92,84,8,8
62071,74,72,2,2
62072,102,95,7,7
62073,104,92,12,12
62074,86,75,11,11
62075,51,65,-14,14
62076,86,75,11,11
62077,78,73,5,5
62078,99,97,2,2
62079,95,79,16,16
62080,82,77,5,5
62081,111,106,5,5
62082,129,103,26,26
62083,90,102,-12,12
62084,139,107,32,32
62085,72,70,2,2
62086,55,53,2,2
62087,165,144,21,21
62088,115,109,6,6
62089,61,64,-3,3
62090,84,69,15,15
62091,136,124,12,12
62092,83,71,12,12
62093,27,52,-25,25
62094,108,100,8,8
62095,147,123,24,24
62096,120,110,10,10
62097,73,82,-9,9
62098,60,61,-1,1
62099,123,116,7,7
62100,89,84,5,5
62101,73,61,12,12
62102,64,61,3,3
62103,62,59,3,3
62104,100,86,14,14
62105,100,84,16,16
62106,48,57,-9,9
62107,119,104,15,15
62108,53,52,1,1
62109,142,137,5,5
62110,58,55,3,3
62111,100,106,-6,6
62112,77,67,10,10
62113,71,79,-8,8
62114,126,116,10,10
62115,50,49,1,1
62116,205,160,45,45
62117,60,57,3,3
62118,91,82,9,9
62119,70,69,1,1
62120,90,87,3,3
62121,159,143,16,16
62122,75,68,7,7
62123,116,86,30,30
62124,109,105,4,4
62125,143,124,19,19
62126,112,95,17,17
62127,84,78,6,6
62128,170,165,5,5
62129,150,142,8,8
62130,109,94,15,15
62131,161,142,19,19
62132,99,96,3,3
62133,127,99,28,28
62134,62,47,15,15
62135,133,120,13,13
62136,101,102,-1,1
62137,127,109,18,18
62138,89,77,12,12
62139,95,82,13,13
62140,150,130,20,20
62141,49,47,2,2
62142,92,85,7,7
62143,92,81,11,11
62144,38,42,-4,4
62145,145,142,3,3
62146,156,153,3,3
62147,125,114,11,11
62148,51,42,9,9
62149,134,103,31,31
62150,92,96,-4,4
62151,85,83,2,2
62152,60,56,4,4
62153,67,65,2,2
62154,99,101,-2,2
62155,159,154,5,5
62156,86,82,4,4
62157,75,49,26,26
62158,42,37,5,5
62159,71,70,1,1
62160,136,127,9,9
62161,67,71,-4,4
62162,112,102,10,10
62163,71,64,7,7
62164,48,53,-5,5
62165,139,132,7,7
62166,114,140,-26,26
62167,48,42,6,6
62168,86,79,7,7
62169,119,102,17,17
62170,94,86,8,8
62171,105,100,5,5
62172,104,86,18,18
62173,85,80,5,5
62174,66,55,11,11
62175,93,80,13,13
62176,88,84,4,4
62177,67,62,5,5
62178,91,90,1,1
62179,110,101,9,9
62180,80,68,12,12
62181,98,94,4,4
62182,126,115,11,11
62183,52,54,-2,2
62184,63,63,0,0
62185,91,88,3,3
62186,103,94,9,9
62187,68,61,7,7
62188,73,73,0,0
62189,95,89,6,6
62190,100,89,11,11
62191,111,93,18,18
62192,100,95,5,5
62193,75,72,3,3
62194,84,83,1,1
62195,75,71,4,4
62196,139,116,23,23
62197,105,100,5,5
62198,84,86,-2,2
62199,137,115,22,22
62200,65,89,-24,24
62201,97,82,15,15
62202,78,75,3,3
62203,122,116,6,6
62204,72,71,1,1
62205,80,89,-9,9
62206,132,112,20,20
62207,113,100,13,13
62208,121,111,10,10
62209,72,69,3,3
62210,95,92,3,3
62211,124,112,12,12
62212,122,110,12,12
62213,152,142,10,10
62214,105,93,12,12
62215,103,101,2,2
62216,111,96,15,15
62217,60,43,17,17
62218,75,89,-14,14
62219,69,65,4,4
62220,85,71,14,14
62221,91,91,0,0
62222,106,88,18,18
62223,76,78,-2,2
62224,43,42,1,1
62225,65,57,8,8
62226,180,169,11,11
62227,38,53,-15,15
62228,86,78,8,8
62229,77,69,8,8
62230,110,104,6,6
62231,111,102,9,9
62232,134,115,19,19
62233,123,116,7,7
62234,67,63,4,4
62235,77,75,2,2
62236,95,94,1,1
62237,94,84,10,10
62238,131,121,10,10
62239,88,93,-5,5
62240,130,117,13,13
62241,78,71,7,7
62242,98,90,8,8
62243,66,60,6,6
62244,63,61,2,2
62245,85,75,10,10
62246,82,78,4,4
62247,82,81,1,1
62248,104,91,13,13
62249,120,111,9,9
62250,68,63,5,5
62251,108,101,7,7
62252,101,87,14,14
62253,102,89,13,13
62254,161,153,8,8
62255,48,47,1,1
62256,82,80,2,2
62257,134,121,13,13
62258,102,87,15,15
62259,47,48,-1,1
62260,101,71,30,30
62261,103,89,14,14
62262,158,133,25,25
62263,79,78,1,1
62264,126,113,13,13
62265,72,72,0,0
62266,103,95,8,8
62267,86,88,-2,2
62268,73,76,-3,3
62269,150,134,16,16
62270,69,60,9,9
62271,89,78,11,11
62272,102,89,13,13
62273,89,81,8,8
62274,92,86,6,6
62275,91,77,14,14
62276,69,66,3,3
62277,31,34,-3,3
62278,62,55,7,7
62279,74,70,4,4
62280,73,59,14,14
62281,92,72,20,20
62282,68,61,7,7
62283,121,104,17,17
62284,160,149,11,11
62285,124,115,9,9
62286,71,64,7,7
62287,98,80,18,18
62288,85,79,6,6
62289,93,79,14,14
62290,87,77,10,10
62291,210,168,42,42
62292,74,70,4,4
62293,84,81,3,3
62294,141,130,11,11
62295,68,63,5,5
62296,118,108,10,10
62297,75,70,5,5
62298,150,136,14,14
62299,162,147,15,15
62300,59,50,9,9
62301,82,75,7,7
62302,118,103,15,15
62303,94,93,1,1
62304,75,82,-7,7
62305,71,66,5,5
62306,131,114,17,17
62307,120,103,17,17
62308,91,84,7,7
62309,112,96,16,16
62310,145,138,7,7
62311,93,75,18,18
62312,93,82,11,11
62313,89,70,19,19
62314,110,97,13,13
62315,78,70,8,8
62316,80,67,13,13
62317,133,125,8,8
62318,50,42,8,8
62319,82,73,9,9
62320,145,120,25,25
62321,126,99,27,27
62322,105,92,13,13
62323,159,150,9,9
62324,118,113,5,5
62325,142,131,11,11
62326,108,95,13,13
62327,110,103,7,7
62328,106,89,17,17
62329,119,109,10,10
62330,90,86,4,4
62331,68,66,2,2
62332,119,104,15,15
62333,162,139,23,23
62334,76,73,3,3
62335,89,72,17,17
62336,57,55,2,2
62337,79,71,8,8
62338,72,72,0,0
62339,110,90,20,20
62340,82,70,12,12
62341,76,63,13,13
62342,68,69,-1,1
62343,79,93,-14,14
62344,64,62,2,2
62345,151,126,25,25
62346,64,60,4,4
62347,110,95,15,15
62348,78,65,13,13
62349,123,113,10,10
62350,118,108,10,10
62351,58,57,1,1
62352,140,125,15,15
62353,128,110,18,18
62354,57,49,8,8
62355,101,98,3,3
62356,106,93,13,13
62357,71,70,1,1
62358,61,54,7,7
62359,187,152,35,35
62360,123,102,21,21
62361,64,55,9,9
62362,59,57,2,2
62363,83,76,7,7
62364,68,68,0,0
62365,83,72,11,11
62366,111,95,16,16
62367,86,89,-3,3
62368,87,80,7,7
62369,97,88,9,9
62370,76,70,6,6
62371,91,89,2,2
62372,169,144,25,25
62373,51,45,6,6
62374,57,66,-9,9
62375,168,158,10,10
62376,93,62,31,31
62377,93,82,11,11
62378,98,75,23,23
62379,76,77,-1,1
62380,142,125,17,17
62381,60,58,2,2
62382,118,103,15,15
62383,40,55,-15,15
62384,68,58,10,10
62385,75,64,11,11
62386,97,86,11,11
62387,124,114,10,10
62388,68,58,10,10
62389,89,79,10,10
62390,109,101,8,8
62391,53,48,5,5
62392,112,100,12,12
62393,140,137,3,3
62394,113,96,17,17
62395,105,108,-3,3
62396,69,58,11,11
62397,98,108,-10,10
62398,150,133,17,17
62399,93,86,7,7
62400,117,115,2,2
62401,44,40,4,4
62402,65,53,12,12
62403,78,66,12,12
62404,149,138,11,11
62405,75,66,9,9
62406,82,76,6,6
62407,93,80,13,13
62408,129,119,10,10
62409,46,47,-1,1
62410,56,44,12,12
62411,99,80,19,19
62412,31,41,-10,10
62413,113,104,9,9
62414,167,158,9,9
62415,113,108,5,5
62416,171,162,9,9
62417,71,64,7,7
62418,103,96,7,7
62419,76,74,2,2
62420,64,53,11,11
62421,105,98,7,7
62422,176,159,17,17
62423,127,112,15,15
62424,118,97,21,21
62425,88,86,2,2
62426,133,122,11,11
62427,84,85,-1,1
62428,108,102,6,6
62429,72,64,8,8
62430,128,116,12,12
62431,36,36,0,0
62432,116,98,18,18
62433,105,99,6,6
62434,85,80,5,5
62435,48,45,3,3
62436,142,119,23,23
62437,78,58,20,20
62438,72,71,1,1
62439,255,215,40,40
62440,113,111,2,2
62441,98,84,14,14
62442,143,125,18,18
62443,85,98,-13,13
62444,111,104,7,7
62445,106,96,10,10
62446,111,103,8,8
62447,84,72,12,12
62448,74,69,5,5
62449,87,82,5,5
62450,133,123,10,10
62451,111,110,1,1
62452,78,73,5,5
62453,83,81,2,2
62454,117,94,23,23
62455,97,84,13,13
62456,127,121,6,6
62457,66,59,7,7
62458,124,108,16,16
62459,72,66,6,6
62460,108,86,22,22
62461,124,116,8,8
62462,137,112,25,25
62463,84,78,6,6
62464,175,165,10,10
62465,32,28,4,4
62466,127,103,24,24
62467,139,130,9,9
62468,84,101,-17,17
62469,138,133,5,5
62470,147,140,7,7
62471,49,46,3,3
62472,87,78,9,9
62473,71,67,4,4
62474,89,71,18,18
62475,122,114,8,8
62476,110,108,2,2
62477,112,101,11,11
62478,161,136,25,25
62479,78,79,-1,1
62480,84,78,6,6
62481,96,80,16,16
62482,83,76,7,7
62483,166,138,28,28
62484,69,57,12,12
62485,48,41,7,7
62486,84,60,24,24
62487,113,90,23,23
62488,89,85,4,4
62489,51,49,2,2
62490,101,91,10,10
62491,70,58,12,12
62492,107,90,17,17
62493,99,88,11,11
62494,142,122,20,20
62495,123,103,20,20
62496,81,72,9,9
62497,60,52,8,8
62498,139,121,18,18
62499,93,84,9,9
62500,123,123,0,0
62501,101,74,27,27
62502,128,119,9,9
62503,72,66,6,6
62504,134,112,22,22
62505,89,81,8,8
62506,162,142,20,20
62507,129,103,26,26
62508,97,88,9,9
62509,63,68,-5,5
62510,88,84,4,4
62511,47,43,4,4
62512,163,143,20,20
62513,169,163,6,6
62514,88,77,11,11
62515,116,107,9,9
62516,68,66,2,2
62517,66,64,2,2
62518,75,70,5,5
62519,79,81,-2,2
62520,132,124,8,8
62521,64,62,2,2
62522,154,137,17,17
62523,159,121,38,38
62524,97,92,5,5
62525,151,131,20,20
62526,64,60,4,4
62527,86,69,17,17
62528,86,96,-10,10
62529,105,95,10,10
62530,135,126,9,9
62531,78,79,-1,1
62532,180,150,30,30
62533,126,109,17,17
62534,115,109,6,6
62535,95,98,-3,3
62536,123,101,22,22
62537,49,43,6,6
62538,94,93,1,1
62539,170,155,15,15
62540,92,80,12,12
62541,101,96,5,5
62542,93,85,8,8
62543,123,127,-4,4
62544,83,69,14,14
62545,122,97,25,25
62546,109,112,-3,3
62547,67,53,14,14
62548,59,58,1,1
62549,79,65,14,14
62550,82,78,4,4
62551,69,59,10,10
62552,83,82,1,1
62553,116,100,16,16
62554,202,166,36,36
62555,92,95,-3,3
62556,95,82,13,13
62557,104,99,5,5
62558,124,108,16,16
62559,203,171,32,32
62560,95,84,11,11
62561,131,118,13,13
62562,42,38,4,4
62563,106,80,26,26
62564,40,41,-1,1
62565,81,75,6,6
62566,125,107,18,18
62567,82,75,7,7
62568,121,106,15,15
62569,85,88,-3,3
62570,104,86,18,18
62571,82,72,10,10
62572,76,68,8,8
62573,60,57,3,3
62574,91,70,21,21
62575,96,81,15,15
62576,118,103,15,15
62577,101,84,17,17
62578,140,130,10,10
62579,153,142,11,11
62580,115,114,1,1
62581,38,51,-13,13
62582,74,73,1,1
62583,28,51,-23,23
62584,65,63,2,2
62585,113,108,5,5
62586,109,101,8,8
62587,93,85,8,8
62588,87,79,8,8
62589,54,52,2,2
62590,125,109,16,16
62591,141,129,12,12
62592,114,113,1,1
62593,122,112,10,10
62594,138,130,8,8
62595,98,85,13,13
62596,84,73,11,11
62597,118,110,8,8
62598,114,105,9,9
62599,69,66,3,3
62600,47,51,-4,4
62601,72,57,15,15
62602,72,57,15,15
62603,85,77,8,8
62604,48,45,3,3
62605,96,85,11,11
62606,90,80,10,10
62607,99,81,18,18
62608,122,121,1,1
62609,60,57,3,3
62610,80,78,2,2
62611,79,77,2,2
62612,54,50,4,4
62613,90,83,7,7
62614,84,82,2,2
62615,98,90,8,8
62616,106,95,11,11
62617,70,67,3,3
62618,93,79,14,14
62619,81,71,10,10
62620,108,94,14,14
62621,66,63,3,3
62622,92,81,11,11
62623,58,50,8,8
62624,80,71,9,9
62625,72,66,6,6
62626,92,80,12,12
62627,114,111,3,3
62628,149,127,22,22
62629,85,75,10,10
62630,61,51,10,10
62631,104,87,17,17
62632,100,83,17,17
62633,132,118,14,14
62634,132,115,17,17
62635,114,91,23,23
62636,89,84,5,5
62637,52,46,6,6
62638,51,44,7,7
62639,109,100,9,9
62640,112,112,0,0
62641,80,69,11,11
62642,158,164,-6,6
62643,103,86,17,17
62644,59,55,4,4
62645,118,102,16,16
62646,114,102,12,12
62647,101,90,11,11
62648,64,57,7,7
62649,75,66,9,9
62650,110,89,21,21
62651,168,169,-1,1
62652,109,91,18,18
62653,106,96,10,10
62654,32,71,-39,39
62655,86,82,4,4
62656,185,141,44,44
62657,125,125,0,0
62658,48,45,3,3
62659,128,123,5,5
62660,138,134,4,4
62661,75,61,14,14
62662,84,96,-12,12
62663,115,93,22,22
62664,58,62,-4,4
62665,97,89,8,8
62666,152,128,24,24
62667,94,88,6,6
62668,114,103,11,11
62669,130,132,-2,2
62670,61,60,1,1
62671,185,155,30,30
62672,110,102,8,8
62673,58,50,8,8
62674,79,74,5,5
62675,79,70,9,9
62676,93,81,12,12
62677,129,117,12,12
62678,134,120,14,14
62679,98,94,4,4
62680,162,147,15,15
62681,83,74,9,9
62682,107,86,21,21
62683,98,99,-1,1
62684,131,110,21,21
62685,57,48,9,9
62686,153,128,25,25
62687,126,114,12,12
62688,89,80,9,9
62689,68,61,7,7
62690,131,111,20,20
62691,68,70,-2,2
62692,94,77,17,17
62693,135,117,18,18
62694,96,90,6,6
62695,95,95,0,0
62696,90,80,10,10
62697,55,53,2,2
62698,108,103,5,5
62699,36,34,2,2
62700,73,63,10,10
62701,73,74,-1,1
62702,102,91,11,11
62703,52,47,5,5
62704,22,46,-24,24
62705,102,81,21,21
62706,136,111,25,25
62707,83,79,4,4
62708,76,69,7,7
62709,135,122,13,13
62710,116,112,4,4
62711,69,65,4,4
62712,42,41,1,1
62713,86,69,17,17
62714,131,119,12,12
62715,119,105,14,14
62716,65,59,6,6
62717,100,97,3,3
62718,65,63,2,2
62719,73,66,7,7
62720,63,58,5,5
62721,115,142,-27,27
62722,164,140,24,24
62723,146,136,10,10
62724,64,63,1,1
62725,101,89,12,12
62726,124,111,13,13
62727,74,70,4,4
62728,92,73,19,19
62729,90,81,9,9
62730,93,89,4,4
62731,76,74,2,2
62732,133,126,7,7
62733,54,51,3,3
62734,147,111,36,36
62735,107,104,3,3
62736,132,107,25,25
62737,129,108,21,21
62738,95,82,13,13
62739,78,81,-3,3
62740,93,79,14,14
62741,85,86,-1,1
62742,138,144,-6,6
62743,106,98,8,8
62744,45,44,1,1
62745,50,50,0,0
62746,55,38,17,17
62747,44,44,0,0
62748,70,62,8,8
62749,125,112,13,13
62750,82,76,6,6
62751,80,72,8,8
62752,120,108,12,12
62753,100,90,10,10
62754,70,61,9,9
62755,65,59,6,6
62756,96,91,5,5
62757,93,84,9,9
62758,106,91,15,15
62759,168,142,26,26
62760,169,149,20,20
62761,95,52,43,43
62762,95,89,6,6
62763,81,67,14,14
62764,65,60,5,5
62765,64,70,-6,6
62766,62,68,-6,6
62767,119,108,11,11
62768,93,76,17,17
62769,77,69,8,8
62770,141,130,11,11
62771,66,60,6,6
62772,76,82,-6,6
62773,148,133,15,15
62774,57,59,-2,2
62775,78,60,18,18
62776,134,106,28,28
62777,133,119,14,14
62778,66,59,7,7
62779,75,66,9,9
62780,97,86,11,11
62781,131,111,20,20
62782,171,151,20,20
62783,222,185,37,37
62784,102,94,8,8
62785,60,57,3,3
62786,144,136,8,8
62787,43,37,6,6
62788,82,73,9,9
62789,84,78,6,6
62790,92,90,2,2
62791,94,67,27,27
62792,179,169,10,10
62793,119,113,6,6
62794,61,62,-1,1
62795,93,90,3,3
62796,53,48,5,5
62797,142,129,13,13
62798,69,61,8,8
62799,90,86,4,4
62800,139,130,9,9
62801,90,101,-11,11
62802,56,51,5,5
62803,113,108,5,5
62804,91,77,14,14
62805,86,79,7,7
62806,111,98,13,13
62807,74,61,13,13
62808,139,120,19,19
62809,96,80,16,16
62810,105,90,15,15
62811,139,127,12,12
62812,61,60,1,1
62813,70,68,2,2
62814,70,70,0,0
62815,61,56,5,5
62816,127,126,1,1
62817,92,93,-1,1
62818,120,104,16,16
62819,52,43,9,9
62820,86,78,8,8
62821,62,54,8,8
62822,101,112,-11,11
62823,85,91,-6,6
62824,96,94,2,2
62825,105,98,7,7
62826,122,111,11,11
62827,116,105,11,11
62828,98,75,23,23
62829,154,137,17,17
62830,100,84,16,16
62831,164,144,20,20
62832,162,145,17,17
62833,136,130,6,6
62834,62,61,1,1
62835,178,158,20,20
62836,109,86,23,23
62837,121,100,21,21
62838,108,113,-5,5
62839,84,77,7,7
62840,131,108,23,23
62841,122,104,18,18
62842,64,64,0,0
62843,84,79,5,5
62844,72,69,3,3
62845,185,154,31,31
62846,77,68,9,9
62847,137,147,-10,10
62848,93,94,-1,1
62849,86,88,-2,2
62850,144,119,25,25
62851,78,74,4,4
62852,61,59,2,2
62853,129,109,20,20
62854,52,58,-6,6
62855,195,174,21,21
62856,87,84,3,3
62857,101,96,5,5
62858,103,98,5,5
62859,169,152,17,17
62860,104,92,12,12
62861,80,72,8,8
62862,40,50,-10,10
62863,90,89,1,1
62864,89,86,3,3
62865,105,96,9,9
62866,86,86,0,0
62867,133,119,14,14
62868,89,80,9,9
62869,64,55,9,9
62870,94,94,0,0
62871,86,87,-1,1
62872,128,114,14,14
62873,53,52,1,1
62874,91,75,16,16
62875,74,65,9,9
62876,64,59,5,5
62877,81,65,16,16
62878,66,65,1,1
62879,76,64,12,12
62880,91,81,10,10
62881,76,67,9,9
62882,109,92,17,17
62883,77,67,10,10
62884,76,66,10,10
62885,110,92,18,18
62886,88,77,11,11
62887,120,105,15,15
62888,127,118,9,9
62889,106,102,4,4
62890,201,181,20,20
62891,111,102,9,9
62892,231,194,37,37
62893,59,60,-1,1
62894,150,130,20,20
62895,141,123,18,18
62896,62,51,11,11
62897,191,176,15,15
62898,119,112,7,7
62899,72,73,-1,1
62900,103,95,8,8
62901,79,77,2,2
62902,106,98,8,8
62903,104,110,-6,6
62904,88,86,2,2
62905,78,80,-2,2
62906,81,84,-3,3
62907,98,91,7,7
62908,123,111,12,12
62909,142,132,10,10
62910,74,66,8,8
62911,163,141,22,22
62912,102,86,16,16
62913,60,54,6,6
62914,133,109,24,24
62915,59,55,4,4
62916,47,49,-2,2
62917,86,84,2,2
62918,124,106,18,18
62919,28,29,-1,1
62920,59,53,6,6
62921,124,123,1,1
62922,105,93,12,12
62923,103,87,16,16
62924,80,74,6,6
62925,82,72,10,10
62926,84,76,8,8
62927,128,119,9,9
62928,101,99,2,2
62929,72,66,6,6
62930,89,72,17,17
62931,119,109,10,10
62932,181,164,17,17
62933,146,133,13,13
62934,58,53,5,5
62935,80,68,12,12
62936,37,40,-3,3
62937,45,49,-4,4
62938,95,100,-5,5
62939,108,96,12,12
62940,79,68,11,11
62941,85,68,17,17
62942,53,56,-3,3
62943,211,180,31,31
62944,103,95,8,8
62945,77,65,12,12
62946,75,67,8,8
62947,95,88,7,7
62948,102,85,17,17
62949,77,70,7,7
62950,54,49,5,5
62951,110,98,12,12
62952,121,106,15,15
62953,89,69,20,20
62954,93,89,4,4
62955,44,44,0,0
62956,84,86,-2,2
62957,135,116,19,19
62958,66,54,12,12
62959,104,106,-2,2
62960,141,120,21,21
62961,98,81,17,17
62962,90,85,5,5
62963,115,105,10,10
62964,109,102,7,7
62965,69,69,0,0
62966,64,56,8,8
62967,185,157,28,28
62968,114,101,13,13
62969,191,164,27,27
62970,49,42,7,7
62971,83,83,0,0
62972,100,91,9,9
62973,98,82,16,16
62974,69,73,-4,4
62975,103,83,20,20
62976,148,146,2,2
62977,81,66,15,15
62978,151,140,11,11
62979,70,52,18,18
62980,88,75,13,13
62981,93,92,1,1
62982,60,72,-12,12
62983,88,74,14,14
62984,63,61,2,2
62985,92,80,12,12
62986,108,102,6,6
62987,78,85,-7,7
62988,156,133,23,23
62989,63,57,6,6
62990,58,56,2,2
62991,38,36,2,2
62992,107,92,15,15
62993,101,89,12,12
62994,65,57,8,8
62995,120,114,6,6
62996,101,83,18,18
62997,106,85,21,21
62998,72,65,7,7
62999,127,108,19,19
63000,65,60,5,5
63001,126,105,21,21
63002,113,101,12,12
63003,104,105,-1,1
63004,152,134,18,18
63005,57,54,3,3
63006,83,71,12,12
63007,101,96,5,5
63008,81,74,7,7
63009,54,59,-5,5
63010,80,71,9,9
63011,83,82,1,1
63012,31,31,0,0
63013,64,61,3,3
63014,159,152,7,7
63015,133,118,15,15
63016,116,114,2,2
63017,57,47,10,10
63018,99,81,18,18
63019,62,53,9,9
63020,90,80,10,10
63021,117,107,10,10
63022,142,122,20,20
63023,177,152,25,25
63024,59,54,5,5
63025,89,92,-3,3
63026,69,62,7,7
63027,63,65,-2,2
63028,46,65,-19,19
63029,136,136,0,0
63030,105,108,-3,3
63031,127,125,2,2
63032,66,66,0,0
63033,138,128,10,10
63034,71,64,7,7
63035,97,88,9,9
63036,112,106,6,6
63037,77,75,2,2
63038,57,55,2,2
63039,84,80,4,4
63040,85,73,12,12
63041,111,94,17,17
63042,123,109,14,14
63043,110,108,2,2
63044,114,110,4,4
63045,111,127,-16,16
63046,71,71,0,0
63047,93,79,14,14
63048,343,294,49,49
63049,72,66,6,6
63050,186,155,31,31
63051,62,56,6,6
63052,79,74,5,5
63053,129,121,8,8
63054,121,127,-6,6
63055,105,93,12,12
63056,157,135,22,22
63057,115,97,18,18
63058,78,69,9,9
63059,179,176,3,3
63060,80,72,8,8
63061,113,112,1,1
63062,87,83,4,4
63063,95,87,8,8
63064,95,93,2,2
63065,104,93,11,11
63066,88,84,4,4
63067,61,62,-1,1
63068,63,52,11,11
63069,87,97,-10,10
63070,157,155,2,2
63071,92,111,-19,19
63072,53,50,3,3
63073,128,109,19,19
63074,114,101,13,13
63075,95,87,8,8
63076,102,91,11,11
63077,120,115,5,5
63078,110,108,2,2
63079,207,180,27,27
63080,103,93,10,10
63081,55,52,3,3
63082,98,87,11,11
63083,99,94,5,5
63084,94,91,3,3
63085,82,84,-2,2
63086,60,77,-17,17
63087,95,92,3,3
63088,113,95,18,18
63089,113,104,9,9
63090,105,91,14,14
63091,80,58,22,22
63092,104,98,6,6
63093,97,89,8,8
63094,62,57,5,5
63095,62,66,-4,4
63096,85,82,3,3
63097,114,99,15,15
63098,72,60,12,12
63099,82,69,13,13
63100,94,77,17,17
63101,90,85,5,5
63102,110,89,21,21
63103,90,76,14,14
63104,80,76,4,4
63105,109,90,19,19
63106,61,61,0,0
63107,185,167,18,18
63108,117,106,11,11
63109,139,126,13,13
63110,56,54,2,2
63111,74,63,11,11
63112,107,105,2,2
63113,78,79,-1,1
63114,51,48,3,3
63115,87,79,8,8
63116,114,101,13,13
63117,83,75,8,8
63118,137,119,18,18
63119,117,103,14,14
63120,87,87,0,0
63121,69,67,2,2
63122,86,82,4,4
63123,150,140,10,10
63124,162,145,17,17
63125,87,78,9,9
63126,68,61,7,7
63127,68,61,7,7
63128,126,97,29,29
63129,109,92,17,17
63130,106,105,1,1
63131,114,102,12,12
63132,136,132,4,4
63133,128,102,26,26
63134,109,102,7,7
63135,114,108,6,6
63136,102,95,7,7
63137,144,119,25,25
63138,52,47,5,5
63139,73,78,-5,5
63140,116,104,12,12
63141,111,88,23,23
63142,106,103,3,3
63143,125,112,13,13
63144,119,94,25,25
63145,77,75,2,2
63146,78,69,9,9
63147,62,55,7,7
63148,80,79,1,1
63149,101,95,6,6
63150,130,123,7,7
63151,165,137,28,28
63152,88,69,19,19
63153,97,96,1,1
63154,125,105,20,20
63155,55,55,0,0
63156,76,73,3,3
63157,124,119,5,5
63158,82,79,3,3
63159,60,58,2,2
63160,107,94,13,13
63161,109,102,7,7
63162,162,142,20,20
63163,95,106,-11,11
63164,54,47,7,7
63165,125,116,9,9
63166,107,89,18,18
63167,74,60,14,14
63168,155,140,15,15
63169,77,74,3,3
63170,80,68,12,12
63171,122,117,5,5
63172,71,73,-2,2
63173,112,98,14,14
63174,61,59,2,2
63175,88,85,3,3
63176,171,144,27,27
63177,98,82,16,16
63178,59,55,4,4
63179,150,140,10,10
63180,94,86,8,8
63181,112,102,10,10
63182,113,86,27,27
63183,92,85,7,7
63184,121,114,7,7
63185,101,88,13,13
63186,82,73,9,9
63187,125,103,22,22
63188,74,66,8,8
63189,68,62,6,6
63190,104,102,2,2
63191,80,71,9,9
63192,101,85,16,16
63193,96,96,0,0
63194,96,86,10,10
63195,79,79,0,0
63196,75,67,8,8
63197,121,109,12,12
63198,173,152,21,21
63199,123,108,15,15
63200,124,110,14,14
63201,123,107,16,16
63202,129,121,8,8
63203,119,98,21,21
63204,107,103,4,4
63205,117,102,15,15
63206,74,72,2,2
63207,72,67,5,5
63208,92,91,1,1
63209,102,87,15,15
63210,123,125,-2,2
63211,119,118,1,1
63212,71,61,10,10
63213,64,66,-2,2
63214,108,95,13,13
63215,140,117,23,23
63216,90,83,7,7
63217,128,106,22,22
63218,99,93,6,6
63219,82,90,-8,8
63220,156,143,13,13
63221,137,126,11,11
63222,78,60,18,18
63223,95,89,6,6
63224,82,87,-5,5
63225,90,85,5,5
63226,64,61,3,3
63227,73,72,1,1
63228,53,57,-4,4
63229,123,114,9,9
63230,62,61,1,1
63231,92,91,1,1
63232,123,109,14,14
63233,125,107,18,18
63234,41,41,0,0
63235,187,163,24,24
63236,91,79,12,12
63237,76,71,5,5
63238,176,153,23,23
63239,93,90,3,3
63240,87,83,4,4
63241,89,83,6,6
63242,88,75,13,13
63243,99,84,15,15
63244,134,110,24,24
63245,95,89,6,6
63246,105,95,10,10
63247,42,47,-5,5
63248,96,84,12,12
63249,50,56,-6,6
63250,63,58,5,5
63251,95,96,-1,1
63252,99,88,11,11
63253,109,115,-6,6
63254,133,111,22,22
63255,90,76,14,14
63256,71,64,7,7
63257,58,60,-2,2
63258,173,154,19,19
63259,77,67,10,10
63260,88,64,24,24
63261,72,64,8,8
63262,116,102,14,14
63263,61,58,3,3
63264,94,79,15,15
63265,117,114,3,3
63266,114,105,9,9
63267,147,130,17,17
63268,125,110,15,15
63269,100,97,3,3
63270,101,82,19,19
63271,112,101,11,11
63272,94,77,17,17
63273,119,100,19,19
63274,154,140,14,14
63275,82,75,7,7
63276,58,58,0,0
63277,131,109,22,22
63278,82,74,8,8
63279,96,88,8,8
63280,80,65,15,15
63281,118,110,8,8
63282,51,59,-8,8
63283,164,149,15,15
63284,77,97,-20,20
63285,144,133,11,11
63286,132,125,7,7
63287,89,80,9,9
63288,78,64,14,14
63289,51,52,-1,1
63290,100,95,5,5
63291,108,97,11,11
63292,143,117,26,26
63293,88,78,10,10
63294,67,57,10,10
63295,121,119,2,2
63296,90,76,14,14
63297,65,60,5,5
63298,79,73,6,6
63299,144,125,19,19
63300,55,48,7,7
63301,78,74,4,4
63302,82,84,-2,2
63303,78,71,7,7
63304,160,150,10,10
63305,89,74,15,15
63306,101,99,2,2
63307,114,90,24,24
63308,86,72,14,14
63309,155,141,14,14
63310,105,101,4,4
63311,76,65,11,11
63312,149,132,17,17
63313,99,99,0,0
63314,120,99,21,21
63315,69,64,5,5
63316,102,94,8,8
63317,59,53,6,6
63318,54,56,-2,2
63319,107,87,20,20
63320,60,53,7,7
63321,70,58,12,12
63322,219,201,18,18
63323,83,74,9,9
63324,68,60,8,8
63325,89,87,2,2
63326,68,69,-1,1
63327,108,103,5,5
63328,94,91,3,3
63329,90,81,9,9
63330,171,147,24,24
63331,35,35,0,0
63332,39,37,2,2
63333,80,107,-27,27
63334,69,62,7,7
63335,109,100,9,9
63336,112,109,3,3
63337,127,121,6,6
63338,87,79,8,8
63339,60,121,-61,61
63340,67,67,0,0
63341,151,131,20,20
63342,115,101,14,14
63343,86,82,4,4
63344,97,80,17,17
63345,128,111,17,17
63346,137,114,23,23
63347,102,92,10,10
63348,76,73,3,3
63349,33,30,3,3
63350,89,80,9,9
63351,68,58,10,10
63352,55,51,4,4
63353,104,99,5,5
63354,98,94,4,4
63355,67,60,7,7
63356,103,89,14,14
63357,87,81,6,6
63358,92,83,9,9
63359,97,79,18,18
63360,144,129,15,15
63361,94,96,-2,2
63362,95,80,15,15
63363,131,106,25,25
63364,102,87,15,15
63365,132,122,10,10
63366,83,81,2,2
63367,127,120,7,7
63368,71,61,10,10
63369,86,78,8,8
63370,202,171,31,31
63371,181,158,23,23
63372,129,120,9,9
63373,112,99,13,13
63374,118,108,10,10
63375,46,36,10,10
63376,120,96,24,24
63377,55,61,-6,6
63378,141,124,17,17
63379,92,80,12,12
63380,137,128,9,9
63381,59,55,4,4
63382,192,182,10,10
63383,144,136,8,8
63384,91,86,5,5
63385,111,101,10,10
63386,52,43,9,9
63387,135,120,15,15
63388,43,44,-1,1
63389,138,111,27,27
63390,159,131,28,28
63391,88,85,3,3
63392,63,60,3,3
63393,90,84,6,6
63394,101,88,13,13
63395,72,66,6,6
63396,64,54,10,10
63397,81,68,13,13
63398,94,85,9,9
63399,125,113,12,12
63400,64,57,7,7
63401,68,61,7,7
63402,77,76,1,1
63403,125,118,7,7
63404,68,64,4,4
63405,131,117,14,14
63406,72,65,7,7
63407,113,96,17,17
63408,136,127,9,9
63409,136,118,18,18
63410,129,108,21,21
63411,118,105,13,13
63412,79,68,11,11
63413,98,85,13,13
63414,117,109,8,8
63415,98,98,0,0
63416,30,39,-9,9
63417,76,61,15,15
63418,87,75,12,12
63419,110,96,14,14
63420,80,74,6,6
63421,48,56,-8,8
63422,120,106,14,14
63423,98,92,6,6
63424,43,44,-1,1
63425,84,74,10,10
63426,62,59,3,3
63427,165,156,9,9
63428,56,54,2,2
63429,85,78,7,7
63430,109,92,17,17
63431,149,130,19,19
63432,55,46,9,9
63433,89,84,5,5
63434,68,70,-2,2
63435,68,62,6,6
63436,146,134,12,12
63437,112,101,11,11
63438,104,91,13,13
63439,49,44,5,5
63440,67,57,10,10
63441,70,61,9,9
63442,109,92,17,17
63443,56,51,5,5
63444,148,132,16,16
63445,97,91,6,6
63446,79,72,7,7
63447,116,100,16,16
63448,97,90,7,7
63449,79,68,11,11
63450,74,59,15,15
63451,67,54,13,13
63452,118,103,15,15
63453,72,71,1,1
63454,128,100,28,28
63455,113,108,5,5
63456,103,101,2,2
63457,86,85,1,1
63458,59,59,0,0
63459,114,116,-2,2
63460,125,122,3,3
63461,105,92,13,13
63462,70,60,10,10
63463,147,124,23,23
63464,90,74,16,16
63465,81,78,3,3
63466,65,69,-4,4
63467,63,57,6,6
63468,110,101,9,9
63469,108,90,18,18
63470,62,72,-10,10
63471,107,97,10,10
63472,47,45,2,2
63473,76,71,5,5
63474,92,86,6,6
63475,129,115,14,14
63476,87,80,7,7
63477,90,74,16,16
63478,75,70,5,5
63479,69,66,3,3
63480,61,60,1,1
63481,76,66,10,10
63482,49,44,5,5
63483,133,118,15,15
63484,147,142,5,5
63485,115,88,27,27
63486,88,88,0,0
63487,70,62,8,8
63488,77,71,6,6
63489,64,57,7,7
63490,182,153,29,29
63491,103,90,13,13
63492,91,85,6,6
63493,104,93,11,11
63494,67,51,16,16
63495,90,86,4,4
63496,81,77,4,4
63497,140,129,11,11
63498,64,59,5,5
63499,132,123,9,9
63500,64,56,8,8
63501,117,107,10,10
63502,86,86,0,0
63503,216,182,34,34
63504,129,113,16,16
63505,107,98,9,9
63506,114,103,11,11
63507,99,85,14,14
63508,232,192,40,40
63509,81,77,4,4
63510,117,109,8,8
63511,142,131,11,11
63512,33,31,2,2
63513,80,76,4,4
63514,95,80,15,15
63515,84,74,10,10
63516,111,108,3,3
63517,53,53,0,0
63518,47,52,-5,5
63519,80,75,5,5
63520,81,73,8,8
63521,74,65,9,9
63522,49,46,3,3
63523,124,106,18,18
63524,98,87,11,11
63525,155,144,11,11
63526,58,55,3,3
63527,111,98,13,13
63528,99,100,-1,1
63529,124,107,17,17
63530,62,51,11,11
63531,55,56,-1,1
63532,72,65,7,7
63533,62,52,10,10
63534,74,65,9,9
63535,76,58,18,18
63536,102,89,13,13
63537,87,77,10,10
63538,136,119,17,17
63539,89,77,12,12
63540,68,62,6,6
63541,67,65,2,2
63542,97,91,6,6
63543,123,109,14,14
63544,170,145,25,25
63545,120,113,7,7
63546,110,107,3,3
63547,100,95,5,5
63548,37,38,-1,1
63549,84,68,16,16
63550,62,57,5,5
63551,145,128,17,17
63552,106,101,5,5
63553,115,100,15,15
63554,126,117,9,9
63555,141,142,-1,1
63556,92,80,12,12
63557,110,99,11,11
63558,59,62,-3,3
63559,90,74,16,16
63560,77,70,7,7
63561,70,66,4,4
63562,77,65,12,12
63563,79,68,11,11
63564,154,137,17,17
63565,137,129,8,8
63566,106,94,12,12
63567,116,99,17,17
63568,119,99,20,20
63569,65,54,11,11
63570,139,121,18,18
63571,145,121,24,24
63572,141,126,15,15
63573,119,102,17,17
63574,70,66,4,4
63575,78,71,7,7
63576,75,57,18,18
63577,100,86,14,14
63578,163,141,22,22
63579,162,151,11,11
63580,153,135,18,18
63581,94,88,6,6
63582,74,67,7,7
63583,88,81,7,7
63584,67,66,1,1
63585,100,101,-1,1
63586,117,113,4,4
63587,80,70,10,10
63588,95,76,19,19
63589,77,72,5,5
63590,121,105,16,16
63591,141,124,17,17
63592,83,69,14,14
63593,55,51,4,4
63594,87,72,15,15
63595,76,73,3,3
63596,116,96,20,20
63597,162,176,-14,14
63598,114,104,10,10
63599,79,70,9,9
63600,117,111,6,6
63601,54,51,3,3
63602,87,83,4,4
63603,124,116,8,8
63604,101,87,14,14
63605,53,48,5,5
63606,133,119,14,14
63607,75,82,-7,7
63608,78,82,-4,4
63609,69,75,-6,6
63610,40,36,4,4
63611,84,74,10,10
63612,94,87,7,7
63613,75,66,9,9
63614,95,88,7,7
63615,82,87,-5,5
63616,75,67,8,8
63617,141,106,35,35
63618,98,93,5,5
63619,101,102,-1,1
63620,49,42,7,7
63621,45,43,2,2
63622,94,88,6,6
63623,132,102,30,30
63624,122,99,23,23
63625,96,88,8,8
63626,89,77,12,12
63627,114,108,6,6
63628,112,94,18,18
63629,55,58,-3,3
63630,63,57,6,6
63631,133,108,25,25
63632,71,72,-1,1
63633,81,65,16,16
63634,104,100,4,4
63635,97,74,23,23
63636,103,100,3,3
63637,110,90,20,20
63638,91,83,8,8
63639,60,56,4,4
63640,58,56,2,2
63641,91,82,9,9
63642,69,68,1,1
63643,75,78,-3,3
63644,175,167,8,8
63645,62,61,1,1
63646,121,112,9,9
63647,64,57,7,7
63648,103,89,14,14
63649,109,72,37,37
63650,111,94,17,17
63651,87,73,14,14
63652,146,128,18,18
63653,68,66,2,2
63654,69,65,4,4
63655,79,75,4,4
63656,111,99,12,12
63657,72,62,10,10
63658,110,96,14,14
63659,106,96,10,10
63660,112,93,19,19
63661,85,69,16,16
63662,153,149,4,4
63663,102,77,25,25
63664,75,72,3,3
63665,123,104,19,19
63666,80,87,-7,7
63667,81,75,6,6
63668,76,71,5,5
63669,107,108,-1,1
63670,163,148,15,15
63671,75,76,-1,1
63672,83,73,10,10
63673,72,61,11,11
63674,73,69,4,4
63675,47,49,-2,2
63676,127,114,13,13
63677,31,31,0,0
63678,88,75,13,13
63679,131,118,13,13
63680,140,143,-3,3
63681,172,148,24,24
63682,86,75,11,11
63683,137,123,14,14
63684,108,99,9,9
63685,67,64,3,3
63686,157,161,-4,4
63687,42,48,-6,6
63688,81,74,7,7
63689,96,82,14,14
63690,189,166,23,23
63691,97,100,-3,3
63692,82,80,2,2
63693,105,87,18,18
63694,107,88,19,19
63695,81,77,4,4
63696,44,37,7,7
63697,93,86,7,7
63698,63,57,6,6
63699,46,87,-41,41
63700,128,124,4,4
63701,133,123,10,10
63702,40,40,0,0
63703,119,102,17,17
63704,100,84,16,16
63705,96,87,9,9
63706,84,80,4,4
63707,188,173,15,15
63708,66,61,5,5
63709,145,135,10,10
63710,50,56,-6,6
63711,74,67,7,7
63712,82,76,6,6
63713,92,72,20,20
63714,131,118,13,13
63715,69,62,7,7
63716,97,80,17,17
63717,137,124,13,13
63718,98,91,7,7
63719,67,64,3,3
63720,107,103,4,4
63721,49,44,5,5
63722,76,69,7,7
63723,66,61,5,5
63724,170,146,24,24
63725,101,97,4,4
63726,95,74,21,21
63727,76,64,12,12
63728,82,74,8,8
63729,84,75,9,9
63730,106,96,10,10
63731,64,67,-3,3
63732,91,83,8,8
63733,86,77,9,9
63734,54,49,5,5
63735,82,88,-6,6
63736,89,82,7,7
63737,97,87,10,10
63738,161,141,20,20
63739,48,38,10,10
63740,109,98,11,11
63741,159,140,19,19
63742,106,99,7,7
63743,181,146,35,35
63744,129,127,2,2
63745,101,98,3,3
63746,114,99,15,15
63747,126,107,19,19
63748,168,139,29,29
63749,95,92,3,3
63750,80,76,4,4
63751,96,85,11,11
63752,35,49,-14,14
63753,73,68,5,5
63754,89,79,10,10
63755,107,91,16,16
63756,88,85,3,3
63757,92,87,5,5
63758,91,70,21,21
63759,91,76,15,15
63760,120,126,-6,6
63761,82,72,10,10
63762,80,75,5,5
63763,55,52,3,3
63764,76,60,16,16
63765,72,63,9,9
63766,105,92,13,13
63767,113,101,12,12
63768,67,58,9,9
63769,101,96,5,5
63770,80,70,10,10
63771,80,75,5,5
63772,96,81,15,15
63773,71,65,6,6
63774,148,139,9,9
63775,72,61,11,11
63776,127,124,3,3
63777,75,69,6,6
63778,83,79,4,4
63779,90,84,6,6
63780,86,80,6,6
63781,75,66,9,9
63782,72,65,7,7
63783,70,56,14,14
63784,105,93,12,12
63785,41,38,3,3
63786,68,66,2,2
63787,86,75,11,11
63788,64,53,11,11
63789,86,84,2,2
63790,51,54,-3,3
63791,124,105,19,19
63792,88,87,1,1
63793,93,86,7,7
63794,54,60,-6,6
63795,71,57,14,14
63796,132,126,6,6
63797,101,89,12,12
63798,172,146,26,26
63799,176,158,18,18
63800,173,163,10,10
63801,130,119,11,11
63802,79,69,10,10
63803,102,95,7,7
63804,133,120,13,13
63805,90,64,26,26
63806,102,91,11,11
63807,65,60,5,5
63808,128,112,16,16
63809,159,119,40,40
63810,57,53,4,4
63811,171,152,19,19
63812,66,64,2,2
63813,165,147,18,18
63814,51,44,7,7
63815,111,101,10,10
63816,211,166,45,45
63817,89,76,13,13
63818,74,71,3,3
63819,86,90,-4,4
63820,129,99,30,30
63821,67,57,10,10
63822,112,101,11,11
63823,102,75,27,27
63824,76,68,8,8
63825,67,72,-5,5
63826,96,87,9,9
63827,115,107,8,8
63828,95,91,4,4
63829,129,115,14,14
63830,78,67,11,11
63831,58,57,1,1
63832,93,84,9,9
63833,53,43,10,10
63834,62,58,4,4
63835,89,85,4,4
63836,110,100,10,10
63837,109,110,-1,1
63838,34,54,-20,20
63839,94,71,23,23
63840,54,49,5,5
63841,111,103,8,8
63842,128,121,7,7
63843,141,126,15,15
63844,92,80,12,12
63845,102,78,24,24
63846,94,92,2,2
63847,130,113,17,17
63848,93,88,5,5
63849,86,67,19,19
63850,102,92,10,10
63851,137,113,24,24
63852,55,40,15,15
63853,118,106,12,12
63854,121,107,14,14
63855,155,134,21,21
63856,71,70,1,1
63857,140,129,11,11
63858,64,67,-3,3
63859,110,109,1,1
63860,119,112,7,7
63861,55,52,3,3
63862,80,77,3,3
63863,142,119,23,23
63864,44,48,-4,4
63865,111,105,6,6
63866,113,100,13,13
63867,146,122,24,24
63868,169,159,10,10
63869,129,110,19,19
63870,76,75,1,1
63871,67,59,8,8
63872,75,64,11,11
63873,68,63,5,5
63874,74,73,1,1
63875,80,71,9,9
63876,33,33,0,0
63877,91,79,12,12
63878,75,66,9,9
63879,94,85,9,9
63880,142,115,27,27
63881,50,104,-54,54
63882,193,182,11,11
63883,81,78,3,3
63884,111,95,16,16
63885,130,118,12,12
63886,51,48,3,3
63887,73,66,7,7
63888,136,130,6,6
63889,94,86,8,8
63890,111,91,20,20
63891,119,104,15,15
63892,101,91,10,10
63893,79,68,11,11
63894,92,83,9,9
63895,84,69,15,15
63896,48,50,-2,2
63897,105,97,8,8
63898,87,69,18,18
63899,91,90,1,1
63900,78,75,3,3
63901,136,140,-4,4
63902,123,112,11,11
63903,130,119,11,11
63904,126,108,18,18
63905,84,85,-1,1
63906,122,116,6,6
63907,124,114,10,10
63908,117,101,16,16
63909,49,43,6,6
63910,63,54,9,9
63911,64,59,5,5
63912,57,53,4,4
63913,37,41,-4,4
63914,38,41,-3,3
63915,56,50,6,6
63916,137,120,17,17
63917,109,104,5,5
63918,158,142,16,16
63919,112,110,2,2
63920,96,93,3,3
63921,99,94,5,5
63922,68,65,3,3
63923,94,88,6,6
63924,118,109,9,9
63925,80,78,2,2
63926,78,74,4,4
63927,94,80,14,14
63928,172,159,13,13
63929,39,38,1,1
63930,62,67,-5,5
63931,152,123,29,29
63932,120,107,13,13
63933,90,76,14,14
63934,105,87,18,18
63935,80,70,10,10
63936,58,55,3,3
63937,51,53,-2,2
63938,90,81,9,9
63939,107,92,15,15
63940,71,67,4,4
63941,61,63,-2,2
63942,111,121,-10,10
63943,88,86,2,2
63944,56,55,1,1
63945,93,81,12,12
63946,106,93,13,13
63947,96,84,12,12
63948,81,78,3,3
63949,63,51,12,12
63950,112,107,5,5
63951,120,101,19,19
63952,59,51,8,8
63953,103,84,19,19
63954,50,50,0,0
63955,115,87,28,28
63956,54,59,-5,5
63957,71,63,8,8
63958,59,54,5,5
63959,115,98,17,17
63960,47,49,-2,2
63961,100,88,12,12
63962,77,69,8,8
63963,195,163,32,32
63964,118,106,12,12
63965,90,83,7,7
63966,101,93,8,8
63967,141,124,17,17
63968,153,133,20,20
63969,72,73,-1,1
63970,76,74,2,2
63971,141,114,27,27
63972,168,142,26,26
63973,189,150,39,39
63974,52,50,2,2
63975,90,81,9,9
63976,81,77,4,4
63977,54,53,1,1
63978,128,108,20,20
63979,86,84,2,2
63980,65,64,1,1
63981,53,48,5,5
63982,57,55,2,2
63983,90,57,33,33
63984,73,73,0,0
63985,75,77,-2,2
63986,85,72,13,13
63987,143,130,13,13
63988,44,50,-6,6
63989,81,67,14,14
63990,76,73,3,3
63991,126,114,12,12
63992,46,47,-1,1
63993,139,116,23,23
63994,154,136,18,18
63995,161,152,9,9
63996,59,49,10,10
63997,78,74,4,4
63998,85,79,6,6
63999,48,53,-5,5
64000,71,63,8,8
64001,79,73,6,6
64002,65,56,9,9
64003,78,73,5,5
64004,117,108,9,9
64005,51,47,4,4
64006,153,90,63,63
64007,118,112,6,6
64008,66,59,7,7
64009,75,76,-1,1
64010,102,99,3,3
64011,85,79,6,6
64012,64,58,6,6
64013,95,91,4,4
64014,160,138,22,22
64015,94,85,9,9
64016,68,74,-6,6
64017,180,165,15,15
64018,52,71,-19,19
64019,106,100,6,6
64020,85,76,9,9
64021,115,118,-3,3
64022,57,46,11,11
64023,104,95,9,9
64024,53,50,3,3
64025,79,65,14,14
64026,68,72,-4,4
64027,86,71,15,15
64028,121,103,18,18
64029,54,48,6,6
64030,74,66,8,8
64031,122,128,-6,6
64032,67,62,5,5
64033,128,121,7,7
64034,56,54,2,2
64035,146,134,12,12
64036,111,106,5,5
64037,86,83,3,3
64038,96,80,16,16
64039,144,144,0,0
64040,73,67,6,6
64041,50,48,2,2
64042,179,166,13,13
64043,83,77,6,6
64044,62,57,5,5
64045,103,96,7,7
64046,101,90,11,11
64047,59,59,0,0
64048,74,61,13,13
64049,72,63,9,9
64050,75,77,-2,2
64051,109,101,8,8
64052,102,81,21,21
64053,143,123,20,20
64054,83,89,-6,6
64055,156,148,8,8
64056,124,105,19,19
64057,80,73,7,7
64058,161,133,28,28
64059,54,55,-1,1
64060,75,78,-3,3
64061,155,124,31,31
64062,117,94,23,23
64063,130,120,10,10
64064,225,183,42,42
64065,94,84,10,10
64066,63,54,9,9
64067,72,62,10,10
64068,179,159,20,20
64069,141,129,12,12
64070,82,69,13,13
64071,62,47,15,15
64072,122,117,5,5
64073,79,66,13,13
64074,93,75,18,18
64075,137,152,-15,15
64076,110,105,5,5
64077,137,125,12,12
64078,84,66,18,18
64079,64,56,8,8
64080,64,52,12,12
64081,56,56,0,0
64082,70,64,6,6
64083,76,70,6,6
64084,118,101,17,17
64085,88,74,14,14
64086,81,70,11,11
64087,129,112,17,17
64088,64,64,0,0
64089,97,83,14,14
64090,123,116,7,7
64091,86,69,17,17
64092,97,88,9,9
64093,115,109,6,6
64094,96,97,-1,1
64095,77,70,7,7
64096,168,169,-1,1
64097,51,50,1,1
64098,90,76,14,14
64099,56,58,-2,2
64100,71,71,0,0
64101,107,102,5,5
64102,94,79,15,15
64103,46,49,-3,3
64104,118,99,19,19
64105,129,111,18,18
64106,106,101,5,5
64107,81,79,2,2
64108,82,69,13,13
64109,56,52,4,4
64110,79,69,10,10
64111,71,67,4,4
64112,148,143,5,5
64113,205,175,30,30
64114,142,116,26,26
64115,85,70,15,15
64116,47,47,0,0
64117,91,81,10,10
64118,108,96,12,12
64119,73,63,10,10
64120,102,96,6,6
64121,129,127,2,2
64122,130,147,-17,17
64123,103,86,17,17
64124,70,82,-12,12
64125,90,79,11,11
64126,118,125,-7,7
64127,85,67,18,18
64128,63,63,0,0
64129,62,51,11,11
64130,93,84,9,9
64131,66,72,-6,6
64132,57,53,4,4
64133,43,43,0,0
64134,104,91,13,13
64135,131,116,15,15
64136,88,75,13,13
64137,79,73,6,6
64138,83,65,18,18
64139,77,66,11,11
64140,82,74,8,8
64141,109,97,12,12
64142,118,102,16,16
64143,134,126,8,8
64144,124,119,5,5
64145,105,102,3,3
64146,102,88,14,14
64147,109,99,10,10
64148,100,90,10,10
64149,84,80,4,4
64150,88,72,16,16
64151,86,78,8,8
64152,92,78,14,14
64153,125,109,16,16
64154,70,63,7,7
64155,167,130,37,37
64156,151,144,7,7
64157,80,69,11,11
64158,125,100,25,25
64159,140,138,2,2
64160,101,93,8,8
64161,68,57,11,11
64162,48,69,-21,21
64163,105,93,12,12
64164,72,60,12,12
64165,73,70,3,3
64166,139,126,13,13
64167,88,83,5,5
64168,65,88,-23,23
64169,100,90,10,10
64170,150,139,11,11
64171,116,106,10,10
64172,64,60,4,4
64173,115,97,18,18
64174,58,57,1,1
64175,132,130,2,2
64176,91,77,14,14
64177,75,61,14,14
64178,98,94,4,4
64179,109,97,12,12
64180,115,96,19,19
64181,86,87,-1,1
64182,100,79,21,21
64183,77,69,8,8
64184,156,149,7,7
64185,63,54,9,9
64186,81,75,6,6
64187,95,82,13,13
64188,70,63,7,7
64189,100,92,8,8
64190,92,83,9,9
64191,150,140,10,10
64192,99,97,2,2
64193,133,119,14,14
64194,46,46,0,0
64195,99,82,17,17
64196,128,111,17,17
64197,77,73,4,4
64198,77,70,7,7
64199,62,63,-1,1
64200,175,136,39,39
64201,183,168,15,15
64202,80,75,5,5
64203,124,115,9,9
64204,116,105,11,11
64205,140,123,17,17
64206,74,61,13,13
64207,104,110,-6,6
64208,43,49,-6,6
64209,191,166,25,25
64210,245,209,36,36
64211,94,82,12,12
64212,110,93,17,17
64213,86,80,6,6
64214,49,53,-4,4
64215,116,110,6,6
64216,58,52,6,6
64217,51,38,13,13
64218,96,88,8,8
64219,73,71,2,2
64220,100,94,6,6
64221,83,128,-45,45
64222,130,117,13,13
64223,64,64,0,0
64224,77,71,6,6
64225,126,120,6,6
64226,52,47,5,5
64227,84,73,11,11
64228,69,73,-4,4
64229,107,114,-7,7
64230,104,86,18,18
64231,55,48,7,7
64232,87,85,2,2
64233,88,85,3,3
64234,147,141,6,6
64235,122,105,17,17
64236,120,101,19,19
64237,166,148,18,18
64238,80,80,0,0
64239,122,116,6,6
64240,43,38,5,5
64241,121,102,19,19
64242,70,66,4,4
64243,101,92,9,9
64244,57,57,0,0
64245,100,86,14,14
64246,52,54,-2,2
64247,69,64,5,5
64248,52,44,8,8
64249,60,55,5,5
64250,74,65,9,9
64251,92,86,6,6
64252,47,48,-1,1
64253,91,85,6,6
64254,72,70,2,2
64255,45,40,5,5
64256,70,73,-3,3
64257,119,108,11,11
64258,113,104,9,9
64259,51,50,1,1
64260,56,53,3,3
64261,95,83,12,12
64262,82,85,-3,3
64263,79,70,9,9
64264,70,68,2,2
64265,78,74,4,4
64266,94,84,10,10
64267,68,60,8,8
64268,87,83,4,4
64269,164,175,-11,11
64270,101,84,17,17
64271,145,132,13,13
64272,50,45,5,5
64273,65,77,-12,12
64274,108,88,20,20
64275,77,66,11,11
64276,153,130,23,23
64277,113,98,15,15
64278,181,143,38,38
64279,52,45,7,7
64280,96,92,4,4
64281,139,121,18,18
64282,91,83,8,8
64283,73,68,5,5
64284,77,71,6,6
64285,71,66,5,5
64286,51,48,3,3
64287,90,82,8,8
64288,68,59,9,9
64289,73,68,5,5
64290,94,94,0,0
64291,69,60,9,9
64292,90,84,6,6
64293,154,146,8,8
64294,163,133,30,30
64295,74,71,3,3
64296,55,54,1,1
64297,73,73,0,0
64298,33,32,1,1
64299,154,135,19,19
64300,70,48,22,22
64301,72,67,5,5
64302,96,94,2,2
64303,117,107,10,10
64304,127,115,12,12
64305,84,81,3,3
64306,99,97,2,2
64307,72,63,9,9
64308,144,123,21,21
64309,74,70,4,4
64310,75,67,8,8
64311,89,80,9,9
64312,122,104,18,18
64313,165,148,17,17
64314,45,41,4,4
64315,82,81,1,1
64316,84,71,13,13
64317,166,151,15,15
64318,140,116,24,24
64319,96,96,0,0
64320,73,65,8,8
64321,200,174,26,26
64322,113,102,11,11
64323,137,121,16,16
64324,87,83,4,4
64325,127,114,13,13
64326,74,57,17,17
64327,89,75,14,14
64328,128,125,3,3
64329,73,69,4,4
64330,53,46,7,7
64331,26,40,-14,14
64332,104,94,10,10
64333,91,77,14,14
64334,157,139,18,18
64335,93,81,12,12
64336,125,119,6,6
64337,66,55,11,11
64338,125,111,14,14
64339,144,110,34,34
64340,106,90,16,16
64341,129,111,18,18
64342,86,86,0,0
64343,188,167,21,21
64344,142,123,19,19
64345,54,50,4,4
64346,185,146,39,39
64347,152,135,17,17
64348,55,47,8,8
64349,74,74,0,0
64350,132,129,3,3
64351,80,70,10,10
64352,77,68,9,9
64353,67,68,-1,1
64354,71,61,10,10
64355,129,116,13,13
64356,116,102,14,14
64357,97,83,14,14
64358,39,41,-2,2
64359,44,47,-3,3
64360,73,65,8,8
64361,78,70,8,8
64362,68,59,9,9
64363,57,50,7,7
64364,97,65,32,32
64365,77,69,8,8
64366,159,148,11,11
64367,144,118,26,26
64368,58,55,3,3
64369,74,75,-1,1
64370,47,45,2,2
64371,86,78,8,8
64372,95,75,20,20
64373,74,66,8,8
64374,84,89,-5,5
64375,175,157,18,18
64376,47,42,5,5
64377,110,95,15,15
64378,181,160,21,21
64379,117,106,11,11
64380,77,63,14,14
64381,88,71,17,17
64382,84,84,0,0
64383,56,48,8,8
64384,49,38,11,11
64385,75,73,2,2
64386,58,49,9,9
64387,110,103,7,7
64388,80,75,5,5
64389,120,117,3,3
64390,79,89,-10,10
64391,107,103,4,4
64392,79,72,7,7
64393,69,59,10,10
64394,36,38,-2,2
64395,106,96,10,10
64396,64,55,9,9
64397,91,87,4,4
64398,70,67,3,3
64399,69,63,6,6
64400,75,68,7,7
64401,54,50,4,4
64402,69,69,0,0
64403,105,105,0,0
64404,67,65,2,2
64405,28,31,-3,3
64406,57,54,3,3
64407,46,35,11,11
64408,52,52,0,0
64409,122,112,10,10
64410,101,91,10,10
64411,129,112,17,17
64412,143,144,-1,1
64413,193,168,25,25
64414,55,51,4,4
64415,92,83,9,9
64416,107,81,26,26
64417,137,110,27,27
64418,100,92,8,8
64419,61,58,3,3
64420,113,91,22,22
64421,112,99,13,13
64422,78,63,15,15
64423,82,82,0,0
64424,58,62,-4,4
64425,65,51,14,14
64426,52,54,-2,2
64427,106,96,10,10
64428,47,47,0,0
64429,72,73,-1,1
64430,75,70,5,5
64431,135,132,3,3
64432,87,83,4,4
64433,175,154,21,21
64434,99,95,4,4
64435,50,47,3,3
64436,90,77,13,13
64437,83,83,0,0
64438,68,64,4,4
64439,85,78,7,7
64440,73,70,3,3
64441,58,62,-4,4
64442,78,69,9,9
64443,89,88,1,1
64444,49,44,5,5
64445,73,58,15,15
64446,108,78,30,30
64447,60,60,0,0
64448,142,121,21,21
64449,217,185,32,32
64450,57,47,10,10
64451,61,55,6,6
64452,82,68,14,14
64453,73,69,4,4
64454,108,99,9,9
64455,139,136,3,3
64456,80,70,10,10
64457,218,198,20,20
64458,119,108,11,11
64459,105,93,12,12
64460,57,54,3,3
64461,106,108,-2,2
64462,74,75,-1,1
64463,77,73,4,4
64464,143,125,18,18
64465,103,95,8,8
64466,120,105,15,15
64467,124,100,24,24
64468,112,98,14,14
64469,105,90,15,15
64470,144,133,11,11
64471,97,83,14,14
64472,65,57,8,8
64473,74,66,8,8
64474,55,53,2,2
64475,80,74,6,6
64476,115,106,9,9
64477,145,139,6,6
64478,103,102,1,1
64479,132,112,20,20
64480,46,35,11,11
64481,59,52,7,7
64482,83,71,12,12
64483,150,135,15,15
64484,182,163,19,19
64485,44,46,-2,2
64486,64,70,-6,6
64487,53,49,4,4
64488,78,79,-1,1
64489,112,112,0,0
64490,109,99,10,10
64491,95,94,1,1
64492,62,83,-21,21
64493,57,54,3,3
64494,130,120,10,10
64495,101,88,13,13
64496,135,127,8,8
64497,100,108,-8,8
64498,107,108,-1,1
64499,97,96,1,1
64500,79,70,9,9
64501,80,76,4,4
64502,94,65,29,29
64503,122,109,13,13
64504,57,56,1,1
64505,58,56,2,2
64506,76,69,7,7
64507,144,121,23,23
64508,51,44,7,7
64509,54,53,1,1
64510,85,79,6,6
64511,61,57,4,4
64512,148,114,34,34
64513,33,33,0,0
64514,99,85,14,14
64515,117,101,16,16
64516,82,74,8,8
64517,54,73,-19,19
64518,144,126,18,18
64519,141,123,18,18
64520,80,80,0,0
64521,203,172,31,31
64522,93,83,10,10
64523,65,59,6,6
64524,61,50,11,11
64525,139,123,16,16
64526,84,79,5,5
64527,72,73,-1,1
64528,68,67,1,1
64529,56,61,-5,5
64530,101,92,9,9
64531,63,65,-2,2
64532,94,86,8,8
64533,120,109,11,11
64534,113,108,5,5
64535,32,33,-1,1
64536,94,97,-3,3
64537,116,107,9,9
64538,101,87,14,14
64539,57,54,3,3
64540,144,129,15,15
64541,76,70,6,6
64542,94,84,10,10
64543,80,76,4,4
64544,100,92,8,8
64545,150,128,22,22
64546,85,80,5,5
64547,77,66,11,11
64548,75,66,9,9
64549,170,146,24,24
64550,138,129,9,9
64551,74,62,12,12
64552,83,73,10,10
64553,193,177,16,16
64554,95,78,17,17
64555,132,118,14,14
64556,69,61,8,8
64557,120,124,-4,4
64558,102,90,12,12
64559,87,71,16,16
64560,133,106,27,27
64561,106,94,12,12
64562,90,87,3,3
64563,61,55,6,6
64564,87,80,7,7
64565,130,115,15,15
64566,77,72,5,5
64567,80,91,-11,11
64568,95,70,25,25
64569,64,58,6,6
64570,57,56,1,1
64571,70,66,4,4
64572,111,99,12,12
64573,54,52,2,2
64574,142,155,-13,13
64575,52,52,0,0
64576,47,48,-1,1
64577,133,128,5,5
64578,140,137,3,3
64579,60,60,0,0
64580,186,148,38,38
64581,77,72,5,5
64582,101,86,15,15
64583,59,52,7,7
64584,121,118,3,3
64585,104,97,7,7
64586,155,123,32,32
64587,83,73,10,10
64588,77,70,7,7
64589,123,102,21,21
64590,59,53,6,6
64591,105,83,22,22
64592,75,75,0,0
64593,116,98,18,18
64594,72,65,7,7
64595,149,144,5,5
64596,119,103,16,16
64597,63,65,-2,2
64598,87,74,13,13
64599,137,123,14,14
64600,82,68,14,14
64601,125,111,14,14
64602,36,41,-5,5
64603,67,65,2,2
64604,116,108,8,8
64605,155,132,23,23
64606,103,83,20,20
64607,104,91,13,13
64608,143,129,14,14
64609,123,112,11,11
64610,121,105,16,16
64611,87,71,16,16
64612,72,69,3,3
64613,49,57,-8,8
64614,69,73,-4,4
64615,72,81,-9,9
64616,116,86,30,30
64617,138,135,3,3
64618,97,90,7,7
64619,63,55,8,8
64620,109,92,17,17
64621,80,74,6,6
64622,96,83,13,13
64623,98,80,18,18
64624,101,95,6,6
64625,143,132,11,11
64626,90,82,8,8
64627,85,78,7,7
64628,120,113,7,7
64629,65,53,12,12
64630,161,136,25,25
64631,124,100,24,24
64632,103,94,9,9
64633,99,89,10,10
64634,121,117,4,4
64635,122,109,13,13
64636,104,101,3,3
64637,160,160,0,0
64638,109,79,30,30
64639,63,60,3,3
64640,112,103,9,9
64641,88,77,11,11
64642,88,79,9,9
64643,101,105,-4,4
64644,50,47,3,3
64645,170,164,6,6
64646,64,65,-1,1
64647,102,101,1,1
64648,93,83,10,10
64649,132,117,15,15
64650,75,76,-1,1
64651,84,67,17,17
64652,60,56,4,4
64653,103,107,-4,4
64654,58,52,6,6
64655,153,130,23,23
64656,135,113,22,22
64657,62,72,-10,10
64658,162,136,26,26
64659,74,67,7,7
64660,90,77,13,13
64661,127,116,11,11
64662,97,91,6,6
64663,102,91,11,11
64664,117,104,13,13
64665,38,41,-3,3
64666,114,100,14,14
64667,45,36,9,9
64668,100,89,11,11
64669,61,54,7,7
64670,101,86,15,15
64671,120,111,9,9
64672,152,131,21,21
64673,84,79,5,5
64674,100,82,18,18
64675,108,93,15,15
64676,124,126,-2,2
64677,148,144,4,4
64678,46,43,3,3
64679,119,110,9,9
64680,118,99,19,19
64681,52,49,3,3
64682,104,102,2,2
64683,82,89,-7,7
64684,100,81,19,19
64685,118,105,13,13
64686,70,69,1,1
64687,104,81,23,23
64688,141,124,17,17
64689,97,89,8,8
64690,24,26,-2,2
64691,192,157,35,35
64692,71,56,15,15
64693,78,81,-3,3
64694,46,47,-1,1
64695,79,74,5,5
64696,153,128,25,25
64697,88,91,-3,3
64698,64,65,-1,1
64699,81,65,16,16
64700,81,76,5,5
64701,105,90,15,15
64702,88,85,3,3
64703,120,115,5,5
64704,68,60,8,8
64705,84,76,8,8
64706,121,107,14,14
64707,80,65,15,15
64708,138,128,10,10
64709,90,76,14,14
64710,87,82,5,5
64711,92,83,9,9
64712,111,108,3,3
64713,77,67,10,10
64714,74,67,7,7
64715,170,130,40,40
64716,77,74,3,3
64717,117,114,3,3
64718,151,122,29,29
64719,84,81,3,3
64720,108,107,1,1
64721,69,68,1,1
64722,121,117,4,4
64723,94,94,0,0
64724,41,40,1,1
64725,140,122,18,18
64726,76,63,13,13
64727,85,71,14,14
64728,104,103,1,1
64729,48,49,-1,1
64730,128,123,5,5
64731,68,62,6,6
64732,70,60,10,10
64733,93,78,15,15
64734,69,74,-5,5
64735,56,53,3,3
64736,96,87,9,9
64737,50,45,5,5
64738,64,64,0,0
64739,69,67,2,2
64740,89,78,11,11
64741,75,72,3,3
64742,77,75,2,2
64743,68,58,10,10
64744,59,81,-22,22
64745,140,115,25,25
64746,79,68,11,11
64747,46,40,6,6
64748,54,44,10,10
64749,89,86,3,3
64750,99,94,5,5
64751,68,62,6,6
64752,86,87,-1,1
64753,106,89,17,17
64754,82,73,9,9
64755,97,115,-18,18
64756,29,41,-12,12
64757,99,85,14,14
64758,119,112,7,7
64759,102,95,7,7
64760,104,98,6,6
64761,148,115,33,33
64762,146,128,18,18
64763,107,89,18,18
64764,49,44,5,5
64765,45,40,5,5
64766,133,120,13,13
64767,102,96,6,6
64768,110,106,4,4
64769,100,92,8,8
64770,112,96,16,16
64771,59,62,-3,3
64772,73,61,12,12
64773,115,116,-1,1
64774,88,79,9,9
64775,77,81,-4,4
64776,133,120,13,13
64777,86,79,7,7
64778,74,57,17,17
64779,125,114,11,11
64780,97,90,7,7
64781,71,61,10,10
64782,42,42,0,0
64783,140,130,10,10
64784,70,64,6,6
64785,76,76,0,0
64786,59,50,9,9
64787,87,86,1,1
64788,134,112,22,22
64789,173,150,23,23
64790,47,45,2,2
64791,112,93,19,19
64792,94,93,1,1
64793,81,70,11,11
64794,152,139,13,13
64795,56,51,5,5
64796,72,66,6,6
64797,82,73,9,9
64798,68,63,5,5
64799,87,83,4,4
64800,116,123,-7,7
64801,49,41,8,8
64802,124,111,13,13
64803,146,138,8,8
64804,151,132,19,19
64805,67,78,-11,11
64806,57,85,-28,28
64807,147,137,10,10
64808,104,97,7,7
64809,124,117,7,7
64810,46,44,2,2
64811,118,112,6,6
64812,110,101,9,9
64813,82,73,9,9
64814,97,83,14,14
64815,104,87,17,17
64816,46,40,6,6
64817,76,75,1,1
64818,66,60,6,6
64819,51,46,5,5
64820,63,53,10,10
64821,81,72,9,9
64822,110,102,8,8
64823,160,147,13,13
64824,65,59,6,6
64825,43,41,2,2
64826,67,115,-48,48
64827,104,91,13,13
64828,83,83,0,0
64829,57,64,-7,7
64830,139,124,15,15
64831,78,73,5,5
64832,68,52,16,16
64833,91,80,11,11
64834,117,107,10,10
64835,117,103,14,14
64836,110,106,4,4
64837,67,62,5,5
64838,89,83,6,6
64839,96,97,-1,1
64840,92,94,-2,2
64841,87,78,9,9
64842,92,76,16,16
64843,59,58,1,1
64844,66,59,7,7
64845,160,148,12,12
64846,188,155,33,33
64847,96,89,7,7
64848,75,76,-1,1
64849,140,124,16,16
64850,95,86,9,9
64851,83,75,8,8
64852,103,96,7,7
64853,81,75,6,6
64854,87,80,7,7
64855,90,82,8,8
64856,66,61,5,5
64857,100,88,12,12
64858,75,66,9,9
64859,50,47,3,3
64860,68,62,6,6
64861,82,72,10,10
64862,72,58,14,14
64863,56,53,3,3
64864,113,104,9,9
64865,41,42,-1,1
64866,56,56,0,0
64867,92,79,13,13
64868,68,62,6,6
64869,63,58,5,5
64870,111,107,4,4
64871,74,71,3,3
64872,91,84,7,7
64873,84,127,-43,43
64874,107,109,-2,2
64875,95,84,11,11
64876,80,68,12,12
64877,125,120,5,5
64878,57,50,7,7
64879,115,112,3,3
64880,117,104,13,13
64881,71,70,1,1
64882,72,63,9,9
64883,199,170,29,29
64884,100,97,3,3
64885,75,62,13,13
64886,78,68,10,10
64887,82,70,12,12
64888,85,79,6,6
64889,53,52,1,1
64890,89,81,8,8
64891,111,93,18,18
64892,58,50,8,8
64893,74,63,11,11
64894,106,109,-3,3
64895,139,127,12,12
64896,94,85,9,9
64897,66,57,9,9
64898,140,113,27,27
64899,100,91,9,9
64900,60,55,5,5
64901,118,99,19,19
64902,108,89,19,19
64903,131,111,20,20
64904,141,143,-2,2
64905,107,97,10,10
64906,65,72,-7,7
64907,104,100,4,4
64908,121,114,7,7
64909,93,93,0,0
64910,85,83,2,2
64911,77,65,12,12
64912,113,96,17,17
64913,44,40,4,4
64914,110,115,-5,5
64915,75,64,11,11
64916,65,68,-3,3
64917,59,53,6,6
64918,102,85,17,17
64919,93,101,-8,8
64920,85,76,9,9
64921,57,52,5,5
64922,129,116,13,13
64923,45,49,-4,4
64924,60,71,-11,11
64925,89,89,0,0
64926,93,85,8,8
64927,104,93,11,11
64928,55,51,4,4
64929,83,80,3,3
64930,137,121,16,16
64931,109,88,21,21
64932,69,65,4,4
64933,110,117,-7,7
64934,119,92,27,27
64935,97,84,13,13
64936,81,73,8,8
64937,104,94,10,10
64938,71,71,0,0
64939,50,52,-2,2
64940,136,119,17,17
64941,70,57,13,13
64942,63,66,-3,3
64943,90,85,5,5
64944,102,91,11,11
64945,50,46,4,4
64946,138,115,23,23
64947,103,118,-15,15
64948,127,113,14,14
64949,129,121,8,8
64950,144,131,13,13
64951,52,54,-2,2
64952,72,69,3,3
64953,94,91,3,3
64954,77,64,13,13
64955,62,61,1,1
64956,91,86,5,5
64957,58,53,5,5
64958,78,69,9,9
64959,63,58,5,5
64960,111,93,18,18
64961,87,80,7,7
64962,85,75,10,10
64963,224,182,42,42
64964,99,84,15,15
64965,84,71,13,13
64966,101,92,9,9
64967,156,123,33,33
64968,50,46,4,4
64969,82,73,9,9
64970,190,181,9,9
64971,127,123,4,4
64972,61,54,7,7
64973,100,95,5,5
64974,81,77,4,4
64975,141,116,25,25
64976,80,71,9,9
64977,67,61,6,6
64978,90,84,6,6
64979,81,70,11,11
64980,55,46,9,9
64981,85,78,7,7
64982,36,37,-1,1
64983,87,66,21,21
64984,73,77,-4,4
64985,90,81,9,9
64986,69,55,14,14
64987,88,76,12,12
64988,64,60,4,4
64989,56,49,7,7
64990,130,111,19,19
64991,59,53,6,6
64992,140,136,4,4
64993,129,106,23,23
64994,122,108,14,14
64995,69,60,9,9
64996,65,66,-1,1
64997,103,94,9,9
64998,36,31,5,5
64999,193,179,14,14
65000,123,109,14,14
65001,77,68,9,9
65002,75,67,8,8
65003,85,87,-2,2
65004,124,113,11,11
65005,148,139,9,9
65006,92,88,4,4
65007,70,53,17,17
65008,129,113,16,16
65009,51,46,5,5
65010,98,81,17,17
65011,130,112,18,18
65012,134,120,14,14
65013,89,75,14,14
65014,83,84,-1,1
65015,89,82,7,7
65016,101,88,13,13
65017,110,90,20,20
65018,68,62,6,6
65019,68,57,11,11
65020,72,68,4,4
65021,77,72,5,5
65022,147,127,20,20
65023,117,105,12,12
65024,79,89,-10,10
65025,103,99,4,4
65026,65,63,2,2
65027,102,92,10,10
65028,66,62,4,4
65029,101,85,16,16
65030,77,74,3,3
65031,58,58,0,0
65032,75,71,4,4
65033,50,59,-9,9
65034,116,103,13,13
65035,78,69,9,9
65036,111,91,20,20
65037,35,37,-2,2
65038,94,85,9,9
65039,136,118,18,18
65040,71,64,7,7
65041,94,98,-4,4
65042,81,70,11,11
65043,54,45,9,9
65044,94,79,15,15
65045,94,88,6,6
65046,143,130,13,13
65047,82,75,7,7
65048,156,136,20,20
65049,81,79,2,2
65050,169,156,13,13
65051,104,92,12,12
65052,107,102,5,5
65053,69,73,-4,4
65054,123,97,26,26
65055,51,49,2,2
65056,88,86,2,2
65057,41,41,0,0
65058,56,59,-3,3
65059,138,130,8,8
65060,102,88,14,14
65061,97,83,14,14
65062,124,122,2,2
65063,124,109,15,15
65064,119,124,-5,5
65065,55,45,10,10
65066,116,105,11,11
65067,60,52,8,8
65068,134,115,19,19
65069,63,82,-19,19
65070,73,68,5,5
65071,145,128,17,17
65072,111,104,7,7
65073,110,108,2,2
65074,194,166,28,28
65075,92,91,1,1
65076,97,82,15,15
65077,116,108,8,8
65078,61,52,9,9
65079,150,136,14,14
65080,45,42,3,3
65081,99,82,17,17
65082,79,70,9,9
65083,118,111,7,7
65084,74,61,13,13
65085,108,97,11,11
65086,85,70,15,15
65087,89,73,16,16
65088,107,100,7,7
65089,165,157,8,8
65090,84,73,11,11
65091,132,117,15,15
65092,90,78,12,12
65093,144,111,33,33
65094,87,82,5,5
65095,103,83,20,20
65096,98,95,3,3
65097,88,78,10,10
65098,125,112,13,13
65099,112,95,17,17
65100,51,52,-1,1
65101,105,100,5,5
65102,149,119,30,30
65103,109,97,12,12
65104,74,68,6,6
65105,83,77,6,6
65106,85,80,5,5
65107,75,62,13,13
65108,78,78,0,0
65109,67,63,4,4
65110,48,45,3,3
65111,109,81,28,28
65112,92,79,13,13
65113,90,86,4,4
65114,90,80,10,10
65115,98,87,11,11
65116,76,67,9,9
65117,83,80,3,3
65118,148,139,9,9
65119,99,90,9,9
65120,68,65,3,3
65121,79,68,11,11
65122,98,93,5,5
65123,194,175,19,19
65124,90,75,15,15
65125,70,60,10,10
65126,88,82,6,6
65127,66,60,6,6
65128,81,60,21,21
65129,122,112,10,10
65130,96,89,7,7
65131,69,63,6,6
65132,113,91,22,22
65133,61,64,-3,3
65134,101,76,25,25
65135,178,159,19,19
65136,111,98,13,13
65137,81,70,11,11
65138,147,150,-3,3
65139,121,107,14,14
65140,78,67,11,11
65141,86,76,10,10
65142,54,50,4,4
65143,46,42,4,4
65144,62,61,1,1
65145,94,90,4,4
65146,101,93,8,8
65147,60,60,0,0
65148,72,61,11,11
65149,75,76,-1,1
65150,148,129,19,19
65151,123,106,17,17
65152,81,81,0,0
65153,126,118,8,8
65154,163,142,21,21
65155,105,98,7,7
65156,85,76,9,9
65157,102,89,13,13
65158,89,79,10,10
65159,123,118,5,5
65160,62,53,9,9
65161,78,80,-2,2
65162,98,84,14,14
65163,68,63,5,5
65164,99,94,5,5
65165,112,94,18,18
65166,89,77,12,12
65167,89,86,3,3
65168,83,69,14,14
65169,119,108,11,11
65170,92,93,-1,1
65171,77,75,2,2
65172,74,64,10,10
65173,115,125,-10,10
65174,107,96,11,11
65175,98,82,16,16
65176,136,117,19,19
65177,42,43,-1,1
65178,119,112,7,7
65179,119,111,8,8
65180,109,93,16,16
65181,113,101,12,12
65182,164,147,17,17
65183,86,75,11,11
65184,97,89,8,8
65185,112,107,5,5
65186,124,114,10,10
65187,84,86,-2,2
65188,77,73,4,4
65189,87,76,11,11
65190,52,48,4,4
65191,112,99,13,13
65192,78,72,6,6
65193,93,83,10,10
65194,115,120,-5,5
65195,76,66,10,10
65196,209,176,33,33
65197,41,44,-3,3
65198,115,100,15,15
65199,155,127,28,28
65200,53,49,4,4
65201,72,66,6,6
65202,110,77,33,33
65203,91,87,4,4
65204,99,88,11,11
65205,88,87,1,1
65206,100,93,7,7
65207,73,76,-3,3
65208,70,61,9,9
65209,126,111,15,15
65210,102,94,8,8
65211,97,84,13,13
65212,60,60,0,0
65213,44,40,4,4
65214,62,62,0,0
65215,52,50,2,2
65216,128,114,14,14
65217,168,152,16,16
65218,101,92,9,9
65219,106,102,4,4
65220,191,160,31,31
65221,51,57,-6,6
65222,196,156,40,40
65223,92,91,1,1
65224,47,40,7,7
65225,115,98,17,17
65226,70,60,10,10
65227,84,84,0,0
65228,145,130,15,15
65229,102,97,5,5
65230,31,30,1,1
65231,65,59,6,6
65232,92,80,12,12
65233,77,75,2,2
65234,90,87,3,3
65235,30,26,4,4
65236,72,75,-3,3
65237,109,101,8,8
65238,148,136,12,12
65239,81,73,8,8
65240,75,65,10,10
65241,60,55,5,5
65242,147,132,15,15
65243,95,76,19,19
65244,71,70,1,1
65245,145,140,5,5
65246,91,90,1,1
65247,48,60,-12,12
65248,94,84,10,10
65249,86,88,-2,2
65250,70,64,6,6
65251,120,114,6,6
65252,117,105,12,12
65253,118,86,32,32
65254,66,61,5,5
65255,70,63,7,7
65256,51,46,5,5
65257,80,75,5,5
65258,78,74,4,4
65259,136,111,25,25
65260,105,97,8,8
65261,94,77,17,17
65262,119,102,17,17
65263,119,113,6,6
65264,66,55,11,11
65265,133,116,17,17
65266,106,96,10,10
65267,110,93,17,17
65268,109,99,10,10
65269,97,101,-4,4
65270,54,55,-1,1
65271,143,131,12,12
65272,103,99,4,4
65273,55,47,8,8
65274,72,63,9,9
65275,300,230,70,70
65276,110,98,12,12
65277,120,108,12,12
65278,114,111,3,3
65279,65,59,6,6
65280,51,46,5,5
65281,107,87,20,20
65282,86,83,3,3
65283,91,83,8,8
65284,102,88,14,14
65285,72,58,14,14
65286,82,74,8,8
65287,134,116,18,18
65288,133,114,19,19
65289,79,76,3,3
65290,146,135,11,11
65291,176,160,16,16
65292,117,106,11,11
65293,82,79,3,3
65294,105,96,9,9
65295,89,83,6,6
65296,72,72,0,0
65297,71,56,15,15
65298,117,110,7,7
65299,140,124,16,16
65300,80,76,4,4
65301,53,50,3,3
65302,185,167,18,18
65303,111,92,19,19
65304,92,88,4,4
65305,91,79,12,12
65306,112,90,22,22
65307,59,55,4,4
65308,106,91,15,15
65309,53,55,-2,2
65310,132,122,10,10
65311,80,78,2,2
65312,163,151,12,12
65313,58,56,2,2
65314,138,114,24,24
65315,173,157,16,16
65316,64,64,0,0
65317,78,65,13,13
65318,101,97,4,4
65319,103,93,10,10
65320,87,77,10,10
65321,105,92,13,13
65322,94,84,10,10
65323,89,85,4,4
65324,63,64,-1,1
65325,92,78,14,14
65326,139,131,8,8
65327,78,74,4,4
65328,58,73,-15,15
65329,77,75,2,2
65330,71,80,-9,9
65331,154,145,9,9
65332,93,82,11,11
65333,61,54,7,7
65334,168,147,21,21
65335,139,120,19,19
65336,78,73,5,5
65337,132,117,15,15
65338,56,50,6,6
65339,78,74,4,4
65340,86,81,5,5
65341,68,62,6,6
65342,31,51,-20,20
65343,60,54,6,6
65344,150,132,18,18
65345,117,106,11,11
65346,104,90,14,14
65347,102,92,10,10
65348,77,79,-2,2
65349,64,63,1,1
65350,103,97,6,6
65351,113,103,10,10
65352,96,90,6,6
65353,114,87,27,27
65354,126,112,14,14
65355,106,99,7,7
65356,59,55,4,4
65357,81,78,3,3
65358,109,92,17,17
65359,121,119,2,2
65360,70,62,8,8
65361,148,139,9,9
65362,94,76,18,18
65363,127,111,16,16
65364,117,110,7,7
65365,104,91,13,13
65366,46,47,-1,1
65367,106,111,-5,5
65368,94,79,15,15
65369,124,104,20,20
65370,62,61,1,1
65371,62,69,-7,7
65372,74,74,0,0
65373,53,50,3,3
65374,40,35,5,5
65375,70,62,8,8
65376,60,57,3,3
65377,45,37,8,8
65378,111,100,11,11
65379,37,44,-7,7
65380,88,92,-4,4
65381,51,97,-46,46
65382,66,62,4,4
65383,76,72,4,4
65384,91,79,12,12
65385,121,115,6,6
65386,135,121,14,14
65387,87,85,2,2
65388,99,92,7,7
65389,106,97,9,9
65390,83,80,3,3
65391,94,79,15,15
65392,76,68,8,8
65393,69,61,8,8
65394,100,105,-5,5
65395,118,107,11,11
65396,66,76,-10,10
65397,89,82,7,7
65398,104,107,-3,3
65399,110,88,22,22
65400,106,89,17,17
65401,118,106,12,12
65402,83,81,2,2
65403,85,77,8,8
65404,73,78,-5,5
65405,72,59,13,13
65406,61,54,7,7
65407,59,53,6,6
65408,114,110,4,4
65409,68,70,-2,2
65410,179,162,17,17
65411,70,66,4,4
65412,91,80,11,11
65413,114,99,15,15
65414,108,95,13,13
65415,79,74,5,5
65416,79,68,11,11
65417,125,120,5,5
65418,117,94,23,23
65419,68,69,-1,1
65420,79,70,9,9
65421,103,102,1,1
65422,207,174,33,33
65423,63,62,1,1
65424,117,108,9,9
65425,63,58,5,5
65426,71,68,3,3
65427,74,76,-2,2
65428,55,46,9,9
65429,170,148,22,22
65430,69,60,9,9
65431,51,53,-2,2
65432,55,51,4,4
65433,73,65,8,8
65434,89,97,-8,8
65435,173,144,29,29
65436,119,107,12,12
65437,85,80,5,5
65438,94,87,7,7
65439,104,84,20,20
65440,96,89,7,7
65441,61,61,0,0
65442,86,81,5,5
65443,95,84,11,11
65444,161,146,15,15
65445,80,72,8,8
65446,112,97,15,15
65447,75,74,1,1
65448,141,119,22,22
65449,161,149,12,12
65450,99,93,6,6
65451,94,84,10,10
65452,146,124,22,22
65453,72,65,7,7
65454,105,84,21,21
65455,69,60,9,9
65456,113,96,17,17
65457,132,104,28,28
65458,121,111,10,10
65459,91,85,6,6
65460,70,56,14,14
65461,96,85,11,11
65462,155,136,19,19
65463,130,126,4,4
65464,186,154,32,32
65465,96,89,7,7
65466,146,146,0,0
65467,113,98,15,15
65468,86,84,2,2
65469,104,92,12,12
65470,66,59,7,7
65471,96,81,15,15
65472,88,71,17,17
65473,111,93,18,18
65474,146,124,22,22
65475,86,66,20,20
65476,46,45,1,1
65477,72,67,5,5
65478,170,143,27,27
65479,35,33,2,2
65480,90,83,7,7
65481,143,135,8,8
65482,157,138,19,19
65483,62,62,0,0
65484,65,59,6,6
65485,75,66,9,9
65486,89,82,7,7
65487,82,68,14,14
65488,80,76,4,4
65489,56,49,7,7
65490,76,67,9,9
65491,113,106,7,7
65492,104,105,-1,1
65493,99,86,13,13
65494,62,55,7,7
65495,140,132,8,8
65496,76,73,3,3
65497,114,100,14,14
65498,108,104,4,4
65499,81,66,15,15
65500,63,57,6,6
65501,125,112,13,13
65502,70,53,17,17
65503,90,83,7,7
65504,37,38,-1,1
65505,92,94,-2,2
65506,96,96,0,0
65507,85,74,11,11
65508,106,101,5,5
65509,86,74,12,12
65510,101,81,20,20
65511,101,92,9,9
65512,100,95,5,5
65513,105,91,14,14
65514,71,69,2,2
65515,58,48,10,10
65516,179,154,25,25
65517,106,97,9,9
65518,89,76,13,13
65519,84,69,15,15
65520,113,98,15,15
65521,129,111,18,18
65522,87,88,-1,1
65523,122,115,7,7
65524,109,99,10,10
65525,78,77,1,1
65526,96,84,12,12
65527,176,140,36,36
65528,114,102,12,12
65529,89,72,17,17
65530,115,94,21,21
65531,73,61,12,12
65532,68,63,5,5
65533,148,134,14,14
65534,70,64,6,6
65535,108,91,17,17
65536,60,51,9,9
65537,98,81,17,17
65538,47,44,3,3
65539,84,82,2,2
65540,60,50,10,10
65541,119,114,5,5
65542,66,65,1,1
65543,115,106,9,9
65544,172,143,29,29
65545,105,91,14,14
65546,83,69,14,14
65547,75,64,11,11
65548,48,43,5,5
65549,100,92,8,8
65550,59,59,0,0
65551,67,57,10,10
65552,103,101,2,2
65553,48,44,4,4
65554,108,107,1,1
65555,77,60,17,17
65556,126,113,13,13
65557,82,92,-10,10
65558,38,38,0,0
65559,99,85,14,14
65560,56,51,5,5
65561,131,106,25,25
65562,96,78,18,18
65563,83,77,6,6
65564,120,102,18,18
65565,102,86,16,16
65566,93,89,4,4
65567,127,114,13,13
65568,67,52,15,15
65569,98,86,12,12
65570,77,63,14,14
65571,84,70,14,14
65572,96,82,14,14
65573,118,104,14,14
65574,84,80,4,4
65575,70,77,-7,7
65576,100,96,4,4
65577,118,103,15,15
65578,54,53,1,1
65579,170,147,23,23
65580,91,91,0,0
65581,86,76,10,10
65582,82,80,2,2
65583,123,114,9,9
65584,94,86,8,8
65585,86,70,16,16
65586,142,136,6,6
65587,132,108,24,24
65588,140,123,17,17
65589,177,142,35,35
65590,54,57,-3,3
65591,51,50,1,1
65592,130,111,19,19
65593,71,66,5,5
65594,61,54,7,7
65595,93,81,12,12
65596,93,90,3,3
65597,83,72,11,11
65598,104,85,19,19
65599,93,86,7,7
65600,88,80,8,8
65601,89,85,4,4
65602,154,148,6,6
65603,53,48,5,5
65604,85,76,9,9
65605,89,88,1,1
65606,107,100,7,7
65607,102,92,10,10
65608,88,88,0,0
65609,35,32,3,3
65610,118,102,16,16
65611,63,54,9,9
65612,56,54,2,2
65613,41,40,1,1
65614,108,104,4,4
65615,137,124,13,13
65616,70,58,12,12
65617,131,131,0,0
65618,83,72,11,11
65619,87,76,11,11
65620,87,86,1,1
65621,134,122,12,12
65622,108,83,25,25
65623,73,71,2,2
65624,110,94,16,16
65625,100,75,25,25
65626,57,56,1,1
65627,101,89,12,12
65628,124,108,16,16
65629,100,93,7,7
65630,116,109,7,7
65631,124,102,22,22
65632,119,113,6,6
65633,95,99,-4,4
65634,131,111,20,20
65635,46,47,-1,1
65636,119,101,18,18
65637,86,77,9,9
65638,148,135,13,13
65639,63,55,8,8
65640,84,71,13,13
65641,88,76,12,12
65642,125,105,20,20
65643,180,148,32,32
65644,92,88,4,4
65645,73,70,3,3
65646,54,55,-1,1
65647,125,118,7,7
65648,158,145,13,13
65649,115,102,13,13
65650,176,160,16,16
65651,71,83,-12,12
65652,109,110,-1,1
65653,115,102,13,13
65654,135,118,17,17
65655,75,66,9,9
65656,71,70,1,1
65657,74,76,-2,2
65658,123,121,2,2
65659,85,79,6,6
65660,124,107,17,17
65661,51,45,6,6
65662,53,55,-2,2
65663,97,97,0,0
65664,92,82,10,10
65665,122,113,9,9
65666,183,156,27,27
65667,94,92,2,2
65668,151,129,22,22
65669,65,61,4,4
65670,146,134,12,12
65671,68,71,-3,3
65672,186,130,56,56
65673,121,100,21,21
65674,77,70,7,7
65675,99,99,0,0
65676,102,98,4,4
65677,80,73,7,7
65678,123,112,11,11
65679,90,90,0,0
65680,96,94,2,2
65681,119,92,27,27
65682,136,121,15,15
65683,84,70,14,14
65684,135,124,11,11
65685,84,94,-10,10
65686,56,52,4,4
65687,81,76,5,5
65688,69,55,14,14
65689,89,66,23,23
65690,105,95,10,10
65691,113,106,7,7
65692,79,67,12,12
65693,167,139,28,28
65694,85,70,15,15
65695,80,75,5,5
65696,72,66,6,6
65697,129,118,11,11
65698,155,126,29,29
65699,53,51,2,2
65700,48,44,4,4
65701,45,38,7,7
65702,55,50,5,5
65703,99,92,7,7
65704,91,86,5,5
65705,75,65,10,10
65706,84,77,7,7
65707,38,41,-3,3
65708,41,39,2,2
65709,86,80,6,6
65710,76,64,12,12
65711,53,52,1,1
65712,63,58,5,5
65713,79,68,11,11
65714,145,129,16,16
65715,97,91,6,6
65716,120,108,12,12
65717,74,69,5,5
65718,96,89,7,7
65719,101,84,17,17
65720,94,93,1,1
65721,92,76,16,16
65722,83,63,20,20
65723,122,100,22,22
65724,57,50,7,7
65725,56,58,-2,2
65726,123,116,7,7
65727,104,92,12,12
65728,147,124,23,23
65729,190,185,5,5
65730,120,107,13,13
65731,173,148,25,25
65732,52,47,5,5
65733,134,117,17,17
65734,110,99,11,11
65735,84,74,10,10
65736,92,87,5,5
65737,112,95,17,17
65738,60,54,6,6
65739,76,70,6,6
65740,159,135,24,24
65741,61,62,-1,1
65742,141,121,20,20
65743,107,96,11,11
65744,103,85,18,18
65745,129,123,6,6
65746,61,48,13,13
65747,77,65,12,12
65748,84,81,3,3
65749,78,72,6,6
65750,47,43,4,4
65751,140,120,20,20
65752,56,50,6,6
65753,154,130,24,24
65754,77,77,0,0
65755,85,65,20,20
65756,104,103,1,1
65757,70,81,-11,11
65758,71,66,5,5
65759,63,56,7,7
65760,84,73,11,11
65761,110,89,21,21
65762,88,83,5,5
65763,74,67,7,7
65764,72,79,-7,7
65765,46,46,0,0
65766,94,85,9,9
65767,93,93,0,0
65768,63,56,7,7
65769,100,92,8,8
65770,71,64,7,7
65771,113,107,6,6
65772,88,76,12,12
65773,83,62,21,21
65774,76,76,0,0
65775,83,68,15,15
65776,153,124,29,29
65777,134,128,6,6
65778,91,82,9,9
65779,56,51,5,5
65780,89,82,7,7
65781,51,50,1,1
65782,121,103,18,18
65783,107,98,9,9
65784,97,137,-40,40
65785,79,72,7,7
65786,115,100,15,15
65787,60,57,3,3
65788,105,92,13,13
65789,65,61,4,4
65790,57,52,5,5
65791,169,149,20,20
65792,92,81,11,11
65793,104,108,-4,4
65794,68,59,9,9
65795,72,63,9,9
65796,92,85,7,7
65797,124,113,11,11
65798,85,79,6,6
65799,123,112,11,11
65800,112,94,18,18
65801,138,137,1,1
65802,205,179,26,26
65803,88,82,6,6
65804,82,74,8,8
65805,77,74,3,3
65806,68,60,8,8
65807,125,110,15,15
65808,87,79,8,8
65809,112,104,8,8
65810,66,68,-2,2
65811,132,113,19,19
65812,136,113,23,23
65813,232,200,32,32
65814,63,61,2,2
65815,77,75,2,2
65816,121,107,14,14
65817,161,140,21,21
65818,200,150,50,50
65819,65,57,8,8
65820,104,84,20,20
65821,129,106,23,23
65822,129,136,-7,7
65823,123,107,16,16
65824,72,69,3,3
65825,59,52,7,7
65826,94,99,-5,5
65827,102,103,-1,1
65828,74,69,5,5
65829,64,56,8,8
65830,48,46,2,2
65831,80,75,5,5
65832,112,92,20,20
65833,67,116,-49,49
65834,79,80,-1,1
65835,79,72,7,7
65836,51,50,1,1
65837,213,186,27,27
65838,116,108,8,8
65839,82,75,7,7
65840,88,82,6,6
65841,154,150,4,4
65842,93,81,12,12
65843,115,104,11,11
65844,58,50,8,8
65845,89,88,1,1
65846,69,62,7,7
65847,124,106,18,18
65848,87,79,8,8
65849,114,108,6,6
65850,75,71,4,4
65851,46,57,-11,11
65852,54,51,3,3
65853,63,53,10,10
65854,54,47,7,7
65855,70,64,6,6
65856,98,85,13,13
65857,74,68,6,6
65858,76,67,9,9
65859,80,70,10,10
65860,73,122,-49,49
65861,108,94,14,14
65862,100,88,12,12
65863,64,51,13,13
65864,101,96,5,5
65865,75,68,7,7
65866,66,67,-1,1
65867,142,126,16,16
65868,47,44,3,3
65869,71,58,13,13
65870,26,25,1,1
65871,53,52,1,1
65872,133,121,12,12
65873,96,87,9,9
65874,91,85,6,6
65875,83,69,14,14
65876,103,100,3,3
65877,89,74,15,15
65878,90,84,6,6
65879,95,95,0,0
65880,32,30,2,2
65881,72,72,0,0
65882,99,77,22,22
65883,115,104,11,11
65884,86,87,-1,1
65885,93,96,-3,3
65886,129,111,18,18
65887,92,83,9,9
65888,114,107,7,7
65889,84,77,7,7
65890,93,84,9,9
65891,89,94,-5,5
65892,59,53,6,6
65893,63,59,4,4
65894,59,56,3,3
65895,115,105,10,10
65896,144,111,33,33
65897,76,74,2,2
65898,112,100,12,12
65899,118,121,-3,3
65900,80,78,2,2
65901,106,95,11,11
65902,92,89,3,3
65903,65,62,3,3
65904,130,127,3,3
65905,108,95,13,13
65906,44,49,-5,5
65907,101,94,7,7
65908,72,72,0,0
65909,67,64,3,3
65910,73,72,1,1
65911,184,162,22,22
65912,83,73,10,10
65913,77,70,7,7
65914,113,100,13,13
65915,46,42,4,4
65916,101,100,1,1
65917,92,88,4,4
65918,122,104,18,18
65919,67,58,9,9
65920,134,116,18,18
65921,82,78,4,4
65922,142,134,8,8
65923,101,87,14,14
65924,119,117,2,2
65925,44,44,0,0
65926,105,98,7,7
65927,99,93,6,6
65928,127,113,14,14
65929,76,68,8,8
65930,107,87,20,20
65931,104,105,-1,1
65932,104,88,16,16
65933,100,91,9,9
65934,106,90,16,16
65935,66,56,10,10
65936,154,129,25,25
65937,124,116,8,8
65938,118,109,9,9
65939,79,70,9,9
65940,76,69,7,7
65941,89,79,10,10
65942,67,71,-4,4
65943,104,99,5,5
65944,108,89,19,19
65945,76,68,8,8
65946,47,47,0,0
65947,98,95,3,3
65948,137,135,2,2
65949,111,97,14,14
65950,62,50,12,12
65951,37,35,2,2
65952,69,62,7,7
65953,115,115,0,0
65954,98,92,6,6
65955,62,60,2,2
65956,94,87,7,7
65957,46,48,-2,2
65958,97,83,14,14
65959,108,90,18,18
65960,124,110,14,14
65961,74,79,-5,5
65962,113,105,8,8
65963,96,90,6,6
65964,135,119,16,16
65965,81,78,3,3
65966,101,89,12,12
65967,109,104,5,5
65968,121,110,11,11
65969,62,52,10,10
65970,105,104,1,1
65971,105,85,20,20
65972,96,70,26,26
65973,90,64,26,26
65974,81,68,13,13
65975,137,119,18,18
65976,86,70,16,16
65977,86,82,4,4
65978,105,100,5,5
65979,120,106,14,14
65980,70,58,12,12
65981,90,79,11,11
65982,90,79,11,11
65983,79,72,7,7
65984,62,57,5,5
65985,56,57,-1,1
65986,62,55,7,7
65987,123,103,20,20
65988,108,103,5,5
65989,73,70,3,3
65990,92,76,16,16
65991,97,84,13,13
65992,94,82,12,12
65993,119,112,7,7
65994,125,111,14,14
65995,252,203,49,49
65996,124,113,11,11
65997,76,77,-1,1
65998,120,110,10,10
65999,83,78,5,5
66000,82,77,5,5
66001,93,89,4,4
66002,56,55,1,1
66003,78,83,-5,5
66004,121,141,-20,20
66005,100,83,17,17
66006,91,72,19,19
66007,66,57,9,9
66008,62,56,6,6
66009,72,65,7,7
66010,77,72,5,5
66011,93,83,10,10
66012,176,147,29,29
66013,55,52,3,3
66014,75,71,4,4
66015,60,56,4,4
66016,143,110,33,33
66017,117,114,3,3
66018,36,45,-9,9
66019,45,39,6,6
66020,96,88,8,8
66021,81,83,-2,2
66022,106,93,13,13
66023,83,88,-5,5
66024,105,89,16,16
66025,80,80,0,0
66026,43,40,3,3
66027,103,97,6,6
66028,134,117,17,17
66029,53,49,4,4
66030,115,99,16,16
66031,157,130,27,27
66032,67,66,1,1
66033,104,110,-6,6
66034,148,137,11,11
66035,116,100,16,16
66036,100,89,11,11
66037,63,61,2,2
66038,71,72,-1,1
66039,71,59,12,12
66040,67,67,0,0
66041,105,102,3,3
66042,102,91,11,11
66043,53,52,1,1
66044,71,67,4,4
66045,115,107,8,8
66046,105,92,13,13
66047,62,74,-12,12
66048,119,107,12,12
66049,151,128,23,23
66050,55,57,-2,2
66051,76,73,3,3
66052,37,35,2,2
66053,126,91,35,35
66054,116,87,29,29
66055,119,108,11,11
66056,86,74,12,12
66057,64,66,-2,2
66058,53,53,0,0
66059,108,93,15,15
66060,118,104,14,14
66061,126,117,9,9
66062,71,61,10,10
66063,99,93,6,6
66064,49,48,1,1
66065,87,82,5,5
66066,75,66,9,9
66067,89,85,4,4
66068,94,80,14,14
66069,100,82,18,18
66070,80,65,15,15
66071,78,71,7,7
66072,65,62,3,3
66073,104,90,14,14
66074,111,109,2,2
66075,182,141,41,41
66076,69,63,6,6
66077,67,60,7,7
66078,99,107,-8,8
66079,82,68,14,14
66080,99,76,23,23
66081,66,60,6,6
66082,162,145,17,17
66083,142,125,17,17
66084,84,80,4,4
66085,70,77,-7,7
66086,106,94,12,12
66087,57,51,6,6
66088,89,75,14,14
66089,119,104,15,15
66090,90,76,14,14
66091,59,59,0,0
66092,80,68,12,12
66093,113,100,13,13
66094,47,44,3,3
66095,72,67,5,5
66096,178,171,7,7
66097,76,79,-3,3
66098,96,92,4,4
66099,83,75,8,8
66100,63,59,4,4
66101,144,132,12,12
66102,42,48,-6,6
66103,52,42,10,10
66104,125,104,21,21
66105,63,60,3,3
66106,69,54,15,15
66107,78,65,13,13
66108,63,75,-12,12
66109,80,78,2,2
66110,101,89,12,12
66111,187,142,45,45
66112,163,139,24,24
66113,109,106,3,3
66114,101,105,-4,4
66115,86,82,4,4
66116,72,78,-6,6
66117,142,156,-14,14
66118,99,79,20,20
66119,64,61,3,3
66120,79,76,3,3
66121,85,56,29,29
66122,107,78,29,29
66123,97,84,13,13
66124,116,104,12,12
66125,67,63,4,4
66126,89,94,-5,5
66127,122,101,21,21
66128,140,129,11,11
66129,62,53,9,9
66130,119,121,-2,2
66131,117,101,16,16
66132,104,106,-2,2
66133,47,46,1,1
66134,73,69,4,4
66135,159,128,31,31
66136,101,96,5,5
66137,77,60,17,17
66138,58,53,5,5
66139,78,73,5,5
66140,97,81,16,16
66141,76,68,8,8
66142,88,82,6,6
66143,64,60,4,4
66144,81,84,-3,3
66145,69,60,9,9
66146,115,120,-5,5
66147,65,79,-14,14
66148,76,59,17,17
66149,58,58,0,0
66150,33,34,-1,1
66151,133,115,18,18
66152,45,63,-18,18
66153,123,116,7,7
66154,100,88,12,12
66155,82,76,6,6
66156,83,78,5,5
66157,117,96,21,21
66158,74,63,11,11
66159,103,92,11,11
66160,72,68,4,4
66161,142,118,24,24
66162,121,101,20,20
66163,82,72,10,10
66164,80,73,7,7
66165,100,93,7,7
66166,164,149,15,15
66167,95,83,12,12
66168,57,52,5,5
66169,81,70,11,11
66170,39,32,7,7
66171,123,110,13,13
66172,127,113,14,14
66173,82,75,7,7
66174,105,92,13,13
66175,72,64,8,8
66176,37,39,-2,2
66177,85,80,5,5
66178,152,132,20,20
66179,80,70,10,10
66180,55,53,2,2
66181,76,82,-6,6
66182,21,34,-13,13
66183,220,188,32,32
66184,159,130,29,29
66185,90,85,5,5
66186,148,138,10,10
66187,102,89,13,13
66188,83,72,11,11
66189,80,87,-7,7
66190,100,78,22,22
66191,111,92,19,19
66192,79,75,4,4
66193,82,72,10,10
66194,82,72,10,10
66195,197,177,20,20
66196,188,153,35,35
66197,177,170,7,7
66198,76,67,9,9
66199,157,160,-3,3
66200,49,51,-2,2
66201,44,37,7,7
66202,66,60,6,6
66203,156,133,23,23
66204,111,110,1,1
66205,69,70,-1,1
66206,188,167,21,21
66207,126,101,25,25
66208,73,64,9,9
66209,111,94,17,17
66210,94,78,16,16
66211,57,57,0,0
66212,132,116,16,16
66213,164,151,13,13
66214,55,53,2,2
66215,139,122,17,17
66216,77,66,11,11
66217,43,40,3,3
66218,96,80,16,16
66219,88,77,11,11
66220,74,67,7,7
66221,81,74,7,7
66222,84,78,6,6
66223,100,90,10,10
66224,108,87,21,21
66225,44,52,-8,8
66226,77,75,2,2
66227,79,75,4,4
66228,111,101,10,10
66229,86,80,6,6
66230,61,52,9,9
66231,85,76,9,9
66232,45,52,-7,7
66233,81,67,14,14
66234,159,135,24,24
66235,80,68,12,12
66236,94,80,14,14
66237,89,81,8,8
66238,96,83,13,13
66239,95,76,19,19
66240,127,102,25,25
66241,71,59,12,12
66242,68,57,11,11
66243,80,78,2,2
66244,122,108,14,14
66245,136,126,10,10
66246,95,86,9,9
66247,89,80,9,9
66248,88,84,4,4
66249,44,39,5,5
66250,121,104,17,17
66251,47,45,2,2
66252,72,63,9,9
66253,72,64,8,8
66254,145,146,-1,1
66255,77,71,6,6
66256,129,130,-1,1
66257,65,65,0,0
66258,121,107,14,14
66259,92,82,10,10
66260,100,95,5,5
66261,36,39,-3,3
66262,122,109,13,13
66263,112,91,21,21
66264,76,67,9,9
66265,112,113,-1,1
66266,75,73,2,2
66267,81,72,9,9
66268,102,82,20,20
66269,43,43,0,0
66270,92,85,7,7
66271,118,96,22,22
66272,73,67,6,6
66273,179,164,15,15
66274,63,64,-1,1
66275,128,127,1,1
66276,161,149,12,12
66277,178,144,34,34
66278,90,78,12,12
66279,74,66,8,8
66280,74,72,2,2
66281,95,91,4,4
66282,98,92,6,6
66283,94,81,13,13
66284,115,110,5,5
66285,131,125,6,6
66286,99,73,26,26
66287,87,77,10,10
66288,74,72,2,2
66289,56,54,2,2
66290,58,52,6,6
66291,77,76,1,1
66292,122,101,21,21
66293,70,65,5,5
66294,40,45,-5,5
66295,106,101,5,5
66296,100,92,8,8
66297,73,70,3,3
66298,72,60,12,12
66299,99,94,5,5
66300,135,127,8,8
66301,184,153,31,31
66302,50,60,-10,10
66303,77,70,7,7
66304,48,45,3,3
66305,76,62,14,14
66306,87,87,0,0
66307,137,119,18,18
66308,110,107,3,3
66309,84,80,4,4
66310,74,71,3,3
66311,83,68,15,15
66312,76,67,9,9
66313,107,121,-14,14
66314,78,66,12,12
66315,87,76,11,11
66316,64,62,2,2
66317,60,57,3,3
66318,94,93,1,1
66319,80,69,11,11
66320,50,43,7,7
66321,54,47,7,7
66322,65,55,10,10
66323,101,101,0,0
66324,89,78,11,11
66325,127,116,11,11
66326,59,61,-2,2
66327,90,90,0,0
66328,77,74,3,3
66329,100,96,4,4
66330,103,93,10,10
66331,33,50,-17,17
66332,61,52,9,9
66333,63,70,-7,7
66334,47,48,-1,1
66335,51,44,7,7
66336,141,128,13,13
66337,74,65,9,9
66338,74,68,6,6
66339,85,78,7,7
66340,149,125,24,24
66341,90,85,5,5
66342,79,80,-1,1
66343,93,94,-1,1
66344,79,71,8,8
66345,146,133,13,13
66346,81,71,10,10
66347,83,97,-14,14
66348,196,157,39,39
66349,114,95,19,19
66350,102,88,14,14
66351,140,125,15,15
66352,46,40,6,6
66353,189,163,26,26
66354,102,91,11,11
66355,96,83,13,13
66356,73,78,-5,5
66357,131,129,2,2
66358,143,117,26,26
66359,94,93,1,1
66360,95,86,9,9
66361,131,113,18,18
66362,138,117,21,21
66363,55,55,0,0
66364,40,35,5,5
66365,97,83,14,14
66366,70,70,0,0
66367,95,82,13,13
66368,86,72,14,14
66369,107,93,14,14
66370,45,49,-4,4
66371,107,98,9,9
66372,77,64,13,13
66373,75,65,10,10
66374,85,75,10,10
66375,81,78,3,3
66376,100,84,16,16
66377,65,66,-1,1
66378,57,56,1,1
66379,61,52,9,9
66380,79,70,9,9
66381,104,94,10,10
66382,106,99,7,7
66383,55,48,7,7
66384,100,87,13,13
66385,89,83,6,6
66386,73,64,9,9
66387,77,76,1,1
66388,59,54,5,5
66389,71,66,5,5
66390,52,56,-4,4
66391,58,50,8,8
66392,72,59,13,13
66393,90,77,13,13
66394,57,55,2,2
66395,82,89,-7,7
66396,92,82,10,10
66397,88,71,17,17
66398,49,50,-1,1
66399,91,77,14,14
66400,171,147,24,24
66401,75,85,-10,10
66402,82,72,10,10
66403,74,64,10,10
66404,116,106,10,10
66405,95,75,20,20
66406,116,98,18,18
66407,74,94,-20,20
66408,100,92,8,8
66409,81,79,2,2
66410,141,144,-3,3
66411,113,100,13,13
66412,100,84,16,16
66413,80,67,13,13
66414,96,82,14,14
66415,83,76,7,7
66416,68,70,-2,2
66417,66,60,6,6
66418,73,66,7,7
66419,169,157,12,12
66420,119,95,24,24
66421,82,87,-5,5
66422,85,76,9,9
66423,92,96,-4,4
66424,92,83,9,9
66425,164,142,22,22
66426,131,125,6,6
66427,106,114,-8,8
66428,72,63,9,9
66429,54,52,2,2
66430,75,69,6,6
66431,62,52,10,10
66432,89,77,12,12
66433,63,53,10,10
66434,87,75,12,12
66435,136,115,21,21
66436,79,70,9,9
66437,86,82,4,4
66438,71,67,4,4
66439,68,58,10,10
66440,127,113,14,14
66441,78,75,3,3
66442,43,41,2,2
66443,82,74,8,8
66444,61,57,4,4
66445,91,91,0,0
66446,78,71,7,7
66447,121,111,10,10
66448,83,77,6,6
66449,169,162,7,7
66450,56,54,2,2
66451,78,56,22,22
66452,73,69,4,4
66453,66,64,2,2
66454,67,58,9,9
66455,69,52,17,17
66456,96,87,9,9
66457,118,103,15,15
66458,67,64,3,3
66459,58,55,3,3
66460,77,59,18,18
66461,164,139,25,25
66462,57,57,0,0
66463,98,89,9,9
66464,97,84,13,13
66465,58,56,2,2
66466,107,100,7,7
66467,70,70,0,0
66468,121,103,18,18
66469,144,119,25,25
66470,157,144,13,13
66471,113,104,9,9
66472,66,59,7,7
66473,47,46,1,1
66474,106,91,15,15
66475,77,72,5,5
66476,180,165,15,15
66477,55,47,8,8
66478,57,63,-6,6
66479,104,93,11,11
66480,120,108,12,12
66481,124,103,21,21
66482,157,150,7,7
66483,185,173,12,12
66484,63,57,6,6
66485,158,130,28,28
66486,161,153,8,8
66487,61,55,6,6
66488,104,99,5,5
66489,65,62,3,3
66490,174,154,20,20
66491,52,49,3,3
66492,118,101,17,17
66493,89,80,9,9
66494,88,80,8,8
66495,88,83,5,5
66496,62,63,-1,1
66497,67,62,5,5
66498,118,101,17,17
66499,113,110,3,3
66500,99,96,3,3
66501,68,61,7,7
66502,50,40,10,10
66503,123,110,13,13
66504,97,84,13,13
66505,93,97,-4,4
66506,132,114,18,18
66507,70,67,3,3
66508,65,56,9,9
66509,80,88,-8,8
66510,79,71,8,8
66511,96,88,8,8
66512,69,70,-1,1
66513,142,129,13,13
66514,126,116,10,10
66515,88,99,-11,11
66516,57,50,7,7
66517,68,59,9,9
66518,97,99,-2,2
66519,128,118,10,10
66520,129,129,0,0
66521,92,82,10,10
66522,146,116,30,30
66523,83,78,5,5
66524,92,78,14,14
66525,207,171,36,36
66526,40,46,-6,6
66527,92,86,6,6
66528,95,101,-6,6
66529,107,91,16,16
66530,51,48,3,3
66531,210,175,35,35
66532,73,66,7,7
66533,103,88,15,15
66534,120,108,12,12
66535,132,105,27,27
66536,112,96,16,16
66537,86,78,8,8
66538,195,179,16,16
66539,69,64,5,5
66540,91,79,12,12
66541,57,65,-8,8
66542,112,100,12,12
66543,72,75,-3,3
66544,90,78,12,12
66545,99,90,9,9
66546,46,41,5,5
66547,51,48,3,3
66548,107,95,12,12
66549,156,145,11,11
66550,61,56,5,5
66551,88,76,12,12
66552,107,94,13,13
66553,121,99,22,22
66554,89,75,14,14
66555,99,92,7,7
66556,87,85,2,2
66557,46,48,-2,2
66558,152,143,9,9
66559,67,63,4,4
66560,164,153,11,11
66561,68,64,4,4
66562,94,86,8,8
66563,60,60,0,0
66564,205,168,37,37
66565,92,81,11,11
66566,95,82,13,13
66567,67,53,14,14
66568,55,53,2,2
66569,151,122,29,29
66570,160,142,18,18
66571,29,31,-2,2
66572,108,96,12,12
66573,112,111,1,1
66574,109,149,-40,40
66575,86,76,10,10
66576,75,70,5,5
66577,60,61,-1,1
66578,64,68,-4,4
66579,64,78,-14,14
66580,110,104,6,6
66581,81,80,1,1
66582,79,74,5,5
66583,124,102,22,22
66584,94,89,5,5
66585,73,83,-10,10
66586,111,97,14,14
66587,107,97,10,10
66588,71,63,8,8
66589,125,115,10,10
66590,123,99,24,24
66591,63,55,8,8
66592,98,90,8,8
66593,101,83,18,18
66594,129,120,9,9
66595,96,91,5,5
66596,58,53,5,5
66597,162,150,12,12
66598,48,41,7,7
66599,151,133,18,18
66600,67,61,6,6
66601,122,107,15,15
66602,100,91,9,9
66603,135,133,2,2
66604,213,168,45,45
66605,129,129,0,0
66606,61,61,0,0
66607,70,67,3,3
66608,88,80,8,8
66609,75,68,7,7
66610,159,149,10,10
66611,100,94,6,6
66612,75,62,13,13
66613,120,127,-7,7
66614,70,66,4,4
66615,129,107,22,22
66616,124,72,52,52
66617,105,92,13,13
66618,60,50,10,10
66619,76,63,13,13
66620,64,64,0,0
66621,145,134,11,11
66622,95,103,-8,8
66623,104,102,2,2
66624,148,126,22,22
66625,126,117,9,9
66626,142,123,19,19
66627,67,62,5,5
66628,96,96,0,0
66629,114,101,13,13
66630,47,52,-5,5
66631,125,121,4,4
66632,66,61,5,5
66633,203,213,-10,10
66634,58,57,1,1
66635,114,98,16,16
66636,100,107,-7,7
66637,92,91,1,1
66638,114,114,0,0
66639,67,64,3,3
66640,56,46,10,10
66641,78,69,9,9
66642,62,56,6,6
66643,77,81,-4,4
66644,104,91,13,13
66645,37,44,-7,7
66646,94,84,10,10
66647,108,89,19,19
66648,42,40,2,2
66649,106,96,10,10
66650,74,65,9,9
66651,116,93,23,23
66652,77,57,20,20
66653,123,119,4,4
66654,89,90,-1,1
66655,74,67,7,7
66656,118,104,14,14
66657,73,68,5,5
66658,69,77,-8,8
66659,79,71,8,8
66660,58,59,-1,1
66661,172,132,40,40
66662,118,102,16,16
66663,140,122,18,18
66664,124,112,12,12
66665,111,94,17,17
66666,88,92,-4,4
66667,90,109,-19,19
66668,59,49,10,10
66669,139,131,8,8
66670,125,112,13,13
66671,64,60,4,4
66672,147,125,22,22
66673,50,48,2,2
66674,81,76,5,5
66675,105,91,14,14
66676,63,62,1,1
66677,87,82,5,5
66678,90,78,12,12
66679,47,43,4,4
66680,134,116,18,18
66681,61,56,5,5
66682,73,81,-8,8
66683,73,60,13,13
66684,78,73,5,5
66685,134,114,20,20
66686,51,46,5,5
66687,108,96,12,12
66688,96,87,9,9
66689,54,54,0,0
66690,122,111,11,11
66691,129,117,12,12
66692,86,68,18,18
66693,114,104,10,10
66694,70,66,4,4
66695,79,75,4,4
66696,56,51,5,5
66697,66,58,8,8
66698,89,77,12,12
66699,106,94,12,12
66700,77,73,4,4
66701,82,71,11,11
66702,63,73,-10,10
66703,87,79,8,8
66704,119,117,2,2
66705,146,126,20,20
66706,71,59,12,12
66707,70,72,-2,2
66708,82,78,4,4
66709,72,68,4,4
66710,91,85,6,6
66711,57,65,-8,8
66712,68,60,8,8
66713,92,78,14,14
66714,71,63,8,8
66715,100,84,16,16
66716,106,89,17,17
66717,64,53,11,11
66718,58,59,-1,1
66719,74,66,8,8
66720,104,107,-3,3
66721,133,117,16,16
66722,59,53,6,6
66723,77,70,7,7
66724,90,79,11,11
66725,116,86,30,30
66726,94,82,12,12
66727,102,94,8,8
66728,130,118,12,12
66729,115,105,10,10
66730,79,68,11,11
66731,151,131,20,20
66732,88,91,-3,3
66733,188,159,29,29
66734,91,84,7,7
66735,81,68,13,13
66736,74,71,3,3
66737,80,70,10,10
66738,125,108,17,17
66739,140,123,17,17
66740,60,58,2,2
66741,45,48,-3,3
66742,65,63,2,2
66743,120,112,8,8
66744,105,99,6,6
66745,136,126,10,10
66746,31,55,-24,24
66747,77,74,3,3
66748,79,80,-1,1
66749,96,88,8,8
66750,40,55,-15,15
66751,54,51,3,3
66752,94,77,17,17
66753,83,94,-11,11
66754,54,52,2,2
66755,92,86,6,6
66756,146,120,26,26
66757,172,150,22,22
66758,62,56,6,6
66759,155,141,14,14
66760,111,95,16,16
66761,99,87,12,12
66762,126,110,16,16
66763,55,52,3,3
66764,202,185,17,17
66765,60,56,4,4
66766,97,80,17,17
66767,111,95,16,16
66768,114,106,8,8
66769,81,70,11,11
66770,35,45,-10,10
66771,88,78,10,10
66772,62,57,5,5
66773,84,80,4,4
66774,96,81,15,15
66775,105,97,8,8
66776,67,63,4,4
66777,68,71,-3,3
66778,75,68,7,7
66779,64,65,-1,1
66780,165,132,33,33
66781,92,115,-23,23
66782,136,112,24,24
66783,93,88,5,5
66784,58,46,12,12
66785,72,69,3,3
66786,87,79,8,8
66787,53,54,-1,1
66788,138,126,12,12
66789,98,93,5,5
66790,81,74,7,7
66791,82,78,4,4
66792,140,136,4,4
66793,92,82,10,10
66794,116,108,8,8
66795,169,148,21,21
66796,76,75,1,1
66797,70,63,7,7
66798,206,173,33,33
66799,118,101,17,17
66800,82,78,4,4
66801,143,126,17,17
66802,113,97,16,16
66803,82,73,9,9
66804,72,67,5,5
66805,53,46,7,7
66806,38,49,-11,11
66807,102,90,12,12
66808,98,96,2,2
66809,60,60,0,0
66810,133,116,17,17
66811,108,93,15,15
66812,103,87,16,16
66813,58,55,3,3
66814,80,74,6,6
66815,72,67,5,5
66816,103,88,15,15
66817,115,113,2,2
66818,66,69,-3,3
66819,134,122,12,12
66820,129,113,16,16
66821,82,74,8,8
66822,92,83,9,9
66823,72,63,9,9
66824,156,139,17,17
66825,97,90,7,7
66826,80,73,7,7
66827,110,88,22,22
66828,112,94,18,18
66829,73,67,6,6
66830,93,90,3,3
66831,84,86,-2,2
66832,69,58,11,11
66833,63,69,-6,6
66834,97,89,8,8
66835,51,58,-7,7
66836,117,107,10,10
66837,102,105,-3,3
66838,63,58,5,5
66839,90,102,-12,12
66840,75,68,7,7
66841,31,71,-40,40
66842,118,112,6,6
66843,110,114,-4,4
66844,126,114,12,12
66845,132,127,5,5
66846,94,81,13,13
66847,55,62,-7,7
66848,119,100,19,19
66849,47,45,2,2
66850,152,127,25,25
66851,38,46,-8,8
66852,96,102,-6,6
66853,79,64,15,15
66854,63,54,9,9
66855,120,112,8,8
66856,97,84,13,13
66857,65,56,9,9
66858,108,97,11,11
66859,146,134,12,12
66860,99,94,5,5
66861,50,47,3,3
66862,98,90,8,8
66863,61,53,8,8
66864,67,63,4,4
66865,102,89,13,13
66866,98,85,13,13
66867,127,114,13,13
66868,134,118,16,16
66869,107,93,14,14
66870,62,59,3,3
66871,83,75,8,8
66872,41,35,6,6
66873,65,68,-3,3
66874,73,70,3,3
66875,81,72,9,9
66876,85,73,12,12
66877,85,69,16,16
66878,117,102,15,15
66879,128,122,6,6
66880,89,81,8,8
66881,42,32,10,10
66882,125,129,-4,4
66883,68,62,6,6
66884,72,72,0,0
66885,96,86,10,10
66886,134,123,11,11
66887,122,116,6,6
66888,87,82,5,5
66889,54,52,2,2
66890,79,74,5,5
66891,148,123,25,25
66892,66,64,2,2
66893,142,123,19,19
66894,106,86,20,20
66895,48,44,4,4
66896,57,66,-9,9
66897,126,114,12,12
66898,51,51,0,0
66899,109,109,0,0
66900,106,101,5,5
66901,102,94,8,8
66902,94,83,11,11
66903,112,103,9,9
66904,140,117,23,23
66905,117,108,9,9
66906,112,84,28,28
66907,49,60,-11,11
66908,156,137,19,19
66909,89,74,15,15
66910,74,73,1,1
66911,67,66,1,1
66912,70,75,-5,5
66913,93,91,2,2
66914,93,86,7,7
66915,101,96,5,5
66916,76,78,-2,2
66917,67,61,6,6
66918,106,92,14,14
66919,72,70,2,2
66920,65,59,6,6
66921,87,80,7,7
66922,89,77,12,12
66923,257,254,3,3
66924,175,162,13,13
66925,69,57,12,12
66926,76,62,14,14
66927,65,54,11,11
66928,153,134,19,19
66929,68,65,3,3
66930,116,98,18,18
66931,114,112,2,2
66932,76,70,6,6
66933,65,58,7,7
66934,104,92,12,12
66935,148,129,19,19
66936,43,40,3,3
66937,90,82,8,8
66938,99,87,12,12
66939,128,122,6,6
66940,110,102,8,8
66941,42,42,0,0
66942,120,111,9,9
66943,135,103,32,32
66944,134,129,5,5
66945,116,110,6,6
66946,138,113,25,25
66947,125,107,18,18
66948,43,42,1,1
66949,89,73,16,16
66950,126,101,25,25
66951,90,77,13,13
66952,77,71,6,6
66953,91,83,8,8
66954,120,99,21,21
66955,63,56,7,7
66956,88,79,9,9
66957,50,47,3,3
66958,110,101,9,9
66959,71,65,6,6
66960,81,74,7,7
66961,120,105,15,15
66962,94,85,9,9
66963,51,52,-1,1
66964,84,80,4,4
66965,96,88,8,8
66966,179,152,27,27
66967,57,52,5,5
66968,114,106,8,8
66969,111,109,2,2
66970,111,94,17,17
66971,101,86,15,15
66972,53,44,9,9
66973,97,92,5,5
66974,98,85,13,13
66975,50,49,1,1
66976,82,75,7,7
66977,108,91,17,17
66978,59,57,2,2
66979,69,62,7,7
66980,68,65,3,3
66981,69,71,-2,2
66982,73,69,4,4
66983,28,30,-2,2
66984,75,69,6,6
66985,68,60,8,8
66986,110,101,9,9
66987,99,96,3,3
66988,72,68,4,4
66989,74,67,7,7
66990,70,67,3,3
66991,109,91,18,18
66992,191,172,19,19
66993,54,49,5,5
66994,119,113,6,6
66995,76,75,1,1
66996,174,156,18,18
66997,87,77,10,10
66998,88,81,7,7
66999,53,52,1,1
67000,75,71,4,4
67001,68,57,11,11
67002,118,113,5,5
67003,114,97,17,17
67004,101,92,9,9
67005,102,93,9,9
67006,82,77,5,5
67007,100,95,5,5
67008,134,120,14,14
67009,140,129,11,11
67010,109,105,4,4
67011,124,112,12,12
67012,157,125,32,32
67013,67,56,11,11
67014,117,107,10,10
67015,64,59,5,5
67016,89,88,1,1
67017,52,41,11,11
67018,126,115,11,11
67019,99,90,9,9
67020,82,74,8,8
67021,96,73,23,23
67022,85,72,13,13
67023,68,74,-6,6
67024,132,115,17,17
67025,148,132,16,16
67026,56,51,5,5
67027,173,159,14,14
67028,115,108,7,7
67029,99,89,10,10
67030,115,113,2,2
67031,71,70,1,1
67032,141,126,15,15
67033,111,98,13,13
67034,53,51,2,2
67035,279,196,83,83
67036,101,78,23,23
67037,93,84,9,9
67038,71,62,9,9
67039,163,147,16,16
67040,52,43,9,9
67041,109,99,10,10
67042,80,83,-3,3
67043,72,98,-26,26
67044,72,64,8,8
67045,87,77,10,10
67046,82,79,3,3
67047,74,71,3,3
67048,156,136,20,20
67049,133,117,16,16
67050,123,109,14,14
67051,63,58,5,5
67052,70,67,3,3
67053,40,39,1,1
67054,76,77,-1,1
67055,201,179,22,22
67056,76,75,1,1
67057,109,107,2,2
67058,116,107,9,9
67059,45,40,5,5
67060,59,52,7,7
67061,104,84,20,20
67062,122,137,-15,15
67063,108,90,18,18
67064,59,60,-1,1
67065,111,111,0,0
67066,47,41,6,6
67067,123,112,11,11
67068,127,109,18,18
67069,98,89,9,9
67070,90,82,8,8
67071,70,67,3,3
67072,102,90,12,12
67073,101,92,9,9
67074,72,81,-9,9
67075,86,95,-9,9
67076,77,74,3,3
67077,175,142,33,33
67078,85,78,7,7
67079,109,98,11,11
67080,143,124,19,19
67081,79,76,3,3
67082,81,76,5,5
67083,110,92,18,18
67084,68,68,0,0
67085,107,94,13,13
67086,115,103,12,12
67087,120,113,7,7
67088,67,65,2,2
67089,95,75,20,20
67090,116,105,11,11
67091,83,77,6,6
67092,97,83,14,14
67093,85,80,5,5
67094,91,93,-2,2
67095,147,127,20,20
67096,60,60,0,0
67097,104,89,15,15
67098,99,90,9,9
67099,142,120,22,22
67100,65,61,4,4
67101,58,55,3,3
67102,81,81,0,0
67103,85,76,9,9
67104,158,138,20,20
67105,57,51,6,6
67106,32,32,0,0
67107,161,141,20,20
67108,139,123,16,16
67109,123,110,13,13
67110,141,132,9,9
67111,127,115,12,12
67112,65,60,5,5
67113,177,152,25,25
67114,131,115,16,16
67115,140,121,19,19
67116,51,48,3,3
67117,85,80,5,5
67118,75,70,5,5
67119,103,90,13,13
67120,155,125,30,30
67121,85,77,8,8
67122,72,68,4,4
67123,80,60,20,20
67124,62,59,3,3
67125,58,55,3,3
67126,53,52,1,1
67127,76,77,-1,1
67128,117,111,6,6
67129,75,65,10,10
67130,138,121,17,17
67131,82,71,11,11
67132,79,72,7,7
67133,83,84,-1,1
67134,79,70,9,9
67135,141,121,20,20
67136,76,63,13,13
67137,165,144,21,21
67138,150,139,11,11
67139,65,58,7,7
67140,37,36,1,1
67141,55,50,5,5
67142,227,202,25,25
67143,82,79,3,3
67144,70,63,7,7
67145,57,54,3,3
67146,73,61,12,12
67147,78,68,10,10
67148,58,53,5,5
67149,87,77,10,10
67150,48,51,-3,3
67151,127,120,7,7
67152,65,53,12,12
67153,111,87,24,24
67154,74,67,7,7
67155,103,87,16,16
67156,91,76,15,15
67157,188,187,1,1
67158,98,102,-4,4
67159,86,76,10,10
67160,68,58,10,10
67161,99,91,8,8
67162,68,63,5,5
67163,87,75,12,12
67164,110,104,6,6
67165,53,55,-2,2
67166,75,67,8,8
67167,113,101,12,12
67168,103,116,-13,13
67169,48,53,-5,5
67170,180,154,26,26
67171,67,69,-2,2
67172,69,68,1,1
67173,114,114,0,0
67174,82,70,12,12
67175,152,134,18,18
67176,108,102,6,6
67177,126,115,11,11
67178,126,126,0,0
67179,68,63,5,5
67180,111,95,16,16
67181,127,105,22,22
67182,106,89,17,17
67183,93,93,0,0
67184,134,124,10,10
67185,65,66,-1,1
67186,129,105,24,24
67187,84,79,5,5
67188,64,62,2,2
67189,147,129,18,18
67190,123,109,14,14
67191,102,90,12,12
67192,66,55,11,11
67193,56,56,0,0
67194,99,98,1,1
67195,92,79,13,13
67196,96,86,10,10
67197,125,126,-1,1
67198,85,74,11,11
67199,100,90,10,10
67200,77,74,3,3
67201,69,63,6,6
67202,95,87,8,8
67203,87,77,10,10
67204,112,100,12,12
67205,124,112,12,12
67206,99,83,16,16
67207,65,55,10,10
67208,119,95,24,24
67209,66,64,2,2
67210,89,78,11,11
67211,139,119,20,20
67212,111,92,19,19
67213,81,84,-3,3
67214,100,87,13,13
67215,82,69,13,13
67216,145,144,1,1
67217,91,85,6,6
67218,187,173,14,14
67219,84,76,8,8
67220,45,45,0,0
67221,116,106,10,10
67222,69,64,5,5
67223,80,77,3,3
67224,44,38,6,6
67225,93,93,0,0
67226,58,51,7,7
67227,74,71,3,3
67228,74,70,4,4
67229,99,102,-3,3
67230,93,90,3,3
67231,67,57,10,10
67232,108,99,9,9
67233,108,105,3,3
67234,116,92,24,24
67235,127,103,24,24
67236,98,85,13,13
67237,115,113,2,2
67238,131,117,14,14
67239,185,166,19,19
67240,120,95,25,25
67241,75,71,4,4
67242,165,125,40,40
67243,44,67,-23,23
67244,82,76,6,6
67245,66,68,-2,2
67246,72,68,4,4
67247,137,120,17,17
67248,66,63,3,3
67249,79,86,-7,7
67250,48,50,-2,2
67251,76,70,6,6
67252,87,77,10,10
67253,90,74,16,16
67254,67,64,3,3
67255,139,126,13,13
67256,52,51,1,1
67257,97,82,15,15
67258,135,116,19,19
67259,60,46,14,14
67260,65,61,4,4
67261,61,51,10,10
67262,175,154,21,21
67263,146,121,25,25
67264,64,68,-4,4
67265,122,110,12,12
67266,66,63,3,3
67267,62,56,6,6
67268,97,93,4,4
67269,117,113,4,4
67270,72,69,3,3
67271,66,77,-11,11
67272,147,126,21,21
67273,139,122,17,17
67274,143,137,6,6
67275,106,98,8,8
67276,81,86,-5,5
67277,85,66,19,19
67278,112,94,18,18
67279,74,77,-3,3
67280,157,137,20,20
67281,76,66,10,10
67282,69,60,9,9
67283,133,116,17,17
67284,79,80,-1,1
67285,58,57,1,1
67286,111,104,7,7
67287,195,163,32,32
67288,129,101,28,28
67289,58,61,-3,3
67290,101,101,0,0
67291,186,162,24,24
67292,76,65,11,11
67293,72,65,7,7
67294,100,98,2,2
67295,60,53,7,7
67296,59,56,3,3
67297,118,106,12,12
67298,195,164,31,31
67299,92,80,12,12
67300,245,230,15,15
67301,102,100,2,2
67302,84,78,6,6
67303,95,86,9,9
67304,126,110,16,16
67305,101,85,16,16
67306,192,162,30,30
67307,118,107,11,11
67308,72,72,0,0
67309,66,63,3,3
67310,72,67,5,5
67311,75,68,7,7
67312,47,45,2,2
67313,53,52,1,1
67314,75,76,-1,1
67315,77,85,-8,8
67316,133,127,6,6
67317,66,61,5,5
67318,122,117,5,5
67319,151,140,11,11
67320,95,103,-8,8
67321,70,70,0,0
67322,66,59,7,7
67323,101,88,13,13
67324,92,79,13,13
67325,94,80,14,14
67326,80,63,17,17
67327,86,83,3,3
67328,99,81,18,18
67329,167,140,27,27
67330,104,85,19,19
67331,92,76,16,16
67332,82,86,-4,4
67333,93,81,12,12
67334,57,50,7,7
67335,80,68,12,12
67336,154,124,30,30
67337,92,79,13,13
67338,121,100,21,21
67339,90,90,0,0
67340,94,86,8,8
67341,100,92,8,8
67342,55,56,-1,1
67343,179,163,16,16
67344,157,132,25,25
67345,58,64,-6,6
67346,94,98,-4,4
67347,85,73,12,12
67348,55,59,-4,4
67349,72,57,15,15
67350,114,104,10,10
67351,99,90,9,9
67352,75,63,12,12
67353,45,39,6,6
67354,58,51,7,7
67355,110,97,13,13
67356,69,68,1,1
67357,68,60,8,8
67358,102,85,17,17
67359,77,77,0,0
67360,85,74,11,11
67361,112,106,6,6
67362,40,36,4,4
67363,73,70,3,3
67364,76,74,2,2
67365,65,61,4,4
67366,72,77,-5,5
67367,89,101,-12,12
67368,110,105,5,5
67369,91,81,10,10
67370,59,79,-20,20
67371,90,75,15,15
67372,84,77,7,7
67373,130,113,17,17
67374,63,54,9,9
67375,63,60,3,3
67376,87,78,9,9
67377,106,105,1,1
67378,145,126,19,19
67379,128,122,6,6
67380,81,75,6,6
67381,111,90,21,21
67382,76,76,0,0
67383,53,57,-4,4
67384,82,71,11,11
67385,100,92,8,8
67386,74,78,-4,4
67387,105,99,6,6
67388,58,53,5,5
67389,102,96,6,6
67390,113,96,17,17
67391,99,95,4,4
67392,113,101,12,12
67393,55,50,5,5
67394,98,81,17,17
67395,108,105,3,3
67396,54,49,5,5
67397,99,87,12,12
67398,78,73,5,5
67399,68,51,17,17
67400,45,42,3,3
67401,71,70,1,1
67402,216,168,48,48
67403,103,93,10,10
67404,77,70,7,7
67405,64,59,5,5
67406,108,103,5,5
67407,106,82,24,24
67408,124,101,23,23
67409,71,65,6,6
67410,91,75,16,16
67411,80,78,2,2
67412,122,111,11,11
67413,105,96,9,9
67414,80,74,6,6
67415,142,112,30,30
67416,64,80,-16,16
67417,95,72,23,23
67418,112,113,-1,1
67419,83,71,12,12
67420,147,126,21,21
67421,47,45,2,2
67422,80,77,3,3
67423,104,103,1,1
67424,71,68,3,3
67425,67,58,9,9
67426,69,66,3,3
67427,82,74,8,8
67428,85,70,15,15
67429,144,132,12,12
67430,81,78,3,3
67431,141,131,10,10
67432,86,72,14,14
67433,176,162,14,14
67434,74,62,12,12
67435,91,81,10,10
67436,102,78,24,24
67437,74,63,11,11
67438,97,84,13,13
67439,60,58,2,2
67440,97,91,6,6
67441,119,104,15,15
67442,97,94,3,3
67443,70,64,6,6
67444,102,84,18,18
67445,61,60,1,1
67446,86,69,17,17
67447,45,42,3,3
67448,51,49,2,2
67449,130,122,8,8
67450,74,72,2,2
67451,78,74,4,4
67452,163,150,13,13
67453,52,58,-6,6
67454,99,91,8,8
67455,84,81,3,3
67456,109,93,16,16
67457,84,77,7,7
67458,88,90,-2,2
67459,117,101,16,16
67460,186,161,25,25
67461,55,48,7,7
67462,65,71,-6,6
67463,119,130,-11,11
67464,71,67,4,4
67465,87,75,12,12
67466,51,53,-2,2
67467,46,43,3,3
67468,61,56,5,5
67469,103,84,19,19
67470,84,73,11,11
67471,56,56,0,0
67472,73,70,3,3
67473,84,75,9,9
67474,127,102,25,25
67475,178,162,16,16
67476,71,68,3,3
67477,107,96,11,11
67478,111,94,17,17
67479,69,67,2,2
67480,94,86,8,8
67481,45,52,-7,7
67482,94,91,3,3
67483,120,115,5,5
67484,63,63,0,0
67485,78,64,14,14
67486,40,41,-1,1
67487,114,98,16,16
67488,112,97,15,15
67489,152,130,22,22
67490,184,148,36,36
67491,84,72,12,12
67492,122,104,18,18
67493,108,89,19,19
67494,64,62,2,2
67495,114,102,12,12
67496,143,133,10,10
67497,97,79,18,18
67498,99,89,10,10
67499,145,140,5,5
67500,63,58,5,5
67501,111,104,7,7
67502,68,68,0,0
67503,108,108,0,0
67504,94,73,21,21
67505,77,70,7,7
67506,49,48,1,1
67507,82,74,8,8
67508,66,59,7,7
67509,74,62,12,12
67510,142,136,6,6
67511,82,78,4,4
67512,87,74,13,13
67513,78,74,4,4
67514,58,56,2,2
67515,108,95,13,13
67516,50,72,-22,22
67517,170,149,21,21
67518,74,69,5,5
67519,102,93,9,9
67520,95,85,10,10
67521,90,78,12,12
67522,118,106,12,12
67523,70,60,10,10
67524,111,99,12,12
67525,96,97,-1,1
67526,81,73,8,8
67527,110,94,16,16
67528,94,81,13,13
67529,99,98,1,1
67530,107,102,5,5
67531,129,123,6,6
67532,135,113,22,22
67533,123,105,18,18
67534,67,65,2,2
67535,79,74,5,5
67536,91,88,3,3
67537,72,64,8,8
67538,150,148,2,2
67539,117,116,1,1
67540,60,59,1,1
67541,102,97,5,5
67542,32,40,-8,8
67543,65,61,4,4
67544,163,148,15,15
67545,99,83,16,16
67546,76,68,8,8
67547,146,124,22,22
67548,137,120,17,17
67549,131,122,9,9
67550,152,131,21,21
67551,93,97,-4,4
67552,78,70,8,8
67553,83,73,10,10
67554,109,90,19,19
67555,134,133,1,1
67556,56,67,-11,11
67557,82,76,6,6
67558,50,36,14,14
67559,104,93,11,11
67560,78,74,4,4
67561,60,54,6,6
67562,137,116,21,21
67563,64,55,9,9
67564,144,132,12,12
67565,49,44,5,5
67566,104,93,11,11
67567,66,61,5,5
67568,71,63,8,8
67569,128,110,18,18
67570,84,95,-11,11
67571,141,138,3,3
67572,97,83,14,14
67573,52,41,11,11
67574,74,67,7,7
67575,98,106,-8,8
67576,71,62,9,9
67577,56,50,6,6
67578,71,70,1,1
67579,123,109,14,14
67580,146,117,29,29
67581,77,67,10,10
67582,68,68,0,0
67583,110,83,27,27
67584,85,77,8,8
67585,162,122,40,40
67586,105,84,21,21
67587,68,63,5,5
67588,100,82,18,18
67589,103,90,13,13
67590,121,100,21,21
67591,96,79,17,17
67592,199,158,41,41
67593,83,76,7,7
67594,91,82,9,9
67595,61,57,4,4
67596,103,101,2,2
67597,95,87,8,8
67598,68,63,5,5
67599,94,81,13,13
67600,54,52,2,2
67601,160,125,35,35
67602,123,102,21,21
67603,154,132,22,22
67604,48,49,-1,1
67605,66,65,1,1
67606,81,74,7,7
67607,56,53,3,3
67608,160,131,29,29
67609,121,139,-18,18
67610,103,82,21,21
67611,126,110,16,16
67612,82,72,10,10
67613,63,70,-7,7
67614,88,80,8,8
67615,111,109,2,2
67616,139,124,15,15
67617,103,93,10,10
67618,74,72,2,2
67619,133,111,22,22
67620,49,49,0,0
67621,93,81,12,12
67622,86,77,9,9
67623,77,62,15,15
67624,56,64,-8,8
67625,66,57,9,9
67626,132,116,16,16
67627,149,126,23,23
67628,39,35,4,4
67629,117,104,13,13
67630,98,88,10,10
67631,59,54,5,5
67632,146,133,13,13
67633,106,87,19,19
67634,63,62,1,1
67635,90,83,7,7
67636,73,70,3,3
67637,80,72,8,8
67638,89,77,12,12
67639,88,78,10,10
67640,51,46,5,5
67641,85,76,9,9
67642,106,116,-10,10
67643,136,119,17,17
67644,46,41,5,5
67645,107,103,4,4
67646,154,147,7,7
67647,109,99,10,10
67648,79,70,9,9
67649,94,75,19,19
67650,64,59,5,5
67651,63,51,12,12
67652,62,55,7,7
67653,58,56,2,2
67654,48,44,4,4
67655,67,65,2,2
67656,74,66,8,8
67657,94,83,11,11
67658,75,65,10,10
67659,158,132,26,26
67660,134,114,20,20
67661,189,161,28,28
67662,62,64,-2,2
67663,73,65,8,8
67664,89,85,4,4
67665,42,46,-4,4
67666,129,109,20,20
67667,65,66,-1,1
67668,49,49,0,0
67669,163,139,24,24
67670,93,81,12,12
67671,185,157,28,28
67672,91,83,8,8
67673,43,42,1,1
67674,163,151,12,12
67675,65,63,2,2
67676,49,36,13,13
67677,62,56,6,6
67678,123,122,1,1
67679,78,73,5,5
67680,144,123,21,21
67681,75,92,-17,17
67682,83,72,11,11
67683,122,82,40,40
67684,92,84,8,8
67685,101,94,7,7
67686,75,78,-3,3
67687,130,106,24,24
67688,160,139,21,21
67689,58,58,0,0
67690,154,136,18,18
67691,101,84,17,17
67692,54,58,-4,4
67693,177,161,16,16
67694,198,168,30,30
67695,98,99,-1,1
67696,87,89,-2,2
67697,116,102,14,14
67698,63,56,7,7
67699,95,82,13,13
67700,57,50,7,7
67701,64,53,11,11
67702,69,56,13,13
67703,79,72,7,7
67704,89,92,-3,3
67705,53,51,2,2
67706,94,88,6,6
67707,85,86,-1,1
67708,85,79,6,6
67709,80,84,-4,4
67710,80,81,-1,1
67711,95,81,14,14
67712,95,83,12,12
67713,72,68,4,4
67714,59,56,3,3
67715,122,98,24,24
67716,76,68,8,8
67717,103,81,22,22
67718,80,75,5,5
67719,84,78,6,6
67720,108,98,10,10
67721,94,84,10,10
67722,128,114,14,14
67723,121,111,10,10
67724,156,127,29,29
67725,120,105,15,15
67726,97,89,8,8
67727,87,91,-4,4
67728,116,101,15,15
67729,48,42,6,6
67730,139,125,14,14
67731,93,79,14,14
67732,184,178,6,6
67733,62,55,7,7
67734,116,113,3,3
67735,114,96,18,18
67736,104,89,15,15
67737,94,95,-1,1
67738,169,151,18,18
67739,89,85,4,4
67740,91,90,1,1
67741,97,91,6,6
67742,111,101,10,10
67743,69,63,6,6
67744,120,106,14,14
67745,105,114,-9,9
67746,99,92,7,7
67747,37,61,-24,24
67748,105,86,19,19
67749,69,67,2,2
67750,67,59,8,8
67751,31,30,1,1
67752,60,60,0,0
67753,90,88,2,2
67754,74,67,7,7
67755,123,105,18,18
67756,97,91,6,6
67757,55,45,10,10
67758,127,110,17,17
67759,122,110,12,12
67760,103,99,4,4
67761,141,126,15,15
67762,67,61,6,6
67763,113,111,2,2
67764,135,124,11,11
67765,203,174,29,29
67766,88,81,7,7
67767,94,93,1,1
67768,103,95,8,8
67769,86,76,10,10
67770,143,129,14,14
67771,52,43,9,9
67772,75,77,-2,2
67773,114,111,3,3
67774,92,78,14,14
67775,113,100,13,13
67776,123,114,9,9
67777,68,69,-1,1
67778,86,91,-5,5
67779,27,28,-1,1
67780,126,116,10,10
67781,89,77,12,12
67782,113,95,18,18
67783,106,93,13,13
67784,90,77,13,13
67785,82,69,13,13
67786,88,84,4,4
67787,97,88,9,9
67788,141,121,20,20
67789,123,102,21,21
67790,188,184,4,4
67791,108,97,11,11
67792,73,66,7,7
67793,104,97,7,7
67794,87,80,7,7
67795,78,76,2,2
67796,75,66,9,9
67797,153,130,23,23
67798,74,62,12,12
67799,129,107,22,22
67800,117,97,20,20
67801,82,79,3,3
67802,103,93,10,10
67803,93,74,19,19
67804,89,81,8,8
67805,44,48,-4,4
67806,76,70,6,6
67807,79,86,-7,7
67808,87,79,8,8
67809,38,34,4,4
67810,120,110,10,10
67811,88,84,4,4
67812,155,130,25,25
67813,120,98,22,22
67814,89,74,15,15
67815,100,87,13,13
67816,66,56,10,10
67817,85,85,0,0
67818,90,71,19,19
67819,126,113,13,13
67820,153,122,31,31
67821,83,74,9,9
67822,113,98,15,15
67823,88,82,6,6
67824,152,145,7,7
67825,104,89,15,15
67826,75,67,8,8
67827,48,39,9,9
67828,127,114,13,13
67829,79,67,12,12
67830,117,108,9,9
67831,63,61,2,2
67832,113,112,1,1
67833,143,146,-3,3
67834,110,100,10,10
67835,75,78,-3,3
67836,48,50,-2,2
67837,64,83,-19,19
67838,99,91,8,8
67839,91,80,11,11
67840,111,95,16,16
67841,89,79,10,10
67842,141,128,13,13
67843,101,84,17,17
67844,74,66,8,8
67845,124,100,24,24
67846,115,110,5,5
67847,94,93,1,1
67848,110,103,7,7
67849,70,66,4,4
67850,89,88,1,1
67851,53,50,3,3
67852,85,85,0,0
67853,166,142,24,24
67854,77,66,11,11
67855,76,63,13,13
67856,137,132,5,5
67857,79,77,2,2
67858,144,113,31,31
67859,57,45,12,12
67860,102,96,6,6
67861,77,70,7,7
67862,105,102,3,3
67863,99,86,13,13
67864,40,36,4,4
67865,96,85,11,11
67866,99,95,4,4
67867,69,60,9,9
67868,111,94,17,17
67869,119,115,4,4
67870,152,134,18,18
67871,138,121,17,17
67872,146,146,0,0
67873,79,92,-13,13
67874,113,98,15,15
67875,65,67,-2,2
67876,135,112,23,23
67877,58,35,23,23
67878,68,69,-1,1
67879,103,86,17,17
67880,110,105,5,5
67881,57,53,4,4
67882,191,163,28,28
67883,87,72,15,15
67884,130,114,16,16
67885,94,84,10,10
67886,101,96,5,5
67887,52,41,11,11
67888,134,123,11,11
67889,75,67,8,8
67890,91,90,1,1
67891,109,98,11,11
67892,96,80,16,16
67893,55,52,3,3
67894,114,99,15,15
67895,159,134,25,25
67896,74,67,7,7
67897,89,88,1,1
67898,45,47,-2,2
67899,50,63,-13,13
67900,78,68,10,10
67901,136,131,5,5
67902,81,72,9,9
67903,104,85,19,19
67904,42,40,2,2
67905,45,41,4,4
67906,91,72,19,19
67907,81,73,8,8
67908,73,68,5,5
67909,163,139,24,24
67910,62,53,9,9
67911,62,71,-9,9
67912,117,96,21,21
67913,91,88,3,3
67914,81,83,-2,2
67915,183,147,36,36
67916,115,107,8,8
67917,45,39,6,6
67918,67,61,6,6
67919,73,65,8,8
67920,115,105,10,10
67921,143,123,20,20
67922,122,104,18,18
67923,158,128,30,30
67924,132,119,13,13
67925,56,54,2,2
67926,138,127,11,11
67927,128,105,23,23
67928,170,145,25,25
67929,101,90,11,11
67930,147,132,15,15
67931,116,108,8,8
67932,97,106,-9,9
67933,116,110,6,6
67934,73,66,7,7
67935,58,49,9,9
67936,99,83,16,16
67937,148,140,8,8
67938,56,51,5,5
67939,144,136,8,8
67940,73,62,11,11
67941,124,125,-1,1
67942,58,77,-19,19
67943,72,67,5,5
67944,57,52,5,5
67945,77,61,16,16
67946,93,80,13,13
67947,136,119,17,17
67948,56,55,1,1
67949,106,88,18,18
67950,68,57,11,11
67951,107,96,11,11
67952,137,122,15,15
67953,51,47,4,4
67954,161,144,17,17
67955,75,66,9,9
67956,207,175,32,32
67957,134,130,4,4
67958,139,127,12,12
67959,85,77,8,8
67960,64,59,5,5
67961,57,54,3,3
67962,87,78,9,9
67963,143,126,17,17
67964,89,83,6,6
67965,78,63,15,15
67966,73,82,-9,9
67967,188,186,2,2
67968,115,91,24,24
67969,119,88,31,31
67970,74,72,2,2
67971,96,91,5,5
67972,64,60,4,4
67973,117,106,11,11
67974,127,119,8,8
67975,70,69,1,1
67976,97,97,0,0
67977,163,152,11,11
67978,143,121,22,22
67979,69,70,-1,1
67980,98,96,2,2
67981,87,77,10,10
67982,100,91,9,9
67983,111,111,0,0
67984,129,123,6,6
67985,94,74,20,20
67986,124,113,11,11
67987,70,69,1,1
67988,64,58,6,6
67989,131,115,16,16
67990,81,84,-3,3
67991,121,103,18,18
67992,139,121,18,18
67993,49,48,1,1
67994,54,53,1,1
67995,109,104,5,5
67996,71,70,1,1
67997,124,103,21,21
67998,110,89,21,21
67999,103,98,5,5
68000,104,103,1,1
68001,95,107,-12,12
68002,85,65,20,20
68003,83,69,14,14
68004,111,108,3,3
68005,68,49,19,19
68006,76,67,9,9
68007,47,44,3,3
68008,143,117,26,26
68009,64,60,4,4
68010,102,94,8,8
68011,77,73,4,4
68012,52,57,-5,5
68013,52,50,2,2
68014,75,72,3,3
68015,83,75,8,8
68016,70,60,10,10
68017,44,43,1,1
68018,41,41,0,0
68019,77,69,8,8
68020,53,47,6,6
68021,132,122,10,10
68022,112,97,15,15
68023,81,69,12,12
68024,85,75,10,10
68025,90,84,6,6
68026,51,48,3,3
68027,55,54,1,1
68028,45,54,-9,9
68029,52,47,5,5
68030,98,88,10,10
68031,72,66,6,6
68032,239,210,29,29
68033,123,101,22,22
68034,164,140,24,24
68035,75,65,10,10
68036,145,131,14,14
68037,63,61,2,2
68038,63,88,-25,25
68039,100,95,5,5
68040,110,106,4,4
68041,76,82,-6,6
68042,94,91,3,3
68043,109,88,21,21
68044,59,62,-3,3
68045,140,142,-2,2
68046,83,72,11,11
68047,136,116,20,20
68048,50,46,4,4
68049,85,70,15,15
68050,113,95,18,18
68051,49,53,-4,4
68052,98,79,19,19
68053,80,58,22,22
68054,95,87,8,8
68055,129,121,8,8
68056,89,75,14,14
68057,115,101,14,14
68058,73,71,2,2
68059,75,74,1,1
68060,168,141,27,27
68061,52,52,0,0
68062,76,66,10,10
68063,104,94,10,10
68064,124,100,24,24
68065,113,109,4,4
68066,80,70,10,10
68067,79,92,-13,13
68068,89,77,12,12
68069,90,70,20,20
68070,46,45,1,1
68071,80,67,13,13
68072,108,112,-4,4
68073,46,41,5,5
68074,106,90,16,16
68075,139,123,16,16
68076,99,93,6,6
68077,50,45,5,5
68078,65,55,10,10
68079,69,66,3,3
68080,125,111,14,14
68081,97,86,11,11
68082,84,79,5,5
68083,114,109,5,5
68084,39,32,7,7
68085,106,92,14,14
68086,88,83,5,5
68087,80,78,2,2
68088,178,151,27,27
68089,104,103,1,1
68090,76,66,10,10
68091,108,87,21,21
68092,82,84,-2,2
68093,44,42,2,2
68094,67,58,9,9
68095,69,67,2,2
68096,69,58,11,11
68097,112,98,14,14
68098,151,128,23,23
68099,47,46,1,1
68100,70,64,6,6
68101,86,75,11,11
68102,95,88,7,7
68103,68,65,3,3
68104,44,40,4,4
68105,70,68,2,2
68106,132,117,15,15
68107,66,63,3,3
68108,104,92,12,12
68109,155,133,22,22
68110,136,122,14,14
68111,74,69,5,5
68112,109,101,8,8
68113,88,86,2,2
68114,156,152,4,4
68115,153,138,15,15
68116,83,68,15,15
68117,88,75,13,13
68118,167,162,5,5
68119,44,42,2,2
68120,124,104,20,20
68121,71,62,9,9
68122,131,107,24,24
68123,94,78,16,16
68124,64,61,3,3
68125,81,74,7,7
68126,69,64,5,5
68127,52,47,5,5
68128,84,79,5,5
68129,59,56,3,3
68130,117,107,10,10
68131,115,99,16,16
68132,86,81,5,5
68133,111,95,16,16
68134,69,67,2,2
68135,119,103,16,16
68136,73,64,9,9
68137,81,73,8,8
68138,79,82,-3,3
68139,89,91,-2,2
68140,51,47,4,4
68141,63,59,4,4
68142,87,82,5,5
68143,116,104,12,12
68144,115,101,14,14
68145,111,106,5,5
68146,38,34,4,4
68147,130,127,3,3
68148,100,85,15,15
68149,60,48,12,12
68150,91,74,17,17
68151,67,60,7,7
68152,73,60,13,13
68153,152,141,11,11
68154,199,176,23,23
68155,156,136,20,20
68156,61,59,2,2
68157,109,89,20,20
68158,69,67,2,2
68159,87,80,7,7
68160,65,61,4,4
68161,83,81,2,2
68162,94,85,9,9
68163,104,82,22,22
68164,72,71,1,1
68165,74,80,-6,6
68166,93,75,18,18
68167,88,74,14,14
68168,88,73,15,15
68169,75,75,0,0
68170,102,96,6,6
68171,72,67,5,5
68172,95,76,19,19
68173,98,90,8,8
68174,86,78,8,8
68175,91,98,-7,7
68176,67,60,7,7
68177,73,70,3,3
68178,129,122,7,7
68179,64,56,8,8
68180,94,86,8,8
68181,123,106,17,17
68182,89,78,11,11
68183,45,48,-3,3
68184,95,87,8,8
68185,77,70,7,7
68186,61,60,1,1
68187,151,146,5,5
68188,53,48,5,5
68189,109,95,14,14
68190,84,82,2,2
68191,86,84,2,2
68192,105,92,13,13
68193,107,107,0,0
68194,97,96,1,1
68195,41,38,3,3
68196,69,65,4,4
68197,111,78,33,33
68198,40,36,4,4
68199,140,127,13,13
68200,65,61,4,4
68201,149,114,35,35
68202,46,40,6,6
68203,103,94,9,9
68204,80,74,6,6
68205,41,38,3,3
68206,97,120,-23,23
68207,65,59,6,6
68208,124,139,-15,15
68209,65,60,5,5
68210,85,71,14,14
68211,151,137,14,14
68212,75,68,7,7
68213,92,87,5,5
68214,96,84,12,12
68215,120,110,10,10
68216,71,62,9,9
68217,77,74,3,3
68218,84,85,-1,1
68219,100,99,1,1
68220,105,108,-3,3
68221,123,105,18,18
68222,53,48,5,5
68223,178,162,16,16
68224,99,90,9,9
68225,64,61,3,3
68226,78,75,3,3
68227,108,95,13,13
68228,77,71,6,6
68229,157,143,14,14
68230,72,72,0,0
68231,68,64,4,4
68232,87,69,18,18
68233,70,70,0,0
68234,52,48,4,4
68235,85,71,14,14
68236,100,99,1,1
68237,71,61,10,10
68238,109,107,2,2
68239,154,156,-2,2
68240,96,69,27,27
68241,78,81,-3,3
68242,82,84,-2,2
68243,114,103,11,11
68244,103,98,5,5
68245,118,111,7,7
68246,87,84,3,3
68247,121,117,4,4
68248,94,88,6,6
68249,62,54,8,8
68250,89,79,10,10
68251,105,89,16,16
68252,85,70,15,15
68253,79,81,-2,2
68254,86,77,9,9
68255,100,91,9,9
68256,104,91,13,13
68257,83,76,7,7
68258,90,78,12,12
68259,112,116,-4,4
68260,69,67,2,2
68261,121,92,29,29
68262,84,82,2,2
68263,87,76,11,11
68264,92,85,7,7
68265,147,133,14,14
68266,86,80,6,6
68267,89,76,13,13
68268,52,61,-9,9
68269,110,97,13,13
68270,145,127,18,18
68271,87,79,8,8
68272,107,80,27,27
68273,145,112,33,33
68274,55,51,4,4
68275,51,56,-5,5
68276,95,85,10,10
68277,101,89,12,12
68278,72,62,10,10
68279,90,76,14,14
68280,91,72,19,19
68281,94,93,1,1
68282,60,60,0,0
68283,59,51,8,8
68284,96,82,14,14
68285,55,49,6,6
68286,101,78,23,23
68287,95,91,4,4
68288,113,95,18,18
68289,77,65,12,12
68290,114,118,-4,4
68291,101,99,2,2
68292,100,98,2,2
68293,64,61,3,3
68294,100,88,12,12
68295,158,132,26,26
68296,81,76,5,5
68297,62,60,2,2
68298,136,119,17,17
68299,156,137,19,19
68300,160,136,24,24
68301,128,119,9,9
68302,49,44,5,5
68303,135,115,20,20
68304,81,78,3,3
68305,85,78,7,7
68306,74,63,11,11
68307,141,121,20,20
68308,98,88,10,10
68309,140,123,17,17
68310,102,88,14,14
68311,91,89,2,2
68312,68,62,6,6
68313,117,100,17,17
68314,57,49,8,8
68315,70,63,7,7
68316,203,156,47,47
68317,96,103,-7,7
68318,128,115,13,13
68319,81,69,12,12
68320,81,85,-4,4
68321,66,55,11,11
68322,128,113,15,15
68323,150,133,17,17
68324,79,79,0,0
68325,68,67,1,1
68326,57,56,1,1
68327,63,67,-4,4
68328,110,104,6,6
68329,84,75,9,9
68330,84,66,18,18
68331,59,56,3,3
68332,101,82,19,19
68333,73,69,4,4
68334,82,77,5,5
68335,163,146,17,17
68336,113,101,12,12
68337,95,68,27,27
68338,73,69,4,4
68339,83,74,9,9
68340,114,107,7,7
68341,136,107,29,29
68342,86,79,7,7
68343,81,72,9,9
68344,108,108,0,0
68345,149,143,6,6
68346,101,91,10,10
68347,78,73,5,5
68348,126,108,18,18
68349,122,118,4,4
68350,112,94,18,18
68351,67,60,7,7
68352,62,56,6,6
68353,112,107,5,5
68354,171,145,26,26
68355,65,57,8,8
68356,97,80,17,17
68357,43,42,1,1
68358,71,55,16,16
68359,71,62,9,9
68360,55,40,15,15
68361,72,77,-5,5
68362,85,76,9,9
68363,190,160,30,30
68364,97,91,6,6
68365,100,91,9,9
68366,75,72,3,3
68367,130,101,29,29
68368,60,56,4,4
68369,105,92,13,13
68370,85,74,11,11
68371,89,85,4,4
68372,93,87,6,6
68373,39,56,-17,17
68374,74,60,14,14
68375,148,142,6,6
68376,136,119,17,17
68377,61,67,-6,6
68378,181,159,22,22
68379,99,84,15,15
68380,165,147,18,18
68381,97,85,12,12
68382,116,95,21,21
68383,105,101,4,4
68384,50,43,7,7
68385,71,74,-3,3
68386,115,99,16,16
68387,61,51,10,10
68388,101,95,6,6
68389,80,74,6,6
68390,100,97,3,3
68391,79,82,-3,3
68392,121,107,14,14
68393,85,85,0,0
68394,87,83,4,4
68395,61,61,0,0
68396,125,121,4,4
68397,85,83,2,2
68398,87,80,7,7
68399,64,63,1,1
68400,66,62,4,4
68401,85,78,7,7
68402,159,135,24,24
68403,132,125,7,7
68404,96,89,7,7
68405,100,102,-2,2
68406,76,67,9,9
68407,117,111,6,6
68408,101,103,-2,2
68409,86,79,7,7
68410,117,100,17,17
68411,96,83,13,13
68412,55,56,-1,1
68413,145,126,19,19
68414,68,69,-1,1
68415,71,61,10,10
68416,129,113,16,16
68417,121,108,13,13
68418,92,73,19,19
68419,57,51,6,6
68420,50,47,3,3
68421,56,55,1,1
68422,52,51,1,1
68423,61,53,8,8
68424,164,145,19,19
68425,119,107,12,12
68426,85,72,13,13
68427,83,72,11,11
68428,149,131,18,18
68429,103,84,19,19
68430,61,43,18,18
68431,142,130,12,12
68432,80,76,4,4
68433,49,50,-1,1
68434,109,91,18,18
68435,101,91,10,10
68436,77,73,4,4
68437,160,159,1,1
68438,108,106,2,2
68439,137,122,15,15
68440,125,113,12,12
68441,76,68,8,8
68442,145,120,25,25
68443,86,83,3,3
68444,131,115,16,16
68445,99,98,1,1
68446,97,89,8,8
68447,67,56,11,11
68448,107,116,-9,9
68449,87,76,11,11
68450,104,96,8,8
68451,77,68,9,9
68452,49,47,2,2
68453,152,129,23,23
68454,138,123,15,15
68455,183,160,23,23
68456,53,50,3,3
68457,100,88,12,12
68458,71,66,5,5
68459,73,83,-10,10
68460,108,93,15,15
68461,85,84,1,1
68462,72,66,6,6
68463,92,82,10,10
68464,127,112,15,15
68465,61,74,-13,13
68466,86,92,-6,6
68467,56,49,7,7
68468,104,88,16,16
68469,86,77,9,9
68470,142,133,9,9
68471,78,80,-2,2
68472,96,77,19,19
68473,75,73,2,2
68474,88,81,7,7
68475,69,62,7,7
68476,62,57,5,5
68477,107,96,11,11
68478,65,58,7,7
68479,129,125,4,4
68480,86,82,4,4
68481,77,62,15,15
68482,115,92,23,23
68483,87,75,12,12
68484,32,30,2,2
68485,80,79,1,1
68486,107,94,13,13
68487,112,117,-5,5
68488,83,75,8,8
68489,89,85,4,4
68490,65,60,5,5
68491,63,61,2,2
68492,56,53,3,3
68493,99,78,21,21
68494,88,81,7,7
68495,130,121,9,9
68496,59,55,4,4
68497,157,119,38,38
68498,94,97,-3,3
68499,94,84,10,10
68500,61,59,2,2
68501,98,93,5,5
68502,98,86,12,12
68503,108,89,19,19
68504,122,109,13,13
68505,115,105,10,10
68506,49,47,2,2
68507,79,74,5,5
68508,96,95,1,1
68509,81,84,-3,3
68510,54,50,4,4
68511,70,69,1,1
68512,141,121,20,20
68513,113,192,-79,79
68514,110,111,-1,1
68515,75,72,3,3
68516,85,86,-1,1
68517,85,70,15,15
68518,105,94,11,11
68519,62,62,0,0
68520,39,41,-2,2
68521,83,78,5,5
68522,103,90,13,13
68523,69,69,0,0
68524,103,92,11,11
68525,82,69,13,13
68526,98,87,11,11
68527,134,113,21,21
68528,51,52,-1,1
68529,98,85,13,13
68530,58,55,3,3
68531,66,68,-2,2
68532,66,59,7,7
68533,139,116,23,23
68534,182,159,23,23
68535,118,123,-5,5
68536,69,60,9,9
68537,61,62,-1,1
68538,101,84,17,17
68539,126,92,34,34
68540,87,77,10,10
68541,53,51,2,2
68542,83,73,10,10
68543,113,110,3,3
68544,109,91,18,18
68545,60,55,5,5
68546,113,102,11,11
68547,84,86,-2,2
68548,60,52,8,8
68549,56,55,1,1
68550,52,47,5,5
68551,111,96,15,15
68552,74,72,2,2
68553,57,52,5,5
68554,72,65,7,7
68555,77,73,4,4
68556,93,82,11,11
68557,167,136,31,31
68558,64,60,4,4
68559,97,81,16,16
68560,106,97,9,9
68561,165,138,27,27
68562,86,95,-9,9
68563,146,123,23,23
68564,98,89,9,9
68565,88,81,7,7
68566,89,80,9,9
68567,99,87,12,12
68568,86,78,8,8
68569,95,97,-2,2
68570,70,59,11,11
68571,91,91,0,0
68572,98,87,11,11
68573,92,80,12,12
68574,103,91,12,12
68575,91,77,14,14
68576,58,67,-9,9
68577,61,60,1,1
68578,53,49,4,4
68579,83,74,9,9
68580,56,53,3,3
68581,84,78,6,6
68582,73,74,-1,1
68583,73,65,8,8
68584,81,75,6,6
68585,69,66,3,3
68586,71,69,2,2
68587,107,106,1,1
68588,111,101,10,10
68589,107,93,14,14
68590,115,91,24,24
68591,75,71,4,4
68592,129,106,23,23
68593,94,82,12,12
68594,52,50,2,2
68595,146,134,12,12
68596,99,92,7,7
68597,93,101,-8,8
68598,57,54,3,3
68599,102,106,-4,4
68600,58,57,1,1
68601,95,122,-27,27
68602,92,82,10,10
68603,99,87,12,12
68604,115,108,7,7
68605,77,68,9,9
68606,176,164,12,12
68607,97,92,5,5
68608,153,124,29,29
68609,74,66,8,8
68610,182,154,28,28
68611,91,89,2,2
68612,67,73,-6,6
68613,85,85,0,0
68614,109,99,10,10
68615,113,98,15,15
68616,111,105,6,6
68617,95,97,-2,2
68618,74,65,9,9
68619,110,99,11,11
68620,58,49,9,9
68621,135,120,15,15
68622,108,102,6,6
68623,112,107,5,5
68624,49,48,1,1
68625,114,107,7,7
68626,57,53,4,4
68627,74,63,11,11
68628,99,89,10,10
68629,96,83,13,13
68630,88,76,12,12
68631,79,78,1,1
68632,82,63,19,19
68633,99,87,12,12
68634,116,99,17,17
68635,80,72,8,8
68636,120,107,13,13
68637,70,58,12,12
68638,74,66,8,8
68639,55,57,-2,2
68640,97,82,15,15
68641,74,70,4,4
68642,92,90,2,2
68643,71,65,6,6
68644,86,75,11,11
68645,66,56,10,10
68646,74,63,11,11
68647,90,79,11,11
68648,110,98,12,12
68649,94,86,8,8
68650,101,90,11,11
68651,115,104,11,11
68652,91,87,4,4
68653,102,96,6,6
68654,116,112,4,4
68655,130,119,11,11
68656,45,45,0,0
68657,77,70,7,7
68658,117,118,-1,1
68659,109,99,10,10
68660,94,84,10,10
68661,130,111,19,19
68662,37,40,-3,3
68663,73,69,4,4
68664,79,65,14,14
68665,80,82,-2,2
68666,143,116,27,27
68667,69,66,3,3
68668,143,130,13,13
68669,105,97,8,8
68670,150,129,21,21
68671,94,81,13,13
68672,107,93,14,14
68673,64,58,6,6
68674,154,125,29,29
68675,129,117,12,12
68676,118,104,14,14
68677,86,79,7,7
68678,98,93,5,5
68679,134,132,2,2
68680,96,90,6,6
68681,90,83,7,7
68682,173,160,13,13
68683,83,78,5,5
68684,168,150,18,18
68685,97,88,9,9
68686,88,80,8,8
68687,54,48,6,6
68688,142,112,30,30
68689,152,130,22,22
68690,75,77,-2,2
68691,73,68,5,5
68692,170,168,2,2
68693,82,72,10,10
68694,103,106,-3,3
68695,135,113,22,22
68696,98,89,9,9
68697,190,164,26,26
68698,110,87,23,23
68699,56,57,-1,1
68700,160,136,24,24
68701,86,93,-7,7
68702,105,95,10,10
68703,42,39,3,3
68704,148,148,0,0
68705,78,67,11,11
68706,108,100,8,8
68707,81,73,8,8
68708,135,122,13,13
68709,84,84,0,0
68710,115,98,17,17
68711,124,106,18,18
68712,67,68,-1,1
68713,97,88,9,9
68714,90,82,8,8
68715,158,138,20,20
68716,162,142,20,20
68717,165,152,13,13
68718,76,70,6,6
68719,174,161,13,13
68720,125,106,19,19
68721,155,143,12,12
68722,80,78,2,2
68723,150,141,9,9
68724,54,45,9,9
68725,119,98,21,21
68726,83,69,14,14
68727,56,54,2,2
68728,69,73,-4,4
68729,94,89,5,5
68730,103,100,3,3
68731,120,102,18,18
68732,119,115,4,4
68733,92,83,9,9
68734,102,94,8,8
68735,75,67,8,8
68736,64,58,6,6
68737,175,148,27,27
68738,66,59,7,7
68739,69,60,9,9
68740,66,59,7,7
68741,42,39,3,3
68742,222,190,32,32
68743,161,143,18,18
68744,139,111,28,28
68745,88,81,7,7
68746,81,65,16,16
68747,160,149,11,11
68748,100,98,2,2
68749,64,66,-2,2
68750,26,23,3,3
68751,126,112,14,14
68752,49,45,4,4
68753,101,90,11,11
68754,78,67,11,11
68755,82,73,9,9
68756,68,63,5,5
68757,90,82,8,8
68758,78,68,10,10
68759,114,108,6,6
68760,160,142,18,18
68761,108,98,10,10
68762,93,84,9,9
68763,52,48,4,4
68764,142,128,14,14
68765,151,149,2,2
68766,118,111,7,7
68767,90,80,10,10
68768,103,86,17,17
68769,126,110,16,16
68770,121,109,12,12
68771,111,105,6,6
68772,87,76,11,11
68773,48,44,4,4
68774,86,69,17,17
68775,60,89,-29,29
68776,162,131,31,31
68777,98,80,18,18
68778,134,115,19,19
68779,147,134,13,13
68780,113,110,3,3
68781,79,70,9,9
68782,76,64,12,12
68783,72,74,-2,2
68784,59,61,-2,2
68785,151,130,21,21
68786,114,102,12,12
68787,71,66,5,5
68788,146,132,14,14
68789,83,72,11,11
68790,65,56,9,9
68791,60,53,7,7
68792,113,91,22,22
68793,146,121,25,25
68794,103,96,7,7
68795,123,105,18,18
68796,59,58,1,1
68797,158,129,29,29
68798,114,93,21,21
68799,133,112,21,21
68800,151,131,20,20
68801,41,38,3,3
68802,80,71,9,9
68803,71,61,10,10
68804,88,83,5,5
68805,94,96,-2,2
68806,41,46,-5,5
68807,129,132,-3,3
68808,126,111,15,15
68809,132,106,26,26
68810,38,40,-2,2
68811,81,75,6,6
68812,97,92,5,5
68813,99,87,12,12
68814,159,142,17,17
68815,113,107,6,6
68816,42,45,-3,3
68817,176,152,24,24
68818,96,77,19,19
68819,122,110,12,12
68820,134,128,6,6
68821,63,58,5,5
68822,81,70,11,11
68823,94,90,4,4
68824,122,105,17,17
68825,99,80,19,19
68826,103,98,5,5
68827,77,97,-20,20
68828,90,92,-2,2
68829,139,114,25,25
68830,74,58,16,16
68831,83,76,7,7
68832,84,75,9,9
68833,108,91,17,17
68834,80,76,4,4
68835,117,109,8,8
68836,81,71,10,10
68837,73,68,5,5
68838,146,128,18,18
68839,83,75,8,8
68840,71,63,8,8
68841,99,100,-1,1
68842,52,43,9,9
68843,97,96,1,1
68844,80,72,8,8
68845,112,100,12,12
68846,57,63,-6,6
68847,105,94,11,11
68848,145,140,5,5
68849,104,86,18,18
68850,94,78,16,16
68851,109,102,7,7
68852,73,66,7,7
68853,54,50,4,4
68854,99,83,16,16
68855,204,179,25,25
68856,42,40,2,2
68857,40,33,7,7
68858,61,51,10,10
68859,98,91,7,7
68860,88,86,2,2
68861,107,109,-2,2
68862,101,94,7,7
68863,156,138,18,18
68864,43,43,0,0
68865,85,76,9,9
68866,130,109,21,21
68867,49,53,-4,4
68868,82,72,10,10
68869,105,96,9,9
68870,141,142,-1,1
68871,124,119,5,5
68872,149,151,-2,2
68873,61,50,11,11
68874,163,148,15,15
68875,94,89,5,5
68876,64,62,2,2
68877,129,132,-3,3
68878,71,69,2,2
68879,95,94,1,1
68880,106,104,2,2
68881,103,75,28,28
68882,81,70,11,11
68883,89,75,14,14
68884,144,125,19,19
68885,64,64,0,0
68886,37,106,-69,69
68887,87,72,15,15
68888,34,30,4,4
68889,94,91,3,3
68890,84,82,2,2
68891,76,65,11,11
68892,79,68,11,11
68893,96,97,-1,1
68894,99,88,11,11
68895,102,92,10,10
68896,66,59,7,7
68897,96,77,19,19
68898,75,67,8,8
68899,98,82,16,16
68900,75,66,9,9
68901,106,93,13,13
68902,85,76,9,9
68903,104,107,-3,3
68904,83,82,1,1
68905,92,84,8,8
68906,110,116,-6,6
68907,89,97,-8,8
68908,148,128,20,20
68909,105,93,12,12
68910,90,74,16,16
68911,42,49,-7,7
68912,102,95,7,7
68913,142,126,16,16
68914,122,106,16,16
68915,109,90,19,19
68916,101,97,4,4
68917,89,88,1,1
68918,118,112,6,6
68919,146,125,21,21
68920,100,94,6,6
68921,99,86,13,13
68922,62,52,10,10
68923,84,70,14,14
68924,62,63,-1,1
68925,190,160,30,30
68926,105,100,5,5
68927,101,84,17,17
68928,69,69,0,0
68929,105,92,13,13
68930,135,126,9,9
68931,162,157,5,5
68932,96,87,9,9
68933,80,68,12,12
68934,83,78,5,5
68935,133,118,15,15
68936,77,66,11,11
68937,130,114,16,16
68938,143,147,-4,4
68939,83,78,5,5
68940,77,70,7,7
68941,148,127,21,21
68942,88,74,14,14
68943,47,40,7,7
68944,66,52,14,14
68945,54,61,-7,7
68946,97,86,11,11
68947,80,79,1,1
68948,51,62,-11,11
68949,122,117,5,5
68950,134,109,25,25
68951,152,138,14,14
68952,96,93,3,3
68953,75,74,1,1
68954,143,132,11,11
68955,164,150,14,14
68956,99,89,10,10
68957,149,141,8,8
68958,126,111,15,15
68959,90,73,17,17
68960,102,96,6,6
68961,18,33,-15,15
68962,103,126,-23,23
68963,130,115,15,15
68964,67,65,2,2
68965,69,58,11,11
68966,84,78,6,6
68967,122,114,8,8
68968,103,88,15,15
68969,65,53,12,12
68970,111,105,6,6
68971,177,166,11,11
68972,64,57,7,7
68973,159,148,11,11
68974,123,119,4,4
68975,67,62,5,5
68976,138,134,4,4
68977,88,85,3,3
68978,94,99,-5,5
68979,114,97,17,17
68980,81,72,9,9
68981,68,60,8,8
68982,214,185,29,29
68983,145,120,25,25
68984,54,51,3,3
68985,100,82,18,18
68986,146,131,15,15
68987,213,180,33,33
68988,106,106,0,0
68989,57,45,12,12
68990,128,114,14,14
68991,97,89,8,8
68992,90,89,1,1
68993,102,91,11,11
68994,153,129,24,24
68995,84,74,10,10
68996,27,26,1,1
68997,51,45,6,6
68998,73,69,4,4
68999,86,77,9,9
69000,77,66,11,11
69001,154,130,24,24
69002,107,92,15,15
69003,173,157,16,16
69004,80,76,4,4
69005,92,83,9,9
69006,86,76,10,10
69007,70,67,3,3
69008,116,113,3,3
69009,79,73,6,6
69010,101,93,8,8
69011,138,123,15,15
69012,125,100,25,25
69013,65,61,4,4
69014,82,75,7,7
69015,88,82,6,6
69016,40,45,-5,5
69017,104,100,4,4
69018,111,99,12,12
69019,81,74,7,7
69020,67,71,-4,4
69021,91,89,2,2
69022,135,125,10,10
69023,155,154,1,1
69024,89,75,14,14
69025,58,63,-5,5
69026,137,119,18,18
69027,69,64,5,5
69028,84,79,5,5
69029,110,86,24,24
69030,68,87,-19,19
69031,126,104,22,22
69032,185,137,48,48
69033,64,49,15,15
69034,119,105,14,14
69035,133,118,15,15
69036,96,83,13,13
69037,54,50,4,4
69038,90,81,9,9
69039,75,65,10,10
69040,123,119,4,4
69041,91,82,9,9
69042,114,102,12,12
69043,49,71,-22,22
69044,119,104,15,15
69045,78,67,11,11
69046,105,91,14,14
69047,113,105,8,8
69048,75,65,10,10
69049,162,147,15,15
69050,62,54,8,8
69051,93,75,18,18
69052,67,57,10,10
69053,118,106,12,12
69054,76,69,7,7
69055,132,115,17,17
69056,43,39,4,4
69057,69,67,2,2
69058,99,93,6,6
69059,81,72,9,9
69060,103,92,11,11
69061,87,75,12,12
69062,88,75,13,13
69063,92,81,11,11
69064,102,86,16,16
69065,53,49,4,4
69066,80,73,7,7
69067,86,71,15,15
69068,107,101,6,6
69069,165,159,6,6
69070,43,39,4,4
69071,84,72,12,12
69072,129,114,15,15
69073,135,123,12,12
69074,32,54,-22,22
69075,49,51,-2,2
69076,91,84,7,7
69077,72,66,6,6
69078,85,76,9,9
69079,75,75,0,0
69080,95,109,-14,14
69081,132,114,18,18
69082,98,96,2,2
69083,34,32,2,2
69084,114,102,12,12
69085,104,89,15,15
69086,111,94,17,17
69087,59,51,8,8
69088,38,40,-2,2
69089,45,38,7,7
69090,160,159,1,1
69091,87,77,10,10
69092,78,78,0,0
69093,180,140,40,40
69094,112,112,0,0
69095,99,95,4,4
69096,77,72,5,5
69097,64,70,-6,6
69098,93,68,25,25
69099,135,139,-4,4
69100,80,76,4,4
69101,105,82,23,23
69102,93,86,7,7
69103,97,91,6,6
69104,93,95,-2,2
69105,126,102,24,24
69106,100,89,11,11
69107,93,86,7,7
69108,116,110,6,6
69109,89,81,8,8
69110,72,80,-8,8
69111,158,130,28,28
69112,107,85,22,22
69113,57,54,3,3
69114,95,92,3,3
69115,199,171,28,28
69116,98,90,8,8
69117,50,46,4,4
69118,72,63,9,9
69119,86,73,13,13
69120,36,37,-1,1
69121,77,60,17,17
69122,144,134,10,10
69123,101,109,-8,8
69124,141,129,12,12
69125,136,118,18,18
69126,81,73,8,8
69127,96,109,-13,13
69128,92,84,8,8
69129,37,40,-3,3
69130,117,110,7,7
69131,96,81,15,15
69132,120,127,-7,7
69133,58,55,3,3
69134,147,120,27,27
69135,60,58,2,2
69136,85,74,11,11
69137,71,56,15,15
69138,74,65,9,9
69139,98,88,10,10
69140,59,53,6,6
69141,77,72,5,5
69142,77,76,1,1
69143,76,73,3,3
69144,52,51,1,1
69145,116,105,11,11
69146,78,77,1,1
69147,74,66,8,8
69148,124,112,12,12
69149,58,50,8,8
69150,86,77,9,9
69151,132,114,18,18
69152,108,92,16,16
69153,38,36,2,2
69154,138,129,9,9
69155,74,68,6,6
69156,73,67,6,6
69157,95,77,18,18
69158,129,124,5,5
69159,102,86,16,16
69160,112,99,13,13
69161,141,128,13,13
69162,76,70,6,6
69163,142,130,12,12
69164,72,65,7,7
69165,163,146,17,17
69166,122,110,12,12
69167,44,38,6,6
69168,104,93,11,11
69169,72,78,-6,6
69170,60,50,10,10
69171,69,61,8,8
69172,113,99,14,14
69173,89,79,10,10
69174,42,50,-8,8
69175,146,132,14,14
69176,147,117,30,30
69177,132,137,-5,5
69178,107,91,16,16
69179,77,74,3,3
69180,102,91,11,11
69181,153,130,23,23
69182,56,77,-21,21
69183,105,101,4,4
69184,129,119,10,10
69185,99,85,14,14
69186,55,51,4,4
69187,102,104,-2,2
69188,102,86,16,16
69189,111,101,10,10
69190,123,118,5,5
69191,62,60,2,2
69192,152,151,1,1
69193,89,72,17,17
69194,94,82,12,12
69195,35,47,-12,12
69196,94,85,9,9
69197,110,108,2,2
69198,175,160,15,15
69199,105,88,17,17
69200,42,43,-1,1
69201,152,133,19,19
69202,149,124,25,25
69203,207,172,35,35
69204,152,147,5,5
69205,88,90,-2,2
69206,94,83,11,11
69207,76,63,13,13
69208,84,75,9,9
69209,87,77,10,10
69210,59,44,15,15
69211,112,100,12,12
69212,110,95,15,15
69213,136,106,30,30
69214,81,87,-6,6
69215,177,152,25,25
69216,120,113,7,7
69217,86,78,8,8
69218,57,56,1,1
69219,100,76,24,24
69220,134,121,13,13
69221,75,65,10,10
69222,88,76,12,12
69223,82,79,3,3
69224,54,53,1,1
69225,74,62,12,12
69226,50,47,3,3
69227,125,103,22,22
69228,85,80,5,5
69229,148,130,18,18
69230,88,85,3,3
69231,58,67,-9,9
69232,124,98,26,26
69233,129,118,11,11
69234,100,88,12,12
69235,76,68,8,8
69236,86,74,12,12
69237,57,60,-3,3
69238,84,76,8,8
69239,103,88,15,15
69240,87,80,7,7
69241,114,106,8,8
69242,58,57,1,1
69243,100,85,15,15
69244,92,77,15,15
69245,78,77,1,1
69246,73,77,-4,4
69247,73,62,11,11
69248,106,97,9,9
69249,135,127,8,8
69250,95,102,-7,7
69251,75,71,4,4
69252,116,115,1,1
69253,58,50,8,8
69254,135,114,21,21
69255,75,70,5,5
69256,51,51,0,0
69257,69,64,5,5
69258,97,102,-5,5
69259,73,69,4,4
69260,91,88,3,3
69261,156,139,17,17
69262,67,67,0,0
69263,77,65,12,12
69264,133,127,6,6
69265,129,139,-10,10
69266,110,97,13,13
69267,121,124,-3,3
69268,150,133,17,17
69269,89,80,9,9
69270,71,65,6,6
69271,119,97,22,22
69272,70,71,-1,1
69273,121,113,8,8
69274,116,110,6,6
69275,123,117,6,6
69276,95,81,14,14
69277,70,59,11,11
69278,111,83,28,28
69279,113,97,16,16
69280,92,72,20,20
69281,52,51,1,1
69282,114,100,14,14
69283,106,96,10,10
69284,102,109,-7,7
69285,72,76,-4,4
69286,134,107,27,27
69287,101,89,12,12
69288,134,112,22,22
69289,111,105,6,6
69290,99,89,10,10
69291,98,85,13,13
69292,94,89,5,5
69293,44,42,2,2
69294,92,87,5,5
69295,81,70,11,11
69296,74,67,7,7
69297,51,44,7,7
69298,135,124,11,11
69299,34,37,-3,3
69300,151,143,8,8
69301,64,57,7,7
69302,105,102,3,3
69303,117,94,23,23
69304,88,79,9,9
69305,100,92,8,8
69306,88,77,11,11
69307,84,80,4,4
69308,189,171,18,18
69309,45,44,1,1
69310,64,63,1,1
69311,94,88,6,6
69312,199,170,29,29
69313,80,68,12,12
69314,105,98,7,7
69315,112,95,17,17
69316,59,35,24,24
69317,54,54,0,0
69318,123,106,17,17
69319,59,58,1,1
69320,186,163,23,23
69321,110,98,12,12
69322,117,99,18,18
69323,82,77,5,5
69324,202,161,41,41
69325,129,101,28,28
69326,91,83,8,8
69327,131,105,26,26
69328,117,99,18,18
69329,82,68,14,14
69330,78,77,1,1
69331,129,116,13,13
69332,46,38,8,8
69333,122,116,6,6
69334,124,103,21,21
69335,186,180,6,6
69336,103,91,12,12
69337,112,110,2,2
69338,135,131,4,4
69339,68,68,0,0
69340,110,101,9,9
69341,57,51,6,6
69342,144,125,19,19
69343,115,95,20,20
69344,143,132,11,11
69345,75,75,0,0
69346,69,59,10,10
69347,140,117,23,23
69348,93,92,1,1
69349,74,66,8,8
69350,165,150,15,15
69351,77,76,1,1
69352,57,54,3,3
69353,87,95,-8,8
69354,123,114,9,9
69355,78,76,2,2
69356,120,107,13,13
69357,100,90,10,10
69358,112,102,10,10
69359,87,84,3,3
69360,98,77,21,21
69361,106,94,12,12
69362,91,91,0,0
69363,107,98,9,9
69364,67,59,8,8
69365,125,114,11,11
69366,61,46,15,15
69367,96,89,7,7
69368,73,67,6,6
69369,70,63,7,7
69370,89,76,13,13
69371,114,102,12,12
69372,74,72,2,2
69373,133,108,25,25
69374,107,108,-1,1
69375,91,82,9,9
69376,83,72,11,11
69377,76,65,11,11
69378,75,73,2,2
69379,83,71,12,12
69380,62,56,6,6
69381,71,74,-3,3
69382,40,39,1,1
69383,131,111,20,20
69384,138,129,9,9
69385,43,43,0,0
69386,76,76,0,0
69387,128,140,-12,12
69388,62,56,6,6
69389,128,112,16,16
69390,79,76,3,3
69391,140,120,20,20
69392,94,96,-2,2
69393,96,89,7,7
69394,43,37,6,6
69395,159,142,17,17
69396,62,52,10,10
69397,131,114,17,17
69398,65,62,3,3
69399,63,63,0,0
69400,116,116,0,0
69401,65,71,-6,6
69402,70,58,12,12
69403,56,53,3,3
69404,95,85,10,10
69405,120,102,18,18
69406,93,91,2,2
69407,92,83,9,9
69408,101,83,18,18
69409,106,99,7,7
69410,151,129,22,22
69411,98,87,11,11
69412,63,57,6,6
69413,120,111,9,9
69414,93,83,10,10
69415,89,80,9,9
69416,47,44,3,3
69417,92,88,4,4
69418,95,80,15,15
69419,90,75,15,15
69420,116,98,18,18
69421,88,78,10,10
69422,107,105,2,2
69423,168,165,3,3
69424,49,41,8,8
69425,111,94,17,17
69426,76,73,3,3
69427,89,80,9,9
69428,72,69,3,3
69429,131,121,10,10
69430,61,69,-8,8
69431,106,91,15,15
69432,65,63,2,2
69433,76,74,2,2
69434,62,84,-22,22
69435,63,55,8,8
69436,77,67,10,10
69437,120,100,20,20
69438,109,102,7,7
69439,93,82,11,11
69440,66,60,6,6
69441,72,60,12,12
69442,94,79,15,15
69443,143,121,22,22
69444,75,68,7,7
69445,99,91,8,8
69446,112,104,8,8
69447,66,61,5,5
69448,72,61,11,11
69449,46,49,-3,3
69450,100,93,7,7
69451,89,75,14,14
69452,101,92,9,9
69453,63,54,9,9
69454,108,98,10,10
69455,89,84,5,5
69456,101,86,15,15
69457,94,83,11,11
69458,73,68,5,5
69459,148,112,36,36
69460,142,127,15,15
69461,92,85,7,7
69462,151,130,21,21
69463,119,106,13,13
69464,61,60,1,1
69465,124,114,10,10
69466,46,44,2,2
69467,67,68,-1,1
69468,46,60,-14,14
69469,81,68,13,13
69470,104,97,7,7
69471,47,47,0,0
69472,88,79,9,9
69473,115,75,40,40
69474,92,101,-9,9
69475,100,78,22,22
69476,141,124,17,17
69477,107,98,9,9
69478,127,100,27,27
69479,117,115,2,2
69480,72,65,7,7
69481,81,77,4,4
69482,100,121,-21,21
69483,84,95,-11,11
69484,70,60,10,10
69485,152,132,20,20
69486,32,39,-7,7
69487,121,116,5,5
69488,69,63,6,6
69489,63,57,6,6
69490,76,69,7,7
69491,81,77,4,4
69492,106,94,12,12
69493,69,69,0,0
69494,54,53,1,1
69495,92,81,11,11
69496,61,60,1,1
69497,141,120,21,21
69498,78,69,9,9
69499,124,133,-9,9
69500,94,85,9,9
69501,66,63,3,3
69502,156,148,8,8
69503,80,92,-12,12
69504,84,79,5,5
69505,161,146,15,15
69506,106,92,14,14
69507,98,88,10,10
69508,108,95,13,13
69509,109,94,15,15
69510,85,74,11,11
69511,74,77,-3,3
69512,74,68,6,6
69513,88,91,-3,3
69514,128,115,13,13
69515,93,81,12,12
69516,140,126,14,14
69517,109,98,11,11
69518,58,50,8,8
69519,73,60,13,13
69520,86,78,8,8
69521,94,83,11,11
69522,332,279,53,53
69523,112,95,17,17
69524,48,43,5,5
69525,73,70,3,3
69526,116,101,15,15
69527,105,83,22,22
69528,65,61,4,4
69529,108,95,13,13
69530,83,83,0,0
69531,81,81,0,0
69532,155,149,6,6
69533,110,89,21,21
69534,120,102,18,18
69535,92,79,13,13
69536,152,129,23,23
69537,131,127,4,4
69538,48,57,-9,9
69539,68,62,6,6
69540,74,65,9,9
69541,86,89,-3,3
69542,148,146,2,2
69543,188,168,20,20
69544,79,81,-2,2
69545,125,110,15,15
69546,95,77,18,18
69547,63,54,9,9
69548,78,65,13,13
69549,116,107,9,9
69550,83,78,5,5
69551,68,63,5,5
69552,104,105,-1,1
69553,107,96,11,11
69554,93,80,13,13
69555,115,104,11,11
69556,105,77,28,28
69557,76,86,-10,10
69558,129,108,21,21
69559,53,46,7,7
69560,78,80,-2,2
69561,108,92,16,16
69562,39,39,0,0
69563,81,67,14,14
69564,122,119,3,3
69565,74,64,10,10
69566,63,59,4,4
69567,115,102,13,13
69568,119,113,6,6
69569,130,116,14,14
69570,103,116,-13,13
69571,107,103,4,4
69572,69,73,-4,4
69573,130,110,20,20
69574,98,104,-6,6
69575,126,104,22,22
69576,119,97,22,22
69577,86,83,3,3
69578,211,190,21,21
69579,82,77,5,5
69580,64,57,7,7
69581,96,71,25,25
69582,63,57,6,6
69583,102,94,8,8
69584,119,116,3,3
69585,82,84,-2,2
69586,119,104,15,15
69587,64,58,6,6
69588,48,39,9,9
69589,140,125,15,15
69590,112,98,14,14
69591,93,99,-6,6
69592,88,81,7,7
69593,93,84,9,9
69594,60,51,9,9
69595,66,61,5,5
69596,48,43,5,5
69597,101,85,16,16
69598,54,50,4,4
69599,99,87,12,12
69600,81,73,8,8
69601,155,135,20,20
69602,80,65,15,15
69603,69,65,4,4
69604,65,69,-4,4
69605,81,81,0,0
69606,100,94,6,6
69607,89,91,-2,2
69608,86,80,6,6
69609,107,102,5,5
69610,61,58,3,3
69611,59,49,10,10
69612,51,51,0,0
69613,147,139,8,8
69614,127,108,19,19
69615,130,125,5,5
69616,53,46,7,7
69617,117,86,31,31
69618,132,118,14,14
69619,119,104,15,15
69620,107,85,22,22
69621,79,85,-6,6
69622,157,143,14,14
69623,125,102,23,23
69624,60,57,3,3
69625,79,60,19,19
69626,80,78,2,2
69627,151,125,26,26
69628,109,92,17,17
69629,64,60,4,4
69630,111,90,21,21
69631,44,50,-6,6
69632,95,76,19,19
69633,137,118,19,19
69634,121,92,29,29
69635,51,53,-2,2
69636,53,55,-2,2
69637,93,85,8,8
69638,91,85,6,6
69639,125,106,19,19
69640,59,54,5,5
69641,63,56,7,7
69642,111,89,22,22
69643,117,111,6,6
69644,74,66,8,8
69645,117,113,4,4
69646,65,59,6,6
69647,100,84,16,16
69648,227,202,25,25
69649,145,161,-16,16
69650,82,77,5,5
69651,93,68,25,25
69652,120,123,-3,3
69653,122,103,19,19
69654,121,106,15,15
69655,106,84,22,22
69656,95,93,2,2
69657,71,65,6,6
69658,64,64,0,0
69659,103,96,7,7
69660,66,74,-8,8
69661,60,59,1,1
69662,85,77,8,8
69663,110,102,8,8
69664,109,100,9,9
69665,80,82,-2,2
69666,80,63,17,17
69667,147,138,9,9
69668,107,104,3,3
69669,61,58,3,3
69670,163,152,11,11
69671,60,51,9,9
69672,85,75,10,10
69673,152,149,3,3
69674,90,81,9,9
69675,81,71,10,10
69676,76,65,11,11
69677,95,84,11,11
69678,70,67,3,3
69679,101,87,14,14
69680,65,55,10,10
69681,78,79,-1,1
69682,94,88,6,6
69683,69,63,6,6
69684,161,153,8,8
69685,97,95,2,2
69686,66,65,1,1
69687,171,146,25,25
69688,93,74,19,19
69689,98,84,14,14
69690,101,96,5,5
69691,97,87,10,10
69692,74,71,3,3
69693,88,70,18,18
69694,184,172,12,12
69695,74,72,2,2
69696,65,67,-2,2
69697,193,172,21,21
69698,103,88,15,15
69699,57,53,4,4
69700,113,121,-8,8
69701,145,156,-11,11
69702,60,56,4,4
69703,128,128,0,0
69704,89,79,10,10
69705,80,72,8,8
69706,79,66,13,13
69707,114,99,15,15
69708,200,172,28,28
69709,133,119,14,14
69710,114,100,14,14
69711,125,108,17,17
69712,82,74,8,8
69713,90,75,15,15
69714,95,86,9,9
69715,140,135,5,5
69716,96,94,2,2
69717,186,167,19,19
69718,89,92,-3,3
69719,57,53,4,4
69720,76,72,4,4
69721,64,57,7,7
69722,138,120,18,18
69723,97,82,15,15
69724,95,97,-2,2
69725,157,145,12,12
69726,76,65,11,11
69727,77,74,3,3
69728,110,99,11,11
69729,191,164,27,27
69730,70,60,10,10
69731,100,104,-4,4
69732,98,93,5,5
69733,64,65,-1,1
69734,106,94,12,12
69735,95,90,5,5
69736,70,70,0,0
69737,132,107,25,25
69738,43,33,10,10
69739,177,150,27,27
69740,59,54,5,5
69741,42,41,1,1
69742,40,37,3,3
69743,82,39,43,43
69744,79,77,2,2
69745,62,67,-5,5
69746,108,92,16,16
69747,103,104,-1,1
69748,92,83,9,9
69749,63,60,3,3
69750,65,64,1,1
69751,144,138,6,6
69752,92,84,8,8
69753,129,116,13,13
69754,137,129,8,8
69755,122,117,5,5
69756,48,58,-10,10
69757,85,64,21,21
69758,90,87,3,3
69759,82,68,14,14
69760,112,96,16,16
69761,85,79,6,6
69762,91,78,13,13
69763,78,74,4,4
69764,69,63,6,6
69765,121,102,19,19
69766,68,64,4,4
69767,131,120,11,11
69768,89,80,9,9
69769,93,84,9,9
69770,54,45,9,9
69771,136,127,9,9
69772,35,62,-27,27
69773,178,146,32,32
69774,105,89,16,16
69775,145,137,8,8
69776,75,74,1,1
69777,117,98,19,19
69778,63,57,6,6
69779,132,120,12,12
69780,100,96,4,4
69781,67,62,5,5
69782,47,49,-2,2
69783,128,104,24,24
69784,119,114,5,5
69785,119,110,9,9
69786,93,75,18,18
69787,121,111,10,10
69788,79,68,11,11
69789,166,145,21,21
69790,87,72,15,15
69791,85,81,4,4
69792,80,70,10,10
69793,68,65,3,3
69794,131,124,7,7
69795,124,110,14,14
69796,146,139,7,7
69797,71,61,10,10
69798,89,89,0,0
69799,60,60,0,0
69800,64,58,6,6
69801,63,64,-1,1
69802,61,57,4,4
69803,119,96,23,23
69804,83,80,3,3
69805,96,90,6,6
69806,116,125,-9,9
69807,122,109,13,13
69808,102,86,16,16
69809,85,80,5,5
69810,129,121,8,8
69811,109,92,17,17
69812,41,37,4,4
69813,95,93,2,2
69814,131,102,29,29
69815,98,75,23,23
69816,105,89,16,16
69817,35,39,-4,4
69818,65,61,4,4
69819,69,60,9,9
69820,72,60,12,12
69821,101,92,9,9
69822,86,79,7,7
69823,103,95,8,8
69824,110,91,19,19
69825,77,61,16,16
69826,98,66,32,32
69827,107,93,14,14
69828,72,73,-1,1
69829,109,100,9,9
69830,68,56,12,12
69831,64,53,11,11
69832,158,143,15,15
69833,112,110,2,2
69834,71,74,-3,3
69835,119,104,15,15
69836,63,60,3,3
69837,66,62,4,4
69838,90,78,12,12
69839,114,109,5,5
69840,81,78,3,3
69841,136,114,22,22
69842,92,84,8,8
69843,46,54,-8,8
69844,48,45,3,3
69845,99,82,17,17
69846,63,57,6,6
69847,113,99,14,14
69848,77,72,5,5
69849,95,95,0,0
69850,95,86,9,9
69851,92,87,5,5
69852,77,68,9,9
69853,108,97,11,11
69854,80,72,8,8
69855,106,92,14,14
69856,193,175,18,18
69857,138,115,23,23
69858,146,134,12,12
69859,146,134,12,12
69860,121,103,18,18
69861,134,111,23,23
69862,92,84,8,8
69863,109,96,13,13
69864,94,93,1,1
69865,96,93,3,3
69866,105,109,-4,4
69867,124,115,9,9
69868,101,88,13,13
69869,63,65,-2,2
69870,91,84,7,7
69871,75,76,-1,1
69872,89,88,1,1
69873,134,123,11,11
69874,130,116,14,14
69875,71,75,-4,4
69876,152,141,11,11
69877,79,60,19,19
69878,82,66,16,16
69879,80,73,7,7
69880,51,50,1,1
69881,134,123,11,11
69882,120,96,24,24
69883,88,78,10,10
69884,66,66,0,0
69885,40,42,-2,2
69886,81,68,13,13
69887,125,107,18,18
69888,57,49,8,8
69889,127,111,16,16
69890,70,57,13,13
69891,144,90,54,54
69892,100,100,0,0
69893,190,161,29,29
69894,79,73,6,6
69895,95,66,29,29
69896,86,67,19,19
69897,75,52,23,23
69898,108,95,13,13
69899,74,67,7,7
69900,110,109,1,1
69901,121,105,16,16
69902,75,71,4,4
69903,193,158,35,35
69904,102,89,13,13
69905,83,82,1,1
69906,161,144,17,17
69907,43,53,-10,10
69908,157,166,-9,9
69909,152,147,5,5
69910,166,145,21,21
69911,61,52,9,9
69912,123,110,13,13
69913,77,61,16,16
69914,76,63,13,13
69915,103,101,2,2
69916,73,63,10,10
69917,94,89,5,5
69918,71,70,1,1
69919,69,71,-2,2
69920,46,44,2,2
69921,59,52,7,7
69922,109,91,18,18
69923,166,160,6,6
69924,65,60,5,5
69925,97,83,14,14
69926,170,146,24,24
69927,76,73,3,3
69928,79,72,7,7
69929,84,82,2,2
69930,36,32,4,4
69931,149,138,11,11
69932,61,53,8,8
69933,109,99,10,10
69934,160,132,28,28
69935,96,81,15,15
69936,139,130,9,9
69937,59,56,3,3
69938,52,41,11,11
69939,148,126,22,22
69940,90,65,25,25
69941,68,54,14,14
69942,60,60,0,0
69943,110,100,10,10
69944,80,88,-8,8
69945,37,34,3,3
69946,75,77,-2,2
69947,62,65,-3,3
69948,66,62,4,4
69949,99,98,1,1
69950,105,91,14,14
69951,165,144,21,21
69952,164,148,16,16
69953,93,84,9,9
69954,58,70,-12,12
69955,93,83,10,10
69956,37,38,-1,1
69957,68,68,0,0
69958,122,114,8,8
69959,36,34,2,2
69960,109,101,8,8
69961,111,97,14,14
69962,39,37,2,2
69963,139,125,14,14
69964,109,104,5,5
69965,169,151,18,18
69966,138,125,13,13
69967,104,115,-11,11
69968,170,170,0,0
69969,66,58,8,8
69970,154,141,13,13
69971,46,44,2,2
69972,136,112,24,24
69973,81,72,9,9
69974,390,290,100,100
69975,88,75,13,13
69976,66,70,-4,4
69977,69,64,5,5
69978,48,52,-4,4
69979,136,114,22,22
69980,85,78,7,7
69981,73,65,8,8
69982,128,130,-2,2
69983,90,91,-1,1
69984,105,97,8,8
69985,127,114,13,13
69986,102,97,5,5
69987,111,100,11,11
69988,110,91,19,19
69989,92,81,11,11
69990,66,95,-29,29
69991,103,90,13,13
69992,111,97,14,14
69993,120,111,9,9
69994,96,90,6,6
69995,141,126,15,15
69996,89,94,-5,5
69997,66,60,6,6
69998,95,80,15,15
69999,83,85,-2,2
70000,62,54,8,8
70001,136,130,6,6
70002,99,88,11,11
70003,78,67,11,11
70004,79,79,0,0
70005,86,71,15,15
70006,70,61,9,9
70007,128,122,6,6
70008,100,71,29,29
70009,116,93,23,23
70010,165,167,-2,2
70011,125,111,14,14
70012,63,63,0,0
70013,93,93,0,0
70014,135,113,22,22
70015,61,55,6,6
70016,55,60,-5,5
70017,95,81,14,14
70018,98,87,11,11
70019,54,49,5,5
70020,85,79,6,6
70021,96,84,12,12
70022,132,115,17,17
70023,81,77,4,4
70024,57,52,5,5
70025,71,60,11,11
70026,92,82,10,10
70027,99,79,20,20
70028,87,76,11,11
70029,116,90,26,26
70030,46,47,-1,1
70031,29,24,5,5
70032,163,162,1,1
70033,110,94,16,16
70034,68,62,6,6
70035,62,52,10,10
70036,60,49,11,11
70037,91,89,2,2
70038,35,34,1,1
70039,61,63,-2,2
70040,101,83,18,18
70041,135,119,16,16
70042,169,159,10,10
70043,122,103,19,19
70044,182,161,21,21
70045,86,82,4,4
70046,121,107,14,14
70047,65,56,9,9
70048,84,75,9,9
70049,98,83,15,15
70050,61,59,2,2
70051,71,69,2,2
70052,54,53,1,1
70053,130,107,23,23
70054,47,45,2,2
70055,78,65,13,13
70056,83,67,16,16
70057,119,98,21,21
70058,86,70,16,16
70059,92,88,4,4
70060,76,68,8,8
70061,80,78,2,2
70062,103,85,18,18
70063,113,102,11,11
70064,79,78,1,1
70065,68,63,5,5
70066,115,102,13,13
70067,62,60,2,2
70068,107,107,0,0
70069,115,98,17,17
70070,138,128,10,10
70071,115,113,2,2
70072,117,99,18,18
70073,92,136,-44,44
70074,122,104,18,18
70075,54,51,3,3
70076,76,70,6,6
70077,96,84,12,12
70078,57,51,6,6
70079,108,100,8,8
70080,104,96,8,8
70081,107,96,11,11
70082,66,56,10,10
70083,57,57,0,0
70084,72,65,7,7
70085,63,88,-25,25
70086,119,110,9,9
70087,123,106,17,17
70088,86,77,9,9
70089,121,94,27,27
70090,72,57,15,15
70091,70,65,5,5
70092,84,69,15,15
70093,72,72,0,0
70094,61,52,9,9
70095,128,105,23,23
70096,90,84,6,6
70097,138,140,-2,2
70098,80,74,6,6
70099,134,97,37,37
70100,135,127,8,8
70101,108,90,18,18
70102,114,100,14,14
70103,87,71,16,16
70104,29,42,-13,13
70105,84,77,7,7
70106,139,129,10,10
70107,126,105,21,21
70108,61,50,11,11
70109,22,25,-3,3
70110,61,64,-3,3
70111,74,76,-2,2
70112,120,107,13,13
70113,69,60,9,9
70114,61,61,0,0
70115,88,85,3,3
70116,102,94,8,8
70117,107,100,7,7
70118,103,92,11,11
70119,89,83,6,6
70120,134,125,9,9
70121,52,55,-3,3
70122,63,85,-22,22
70123,116,96,20,20
70124,123,111,12,12
70125,101,86,15,15
70126,58,54,4,4
70127,95,88,7,7
70128,66,59,7,7
70129,69,63,6,6
70130,107,92,15,15
70131,118,117,1,1
70132,155,129,26,26
70133,75,68,7,7
70134,103,84,19,19
70135,81,69,12,12
70136,94,87,7,7
70137,64,56,8,8
70138,135,120,15,15
70139,116,127,-11,11
70140,213,174,39,39
70141,87,82,5,5
70142,109,116,-7,7
70143,149,135,14,14
70144,81,86,-5,5
70145,78,70,8,8
70146,62,55,7,7
70147,73,69,4,4
70148,68,56,12,12
70149,103,70,33,33
70150,121,100,21,21
70151,165,138,27,27
70152,105,91,14,14
70153,71,58,13,13
70154,139,138,1,1
70155,75,90,-15,15
70156,146,143,3,3
70157,88,85,3,3
70158,184,173,11,11
70159,122,102,20,20
70160,50,58,-8,8
70161,98,91,7,7
70162,28,52,-24,24
70163,68,55,13,13
70164,34,35,-1,1
70165,88,72,16,16
70166,87,84,3,3
70167,91,79,12,12
70168,97,85,12,12
70169,93,70,23,23
70170,46,40,6,6
70171,63,56,7,7
70172,54,53,1,1
70173,68,65,3,3
70174,100,106,-6,6
70175,51,43,8,8
70176,92,88,4,4
70177,111,105,6,6
70178,66,57,9,9
70179,60,66,-6,6
70180,66,61,5,5
70181,130,108,22,22
70182,125,104,21,21
70183,134,127,7,7
70184,139,129,10,10
70185,105,100,5,5
70186,70,63,7,7
70187,106,91,15,15
70188,146,122,24,24
70189,144,132,12,12
70190,108,115,-7,7
70191,77,71,6,6
70192,99,86,13,13
70193,79,73,6,6
70194,65,60,5,5
70195,65,71,-6,6
70196,89,91,-2,2
70197,128,106,22,22
70198,95,112,-17,17
70199,131,132,-1,1
70200,48,43,5,5
70201,127,105,22,22
70202,102,98,4,4
70203,127,112,15,15
70204,53,52,1,1
70205,148,124,24,24
70206,173,149,24,24
70207,110,95,15,15
70208,61,59,2,2
70209,65,60,5,5
70210,83,74,9,9
70211,125,116,9,9
70212,94,83,11,11
70213,82,72,10,10
70214,95,78,17,17
70215,48,47,1,1
70216,112,103,9,9
70217,74,66,8,8
70218,114,99,15,15
70219,64,62,2,2
70220,109,93,16,16
70221,163,140,23,23
70222,136,127,9,9
70223,218,184,34,34
70224,114,97,17,17
70225,152,137,15,15
70226,115,109,6,6
70227,70,66,4,4
70228,76,67,9,9
70229,101,92,9,9
70230,122,102,20,20
70231,95,79,16,16
70232,112,131,-19,19
70233,114,103,11,11
70234,93,82,11,11
70235,56,62,-6,6
70236,110,118,-8,8
70237,97,88,9,9
70238,86,89,-3,3
70239,87,79,8,8
70240,55,59,-4,4
70241,183,183,0,0
70242,99,91,8,8
70243,102,92,10,10
70244,113,99,14,14
70245,95,85,10,10
70246,191,161,30,30
70247,82,78,4,4
70248,55,47,8,8
70249,60,58,2,2
70250,81,71,10,10
70251,87,80,7,7
70252,142,134,8,8
70253,97,75,22,22
70254,116,92,24,24
70255,73,64,9,9
70256,87,84,3,3
70257,102,84,18,18
70258,57,54,3,3
70259,56,56,0,0
70260,193,151,42,42
70261,99,91,8,8
70262,61,61,0,0
70263,90,79,11,11
70264,129,125,4,4
70265,86,77,9,9
70266,68,70,-2,2
70267,106,84,22,22
70268,101,102,-1,1
70269,139,122,17,17
70270,97,96,1,1
70271,79,78,1,1
70272,54,58,-4,4
70273,47,48,-1,1
70274,119,99,20,20
70275,93,80,13,13
70276,70,65,5,5
70277,109,99,10,10
70278,55,63,-8,8
70279,127,124,3,3
70280,76,70,6,6
70281,35,37,-2,2
70282,66,60,6,6
70283,72,64,8,8
70284,91,93,-2,2
70285,128,126,2,2
70286,123,115,8,8
70287,129,118,11,11
70288,106,90,16,16
70289,84,81,3,3
70290,99,75,24,24
70291,59,49,10,10
70292,54,56,-2,2
70293,120,107,13,13
70294,188,159,29,29
70295,83,74,9,9
70296,146,123,23,23
70297,69,64,5,5
70298,58,53,5,5
70299,173,145,28,28
70300,131,110,21,21
70301,150,130,20,20
70302,115,101,14,14
70303,107,89,18,18
70304,131,125,6,6
70305,101,93,8,8
70306,105,84,21,21
70307,104,93,11,11
70308,138,119,19,19
70309,62,56,6,6
70310,88,85,3,3
70311,44,42,2,2
70312,116,108,8,8
70313,84,73,11,11
70314,80,91,-11,11
70315,112,104,8,8
70316,85,76,9,9
70317,82,68,14,14
70318,101,95,6,6
70319,123,105,18,18
70320,137,120,17,17
70321,112,84,28,28
70322,72,67,5,5
70323,100,89,11,11
70324,106,91,15,15
70325,64,48,16,16
70326,115,97,18,18
70327,44,41,3,3
70328,112,101,11,11
70329,113,101,12,12
70330,203,172,31,31
70331,113,92,21,21
70332,154,137,17,17
70333,88,84,4,4
70334,88,91,-3,3
70335,56,54,2,2
70336,116,104,12,12
70337,104,94,10,10
70338,96,82,14,14
70339,99,89,10,10
70340,98,96,2,2
70341,128,126,2,2
70342,79,69,10,10
70343,97,95,2,2
70344,68,68,0,0
70345,93,74,19,19
70346,99,89,10,10
70347,68,66,2,2
70348,83,69,14,14
70349,85,78,7,7
70350,89,87,2,2
70351,95,82,13,13
70352,133,121,12,12
70353,86,79,7,7
70354,94,83,11,11
70355,63,64,-1,1
70356,134,121,13,13
70357,79,76,3,3
70358,55,48,7,7
70359,82,77,5,5
70360,60,56,4,4
70361,63,66,-3,3
70362,179,151,28,28
70363,127,115,12,12
70364,65,56,9,9
70365,101,94,7,7
70366,112,98,14,14
70367,66,60,6,6
70368,104,95,9,9
70369,80,89,-9,9
70370,84,69,15,15
70371,57,55,2,2
70372,55,49,6,6
70373,134,119,15,15
70374,125,107,18,18
70375,83,75,8,8
70376,66,60,6,6
70377,59,75,-16,16
70378,117,106,11,11
70379,103,112,-9,9
70380,101,83,18,18
70381,128,119,9,9
70382,92,89,3,3
70383,167,145,22,22
70384,79,70,9,9
70385,121,108,13,13
70386,85,68,17,17
70387,80,59,21,21
70388,26,29,-3,3
70389,52,52,0,0
70390,58,61,-3,3
70391,137,124,13,13
70392,48,47,1,1
70393,138,121,17,17
70394,81,60,21,21
70395,132,118,14,14
70396,111,101,10,10
70397,115,108,7,7
70398,129,116,13,13
70399,125,114,11,11
70400,138,147,-9,9
70401,51,52,-1,1
70402,131,129,2,2
70403,164,158,6,6
70404,107,82,25,25
70405,102,91,11,11
70406,66,61,5,5
70407,59,55,4,4
70408,60,52,8,8
70409,145,131,14,14
70410,143,133,10,10
70411,121,115,6,6
70412,98,95,3,3
70413,107,84,23,23
70414,69,61,8,8
70415,154,144,10,10
70416,93,87,6,6
70417,93,88,5,5
70418,41,31,10,10
70419,103,97,6,6
70420,81,72,9,9
70421,105,88,17,17
70422,60,51,9,9
70423,90,86,4,4
70424,76,67,9,9
70425,98,89,9,9
70426,70,63,7,7
70427,49,51,-2,2
70428,113,98,15,15
70429,45,53,-8,8
70430,109,96,13,13
70431,53,50,3,3
70432,98,72,26,26
70433,70,59,11,11
70434,91,79,12,12
70435,126,108,18,18
70436,68,50,18,18
70437,54,66,-12,12
70438,99,82,17,17
70439,85,81,4,4
70440,85,71,14,14
70441,93,88,5,5
70442,69,60,9,9
70443,59,52,7,7
70444,47,52,-5,5
70445,83,76,7,7
70446,103,98,5,5
70447,93,80,13,13
70448,125,124,1,1
70449,97,87,10,10
70450,103,101,2,2
70451,79,73,6,6
70452,103,106,-3,3
70453,132,113,19,19
70454,165,157,8,8
70455,132,117,15,15
70456,88,78,10,10
70457,92,76,16,16
70458,75,67,8,8
70459,108,93,15,15
70460,98,86,12,12
70461,133,139,-6,6
70462,75,62,13,13
70463,187,176,11,11
70464,123,109,14,14
70465,63,74,-11,11
70466,92,97,-5,5
70467,117,105,12,12
70468,98,79,19,19
70469,247,221,26,26
70470,98,90,8,8
70471,102,81,21,21
70472,66,65,1,1
70473,62,53,9,9
70474,84,77,7,7
70475,52,45,7,7
70476,107,94,13,13
70477,155,132,23,23
70478,118,108,10,10
70479,150,142,8,8
70480,112,96,16,16
70481,106,96,10,10
70482,61,55,6,6
70483,101,96,5,5
70484,80,63,17,17
70485,65,71,-6,6
70486,86,74,12,12
70487,74,62,12,12
70488,163,137,26,26
70489,100,97,3,3
70490,44,41,3,3
70491,86,68,18,18
70492,119,104,15,15
70493,80,69,11,11
70494,57,61,-4,4
70495,136,114,22,22
70496,113,106,7,7
70497,75,70,5,5
70498,41,43,-2,2
70499,125,129,-4,4
70500,77,67,10,10
70501,97,81,16,16
70502,159,150,9,9
70503,43,42,1,1
70504,47,42,5,5
70505,53,52,1,1
70506,141,118,23,23
70507,79,76,3,3
70508,74,67,7,7
70509,117,105,12,12
70510,39,40,-1,1
70511,74,71,3,3
70512,131,123,8,8
70513,95,86,9,9
70514,152,127,25,25
70515,80,76,4,4
70516,125,101,24,24
70517,114,109,5,5
70518,113,98,15,15
70519,58,61,-3,3
70520,98,82,16,16
70521,135,117,18,18
70522,88,90,-2,2
70523,147,135,12,12
70524,83,74,9,9
70525,145,132,13,13
70526,144,133,11,11
70527,142,122,20,20
70528,65,63,2,2
70529,59,57,2,2
70530,116,104,12,12
70531,51,49,2,2
70532,48,45,3,3
70533,113,110,3,3
70534,87,61,26,26
70535,72,71,1,1
70536,100,88,12,12
70537,66,61,5,5
70538,106,104,2,2
70539,128,108,20,20
70540,71,60,11,11
70541,69,68,1,1
70542,117,121,-4,4
70543,125,116,9,9
70544,105,92,13,13
70545,43,36,7,7
70546,154,147,7,7
70547,77,70,7,7
70548,104,95,9,9
70549,112,99,13,13
70550,84,73,11,11
70551,69,63,6,6
70552,135,115,20,20
70553,130,109,21,21
70554,117,117,0,0
70555,47,51,-4,4
70556,114,107,7,7
70557,100,94,6,6
70558,129,125,4,4
70559,59,53,6,6
70560,159,142,17,17
70561,61,46,15,15
70562,51,51,0,0
70563,92,79,13,13
70564,73,67,6,6
70565,98,73,25,25
70566,117,104,13,13
70567,100,100,0,0
70568,54,66,-12,12
70569,76,65,11,11
70570,132,121,11,11
70571,178,129,49,49
70572,91,85,6,6
70573,127,104,23,23
70574,75,65,10,10
70575,70,64,6,6
70576,124,113,11,11
70577,125,119,6,6
70578,80,76,4,4
70579,59,59,0,0
70580,82,80,2,2
70581,130,122,8,8
70582,82,80,2,2
70583,93,76,17,17
70584,82,79,3,3
70585,160,137,23,23
70586,83,72,11,11
70587,128,108,20,20
70588,123,102,21,21
70589,98,86,12,12
70590,104,84,20,20
70591,109,93,16,16
70592,48,42,6,6
70593,62,56,6,6
70594,63,54,9,9
70595,63,59,4,4
70596,115,99,16,16
70597,94,80,14,14
70598,94,90,4,4
70599,91,81,10,10
70600,141,134,7,7
70601,162,147,15,15
70602,91,86,5,5
70603,88,84,4,4
70604,117,121,-4,4
70605,52,49,3,3
70606,57,52,5,5
70607,106,82,24,24
70608,77,78,-1,1
70609,58,56,2,2
70610,85,73,12,12
70611,110,95,15,15
70612,74,72,2,2
70613,97,83,14,14
70614,58,57,1,1
70615,92,89,3,3
70616,97,89,8,8
70617,73,63,10,10
70618,89,84,5,5
70619,108,93,15,15
70620,129,113,16,16
70621,83,73,10,10
70622,97,82,15,15
70623,88,78,10,10
70624,88,75,13,13
70625,74,71,3,3
70626,103,97,6,6
70627,93,77,16,16
70628,39,38,1,1
70629,168,149,19,19
70630,102,82,20,20
70631,77,79,-2,2
70632,209,203,6,6
70633,88,78,10,10
70634,88,83,5,5
70635,95,94,1,1
70636,113,97,16,16
70637,109,103,6,6
70638,93,86,7,7
70639,167,143,24,24
70640,55,68,-13,13
70641,115,103,12,12
70642,101,96,5,5
70643,52,56,-4,4
70644,155,144,11,11
70645,47,48,-1,1
70646,123,117,6,6
70647,71,62,9,9
70648,109,103,6,6
70649,63,62,1,1
70650,132,137,-5,5
70651,74,70,4,4
70652,89,92,-3,3
70653,131,118,13,13
70654,71,67,4,4
70655,100,76,24,24
70656,76,80,-4,4
70657,67,63,4,4
70658,121,100,21,21
70659,45,51,-6,6
70660,79,63,16,16
70661,145,134,11,11
70662,242,195,47,47
70663,64,62,2,2
70664,146,125,21,21
70665,80,73,7,7
70666,135,130,5,5
70667,94,83,11,11
70668,88,72,16,16
70669,119,110,9,9
70670,129,111,18,18
70671,86,77,9,9
70672,60,48,12,12
70673,148,145,3,3
70674,43,50,-7,7
70675,41,40,1,1
70676,272,230,42,42
70677,116,89,27,27
70678,86,76,10,10
70679,69,67,2,2
70680,51,47,4,4
70681,80,72,8,8
70682,83,73,10,10
70683,108,96,12,12
70684,66,59,7,7
70685,178,168,10,10
70686,138,127,11,11
70687,124,101,23,23
70688,58,49,9,9
70689,93,86,7,7
70690,135,115,20,20
70691,98,77,21,21
70692,91,76,15,15
70693,83,71,12,12
70694,192,173,19,19
70695,119,95,24,24
70696,44,45,-1,1
70697,83,80,3,3
70698,75,70,5,5
70699,216,200,16,16
70700,178,160,18,18
70701,81,76,5,5
70702,56,61,-5,5
70703,85,78,7,7
70704,87,75,12,12
70705,77,67,10,10
70706,73,69,4,4
70707,122,112,10,10
70708,169,140,29,29
70709,155,132,23,23
70710,111,100,11,11
70711,37,37,0,0
70712,116,110,6,6
70713,107,97,10,10
70714,63,61,2,2
70715,97,84,13,13
70716,108,85,23,23
70717,94,89,5,5
70718,56,54,2,2
70719,49,42,7,7
70720,87,83,4,4
70721,110,101,9,9
70722,89,84,5,5
70723,87,73,14,14
70724,127,117,10,10
70725,82,77,5,5
70726,58,50,8,8
70727,69,66,3,3
70728,66,55,11,11
70729,62,72,-10,10
70730,80,77,3,3
70731,62,57,5,5
70732,46,44,2,2
70733,48,63,-15,15
70734,77,64,13,13
70735,99,106,-7,7
70736,98,92,6,6
70737,87,81,6,6
70738,63,63,0,0
70739,114,109,5,5
70740,121,121,0,0
70741,70,69,1,1
70742,118,98,20,20
70743,116,109,7,7
70744,89,86,3,3
70745,100,89,11,11
70746,249,234,15,15
70747,202,172,30,30
70748,152,138,14,14
70749,140,123,17,17
70750,162,139,23,23
70751,90,80,10,10
70752,132,110,22,22
70753,79,64,15,15
70754,73,64,9,9
70755,115,96,19,19
70756,188,165,23,23
70757,72,67,5,5
70758,112,104,8,8
70759,131,116,15,15
70760,128,120,8,8
70761,125,114,11,11
70762,133,116,17,17
70763,159,139,20,20
70764,96,87,9,9
70765,85,78,7,7
70766,103,92,11,11
70767,74,66,8,8
70768,139,126,13,13
70769,114,102,12,12
70770,35,34,1,1
70771,56,55,1,1
70772,85,82,3,3
70773,111,89,22,22
70774,107,100,7,7
70775,138,128,10,10
70776,79,67,12,12
70777,89,82,7,7
70778,97,80,17,17
70779,88,75,13,13
70780,77,74,3,3
70781,83,70,13,13
70782,138,125,13,13
70783,109,100,9,9
70784,58,59,-1,1
70785,65,63,2,2
70786,97,93,4,4
70787,95,89,6,6
70788,93,82,11,11
70789,80,78,2,2
70790,88,74,14,14
70791,104,99,5,5
70792,72,69,3,3
70793,75,63,12,12
70794,88,80,8,8
70795,104,105,-1,1
70796,70,64,6,6
70797,83,80,3,3
70798,108,91,17,17
70799,84,73,11,11
70800,91,90,1,1
70801,115,106,9,9
70802,80,78,2,2
70803,122,118,4,4
70804,116,105,11,11
70805,119,104,15,15
70806,105,94,11,11
70807,80,78,2,2
70808,63,73,-10,10
70809,108,106,2,2
70810,73,66,7,7
70811,116,106,10,10
70812,101,82,19,19
70813,78,72,6,6
70814,137,131,6,6
70815,94,91,3,3
70816,63,55,8,8
70817,122,124,-2,2
70818,145,128,17,17
70819,110,93,17,17
70820,86,75,11,11
70821,160,144,16,16
70822,149,131,18,18
70823,93,80,13,13
70824,77,64,13,13
70825,43,45,-2,2
70826,85,83,2,2
70827,85,70,15,15
70828,71,64,7,7
70829,68,67,1,1
70830,85,80,5,5
70831,74,77,-3,3
70832,152,152,0,0
70833,161,136,25,25
70834,130,124,6,6
70835,83,70,13,13
70836,102,95,7,7
70837,96,97,-1,1
70838,111,105,6,6
70839,41,39,2,2
70840,54,53,1,1
70841,119,104,15,15
70842,89,70,19,19
70843,105,86,19,19
70844,163,144,19,19
70845,102,92,10,10
70846,90,81,9,9
70847,52,63,-11,11
70848,61,57,4,4
70849,84,89,-5,5
70850,87,85,2,2
70851,56,62,-6,6
70852,86,89,-3,3
70853,153,135,18,18
70854,130,113,17,17
70855,171,150,21,21
70856,81,72,9,9
70857,76,68,8,8
70858,82,84,-2,2
70859,114,111,3,3
70860,103,98,5,5
70861,98,89,9,9
70862,130,120,10,10
70863,145,118,27,27
70864,66,71,-5,5
70865,136,107,29,29
70866,96,101,-5,5
70867,35,39,-4,4
70868,77,70,7,7
70869,108,90,18,18
70870,91,95,-4,4
70871,68,66,2,2
70872,114,107,7,7
70873,38,39,-1,1
70874,123,94,29,29
70875,81,74,7,7
70876,96,82,14,14
70877,89,77,12,12
70878,129,137,-8,8
70879,93,82,11,11
70880,57,54,3,3
70881,81,70,11,11
70882,137,117,20,20
70883,83,71,12,12
70884,97,85,12,12
70885,100,90,10,10
70886,83,77,6,6
70887,94,79,15,15
70888,87,90,-3,3
70889,154,136,18,18
70890,126,102,24,24
70891,74,67,7,7
70892,87,85,2,2
70893,62,65,-3,3
70894,61,56,5,5
70895,94,76,18,18
70896,91,77,14,14
70897,67,62,5,5
70898,87,74,13,13
70899,58,61,-3,3
70900,126,110,16,16
70901,102,89,13,13
70902,97,92,5,5
70903,60,54,6,6
70904,84,78,6,6
70905,168,124,44,44
70906,89,81,8,8
70907,60,52,8,8
70908,99,93,6,6
70909,119,101,18,18
70910,90,82,8,8
70911,150,138,12,12
70912,95,90,5,5
70913,79,71,8,8
70914,45,41,4,4
70915,101,89,12,12
70916,123,109,14,14
70917,145,134,11,11
70918,56,53,3,3
70919,83,78,5,5
70920,48,42,6,6
70921,65,59,6,6
70922,102,98,4,4
70923,75,66,9,9
70924,194,198,-4,4
70925,55,55,0,0
70926,61,55,6,6
70927,97,85,12,12
70928,123,117,6,6
70929,47,45,2,2
70930,99,107,-8,8
70931,88,78,10,10
70932,65,57,8,8
70933,71,65,6,6
70934,140,124,16,16
70935,113,100,13,13
70936,70,63,7,7
70937,123,114,9,9
70938,113,92,21,21
70939,170,141,29,29
70940,101,95,6,6
70941,113,97,16,16
70942,102,85,17,17
70943,74,71,3,3
70944,73,73,0,0
70945,90,87,3,3
70946,62,52,10,10
70947,104,112,-8,8
70948,119,107,12,12
70949,71,62,9,9
70950,129,128,1,1
70951,48,48,0,0
70952,149,146,3,3
70953,63,58,5,5
70954,115,104,11,11
70955,110,105,5,5
70956,93,107,-14,14
70957,100,92,8,8
70958,90,85,5,5
70959,46,50,-4,4
70960,126,110,16,16
70961,99,90,9,9
70962,65,57,8,8
70963,77,69,8,8
70964,70,59,11,11
70965,82,84,-2,2
70966,91,83,8,8
70967,142,121,21,21
70968,73,64,9,9
70969,146,128,18,18
70970,106,97,9,9
70971,185,171,14,14
70972,72,64,8,8
70973,119,99,20,20
70974,56,56,0,0
70975,110,96,14,14
70976,94,82,12,12
70977,79,80,-1,1
70978,50,44,6,6
70979,86,77,9,9
70980,73,64,9,9
70981,81,72,9,9
70982,68,69,-1,1
70983,69,67,2,2
70984,135,112,23,23
70985,162,140,22,22
70986,107,97,10,10
70987,74,65,9,9
70988,61,59,2,2
70989,101,84,17,17
70990,70,61,9,9
70991,101,112,-11,11
70992,61,60,1,1
70993,103,92,11,11
70994,47,99,-52,52
70995,87,78,9,9
70996,73,71,2,2
70997,100,82,18,18
70998,97,80,17,17
70999,75,71,4,4
71000,77,69,8,8
71001,59,52,7,7
71002,136,126,10,10
71003,44,40,4,4
71004,149,128,21,21
71005,85,81,4,4
71006,132,122,10,10
71007,54,50,4,4
71008,98,83,15,15
71009,102,99,3,3
71010,122,109,13,13
71011,70,62,8,8
71012,121,116,5,5
71013,86,79,7,7
71014,99,88,11,11
71015,71,62,9,9
71016,113,101,12,12
71017,100,91,9,9
71018,61,57,4,4
71019,69,65,4,4
71020,103,103,0,0
71021,122,127,-5,5
71022,90,76,14,14
71023,113,93,20,20
71024,99,98,1,1
71025,100,83,17,17
71026,77,74,3,3
71027,84,73,11,11
71028,101,87,14,14
71029,86,77,9,9
71030,43,48,-5,5
71031,73,70,3,3
71032,128,113,15,15
71033,81,63,18,18
71034,67,53,14,14
71035,137,120,17,17
71036,77,70,7,7
71037,52,53,-1,1
71038,103,101,2,2
71039,107,95,12,12
71040,101,86,15,15
71041,80,72,8,8
71042,114,105,9,9
71043,112,107,5,5
71044,118,97,21,21
71045,110,99,11,11
71046,88,76,12,12
71047,63,80,-17,17
71048,125,105,20,20
71049,126,106,20,20
71050,68,73,-5,5
71051,59,60,-1,1
71052,69,65,4,4
71053,90,74,16,16
71054,108,104,4,4
71055,80,76,4,4
71056,63,59,4,4
71057,52,49,3,3
71058,72,71,1,1
71059,76,72,4,4
71060,92,82,10,10
71061,133,147,-14,14
71062,65,64,1,1
71063,69,62,7,7
71064,121,102,19,19
71065,92,81,11,11
71066,67,61,6,6
71067,134,116,18,18
71068,81,69,12,12
71069,68,74,-6,6
71070,67,61,6,6
71071,52,49,3,3
71072,107,98,9,9
71073,120,104,16,16
71074,133,124,9,9
71075,150,128,22,22
71076,124,127,-3,3
71077,86,79,7,7
71078,29,29,0,0
71079,170,143,27,27
71080,88,77,11,11
71081,158,140,18,18
71082,58,53,5,5
71083,129,113,16,16
71084,94,86,8,8
71085,116,107,9,9
71086,159,143,16,16
71087,86,75,11,11
71088,174,163,11,11
71089,104,86,18,18
71090,90,73,17,17
71091,101,89,12,12
71092,107,96,11,11
71093,133,105,28,28
71094,70,61,9,9
71095,100,90,10,10
71096,174,160,14,14
71097,41,42,-1,1
71098,85,78,7,7
71099,76,66,10,10
71100,73,68,5,5
71101,131,119,12,12
71102,83,74,9,9
71103,88,86,2,2
71104,128,117,11,11
71105,86,81,5,5
71106,163,148,15,15
71107,104,96,8,8
71108,50,46,4,4
71109,114,86,28,28
71110,108,101,7,7
71111,72,67,5,5
71112,63,60,3,3
71113,51,48,3,3
71114,94,86,8,8
71115,76,64,12,12
71116,39,35,4,4
71117,100,87,13,13
71118,64,57,7,7
71119,87,77,10,10
71120,112,99,13,13
71121,105,99,6,6
71122,84,80,4,4
71123,135,122,13,13
71124,66,58,8,8
71125,164,151,13,13
71126,53,53,0,0
71127,131,112,19,19
71128,97,87,10,10
71129,44,49,-5,5
71130,85,78,7,7
71131,58,47,11,11
71132,105,99,6,6
71133,51,47,4,4
71134,67,64,3,3
71135,82,80,2,2
71136,100,86,14,14
71137,154,128,26,26
71138,89,87,2,2
71139,88,74,14,14
71140,104,85,19,19
71141,82,65,17,17
71142,97,83,14,14
71143,87,93,-6,6
71144,71,58,13,13
71145,87,86,1,1
71146,71,68,3,3
71147,168,149,19,19
71148,124,107,17,17
71149,75,63,12,12
71150,137,102,35,35
71151,131,116,15,15
71152,161,153,8,8
71153,80,71,9,9
71154,109,98,11,11
71155,65,59,6,6
71156,152,142,10,10
71157,120,105,15,15
71158,116,109,7,7
71159,82,91,-9,9
71160,214,182,32,32
71161,75,67,8,8
71162,95,79,16,16
71163,120,102,18,18
71164,126,115,11,11
71165,112,98,14,14
71166,115,116,-1,1
71167,94,81,13,13
71168,84,80,4,4
71169,99,92,7,7
71170,69,62,7,7
71171,62,56,6,6
71172,106,98,8,8
71173,110,93,17,17
71174,78,73,5,5
71175,161,176,-15,15
71176,140,96,44,44
71177,83,90,-7,7
71178,110,94,16,16
71179,50,50,0,0
71180,160,136,24,24
71181,93,76,17,17
71182,161,148,13,13
71183,37,37,0,0
71184,58,45,13,13
71185,109,110,-1,1
71186,99,95,4,4
71187,124,135,-11,11
71188,65,55,10,10
71189,113,98,15,15
71190,114,114,0,0
71191,127,109,18,18
71192,99,83,16,16
71193,83,72,11,11
71194,74,74,0,0
71195,112,108,4,4
71196,76,70,6,6
71197,86,75,11,11
71198,59,61,-2,2
71199,185,149,36,36
71200,113,85,28,28
71201,90,81,9,9
71202,60,60,0,0
71203,136,109,27,27
71204,94,87,7,7
71205,100,85,15,15
71206,93,81,12,12
71207,80,74,6,6
71208,138,112,26,26
71209,123,109,14,14
71210,84,73,11,11
71211,96,95,1,1
71212,123,111,12,12
71213,46,80,-34,34
71214,54,49,5,5
71215,135,123,12,12
71216,135,109,26,26
71217,79,76,3,3
71218,127,110,17,17
71219,75,72,3,3
71220,43,53,-10,10
71221,107,81,26,26
71222,86,71,15,15
71223,114,111,3,3
71224,56,52,4,4
71225,80,72,8,8
71226,86,73,13,13
71227,62,54,8,8
71228,78,63,15,15
71229,158,148,10,10
71230,96,104,-8,8
71231,88,80,8,8
71232,62,54,8,8
71233,116,99,17,17
71234,103,100,3,3
71235,108,108,0,0
71236,96,85,11,11
71237,65,60,5,5
71238,64,62,2,2
71239,136,116,20,20
71240,92,89,3,3
71241,66,52,14,14
71242,106,97,9,9
71243,168,142,26,26
71244,91,82,9,9
71245,90,87,3,3
71246,83,72,11,11
71247,198,177,21,21
71248,98,92,6,6
71249,116,90,26,26
71250,77,75,2,2
71251,95,84,11,11
71252,113,102,11,11
71253,102,92,10,10
71254,54,50,4,4
71255,138,130,8,8
71256,76,68,8,8
71257,58,52,6,6
71258,74,66,8,8
71259,93,87,6,6
71260,56,68,-12,12
71261,139,132,7,7
71262,169,158,11,11
71263,131,120,11,11
71264,64,46,18,18
71265,89,85,4,4
71266,111,92,19,19
71267,149,134,15,15
71268,86,72,14,14
71269,67,83,-16,16
71270,54,49,5,5
71271,47,48,-1,1
71272,43,46,-3,3
71273,90,85,5,5
71274,139,117,22,22
71275,62,58,4,4
71276,67,67,0,0
71277,75,72,3,3
71278,87,76,11,11
71279,82,72,10,10
71280,41,41,0,0
71281,86,80,6,6
71282,151,128,23,23
71283,87,75,12,12
71284,107,98,9,9
71285,67,61,6,6
71286,90,93,-3,3
71287,133,118,15,15
71288,42,42,0,0
71289,124,107,17,17
71290,66,61,5,5
71291,74,68,6,6
71292,54,47,7,7
71293,123,111,12,12
71294,137,125,12,12
71295,67,58,9,9
71296,113,107,6,6
71297,103,86,17,17
71298,161,136,25,25
71299,114,96,18,18
71300,112,95,17,17
71301,103,94,9,9
71302,112,105,7,7
71303,123,120,3,3
71304,65,61,4,4
71305,97,81,16,16
71306,68,57,11,11
71307,69,65,4,4
71308,69,57,12,12
71309,143,125,18,18
71310,107,98,9,9
71311,59,71,-12,12
71312,125,108,17,17
71313,57,57,0,0
71314,108,102,6,6
71315,86,80,6,6
71316,98,85,13,13
71317,82,74,8,8
71318,87,110,-23,23
71319,65,62,3,3
71320,96,85,11,11
71321,60,52,8,8
71322,77,72,5,5
71323,81,73,8,8
71324,147,130,17,17
71325,75,61,14,14
71326,75,66,9,9
71327,85,86,-1,1
71328,94,84,10,10
71329,158,142,16,16
71330,103,77,26,26
71331,125,106,19,19
71332,119,133,-14,14
71333,109,101,8,8
71334,64,55,9,9
71335,74,71,3,3
71336,33,33,0,0
71337,104,91,13,13
71338,73,70,3,3
71339,148,117,31,31
71340,57,58,-1,1
71341,62,52,10,10
71342,143,127,16,16
71343,96,100,-4,4
71344,61,58,3,3
71345,126,116,10,10
71346,66,77,-11,11
71347,97,96,1,1
71348,58,55,3,3
71349,85,79,6,6
71350,207,163,44,44
71351,114,100,14,14
71352,105,95,10,10
71353,92,84,8,8
71354,80,72,8,8
71355,97,88,9,9
71356,93,82,11,11
71357,55,49,6,6
71358,89,76,13,13
71359,116,105,11,11
71360,98,89,9,9
71361,79,64,15,15
71362,127,117,10,10
71363,112,97,15,15
71364,131,105,26,26
71365,92,88,4,4
71366,81,75,6,6
71367,236,206,30,30
71368,110,114,-4,4
71369,66,65,1,1
71370,100,97,3,3
71371,98,92,6,6
71372,118,97,21,21
71373,91,87,4,4
71374,162,135,27,27
71375,77,67,10,10
71376,67,64,3,3
71377,131,119,12,12
71378,103,97,6,6
71379,57,55,2,2
71380,93,75,18,18
71381,72,76,-4,4
71382,67,51,16,16
71383,49,55,-6,6
71384,72,64,8,8
71385,56,50,6,6
71386,154,161,-7,7
71387,72,71,1,1
71388,44,46,-2,2
71389,97,89,8,8
71390,173,131,42,42
71391,151,134,17,17
71392,92,80,12,12
71393,41,56,-15,15
71394,101,97,4,4
71395,151,123,28,28
71396,112,94,18,18
71397,82,76,6,6
71398,147,127,20,20
71399,104,82,22,22
71400,156,135,21,21
71401,69,61,8,8
71402,88,87,1,1
71403,49,50,-1,1
71404,72,69,3,3
71405,87,76,11,11
71406,83,70,13,13
71407,78,64,14,14
71408,109,101,8,8
71409,118,118,0,0
71410,146,180,-34,34
71411,95,83,12,12
71412,139,121,18,18
71413,112,111,1,1
71414,74,73,1,1
71415,101,98,3,3
71416,69,62,7,7
71417,60,49,11,11
71418,52,46,6,6
71419,70,63,7,7
71420,52,44,8,8
71421,93,87,6,6
71422,75,69,6,6
71423,50,51,-1,1
71424,64,60,4,4
71425,167,134,33,33
71426,59,57,2,2
71427,117,108,9,9
71428,97,88,9,9
71429,93,87,6,6
71430,70,69,1,1
71431,91,75,16,16
71432,52,49,3,3
71433,97,92,5,5
71434,66,51,15,15
71435,91,81,10,10
71436,72,103,-31,31
71437,113,98,15,15
71438,91,81,10,10
71439,50,56,-6,6
71440,85,90,-5,5
71441,167,151,16,16
71442,78,71,7,7
71443,149,131,18,18
71444,102,89,13,13
71445,116,103,13,13
71446,69,71,-2,2
71447,63,60,3,3
71448,108,105,3,3
71449,81,72,9,9
71450,82,75,7,7
71451,113,105,8,8
71452,83,78,5,5
71453,97,81,16,16
71454,78,86,-8,8
71455,102,94,8,8
71456,109,106,3,3
71457,64,66,-2,2
71458,98,88,10,10
71459,156,128,28,28
71460,126,116,10,10
71461,90,82,8,8
71462,122,111,11,11
71463,67,64,3,3
71464,60,53,7,7
71465,60,59,1,1
71466,73,64,9,9
71467,135,129,6,6
71468,116,103,13,13
71469,92,79,13,13
71470,116,107,9,9
71471,76,65,11,11
71472,137,120,17,17
71473,38,47,-9,9
71474,212,178,34,34
71475,115,103,12,12
71476,170,147,23,23
71477,140,146,-6,6
71478,194,154,40,40
71479,119,108,11,11
71480,46,46,0,0
71481,67,60,7,7
71482,114,100,14,14
71483,107,114,-7,7
71484,83,91,-8,8
71485,103,87,16,16
71486,75,75,0,0
71487,117,124,-7,7
71488,59,52,7,7
71489,68,82,-14,14
71490,117,109,8,8
71491,142,123,19,19
71492,50,43,7,7
71493,72,68,4,4
71494,114,118,-4,4
71495,161,149,12,12
71496,104,93,11,11
71497,241,202,39,39
71498,72,66,6,6
71499,89,83,6,6
71500,76,71,5,5
71501,97,89,8,8
71502,93,77,16,16
71503,73,58,15,15
71504,67,52,15,15
71505,89,83,6,6
71506,91,83,8,8
71507,112,102,10,10
71508,156,144,12,12
71509,59,55,4,4
71510,71,71,0,0
71511,35,32,3,3
71512,60,54,6,6
71513,151,146,5,5
71514,83,76,7,7
71515,114,108,6,6
71516,66,55,11,11
71517,68,69,-1,1
71518,128,116,12,12
71519,168,132,36,36
71520,84,74,10,10
71521,87,80,7,7
71522,94,85,9,9
71523,44,48,-4,4
71524,93,88,5,5
71525,135,116,19,19
71526,80,70,10,10
71527,105,89,16,16
71528,86,82,4,4
71529,115,105,10,10
71530,183,156,27,27
71531,120,105,15,15
71532,25,24,1,1
71533,53,50,3,3
71534,131,104,27,27
71535,164,143,21,21
71536,74,70,4,4
71537,125,108,17,17
71538,91,88,3,3
71539,106,86,20,20
71540,95,83,12,12
71541,75,64,11,11
71542,114,99,15,15
71543,70,58,12,12
71544,89,73,16,16
71545,37,26,11,11
71546,90,77,13,13
71547,60,50,10,10
71548,106,101,5,5
71549,59,60,-1,1
71550,114,112,2,2
71551,69,63,6,6
71552,96,91,5,5
71553,90,65,25,25
71554,132,130,2,2
71555,117,109,8,8
71556,78,72,6,6
71557,63,64,-1,1
71558,96,95,1,1
71559,132,99,33,33
71560,83,72,11,11
71561,114,101,13,13
71562,109,93,16,16
71563,97,80,17,17
71564,81,75,6,6
71565,95,85,10,10
71566,82,78,4,4
71567,127,123,4,4
71568,108,98,10,10
71569,91,92,-1,1
71570,87,78,9,9
71571,92,81,11,11
71572,165,148,17,17
71573,85,77,8,8
71574,50,53,-3,3
71575,62,54,8,8
71576,97,92,5,5
71577,87,83,4,4
71578,66,55,11,11
71579,76,67,9,9
71580,75,71,4,4
71581,172,154,18,18
71582,45,45,0,0
71583,86,82,4,4
71584,73,72,1,1
71585,189,154,35,35
71586,65,60,5,5
71587,76,69,7,7
71588,95,86,9,9
71589,95,79,16,16
71590,87,81,6,6
71591,108,99,9,9
71592,91,74,17,17
71593,69,68,1,1
71594,141,138,3,3
71595,75,70,5,5
71596,82,79,3,3
71597,55,51,4,4
71598,55,60,-5,5
71599,121,108,13,13
71600,55,44,11,11
71601,131,108,23,23
71602,111,94,17,17
71603,52,55,-3,3
71604,141,120,21,21
71605,82,71,11,11
71606,49,47,2,2
71607,67,71,-4,4
71608,65,57,8,8
71609,116,112,4,4
71610,112,104,8,8
71611,117,103,14,14
71612,137,123,14,14
71613,95,92,3,3
71614,59,57,2,2
71615,84,83,1,1
71616,89,71,18,18
71617,137,123,14,14
71618,194,155,39,39
71619,144,123,21,21
71620,106,89,17,17
71621,122,101,21,21
71622,67,67,0,0
71623,104,98,6,6
71624,114,100,14,14
71625,84,82,2,2
71626,49,60,-11,11
71627,232,179,53,53
71628,79,67,12,12
71629,101,92,9,9
71630,105,97,8,8
71631,104,95,9,9
71632,221,176,45,45
71633,124,99,25,25
71634,154,134,20,20
71635,110,96,14,14
71636,75,70,5,5
71637,175,153,22,22
71638,162,152,10,10
71639,169,139,30,30
71640,82,89,-7,7
71641,69,63,6,6
71642,63,60,3,3
71643,101,97,4,4
71644,59,54,5,5
71645,123,116,7,7
71646,105,101,4,4
71647,99,84,15,15
71648,58,60,-2,2
71649,103,90,13,13
71650,77,79,-2,2
71651,64,55,9,9
71652,49,46,3,3
71653,96,84,12,12
71654,78,67,11,11
71655,124,121,3,3
71656,66,81,-15,15
71657,163,141,22,22
71658,140,143,-3,3
71659,77,72,5,5
71660,55,57,-2,2
71661,64,53,11,11
71662,73,68,5,5
71663,86,80,6,6
71664,87,79,8,8
71665,80,77,3,3
71666,74,73,1,1
71667,69,56,13,13
71668,118,108,10,10
71669,74,74,0,0
71670,162,147,15,15
71671,63,61,2,2
71672,88,80,8,8
71673,105,95,10,10
71674,70,54,16,16
71675,86,86,0,0
71676,82,73,9,9
71677,181,167,14,14
71678,60,55,5,5
71679,139,129,10,10
71680,45,36,9,9
71681,84,76,8,8
71682,87,74,13,13
71683,94,77,17,17
71684,94,86,8,8
71685,102,114,-12,12
71686,82,73,9,9
71687,102,81,21,21
71688,51,46,5,5
71689,91,78,13,13
71690,92,83,9,9
71691,119,110,9,9
71692,98,94,4,4
71693,92,80,12,12
71694,144,128,16,16
71695,117,112,5,5
71696,61,52,9,9
71697,55,45,10,10
71698,89,77,12,12
71699,83,78,5,5
71700,122,98,24,24
71701,101,95,6,6
71702,71,68,3,3
71703,183,172,11,11
71704,79,74,5,5
71705,68,73,-5,5
71706,124,112,12,12
71707,96,82,14,14
71708,82,73,9,9
71709,99,100,-1,1
71710,145,115,30,30
71711,143,130,13,13
71712,131,123,8,8
71713,83,73,10,10
71714,118,123,-5,5
71715,65,62,3,3
71716,52,53,-1,1
71717,78,68,10,10
71718,76,70,6,6
71719,142,122,20,20
71720,90,78,12,12
71721,64,58,6,6
71722,70,65,5,5
71723,81,81,0,0
71724,155,137,18,18
71725,94,103,-9,9
71726,64,59,5,5
71727,83,71,12,12
71728,112,98,14,14
71729,112,87,25,25
71730,132,118,14,14
71731,84,70,14,14
71732,63,62,1,1
71733,78,77,1,1
71734,143,125,18,18
71735,71,67,4,4
71736,94,83,11,11
71737,75,67,8,8
71738,54,58,-4,4
71739,81,65,16,16
71740,72,69,3,3
71741,95,84,11,11
71742,136,119,17,17
71743,89,77,12,12
71744,66,60,6,6
71745,95,82,13,13
71746,85,76,9,9
71747,114,106,8,8
71748,70,60,10,10
71749,70,70,0,0
71750,115,107,8,8
71751,139,130,9,9
71752,104,90,14,14
71753,65,61,4,4
71754,145,125,20,20
71755,108,97,11,11
71756,81,74,7,7
71757,85,64,21,21
71758,59,60,-1,1
71759,146,139,7,7
71760,89,93,-4,4
71761,94,86,8,8
71762,82,74,8,8
71763,58,59,-1,1
71764,78,71,7,7
71765,92,74,18,18
71766,65,57,8,8
71767,100,87,13,13
71768,126,113,13,13
71769,115,98,17,17
71770,64,55,9,9
71771,67,66,1,1
71772,114,93,21,21
71773,73,66,7,7
71774,86,75,11,11
71775,92,75,17,17
71776,393,336,57,57
71777,121,127,-6,6
71778,77,77,0,0
71779,106,86,20,20
71780,81,73,8,8
71781,99,76,23,23
71782,150,138,12,12
71783,98,88,10,10
71784,107,100,7,7
71785,59,48,11,11
71786,53,40,13,13
71787,99,86,13,13
71788,138,124,14,14
71789,58,59,-1,1
71790,85,73,12,12
71791,129,113,16,16
71792,60,51,9,9
71793,67,57,10,10
71794,107,92,15,15
71795,42,46,-4,4
71796,73,68,5,5
71797,81,81,0,0
71798,154,121,33,33
71799,84,76,8,8
71800,67,62,5,5
71801,62,53,9,9
71802,93,81,12,12
71803,119,104,15,15
71804,112,98,14,14
71805,146,131,15,15
71806,45,40,5,5
71807,127,110,17,17
71808,87,77,10,10
71809,122,112,10,10
71810,83,70,13,13
71811,116,103,13,13
71812,95,92,3,3
71813,101,95,6,6
71814,132,119,13,13
71815,116,101,15,15
71816,79,65,14,14
71817,94,81,13,13
71818,131,112,19,19
71819,61,52,9,9
71820,66,60,6,6
71821,78,74,4,4
71822,145,138,7,7
71823,166,156,10,10
71824,88,76,12,12
71825,99,85,14,14
71826,85,82,3,3
71827,62,58,4,4
71828,85,81,4,4
71829,103,96,7,7
71830,123,132,-9,9
71831,43,45,-2,2
71832,89,88,1,1
71833,61,58,3,3
71834,65,59,6,6
71835,81,72,9,9
71836,77,65,12,12
71837,118,109,9,9
71838,53,49,4,4
71839,90,72,18,18
71840,101,108,-7,7
71841,88,79,9,9
71842,136,126,10,10
71843,142,127,15,15
71844,79,66,13,13
71845,124,115,9,9
71846,69,61,8,8
71847,55,52,3,3
71848,84,77,7,7
71849,34,32,2,2
71850,86,72,14,14
71851,67,52,15,15
71852,234,206,28,28
71853,175,155,20,20
71854,50,42,8,8
71855,75,63,12,12
71856,61,55,6,6
71857,103,91,12,12
71858,59,54,5,5
71859,83,88,-5,5
71860,50,43,7,7
71861,89,81,8,8
71862,65,67,-2,2
71863,140,118,22,22
71864,158,147,11,11
71865,113,97,16,16
71866,118,114,4,4
71867,172,145,27,27
71868,119,113,6,6
71869,106,98,8,8
71870,146,135,11,11
71871,72,65,7,7
71872,84,76,8,8
71873,78,73,5,5
71874,58,49,9,9
71875,85,68,17,17
71876,137,117,20,20
71877,86,107,-21,21
71878,78,65,13,13
71879,88,86,2,2
71880,108,92,16,16
71881,104,87,17,17
71882,77,80,-3,3
71883,101,93,8,8
71884,109,97,12,12
71885,84,72,12,12
71886,70,61,9,9
71887,134,127,7,7
71888,51,39,12,12
71889,128,116,12,12
71890,103,102,1,1
71891,76,71,5,5
71892,101,100,1,1
71893,92,84,8,8
71894,72,68,4,4
71895,68,68,0,0
71896,84,78,6,6
71897,88,82,6,6
71898,119,116,3,3
71899,56,41,15,15
71900,31,35,-4,4
71901,91,84,7,7
71902,163,147,16,16
71903,124,107,17,17
71904,71,63,8,8
71905,101,90,11,11
71906,112,129,-17,17
71907,103,93,10,10
71908,74,68,6,6
71909,57,55,2,2
71910,137,125,12,12
71911,124,103,21,21
71912,77,82,-5,5
71913,83,73,10,10
71914,66,71,-5,5
71915,110,92,18,18
71916,65,61,4,4
71917,98,93,5,5
71918,87,78,9,9
71919,90,74,16,16
71920,140,125,15,15
71921,116,103,13,13
71922,128,110,18,18
71923,73,64,9,9
71924,155,163,-8,8
71925,96,93,3,3
71926,115,105,10,10
71927,63,59,4,4
71928,57,46,11,11
71929,113,109,4,4
71930,104,85,19,19
71931,53,54,-1,1
71932,62,58,4,4
71933,53,53,0,0
71934,71,66,5,5
71935,76,68,8,8
71936,117,102,15,15
71937,57,54,3,3
71938,79,65,14,14
71939,69,76,-7,7
71940,78,67,11,11
71941,40,57,-17,17
71942,58,66,-8,8
71943,105,91,14,14
71944,87,94,-7,7
71945,118,94,24,24
71946,101,104,-3,3
71947,32,31,1,1
71948,75,68,7,7
71949,112,101,11,11
71950,112,94,18,18
71951,124,121,3,3
71952,68,63,5,5
71953,72,62,10,10
71954,52,48,4,4
71955,84,75,9,9
71956,78,67,11,11
71957,106,82,24,24
71958,126,117,9,9
71959,103,96,7,7
71960,110,86,24,24
71961,91,76,15,15
71962,149,128,21,21
71963,55,49,6,6
71964,113,99,14,14
71965,72,62,10,10
71966,79,76,3,3
71967,125,111,14,14
71968,126,107,19,19
71969,156,150,6,6
71970,69,61,8,8
71971,59,47,12,12
71972,92,101,-9,9
71973,65,58,7,7
71974,94,85,9,9
71975,76,80,-4,4
71976,145,129,16,16
71977,141,129,12,12
71978,71,67,4,4
71979,91,81,10,10
71980,56,57,-1,1
71981,107,102,5,5
71982,73,64,9,9
71983,120,125,-5,5
71984,109,67,42,42
71985,125,109,16,16
71986,80,71,9,9
71987,55,51,4,4
71988,92,87,5,5
71989,125,109,16,16
71990,74,67,7,7
71991,65,67,-2,2
71992,85,79,6,6
71993,41,43,-2,2
71994,73,76,-3,3
71995,133,94,39,39
71996,48,46,2,2
71997,81,73,8,8
71998,109,109,0,0
71999,98,88,10,10
72000,123,113,10,10
72001,103,100,3,3
72002,79,73,6,6
72003,60,57,3,3
72004,93,86,7,7
72005,162,122,40,40
72006,121,104,17,17
72007,113,113,0,0
72008,64,59,5,5
72009,61,60,1,1
72010,110,97,13,13
72011,106,93,13,13
72012,111,95,16,16
72013,72,71,1,1
72014,50,43,7,7
72015,58,46,12,12
72016,112,109,3,3
72017,86,88,-2,2
72018,77,69,8,8
72019,116,104,12,12
72020,77,70,7,7
72021,156,134,22,22
72022,94,88,6,6
72023,152,132,20,20
72024,153,139,14,14
72025,91,84,7,7
72026,114,101,13,13
72027,54,52,2,2
72028,68,58,10,10
72029,108,118,-10,10
72030,144,126,18,18
72031,122,106,16,16
72032,94,90,4,4
72033,100,85,15,15
72034,63,61,2,2
72035,109,95,14,14
72036,92,76,16,16
72037,104,89,15,15
72038,80,63,17,17
72039,83,73,10,10
72040,115,109,6,6
72041,149,140,9,9
72042,111,102,9,9
72043,64,65,-1,1
72044,117,96,21,21
72045,68,63,5,5
72046,98,81,17,17
72047,58,51,7,7
72048,109,92,17,17
72049,84,72,12,12
72050,59,57,2,2
72051,122,99,23,23
72052,67,62,5,5
72053,74,58,16,16
72054,65,64,1,1
72055,95,82,13,13
72056,90,84,6,6
72057,71,65,6,6
72058,46,37,9,9
72059,37,58,-21,21
72060,128,113,15,15
72061,110,97,13,13
72062,98,98,0,0
72063,55,49,6,6
72064,118,101,17,17
72065,28,31,-3,3
72066,164,146,18,18
72067,97,90,7,7
72068,149,122,27,27
72069,100,84,16,16
72070,102,104,-2,2
72071,99,90,9,9
72072,170,136,34,34
72073,124,120,4,4
72074,109,113,-4,4
72075,146,125,21,21
72076,170,162,8,8
72077,85,60,25,25
72078,106,92,14,14
72079,96,89,7,7
72080,105,94,11,11
72081,116,98,18,18
72082,61,58,3,3
72083,114,105,9,9
72084,105,93,12,12
72085,163,156,7,7
72086,50,46,4,4
72087,141,116,25,25
72088,79,77,2,2
72089,129,114,15,15
72090,82,71,11,11
72091,61,58,3,3
72092,69,64,5,5
72093,62,68,-6,6
72094,93,82,11,11
72095,92,89,3,3
72096,91,95,-4,4
72097,45,44,1,1
72098,167,145,22,22
72099,71,64,7,7
72100,43,41,2,2
72101,122,114,8,8
72102,73,60,13,13
72103,99,87,12,12
72104,82,72,10,10
72105,119,99,20,20
72106,135,110,25,25
72107,46,43,3,3
72108,102,87,15,15
72109,66,60,6,6
72110,159,147,12,12
72111,93,80,13,13
72112,93,75,18,18
72113,71,66,5,5
72114,106,81,25,25
72115,99,83,16,16
72116,145,146,-1,1
72117,102,102,0,0
72118,146,133,13,13
72119,129,117,12,12
72120,105,104,1,1
72121,119,101,18,18
72122,49,48,1,1
72123,114,98,16,16
72124,137,126,11,11
72125,84,76,8,8
72126,63,58,5,5
72127,120,102,18,18
72128,63,54,9,9
72129,153,131,22,22
72130,73,72,1,1
72131,110,93,17,17
72132,178,157,21,21
72133,73,90,-17,17
72134,80,68,12,12
72135,98,88,10,10
72136,122,113,9,9
72137,122,110,12,12
72138,95,88,7,7
72139,100,96,4,4
72140,107,99,8,8
72141,86,68,18,18
72142,62,52,10,10
72143,77,71,6,6
72144,49,47,2,2
72145,68,65,3,3
72146,25,26,-1,1
72147,83,73,10,10
72148,54,39,15,15
72149,122,114,8,8
72150,115,107,8,8
72151,92,77,15,15
72152,120,123,-3,3
72153,161,139,22,22
72154,100,87,13,13
72155,127,121,6,6
72156,56,54,2,2
72157,120,107,13,13
72158,319,267,52,52
72159,161,140,21,21
72160,120,97,23,23
72161,119,99,20,20
72162,119,93,26,26
72163,155,126,29,29
72164,90,82,8,8
72165,43,45,-2,2
72166,67,54,13,13
72167,75,62,13,13
72168,86,77,9,9
72169,107,93,14,14
72170,109,100,9,9
72171,105,100,5,5
72172,120,115,5,5
72173,57,50,7,7
72174,81,78,3,3
72175,114,99,15,15
72176,101,88,13,13
72177,104,87,17,17
72178,105,85,20,20
72179,93,87,6,6
72180,117,107,10,10
72181,93,81,12,12
72182,60,56,4,4
72183,81,62,19,19
72184,96,85,11,11
72185,99,92,7,7
72186,88,74,14,14
72187,113,109,4,4
72188,91,92,-1,1
72189,142,124,18,18
72190,95,87,8,8
72191,79,76,3,3
72192,80,84,-4,4
72193,54,49,5,5
72194,124,109,15,15
72195,86,84,2,2
72196,154,123,31,31
72197,77,72,5,5
72198,129,104,25,25
72199,196,158,38,38
72200,78,71,7,7
72201,63,61,2,2
72202,176,149,27,27
72203,102,94,8,8
72204,102,97,5,5
72205,92,80,12,12
72206,145,126,19,19
72207,64,59,5,5
72208,100,84,16,16
72209,96,105,-9,9
72210,96,77,19,19
72211,51,50,1,1
72212,61,67,-6,6
72213,129,116,13,13
72214,196,169,27,27
72215,61,56,5,5
72216,86,74,12,12
72217,69,72,-3,3
72218,121,105,16,16
72219,87,86,1,1
72220,105,87,18,18
72221,67,77,-10,10
72222,71,77,-6,6
72223,165,140,25,25
72224,132,114,18,18
72225,171,152,19,19
72226,81,70,11,11
72227,142,125,17,17
72228,75,69,6,6
72229,102,87,15,15
72230,86,84,2,2
72231,136,117,19,19
72232,63,55,8,8
72233,122,116,6,6
72234,89,84,5,5
72235,97,94,3,3
72236,67,61,6,6
72237,105,91,14,14
72238,64,54,10,10
72239,85,88,-3,3
72240,99,96,3,3
72241,80,59,21,21
72242,115,99,16,16
72243,65,61,4,4
72244,104,82,22,22
72245,115,104,11,11
72246,147,134,13,13
72247,105,94,11,11
72248,141,123,18,18
72249,163,147,16,16
72250,129,110,19,19
72251,90,84,6,6
72252,73,72,1,1
72253,101,86,15,15
72254,103,96,7,7
72255,53,55,-2,2
72256,67,63,4,4
72257,78,72,6,6
72258,75,64,11,11
72259,76,67,9,9
72260,105,97,8,8
72261,103,84,19,19
72262,108,100,8,8
72263,154,126,28,28
72264,84,80,4,4
72265,125,111,14,14
72266,71,64,7,7
72267,84,81,3,3
72268,81,76,5,5
72269,95,87,8,8
72270,249,205,44,44
72271,101,95,6,6
72272,69,67,2,2
72273,109,107,2,2
72274,76,70,6,6
72275,92,88,4,4
72276,56,57,-1,1
72277,85,84,1,1
72278,51,47,4,4
72279,117,95,22,22
72280,74,71,3,3
72281,184,157,27,27
72282,82,80,2,2
72283,93,92,1,1
72284,87,72,15,15
72285,56,50,6,6
72286,65,57,8,8
72287,95,78,17,17
72288,112,107,5,5
72289,110,103,7,7
72290,137,125,12,12
72291,73,67,6,6
72292,128,112,16,16
72293,99,80,19,19
72294,133,117,16,16
72295,109,97,12,12
72296,74,79,-5,5
72297,99,80,19,19
72298,23,34,-11,11
72299,87,88,-1,1
72300,175,153,22,22
72301,71,70,1,1
72302,64,64,0,0
72303,74,76,-2,2
72304,127,115,12,12
72305,136,131,5,5
72306,114,104,10,10
72307,143,127,16,16
72308,115,106,9,9
72309,83,82,1,1
72310,118,108,10,10
72311,64,58,6,6
72312,94,90,4,4
72313,69,55,14,14
72314,142,124,18,18
72315,75,67,8,8
72316,58,51,7,7
72317,19,24,-5,5
72318,83,81,2,2
72319,59,55,4,4
72320,99,91,8,8
72321,69,65,4,4
72322,95,82,13,13
72323,248,189,59,59
72324,129,115,14,14
72325,45,46,-1,1
72326,129,120,9,9
72327,99,85,14,14
72328,98,87,11,11
72329,115,110,5,5
72330,136,128,8,8
72331,111,95,16,16
72332,98,95,3,3
72333,85,84,1,1
72334,141,128,13,13
72335,94,94,0,0
72336,94,85,9,9
72337,112,112,0,0
72338,107,99,8,8
72339,127,115,12,12
72340,113,94,19,19
72341,131,103,28,28
72342,69,67,2,2
72343,51,47,4,4
72344,148,128,20,20
72345,79,63,16,16
72346,108,101,7,7
72347,105,101,4,4
72348,82,93,-11,11
72349,152,150,2,2
72350,77,76,1,1
72351,96,96,0,0
72352,118,123,-5,5
72353,176,162,14,14
72354,161,155,6,6
72355,74,66,8,8
72356,89,85,4,4
72357,126,123,3,3
72358,105,95,10,10
72359,102,94,8,8
72360,74,73,1,1
72361,122,108,14,14
72362,80,74,6,6
72363,75,67,8,8
72364,148,135,13,13
72365,129,114,15,15
72366,68,62,6,6
72367,74,83,-9,9
72368,96,76,20,20
72369,88,77,11,11
72370,53,60,-7,7
72371,79,70,9,9
72372,78,68,10,10
72373,69,67,2,2
72374,134,111,23,23
72375,77,68,9,9
72376,144,117,27,27
72377,102,96,6,6
72378,112,112,0,0
72379,122,105,17,17
72380,87,77,10,10
72381,111,107,4,4
72382,102,88,14,14
72383,73,70,3,3
72384,86,78,8,8
72385,74,66,8,8
72386,132,108,24,24
72387,128,119,9,9
72388,130,115,15,15
72389,62,57,5,5
72390,44,44,0,0
72391,78,72,6,6
72392,95,84,11,11
72393,95,75,20,20
72394,116,106,10,10
72395,80,73,7,7
72396,57,56,1,1
72397,84,89,-5,5
72398,122,102,20,20
72399,115,108,7,7
72400,185,150,35,35
72401,144,111,33,33
72402,54,53,1,1
72403,125,113,12,12
72404,107,104,3,3
72405,140,136,4,4
72406,59,53,6,6
72407,64,61,3,3
72408,83,76,7,7
72409,56,50,6,6
72410,79,63,16,16
72411,58,51,7,7
72412,92,87,5,5
72413,138,125,13,13
72414,110,96,14,14
72415,197,162,35,35
72416,102,91,11,11
72417,75,66,9,9
72418,127,111,16,16
72419,95,91,4,4
72420,64,54,10,10
72421,68,68,0,0
72422,174,158,16,16
72423,61,55,6,6
72424,74,62,12,12
72425,106,98,8,8
72426,60,59,1,1
72427,73,77,-4,4
72428,92,82,10,10
72429,189,150,39,39
72430,99,85,14,14
72431,147,132,15,15
72432,120,107,13,13
72433,75,72,3,3
72434,57,51,6,6
72435,56,50,6,6
72436,73,64,9,9
72437,67,60,7,7
72438,176,148,28,28
72439,131,119,12,12
72440,101,92,9,9
72441,77,65,12,12
72442,90,104,-14,14
72443,106,102,4,4
72444,120,110,10,10
72445,82,70,12,12
72446,117,106,11,11
72447,57,68,-11,11
72448,57,62,-5,5
72449,104,92,12,12
72450,85,74,11,11
72451,112,108,4,4
72452,89,83,6,6
72453,88,94,-6,6
72454,87,70,17,17
72455,103,111,-8,8
72456,151,128,23,23
72457,92,89,3,3
72458,98,82,16,16
72459,63,66,-3,3
72460,88,84,4,4
72461,85,75,10,10
72462,29,30,-1,1
72463,88,89,-1,1
72464,105,104,1,1
72465,108,97,11,11
72466,69,60,9,9
72467,100,90,10,10
72468,67,66,1,1
72469,78,61,17,17
72470,97,93,4,4
72471,84,67,17,17
72472,57,59,-2,2
72473,124,106,18,18
72474,117,103,14,14
72475,101,85,16,16
72476,104,98,6,6
72477,97,98,-1,1
72478,69,61,8,8
72479,105,96,9,9
72480,78,77,1,1
72481,75,64,11,11
72482,67,53,14,14
72483,182,155,27,27
72484,49,52,-3,3
72485,89,84,5,5
72486,72,67,5,5
72487,97,91,6,6
72488,72,64,8,8
72489,66,57,9,9
72490,118,118,0,0
72491,49,48,1,1
72492,87,74,13,13
72493,157,125,32,32
72494,63,60,3,3
72495,69,66,3,3
72496,163,157,6,6
72497,221,201,20,20
72498,60,61,-1,1
72499,97,91,6,6
72500,64,49,15,15
72501,87,91,-4,4
72502,101,93,8,8
72503,96,88,8,8
72504,111,109,2,2
72505,67,62,5,5
72506,112,103,9,9
72507,92,79,13,13
72508,90,90,0,0
72509,127,124,3,3
72510,62,59,3,3
72511,82,80,2,2
72512,131,106,25,25
72513,66,55,11,11
72514,122,117,5,5
72515,80,85,-5,5
72516,83,83,0,0
72517,71,72,-1,1
72518,76,65,11,11
72519,130,128,2,2
72520,72,56,16,16
72521,51,49,2,2
72522,114,110,4,4
72523,62,62,0,0
72524,46,39,7,7
72525,58,60,-2,2
72526,84,83,1,1
72527,69,61,8,8
72528,59,104,-45,45
72529,65,61,4,4
72530,175,163,12,12
72531,135,122,13,13
72532,106,95,11,11
72533,72,75,-3,3
72534,124,111,13,13
72535,126,111,15,15
72536,120,109,11,11
72537,92,83,9,9
72538,68,59,9,9
72539,109,95,14,14
72540,74,79,-5,5
72541,61,58,3,3
72542,96,87,9,9
72543,115,113,2,2
72544,88,85,3,3
72545,112,101,11,11
72546,182,151,31,31
72547,156,137,19,19
72548,156,135,21,21
72549,103,81,22,22
72550,89,78,11,11
72551,114,94,20,20
72552,106,84,22,22
72553,85,70,15,15
72554,107,93,14,14
72555,75,65,10,10
72556,84,79,5,5
72557,120,111,9,9
72558,95,79,16,16
72559,48,43,5,5
72560,65,55,10,10
72561,59,61,-2,2
72562,85,72,13,13
72563,125,111,14,14
72564,89,77,12,12
72565,92,79,13,13
72566,131,125,6,6
72567,83,75,8,8
72568,81,68,13,13
72569,82,68,14,14
72570,66,61,5,5
72571,126,119,7,7
72572,167,142,25,25
72573,103,99,4,4
72574,119,103,16,16
72575,133,120,13,13
72576,138,131,7,7
72577,136,118,18,18
72578,57,53,4,4
72579,111,98,13,13
72580,75,71,4,4
72581,64,59,5,5
72582,111,102,9,9
72583,126,115,11,11
72584,147,127,20,20
72585,188,151,37,37
72586,123,67,56,56
72587,87,88,-1,1
72588,77,70,7,7
72589,82,70,12,12
72590,83,77,6,6
72591,69,73,-4,4
72592,136,130,6,6
72593,53,52,1,1
72594,81,72,9,9
72595,124,116,8,8
72596,111,97,14,14
72597,120,107,13,13
72598,66,68,-2,2
72599,68,62,6,6
72600,147,141,6,6
72601,193,163,30,30
72602,62,56,6,6
72603,113,105,8,8
72604,83,75,8,8
72605,114,113,1,1
72606,138,127,11,11
72607,63,64,-1,1
72608,153,128,25,25
72609,75,74,1,1
72610,104,89,15,15
72611,138,133,5,5
72612,86,70,16,16
72613,85,80,5,5
72614,132,123,9,9
72615,86,76,10,10
72616,60,59,1,1
72617,119,107,12,12
72618,233,194,39,39
72619,125,122,3,3
72620,128,113,15,15
72621,135,126,9,9
72622,92,79,13,13
72623,134,117,17,17
72624,108,96,12,12
72625,154,128,26,26
72626,149,135,14,14
72627,112,96,16,16
72628,117,104,13,13
72629,158,142,16,16
72630,83,74,9,9
72631,92,86,6,6
72632,80,68,12,12
72633,86,81,5,5
72634,23,27,-4,4
72635,90,83,7,7
72636,129,122,7,7
72637,122,107,15,15
72638,49,49,0,0
72639,58,57,1,1
72640,115,98,17,17
72641,92,83,9,9
72642,146,151,-5,5
72643,69,76,-7,7
72644,107,107,0,0
72645,152,133,19,19
72646,106,84,22,22
72647,78,73,5,5
72648,122,103,19,19
72649,97,98,-1,1
72650,62,60,2,2
72651,125,114,11,11
72652,172,149,23,23
72653,73,67,6,6
72654,88,76,12,12
72655,69,67,2,2
72656,72,59,13,13
72657,87,80,7,7
72658,53,48,5,5
72659,65,62,3,3
72660,117,105,12,12
72661,105,100,5,5
72662,168,148,20,20
72663,83,84,-1,1
72664,65,65,0,0
72665,108,94,14,14
72666,45,46,-1,1
72667,123,104,19,19
72668,62,63,-1,1
72669,69,65,4,4
72670,65,61,4,4
72671,88,92,-4,4
72672,70,66,4,4
72673,115,102,13,13
72674,68,59,9,9
72675,109,97,12,12
72676,117,111,6,6
72677,68,67,1,1
72678,93,84,9,9
72679,76,66,10,10
72680,147,125,22,22
72681,124,109,15,15
72682,146,132,14,14
72683,104,104,0,0
72684,85,81,4,4
72685,107,84,23,23
72686,131,107,24,24
72687,71,62,9,9
72688,78,66,12,12
72689,69,65,4,4
72690,124,119,5,5
72691,101,85,16,16
72692,64,54,10,10
72693,69,61,8,8
72694,60,62,-2,2
72695,97,85,12,12
72696,78,71,7,7
72697,106,120,-14,14
72698,102,90,12,12
72699,102,90,12,12
72700,135,124,11,11
72701,84,87,-3,3
72702,132,114,18,18
72703,81,70,11,11
72704,55,44,11,11
72705,80,70,10,10
72706,89,93,-4,4
72707,218,352,-134,134
72708,68,57,11,11
72709,136,106,30,30
72710,78,67,11,11
72711,66,62,4,4
72712,115,106,9,9
72713,102,85,17,17
72714,64,60,4,4
72715,32,26,6,6
72716,61,51,10,10
72717,98,90,8,8
72718,87,67,20,20
72719,75,58,17,17
72720,131,111,20,20
72721,82,83,-1,1
72722,102,86,16,16
72723,68,59,9,9
72724,129,115,14,14
72725,147,130,17,17
72726,54,52,2,2
72727,95,85,10,10
72728,181,161,20,20
72729,102,98,4,4
72730,49,49,0,0
72731,100,83,17,17
72732,72,69,3,3
72733,137,138,-1,1
72734,57,51,6,6
72735,85,73,12,12
72736,69,64,5,5
72737,44,35,9,9
72738,102,92,10,10
72739,140,130,10,10
72740,59,59,0,0
72741,59,59,0,0
72742,67,60,7,7
72743,96,89,7,7
72744,54,38,16,16
72745,81,71,10,10
72746,154,135,19,19
72747,134,130,4,4
72748,100,74,26,26
72749,104,89,15,15
72750,92,92,0,0
72751,63,58,5,5
72752,115,90,25,25
72753,55,52,3,3
72754,163,141,22,22
72755,122,114,8,8
72756,106,91,15,15
72757,90,88,2,2
72758,97,89,8,8
72759,69,67,2,2
72760,86,77,9,9
72761,87,79,8,8
72762,134,110,24,24
72763,83,81,2,2
72764,96,91,5,5
72765,75,64,11,11
72766,91,76,15,15
72767,74,64,10,10
72768,105,96,9,9
72769,109,96,13,13
72770,50,61,-11,11
72771,83,69,14,14
72772,101,90,11,11
72773,98,95,3,3
72774,78,71,7,7
72775,115,95,20,20
72776,151,133,18,18
72777,50,41,9,9
72778,111,106,5,5
72779,75,77,-2,2
72780,191,166,25,25
72781,82,72,10,10
72782,133,115,18,18
72783,131,118,13,13
72784,69,62,7,7
72785,112,96,16,16
72786,52,53,-1,1
72787,109,115,-6,6
72788,82,80,2,2
72789,106,103,3,3
72790,36,38,-2,2
72791,84,75,9,9
72792,103,94,9,9
72793,56,55,1,1
72794,78,73,5,5
72795,69,62,7,7
72796,67,64,3,3
72797,83,81,2,2
72798,103,98,5,5
72799,84,78,6,6
72800,68,66,2,2
72801,78,70,8,8
72802,118,101,17,17
72803,112,101,11,11
72804,108,99,9,9
72805,113,101,12,12
72806,116,92,24,24
72807,67,60,7,7
72808,110,103,7,7
72809,100,86,14,14
72810,111,91,20,20
72811,82,78,4,4
72812,157,140,17,17
72813,75,72,3,3
72814,102,89,13,13
72815,90,81,9,9
72816,60,57,3,3
72817,88,82,6,6
72818,96,89,7,7
72819,117,128,-11,11
72820,76,76,0,0
72821,166,137,29,29
72822,187,145,42,42
72823,73,59,14,14
72824,91,89,2,2
72825,125,114,11,11
72826,60,59,1,1
72827,91,81,10,10
72828,99,107,-8,8
72829,80,64,16,16
72830,125,112,13,13
72831,111,110,1,1
72832,54,52,2,2
72833,192,165,27,27
72834,159,137,22,22
72835,71,63,8,8
72836,80,76,4,4
72837,58,53,5,5
72838,78,66,12,12
72839,146,122,24,24
72840,73,62,11,11
72841,178,148,30,30
72842,94,87,7,7
72843,131,113,18,18
72844,70,55,15,15
72845,126,119,7,7
72846,84,74,10,10
72847,80,77,3,3
72848,214,180,34,34
72849,111,102,9,9
72850,134,130,4,4
72851,89,77,12,12
72852,124,130,-6,6
72853,112,93,19,19
72854,94,93,1,1
72855,110,98,12,12
72856,143,128,15,15
72857,70,65,5,5
72858,112,105,7,7
72859,88,76,12,12
72860,89,75,14,14
72861,78,68,10,10
72862,121,104,17,17
72863,69,63,6,6
72864,82,74,8,8
72865,137,155,-18,18
72866,116,108,8,8
72867,169,147,22,22
72868,108,90,18,18
72869,62,54,8,8
72870,66,76,-10,10
72871,126,110,16,16
72872,77,63,14,14
72873,170,146,24,24
72874,48,44,4,4
72875,123,106,17,17
72876,135,119,16,16
72877,128,117,11,11
72878,108,101,7,7
72879,102,85,17,17
72880,89,83,6,6
72881,68,66,2,2
72882,83,70,13,13
72883,174,156,18,18
72884,130,106,24,24
72885,176,151,25,25
72886,87,87,0,0
72887,69,58,11,11
72888,69,69,0,0
72889,100,77,23,23
72890,164,149,15,15
72891,94,93,1,1
72892,82,72,10,10
72893,191,172,19,19
72894,99,95,4,4
72895,78,74,4,4
72896,68,61,7,7
72897,121,97,24,24
72898,128,112,16,16
72899,149,135,14,14
72900,164,142,22,22
72901,74,66,8,8
72902,67,57,10,10
72903,59,59,0,0
72904,100,107,-7,7
72905,62,66,-4,4
72906,100,95,5,5
72907,79,75,4,4
72908,137,144,-7,7
72909,74,70,4,4
72910,94,87,7,7
72911,119,89,30,30
72912,103,87,16,16
72913,95,86,9,9
72914,60,50,10,10
72915,111,99,12,12
72916,34,33,1,1
72917,78,82,-4,4
72918,97,86,11,11
72919,111,102,9,9
72920,85,83,2,2
72921,149,128,21,21
72922,90,75,15,15
72923,49,47,2,2
72924,138,121,17,17
72925,69,60,9,9
72926,79,65,14,14
72927,70,61,9,9
72928,82,76,6,6
72929,79,75,4,4
72930,85,87,-2,2
72931,89,80,9,9
72932,67,61,6,6
72933,106,105,1,1
72934,70,72,-2,2
72935,74,73,1,1
72936,55,57,-2,2
72937,164,152,12,12
72938,77,68,9,9
72939,57,50,7,7
72940,97,98,-1,1
72941,136,133,3,3
72942,83,76,7,7
72943,66,63,3,3
72944,92,90,2,2
72945,92,88,4,4
72946,71,62,9,9
72947,67,72,-5,5
72948,150,128,22,22
72949,69,66,3,3
72950,132,113,19,19
72951,194,171,23,23
72952,137,124,13,13
72953,68,65,3,3
72954,90,89,1,1
72955,113,100,13,13
72956,61,50,11,11
72957,160,138,22,22
72958,149,133,16,16
72959,48,48,0,0
72960,128,117,11,11
72961,102,92,10,10
72962,95,88,7,7
72963,68,57,11,11
72964,164,146,18,18
72965,92,93,-1,1
72966,100,86,14,14
72967,68,69,-1,1
72968,81,73,8,8
72969,87,74,13,13
72970,121,94,27,27
72971,95,90,5,5
72972,99,76,23,23
72973,59,58,1,1
72974,140,117,23,23
72975,109,82,27,27
72976,147,127,20,20
72977,84,76,8,8
72978,111,95,16,16
72979,85,82,3,3
72980,63,63,0,0
72981,64,57,7,7
72982,75,65,10,10
72983,136,107,29,29
72984,140,130,10,10
72985,45,45,0,0
72986,159,148,11,11
72987,110,93,17,17
72988,54,55,-1,1
72989,129,119,10,10
72990,170,164,6,6
72991,111,102,9,9
72992,72,61,11,11
72993,129,119,10,10
72994,67,61,6,6
72995,159,158,1,1
72996,60,58,2,2
72997,91,82,9,9
72998,126,105,21,21
72999,240,195,45,45
73000,113,102,11,11
73001,85,72,13,13
73002,54,53,1,1
73003,68,60,8,8
73004,89,77,12,12
73005,142,122,20,20
73006,146,124,22,22
73007,87,79,8,8
73008,122,115,7,7
73009,81,51,30,30
73010,77,71,6,6
73011,113,95,18,18
73012,182,174,8,8
73013,111,96,15,15
73014,97,79,18,18
73015,90,78,12,12
73016,149,134,15,15
73017,62,69,-7,7
73018,121,111,10,10
73019,90,79,11,11
73020,64,50,14,14
73021,158,142,16,16
73022,89,80,9,9
73023,93,82,11,11
73024,82,70,12,12
73025,80,76,4,4
73026,231,209,22,22
73027,52,51,1,1
73028,185,157,28,28
73029,125,119,6,6
73030,116,100,16,16
73031,70,67,3,3
73032,92,80,12,12
73033,135,129,6,6
73034,83,81,2,2
73035,78,71,7,7
73036,89,77,12,12
73037,98,85,13,13
73038,74,73,1,1
73039,117,105,12,12
73040,65,188,-123,123
73041,80,74,6,6
73042,82,70,12,12
73043,144,138,6,6
73044,64,59,5,5
73045,144,126,18,18
73046,46,39,7,7
73047,29,34,-5,5
73048,81,74,7,7
73049,115,105,10,10
73050,99,88,11,11
73051,80,66,14,14
73052,111,97,14,14
73053,113,103,10,10
73054,119,93,26,26
73055,49,35,14,14
73056,128,114,14,14
73057,168,144,24,24
73058,52,47,5,5
73059,115,104,11,11
73060,230,185,45,45
73061,113,119,-6,6
73062,66,57,9,9
73063,102,92,10,10
73064,52,48,4,4
73065,94,84,10,10
73066,69,64,5,5
73067,146,142,4,4
73068,130,117,13,13
73069,82,67,15,15
73070,51,47,4,4
73071,114,99,15,15
73072,58,61,-3,3
73073,70,70,0,0
73074,74,66,8,8
73075,75,63,12,12
73076,54,46,8,8
73077,134,126,8,8
73078,46,42,4,4
73079,79,66,13,13
73080,66,69,-3,3
73081,114,108,6,6
73082,76,76,0,0
73083,149,133,16,16
73084,126,109,17,17
73085,91,87,4,4
73086,56,51,5,5
73087,131,119,12,12
73088,119,121,-2,2
73089,119,108,11,11
73090,124,114,10,10
73091,142,130,12,12
73092,215,176,39,39
73093,59,53,6,6
73094,60,55,5,5
73095,76,76,0,0
73096,54,45,9,9
73097,78,79,-1,1
73098,133,133,0,0
73099,56,47,9,9
73100,79,74,5,5
73101,74,62,12,12
73102,55,59,-4,4
73103,62,53,9,9
73104,47,43,4,4
73105,112,109,3,3
73106,112,95,17,17
73107,122,109,13,13
73108,104,95,9,9
73109,81,92,-11,11
73110,76,77,-1,1
73111,61,53,8,8
73112,230,171,59,59
73113,87,78,9,9
73114,94,81,13,13
73115,83,73,10,10
73116,154,123,31,31
73117,140,119,21,21
73118,81,78,3,3
73119,78,69,9,9
73120,112,99,13,13
73121,133,110,23,23
73122,72,68,4,4
73123,150,113,37,37
73124,133,121,12,12
73125,74,61,13,13
73126,122,110,12,12
73127,90,81,9,9
73128,69,59,10,10
73129,75,72,3,3
73130,50,42,8,8
73131,135,119,16,16
73132,126,111,15,15
73133,68,79,-11,11
73134,88,81,7,7
73135,78,78,0,0
73136,55,54,1,1
73137,94,93,1,1
73138,57,56,1,1
73139,70,66,4,4
73140,150,135,15,15
73141,67,65,2,2
73142,78,75,3,3
73143,82,73,9,9
73144,123,119,4,4
73145,75,63,12,12
73146,151,141,10,10
73147,79,68,11,11
73148,116,100,16,16
73149,89,75,14,14
73150,143,129,14,14
73151,94,87,7,7
73152,94,92,2,2
73153,81,77,4,4
73154,77,76,1,1
73155,85,79,6,6
73156,104,102,2,2
73157,58,54,4,4
73158,76,73,3,3
73159,72,66,6,6
73160,90,76,14,14
73161,126,125,1,1
73162,81,76,5,5
73163,113,104,9,9
73164,72,71,1,1
73165,111,106,5,5
73166,94,81,13,13
73167,77,66,11,11
73168,76,63,13,13
73169,91,78,13,13
73170,84,78,6,6
73171,50,54,-4,4
73172,111,110,1,1
73173,160,140,20,20
73174,90,77,13,13
73175,165,162,3,3
73176,153,125,28,28
73177,38,38,0,0
73178,76,82,-6,6
73179,73,67,6,6
73180,99,97,2,2
73181,64,59,5,5
73182,148,128,20,20
73183,146,133,13,13
73184,86,79,7,7
73185,70,67,3,3
73186,74,63,11,11
73187,102,89,13,13
73188,76,64,12,12
73189,115,99,16,16
73190,111,97,14,14
73191,67,58,9,9
73192,120,118,2,2
73193,72,67,5,5
73194,93,83,10,10
73195,256,224,32,32
73196,157,143,14,14
73197,70,64,6,6
73198,95,97,-2,2
73199,99,91,8,8
73200,94,87,7,7
73201,81,67,14,14
73202,102,86,16,16
73203,107,98,9,9
73204,137,120,17,17
73205,91,85,6,6
73206,90,83,7,7
73207,68,62,6,6
73208,59,55,4,4
73209,86,78,8,8
73210,118,119,-1,1
73211,197,177,20,20
73212,55,60,-5,5
73213,82,70,12,12
73214,96,90,6,6
73215,88,86,2,2
73216,72,79,-7,7
73217,56,41,15,15
73218,110,97,13,13
73219,75,66,9,9
73220,107,107,0,0
73221,100,96,4,4
73222,137,118,19,19
73223,76,70,6,6
73224,174,157,17,17
73225,101,97,4,4
73226,85,77,8,8
73227,53,54,-1,1
73228,108,91,17,17
73229,82,73,9,9
73230,84,83,1,1
73231,92,87,5,5
73232,125,127,-2,2
73233,93,95,-2,2
73234,54,54,0,0
73235,113,95,18,18
73236,196,177,19,19
73237,71,60,11,11
73238,75,67,8,8
73239,46,45,1,1
73240,107,102,5,5
73241,82,80,2,2
73242,88,94,-6,6
73243,57,48,9,9
73244,153,135,18,18
73245,131,126,5,5
73246,111,114,-3,3
73247,136,125,11,11
73248,58,57,1,1
73249,85,78,7,7
73250,98,84,14,14
73251,80,75,5,5
73252,82,82,0,0
73253,74,63,11,11
73254,135,115,20,20
73255,88,80,8,8
73256,27,35,-8,8
73257,60,55,5,5
73258,82,70,12,12
73259,176,164,12,12
73260,163,133,30,30
73261,130,123,7,7
73262,120,103,17,17
73263,143,116,27,27
73264,138,129,9,9
73265,88,75,13,13
73266,125,112,13,13
73267,81,72,9,9
73268,56,50,6,6
73269,70,68,2,2
73270,59,57,2,2
73271,117,123,-6,6
73272,35,38,-3,3
73273,115,95,20,20
73274,59,56,3,3
73275,88,75,13,13
73276,124,119,5,5
73277,110,91,19,19
73278,118,103,15,15
73279,103,85,18,18
73280,121,112,9,9
73281,78,71,7,7
73282,69,65,4,4
73283,129,114,15,15
73284,75,65,10,10
73285,54,47,7,7
73286,185,154,31,31
73287,105,93,12,12
73288,65,56,9,9
73289,145,121,24,24
73290,134,115,19,19
73291,102,87,15,15
73292,75,68,7,7
73293,106,92,14,14
73294,122,113,9,9
73295,42,41,1,1
73296,144,139,5,5
73297,104,89,15,15
73298,117,100,17,17
73299,69,64,5,5
73300,63,66,-3,3
73301,184,139,45,45
73302,96,89,7,7
73303,86,72,14,14
73304,98,92,6,6
73305,78,71,7,7
73306,91,80,11,11
73307,53,47,6,6
73308,79,69,10,10
73309,141,123,18,18
73310,82,70,12,12
73311,49,45,4,4
73312,109,92,17,17
73313,61,57,4,4
73314,90,86,4,4
73315,61,48,13,13
73316,94,97,-3,3
73317,134,126,8,8
73318,65,63,2,2
73319,136,123,13,13
73320,164,146,18,18
73321,98,98,0,0
73322,83,75,8,8
73323,40,42,-2,2
73324,67,73,-6,6
73325,90,80,10,10
73326,62,52,10,10
73327,60,52,8,8
73328,115,93,22,22
73329,135,127,8,8
73330,75,68,7,7
73331,35,55,-20,20
73332,94,97,-3,3
73333,113,97,16,16
73334,133,117,16,16
73335,103,77,26,26
73336,108,89,19,19
73337,65,61,4,4
73338,67,53,14,14
73339,121,108,13,13
73340,89,95,-6,6
73341,69,64,5,5
73342,128,119,9,9
73343,99,84,15,15
73344,100,91,9,9
73345,88,67,21,21
73346,160,138,22,22
73347,94,82,12,12
73348,111,102,9,9
73349,83,69,14,14
73350,51,56,-5,5
73351,126,112,14,14
73352,150,125,25,25
73353,57,50,7,7
73354,63,62,1,1
73355,112,105,7,7
73356,196,173,23,23
73357,71,65,6,6
73358,152,135,17,17
73359,87,81,6,6
73360,59,51,8,8
73361,144,129,15,15
73362,122,104,18,18
73363,61,61,0,0
73364,99,101,-2,2
73365,74,60,14,14
73366,68,61,7,7
73367,92,92,0,0
73368,147,138,9,9
73369,114,100,14,14
73370,64,61,3,3
73371,92,73,19,19
73372,85,70,15,15
73373,100,86,14,14
73374,142,121,21,21
73375,34,27,7,7
73376,107,88,19,19
73377,110,95,15,15
73378,154,138,16,16
73379,69,64,5,5
73380,91,91,0,0
73381,124,107,17,17
73382,71,57,14,14
73383,61,48,13,13
73384,110,94,16,16
73385,86,83,3,3
73386,143,121,22,22
73387,65,60,5,5
73388,82,68,14,14
73389,90,88,2,2
73390,156,150,6,6
73391,177,160,17,17
73392,108,96,12,12
73393,100,101,-1,1
73394,60,63,-3,3
73395,81,85,-4,4
73396,99,92,7,7
73397,63,75,-12,12
73398,87,90,-3,3
73399,53,46,7,7
73400,47,45,2,2
73401,65,67,-2,2
73402,79,66,13,13
73403,65,60,5,5
73404,99,93,6,6
73405,61,57,4,4
73406,101,101,0,0
73407,75,64,11,11
73408,99,97,2,2
73409,84,75,9,9
73410,130,114,16,16
73411,147,123,24,24
73412,103,96,7,7
73413,48,44,4,4
73414,88,80,8,8
73415,115,101,14,14
73416,81,76,5,5
73417,69,71,-2,2
73418,144,133,11,11
73419,103,85,18,18
73420,84,74,10,10
73421,175,166,9,9
73422,133,107,26,26
73423,88,81,7,7
73424,112,104,8,8
73425,98,93,5,5
73426,79,67,12,12
73427,65,59,6,6
73428,75,79,-4,4
73429,101,97,4,4
73430,44,44,0,0
73431,89,79,10,10
73432,107,99,8,8
73433,85,78,7,7
73434,42,41,1,1
73435,86,82,4,4
73436,92,79,13,13
73437,70,70,0,0
73438,79,74,5,5
73439,39,48,-9,9
73440,90,80,10,10
73441,126,104,22,22
73442,116,103,13,13
73443,69,68,1,1
73444,51,50,1,1
73445,107,92,15,15
73446,88,81,7,7
73447,104,88,16,16
73448,81,67,14,14
73449,78,71,7,7
73450,87,78,9,9
73451,63,69,-6,6
73452,92,83,9,9
73453,125,120,5,5
73454,113,100,13,13
73455,50,46,4,4
73456,71,64,7,7
73457,78,74,4,4
73458,65,60,5,5
73459,145,127,18,18
73460,64,54,10,10
73461,83,75,8,8
73462,162,136,26,26
73463,84,77,7,7
73464,149,136,13,13
73465,68,63,5,5
73466,84,80,4,4
73467,74,60,14,14
73468,106,97,9,9
73469,87,83,4,4
73470,102,108,-6,6
73471,142,117,25,25
73472,159,141,18,18
73473,49,44,5,5
73474,133,125,8,8
73475,89,79,10,10
73476,47,46,1,1
73477,111,107,4,4
73478,79,67,12,12
73479,108,109,-1,1
73480,58,53,5,5
73481,111,109,2,2
73482,46,44,2,2
73483,69,59,10,10
73484,144,132,12,12
73485,122,110,12,12
73486,114,102,12,12
73487,60,54,6,6
73488,75,73,2,2
73489,79,72,7,7
73490,97,92,5,5
73491,177,162,15,15
73492,111,96,15,15
73493,35,37,-2,2
73494,133,109,24,24
73495,58,48,10,10
73496,114,92,22,22
73497,80,75,5,5
73498,133,109,24,24
73499,116,107,9,9
73500,88,65,23,23
73501,126,111,15,15
73502,135,112,23,23
73503,85,80,5,5
73504,154,141,13,13
73505,118,102,16,16
73506,92,82,10,10
73507,146,138,8,8
73508,63,59,4,4
73509,77,73,4,4
73510,113,97,16,16
73511,110,96,14,14
73512,63,62,1,1
73513,78,63,15,15
73514,130,115,15,15
73515,64,55,9,9
73516,81,78,3,3
73517,75,61,14,14
73518,41,43,-2,2
73519,139,122,17,17
73520,60,56,4,4
73521,81,77,4,4
73522,108,96,12,12
73523,102,90,12,12
73524,63,58,5,5
73525,111,96,15,15
73526,42,41,1,1
73527,93,87,6,6
73528,106,103,3,3
73529,92,79,13,13
73530,87,78,9,9
73531,100,93,7,7
73532,73,67,6,6
73533,65,56,9,9
73534,84,86,-2,2
73535,158,145,13,13
73536,73,65,8,8
73537,116,119,-3,3
73538,79,80,-1,1
73539,114,100,14,14
73540,108,99,9,9
73541,89,78,11,11
73542,65,69,-4,4
73543,123,110,13,13
73544,70,68,2,2
73545,58,54,4,4
73546,61,61,0,0
73547,118,121,-3,3
73548,91,89,2,2
73549,82,81,1,1
73550,42,49,-7,7
73551,43,41,2,2
73552,144,118,26,26
73553,60,65,-5,5
73554,29,43,-14,14
73555,111,90,21,21
73556,69,63,6,6
73557,192,162,30,30
73558,88,95,-7,7
73559,64,56,8,8
73560,131,122,9,9
73561,107,103,4,4
73562,95,97,-2,2
73563,70,64,6,6
73564,51,44,7,7
73565,195,169,26,26
73566,77,71,6,6
73567,117,112,5,5
73568,87,74,13,13
73569,46,39,7,7
73570,71,64,7,7
73571,65,59,6,6
73572,171,168,3,3
73573,106,96,10,10
73574,82,75,7,7
73575,130,107,23,23
73576,58,59,-1,1
73577,105,100,5,5
73578,121,108,13,13
73579,148,141,7,7
73580,87,78,9,9
73581,98,93,5,5
73582,74,76,-2,2
73583,138,127,11,11
73584,95,90,5,5
73585,104,92,12,12
73586,64,55,9,9
73587,74,70,4,4
73588,126,97,29,29
73589,93,90,3,3
73590,80,71,9,9
73591,62,60,2,2
73592,56,57,-1,1
73593,91,87,4,4
73594,202,175,27,27
73595,97,93,4,4
73596,109,110,-1,1
73597,62,43,19,19
73598,156,142,14,14
73599,62,54,8,8
73600,156,144,12,12
73601,60,58,2,2
73602,67,58,9,9
73603,109,105,4,4
73604,129,112,17,17
73605,126,106,20,20
73606,141,123,18,18
73607,117,93,24,24
73608,167,151,16,16
73609,123,120,3,3
73610,127,104,23,23
73611,70,60,10,10
73612,67,62,5,5
73613,93,84,9,9
73614,79,69,10,10
73615,80,75,5,5
73616,81,78,3,3
73617,77,67,10,10
73618,57,51,6,6
73619,125,124,1,1
73620,137,115,22,22
73621,98,92,6,6
73622,76,66,10,10
73623,99,82,17,17
73624,88,81,7,7
73625,71,63,8,8
73626,85,74,11,11
73627,93,88,5,5
73628,112,93,19,19
73629,63,58,5,5
73630,79,84,-5,5
73631,90,82,8,8
73632,71,62,9,9
73633,67,78,-11,11
73634,147,113,34,34
73635,57,70,-13,13
73636,61,55,6,6
73637,100,87,13,13
73638,79,67,12,12
73639,136,102,34,34
73640,88,86,2,2
73641,67,62,5,5
73642,173,143,30,30
73643,111,91,20,20
73644,96,76,20,20
73645,91,77,14,14
73646,90,72,18,18
73647,93,82,11,11
73648,99,94,5,5
73649,57,49,8,8
73650,71,59,12,12
73651,165,142,23,23
73652,91,95,-4,4
73653,59,52,7,7
73654,103,93,10,10
73655,72,68,4,4
73656,95,83,12,12
73657,86,66,20,20
73658,142,110,32,32
73659,92,82,10,10
73660,86,81,5,5
73661,143,123,20,20
73662,37,38,-1,1
73663,66,60,6,6
73664,121,108,13,13
73665,89,73,16,16
73666,54,62,-8,8
73667,64,57,7,7
73668,48,42,6,6
73669,33,34,-1,1
73670,154,136,18,18
73671,55,53,2,2
73672,85,72,13,13
73673,68,62,6,6
73674,88,81,7,7
73675,61,56,5,5
73676,123,106,17,17
73677,98,92,6,6
73678,161,143,18,18
73679,53,54,-1,1
73680,68,67,1,1
73681,131,115,16,16
73682,100,89,11,11
73683,64,55,9,9
73684,109,105,4,4
73685,87,77,10,10
73686,78,72,6,6
73687,56,56,0,0
73688,96,83,13,13
73689,104,90,14,14
73690,94,85,9,9
73691,66,62,4,4
73692,106,92,14,14
73693,132,132,0,0
73694,142,112,30,30
73695,112,110,2,2
73696,104,71,33,33
73697,129,125,4,4
73698,107,93,14,14
73699,137,135,2,2
73700,81,76,5,5
73701,57,49,8,8
73702,126,111,15,15
73703,57,62,-5,5
73704,141,115,26,26
73705,94,83,11,11
73706,56,59,-3,3
73707,100,85,15,15
73708,65,63,2,2
73709,153,140,13,13
73710,106,100,6,6
73711,65,62,3,3
73712,89,84,5,5
73713,69,55,14,14
73714,172,150,22,22
73715,74,70,4,4
73716,55,56,-1,1
73717,95,85,10,10
73718,80,76,4,4
73719,72,65,7,7
73720,69,64,5,5
73721,77,78,-1,1
73722,136,119,17,17
73723,60,53,7,7
73724,106,88,18,18
73725,98,82,16,16
73726,113,102,11,11
73727,66,61,5,5
73728,117,102,15,15
73729,75,68,7,7
73730,123,110,13,13
73731,54,47,7,7
73732,157,154,3,3
73733,100,87,13,13
73734,74,70,4,4
73735,61,59,2,2
73736,72,66,6,6
73737,81,72,9,9
73738,138,137,1,1
73739,137,131,6,6
73740,163,134,29,29
73741,65,69,-4,4
73742,130,117,13,13
73743,68,65,3,3
73744,97,84,13,13
73745,167,147,20,20
73746,93,68,25,25
73747,63,61,2,2
73748,91,79,12,12
73749,174,151,23,23
73750,138,113,25,25
73751,75,69,6,6
73752,129,127,2,2
73753,116,96,20,20
73754,47,42,5,5
73755,116,97,19,19
73756,103,89,14,14
73757,112,93,19,19
73758,133,115,18,18
73759,55,56,-1,1
73760,75,69,6,6
73761,53,49,4,4
73762,88,89,-1,1
73763,132,116,16,16
73764,35,34,1,1
73765,45,51,-6,6
73766,67,65,2,2
73767,124,103,21,21
73768,148,127,21,21
73769,138,114,24,24
73770,98,85,13,13
73771,81,73,8,8
73772,54,51,3,3
73773,35,42,-7,7
73774,69,59,10,10
73775,66,59,7,7
73776,116,100,16,16
73777,86,75,11,11
73778,95,88,7,7
73779,95,90,5,5
73780,61,54,7,7
73781,79,69,10,10
73782,74,86,-12,12
73783,117,106,11,11
73784,63,60,3,3
73785,138,111,27,27
73786,125,116,9,9
73787,95,84,11,11
73788,66,61,5,5
73789,53,49,4,4
73790,83,74,9,9
73791,60,61,-1,1
73792,52,50,2,2
73793,55,47,8,8
73794,100,97,3,3
73795,91,97,-6,6
73796,87,80,7,7
73797,63,51,12,12
73798,122,87,35,35
73799,75,65,10,10
73800,57,61,-4,4
73801,55,52,3,3
73802,110,93,17,17
73803,88,85,3,3
73804,155,152,3,3
73805,96,91,5,5
73806,81,68,13,13
73807,102,91,11,11
73808,141,115,26,26
73809,105,95,10,10
73810,68,60,8,8
73811,80,69,11,11
73812,94,95,-1,1
73813,60,56,4,4
73814,107,86,21,21
73815,112,101,11,11
73816,92,85,7,7
73817,86,67,19,19
73818,131,106,25,25
73819,62,54,8,8
73820,146,135,11,11
73821,67,72,-5,5
73822,77,74,3,3
73823,101,96,5,5
73824,80,66,14,14
73825,97,77,20,20
73826,140,120,20,20
73827,128,129,-1,1
73828,108,101,7,7
73829,91,82,9,9
73830,91,85,6,6
73831,87,75,12,12
73832,151,123,28,28
73833,91,85,6,6
73834,161,137,24,24
73835,60,57,3,3
73836,135,116,19,19
73837,73,77,-4,4
73838,88,91,-3,3
73839,71,64,7,7
73840,80,75,5,5
73841,50,43,7,7
73842,106,96,10,10
73843,66,60,6,6
73844,90,87,3,3
73845,122,114,8,8
73846,99,86,13,13
73847,73,66,7,7
73848,60,54,6,6
73849,63,65,-2,2
73850,105,112,-7,7
73851,34,31,3,3
73852,74,75,-1,1
73853,122,108,14,14
73854,123,102,21,21
73855,66,56,10,10
73856,122,108,14,14
73857,114,96,18,18
73858,165,151,14,14
73859,139,143,-4,4
73860,58,44,14,14
73861,70,64,6,6
73862,71,60,11,11
73863,158,168,-10,10
73864,66,59,7,7
73865,166,121,45,45
73866,129,122,7,7
73867,91,81,10,10
73868,109,121,-12,12
73869,118,121,-3,3
73870,90,86,4,4
73871,125,110,15,15
73872,94,81,13,13
73873,107,86,21,21
73874,144,114,30,30
73875,83,74,9,9
73876,71,70,1,1
73877,93,81,12,12
73878,103,92,11,11
73879,78,70,8,8
73880,33,70,-37,37
73881,44,71,-27,27
73882,129,108,21,21
73883,210,182,28,28
73884,98,82,16,16
73885,60,68,-8,8
73886,110,96,14,14
73887,56,55,1,1
73888,149,127,22,22
73889,86,77,9,9
73890,101,92,9,9
73891,80,68,12,12
73892,96,87,9,9
73893,66,63,3,3
73894,73,63,10,10
73895,87,66,21,21
73896,73,62,11,11
73897,96,83,13,13
73898,36,38,-2,2
73899,171,184,-13,13
73900,125,115,10,10
73901,82,75,7,7
73902,79,67,12,12
73903,148,126,22,22
73904,137,122,15,15
73905,82,78,4,4
73906,72,88,-16,16
73907,57,52,5,5
73908,162,149,13,13
73909,148,125,23,23
73910,82,71,11,11
73911,76,71,5,5
73912,72,61,11,11
73913,42,37,5,5
73914,102,97,5,5
73915,61,61,0,0
73916,107,99,8,8
73917,72,57,15,15
73918,117,117,0,0
73919,70,63,7,7
73920,60,53,7,7
73921,110,87,23,23
73922,94,85,9,9
73923,121,116,5,5
73924,102,94,8,8
73925,61,59,2,2
73926,69,63,6,6
73927,51,58,-7,7
73928,113,112,1,1
73929,148,157,-9,9
73930,129,100,29,29
73931,60,54,6,6
73932,82,92,-10,10
73933,149,129,20,20
73934,64,56,8,8
73935,95,91,4,4
73936,105,95,10,10
73937,129,118,11,11
73938,140,126,14,14
73939,143,137,6,6
73940,67,57,10,10
73941,81,74,7,7
73942,131,109,22,22
73943,61,51,10,10
73944,95,85,10,10
73945,121,108,13,13
73946,96,77,19,19
73947,159,130,29,29
73948,51,49,2,2
73949,72,67,5,5
73950,83,77,6,6
73951,114,101,13,13
73952,90,84,6,6
73953,72,63,9,9
73954,88,76,12,12
73955,149,129,20,20
73956,69,59,10,10
73957,67,63,4,4
73958,65,67,-2,2
73959,119,115,4,4
73960,146,124,22,22
73961,75,78,-3,3
73962,175,146,29,29
73963,109,107,2,2
73964,80,71,9,9
73965,99,83,16,16
73966,137,127,10,10
73967,77,86,-9,9
73968,44,64,-20,20
73969,96,84,12,12
73970,55,53,2,2
73971,113,98,15,15
73972,108,97,11,11
73973,55,49,6,6
73974,138,110,28,28
73975,74,66,8,8
73976,69,65,4,4
73977,131,116,15,15
73978,129,149,-20,20
73979,103,94,9,9
73980,50,45,5,5
73981,90,85,5,5
73982,42,38,4,4
73983,140,146,-6,6
73984,76,85,-9,9
73985,113,99,14,14
73986,43,47,-4,4
73987,73,76,-3,3
73988,116,108,8,8
73989,112,111,1,1
73990,126,118,8,8
73991,98,91,7,7
73992,83,81,2,2
73993,51,51,0,0
73994,73,84,-11,11
73995,220,183,37,37
73996,72,75,-3,3
73997,63,58,5,5
73998,107,101,6,6
73999,90,79,11,11
74000,50,52,-2,2
74001,100,87,13,13
74002,126,108,18,18
74003,73,67,6,6
74004,88,84,4,4
74005,65,72,-7,7
74006,73,61,12,12
74007,83,77,6,6
74008,118,114,4,4
74009,77,66,11,11
74010,175,157,18,18
74011,101,90,11,11
74012,72,62,10,10
74013,84,79,5,5
74014,320,322,-2,2
74015,86,93,-7,7
74016,48,45,3,3
74017,82,67,15,15
74018,111,95,16,16
74019,83,79,4,4
74020,105,106,-1,1
74021,87,85,2,2
74022,92,82,10,10
74023,106,95,11,11
74024,179,164,15,15
74025,123,102,21,21
74026,68,67,1,1
74027,52,43,9,9
74028,155,123,32,32
74029,97,102,-5,5
74030,78,74,4,4
74031,52,45,7,7
74032,62,57,5,5
74033,92,85,7,7
74034,113,97,16,16
74035,141,125,16,16
74036,66,65,1,1
74037,97,79,18,18
74038,80,92,-12,12
74039,71,83,-12,12
74040,117,104,13,13
74041,202,179,23,23
74042,89,76,13,13
74043,65,65,0,0
74044,83,83,0,0
74045,151,131,20,20
74046,68,56,12,12
74047,84,83,1,1
74048,114,99,15,15
74049,67,61,6,6
74050,48,41,7,7
74051,108,100,8,8
74052,159,124,35,35
74053,84,74,10,10
74054,153,130,23,23
74055,52,61,-9,9
74056,159,142,17,17
74057,118,111,7,7
74058,83,82,1,1
74059,50,46,4,4
74060,125,109,16,16
74061,41,85,-44,44
74062,62,65,-3,3
74063,85,71,14,14
74064,133,123,10,10
74065,129,110,19,19
74066,97,89,8,8
74067,102,96,6,6
74068,23,31,-8,8
74069,74,72,2,2
74070,41,47,-6,6
74071,108,106,2,2
74072,104,97,7,7
74073,108,85,23,23
74074,97,85,12,12
74075,74,72,2,2
74076,94,87,7,7
74077,78,69,9,9
74078,117,110,7,7
74079,119,111,8,8
74080,60,48,12,12
74081,86,74,12,12
74082,84,78,6,6
74083,72,68,4,4
74084,93,87,6,6
74085,72,66,6,6
74086,156,130,26,26
74087,73,68,5,5
74088,108,96,12,12
74089,126,127,-1,1
74090,93,88,5,5
74091,79,65,14,14
74092,181,144,37,37
74093,83,70,13,13
74094,119,106,13,13
74095,71,64,7,7
74096,77,67,10,10
74097,104,110,-6,6
74098,72,71,1,1
74099,68,63,5,5
74100,98,90,8,8
74101,57,71,-14,14
74102,80,99,-19,19
74103,73,62,11,11
74104,191,163,28,28
74105,100,85,15,15
74106,132,108,24,24
74107,40,36,4,4
74108,54,51,3,3
74109,154,139,15,15
74110,139,124,15,15
74111,107,96,11,11
74112,128,110,18,18
74113,133,117,16,16
74114,83,67,16,16
74115,63,78,-15,15
74116,81,71,10,10
74117,163,147,16,16
74118,109,99,10,10
74119,63,56,7,7
74120,90,80,10,10
74121,81,88,-7,7
74122,66,57,9,9
74123,120,112,8,8
74124,89,78,11,11
74125,67,64,3,3
74126,85,84,1,1
74127,78,73,5,5
74128,75,72,3,3
74129,198,176,22,22
74130,92,81,11,11
74131,118,98,20,20
74132,57,56,1,1
74133,155,139,16,16
74134,86,77,9,9
74135,67,56,11,11
74136,178,136,42,42
74137,68,63,5,5
74138,85,75,10,10
74139,79,77,2,2
74140,93,78,15,15
74141,50,50,0,0
74142,58,52,6,6
74143,104,96,8,8
74144,100,89,11,11
74145,201,176,25,25
74146,105,100,5,5
74147,105,100,5,5
74148,90,84,6,6
74149,68,69,-1,1
74150,74,71,3,3
74151,60,54,6,6
74152,59,65,-6,6
74153,97,95,2,2
74154,87,76,11,11
74155,55,58,-3,3
74156,111,95,16,16
74157,119,96,23,23
74158,115,107,8,8
74159,59,51,8,8
74160,61,56,5,5
74161,30,44,-14,14
74162,96,85,11,11
74163,131,106,25,25
74164,183,163,20,20
74165,161,153,8,8
74166,146,137,9,9
74167,200,174,26,26
74168,100,93,7,7
74169,114,101,13,13
74170,108,96,12,12
74171,73,64,9,9
74172,75,63,12,12
74173,72,65,7,7
74174,143,140,3,3
74175,101,83,18,18
74176,66,61,5,5
74177,164,137,27,27
74178,85,77,8,8
74179,88,77,11,11
74180,98,93,5,5
74181,54,85,-31,31
74182,95,88,7,7
74183,64,65,-1,1
74184,144,128,16,16
74185,105,96,9,9
74186,102,100,2,2
74187,114,87,27,27
74188,54,50,4,4
74189,112,96,16,16
74190,181,154,27,27
74191,110,95,15,15
74192,75,57,18,18
74193,51,55,-4,4
74194,98,88,10,10
74195,85,80,5,5
74196,54,56,-2,2
74197,57,56,1,1
74198,77,80,-3,3
74199,66,68,-2,2
74200,84,70,14,14
74201,102,97,5,5
74202,124,117,7,7
74203,129,113,16,16
74204,195,176,19,19
74205,111,101,10,10
74206,109,109,0,0
74207,68,61,7,7
74208,57,49,8,8
74209,76,81,-5,5
74210,99,86,13,13
74211,78,77,1,1
74212,124,117,7,7
74213,83,72,11,11
74214,82,71,11,11
74215,73,63,10,10
74216,66,64,2,2
74217,102,95,7,7
74218,107,107,0,0
74219,101,89,12,12
74220,119,114,5,5
74221,120,120,0,0
74222,69,66,3,3
74223,80,90,-10,10
74224,113,101,12,12
74225,63,62,1,1
74226,94,80,14,14
74227,146,136,10,10
74228,109,97,12,12
74229,117,99,18,18
74230,66,59,7,7
74231,151,119,32,32
74232,60,49,11,11
74233,146,147,-1,1
74234,135,123,12,12
74235,90,75,15,15
74236,48,45,3,3
74237,71,64,7,7
74238,155,142,13,13
74239,86,69,17,17
74240,111,114,-3,3
74241,96,85,11,11
74242,137,139,-2,2
74243,81,79,2,2
74244,60,58,2,2
74245,83,88,-5,5
74246,106,92,14,14
74247,67,65,2,2
74248,52,48,4,4
74249,104,92,12,12
74250,73,74,-1,1
74251,87,85,2,2
74252,148,140,8,8
74253,77,65,12,12
74254,92,85,7,7
74255,201,176,25,25
74256,50,48,2,2
74257,149,136,13,13
74258,150,122,28,28
74259,89,89,0,0
74260,131,116,15,15
74261,73,62,11,11
74262,83,80,3,3
74263,155,142,13,13
74264,80,53,27,27
74265,128,115,13,13
74266,59,57,2,2
74267,85,85,0,0
74268,87,95,-8,8
74269,85,75,10,10
74270,72,62,10,10
74271,72,69,3,3
74272,56,53,3,3
74273,127,116,11,11
74274,73,63,10,10
74275,94,73,21,21
74276,72,63,9,9
74277,48,42,6,6
74278,130,109,21,21
74279,103,80,23,23
74280,96,75,21,21
74281,140,131,9,9
74282,63,62,1,1
74283,61,51,10,10
74284,78,68,10,10
74285,75,63,12,12
74286,81,77,4,4
74287,79,76,3,3
74288,94,89,5,5
74289,117,107,10,10
74290,59,52,7,7
74291,84,73,11,11
74292,149,128,21,21
74293,109,103,6,6
74294,46,49,-3,3
74295,131,112,19,19
74296,118,102,16,16
74297,83,86,-3,3
74298,68,76,-8,8
74299,70,77,-7,7
74300,49,46,3,3
74301,73,66,7,7
74302,132,124,8,8
74303,93,78,15,15
74304,159,146,13,13
74305,107,103,4,4
74306,185,157,28,28
74307,143,128,15,15
74308,60,61,-1,1
74309,78,67,11,11
74310,106,100,6,6
74311,98,81,17,17
74312,101,80,21,21
74313,39,49,-10,10
74314,104,97,7,7
74315,51,55,-4,4
74316,88,74,14,14
74317,83,73,10,10
74318,116,120,-4,4
74319,59,55,4,4
74320,88,76,12,12
74321,206,162,44,44
74322,147,117,30,30
74323,40,43,-3,3
74324,45,45,0,0
74325,89,81,8,8
74326,146,128,18,18
74327,76,72,4,4
74328,92,68,24,24
74329,35,37,-2,2
74330,77,83,-6,6
74331,104,99,5,5
74332,97,79,18,18
74333,135,119,16,16
74334,63,58,5,5
74335,54,51,3,3
74336,117,110,7,7
74337,79,68,11,11
74338,64,62,2,2
74339,63,57,6,6
74340,63,57,6,6
74341,80,73,7,7
74342,136,122,14,14
74343,106,85,21,21
74344,76,66,10,10
74345,80,72,8,8
74346,126,111,15,15
74347,96,83,13,13
74348,56,48,8,8
74349,124,116,8,8
74350,137,123,14,14
74351,63,59,4,4
74352,59,56,3,3
74353,102,90,12,12
74354,41,36,5,5
74355,84,80,4,4
74356,99,93,6,6
74357,108,108,0,0
74358,125,116,9,9
74359,115,103,12,12
74360,84,77,7,7
74361,100,97,3,3
74362,128,120,8,8
74363,60,57,3,3
74364,77,76,1,1
74365,63,54,9,9
74366,90,92,-2,2
74367,64,67,-3,3
74368,61,48,13,13
74369,99,95,4,4
74370,97,93,4,4
74371,65,50,15,15
74372,99,92,7,7
74373,181,153,28,28
74374,83,79,4,4
74375,102,93,9,9
74376,136,133,3,3
74377,56,48,8,8
74378,132,116,16,16
74379,76,71,5,5
74380,101,89,12,12
74381,110,86,24,24
74382,51,45,6,6
74383,60,59,1,1
74384,127,117,10,10
74385,81,101,-20,20
74386,59,55,4,4
74387,82,76,6,6
74388,103,89,14,14
74389,99,88,11,11
74390,50,38,12,12
74391,85,91,-6,6
74392,67,54,13,13
74393,125,110,15,15
74394,93,80,13,13
74395,116,102,14,14
74396,68,72,-4,4
74397,77,71,6,6
74398,95,88,7,7
74399,59,62,-3,3
74400,111,93,18,18
74401,79,75,4,4
74402,84,83,1,1
74403,89,84,5,5
74404,164,146,18,18
74405,72,65,7,7
74406,78,74,4,4
74407,149,145,4,4
74408,95,72,23,23
74409,85,56,29,29
74410,96,89,7,7
74411,72,60,12,12
74412,112,94,18,18
74413,77,67,10,10
74414,40,39,1,1
74415,110,101,9,9
74416,59,64,-5,5
74417,107,96,11,11
74418,66,69,-3,3
74419,87,75,12,12
74420,72,67,5,5
74421,85,85,0,0
74422,49,45,4,4
74423,72,69,3,3
74424,156,157,-1,1
74425,75,57,18,18
74426,83,70,13,13
74427,107,97,10,10
74428,97,81,16,16
74429,108,93,15,15
74430,89,73,16,16
74431,103,104,-1,1
74432,133,123,10,10
74433,56,49,7,7
74434,77,71,6,6
74435,88,80,8,8
74436,106,102,4,4
74437,134,129,5,5
74438,81,79,2,2
74439,126,112,14,14
74440,69,65,4,4
74441,120,149,-29,29
74442,121,111,10,10
74443,62,57,5,5
74444,85,74,11,11
74445,93,79,14,14
74446,111,98,13,13
74447,99,107,-8,8
74448,50,48,2,2
74449,98,102,-4,4
74450,83,69,14,14
74451,94,94,0,0
74452,144,132,12,12
74453,49,44,5,5
74454,46,39,7,7
74455,87,84,3,3
74456,80,79,1,1
74457,150,118,32,32
74458,67,67,0,0
74459,39,35,4,4
74460,82,74,8,8
74461,76,71,5,5
74462,56,52,4,4
74463,33,39,-6,6
74464,95,83,12,12
74465,67,53,14,14
74466,87,83,4,4
74467,101,88,13,13
74468,62,58,4,4
74469,62,64,-2,2
74470,93,77,16,16
74471,71,54,17,17
74472,79,74,5,5
74473,86,77,9,9
74474,70,66,4,4
74475,117,104,13,13
74476,51,56,-5,5
74477,168,149,19,19
74478,120,97,23,23
74479,99,84,15,15
74480,73,72,1,1
74481,120,112,8,8
74482,136,118,18,18
74483,57,60,-3,3
74484,89,76,13,13
74485,89,91,-2,2
74486,81,81,0,0
74487,72,56,16,16
74488,104,91,13,13
74489,141,124,17,17
74490,79,71,8,8
74491,167,146,21,21
74492,86,77,9,9
74493,138,115,23,23
74494,66,61,5,5
74495,59,53,6,6
74496,110,114,-4,4
74497,82,70,12,12
74498,92,83,9,9
74499,62,54,8,8
74500,82,65,17,17
74501,62,62,0,0
74502,94,81,13,13
74503,135,141,-6,6
74504,227,222,5,5
74505,85,76,9,9
74506,74,75,-1,1
74507,106,127,-21,21
74508,52,49,3,3
74509,96,101,-5,5
74510,97,90,7,7
74511,143,134,9,9
74512,84,61,23,23
74513,77,63,14,14
74514,49,46,3,3
74515,116,102,14,14
74516,67,83,-16,16
74517,74,73,1,1
74518,83,75,8,8
74519,77,69,8,8
74520,113,103,10,10
74521,125,110,15,15
74522,59,54,5,5
74523,62,59,3,3
74524,148,135,13,13
74525,56,59,-3,3
74526,85,92,-7,7
74527,158,132,26,26
74528,79,80,-1,1
74529,87,76,11,11
74530,115,130,-15,15
74531,62,53,9,9
74532,78,71,7,7
74533,107,91,16,16
74534,129,117,12,12
74535,109,93,16,16
74536,46,44,2,2
74537,73,62,11,11
74538,47,41,6,6
74539,57,53,4,4
74540,136,128,8,8
74541,74,64,10,10
74542,73,65,8,8
74543,117,105,12,12
74544,64,47,17,17
74545,65,67,-2,2
74546,61,59,2,2
74547,40,46,-6,6
74548,84,74,10,10
74549,96,91,5,5
74550,108,89,19,19
74551,148,135,13,13
74552,111,99,12,12
74553,131,125,6,6
74554,55,55,0,0
74555,132,112,20,20
74556,156,120,36,36
74557,68,60,8,8
74558,109,95,14,14
74559,65,55,10,10
74560,78,64,14,14
74561,136,116,20,20
74562,190,180,10,10
74563,157,143,14,14
74564,110,101,9,9
74565,50,53,-3,3
74566,123,123,0,0
74567,127,111,16,16
74568,88,82,6,6
74569,116,103,13,13
74570,85,83,2,2
74571,116,100,16,16
74572,181,162,19,19
74573,87,83,4,4
74574,135,126,9,9
74575,64,67,-3,3
74576,92,81,11,11
74577,59,57,2,2
74578,81,65,16,16
74579,71,64,7,7
74580,130,126,4,4
74581,96,79,17,17
74582,86,75,11,11
74583,107,115,-8,8
74584,118,100,18,18
74585,93,87,6,6
74586,88,86,2,2
74587,54,56,-2,2
74588,101,95,6,6
74589,58,56,2,2
74590,109,93,16,16
74591,106,103,3,3
74592,139,127,12,12
74593,50,49,1,1
74594,168,153,15,15
74595,115,114,1,1
74596,70,67,3,3
74597,92,79,13,13
74598,133,115,18,18
74599,74,68,6,6
74600,159,153,6,6
74601,120,114,6,6
74602,84,92,-8,8
74603,103,99,4,4
74604,183,143,40,40
74605,139,120,19,19
74606,86,72,14,14
74607,82,76,6,6
74608,61,64,-3,3
74609,123,90,33,33
74610,87,81,6,6
74611,135,121,14,14
74612,99,85,14,14
74613,74,67,7,7
74614,74,71,3,3
74615,139,131,8,8
74616,85,75,10,10
74617,70,67,3,3
74618,106,96,10,10
74619,123,112,11,11
74620,100,90,10,10
74621,61,57,4,4
74622,92,83,9,9
74623,132,124,8,8
74624,59,58,1,1
74625,226,201,25,25
74626,84,70,14,14
74627,165,160,5,5
74628,83,83,0,0
74629,115,107,8,8
74630,159,136,23,23
74631,93,75,18,18
74632,126,123,3,3
74633,51,46,5,5
74634,118,107,11,11
74635,80,65,15,15
74636,161,135,26,26
74637,91,82,9,9
74638,83,76,7,7
74639,91,82,9,9
74640,234,195,39,39
74641,78,68,10,10
74642,101,88,13,13
74643,72,64,8,8
74644,92,69,23,23
74645,44,53,-9,9
74646,76,72,4,4
74647,106,93,13,13
74648,119,98,21,21
74649,111,87,24,24
74650,111,107,4,4
74651,105,88,17,17
74652,62,61,1,1
74653,113,107,6,6
74654,94,90,4,4
74655,155,132,23,23
74656,59,52,7,7
74657,86,89,-3,3
74658,61,52,9,9
74659,198,168,30,30
74660,83,74,9,9
74661,50,56,-6,6
74662,126,112,14,14
74663,95,79,16,16
74664,95,78,17,17
74665,24,32,-8,8
74666,90,86,4,4
74667,47,41,6,6
74668,64,66,-2,2
74669,107,103,4,4
74670,94,78,16,16
74671,77,72,5,5
74672,111,117,-6,6
74673,107,98,9,9
74674,33,32,1,1
74675,73,66,7,7
74676,63,59,4,4
74677,90,85,5,5
74678,89,164,-75,75
74679,79,66,13,13
74680,128,117,11,11
74681,91,80,11,11
74682,114,96,18,18
74683,103,88,15,15
74684,61,45,16,16
74685,122,121,1,1
74686,114,104,10,10
74687,143,128,15,15
74688,75,67,8,8
74689,66,57,9,9
74690,90,84,6,6
74691,108,81,27,27
74692,74,69,5,5
74693,137,126,11,11
74694,121,99,22,22
74695,85,92,-7,7
74696,47,47,0,0
74697,51,54,-3,3
74698,79,68,11,11
74699,80,68,12,12
74700,111,98,13,13
74701,126,121,5,5
74702,37,37,0,0
74703,87,78,9,9
74704,102,93,9,9
74705,73,65,8,8
74706,81,82,-1,1
74707,85,66,19,19
74708,127,115,12,12
74709,127,106,21,21
74710,93,95,-2,2
74711,122,113,9,9
74712,175,142,33,33
74713,96,90,6,6
74714,88,77,11,11
74715,162,131,31,31
74716,124,124,0,0
74717,42,36,6,6
74718,90,80,10,10
74719,91,85,6,6
74720,129,117,12,12
74721,53,52,1,1
74722,75,71,4,4
74723,88,79,9,9
74724,70,59,11,11
74725,185,168,17,17
74726,105,89,16,16
74727,128,111,17,17
74728,103,92,11,11
74729,100,98,2,2
74730,71,66,5,5
74731,157,128,29,29
74732,103,100,3,3
74733,118,107,11,11
74734,140,168,-28,28
74735,102,96,6,6
74736,71,62,9,9
74737,143,138,5,5
74738,58,57,1,1
74739,96,94,2,2
74740,112,104,8,8
74741,85,77,8,8
74742,92,93,-1,1
74743,81,79,2,2
74744,102,94,8,8
74745,43,54,-11,11
74746,87,73,14,14
74747,118,105,13,13
74748,85,68,17,17
74749,100,95,5,5
74750,83,85,-2,2
74751,83,60,23,23
74752,89,78,11,11
74753,50,47,3,3
74754,134,122,12,12
74755,65,54,11,11
74756,72,70,2,2
74757,75,64,11,11
74758,78,69,9,9
74759,81,79,2,2
74760,105,104,1,1
74761,67,58,9,9
74762,136,66,70,70
74763,86,94,-8,8
74764,139,123,16,16
74765,78,68,10,10
74766,38,33,5,5
74767,78,69,9,9
74768,59,50,9,9
74769,91,78,13,13
74770,152,132,20,20
74771,148,145,3,3
74772,108,98,10,10
74773,77,67,10,10
74774,83,70,13,13
74775,89,76,13,13
74776,104,86,18,18
74777,117,111,6,6
74778,151,134,17,17
74779,45,46,-1,1
74780,60,48,12,12
74781,125,116,9,9
74782,41,41,0,0
74783,49,46,3,3
74784,140,123,17,17
74785,90,88,2,2
74786,93,87,6,6
74787,100,79,21,21
74788,125,109,16,16
74789,114,107,7,7
74790,128,116,12,12
74791,60,53,7,7
74792,191,167,24,24
74793,140,132,8,8
74794,82,82,0,0
74795,76,66,10,10
74796,117,107,10,10
74797,83,79,4,4
74798,82,73,9,9
74799,122,119,3,3
74800,60,59,1,1
74801,117,104,13,13
74802,96,76,20,20
74803,115,104,11,11
74804,134,122,12,12
74805,109,100,9,9
74806,91,75,16,16
74807,72,66,6,6
74808,96,84,12,12
74809,80,77,3,3
74810,71,67,4,4
74811,95,76,19,19
74812,101,93,8,8
74813,67,60,7,7
74814,87,88,-1,1
74815,89,83,6,6
74816,62,56,6,6
74817,126,141,-15,15
74818,78,77,1,1
74819,100,96,4,4
74820,96,84,12,12
74821,100,90,10,10
74822,59,58,1,1
74823,93,82,11,11
74824,120,109,11,11
74825,70,66,4,4
74826,46,42,4,4
74827,153,134,19,19
74828,91,83,8,8
74829,94,90,4,4
74830,74,76,-2,2
74831,87,69,18,18
74832,76,68,8,8
74833,56,52,4,4
74834,104,114,-10,10
74835,126,113,13,13
74836,115,105,10,10
74837,107,106,1,1
74838,41,47,-6,6
74839,75,64,11,11
74840,76,76,0,0
74841,75,73,2,2
74842,50,49,1,1
74843,118,108,10,10
74844,131,118,13,13
74845,92,123,-31,31
74846,113,99,14,14
74847,126,106,20,20
74848,65,65,0,0
74849,128,114,14,14
74850,89,85,4,4
74851,100,81,19,19
74852,85,74,11,11
74853,166,139,27,27
74854,100,104,-4,4
74855,119,110,9,9
74856,72,64,8,8
74857,78,73,5,5
74858,70,58,12,12
74859,84,76,8,8
74860,56,49,7,7
74861,18,21,-3,3
74862,75,71,4,4
74863,107,107,0,0
74864,86,70,16,16
74865,128,120,8,8
74866,99,95,4,4
74867,69,68,1,1
74868,130,113,17,17
74869,127,117,10,10
74870,188,166,22,22
74871,99,94,5,5
74872,83,74,9,9
74873,105,90,15,15
74874,56,56,0,0
74875,84,76,8,8
74876,43,45,-2,2
74877,104,106,-2,2
74878,93,85,8,8
74879,111,109,2,2
74880,106,108,-2,2
74881,77,72,5,5
74882,74,64,10,10
74883,138,128,10,10
74884,47,42,5,5
74885,158,145,13,13
74886,111,102,9,9
74887,84,82,2,2
74888,129,125,4,4
74889,76,74,2,2
74890,84,75,9,9
74891,67,61,6,6
74892,61,50,11,11
74893,107,91,16,16
74894,79,63,16,16
74895,112,111,1,1
74896,53,49,4,4
74897,84,73,11,11
74898,46,43,3,3
74899,115,98,17,17
74900,48,39,9,9
74901,51,45,6,6
74902,73,77,-4,4
74903,81,91,-10,10
74904,53,51,2,2
74905,144,129,15,15
74906,93,81,12,12
74907,63,66,-3,3
74908,47,39,8,8
74909,117,98,19,19
74910,172,115,57,57
74911,57,59,-2,2
74912,143,127,16,16
74913,108,103,5,5
74914,140,118,22,22
74915,70,64,6,6
74916,96,86,10,10
74917,107,101,6,6
74918,116,103,13,13
74919,120,110,10,10
74920,60,47,13,13
74921,77,77,0,0
74922,112,105,7,7
74923,97,97,0,0
74924,183,177,6,6
74925,95,86,9,9
74926,92,81,11,11
74927,76,81,-5,5
74928,99,92,7,7
74929,85,71,14,14
74930,76,73,3,3
74931,93,83,10,10
74932,50,51,-1,1
74933,55,56,-1,1
74934,88,79,9,9
74935,97,102,-5,5
74936,83,76,7,7
74937,54,46,8,8
74938,86,76,10,10
74939,77,73,4,4
74940,282,298,-16,16
74941,136,123,13,13
74942,91,72,19,19
74943,150,149,1,1
74944,66,63,3,3
74945,71,71,0,0
74946,87,77,10,10
74947,87,84,3,3
74948,119,113,6,6
74949,148,127,21,21
74950,117,103,14,14
74951,85,80,5,5
74952,97,88,9,9
74953,49,49,0,0
74954,103,98,5,5
74955,38,38,0,0
74956,86,88,-2,2
74957,49,42,7,7
74958,103,90,13,13
74959,103,121,-18,18
74960,45,40,5,5
74961,103,93,10,10
74962,83,72,11,11
74963,95,81,14,14
74964,60,60,0,0
74965,102,97,5,5
74966,138,137,1,1
74967,83,74,9,9
74968,95,88,7,7
74969,96,86,10,10
74970,150,141,9,9
74971,53,45,8,8
74972,133,109,24,24
74973,45,45,0,0
74974,50,44,6,6
74975,35,78,-43,43
74976,103,85,18,18
74977,58,51,7,7
74978,72,70,2,2
74979,100,98,2,2
74980,95,84,11,11
74981,109,91,18,18
74982,57,61,-4,4
74983,68,78,-10,10
74984,89,81,8,8
74985,129,115,14,14
74986,118,108,10,10
74987,114,102,12,12
74988,112,100,12,12
74989,103,90,13,13
74990,95,85,10,10
74991,130,128,2,2
74992,95,78,17,17
74993,129,119,10,10
74994,84,74,10,10
74995,103,100,3,3
74996,146,132,14,14
74997,84,82,2,2
74998,143,123,20,20
74999,84,83,1,1
75000,69,71,-2,2
75001,94,92,2,2
75002,56,66,-10,10
75003,133,127,6,6
75004,49,56,-7,7
75005,58,48,10,10
75006,122,101,21,21
75007,117,108,9,9
75008,87,76,11,11
75009,113,102,11,11
75010,60,55,5,5
75011,65,58,7,7
75012,103,92,11,11
75013,152,128,24,24
75014,121,109,12,12
75015,119,106,13,13
75016,47,49,-2,2
75017,113,98,15,15
75018,101,92,9,9
75019,73,76,-3,3
75020,88,90,-2,2
75021,156,132,24,24
75022,99,84,15,15
75023,86,78,8,8
75024,101,94,7,7
75025,91,81,10,10
75026,59,52,7,7
75027,72,70,2,2
75028,111,90,21,21
75029,108,97,11,11
75030,78,71,7,7
75031,63,61,2,2
75032,97,93,4,4
75033,76,68,8,8
75034,94,96,-2,2
75035,83,73,10,10
75036,72,66,6,6
75037,113,93,20,20
75038,126,113,13,13
75039,86,89,-3,3
75040,67,54,13,13
75041,149,129,20,20
75042,89,74,15,15
75043,115,96,19,19
75044,111,91,20,20
75045,135,130,5,5
75046,54,53,1,1
75047,123,118,5,5
75048,82,83,-1,1
75049,26,32,-6,6
75050,66,60,6,6
75051,117,98,19,19
75052,135,136,-1,1
75053,70,60,10,10
75054,59,54,5,5
75055,141,131,10,10
75056,64,57,7,7
75057,126,119,7,7
75058,97,83,14,14
75059,54,48,6,6
75060,99,89,10,10
75061,138,118,20,20
75062,130,125,5,5
75063,111,83,28,28
75064,81,75,6,6
75065,97,87,10,10
75066,146,134,12,12
75067,92,76,16,16
75068,68,52,16,16
75069,70,67,3,3
75070,79,63,16,16
75071,57,58,-1,1
75072,70,50,20,20
75073,52,53,-1,1
75074,82,84,-2,2
75075,72,67,5,5
75076,86,73,13,13
75077,124,103,21,21
75078,71,65,6,6
75079,75,53,22,22
75080,111,94,17,17
75081,85,73,12,12
75082,77,69,8,8
75083,116,108,8,8
75084,121,121,0,0
75085,63,54,9,9
75086,65,54,11,11
75087,92,88,4,4
75088,115,102,13,13
75089,62,54,8,8
75090,90,80,10,10
75091,50,47,3,3
75092,81,77,4,4
75093,33,33,0,0
75094,141,123,18,18
75095,51,46,5,5
75096,32,36,-4,4
75097,89,95,-6,6
75098,117,106,11,11
75099,97,95,2,2
75100,92,78,14,14
75101,71,63,8,8
75102,76,71,5,5
75103,42,41,1,1
75104,84,87,-3,3
75105,87,87,0,0
75106,153,135,18,18
75107,91,84,7,7
75108,59,75,-16,16
75109,69,64,5,5
75110,109,90,19,19
75111,115,100,15,15
75112,169,157,12,12
75113,67,63,4,4
75114,96,87,9,9
75115,94,83,11,11
75116,173,136,37,37
75117,96,84,12,12
75118,127,97,30,30
75119,58,51,7,7
75120,69,59,10,10
75121,68,64,4,4
75122,141,130,11,11
75123,110,123,-13,13
75124,46,84,-38,38
75125,56,107,-51,51
75126,99,98,1,1
75127,117,103,14,14
75128,53,49,4,4
75129,92,84,8,8
75130,100,103,-3,3
75131,100,82,18,18
75132,92,93,-1,1
75133,67,55,12,12
75134,148,122,26,26
75135,122,113,9,9
75136,162,143,19,19
75137,86,79,7,7
75138,165,138,27,27
75139,106,86,20,20
75140,84,92,-8,8
75141,97,88,9,9
75142,61,54,7,7
75143,187,176,11,11
75144,153,152,1,1
75145,57,56,1,1
75146,101,91,10,10
75147,154,119,35,35
75148,108,98,10,10
75149,55,48,7,7
75150,113,94,19,19
75151,55,48,7,7
75152,101,84,17,17
75153,91,86,5,5
75154,89,82,7,7
75155,96,81,15,15
75156,52,54,-2,2
75157,54,51,3,3
75158,69,64,5,5
75159,95,99,-4,4
75160,88,74,14,14
75161,126,114,12,12
75162,82,83,-1,1
75163,76,76,0,0
75164,112,97,15,15
75165,117,101,16,16
75166,113,102,11,11
75167,97,84,13,13
75168,98,90,8,8
75169,83,72,11,11
75170,76,66,10,10
75171,80,69,11,11
75172,111,98,13,13
75173,135,117,18,18
75174,62,61,1,1
75175,140,129,11,11
75176,68,64,4,4
75177,141,135,6,6
75178,53,58,-5,5
75179,140,131,9,9
75180,74,64,10,10
75181,70,66,4,4
75182,78,79,-1,1
75183,103,90,13,13
75184,97,86,11,11
75185,75,68,7,7
75186,143,135,8,8
75187,163,146,17,17
75188,71,63,8,8
75189,58,50,8,8
75190,69,62,7,7
75191,72,67,5,5
75192,158,146,12,12
75193,93,94,-1,1
75194,80,75,5,5
75195,142,120,22,22
75196,46,57,-11,11
75197,76,63,13,13
75198,129,153,-24,24
75199,82,72,10,10
75200,146,126,20,20
75201,93,82,11,11
75202,113,99,14,14
75203,142,138,4,4
75204,72,62,10,10
75205,74,66,8,8
75206,88,98,-10,10
75207,105,104,1,1
75208,110,109,1,1
75209,83,74,9,9
75210,27,39,-12,12
75211,136,123,13,13
75212,81,71,10,10
75213,98,83,15,15
75214,120,109,11,11
75215,92,70,22,22
75216,145,120,25,25
75217,137,123,14,14
75218,103,101,2,2
75219,121,123,-2,2
75220,54,57,-3,3
75221,112,101,11,11
75222,76,72,4,4
75223,89,80,9,9
75224,160,127,33,33
75225,28,38,-10,10
75226,76,64,12,12
75227,165,150,15,15
75228,100,83,17,17
75229,152,128,24,24
75230,82,74,8,8
75231,94,79,15,15
75232,60,59,1,1
75233,125,113,12,12
75234,69,66,3,3
75235,120,87,33,33
75236,91,80,11,11
75237,96,81,15,15
75238,45,42,3,3
75239,56,52,4,4
75240,76,67,9,9
75241,75,73,2,2
75242,79,73,6,6
75243,124,108,16,16
75244,106,92,14,14
75245,122,108,14,14
75246,51,51,0,0
75247,69,63,6,6
75248,85,84,1,1
75249,115,139,-24,24
75250,115,97,18,18
75251,115,101,14,14
75252,60,62,-2,2
75253,76,70,6,6
75254,32,34,-2,2
75255,79,75,4,4
75256,44,41,3,3
75257,58,56,2,2
75258,130,117,13,13
75259,132,115,17,17
75260,79,73,6,6
75261,92,88,4,4
75262,144,128,16,16
75263,54,54,0,0
75264,133,110,23,23
75265,64,71,-7,7
75266,92,82,10,10
75267,156,141,15,15
75268,58,52,6,6
75269,82,63,19,19
75270,86,77,9,9
75271,173,155,18,18
75272,94,81,13,13
75273,60,60,0,0
75274,108,96,12,12
75275,126,113,13,13
75276,56,49,7,7
75277,98,92,6,6
75278,92,75,17,17
75279,117,99,18,18
75280,52,43,9,9
75281,94,81,13,13
75282,78,70,8,8
75283,76,94,-18,18
75284,67,58,9,9
75285,124,119,5,5
75286,128,118,10,10
75287,73,61,12,12
75288,62,53,9,9
75289,100,97,3,3
75290,130,124,6,6
75291,61,53,8,8
75292,262,211,51,51
75293,60,52,8,8
75294,102,102,0,0
75295,57,51,6,6
75296,97,95,2,2
75297,84,80,4,4
75298,61,78,-17,17
75299,135,115,20,20
75300,104,79,25,25
75301,79,73,6,6
75302,187,148,39,39
75303,62,53,9,9
75304,94,84,10,10
75305,94,95,-1,1
75306,94,79,15,15
75307,126,107,19,19
75308,126,104,22,22
75309,108,94,14,14
75310,60,45,15,15
75311,93,98,-5,5
75312,53,46,7,7
75313,61,56,5,5
75314,79,72,7,7
75315,74,65,9,9
75316,50,43,7,7
75317,75,50,25,25
75318,40,44,-4,4
75319,47,43,4,4
75320,78,74,4,4
75321,51,50,1,1
75322,97,90,7,7
75323,54,44,10,10
75324,100,95,5,5
75325,91,83,8,8
75326,48,47,1,1
75327,46,44,2,2
75328,153,138,15,15
75329,123,115,8,8
75330,52,54,-2,2
75331,92,75,17,17
75332,71,73,-2,2
75333,141,121,20,20
75334,46,37,9,9
75335,72,70,2,2
75336,84,74,10,10
75337,82,82,0,0
75338,78,69,9,9
75339,77,64,13,13
75340,93,72,21,21
75341,47,46,1,1
75342,67,61,6,6
75343,67,62,5,5
75344,113,94,19,19
75345,179,161,18,18
75346,95,91,4,4
75347,164,151,13,13
75348,45,45,0,0
75349,127,107,20,20
75350,118,118,0,0
75351,96,81,15,15
75352,57,52,5,5
75353,151,139,12,12
75354,69,70,-1,1
75355,79,69,10,10
75356,86,78,8,8
75357,186,167,19,19
75358,147,124,23,23
75359,109,103,6,6
75360,97,81,16,16
75361,110,97,13,13
75362,69,60,9,9
75363,65,62,3,3
75364,119,101,18,18
75365,58,61,-3,3
75366,77,67,10,10
75367,97,91,6,6
75368,95,85,10,10
75369,123,116,7,7
75370,107,121,-14,14
75371,117,104,13,13
75372,72,77,-5,5
75373,119,103,16,16
75374,103,93,10,10
75375,129,119,10,10
75376,83,69,14,14
75377,248,215,33,33
75378,93,75,18,18
75379,129,120,9,9
75380,68,69,-1,1
75381,117,106,11,11
75382,87,81,6,6
75383,118,105,13,13
75384,98,84,14,14
75385,103,100,3,3
75386,69,64,5,5
75387,110,94,16,16
75388,125,108,17,17
75389,113,103,10,10
75390,112,100,12,12
75391,81,67,14,14
75392,86,81,5,5
75393,148,127,21,21
75394,102,88,14,14
75395,31,32,-1,1
75396,64,60,4,4
75397,114,109,5,5
75398,87,81,6,6
75399,127,108,19,19
75400,91,92,-1,1
75401,74,62,12,12
75402,175,147,28,28
75403,223,169,54,54
75404,87,68,19,19
75405,67,58,9,9
75406,59,55,4,4
75407,104,85,19,19
75408,64,78,-14,14
75409,149,145,4,4
75410,125,110,15,15
75411,45,41,4,4
75412,93,90,3,3
75413,86,81,5,5
75414,80,68,12,12
75415,73,59,14,14
75416,92,77,15,15
75417,120,126,-6,6
75418,126,108,18,18
75419,73,67,6,6
75420,54,55,-1,1
75421,65,60,5,5
75422,100,91,9,9
75423,105,91,14,14
75424,85,71,14,14
75425,100,86,14,14
75426,81,79,2,2
75427,67,60,7,7
75428,174,157,17,17
75429,132,114,18,18
75430,127,94,33,33
75431,96,96,0,0
75432,73,63,10,10
75433,86,75,11,11
75434,73,66,7,7
75435,124,112,12,12
75436,75,68,7,7
75437,49,57,-8,8
75438,99,118,-19,19
75439,55,50,5,5
75440,141,110,31,31
75441,62,61,1,1
75442,75,66,9,9
75443,99,90,9,9
75444,97,85,12,12
75445,104,98,6,6
75446,96,82,14,14
75447,122,112,10,10
75448,101,77,24,24
75449,109,103,6,6
75450,111,102,9,9
75451,99,85,14,14
75452,77,78,-1,1
75453,118,115,3,3
75454,89,77,12,12
75455,75,75,0,0
75456,59,58,1,1
75457,57,58,-1,1
75458,99,85,14,14
75459,88,70,18,18
75460,106,92,14,14
75461,101,98,3,3
75462,131,116,15,15
75463,127,118,9,9
75464,65,56,9,9
75465,101,81,20,20
75466,140,123,17,17
75467,122,110,12,12
75468,80,73,7,7
75469,128,122,6,6
75470,85,79,6,6
75471,111,105,6,6
75472,78,82,-4,4
75473,93,81,12,12
75474,42,41,1,1
75475,66,50,16,16
75476,95,92,3,3
75477,90,68,22,22
75478,100,97,3,3
75479,82,73,9,9
75480,67,71,-4,4
75481,105,88,17,17
75482,110,95,15,15
75483,56,53,3,3
75484,37,33,4,4
75485,65,63,2,2
75486,72,63,9,9
75487,106,98,8,8
75488,99,86,13,13
75489,104,93,11,11
75490,87,82,5,5
75491,76,75,1,1
75492,53,40,13,13
75493,57,57,0,0
75494,69,57,12,12
75495,83,73,10,10
75496,56,56,0,0
75497,78,72,6,6
75498,95,98,-3,3
75499,78,69,9,9
75500,74,64,10,10
75501,82,95,-13,13
75502,95,84,11,11
75503,85,75,10,10
75504,63,61,2,2
75505,124,113,11,11
75506,67,56,11,11
75507,112,99,13,13
75508,94,86,8,8
75509,69,62,7,7
75510,121,121,0,0
75511,82,79,3,3
75512,111,97,14,14
75513,126,117,9,9
75514,74,62,12,12
75515,81,70,11,11
75516,100,91,9,9
75517,148,126,22,22
75518,88,79,9,9
75519,70,62,8,8
75520,150,122,28,28
75521,88,78,10,10
75522,28,31,-3,3
75523,93,82,11,11
75524,96,96,0,0
75525,90,80,10,10
75526,150,148,2,2
75527,75,73,2,2
75528,93,95,-2,2
75529,150,135,15,15
75530,123,93,30,30
75531,133,125,8,8
75532,69,79,-10,10
75533,167,133,34,34
75534,46,33,13,13
75535,92,83,9,9
75536,54,49,5,5
75537,154,129,25,25
75538,45,40,5,5
75539,137,124,13,13
75540,115,100,15,15
75541,99,81,18,18
75542,93,81,12,12
75543,83,69,14,14
75544,115,95,20,20
75545,23,50,-27,27
75546,92,85,7,7
75547,85,82,3,3
75548,80,67,13,13
75549,190,180,10,10
75550,95,83,12,12
75551,153,123,30,30
75552,83,83,0,0
75553,51,47,4,4
75554,85,77,8,8
75555,85,81,4,4
75556,59,62,-3,3
75557,172,149,23,23
75558,53,49,4,4
75559,128,105,23,23
75560,72,67,5,5
75561,130,113,17,17
75562,54,53,1,1
75563,145,112,33,33
75564,94,93,1,1
75565,111,100,11,11
75566,35,50,-15,15
75567,74,72,2,2
75568,85,82,3,3
75569,129,115,14,14
75570,49,51,-2,2
75571,56,58,-2,2
75572,99,87,12,12
75573,79,87,-8,8
75574,129,114,15,15
75575,74,68,6,6
75576,78,77,1,1
75577,70,63,7,7
75578,157,161,-4,4
75579,98,92,6,6
75580,66,64,2,2
75581,75,70,5,5
75582,76,66,10,10
75583,94,94,0,0
75584,100,83,17,17
75585,50,46,4,4
75586,98,90,8,8
75587,96,94,2,2
75588,134,127,7,7
75589,108,90,18,18
75590,212,193,19,19
75591,138,125,13,13
75592,88,76,12,12
75593,12,23,-11,11
75594,66,61,5,5
75595,98,81,17,17
75596,110,97,13,13
75597,75,66,9,9
75598,146,142,4,4
75599,176,162,14,14
75600,91,77,14,14
75601,88,79,9,9
75602,51,46,5,5
75603,190,162,28,28
75604,128,113,15,15
75605,74,68,6,6
75606,83,78,5,5
75607,64,60,4,4
75608,127,119,8,8
75609,130,113,17,17
75610,95,79,16,16
75611,66,139,-73,73
75612,46,35,11,11
75613,79,73,6,6
75614,110,96,14,14
75615,116,106,10,10
75616,68,69,-1,1
75617,70,77,-7,7
75618,59,62,-3,3
75619,107,84,23,23
75620,77,79,-2,2
75621,97,107,-10,10
75622,160,140,20,20
75623,130,132,-2,2
75624,60,55,5,5
75625,104,91,13,13
75626,91,81,10,10
75627,89,91,-2,2
75628,49,47,2,2
75629,155,142,13,13
75630,94,82,12,12
75631,146,134,12,12
75632,87,85,2,2
75633,127,113,14,14
75634,79,77,2,2
75635,93,86,7,7
75636,121,116,5,5
75637,74,65,9,9
75638,113,104,9,9
75639,163,139,24,24
75640,122,99,23,23
75641,118,112,6,6
75642,56,54,2,2
75643,129,110,19,19
75644,128,114,14,14
75645,159,139,20,20
75646,62,58,4,4
75647,108,102,6,6
75648,72,66,6,6
75649,79,75,4,4
75650,166,151,15,15
75651,62,62,0,0
75652,144,137,7,7
75653,129,111,18,18
75654,72,66,6,6
75655,93,78,15,15
75656,86,86,0,0
75657,126,108,18,18
75658,86,75,11,11
75659,87,77,10,10
75660,183,166,17,17
75661,68,58,10,10
75662,80,69,11,11
75663,63,67,-4,4
75664,61,58,3,3
75665,103,95,8,8
75666,46,45,1,1
75667,107,91,16,16
75668,127,117,10,10
75669,89,77,12,12
75670,104,95,9,9
75671,82,81,1,1
75672,114,108,6,6
75673,82,75,7,7
75674,109,106,3,3
75675,105,95,10,10
75676,67,63,4,4
75677,64,56,8,8
75678,109,97,12,12
75679,50,47,3,3
75680,49,44,5,5
75681,89,84,5,5
75682,163,146,17,17
75683,64,63,1,1
75684,180,152,28,28
75685,73,112,-39,39
75686,155,136,19,19
75687,106,98,8,8
75688,102,89,13,13
75689,142,128,14,14
75690,62,53,9,9
75691,93,87,6,6
75692,125,99,26,26
75693,71,65,6,6
75694,62,63,-1,1
75695,129,118,11,11
75696,109,111,-2,2
75697,174,155,19,19
75698,103,97,6,6
75699,124,106,18,18
75700,74,73,1,1
75701,96,85,11,11
75702,112,99,13,13
75703,78,73,5,5
75704,59,54,5,5
75705,54,52,2,2
75706,86,74,12,12
75707,99,102,-3,3
75708,120,125,-5,5
75709,134,116,18,18
75710,141,119,22,22
75711,99,93,6,6
75712,92,82,10,10
75713,121,112,9,9
75714,74,64,10,10
75715,101,82,19,19
75716,14,85,-71,71
75717,80,70,10,10
75718,88,73,15,15
75719,60,60,0,0
75720,112,102,10,10
75721,153,125,28,28
75722,108,97,11,11
75723,98,91,7,7
75724,78,89,-11,11
75725,115,132,-17,17
75726,71,64,7,7
75727,129,119,10,10
75728,56,55,1,1
75729,68,60,8,8
75730,80,70,10,10
75731,110,111,-1,1
75732,86,86,0,0
75733,139,124,15,15
75734,125,110,15,15
75735,73,68,5,5
75736,122,105,17,17
75737,99,91,8,8
75738,78,67,11,11
75739,150,127,23,23
75740,112,87,25,25
75741,95,90,5,5
75742,85,73,12,12
75743,67,62,5,5
75744,91,79,12,12
75745,110,94,16,16
75746,88,63,25,25
75747,115,119,-4,4
75748,78,72,6,6
75749,89,92,-3,3
75750,71,63,8,8
75751,65,56,9,9
75752,67,73,-6,6
75753,144,122,22,22
75754,98,93,5,5
75755,78,69,9,9
75756,130,124,6,6
75757,75,71,4,4
75758,83,69,14,14
75759,72,62,10,10
75760,106,94,12,12
75761,44,40,4,4
75762,108,98,10,10
75763,80,65,15,15
75764,98,93,5,5
75765,97,87,10,10
75766,124,126,-2,2
75767,96,79,17,17
75768,71,65,6,6
75769,118,110,8,8
75770,115,100,15,15
75771,88,79,9,9
75772,104,95,9,9
75773,75,62,13,13
75774,115,100,15,15
75775,94,75,19,19
75776,97,92,5,5
75777,71,67,4,4
75778,73,80,-7,7
75779,64,62,2,2
75780,61,58,3,3
75781,46,41,5,5
75782,81,75,6,6
75783,56,54,2,2
75784,99,90,9,9
75785,131,132,-1,1
75786,75,85,-10,10
75787,74,63,11,11
75788,111,99,12,12
75789,136,120,16,16
75790,81,70,11,11
75791,50,49,1,1
75792,95,85,10,10
75793,108,111,-3,3
75794,62,97,-35,35
75795,78,70,8,8
75796,92,77,15,15
75797,42,42,0,0
75798,102,101,1,1
75799,104,98,6,6
75800,55,61,-6,6
75801,69,68,1,1
75802,90,84,6,6
75803,63,54,9,9
75804,101,96,5,5
75805,43,40,3,3
75806,69,66,3,3
75807,109,98,11,11
75808,142,133,9,9
75809,140,124,16,16
75810,67,63,4,4
75811,62,55,7,7
75812,114,96,18,18
75813,107,95,12,12
75814,85,94,-9,9
75815,167,153,14,14
75816,163,155,8,8
75817,85,80,5,5
75818,73,72,1,1
75819,109,94,15,15
75820,61,60,1,1
75821,77,71,6,6
75822,207,168,39,39
75823,99,91,8,8
75824,182,157,25,25
75825,99,90,9,9
75826,83,78,5,5
75827,75,71,4,4
75828,139,127,12,12
75829,47,40,7,7
75830,65,71,-6,6
75831,143,107,36,36
75832,73,67,6,6
75833,79,75,4,4
75834,85,70,15,15
75835,88,82,6,6
75836,141,121,20,20
75837,71,85,-14,14
75838,96,86,10,10
75839,153,134,19,19
75840,133,113,20,20
75841,80,77,3,3
75842,171,162,9,9
75843,125,120,5,5
75844,91,75,16,16
75845,61,59,2,2
75846,131,111,20,20
75847,136,108,28,28
75848,58,54,4,4
75849,93,83,10,10
75850,88,81,7,7
75851,68,62,6,6
75852,129,117,12,12
75853,127,106,21,21
75854,98,132,-34,34
75855,87,80,7,7
75856,84,78,6,6
75857,51,71,-20,20
75858,72,64,8,8
75859,144,128,16,16
75860,96,88,8,8
75861,61,53,8,8
75862,86,75,11,11
75863,78,67,11,11
75864,51,49,2,2
75865,151,134,17,17
75866,109,96,13,13
75867,108,107,1,1
75868,80,68,12,12
75869,67,54,13,13
75870,125,128,-3,3
75871,75,64,11,11
75872,176,162,14,14
75873,105,98,7,7
75874,82,80,2,2
75875,146,132,14,14
75876,49,76,-27,27
75877,68,78,-10,10
75878,119,113,6,6
75879,40,35,5,5
75880,118,108,10,10
75881,65,59,6,6
75882,92,87,5,5
75883,69,59,10,10
75884,110,97,13,13
75885,94,83,11,11
75886,152,165,-13,13
75887,118,108,10,10
75888,72,67,5,5
75889,141,120,21,21
75890,43,44,-1,1
75891,122,104,18,18
75892,73,66,7,7
75893,92,78,14,14
75894,101,101,0,0
75895,66,54,12,12
75896,70,60,10,10
75897,43,40,3,3
75898,84,68,16,16
75899,83,87,-4,4
75900,71,61,10,10
75901,97,81,16,16
75902,116,103,13,13
75903,107,107,0,0
75904,152,134,18,18
75905,130,138,-8,8
75906,49,43,6,6
75907,111,97,14,14
75908,124,100,24,24
75909,75,66,9,9
75910,112,120,-8,8
75911,111,107,4,4
75912,97,88,9,9
75913,47,35,12,12
75914,114,92,22,22
75915,107,104,3,3
75916,93,84,9,9
75917,107,95,12,12
75918,114,105,9,9
75919,124,122,2,2
75920,133,110,23,23
75921,64,54,10,10
75922,80,77,3,3
75923,155,130,25,25
75924,98,100,-2,2
75925,82,62,20,20
75926,50,46,4,4
75927,64,57,7,7
75928,97,93,4,4
75929,123,104,19,19
75930,46,47,-1,1
75931,78,65,13,13
75932,122,111,11,11
75933,181,154,27,27
75934,64,63,1,1
75935,56,52,4,4
75936,72,73,-1,1
75937,141,123,18,18
75938,126,110,16,16
75939,71,58,13,13
75940,81,65,16,16
75941,137,118,19,19
75942,91,82,9,9
75943,117,102,15,15
75944,160,147,13,13
75945,101,82,19,19
75946,55,60,-5,5
75947,104,98,6,6
75948,72,66,6,6
75949,165,147,18,18
75950,74,65,9,9
75951,72,68,4,4
75952,138,106,32,32
75953,87,77,10,10
75954,66,58,8,8
75955,78,75,3,3
75956,80,69,11,11
75957,111,107,4,4
75958,132,120,12,12
75959,70,65,5,5
75960,96,85,11,11
75961,127,116,11,11
75962,121,111,10,10
75963,57,51,6,6
75964,203,181,22,22
75965,94,83,11,11
75966,81,88,-7,7
75967,52,47,5,5
75968,150,127,23,23
75969,83,104,-21,21
75970,99,80,19,19
75971,64,57,7,7
75972,79,72,7,7
75973,81,76,5,5
75974,47,47,0,0
75975,54,53,1,1
75976,152,133,19,19
75977,44,47,-3,3
75978,87,79,8,8
75979,161,143,18,18
75980,83,75,8,8
75981,75,69,6,6
75982,111,110,1,1
75983,60,52,8,8
75984,98,83,15,15
75985,74,74,0,0
75986,81,68,13,13
75987,113,104,9,9
75988,110,93,17,17
75989,84,77,7,7
75990,57,52,5,5
75991,70,61,9,9
75992,175,144,31,31
75993,95,88,7,7
75994,94,84,10,10
75995,107,95,12,12
75996,75,70,5,5
75997,85,86,-1,1
75998,162,133,29,29
75999,93,86,7,7
76000,73,68,5,5
76001,86,78,8,8
76002,179,158,21,21
76003,202,181,21,21
76004,98,93,5,5
76005,85,81,4,4
76006,37,41,-4,4
76007,121,104,17,17
76008,128,105,23,23
76009,87,89,-2,2
76010,141,135,6,6
76011,70,59,11,11
76012,151,147,4,4
76013,116,105,11,11
76014,81,70,11,11
76015,81,67,14,14
76016,89,81,8,8
76017,124,97,27,27
76018,94,87,7,7
76019,56,59,-3,3
76020,151,137,14,14
76021,157,138,19,19
76022,70,65,5,5
76023,154,140,14,14
76024,130,117,13,13
76025,121,106,15,15
76026,119,116,3,3
76027,94,88,6,6
76028,62,67,-5,5
76029,99,83,16,16
76030,82,69,13,13
76031,145,134,11,11
76032,107,109,-2,2
76033,107,99,8,8
76034,128,111,17,17
76035,52,49,3,3
76036,103,93,10,10
76037,70,66,4,4
76038,161,150,11,11
76039,74,69,5,5
76040,70,60,10,10
76041,114,95,19,19
76042,150,139,11,11
76043,105,108,-3,3
76044,119,116,3,3
76045,71,69,2,2
76046,102,86,16,16
76047,43,52,-9,9
76048,84,78,6,6
76049,70,67,3,3
76050,82,75,7,7
76051,74,57,17,17
76052,98,90,8,8
76053,55,55,0,0
76054,110,103,7,7
76055,145,140,5,5
76056,80,71,9,9
76057,137,127,10,10
76058,77,78,-1,1
76059,80,63,17,17
76060,73,61,12,12
76061,83,70,13,13
76062,100,84,16,16
76063,85,75,10,10
76064,101,96,5,5
76065,79,74,5,5
76066,89,87,2,2
76067,60,57,3,3
76068,112,88,24,24
76069,173,157,16,16
76070,60,52,8,8
76071,41,31,10,10
76072,57,59,-2,2
76073,88,83,5,5
76074,101,87,14,14
76075,82,65,17,17
76076,100,90,10,10
76077,85,78,7,7
76078,117,96,21,21
76079,83,80,3,3
76080,162,131,31,31
76081,59,53,6,6
76082,127,109,18,18
76083,170,143,27,27
76084,114,96,18,18
76085,111,100,11,11
76086,44,39,5,5
76087,91,87,4,4
76088,76,75,1,1
76089,64,65,-1,1
76090,67,59,8,8
76091,135,118,17,17
76092,75,70,5,5
76093,110,97,13,13
76094,84,72,12,12
76095,77,66,11,11
76096,97,92,5,5
76097,85,84,1,1
76098,61,52,9,9
76099,86,78,8,8
76100,75,66,9,9
76101,83,101,-18,18
76102,168,150,18,18
76103,97,89,8,8
76104,64,61,3,3
76105,126,108,18,18
76106,85,82,3,3
76107,111,106,5,5
76108,87,77,10,10
76109,101,103,-2,2
76110,162,109,53,53
76111,143,135,8,8
76112,123,107,16,16
76113,82,71,11,11
76114,101,90,11,11
76115,92,95,-3,3
76116,87,92,-5,5
76117,93,76,17,17
76118,100,99,1,1
76119,92,79,13,13
76120,85,68,17,17
76121,49,45,4,4
76122,79,83,-4,4
76123,58,51,7,7
76124,85,83,2,2
76125,61,55,6,6
76126,140,126,14,14
76127,127,122,5,5
76128,152,138,14,14
76129,67,56,11,11
76130,64,58,6,6
76131,136,125,11,11
76132,74,63,11,11
76133,100,82,18,18
76134,158,129,29,29
76135,80,78,2,2
76136,88,78,10,10
76137,110,108,2,2
76138,74,61,13,13
76139,116,113,3,3
76140,82,68,14,14
76141,117,102,15,15
76142,81,73,8,8
76143,74,66,8,8
76144,104,92,12,12
76145,147,123,24,24
76146,82,70,12,12
76147,50,44,6,6
76148,180,155,25,25
76149,182,173,9,9
76150,63,68,-5,5
76151,190,152,38,38
76152,122,128,-6,6
76153,99,84,15,15
76154,66,65,1,1
76155,53,64,-11,11
76156,63,59,4,4
76157,125,125,0,0
76158,112,95,17,17
76159,85,81,4,4
76160,56,53,3,3
76161,85,78,7,7
76162,70,73,-3,3
76163,83,80,3,3
76164,135,123,12,12
76165,57,49,8,8
76166,84,75,9,9
76167,90,94,-4,4
76168,59,59,0,0
76169,77,66,11,11
76170,64,56,8,8
76171,99,91,8,8
76172,109,93,16,16
76173,97,90,7,7
76174,92,80,12,12
76175,87,84,3,3
76176,42,37,5,5
76177,74,75,-1,1
76178,162,166,-4,4
76179,125,100,25,25
76180,178,168,10,10
76181,98,96,2,2
76182,89,87,2,2
76183,72,63,9,9
76184,78,69,9,9
76185,53,54,-1,1
76186,85,69,16,16
76187,122,108,14,14
76188,101,101,0,0
76189,81,71,10,10
76190,128,84,44,44
76191,98,91,7,7
76192,154,155,-1,1
76193,122,117,5,5
76194,63,54,9,9
76195,83,85,-2,2
76196,98,90,8,8
76197,70,65,5,5
76198,89,97,-8,8
76199,111,109,2,2
76200,44,49,-5,5
76201,48,52,-4,4
76202,104,92,12,12
76203,106,95,11,11
76204,148,121,27,27
76205,128,122,6,6
76206,118,107,11,11
76207,105,85,20,20
76208,141,137,4,4
76209,115,94,21,21
76210,161,145,16,16
76211,71,84,-13,13
76212,149,130,19,19
76213,77,73,4,4
76214,117,99,18,18
76215,119,108,11,11
76216,116,97,19,19
76217,88,81,7,7
76218,107,101,6,6
76219,72,73,-1,1
76220,137,143,-6,6
76221,122,119,3,3
76222,126,115,11,11
76223,50,51,-1,1
76224,119,97,22,22
76225,79,64,15,15
76226,124,122,2,2
76227,128,119,9,9
76228,132,109,23,23
76229,90,81,9,9
76230,95,87,8,8
76231,97,81,16,16
76232,63,60,3,3
76233,109,94,15,15
76234,133,133,0,0
76235,104,97,7,7
76236,35,61,-26,26
76237,72,68,4,4
76238,65,65,0,0
76239,120,101,19,19
76240,135,142,-7,7
76241,130,112,18,18
76242,137,126,11,11
76243,81,72,9,9
76244,83,77,6,6
76245,51,51,0,0
76246,77,73,4,4
76247,116,100,16,16
76248,72,70,2,2
76249,97,95,2,2
76250,78,68,10,10
76251,63,55,8,8
76252,130,124,6,6
76253,158,140,18,18
76254,75,75,0,0
76255,76,67,9,9
76256,101,92,9,9
76257,44,48,-4,4
76258,74,66,8,8
76259,98,82,16,16
76260,134,126,8,8
76261,104,92,12,12
76262,88,78,10,10
76263,179,163,16,16
76264,46,47,-1,1
76265,141,129,12,12
76266,91,74,17,17
76267,72,66,6,6
76268,82,74,8,8
76269,73,64,9,9
76270,139,121,18,18
76271,124,108,16,16
76272,100,86,14,14
76273,98,85,13,13
76274,80,72,8,8
76275,97,105,-8,8
76276,62,61,1,1
76277,136,124,12,12
76278,93,80,13,13
76279,104,94,10,10
76280,158,141,17,17
76281,105,89,16,16
76282,82,64,18,18
76283,150,137,13,13
76284,161,140,21,21
76285,68,59,9,9
76286,97,93,4,4
76287,106,93,13,13
76288,75,65,10,10
76289,95,85,10,10
76290,84,78,6,6
76291,144,119,25,25
76292,115,105,10,10
76293,45,46,-1,1
76294,99,86,13,13
76295,91,79,12,12
76296,75,62,13,13
76297,134,108,26,26
76298,69,58,11,11
76299,74,68,6,6
76300,53,49,4,4
76301,74,71,3,3
76302,95,86,9,9
76303,54,54,0,0
76304,96,85,11,11
76305,93,83,10,10
76306,108,96,12,12
76307,104,108,-4,4
76308,80,72,8,8
76309,87,72,15,15
76310,98,96,2,2
76311,60,58,2,2
76312,65,63,2,2
76313,75,75,0,0
76314,80,81,-1,1
76315,81,81,0,0
76316,123,106,17,17
76317,89,88,1,1
76318,142,130,12,12
76319,64,56,8,8
76320,100,95,5,5
76321,45,46,-1,1
76322,118,100,18,18
76323,73,67,6,6
76324,74,70,4,4
76325,102,100,2,2
76326,66,70,-4,4
76327,120,115,5,5
76328,57,51,6,6
76329,149,123,26,26
76330,131,122,9,9
76331,81,69,12,12
76332,61,56,5,5
76333,89,84,5,5
76334,66,56,10,10
76335,64,61,3,3
76336,76,71,5,5
76337,124,107,17,17
76338,48,51,-3,3
76339,68,62,6,6
76340,100,93,7,7
76341,96,88,8,8
76342,50,42,8,8
76343,85,80,5,5
76344,85,78,7,7
76345,61,58,3,3
76346,91,73,18,18
76347,72,63,9,9
76348,129,105,24,24
76349,104,90,14,14
76350,54,60,-6,6
76351,53,48,5,5
76352,105,105,0,0
76353,91,94,-3,3
76354,66,66,0,0
76355,59,53,6,6
76356,118,106,12,12
76357,109,107,2,2
76358,63,59,4,4
76359,63,51,12,12
76360,68,62,6,6
76361,166,166,0,0
76362,84,70,14,14
76363,66,56,10,10
76364,100,104,-4,4
76365,104,89,15,15
76366,65,58,7,7
76367,57,55,2,2
76368,99,90,9,9
76369,96,103,-7,7
76370,71,62,9,9
76371,57,58,-1,1
76372,105,103,2,2
76373,88,76,12,12
76374,54,51,3,3
76375,181,151,30,30
76376,100,90,10,10
76377,103,91,12,12
76378,138,117,21,21
76379,65,63,2,2
76380,71,64,7,7
76381,70,61,9,9
76382,72,64,8,8
76383,66,56,10,10
76384,79,70,9,9
76385,169,155,14,14
76386,129,112,17,17
76387,129,99,30,30
76388,63,57,6,6
76389,92,82,10,10
76390,109,101,8,8
76391,58,55,3,3
76392,108,90,18,18
76393,107,88,19,19
76394,162,146,16,16
76395,57,52,5,5
76396,109,106,3,3
76397,86,79,7,7
76398,91,79,12,12
76399,89,71,18,18
76400,93,87,6,6
76401,70,63,7,7
76402,73,67,6,6
76403,71,62,9,9
76404,59,49,10,10
76405,166,144,22,22
76406,71,57,14,14
76407,71,56,15,15
76408,132,108,24,24
76409,103,101,2,2
76410,114,98,16,16
76411,103,102,1,1
76412,98,91,7,7
76413,92,76,16,16
76414,102,100,2,2
76415,113,109,4,4
76416,130,143,-13,13
76417,56,58,-2,2
76418,127,111,16,16
76419,53,61,-8,8
76420,129,116,13,13
76421,93,81,12,12
76422,133,115,18,18
76423,93,81,12,12
76424,92,85,7,7
76425,45,48,-3,3
76426,96,80,16,16
76427,104,115,-11,11
76428,65,60,5,5
76429,114,99,15,15
76430,52,46,6,6
76431,80,76,4,4
76432,135,120,15,15
76433,78,97,-19,19
76434,69,62,7,7
76435,61,50,11,11
76436,75,65,10,10
76437,131,125,6,6
76438,108,107,1,1
76439,96,87,9,9
76440,178,154,24,24
76441,171,160,11,11
76442,81,71,10,10
76443,91,79,12,12
76444,69,68,1,1
76445,146,123,23,23
76446,111,88,23,23
76447,65,60,5,5
76448,86,75,11,11
76449,79,85,-6,6
76450,108,92,16,16
76451,94,86,8,8
76452,107,97,10,10
76453,100,85,15,15
76454,121,103,18,18
76455,144,141,3,3
76456,66,61,5,5
76457,40,36,4,4
76458,99,92,7,7
76459,32,39,-7,7
76460,69,62,7,7
76461,145,132,13,13
76462,76,74,2,2
76463,85,76,9,9
76464,53,51,2,2
76465,27,31,-4,4
76466,55,57,-2,2
76467,41,36,5,5
76468,57,55,2,2
76469,83,48,35,35
76470,77,67,10,10
76471,85,86,-1,1
76472,118,99,19,19
76473,55,53,2,2
76474,62,56,6,6
76475,111,100,11,11
76476,108,95,13,13
76477,89,84,5,5
76478,97,86,11,11
76479,94,91,3,3
76480,61,55,6,6
76481,82,82,0,0
76482,83,80,3,3
76483,140,117,23,23
76484,152,123,29,29
76485,86,72,14,14
76486,33,31,2,2
76487,88,78,10,10
76488,71,62,9,9
76489,97,104,-7,7
76490,81,80,1,1
76491,129,115,14,14
76492,55,51,4,4
76493,122,115,7,7
76494,103,102,1,1
76495,98,84,14,14
76496,89,78,11,11
76497,87,76,11,11
76498,79,77,2,2
76499,98,100,-2,2
76500,49,50,-1,1
76501,82,73,9,9
76502,120,112,8,8
76503,108,97,11,11
76504,169,147,22,22
76505,161,143,18,18
76506,134,129,5,5
76507,96,92,4,4
76508,56,54,2,2
76509,101,99,2,2
76510,86,86,0,0
76511,82,76,6,6
76512,85,83,2,2
76513,79,69,10,10
76514,78,75,3,3
76515,105,86,19,19
76516,142,126,16,16
76517,65,65,0,0
76518,57,55,2,2
76519,81,74,7,7
76520,139,105,34,34
76521,84,72,12,12
76522,81,74,7,7
76523,154,125,29,29
76524,147,125,22,22
76525,153,132,21,21
76526,73,69,4,4
76527,141,124,17,17
76528,43,43,0,0
76529,101,89,12,12
76530,42,43,-1,1
76531,78,74,4,4
76532,97,102,-5,5
76533,65,65,0,0
76534,58,55,3,3
76535,79,80,-1,1
76536,95,87,8,8
76537,105,109,-4,4
76538,37,39,-2,2
76539,82,72,10,10
76540,130,117,13,13
76541,99,100,-1,1
76542,125,95,30,30
76543,51,57,-6,6
76544,87,79,8,8
76545,147,143,4,4
76546,61,55,6,6
76547,122,110,12,12
76548,70,69,1,1
76549,81,68,13,13
76550,93,82,11,11
76551,136,124,12,12
76552,61,59,2,2
76553,75,77,-2,2
76554,118,96,22,22
76555,110,104,6,6
76556,153,148,5,5
76557,57,50,7,7
76558,128,109,19,19
76559,118,100,18,18
76560,81,81,0,0
76561,82,72,10,10
76562,126,115,11,11
76563,110,98,12,12
76564,91,87,4,4
76565,106,82,24,24
76566,92,77,15,15
76567,74,72,2,2
76568,119,106,13,13
76569,47,44,3,3
76570,81,83,-2,2
76571,101,88,13,13
76572,91,81,10,10
76573,68,64,4,4
76574,119,106,13,13
76575,90,82,8,8
76576,104,98,6,6
76577,80,76,4,4
76578,84,77,7,7
76579,132,112,20,20
76580,32,61,-29,29
76581,139,124,15,15
76582,85,72,13,13
76583,83,73,10,10
76584,55,54,1,1
76585,98,102,-4,4
76586,177,163,14,14
76587,81,77,4,4
76588,90,88,2,2
76589,133,111,22,22
76590,85,62,23,23
76591,58,49,9,9
76592,133,122,11,11
76593,81,71,10,10
76594,149,127,22,22
76595,107,97,10,10
76596,113,89,24,24
76597,108,90,18,18
76598,93,82,11,11
76599,100,82,18,18
76600,66,63,3,3
76601,109,94,15,15
76602,77,81,-4,4
76603,208,169,39,39
76604,79,79,0,0
76605,74,63,11,11
76606,74,64,10,10
76607,131,112,19,19
76608,127,107,20,20
76609,77,65,12,12
76610,100,70,30,30
76611,82,101,-19,19
76612,100,95,5,5
76613,65,63,2,2
76614,97,94,3,3
76615,146,121,25,25
76616,99,79,20,20
76617,117,98,19,19
76618,71,67,4,4
76619,60,53,7,7
76620,75,71,4,4
76621,46,44,2,2
76622,121,98,23,23
76623,55,49,6,6
76624,119,115,4,4
76625,178,160,18,18
76626,131,118,13,13
76627,123,110,13,13
76628,99,90,9,9
76629,164,143,21,21
76630,69,66,3,3
76631,55,49,6,6
76632,148,138,10,10
76633,67,61,6,6
76634,138,128,10,10
76635,115,99,16,16
76636,134,116,18,18
76637,91,88,3,3
76638,94,84,10,10
76639,114,103,11,11
76640,92,83,9,9
76641,98,91,7,7
76642,41,33,8,8
76643,49,50,-1,1
76644,59,62,-3,3
76645,90,79,11,11
76646,165,141,24,24
76647,53,49,4,4
76648,67,57,10,10
76649,77,68,9,9
76650,87,75,12,12
76651,65,57,8,8
76652,133,120,13,13
76653,98,85,13,13
76654,103,94,9,9
76655,85,76,9,9
76656,153,134,19,19
76657,85,69,16,16
76658,126,121,5,5
76659,102,104,-2,2
76660,115,103,12,12
76661,78,72,6,6
76662,152,143,9,9
76663,72,67,5,5
76664,65,58,7,7
76665,71,64,7,7
76666,134,126,8,8
76667,104,95,9,9
76668,54,56,-2,2
76669,133,112,21,21
76670,99,75,24,24
76671,69,58,11,11
76672,169,157,12,12
76673,94,88,6,6
76674,106,103,3,3
76675,86,80,6,6
76676,107,94,13,13
76677,52,53,-1,1
76678,71,68,3,3
76679,87,74,13,13
76680,155,149,6,6
76681,58,55,3,3
76682,144,122,22,22
76683,111,97,14,14
76684,90,80,10,10
76685,74,57,17,17
76686,100,83,17,17
76687,112,101,11,11
76688,117,107,10,10
76689,48,79,-31,31
76690,107,86,21,21
76691,144,131,13,13
76692,86,70,16,16
76693,101,89,12,12
76694,94,87,7,7
76695,129,107,22,22
76696,132,123,9,9
76697,61,57,4,4
76698,103,100,3,3
76699,104,89,15,15
76700,135,108,27,27
76701,76,75,1,1
76702,112,107,5,5
76703,114,85,29,29
76704,69,58,11,11
76705,92,73,19,19
76706,80,75,5,5
76707,139,117,22,22
76708,76,67,9,9
76709,71,58,13,13
76710,100,93,7,7
76711,106,92,14,14
76712,145,128,17,17
76713,76,77,-1,1
76714,92,91,1,1
76715,49,44,5,5
76716,110,97,13,13
76717,92,87,5,5
76718,173,136,37,37
76719,98,90,8,8
76720,175,145,30,30
76721,75,79,-4,4
76722,103,83,20,20
76723,111,118,-7,7
76724,215,194,21,21
76725,131,113,18,18
76726,67,67,0,0
76727,127,126,1,1
76728,72,66,6,6
76729,43,60,-17,17
76730,65,58,7,7
76731,69,62,7,7
76732,149,144,5,5
76733,75,61,14,14
76734,81,74,7,7
76735,76,58,18,18
76736,53,59,-6,6
76737,79,81,-2,2
76738,152,132,20,20
76739,97,91,6,6
76740,48,47,1,1
76741,107,100,7,7
76742,118,107,11,11
76743,78,68,10,10
76744,98,77,21,21
76745,121,102,19,19
76746,108,92,16,16
76747,59,54,5,5
76748,95,91,4,4
76749,98,89,9,9
76750,71,64,7,7
76751,76,68,8,8
76752,100,100,0,0
76753,70,62,8,8
76754,71,58,13,13
76755,94,63,31,31
76756,86,79,7,7
76757,102,98,4,4
76758,106,94,12,12
76759,74,72,2,2
76760,49,49,0,0
76761,103,88,15,15
76762,70,69,1,1
76763,168,156,12,12
76764,66,65,1,1
76765,128,122,6,6
76766,110,100,10,10
76767,82,66,16,16
76768,92,74,18,18
76769,187,170,17,17
76770,101,108,-7,7
76771,47,43,4,4
76772,72,66,6,6
76773,77,71,6,6
76774,30,34,-4,4
76775,124,114,10,10
76776,218,180,38,38
76777,110,103,7,7
76778,106,102,4,4
76779,133,109,24,24
76780,88,67,21,21
76781,58,55,3,3
76782,184,154,30,30
76783,152,122,30,30
76784,87,83,4,4
76785,167,145,22,22
76786,93,89,4,4
76787,130,101,29,29
76788,96,79,17,17
76789,119,113,6,6
76790,81,72,9,9
76791,52,46,6,6
76792,66,56,10,10
76793,102,101,1,1
76794,76,66,10,10
76795,117,94,23,23
76796,98,87,11,11
76797,81,75,6,6
76798,99,96,3,3
76799,81,68,13,13
76800,64,64,0,0
76801,139,134,5,5
76802,84,78,6,6
76803,68,60,8,8
76804,42,38,4,4
76805,73,60,13,13
76806,158,114,44,44
76807,101,93,8,8
76808,122,105,17,17
76809,76,75,1,1
76810,129,142,-13,13
76811,99,83,16,16
76812,71,57,14,14
76813,80,72,8,8
76814,141,121,20,20
76815,48,43,5,5
76816,146,126,20,20
76817,83,79,4,4
76818,102,94,8,8
76819,87,79,8,8
76820,83,70,13,13
76821,63,66,-3,3
76822,89,82,7,7
76823,142,122,20,20
76824,90,87,3,3
76825,97,83,14,14
76826,130,115,15,15
76827,88,79,9,9
76828,146,139,7,7
76829,118,99,19,19
76830,124,108,16,16
76831,108,111,-3,3
76832,53,54,-1,1
76833,78,71,7,7
76834,54,51,3,3
76835,121,102,19,19
76836,105,106,-1,1
76837,47,53,-6,6
76838,58,50,8,8
76839,126,103,23,23
76840,165,137,28,28
76841,118,103,15,15
76842,54,52,2,2
76843,98,85,13,13
76844,39,35,4,4
76845,88,86,2,2
76846,85,75,10,10
76847,92,92,0,0
76848,101,92,9,9
76849,69,71,-2,2
76850,70,60,10,10
76851,57,84,-27,27
76852,89,82,7,7
76853,165,146,19,19
76854,88,81,7,7
76855,142,123,19,19
76856,109,106,3,3
76857,105,97,8,8
76858,94,90,4,4
76859,124,110,14,14
76860,119,105,14,14
76861,41,36,5,5
76862,102,91,11,11
76863,90,66,24,24
76864,126,116,10,10
76865,59,65,-6,6
76866,74,67,7,7
76867,104,102,2,2
76868,101,93,8,8
76869,102,91,11,11
76870,123,116,7,7
76871,90,82,8,8
76872,85,75,10,10
76873,85,86,-1,1
76874,57,52,5,5
76875,73,69,4,4
76876,73,72,1,1
76877,106,100,6,6
76878,47,39,8,8
76879,91,88,3,3
76880,93,76,17,17
76881,63,62,1,1
76882,80,71,9,9
76883,71,64,7,7
76884,92,80,12,12
76885,125,111,14,14
76886,82,85,-3,3
76887,97,92,5,5
76888,59,50,9,9
76889,125,126,-1,1
76890,115,96,19,19
76891,103,90,13,13
76892,97,87,10,10
76893,89,79,10,10
76894,78,71,7,7
76895,159,138,21,21
76896,117,116,1,1
76897,100,85,15,15
76898,104,95,9,9
76899,97,96,1,1
76900,114,95,19,19
76901,118,117,1,1
76902,99,75,24,24
76903,98,85,13,13
76904,114,105,9,9
76905,99,90,9,9
76906,95,85,10,10
76907,68,68,0,0
76908,119,104,15,15
76909,125,108,17,17
76910,74,71,3,3
76911,97,83,14,14
76912,101,89,12,12
76913,157,144,13,13
76914,141,127,14,14
76915,132,123,9,9
76916,104,96,8,8
76917,85,81,4,4
76918,110,102,8,8
76919,91,86,5,5
76920,53,47,6,6
76921,81,75,6,6
76922,78,73,5,5
76923,79,81,-2,2
76924,73,62,11,11
76925,81,76,5,5
76926,89,78,11,11
76927,78,70,8,8
76928,122,101,21,21
76929,64,61,3,3
76930,52,48,4,4
76931,87,84,3,3
76932,134,125,9,9
76933,104,90,14,14
76934,116,113,3,3
76935,102,98,4,4
76936,160,128,32,32
76937,83,71,12,12
76938,159,155,4,4
76939,130,130,0,0
76940,92,82,10,10
76941,95,82,13,13
76942,179,174,5,5
76943,132,103,29,29
76944,53,48,5,5
76945,100,88,12,12
76946,105,87,18,18
76947,77,71,6,6
76948,115,105,10,10
76949,126,117,9,9
76950,91,83,8,8
76951,79,73,6,6
76952,40,42,-2,2
76953,128,113,15,15
76954,145,141,4,4
76955,153,128,25,25
76956,81,71,10,10
76957,113,111,2,2
76958,138,114,24,24
76959,100,95,5,5
76960,77,63,14,14
76961,71,64,7,7
76962,110,103,7,7
76963,118,107,11,11
76964,137,128,9,9
76965,94,82,12,12
76966,65,58,7,7
76967,52,62,-10,10
76968,74,68,6,6
76969,68,57,11,11
76970,101,95,6,6
76971,104,94,10,10
76972,138,119,19,19
76973,71,62,9,9
76974,140,115,25,25
76975,83,77,6,6
76976,91,82,9,9
76977,125,107,18,18
76978,77,77,0,0
76979,63,56,7,7
76980,116,103,13,13
76981,102,92,10,10
76982,121,118,3,3
76983,116,103,13,13
76984,181,164,17,17
76985,112,111,1,1
76986,151,148,3,3
76987,127,111,16,16
76988,87,78,9,9
76989,123,111,12,12
76990,74,77,-3,3
76991,161,143,18,18
76992,48,44,4,4
76993,207,185,22,22
76994,124,117,7,7
76995,91,92,-1,1
76996,104,97,7,7
76997,118,113,5,5
76998,112,103,9,9
76999,70,66,4,4
77000,76,62,14,14
77001,133,113,20,20
77002,79,66,13,13
77003,56,62,-6,6
77004,111,123,-12,12
77005,48,49,-1,1
77006,80,62,18,18
77007,144,121,23,23
77008,39,31,8,8
77009,91,84,7,7
77010,97,88,9,9
77011,93,77,16,16
77012,142,122,20,20
77013,116,105,11,11
77014,86,76,10,10
77015,128,121,7,7
77016,101,96,5,5
77017,53,55,-2,2
77018,153,137,16,16
77019,69,71,-2,2
77020,101,86,15,15
77021,146,139,7,7
77022,107,98,9,9
77023,86,80,6,6
77024,44,45,-1,1
77025,64,64,0,0
77026,90,66,24,24
77027,69,66,3,3
77028,78,79,-1,1
77029,141,126,15,15
77030,54,43,11,11
77031,61,50,11,11
77032,140,117,23,23
77033,158,130,28,28
77034,96,85,11,11
77035,159,145,14,14
77036,155,128,27,27
77037,152,130,22,22
77038,62,52,10,10
77039,84,71,13,13
77040,197,175,22,22
77041,123,113,10,10
77042,80,76,4,4
77043,25,26,-1,1
77044,140,133,7,7
77045,65,63,2,2
77046,67,88,-21,21
77047,62,62,0,0
77048,71,62,9,9
77049,138,128,10,10
77050,73,66,7,7
77051,84,79,5,5
77052,227,183,44,44
77053,97,83,14,14
77054,47,42,5,5
77055,74,69,5,5
77056,75,70,5,5
77057,64,61,3,3
77058,107,97,10,10
77059,60,47,13,13
77060,70,65,5,5
77061,117,91,26,26
77062,110,108,2,2
77063,118,110,8,8
77064,86,79,7,7
77065,61,61,0,0
77066,72,64,8,8
77067,153,131,22,22
77068,92,88,4,4
77069,117,109,8,8
77070,79,72,7,7
77071,111,92,19,19
77072,48,46,2,2
77073,71,58,13,13
77074,100,93,7,7
77075,90,75,15,15
77076,67,64,3,3
77077,111,98,13,13
77078,68,61,7,7
77079,113,97,16,16
77080,78,89,-11,11
77081,94,84,10,10
77082,86,80,6,6
77083,131,123,8,8
77084,142,118,24,24
77085,83,81,2,2
77086,62,71,-9,9
77087,74,60,14,14
77088,143,128,15,15
77089,163,152,11,11
77090,78,69,9,9
77091,42,34,8,8
77092,69,65,4,4
77093,68,63,5,5
77094,132,114,18,18
77095,59,50,9,9
77096,107,98,9,9
77097,107,100,7,7
77098,49,45,4,4
77099,114,101,13,13
77100,87,75,12,12
77101,103,78,25,25
77102,122,103,19,19
77103,114,103,11,11
77104,172,147,25,25
77105,69,64,5,5
77106,57,59,-2,2
77107,108,101,7,7
77108,80,86,-6,6
77109,70,64,6,6
77110,126,116,10,10
77111,102,88,14,14
77112,45,44,1,1
77113,72,62,10,10
77114,174,144,30,30
77115,101,97,4,4
77116,53,47,6,6
77117,71,62,9,9
77118,157,156,1,1
77119,139,122,17,17
77120,116,99,17,17
77121,86,70,16,16
77122,96,83,13,13
77123,107,102,5,5
77124,98,100,-2,2
77125,89,85,4,4
77126,117,117,0,0
77127,108,98,10,10
77128,54,50,4,4
77129,116,108,8,8
77130,111,100,11,11
77131,139,132,7,7
77132,74,66,8,8
77133,117,113,4,4
77134,106,105,1,1
77135,158,129,29,29
77136,97,89,8,8
77137,70,61,9,9
77138,106,99,7,7
77139,82,68,14,14
77140,141,116,25,25
77141,132,117,15,15
77142,114,97,17,17
77143,145,128,17,17
77144,56,56,0,0
77145,109,87,22,22
77146,131,107,24,24
77147,154,108,46,46
77148,73,62,11,11
77149,63,59,4,4
77150,134,134,0,0
77151,91,76,15,15
77152,127,109,18,18
77153,42,41,1,1
77154,101,98,3,3
77155,52,43,9,9
77156,143,134,9,9
77157,92,79,13,13
77158,84,75,9,9
77159,101,104,-3,3
77160,117,106,11,11
77161,85,76,9,9
77162,52,51,1,1
77163,74,62,12,12
77164,78,60,18,18
77165,64,58,6,6
77166,90,86,4,4
77167,59,61,-2,2
77168,53,57,-4,4
77169,94,89,5,5
77170,77,69,8,8
77171,108,84,24,24
77172,138,121,17,17
77173,83,79,4,4
77174,150,125,25,25
77175,108,98,10,10
77176,64,59,5,5
77177,101,103,-2,2
77178,92,78,14,14
77179,150,127,23,23
77180,133,122,11,11
77181,42,44,-2,2
77182,43,41,2,2
77183,63,58,5,5
77184,82,78,4,4
77185,56,47,9,9
77186,101,103,-2,2
77187,65,71,-6,6
77188,112,99,13,13
77189,50,47,3,3
77190,130,112,18,18
77191,88,89,-1,1
77192,74,61,13,13
77193,129,125,4,4
77194,57,61,-4,4
77195,110,100,10,10
77196,99,95,4,4
77197,77,66,11,11
77198,117,100,17,17
77199,107,91,16,16
77200,62,51,11,11
77201,75,71,4,4
77202,97,95,2,2
77203,54,52,2,2
77204,80,68,12,12
77205,84,74,10,10
77206,52,47,5,5
77207,106,94,12,12
77208,99,107,-8,8
77209,92,80,12,12
77210,53,49,4,4
77211,135,124,11,11
77212,116,94,22,22
77213,96,94,2,2
77214,116,104,12,12
77215,90,79,11,11
77216,187,145,42,42
77217,55,86,-31,31
77218,48,42,6,6
77219,77,77,0,0
77220,74,70,4,4
77221,97,97,0,0
77222,159,142,17,17
77223,127,115,12,12
77224,83,75,8,8
77225,67,61,6,6
77226,103,83,20,20
77227,68,55,13,13
77228,75,64,11,11
77229,88,81,7,7
77230,82,106,-24,24
77231,128,108,20,20
77232,177,152,25,25
77233,140,124,16,16
77234,108,83,25,25
77235,59,51,8,8
77236,97,89,8,8
77237,105,95,10,10
77238,59,55,4,4
77239,74,65,9,9
77240,63,57,6,6
77241,53,46,7,7
77242,67,62,5,5
77243,88,78,10,10
77244,116,105,11,11
77245,141,133,8,8
77246,123,116,7,7
77247,111,100,11,11
77248,89,81,8,8
77249,112,100,12,12
77250,118,105,13,13
77251,51,50,1,1
77252,165,148,17,17
77253,70,70,0,0
77254,92,78,14,14
77255,156,124,32,32
77256,160,130,30,30
77257,64,56,8,8
77258,137,126,11,11
77259,93,78,15,15
77260,124,118,6,6
77261,77,73,4,4
77262,128,117,11,11
77263,79,61,18,18
77264,61,67,-6,6
77265,112,96,16,16
77266,45,39,6,6
77267,67,56,11,11
77268,126,115,11,11
77269,92,80,12,12
77270,74,70,4,4
77271,67,67,0,0
77272,105,92,13,13
77273,167,156,11,11
77274,131,116,15,15
77275,84,118,-34,34
77276,110,111,-1,1
77277,72,70,2,2
77278,71,101,-30,30
77279,115,111,4,4
77280,159,140,19,19
77281,82,83,-1,1
77282,100,102,-2,2
77283,70,58,12,12
77284,104,100,4,4
77285,49,42,7,7
77286,104,94,10,10
77287,101,99,2,2
77288,66,64,2,2
77289,87,79,8,8
77290,85,88,-3,3
77291,124,124,0,0
77292,121,102,19,19
77293,97,84,13,13
77294,63,56,7,7
77295,93,87,6,6
77296,79,68,11,11
77297,49,43,6,6
77298,95,88,7,7
77299,76,72,4,4
77300,133,120,13,13
77301,66,63,3,3
77302,85,72,13,13
77303,228,237,-9,9
77304,124,122,2,2
77305,90,74,16,16
77306,95,83,12,12
77307,54,54,0,0
77308,82,80,2,2
77309,155,132,23,23
77310,173,152,21,21
77311,171,146,25,25
77312,42,47,-5,5
77313,141,131,10,10
77314,92,79,13,13
77315,94,82,12,12
77316,82,77,5,5
77317,132,113,19,19
77318,124,109,15,15
77319,94,82,12,12
77320,60,55,5,5
77321,58,58,0,0
77322,102,99,3,3
77323,112,101,11,11
77324,121,109,12,12
77325,133,128,5,5
77326,54,62,-8,8
77327,105,103,2,2
77328,82,78,4,4
77329,104,89,15,15
77330,91,77,14,14
77331,103,102,1,1
77332,96,94,2,2
77333,147,147,0,0
77334,95,88,7,7
77335,111,109,2,2
77336,106,100,6,6
77337,59,53,6,6
77338,77,64,13,13
77339,97,74,23,23
77340,73,57,16,16
77341,105,91,14,14
77342,122,105,17,17
77343,55,58,-3,3
77344,108,102,6,6
77345,59,51,8,8
77346,124,116,8,8
77347,116,112,4,4
77348,100,87,13,13
77349,76,75,1,1
77350,102,87,15,15
77351,95,93,2,2
77352,138,118,20,20
77353,119,110,9,9
77354,78,74,4,4
77355,108,101,7,7
77356,34,34,0,0
77357,105,97,8,8
77358,120,105,15,15
77359,91,83,8,8
77360,103,104,-1,1
77361,75,70,5,5
77362,176,146,30,30
77363,85,71,14,14
77364,75,69,6,6
77365,103,98,5,5
77366,81,74,7,7
77367,105,104,1,1
77368,50,55,-5,5
77369,118,105,13,13
77370,163,148,15,15
77371,137,118,19,19
77372,167,159,8,8
77373,116,106,10,10
77374,52,48,4,4
77375,115,100,15,15
77376,188,176,12,12
77377,187,161,26,26
77378,84,72,12,12
77379,124,109,15,15
77380,95,85,10,10
77381,79,79,0,0
77382,72,60,12,12
77383,68,61,7,7
77384,116,108,8,8
77385,83,88,-5,5
77386,94,81,13,13
77387,63,60,3,3
77388,200,188,12,12
77389,61,59,2,2
77390,148,129,19,19
77391,56,54,2,2
77392,110,99,11,11
77393,94,85,9,9
77394,59,64,-5,5
77395,76,65,11,11
77396,67,69,-2,2
77397,102,96,6,6
77398,165,137,28,28
77399,79,74,5,5
77400,74,62,12,12
77401,136,118,18,18
77402,116,99,17,17
77403,95,91,4,4
77404,112,105,7,7
77405,65,66,-1,1
77406,43,43,0,0
77407,92,82,10,10
77408,48,46,2,2
77409,75,69,6,6
77410,118,110,8,8
77411,99,94,5,5
77412,101,89,12,12
77413,41,56,-15,15
77414,78,75,3,3
77415,129,110,19,19
77416,109,107,2,2
77417,81,74,7,7
77418,167,148,19,19
77419,55,68,-13,13
77420,202,166,36,36
77421,118,105,13,13
77422,122,115,7,7
77423,67,61,6,6
77424,67,60,7,7
77425,54,51,3,3
77426,54,53,1,1
77427,89,86,3,3
77428,107,96,11,11
77429,94,86,8,8
77430,72,57,15,15
77431,127,120,7,7
77432,84,91,-7,7
77433,64,63,1,1
77434,96,88,8,8
77435,116,103,13,13
77436,127,117,10,10
77437,128,111,17,17
77438,118,121,-3,3
77439,62,59,3,3
77440,73,61,12,12
77441,36,37,-1,1
77442,165,132,33,33
77443,100,98,2,2
77444,65,61,4,4
77445,75,74,1,1
77446,75,84,-9,9
77447,97,93,4,4
77448,93,96,-3,3
77449,57,57,0,0
77450,59,54,5,5
77451,85,74,11,11
77452,99,99,0,0
77453,87,82,5,5
77454,102,104,-2,2
77455,75,68,7,7
77456,92,86,6,6
77457,79,82,-3,3
77458,50,51,-1,1
77459,48,47,1,1
77460,217,174,43,43
77461,132,111,21,21
77462,101,92,9,9
77463,82,74,8,8
77464,116,107,9,9
77465,112,90,22,22
77466,66,72,-6,6
77467,81,81,0,0
77468,56,51,5,5
77469,97,81,16,16
77470,84,70,14,14
77471,37,36,1,1
77472,74,65,9,9
77473,127,114,13,13
77474,54,51,3,3
77475,80,70,10,10
77476,57,49,8,8
77477,106,74,32,32
77478,91,82,9,9
77479,103,94,9,9
77480,114,93,21,21
77481,131,121,10,10
77482,85,75,10,10
77483,85,80,5,5
77484,93,87,6,6
77485,74,57,17,17
77486,88,84,4,4
77487,52,46,6,6
77488,41,36,5,5
77489,82,75,7,7
77490,112,103,9,9
77491,67,60,7,7
77492,69,74,-5,5
77493,150,123,27,27
77494,93,89,4,4
77495,63,53,10,10
77496,95,79,16,16
77497,46,43,3,3
77498,72,66,6,6
77499,77,70,7,7
77500,87,85,2,2
77501,121,115,6,6
77502,149,128,21,21
77503,82,66,16,16
77504,57,49,8,8
77505,127,102,25,25
77506,103,88,15,15
77507,96,87,9,9
77508,82,72,10,10
77509,161,141,20,20
77510,133,116,17,17
77511,73,64,9,9
77512,71,56,15,15
77513,168,145,23,23
77514,137,126,11,11
77515,72,60,12,12
77516,77,75,2,2
77517,114,105,9,9
77518,115,102,13,13
77519,70,56,14,14
77520,78,76,2,2
77521,118,113,5,5
77522,88,79,9,9
77523,81,69,12,12
77524,118,108,10,10
77525,60,48,12,12
77526,98,91,7,7
77527,99,80,19,19
77528,55,50,5,5
77529,100,89,11,11
77530,75,71,4,4
77531,77,63,14,14
77532,139,131,8,8
77533,99,84,15,15
77534,106,99,7,7
77535,92,90,2,2
77536,87,80,7,7
77537,55,57,-2,2
77538,89,90,-1,1
77539,106,105,1,1
77540,161,151,10,10
77541,72,69,3,3
77542,119,97,22,22
77543,90,75,15,15
77544,110,98,12,12
77545,51,51,0,0
77546,63,61,2,2
77547,42,44,-2,2
77548,85,71,14,14
77549,144,128,16,16
77550,69,69,0,0
77551,43,43,0,0
77552,94,93,1,1
77553,178,175,3,3
77554,80,71,9,9
77555,65,60,5,5
77556,62,59,3,3
77557,62,54,8,8
77558,144,138,6,6
77559,102,93,9,9
77560,104,94,10,10
77561,45,47,-2,2
77562,57,51,6,6
77563,132,99,33,33
77564,105,92,13,13
77565,99,90,9,9
77566,60,62,-2,2
77567,72,67,5,5
77568,122,115,7,7
77569,141,126,15,15
77570,94,83,11,11
77571,89,87,2,2
77572,43,46,-3,3
77573,160,139,21,21
77574,84,68,16,16
77575,84,75,9,9
77576,90,90,0,0
77577,68,62,6,6
77578,189,166,23,23
77579,77,78,-1,1
77580,59,59,0,0
77581,139,131,8,8
77582,98,91,7,7
77583,147,124,23,23
77584,158,125,33,33
77585,97,83,14,14
77586,109,104,5,5
77587,112,99,13,13
77588,74,66,8,8
77589,155,132,23,23
77590,75,66,9,9
77591,129,114,15,15
77592,189,171,18,18
77593,98,92,6,6
77594,68,64,4,4
77595,100,92,8,8
77596,136,112,24,24
77597,144,129,15,15
77598,123,114,9,9
77599,60,54,6,6
77600,131,111,20,20
77601,74,74,0,0
77602,148,111,37,37
77603,112,95,17,17
77604,60,58,2,2
77605,89,78,11,11
77606,83,83,0,0
77607,100,80,20,20
77608,70,66,4,4
77609,119,117,2,2
77610,52,55,-3,3
77611,72,64,8,8
77612,127,113,14,14
77613,82,76,6,6
77614,65,56,9,9
77615,75,63,12,12
77616,65,57,8,8
77617,80,90,-10,10
77618,95,109,-14,14
77619,74,74,0,0
77620,107,97,10,10
77621,63,60,3,3
77622,117,103,14,14
77623,83,63,20,20
77624,74,64,10,10
77625,56,44,12,12
77626,143,137,6,6
77627,61,63,-2,2
77628,92,90,2,2
77629,147,148,-1,1
77630,68,69,-1,1
77631,95,83,12,12
77632,80,79,1,1
77633,129,110,19,19
77634,133,139,-6,6
77635,47,40,7,7
77636,65,52,13,13
77637,85,69,16,16
77638,100,87,13,13
77639,113,101,12,12
77640,104,89,15,15
77641,70,59,11,11
77642,16,21,-5,5
77643,102,90,12,12
77644,125,103,22,22
77645,83,78,5,5
77646,114,92,22,22
77647,150,139,11,11
77648,164,143,21,21
77649,97,89,8,8
77650,71,63,8,8
77651,78,72,6,6
77652,128,111,17,17
77653,111,97,14,14
77654,78,68,10,10
77655,83,74,9,9
77656,84,71,13,13
77657,81,74,7,7
77658,103,104,-1,1
77659,91,90,1,1
77660,79,71,8,8
77661,84,77,7,7
77662,143,112,31,31
77663,97,85,12,12
77664,85,79,6,6
77665,120,103,17,17
77666,88,89,-1,1
77667,114,89,25,25
77668,116,100,16,16
77669,72,73,-1,1
77670,101,86,15,15
77671,129,117,12,12
77672,119,96,23,23
77673,86,81,5,5
77674,75,76,-1,1
77675,76,65,11,11
77676,84,72,12,12
77677,75,70,5,5
77678,124,110,14,14
77679,177,178,-1,1
77680,75,68,7,7
77681,117,111,6,6
77682,99,125,-26,26
77683,50,44,6,6
77684,70,69,1,1
77685,115,102,13,13
77686,60,55,5,5
77687,96,83,13,13
77688,142,133,9,9
77689,87,75,12,12
77690,112,106,6,6
77691,116,94,22,22
77692,56,51,5,5
77693,158,147,11,11
77694,188,169,19,19
77695,181,155,26,26
77696,104,82,22,22
77697,159,145,14,14
77698,122,117,5,5
77699,69,68,1,1
77700,105,90,15,15
77701,84,83,1,1
77702,80,69,11,11
77703,62,50,12,12
77704,75,64,11,11
77705,72,72,0,0
77706,86,75,11,11
77707,99,96,3,3
77708,59,54,5,5
77709,104,92,12,12
77710,78,72,6,6
77711,97,94,3,3
77712,129,114,15,15
77713,64,64,0,0
77714,105,91,14,14
77715,93,78,15,15
77716,92,84,8,8
77717,40,36,4,4
77718,98,96,2,2
77719,132,125,7,7
77720,67,68,-1,1
77721,51,74,-23,23
77722,81,86,-5,5
77723,142,132,10,10
77724,145,127,18,18
77725,72,60,12,12
77726,102,89,13,13
77727,87,75,12,12
77728,111,100,11,11
77729,80,71,9,9
77730,85,78,7,7
77731,144,121,23,23
77732,66,66,0,0
77733,98,84,14,14
77734,91,83,8,8
77735,61,60,1,1
77736,46,49,-3,3
77737,89,89,0,0
77738,105,86,19,19
77739,102,84,18,18
77740,100,94,6,6
77741,58,58,0,0
77742,116,106,10,10
77743,73,70,3,3
77744,96,88,8,8
77745,89,78,11,11
77746,79,77,2,2
77747,74,69,5,5
77748,100,80,20,20
77749,35,39,-4,4
77750,49,45,4,4
77751,79,70,9,9
77752,102,85,17,17
77753,104,75,29,29
77754,198,161,37,37
77755,136,114,22,22
77756,62,63,-1,1
77757,100,92,8,8
77758,89,78,11,11
77759,131,117,14,14
77760,82,73,9,9
77761,157,138,19,19
77762,71,64,7,7
77763,54,49,5,5
77764,115,112,3,3
77765,80,75,5,5
77766,69,62,7,7
77767,80,65,15,15
77768,89,82,7,7
77769,91,82,9,9
77770,171,135,36,36
77771,86,73,13,13
77772,120,111,9,9
77773,72,68,4,4
77774,67,58,9,9
77775,122,129,-7,7
77776,71,66,5,5
77777,119,110,9,9
77778,80,72,8,8
77779,110,95,15,15
77780,47,44,3,3
77781,193,160,33,33
77782,80,69,11,11
77783,52,53,-1,1
77784,61,58,3,3
77785,90,73,17,17
77786,85,77,8,8
77787,74,67,7,7
77788,85,80,5,5
77789,125,135,-10,10
77790,150,131,19,19
77791,89,81,8,8
77792,93,82,11,11
77793,131,124,7,7
77794,66,63,3,3
77795,78,65,13,13
77796,151,139,12,12
77797,91,84,7,7
77798,75,76,-1,1
77799,39,34,5,5
77800,54,46,8,8
77801,106,92,14,14
77802,128,123,5,5
77803,49,55,-6,6
77804,124,112,12,12
77805,76,70,6,6
77806,89,78,11,11
77807,48,38,10,10
77808,135,141,-6,6
77809,108,102,6,6
77810,113,94,19,19
77811,97,77,20,20
77812,155,144,11,11
77813,154,133,21,21
77814,118,98,20,20
77815,87,71,16,16
77816,56,55,1,1
77817,56,67,-11,11
77818,70,73,-3,3
77819,45,47,-2,2
77820,49,64,-15,15
77821,91,75,16,16
77822,76,65,11,11
77823,81,91,-10,10
77824,121,113,8,8
77825,109,98,11,11
77826,72,64,8,8
77827,75,71,4,4
77828,35,39,-4,4
77829,90,87,3,3
77830,132,118,14,14
77831,140,151,-11,11
77832,75,73,2,2
77833,76,68,8,8
77834,111,121,-10,10
77835,92,91,1,1
77836,120,124,-4,4
77837,119,106,13,13
77838,78,76,2,2
77839,86,77,9,9
77840,60,59,1,1
77841,158,135,23,23
77842,94,77,17,17
77843,126,111,15,15
77844,112,93,19,19
77845,112,95,17,17
77846,73,68,5,5
77847,94,90,4,4
77848,133,115,18,18
77849,70,55,15,15
77850,83,68,15,15
77851,117,109,8,8
77852,104,94,10,10
77853,109,97,12,12
77854,173,138,35,35
77855,55,62,-7,7
77856,46,46,0,0
77857,36,35,1,1
77858,76,71,5,5
77859,136,121,15,15
77860,102,91,11,11
77861,110,99,11,11
77862,94,82,12,12
77863,80,72,8,8
77864,149,128,21,21
77865,249,216,33,33
77866,150,141,9,9
77867,49,51,-2,2
77868,58,51,7,7
77869,54,46,8,8
77870,83,66,17,17
77871,119,101,18,18
77872,58,54,4,4
77873,123,103,20,20
77874,125,105,20,20
77875,115,109,6,6
77876,74,75,-1,1
77877,71,60,11,11
77878,162,133,29,29
77879,96,91,5,5
77880,63,56,7,7
77881,87,82,5,5
77882,74,54,20,20
77883,70,82,-12,12
77884,114,108,6,6
77885,72,61,11,11
77886,58,60,-2,2
77887,117,99,18,18
77888,77,89,-12,12
77889,57,59,-2,2
77890,142,126,16,16
77891,57,60,-3,3
77892,77,69,8,8
77893,100,112,-12,12
77894,92,99,-7,7
77895,53,52,1,1
77896,98,84,14,14
77897,96,87,9,9
77898,67,60,7,7
77899,69,64,5,5
77900,108,99,9,9
77901,97,85,12,12
77902,75,64,11,11
77903,97,90,7,7
77904,127,109,18,18
77905,87,73,14,14
77906,86,76,10,10
77907,84,68,16,16
77908,86,77,9,9
77909,88,80,8,8
77910,97,86,11,11
77911,86,77,9,9
77912,79,79,0,0
77913,183,162,21,21
77914,97,91,6,6
77915,136,122,14,14
77916,78,70,8,8
77917,128,117,11,11
77918,116,101,15,15
77919,167,150,17,17
77920,143,141,2,2
77921,72,70,2,2
77922,101,90,11,11
77923,89,81,8,8
77924,63,55,8,8
77925,136,117,19,19
77926,129,116,13,13
77927,77,72,5,5
77928,70,73,-3,3
77929,114,100,14,14
77930,100,103,-3,3
77931,133,115,18,18
77932,130,119,11,11
77933,64,55,9,9
77934,105,93,12,12
77935,171,144,27,27
77936,120,104,16,16
77937,95,85,10,10
77938,72,70,2,2
77939,75,62,13,13
77940,110,90,20,20
77941,119,104,15,15
77942,184,159,25,25
77943,132,121,11,11
77944,128,125,3,3
77945,78,81,-3,3
77946,124,116,8,8
77947,123,116,7,7
77948,105,86,19,19
77949,51,53,-2,2
77950,89,92,-3,3
77951,58,56,2,2
77952,112,100,12,12
77953,97,85,12,12
77954,95,91,4,4
77955,79,73,6,6
77956,85,78,7,7
77957,135,112,23,23
77958,127,122,5,5
77959,95,77,18,18
77960,141,137,4,4
77961,76,73,3,3
77962,63,58,5,5
77963,106,92,14,14
77964,95,82,13,13
77965,91,80,11,11
77966,147,133,14,14
77967,124,106,18,18
77968,88,71,17,17
77969,70,66,4,4
77970,80,84,-4,4
77971,41,41,0,0
77972,59,54,5,5
77973,97,93,4,4
77974,61,58,3,3
77975,148,125,23,23
77976,106,91,15,15
77977,102,106,-4,4
77978,66,58,8,8
77979,75,63,12,12
77980,98,83,15,15
77981,58,47,11,11
77982,59,56,3,3
77983,53,47,6,6
77984,53,65,-12,12
77985,121,98,23,23
77986,101,80,21,21
77987,145,126,19,19
77988,57,54,3,3
77989,74,63,11,11
77990,65,58,7,7
77991,79,79,0,0
77992,117,104,13,13
77993,65,57,8,8
77994,64,62,2,2
77995,81,67,14,14
77996,125,99,26,26
77997,67,61,6,6
77998,69,64,5,5
77999,59,49,10,10
78000,126,109,17,17
78001,106,99,7,7
78002,63,58,5,5
78003,89,87,2,2
78004,120,91,29,29
78005,97,90,7,7
78006,70,63,7,7
78007,116,113,3,3
78008,77,58,19,19
78009,49,46,3,3
78010,71,62,9,9
78011,64,66,-2,2
78012,72,59,13,13
78013,128,102,26,26
78014,98,84,14,14
78015,66,62,4,4
78016,112,106,6,6
78017,51,46,5,5
78018,85,74,11,11
78019,100,83,17,17
78020,92,79,13,13
78021,111,102,9,9
78022,100,109,-9,9
78023,96,87,9,9
78024,166,142,24,24
78025,137,135,2,2
78026,72,64,8,8
78027,115,108,7,7
78028,88,77,11,11
78029,91,84,7,7
78030,103,92,11,11
78031,47,46,1,1
78032,86,85,1,1
78033,136,115,21,21
78034,157,147,10,10
78035,124,112,12,12
78036,137,129,8,8
78037,101,91,10,10
78038,74,61,13,13
78039,85,72,13,13
78040,45,39,6,6
78041,168,145,23,23
78042,115,97,18,18
78043,116,120,-4,4
78044,84,84,0,0
78045,102,92,10,10
78046,59,62,-3,3
78047,106,103,3,3
78048,60,59,1,1
78049,123,108,15,15
78050,85,70,15,15
78051,60,62,-2,2
78052,82,62,20,20
78053,160,138,22,22
78054,82,74,8,8
78055,83,75,8,8
78056,73,71,2,2
78057,113,105,8,8
78058,95,78,17,17
78059,100,85,15,15
78060,40,37,3,3
78061,80,72,8,8
78062,110,98,12,12
78063,144,134,10,10
78064,115,95,20,20
78065,64,67,-3,3
78066,119,103,16,16
78067,102,96,6,6
78068,159,129,30,30
78069,104,91,13,13
78070,91,82,9,9
78071,133,122,11,11
78072,98,88,10,10
78073,96,95,1,1
78074,134,119,15,15
78075,160,140,20,20
78076,59,64,-5,5
78077,74,69,5,5
78078,106,88,18,18
78079,64,55,9,9
78080,90,89,1,1
78081,67,60,7,7
78082,100,93,7,7
78083,68,61,7,7
78084,159,145,14,14
78085,87,80,7,7
78086,123,119,4,4
78087,78,72,6,6
78088,95,82,13,13
78089,56,63,-7,7
78090,102,93,9,9
78091,108,85,23,23
78092,73,61,12,12
78093,111,103,8,8
78094,137,122,15,15
78095,84,80,4,4
78096,89,73,16,16
78097,70,75,-5,5
78098,78,73,5,5
78099,152,139,13,13
78100,81,74,7,7
78101,49,45,4,4
78102,69,65,4,4
78103,102,82,20,20
78104,62,60,2,2
78105,91,81,10,10
78106,72,46,26,26
78107,47,41,6,6
78108,184,150,34,34
78109,103,86,17,17
78110,69,67,2,2
78111,51,55,-4,4
78112,120,126,-6,6
78113,105,79,26,26
78114,46,50,-4,4
78115,75,67,8,8
78116,71,64,7,7
78117,45,46,-1,1
78118,80,81,-1,1
78119,79,81,-2,2
78120,78,68,10,10
78121,62,66,-4,4
78122,86,77,9,9
78123,122,117,5,5
78124,101,87,14,14
78125,72,66,6,6
78126,141,130,11,11
78127,69,69,0,0
78128,93,82,11,11
78129,55,47,8,8
78130,121,106,15,15
78131,105,101,4,4
78132,99,79,20,20
78133,195,160,35,35
78134,76,68,8,8
78135,124,108,16,16
78136,100,76,24,24
78137,152,139,13,13
78138,108,97,11,11
78139,49,45,4,4
78140,176,152,24,24
78141,104,184,-80,80
78142,81,59,22,22
78143,97,84,13,13
78144,58,52,6,6
78145,110,97,13,13
78146,55,54,1,1
78147,69,63,6,6
78148,107,123,-16,16
78149,71,64,7,7
78150,88,83,5,5
78151,43,47,-4,4
78152,117,108,9,9
78153,81,59,22,22
78154,75,74,1,1
78155,108,100,8,8
78156,63,60,3,3
78157,74,72,2,2
78158,68,62,6,6
78159,62,56,6,6
78160,52,46,6,6
78161,78,77,1,1
78162,108,105,3,3
78163,188,155,33,33
78164,61,59,2,2
78165,77,69,8,8
78166,97,80,17,17
78167,67,58,9,9
78168,77,94,-17,17
78169,91,87,4,4
78170,69,65,4,4
78171,131,124,7,7
78172,56,51,5,5
78173,49,49,0,0
78174,126,115,11,11
78175,114,102,12,12
78176,90,82,8,8
78177,75,78,-3,3
78178,83,70,13,13
78179,92,94,-2,2
78180,83,79,4,4
78181,89,70,19,19
78182,85,76,9,9
78183,70,57,13,13
78184,108,94,14,14
78185,71,67,4,4
78186,68,57,11,11
78187,70,66,4,4
78188,107,101,6,6
78189,58,52,6,6
78190,51,48,3,3
78191,55,56,-1,1
78192,161,154,7,7
78193,46,49,-3,3
78194,92,84,8,8
78195,154,139,15,15
78196,83,77,6,6
78197,128,116,12,12
78198,73,65,8,8
78199,87,78,9,9
78200,122,106,16,16
78201,108,83,25,25
78202,76,82,-6,6
78203,59,63,-4,4
78204,83,78,5,5
78205,92,88,4,4
78206,96,88,8,8
78207,105,86,19,19
78208,58,55,3,3
78209,81,69,12,12
78210,110,92,18,18
78211,44,48,-4,4
78212,81,76,5,5
78213,63,66,-3,3
78214,78,70,8,8
78215,68,66,2,2
78216,120,115,5,5
78217,181,158,23,23
78218,141,124,17,17
78219,178,154,24,24
78220,64,54,10,10
78221,72,70,2,2
78222,45,37,8,8
78223,143,118,25,25
78224,145,122,23,23
78225,111,105,6,6
78226,86,80,6,6
78227,125,120,5,5
78228,79,74,5,5
78229,67,66,1,1
78230,173,148,25,25
78231,81,77,4,4
78232,88,89,-1,1
78233,63,58,5,5
78234,66,82,-16,16
78235,96,85,11,11
78236,100,74,26,26
78237,57,51,6,6
78238,125,105,20,20
78239,156,136,20,20
78240,125,109,16,16
78241,133,123,10,10
78242,66,60,6,6
78243,159,153,6,6
78244,44,49,-5,5
78245,67,58,9,9
78246,105,96,9,9
78247,77,69,8,8
78248,64,65,-1,1
78249,62,83,-21,21
78250,69,58,11,11
78251,163,141,22,22
78252,62,58,4,4
78253,50,45,5,5
78254,100,92,8,8
78255,108,93,15,15
78256,70,61,9,9
78257,97,85,12,12
78258,83,67,16,16
78259,137,136,1,1
78260,70,64,6,6
78261,122,93,29,29
78262,79,79,0,0
78263,52,66,-14,14
78264,86,85,1,1
78265,93,80,13,13
78266,93,100,-7,7
78267,62,59,3,3
78268,109,90,19,19
78269,107,99,8,8
78270,83,75,8,8
78271,57,54,3,3
78272,61,60,1,1
78273,43,41,2,2
78274,156,129,27,27
78275,102,87,15,15
78276,56,62,-6,6
78277,199,156,43,43
78278,103,94,9,9
78279,77,71,6,6
78280,147,145,2,2
78281,99,102,-3,3
78282,74,99,-25,25
78283,71,58,13,13
78284,142,132,10,10
78285,72,62,10,10
78286,28,40,-12,12
78287,99,99,0,0
78288,145,143,2,2
78289,51,46,5,5
78290,132,131,1,1
78291,102,94,8,8
78292,69,62,7,7
78293,142,130,12,12
78294,52,43,9,9
78295,87,85,2,2
78296,122,116,6,6
78297,93,96,-3,3
78298,85,82,3,3
78299,101,88,13,13
78300,88,83,5,5
78301,64,57,7,7
78302,131,117,14,14
78303,91,83,8,8
78304,174,147,27,27
78305,50,45,5,5
78306,78,77,1,1
78307,76,76,0,0
78308,118,107,11,11
78309,56,54,2,2
78310,53,51,2,2
78311,98,95,3,3
78312,119,115,4,4
78313,133,119,14,14
78314,66,61,5,5
78315,117,115,2,2
78316,94,84,10,10
78317,79,76,3,3
78318,114,108,6,6
78319,96,75,21,21
78320,81,78,3,3
78321,83,77,6,6
78322,74,70,4,4
78323,89,76,13,13
78324,73,76,-3,3
78325,160,148,12,12
78326,120,105,15,15
78327,52,46,6,6
78328,127,120,7,7
78329,93,83,10,10
78330,108,110,-2,2
78331,95,85,10,10
78332,75,70,5,5
78333,124,100,24,24
78334,90,83,7,7
78335,101,95,6,6
78336,44,44,0,0
78337,113,99,14,14
78338,64,69,-5,5
78339,135,122,13,13
78340,147,127,20,20
78341,112,107,5,5
78342,63,62,1,1
78343,91,94,-3,3
78344,93,66,27,27
78345,116,104,12,12
78346,124,118,6,6
78347,127,122,5,5
78348,114,112,2,2
78349,137,106,31,31
78350,56,56,0,0
78351,54,50,4,4
78352,78,77,1,1
78353,71,64,7,7
78354,72,69,3,3
78355,67,67,0,0
78356,48,43,5,5
78357,115,125,-10,10
78358,53,48,5,5
78359,95,86,9,9
78360,56,62,-6,6
78361,45,38,7,7
78362,209,180,29,29
78363,85,87,-2,2
78364,80,71,9,9
78365,139,132,7,7
78366,64,59,5,5
78367,83,80,3,3
78368,121,105,16,16
78369,102,102,0,0
78370,94,83,11,11
78371,119,105,14,14
78372,59,58,1,1
78373,61,79,-18,18
78374,74,63,11,11
78375,76,69,7,7
78376,91,85,6,6
78377,132,108,24,24
78378,54,55,-1,1
78379,74,70,4,4
78380,96,82,14,14
78381,60,60,0,0
78382,91,88,3,3
78383,102,95,7,7
78384,131,120,11,11
78385,95,82,13,13
78386,35,32,3,3
78387,70,72,-2,2
78388,115,95,20,20
78389,63,59,4,4
78390,70,70,0,0
78391,73,63,10,10
78392,79,72,7,7
78393,114,109,5,5
78394,75,78,-3,3
78395,103,90,13,13
78396,111,98,13,13
78397,110,110,0,0
78398,55,50,5,5
78399,89,88,1,1
78400,53,59,-6,6
78401,114,93,21,21
78402,104,96,8,8
78403,45,41,4,4
78404,122,109,13,13
78405,72,70,2,2
78406,140,121,19,19
78407,132,111,21,21
78408,127,146,-19,19
78409,133,119,14,14
78410,66,60,6,6
78411,99,89,10,10
78412,112,103,9,9
78413,104,79,25,25
78414,143,128,15,15
78415,107,92,15,15
78416,122,112,10,10
78417,166,154,12,12
78418,169,154,15,15
78419,165,160,5,5
78420,147,118,29,29
78421,63,56,7,7
78422,71,72,-1,1
78423,59,49,10,10
78424,127,119,8,8
78425,168,144,24,24
78426,43,42,1,1
78427,103,91,12,12
78428,109,94,15,15
78429,99,96,3,3
78430,71,66,5,5
78431,94,89,5,5
78432,104,93,11,11
78433,96,91,5,5
78434,85,71,14,14
78435,122,97,25,25
78436,85,78,7,7
78437,49,49,0,0
78438,44,57,-13,13
78439,65,55,10,10
78440,78,72,6,6
78441,117,107,10,10
78442,103,90,13,13
78443,106,86,20,20
78444,97,95,2,2
78445,167,167,0,0
78446,50,48,2,2
78447,134,118,16,16
78448,100,102,-2,2
78449,81,76,5,5
78450,108,106,2,2
78451,55,52,3,3
78452,82,78,4,4
78453,94,104,-10,10
78454,94,81,13,13
78455,61,57,4,4
78456,141,129,12,12
78457,79,73,6,6
78458,71,74,-3,3
78459,48,50,-2,2
78460,140,133,7,7
78461,70,68,2,2
78462,63,55,8,8
78463,137,117,20,20
78464,40,36,4,4
78465,103,91,12,12
78466,67,72,-5,5
78467,82,70,12,12
78468,119,113,6,6
78469,131,117,14,14
78470,77,85,-8,8
78471,98,83,15,15
78472,148,147,1,1
78473,91,80,11,11
78474,95,93,2,2
78475,60,53,7,7
78476,72,65,7,7
78477,123,110,13,13
78478,68,62,6,6
78479,124,119,5,5
78480,128,117,11,11
78481,114,108,6,6
78482,90,82,8,8
78483,108,101,7,7
78484,114,97,17,17
78485,33,47,-14,14
78486,95,90,5,5
78487,113,101,12,12
78488,57,52,5,5
78489,71,61,10,10
78490,110,76,34,34
78491,67,63,4,4
78492,59,57,2,2
78493,105,100,5,5
78494,132,112,20,20
78495,93,93,0,0
78496,90,87,3,3
78497,134,116,18,18
78498,32,32,0,0
78499,108,134,-26,26
78500,81,68,13,13
78501,94,87,7,7
78502,116,110,6,6
78503,131,116,15,15
78504,63,66,-3,3
78505,96,84,12,12
78506,71,56,15,15
78507,71,60,11,11
78508,79,75,4,4
78509,115,103,12,12
78510,48,59,-11,11
78511,85,73,12,12
78512,113,97,16,16
78513,89,82,7,7
78514,131,118,13,13
78515,91,86,5,5
78516,72,62,10,10
78517,169,142,27,27
78518,133,125,8,8
78519,176,159,17,17
78520,118,115,3,3
78521,71,73,-2,2
78522,65,63,2,2
78523,144,114,30,30
78524,72,76,-4,4
78525,70,69,1,1
78526,70,64,6,6
78527,117,96,21,21
78528,97,87,10,10
78529,57,54,3,3
78530,61,75,-14,14
78531,80,71,9,9
78532,92,81,11,11
78533,85,83,2,2
78534,125,102,23,23
78535,90,91,-1,1
78536,80,70,10,10
78537,71,71,0,0
78538,149,123,26,26
78539,69,59,10,10
78540,104,90,14,14
78541,95,83,12,12
78542,129,102,27,27
78543,144,115,29,29
78544,61,58,3,3
78545,130,109,21,21
78546,144,124,20,20
78547,39,36,3,3
78548,114,100,14,14
78549,48,46,2,2
78550,94,81,13,13
78551,92,79,13,13
78552,101,82,19,19
78553,79,77,2,2
78554,113,96,17,17
78555,69,70,-1,1
78556,41,42,-1,1
78557,69,68,1,1
78558,108,97,11,11
78559,66,60,6,6
78560,93,76,17,17
78561,86,74,12,12
78562,79,68,11,11
78563,80,75,5,5
78564,87,80,7,7
78565,179,149,30,30
78566,67,60,7,7
78567,71,71,0,0
78568,86,71,15,15
78569,92,88,4,4
78570,109,104,5,5
78571,45,49,-4,4
78572,84,78,6,6
78573,158,142,16,16
78574,92,80,12,12
78575,75,66,9,9
78576,84,75,9,9
78577,65,67,-2,2
78578,104,87,17,17
78579,44,41,3,3
78580,198,152,46,46
78581,124,108,16,16
78582,134,111,23,23
78583,122,104,18,18
78584,77,70,7,7
78585,103,91,12,12
78586,98,86,12,12
78587,59,49,10,10
78588,87,65,22,22
78589,74,62,12,12
78590,67,67,0,0
78591,85,77,8,8
78592,79,65,14,14
78593,96,90,6,6
78594,121,112,9,9
78595,98,103,-5,5
78596,145,122,23,23
78597,110,96,14,14
78598,144,135,9,9
78599,85,74,11,11
78600,114,111,3,3
78601,95,83,12,12
78602,51,54,-3,3
78603,97,85,12,12
78604,81,62,19,19
78605,81,73,8,8
78606,85,79,6,6
78607,154,142,12,12
78608,125,112,13,13
78609,97,92,5,5
78610,161,137,24,24
78611,144,117,27,27
78612,127,111,16,16
78613,88,78,10,10
78614,180,154,26,26
78615,90,89,1,1
78616,66,66,0,0
78617,95,85,10,10
78618,94,94,0,0
78619,75,73,2,2
78620,65,66,-1,1
78621,111,113,-2,2
78622,67,57,10,10
78623,86,85,1,1
78624,141,120,21,21
78625,102,89,13,13
78626,142,136,6,6
78627,188,173,15,15
78628,62,50,12,12
78629,104,102,2,2
78630,63,54,9,9
78631,100,86,14,14
78632,148,129,19,19
78633,103,99,4,4
78634,122,117,5,5
78635,69,63,6,6
78636,89,81,8,8
78637,113,87,26,26
78638,135,123,12,12
78639,158,135,23,23
78640,74,59,15,15
78641,54,49,5,5
78642,106,98,8,8
78643,56,77,-21,21
78644,113,100,13,13
78645,95,77,18,18
78646,134,120,14,14
78647,73,67,6,6
78648,51,45,6,6
78649,50,41,9,9
78650,33,30,3,3
78651,130,111,19,19
78652,111,118,-7,7
78653,58,52,6,6
78654,103,90,13,13
78655,136,129,7,7
78656,99,89,10,10
78657,99,84,15,15
78658,116,101,15,15
78659,149,133,16,16
78660,69,65,4,4
78661,81,83,-2,2
78662,57,52,5,5
78663,85,73,12,12
78664,78,84,-6,6
78665,94,84,10,10
78666,112,93,19,19
78667,141,109,32,32
78668,133,111,22,22
78669,85,88,-3,3
78670,100,97,3,3
78671,62,57,5,5
78672,121,107,14,14
78673,54,53,1,1
78674,154,140,14,14
78675,142,116,26,26
78676,104,108,-4,4
78677,103,91,12,12
78678,70,60,10,10
78679,118,106,12,12
78680,115,105,10,10
78681,145,130,15,15
78682,106,100,6,6
78683,114,106,8,8
78684,87,77,10,10
78685,155,128,27,27
78686,142,121,21,21
78687,132,117,15,15
78688,94,85,9,9
78689,142,127,15,15
78690,150,133,17,17
78691,53,52,1,1
78692,94,82,12,12
78693,85,90,-5,5
78694,62,61,1,1
78695,53,47,6,6
78696,81,78,3,3
78697,175,158,17,17
78698,55,48,7,7
78699,72,75,-3,3
78700,93,82,11,11
78701,73,74,-1,1
78702,47,50,-3,3
78703,67,62,5,5
78704,117,103,14,14
78705,104,96,8,8
78706,76,69,7,7
78707,99,79,20,20
78708,131,115,16,16
78709,84,83,1,1
78710,105,107,-2,2
78711,157,127,30,30
78712,111,108,3,3
78713,91,85,6,6
78714,74,77,-3,3
78715,79,70,9,9
78716,103,86,17,17
78717,119,105,14,14
78718,163,102,61,61
78719,69,63,6,6
78720,112,96,16,16
78721,55,57,-2,2
78722,97,92,5,5
78723,99,81,18,18
78724,58,57,1,1
78725,125,99,26,26
78726,88,74,14,14
78727,81,73,8,8
78728,158,149,9,9
78729,55,57,-2,2
78730,114,111,3,3
78731,95,87,8,8
78732,87,100,-13,13
78733,139,115,24,24
78734,79,67,12,12
78735,75,61,14,14
78736,56,55,1,1
78737,113,122,-9,9
78738,148,127,21,21
78739,160,133,27,27
78740,97,84,13,13
78741,88,80,8,8
78742,89,80,9,9
78743,101,93,8,8
78744,53,50,3,3
78745,97,103,-6,6
78746,67,64,3,3
78747,117,100,17,17
78748,72,59,13,13
78749,40,41,-1,1
78750,48,44,4,4
78751,88,74,14,14
78752,95,74,21,21
78753,132,112,20,20
78754,63,56,7,7
78755,95,86,9,9
78756,84,77,7,7
78757,33,33,0,0
78758,70,65,5,5
78759,154,136,18,18
78760,163,141,22,22
78761,175,150,25,25
78762,92,82,10,10
78763,150,135,15,15
78764,67,62,5,5
78765,127,122,5,5
78766,131,123,8,8
78767,194,168,26,26
78768,113,100,13,13
78769,106,96,10,10
78770,88,74,14,14
78771,75,66,9,9
78772,56,66,-10,10
78773,86,89,-3,3
78774,66,56,10,10
78775,171,151,20,20
78776,127,112,15,15
78777,110,99,11,11
78778,93,87,6,6
78779,89,80,9,9
78780,72,74,-2,2
78781,98,84,14,14
78782,77,70,7,7
78783,93,84,9,9
78784,112,90,22,22
78785,68,62,6,6
78786,104,103,1,1
78787,78,68,10,10
78788,69,71,-2,2
78789,48,43,5,5
78790,65,66,-1,1
78791,109,104,5,5
78792,90,97,-7,7
78793,141,123,18,18
78794,100,95,5,5
78795,133,126,7,7
78796,110,94,16,16
78797,54,48,6,6
78798,71,65,6,6
78799,144,128,16,16
78800,57,56,1,1
78801,88,83,5,5
78802,107,91,16,16
78803,128,114,14,14
78804,93,90,3,3
78805,136,130,6,6
78806,107,88,19,19
78807,151,130,21,21
78808,114,100,14,14
78809,67,58,9,9
78810,94,85,9,9
78811,90,76,14,14
78812,105,87,18,18
78813,132,111,21,21
78814,90,80,10,10
78815,120,116,4,4
78816,91,89,2,2
78817,155,140,15,15
78818,62,56,6,6
78819,109,94,15,15
78820,100,96,4,4
78821,160,131,29,29
78822,96,87,9,9
78823,104,103,1,1
78824,93,83,10,10
78825,72,68,4,4
78826,59,66,-7,7
78827,74,65,9,9
78828,83,68,15,15
78829,92,74,18,18
78830,100,96,4,4
78831,87,76,11,11
78832,122,112,10,10
78833,78,69,9,9
78834,79,67,12,12
78835,138,114,24,24
78836,158,135,23,23
78837,75,68,7,7
78838,100,87,13,13
78839,134,116,18,18
78840,138,144,-6,6
78841,82,82,0,0
78842,52,44,8,8
78843,74,71,3,3
78844,60,52,8,8
78845,49,39,10,10
78846,45,40,5,5
78847,83,73,10,10
78848,55,56,-1,1
78849,74,65,9,9
78850,96,80,16,16
78851,71,68,3,3
78852,73,67,6,6
78853,104,106,-2,2
78854,57,51,6,6
78855,79,72,7,7
78856,109,101,8,8
78857,65,55,10,10
78858,129,132,-3,3
78859,75,66,9,9
78860,209,177,32,32
78861,102,85,17,17
78862,102,98,4,4
78863,142,118,24,24
78864,140,110,30,30
78865,44,39,5,5
78866,102,98,4,4
78867,89,72,17,17
78868,86,75,11,11
78869,85,78,7,7
78870,88,77,11,11
78871,77,77,0,0
78872,123,119,4,4
78873,62,69,-7,7
78874,163,147,16,16
78875,114,106,8,8
78876,55,56,-1,1
78877,112,106,6,6
78878,125,113,12,12
78879,123,113,10,10
78880,96,85,11,11
78881,111,95,16,16
78882,136,117,19,19
78883,75,69,6,6
78884,134,125,9,9
78885,77,77,0,0
78886,98,93,5,5
78887,94,82,12,12
78888,77,72,5,5
78889,83,72,11,11
78890,97,80,17,17
78891,82,74,8,8
78892,126,110,16,16
78893,159,149,10,10
78894,100,98,2,2
78895,100,106,-6,6
78896,121,105,16,16
78897,117,92,25,25
78898,81,78,3,3
78899,90,79,11,11
78900,68,60,8,8
78901,110,100,10,10
78902,118,121,-3,3
78903,97,87,10,10
78904,81,67,14,14
78905,105,96,9,9
78906,95,79,16,16
78907,66,72,-6,6
78908,109,100,9,9
78909,141,131,10,10
78910,52,49,3,3
78911,80,67,13,13
78912,93,80,13,13
78913,76,67,9,9
78914,111,102,9,9
78915,107,92,15,15
78916,132,113,19,19
78917,100,95,5,5
78918,138,117,21,21
78919,122,107,15,15
78920,105,97,8,8
78921,85,77,8,8
78922,96,72,24,24
78923,60,51,9,9
78924,106,94,12,12
78925,47,54,-7,7
78926,97,86,11,11
78927,36,35,1,1
78928,111,88,23,23
78929,121,118,3,3
78930,85,71,14,14
78931,95,67,28,28
78932,78,73,5,5
78933,113,109,4,4
78934,72,64,8,8
78935,110,108,2,2
78936,38,39,-1,1
78937,133,121,12,12
78938,52,68,-16,16
78939,49,46,3,3
78940,57,53,4,4
78941,209,155,54,54
78942,93,92,1,1
78943,62,58,4,4
78944,51,50,1,1
78945,82,98,-16,16
78946,77,68,9,9
78947,165,138,27,27
78948,58,52,6,6
78949,108,94,14,14
78950,43,45,-2,2
78951,83,77,6,6
78952,92,82,10,10
78953,127,109,18,18
78954,47,45,2,2
78955,78,69,9,9
78956,62,61,1,1
78957,136,115,21,21
78958,121,115,6,6
78959,79,76,3,3
78960,83,84,-1,1
78961,100,95,5,5
78962,86,93,-7,7
78963,89,83,6,6
78964,74,59,15,15
78965,133,122,11,11
78966,107,96,11,11
78967,89,77,12,12
78968,72,63,9,9
78969,78,75,3,3
78970,52,48,4,4
78971,94,83,11,11
78972,107,98,9,9
78973,61,53,8,8
78974,224,188,36,36
78975,75,61,14,14
78976,53,49,4,4
78977,95,91,4,4
78978,63,55,8,8
78979,133,121,12,12
78980,45,38,7,7
78981,65,57,8,8
78982,93,81,12,12
78983,68,69,-1,1
78984,86,80,6,6
78985,116,106,10,10
78986,112,105,7,7
78987,79,65,14,14
78988,83,71,12,12
78989,136,133,3,3
78990,58,55,3,3
78991,98,86,12,12
78992,216,203,13,13
78993,135,120,15,15
78994,87,78,9,9
78995,99,87,12,12
78996,85,78,7,7
78997,57,51,6,6
78998,69,57,12,12
78999,72,66,6,6
79000,42,46,-4,4
79001,50,48,2,2
79002,120,107,13,13
79003,43,40,3,3
79004,58,52,6,6
79005,64,64,0,0
79006,47,45,2,2
79007,118,100,18,18
79008,91,103,-12,12
79009,115,106,9,9
79010,132,124,8,8
79011,124,113,11,11
79012,127,130,-3,3
79013,90,76,14,14
79014,142,131,11,11
79015,72,66,6,6
79016,91,89,2,2
79017,93,88,5,5
79018,159,146,13,13
79019,76,73,3,3
79020,89,87,2,2
79021,127,96,31,31
79022,76,70,6,6
79023,101,88,13,13
79024,95,86,9,9
79025,82,76,6,6
79026,109,100,9,9
79027,108,92,16,16
79028,84,79,5,5
79029,184,167,17,17
79030,77,67,10,10
79031,92,74,18,18
79032,57,57,0,0
79033,104,89,15,15
79034,118,108,10,10
79035,111,97,14,14
79036,78,60,18,18
79037,122,102,20,20
79038,72,63,9,9
79039,106,88,18,18
79040,61,54,7,7
79041,106,99,7,7
79042,122,112,10,10
79043,119,107,12,12
79044,141,115,26,26
79045,114,102,12,12
79046,124,107,17,17
79047,86,71,15,15
79048,43,48,-5,5
79049,177,163,14,14
79050,169,178,-9,9
79051,100,96,4,4
79052,70,68,2,2
79053,80,73,7,7
79054,82,75,7,7
79055,97,82,15,15
79056,112,94,18,18
79057,122,106,16,16
79058,62,56,6,6
79059,146,116,30,30
79060,77,79,-2,2
79061,95,91,4,4
79062,167,136,31,31
79063,62,84,-22,22
79064,112,128,-16,16
79065,56,52,4,4
79066,126,102,24,24
79067,127,103,24,24
79068,221,195,26,26
79069,180,150,30,30
79070,73,61,12,12
79071,53,50,3,3
79072,82,81,1,1
79073,58,52,6,6
79074,78,70,8,8
79075,130,116,14,14
79076,39,32,7,7
79077,93,104,-11,11
79078,87,74,13,13
79079,82,68,14,14
79080,130,122,8,8
79081,74,68,6,6
79082,93,84,9,9
79083,69,71,-2,2
79084,57,51,6,6
79085,79,66,13,13
79086,120,107,13,13
79087,91,74,17,17
79088,99,100,-1,1
79089,100,87,13,13
79090,93,84,9,9
79091,78,76,2,2
79092,82,78,4,4
79093,242,182,60,60
79094,154,140,14,14
79095,63,58,5,5
79096,52,46,6,6
79097,106,93,13,13
79098,87,94,-7,7
79099,106,102,4,4
79100,36,32,4,4
79101,108,117,-9,9
79102,153,176,-23,23
79103,44,53,-9,9
79104,119,108,11,11
79105,51,49,2,2
79106,156,131,25,25
79107,114,121,-7,7
79108,123,113,10,10
79109,149,130,19,19
79110,90,77,13,13
79111,67,63,4,4
79112,179,156,23,23
79113,123,110,13,13
79114,88,81,7,7
79115,211,195,16,16
79116,149,128,21,21
79117,58,50,8,8
79118,85,75,10,10
79119,94,84,10,10
79120,125,122,3,3
79121,50,51,-1,1
79122,78,65,13,13
79123,91,80,11,11
79124,166,153,13,13
79125,89,74,15,15
79126,55,58,-3,3
79127,140,124,16,16
79128,122,113,9,9
79129,92,70,22,22
79130,59,56,3,3
79131,112,112,0,0
79132,97,91,6,6
79133,109,105,4,4
79134,121,131,-10,10
79135,75,71,4,4
79136,80,68,12,12
79137,104,94,10,10
79138,130,120,10,10
79139,148,139,9,9
79140,54,46,8,8
79141,121,102,19,19
79142,65,74,-9,9
79143,51,54,-3,3
79144,142,112,30,30
79145,40,35,5,5
79146,58,56,2,2
79147,92,81,11,11
79148,71,67,4,4
79149,96,86,10,10
79150,118,99,19,19
79151,54,51,3,3
79152,91,91,0,0
79153,70,64,6,6
79154,85,75,10,10
79155,47,43,4,4
79156,137,126,11,11
79157,88,85,3,3
79158,73,68,5,5
79159,99,87,12,12
79160,68,64,4,4
79161,174,164,10,10
79162,119,115,4,4
79163,84,76,8,8
79164,103,111,-8,8
79165,174,158,16,16
79166,98,84,14,14
79167,86,67,19,19
79168,101,96,5,5
79169,88,72,16,16
79170,78,63,15,15
79171,94,81,13,13
79172,131,117,14,14
79173,104,86,18,18
79174,89,89,0,0
79175,104,109,-5,5
79176,43,45,-2,2
79177,85,76,9,9
79178,66,59,7,7
79179,108,106,2,2
79180,89,93,-4,4
79181,54,54,0,0
79182,75,69,6,6
79183,85,87,-2,2
79184,94,87,7,7
79185,58,57,1,1
79186,191,168,23,23
79187,63,55,8,8
79188,73,61,12,12
79189,92,85,7,7
79190,125,102,23,23
79191,90,76,14,14
79192,128,118,10,10
79193,38,42,-4,4
79194,84,69,15,15
79195,85,73,12,12
79196,147,129,18,18
79197,54,46,8,8
79198,78,72,6,6
79199,117,96,21,21
79200,78,76,2,2
79201,83,69,14,14
79202,125,140,-15,15
79203,108,98,10,10
79204,94,87,7,7
79205,45,42,3,3
79206,120,107,13,13
79207,86,79,7,7
79208,85,76,9,9
79209,50,45,5,5
79210,89,77,12,12
79211,90,78,12,12
79212,75,69,6,6
79213,110,106,4,4
79214,82,72,10,10
79215,140,125,15,15
79216,102,97,5,5
79217,78,73,5,5
79218,90,85,5,5
79219,49,45,4,4
79220,60,53,7,7
79221,128,132,-4,4
79222,91,86,5,5
79223,94,85,9,9
79224,101,86,15,15
79225,90,78,12,12
79226,115,101,14,14
79227,111,88,23,23
79228,110,109,1,1
79229,64,64,0,0
79230,112,89,23,23
79231,88,81,7,7
79232,108,91,17,17
79233,100,92,8,8
79234,66,57,9,9
79235,142,115,27,27
79236,64,59,5,5
79237,140,127,13,13
79238,124,108,16,16
79239,66,62,4,4
79240,99,85,14,14
79241,78,65,13,13
79242,103,104,-1,1
79243,121,109,12,12
79244,96,81,15,15
79245,30,33,-3,3
79246,69,58,11,11
79247,97,82,15,15
79248,81,68,13,13
79249,72,64,8,8
79250,93,79,14,14
79251,84,85,-1,1
79252,84,83,1,1
79253,98,92,6,6
79254,57,64,-7,7
79255,81,77,4,4
79256,88,84,4,4
79257,98,87,11,11
79258,171,153,18,18
79259,76,70,6,6
79260,126,122,4,4
79261,90,84,6,6
79262,91,74,17,17
79263,94,77,17,17
79264,91,77,14,14
79265,122,110,12,12
79266,81,78,3,3
79267,86,94,-8,8
79268,79,73,6,6
79269,76,79,-3,3
79270,97,95,2,2
79271,125,134,-9,9
79272,125,119,6,6
79273,62,58,4,4
79274,63,63,0,0
79275,81,77,4,4
79276,115,91,24,24
79277,162,151,11,11
79278,103,89,14,14
79279,64,60,4,4
79280,153,131,22,22
79281,69,73,-4,4
79282,132,110,22,22
79283,76,62,14,14
79284,63,70,-7,7
79285,65,62,3,3
79286,89,85,4,4
79287,165,128,37,37
79288,84,74,10,10
79289,89,75,14,14
79290,130,113,17,17
79291,73,59,14,14
79292,110,111,-1,1
79293,157,130,27,27
79294,82,79,3,3
79295,100,91,9,9
79296,128,111,17,17
79297,122,108,14,14
79298,102,94,8,8
79299,102,85,17,17
79300,86,71,15,15
79301,124,116,8,8
79302,157,136,21,21
79303,104,93,11,11
79304,94,87,7,7
79305,59,54,5,5
79306,103,89,14,14
79307,78,69,9,9
79308,73,70,3,3
79309,76,70,6,6
79310,112,117,-5,5
79311,103,104,-1,1
79312,159,121,38,38
79313,42,43,-1,1
79314,83,71,12,12
79315,108,98,10,10
79316,129,115,14,14
79317,129,120,9,9
79318,145,125,20,20
79319,70,63,7,7
79320,71,63,8,8
79321,60,59,1,1
79322,100,86,14,14
79323,173,156,17,17
79324,156,133,23,23
79325,101,88,13,13
79326,99,92,7,7
79327,130,118,12,12
79328,68,115,-47,47
79329,138,116,22,22
79330,138,129,9,9
79331,126,116,10,10
79332,74,65,9,9
79333,75,68,7,7
79334,79,65,14,14
79335,67,61,6,6
79336,80,110,-30,30
79337,86,69,17,17
79338,57,53,4,4
79339,111,110,1,1
79340,95,86,9,9
79341,85,73,12,12
79342,88,77,11,11
79343,72,61,11,11
79344,22,47,-25,25
79345,97,77,20,20
79346,130,109,21,21
79347,55,51,4,4
79348,95,80,15,15
79349,86,77,9,9
79350,53,51,2,2
79351,66,59,7,7
79352,122,123,-1,1
79353,130,119,11,11
79354,135,122,13,13
79355,47,43,4,4
79356,65,92,-27,27
79357,46,39,7,7
79358,155,129,26,26
79359,60,59,1,1
79360,75,74,1,1
79361,97,83,14,14
79362,142,112,30,30
79363,57,58,-1,1
79364,80,69,11,11
79365,44,38,6,6
79366,107,97,10,10
79367,39,51,-12,12
79368,163,152,11,11
79369,152,153,-1,1
79370,119,108,11,11
79371,98,77,21,21
79372,67,70,-3,3
79373,61,50,11,11
79374,99,87,12,12
79375,62,53,9,9
79376,68,62,6,6
79377,72,68,4,4
79378,83,79,4,4
79379,103,89,14,14
79380,116,117,-1,1
79381,122,114,8,8
79382,88,85,3,3
79383,129,109,20,20
79384,86,74,12,12
79385,82,75,7,7
79386,83,78,5,5
79387,71,74,-3,3
79388,77,72,5,5
79389,100,97,3,3
79390,206,183,23,23
79391,152,160,-8,8
79392,58,50,8,8
79393,141,126,15,15
79394,96,80,16,16
79395,149,121,28,28
79396,80,66,14,14
79397,48,44,4,4
79398,75,70,5,5
79399,95,83,12,12
79400,126,121,5,5
79401,74,66,8,8
79402,95,85,10,10
79403,59,59,0,0
79404,164,145,19,19
79405,95,84,11,11
79406,46,50,-4,4
79407,88,76,12,12
79408,135,130,5,5
79409,140,117,23,23
79410,103,94,9,9
79411,69,61,8,8
79412,144,115,29,29
79413,147,126,21,21
79414,105,104,1,1
79415,154,115,39,39
79416,77,68,9,9
79417,74,71,3,3
79418,132,116,16,16
79419,56,55,1,1
79420,48,47,1,1
79421,77,69,8,8
79422,20,36,-16,16
79423,94,89,5,5
79424,66,63,3,3
79425,72,65,7,7
79426,130,110,20,20
79427,282,234,48,48
79428,139,104,35,35
79429,99,102,-3,3
79430,67,63,4,4
79431,72,71,1,1
79432,96,94,2,2
79433,76,70,6,6
79434,119,103,16,16
79435,93,73,20,20
79436,61,61,0,0
79437,79,65,14,14
79438,107,92,15,15
79439,152,148,4,4
79440,85,71,14,14
79441,62,52,10,10
79442,103,84,19,19
79443,59,52,7,7
79444,109,108,1,1
79445,84,84,0,0
79446,85,70,15,15
79447,77,84,-7,7
79448,182,164,18,18
79449,105,100,5,5
79450,165,152,13,13
79451,101,89,12,12
79452,91,80,11,11
79453,93,84,9,9
79454,105,102,3,3
79455,98,92,6,6
79456,140,130,10,10
79457,150,127,23,23
79458,168,148,20,20
79459,155,134,21,21
79460,75,59,16,16
79461,56,48,8,8
79462,41,48,-7,7
79463,84,75,9,9
79464,46,48,-2,2
79465,168,154,14,14
79466,148,128,20,20
79467,92,86,6,6
79468,93,80,13,13
79469,108,92,16,16
79470,52,51,1,1
79471,100,88,12,12
79472,77,77,0,0
79473,95,80,15,15
79474,67,62,5,5
79475,84,66,18,18
79476,107,94,13,13
79477,80,69,11,11
79478,104,95,9,9
79479,86,78,8,8
79480,90,75,15,15
79481,70,71,-1,1
79482,125,126,-1,1
79483,68,64,4,4
79484,125,113,12,12
79485,133,124,9,9
79486,77,65,12,12
79487,70,68,2,2
79488,182,159,23,23
79489,114,91,23,23
79490,114,104,10,10
79491,183,170,13,13
79492,57,58,-1,1
79493,111,104,7,7
79494,49,49,0,0
79495,58,53,5,5
79496,97,98,-1,1
79497,141,134,7,7
79498,133,120,13,13
79499,115,97,18,18
79500,142,122,20,20
79501,53,49,4,4
79502,69,57,12,12
79503,152,124,28,28
79504,52,47,5,5
79505,145,133,12,12
79506,90,78,12,12
79507,125,106,19,19
79508,73,57,16,16
79509,72,65,7,7
79510,69,72,-3,3
79511,146,125,21,21
79512,149,136,13,13
79513,79,72,7,7
79514,105,103,2,2
79515,65,55,10,10
79516,139,117,22,22
79517,123,108,15,15
79518,105,80,25,25
79519,40,38,2,2
79520,65,62,3,3
79521,134,120,14,14
79522,123,109,14,14
79523,127,107,20,20
79524,39,63,-24,24
79525,104,106,-2,2
79526,48,47,1,1
79527,78,78,0,0
79528,102,90,12,12
79529,72,51,21,21
79530,130,123,7,7
79531,107,98,9,9
79532,90,83,7,7
79533,85,76,9,9
79534,103,97,6,6
79535,118,102,16,16
79536,67,68,-1,1
79537,101,82,19,19
79538,108,94,14,14
79539,134,138,-4,4
79540,83,68,15,15
79541,103,90,13,13
79542,43,50,-7,7
79543,154,132,22,22
79544,137,124,13,13
79545,133,111,22,22
79546,165,131,34,34
79547,68,67,1,1
79548,144,130,14,14
79549,112,102,10,10
79550,96,86,10,10
79551,84,71,13,13
79552,131,105,26,26
79553,95,83,12,12
79554,166,143,23,23
79555,56,58,-2,2
79556,112,103,9,9
79557,55,48,7,7
79558,88,80,8,8
79559,81,67,14,14
79560,79,69,10,10
79561,105,97,8,8
79562,52,51,1,1
79563,131,116,15,15
79564,101,97,4,4
79565,98,67,31,31
79566,60,52,8,8
79567,66,63,3,3
79568,85,68,17,17
79569,81,70,11,11
79570,117,115,2,2
79571,61,55,6,6
79572,74,69,5,5
79573,64,61,3,3
79574,61,55,6,6
79575,106,94,12,12
79576,82,75,7,7
79577,68,80,-12,12
79578,100,95,5,5
79579,111,85,26,26
79580,73,70,3,3
79581,110,98,12,12
79582,110,103,7,7
79583,150,134,16,16
79584,119,113,6,6
79585,140,128,12,12
79586,107,88,19,19
79587,31,32,-1,1
79588,111,99,12,12
79589,93,90,3,3
79590,73,66,7,7
79591,75,75,0,0
79592,106,109,-3,3
79593,46,44,2,2
79594,169,150,19,19
79595,128,113,15,15
79596,189,173,16,16
79597,119,107,12,12
79598,61,49,12,12
79599,109,102,7,7
79600,129,107,22,22
79601,118,111,7,7
79602,91,83,8,8
79603,95,89,6,6
79604,106,84,22,22
79605,188,166,22,22
79606,78,67,11,11
79607,59,63,-4,4
79608,66,56,10,10
79609,62,59,3,3
79610,137,119,18,18
79611,82,78,4,4
79612,115,104,11,11
79613,102,87,15,15
79614,50,58,-8,8
79615,119,108,11,11
79616,159,152,7,7
79617,146,132,14,14
79618,62,51,11,11
79619,72,60,12,12
79620,82,75,7,7
79621,64,60,4,4
79622,74,69,5,5
79623,104,89,15,15
79624,169,122,47,47
79625,86,80,6,6
79626,178,175,3,3
79627,83,73,10,10
79628,115,102,13,13
79629,124,112,12,12
79630,123,139,-16,16
79631,90,83,7,7
79632,51,47,4,4
79633,99,86,13,13
79634,99,113,-14,14
79635,108,88,20,20
79636,124,101,23,23
79637,144,136,8,8
79638,128,124,4,4
79639,70,63,7,7
79640,74,76,-2,2
79641,134,128,6,6
79642,119,115,4,4
79643,41,38,3,3
79644,101,99,2,2
79645,149,130,19,19
79646,121,103,18,18
79647,56,51,5,5
79648,108,96,12,12
79649,72,68,4,4
79650,98,85,13,13
79651,67,59,8,8
79652,69,64,5,5
79653,89,80,9,9
79654,122,121,1,1
79655,75,69,6,6
79656,80,76,4,4
79657,184,171,13,13
79658,80,71,9,9
79659,136,124,12,12
79660,85,77,8,8
79661,86,76,10,10
79662,99,97,2,2
79663,161,154,7,7
79664,106,102,4,4
79665,86,78,8,8
79666,160,141,19,19
79667,140,137,3,3
79668,157,146,11,11
79669,121,109,12,12
79670,61,61,0,0
79671,108,99,9,9
79672,110,99,11,11
79673,101,85,16,16
79674,85,77,8,8
79675,125,117,8,8
79676,67,61,6,6
79677,64,58,6,6
79678,47,56,-9,9
79679,111,111,0,0
79680,45,48,-3,3
79681,79,60,19,19
79682,102,89,13,13
79683,99,74,25,25
79684,121,110,11,11
79685,75,76,-1,1
79686,172,155,17,17
79687,67,63,4,4
79688,111,92,19,19
79689,119,119,0,0
79690,134,114,20,20
79691,139,123,16,16
79692,67,64,3,3
79693,100,111,-11,11
79694,64,63,1,1
79695,105,94,11,11
79696,106,98,8,8
79697,41,39,2,2
79698,122,107,15,15
79699,96,93,3,3
79700,74,68,6,6
79701,97,85,12,12
79702,106,91,15,15
79703,58,51,7,7
79704,61,57,4,4
79705,72,63,9,9
79706,97,85,12,12
79707,104,97,7,7
79708,90,82,8,8
79709,190,168,22,22
79710,113,114,-1,1
79711,72,84,-12,12
79712,102,89,13,13
79713,143,108,35,35
79714,71,64,7,7
79715,80,81,-1,1
79716,45,40,5,5
79717,57,55,2,2
79718,109,97,12,12
79719,80,72,8,8
79720,54,61,-7,7
79721,75,72,3,3
79722,80,75,5,5
79723,73,68,5,5
79724,216,185,31,31
79725,73,71,2,2
79726,124,112,12,12
79727,160,121,39,39
79728,140,124,16,16
79729,136,118,18,18
79730,68,58,10,10
79731,91,82,9,9
79732,69,56,13,13
79733,93,92,1,1
79734,103,91,12,12
79735,93,84,9,9
79736,53,48,5,5
79737,116,105,11,11
79738,57,61,-4,4
79739,89,77,12,12
79740,58,50,8,8
79741,136,123,13,13
79742,95,87,8,8
79743,59,56,3,3
79744,169,143,26,26
79745,105,97,8,8
79746,119,94,25,25
79747,89,80,9,9
79748,132,111,21,21
79749,81,67,14,14
79750,52,41,11,11
79751,139,109,30,30
79752,60,58,2,2
79753,128,115,13,13
79754,54,47,7,7
79755,123,116,7,7
79756,99,88,11,11
79757,36,40,-4,4
79758,40,36,4,4
79759,114,104,10,10
79760,89,75,14,14
79761,68,64,4,4
79762,96,75,21,21
79763,120,109,11,11
79764,85,78,7,7
79765,67,58,9,9
79766,90,83,7,7
79767,59,54,5,5
79768,86,69,17,17
79769,187,166,21,21
79770,117,102,15,15
79771,50,52,-2,2
79772,90,77,13,13
79773,92,81,11,11
79774,57,57,0,0
79775,55,52,3,3
79776,51,51,0,0
79777,84,80,4,4
79778,110,102,8,8
79779,52,60,-8,8
79780,56,61,-5,5
79781,82,73,9,9
79782,141,131,10,10
79783,104,92,12,12
79784,113,105,8,8
79785,119,99,20,20
79786,124,111,13,13
79787,79,70,9,9
79788,99,85,14,14
79789,133,111,22,22
79790,53,51,2,2
79791,88,77,11,11
79792,58,51,7,7
79793,90,85,5,5
79794,89,88,1,1
79795,91,94,-3,3
79796,110,97,13,13
79797,77,71,6,6
79798,71,68,3,3
79799,77,72,5,5
79800,115,110,5,5
79801,62,68,-6,6
79802,167,154,13,13
79803,105,101,4,4
79804,100,88,12,12
79805,100,97,3,3
79806,111,107,4,4
79807,92,79,13,13
79808,162,148,14,14
79809,109,103,6,6
79810,164,146,18,18
79811,63,52,11,11
79812,67,64,3,3
79813,158,152,6,6
79814,82,75,7,7
79815,65,53,12,12
79816,118,100,18,18
79817,87,85,2,2
79818,159,148,11,11
79819,122,103,19,19
79820,102,93,9,9
79821,63,58,5,5
79822,94,85,9,9
79823,100,94,6,6
79824,87,61,26,26
79825,98,84,14,14
79826,79,65,14,14
79827,104,87,17,17
79828,115,99,16,16
79829,118,124,-6,6
79830,82,73,9,9
79831,130,113,17,17
79832,98,91,7,7
79833,141,135,6,6
79834,197,171,26,26
79835,141,134,7,7
79836,91,84,7,7
79837,80,70,10,10
79838,104,85,19,19
79839,171,152,19,19
79840,292,228,64,64
79841,113,108,5,5
79842,111,95,16,16
79843,116,109,7,7
79844,66,59,7,7
79845,146,132,14,14
79846,62,57,5,5
79847,105,93,12,12
79848,66,59,7,7
79849,59,55,4,4
79850,74,72,2,2
79851,91,74,17,17
79852,117,105,12,12
79853,101,99,2,2
79854,167,161,6,6
79855,69,62,7,7
79856,120,112,8,8
79857,119,103,16,16
79858,130,114,16,16
79859,69,60,9,9
79860,97,96,1,1
79861,76,70,6,6
79862,183,163,20,20
79863,65,64,1,1
79864,155,133,22,22
79865,80,71,9,9
79866,107,101,6,6
79867,46,56,-10,10
79868,95,80,15,15
79869,72,63,9,9
79870,74,73,1,1
79871,73,67,6,6
79872,66,53,13,13
79873,76,68,8,8
79874,75,70,5,5
79875,36,53,-17,17
79876,82,77,5,5
79877,150,131,19,19
79878,88,85,3,3
79879,40,38,2,2
79880,82,77,5,5
79881,166,147,19,19
79882,113,103,10,10
79883,120,112,8,8
79884,136,121,15,15
79885,53,55,-2,2
79886,233,201,32,32
79887,78,70,8,8
79888,112,100,12,12
79889,103,103,0,0
79890,100,87,13,13
79891,86,82,4,4
79892,69,68,1,1
79893,109,100,9,9
79894,105,93,12,12
79895,51,77,-26,26
79896,99,98,1,1
79897,138,133,5,5
79898,42,84,-42,42
79899,87,78,9,9
79900,141,123,18,18
79901,75,79,-4,4
79902,96,85,11,11
79903,56,52,4,4
79904,122,107,15,15
79905,65,62,3,3
79906,113,90,23,23
79907,67,56,11,11
79908,83,73,10,10
79909,91,72,19,19
79910,136,127,9,9
79911,85,71,14,14
79912,66,64,2,2
79913,79,60,19,19
79914,73,67,6,6
79915,106,96,10,10
79916,76,66,10,10
79917,149,128,21,21
79918,38,43,-5,5
79919,108,90,18,18
79920,91,88,3,3
79921,105,95,10,10
79922,85,79,6,6
79923,62,65,-3,3
79924,117,125,-8,8
79925,62,63,-1,1
79926,115,96,19,19
79927,85,66,19,19
79928,150,140,10,10
79929,132,117,15,15
79930,74,72,2,2
79931,44,56,-12,12
79932,152,145,7,7
79933,142,135,7,7
79934,106,98,8,8
79935,97,92,5,5
79936,97,80,17,17
79937,53,56,-3,3
79938,116,107,9,9
79939,141,128,13,13
79940,109,102,7,7
79941,90,79,11,11
79942,111,105,6,6
79943,186,175,11,11
79944,133,118,15,15
79945,83,70,13,13
79946,69,71,-2,2
79947,73,69,4,4
79948,154,131,23,23
79949,93,96,-3,3
79950,87,78,9,9
79951,126,121,5,5
79952,91,85,6,6
79953,79,72,7,7
79954,82,82,0,0
79955,112,85,27,27
79956,72,59,13,13
79957,179,167,12,12
79958,67,65,2,2
79959,61,70,-9,9
79960,134,114,20,20
79961,129,111,18,18
79962,79,70,9,9
79963,95,88,7,7
79964,147,128,19,19
79965,86,81,5,5
79966,64,60,4,4
79967,73,73,0,0
79968,60,54,6,6
79969,122,115,7,7
79970,91,88,3,3
79971,78,67,11,11
79972,69,72,-3,3
79973,64,76,-12,12
79974,120,107,13,13
79975,101,91,10,10
79976,51,46,5,5
79977,80,76,4,4
79978,100,130,-30,30
79979,104,98,6,6
79980,69,69,0,0
79981,94,86,8,8
79982,110,111,-1,1
79983,157,147,10,10
79984,56,56,0,0
79985,118,110,8,8
79986,29,25,4,4
79987,110,130,-20,20
79988,102,85,17,17
79989,78,70,8,8
79990,116,118,-2,2
79991,129,117,12,12
79992,124,120,4,4
79993,69,78,-9,9
79994,94,86,8,8
79995,105,89,16,16
79996,127,128,-1,1
79997,99,89,10,10
79998,106,88,18,18
79999,45,40,5,5
80000,73,63,10,10
80001,57,47,10,10
80002,71,63,8,8
80003,84,77,7,7
80004,91,85,6,6
80005,93,80,13,13
80006,75,73,2,2
80007,98,84,14,14
80008,76,67,9,9
80009,87,74,13,13
80010,100,97,3,3
80011,101,88,13,13
80012,63,68,-5,5
80013,94,79,15,15
80014,58,56,2,2
80015,77,64,13,13
80016,136,115,21,21
80017,86,83,3,3
80018,109,93,16,16
80019,77,66,11,11
80020,146,128,18,18
80021,128,116,12,12
80022,164,145,19,19
80023,71,68,3,3
80024,147,139,8,8
80025,96,84,12,12
80026,65,56,9,9
80027,95,87,8,8
80028,84,79,5,5
80029,104,93,11,11
80030,75,72,3,3
80031,168,152,16,16
80032,200,170,30,30
80033,153,144,9,9
80034,171,160,11,11
80035,111,110,1,1
80036,65,68,-3,3
80037,85,89,-4,4
80038,98,76,22,22
80039,111,104,7,7
80040,112,103,9,9
80041,113,99,14,14
80042,148,123,25,25
80043,115,102,13,13
80044,63,67,-4,4
80045,95,79,16,16
80046,98,92,6,6
80047,117,112,5,5
80048,144,125,19,19
80049,115,114,1,1
80050,124,110,14,14
80051,115,110,5,5
80052,93,91,2,2
80053,83,79,4,4
80054,83,76,7,7
80055,106,95,11,11
80056,104,94,10,10
80057,149,156,-7,7
80058,94,89,5,5
80059,61,59,2,2
80060,63,66,-3,3
80061,98,89,9,9
80062,70,68,2,2
80063,96,93,3,3
80064,89,78,11,11
80065,120,134,-14,14
80066,85,71,14,14
80067,159,125,34,34
80068,144,133,11,11
80069,63,58,5,5
80070,102,91,11,11
80071,119,100,19,19
80072,106,96,10,10
80073,88,67,21,21
80074,54,51,3,3
80075,58,57,1,1
80076,130,112,18,18
80077,168,144,24,24
80078,73,66,7,7
80079,133,126,7,7
80080,98,93,5,5
80081,86,74,12,12
80082,81,75,6,6
80083,83,76,7,7
80084,59,56,3,3
80085,43,42,1,1
80086,80,73,7,7
80087,73,70,3,3
80088,86,77,9,9
80089,89,105,-16,16
80090,77,71,6,6
80091,59,52,7,7
80092,64,86,-22,22
80093,82,69,13,13
80094,47,44,3,3
80095,99,77,22,22
80096,104,96,8,8
80097,62,61,1,1
80098,70,68,2,2
80099,65,62,3,3
80100,79,71,8,8
80101,86,78,8,8
80102,105,94,11,11
80103,91,88,3,3
80104,117,98,19,19
80105,43,43,0,0
80106,171,152,19,19
80107,115,103,12,12
80108,111,107,4,4
80109,73,68,5,5
80110,118,104,14,14
80111,84,71,13,13
80112,96,93,3,3
80113,115,106,9,9
80114,172,161,11,11
80115,138,122,16,16
80116,130,112,18,18
80117,142,130,12,12
80118,92,86,6,6
80119,71,58,13,13
80120,42,39,3,3
80121,93,80,13,13
80122,116,99,17,17
80123,90,71,19,19
80124,74,72,2,2
80125,56,56,0,0
80126,139,114,25,25
80127,76,76,0,0
80128,97,93,4,4
80129,88,83,5,5
80130,70,63,7,7
80131,148,132,16,16
80132,70,60,10,10
80133,112,103,9,9
80134,81,63,18,18
80135,52,50,2,2
80136,95,91,4,4
80137,80,77,3,3
80138,46,48,-2,2
80139,50,48,2,2
80140,129,117,12,12
80141,90,82,8,8
80142,132,103,29,29
80143,143,130,13,13
80144,130,141,-11,11
80145,147,127,20,20
80146,103,90,13,13
80147,61,50,11,11
80148,88,84,4,4
80149,158,139,19,19
80150,50,49,1,1
80151,115,103,12,12
80152,86,81,5,5
80153,95,84,11,11
80154,135,135,0,0
80155,84,80,4,4
80156,116,122,-6,6
80157,31,37,-6,6
80158,86,81,5,5
80159,87,74,13,13
80160,99,82,17,17
80161,61,59,2,2
80162,66,56,10,10
80163,99,91,8,8
80164,83,61,22,22
80165,63,57,6,6
80166,85,72,13,13
80167,90,84,6,6
80168,114,103,11,11
80169,77,70,7,7
80170,74,72,2,2
80171,85,80,5,5
80172,49,79,-30,30
80173,29,33,-4,4
80174,77,66,11,11
80175,70,61,9,9
80176,72,72,0,0
80177,67,75,-8,8
80178,73,67,6,6
80179,112,89,23,23
80180,153,146,7,7
80181,120,111,9,9
80182,96,88,8,8
80183,104,92,12,12
80184,74,73,1,1
80185,50,42,8,8
80186,74,68,6,6
80187,91,79,12,12
80188,100,92,8,8
80189,45,52,-7,7
80190,96,90,6,6
80191,57,52,5,5
80192,117,101,16,16
80193,116,101,15,15
80194,117,111,6,6
80195,85,82,3,3
80196,90,86,4,4
80197,120,94,26,26
80198,63,65,-2,2
80199,131,138,-7,7
80200,55,52,3,3
80201,159,153,6,6
80202,95,78,17,17
80203,91,84,7,7
80204,52,49,3,3
80205,73,60,13,13
80206,107,94,13,13
80207,73,74,-1,1
80208,144,126,18,18
80209,101,96,5,5
80210,84,74,10,10
80211,72,72,0,0
80212,100,104,-4,4
80213,57,52,5,5
80214,89,74,15,15
80215,85,75,10,10
80216,136,126,10,10
80217,104,99,5,5
80218,180,156,24,24
80219,88,78,10,10
80220,81,80,1,1
80221,98,88,10,10
80222,63,54,9,9
80223,81,84,-3,3
80224,132,129,3,3
80225,139,126,13,13
80226,156,133,23,23
80227,94,86,8,8
80228,113,108,5,5
80229,155,163,-8,8
80230,106,88,18,18
80231,71,66,5,5
80232,98,95,3,3
80233,48,120,-72,72
80234,54,51,3,3
80235,86,74,12,12
80236,103,96,7,7
80237,148,127,21,21
80238,73,60,13,13
80239,135,131,4,4
80240,93,84,9,9
80241,137,127,10,10
80242,82,74,8,8
80243,78,67,11,11
80244,95,89,6,6
80245,74,63,11,11
80246,95,86,9,9
80247,64,61,3,3
80248,100,98,2,2
80249,95,91,4,4
80250,28,37,-9,9
80251,38,38,0,0
80252,92,83,9,9
80253,134,125,9,9
80254,68,65,3,3
80255,117,103,14,14
80256,118,102,16,16
80257,79,67,12,12
80258,61,57,4,4
80259,132,113,19,19
80260,98,98,0,0
80261,70,69,1,1
80262,117,101,16,16
80263,61,51,10,10
80264,69,65,4,4
80265,76,61,15,15
80266,56,56,0,0
80267,108,95,13,13
80268,70,65,5,5
80269,53,50,3,3
80270,94,87,7,7
80271,158,144,14,14
80272,146,134,12,12
80273,94,87,7,7
80274,48,46,2,2
80275,85,79,6,6
80276,117,95,22,22
80277,119,98,21,21
80278,72,69,3,3
80279,103,94,9,9
80280,85,76,9,9
80281,121,101,20,20
80282,66,70,-4,4
80283,177,174,3,3
80284,85,75,10,10
80285,151,144,7,7
80286,57,51,6,6
80287,83,61,22,22
80288,68,61,7,7
80289,118,111,7,7
80290,70,62,8,8
80291,30,40,-10,10
80292,94,92,2,2
80293,68,66,2,2
80294,153,146,7,7
80295,81,70,11,11
80296,106,96,10,10
80297,93,77,16,16
80298,152,142,10,10
80299,117,107,10,10
80300,121,108,13,13
80301,104,100,4,4
80302,130,109,21,21
80303,113,99,14,14
80304,108,93,15,15
80305,110,95,15,15
80306,76,77,-1,1
80307,119,106,13,13
80308,79,65,14,14
80309,96,88,8,8
80310,74,81,-7,7
80311,71,62,9,9
80312,79,65,14,14
80313,62,56,6,6
80314,67,63,4,4
80315,149,120,29,29
80316,70,67,3,3
80317,87,77,10,10
80318,302,239,63,63
80319,51,52,-1,1
80320,73,65,8,8
80321,47,45,2,2
80322,138,115,23,23
80323,155,138,17,17
80324,67,66,1,1
80325,118,115,3,3
80326,73,68,5,5
80327,67,67,0,0
80328,43,50,-7,7
80329,101,100,1,1
80330,89,75,14,14
80331,67,64,3,3
80332,148,139,9,9
80333,131,117,14,14
80334,73,62,11,11
80335,135,130,5,5
80336,71,70,1,1
80337,71,62,9,9
80338,108,87,21,21
80339,131,114,17,17
80340,115,119,-4,4
80341,56,49,7,7
80342,84,75,9,9
80343,92,90,2,2
80344,38,34,4,4
80345,134,111,23,23
80346,75,67,8,8
80347,124,102,22,22
80348,126,114,12,12
80349,103,106,-3,3
80350,57,46,11,11
80351,82,83,-1,1
80352,113,105,8,8
80353,103,101,2,2
80354,119,95,24,24
80355,259,247,12,12
80356,87,77,10,10
80357,180,141,39,39
80358,84,84,0,0
80359,110,109,1,1
80360,116,98,18,18
80361,114,104,10,10
80362,124,126,-2,2
80363,92,77,15,15
80364,86,85,1,1
80365,85,79,6,6
80366,65,56,9,9
80367,73,67,6,6
80368,72,65,7,7
80369,108,99,9,9
80370,47,43,4,4
80371,96,92,4,4
80372,66,64,2,2
80373,70,70,0,0
80374,134,117,17,17
80375,47,39,8,8
80376,50,49,1,1
80377,69,68,1,1
80378,82,74,8,8
80379,103,91,12,12
80380,79,69,10,10
80381,82,75,7,7
80382,77,80,-3,3
80383,77,77,0,0
80384,99,91,8,8
80385,99,93,6,6
80386,156,153,3,3
80387,82,68,14,14
80388,123,107,16,16
80389,75,62,13,13
80390,47,46,1,1
80391,32,35,-3,3
80392,72,69,3,3
80393,92,83,9,9
80394,128,93,35,35
80395,100,95,5,5
80396,78,78,0,0
80397,141,123,18,18
80398,361,247,114,114
80399,142,120,22,22
80400,28,56,-28,28
80401,53,48,5,5
80402,80,76,4,4
80403,81,77,4,4
80404,181,146,35,35
80405,55,56,-1,1
80406,81,72,9,9
80407,58,57,1,1
80408,28,30,-2,2
80409,76,75,1,1
80410,77,76,1,1
80411,125,113,12,12
80412,89,90,-1,1
80413,91,83,8,8
80414,103,96,7,7
80415,97,90,7,7
80416,90,73,17,17
80417,69,62,7,7
80418,140,130,10,10
80419,59,47,12,12
80420,140,125,15,15
80421,119,114,5,5
80422,86,85,1,1
80423,71,64,7,7
80424,179,162,17,17
80425,119,93,26,26
80426,115,99,16,16
80427,61,58,3,3
80428,160,151,9,9
80429,127,118,9,9
80430,186,173,13,13
80431,95,93,2,2
80432,73,73,0,0
80433,86,71,15,15
80434,64,64,0,0
80435,164,147,17,17
80436,80,72,8,8
80437,107,108,-1,1
80438,138,121,17,17
80439,95,88,7,7
80440,161,141,20,20
80441,81,68,13,13
80442,118,108,10,10
80443,102,91,11,11
80444,79,71,8,8
80445,83,74,9,9
80446,96,78,18,18
80447,99,94,5,5
80448,101,87,14,14
80449,73,66,7,7
80450,151,132,19,19
80451,86,83,3,3
80452,107,92,15,15
80453,102,87,15,15
80454,87,78,9,9
80455,110,98,12,12
80456,75,78,-3,3
80457,68,81,-13,13
80458,88,83,5,5
80459,84,74,10,10
80460,81,71,10,10
80461,78,72,6,6
80462,73,66,7,7
80463,103,88,15,15
80464,175,154,21,21
80465,122,110,12,12
80466,106,95,11,11
80467,53,46,7,7
80468,120,108,12,12
80469,135,126,9,9
80470,96,86,10,10
80471,69,60,9,9
80472,86,75,11,11
80473,94,91,3,3
80474,46,46,0,0
80475,93,83,10,10
80476,111,106,5,5
80477,54,53,1,1
80478,63,52,11,11
80479,59,61,-2,2
80480,61,59,2,2
80481,68,68,0,0
80482,140,116,24,24
80483,79,67,12,12
80484,148,141,7,7
80485,114,105,9,9
80486,77,75,2,2
80487,95,76,19,19
80488,53,47,6,6
80489,102,99,3,3
80490,150,139,11,11
80491,142,116,26,26
80492,123,121,2,2
80493,85,74,11,11
80494,86,73,13,13
80495,106,89,17,17
80496,123,110,13,13
80497,99,90,9,9
80498,78,64,14,14
80499,74,68,6,6
80500,83,72,11,11
80501,68,91,-23,23
80502,100,96,4,4
80503,71,56,15,15
80504,85,66,19,19
80505,105,94,11,11
80506,132,119,13,13
80507,109,91,18,18
80508,95,85,10,10
80509,101,89,12,12
80510,49,51,-2,2
80511,37,36,1,1
80512,80,80,0,0
80513,66,54,12,12
80514,70,64,6,6
80515,93,78,15,15
80516,54,54,0,0
80517,99,98,1,1
80518,100,90,10,10
80519,143,129,14,14
80520,67,54,13,13
80521,69,63,6,6
80522,72,82,-10,10
80523,88,84,4,4
80524,116,85,31,31
80525,103,92,11,11
80526,129,120,9,9
80527,112,101,11,11
80528,47,43,4,4
80529,80,69,11,11
80530,87,75,12,12
80531,102,98,4,4
80532,111,104,7,7
80533,113,104,9,9
80534,85,71,14,14
80535,57,57,0,0
80536,110,93,17,17
80537,91,82,9,9
80538,127,111,16,16
80539,71,60,11,11
80540,110,93,17,17
80541,143,131,12,12
80542,90,86,4,4
80543,122,104,18,18
80544,124,109,15,15
80545,53,47,6,6
80546,77,75,2,2
80547,35,32,3,3
80548,63,68,-5,5
80549,115,97,18,18
80550,128,114,14,14
80551,99,89,10,10
80552,90,89,1,1
80553,80,69,11,11
80554,98,85,13,13
80555,95,83,12,12
80556,138,128,10,10
80557,84,72,12,12
80558,129,125,4,4
80559,101,82,19,19
80560,109,85,24,24
80561,142,134,8,8
80562,72,52,20,20
80563,110,99,11,11
80564,52,44,8,8
80565,66,76,-10,10
80566,69,63,6,6
80567,79,65,14,14
80568,69,61,8,8
80569,97,86,11,11
80570,96,83,13,13
80571,105,92,13,13
80572,144,127,17,17
80573,129,110,19,19
80574,75,73,2,2
80575,111,96,15,15
80576,149,130,19,19
80577,110,97,13,13
80578,73,66,7,7
80579,58,56,2,2
80580,47,46,1,1
80581,82,79,3,3
80582,70,63,7,7
80583,124,100,24,24
80584,78,69,9,9
80585,136,115,21,21
80586,147,138,9,9
80587,84,91,-7,7
80588,121,108,13,13
80589,63,51,12,12
80590,94,82,12,12
80591,125,119,6,6
80592,82,82,0,0
80593,158,132,26,26
80594,67,66,1,1
80595,61,64,-3,3
80596,119,109,10,10
80597,65,64,1,1
80598,86,81,5,5
80599,98,77,21,21
80600,143,133,10,10
80601,105,95,10,10
80602,113,118,-5,5
80603,77,67,10,10
80604,107,105,2,2
80605,58,56,2,2
80606,145,134,11,11
80607,52,60,-8,8
80608,109,91,18,18
80609,71,62,9,9
80610,64,65,-1,1
80611,129,112,17,17
80612,83,82,1,1
80613,40,52,-12,12
80614,102,102,0,0
80615,65,56,9,9
80616,100,80,20,20
80617,131,117,14,14
80618,90,79,11,11
80619,92,88,4,4
80620,67,72,-5,5
80621,121,107,14,14
80622,126,105,21,21
80623,93,86,7,7
80624,157,142,15,15
80625,89,79,10,10
80626,53,56,-3,3
80627,96,81,15,15
80628,111,94,17,17
80629,121,107,14,14
80630,67,72,-5,5
80631,59,53,6,6
80632,88,81,7,7
80633,71,74,-3,3
80634,57,52,5,5
80635,118,98,20,20
80636,78,66,12,12
80637,118,103,15,15
80638,85,76,9,9
80639,102,96,6,6
80640,69,66,3,3
80641,179,171,8,8
80642,94,98,-4,4
80643,100,89,11,11
80644,91,74,17,17
80645,139,136,3,3
80646,77,74,3,3
80647,64,59,5,5
80648,64,60,4,4
80649,137,125,12,12
80650,113,100,13,13
80651,93,74,19,19
80652,100,96,4,4
80653,88,79,9,9
80654,87,74,13,13
80655,144,129,15,15
80656,41,47,-6,6
80657,51,50,1,1
80658,78,68,10,10
80659,72,63,9,9
80660,66,58,8,8
80661,58,59,-1,1
80662,123,116,7,7
80663,90,75,15,15
80664,56,48,8,8
80665,98,79,19,19
80666,91,79,12,12
80667,126,109,17,17
80668,68,51,17,17
80669,117,100,17,17
80670,46,44,2,2
80671,71,69,2,2
80672,111,100,11,11
80673,89,77,12,12
80674,58,58,0,0
80675,104,94,10,10
80676,110,93,17,17
80677,101,91,10,10
80678,203,202,1,1
80679,90,85,5,5
80680,82,71,11,11
80681,133,111,22,22
80682,67,61,6,6
80683,75,68,7,7
80684,90,79,11,11
80685,91,75,16,16
80686,91,87,4,4
80687,67,74,-7,7
80688,122,108,14,14
80689,59,55,4,4
80690,40,46,-6,6
80691,104,89,15,15
80692,118,110,8,8
80693,92,76,16,16
80694,157,155,2,2
80695,65,62,3,3
80696,60,57,3,3
80697,100,86,14,14
80698,31,39,-8,8
80699,94,81,13,13
80700,45,42,3,3
80701,109,91,18,18
80702,85,71,14,14
80703,86,84,2,2
80704,185,159,26,26
80705,97,86,11,11
80706,69,52,17,17
80707,194,175,19,19
80708,63,71,-8,8
80709,141,130,11,11
80710,87,69,18,18
80711,131,118,13,13
80712,152,128,24,24
80713,96,84,12,12
80714,111,101,10,10
80715,92,72,20,20
80716,108,94,14,14
80717,83,74,9,9
80718,52,49,3,3
80719,103,95,8,8
80720,189,167,22,22
80721,80,61,19,19
80722,149,130,19,19
80723,146,128,18,18
80724,66,56,10,10
80725,38,38,0,0
80726,124,121,3,3
80727,55,53,2,2
80728,141,113,28,28
80729,83,107,-24,24
80730,144,143,1,1
80731,127,119,8,8
80732,80,66,14,14
80733,125,110,15,15
80734,115,104,11,11
80735,79,71,8,8
80736,73,67,6,6
80737,92,71,21,21
80738,84,79,5,5
80739,103,95,8,8
80740,104,102,2,2
80741,101,95,6,6
80742,92,88,4,4
80743,169,146,23,23
80744,53,50,3,3
80745,114,94,20,20
80746,138,130,8,8
80747,86,73,13,13
80748,85,79,6,6
80749,147,134,13,13
80750,58,55,3,3
80751,128,115,13,13
80752,65,65,0,0
80753,89,78,11,11
80754,95,92,3,3
80755,84,78,6,6
80756,115,98,17,17
80757,142,124,18,18
80758,120,106,14,14
80759,102,93,9,9
80760,121,133,-12,12
80761,48,49,-1,1
80762,127,94,33,33
80763,76,65,11,11
80764,133,117,16,16
80765,108,95,13,13
80766,67,59,8,8
80767,33,35,-2,2
80768,148,122,26,26
80769,115,91,24,24
80770,68,90,-22,22
80771,132,132,0,0
80772,167,145,22,22
80773,145,142,3,3
80774,126,114,12,12
80775,72,61,11,11
80776,108,104,4,4
80777,75,72,3,3
80778,66,65,1,1
80779,72,64,8,8
80780,99,86,13,13
80781,67,62,5,5
80782,113,104,9,9
80783,108,91,17,17
80784,94,81,13,13
80785,57,56,1,1
80786,97,82,15,15
80787,64,59,5,5
80788,127,116,11,11
80789,90,77,13,13
80790,185,171,14,14
80791,110,90,20,20
80792,59,57,2,2
80793,119,101,18,18
80794,88,92,-4,4
80795,196,167,29,29
80796,95,90,5,5
80797,69,70,-1,1
80798,159,155,4,4
80799,66,76,-10,10
80800,100,80,20,20
80801,90,89,1,1
80802,71,63,8,8
80803,63,60,3,3
80804,104,86,18,18
80805,64,65,-1,1
80806,67,70,-3,3
80807,71,70,1,1
80808,155,132,23,23
80809,89,74,15,15
80810,128,115,13,13
80811,95,92,3,3
80812,51,46,5,5
80813,118,105,13,13
80814,102,89,13,13
80815,124,114,10,10
80816,68,64,4,4
80817,50,47,3,3
80818,86,80,6,6
80819,89,84,5,5
80820,113,93,20,20
80821,126,113,13,13
80822,64,71,-7,7
80823,120,112,8,8
80824,62,53,9,9
80825,73,81,-8,8
80826,145,133,12,12
80827,63,60,3,3
80828,80,79,1,1
80829,82,75,7,7
80830,41,35,6,6
80831,93,87,6,6
80832,107,96,11,11
80833,60,55,5,5
80834,93,81,12,12
80835,97,89,8,8
80836,90,82,8,8
80837,111,107,4,4
80838,57,51,6,6
80839,75,66,9,9
80840,54,55,-1,1
80841,55,63,-8,8
80842,84,79,5,5
80843,95,87,8,8
80844,101,82,19,19
80845,91,83,8,8
80846,65,56,9,9
80847,59,55,4,4
80848,112,95,17,17
80849,164,153,11,11
80850,61,61,0,0
80851,75,70,5,5
80852,149,130,19,19
80853,152,128,24,24
80854,65,62,3,3
80855,90,78,12,12
80856,96,93,3,3
80857,105,93,12,12
80858,75,75,0,0
80859,61,56,5,5
80860,102,91,11,11
80861,96,83,13,13
80862,96,76,20,20
80863,89,80,9,9
80864,100,87,13,13
80865,96,80,16,16
80866,57,52,5,5
80867,67,68,-1,1
80868,148,135,13,13
80869,108,97,11,11
80870,50,46,4,4
80871,151,132,19,19
80872,72,72,0,0
80873,55,53,2,2
80874,166,132,34,34
80875,75,73,2,2
80876,154,125,29,29
80877,71,71,0,0
80878,77,72,5,5
80879,72,60,12,12
80880,79,76,3,3
80881,166,141,25,25
80882,72,66,6,6
80883,91,82,9,9
80884,80,79,1,1
80885,111,79,32,32
80886,81,80,1,1
80887,74,68,6,6
80888,129,114,15,15
80889,120,103,17,17
80890,79,69,10,10
80891,95,74,21,21
80892,82,78,4,4
80893,124,106,18,18
80894,73,66,7,7
80895,328,412,-84,84
80896,95,82,13,13
80897,90,77,13,13
80898,105,98,7,7
80899,131,120,11,11
80900,96,86,10,10
80901,64,45,19,19
80902,129,101,28,28
80903,84,69,15,15
80904,126,110,16,16
80905,132,118,14,14
80906,108,98,10,10
80907,74,65,9,9
80908,122,108,14,14
80909,96,99,-3,3
80910,172,168,4,4
80911,150,131,19,19
80912,82,74,8,8
80913,119,111,8,8
80914,42,40,2,2
80915,125,101,24,24
80916,47,40,7,7
80917,78,65,13,13
80918,51,52,-1,1
80919,56,60,-4,4
80920,100,99,1,1
80921,105,90,15,15
80922,241,184,57,57
80923,148,129,19,19
80924,49,45,4,4
80925,116,104,12,12
80926,45,37,8,8
80927,89,75,14,14
80928,83,78,5,5
80929,106,97,9,9
80930,84,84,0,0
80931,82,72,10,10
80932,69,65,4,4
80933,87,81,6,6
80934,85,96,-11,11
80935,75,63,12,12
80936,142,132,10,10
80937,84,77,7,7
80938,112,89,23,23
80939,74,70,4,4
80940,82,79,3,3
80941,96,90,6,6
80942,106,93,13,13
80943,41,47,-6,6
80944,70,59,11,11
80945,62,59,3,3
80946,108,102,6,6
80947,115,95,20,20
80948,79,68,11,11
80949,101,90,11,11
80950,73,62,11,11
80951,69,63,6,6
80952,42,39,3,3
80953,130,115,15,15
80954,74,62,12,12
80955,69,62,7,7
80956,112,97,15,15
80957,95,90,5,5
80958,56,56,0,0
80959,98,93,5,5
80960,93,90,3,3
80961,93,82,11,11
80962,99,95,4,4
80963,137,118,19,19
80964,127,117,10,10
80965,82,73,9,9
80966,58,65,-7,7
80967,83,68,15,15
80968,130,110,20,20
80969,99,76,23,23
80970,134,125,9,9
80971,134,115,19,19
80972,73,62,11,11
80973,98,99,-1,1
80974,56,51,5,5
80975,106,99,7,7
80976,157,134,23,23
80977,70,61,9,9
80978,105,94,11,11
80979,108,107,1,1
80980,65,60,5,5
80981,82,73,9,9
80982,75,69,6,6
80983,88,83,5,5
80984,79,75,4,4
80985,85,82,3,3
80986,98,84,14,14
80987,70,61,9,9
80988,132,127,5,5
80989,121,97,24,24
80990,120,125,-5,5
80991,131,113,18,18
80992,100,96,4,4
80993,103,92,11,11
80994,89,80,9,9
80995,87,79,8,8
80996,63,62,1,1
80997,101,84,17,17
80998,80,66,14,14
80999,60,54,6,6
81000,53,50,3,3
81001,147,122,25,25
81002,83,77,6,6
81003,91,83,8,8
81004,120,105,15,15
81005,79,72,7,7
81006,66,55,11,11
81007,126,98,28,28
81008,155,129,26,26
81009,73,67,6,6
81010,75,62,13,13
81011,110,100,10,10
81012,87,80,7,7
81013,92,80,12,12
81014,133,126,7,7
81015,100,86,14,14
81016,89,78,11,11
81017,73,67,6,6
81018,56,49,7,7
81019,117,98,19,19
81020,77,51,26,26
81021,58,50,8,8
81022,132,121,11,11
81023,149,118,31,31
81024,60,53,7,7
81025,88,76,12,12
81026,118,100,18,18
81027,71,68,3,3
81028,158,144,14,14
81029,143,121,22,22
81030,63,63,0,0
81031,49,55,-6,6
81032,111,99,12,12
81033,121,111,10,10
81034,97,80,17,17
81035,116,106,10,10
81036,58,52,6,6
81037,66,52,14,14
81038,63,55,8,8
81039,54,44,10,10
81040,83,77,6,6
81041,66,64,2,2
81042,48,47,1,1
81043,69,69,0,0
81044,39,56,-17,17
81045,158,119,39,39
81046,48,48,0,0
81047,63,53,10,10
81048,93,87,6,6
81049,87,80,7,7
81050,64,57,7,7
81051,148,113,35,35
81052,58,55,3,3
81053,51,49,2,2
81054,53,54,-1,1
81055,138,126,12,12
81056,75,69,6,6
81057,94,88,6,6
81058,49,53,-4,4
81059,132,129,3,3
81060,98,86,12,12
81061,97,97,0,0
81062,100,83,17,17
81063,107,91,16,16
81064,65,56,9,9
81065,67,62,5,5
81066,54,50,4,4
81067,123,112,11,11
81068,133,109,24,24
81069,105,114,-9,9
81070,91,87,4,4
81071,121,106,15,15
81072,81,83,-2,2
81073,59,61,-2,2
81074,154,126,28,28
81075,85,77,8,8
81076,80,86,-6,6
81077,181,154,27,27
81078,112,100,12,12
81079,80,74,6,6
81080,140,118,22,22
81081,92,71,21,21
81082,87,68,19,19
81083,62,59,3,3
81084,136,116,20,20
81085,74,67,7,7
81086,74,64,10,10
81087,45,43,2,2
81088,87,79,8,8
81089,81,71,10,10
81090,37,32,5,5
81091,73,65,8,8
81092,81,74,7,7
81093,119,107,12,12
81094,139,126,13,13
81095,106,99,7,7
81096,105,96,9,9
81097,129,117,12,12
81098,97,92,5,5
81099,94,108,-14,14
81100,89,103,-14,14
81101,84,75,9,9
81102,182,150,32,32
81103,44,46,-2,2
81104,98,84,14,14
81105,83,73,10,10
81106,159,140,19,19
81107,61,56,5,5
81108,145,114,31,31
81109,113,126,-13,13
81110,74,68,6,6
81111,44,35,9,9
81112,70,70,0,0
81113,87,99,-12,12
81114,156,136,20,20
81115,78,70,8,8
81116,99,84,15,15
81117,120,104,16,16
81118,100,105,-5,5
81119,90,76,14,14
81120,90,87,3,3
81121,126,116,10,10
81122,59,46,13,13
81123,82,73,9,9
81124,71,69,2,2
81125,87,72,15,15
81126,72,71,1,1
81127,112,94,18,18
81128,65,58,7,7
81129,68,64,4,4
81130,62,58,4,4
81131,130,119,11,11
81132,60,55,5,5
81133,100,99,1,1
81134,48,46,2,2
81135,97,87,10,10
81136,85,74,11,11
81137,143,112,31,31
81138,112,101,11,11
81139,70,67,3,3
81140,107,109,-2,2
81141,103,91,12,12
81142,79,67,12,12
81143,65,53,12,12
81144,74,62,12,12
81145,62,60,2,2
81146,146,131,15,15
81147,138,125,13,13
81148,109,98,11,11
81149,57,50,7,7
81150,81,78,3,3
81151,100,89,11,11
81152,55,54,1,1
81153,71,71,0,0
81154,137,116,21,21
81155,173,157,16,16
81156,53,47,6,6
81157,69,62,7,7
81158,115,92,23,23
81159,71,68,3,3
81160,129,112,17,17
81161,142,123,19,19
81162,48,46,2,2
81163,77,71,6,6
81164,81,84,-3,3
81165,103,90,13,13
81166,75,67,8,8
81167,86,74,12,12
81168,105,100,5,5
81169,61,52,9,9
81170,109,92,17,17
81171,98,86,12,12
81172,153,143,10,10
81173,50,53,-3,3
81174,178,152,26,26
81175,85,74,11,11
81176,118,107,11,11
81177,94,79,15,15
81178,116,90,26,26
81179,92,82,10,10
81180,96,85,11,11
81181,44,42,2,2
81182,96,85,11,11
81183,146,114,32,32
81184,90,68,22,22
81185,86,77,9,9
81186,112,105,7,7
81187,102,100,2,2
81188,47,44,3,3
81189,107,89,18,18
81190,52,60,-8,8
81191,122,111,11,11
81192,84,70,14,14
81193,76,68,8,8
81194,72,68,4,4
81195,181,161,20,20
81196,71,67,4,4
81197,92,89,3,3
81198,152,135,17,17
81199,133,120,13,13
81200,97,88,9,9
81201,135,125,10,10
81202,75,72,3,3
81203,99,97,2,2
81204,92,108,-16,16
81205,113,108,5,5
81206,65,57,8,8
81207,100,96,4,4
81208,124,120,4,4
81209,82,71,11,11
81210,111,107,4,4
81211,101,89,12,12
81212,60,58,2,2
81213,141,118,23,23
81214,69,64,5,5
81215,141,134,7,7
81216,111,90,21,21
81217,169,154,15,15
81218,126,113,13,13
81219,75,69,6,6
81220,120,101,19,19
81221,141,135,6,6
81222,104,109,-5,5
81223,48,49,-1,1
81224,93,84,9,9
81225,140,124,16,16
81226,97,78,19,19
81227,110,96,14,14
81228,45,42,3,3
81229,92,83,9,9
81230,87,69,18,18
81231,90,73,17,17
81232,68,67,1,1
81233,64,62,2,2
81234,59,49,10,10
81235,135,121,14,14
81236,52,50,2,2
81237,121,121,0,0
81238,78,75,3,3
81239,97,82,15,15
81240,64,79,-15,15
81241,113,103,10,10
81242,83,72,11,11
81243,79,68,11,11
81244,77,76,1,1
81245,56,58,-2,2
81246,156,139,17,17
81247,134,119,15,15
81248,66,61,5,5
81249,113,106,7,7
81250,89,77,12,12
81251,95,94,1,1
81252,98,90,8,8
81253,137,134,3,3
81254,113,97,16,16
81255,173,148,25,25
81256,122,108,14,14
81257,92,79,13,13
81258,142,123,19,19
81259,82,68,14,14
81260,42,39,3,3
81261,116,125,-9,9
81262,89,82,7,7
81263,140,124,16,16
81264,130,99,31,31
81265,80,71,9,9
81266,113,108,5,5
81267,60,57,3,3
81268,143,157,-14,14
81269,86,74,12,12
81270,126,110,16,16
81271,75,63,12,12
81272,120,105,15,15
81273,125,107,18,18
81274,195,172,23,23
81275,71,64,7,7
81276,131,116,15,15
81277,111,100,11,11
81278,89,84,5,5
81279,93,84,9,9
81280,80,73,7,7
81281,80,70,10,10
81282,46,40,6,6
81283,134,117,17,17
81284,83,73,10,10
81285,145,132,13,13
81286,80,71,9,9
81287,82,65,17,17
81288,86,71,15,15
81289,62,62,0,0
81290,46,46,0,0
81291,112,97,15,15
81292,99,89,10,10
81293,145,129,16,16
81294,166,158,8,8
81295,45,46,-1,1
81296,126,98,28,28
81297,89,80,9,9
81298,99,95,4,4
81299,77,72,5,5
81300,119,96,23,23
81301,93,102,-9,9
81302,102,97,5,5
81303,62,58,4,4
81304,57,49,8,8
81305,63,61,2,2
81306,56,52,4,4
81307,137,121,16,16
81308,101,90,11,11
81309,90,75,15,15
81310,136,123,13,13
81311,70,63,7,7
81312,81,74,7,7
81313,66,58,8,8
81314,93,84,9,9
81315,73,63,10,10
81316,90,79,11,11
81317,83,76,7,7
81318,89,74,15,15
81319,103,99,4,4
81320,105,91,14,14
81321,83,96,-13,13
81322,115,107,8,8
81323,99,94,5,5
81324,85,81,4,4
81325,73,70,3,3
81326,80,78,2,2
81327,49,53,-4,4
81328,80,75,5,5
81329,63,59,4,4
81330,33,34,-1,1
81331,178,174,4,4
81332,105,120,-15,15
81333,41,51,-10,10
81334,92,87,5,5
81335,98,85,13,13
81336,71,69,2,2
81337,30,24,6,6
81338,62,59,3,3
81339,126,133,-7,7
81340,102,95,7,7
81341,122,113,9,9
81342,79,74,5,5
81343,152,132,20,20
81344,159,134,25,25
81345,161,150,11,11
81346,71,57,14,14
81347,84,80,4,4
81348,118,96,22,22
81349,73,65,8,8
81350,118,108,10,10
81351,102,80,22,22
81352,69,72,-3,3
81353,101,81,20,20
81354,127,111,16,16
81355,84,70,14,14
81356,40,35,5,5
81357,70,60,10,10
81358,135,120,15,15
81359,77,71,6,6
81360,78,70,8,8
81361,70,64,6,6
81362,73,71,2,2
81363,85,76,9,9
81364,106,92,14,14
81365,151,132,19,19
81366,153,141,12,12
81367,133,108,25,25
81368,121,107,14,14
81369,110,99,11,11
81370,71,73,-2,2
81371,98,87,11,11
81372,126,122,4,4
81373,86,82,4,4
81374,77,72,5,5
81375,198,173,25,25
81376,133,119,14,14
81377,124,120,4,4
81378,90,76,14,14
81379,60,57,3,3
81380,80,85,-5,5
81381,47,44,3,3
81382,82,66,16,16
81383,119,88,31,31
81384,66,61,5,5
81385,136,113,23,23
81386,141,123,18,18
81387,50,54,-4,4
81388,71,72,-1,1
81389,98,87,11,11
81390,121,97,24,24
81391,81,81,0,0
81392,117,107,10,10
81393,112,102,10,10
81394,94,82,12,12
81395,55,65,-10,10
81396,97,100,-3,3
81397,92,87,5,5
81398,137,126,11,11
81399,54,52,2,2
81400,140,126,14,14
81401,138,115,23,23
81402,85,74,11,11
81403,84,79,5,5
81404,104,93,11,11
81405,113,102,11,11
81406,109,106,3,3
81407,76,84,-8,8
81408,79,75,4,4
81409,65,56,9,9
81410,81,73,8,8
81411,131,109,22,22
81412,204,164,40,40
81413,77,67,10,10
81414,161,136,25,25
81415,97,90,7,7
81416,110,90,20,20
81417,76,65,11,11
81418,70,62,8,8
81419,122,115,7,7
81420,52,52,0,0
81421,121,111,10,10
81422,89,81,8,8
81423,99,81,18,18
81424,62,58,4,4
81425,117,104,13,13
81426,92,91,1,1
81427,169,150,19,19
81428,122,106,16,16
81429,88,85,3,3
81430,94,81,13,13
81431,163,130,33,33
81432,72,63,9,9
81433,87,86,1,1
81434,104,105,-1,1
81435,51,50,1,1
81436,57,49,8,8
81437,149,135,14,14
81438,87,81,6,6
81439,109,102,7,7
81440,120,106,14,14
81441,79,67,12,12
81442,129,116,13,13
81443,162,142,20,20
81444,133,120,13,13
81445,82,76,6,6
81446,110,99,11,11
81447,180,146,34,34
81448,104,95,9,9
81449,134,119,15,15
81450,114,98,16,16
81451,130,130,0,0
81452,94,89,5,5
81453,182,155,27,27
81454,93,89,4,4
81455,74,71,3,3
81456,66,64,2,2
81457,164,189,-25,25
81458,125,161,-36,36
81459,74,74,0,0
81460,148,135,13,13
81461,69,66,3,3
81462,98,85,13,13
81463,71,66,5,5
81464,107,93,14,14
81465,133,112,21,21
81466,72,61,11,11
81467,68,62,6,6
81468,97,83,14,14
81469,185,149,36,36
81470,184,168,16,16
81471,106,104,2,2
81472,143,135,8,8
81473,82,86,-4,4
81474,47,51,-4,4
81475,82,69,13,13
81476,97,79,18,18
81477,58,57,1,1
81478,115,97,18,18
81479,137,110,27,27
81480,112,103,9,9
81481,101,89,12,12
81482,56,50,6,6
81483,80,68,12,12
81484,79,74,5,5
81485,186,155,31,31
81486,79,69,10,10
81487,80,66,14,14
81488,85,70,15,15
81489,123,103,20,20
81490,94,74,20,20
81491,71,77,-6,6
81492,83,78,5,5
81493,45,43,2,2
81494,120,137,-17,17
81495,165,149,16,16
81496,73,65,8,8
81497,87,77,10,10
81498,80,75,5,5
81499,132,127,5,5
81500,82,71,11,11
81501,77,68,9,9
81502,62,62,0,0
81503,74,71,3,3
81504,87,85,2,2
81505,142,126,16,16
81506,119,100,19,19
81507,62,67,-5,5
