,original,predict,differ,abs
0,67,69,-2,2
1,58,57,1,1
2,88,101,-13,13
3,183,178,5,5
4,81,79,2,2
5,88,84,4,4
6,83,83,0,0
7,183,71,112,112
8,81,86,-5,5
9,117,109,8,8
10,64,60,4,4
11,59,58,1,1
12,74,67,7,7
13,100,104,-4,4
14,103,99,4,4
15,66,66,0,0
16,97,91,6,6
17,120,103,17,17
18,79,77,2,2
19,110,124,-14,14
20,217,193,24,24
21,156,152,4,4
22,97,78,19,19
23,101,117,-16,16
24,82,72,10,10
25,127,114,13,13
26,112,114,-2,2
27,191,175,16,16
28,48,55,-7,7
29,106,112,-6,6
30,133,136,-3,3
31,57,61,-4,4
32,108,108,0,0
33,89,79,10,10
34,50,71,-21,21
35,62,47,15,15
36,102,101,1,1
37,55,48,7,7
38,89,100,-11,11
39,96,105,-9,9
40,70,67,3,3
41,115,116,-1,1
42,82,77,5,5
43,102,90,12,12
44,167,150,17,17
45,82,88,-6,6
46,118,122,-4,4
47,85,84,1,1
48,93,94,-1,1
49,111,97,14,14
50,77,82,-5,5
51,136,132,4,4
52,109,94,15,15
53,85,85,0,0
54,133,125,8,8
55,138,127,11,11
56,100,114,-14,14
57,130,129,1,1
58,96,104,-8,8
59,58,49,9,9
60,115,114,1,1
61,73,76,-3,3
62,135,122,13,13
63,177,173,4,4
64,96,97,-1,1
65,77,78,-1,1
66,84,84,0,0
67,105,91,14,14
68,193,190,3,3
69,143,145,-2,2
70,111,103,8,8
71,104,95,9,9
72,265,240,25,25
73,88,92,-4,4
74,78,77,1,1
75,58,57,1,1
76,86,82,4,4
77,59,57,2,2
78,139,142,-3,3
79,96,83,13,13
80,90,76,14,14
81,83,82,1,1
82,133,131,2,2
83,141,139,2,2
84,72,61,11,11
85,75,79,-4,4
86,43,44,-1,1
87,68,64,4,4
88,170,126,44,44
89,92,94,-2,2
90,64,85,-21,21
91,101,105,-4,4
92,82,76,6,6
93,81,73,8,8
94,75,75,0,0
95,99,90,9,9
96,45,53,-8,8
97,186,186,0,0
98,127,144,-17,17
99,100,107,-7,7
100,66,61,5,5
101,129,96,33,33
102,107,108,-1,1
103,128,112,16,16
104,90,84,6,6
105,68,64,4,4
106,107,106,1,1
107,90,80,10,10
108,89,95,-6,6
109,70,69,1,1
110,174,148,26,26
111,90,77,13,13
112,76,69,7,7
113,67,64,3,3
114,76,83,-7,7
115,168,165,3,3
116,91,83,8,8
117,103,99,4,4
118,91,83,8,8
119,67,73,-6,6
120,118,118,0,0
121,51,52,-1,1
122,76,83,-7,7
123,110,113,-3,3
124,99,91,8,8
125,96,96,0,0
126,169,181,-12,12
127,89,99,-10,10
128,94,92,2,2
129,123,138,-15,15
130,186,176,10,10
131,132,127,5,5
132,102,93,9,9
133,78,79,-1,1
134,129,117,12,12
135,116,105,11,11
136,136,128,8,8
137,131,129,2,2
138,105,101,4,4
139,69,69,0,0
140,66,61,5,5
141,127,114,13,13
142,127,113,14,14
143,66,72,-6,6
144,112,114,-2,2
145,115,106,9,9
146,98,85,13,13
147,69,64,5,5
148,93,79,14,14
149,121,129,-8,8
150,92,94,-2,2
151,73,70,3,3
152,139,134,5,5
153,80,79,1,1
154,89,89,0,0
155,67,60,7,7
156,66,61,5,5
157,81,81,0,0
158,59,55,4,4
159,128,130,-2,2
160,109,116,-7,7
161,50,57,-7,7
162,74,69,5,5
163,80,81,-1,1
164,132,110,22,22
165,51,52,-1,1
166,115,117,-2,2
167,70,90,-20,20
168,159,149,10,10
169,151,157,-6,6
170,94,105,-11,11
171,81,89,-8,8
172,77,78,-1,1
173,42,37,5,5
174,135,127,8,8
175,106,99,7,7
176,50,52,-2,2
177,162,144,18,18
178,130,109,21,21
179,120,100,20,20
180,84,84,0,0
181,76,94,-18,18
182,67,71,-4,4
183,75,64,11,11
184,39,41,-2,2
185,119,107,12,12
186,55,56,-1,1
187,90,81,9,9
188,124,128,-4,4
189,171,178,-7,7
190,70,63,7,7
191,137,136,1,1
192,127,134,-7,7
193,143,153,-10,10
194,195,163,32,32
195,112,111,1,1
196,43,54,-11,11
197,114,114,0,0
198,111,112,-1,1
199,80,75,5,5
200,128,113,15,15
201,176,176,0,0
202,64,58,6,6
203,142,135,7,7
204,100,92,8,8
205,63,54,9,9
206,145,134,11,11
207,101,96,5,5
208,78,72,6,6
209,98,94,4,4
210,147,146,1,1
211,50,58,-8,8
212,70,59,11,11
213,175,169,6,6
214,87,98,-11,11
215,87,72,15,15
216,108,128,-20,20
217,67,64,3,3
218,95,104,-9,9
219,89,90,-1,1
220,135,140,-5,5
221,79,88,-9,9
222,43,49,-6,6
223,195,157,38,38
224,83,90,-7,7
225,81,86,-5,5
226,63,64,-1,1
227,119,117,2,2
228,98,95,3,3
229,44,42,2,2
230,47,60,-13,13
231,87,68,19,19
232,90,74,16,16
233,62,76,-14,14
234,103,101,2,2
235,140,140,0,0
236,114,113,1,1
237,57,68,-11,11
238,81,81,0,0
239,74,94,-20,20
240,61,70,-9,9
241,43,48,-5,5
242,55,49,6,6
243,100,82,18,18
244,124,104,20,20
245,107,94,13,13
246,121,129,-8,8
247,86,91,-5,5
248,146,132,14,14
249,147,147,0,0
250,47,41,6,6
251,124,117,7,7
252,89,83,6,6
253,50,53,-3,3
254,110,108,2,2
255,158,150,8,8
256,86,74,12,12
257,102,104,-2,2
258,107,107,0,0
259,64,62,2,2
260,136,136,0,0
261,125,109,16,16
262,115,106,9,9
263,71,67,4,4
264,80,76,4,4
265,82,89,-7,7
266,79,82,-3,3
267,102,101,1,1
268,49,59,-10,10
269,109,117,-8,8
270,52,50,2,2
271,72,63,9,9
272,68,73,-5,5
273,151,153,-2,2
274,112,104,8,8
275,97,113,-16,16
276,82,91,-9,9
277,72,74,-2,2
278,125,135,-10,10
279,128,136,-8,8
280,94,94,0,0
281,76,69,7,7
282,71,71,0,0
283,112,112,0,0
284,75,70,5,5
285,77,66,11,11
286,78,74,4,4
287,89,78,11,11
288,88,82,6,6
289,97,96,1,1
290,80,73,7,7
291,67,70,-3,3
292,83,91,-8,8
293,85,87,-2,2
294,76,70,6,6
295,64,54,10,10
296,107,110,-3,3
297,141,157,-16,16
298,130,123,7,7
299,51,59,-8,8
300,66,60,6,6
301,75,77,-2,2
302,186,179,7,7
303,86,74,12,12
304,141,142,-1,1
305,83,76,7,7
306,85,82,3,3
307,148,116,32,32
308,87,86,1,1
309,77,67,10,10
310,27,46,-19,19
311,88,83,5,5
312,92,86,6,6
313,86,102,-16,16
314,135,134,1,1
315,77,68,9,9
316,73,70,3,3
317,133,134,-1,1
318,51,47,4,4
319,125,119,6,6
320,98,105,-7,7
321,143,136,7,7
322,140,134,6,6
323,87,87,0,0
324,89,71,18,18
325,69,71,-2,2
326,96,75,21,21
327,127,115,12,12
328,79,72,7,7
329,137,126,11,11
330,85,86,-1,1
331,84,88,-4,4
332,52,55,-3,3
333,77,88,-11,11
334,78,78,0,0
335,104,96,8,8
336,89,90,-1,1
337,89,53,36,36
338,56,51,5,5
339,106,83,23,23
340,71,68,3,3
341,132,124,8,8
342,82,75,7,7
343,100,97,3,3
344,51,61,-10,10
345,66,65,1,1
346,85,76,9,9
347,112,112,0,0
348,34,54,-20,20
349,134,122,12,12
350,93,98,-5,5
351,114,129,-15,15
352,137,128,9,9
353,88,92,-4,4
354,108,113,-5,5
355,106,100,6,6
356,146,182,-36,36
357,54,72,-18,18
358,170,145,25,25
359,86,74,12,12
360,110,90,20,20
361,82,84,-2,2
362,101,94,7,7
363,64,70,-6,6
364,44,43,1,1
365,84,82,2,2
366,60,64,-4,4
367,101,108,-7,7
368,120,111,9,9
369,60,58,2,2
370,130,126,4,4
371,41,47,-6,6
372,116,103,13,13
373,58,54,4,4
374,77,77,0,0
375,96,99,-3,3
376,88,90,-2,2
377,103,98,5,5
378,35,33,2,2
379,64,61,3,3
380,86,74,12,12
381,89,81,8,8
382,108,104,4,4
383,116,109,7,7
384,82,80,2,2
385,65,62,3,3
386,64,66,-2,2
387,134,127,7,7
388,65,59,6,6
389,77,74,3,3
390,120,123,-3,3
391,54,57,-3,3
392,90,87,3,3
393,87,88,-1,1
394,97,103,-6,6
395,17,36,-19,19
396,69,86,-17,17
397,31,57,-26,26
398,90,96,-6,6
399,104,104,0,0
400,97,91,6,6
401,52,67,-15,15
402,81,78,3,3
403,88,82,6,6
404,150,152,-2,2
405,103,110,-7,7
406,47,46,1,1
407,119,116,3,3
408,107,119,-12,12
409,88,70,18,18
410,85,78,7,7
411,95,94,1,1
412,89,83,6,6
413,87,82,5,5
414,148,135,13,13
415,98,92,6,6
416,148,149,-1,1
417,77,78,-1,1
418,70,69,1,1
419,64,68,-4,4
420,110,132,-22,22
421,143,149,-6,6
422,122,179,-57,57
423,82,82,0,0
424,112,106,6,6
425,128,132,-4,4
426,148,147,1,1
427,80,73,7,7
428,56,67,-11,11
429,90,90,0,0
430,110,108,2,2
431,88,92,-4,4
432,91,85,6,6
433,99,93,6,6
434,122,110,12,12
435,66,65,1,1
436,106,95,11,11
437,65,59,6,6
438,164,155,9,9
439,68,57,11,11
440,48,63,-15,15
441,88,75,13,13
442,107,107,0,0
443,58,63,-5,5
444,91,88,3,3
445,113,109,4,4
446,107,100,7,7
447,101,93,8,8
448,72,74,-2,2
449,134,134,0,0
450,87,84,3,3
451,64,60,4,4
452,72,62,10,10
453,146,149,-3,3
454,110,97,13,13
455,104,101,3,3
456,129,133,-4,4
457,134,143,-9,9
458,123,121,2,2
459,62,59,3,3
460,71,73,-2,2
461,58,66,-8,8
462,88,83,5,5
463,134,137,-3,3
464,81,74,7,7
465,77,86,-9,9
466,118,118,0,0
467,131,124,7,7
468,66,56,10,10
469,61,60,1,1
470,43,38,5,5
471,121,119,2,2
472,101,104,-3,3
473,112,100,12,12
474,67,60,7,7
475,88,84,4,4
476,57,50,7,7
477,93,84,9,9
478,77,64,13,13
479,57,62,-5,5
480,55,63,-8,8
481,68,66,2,2
482,118,112,6,6
483,63,63,0,0
484,110,113,-3,3
485,58,52,6,6
486,119,103,16,16
487,110,144,-34,34
488,146,142,4,4
489,50,42,8,8
490,104,96,8,8
491,136,128,8,8
492,145,147,-2,2
493,110,102,8,8
494,124,135,-11,11
495,117,114,3,3
496,134,125,9,9
497,98,80,18,18
498,104,110,-6,6
499,78,71,7,7
500,100,91,9,9
501,45,48,-3,3
502,108,116,-8,8
503,50,60,-10,10
504,69,71,-2,2
505,106,101,5,5
506,66,57,9,9
507,61,62,-1,1
508,96,94,2,2
509,96,74,22,22
510,53,53,0,0
511,93,93,0,0
512,80,76,4,4
513,73,73,0,0
514,70,74,-4,4
515,100,93,7,7
516,137,131,6,6
517,114,120,-6,6
518,70,63,7,7
519,55,62,-7,7
520,108,91,17,17
521,138,138,0,0
522,95,92,3,3
523,142,145,-3,3
524,83,78,5,5
525,122,116,6,6
526,97,96,1,1
527,56,57,-1,1
528,122,123,-1,1
529,73,70,3,3
530,69,66,3,3
531,95,98,-3,3
532,68,67,1,1
533,95,86,9,9
534,78,88,-10,10
535,90,92,-2,2
536,106,113,-7,7
537,42,45,-3,3
538,76,79,-3,3
539,157,168,-11,11
540,119,115,4,4
541,99,98,1,1
542,61,64,-3,3
543,102,95,7,7
544,92,93,-1,1
545,124,112,12,12
546,82,82,0,0
547,76,75,1,1
548,67,69,-2,2
549,148,144,4,4
550,74,71,3,3
551,66,73,-7,7
552,108,106,2,2
553,64,58,6,6
554,102,96,6,6
555,63,67,-4,4
556,66,56,10,10
557,74,67,7,7
558,74,74,0,0
559,67,68,-1,1
560,86,93,-7,7
561,81,95,-14,14
562,90,90,0,0
563,47,51,-4,4
564,68,68,0,0
565,88,71,17,17
566,83,84,-1,1
567,76,66,10,10
568,55,55,0,0
569,100,105,-5,5
570,108,120,-12,12
571,178,164,14,14
572,80,79,1,1
573,82,83,-1,1
574,149,138,11,11
575,69,69,0,0
576,70,76,-6,6
577,90,103,-13,13
578,91,86,5,5
579,75,67,8,8
580,88,83,5,5
581,134,127,7,7
582,49,58,-9,9
583,51,51,0,0
584,113,104,9,9
585,88,91,-3,3
586,53,57,-4,4
587,84,59,25,25
588,105,95,10,10
589,85,81,4,4
590,105,102,3,3
591,75,74,1,1
592,139,133,6,6
593,103,98,5,5
594,87,84,3,3
595,65,72,-7,7
596,74,72,2,2
597,98,103,-5,5
598,110,105,5,5
599,112,99,13,13
600,88,94,-6,6
601,85,80,5,5
602,55,56,-1,1
603,86,78,8,8
604,124,127,-3,3
605,114,115,-1,1
606,57,58,-1,1
607,56,55,1,1
608,78,67,11,11
609,122,141,-19,19
610,79,73,6,6
611,81,69,12,12
612,117,119,-2,2
613,112,119,-7,7
614,95,100,-5,5
615,195,179,16,16
616,76,85,-9,9
617,104,91,13,13
618,112,111,1,1
619,103,107,-4,4
620,91,93,-2,2
621,105,103,2,2
622,127,106,21,21
623,60,58,2,2
624,111,113,-2,2
625,106,103,3,3
626,109,103,6,6
627,85,82,3,3
628,67,69,-2,2
629,81,84,-3,3
630,83,79,4,4
631,56,65,-9,9
632,92,87,5,5
633,71,77,-6,6
634,95,90,5,5
635,93,95,-2,2
636,144,143,1,1
637,53,56,-3,3
638,77,87,-10,10
639,71,73,-2,2
640,95,98,-3,3
641,95,99,-4,4
642,61,58,3,3
643,141,137,4,4
644,133,125,8,8
645,94,85,9,9
646,112,113,-1,1
647,84,76,8,8
648,92,100,-8,8
649,84,83,1,1
650,94,96,-2,2
651,72,67,5,5
652,102,123,-21,21
653,61,64,-3,3
654,108,111,-3,3
655,105,106,-1,1
656,85,84,1,1
657,74,76,-2,2
658,50,53,-3,3
659,101,97,4,4
660,82,72,10,10
661,108,86,22,22
662,148,149,-1,1
663,126,122,4,4
664,136,148,-12,12
665,75,72,3,3
666,36,40,-4,4
667,42,58,-16,16
668,69,61,8,8
669,126,126,0,0
670,109,104,5,5
671,90,89,1,1
672,116,105,11,11
673,151,181,-30,30
674,147,143,4,4
675,52,91,-39,39
676,107,109,-2,2
677,90,90,0,0
678,162,149,13,13
679,103,106,-3,3
680,150,137,13,13
681,62,81,-19,19
682,111,116,-5,5
683,77,83,-6,6
684,166,173,-7,7
685,151,159,-8,8
686,116,114,2,2
687,79,77,2,2
688,94,105,-11,11
689,110,116,-6,6
690,152,134,18,18
691,176,169,7,7
692,92,91,1,1
693,156,150,6,6
694,92,96,-4,4
695,77,74,3,3
696,32,59,-27,27
697,87,85,2,2
698,108,105,3,3
699,104,82,22,22
700,70,60,10,10
701,66,53,13,13
702,118,114,4,4
703,65,62,3,3
704,111,102,9,9
705,74,61,13,13
706,81,84,-3,3
707,88,74,14,14
708,87,83,4,4
709,116,120,-4,4
710,47,38,9,9
711,95,98,-3,3
712,44,46,-2,2
713,91,108,-17,17
714,83,81,2,2
715,137,128,9,9
716,80,78,2,2
717,147,138,9,9
718,119,124,-5,5
719,137,114,23,23
720,133,148,-15,15
721,89,85,4,4
722,150,139,11,11
723,108,99,9,9
724,96,80,16,16
725,88,83,5,5
726,140,129,11,11
727,128,128,0,0
728,53,58,-5,5
729,100,110,-10,10
730,58,60,-2,2
731,110,108,2,2
732,125,125,0,0
733,124,111,13,13
734,109,121,-12,12
735,122,122,0,0
736,95,93,2,2
737,93,97,-4,4
738,85,72,13,13
739,98,87,11,11
740,68,83,-15,15
741,48,41,7,7
742,97,101,-4,4
743,81,80,1,1
744,88,78,10,10
745,91,104,-13,13
746,64,59,5,5
747,204,186,18,18
748,114,106,8,8
749,185,156,29,29
750,75,70,5,5
751,70,68,2,2
752,145,151,-6,6
753,87,80,7,7
754,45,61,-16,16
755,73,77,-4,4
756,125,129,-4,4
757,60,64,-4,4
758,95,87,8,8
759,119,97,22,22
760,76,67,9,9
761,56,59,-3,3
762,44,58,-14,14
763,98,97,1,1
764,86,76,10,10
765,161,145,16,16
766,102,112,-10,10
767,103,101,2,2
768,69,72,-3,3
769,151,161,-10,10
770,92,66,26,26
771,80,88,-8,8
772,87,87,0,0
773,108,103,5,5
774,51,55,-4,4
775,110,106,4,4
776,64,58,6,6
777,73,68,5,5
778,92,89,3,3
779,93,85,8,8
780,103,100,3,3
781,49,55,-6,6
782,71,71,0,0
783,70,66,4,4
784,67,56,11,11
785,100,95,5,5
786,93,94,-1,1
787,75,73,2,2
788,97,101,-4,4
789,84,85,-1,1
790,140,128,12,12
791,151,145,6,6
792,78,78,0,0
793,79,99,-20,20
794,108,125,-17,17
795,95,105,-10,10
796,98,89,9,9
797,119,120,-1,1
798,83,93,-10,10
799,67,67,0,0
800,64,65,-1,1
801,102,86,16,16
802,75,69,6,6
803,68,82,-14,14
804,78,70,8,8
805,53,49,4,4
806,126,125,1,1
807,89,89,0,0
808,85,86,-1,1
809,64,65,-1,1
810,85,75,10,10
811,74,74,0,0
812,66,67,-1,1
813,79,69,10,10
814,125,106,19,19
815,119,111,8,8
816,26,37,-11,11
817,66,66,0,0
818,88,79,9,9
819,111,97,14,14
820,86,80,6,6
821,76,78,-2,2
822,86,80,6,6
823,145,132,13,13
824,46,48,-2,2
825,107,99,8,8
826,99,89,10,10
827,63,77,-14,14
828,68,60,8,8
829,100,82,18,18
830,110,108,2,2
831,77,78,-1,1
832,66,69,-3,3
833,64,51,13,13
834,77,83,-6,6
835,144,148,-4,4
836,106,102,4,4
837,93,94,-1,1
838,73,78,-5,5
839,103,106,-3,3
840,105,111,-6,6
841,75,74,1,1
842,83,74,9,9
843,112,101,11,11
844,156,147,9,9
845,156,145,11,11
846,77,81,-4,4
847,76,85,-9,9
848,95,93,2,2
849,41,50,-9,9
850,106,120,-14,14
851,135,129,6,6
852,92,100,-8,8
853,91,95,-4,4
854,112,109,3,3
855,84,84,0,0
856,77,66,11,11
857,29,58,-29,29
858,64,62,2,2
859,143,125,18,18
860,59,49,10,10
861,155,147,8,8
862,207,173,34,34
863,129,118,11,11
864,115,105,10,10
865,108,100,8,8
866,162,148,14,14
867,69,72,-3,3
868,62,69,-7,7
869,79,96,-17,17
870,57,53,4,4
871,90,99,-9,9
872,98,92,6,6
873,108,109,-1,1
874,80,101,-21,21
875,114,99,15,15
876,57,55,2,2
877,41,115,-74,74
878,90,92,-2,2
879,84,70,14,14
880,87,86,1,1
881,70,75,-5,5
882,109,114,-5,5
883,76,72,4,4
884,62,58,4,4
885,83,80,3,3
886,124,134,-10,10
887,122,124,-2,2
888,55,56,-1,1
889,108,113,-5,5
890,109,109,0,0
891,52,55,-3,3
892,134,119,15,15
893,60,54,6,6
894,71,83,-12,12
895,123,115,8,8
896,60,64,-4,4
897,140,136,4,4
898,109,91,18,18
899,150,177,-27,27
900,74,75,-1,1
901,94,79,15,15
902,71,64,7,7
903,139,123,16,16
904,87,95,-8,8
905,72,69,3,3
906,53,49,4,4
907,163,149,14,14
908,111,93,18,18
909,70,52,18,18
910,46,57,-11,11
911,138,133,5,5
912,127,121,6,6
913,70,81,-11,11
914,107,123,-16,16
915,64,54,10,10
916,69,76,-7,7
917,196,188,8,8
918,136,129,7,7
919,52,46,6,6
920,79,84,-5,5
921,109,113,-4,4
922,78,80,-2,2
923,115,109,6,6
924,77,82,-5,5
925,110,104,6,6
926,74,63,11,11
927,49,47,2,2
928,55,57,-2,2
929,145,142,3,3
930,119,114,5,5
931,96,83,13,13
932,196,193,3,3
933,72,79,-7,7
934,90,100,-10,10
935,62,102,-40,40
936,118,114,4,4
937,137,147,-10,10
938,79,75,4,4
939,152,144,8,8
940,87,95,-8,8
941,112,117,-5,5
942,62,61,1,1
943,72,75,-3,3
944,109,107,2,2
945,83,83,0,0
946,68,67,1,1
947,97,95,2,2
948,59,55,4,4
949,173,154,19,19
950,73,61,12,12
951,85,85,0,0
952,62,57,5,5
953,75,72,3,3
954,90,94,-4,4
955,93,110,-17,17
956,98,98,0,0
957,116,106,10,10
958,50,42,8,8
959,106,112,-6,6
960,114,114,0,0
961,98,83,15,15
962,184,180,4,4
963,69,68,1,1
964,147,134,13,13
965,29,51,-22,22
966,108,118,-10,10
967,65,76,-11,11
968,96,83,13,13
969,84,84,0,0
970,70,61,9,9
971,162,157,5,5
972,112,115,-3,3
973,71,64,7,7
974,139,128,11,11
975,72,73,-1,1
976,68,66,2,2
977,76,82,-6,6
978,87,65,22,22
979,52,54,-2,2
980,115,115,0,0
981,161,153,8,8
982,88,72,16,16
983,107,101,6,6
984,84,78,6,6
985,90,85,5,5
986,55,51,4,4
987,138,124,14,14
988,90,80,10,10
989,114,107,7,7
990,111,129,-18,18
991,44,41,3,3
992,111,122,-11,11
993,128,108,20,20
994,98,97,1,1
995,93,81,12,12
996,74,67,7,7
997,130,133,-3,3
998,82,90,-8,8
999,178,162,16,16
1000,42,48,-6,6
1001,96,87,9,9
1002,39,51,-12,12
1003,75,76,-1,1
1004,147,140,7,7
1005,102,106,-4,4
1006,212,193,19,19
1007,64,57,7,7
1008,91,90,1,1
1009,39,43,-4,4
1010,92,99,-7,7
1011,159,153,6,6
1012,119,98,21,21
1013,128,127,1,1
1014,125,123,2,2
1015,63,70,-7,7
1016,117,101,16,16
1017,117,120,-3,3
1018,35,42,-7,7
1019,108,110,-2,2
1020,108,104,4,4
1021,77,69,8,8
1022,88,89,-1,1
1023,45,48,-3,3
1024,88,86,2,2
1025,110,105,5,5
1026,93,81,12,12
1027,77,82,-5,5
1028,144,136,8,8
1029,63,65,-2,2
1030,56,56,0,0
1031,143,135,8,8
1032,119,135,-16,16
1033,85,81,4,4
1034,94,97,-3,3
1035,115,123,-8,8
1036,117,119,-2,2
1037,71,65,6,6
1038,79,77,2,2
1039,119,104,15,15
1040,78,71,7,7
1041,101,116,-15,15
1042,89,91,-2,2
1043,91,100,-9,9
1044,112,109,3,3
1045,131,133,-2,2
1046,43,46,-3,3
1047,162,167,-5,5
1048,55,58,-3,3
1049,116,119,-3,3
1050,49,48,1,1
1051,88,78,10,10
1052,108,106,2,2
1053,72,58,14,14
1054,115,106,9,9
1055,55,53,2,2
1056,146,135,11,11
1057,97,74,23,23
1058,81,74,7,7
1059,146,142,4,4
1060,133,124,9,9
1061,62,66,-4,4
1062,148,151,-3,3
1063,98,85,13,13
1064,81,66,15,15
1065,73,76,-3,3
1066,81,73,8,8
1067,148,141,7,7
1068,141,129,12,12
1069,56,61,-5,5
1070,123,114,9,9
1071,83,65,18,18
1072,117,123,-6,6
1073,99,101,-2,2
1074,99,103,-4,4
1075,64,62,2,2
1076,92,81,11,11
1077,40,40,0,0
1078,183,175,8,8
1079,44,64,-20,20
1080,115,110,5,5
1081,49,56,-7,7
1082,127,125,2,2
1083,155,147,8,8
1084,81,89,-8,8
1085,92,75,17,17
1086,74,64,10,10
1087,108,106,2,2
1088,57,54,3,3
1089,61,76,-15,15
1090,125,101,24,24
1091,97,89,8,8
1092,60,103,-43,43
1093,78,77,1,1
1094,71,75,-4,4
1095,84,87,-3,3
1096,177,160,17,17
1097,80,75,5,5
1098,130,135,-5,5
1099,81,76,5,5
1100,88,76,12,12
1101,56,57,-1,1
1102,149,147,2,2
1103,92,82,10,10
1104,90,92,-2,2
1105,45,60,-15,15
1106,63,63,0,0
1107,92,94,-2,2
1108,124,129,-5,5
1109,140,139,1,1
1110,122,137,-15,15
1111,47,50,-3,3
1112,67,70,-3,3
1113,199,183,16,16
1114,110,140,-30,30
1115,78,83,-5,5
1116,42,41,1,1
1117,51,56,-5,5
1118,183,165,18,18
1119,160,160,0,0
1120,117,117,0,0
1121,70,72,-2,2
1122,90,84,6,6
1123,101,107,-6,6
1124,73,75,-2,2
1125,64,65,-1,1
1126,69,65,4,4
1127,98,90,8,8
1128,121,122,-1,1
1129,83,83,0,0
1130,170,170,0,0
1131,80,74,6,6
1132,68,66,2,2
1133,130,141,-11,11
1134,66,69,-3,3
1135,65,82,-17,17
1136,95,93,2,2
1137,99,100,-1,1
1138,95,116,-21,21
1139,174,169,5,5
1140,154,141,13,13
1141,121,109,12,12
1142,109,97,12,12
1143,87,104,-17,17
1144,61,58,3,3
1145,96,96,0,0
1146,96,93,3,3
1147,118,112,6,6
1148,97,93,4,4
1149,105,101,4,4
1150,87,81,6,6
1151,104,98,6,6
1152,80,79,1,1
1153,54,68,-14,14
1154,92,83,9,9
1155,48,47,1,1
1156,78,84,-6,6
1157,136,122,14,14
1158,139,128,11,11
1159,61,108,-47,47
1160,83,85,-2,2
1161,103,101,2,2
1162,128,125,3,3
1163,131,125,6,6
1164,76,73,3,3
1165,74,69,5,5
1166,135,132,3,3
1167,73,76,-3,3
1168,115,116,-1,1
1169,81,98,-17,17
1170,140,130,10,10
1171,69,69,0,0
1172,46,51,-5,5
1173,109,101,8,8
1174,197,188,9,9
1175,111,110,1,1
1176,100,92,8,8
1177,77,72,5,5
1178,66,61,5,5
1179,67,62,5,5
1180,120,132,-12,12
1181,349,343,6,6
1182,78,71,7,7
1183,118,119,-1,1
1184,51,60,-9,9
1185,82,78,4,4
1186,49,41,8,8
1187,72,71,1,1
1188,112,281,-169,169
1189,140,109,31,31
1190,69,70,-1,1
1191,94,94,0,0
1192,69,67,2,2
1193,96,96,0,0
1194,77,112,-35,35
1195,92,100,-8,8
1196,141,141,0,0
1197,94,96,-2,2
1198,92,75,17,17
1199,96,103,-7,7
1200,69,57,12,12
1201,35,47,-12,12
1202,78,75,3,3
1203,113,117,-4,4
1204,99,91,8,8
1205,108,103,5,5
1206,118,116,2,2
1207,95,87,8,8
1208,106,111,-5,5
1209,101,86,15,15
1210,77,88,-11,11
1211,97,96,1,1
1212,86,75,11,11
1213,60,63,-3,3
1214,101,113,-12,12
1215,105,93,12,12
1216,73,74,-1,1
1217,90,88,2,2
1218,121,107,14,14
1219,80,82,-2,2
1220,85,86,-1,1
1221,158,160,-2,2
1222,75,79,-4,4
1223,70,71,-1,1
1224,66,64,2,2
1225,107,104,3,3
1226,182,178,4,4
1227,134,134,0,0
1228,103,95,8,8
1229,69,71,-2,2
1230,95,98,-3,3
1231,33,40,-7,7
1232,58,59,-1,1
1233,63,66,-3,3
1234,115,89,26,26
1235,111,98,13,13
1236,128,116,12,12
1237,141,126,15,15
1238,50,45,5,5
1239,129,98,31,31
1240,49,58,-9,9
1241,91,84,7,7
1242,131,122,9,9
1243,120,97,23,23
1244,91,82,9,9
1245,108,110,-2,2
1246,70,77,-7,7
1247,51,50,1,1
1248,92,92,0,0
1249,77,69,8,8
1250,149,137,12,12
1251,117,107,10,10
1252,144,146,-2,2
1253,82,70,12,12
1254,107,111,-4,4
1255,51,50,1,1
1256,55,60,-5,5
1257,101,99,2,2
1258,99,94,5,5
1259,114,110,4,4
1260,55,57,-2,2
1261,83,75,8,8
1262,174,169,5,5
1263,136,129,7,7
1264,89,91,-2,2
1265,67,77,-10,10
1266,81,82,-1,1
1267,122,130,-8,8
1268,74,86,-12,12
1269,149,170,-21,21
1270,62,56,6,6
1271,64,66,-2,2
1272,85,87,-2,2
1273,163,140,23,23
1274,72,77,-5,5
1275,62,55,7,7
1276,50,58,-8,8
1277,57,66,-9,9
1278,82,94,-12,12
1279,58,51,7,7
1280,51,49,2,2
1281,63,58,5,5
1282,125,90,35,35
1283,78,81,-3,3
1284,57,52,5,5
1285,65,66,-1,1
1286,111,115,-4,4
1287,90,95,-5,5
1288,107,108,-1,1
1289,81,72,9,9
1290,133,108,25,25
1291,111,109,2,2
1292,64,72,-8,8
1293,56,69,-13,13
1294,51,61,-10,10
1295,64,53,11,11
1296,156,149,7,7
1297,96,106,-10,10
1298,94,78,16,16
1299,65,98,-33,33
1300,167,156,11,11
1301,44,53,-9,9
1302,255,211,44,44
1303,80,75,5,5
1304,142,140,2,2
1305,73,59,14,14
1306,114,108,6,6
1307,81,73,8,8
1308,66,67,-1,1
1309,91,99,-8,8
1310,106,95,11,11
1311,84,86,-2,2
1312,120,130,-10,10
1313,115,110,5,5
1314,130,123,7,7
1315,192,198,-6,6
1316,150,141,9,9
1317,87,96,-9,9
1318,69,69,0,0
1319,170,175,-5,5
1320,99,95,4,4
1321,72,78,-6,6
1322,106,102,4,4
1323,142,120,22,22
1324,44,42,2,2
1325,87,92,-5,5
1326,72,79,-7,7
1327,116,107,9,9
1328,66,65,1,1
1329,43,37,6,6
1330,145,139,6,6
1331,92,85,7,7
1332,86,85,1,1
1333,87,98,-11,11
1334,71,68,3,3
1335,136,132,4,4
1336,73,75,-2,2
1337,81,81,0,0
1338,65,62,3,3
1339,97,80,17,17
1340,61,60,1,1
1341,76,65,11,11
1342,55,59,-4,4
1343,100,91,9,9
1344,120,115,5,5
1345,110,121,-11,11
1346,103,91,12,12
1347,57,58,-1,1
1348,95,81,14,14
1349,82,83,-1,1
1350,105,119,-14,14
1351,68,70,-2,2
1352,177,166,11,11
1353,97,93,4,4
1354,150,129,21,21
1355,38,37,1,1
1356,85,81,4,4
1357,79,78,1,1
1358,78,75,3,3
1359,98,97,1,1
1360,138,128,10,10
1361,92,79,13,13
1362,110,103,7,7
1363,135,148,-13,13
1364,96,94,2,2
1365,107,101,6,6
1366,84,81,3,3
1367,82,73,9,9
1368,87,111,-24,24
1369,58,58,0,0
1370,55,47,8,8
1371,69,73,-4,4
1372,193,181,12,12
1373,102,102,0,0
1374,105,97,8,8
1375,74,87,-13,13
1376,122,113,9,9
1377,85,77,8,8
1378,103,104,-1,1
1379,139,116,23,23
1380,91,88,3,3
1381,84,97,-13,13
1382,155,142,13,13
1383,73,63,10,10
1384,141,110,31,31
1385,70,78,-8,8
1386,93,79,14,14
1387,100,85,15,15
1388,96,89,7,7
1389,56,55,1,1
1390,93,115,-22,22
1391,97,121,-24,24
1392,43,50,-7,7
1393,58,56,2,2
1394,107,100,7,7
1395,118,112,6,6
1396,64,52,12,12
1397,114,102,12,12
1398,84,79,5,5
1399,68,68,0,0
1400,170,147,23,23
1401,121,117,4,4
1402,180,176,4,4
1403,81,73,8,8
1404,131,128,3,3
1405,166,162,4,4
1406,83,80,3,3
1407,107,96,11,11
1408,95,89,6,6
1409,88,71,17,17
1410,149,138,11,11
1411,160,154,6,6
1412,112,108,4,4
1413,145,143,2,2
1414,38,35,3,3
1415,104,101,3,3
1416,125,133,-8,8
1417,86,83,3,3
1418,105,100,5,5
1419,44,50,-6,6
1420,116,106,10,10
1421,136,117,19,19
1422,149,140,9,9
1423,135,102,33,33
1424,51,47,4,4
1425,94,101,-7,7
1426,88,97,-9,9
1427,128,127,1,1
1428,148,141,7,7
1429,103,110,-7,7
1430,59,65,-6,6
1431,75,70,5,5
1432,83,84,-1,1
1433,73,68,5,5
1434,75,102,-27,27
1435,74,81,-7,7
1436,85,79,6,6
1437,74,68,6,6
1438,99,93,6,6
1439,122,125,-3,3
1440,130,132,-2,2
1441,61,62,-1,1
1442,48,44,4,4
1443,111,114,-3,3
1444,58,49,9,9
1445,61,71,-10,10
1446,129,135,-6,6
1447,55,49,6,6
1448,159,158,1,1
1449,81,80,1,1
1450,44,57,-13,13
1451,64,57,7,7
1452,105,101,4,4
1453,131,141,-10,10
1454,188,178,10,10
1455,107,100,7,7
1456,74,69,5,5
1457,155,174,-19,19
1458,93,81,12,12
1459,125,120,5,5
1460,113,116,-3,3
1461,81,79,2,2
1462,73,66,7,7
1463,78,75,3,3
1464,124,117,7,7
1465,68,74,-6,6
1466,90,88,2,2
1467,108,102,6,6
1468,73,68,5,5
1469,92,87,5,5
1470,118,120,-2,2
1471,70,60,10,10
1472,98,97,1,1
1473,70,70,0,0
1474,72,67,5,5
1475,107,93,14,14
1476,112,105,7,7
1477,118,114,4,4
1478,86,81,5,5
1479,114,87,27,27
1480,121,115,6,6
1481,120,114,6,6
1482,275,223,52,52
1483,98,84,14,14
1484,95,103,-8,8
1485,80,78,2,2
1486,126,130,-4,4
1487,98,96,2,2
1488,133,149,-16,16
1489,61,56,5,5
1490,129,118,11,11
1491,117,109,8,8
1492,54,69,-15,15
1493,54,65,-11,11
1494,48,57,-9,9
1495,85,79,6,6
1496,56,76,-20,20
1497,77,86,-9,9
1498,140,123,17,17
1499,69,70,-1,1
1500,88,86,2,2
1501,107,107,0,0
1502,81,85,-4,4
1503,134,123,11,11
1504,80,87,-7,7
1505,121,119,2,2
1506,111,103,8,8
1507,72,69,3,3
1508,155,158,-3,3
1509,61,63,-2,2
1510,70,77,-7,7
1511,55,57,-2,2
1512,74,70,4,4
1513,151,151,0,0
1514,38,38,0,0
1515,164,190,-26,26
1516,66,70,-4,4
1517,58,53,5,5
1518,66,88,-22,22
1519,116,103,13,13
1520,71,85,-14,14
1521,99,94,5,5
1522,108,119,-11,11
1523,77,82,-5,5
1524,56,49,7,7
1525,126,108,18,18
1526,117,115,2,2
1527,71,61,10,10
1528,80,71,9,9
1529,69,70,-1,1
1530,76,55,21,21
1531,137,137,0,0
1532,184,171,13,13
1533,131,112,19,19
1534,149,136,13,13
1535,95,91,4,4
1536,122,118,4,4
1537,54,61,-7,7
1538,88,85,3,3
1539,83,77,6,6
1540,69,60,9,9
1541,87,91,-4,4
1542,156,154,2,2
1543,118,123,-5,5
1544,55,54,1,1
1545,83,82,1,1
1546,81,96,-15,15
1547,101,105,-4,4
1548,73,67,6,6
1549,105,107,-2,2
1550,82,83,-1,1
1551,65,58,7,7
1552,78,78,0,0
1553,115,111,4,4
1554,133,114,19,19
1555,58,69,-11,11
1556,108,115,-7,7
1557,128,116,12,12
1558,136,122,14,14
1559,37,59,-22,22
1560,95,103,-8,8
1561,121,112,9,9
1562,87,79,8,8
1563,100,114,-14,14
1564,89,77,12,12
1565,126,125,1,1
1566,109,123,-14,14
1567,103,89,14,14
1568,150,133,17,17
1569,94,124,-30,30
1570,148,159,-11,11
1571,60,71,-11,11
1572,70,72,-2,2
1573,131,132,-1,1
1574,70,70,0,0
1575,95,104,-9,9
1576,66,72,-6,6
1577,86,79,7,7
1578,91,85,6,6
1579,75,76,-1,1
1580,46,47,-1,1
1581,100,102,-2,2
1582,98,89,9,9
1583,92,82,10,10
1584,112,102,10,10
1585,167,155,12,12
1586,90,98,-8,8
1587,109,97,12,12
1588,93,105,-12,12
1589,61,56,5,5
1590,123,115,8,8
1591,93,96,-3,3
1592,74,63,11,11
1593,36,46,-10,10
1594,89,84,5,5
1595,144,157,-13,13
1596,80,77,3,3
1597,114,106,8,8
1598,106,97,9,9
1599,57,52,5,5
1600,70,79,-9,9
1601,112,116,-4,4
1602,92,82,10,10
1603,106,90,16,16
1604,122,124,-2,2
1605,128,121,7,7
1606,109,111,-2,2
1607,75,66,9,9
1608,120,110,10,10
1609,60,53,7,7
1610,137,124,13,13
1611,78,79,-1,1
1612,93,104,-11,11
1613,91,83,8,8
1614,84,84,0,0
1615,137,129,8,8
1616,43,53,-10,10
1617,74,63,11,11
1618,77,74,3,3
1619,114,112,2,2
1620,104,87,17,17
1621,101,109,-8,8
1622,43,49,-6,6
1623,106,101,5,5
1624,90,87,3,3
1625,114,117,-3,3
1626,82,71,11,11
1627,62,63,-1,1
1628,112,106,6,6
1629,46,49,-3,3
1630,104,93,11,11
1631,106,100,6,6
1632,62,59,3,3
1633,123,123,0,0
1634,95,89,6,6
1635,64,65,-1,1
1636,76,79,-3,3
1637,104,105,-1,1
1638,126,124,2,2
1639,144,133,11,11
1640,119,122,-3,3
1641,74,62,12,12
1642,51,54,-3,3
1643,91,91,0,0
1644,86,101,-15,15
1645,95,88,7,7
1646,72,69,3,3
1647,162,150,12,12
1648,87,85,2,2
1649,91,90,1,1
1650,122,139,-17,17
1651,70,70,0,0
1652,106,106,0,0
1653,89,95,-6,6
1654,59,51,8,8
1655,44,48,-4,4
1656,74,68,6,6
1657,77,75,2,2
1658,135,126,9,9
1659,107,108,-1,1
1660,64,54,10,10
1661,52,67,-15,15
1662,61,62,-1,1
1663,74,76,-2,2
1664,87,92,-5,5
1665,106,101,5,5
1666,64,60,4,4
1667,70,79,-9,9
1668,77,70,7,7
1669,62,63,-1,1
1670,67,57,10,10
1671,109,109,0,0
1672,118,113,5,5
1673,74,78,-4,4
1674,100,100,0,0
1675,83,98,-15,15
1676,83,69,14,14
1677,121,116,5,5
1678,79,81,-2,2
1679,46,45,1,1
1680,92,88,4,4
1681,102,96,6,6
1682,103,94,9,9
1683,64,50,14,14
1684,101,95,6,6
1685,105,95,10,10
1686,55,52,3,3
1687,66,55,11,11
1688,60,51,9,9
1689,62,64,-2,2
1690,150,150,0,0
1691,84,89,-5,5
1692,98,108,-10,10
1693,59,57,2,2
1694,57,59,-2,2
1695,88,112,-24,24
1696,146,146,0,0
1697,58,56,2,2
1698,73,63,10,10
1699,192,177,15,15
1700,58,51,7,7
1701,97,72,25,25
1702,84,80,4,4
1703,149,135,14,14
1704,162,136,26,26
1705,53,62,-9,9
1706,48,54,-6,6
1707,103,116,-13,13
1708,64,71,-7,7
1709,85,89,-4,4
1710,64,59,5,5
1711,73,73,0,0
1712,72,70,2,2
1713,136,135,1,1
1714,103,96,7,7
1715,161,149,12,12
1716,89,84,5,5
1717,102,93,9,9
1718,66,130,-64,64
1719,87,80,7,7
1720,101,94,7,7
1721,90,95,-5,5
1722,108,113,-5,5
1723,59,65,-6,6
1724,118,111,7,7
1725,56,44,12,12
1726,195,185,10,10
1727,70,61,9,9
1728,90,83,7,7
1729,108,111,-3,3
1730,118,136,-18,18
1731,74,70,4,4
1732,115,115,0,0
1733,31,39,-8,8
1734,121,118,3,3
1735,43,36,7,7
1736,78,65,13,13
1737,63,64,-1,1
1738,57,57,0,0
1739,53,58,-5,5
1740,63,66,-3,3
1741,88,82,6,6
1742,80,90,-10,10
1743,133,136,-3,3
1744,90,85,5,5
1745,130,128,2,2
1746,70,69,1,1
1747,169,147,22,22
1748,45,49,-4,4
1749,171,163,8,8
1750,84,79,5,5
1751,95,94,1,1
1752,73,74,-1,1
1753,59,57,2,2
1754,82,89,-7,7
1755,101,91,10,10
1756,77,86,-9,9
1757,57,54,3,3
1758,97,91,6,6
1759,69,68,1,1
1760,82,73,9,9
1761,60,79,-19,19
1762,70,60,10,10
1763,79,75,4,4
1764,127,122,5,5
1765,92,101,-9,9
1766,119,119,0,0
1767,59,56,3,3
1768,66,77,-11,11
1769,44,52,-8,8
1770,46,44,2,2
1771,129,114,15,15
1772,93,82,11,11
1773,98,121,-23,23
1774,89,88,1,1
1775,74,71,3,3
1776,96,95,1,1
1777,103,84,19,19
1778,84,94,-10,10
1779,75,73,2,2
1780,167,152,15,15
1781,85,85,0,0
1782,108,120,-12,12
1783,59,53,6,6
1784,101,96,5,5
1785,76,71,5,5
1786,118,111,7,7
1787,67,65,2,2
1788,53,60,-7,7
1789,108,106,2,2
1790,103,101,2,2
1791,130,141,-11,11
1792,83,76,7,7
1793,52,60,-8,8
1794,79,84,-5,5
1795,80,84,-4,4
1796,88,75,13,13
1797,55,56,-1,1
1798,53,52,1,1
1799,116,108,8,8
1800,103,94,9,9
1801,73,74,-1,1
1802,72,60,12,12
1803,155,144,11,11
1804,205,206,-1,1
1805,55,50,5,5
1806,119,114,5,5
1807,93,81,12,12
1808,81,81,0,0
1809,93,89,4,4
1810,121,119,2,2
1811,62,56,6,6
1812,61,62,-1,1
1813,113,111,2,2
1814,79,72,7,7
1815,130,131,-1,1
1816,68,71,-3,3
1817,81,77,4,4
1818,114,111,3,3
1819,101,80,21,21
1820,63,54,9,9
1821,87,99,-12,12
1822,117,118,-1,1
1823,114,113,1,1
1824,109,111,-2,2
1825,96,90,6,6
1826,54,58,-4,4
1827,132,132,0,0
1828,85,75,10,10
1829,70,61,9,9
1830,60,55,5,5
1831,68,63,5,5
1832,48,48,0,0
1833,75,81,-6,6
1834,126,119,7,7
1835,106,95,11,11
1836,60,59,1,1
1837,70,63,7,7
1838,52,49,3,3
1839,86,79,7,7
1840,74,66,8,8
1841,118,108,10,10
1842,43,47,-4,4
1843,207,185,22,22
1844,97,94,3,3
1845,78,74,4,4
1846,100,100,0,0
1847,108,86,22,22
1848,73,69,4,4
1849,151,139,12,12
1850,45,48,-3,3
1851,81,76,5,5
1852,68,71,-3,3
1853,140,154,-14,14
1854,121,120,1,1
1855,88,110,-22,22
1856,42,48,-6,6
1857,76,78,-2,2
1858,89,82,7,7
1859,61,59,2,2
1860,98,96,2,2
1861,78,78,0,0
1862,54,58,-4,4
1863,128,142,-14,14
1864,160,161,-1,1
1865,65,61,4,4
1866,109,106,3,3
1867,149,156,-7,7
1868,112,101,11,11
1869,78,68,10,10
1870,61,52,9,9
1871,82,78,4,4
1872,54,52,2,2
1873,45,50,-5,5
1874,102,97,5,5
1875,92,87,5,5
1876,121,121,0,0
1877,119,122,-3,3
1878,84,74,10,10
1879,99,90,9,9
1880,116,116,0,0
1881,119,114,5,5
1882,157,150,7,7
1883,119,103,16,16
1884,92,85,7,7
1885,60,63,-3,3
1886,101,104,-3,3
1887,90,88,2,2
1888,132,126,6,6
1889,156,153,3,3
1890,101,95,6,6
1891,88,83,5,5
1892,141,108,33,33
1893,56,60,-4,4
1894,85,71,14,14
1895,182,167,15,15
1896,127,114,13,13
1897,76,76,0,0
1898,83,70,13,13
1899,59,74,-15,15
1900,33,53,-20,20
1901,38,57,-19,19
1902,90,80,10,10
1903,87,94,-7,7
1904,81,83,-2,2
1905,123,126,-3,3
1906,111,107,4,4
1907,207,214,-7,7
1908,140,133,7,7
1909,90,82,8,8
1910,67,68,-1,1
1911,102,130,-28,28
1912,65,62,3,3
1913,81,84,-3,3
1914,75,69,6,6
1915,93,96,-3,3
1916,87,104,-17,17
1917,183,166,17,17
1918,95,93,2,2
1919,200,190,10,10
1920,95,94,1,1
1921,199,182,17,17
1922,87,143,-56,56
1923,56,55,1,1
1924,55,63,-8,8
1925,90,105,-15,15
1926,64,63,1,1
1927,57,62,-5,5
1928,179,192,-13,13
1929,78,72,6,6
1930,54,62,-8,8
1931,112,109,3,3
1932,69,86,-17,17
1933,73,80,-7,7
1934,64,68,-4,4
1935,65,68,-3,3
1936,63,62,1,1
1937,159,151,8,8
1938,71,76,-5,5
1939,90,85,5,5
1940,116,108,8,8
1941,110,110,0,0
1942,80,87,-7,7
1943,116,126,-10,10
1944,101,105,-4,4
1945,145,135,10,10
1946,144,149,-5,5
1947,163,140,23,23
1948,115,121,-6,6
1949,115,114,1,1
1950,102,114,-12,12
1951,105,63,42,42
1952,61,55,6,6
1953,74,69,5,5
1954,88,81,7,7
1955,86,75,11,11
1956,98,98,0,0
1957,113,108,5,5
1958,82,58,24,24
1959,124,100,24,24
1960,76,69,7,7
1961,137,133,4,4
1962,88,94,-6,6
1963,130,125,5,5
1964,75,64,11,11
1965,97,78,19,19
1966,114,124,-10,10
1967,92,97,-5,5
1968,106,107,-1,1
1969,89,92,-3,3
1970,72,88,-16,16
1971,92,86,6,6
1972,66,68,-2,2
1973,26,29,-3,3
1974,106,98,8,8
1975,82,89,-7,7
1976,112,120,-8,8
1977,94,86,8,8
1978,106,111,-5,5
1979,114,106,8,8
1980,85,105,-20,20
1981,144,155,-11,11
1982,137,125,12,12
1983,56,66,-10,10
1984,62,56,6,6
1985,65,66,-1,1
1986,71,69,2,2
1987,78,88,-10,10
1988,66,59,7,7
1989,106,94,12,12
1990,74,102,-28,28
1991,46,114,-68,68
1992,140,133,7,7
1993,129,118,11,11
1994,83,90,-7,7
1995,81,79,2,2
1996,49,50,-1,1
1997,124,121,3,3
1998,42,43,-1,1
1999,89,84,5,5
2000,101,88,13,13
2001,184,200,-16,16
2002,113,106,7,7
2003,212,208,4,4
2004,120,115,5,5
2005,95,97,-2,2
2006,120,120,0,0
2007,97,93,4,4
2008,72,70,2,2
2009,80,64,16,16
2010,87,94,-7,7
2011,100,105,-5,5
2012,185,178,7,7
2013,90,88,2,2
2014,77,79,-2,2
2015,67,67,0,0
2016,63,61,2,2
2017,74,69,5,5
2018,104,90,14,14
2019,129,124,5,5
2020,73,70,3,3
2021,128,123,5,5
2022,64,62,2,2
2023,88,79,9,9
2024,47,57,-10,10
2025,68,65,3,3
2026,75,69,6,6
2027,75,70,5,5
2028,80,85,-5,5
2029,61,65,-4,4
2030,74,68,6,6
2031,79,82,-3,3
2032,62,62,0,0
2033,121,128,-7,7
2034,77,74,3,3
2035,104,96,8,8
2036,116,111,5,5
2037,61,68,-7,7
2038,86,84,2,2
2039,83,88,-5,5
2040,119,110,9,9
2041,109,112,-3,3
2042,83,92,-9,9
2043,66,65,1,1
2044,112,111,1,1
2045,110,109,1,1
2046,115,131,-16,16
2047,97,100,-3,3
2048,115,121,-6,6
2049,78,78,0,0
2050,58,53,5,5
2051,98,104,-6,6
2052,104,98,6,6
2053,109,100,9,9
2054,143,138,5,5
2055,98,98,0,0
2056,56,67,-11,11
2057,61,64,-3,3
2058,86,75,11,11
2059,73,75,-2,2
2060,101,97,4,4
2061,165,152,13,13
2062,64,63,1,1
2063,62,58,4,4
2064,68,57,11,11
2065,101,102,-1,1
2066,72,81,-9,9
2067,56,52,4,4
2068,109,103,6,6
2069,63,50,13,13
2070,48,45,3,3
2071,134,135,-1,1
2072,91,98,-7,7
2073,80,82,-2,2
2074,112,106,6,6
2075,49,54,-5,5
2076,91,89,2,2
2077,75,78,-3,3
2078,86,74,12,12
2079,142,130,12,12
2080,79,75,4,4
2081,122,129,-7,7
2082,139,138,1,1
2083,79,72,7,7
2084,184,168,16,16
2085,134,170,-36,36
2086,99,96,3,3
2087,59,68,-9,9
2088,77,77,0,0
2089,84,82,2,2
2090,116,116,0,0
2091,41,40,1,1
2092,70,79,-9,9
2093,39,50,-11,11
2094,82,83,-1,1
2095,58,56,2,2
2096,166,151,15,15
2097,71,68,3,3
2098,119,109,10,10
2099,92,100,-8,8
2100,116,119,-3,3
2101,121,114,7,7
2102,106,102,4,4
2103,82,79,3,3
2104,137,141,-4,4
2105,113,117,-4,4
2106,84,84,0,0
2107,136,123,13,13
2108,57,58,-1,1
2109,142,136,6,6
2110,55,47,8,8
2111,82,82,0,0
2112,208,191,17,17
2113,101,83,18,18
2114,156,162,-6,6
2115,175,163,12,12
2116,137,124,13,13
2117,105,120,-15,15
2118,84,85,-1,1
2119,78,78,0,0
2120,115,104,11,11
2121,74,70,4,4
2122,67,62,5,5
2123,46,45,1,1
2124,123,120,3,3
2125,68,59,9,9
2126,110,110,0,0
2127,95,87,8,8
2128,77,82,-5,5
2129,86,96,-10,10
2130,62,58,4,4
2131,91,82,9,9
2132,76,80,-4,4
2133,92,75,17,17
2134,98,93,5,5
2135,108,103,5,5
2136,142,139,3,3
2137,111,85,26,26
2138,96,99,-3,3
2139,86,79,7,7
2140,138,133,5,5
2141,89,88,1,1
2142,149,134,15,15
2143,82,86,-4,4
2144,135,142,-7,7
2145,94,88,6,6
2146,79,78,1,1
2147,84,82,2,2
2148,44,76,-32,32
2149,46,58,-12,12
2150,96,89,7,7
2151,114,113,1,1
2152,57,61,-4,4
2153,79,79,0,0
2154,78,104,-26,26
2155,117,139,-22,22
2156,98,80,18,18
2157,57,54,3,3
2158,99,87,12,12
2159,97,97,0,0
2160,98,84,14,14
2161,70,64,6,6
2162,102,109,-7,7
2163,82,90,-8,8
2164,81,78,3,3
2165,69,72,-3,3
2166,66,59,7,7
2167,97,80,17,17
2168,86,87,-1,1
2169,58,54,4,4
2170,83,87,-4,4
2171,78,78,0,0
2172,64,59,5,5
2173,127,99,28,28
2174,73,60,13,13
2175,70,78,-8,8
2176,93,112,-19,19
2177,116,119,-3,3
2178,103,90,13,13
2179,44,55,-11,11
2180,84,91,-7,7
2181,116,92,24,24
2182,102,113,-11,11
2183,56,56,0,0
2184,117,112,5,5
2185,111,118,-7,7
2186,82,85,-3,3
2187,115,111,4,4
2188,96,108,-12,12
2189,137,100,37,37
2190,111,115,-4,4
2191,63,71,-8,8
2192,65,63,2,2
2193,57,51,6,6
2194,82,64,18,18
2195,64,81,-17,17
2196,100,97,3,3
2197,68,70,-2,2
2198,57,68,-11,11
2199,76,66,10,10
2200,138,131,7,7
2201,61,68,-7,7
2202,80,84,-4,4
2203,98,101,-3,3
2204,137,134,3,3
2205,101,91,10,10
2206,122,121,1,1
2207,75,75,0,0
2208,118,111,7,7
2209,87,94,-7,7
2210,116,103,13,13
2211,97,96,1,1
2212,147,158,-11,11
2213,74,67,7,7
2214,55,56,-1,1
2215,110,95,15,15
2216,93,93,0,0
2217,64,66,-2,2
2218,105,108,-3,3
2219,70,97,-27,27
2220,92,78,14,14
2221,63,60,3,3
2222,93,99,-6,6
2223,60,67,-7,7
2224,82,81,1,1
2225,108,113,-5,5
2226,118,120,-2,2
2227,167,160,7,7
2228,112,107,5,5
2229,85,86,-1,1
2230,77,83,-6,6
2231,105,107,-2,2
2232,144,138,6,6
2233,159,177,-18,18
2234,68,64,4,4
2235,42,52,-10,10
2236,111,128,-17,17
2237,67,78,-11,11
2238,135,130,5,5
2239,45,49,-4,4
2240,79,79,0,0
2241,117,119,-2,2
2242,94,89,5,5
2243,44,71,-27,27
2244,94,97,-3,3
2245,140,128,12,12
2246,98,91,7,7
2247,66,76,-10,10
2248,63,66,-3,3
2249,65,64,1,1
2250,104,109,-5,5
2251,92,99,-7,7
2252,86,87,-1,1
2253,81,79,2,2
2254,77,89,-12,12
2255,78,73,5,5
2256,48,52,-4,4
2257,39,48,-9,9
2258,47,46,1,1
2259,94,102,-8,8
2260,161,159,2,2
2261,72,72,0,0
2262,35,47,-12,12
2263,89,92,-3,3
2264,69,90,-21,21
2265,102,102,0,0
2266,79,90,-11,11
2267,107,89,18,18
2268,111,124,-13,13
2269,95,99,-4,4
2270,102,101,1,1
2271,89,90,-1,1
2272,65,61,4,4
2273,108,107,1,1
2274,57,69,-12,12
2275,103,98,5,5
2276,151,114,37,37
2277,184,176,8,8
2278,78,72,6,6
2279,185,161,24,24
2280,63,64,-1,1
2281,131,141,-10,10
2282,155,143,12,12
2283,87,80,7,7
2284,136,133,3,3
2285,104,111,-7,7
2286,54,55,-1,1
2287,107,102,5,5
2288,64,68,-4,4
2289,68,64,4,4
2290,90,92,-2,2
2291,65,66,-1,1
2292,86,92,-6,6
2293,78,78,0,0
2294,72,64,8,8
2295,50,53,-3,3
2296,107,104,3,3
2297,101,210,-109,109
2298,104,99,5,5
2299,47,50,-3,3
2300,87,82,5,5
2301,102,102,0,0
2302,103,99,4,4
2303,62,54,8,8
2304,57,54,3,3
2305,68,67,1,1
2306,109,107,2,2
2307,80,85,-5,5
2308,76,81,-5,5
2309,97,102,-5,5
2310,83,75,8,8
2311,116,115,1,1
2312,72,78,-6,6
2313,49,63,-14,14
2314,108,100,8,8
2315,106,83,23,23
2316,135,127,8,8
2317,115,115,0,0
2318,111,98,13,13
2319,95,84,11,11
2320,56,62,-6,6
2321,154,137,17,17
2322,106,103,3,3
2323,71,74,-3,3
2324,92,81,11,11
2325,96,83,13,13
2326,75,73,2,2
2327,127,120,7,7
2328,66,62,4,4
2329,78,80,-2,2
2330,148,142,6,6
2331,95,91,4,4
2332,145,123,22,22
2333,80,77,3,3
2334,48,48,0,0
2335,73,81,-8,8
2336,128,135,-7,7
2337,38,54,-16,16
2338,180,177,3,3
2339,63,71,-8,8
2340,60,53,7,7
2341,149,135,14,14
2342,97,104,-7,7
2343,57,58,-1,1
2344,158,142,16,16
2345,85,86,-1,1
2346,83,69,14,14
2347,145,135,10,10
2348,76,69,7,7
2349,107,91,16,16
2350,177,167,10,10
2351,106,95,11,11
2352,73,74,-1,1
2353,43,47,-4,4
2354,141,130,11,11
2355,100,104,-4,4
2356,81,97,-16,16
2357,267,214,53,53
2358,69,68,1,1
2359,114,109,5,5
2360,110,105,5,5
2361,107,106,1,1
2362,95,79,16,16
2363,92,79,13,13
2364,166,155,11,11
2365,83,82,1,1
2366,140,123,17,17
2367,102,98,4,4
2368,82,84,-2,2
2369,88,94,-6,6
2370,129,108,21,21
2371,171,173,-2,2
2372,53,42,11,11
2373,139,120,19,19
2374,131,128,3,3
2375,137,132,5,5
2376,65,64,1,1
2377,83,84,-1,1
2378,191,202,-11,11
2379,65,67,-2,2
2380,197,187,10,10
2381,101,103,-2,2
2382,147,158,-11,11
2383,159,162,-3,3
2384,46,45,1,1
2385,151,144,7,7
2386,104,98,6,6
2387,132,135,-3,3
2388,67,69,-2,2
2389,80,78,2,2
2390,198,187,11,11
2391,116,138,-22,22
2392,72,109,-37,37
2393,152,137,15,15
2394,63,72,-9,9
2395,61,59,2,2
2396,112,110,2,2
2397,96,80,16,16
2398,90,87,3,3
2399,118,124,-6,6
2400,102,103,-1,1
2401,65,64,1,1
2402,93,97,-4,4
2403,64,63,1,1
2404,88,121,-33,33
2405,116,113,3,3
2406,94,100,-6,6
2407,96,107,-11,11
2408,83,90,-7,7
2409,125,119,6,6
2410,71,59,12,12
2411,147,151,-4,4
2412,117,116,1,1
2413,125,113,12,12
2414,65,61,4,4
2415,69,77,-8,8
2416,72,71,1,1
2417,80,84,-4,4
2418,73,70,3,3
2419,62,62,0,0
2420,126,127,-1,1
2421,56,61,-5,5
2422,90,91,-1,1
2423,95,99,-4,4
2424,67,73,-6,6
2425,37,47,-10,10
2426,128,118,10,10
2427,63,53,10,10
2428,32,44,-12,12
2429,63,53,10,10
2430,42,50,-8,8
2431,90,91,-1,1
2432,58,58,0,0
2433,159,141,18,18
2434,114,122,-8,8
2435,76,70,6,6
2436,71,63,8,8
2437,91,81,10,10
2438,144,129,15,15
2439,71,61,10,10
2440,70,70,0,0
2441,109,109,0,0
2442,86,84,2,2
2443,114,116,-2,2
2444,66,54,12,12
2445,92,86,6,6
2446,71,68,3,3
2447,92,80,12,12
2448,137,147,-10,10
2449,73,83,-10,10
2450,73,78,-5,5
2451,101,82,19,19
2452,119,117,2,2
2453,97,94,3,3
2454,110,100,10,10
2455,69,76,-7,7
2456,81,72,9,9
2457,67,67,0,0
2458,139,134,5,5
2459,88,92,-4,4
2460,114,111,3,3
2461,64,61,3,3
2462,86,85,1,1
2463,122,120,2,2
2464,122,117,5,5
2465,94,88,6,6
2466,128,131,-3,3
2467,83,72,11,11
2468,92,91,1,1
2469,175,173,2,2
2470,141,140,1,1
2471,72,75,-3,3
2472,135,149,-14,14
2473,84,86,-2,2
2474,123,110,13,13
2475,113,118,-5,5
2476,135,136,-1,1
2477,83,79,4,4
2478,58,63,-5,5
2479,146,143,3,3
2480,123,121,2,2
2481,50,52,-2,2
2482,67,73,-6,6
2483,80,83,-3,3
2484,136,135,1,1
2485,165,164,1,1
2486,84,76,8,8
2487,107,101,6,6
2488,151,154,-3,3
2489,111,111,0,0
2490,51,59,-8,8
2491,78,76,2,2
2492,145,128,17,17
2493,54,54,0,0
2494,86,79,7,7
2495,93,89,4,4
2496,117,107,10,10
2497,52,58,-6,6
2498,84,93,-9,9
2499,196,205,-9,9
2500,70,61,9,9
2501,166,165,1,1
2502,103,92,11,11
2503,67,89,-22,22
2504,54,56,-2,2
2505,91,86,5,5
2506,124,118,6,6
2507,80,79,1,1
2508,111,106,5,5
2509,108,94,14,14
2510,134,138,-4,4
2511,98,99,-1,1
2512,64,83,-19,19
2513,73,69,4,4
2514,94,92,2,2
2515,61,68,-7,7
2516,90,92,-2,2
2517,102,99,3,3
2518,150,141,9,9
2519,97,102,-5,5
2520,76,71,5,5
2521,58,57,1,1
2522,90,84,6,6
2523,70,72,-2,2
2524,65,60,5,5
2525,78,89,-11,11
2526,53,56,-3,3
2527,83,69,14,14
2528,103,67,36,36
2529,74,68,6,6
2530,173,166,7,7
2531,63,59,4,4
2532,104,92,12,12
2533,96,97,-1,1
2534,110,128,-18,18
2535,83,78,5,5
2536,89,87,2,2
2537,95,99,-4,4
2538,74,79,-5,5
2539,55,56,-1,1
2540,117,117,0,0
2541,32,31,1,1
2542,64,65,-1,1
2543,103,81,22,22
2544,121,119,2,2
2545,129,112,17,17
2546,90,92,-2,2
2547,119,141,-22,22
2548,105,95,10,10
2549,78,66,12,12
2550,159,142,17,17
2551,73,74,-1,1
2552,128,127,1,1
2553,149,147,2,2
2554,129,110,19,19
2555,87,92,-5,5
2556,69,75,-6,6
2557,120,108,12,12
2558,57,53,4,4
2559,107,113,-6,6
2560,56,54,2,2
2561,128,101,27,27
2562,153,135,18,18
2563,114,127,-13,13
2564,96,91,5,5
2565,111,104,7,7
2566,130,129,1,1
2567,88,89,-1,1
2568,75,72,3,3
2569,85,90,-5,5
2570,105,101,4,4
2571,48,49,-1,1
2572,98,93,5,5
2573,62,62,0,0
2574,142,133,9,9
2575,91,65,26,26
2576,85,85,0,0
2577,67,62,5,5
2578,116,115,1,1
2579,82,88,-6,6
2580,136,137,-1,1
2581,145,126,19,19
2582,76,79,-3,3
2583,46,55,-9,9
2584,112,128,-16,16
2585,119,121,-2,2
2586,75,94,-19,19
2587,58,67,-9,9
2588,90,104,-14,14
2589,106,115,-9,9
2590,117,123,-6,6
2591,97,92,5,5
2592,142,148,-6,6
2593,156,152,4,4
2594,136,106,30,30
2595,73,74,-1,1
2596,98,89,9,9
2597,79,79,0,0
2598,130,138,-8,8
2599,114,114,0,0
2600,122,115,7,7
2601,87,74,13,13
2602,136,133,3,3
2603,157,153,4,4
2604,53,54,-1,1
2605,106,111,-5,5
2606,62,65,-3,3
2607,87,88,-1,1
2608,75,63,12,12
2609,71,68,3,3
2610,87,84,3,3
2611,81,80,1,1
2612,110,104,6,6
2613,119,124,-5,5
2614,103,98,5,5
2615,65,62,3,3
2616,137,120,17,17
2617,66,74,-8,8
2618,78,69,9,9
2619,93,89,4,4
2620,117,111,6,6
2621,95,91,4,4
2622,88,87,1,1
2623,102,86,16,16
2624,49,45,4,4
2625,82,76,6,6
2626,70,79,-9,9
2627,78,82,-4,4
2628,75,71,4,4
2629,80,67,13,13
2630,133,117,16,16
2631,82,79,3,3
2632,147,118,29,29
2633,174,171,3,3
2634,65,64,1,1
2635,95,86,9,9
2636,105,95,10,10
2637,72,68,4,4
2638,78,87,-9,9
2639,137,134,3,3
2640,153,143,10,10
2641,131,145,-14,14
2642,53,54,-1,1
2643,88,82,6,6
2644,74,84,-10,10
2645,62,51,11,11
2646,97,100,-3,3
2647,121,113,8,8
2648,106,115,-9,9
2649,76,105,-29,29
2650,103,101,2,2
2651,87,68,19,19
2652,67,64,3,3
2653,68,94,-26,26
2654,123,114,9,9
2655,68,55,13,13
2656,115,118,-3,3
2657,116,107,9,9
2658,95,89,6,6
2659,57,61,-4,4
2660,106,103,3,3
2661,85,81,4,4
2662,106,92,14,14
2663,87,81,6,6
2664,86,85,1,1
2665,84,83,1,1
2666,60,58,2,2
2667,99,102,-3,3
2668,84,55,29,29
2669,60,56,4,4
2670,134,121,13,13
2671,130,127,3,3
2672,78,75,3,3
2673,62,56,6,6
2674,90,81,9,9
2675,105,103,2,2
2676,104,107,-3,3
2677,102,101,1,1
2678,125,133,-8,8
2679,74,58,16,16
2680,100,105,-5,5
2681,103,102,1,1
2682,77,69,8,8
2683,86,83,3,3
2684,97,101,-4,4
2685,81,86,-5,5
2686,88,87,1,1
2687,52,54,-2,2
2688,59,74,-15,15
2689,89,83,6,6
2690,51,60,-9,9
2691,45,47,-2,2
2692,103,110,-7,7
2693,70,73,-3,3
2694,148,148,0,0
2695,91,96,-5,5
2696,45,48,-3,3
2697,146,150,-4,4
2698,119,117,2,2
2699,107,110,-3,3
2700,170,155,15,15
2701,62,51,11,11
2702,130,114,16,16
2703,40,54,-14,14
2704,91,80,11,11
2705,61,56,5,5
2706,72,62,10,10
2707,113,118,-5,5
2708,120,94,26,26
2709,52,56,-4,4
2710,43,57,-14,14
2711,63,58,5,5
2712,106,102,4,4
2713,109,109,0,0
2714,136,133,3,3
2715,100,100,0,0
2716,58,62,-4,4
2717,64,61,3,3
2718,135,141,-6,6
2719,125,128,-3,3
2720,91,106,-15,15
2721,81,83,-2,2
2722,53,48,5,5
2723,120,109,11,11
2724,96,88,8,8
2725,42,49,-7,7
2726,122,123,-1,1
2727,67,60,7,7
2728,97,87,10,10
2729,65,72,-7,7
2730,86,82,4,4
2731,72,65,7,7
2732,62,65,-3,3
2733,72,63,9,9
2734,83,64,19,19
2735,129,126,3,3
2736,109,107,2,2
2737,72,82,-10,10
2738,78,77,1,1
2739,175,185,-10,10
2740,125,126,-1,1
2741,65,60,5,5
2742,122,114,8,8
2743,79,78,1,1
2744,35,48,-13,13
2745,86,88,-2,2
2746,120,111,9,9
2747,96,98,-2,2
2748,152,153,-1,1
2749,114,121,-7,7
2750,94,92,2,2
2751,67,61,6,6
2752,94,99,-5,5
2753,145,128,17,17
2754,52,51,1,1
2755,108,111,-3,3
2756,86,95,-9,9
2757,91,88,3,3
2758,132,125,7,7
2759,160,157,3,3
2760,94,74,20,20
2761,136,119,17,17
2762,46,49,-3,3
2763,76,68,8,8
2764,66,70,-4,4
2765,72,68,4,4
2766,102,106,-4,4
2767,77,80,-3,3
2768,56,60,-4,4
2769,139,144,-5,5
2770,217,202,15,15
2771,105,105,0,0
2772,86,79,7,7
2773,172,163,9,9
2774,131,132,-1,1
2775,141,137,4,4
2776,85,88,-3,3
2777,68,59,9,9
2778,90,91,-1,1
2779,75,72,3,3
2780,82,79,3,3
2781,76,68,8,8
2782,92,94,-2,2
2783,76,78,-2,2
2784,108,106,2,2
2785,99,93,6,6
2786,65,68,-3,3
2787,101,110,-9,9
2788,196,185,11,11
2789,80,84,-4,4
2790,130,129,1,1
2791,57,75,-18,18
2792,105,91,14,14
2793,83,86,-3,3
2794,75,82,-7,7
2795,37,58,-21,21
2796,92,101,-9,9
2797,70,61,9,9
2798,35,42,-7,7
2799,120,104,16,16
2800,87,79,8,8
2801,56,56,0,0
2802,84,82,2,2
2803,185,179,6,6
2804,95,89,6,6
2805,76,73,3,3
2806,60,55,5,5
2807,84,80,4,4
2808,67,61,6,6
2809,79,78,1,1
2810,106,91,15,15
2811,121,118,3,3
2812,81,85,-4,4
2813,93,89,4,4
2814,150,142,8,8
2815,104,109,-5,5
2816,95,91,4,4
2817,120,121,-1,1
2818,140,144,-4,4
2819,106,112,-6,6
2820,92,77,15,15
2821,75,70,5,5
2822,69,75,-6,6
2823,78,64,14,14
2824,57,63,-6,6
2825,71,64,7,7
2826,110,107,3,3
2827,90,88,2,2
2828,58,55,3,3
2829,52,50,2,2
2830,108,112,-4,4
2831,53,56,-3,3
2832,102,95,7,7
2833,89,89,0,0
2834,158,144,14,14
2835,81,70,11,11
2836,93,97,-4,4
2837,127,116,11,11
2838,117,110,7,7
2839,105,93,12,12
2840,133,131,2,2
2841,106,96,10,10
2842,149,145,4,4
2843,117,110,7,7
2844,92,88,4,4
2845,74,78,-4,4
2846,156,155,1,1
2847,90,84,6,6
2848,116,120,-4,4
2849,118,107,11,11
2850,109,115,-6,6
2851,110,107,3,3
2852,84,91,-7,7
2853,120,110,10,10
2854,145,143,2,2
2855,64,71,-7,7
2856,95,115,-20,20
2857,54,52,2,2
2858,109,103,6,6
2859,81,73,8,8
2860,74,78,-4,4
2861,123,130,-7,7
2862,88,84,4,4
2863,153,155,-2,2
2864,119,126,-7,7
2865,100,90,10,10
2866,91,84,7,7
2867,85,72,13,13
2868,72,66,6,6
2869,137,126,11,11
2870,120,139,-19,19
2871,58,59,-1,1
2872,106,103,3,3
2873,100,88,12,12
2874,75,72,3,3
2875,71,65,6,6
2876,90,75,15,15
2877,56,62,-6,6
2878,109,103,6,6
2879,97,99,-2,2
2880,95,95,0,0
2881,84,79,5,5
2882,64,58,6,6
2883,79,72,7,7
2884,66,66,0,0
2885,65,62,3,3
2886,117,115,2,2
2887,143,136,7,7
2888,65,63,2,2
2889,80,74,6,6
2890,111,122,-11,11
2891,116,118,-2,2
2892,80,129,-49,49
2893,89,81,8,8
2894,181,169,12,12
2895,95,88,7,7
2896,81,77,4,4
2897,172,155,17,17
2898,137,111,26,26
2899,83,74,9,9
2900,98,99,-1,1
2901,131,125,6,6
2902,75,77,-2,2
2903,160,159,1,1
2904,115,97,18,18
2905,124,130,-6,6
2906,121,114,7,7
2907,113,110,3,3
2908,116,113,3,3
2909,62,71,-9,9
2910,94,89,5,5
2911,92,89,3,3
2912,144,139,5,5
2913,37,96,-59,59
2914,65,67,-2,2
2915,159,176,-17,17
2916,76,65,11,11
2917,116,112,4,4
2918,79,75,4,4
2919,89,94,-5,5
2920,79,74,5,5
2921,100,105,-5,5
2922,92,82,10,10
2923,90,86,4,4
2924,53,53,0,0
2925,97,104,-7,7
2926,148,145,3,3
2927,104,111,-7,7
2928,57,59,-2,2
2929,71,64,7,7
2930,116,134,-18,18
2931,191,184,7,7
2932,122,121,1,1
2933,60,72,-12,12
2934,125,143,-18,18
2935,69,78,-9,9
2936,98,101,-3,3
2937,131,119,12,12
2938,105,101,4,4
2939,103,98,5,5
2940,60,70,-10,10
2941,67,64,3,3
2942,118,116,2,2
2943,58,81,-23,23
2944,76,71,5,5
2945,109,112,-3,3
2946,72,62,10,10
2947,87,81,6,6
2948,57,62,-5,5
2949,85,86,-1,1
2950,78,81,-3,3
2951,88,77,11,11
2952,75,76,-1,1
2953,124,106,18,18
2954,84,87,-3,3
2955,112,103,9,9
2956,98,96,2,2
2957,152,144,8,8
2958,54,50,4,4
2959,121,119,2,2
2960,164,167,-3,3
2961,58,57,1,1
2962,164,164,0,0
2963,47,55,-8,8
2964,163,174,-11,11
2965,104,97,7,7
2966,66,70,-4,4
2967,111,111,0,0
2968,60,63,-3,3
2969,45,49,-4,4
2970,98,91,7,7
2971,129,117,12,12
2972,94,90,4,4
2973,100,99,1,1
2974,88,96,-8,8
2975,79,76,3,3
2976,73,76,-3,3
2977,125,108,17,17
2978,91,98,-7,7
2979,102,108,-6,6
2980,137,136,1,1
2981,186,185,1,1
2982,67,71,-4,4
2983,59,63,-4,4
2984,36,45,-9,9
2985,128,118,10,10
2986,80,69,11,11
2987,102,117,-15,15
2988,137,119,18,18
2989,58,56,2,2
2990,94,95,-1,1
2991,90,84,6,6
2992,110,101,9,9
2993,101,107,-6,6
2994,78,78,0,0
2995,121,105,16,16
2996,87,80,7,7
2997,81,78,3,3
2998,70,75,-5,5
2999,142,136,6,6
3000,93,98,-5,5
3001,98,83,15,15
3002,125,122,3,3
3003,65,52,13,13
3004,126,130,-4,4
3005,77,69,8,8
3006,79,82,-3,3
3007,85,87,-2,2
3008,65,57,8,8
3009,74,74,0,0
3010,124,120,4,4
3011,112,102,10,10
3012,99,108,-9,9
3013,73,68,5,5
3014,97,105,-8,8
3015,73,77,-4,4
3016,58,57,1,1
3017,172,172,0,0
3018,91,82,9,9
3019,67,66,1,1
3020,100,97,3,3
3021,110,111,-1,1
3022,58,61,-3,3
3023,96,95,1,1
3024,69,78,-9,9
3025,91,89,2,2
3026,64,68,-4,4
3027,71,76,-5,5
3028,49,70,-21,21
3029,88,95,-7,7
3030,147,129,18,18
3031,71,68,3,3
3032,117,117,0,0
3033,89,94,-5,5
3034,95,90,5,5
3035,78,85,-7,7
3036,82,92,-10,10
3037,72,79,-7,7
3038,137,119,18,18
3039,122,143,-21,21
3040,115,109,6,6
3041,120,110,10,10
3042,119,118,1,1
3043,84,81,3,3
3044,88,81,7,7
3045,60,58,2,2
3046,115,111,4,4
3047,81,82,-1,1
3048,136,145,-9,9
3049,85,88,-3,3
3050,100,108,-8,8
3051,118,118,0,0
3052,109,105,4,4
3053,61,71,-10,10
3054,105,111,-6,6
3055,206,192,14,14
3056,112,111,1,1
3057,83,83,0,0
3058,181,192,-11,11
3059,151,138,13,13
3060,104,105,-1,1
3061,83,99,-16,16
3062,109,100,9,9
3063,62,63,-1,1
3064,76,75,1,1
3065,86,94,-8,8
3066,127,117,10,10
3067,83,76,7,7
3068,122,107,15,15
3069,103,111,-8,8
3070,107,108,-1,1
3071,94,91,3,3
3072,103,84,19,19
3073,72,66,6,6
3074,66,69,-3,3
3075,70,87,-17,17
3076,54,52,2,2
3077,57,64,-7,7
3078,165,164,1,1
3079,125,114,11,11
3080,125,128,-3,3
3081,92,91,1,1
3082,53,42,11,11
3083,106,126,-20,20
3084,95,84,11,11
3085,94,84,10,10
3086,72,71,1,1
3087,78,73,5,5
3088,113,110,3,3
3089,106,92,14,14
3090,101,94,7,7
3091,102,114,-12,12
3092,95,88,7,7
3093,69,67,2,2
3094,74,67,7,7
3095,104,86,18,18
3096,78,76,2,2
3097,86,92,-6,6
3098,41,33,8,8
3099,86,83,3,3
3100,80,74,6,6
3101,182,172,10,10
3102,83,81,2,2
3103,65,57,8,8
3104,81,71,10,10
3105,159,159,0,0
3106,103,99,4,4
3107,102,93,9,9
3108,60,51,9,9
3109,142,122,20,20
3110,62,58,4,4
3111,129,128,1,1
3112,79,89,-10,10
3113,87,85,2,2
3114,127,119,8,8
3115,56,59,-3,3
3116,94,104,-10,10
3117,90,91,-1,1
3118,62,65,-3,3
3119,60,63,-3,3
3120,110,139,-29,29
3121,98,101,-3,3
3122,58,62,-4,4
3123,88,83,5,5
3124,35,34,1,1
3125,138,137,1,1
3126,73,72,1,1
3127,99,86,13,13
3128,87,83,4,4
3129,69,68,1,1
3130,102,89,13,13
3131,89,98,-9,9
3132,106,96,10,10
3133,116,106,10,10
3134,69,69,0,0
3135,75,64,11,11
3136,91,82,9,9
3137,67,64,3,3
3138,133,140,-7,7
3139,76,83,-7,7
3140,103,95,8,8
3141,71,65,6,6
3142,135,131,4,4
3143,99,101,-2,2
3144,104,95,9,9
3145,146,136,10,10
3146,57,51,6,6
3147,108,116,-8,8
3148,82,70,12,12
3149,106,93,13,13
3150,110,110,0,0
3151,98,96,2,2
3152,62,55,7,7
3153,102,103,-1,1
3154,130,135,-5,5
3155,108,97,11,11
3156,61,63,-2,2
3157,73,82,-9,9
3158,54,49,5,5
3159,63,59,4,4
3160,140,118,22,22
3161,47,117,-70,70
3162,68,72,-4,4
3163,134,130,4,4
3164,106,100,6,6
3165,72,69,3,3
3166,107,111,-4,4
3167,107,106,1,1
3168,53,45,8,8
3169,112,106,6,6
3170,124,124,0,0
3171,103,93,10,10
3172,76,77,-1,1
3173,103,103,0,0
3174,92,74,18,18
3175,40,45,-5,5
3176,79,75,4,4
3177,83,82,1,1
3178,77,71,6,6
3179,75,70,5,5
3180,63,54,9,9
3181,134,127,7,7
3182,66,70,-4,4
3183,173,174,-1,1
3184,100,95,5,5
3185,119,96,23,23
3186,143,144,-1,1
3187,61,68,-7,7
3188,59,59,0,0
3189,91,102,-11,11
3190,61,65,-4,4
3191,127,132,-5,5
3192,164,158,6,6
3193,81,77,4,4
3194,136,131,5,5
3195,73,77,-4,4
3196,72,75,-3,3
3197,82,79,3,3
3198,79,80,-1,1
3199,70,65,5,5
3200,95,100,-5,5
3201,63,65,-2,2
3202,67,59,8,8
3203,127,123,4,4
3204,107,103,4,4
3205,58,62,-4,4
3206,91,95,-4,4
3207,60,61,-1,1
3208,94,100,-6,6
3209,90,77,13,13
3210,49,49,0,0
3211,94,119,-25,25
3212,68,68,0,0
3213,86,73,13,13
3214,107,95,12,12
3215,54,51,3,3
3216,88,78,10,10
3217,69,75,-6,6
3218,85,75,10,10
3219,99,94,5,5
3220,116,129,-13,13
3221,113,104,9,9
3222,42,51,-9,9
3223,36,34,2,2
3224,52,55,-3,3
3225,88,78,10,10
3226,62,70,-8,8
3227,87,72,15,15
3228,97,106,-9,9
3229,94,97,-3,3
3230,113,111,2,2
3231,168,165,3,3
3232,107,94,13,13
3233,130,126,4,4
3234,169,170,-1,1
3235,84,82,2,2
3236,151,109,42,42
3237,75,62,13,13
3238,73,64,9,9
3239,64,69,-5,5
3240,144,150,-6,6
3241,86,81,5,5
3242,91,86,5,5
3243,76,65,11,11
3244,112,116,-4,4
3245,46,57,-11,11
3246,51,58,-7,7
3247,116,101,15,15
3248,106,119,-13,13
3249,63,66,-3,3
3250,115,117,-2,2
3251,151,161,-10,10
3252,70,65,5,5
3253,153,149,4,4
3254,66,56,10,10
3255,95,98,-3,3
3256,71,67,4,4
3257,75,65,10,10
3258,83,80,3,3
3259,75,72,3,3
3260,111,95,16,16
3261,95,92,3,3
3262,133,121,12,12
3263,56,50,6,6
3264,42,49,-7,7
3265,61,66,-5,5
3266,72,70,2,2
3267,60,63,-3,3
3268,95,84,11,11
3269,115,124,-9,9
3270,101,114,-13,13
3271,65,66,-1,1
3272,100,106,-6,6
3273,69,64,5,5
3274,81,87,-6,6
3275,82,84,-2,2
3276,107,103,4,4
3277,112,118,-6,6
3278,99,99,0,0
3279,75,73,2,2
3280,161,153,8,8
3281,76,76,0,0
3282,142,146,-4,4
3283,111,95,16,16
3284,78,77,1,1
3285,137,129,8,8
3286,40,38,2,2
3287,65,62,3,3
3288,88,90,-2,2
3289,103,85,18,18
3290,143,161,-18,18
3291,37,43,-6,6
3292,65,62,3,3
3293,90,83,7,7
3294,97,83,14,14
3295,107,101,6,6
3296,104,105,-1,1
3297,151,138,13,13
3298,98,100,-2,2
3299,91,99,-8,8
3300,90,89,1,1
3301,79,75,4,4
3302,62,56,6,6
3303,83,77,6,6
3304,102,104,-2,2
3305,92,96,-4,4
3306,48,52,-4,4
3307,103,90,13,13
3308,65,64,1,1
3309,84,75,9,9
3310,57,57,0,0
3311,108,108,0,0
3312,80,79,1,1
3313,66,78,-12,12
3314,106,106,0,0
3315,52,55,-3,3
3316,107,117,-10,10
3317,107,99,8,8
3318,57,57,0,0
3319,137,136,1,1
3320,69,66,3,3
3321,90,78,12,12
3322,65,66,-1,1
3323,49,51,-2,2
3324,153,142,11,11
3325,119,114,5,5
3326,75,72,3,3
3327,160,156,4,4
3328,140,136,4,4
3329,146,148,-2,2
3330,104,85,19,19
3331,94,95,-1,1
3332,60,46,14,14
3333,118,96,22,22
3334,71,68,3,3
3335,66,68,-2,2
3336,183,166,17,17
3337,103,89,14,14
3338,119,116,3,3
3339,107,118,-11,11
3340,92,84,8,8
3341,89,93,-4,4
3342,116,105,11,11
3343,84,77,7,7
3344,118,125,-7,7
3345,52,47,5,5
3346,75,77,-2,2
3347,163,153,10,10
3348,96,85,11,11
3349,104,106,-2,2
3350,135,147,-12,12
3351,78,76,2,2
3352,127,118,9,9
3353,96,88,8,8
3354,123,102,21,21
3355,119,115,4,4
3356,83,85,-2,2
3357,107,110,-3,3
3358,96,81,15,15
3359,105,104,1,1
3360,142,117,25,25
3361,67,74,-7,7
3362,67,70,-3,3
3363,126,124,2,2
3364,59,59,0,0
3365,59,60,-1,1
3366,74,74,0,0
3367,87,87,0,0
3368,69,63,6,6
3369,66,62,4,4
3370,117,105,12,12
3371,186,185,1,1
3372,63,67,-4,4
3373,125,124,1,1
3374,87,78,9,9
3375,97,96,1,1
3376,96,81,15,15
3377,49,48,1,1
3378,105,101,4,4
3379,48,45,3,3
3380,111,108,3,3
3381,98,101,-3,3
3382,123,114,9,9
3383,74,64,10,10
3384,55,52,3,3
3385,124,117,7,7
3386,151,141,10,10
3387,54,46,8,8
3388,44,45,-1,1
3389,78,80,-2,2
3390,141,150,-9,9
3391,85,82,3,3
3392,40,52,-12,12
3393,77,75,2,2
3394,104,100,4,4
3395,71,68,3,3
3396,94,96,-2,2
3397,98,108,-10,10
3398,56,57,-1,1
3399,64,60,4,4
3400,107,106,1,1
3401,58,65,-7,7
3402,40,45,-5,5
3403,107,92,15,15
3404,110,109,1,1
3405,124,113,11,11
3406,100,86,14,14
3407,88,90,-2,2
3408,131,97,34,34
3409,93,82,11,11
3410,134,127,7,7
3411,81,87,-6,6
3412,81,82,-1,1
3413,84,85,-1,1
3414,86,84,2,2
3415,152,152,0,0
3416,64,58,6,6
3417,73,72,1,1
3418,118,113,5,5
3419,73,69,4,4
3420,88,74,14,14
3421,112,116,-4,4
3422,141,138,3,3
3423,150,153,-3,3
3424,105,103,2,2
3425,163,152,11,11
3426,29,46,-17,17
3427,94,93,1,1
3428,67,64,3,3
3429,98,109,-11,11
3430,89,86,3,3
3431,106,101,5,5
3432,100,97,3,3
3433,107,89,18,18
3434,64,64,0,0
3435,45,47,-2,2
3436,77,79,-2,2
3437,144,135,9,9
3438,103,102,1,1
3439,67,129,-62,62
3440,38,40,-2,2
3441,116,118,-2,2
3442,102,95,7,7
3443,119,105,14,14
3444,88,89,-1,1
3445,111,106,5,5
3446,48,43,5,5
3447,131,115,16,16
3448,86,81,5,5
3449,76,73,3,3
3450,80,103,-23,23
3451,99,93,6,6
3452,132,126,6,6
3453,91,101,-10,10
3454,105,102,3,3
3455,159,161,-2,2
3456,117,117,0,0
3457,142,146,-4,4
3458,69,57,12,12
3459,79,57,22,22
3460,134,138,-4,4
3461,101,81,20,20
3462,94,89,5,5
3463,97,118,-21,21
3464,112,90,22,22
3465,70,64,6,6
3466,139,118,21,21
3467,120,114,6,6
3468,93,101,-8,8
3469,70,70,0,0
3470,77,70,7,7
3471,91,85,6,6
3472,57,54,3,3
3473,75,83,-8,8
3474,64,67,-3,3
3475,88,88,0,0
3476,90,91,-1,1
3477,82,85,-3,3
3478,54,53,1,1
3479,101,100,1,1
3480,102,103,-1,1
3481,92,92,0,0
3482,77,66,11,11
3483,76,82,-6,6
3484,109,91,18,18
3485,48,51,-3,3
3486,86,84,2,2
3487,91,89,2,2
3488,60,50,10,10
3489,117,121,-4,4
3490,121,120,1,1
3491,129,132,-3,3
3492,90,94,-4,4
3493,106,80,26,26
3494,80,66,14,14
3495,129,97,32,32
3496,65,63,2,2
3497,48,50,-2,2
3498,104,103,1,1
3499,72,71,1,1
3500,69,66,3,3
3501,115,107,8,8
3502,147,170,-23,23
3503,83,82,1,1
3504,96,99,-3,3
3505,83,80,3,3
3506,106,101,5,5
3507,83,87,-4,4
3508,94,79,15,15
3509,101,89,12,12
3510,112,108,4,4
3511,56,66,-10,10
3512,106,107,-1,1
3513,93,82,11,11
3514,83,87,-4,4
3515,60,59,1,1
3516,116,114,2,2
3517,127,113,14,14
3518,65,71,-6,6
3519,134,138,-4,4
3520,45,60,-15,15
3521,74,80,-6,6
3522,107,109,-2,2
3523,97,96,1,1
3524,145,142,3,3
3525,101,102,-1,1
3526,104,81,23,23
3527,90,95,-5,5
3528,98,98,0,0
3529,107,111,-4,4
3530,66,73,-7,7
3531,76,84,-8,8
3532,39,36,3,3
3533,89,83,6,6
3534,47,54,-7,7
3535,68,77,-9,9
3536,47,50,-3,3
3537,194,169,25,25
3538,107,122,-15,15
3539,155,150,5,5
3540,163,155,8,8
3541,93,98,-5,5
3542,124,141,-17,17
3543,28,41,-13,13
3544,101,106,-5,5
3545,70,69,1,1
3546,61,64,-3,3
3547,92,80,12,12
3548,78,85,-7,7
3549,51,60,-9,9
3550,99,91,8,8
3551,95,90,5,5
3552,137,107,30,30
3553,90,80,10,10
3554,84,81,3,3
3555,72,76,-4,4
3556,83,85,-2,2
3557,94,91,3,3
3558,86,86,0,0
3559,86,76,10,10
3560,87,90,-3,3
3561,104,114,-10,10
3562,58,56,2,2
3563,50,62,-12,12
3564,44,50,-6,6
3565,83,78,5,5
3566,97,100,-3,3
3567,146,127,19,19
3568,147,125,22,22
3569,107,106,1,1
3570,117,107,10,10
3571,152,156,-4,4
3572,130,109,21,21
3573,157,157,0,0
3574,268,244,24,24
3575,90,77,13,13
3576,101,103,-2,2
3577,73,70,3,3
3578,120,119,1,1
3579,86,80,6,6
3580,144,132,12,12
3581,97,90,7,7
3582,93,89,4,4
3583,49,43,6,6
3584,97,97,0,0
3585,99,87,12,12
3586,63,58,5,5
3587,135,123,12,12
3588,66,69,-3,3
3589,71,66,5,5
3590,74,71,3,3
3591,160,144,16,16
3592,52,60,-8,8
3593,84,70,14,14
3594,127,131,-4,4
3595,82,84,-2,2
3596,80,84,-4,4
3597,108,105,3,3
3598,104,111,-7,7
3599,106,88,18,18
3600,154,140,14,14
3601,54,55,-1,1
3602,91,99,-8,8
3603,115,133,-18,18
3604,98,100,-2,2
3605,117,116,1,1
3606,46,42,4,4
3607,93,89,4,4
3608,50,55,-5,5
3609,110,147,-37,37
3610,101,96,5,5
3611,121,101,20,20
3612,129,133,-4,4
3613,123,110,13,13
3614,55,64,-9,9
3615,97,80,17,17
3616,102,104,-2,2
3617,127,136,-9,9
3618,66,54,12,12
3619,75,72,3,3
3620,125,138,-13,13
3621,75,66,9,9
3622,137,145,-8,8
3623,76,71,5,5
3624,80,61,19,19
3625,93,78,15,15
3626,213,220,-7,7
3627,73,70,3,3
3628,99,91,8,8
3629,152,148,4,4
3630,110,114,-4,4
3631,53,62,-9,9
3632,83,80,3,3
3633,94,96,-2,2
3634,60,58,2,2
3635,150,140,10,10
3636,146,132,14,14
3637,156,169,-13,13
3638,99,98,1,1
3639,66,62,4,4
3640,85,76,9,9
3641,68,83,-15,15
3642,174,168,6,6
3643,112,96,16,16
3644,102,101,1,1
3645,96,91,5,5
3646,123,120,3,3
3647,62,65,-3,3
3648,42,45,-3,3
3649,84,82,2,2
3650,99,110,-11,11
3651,96,99,-3,3
3652,94,88,6,6
3653,88,85,3,3
3654,113,103,10,10
3655,136,139,-3,3
3656,51,54,-3,3
3657,82,91,-9,9
3658,103,89,14,14
3659,109,98,11,11
3660,39,46,-7,7
3661,66,59,7,7
3662,68,62,6,6
3663,97,91,6,6
3664,85,80,5,5
3665,123,113,10,10
3666,134,131,3,3
3667,171,162,9,9
3668,88,90,-2,2
3669,83,68,15,15
3670,52,56,-4,4
3671,90,89,1,1
3672,75,69,6,6
3673,80,82,-2,2
3674,85,77,8,8
3675,113,130,-17,17
3676,85,64,21,21
3677,124,116,8,8
3678,126,115,11,11
3679,136,130,6,6
3680,111,118,-7,7
3681,122,114,8,8
3682,84,82,2,2
3683,53,49,4,4
3684,83,80,3,3
3685,132,126,6,6
3686,133,132,1,1
3687,96,86,10,10
3688,53,49,4,4
3689,87,96,-9,9
3690,63,59,4,4
3691,92,77,15,15
3692,73,78,-5,5
3693,142,132,10,10
3694,93,74,19,19
3695,69,63,6,6
3696,59,57,2,2
3697,120,123,-3,3
3698,52,54,-2,2
3699,50,53,-3,3
3700,80,91,-11,11
3701,68,65,3,3
3702,73,69,4,4
3703,245,200,45,45
3704,147,148,-1,1
3705,75,73,2,2
3706,59,61,-2,2
3707,84,80,4,4
3708,92,84,8,8
3709,146,136,10,10
3710,183,178,5,5
3711,64,63,1,1
3712,101,91,10,10
3713,102,104,-2,2
3714,117,113,4,4
3715,178,182,-4,4
3716,143,112,31,31
3717,68,75,-7,7
3718,90,75,15,15
3719,48,43,5,5
3720,74,74,0,0
3721,63,59,4,4
3722,74,75,-1,1
3723,83,82,1,1
3724,89,93,-4,4
3725,112,105,7,7
3726,89,92,-3,3
3727,71,64,7,7
3728,72,79,-7,7
3729,66,62,4,4
3730,173,181,-8,8
3731,139,140,-1,1
3732,94,102,-8,8
3733,48,50,-2,2
3734,102,105,-3,3
3735,69,67,2,2
3736,67,60,7,7
3737,91,93,-2,2
3738,109,113,-4,4
3739,39,50,-11,11
3740,146,145,1,1
3741,103,112,-9,9
3742,149,150,-1,1
3743,78,64,14,14
3744,78,79,-1,1
3745,76,68,8,8
3746,81,83,-2,2
3747,155,164,-9,9
3748,76,72,4,4
3749,113,105,8,8
3750,87,89,-2,2
3751,81,66,15,15
3752,82,84,-2,2
3753,107,113,-6,6
3754,148,149,-1,1
3755,57,60,-3,3
3756,73,69,4,4
3757,112,108,4,4
3758,48,49,-1,1
3759,77,86,-9,9
3760,142,133,9,9
3761,142,135,7,7
3762,122,121,1,1
3763,67,67,0,0
3764,132,102,30,30
3765,134,151,-17,17
3766,96,80,16,16
3767,70,70,0,0
3768,84,84,0,0
3769,108,98,10,10
3770,159,155,4,4
3771,114,126,-12,12
3772,71,72,-1,1
3773,88,89,-1,1
3774,95,91,4,4
3775,36,39,-3,3
3776,99,100,-1,1
3777,54,67,-13,13
3778,148,135,13,13
3779,75,71,4,4
3780,64,74,-10,10
3781,170,165,5,5
3782,176,166,10,10
3783,143,126,17,17
3784,108,88,20,20
3785,94,159,-65,65
3786,102,115,-13,13
3787,92,99,-7,7
3788,132,139,-7,7
3789,84,84,0,0
3790,152,148,4,4
3791,94,79,15,15
3792,103,112,-9,9
3793,122,124,-2,2
3794,79,87,-8,8
3795,81,62,19,19
3796,81,82,-1,1
3797,65,57,8,8
3798,90,74,16,16
3799,85,89,-4,4
3800,74,65,9,9
3801,110,99,11,11
3802,62,60,2,2
3803,132,128,4,4
3804,94,96,-2,2
3805,77,65,12,12
3806,69,77,-8,8
3807,90,85,5,5
3808,58,64,-6,6
3809,101,101,0,0
3810,72,85,-13,13
3811,49,65,-16,16
3812,120,126,-6,6
3813,60,62,-2,2
3814,140,155,-15,15
3815,53,52,1,1
3816,66,66,0,0
3817,60,61,-1,1
3818,103,109,-6,6
3819,92,91,1,1
3820,158,134,24,24
3821,71,112,-41,41
3822,73,74,-1,1
3823,66,71,-5,5
3824,149,144,5,5
3825,146,148,-2,2
3826,68,63,5,5
3827,108,109,-1,1
3828,54,55,-1,1
3829,70,64,6,6
3830,98,89,9,9
3831,112,109,3,3
3832,64,58,6,6
3833,96,94,2,2
3834,124,128,-4,4
3835,73,90,-17,17
3836,75,78,-3,3
3837,97,86,11,11
3838,100,96,4,4
3839,153,177,-24,24
3840,145,155,-10,10
3841,98,86,12,12
3842,114,91,23,23
3843,111,89,22,22
3844,68,69,-1,1
3845,60,63,-3,3
3846,87,98,-11,11
3847,74,67,7,7
3848,54,65,-11,11
3849,77,73,4,4
3850,63,58,5,5
3851,120,115,5,5
3852,107,95,12,12
3853,75,82,-7,7
3854,96,95,1,1
3855,50,52,-2,2
3856,152,128,24,24
3857,133,131,2,2
3858,140,143,-3,3
3859,63,67,-4,4
3860,82,91,-9,9
3861,101,108,-7,7
3862,78,74,4,4
3863,101,84,17,17
3864,74,75,-1,1
3865,104,97,7,7
3866,97,99,-2,2
3867,55,68,-13,13
3868,166,166,0,0
3869,110,106,4,4
3870,76,94,-18,18
3871,81,79,2,2
3872,128,124,4,4
3873,108,100,8,8
3874,68,60,8,8
3875,86,84,2,2
3876,79,77,2,2
3877,65,60,5,5
3878,148,147,1,1
3879,165,148,17,17
3880,96,101,-5,5
3881,61,57,4,4
3882,86,76,10,10
3883,65,61,4,4
3884,124,128,-4,4
3885,94,89,5,5
3886,55,63,-8,8
3887,71,61,10,10
3888,132,117,15,15
3889,55,51,4,4
3890,97,115,-18,18
3891,96,100,-4,4
3892,101,92,9,9
3893,100,83,17,17
3894,78,69,9,9
3895,132,134,-2,2
3896,73,70,3,3
3897,93,86,7,7
3898,51,51,0,0
3899,136,129,7,7
3900,80,70,10,10
3901,159,171,-12,12
3902,151,148,3,3
3903,64,56,8,8
3904,75,72,3,3
3905,151,130,21,21
3906,72,72,0,0
3907,113,95,18,18
3908,88,93,-5,5
3909,93,84,9,9
3910,62,69,-7,7
3911,59,62,-3,3
3912,104,98,6,6
3913,133,126,7,7
3914,66,77,-11,11
3915,90,99,-9,9
3916,98,89,9,9
3917,181,146,35,35
3918,68,57,11,11
3919,81,81,0,0
3920,148,142,6,6
3921,92,84,8,8
3922,109,103,6,6
3923,176,172,4,4
3924,236,202,34,34
3925,112,103,9,9
3926,74,68,6,6
3927,82,63,19,19
3928,78,76,2,2
3929,83,79,4,4
3930,89,89,0,0
3931,95,84,11,11
3932,177,171,6,6
3933,53,60,-7,7
3934,94,105,-11,11
3935,104,103,1,1
3936,63,68,-5,5
3937,94,100,-6,6
3938,95,89,6,6
3939,122,120,2,2
3940,135,119,16,16
3941,170,151,19,19
3942,104,117,-13,13
3943,153,144,9,9
3944,70,111,-41,41
3945,124,108,16,16
3946,81,78,3,3
3947,143,134,9,9
3948,86,98,-12,12
3949,87,84,3,3
3950,92,96,-4,4
3951,111,102,9,9
3952,73,76,-3,3
3953,83,72,11,11
3954,117,117,0,0
3955,92,89,3,3
3956,70,70,0,0
3957,107,99,8,8
3958,62,63,-1,1
3959,96,87,9,9
3960,93,88,5,5
3961,50,62,-12,12
3962,61,59,2,2
3963,118,121,-3,3
3964,117,110,7,7
3965,116,106,10,10
3966,183,174,9,9
3967,56,61,-5,5
3968,67,65,2,2
3969,81,69,12,12
3970,117,111,6,6
3971,98,94,4,4
3972,63,63,0,0
3973,62,56,6,6
3974,84,92,-8,8
3975,156,151,5,5
3976,105,84,21,21
3977,89,83,6,6
3978,132,136,-4,4
3979,106,107,-1,1
3980,111,106,5,5
3981,150,154,-4,4
3982,95,105,-10,10
3983,20,35,-15,15
3984,99,101,-2,2
3985,103,104,-1,1
3986,73,87,-14,14
3987,83,90,-7,7
3988,69,69,0,0
3989,130,129,1,1
3990,106,96,10,10
3991,104,92,12,12
3992,125,129,-4,4
3993,121,98,23,23
3994,190,174,16,16
3995,116,119,-3,3
3996,87,105,-18,18
3997,71,69,2,2
3998,71,75,-4,4
3999,146,159,-13,13
4000,97,90,7,7
4001,98,94,4,4
4002,127,136,-9,9
4003,74,72,2,2
4004,47,47,0,0
4005,92,85,7,7
4006,82,80,2,2
4007,118,109,9,9
4008,137,120,17,17
4009,101,96,5,5
4010,51,52,-1,1
4011,88,90,-2,2
4012,177,164,13,13
4013,82,74,8,8
4014,90,96,-6,6
4015,99,91,8,8
4016,83,84,-1,1
4017,104,92,12,12
4018,83,76,7,7
4019,57,59,-2,2
4020,155,153,2,2
4021,107,90,17,17
4022,72,67,5,5
4023,72,64,8,8
4024,102,105,-3,3
4025,90,83,7,7
4026,111,99,12,12
4027,123,119,4,4
4028,46,38,8,8
4029,81,77,4,4
4030,95,78,17,17
4031,125,112,13,13
4032,105,94,11,11
4033,74,71,3,3
4034,166,153,13,13
4035,96,98,-2,2
4036,70,69,1,1
4037,56,53,3,3
4038,66,61,5,5
4039,85,90,-5,5
4040,46,45,1,1
4041,47,67,-20,20
4042,68,71,-3,3
4043,130,120,10,10
4044,141,142,-1,1
4045,95,94,1,1
4046,111,97,14,14
4047,50,52,-2,2
4048,111,113,-2,2
4049,100,98,2,2
4050,72,66,6,6
4051,80,79,1,1
4052,120,113,7,7
4053,180,171,9,9
4054,39,48,-9,9
4055,103,112,-9,9
4056,95,90,5,5
4057,146,155,-9,9
4058,110,104,6,6
4059,48,43,5,5
4060,83,93,-10,10
4061,66,81,-15,15
4062,86,81,5,5
4063,79,73,6,6
4064,113,117,-4,4
4065,114,108,6,6
4066,86,73,13,13
4067,165,165,0,0
4068,69,75,-6,6
4069,124,127,-3,3
4070,103,108,-5,5
4071,76,54,22,22
4072,118,123,-5,5
4073,157,155,2,2
4074,107,103,4,4
4075,170,149,21,21
4076,58,56,2,2
4077,59,63,-4,4
4078,124,112,12,12
4079,142,128,14,14
4080,105,111,-6,6
4081,116,112,4,4
4082,140,139,1,1
4083,92,87,5,5
4084,130,136,-6,6
4085,113,114,-1,1
4086,129,137,-8,8
4087,73,87,-14,14
4088,100,101,-1,1
4089,87,100,-13,13
4090,75,62,13,13
4091,87,91,-4,4
4092,113,99,14,14
4093,64,69,-5,5
4094,83,74,9,9
4095,75,71,4,4
4096,124,130,-6,6
4097,87,75,12,12
4098,63,61,2,2
4099,78,70,8,8
4100,86,84,2,2
4101,104,113,-9,9
4102,95,93,2,2
4103,119,129,-10,10
4104,99,105,-6,6
4105,54,53,1,1
4106,73,65,8,8
4107,71,76,-5,5
4108,83,81,2,2
4109,182,150,32,32
4110,74,81,-7,7
4111,133,125,8,8
4112,80,73,7,7
4113,98,107,-9,9
4114,98,99,-1,1
4115,96,92,4,4
4116,84,70,14,14
4117,199,202,-3,3
4118,153,132,21,21
4119,121,138,-17,17
4120,104,106,-2,2
4121,79,78,1,1
4122,109,95,14,14
4123,74,74,0,0
4124,48,62,-14,14
4125,127,121,6,6
4126,77,77,0,0
4127,57,67,-10,10
4128,88,82,6,6
4129,76,57,19,19
4130,120,117,3,3
4131,86,95,-9,9
4132,62,64,-2,2
4133,60,61,-1,1
4134,83,74,9,9
4135,90,89,1,1
4136,69,63,6,6
4137,65,58,7,7
4138,97,97,0,0
4139,107,100,7,7
4140,131,137,-6,6
4141,118,107,11,11
4142,107,125,-18,18
4143,72,74,-2,2
4144,153,153,0,0
4145,83,78,5,5
4146,55,54,1,1
4147,106,104,2,2
4148,97,96,1,1
4149,176,167,9,9
4150,139,125,14,14
4151,84,89,-5,5
4152,112,103,9,9
4153,58,66,-8,8
4154,119,115,4,4
4155,75,66,9,9
4156,155,153,2,2
4157,71,58,13,13
4158,150,144,6,6
4159,94,95,-1,1
4160,54,59,-5,5
4161,70,66,4,4
4162,125,112,13,13
4163,36,44,-8,8
4164,78,84,-6,6
4165,96,87,9,9
4166,100,93,7,7
4167,106,99,7,7
4168,129,117,12,12
4169,39,52,-13,13
4170,44,48,-4,4
4171,97,100,-3,3
4172,80,84,-4,4
4173,52,53,-1,1
4174,102,93,9,9
4175,101,82,19,19
4176,90,90,0,0
4177,151,143,8,8
4178,82,77,5,5
4179,117,113,4,4
4180,63,78,-15,15
4181,135,130,5,5
4182,71,61,10,10
4183,96,107,-11,11
4184,123,114,9,9
4185,75,67,8,8
4186,60,61,-1,1
4187,103,105,-2,2
4188,59,59,0,0
4189,116,126,-10,10
4190,92,88,4,4
4191,76,73,3,3
4192,53,51,2,2
4193,107,114,-7,7
4194,70,66,4,4
4195,101,92,9,9
4196,88,81,7,7
4197,84,87,-3,3
4198,26,57,-31,31
4199,107,110,-3,3
4200,121,117,4,4
4201,66,65,1,1
4202,75,80,-5,5
4203,140,156,-16,16
4204,87,94,-7,7
4205,57,54,3,3
4206,100,92,8,8
4207,183,170,13,13
4208,131,122,9,9
4209,98,137,-39,39
4210,70,71,-1,1
4211,80,75,5,5
4212,112,112,0,0
4213,164,168,-4,4
4214,112,96,16,16
4215,49,50,-1,1
4216,69,70,-1,1
4217,64,69,-5,5
4218,78,81,-3,3
4219,116,127,-11,11
4220,113,101,12,12
4221,123,125,-2,2
4222,101,105,-4,4
4223,100,104,-4,4
4224,84,77,7,7
4225,114,106,8,8
4226,109,103,6,6
4227,52,52,0,0
4228,115,108,7,7
4229,106,109,-3,3
4230,93,89,4,4
4231,69,73,-4,4
4232,149,146,3,3
4233,87,85,2,2
4234,103,101,2,2
4235,106,110,-4,4
4236,76,92,-16,16
4237,124,130,-6,6
4238,115,121,-6,6
4239,82,75,7,7
4240,152,160,-8,8
4241,138,133,5,5
4242,196,184,12,12
4243,133,113,20,20
4244,146,150,-4,4
4245,105,108,-3,3
4246,92,100,-8,8
4247,71,74,-3,3
4248,97,102,-5,5
4249,70,73,-3,3
4250,107,112,-5,5
4251,80,75,5,5
4252,63,86,-23,23
4253,75,69,6,6
4254,75,67,8,8
4255,75,72,3,3
4256,104,85,19,19
4257,152,141,11,11
4258,71,63,8,8
4259,107,106,1,1
4260,161,150,11,11
4261,71,73,-2,2
4262,91,75,16,16
4263,98,94,4,4
4264,108,105,3,3
4265,78,70,8,8
4266,116,128,-12,12
4267,108,90,18,18
4268,81,78,3,3
4269,65,71,-6,6
4270,111,110,1,1
4271,70,67,3,3
4272,55,54,1,1
4273,102,97,5,5
4274,102,105,-3,3
4275,56,62,-6,6
4276,100,85,15,15
4277,47,49,-2,2
4278,145,136,9,9
4279,108,108,0,0
4280,143,134,9,9
4281,123,117,6,6
4282,172,162,10,10
4283,60,56,4,4
4284,105,100,5,5
4285,46,49,-3,3
4286,80,64,16,16
4287,114,121,-7,7
4288,189,175,14,14
4289,82,72,10,10
4290,126,125,1,1
4291,157,142,15,15
4292,147,172,-25,25
4293,27,57,-30,30
4294,79,74,5,5
4295,75,79,-4,4
4296,65,62,3,3
4297,68,64,4,4
4298,126,120,6,6
4299,133,126,7,7
4300,101,91,10,10
4301,80,76,4,4
4302,103,97,6,6
4303,95,91,4,4
4304,103,126,-23,23
4305,113,113,0,0
4306,42,49,-7,7
4307,85,89,-4,4
4308,82,84,-2,2
4309,104,104,0,0
4310,85,73,12,12
4311,107,89,18,18
4312,78,66,12,12
4313,66,56,10,10
4314,108,102,6,6
4315,90,105,-15,15
4316,88,90,-2,2
4317,59,55,4,4
4318,79,73,6,6
4319,69,76,-7,7
4320,135,136,-1,1
4321,96,113,-17,17
4322,148,148,0,0
4323,31,38,-7,7
4324,65,76,-11,11
4325,86,81,5,5
4326,47,49,-2,2
4327,83,78,5,5
4328,170,177,-7,7
4329,63,67,-4,4
4330,110,107,3,3
4331,182,167,15,15
4332,141,143,-2,2
4333,94,93,1,1
4334,81,78,3,3
4335,87,88,-1,1
4336,131,131,0,0
4337,117,111,6,6
4338,64,52,12,12
4339,150,165,-15,15
4340,93,87,6,6
4341,88,85,3,3
4342,90,90,0,0
4343,86,93,-7,7
4344,96,109,-13,13
4345,173,157,16,16
4346,104,96,8,8
4347,44,57,-13,13
4348,81,75,6,6
4349,71,61,10,10
4350,77,65,12,12
4351,82,72,10,10
4352,196,189,7,7
4353,126,115,11,11
4354,100,97,3,3
4355,159,152,7,7
4356,61,72,-11,11
4357,54,58,-4,4
4358,73,60,13,13
4359,73,72,1,1
4360,88,75,13,13
4361,136,142,-6,6
4362,94,93,1,1
4363,164,182,-18,18
4364,100,100,0,0
4365,126,121,5,5
4366,50,51,-1,1
4367,79,82,-3,3
4368,94,123,-29,29
4369,110,116,-6,6
4370,144,138,6,6
4371,62,55,7,7
4372,92,94,-2,2
4373,59,59,0,0
4374,279,217,62,62
4375,149,142,7,7
4376,61,70,-9,9
4377,72,85,-13,13
4378,64,66,-2,2
4379,142,133,9,9
4380,56,52,4,4
4381,140,145,-5,5
4382,221,201,20,20
4383,111,94,17,17
4384,93,88,5,5
4385,110,110,0,0
4386,83,67,16,16
4387,65,71,-6,6
4388,154,155,-1,1
4389,92,85,7,7
4390,144,135,9,9
4391,102,98,4,4
4392,131,129,2,2
4393,98,87,11,11
4394,104,104,0,0
4395,95,96,-1,1
4396,108,116,-8,8
4397,89,83,6,6
4398,139,151,-12,12
4399,116,97,19,19
4400,58,57,1,1
4401,140,141,-1,1
4402,89,88,1,1
4403,103,101,2,2
4404,67,101,-34,34
4405,62,62,0,0
4406,162,167,-5,5
4407,77,73,4,4
4408,99,106,-7,7
4409,92,74,18,18
4410,105,94,11,11
4411,99,98,1,1
4412,82,94,-12,12
4413,139,137,2,2
4414,99,94,5,5
4415,82,86,-4,4
4416,95,100,-5,5
4417,101,96,5,5
4418,85,89,-4,4
4419,102,98,4,4
4420,133,138,-5,5
4421,76,72,4,4
4422,126,127,-1,1
4423,101,96,5,5
4424,119,107,12,12
4425,152,158,-6,6
4426,136,116,20,20
4427,87,80,7,7
4428,116,107,9,9
4429,60,59,1,1
4430,96,94,2,2
4431,76,75,1,1
4432,128,119,9,9
4433,85,89,-4,4
4434,84,89,-5,5
4435,153,140,13,13
4436,72,64,8,8
4437,73,60,13,13
4438,108,95,13,13
4439,73,68,5,5
4440,94,92,2,2
4441,86,80,6,6
4442,89,77,12,12
4443,56,57,-1,1
4444,195,186,9,9
4445,70,70,0,0
4446,64,59,5,5
4447,96,85,11,11
4448,103,105,-2,2
4449,131,126,5,5
4450,93,90,3,3
4451,122,121,1,1
4452,54,49,5,5
4453,67,73,-6,6
4454,66,56,10,10
4455,110,111,-1,1
4456,108,105,3,3
4457,119,126,-7,7
4458,80,69,11,11
4459,60,63,-3,3
4460,88,77,11,11
4461,123,112,11,11
4462,59,57,2,2
4463,103,84,19,19
4464,93,91,2,2
4465,90,86,4,4
4466,157,160,-3,3
4467,94,89,5,5
4468,79,48,31,31
4469,131,123,8,8
4470,50,51,-1,1
4471,111,105,6,6
4472,106,111,-5,5
4473,104,103,1,1
4474,94,102,-8,8
4475,71,62,9,9
4476,168,155,13,13
4477,102,113,-11,11
4478,58,63,-5,5
4479,49,51,-2,2
4480,96,94,2,2
4481,74,80,-6,6
4482,135,133,2,2
4483,171,164,7,7
4484,70,79,-9,9
4485,118,122,-4,4
4486,90,76,14,14
4487,101,116,-15,15
4488,97,90,7,7
4489,107,98,9,9
4490,87,82,5,5
4491,43,48,-5,5
4492,79,68,11,11
4493,106,97,9,9
4494,39,40,-1,1
4495,178,161,17,17
4496,74,73,1,1
4497,36,37,-1,1
4498,68,69,-1,1
4499,114,91,23,23
4500,80,80,0,0
4501,109,106,3,3
4502,128,121,7,7
4503,87,95,-8,8
4504,110,84,26,26
4505,100,97,3,3
4506,128,133,-5,5
4507,136,128,8,8
4508,129,131,-2,2
4509,122,124,-2,2
4510,102,101,1,1
4511,109,99,10,10
4512,58,61,-3,3
4513,122,119,3,3
4514,90,90,0,0
4515,57,57,0,0
4516,107,101,6,6
4517,168,160,8,8
4518,98,96,2,2
4519,120,114,6,6
4520,74,74,0,0
4521,88,85,3,3
4522,96,81,15,15
4523,64,72,-8,8
4524,55,50,5,5
4525,94,85,9,9
4526,148,144,4,4
4527,92,101,-9,9
4528,95,104,-9,9
4529,110,104,6,6
4530,83,74,9,9
4531,139,131,8,8
4532,108,92,16,16
4533,78,78,0,0
4534,78,75,3,3
4535,98,94,4,4
4536,104,103,1,1
4537,68,60,8,8
4538,103,98,5,5
4539,66,68,-2,2
4540,100,93,7,7
4541,123,126,-3,3
4542,74,75,-1,1
4543,136,126,10,10
4544,47,47,0,0
4545,92,87,5,5
4546,122,111,11,11
4547,125,128,-3,3
4548,122,116,6,6
4549,61,58,3,3
4550,82,99,-17,17
4551,112,110,2,2
4552,48,55,-7,7
4553,146,156,-10,10
4554,67,54,13,13
4555,115,113,2,2
4556,165,166,-1,1
4557,87,93,-6,6
4558,40,31,9,9
4559,55,44,11,11
4560,127,118,9,9
4561,70,71,-1,1
4562,99,93,6,6
4563,45,53,-8,8
4564,95,96,-1,1
4565,80,83,-3,3
4566,47,48,-1,1
4567,99,123,-24,24
4568,118,115,3,3
4569,104,107,-3,3
4570,75,75,0,0
4571,90,84,6,6
4572,82,83,-1,1
4573,163,148,15,15
4574,93,86,7,7
4575,166,183,-17,17
4576,69,72,-3,3
4577,122,135,-13,13
4578,148,157,-9,9
4579,56,55,1,1
4580,66,67,-1,1
4581,83,98,-15,15
4582,63,58,5,5
4583,108,96,12,12
4584,123,100,23,23
4585,161,174,-13,13
4586,83,101,-18,18
4587,49,52,-3,3
4588,78,72,6,6
4589,101,102,-1,1
4590,38,44,-6,6
4591,98,91,7,7
4592,174,164,10,10
4593,75,77,-2,2
4594,56,54,2,2
4595,138,133,5,5
4596,38,42,-4,4
4597,51,48,3,3
4598,69,57,12,12
4599,98,101,-3,3
4600,87,87,0,0
4601,88,83,5,5
4602,156,160,-4,4
4603,140,138,2,2
4604,92,88,4,4
4605,49,55,-6,6
4606,82,88,-6,6
4607,217,228,-11,11
4608,99,96,3,3
4609,110,101,9,9
4610,79,76,3,3
4611,69,60,9,9
4612,87,73,14,14
4613,84,76,8,8
4614,77,71,6,6
4615,78,71,7,7
4616,100,102,-2,2
4617,112,103,9,9
4618,130,130,0,0
4619,137,130,7,7
4620,125,113,12,12
4621,86,82,4,4
4622,152,141,11,11
4623,96,92,4,4
4624,111,101,10,10
4625,99,109,-10,10
4626,56,58,-2,2
4627,211,201,10,10
4628,109,117,-8,8
4629,137,144,-7,7
4630,74,75,-1,1
4631,120,121,-1,1
4632,81,83,-2,2
4633,71,74,-3,3
4634,88,82,6,6
4635,111,107,4,4
4636,197,186,11,11
4637,85,77,8,8
4638,112,114,-2,2
4639,44,68,-24,24
4640,86,80,6,6
4641,72,78,-6,6
4642,59,59,0,0
4643,82,84,-2,2
4644,69,61,8,8
4645,91,85,6,6
4646,142,131,11,11
4647,84,68,16,16
4648,81,76,5,5
4649,101,92,9,9
4650,190,168,22,22
4651,107,111,-4,4
4652,119,123,-4,4
4653,77,71,6,6
4654,152,148,4,4
4655,64,58,6,6
4656,77,75,2,2
4657,51,53,-2,2
4658,77,79,-2,2
4659,84,67,17,17
4660,60,65,-5,5
4661,107,99,8,8
4662,87,93,-6,6
4663,116,127,-11,11
4664,160,140,20,20
4665,116,112,4,4
4666,84,76,8,8
4667,113,120,-7,7
4668,105,100,5,5
4669,55,50,5,5
4670,91,93,-2,2
4671,113,110,3,3
4672,62,52,10,10
4673,75,70,5,5
4674,45,41,4,4
4675,177,169,8,8
4676,131,147,-16,16
4677,112,106,6,6
4678,127,140,-13,13
4679,146,122,24,24
4680,138,147,-9,9
4681,93,92,1,1
4682,65,66,-1,1
4683,168,172,-4,4
4684,112,126,-14,14
4685,149,146,3,3
4686,140,142,-2,2
4687,94,95,-1,1
4688,141,135,6,6
4689,75,78,-3,3
4690,134,127,7,7
4691,95,79,16,16
4692,119,97,22,22
4693,95,95,0,0
4694,65,63,2,2
4695,95,95,0,0
4696,97,93,4,4
4697,132,133,-1,1
4698,87,81,6,6
4699,124,86,38,38
4700,115,113,2,2
4701,45,51,-6,6
4702,110,100,10,10
4703,57,63,-6,6
4704,126,104,22,22
4705,50,51,-1,1
4706,132,131,1,1
4707,71,62,9,9
4708,88,76,12,12
4709,91,102,-11,11
4710,79,72,7,7
4711,47,49,-2,2
4712,103,109,-6,6
4713,38,47,-9,9
4714,68,52,16,16
4715,130,119,11,11
4716,157,156,1,1
4717,99,97,2,2
4718,62,58,4,4
4719,79,81,-2,2
4720,74,73,1,1
4721,154,136,18,18
4722,36,59,-23,23
4723,81,76,5,5
4724,69,67,2,2
4725,39,44,-5,5
4726,106,101,5,5
4727,141,137,4,4
4728,71,67,4,4
4729,108,108,0,0
4730,142,136,6,6
4731,43,55,-12,12
4732,109,118,-9,9
4733,72,66,6,6
4734,110,103,7,7
4735,84,95,-11,11
4736,88,79,9,9
4737,156,153,3,3
4738,106,106,0,0
4739,160,160,0,0
4740,105,100,5,5
4741,231,217,14,14
4742,111,99,12,12
4743,53,52,1,1
4744,124,131,-7,7
4745,105,104,1,1
4746,144,150,-6,6
4747,83,85,-2,2
4748,81,78,3,3
4749,96,100,-4,4
4750,143,136,7,7
4751,118,102,16,16
4752,77,72,5,5
4753,116,111,5,5
4754,116,92,24,24
4755,76,75,1,1
4756,73,70,3,3
4757,92,85,7,7
4758,89,80,9,9
4759,58,54,4,4
4760,70,68,2,2
4761,134,132,2,2
4762,73,80,-7,7
4763,139,126,13,13
4764,59,66,-7,7
4765,59,55,4,4
4766,72,71,1,1
4767,81,80,1,1
4768,96,85,11,11
4769,190,182,8,8
4770,131,118,13,13
4771,188,192,-4,4
4772,141,149,-8,8
4773,103,101,2,2
4774,65,74,-9,9
4775,86,90,-4,4
4776,64,68,-4,4
4777,115,128,-13,13
4778,58,72,-14,14
4779,150,149,1,1
4780,70,70,0,0
4781,91,97,-6,6
4782,104,98,6,6
4783,78,77,1,1
4784,57,62,-5,5
4785,117,113,4,4
4786,82,78,4,4
4787,50,56,-6,6
4788,76,76,0,0
4789,64,63,1,1
4790,140,138,2,2
4791,88,89,-1,1
4792,41,35,6,6
4793,56,70,-14,14
4794,161,170,-9,9
4795,107,81,26,26
4796,94,97,-3,3
4797,71,63,8,8
4798,163,148,15,15
4799,99,87,12,12
4800,30,36,-6,6
4801,99,83,16,16
4802,161,146,15,15
4803,82,89,-7,7
4804,92,86,6,6
4805,152,131,21,21
4806,131,98,33,33
4807,99,89,10,10
4808,50,54,-4,4
4809,80,80,0,0
4810,99,95,4,4
4811,69,65,4,4
4812,67,68,-1,1
4813,143,122,21,21
4814,68,66,2,2
4815,65,74,-9,9
4816,94,98,-4,4
4817,55,65,-10,10
4818,94,89,5,5
4819,45,45,0,0
4820,140,137,3,3
4821,65,57,8,8
4822,62,66,-4,4
4823,94,97,-3,3
4824,129,124,5,5
4825,123,127,-4,4
4826,80,75,5,5
4827,86,85,1,1
4828,112,112,0,0
4829,89,92,-3,3
4830,72,69,3,3
4831,65,75,-10,10
4832,90,86,4,4
4833,71,85,-14,14
4834,107,112,-5,5
4835,140,140,0,0
4836,57,61,-4,4
4837,104,104,0,0
4838,56,90,-34,34
4839,103,129,-26,26
4840,104,98,6,6
4841,78,72,6,6
4842,126,126,0,0
4843,101,96,5,5
4844,85,91,-6,6
4845,72,60,12,12
4846,57,57,0,0
4847,51,61,-10,10
4848,102,100,2,2
4849,85,80,5,5
4850,71,64,7,7
4851,87,88,-1,1
4852,74,71,3,3
4853,104,98,6,6
4854,102,101,1,1
4855,181,174,7,7
4856,130,132,-2,2
4857,75,79,-4,4
4858,102,96,6,6
4859,56,64,-8,8
4860,72,73,-1,1
4861,90,93,-3,3
4862,66,72,-6,6
4863,82,77,5,5
4864,139,162,-23,23
4865,97,78,19,19
4866,83,79,4,4
4867,71,78,-7,7
4868,81,68,13,13
4869,80,71,9,9
4870,152,150,2,2
4871,54,65,-11,11
4872,51,54,-3,3
4873,142,129,13,13
4874,134,143,-9,9
4875,253,251,2,2
4876,85,91,-6,6
4877,274,228,46,46
4878,180,165,15,15
4879,85,88,-3,3
4880,68,70,-2,2
4881,126,122,4,4
4882,147,148,-1,1
4883,67,65,2,2
4884,58,63,-5,5
4885,146,139,7,7
4886,170,161,9,9
4887,80,89,-9,9
4888,117,116,1,1
4889,72,74,-2,2
4890,52,64,-12,12
4891,92,99,-7,7
4892,88,82,6,6
4893,106,108,-2,2
4894,93,90,3,3
4895,151,145,6,6
4896,90,93,-3,3
4897,71,70,1,1
4898,63,57,6,6
4899,171,158,13,13
4900,83,74,9,9
4901,125,116,9,9
4902,123,116,7,7
4903,119,113,6,6
4904,100,92,8,8
4905,97,107,-10,10
4906,82,72,10,10
4907,104,108,-4,4
4908,84,75,9,9
4909,133,141,-8,8
4910,66,67,-1,1
4911,328,248,80,80
4912,66,68,-2,2
4913,129,117,12,12
4914,60,67,-7,7
4915,107,122,-15,15
4916,88,75,13,13
4917,92,113,-21,21
4918,97,75,22,22
4919,95,95,0,0
4920,176,165,11,11
4921,93,88,5,5
4922,124,133,-9,9
4923,80,75,5,5
4924,117,109,8,8
4925,92,87,5,5
4926,137,112,25,25
4927,160,156,4,4
4928,114,111,3,3
4929,78,63,15,15
4930,73,73,0,0
4931,62,56,6,6
4932,85,84,1,1
4933,52,48,4,4
4934,53,69,-16,16
4935,98,76,22,22
4936,92,91,1,1
4937,100,94,6,6
4938,114,124,-10,10
4939,139,140,-1,1
4940,76,68,8,8
4941,119,115,4,4
4942,41,40,1,1
4943,53,60,-7,7
4944,268,270,-2,2
4945,66,65,1,1
4946,130,124,6,6
4947,115,121,-6,6
4948,157,162,-5,5
4949,50,60,-10,10
4950,75,66,9,9
4951,79,68,11,11
4952,85,78,7,7
4953,42,67,-25,25
4954,85,79,6,6
4955,95,89,6,6
4956,72,72,0,0
4957,90,103,-13,13
4958,81,75,6,6
4959,109,111,-2,2
4960,146,151,-5,5
4961,131,119,12,12
4962,138,126,12,12
4963,32,47,-15,15
4964,86,84,2,2
4965,76,83,-7,7
4966,73,84,-11,11
4967,132,129,3,3
4968,136,137,-1,1
4969,36,45,-9,9
4970,40,48,-8,8
4971,62,60,2,2
4972,99,101,-2,2
4973,63,74,-11,11
4974,90,82,8,8
4975,63,70,-7,7
4976,63,63,0,0
4977,73,88,-15,15
4978,73,72,1,1
4979,120,116,4,4
4980,161,150,11,11
4981,74,61,13,13
4982,74,63,11,11
4983,49,49,0,0
4984,157,148,9,9
4985,123,124,-1,1
4986,91,85,6,6
4987,115,103,12,12
4988,85,87,-2,2
4989,66,64,2,2
4990,102,90,12,12
4991,98,92,6,6
4992,100,90,10,10
4993,105,125,-20,20
4994,84,88,-4,4
4995,95,91,4,4
4996,108,97,11,11
4997,62,59,3,3
4998,116,123,-7,7
4999,79,75,4,4
5000,73,64,9,9
5001,50,63,-13,13
5002,97,97,0,0
5003,145,133,12,12
5004,152,144,8,8
5005,134,130,4,4
5006,110,96,14,14
5007,114,107,7,7
5008,72,70,2,2
5009,113,113,0,0
5010,58,54,4,4
5011,50,36,14,14
5012,29,34,-5,5
5013,71,68,3,3
5014,90,95,-5,5
5015,140,131,9,9
5016,123,122,1,1
5017,131,122,9,9
5018,50,51,-1,1
5019,82,78,4,4
5020,77,82,-5,5
5021,98,81,17,17
5022,83,66,17,17
5023,88,70,18,18
5024,122,111,11,11
5025,87,81,6,6
5026,107,101,6,6
5027,75,77,-2,2
5028,89,94,-5,5
5029,124,125,-1,1
5030,105,101,4,4
5031,62,50,12,12
5032,125,121,4,4
5033,94,93,1,1
5034,91,101,-10,10
5035,74,79,-5,5
5036,82,96,-14,14
5037,60,55,5,5
5038,69,63,6,6
5039,132,134,-2,2
5040,76,73,3,3
5041,169,172,-3,3
5042,101,99,2,2
5043,167,167,0,0
5044,79,81,-2,2
5045,78,91,-13,13
5046,61,64,-3,3
5047,137,106,31,31
5048,116,103,13,13
5049,77,79,-2,2
5050,76,84,-8,8
5051,157,165,-8,8
5052,90,101,-11,11
5053,79,76,3,3
5054,131,117,14,14
5055,118,113,5,5
5056,110,95,15,15
5057,151,141,10,10
5058,159,162,-3,3
5059,95,88,7,7
5060,78,68,10,10
5061,107,113,-6,6
5062,131,125,6,6
5063,87,90,-3,3
5064,42,43,-1,1
5065,66,64,2,2
5066,101,102,-1,1
5067,140,134,6,6
5068,66,61,5,5
5069,43,43,0,0
5070,100,98,2,2
5071,120,100,20,20
5072,76,65,11,11
5073,121,127,-6,6
5074,78,75,3,3
5075,121,118,3,3
5076,51,54,-3,3
5077,101,111,-10,10
5078,136,132,4,4
5079,107,122,-15,15
5080,106,108,-2,2
5081,116,108,8,8
5082,89,82,7,7
5083,65,64,1,1
5084,154,146,8,8
5085,130,131,-1,1
5086,98,88,10,10
5087,75,85,-10,10
5088,81,80,1,1
5089,82,85,-3,3
5090,86,87,-1,1
5091,93,98,-5,5
5092,73,73,0,0
5093,76,85,-9,9
5094,166,170,-4,4
5095,98,101,-3,3
5096,120,98,22,22
5097,67,73,-6,6
5098,81,79,2,2
5099,170,170,0,0
5100,40,46,-6,6
5101,101,96,5,5
5102,80,73,7,7
5103,121,107,14,14
5104,58,48,10,10
5105,115,106,9,9
5106,63,65,-2,2
5107,87,80,7,7
5108,148,155,-7,7
5109,102,96,6,6
5110,79,76,3,3
5111,118,105,13,13
5112,92,88,4,4
5113,110,107,3,3
5114,131,133,-2,2
5115,139,149,-10,10
5116,68,66,2,2
5117,122,123,-1,1
5118,140,130,10,10
5119,124,116,8,8
5120,103,99,4,4
5121,59,71,-12,12
5122,80,82,-2,2
5123,131,129,2,2
5124,104,98,6,6
5125,155,148,7,7
5126,89,87,2,2
5127,68,77,-9,9
5128,79,78,1,1
5129,110,108,2,2
5130,54,54,0,0
5131,121,140,-19,19
5132,101,102,-1,1
5133,109,112,-3,3
5134,100,92,8,8
5135,132,129,3,3
5136,71,72,-1,1
5137,89,86,3,3
5138,92,82,10,10
5139,91,91,0,0
5140,117,107,10,10
5141,100,91,9,9
5142,118,102,16,16
5143,160,124,36,36
5144,121,111,10,10
5145,88,88,0,0
5146,152,158,-6,6
5147,56,51,5,5
5148,51,61,-10,10
5149,110,93,17,17
5150,79,81,-2,2
5151,68,94,-26,26
5152,52,56,-4,4
5153,129,129,0,0
5154,81,71,10,10
5155,39,39,0,0
5156,55,124,-69,69
5157,53,55,-2,2
5158,92,92,0,0
5159,72,69,3,3
5160,103,107,-4,4
5161,141,126,15,15
5162,82,86,-4,4
5163,69,75,-6,6
5164,168,167,1,1
5165,65,65,0,0
5166,76,79,-3,3
5167,104,94,10,10
5168,89,87,2,2
5169,101,109,-8,8
5170,53,56,-3,3
5171,105,99,6,6
5172,90,76,14,14
5173,116,108,8,8
5174,137,123,14,14
5175,126,118,8,8
5176,43,44,-1,1
5177,65,67,-2,2
5178,76,81,-5,5
5179,104,101,3,3
5180,88,75,13,13
5181,75,68,7,7
5182,82,77,5,5
5183,40,56,-16,16
5184,77,75,2,2
5185,66,67,-1,1
5186,154,146,8,8
5187,86,80,6,6
5188,112,123,-11,11
5189,93,91,2,2
5190,130,154,-24,24
5191,177,173,4,4
5192,148,136,12,12
5193,80,77,3,3
5194,58,49,9,9
5195,115,109,6,6
5196,118,102,16,16
5197,66,61,5,5
5198,161,158,3,3
5199,80,82,-2,2
5200,105,93,12,12
5201,56,51,5,5
5202,66,67,-1,1
5203,93,84,9,9
5204,105,89,16,16
5205,96,91,5,5
5206,62,58,4,4
5207,68,85,-17,17
5208,83,72,11,11
5209,110,106,4,4
5210,109,106,3,3
5211,147,136,11,11
5212,68,60,8,8
5213,121,106,15,15
5214,128,134,-6,6
5215,136,125,11,11
5216,110,102,8,8
5217,84,75,9,9
5218,93,96,-3,3
5219,68,66,2,2
5220,88,85,3,3
5221,89,85,4,4
5222,134,135,-1,1
5223,128,125,3,3
5224,79,71,8,8
5225,66,74,-8,8
5226,58,57,1,1
5227,58,79,-21,21
5228,69,66,3,3
5229,56,61,-5,5
5230,85,88,-3,3
5231,73,71,2,2
5232,97,91,6,6
5233,100,79,21,21
5234,82,61,21,21
5235,65,63,2,2
5236,90,93,-3,3
5237,66,79,-13,13
5238,58,58,0,0
5239,62,105,-43,43
5240,50,49,1,1
5241,84,93,-9,9
5242,82,82,0,0
5243,147,152,-5,5
5244,91,83,8,8
5245,95,93,2,2
5246,121,115,6,6
5247,56,59,-3,3
5248,54,54,0,0
5249,103,99,4,4
5250,86,74,12,12
5251,85,79,6,6
5252,97,77,20,20
5253,92,78,14,14
5254,59,63,-4,4
5255,115,108,7,7
5256,116,112,4,4
5257,101,96,5,5
5258,120,88,32,32
5259,164,149,15,15
5260,55,48,7,7
5261,91,96,-5,5
5262,75,74,1,1
5263,121,110,11,11
5264,57,52,5,5
5265,38,57,-19,19
5266,92,80,12,12
5267,67,61,6,6
5268,120,118,2,2
5269,83,87,-4,4
5270,138,143,-5,5
5271,169,159,10,10
5272,59,65,-6,6
5273,47,47,0,0
5274,46,54,-8,8
5275,123,135,-12,12
5276,142,144,-2,2
5277,80,90,-10,10
5278,31,49,-18,18
5279,128,124,4,4
5280,112,99,13,13
5281,98,102,-4,4
5282,55,53,2,2
5283,110,93,17,17
5284,91,98,-7,7
5285,112,96,16,16
5286,115,112,3,3
5287,73,72,1,1
5288,106,102,4,4
5289,93,89,4,4
5290,166,163,3,3
5291,128,141,-13,13
5292,112,108,4,4
5293,89,81,8,8
5294,74,76,-2,2
5295,106,117,-11,11
5296,72,81,-9,9
5297,78,73,5,5
5298,92,90,2,2
5299,140,131,9,9
5300,103,98,5,5
5301,102,115,-13,13
5302,63,72,-9,9
5303,169,163,6,6
5304,78,75,3,3
5305,132,131,1,1
5306,50,51,-1,1
5307,127,113,14,14
5308,138,112,26,26
5309,61,56,5,5
5310,87,82,5,5
5311,109,115,-6,6
5312,77,73,4,4
5313,92,101,-9,9
5314,84,79,5,5
5315,140,118,22,22
5316,79,80,-1,1
5317,87,84,3,3
5318,76,71,5,5
5319,54,56,-2,2
5320,77,98,-21,21
5321,28,51,-23,23
5322,85,81,4,4
5323,41,51,-10,10
5324,78,80,-2,2
5325,117,96,21,21
5326,99,94,5,5
5327,130,132,-2,2
5328,58,56,2,2
5329,76,64,12,12
5330,72,75,-3,3
5331,72,72,0,0
5332,130,105,25,25
5333,85,89,-4,4
5334,74,73,1,1
5335,117,125,-8,8
5336,105,107,-2,2
5337,114,107,7,7
5338,94,69,25,25
5339,127,128,-1,1
5340,100,100,0,0
5341,100,104,-4,4
5342,114,111,3,3
5343,137,148,-11,11
5344,141,130,11,11
5345,186,173,13,13
5346,49,47,2,2
5347,71,79,-8,8
5348,144,142,2,2
5349,108,84,24,24
5350,102,86,16,16
5351,129,132,-3,3
5352,123,120,3,3
5353,48,44,4,4
5354,70,62,8,8
5355,81,76,5,5
5356,72,71,1,1
5357,76,75,1,1
5358,114,125,-11,11
5359,130,123,7,7
5360,113,123,-10,10
5361,57,54,3,3
5362,77,75,2,2
5363,117,113,4,4
5364,79,67,12,12
5365,87,88,-1,1
5366,99,102,-3,3
5367,211,195,16,16
5368,92,82,10,10
5369,119,105,14,14
5370,54,60,-6,6
5371,111,105,6,6
5372,67,63,4,4
5373,185,189,-4,4
5374,68,74,-6,6
5375,190,172,18,18
5376,124,118,6,6
5377,80,80,0,0
5378,78,77,1,1
5379,92,100,-8,8
5380,70,66,4,4
5381,51,57,-6,6
5382,89,90,-1,1
5383,82,89,-7,7
5384,83,77,6,6
5385,204,183,21,21
5386,114,104,10,10
5387,62,60,2,2
5388,100,88,12,12
5389,143,163,-20,20
5390,89,81,8,8
5391,123,129,-6,6
5392,150,147,3,3
5393,135,100,35,35
5394,114,121,-7,7
5395,94,110,-16,16
5396,158,146,12,12
5397,58,70,-12,12
5398,94,96,-2,2
5399,59,63,-4,4
5400,81,83,-2,2
5401,70,66,4,4
5402,79,83,-4,4
5403,49,53,-4,4
5404,85,87,-2,2
5405,85,79,6,6
5406,55,46,9,9
5407,97,100,-3,3
5408,95,88,7,7
5409,129,120,9,9
5410,53,52,1,1
5411,109,113,-4,4
5412,92,91,1,1
5413,122,99,23,23
5414,102,101,1,1
5415,98,113,-15,15
5416,68,73,-5,5
5417,108,104,4,4
5418,92,85,7,7
5419,95,89,6,6
5420,65,64,1,1
5421,27,34,-7,7
5422,62,60,2,2
5423,109,106,3,3
5424,72,71,1,1
5425,58,53,5,5
5426,121,108,13,13
5427,101,92,9,9
5428,63,64,-1,1
5429,38,43,-5,5
5430,145,144,1,1
5431,103,101,2,2
5432,215,224,-9,9
5433,122,109,13,13
5434,90,92,-2,2
5435,67,66,1,1
5436,98,107,-9,9
5437,106,110,-4,4
5438,119,118,1,1
5439,93,85,8,8
5440,48,56,-8,8
5441,87,86,1,1
5442,108,114,-6,6
5443,72,63,9,9
5444,124,125,-1,1
5445,114,99,15,15
5446,43,50,-7,7
5447,109,106,3,3
5448,99,104,-5,5
5449,116,104,12,12
5450,72,84,-12,12
5451,122,133,-11,11
5452,98,88,10,10
5453,144,151,-7,7
5454,78,70,8,8
5455,70,65,5,5
5456,114,97,17,17
5457,137,135,2,2
5458,113,101,12,12
5459,115,102,13,13
5460,85,80,5,5
5461,63,60,3,3
5462,114,116,-2,2
5463,88,87,1,1
5464,125,114,11,11
5465,116,110,6,6
5466,150,122,28,28
5467,78,69,9,9
5468,75,67,8,8
5469,81,84,-3,3
5470,116,123,-7,7
5471,64,62,2,2
5472,93,94,-1,1
5473,96,87,9,9
5474,147,147,0,0
5475,77,69,8,8
5476,139,138,1,1
5477,64,67,-3,3
5478,82,77,5,5
5479,70,65,5,5
5480,142,146,-4,4
5481,99,92,7,7
5482,64,73,-9,9
5483,80,86,-6,6
5484,69,58,11,11
5485,64,62,2,2
5486,99,95,4,4
5487,120,115,5,5
5488,80,72,8,8
5489,145,145,0,0
5490,161,154,7,7
5491,86,91,-5,5
5492,123,129,-6,6
5493,91,93,-2,2
5494,147,138,9,9
5495,92,88,4,4
5496,79,80,-1,1
5497,144,131,13,13
5498,72,67,5,5
5499,91,102,-11,11
5500,162,165,-3,3
5501,76,84,-8,8
5502,82,91,-9,9
5503,63,67,-4,4
5504,71,68,3,3
5505,74,70,4,4
5506,152,146,6,6
5507,102,101,1,1
5508,70,70,0,0
5509,46,45,1,1
5510,85,105,-20,20
5511,81,83,-2,2
5512,85,90,-5,5
5513,108,96,12,12
5514,124,117,7,7
5515,81,81,0,0
5516,97,123,-26,26
5517,137,145,-8,8
5518,125,119,6,6
5519,90,93,-3,3
5520,83,80,3,3
5521,89,89,0,0
5522,124,114,10,10
5523,101,83,18,18
5524,103,103,0,0
5525,61,58,3,3
5526,85,79,6,6
5527,102,101,1,1
5528,83,96,-13,13
5529,91,95,-4,4
5530,131,92,39,39
5531,150,139,11,11
5532,107,110,-3,3
5533,115,121,-6,6
5534,126,122,4,4
5535,129,124,5,5
5536,95,91,4,4
5537,143,127,16,16
5538,115,110,5,5
5539,85,77,8,8
5540,164,155,9,9
5541,95,94,1,1
5542,137,156,-19,19
5543,121,117,4,4
5544,83,79,4,4
5545,115,122,-7,7
5546,154,163,-9,9
5547,115,112,3,3
5548,88,77,11,11
5549,116,110,6,6
5550,119,91,28,28
5551,30,35,-5,5
5552,100,82,18,18
5553,132,144,-12,12
5554,186,177,9,9
5555,82,81,1,1
5556,176,146,30,30
5557,107,99,8,8
5558,89,76,13,13
5559,94,93,1,1
5560,51,50,1,1
5561,138,145,-7,7
5562,78,76,2,2
5563,59,60,-1,1
5564,58,62,-4,4
5565,67,66,1,1
5566,79,66,13,13
5567,54,49,5,5
5568,62,60,2,2
5569,83,82,1,1
5570,75,76,-1,1
5571,115,116,-1,1
5572,114,117,-3,3
5573,126,110,16,16
5574,88,97,-9,9
5575,69,63,6,6
5576,38,58,-20,20
5577,71,63,8,8
5578,66,61,5,5
5579,62,51,11,11
5580,75,74,1,1
5581,59,55,4,4
5582,97,97,0,0
5583,81,90,-9,9
5584,69,77,-8,8
5585,81,75,6,6
5586,101,100,1,1
5587,97,90,7,7
5588,60,73,-13,13
5589,119,108,11,11
5590,113,151,-38,38
5591,130,116,14,14
5592,61,66,-5,5
5593,166,155,11,11
5594,51,50,1,1
5595,140,137,3,3
5596,109,121,-12,12
5597,115,116,-1,1
5598,112,106,6,6
5599,89,89,0,0
5600,65,61,4,4
5601,97,100,-3,3
5602,81,91,-10,10
5603,59,56,3,3
5604,52,48,4,4
5605,74,83,-9,9
5606,76,79,-3,3
5607,111,79,32,32
5608,112,112,0,0
5609,66,74,-8,8
5610,96,84,12,12
5611,61,63,-2,2
5612,162,158,4,4
5613,120,109,11,11
5614,68,75,-7,7
5615,61,66,-5,5
5616,110,106,4,4
5617,114,119,-5,5
5618,41,43,-2,2
5619,63,51,12,12
5620,77,70,7,7
5621,92,83,9,9
5622,80,73,7,7
5623,40,47,-7,7
5624,56,67,-11,11
5625,72,66,6,6
5626,123,111,12,12
5627,77,74,3,3
5628,107,108,-1,1
5629,112,111,1,1
5630,72,78,-6,6
5631,99,99,0,0
5632,118,111,7,7
5633,77,74,3,3
5634,139,139,0,0
5635,84,80,4,4
5636,62,61,1,1
5637,100,101,-1,1
5638,80,73,7,7
5639,91,93,-2,2
5640,113,110,3,3
5641,45,45,0,0
5642,71,60,11,11
5643,122,105,17,17
5644,53,60,-7,7
5645,78,91,-13,13
5646,65,59,6,6
5647,40,52,-12,12
5648,136,128,8,8
5649,120,105,15,15
5650,104,114,-10,10
5651,85,80,5,5
5652,89,80,9,9
5653,84,88,-4,4
5654,80,91,-11,11
5655,119,119,0,0
5656,105,105,0,0
5657,61,81,-20,20
5658,53,68,-15,15
5659,69,80,-11,11
5660,83,75,8,8
5661,122,101,21,21
5662,88,81,7,7
5663,88,80,8,8
5664,104,112,-8,8
5665,94,84,10,10
5666,133,125,8,8
5667,53,52,1,1
5668,73,73,0,0
5669,92,90,2,2
5670,92,94,-2,2
5671,91,86,5,5
5672,82,82,0,0
5673,87,84,3,3
5674,135,121,14,14
5675,126,116,10,10
5676,94,89,5,5
5677,55,60,-5,5
5678,104,96,8,8
5679,127,127,0,0
5680,135,130,5,5
5681,145,134,11,11
5682,99,100,-1,1
5683,96,100,-4,4
5684,103,94,9,9
5685,32,46,-14,14
5686,74,75,-1,1
5687,109,96,13,13
5688,59,53,6,6
5689,101,94,7,7
5690,69,60,9,9
5691,71,81,-10,10
5692,101,93,8,8
5693,129,132,-3,3
5694,114,108,6,6
5695,73,61,12,12
5696,179,163,16,16
5697,81,79,2,2
5698,127,123,4,4
5699,129,128,1,1
5700,57,50,7,7
5701,50,53,-3,3
5702,80,64,16,16
5703,116,113,3,3
5704,93,81,12,12
5705,164,151,13,13
5706,43,50,-7,7
5707,96,104,-8,8
5708,88,74,14,14
5709,66,50,16,16
5710,97,98,-1,1
5711,86,86,0,0
5712,83,89,-6,6
5713,87,89,-2,2
5714,61,60,1,1
5715,81,86,-5,5
5716,164,159,5,5
5717,138,139,-1,1
5718,115,111,4,4
5719,86,92,-6,6
5720,118,138,-20,20
5721,67,59,8,8
5722,87,87,0,0
5723,74,69,5,5
5724,51,57,-6,6
5725,67,64,3,3
5726,84,80,4,4
5727,94,98,-4,4
5728,69,69,0,0
5729,115,121,-6,6
5730,48,46,2,2
5731,77,70,7,7
5732,81,71,10,10
5733,110,113,-3,3
5734,74,88,-14,14
5735,54,59,-5,5
5736,84,83,1,1
5737,70,73,-3,3
5738,64,66,-2,2
5739,80,85,-5,5
5740,78,70,8,8
5741,83,84,-1,1
5742,81,74,7,7
5743,34,44,-10,10
5744,149,168,-19,19
5745,50,54,-4,4
5746,57,56,1,1
5747,75,69,6,6
5748,139,125,14,14
5749,48,47,1,1
5750,61,61,0,0
5751,96,86,10,10
5752,64,61,3,3
5753,90,97,-7,7
5754,81,79,2,2
5755,119,128,-9,9
5756,129,124,5,5
5757,111,104,7,7
5758,79,83,-4,4
5759,107,102,5,5
5760,77,83,-6,6
5761,67,61,6,6
5762,103,98,5,5
5763,60,58,2,2
5764,115,114,1,1
5765,62,54,8,8
5766,71,71,0,0
5767,67,78,-11,11
5768,46,43,3,3
5769,52,57,-5,5
5770,55,57,-2,2
5771,95,92,3,3
5772,119,108,11,11
5773,156,168,-12,12
5774,89,76,13,13
5775,130,106,24,24
5776,149,141,8,8
5777,53,61,-8,8
5778,103,100,3,3
5779,181,166,15,15
5780,88,89,-1,1
5781,91,88,3,3
5782,79,66,13,13
5783,64,78,-14,14
5784,85,92,-7,7
5785,45,49,-4,4
5786,72,70,2,2
5787,118,109,9,9
5788,54,48,6,6
5789,98,97,1,1
5790,79,81,-2,2
5791,63,60,3,3
5792,27,32,-5,5
5793,142,137,5,5
5794,67,73,-6,6
5795,146,141,5,5
5796,80,80,0,0
5797,68,81,-13,13
5798,92,92,0,0
5799,48,49,-1,1
5800,117,91,26,26
5801,98,97,1,1
5802,73,67,6,6
5803,84,78,6,6
5804,95,91,4,4
5805,120,122,-2,2
5806,151,167,-16,16
5807,50,49,1,1
5808,93,90,3,3
5809,150,143,7,7
5810,65,76,-11,11
5811,76,81,-5,5
5812,69,67,2,2
5813,91,84,7,7
5814,81,81,0,0
5815,92,87,5,5
5816,127,142,-15,15
5817,100,102,-2,2
5818,98,92,6,6
5819,109,109,0,0
5820,69,68,1,1
5821,94,89,5,5
5822,156,141,15,15
5823,82,92,-10,10
5824,62,77,-15,15
5825,56,61,-5,5
5826,44,49,-5,5
5827,134,123,11,11
5828,75,78,-3,3
5829,88,86,2,2
5830,63,63,0,0
5831,106,101,5,5
5832,121,95,26,26
5833,94,100,-6,6
5834,89,96,-7,7
5835,45,53,-8,8
5836,76,78,-2,2
5837,85,84,1,1
5838,129,135,-6,6
5839,113,106,7,7
5840,127,118,9,9
5841,129,149,-20,20
5842,92,86,6,6
5843,60,57,3,3
5844,91,73,18,18
5845,90,81,9,9
5846,143,143,0,0
5847,79,74,5,5
5848,118,168,-50,50
5849,65,65,0,0
5850,88,80,8,8
5851,102,99,3,3
5852,67,65,2,2
5853,104,104,0,0
5854,164,162,2,2
5855,145,139,6,6
5856,51,41,10,10
5857,35,45,-10,10
5858,125,118,7,7
5859,78,80,-2,2
5860,110,107,3,3
5861,133,135,-2,2
5862,92,92,0,0
5863,89,97,-8,8
5864,66,67,-1,1
5865,96,102,-6,6
5866,74,74,0,0
5867,21,33,-12,12
5868,52,53,-1,1
5869,49,53,-4,4
5870,133,140,-7,7
5871,56,47,9,9
5872,48,48,0,0
5873,53,53,0,0
5874,86,86,0,0
5875,81,85,-4,4
5876,139,139,0,0
5877,111,121,-10,10
5878,118,130,-12,12
5879,61,65,-4,4
5880,88,92,-4,4
5881,58,64,-6,6
5882,91,85,6,6
5883,110,112,-2,2
5884,118,82,36,36
5885,109,97,12,12
5886,52,53,-1,1
5887,69,71,-2,2
5888,144,132,12,12
5889,87,85,2,2
5890,153,114,39,39
5891,49,48,1,1
5892,106,107,-1,1
5893,85,77,8,8
5894,95,90,5,5
5895,99,99,0,0
5896,154,156,-2,2
5897,64,78,-14,14
5898,74,66,8,8
5899,94,91,3,3
5900,83,61,22,22
5901,66,70,-4,4
5902,48,52,-4,4
5903,87,97,-10,10
5904,28,53,-25,25
5905,63,60,3,3
5906,117,114,3,3
5907,169,165,4,4
5908,54,57,-3,3
5909,118,118,0,0
5910,77,69,8,8
5911,87,91,-4,4
5912,259,222,37,37
5913,116,118,-2,2
5914,141,126,15,15
5915,63,62,1,1
5916,194,177,17,17
5917,58,75,-17,17
5918,117,118,-1,1
5919,101,87,14,14
5920,128,127,1,1
5921,99,87,12,12
5922,122,101,21,21
5923,146,142,4,4
5924,117,101,16,16
5925,85,88,-3,3
5926,156,152,4,4
5927,85,84,1,1
5928,149,157,-8,8
5929,62,62,0,0
5930,133,131,2,2
5931,76,70,6,6
5932,67,64,3,3
5933,125,146,-21,21
5934,73,71,2,2
5935,106,78,28,28
5936,98,96,2,2
5937,113,116,-3,3
5938,151,151,0,0
5939,91,79,12,12
5940,115,125,-10,10
5941,99,101,-2,2
5942,51,57,-6,6
5943,102,105,-3,3
5944,123,106,17,17
5945,71,73,-2,2
5946,116,119,-3,3
5947,118,116,2,2
5948,151,161,-10,10
5949,93,83,10,10
5950,77,79,-2,2
5951,52,52,0,0
5952,88,85,3,3
5953,56,61,-5,5
5954,152,157,-5,5
5955,129,131,-2,2
5956,75,81,-6,6
5957,98,93,5,5
5958,149,158,-9,9
5959,73,67,6,6
5960,96,105,-9,9
5961,145,139,6,6
5962,88,84,4,4
5963,159,146,13,13
5964,178,165,13,13
5965,81,87,-6,6
5966,142,129,13,13
5967,97,81,16,16
5968,145,144,1,1
5969,91,87,4,4
5970,85,70,15,15
5971,87,69,18,18
5972,90,77,13,13
5973,68,67,1,1
5974,94,81,13,13
5975,101,93,8,8
5976,92,83,9,9
5977,71,71,0,0
5978,113,113,0,0
5979,102,103,-1,1
5980,114,116,-2,2
5981,97,92,5,5
5982,47,55,-8,8
5983,60,61,-1,1
5984,135,131,4,4
5985,58,59,-1,1
5986,206,183,23,23
5987,68,68,0,0
5988,42,44,-2,2
5989,73,60,13,13
5990,83,78,5,5
5991,72,55,17,17
5992,111,83,28,28
5993,58,50,8,8
5994,130,148,-18,18
5995,111,118,-7,7
5996,140,153,-13,13
5997,95,97,-2,2
5998,96,87,9,9
5999,91,80,11,11
6000,79,81,-2,2
6001,74,73,1,1
6002,169,158,11,11
6003,117,113,4,4
6004,78,64,14,14
6005,115,118,-3,3
6006,44,46,-2,2
6007,103,109,-6,6
6008,78,81,-3,3
6009,49,53,-4,4
6010,126,132,-6,6
6011,93,75,18,18
6012,140,138,2,2
6013,85,80,5,5
6014,116,127,-11,11
6015,83,73,10,10
6016,96,105,-9,9
6017,143,130,13,13
6018,74,78,-4,4
6019,92,97,-5,5
6020,63,54,9,9
6021,49,69,-20,20
6022,144,143,1,1
6023,54,58,-4,4
6024,116,165,-49,49
6025,66,81,-15,15
6026,56,59,-3,3
6027,56,97,-41,41
6028,107,110,-3,3
6029,140,138,2,2
6030,92,109,-17,17
6031,76,80,-4,4
6032,90,93,-3,3
6033,138,138,0,0
6034,71,59,12,12
6035,89,93,-4,4
6036,66,54,12,12
6037,60,59,1,1
6038,116,125,-9,9
6039,179,185,-6,6
6040,90,87,3,3
6041,116,125,-9,9
6042,89,90,-1,1
6043,95,89,6,6
6044,85,66,19,19
6045,53,56,-3,3
6046,166,163,3,3
6047,43,47,-4,4
6048,119,130,-11,11
6049,105,119,-14,14
6050,121,111,10,10
6051,73,74,-1,1
6052,67,65,2,2
6053,119,117,2,2
6054,106,106,0,0
6055,72,65,7,7
6056,75,66,9,9
6057,70,73,-3,3
6058,143,130,13,13
6059,83,78,5,5
6060,83,80,3,3
6061,46,53,-7,7
6062,47,48,-1,1
6063,119,116,3,3
6064,108,94,14,14
6065,43,51,-8,8
6066,64,53,11,11
6067,83,85,-2,2
6068,141,133,8,8
6069,107,101,6,6
6070,35,57,-22,22
6071,119,115,4,4
6072,88,79,9,9
6073,77,80,-3,3
6074,75,68,7,7
6075,140,144,-4,4
6076,66,66,0,0
6077,121,127,-6,6
6078,47,58,-11,11
6079,68,66,2,2
6080,112,106,6,6
6081,178,166,12,12
6082,87,94,-7,7
6083,164,150,14,14
6084,79,80,-1,1
6085,71,65,6,6
6086,111,118,-7,7
6087,78,79,-1,1
6088,160,166,-6,6
6089,98,97,1,1
6090,115,161,-46,46
6091,95,111,-16,16
6092,65,56,9,9
6093,159,159,0,0
6094,85,82,3,3
6095,69,65,4,4
6096,116,103,13,13
6097,55,60,-5,5
6098,96,97,-1,1
6099,94,89,5,5
6100,72,74,-2,2
6101,94,86,8,8
6102,124,137,-13,13
6103,62,58,4,4
6104,79,70,9,9
6105,146,140,6,6
6106,42,45,-3,3
6107,85,83,2,2
6108,100,90,10,10
6109,131,105,26,26
6110,72,76,-4,4
6111,49,50,-1,1
6112,116,107,9,9
6113,102,98,4,4
6114,135,143,-8,8
6115,138,135,3,3
6116,40,53,-13,13
6117,104,104,0,0
6118,99,90,9,9
6119,50,50,0,0
6120,108,105,3,3
6121,106,94,12,12
6122,93,86,7,7
6123,155,158,-3,3
6124,127,126,1,1
6125,78,76,2,2
6126,87,86,1,1
6127,73,78,-5,5
6128,92,97,-5,5
6129,86,80,6,6
6130,117,113,4,4
6131,65,57,8,8
6132,44,33,11,11
6133,142,135,7,7
6134,83,89,-6,6
6135,104,104,0,0
6136,119,99,20,20
6137,112,112,0,0
6138,96,86,10,10
6139,58,55,3,3
6140,44,63,-19,19
6141,107,112,-5,5
6142,115,117,-2,2
6143,87,88,-1,1
6144,102,95,7,7
6145,89,81,8,8
6146,119,121,-2,2
6147,101,92,9,9
6148,55,56,-1,1
6149,92,85,7,7
6150,108,96,12,12
6151,57,55,2,2
6152,119,110,9,9
6153,133,134,-1,1
6154,80,80,0,0
6155,66,66,0,0
6156,114,106,8,8
6157,111,117,-6,6
6158,140,133,7,7
6159,108,76,32,32
6160,89,101,-12,12
6161,88,76,12,12
6162,76,78,-2,2
6163,80,83,-3,3
6164,98,90,8,8
6165,73,61,12,12
6166,136,134,2,2
6167,50,51,-1,1
6168,88,94,-6,6
6169,69,67,2,2
6170,151,148,3,3
6171,66,56,10,10
6172,73,69,4,4
6173,65,55,10,10
6174,72,70,2,2
6175,52,44,8,8
6176,108,85,23,23
6177,86,83,3,3
6178,34,50,-16,16
6179,183,177,6,6
6180,54,51,3,3
6181,122,130,-8,8
6182,64,62,2,2
6183,75,65,10,10
6184,105,91,14,14
6185,65,63,2,2
6186,84,92,-8,8
6187,101,102,-1,1
6188,117,114,3,3
6189,148,155,-7,7
6190,66,71,-5,5
6191,106,113,-7,7
6192,147,125,22,22
6193,108,116,-8,8
6194,133,96,37,37
6195,42,53,-11,11
6196,67,66,1,1
6197,117,108,9,9
6198,127,136,-9,9
6199,84,84,0,0
6200,72,62,10,10
6201,77,72,5,5
6202,83,79,4,4
6203,77,87,-10,10
6204,133,133,0,0
6205,61,71,-10,10
6206,75,78,-3,3
6207,81,80,1,1
6208,95,91,4,4
6209,115,110,5,5
6210,106,93,13,13
6211,85,72,13,13
6212,89,83,6,6
6213,103,108,-5,5
6214,78,71,7,7
6215,83,75,8,8
6216,128,106,22,22
6217,64,68,-4,4
6218,87,85,2,2
6219,108,92,16,16
6220,108,103,5,5
6221,77,68,9,9
6222,65,75,-10,10
6223,56,54,2,2
6224,69,63,6,6
6225,83,83,0,0
6226,93,104,-11,11
6227,85,78,7,7
6228,177,179,-2,2
6229,52,52,0,0
6230,35,45,-10,10
6231,128,113,15,15
6232,98,94,4,4
6233,83,72,11,11
6234,67,70,-3,3
6235,102,104,-2,2
6236,115,118,-3,3
6237,103,97,6,6
6238,99,102,-3,3
6239,100,94,6,6
6240,148,139,9,9
6241,67,67,0,0
6242,131,128,3,3
6243,76,77,-1,1
6244,91,94,-3,3
6245,110,98,12,12
6246,133,141,-8,8
6247,77,87,-10,10
6248,151,153,-2,2
6249,130,138,-8,8
6250,80,85,-5,5
6251,86,89,-3,3
6252,117,125,-8,8
6253,72,65,7,7
6254,104,102,2,2
6255,108,96,12,12
6256,103,102,1,1
6257,57,65,-8,8
6258,30,35,-5,5
6259,70,73,-3,3
6260,93,100,-7,7
6261,75,67,8,8
6262,46,44,2,2
6263,169,120,49,49
6264,88,83,5,5
6265,71,73,-2,2
6266,97,91,6,6
6267,133,121,12,12
6268,77,75,2,2
6269,93,92,1,1
6270,52,66,-14,14
6271,124,136,-12,12
6272,60,87,-27,27
6273,53,59,-6,6
6274,98,91,7,7
6275,105,83,22,22
6276,92,83,9,9
6277,106,96,10,10
6278,55,56,-1,1
6279,94,101,-7,7
6280,94,82,12,12
6281,67,75,-8,8
6282,109,102,7,7
6283,61,66,-5,5
6284,49,55,-6,6
6285,99,94,5,5
6286,109,90,19,19
6287,73,66,7,7
6288,107,105,2,2
6289,82,77,5,5
6290,122,116,6,6
6291,50,40,10,10
6292,102,88,14,14
6293,99,96,3,3
6294,40,34,6,6
6295,61,47,14,14
6296,94,95,-1,1
6297,55,55,0,0
6298,66,63,3,3
6299,58,61,-3,3
6300,139,150,-11,11
6301,104,84,20,20
6302,74,65,9,9
6303,77,76,1,1
6304,77,70,7,7
6305,91,89,2,2
6306,74,69,5,5
6307,63,56,7,7
6308,56,52,4,4
6309,103,108,-5,5
6310,83,76,7,7
6311,69,71,-2,2
6312,165,150,15,15
6313,109,106,3,3
6314,93,77,16,16
6315,123,119,4,4
6316,142,140,2,2
6317,71,59,12,12
6318,102,105,-3,3
6319,81,79,2,2
6320,178,156,22,22
6321,75,66,9,9
6322,68,57,11,11
6323,135,124,11,11
6324,103,99,4,4
6325,108,109,-1,1
6326,62,86,-24,24
6327,95,96,-1,1
6328,114,106,8,8
6329,120,123,-3,3
6330,124,135,-11,11
6331,90,88,2,2
6332,29,43,-14,14
6333,69,69,0,0
6334,61,69,-8,8
6335,85,80,5,5
6336,83,85,-2,2
6337,122,113,9,9
6338,148,138,10,10
6339,108,93,15,15
6340,96,98,-2,2
6341,75,78,-3,3
6342,101,119,-18,18
6343,81,73,8,8
6344,98,101,-3,3
6345,95,90,5,5
6346,100,88,12,12
6347,96,93,3,3
6348,161,177,-16,16
6349,84,78,6,6
6350,55,55,0,0
6351,59,56,3,3
6352,124,123,1,1
6353,137,135,2,2
6354,118,110,8,8
6355,144,128,16,16
6356,182,175,7,7
6357,126,125,1,1
6358,127,120,7,7
6359,111,108,3,3
6360,92,89,3,3
6361,106,105,1,1
6362,74,75,-1,1
6363,68,81,-13,13
6364,108,113,-5,5
6365,95,84,11,11
6366,103,102,1,1
6367,81,79,2,2
6368,86,91,-5,5
6369,170,155,15,15
6370,50,51,-1,1
6371,51,52,-1,1
6372,94,79,15,15
6373,146,161,-15,15
6374,74,71,3,3
6375,100,91,9,9
6376,128,113,15,15
6377,74,70,4,4
6378,108,120,-12,12
6379,77,84,-7,7
6380,63,61,2,2
6381,50,48,2,2
6382,109,97,12,12
6383,52,50,2,2
6384,68,91,-23,23
6385,90,88,2,2
6386,80,82,-2,2
6387,55,58,-3,3
6388,103,97,6,6
6389,84,91,-7,7
6390,90,76,14,14
6391,66,66,0,0
6392,167,166,1,1
6393,82,81,1,1
6394,73,65,8,8
6395,86,93,-7,7
6396,71,71,0,0
6397,80,87,-7,7
6398,92,100,-8,8
6399,117,97,20,20
6400,51,64,-13,13
6401,94,113,-19,19
6402,84,76,8,8
6403,135,137,-2,2
6404,66,67,-1,1
6405,151,147,4,4
6406,92,85,7,7
6407,102,97,5,5
6408,116,104,12,12
6409,50,56,-6,6
6410,88,88,0,0
6411,119,111,8,8
6412,107,104,3,3
6413,93,98,-5,5
6414,142,131,11,11
6415,52,42,10,10
6416,115,120,-5,5
6417,52,50,2,2
6418,56,61,-5,5
6419,152,129,23,23
6420,83,68,15,15
6421,62,62,0,0
6422,64,72,-8,8
6423,119,112,7,7
6424,157,139,18,18
6425,51,61,-10,10
6426,118,120,-2,2
6427,58,63,-5,5
6428,94,87,7,7
6429,45,52,-7,7
6430,120,115,5,5
6431,88,79,9,9
6432,84,96,-12,12
6433,131,130,1,1
6434,98,89,9,9
6435,50,43,7,7
6436,88,77,11,11
6437,101,114,-13,13
6438,78,70,8,8
6439,40,61,-21,21
6440,103,113,-10,10
6441,96,84,12,12
6442,83,79,4,4
6443,93,90,3,3
6444,82,79,3,3
6445,103,89,14,14
6446,41,67,-26,26
6447,39,45,-6,6
6448,60,53,7,7
6449,137,117,20,20
6450,46,50,-4,4
6451,51,48,3,3
6452,82,83,-1,1
6453,131,122,9,9
6454,66,64,2,2
6455,76,74,2,2
6456,204,191,13,13
6457,106,108,-2,2
6458,72,71,1,1
6459,145,148,-3,3
6460,80,76,4,4
6461,89,89,0,0
6462,148,146,2,2
6463,141,124,17,17
6464,59,63,-4,4
6465,51,46,5,5
6466,88,78,10,10
6467,77,77,0,0
6468,103,106,-3,3
6469,94,81,13,13
6470,92,96,-4,4
6471,82,77,5,5
6472,89,90,-1,1
6473,72,69,3,3
6474,135,133,2,2
6475,135,124,11,11
6476,85,78,7,7
6477,63,66,-3,3
6478,173,164,9,9
6479,108,113,-5,5
6480,141,105,36,36
6481,85,93,-8,8
6482,144,146,-2,2
6483,66,58,8,8
6484,86,87,-1,1
6485,84,72,12,12
6486,107,103,4,4
6487,60,55,5,5
6488,62,64,-2,2
6489,174,177,-3,3
6490,68,60,8,8
6491,74,80,-6,6
6492,67,61,6,6
6493,72,64,8,8
6494,117,100,17,17
6495,93,119,-26,26
6496,69,72,-3,3
6497,75,71,4,4
6498,84,75,9,9
6499,101,103,-2,2
6500,78,69,9,9
6501,202,199,3,3
6502,97,108,-11,11
6503,79,77,2,2
6504,97,106,-9,9
6505,60,64,-4,4
6506,58,57,1,1
6507,113,111,2,2
6508,63,64,-1,1
6509,79,73,6,6
6510,94,92,2,2
6511,129,131,-2,2
6512,142,148,-6,6
6513,96,92,4,4
6514,83,79,4,4
6515,137,126,11,11
6516,99,84,15,15
6517,92,93,-1,1
6518,92,105,-13,13
6519,69,62,7,7
6520,126,138,-12,12
6521,148,158,-10,10
6522,90,87,3,3
6523,94,88,6,6
6524,111,108,3,3
6525,86,93,-7,7
6526,49,62,-13,13
6527,124,118,6,6
6528,107,107,0,0
6529,129,129,0,0
6530,58,56,2,2
6531,70,62,8,8
6532,70,74,-4,4
6533,91,79,12,12
6534,86,80,6,6
6535,102,98,4,4
6536,83,83,0,0
6537,119,119,0,0
6538,76,79,-3,3
6539,49,41,8,8
6540,94,82,12,12
6541,124,90,34,34
6542,65,58,7,7
6543,96,107,-11,11
6544,170,169,1,1
6545,68,72,-4,4
6546,28,39,-11,11
6547,135,141,-6,6
6548,151,135,16,16
6549,80,80,0,0
6550,79,89,-10,10
6551,68,78,-10,10
6552,118,108,10,10
6553,73,72,1,1
6554,104,111,-7,7
6555,147,128,19,19
6556,91,90,1,1
6557,147,134,13,13
6558,55,59,-4,4
6559,66,66,0,0
6560,121,114,7,7
6561,70,67,3,3
6562,107,106,1,1
6563,153,152,1,1
6564,124,131,-7,7
6565,59,63,-4,4
6566,90,89,1,1
6567,57,56,1,1
6568,129,125,4,4
6569,98,103,-5,5
6570,152,140,12,12
6571,55,59,-4,4
6572,93,62,31,31
6573,61,57,4,4
6574,135,127,8,8
6575,72,66,6,6
6576,105,110,-5,5
6577,65,84,-19,19
6578,91,87,4,4
6579,117,111,6,6
6580,85,83,2,2
6581,125,115,10,10
6582,57,53,4,4
6583,151,139,12,12
6584,68,65,3,3
6585,104,113,-9,9
6586,53,56,-3,3
6587,88,87,1,1
6588,91,79,12,12
6589,184,162,22,22
6590,99,96,3,3
6591,189,178,11,11
6592,186,172,14,14
6593,125,113,12,12
6594,62,68,-6,6
6595,103,111,-8,8
6596,183,184,-1,1
6597,62,46,16,16
6598,66,66,0,0
6599,73,65,8,8
6600,114,113,1,1
6601,123,129,-6,6
6602,108,96,12,12
6603,115,105,10,10
6604,124,115,9,9
6605,66,71,-5,5
6606,104,109,-5,5
6607,75,73,2,2
6608,108,115,-7,7
6609,81,82,-1,1
6610,82,74,8,8
6611,80,68,12,12
6612,30,40,-10,10
6613,90,86,4,4
6614,62,52,10,10
6615,86,79,7,7
6616,56,60,-4,4
6617,95,100,-5,5
6618,100,98,2,2
6619,102,97,5,5
6620,102,98,4,4
6621,59,55,4,4
6622,152,122,30,30
6623,163,165,-2,2
6624,143,142,1,1
6625,162,158,4,4
6626,84,80,4,4
6627,78,83,-5,5
6628,92,103,-11,11
6629,79,80,-1,1
6630,78,70,8,8
6631,120,103,17,17
6632,99,87,12,12
6633,103,92,11,11
6634,76,83,-7,7
6635,80,79,1,1
6636,66,70,-4,4
6637,128,129,-1,1
6638,85,70,15,15
6639,100,99,1,1
6640,46,61,-15,15
6641,125,127,-2,2
6642,111,116,-5,5
6643,119,121,-2,2
6644,59,58,1,1
6645,55,68,-13,13
6646,158,150,8,8
6647,106,111,-5,5
6648,136,137,-1,1
6649,108,100,8,8
6650,124,120,4,4
6651,106,102,4,4
6652,92,80,12,12
6653,118,130,-12,12
6654,108,99,9,9
6655,114,95,19,19
6656,51,61,-10,10
6657,85,80,5,5
6658,61,85,-24,24
6659,74,79,-5,5
6660,67,62,5,5
6661,108,107,1,1
6662,132,134,-2,2
6663,78,69,9,9
6664,102,119,-17,17
6665,175,156,19,19
6666,140,138,2,2
6667,93,84,9,9
6668,75,84,-9,9
6669,98,94,4,4
6670,98,86,12,12
6671,119,107,12,12
6672,121,146,-25,25
6673,94,95,-1,1
6674,117,91,26,26
6675,108,106,2,2
6676,87,101,-14,14
6677,100,90,10,10
6678,88,82,6,6
6679,86,75,11,11
6680,65,70,-5,5
6681,81,77,4,4
6682,89,101,-12,12
6683,114,102,12,12
6684,108,110,-2,2
6685,95,85,10,10
6686,100,88,12,12
6687,98,97,1,1
6688,88,83,5,5
6689,95,94,1,1
6690,92,93,-1,1
6691,161,159,2,2
6692,57,59,-2,2
6693,89,90,-1,1
6694,67,51,16,16
6695,101,98,3,3
6696,102,108,-6,6
6697,84,80,4,4
6698,64,62,2,2
6699,127,129,-2,2
6700,97,100,-3,3
6701,101,95,6,6
6702,65,69,-4,4
6703,89,78,11,11
6704,70,73,-3,3
6705,67,63,4,4
6706,169,160,9,9
6707,59,60,-1,1
6708,163,152,11,11
6709,38,49,-11,11
6710,117,119,-2,2
6711,53,62,-9,9
6712,52,44,8,8
6713,120,122,-2,2
6714,80,64,16,16
6715,52,58,-6,6
6716,127,139,-12,12
6717,87,107,-20,20
6718,54,66,-12,12
6719,66,53,13,13
6720,98,90,8,8
6721,112,114,-2,2
6722,56,58,-2,2
6723,114,112,2,2
6724,90,84,6,6
6725,87,85,2,2
6726,58,55,3,3
6727,118,117,1,1
6728,96,93,3,3
6729,102,107,-5,5
6730,84,100,-16,16
6731,111,109,2,2
6732,62,66,-4,4
6733,73,68,5,5
6734,69,72,-3,3
6735,133,126,7,7
6736,87,80,7,7
6737,64,64,0,0
6738,85,85,0,0
6739,103,97,6,6
6740,86,83,3,3
6741,68,68,0,0
6742,145,151,-6,6
6743,74,65,9,9
6744,91,98,-7,7
6745,102,94,8,8
6746,128,126,2,2
6747,104,99,5,5
6748,110,111,-1,1
6749,56,52,4,4
6750,83,83,0,0
6751,109,121,-12,12
6752,77,73,4,4
6753,164,144,20,20
6754,137,128,9,9
6755,134,122,12,12
6756,172,163,9,9
6757,116,115,1,1
6758,80,75,5,5
6759,50,57,-7,7
6760,168,147,21,21
6761,68,66,2,2
6762,88,93,-5,5
6763,48,60,-12,12
6764,60,52,8,8
6765,135,138,-3,3
6766,75,67,8,8
6767,187,185,2,2
6768,78,65,13,13
6769,117,100,17,17
6770,109,109,0,0
6771,79,64,15,15
6772,80,76,4,4
6773,72,69,3,3
6774,105,109,-4,4
6775,130,137,-7,7
6776,108,116,-8,8
6777,39,47,-8,8
6778,94,97,-3,3
6779,76,82,-6,6
6780,84,78,6,6
6781,110,125,-15,15
6782,79,79,0,0
6783,129,96,33,33
6784,66,62,4,4
6785,73,71,2,2
6786,90,84,6,6
6787,69,68,1,1
6788,76,64,12,12
6789,96,111,-15,15
6790,113,119,-6,6
6791,118,122,-4,4
6792,78,76,2,2
6793,92,85,7,7
6794,96,87,9,9
6795,111,122,-11,11
6796,143,151,-8,8
6797,101,102,-1,1
6798,99,101,-2,2
6799,110,128,-18,18
6800,105,108,-3,3
6801,79,74,5,5
6802,80,79,1,1
6803,54,45,9,9
6804,86,78,8,8
6805,66,75,-9,9
6806,96,91,5,5
6807,151,150,1,1
6808,78,95,-17,17
6809,82,93,-11,11
6810,93,86,7,7
6811,57,69,-12,12
6812,129,127,2,2
6813,89,91,-2,2
6814,83,73,10,10
6815,72,81,-9,9
6816,85,89,-4,4
6817,58,60,-2,2
6818,69,63,6,6
6819,69,84,-15,15
6820,55,63,-8,8
6821,114,91,23,23
6822,145,126,19,19
6823,81,82,-1,1
6824,41,57,-16,16
6825,88,103,-15,15
6826,108,106,2,2
6827,104,104,0,0
6828,74,68,6,6
6829,111,106,5,5
6830,74,66,8,8
6831,82,74,8,8
6832,129,130,-1,1
6833,75,75,0,0
6834,137,130,7,7
6835,135,131,4,4
6836,93,85,8,8
6837,73,88,-15,15
6838,125,123,2,2
6839,110,124,-14,14
6840,147,154,-7,7
6841,86,93,-7,7
6842,96,87,9,9
6843,104,94,10,10
6844,110,110,0,0
6845,80,74,6,6
6846,66,69,-3,3
6847,168,161,7,7
6848,123,133,-10,10
6849,138,147,-9,9
6850,66,60,6,6
6851,66,60,6,6
6852,143,133,10,10
6853,88,75,13,13
6854,76,83,-7,7
6855,143,149,-6,6
6856,108,93,15,15
6857,74,68,6,6
6858,76,69,7,7
6859,59,64,-5,5
6860,87,80,7,7
6861,113,100,13,13
6862,57,60,-3,3
6863,56,64,-8,8
6864,102,89,13,13
6865,74,69,5,5
6866,89,90,-1,1
6867,75,75,0,0
6868,128,131,-3,3
6869,106,106,0,0
6870,92,83,9,9
6871,138,142,-4,4
6872,75,68,7,7
6873,103,100,3,3
6874,120,113,7,7
6875,136,122,14,14
6876,72,71,1,1
6877,128,129,-1,1
6878,128,129,-1,1
6879,150,144,6,6
6880,86,77,9,9
6881,85,78,7,7
6882,62,55,7,7
6883,76,69,7,7
6884,123,118,5,5
6885,64,65,-1,1
6886,116,121,-5,5
6887,62,63,-1,1
6888,81,79,2,2
6889,118,115,3,3
6890,117,114,3,3
6891,123,118,5,5
6892,144,129,15,15
6893,109,108,1,1
6894,79,75,4,4
6895,97,98,-1,1
6896,87,67,20,20
6897,55,48,7,7
6898,65,66,-1,1
6899,103,103,0,0
6900,90,70,20,20
6901,87,78,9,9
6902,43,41,2,2
6903,92,90,2,2
6904,147,147,0,0
6905,106,103,3,3
6906,68,80,-12,12
6907,71,55,16,16
6908,97,94,3,3
6909,93,103,-10,10
6910,69,83,-14,14
6911,92,99,-7,7
6912,77,81,-4,4
6913,132,123,9,9
6914,87,92,-5,5
6915,118,114,4,4
6916,58,58,0,0
6917,43,37,6,6
6918,80,82,-2,2
6919,118,110,8,8
6920,107,119,-12,12
6921,132,130,2,2
6922,86,83,3,3
6923,114,104,10,10
6924,85,79,6,6
6925,66,71,-5,5
6926,65,64,1,1
6927,84,91,-7,7
6928,122,131,-9,9
6929,74,80,-6,6
6930,154,161,-7,7
6931,93,90,3,3
6932,40,84,-44,44
6933,88,77,11,11
6934,84,83,1,1
6935,67,67,0,0
6936,113,115,-2,2
6937,110,116,-6,6
6938,217,188,29,29
6939,99,98,1,1
6940,107,107,0,0
6941,120,117,3,3
6942,116,113,3,3
6943,70,73,-3,3
6944,86,84,2,2
6945,89,91,-2,2
6946,75,63,12,12
6947,72,65,7,7
6948,75,73,2,2
6949,55,59,-4,4
6950,196,192,4,4
6951,114,103,11,11
6952,142,79,63,63
6953,76,78,-2,2
6954,71,60,11,11
6955,80,86,-6,6
6956,81,78,3,3
6957,106,89,17,17
6958,126,123,3,3
6959,114,114,0,0
6960,90,91,-1,1
6961,134,128,6,6
6962,112,113,-1,1
6963,86,80,6,6
6964,109,104,5,5
6965,98,104,-6,6
6966,123,127,-4,4
6967,48,43,5,5
6968,89,87,2,2
6969,141,141,0,0
6970,122,123,-1,1
6971,65,75,-10,10
6972,163,156,7,7
6973,106,105,1,1
6974,145,148,-3,3
6975,65,56,9,9
6976,111,93,18,18
6977,110,109,1,1
6978,40,43,-3,3
6979,77,77,0,0
6980,81,75,6,6
6981,136,125,11,11
6982,124,132,-8,8
6983,107,114,-7,7
6984,83,83,0,0
6985,137,128,9,9
6986,93,94,-1,1
6987,95,95,0,0
6988,82,86,-4,4
6989,91,91,0,0
6990,139,125,14,14
6991,49,49,0,0
6992,36,52,-16,16
6993,76,60,16,16
6994,57,58,-1,1
6995,128,133,-5,5
6996,77,91,-14,14
6997,86,86,0,0
6998,144,140,4,4
6999,72,76,-4,4
7000,48,52,-4,4
7001,86,80,6,6
7002,96,90,6,6
7003,67,69,-2,2
7004,65,67,-2,2
7005,132,115,17,17
7006,128,121,7,7
7007,115,111,4,4
7008,109,105,4,4
7009,63,56,7,7
7010,55,61,-6,6
7011,119,104,15,15
7012,70,69,1,1
7013,125,119,6,6
7014,146,133,13,13
7015,84,78,6,6
7016,120,126,-6,6
7017,83,84,-1,1
7018,68,62,6,6
7019,106,97,9,9
7020,147,128,19,19
7021,81,74,7,7
7022,87,87,0,0
7023,86,84,2,2
7024,67,72,-5,5
7025,100,96,4,4
7026,81,79,2,2
7027,70,72,-2,2
7028,94,82,12,12
7029,123,111,12,12
7030,121,110,11,11
7031,71,69,2,2
7032,73,65,8,8
7033,79,77,2,2
7034,98,97,1,1
7035,147,111,36,36
7036,86,94,-8,8
7037,83,75,8,8
7038,117,108,9,9
7039,93,96,-3,3
7040,44,46,-2,2
7041,68,69,-1,1
7042,74,71,3,3
7043,76,89,-13,13
7044,96,89,7,7
7045,80,68,12,12
7046,73,79,-6,6
7047,93,87,6,6
7048,48,62,-14,14
7049,85,84,1,1
7050,140,145,-5,5
7051,81,82,-1,1
7052,57,64,-7,7
7053,93,87,6,6
7054,119,119,0,0
7055,129,143,-14,14
7056,88,78,10,10
7057,101,98,3,3
7058,91,86,5,5
7059,59,53,6,6
7060,109,116,-7,7
7061,89,76,13,13
7062,101,94,7,7
7063,116,114,2,2
7064,86,94,-8,8
7065,113,112,1,1
7066,101,88,13,13
7067,110,115,-5,5
7068,115,145,-30,30
7069,137,146,-9,9
7070,64,69,-5,5
7071,133,123,10,10
7072,80,87,-7,7
7073,61,57,4,4
7074,116,123,-7,7
7075,154,147,7,7
7076,69,66,3,3
7077,123,122,1,1
7078,63,62,1,1
7079,99,116,-17,17
7080,52,56,-4,4
7081,86,78,8,8
7082,79,72,7,7
7083,97,107,-10,10
7084,68,68,0,0
7085,79,78,1,1
7086,82,67,15,15
7087,66,56,10,10
7088,28,36,-8,8
7089,54,63,-9,9
7090,76,70,6,6
7091,74,80,-6,6
7092,97,96,1,1
7093,82,76,6,6
7094,103,103,0,0
7095,61,56,5,5
7096,69,61,8,8
7097,60,61,-1,1
7098,61,82,-21,21
7099,100,103,-3,3
7100,100,104,-4,4
7101,129,116,13,13
7102,184,168,16,16
7103,119,120,-1,1
7104,91,83,8,8
7105,99,110,-11,11
7106,100,96,4,4
7107,58,62,-4,4
7108,70,64,6,6
7109,76,85,-9,9
7110,77,75,2,2
7111,70,67,3,3
7112,116,110,6,6
7113,149,149,0,0
7114,124,124,0,0
7115,139,122,17,17
7116,142,154,-12,12
7117,77,80,-3,3
7118,96,82,14,14
7119,215,194,21,21
7120,70,72,-2,2
7121,118,115,3,3
7122,89,83,6,6
7123,106,97,9,9
7124,117,109,8,8
7125,60,61,-1,1
7126,67,65,2,2
7127,149,159,-10,10
7128,364,378,-14,14
7129,110,105,5,5
7130,106,93,13,13
7131,161,161,0,0
7132,119,128,-9,9
7133,113,137,-24,24
7134,100,104,-4,4
7135,51,66,-15,15
7136,121,116,5,5
7137,108,110,-2,2
7138,107,109,-2,2
7139,62,56,6,6
7140,84,84,0,0
7141,93,81,12,12
7142,143,147,-4,4
7143,136,128,8,8
7144,53,60,-7,7
7145,97,103,-6,6
7146,139,144,-5,5
7147,126,125,1,1
7148,46,54,-8,8
7149,172,175,-3,3
7150,101,101,0,0
7151,89,93,-4,4
7152,118,105,13,13
7153,71,79,-8,8
7154,120,126,-6,6
7155,77,73,4,4
7156,145,132,13,13
7157,45,44,1,1
7158,80,74,6,6
7159,58,56,2,2
7160,117,113,4,4
7161,91,88,3,3
7162,192,183,9,9
7163,68,62,6,6
7164,71,62,9,9
7165,82,81,1,1
7166,84,80,4,4
7167,70,75,-5,5
7168,47,58,-11,11
7169,95,85,10,10
7170,59,57,2,2
7171,154,138,16,16
7172,131,122,9,9
7173,98,96,2,2
7174,38,50,-12,12
7175,86,89,-3,3
7176,55,58,-3,3
7177,40,44,-4,4
7178,119,110,9,9
7179,247,207,40,40
7180,96,92,4,4
7181,69,73,-4,4
7182,87,88,-1,1
7183,93,100,-7,7
7184,84,78,6,6
7185,127,133,-6,6
7186,106,101,5,5
7187,62,58,4,4
7188,84,85,-1,1
7189,48,55,-7,7
7190,116,117,-1,1
7191,83,80,3,3
7192,123,126,-3,3
7193,97,85,12,12
7194,119,113,6,6
7195,113,117,-4,4
7196,70,73,-3,3
7197,123,122,1,1
7198,86,77,9,9
7199,49,59,-10,10
7200,113,102,11,11
7201,100,88,12,12
7202,131,127,4,4
7203,93,90,3,3
7204,92,85,7,7
7205,73,64,9,9
7206,61,59,2,2
7207,72,65,7,7
7208,91,86,5,5
7209,86,84,2,2
7210,82,70,12,12
7211,179,180,-1,1
7212,121,111,10,10
7213,58,54,4,4
7214,83,77,6,6
7215,100,79,21,21
7216,84,79,5,5
7217,76,70,6,6
7218,83,67,16,16
7219,81,86,-5,5
7220,119,113,6,6
7221,160,149,11,11
7222,97,101,-4,4
7223,143,160,-17,17
7224,49,49,0,0
7225,188,174,14,14
7226,79,80,-1,1
7227,62,65,-3,3
7228,71,66,5,5
7229,114,122,-8,8
7230,167,178,-11,11
7231,100,84,16,16
7232,90,81,9,9
7233,106,108,-2,2
7234,129,133,-4,4
7235,81,79,2,2
7236,52,58,-6,6
7237,86,80,6,6
7238,92,109,-17,17
7239,59,58,1,1
7240,98,111,-13,13
7241,94,87,7,7
7242,173,167,6,6
7243,82,89,-7,7
7244,121,123,-2,2
7245,84,80,4,4
7246,44,45,-1,1
7247,88,89,-1,1
7248,91,79,12,12
7249,97,85,12,12
7250,46,46,0,0
7251,114,114,0,0
7252,108,97,11,11
7253,66,62,4,4
7254,71,70,1,1
7255,76,73,3,3
7256,159,158,1,1
7257,39,51,-12,12
7258,47,57,-10,10
7259,142,132,10,10
7260,124,130,-6,6
7261,109,116,-7,7
7262,110,112,-2,2
7263,59,57,2,2
7264,107,92,15,15
7265,59,50,9,9
7266,93,97,-4,4
7267,96,96,0,0
7268,40,58,-18,18
7269,124,114,10,10
7270,90,76,14,14
7271,52,52,0,0
7272,95,78,17,17
7273,81,73,8,8
7274,171,160,11,11
7275,78,60,18,18
7276,97,85,12,12
7277,82,88,-6,6
7278,93,91,2,2
7279,106,110,-4,4
7280,129,119,10,10
7281,110,119,-9,9
7282,28,50,-22,22
7283,152,158,-6,6
7284,113,108,5,5
7285,62,60,2,2
7286,51,53,-2,2
7287,167,182,-15,15
7288,60,52,8,8
7289,176,168,8,8
7290,139,140,-1,1
7291,193,194,-1,1
7292,78,88,-10,10
7293,76,65,11,11
7294,80,81,-1,1
7295,86,100,-14,14
7296,102,94,8,8
7297,51,44,7,7
7298,32,37,-5,5
7299,133,115,18,18
7300,160,144,16,16
7301,75,71,4,4
7302,84,74,10,10
7303,85,81,4,4
7304,89,92,-3,3
7305,69,56,13,13
7306,113,114,-1,1
7307,69,65,4,4
7308,76,77,-1,1
7309,56,78,-22,22
7310,86,75,11,11
7311,92,97,-5,5
7312,54,62,-8,8
7313,100,86,14,14
7314,37,36,1,1
7315,140,141,-1,1
7316,57,70,-13,13
7317,83,80,3,3
7318,75,63,12,12
7319,59,59,0,0
7320,99,118,-19,19
7321,108,99,9,9
7322,93,100,-7,7
7323,78,82,-4,4
7324,166,164,2,2
7325,81,82,-1,1
7326,80,77,3,3
7327,166,146,20,20
7328,56,57,-1,1
7329,108,104,4,4
7330,88,90,-2,2
7331,124,133,-9,9
7332,71,67,4,4
7333,111,98,13,13
7334,77,94,-17,17
7335,84,84,0,0
7336,85,79,6,6
7337,103,92,11,11
7338,67,70,-3,3
7339,128,116,12,12
7340,54,53,1,1
7341,98,92,6,6
7342,115,134,-19,19
7343,80,85,-5,5
7344,66,61,5,5
7345,84,75,9,9
7346,179,170,9,9
7347,70,70,0,0
7348,93,92,1,1
7349,139,153,-14,14
7350,136,127,9,9
7351,173,175,-2,2
7352,112,106,6,6
7353,76,89,-13,13
7354,112,115,-3,3
7355,118,128,-10,10
7356,109,103,6,6
7357,101,107,-6,6
7358,105,98,7,7
7359,67,62,5,5
7360,131,122,9,9
7361,41,50,-9,9
7362,49,45,4,4
7363,113,113,0,0
7364,137,137,0,0
7365,96,100,-4,4
7366,68,61,7,7
7367,110,111,-1,1
7368,70,68,2,2
7369,155,159,-4,4
7370,58,60,-2,2
7371,140,143,-3,3
7372,119,120,-1,1
7373,67,66,1,1
7374,79,85,-6,6
7375,68,68,0,0
7376,62,55,7,7
7377,48,54,-6,6
7378,104,112,-8,8
7379,67,78,-11,11
7380,63,64,-1,1
7381,70,60,10,10
7382,83,83,0,0
7383,66,73,-7,7
7384,67,75,-8,8
7385,54,56,-2,2
7386,144,146,-2,2
7387,68,67,1,1
7388,76,76,0,0
7389,62,57,5,5
7390,147,132,15,15
7391,80,93,-13,13
7392,53,56,-3,3
7393,73,57,16,16
7394,74,71,3,3
7395,63,65,-2,2
7396,111,113,-2,2
7397,199,180,19,19
7398,90,83,7,7
7399,65,64,1,1
7400,68,60,8,8
7401,81,86,-5,5
7402,95,93,2,2
7403,83,80,3,3
7404,99,89,10,10
7405,64,77,-13,13
7406,70,67,3,3
7407,62,56,6,6
7408,60,60,0,0
7409,84,82,2,2
7410,63,63,0,0
7411,91,92,-1,1
7412,53,67,-14,14
7413,114,107,7,7
7414,102,92,10,10
7415,80,69,11,11
7416,85,89,-4,4
7417,112,116,-4,4
7418,86,80,6,6
7419,61,63,-2,2
7420,118,107,11,11
7421,108,84,24,24
7422,179,161,18,18
7423,87,88,-1,1
7424,185,187,-2,2
7425,91,86,5,5
7426,73,73,0,0
7427,63,57,6,6
7428,159,147,12,12
7429,146,147,-1,1
7430,75,78,-3,3
7431,73,69,4,4
7432,107,89,18,18
7433,93,90,3,3
7434,89,94,-5,5
7435,82,93,-11,11
7436,79,69,10,10
7437,50,56,-6,6
7438,69,68,1,1
7439,89,95,-6,6
7440,145,151,-6,6
7441,84,83,1,1
7442,115,116,-1,1
7443,103,115,-12,12
7444,90,92,-2,2
7445,57,45,12,12
7446,118,92,26,26
7447,99,104,-5,5
7448,124,118,6,6
7449,102,113,-11,11
7450,97,98,-1,1
7451,64,60,4,4
7452,78,78,0,0
7453,121,119,2,2
7454,163,155,8,8
7455,63,59,4,4
7456,53,60,-7,7
7457,71,61,10,10
7458,79,81,-2,2
7459,102,102,0,0
7460,130,122,8,8
7461,114,114,0,0
7462,118,125,-7,7
7463,93,98,-5,5
7464,78,78,0,0
7465,87,88,-1,1
7466,107,94,13,13
7467,105,95,10,10
7468,135,103,32,32
7469,64,59,5,5
7470,80,73,7,7
7471,79,90,-11,11
7472,156,167,-11,11
7473,123,126,-3,3
7474,81,89,-8,8
7475,91,90,1,1
7476,184,167,17,17
7477,62,69,-7,7
7478,76,82,-6,6
7479,112,113,-1,1
7480,60,59,1,1
7481,103,93,10,10
7482,83,86,-3,3
7483,69,68,1,1
7484,206,202,4,4
7485,78,79,-1,1
7486,82,69,13,13
7487,81,85,-4,4
7488,39,35,4,4
7489,109,118,-9,9
7490,32,55,-23,23
7491,65,76,-11,11
7492,88,81,7,7
7493,94,94,0,0
7494,87,86,1,1
7495,74,74,0,0
7496,88,77,11,11
7497,103,108,-5,5
7498,72,53,19,19
7499,83,86,-3,3
7500,197,215,-18,18
7501,41,41,0,0
7502,76,76,0,0
7503,129,104,25,25
7504,40,56,-16,16
7505,136,142,-6,6
7506,62,55,7,7
7507,66,73,-7,7
7508,106,123,-17,17
7509,62,58,4,4
7510,109,104,5,5
7511,136,126,10,10
7512,100,85,15,15
7513,160,157,3,3
7514,105,99,6,6
7515,122,116,6,6
7516,98,90,8,8
7517,78,75,3,3
7518,75,67,8,8
7519,67,59,8,8
7520,56,53,3,3
7521,60,57,3,3
7522,38,38,0,0
7523,53,55,-2,2
7524,57,66,-9,9
7525,113,107,6,6
7526,83,80,3,3
7527,81,69,12,12
7528,136,138,-2,2
7529,78,70,8,8
7530,89,82,7,7
7531,86,85,1,1
7532,68,68,0,0
7533,156,155,1,1
7534,85,78,7,7
7535,126,131,-5,5
7536,57,61,-4,4
7537,114,120,-6,6
7538,113,102,11,11
7539,75,79,-4,4
7540,130,123,7,7
7541,79,61,18,18
7542,112,112,0,0
7543,120,117,3,3
7544,76,78,-2,2
7545,86,76,10,10
7546,60,61,-1,1
7547,52,52,0,0
7548,80,65,15,15
7549,136,127,9,9
7550,71,72,-1,1
7551,152,152,0,0
7552,59,63,-4,4
7553,88,77,11,11
7554,71,57,14,14
7555,71,65,6,6
7556,88,91,-3,3
7557,44,42,2,2
7558,95,97,-2,2
7559,99,85,14,14
7560,74,80,-6,6
7561,148,139,9,9
7562,74,67,7,7
7563,103,92,11,11
7564,70,63,7,7
7565,128,120,8,8
7566,70,107,-37,37
7567,69,71,-2,2
7568,95,71,24,24
7569,125,125,0,0
7570,87,102,-15,15
7571,130,134,-4,4
7572,105,121,-16,16
7573,96,94,2,2
7574,90,92,-2,2
7575,52,54,-2,2
7576,77,88,-11,11
7577,143,137,6,6
7578,97,105,-8,8
7579,81,80,1,1
7580,55,46,9,9
7581,122,125,-3,3
7582,59,54,5,5
7583,106,103,3,3
7584,146,137,9,9
7585,62,58,4,4
7586,122,121,1,1
7587,166,163,3,3
7588,76,65,11,11
7589,82,93,-11,11
7590,114,108,6,6
7591,113,126,-13,13
7592,94,90,4,4
7593,113,122,-9,9
7594,79,80,-1,1
7595,106,105,1,1
7596,123,129,-6,6
7597,118,111,7,7
7598,80,70,10,10
7599,94,89,5,5
7600,89,77,12,12
7601,64,56,8,8
7602,113,116,-3,3
7603,137,132,5,5
7604,53,108,-55,55
7605,133,135,-2,2
7606,65,68,-3,3
7607,78,79,-1,1
7608,40,33,7,7
7609,60,62,-2,2
7610,52,54,-2,2
7611,136,132,4,4
7612,155,153,2,2
7613,94,93,1,1
7614,75,75,0,0
7615,36,45,-9,9
7616,132,129,3,3
7617,117,112,5,5
7618,136,149,-13,13
7619,141,130,11,11
7620,65,63,2,2
7621,96,75,21,21
7622,68,64,4,4
7623,144,123,21,21
7624,148,145,3,3
7625,117,115,2,2
7626,60,70,-10,10
7627,98,98,0,0
7628,114,108,6,6
7629,139,128,11,11
7630,109,97,12,12
7631,69,70,-1,1
7632,105,97,8,8
7633,116,118,-2,2
7634,72,63,9,9
7635,74,97,-23,23
7636,102,102,0,0
7637,62,59,3,3
7638,36,34,2,2
7639,94,86,8,8
7640,78,72,6,6
7641,150,141,9,9
7642,81,74,7,7
7643,154,157,-3,3
7644,115,118,-3,3
7645,44,51,-7,7
7646,88,95,-7,7
7647,80,76,4,4
7648,75,68,7,7
7649,58,58,0,0
7650,124,128,-4,4
7651,90,84,6,6
7652,117,110,7,7
7653,93,84,9,9
7654,133,126,7,7
7655,71,60,11,11
7656,82,86,-4,4
7657,66,65,1,1
7658,69,69,0,0
7659,112,107,5,5
7660,114,99,15,15
7661,81,68,13,13
7662,110,111,-1,1
7663,76,67,9,9
7664,97,101,-4,4
7665,83,82,1,1
7666,73,72,1,1
7667,109,102,7,7
7668,67,63,4,4
7669,101,109,-8,8
7670,74,69,5,5
7671,122,115,7,7
7672,51,57,-6,6
7673,80,91,-11,11
7674,118,115,3,3
7675,87,77,10,10
7676,84,72,12,12
7677,135,130,5,5
7678,51,95,-44,44
7679,121,91,30,30
7680,60,56,4,4
7681,150,147,3,3
7682,41,48,-7,7
7683,55,51,4,4
7684,149,129,20,20
7685,136,135,1,1
7686,121,109,12,12
7687,121,119,2,2
7688,50,58,-8,8
7689,61,63,-2,2
7690,129,112,17,17
7691,83,98,-15,15
7692,83,112,-29,29
7693,77,68,9,9
7694,110,103,7,7
7695,110,97,13,13
7696,108,114,-6,6
7697,95,96,-1,1
7698,91,82,9,9
7699,99,89,10,10
7700,105,105,0,0
7701,104,137,-33,33
7702,82,83,-1,1
7703,68,71,-3,3
7704,77,70,7,7
7705,103,99,4,4
7706,87,82,5,5
7707,55,58,-3,3
7708,94,90,4,4
7709,67,62,5,5
7710,75,91,-16,16
7711,137,137,0,0
7712,69,65,4,4
7713,67,69,-2,2
7714,77,94,-17,17
7715,68,65,3,3
7716,117,104,13,13
7717,109,112,-3,3
7718,164,143,21,21
7719,102,106,-4,4
7720,77,82,-5,5
7721,71,87,-16,16
7722,71,68,3,3
7723,146,134,12,12
7724,40,37,3,3
7725,121,115,6,6
7726,86,77,9,9
7727,99,98,1,1
7728,68,70,-2,2
7729,89,73,16,16
7730,71,67,4,4
7731,72,68,4,4
7732,49,44,5,5
7733,155,109,46,46
7734,145,148,-3,3
7735,102,110,-8,8
7736,131,128,3,3
7737,101,79,22,22
7738,61,60,1,1
7739,108,113,-5,5
7740,62,69,-7,7
7741,93,88,5,5
7742,84,76,8,8
7743,56,98,-42,42
7744,143,133,10,10
7745,145,133,12,12
7746,103,90,13,13
7747,88,87,1,1
7748,96,94,2,2
7749,63,70,-7,7
7750,88,82,6,6
7751,50,60,-10,10
7752,106,108,-2,2
7753,89,75,14,14
7754,101,109,-8,8
7755,134,127,7,7
7756,91,80,11,11
7757,134,148,-14,14
7758,79,87,-8,8
7759,161,151,10,10
7760,127,124,3,3
7761,88,94,-6,6
7762,61,66,-5,5
7763,60,67,-7,7
7764,102,90,12,12
7765,140,140,0,0
7766,69,64,5,5
7767,101,109,-8,8
7768,175,170,5,5
7769,129,146,-17,17
7770,115,120,-5,5
7771,88,103,-15,15
7772,79,78,1,1
7773,102,100,2,2
7774,43,42,1,1
7775,97,94,3,3
7776,132,139,-7,7
7777,58,53,5,5
7778,89,90,-1,1
7779,90,93,-3,3
7780,98,99,-1,1
7781,102,101,1,1
7782,88,89,-1,1
7783,106,106,0,0
7784,99,90,9,9
7785,151,143,8,8
7786,111,90,21,21
7787,65,63,2,2
7788,71,71,0,0
7789,79,92,-13,13
7790,65,62,3,3
7791,136,128,8,8
7792,151,155,-4,4
7793,108,101,7,7
7794,121,109,12,12
7795,54,61,-7,7
7796,96,99,-3,3
7797,98,83,15,15
7798,62,60,2,2
7799,78,79,-1,1
7800,97,89,8,8
7801,80,74,6,6
7802,65,69,-4,4
7803,74,81,-7,7
7804,118,120,-2,2
7805,109,101,8,8
7806,99,94,5,5
7807,78,83,-5,5
7808,59,68,-9,9
7809,84,100,-16,16
7810,108,109,-1,1
7811,89,91,-2,2
7812,119,109,10,10
7813,182,164,18,18
7814,133,109,24,24
7815,90,97,-7,7
7816,144,161,-17,17
7817,109,103,6,6
7818,154,129,25,25
7819,54,51,3,3
7820,59,62,-3,3
7821,120,121,-1,1
7822,113,121,-8,8
7823,90,86,4,4
7824,119,98,21,21
7825,72,71,1,1
7826,173,165,8,8
7827,252,249,3,3
7828,123,133,-10,10
7829,178,171,7,7
7830,207,198,9,9
7831,86,90,-4,4
7832,61,57,4,4
7833,82,87,-5,5
7834,77,72,5,5
7835,90,81,9,9
7836,85,98,-13,13
7837,133,147,-14,14
7838,67,86,-19,19
7839,71,78,-7,7
7840,118,125,-7,7
7841,168,165,3,3
7842,101,100,1,1
7843,126,115,11,11
7844,127,127,0,0
7845,197,183,14,14
7846,67,59,8,8
7847,59,57,2,2
7848,139,132,7,7
7849,84,79,5,5
7850,75,76,-1,1
7851,124,125,-1,1
7852,61,57,4,4
7853,78,71,7,7
7854,102,90,12,12
7855,50,46,4,4
7856,72,78,-6,6
7857,98,106,-8,8
7858,109,108,1,1
7859,97,93,4,4
7860,79,80,-1,1
7861,73,72,1,1
7862,114,103,11,11
7863,118,112,6,6
7864,101,103,-2,2
7865,103,105,-2,2
7866,49,51,-2,2
7867,49,49,0,0
7868,37,53,-16,16
7869,121,119,2,2
7870,69,72,-3,3
7871,126,127,-1,1
7872,91,79,12,12
7873,119,109,10,10
7874,105,101,4,4
7875,129,130,-1,1
7876,83,74,9,9
7877,99,86,13,13
7878,106,116,-10,10
7879,67,63,4,4
7880,132,130,2,2
7881,110,98,12,12
7882,72,65,7,7
7883,126,122,4,4
7884,129,141,-12,12
7885,74,65,9,9
7886,131,130,1,1
7887,97,99,-2,2
7888,118,124,-6,6
7889,124,126,-2,2
7890,66,76,-10,10
7891,99,85,14,14
7892,93,81,12,12
7893,169,175,-6,6
7894,109,114,-5,5
7895,194,174,20,20
7896,131,123,8,8
7897,67,70,-3,3
7898,102,90,12,12
7899,126,125,1,1
7900,166,173,-7,7
7901,52,53,-1,1
7902,129,143,-14,14
7903,175,170,5,5
7904,77,61,16,16
7905,52,51,1,1
7906,73,59,14,14
7907,97,102,-5,5
7908,49,49,0,0
7909,112,111,1,1
7910,108,105,3,3
7911,91,79,12,12
7912,84,104,-20,20
7913,35,45,-10,10
7914,182,196,-14,14
7915,61,61,0,0
7916,61,48,13,13
7917,79,81,-2,2
7918,55,56,-1,1
7919,64,64,0,0
7920,142,137,5,5
7921,66,63,3,3
7922,74,77,-3,3
7923,150,145,5,5
7924,99,94,5,5
7925,106,110,-4,4
7926,72,73,-1,1
7927,121,116,5,5
7928,114,111,3,3
7929,75,75,0,0
7930,65,69,-4,4
7931,116,120,-4,4
7932,99,94,5,5
7933,199,188,11,11
7934,60,62,-2,2
7935,67,62,5,5
7936,81,75,6,6
7937,178,138,40,40
7938,70,71,-1,1
7939,131,123,8,8
7940,149,140,9,9
7941,70,66,4,4
7942,97,103,-6,6
7943,104,90,14,14
7944,73,66,7,7
7945,74,78,-4,4
7946,87,95,-8,8
7947,112,120,-8,8
7948,126,118,8,8
7949,86,97,-11,11
7950,134,127,7,7
7951,117,87,30,30
7952,61,59,2,2
7953,71,80,-9,9
7954,80,82,-2,2
7955,63,68,-5,5
7956,70,57,13,13
7957,63,77,-14,14
7958,46,48,-2,2
7959,59,59,0,0
7960,89,87,2,2
7961,134,128,6,6
7962,113,108,5,5
7963,73,84,-11,11
7964,122,110,12,12
7965,59,54,5,5
7966,142,149,-7,7
7967,175,170,5,5
7968,61,54,7,7
7969,142,151,-9,9
7970,68,60,8,8
7971,51,50,1,1
7972,94,102,-8,8
7973,104,103,1,1
7974,85,87,-2,2
7975,155,164,-9,9
7976,157,171,-14,14
7977,115,110,5,5
7978,94,98,-4,4
7979,86,86,0,0
7980,115,125,-10,10
7981,85,78,7,7
7982,106,100,6,6
7983,64,63,1,1
7984,38,76,-38,38
7985,51,56,-5,5
7986,106,97,9,9
7987,101,109,-8,8
7988,46,62,-16,16
7989,85,86,-1,1
7990,104,103,1,1
7991,95,97,-2,2
7992,130,121,9,9
7993,151,144,7,7
7994,57,59,-2,2
7995,93,98,-5,5
7996,69,63,6,6
7997,39,37,2,2
7998,76,74,2,2
7999,84,72,12,12
8000,41,39,2,2
8001,45,52,-7,7
8002,68,72,-4,4
8003,82,76,6,6
8004,68,70,-2,2
8005,73,64,9,9
8006,49,62,-13,13
8007,93,88,5,5
8008,75,66,9,9
8009,85,78,7,7
8010,103,111,-8,8
8011,129,127,2,2
8012,116,123,-7,7
8013,77,77,0,0
8014,83,75,8,8
8015,104,87,17,17
8016,124,106,18,18
8017,89,84,5,5
8018,88,92,-4,4
8019,49,56,-7,7
8020,104,108,-4,4
8021,107,108,-1,1
8022,125,126,-1,1
8023,57,55,2,2
8024,104,101,3,3
8025,51,72,-21,21
8026,86,84,2,2
8027,96,98,-2,2
8028,190,195,-5,5
8029,84,83,1,1
8030,105,100,5,5
8031,94,82,12,12
8032,74,66,8,8
8033,100,84,16,16
8034,126,119,7,7
8035,73,69,4,4
8036,83,84,-1,1
8037,141,130,11,11
8038,124,121,3,3
8039,79,90,-11,11
8040,135,128,7,7
8041,81,76,5,5
8042,137,137,0,0
8043,75,83,-8,8
8044,54,69,-15,15
8045,102,103,-1,1
8046,157,131,26,26
8047,93,84,9,9
8048,155,138,17,17
8049,71,67,4,4
8050,109,111,-2,2
8051,60,64,-4,4
8052,57,62,-5,5
8053,113,104,9,9
8054,130,129,1,1
8055,71,87,-16,16
8056,92,87,5,5
8057,148,119,29,29
8058,117,102,15,15
8059,68,65,3,3
8060,161,154,7,7
8061,85,82,3,3
8062,65,61,4,4
8063,43,44,-1,1
8064,102,97,5,5
8065,69,54,15,15
8066,185,189,-4,4
8067,133,133,0,0
8068,104,103,1,1
8069,105,106,-1,1
8070,120,97,23,23
8071,85,82,3,3
8072,73,67,6,6
8073,158,173,-15,15
8074,76,74,2,2
8075,87,75,12,12
8076,148,126,22,22
8077,85,90,-5,5
8078,98,86,12,12
8079,66,72,-6,6
8080,100,99,1,1
8081,110,106,4,4
8082,86,87,-1,1
8083,119,125,-6,6
8084,75,69,6,6
8085,110,122,-12,12
8086,69,77,-8,8
8087,127,109,18,18
8088,98,93,5,5
8089,116,119,-3,3
8090,65,69,-4,4
8091,94,92,2,2
8092,58,54,4,4
8093,68,78,-10,10
8094,118,110,8,8
8095,27,41,-14,14
8096,74,65,9,9
8097,81,84,-3,3
8098,98,88,10,10
8099,56,65,-9,9
8100,101,103,-2,2
8101,128,123,5,5
8102,104,99,5,5
8103,69,73,-4,4
8104,130,116,14,14
8105,121,126,-5,5
8106,42,77,-35,35
8107,89,96,-7,7
8108,71,67,4,4
8109,129,115,14,14
8110,59,62,-3,3
8111,101,101,0,0
8112,102,100,2,2
8113,109,111,-2,2
8114,94,83,11,11
8115,108,111,-3,3
8116,102,97,5,5
8117,89,85,4,4
8118,121,123,-2,2
8119,122,130,-8,8
8120,67,74,-7,7
8121,51,60,-9,9
8122,89,81,8,8
8123,88,90,-2,2
8124,131,120,11,11
8125,103,99,4,4
8126,151,182,-31,31
8127,134,146,-12,12
8128,108,112,-4,4
8129,92,84,8,8
8130,65,60,5,5
8131,81,76,5,5
8132,68,85,-17,17
8133,91,91,0,0
8134,114,112,2,2
8135,48,54,-6,6
8136,102,102,0,0
8137,149,150,-1,1
8138,108,106,2,2
8139,60,55,5,5
8140,103,107,-4,4
8141,65,69,-4,4
8142,119,111,8,8
8143,104,108,-4,4
8144,64,56,8,8
8145,48,47,1,1
8146,55,52,3,3
8147,75,77,-2,2
8148,44,56,-12,12
8149,73,79,-6,6
8150,54,57,-3,3
8151,54,59,-5,5
8152,52,58,-6,6
8153,95,84,11,11
8154,66,69,-3,3
8155,85,92,-7,7
8156,75,63,12,12
8157,95,110,-15,15
8158,95,86,9,9
8159,36,37,-1,1
8160,79,77,2,2
8161,123,128,-5,5
8162,81,75,6,6
8163,176,159,17,17
8164,60,51,9,9
8165,61,71,-10,10
8166,140,111,29,29
8167,127,127,0,0
8168,96,89,7,7
8169,99,85,14,14
8170,108,100,8,8
8171,58,57,1,1
8172,51,54,-3,3
8173,95,88,7,7
8174,58,80,-22,22
8175,76,63,13,13
8176,116,103,13,13
8177,108,96,12,12
8178,168,155,13,13
8179,27,38,-11,11
8180,145,134,11,11
8181,53,55,-2,2
8182,67,62,5,5
8183,92,85,7,7
8184,78,79,-1,1
8185,113,116,-3,3
8186,141,141,0,0
8187,136,124,12,12
8188,103,105,-2,2
8189,86,74,12,12
8190,195,196,-1,1
8191,75,69,6,6
8192,63,63,0,0
8193,66,60,6,6
8194,127,125,2,2
8195,122,113,9,9
8196,54,100,-46,46
8197,101,105,-4,4
8198,93,82,11,11
8199,64,63,1,1
8200,108,109,-1,1
8201,111,105,6,6
8202,77,62,15,15
8203,154,152,2,2
8204,94,83,11,11
8205,84,79,5,5
8206,76,88,-12,12
8207,87,82,5,5
8208,126,121,5,5
8209,82,84,-2,2
8210,82,82,0,0
8211,80,76,4,4
8212,126,131,-5,5
8213,64,61,3,3
8214,142,125,17,17
8215,143,142,1,1
8216,127,141,-14,14
8217,76,78,-2,2
8218,57,71,-14,14
8219,109,98,11,11
8220,141,139,2,2
8221,129,116,13,13
8222,114,101,13,13
8223,83,76,7,7
8224,149,150,-1,1
8225,47,55,-8,8
8226,88,90,-2,2
8227,88,92,-4,4
8228,105,103,2,2
8229,93,98,-5,5
8230,109,98,11,11
8231,87,78,9,9
8232,43,43,0,0
8233,81,70,11,11
8234,101,83,18,18
8235,80,73,7,7
8236,112,109,3,3
8237,92,92,0,0
8238,102,98,4,4
8239,71,59,12,12
8240,166,158,8,8
8241,98,82,16,16
8242,129,115,14,14
8243,79,84,-5,5
8244,109,91,18,18
8245,145,137,8,8
8246,166,156,10,10
8247,76,85,-9,9
8248,46,50,-4,4
8249,113,105,8,8
8250,75,81,-6,6
8251,86,79,7,7
8252,76,73,3,3
8253,88,90,-2,2
8254,67,69,-2,2
8255,100,90,10,10
8256,71,73,-2,2
8257,59,59,0,0
8258,181,176,5,5
8259,56,53,3,3
8260,114,97,17,17
8261,92,84,8,8
8262,100,95,5,5
8263,75,84,-9,9
8264,188,175,13,13
8265,51,51,0,0
8266,84,91,-7,7
8267,171,193,-22,22
8268,66,55,11,11
8269,92,86,6,6
8270,122,119,3,3
8271,40,48,-8,8
8272,87,83,4,4
8273,122,114,8,8
8274,98,89,9,9
8275,96,85,11,11
8276,120,106,14,14
8277,82,89,-7,7
8278,88,80,8,8
8279,60,66,-6,6
8280,83,78,5,5
8281,81,69,12,12
8282,151,149,2,2
8283,187,183,4,4
8284,98,114,-16,16
8285,95,90,5,5
8286,77,70,7,7
8287,144,139,5,5
8288,81,80,1,1
8289,91,93,-2,2
8290,149,154,-5,5
8291,99,116,-17,17
8292,96,76,20,20
8293,129,136,-7,7
8294,63,77,-14,14
8295,86,76,10,10
8296,64,63,1,1
8297,74,62,12,12
8298,93,92,1,1
8299,85,83,2,2
8300,248,212,36,36
8301,91,93,-2,2
8302,58,58,0,0
8303,93,91,2,2
8304,93,91,2,2
8305,55,63,-8,8
8306,102,102,0,0
8307,107,92,15,15
8308,79,74,5,5
8309,84,82,2,2
8310,95,90,5,5
8311,110,110,0,0
8312,80,73,7,7
8313,44,47,-3,3
8314,96,94,2,2
8315,59,66,-7,7
8316,109,111,-2,2
8317,198,196,2,2
8318,81,87,-6,6
8319,119,120,-1,1
8320,106,106,0,0
8321,114,108,6,6
8322,51,55,-4,4
8323,110,105,5,5
8324,112,119,-7,7
8325,99,97,2,2
8326,80,70,10,10
8327,59,67,-8,8
8328,110,114,-4,4
8329,125,111,14,14
8330,137,134,3,3
8331,73,76,-3,3
8332,190,184,6,6
8333,137,142,-5,5
8334,46,47,-1,1
8335,124,131,-7,7
8336,87,81,6,6
8337,114,107,7,7
8338,83,82,1,1
8339,85,86,-1,1
8340,142,160,-18,18
8341,108,98,10,10
8342,129,128,1,1
8343,107,99,8,8
8344,109,110,-1,1
8345,144,121,23,23
8346,76,74,2,2
8347,38,54,-16,16
8348,157,160,-3,3
8349,55,56,-1,1
8350,99,108,-9,9
8351,153,143,10,10
8352,74,70,4,4
8353,74,71,3,3
8354,78,71,7,7
8355,74,83,-9,9
8356,94,95,-1,1
8357,112,103,9,9
8358,141,154,-13,13
8359,82,67,15,15
8360,160,162,-2,2
8361,103,101,2,2
8362,110,103,7,7
8363,42,56,-14,14
8364,69,65,4,4
8365,59,58,1,1
8366,98,99,-1,1
8367,75,71,4,4
8368,58,56,2,2
8369,74,63,11,11
8370,108,114,-6,6
8371,66,71,-5,5
8372,105,105,0,0
8373,46,55,-9,9
8374,55,55,0,0
8375,71,65,6,6
8376,115,99,16,16
8377,88,75,13,13
8378,47,47,0,0
8379,174,168,6,6
8380,94,81,13,13
8381,74,78,-4,4
8382,84,82,2,2
8383,85,75,10,10
8384,65,61,4,4
8385,39,41,-2,2
8386,118,98,20,20
8387,101,97,4,4
8388,78,74,4,4
8389,97,108,-11,11
8390,104,91,13,13
8391,98,87,11,11
8392,81,88,-7,7
8393,112,108,4,4
8394,98,94,4,4
8395,96,94,2,2
8396,53,52,1,1
8397,67,77,-10,10
8398,70,71,-1,1
8399,114,97,17,17
8400,104,102,2,2
8401,65,70,-5,5
8402,80,73,7,7
8403,96,80,16,16
8404,70,64,6,6
8405,105,101,4,4
8406,100,82,18,18
8407,160,136,24,24
8408,91,106,-15,15
8409,100,103,-3,3
8410,119,99,20,20
8411,65,76,-11,11
8412,99,101,-2,2
8413,172,145,27,27
8414,83,76,7,7
8415,85,72,13,13
8416,69,61,8,8
8417,59,59,0,0
8418,93,91,2,2
8419,81,88,-7,7
8420,75,71,4,4
8421,62,65,-3,3
8422,115,103,12,12
8423,107,138,-31,31
8424,105,97,8,8
8425,51,58,-7,7
8426,76,75,1,1
8427,88,88,0,0
8428,145,142,3,3
8429,114,122,-8,8
8430,38,43,-5,5
8431,133,128,5,5
8432,74,70,4,4
8433,119,119,0,0
8434,96,86,10,10
8435,143,127,16,16
8436,60,57,3,3
8437,130,119,11,11
8438,120,114,6,6
8439,122,141,-19,19
8440,113,115,-2,2
8441,68,70,-2,2
8442,98,94,4,4
8443,143,124,19,19
8444,77,64,13,13
8445,92,92,0,0
8446,61,57,4,4
8447,74,77,-3,3
8448,94,85,9,9
8449,102,98,4,4
8450,118,115,3,3
8451,119,107,12,12
8452,193,183,10,10
8453,95,94,1,1
8454,89,84,5,5
8455,129,125,4,4
8456,124,112,12,12
8457,84,79,5,5
8458,76,74,2,2
8459,55,57,-2,2
8460,143,138,5,5
8461,134,119,15,15
8462,88,92,-4,4
8463,132,131,1,1
8464,114,99,15,15
8465,71,63,8,8
8466,79,69,10,10
8467,101,96,5,5
8468,134,135,-1,1
8469,61,49,12,12
8470,81,76,5,5
8471,107,113,-6,6
8472,86,76,10,10
8473,83,79,4,4
8474,94,95,-1,1
8475,102,107,-5,5
8476,110,119,-9,9
8477,137,142,-5,5
8478,56,71,-15,15
8479,134,121,13,13
8480,80,83,-3,3
8481,46,53,-7,7
8482,111,117,-6,6
8483,112,104,8,8
8484,121,117,4,4
8485,113,118,-5,5
8486,91,96,-5,5
8487,47,57,-10,10
8488,65,61,4,4
8489,56,64,-8,8
8490,83,85,-2,2
8491,85,87,-2,2
8492,102,97,5,5
8493,80,80,0,0
8494,110,98,12,12
8495,141,145,-4,4
8496,90,109,-19,19
8497,73,68,5,5
8498,60,50,10,10
8499,178,151,27,27
8500,124,135,-11,11
8501,108,99,9,9
8502,100,95,5,5
8503,78,81,-3,3
8504,115,114,1,1
8505,127,133,-6,6
8506,47,49,-2,2
8507,58,58,0,0
8508,151,147,4,4
8509,104,95,9,9
8510,56,69,-13,13
8511,79,88,-9,9
8512,67,64,3,3
8513,109,100,9,9
8514,83,66,17,17
8515,101,66,35,35
8516,78,85,-7,7
8517,101,130,-29,29
8518,64,68,-4,4
8519,69,55,14,14
8520,81,71,10,10
8521,185,177,8,8
8522,89,76,13,13
8523,137,126,11,11
8524,98,89,9,9
8525,185,173,12,12
8526,62,65,-3,3
8527,135,134,1,1
8528,140,131,9,9
8529,166,178,-12,12
8530,68,67,1,1
8531,100,99,1,1
8532,122,133,-11,11
8533,105,104,1,1
8534,129,127,2,2
8535,117,114,3,3
8536,74,72,2,2
8537,91,92,-1,1
8538,96,95,1,1
8539,96,94,2,2
8540,76,79,-3,3
8541,106,96,10,10
8542,71,67,4,4
8543,43,37,6,6
8544,88,82,6,6
8545,79,89,-10,10
8546,104,95,9,9
8547,82,80,2,2
8548,112,115,-3,3
8549,104,110,-6,6
8550,55,59,-4,4
8551,90,86,4,4
8552,47,63,-16,16
8553,111,89,22,22
8554,127,126,1,1
8555,67,69,-2,2
8556,163,150,13,13
8557,154,157,-3,3
8558,63,66,-3,3
8559,50,59,-9,9
8560,56,64,-8,8
8561,104,109,-5,5
8562,80,82,-2,2
8563,83,71,12,12
8564,64,73,-9,9
8565,55,53,2,2
8566,84,78,6,6
8567,130,122,8,8
8568,85,84,1,1
8569,109,111,-2,2
8570,153,150,3,3
8571,104,99,5,5
8572,129,125,4,4
8573,106,93,13,13
8574,173,180,-7,7
8575,93,85,8,8
8576,93,87,6,6
8577,99,90,9,9
8578,66,60,6,6
8579,98,90,8,8
8580,110,136,-26,26
8581,50,60,-10,10
8582,104,101,3,3
8583,110,103,7,7
8584,60,70,-10,10
8585,102,95,7,7
8586,87,92,-5,5
8587,133,134,-1,1
8588,133,129,4,4
8589,122,109,13,13
8590,92,85,7,7
8591,139,121,18,18
8592,52,55,-3,3
8593,83,93,-10,10
8594,91,86,5,5
8595,65,63,2,2
8596,113,112,1,1
8597,77,78,-1,1
8598,161,135,26,26
8599,92,86,6,6
8600,180,167,13,13
8601,77,88,-11,11
8602,109,104,5,5
8603,81,83,-2,2
8604,98,100,-2,2
8605,54,50,4,4
8606,126,116,10,10
8607,91,89,2,2
8608,77,79,-2,2
8609,124,126,-2,2
8610,78,81,-3,3
8611,189,161,28,28
8612,80,74,6,6
8613,159,141,18,18
8614,73,72,1,1
8615,90,95,-5,5
8616,62,57,5,5
8617,90,87,3,3
8618,134,143,-9,9
8619,121,101,20,20
8620,87,97,-10,10
8621,59,58,1,1
8622,89,93,-4,4
8623,105,110,-5,5
8624,97,84,13,13
8625,110,91,19,19
8626,141,122,19,19
8627,85,83,2,2
8628,132,129,3,3
8629,89,86,3,3
8630,75,78,-3,3
8631,81,77,4,4
8632,77,64,13,13
8633,104,99,5,5
8634,132,146,-14,14
8635,136,113,23,23
8636,82,79,3,3
8637,85,90,-5,5
8638,76,73,3,3
8639,109,127,-18,18
8640,51,60,-9,9
8641,85,88,-3,3
8642,58,56,2,2
8643,161,161,0,0
8644,85,84,1,1
8645,61,60,1,1
8646,82,77,5,5
8647,114,113,1,1
8648,113,111,2,2
8649,82,82,0,0
8650,128,117,11,11
8651,113,121,-8,8
8652,61,76,-15,15
8653,85,78,7,7
8654,112,109,3,3
8655,76,73,3,3
8656,89,86,3,3
8657,142,137,5,5
8658,81,80,1,1
8659,143,130,13,13
8660,94,94,0,0
8661,134,119,15,15
8662,59,56,3,3
8663,55,57,-2,2
8664,75,83,-8,8
8665,87,89,-2,2
8666,69,52,17,17
8667,104,96,8,8
8668,57,52,5,5
8669,68,62,6,6
8670,169,158,11,11
8671,114,102,12,12
8672,92,88,4,4
8673,97,82,15,15
8674,121,117,4,4
8675,89,80,9,9
8676,116,118,-2,2
8677,93,97,-4,4
8678,116,110,6,6
8679,125,130,-5,5
8680,82,109,-27,27
8681,50,45,5,5
8682,46,41,5,5
8683,45,55,-10,10
8684,120,127,-7,7
8685,93,88,5,5
8686,102,98,4,4
8687,126,119,7,7
8688,108,132,-24,24
8689,110,114,-4,4
8690,101,98,3,3
8691,73,83,-10,10
8692,58,56,2,2
8693,113,99,14,14
8694,136,149,-13,13
8695,64,65,-1,1
8696,125,155,-30,30
8697,88,73,15,15
8698,92,83,9,9
8699,106,104,2,2
8700,90,103,-13,13
8701,85,97,-12,12
8702,80,80,0,0
8703,110,103,7,7
8704,80,77,3,3
8705,117,114,3,3
8706,47,58,-11,11
8707,112,104,8,8
8708,84,85,-1,1
8709,116,112,4,4
8710,61,65,-4,4
8711,82,76,6,6
8712,164,140,24,24
8713,125,120,5,5
8714,80,77,3,3
8715,66,65,1,1
8716,61,64,-3,3
8717,82,101,-19,19
8718,81,82,-1,1
8719,143,126,17,17
8720,145,125,20,20
8721,75,70,5,5
8722,60,71,-11,11
8723,86,92,-6,6
8724,99,104,-5,5
8725,112,112,0,0
8726,98,82,16,16
8727,96,78,18,18
8728,64,75,-11,11
8729,62,62,0,0
8730,123,129,-6,6
8731,83,79,4,4
8732,101,101,0,0
8733,27,33,-6,6
8734,167,159,8,8
8735,149,154,-5,5
8736,94,87,7,7
8737,155,150,5,5
8738,39,33,6,6
8739,62,62,0,0
8740,81,67,14,14
8741,58,55,3,3
8742,74,82,-8,8
8743,139,155,-16,16
8744,74,68,6,6
8745,84,88,-4,4
8746,155,124,31,31
8747,114,114,0,0
8748,152,219,-67,67
8749,104,86,18,18
8750,92,99,-7,7
8751,55,64,-9,9
8752,91,84,7,7
8753,90,77,13,13
8754,86,80,6,6
8755,76,66,10,10
8756,86,85,1,1
8757,49,53,-4,4
8758,105,108,-3,3
8759,67,63,4,4
8760,96,119,-23,23
8761,105,103,2,2
8762,98,91,7,7
8763,114,109,5,5
8764,114,124,-10,10
8765,103,119,-16,16
8766,128,122,6,6
8767,110,113,-3,3
8768,89,74,15,15
8769,67,59,8,8
8770,136,107,29,29
8771,154,135,19,19
8772,62,64,-2,2
8773,109,105,4,4
8774,91,94,-3,3
8775,63,55,8,8
8776,172,168,4,4
8777,93,80,13,13
8778,81,78,3,3
8779,87,93,-6,6
8780,49,68,-19,19
8781,157,159,-2,2
8782,87,81,6,6
8783,61,79,-18,18
8784,60,52,8,8
8785,129,127,2,2
8786,75,74,1,1
8787,86,89,-3,3
8788,37,37,0,0
8789,110,102,8,8
8790,124,121,3,3
8791,65,72,-7,7
8792,148,164,-16,16
8793,73,86,-13,13
8794,105,114,-9,9
8795,70,77,-7,7
8796,63,79,-16,16
8797,71,63,8,8
8798,71,69,2,2
8799,68,63,5,5
8800,96,82,14,14
8801,87,81,6,6
8802,88,93,-5,5
8803,69,61,8,8
8804,83,78,5,5
8805,72,81,-9,9
8806,98,101,-3,3
8807,126,128,-2,2
8808,45,55,-10,10
8809,52,53,-1,1
8810,103,107,-4,4
8811,77,62,15,15
8812,83,77,6,6
8813,73,69,4,4
8814,108,101,7,7
8815,73,73,0,0
8816,80,79,1,1
8817,57,54,3,3
8818,63,59,4,4
8819,24,47,-23,23
8820,89,80,9,9
8821,61,61,0,0
8822,97,97,0,0
8823,85,84,1,1
8824,143,142,1,1
8825,129,120,9,9
8826,75,76,-1,1
8827,71,74,-3,3
8828,92,80,12,12
8829,72,60,12,12
8830,91,78,13,13
8831,83,73,10,10
8832,75,87,-12,12
8833,66,59,7,7
8834,43,52,-9,9
8835,127,127,0,0
8836,125,137,-12,12
8837,44,50,-6,6
8838,51,56,-5,5
8839,54,54,0,0
8840,203,216,-13,13
8841,127,120,7,7
8842,102,94,8,8
8843,81,71,10,10
8844,69,67,2,2
8845,121,114,7,7
8846,85,87,-2,2
8847,125,117,8,8
8848,138,126,12,12
8849,191,148,43,43
8850,92,94,-2,2
8851,94,87,7,7
8852,128,124,4,4
8853,35,66,-31,31
8854,104,120,-16,16
8855,86,76,10,10
8856,132,114,18,18
8857,89,80,9,9
8858,48,48,0,0
8859,75,68,7,7
8860,80,71,9,9
8861,100,91,9,9
8862,115,119,-4,4
8863,135,130,5,5
8864,88,86,2,2
8865,108,94,14,14
8866,141,146,-5,5
8867,81,72,9,9
8868,147,148,-1,1
8869,94,87,7,7
8870,86,88,-2,2
8871,125,123,2,2
8872,62,64,-2,2
8873,82,78,4,4
8874,123,112,11,11
8875,80,71,9,9
8876,108,94,14,14
8877,91,79,12,12
8878,124,120,4,4
8879,93,102,-9,9
8880,141,175,-34,34
8881,97,60,37,37
8882,177,167,10,10
8883,80,82,-2,2
8884,133,155,-22,22
8885,98,107,-9,9
8886,104,94,10,10
8887,64,62,2,2
8888,170,160,10,10
8889,91,92,-1,1
8890,98,92,6,6
8891,125,117,8,8
8892,65,64,1,1
8893,86,87,-1,1
8894,75,73,2,2
8895,72,72,0,0
8896,53,84,-31,31
8897,93,79,14,14
8898,69,59,10,10
8899,95,87,8,8
8900,76,74,2,2
8901,73,66,7,7
8902,56,57,-1,1
8903,92,93,-1,1
8904,43,47,-4,4
8905,60,47,13,13
8906,74,83,-9,9
8907,85,90,-5,5
8908,91,91,0,0
8909,92,79,13,13
8910,91,87,4,4
8911,60,65,-5,5
8912,142,150,-8,8
8913,127,132,-5,5
8914,87,86,1,1
8915,130,126,4,4
8916,104,98,6,6
8917,62,57,5,5
8918,125,130,-5,5
8919,96,174,-78,78
8920,170,146,24,24
8921,103,121,-18,18
8922,185,173,12,12
8923,80,77,3,3
8924,56,62,-6,6
8925,105,124,-19,19
8926,63,64,-1,1
8927,88,87,1,1
8928,79,75,4,4
8929,60,72,-12,12
8930,84,88,-4,4
8931,123,129,-6,6
8932,107,100,7,7
8933,94,98,-4,4
8934,70,68,2,2
8935,141,114,27,27
8936,56,53,3,3
8937,166,165,1,1
8938,120,109,11,11
8939,137,126,11,11
8940,88,87,1,1
8941,127,106,21,21
8942,157,148,9,9
8943,130,146,-16,16
8944,106,110,-4,4
8945,131,129,2,2
8946,54,50,4,4
8947,132,129,3,3
8948,80,77,3,3
8949,81,85,-4,4
8950,128,109,19,19
8951,36,46,-10,10
8952,106,115,-9,9
8953,85,82,3,3
8954,64,63,1,1
8955,81,80,1,1
8956,120,112,8,8
8957,130,118,12,12
8958,99,88,11,11
8959,70,65,5,5
8960,78,65,13,13
8961,112,121,-9,9
8962,82,79,3,3
8963,184,170,14,14
8964,129,136,-7,7
8965,111,100,11,11
8966,99,106,-7,7
8967,51,51,0,0
8968,102,97,5,5
8969,66,62,4,4
8970,74,75,-1,1
8971,129,137,-8,8
8972,54,58,-4,4
8973,117,134,-17,17
8974,120,120,0,0
8975,73,80,-7,7
8976,177,178,-1,1
8977,157,153,4,4
8978,77,76,1,1
8979,55,63,-8,8
8980,132,121,11,11
8981,180,163,17,17
8982,72,70,2,2
8983,88,91,-3,3
8984,71,76,-5,5
8985,85,83,2,2
8986,51,45,6,6
8987,61,66,-5,5
8988,76,71,5,5
8989,90,88,2,2
8990,64,65,-1,1
8991,67,95,-28,28
8992,95,81,14,14
8993,46,44,2,2
8994,92,86,6,6
8995,121,141,-20,20
8996,93,91,2,2
8997,92,102,-10,10
8998,52,52,0,0
8999,112,119,-7,7
9000,66,93,-27,27
9001,76,73,3,3
9002,157,155,2,2
9003,75,65,10,10
9004,68,66,2,2
9005,64,68,-4,4
9006,135,123,12,12
9007,107,105,2,2
9008,79,84,-5,5
9009,82,77,5,5
9010,101,87,14,14
9011,142,168,-26,26
9012,108,113,-5,5
9013,93,112,-19,19
9014,111,115,-4,4
9015,111,104,7,7
9016,101,89,12,12
9017,67,64,3,3
9018,58,54,4,4
9019,117,109,8,8
9020,100,89,11,11
9021,96,91,5,5
9022,106,104,2,2
9023,82,84,-2,2
9024,57,57,0,0
9025,95,84,11,11
9026,92,86,6,6
9027,78,76,2,2
9028,85,79,6,6
9029,46,48,-2,2
9030,60,74,-14,14
9031,68,72,-4,4
9032,90,90,0,0
9033,106,113,-7,7
9034,72,72,0,0
9035,91,92,-1,1
9036,142,147,-5,5
9037,63,59,4,4
9038,55,53,2,2
9039,112,103,9,9
9040,165,160,5,5
9041,80,76,4,4
9042,58,54,4,4
9043,96,99,-3,3
9044,69,63,6,6
9045,85,90,-5,5
9046,74,72,2,2
9047,148,142,6,6
9048,61,57,4,4
9049,114,121,-7,7
9050,117,111,6,6
9051,87,79,8,8
9052,148,144,4,4
9053,129,117,12,12
9054,100,92,8,8
9055,79,73,6,6
9056,84,80,4,4
9057,75,75,0,0
9058,101,104,-3,3
9059,74,74,0,0
9060,98,85,13,13
9061,97,94,3,3
9062,58,53,5,5
9063,104,99,5,5
9064,122,113,9,9
9065,33,36,-3,3
9066,62,58,4,4
9067,59,66,-7,7
9068,66,72,-6,6
9069,112,106,6,6
9070,109,102,7,7
9071,67,67,0,0
9072,157,190,-33,33
9073,147,145,2,2
9074,114,108,6,6
9075,45,40,5,5
9076,71,74,-3,3
9077,135,132,3,3
9078,64,56,8,8
9079,101,108,-7,7
9080,93,89,4,4
9081,92,90,2,2
9082,128,120,8,8
9083,90,79,11,11
9084,113,94,19,19
9085,62,68,-6,6
9086,66,61,5,5
9087,69,70,-1,1
9088,90,84,6,6
9089,69,66,3,3
9090,87,89,-2,2
9091,70,85,-15,15
9092,88,84,4,4
9093,60,64,-4,4
9094,172,163,9,9
9095,94,88,6,6
9096,53,61,-8,8
9097,81,71,10,10
9098,103,114,-11,11
9099,146,137,9,9
9100,93,91,2,2
9101,106,106,0,0
9102,115,107,8,8
9103,171,159,12,12
9104,80,87,-7,7
9105,89,80,9,9
9106,75,79,-4,4
9107,197,188,9,9
9108,52,59,-7,7
9109,56,58,-2,2
9110,76,82,-6,6
9111,136,136,0,0
9112,127,126,1,1
9113,102,105,-3,3
9114,100,104,-4,4
9115,154,149,5,5
9116,127,135,-8,8
9117,115,108,7,7
9118,69,68,1,1
9119,113,90,23,23
9120,116,104,12,12
9121,92,93,-1,1
9122,95,98,-3,3
9123,81,70,11,11
9124,81,81,0,0
9125,148,155,-7,7
9126,94,95,-1,1
9127,117,110,7,7
9128,47,48,-1,1
9129,100,98,2,2
9130,133,124,9,9
9131,79,93,-14,14
9132,147,138,9,9
9133,62,63,-1,1
9134,77,76,1,1
9135,154,139,15,15
9136,112,113,-1,1
9137,65,59,6,6
9138,42,48,-6,6
9139,114,105,9,9
9140,114,113,1,1
9141,77,70,7,7
9142,68,72,-4,4
9143,84,87,-3,3
9144,120,120,0,0
9145,132,135,-3,3
9146,113,131,-18,18
9147,86,83,3,3
9148,78,72,6,6
9149,73,84,-11,11
9150,68,59,9,9
9151,93,96,-3,3
9152,113,116,-3,3
9153,58,54,4,4
9154,63,64,-1,1
9155,54,44,10,10
9156,123,105,18,18
9157,43,49,-6,6
9158,82,68,14,14
9159,144,139,5,5
9160,73,45,28,28
9161,49,45,4,4
9162,103,86,17,17
9163,179,188,-9,9
9164,106,104,2,2
9165,93,111,-18,18
9166,135,148,-13,13
9167,120,122,-2,2
9168,130,125,5,5
9169,79,85,-6,6
9170,82,80,2,2
9171,55,57,-2,2
9172,74,68,6,6
9173,153,154,-1,1
9174,93,91,2,2
9175,107,108,-1,1
9176,136,149,-13,13
9177,88,85,3,3
9178,56,66,-10,10
9179,171,158,13,13
9180,115,107,8,8
9181,53,57,-4,4
9182,124,125,-1,1
9183,117,103,14,14
9184,76,73,3,3
9185,168,146,22,22
9186,78,73,5,5
9187,42,45,-3,3
9188,74,72,2,2
9189,156,129,27,27
9190,81,65,16,16
9191,88,84,4,4
9192,169,164,5,5
9193,74,68,6,6
9194,108,99,9,9
9195,98,87,11,11
9196,175,199,-24,24
9197,39,44,-5,5
9198,47,51,-4,4
9199,100,82,18,18
9200,105,91,14,14
9201,103,99,4,4
9202,114,113,1,1
9203,65,66,-1,1
9204,70,64,6,6
9205,79,75,4,4
9206,96,98,-2,2
9207,123,128,-5,5
9208,94,92,2,2
9209,124,128,-4,4
9210,102,95,7,7
9211,108,98,10,10
9212,78,79,-1,1
9213,111,111,0,0
9214,84,85,-1,1
9215,58,54,4,4
9216,124,123,1,1
9217,92,105,-13,13
9218,75,79,-4,4
9219,64,52,12,12
9220,89,82,7,7
9221,88,93,-5,5
9222,58,66,-8,8
9223,116,115,1,1
9224,57,59,-2,2
9225,98,95,3,3
9226,138,142,-4,4
9227,87,86,1,1
9228,58,53,5,5
9229,141,128,13,13
9230,72,68,4,4
9231,63,69,-6,6
9232,173,164,9,9
9233,113,107,6,6
9234,114,97,17,17
9235,95,84,11,11
9236,80,84,-4,4
9237,75,70,5,5
9238,113,114,-1,1
9239,86,91,-5,5
9240,54,58,-4,4
9241,99,88,11,11
9242,149,140,9,9
9243,73,65,8,8
9244,86,75,11,11
9245,108,102,6,6
9246,74,71,3,3
9247,59,62,-3,3
9248,106,114,-8,8
9249,158,144,14,14
9250,45,68,-23,23
9251,77,67,10,10
9252,116,126,-10,10
9253,52,64,-12,12
9254,93,97,-4,4
9255,129,127,2,2
9256,63,63,0,0
9257,41,50,-9,9
9258,62,54,8,8
9259,168,165,3,3
9260,117,126,-9,9
9261,142,134,8,8
9262,112,107,5,5
9263,101,93,8,8
9264,86,82,4,4
9265,77,77,0,0
9266,141,132,9,9
9267,80,93,-13,13
9268,107,116,-9,9
9269,90,89,1,1
9270,65,66,-1,1
9271,57,51,6,6
9272,89,81,8,8
9273,63,61,2,2
9274,121,122,-1,1
9275,108,108,0,0
9276,83,80,3,3
9277,116,108,8,8
9278,66,61,5,5
9279,128,129,-1,1
9280,98,96,2,2
9281,76,75,1,1
9282,130,117,13,13
9283,55,57,-2,2
9284,64,59,5,5
9285,107,119,-12,12
9286,117,102,15,15
9287,124,122,2,2
9288,88,84,4,4
9289,44,41,3,3
9290,89,86,3,3
9291,82,88,-6,6
9292,78,71,7,7
9293,63,58,5,5
9294,60,58,2,2
9295,55,60,-5,5
9296,80,82,-2,2
9297,56,54,2,2
9298,68,70,-2,2
9299,177,179,-2,2
9300,69,67,2,2
9301,63,65,-2,2
9302,116,111,5,5
9303,96,97,-1,1
9304,142,114,28,28
9305,85,79,6,6
9306,56,64,-8,8
9307,91,94,-3,3
9308,72,77,-5,5
9309,69,75,-6,6
9310,114,98,16,16
9311,131,134,-3,3
9312,70,79,-9,9
9313,138,133,5,5
9314,103,101,2,2
9315,69,71,-2,2
9316,97,95,2,2
9317,98,109,-11,11
9318,117,114,3,3
9319,95,97,-2,2
9320,130,126,4,4
9321,174,161,13,13
9322,114,122,-8,8
9323,87,91,-4,4
9324,92,86,6,6
9325,57,55,2,2
9326,93,83,10,10
9327,90,98,-8,8
9328,87,93,-6,6
9329,87,94,-7,7
9330,115,106,9,9
9331,103,105,-2,2
9332,66,62,4,4
9333,95,86,9,9
9334,98,96,2,2
9335,82,76,6,6
9336,63,55,8,8
9337,39,51,-12,12
9338,60,70,-10,10
9339,112,109,3,3
9340,159,158,1,1
9341,41,51,-10,10
9342,96,89,7,7
9343,117,112,5,5
9344,69,69,0,0
9345,82,82,0,0
9346,125,112,13,13
9347,82,70,12,12
9348,65,69,-4,4
9349,92,78,14,14
9350,91,97,-6,6
9351,91,88,3,3
9352,95,93,2,2
9353,28,53,-25,25
9354,64,59,5,5
9355,73,65,8,8
9356,122,117,5,5
9357,76,79,-3,3
9358,82,72,10,10
9359,134,134,0,0
9360,118,107,11,11
9361,72,72,0,0
9362,96,125,-29,29
9363,176,163,13,13
9364,156,149,7,7
9365,64,101,-37,37
9366,99,112,-13,13
9367,94,89,5,5
9368,84,74,10,10
9369,88,88,0,0
9370,144,143,1,1
9371,123,116,7,7
9372,99,101,-2,2
9373,63,77,-14,14
9374,64,65,-1,1
9375,141,116,25,25
9376,71,84,-13,13
9377,166,153,13,13
9378,118,116,2,2
9379,120,105,15,15
9380,145,133,12,12
9381,87,89,-2,2
9382,90,102,-12,12
9383,80,85,-5,5
9384,125,121,4,4
9385,59,53,6,6
9386,171,167,4,4
9387,72,65,7,7
9388,121,114,7,7
9389,47,50,-3,3
9390,73,85,-12,12
9391,124,106,18,18
9392,87,91,-4,4
9393,95,91,4,4
9394,77,69,8,8
9395,167,169,-2,2
9396,53,49,4,4
9397,89,84,5,5
9398,83,81,2,2
9399,77,86,-9,9
9400,127,122,5,5
9401,94,98,-4,4
9402,95,86,9,9
9403,93,97,-4,4
9404,74,66,8,8
9405,112,117,-5,5
9406,117,103,14,14
9407,69,67,2,2
9408,88,88,0,0
9409,71,59,12,12
9410,57,55,2,2
9411,89,80,9,9
9412,98,102,-4,4
9413,123,120,3,3
9414,88,80,8,8
9415,136,123,13,13
9416,85,70,15,15
9417,93,87,6,6
9418,150,154,-4,4
9419,50,52,-2,2
9420,77,79,-2,2
9421,87,87,0,0
9422,123,119,4,4
9423,71,68,3,3
9424,142,143,-1,1
9425,78,77,1,1
9426,111,110,1,1
9427,54,76,-22,22
9428,66,65,1,1
9429,110,108,2,2
9430,96,89,7,7
9431,56,57,-1,1
9432,17,29,-12,12
9433,84,82,2,2
9434,108,96,12,12
9435,103,87,16,16
9436,102,92,10,10
9437,81,74,7,7
9438,125,123,2,2
9439,120,128,-8,8
9440,89,84,5,5
9441,73,69,4,4
9442,110,105,5,5
9443,86,84,2,2
9444,94,98,-4,4
9445,76,69,7,7
9446,72,63,9,9
9447,41,44,-3,3
9448,129,123,6,6
9449,80,81,-1,1
9450,92,79,13,13
9451,208,186,22,22
9452,170,171,-1,1
9453,88,87,1,1
9454,43,47,-4,4
9455,65,55,10,10
9456,52,62,-10,10
9457,44,39,5,5
9458,96,106,-10,10
9459,165,165,0,0
9460,92,77,15,15
9461,104,86,18,18
9462,131,133,-2,2
9463,73,77,-4,4
9464,131,117,14,14
9465,51,76,-25,25
9466,63,68,-5,5
9467,107,110,-3,3
9468,109,129,-20,20
9469,131,120,11,11
9470,96,88,8,8
9471,90,73,17,17
9472,60,64,-4,4
9473,106,103,3,3
9474,101,85,16,16
9475,67,71,-4,4
9476,117,118,-1,1
9477,76,92,-16,16
9478,78,71,7,7
9479,94,89,5,5
9480,95,92,3,3
9481,78,67,11,11
9482,133,139,-6,6
9483,41,49,-8,8
9484,105,129,-24,24
9485,102,98,4,4
9486,88,100,-12,12
9487,106,105,1,1
9488,89,85,4,4
9489,98,113,-15,15
9490,128,127,1,1
9491,102,107,-5,5
9492,132,138,-6,6
9493,101,100,1,1
9494,144,145,-1,1
9495,61,62,-1,1
9496,61,65,-4,4
9497,114,117,-3,3
9498,125,124,1,1
9499,70,75,-5,5
9500,83,81,2,2
9501,147,145,2,2
9502,97,99,-2,2
9503,82,82,0,0
9504,87,75,12,12
9505,94,90,4,4
9506,54,61,-7,7
9507,71,75,-4,4
9508,105,93,12,12
9509,87,85,2,2
9510,95,107,-12,12
9511,71,73,-2,2
9512,76,76,0,0
9513,123,125,-2,2
9514,127,147,-20,20
9515,84,83,1,1
9516,48,69,-21,21
9517,108,94,14,14
9518,157,130,27,27
9519,54,46,8,8
9520,100,89,11,11
9521,118,110,8,8
9522,57,55,2,2
9523,137,128,9,9
9524,80,81,-1,1
9525,48,51,-3,3
9526,49,48,1,1
9527,94,91,3,3
9528,101,96,5,5
9529,64,68,-4,4
9530,114,127,-13,13
9531,82,77,5,5
9532,62,63,-1,1
9533,57,62,-5,5
9534,88,90,-2,2
9535,92,98,-6,6
9536,66,85,-19,19
9537,76,77,-1,1
9538,59,58,1,1
9539,89,88,1,1
9540,63,63,0,0
9541,51,50,1,1
9542,123,121,2,2
9543,88,87,1,1
9544,59,60,-1,1
9545,66,61,5,5
9546,135,117,18,18
9547,54,55,-1,1
9548,24,28,-4,4
9549,91,80,11,11
9550,166,160,6,6
9551,45,54,-9,9
9552,95,93,2,2
9553,99,98,1,1
9554,70,77,-7,7
9555,81,71,10,10
9556,97,93,4,4
9557,75,84,-9,9
9558,55,58,-3,3
9559,86,96,-10,10
9560,172,164,8,8
9561,65,78,-13,13
9562,174,173,1,1
9563,78,74,4,4
9564,81,87,-6,6
9565,68,64,4,4
9566,74,64,10,10
9567,46,47,-1,1
9568,119,128,-9,9
9569,48,56,-8,8
9570,112,107,5,5
9571,135,157,-22,22
9572,91,75,16,16
9573,103,93,10,10
9574,95,119,-24,24
9575,91,74,17,17
9576,201,181,20,20
9577,89,85,4,4
9578,71,73,-2,2
9579,198,191,7,7
9580,93,82,11,11
9581,82,77,5,5
9582,132,133,-1,1
9583,79,85,-6,6
9584,60,60,0,0
9585,72,76,-4,4
9586,107,113,-6,6
9587,112,104,8,8
9588,99,101,-2,2
9589,104,123,-19,19
9590,68,62,6,6
9591,57,51,6,6
9592,47,56,-9,9
9593,96,85,11,11
9594,95,95,0,0
9595,43,47,-4,4
9596,116,103,13,13
9597,65,73,-8,8
9598,106,96,10,10
9599,117,126,-9,9
9600,96,88,8,8
9601,67,72,-5,5
9602,100,94,6,6
9603,108,110,-2,2
9604,103,102,1,1
9605,58,62,-4,4
9606,88,87,1,1
9607,133,123,10,10
9608,161,157,4,4
9609,95,82,13,13
9610,99,87,12,12
9611,69,66,3,3
9612,112,105,7,7
9613,127,117,10,10
9614,66,59,7,7
9615,116,122,-6,6
9616,105,105,0,0
9617,100,90,10,10
9618,93,91,2,2
9619,79,83,-4,4
9620,121,111,10,10
9621,86,89,-3,3
9622,88,79,9,9
9623,177,162,15,15
9624,67,57,10,10
9625,73,65,8,8
9626,105,96,9,9
9627,115,115,0,0
9628,141,137,4,4
9629,75,70,5,5
9630,58,54,4,4
9631,86,83,3,3
9632,137,131,6,6
9633,113,114,-1,1
9634,92,85,7,7
9635,83,88,-5,5
9636,103,113,-10,10
9637,145,137,8,8
9638,84,78,6,6
9639,123,130,-7,7
9640,104,97,7,7
9641,61,57,4,4
9642,79,69,10,10
9643,90,109,-19,19
9644,115,119,-4,4
9645,138,152,-14,14
9646,80,73,7,7
9647,92,97,-5,5
9648,126,123,3,3
9649,62,55,7,7
9650,81,91,-10,10
9651,88,77,11,11
9652,90,92,-2,2
9653,70,63,7,7
9654,113,112,1,1
9655,81,77,4,4
9656,70,77,-7,7
9657,87,85,2,2
9658,62,70,-8,8
9659,54,51,3,3
9660,85,79,6,6
9661,76,67,9,9
9662,44,44,0,0
9663,106,94,12,12
9664,116,102,14,14
9665,114,107,7,7
9666,156,151,5,5
9667,127,112,15,15
9668,61,61,0,0
9669,57,46,11,11
9670,128,125,3,3
9671,90,78,12,12
9672,113,106,7,7
9673,81,67,14,14
9674,48,57,-9,9
9675,47,50,-3,3
9676,139,127,12,12
9677,154,153,1,1
9678,104,109,-5,5
9679,97,95,2,2
9680,123,121,2,2
9681,68,59,9,9
9682,94,92,2,2
9683,77,87,-10,10
9684,45,49,-4,4
9685,78,77,1,1
9686,75,76,-1,1
9687,79,75,4,4
9688,175,187,-12,12
9689,117,108,9,9
9690,108,96,12,12
9691,106,111,-5,5
9692,82,72,10,10
9693,112,103,9,9
9694,74,78,-4,4
9695,117,113,4,4
9696,94,94,0,0
9697,226,205,21,21
9698,120,103,17,17
9699,40,47,-7,7
9700,40,103,-63,63
9701,119,125,-6,6
9702,51,53,-2,2
9703,61,54,7,7
9704,119,116,3,3
9705,97,88,9,9
9706,70,75,-5,5
9707,101,94,7,7
9708,160,152,8,8
9709,88,81,7,7
9710,41,50,-9,9
9711,86,96,-10,10
9712,76,89,-13,13
9713,66,66,0,0
9714,110,116,-6,6
9715,120,119,1,1
9716,97,89,8,8
9717,89,95,-6,6
9718,117,108,9,9
9719,59,58,1,1
9720,145,147,-2,2
9721,84,71,13,13
9722,78,80,-2,2
9723,65,58,7,7
9724,62,67,-5,5
9725,114,109,5,5
9726,76,75,1,1
9727,51,47,4,4
9728,131,146,-15,15
9729,162,172,-10,10
9730,90,88,2,2
9731,95,104,-9,9
9732,49,59,-10,10
9733,81,84,-3,3
9734,103,97,6,6
9735,136,135,1,1
9736,116,102,14,14
9737,74,70,4,4
9738,54,61,-7,7
9739,110,114,-4,4
9740,113,99,14,14
9741,142,115,27,27
9742,130,109,21,21
9743,156,143,13,13
9744,186,187,-1,1
9745,70,65,5,5
9746,115,102,13,13
9747,149,128,21,21
9748,135,127,8,8
9749,72,62,10,10
9750,143,138,5,5
9751,190,185,5,5
9752,117,124,-7,7
9753,124,85,39,39
9754,78,88,-10,10
9755,90,91,-1,1
9756,49,43,6,6
9757,52,54,-2,2
9758,48,65,-17,17
9759,69,76,-7,7
9760,69,71,-2,2
9761,40,54,-14,14
9762,89,95,-6,6
9763,85,83,2,2
9764,104,107,-3,3
9765,130,109,21,21
9766,110,86,24,24
9767,136,134,2,2
9768,91,77,14,14
9769,83,82,1,1
9770,50,52,-2,2
9771,104,101,3,3
9772,83,82,1,1
9773,114,115,-1,1
9774,119,130,-11,11
9775,88,81,7,7
9776,68,85,-17,17
9777,84,109,-25,25
9778,93,76,17,17
9779,56,53,3,3
9780,66,55,11,11
9781,60,61,-1,1
9782,58,52,6,6
9783,142,135,7,7
9784,197,186,11,11
9785,53,52,1,1
9786,86,113,-27,27
9787,85,82,3,3
9788,153,140,13,13
9789,58,55,3,3
9790,78,83,-5,5
9791,159,152,7,7
9792,129,128,1,1
9793,115,114,1,1
9794,64,66,-2,2
9795,142,138,4,4
9796,83,78,5,5
9797,171,180,-9,9
9798,137,112,25,25
9799,107,107,0,0
9800,101,84,17,17
9801,75,63,12,12
9802,103,95,8,8
9803,80,74,6,6
9804,51,48,3,3
9805,92,78,14,14
9806,88,85,3,3
9807,96,92,4,4
9808,140,139,1,1
9809,107,113,-6,6
9810,59,68,-9,9
9811,128,118,10,10
9812,80,74,6,6
9813,40,45,-5,5
9814,139,139,0,0
9815,79,71,8,8
9816,89,98,-9,9
9817,127,126,1,1
9818,132,125,7,7
9819,104,107,-3,3
9820,100,88,12,12
9821,76,81,-5,5
9822,182,157,25,25
9823,43,54,-11,11
9824,56,56,0,0
9825,140,128,12,12
9826,98,101,-3,3
9827,66,76,-10,10
9828,52,48,4,4
9829,100,92,8,8
9830,131,116,15,15
9831,47,41,6,6
9832,57,54,3,3
9833,58,58,0,0
9834,100,93,7,7
9835,143,152,-9,9
9836,81,67,14,14
9837,130,108,22,22
9838,63,73,-10,10
9839,84,90,-6,6
9840,86,89,-3,3
9841,118,123,-5,5
9842,109,99,10,10
9843,176,180,-4,4
9844,68,68,0,0
9845,102,102,0,0
9846,65,67,-2,2
9847,88,87,1,1
9848,127,122,5,5
9849,56,55,1,1
9850,104,105,-1,1
9851,105,89,16,16
9852,84,81,3,3
9853,27,63,-36,36
9854,95,93,2,2
9855,77,73,4,4
9856,192,186,6,6
9857,78,68,10,10
9858,122,128,-6,6
9859,80,83,-3,3
9860,94,79,15,15
9861,126,120,6,6
9862,44,45,-1,1
9863,73,82,-9,9
9864,104,80,24,24
9865,71,72,-1,1
9866,65,70,-5,5
9867,96,81,15,15
9868,116,117,-1,1
9869,103,105,-2,2
9870,129,124,5,5
9871,143,144,-1,1
9872,100,117,-17,17
9873,133,118,15,15
9874,64,59,5,5
9875,121,114,7,7
9876,61,68,-7,7
9877,55,59,-4,4
9878,49,54,-5,5
9879,86,85,1,1
9880,85,75,10,10
9881,61,53,8,8
9882,128,133,-5,5
9883,91,75,16,16
9884,99,84,15,15
9885,92,86,6,6
9886,179,174,5,5
9887,114,98,16,16
9888,66,65,1,1
9889,78,85,-7,7
9890,69,64,5,5
9891,121,114,7,7
9892,85,73,12,12
9893,110,128,-18,18
9894,92,100,-8,8
9895,117,107,10,10
9896,174,163,11,11
9897,135,136,-1,1
9898,64,58,6,6
9899,75,75,0,0
9900,97,103,-6,6
9901,120,121,-1,1
9902,102,98,4,4
9903,91,87,4,4
9904,70,69,1,1
9905,64,70,-6,6
9906,49,50,-1,1
9907,94,105,-11,11
9908,71,76,-5,5
9909,136,161,-25,25
9910,68,68,0,0
9911,122,117,5,5
9912,73,67,6,6
9913,114,113,1,1
9914,98,103,-5,5
9915,104,103,1,1
9916,103,100,3,3
9917,108,99,9,9
9918,127,118,9,9
9919,130,132,-2,2
9920,95,95,0,0
9921,89,78,11,11
9922,73,72,1,1
9923,157,144,13,13
9924,103,95,8,8
9925,105,103,2,2
9926,112,97,15,15
9927,109,98,11,11
9928,79,71,8,8
9929,92,110,-18,18
9930,72,56,16,16
9931,48,54,-6,6
9932,98,85,13,13
9933,111,111,0,0
9934,119,107,12,12
9935,139,124,15,15
9936,55,65,-10,10
9937,107,102,5,5
9938,135,146,-11,11
9939,102,93,9,9
9940,88,90,-2,2
9941,105,109,-4,4
9942,136,122,14,14
9943,82,79,3,3
9944,67,73,-6,6
9945,123,116,7,7
9946,120,121,-1,1
9947,94,101,-7,7
9948,51,48,3,3
9949,95,83,12,12
9950,92,89,3,3
9951,154,142,12,12
9952,76,81,-5,5
9953,59,52,7,7
9954,153,144,9,9
9955,66,68,-2,2
9956,96,106,-10,10
9957,131,126,5,5
9958,81,81,0,0
9959,80,82,-2,2
9960,59,59,0,0
9961,72,75,-3,3
9962,148,151,-3,3
9963,123,122,1,1
9964,72,67,5,5
9965,59,59,0,0
9966,145,144,1,1
9967,95,96,-1,1
9968,125,123,2,2
9969,79,76,3,3
9970,79,78,1,1
9971,68,68,0,0
9972,135,139,-4,4
9973,96,93,3,3
9974,64,62,2,2
9975,62,57,5,5
9976,102,100,2,2
9977,141,122,19,19
9978,82,73,9,9
9979,84,76,8,8
9980,85,81,4,4
9981,77,75,2,2
9982,107,100,7,7
9983,94,88,6,6
9984,84,68,16,16
9985,90,82,8,8
9986,127,120,7,7
9987,94,92,2,2
9988,142,160,-18,18
9989,88,87,1,1
9990,104,96,8,8
9991,66,64,2,2
9992,48,51,-3,3
9993,76,69,7,7
9994,105,112,-7,7
9995,62,53,9,9
9996,82,83,-1,1
9997,123,129,-6,6
9998,88,95,-7,7
9999,68,65,3,3
10000,171,159,12,12
10001,134,126,8,8
10002,81,74,7,7
10003,66,68,-2,2
10004,49,59,-10,10
10005,92,92,0,0
10006,121,119,2,2
10007,133,123,10,10
10008,147,138,9,9
10009,81,77,4,4
10010,69,67,2,2
10011,83,83,0,0
10012,88,79,9,9
10013,59,50,9,9
10014,91,92,-1,1
10015,153,161,-8,8
10016,114,110,4,4
10017,77,82,-5,5
10018,85,90,-5,5
10019,80,76,4,4
10020,74,63,11,11
10021,169,157,12,12
10022,108,108,0,0
10023,121,124,-3,3
10024,83,76,7,7
10025,56,54,2,2
10026,74,73,1,1
10027,53,56,-3,3
10028,80,85,-5,5
10029,79,84,-5,5
10030,117,112,5,5
10031,174,163,11,11
10032,77,77,0,0
10033,114,94,20,20
10034,79,75,4,4
10035,158,149,9,9
10036,80,77,3,3
10037,90,119,-29,29
10038,111,106,5,5
10039,155,140,15,15
10040,55,61,-6,6
10041,74,76,-2,2
10042,62,70,-8,8
10043,138,139,-1,1
10044,143,158,-15,15
10045,113,113,0,0
10046,100,100,0,0
10047,115,98,17,17
10048,49,49,0,0
10049,139,140,-1,1
10050,114,118,-4,4
10051,125,131,-6,6
10052,61,51,10,10
10053,136,129,7,7
10054,77,73,4,4
10055,211,195,16,16
10056,66,53,13,13
10057,111,99,12,12
10058,122,125,-3,3
10059,139,134,5,5
10060,121,110,11,11
10061,108,111,-3,3
10062,85,93,-8,8
10063,110,106,4,4
10064,62,70,-8,8
10065,107,97,10,10
10066,49,51,-2,2
10067,82,82,0,0
10068,92,86,6,6
10069,59,62,-3,3
10070,56,69,-13,13
10071,105,96,9,9
10072,61,63,-2,2
10073,95,101,-6,6
10074,56,58,-2,2
10075,148,148,0,0
10076,123,127,-4,4
10077,111,118,-7,7
10078,75,86,-11,11
10079,139,148,-9,9
10080,68,73,-5,5
10081,90,81,9,9
10082,150,155,-5,5
10083,133,121,12,12
10084,49,54,-5,5
10085,62,63,-1,1
10086,111,107,4,4
10087,117,117,0,0
10088,151,152,-1,1
10089,100,94,6,6
10090,42,47,-5,5
10091,78,76,2,2
10092,48,49,-1,1
10093,118,105,13,13
10094,70,58,12,12
10095,117,137,-20,20
10096,61,86,-25,25
10097,94,100,-6,6
10098,78,79,-1,1
10099,170,166,4,4
10100,68,59,9,9
10101,78,72,6,6
10102,47,47,0,0
10103,130,103,27,27
10104,80,77,3,3
10105,70,75,-5,5
10106,49,60,-11,11
10107,117,113,4,4
10108,86,87,-1,1
10109,82,64,18,18
10110,54,58,-4,4
10111,160,154,6,6
10112,78,89,-11,11
10113,82,82,0,0
10114,59,69,-10,10
10115,115,116,-1,1
10116,86,88,-2,2
10117,119,108,11,11
10118,116,113,3,3
10119,90,94,-4,4
10120,75,74,1,1
10121,81,82,-1,1
10122,87,91,-4,4
10123,108,98,10,10
10124,50,47,3,3
10125,53,56,-3,3
10126,130,144,-14,14
10127,125,120,5,5
10128,118,114,4,4
10129,112,107,5,5
10130,62,70,-8,8
10131,105,108,-3,3
10132,90,92,-2,2
10133,143,144,-1,1
10134,58,50,8,8
10135,64,65,-1,1
10136,108,97,11,11
10137,98,83,15,15
10138,136,117,19,19
10139,101,112,-11,11
10140,85,87,-2,2
10141,92,90,2,2
10142,144,138,6,6
10143,80,77,3,3
10144,110,96,14,14
10145,66,59,7,7
10146,73,68,5,5
10147,59,54,5,5
10148,88,90,-2,2
10149,74,86,-12,12
10150,61,64,-3,3
10151,125,111,14,14
10152,55,54,1,1
10153,115,111,4,4
10154,58,56,2,2
10155,76,75,1,1
10156,137,143,-6,6
10157,81,71,10,10
10158,116,116,0,0
10159,81,73,8,8
10160,94,90,4,4
10161,78,91,-13,13
10162,80,67,13,13
10163,99,94,5,5
10164,118,115,3,3
10165,137,125,12,12
10166,98,94,4,4
10167,71,73,-2,2
10168,83,77,6,6
10169,132,144,-12,12
10170,69,68,1,1
10171,119,119,0,0
10172,101,112,-11,11
10173,92,88,4,4
10174,74,71,3,3
10175,95,97,-2,2
10176,67,71,-4,4
10177,50,59,-9,9
10178,106,101,5,5
10179,102,94,8,8
10180,359,257,102,102
10181,58,56,2,2
10182,94,87,7,7
10183,90,76,14,14
10184,88,76,12,12
10185,105,95,10,10
10186,75,70,5,5
10187,89,86,3,3
10188,86,75,11,11
10189,133,127,6,6
10190,35,50,-15,15
10191,88,76,12,12
10192,177,161,16,16
10193,100,98,2,2
10194,65,65,0,0
10195,104,95,9,9
10196,67,64,3,3
10197,86,77,9,9
10198,123,114,9,9
10199,108,90,18,18
10200,84,81,3,3
10201,54,63,-9,9
10202,95,92,3,3
10203,86,82,4,4
10204,70,82,-12,12
10205,84,80,4,4
10206,107,101,6,6
10207,45,48,-3,3
10208,85,89,-4,4
10209,79,70,9,9
10210,125,123,2,2
10211,92,84,8,8
10212,74,75,-1,1
10213,139,142,-3,3
10214,84,81,3,3
10215,103,119,-16,16
10216,60,66,-6,6
10217,78,76,2,2
10218,69,50,19,19
10219,131,136,-5,5
10220,102,95,7,7
10221,69,71,-2,2
10222,58,60,-2,2
10223,43,43,0,0
10224,29,49,-20,20
10225,86,80,6,6
10226,114,114,0,0
10227,38,49,-11,11
10228,113,132,-19,19
10229,74,86,-12,12
10230,67,60,7,7
10231,221,209,12,12
10232,103,94,9,9
10233,224,202,22,22
10234,82,93,-11,11
10235,104,102,2,2
10236,115,101,14,14
10237,70,82,-12,12
10238,92,95,-3,3
10239,118,121,-3,3
10240,159,139,20,20
10241,124,108,16,16
10242,165,146,19,19
10243,118,123,-5,5
10244,79,63,16,16
10245,113,111,2,2
10246,61,69,-8,8
10247,112,116,-4,4
10248,68,59,9,9
10249,71,72,-1,1
10250,127,122,5,5
10251,82,82,0,0
10252,63,66,-3,3
10253,189,194,-5,5
10254,73,74,-1,1
10255,76,67,9,9
10256,99,107,-8,8
10257,131,128,3,3
10258,88,90,-2,2
10259,61,63,-2,2
10260,135,130,5,5
10261,52,61,-9,9
10262,114,113,1,1
10263,82,80,2,2
10264,106,103,3,3
10265,102,114,-12,12
10266,105,114,-9,9
10267,77,81,-4,4
10268,66,70,-4,4
10269,129,112,17,17
10270,73,69,4,4
10271,77,70,7,7
10272,70,65,5,5
10273,40,51,-11,11
10274,55,71,-16,16
10275,130,134,-4,4
10276,168,161,7,7
10277,76,61,15,15
10278,136,127,9,9
10279,104,115,-11,11
10280,52,55,-3,3
10281,151,145,6,6
10282,74,66,8,8
10283,60,63,-3,3
10284,90,78,12,12
10285,81,79,2,2
10286,118,113,5,5
10287,96,90,6,6
10288,96,96,0,0
10289,151,159,-8,8
10290,125,119,6,6
10291,73,70,3,3
10292,107,96,11,11
10293,113,112,1,1
10294,118,130,-12,12
10295,71,75,-4,4
10296,68,63,5,5
10297,65,64,1,1
10298,48,52,-4,4
10299,73,74,-1,1
10300,86,94,-8,8
10301,45,48,-3,3
10302,87,81,6,6
10303,113,104,9,9
10304,137,133,4,4
10305,114,111,3,3
10306,61,60,1,1
10307,106,87,19,19
10308,128,122,6,6
10309,111,111,0,0
10310,100,94,6,6
10311,100,94,6,6
10312,133,139,-6,6
10313,96,91,5,5
10314,133,126,7,7
10315,130,126,4,4
10316,78,77,1,1
10317,130,119,11,11
10318,110,106,4,4
10319,75,78,-3,3
10320,144,138,6,6
10321,81,80,1,1
10322,63,64,-1,1
10323,122,128,-6,6
10324,119,120,-1,1
10325,99,90,9,9
10326,111,109,2,2
10327,143,125,18,18
10328,104,119,-15,15
10329,93,86,7,7
10330,72,77,-5,5
10331,79,85,-6,6
10332,128,118,10,10
10333,99,92,7,7
10334,76,83,-7,7
10335,100,98,2,2
10336,70,63,7,7
10337,148,150,-2,2
10338,68,61,7,7
10339,100,114,-14,14
10340,74,88,-14,14
10341,86,80,6,6
10342,93,82,11,11
10343,138,122,16,16
10344,149,163,-14,14
10345,65,57,8,8
10346,89,87,2,2
10347,117,85,32,32
10348,98,89,9,9
10349,127,129,-2,2
10350,106,89,17,17
10351,68,64,4,4
10352,160,139,21,21
10353,83,88,-5,5
10354,129,111,18,18
10355,117,100,17,17
10356,74,79,-5,5
10357,101,96,5,5
10358,113,120,-7,7
10359,121,105,16,16
10360,122,126,-4,4
10361,117,109,8,8
10362,131,134,-3,3
10363,68,60,8,8
10364,86,92,-6,6
10365,97,94,3,3
10366,125,117,8,8
10367,65,66,-1,1
10368,49,50,-1,1
10369,81,81,0,0
10370,103,100,3,3
10371,110,100,10,10
10372,86,81,5,5
10373,103,99,4,4
10374,103,106,-3,3
10375,59,58,1,1
10376,119,110,9,9
10377,40,42,-2,2
10378,102,101,1,1
10379,120,107,13,13
10380,103,103,0,0
10381,101,97,4,4
10382,106,106,0,0
10383,110,97,13,13
10384,82,73,9,9
10385,88,78,10,10
10386,174,175,-1,1
10387,99,97,2,2
10388,66,64,2,2
10389,105,99,6,6
10390,59,51,8,8
10391,128,109,19,19
10392,53,58,-5,5
10393,123,133,-10,10
10394,88,82,6,6
10395,80,74,6,6
10396,72,82,-10,10
10397,73,74,-1,1
10398,60,59,1,1
10399,88,80,8,8
10400,82,77,5,5
10401,156,148,8,8
10402,163,144,19,19
10403,73,70,3,3
10404,105,99,6,6
10405,137,126,11,11
10406,74,73,1,1
10407,85,79,6,6
10408,71,75,-4,4
10409,56,65,-9,9
10410,95,100,-5,5
10411,48,54,-6,6
10412,113,116,-3,3
10413,96,95,1,1
10414,111,106,5,5
10415,80,99,-19,19
10416,44,42,2,2
10417,73,70,3,3
10418,132,110,22,22
10419,100,89,11,11
10420,126,122,4,4
10421,77,83,-6,6
10422,81,87,-6,6
10423,68,62,6,6
10424,73,96,-23,23
10425,100,93,7,7
10426,98,80,18,18
10427,60,60,0,0
10428,110,105,5,5
10429,102,100,2,2
10430,75,66,9,9
10431,138,145,-7,7
10432,81,75,6,6
10433,108,117,-9,9
10434,148,135,13,13
10435,59,55,4,4
10436,88,91,-3,3
10437,104,78,26,26
10438,72,61,11,11
10439,82,83,-1,1
10440,93,93,0,0
10441,93,84,9,9
10442,160,160,0,0
10443,129,125,4,4
10444,113,119,-6,6
10445,116,91,25,25
10446,119,121,-2,2
10447,86,78,8,8
10448,44,45,-1,1
10449,76,69,7,7
10450,61,65,-4,4
10451,80,83,-3,3
10452,99,85,14,14
10453,87,100,-13,13
10454,117,111,6,6
10455,50,71,-21,21
10456,150,141,9,9
10457,123,110,13,13
10458,100,80,20,20
10459,147,138,9,9
10460,185,189,-4,4
10461,59,53,6,6
10462,81,69,12,12
10463,61,69,-8,8
10464,126,118,8,8
10465,82,83,-1,1
10466,100,98,2,2
10467,81,71,10,10
10468,39,50,-11,11
10469,77,71,6,6
10470,51,60,-9,9
10471,98,107,-9,9
10472,133,150,-17,17
10473,80,80,0,0
10474,151,139,12,12
10475,88,78,10,10
10476,55,56,-1,1
10477,72,82,-10,10
10478,75,83,-8,8
10479,77,71,6,6
10480,81,69,12,12
10481,144,148,-4,4
10482,121,93,28,28
10483,57,56,1,1
10484,69,53,16,16
10485,99,100,-1,1
10486,64,75,-11,11
10487,130,113,17,17
10488,106,104,2,2
10489,72,69,3,3
10490,67,74,-7,7
10491,68,63,5,5
10492,79,78,1,1
10493,81,78,3,3
10494,69,68,1,1
10495,67,62,5,5
10496,73,62,11,11
10497,39,44,-5,5
10498,112,133,-21,21
10499,71,70,1,1
10500,132,126,6,6
10501,133,133,0,0
10502,95,89,6,6
10503,112,95,17,17
10504,112,96,16,16
10505,99,108,-9,9
10506,71,77,-6,6
10507,127,139,-12,12
10508,89,93,-4,4
10509,87,78,9,9
10510,124,114,10,10
10511,66,67,-1,1
10512,92,98,-6,6
10513,80,71,9,9
10514,94,92,2,2
10515,146,147,-1,1
10516,139,143,-4,4
10517,136,131,5,5
10518,63,58,5,5
10519,54,62,-8,8
10520,171,162,9,9
10521,91,79,12,12
10522,170,150,20,20
10523,147,125,22,22
10524,70,72,-2,2
10525,140,143,-3,3
10526,117,120,-3,3
10527,72,69,3,3
10528,132,127,5,5
10529,63,57,6,6
10530,102,107,-5,5
10531,81,78,3,3
10532,90,84,6,6
10533,87,102,-15,15
10534,127,126,1,1
10535,56,61,-5,5
10536,44,38,6,6
10537,122,120,2,2
10538,111,104,7,7
10539,66,69,-3,3
10540,110,111,-1,1
10541,101,101,0,0
10542,119,116,3,3
10543,75,80,-5,5
10544,65,69,-4,4
10545,55,60,-5,5
10546,76,80,-4,4
10547,70,72,-2,2
10548,157,187,-30,30
10549,27,44,-17,17
10550,83,74,9,9
10551,125,118,7,7
10552,95,99,-4,4
10553,86,77,9,9
10554,116,125,-9,9
10555,66,64,2,2
10556,144,165,-21,21
10557,96,99,-3,3
10558,94,96,-2,2
10559,37,47,-10,10
10560,195,180,15,15
10561,108,126,-18,18
10562,130,138,-8,8
10563,78,82,-4,4
10564,57,67,-10,10
10565,72,66,6,6
10566,57,60,-3,3
10567,90,103,-13,13
10568,67,59,8,8
10569,157,158,-1,1
10570,57,60,-3,3
10571,94,84,10,10
10572,69,66,3,3
10573,86,83,3,3
10574,58,63,-5,5
10575,105,101,4,4
10576,74,83,-9,9
10577,116,107,9,9
10578,78,70,8,8
10579,115,111,4,4
10580,64,61,3,3
10581,127,119,8,8
10582,77,73,4,4
10583,99,80,19,19
10584,68,69,-1,1
10585,101,102,-1,1
10586,88,79,9,9
10587,121,119,2,2
10588,100,96,4,4
10589,87,69,18,18
10590,80,67,13,13
10591,43,55,-12,12
10592,103,107,-4,4
10593,149,137,12,12
10594,67,70,-3,3
10595,110,115,-5,5
10596,127,111,16,16
10597,55,53,2,2
10598,133,129,4,4
10599,82,81,1,1
10600,45,44,1,1
10601,59,64,-5,5
10602,120,119,1,1
10603,103,110,-7,7
10604,145,144,1,1
10605,119,118,1,1
10606,75,79,-4,4
10607,74,69,5,5
10608,109,114,-5,5
10609,148,150,-2,2
10610,80,80,0,0
10611,68,66,2,2
10612,116,119,-3,3
10613,114,103,11,11
10614,100,104,-4,4
10615,72,74,-2,2
10616,119,136,-17,17
10617,96,88,8,8
10618,58,56,2,2
10619,132,138,-6,6
10620,169,171,-2,2
10621,70,67,3,3
10622,90,84,6,6
10623,93,85,8,8
10624,107,130,-23,23
10625,124,121,3,3
10626,43,40,3,3
10627,102,93,9,9
10628,107,105,2,2
10629,61,61,0,0
10630,62,71,-9,9
10631,72,67,5,5
10632,129,126,3,3
10633,74,69,5,5
10634,81,77,4,4
10635,107,97,10,10
10636,79,79,0,0
10637,43,38,5,5
10638,72,68,4,4
10639,102,82,20,20
10640,93,88,5,5
10641,90,84,6,6
10642,66,59,7,7
10643,125,108,17,17
10644,73,65,8,8
10645,78,73,5,5
10646,49,54,-5,5
10647,81,73,8,8
10648,74,76,-2,2
10649,78,75,3,3
10650,82,80,2,2
10651,92,115,-23,23
10652,110,107,3,3
10653,96,92,4,4
10654,83,89,-6,6
10655,143,141,2,2
10656,88,75,13,13
10657,111,102,9,9
10658,54,56,-2,2
10659,66,61,5,5
10660,68,78,-10,10
10661,57,60,-3,3
10662,169,147,22,22
10663,63,72,-9,9
10664,131,152,-21,21
10665,102,104,-2,2
10666,47,58,-11,11
10667,58,57,1,1
10668,127,125,2,2
10669,100,84,16,16
10670,109,115,-6,6
10671,109,105,4,4
10672,92,93,-1,1
10673,93,106,-13,13
10674,64,65,-1,1
10675,95,89,6,6
10676,97,89,8,8
10677,87,92,-5,5
10678,65,68,-3,3
10679,84,81,3,3
10680,140,117,23,23
10681,88,81,7,7
10682,56,49,7,7
10683,131,127,4,4
10684,107,99,8,8
10685,93,81,12,12
10686,125,122,3,3
10687,204,182,22,22
10688,128,115,13,13
10689,80,72,8,8
10690,161,178,-17,17
10691,114,115,-1,1
10692,96,78,18,18
10693,79,77,2,2
10694,60,57,3,3
10695,176,165,11,11
10696,41,48,-7,7
10697,50,56,-6,6
10698,45,49,-4,4
10699,168,143,25,25
10700,65,70,-5,5
10701,57,51,6,6
10702,98,102,-4,4
10703,77,70,7,7
10704,84,74,10,10
10705,76,92,-16,16
10706,75,89,-14,14
10707,93,87,6,6
10708,71,108,-37,37
10709,87,78,9,9
10710,65,56,9,9
10711,130,126,4,4
10712,74,61,13,13
10713,34,44,-10,10
10714,129,112,17,17
10715,114,120,-6,6
10716,70,62,8,8
10717,50,58,-8,8
10718,93,91,2,2
10719,55,48,7,7
10720,94,77,17,17
10721,46,45,1,1
10722,50,51,-1,1
10723,104,90,14,14
10724,118,102,16,16
10725,102,98,4,4
10726,84,80,4,4
10727,165,173,-8,8
10728,97,95,2,2
10729,92,91,1,1
10730,89,64,25,25
10731,76,74,2,2
10732,75,88,-13,13
10733,142,141,1,1
10734,96,99,-3,3
10735,145,154,-9,9
10736,87,84,3,3
10737,64,61,3,3
10738,48,58,-10,10
10739,94,91,3,3
10740,69,61,8,8
10741,66,57,9,9
10742,131,126,5,5
10743,98,95,3,3
10744,94,93,1,1
10745,65,63,2,2
10746,89,95,-6,6
10747,128,121,7,7
10748,144,145,-1,1
10749,53,71,-18,18
10750,108,110,-2,2
10751,29,50,-21,21
10752,58,59,-1,1
10753,94,102,-8,8
10754,74,63,11,11
10755,133,130,3,3
10756,75,73,2,2
10757,87,81,6,6
10758,133,132,1,1
10759,74,94,-20,20
10760,80,77,3,3
10761,52,59,-7,7
10762,116,113,3,3
10763,158,153,5,5
10764,224,209,15,15
10765,97,96,1,1
10766,128,123,5,5
10767,102,90,12,12
10768,114,102,12,12
10769,41,38,3,3
10770,86,85,1,1
10771,42,55,-13,13
10772,111,106,5,5
10773,142,145,-3,3
10774,68,60,8,8
10775,65,71,-6,6
10776,116,123,-7,7
10777,91,85,6,6
10778,157,156,1,1
10779,140,135,5,5
10780,126,118,8,8
10781,77,77,0,0
10782,86,88,-2,2
10783,102,105,-3,3
10784,95,88,7,7
10785,64,54,10,10
10786,103,100,3,3
10787,55,56,-1,1
10788,77,81,-4,4
10789,160,150,10,10
10790,58,59,-1,1
10791,191,183,8,8
10792,121,132,-11,11
10793,77,73,4,4
10794,161,152,9,9
10795,65,60,5,5
10796,80,96,-16,16
10797,77,72,5,5
10798,67,75,-8,8
10799,51,57,-6,6
10800,76,71,5,5
10801,155,147,8,8
10802,96,82,14,14
10803,65,61,4,4
10804,98,94,4,4
10805,101,97,4,4
10806,49,53,-4,4
10807,112,104,8,8
10808,81,69,12,12
10809,49,40,9,9
10810,65,58,7,7
10811,90,86,4,4
10812,126,114,12,12
10813,48,53,-5,5
10814,120,111,9,9
10815,55,52,3,3
10816,75,89,-14,14
10817,83,94,-11,11
10818,135,127,8,8
10819,131,132,-1,1
10820,117,120,-3,3
10821,88,76,12,12
10822,92,94,-2,2
10823,90,104,-14,14
10824,98,103,-5,5
10825,101,94,7,7
10826,138,139,-1,1
10827,84,87,-3,3
10828,104,108,-4,4
10829,98,113,-15,15
10830,87,86,1,1
10831,102,112,-10,10
10832,81,77,4,4
10833,75,71,4,4
10834,145,137,8,8
10835,114,106,8,8
10836,63,58,5,5
10837,51,51,0,0
10838,109,106,3,3
10839,69,64,5,5
10840,87,98,-11,11
10841,72,67,5,5
10842,114,120,-6,6
10843,96,80,16,16
10844,140,148,-8,8
10845,171,162,9,9
10846,97,102,-5,5
10847,77,88,-11,11
10848,125,98,27,27
10849,75,72,3,3
10850,98,101,-3,3
10851,118,115,3,3
10852,120,115,5,5
10853,69,64,5,5
10854,57,66,-9,9
10855,129,117,12,12
10856,127,121,6,6
10857,81,78,3,3
10858,102,95,7,7
10859,154,148,6,6
10860,116,113,3,3
10861,47,41,6,6
10862,124,109,15,15
10863,124,111,13,13
10864,138,139,-1,1
10865,82,73,9,9
10866,120,112,8,8
10867,114,107,7,7
10868,90,85,5,5
10869,88,84,4,4
10870,53,55,-2,2
10871,84,77,7,7
10872,80,75,5,5
10873,147,141,6,6
10874,79,79,0,0
10875,115,115,0,0
10876,80,75,5,5
10877,117,113,4,4
10878,123,122,1,1
10879,54,77,-23,23
10880,93,90,3,3
10881,145,140,5,5
10882,128,136,-8,8
10883,73,69,4,4
10884,51,47,4,4
10885,65,63,2,2
10886,102,109,-7,7
10887,95,100,-5,5
10888,58,61,-3,3
10889,49,56,-7,7
10890,113,108,5,5
10891,121,120,1,1
10892,148,154,-6,6
10893,139,147,-8,8
10894,96,108,-12,12
10895,143,133,10,10
10896,92,91,1,1
10897,78,78,0,0
10898,11,28,-17,17
10899,66,68,-2,2
10900,79,71,8,8
10901,70,67,3,3
10902,67,66,1,1
10903,77,73,4,4
10904,144,140,4,4
10905,84,86,-2,2
10906,50,54,-4,4
10907,79,69,10,10
10908,90,99,-9,9
10909,62,54,8,8
10910,134,143,-9,9
10911,110,81,29,29
10912,78,92,-14,14
10913,142,130,12,12
10914,79,80,-1,1
10915,143,138,5,5
10916,80,86,-6,6
10917,37,37,0,0
10918,70,61,9,9
10919,96,96,0,0
10920,135,146,-11,11
10921,76,74,2,2
10922,181,172,9,9
10923,105,115,-10,10
10924,49,46,3,3
10925,65,64,1,1
10926,139,132,7,7
10927,38,45,-7,7
10928,83,79,4,4
10929,56,64,-8,8
10930,120,103,17,17
10931,109,113,-4,4
10932,160,151,9,9
10933,117,135,-18,18
10934,92,98,-6,6
10935,99,96,3,3
10936,114,113,1,1
10937,70,62,8,8
10938,93,94,-1,1
10939,112,100,12,12
10940,118,113,5,5
10941,72,65,7,7
10942,51,56,-5,5
10943,119,98,21,21
10944,85,78,7,7
10945,101,109,-8,8
10946,78,80,-2,2
10947,75,71,4,4
10948,69,75,-6,6
10949,120,117,3,3
10950,72,73,-1,1
10951,64,75,-11,11
10952,80,81,-1,1
10953,80,83,-3,3
10954,75,69,6,6
10955,76,70,6,6
10956,157,154,3,3
10957,80,94,-14,14
10958,117,113,4,4
10959,103,91,12,12
10960,129,110,19,19
10961,139,133,6,6
10962,98,91,7,7
10963,87,71,16,16
10964,165,147,18,18
10965,73,77,-4,4
10966,137,136,1,1
10967,150,153,-3,3
10968,74,80,-6,6
10969,157,149,8,8
10970,82,97,-15,15
10971,74,70,4,4
10972,37,54,-17,17
10973,95,95,0,0
10974,104,111,-7,7
10975,124,125,-1,1
10976,37,36,1,1
10977,80,101,-21,21
10978,80,92,-12,12
10979,88,77,11,11
10980,147,119,28,28
10981,65,75,-10,10
10982,101,96,5,5
10983,93,96,-3,3
10984,71,88,-17,17
10985,64,55,9,9
10986,71,68,3,3
10987,60,64,-4,4
10988,64,79,-15,15
10989,55,55,0,0
10990,48,67,-19,19
10991,141,133,8,8
10992,95,93,2,2
10993,58,60,-2,2
10994,95,86,9,9
10995,71,74,-3,3
10996,89,86,3,3
10997,125,122,3,3
10998,170,177,-7,7
10999,153,162,-9,9
11000,84,81,3,3
11001,137,129,8,8
11002,81,70,11,11
11003,77,85,-8,8
11004,75,80,-5,5
11005,110,105,5,5
11006,53,48,5,5
11007,92,83,9,9
11008,105,120,-15,15
11009,55,61,-6,6
11010,85,98,-13,13
11011,141,119,22,22
11012,126,132,-6,6
11013,82,81,1,1
11014,124,127,-3,3
11015,76,90,-14,14
11016,126,107,19,19
11017,56,57,-1,1
11018,65,64,1,1
11019,91,100,-9,9
11020,65,70,-5,5
11021,84,89,-5,5
11022,95,90,5,5
11023,109,97,12,12
11024,74,70,4,4
11025,60,55,5,5
11026,65,65,0,0
11027,77,73,4,4
11028,79,74,5,5
11029,65,55,10,10
11030,110,113,-3,3
11031,116,125,-9,9
11032,67,68,-1,1
11033,83,79,4,4
11034,120,107,13,13
11035,157,134,23,23
11036,123,119,4,4
11037,80,73,7,7
11038,99,114,-15,15
11039,88,78,10,10
11040,67,74,-7,7
11041,134,131,3,3
11042,76,66,10,10
11043,96,93,3,3
11044,83,79,4,4
11045,57,67,-10,10
11046,93,87,6,6
11047,60,57,3,3
11048,85,80,5,5
11049,62,68,-6,6
11050,110,109,1,1
11051,108,112,-4,4
11052,66,62,4,4
11053,67,78,-11,11
11054,71,64,7,7
11055,79,73,6,6
11056,145,147,-2,2
11057,62,70,-8,8
11058,60,70,-10,10
11059,126,127,-1,1
11060,120,122,-2,2
11061,67,60,7,7
11062,96,96,0,0
11063,54,49,5,5
11064,66,60,6,6
11065,101,100,1,1
11066,83,77,6,6
11067,120,112,8,8
11068,186,183,3,3
11069,72,75,-3,3
11070,91,107,-16,16
11071,158,148,10,10
11072,67,69,-2,2
11073,118,106,12,12
11074,63,61,2,2
11075,105,100,5,5
11076,124,102,22,22
11077,108,88,20,20
11078,121,107,14,14
11079,39,34,5,5
11080,90,89,1,1
11081,218,222,-4,4
11082,71,79,-8,8
11083,81,83,-2,2
11084,61,57,4,4
11085,86,81,5,5
11086,59,60,-1,1
11087,168,174,-6,6
11088,86,85,1,1
11089,104,112,-8,8
11090,89,88,1,1
11091,80,81,-1,1
11092,81,77,4,4
11093,87,78,9,9
11094,119,106,13,13
11095,136,117,19,19
11096,113,102,11,11
11097,68,79,-11,11
11098,86,74,12,12
11099,103,104,-1,1
11100,72,79,-7,7
11101,142,145,-3,3
11102,172,189,-17,17
11103,166,162,4,4
11104,96,101,-5,5
11105,106,93,13,13
11106,125,121,4,4
11107,125,120,5,5
11108,75,103,-28,28
11109,94,85,9,9
11110,103,105,-2,2
11111,58,64,-6,6
11112,81,70,11,11
11113,133,119,14,14
11114,122,117,5,5
11115,99,106,-7,7
11116,67,58,9,9
11117,126,122,4,4
11118,91,82,9,9
11119,73,70,3,3
11120,89,95,-6,6
11121,124,144,-20,20
11122,68,61,7,7
11123,126,127,-1,1
11124,76,75,1,1
11125,167,148,19,19
11126,36,33,3,3
11127,137,131,6,6
11128,93,87,6,6
11129,115,110,5,5
11130,125,115,10,10
11131,79,79,0,0
11132,59,56,3,3
11133,90,87,3,3
11134,73,78,-5,5
11135,74,65,9,9
11136,111,106,5,5
11137,129,120,9,9
11138,80,82,-2,2
11139,97,80,17,17
11140,83,79,4,4
11141,129,126,3,3
11142,120,118,2,2
11143,93,90,3,3
11144,95,108,-13,13
11145,101,98,3,3
11146,93,82,11,11
11147,112,130,-18,18
11148,103,106,-3,3
11149,60,66,-6,6
11150,95,105,-10,10
11151,62,59,3,3
11152,69,69,0,0
11153,83,91,-8,8
11154,53,47,6,6
11155,98,96,2,2
11156,101,105,-4,4
11157,73,88,-15,15
11158,94,109,-15,15
11159,55,61,-6,6
11160,93,110,-17,17
11161,70,68,2,2
11162,102,107,-5,5
11163,75,66,9,9
11164,77,62,15,15
11165,96,90,6,6
11166,93,101,-8,8
11167,78,81,-3,3
11168,155,143,12,12
11169,94,89,5,5
11170,66,64,2,2
11171,71,80,-9,9
11172,96,96,0,0
11173,143,141,2,2
11174,60,64,-4,4
11175,79,83,-4,4
11176,93,95,-2,2
11177,126,125,1,1
11178,128,122,6,6
11179,103,90,13,13
11180,95,90,5,5
11181,86,100,-14,14
11182,95,88,7,7
11183,68,61,7,7
11184,102,102,0,0
11185,74,76,-2,2
11186,94,117,-23,23
11187,83,66,17,17
11188,107,108,-1,1
11189,65,64,1,1
11190,66,79,-13,13
11191,113,112,1,1
11192,164,155,9,9
11193,60,63,-3,3
11194,139,154,-15,15
11195,96,97,-1,1
11196,87,71,16,16
11197,113,110,3,3
11198,180,178,2,2
11199,106,99,7,7
11200,73,70,3,3
11201,121,129,-8,8
11202,125,128,-3,3
11203,62,65,-3,3
11204,56,56,0,0
11205,81,74,7,7
11206,103,96,7,7
11207,107,95,12,12
11208,70,62,8,8
11209,107,100,7,7
11210,167,206,-39,39
11211,72,63,9,9
11212,123,112,11,11
11213,178,191,-13,13
11214,142,148,-6,6
11215,138,128,10,10
11216,148,139,9,9
11217,141,141,0,0
11218,119,131,-12,12
11219,67,65,2,2
11220,126,139,-13,13
11221,35,61,-26,26
11222,86,86,0,0
11223,82,96,-14,14
11224,135,161,-26,26
11225,111,103,8,8
11226,145,149,-4,4
11227,99,80,19,19
11228,69,72,-3,3
11229,81,85,-4,4
11230,58,59,-1,1
11231,58,63,-5,5
11232,141,116,25,25
11233,75,75,0,0
11234,108,113,-5,5
11235,128,135,-7,7
11236,87,89,-2,2
11237,90,93,-3,3
11238,133,130,3,3
11239,73,66,7,7
11240,63,60,3,3
11241,73,73,0,0
11242,136,141,-5,5
11243,105,96,9,9
11244,60,60,0,0
11245,102,93,9,9
11246,100,96,4,4
11247,57,57,0,0
11248,71,72,-1,1
11249,76,68,8,8
11250,58,54,4,4
11251,204,196,8,8
11252,96,90,6,6
11253,113,99,14,14
11254,114,86,28,28
11255,138,129,9,9
11256,79,84,-5,5
11257,142,132,10,10
11258,109,104,5,5
11259,141,140,1,1
11260,73,76,-3,3
11261,89,59,30,30
11262,85,90,-5,5
11263,159,150,9,9
11264,107,103,4,4
11265,68,79,-11,11
11266,79,80,-1,1
11267,109,108,1,1
11268,78,67,11,11
11269,61,59,2,2
11270,102,102,0,0
11271,140,134,6,6
11272,156,148,8,8
11273,155,153,2,2
11274,118,109,9,9
11275,85,76,9,9
11276,162,159,3,3
11277,105,103,2,2
11278,100,101,-1,1
11279,102,94,8,8
11280,130,117,13,13
11281,55,51,4,4
11282,69,77,-8,8
11283,89,84,5,5
11284,39,53,-14,14
11285,139,116,23,23
11286,94,87,7,7
11287,79,67,12,12
11288,171,165,6,6
11289,139,132,7,7
11290,85,88,-3,3
11291,86,81,5,5
11292,114,110,4,4
11293,134,126,8,8
11294,51,51,0,0
11295,47,49,-2,2
11296,56,60,-4,4
11297,72,76,-4,4
11298,96,102,-6,6
11299,143,148,-5,5
11300,115,88,27,27
11301,99,108,-9,9
11302,91,94,-3,3
11303,85,94,-9,9
11304,151,136,15,15
11305,42,58,-16,16
11306,125,118,7,7
11307,41,65,-24,24
11308,137,106,31,31
11309,100,89,11,11
11310,143,124,19,19
11311,174,175,-1,1
11312,81,72,9,9
11313,106,106,0,0
11314,150,137,13,13
11315,66,70,-4,4
11316,119,114,5,5
11317,133,119,14,14
11318,58,61,-3,3
11319,90,86,4,4
11320,111,109,2,2
11321,157,144,13,13
11322,106,98,8,8
11323,121,116,5,5
11324,61,65,-4,4
11325,111,105,6,6
11326,88,82,6,6
11327,81,82,-1,1
11328,93,91,2,2
11329,77,73,4,4
11330,163,140,23,23
11331,104,106,-2,2
11332,76,60,16,16
11333,52,52,0,0
11334,87,88,-1,1
11335,104,94,10,10
11336,62,59,3,3
11337,112,121,-9,9
11338,76,80,-4,4
11339,129,138,-9,9
11340,106,105,1,1
11341,63,57,6,6
11342,87,87,0,0
11343,106,104,2,2
11344,86,76,10,10
11345,88,89,-1,1
11346,89,87,2,2
11347,71,65,6,6
11348,116,97,19,19
11349,55,61,-6,6
11350,83,93,-10,10
11351,64,53,11,11
11352,71,72,-1,1
11353,128,122,6,6
11354,57,61,-4,4
11355,127,125,2,2
11356,47,46,1,1
11357,94,85,9,9
11358,60,55,5,5
11359,60,65,-5,5
11360,55,63,-8,8
11361,97,97,0,0
11362,82,84,-2,2
11363,109,105,4,4
11364,111,109,2,2
11365,61,62,-1,1
11366,70,69,1,1
11367,79,72,7,7
11368,107,102,5,5
11369,89,78,11,11
11370,60,58,2,2
11371,147,147,0,0
11372,83,88,-5,5
11373,104,102,2,2
11374,134,140,-6,6
11375,88,92,-4,4
11376,35,38,-3,3
11377,117,133,-16,16
11378,78,79,-1,1
11379,149,136,13,13
11380,85,82,3,3
11381,97,98,-1,1
11382,115,117,-2,2
11383,109,99,10,10
11384,81,79,2,2
11385,81,98,-17,17
11386,93,89,4,4
11387,123,125,-2,2
11388,95,95,0,0
11389,102,97,5,5
11390,57,53,4,4
11391,179,181,-2,2
11392,126,124,2,2
11393,62,57,5,5
11394,65,75,-10,10
11395,109,102,7,7
11396,74,77,-3,3
11397,113,103,10,10
11398,121,117,4,4
11399,114,99,15,15
11400,63,56,7,7
11401,103,98,5,5
11402,80,71,9,9
11403,45,76,-31,31
11404,93,92,1,1
11405,121,107,14,14
11406,166,170,-4,4
11407,63,72,-9,9
11408,66,59,7,7
11409,55,73,-18,18
11410,116,111,5,5
11411,96,93,3,3
11412,76,73,3,3
11413,54,60,-6,6
11414,108,106,2,2
11415,51,53,-2,2
11416,109,107,2,2
11417,75,75,0,0
11418,86,87,-1,1
11419,82,91,-9,9
11420,36,45,-9,9
11421,64,73,-9,9
11422,119,110,9,9
11423,53,62,-9,9
11424,73,70,3,3
11425,58,55,3,3
11426,41,52,-11,11
11427,58,59,-1,1
11428,118,120,-2,2
11429,134,122,12,12
11430,75,71,4,4
11431,50,54,-4,4
11432,98,95,3,3
11433,33,41,-8,8
11434,109,95,14,14
11435,79,79,0,0
11436,60,55,5,5
11437,100,107,-7,7
11438,85,70,15,15
11439,75,76,-1,1
11440,82,79,3,3
11441,57,73,-16,16
11442,164,171,-7,7
11443,157,150,7,7
11444,76,70,6,6
11445,72,72,0,0
11446,57,81,-24,24
11447,96,99,-3,3
11448,90,76,14,14
11449,100,102,-2,2
11450,129,127,2,2
11451,91,89,2,2
11452,98,94,4,4
11453,102,98,4,4
11454,198,202,-4,4
11455,78,74,4,4
11456,60,57,3,3
11457,173,177,-4,4
11458,98,96,2,2
11459,72,70,2,2
11460,90,110,-20,20
11461,170,166,4,4
11462,163,148,15,15
11463,77,73,4,4
11464,66,73,-7,7
11465,67,58,9,9
11466,66,58,8,8
11467,99,84,15,15
11468,86,75,11,11
11469,85,85,0,0
11470,71,67,4,4
11471,136,123,13,13
11472,86,79,7,7
11473,60,59,1,1
11474,119,118,1,1
11475,132,140,-8,8
11476,114,124,-10,10
11477,66,61,5,5
11478,147,153,-6,6
11479,90,91,-1,1
11480,112,113,-1,1
11481,68,61,7,7
11482,119,107,12,12
11483,121,121,0,0
11484,70,89,-19,19
11485,124,113,11,11
11486,47,51,-4,4
11487,70,80,-10,10
11488,80,85,-5,5
11489,44,45,-1,1
11490,75,92,-17,17
11491,65,56,9,9
11492,80,66,14,14
11493,95,99,-4,4
11494,124,118,6,6
11495,50,64,-14,14
11496,133,129,4,4
11497,77,75,2,2
11498,105,111,-6,6
11499,70,65,5,5
11500,86,91,-5,5
11501,97,80,17,17
11502,80,78,2,2
11503,98,97,1,1
11504,106,111,-5,5
11505,74,82,-8,8
11506,66,63,3,3
11507,118,114,4,4
11508,110,102,8,8
11509,156,153,3,3
11510,67,61,6,6
11511,170,133,37,37
11512,117,108,9,9
11513,101,98,3,3
11514,130,124,6,6
11515,93,97,-4,4
11516,105,102,3,3
11517,41,62,-21,21
11518,84,63,21,21
11519,59,54,5,5
11520,141,131,10,10
11521,47,70,-23,23
11522,114,87,27,27
11523,137,127,10,10
11524,126,136,-10,10
11525,62,55,7,7
11526,111,110,1,1
11527,74,79,-5,5
11528,81,76,5,5
11529,160,154,6,6
11530,102,100,2,2
11531,91,79,12,12
11532,83,83,0,0
11533,72,64,8,8
11534,68,72,-4,4
11535,126,108,18,18
11536,77,79,-2,2
11537,160,140,20,20
11538,106,109,-3,3
11539,81,78,3,3
11540,170,133,37,37
11541,131,121,10,10
11542,50,67,-17,17
11543,115,109,6,6
11544,70,75,-5,5
11545,109,115,-6,6
11546,72,59,13,13
11547,74,74,0,0
11548,67,68,-1,1
11549,81,78,3,3
11550,83,83,0,0
11551,105,100,5,5
11552,95,98,-3,3
11553,133,125,8,8
11554,115,121,-6,6
11555,98,88,10,10
11556,55,45,10,10
11557,109,113,-4,4
11558,50,57,-7,7
11559,145,119,26,26
11560,89,75,14,14
11561,85,84,1,1
11562,85,89,-4,4
11563,65,88,-23,23
11564,86,89,-3,3
11565,105,86,19,19
11566,53,52,1,1
11567,60,69,-9,9
11568,121,117,4,4
11569,52,61,-9,9
11570,53,49,4,4
11571,164,167,-3,3
11572,92,94,-2,2
11573,100,99,1,1
11574,111,108,3,3
11575,67,58,9,9
11576,169,161,8,8
11577,86,81,5,5
11578,51,48,3,3
11579,96,91,5,5
11580,97,82,15,15
11581,82,69,13,13
11582,75,73,2,2
11583,103,97,6,6
11584,91,80,11,11
11585,108,97,11,11
11586,85,92,-7,7
11587,137,141,-4,4
11588,88,89,-1,1
11589,167,142,25,25
11590,65,71,-6,6
11591,92,83,9,9
11592,98,83,15,15
11593,68,66,2,2
11594,65,60,5,5
11595,60,55,5,5
11596,71,64,7,7
11597,50,51,-1,1
11598,79,78,1,1
11599,102,94,8,8
11600,85,73,12,12
11601,69,59,10,10
11602,105,102,3,3
11603,114,104,10,10
11604,77,75,2,2
11605,70,54,16,16
11606,80,77,3,3
11607,137,144,-7,7
11608,105,98,7,7
11609,83,89,-6,6
11610,95,91,4,4
11611,70,79,-9,9
11612,183,178,5,5
11613,50,54,-4,4
11614,164,159,5,5
11615,125,115,10,10
11616,90,87,3,3
11617,108,110,-2,2
11618,150,143,7,7
11619,90,112,-22,22
11620,73,72,1,1
11621,86,100,-14,14
11622,91,100,-9,9
11623,108,111,-3,3
11624,120,97,23,23
11625,127,85,42,42
11626,65,59,6,6
11627,121,88,33,33
11628,80,76,4,4
11629,89,75,14,14
11630,81,80,1,1
11631,96,77,19,19
11632,119,117,2,2
11633,118,126,-8,8
11634,128,132,-4,4
11635,56,70,-14,14
11636,56,69,-13,13
11637,86,82,4,4
11638,79,78,1,1
11639,116,105,11,11
11640,69,75,-6,6
11641,111,93,18,18
11642,81,95,-14,14
11643,56,57,-1,1
11644,119,121,-2,2
11645,82,71,11,11
11646,81,74,7,7
11647,136,125,11,11
11648,127,130,-3,3
11649,108,121,-13,13
11650,129,122,7,7
11651,74,87,-13,13
11652,63,86,-23,23
11653,168,153,15,15
11654,100,106,-6,6
11655,66,67,-1,1
11656,70,87,-17,17
11657,101,95,6,6
11658,112,100,12,12
11659,102,86,16,16
11660,124,116,8,8
11661,82,78,4,4
11662,94,99,-5,5
11663,70,75,-5,5
11664,72,70,2,2
11665,67,64,3,3
11666,117,127,-10,10
11667,47,48,-1,1
11668,110,86,24,24
11669,93,85,8,8
11670,64,56,8,8
11671,134,138,-4,4
11672,66,61,5,5
11673,69,68,1,1
11674,99,101,-2,2
11675,137,128,9,9
11676,58,63,-5,5
11677,85,73,12,12
11678,94,101,-7,7
11679,104,97,7,7
11680,108,105,3,3
11681,89,79,10,10
11682,176,163,13,13
11683,88,88,0,0
11684,46,53,-7,7
11685,94,89,5,5
11686,162,158,4,4
11687,92,86,6,6
11688,96,91,5,5
11689,124,125,-1,1
11690,74,82,-8,8
11691,68,71,-3,3
11692,67,71,-4,4
11693,90,90,0,0
11694,87,74,13,13
11695,86,90,-4,4
11696,68,68,0,0
11697,90,97,-7,7
11698,77,84,-7,7
11699,126,101,25,25
11700,126,118,8,8
11701,94,97,-3,3
11702,172,175,-3,3
11703,63,84,-21,21
11704,101,93,8,8
11705,148,144,4,4
11706,87,97,-10,10
11707,127,115,12,12
11708,121,102,19,19
11709,142,151,-9,9
11710,73,71,2,2
11711,71,67,4,4
11712,103,135,-32,32
11713,39,44,-5,5
11714,99,116,-17,17
11715,69,64,5,5
11716,182,167,15,15
11717,138,169,-31,31
11718,142,142,0,0
11719,114,118,-4,4
11720,54,63,-9,9
11721,93,87,6,6
11722,110,99,11,11
11723,38,40,-2,2
11724,133,138,-5,5
11725,143,134,9,9
11726,125,131,-6,6
11727,69,67,2,2
11728,120,116,4,4
11729,121,129,-8,8
11730,71,65,6,6
11731,97,89,8,8
11732,104,97,7,7
11733,97,88,9,9
11734,47,47,0,0
11735,184,172,12,12
11736,110,116,-6,6
11737,67,61,6,6
11738,106,101,5,5
11739,66,77,-11,11
11740,118,112,6,6
11741,81,80,1,1
11742,83,81,2,2
11743,64,69,-5,5
11744,70,51,19,19
11745,50,51,-1,1
11746,93,82,11,11
11747,157,140,17,17
11748,51,53,-2,2
11749,77,69,8,8
11750,87,80,7,7
11751,119,116,3,3
11752,115,109,6,6
11753,85,75,10,10
11754,63,76,-13,13
11755,91,98,-7,7
11756,67,62,5,5
11757,64,76,-12,12
11758,127,135,-8,8
11759,67,69,-2,2
11760,71,67,4,4
11761,96,97,-1,1
11762,111,105,6,6
11763,62,52,10,10
11764,77,66,11,11
11765,174,181,-7,7
11766,138,127,11,11
11767,65,62,3,3
11768,116,109,7,7
11769,47,48,-1,1
11770,119,114,5,5
11771,94,80,14,14
11772,122,118,4,4
11773,92,95,-3,3
11774,148,132,16,16
11775,67,69,-2,2
11776,101,100,1,1
11777,86,86,0,0
11778,53,51,2,2
11779,77,85,-8,8
11780,126,122,4,4
11781,74,70,4,4
11782,91,94,-3,3
11783,81,82,-1,1
11784,43,45,-2,2
11785,114,113,1,1
11786,79,83,-4,4
11787,96,87,9,9
11788,106,100,6,6
11789,79,85,-6,6
11790,120,129,-9,9
11791,107,102,5,5
11792,98,97,1,1
11793,47,42,5,5
11794,76,78,-2,2
11795,85,82,3,3
11796,67,71,-4,4
11797,79,72,7,7
11798,90,103,-13,13
11799,84,80,4,4
11800,152,147,5,5
11801,152,146,6,6
11802,87,79,8,8
11803,65,60,5,5
11804,83,86,-3,3
11805,205,198,7,7
11806,151,151,0,0
11807,114,95,19,19
11808,83,96,-13,13
11809,66,71,-5,5
11810,66,68,-2,2
11811,105,102,3,3
11812,176,173,3,3
11813,166,166,0,0
11814,185,170,15,15
11815,108,110,-2,2
11816,95,91,4,4
11817,67,85,-18,18
11818,87,83,4,4
11819,82,82,0,0
11820,121,114,7,7
11821,71,89,-18,18
11822,62,64,-2,2
11823,113,88,25,25
11824,104,104,0,0
11825,68,67,1,1
11826,93,89,4,4
11827,74,73,1,1
11828,60,57,3,3
11829,80,84,-4,4
11830,70,70,0,0
11831,75,75,0,0
11832,76,65,11,11
11833,75,70,5,5
11834,80,73,7,7
11835,45,48,-3,3
11836,93,110,-17,17
11837,99,111,-12,12
11838,77,77,0,0
11839,89,80,9,9
11840,143,159,-16,16
11841,83,81,2,2
11842,102,101,1,1
11843,122,131,-9,9
11844,118,114,4,4
11845,132,110,22,22
11846,102,112,-10,10
11847,75,70,5,5
11848,105,102,3,3
11849,124,110,14,14
11850,75,72,3,3
11851,47,59,-12,12
11852,130,127,3,3
11853,147,139,8,8
11854,134,124,10,10
11855,71,67,4,4
11856,72,66,6,6
11857,42,47,-5,5
11858,97,92,5,5
11859,99,103,-4,4
11860,147,152,-5,5
11861,127,125,2,2
11862,65,71,-6,6
11863,73,92,-19,19
11864,54,60,-6,6
11865,87,86,1,1
11866,125,136,-11,11
11867,120,123,-3,3
11868,75,72,3,3
11869,101,106,-5,5
11870,139,131,8,8
11871,93,83,10,10
11872,85,85,0,0
11873,162,156,6,6
11874,158,159,-1,1
11875,234,198,36,36
11876,76,75,1,1
11877,68,55,13,13
11878,60,48,12,12
11879,115,111,4,4
11880,92,89,3,3
11881,99,89,10,10
11882,95,95,0,0
11883,69,74,-5,5
11884,53,52,1,1
11885,100,96,4,4
11886,157,154,3,3
11887,103,95,8,8
11888,117,112,5,5
11889,100,94,6,6
11890,95,84,11,11
11891,146,134,12,12
11892,97,82,15,15
11893,49,62,-13,13
11894,83,83,0,0
11895,89,83,6,6
11896,97,99,-2,2
11897,98,106,-8,8
11898,99,95,4,4
11899,52,57,-5,5
11900,92,98,-6,6
11901,128,135,-7,7
11902,60,55,5,5
11903,47,50,-3,3
11904,106,99,7,7
11905,78,72,6,6
11906,143,151,-8,8
11907,90,84,6,6
11908,125,119,6,6
11909,80,84,-4,4
11910,114,106,8,8
11911,161,158,3,3
11912,120,115,5,5
11913,41,57,-16,16
11914,38,36,2,2
11915,105,114,-9,9
11916,48,56,-8,8
11917,58,59,-1,1
11918,112,109,3,3
11919,59,51,8,8
11920,76,77,-1,1
11921,118,110,8,8
11922,77,65,12,12
11923,51,54,-3,3
11924,76,64,12,12
11925,56,62,-6,6
11926,40,45,-5,5
11927,69,68,1,1
11928,77,74,3,3
11929,91,92,-1,1
11930,149,141,8,8
11931,110,108,2,2
11932,115,117,-2,2
11933,117,113,4,4
11934,93,93,0,0
11935,31,48,-17,17
11936,111,120,-9,9
11937,79,82,-3,3
11938,72,66,6,6
11939,44,52,-8,8
11940,89,89,0,0
11941,51,53,-2,2
11942,186,191,-5,5
11943,144,139,5,5
11944,98,90,8,8
11945,68,64,4,4
11946,82,82,0,0
11947,110,94,16,16
11948,101,77,24,24
11949,73,73,0,0
11950,106,104,2,2
11951,50,52,-2,2
11952,128,117,11,11
11953,82,89,-7,7
11954,39,61,-22,22
11955,57,60,-3,3
11956,100,96,4,4
11957,132,127,5,5
11958,58,60,-2,2
11959,65,66,-1,1
11960,46,51,-5,5
11961,90,86,4,4
11962,132,126,6,6
11963,84,82,2,2
11964,95,94,1,1
11965,152,155,-3,3
11966,67,68,-1,1
11967,96,103,-7,7
11968,78,75,3,3
11969,99,84,15,15
11970,71,76,-5,5
11971,116,111,5,5
11972,122,123,-1,1
11973,81,74,7,7
11974,42,56,-14,14
11975,121,119,2,2
11976,144,143,1,1
11977,190,191,-1,1
11978,132,140,-8,8
11979,112,97,15,15
11980,106,79,27,27
11981,104,95,9,9
11982,79,75,4,4
11983,81,80,1,1
11984,92,97,-5,5
11985,55,57,-2,2
11986,85,78,7,7
11987,72,69,3,3
11988,48,46,2,2
11989,92,103,-11,11
11990,44,46,-2,2
11991,112,102,10,10
11992,118,112,6,6
11993,74,79,-5,5
11994,102,84,18,18
11995,93,101,-8,8
11996,113,106,7,7
11997,89,91,-2,2
11998,133,123,10,10
11999,45,48,-3,3
12000,53,53,0,0
12001,139,140,-1,1
12002,61,53,8,8
12003,85,91,-6,6
12004,67,67,0,0
12005,81,85,-4,4
12006,33,40,-7,7
12007,74,73,1,1
12008,81,82,-1,1
12009,81,92,-11,11
12010,114,115,-1,1
12011,158,150,8,8
12012,59,65,-6,6
12013,60,66,-6,6
12014,111,104,7,7
12015,102,99,3,3
12016,89,76,13,13
12017,80,72,8,8
12018,73,74,-1,1
12019,53,47,6,6
12020,124,125,-1,1
12021,108,103,5,5
12022,101,83,18,18
12023,93,97,-4,4
12024,69,62,7,7
12025,111,115,-4,4
12026,74,73,1,1
12027,80,74,6,6
12028,101,81,20,20
12029,127,156,-29,29
12030,78,75,3,3
12031,143,146,-3,3
12032,114,127,-13,13
12033,49,69,-20,20
12034,115,115,0,0
12035,103,95,8,8
12036,84,83,1,1
12037,88,86,2,2
12038,92,100,-8,8
12039,108,110,-2,2
12040,90,87,3,3
12041,65,73,-8,8
12042,60,56,4,4
12043,72,66,6,6
12044,129,139,-10,10
12045,76,70,6,6
12046,109,120,-11,11
12047,88,87,1,1
12048,60,55,5,5
12049,47,45,2,2
12050,100,91,9,9
12051,117,128,-11,11
12052,125,115,10,10
12053,113,102,11,11
12054,54,53,1,1
12055,111,106,5,5
12056,156,141,15,15
12057,110,97,13,13
12058,82,91,-9,9
12059,114,105,9,9
12060,68,70,-2,2
12061,66,73,-7,7
12062,90,92,-2,2
12063,63,60,3,3
12064,100,101,-1,1
12065,66,69,-3,3
12066,141,140,1,1
12067,79,78,1,1
12068,104,91,13,13
12069,140,128,12,12
12070,72,69,3,3
12071,39,43,-4,4
12072,118,110,8,8
12073,97,83,14,14
12074,95,105,-10,10
12075,86,89,-3,3
12076,90,85,5,5
12077,86,101,-15,15
12078,95,83,12,12
12079,118,105,13,13
12080,94,89,5,5
12081,130,129,1,1
12082,58,61,-3,3
12083,121,127,-6,6
12084,125,122,3,3
12085,150,154,-4,4
12086,102,96,6,6
12087,122,117,5,5
12088,109,110,-1,1
12089,74,75,-1,1
12090,93,81,12,12
12091,53,53,0,0
12092,117,113,4,4
12093,93,90,3,3
12094,191,194,-3,3
12095,142,116,26,26
12096,123,102,21,21
12097,83,86,-3,3
12098,127,122,5,5
12099,83,78,5,5
12100,85,81,4,4
12101,83,74,9,9
12102,94,88,6,6
12103,164,162,2,2
12104,72,75,-3,3
12105,76,60,16,16
12106,122,105,17,17
12107,59,40,19,19
12108,87,82,5,5
12109,88,58,30,30
12110,61,57,4,4
12111,154,157,-3,3
12112,159,146,13,13
12113,163,146,17,17
12114,104,101,3,3
12115,121,129,-8,8
12116,116,108,8,8
12117,98,101,-3,3
12118,84,88,-4,4
12119,42,44,-2,2
12120,78,71,7,7
12121,99,112,-13,13
12122,77,83,-6,6
12123,189,175,14,14
12124,66,75,-9,9
12125,144,145,-1,1
12126,196,177,19,19
12127,107,98,9,9
12128,68,73,-5,5
12129,88,82,6,6
12130,36,41,-5,5
12131,107,80,27,27
12132,123,94,29,29
12133,62,69,-7,7
12134,207,196,11,11
12135,89,84,5,5
12136,74,79,-5,5
12137,87,86,1,1
12138,135,129,6,6
12139,72,65,7,7
12140,183,139,44,44
12141,118,124,-6,6
12142,110,86,24,24
12143,111,110,1,1
12144,122,117,5,5
12145,90,96,-6,6
12146,121,128,-7,7
12147,58,62,-4,4
12148,126,124,2,2
12149,105,105,0,0
12150,109,109,0,0
12151,71,72,-1,1
12152,148,143,5,5
12153,95,93,2,2
12154,103,108,-5,5
12155,90,85,5,5
12156,77,75,2,2
12157,126,121,5,5
12158,141,136,5,5
12159,134,120,14,14
12160,49,53,-4,4
12161,99,97,2,2
12162,130,121,9,9
12163,74,72,2,2
12164,64,56,8,8
12165,196,185,11,11
12166,106,112,-6,6
12167,100,93,7,7
12168,88,84,4,4
12169,116,113,3,3
12170,107,106,1,1
12171,128,130,-2,2
12172,93,86,7,7
12173,150,132,18,18
12174,92,78,14,14
12175,96,89,7,7
12176,115,109,6,6
12177,111,95,16,16
12178,87,90,-3,3
12179,69,74,-5,5
12180,139,154,-15,15
12181,104,98,6,6
12182,115,118,-3,3
12183,114,102,12,12
12184,58,65,-7,7
12185,77,72,5,5
12186,79,82,-3,3
12187,114,113,1,1
12188,111,113,-2,2
12189,102,96,6,6
12190,161,160,1,1
12191,197,191,6,6
12192,72,63,9,9
12193,142,143,-1,1
12194,49,58,-9,9
12195,63,70,-7,7
12196,135,135,0,0
12197,192,181,11,11
12198,47,41,6,6
12199,110,107,3,3
12200,71,71,0,0
12201,108,120,-12,12
12202,137,151,-14,14
12203,128,121,7,7
12204,137,132,5,5
12205,148,145,3,3
12206,82,82,0,0
12207,70,80,-10,10
12208,60,57,3,3
12209,115,105,10,10
12210,76,71,5,5
12211,86,77,9,9
12212,97,93,4,4
12213,122,115,7,7
12214,104,100,4,4
12215,149,154,-5,5
12216,73,65,8,8
12217,88,82,6,6
12218,93,85,8,8
12219,94,85,9,9
12220,110,103,7,7
12221,56,65,-9,9
12222,66,69,-3,3
12223,73,81,-8,8
12224,96,100,-4,4
12225,121,117,4,4
12226,122,127,-5,5
12227,94,96,-2,2
12228,88,95,-7,7
12229,130,125,5,5
12230,63,55,8,8
12231,141,123,18,18
12232,54,54,0,0
12233,73,80,-7,7
12234,71,69,2,2
12235,95,85,10,10
12236,121,111,10,10
12237,73,83,-10,10
12238,125,123,2,2
12239,67,71,-4,4
12240,121,123,-2,2
12241,109,104,5,5
12242,64,72,-8,8
12243,96,85,11,11
12244,119,125,-6,6
12245,93,85,8,8
12246,75,72,3,3
12247,95,93,2,2
12248,66,62,4,4
12249,99,94,5,5
12250,47,48,-1,1
12251,84,94,-10,10
12252,165,213,-48,48
12253,97,87,10,10
12254,73,71,2,2
12255,37,49,-12,12
12256,104,87,17,17
12257,71,74,-3,3
12258,65,60,5,5
12259,66,59,7,7
12260,63,59,4,4
12261,96,97,-1,1
12262,130,128,2,2
12263,141,136,5,5
12264,86,104,-18,18
12265,108,115,-7,7
12266,128,115,13,13
12267,118,116,2,2
12268,83,73,10,10
12269,68,61,7,7
12270,84,84,0,0
12271,105,96,9,9
12272,61,74,-13,13
12273,73,77,-4,4
12274,65,63,2,2
12275,131,109,22,22
12276,118,110,8,8
12277,93,93,0,0
12278,76,78,-2,2
12279,75,72,3,3
12280,65,65,0,0
12281,70,65,5,5
12282,140,146,-6,6
12283,95,85,10,10
12284,145,126,19,19
12285,82,65,17,17
12286,185,172,13,13
12287,71,75,-4,4
12288,100,100,0,0
12289,99,93,6,6
12290,64,59,5,5
12291,65,62,3,3
12292,51,54,-3,3
12293,79,92,-13,13
12294,50,65,-15,15
12295,128,140,-12,12
12296,109,103,6,6
12297,106,90,16,16
12298,50,50,0,0
12299,126,117,9,9
12300,105,98,7,7
12301,39,47,-8,8
12302,70,70,0,0
12303,134,96,38,38
12304,46,44,2,2
12305,81,81,0,0
12306,115,109,6,6
12307,56,64,-8,8
12308,90,82,8,8
12309,107,101,6,6
12310,38,45,-7,7
12311,112,88,24,24
12312,86,78,8,8
12313,102,104,-2,2
12314,81,82,-1,1
12315,133,129,4,4
12316,65,63,2,2
12317,67,83,-16,16
12318,63,67,-4,4
12319,105,93,12,12
12320,81,85,-4,4
12321,97,98,-1,1
12322,96,96,0,0
12323,113,126,-13,13
12324,91,87,4,4
12325,67,78,-11,11
12326,85,76,9,9
12327,102,101,1,1
12328,76,67,9,9
12329,190,204,-14,14
12330,63,67,-4,4
12331,87,68,19,19
12332,140,131,9,9
12333,113,100,13,13
12334,102,102,0,0
12335,62,52,10,10
12336,57,52,5,5
12337,48,52,-4,4
12338,62,61,1,1
12339,94,106,-12,12
12340,95,101,-6,6
12341,183,179,4,4
12342,80,76,4,4
12343,164,164,0,0
12344,66,66,0,0
12345,67,78,-11,11
12346,103,81,22,22
12347,69,80,-11,11
12348,118,110,8,8
12349,78,79,-1,1
12350,66,62,4,4
12351,94,89,5,5
12352,92,92,0,0
12353,142,146,-4,4
12354,55,66,-11,11
12355,101,101,0,0
12356,79,66,13,13
12357,122,126,-4,4
12358,123,106,17,17
12359,38,42,-4,4
12360,65,79,-14,14
12361,138,120,18,18
12362,76,69,7,7
12363,114,116,-2,2
12364,79,76,3,3
12365,114,103,11,11
12366,68,65,3,3
12367,78,80,-2,2
12368,93,100,-7,7
12369,103,108,-5,5
12370,163,148,15,15
12371,101,107,-6,6
12372,126,128,-2,2
12373,67,61,6,6
12374,78,71,7,7
12375,116,118,-2,2
12376,128,126,2,2
12377,91,85,6,6
12378,142,133,9,9
12379,65,68,-3,3
12380,145,162,-17,17
12381,61,66,-5,5
12382,136,129,7,7
12383,84,70,14,14
12384,98,89,9,9
12385,87,86,1,1
12386,107,107,0,0
12387,115,128,-13,13
12388,106,95,11,11
12389,93,96,-3,3
12390,80,70,10,10
12391,130,107,23,23
12392,115,113,2,2
12393,97,107,-10,10
12394,92,90,2,2
12395,88,88,0,0
12396,66,57,9,9
12397,66,58,8,8
12398,87,87,0,0
12399,106,101,5,5
12400,70,75,-5,5
12401,180,165,15,15
12402,87,90,-3,3
12403,89,77,12,12
12404,92,101,-9,9
12405,125,113,12,12
12406,88,99,-11,11
12407,109,92,17,17
12408,35,50,-15,15
12409,67,68,-1,1
12410,117,108,9,9
12411,190,179,11,11
12412,114,112,2,2
12413,137,132,5,5
12414,138,153,-15,15
12415,129,133,-4,4
12416,106,88,18,18
12417,63,69,-6,6
12418,58,55,3,3
12419,57,63,-6,6
12420,86,86,0,0
12421,104,91,13,13
12422,97,100,-3,3
12423,101,97,4,4
12424,137,134,3,3
12425,64,51,13,13
12426,176,192,-16,16
12427,93,81,12,12
12428,120,118,2,2
12429,108,103,5,5
12430,70,70,0,0
12431,97,86,11,11
12432,83,90,-7,7
12433,83,74,9,9
12434,150,162,-12,12
12435,64,64,0,0
12436,89,80,9,9
12437,96,93,3,3
12438,114,113,1,1
12439,119,109,10,10
12440,61,61,0,0
12441,96,89,7,7
12442,105,105,0,0
12443,61,67,-6,6
12444,141,142,-1,1
12445,86,79,7,7
12446,87,84,3,3
12447,90,76,14,14
12448,105,102,3,3
12449,91,80,11,11
12450,111,118,-7,7
12451,76,76,0,0
12452,87,81,6,6
12453,91,95,-4,4
12454,107,115,-8,8
12455,110,104,6,6
12456,124,131,-7,7
12457,128,119,9,9
12458,109,108,1,1
12459,71,64,7,7
12460,87,81,6,6
12461,148,151,-3,3
12462,107,98,9,9
12463,134,134,0,0
12464,23,32,-9,9
12465,119,132,-13,13
12466,91,78,13,13
12467,25,34,-9,9
12468,61,73,-12,12
12469,101,107,-6,6
12470,72,64,8,8
12471,95,97,-2,2
12472,47,42,5,5
12473,97,99,-2,2
12474,81,78,3,3
12475,59,55,4,4
12476,77,73,4,4
12477,138,118,20,20
12478,120,120,0,0
12479,136,138,-2,2
12480,79,78,1,1
12481,63,65,-2,2
12482,102,104,-2,2
12483,158,150,8,8
12484,73,75,-2,2
12485,53,48,5,5
12486,83,85,-2,2
12487,155,135,20,20
12488,139,136,3,3
12489,93,85,8,8
12490,128,130,-2,2
12491,98,104,-6,6
12492,96,89,7,7
12493,153,137,16,16
12494,104,100,4,4
12495,115,94,21,21
12496,72,64,8,8
12497,90,88,2,2
12498,127,140,-13,13
12499,112,119,-7,7
12500,64,61,3,3
12501,73,71,2,2
12502,72,77,-5,5
12503,73,93,-20,20
12504,56,54,2,2
12505,106,101,5,5
12506,144,134,10,10
12507,47,62,-15,15
12508,147,139,8,8
12509,95,86,9,9
12510,76,79,-3,3
12511,128,129,-1,1
12512,81,67,14,14
12513,79,79,0,0
12514,86,79,7,7
12515,44,54,-10,10
12516,87,87,0,0
12517,102,101,1,1
12518,116,115,1,1
12519,105,105,0,0
12520,113,118,-5,5
12521,152,136,16,16
12522,175,182,-7,7
12523,70,64,6,6
12524,173,171,2,2
12525,87,74,13,13
12526,102,92,10,10
12527,88,88,0,0
12528,76,66,10,10
12529,110,103,7,7
12530,99,99,0,0
12531,71,66,5,5
12532,75,76,-1,1
12533,105,98,7,7
12534,153,155,-2,2
12535,100,111,-11,11
12536,90,75,15,15
12537,83,99,-16,16
12538,82,96,-14,14
12539,49,55,-6,6
12540,69,67,2,2
12541,113,110,3,3
12542,63,62,1,1
12543,58,58,0,0
12544,65,59,6,6
12545,145,145,0,0
12546,50,49,1,1
12547,83,90,-7,7
12548,100,94,6,6
12549,76,70,6,6
12550,72,89,-17,17
12551,71,86,-15,15
12552,106,100,6,6
12553,127,133,-6,6
12554,96,91,5,5
12555,67,64,3,3
12556,140,136,4,4
12557,56,51,5,5
12558,108,102,6,6
12559,94,80,14,14
12560,59,56,3,3
12561,84,81,3,3
12562,96,99,-3,3
12563,92,104,-12,12
12564,186,185,1,1
12565,62,60,2,2
12566,164,140,24,24
12567,49,56,-7,7
12568,62,65,-3,3
12569,50,60,-10,10
12570,128,132,-4,4
12571,57,65,-8,8
12572,69,67,2,2
12573,48,52,-4,4
12574,132,128,4,4
12575,140,146,-6,6
12576,107,101,6,6
12577,80,83,-3,3
12578,78,74,4,4
12579,140,120,20,20
12580,78,71,7,7
12581,123,115,8,8
12582,87,83,4,4
12583,91,110,-19,19
12584,119,124,-5,5
12585,107,106,1,1
12586,52,55,-3,3
12587,61,63,-2,2
12588,102,93,9,9
12589,79,72,7,7
12590,81,83,-2,2
12591,72,69,3,3
12592,74,90,-16,16
12593,73,60,13,13
12594,114,88,26,26
12595,127,121,6,6
12596,92,76,16,16
12597,118,124,-6,6
12598,115,202,-87,87
12599,73,62,11,11
12600,93,91,2,2
12601,70,54,16,16
12602,73,63,10,10
12603,107,123,-16,16
12604,96,97,-1,1
12605,101,82,19,19
12606,76,84,-8,8
12607,85,68,17,17
12608,111,129,-18,18
12609,42,52,-10,10
12610,69,65,4,4
12611,97,86,11,11
12612,90,84,6,6
12613,96,91,5,5
12614,114,131,-17,17
12615,121,110,11,11
12616,68,64,4,4
12617,45,53,-8,8
12618,73,70,3,3
12619,109,102,7,7
12620,175,180,-5,5
12621,90,75,15,15
12622,70,68,2,2
12623,85,86,-1,1
12624,62,71,-9,9
12625,89,98,-9,9
12626,132,130,2,2
12627,155,143,12,12
12628,99,101,-2,2
12629,60,60,0,0
12630,110,104,6,6
12631,87,90,-3,3
12632,98,108,-10,10
12633,80,97,-17,17
12634,127,122,5,5
12635,172,168,4,4
12636,181,173,8,8
12637,130,114,16,16
12638,76,66,10,10
12639,86,85,1,1
12640,105,97,8,8
12641,105,114,-9,9
12642,56,63,-7,7
12643,65,64,1,1
12644,42,44,-2,2
12645,120,112,8,8
12646,65,63,2,2
12647,76,75,1,1
12648,134,130,4,4
12649,28,64,-36,36
12650,96,89,7,7
12651,92,88,4,4
12652,53,52,1,1
12653,66,56,10,10
12654,79,67,12,12
12655,101,114,-13,13
12656,78,97,-19,19
12657,88,93,-5,5
12658,136,133,3,3
12659,142,133,9,9
12660,73,85,-12,12
12661,97,86,11,11
12662,80,72,8,8
12663,51,56,-5,5
12664,69,75,-6,6
12665,52,50,2,2
12666,57,53,4,4
12667,100,89,11,11
12668,147,143,4,4
12669,129,133,-4,4
12670,92,104,-12,12
12671,107,92,15,15
12672,99,105,-6,6
12673,89,89,0,0
12674,58,51,7,7
12675,103,87,16,16
12676,33,42,-9,9
12677,103,84,19,19
12678,88,90,-2,2
12679,81,84,-3,3
12680,53,50,3,3
12681,70,81,-11,11
12682,32,42,-10,10
12683,88,84,4,4
12684,99,118,-19,19
12685,110,104,6,6
12686,78,74,4,4
12687,99,96,3,3
12688,46,56,-10,10
12689,136,122,14,14
12690,75,68,7,7
12691,117,107,10,10
12692,93,80,13,13
12693,132,128,4,4
12694,70,66,4,4
12695,69,69,0,0
12696,49,44,5,5
12697,71,73,-2,2
12698,118,111,7,7
12699,97,97,0,0
12700,76,87,-11,11
12701,195,168,27,27
12702,128,120,8,8
12703,66,57,9,9
12704,120,114,6,6
12705,73,79,-6,6
12706,62,59,3,3
12707,104,89,15,15
12708,94,99,-5,5
12709,94,87,7,7
12710,110,94,16,16
12711,96,91,5,5
12712,107,100,7,7
12713,77,84,-7,7
12714,91,96,-5,5
12715,63,59,4,4
12716,128,101,27,27
12717,77,74,3,3
12718,67,69,-2,2
12719,124,110,14,14
12720,94,87,7,7
12721,64,60,4,4
12722,74,71,3,3
12723,88,83,5,5
12724,70,76,-6,6
12725,78,79,-1,1
12726,66,73,-7,7
12727,104,113,-9,9
12728,134,148,-14,14
12729,92,89,3,3
12730,74,70,4,4
12731,93,90,3,3
12732,98,93,5,5
12733,100,102,-2,2
12734,87,89,-2,2
12735,101,94,7,7
12736,49,57,-8,8
12737,121,120,1,1
12738,84,90,-6,6
12739,158,163,-5,5
12740,115,102,13,13
12741,125,113,12,12
12742,53,50,3,3
12743,80,83,-3,3
12744,68,62,6,6
12745,103,96,7,7
12746,107,106,1,1
12747,77,86,-9,9
12748,100,111,-11,11
12749,120,123,-3,3
12750,91,88,3,3
12751,77,62,15,15
12752,132,121,11,11
12753,131,127,4,4
12754,43,55,-12,12
12755,45,48,-3,3
12756,124,112,12,12
12757,86,73,13,13
12758,107,101,6,6
12759,82,91,-9,9
12760,204,186,18,18
12761,107,102,5,5
12762,120,129,-9,9
12763,140,138,2,2
12764,153,141,12,12
12765,83,85,-2,2
12766,47,50,-3,3
12767,91,81,10,10
12768,68,54,14,14
12769,56,53,3,3
12770,77,85,-8,8
12771,37,48,-11,11
12772,117,106,11,11
12773,85,82,3,3
12774,101,89,12,12
12775,67,81,-14,14
12776,118,130,-12,12
12777,56,59,-3,3
12778,68,66,2,2
12779,65,44,21,21
12780,105,103,2,2
12781,102,104,-2,2
12782,116,104,12,12
12783,69,69,0,0
12784,79,73,6,6
12785,105,102,3,3
12786,101,74,27,27
12787,106,93,13,13
12788,89,84,5,5
12789,77,80,-3,3
12790,116,112,4,4
12791,111,108,3,3
12792,91,74,17,17
12793,74,67,7,7
12794,96,98,-2,2
12795,119,130,-11,11
12796,124,123,1,1
12797,83,77,6,6
12798,59,63,-4,4
12799,87,75,12,12
12800,55,55,0,0
12801,121,117,4,4
12802,94,95,-1,1
12803,90,86,4,4
12804,181,172,9,9
12805,93,93,0,0
12806,72,72,0,0
12807,92,88,4,4
12808,153,140,13,13
12809,55,53,2,2
12810,61,60,1,1
12811,99,88,11,11
12812,82,85,-3,3
12813,102,93,9,9
12814,148,142,6,6
12815,112,111,1,1
12816,172,175,-3,3
12817,133,134,-1,1
12818,97,97,0,0
12819,70,69,1,1
12820,70,74,-4,4
12821,98,87,11,11
12822,96,104,-8,8
12823,69,68,1,1
12824,90,88,2,2
12825,138,133,5,5
12826,132,132,0,0
12827,153,153,0,0
12828,86,73,13,13
12829,108,94,14,14
12830,80,92,-12,12
12831,154,133,21,21
12832,116,116,0,0
12833,103,99,4,4
12834,104,110,-6,6
12835,116,106,10,10
12836,107,88,19,19
12837,96,85,11,11
12838,90,89,1,1
12839,50,57,-7,7
12840,104,102,2,2
12841,72,67,5,5
12842,106,97,9,9
12843,87,81,6,6
12844,124,122,2,2
12845,27,43,-16,16
12846,133,127,6,6
12847,122,111,11,11
12848,124,141,-17,17
12849,89,93,-4,4
12850,97,111,-14,14
12851,84,89,-5,5
12852,140,146,-6,6
12853,136,131,5,5
12854,20,35,-15,15
12855,93,89,4,4
12856,85,92,-7,7
12857,74,69,5,5
12858,103,93,10,10
12859,75,77,-2,2
12860,46,48,-2,2
12861,84,98,-14,14
12862,75,66,9,9
12863,53,55,-2,2
12864,52,77,-25,25
12865,87,99,-12,12
12866,109,94,15,15
12867,105,95,10,10
12868,67,69,-2,2
12869,154,128,26,26
12870,84,83,1,1
12871,128,118,10,10
12872,113,115,-2,2
12873,87,78,9,9
12874,101,115,-14,14
12875,96,101,-5,5
12876,39,49,-10,10
12877,133,130,3,3
12878,191,192,-1,1
12879,60,57,3,3
12880,125,116,9,9
12881,75,79,-4,4
12882,40,54,-14,14
12883,103,98,5,5
12884,79,80,-1,1
12885,185,183,2,2
12886,124,115,9,9
12887,109,116,-7,7
12888,89,97,-8,8
12889,67,73,-6,6
12890,47,55,-8,8
12891,76,65,11,11
12892,122,122,0,0
12893,106,95,11,11
12894,142,129,13,13
12895,96,92,4,4
12896,52,51,1,1
12897,96,93,3,3
12898,117,121,-4,4
12899,69,68,1,1
12900,89,81,8,8
12901,72,70,2,2
12902,180,177,3,3
12903,94,84,10,10
12904,53,59,-6,6
12905,93,102,-9,9
12906,161,147,14,14
12907,137,136,1,1
12908,129,130,-1,1
12909,89,85,4,4
12910,102,96,6,6
12911,159,157,2,2
12912,67,58,9,9
12913,67,68,-1,1
12914,97,95,2,2
12915,71,70,1,1
12916,153,149,4,4
12917,100,100,0,0
12918,92,94,-2,2
12919,79,88,-9,9
12920,79,80,-1,1
12921,73,71,2,2
12922,133,130,3,3
12923,51,53,-2,2
12924,139,133,6,6
12925,115,119,-4,4
12926,89,88,1,1
12927,124,121,3,3
12928,90,85,5,5
12929,128,131,-3,3
12930,131,125,6,6
12931,71,61,10,10
12932,113,103,10,10
12933,127,132,-5,5
12934,61,62,-1,1
12935,113,110,3,3
12936,112,80,32,32
12937,75,71,4,4
12938,125,107,18,18
12939,73,77,-4,4
12940,100,116,-16,16
12941,187,174,13,13
12942,101,100,1,1
12943,103,91,12,12
12944,99,105,-6,6
12945,65,62,3,3
12946,116,112,4,4
12947,97,112,-15,15
12948,83,86,-3,3
12949,90,96,-6,6
12950,101,93,8,8
12951,97,102,-5,5
12952,107,107,0,0
12953,119,125,-6,6
12954,78,61,17,17
12955,79,77,2,2
12956,74,76,-2,2
12957,150,141,9,9
12958,83,94,-11,11
12959,131,142,-11,11
12960,68,69,-1,1
12961,222,186,36,36
12962,88,81,7,7
12963,109,106,3,3
12964,149,157,-8,8
12965,82,83,-1,1
12966,33,42,-9,9
12967,97,99,-2,2
12968,88,82,6,6
12969,127,130,-3,3
12970,70,68,2,2
12971,86,94,-8,8
12972,63,64,-1,1
12973,101,86,15,15
12974,85,85,0,0
12975,97,73,24,24
12976,68,72,-4,4
12977,79,88,-9,9
12978,182,174,8,8
12979,68,65,3,3
12980,68,70,-2,2
12981,81,78,3,3
12982,118,106,12,12
12983,93,89,4,4
12984,117,91,26,26
12985,144,134,10,10
12986,134,124,10,10
12987,69,71,-2,2
12988,133,125,8,8
12989,88,87,1,1
12990,63,66,-3,3
12991,116,116,0,0
12992,113,124,-11,11
12993,103,97,6,6
12994,127,123,4,4
12995,116,114,2,2
12996,114,108,6,6
12997,123,116,7,7
12998,72,67,5,5
12999,107,97,10,10
13000,121,111,10,10
13001,100,81,19,19
13002,87,86,1,1
13003,102,90,12,12
13004,155,168,-13,13
13005,72,80,-8,8
13006,84,77,7,7
13007,86,92,-6,6
13008,115,124,-9,9
13009,100,100,0,0
13010,81,71,10,10
13011,51,64,-13,13
13012,54,55,-1,1
13013,86,85,1,1
13014,92,86,6,6
13015,60,63,-3,3
13016,112,112,0,0
13017,92,83,9,9
13018,87,84,3,3
13019,95,93,2,2
13020,80,74,6,6
13021,139,143,-4,4
13022,103,85,18,18
13023,120,128,-8,8
13024,75,79,-4,4
13025,51,38,13,13
13026,76,74,2,2
13027,67,73,-6,6
13028,165,169,-4,4
13029,84,83,1,1
13030,83,86,-3,3
13031,61,59,2,2
13032,159,153,6,6
13033,64,69,-5,5
13034,140,140,0,0
13035,65,71,-6,6
13036,68,67,1,1
13037,67,60,7,7
13038,87,91,-4,4
13039,109,109,0,0
13040,116,124,-8,8
13041,94,102,-8,8
13042,135,123,12,12
13043,77,70,7,7
13044,55,50,5,5
13045,61,57,4,4
13046,73,71,2,2
13047,139,121,18,18
13048,106,122,-16,16
13049,78,89,-11,11
13050,74,60,14,14
13051,99,91,8,8
13052,88,91,-3,3
13053,93,75,18,18
13054,69,60,9,9
13055,235,214,21,21
13056,83,82,1,1
13057,101,78,23,23
13058,66,69,-3,3
13059,58,47,11,11
13060,119,117,2,2
13061,129,127,2,2
13062,82,80,2,2
13063,168,161,7,7
13064,72,75,-3,3
13065,125,120,5,5
13066,82,73,9,9
13067,97,87,10,10
13068,56,60,-4,4
13069,123,135,-12,12
13070,79,77,2,2
13071,84,78,6,6
13072,112,111,1,1
13073,80,84,-4,4
13074,106,110,-4,4
13075,60,65,-5,5
13076,72,70,2,2
13077,96,99,-3,3
13078,60,50,10,10
13079,117,88,29,29
13080,66,73,-7,7
13081,78,74,4,4
13082,55,56,-1,1
13083,164,152,12,12
13084,184,170,14,14
13085,78,80,-2,2
13086,61,64,-3,3
13087,109,125,-16,16
13088,101,99,2,2
13089,79,72,7,7
13090,51,54,-3,3
13091,64,58,6,6
13092,62,62,0,0
13093,144,140,4,4
13094,57,55,2,2
13095,50,50,0,0
13096,81,78,3,3
13097,99,102,-3,3
13098,97,106,-9,9
13099,129,107,22,22
13100,104,100,4,4
13101,93,104,-11,11
13102,84,75,9,9
13103,90,91,-1,1
13104,112,116,-4,4
13105,69,68,1,1
13106,69,70,-1,1
13107,107,94,13,13
13108,145,125,20,20
13109,84,70,14,14
13110,51,50,1,1
13111,100,96,4,4
13112,82,86,-4,4
13113,71,77,-6,6
13114,104,95,9,9
13115,67,71,-4,4
13116,89,90,-1,1
13117,61,74,-13,13
13118,74,76,-2,2
13119,101,110,-9,9
13120,67,73,-6,6
13121,72,74,-2,2
13122,70,73,-3,3
13123,158,163,-5,5
13124,94,97,-3,3
13125,84,76,8,8
13126,120,121,-1,1
13127,152,158,-6,6
13128,137,133,4,4
13129,82,89,-7,7
13130,116,116,0,0
13131,112,95,17,17
13132,99,93,6,6
13133,150,153,-3,3
13134,66,66,0,0
13135,81,71,10,10
13136,50,53,-3,3
13137,133,138,-5,5
13138,65,63,2,2
13139,65,59,6,6
13140,80,75,5,5
13141,53,51,2,2
13142,108,99,9,9
13143,80,67,13,13
13144,126,136,-10,10
13145,73,73,0,0
13146,58,53,5,5
13147,80,74,6,6
13148,62,55,7,7
13149,64,59,5,5
13150,55,60,-5,5
13151,81,78,3,3
13152,97,100,-3,3
13153,78,67,11,11
13154,101,83,18,18
13155,72,80,-8,8
13156,112,106,6,6
13157,84,85,-1,1
13158,68,72,-4,4
13159,102,105,-3,3
13160,117,127,-10,10
13161,88,82,6,6
13162,127,113,14,14
13163,64,59,5,5
13164,87,89,-2,2
13165,80,78,2,2
13166,101,88,13,13
13167,122,110,12,12
13168,67,70,-3,3
13169,131,131,0,0
13170,97,83,14,14
13171,135,123,12,12
13172,88,83,5,5
13173,115,138,-23,23
13174,134,115,19,19
13175,116,120,-4,4
13176,79,79,0,0
13177,45,41,4,4
13178,100,97,3,3
13179,85,106,-21,21
13180,63,69,-6,6
13181,89,87,2,2
13182,76,75,1,1
13183,138,124,14,14
13184,123,121,2,2
13185,74,83,-9,9
13186,43,48,-5,5
13187,66,75,-9,9
13188,86,99,-13,13
13189,115,126,-11,11
13190,30,55,-25,25
13191,66,72,-6,6
13192,208,177,31,31
13193,90,87,3,3
13194,71,65,6,6
13195,94,78,16,16
13196,171,166,5,5
13197,55,54,1,1
13198,43,51,-8,8
13199,67,88,-21,21
13200,143,121,22,22
13201,98,93,5,5
13202,100,97,3,3
13203,108,103,5,5
13204,91,74,17,17
13205,131,129,2,2
13206,79,69,10,10
13207,153,156,-3,3
13208,37,43,-6,6
13209,46,43,3,3
13210,241,234,7,7
13211,89,83,6,6
13212,72,63,9,9
13213,100,86,14,14
13214,83,74,9,9
13215,98,108,-10,10
13216,128,127,1,1
13217,162,105,57,57
13218,81,76,5,5
13219,98,108,-10,10
13220,70,80,-10,10
13221,182,166,16,16
13222,71,67,4,4
13223,173,173,0,0
13224,54,54,0,0
13225,66,65,1,1
13226,85,75,10,10
13227,93,90,3,3
13228,71,114,-43,43
13229,163,161,2,2
13230,86,79,7,7
13231,74,69,5,5
13232,148,151,-3,3
13233,112,114,-2,2
13234,90,78,12,12
13235,64,53,11,11
13236,78,99,-21,21
13237,115,122,-7,7
13238,105,96,9,9
13239,90,90,0,0
13240,117,110,7,7
13241,103,97,6,6
13242,139,160,-21,21
13243,107,114,-7,7
13244,118,128,-10,10
13245,94,75,19,19
13246,56,57,-1,1
13247,97,93,4,4
13248,77,70,7,7
13249,117,101,16,16
13250,125,127,-2,2
13251,67,69,-2,2
13252,73,69,4,4
13253,152,142,10,10
13254,73,65,8,8
13255,121,120,1,1
13256,166,169,-3,3
13257,90,89,1,1
13258,96,103,-7,7
13259,149,156,-7,7
13260,61,65,-4,4
13261,144,134,10,10
13262,121,119,2,2
13263,131,119,12,12
13264,58,52,6,6
13265,51,55,-4,4
13266,54,65,-11,11
13267,72,68,4,4
13268,99,106,-7,7
13269,124,98,26,26
13270,105,107,-2,2
13271,100,95,5,5
13272,153,157,-4,4
13273,76,78,-2,2
13274,120,111,9,9
13275,94,93,1,1
13276,85,77,8,8
13277,84,89,-5,5
13278,53,65,-12,12
13279,106,114,-8,8
13280,108,109,-1,1
13281,140,127,13,13
13282,113,113,0,0
13283,57,60,-3,3
13284,108,104,4,4
13285,123,113,10,10
13286,108,97,11,11
13287,83,90,-7,7
13288,99,81,18,18
13289,78,89,-11,11
13290,96,96,0,0
13291,58,58,0,0
13292,82,77,5,5
13293,148,154,-6,6
13294,86,93,-7,7
13295,81,69,12,12
13296,119,122,-3,3
13297,97,104,-7,7
13298,118,119,-1,1
13299,92,81,11,11
13300,102,106,-4,4
13301,72,71,1,1
13302,64,54,10,10
13303,86,88,-2,2
13304,57,61,-4,4
13305,102,91,11,11
13306,67,61,6,6
13307,88,88,0,0
13308,139,119,20,20
13309,61,64,-3,3
13310,77,68,9,9
13311,158,158,0,0
13312,130,118,12,12
13313,132,134,-2,2
13314,187,193,-6,6
13315,79,74,5,5
13316,96,102,-6,6
13317,76,79,-3,3
13318,71,74,-3,3
13319,78,78,0,0
13320,209,207,2,2
13321,75,73,2,2
13322,146,130,16,16
13323,100,89,11,11
13324,80,92,-12,12
13325,70,67,3,3
13326,65,63,2,2
13327,95,98,-3,3
13328,80,79,1,1
13329,69,64,5,5
13330,132,141,-9,9
13331,77,64,13,13
13332,98,86,12,12
13333,94,98,-4,4
13334,86,87,-1,1
13335,90,88,2,2
13336,75,63,12,12
13337,130,114,16,16
13338,87,94,-7,7
13339,141,137,4,4
13340,161,147,14,14
13341,68,78,-10,10
13342,97,87,10,10
13343,125,118,7,7
13344,36,41,-5,5
13345,115,107,8,8
13346,68,67,1,1
13347,106,99,7,7
13348,96,108,-12,12
13349,82,77,5,5
13350,73,54,19,19
13351,89,75,14,14
13352,75,79,-4,4
13353,85,94,-9,9
13354,134,139,-5,5
13355,90,75,15,15
13356,83,78,5,5
13357,129,97,32,32
13358,140,141,-1,1
13359,60,50,10,10
13360,82,73,9,9
13361,153,153,0,0
13362,80,87,-7,7
13363,119,120,-1,1
13364,108,92,16,16
13365,54,51,3,3
13366,99,99,0,0
13367,130,162,-32,32
13368,100,95,5,5
13369,59,56,3,3
13370,84,89,-5,5
13371,117,114,3,3
13372,60,50,10,10
13373,55,52,3,3
13374,96,98,-2,2
13375,73,82,-9,9
13376,64,75,-11,11
13377,75,83,-8,8
13378,55,58,-3,3
13379,90,88,2,2
13380,142,150,-8,8
13381,139,139,0,0
13382,118,105,13,13
13383,120,98,22,22
13384,112,110,2,2
13385,43,47,-4,4
13386,106,105,1,1
13387,187,180,7,7
13388,117,120,-3,3
13389,111,107,4,4
13390,188,184,4,4
13391,156,136,20,20
13392,136,140,-4,4
13393,88,88,0,0
13394,29,47,-18,18
13395,107,94,13,13
13396,113,85,28,28
13397,93,95,-2,2
13398,81,82,-1,1
13399,22,45,-23,23
13400,69,71,-2,2
13401,168,164,4,4
13402,147,137,10,10
13403,105,119,-14,14
13404,145,133,12,12
13405,58,65,-7,7
13406,60,66,-6,6
13407,150,158,-8,8
13408,70,63,7,7
13409,69,78,-9,9
13410,140,140,0,0
13411,88,86,2,2
13412,120,120,0,0
13413,63,58,5,5
13414,81,86,-5,5
13415,66,54,12,12
13416,91,88,3,3
13417,131,141,-10,10
13418,126,98,28,28
13419,138,146,-8,8
13420,103,106,-3,3
13421,103,101,2,2
13422,50,67,-17,17
13423,64,73,-9,9
13424,75,78,-3,3
13425,67,62,5,5
13426,97,96,1,1
13427,109,109,0,0
13428,137,131,6,6
13429,71,60,11,11
13430,98,83,15,15
13431,82,90,-8,8
13432,65,72,-7,7
13433,117,99,18,18
13434,148,155,-7,7
13435,190,178,12,12
13436,84,79,5,5
13437,110,104,6,6
13438,138,135,3,3
13439,74,72,2,2
13440,130,119,11,11
13441,79,74,5,5
13442,92,103,-11,11
13443,137,139,-2,2
13444,104,95,9,9
13445,160,134,26,26
13446,90,81,9,9
13447,101,102,-1,1
13448,123,125,-2,2
13449,73,71,2,2
13450,66,61,5,5
13451,124,121,3,3
13452,173,161,12,12
13453,142,128,14,14
13454,32,43,-11,11
13455,104,99,5,5
13456,65,79,-14,14
13457,60,57,3,3
13458,71,69,2,2
13459,56,55,1,1
13460,122,123,-1,1
13461,135,151,-16,16
13462,162,164,-2,2
13463,96,111,-15,15
13464,126,136,-10,10
13465,74,70,4,4
13466,102,97,5,5
13467,80,72,8,8
13468,88,79,9,9
13469,92,77,15,15
13470,107,120,-13,13
13471,87,62,25,25
13472,58,57,1,1
13473,80,67,13,13
13474,79,67,12,12
13475,114,118,-4,4
13476,78,88,-10,10
13477,75,80,-5,5
13478,168,173,-5,5
13479,114,115,-1,1
13480,59,73,-14,14
13481,152,157,-5,5
13482,66,65,1,1
13483,98,89,9,9
13484,70,67,3,3
13485,101,84,17,17
13486,130,133,-3,3
13487,114,108,6,6
13488,63,62,1,1
13489,181,175,6,6
13490,86,87,-1,1
13491,107,121,-14,14
13492,59,59,0,0
13493,74,69,5,5
13494,134,135,-1,1
13495,199,171,28,28
13496,58,58,0,0
13497,99,97,2,2
13498,103,98,5,5
13499,183,161,22,22
13500,96,90,6,6
13501,99,94,5,5
13502,113,101,12,12
13503,88,72,16,16
13504,88,91,-3,3
13505,128,121,7,7
13506,82,92,-10,10
13507,80,75,5,5
13508,53,56,-3,3
13509,47,54,-7,7
13510,102,82,20,20
13511,97,101,-4,4
13512,68,63,5,5
13513,125,115,10,10
13514,110,122,-12,12
13515,77,78,-1,1
13516,127,115,12,12
13517,87,86,1,1
13518,107,90,17,17
13519,105,116,-11,11
13520,153,124,29,29
13521,61,65,-4,4
13522,33,73,-40,40
13523,146,141,5,5
13524,100,104,-4,4
13525,170,157,13,13
13526,134,122,12,12
13527,78,87,-9,9
13528,73,62,11,11
13529,60,58,2,2
13530,64,60,4,4
13531,99,93,6,6
13532,80,84,-4,4
13533,65,66,-1,1
13534,67,58,9,9
13535,141,118,23,23
13536,60,67,-7,7
13537,138,145,-7,7
13538,154,155,-1,1
13539,58,63,-5,5
13540,114,122,-8,8
13541,132,119,13,13
13542,98,101,-3,3
13543,80,87,-7,7
13544,105,111,-6,6
13545,84,90,-6,6
13546,78,85,-7,7
13547,154,151,3,3
13548,67,66,1,1
13549,95,104,-9,9
13550,125,121,4,4
13551,128,122,6,6
13552,42,42,0,0
13553,204,189,15,15
13554,98,94,4,4
13555,112,107,5,5
13556,132,118,14,14
13557,139,116,23,23
13558,93,84,9,9
13559,146,144,2,2
13560,56,57,-1,1
13561,65,56,9,9
13562,124,115,9,9
13563,103,105,-2,2
13564,86,77,9,9
13565,60,70,-10,10
13566,98,101,-3,3
13567,80,109,-29,29
13568,89,102,-13,13
13569,148,138,10,10
13570,40,45,-5,5
13571,80,83,-3,3
13572,70,81,-11,11
13573,82,69,13,13
13574,133,144,-11,11
13575,75,79,-4,4
13576,75,67,8,8
13577,120,97,23,23
13578,50,53,-3,3
13579,111,116,-5,5
13580,86,83,3,3
13581,115,122,-7,7
13582,63,64,-1,1
13583,93,92,1,1
13584,104,92,12,12
13585,153,151,2,2
13586,51,51,0,0
13587,128,118,10,10
13588,92,86,6,6
13589,51,57,-6,6
13590,84,79,5,5
13591,104,97,7,7
13592,101,92,9,9
13593,83,91,-8,8
13594,69,74,-5,5
13595,96,83,13,13
13596,83,84,-1,1
13597,54,71,-17,17
13598,83,70,13,13
13599,54,52,2,2
13600,61,57,4,4
13601,116,109,7,7
13602,113,100,13,13
13603,76,66,10,10
13604,87,85,2,2
13605,59,59,0,0
13606,141,137,4,4
13607,97,99,-2,2
13608,89,81,8,8
13609,131,130,1,1
13610,71,62,9,9
13611,60,55,5,5
13612,39,39,0,0
13613,68,74,-6,6
13614,61,60,1,1
13615,107,105,2,2
13616,95,94,1,1
13617,94,119,-25,25
13618,82,89,-7,7
13619,110,115,-5,5
13620,113,115,-2,2
13621,107,99,8,8
13622,161,136,25,25
13623,180,170,10,10
13624,101,101,0,0
13625,88,79,9,9
13626,87,88,-1,1
13627,115,113,2,2
13628,121,117,4,4
13629,139,136,3,3
13630,123,127,-4,4
13631,63,61,2,2
13632,122,112,10,10
13633,68,65,3,3
13634,110,98,12,12
13635,57,77,-20,20
13636,82,78,4,4
13637,95,89,6,6
13638,134,137,-3,3
13639,98,85,13,13
13640,128,136,-8,8
13641,95,94,1,1
13642,104,130,-26,26
13643,175,173,2,2
13644,109,101,8,8
13645,164,145,19,19
13646,118,105,13,13
13647,70,67,3,3
13648,54,60,-6,6
13649,145,142,3,3
13650,68,61,7,7
13651,82,78,4,4
13652,61,65,-4,4
13653,92,96,-4,4
13654,89,92,-3,3
13655,96,87,9,9
13656,122,116,6,6
13657,79,75,4,4
13658,75,70,5,5
13659,108,101,7,7
13660,43,49,-6,6
13661,67,69,-2,2
13662,75,72,3,3
13663,67,64,3,3
13664,88,88,0,0
13665,55,58,-3,3
13666,96,110,-14,14
13667,60,57,3,3
13668,125,109,16,16
13669,56,68,-12,12
13670,111,104,7,7
13671,105,114,-9,9
13672,77,100,-23,23
13673,89,86,3,3
13674,79,77,2,2
13675,107,110,-3,3
13676,124,115,9,9
13677,119,114,5,5
13678,57,75,-18,18
13679,127,126,1,1
13680,64,65,-1,1
13681,96,94,2,2
13682,89,77,12,12
13683,71,67,4,4
13684,76,77,-1,1
13685,110,117,-7,7
13686,120,130,-10,10
13687,98,89,9,9
13688,84,94,-10,10
13689,233,202,31,31
13690,75,62,13,13
13691,107,92,15,15
13692,76,72,4,4
13693,84,81,3,3
13694,86,80,6,6
13695,103,92,11,11
13696,106,97,9,9
13697,150,131,19,19
13698,73,68,5,5
13699,130,143,-13,13
13700,132,118,14,14
13701,139,137,2,2
13702,115,114,1,1
13703,155,148,7,7
13704,75,82,-7,7
13705,70,65,5,5
13706,127,115,12,12
13707,65,65,0,0
13708,100,108,-8,8
13709,170,163,7,7
13710,135,147,-12,12
13711,75,75,0,0
13712,164,173,-9,9
13713,125,97,28,28
13714,104,110,-6,6
13715,53,59,-6,6
13716,146,140,6,6
13717,102,84,18,18
13718,70,68,2,2
13719,54,61,-7,7
13720,108,107,1,1
13721,97,103,-6,6
13722,104,98,6,6
13723,140,139,1,1
13724,94,129,-35,35
13725,62,68,-6,6
13726,105,92,13,13
13727,48,52,-4,4
13728,63,65,-2,2
13729,64,57,7,7
13730,51,52,-1,1
13731,63,57,6,6
13732,121,123,-2,2
13733,120,116,4,4
13734,86,87,-1,1
13735,91,91,0,0
13736,55,62,-7,7
13737,98,100,-2,2
13738,69,65,4,4
13739,45,45,0,0
13740,126,137,-11,11
13741,169,167,2,2
13742,95,82,13,13
13743,106,113,-7,7
13744,91,83,8,8
13745,126,124,2,2
13746,67,64,3,3
13747,55,53,2,2
13748,74,75,-1,1
13749,87,70,17,17
13750,87,85,2,2
13751,83,67,16,16
13752,114,125,-11,11
13753,125,131,-6,6
13754,120,113,7,7
13755,86,79,7,7
13756,66,74,-8,8
13757,106,87,19,19
13758,62,59,3,3
13759,87,109,-22,22
13760,68,55,13,13
13761,77,74,3,3
13762,106,100,6,6
13763,101,94,7,7
13764,93,96,-3,3
13765,63,98,-35,35
13766,53,59,-6,6
13767,116,121,-5,5
13768,116,117,-1,1
13769,92,118,-26,26
13770,80,89,-9,9
13771,93,91,2,2
13772,129,119,10,10
13773,97,94,3,3
13774,51,48,3,3
13775,98,84,14,14
13776,80,117,-37,37
13777,74,74,0,0
13778,157,151,6,6
13779,163,170,-7,7
13780,62,55,7,7
13781,107,103,4,4
13782,107,86,21,21
13783,107,100,7,7
13784,83,79,4,4
13785,117,91,26,26
13786,94,88,6,6
13787,65,65,0,0
13788,61,65,-4,4
13789,79,76,3,3
13790,137,144,-7,7
13791,141,136,5,5
13792,95,101,-6,6
13793,101,100,1,1
13794,95,96,-1,1
13795,142,123,19,19
13796,107,97,10,10
13797,80,71,9,9
13798,91,90,1,1
13799,71,63,8,8
13800,81,88,-7,7
13801,96,92,4,4
13802,151,140,11,11
13803,75,79,-4,4
13804,69,67,2,2
13805,70,64,6,6
13806,66,72,-6,6
13807,100,101,-1,1
13808,107,98,9,9
13809,116,110,6,6
13810,59,60,-1,1
13811,90,85,5,5
13812,60,58,2,2
13813,55,53,2,2
13814,66,69,-3,3
13815,90,92,-2,2
13816,80,87,-7,7
13817,151,72,79,79
13818,91,82,9,9
13819,59,61,-2,2
13820,73,67,6,6
13821,51,55,-4,4
13822,95,95,0,0
13823,92,89,3,3
13824,61,60,1,1
13825,80,74,6,6
13826,107,122,-15,15
13827,79,81,-2,2
13828,167,153,14,14
13829,58,63,-5,5
13830,104,97,7,7
13831,106,118,-12,12
13832,61,59,2,2
13833,111,119,-8,8
13834,97,114,-17,17
13835,101,96,5,5
13836,67,72,-5,5
13837,56,67,-11,11
13838,57,63,-6,6
13839,82,69,13,13
13840,95,97,-2,2
13841,69,75,-6,6
13842,58,54,4,4
13843,105,96,9,9
13844,163,146,17,17
13845,61,64,-3,3
13846,90,72,18,18
13847,220,206,14,14
13848,96,78,18,18
13849,44,40,4,4
13850,59,59,0,0
13851,60,63,-3,3
13852,64,68,-4,4
13853,94,91,3,3
13854,151,144,7,7
13855,75,68,7,7
13856,75,77,-2,2
13857,79,66,13,13
13858,70,75,-5,5
13859,107,106,1,1
13860,145,143,2,2
13861,70,55,15,15
13862,75,65,10,10
13863,141,132,9,9
13864,66,65,1,1
13865,79,70,9,9
13866,111,100,11,11
13867,112,105,7,7
13868,125,135,-10,10
13869,121,125,-4,4
13870,108,97,11,11
13871,74,78,-4,4
13872,106,111,-5,5
13873,118,125,-7,7
13874,162,155,7,7
13875,142,110,32,32
13876,65,60,5,5
13877,59,56,3,3
13878,91,80,11,11
13879,75,64,11,11
13880,125,131,-6,6
13881,146,137,9,9
13882,84,73,11,11
13883,95,93,2,2
13884,88,77,11,11
13885,95,87,8,8
13886,54,58,-4,4
13887,68,57,11,11
13888,250,234,16,16
13889,64,58,6,6
13890,89,85,4,4
13891,63,65,-2,2
13892,47,62,-15,15
13893,113,117,-4,4
13894,118,110,8,8
13895,77,71,6,6
13896,175,159,16,16
13897,87,82,5,5
13898,85,82,3,3
13899,107,92,15,15
13900,77,66,11,11
13901,112,124,-12,12
13902,67,72,-5,5
13903,124,130,-6,6
13904,69,64,5,5
13905,170,178,-8,8
13906,91,85,6,6
13907,69,67,2,2
13908,69,58,11,11
13909,102,102,0,0
13910,87,95,-8,8
13911,61,63,-2,2
13912,140,106,34,34
13913,56,56,0,0
13914,50,44,6,6
13915,71,64,7,7
13916,46,59,-13,13
13917,102,99,3,3
13918,72,63,9,9
13919,102,103,-1,1
13920,98,89,9,9
13921,114,115,-1,1
13922,83,83,0,0
13923,75,73,2,2
13924,92,80,12,12
13925,107,112,-5,5
13926,166,156,10,10
13927,72,71,1,1
13928,43,60,-17,17
13929,98,81,17,17
13930,141,133,8,8
13931,112,94,18,18
13932,149,133,16,16
13933,17,33,-16,16
13934,63,69,-6,6
13935,127,127,0,0
13936,128,126,2,2
13937,64,72,-8,8
13938,59,61,-2,2
13939,45,60,-15,15
13940,104,105,-1,1
13941,82,82,0,0
13942,52,41,11,11
13943,96,85,11,11
13944,108,107,1,1
13945,122,118,4,4
13946,105,100,5,5
13947,72,77,-5,5
13948,75,69,6,6
13949,111,119,-8,8
13950,86,77,9,9
13951,121,118,3,3
13952,86,85,1,1
13953,66,61,5,5
13954,93,92,1,1
13955,128,140,-12,12
13956,142,132,10,10
13957,87,73,14,14
13958,84,87,-3,3
13959,103,103,0,0
13960,113,104,9,9
13961,136,136,0,0
13962,74,67,7,7
13963,108,127,-19,19
13964,89,90,-1,1
13965,84,78,6,6
13966,98,103,-5,5
13967,51,74,-23,23
13968,53,50,3,3
13969,88,66,22,22
13970,96,86,10,10
13971,105,113,-8,8
13972,95,92,3,3
13973,119,56,63,63
13974,79,74,5,5
13975,110,91,19,19
13976,68,60,8,8
13977,98,96,2,2
13978,162,183,-21,21
13979,124,132,-8,8
13980,54,54,0,0
13981,89,99,-10,10
13982,55,69,-14,14
13983,147,116,31,31
13984,118,104,14,14
13985,28,40,-12,12
13986,115,118,-3,3
13987,87,88,-1,1
13988,129,124,5,5
13989,100,94,6,6
13990,119,121,-2,2
13991,95,94,1,1
13992,130,129,1,1
13993,57,50,7,7
13994,103,89,14,14
13995,100,96,4,4
13996,95,90,5,5
13997,61,58,3,3
13998,59,57,2,2
13999,126,124,2,2
14000,162,172,-10,10
14001,98,103,-5,5
14002,134,100,34,34
14003,118,111,7,7
14004,57,58,-1,1
14005,84,83,1,1
14006,84,73,11,11
14007,120,127,-7,7
14008,163,166,-3,3
14009,64,65,-1,1
14010,83,68,15,15
14011,69,79,-10,10
14012,135,118,17,17
14013,86,82,4,4
14014,60,51,9,9
14015,77,78,-1,1
14016,92,89,3,3
14017,85,81,4,4
14018,161,158,3,3
14019,126,110,16,16
14020,63,58,5,5
14021,93,104,-11,11
14022,73,71,2,2
14023,107,109,-2,2
14024,74,74,0,0
14025,73,67,6,6
14026,108,88,20,20
14027,182,176,6,6
14028,134,125,9,9
14029,67,64,3,3
14030,91,84,7,7
14031,131,159,-28,28
14032,146,141,5,5
14033,80,78,2,2
14034,139,138,1,1
14035,188,185,3,3
14036,150,143,7,7
14037,74,73,1,1
14038,115,117,-2,2
14039,87,77,10,10
14040,83,73,10,10
14041,71,65,6,6
14042,95,92,3,3
14043,110,100,10,10
14044,91,87,4,4
14045,108,105,3,3
14046,51,51,0,0
14047,71,72,-1,1
14048,50,52,-2,2
14049,66,70,-4,4
14050,56,62,-6,6
14051,108,114,-6,6
14052,114,106,8,8
14053,86,73,13,13
14054,88,80,8,8
14055,66,58,8,8
14056,111,113,-2,2
14057,53,54,-1,1
14058,94,89,5,5
14059,74,68,6,6
14060,129,136,-7,7
14061,75,76,-1,1
14062,198,180,18,18
14063,76,68,8,8
14064,94,92,2,2
14065,70,68,2,2
14066,172,154,18,18
14067,61,69,-8,8
14068,80,78,2,2
14069,102,93,9,9
14070,114,119,-5,5
14071,70,76,-6,6
14072,75,82,-7,7
14073,112,96,16,16
14074,44,39,5,5
14075,145,170,-25,25
14076,68,86,-18,18
14077,148,143,5,5
14078,56,58,-2,2
14079,81,81,0,0
14080,73,75,-2,2
14081,122,124,-2,2
14082,75,77,-2,2
14083,121,135,-14,14
14084,139,146,-7,7
14085,63,60,3,3
14086,125,130,-5,5
14087,85,86,-1,1
14088,112,104,8,8
14089,114,102,12,12
14090,134,124,10,10
14091,98,115,-17,17
14092,75,76,-1,1
14093,135,112,23,23
14094,96,97,-1,1
14095,102,102,0,0
14096,150,160,-10,10
14097,186,169,17,17
14098,63,62,1,1
14099,116,107,9,9
14100,83,64,19,19
14101,110,98,12,12
14102,104,106,-2,2
14103,71,62,9,9
14104,111,116,-5,5
14105,106,114,-8,8
14106,147,148,-1,1
14107,67,73,-6,6
14108,212,195,17,17
14109,83,79,4,4
14110,174,160,14,14
14111,113,121,-8,8
14112,68,77,-9,9
14113,159,166,-7,7
14114,52,58,-6,6
14115,123,120,3,3
14116,112,111,1,1
14117,69,70,-1,1
14118,61,65,-4,4
14119,63,67,-4,4
14120,70,68,2,2
14121,65,72,-7,7
14122,145,150,-5,5
14123,121,125,-4,4
14124,60,53,7,7
14125,187,172,15,15
14126,24,34,-10,10
14127,136,142,-6,6
14128,65,72,-7,7
14129,67,60,7,7
14130,189,197,-8,8
14131,83,92,-9,9
14132,76,76,0,0
14133,91,80,11,11
14134,74,85,-11,11
14135,55,59,-4,4
14136,107,98,9,9
14137,160,145,15,15
14138,149,138,11,11
14139,96,91,5,5
14140,88,85,3,3
14141,118,107,11,11
14142,91,86,5,5
14143,92,99,-7,7
14144,74,65,9,9
14145,118,124,-6,6
14146,81,99,-18,18
14147,95,92,3,3
14148,68,66,2,2
14149,132,121,11,11
14150,49,43,6,6
14151,115,116,-1,1
14152,148,145,3,3
14153,109,129,-20,20
14154,104,96,8,8
14155,159,164,-5,5
14156,83,78,5,5
14157,47,48,-1,1
14158,92,88,4,4
14159,101,99,2,2
14160,57,60,-3,3
14161,40,37,3,3
14162,153,142,11,11
14163,163,149,14,14
14164,66,67,-1,1
14165,90,82,8,8
14166,55,49,6,6
14167,52,59,-7,7
14168,96,94,2,2
14169,115,113,2,2
14170,47,49,-2,2
14171,77,87,-10,10
14172,76,74,2,2
14173,115,118,-3,3
14174,93,97,-4,4
14175,120,87,33,33
14176,83,85,-2,2
14177,119,117,2,2
14178,40,51,-11,11
14179,47,55,-8,8
14180,55,52,3,3
14181,96,92,4,4
14182,88,83,5,5
14183,74,84,-10,10
14184,80,85,-5,5
14185,68,68,0,0
14186,144,145,-1,1
14187,101,92,9,9
14188,116,118,-2,2
14189,63,57,6,6
14190,51,45,6,6
14191,123,121,2,2
14192,145,142,3,3
14193,107,95,12,12
14194,109,114,-5,5
14195,115,113,2,2
14196,59,50,9,9
14197,63,68,-5,5
14198,190,188,2,2
14199,69,60,9,9
14200,77,80,-3,3
14201,78,81,-3,3
14202,85,92,-7,7
14203,112,91,21,21
14204,82,85,-3,3
14205,150,144,6,6
14206,72,75,-3,3
14207,105,107,-2,2
14208,80,78,2,2
14209,39,41,-2,2
14210,102,112,-10,10
14211,68,73,-5,5
14212,95,91,4,4
14213,24,44,-20,20
14214,50,48,2,2
14215,66,56,10,10
14216,69,68,1,1
14217,120,112,8,8
14218,140,117,23,23
14219,69,70,-1,1
14220,187,161,26,26
14221,107,104,3,3
14222,67,59,8,8
14223,126,125,1,1
14224,112,119,-7,7
14225,93,101,-8,8
14226,89,90,-1,1
14227,93,102,-9,9
14228,48,44,4,4
14229,153,147,6,6
14230,67,61,6,6
14231,48,53,-5,5
14232,58,62,-4,4
14233,179,171,8,8
14234,91,97,-6,6
14235,123,123,0,0
14236,70,61,9,9
14237,32,50,-18,18
14238,96,85,11,11
14239,53,54,-1,1
14240,99,103,-4,4
14241,133,124,9,9
14242,77,85,-8,8
14243,47,63,-16,16
14244,55,52,3,3
14245,85,80,5,5
14246,135,135,0,0
14247,103,87,16,16
14248,62,66,-4,4
14249,73,83,-10,10
14250,117,132,-15,15
14251,112,106,6,6
14252,34,41,-7,7
14253,46,51,-5,5
14254,68,63,5,5
14255,42,41,1,1
14256,88,91,-3,3
14257,88,86,2,2
14258,78,86,-8,8
14259,74,78,-4,4
14260,145,135,10,10
14261,144,143,1,1
14262,146,148,-2,2
14263,50,53,-3,3
14264,134,113,21,21
14265,81,72,9,9
14266,81,68,13,13
14267,64,59,5,5
14268,134,128,6,6
14269,177,176,1,1
14270,115,106,9,9
14271,105,98,7,7
14272,142,121,21,21
14273,104,94,10,10
14274,74,75,-1,1
14275,177,163,14,14
14276,47,42,5,5
14277,127,130,-3,3
14278,186,172,14,14
14279,81,94,-13,13
14280,78,73,5,5
14281,155,148,7,7
14282,170,147,23,23
14283,97,93,4,4
14284,94,90,4,4
14285,77,78,-1,1
14286,83,90,-7,7
14287,109,110,-1,1
14288,92,88,4,4
14289,93,88,5,5
14290,63,85,-22,22
14291,85,77,8,8
14292,92,101,-9,9
14293,68,62,6,6
14294,111,114,-3,3
14295,181,180,1,1
14296,57,57,0,0
14297,93,102,-9,9
14298,68,79,-11,11
14299,95,92,3,3
14300,123,107,16,16
14301,58,60,-2,2
14302,159,142,17,17
14303,97,86,11,11
14304,82,81,1,1
14305,70,61,9,9
14306,87,75,12,12
14307,63,62,1,1
14308,138,133,5,5
14309,124,129,-5,5
14310,90,84,6,6
14311,72,64,8,8
14312,82,91,-9,9
14313,102,118,-16,16
14314,149,119,30,30
14315,127,111,16,16
14316,127,101,26,26
14317,80,77,3,3
14318,79,61,18,18
14319,126,129,-3,3
14320,160,155,5,5
14321,88,88,0,0
14322,57,53,4,4
14323,117,124,-7,7
14324,88,77,11,11
14325,117,118,-1,1
14326,108,107,1,1
14327,122,131,-9,9
14328,126,117,9,9
14329,137,140,-3,3
14330,119,104,15,15
14331,94,86,8,8
14332,89,68,21,21
14333,65,52,13,13
14334,80,79,1,1
14335,73,79,-6,6
14336,137,123,14,14
14337,112,115,-3,3
14338,93,91,2,2
14339,121,96,25,25
14340,94,96,-2,2
14341,74,69,5,5
14342,126,119,7,7
14343,102,86,16,16
14344,61,56,5,5
14345,107,112,-5,5
14346,187,173,14,14
14347,129,124,5,5
14348,96,90,6,6
14349,85,76,9,9
14350,89,90,-1,1
14351,65,57,8,8
14352,67,76,-9,9
14353,95,85,10,10
14354,90,78,12,12
14355,70,79,-9,9
14356,51,54,-3,3
14357,67,69,-2,2
14358,105,96,9,9
14359,72,84,-12,12
14360,73,65,8,8
14361,90,86,4,4
14362,60,57,3,3
14363,125,119,6,6
14364,128,114,14,14
14365,114,110,4,4
14366,80,65,15,15
14367,130,117,13,13
14368,170,189,-19,19
14369,163,151,12,12
14370,121,103,18,18
14371,65,60,5,5
14372,110,107,3,3
14373,86,84,2,2
14374,136,137,-1,1
14375,95,94,1,1
14376,82,74,8,8
14377,117,107,10,10
14378,122,121,1,1
14379,61,58,3,3
14380,49,45,4,4
14381,188,173,15,15
14382,61,60,1,1
14383,164,169,-5,5
14384,64,62,2,2
14385,100,90,10,10
14386,75,74,1,1
14387,90,80,10,10
14388,83,74,9,9
14389,74,77,-3,3
14390,88,87,1,1
14391,110,95,15,15
14392,104,97,7,7
14393,61,64,-3,3
14394,80,85,-5,5
14395,121,113,8,8
14396,72,82,-10,10
14397,80,77,3,3
14398,38,41,-3,3
14399,136,115,21,21
14400,85,93,-8,8
14401,86,83,3,3
14402,129,121,8,8
14403,58,56,2,2
14404,73,77,-4,4
14405,135,135,0,0
14406,106,117,-11,11
14407,53,52,1,1
14408,54,78,-24,24
14409,62,77,-15,15
14410,91,89,2,2
14411,61,61,0,0
14412,56,61,-5,5
14413,53,55,-2,2
14414,67,64,3,3
14415,81,81,0,0
14416,77,80,-3,3
14417,92,83,9,9
14418,181,171,10,10
14419,68,72,-4,4
14420,73,72,1,1
14421,102,93,9,9
14422,85,85,0,0
14423,78,74,4,4
14424,85,76,9,9
14425,86,90,-4,4
14426,61,53,8,8
14427,60,51,9,9
14428,70,87,-17,17
14429,63,61,2,2
14430,141,156,-15,15
14431,82,76,6,6
14432,125,113,12,12
14433,25,34,-9,9
14434,124,114,10,10
14435,42,47,-5,5
14436,123,131,-8,8
14437,50,59,-9,9
14438,94,99,-5,5
14439,175,165,10,10
14440,119,124,-5,5
14441,97,97,0,0
14442,112,112,0,0
14443,105,105,0,0
14444,85,80,5,5
14445,117,123,-6,6
14446,140,135,5,5
14447,117,112,5,5
14448,45,43,2,2
14449,73,73,0,0
14450,71,77,-6,6
14451,41,37,4,4
14452,134,128,6,6
14453,102,105,-3,3
14454,69,71,-2,2
14455,98,102,-4,4
14456,113,101,12,12
14457,90,89,1,1
14458,67,70,-3,3
14459,83,79,4,4
14460,64,64,0,0
14461,192,167,25,25
14462,93,78,15,15
14463,111,113,-2,2
14464,122,126,-4,4
14465,89,103,-14,14
14466,77,94,-17,17
14467,66,66,0,0
14468,57,58,-1,1
14469,84,82,2,2
14470,90,94,-4,4
14471,103,98,5,5
14472,144,142,2,2
14473,120,99,21,21
14474,105,99,6,6
14475,121,127,-6,6
14476,51,100,-49,49
14477,91,75,16,16
14478,73,76,-3,3
14479,60,63,-3,3
14480,50,49,1,1
14481,94,90,4,4
14482,107,97,10,10
14483,62,49,13,13
14484,77,75,2,2
14485,109,98,11,11
14486,113,103,10,10
14487,95,109,-14,14
14488,153,157,-4,4
14489,146,132,14,14
14490,75,80,-5,5
14491,97,98,-1,1
14492,96,93,3,3
14493,112,125,-13,13
14494,93,102,-9,9
14495,88,81,7,7
14496,143,132,11,11
14497,131,130,1,1
14498,92,93,-1,1
14499,77,70,7,7
14500,94,89,5,5
14501,60,72,-12,12
14502,70,66,4,4
14503,73,69,4,4
14504,115,104,11,11
14505,111,115,-4,4
14506,41,41,0,0
14507,49,66,-17,17
14508,141,127,14,14
14509,85,74,11,11
14510,89,85,4,4
14511,84,73,11,11
14512,102,93,9,9
14513,100,106,-6,6
14514,72,66,6,6
14515,99,92,7,7
14516,68,61,7,7
14517,63,60,3,3
14518,156,164,-8,8
14519,113,105,8,8
14520,109,98,11,11
14521,141,146,-5,5
14522,173,171,2,2
14523,95,101,-6,6
14524,89,94,-5,5
14525,103,100,3,3
14526,71,69,2,2
14527,81,81,0,0
14528,93,87,6,6
14529,138,158,-20,20
14530,94,81,13,13
14531,168,162,6,6
14532,56,59,-3,3
14533,70,59,11,11
14534,143,123,20,20
14535,115,116,-1,1
14536,78,63,15,15
14537,71,67,4,4
14538,61,62,-1,1
14539,174,170,4,4
14540,136,139,-3,3
14541,137,134,3,3
14542,64,57,7,7
14543,98,95,3,3
14544,61,66,-5,5
14545,79,72,7,7
14546,58,55,3,3
14547,88,85,3,3
14548,83,78,5,5
14549,58,63,-5,5
14550,113,112,1,1
14551,65,62,3,3
14552,98,97,1,1
14553,98,91,7,7
14554,119,101,18,18
14555,81,82,-1,1
14556,107,106,1,1
14557,69,58,11,11
14558,102,107,-5,5
14559,64,62,2,2
14560,92,102,-10,10
14561,91,73,18,18
14562,76,62,14,14
14563,120,114,6,6
14564,131,126,5,5
14565,73,61,12,12
14566,113,86,27,27
14567,46,53,-7,7
14568,31,33,-2,2
14569,86,118,-32,32
14570,124,128,-4,4
14571,69,61,8,8
14572,103,100,3,3
14573,78,83,-5,5
14574,85,76,9,9
14575,43,47,-4,4
14576,102,105,-3,3
14577,64,62,2,2
14578,112,123,-11,11
14579,104,107,-3,3
14580,116,120,-4,4
14581,72,67,5,5
14582,86,88,-2,2
14583,45,51,-6,6
14584,90,90,0,0
14585,204,184,20,20
14586,38,42,-4,4
14587,95,79,16,16
14588,102,110,-8,8
14589,193,187,6,6
14590,130,128,2,2
14591,47,52,-5,5
14592,132,131,1,1
14593,176,133,43,43
14594,67,73,-6,6
14595,100,104,-4,4
14596,73,62,11,11
14597,44,48,-4,4
14598,65,68,-3,3
14599,34,38,-4,4
14600,56,62,-6,6
14601,87,87,0,0
14602,87,111,-24,24
14603,44,50,-6,6
14604,115,106,9,9
14605,82,75,7,7
14606,134,137,-3,3
14607,161,164,-3,3
14608,61,59,2,2
14609,150,144,6,6
14610,106,103,3,3
14611,68,71,-3,3
14612,106,90,16,16
14613,96,95,1,1
14614,142,149,-7,7
14615,74,62,12,12
14616,47,53,-6,6
14617,130,134,-4,4
14618,121,119,2,2
14619,104,99,5,5
14620,79,75,4,4
14621,85,72,13,13
14622,92,85,7,7
14623,52,94,-42,42
14624,144,160,-16,16
14625,92,73,19,19
14626,58,52,6,6
14627,116,123,-7,7
14628,71,76,-5,5
14629,65,53,12,12
14630,86,64,22,22
14631,51,53,-2,2
14632,51,52,-1,1
14633,169,162,7,7
14634,117,124,-7,7
14635,94,94,0,0
14636,77,71,6,6
14637,61,57,4,4
14638,64,58,6,6
14639,38,48,-10,10
14640,54,54,0,0
14641,70,74,-4,4
14642,77,78,-1,1
14643,127,112,15,15
14644,58,62,-4,4
14645,84,82,2,2
14646,89,90,-1,1
14647,52,41,11,11
14648,73,75,-2,2
14649,64,70,-6,6
14650,53,65,-12,12
14651,112,102,10,10
14652,92,94,-2,2
14653,90,78,12,12
14654,72,70,2,2
14655,99,106,-7,7
14656,84,77,7,7
14657,90,93,-3,3
14658,135,142,-7,7
14659,91,80,11,11
14660,81,86,-5,5
14661,119,100,19,19
14662,70,65,5,5
14663,62,60,2,2
14664,80,82,-2,2
14665,69,70,-1,1
14666,107,115,-8,8
14667,145,135,10,10
14668,137,128,9,9
14669,94,91,3,3
14670,158,136,22,22
14671,174,188,-14,14
14672,100,103,-3,3
14673,141,126,15,15
14674,131,125,6,6
14675,168,160,8,8
14676,98,96,2,2
14677,116,130,-14,14
14678,101,96,5,5
14679,89,118,-29,29
14680,119,120,-1,1
14681,139,136,3,3
14682,25,29,-4,4
14683,106,108,-2,2
14684,161,158,3,3
14685,123,120,3,3
14686,87,80,7,7
14687,58,70,-12,12
14688,62,68,-6,6
14689,89,81,8,8
14690,81,77,4,4
14691,70,60,10,10
14692,78,81,-3,3
14693,163,160,3,3
14694,46,70,-24,24
14695,57,55,2,2
14696,108,101,7,7
14697,148,118,30,30
14698,74,81,-7,7
14699,54,57,-3,3
14700,64,70,-6,6
14701,162,142,20,20
14702,124,120,4,4
14703,75,75,0,0
14704,76,68,8,8
14705,81,87,-6,6
14706,56,58,-2,2
14707,90,80,10,10
14708,70,73,-3,3
14709,66,79,-13,13
14710,75,75,0,0
14711,95,112,-17,17
14712,123,121,2,2
14713,125,123,2,2
14714,44,46,-2,2
14715,141,141,0,0
14716,53,60,-7,7
14717,97,95,2,2
14718,100,81,19,19
14719,78,101,-23,23
14720,199,189,10,10
14721,124,114,10,10
14722,56,68,-12,12
14723,62,58,4,4
14724,109,99,10,10
14725,149,132,17,17
14726,101,105,-4,4
14727,129,117,12,12
14728,138,113,25,25
14729,118,128,-10,10
14730,151,143,8,8
14731,58,60,-2,2
14732,148,147,1,1
14733,89,88,1,1
14734,93,91,2,2
14735,111,106,5,5
14736,131,127,4,4
14737,106,102,4,4
14738,123,127,-4,4
14739,119,149,-30,30
14740,106,110,-4,4
14741,121,119,2,2
14742,74,68,6,6
14743,94,90,4,4
14744,83,69,14,14
14745,159,157,2,2
14746,126,110,16,16
14747,71,69,2,2
14748,52,53,-1,1
14749,139,130,9,9
14750,98,94,4,4
14751,94,99,-5,5
14752,58,53,5,5
14753,126,130,-4,4
14754,65,63,2,2
14755,98,84,14,14
14756,170,164,6,6
14757,71,78,-7,7
14758,63,77,-14,14
14759,74,82,-8,8
14760,119,104,15,15
14761,73,83,-10,10
14762,88,87,1,1
14763,96,95,1,1
14764,125,126,-1,1
14765,119,120,-1,1
14766,88,88,0,0
14767,98,87,11,11
14768,103,113,-10,10
14769,95,90,5,5
14770,80,80,0,0
14771,88,84,4,4
14772,50,39,11,11
14773,81,74,7,7
14774,72,69,3,3
14775,56,54,2,2
14776,54,56,-2,2
14777,70,90,-20,20
14778,92,89,3,3
14779,79,74,5,5
14780,64,57,7,7
14781,121,118,3,3
14782,55,52,3,3
14783,110,107,3,3
14784,142,144,-2,2
14785,160,152,8,8
14786,61,59,2,2
14787,59,62,-3,3
14788,102,103,-1,1
14789,95,82,13,13
14790,62,64,-2,2
14791,142,143,-1,1
14792,91,66,25,25
14793,114,111,3,3
14794,54,54,0,0
14795,93,98,-5,5
14796,96,94,2,2
14797,75,74,1,1
14798,95,88,7,7
14799,59,56,3,3
14800,87,73,14,14
14801,121,111,10,10
14802,85,84,1,1
14803,74,77,-3,3
14804,94,97,-3,3
14805,117,115,2,2
14806,136,133,3,3
14807,51,55,-4,4
14808,143,135,8,8
14809,110,107,3,3
14810,112,102,10,10
14811,59,55,4,4
14812,69,64,5,5
14813,92,84,8,8
14814,92,99,-7,7
14815,125,113,12,12
14816,93,82,11,11
14817,94,85,9,9
14818,183,169,14,14
14819,158,163,-5,5
14820,126,117,9,9
14821,201,179,22,22
14822,96,80,16,16
14823,69,83,-14,14
14824,112,129,-17,17
14825,60,68,-8,8
14826,81,72,9,9
14827,229,221,8,8
14828,81,75,6,6
14829,49,53,-4,4
14830,98,87,11,11
14831,104,98,6,6
14832,117,103,14,14
14833,91,93,-2,2
14834,96,87,9,9
14835,82,84,-2,2
14836,193,169,24,24
14837,75,72,3,3
14838,101,98,3,3
14839,128,113,15,15
14840,103,101,2,2
14841,84,76,8,8
14842,162,150,12,12
14843,117,101,16,16
14844,104,116,-12,12
14845,85,86,-1,1
14846,90,87,3,3
14847,67,63,4,4
14848,91,75,16,16
14849,152,144,8,8
14850,60,51,9,9
14851,107,105,2,2
14852,114,132,-18,18
14853,95,94,1,1
14854,85,83,2,2
14855,72,112,-40,40
14856,66,60,6,6
14857,81,82,-1,1
14858,112,111,1,1
14859,39,40,-1,1
14860,125,136,-11,11
14861,67,62,5,5
14862,103,97,6,6
14863,44,52,-8,8
14864,52,48,4,4
14865,58,65,-7,7
14866,105,106,-1,1
14867,55,62,-7,7
14868,107,123,-16,16
14869,102,111,-9,9
14870,61,80,-19,19
14871,129,134,-5,5
14872,72,71,1,1
14873,144,141,3,3
14874,67,72,-5,5
14875,131,116,15,15
14876,59,64,-5,5
14877,142,133,9,9
14878,80,80,0,0
14879,95,83,12,12
14880,62,71,-9,9
14881,99,106,-7,7
14882,69,72,-3,3
14883,36,45,-9,9
14884,53,60,-7,7
14885,174,152,22,22
14886,120,117,3,3
14887,60,65,-5,5
14888,44,48,-4,4
14889,104,103,1,1
14890,70,67,3,3
14891,80,80,0,0
14892,72,78,-6,6
14893,114,129,-15,15
14894,110,115,-5,5
14895,69,68,1,1
14896,108,104,4,4
14897,136,131,5,5
14898,62,66,-4,4
14899,170,171,-1,1
14900,109,96,13,13
14901,85,83,2,2
14902,93,79,14,14
14903,117,116,1,1
14904,102,86,16,16
14905,123,112,11,11
14906,91,114,-23,23
14907,65,62,3,3
14908,52,64,-12,12
14909,139,125,14,14
14910,88,88,0,0
14911,67,79,-12,12
14912,143,141,2,2
14913,153,161,-8,8
14914,65,62,3,3
14915,84,78,6,6
14916,101,109,-8,8
14917,90,112,-22,22
14918,75,70,5,5
14919,95,87,8,8
14920,197,169,28,28
14921,60,56,4,4
14922,152,149,3,3
14923,69,57,12,12
14924,79,76,3,3
14925,63,64,-1,1
14926,114,117,-3,3
14927,94,81,13,13
14928,107,100,7,7
14929,94,93,1,1
14930,68,67,1,1
14931,95,92,3,3
14932,123,109,14,14
14933,81,77,4,4
14934,141,122,19,19
14935,78,83,-5,5
14936,100,104,-4,4
14937,120,115,5,5
14938,36,49,-13,13
14939,81,83,-2,2
14940,118,99,19,19
14941,122,132,-10,10
14942,80,72,8,8
14943,130,109,21,21
14944,44,49,-5,5
14945,170,174,-4,4
14946,74,78,-4,4
14947,66,61,5,5
14948,192,169,23,23
14949,84,85,-1,1
14950,116,141,-25,25
14951,81,79,2,2
14952,43,45,-2,2
14953,69,71,-2,2
14954,63,54,9,9
14955,94,87,7,7
14956,84,77,7,7
14957,56,47,9,9
14958,106,108,-2,2
14959,152,128,24,24
14960,92,78,14,14
14961,68,65,3,3
14962,87,91,-4,4
14963,88,88,0,0
14964,78,78,0,0
14965,64,73,-9,9
14966,147,150,-3,3
14967,57,51,6,6
14968,81,91,-10,10
14969,59,62,-3,3
14970,70,65,5,5
14971,87,90,-3,3
14972,90,76,14,14
14973,87,77,10,10
14974,49,57,-8,8
14975,160,142,18,18
14976,131,124,7,7
14977,83,84,-1,1
14978,44,47,-3,3
14979,44,43,1,1
14980,52,54,-2,2
14981,102,105,-3,3
14982,69,63,6,6
14983,99,102,-3,3
14984,81,88,-7,7
14985,91,99,-8,8
14986,87,78,9,9
14987,57,55,2,2
14988,82,88,-6,6
14989,56,50,6,6
14990,76,72,4,4
14991,79,77,2,2
14992,78,68,10,10
14993,121,105,16,16
14994,119,109,10,10
14995,68,73,-5,5
14996,146,127,19,19
14997,106,88,18,18
14998,132,118,14,14
14999,47,59,-12,12
15000,70,64,6,6
15001,114,95,19,19
15002,71,59,12,12
15003,85,96,-11,11
15004,132,122,10,10
15005,33,37,-4,4
15006,16,74,-58,58
15007,68,65,3,3
15008,62,61,1,1
15009,84,85,-1,1
15010,50,52,-2,2
15011,91,90,1,1
15012,116,113,3,3
15013,97,87,10,10
15014,126,129,-3,3
15015,102,107,-5,5
15016,111,99,12,12
15017,113,111,2,2
15018,149,135,14,14
15019,87,83,4,4
15020,120,108,12,12
15021,124,122,2,2
15022,145,131,14,14
15023,78,70,8,8
15024,158,161,-3,3
15025,47,53,-6,6
15026,228,208,20,20
15027,86,88,-2,2
15028,97,86,11,11
15029,105,98,7,7
15030,59,71,-12,12
15031,134,118,16,16
15032,122,123,-1,1
15033,116,129,-13,13
15034,72,84,-12,12
15035,95,109,-14,14
15036,48,47,1,1
15037,71,68,3,3
15038,164,174,-10,10
15039,80,77,3,3
15040,96,87,9,9
15041,133,127,6,6
15042,121,132,-11,11
15043,122,128,-6,6
15044,99,95,4,4
15045,96,86,10,10
15046,41,48,-7,7
15047,157,133,24,24
15048,104,84,20,20
15049,65,67,-2,2
15050,103,106,-3,3
15051,118,114,4,4
15052,99,96,3,3
15053,126,116,10,10
15054,106,109,-3,3
15055,55,41,14,14
15056,75,68,7,7
15057,69,73,-4,4
15058,107,97,10,10
15059,122,108,14,14
15060,63,64,-1,1
15061,107,101,6,6
15062,96,107,-11,11
15063,62,72,-10,10
15064,72,67,5,5
15065,152,141,11,11
15066,65,65,0,0
15067,78,77,1,1
15068,115,111,4,4
15069,113,102,11,11
15070,113,100,13,13
15071,105,95,10,10
15072,116,115,1,1
15073,158,149,9,9
15074,57,55,2,2
15075,141,144,-3,3
15076,82,74,8,8
15077,106,104,2,2
15078,96,87,9,9
15079,104,95,9,9
15080,98,93,5,5
15081,83,92,-9,9
15082,138,128,10,10
15083,148,141,7,7
15084,71,70,1,1
15085,90,93,-3,3
15086,134,123,11,11
15087,129,138,-9,9
15088,127,129,-2,2
15089,77,78,-1,1
15090,69,78,-9,9
15091,102,96,6,6
15092,69,69,0,0
15093,65,70,-5,5
15094,102,106,-4,4
15095,56,71,-15,15
15096,123,114,9,9
15097,73,76,-3,3
15098,61,67,-6,6
15099,102,116,-14,14
15100,98,93,5,5
15101,80,74,6,6
15102,85,82,3,3
15103,61,68,-7,7
15104,127,133,-6,6
15105,68,65,3,3
15106,127,139,-12,12
15107,71,67,4,4
15108,71,58,13,13
15109,149,140,9,9
15110,91,79,12,12
15111,98,103,-5,5
15112,51,55,-4,4
15113,90,83,7,7
15114,105,114,-9,9
15115,84,82,2,2
15116,98,90,8,8
15117,188,188,0,0
15118,57,58,-1,1
15119,135,111,24,24
15120,107,107,0,0
15121,166,156,10,10
15122,102,94,8,8
15123,162,154,8,8
15124,74,60,14,14
15125,81,82,-1,1
15126,58,57,1,1
15127,93,74,19,19
15128,67,76,-9,9
15129,136,139,-3,3
15130,122,123,-1,1
15131,114,102,12,12
15132,66,58,8,8
15133,121,107,14,14
15134,82,89,-7,7
15135,110,101,9,9
15136,63,61,2,2
15137,108,108,0,0
15138,77,72,5,5
15139,86,78,8,8
15140,74,69,5,5
15141,101,107,-6,6
15142,114,125,-11,11
15143,105,94,11,11
15144,106,107,-1,1
15145,83,76,7,7
15146,169,167,2,2
15147,71,67,4,4
15148,87,88,-1,1
15149,67,76,-9,9
15150,86,96,-10,10
15151,244,214,30,30
15152,96,80,16,16
15153,136,132,4,4
15154,64,58,6,6
15155,131,146,-15,15
15156,142,156,-14,14
15157,63,68,-5,5
15158,56,53,3,3
15159,65,66,-1,1
15160,116,106,10,10
15161,57,57,0,0
15162,109,113,-4,4
15163,114,123,-9,9
15164,68,60,8,8
15165,114,108,6,6
15166,64,83,-19,19
15167,112,115,-3,3
15168,47,60,-13,13
15169,66,67,-1,1
15170,81,85,-4,4
15171,127,131,-4,4
15172,109,109,0,0
15173,72,60,12,12
15174,94,92,2,2
15175,46,48,-2,2
15176,113,67,46,46
15177,70,70,0,0
15178,80,86,-6,6
15179,64,68,-4,4
15180,113,105,8,8
15181,56,65,-9,9
15182,112,99,13,13
15183,50,53,-3,3
15184,101,92,9,9
15185,173,172,1,1
15186,57,51,6,6
15187,104,100,4,4
15188,90,80,10,10
15189,76,72,4,4
15190,94,92,2,2
15191,105,119,-14,14
15192,121,116,5,5
15193,126,135,-9,9
15194,127,113,14,14
15195,116,115,1,1
15196,88,83,5,5
15197,62,73,-11,11
15198,190,189,1,1
15199,91,105,-14,14
15200,68,70,-2,2
15201,102,98,4,4
15202,150,106,44,44
15203,85,85,0,0
15204,45,47,-2,2
15205,106,105,1,1
15206,64,58,6,6
15207,152,157,-5,5
15208,124,128,-4,4
15209,77,80,-3,3
15210,80,84,-4,4
15211,68,53,15,15
15212,131,128,3,3
15213,141,130,11,11
15214,138,124,14,14
15215,139,153,-14,14
15216,54,69,-15,15
15217,81,82,-1,1
15218,131,138,-7,7
15219,105,98,7,7
15220,88,68,20,20
15221,97,90,7,7
15222,132,132,0,0
15223,80,85,-5,5
15224,83,77,6,6
15225,56,60,-4,4
15226,68,77,-9,9
15227,88,75,13,13
15228,101,99,2,2
15229,123,120,3,3
15230,123,126,-3,3
15231,56,70,-14,14
15232,139,138,1,1
15233,102,100,2,2
15234,53,52,1,1
15235,145,148,-3,3
15236,94,93,1,1
15237,126,126,0,0
15238,92,79,13,13
15239,82,78,4,4
15240,74,80,-6,6
15241,165,136,29,29
15242,99,98,1,1
15243,139,150,-11,11
15244,84,74,10,10
15245,85,78,7,7
15246,63,62,1,1
15247,174,161,13,13
15248,127,110,17,17
15249,93,99,-6,6
15250,106,104,2,2
15251,108,139,-31,31
15252,93,92,1,1
15253,98,81,17,17
15254,91,82,9,9
15255,68,66,2,2
15256,98,101,-3,3
15257,264,248,16,16
15258,105,93,12,12
15259,71,73,-2,2
15260,57,52,5,5
15261,99,96,3,3
15262,87,81,6,6
15263,109,107,2,2
15264,132,128,4,4
15265,66,74,-8,8
15266,99,99,0,0
15267,70,71,-1,1
15268,111,109,2,2
15269,124,129,-5,5
15270,53,58,-5,5
15271,113,102,11,11
15272,69,60,9,9
15273,69,76,-7,7
15274,80,74,6,6
15275,87,90,-3,3
15276,117,108,9,9
15277,105,87,18,18
15278,64,52,12,12
15279,41,41,0,0
15280,60,57,3,3
15281,93,88,5,5
15282,74,59,15,15
15283,100,92,8,8
15284,75,67,8,8
15285,117,101,16,16
15286,129,128,1,1
15287,145,148,-3,3
15288,102,105,-3,3
15289,147,142,5,5
15290,55,52,3,3
15291,91,81,10,10
15292,46,52,-6,6
15293,211,170,41,41
15294,125,122,3,3
15295,76,74,2,2
15296,84,84,0,0
15297,104,104,0,0
15298,62,62,0,0
15299,77,79,-2,2
15300,100,93,7,7
15301,83,80,3,3
15302,90,92,-2,2
15303,181,161,20,20
15304,132,146,-14,14
15305,88,86,2,2
15306,85,84,1,1
15307,69,66,3,3
15308,59,50,9,9
15309,42,41,1,1
15310,138,127,11,11
15311,75,62,13,13
15312,116,122,-6,6
15313,76,83,-7,7
15314,85,87,-2,2
15315,60,62,-2,2
15316,101,116,-15,15
15317,117,126,-9,9
15318,73,75,-2,2
15319,65,62,3,3
15320,136,146,-10,10
15321,40,48,-8,8
15322,61,63,-2,2
15323,138,135,3,3
15324,55,59,-4,4
15325,87,85,2,2
15326,60,49,11,11
15327,42,43,-1,1
15328,184,194,-10,10
15329,136,144,-8,8
15330,46,57,-11,11
15331,157,115,42,42
15332,99,98,1,1
15333,64,59,5,5
15334,95,93,2,2
15335,138,138,0,0
15336,63,61,2,2
15337,72,50,22,22
15338,52,59,-7,7
15339,90,71,19,19
15340,78,81,-3,3
15341,97,99,-2,2
15342,118,111,7,7
15343,89,87,2,2
15344,55,48,7,7
15345,109,107,2,2
15346,64,68,-4,4
15347,103,91,12,12
15348,96,92,4,4
15349,101,97,4,4
15350,130,128,2,2
15351,67,80,-13,13
15352,65,69,-4,4
15353,80,77,3,3
15354,90,84,6,6
15355,86,82,4,4
15356,62,60,2,2
15357,162,161,1,1
15358,107,112,-5,5
15359,42,33,9,9
15360,104,97,7,7
15361,125,125,0,0
15362,93,101,-8,8
15363,163,184,-21,21
15364,42,49,-7,7
15365,127,120,7,7
15366,94,107,-13,13
15367,88,86,2,2
15368,147,142,5,5
15369,155,153,2,2
15370,107,96,11,11
15371,65,61,4,4
15372,94,112,-18,18
15373,77,86,-9,9
15374,128,129,-1,1
15375,70,73,-3,3
15376,51,60,-9,9
15377,101,103,-2,2
15378,108,93,15,15
15379,169,158,11,11
15380,56,55,1,1
15381,114,108,6,6
15382,129,136,-7,7
15383,98,91,7,7
15384,62,65,-3,3
15385,52,42,10,10
15386,125,110,15,15
15387,123,115,8,8
15388,107,106,1,1
15389,100,103,-3,3
15390,153,172,-19,19
15391,81,82,-1,1
15392,82,83,-1,1
15393,97,104,-7,7
15394,28,31,-3,3
15395,123,123,0,0
15396,66,81,-15,15
15397,91,89,2,2
15398,95,102,-7,7
15399,66,70,-4,4
15400,105,104,1,1
15401,64,57,7,7
15402,106,90,16,16
15403,136,126,10,10
15404,87,88,-1,1
15405,71,66,5,5
15406,116,117,-1,1
15407,88,87,1,1
15408,53,54,-1,1
15409,126,115,11,11
15410,144,129,15,15
15411,74,70,4,4
15412,63,62,1,1
15413,72,63,9,9
15414,73,77,-4,4
15415,76,83,-7,7
15416,88,82,6,6
15417,78,79,-1,1
15418,103,98,5,5
15419,76,72,4,4
15420,41,84,-43,43
15421,231,203,28,28
15422,134,131,3,3
15423,126,101,25,25
15424,138,127,11,11
15425,103,112,-9,9
15426,90,97,-7,7
15427,73,70,3,3
15428,63,70,-7,7
15429,81,87,-6,6
15430,120,108,12,12
15431,92,96,-4,4
15432,100,103,-3,3
15433,51,56,-5,5
15434,116,118,-2,2
15435,97,94,3,3
15436,87,65,22,22
15437,138,123,15,15
15438,52,57,-5,5
15439,36,45,-9,9
15440,167,173,-6,6
15441,80,91,-11,11
15442,117,118,-1,1
15443,91,82,9,9
15444,163,161,2,2
15445,112,124,-12,12
15446,75,77,-2,2
15447,119,111,8,8
15448,61,75,-14,14
15449,71,60,11,11
15450,117,121,-4,4
15451,115,135,-20,20
15452,99,99,0,0
15453,125,120,5,5
15454,100,97,3,3
15455,153,143,10,10
15456,146,149,-3,3
15457,157,142,15,15
15458,104,102,2,2
15459,130,123,7,7
15460,137,149,-12,12
15461,105,108,-3,3
15462,101,92,9,9
15463,110,116,-6,6
15464,97,87,10,10
15465,87,88,-1,1
15466,107,107,0,0
15467,87,93,-6,6
15468,90,84,6,6
15469,90,85,5,5
15470,118,118,0,0
15471,57,61,-4,4
15472,108,115,-7,7
15473,51,51,0,0
15474,56,68,-12,12
15475,53,60,-7,7
15476,55,57,-2,2
15477,68,74,-6,6
15478,61,62,-1,1
15479,142,139,3,3
15480,83,79,4,4
15481,56,59,-3,3
15482,60,65,-5,5
15483,59,65,-6,6
15484,119,123,-4,4
15485,60,70,-10,10
15486,60,64,-4,4
15487,106,92,14,14
15488,78,72,6,6
15489,83,81,2,2
15490,63,60,3,3
15491,147,109,38,38
15492,182,178,4,4
15493,129,119,10,10
15494,97,96,1,1
15495,115,108,7,7
15496,105,111,-6,6
15497,102,111,-9,9
15498,127,132,-5,5
15499,157,148,9,9
15500,84,78,6,6
15501,152,132,20,20
15502,74,71,3,3
15503,79,75,4,4
15504,123,127,-4,4
15505,135,128,7,7
15506,82,75,7,7
15507,111,110,1,1
15508,62,83,-21,21
15509,59,60,-1,1
15510,77,85,-8,8
15511,63,67,-4,4
15512,81,85,-4,4
15513,56,53,3,3
15514,69,72,-3,3
15515,65,65,0,0
15516,82,77,5,5
15517,91,91,0,0
15518,190,161,29,29
15519,185,178,7,7
15520,131,126,5,5
15521,65,68,-3,3
15522,158,146,12,12
15523,144,161,-17,17
15524,73,79,-6,6
15525,80,74,6,6
15526,152,138,14,14
15527,62,72,-10,10
15528,64,65,-1,1
15529,65,67,-2,2
15530,146,143,3,3
15531,124,121,3,3
15532,108,100,8,8
15533,131,125,6,6
15534,107,113,-6,6
15535,104,102,2,2
15536,78,68,10,10
15537,115,122,-7,7
15538,159,148,11,11
15539,103,102,1,1
15540,101,106,-5,5
15541,63,62,1,1
15542,160,156,4,4
15543,61,61,0,0
15544,60,61,-1,1
15545,130,142,-12,12
15546,96,89,7,7
15547,84,80,4,4
15548,93,82,11,11
15549,110,111,-1,1
15550,66,55,11,11
15551,77,67,10,10
15552,103,104,-1,1
15553,78,76,2,2
15554,147,141,6,6
15555,87,88,-1,1
15556,84,74,10,10
15557,83,76,7,7
15558,69,62,7,7
15559,180,182,-2,2
15560,140,147,-7,7
15561,57,58,-1,1
15562,120,116,4,4
15563,62,61,1,1
15564,79,75,4,4
15565,127,133,-6,6
15566,64,65,-1,1
15567,81,79,2,2
15568,100,84,16,16
15569,118,112,6,6
15570,85,85,0,0
15571,77,83,-6,6
15572,104,86,18,18
15573,72,63,9,9
15574,101,91,10,10
15575,95,100,-5,5
15576,98,93,5,5
15577,62,57,5,5
15578,98,91,7,7
15579,113,129,-16,16
15580,62,57,5,5
15581,52,59,-7,7
15582,112,91,21,21
15583,80,82,-2,2
15584,106,110,-4,4
15585,63,61,2,2
15586,49,61,-12,12
15587,72,73,-1,1
15588,117,107,10,10
15589,116,104,12,12
15590,94,86,8,8
15591,95,95,0,0
15592,83,85,-2,2
15593,119,117,2,2
15594,106,107,-1,1
15595,92,79,13,13
15596,70,75,-5,5
15597,133,126,7,7
15598,64,67,-3,3
15599,169,156,13,13
15600,93,89,4,4
15601,102,101,1,1
15602,87,81,6,6
15603,71,62,9,9
15604,62,60,2,2
15605,59,52,7,7
15606,85,81,4,4
15607,72,73,-1,1
15608,50,56,-6,6
15609,92,88,4,4
15610,127,118,9,9
15611,57,59,-2,2
15612,107,101,6,6
15613,65,65,0,0
15614,82,81,1,1
15615,81,84,-3,3
15616,98,100,-2,2
15617,82,75,7,7
15618,110,125,-15,15
15619,166,157,9,9
15620,107,109,-2,2
15621,50,56,-6,6
15622,148,137,11,11
15623,70,70,0,0
15624,100,93,7,7
15625,108,94,14,14
15626,113,101,12,12
15627,53,56,-3,3
15628,126,130,-4,4
15629,72,69,3,3
15630,197,182,15,15
15631,47,54,-7,7
15632,89,72,17,17
15633,143,135,8,8
15634,119,115,4,4
15635,76,73,3,3
15636,73,79,-6,6
15637,68,68,0,0
15638,111,108,3,3
15639,121,104,17,17
15640,92,98,-6,6
15641,113,104,9,9
15642,98,89,9,9
15643,152,160,-8,8
15644,80,75,5,5
15645,82,82,0,0
15646,128,115,13,13
15647,49,56,-7,7
15648,128,126,2,2
15649,63,60,3,3
15650,52,49,3,3
15651,89,88,1,1
15652,68,67,1,1
15653,109,106,3,3
15654,83,84,-1,1
15655,97,95,2,2
15656,73,74,-1,1
15657,75,66,9,9
15658,127,116,11,11
15659,52,74,-22,22
15660,69,61,8,8
15661,152,138,14,14
15662,87,95,-8,8
15663,130,115,15,15
15664,72,83,-11,11
15665,114,118,-4,4
15666,75,84,-9,9
15667,136,129,7,7
15668,77,67,10,10
15669,88,88,0,0
15670,64,67,-3,3
15671,90,80,10,10
15672,174,178,-4,4
15673,57,61,-4,4
15674,56,60,-4,4
15675,78,73,5,5
15676,81,76,5,5
15677,67,64,3,3
15678,123,113,10,10
15679,146,149,-3,3
15680,123,125,-2,2
15681,98,101,-3,3
15682,61,52,9,9
15683,109,108,1,1
15684,76,78,-2,2
15685,121,116,5,5
15686,81,77,4,4
15687,38,57,-19,19
15688,70,69,1,1
15689,83,80,3,3
15690,100,95,5,5
15691,79,83,-4,4
15692,98,104,-6,6
15693,79,69,10,10
15694,196,184,12,12
15695,137,134,3,3
15696,67,74,-7,7
15697,87,81,6,6
15698,79,75,4,4
15699,84,80,4,4
15700,104,120,-16,16
15701,105,110,-5,5
15702,113,105,8,8
15703,54,57,-3,3
15704,77,74,3,3
15705,124,127,-3,3
15706,103,100,3,3
15707,175,162,13,13
15708,67,67,0,0
15709,86,86,0,0
15710,65,62,3,3
15711,74,78,-4,4
15712,85,58,27,27
15713,77,77,0,0
15714,94,94,0,0
15715,163,140,23,23
15716,107,94,13,13
15717,126,128,-2,2
15718,97,87,10,10
15719,80,78,2,2
15720,150,152,-2,2
15721,67,76,-9,9
15722,120,102,18,18
15723,86,92,-6,6
15724,80,75,5,5
15725,79,77,2,2
15726,98,93,5,5
15727,100,103,-3,3
15728,105,112,-7,7
15729,140,161,-21,21
15730,110,100,10,10
15731,101,90,11,11
15732,50,60,-10,10
15733,132,124,8,8
15734,160,161,-1,1
15735,119,110,9,9
15736,94,88,6,6
15737,83,78,5,5
15738,92,84,8,8
15739,76,52,24,24
15740,103,94,9,9
15741,93,99,-6,6
15742,67,81,-14,14
15743,104,123,-19,19
15744,123,119,4,4
15745,90,78,12,12
15746,75,83,-8,8
15747,120,120,0,0
15748,66,59,7,7
15749,106,104,2,2
15750,120,111,9,9
15751,98,80,18,18
15752,105,110,-5,5
15753,97,101,-4,4
15754,101,93,8,8
15755,80,75,5,5
15756,87,79,8,8
15757,68,62,6,6
15758,160,147,13,13
15759,77,73,4,4
15760,65,69,-4,4
15761,90,92,-2,2
15762,34,59,-25,25
15763,90,94,-4,4
15764,83,75,8,8
15765,47,46,1,1
15766,47,68,-21,21
15767,106,115,-9,9
15768,63,61,2,2
15769,96,99,-3,3
15770,108,115,-7,7
15771,85,81,4,4
15772,157,144,13,13
15773,90,73,17,17
15774,116,121,-5,5
15775,132,136,-4,4
15776,123,119,4,4
15777,118,116,2,2
15778,45,51,-6,6
15779,60,62,-2,2
15780,179,162,17,17
15781,111,116,-5,5
15782,118,118,0,0
15783,87,99,-12,12
15784,51,60,-9,9
15785,37,56,-19,19
15786,91,89,2,2
15787,69,74,-5,5
15788,130,112,18,18
15789,102,114,-12,12
15790,93,94,-1,1
15791,129,122,7,7
15792,54,50,4,4
15793,70,67,3,3
15794,125,110,15,15
15795,59,61,-2,2
15796,46,40,6,6
15797,64,59,5,5
15798,113,99,14,14
15799,110,92,18,18
15800,46,51,-5,5
15801,134,142,-8,8
15802,71,85,-14,14
15803,143,157,-14,14
15804,63,60,3,3
15805,120,125,-5,5
15806,86,77,9,9
15807,74,78,-4,4
15808,118,117,1,1
15809,61,69,-8,8
15810,65,60,5,5
15811,136,126,10,10
15812,85,85,0,0
15813,105,86,19,19
15814,146,139,7,7
15815,98,98,0,0
15816,30,43,-13,13
15817,76,69,7,7
15818,148,150,-2,2
15819,126,82,44,44
15820,121,116,5,5
15821,173,143,30,30
15822,68,79,-11,11
15823,100,107,-7,7
15824,109,106,3,3
15825,73,73,0,0
15826,97,95,2,2
15827,92,96,-4,4
15828,97,88,9,9
15829,88,92,-4,4
15830,159,145,14,14
15831,104,91,13,13
15832,65,61,4,4
15833,84,79,5,5
15834,82,75,7,7
15835,100,107,-7,7
15836,105,101,4,4
15837,70,79,-9,9
15838,77,75,2,2
15839,111,108,3,3
15840,96,83,13,13
15841,98,106,-8,8
15842,89,90,-1,1
15843,62,69,-7,7
15844,144,121,23,23
15845,134,126,8,8
15846,96,98,-2,2
15847,64,67,-3,3
15848,74,67,7,7
15849,113,112,1,1
15850,125,121,4,4
15851,122,118,4,4
15852,66,71,-5,5
15853,46,47,-1,1
15854,115,118,-3,3
15855,59,48,11,11
15856,76,70,6,6
15857,97,94,3,3
15858,125,128,-3,3
15859,138,104,34,34
15860,24,39,-15,15
15861,34,44,-10,10
15862,77,75,2,2
15863,112,121,-9,9
15864,123,119,4,4
15865,88,87,1,1
15866,130,130,0,0
15867,108,114,-6,6
15868,52,42,10,10
15869,112,121,-9,9
15870,41,39,2,2
15871,68,78,-10,10
15872,111,109,2,2
15873,97,97,0,0
15874,73,79,-6,6
15875,75,73,2,2
15876,79,93,-14,14
15877,62,75,-13,13
15878,75,83,-8,8
15879,128,119,9,9
15880,113,118,-5,5
15881,49,41,8,8
15882,65,66,-1,1
15883,64,71,-7,7
15884,97,113,-16,16
15885,117,101,16,16
15886,62,56,6,6
15887,75,97,-22,22
15888,80,84,-4,4
15889,63,63,0,0
15890,50,58,-8,8
15891,112,115,-3,3
15892,129,131,-2,2
15893,78,71,7,7
15894,102,106,-4,4
15895,101,86,15,15
15896,67,71,-4,4
15897,49,52,-3,3
15898,184,168,16,16
15899,81,79,2,2
15900,70,64,6,6
15901,95,80,15,15
15902,111,109,2,2
15903,141,134,7,7
15904,105,108,-3,3
15905,54,50,4,4
15906,78,70,8,8
15907,155,144,11,11
15908,134,126,8,8
15909,88,74,14,14
15910,66,75,-9,9
15911,64,66,-2,2
15912,60,69,-9,9
15913,94,89,5,5
15914,103,87,16,16
15915,146,150,-4,4
15916,74,82,-8,8
15917,73,68,5,5
15918,62,64,-2,2
15919,103,106,-3,3
15920,126,121,5,5
15921,96,85,11,11
15922,160,148,12,12
15923,118,122,-4,4
15924,128,114,14,14
15925,191,187,4,4
15926,123,116,7,7
15927,107,107,0,0
15928,55,55,0,0
15929,47,47,0,0
15930,55,55,0,0
15931,58,66,-8,8
15932,107,109,-2,2
15933,76,74,2,2
15934,96,80,16,16
15935,57,54,3,3
15936,110,115,-5,5
15937,79,65,14,14
15938,65,70,-5,5
15939,123,110,13,13
15940,61,45,16,16
15941,65,71,-6,6
15942,113,103,10,10
15943,49,43,6,6
15944,82,86,-4,4
15945,98,96,2,2
15946,75,77,-2,2
15947,112,115,-3,3
15948,113,97,16,16
15949,94,91,3,3
15950,58,55,3,3
15951,64,67,-3,3
15952,105,110,-5,5
15953,101,101,0,0
15954,68,73,-5,5
15955,101,92,9,9
15956,52,45,7,7
15957,70,81,-11,11
15958,97,128,-31,31
15959,117,107,10,10
15960,68,64,4,4
15961,127,109,18,18
15962,69,73,-4,4
15963,90,91,-1,1
15964,40,61,-21,21
15965,114,107,7,7
15966,98,100,-2,2
15967,66,63,3,3
15968,67,81,-14,14
15969,190,193,-3,3
15970,104,100,4,4
15971,74,99,-25,25
15972,69,55,14,14
15973,86,88,-2,2
15974,102,91,11,11
15975,122,116,6,6
15976,142,117,25,25
15977,103,86,17,17
15978,164,150,14,14
15979,110,124,-14,14
15980,64,64,0,0
15981,74,65,9,9
15982,61,57,4,4
15983,63,63,0,0
15984,100,84,16,16
15985,107,97,10,10
15986,102,91,11,11
15987,31,45,-14,14
15988,147,135,12,12
15989,60,55,5,5
15990,86,82,4,4
15991,114,120,-6,6
15992,103,117,-14,14
15993,75,71,4,4
15994,95,105,-10,10
15995,87,78,9,9
15996,99,84,15,15
15997,114,110,4,4
15998,76,76,0,0
15999,120,130,-10,10
16000,90,95,-5,5
16001,64,55,9,9
16002,113,115,-2,2
16003,66,63,3,3
16004,123,112,11,11
16005,132,125,7,7
16006,124,104,20,20
16007,56,56,0,0
16008,125,135,-10,10
16009,101,101,0,0
16010,89,75,14,14
16011,57,61,-4,4
16012,98,86,12,12
16013,101,98,3,3
16014,82,83,-1,1
16015,128,142,-14,14
16016,56,58,-2,2
16017,162,163,-1,1
16018,84,90,-6,6
16019,79,71,8,8
16020,53,63,-10,10
16021,55,54,1,1
16022,62,62,0,0
16023,73,75,-2,2
16024,42,53,-11,11
16025,127,144,-17,17
16026,52,57,-5,5
16027,121,126,-5,5
16028,75,83,-8,8
16029,89,77,12,12
16030,64,59,5,5
16031,36,36,0,0
16032,89,84,5,5
16033,72,61,11,11
16034,148,144,4,4
16035,106,108,-2,2
16036,158,168,-10,10
16037,131,119,12,12
16038,130,133,-3,3
16039,77,68,9,9
16040,136,131,5,5
16041,102,103,-1,1
16042,86,84,2,2
16043,89,78,11,11
16044,101,90,11,11
16045,99,95,4,4
16046,100,90,10,10
16047,69,66,3,3
16048,92,76,16,16
16049,69,73,-4,4
16050,128,123,5,5
16051,151,140,11,11
16052,39,41,-2,2
16053,44,50,-6,6
16054,74,88,-14,14
16055,82,75,7,7
16056,140,138,2,2
16057,120,97,23,23
16058,79,60,19,19
16059,89,94,-5,5
16060,158,193,-35,35
16061,105,129,-24,24
16062,113,106,7,7
16063,58,55,3,3
16064,95,86,9,9
16065,82,88,-6,6
16066,140,135,5,5
16067,66,70,-4,4
16068,94,94,0,0
16069,116,112,4,4
16070,70,76,-6,6
16071,90,86,4,4
16072,73,77,-4,4
16073,62,107,-45,45
16074,55,54,1,1
16075,87,90,-3,3
16076,97,108,-11,11
16077,75,76,-1,1
16078,113,113,0,0
16079,148,136,12,12
16080,144,166,-22,22
16081,64,60,4,4
16082,117,106,11,11
16083,89,85,4,4
16084,106,103,3,3
16085,130,120,10,10
16086,91,100,-9,9
16087,52,53,-1,1
16088,54,61,-7,7
16089,117,99,18,18
16090,127,141,-14,14
16091,104,97,7,7
16092,122,118,4,4
16093,67,59,8,8
16094,73,74,-1,1
16095,84,77,7,7
16096,63,56,7,7
16097,199,208,-9,9
16098,138,153,-15,15
16099,85,84,1,1
16100,112,111,1,1
16101,100,100,0,0
16102,184,206,-22,22
16103,90,88,2,2
16104,55,59,-4,4
16105,142,134,8,8
16106,124,127,-3,3
16107,83,95,-12,12
16108,79,83,-4,4
16109,52,75,-23,23
16110,92,91,1,1
16111,71,71,0,0
16112,47,48,-1,1
16113,83,86,-3,3
16114,68,68,0,0
16115,65,63,2,2
16116,99,96,3,3
16117,114,119,-5,5
16118,98,102,-4,4
16119,84,97,-13,13
16120,181,166,15,15
16121,51,56,-5,5
16122,95,78,17,17
16123,77,78,-1,1
16124,70,69,1,1
16125,103,97,6,6
16126,106,99,7,7
16127,70,74,-4,4
16128,92,86,6,6
16129,104,98,6,6
16130,49,64,-15,15
16131,62,68,-6,6
16132,52,48,4,4
16133,88,87,1,1
16134,84,76,8,8
16135,80,82,-2,2
16136,55,59,-4,4
16137,84,74,10,10
16138,158,143,15,15
16139,76,70,6,6
16140,58,60,-2,2
16141,94,77,17,17
16142,44,48,-4,4
16143,96,93,3,3
16144,134,127,7,7
16145,124,123,1,1
16146,137,142,-5,5
16147,139,138,1,1
16148,40,49,-9,9
16149,64,64,0,0
16150,100,99,1,1
16151,90,91,-1,1
16152,88,85,3,3
16153,80,75,5,5
16154,67,76,-9,9
16155,96,87,9,9
16156,74,62,12,12
16157,80,71,9,9
16158,54,58,-4,4
16159,133,126,7,7
16160,71,66,5,5
16161,151,144,7,7
16162,150,152,-2,2
16163,107,106,1,1
16164,104,104,0,0
16165,96,95,1,1
16166,164,165,-1,1
16167,61,65,-4,4
16168,95,93,2,2
16169,120,121,-1,1
16170,107,110,-3,3
16171,116,100,16,16
16172,89,83,6,6
16173,42,45,-3,3
16174,74,64,10,10
16175,100,98,2,2
16176,66,65,1,1
16177,105,110,-5,5
16178,108,88,20,20
16179,144,142,2,2
16180,118,119,-1,1
16181,82,73,9,9
16182,164,140,24,24
16183,125,129,-4,4
16184,68,77,-9,9
16185,102,102,0,0
16186,109,118,-9,9
16187,111,94,17,17
16188,115,106,9,9
16189,58,54,4,4
16190,109,95,14,14
16191,90,94,-4,4
16192,99,93,6,6
16193,124,135,-11,11
16194,147,109,38,38
16195,67,66,1,1
16196,89,91,-2,2
16197,77,68,9,9
16198,106,118,-12,12
16199,78,81,-3,3
16200,58,69,-11,11
16201,119,116,3,3
16202,74,76,-2,2
16203,80,81,-1,1
16204,143,134,9,9
16205,160,142,18,18
16206,117,113,4,4
16207,79,68,11,11
16208,103,102,1,1
16209,88,74,14,14
16210,74,76,-2,2
16211,96,97,-1,1
16212,94,111,-17,17
16213,66,59,7,7
16214,43,47,-4,4
16215,137,134,3,3
16216,89,82,7,7
16217,95,96,-1,1
16218,172,183,-11,11
16219,37,39,-2,2
16220,75,87,-12,12
16221,112,116,-4,4
16222,98,104,-6,6
16223,137,138,-1,1
16224,122,117,5,5
16225,55,49,6,6
16226,65,62,3,3
16227,105,109,-4,4
16228,67,67,0,0
16229,115,109,6,6
16230,35,59,-24,24
16231,95,99,-4,4
16232,62,54,8,8
16233,60,59,1,1
16234,142,126,16,16
16235,74,86,-12,12
16236,100,92,8,8
16237,179,83,96,96
16238,173,155,18,18
16239,161,164,-3,3
16240,76,70,6,6
16241,79,84,-5,5
16242,116,113,3,3
16243,58,59,-1,1
16244,83,75,8,8
16245,48,57,-9,9
16246,74,67,7,7
16247,57,65,-8,8
16248,84,80,4,4
16249,114,104,10,10
16250,72,58,14,14
16251,96,102,-6,6
16252,113,129,-16,16
16253,105,97,8,8
16254,149,136,13,13
16255,62,64,-2,2
16256,72,67,5,5
16257,77,77,0,0
16258,152,145,7,7
16259,94,86,8,8
16260,115,115,0,0
16261,56,54,2,2
16262,65,63,2,2
16263,111,107,4,4
16264,73,77,-4,4
16265,75,60,15,15
16266,90,87,3,3
16267,121,135,-14,14
16268,111,104,7,7
16269,179,171,8,8
16270,136,141,-5,5
16271,111,85,26,26
16272,35,56,-21,21
16273,90,93,-3,3
16274,58,50,8,8
16275,172,159,13,13
16276,77,74,3,3
16277,81,69,12,12
16278,31,47,-16,16
16279,87,92,-5,5
16280,63,79,-16,16
16281,114,103,11,11
16282,96,101,-5,5
16283,83,81,2,2
16284,117,121,-4,4
16285,121,103,18,18
16286,89,80,9,9
16287,106,93,13,13
16288,108,102,6,6
16289,121,117,4,4
16290,160,144,16,16
16291,110,109,1,1
16292,87,74,13,13
16293,107,105,2,2
16294,117,118,-1,1
16295,74,78,-4,4
16296,96,90,6,6
16297,133,123,10,10
16298,81,93,-12,12
16299,81,82,-1,1
16300,76,75,1,1
16301,57,60,-3,3
16302,131,136,-5,5
16303,91,80,11,11
16304,39,51,-12,12
16305,119,113,6,6
16306,138,135,3,3
16307,105,110,-5,5
16308,77,63,14,14
16309,132,133,-1,1
16310,58,65,-7,7
16311,42,42,0,0
16312,67,63,4,4
16313,54,52,2,2
16314,74,68,6,6
16315,95,94,1,1
16316,73,83,-10,10
16317,75,101,-26,26
16318,58,72,-14,14
16319,112,104,8,8
16320,114,94,20,20
16321,118,125,-7,7
16322,63,64,-1,1
16323,59,65,-6,6
16324,56,63,-7,7
16325,66,56,10,10
16326,64,60,4,4
16327,100,92,8,8
16328,97,94,3,3
16329,155,153,2,2
16330,93,88,5,5
16331,123,122,1,1
16332,89,72,17,17
16333,76,79,-3,3
16334,178,191,-13,13
16335,67,56,11,11
16336,112,104,8,8
16337,105,102,3,3
16338,95,86,9,9
16339,81,82,-1,1
16340,67,70,-3,3
16341,79,77,2,2
16342,117,123,-6,6
16343,72,74,-2,2
16344,103,99,4,4
16345,109,106,3,3
16346,59,61,-2,2
16347,101,98,3,3
16348,112,112,0,0
16349,158,145,13,13
16350,119,121,-2,2
16351,92,88,4,4
16352,38,38,0,0
16353,66,66,0,0
16354,69,74,-5,5
16355,51,59,-8,8
16356,200,173,27,27
16357,93,81,12,12
16358,97,94,3,3
16359,171,130,41,41
16360,65,75,-10,10
16361,102,96,6,6
16362,72,65,7,7
16363,55,55,0,0
16364,118,92,26,26
16365,86,77,9,9
16366,135,125,10,10
16367,78,66,12,12
16368,115,124,-9,9
16369,140,150,-10,10
16370,61,61,0,0
16371,48,52,-4,4
16372,78,74,4,4
16373,195,195,0,0
16374,48,62,-14,14
16375,71,78,-7,7
16376,126,126,0,0
16377,207,195,12,12
16378,111,97,14,14
16379,75,91,-16,16
16380,106,103,3,3
16381,84,79,5,5
16382,140,138,2,2
16383,77,94,-17,17
16384,88,84,4,4
16385,63,62,1,1
16386,146,132,14,14
16387,43,50,-7,7
16388,87,85,2,2
16389,63,54,9,9
16390,92,97,-5,5
16391,64,58,6,6
16392,107,93,14,14
16393,114,108,6,6
16394,76,62,14,14
16395,108,124,-16,16
16396,61,61,0,0
16397,157,154,3,3
16398,161,147,14,14
16399,81,75,6,6
16400,42,49,-7,7
16401,120,94,26,26
16402,118,94,24,24
16403,99,103,-4,4
16404,78,82,-4,4
16405,39,39,0,0
16406,62,56,6,6
16407,93,79,14,14
16408,51,59,-8,8
16409,63,79,-16,16
16410,131,144,-13,13
16411,117,99,18,18
16412,96,94,2,2
16413,158,157,1,1
16414,88,94,-6,6
16415,77,82,-5,5
16416,84,86,-2,2
16417,123,116,7,7
16418,84,74,10,10
16419,122,123,-1,1
16420,88,86,2,2
16421,73,61,12,12
16422,198,185,13,13
16423,87,73,14,14
16424,76,80,-4,4
16425,85,86,-1,1
16426,86,90,-4,4
16427,161,159,2,2
16428,132,110,22,22
16429,65,65,0,0
16430,65,60,5,5
16431,155,144,11,11
16432,94,103,-9,9
16433,91,81,10,10
16434,94,106,-12,12
16435,132,122,10,10
16436,74,85,-11,11
16437,134,128,6,6
16438,186,185,1,1
16439,117,113,4,4
16440,128,127,1,1
16441,49,59,-10,10
16442,52,50,2,2
16443,54,47,7,7
16444,49,52,-3,3
16445,61,64,-3,3
16446,87,83,4,4
16447,121,130,-9,9
16448,110,114,-4,4
16449,29,48,-19,19
16450,75,63,12,12
16451,119,124,-5,5
16452,100,94,6,6
16453,73,93,-20,20
16454,71,71,0,0
16455,61,87,-26,26
16456,91,104,-13,13
16457,68,80,-12,12
16458,79,74,5,5
16459,141,149,-8,8
16460,89,86,3,3
16461,132,133,-1,1
16462,110,116,-6,6
16463,70,66,4,4
16464,49,51,-2,2
16465,99,98,1,1
16466,60,58,2,2
16467,94,99,-5,5
16468,89,86,3,3
16469,149,143,6,6
16470,78,69,9,9
16471,133,143,-10,10
16472,134,139,-5,5
16473,65,64,1,1
16474,117,103,14,14
16475,96,89,7,7
16476,130,121,9,9
16477,138,139,-1,1
16478,85,87,-2,2
16479,128,129,-1,1
16480,84,88,-4,4
16481,127,115,12,12
16482,67,61,6,6
16483,149,151,-2,2
16484,77,61,16,16
16485,91,86,5,5
16486,137,127,10,10
16487,142,137,5,5
16488,68,62,6,6
16489,129,130,-1,1
16490,120,119,1,1
16491,38,53,-15,15
16492,109,108,1,1
16493,101,93,8,8
16494,66,89,-23,23
16495,61,73,-12,12
16496,107,103,4,4
16497,112,96,16,16
16498,114,122,-8,8
16499,96,95,1,1
16500,136,137,-1,1
16501,60,54,6,6
16502,108,98,10,10
16503,109,107,2,2
16504,98,93,5,5
16505,53,63,-10,10
16506,68,57,11,11
16507,114,116,-2,2
16508,181,191,-10,10
16509,121,115,6,6
16510,67,61,6,6
16511,78,65,13,13
16512,74,71,3,3
16513,47,50,-3,3
16514,113,122,-9,9
16515,41,53,-12,12
16516,57,58,-1,1
16517,68,57,11,11
16518,88,87,1,1
16519,76,84,-8,8
16520,96,95,1,1
16521,45,44,1,1
16522,119,116,3,3
16523,104,115,-11,11
16524,111,106,5,5
16525,62,54,8,8
16526,94,95,-1,1
16527,86,85,1,1
16528,78,90,-12,12
16529,132,133,-1,1
16530,105,102,3,3
16531,141,127,14,14
16532,59,62,-3,3
16533,205,168,37,37
16534,91,92,-1,1
16535,87,105,-18,18
16536,87,87,0,0
16537,102,82,20,20
16538,94,84,10,10
16539,77,77,0,0
16540,61,60,1,1
16541,152,141,11,11
16542,85,82,3,3
16543,120,118,2,2
16544,83,85,-2,2
16545,135,128,7,7
16546,52,47,5,5
16547,79,80,-1,1
16548,50,58,-8,8
16549,152,141,11,11
16550,80,67,13,13
16551,83,89,-6,6
16552,163,162,1,1
16553,75,82,-7,7
16554,72,71,1,1
16555,93,86,7,7
16556,118,107,11,11
16557,84,83,1,1
16558,72,73,-1,1
16559,75,72,3,3
16560,79,77,2,2
16561,84,84,0,0
16562,88,85,3,3
16563,99,92,7,7
16564,59,71,-12,12
16565,112,114,-2,2
16566,128,113,15,15
16567,115,88,27,27
16568,101,111,-10,10
16569,60,54,6,6
16570,80,86,-6,6
16571,134,136,-2,2
16572,72,85,-13,13
16573,160,145,15,15
16574,123,122,1,1
16575,111,105,6,6
16576,61,61,0,0
16577,68,67,1,1
16578,131,139,-8,8
16579,135,125,10,10
16580,217,229,-12,12
16581,56,60,-4,4
16582,86,90,-4,4
16583,104,109,-5,5
16584,87,90,-3,3
16585,76,73,3,3
16586,137,129,8,8
16587,86,86,0,0
16588,53,48,5,5
16589,82,84,-2,2
16590,52,50,2,2
16591,85,84,1,1
16592,110,106,4,4
16593,58,59,-1,1
16594,103,103,0,0
16595,40,45,-5,5
16596,70,73,-3,3
16597,50,46,4,4
16598,69,68,1,1
16599,108,109,-1,1
16600,82,69,13,13
16601,138,134,4,4
16602,103,99,4,4
16603,119,114,5,5
16604,111,102,9,9
16605,154,148,6,6
16606,131,130,1,1
16607,67,66,1,1
16608,76,75,1,1
16609,104,111,-7,7
16610,134,124,10,10
16611,41,52,-11,11
16612,54,50,4,4
16613,116,112,4,4
16614,58,55,3,3
16615,74,81,-7,7
16616,101,101,0,0
16617,62,71,-9,9
16618,141,137,4,4
16619,93,85,8,8
16620,98,93,5,5
16621,88,89,-1,1
16622,33,35,-2,2
16623,115,125,-10,10
16624,86,78,8,8
16625,156,151,5,5
16626,66,58,8,8
16627,93,87,6,6
16628,61,54,7,7
16629,128,123,5,5
16630,161,152,9,9
16631,51,57,-6,6
16632,59,75,-16,16
16633,97,94,3,3
16634,157,146,11,11
16635,91,105,-14,14
16636,67,64,3,3
16637,90,90,0,0
16638,82,81,1,1
16639,104,103,1,1
16640,96,90,6,6
16641,122,123,-1,1
16642,86,80,6,6
16643,126,128,-2,2
16644,87,87,0,0
16645,77,80,-3,3
16646,117,114,3,3
16647,144,138,6,6
16648,86,71,15,15
16649,61,57,4,4
16650,79,94,-15,15
16651,96,91,5,5
16652,89,93,-4,4
16653,89,91,-2,2
16654,110,109,1,1
16655,87,77,10,10
16656,39,48,-9,9
16657,98,94,4,4
16658,151,143,8,8
16659,89,88,1,1
16660,67,71,-4,4
16661,71,61,10,10
16662,119,114,5,5
16663,86,82,4,4
16664,147,138,9,9
16665,51,41,10,10
16666,83,85,-2,2
16667,83,81,2,2
16668,54,54,0,0
16669,138,118,20,20
16670,64,64,0,0
16671,80,78,2,2
16672,58,68,-10,10
16673,92,87,5,5
16674,56,70,-14,14
16675,114,124,-10,10
16676,58,57,1,1
16677,51,50,1,1
16678,111,105,6,6
16679,66,74,-8,8
16680,64,66,-2,2
16681,99,103,-4,4
16682,73,65,8,8
16683,110,96,14,14
16684,99,113,-14,14
16685,92,84,8,8
16686,57,54,3,3
16687,138,134,4,4
16688,156,155,1,1
16689,113,110,3,3
16690,37,45,-8,8
16691,119,115,4,4
16692,109,112,-3,3
16693,137,134,3,3
16694,187,151,36,36
16695,77,83,-6,6
16696,78,72,6,6
16697,89,89,0,0
16698,144,144,0,0
16699,111,105,6,6
16700,46,53,-7,7
16701,119,117,2,2
16702,89,75,14,14
16703,85,56,29,29
16704,155,144,11,11
16705,164,172,-8,8
16706,176,169,7,7
16707,61,68,-7,7
16708,143,149,-6,6
16709,66,56,10,10
16710,138,125,13,13
16711,107,102,5,5
16712,80,77,3,3
16713,95,90,5,5
16714,94,102,-8,8
16715,90,85,5,5
16716,65,61,4,4
16717,75,74,1,1
16718,54,55,-1,1
16719,84,82,2,2
16720,129,121,8,8
16721,142,125,17,17
16722,96,102,-6,6
16723,112,108,4,4
16724,93,78,15,15
16725,57,60,-3,3
16726,36,50,-14,14
16727,46,53,-7,7
16728,94,99,-5,5
16729,57,54,3,3
16730,106,110,-4,4
16731,130,133,-3,3
16732,62,59,3,3
16733,89,91,-2,2
16734,137,132,5,5
16735,107,116,-9,9
16736,58,55,3,3
16737,73,66,7,7
16738,86,87,-1,1
16739,103,93,10,10
16740,121,118,3,3
16741,66,58,8,8
16742,87,86,1,1
16743,59,53,6,6
16744,109,98,11,11
16745,79,84,-5,5
16746,68,68,0,0
16747,66,64,2,2
16748,72,76,-4,4
16749,100,105,-5,5
16750,102,104,-2,2
16751,55,58,-3,3
16752,98,85,13,13
16753,107,102,5,5
16754,77,56,21,21
16755,76,84,-8,8
16756,65,59,6,6
16757,134,119,15,15
16758,39,52,-13,13
16759,123,125,-2,2
16760,64,57,7,7
16761,105,98,7,7
16762,66,65,1,1
16763,203,196,7,7
16764,144,121,23,23
16765,75,79,-4,4
16766,106,97,9,9
16767,104,99,5,5
16768,73,78,-5,5
16769,83,70,13,13
16770,81,93,-12,12
16771,83,80,3,3
16772,100,107,-7,7
16773,103,95,8,8
16774,76,73,3,3
16775,66,73,-7,7
16776,72,74,-2,2
16777,87,99,-12,12
16778,81,72,9,9
16779,109,106,3,3
16780,103,88,15,15
16781,112,125,-13,13
16782,170,162,8,8
16783,89,88,1,1
16784,73,79,-6,6
16785,59,63,-4,4
16786,135,139,-4,4
16787,61,59,2,2
16788,78,75,3,3
16789,125,120,5,5
16790,64,82,-18,18
16791,54,55,-1,1
16792,119,112,7,7
16793,92,98,-6,6
16794,117,114,3,3
16795,88,80,8,8
16796,99,92,7,7
16797,48,46,2,2
16798,123,111,12,12
16799,113,118,-5,5
16800,98,94,4,4
16801,66,61,5,5
16802,82,74,8,8
16803,38,38,0,0
16804,86,85,1,1
16805,135,142,-7,7
16806,140,133,7,7
16807,73,65,8,8
16808,95,92,3,3
16809,40,47,-7,7
16810,67,82,-15,15
16811,160,153,7,7
16812,121,120,1,1
16813,104,85,19,19
16814,98,94,4,4
16815,125,118,7,7
16816,119,101,18,18
16817,109,115,-6,6
16818,73,77,-4,4
16819,212,181,31,31
16820,81,70,11,11
16821,104,92,12,12
16822,44,52,-8,8
16823,82,62,20,20
16824,181,156,25,25
16825,50,48,2,2
16826,90,100,-10,10
16827,87,77,10,10
16828,76,85,-9,9
16829,211,200,11,11
16830,104,96,8,8
16831,114,109,5,5
16832,143,146,-3,3
16833,142,138,4,4
16834,153,167,-14,14
16835,60,61,-1,1
16836,60,66,-6,6
16837,111,93,18,18
16838,143,150,-7,7
16839,76,72,4,4
16840,73,67,6,6
16841,76,62,14,14
16842,75,67,8,8
16843,58,57,1,1
16844,57,56,1,1
16845,112,105,7,7
16846,151,136,15,15
16847,51,41,10,10
16848,64,67,-3,3
16849,80,77,3,3
16850,89,88,1,1
16851,155,150,5,5
16852,97,93,4,4
16853,82,82,0,0
16854,122,110,12,12
16855,110,111,-1,1
16856,91,82,9,9
16857,27,61,-34,34
16858,55,52,3,3
16859,107,100,7,7
16860,61,58,3,3
16861,67,72,-5,5
16862,111,119,-8,8
16863,95,96,-1,1
16864,129,133,-4,4
16865,165,178,-13,13
16866,139,130,9,9
16867,97,133,-36,36
16868,88,90,-2,2
16869,64,69,-5,5
16870,83,79,4,4
16871,118,113,5,5
16872,81,77,4,4
16873,78,70,8,8
16874,164,163,1,1
16875,60,47,13,13
16876,23,41,-18,18
16877,60,59,1,1
16878,58,63,-5,5
16879,102,100,2,2
16880,100,95,5,5
16881,103,105,-2,2
16882,98,84,14,14
16883,136,135,1,1
16884,110,106,4,4
16885,95,87,8,8
16886,113,110,3,3
16887,143,165,-22,22
16888,141,140,1,1
16889,117,107,10,10
16890,63,65,-2,2
16891,83,66,17,17
16892,52,54,-2,2
16893,95,110,-15,15
16894,85,90,-5,5
16895,75,77,-2,2
16896,137,132,5,5
16897,81,79,2,2
16898,55,53,2,2
16899,128,103,25,25
16900,135,129,6,6
16901,107,100,7,7
16902,68,69,-1,1
16903,95,96,-1,1
16904,131,127,4,4
16905,106,96,10,10
16906,84,96,-12,12
16907,120,124,-4,4
16908,69,66,3,3
16909,93,102,-9,9
16910,100,97,3,3
16911,152,145,7,7
16912,139,148,-9,9
16913,109,104,5,5
16914,122,119,3,3
16915,70,64,6,6
16916,89,82,7,7
16917,81,68,13,13
16918,59,58,1,1
16919,74,77,-3,3
16920,121,105,16,16
16921,88,76,12,12
16922,72,91,-19,19
16923,107,106,1,1
16924,47,62,-15,15
16925,105,102,3,3
16926,61,65,-4,4
16927,116,110,6,6
16928,110,97,13,13
16929,63,57,6,6
16930,121,112,9,9
16931,52,52,0,0
16932,92,80,12,12
16933,102,119,-17,17
16934,86,85,1,1
16935,171,190,-19,19
16936,97,96,1,1
16937,105,94,11,11
16938,127,99,28,28
16939,84,84,0,0
16940,99,91,8,8
16941,65,67,-2,2
16942,86,68,18,18
16943,107,96,11,11
16944,84,78,6,6
16945,136,127,9,9
16946,82,74,8,8
16947,52,53,-1,1
16948,103,120,-17,17
16949,102,100,2,2
16950,126,116,10,10
16951,185,175,10,10
16952,143,135,8,8
16953,48,52,-4,4
16954,142,111,31,31
16955,58,66,-8,8
16956,164,167,-3,3
16957,95,95,0,0
16958,191,190,1,1
16959,115,116,-1,1
16960,58,65,-7,7
16961,121,113,8,8
16962,101,96,5,5
16963,79,78,1,1
16964,84,89,-5,5
16965,69,61,8,8
16966,153,158,-5,5
16967,67,64,3,3
16968,69,80,-11,11
16969,71,72,-1,1
16970,94,97,-3,3
16971,110,106,4,4
16972,105,104,1,1
16973,88,95,-7,7
16974,93,92,1,1
16975,70,66,4,4
16976,65,67,-2,2
16977,62,62,0,0
16978,120,120,0,0
16979,55,58,-3,3
16980,73,74,-1,1
16981,102,86,16,16
16982,71,69,2,2
16983,111,125,-14,14
16984,156,155,1,1
16985,89,95,-6,6
16986,67,63,4,4
16987,71,72,-1,1
16988,71,66,5,5
16989,108,107,1,1
16990,72,71,1,1
16991,80,70,10,10
16992,104,81,23,23
16993,111,108,3,3
16994,58,55,3,3
16995,68,61,7,7
16996,92,94,-2,2
16997,161,156,5,5
16998,107,92,15,15
16999,66,77,-11,11
17000,76,80,-4,4
17001,105,105,0,0
17002,140,127,13,13
17003,77,73,4,4
17004,70,76,-6,6
17005,133,129,4,4
17006,50,59,-9,9
17007,66,64,2,2
17008,60,73,-13,13
17009,72,77,-5,5
17010,123,123,0,0
17011,88,84,4,4
17012,110,95,15,15
17013,94,85,9,9
17014,88,81,7,7
17015,82,72,10,10
17016,107,121,-14,14
17017,69,69,0,0
17018,85,83,2,2
17019,81,83,-2,2
17020,57,64,-7,7
17021,124,115,9,9
17022,126,129,-3,3
17023,59,53,6,6
17024,78,77,1,1
17025,112,111,1,1
17026,87,97,-10,10
17027,101,98,3,3
17028,101,98,3,3
17029,150,146,4,4
17030,135,121,14,14
17031,146,136,10,10
17032,61,56,5,5
17033,103,98,5,5
17034,134,127,7,7
17035,68,72,-4,4
17036,84,76,8,8
17037,59,59,0,0
17038,115,113,2,2
17039,98,77,21,21
17040,118,115,3,3
17041,97,93,4,4
17042,94,103,-9,9
17043,143,138,5,5
17044,119,116,3,3
17045,82,89,-7,7
17046,86,90,-4,4
17047,79,80,-1,1
17048,178,191,-13,13
17049,151,133,18,18
17050,133,124,9,9
17051,71,79,-8,8
17052,56,62,-6,6
17053,61,61,0,0
17054,69,70,-1,1
17055,95,101,-6,6
17056,98,91,7,7
17057,88,86,2,2
17058,86,90,-4,4
17059,79,75,4,4
17060,77,67,10,10
17061,88,101,-13,13
17062,110,106,4,4
17063,138,139,-1,1
17064,98,105,-7,7
17065,99,86,13,13
17066,73,68,5,5
17067,143,139,4,4
17068,44,47,-3,3
17069,136,130,6,6
17070,150,138,12,12
17071,125,131,-6,6
17072,134,129,5,5
17073,93,97,-4,4
17074,107,103,4,4
17075,38,50,-12,12
17076,133,146,-13,13
17077,151,150,1,1
17078,104,108,-4,4
17079,83,76,7,7
17080,124,98,26,26
17081,161,160,1,1
17082,72,63,9,9
17083,77,85,-8,8
17084,111,113,-2,2
17085,107,94,13,13
17086,107,114,-7,7
17087,98,105,-7,7
17088,168,167,1,1
17089,100,93,7,7
17090,70,70,0,0
17091,68,58,10,10
17092,74,61,13,13
17093,129,130,-1,1
17094,121,113,8,8
17095,69,64,5,5
17096,121,120,1,1
17097,103,103,0,0
17098,187,181,6,6
17099,61,54,7,7
17100,81,76,5,5
17101,117,129,-12,12
17102,46,43,3,3
17103,77,79,-2,2
17104,85,90,-5,5
17105,47,48,-1,1
17106,81,72,9,9
17107,99,86,13,13
17108,152,162,-10,10
17109,58,65,-7,7
17110,45,59,-14,14
17111,87,81,6,6
17112,100,78,22,22
17113,41,47,-6,6
17114,184,158,26,26
17115,72,72,0,0
17116,38,44,-6,6
17117,79,97,-18,18
17118,98,82,16,16
17119,71,65,6,6
17120,62,59,3,3
17121,90,78,12,12
17122,97,80,17,17
17123,52,50,2,2
17124,74,71,3,3
17125,154,147,7,7
17126,99,93,6,6
17127,44,43,1,1
17128,85,84,1,1
17129,128,110,18,18
17130,128,113,15,15
17131,78,87,-9,9
17132,62,57,5,5
17133,112,121,-9,9
17134,63,67,-4,4
17135,88,85,3,3
17136,51,48,3,3
17137,129,129,0,0
17138,65,64,1,1
17139,56,62,-6,6
17140,102,96,6,6
17141,87,78,9,9
17142,129,122,7,7
17143,61,63,-2,2
17144,79,79,0,0
17145,57,63,-6,6
17146,171,153,18,18
17147,90,90,0,0
17148,96,93,3,3
17149,91,86,5,5
17150,47,51,-4,4
17151,87,100,-13,13
17152,86,95,-9,9
17153,133,139,-6,6
17154,133,135,-2,2
17155,89,96,-7,7
17156,64,54,10,10
17157,54,55,-1,1
17158,99,100,-1,1
17159,91,87,4,4
17160,76,81,-5,5
17161,75,69,6,6
17162,72,69,3,3
17163,107,103,4,4
17164,39,38,1,1
17165,99,100,-1,1
17166,121,114,7,7
17167,89,83,6,6
17168,132,129,3,3
17169,108,109,-1,1
17170,84,73,11,11
17171,104,101,3,3
17172,68,68,0,0
17173,55,56,-1,1
17174,74,61,13,13
17175,85,79,6,6
17176,63,55,8,8
17177,77,74,3,3
17178,103,106,-3,3
17179,66,63,3,3
17180,77,67,10,10
17181,112,105,7,7
17182,127,138,-11,11
17183,100,99,1,1
17184,59,60,-1,1
17185,111,98,13,13
17186,29,47,-18,18
17187,77,77,0,0
17188,98,92,6,6
17189,108,105,3,3
17190,196,191,5,5
17191,79,76,3,3
17192,150,148,2,2
17193,99,97,2,2
17194,73,72,1,1
17195,75,64,11,11
17196,62,68,-6,6
17197,77,81,-4,4
17198,100,87,13,13
17199,139,132,7,7
17200,80,76,4,4
17201,151,117,34,34
17202,125,122,3,3
17203,70,75,-5,5
17204,141,133,8,8
17205,76,84,-8,8
17206,74,84,-10,10
17207,108,96,12,12
17208,146,126,20,20
17209,65,61,4,4
17210,92,97,-5,5
17211,98,93,5,5
17212,112,126,-14,14
17213,155,142,13,13
17214,109,105,4,4
17215,127,122,5,5
17216,40,53,-13,13
17217,106,118,-12,12
17218,106,115,-9,9
17219,68,71,-3,3
17220,73,74,-1,1
17221,69,69,0,0
17222,93,88,5,5
17223,95,86,9,9
17224,99,99,0,0
17225,108,96,12,12
17226,77,89,-12,12
17227,76,73,3,3
17228,102,104,-2,2
17229,117,116,1,1
17230,88,82,6,6
17231,82,78,4,4
17232,99,95,4,4
17233,147,132,15,15
17234,66,60,6,6
17235,79,67,12,12
17236,62,72,-10,10
17237,175,177,-2,2
17238,101,98,3,3
17239,64,65,-1,1
17240,74,73,1,1
17241,72,87,-15,15
17242,64,60,4,4
17243,73,69,4,4
17244,48,56,-8,8
17245,186,180,6,6
17246,100,124,-24,24
17247,120,114,6,6
17248,53,59,-6,6
17249,120,97,23,23
17250,98,95,3,3
17251,34,33,1,1
17252,97,107,-10,10
17253,118,107,11,11
17254,128,115,13,13
17255,90,79,11,11
17256,63,61,2,2
17257,160,144,16,16
17258,177,151,26,26
17259,185,180,5,5
17260,104,109,-5,5
17261,68,71,-3,3
17262,119,127,-8,8
17263,110,98,12,12
17264,67,60,7,7
17265,56,58,-2,2
17266,160,154,6,6
17267,103,124,-21,21
17268,68,64,4,4
17269,112,112,0,0
17270,75,65,10,10
17271,101,103,-2,2
17272,89,110,-21,21
17273,57,62,-5,5
17274,65,61,4,4
17275,95,104,-9,9
17276,93,97,-4,4
17277,100,93,7,7
17278,127,135,-8,8
17279,105,86,19,19
17280,58,46,12,12
17281,70,73,-3,3
17282,146,149,-3,3
17283,90,90,0,0
17284,75,74,1,1
17285,92,91,1,1
17286,122,118,4,4
17287,77,73,4,4
17288,50,58,-8,8
17289,69,71,-2,2
17290,36,47,-11,11
17291,97,88,9,9
17292,81,88,-7,7
17293,127,140,-13,13
17294,142,139,3,3
17295,98,105,-7,7
17296,91,77,14,14
17297,84,85,-1,1
17298,94,76,18,18
17299,71,80,-9,9
17300,87,73,14,14
17301,109,105,4,4
17302,58,46,12,12
17303,63,62,1,1
17304,65,65,0,0
17305,45,49,-4,4
17306,87,70,17,17
17307,64,70,-6,6
17308,82,78,4,4
17309,156,151,5,5
17310,138,105,33,33
17311,76,79,-3,3
17312,134,130,4,4
17313,115,118,-3,3
17314,92,92,0,0
17315,126,126,0,0
17316,103,100,3,3
17317,56,62,-6,6
17318,125,143,-18,18
17319,108,90,18,18
17320,69,67,2,2
17321,151,150,1,1
17322,88,87,1,1
17323,101,93,8,8
17324,165,167,-2,2
17325,151,137,14,14
17326,82,74,8,8
17327,65,57,8,8
17328,93,94,-1,1
17329,102,100,2,2
17330,71,71,0,0
17331,66,70,-4,4
17332,101,104,-3,3
17333,109,99,10,10
17334,67,62,5,5
17335,150,145,5,5
17336,71,52,19,19
17337,93,96,-3,3
17338,106,108,-2,2
17339,127,122,5,5
17340,167,162,5,5
17341,67,71,-4,4
17342,137,135,2,2
17343,90,83,7,7
17344,48,55,-7,7
17345,79,67,12,12
17346,72,74,-2,2
17347,139,139,0,0
17348,81,76,5,5
17349,124,128,-4,4
17350,114,105,9,9
17351,75,77,-2,2
17352,73,69,4,4
17353,90,73,17,17
17354,156,154,2,2
17355,107,108,-1,1
17356,88,87,1,1
17357,135,142,-7,7
17358,120,104,16,16
17359,55,68,-13,13
17360,58,67,-9,9
17361,104,110,-6,6
17362,53,42,11,11
17363,65,64,1,1
17364,71,71,0,0
17365,36,51,-15,15
17366,135,126,9,9
17367,159,158,1,1
17368,118,110,8,8
17369,93,87,6,6
17370,91,89,2,2
17371,66,68,-2,2
17372,68,53,15,15
17373,81,75,6,6
17374,138,145,-7,7
17375,68,67,1,1
17376,128,134,-6,6
17377,97,108,-11,11
17378,83,85,-2,2
17379,194,175,19,19
17380,63,63,0,0
17381,68,65,3,3
17382,68,65,3,3
17383,89,94,-5,5
17384,103,92,11,11
17385,113,111,2,2
17386,95,89,6,6
17387,93,83,10,10
17388,68,72,-4,4
17389,57,49,8,8
17390,58,61,-3,3
17391,174,161,13,13
17392,71,65,6,6
17393,106,107,-1,1
17394,63,65,-2,2
17395,63,54,9,9
17396,126,111,15,15
17397,104,91,13,13
17398,83,83,0,0
17399,80,82,-2,2
17400,175,170,5,5
17401,77,90,-13,13
17402,146,139,7,7
17403,78,74,4,4
17404,114,102,12,12
17405,86,100,-14,14
17406,149,159,-10,10
17407,170,166,4,4
17408,121,112,9,9
17409,61,57,4,4
17410,64,50,14,14
17411,67,59,8,8
17412,99,104,-5,5
17413,185,172,13,13
17414,56,65,-9,9
17415,99,93,6,6
17416,75,81,-6,6
17417,85,78,7,7
17418,92,82,10,10
17419,91,82,9,9
17420,80,81,-1,1
17421,56,68,-12,12
17422,80,67,13,13
17423,135,122,13,13
17424,98,118,-20,20
17425,150,153,-3,3
17426,53,63,-10,10
17427,106,103,3,3
17428,74,74,0,0
17429,196,162,34,34
17430,88,83,5,5
17431,47,44,3,3
17432,101,99,2,2
17433,110,106,4,4
17434,116,117,-1,1
17435,96,98,-2,2
17436,65,64,1,1
17437,55,54,1,1
17438,140,144,-4,4
17439,94,88,6,6
17440,89,80,9,9
17441,101,97,4,4
17442,80,72,8,8
17443,112,95,17,17
17444,106,105,1,1
17445,103,105,-2,2
17446,60,62,-2,2
17447,95,104,-9,9
17448,87,90,-3,3
17449,45,50,-5,5
17450,92,87,5,5
17451,108,95,13,13
17452,98,93,5,5
17453,62,63,-1,1
17454,107,109,-2,2
17455,74,64,10,10
17456,137,116,21,21
17457,75,68,7,7
17458,66,62,4,4
17459,100,86,14,14
17460,129,140,-11,11
17461,79,71,8,8
17462,111,103,8,8
17463,88,95,-7,7
17464,63,65,-2,2
17465,95,102,-7,7
17466,74,69,5,5
17467,108,104,4,4
17468,115,105,10,10
17469,96,93,3,3
17470,146,131,15,15
17471,178,171,7,7
17472,171,168,3,3
17473,171,161,10,10
17474,151,146,5,5
17475,90,91,-1,1
17476,94,75,19,19
17477,89,78,11,11
17478,71,64,7,7
17479,223,195,28,28
17480,66,61,5,5
17481,116,113,3,3
17482,69,69,0,0
17483,153,138,15,15
17484,48,58,-10,10
17485,83,92,-9,9
17486,177,165,12,12
17487,70,82,-12,12
17488,80,78,2,2
17489,77,77,0,0
17490,69,60,9,9
17491,81,75,6,6
17492,115,119,-4,4
17493,96,104,-8,8
17494,94,90,4,4
17495,46,52,-6,6
17496,88,102,-14,14
17497,90,79,11,11
17498,89,90,-1,1
17499,65,69,-4,4
17500,78,71,7,7
17501,76,73,3,3
17502,116,111,5,5
17503,127,121,6,6
17504,146,154,-8,8
17505,89,91,-2,2
17506,42,58,-16,16
17507,73,86,-13,13
17508,61,67,-6,6
17509,79,68,11,11
17510,105,103,2,2
17511,64,61,3,3
17512,115,115,0,0
17513,66,72,-6,6
17514,75,71,4,4
17515,82,80,2,2
17516,46,56,-10,10
17517,106,109,-3,3
17518,74,74,0,0
17519,58,63,-5,5
17520,89,88,1,1
17521,76,65,11,11
17522,90,80,10,10
17523,108,99,9,9
17524,89,95,-6,6
17525,75,74,1,1
17526,98,91,7,7
17527,87,76,11,11
17528,65,67,-2,2
17529,121,111,10,10
17530,63,64,-1,1
17531,139,144,-5,5
17532,80,76,4,4
17533,75,82,-7,7
17534,64,66,-2,2
17535,48,42,6,6
17536,115,107,8,8
17537,82,79,3,3
17538,120,115,5,5
17539,141,148,-7,7
17540,67,74,-7,7
17541,48,56,-8,8
17542,117,116,1,1
17543,173,179,-6,6
17544,74,78,-4,4
17545,53,51,2,2
17546,33,46,-13,13
17547,79,83,-4,4
17548,76,71,5,5
17549,119,109,10,10
17550,139,141,-2,2
17551,77,70,7,7
17552,115,124,-9,9
17553,67,75,-8,8
17554,105,91,14,14
17555,127,130,-3,3
17556,84,81,3,3
17557,106,108,-2,2
17558,79,86,-7,7
17559,96,97,-1,1
17560,82,72,10,10
17561,146,140,6,6
17562,98,100,-2,2
17563,116,135,-19,19
17564,42,47,-5,5
17565,82,78,4,4
17566,71,66,5,5
17567,103,92,11,11
17568,60,57,3,3
17569,86,80,6,6
17570,137,124,13,13
17571,105,91,14,14
17572,68,71,-3,3
17573,94,95,-1,1
17574,190,190,0,0
17575,61,56,5,5
17576,112,106,6,6
17577,72,64,8,8
17578,137,122,15,15
17579,85,84,1,1
17580,190,183,7,7
17581,145,151,-6,6
17582,100,103,-3,3
17583,143,130,13,13
17584,81,63,18,18
17585,58,62,-4,4
17586,79,82,-3,3
17587,119,113,6,6
17588,63,74,-11,11
17589,106,94,12,12
17590,111,100,11,11
17591,90,91,-1,1
17592,134,136,-2,2
17593,129,101,28,28
17594,67,63,4,4
17595,128,128,0,0
17596,43,42,1,1
17597,58,56,2,2
17598,123,129,-6,6
17599,63,63,0,0
17600,61,61,0,0
17601,74,59,15,15
17602,117,92,25,25
17603,132,111,21,21
17604,73,63,10,10
17605,127,130,-3,3
17606,170,168,2,2
17607,101,102,-1,1
17608,118,105,13,13
17609,73,67,6,6
17610,82,83,-1,1
17611,100,93,7,7
17612,62,64,-2,2
17613,80,74,6,6
17614,50,50,0,0
17615,68,71,-3,3
17616,163,158,5,5
17617,49,52,-3,3
17618,75,76,-1,1
17619,133,129,4,4
17620,115,120,-5,5
17621,102,104,-2,2
17622,74,76,-2,2
17623,161,147,14,14
17624,130,131,-1,1
17625,122,121,1,1
17626,109,104,5,5
17627,120,126,-6,6
17628,72,52,20,20
17629,90,88,2,2
17630,80,89,-9,9
17631,103,111,-8,8
17632,134,125,9,9
17633,93,84,9,9
17634,82,75,7,7
17635,184,164,20,20
17636,84,83,1,1
17637,62,62,0,0
17638,65,66,-1,1
17639,68,73,-5,5
17640,118,116,2,2
17641,81,82,-1,1
17642,116,118,-2,2
17643,116,116,0,0
17644,85,74,11,11
17645,55,58,-3,3
17646,91,95,-4,4
17647,79,79,0,0
17648,24,53,-29,29
17649,155,150,5,5
17650,97,93,4,4
17651,69,78,-9,9
17652,105,103,2,2
17653,158,170,-12,12
17654,129,129,0,0
17655,115,107,8,8
17656,92,99,-7,7
17657,82,85,-3,3
17658,100,105,-5,5
17659,66,61,5,5
17660,46,51,-5,5
17661,141,154,-13,13
17662,128,124,4,4
17663,101,76,25,25
17664,103,94,9,9
17665,75,76,-1,1
17666,125,122,3,3
17667,50,47,3,3
17668,67,60,7,7
17669,91,94,-3,3
17670,95,92,3,3
17671,133,129,4,4
17672,124,122,2,2
17673,59,51,8,8
17674,138,132,6,6
17675,132,131,1,1
17676,109,106,3,3
17677,72,73,-1,1
17678,84,85,-1,1
17679,107,108,-1,1
17680,73,80,-7,7
17681,76,70,6,6
17682,122,100,22,22
17683,107,115,-8,8
17684,38,34,4,4
17685,127,116,11,11
17686,82,78,4,4
17687,189,173,16,16
17688,115,114,1,1
17689,100,93,7,7
17690,70,66,4,4
17691,81,73,8,8
17692,150,165,-15,15
17693,94,87,7,7
17694,88,83,5,5
17695,81,81,0,0
17696,148,147,1,1
17697,75,82,-7,7
17698,90,86,4,4
17699,124,120,4,4
17700,46,49,-3,3
17701,103,108,-5,5
17702,101,99,2,2
17703,93,92,1,1
17704,105,107,-2,2
17705,91,89,2,2
17706,138,134,4,4
17707,85,83,2,2
17708,102,100,2,2
17709,72,86,-14,14
17710,81,78,3,3
17711,118,114,4,4
17712,114,122,-8,8
17713,118,114,4,4
17714,79,77,2,2
17715,149,133,16,16
17716,74,73,1,1
17717,46,46,0,0
17718,76,76,0,0
17719,80,79,1,1
17720,124,136,-12,12
17721,126,138,-12,12
17722,57,48,9,9
17723,91,103,-12,12
17724,206,184,22,22
17725,122,109,13,13
17726,89,89,0,0
17727,108,112,-4,4
17728,170,158,12,12
17729,89,86,3,3
17730,90,83,7,7
17731,85,80,5,5
17732,80,65,15,15
17733,105,84,21,21
17734,84,68,16,16
17735,97,95,2,2
17736,60,60,0,0
17737,39,48,-9,9
17738,103,92,11,11
17739,122,122,0,0
17740,105,106,-1,1
17741,72,82,-10,10
17742,72,74,-2,2
17743,126,123,3,3
17744,113,102,11,11
17745,88,86,2,2
17746,121,116,5,5
17747,88,90,-2,2
17748,72,70,2,2
17749,65,67,-2,2
17750,74,72,2,2
17751,112,118,-6,6
17752,53,47,6,6
17753,138,135,3,3
17754,108,108,0,0
17755,65,60,5,5
17756,72,76,-4,4
17757,122,113,9,9
17758,48,62,-14,14
17759,93,88,5,5
17760,124,120,4,4
17761,92,83,9,9
17762,66,63,3,3
17763,69,58,11,11
17764,144,153,-9,9
17765,103,109,-6,6
17766,96,92,4,4
17767,107,102,5,5
17768,129,131,-2,2
17769,60,55,5,5
17770,72,67,5,5
17771,53,53,0,0
17772,117,97,20,20
17773,109,116,-7,7
17774,73,66,7,7
17775,121,114,7,7
17776,193,182,11,11
17777,69,72,-3,3
17778,80,62,18,18
17779,135,120,15,15
17780,47,51,-4,4
17781,75,65,10,10
17782,135,134,1,1
17783,97,94,3,3
17784,76,72,4,4
17785,108,101,7,7
17786,110,113,-3,3
17787,87,91,-4,4
17788,59,59,0,0
17789,163,161,2,2
17790,80,78,2,2
17791,169,150,19,19
17792,91,95,-4,4
17793,122,122,0,0
17794,97,86,11,11
17795,63,65,-2,2
17796,139,139,0,0
17797,76,70,6,6
17798,80,77,3,3
17799,79,72,7,7
17800,112,116,-4,4
17801,94,84,10,10
17802,103,116,-13,13
17803,53,56,-3,3
17804,70,71,-1,1
17805,156,156,0,0
17806,29,55,-26,26
17807,128,131,-3,3
17808,125,125,0,0
17809,126,94,32,32
17810,50,50,0,0
17811,152,154,-2,2
17812,195,174,21,21
17813,76,81,-5,5
17814,87,96,-9,9
17815,80,71,9,9
17816,66,67,-1,1
17817,72,72,0,0
17818,104,109,-5,5
17819,67,62,5,5
17820,109,113,-4,4
17821,146,139,7,7
17822,59,81,-22,22
17823,78,73,5,5
17824,73,69,4,4
17825,139,134,5,5
17826,103,97,6,6
17827,112,125,-13,13
17828,99,84,15,15
17829,68,73,-5,5
17830,53,44,9,9
17831,152,129,23,23
17832,55,55,0,0
17833,96,107,-11,11
17834,78,73,5,5
17835,69,92,-23,23
17836,54,48,6,6
17837,118,122,-4,4
17838,120,105,15,15
17839,45,84,-39,39
17840,94,89,5,5
17841,141,139,2,2
17842,81,85,-4,4
17843,85,80,5,5
17844,100,100,0,0
17845,104,104,0,0
17846,189,166,23,23
17847,79,76,3,3
17848,98,96,2,2
17849,53,57,-4,4
17850,139,133,6,6
17851,96,102,-6,6
17852,75,70,5,5
17853,74,78,-4,4
17854,142,144,-2,2
17855,135,154,-19,19
17856,40,49,-9,9
17857,176,159,17,17
17858,55,55,0,0
17859,70,76,-6,6
17860,71,70,1,1
17861,55,67,-12,12
17862,168,168,0,0
17863,146,140,6,6
17864,111,114,-3,3
17865,117,90,27,27
17866,64,67,-3,3
17867,106,96,10,10
17868,110,96,14,14
17869,79,78,1,1
17870,95,89,6,6
17871,121,116,5,5
17872,129,132,-3,3
17873,98,83,15,15
17874,60,59,1,1
17875,53,52,1,1
17876,121,110,11,11
17877,112,136,-24,24
17878,54,57,-3,3
17879,76,75,1,1
17880,126,138,-12,12
17881,131,124,7,7
17882,45,56,-11,11
17883,135,130,5,5
17884,95,85,10,10
17885,80,70,10,10
17886,96,102,-6,6
17887,143,137,6,6
17888,59,58,1,1
17889,140,144,-4,4
17890,73,68,5,5
17891,109,111,-2,2
17892,116,124,-8,8
17893,42,46,-4,4
17894,44,46,-2,2
17895,151,149,2,2
17896,109,117,-8,8
17897,106,93,13,13
17898,131,103,28,28
17899,139,133,6,6
17900,77,77,0,0
17901,127,124,3,3
17902,79,94,-15,15
17903,140,133,7,7
17904,63,59,4,4
17905,121,127,-6,6
17906,65,61,4,4
17907,146,147,-1,1
17908,110,101,9,9
17909,101,108,-7,7
17910,35,40,-5,5
17911,105,100,5,5
17912,154,161,-7,7
17913,72,65,7,7
17914,98,97,1,1
17915,126,133,-7,7
17916,142,134,8,8
17917,98,112,-14,14
17918,82,86,-4,4
17919,86,88,-2,2
17920,79,70,9,9
17921,111,97,14,14
17922,74,73,1,1
17923,58,54,4,4
17924,48,53,-5,5
17925,74,70,4,4
17926,123,122,1,1
17927,40,54,-14,14
17928,80,67,13,13
17929,63,68,-5,5
17930,115,106,9,9
17931,107,107,0,0
17932,80,77,3,3
17933,85,80,5,5
17934,166,155,11,11
17935,71,80,-9,9
17936,56,63,-7,7
17937,48,50,-2,2
17938,96,87,9,9
17939,54,55,-1,1
17940,124,127,-3,3
17941,92,91,1,1
17942,51,52,-1,1
17943,62,63,-1,1
17944,89,78,11,11
17945,141,129,12,12
17946,87,68,19,19
17947,75,88,-13,13
17948,81,74,7,7
17949,65,84,-19,19
17950,90,81,9,9
17951,85,77,8,8
17952,71,77,-6,6
17953,61,62,-1,1
17954,104,92,12,12
17955,98,101,-3,3
17956,68,76,-8,8
17957,77,74,3,3
17958,90,85,5,5
17959,71,83,-12,12
17960,59,74,-15,15
17961,109,97,12,12
17962,105,107,-2,2
17963,175,167,8,8
17964,83,90,-7,7
17965,139,130,9,9
17966,68,63,5,5
17967,88,89,-1,1
17968,75,66,9,9
17969,104,109,-5,5
17970,126,100,26,26
17971,91,86,5,5
17972,94,96,-2,2
17973,89,91,-2,2
17974,41,47,-6,6
17975,91,105,-14,14
17976,81,88,-7,7
17977,72,67,5,5
17978,146,136,10,10
17979,80,78,2,2
17980,141,108,33,33
17981,104,89,15,15
17982,111,93,18,18
17983,115,106,9,9
17984,67,57,10,10
17985,132,123,9,9
17986,118,123,-5,5
17987,79,75,4,4
17988,67,76,-9,9
17989,158,138,20,20
17990,90,77,13,13
17991,78,73,5,5
17992,52,50,2,2
17993,67,63,4,4
17994,57,77,-20,20
17995,93,95,-2,2
17996,73,63,10,10
17997,100,102,-2,2
17998,150,136,14,14
17999,68,62,6,6
18000,74,75,-1,1
18001,100,97,3,3
18002,92,99,-7,7
18003,101,110,-9,9
18004,96,83,13,13
18005,161,153,8,8
18006,71,69,2,2
18007,97,94,3,3
18008,62,69,-7,7
18009,70,74,-4,4
18010,106,97,9,9
18011,67,65,2,2
18012,56,64,-8,8
18013,75,61,14,14
18014,47,50,-3,3
18015,78,75,3,3
18016,62,56,6,6
18017,68,73,-5,5
18018,106,103,3,3
18019,125,102,23,23
18020,84,77,7,7
18021,107,103,4,4
18022,63,57,6,6
18023,76,86,-10,10
18024,98,86,12,12
18025,139,111,28,28
18026,94,96,-2,2
18027,142,147,-5,5
18028,121,121,0,0
18029,79,77,2,2
18030,123,129,-6,6
18031,82,80,2,2
18032,174,171,3,3
18033,116,108,8,8
18034,51,61,-10,10
18035,157,140,17,17
18036,57,56,1,1
18037,71,54,17,17
18038,30,30,0,0
18039,102,100,2,2
18040,140,124,16,16
18041,156,156,0,0
18042,44,46,-2,2
18043,157,147,10,10
18044,91,95,-4,4
18045,111,117,-6,6
18046,107,140,-33,33
18047,83,83,0,0
18048,83,74,9,9
18049,103,93,10,10
18050,84,76,8,8
18051,79,76,3,3
18052,119,100,19,19
18053,66,75,-9,9
18054,34,36,-2,2
18055,134,124,10,10
18056,108,108,0,0
18057,60,71,-11,11
18058,33,38,-5,5
18059,105,111,-6,6
18060,71,72,-1,1
18061,92,93,-1,1
18062,62,52,10,10
18063,54,58,-4,4
18064,85,88,-3,3
18065,154,138,16,16
18066,109,99,10,10
18067,120,139,-19,19
18068,55,50,5,5
18069,102,120,-18,18
18070,58,52,6,6
18071,34,39,-5,5
18072,91,89,2,2
18073,110,98,12,12
18074,117,108,9,9
18075,102,127,-25,25
18076,95,89,6,6
18077,38,48,-10,10
18078,88,76,12,12
18079,107,89,18,18
18080,113,114,-1,1
18081,58,56,2,2
18082,56,60,-4,4
18083,68,68,0,0
18084,59,58,1,1
18085,169,175,-6,6
18086,70,59,11,11
18087,117,103,14,14
18088,84,85,-1,1
18089,150,156,-6,6
18090,123,130,-7,7
18091,72,71,1,1
18092,108,108,0,0
18093,87,89,-2,2
18094,123,151,-28,28
18095,79,78,1,1
18096,112,131,-19,19
18097,77,67,10,10
18098,123,122,1,1
18099,109,114,-5,5
18100,82,69,13,13
18101,57,60,-3,3
18102,120,110,10,10
18103,117,120,-3,3
18104,53,52,1,1
18105,72,77,-5,5
18106,90,85,5,5
18107,92,108,-16,16
18108,88,79,9,9
18109,55,70,-15,15
18110,62,53,9,9
18111,108,108,0,0
18112,85,77,8,8
18113,66,77,-11,11
18114,165,173,-8,8
18115,124,125,-1,1
18116,75,82,-7,7
18117,54,53,1,1
18118,141,140,1,1
18119,67,64,3,3
18120,94,97,-3,3
18121,102,107,-5,5
18122,119,123,-4,4
18123,53,58,-5,5
18124,122,138,-16,16
18125,60,62,-2,2
18126,88,91,-3,3
18127,101,104,-3,3
18128,64,57,7,7
18129,48,59,-11,11
18130,75,63,12,12
18131,53,69,-16,16
18132,123,97,26,26
18133,90,98,-8,8
18134,137,147,-10,10
18135,95,96,-1,1
18136,88,106,-18,18
18137,106,128,-22,22
18138,155,143,12,12
18139,75,79,-4,4
18140,62,64,-2,2
18141,91,74,17,17
18142,58,66,-8,8
18143,51,62,-11,11
18144,120,125,-5,5
18145,94,100,-6,6
18146,112,110,2,2
18147,84,95,-11,11
18148,67,66,1,1
18149,83,80,3,3
18150,162,154,8,8
18151,122,130,-8,8
18152,36,39,-3,3
18153,127,121,6,6
18154,75,90,-15,15
18155,119,103,16,16
18156,147,136,11,11
18157,105,98,7,7
18158,55,64,-9,9
18159,90,85,5,5
18160,57,56,1,1
18161,100,95,5,5
18162,63,58,5,5
18163,58,60,-2,2
18164,140,149,-9,9
18165,107,104,3,3
18166,71,78,-7,7
18167,145,147,-2,2
18168,64,67,-3,3
18169,94,74,20,20
18170,71,69,2,2
18171,68,68,0,0
18172,109,103,6,6
18173,67,62,5,5
18174,81,77,4,4
18175,101,87,14,14
18176,135,131,4,4
18177,60,58,2,2
18178,154,143,11,11
18179,131,117,14,14
18180,97,91,6,6
18181,65,61,4,4
18182,132,126,6,6
18183,95,98,-3,3
18184,97,88,9,9
18185,122,115,7,7
18186,80,105,-25,25
18187,89,82,7,7
18188,97,79,18,18
18189,106,96,10,10
18190,101,102,-1,1
18191,116,130,-14,14
18192,70,85,-15,15
18193,44,48,-4,4
18194,149,145,4,4
18195,95,98,-3,3
18196,79,75,4,4
18197,114,114,0,0
18198,77,69,8,8
18199,121,115,6,6
18200,80,90,-10,10
18201,117,96,21,21
18202,150,142,8,8
18203,85,89,-4,4
18204,72,80,-8,8
18205,112,106,6,6
18206,91,87,4,4
18207,61,56,5,5
18208,126,125,1,1
18209,78,78,0,0
18210,129,133,-4,4
18211,71,72,-1,1
18212,72,77,-5,5
18213,166,160,6,6
18214,134,126,8,8
18215,36,37,-1,1
18216,63,65,-2,2
18217,73,64,9,9
18218,88,83,5,5
18219,88,95,-7,7
18220,113,124,-11,11
18221,138,131,7,7
18222,88,69,19,19
18223,127,116,11,11
18224,216,205,11,11
18225,108,108,0,0
18226,137,141,-4,4
18227,66,83,-17,17
18228,68,68,0,0
18229,100,85,15,15
18230,50,49,1,1
18231,130,135,-5,5
18232,100,105,-5,5
18233,201,175,26,26
18234,53,51,2,2
18235,65,62,3,3
18236,60,54,6,6
18237,177,177,0,0
18238,88,76,12,12
18239,64,60,4,4
18240,141,146,-5,5
18241,87,94,-7,7
18242,144,145,-1,1
18243,118,111,7,7
18244,84,87,-3,3
18245,80,82,-2,2
18246,131,135,-4,4
18247,61,68,-7,7
18248,93,88,5,5
18249,78,88,-10,10
18250,58,59,-1,1
18251,99,91,8,8
18252,107,91,16,16
18253,119,114,5,5
18254,104,115,-11,11
18255,87,90,-3,3
18256,88,78,10,10
18257,131,127,4,4
18258,126,125,1,1
18259,125,117,8,8
18260,99,104,-5,5
18261,127,124,3,3
18262,34,51,-17,17
18263,77,66,11,11
18264,88,85,3,3
18265,106,124,-18,18
18266,104,94,10,10
18267,78,85,-7,7
18268,78,81,-3,3
18269,211,181,30,30
18270,68,59,9,9
18271,110,108,2,2
18272,86,92,-6,6
18273,102,100,2,2
18274,82,68,14,14
18275,57,57,0,0
18276,106,107,-1,1
18277,52,46,6,6
18278,60,56,4,4
18279,78,76,2,2
18280,66,57,9,9
18281,134,125,9,9
18282,61,70,-9,9
18283,88,83,5,5
18284,95,88,7,7
18285,79,74,5,5
18286,109,115,-6,6
18287,74,80,-6,6
18288,82,73,9,9
18289,77,74,3,3
18290,89,87,2,2
18291,115,98,17,17
18292,64,64,0,0
18293,143,141,2,2
18294,189,182,7,7
18295,27,51,-24,24
18296,82,92,-10,10
18297,127,134,-7,7
18298,121,111,10,10
18299,103,102,1,1
18300,55,59,-4,4
18301,163,158,5,5
18302,93,90,3,3
18303,95,95,0,0
18304,123,126,-3,3
18305,59,56,3,3
18306,112,100,12,12
18307,76,74,2,2
18308,77,82,-5,5
18309,62,66,-4,4
18310,71,71,0,0
18311,60,55,5,5
18312,141,147,-6,6
18313,91,96,-5,5
18314,96,88,8,8
18315,58,61,-3,3
18316,93,91,2,2
18317,165,165,0,0
18318,199,196,3,3
18319,98,93,5,5
18320,152,151,1,1
18321,81,68,13,13
18322,93,88,5,5
18323,122,109,13,13
18324,83,81,2,2
18325,82,88,-6,6
18326,61,57,4,4
18327,87,87,0,0
18328,44,42,2,2
18329,90,99,-9,9
18330,50,48,2,2
18331,122,108,14,14
18332,82,79,3,3
18333,101,102,-1,1
18334,93,103,-10,10
18335,132,117,15,15
18336,111,118,-7,7
18337,96,78,18,18
18338,47,50,-3,3
18339,113,115,-2,2
18340,182,181,1,1
18341,107,126,-19,19
18342,99,108,-9,9
18343,72,62,10,10
18344,84,83,1,1
18345,55,54,1,1
18346,154,156,-2,2
18347,39,45,-6,6
18348,107,102,5,5
18349,89,97,-8,8
18350,114,105,9,9
18351,99,105,-6,6
18352,76,77,-1,1
18353,61,57,4,4
18354,112,101,11,11
18355,79,76,3,3
18356,81,81,0,0
18357,80,82,-2,2
18358,49,72,-23,23
18359,48,47,1,1
18360,113,104,9,9
18361,91,88,3,3
18362,76,75,1,1
18363,144,146,-2,2
18364,67,67,0,0
18365,81,72,9,9
18366,111,100,11,11
18367,78,79,-1,1
18368,53,59,-6,6
18369,77,78,-1,1
18370,71,75,-4,4
18371,76,65,11,11
18372,65,62,3,3
18373,90,90,0,0
18374,165,157,8,8
18375,188,186,2,2
18376,58,157,-99,99
18377,81,81,0,0
18378,65,63,2,2
18379,91,97,-6,6
18380,116,116,0,0
18381,145,135,10,10
18382,111,107,4,4
18383,146,138,8,8
18384,119,100,19,19
18385,91,97,-6,6
18386,116,121,-5,5
18387,48,53,-5,5
18388,107,110,-3,3
18389,63,67,-4,4
18390,120,107,13,13
18391,86,75,11,11
18392,93,89,4,4
18393,89,91,-2,2
18394,95,99,-4,4
18395,90,83,7,7
18396,104,106,-2,2
18397,144,153,-9,9
18398,119,112,7,7
18399,82,80,2,2
18400,61,78,-17,17
18401,93,110,-17,17
18402,142,132,10,10
18403,73,75,-2,2
18404,133,116,17,17
18405,128,135,-7,7
18406,104,101,3,3
18407,90,91,-1,1
18408,88,90,-2,2
18409,65,76,-11,11
18410,102,93,9,9
18411,176,160,16,16
18412,90,95,-5,5
18413,241,218,23,23
18414,115,94,21,21
18415,69,61,8,8
18416,94,79,15,15
18417,123,123,0,0
18418,96,111,-15,15
18419,90,96,-6,6
18420,59,60,-1,1
18421,76,77,-1,1
18422,72,64,8,8
18423,70,72,-2,2
18424,67,62,5,5
18425,83,80,3,3
18426,205,193,12,12
18427,62,62,0,0
18428,214,207,7,7
18429,79,72,7,7
18430,142,132,10,10
18431,88,82,6,6
18432,107,115,-8,8
18433,120,114,6,6
18434,108,109,-1,1
18435,102,91,11,11
18436,64,61,3,3
18437,86,87,-1,1
18438,70,69,1,1
18439,130,103,27,27
18440,97,81,16,16
18441,85,84,1,1
18442,67,66,1,1
18443,142,122,20,20
18444,48,51,-3,3
18445,88,83,5,5
18446,123,124,-1,1
18447,69,70,-1,1
18448,92,88,4,4
18449,69,71,-2,2
18450,45,45,0,0
18451,64,64,0,0
18452,84,79,5,5
18453,131,120,11,11
18454,78,76,2,2
18455,32,43,-11,11
18456,85,78,7,7
18457,100,91,9,9
18458,99,78,21,21
18459,125,120,5,5
18460,91,81,10,10
18461,196,186,10,10
18462,94,116,-22,22
18463,54,59,-5,5
18464,134,123,11,11
18465,168,155,13,13
18466,64,59,5,5
18467,73,71,2,2
18468,96,94,2,2
18469,82,65,17,17
18470,48,55,-7,7
18471,65,63,2,2
18472,121,106,15,15
18473,102,102,0,0
18474,69,70,-1,1
18475,92,90,2,2
18476,79,75,4,4
18477,107,105,2,2
18478,76,88,-12,12
18479,73,74,-1,1
18480,75,67,8,8
18481,150,152,-2,2
18482,149,152,-3,3
18483,144,133,11,11
18484,113,106,7,7
18485,62,65,-3,3
18486,108,111,-3,3
18487,103,108,-5,5
18488,58,61,-3,3
18489,42,52,-10,10
18490,115,106,9,9
18491,58,89,-31,31
18492,115,105,10,10
18493,109,99,10,10
18494,51,40,11,11
18495,70,67,3,3
18496,68,103,-35,35
18497,143,158,-15,15
18498,83,68,15,15
18499,116,106,10,10
18500,45,42,3,3
18501,90,88,2,2
18502,67,63,4,4
18503,100,105,-5,5
18504,113,110,3,3
18505,30,42,-12,12
18506,98,93,5,5
18507,67,63,4,4
18508,53,51,2,2
18509,105,107,-2,2
18510,123,130,-7,7
18511,57,58,-1,1
18512,125,111,14,14
18513,98,87,11,11
18514,111,113,-2,2
18515,122,117,5,5
18516,117,120,-3,3
18517,74,79,-5,5
18518,84,77,7,7
18519,143,141,2,2
18520,121,114,7,7
18521,121,122,-1,1
18522,99,96,3,3
18523,103,94,9,9
18524,104,87,17,17
18525,63,53,10,10
18526,222,196,26,26
18527,113,105,8,8
18528,88,91,-3,3
18529,122,93,29,29
18530,109,126,-17,17
18531,72,62,10,10
18532,64,63,1,1
18533,144,132,12,12
18534,82,74,8,8
18535,82,83,-1,1
18536,162,153,9,9
18537,112,121,-9,9
18538,62,66,-4,4
18539,78,84,-6,6
18540,48,45,3,3
18541,90,88,2,2
18542,130,123,7,7
18543,70,66,4,4
18544,141,148,-7,7
18545,138,137,1,1
18546,126,92,34,34
18547,71,79,-8,8
18548,89,90,-1,1
18549,138,134,4,4
18550,70,54,16,16
18551,123,113,10,10
18552,72,69,3,3
18553,107,106,1,1
18554,58,50,8,8
18555,90,88,2,2
18556,136,149,-13,13
18557,163,159,4,4
18558,108,102,6,6
18559,83,73,10,10
18560,117,121,-4,4
18561,142,136,6,6
18562,69,62,7,7
18563,100,89,11,11
18564,211,194,17,17
18565,148,162,-14,14
18566,82,76,6,6
18567,86,90,-4,4
18568,201,186,15,15
18569,113,118,-5,5
18570,126,129,-3,3
18571,64,61,3,3
18572,98,83,15,15
18573,51,55,-4,4
18574,93,99,-6,6
18575,60,62,-2,2
18576,82,78,4,4
18577,95,100,-5,5
18578,94,81,13,13
18579,81,79,2,2
18580,111,102,9,9
18581,63,70,-7,7
18582,55,53,2,2
18583,142,141,1,1
18584,139,130,9,9
18585,118,116,2,2
18586,209,179,30,30
18587,73,70,3,3
18588,103,101,2,2
18589,118,120,-2,2
18590,124,124,0,0
18591,79,86,-7,7
18592,124,117,7,7
18593,129,132,-3,3
18594,91,78,13,13
18595,83,84,-1,1
18596,120,109,11,11
18597,91,83,8,8
18598,101,85,16,16
18599,117,106,11,11
18600,154,140,14,14
18601,83,82,1,1
18602,113,127,-14,14
18603,83,84,-1,1
18604,106,117,-11,11
18605,47,51,-4,4
18606,63,63,0,0
18607,99,99,0,0
18608,47,62,-15,15
18609,111,106,5,5
18610,111,103,8,8
18611,152,145,7,7
18612,91,110,-19,19
18613,111,115,-4,4
18614,103,117,-14,14
18615,80,81,-1,1
18616,133,126,7,7
18617,83,81,2,2
18618,67,67,0,0
18619,124,128,-4,4
18620,93,105,-12,12
18621,80,71,9,9
18622,64,67,-3,3
18623,74,82,-8,8
18624,92,91,1,1
18625,122,109,13,13
18626,92,110,-18,18
18627,111,121,-10,10
18628,148,119,29,29
18629,102,95,7,7
18630,101,94,7,7
18631,89,85,4,4
18632,94,97,-3,3
18633,78,74,4,4
18634,88,77,11,11
18635,87,90,-3,3
18636,59,56,3,3
18637,75,80,-5,5
18638,101,99,2,2
18639,96,96,0,0
18640,64,66,-2,2
18641,106,118,-12,12
18642,90,88,2,2
18643,95,102,-7,7
18644,107,105,2,2
18645,95,97,-2,2
18646,78,87,-9,9
18647,124,161,-37,37
18648,142,139,3,3
18649,73,78,-5,5
18650,111,109,2,2
18651,92,79,13,13
18652,205,192,13,13
18653,93,86,7,7
18654,87,94,-7,7
18655,43,43,0,0
18656,51,58,-7,7
18657,102,100,2,2
18658,85,94,-9,9
18659,152,157,-5,5
18660,69,86,-17,17
18661,47,45,2,2
18662,52,55,-3,3
18663,94,95,-1,1
18664,149,144,5,5
18665,81,64,17,17
18666,96,85,11,11
18667,88,82,6,6
18668,81,77,4,4
18669,129,122,7,7
18670,107,134,-27,27
18671,93,83,10,10
18672,90,92,-2,2
18673,72,75,-3,3
18674,82,86,-4,4
18675,73,68,5,5
18676,102,96,6,6
18677,52,62,-10,10
18678,79,87,-8,8
18679,131,126,5,5
18680,56,54,2,2
18681,58,51,7,7
18682,66,56,10,10
18683,58,58,0,0
18684,76,80,-4,4
18685,83,73,10,10
18686,84,80,4,4
18687,100,109,-9,9
18688,114,105,9,9
18689,112,116,-4,4
18690,104,97,7,7
18691,110,109,1,1
18692,160,169,-9,9
18693,98,96,2,2
18694,122,127,-5,5
18695,39,43,-4,4
18696,120,122,-2,2
18697,84,85,-1,1
18698,64,101,-37,37
18699,87,88,-1,1
18700,102,102,0,0
18701,87,88,-1,1
18702,76,65,11,11
18703,132,130,2,2
18704,65,59,6,6
18705,136,123,13,13
18706,87,76,11,11
18707,93,81,12,12
18708,130,123,7,7
18709,96,96,0,0
18710,93,89,4,4
18711,67,69,-2,2
18712,116,111,5,5
18713,81,83,-2,2
18714,107,111,-4,4
18715,70,61,9,9
18716,113,108,5,5
18717,78,80,-2,2
18718,93,85,8,8
18719,62,69,-7,7
18720,43,46,-3,3
18721,81,77,4,4
18722,85,82,3,3
18723,128,120,8,8
18724,110,111,-1,1
18725,37,48,-11,11
18726,66,70,-4,4
18727,56,50,6,6
18728,95,96,-1,1
18729,95,95,0,0
18730,92,90,2,2
18731,99,105,-6,6
18732,75,81,-6,6
18733,186,170,16,16
18734,30,39,-9,9
18735,63,67,-4,4
18736,60,52,8,8
18737,38,51,-13,13
18738,70,77,-7,7
18739,85,91,-6,6
18740,71,53,18,18
18741,122,125,-3,3
18742,45,44,1,1
18743,94,85,9,9
18744,133,129,4,4
18745,89,71,18,18
18746,85,75,10,10
18747,80,81,-1,1
18748,141,130,11,11
18749,108,107,1,1
18750,39,66,-27,27
18751,85,103,-18,18
18752,99,103,-4,4
18753,81,69,12,12
18754,123,125,-2,2
18755,98,95,3,3
18756,81,78,3,3
18757,110,108,2,2
18758,64,69,-5,5
18759,75,78,-3,3
18760,59,56,3,3
18761,66,66,0,0
18762,81,56,25,25
18763,92,92,0,0
18764,115,109,6,6
18765,129,129,0,0
18766,99,91,8,8
18767,72,75,-3,3
18768,91,93,-2,2
18769,69,70,-1,1
18770,80,68,12,12
18771,89,93,-4,4
18772,92,98,-6,6
18773,95,87,8,8
18774,166,156,10,10
18775,61,48,13,13
18776,59,44,15,15
18777,42,60,-18,18
18778,53,52,1,1
18779,101,98,3,3
18780,90,84,6,6
18781,116,111,5,5
18782,83,72,11,11
18783,89,85,4,4
18784,121,117,4,4
18785,74,65,9,9
18786,113,102,11,11
18787,85,88,-3,3
18788,137,138,-1,1
18789,72,81,-9,9
18790,78,71,7,7
18791,113,126,-13,13
18792,144,115,29,29
18793,54,54,0,0
18794,74,62,12,12
18795,72,71,1,1
18796,73,74,-1,1
18797,163,138,25,25
18798,96,97,-1,1
18799,90,87,3,3
18800,64,62,2,2
18801,61,59,2,2
18802,79,74,5,5
18803,118,118,0,0
18804,70,57,13,13
18805,108,103,5,5
18806,83,101,-18,18
18807,55,48,7,7
18808,139,138,1,1
18809,49,49,0,0
18810,159,148,11,11
18811,30,46,-16,16
18812,111,118,-7,7
18813,112,107,5,5
18814,149,152,-3,3
18815,104,102,2,2
18816,166,143,23,23
18817,76,75,1,1
18818,128,135,-7,7
18819,54,53,1,1
18820,99,100,-1,1
18821,53,54,-1,1
18822,98,88,10,10
18823,94,92,2,2
18824,144,121,23,23
18825,47,50,-3,3
18826,124,134,-10,10
18827,137,149,-12,12
18828,55,53,2,2
18829,79,75,4,4
18830,103,107,-4,4
18831,67,66,1,1
18832,45,47,-2,2
18833,129,115,14,14
18834,33,56,-23,23
18835,108,110,-2,2
18836,68,61,7,7
18837,165,154,11,11
18838,108,87,21,21
18839,142,115,27,27
18840,108,110,-2,2
18841,56,61,-5,5
18842,73,73,0,0
18843,121,106,15,15
18844,139,147,-8,8
18845,124,115,9,9
18846,59,56,3,3
18847,98,106,-8,8
18848,42,42,0,0
18849,94,98,-4,4
18850,120,114,6,6
18851,64,72,-8,8
18852,52,55,-3,3
18853,193,188,5,5
18854,99,96,3,3
18855,73,73,0,0
18856,166,139,27,27
18857,116,116,0,0
18858,69,82,-13,13
18859,67,60,7,7
18860,81,73,8,8
18861,112,109,3,3
18862,120,103,17,17
18863,67,58,9,9
18864,105,82,23,23
18865,146,135,11,11
18866,110,98,12,12
18867,90,91,-1,1
18868,94,84,10,10
18869,106,119,-13,13
18870,95,92,3,3
18871,112,115,-3,3
18872,104,86,18,18
18873,60,65,-5,5
18874,93,76,17,17
18875,171,170,1,1
18876,57,50,7,7
18877,106,92,14,14
18878,83,88,-5,5
18879,65,62,3,3
18880,111,105,6,6
18881,117,106,11,11
18882,71,74,-3,3
18883,46,44,2,2
18884,87,101,-14,14
18885,80,76,4,4
18886,58,56,2,2
18887,47,36,11,11
18888,196,182,14,14
18889,100,100,0,0
18890,122,130,-8,8
18891,126,128,-2,2
18892,61,53,8,8
18893,68,70,-2,2
18894,90,96,-6,6
18895,96,100,-4,4
18896,154,163,-9,9
18897,153,151,2,2
18898,83,84,-1,1
18899,130,122,8,8
18900,110,96,14,14
18901,122,124,-2,2
18902,85,78,7,7
18903,55,51,4,4
18904,85,80,5,5
18905,122,118,4,4
18906,71,66,5,5
18907,149,137,12,12
18908,101,100,1,1
18909,81,94,-13,13
18910,95,91,4,4
18911,120,111,9,9
18912,137,140,-3,3
18913,132,142,-10,10
18914,83,69,14,14
18915,121,112,9,9
18916,121,122,-1,1
18917,125,135,-10,10
18918,81,82,-1,1
18919,137,140,-3,3
18920,89,82,7,7
18921,113,107,6,6
18922,23,64,-41,41
18923,123,98,25,25
18924,172,173,-1,1
18925,64,58,6,6
18926,122,129,-7,7
18927,67,62,5,5
18928,86,84,2,2
18929,42,54,-12,12
18930,126,118,8,8
18931,148,132,16,16
18932,81,73,8,8
18933,78,78,0,0
18934,74,71,3,3
18935,52,58,-6,6
18936,67,70,-3,3
18937,69,64,5,5
18938,76,77,-1,1
18939,56,60,-4,4
18940,103,122,-19,19
18941,86,95,-9,9
18942,67,77,-10,10
18943,74,75,-1,1
18944,61,63,-2,2
18945,42,54,-12,12
18946,106,105,1,1
18947,59,56,3,3
18948,65,56,9,9
18949,148,158,-10,10
18950,161,155,6,6
18951,140,135,5,5
18952,140,130,10,10
18953,70,75,-5,5
18954,157,149,8,8
18955,70,77,-7,7
18956,110,116,-6,6
18957,132,151,-19,19
18958,40,48,-8,8
18959,115,105,10,10
18960,165,162,3,3
18961,46,74,-28,28
18962,108,118,-10,10
18963,145,140,5,5
18964,153,128,25,25
18965,64,68,-4,4
18966,104,116,-12,12
18967,104,94,10,10
18968,103,89,14,14
18969,99,108,-9,9
18970,58,68,-10,10
18971,78,69,9,9
18972,116,118,-2,2
18973,95,105,-10,10
18974,77,67,10,10
18975,100,95,5,5
18976,147,145,2,2
18977,73,69,4,4
18978,90,94,-4,4
18979,91,89,2,2
18980,136,128,8,8
18981,156,145,11,11
18982,71,66,5,5
18983,65,69,-4,4
18984,82,75,7,7
18985,116,108,8,8
18986,134,125,9,9
18987,70,68,2,2
18988,98,101,-3,3
18989,194,187,7,7
18990,58,60,-2,2
18991,111,154,-43,43
18992,55,56,-1,1
18993,105,104,1,1
18994,85,84,1,1
18995,105,92,13,13
18996,83,91,-8,8
18997,96,93,3,3
18998,83,83,0,0
18999,153,153,0,0
19000,81,84,-3,3
19001,60,58,2,2
19002,137,147,-10,10
19003,140,135,5,5
19004,88,90,-2,2
19005,124,127,-3,3
19006,101,105,-4,4
19007,84,78,6,6
19008,99,96,3,3
19009,59,53,6,6
19010,83,90,-7,7
19011,113,120,-7,7
19012,83,101,-18,18
19013,65,63,2,2
19014,52,58,-6,6
19015,120,122,-2,2
19016,102,85,17,17
19017,50,83,-33,33
19018,134,147,-13,13
19019,90,85,5,5
19020,79,70,9,9
19021,78,85,-7,7
19022,122,117,5,5
19023,69,70,-1,1
19024,72,63,9,9
19025,71,69,2,2
19026,112,96,16,16
19027,111,100,11,11
19028,96,97,-1,1
19029,96,96,0,0
19030,67,63,4,4
19031,102,101,1,1
19032,71,72,-1,1
19033,147,148,-1,1
19034,123,126,-3,3
19035,89,73,16,16
19036,72,83,-11,11
19037,81,81,0,0
19038,61,57,4,4
19039,79,85,-6,6
19040,112,99,13,13
19041,167,176,-9,9
19042,74,79,-5,5
19043,122,115,7,7
19044,78,86,-8,8
19045,64,72,-8,8
19046,72,74,-2,2
19047,90,82,8,8
19048,86,74,12,12
19049,122,116,6,6
19050,70,65,5,5
19051,80,74,6,6
19052,55,50,5,5
19053,86,75,11,11
19054,117,119,-2,2
19055,95,97,-2,2
19056,88,86,2,2
19057,123,103,20,20
19058,102,93,9,9
19059,73,72,1,1
19060,33,38,-5,5
19061,133,124,9,9
19062,65,70,-5,5
19063,75,67,8,8
19064,39,39,0,0
19065,119,103,16,16
19066,88,85,3,3
19067,110,101,9,9
19068,59,65,-6,6
19069,94,101,-7,7
19070,90,85,5,5
19071,64,62,2,2
19072,111,108,3,3
19073,95,95,0,0
19074,77,72,5,5
19075,60,59,1,1
19076,151,146,5,5
19077,90,82,8,8
19078,65,65,0,0
19079,100,119,-19,19
19080,59,59,0,0
19081,89,87,2,2
19082,91,102,-11,11
19083,152,149,3,3
19084,58,56,2,2
19085,98,102,-4,4
19086,111,101,10,10
19087,94,87,7,7
19088,98,97,1,1
19089,99,87,12,12
19090,132,136,-4,4
19091,99,117,-18,18
19092,163,173,-10,10
19093,105,80,25,25
19094,109,119,-10,10
19095,49,52,-3,3
19096,97,111,-14,14
19097,153,145,8,8
19098,73,100,-27,27
19099,71,79,-8,8
19100,89,87,2,2
19101,110,91,19,19
19102,73,71,2,2
19103,151,130,21,21
19104,146,133,13,13
19105,74,69,5,5
19106,76,66,10,10
19107,57,107,-50,50
19108,96,86,10,10
19109,143,126,17,17
19110,98,80,18,18
19111,74,71,3,3
19112,78,71,7,7
19113,139,152,-13,13
19114,81,83,-2,2
19115,74,77,-3,3
19116,81,87,-6,6
19117,149,159,-10,10
19118,59,54,5,5
19119,92,91,1,1
19120,88,82,6,6
19121,94,98,-4,4
19122,106,104,2,2
19123,143,119,24,24
19124,61,63,-2,2
19125,84,79,5,5
19126,107,103,4,4
19127,129,129,0,0
19128,80,77,3,3
19129,89,97,-8,8
19130,159,155,4,4
19131,44,46,-2,2
19132,116,114,2,2
19133,79,81,-2,2
19134,82,72,10,10
19135,77,80,-3,3
19136,124,116,8,8
19137,97,100,-3,3
19138,62,58,4,4
19139,65,65,0,0
19140,78,64,14,14
19141,105,101,4,4
19142,107,114,-7,7
19143,60,62,-2,2
19144,63,57,6,6
19145,71,67,4,4
19146,122,123,-1,1
19147,76,74,2,2
19148,137,137,0,0
19149,89,86,3,3
19150,87,94,-7,7
19151,147,151,-4,4
19152,121,132,-11,11
19153,91,82,9,9
19154,62,52,10,10
19155,77,81,-4,4
19156,95,88,7,7
19157,71,70,1,1
19158,129,141,-12,12
19159,114,112,2,2
19160,196,187,9,9
19161,113,120,-7,7
19162,122,111,11,11
19163,120,115,5,5
19164,104,117,-13,13
19165,99,97,2,2
19166,80,75,5,5
19167,69,74,-5,5
19168,100,101,-1,1
19169,63,64,-1,1
19170,145,139,6,6
19171,55,58,-3,3
19172,91,84,7,7
19173,148,141,7,7
19174,75,63,12,12
19175,106,105,1,1
19176,179,162,17,17
19177,86,100,-14,14
19178,72,61,11,11
19179,127,134,-7,7
19180,68,60,8,8
19181,69,81,-12,12
19182,136,138,-2,2
19183,91,89,2,2
19184,102,106,-4,4
19185,128,122,6,6
19186,94,86,8,8
19187,105,103,2,2
19188,146,143,3,3
19189,72,61,11,11
19190,105,100,5,5
19191,137,134,3,3
19192,169,161,8,8
19193,130,154,-24,24
19194,126,130,-4,4
19195,125,122,3,3
19196,102,105,-3,3
19197,74,75,-1,1
19198,74,85,-11,11
19199,97,96,1,1
19200,113,114,-1,1
19201,54,59,-5,5
19202,127,108,19,19
19203,73,86,-13,13
19204,145,150,-5,5
19205,117,112,5,5
19206,123,120,3,3
19207,188,174,14,14
19208,75,92,-17,17
19209,76,85,-9,9
19210,45,69,-24,24
19211,86,85,1,1
19212,74,71,3,3
19213,103,115,-12,12
19214,140,132,8,8
19215,95,97,-2,2
19216,102,96,6,6
19217,34,46,-12,12
19218,101,93,8,8
19219,62,70,-8,8
19220,81,89,-8,8
19221,84,87,-3,3
19222,114,128,-14,14
19223,90,81,9,9
19224,66,88,-22,22
19225,98,96,2,2
19226,68,70,-2,2
19227,115,111,4,4
19228,101,73,28,28
19229,137,125,12,12
19230,125,123,2,2
19231,84,83,1,1
19232,43,55,-12,12
19233,99,89,10,10
19234,126,132,-6,6
19235,97,97,0,0
19236,105,98,7,7
19237,74,87,-13,13
19238,108,110,-2,2
19239,70,72,-2,2
19240,49,54,-5,5
19241,133,129,4,4
19242,105,98,7,7
19243,147,149,-2,2
19244,98,95,3,3
19245,124,107,17,17
19246,73,70,3,3
19247,78,70,8,8
19248,106,110,-4,4
19249,63,53,10,10
19250,87,89,-2,2
19251,80,76,4,4
19252,101,97,4,4
19253,80,80,0,0
19254,107,86,21,21
19255,65,71,-6,6
19256,62,52,10,10
19257,124,126,-2,2
19258,37,41,-4,4
19259,109,104,5,5
19260,48,53,-5,5
19261,152,142,10,10
19262,163,165,-2,2
19263,126,124,2,2
19264,62,107,-45,45
19265,128,136,-8,8
19266,104,97,7,7
19267,110,121,-11,11
19268,79,81,-2,2
19269,79,79,0,0
19270,145,140,5,5
19271,74,82,-8,8
19272,59,64,-5,5
19273,107,103,4,4
19274,88,90,-2,2
19275,47,55,-8,8
19276,111,117,-6,6
19277,108,101,7,7
19278,133,111,22,22
19279,155,162,-7,7
19280,85,87,-2,2
19281,135,112,23,23
19282,104,106,-2,2
19283,149,153,-4,4
19284,78,76,2,2
19285,76,76,0,0
19286,96,101,-5,5
19287,130,120,10,10
19288,90,84,6,6
19289,55,76,-21,21
19290,123,130,-7,7
19291,65,61,4,4
19292,69,62,7,7
19293,50,53,-3,3
19294,51,64,-13,13
19295,81,64,17,17
19296,108,110,-2,2
19297,81,81,0,0
19298,42,40,2,2
19299,141,122,19,19
19300,66,72,-6,6
19301,103,100,3,3
19302,147,144,3,3
19303,105,90,15,15
19304,136,121,15,15
19305,58,65,-7,7
19306,108,92,16,16
19307,63,73,-10,10
19308,116,118,-2,2
19309,147,144,3,3
19310,73,60,13,13
19311,92,95,-3,3
19312,63,72,-9,9
19313,98,95,3,3
19314,153,146,7,7
19315,98,87,11,11
19316,68,74,-6,6
19317,70,57,13,13
19318,69,125,-56,56
19319,68,65,3,3
19320,66,56,10,10
19321,83,77,6,6
19322,113,109,4,4
19323,123,109,14,14
19324,39,45,-6,6
19325,127,118,9,9
19326,119,125,-6,6
19327,80,72,8,8
19328,202,211,-9,9
19329,71,76,-5,5
19330,49,56,-7,7
19331,73,82,-9,9
19332,90,99,-9,9
19333,86,89,-3,3
19334,71,81,-10,10
19335,62,58,4,4
19336,89,94,-5,5
19337,205,191,14,14
19338,157,148,9,9
19339,95,106,-11,11
19340,54,71,-17,17
19341,86,77,9,9
19342,105,106,-1,1
19343,51,58,-7,7
19344,56,52,4,4
19345,142,138,4,4
19346,151,149,2,2
19347,72,74,-2,2
19348,71,83,-12,12
19349,73,80,-7,7
19350,58,56,2,2
19351,175,201,-26,26
19352,132,131,1,1
19353,102,100,2,2
19354,115,114,1,1
19355,92,93,-1,1
19356,77,76,1,1
19357,113,109,4,4
19358,103,98,5,5
19359,147,161,-14,14
19360,93,111,-18,18
19361,105,110,-5,5
19362,95,83,12,12
19363,158,147,11,11
19364,117,116,1,1
19365,113,110,3,3
19366,84,71,13,13
19367,64,64,0,0
19368,98,87,11,11
19369,91,100,-9,9
19370,106,91,15,15
19371,57,58,-1,1
19372,130,133,-3,3
19373,67,74,-7,7
19374,60,74,-14,14
19375,80,66,14,14
19376,109,109,0,0
19377,56,75,-19,19
19378,61,80,-19,19
19379,162,158,4,4
19380,105,98,7,7
19381,118,111,7,7
19382,88,83,5,5
19383,61,51,10,10
19384,101,92,9,9
19385,130,137,-7,7
19386,116,116,0,0
19387,66,68,-2,2
19388,67,77,-10,10
19389,68,76,-8,8
19390,54,51,3,3
19391,76,70,6,6
19392,91,89,2,2
19393,48,51,-3,3
19394,108,106,2,2
19395,50,56,-6,6
19396,121,115,6,6
19397,55,56,-1,1
19398,99,97,2,2
19399,109,106,3,3
19400,129,122,7,7
19401,59,49,10,10
19402,193,188,5,5
19403,115,110,5,5
19404,168,168,0,0
19405,109,109,0,0
19406,79,93,-14,14
19407,69,69,0,0
19408,124,124,0,0
19409,86,96,-10,10
19410,108,101,7,7
19411,57,53,4,4
19412,69,70,-1,1
19413,73,74,-1,1
19414,93,101,-8,8
19415,108,102,6,6
19416,47,50,-3,3
19417,96,92,4,4
19418,136,143,-7,7
19419,62,53,9,9
19420,35,53,-18,18
19421,168,175,-7,7
19422,72,65,7,7
19423,53,51,2,2
19424,181,179,2,2
19425,106,98,8,8
19426,110,113,-3,3
19427,71,72,-1,1
19428,81,80,1,1
19429,66,62,4,4
19430,96,100,-4,4
19431,94,88,6,6
19432,101,83,18,18
19433,56,60,-4,4
19434,161,152,9,9
19435,120,117,3,3
19436,90,91,-1,1
19437,74,78,-4,4
19438,119,111,8,8
19439,120,121,-1,1
19440,116,140,-24,24
19441,72,70,2,2
19442,100,90,10,10
19443,72,70,2,2
19444,152,151,1,1
19445,65,73,-8,8
19446,84,82,2,2
19447,100,97,3,3
19448,116,103,13,13
19449,88,87,1,1
19450,94,103,-9,9
19451,76,72,4,4
19452,70,76,-6,6
19453,72,92,-20,20
19454,114,106,8,8
19455,95,93,2,2
19456,88,81,7,7
19457,103,107,-4,4
19458,82,80,2,2
19459,66,76,-10,10
19460,126,123,3,3
19461,215,218,-3,3
19462,127,123,4,4
19463,71,67,4,4
19464,106,89,17,17
19465,125,124,1,1
19466,98,92,6,6
19467,80,89,-9,9
19468,76,74,2,2
19469,126,126,0,0
19470,45,47,-2,2
19471,98,98,0,0
19472,75,68,7,7
19473,76,64,12,12
19474,103,107,-4,4
19475,149,152,-3,3
19476,110,109,1,1
19477,71,65,6,6
19478,121,109,12,12
19479,86,88,-2,2
19480,44,57,-13,13
19481,126,130,-4,4
19482,145,136,9,9
19483,94,104,-10,10
19484,49,54,-5,5
19485,99,96,3,3
19486,75,85,-10,10
19487,77,93,-16,16
19488,65,73,-8,8
19489,117,115,2,2
19490,87,81,6,6
19491,87,98,-11,11
19492,138,136,2,2
19493,66,70,-4,4
19494,100,92,8,8
19495,107,89,18,18
19496,82,102,-20,20
19497,76,82,-6,6
19498,67,91,-24,24
19499,40,47,-7,7
19500,88,95,-7,7
19501,184,180,4,4
19502,92,83,9,9
19503,134,141,-7,7
19504,105,107,-2,2
19505,112,115,-3,3
19506,70,66,4,4
19507,70,68,2,2
19508,57,62,-5,5
19509,120,116,4,4
19510,98,100,-2,2
19511,115,112,3,3
19512,84,97,-13,13
19513,97,86,11,11
19514,85,85,0,0
19515,67,64,3,3
19516,93,81,12,12
19517,123,119,4,4
19518,52,93,-41,41
19519,113,107,6,6
19520,63,68,-5,5
19521,97,93,4,4
19522,103,99,4,4
19523,91,100,-9,9
19524,74,76,-2,2
19525,110,119,-9,9
19526,162,154,8,8
19527,98,95,3,3
19528,103,94,9,9
19529,96,114,-18,18
19530,35,40,-5,5
19531,85,91,-6,6
19532,69,63,6,6
19533,80,75,5,5
19534,60,56,4,4
19535,87,94,-7,7
19536,77,76,1,1
19537,139,132,7,7
19538,51,53,-2,2
19539,122,111,11,11
19540,125,112,13,13
19541,63,60,3,3
19542,125,113,12,12
19543,85,100,-15,15
19544,112,111,1,1
19545,58,62,-4,4
19546,104,101,3,3
19547,120,112,8,8
19548,43,42,1,1
19549,90,101,-11,11
19550,29,39,-10,10
19551,92,84,8,8
19552,99,77,22,22
19553,55,63,-8,8
19554,66,60,6,6
19555,78,79,-1,1
19556,67,66,1,1
19557,91,88,3,3
19558,143,130,13,13
19559,86,101,-15,15
19560,57,75,-18,18
19561,96,86,10,10
19562,101,102,-1,1
19563,58,49,9,9
19564,113,105,8,8
19565,44,39,5,5
19566,140,119,21,21
19567,150,149,1,1
19568,117,120,-3,3
19569,86,85,1,1
19570,99,89,10,10
19571,114,99,15,15
19572,81,76,5,5
19573,64,58,6,6
19574,132,130,2,2
19575,82,78,4,4
19576,141,136,5,5
19577,68,80,-12,12
19578,137,132,5,5
19579,75,70,5,5
19580,71,67,4,4
19581,59,48,11,11
19582,45,37,8,8
19583,70,74,-4,4
19584,107,110,-3,3
19585,59,60,-1,1
19586,41,47,-6,6
19587,65,73,-8,8
19588,50,47,3,3
19589,88,91,-3,3
19590,114,110,4,4
19591,64,52,12,12
19592,154,152,2,2
19593,64,67,-3,3
19594,46,63,-17,17
19595,120,112,8,8
19596,80,80,0,0
19597,52,50,2,2
19598,88,109,-21,21
19599,65,87,-22,22
19600,49,51,-2,2
19601,82,88,-6,6
19602,108,110,-2,2
19603,59,68,-9,9
19604,68,66,2,2
19605,99,92,7,7
19606,100,95,5,5
19607,100,98,2,2
19608,156,150,6,6
19609,91,96,-5,5
19610,152,146,6,6
19611,125,111,14,14
19612,60,62,-2,2
19613,43,47,-4,4
19614,48,53,-5,5
19615,94,98,-4,4
19616,70,67,3,3
19617,52,51,1,1
19618,70,66,4,4
19619,154,142,12,12
19620,133,131,2,2
19621,72,67,5,5
19622,79,81,-2,2
19623,111,113,-2,2
19624,72,68,4,4
19625,147,152,-5,5
19626,94,90,4,4
19627,41,49,-8,8
19628,79,84,-5,5
19629,61,55,6,6
19630,68,69,-1,1
19631,70,68,2,2
19632,80,82,-2,2
19633,58,61,-3,3
19634,45,45,0,0
19635,187,180,7,7
19636,84,77,7,7
19637,76,69,7,7
19638,154,146,8,8
19639,139,130,9,9
19640,173,175,-2,2
19641,75,67,8,8
19642,148,141,7,7
19643,174,173,1,1
19644,100,106,-6,6
19645,29,39,-10,10
19646,102,92,10,10
19647,67,66,1,1
19648,51,49,2,2
19649,133,111,22,22
19650,36,46,-10,10
19651,66,63,3,3
19652,65,57,8,8
19653,73,73,0,0
19654,151,151,0,0
19655,87,82,5,5
19656,138,144,-6,6
19657,65,65,0,0
19658,97,92,5,5
19659,84,88,-4,4
19660,171,171,0,0
19661,110,110,0,0
19662,120,112,8,8
19663,99,101,-2,2
19664,135,119,16,16
19665,90,87,3,3
19666,70,66,4,4
19667,99,102,-3,3
19668,58,55,3,3
19669,109,132,-23,23
19670,77,75,2,2
19671,74,71,3,3
19672,134,144,-10,10
19673,130,108,22,22
19674,65,68,-3,3
19675,109,101,8,8
19676,75,80,-5,5
19677,125,125,0,0
19678,99,96,3,3
19679,147,144,3,3
19680,160,151,9,9
19681,49,48,1,1
19682,62,67,-5,5
19683,332,293,39,39
19684,127,120,7,7
19685,34,34,0,0
19686,145,137,8,8
19687,108,105,3,3
19688,66,72,-6,6
19689,65,62,3,3
19690,157,145,12,12
19691,89,83,6,6
19692,97,108,-11,11
19693,116,114,2,2
19694,102,101,1,1
19695,118,126,-8,8
19696,161,171,-10,10
19697,97,75,22,22
19698,40,34,6,6
19699,63,61,2,2
19700,70,77,-7,7
19701,83,79,4,4
19702,100,107,-7,7
19703,76,70,6,6
19704,105,105,0,0
19705,72,83,-11,11
19706,69,81,-12,12
19707,136,137,-1,1
19708,126,113,13,13
19709,130,137,-7,7
19710,116,120,-4,4
19711,87,85,2,2
19712,100,101,-1,1
19713,100,99,1,1
19714,55,53,2,2
19715,92,91,1,1
19716,101,103,-2,2
19717,149,154,-5,5
19718,98,88,10,10
19719,89,97,-8,8
19720,40,62,-22,22
19721,91,82,9,9
19722,103,102,1,1
19723,88,79,9,9
19724,76,87,-11,11
19725,43,56,-13,13
19726,60,61,-1,1
19727,165,158,7,7
19728,148,164,-16,16
19729,114,113,1,1
19730,97,80,17,17
19731,141,151,-10,10
19732,82,100,-18,18
19733,89,85,4,4
19734,141,141,0,0
19735,31,52,-21,21
19736,87,96,-9,9
19737,83,82,1,1
19738,64,59,5,5
19739,68,73,-5,5
19740,75,69,6,6
19741,102,103,-1,1
19742,54,60,-6,6
19743,108,112,-4,4
19744,104,93,11,11
19745,132,131,1,1
19746,77,76,1,1
19747,130,133,-3,3
19748,46,44,2,2
19749,83,48,35,35
19750,79,81,-2,2
19751,180,166,14,14
19752,118,124,-6,6
19753,105,111,-6,6
19754,93,96,-3,3
19755,81,74,7,7
19756,61,71,-10,10
19757,142,142,0,0
19758,93,93,0,0
19759,100,100,0,0
19760,146,135,11,11
19761,64,65,-1,1
19762,116,106,10,10
19763,55,51,4,4
19764,55,63,-8,8
19765,86,94,-8,8
19766,90,92,-2,2
19767,146,143,3,3
19768,55,51,4,4
19769,76,76,0,0
19770,48,53,-5,5
19771,84,68,16,16
19772,62,59,3,3
19773,93,86,7,7
19774,104,99,5,5
19775,108,110,-2,2
19776,83,90,-7,7
19777,57,55,2,2
19778,76,70,6,6
19779,100,121,-21,21
19780,96,91,5,5
19781,124,90,34,34
19782,55,64,-9,9
19783,61,61,0,0
19784,104,116,-12,12
19785,70,70,0,0
19786,94,85,9,9
19787,64,65,-1,1
19788,113,116,-3,3
19789,92,93,-1,1
19790,136,140,-4,4
19791,115,95,20,20
19792,103,108,-5,5
19793,84,89,-5,5
19794,60,57,3,3
19795,83,105,-22,22
19796,127,129,-2,2
19797,137,129,8,8
19798,64,51,13,13
19799,180,174,6,6
19800,144,139,5,5
19801,82,71,11,11
19802,89,77,12,12
19803,122,138,-16,16
19804,85,86,-1,1
19805,127,106,21,21
19806,86,74,12,12
19807,81,82,-1,1
19808,102,88,14,14
19809,104,91,13,13
19810,47,51,-4,4
19811,163,144,19,19
19812,102,105,-3,3
19813,152,140,12,12
19814,139,127,12,12
19815,88,73,15,15
19816,57,54,3,3
19817,79,67,12,12
19818,60,65,-5,5
19819,104,91,13,13
19820,92,88,4,4
19821,74,69,5,5
19822,94,94,0,0
19823,102,105,-3,3
19824,109,107,2,2
19825,86,83,3,3
19826,85,71,14,14
19827,86,79,7,7
19828,158,147,11,11
19829,78,70,8,8
19830,72,68,4,4
19831,127,127,0,0
19832,81,79,2,2
19833,99,100,-1,1
19834,64,73,-9,9
19835,137,142,-5,5
19836,99,103,-4,4
19837,74,78,-4,4
19838,80,90,-10,10
19839,99,111,-12,12
19840,95,96,-1,1
19841,48,48,0,0
19842,77,77,0,0
19843,88,95,-7,7
19844,99,102,-3,3
19845,87,76,11,11
19846,75,76,-1,1
19847,103,107,-4,4
19848,190,194,-4,4
19849,88,60,28,28
19850,85,87,-2,2
19851,59,51,8,8
19852,63,86,-23,23
19853,85,85,0,0
19854,67,91,-24,24
19855,76,86,-10,10
19856,115,113,2,2
19857,62,58,4,4
19858,61,80,-19,19
19859,147,145,2,2
19860,153,147,6,6
19861,68,56,12,12
19862,106,108,-2,2
19863,79,78,1,1
19864,165,155,10,10
19865,63,57,6,6
19866,106,109,-3,3
19867,74,72,2,2
19868,135,130,5,5
19869,76,70,6,6
19870,113,122,-9,9
19871,77,76,1,1
19872,67,71,-4,4
19873,93,107,-14,14
19874,170,163,7,7
19875,77,84,-7,7
19876,88,81,7,7
19877,103,105,-2,2
19878,85,85,0,0
19879,82,69,13,13
19880,70,78,-8,8
19881,94,105,-11,11
19882,44,50,-6,6
19883,103,92,11,11
19884,99,99,0,0
19885,67,65,2,2
19886,56,64,-8,8
19887,94,86,8,8
19888,77,82,-5,5
19889,68,72,-4,4
19890,125,108,17,17
19891,110,115,-5,5
19892,102,86,16,16
19893,57,53,4,4
19894,68,85,-17,17
19895,75,76,-1,1
19896,101,96,5,5
19897,57,46,11,11
19898,93,102,-9,9
19899,52,51,1,1
19900,57,61,-4,4
19901,123,110,13,13
19902,111,114,-3,3
19903,62,66,-4,4
19904,89,102,-13,13
19905,114,107,7,7
19906,45,52,-7,7
19907,79,70,9,9
19908,134,126,8,8
19909,101,98,3,3
19910,92,88,4,4
19911,74,64,10,10
19912,95,88,7,7
19913,49,58,-9,9
19914,86,73,13,13
19915,50,67,-17,17
19916,55,65,-10,10
19917,49,42,7,7
19918,87,90,-3,3
19919,59,65,-6,6
19920,108,113,-5,5
19921,88,91,-3,3
19922,118,129,-11,11
19923,108,101,7,7
19924,38,59,-21,21
19925,94,88,6,6
19926,35,47,-12,12
19927,114,118,-4,4
19928,124,120,4,4
19929,108,118,-10,10
19930,129,146,-17,17
19931,69,65,4,4
19932,108,117,-9,9
19933,66,79,-13,13
19934,62,58,4,4
19935,107,101,6,6
19936,65,60,5,5
19937,169,142,27,27
19938,115,111,4,4
19939,116,115,1,1
19940,87,86,1,1
19941,62,58,4,4
19942,128,116,12,12
19943,126,130,-4,4
19944,139,149,-10,10
19945,217,194,23,23
19946,147,157,-10,10
19947,117,110,7,7
19948,181,184,-3,3
19949,101,133,-32,32
19950,66,67,-1,1
19951,77,68,9,9
19952,110,110,0,0
19953,186,180,6,6
19954,60,55,5,5
19955,68,62,6,6
19956,125,123,2,2
19957,52,46,6,6
19958,75,69,6,6
19959,109,108,1,1
19960,44,53,-9,9
19961,123,116,7,7
19962,123,118,5,5
19963,69,63,6,6
19964,51,55,-4,4
19965,148,138,10,10
19966,104,92,12,12
19967,64,69,-5,5
19968,82,96,-14,14
19969,82,76,6,6
19970,135,139,-4,4
19971,54,58,-4,4
19972,88,72,16,16
19973,88,77,11,11
19974,102,100,2,2
19975,45,50,-5,5
19976,85,81,4,4
19977,117,105,12,12
19978,124,116,8,8
19979,60,68,-8,8
19980,40,62,-22,22
19981,133,132,1,1
19982,101,98,3,3
19983,80,75,5,5
19984,90,101,-11,11
19985,85,81,4,4
19986,68,63,5,5
19987,150,155,-5,5
19988,86,82,4,4
19989,105,106,-1,1
19990,45,56,-11,11
19991,149,161,-12,12
19992,74,74,0,0
19993,40,50,-10,10
19994,75,77,-2,2
19995,47,54,-7,7
19996,70,73,-3,3
19997,56,56,0,0
19998,46,44,2,2
19999,98,100,-2,2
20000,107,98,9,9
20001,121,113,8,8
20002,192,195,-3,3
20003,50,58,-8,8
20004,62,72,-10,10
20005,93,86,7,7
20006,96,102,-6,6
20007,72,66,6,6
20008,134,137,-3,3
20009,98,100,-2,2
20010,159,148,11,11
20011,115,106,9,9
20012,54,45,9,9
20013,60,60,0,0
20014,80,77,3,3
20015,103,99,4,4
20016,89,77,12,12
20017,118,123,-5,5
20018,109,103,6,6
20019,65,69,-4,4
20020,62,65,-3,3
20021,100,92,8,8
20022,127,133,-6,6
20023,54,57,-3,3
20024,113,105,8,8
20025,122,114,8,8
20026,140,121,19,19
20027,71,73,-2,2
20028,86,93,-7,7
20029,94,98,-4,4
20030,124,122,2,2
20031,59,62,-3,3
20032,115,111,4,4
20033,61,53,8,8
20034,65,63,2,2
20035,79,93,-14,14
20036,122,114,8,8
20037,97,99,-2,2
20038,64,63,1,1
20039,107,97,10,10
20040,109,114,-5,5
20041,70,67,3,3
20042,63,61,2,2
20043,104,100,4,4
20044,88,70,18,18
20045,91,94,-3,3
20046,136,134,2,2
20047,67,64,3,3
20048,65,57,8,8
20049,97,95,2,2
20050,114,120,-6,6
20051,122,137,-15,15
20052,76,63,13,13
20053,96,100,-4,4
20054,90,75,15,15
20055,68,66,2,2
20056,78,74,4,4
20057,158,149,9,9
20058,77,77,0,0
20059,65,60,5,5
20060,126,117,9,9
20061,102,94,8,8
20062,96,90,6,6
20063,120,133,-13,13
20064,44,47,-3,3
20065,68,71,-3,3
20066,170,178,-8,8
20067,40,46,-6,6
20068,43,52,-9,9
20069,95,81,14,14
20070,114,106,8,8
20071,60,68,-8,8
20072,35,45,-10,10
20073,70,61,9,9
20074,126,133,-7,7
20075,68,71,-3,3
20076,137,144,-7,7
20077,154,130,24,24
20078,139,137,2,2
20079,103,84,19,19
20080,82,65,17,17
20081,94,103,-9,9
20082,136,124,12,12
20083,81,67,14,14
20084,51,53,-2,2
20085,126,126,0,0
20086,89,130,-41,41
20087,88,88,0,0
20088,77,64,13,13
20089,83,82,1,1
20090,77,67,10,10
20091,84,81,3,3
20092,82,87,-5,5
20093,65,63,2,2
20094,113,99,14,14
20095,78,96,-18,18
20096,54,52,2,2
20097,94,100,-6,6
20098,59,59,0,0
20099,117,122,-5,5
20100,78,64,14,14
20101,48,41,7,7
20102,54,69,-15,15
20103,99,101,-2,2
20104,71,73,-2,2
20105,136,128,8,8
20106,45,44,1,1
20107,84,82,2,2
20108,82,83,-1,1
20109,45,54,-9,9
20110,125,93,32,32
20111,50,54,-4,4
20112,71,69,2,2
20113,89,79,10,10
20114,61,68,-7,7
20115,105,97,8,8
20116,143,140,3,3
20117,185,168,17,17
20118,48,52,-4,4
20119,98,95,3,3
20120,38,39,-1,1
20121,92,82,10,10
20122,139,136,3,3
20123,99,96,3,3
20124,106,97,9,9
20125,60,78,-18,18
20126,96,79,17,17
20127,138,148,-10,10
20128,83,85,-2,2
20129,152,123,29,29
20130,115,108,7,7
20131,84,96,-12,12
20132,133,126,7,7
20133,128,125,3,3
20134,78,81,-3,3
20135,93,93,0,0
20136,105,102,3,3
20137,90,87,3,3
20138,205,178,27,27
20139,80,74,6,6
20140,80,82,-2,2
20141,118,94,24,24
20142,60,68,-8,8
20143,101,93,8,8
20144,95,88,7,7
20145,130,142,-12,12
20146,113,112,1,1
20147,79,87,-8,8
20148,88,88,0,0
20149,109,105,4,4
20150,98,95,3,3
20151,70,63,7,7
20152,92,71,21,21
20153,157,168,-11,11
20154,44,46,-2,2
20155,95,91,4,4
20156,87,83,4,4
20157,109,84,25,25
20158,111,114,-3,3
20159,86,78,8,8
20160,149,149,0,0
20161,111,101,10,10
20162,45,49,-4,4
20163,150,158,-8,8
20164,89,73,16,16
20165,67,67,0,0
20166,87,92,-5,5
20167,150,141,9,9
20168,124,107,17,17
20169,96,92,4,4
20170,125,128,-3,3
20171,116,127,-11,11
20172,80,80,0,0
20173,156,138,18,18
20174,159,163,-4,4
20175,108,102,6,6
20176,90,88,2,2
20177,117,111,6,6
20178,139,129,10,10
20179,87,87,0,0
20180,79,67,12,12
20181,103,100,3,3
20182,157,134,23,23
20183,159,177,-18,18
20184,46,81,-35,35
20185,84,94,-10,10
20186,62,64,-2,2
20187,99,98,1,1
20188,62,65,-3,3
20189,87,97,-10,10
20190,186,185,1,1
20191,104,95,9,9
20192,83,85,-2,2
20193,82,78,4,4
20194,82,84,-2,2
20195,116,117,-1,1
20196,48,50,-2,2
20197,72,82,-10,10
20198,81,79,2,2
20199,89,93,-4,4
20200,66,61,5,5
20201,99,102,-3,3
20202,97,89,8,8
20203,83,86,-3,3
20204,57,56,1,1
20205,95,95,0,0
20206,81,78,3,3
20207,77,83,-6,6
20208,65,61,4,4
20209,109,110,-1,1
20210,58,62,-4,4
20211,38,52,-14,14
20212,109,108,1,1
20213,128,126,2,2
20214,68,55,13,13
20215,134,131,3,3
20216,80,78,2,2
20217,197,188,9,9
20218,105,98,7,7
20219,78,79,-1,1
20220,99,118,-19,19
20221,88,86,2,2
20222,105,97,8,8
20223,63,82,-19,19
20224,76,102,-26,26
20225,80,81,-1,1
20226,68,67,1,1
20227,97,97,0,0
20228,107,104,3,3
20229,96,82,14,14
20230,120,126,-6,6
20231,110,100,10,10
20232,67,70,-3,3
20233,154,141,13,13
20234,133,121,12,12
20235,98,85,13,13
20236,93,91,2,2
20237,93,96,-3,3
20238,95,101,-6,6
20239,96,90,6,6
20240,66,70,-4,4
20241,54,59,-5,5
20242,89,87,2,2
20243,165,153,12,12
20244,189,183,6,6
20245,62,69,-7,7
20246,49,48,1,1
20247,59,51,8,8
20248,82,74,8,8
20249,75,69,6,6
20250,121,109,12,12
20251,116,87,29,29
20252,185,188,-3,3
20253,139,136,3,3
20254,73,74,-1,1
20255,147,146,1,1
20256,109,116,-7,7
20257,119,121,-2,2
20258,83,72,11,11
20259,122,126,-4,4
20260,84,90,-6,6
20261,130,127,3,3
20262,137,144,-7,7
20263,96,98,-2,2
20264,81,77,4,4
20265,123,116,7,7
20266,83,66,17,17
20267,104,102,2,2
20268,121,102,19,19
20269,130,127,3,3
20270,104,89,15,15
20271,107,103,4,4
20272,121,106,15,15
20273,76,74,2,2
20274,59,58,1,1
20275,127,126,1,1
20276,179,192,-13,13
20277,70,70,0,0
20278,83,88,-5,5
20279,83,92,-9,9
20280,52,73,-21,21
20281,58,65,-7,7
20282,116,120,-4,4
20283,57,62,-5,5
20284,107,97,10,10
20285,164,170,-6,6
20286,110,101,9,9
20287,101,103,-2,2
20288,159,149,10,10
20289,103,111,-8,8
20290,133,138,-5,5
20291,59,74,-15,15
20292,93,104,-11,11
20293,129,118,11,11
20294,49,68,-19,19
20295,98,89,9,9
20296,100,93,7,7
20297,131,133,-2,2
20298,140,142,-2,2
20299,87,87,0,0
20300,138,114,24,24
20301,145,143,2,2
20302,124,120,4,4
20303,111,105,6,6
20304,128,123,5,5
20305,83,70,13,13
20306,90,97,-7,7
20307,96,107,-11,11
20308,160,152,8,8
20309,75,71,4,4
20310,83,85,-2,2
20311,115,120,-5,5
20312,78,81,-3,3
20313,91,88,3,3
20314,60,64,-4,4
20315,92,93,-1,1
20316,107,96,11,11
20317,94,102,-8,8
20318,75,103,-28,28
20319,60,52,8,8
20320,58,66,-8,8
20321,103,102,1,1
20322,68,65,3,3
20323,141,130,11,11
20324,89,95,-6,6
20325,172,159,13,13
20326,147,141,6,6
20327,94,78,16,16
20328,128,126,2,2
20329,76,73,3,3
20330,97,83,14,14
20331,110,116,-6,6
20332,89,97,-8,8
20333,72,65,7,7
20334,104,113,-9,9
20335,82,93,-11,11
20336,87,87,0,0
20337,96,90,6,6
20338,94,105,-11,11
20339,158,163,-5,5
20340,102,103,-1,1
20341,62,66,-4,4
20342,53,59,-6,6
20343,98,95,3,3
20344,96,85,11,11
20345,79,79,0,0
20346,131,125,6,6
20347,44,47,-3,3
20348,102,88,14,14
20349,69,78,-9,9
20350,106,107,-1,1
20351,128,135,-7,7
20352,49,58,-9,9
20353,123,111,12,12
20354,191,168,23,23
20355,116,105,11,11
20356,127,121,6,6
20357,42,40,2,2
20358,124,92,32,32
20359,92,104,-12,12
20360,143,122,21,21
20361,68,64,4,4
20362,111,107,4,4
20363,120,131,-11,11
20364,93,89,4,4
20365,46,52,-6,6
20366,116,111,5,5
20367,84,80,4,4
20368,39,46,-7,7
20369,70,61,9,9
20370,59,69,-10,10
20371,107,131,-24,24
20372,59,54,5,5
20373,115,110,5,5
20374,92,101,-9,9
20375,105,117,-12,12
20376,110,99,11,11
20377,60,57,3,3
20378,119,101,18,18
20379,106,108,-2,2
20380,90,81,9,9
20381,63,64,-1,1
20382,103,97,6,6
20383,105,114,-9,9
20384,98,109,-11,11
20385,48,53,-5,5
20386,110,137,-27,27
20387,119,112,7,7
20388,86,87,-1,1
20389,82,100,-18,18
20390,65,65,0,0
20391,89,87,2,2
20392,118,122,-4,4
20393,146,126,20,20
20394,65,74,-9,9
20395,125,121,4,4
20396,87,89,-2,2
20397,89,92,-3,3
20398,75,72,3,3
20399,87,82,5,5
20400,130,129,1,1
20401,51,49,2,2
20402,129,125,4,4
20403,81,73,8,8
20404,80,84,-4,4
20405,66,61,5,5
20406,47,55,-8,8
20407,103,111,-8,8
20408,77,93,-16,16
20409,60,59,1,1
20410,133,126,7,7
20411,66,61,5,5
20412,161,151,10,10
20413,101,94,7,7
20414,80,89,-9,9
20415,124,133,-9,9
20416,140,132,8,8
20417,120,105,15,15
20418,141,131,10,10
20419,90,84,6,6
20420,54,58,-4,4
20421,63,64,-1,1
20422,115,115,0,0
20423,59,63,-4,4
20424,68,69,-1,1
20425,51,60,-9,9
20426,56,62,-6,6
20427,69,81,-12,12
20428,71,72,-1,1
20429,103,104,-1,1
20430,94,96,-2,2
20431,157,180,-23,23
20432,122,112,10,10
20433,111,118,-7,7
20434,120,114,6,6
20435,103,91,12,12
20436,62,66,-4,4
20437,130,134,-4,4
20438,81,85,-4,4
20439,166,154,12,12
20440,79,85,-6,6
20441,90,91,-1,1
20442,91,91,0,0
20443,44,53,-9,9
20444,87,93,-6,6
20445,117,116,1,1
20446,101,108,-7,7
20447,106,119,-13,13
20448,102,96,6,6
20449,74,77,-3,3
20450,175,168,7,7
20451,71,80,-9,9
20452,122,114,8,8
20453,165,163,2,2
20454,134,126,8,8
20455,192,147,45,45
20456,80,69,11,11
20457,65,63,2,2
20458,105,113,-8,8
20459,121,110,11,11
20460,84,88,-4,4
20461,106,98,8,8
20462,91,82,9,9
20463,174,181,-7,7
20464,64,51,13,13
20465,58,69,-11,11
20466,76,66,10,10
20467,70,77,-7,7
20468,143,139,4,4
20469,92,88,4,4
20470,94,93,1,1
20471,95,87,8,8
20472,119,116,3,3
20473,101,85,16,16
20474,110,103,7,7
20475,144,159,-15,15
20476,129,143,-14,14
20477,79,73,6,6
20478,99,102,-3,3
20479,85,81,4,4
20480,142,132,10,10
20481,77,88,-11,11
20482,62,62,0,0
20483,122,125,-3,3
20484,106,112,-6,6
20485,52,47,5,5
20486,79,71,8,8
20487,95,82,13,13
20488,77,80,-3,3
20489,89,92,-3,3
20490,70,75,-5,5
20491,97,97,0,0
20492,100,109,-9,9
20493,79,70,9,9
20494,138,138,0,0
20495,123,113,10,10
20496,152,128,24,24
20497,135,132,3,3
20498,83,82,1,1
20499,118,105,13,13
20500,91,84,7,7
20501,83,85,-2,2
20502,77,76,1,1
20503,69,76,-7,7
20504,68,66,2,2
20505,139,132,7,7
20506,171,168,3,3
20507,80,90,-10,10
20508,83,76,7,7
20509,108,104,4,4
20510,92,95,-3,3
20511,59,68,-9,9
20512,74,69,5,5
20513,62,69,-7,7
20514,138,135,3,3
20515,55,58,-3,3
20516,85,77,8,8
20517,77,73,4,4
20518,39,41,-2,2
20519,65,65,0,0
20520,109,114,-5,5
20521,91,96,-5,5
20522,74,66,8,8
20523,74,73,1,1
20524,154,157,-3,3
20525,153,148,5,5
20526,40,41,-1,1
20527,110,110,0,0
20528,63,67,-4,4
20529,114,107,7,7
20530,114,125,-11,11
20531,62,67,-5,5
20532,81,75,6,6
20533,49,54,-5,5
20534,63,62,1,1
20535,93,91,2,2
20536,76,67,9,9
20537,146,147,-1,1
20538,87,80,7,7
20539,162,163,-1,1
20540,91,95,-4,4
20541,107,124,-17,17
20542,82,86,-4,4
20543,97,99,-2,2
20544,42,58,-16,16
20545,81,81,0,0
20546,115,107,8,8
20547,120,123,-3,3
20548,62,68,-6,6
20549,131,139,-8,8
20550,82,86,-4,4
20551,59,57,2,2
20552,127,121,6,6
20553,100,102,-2,2
20554,92,86,6,6
20555,55,60,-5,5
20556,111,107,4,4
20557,92,93,-1,1
20558,111,114,-3,3
20559,189,168,21,21
20560,93,80,13,13
20561,61,56,5,5
20562,50,45,5,5
20563,62,63,-1,1
20564,46,46,0,0
20565,145,153,-8,8
20566,82,84,-2,2
20567,83,82,1,1
20568,78,70,8,8
20569,69,62,7,7
20570,117,106,11,11
20571,142,144,-2,2
20572,111,113,-2,2
20573,72,65,7,7
20574,95,86,9,9
20575,141,128,13,13
20576,179,168,11,11
20577,85,89,-4,4
20578,286,239,47,47
20579,87,83,4,4
20580,93,92,1,1
20581,87,83,4,4
20582,49,59,-10,10
20583,87,87,0,0
20584,143,108,35,35
20585,98,117,-19,19
20586,70,71,-1,1
20587,112,117,-5,5
20588,53,58,-5,5
20589,55,52,3,3
20590,88,82,6,6
20591,113,112,1,1
20592,86,85,1,1
20593,59,56,3,3
20594,62,56,6,6
20595,71,83,-12,12
20596,102,117,-15,15
20597,69,70,-1,1
20598,117,113,4,4
20599,79,77,2,2
20600,131,133,-2,2
20601,45,47,-2,2
20602,81,78,3,3
20603,62,78,-16,16
20604,82,85,-3,3
20605,86,86,0,0
20606,52,47,5,5
20607,79,75,4,4
20608,108,101,7,7
20609,62,61,1,1
20610,94,94,0,0
20611,74,87,-13,13
20612,136,125,11,11
20613,151,136,15,15
20614,145,153,-8,8
20615,99,98,1,1
20616,169,177,-8,8
20617,69,75,-6,6
20618,54,54,0,0
20619,93,83,10,10
20620,106,103,3,3
20621,77,70,7,7
20622,100,116,-16,16
20623,96,100,-4,4
20624,56,46,10,10
20625,99,94,5,5
20626,115,120,-5,5
20627,90,85,5,5
20628,56,68,-12,12
20629,83,75,8,8
20630,117,112,5,5
20631,75,77,-2,2
20632,88,82,6,6
20633,80,79,1,1
20634,150,129,21,21
20635,126,107,19,19
20636,92,103,-11,11
20637,117,111,6,6
20638,75,82,-7,7
20639,92,81,11,11
20640,72,79,-7,7
20641,45,54,-9,9
20642,55,69,-14,14
20643,123,129,-6,6
20644,127,119,8,8
20645,128,136,-8,8
20646,161,166,-5,5
20647,130,128,2,2
20648,87,77,10,10
20649,223,188,35,35
20650,79,84,-5,5
20651,155,148,7,7
20652,77,73,4,4
20653,82,71,11,11
20654,101,104,-3,3
20655,89,92,-3,3
20656,106,109,-3,3
20657,68,63,5,5
20658,98,96,2,2
20659,102,106,-4,4
20660,88,75,13,13
20661,102,95,7,7
20662,173,156,17,17
20663,52,66,-14,14
20664,114,114,0,0
20665,85,73,12,12
20666,86,90,-4,4
20667,77,64,13,13
20668,81,77,4,4
20669,89,85,4,4
20670,149,122,27,27
20671,68,76,-8,8
20672,77,70,7,7
20673,83,80,3,3
20674,71,69,2,2
20675,71,75,-4,4
20676,91,92,-1,1
20677,56,73,-17,17
20678,80,85,-5,5
20679,129,123,6,6
20680,95,88,7,7
20681,114,103,11,11
20682,149,144,5,5
20683,74,65,9,9
20684,84,74,10,10
20685,72,69,3,3
20686,119,114,5,5
20687,82,66,16,16
20688,94,118,-24,24
20689,89,100,-11,11
20690,45,49,-4,4
20691,77,64,13,13
20692,169,180,-11,11
20693,100,84,16,16
20694,114,103,11,11
20695,95,90,5,5
20696,97,114,-17,17
20697,224,207,17,17
20698,96,95,1,1
20699,66,73,-7,7
20700,97,98,-1,1
20701,113,111,2,2
20702,107,100,7,7
20703,59,69,-10,10
20704,148,161,-13,13
20705,66,56,10,10
20706,151,157,-6,6
20707,87,79,8,8
20708,119,106,13,13
20709,63,56,7,7
20710,122,123,-1,1
20711,75,67,8,8
20712,142,136,6,6
20713,33,41,-8,8
20714,86,90,-4,4
20715,33,34,-1,1
20716,144,121,23,23
20717,124,117,7,7
20718,77,72,5,5
20719,144,141,3,3
20720,88,93,-5,5
20721,87,96,-9,9
20722,45,58,-13,13
20723,104,87,17,17
20724,70,72,-2,2
20725,87,79,8,8
20726,139,138,1,1
20727,136,136,0,0
20728,85,74,11,11
20729,106,113,-7,7
20730,134,125,9,9
20731,98,92,6,6
20732,77,76,1,1
20733,131,133,-2,2
20734,125,151,-26,26
20735,76,78,-2,2
20736,110,84,26,26
20737,123,115,8,8
20738,56,51,5,5
20739,62,61,1,1
20740,59,58,1,1
20741,96,103,-7,7
20742,107,94,13,13
20743,126,138,-12,12
20744,114,116,-2,2
20745,85,89,-4,4
20746,63,57,6,6
20747,59,76,-17,17
20748,80,71,9,9
20749,93,89,4,4
20750,82,89,-7,7
20751,73,69,4,4
20752,133,121,12,12
20753,145,137,8,8
20754,78,77,1,1
20755,89,83,6,6
20756,81,71,10,10
20757,100,99,1,1
20758,129,137,-8,8
20759,80,85,-5,5
20760,122,114,8,8
20761,26,49,-23,23
20762,151,153,-2,2
20763,118,124,-6,6
20764,146,131,15,15
20765,75,69,6,6
20766,80,113,-33,33
20767,52,61,-9,9
20768,128,118,10,10
20769,76,90,-14,14
20770,73,76,-3,3
20771,55,78,-23,23
20772,94,93,1,1
20773,115,107,8,8
20774,70,67,3,3
20775,125,114,11,11
20776,50,48,2,2
20777,90,93,-3,3
20778,110,102,8,8
20779,120,129,-9,9
20780,62,65,-3,3
20781,78,91,-13,13
20782,132,130,2,2
20783,46,44,2,2
20784,140,152,-12,12
20785,97,93,4,4
20786,53,52,1,1
20787,93,97,-4,4
20788,145,131,14,14
20789,84,84,0,0
20790,121,122,-1,1
20791,124,128,-4,4
20792,65,61,4,4
20793,129,141,-12,12
20794,111,107,4,4
20795,81,65,16,16
20796,87,71,16,16
20797,64,64,0,0
20798,92,81,11,11
20799,74,71,3,3
20800,78,72,6,6
20801,72,86,-14,14
20802,101,102,-1,1
20803,35,43,-8,8
20804,171,159,12,12
20805,54,51,3,3
20806,155,180,-25,25
20807,151,149,2,2
20808,45,53,-8,8
20809,87,84,3,3
20810,115,110,5,5
20811,75,64,11,11
20812,89,91,-2,2
20813,134,117,17,17
20814,65,63,2,2
20815,51,49,2,2
20816,33,40,-7,7
20817,85,95,-10,10
20818,114,110,4,4
20819,120,114,6,6
20820,83,81,2,2
20821,106,107,-1,1
20822,41,52,-11,11
20823,101,119,-18,18
20824,134,122,12,12
20825,132,129,3,3
20826,53,52,1,1
20827,89,79,10,10
20828,120,130,-10,10
20829,106,112,-6,6
20830,165,137,28,28
20831,59,66,-7,7
20832,77,70,7,7
20833,105,93,12,12
20834,113,118,-5,5
20835,85,82,3,3
20836,57,53,4,4
20837,101,108,-7,7
20838,109,104,5,5
20839,129,140,-11,11
20840,75,85,-10,10
20841,143,141,2,2
20842,48,54,-6,6
20843,115,122,-7,7
20844,57,108,-51,51
20845,76,74,2,2
20846,79,74,5,5
20847,107,104,3,3
20848,61,70,-9,9
20849,134,132,2,2
20850,93,96,-3,3
20851,141,146,-5,5
20852,81,67,14,14
20853,65,77,-12,12
20854,148,143,5,5
20855,70,71,-1,1
20856,78,87,-9,9
20857,46,47,-1,1
20858,108,117,-9,9
20859,94,91,3,3
20860,165,163,2,2
20861,83,90,-7,7
20862,131,127,4,4
20863,91,79,12,12
20864,86,118,-32,32
20865,99,99,0,0
20866,111,90,21,21
20867,93,89,4,4
20868,82,47,35,35
20869,60,72,-12,12
20870,89,79,10,10
20871,153,158,-5,5
20872,102,101,1,1
20873,92,98,-6,6
20874,102,100,2,2
20875,118,130,-12,12
20876,75,62,13,13
20877,176,171,5,5
20878,129,124,5,5
20879,69,83,-14,14
20880,83,83,0,0
20881,124,122,2,2
20882,68,53,15,15
20883,102,103,-1,1
20884,63,58,5,5
20885,96,110,-14,14
20886,120,125,-5,5
20887,75,78,-3,3
20888,111,112,-1,1
20889,181,167,14,14
20890,82,79,3,3
20891,132,136,-4,4
20892,48,78,-30,30
20893,75,76,-1,1
20894,64,64,0,0
20895,41,39,2,2
20896,64,76,-12,12
20897,97,89,8,8
20898,77,82,-5,5
20899,91,82,9,9
20900,51,52,-1,1
20901,68,67,1,1
20902,121,134,-13,13
20903,86,90,-4,4
20904,59,60,-1,1
20905,107,97,10,10
20906,84,82,2,2
20907,55,54,1,1
20908,76,103,-27,27
20909,93,84,9,9
20910,40,45,-5,5
20911,118,100,18,18
20912,156,157,-1,1
20913,126,124,2,2
20914,74,63,11,11
20915,96,97,-1,1
20916,121,110,11,11
20917,76,64,12,12
20918,122,135,-13,13
20919,89,81,8,8
20920,59,55,4,4
20921,84,71,13,13
20922,83,79,4,4
20923,73,70,3,3
20924,63,62,1,1
20925,64,64,0,0
20926,125,116,9,9
20927,101,90,11,11
20928,122,135,-13,13
20929,63,57,6,6
20930,107,109,-2,2
20931,68,61,7,7
20932,74,67,7,7
20933,102,93,9,9
20934,119,126,-7,7
20935,106,94,12,12
20936,66,71,-5,5
20937,87,86,1,1
20938,85,86,-1,1
20939,66,54,12,12
20940,145,141,4,4
20941,180,162,18,18
20942,75,79,-4,4
20943,63,71,-8,8
20944,144,149,-5,5
20945,66,56,10,10
20946,49,51,-2,2
20947,98,95,3,3
20948,77,78,-1,1
20949,105,104,1,1
20950,81,97,-16,16
20951,92,84,8,8
20952,104,113,-9,9
20953,151,148,3,3
20954,51,50,1,1
20955,124,132,-8,8
20956,84,81,3,3
20957,58,60,-2,2
20958,108,101,7,7
20959,41,45,-4,4
20960,151,131,20,20
20961,113,99,14,14
20962,138,129,9,9
20963,70,74,-4,4
20964,106,106,0,0
20965,95,100,-5,5
20966,121,116,5,5
20967,66,69,-3,3
20968,98,98,0,0
20969,70,73,-3,3
20970,142,133,9,9
20971,139,137,2,2
20972,62,53,9,9
20973,138,144,-6,6
20974,70,68,2,2
20975,138,99,39,39
20976,105,88,17,17
20977,61,64,-3,3
20978,113,119,-6,6
20979,173,159,14,14
20980,94,96,-2,2
20981,90,84,6,6
20982,112,105,7,7
20983,43,41,2,2
20984,140,139,1,1
20985,197,205,-8,8
20986,116,97,19,19
20987,229,205,24,24
20988,119,115,4,4
20989,80,62,18,18
20990,115,118,-3,3
20991,61,66,-5,5
20992,41,47,-6,6
20993,101,96,5,5
20994,185,186,-1,1
20995,46,54,-8,8
20996,221,208,13,13
20997,113,110,3,3
20998,60,62,-2,2
20999,116,87,29,29
21000,125,120,5,5
21001,99,99,0,0
21002,97,117,-20,20
21003,171,167,4,4
21004,79,81,-2,2
21005,73,75,-2,2
21006,80,88,-8,8
21007,148,124,24,24
21008,111,129,-18,18
21009,110,110,0,0
21010,84,90,-6,6
21011,60,70,-10,10
21012,94,79,15,15
21013,57,58,-1,1
21014,118,115,3,3
21015,115,113,2,2
21016,118,128,-10,10
21017,133,119,14,14
21018,67,70,-3,3
21019,148,142,6,6
21020,34,80,-46,46
21021,59,56,3,3
21022,71,69,2,2
21023,59,56,3,3
21024,58,70,-12,12
21025,61,60,1,1
21026,105,87,18,18
21027,144,139,5,5
21028,135,135,0,0
21029,120,122,-2,2
21030,180,185,-5,5
21031,177,156,21,21
21032,115,126,-11,11
21033,138,126,12,12
21034,113,98,15,15
21035,97,92,5,5
21036,88,84,4,4
21037,108,112,-4,4
21038,106,99,7,7
21039,81,74,7,7
21040,105,99,6,6
21041,30,31,-1,1
21042,97,93,4,4
21043,39,51,-12,12
21044,57,54,3,3
21045,92,106,-14,14
21046,85,72,13,13
21047,94,83,11,11
21048,165,154,11,11
21049,119,129,-10,10
21050,120,113,7,7
21051,139,126,13,13
21052,42,44,-2,2
21053,78,75,3,3
21054,78,82,-4,4
21055,73,67,6,6
21056,84,80,4,4
21057,159,150,9,9
21058,84,80,4,4
21059,133,130,3,3
21060,87,90,-3,3
21061,147,140,7,7
21062,83,77,6,6
21063,51,57,-6,6
21064,107,103,4,4
21065,62,58,4,4
21066,94,81,13,13
21067,62,56,6,6
21068,79,71,8,8
21069,177,161,16,16
21070,104,79,25,25
21071,85,98,-13,13
21072,100,96,4,4
21073,69,65,4,4
21074,119,130,-11,11
21075,90,77,13,13
21076,82,76,6,6
21077,54,48,6,6
21078,115,98,17,17
21079,74,70,4,4
21080,113,110,3,3
21081,56,59,-3,3
21082,68,74,-6,6
21083,195,190,5,5
21084,150,134,16,16
21085,62,74,-12,12
21086,71,69,2,2
21087,81,80,1,1
21088,131,135,-4,4
21089,90,90,0,0
21090,86,91,-5,5
21091,168,178,-10,10
21092,101,91,10,10
21093,109,111,-2,2
21094,71,102,-31,31
21095,67,71,-4,4
21096,115,108,7,7
21097,95,78,17,17
21098,84,90,-6,6
21099,74,78,-4,4
21100,69,70,-1,1
21101,63,67,-4,4
21102,127,117,10,10
21103,82,88,-6,6
21104,78,70,8,8
21105,78,76,2,2
21106,147,137,10,10
21107,96,94,2,2
21108,72,80,-8,8
21109,65,59,6,6
21110,107,112,-5,5
21111,119,109,10,10
21112,101,97,4,4
21113,162,148,14,14
21114,119,113,6,6
21115,93,103,-10,10
21116,102,103,-1,1
21117,145,144,1,1
21118,94,84,10,10
21119,83,86,-3,3
21120,166,156,10,10
21121,63,64,-1,1
21122,90,90,0,0
21123,53,51,2,2
21124,103,105,-2,2
21125,117,111,6,6
21126,99,97,2,2
21127,44,55,-11,11
21128,149,143,6,6
21129,104,100,4,4
21130,225,206,19,19
21131,101,94,7,7
21132,101,104,-3,3
21133,76,70,6,6
21134,80,73,7,7
21135,70,65,5,5
21136,130,96,34,34
21137,148,130,18,18
21138,70,80,-10,10
21139,137,148,-11,11
21140,59,60,-1,1
21141,71,70,1,1
21142,134,133,1,1
21143,116,100,16,16
21144,104,104,0,0
21145,63,65,-2,2
21146,61,54,7,7
21147,89,109,-20,20
21148,61,53,8,8
21149,97,96,1,1
21150,102,96,6,6
21151,63,65,-2,2
21152,165,168,-3,3
21153,88,96,-8,8
21154,112,102,10,10
21155,90,88,2,2
21156,179,177,2,2
21157,89,86,3,3
21158,19,30,-11,11
21159,123,119,4,4
21160,111,141,-30,30
21161,89,77,12,12
21162,86,96,-10,10
21163,92,85,7,7
21164,93,90,3,3
21165,91,85,6,6
21166,70,66,4,4
21167,105,103,2,2
21168,85,78,7,7
21169,78,65,13,13
21170,112,113,-1,1
21171,96,95,1,1
21172,54,56,-2,2
21173,121,117,4,4
21174,131,130,1,1
21175,66,60,6,6
21176,61,66,-5,5
21177,80,80,0,0
21178,89,81,8,8
21179,74,70,4,4
21180,65,73,-8,8
21181,101,106,-5,5
21182,97,81,16,16
21183,108,111,-3,3
21184,96,108,-12,12
21185,132,126,6,6
21186,62,58,4,4
21187,82,75,7,7
21188,154,137,17,17
21189,82,87,-5,5
21190,50,46,4,4
21191,68,63,5,5
21192,124,126,-2,2
21193,74,62,12,12
21194,149,146,3,3
21195,59,65,-6,6
21196,56,53,3,3
21197,58,58,0,0
21198,151,159,-8,8
21199,113,106,7,7
21200,74,96,-22,22
21201,71,69,2,2
21202,86,83,3,3
21203,65,58,7,7
21204,69,84,-15,15
21205,161,159,2,2
21206,89,89,0,0
21207,36,49,-13,13
21208,55,53,2,2
21209,97,94,3,3
21210,89,80,9,9
21211,64,59,5,5
21212,98,98,0,0
21213,89,80,9,9
21214,44,36,8,8
21215,162,160,2,2
21216,126,135,-9,9
21217,82,88,-6,6
21218,77,92,-15,15
21219,81,78,3,3
21220,137,140,-3,3
21221,69,65,4,4
21222,86,84,2,2
21223,67,71,-4,4
21224,101,97,4,4
21225,74,77,-3,3
21226,71,68,3,3
21227,66,64,2,2
21228,104,113,-9,9
21229,111,123,-12,12
21230,86,88,-2,2
21231,96,87,9,9
21232,79,78,1,1
21233,183,189,-6,6
21234,89,84,5,5
21235,133,125,8,8
21236,80,75,5,5
21237,72,68,4,4
21238,109,91,18,18
21239,107,98,9,9
21240,84,79,5,5
21241,67,67,0,0
21242,102,97,5,5
21243,66,193,-127,127
21244,132,137,-5,5
21245,103,103,0,0
21246,91,96,-5,5
21247,111,116,-5,5
21248,110,102,8,8
21249,156,163,-7,7
21250,44,44,0,0
21251,48,60,-12,12
21252,79,87,-8,8
21253,58,52,6,6
21254,134,127,7,7
21255,105,104,1,1
21256,79,72,7,7
21257,124,161,-37,37
21258,109,102,7,7
21259,79,69,10,10
21260,66,71,-5,5
21261,93,87,6,6
21262,93,91,2,2
21263,85,91,-6,6
21264,92,89,3,3
21265,103,108,-5,5
21266,104,100,4,4
21267,108,101,7,7
21268,82,76,6,6
21269,92,87,5,5
21270,41,52,-11,11
21271,47,48,-1,1
21272,79,78,1,1
21273,101,109,-8,8
21274,66,70,-4,4
21275,83,77,6,6
21276,89,75,14,14
21277,55,53,2,2
21278,137,132,5,5
21279,92,81,11,11
21280,131,126,5,5
21281,99,91,8,8
21282,100,111,-11,11
21283,82,72,10,10
21284,57,58,-1,1
21285,74,83,-9,9
21286,79,78,1,1
21287,83,74,9,9
21288,118,103,15,15
21289,133,163,-30,30
21290,129,131,-2,2
21291,70,83,-13,13
21292,145,141,4,4
21293,149,108,41,41
21294,113,131,-18,18
21295,56,61,-5,5
21296,44,42,2,2
21297,89,100,-11,11
21298,90,89,1,1
21299,74,76,-2,2
21300,117,113,4,4
21301,65,59,6,6
21302,48,50,-2,2
21303,92,84,8,8
21304,72,66,6,6
21305,83,73,10,10
21306,63,59,4,4
21307,135,144,-9,9
21308,147,152,-5,5
21309,142,147,-5,5
21310,122,116,6,6
21311,77,71,6,6
21312,106,103,3,3
21313,65,65,0,0
21314,70,70,0,0
21315,124,117,7,7
21316,100,98,2,2
21317,56,56,0,0
21318,72,63,9,9
21319,83,74,9,9
21320,66,64,2,2
21321,45,48,-3,3
21322,162,165,-3,3
21323,85,82,3,3
21324,115,120,-5,5
21325,122,122,0,0
21326,72,66,6,6
21327,68,73,-5,5
21328,65,61,4,4
21329,84,80,4,4
21330,161,142,19,19
21331,149,139,10,10
21332,109,103,6,6
21333,57,57,0,0
21334,85,79,6,6
21335,100,93,7,7
21336,171,123,48,48
21337,73,73,0,0
21338,78,78,0,0
21339,67,79,-12,12
21340,122,133,-11,11
21341,84,71,13,13
21342,171,153,18,18
21343,87,92,-5,5
21344,140,124,16,16
21345,86,90,-4,4
21346,85,92,-7,7
21347,50,51,-1,1
21348,78,76,2,2
21349,67,58,9,9
21350,81,72,9,9
21351,75,68,7,7
21352,91,89,2,2
21353,119,114,5,5
21354,138,135,3,3
21355,58,51,7,7
21356,137,126,11,11
21357,88,85,3,3
21358,122,116,6,6
21359,106,96,10,10
21360,101,100,1,1
21361,88,90,-2,2
21362,83,72,11,11
21363,80,70,10,10
21364,111,115,-4,4
21365,183,178,5,5
21366,73,65,8,8
21367,97,93,4,4
21368,55,58,-3,3
21369,116,121,-5,5
21370,78,72,6,6
21371,99,97,2,2
21372,141,132,9,9
21373,56,51,5,5
21374,65,61,4,4
21375,72,62,10,10
21376,99,76,23,23
21377,96,82,14,14
21378,69,74,-5,5
21379,94,95,-1,1
21380,98,84,14,14
21381,55,52,3,3
21382,107,112,-5,5
21383,68,59,9,9
21384,84,92,-8,8
21385,65,59,6,6
21386,177,159,18,18
21387,62,55,7,7
21388,182,171,11,11
21389,72,55,17,17
21390,151,152,-1,1
21391,80,78,2,2
21392,122,119,3,3
21393,136,122,14,14
21394,141,143,-2,2
21395,88,77,11,11
21396,88,76,12,12
21397,127,124,3,3
21398,92,95,-3,3
21399,74,68,6,6
21400,111,107,4,4
21401,204,195,9,9
21402,111,93,18,18
21403,59,53,6,6
21404,129,111,18,18
21405,107,102,5,5
21406,104,92,12,12
21407,76,77,-1,1
21408,113,121,-8,8
21409,110,112,-2,2
21410,69,63,6,6
21411,67,61,6,6
21412,85,82,3,3
21413,94,99,-5,5
21414,93,91,2,2
21415,90,88,2,2
21416,61,41,20,20
21417,56,49,7,7
21418,114,108,6,6
21419,71,66,5,5
21420,86,104,-18,18
21421,114,115,-1,1
21422,50,56,-6,6
21423,155,152,3,3
21424,108,112,-4,4
21425,104,86,18,18
21426,89,82,7,7
21427,75,68,7,7
21428,149,151,-2,2
21429,94,91,3,3
21430,63,73,-10,10
21431,127,140,-13,13
21432,103,103,0,0
21433,90,78,12,12
21434,64,68,-4,4
21435,144,139,5,5
21436,119,110,9,9
21437,45,55,-10,10
21438,78,73,5,5
21439,45,53,-8,8
21440,113,105,8,8
21441,89,90,-1,1
21442,122,129,-7,7
21443,93,95,-2,2
21444,54,57,-3,3
21445,89,73,16,16
21446,85,76,9,9
21447,101,104,-3,3
21448,132,145,-13,13
21449,47,42,5,5
21450,83,78,5,5
21451,89,75,14,14
21452,77,68,9,9
21453,150,134,16,16
21454,130,112,18,18
21455,85,85,0,0
21456,114,111,3,3
21457,155,158,-3,3
21458,63,59,4,4
21459,94,88,6,6
21460,42,38,4,4
21461,138,140,-2,2
21462,78,78,0,0
21463,79,74,5,5
21464,95,92,3,3
21465,80,71,9,9
21466,80,90,-10,10
21467,39,64,-25,25
21468,143,137,6,6
21469,88,79,9,9
21470,47,51,-4,4
21471,70,64,6,6
21472,174,168,6,6
21473,148,143,5,5
21474,185,176,9,9
21475,122,133,-11,11
21476,138,135,3,3
21477,99,97,2,2
21478,50,48,2,2
21479,104,89,15,15
21480,69,64,5,5
21481,127,120,7,7
21482,59,65,-6,6
21483,89,86,3,3
21484,81,81,0,0
21485,64,68,-4,4
21486,124,123,1,1
21487,75,84,-9,9
21488,102,99,3,3
21489,156,147,9,9
21490,81,77,4,4
21491,90,81,9,9
21492,58,85,-27,27
21493,153,141,12,12
21494,100,91,9,9
21495,133,125,8,8
21496,133,129,4,4
21497,68,67,1,1
21498,104,102,2,2
21499,74,62,12,12
21500,138,123,15,15
21501,83,84,-1,1
21502,125,143,-18,18
21503,98,101,-3,3
21504,92,88,4,4
21505,39,43,-4,4
21506,93,93,0,0
21507,47,55,-8,8
21508,72,72,0,0
21509,138,127,11,11
21510,81,81,0,0
21511,102,103,-1,1
21512,146,148,-2,2
21513,80,81,-1,1
21514,76,72,4,4
21515,130,140,-10,10
21516,138,131,7,7
21517,69,75,-6,6
21518,134,131,3,3
21519,73,70,3,3
21520,55,55,0,0
21521,68,71,-3,3
21522,78,93,-15,15
21523,85,90,-5,5
21524,118,115,3,3
21525,80,90,-10,10
21526,153,158,-5,5
21527,81,68,13,13
21528,85,80,5,5
21529,117,113,4,4
21530,126,124,2,2
21531,34,39,-5,5
21532,72,68,4,4
21533,138,125,13,13
21534,82,83,-1,1
21535,113,118,-5,5
21536,63,66,-3,3
21537,80,68,12,12
21538,67,62,5,5
21539,117,133,-16,16
21540,120,101,19,19
21541,75,76,-1,1
21542,117,101,16,16
21543,103,105,-2,2
21544,149,163,-14,14
21545,169,175,-6,6
21546,85,91,-6,6
21547,91,91,0,0
21548,121,124,-3,3
21549,95,110,-15,15
21550,123,131,-8,8
21551,36,51,-15,15
21552,71,77,-6,6
21553,106,104,2,2
21554,101,90,11,11
21555,60,73,-13,13
21556,68,64,4,4
21557,76,68,8,8
21558,91,81,10,10
21559,84,84,0,0
21560,97,94,3,3
21561,75,76,-1,1
21562,44,46,-2,2
21563,78,63,15,15
21564,55,49,6,6
21565,106,111,-5,5
21566,125,116,9,9
21567,185,167,18,18
21568,148,169,-21,21
21569,156,149,7,7
21570,128,127,1,1
21571,96,93,3,3
21572,99,87,12,12
21573,63,73,-10,10
21574,78,83,-5,5
21575,162,128,34,34
21576,75,77,-2,2
21577,103,97,6,6
21578,110,103,7,7
21579,116,116,0,0
21580,51,58,-7,7
21581,126,124,2,2
21582,37,49,-12,12
21583,109,117,-8,8
21584,115,118,-3,3
21585,70,66,4,4
21586,94,109,-15,15
21587,113,108,5,5
21588,91,88,3,3
21589,71,73,-2,2
21590,55,63,-8,8
21591,63,70,-7,7
21592,59,54,5,5
21593,81,77,4,4
21594,135,135,0,0
21595,95,95,0,0
21596,67,74,-7,7
21597,80,73,7,7
21598,73,81,-8,8
21599,98,91,7,7
21600,104,87,17,17
21601,63,60,3,3
21602,60,60,0,0
21603,117,101,16,16
21604,60,55,5,5
21605,127,121,6,6
21606,121,101,20,20
21607,118,123,-5,5
21608,80,74,6,6
21609,77,77,0,0
21610,104,94,10,10
21611,182,199,-17,17
21612,90,92,-2,2
21613,49,46,3,3
21614,86,87,-1,1
21615,88,86,2,2
21616,114,106,8,8
21617,56,50,6,6
21618,66,53,13,13
21619,68,94,-26,26
21620,88,88,0,0
21621,45,73,-28,28
21622,231,209,22,22
21623,136,129,7,7
21624,69,66,3,3
21625,123,127,-4,4
21626,60,53,7,7
21627,72,70,2,2
21628,84,85,-1,1
21629,123,121,2,2
21630,58,74,-16,16
21631,58,50,8,8
21632,71,56,15,15
21633,97,88,9,9
21634,61,60,1,1
21635,57,65,-8,8
21636,172,165,7,7
21637,62,58,4,4
21638,112,116,-4,4
21639,126,120,6,6
21640,85,76,9,9
21641,105,117,-12,12
21642,100,103,-3,3
21643,117,127,-10,10
21644,76,83,-7,7
21645,85,84,1,1
21646,187,162,25,25
21647,145,138,7,7
21648,64,68,-4,4
21649,107,103,4,4
21650,140,139,1,1
21651,46,57,-11,11
21652,63,52,11,11
21653,93,86,7,7
21654,111,111,0,0
21655,60,59,1,1
21656,120,120,0,0
21657,67,63,4,4
21658,157,152,5,5
21659,133,130,3,3
21660,112,122,-10,10
21661,119,123,-4,4
21662,86,83,3,3
21663,128,132,-4,4
21664,109,107,2,2
21665,133,128,5,5
21666,62,59,3,3
21667,167,164,3,3
21668,122,111,11,11
21669,42,43,-1,1
21670,66,53,13,13
21671,110,112,-2,2
21672,84,87,-3,3
21673,115,116,-1,1
21674,174,165,9,9
21675,85,83,2,2
21676,100,100,0,0
21677,56,62,-6,6
21678,72,70,2,2
21679,87,91,-4,4
21680,70,108,-38,38
21681,76,68,8,8
21682,89,88,1,1
21683,69,67,2,2
21684,175,162,13,13
21685,191,175,16,16
21686,66,72,-6,6
21687,145,145,0,0
21688,127,115,12,12
21689,54,55,-1,1
21690,70,65,5,5
21691,67,67,0,0
21692,77,68,9,9
21693,119,130,-11,11
21694,38,60,-22,22
21695,77,76,1,1
21696,49,42,7,7
21697,63,73,-10,10
21698,40,39,1,1
21699,69,77,-8,8
21700,35,47,-12,12
21701,93,78,15,15
21702,61,70,-9,9
21703,50,50,0,0
21704,113,103,10,10
21705,123,111,12,12
21706,75,74,1,1
21707,94,81,13,13
21708,71,74,-3,3
21709,114,111,3,3
21710,68,60,8,8
21711,129,140,-11,11
21712,61,61,0,0
21713,92,84,8,8
21714,76,69,7,7
21715,106,93,13,13
21716,123,121,2,2
21717,89,98,-9,9
21718,88,91,-3,3
21719,48,58,-10,10
21720,87,85,2,2
21721,53,72,-19,19
21722,120,103,17,17
21723,105,107,-2,2
21724,117,105,12,12
21725,128,121,7,7
21726,173,156,17,17
21727,85,81,4,4
21728,97,82,15,15
21729,101,97,4,4
21730,67,71,-4,4
21731,71,66,5,5
21732,89,77,12,12
21733,85,95,-10,10
21734,83,79,4,4
21735,78,72,6,6
21736,76,80,-4,4
21737,115,113,2,2
21738,68,56,12,12
21739,75,68,7,7
21740,106,88,18,18
21741,76,76,0,0
21742,123,115,8,8
21743,82,84,-2,2
21744,82,83,-1,1
21745,162,157,5,5
21746,64,69,-5,5
21747,66,60,6,6
21748,48,44,4,4
21749,86,90,-4,4
21750,59,65,-6,6
21751,118,120,-2,2
21752,75,76,-1,1
21753,138,128,10,10
21754,50,55,-5,5
21755,96,78,18,18
21756,68,69,-1,1
21757,83,86,-3,3
21758,93,109,-16,16
21759,78,84,-6,6
21760,45,45,0,0
21761,85,83,2,2
21762,123,113,10,10
21763,42,43,-1,1
21764,84,81,3,3
21765,123,115,8,8
21766,45,48,-3,3
21767,88,88,0,0
21768,85,76,9,9
21769,79,63,16,16
21770,75,69,6,6
21771,125,124,1,1
21772,33,47,-14,14
21773,84,87,-3,3
21774,117,120,-3,3
21775,79,74,5,5
21776,190,189,1,1
21777,112,114,-2,2
21778,86,86,0,0
21779,115,115,0,0
21780,74,68,6,6
21781,85,84,1,1
21782,28,40,-12,12
21783,45,53,-8,8
21784,115,121,-6,6
21785,92,82,10,10
21786,78,69,9,9
21787,129,127,2,2
21788,119,95,24,24
21789,78,80,-2,2
21790,78,59,19,19
21791,211,199,12,12
21792,95,104,-9,9
21793,101,107,-6,6
21794,163,152,11,11
21795,168,153,15,15
21796,109,109,0,0
21797,98,100,-2,2
21798,61,52,9,9
21799,131,136,-5,5
21800,74,65,9,9
21801,66,75,-9,9
21802,130,121,9,9
21803,71,68,3,3
21804,135,144,-9,9
21805,88,81,7,7
21806,150,165,-15,15
21807,152,138,14,14
21808,117,91,26,26
21809,133,128,5,5
21810,77,71,6,6
21811,75,66,9,9
21812,63,62,1,1
21813,73,62,11,11
21814,72,73,-1,1
21815,62,76,-14,14
21816,98,98,0,0
21817,103,92,11,11
21818,167,187,-20,20
21819,73,78,-5,5
21820,68,59,9,9
21821,104,100,4,4
21822,96,99,-3,3
21823,165,161,4,4
21824,128,127,1,1
21825,147,147,0,0
21826,139,137,2,2
21827,156,151,5,5
21828,86,86,0,0
21829,78,77,1,1
21830,78,72,6,6
21831,89,79,10,10
21832,115,111,4,4
21833,122,117,5,5
21834,47,64,-17,17
21835,60,65,-5,5
21836,87,96,-9,9
21837,77,71,6,6
21838,115,103,12,12
21839,105,93,12,12
21840,120,120,0,0
21841,95,98,-3,3
21842,103,93,10,10
21843,57,55,2,2
21844,132,128,4,4
21845,118,100,18,18
21846,134,124,10,10
21847,85,94,-9,9
21848,130,138,-8,8
21849,107,109,-2,2
21850,112,95,17,17
21851,63,65,-2,2
21852,176,165,11,11
21853,83,75,8,8
21854,88,100,-12,12
21855,141,126,15,15
21856,121,103,18,18
21857,119,110,9,9
21858,51,57,-6,6
21859,60,68,-8,8
21860,103,83,20,20
21861,122,118,4,4
21862,79,78,1,1
21863,103,95,8,8
21864,86,80,6,6
21865,58,62,-4,4
21866,103,99,4,4
21867,89,83,6,6
21868,94,88,6,6
21869,115,118,-3,3
21870,151,173,-22,22
21871,97,100,-3,3
21872,88,78,10,10
21873,78,74,4,4
21874,79,74,5,5
21875,51,49,2,2
21876,77,93,-16,16
21877,98,87,11,11
21878,160,143,17,17
21879,114,108,6,6
21880,95,94,1,1
21881,77,90,-13,13
21882,75,73,2,2
21883,142,136,6,6
21884,72,69,3,3
21885,150,143,7,7
21886,67,74,-7,7
21887,104,98,6,6
21888,95,100,-5,5
21889,116,106,10,10
21890,43,71,-28,28
21891,98,113,-15,15
21892,85,75,10,10
21893,93,93,0,0
21894,106,106,0,0
21895,99,95,4,4
21896,179,180,-1,1
21897,61,71,-10,10
21898,77,74,3,3
21899,64,59,5,5
21900,90,96,-6,6
21901,106,112,-6,6
21902,67,63,4,4
21903,102,100,2,2
21904,94,48,46,46
21905,92,83,9,9
21906,81,71,10,10
21907,84,79,5,5
21908,131,135,-4,4
21909,96,97,-1,1
21910,89,80,9,9
21911,107,100,7,7
21912,73,78,-5,5
21913,81,73,8,8
21914,69,72,-3,3
21915,73,69,4,4
21916,150,160,-10,10
21917,115,101,14,14
21918,90,80,10,10
21919,63,74,-11,11
21920,138,130,8,8
21921,125,126,-1,1
21922,111,114,-3,3
21923,124,100,24,24
21924,37,41,-4,4
21925,114,114,0,0
21926,67,57,10,10
21927,116,111,5,5
21928,134,146,-12,12
21929,58,59,-1,1
21930,75,66,9,9
21931,119,113,6,6
21932,94,86,8,8
21933,72,66,6,6
21934,144,152,-8,8
21935,86,81,5,5
21936,112,111,1,1
21937,57,55,2,2
21938,121,128,-7,7
21939,118,115,3,3
21940,79,75,4,4
21941,53,44,9,9
21942,61,50,11,11
21943,90,93,-3,3
21944,114,115,-1,1
21945,101,104,-3,3
21946,180,178,2,2
21947,136,147,-11,11
21948,100,96,4,4
21949,107,104,3,3
21950,95,98,-3,3
21951,75,75,0,0
21952,86,90,-4,4
21953,71,84,-13,13
21954,126,126,0,0
21955,125,120,5,5
21956,162,158,4,4
21957,71,72,-1,1
21958,60,58,2,2
21959,118,127,-9,9
21960,104,88,16,16
21961,117,110,7,7
21962,144,132,12,12
21963,78,78,0,0
21964,95,93,2,2
21965,157,162,-5,5
21966,70,70,0,0
21967,68,72,-4,4
21968,125,121,4,4
21969,111,95,16,16
21970,112,100,12,12
21971,118,108,10,10
21972,71,63,8,8
21973,126,111,15,15
21974,96,96,0,0
21975,59,72,-13,13
21976,82,86,-4,4
21977,101,110,-9,9
21978,80,74,6,6
21979,61,64,-3,3
21980,89,96,-7,7
21981,107,96,11,11
21982,55,60,-5,5
21983,99,91,8,8
21984,131,134,-3,3
21985,80,69,11,11
21986,110,92,18,18
21987,94,94,0,0
21988,32,33,-1,1
21989,105,101,4,4
21990,103,94,9,9
21991,152,152,0,0
21992,136,125,11,11
21993,78,72,6,6
21994,68,66,2,2
21995,68,79,-11,11
21996,36,35,1,1
21997,111,113,-2,2
21998,64,58,6,6
21999,70,67,3,3
22000,89,86,3,3
22001,103,90,13,13
22002,79,77,2,2
22003,175,176,-1,1
22004,103,93,10,10
22005,84,82,2,2
22006,79,69,10,10
22007,93,95,-2,2
22008,124,118,6,6
22009,106,100,6,6
22010,144,126,18,18
22011,100,93,7,7
22012,70,70,0,0
22013,122,120,2,2
22014,101,99,2,2
22015,125,116,9,9
22016,94,84,10,10
22017,134,141,-7,7
22018,69,72,-3,3
22019,119,110,9,9
22020,106,102,4,4
22021,122,119,3,3
22022,54,55,-1,1
22023,89,78,11,11
22024,76,93,-17,17
22025,86,85,1,1
22026,144,136,8,8
22027,93,81,12,12
22028,105,111,-6,6
22029,101,98,3,3
22030,81,86,-5,5
22031,85,82,3,3
22032,157,127,30,30
22033,112,120,-8,8
22034,76,81,-5,5
22035,85,93,-8,8
22036,141,125,16,16
22037,87,89,-2,2
22038,71,75,-4,4
22039,104,111,-7,7
22040,73,75,-2,2
22041,143,138,5,5
22042,92,101,-9,9
22043,80,80,0,0
22044,98,100,-2,2
22045,80,75,5,5
22046,54,59,-5,5
22047,134,157,-23,23
22048,70,70,0,0
22049,114,119,-5,5
22050,80,68,12,12
22051,90,78,12,12
22052,82,87,-5,5
22053,103,101,2,2
22054,82,75,7,7
22055,92,88,4,4
22056,82,77,5,5
22057,66,65,1,1
22058,124,162,-38,38
22059,61,64,-3,3
22060,63,69,-6,6
22061,91,87,4,4
22062,72,63,9,9
22063,54,65,-11,11
22064,87,85,2,2
22065,104,114,-10,10
22066,61,70,-9,9
22067,125,112,13,13
22068,129,136,-7,7
22069,33,47,-14,14
22070,97,98,-1,1
22071,73,96,-23,23
22072,154,141,13,13
22073,74,74,0,0
22074,125,126,-1,1
22075,54,53,1,1
22076,68,73,-5,5
22077,91,82,9,9
22078,68,64,4,4
22079,92,107,-15,15
22080,117,106,11,11
22081,98,108,-10,10
22082,124,113,11,11
22083,71,70,1,1
22084,66,65,1,1
22085,37,52,-15,15
22086,108,103,5,5
22087,59,59,0,0
22088,84,86,-2,2
22089,162,157,5,5
22090,108,109,-1,1
22091,120,100,20,20
22092,102,107,-5,5
22093,68,78,-10,10
22094,146,127,19,19
22095,116,115,1,1
22096,66,63,3,3
22097,67,61,6,6
22098,46,56,-10,10
22099,92,77,15,15
22100,150,135,15,15
22101,58,55,3,3
22102,103,102,1,1
22103,112,88,24,24
22104,90,101,-11,11
22105,98,100,-2,2
22106,54,57,-3,3
22107,76,77,-1,1
22108,77,79,-2,2
22109,111,96,15,15
22110,118,119,-1,1
22111,125,119,6,6
22112,94,101,-7,7
22113,73,80,-7,7
22114,173,174,-1,1
22115,155,156,-1,1
22116,120,133,-13,13
22117,86,75,11,11
22118,115,105,10,10
22119,149,137,12,12
22120,68,83,-15,15
22121,130,113,17,17
22122,65,65,0,0
22123,63,50,13,13
22124,39,45,-6,6
22125,82,80,2,2
22126,74,60,14,14
22127,57,70,-13,13
22128,105,110,-5,5
22129,106,103,3,3
22130,126,148,-22,22
22131,113,108,5,5
22132,109,101,8,8
22133,95,94,1,1
22134,86,73,13,13
22135,99,98,1,1
22136,65,70,-5,5
22137,70,66,4,4
22138,66,65,1,1
22139,45,52,-7,7
22140,77,74,3,3
22141,50,58,-8,8
22142,105,108,-3,3
22143,101,106,-5,5
22144,62,57,5,5
22145,82,91,-9,9
22146,69,59,10,10
22147,122,139,-17,17
22148,147,147,0,0
22149,220,226,-6,6
22150,69,64,5,5
22151,93,85,8,8
22152,111,106,5,5
22153,152,153,-1,1
22154,124,123,1,1
22155,43,48,-5,5
22156,112,97,15,15
22157,83,80,3,3
22158,140,141,-1,1
22159,110,110,0,0
22160,71,74,-3,3
22161,96,107,-11,11
22162,148,153,-5,5
22163,53,46,7,7
22164,120,113,7,7
22165,188,192,-4,4
22166,29,52,-23,23
22167,117,117,0,0
22168,104,104,0,0
22169,81,80,1,1
22170,124,127,-3,3
22171,103,111,-8,8
22172,139,137,2,2
22173,79,69,10,10
22174,133,130,3,3
22175,112,112,0,0
22176,99,98,1,1
22177,101,87,14,14
22178,75,64,11,11
22179,110,108,2,2
22180,121,125,-4,4
22181,110,105,5,5
22182,68,84,-16,16
22183,99,94,5,5
22184,67,64,3,3
22185,72,79,-7,7
22186,151,132,19,19
22187,87,95,-8,8
22188,83,72,11,11
22189,58,72,-14,14
22190,56,57,-1,1
22191,72,67,5,5
22192,91,89,2,2
22193,61,56,5,5
22194,95,77,18,18
22195,101,98,3,3
22196,98,94,4,4
22197,128,138,-10,10
22198,183,172,11,11
22199,68,64,4,4
22200,97,94,3,3
22201,74,78,-4,4
22202,127,128,-1,1
22203,91,87,4,4
22204,95,90,5,5
22205,83,88,-5,5
22206,130,127,3,3
22207,143,78,65,65
22208,68,84,-16,16
22209,72,67,5,5
22210,81,73,8,8
22211,63,63,0,0
22212,92,82,10,10
22213,70,77,-7,7
22214,114,121,-7,7
22215,119,106,13,13
22216,130,132,-2,2
22217,94,106,-12,12
22218,104,110,-6,6
22219,99,101,-2,2
22220,55,70,-15,15
22221,111,112,-1,1
22222,101,94,7,7
22223,86,84,2,2
22224,89,94,-5,5
22225,91,111,-20,20
22226,140,139,1,1
22227,74,73,1,1
22228,82,77,5,5
22229,103,96,7,7
22230,104,88,16,16
22231,75,76,-1,1
22232,92,97,-5,5
22233,53,52,1,1
22234,74,82,-8,8
22235,38,40,-2,2
22236,141,142,-1,1
22237,91,88,3,3
22238,97,93,4,4
22239,115,110,5,5
22240,141,151,-10,10
22241,72,81,-9,9
22242,87,91,-4,4
22243,114,117,-3,3
22244,96,88,8,8
22245,68,76,-8,8
22246,123,121,2,2
22247,91,86,5,5
22248,91,85,6,6
22249,116,121,-5,5
22250,49,68,-19,19
22251,57,53,4,4
22252,124,128,-4,4
22253,88,96,-8,8
22254,129,126,3,3
22255,55,65,-10,10
22256,188,173,15,15
22257,64,66,-2,2
22258,71,68,3,3
22259,45,50,-5,5
22260,93,100,-7,7
22261,68,63,5,5
22262,161,182,-21,21
22263,69,72,-3,3
22264,113,118,-5,5
22265,74,76,-2,2
22266,58,58,0,0
22267,149,155,-6,6
22268,49,48,1,1
22269,96,95,1,1
22270,122,114,8,8
22271,92,78,14,14
22272,124,125,-1,1
22273,93,97,-4,4
22274,149,150,-1,1
22275,179,170,9,9
22276,147,145,2,2
22277,121,122,-1,1
22278,62,62,0,0
22279,50,59,-9,9
22280,54,55,-1,1
22281,104,99,5,5
22282,73,69,4,4
22283,101,91,10,10
22284,71,75,-4,4
22285,90,89,1,1
22286,71,65,6,6
22287,72,73,-1,1
22288,61,78,-17,17
22289,65,64,1,1
22290,81,81,0,0
22291,37,51,-14,14
22292,65,67,-2,2
22293,128,119,9,9
22294,55,80,-25,25
22295,55,65,-10,10
22296,131,110,21,21
22297,67,61,6,6
22298,138,129,9,9
22299,66,62,4,4
22300,62,56,6,6
22301,187,182,5,5
22302,127,115,12,12
22303,105,108,-3,3
22304,78,72,6,6
22305,94,90,4,4
22306,94,102,-8,8
22307,108,97,11,11
22308,135,136,-1,1
22309,78,73,5,5
22310,87,94,-7,7
22311,59,62,-3,3
22312,134,138,-4,4
22313,89,81,8,8
22314,79,79,0,0
22315,27,44,-17,17
22316,74,65,9,9
22317,56,58,-2,2
22318,121,132,-11,11
22319,88,85,3,3
22320,145,153,-8,8
22321,99,92,7,7
22322,127,121,6,6
22323,85,78,7,7
22324,91,74,17,17
22325,184,191,-7,7
22326,76,69,7,7
22327,86,82,4,4
22328,88,80,8,8
22329,156,153,3,3
22330,106,109,-3,3
22331,102,85,17,17
22332,106,100,6,6
22333,87,82,5,5
22334,60,55,5,5
22335,82,79,3,3
22336,112,101,11,11
22337,118,128,-10,10
22338,75,63,12,12
22339,94,94,0,0
22340,57,60,-3,3
22341,96,91,5,5
22342,67,67,0,0
22343,78,83,-5,5
22344,114,100,14,14
22345,70,59,11,11
22346,60,61,-1,1
22347,91,87,4,4
22348,86,86,0,0
22349,84,84,0,0
22350,75,70,5,5
22351,133,140,-7,7
22352,193,177,16,16
22353,68,68,0,0
22354,139,135,4,4
22355,57,73,-16,16
22356,110,111,-1,1
22357,83,88,-5,5
22358,159,133,26,26
22359,110,98,12,12
22360,150,135,15,15
22361,95,101,-6,6
22362,139,129,10,10
22363,72,72,0,0
22364,147,140,7,7
22365,89,81,8,8
22366,136,142,-6,6
22367,47,44,3,3
22368,158,158,0,0
22369,111,110,1,1
22370,99,83,16,16
22371,112,110,2,2
22372,82,80,2,2
22373,38,40,-2,2
22374,82,79,3,3
22375,80,81,-1,1
22376,119,110,9,9
22377,68,80,-12,12
22378,117,118,-1,1
22379,76,72,4,4
22380,94,94,0,0
22381,68,73,-5,5
22382,49,57,-8,8
22383,59,69,-10,10
22384,135,148,-13,13
22385,111,114,-3,3
22386,102,94,8,8
22387,118,114,4,4
22388,90,84,6,6
22389,62,59,3,3
22390,104,103,1,1
22391,120,112,8,8
22392,105,108,-3,3
22393,131,124,7,7
22394,103,115,-12,12
22395,117,116,1,1
22396,92,90,2,2
22397,70,70,0,0
22398,108,108,0,0
22399,71,64,7,7
22400,58,64,-6,6
22401,91,78,13,13
22402,98,84,14,14
22403,40,58,-18,18
22404,92,83,9,9
22405,100,101,-1,1
22406,138,146,-8,8
22407,132,118,14,14
22408,101,92,9,9
22409,71,82,-11,11
22410,86,78,8,8
22411,107,104,3,3
22412,85,88,-3,3
22413,68,69,-1,1
22414,80,78,2,2
22415,125,124,1,1
22416,99,87,12,12
22417,122,115,7,7
22418,190,174,16,16
22419,109,91,18,18
22420,83,75,8,8
22421,121,147,-26,26
22422,79,84,-5,5
22423,142,160,-18,18
22424,63,58,5,5
22425,66,62,4,4
22426,114,86,28,28
22427,80,78,2,2
22428,72,91,-19,19
22429,190,187,3,3
22430,91,84,7,7
22431,152,143,9,9
22432,74,61,13,13
22433,88,83,5,5
22434,181,187,-6,6
22435,118,121,-3,3
22436,131,132,-1,1
22437,64,106,-42,42
22438,86,88,-2,2
22439,74,85,-11,11
22440,79,76,3,3
22441,99,98,1,1
22442,169,170,-1,1
22443,68,57,11,11
22444,79,76,3,3
22445,181,167,14,14
22446,119,108,11,11
22447,120,113,7,7
22448,67,69,-2,2
22449,67,72,-5,5
22450,76,69,7,7
22451,87,81,6,6
22452,91,103,-12,12
22453,161,147,14,14
22454,58,56,2,2
22455,57,64,-7,7
22456,95,74,21,21
22457,63,64,-1,1
22458,64,62,2,2
22459,55,58,-3,3
22460,136,148,-12,12
22461,107,102,5,5
22462,83,87,-4,4
22463,52,62,-10,10
22464,127,131,-4,4
22465,90,89,1,1
22466,141,131,10,10
22467,87,88,-1,1
22468,99,96,3,3
22469,67,69,-2,2
22470,79,79,0,0
22471,102,106,-4,4
22472,168,182,-14,14
22473,154,152,2,2
22474,118,115,3,3
22475,68,79,-11,11
22476,109,96,13,13
22477,41,42,-1,1
22478,65,71,-6,6
22479,108,93,15,15
22480,26,42,-16,16
22481,99,112,-13,13
22482,137,133,4,4
22483,180,178,2,2
22484,223,182,41,41
22485,103,118,-15,15
22486,91,87,4,4
22487,120,122,-2,2
22488,73,74,-1,1
22489,69,74,-5,5
22490,76,103,-27,27
22491,73,58,15,15
22492,41,47,-6,6
22493,143,142,1,1
22494,121,139,-18,18
22495,97,109,-12,12
22496,86,87,-1,1
22497,80,82,-2,2
22498,105,113,-8,8
22499,111,92,19,19
22500,133,141,-8,8
22501,120,117,3,3
22502,156,165,-9,9
22503,100,110,-10,10
22504,41,43,-2,2
22505,94,99,-5,5
22506,59,59,0,0
22507,71,68,3,3
22508,68,69,-1,1
22509,102,93,9,9
22510,134,131,3,3
22511,60,52,8,8
22512,169,146,23,23
22513,80,78,2,2
22514,126,148,-22,22
22515,146,136,10,10
22516,128,132,-4,4
22517,67,63,4,4
22518,92,97,-5,5
22519,72,72,0,0
22520,79,82,-3,3
22521,102,96,6,6
22522,62,55,7,7
22523,59,60,-1,1
22524,116,104,12,12
22525,96,93,3,3
22526,86,76,10,10
22527,68,73,-5,5
22528,90,97,-7,7
22529,90,80,10,10
22530,141,128,13,13
22531,109,108,1,1
22532,51,61,-10,10
22533,107,100,7,7
22534,130,123,7,7
22535,103,103,0,0
22536,49,55,-6,6
22537,106,87,19,19
22538,87,81,6,6
22539,68,62,6,6
22540,88,87,1,1
22541,79,84,-5,5
22542,104,94,10,10
22543,94,88,6,6
22544,123,114,9,9
22545,98,91,7,7
22546,123,116,7,7
22547,104,100,4,4
22548,60,67,-7,7
22549,70,82,-12,12
22550,89,85,4,4
22551,122,113,9,9
22552,55,55,0,0
22553,141,131,10,10
22554,80,81,-1,1
22555,97,93,4,4
22556,126,115,11,11
22557,73,81,-8,8
22558,63,74,-11,11
22559,151,135,16,16
22560,109,93,16,16
22561,161,160,1,1
22562,80,78,2,2
22563,126,114,12,12
22564,89,78,11,11
22565,95,91,4,4
22566,163,150,13,13
22567,121,110,11,11
22568,80,86,-6,6
22569,79,69,10,10
22570,94,83,11,11
22571,143,128,15,15
22572,95,91,4,4
22573,108,108,0,0
22574,94,100,-6,6
22575,102,95,7,7
22576,84,91,-7,7
22577,80,76,4,4
22578,135,130,5,5
22579,98,80,18,18
22580,113,116,-3,3
22581,85,89,-4,4
22582,97,92,5,5
22583,67,73,-6,6
22584,135,129,6,6
22585,31,31,0,0
22586,154,152,2,2
22587,136,134,2,2
22588,35,42,-7,7
22589,145,135,10,10
22590,76,62,14,14
22591,89,91,-2,2
22592,84,90,-6,6
22593,82,97,-15,15
22594,76,73,3,3
22595,88,91,-3,3
22596,85,77,8,8
22597,109,119,-10,10
22598,165,158,7,7
22599,88,96,-8,8
22600,54,59,-5,5
22601,93,80,13,13
22602,66,70,-4,4
22603,75,78,-3,3
22604,55,58,-3,3
22605,72,72,0,0
22606,113,107,6,6
22607,127,122,5,5
22608,53,60,-7,7
22609,94,102,-8,8
22610,90,89,1,1
22611,65,70,-5,5
22612,60,62,-2,2
22613,59,48,11,11
22614,107,104,3,3
22615,93,107,-14,14
22616,128,115,13,13
22617,55,60,-5,5
22618,93,89,4,4
22619,79,67,12,12
22620,148,141,7,7
22621,129,129,0,0
22622,51,58,-7,7
22623,92,95,-3,3
22624,93,106,-13,13
22625,114,117,-3,3
22626,72,77,-5,5
22627,92,95,-3,3
22628,81,72,9,9
22629,69,74,-5,5
22630,93,91,2,2
22631,189,182,7,7
22632,71,70,1,1
22633,87,81,6,6
22634,48,74,-26,26
22635,94,81,13,13
22636,116,130,-14,14
22637,62,71,-9,9
22638,240,217,23,23
22639,104,101,3,3
22640,80,87,-7,7
22641,66,63,3,3
22642,100,87,13,13
22643,133,127,6,6
22644,103,92,11,11
22645,137,138,-1,1
22646,165,154,11,11
22647,125,123,2,2
22648,86,76,10,10
22649,95,88,7,7
22650,103,106,-3,3
22651,140,122,18,18
22652,95,98,-3,3
22653,68,67,1,1
22654,52,57,-5,5
22655,77,66,11,11
22656,121,116,5,5
22657,107,108,-1,1
22658,98,89,9,9
22659,100,88,12,12
22660,81,76,5,5
22661,46,45,1,1
22662,162,161,1,1
22663,136,134,2,2
22664,85,88,-3,3
22665,83,70,13,13
22666,135,124,11,11
22667,39,42,-3,3
22668,61,58,3,3
22669,73,57,16,16
22670,87,71,16,16
22671,76,87,-11,11
22672,84,97,-13,13
22673,94,75,19,19
22674,163,170,-7,7
22675,80,86,-6,6
22676,86,93,-7,7
22677,152,143,9,9
22678,100,113,-13,13
22679,75,72,3,3
22680,92,88,4,4
22681,84,81,3,3
22682,144,139,5,5
22683,69,60,9,9
22684,109,111,-2,2
22685,109,92,17,17
22686,88,70,18,18
22687,67,67,0,0
22688,115,114,1,1
22689,125,136,-11,11
22690,95,99,-4,4
22691,87,79,8,8
22692,98,105,-7,7
22693,83,93,-10,10
22694,101,104,-3,3
22695,51,49,2,2
22696,108,106,2,2
22697,136,141,-5,5
22698,208,210,-2,2
22699,121,121,0,0
22700,84,73,11,11
22701,86,79,7,7
22702,148,152,-4,4
22703,110,117,-7,7
22704,117,112,5,5
22705,96,98,-2,2
22706,69,60,9,9
22707,137,133,4,4
22708,66,58,8,8
22709,89,77,12,12
22710,44,43,1,1
22711,136,132,4,4
22712,128,110,18,18
22713,73,80,-7,7
22714,155,160,-5,5
22715,89,74,15,15
22716,87,67,20,20
22717,147,143,4,4
22718,64,59,5,5
22719,37,35,2,2
22720,122,116,6,6
22721,44,58,-14,14
22722,126,123,3,3
22723,60,64,-4,4
22724,148,143,5,5
22725,134,132,2,2
22726,87,70,17,17
22727,135,136,-1,1
22728,90,80,10,10
22729,60,54,6,6
22730,86,69,17,17
22731,150,152,-2,2
22732,59,65,-6,6
22733,111,89,22,22
22734,54,63,-9,9
22735,158,147,11,11
22736,135,120,15,15
22737,32,48,-16,16
22738,63,61,2,2
22739,117,95,22,22
22740,83,87,-4,4
22741,54,50,4,4
22742,151,146,5,5
22743,64,61,3,3
22744,44,50,-6,6
22745,138,136,2,2
22746,48,52,-4,4
22747,123,112,11,11
22748,97,98,-1,1
22749,59,60,-1,1
22750,96,98,-2,2
22751,19,35,-16,16
22752,112,110,2,2
22753,131,144,-13,13
22754,153,160,-7,7
22755,100,96,4,4
22756,183,187,-4,4
22757,121,122,-1,1
22758,129,124,5,5
22759,93,104,-11,11
22760,89,93,-4,4
22761,92,82,10,10
22762,81,119,-38,38
22763,133,125,8,8
22764,77,80,-3,3
22765,63,59,4,4
22766,66,51,15,15
22767,74,79,-5,5
22768,150,159,-9,9
22769,76,85,-9,9
22770,68,68,0,0
22771,73,73,0,0
22772,93,91,2,2
22773,90,81,9,9
22774,81,101,-20,20
22775,59,56,3,3
22776,160,145,15,15
22777,47,48,-1,1
22778,109,126,-17,17
22779,133,132,1,1
22780,114,113,1,1
22781,89,82,7,7
22782,86,72,14,14
22783,95,80,15,15
22784,149,157,-8,8
22785,86,78,8,8
22786,112,113,-1,1
22787,61,98,-37,37
22788,32,41,-9,9
22789,141,133,8,8
22790,106,101,5,5
22791,62,74,-12,12
22792,98,103,-5,5
22793,169,136,33,33
22794,75,85,-10,10
22795,113,108,5,5
22796,69,68,1,1
22797,54,61,-7,7
22798,72,76,-4,4
22799,140,145,-5,5
22800,86,92,-6,6
22801,106,111,-5,5
22802,81,72,9,9
22803,109,104,5,5
22804,120,104,16,16
22805,103,89,14,14
22806,201,185,16,16
22807,115,138,-23,23
22808,94,79,15,15
22809,110,120,-10,10
22810,90,91,-1,1
22811,117,110,7,7
22812,80,71,9,9
22813,136,135,1,1
22814,95,96,-1,1
22815,121,114,7,7
22816,38,44,-6,6
22817,100,82,18,18
22818,83,81,2,2
22819,102,97,5,5
22820,100,92,8,8
22821,67,65,2,2
22822,88,117,-29,29
22823,68,59,9,9
22824,145,147,-2,2
22825,86,78,8,8
22826,107,108,-1,1
22827,85,93,-8,8
22828,102,106,-4,4
22829,132,129,3,3
22830,61,59,2,2
22831,70,62,8,8
22832,91,81,10,10
22833,139,138,1,1
22834,51,50,1,1
22835,39,35,4,4
22836,100,92,8,8
22837,93,92,1,1
22838,89,97,-8,8
22839,92,96,-4,4
22840,35,45,-10,10
22841,93,86,7,7
22842,64,69,-5,5
22843,62,59,3,3
22844,102,85,17,17
22845,101,97,4,4
22846,93,84,9,9
22847,63,62,1,1
22848,88,86,2,2
22849,80,83,-3,3
22850,134,94,40,40
22851,77,76,1,1
22852,73,75,-2,2
22853,57,54,3,3
22854,118,86,32,32
22855,134,137,-3,3
22856,127,123,4,4
22857,88,81,7,7
22858,91,90,1,1
22859,110,112,-2,2
22860,46,40,6,6
22861,105,102,3,3
22862,103,110,-7,7
22863,108,97,11,11
22864,93,100,-7,7
22865,75,80,-5,5
22866,131,130,1,1
22867,130,128,2,2
22868,89,82,7,7
22869,49,91,-42,42
22870,120,132,-12,12
22871,151,161,-10,10
22872,92,89,3,3
22873,77,84,-7,7
22874,126,129,-3,3
22875,100,99,1,1
22876,54,58,-4,4
22877,110,101,9,9
22878,133,135,-2,2
22879,119,118,1,1
22880,126,113,13,13
22881,42,45,-3,3
22882,63,56,7,7
22883,170,167,3,3
22884,68,74,-6,6
22885,114,108,6,6
22886,115,102,13,13
22887,64,68,-4,4
22888,90,86,4,4
22889,126,111,15,15
22890,72,84,-12,12
22891,116,145,-29,29
22892,151,160,-9,9
22893,98,79,19,19
22894,135,127,8,8
22895,132,116,16,16
22896,166,160,6,6
22897,109,101,8,8
22898,73,78,-5,5
22899,43,51,-8,8
22900,60,63,-3,3
22901,95,98,-3,3
22902,185,172,13,13
22903,116,118,-2,2
22904,120,124,-4,4
22905,117,111,6,6
22906,80,92,-12,12
22907,54,63,-9,9
22908,94,93,1,1
22909,104,111,-7,7
22910,167,180,-13,13
22911,183,187,-4,4
22912,125,126,-1,1
22913,67,64,3,3
22914,127,115,12,12
22915,108,108,0,0
22916,110,107,3,3
22917,72,65,7,7
22918,76,75,1,1
22919,60,62,-2,2
22920,127,111,16,16
22921,60,61,-1,1
22922,117,111,6,6
22923,62,60,2,2
22924,98,91,7,7
22925,64,74,-10,10
22926,90,81,9,9
22927,155,163,-8,8
22928,69,60,9,9
22929,91,82,9,9
22930,91,80,11,11
22931,97,86,11,11
22932,116,110,6,6
22933,100,99,1,1
22934,81,74,7,7
22935,77,68,9,9
22936,46,38,8,8
22937,86,95,-9,9
22938,98,85,13,13
22939,128,93,35,35
22940,53,46,7,7
22941,86,80,6,6
22942,106,109,-3,3
22943,118,113,5,5
22944,132,139,-7,7
22945,179,184,-5,5
22946,72,62,10,10
22947,57,53,4,4
22948,159,147,12,12
22949,56,61,-5,5
22950,90,96,-6,6
22951,84,82,2,2
22952,120,136,-16,16
22953,99,89,10,10
22954,121,107,14,14
22955,96,91,5,5
22956,46,61,-15,15
22957,84,89,-5,5
22958,79,70,9,9
22959,165,162,3,3
22960,72,73,-1,1
22961,75,75,0,0
22962,116,118,-2,2
22963,117,120,-3,3
22964,95,89,6,6
22965,138,161,-23,23
22966,64,65,-1,1
22967,70,69,1,1
22968,51,52,-1,1
22969,74,80,-6,6
22970,105,95,10,10
22971,137,142,-5,5
22972,93,91,2,2
22973,72,74,-2,2
22974,83,69,14,14
22975,113,108,5,5
22976,97,88,9,9
22977,76,80,-4,4
22978,65,64,1,1
22979,159,151,8,8
22980,72,68,4,4
22981,127,117,10,10
22982,94,90,4,4
22983,83,76,7,7
22984,84,81,3,3
22985,60,65,-5,5
22986,100,101,-1,1
22987,108,108,0,0
22988,118,117,1,1
22989,76,76,0,0
22990,87,79,8,8
22991,50,51,-1,1
22992,38,38,0,0
22993,146,126,20,20
22994,114,120,-6,6
22995,52,53,-1,1
22996,84,88,-4,4
22997,122,124,-2,2
22998,102,98,4,4
22999,181,170,11,11
23000,98,92,6,6
23001,39,44,-5,5
23002,84,72,12,12
23003,145,116,29,29
23004,124,128,-4,4
23005,110,118,-8,8
23006,57,63,-6,6
23007,88,88,0,0
23008,64,62,2,2
23009,195,177,18,18
23010,131,137,-6,6
23011,124,124,0,0
23012,79,93,-14,14
23013,66,57,9,9
23014,100,106,-6,6
23015,82,73,9,9
23016,81,81,0,0
23017,85,75,10,10
23018,192,195,-3,3
23019,112,114,-2,2
23020,166,158,8,8
23021,101,101,0,0
23022,82,64,18,18
23023,89,77,12,12
23024,94,86,8,8
23025,79,91,-12,12
23026,108,110,-2,2
23027,117,106,11,11
23028,123,114,9,9
23029,81,75,6,6
23030,87,77,10,10
23031,66,63,3,3
23032,35,41,-6,6
23033,102,95,7,7
23034,145,134,11,11
23035,62,63,-1,1
23036,121,110,11,11
23037,69,68,1,1
23038,142,134,8,8
23039,74,62,12,12
23040,92,80,12,12
23041,63,57,6,6
23042,71,74,-3,3
23043,148,141,7,7
23044,72,76,-4,4
23045,75,75,0,0
23046,118,128,-10,10
23047,103,101,2,2
23048,136,118,18,18
23049,126,129,-3,3
23050,93,100,-7,7
23051,101,103,-2,2
23052,133,121,12,12
23053,83,89,-6,6
23054,91,93,-2,2
23055,52,44,8,8
23056,100,94,6,6
23057,88,86,2,2
23058,80,84,-4,4
23059,83,85,-2,2
23060,90,83,7,7
23061,69,85,-16,16
23062,85,80,5,5
23063,107,95,12,12
23064,103,94,9,9
23065,60,57,3,3
23066,152,152,0,0
23067,40,42,-2,2
23068,87,78,9,9
23069,78,75,3,3
23070,145,148,-3,3
23071,47,52,-5,5
23072,139,125,14,14
23073,94,91,3,3
23074,138,165,-27,27
23075,115,106,9,9
23076,94,97,-3,3
23077,106,106,0,0
23078,85,55,30,30
23079,82,72,10,10
23080,61,60,1,1
23081,160,159,1,1
23082,157,163,-6,6
23083,87,88,-1,1
23084,135,133,2,2
23085,120,101,19,19
23086,104,104,0,0
23087,165,152,13,13
23088,88,85,3,3
23089,67,70,-3,3
23090,87,83,4,4
23091,66,64,2,2
23092,74,64,10,10
23093,76,76,0,0
23094,62,64,-2,2
23095,79,84,-5,5
23096,91,88,3,3
23097,70,68,2,2
23098,148,136,12,12
23099,135,119,16,16
23100,74,77,-3,3
23101,78,71,7,7
23102,93,86,7,7
23103,124,118,6,6
23104,129,136,-7,7
23105,98,90,8,8
23106,72,65,7,7
23107,53,57,-4,4
23108,138,135,3,3
23109,184,160,24,24
23110,85,87,-2,2
23111,82,65,17,17
23112,105,111,-6,6
23113,99,94,5,5
23114,65,67,-2,2
23115,73,69,4,4
23116,66,55,11,11
23117,102,104,-2,2
23118,85,72,13,13
23119,188,191,-3,3
23120,81,209,-128,128
23121,124,120,4,4
23122,59,64,-5,5
23123,108,108,0,0
23124,92,87,5,5
23125,100,93,7,7
23126,105,109,-4,4
23127,93,95,-2,2
23128,155,153,2,2
23129,71,68,3,3
23130,65,55,10,10
23131,94,87,7,7
23132,122,124,-2,2
23133,70,67,3,3
23134,65,63,2,2
23135,160,152,8,8
23136,115,115,0,0
23137,134,138,-4,4
23138,101,97,4,4
23139,105,100,5,5
23140,93,94,-1,1
23141,94,82,12,12
23142,82,73,9,9
23143,90,84,6,6
23144,78,63,15,15
23145,145,139,6,6
23146,120,115,5,5
23147,94,96,-2,2
23148,95,80,15,15
23149,115,129,-14,14
23150,49,49,0,0
23151,134,141,-7,7
23152,88,83,5,5
23153,82,79,3,3
23154,67,68,-1,1
23155,71,66,5,5
23156,56,69,-13,13
23157,88,81,7,7
23158,34,47,-13,13
23159,62,73,-11,11
23160,82,87,-5,5
23161,111,113,-2,2
23162,48,45,3,3
23163,102,102,0,0
23164,143,136,7,7
23165,47,43,4,4
23166,76,73,3,3
23167,119,115,4,4
23168,64,56,8,8
23169,72,64,8,8
23170,141,142,-1,1
23171,64,53,11,11
23172,127,106,21,21
23173,72,71,1,1
23174,111,105,6,6
23175,104,83,21,21
23176,77,72,5,5
23177,133,141,-8,8
23178,113,105,8,8
23179,110,112,-2,2
23180,89,90,-1,1
23181,125,121,4,4
23182,127,112,15,15
23183,68,60,8,8
23184,99,104,-5,5
23185,86,86,0,0
23186,111,109,2,2
23187,118,105,13,13
23188,74,89,-15,15
23189,132,106,26,26
23190,99,91,8,8
23191,139,136,3,3
23192,107,109,-2,2
23193,70,77,-7,7
23194,77,65,12,12
23195,101,101,0,0
23196,103,100,3,3
23197,86,89,-3,3
23198,104,89,15,15
23199,100,93,7,7
23200,150,141,9,9
23201,69,60,9,9
23202,129,121,8,8
23203,162,171,-9,9
23204,111,129,-18,18
23205,133,131,2,2
23206,87,85,2,2
23207,74,81,-7,7
23208,95,102,-7,7
23209,110,117,-7,7
23210,124,127,-3,3
23211,155,147,8,8
23212,74,61,13,13
23213,80,80,0,0
23214,90,83,7,7
23215,100,96,4,4
23216,112,88,24,24
23217,81,61,20,20
23218,73,77,-4,4
23219,122,120,2,2
23220,130,122,8,8
23221,129,119,10,10
23222,123,111,12,12
23223,84,79,5,5
23224,63,67,-4,4
23225,144,132,12,12
23226,91,166,-75,75
23227,66,83,-17,17
23228,95,89,6,6
23229,129,121,8,8
23230,75,81,-6,6
23231,152,192,-40,40
23232,119,53,66,66
23233,107,106,1,1
23234,184,177,7,7
23235,84,87,-3,3
23236,123,116,7,7
23237,167,152,15,15
23238,59,56,3,3
23239,68,73,-5,5
23240,119,84,35,35
23241,77,77,0,0
23242,70,79,-9,9
23243,79,69,10,10
23244,114,116,-2,2
23245,75,76,-1,1
23246,64,56,8,8
23247,127,119,8,8
23248,52,52,0,0
23249,67,59,8,8
23250,73,76,-3,3
23251,85,77,8,8
23252,63,62,1,1
23253,88,76,12,12
23254,89,103,-14,14
23255,133,113,20,20
23256,82,80,2,2
23257,115,105,10,10
23258,97,91,6,6
23259,81,86,-5,5
23260,102,92,10,10
23261,68,61,7,7
23262,64,60,4,4
23263,70,66,4,4
23264,73,79,-6,6
23265,59,66,-7,7
23266,136,125,11,11
23267,103,103,0,0
23268,137,121,16,16
23269,73,72,1,1
23270,83,81,2,2
23271,95,84,11,11
23272,138,128,10,10
23273,86,92,-6,6
23274,66,81,-15,15
23275,134,185,-51,51
23276,116,109,7,7
23277,70,72,-2,2
23278,118,112,6,6
23279,131,122,9,9
23280,40,61,-21,21
23281,82,82,0,0
23282,78,73,5,5
23283,97,82,15,15
23284,89,91,-2,2
23285,133,133,0,0
23286,76,75,1,1
23287,152,132,20,20
23288,92,81,11,11
23289,62,64,-2,2
23290,179,166,13,13
23291,127,118,9,9
23292,115,108,7,7
23293,54,67,-13,13
23294,136,119,17,17
23295,76,81,-5,5
23296,62,69,-7,7
23297,78,67,11,11
23298,182,173,9,9
23299,67,65,2,2
23300,110,95,15,15
23301,92,83,9,9
23302,150,140,10,10
23303,122,119,3,3
23304,62,65,-3,3
23305,109,102,7,7
23306,123,114,9,9
23307,107,105,2,2
23308,50,60,-10,10
23309,62,62,0,0
23310,115,121,-6,6
23311,41,59,-18,18
23312,106,101,5,5
23313,58,55,3,3
23314,67,64,3,3
23315,64,56,8,8
23316,71,83,-12,12
23317,83,84,-1,1
23318,157,170,-13,13
23319,90,85,5,5
23320,100,108,-8,8
23321,92,97,-5,5
23322,87,101,-14,14
23323,76,86,-10,10
23324,101,94,7,7
23325,56,46,10,10
23326,65,64,1,1
23327,70,71,-1,1
23328,57,57,0,0
23329,112,138,-26,26
23330,50,84,-34,34
23331,47,62,-15,15
23332,140,163,-23,23
23333,51,48,3,3
23334,61,68,-7,7
23335,78,80,-2,2
23336,70,59,11,11
23337,98,91,7,7
23338,152,143,9,9
23339,99,104,-5,5
23340,93,99,-6,6
23341,90,87,3,3
23342,51,61,-10,10
23343,94,87,7,7
23344,82,82,0,0
23345,137,128,9,9
23346,85,89,-4,4
23347,131,137,-6,6
23348,110,98,12,12
23349,70,62,8,8
23350,99,110,-11,11
23351,146,139,7,7
23352,37,40,-3,3
23353,94,88,6,6
23354,124,120,4,4
23355,91,107,-16,16
23356,85,85,0,0
23357,58,58,0,0
23358,78,82,-4,4
23359,62,60,2,2
23360,51,55,-4,4
23361,85,96,-11,11
23362,64,63,1,1
23363,108,114,-6,6
23364,89,87,2,2
23365,120,123,-3,3
23366,131,116,15,15
23367,50,50,0,0
23368,109,107,2,2
23369,82,74,8,8
23370,115,108,7,7
23371,121,85,36,36
23372,193,188,5,5
23373,66,64,2,2
23374,125,116,9,9
23375,64,64,0,0
23376,105,93,12,12
23377,47,52,-5,5
23378,57,73,-16,16
23379,105,98,7,7
23380,124,121,3,3
23381,90,102,-12,12
23382,126,113,13,13
23383,89,92,-3,3
23384,122,115,7,7
23385,116,117,-1,1
23386,80,72,8,8
23387,92,86,6,6
23388,62,76,-14,14
23389,144,146,-2,2
23390,45,58,-13,13
23391,139,144,-5,5
23392,117,103,14,14
23393,99,94,5,5
23394,98,95,3,3
23395,87,93,-6,6
23396,171,148,23,23
23397,127,112,15,15
23398,114,112,2,2
23399,100,102,-2,2
23400,71,81,-10,10
23401,143,136,7,7
23402,84,84,0,0
23403,89,79,10,10
23404,85,89,-4,4
23405,69,61,8,8
23406,145,167,-22,22
23407,115,122,-7,7
23408,116,118,-2,2
23409,114,121,-7,7
23410,58,50,8,8
23411,79,67,12,12
23412,73,72,1,1
23413,114,117,-3,3
23414,140,148,-8,8
23415,92,94,-2,2
23416,111,117,-6,6
23417,131,132,-1,1
23418,76,75,1,1
23419,94,97,-3,3
23420,91,99,-8,8
23421,76,71,5,5
23422,115,108,7,7
23423,65,66,-1,1
23424,113,124,-11,11
23425,85,92,-7,7
23426,214,224,-10,10
23427,211,205,6,6
23428,41,44,-3,3
23429,78,70,8,8
23430,161,156,5,5
23431,79,76,3,3
23432,51,54,-3,3
23433,103,97,6,6
23434,73,74,-1,1
23435,55,62,-7,7
23436,136,117,19,19
23437,131,132,-1,1
23438,77,77,0,0
23439,80,71,9,9
23440,110,114,-4,4
23441,54,51,3,3
23442,111,114,-3,3
23443,84,86,-2,2
23444,70,58,12,12
23445,70,65,5,5
23446,106,92,14,14
23447,97,99,-2,2
23448,100,96,4,4
23449,135,124,11,11
23450,86,77,9,9
23451,42,49,-7,7
23452,132,144,-12,12
23453,73,76,-3,3
23454,125,128,-3,3
23455,83,86,-3,3
23456,125,127,-2,2
23457,120,119,1,1
23458,110,110,0,0
23459,197,182,15,15
23460,111,105,6,6
23461,86,91,-5,5
23462,76,74,2,2
23463,150,142,8,8
23464,115,122,-7,7
23465,89,99,-10,10
23466,176,149,27,27
23467,64,64,0,0
23468,120,116,4,4
23469,121,111,10,10
23470,64,78,-14,14
23471,49,66,-17,17
23472,70,59,11,11
23473,112,108,4,4
23474,89,96,-7,7
23475,107,107,0,0
23476,155,157,-2,2
23477,73,78,-5,5
23478,129,135,-6,6
23479,161,151,10,10
23480,89,88,1,1
23481,113,117,-4,4
23482,99,99,0,0
23483,127,129,-2,2
23484,115,116,-1,1
23485,78,77,1,1
23486,155,167,-12,12
23487,54,52,2,2
23488,89,88,1,1
23489,115,110,5,5
23490,82,76,6,6
23491,165,159,6,6
23492,90,80,10,10
23493,87,82,5,5
23494,115,106,9,9
23495,70,66,4,4
23496,85,81,4,4
23497,101,99,2,2
23498,118,132,-14,14
23499,135,109,26,26
23500,74,75,-1,1
23501,108,111,-3,3
23502,134,134,0,0
23503,109,102,7,7
23504,77,79,-2,2
23505,71,62,9,9
23506,78,67,11,11
23507,125,100,25,25
23508,90,90,0,0
23509,47,54,-7,7
23510,89,87,2,2
23511,102,100,2,2
23512,94,94,0,0
23513,137,137,0,0
23514,110,94,16,16
23515,100,96,4,4
23516,125,115,10,10
23517,57,106,-49,49
23518,120,121,-1,1
23519,149,148,1,1
23520,69,76,-7,7
23521,91,97,-6,6
23522,69,63,6,6
23523,143,132,11,11
23524,112,100,12,12
23525,108,97,11,11
23526,83,87,-4,4
23527,102,105,-3,3
23528,55,55,0,0
23529,101,91,10,10
23530,39,42,-3,3
23531,173,173,0,0
23532,98,93,5,5
23533,136,132,4,4
23534,62,58,4,4
23535,188,159,29,29
23536,98,101,-3,3
23537,132,125,7,7
23538,89,101,-12,12
23539,106,107,-1,1
23540,101,105,-4,4
23541,150,138,12,12
23542,194,181,13,13
23543,108,106,2,2
23544,78,85,-7,7
23545,70,69,1,1
23546,93,101,-8,8
23547,65,75,-10,10
23548,113,102,11,11
23549,129,124,5,5
23550,94,105,-11,11
23551,108,103,5,5
23552,90,86,4,4
23553,68,68,0,0
23554,98,97,1,1
23555,96,106,-10,10
23556,85,96,-11,11
23557,137,141,-4,4
23558,112,113,-1,1
23559,168,150,18,18
23560,87,92,-5,5
23561,134,131,3,3
23562,75,75,0,0
23563,135,126,9,9
23564,81,79,2,2
23565,96,105,-9,9
23566,91,93,-2,2
23567,104,85,19,19
23568,105,97,8,8
23569,56,49,7,7
23570,111,111,0,0
23571,56,67,-11,11
23572,62,63,-1,1
23573,103,98,5,5
23574,144,146,-2,2
23575,101,96,5,5
23576,79,72,7,7
23577,102,97,5,5
23578,121,124,-3,3
23579,140,142,-2,2
23580,135,133,2,2
23581,80,73,7,7
23582,51,54,-3,3
23583,152,145,7,7
23584,94,97,-3,3
23585,52,50,2,2
23586,78,75,3,3
23587,82,80,2,2
23588,75,68,7,7
23589,117,117,0,0
23590,136,130,6,6
23591,92,87,5,5
23592,55,48,7,7
23593,126,111,15,15
23594,55,59,-4,4
23595,43,43,0,0
23596,83,91,-8,8
23597,116,120,-4,4
23598,113,107,6,6
23599,60,54,6,6
23600,100,96,4,4
23601,100,102,-2,2
23602,113,109,4,4
23603,123,143,-20,20
23604,69,63,6,6
23605,113,137,-24,24
23606,71,76,-5,5
23607,132,124,8,8
23608,151,156,-5,5
23609,57,53,4,4
23610,105,99,6,6
23611,188,159,29,29
23612,79,71,8,8
23613,151,150,1,1
23614,137,141,-4,4
23615,42,39,3,3
23616,144,140,4,4
23617,41,44,-3,3
23618,82,75,7,7
23619,91,90,1,1
23620,65,68,-3,3
23621,65,61,4,4
23622,103,108,-5,5
23623,116,113,3,3
23624,149,150,-1,1
23625,202,188,14,14
23626,61,55,6,6
23627,78,74,4,4
23628,154,137,17,17
23629,87,87,0,0
23630,93,84,9,9
23631,134,111,23,23
23632,116,125,-9,9
23633,124,136,-12,12
23634,148,145,3,3
23635,140,140,0,0
23636,69,63,6,6
23637,107,106,1,1
23638,99,92,7,7
23639,137,129,8,8
23640,165,144,21,21
23641,102,98,4,4
23642,116,112,4,4
23643,95,74,21,21
23644,86,103,-17,17
23645,88,97,-9,9
23646,108,116,-8,8
23647,153,158,-5,5
23648,69,66,3,3
23649,76,69,7,7
23650,103,97,6,6
23651,79,89,-10,10
23652,129,125,4,4
23653,87,82,5,5
23654,67,63,4,4
23655,81,75,6,6
23656,118,111,7,7
23657,69,64,5,5
23658,63,68,-5,5
23659,77,80,-3,3
23660,113,112,1,1
23661,143,147,-4,4
23662,57,56,1,1
23663,86,88,-2,2
23664,36,54,-18,18
23665,128,120,8,8
23666,111,107,4,4
23667,68,66,2,2
23668,60,62,-2,2
23669,90,89,1,1
23670,99,93,6,6
23671,80,68,12,12
23672,79,88,-9,9
23673,84,94,-10,10
23674,77,64,13,13
23675,132,129,3,3
23676,94,70,24,24
23677,95,98,-3,3
23678,67,62,5,5
23679,134,129,5,5
23680,148,146,2,2
23681,92,82,10,10
23682,85,74,11,11
23683,69,73,-4,4
23684,107,113,-6,6
23685,113,127,-14,14
23686,49,54,-5,5
23687,31,39,-8,8
23688,72,75,-3,3
23689,135,136,-1,1
23690,126,114,12,12
23691,67,70,-3,3
23692,70,77,-7,7
23693,64,58,6,6
23694,70,70,0,0
23695,88,74,14,14
23696,66,67,-1,1
23697,80,92,-12,12
23698,82,92,-10,10
23699,85,85,0,0
23700,128,126,2,2
23701,116,115,1,1
23702,74,62,12,12
23703,107,101,6,6
23704,74,76,-2,2
23705,133,113,20,20
23706,91,87,4,4
23707,100,102,-2,2
23708,90,81,9,9
23709,41,47,-6,6
23710,117,117,0,0
23711,91,90,1,1
23712,108,120,-12,12
23713,61,49,12,12
23714,201,198,3,3
23715,112,104,8,8
23716,62,58,4,4
23717,70,75,-5,5
23718,79,72,7,7
23719,85,68,17,17
23720,138,126,12,12
23721,132,126,6,6
23722,46,49,-3,3
23723,172,173,-1,1
23724,120,105,15,15
23725,120,113,7,7
23726,96,103,-7,7
23727,108,97,11,11
23728,125,135,-10,10
23729,72,71,1,1
23730,110,97,13,13
23731,51,65,-14,14
23732,127,123,4,4
23733,109,118,-9,9
23734,70,66,4,4
23735,91,88,3,3
23736,53,56,-3,3
23737,195,203,-8,8
23738,63,72,-9,9
23739,97,101,-4,4
23740,109,103,6,6
23741,116,109,7,7
23742,52,67,-15,15
23743,66,79,-13,13
23744,70,54,16,16
23745,143,143,0,0
23746,61,89,-28,28
23747,105,89,16,16
23748,58,50,8,8
23749,141,139,2,2
23750,64,60,4,4
23751,126,120,6,6
23752,154,152,2,2
23753,103,94,9,9
23754,54,53,1,1
23755,100,99,1,1
23756,99,96,3,3
23757,84,88,-4,4
23758,67,69,-2,2
23759,51,62,-11,11
23760,118,115,3,3
23761,139,124,15,15
23762,83,84,-1,1
23763,127,126,1,1
23764,98,92,6,6
23765,86,83,3,3
23766,53,59,-6,6
23767,111,124,-13,13
23768,82,81,1,1
23769,101,95,6,6
23770,79,79,0,0
23771,82,85,-3,3
23772,101,86,15,15
23773,172,166,6,6
23774,49,61,-12,12
23775,144,136,8,8
23776,79,80,-1,1
23777,71,75,-4,4
23778,109,106,3,3
23779,97,95,2,2
23780,134,126,8,8
23781,139,164,-25,25
23782,103,94,9,9
23783,104,100,4,4
23784,45,58,-13,13
23785,124,131,-7,7
23786,77,79,-2,2
23787,92,106,-14,14
23788,54,50,4,4
23789,96,96,0,0
23790,77,70,7,7
23791,99,91,8,8
23792,46,43,3,3
23793,128,134,-6,6
23794,114,121,-7,7
23795,183,176,7,7
23796,74,73,1,1
23797,152,137,15,15
23798,95,87,8,8
23799,84,70,14,14
23800,103,110,-7,7
23801,118,109,9,9
23802,82,93,-11,11
23803,161,171,-10,10
23804,93,81,12,12
23805,91,84,7,7
23806,106,101,5,5
23807,91,83,8,8
23808,52,47,5,5
23809,89,88,1,1
23810,80,76,4,4
23811,112,117,-5,5
23812,69,55,14,14
23813,68,64,4,4
23814,219,208,11,11
23815,89,90,-1,1
23816,127,122,5,5
23817,84,97,-13,13
23818,85,80,5,5
23819,28,41,-13,13
23820,141,136,5,5
23821,92,93,-1,1
23822,130,114,16,16
23823,59,62,-3,3
23824,143,134,9,9
23825,145,132,13,13
23826,73,72,1,1
23827,177,173,4,4
23828,169,154,15,15
23829,54,57,-3,3
23830,128,113,15,15
23831,52,47,5,5
23832,129,132,-3,3
23833,99,99,0,0
23834,119,102,17,17
23835,75,72,3,3
23836,119,115,4,4
23837,103,97,6,6
23838,130,127,3,3
23839,119,108,11,11
23840,100,90,10,10
23841,159,174,-15,15
23842,75,70,5,5
23843,86,87,-1,1
23844,123,122,1,1
23845,74,72,2,2
23846,50,63,-13,13
23847,57,46,11,11
23848,50,60,-10,10
23849,71,70,1,1
23850,96,84,12,12
23851,76,83,-7,7
23852,130,117,13,13
23853,62,71,-9,9
23854,92,91,1,1
23855,98,103,-5,5
23856,67,56,11,11
23857,231,200,31,31
23858,68,58,10,10
23859,59,50,9,9
23860,82,67,15,15
23861,67,74,-7,7
23862,88,77,11,11
23863,138,120,18,18
23864,81,65,16,16
23865,117,117,0,0
23866,67,70,-3,3
23867,57,52,5,5
23868,53,51,2,2
23869,87,89,-2,2
23870,123,132,-9,9
23871,128,130,-2,2
23872,80,91,-11,11
23873,95,94,1,1
23874,105,101,4,4
23875,92,86,6,6
23876,97,89,8,8
23877,96,99,-3,3
23878,114,106,8,8
23879,57,57,0,0
23880,174,161,13,13
23881,98,93,5,5
23882,96,86,10,10
23883,34,54,-20,20
23884,53,52,1,1
23885,70,66,4,4
23886,100,106,-6,6
23887,112,117,-5,5
23888,86,88,-2,2
23889,106,104,2,2
23890,75,75,0,0
23891,97,119,-22,22
23892,93,97,-4,4
23893,105,77,28,28
23894,108,107,1,1
23895,137,154,-17,17
23896,99,102,-3,3
23897,71,69,2,2
23898,157,164,-7,7
23899,111,115,-4,4
23900,102,90,12,12
23901,144,144,0,0
23902,86,81,5,5
23903,63,75,-12,12
23904,97,87,10,10
23905,30,47,-17,17
23906,77,73,4,4
23907,111,112,-1,1
23908,77,67,10,10
23909,41,45,-4,4
23910,82,83,-1,1
23911,144,134,10,10
23912,117,118,-1,1
23913,94,86,8,8
23914,58,63,-5,5
23915,101,95,6,6
23916,105,96,9,9
23917,99,111,-12,12
23918,88,81,7,7
23919,69,71,-2,2
23920,67,58,9,9
23921,51,64,-13,13
23922,120,121,-1,1
23923,60,52,8,8
23924,90,81,9,9
23925,81,72,9,9
23926,163,177,-14,14
23927,142,122,20,20
23928,65,58,7,7
23929,156,155,1,1
23930,52,57,-5,5
23931,74,62,12,12
23932,115,108,7,7
23933,126,137,-11,11
23934,48,51,-3,3
23935,129,138,-9,9
23936,160,152,8,8
23937,110,115,-5,5
23938,121,126,-5,5
23939,97,91,6,6
23940,110,138,-28,28
23941,135,128,7,7
23942,153,155,-2,2
23943,103,128,-25,25
23944,103,99,4,4
23945,119,110,9,9
23946,76,79,-3,3
23947,195,202,-7,7
23948,57,57,0,0
23949,59,70,-11,11
23950,146,145,1,1
23951,91,75,16,16
23952,101,97,4,4
23953,240,206,34,34
23954,88,93,-5,5
23955,83,66,17,17
23956,77,72,5,5
23957,82,84,-2,2
23958,82,89,-7,7
23959,119,112,7,7
23960,106,97,9,9
23961,101,109,-8,8
23962,78,81,-3,3
23963,82,76,6,6
23964,82,78,4,4
23965,126,114,12,12
23966,87,97,-10,10
23967,96,94,2,2
23968,68,63,5,5
23969,100,86,14,14
23970,71,77,-6,6
23971,91,102,-11,11
23972,118,112,6,6
23973,93,96,-3,3
23974,87,85,2,2
23975,75,78,-3,3
23976,64,64,0,0
23977,94,92,2,2
23978,45,49,-4,4
23979,97,81,16,16
23980,115,110,5,5
23981,84,95,-11,11
23982,139,122,17,17
23983,155,162,-7,7
23984,65,69,-4,4
23985,72,73,-1,1
23986,65,69,-4,4
23987,45,48,-3,3
23988,92,103,-11,11
23989,148,144,4,4
23990,163,143,20,20
23991,80,70,10,10
23992,131,121,10,10
23993,74,83,-9,9
23994,62,61,1,1
23995,65,66,-1,1
23996,110,95,15,15
23997,119,96,23,23
23998,110,101,9,9
23999,89,92,-3,3
24000,104,102,2,2
24001,110,120,-10,10
24002,83,80,3,3
24003,134,139,-5,5
24004,110,112,-2,2
24005,74,85,-11,11
24006,152,153,-1,1
24007,103,91,12,12
24008,47,50,-3,3
24009,104,94,10,10
24010,59,57,2,2
24011,76,60,16,16
24012,82,80,2,2
24013,100,98,2,2
24014,127,126,1,1
24015,70,64,6,6
24016,71,78,-7,7
24017,83,85,-2,2
24018,80,77,3,3
24019,102,106,-4,4
24020,70,77,-7,7
24021,89,88,1,1
24022,75,69,6,6
24023,104,104,0,0
24024,84,70,14,14
24025,56,56,0,0
24026,55,64,-9,9
24027,141,157,-16,16
24028,82,86,-4,4
24029,182,169,13,13
24030,154,152,2,2
24031,86,86,0,0
24032,78,77,1,1
24033,91,86,5,5
24034,115,116,-1,1
24035,112,122,-10,10
24036,98,112,-14,14
24037,83,76,7,7
24038,58,54,4,4
24039,72,67,5,5
24040,46,61,-15,15
24041,54,54,0,0
24042,99,96,3,3
24043,100,125,-25,25
24044,114,117,-3,3
24045,56,47,9,9
24046,49,58,-9,9
24047,63,75,-12,12
24048,63,58,5,5
24049,72,76,-4,4
24050,97,92,5,5
24051,59,59,0,0
24052,123,130,-7,7
24053,109,115,-6,6
24054,108,106,2,2
24055,95,106,-11,11
24056,94,87,7,7
24057,59,67,-8,8
24058,80,81,-1,1
24059,140,140,0,0
24060,102,103,-1,1
24061,65,70,-5,5
24062,117,109,8,8
24063,63,61,2,2
24064,77,84,-7,7
24065,137,101,36,36
24066,114,114,0,0
24067,78,61,17,17
24068,45,40,5,5
24069,84,87,-3,3
24070,96,104,-8,8
24071,62,68,-6,6
24072,67,76,-9,9
24073,178,169,9,9
24074,78,86,-8,8
24075,112,112,0,0
24076,99,79,20,20
24077,94,99,-5,5
24078,86,75,11,11
24079,116,110,6,6
24080,64,55,9,9
24081,51,68,-17,17
24082,176,157,19,19
24083,120,97,23,23
24084,121,101,20,20
24085,84,83,1,1
24086,108,109,-1,1
24087,97,94,3,3
24088,91,90,1,1
24089,117,120,-3,3
24090,102,99,3,3
24091,53,55,-2,2
24092,82,76,6,6
24093,63,64,-1,1
24094,50,87,-37,37
24095,121,112,9,9
24096,33,42,-9,9
24097,75,70,5,5
24098,98,102,-4,4
24099,95,84,11,11
24100,94,101,-7,7
24101,43,38,5,5
24102,88,96,-8,8
24103,72,74,-2,2
24104,118,108,10,10
24105,76,78,-2,2
24106,58,59,-1,1
24107,104,87,17,17
24108,115,107,8,8
24109,63,64,-1,1
24110,105,108,-3,3
24111,59,54,5,5
24112,58,55,3,3
24113,146,135,11,11
24114,82,89,-7,7
24115,114,124,-10,10
24116,95,89,6,6
24117,46,53,-7,7
24118,122,123,-1,1
24119,78,74,4,4
24120,97,96,1,1
24121,111,107,4,4
24122,161,151,10,10
24123,157,166,-9,9
24124,90,96,-6,6
24125,69,65,4,4
24126,78,69,9,9
24127,111,109,2,2
24128,56,56,0,0
24129,83,68,15,15
24130,186,178,8,8
24131,76,81,-5,5
24132,76,74,2,2
24133,136,143,-7,7
24134,87,80,7,7
24135,87,78,9,9
24136,72,63,9,9
24137,64,74,-10,10
24138,162,160,2,2
24139,59,57,2,2
24140,77,67,10,10
24141,58,59,-1,1
24142,65,63,2,2
24143,103,94,9,9
24144,74,66,8,8
24145,83,69,14,14
24146,62,58,4,4
24147,115,106,9,9
24148,88,94,-6,6
24149,79,81,-2,2
24150,102,102,0,0
24151,76,72,4,4
24152,72,75,-3,3
24153,127,132,-5,5
24154,57,60,-3,3
24155,123,122,1,1
24156,108,100,8,8
24157,179,162,17,17
24158,56,76,-20,20
24159,129,139,-10,10
24160,76,77,-1,1
24161,160,140,20,20
24162,108,98,10,10
24163,65,59,6,6
24164,80,75,5,5
24165,68,80,-12,12
24166,125,154,-29,29
24167,55,53,2,2
24168,101,111,-10,10
24169,102,91,11,11
24170,151,154,-3,3
24171,98,119,-21,21
24172,72,82,-10,10
24173,124,115,9,9
24174,113,114,-1,1
24175,84,63,21,21
24176,51,54,-3,3
24177,73,64,9,9
24178,58,55,3,3
24179,103,104,-1,1
24180,89,69,20,20
24181,103,105,-2,2
24182,122,123,-1,1
24183,62,66,-4,4
24184,152,134,18,18
24185,49,53,-4,4
24186,76,75,1,1
24187,107,102,5,5
24188,63,77,-14,14
24189,132,129,3,3
24190,167,99,68,68
24191,105,101,4,4
24192,160,160,0,0
24193,86,82,4,4
24194,105,99,6,6
24195,88,91,-3,3
24196,102,101,1,1
24197,102,112,-10,10
24198,101,111,-10,10
24199,48,55,-7,7
24200,131,132,-1,1
24201,45,41,4,4
24202,100,101,-1,1
24203,77,71,6,6
24204,131,137,-6,6
24205,106,103,3,3
24206,115,109,6,6
24207,140,126,14,14
24208,111,117,-6,6
24209,100,96,4,4
24210,55,59,-4,4
24211,80,75,5,5
24212,98,105,-7,7
24213,61,57,4,4
24214,106,101,5,5
24215,91,91,0,0
24216,96,88,8,8
24217,88,76,12,12
24218,79,79,0,0
24219,108,119,-11,11
24220,108,113,-5,5
24221,137,121,16,16
24222,110,117,-7,7
24223,67,63,4,4
24224,81,79,2,2
24225,74,69,5,5
24226,95,102,-7,7
24227,36,33,3,3
24228,96,98,-2,2
24229,80,82,-2,2
24230,86,75,11,11
24231,145,161,-16,16
24232,163,167,-4,4
24233,57,51,6,6
24234,91,98,-7,7
24235,100,106,-6,6
24236,55,52,3,3
24237,118,113,5,5
24238,183,187,-4,4
24239,79,80,-1,1
24240,82,64,18,18
24241,107,103,4,4
24242,47,49,-2,2
24243,103,105,-2,2
24244,78,71,7,7
24245,114,111,3,3
24246,127,120,7,7
24247,65,65,0,0
24248,149,158,-9,9
24249,72,61,11,11
24250,75,75,0,0
24251,99,98,1,1
24252,91,87,4,4
24253,50,53,-3,3
24254,116,108,8,8
24255,150,136,14,14
24256,136,141,-5,5
24257,145,84,61,61
24258,64,72,-8,8
24259,81,75,6,6
24260,76,60,16,16
24261,91,81,10,10
24262,64,55,9,9
24263,52,57,-5,5
24264,85,78,7,7
24265,93,91,2,2
24266,80,91,-11,11
24267,84,85,-1,1
24268,71,67,4,4
24269,73,70,3,3
24270,54,52,2,2
24271,87,73,14,14
24272,88,96,-8,8
24273,50,55,-5,5
24274,122,121,1,1
24275,98,99,-1,1
24276,82,83,-1,1
24277,173,167,6,6
24278,78,73,5,5
24279,106,110,-4,4
24280,103,116,-13,13
24281,78,64,14,14
24282,57,63,-6,6
24283,125,130,-5,5
24284,103,108,-5,5
24285,100,106,-6,6
24286,78,74,4,4
24287,122,110,12,12
24288,122,127,-5,5
24289,135,134,1,1
24290,110,86,24,24
24291,174,159,15,15
24292,54,53,1,1
24293,43,49,-6,6
24294,82,73,9,9
24295,91,81,10,10
24296,104,91,13,13
24297,148,139,9,9
24298,30,38,-8,8
24299,115,113,2,2
24300,122,116,6,6
24301,126,120,6,6
24302,68,72,-4,4
24303,119,99,20,20
24304,124,132,-8,8
24305,81,68,13,13
24306,74,76,-2,2
24307,75,78,-3,3
24308,57,62,-5,5
24309,92,70,22,22
24310,79,72,7,7
24311,118,135,-17,17
24312,62,64,-2,2
24313,86,73,13,13
24314,57,39,18,18
24315,93,101,-8,8
24316,111,96,15,15
24317,77,78,-1,1
24318,66,68,-2,2
24319,142,108,34,34
24320,117,105,12,12
24321,48,48,0,0
24322,195,178,17,17
24323,100,101,-1,1
24324,103,75,28,28
24325,59,61,-2,2
24326,76,74,2,2
24327,108,108,0,0
24328,127,124,3,3
24329,91,70,21,21
24330,67,66,1,1
24331,157,155,2,2
24332,120,134,-14,14
24333,79,76,3,3
24334,95,94,1,1
24335,103,108,-5,5
24336,126,115,11,11
24337,73,102,-29,29
24338,53,55,-2,2
24339,126,124,2,2
24340,78,74,4,4
24341,128,136,-8,8
24342,51,52,-1,1
24343,76,69,7,7
24344,130,129,1,1
24345,87,89,-2,2
24346,76,75,1,1
24347,71,65,6,6
24348,115,120,-5,5
24349,119,115,4,4
24350,75,70,5,5
24351,75,90,-15,15
24352,93,95,-2,2
24353,128,137,-9,9
24354,127,141,-14,14
24355,94,97,-3,3
24356,133,130,3,3
24357,53,48,5,5
24358,146,133,13,13
24359,117,135,-18,18
24360,74,72,2,2
24361,126,122,4,4
24362,41,56,-15,15
24363,143,147,-4,4
24364,90,90,0,0
24365,73,78,-5,5
24366,156,152,4,4
24367,72,71,1,1
24368,59,57,2,2
24369,27,36,-9,9
24370,93,95,-2,2
24371,87,89,-2,2
24372,44,58,-14,14
24373,182,191,-9,9
24374,90,91,-1,1
24375,170,158,12,12
24376,128,123,5,5
24377,102,78,24,24
24378,99,96,3,3
24379,106,97,9,9
24380,86,77,9,9
24381,127,115,12,12
24382,99,82,17,17
24383,101,101,0,0
24384,155,137,18,18
24385,184,163,21,21
24386,98,98,0,0
24387,95,94,1,1
24388,108,139,-31,31
24389,103,107,-4,4
24390,147,146,1,1
24391,100,92,8,8
24392,76,100,-24,24
24393,308,248,60,60
24394,71,65,6,6
24395,80,82,-2,2
24396,88,81,7,7
24397,92,103,-11,11
24398,105,110,-5,5
24399,63,70,-7,7
24400,89,92,-3,3
24401,77,86,-9,9
24402,94,91,3,3
24403,72,84,-12,12
24404,65,58,7,7
24405,132,122,10,10
24406,90,82,8,8
24407,83,85,-2,2
24408,35,70,-35,35
24409,163,165,-2,2
24410,73,79,-6,6
24411,117,117,0,0
24412,87,81,6,6
24413,70,73,-3,3
24414,189,173,16,16
24415,81,75,6,6
24416,59,66,-7,7
24417,110,118,-8,8
24418,103,111,-8,8
24419,89,93,-4,4
24420,90,89,1,1
24421,475,344,131,131
24422,66,57,9,9
24423,97,104,-7,7
24424,89,77,12,12
24425,106,99,7,7
24426,81,76,5,5
24427,143,140,3,3
24428,113,110,3,3
24429,83,95,-12,12
24430,276,270,6,6
24431,88,79,9,9
24432,91,98,-7,7
24433,179,168,11,11
24434,175,125,50,50
24435,86,83,3,3
24436,60,61,-1,1
24437,86,84,2,2
24438,104,92,12,12
24439,144,144,0,0
24440,93,95,-2,2
24441,98,95,3,3
24442,59,66,-7,7
24443,112,158,-46,46
24444,98,116,-18,18
24445,60,62,-2,2
24446,72,70,2,2
24447,42,44,-2,2
24448,57,52,5,5
24449,138,125,13,13
24450,99,92,7,7
24451,134,133,1,1
24452,96,75,21,21
24453,101,83,18,18
24454,88,89,-1,1
24455,79,80,-1,1
24456,61,62,-1,1
24457,77,58,19,19
24458,119,108,11,11
24459,124,112,12,12
24460,77,78,-1,1
24461,81,82,-1,1
24462,70,66,4,4
24463,120,127,-7,7
24464,90,96,-6,6
24465,88,89,-1,1
24466,49,54,-5,5
24467,70,66,4,4
24468,90,87,3,3
24469,70,55,15,15
24470,119,106,13,13
24471,99,105,-6,6
24472,79,87,-8,8
24473,112,113,-1,1
24474,63,63,0,0
24475,40,49,-9,9
24476,145,135,10,10
24477,82,76,6,6
24478,87,81,6,6
24479,75,70,5,5
24480,71,64,7,7
24481,84,75,9,9
24482,85,71,14,14
24483,101,96,5,5
24484,111,95,16,16
24485,90,94,-4,4
24486,63,71,-8,8
24487,174,180,-6,6
24488,106,110,-4,4
24489,64,70,-6,6
24490,33,43,-10,10
24491,100,108,-8,8
24492,185,162,23,23
24493,68,65,3,3
24494,29,39,-10,10
24495,45,45,0,0
24496,58,55,3,3
24497,120,111,9,9
24498,124,111,13,13
24499,70,64,6,6
24500,104,106,-2,2
24501,101,87,14,14
24502,92,88,4,4
24503,81,78,3,3
24504,59,55,4,4
24505,84,85,-1,1
24506,67,69,-2,2
24507,105,97,8,8
24508,81,77,4,4
24509,56,57,-1,1
24510,115,120,-5,5
24511,117,112,5,5
24512,95,85,10,10
24513,134,123,11,11
24514,89,91,-2,2
24515,136,132,4,4
24516,100,95,5,5
24517,95,114,-19,19
24518,73,72,1,1
24519,58,62,-4,4
24520,157,150,7,7
24521,77,84,-7,7
24522,54,55,-1,1
24523,90,94,-4,4
24524,85,87,-2,2
24525,71,75,-4,4
24526,73,67,6,6
24527,87,97,-10,10
24528,57,59,-2,2
24529,64,57,7,7
24530,72,65,7,7
24531,184,161,23,23
24532,152,121,31,31
24533,88,89,-1,1
24534,90,82,8,8
24535,96,93,3,3
24536,117,106,11,11
24537,65,62,3,3
24538,101,92,9,9
24539,130,136,-6,6
24540,189,178,11,11
24541,80,85,-5,5
24542,72,81,-9,9
24543,99,103,-4,4
24544,131,121,10,10
24545,120,131,-11,11
24546,64,62,2,2
24547,59,43,16,16
24548,69,74,-5,5
24549,44,51,-7,7
24550,85,87,-2,2
24551,51,67,-16,16
24552,70,70,0,0
24553,61,60,1,1
24554,110,120,-10,10
24555,69,68,1,1
24556,56,62,-6,6
24557,125,140,-15,15
24558,91,83,8,8
24559,53,64,-11,11
24560,91,91,0,0
24561,42,44,-2,2
24562,85,82,3,3
24563,33,36,-3,3
24564,94,84,10,10
24565,143,142,1,1
24566,72,62,10,10
24567,85,86,-1,1
24568,132,133,-1,1
24569,103,97,6,6
24570,131,104,27,27
24571,72,70,2,2
24572,109,111,-2,2
24573,104,107,-3,3
24574,128,108,20,20
24575,147,139,8,8
24576,90,83,7,7
24577,44,51,-7,7
24578,84,85,-1,1
24579,129,136,-7,7
24580,76,87,-11,11
24581,82,87,-5,5
24582,155,127,28,28
24583,141,132,9,9
24584,110,116,-6,6
24585,117,126,-9,9
24586,112,115,-3,3
24587,109,110,-1,1
24588,63,55,8,8
24589,68,64,4,4
24590,140,139,1,1
24591,42,55,-13,13
24592,97,109,-12,12
24593,73,66,7,7
24594,49,50,-1,1
24595,163,146,17,17
24596,116,123,-7,7
24597,98,115,-17,17
24598,97,96,1,1
24599,76,77,-1,1
24600,84,84,0,0
24601,52,49,3,3
24602,134,132,2,2
24603,62,55,7,7
24604,123,131,-8,8
24605,55,56,-1,1
24606,80,85,-5,5
24607,77,73,4,4
24608,121,138,-17,17
24609,45,51,-6,6
24610,66,60,6,6
24611,59,60,-1,1
24612,45,48,-3,3
24613,63,63,0,0
24614,65,72,-7,7
24615,95,92,3,3
24616,84,75,9,9
24617,110,134,-24,24
24618,83,78,5,5
24619,133,113,20,20
24620,111,102,9,9
24621,69,69,0,0
24622,43,49,-6,6
24623,97,101,-4,4
24624,78,87,-9,9
24625,75,67,8,8
24626,130,117,13,13
24627,73,77,-4,4
24628,156,167,-11,11
24629,110,94,16,16
24630,132,132,0,0
24631,108,112,-4,4
24632,97,103,-6,6
24633,139,142,-3,3
24634,88,83,5,5
24635,136,121,15,15
24636,115,109,6,6
24637,141,132,9,9
24638,125,125,0,0
24639,114,114,0,0
24640,127,123,4,4
24641,87,91,-4,4
24642,126,127,-1,1
24643,83,89,-6,6
24644,68,60,8,8
24645,100,100,0,0
24646,67,71,-4,4
24647,79,72,7,7
24648,123,106,17,17
24649,49,60,-11,11
24650,73,78,-5,5
24651,105,97,8,8
24652,86,88,-2,2
24653,78,85,-7,7
24654,97,84,13,13
24655,95,99,-4,4
24656,46,60,-14,14
24657,105,127,-22,22
24658,157,151,6,6
24659,97,109,-12,12
24660,130,123,7,7
24661,114,130,-16,16
24662,56,66,-10,10
24663,37,39,-2,2
24664,133,130,3,3
24665,80,99,-19,19
24666,56,55,1,1
24667,64,60,4,4
24668,78,79,-1,1
24669,96,89,7,7
24670,90,84,6,6
24671,126,116,10,10
24672,85,80,5,5
24673,60,51,9,9
24674,92,83,9,9
24675,105,105,0,0
24676,92,89,3,3
24677,85,79,6,6
24678,187,163,24,24
24679,108,118,-10,10
24680,64,70,-6,6
24681,99,92,7,7
24682,92,91,1,1
24683,111,113,-2,2
24684,83,70,13,13
24685,92,87,5,5
24686,68,57,11,11
24687,158,140,18,18
24688,54,55,-1,1
24689,86,73,13,13
24690,94,100,-6,6
24691,102,94,8,8
24692,55,51,4,4
24693,52,59,-7,7
24694,69,82,-13,13
24695,97,96,1,1
24696,59,63,-4,4
24697,86,84,2,2
24698,104,107,-3,3
24699,119,129,-10,10
24700,124,107,17,17
24701,99,100,-1,1
24702,94,96,-2,2
24703,129,130,-1,1
24704,134,114,20,20
24705,58,72,-14,14
24706,131,118,13,13
24707,100,92,8,8
24708,97,84,13,13
24709,75,66,9,9
24710,133,122,11,11
24711,87,91,-4,4
24712,76,76,0,0
24713,55,53,2,2
24714,167,170,-3,3
24715,108,117,-9,9
24716,64,63,1,1
24717,56,62,-6,6
24718,49,61,-12,12
24719,55,48,7,7
24720,80,105,-25,25
24721,55,57,-2,2
24722,169,160,9,9
24723,156,153,3,3
24724,102,98,4,4
24725,94,89,5,5
24726,92,86,6,6
24727,116,134,-18,18
24728,120,129,-9,9
24729,107,104,3,3
24730,113,100,13,13
24731,75,72,3,3
24732,67,58,9,9
24733,98,90,8,8
24734,193,179,14,14
24735,165,163,2,2
24736,92,80,12,12
24737,53,55,-2,2
24738,82,105,-23,23
24739,113,116,-3,3
24740,89,90,-1,1
24741,93,87,6,6
24742,94,85,9,9
24743,87,82,5,5
24744,145,135,10,10
24745,142,132,10,10
24746,115,112,3,3
24747,82,85,-3,3
24748,87,91,-4,4
24749,74,72,2,2
24750,61,72,-11,11
24751,125,111,14,14
24752,74,72,2,2
24753,129,123,6,6
24754,88,78,10,10
24755,93,89,4,4
24756,83,82,1,1
24757,123,113,10,10
24758,103,107,-4,4
24759,136,137,-1,1
24760,88,83,5,5
24761,94,85,9,9
24762,71,74,-3,3
24763,80,80,0,0
24764,73,71,2,2
24765,90,79,11,11
24766,81,92,-11,11
24767,85,92,-7,7
24768,48,53,-5,5
24769,122,136,-14,14
24770,120,112,8,8
24771,100,105,-5,5
24772,123,110,13,13
24773,154,142,12,12
24774,49,62,-13,13
24775,110,93,17,17
24776,90,91,-1,1
24777,103,94,9,9
24778,69,74,-5,5
24779,113,105,8,8
24780,102,102,0,0
24781,80,99,-19,19
24782,45,48,-3,3
24783,154,152,2,2
24784,116,105,11,11
24785,125,122,3,3
24786,182,166,16,16
24787,68,67,1,1
24788,82,69,13,13
24789,78,76,2,2
24790,60,69,-9,9
24791,119,112,7,7
24792,76,79,-3,3
24793,102,104,-2,2
24794,94,105,-11,11
24795,76,80,-4,4
24796,52,55,-3,3
24797,82,70,12,12
24798,117,119,-2,2
24799,110,95,15,15
24800,165,152,13,13
24801,79,77,2,2
24802,132,125,7,7
24803,118,110,8,8
24804,95,85,10,10
24805,74,77,-3,3
24806,52,62,-10,10
24807,104,108,-4,4
24808,103,129,-26,26
24809,119,120,-1,1
24810,99,96,3,3
24811,141,134,7,7
24812,62,62,0,0
24813,95,95,0,0
24814,115,111,4,4
24815,97,108,-11,11
24816,46,64,-18,18
24817,122,125,-3,3
24818,121,121,0,0
24819,102,110,-8,8
24820,148,144,4,4
24821,71,73,-2,2
24822,114,107,7,7
24823,126,114,12,12
24824,84,80,4,4
24825,83,76,7,7
24826,101,84,17,17
24827,98,99,-1,1
24828,121,112,9,9
24829,84,93,-9,9
24830,56,55,1,1
24831,90,74,16,16
24832,85,84,1,1
24833,87,91,-4,4
24834,113,111,2,2
24835,140,135,5,5
24836,116,117,-1,1
24837,120,125,-5,5
24838,82,77,5,5
24839,150,149,1,1
24840,89,82,7,7
24841,72,74,-2,2
24842,106,106,0,0
24843,66,68,-2,2
24844,67,67,0,0
24845,78,74,4,4
24846,118,108,10,10
24847,83,98,-15,15
24848,133,127,6,6
24849,127,126,1,1
24850,178,168,10,10
24851,70,66,4,4
24852,50,52,-2,2
24853,121,112,9,9
24854,127,122,5,5
24855,62,51,11,11
24856,74,72,2,2
24857,79,76,3,3
24858,95,90,5,5
24859,103,105,-2,2
24860,113,99,14,14
24861,58,73,-15,15
24862,162,120,42,42
24863,43,44,-1,1
24864,73,64,9,9
24865,60,58,2,2
24866,134,130,4,4
24867,66,64,2,2
24868,42,60,-18,18
24869,89,85,4,4
24870,82,69,13,13
24871,133,134,-1,1
24872,28,45,-17,17
24873,120,113,7,7
24874,60,54,6,6
24875,59,61,-2,2
24876,54,57,-3,3
24877,81,88,-7,7
24878,102,97,5,5
24879,47,54,-7,7
24880,90,82,8,8
24881,123,116,7,7
24882,83,79,4,4
24883,92,110,-18,18
24884,105,97,8,8
24885,108,87,21,21
24886,114,128,-14,14
24887,57,58,-1,1
24888,67,64,3,3
24889,85,91,-6,6
24890,68,61,7,7
24891,55,52,3,3
24892,93,89,4,4
24893,61,64,-3,3
24894,61,66,-5,5
24895,87,84,3,3
24896,85,87,-2,2
24897,88,85,3,3
24898,57,52,5,5
24899,65,65,0,0
24900,58,63,-5,5
24901,118,114,4,4
24902,94,98,-4,4
24903,164,161,3,3
24904,74,74,0,0
24905,106,160,-54,54
24906,97,110,-13,13
24907,117,111,6,6
24908,123,105,18,18
24909,72,79,-7,7
24910,73,70,3,3
24911,105,153,-48,48
24912,53,51,2,2
24913,63,68,-5,5
24914,85,82,3,3
24915,136,142,-6,6
24916,113,103,10,10
24917,92,103,-11,11
24918,97,99,-2,2
24919,95,100,-5,5
24920,106,92,14,14
24921,167,164,3,3
24922,121,133,-12,12
24923,42,38,4,4
24924,80,83,-3,3
24925,48,46,2,2
24926,116,109,7,7
24927,117,115,2,2
24928,67,57,10,10
24929,69,66,3,3
24930,114,102,12,12
24931,134,127,7,7
24932,91,90,1,1
24933,88,82,6,6
24934,130,129,1,1
24935,187,186,1,1
24936,99,105,-6,6
24937,95,105,-10,10
24938,151,145,6,6
24939,97,92,5,5
24940,66,61,5,5
24941,39,46,-7,7
24942,114,115,-1,1
24943,124,114,10,10
24944,109,109,0,0
24945,92,111,-19,19
24946,50,52,-2,2
24947,139,134,5,5
24948,116,115,1,1
24949,79,73,6,6
24950,69,82,-13,13
24951,95,100,-5,5
24952,112,114,-2,2
24953,57,56,1,1
24954,57,54,3,3
24955,112,117,-5,5
24956,77,74,3,3
24957,79,87,-8,8
24958,115,106,9,9
24959,52,60,-8,8
24960,121,105,16,16
24961,93,90,3,3
24962,51,56,-5,5
24963,71,71,0,0
24964,126,126,0,0
24965,149,144,5,5
24966,91,106,-15,15
24967,142,141,1,1
24968,55,57,-2,2
24969,110,106,4,4
24970,197,194,3,3
24971,85,81,4,4
24972,115,111,4,4
24973,111,101,10,10
24974,136,125,11,11
24975,57,57,0,0
24976,100,83,17,17
24977,121,121,0,0
24978,105,95,10,10
24979,145,152,-7,7
24980,93,89,4,4
24981,104,103,1,1
24982,104,94,10,10
24983,89,75,14,14
24984,82,79,3,3
24985,137,125,12,12
24986,112,100,12,12
24987,99,89,10,10
24988,94,99,-5,5
24989,140,131,9,9
24990,75,79,-4,4
24991,114,122,-8,8
24992,71,75,-4,4
24993,155,138,17,17
24994,71,68,3,3
24995,61,53,8,8
24996,84,88,-4,4
24997,75,73,2,2
24998,128,142,-14,14
24999,247,231,16,16
25000,101,106,-5,5
25001,113,102,11,11
25002,116,113,3,3
25003,112,106,6,6
25004,83,79,4,4
25005,52,59,-7,7
25006,73,53,20,20
25007,43,62,-19,19
25008,96,100,-4,4
25009,49,57,-8,8
25010,57,62,-5,5
25011,104,123,-19,19
25012,86,90,-4,4
25013,66,72,-6,6
25014,69,79,-10,10
25015,92,96,-4,4
25016,120,123,-3,3
25017,124,136,-12,12
25018,109,94,15,15
25019,90,97,-7,7
25020,88,105,-17,17
25021,60,56,4,4
25022,100,100,0,0
25023,171,203,-32,32
25024,55,55,0,0
25025,143,140,3,3
25026,104,96,8,8
25027,120,118,2,2
25028,132,129,3,3
25029,142,143,-1,1
25030,68,66,2,2
25031,74,65,9,9
25032,107,103,4,4
25033,82,71,11,11
25034,48,43,5,5
25035,83,74,9,9
25036,66,61,5,5
25037,90,89,1,1
25038,114,117,-3,3
25039,123,108,15,15
25040,140,124,16,16
25041,71,66,5,5
25042,112,100,12,12
25043,175,188,-13,13
25044,148,130,18,18
25045,87,78,9,9
25046,156,160,-4,4
25047,44,49,-5,5
25048,105,101,4,4
25049,120,122,-2,2
25050,65,67,-2,2
25051,120,120,0,0
25052,69,68,1,1
25053,91,98,-7,7
25054,135,115,20,20
25055,133,133,0,0
25056,81,86,-5,5
25057,74,61,13,13
25058,144,142,2,2
25059,146,138,8,8
25060,95,84,11,11
25061,223,192,31,31
25062,126,108,18,18
25063,49,52,-3,3
25064,102,97,5,5
25065,116,112,4,4
25066,60,60,0,0
25067,154,149,5,5
25068,134,110,24,24
25069,100,96,4,4
25070,76,72,4,4
25071,74,73,1,1
25072,77,64,13,13
25073,88,89,-1,1
25074,76,83,-7,7
25075,81,78,3,3
25076,165,160,5,5
25077,108,113,-5,5
25078,53,38,15,15
25079,59,63,-4,4
25080,85,111,-26,26
25081,98,86,12,12
25082,58,57,1,1
25083,105,104,1,1
25084,148,136,12,12
25085,159,130,29,29
25086,163,166,-3,3
25087,102,96,6,6
25088,71,87,-16,16
25089,156,148,8,8
25090,97,86,11,11
25091,97,89,8,8
25092,72,64,8,8
25093,83,107,-24,24
25094,81,70,11,11
25095,103,95,8,8
25096,95,97,-2,2
25097,82,90,-8,8
25098,121,117,4,4
25099,78,73,5,5
25100,98,91,7,7
25101,145,146,-1,1
25102,122,117,5,5
25103,123,103,20,20
25104,76,62,14,14
25105,195,178,17,17
25106,48,45,3,3
25107,59,61,-2,2
25108,73,71,2,2
25109,73,69,4,4
25110,63,50,13,13
25111,178,158,20,20
25112,69,66,3,3
25113,96,91,5,5
25114,67,66,1,1
25115,46,46,0,0
25116,88,90,-2,2
25117,47,64,-17,17
25118,45,44,1,1
25119,47,50,-3,3
25120,123,118,5,5
25121,124,124,0,0
25122,167,162,5,5
25123,136,116,20,20
25124,72,72,0,0
25125,109,100,9,9
25126,74,70,4,4
25127,80,71,9,9
25128,126,127,-1,1
25129,119,111,8,8
25130,60,62,-2,2
25131,98,98,0,0
25132,128,102,26,26
25133,96,83,13,13
25134,109,109,0,0
25135,135,127,8,8
25136,86,78,8,8
25137,125,121,4,4
25138,71,77,-6,6
25139,137,130,7,7
25140,86,86,0,0
25141,150,172,-22,22
25142,83,83,0,0
25143,57,55,2,2
25144,87,82,5,5
25145,58,70,-12,12
25146,74,80,-6,6
25147,168,153,15,15
25148,145,131,14,14
25149,65,65,0,0
25150,76,74,2,2
25151,114,117,-3,3
25152,151,153,-2,2
25153,146,155,-9,9
25154,65,71,-6,6
25155,77,91,-14,14
25156,165,149,16,16
25157,89,110,-21,21
25158,107,93,14,14
25159,96,110,-14,14
25160,115,119,-4,4
25161,74,66,8,8
25162,160,156,4,4
25163,82,81,1,1
25164,80,71,9,9
25165,94,101,-7,7
25166,97,95,2,2
25167,48,66,-18,18
25168,79,66,13,13
25169,16,37,-21,21
25170,100,99,1,1
25171,51,74,-23,23
25172,86,83,3,3
25173,108,97,11,11
25174,46,46,0,0
25175,55,66,-11,11
25176,112,123,-11,11
25177,84,79,5,5
25178,100,98,2,2
25179,150,135,15,15
25180,138,129,9,9
25181,92,90,2,2
25182,66,62,4,4
25183,103,101,2,2
25184,96,92,4,4
25185,148,153,-5,5
25186,81,83,-2,2
25187,45,77,-32,32
25188,126,116,10,10
25189,168,165,3,3
25190,76,81,-5,5
25191,134,143,-9,9
25192,83,81,2,2
25193,118,108,10,10
25194,117,110,7,7
25195,100,107,-7,7
25196,96,97,-1,1
25197,122,113,9,9
25198,76,79,-3,3
25199,96,115,-19,19
25200,103,96,7,7
25201,70,73,-3,3
25202,209,186,23,23
25203,75,82,-7,7
25204,54,69,-15,15
25205,111,109,2,2
25206,70,65,5,5
25207,100,97,3,3
25208,108,97,11,11
25209,56,62,-6,6
25210,172,181,-9,9
25211,67,63,4,4
25212,118,105,13,13
25213,47,58,-11,11
25214,69,71,-2,2
25215,85,93,-8,8
25216,63,65,-2,2
25217,267,233,34,34
25218,101,90,11,11
25219,126,121,5,5
25220,99,99,0,0
25221,124,130,-6,6
25222,145,131,14,14
25223,83,79,4,4
25224,96,86,10,10
25225,149,176,-27,27
25226,65,66,-1,1
25227,83,75,8,8
25228,51,56,-5,5
25229,73,85,-12,12
25230,164,175,-11,11
25231,76,77,-1,1
25232,86,87,-1,1
25233,128,117,11,11
25234,126,113,13,13
25235,75,77,-2,2
25236,85,84,1,1
25237,59,55,4,4
25238,80,67,13,13
25239,115,110,5,5
25240,96,92,4,4
25241,57,62,-5,5
25242,78,70,8,8
25243,92,89,3,3
25244,114,110,4,4
25245,97,88,9,9
25246,67,66,1,1
25247,68,98,-30,30
25248,88,85,3,3
25249,58,60,-2,2
25250,86,94,-8,8
25251,81,84,-3,3
25252,80,79,1,1
25253,107,109,-2,2
25254,65,62,3,3
25255,77,70,7,7
25256,30,51,-21,21
25257,81,92,-11,11
25258,91,103,-12,12
25259,62,66,-4,4
25260,78,89,-11,11
25261,103,101,2,2
25262,113,108,5,5
25263,121,122,-1,1
25264,75,73,2,2
25265,113,113,0,0
25266,52,59,-7,7
25267,93,99,-6,6
25268,51,59,-8,8
25269,128,110,18,18
25270,86,73,13,13
25271,107,110,-3,3
25272,105,107,-2,2
25273,195,187,8,8
25274,64,57,7,7
25275,56,68,-12,12
25276,38,66,-28,28
25277,111,128,-17,17
25278,72,76,-4,4
25279,103,104,-1,1
25280,93,82,11,11
25281,90,95,-5,5
25282,64,74,-10,10
25283,142,130,12,12
25284,96,77,19,19
25285,85,87,-2,2
25286,99,96,3,3
25287,52,53,-1,1
25288,117,137,-20,20
25289,76,72,4,4
25290,80,66,14,14
25291,99,82,17,17
25292,103,102,1,1
25293,60,66,-6,6
25294,96,100,-4,4
25295,112,107,5,5
25296,77,71,6,6
25297,126,116,10,10
25298,125,125,0,0
25299,132,135,-3,3
25300,79,86,-7,7
25301,106,103,3,3
25302,35,43,-8,8
25303,85,68,17,17
25304,63,61,2,2
25305,65,74,-9,9
25306,23,56,-33,33
25307,73,72,1,1
25308,103,97,6,6
25309,79,68,11,11
25310,81,83,-2,2
25311,54,51,3,3
25312,77,82,-5,5
25313,90,93,-3,3
25314,92,88,4,4
25315,54,57,-3,3
25316,101,103,-2,2
25317,102,91,11,11
25318,77,87,-10,10
25319,113,115,-2,2
25320,166,152,14,14
25321,74,77,-3,3
25322,116,119,-3,3
25323,127,132,-5,5
25324,89,82,7,7
25325,101,94,7,7
25326,103,103,0,0
25327,127,122,5,5
25328,83,72,11,11
25329,123,124,-1,1
25330,118,119,-1,1
25331,160,161,-1,1
25332,79,80,-1,1
25333,76,67,9,9
25334,51,48,3,3
25335,110,113,-3,3
25336,112,125,-13,13
25337,73,66,7,7
25338,90,79,11,11
25339,87,94,-7,7
25340,97,98,-1,1
25341,51,45,6,6
25342,175,170,5,5
25343,51,55,-4,4
25344,96,91,5,5
25345,96,78,18,18
25346,87,88,-1,1
25347,98,82,16,16
25348,195,181,14,14
25349,74,70,4,4
25350,111,99,12,12
25351,62,54,8,8
25352,62,79,-17,17
25353,50,52,-2,2
25354,77,70,7,7
25355,68,67,1,1
25356,72,74,-2,2
25357,82,77,5,5
25358,69,68,1,1
25359,133,136,-3,3
25360,57,60,-3,3
25361,87,99,-12,12
25362,86,80,6,6
25363,53,86,-33,33
25364,111,141,-30,30
25365,85,89,-4,4
25366,68,75,-7,7
25367,82,86,-4,4
25368,125,111,14,14
25369,127,115,12,12
25370,46,84,-38,38
25371,125,131,-6,6
25372,133,122,11,11
25373,84,88,-4,4
25374,70,60,10,10
25375,130,116,14,14
25376,86,82,4,4
25377,161,153,8,8
25378,100,129,-29,29
25379,107,115,-8,8
25380,89,91,-2,2
25381,62,52,10,10
25382,75,72,3,3
25383,82,82,0,0
25384,104,110,-6,6
25385,83,86,-3,3
25386,109,92,17,17
25387,57,50,7,7
25388,125,133,-8,8
25389,87,72,15,15
25390,201,180,21,21
25391,75,73,2,2
25392,80,80,0,0
25393,143,160,-17,17
25394,120,122,-2,2
25395,146,146,0,0
25396,70,63,7,7
25397,93,95,-2,2
25398,110,112,-2,2
25399,43,54,-11,11
25400,97,92,5,5
25401,70,55,15,15
25402,85,83,2,2
25403,91,96,-5,5
25404,85,85,0,0
25405,120,112,8,8
25406,70,76,-6,6
25407,61,59,2,2
25408,67,67,0,0
25409,156,154,2,2
25410,45,52,-7,7
25411,121,132,-11,11
25412,93,106,-13,13
25413,111,116,-5,5
25414,72,74,-2,2
25415,44,43,1,1
25416,140,147,-7,7
25417,52,61,-9,9
25418,70,67,3,3
25419,117,118,-1,1
25420,60,51,9,9
25421,73,88,-15,15
25422,107,102,5,5
25423,90,90,0,0
25424,59,60,-1,1
25425,102,104,-2,2
25426,73,68,5,5
25427,86,89,-3,3
25428,58,61,-3,3
25429,66,68,-2,2
25430,62,91,-29,29
25431,130,128,2,2
25432,121,101,20,20
25433,114,107,7,7
25434,128,133,-5,5
25435,106,107,-1,1
25436,94,83,11,11
25437,139,143,-4,4
25438,57,54,3,3
25439,62,72,-10,10
25440,59,54,5,5
25441,134,106,28,28
25442,88,81,7,7
25443,67,65,2,2
25444,91,91,0,0
25445,79,74,5,5
25446,99,100,-1,1
25447,135,147,-12,12
25448,118,119,-1,1
25449,97,92,5,5
25450,96,85,11,11
25451,81,77,4,4
25452,93,99,-6,6
25453,108,105,3,3
25454,69,61,8,8
25455,106,118,-12,12
25456,80,80,0,0
25457,108,105,3,3
25458,95,84,11,11
25459,41,40,1,1
25460,97,99,-2,2
25461,161,132,29,29
25462,96,100,-4,4
25463,86,90,-4,4
25464,123,108,15,15
25465,84,63,21,21
25466,81,86,-5,5
25467,99,96,3,3
25468,108,88,20,20
25469,57,65,-8,8
25470,82,84,-2,2
25471,117,140,-23,23
25472,78,86,-8,8
25473,206,206,0,0
25474,70,65,5,5
25475,66,67,-1,1
25476,132,119,13,13
25477,73,70,3,3
25478,53,54,-1,1
25479,47,51,-4,4
25480,73,85,-12,12
25481,72,74,-2,2
25482,96,94,2,2
25483,182,180,2,2
25484,80,71,9,9
25485,98,90,8,8
25486,103,104,-1,1
25487,182,179,3,3
25488,136,139,-3,3
25489,101,103,-2,2
25490,81,71,10,10
25491,161,150,11,11
25492,83,84,-1,1
25493,57,63,-6,6
25494,119,103,16,16
25495,103,96,7,7
25496,143,130,13,13
25497,61,92,-31,31
25498,117,108,9,9
25499,113,115,-2,2
25500,94,101,-7,7
25501,70,66,4,4
25502,116,120,-4,4
25503,102,91,11,11
25504,154,148,6,6
25505,91,79,12,12
25506,105,107,-2,2
25507,114,122,-8,8
25508,160,167,-7,7
25509,94,83,11,11
25510,151,132,19,19
25511,170,166,4,4
25512,76,60,16,16
25513,74,63,11,11
25514,101,106,-5,5
25515,62,61,1,1
25516,84,81,3,3
25517,109,116,-7,7
25518,106,96,10,10
25519,119,101,18,18
25520,89,89,0,0
25521,53,52,1,1
25522,37,44,-7,7
25523,97,87,10,10
25524,91,82,9,9
25525,94,85,9,9
25526,111,91,20,20
25527,203,196,7,7
25528,71,67,4,4
25529,63,70,-7,7
25530,55,60,-5,5
25531,87,81,6,6
25532,125,140,-15,15
25533,101,101,0,0
25534,98,82,16,16
25535,116,119,-3,3
25536,79,81,-2,2
25537,206,198,8,8
25538,102,102,0,0
25539,153,145,8,8
25540,86,89,-3,3
25541,60,67,-7,7
25542,95,105,-10,10
25543,156,149,7,7
25544,90,85,5,5
25545,131,122,9,9
25546,107,97,10,10
25547,56,56,0,0
25548,96,94,2,2
25549,67,75,-8,8
25550,66,71,-5,5
25551,116,114,2,2
25552,97,102,-5,5
25553,132,117,15,15
25554,87,90,-3,3
25555,94,98,-4,4
25556,50,49,1,1
25557,104,92,12,12
25558,179,191,-12,12
25559,121,101,20,20
25560,54,57,-3,3
25561,86,78,8,8
25562,29,43,-14,14
25563,109,102,7,7
25564,81,82,-1,1
25565,75,81,-6,6
25566,179,160,19,19
25567,59,50,9,9
25568,122,109,13,13
25569,209,182,27,27
25570,53,56,-3,3
25571,79,68,11,11
25572,97,91,6,6
25573,99,104,-5,5
25574,50,52,-2,2
25575,81,88,-7,7
25576,77,73,4,4
25577,179,175,4,4
25578,100,104,-4,4
25579,57,67,-10,10
25580,88,87,1,1
25581,47,52,-5,5
25582,92,83,9,9
25583,94,86,8,8
25584,49,86,-37,37
25585,155,137,18,18
25586,93,95,-2,2
25587,160,146,14,14
25588,34,38,-4,4
25589,109,104,5,5
25590,112,96,16,16
25591,65,59,6,6
25592,76,72,4,4
25593,82,83,-1,1
25594,97,80,17,17
25595,72,70,2,2
25596,95,103,-8,8
25597,59,66,-7,7
25598,52,45,7,7
25599,81,75,6,6
25600,87,81,6,6
25601,129,122,7,7
25602,57,45,12,12
25603,54,57,-3,3
25604,122,105,17,17
25605,90,89,1,1
25606,136,123,13,13
25607,55,56,-1,1
25608,69,74,-5,5
25609,118,111,7,7
25610,103,105,-2,2
25611,70,61,9,9
25612,43,48,-5,5
25613,66,69,-3,3
25614,140,149,-9,9
25615,89,88,1,1
25616,147,120,27,27
25617,112,103,9,9
25618,78,66,12,12
25619,40,48,-8,8
25620,55,52,3,3
25621,77,75,2,2
25622,80,87,-7,7
25623,71,69,2,2
25624,82,77,5,5
25625,82,92,-10,10
25626,93,108,-15,15
25627,68,63,5,5
25628,96,85,11,11
25629,116,108,8,8
25630,53,76,-23,23
25631,87,76,11,11
25632,116,113,3,3
25633,102,93,9,9
25634,89,80,9,9
25635,121,120,1,1
25636,92,90,2,2
25637,29,55,-26,26
25638,98,81,17,17
25639,70,70,0,0
25640,127,113,14,14
25641,208,191,17,17
25642,85,77,8,8
25643,84,89,-5,5
25644,92,95,-3,3
25645,118,137,-19,19
25646,66,70,-4,4
25647,79,80,-1,1
25648,167,152,15,15
25649,174,181,-7,7
25650,92,88,4,4
25651,90,91,-1,1
25652,103,95,8,8
25653,85,86,-1,1
25654,43,39,4,4
25655,144,140,4,4
25656,66,63,3,3
25657,33,50,-17,17
25658,50,60,-10,10
25659,68,67,1,1
25660,152,170,-18,18
25661,102,90,12,12
25662,45,42,3,3
25663,67,60,7,7
25664,59,60,-1,1
25665,92,97,-5,5
25666,138,135,3,3
25667,152,147,5,5
25668,79,76,3,3
25669,122,123,-1,1
25670,122,123,-1,1
25671,59,65,-6,6
25672,164,153,11,11
25673,93,144,-51,51
25674,86,92,-6,6
25675,133,122,11,11
25676,95,107,-12,12
25677,86,90,-4,4
25678,76,74,2,2
25679,152,149,3,3
25680,99,88,11,11
25681,62,59,3,3
25682,92,92,0,0
25683,105,91,14,14
25684,95,82,13,13
25685,103,69,34,34
25686,64,62,2,2
25687,113,130,-17,17
25688,139,144,-5,5
25689,116,108,8,8
25690,109,139,-30,30
25691,110,111,-1,1
25692,102,99,3,3
25693,108,114,-6,6
25694,83,71,12,12
25695,151,151,0,0
25696,84,89,-5,5
25697,109,100,9,9
25698,136,125,11,11
25699,109,101,8,8
25700,136,114,22,22
25701,109,102,7,7
25702,68,71,-3,3
25703,76,71,5,5
25704,81,84,-3,3
25705,102,102,0,0
25706,139,133,6,6
25707,86,82,4,4
25708,105,90,15,15
25709,58,62,-4,4
25710,35,49,-14,14
25711,49,56,-7,7
25712,82,72,10,10
25713,70,75,-5,5
25714,79,73,6,6
25715,66,63,3,3
25716,122,115,7,7
25717,77,81,-4,4
25718,120,115,5,5
25719,155,134,21,21
25720,123,122,1,1
25721,74,80,-6,6
25722,88,82,6,6
25723,143,137,6,6
25724,88,70,18,18
25725,57,56,1,1
25726,130,123,7,7
25727,81,86,-5,5
25728,83,82,1,1
25729,173,150,23,23
25730,66,69,-3,3
25731,91,91,0,0
25732,70,64,6,6
25733,73,65,8,8
25734,72,76,-4,4
25735,73,68,5,5
25736,109,117,-8,8
25737,106,61,45,45
25738,72,73,-1,1
25739,80,81,-1,1
25740,188,174,14,14
25741,112,108,4,4
25742,116,114,2,2
25743,115,105,10,10
25744,97,100,-3,3
25745,171,168,3,3
25746,96,102,-6,6
25747,97,85,12,12
25748,60,65,-5,5
25749,119,106,13,13
25750,144,139,5,5
25751,64,66,-2,2
25752,55,60,-5,5
25753,92,90,2,2
25754,92,86,6,6
25755,133,140,-7,7
25756,62,57,5,5
25757,143,142,1,1
25758,92,100,-8,8
25759,95,112,-17,17
25760,43,43,0,0
25761,110,103,7,7
25762,94,85,9,9
25763,68,65,3,3
25764,81,78,3,3
25765,150,134,16,16
25766,129,126,3,3
25767,133,124,9,9
25768,105,96,9,9
25769,66,83,-17,17
25770,91,94,-3,3
25771,90,81,9,9
25772,117,88,29,29
25773,140,130,10,10
25774,165,172,-7,7
25775,95,95,0,0
25776,85,83,2,2
25777,158,159,-1,1
25778,138,136,2,2
25779,96,93,3,3
25780,122,122,0,0
25781,65,60,5,5
25782,63,60,3,3
25783,111,118,-7,7
25784,80,89,-9,9
25785,79,79,0,0
25786,100,85,15,15
25787,81,82,-1,1
25788,92,88,4,4
25789,75,90,-15,15
25790,82,79,3,3
25791,79,88,-9,9
25792,57,67,-10,10
25793,148,109,39,39
25794,79,80,-1,1
25795,122,114,8,8
25796,82,85,-3,3
25797,61,73,-12,12
25798,38,42,-4,4
25799,94,106,-12,12
25800,101,82,19,19
25801,89,84,5,5
25802,68,59,9,9
25803,47,43,4,4
25804,90,84,6,6
25805,60,56,4,4
25806,114,109,5,5
25807,80,82,-2,2
25808,127,105,22,22
25809,102,106,-4,4
25810,69,63,6,6
25811,53,63,-10,10
25812,59,64,-5,5
25813,95,96,-1,1
25814,64,62,2,2
25815,144,148,-4,4
25816,71,66,5,5
25817,100,103,-3,3
25818,116,114,2,2
25819,104,100,4,4
25820,177,184,-7,7
25821,108,100,8,8
25822,132,126,6,6
25823,118,109,9,9
25824,135,150,-15,15
25825,115,114,1,1
25826,73,72,1,1
25827,133,121,12,12
25828,95,88,7,7
25829,80,84,-4,4
25830,48,75,-27,27
25831,158,154,4,4
25832,73,77,-4,4
25833,94,84,10,10
25834,74,91,-17,17
25835,154,156,-2,2
25836,127,129,-2,2
25837,73,67,6,6
25838,89,86,3,3
25839,61,62,-1,1
25840,87,82,5,5
25841,65,85,-20,20
25842,81,81,0,0
25843,99,95,4,4
25844,83,84,-1,1
25845,90,95,-5,5
25846,82,80,2,2
25847,115,108,7,7
25848,137,147,-10,10
25849,78,78,0,0
25850,94,80,14,14
25851,101,104,-3,3
25852,96,95,1,1
25853,77,66,11,11
25854,112,109,3,3
25855,138,138,0,0
25856,98,92,6,6
25857,91,96,-5,5
25858,143,133,10,10
25859,153,151,2,2
25860,40,38,2,2
25861,69,68,1,1
25862,67,68,-1,1
25863,43,46,-3,3
25864,104,108,-4,4
25865,117,107,10,10
25866,84,72,12,12
25867,84,88,-4,4
25868,74,65,9,9
25869,75,71,4,4
25870,147,152,-5,5
25871,94,97,-3,3
25872,92,85,7,7
25873,71,67,4,4
25874,84,78,6,6
25875,78,97,-19,19
25876,83,80,3,3
25877,84,87,-3,3
25878,42,46,-4,4
25879,149,150,-1,1
25880,95,97,-2,2
25881,132,117,15,15
25882,83,79,4,4
25883,131,139,-8,8
25884,62,87,-25,25
25885,87,91,-4,4
25886,91,84,7,7
25887,155,168,-13,13
25888,73,75,-2,2
25889,98,98,0,0
25890,72,67,5,5
25891,75,80,-5,5
25892,147,145,2,2
25893,54,56,-2,2
25894,128,121,7,7
25895,98,92,6,6
25896,111,111,0,0
25897,81,83,-2,2
25898,87,78,9,9
25899,28,65,-37,37
25900,123,121,2,2
25901,82,76,6,6
25902,82,80,2,2
25903,113,110,3,3
25904,121,131,-10,10
25905,124,118,6,6
25906,85,82,3,3
25907,82,85,-3,3
25908,107,110,-3,3
25909,113,112,1,1
25910,74,84,-10,10
25911,97,85,12,12
25912,56,52,4,4
25913,89,85,4,4
25914,132,130,2,2
25915,134,128,6,6
25916,93,92,1,1
25917,128,136,-8,8
25918,121,123,-2,2
25919,132,136,-4,4
25920,114,117,-3,3
25921,93,84,9,9
25922,132,112,20,20
25923,139,128,11,11
25924,59,58,1,1
25925,185,181,4,4
25926,47,49,-2,2
25927,68,64,4,4
25928,122,127,-5,5
25929,130,133,-3,3
25930,98,97,1,1
25931,42,53,-11,11
25932,125,122,3,3
25933,56,62,-6,6
25934,129,132,-3,3
25935,60,75,-15,15
25936,51,58,-7,7
25937,78,82,-4,4
25938,62,71,-9,9
25939,80,90,-10,10
25940,39,44,-5,5
25941,120,126,-6,6
25942,100,84,16,16
25943,112,121,-9,9
25944,85,84,1,1
25945,118,115,3,3
25946,124,128,-4,4
25947,56,54,2,2
25948,97,98,-1,1
25949,83,100,-17,17
25950,91,94,-3,3
25951,68,64,4,4
25952,108,109,-1,1
25953,87,86,1,1
25954,57,58,-1,1
25955,70,59,11,11
25956,87,93,-6,6
25957,111,102,9,9
25958,79,82,-3,3
25959,117,99,18,18
25960,95,100,-5,5
25961,139,133,6,6
25962,52,52,0,0
25963,47,122,-75,75
25964,104,102,2,2
25965,89,77,12,12
25966,86,87,-1,1
25967,90,79,11,11
25968,113,112,1,1
25969,89,82,7,7
25970,94,96,-2,2
25971,134,129,5,5
25972,63,61,2,2
25973,102,95,7,7
25974,146,139,7,7
25975,140,137,3,3
25976,73,71,2,2
25977,127,129,-2,2
25978,47,53,-6,6
25979,90,105,-15,15
25980,77,72,5,5
25981,136,129,7,7
25982,121,122,-1,1
25983,82,78,4,4
25984,114,131,-17,17
25985,114,105,9,9
25986,80,82,-2,2
25987,82,77,5,5
25988,79,76,3,3
25989,107,114,-7,7
25990,113,92,21,21
25991,114,113,1,1
25992,52,55,-3,3
25993,67,61,6,6
25994,74,76,-2,2
25995,113,114,-1,1
25996,77,69,8,8
25997,125,135,-10,10
25998,60,56,4,4
25999,78,75,3,3
26000,94,96,-2,2
26001,102,94,8,8
26002,115,105,10,10
26003,114,108,6,6
26004,115,119,-4,4
26005,109,111,-2,2
26006,107,112,-5,5
26007,80,78,2,2
26008,111,103,8,8
26009,36,55,-19,19
26010,78,76,2,2
26011,87,79,8,8
26012,74,73,1,1
26013,70,78,-8,8
26014,64,61,3,3
26015,51,50,1,1
26016,97,97,0,0
26017,106,99,7,7
26018,150,148,2,2
26019,105,96,9,9
26020,80,83,-3,3
26021,81,82,-1,1
26022,78,82,-4,4
26023,103,112,-9,9
26024,68,66,2,2
26025,69,62,7,7
26026,100,117,-17,17
26027,100,83,17,17
26028,171,165,6,6
26029,102,88,14,14
26030,98,83,15,15
26031,81,86,-5,5
26032,86,76,10,10
26033,47,50,-3,3
26034,83,90,-7,7
26035,139,133,6,6
26036,71,68,3,3
26037,142,137,5,5
26038,65,63,2,2
26039,68,66,2,2
26040,63,53,10,10
26041,105,90,15,15
26042,53,69,-16,16
26043,126,105,21,21
26044,137,140,-3,3
26045,64,56,8,8
26046,126,129,-3,3
26047,117,108,9,9
26048,65,95,-30,30
26049,133,139,-6,6
26050,64,62,2,2
26051,96,87,9,9
26052,92,88,4,4
26053,99,99,0,0
26054,148,149,-1,1
26055,54,48,6,6
26056,99,74,25,25
26057,89,92,-3,3
26058,63,57,6,6
26059,90,84,6,6
26060,71,68,3,3
26061,82,69,13,13
26062,89,103,-14,14
26063,58,58,0,0
26064,88,91,-3,3
26065,91,102,-11,11
26066,29,37,-8,8
26067,63,62,1,1
26068,73,72,1,1
26069,68,61,7,7
26070,76,80,-4,4
26071,73,68,5,5
26072,152,136,16,16
26073,113,102,11,11
26074,57,57,0,0
26075,81,74,7,7
26076,102,110,-8,8
26077,87,114,-27,27
26078,106,114,-8,8
26079,83,88,-5,5
26080,164,152,12,12
26081,122,95,27,27
26082,68,73,-5,5
26083,79,69,10,10
26084,57,64,-7,7
26085,116,120,-4,4
26086,57,59,-2,2
26087,105,93,12,12
26088,95,83,12,12
26089,164,161,3,3
26090,159,168,-9,9
26091,92,82,10,10
26092,100,110,-10,10
26093,64,56,8,8
26094,121,167,-46,46
26095,157,148,9,9
26096,116,116,0,0
26097,46,52,-6,6
26098,106,109,-3,3
26099,67,69,-2,2
26100,83,90,-7,7
26101,66,61,5,5
26102,105,96,9,9
26103,166,169,-3,3
26104,109,91,18,18
26105,75,72,3,3
26106,86,77,9,9
26107,91,78,13,13
26108,76,68,8,8
26109,149,155,-6,6
26110,102,91,11,11
26111,76,81,-5,5
26112,64,54,10,10
26113,108,100,8,8
26114,99,95,4,4
26115,104,108,-4,4
26116,136,148,-12,12
26117,72,92,-20,20
26118,92,77,15,15
26119,70,62,8,8
26120,69,61,8,8
26121,154,152,2,2
26122,129,126,3,3
26123,102,97,5,5
26124,107,103,4,4
26125,107,109,-2,2
26126,75,72,3,3
26127,108,100,8,8
26128,96,89,7,7
26129,80,82,-2,2
26130,73,74,-1,1
26131,129,131,-2,2
26132,57,52,5,5
26133,92,88,4,4
26134,70,79,-9,9
26135,61,66,-5,5
26136,52,73,-21,21
26137,145,140,5,5
26138,74,76,-2,2
26139,75,70,5,5
26140,134,132,2,2
26141,105,101,4,4
26142,108,96,12,12
26143,98,92,6,6
26144,96,76,20,20
26145,135,136,-1,1
26146,103,104,-1,1
26147,84,83,1,1
26148,132,131,1,1
26149,114,101,13,13
26150,87,87,0,0
26151,55,60,-5,5
26152,65,62,3,3
26153,48,53,-5,5
26154,64,56,8,8
26155,113,98,15,15
26156,137,125,12,12
26157,124,120,4,4
26158,47,39,8,8
26159,103,94,9,9
26160,136,131,5,5
26161,80,75,5,5
26162,65,104,-39,39
26163,117,109,8,8
26164,113,117,-4,4
26165,71,67,4,4
26166,132,139,-7,7
26167,102,86,16,16
26168,191,187,4,4
26169,127,116,11,11
26170,102,100,2,2
26171,104,94,10,10
26172,113,111,2,2
26173,74,88,-14,14
26174,143,147,-4,4
26175,73,63,10,10
26176,143,138,5,5
26177,120,114,6,6
26178,95,92,3,3
26179,84,85,-1,1
26180,146,137,9,9
26181,70,62,8,8
26182,125,105,20,20
26183,79,77,2,2
26184,77,84,-7,7
26185,69,59,10,10
26186,100,97,3,3
26187,190,171,19,19
26188,90,93,-3,3
26189,67,78,-11,11
26190,179,177,2,2
26191,68,77,-9,9
26192,79,90,-11,11
26193,149,132,17,17
26194,87,78,9,9
26195,58,88,-30,30
26196,176,186,-10,10
26197,67,62,5,5
26198,76,77,-1,1
26199,127,121,6,6
26200,73,62,11,11
26201,68,70,-2,2
26202,70,61,9,9
26203,101,101,0,0
26204,122,129,-7,7
26205,95,91,4,4
26206,90,91,-1,1
26207,85,92,-7,7
26208,138,131,7,7
26209,115,119,-4,4
26210,122,115,7,7
26211,59,59,0,0
26212,51,52,-1,1
26213,106,100,6,6
26214,110,114,-4,4
26215,111,111,0,0
26216,62,86,-24,24
26217,93,87,6,6
26218,46,45,1,1
26219,107,114,-7,7
26220,144,135,9,9
26221,92,78,14,14
26222,92,92,0,0
26223,95,109,-14,14
26224,154,148,6,6
26225,54,52,2,2
26226,102,104,-2,2
26227,61,63,-2,2
26228,109,111,-2,2
26229,155,127,28,28
26230,83,70,13,13
26231,79,79,0,0
26232,102,104,-2,2
26233,133,127,6,6
26234,134,137,-3,3
26235,81,80,1,1
26236,151,153,-2,2
26237,46,48,-2,2
26238,97,104,-7,7
26239,62,59,3,3
26240,114,110,4,4
26241,83,85,-2,2
26242,114,112,2,2
26243,87,87,0,0
26244,110,88,22,22
26245,232,228,4,4
26246,35,46,-11,11
26247,96,90,6,6
26248,87,94,-7,7
26249,52,51,1,1
26250,89,80,9,9
26251,84,72,12,12
26252,84,81,3,3
26253,151,154,-3,3
26254,51,48,3,3
26255,112,102,10,10
26256,189,181,8,8
26257,68,57,11,11
26258,77,67,10,10
26259,62,62,0,0
26260,112,111,1,1
26261,95,89,6,6
26262,81,84,-3,3
26263,108,95,13,13
26264,96,86,10,10
26265,58,55,3,3
26266,84,77,7,7
26267,116,109,7,7
26268,97,103,-6,6
26269,92,95,-3,3
26270,101,106,-5,5
26271,56,52,4,4
26272,74,75,-1,1
26273,115,103,12,12
26274,74,77,-3,3
26275,58,59,-1,1
26276,129,131,-2,2
26277,91,95,-4,4
26278,59,60,-1,1
26279,52,50,2,2
26280,73,78,-5,5
26281,69,57,12,12
26282,119,97,22,22
26283,126,110,16,16
26284,114,87,27,27
26285,100,114,-14,14
26286,86,91,-5,5
26287,116,128,-12,12
26288,72,65,7,7
26289,61,64,-3,3
26290,83,78,5,5
26291,94,96,-2,2
26292,90,90,0,0
26293,93,99,-6,6
26294,31,39,-8,8
26295,163,156,7,7
26296,99,92,7,7
26297,46,52,-6,6
26298,55,51,4,4
26299,75,75,0,0
26300,72,65,7,7
26301,107,100,7,7
26302,89,89,0,0
26303,66,49,17,17
26304,67,68,-1,1
26305,145,143,2,2
26306,151,146,5,5
26307,153,133,20,20
26308,56,56,0,0
26309,97,100,-3,3
26310,162,165,-3,3
26311,90,88,2,2
26312,106,94,12,12
26313,27,38,-11,11
26314,93,81,12,12
26315,105,101,4,4
26316,123,140,-17,17
26317,61,58,3,3
26318,64,59,5,5
26319,109,111,-2,2
26320,153,155,-2,2
26321,81,73,8,8
26322,167,152,15,15
26323,100,95,5,5
26324,40,55,-15,15
26325,84,90,-6,6
26326,126,123,3,3
26327,69,72,-3,3
26328,54,44,10,10
26329,41,50,-9,9
26330,86,92,-6,6
26331,71,61,10,10
26332,97,96,1,1
26333,131,134,-3,3
26334,42,50,-8,8
26335,102,100,2,2
26336,83,84,-1,1
26337,187,177,10,10
26338,180,181,-1,1
26339,73,71,2,2
26340,108,135,-27,27
26341,57,61,-4,4
26342,121,119,2,2
26343,88,100,-12,12
26344,105,115,-10,10
26345,80,89,-9,9
26346,86,92,-6,6
26347,124,124,0,0
26348,117,109,8,8
26349,112,113,-1,1
26350,66,62,4,4
26351,94,103,-9,9
26352,107,102,5,5
26353,45,45,0,0
26354,121,117,4,4
26355,82,72,10,10
26356,69,67,2,2
26357,160,153,7,7
26358,119,111,8,8
26359,58,54,4,4
26360,100,94,6,6
26361,72,65,7,7
26362,67,61,6,6
26363,66,67,-1,1
26364,119,115,4,4
26365,138,140,-2,2
26366,65,59,6,6
26367,105,111,-6,6
26368,36,51,-15,15
26369,69,70,-1,1
26370,78,74,4,4
26371,131,120,11,11
26372,109,116,-7,7
26373,75,68,7,7
26374,63,56,7,7
26375,53,60,-7,7
26376,105,108,-3,3
26377,64,70,-6,6
26378,70,67,3,3
26379,26,38,-12,12
26380,181,168,13,13
26381,66,65,1,1
26382,130,138,-8,8
26383,122,126,-4,4
26384,94,86,8,8
26385,124,131,-7,7
26386,70,68,2,2
26387,114,116,-2,2
26388,93,87,6,6
26389,106,108,-2,2
26390,96,93,3,3
26391,90,94,-4,4
26392,118,125,-7,7
26393,63,84,-21,21
26394,79,79,0,0
26395,43,57,-14,14
26396,112,106,6,6
26397,45,40,5,5
26398,114,115,-1,1
26399,107,96,11,11
26400,83,77,6,6
26401,40,45,-5,5
26402,98,99,-1,1
26403,115,112,3,3
26404,92,94,-2,2
26405,131,135,-4,4
26406,106,82,24,24
26407,99,90,9,9
26408,67,55,12,12
26409,171,163,8,8
26410,128,96,32,32
26411,88,83,5,5
26412,56,53,3,3
26413,113,111,2,2
26414,62,56,6,6
26415,81,69,12,12
26416,83,87,-4,4
26417,113,101,12,12
26418,100,104,-4,4
26419,91,87,4,4
26420,79,86,-7,7
26421,156,145,11,11
26422,113,115,-2,2
26423,67,78,-11,11
26424,129,124,5,5
26425,89,89,0,0
26426,66,63,3,3
26427,102,110,-8,8
26428,131,133,-2,2
26429,111,96,15,15
26430,47,47,0,0
26431,37,54,-17,17
26432,92,93,-1,1
26433,91,85,6,6
26434,101,101,0,0
26435,43,56,-13,13
26436,78,71,7,7
26437,102,98,4,4
26438,92,88,4,4
26439,96,107,-11,11
26440,109,112,-3,3
26441,98,96,2,2
26442,131,120,11,11
26443,104,113,-9,9
26444,96,108,-12,12
26445,98,95,3,3
26446,66,62,4,4
26447,75,71,4,4
26448,70,63,7,7
26449,49,53,-4,4
26450,110,97,13,13
26451,128,110,18,18
26452,50,50,0,0
26453,85,80,5,5
26454,59,56,3,3
26455,41,44,-3,3
26456,71,71,0,0
26457,117,108,9,9
26458,91,94,-3,3
26459,64,61,3,3
26460,118,115,3,3
26461,43,49,-6,6
26462,134,133,1,1
26463,101,93,8,8
26464,109,84,25,25
26465,114,110,4,4
26466,118,124,-6,6
26467,70,76,-6,6
26468,102,107,-5,5
26469,157,158,-1,1
26470,308,257,51,51
26471,104,118,-14,14
26472,106,90,16,16
26473,74,68,6,6
26474,148,141,7,7
26475,106,105,1,1
26476,74,73,1,1
26477,118,111,7,7
26478,114,115,-1,1
26479,60,55,5,5
26480,135,126,9,9
26481,60,64,-4,4
26482,62,69,-7,7
26483,120,127,-7,7
26484,150,173,-23,23
26485,112,91,21,21
26486,87,85,2,2
26487,100,105,-5,5
26488,52,63,-11,11
26489,82,81,1,1
26490,136,144,-8,8
26491,65,64,1,1
26492,104,94,10,10
26493,134,137,-3,3
26494,104,84,20,20
26495,119,120,-1,1
26496,119,123,-4,4
26497,60,64,-4,4
26498,155,160,-5,5
26499,129,131,-2,2
26500,46,47,-1,1
26501,58,65,-7,7
26502,73,64,9,9
26503,114,103,11,11
26504,85,91,-6,6
26505,77,73,4,4
26506,89,85,4,4
26507,186,183,3,3
26508,74,74,0,0
26509,80,73,7,7
26510,108,109,-1,1
26511,112,83,29,29
26512,38,34,4,4
26513,61,54,7,7
26514,109,104,5,5
26515,46,41,5,5
26516,139,126,13,13
26517,85,87,-2,2
26518,97,89,8,8
26519,60,69,-9,9
26520,36,51,-15,15
26521,89,103,-14,14
26522,147,148,-1,1
26523,94,82,12,12
26524,88,75,13,13
26525,120,114,6,6
26526,75,78,-3,3
26527,95,89,6,6
26528,90,84,6,6
26529,46,48,-2,2
26530,49,61,-12,12
26531,145,139,6,6
26532,93,81,12,12
26533,48,55,-7,7
26534,93,90,3,3
26535,76,56,20,20
26536,51,61,-10,10
26537,102,98,4,4
26538,86,85,1,1
26539,88,78,10,10
26540,97,102,-5,5
26541,139,129,10,10
26542,163,155,8,8
26543,91,106,-15,15
26544,139,125,14,14
26545,56,68,-12,12
26546,56,62,-6,6
26547,84,77,7,7
26548,85,86,-1,1
26549,55,57,-2,2
26550,82,69,13,13
26551,90,75,15,15
26552,102,95,7,7
26553,46,41,5,5
26554,151,150,1,1
26555,90,79,11,11
26556,78,101,-23,23
26557,70,58,12,12
26558,126,125,1,1
26559,114,124,-10,10
26560,135,121,14,14
26561,209,204,5,5
26562,163,162,1,1
26563,62,55,7,7
26564,79,93,-14,14
26565,90,83,7,7
26566,126,119,7,7
26567,161,145,16,16
26568,119,113,6,6
26569,65,74,-9,9
26570,75,113,-38,38
26571,94,88,6,6
26572,57,53,4,4
26573,60,54,6,6
26574,62,61,1,1
26575,61,63,-2,2
26576,174,166,8,8
26577,65,62,3,3
26578,122,119,3,3
26579,103,120,-17,17
26580,66,60,6,6
26581,110,101,9,9
26582,59,64,-5,5
26583,120,117,3,3
26584,101,100,1,1
26585,94,89,5,5
26586,125,117,8,8
26587,76,74,2,2
26588,66,72,-6,6
26589,85,89,-4,4
26590,101,101,0,0
26591,79,73,6,6
26592,179,176,3,3
26593,73,75,-2,2
26594,97,100,-3,3
26595,40,54,-14,14
26596,75,70,5,5
26597,157,156,1,1
26598,77,77,0,0
26599,108,117,-9,9
26600,129,117,12,12
26601,100,92,8,8
26602,76,84,-8,8
26603,40,44,-4,4
26604,72,71,1,1
26605,81,72,9,9
26606,122,111,11,11
26607,77,68,9,9
26608,162,155,7,7
26609,52,48,4,4
26610,86,80,6,6
26611,61,57,4,4
26612,139,130,9,9
26613,122,118,4,4
26614,129,137,-8,8
26615,64,63,1,1
26616,53,49,4,4
26617,163,153,10,10
26618,76,91,-15,15
26619,47,44,3,3
26620,57,59,-2,2
26621,142,133,9,9
26622,89,77,12,12
26623,100,105,-5,5
26624,126,132,-6,6
26625,149,138,11,11
26626,102,90,12,12
26627,51,50,1,1
26628,131,108,23,23
26629,113,106,7,7
26630,128,119,9,9
26631,84,69,15,15
26632,88,83,5,5
26633,96,95,1,1
26634,131,118,13,13
26635,142,140,2,2
26636,139,138,1,1
26637,62,55,7,7
26638,162,170,-8,8
26639,100,95,5,5
26640,94,93,1,1
26641,118,115,3,3
26642,140,117,23,23
26643,105,101,4,4
26644,54,58,-4,4
26645,80,77,3,3
26646,54,55,-1,1
26647,82,89,-7,7
26648,78,79,-1,1
26649,81,77,4,4
26650,55,52,3,3
26651,142,151,-9,9
26652,152,145,7,7
26653,121,115,6,6
26654,109,104,5,5
26655,80,90,-10,10
26656,73,67,6,6
26657,154,122,32,32
26658,122,123,-1,1
26659,85,82,3,3
26660,65,61,4,4
26661,127,117,10,10
26662,44,45,-1,1
26663,90,99,-9,9
26664,115,107,8,8
26665,124,116,8,8
26666,148,150,-2,2
26667,49,47,2,2
26668,77,84,-7,7
26669,173,168,5,5
26670,68,72,-4,4
26671,149,152,-3,3
26672,73,68,5,5
26673,54,60,-6,6
26674,90,78,12,12
26675,73,67,6,6
26676,74,72,2,2
26677,49,44,5,5
26678,79,71,8,8
26679,117,127,-10,10
26680,57,67,-10,10
26681,123,103,20,20
26682,94,88,6,6
26683,124,125,-1,1
26684,74,81,-7,7
26685,63,62,1,1
26686,116,111,5,5
26687,93,85,8,8
26688,115,123,-8,8
26689,64,63,1,1
26690,117,123,-6,6
26691,74,70,4,4
26692,49,52,-3,3
26693,72,67,5,5
26694,86,79,7,7
26695,52,51,1,1
26696,87,83,4,4
26697,152,154,-2,2
26698,61,61,0,0
26699,67,66,1,1
26700,64,76,-12,12
26701,100,96,4,4
26702,135,125,10,10
26703,120,119,1,1
26704,124,113,11,11
26705,105,109,-4,4
26706,144,139,5,5
26707,100,105,-5,5
26708,80,84,-4,4
26709,73,84,-11,11
26710,82,78,4,4
26711,76,69,7,7
26712,115,117,-2,2
26713,106,103,3,3
26714,125,122,3,3
26715,86,78,8,8
26716,94,90,4,4
26717,80,84,-4,4
26718,145,128,17,17
26719,122,121,1,1
26720,122,119,3,3
26721,115,99,16,16
26722,66,62,4,4
26723,85,80,5,5
26724,95,102,-7,7
26725,110,93,17,17
26726,49,63,-14,14
26727,80,93,-13,13
26728,101,95,6,6
26729,77,67,10,10
26730,89,99,-10,10
26731,130,117,13,13
26732,106,111,-5,5
26733,56,56,0,0
26734,68,58,10,10
26735,152,147,5,5
26736,113,111,2,2
26737,98,95,3,3
26738,125,123,2,2
26739,71,67,4,4
26740,123,124,-1,1
26741,97,87,10,10
26742,77,72,5,5
26743,56,71,-15,15
26744,127,124,3,3
26745,49,56,-7,7
26746,115,107,8,8
26747,61,61,0,0
26748,97,92,5,5
26749,101,98,3,3
26750,77,84,-7,7
26751,117,125,-8,8
26752,90,96,-6,6
26753,120,113,7,7
26754,80,80,0,0
26755,71,64,7,7
26756,54,53,1,1
26757,80,80,0,0
26758,110,109,1,1
26759,71,87,-16,16
26760,82,84,-2,2
26761,68,69,-1,1
26762,78,85,-7,7
26763,69,60,9,9
26764,87,87,0,0
26765,94,89,5,5
26766,137,128,9,9
26767,57,55,2,2
26768,56,47,9,9
26769,57,81,-24,24
26770,62,60,2,2
26771,63,74,-11,11
26772,165,159,6,6
26773,115,103,12,12
26774,133,126,7,7
26775,94,81,13,13
26776,107,116,-9,9
26777,106,100,6,6
26778,112,118,-6,6
26779,93,90,3,3
26780,55,60,-5,5
26781,85,83,2,2
26782,41,31,10,10
26783,120,107,13,13
26784,99,97,2,2
26785,83,65,18,18
26786,84,84,0,0
26787,110,110,0,0
26788,124,116,8,8
26789,122,114,8,8
26790,38,45,-7,7
26791,120,112,8,8
26792,97,94,3,3
26793,61,59,2,2
26794,113,113,0,0
26795,74,62,12,12
26796,79,74,5,5
26797,125,110,15,15
26798,81,73,8,8
26799,125,118,7,7
26800,123,129,-6,6
26801,90,96,-6,6
26802,48,48,0,0
26803,55,49,6,6
26804,62,79,-17,17
26805,64,80,-16,16
26806,91,93,-2,2
26807,145,150,-5,5
26808,86,73,13,13
26809,66,71,-5,5
26810,116,108,8,8
26811,76,73,3,3
26812,88,90,-2,2
26813,103,103,0,0
26814,97,105,-8,8
26815,138,134,4,4
26816,75,67,8,8
26817,92,84,8,8
26818,149,154,-5,5
26819,60,58,2,2
26820,108,122,-14,14
26821,30,38,-8,8
26822,89,81,8,8
26823,49,70,-21,21
26824,97,91,6,6
26825,128,119,9,9
26826,96,93,3,3
26827,96,91,5,5
26828,63,49,14,14
26829,76,74,2,2
26830,106,109,-3,3
26831,79,87,-8,8
26832,127,117,10,10
26833,45,48,-3,3
26834,105,120,-15,15
26835,90,88,2,2
26836,43,45,-2,2
26837,235,164,71,71
26838,50,54,-4,4
26839,111,101,10,10
26840,69,68,1,1
26841,52,145,-93,93
26842,105,103,2,2
26843,49,49,0,0
26844,66,68,-2,2
26845,64,63,1,1
26846,75,68,7,7
26847,70,82,-12,12
26848,96,81,15,15
26849,86,89,-3,3
26850,109,105,4,4
26851,357,98,259,259
26852,74,70,4,4
26853,96,97,-1,1
26854,101,102,-1,1
26855,86,89,-3,3
26856,97,85,12,12
26857,47,46,1,1
26858,76,82,-6,6
26859,139,132,7,7
26860,127,126,1,1
26861,119,110,9,9
26862,133,131,2,2
26863,190,189,1,1
26864,119,112,7,7
26865,96,95,1,1
26866,31,37,-6,6
26867,94,104,-10,10
26868,112,121,-9,9
26869,104,100,4,4
26870,162,151,11,11
26871,128,125,3,3
26872,142,149,-7,7
26873,107,67,40,40
26874,120,112,8,8
26875,57,61,-4,4
26876,157,148,9,9
26877,94,93,1,1
26878,109,120,-11,11
26879,58,60,-2,2
26880,108,92,16,16
26881,88,82,6,6
26882,123,132,-9,9
26883,85,76,9,9
26884,136,133,3,3
26885,72,73,-1,1
26886,77,67,10,10
26887,59,56,3,3
26888,154,137,17,17
26889,63,77,-14,14
26890,40,55,-15,15
26891,142,152,-10,10
26892,160,151,9,9
26893,68,64,4,4
26894,91,77,14,14
26895,77,81,-4,4
26896,135,133,2,2
26897,134,198,-64,64
26898,172,173,-1,1
26899,131,161,-30,30
26900,86,86,0,0
26901,67,66,1,1
26902,55,52,3,3
26903,148,143,5,5
26904,66,64,2,2
26905,120,100,20,20
26906,83,80,3,3
26907,101,100,1,1
26908,83,79,4,4
26909,106,129,-23,23
26910,99,99,0,0
26911,67,71,-4,4
26912,130,127,3,3
26913,79,80,-1,1
26914,43,53,-10,10
26915,146,138,8,8
26916,57,47,10,10
26917,100,115,-15,15
26918,139,113,26,26
26919,114,94,20,20
26920,61,59,2,2
26921,77,87,-10,10
26922,102,117,-15,15
26923,104,92,12,12
26924,145,124,21,21
26925,81,83,-2,2
26926,87,91,-4,4
26927,135,140,-5,5
26928,117,120,-3,3
26929,82,74,8,8
26930,118,120,-2,2
26931,106,111,-5,5
26932,123,117,6,6
26933,109,112,-3,3
26934,66,61,5,5
26935,86,80,6,6
26936,104,110,-6,6
26937,61,71,-10,10
26938,59,79,-20,20
26939,68,64,4,4
26940,68,63,5,5
26941,63,62,1,1
26942,85,78,7,7
26943,135,141,-6,6
26944,117,119,-2,2
26945,134,122,12,12
26946,104,103,1,1
26947,73,71,2,2
26948,79,75,4,4
26949,137,134,3,3
26950,106,84,22,22
26951,80,79,1,1
26952,175,172,3,3
26953,96,102,-6,6
26954,137,121,16,16
26955,119,111,8,8
26956,118,107,11,11
26957,135,132,3,3
26958,127,104,23,23
26959,103,106,-3,3
26960,87,87,0,0
26961,90,70,20,20
26962,50,52,-2,2
26963,68,67,1,1
26964,75,74,1,1
26965,150,152,-2,2
26966,107,96,11,11
26967,122,109,13,13
26968,48,43,5,5
26969,141,142,-1,1
26970,96,88,8,8
26971,93,84,9,9
26972,85,75,10,10
26973,55,56,-1,1
26974,51,54,-3,3
26975,99,93,6,6
26976,52,52,0,0
26977,79,67,12,12
26978,110,107,3,3
26979,121,116,5,5
26980,37,42,-5,5
26981,92,92,0,0
26982,66,59,7,7
26983,148,122,26,26
26984,83,74,9,9
26985,175,169,6,6
26986,88,77,11,11
26987,110,108,2,2
26988,79,79,0,0
26989,64,52,12,12
26990,124,111,13,13
26991,129,123,6,6
26992,91,86,5,5
26993,59,54,5,5
26994,49,64,-15,15
26995,132,123,9,9
26996,76,114,-38,38
26997,110,107,3,3
26998,61,62,-1,1
26999,90,86,4,4
27000,126,126,0,0
27001,98,99,-1,1
27002,59,59,0,0
27003,93,98,-5,5
27004,76,74,2,2
27005,75,68,7,7
27006,85,87,-2,2
27007,149,138,11,11
27008,89,87,2,2
27009,112,107,5,5
27010,88,88,0,0
27011,65,60,5,5
27012,86,92,-6,6
27013,64,65,-1,1
27014,81,92,-11,11
27015,86,87,-1,1
27016,70,57,13,13
27017,150,132,18,18
27018,102,86,16,16
27019,92,85,7,7
27020,47,54,-7,7
27021,92,100,-8,8
27022,108,105,3,3
27023,85,82,3,3
27024,127,120,7,7
27025,114,110,4,4
27026,89,82,7,7
27027,98,107,-9,9
27028,47,39,8,8
27029,95,100,-5,5
27030,174,181,-7,7
27031,74,73,1,1
27032,214,219,-5,5
27033,35,43,-8,8
27034,202,197,5,5
27035,83,78,5,5
27036,125,111,14,14
27037,109,91,18,18
27038,54,57,-3,3
27039,56,74,-18,18
27040,71,74,-3,3
27041,81,81,0,0
27042,78,76,2,2
27043,61,54,7,7
27044,77,72,5,5
27045,114,103,11,11
27046,59,54,5,5
27047,116,127,-11,11
27048,49,66,-17,17
27049,66,79,-13,13
27050,91,77,14,14
27051,98,95,3,3
27052,73,74,-1,1
27053,78,75,3,3
27054,105,103,2,2
27055,112,103,9,9
27056,84,85,-1,1
27057,78,75,3,3
27058,112,117,-5,5
27059,178,152,26,26
27060,134,137,-3,3
27061,93,90,3,3
27062,99,105,-6,6
27063,67,65,2,2
27064,76,81,-5,5
27065,80,73,7,7
27066,74,70,4,4
27067,83,78,5,5
27068,99,99,0,0
27069,70,56,14,14
27070,64,68,-4,4
27071,128,115,13,13
27072,93,82,11,11
27073,65,59,6,6
27074,40,39,1,1
27075,133,128,5,5
27076,97,97,0,0
27077,89,97,-8,8
27078,73,72,1,1
27079,102,89,13,13
27080,62,62,0,0
27081,91,87,4,4
27082,147,139,8,8
27083,70,63,7,7
27084,71,67,4,4
27085,86,80,6,6
27086,62,71,-9,9
27087,104,88,16,16
27088,72,66,6,6
27089,52,45,7,7
27090,38,47,-9,9
27091,67,67,0,0
27092,196,191,5,5
27093,47,49,-2,2
27094,51,49,2,2
27095,88,82,6,6
27096,96,94,2,2
27097,42,42,0,0
27098,101,99,2,2
27099,105,100,5,5
27100,70,67,3,3
27101,87,95,-8,8
27102,120,122,-2,2
27103,71,62,9,9
27104,118,110,8,8
27105,71,81,-10,10
27106,101,109,-8,8
27107,80,71,9,9
27108,107,94,13,13
27109,87,83,4,4
27110,60,55,5,5
27111,56,52,4,4
27112,79,95,-16,16
27113,148,141,7,7
27114,75,70,5,5
27115,53,53,0,0
27116,88,78,10,10
27117,104,127,-23,23
27118,77,63,14,14
27119,53,54,-1,1
27120,114,116,-2,2
27121,74,62,12,12
27122,73,74,-1,1
27123,127,121,6,6
27124,81,76,5,5
27125,127,133,-6,6
27126,139,131,8,8
27127,78,75,3,3
27128,79,76,3,3
27129,115,108,7,7
27130,125,105,20,20
27131,141,140,1,1
27132,127,105,22,22
27133,105,107,-2,2
27134,57,70,-13,13
27135,99,101,-2,2
27136,91,85,6,6
27137,98,89,9,9
27138,114,125,-11,11
27139,74,70,4,4
27140,143,123,20,20
27141,68,65,3,3
27142,159,149,10,10
27143,69,58,11,11
27144,72,56,16,16
27145,48,57,-9,9
27146,110,108,2,2
27147,86,85,1,1
27148,72,67,5,5
27149,80,72,8,8
27150,70,75,-5,5
27151,37,43,-6,6
27152,79,74,5,5
27153,53,44,9,9
27154,82,90,-8,8
27155,55,68,-13,13
27156,72,91,-19,19
27157,104,97,7,7
27158,81,82,-1,1
27159,131,135,-4,4
27160,110,121,-11,11
27161,70,75,-5,5
27162,96,99,-3,3
27163,56,59,-3,3
27164,76,70,6,6
27165,87,86,1,1
27166,100,92,8,8
27167,51,62,-11,11
27168,67,65,2,2
27169,50,52,-2,2
27170,72,84,-12,12
27171,69,72,-3,3
27172,96,103,-7,7
27173,90,79,11,11
27174,84,85,-1,1
27175,136,139,-3,3
27176,83,79,4,4
27177,93,97,-4,4
27178,130,152,-22,22
27179,111,108,3,3
27180,107,116,-9,9
27181,112,122,-10,10
27182,27,31,-4,4
27183,156,148,8,8
27184,102,90,12,12
27185,122,119,3,3
27186,114,100,14,14
27187,39,42,-3,3
27188,137,138,-1,1
27189,86,81,5,5
27190,83,74,9,9
27191,148,149,-1,1
27192,108,109,-1,1
27193,102,93,9,9
27194,95,94,1,1
27195,52,56,-4,4
27196,78,85,-7,7
27197,99,100,-1,1
27198,124,124,0,0
27199,94,97,-3,3
27200,120,120,0,0
27201,102,104,-2,2
27202,128,132,-4,4
27203,64,56,8,8
27204,78,76,2,2
27205,65,69,-4,4
27206,128,129,-1,1
27207,88,78,10,10
27208,63,74,-11,11
27209,86,88,-2,2
27210,102,111,-9,9
27211,120,94,26,26
27212,95,103,-8,8
27213,83,74,9,9
27214,96,101,-5,5
27215,75,75,0,0
27216,50,52,-2,2
27217,69,65,4,4
27218,118,106,12,12
27219,103,108,-5,5
27220,88,93,-5,5
27221,83,79,4,4
27222,113,102,11,11
27223,89,85,4,4
27224,92,86,6,6
27225,96,94,2,2
27226,97,125,-28,28
27227,57,63,-6,6
27228,70,69,1,1
27229,79,84,-5,5
27230,81,79,2,2
27231,106,99,7,7
27232,178,167,11,11
27233,141,139,2,2
27234,97,96,1,1
27235,152,157,-5,5
27236,82,72,10,10
27237,62,60,2,2
27238,69,74,-5,5
27239,145,142,3,3
27240,80,74,6,6
27241,124,120,4,4
27242,128,113,15,15
27243,147,139,8,8
27244,181,185,-4,4
27245,92,95,-3,3
27246,48,50,-2,2
27247,144,141,3,3
27248,54,56,-2,2
27249,116,108,8,8
27250,106,93,13,13
27251,72,62,10,10
27252,139,135,4,4
27253,153,153,0,0
27254,105,93,12,12
27255,152,145,7,7
27256,137,128,9,9
27257,123,128,-5,5
27258,49,55,-6,6
27259,80,73,7,7
27260,63,62,1,1
27261,35,62,-27,27
27262,53,52,1,1
27263,80,85,-5,5
27264,56,58,-2,2
27265,143,152,-9,9
27266,160,157,3,3
27267,98,98,0,0
27268,98,99,-1,1
27269,83,87,-4,4
27270,117,126,-9,9
27271,143,139,4,4
27272,91,100,-9,9
27273,60,63,-3,3
27274,106,98,8,8
27275,33,48,-15,15
27276,65,61,4,4
27277,79,74,5,5
27278,47,48,-1,1
27279,78,76,2,2
27280,108,106,2,2
27281,59,65,-6,6
27282,75,78,-3,3
27283,130,130,0,0
27284,75,82,-7,7
27285,89,88,1,1
27286,85,72,13,13
27287,127,118,9,9
27288,71,75,-4,4
27289,103,101,2,2
27290,40,53,-13,13
27291,57,70,-13,13
27292,142,134,8,8
27293,61,78,-17,17
27294,77,67,10,10
27295,95,99,-4,4
27296,90,72,18,18
27297,101,101,0,0
27298,64,58,6,6
27299,154,122,32,32
27300,90,87,3,3
27301,103,100,3,3
27302,134,128,6,6
27303,96,78,18,18
27304,48,47,1,1
27305,88,81,7,7
27306,126,128,-2,2
27307,80,74,6,6
27308,66,61,5,5
27309,43,48,-5,5
27310,71,68,3,3
27311,102,95,7,7
27312,78,68,10,10
27313,99,95,4,4
27314,110,104,6,6
27315,105,105,0,0
27316,103,111,-8,8
27317,103,105,-2,2
27318,62,79,-17,17
27319,92,96,-4,4
27320,68,72,-4,4
27321,94,94,0,0
27322,97,105,-8,8
27323,50,64,-14,14
27324,46,70,-24,24
27325,76,66,10,10
27326,127,106,21,21
27327,55,53,2,2
27328,62,54,8,8
27329,114,116,-2,2
27330,70,71,-1,1
27331,110,109,1,1
27332,115,113,2,2
27333,102,88,14,14
27334,105,108,-3,3
27335,99,90,9,9
27336,122,116,6,6
27337,69,72,-3,3
27338,69,57,12,12
27339,79,74,5,5
27340,67,72,-5,5
27341,76,58,18,18
27342,54,53,1,1
27343,96,91,5,5
27344,90,87,3,3
27345,73,69,4,4
27346,76,75,1,1
27347,48,49,-1,1
27348,104,111,-7,7
27349,64,62,2,2
27350,76,75,1,1
27351,106,99,7,7
27352,58,64,-6,6
27353,118,121,-3,3
27354,78,78,0,0
27355,119,119,0,0
27356,64,66,-2,2
27357,144,114,30,30
27358,112,85,27,27
27359,60,63,-3,3
27360,58,75,-17,17
27361,148,166,-18,18
27362,70,64,6,6
27363,193,179,14,14
27364,90,95,-5,5
27365,50,49,1,1
27366,94,88,6,6
27367,114,106,8,8
27368,57,62,-5,5
27369,72,87,-15,15
27370,97,78,19,19
27371,121,110,11,11
27372,96,92,4,4
27373,78,83,-5,5
27374,124,135,-11,11
27375,156,158,-2,2
27376,103,97,6,6
27377,117,104,13,13
27378,75,64,11,11
27379,101,101,0,0
27380,45,49,-4,4
27381,60,57,3,3
27382,124,128,-4,4
27383,129,133,-4,4
27384,90,89,1,1
27385,79,89,-10,10
27386,64,67,-3,3
27387,87,97,-10,10
27388,138,135,3,3
27389,106,115,-9,9
27390,96,98,-2,2
27391,124,125,-1,1
27392,78,76,2,2
27393,99,86,13,13
27394,208,173,35,35
27395,111,110,1,1
27396,107,108,-1,1
27397,92,83,9,9
27398,87,84,3,3
27399,108,121,-13,13
27400,70,83,-13,13
27401,115,116,-1,1
27402,86,84,2,2
27403,86,77,9,9
27404,165,168,-3,3
27405,59,101,-42,42
27406,111,114,-3,3
27407,196,180,16,16
27408,99,103,-4,4
27409,121,96,25,25
27410,57,53,4,4
27411,78,74,4,4
27412,98,98,0,0
27413,90,76,14,14
27414,89,87,2,2
27415,97,94,3,3
27416,77,75,2,2
27417,78,71,7,7
27418,95,106,-11,11
27419,98,88,10,10
27420,126,116,10,10
27421,107,115,-8,8
27422,83,75,8,8
27423,129,132,-3,3
27424,93,88,5,5
27425,210,187,23,23
27426,112,112,0,0
27427,51,52,-1,1
27428,93,85,8,8
27429,61,70,-9,9
27430,76,81,-5,5
27431,107,108,-1,1
27432,115,104,11,11
27433,106,109,-3,3
27434,77,72,5,5
27435,102,104,-2,2
27436,54,51,3,3
27437,81,61,20,20
27438,64,70,-6,6
27439,134,129,5,5
27440,124,104,20,20
27441,49,59,-10,10
27442,90,91,-1,1
27443,72,68,4,4
27444,76,73,3,3
27445,114,96,18,18
27446,59,65,-6,6
27447,97,103,-6,6
27448,96,84,12,12
27449,177,140,37,37
27450,111,109,2,2
27451,105,105,0,0
27452,78,84,-6,6
27453,85,89,-4,4
27454,71,67,4,4
27455,114,107,7,7
27456,78,78,0,0
27457,164,161,3,3
27458,75,73,2,2
27459,128,126,2,2
27460,105,125,-20,20
27461,75,70,5,5
27462,87,90,-3,3
27463,104,100,4,4
27464,130,120,10,10
27465,101,109,-8,8
27466,81,78,3,3
27467,75,65,10,10
27468,115,109,6,6
27469,80,70,10,10
27470,54,74,-20,20
27471,93,94,-1,1
27472,142,128,14,14
27473,41,53,-12,12
27474,78,75,3,3
27475,62,54,8,8
27476,68,75,-7,7
27477,45,48,-3,3
27478,99,88,11,11
27479,92,79,13,13
27480,88,79,9,9
27481,134,140,-6,6
27482,112,112,0,0
27483,97,100,-3,3
27484,131,136,-5,5
27485,71,66,5,5
27486,39,47,-8,8
27487,68,76,-8,8
27488,47,54,-7,7
27489,60,53,7,7
27490,151,144,7,7
27491,81,67,14,14
27492,104,100,4,4
27493,99,106,-7,7
27494,103,94,9,9
27495,84,83,1,1
27496,92,92,0,0
27497,108,107,1,1
27498,124,124,0,0
27499,68,75,-7,7
27500,107,98,9,9
27501,97,74,23,23
27502,108,99,9,9
27503,54,59,-5,5
27504,75,76,-1,1
27505,43,48,-5,5
27506,105,111,-6,6
27507,103,107,-4,4
27508,85,89,-4,4
27509,121,116,5,5
27510,85,85,0,0
27511,102,91,11,11
27512,113,121,-8,8
27513,70,70,0,0
27514,120,117,3,3
27515,106,94,12,12
27516,72,68,4,4
27517,89,84,5,5
27518,90,79,11,11
27519,52,54,-2,2
27520,78,74,4,4
27521,88,95,-7,7
27522,290,229,61,61
27523,98,97,1,1
27524,94,97,-3,3
27525,130,103,27,27
27526,50,63,-13,13
27527,102,93,9,9
27528,72,69,3,3
27529,79,78,1,1
27530,101,99,2,2
27531,88,78,10,10
27532,75,74,1,1
27533,109,118,-9,9
27534,68,59,9,9
27535,117,113,4,4
27536,112,107,5,5
27537,149,143,6,6
27538,94,98,-4,4
27539,73,65,8,8
27540,86,79,7,7
27541,68,69,-1,1
27542,94,101,-7,7
27543,96,96,0,0
27544,86,118,-32,32
27545,84,84,0,0
27546,98,85,13,13
27547,149,161,-12,12
27548,92,87,5,5
27549,72,66,6,6
27550,108,106,2,2
27551,85,95,-10,10
27552,92,90,2,2
27553,72,71,1,1
27554,73,80,-7,7
27555,91,96,-5,5
27556,167,172,-5,5
27557,78,85,-7,7
27558,50,58,-8,8
27559,96,79,17,17
27560,105,98,7,7
27561,102,102,0,0
27562,106,97,9,9
27563,138,134,4,4
27564,123,123,0,0
27565,76,72,4,4
27566,95,91,4,4
27567,87,85,2,2
27568,154,144,10,10
27569,75,73,2,2
27570,137,133,4,4
27571,98,81,17,17
27572,96,85,11,11
27573,68,69,-1,1
27574,66,72,-6,6
27575,96,95,1,1
27576,99,106,-7,7
27577,53,59,-6,6
27578,36,68,-32,32
27579,79,79,0,0
27580,108,104,4,4
27581,20,28,-8,8
27582,95,93,2,2
27583,78,79,-1,1
27584,114,102,12,12
27585,89,100,-11,11
27586,118,126,-8,8
27587,163,154,9,9
27588,64,52,12,12
27589,50,43,7,7
27590,65,61,4,4
27591,91,91,0,0
27592,126,130,-4,4
27593,96,101,-5,5
27594,115,104,11,11
27595,114,115,-1,1
27596,139,114,25,25
27597,45,55,-10,10
27598,155,159,-4,4
27599,77,74,3,3
27600,105,91,14,14
27601,156,137,19,19
27602,90,84,6,6
27603,105,95,10,10
27604,36,46,-10,10
27605,134,143,-9,9
27606,111,119,-8,8
27607,61,58,3,3
27608,97,96,1,1
27609,76,75,1,1
27610,81,80,1,1
27611,71,63,8,8
27612,99,95,4,4
27613,98,100,-2,2
27614,89,85,4,4
27615,153,147,6,6
27616,110,116,-6,6
27617,61,53,8,8
27618,72,73,-1,1
27619,107,100,7,7
27620,107,106,1,1
27621,116,106,10,10
27622,116,103,13,13
27623,71,75,-4,4
27624,95,92,3,3
27625,99,96,3,3
27626,59,58,1,1
27627,107,126,-19,19
27628,130,124,6,6
27629,95,73,22,22
27630,165,148,17,17
27631,171,155,16,16
27632,93,101,-8,8
27633,79,82,-3,3
27634,175,162,13,13
27635,121,125,-4,4
27636,155,151,4,4
27637,174,182,-8,8
27638,81,64,17,17
27639,57,49,8,8
27640,180,163,17,17
27641,116,107,9,9
27642,162,159,3,3
27643,77,62,15,15
27644,78,71,7,7
27645,111,99,12,12
27646,87,75,12,12
27647,37,48,-11,11
27648,176,162,14,14
27649,69,78,-9,9
27650,72,70,2,2
27651,91,83,8,8
27652,102,97,5,5
27653,81,77,4,4
27654,142,144,-2,2
27655,189,178,11,11
27656,200,184,16,16
27657,61,61,0,0
27658,89,85,4,4
27659,94,99,-5,5
27660,88,83,5,5
27661,85,76,9,9
27662,88,83,5,5
27663,52,56,-4,4
27664,61,79,-18,18
27665,79,74,5,5
27666,141,133,8,8
27667,83,81,2,2
27668,112,159,-47,47
27669,123,116,7,7
27670,54,55,-1,1
27671,66,60,6,6
27672,117,118,-1,1
27673,73,68,5,5
27674,70,93,-23,23
27675,66,65,1,1
27676,105,122,-17,17
27677,77,75,2,2
27678,100,94,6,6
27679,167,154,13,13
27680,73,70,3,3
27681,130,118,12,12
27682,87,67,20,20
27683,85,85,0,0
27684,69,77,-8,8
27685,73,73,0,0
27686,77,75,2,2
27687,138,136,2,2
27688,80,88,-8,8
27689,55,54,1,1
27690,117,109,8,8
27691,110,104,6,6
27692,60,64,-4,4
27693,96,89,7,7
27694,85,77,8,8
27695,106,104,2,2
27696,94,95,-1,1
27697,69,74,-5,5
27698,125,129,-4,4
27699,179,161,18,18
27700,86,78,8,8
27701,129,116,13,13
27702,82,81,1,1
27703,91,74,17,17
27704,150,145,5,5
27705,57,59,-2,2
27706,70,61,9,9
27707,134,134,0,0
27708,71,74,-3,3
27709,74,73,1,1
27710,83,81,2,2
27711,82,110,-28,28
27712,70,72,-2,2
27713,82,84,-2,2
27714,52,58,-6,6
27715,93,84,9,9
27716,54,64,-10,10
27717,136,137,-1,1
27718,72,70,2,2
27719,86,107,-21,21
27720,108,114,-6,6
27721,93,89,4,4
27722,57,72,-15,15
27723,78,75,3,3
27724,130,117,13,13
27725,83,80,3,3
27726,116,88,28,28
27727,103,92,11,11
27728,79,79,0,0
27729,43,47,-4,4
27730,100,102,-2,2
27731,77,74,3,3
27732,127,120,7,7
27733,83,74,9,9
27734,134,157,-23,23
27735,108,94,14,14
27736,122,114,8,8
27737,86,88,-2,2
27738,71,64,7,7
27739,111,113,-2,2
27740,132,120,12,12
27741,200,190,10,10
27742,77,74,3,3
27743,131,116,15,15
27744,75,82,-7,7
27745,66,61,5,5
27746,83,74,9,9
27747,155,145,10,10
27748,104,87,17,17
27749,85,72,13,13
27750,149,133,16,16
27751,198,223,-25,25
27752,68,79,-11,11
27753,143,101,42,42
27754,118,102,16,16
27755,75,80,-5,5
27756,150,176,-26,26
27757,52,47,5,5
27758,153,150,3,3
27759,88,100,-12,12
27760,101,114,-13,13
27761,74,65,9,9
27762,102,87,15,15
27763,140,131,9,9
27764,71,60,11,11
27765,110,104,6,6
27766,110,113,-3,3
27767,63,59,4,4
27768,66,72,-6,6
27769,49,55,-6,6
27770,54,46,8,8
27771,86,83,3,3
27772,58,54,4,4
27773,54,54,0,0
27774,60,71,-11,11
27775,77,73,4,4
27776,70,75,-5,5
27777,91,87,4,4
27778,112,112,0,0
27779,89,78,11,11
27780,80,74,6,6
27781,95,91,4,4
27782,98,91,7,7
27783,91,95,-4,4
27784,117,114,3,3
27785,76,76,0,0
27786,126,155,-29,29
27787,131,104,27,27
27788,65,60,5,5
27789,90,82,8,8
27790,77,77,0,0
27791,114,110,4,4
27792,88,81,7,7
27793,90,79,11,11
27794,84,89,-5,5
27795,135,121,14,14
27796,95,88,7,7
27797,94,101,-7,7
27798,106,114,-8,8
27799,75,85,-10,10
27800,115,109,6,6
27801,143,142,1,1
27802,60,59,1,1
27803,68,76,-8,8
27804,73,61,12,12
27805,168,144,24,24
27806,99,108,-9,9
27807,108,105,3,3
27808,77,86,-9,9
27809,60,54,6,6
27810,79,73,6,6
27811,103,120,-17,17
27812,120,130,-10,10
27813,137,148,-11,11
27814,80,91,-11,11
27815,78,76,2,2
27816,49,54,-5,5
27817,97,105,-8,8
27818,104,107,-3,3
27819,172,162,10,10
27820,154,150,4,4
27821,93,98,-5,5
27822,103,94,9,9
27823,51,51,0,0
27824,72,66,6,6
27825,81,85,-4,4
27826,69,58,11,11
27827,111,105,6,6
27828,106,100,6,6
27829,143,142,1,1
27830,46,46,0,0
27831,118,127,-9,9
27832,136,121,15,15
27833,103,98,5,5
27834,115,119,-4,4
27835,100,94,6,6
27836,130,118,12,12
27837,146,142,4,4
27838,106,102,4,4
27839,160,159,1,1
27840,151,118,33,33
27841,111,106,5,5
27842,132,119,13,13
27843,70,56,14,14
27844,95,93,2,2
27845,113,114,-1,1
27846,100,97,3,3
27847,84,68,16,16
27848,144,128,16,16
27849,75,74,1,1
27850,127,126,1,1
27851,35,43,-8,8
27852,48,61,-13,13
27853,52,50,2,2
27854,110,108,2,2
27855,109,105,4,4
27856,72,70,2,2
27857,99,96,3,3
27858,58,55,3,3
27859,81,65,16,16
27860,96,81,15,15
27861,71,66,5,5
27862,122,91,31,31
27863,151,141,10,10
27864,92,82,10,10
27865,69,75,-6,6
27866,111,107,4,4
27867,106,98,8,8
27868,122,120,2,2
27869,100,78,22,22
27870,62,57,5,5
27871,77,67,10,10
27872,111,109,2,2
27873,68,71,-3,3
27874,97,88,9,9
27875,118,83,35,35
27876,118,125,-7,7
27877,97,93,4,4
27878,78,76,2,2
27879,146,146,0,0
27880,99,102,-3,3
27881,76,66,10,10
27882,64,54,10,10
27883,48,49,-1,1
27884,89,82,7,7
27885,59,58,1,1
27886,74,70,4,4
27887,72,72,0,0
27888,83,77,6,6
27889,83,77,6,6
27890,97,100,-3,3
27891,100,89,11,11
27892,181,179,2,2
27893,37,42,-5,5
27894,64,59,5,5
27895,84,69,15,15
27896,68,62,6,6
27897,54,55,-1,1
27898,85,82,3,3
27899,75,77,-2,2
27900,98,91,7,7
27901,147,142,5,5
27902,138,134,4,4
27903,61,59,2,2
27904,83,89,-6,6
27905,158,144,14,14
27906,119,100,19,19
27907,88,79,9,9
27908,119,111,8,8
27909,118,100,18,18
27910,68,65,3,3
27911,49,51,-2,2
27912,112,105,7,7
27913,113,100,13,13
27914,83,85,-2,2
27915,81,85,-4,4
27916,31,44,-13,13
27917,87,79,8,8
27918,144,139,5,5
27919,133,139,-6,6
27920,137,144,-7,7
27921,95,100,-5,5
27922,80,75,5,5
27923,109,106,3,3
27924,90,94,-4,4
27925,70,66,4,4
27926,66,62,4,4
27927,81,72,9,9
27928,156,161,-5,5
27929,70,74,-4,4
27930,95,106,-11,11
27931,109,97,12,12
27932,61,97,-36,36
27933,40,52,-12,12
27934,138,141,-3,3
27935,96,85,11,11
27936,53,65,-12,12
27937,85,93,-8,8
27938,137,123,14,14
27939,113,113,0,0
27940,127,119,8,8
27941,77,67,10,10
27942,66,58,8,8
27943,36,53,-17,17
27944,83,93,-10,10
27945,120,102,18,18
27946,55,61,-6,6
27947,61,62,-1,1
27948,68,55,13,13
27949,93,97,-4,4
27950,173,168,5,5
27951,58,60,-2,2
27952,75,75,0,0
27953,83,68,15,15
27954,141,145,-4,4
27955,67,61,6,6
27956,35,51,-16,16
27957,63,69,-6,6
27958,52,58,-6,6
27959,183,174,9,9
27960,52,53,-1,1
27961,72,67,5,5
27962,77,78,-1,1
27963,61,56,5,5
27964,124,116,8,8
27965,78,77,1,1
27966,123,119,4,4
27967,122,129,-7,7
27968,88,91,-3,3
27969,74,76,-2,2
27970,66,77,-11,11
27971,69,76,-7,7
27972,92,97,-5,5
27973,79,73,6,6
27974,45,69,-24,24
27975,115,104,11,11
27976,143,139,4,4
27977,99,102,-3,3
27978,129,137,-8,8
27979,103,98,5,5
27980,90,100,-10,10
27981,88,83,5,5
27982,123,129,-6,6
27983,175,151,24,24
27984,95,88,7,7
27985,105,107,-2,2
27986,65,77,-12,12
27987,66,55,11,11
27988,137,128,9,9
27989,84,88,-4,4
27990,110,101,9,9
27991,118,105,13,13
27992,114,116,-2,2
27993,97,104,-7,7
27994,90,84,6,6
27995,124,127,-3,3
27996,158,157,1,1
27997,67,93,-26,26
27998,96,88,8,8
27999,97,85,12,12
28000,108,103,5,5
28001,106,102,4,4
28002,56,58,-2,2
28003,69,64,5,5
28004,41,54,-13,13
28005,67,63,4,4
28006,172,179,-7,7
28007,53,52,1,1
28008,94,85,9,9
28009,121,118,3,3
28010,97,81,16,16
28011,91,83,8,8
28012,117,87,30,30
28013,125,149,-24,24
28014,59,64,-5,5
28015,114,93,21,21
28016,87,77,10,10
28017,106,103,3,3
28018,77,76,1,1
28019,135,120,15,15
28020,145,129,16,16
28021,72,65,7,7
28022,53,55,-2,2
28023,149,141,8,8
28024,101,102,-1,1
28025,76,59,17,17
28026,87,95,-8,8
28027,73,65,8,8
28028,107,118,-11,11
28029,67,73,-6,6
28030,67,64,3,3
28031,80,81,-1,1
28032,91,87,4,4
28033,91,87,4,4
28034,104,132,-28,28
28035,66,59,7,7
28036,90,88,2,2
28037,71,82,-11,11
28038,118,100,18,18
28039,87,94,-7,7
28040,68,62,6,6
28041,114,122,-8,8
28042,117,124,-7,7
28043,130,120,10,10
28044,134,149,-15,15
28045,125,130,-5,5
28046,74,60,14,14
28047,88,83,5,5
28048,56,87,-31,31
28049,116,126,-10,10
28050,145,142,3,3
28051,75,61,14,14
28052,71,83,-12,12
28053,50,58,-8,8
28054,97,94,3,3
28055,55,47,8,8
28056,52,53,-1,1
28057,154,118,36,36
28058,132,121,11,11
28059,180,165,15,15
28060,68,71,-3,3
28061,86,84,2,2
28062,147,146,1,1
28063,68,82,-14,14
28064,80,77,3,3
28065,98,88,10,10
28066,109,113,-4,4
28067,88,91,-3,3
28068,78,85,-7,7
28069,86,73,13,13
28070,42,51,-9,9
28071,74,83,-9,9
28072,137,132,5,5
28073,110,105,5,5
28074,76,83,-7,7
28075,64,60,4,4
28076,150,142,8,8
28077,116,101,15,15
28078,74,73,1,1
28079,69,67,2,2
28080,55,42,13,13
28081,114,128,-14,14
28082,178,186,-8,8
28083,78,77,1,1
28084,71,70,1,1
28085,80,84,-4,4
28086,119,127,-8,8
28087,59,60,-1,1
28088,75,69,6,6
28089,77,89,-12,12
28090,64,71,-7,7
28091,118,111,7,7
28092,141,137,4,4
28093,144,146,-2,2
28094,118,112,6,6
28095,90,71,19,19
28096,96,97,-1,1
28097,107,99,8,8
28098,141,146,-5,5
28099,71,59,12,12
28100,94,83,11,11
28101,196,183,13,13
28102,93,96,-3,3
28103,122,107,15,15
28104,78,82,-4,4
28105,83,108,-25,25
28106,84,74,10,10
28107,65,60,5,5
28108,165,171,-6,6
28109,116,129,-13,13
28110,91,72,19,19
28111,69,58,11,11
28112,87,78,9,9
28113,94,101,-7,7
28114,113,112,1,1
28115,169,170,-1,1
28116,112,101,11,11
28117,85,91,-6,6
28118,113,105,8,8
28119,145,140,5,5
28120,53,54,-1,1
28121,97,96,1,1
28122,102,106,-4,4
28123,107,110,-3,3
28124,88,83,5,5
28125,76,70,6,6
28126,46,46,0,0
28127,83,83,0,0
28128,99,89,10,10
28129,118,120,-2,2
28130,85,73,12,12
28131,112,115,-3,3
28132,120,109,11,11
28133,246,218,28,28
28134,124,112,12,12
28135,64,64,0,0
28136,118,106,12,12
28137,118,111,7,7
28138,78,83,-5,5
28139,74,73,1,1
28140,86,83,3,3
28141,90,75,15,15
28142,132,146,-14,14
28143,125,120,5,5
28144,70,63,7,7
28145,69,62,7,7
28146,119,110,9,9
28147,144,135,9,9
28148,172,161,11,11
28149,83,80,3,3
28150,99,103,-4,4
28151,104,99,5,5
28152,127,134,-7,7
28153,78,72,6,6
28154,110,93,17,17
28155,53,56,-3,3
28156,79,87,-8,8
28157,47,44,3,3
28158,123,90,33,33
28159,132,132,0,0
28160,104,100,4,4
28161,127,117,10,10
28162,105,91,14,14
28163,65,68,-3,3
28164,100,103,-3,3
28165,192,174,18,18
28166,61,92,-31,31
28167,106,110,-4,4
28168,38,75,-37,37
28169,186,162,24,24
28170,166,152,14,14
28171,122,117,5,5
28172,141,135,6,6
28173,122,133,-11,11
28174,39,57,-18,18
28175,117,118,-1,1
28176,128,129,-1,1
28177,148,145,3,3
28178,118,116,2,2
28179,96,92,4,4
28180,72,75,-3,3
28181,76,72,4,4
28182,63,72,-9,9
28183,84,104,-20,20
28184,102,100,2,2
28185,75,74,1,1
28186,92,91,1,1
28187,69,71,-2,2
28188,94,79,15,15
28189,70,67,3,3
28190,112,99,13,13
28191,87,80,7,7
28192,68,65,3,3
28193,123,149,-26,26
28194,81,73,8,8
28195,116,125,-9,9
28196,82,83,-1,1
28197,149,120,29,29
28198,60,71,-11,11
28199,59,63,-4,4
28200,110,96,14,14
28201,89,130,-41,41
28202,114,101,13,13
28203,128,123,5,5
28204,57,61,-4,4
28205,77,82,-5,5
28206,85,85,0,0
28207,194,197,-3,3
28208,72,82,-10,10
28209,75,78,-3,3
28210,57,76,-19,19
28211,165,160,5,5
28212,99,98,1,1
28213,84,78,6,6
28214,89,87,2,2
28215,64,61,3,3
28216,115,120,-5,5
28217,81,85,-4,4
28218,96,110,-14,14
28219,134,137,-3,3
28220,74,66,8,8
28221,121,135,-14,14
28222,81,91,-10,10
28223,58,56,2,2
28224,77,63,14,14
28225,97,95,2,2
28226,66,59,7,7
28227,104,104,0,0
28228,112,118,-6,6
28229,59,54,5,5
28230,151,142,9,9
28231,111,102,9,9
28232,133,128,5,5
28233,76,71,5,5
28234,93,97,-4,4
28235,76,69,7,7
28236,85,77,8,8
28237,151,153,-2,2
28238,76,77,-1,1
28239,79,71,8,8
28240,172,182,-10,10
28241,148,139,9,9
28242,89,94,-5,5
28243,87,78,9,9
28244,128,125,3,3
28245,71,70,1,1
28246,72,62,10,10
28247,77,78,-1,1
28248,100,95,5,5
28249,107,107,0,0
28250,86,82,4,4
28251,81,69,12,12
28252,93,91,2,2
28253,56,52,4,4
28254,138,135,3,3
28255,77,70,7,7
28256,175,179,-4,4
28257,72,72,0,0
28258,93,88,5,5
28259,92,87,5,5
28260,104,120,-16,16
28261,132,129,3,3
28262,81,87,-6,6
28263,71,71,0,0
28264,140,142,-2,2
28265,102,95,7,7
28266,53,56,-3,3
28267,87,94,-7,7
28268,147,145,2,2
28269,93,105,-12,12
28270,65,62,3,3
28271,154,144,10,10
28272,222,207,15,15
28273,107,92,15,15
28274,81,69,12,12
28275,59,55,4,4
28276,63,65,-2,2
28277,100,98,2,2
28278,89,75,14,14
28279,70,63,7,7
28280,90,92,-2,2
28281,135,135,0,0
28282,112,107,5,5
28283,102,94,8,8
28284,126,129,-3,3
28285,87,87,0,0
28286,98,94,4,4
28287,128,114,14,14
28288,54,58,-4,4
28289,88,86,2,2
28290,79,88,-9,9
28291,177,168,9,9
28292,110,103,7,7
28293,68,73,-5,5
28294,126,125,1,1
28295,115,114,1,1
28296,105,108,-3,3
28297,86,87,-1,1
28298,66,95,-29,29
28299,65,57,8,8
28300,78,83,-5,5
28301,87,85,2,2
28302,108,102,6,6
28303,46,51,-5,5
28304,106,101,5,5
28305,127,113,14,14
28306,137,137,0,0
28307,84,71,13,13
28308,73,75,-2,2
28309,70,69,1,1
28310,76,70,6,6
28311,84,80,4,4
28312,125,103,22,22
28313,73,77,-4,4
28314,176,175,1,1
28315,97,83,14,14
28316,128,122,6,6
28317,74,74,0,0
28318,145,134,11,11
28319,93,95,-2,2
28320,70,71,-1,1
28321,67,75,-8,8
28322,84,84,0,0
28323,59,59,0,0
28324,92,86,6,6
28325,112,108,4,4
28326,51,59,-8,8
28327,56,57,-1,1
28328,92,81,11,11
28329,49,55,-6,6
28330,98,110,-12,12
28331,71,74,-3,3
28332,72,73,-1,1
28333,68,74,-6,6
28334,87,87,0,0
28335,121,116,5,5
28336,94,95,-1,1
28337,76,81,-5,5
28338,112,106,6,6
28339,69,60,9,9
28340,113,107,6,6
28341,129,131,-2,2
28342,105,104,1,1
28343,99,107,-8,8
28344,58,68,-10,10
28345,130,114,16,16
28346,85,81,4,4
28347,73,59,14,14
28348,56,50,6,6
28349,97,105,-8,8
28350,104,111,-7,7
28351,73,80,-7,7
28352,111,106,5,5
28353,73,63,10,10
28354,98,86,12,12
28355,102,113,-11,11
28356,80,76,4,4
28357,47,51,-4,4
28358,102,108,-6,6
28359,76,74,2,2
28360,69,83,-14,14
28361,85,90,-5,5
28362,111,112,-1,1
28363,34,43,-9,9
28364,137,142,-5,5
28365,79,74,5,5
28366,72,77,-5,5
28367,62,72,-10,10
28368,91,87,4,4
28369,82,76,6,6
28370,120,132,-12,12
28371,92,94,-2,2
28372,110,111,-1,1
28373,122,122,0,0
28374,119,114,5,5
28375,183,177,6,6
28376,61,63,-2,2
28377,97,87,10,10
28378,117,126,-9,9
28379,71,61,10,10
28380,100,83,17,17
28381,119,115,4,4
28382,94,81,13,13
28383,94,100,-6,6
28384,97,82,15,15
28385,62,57,5,5
28386,74,74,0,0
28387,104,107,-3,3
28388,143,148,-5,5
28389,74,78,-4,4
28390,126,125,1,1
28391,64,57,7,7
28392,97,92,5,5
28393,82,81,1,1
28394,56,61,-5,5
28395,98,103,-5,5
28396,139,138,1,1
28397,102,93,9,9
28398,100,105,-5,5
28399,115,98,17,17
28400,138,125,13,13
28401,39,44,-5,5
28402,132,134,-2,2
28403,127,128,-1,1
28404,98,89,9,9
28405,83,70,13,13
28406,106,114,-8,8
28407,161,152,9,9
28408,77,61,16,16
28409,76,84,-8,8
28410,96,96,0,0
28411,107,108,-1,1
28412,85,266,-181,181
28413,79,78,1,1
28414,102,95,7,7
28415,57,56,1,1
28416,79,71,8,8
28417,76,86,-10,10
28418,82,83,-1,1
28419,56,53,3,3
28420,84,78,6,6
28421,110,99,11,11
28422,183,168,15,15
28423,118,127,-9,9
28424,100,87,13,13
28425,109,97,12,12
28426,101,101,0,0
28427,57,58,-1,1
28428,89,109,-20,20
28429,148,138,10,10
28430,202,194,8,8
28431,137,146,-9,9
28432,91,86,5,5
28433,112,120,-8,8
28434,68,73,-5,5
28435,83,75,8,8
28436,72,67,5,5
28437,79,71,8,8
28438,116,115,1,1
28439,54,54,0,0
28440,87,96,-9,9
28441,82,81,1,1
28442,104,95,9,9
28443,126,124,2,2
28444,106,107,-1,1
28445,116,111,5,5
28446,91,96,-5,5
28447,77,67,10,10
28448,123,159,-36,36
28449,145,138,7,7
28450,88,82,6,6
28451,95,112,-17,17
28452,79,87,-8,8
28453,91,98,-7,7
28454,133,120,13,13
28455,165,184,-19,19
28456,61,64,-3,3
28457,63,71,-8,8
28458,120,117,3,3
28459,54,53,1,1
28460,145,143,2,2
28461,130,127,3,3
28462,68,54,14,14
28463,55,50,5,5
28464,90,82,8,8
28465,102,89,13,13
28466,52,53,-1,1
28467,102,103,-1,1
28468,162,166,-4,4
28469,85,91,-6,6
28470,81,75,6,6
28471,57,53,4,4
28472,82,74,8,8
28473,135,92,43,43
28474,43,49,-6,6
28475,82,87,-5,5
28476,66,66,0,0
28477,102,102,0,0
28478,70,66,4,4
28479,151,146,5,5
28480,127,122,5,5
28481,77,65,12,12
28482,137,118,19,19
28483,83,74,9,9
28484,183,173,10,10
28485,43,46,-3,3
28486,129,135,-6,6
28487,58,56,2,2
28488,73,77,-4,4
28489,67,69,-2,2
28490,57,52,5,5
28491,133,147,-14,14
28492,76,81,-5,5
28493,87,84,3,3
28494,76,74,2,2
28495,99,86,13,13
28496,95,90,5,5
28497,56,52,4,4
28498,146,135,11,11
28499,123,104,19,19
28500,93,112,-19,19
28501,71,73,-2,2
28502,97,90,7,7
28503,122,108,14,14
28504,97,95,2,2
28505,86,77,9,9
28506,87,87,0,0
28507,134,119,15,15
28508,99,95,4,4
28509,135,122,13,13
28510,85,76,9,9
28511,132,129,3,3
28512,54,53,1,1
28513,77,82,-5,5
28514,63,61,2,2
28515,138,143,-5,5
28516,58,53,5,5
28517,141,140,1,1
28518,161,159,2,2
28519,105,123,-18,18
28520,107,115,-8,8
28521,153,159,-6,6
28522,90,104,-14,14
28523,147,147,0,0
28524,92,97,-5,5
28525,34,42,-8,8
28526,90,92,-2,2
28527,50,65,-15,15
28528,83,77,6,6
28529,127,142,-15,15
28530,59,53,6,6
28531,57,61,-4,4
28532,115,115,0,0
28533,91,94,-3,3
28534,143,130,13,13
28535,119,108,11,11
28536,97,99,-2,2
28537,155,146,9,9
28538,128,120,8,8
28539,67,66,1,1
28540,60,57,3,3
28541,103,91,12,12
28542,128,119,9,9
28543,100,88,12,12
28544,71,69,2,2
28545,85,89,-4,4
28546,74,70,4,4
28547,172,142,30,30
28548,73,76,-3,3
28549,51,65,-14,14
28550,76,78,-2,2
28551,110,101,9,9
28552,125,125,0,0
28553,49,54,-5,5
28554,145,140,5,5
28555,81,75,6,6
28556,79,102,-23,23
28557,108,105,3,3
28558,95,91,4,4
28559,66,56,10,10
28560,78,76,2,2
28561,41,53,-12,12
28562,89,78,11,11
28563,60,61,-1,1
28564,88,79,9,9
28565,54,60,-6,6
28566,112,105,7,7
28567,135,119,16,16
28568,123,125,-2,2
28569,76,87,-11,11
28570,82,79,3,3
28571,38,41,-3,3
28572,51,51,0,0
28573,33,47,-14,14
28574,100,103,-3,3
28575,64,66,-2,2
28576,98,104,-6,6
28577,104,86,18,18
28578,108,108,0,0
28579,112,113,-1,1
28580,54,54,0,0
28581,75,77,-2,2
28582,89,96,-7,7
28583,137,131,6,6
28584,66,53,13,13
28585,81,89,-8,8
28586,91,92,-1,1
28587,84,79,5,5
28588,52,55,-3,3
28589,64,73,-9,9
28590,176,188,-12,12
28591,59,54,5,5
28592,70,60,10,10
28593,69,64,5,5
28594,83,113,-30,30
28595,71,72,-1,1
28596,61,61,0,0
28597,65,64,1,1
28598,94,108,-14,14
28599,53,59,-6,6
28600,66,53,13,13
28601,93,92,1,1
28602,66,59,7,7
28603,75,72,3,3
28604,96,100,-4,4
28605,66,75,-9,9
28606,158,126,32,32
28607,80,64,16,16
28608,67,58,9,9
28609,67,64,3,3
28610,79,80,-1,1
28611,57,63,-6,6
28612,66,74,-8,8
28613,44,44,0,0
28614,59,59,0,0
28615,150,141,9,9
28616,128,119,9,9
28617,74,75,-1,1
28618,38,45,-7,7
28619,51,52,-1,1
28620,123,126,-3,3
28621,61,54,7,7
28622,77,64,13,13
28623,61,63,-2,2
28624,94,86,8,8
28625,104,105,-1,1
28626,62,71,-9,9
28627,115,101,14,14
28628,122,101,21,21
28629,96,98,-2,2
28630,84,83,1,1
28631,119,110,9,9
28632,99,94,5,5
28633,85,75,10,10
28634,118,107,11,11
28635,144,130,14,14
28636,54,59,-5,5
28637,152,149,3,3
28638,47,54,-7,7
28639,67,66,1,1
28640,81,78,3,3
28641,125,119,6,6
28642,104,95,9,9
28643,63,68,-5,5
28644,71,61,10,10
28645,56,61,-5,5
28646,144,141,3,3
28647,125,130,-5,5
28648,64,62,2,2
28649,108,90,18,18
28650,87,80,7,7
28651,66,73,-7,7
28652,83,82,1,1
28653,102,102,0,0
28654,120,119,1,1
28655,114,115,-1,1
28656,114,109,5,5
28657,148,147,1,1
28658,100,92,8,8
28659,76,77,-1,1
28660,53,63,-10,10
28661,104,106,-2,2
28662,101,103,-2,2
28663,93,92,1,1
28664,50,52,-2,2
28665,47,46,1,1
28666,137,132,5,5
28667,109,101,8,8
28668,83,94,-11,11
28669,32,38,-6,6
28670,69,70,-1,1
28671,92,87,5,5
28672,78,83,-5,5
28673,96,107,-11,11
28674,92,90,2,2
28675,53,56,-3,3
28676,144,138,6,6
28677,107,97,10,10
28678,112,106,6,6
28679,72,58,14,14
28680,108,100,8,8
28681,84,80,4,4
28682,54,53,1,1
28683,82,126,-44,44
28684,98,87,11,11
28685,73,70,3,3
28686,50,52,-2,2
28687,89,88,1,1
28688,66,59,7,7
28689,140,142,-2,2
28690,97,92,5,5
28691,77,82,-5,5
28692,106,72,34,34
28693,73,68,5,5
28694,122,119,3,3
28695,80,88,-8,8
28696,60,61,-1,1
28697,90,83,7,7
28698,83,82,1,1
28699,86,83,3,3
28700,33,41,-8,8
28701,134,126,8,8
28702,117,118,-1,1
28703,60,53,7,7
28704,116,111,5,5
28705,110,126,-16,16
28706,129,126,3,3
28707,88,88,0,0
28708,76,67,9,9
28709,171,172,-1,1
28710,98,87,11,11
28711,100,90,10,10
28712,66,72,-6,6
28713,140,134,6,6
28714,101,81,20,20
28715,61,60,1,1
28716,89,83,6,6
28717,93,92,1,1
28718,101,87,14,14
28719,63,70,-7,7
28720,85,84,1,1
28721,94,99,-5,5
28722,114,142,-28,28
28723,104,109,-5,5
28724,78,75,3,3
28725,108,134,-26,26
28726,57,56,1,1
28727,38,42,-4,4
28728,69,74,-5,5
28729,106,97,9,9
28730,77,75,2,2
28731,235,225,10,10
28732,98,95,3,3
28733,111,108,3,3
28734,70,83,-13,13
28735,102,111,-9,9
28736,92,93,-1,1
28737,67,71,-4,4
28738,83,84,-1,1
28739,71,76,-5,5
28740,92,69,23,23
28741,59,55,4,4
28742,90,87,3,3
28743,71,69,2,2
28744,52,56,-4,4
28745,109,92,17,17
28746,105,108,-3,3
28747,79,83,-4,4
28748,81,87,-6,6
28749,84,91,-7,7
28750,80,69,11,11
28751,56,60,-4,4
28752,84,72,12,12
28753,44,44,0,0
28754,85,85,0,0
28755,62,67,-5,5
28756,83,73,10,10
28757,59,76,-17,17
28758,92,84,8,8
28759,99,99,0,0
28760,131,150,-19,19
28761,58,61,-3,3
28762,164,159,5,5
28763,132,115,17,17
28764,73,67,6,6
28765,82,82,0,0
28766,57,49,8,8
28767,97,104,-7,7
28768,26,51,-25,25
28769,107,89,18,18
28770,88,79,9,9
28771,84,102,-18,18
28772,82,80,2,2
28773,141,143,-2,2
28774,78,62,16,16
28775,146,140,6,6
28776,84,72,12,12
28777,93,81,12,12
28778,74,69,5,5
28779,139,131,8,8
28780,125,122,3,3
28781,65,65,0,0
28782,101,108,-7,7
28783,114,110,4,4
28784,54,55,-1,1
28785,99,91,8,8
28786,83,57,26,26
28787,128,119,9,9
28788,90,93,-3,3
28789,77,78,-1,1
28790,68,53,15,15
28791,78,91,-13,13
28792,76,71,5,5
28793,85,82,3,3
28794,106,104,2,2
28795,207,180,27,27
28796,105,99,6,6
28797,110,111,-1,1
28798,86,76,10,10
28799,166,139,27,27
28800,118,121,-3,3
28801,99,89,10,10
28802,80,89,-9,9
28803,27,54,-27,27
28804,125,111,14,14
28805,92,87,5,5
28806,85,73,12,12
28807,91,86,5,5
28808,61,54,7,7
28809,86,78,8,8
28810,50,52,-2,2
28811,101,101,0,0
28812,79,60,19,19
28813,82,96,-14,14
28814,63,52,11,11
28815,100,88,12,12
28816,103,81,22,22
28817,150,141,9,9
28818,86,71,15,15
28819,72,84,-12,12
28820,54,56,-2,2
28821,136,142,-6,6
28822,60,53,7,7
28823,118,111,7,7
28824,64,56,8,8
28825,78,75,3,3
28826,76,58,18,18
28827,145,137,8,8
28828,62,68,-6,6
28829,98,94,4,4
28830,100,96,4,4
28831,142,140,2,2
28832,77,85,-8,8
28833,81,82,-1,1
28834,79,78,1,1
28835,78,76,2,2
28836,84,86,-2,2
28837,63,66,-3,3
28838,94,93,1,1
28839,89,82,7,7
28840,78,77,1,1
28841,132,135,-3,3
28842,151,135,16,16
28843,156,162,-6,6
28844,41,53,-12,12
28845,106,107,-1,1
28846,99,97,2,2
28847,42,49,-7,7
28848,79,69,10,10
28849,60,70,-10,10
28850,136,147,-11,11
28851,130,133,-3,3
28852,136,142,-6,6
28853,81,69,12,12
28854,112,113,-1,1
28855,60,64,-4,4
28856,93,69,24,24
28857,103,107,-4,4
28858,180,169,11,11
28859,93,98,-5,5
28860,172,164,8,8
28861,95,121,-26,26
28862,79,87,-8,8
28863,55,63,-8,8
28864,105,106,-1,1
28865,118,102,16,16
28866,111,109,2,2
28867,66,69,-3,3
28868,146,124,22,22
28869,81,107,-26,26
28870,75,66,9,9
28871,79,80,-1,1
28872,64,68,-4,4
28873,97,105,-8,8
28874,103,102,1,1
28875,68,63,5,5
28876,74,76,-2,2
28877,80,66,14,14
28878,90,78,12,12
28879,59,60,-1,1
28880,109,100,9,9
28881,90,85,5,5
28882,71,78,-7,7
28883,108,105,3,3
28884,83,77,6,6
28885,130,129,1,1
28886,85,88,-3,3
28887,49,56,-7,7
28888,73,66,7,7
28889,104,106,-2,2
28890,131,126,5,5
28891,69,67,2,2
28892,102,93,9,9
28893,74,64,10,10
28894,58,58,0,0
28895,167,154,13,13
28896,144,172,-28,28
28897,108,110,-2,2
28898,70,66,4,4
28899,84,83,1,1
28900,50,45,5,5
28901,68,67,1,1
28902,128,138,-10,10
28903,106,107,-1,1
28904,63,58,5,5
28905,61,82,-21,21
28906,82,78,4,4
28907,100,106,-6,6
28908,92,86,6,6
28909,75,90,-15,15
28910,132,128,4,4
28911,85,93,-8,8
28912,183,174,9,9
28913,115,108,7,7
28914,125,100,25,25
28915,99,94,5,5
28916,102,99,3,3
28917,125,134,-9,9
28918,75,73,2,2
28919,173,169,4,4
28920,66,69,-3,3
28921,90,75,15,15
28922,88,86,2,2
28923,124,127,-3,3
28924,70,71,-1,1
28925,93,80,13,13
28926,64,59,5,5
28927,60,51,9,9
28928,134,136,-2,2
28929,104,95,9,9
28930,44,44,0,0
28931,109,96,13,13
28932,68,63,5,5
28933,81,86,-5,5
28934,103,101,2,2
28935,99,102,-3,3
28936,80,73,7,7
28937,104,112,-8,8
28938,67,75,-8,8
28939,126,125,1,1
28940,53,51,2,2
28941,135,137,-2,2
28942,95,87,8,8
28943,95,97,-2,2
28944,63,65,-2,2
28945,140,133,7,7
28946,71,81,-10,10
28947,79,69,10,10
28948,47,80,-33,33
28949,87,92,-5,5
28950,57,59,-2,2
28951,81,76,5,5
28952,53,58,-5,5
28953,88,96,-8,8
28954,109,108,1,1
28955,85,83,2,2
28956,114,111,3,3
28957,81,87,-6,6
28958,85,97,-12,12
28959,95,98,-3,3
28960,61,67,-6,6
28961,65,63,2,2
28962,47,53,-6,6
28963,57,49,8,8
28964,66,75,-9,9
28965,86,93,-7,7
28966,76,82,-6,6
28967,143,135,8,8
28968,79,95,-16,16
28969,87,75,12,12
28970,99,98,1,1
28971,103,111,-8,8
28972,83,71,12,12
28973,116,115,1,1
28974,128,123,5,5
28975,159,154,5,5
28976,113,103,10,10
28977,124,115,9,9
28978,81,86,-5,5
28979,66,57,9,9
28980,82,68,14,14
28981,58,57,1,1
28982,101,112,-11,11
28983,67,86,-19,19
28984,97,83,14,14
28985,78,76,2,2
28986,104,101,3,3
28987,117,128,-11,11
28988,82,84,-2,2
28989,125,133,-8,8
28990,152,153,-1,1
28991,92,91,1,1
28992,128,121,7,7
28993,68,66,2,2
28994,101,92,9,9
28995,96,98,-2,2
28996,98,92,6,6
28997,134,129,5,5
28998,106,110,-4,4
28999,54,52,2,2
29000,88,96,-8,8
29001,66,66,0,0
29002,99,98,1,1
29003,82,77,5,5
29004,118,121,-3,3
29005,66,64,2,2
29006,96,84,12,12
29007,139,143,-4,4
29008,25,42,-17,17
29009,123,116,7,7
29010,130,128,2,2
29011,92,92,0,0
29012,80,72,8,8
29013,67,57,10,10
29014,71,65,6,6
29015,92,88,4,4
29016,113,101,12,12
29017,67,74,-7,7
29018,58,53,5,5
29019,39,78,-39,39
29020,78,83,-5,5
29021,113,98,15,15
29022,50,54,-4,4
29023,66,70,-4,4
29024,88,91,-3,3
29025,88,109,-21,21
29026,131,118,13,13
29027,64,76,-12,12
29028,91,92,-1,1
29029,101,80,21,21
29030,110,107,3,3
29031,56,53,3,3
29032,77,73,4,4
29033,129,121,8,8
29034,91,101,-10,10
29035,97,103,-6,6
29036,98,96,2,2
29037,75,72,3,3
29038,109,88,21,21
29039,64,72,-8,8
29040,71,70,1,1
29041,54,52,2,2
29042,59,64,-5,5
29043,145,144,1,1
29044,86,75,11,11
29045,56,55,1,1
29046,79,81,-2,2
29047,114,112,2,2
29048,65,73,-8,8
29049,104,97,7,7
29050,61,69,-8,8
29051,155,158,-3,3
29052,106,100,6,6
29053,48,62,-14,14
29054,173,148,25,25
29055,31,49,-18,18
29056,87,88,-1,1
29057,147,143,4,4
29058,79,93,-14,14
29059,92,102,-10,10
29060,100,88,12,12
29061,118,128,-10,10
29062,83,75,8,8
29063,72,67,5,5
29064,101,98,3,3
29065,83,84,-1,1
29066,94,94,0,0
29067,103,107,-4,4
29068,73,67,6,6
29069,179,176,3,3
29070,115,108,7,7
29071,85,78,7,7
29072,101,97,4,4
29073,130,127,3,3
29074,155,162,-7,7
29075,65,68,-3,3
29076,116,125,-9,9
29077,71,72,-1,1
29078,78,81,-3,3
29079,129,129,0,0
29080,78,67,11,11
29081,141,124,17,17
29082,139,117,22,22
29083,90,87,3,3
29084,174,168,6,6
29085,92,91,1,1
29086,76,73,3,3
29087,40,48,-8,8
29088,36,47,-11,11
29089,78,63,15,15
29090,89,104,-15,15
29091,63,64,-1,1
29092,79,67,12,12
29093,127,116,11,11
29094,61,74,-13,13
29095,118,65,53,53
29096,112,100,12,12
29097,131,120,11,11
29098,78,77,1,1
29099,95,93,2,2
29100,75,75,0,0
29101,170,173,-3,3
29102,97,97,0,0
29103,62,55,7,7
29104,130,123,7,7
29105,116,133,-17,17
29106,72,78,-6,6
29107,89,79,10,10
29108,95,100,-5,5
29109,82,83,-1,1
29110,54,53,1,1
29111,102,101,1,1
29112,106,106,0,0
29113,138,133,5,5
29114,90,97,-7,7
29115,53,62,-9,9
29116,111,89,22,22
29117,91,90,1,1
29118,84,91,-7,7
29119,116,106,10,10
29120,119,114,5,5
29121,82,78,4,4
29122,102,95,7,7
29123,64,62,2,2
29124,40,53,-13,13
29125,104,113,-9,9
29126,73,72,1,1
29127,92,84,8,8
29128,127,106,21,21
29129,155,149,6,6
29130,82,92,-10,10
29131,86,88,-2,2
29132,61,56,5,5
29133,136,125,11,11
29134,123,123,0,0
29135,40,54,-14,14
29136,103,94,9,9
29137,145,146,-1,1
29138,92,95,-3,3
29139,60,83,-23,23
29140,71,71,0,0
29141,63,56,7,7
29142,51,60,-9,9
29143,92,87,5,5
29144,48,57,-9,9
29145,66,52,14,14
29146,165,154,11,11
29147,114,108,6,6
29148,48,58,-10,10
29149,121,111,10,10
29150,134,125,9,9
29151,68,61,7,7
29152,34,46,-12,12
29153,68,58,10,10
29154,72,72,0,0
29155,63,60,3,3
29156,59,63,-4,4
29157,94,92,2,2
29158,59,58,1,1
29159,77,87,-10,10
29160,119,108,11,11
29161,134,137,-3,3
29162,120,122,-2,2
29163,90,83,7,7
29164,79,74,5,5
29165,70,77,-7,7
29166,103,97,6,6
29167,111,96,15,15
29168,62,57,5,5
29169,139,120,19,19
29170,138,144,-6,6
29171,213,203,10,10
29172,73,67,6,6
29173,116,121,-5,5
29174,135,134,1,1
29175,77,70,7,7
29176,89,77,12,12
29177,40,37,3,3
29178,82,74,8,8
29179,101,101,0,0
29180,81,91,-10,10
29181,159,163,-4,4
29182,89,94,-5,5
29183,74,85,-11,11
29184,106,96,10,10
29185,53,55,-2,2
29186,98,125,-27,27
29187,96,99,-3,3
29188,116,120,-4,4
29189,68,66,2,2
29190,74,74,0,0
29191,167,169,-2,2
29192,90,97,-7,7
29193,106,99,7,7
29194,62,56,6,6
29195,46,47,-1,1
29196,68,74,-6,6
29197,73,68,5,5
29198,78,78,0,0
29199,58,54,4,4
29200,129,123,6,6
29201,79,92,-13,13
29202,92,89,3,3
29203,34,57,-23,23
29204,81,52,29,29
29205,73,65,8,8
29206,171,173,-2,2
29207,90,96,-6,6
29208,70,82,-12,12
29209,199,198,1,1
29210,68,59,9,9
29211,161,156,5,5
29212,46,52,-6,6
29213,61,62,-1,1
29214,112,109,3,3
29215,133,115,18,18
29216,91,82,9,9
29217,80,87,-7,7
29218,160,135,25,25
29219,90,94,-4,4
29220,103,91,12,12
29221,87,76,11,11
29222,148,141,7,7
29223,183,140,43,43
29224,87,80,7,7
29225,161,158,3,3
29226,80,73,7,7
29227,128,127,1,1
29228,123,116,7,7
29229,159,153,6,6
29230,48,45,3,3
29231,77,73,4,4
29232,87,84,3,3
29233,53,41,12,12
29234,118,115,3,3
29235,89,85,4,4
29236,76,70,6,6
29237,145,142,3,3
29238,125,110,15,15
29239,97,105,-8,8
29240,49,57,-8,8
29241,62,70,-8,8
29242,81,85,-4,4
29243,136,138,-2,2
29244,100,90,10,10
29245,187,186,1,1
29246,105,104,1,1
29247,176,175,1,1
29248,113,114,-1,1
29249,115,114,1,1
29250,86,87,-1,1
29251,120,111,9,9
29252,74,78,-4,4
29253,86,100,-14,14
29254,99,107,-8,8
29255,70,62,8,8
29256,109,110,-1,1
29257,110,104,6,6
29258,102,98,4,4
29259,156,152,4,4
29260,107,116,-9,9
29261,53,51,2,2
29262,121,109,12,12
29263,97,108,-11,11
29264,103,114,-11,11
29265,66,59,7,7
29266,108,116,-8,8
29267,59,68,-9,9
29268,64,66,-2,2
29269,70,68,2,2
29270,86,79,7,7
29271,118,110,8,8
29272,61,63,-2,2
29273,120,115,5,5
29274,112,93,19,19
29275,176,153,23,23
29276,61,55,6,6
29277,89,99,-10,10
29278,115,100,15,15
29279,112,101,11,11
29280,110,104,6,6
29281,92,88,4,4
29282,124,117,7,7
29283,60,62,-2,2
29284,70,64,6,6
29285,98,89,9,9
29286,77,77,0,0
29287,60,52,8,8
29288,149,143,6,6
29289,135,134,1,1
29290,71,68,3,3
29291,47,53,-6,6
29292,141,129,12,12
29293,76,83,-7,7
29294,85,77,8,8
29295,66,69,-3,3
29296,86,86,0,0
29297,144,137,7,7
29298,74,80,-6,6
29299,181,182,-1,1
29300,79,81,-2,2
29301,106,95,11,11
29302,138,137,1,1
29303,91,76,15,15
29304,76,70,6,6
29305,140,133,7,7
29306,77,73,4,4
29307,54,57,-3,3
29308,71,79,-8,8
29309,110,84,26,26
29310,90,87,3,3
29311,116,121,-5,5
29312,83,77,6,6
29313,59,73,-14,14
29314,92,85,7,7
29315,144,132,12,12
29316,67,55,12,12
29317,105,100,5,5
29318,62,59,3,3
29319,136,130,6,6
29320,111,110,1,1
29321,64,67,-3,3
29322,73,56,17,17
29323,86,95,-9,9
29324,84,84,0,0
29325,74,87,-13,13
29326,135,135,0,0
29327,119,110,9,9
29328,83,88,-5,5
29329,102,99,3,3
29330,84,92,-8,8
29331,66,116,-50,50
29332,47,46,1,1
29333,97,91,6,6
29334,106,105,1,1
29335,75,71,4,4
29336,108,118,-10,10
29337,154,153,1,1
29338,91,83,8,8
29339,75,76,-1,1
29340,155,145,10,10
29341,75,86,-11,11
29342,211,191,20,20
29343,69,60,9,9
29344,52,51,1,1
29345,84,76,8,8
29346,89,83,6,6
29347,79,77,2,2
29348,78,86,-8,8
29349,90,77,13,13
29350,305,258,47,47
29351,83,80,3,3
29352,193,191,2,2
29353,124,128,-4,4
29354,46,46,0,0
29355,85,75,10,10
29356,84,80,4,4
29357,98,106,-8,8
29358,72,69,3,3
29359,60,69,-9,9
29360,102,98,4,4
29361,92,79,13,13
29362,102,101,1,1
29363,74,80,-6,6
29364,114,101,13,13
29365,86,92,-6,6
29366,114,113,1,1
29367,151,165,-14,14
29368,91,86,5,5
29369,78,68,10,10
29370,153,153,0,0
29371,80,92,-12,12
29372,108,107,1,1
29373,88,77,11,11
29374,153,145,8,8
29375,71,74,-3,3
29376,95,93,2,2
29377,127,116,11,11
29378,139,143,-4,4
29379,46,44,2,2
29380,124,123,1,1
29381,93,90,3,3
29382,114,107,7,7
29383,93,79,14,14
29384,67,59,8,8
29385,110,110,0,0
29386,63,62,1,1
29387,70,61,9,9
29388,87,82,5,5
29389,122,118,4,4
29390,107,113,-6,6
29391,153,144,9,9
29392,94,101,-7,7
29393,101,99,2,2
29394,78,84,-6,6
29395,82,88,-6,6
29396,88,79,9,9
29397,94,88,6,6
29398,37,49,-12,12
29399,67,69,-2,2
29400,85,62,23,23
29401,105,93,12,12
29402,40,53,-13,13
29403,194,181,13,13
29404,123,124,-1,1
29405,87,74,13,13
29406,102,98,4,4
29407,145,130,15,15
29408,68,63,5,5
29409,159,136,23,23
29410,82,75,7,7
29411,83,68,15,15
29412,82,75,7,7
29413,69,65,4,4
29414,103,110,-7,7
29415,105,102,3,3
29416,100,119,-19,19
29417,55,60,-5,5
29418,80,81,-1,1
29419,73,77,-4,4
29420,51,22,29,29
29421,124,119,5,5
29422,52,49,3,3
29423,115,134,-19,19
29424,116,108,8,8
29425,101,101,0,0
29426,63,53,10,10
29427,52,55,-3,3
29428,84,75,9,9
29429,142,130,12,12
29430,71,71,0,0
29431,82,95,-13,13
29432,85,93,-8,8
29433,74,71,3,3
29434,61,46,15,15
29435,107,109,-2,2
29436,98,95,3,3
29437,80,78,2,2
29438,69,73,-4,4
29439,64,63,1,1
29440,137,129,8,8
29441,77,80,-3,3
29442,94,107,-13,13
29443,86,81,5,5
29444,60,65,-5,5
29445,54,67,-13,13
29446,62,60,2,2
29447,86,73,13,13
29448,60,56,4,4
29449,64,56,8,8
29450,91,92,-1,1
29451,71,69,2,2
29452,78,78,0,0
29453,104,100,4,4
29454,103,105,-2,2
29455,167,173,-6,6
29456,129,118,11,11
29457,125,69,56,56
29458,108,102,6,6
29459,77,82,-5,5
29460,121,123,-2,2
29461,77,71,6,6
29462,61,64,-3,3
29463,67,74,-7,7
29464,96,90,6,6
29465,113,128,-15,15
29466,70,74,-4,4
29467,79,70,9,9
29468,91,95,-4,4
29469,86,97,-11,11
29470,74,68,6,6
29471,78,83,-5,5
29472,117,96,21,21
29473,82,66,16,16
29474,79,83,-4,4
29475,138,157,-19,19
29476,92,78,14,14
29477,69,66,3,3
29478,81,87,-6,6
29479,73,75,-2,2
29480,100,100,0,0
29481,51,44,7,7
29482,60,61,-1,1
29483,109,97,12,12
29484,131,129,2,2
29485,71,71,0,0
29486,77,85,-8,8
29487,97,105,-8,8
29488,69,65,4,4
29489,124,118,6,6
29490,69,65,4,4
29491,131,130,1,1
29492,87,90,-3,3
29493,178,178,0,0
29494,111,103,8,8
29495,122,112,10,10
29496,155,144,11,11
29497,136,120,16,16
29498,113,132,-19,19
29499,64,66,-2,2
29500,111,104,7,7
29501,94,87,7,7
29502,58,61,-3,3
29503,89,83,6,6
29504,82,78,4,4
29505,87,97,-10,10
29506,50,51,-1,1
29507,79,67,12,12
29508,140,127,13,13
29509,134,209,-75,75
29510,119,114,5,5
29511,140,141,-1,1
29512,119,121,-2,2
29513,52,50,2,2
29514,124,136,-12,12
29515,131,118,13,13
29516,45,45,0,0
29517,70,70,0,0
29518,99,90,9,9
29519,82,77,5,5
29520,73,63,10,10
29521,120,133,-13,13
29522,107,109,-2,2
29523,88,87,1,1
29524,82,76,6,6
29525,59,59,0,0
29526,90,95,-5,5
29527,56,60,-4,4
29528,113,111,2,2
29529,78,73,5,5
29530,61,69,-8,8
29531,89,88,1,1
29532,44,58,-14,14
29533,62,59,3,3
29534,111,115,-4,4
29535,75,72,3,3
29536,74,73,1,1
29537,79,65,14,14
29538,89,87,2,2
29539,94,94,0,0
29540,116,113,3,3
29541,120,108,12,12
29542,180,169,11,11
29543,48,43,5,5
29544,85,83,2,2
29545,112,106,6,6
29546,114,85,29,29
29547,78,86,-8,8
29548,111,126,-15,15
29549,71,70,1,1
29550,64,65,-1,1
29551,47,45,2,2
29552,85,84,1,1
29553,90,98,-8,8
29554,137,127,10,10
29555,138,138,0,0
29556,64,61,3,3
29557,78,74,4,4
29558,42,48,-6,6
29559,98,90,8,8
29560,59,44,15,15
29561,76,83,-7,7
29562,106,99,7,7
29563,33,33,0,0
29564,121,124,-3,3
29565,108,101,7,7
29566,76,72,4,4
29567,64,63,1,1
29568,73,60,13,13
29569,112,98,14,14
29570,105,94,11,11
29571,59,65,-6,6
29572,205,180,25,25
29573,78,81,-3,3
29574,79,85,-6,6
29575,123,123,0,0
29576,83,74,9,9
29577,115,110,5,5
29578,75,70,5,5
29579,86,86,0,0
29580,111,123,-12,12
29581,82,107,-25,25
29582,157,161,-4,4
29583,58,55,3,3
29584,101,97,4,4
29585,99,90,9,9
29586,96,98,-2,2
29587,133,146,-13,13
29588,93,90,3,3
29589,79,69,10,10
29590,87,74,13,13
29591,101,106,-5,5
29592,73,70,3,3
29593,76,75,1,1
29594,110,89,21,21
29595,100,95,5,5
29596,87,85,2,2
29597,126,131,-5,5
29598,81,69,12,12
29599,70,82,-12,12
29600,139,135,4,4
29601,74,74,0,0
29602,147,124,23,23
29603,92,88,4,4
29604,133,116,17,17
29605,87,91,-4,4
29606,96,99,-3,3
29607,70,91,-21,21
29608,75,82,-7,7
29609,121,115,6,6
29610,88,83,5,5
29611,96,99,-3,3
29612,196,156,40,40
29613,90,94,-4,4
29614,110,108,2,2
29615,59,85,-26,26
29616,131,130,1,1
29617,56,51,5,5
29618,98,107,-9,9
29619,94,90,4,4
29620,73,75,-2,2
29621,52,55,-3,3
29622,97,86,11,11
29623,119,113,6,6
29624,94,88,6,6
29625,144,141,3,3
29626,128,120,8,8
29627,81,76,5,5
29628,101,95,6,6
29629,138,134,4,4
29630,68,58,10,10
29631,124,91,33,33
29632,61,73,-12,12
29633,118,105,13,13
29634,69,67,2,2
29635,84,86,-2,2
29636,175,160,15,15
29637,54,49,5,5
29638,72,80,-8,8
29639,82,69,13,13
29640,102,94,8,8
29641,107,104,3,3
29642,110,108,2,2
29643,128,123,5,5
29644,132,132,0,0
29645,80,79,1,1
29646,60,65,-5,5
29647,54,50,4,4
29648,89,91,-2,2
29649,90,94,-4,4
29650,62,77,-15,15
29651,64,76,-12,12
29652,74,77,-3,3
29653,123,189,-66,66
29654,77,70,7,7
29655,79,70,9,9
29656,88,85,3,3
29657,77,87,-10,10
29658,96,98,-2,2
29659,80,77,3,3
29660,104,97,7,7
29661,46,56,-10,10
29662,70,75,-5,5
29663,93,98,-5,5
29664,103,94,9,9
29665,117,111,6,6
29666,80,81,-1,1
29667,93,93,0,0
29668,88,85,3,3
29669,101,87,14,14
29670,69,76,-7,7
29671,97,91,6,6
29672,56,56,0,0
29673,101,100,1,1
29674,122,115,7,7
29675,95,102,-7,7
29676,113,111,2,2
29677,150,148,2,2
29678,164,169,-5,5
29679,87,80,7,7
29680,128,123,5,5
29681,66,75,-9,9
29682,68,58,10,10
29683,120,115,5,5
29684,151,153,-2,2
29685,72,62,10,10
29686,89,93,-4,4
29687,231,206,25,25
29688,49,63,-14,14
29689,68,65,3,3
29690,81,82,-1,1
29691,96,93,3,3
29692,123,115,8,8
29693,88,81,7,7
29694,188,184,4,4
29695,78,73,5,5
29696,78,75,3,3
29697,105,109,-4,4
29698,102,98,4,4
29699,74,77,-3,3
29700,74,76,-2,2
29701,63,69,-6,6
29702,106,108,-2,2
29703,90,78,12,12
29704,100,99,1,1
29705,106,103,3,3
29706,74,76,-2,2
29707,75,85,-10,10
29708,119,129,-10,10
29709,115,112,3,3
29710,125,107,18,18
29711,106,105,1,1
29712,113,122,-9,9
29713,81,78,3,3
29714,84,76,8,8
29715,79,88,-9,9
29716,129,119,10,10
29717,55,57,-2,2
29718,99,100,-1,1
29719,88,93,-5,5
29720,129,109,20,20
29721,92,87,5,5
29722,113,115,-2,2
29723,67,65,2,2
29724,96,108,-12,12
29725,64,66,-2,2
29726,132,143,-11,11
29727,172,160,12,12
29728,104,113,-9,9
29729,83,81,2,2
29730,70,85,-15,15
29731,104,96,8,8
29732,78,70,8,8
29733,66,76,-10,10
29734,81,79,2,2
29735,63,62,1,1
29736,74,75,-1,1
29737,109,88,21,21
29738,70,63,7,7
29739,91,77,14,14
29740,95,97,-2,2
29741,76,80,-4,4
29742,68,66,2,2
29743,92,87,5,5
29744,65,56,9,9
29745,36,38,-2,2
29746,105,101,4,4
29747,110,109,1,1
29748,121,111,10,10
29749,49,46,3,3
29750,98,80,18,18
29751,117,106,11,11
29752,52,104,-52,52
29753,84,83,1,1
29754,148,140,8,8
29755,63,57,6,6
29756,63,74,-11,11
29757,92,92,0,0
29758,85,78,7,7
29759,93,90,3,3
29760,88,78,10,10
29761,80,75,5,5
29762,83,79,4,4
29763,61,68,-7,7
29764,76,78,-2,2
29765,81,90,-9,9
29766,75,59,16,16
29767,61,54,7,7
29768,110,112,-2,2
29769,91,82,9,9
29770,63,59,4,4
29771,126,135,-9,9
29772,102,93,9,9
29773,102,98,4,4
29774,107,102,5,5
29775,49,47,2,2
29776,71,77,-6,6
29777,70,86,-16,16
29778,94,88,6,6
29779,201,191,10,10
29780,80,81,-1,1
29781,62,63,-1,1
29782,97,91,6,6
29783,77,78,-1,1
29784,74,80,-6,6
29785,55,56,-1,1
29786,88,83,5,5
29787,27,39,-12,12
29788,64,62,2,2
29789,95,105,-10,10
29790,74,69,5,5
29791,99,107,-8,8
29792,68,64,4,4
29793,65,63,2,2
29794,97,105,-8,8
29795,73,71,2,2
29796,88,84,4,4
29797,121,123,-2,2
29798,102,94,8,8
29799,101,108,-7,7
29800,78,83,-5,5
29801,156,145,11,11
29802,76,79,-3,3
29803,66,67,-1,1
29804,91,102,-11,11
29805,82,73,9,9
29806,150,156,-6,6
29807,46,50,-4,4
29808,164,166,-2,2
29809,134,133,1,1
29810,124,122,2,2
29811,75,73,2,2
29812,64,76,-12,12
29813,207,190,17,17
29814,125,125,0,0
29815,143,124,19,19
29816,79,70,9,9
29817,62,60,2,2
29818,149,155,-6,6
29819,136,131,5,5
29820,48,55,-7,7
29821,117,111,6,6
29822,50,52,-2,2
29823,88,81,7,7
29824,62,61,1,1
29825,37,50,-13,13
29826,142,117,25,25
29827,59,59,0,0
29828,123,116,7,7
29829,78,76,2,2
29830,117,107,10,10
29831,84,89,-5,5
29832,191,183,8,8
29833,176,165,11,11
29834,68,62,6,6
29835,58,56,2,2
29836,74,71,3,3
29837,166,160,6,6
29838,178,173,5,5
29839,102,100,2,2
29840,106,94,12,12
29841,121,129,-8,8
29842,157,159,-2,2
29843,60,51,9,9
29844,116,116,0,0
29845,133,138,-5,5
29846,50,47,3,3
29847,90,86,4,4
29848,138,119,19,19
29849,216,201,15,15
29850,114,106,8,8
29851,107,114,-7,7
29852,68,63,5,5
29853,52,60,-8,8
29854,139,130,9,9
29855,98,88,10,10
29856,143,135,8,8
29857,97,86,11,11
29858,80,80,0,0
29859,60,57,3,3
29860,104,103,1,1
29861,102,113,-11,11
29862,155,150,5,5
29863,157,153,4,4
29864,122,96,26,26
29865,89,84,5,5
29866,68,66,2,2
29867,68,69,-1,1
29868,102,108,-6,6
29869,107,117,-10,10
29870,62,54,8,8
29871,145,149,-4,4
29872,92,86,6,6
29873,113,107,6,6
29874,72,61,11,11
29875,67,67,0,0
29876,86,89,-3,3
29877,78,80,-2,2
29878,94,97,-3,3
29879,103,83,20,20
29880,145,155,-10,10
29881,74,79,-5,5
29882,128,135,-7,7
29883,146,113,33,33
29884,54,57,-3,3
29885,162,154,8,8
29886,150,149,1,1
29887,57,61,-4,4
29888,118,112,6,6
29889,37,49,-12,12
29890,121,114,7,7
29891,130,115,15,15
29892,62,62,0,0
29893,66,65,1,1
29894,119,96,23,23
29895,120,108,12,12
29896,100,114,-14,14
29897,121,127,-6,6
29898,85,96,-11,11
29899,99,94,5,5
29900,63,63,0,0
29901,98,85,13,13
29902,62,62,0,0
29903,78,73,5,5
29904,61,57,4,4
29905,110,101,9,9
29906,90,91,-1,1
29907,125,91,34,34
29908,59,56,3,3
29909,83,77,6,6
29910,103,108,-5,5
29911,66,59,7,7
29912,131,134,-3,3
29913,72,75,-3,3
29914,56,58,-2,2
29915,110,107,3,3
29916,72,71,1,1
29917,120,125,-5,5
29918,82,81,1,1
29919,79,82,-3,3
29920,169,166,3,3
29921,140,148,-8,8
29922,139,136,3,3
29923,53,55,-2,2
29924,93,99,-6,6
29925,95,89,6,6
29926,91,87,4,4
29927,96,88,8,8
29928,115,113,2,2
29929,80,71,9,9
29930,61,54,7,7
29931,125,132,-7,7
29932,79,68,11,11
29933,113,106,7,7
29934,113,112,1,1
29935,79,76,3,3
29936,143,119,24,24
29937,69,81,-12,12
29938,71,98,-27,27
29939,67,60,7,7
29940,53,52,1,1
29941,132,141,-9,9
29942,129,127,2,2
29943,85,80,5,5
29944,107,106,1,1
29945,143,137,6,6
29946,57,58,-1,1
29947,99,89,10,10
29948,54,53,1,1
29949,102,105,-3,3
29950,64,62,2,2
29951,86,100,-14,14
29952,88,88,0,0
29953,170,160,10,10
29954,71,69,2,2
29955,127,140,-13,13
29956,61,54,7,7
29957,63,60,3,3
29958,46,51,-5,5
29959,78,66,12,12
29960,85,94,-9,9
29961,86,74,12,12
29962,91,85,6,6
29963,75,66,9,9
29964,75,69,6,6
29965,73,90,-17,17
29966,74,71,3,3
29967,69,69,0,0
29968,77,69,8,8
29969,119,121,-2,2
29970,77,86,-9,9
29971,143,138,5,5
29972,132,136,-4,4
29973,89,89,0,0
29974,60,61,-1,1
29975,131,136,-5,5
29976,83,74,9,9
29977,80,80,0,0
29978,92,82,10,10
29979,187,192,-5,5
29980,128,126,2,2
29981,151,146,5,5
29982,44,49,-5,5
29983,83,98,-15,15
29984,78,72,6,6
29985,81,87,-6,6
29986,73,78,-5,5
29987,138,137,1,1
29988,45,50,-5,5
29989,58,63,-5,5
29990,105,106,-1,1
29991,103,101,2,2
29992,91,89,2,2
29993,48,50,-2,2
29994,74,76,-2,2
29995,104,88,16,16
29996,69,75,-6,6
29997,62,66,-4,4
29998,140,161,-21,21
29999,129,160,-31,31
30000,98,94,4,4
30001,99,93,6,6
30002,71,63,8,8
30003,149,162,-13,13
30004,101,106,-5,5
30005,114,120,-6,6
30006,181,174,7,7
30007,112,122,-10,10
30008,112,99,13,13
30009,95,92,3,3
30010,133,127,6,6
30011,168,154,14,14
30012,24,50,-26,26
30013,119,114,5,5
30014,102,101,1,1
30015,84,78,6,6
30016,134,126,8,8
30017,69,57,12,12
30018,66,63,3,3
30019,74,70,4,4
30020,113,111,2,2
30021,64,65,-1,1
30022,79,74,5,5
30023,103,88,15,15
30024,107,107,0,0
30025,66,69,-3,3
30026,88,88,0,0
30027,158,165,-7,7
30028,123,110,13,13
30029,73,85,-12,12
30030,105,105,0,0
30031,65,61,4,4
30032,119,126,-7,7
30033,68,62,6,6
30034,64,61,3,3
30035,74,70,4,4
30036,23,33,-10,10
30037,97,92,5,5
30038,124,121,3,3
30039,72,75,-3,3
30040,132,128,4,4
30041,42,53,-11,11
30042,121,110,11,11
30043,89,84,5,5
30044,113,96,17,17
30045,114,107,7,7
30046,57,51,6,6
30047,63,63,0,0
30048,121,118,3,3
30049,144,140,4,4
30050,118,111,7,7
30051,64,67,-3,3
30052,121,115,6,6
30053,135,128,7,7
30054,80,94,-14,14
30055,110,105,5,5
30056,100,95,5,5
30057,94,98,-4,4
30058,83,82,1,1
30059,87,103,-16,16
30060,67,65,2,2
30061,95,106,-11,11
30062,88,75,13,13
30063,93,89,4,4
30064,91,79,12,12
30065,133,125,8,8
30066,77,95,-18,18
30067,106,112,-6,6
30068,53,59,-6,6
30069,89,100,-11,11
30070,154,137,17,17
30071,98,102,-4,4
30072,54,77,-23,23
30073,79,80,-1,1
30074,115,108,7,7
30075,135,138,-3,3
30076,81,80,1,1
30077,56,70,-14,14
30078,54,61,-7,7
30079,73,65,8,8
30080,80,90,-10,10
30081,114,106,8,8
30082,170,179,-9,9
30083,124,114,10,10
30084,63,55,8,8
30085,93,105,-12,12
30086,77,75,2,2
30087,178,183,-5,5
30088,67,66,1,1
30089,72,68,4,4
30090,60,63,-3,3
30091,64,60,4,4
30092,85,80,5,5
30093,158,146,12,12
30094,124,109,15,15
30095,70,106,-36,36
30096,61,61,0,0
30097,110,118,-8,8
30098,94,98,-4,4
30099,161,142,19,19
30100,98,93,5,5
30101,165,161,4,4
30102,82,84,-2,2
30103,102,111,-9,9
30104,105,108,-3,3
30105,85,97,-12,12
30106,106,111,-5,5
30107,91,109,-18,18
30108,86,88,-2,2
30109,44,49,-5,5
30110,96,103,-7,7
30111,114,113,1,1
30112,83,82,1,1
30113,24,38,-14,14
30114,75,79,-4,4
30115,140,146,-6,6
30116,46,52,-6,6
30117,80,88,-8,8
30118,82,101,-19,19
30119,125,124,1,1
30120,56,54,2,2
30121,76,75,1,1
30122,44,42,2,2
30123,102,84,18,18
30124,146,147,-1,1
30125,46,45,1,1
30126,80,82,-2,2
30127,117,124,-7,7
30128,85,83,2,2
30129,60,57,3,3
30130,81,87,-6,6
30131,42,49,-7,7
30132,79,89,-10,10
30133,98,88,10,10
30134,110,100,10,10
30135,74,63,11,11
30136,54,55,-1,1
30137,113,117,-4,4
30138,78,92,-14,14
30139,52,44,8,8
30140,449,440,9,9
30141,121,119,2,2
30142,68,54,14,14
30143,35,52,-17,17
30144,36,39,-3,3
30145,81,84,-3,3
30146,155,152,3,3
30147,207,194,13,13
30148,105,110,-5,5
30149,66,62,4,4
30150,105,91,14,14
30151,63,53,10,10
30152,97,92,5,5
30153,114,104,10,10
30154,69,63,6,6
30155,181,180,1,1
30156,58,66,-8,8
30157,56,59,-3,3
30158,41,46,-5,5
30159,61,67,-6,6
30160,108,114,-6,6
30161,113,101,12,12
30162,46,40,6,6
30163,85,81,4,4
30164,109,110,-1,1
30165,144,145,-1,1
30166,45,74,-29,29
30167,56,55,1,1
30168,71,66,5,5
30169,83,81,2,2
30170,72,71,1,1
30171,92,73,19,19
30172,97,102,-5,5
30173,52,55,-3,3
30174,135,143,-8,8
30175,69,68,1,1
30176,88,89,-1,1
30177,79,72,7,7
30178,74,72,2,2
30179,74,73,1,1
30180,102,105,-3,3
30181,154,143,11,11
30182,225,217,8,8
30183,98,111,-13,13
30184,77,75,2,2
30185,164,151,13,13
30186,144,112,32,32
30187,75,63,12,12
30188,142,157,-15,15
30189,115,114,1,1
30190,81,77,4,4
30191,103,105,-2,2
30192,94,108,-14,14
30193,76,117,-41,41
30194,50,57,-7,7
30195,108,118,-10,10
30196,146,140,6,6
30197,90,87,3,3
30198,129,124,5,5
30199,74,89,-15,15
30200,105,101,4,4
30201,91,87,4,4
30202,121,124,-3,3
30203,109,95,14,14
30204,85,97,-12,12
30205,111,123,-12,12
30206,136,131,5,5
30207,74,69,5,5
30208,89,94,-5,5
30209,102,98,4,4
30210,63,55,8,8
30211,113,114,-1,1
30212,92,78,14,14
30213,87,87,0,0
30214,98,88,10,10
30215,111,109,2,2
30216,116,104,12,12
30217,133,143,-10,10
30218,160,148,12,12
30219,86,81,5,5
30220,132,129,3,3
30221,110,110,0,0
30222,53,47,6,6
30223,95,95,0,0
30224,88,86,2,2
30225,56,58,-2,2
30226,75,70,5,5
30227,76,70,6,6
30228,47,53,-6,6
30229,96,86,10,10
30230,39,60,-21,21
30231,159,144,15,15
30232,61,60,1,1
30233,53,51,2,2
30234,84,84,0,0
30235,85,79,6,6
30236,82,89,-7,7
30237,88,91,-3,3
30238,87,75,12,12
30239,111,110,1,1
30240,161,135,26,26
30241,131,133,-2,2
30242,89,75,14,14
30243,156,153,3,3
30244,61,64,-3,3
30245,94,101,-7,7
30246,102,84,18,18
30247,167,174,-7,7
30248,182,171,11,11
30249,59,54,5,5
30250,162,149,13,13
30251,132,127,5,5
30252,66,61,5,5
30253,88,87,1,1
30254,106,86,20,20
30255,59,61,-2,2
30256,86,95,-9,9
30257,45,50,-5,5
30258,42,46,-4,4
30259,54,58,-4,4
30260,79,85,-6,6
30261,139,147,-8,8
30262,98,103,-5,5
30263,113,109,4,4
30264,87,85,2,2
30265,55,55,0,0
30266,47,44,3,3
30267,93,101,-8,8
30268,55,57,-2,2
30269,113,134,-21,21
30270,87,74,13,13
30271,138,141,-3,3
30272,106,85,21,21
30273,76,80,-4,4
30274,89,87,2,2
30275,90,85,5,5
30276,119,114,5,5
30277,106,108,-2,2
30278,89,86,3,3
30279,80,80,0,0
30280,77,72,5,5
30281,138,123,15,15
30282,99,91,8,8
30283,70,74,-4,4
30284,107,97,10,10
30285,64,65,-1,1
30286,123,130,-7,7
30287,75,78,-3,3
30288,46,55,-9,9
30289,94,91,3,3
30290,68,60,8,8
30291,116,122,-6,6
30292,68,74,-6,6
30293,42,42,0,0
30294,74,72,2,2
30295,102,106,-4,4
30296,111,108,3,3
30297,102,112,-10,10
30298,155,180,-25,25
30299,97,102,-5,5
30300,75,77,-2,2
30301,158,172,-14,14
30302,66,60,6,6
30303,72,74,-2,2
30304,197,163,34,34
30305,133,111,22,22
30306,103,111,-8,8
30307,119,116,3,3
30308,88,88,0,0
30309,56,60,-4,4
30310,59,62,-3,3
30311,73,85,-12,12
30312,100,91,9,9
30313,83,78,5,5
30314,104,100,4,4
30315,91,93,-2,2
30316,86,83,3,3
30317,62,55,7,7
30318,90,98,-8,8
30319,79,81,-2,2
30320,127,117,10,10
30321,108,115,-7,7
30322,38,63,-25,25
30323,63,81,-18,18
30324,55,50,5,5
30325,111,89,22,22
30326,53,67,-14,14
30327,77,70,7,7
30328,143,148,-5,5
30329,136,130,6,6
30330,47,53,-6,6
30331,85,78,7,7
30332,96,82,14,14
30333,87,82,5,5
30334,87,79,8,8
30335,144,130,14,14
30336,105,88,17,17
30337,96,96,0,0
30338,78,83,-5,5
30339,140,157,-17,17
30340,69,61,8,8
30341,41,53,-12,12
30342,73,79,-6,6
30343,75,81,-6,6
30344,54,54,0,0
30345,71,75,-4,4
30346,92,97,-5,5
30347,78,88,-10,10
30348,106,100,6,6
30349,77,75,2,2
30350,74,80,-6,6
30351,59,56,3,3
30352,94,95,-1,1
30353,86,80,6,6
30354,102,110,-8,8
30355,87,91,-4,4
30356,121,122,-1,1
30357,75,66,9,9
30358,108,110,-2,2
30359,174,158,16,16
30360,119,112,7,7
30361,84,106,-22,22
30362,98,96,2,2
30363,84,91,-7,7
30364,89,81,8,8
30365,87,82,5,5
30366,43,61,-18,18
30367,95,105,-10,10
30368,62,60,2,2
30369,97,102,-5,5
30370,110,109,1,1
30371,102,109,-7,7
30372,95,99,-4,4
30373,84,89,-5,5
30374,88,84,4,4
30375,101,100,1,1
30376,154,155,-1,1
30377,159,162,-3,3
30378,103,90,13,13
30379,75,77,-2,2
30380,119,107,12,12
30381,27,31,-4,4
30382,77,79,-2,2
30383,169,156,13,13
30384,151,153,-2,2
30385,72,67,5,5
30386,145,123,22,22
30387,62,71,-9,9
30388,52,68,-16,16
30389,69,75,-6,6
30390,74,69,5,5
30391,102,77,25,25
30392,91,93,-2,2
30393,93,87,6,6
30394,81,76,5,5
30395,137,136,1,1
30396,157,159,-2,2
30397,48,39,9,9
30398,122,127,-5,5
30399,64,59,5,5
30400,175,171,4,4
30401,74,63,11,11
30402,47,49,-2,2
30403,103,103,0,0
30404,88,88,0,0
30405,64,74,-10,10
30406,94,89,5,5
30407,111,113,-2,2
30408,209,183,26,26
30409,80,76,4,4
30410,108,110,-2,2
30411,103,98,5,5
30412,93,118,-25,25
30413,86,84,2,2
30414,105,103,2,2
30415,110,104,6,6
30416,82,84,-2,2
30417,69,65,4,4
30418,43,42,1,1
30419,74,78,-4,4
30420,131,120,11,11
30421,137,137,0,0
30422,110,107,3,3
30423,61,54,7,7
30424,90,82,8,8
30425,78,79,-1,1
30426,82,82,0,0
30427,82,84,-2,2
30428,66,71,-5,5
30429,136,139,-3,3
30430,112,94,18,18
30431,71,71,0,0
30432,114,112,2,2
30433,105,153,-48,48
30434,93,79,14,14
30435,122,130,-8,8
30436,167,171,-4,4
30437,67,63,4,4
30438,62,87,-25,25
30439,116,115,1,1
30440,120,109,11,11
30441,126,122,4,4
30442,110,108,2,2
30443,85,86,-1,1
30444,124,138,-14,14
30445,129,133,-4,4
30446,99,118,-19,19
30447,172,162,10,10
30448,76,74,2,2
30449,64,68,-4,4
30450,138,133,5,5
30451,59,54,5,5
30452,123,121,2,2
30453,140,109,31,31
30454,67,65,2,2
30455,211,199,12,12
30456,155,146,9,9
30457,84,99,-15,15
30458,125,123,2,2
30459,72,75,-3,3
30460,121,125,-4,4
30461,121,129,-8,8
30462,141,152,-11,11
30463,67,68,-1,1
30464,73,90,-17,17
30465,107,115,-8,8
30466,72,61,11,11
30467,65,68,-3,3
30468,82,74,8,8
30469,87,75,12,12
30470,87,80,7,7
30471,52,51,1,1
30472,84,78,6,6
30473,81,75,6,6
30474,75,88,-13,13
30475,126,126,0,0
30476,45,56,-11,11
30477,48,49,-1,1
30478,77,77,0,0
30479,150,137,13,13
30480,100,100,0,0
30481,128,124,4,4
30482,86,80,6,6
30483,72,63,9,9
30484,108,93,15,15
30485,61,53,8,8
30486,121,125,-4,4
30487,132,134,-2,2
30488,112,107,5,5
30489,148,146,2,2
30490,89,102,-13,13
30491,47,54,-7,7
30492,75,77,-2,2
30493,113,123,-10,10
30494,82,79,3,3
30495,82,82,0,0
30496,155,148,7,7
30497,114,105,9,9
30498,85,87,-2,2
30499,97,99,-2,2
30500,117,109,8,8
30501,57,69,-12,12
30502,121,122,-1,1
30503,50,49,1,1
30504,32,48,-16,16
30505,126,124,2,2
30506,85,93,-8,8
30507,45,59,-14,14
30508,105,108,-3,3
30509,84,86,-2,2
30510,99,89,10,10
30511,129,89,40,40
30512,115,115,0,0
30513,127,135,-8,8
30514,42,67,-25,25
30515,86,85,1,1
30516,106,108,-2,2
30517,108,111,-3,3
30518,143,144,-1,1
30519,98,108,-10,10
30520,131,107,24,24
30521,117,117,0,0
30522,82,79,3,3
30523,79,81,-2,2
30524,58,60,-2,2
30525,96,87,9,9
30526,105,91,14,14
30527,103,111,-8,8
30528,72,87,-15,15
30529,108,120,-12,12
30530,155,149,6,6
30531,164,153,11,11
30532,60,57,3,3
30533,130,125,5,5
30534,123,115,8,8
30535,104,108,-4,4
30536,79,73,6,6
30537,136,138,-2,2
30538,130,133,-3,3
30539,135,120,15,15
30540,77,71,6,6
30541,136,137,-1,1
30542,107,84,23,23
30543,127,105,22,22
30544,116,118,-2,2
30545,132,129,3,3
30546,88,77,11,11
30547,74,78,-4,4
30548,71,76,-5,5
30549,53,54,-1,1
30550,57,54,3,3
30551,189,184,5,5
30552,49,46,3,3
30553,124,127,-3,3
30554,127,126,1,1
30555,45,58,-13,13
30556,110,116,-6,6
30557,104,100,4,4
30558,82,82,0,0
30559,133,131,2,2
30560,229,199,30,30
30561,64,59,5,5
30562,107,96,11,11
30563,109,97,12,12
30564,174,169,5,5
30565,176,174,2,2
30566,101,91,10,10
30567,113,108,5,5
30568,139,133,6,6
30569,56,57,-1,1
30570,75,68,7,7
30571,89,85,4,4
30572,34,45,-11,11
30573,130,125,5,5
30574,81,74,7,7
30575,103,106,-3,3
30576,99,103,-4,4
30577,136,139,-3,3
30578,37,35,2,2
30579,82,84,-2,2
30580,125,127,-2,2
30581,121,115,6,6
30582,94,89,5,5
30583,67,62,5,5
30584,110,108,2,2
30585,82,78,4,4
30586,106,125,-19,19
30587,154,153,1,1
30588,97,88,9,9
30589,65,64,1,1
30590,81,83,-2,2
30591,53,60,-7,7
30592,123,121,2,2
30593,123,110,13,13
30594,60,55,5,5
30595,59,59,0,0
30596,71,100,-29,29
30597,154,148,6,6
30598,89,85,4,4
30599,89,77,12,12
30600,95,84,11,11
30601,78,74,4,4
30602,79,80,-1,1
30603,132,132,0,0
30604,124,122,2,2
30605,125,117,8,8
30606,73,70,3,3
30607,109,114,-5,5
30608,84,77,7,7
30609,114,117,-3,3
30610,98,101,-3,3
30611,229,200,29,29
30612,118,107,11,11
30613,105,104,1,1
30614,56,62,-6,6
30615,86,84,2,2
30616,72,72,0,0
30617,144,167,-23,23
30618,151,145,6,6
30619,91,89,2,2
30620,134,143,-9,9
30621,142,140,2,2
30622,119,118,1,1
30623,115,110,5,5
30624,122,124,-2,2
30625,121,100,21,21
30626,145,156,-11,11
30627,151,156,-5,5
30628,99,92,7,7
30629,90,89,1,1
30630,115,145,-30,30
30631,65,79,-14,14
30632,90,89,1,1
30633,78,81,-3,3
30634,65,68,-3,3
30635,77,76,1,1
30636,64,60,4,4
30637,204,196,8,8
30638,134,145,-11,11
30639,144,134,10,10
30640,127,128,-1,1
30641,88,75,13,13
30642,61,57,4,4
30643,118,117,1,1
30644,91,90,1,1
30645,143,107,36,36
30646,166,148,18,18
30647,77,72,5,5
30648,97,99,-2,2
30649,97,95,2,2
30650,98,82,16,16
30651,71,73,-2,2
30652,77,70,7,7
30653,145,136,9,9
30654,127,125,2,2
30655,144,142,2,2
30656,128,117,11,11
30657,148,145,3,3
30658,67,64,3,3
30659,147,150,-3,3
30660,85,86,-1,1
30661,98,97,1,1
30662,72,69,3,3
30663,74,77,-3,3
30664,111,111,0,0
30665,80,75,5,5
30666,73,71,2,2
30667,79,80,-1,1
30668,90,74,16,16
30669,104,94,10,10
30670,70,68,2,2
30671,99,98,1,1
30672,64,64,0,0
30673,68,71,-3,3
30674,96,87,9,9
30675,44,56,-12,12
30676,84,81,3,3
30677,81,70,11,11
30678,152,150,2,2
30679,69,73,-4,4
30680,86,99,-13,13
30681,89,97,-8,8
30682,151,145,6,6
30683,80,89,-9,9
30684,97,110,-13,13
30685,55,47,8,8
30686,126,115,11,11
30687,110,125,-15,15
30688,112,123,-11,11
30689,156,136,20,20
30690,52,57,-5,5
30691,88,91,-3,3
30692,98,104,-6,6
30693,131,124,7,7
30694,114,107,7,7
30695,154,157,-3,3
30696,52,57,-5,5
30697,134,143,-9,9
30698,60,54,6,6
30699,68,63,5,5
30700,119,122,-3,3
30701,61,69,-8,8
30702,94,100,-6,6
30703,98,107,-9,9
30704,103,114,-11,11
30705,120,121,-1,1
30706,97,88,9,9
30707,126,114,12,12
30708,103,99,4,4
30709,97,98,-1,1
30710,89,83,6,6
30711,69,65,4,4
30712,58,71,-13,13
30713,109,108,1,1
30714,91,73,18,18
30715,76,69,7,7
30716,206,186,20,20
30717,109,97,12,12
30718,167,166,1,1
30719,124,121,3,3
30720,68,66,2,2
30721,162,137,25,25
30722,92,83,9,9
30723,160,165,-5,5
30724,107,97,10,10
30725,104,81,23,23
30726,72,67,5,5
30727,59,60,-1,1
30728,102,96,6,6
30729,110,111,-1,1
30730,71,69,2,2
30731,96,83,13,13
30732,117,113,4,4
30733,67,66,1,1
30734,64,74,-10,10
30735,111,96,15,15
30736,54,47,7,7
30737,70,69,1,1
30738,89,83,6,6
30739,125,134,-9,9
30740,81,80,1,1
30741,132,121,11,11
30742,122,124,-2,2
30743,83,91,-8,8
30744,49,61,-12,12
30745,134,118,16,16
30746,86,85,1,1
30747,87,81,6,6
30748,113,101,12,12
30749,147,148,-1,1
30750,57,87,-30,30
30751,81,74,7,7
30752,84,95,-11,11
30753,130,121,9,9
30754,103,91,12,12
30755,57,61,-4,4
30756,58,61,-3,3
30757,147,125,22,22
30758,136,133,3,3
30759,78,81,-3,3
30760,92,85,7,7
30761,69,69,0,0
30762,151,138,13,13
30763,155,158,-3,3
30764,80,83,-3,3
30765,71,63,8,8
30766,113,183,-70,70
30767,129,115,14,14
30768,113,110,3,3
30769,82,87,-5,5
30770,69,64,5,5
30771,95,94,1,1
30772,86,83,3,3
30773,86,69,17,17
30774,73,66,7,7
30775,84,85,-1,1
30776,99,98,1,1
30777,159,145,14,14
30778,94,93,1,1
30779,93,91,2,2
30780,52,51,1,1
30781,92,96,-4,4
30782,77,86,-9,9
30783,83,87,-4,4
30784,145,154,-9,9
30785,89,86,3,3
30786,98,93,5,5
30787,128,135,-7,7
30788,70,80,-10,10
30789,85,83,2,2
30790,94,93,1,1
30791,63,67,-4,4
30792,120,96,24,24
30793,93,100,-7,7
30794,113,107,6,6
30795,164,169,-5,5
30796,121,114,7,7
30797,61,57,4,4
30798,100,144,-44,44
30799,67,56,11,11
30800,107,103,4,4
30801,56,64,-8,8
30802,79,83,-4,4
30803,116,144,-28,28
30804,139,140,-1,1
30805,112,125,-13,13
30806,92,85,7,7
30807,108,108,0,0
30808,124,118,6,6
30809,158,162,-4,4
30810,106,86,20,20
30811,132,132,0,0
30812,100,106,-6,6
30813,64,96,-32,32
30814,128,129,-1,1
30815,53,42,11,11
30816,54,49,5,5
30817,81,82,-1,1
30818,67,70,-3,3
30819,97,109,-12,12
30820,129,110,19,19
30821,122,103,19,19
30822,139,133,6,6
30823,44,49,-5,5
30824,131,134,-3,3
30825,67,66,1,1
30826,115,115,0,0
30827,53,57,-4,4
30828,84,78,6,6
30829,124,124,0,0
30830,74,60,14,14
30831,104,106,-2,2
30832,70,70,0,0
30833,112,105,7,7
30834,90,76,14,14
30835,83,102,-19,19
30836,71,67,4,4
30837,81,82,-1,1
30838,124,143,-19,19
30839,161,164,-3,3
30840,52,55,-3,3
30841,78,84,-6,6
30842,57,49,8,8
30843,113,113,0,0
30844,105,92,13,13
30845,119,117,2,2
30846,48,56,-8,8
30847,123,124,-1,1
30848,96,93,3,3
30849,124,116,8,8
30850,129,127,2,2
30851,125,123,2,2
30852,104,110,-6,6
30853,117,116,1,1
30854,151,148,3,3
30855,125,122,3,3
30856,87,97,-10,10
30857,71,67,4,4
30858,58,60,-2,2
30859,127,123,4,4
30860,143,126,17,17
30861,78,72,6,6
30862,114,129,-15,15
30863,49,50,-1,1
30864,86,87,-1,1
30865,81,84,-3,3
30866,85,79,6,6
30867,158,130,28,28
30868,57,59,-2,2
30869,109,104,5,5
30870,95,92,3,3
30871,45,45,0,0
30872,76,85,-9,9
30873,83,78,5,5
30874,100,108,-8,8
30875,65,73,-8,8
30876,76,73,3,3
30877,47,61,-14,14
30878,70,66,4,4
30879,157,159,-2,2
30880,204,180,24,24
30881,88,83,5,5
30882,93,84,9,9
30883,53,61,-8,8
30884,97,101,-4,4
30885,84,87,-3,3
30886,66,69,-3,3
30887,73,70,3,3
30888,64,61,3,3
30889,102,97,5,5
30890,56,60,-4,4
30891,73,73,0,0
30892,78,72,6,6
30893,64,73,-9,9
30894,89,89,0,0
30895,108,108,0,0
30896,79,69,10,10
30897,99,106,-7,7
30898,104,100,4,4
30899,174,159,15,15
30900,76,77,-1,1
30901,67,87,-20,20
30902,103,97,6,6
30903,72,68,4,4
30904,65,78,-13,13
30905,79,88,-9,9
30906,39,65,-26,26
30907,42,42,0,0
30908,43,51,-8,8
30909,130,126,4,4
30910,56,54,2,2
30911,67,68,-1,1
30912,61,66,-5,5
30913,79,72,7,7
30914,122,95,27,27
30915,121,120,1,1
30916,87,77,10,10
30917,95,98,-3,3
30918,76,72,4,4
30919,98,80,18,18
30920,149,147,2,2
30921,37,45,-8,8
30922,91,82,9,9
30923,99,96,3,3
30924,64,65,-1,1
30925,113,116,-3,3
30926,82,83,-1,1
30927,71,72,-1,1
30928,103,106,-3,3
30929,58,65,-7,7
30930,112,98,14,14
30931,61,59,2,2
30932,60,65,-5,5
30933,118,120,-2,2
30934,48,67,-19,19
30935,86,72,14,14
30936,61,66,-5,5
30937,123,110,13,13
30938,151,151,0,0
30939,50,48,2,2
30940,123,129,-6,6
30941,186,188,-2,2
30942,59,62,-3,3
30943,141,137,4,4
30944,130,151,-21,21
30945,83,73,10,10
30946,63,59,4,4
30947,168,159,9,9
30948,88,92,-4,4
30949,49,61,-12,12
30950,47,51,-4,4
30951,81,82,-1,1
30952,176,154,22,22
30953,58,64,-6,6
30954,48,42,6,6
30955,117,120,-3,3
30956,115,103,12,12
30957,120,118,2,2
30958,90,83,7,7
30959,46,51,-5,5
30960,113,127,-14,14
30961,64,65,-1,1
30962,126,119,7,7
30963,153,139,14,14
30964,114,106,8,8
30965,182,187,-5,5
30966,114,117,-3,3
30967,91,89,2,2
30968,116,99,17,17
30969,135,124,11,11
30970,70,68,2,2
30971,80,69,11,11
30972,50,56,-6,6
30973,90,89,1,1
30974,50,51,-1,1
30975,144,114,30,30
30976,77,83,-6,6
30977,81,80,1,1
30978,41,44,-3,3
30979,80,80,0,0
30980,97,93,4,4
30981,65,57,8,8
30982,70,67,3,3
30983,176,182,-6,6
30984,143,146,-3,3
30985,79,77,2,2
30986,122,118,4,4
30987,135,119,16,16
30988,85,85,0,0
30989,50,62,-12,12
30990,88,79,9,9
30991,120,112,8,8
30992,134,129,5,5
30993,74,76,-2,2
30994,86,91,-5,5
30995,95,87,8,8
30996,56,59,-3,3
30997,92,94,-2,2
30998,86,90,-4,4
30999,70,85,-15,15
31000,81,82,-1,1
31001,113,110,3,3
31002,99,97,2,2
31003,77,79,-2,2
31004,31,42,-11,11
31005,99,90,9,9
31006,85,79,6,6
31007,80,83,-3,3
31008,92,88,4,4
31009,56,57,-1,1
31010,139,145,-6,6
31011,51,51,0,0
31012,36,44,-8,8
31013,126,120,6,6
31014,76,75,1,1
31015,96,108,-12,12
31016,87,87,0,0
31017,117,118,-1,1
31018,102,104,-2,2
31019,89,88,1,1
31020,107,81,26,26
31021,79,77,2,2
31022,89,89,0,0
31023,67,56,11,11
31024,114,111,3,3
31025,69,67,2,2
31026,115,87,28,28
31027,168,175,-7,7
31028,84,90,-6,6
31029,79,58,21,21
31030,133,130,3,3
31031,123,110,13,13
31032,102,108,-6,6
31033,123,113,10,10
31034,97,96,1,1
31035,89,83,6,6
31036,92,94,-2,2
31037,171,148,23,23
31038,72,63,9,9
31039,92,100,-8,8
31040,54,55,-1,1
31041,113,112,1,1
31042,110,94,16,16
31043,64,61,3,3
31044,64,60,4,4
31045,69,54,15,15
31046,81,76,5,5
31047,101,104,-3,3
31048,92,101,-9,9
31049,85,90,-5,5
31050,58,51,7,7
31051,124,123,1,1
31052,81,74,7,7
31053,108,101,7,7
31054,93,87,6,6
31055,70,65,5,5
31056,119,90,29,29
31057,65,73,-8,8
31058,90,76,14,14
31059,53,51,2,2
31060,73,75,-2,2
31061,52,62,-10,10
31062,97,104,-7,7
31063,118,125,-7,7
31064,95,91,4,4
31065,89,86,3,3
31066,66,59,7,7
31067,75,82,-7,7
31068,107,101,6,6
31069,63,53,10,10
31070,148,137,11,11
31071,110,113,-3,3
31072,96,95,1,1
31073,123,130,-7,7
31074,123,111,12,12
31075,106,92,14,14
31076,101,92,9,9
31077,105,102,3,3
31078,94,100,-6,6
31079,53,68,-15,15
31080,53,67,-14,14
31081,116,123,-7,7
31082,122,127,-5,5
31083,96,106,-10,10
31084,117,117,0,0
31085,105,98,7,7
31086,74,70,4,4
31087,43,51,-8,8
31088,110,114,-4,4
31089,71,65,6,6
31090,72,70,2,2
31091,109,105,4,4
31092,142,141,1,1
31093,69,63,6,6
31094,127,136,-9,9
31095,113,117,-4,4
31096,61,57,4,4
31097,108,113,-5,5
31098,83,73,10,10
31099,58,61,-3,3
31100,107,108,-1,1
31101,108,131,-23,23
31102,97,94,3,3
31103,101,86,15,15
31104,101,103,-2,2
31105,123,116,7,7
31106,68,68,0,0
31107,89,78,11,11
31108,47,44,3,3
31109,128,117,11,11
31110,117,116,1,1
31111,94,85,9,9
31112,111,102,9,9
31113,51,50,1,1
31114,65,80,-15,15
31115,79,95,-16,16
31116,140,142,-2,2
31117,152,141,11,11
31118,108,111,-3,3
31119,115,104,11,11
31120,78,89,-11,11
31121,100,102,-2,2
31122,69,69,0,0
31123,127,122,5,5
31124,64,58,6,6
31125,148,147,1,1
31126,105,95,10,10
31127,123,120,3,3
31128,56,55,1,1
31129,60,69,-9,9
31130,100,93,7,7
31131,77,96,-19,19
31132,89,101,-12,12
31133,63,66,-3,3
31134,70,70,0,0
31135,74,69,5,5
31136,74,81,-7,7
31137,149,124,25,25
31138,60,61,-1,1
31139,115,174,-59,59
31140,65,64,1,1
31141,95,92,3,3
31142,126,142,-16,16
31143,84,91,-7,7
31144,114,101,13,13
31145,130,119,11,11
31146,117,102,15,15
31147,135,142,-7,7
31148,110,116,-6,6
31149,74,64,10,10
31150,91,117,-26,26
31151,102,95,7,7
31152,76,84,-8,8
31153,81,92,-11,11
31154,117,110,7,7
31155,58,61,-3,3
31156,52,66,-14,14
31157,44,61,-17,17
31158,126,132,-6,6
31159,102,99,3,3
31160,68,59,9,9
31161,96,108,-12,12
31162,116,101,15,15
31163,96,94,2,2
31164,44,56,-12,12
31165,49,48,1,1
31166,109,107,2,2
31167,40,53,-13,13
31168,84,120,-36,36
31169,57,65,-8,8
31170,85,88,-3,3
31171,44,50,-6,6
31172,77,72,5,5
31173,70,79,-9,9
31174,63,60,3,3
31175,75,69,6,6
31176,88,88,0,0
31177,98,86,12,12
31178,66,78,-12,12
31179,78,68,10,10
31180,95,103,-8,8
31181,99,119,-20,20
31182,20,99,-79,79
31183,88,87,1,1
31184,165,164,1,1
31185,127,122,5,5
31186,55,57,-2,2
31187,145,139,6,6
31188,72,66,6,6
31189,84,77,7,7
31190,62,57,5,5
31191,107,106,1,1
31192,113,97,16,16
31193,64,68,-4,4
31194,132,111,21,21
31195,80,93,-13,13
31196,64,60,4,4
31197,58,64,-6,6
31198,53,67,-14,14
31199,101,94,7,7
31200,97,88,9,9
31201,93,93,0,0
31202,87,75,12,12
31203,78,73,5,5
31204,70,58,12,12
31205,119,82,37,37
31206,66,66,0,0
31207,82,92,-10,10
31208,117,102,15,15
31209,106,99,7,7
31210,79,77,2,2
31211,129,164,-35,35
31212,95,85,10,10
31213,66,76,-10,10
31214,63,55,8,8
31215,128,114,14,14
31216,86,72,14,14
31217,87,93,-6,6
31218,115,97,18,18
31219,126,128,-2,2
31220,66,98,-32,32
31221,138,142,-4,4
31222,118,103,15,15
31223,105,101,4,4
31224,59,62,-3,3
31225,51,56,-5,5
31226,45,62,-17,17
31227,79,80,-1,1
31228,103,94,9,9
31229,86,117,-31,31
31230,63,54,9,9
31231,104,103,1,1
31232,144,137,7,7
31233,160,159,1,1
31234,55,59,-4,4
31235,83,95,-12,12
31236,104,97,7,7
31237,61,69,-8,8
31238,92,102,-10,10
31239,72,71,1,1
31240,103,96,7,7
31241,192,176,16,16
31242,89,84,5,5
31243,76,68,8,8
31244,70,74,-4,4
31245,81,70,11,11
31246,96,92,4,4
31247,120,114,6,6
31248,88,81,7,7
31249,81,76,5,5
31250,91,94,-3,3
31251,104,90,14,14
31252,71,68,3,3
31253,51,43,8,8
31254,138,131,7,7
31255,88,75,13,13
31256,64,73,-9,9
31257,108,107,1,1
31258,120,118,2,2
31259,78,94,-16,16
31260,158,139,19,19
31261,185,166,19,19
31262,168,174,-6,6
31263,96,97,-1,1
31264,100,78,22,22
31265,48,95,-47,47
31266,80,82,-2,2
31267,49,54,-5,5
31268,108,106,2,2
31269,71,67,4,4
31270,111,109,2,2
31271,75,73,2,2
31272,117,118,-1,1
31273,156,136,20,20
31274,111,103,8,8
31275,108,107,1,1
31276,54,52,2,2
31277,83,88,-5,5
31278,91,79,12,12
31279,53,56,-3,3
31280,46,51,-5,5
31281,39,42,-3,3
31282,97,93,4,4
31283,97,105,-8,8
31284,93,82,11,11
31285,173,164,9,9
31286,76,67,9,9
31287,146,138,8,8
31288,128,136,-8,8
31289,81,76,5,5
31290,90,89,1,1
31291,109,115,-6,6
31292,123,103,20,20
31293,100,104,-4,4
31294,77,86,-9,9
31295,77,76,1,1
31296,109,108,1,1
31297,85,76,9,9
31298,94,87,7,7
31299,57,48,9,9
31300,51,51,0,0
31301,50,63,-13,13
31302,80,78,2,2
31303,73,64,9,9
31304,68,65,3,3
31305,153,142,11,11
31306,120,121,-1,1
31307,99,95,4,4
31308,97,97,0,0
31309,82,78,4,4
31310,85,97,-12,12
31311,84,77,7,7
31312,93,101,-8,8
31313,55,53,2,2
31314,53,54,-1,1
31315,148,139,9,9
31316,115,115,0,0
31317,116,114,2,2
31318,109,93,16,16
31319,72,74,-2,2
31320,85,83,2,2
31321,78,67,11,11
31322,133,127,6,6
31323,89,86,3,3
31324,53,61,-8,8
31325,145,156,-11,11
31326,75,67,8,8
31327,60,52,8,8
31328,71,66,5,5
31329,62,60,2,2
31330,165,159,6,6
31331,51,52,-1,1
31332,146,163,-17,17
31333,64,62,2,2
31334,75,81,-6,6
31335,79,71,8,8
31336,85,84,1,1
31337,100,93,7,7
31338,119,109,10,10
31339,106,112,-6,6
31340,79,83,-4,4
31341,163,163,0,0
31342,121,126,-5,5
31343,66,69,-3,3
31344,114,118,-4,4
31345,77,76,1,1
31346,57,65,-8,8
31347,87,88,-1,1
31348,86,76,10,10
31349,71,73,-2,2
31350,124,120,4,4
31351,65,56,9,9
31352,111,108,3,3
31353,62,65,-3,3
31354,94,80,14,14
31355,76,74,2,2
31356,122,137,-15,15
31357,136,156,-20,20
31358,76,78,-2,2
31359,82,91,-9,9
31360,62,63,-1,1
31361,65,58,7,7
31362,63,68,-5,5
31363,50,45,5,5
31364,56,62,-6,6
31365,80,83,-3,3
31366,95,84,11,11
31367,94,94,0,0
31368,90,76,14,14
31369,116,98,18,18
31370,113,102,11,11
31371,70,66,4,4
31372,31,42,-11,11
31373,70,71,-1,1
31374,72,62,10,10
31375,92,78,14,14
31376,82,78,4,4
31377,58,70,-12,12
31378,104,112,-8,8
31379,75,66,9,9
31380,90,89,1,1
31381,130,122,8,8
31382,126,125,1,1
31383,89,86,3,3
31384,108,104,4,4
31385,51,53,-2,2
31386,132,127,5,5
31387,91,90,1,1
31388,109,121,-12,12
31389,103,118,-15,15
31390,87,76,11,11
31391,123,126,-3,3
31392,109,96,13,13
31393,77,87,-10,10
31394,96,95,1,1
31395,82,81,1,1
31396,111,103,8,8
31397,72,66,6,6
31398,117,110,7,7
31399,117,114,3,3
31400,137,140,-3,3
31401,107,87,20,20
31402,91,91,0,0
31403,110,110,0,0
31404,76,77,-1,1
31405,83,75,8,8
31406,142,141,1,1
31407,97,97,0,0
31408,54,45,9,9
31409,71,72,-1,1
31410,91,99,-8,8
31411,100,104,-4,4
31412,47,48,-1,1
31413,114,100,14,14
31414,65,55,10,10
31415,33,34,-1,1
31416,88,95,-7,7
31417,102,102,0,0
31418,72,84,-12,12
31419,95,89,6,6
31420,100,96,4,4
31421,200,195,5,5
31422,147,132,15,15
31423,98,109,-11,11
31424,111,106,5,5
31425,105,104,1,1
31426,89,83,6,6
31427,108,112,-4,4
31428,35,66,-31,31
31429,54,60,-6,6
31430,124,124,0,0
31431,90,79,11,11
31432,130,130,0,0
31433,138,131,7,7
31434,143,129,14,14
31435,74,72,2,2
31436,47,59,-12,12
31437,64,60,4,4
31438,174,178,-4,4
31439,96,84,12,12
31440,132,131,1,1
31441,66,71,-5,5
31442,105,106,-1,1
31443,128,134,-6,6
31444,99,97,2,2
31445,70,69,1,1
31446,62,54,8,8
31447,78,76,2,2
31448,93,97,-4,4
31449,89,70,19,19
31450,104,103,1,1
31451,74,70,4,4
31452,102,79,23,23
31453,58,51,7,7
31454,89,85,4,4
31455,84,70,14,14
31456,128,116,12,12
31457,91,102,-11,11
31458,80,70,10,10
31459,84,93,-9,9
31460,100,104,-4,4
31461,115,108,7,7
31462,92,92,0,0
31463,155,150,5,5
31464,175,153,22,22
31465,79,74,5,5
31466,70,54,16,16
31467,64,72,-8,8
31468,111,115,-4,4
31469,83,84,-1,1
31470,92,81,11,11
31471,153,146,7,7
31472,138,132,6,6
31473,90,104,-14,14
31474,104,109,-5,5
31475,52,47,5,5
31476,72,74,-2,2
31477,76,75,1,1
31478,69,64,5,5
31479,145,141,4,4
31480,67,65,2,2
31481,79,70,9,9
31482,103,94,9,9
31483,145,151,-6,6
31484,86,82,4,4
31485,112,105,7,7
31486,130,113,17,17
31487,173,164,9,9
31488,75,72,3,3
31489,195,175,20,20
31490,93,87,6,6
31491,102,97,5,5
31492,64,62,2,2
31493,68,61,7,7
31494,58,75,-17,17
31495,93,77,16,16
31496,119,99,20,20
31497,54,45,9,9
31498,72,82,-10,10
31499,82,79,3,3
31500,130,121,9,9
31501,75,70,5,5
31502,73,74,-1,1
31503,72,75,-3,3
31504,243,263,-20,20
31505,62,72,-10,10
31506,79,70,9,9
31507,129,138,-9,9
31508,119,119,0,0
31509,121,122,-1,1
31510,135,131,4,4
31511,64,61,3,3
31512,84,78,6,6
31513,68,73,-5,5
31514,89,83,6,6
31515,59,51,8,8
31516,67,67,0,0
31517,108,109,-1,1
31518,55,55,0,0
31519,161,144,17,17
31520,75,71,4,4
31521,113,111,2,2
31522,102,93,9,9
31523,116,112,4,4
31524,134,135,-1,1
31525,161,134,27,27
31526,122,89,33,33
31527,103,98,5,5
31528,75,75,0,0
31529,162,146,16,16
31530,76,80,-4,4
31531,57,60,-3,3
31532,74,77,-3,3
31533,78,68,10,10
31534,68,57,11,11
31535,101,92,9,9
31536,66,68,-2,2
31537,61,72,-11,11
31538,120,104,16,16
31539,62,59,3,3
31540,149,133,16,16
31541,85,90,-5,5
31542,126,114,12,12
31543,192,188,4,4
31544,94,100,-6,6
31545,69,72,-3,3
31546,99,86,13,13
31547,114,101,13,13
31548,75,70,5,5
31549,113,124,-11,11
31550,165,135,30,30
31551,133,125,8,8
31552,86,92,-6,6
31553,72,65,7,7
31554,97,106,-9,9
31555,113,168,-55,55
31556,110,111,-1,1
31557,119,123,-4,4
31558,60,61,-1,1
31559,72,83,-11,11
31560,110,105,5,5
31561,151,136,15,15
31562,70,51,19,19
31563,89,91,-2,2
31564,112,110,2,2
31565,70,74,-4,4
31566,64,61,3,3
31567,155,157,-2,2
31568,103,102,1,1
31569,115,106,9,9
31570,57,48,9,9
31571,92,103,-11,11
31572,96,83,13,13
31573,61,62,-1,1
31574,144,127,17,17
31575,75,72,3,3
31576,138,133,5,5
31577,103,105,-2,2
31578,118,103,15,15
31579,80,89,-9,9
31580,107,99,8,8
31581,84,76,8,8
31582,87,80,7,7
31583,56,62,-6,6
31584,129,121,8,8
31585,94,87,7,7
31586,72,78,-6,6
31587,193,146,47,47
31588,141,125,16,16
31589,98,103,-5,5
31590,116,120,-4,4
31591,154,147,7,7
31592,116,118,-2,2
31593,75,76,-1,1
31594,107,98,9,9
31595,83,71,12,12
31596,103,114,-11,11
31597,99,94,5,5
31598,109,110,-1,1
31599,95,91,4,4
31600,85,73,12,12
31601,81,78,3,3
31602,112,110,2,2
31603,82,81,1,1
31604,56,54,2,2
31605,64,63,1,1
31606,105,120,-15,15
31607,118,112,6,6
31608,82,85,-3,3
31609,96,94,2,2
31610,69,63,6,6
31611,128,128,0,0
31612,88,96,-8,8
31613,90,87,3,3
31614,141,133,8,8
31615,75,82,-7,7
31616,108,115,-7,7
31617,153,142,11,11
31618,101,97,4,4
31619,76,80,-4,4
31620,86,91,-5,5
31621,49,54,-5,5
31622,130,126,4,4
31623,95,88,7,7
31624,33,42,-9,9
31625,156,162,-6,6
31626,49,50,-1,1
31627,89,79,10,10
31628,86,73,13,13
31629,80,70,10,10
31630,97,90,7,7
31631,59,61,-2,2
31632,153,144,9,9
31633,51,50,1,1
31634,88,81,7,7
31635,145,155,-10,10
31636,165,178,-13,13
31637,74,76,-2,2
31638,80,87,-7,7
31639,101,91,10,10
31640,46,38,8,8
31641,62,63,-1,1
31642,107,87,20,20
31643,66,62,4,4
31644,153,148,5,5
31645,75,71,4,4
31646,49,54,-5,5
31647,120,124,-4,4
31648,131,124,7,7
31649,106,110,-4,4
31650,147,139,8,8
31651,81,86,-5,5
31652,94,99,-5,5
31653,57,56,1,1
31654,61,61,0,0
31655,47,43,4,4
31656,53,50,3,3
31657,117,109,8,8
31658,98,72,26,26
31659,48,44,4,4
31660,190,191,-1,1
31661,68,80,-12,12
31662,106,98,8,8
31663,57,65,-8,8
31664,131,128,3,3
31665,132,123,9,9
31666,74,66,8,8
31667,125,127,-2,2
31668,86,85,1,1
31669,49,51,-2,2
31670,95,79,16,16
31671,67,62,5,5
31672,82,84,-2,2
31673,93,110,-17,17
31674,52,53,-1,1
31675,55,52,3,3
31676,111,104,7,7
31677,73,68,5,5
31678,72,74,-2,2
31679,160,169,-9,9
31680,97,104,-7,7
31681,95,81,14,14
31682,117,94,23,23
31683,67,59,8,8
31684,55,63,-8,8
31685,103,89,14,14
31686,108,108,0,0
31687,82,73,9,9
31688,155,140,15,15
31689,87,79,8,8
31690,88,83,5,5
31691,84,100,-16,16
31692,66,86,-20,20
31693,59,59,0,0
31694,80,72,8,8
31695,120,131,-11,11
31696,92,98,-6,6
31697,36,36,0,0
31698,89,90,-1,1
31699,113,110,3,3
31700,86,103,-17,17
31701,117,137,-20,20
31702,78,71,7,7
31703,72,77,-5,5
31704,76,62,14,14
31705,76,73,3,3
31706,87,90,-3,3
31707,76,101,-25,25
31708,79,72,7,7
31709,51,44,7,7
31710,121,111,10,10
31711,100,87,13,13
31712,83,83,0,0
31713,84,75,9,9
31714,100,103,-3,3
31715,125,105,20,20
31716,73,75,-2,2
31717,59,64,-5,5
31718,79,76,3,3
31719,76,91,-15,15
31720,108,110,-2,2
31721,64,74,-10,10
31722,101,97,4,4
31723,140,124,16,16
31724,89,90,-1,1
31725,72,67,5,5
31726,82,86,-4,4
31727,68,67,1,1
31728,41,45,-4,4
31729,77,77,0,0
31730,150,153,-3,3
31731,121,116,5,5
31732,96,116,-20,20
31733,50,53,-3,3
31734,45,48,-3,3
31735,118,125,-7,7
31736,108,101,7,7
31737,74,80,-6,6
31738,148,143,5,5
31739,109,109,0,0
31740,53,57,-4,4
31741,69,60,9,9
31742,75,84,-9,9
31743,75,87,-12,12
31744,93,87,6,6
31745,36,43,-7,7
31746,62,64,-2,2
31747,139,134,5,5
31748,67,65,2,2
31749,199,197,2,2
31750,61,57,4,4
31751,66,62,4,4
31752,58,55,3,3
31753,58,59,-1,1
31754,98,100,-2,2
31755,65,62,3,3
31756,96,95,1,1
31757,105,106,-1,1
31758,44,51,-7,7
31759,116,112,4,4
31760,87,77,10,10
31761,94,95,-1,1
31762,130,133,-3,3
31763,103,106,-3,3
31764,85,77,8,8
31765,94,104,-10,10
31766,78,77,1,1
31767,120,112,8,8
31768,48,56,-8,8
31769,107,97,10,10
31770,87,91,-4,4
31771,115,112,3,3
31772,122,118,4,4
31773,137,124,13,13
31774,19,37,-18,18
31775,90,95,-5,5
31776,45,45,0,0
31777,53,55,-2,2
31778,132,117,15,15
31779,54,50,4,4
31780,123,133,-10,10
31781,88,104,-16,16
31782,90,85,5,5
31783,112,108,4,4
31784,67,69,-2,2
31785,50,53,-3,3
31786,65,60,5,5
31787,44,50,-6,6
31788,86,89,-3,3
31789,65,61,4,4
31790,80,97,-17,17
31791,128,119,9,9
31792,166,145,21,21
31793,105,93,12,12
31794,77,80,-3,3
31795,113,105,8,8
31796,82,79,3,3
31797,94,96,-2,2
31798,123,120,3,3
31799,118,119,-1,1
31800,159,152,7,7
31801,100,81,19,19
31802,95,90,5,5
31803,128,124,4,4
31804,67,73,-6,6
31805,131,121,10,10
31806,78,77,1,1
31807,58,77,-19,19
31808,126,117,9,9
31809,136,144,-8,8
31810,75,72,3,3
31811,100,90,10,10
31812,52,50,2,2
31813,94,67,27,27
31814,64,72,-8,8
31815,65,71,-6,6
31816,85,83,2,2
31817,100,102,-2,2
31818,134,131,3,3
31819,88,85,3,3
31820,87,82,5,5
31821,112,101,11,11
31822,222,207,15,15
31823,103,97,6,6
31824,131,161,-30,30
31825,143,140,3,3
31826,89,91,-2,2
31827,144,127,17,17
31828,90,86,4,4
31829,117,114,3,3
31830,41,43,-2,2
31831,161,171,-10,10
31832,87,87,0,0
31833,67,66,1,1
31834,89,75,14,14
31835,58,47,11,11
31836,54,56,-2,2
31837,66,62,4,4
31838,62,58,4,4
31839,46,41,5,5
31840,116,115,1,1
31841,146,149,-3,3
31842,153,164,-11,11
31843,110,101,9,9
31844,83,67,16,16
31845,138,128,10,10
31846,117,111,6,6
31847,86,81,5,5
31848,170,167,3,3
31849,96,104,-8,8
31850,57,55,2,2
31851,102,87,15,15
31852,96,97,-1,1
31853,88,82,6,6
31854,117,121,-4,4
31855,83,98,-15,15
31856,94,99,-5,5
31857,68,77,-9,9
31858,81,74,7,7
31859,165,160,5,5
31860,93,81,12,12
31861,169,166,3,3
31862,79,77,2,2
31863,91,81,10,10
31864,96,91,5,5
31865,107,90,17,17
31866,98,90,8,8
31867,81,73,8,8
31868,125,135,-10,10
31869,111,108,3,3
31870,50,53,-3,3
31871,102,95,7,7
31872,94,85,9,9
31873,57,57,0,0
31874,110,106,4,4
31875,89,87,2,2
31876,69,63,6,6
31877,116,115,1,1
31878,135,121,14,14
31879,76,65,11,11
31880,98,86,12,12
31881,72,65,7,7
31882,68,70,-2,2
31883,77,74,3,3
31884,125,137,-12,12
31885,115,106,9,9
31886,136,122,14,14
31887,80,79,1,1
31888,82,82,0,0
31889,76,72,4,4
31890,82,74,8,8
31891,138,126,12,12
31892,108,99,9,9
31893,153,146,7,7
31894,76,72,4,4
31895,100,91,9,9
31896,97,94,3,3
31897,119,120,-1,1
31898,35,42,-7,7
31899,39,40,-1,1
31900,102,101,1,1
31901,93,103,-10,10
31902,122,118,4,4
31903,88,80,8,8
31904,84,82,2,2
31905,207,195,12,12
31906,67,63,4,4
31907,111,112,-1,1
31908,75,65,10,10
31909,112,93,19,19
31910,59,53,6,6
31911,66,64,2,2
31912,161,156,5,5
31913,80,84,-4,4
31914,64,77,-13,13
31915,123,72,51,51
31916,123,119,4,4
31917,144,142,2,2
31918,61,63,-2,2
31919,85,70,15,15
31920,100,91,9,9
31921,100,95,5,5
31922,65,57,8,8
31923,75,68,7,7
31924,104,90,14,14
31925,112,126,-14,14
31926,93,97,-4,4
31927,69,61,8,8
31928,58,64,-6,6
31929,120,103,17,17
31930,131,121,10,10
31931,101,89,12,12
31932,156,155,1,1
31933,83,75,8,8
31934,62,61,1,1
31935,94,94,0,0
31936,87,96,-9,9
31937,182,168,14,14
31938,132,125,7,7
31939,100,109,-9,9
31940,74,70,4,4
31941,57,59,-2,2
31942,95,100,-5,5
31943,64,50,14,14
31944,99,108,-9,9
31945,102,111,-9,9
31946,144,145,-1,1
31947,152,138,14,14
31948,66,63,3,3
31949,57,52,5,5
31950,73,75,-2,2
31951,85,73,12,12
31952,111,101,10,10
31953,78,73,5,5
31954,87,80,7,7
31955,58,55,3,3
31956,125,123,2,2
31957,98,98,0,0
31958,127,123,4,4
31959,125,113,12,12
31960,107,113,-6,6
31961,57,59,-2,2
31962,161,148,13,13
31963,109,103,6,6
31964,110,98,12,12
31965,64,56,8,8
31966,304,302,2,2
31967,75,70,5,5
31968,161,173,-12,12
31969,85,94,-9,9
31970,124,110,14,14
31971,53,46,7,7
31972,98,104,-6,6
31973,124,127,-3,3
31974,67,67,0,0
31975,59,60,-1,1
31976,115,101,14,14
31977,91,80,11,11
31978,108,110,-2,2
31979,82,83,-1,1
31980,104,91,13,13
31981,65,69,-4,4
31982,107,102,5,5
31983,140,142,-2,2
31984,83,80,3,3
31985,128,157,-29,29
31986,65,54,11,11
31987,70,73,-3,3
31988,160,164,-4,4
31989,94,84,10,10
31990,74,66,8,8
31991,99,99,0,0
31992,105,103,2,2
31993,65,71,-6,6
31994,46,52,-6,6
31995,72,70,2,2
31996,53,54,-1,1
31997,110,109,1,1
31998,100,93,7,7
31999,65,62,3,3
32000,102,96,6,6
32001,128,122,6,6
32002,90,81,9,9
32003,139,154,-15,15
32004,145,126,19,19
32005,89,79,10,10
32006,68,72,-4,4
32007,64,61,3,3
32008,79,92,-13,13
32009,86,73,13,13
32010,60,66,-6,6
32011,101,101,0,0
32012,36,48,-12,12
32013,103,101,2,2
32014,52,56,-4,4
32015,152,154,-2,2
32016,80,89,-9,9
32017,142,123,19,19
32018,129,125,4,4
32019,140,109,31,31
32020,49,53,-4,4
32021,147,147,0,0
32022,100,90,10,10
32023,59,64,-5,5
32024,106,108,-2,2
32025,88,87,1,1
32026,86,85,1,1
32027,106,99,7,7
32028,110,109,1,1
32029,43,36,7,7
32030,114,124,-10,10
32031,77,65,12,12
32032,103,103,0,0
32033,125,130,-5,5
32034,65,61,4,4
32035,105,101,4,4
32036,98,113,-15,15
32037,132,152,-20,20
32038,119,117,2,2
32039,80,78,2,2
32040,107,106,1,1
32041,94,79,15,15
32042,59,59,0,0
32043,109,109,0,0
32044,144,148,-4,4
32045,45,50,-5,5
32046,66,55,11,11
32047,122,126,-4,4
32048,88,85,3,3
32049,53,52,1,1
32050,58,61,-3,3
32051,68,69,-1,1
32052,104,92,12,12
32053,129,134,-5,5
32054,55,56,-1,1
32055,80,70,10,10
32056,100,98,2,2
32057,64,71,-7,7
32058,150,147,3,3
32059,80,76,4,4
32060,96,89,7,7
32061,83,78,5,5
32062,39,44,-5,5
32063,112,99,13,13
32064,146,140,6,6
32065,91,101,-10,10
32066,77,86,-9,9
32067,121,120,1,1
32068,113,106,7,7
32069,132,141,-9,9
32070,102,107,-5,5
32071,71,63,8,8
32072,81,77,4,4
32073,60,69,-9,9
32074,112,90,22,22
32075,95,85,10,10
32076,116,114,2,2
32077,85,84,1,1
32078,116,125,-9,9
32079,107,105,2,2
32080,156,140,16,16
32081,84,82,2,2
32082,77,79,-2,2
32083,111,102,9,9
32084,61,81,-20,20
32085,124,126,-2,2
32086,106,93,13,13
32087,116,121,-5,5
32088,64,78,-14,14
32089,108,108,0,0
32090,76,72,4,4
32091,72,70,2,2
32092,75,88,-13,13
32093,66,59,7,7
32094,128,138,-10,10
32095,189,164,25,25
32096,120,121,-1,1
32097,64,64,0,0
32098,141,142,-1,1
32099,96,91,5,5
32100,170,171,-1,1
32101,83,81,2,2
32102,101,103,-2,2
32103,81,90,-9,9
32104,43,40,3,3
32105,150,145,5,5
32106,70,61,9,9
32107,89,86,3,3
32108,115,112,3,3
32109,103,101,2,2
32110,54,63,-9,9
32111,63,60,3,3
32112,127,135,-8,8
32113,96,78,18,18
32114,79,89,-10,10
32115,83,88,-5,5
32116,108,106,2,2
32117,116,115,1,1
32118,121,119,2,2
32119,127,111,16,16
32120,109,108,1,1
32121,96,87,9,9
32122,82,77,5,5
32123,103,123,-20,20
32124,142,147,-5,5
32125,161,150,11,11
32126,126,119,7,7
32127,78,70,8,8
32128,157,167,-10,10
32129,63,63,0,0
32130,64,67,-3,3
32131,90,86,4,4
32132,95,101,-6,6
32133,146,143,3,3
32134,56,62,-6,6
32135,48,51,-3,3
32136,68,72,-4,4
32137,94,91,3,3
32138,87,86,1,1
32139,122,114,8,8
32140,126,105,21,21
32141,55,48,7,7
32142,61,62,-1,1
32143,89,99,-10,10
32144,62,64,-2,2
32145,71,71,0,0
32146,87,91,-4,4
32147,39,41,-2,2
32148,123,103,20,20
32149,79,83,-4,4
32150,109,106,3,3
32151,101,107,-6,6
32152,107,99,8,8
32153,114,107,7,7
32154,81,89,-8,8
32155,167,164,3,3
32156,71,73,-2,2
32157,65,64,1,1
32158,76,68,8,8
32159,94,90,4,4
32160,162,162,0,0
32161,86,97,-11,11
32162,162,162,0,0
32163,50,56,-6,6
32164,109,103,6,6
32165,70,63,7,7
32166,69,79,-10,10
32167,36,50,-14,14
32168,117,104,13,13
32169,104,85,19,19
32170,107,106,1,1
32171,66,62,4,4
32172,98,94,4,4
32173,113,115,-2,2
32174,57,59,-2,2
32175,117,119,-2,2
32176,79,86,-7,7
32177,88,85,3,3
32178,101,100,1,1
32179,98,90,8,8
32180,164,186,-22,22
32181,108,103,5,5
32182,79,76,3,3
32183,77,78,-1,1
32184,81,81,0,0
32185,111,108,3,3
32186,108,102,6,6
32187,104,103,1,1
32188,51,50,1,1
32189,79,93,-14,14
32190,141,132,9,9
32191,105,91,14,14
32192,79,86,-7,7
32193,121,113,8,8
32194,85,93,-8,8
32195,60,62,-2,2
32196,76,67,9,9
32197,66,59,7,7
32198,140,137,3,3
32199,115,97,18,18
32200,135,127,8,8
32201,137,146,-9,9
32202,108,103,5,5
32203,56,60,-4,4
32204,145,142,3,3
32205,107,102,5,5
32206,75,74,1,1
32207,73,78,-5,5
32208,58,59,-1,1
32209,73,60,13,13
32210,100,94,6,6
32211,154,146,8,8
32212,89,79,10,10
32213,86,74,12,12
32214,218,196,22,22
32215,96,93,3,3
32216,72,68,4,4
32217,136,146,-10,10
32218,197,198,-1,1
32219,75,89,-14,14
32220,138,136,2,2
32221,112,119,-7,7
32222,97,97,0,0
32223,50,58,-8,8
32224,144,131,13,13
32225,62,56,6,6
32226,91,94,-3,3
32227,108,110,-2,2
32228,111,114,-3,3
32229,154,148,6,6
32230,84,83,1,1
32231,181,180,1,1
32232,80,82,-2,2
32233,134,124,10,10
32234,78,90,-12,12
32235,243,216,27,27
32236,59,51,8,8
32237,83,74,9,9
32238,76,68,8,8
32239,88,78,10,10
32240,62,58,4,4
32241,81,82,-1,1
32242,127,123,4,4
32243,119,105,14,14
32244,70,78,-8,8
32245,114,102,12,12
32246,91,86,5,5
32247,120,108,12,12
32248,61,54,7,7
32249,73,70,3,3
32250,77,80,-3,3
32251,175,179,-4,4
32252,86,78,8,8
32253,125,120,5,5
32254,109,104,5,5
32255,90,99,-9,9
32256,71,70,1,1
32257,64,87,-23,23
32258,91,78,13,13
32259,116,108,8,8
32260,63,64,-1,1
32261,79,82,-3,3
32262,56,46,10,10
32263,144,144,0,0
32264,130,117,13,13
32265,73,72,1,1
32266,64,51,13,13
32267,146,133,13,13
32268,30,56,-26,26
32269,107,112,-5,5
32270,80,78,2,2
32271,94,106,-12,12
32272,57,53,4,4
32273,85,86,-1,1
32274,157,148,9,9
32275,131,135,-4,4
32276,170,155,15,15
32277,115,119,-4,4
32278,124,113,11,11
32279,83,75,8,8
32280,139,132,7,7
32281,104,102,2,2
32282,54,58,-4,4
32283,117,112,5,5
32284,84,97,-13,13
32285,97,91,6,6
32286,50,49,1,1
32287,57,63,-6,6
32288,84,80,4,4
32289,70,76,-6,6
32290,75,78,-3,3
32291,33,50,-17,17
32292,110,131,-21,21
32293,60,57,3,3
32294,66,64,2,2
32295,121,120,1,1
32296,97,95,2,2
32297,128,109,19,19
32298,82,74,8,8
32299,110,101,9,9
32300,135,140,-5,5
32301,96,94,2,2
32302,79,63,16,16
32303,82,70,12,12
32304,112,99,13,13
32305,119,125,-6,6
32306,113,91,22,22
32307,129,125,4,4
32308,30,43,-13,13
32309,143,150,-7,7
32310,48,55,-7,7
32311,70,66,4,4
32312,66,86,-20,20
32313,117,121,-4,4
32314,49,45,4,4
32315,73,74,-1,1
32316,104,114,-10,10
32317,78,85,-7,7
32318,94,101,-7,7
32319,39,47,-8,8
32320,163,161,2,2
32321,131,134,-3,3
32322,78,80,-2,2
32323,107,111,-4,4
32324,40,44,-4,4
32325,83,76,7,7
32326,88,97,-9,9
32327,104,98,6,6
32328,116,112,4,4
32329,144,134,10,10
32330,93,92,1,1
32331,89,88,1,1
32332,110,101,9,9
32333,62,88,-26,26
32334,100,95,5,5
32335,79,82,-3,3
32336,80,72,8,8
32337,120,119,1,1
32338,84,92,-8,8
32339,88,89,-1,1
32340,132,123,9,9
32341,93,78,15,15
32342,79,80,-1,1
32343,27,35,-8,8
32344,97,92,5,5
32345,167,159,8,8
32346,146,147,-1,1
32347,45,50,-5,5
32348,53,62,-9,9
32349,57,56,1,1
32350,40,45,-5,5
32351,77,80,-3,3
32352,120,115,5,5
32353,87,102,-15,15
32354,189,178,11,11
32355,84,91,-7,7
32356,68,53,15,15
32357,85,88,-3,3
32358,75,83,-8,8
32359,58,53,5,5
32360,67,61,6,6
32361,58,52,6,6
32362,38,35,3,3
32363,63,63,0,0
32364,82,90,-8,8
32365,111,127,-16,16
32366,168,157,11,11
32367,67,63,4,4
32368,92,90,2,2
32369,43,38,5,5
32370,126,115,11,11
32371,94,89,5,5
32372,108,113,-5,5
32373,80,82,-2,2
32374,159,145,14,14
32375,101,77,24,24
32376,71,62,9,9
32377,77,77,0,0
32378,53,63,-10,10
32379,96,100,-4,4
32380,144,130,14,14
32381,96,98,-2,2
32382,120,122,-2,2
32383,91,93,-2,2
32384,57,63,-6,6
32385,95,103,-8,8
32386,114,114,0,0
32387,115,122,-7,7
32388,63,50,13,13
32389,103,95,8,8
32390,213,202,11,11
32391,82,95,-13,13
32392,113,102,11,11
32393,75,75,0,0
32394,122,126,-4,4
32395,82,67,15,15
32396,112,95,17,17
32397,114,111,3,3
32398,62,54,8,8
32399,145,131,14,14
32400,153,168,-15,15
32401,102,85,17,17
32402,65,72,-7,7
32403,79,70,9,9
32404,85,89,-4,4
32405,69,54,15,15
32406,69,74,-5,5
32407,106,95,11,11
32408,73,68,5,5
32409,95,83,12,12
32410,68,71,-3,3
32411,72,67,5,5
32412,71,68,3,3
32413,135,135,0,0
32414,115,107,8,8
32415,75,74,1,1
32416,57,54,3,3
32417,33,49,-16,16
32418,73,78,-5,5
32419,147,146,1,1
32420,100,99,1,1
32421,81,79,2,2
32422,130,125,5,5
32423,63,61,2,2
32424,75,74,1,1
32425,97,100,-3,3
32426,80,87,-7,7
32427,67,68,-1,1
32428,135,134,1,1
32429,48,47,1,1
32430,113,119,-6,6
32431,62,62,0,0
32432,66,62,4,4
32433,62,53,9,9
32434,140,153,-13,13
32435,82,82,0,0
32436,86,88,-2,2
32437,123,127,-4,4
32438,134,136,-2,2
32439,63,62,1,1
32440,142,129,13,13
32441,63,64,-1,1
32442,94,84,10,10
32443,72,74,-2,2
32444,146,135,11,11
32445,90,84,6,6
32446,57,56,1,1
32447,51,55,-4,4
32448,64,69,-5,5
32449,80,80,0,0
32450,105,109,-4,4
32451,109,107,2,2
32452,99,106,-7,7
32453,209,200,9,9
32454,82,70,12,12
32455,49,55,-6,6
32456,72,68,4,4
32457,62,65,-3,3
32458,50,56,-6,6
32459,153,158,-5,5
32460,140,128,12,12
32461,95,87,8,8
32462,81,71,10,10
32463,114,98,16,16
32464,130,134,-4,4
32465,31,37,-6,6
32466,86,79,7,7
32467,100,107,-7,7
32468,58,53,5,5
32469,58,57,1,1
32470,95,84,11,11
32471,121,123,-2,2
32472,83,83,0,0
32473,152,145,7,7
32474,138,142,-4,4
32475,128,137,-9,9
32476,92,97,-5,5
32477,64,78,-14,14
32478,72,76,-4,4
32479,110,114,-4,4
32480,57,57,0,0
32481,99,93,6,6
32482,98,89,9,9
32483,73,88,-15,15
32484,53,53,0,0
32485,55,70,-15,15
32486,61,58,3,3
32487,239,224,15,15
32488,86,89,-3,3
32489,133,115,18,18
32490,80,78,2,2
32491,76,73,3,3
32492,79,70,9,9
32493,140,131,9,9
32494,97,99,-2,2
32495,74,60,14,14
32496,142,135,7,7
32497,82,88,-6,6
32498,62,51,11,11
32499,101,104,-3,3
32500,69,80,-11,11
32501,171,166,5,5
32502,69,69,0,0
32503,72,66,6,6
32504,93,86,7,7
32505,78,76,2,2
32506,68,62,6,6
32507,54,54,0,0
32508,110,113,-3,3
32509,69,77,-8,8
32510,92,88,4,4
32511,65,62,3,3
32512,28,47,-19,19
32513,65,66,-1,1
32514,69,64,5,5
32515,119,103,16,16
32516,78,73,5,5
32517,75,76,-1,1
32518,70,66,4,4
32519,57,67,-10,10
32520,88,88,0,0
32521,80,70,10,10
32522,113,114,-1,1
32523,63,66,-3,3
32524,91,82,9,9
32525,141,121,20,20
32526,88,88,0,0
32527,46,51,-5,5
32528,109,110,-1,1
32529,98,94,4,4
32530,177,174,3,3
32531,142,147,-5,5
32532,56,58,-2,2
32533,166,141,25,25
32534,70,59,11,11
32535,64,61,3,3
32536,70,73,-3,3
32537,66,71,-5,5
32538,104,99,5,5
32539,131,118,13,13
32540,82,82,0,0
32541,65,62,3,3
32542,95,93,2,2
32543,79,67,12,12
32544,86,82,4,4
32545,84,82,2,2
32546,103,93,10,10
32547,77,75,2,2
32548,125,117,8,8
32549,122,123,-1,1
32550,64,58,6,6
32551,95,99,-4,4
32552,79,82,-3,3
32553,67,60,7,7
32554,160,152,8,8
32555,103,106,-3,3
32556,114,114,0,0
32557,74,76,-2,2
32558,123,118,5,5
32559,50,56,-6,6
32560,53,51,2,2
32561,195,198,-3,3
32562,71,64,7,7
32563,171,152,19,19
32564,90,99,-9,9
32565,75,75,0,0
32566,84,89,-5,5
32567,86,104,-18,18
32568,101,103,-2,2
32569,131,121,10,10
32570,159,139,20,20
32571,52,65,-13,13
32572,119,107,12,12
32573,85,79,6,6
32574,97,94,3,3
32575,73,72,1,1
32576,54,60,-6,6
32577,73,69,4,4
32578,127,121,6,6
32579,164,159,5,5
32580,104,92,12,12
32581,57,58,-1,1
32582,40,48,-8,8
32583,103,104,-1,1
32584,149,142,7,7
32585,105,100,5,5
32586,184,167,17,17
32587,74,67,7,7
32588,145,129,16,16
32589,74,80,-6,6
32590,83,91,-8,8
32591,82,74,8,8
32592,85,88,-3,3
32593,133,139,-6,6
32594,68,71,-3,3
32595,56,70,-14,14
32596,183,176,7,7
32597,66,67,-1,1
32598,115,126,-11,11
32599,86,79,7,7
32600,64,77,-13,13
32601,41,40,1,1
32602,97,116,-19,19
32603,76,72,4,4
32604,64,64,0,0
32605,67,70,-3,3
32606,92,85,7,7
32607,86,82,4,4
32608,86,81,5,5
32609,114,112,2,2
32610,134,119,15,15
32611,80,75,5,5
32612,151,176,-25,25
32613,99,99,0,0
32614,144,143,1,1
32615,118,114,4,4
32616,74,73,1,1
32617,85,77,8,8
32618,51,58,-7,7
32619,57,56,1,1
32620,152,150,2,2
32621,80,82,-2,2
32622,83,77,6,6
32623,69,61,8,8
32624,126,141,-15,15
32625,178,168,10,10
32626,101,115,-14,14
32627,110,112,-2,2
32628,53,50,3,3
32629,89,94,-5,5
32630,97,99,-2,2
32631,81,70,11,11
32632,87,76,11,11
32633,52,47,5,5
32634,98,88,10,10
32635,109,104,5,5
32636,103,98,5,5
32637,90,69,21,21
32638,73,72,1,1
32639,157,156,1,1
32640,106,99,7,7
32641,144,144,0,0
32642,105,109,-4,4
32643,191,182,9,9
32644,79,72,7,7
32645,113,91,22,22
32646,66,59,7,7
32647,62,83,-21,21
32648,71,73,-2,2
32649,93,92,1,1
32650,90,79,11,11
32651,81,76,5,5
32652,97,101,-4,4
32653,43,54,-11,11
32654,150,134,16,16
32655,78,68,10,10
32656,122,109,13,13
32657,76,70,6,6
32658,50,49,1,1
32659,78,84,-6,6
32660,68,78,-10,10
32661,92,82,10,10
32662,65,74,-9,9
32663,112,108,4,4
32664,69,64,5,5
32665,86,80,6,6
32666,73,69,4,4
32667,99,98,1,1
32668,99,83,16,16
32669,70,75,-5,5
32670,88,79,9,9
32671,66,61,5,5
32672,123,110,13,13
32673,72,62,10,10
32674,120,123,-3,3
32675,51,58,-7,7
32676,68,62,6,6
32677,103,103,0,0
32678,76,66,10,10
32679,77,80,-3,3
32680,143,165,-22,22
32681,128,131,-3,3
32682,87,77,10,10
32683,47,52,-5,5
32684,119,115,4,4
32685,119,119,0,0
32686,52,58,-6,6
32687,123,95,28,28
32688,78,74,4,4
32689,135,146,-11,11
32690,65,63,2,2
32691,50,49,1,1
32692,59,76,-17,17
32693,95,83,12,12
32694,74,85,-11,11
32695,127,111,16,16
32696,135,116,19,19
32697,80,76,4,4
32698,81,90,-9,9
32699,102,106,-4,4
32700,131,138,-7,7
32701,96,84,12,12
32702,100,103,-3,3
32703,104,110,-6,6
32704,112,107,5,5
32705,103,94,9,9
32706,96,88,8,8
32707,86,79,7,7
32708,130,134,-4,4
32709,47,45,2,2
32710,118,109,9,9
32711,81,77,4,4
32712,117,102,15,15
32713,77,79,-2,2
32714,129,128,1,1
32715,111,89,22,22
32716,131,128,3,3
32717,67,66,1,1
32718,66,64,2,2
32719,111,121,-10,10
32720,71,77,-6,6
32721,58,52,6,6
32722,61,81,-20,20
32723,65,65,0,0
32724,91,95,-4,4
32725,126,122,4,4
32726,79,50,29,29
32727,98,88,10,10
32728,83,109,-26,26
32729,46,45,1,1
32730,71,70,1,1
32731,56,62,-6,6
32732,74,72,2,2
32733,86,82,4,4
32734,125,115,10,10
32735,71,66,5,5
32736,62,67,-5,5
32737,96,58,38,38
32738,145,126,19,19
32739,73,64,9,9
32740,67,70,-3,3
32741,87,84,3,3
32742,79,67,12,12
32743,93,90,3,3
32744,72,74,-2,2
32745,68,68,0,0
32746,72,65,7,7
32747,132,118,14,14
32748,75,71,4,4
32749,86,89,-3,3
32750,101,92,9,9
32751,193,195,-2,2
32752,124,123,1,1
32753,96,92,4,4
32754,102,102,0,0
32755,48,50,-2,2
32756,95,84,11,11
32757,172,174,-2,2
32758,174,180,-6,6
32759,171,150,21,21
32760,64,54,10,10
32761,90,89,1,1
32762,77,78,-1,1
32763,79,74,5,5
32764,82,81,1,1
32765,128,119,9,9
32766,96,89,7,7
32767,88,86,2,2
32768,78,76,2,2
32769,115,119,-4,4
32770,75,80,-5,5
32771,132,129,3,3
32772,161,151,10,10
32773,117,111,6,6
32774,61,53,8,8
32775,84,74,10,10
32776,102,107,-5,5
32777,108,109,-1,1
32778,108,124,-16,16
32779,156,147,9,9
32780,107,103,4,4
32781,74,70,4,4
32782,185,202,-17,17
32783,61,72,-11,11
32784,106,105,1,1
32785,73,76,-3,3
32786,83,70,13,13
32787,53,60,-7,7
32788,216,201,15,15
32789,90,85,5,5
32790,94,107,-13,13
32791,113,116,-3,3
32792,48,59,-11,11
32793,125,140,-15,15
32794,58,58,0,0
32795,112,111,1,1
32796,91,82,9,9
32797,90,99,-9,9
32798,104,95,9,9
32799,59,61,-2,2
32800,74,90,-16,16
32801,99,113,-14,14
32802,76,85,-9,9
32803,101,96,5,5
32804,143,136,7,7
32805,66,59,7,7
32806,108,101,7,7
32807,126,129,-3,3
32808,102,92,10,10
32809,106,102,4,4
32810,84,77,7,7
32811,133,132,1,1
32812,68,70,-2,2
32813,133,134,-1,1
32814,91,91,0,0
32815,148,153,-5,5
32816,131,143,-12,12
32817,105,94,11,11
32818,111,114,-3,3
32819,50,47,3,3
32820,118,103,15,15
32821,56,58,-2,2
32822,76,72,4,4
32823,141,131,10,10
32824,162,157,5,5
32825,144,150,-6,6
32826,131,140,-9,9
32827,57,62,-5,5
32828,105,110,-5,5
32829,74,66,8,8
32830,118,140,-22,22
32831,157,151,6,6
32832,105,106,-1,1
32833,90,92,-2,2
32834,96,102,-6,6
32835,161,160,1,1
32836,83,80,3,3
32837,145,140,5,5
32838,55,54,1,1
32839,113,129,-16,16
32840,72,69,3,3
32841,199,201,-2,2
32842,57,66,-9,9
32843,86,85,1,1
32844,124,114,10,10
32845,59,73,-14,14
32846,65,51,14,14
32847,82,72,10,10
32848,127,124,3,3
32849,82,83,-1,1
32850,101,88,13,13
32851,105,102,3,3
32852,94,88,6,6
32853,125,110,15,15
32854,96,69,27,27
32855,48,45,3,3
32856,68,67,1,1
32857,98,98,0,0
32858,152,143,9,9
32859,139,115,24,24
32860,80,82,-2,2
32861,113,115,-2,2
32862,102,113,-11,11
32863,94,87,7,7
32864,56,64,-8,8
32865,112,108,4,4
32866,71,71,0,0
32867,163,163,0,0
32868,95,102,-7,7
32869,165,164,1,1
32870,100,105,-5,5
32871,104,96,8,8
32872,68,77,-9,9
32873,152,143,9,9
32874,62,64,-2,2
32875,56,59,-3,3
32876,87,77,10,10
32877,48,49,-1,1
32878,85,87,-2,2
32879,82,98,-16,16
32880,70,96,-26,26
32881,80,73,7,7
32882,100,99,1,1
32883,158,153,5,5
32884,143,138,5,5
32885,76,70,6,6
32886,64,64,0,0
32887,121,115,6,6
32888,72,71,1,1
32889,53,52,1,1
32890,202,191,11,11
32891,54,51,3,3
32892,58,57,1,1
32893,125,131,-6,6
32894,74,64,10,10
32895,58,91,-33,33
32896,144,142,2,2
32897,124,117,7,7
32898,84,91,-7,7
32899,27,63,-36,36
32900,84,79,5,5
32901,176,154,22,22
32902,44,44,0,0
32903,66,68,-2,2
32904,73,85,-12,12
32905,71,83,-12,12
32906,42,68,-26,26
32907,61,78,-17,17
32908,71,68,3,3
32909,90,99,-9,9
32910,74,67,7,7
32911,109,99,10,10
32912,124,123,1,1
32913,94,89,5,5
32914,158,171,-13,13
32915,97,80,17,17
32916,73,63,10,10
32917,90,102,-12,12
32918,64,58,6,6
32919,144,145,-1,1
32920,104,107,-3,3
32921,186,172,14,14
32922,102,92,10,10
32923,85,78,7,7
32924,96,100,-4,4
32925,122,121,1,1
32926,97,90,7,7
32927,96,95,1,1
32928,50,42,8,8
32929,110,124,-14,14
32930,89,83,6,6
32931,98,91,7,7
32932,123,132,-9,9
32933,53,58,-5,5
32934,114,109,5,5
32935,152,164,-12,12
32936,146,149,-3,3
32937,134,126,8,8
32938,105,115,-10,10
32939,38,54,-16,16
32940,99,94,5,5
32941,107,101,6,6
32942,92,79,13,13
32943,120,124,-4,4
32944,129,127,2,2
32945,95,90,5,5
32946,90,87,3,3
32947,103,100,3,3
32948,114,95,19,19
32949,59,58,1,1
32950,36,27,9,9
32951,99,95,4,4
32952,76,72,4,4
32953,149,130,19,19
32954,106,95,11,11
32955,61,67,-6,6
32956,47,70,-23,23
32957,158,166,-8,8
32958,54,59,-5,5
32959,50,57,-7,7
32960,98,90,8,8
32961,94,86,8,8
32962,67,61,6,6
32963,49,50,-1,1
32964,146,142,4,4
32965,135,125,10,10
32966,87,74,13,13
32967,98,97,1,1
32968,59,53,6,6
32969,86,78,8,8
32970,62,57,5,5
32971,113,104,9,9
32972,93,90,3,3
32973,75,78,-3,3
32974,83,79,4,4
32975,138,133,5,5
32976,67,71,-4,4
32977,84,72,12,12
32978,117,124,-7,7
32979,64,60,4,4
32980,80,70,10,10
32981,85,92,-7,7
32982,67,74,-7,7
32983,96,101,-5,5
32984,72,74,-2,2
32985,63,74,-11,11
32986,151,128,23,23
32987,49,48,1,1
32988,103,81,22,22
32989,32,43,-11,11
32990,70,60,10,10
32991,135,136,-1,1
32992,55,54,1,1
32993,99,98,1,1
32994,114,113,1,1
32995,82,77,5,5
32996,119,125,-6,6
32997,104,105,-1,1
32998,123,116,7,7
32999,113,124,-11,11
33000,153,150,3,3
33001,89,86,3,3
33002,48,67,-19,19
33003,113,106,7,7
33004,83,81,2,2
33005,129,110,19,19
33006,67,76,-9,9
33007,96,98,-2,2
33008,92,89,3,3
33009,103,87,16,16
33010,121,107,14,14
33011,48,55,-7,7
33012,98,87,11,11
33013,112,106,6,6
33014,107,108,-1,1
33015,92,77,15,15
33016,72,81,-9,9
33017,86,79,7,7
33018,86,82,4,4
33019,120,115,5,5
33020,65,71,-6,6
33021,86,80,6,6
33022,138,127,11,11
33023,74,78,-4,4
33024,60,56,4,4
33025,125,117,8,8
33026,61,67,-6,6
33027,99,94,5,5
33028,150,142,8,8
33029,69,60,9,9
33030,41,49,-8,8
33031,108,103,5,5
33032,163,170,-7,7
33033,121,116,5,5
33034,72,68,4,4
33035,109,110,-1,1
33036,133,136,-3,3
33037,74,67,7,7
33038,119,127,-8,8
33039,77,88,-11,11
33040,97,105,-8,8
33041,76,76,0,0
33042,102,96,6,6
33043,88,79,9,9
33044,139,131,8,8
33045,93,88,5,5
33046,171,166,5,5
33047,115,131,-16,16
33048,73,65,8,8
33049,102,98,4,4
33050,97,92,5,5
33051,107,107,0,0
33052,180,183,-3,3
33053,78,75,3,3
33054,279,243,36,36
33055,86,84,2,2
33056,80,75,5,5
33057,131,140,-9,9
33058,49,60,-11,11
33059,100,93,7,7
33060,53,67,-14,14
33061,116,110,6,6
33062,61,61,0,0
33063,73,81,-8,8
33064,70,63,7,7
33065,56,55,1,1
33066,69,63,6,6
33067,76,64,12,12
33068,57,65,-8,8
33069,36,40,-4,4
33070,75,84,-9,9
33071,62,56,6,6
33072,78,77,1,1
33073,112,117,-5,5
33074,85,80,5,5
33075,164,146,18,18
33076,52,62,-10,10
33077,102,100,2,2
33078,34,33,1,1
33079,52,56,-4,4
33080,63,74,-11,11
33081,60,56,4,4
33082,145,140,5,5
33083,74,76,-2,2
33084,106,115,-9,9
33085,53,52,1,1
33086,114,119,-5,5
33087,135,142,-7,7
33088,119,116,3,3
33089,84,90,-6,6
33090,62,58,4,4
33091,150,150,0,0
33092,178,181,-3,3
33093,125,122,3,3
33094,125,119,6,6
33095,56,54,2,2
33096,83,78,5,5
33097,79,94,-15,15
33098,66,63,3,3
33099,62,61,1,1
33100,77,74,3,3
33101,113,120,-7,7
33102,119,121,-2,2
33103,100,88,12,12
33104,121,123,-2,2
33105,102,88,14,14
33106,106,122,-16,16
33107,67,65,2,2
33108,104,93,11,11
33109,133,134,-1,1
33110,138,125,13,13
33111,62,66,-4,4
33112,110,111,-1,1
33113,140,131,9,9
33114,80,74,6,6
33115,103,106,-3,3
33116,114,104,10,10
33117,55,60,-5,5
33118,91,85,6,6
33119,38,56,-18,18
33120,89,75,14,14
33121,129,125,4,4
33122,30,69,-39,39
33123,103,102,1,1
33124,100,107,-7,7
33125,87,95,-8,8
33126,99,91,8,8
33127,87,74,13,13
33128,91,86,5,5
33129,105,100,5,5
33130,104,99,5,5
33131,46,53,-7,7
33132,86,75,11,11
33133,59,75,-16,16
33134,135,138,-3,3
33135,47,46,1,1
33136,108,98,10,10
33137,108,99,9,9
33138,120,121,-1,1
33139,50,76,-26,26
33140,102,110,-8,8
33141,129,138,-9,9
33142,82,115,-33,33
33143,141,124,17,17
33144,87,83,4,4
33145,108,100,8,8
33146,113,130,-17,17
33147,166,163,3,3
33148,82,78,4,4
33149,34,65,-31,31
33150,57,58,-1,1
33151,128,137,-9,9
33152,86,87,-1,1
33153,70,63,7,7
33154,106,107,-1,1
33155,111,116,-5,5
33156,89,94,-5,5
33157,28,30,-2,2
33158,102,101,1,1
33159,159,148,11,11
33160,170,161,9,9
33161,98,98,0,0
33162,77,73,4,4
33163,118,119,-1,1
33164,96,86,10,10
33165,51,61,-10,10
33166,63,61,2,2
33167,70,70,0,0
33168,99,114,-15,15
33169,58,50,8,8
33170,60,57,3,3
33171,78,78,0,0
33172,45,62,-17,17
33173,89,96,-7,7
33174,69,64,5,5
33175,84,92,-8,8
33176,73,62,11,11
33177,178,166,12,12
33178,63,69,-6,6
33179,108,105,3,3
33180,105,109,-4,4
33181,43,42,1,1
33182,82,75,7,7
33183,76,78,-2,2
33184,143,138,5,5
33185,91,85,6,6
33186,63,62,1,1
33187,136,127,9,9
33188,83,70,13,13
33189,128,114,14,14
33190,63,68,-5,5
33191,72,79,-7,7
33192,96,96,0,0
33193,66,50,16,16
33194,89,102,-13,13
33195,74,69,5,5
33196,69,77,-8,8
33197,86,83,3,3
33198,105,101,4,4
33199,92,94,-2,2
33200,49,61,-12,12
33201,151,143,8,8
33202,87,95,-8,8
33203,86,89,-3,3
33204,55,53,2,2
33205,113,126,-13,13
33206,96,91,5,5
33207,84,78,6,6
33208,102,100,2,2
33209,85,92,-7,7
33210,141,148,-7,7
33211,90,74,16,16
33212,57,59,-2,2
33213,80,84,-4,4
33214,111,104,7,7
33215,82,116,-34,34
33216,85,77,8,8
33217,85,78,7,7
33218,67,64,3,3
33219,86,87,-1,1
33220,102,93,9,9
33221,71,63,8,8
33222,130,157,-27,27
33223,76,81,-5,5
33224,70,67,3,3
33225,86,91,-5,5
33226,55,53,2,2
33227,97,99,-2,2
33228,98,123,-25,25
33229,70,59,11,11
33230,102,95,7,7
33231,79,75,4,4
33232,104,98,6,6
33233,70,60,10,10
33234,94,93,1,1
33235,103,100,3,3
33236,102,121,-19,19
33237,102,97,5,5
33238,67,61,6,6
33239,165,167,-2,2
33240,73,105,-32,32
33241,149,121,28,28
33242,92,90,2,2
33243,57,64,-7,7
33244,76,63,13,13
33245,129,121,8,8
33246,66,62,4,4
33247,132,121,11,11
33248,108,97,11,11
33249,162,146,16,16
33250,104,97,7,7
33251,98,99,-1,1
33252,81,91,-10,10
33253,106,116,-10,10
33254,134,148,-14,14
33255,118,125,-7,7
33256,156,137,19,19
33257,73,76,-3,3
33258,106,101,5,5
33259,64,56,8,8
33260,66,61,5,5
33261,126,110,16,16
33262,103,102,1,1
33263,57,51,6,6
33264,158,165,-7,7
33265,103,99,4,4
33266,103,103,0,0
33267,172,157,15,15
33268,137,141,-4,4
33269,95,86,9,9
33270,127,117,10,10
33271,87,82,5,5
33272,136,124,12,12
33273,51,50,1,1
33274,95,90,5,5
33275,100,104,-4,4
33276,140,136,4,4
33277,102,114,-12,12
33278,69,66,3,3
33279,148,146,2,2
33280,121,134,-13,13
33281,133,135,-2,2
33282,106,105,1,1
33283,95,91,4,4
33284,71,87,-16,16
33285,148,148,0,0
33286,188,185,3,3
33287,111,110,1,1
33288,88,82,6,6
33289,71,84,-13,13
33290,83,80,3,3
33291,44,46,-2,2
33292,69,62,7,7
33293,44,51,-7,7
33294,111,111,0,0
33295,105,109,-4,4
33296,76,72,4,4
33297,95,95,0,0
33298,181,172,9,9
33299,128,116,12,12
33300,81,77,4,4
33301,175,156,19,19
33302,57,52,5,5
33303,70,65,5,5
33304,77,68,9,9
33305,61,65,-4,4
33306,108,100,8,8
33307,69,68,1,1
33308,61,68,-7,7
33309,116,109,7,7
33310,50,51,-1,1
33311,95,86,9,9
33312,62,65,-3,3
33313,161,149,12,12
33314,101,95,6,6
33315,84,76,8,8
33316,87,91,-4,4
33317,71,72,-1,1
33318,56,58,-2,2
33319,77,71,6,6
33320,100,142,-42,42
33321,74,87,-13,13
33322,59,58,1,1
33323,117,112,5,5
33324,102,98,4,4
33325,97,95,2,2
33326,77,65,12,12
33327,128,147,-19,19
33328,89,77,12,12
33329,67,62,5,5
33330,69,72,-3,3
33331,104,104,0,0
33332,55,52,3,3
33333,62,62,0,0
33334,101,101,0,0
33335,78,87,-9,9
33336,86,71,15,15
33337,81,85,-4,4
33338,104,94,10,10
33339,57,53,4,4
33340,101,92,9,9
33341,84,76,8,8
33342,73,82,-9,9
33343,106,113,-7,7
33344,102,99,3,3
33345,71,79,-8,8
33346,144,145,-1,1
33347,131,116,15,15
33348,82,59,23,23
33349,83,72,11,11
33350,169,163,6,6
33351,70,63,7,7
33352,158,156,2,2
33353,162,120,42,42
33354,104,98,6,6
33355,52,52,0,0
33356,59,60,-1,1
33357,70,70,0,0
33358,112,119,-7,7
33359,106,95,11,11
33360,130,120,10,10
33361,111,91,20,20
33362,117,104,13,13
33363,118,128,-10,10
33364,74,77,-3,3
33365,52,57,-5,5
33366,97,109,-12,12
33367,72,70,2,2
33368,84,74,10,10
33369,50,56,-6,6
33370,101,100,1,1
33371,52,58,-6,6
33372,85,94,-9,9
33373,90,89,1,1
33374,66,66,0,0
33375,132,120,12,12
33376,91,96,-5,5
33377,46,44,2,2
33378,36,48,-12,12
33379,94,98,-4,4
33380,65,63,2,2
33381,85,74,11,11
33382,78,76,2,2
33383,140,156,-16,16
33384,79,82,-3,3
33385,108,106,2,2
33386,84,79,5,5
33387,89,82,7,7
33388,119,107,12,12
33389,52,54,-2,2
33390,130,116,14,14
33391,57,51,6,6
33392,128,120,8,8
33393,106,96,10,10
33394,65,53,12,12
33395,75,79,-4,4
33396,153,153,0,0
33397,42,45,-3,3
33398,70,61,9,9
33399,157,153,4,4
33400,153,151,2,2
33401,93,79,14,14
33402,85,83,2,2
33403,70,92,-22,22
33404,84,84,0,0
33405,61,57,4,4
33406,80,81,-1,1
33407,60,54,6,6
33408,60,58,2,2
33409,122,123,-1,1
33410,87,82,5,5
33411,207,173,34,34
33412,102,106,-4,4
33413,52,58,-6,6
33414,75,73,2,2
33415,62,58,4,4
33416,82,85,-3,3
33417,144,129,15,15
33418,130,132,-2,2
33419,90,71,19,19
33420,71,72,-1,1
33421,77,66,11,11
33422,72,68,4,4
33423,46,42,4,4
33424,55,59,-4,4
33425,64,90,-26,26
33426,73,62,11,11
33427,76,82,-6,6
33428,100,100,0,0
33429,108,88,20,20
33430,130,129,1,1
33431,136,130,6,6
33432,89,86,3,3
33433,79,85,-6,6
33434,110,103,7,7
33435,125,133,-8,8
33436,79,85,-6,6
33437,32,28,4,4
33438,97,121,-24,24
33439,135,138,-3,3
33440,93,95,-2,2
33441,111,107,4,4
33442,87,89,-2,2
33443,131,122,9,9
33444,72,70,2,2
33445,72,79,-7,7
33446,192,171,21,21
33447,129,124,5,5
33448,102,101,1,1
33449,86,77,9,9
33450,134,124,10,10
33451,157,153,4,4
33452,75,78,-3,3
33453,93,96,-3,3
33454,96,91,5,5
33455,105,104,1,1
33456,110,109,1,1
33457,137,129,8,8
33458,194,194,0,0
33459,82,76,6,6
33460,102,101,1,1
33461,92,94,-2,2
33462,119,97,22,22
33463,113,103,10,10
33464,85,82,3,3
33465,66,66,0,0
33466,145,143,2,2
33467,112,116,-4,4
33468,133,137,-4,4
33469,113,99,14,14
33470,175,160,15,15
33471,113,117,-4,4
33472,59,58,1,1
33473,97,102,-5,5
33474,74,64,10,10
33475,53,50,3,3
33476,108,110,-2,2
33477,133,125,8,8
33478,46,46,0,0
33479,135,125,10,10
33480,111,108,3,3
33481,117,112,5,5
33482,69,62,7,7
33483,175,159,16,16
33484,83,75,8,8
33485,80,81,-1,1
33486,95,103,-8,8
33487,80,78,2,2
33488,71,69,2,2
33489,61,54,7,7
33490,83,83,0,0
33491,168,157,11,11
33492,78,78,0,0
33493,79,80,-1,1
33494,112,115,-3,3
33495,73,74,-1,1
33496,71,81,-10,10
33497,86,87,-1,1
33498,105,119,-14,14
33499,103,101,2,2
33500,81,84,-3,3
33501,70,66,4,4
33502,107,95,12,12
33503,150,148,2,2
33504,70,61,9,9
33505,80,78,2,2
33506,48,53,-5,5
33507,100,109,-9,9
33508,52,60,-8,8
33509,97,97,0,0
33510,172,167,5,5
33511,28,36,-8,8
33512,42,71,-29,29
33513,120,113,7,7
33514,60,60,0,0
33515,118,94,24,24
33516,175,164,11,11
33517,69,65,4,4
33518,50,54,-4,4
33519,90,91,-1,1
33520,109,109,0,0
33521,63,70,-7,7
33522,63,67,-4,4
33523,54,56,-2,2
33524,115,117,-2,2
33525,61,62,-1,1
33526,91,95,-4,4
33527,76,91,-15,15
33528,72,77,-5,5
33529,64,61,3,3
33530,47,49,-2,2
33531,67,61,6,6
33532,111,109,2,2
33533,102,132,-30,30
33534,68,64,4,4
33535,101,84,17,17
33536,154,136,18,18
33537,71,73,-2,2
33538,77,69,8,8
33539,74,65,9,9
33540,95,95,0,0
33541,98,92,6,6
33542,87,89,-2,2
33543,134,132,2,2
33544,118,124,-6,6
33545,146,140,6,6
33546,82,91,-9,9
33547,85,75,10,10
33548,68,81,-13,13
33549,62,67,-5,5
33550,79,69,10,10
33551,33,41,-8,8
33552,130,119,11,11
33553,88,69,19,19
33554,132,129,3,3
33555,69,72,-3,3
33556,98,83,15,15
33557,113,118,-5,5
33558,84,80,4,4
33559,78,67,11,11
33560,121,120,1,1
33561,69,67,2,2
33562,70,82,-12,12
33563,89,95,-6,6
33564,97,94,3,3
33565,89,90,-1,1
33566,128,124,4,4
33567,149,144,5,5
33568,115,114,1,1
33569,68,58,10,10
33570,44,52,-8,8
33571,36,46,-10,10
33572,64,76,-12,12
33573,75,69,6,6
33574,85,84,1,1
33575,90,80,10,10
33576,98,122,-24,24
33577,110,100,10,10
33578,91,97,-6,6
33579,179,164,15,15
33580,97,84,13,13
33581,65,65,0,0
33582,111,117,-6,6
33583,191,175,16,16
33584,181,163,18,18
33585,58,58,0,0
33586,90,81,9,9
33587,101,93,8,8
33588,164,148,16,16
33589,117,107,10,10
33590,84,95,-11,11
33591,112,104,8,8
33592,117,107,10,10
33593,80,84,-4,4
33594,150,140,10,10
33595,94,92,2,2
33596,115,123,-8,8
33597,157,130,27,27
33598,69,68,1,1
33599,61,56,5,5
33600,97,94,3,3
33601,74,74,0,0
33602,90,92,-2,2
33603,59,56,3,3
33604,121,105,16,16
33605,102,85,17,17
33606,107,112,-5,5
33607,102,108,-6,6
33608,256,234,22,22
33609,75,74,1,1
33610,80,75,5,5
33611,67,63,4,4
33612,122,115,7,7
33613,65,54,11,11
33614,74,76,-2,2
33615,86,89,-3,3
33616,206,197,9,9
33617,139,145,-6,6
33618,76,74,2,2
33619,186,176,10,10
33620,111,109,2,2
33621,80,72,8,8
33622,148,143,5,5
33623,76,76,0,0
33624,123,139,-16,16
33625,79,95,-16,16
33626,118,109,9,9
33627,51,48,3,3
33628,88,101,-13,13
33629,157,155,2,2
33630,84,96,-12,12
33631,129,128,1,1
33632,131,116,15,15
33633,74,90,-16,16
33634,93,94,-1,1
33635,88,92,-4,4
33636,74,80,-6,6
33637,102,96,6,6
33638,143,135,8,8
33639,67,69,-2,2
33640,197,191,6,6
33641,98,87,11,11
33642,117,111,6,6
33643,120,122,-2,2
33644,118,122,-4,4
33645,63,52,11,11
33646,139,137,2,2
33647,144,149,-5,5
33648,96,106,-10,10
33649,110,88,22,22
33650,121,125,-4,4
33651,68,79,-11,11
33652,84,98,-14,14
33653,118,117,1,1
33654,96,97,-1,1
33655,78,73,5,5
33656,27,37,-10,10
33657,157,147,10,10
33658,137,129,8,8
33659,107,104,3,3
33660,95,91,4,4
33661,45,52,-7,7
33662,69,107,-38,38
33663,196,175,21,21
33664,108,95,13,13
33665,88,81,7,7
33666,199,183,16,16
33667,111,121,-10,10
33668,179,164,15,15
33669,157,154,3,3
33670,82,68,14,14
33671,77,74,3,3
33672,56,59,-3,3
33673,63,58,5,5
33674,196,189,7,7
33675,89,97,-8,8
33676,126,126,0,0
33677,39,32,7,7
33678,80,86,-6,6
33679,97,88,9,9
33680,85,69,16,16
33681,58,61,-3,3
33682,132,129,3,3
33683,54,63,-9,9
33684,99,100,-1,1
33685,91,88,3,3
33686,75,62,13,13
33687,57,68,-11,11
33688,66,71,-5,5
33689,105,117,-12,12
33690,51,36,15,15
33691,134,110,24,24
33692,27,53,-26,26
33693,71,67,4,4
33694,65,60,5,5
33695,112,93,19,19
33696,100,102,-2,2
33697,56,65,-9,9
33698,74,80,-6,6
33699,137,134,3,3
33700,96,100,-4,4
33701,113,121,-8,8
33702,56,57,-1,1
33703,91,94,-3,3
33704,179,172,7,7
33705,54,51,3,3
33706,90,106,-16,16
33707,92,96,-4,4
33708,87,80,7,7
33709,122,108,14,14
33710,150,136,14,14
33711,90,79,11,11
33712,98,94,4,4
33713,59,62,-3,3
33714,122,113,9,9
33715,150,158,-8,8
33716,74,67,7,7
33717,65,59,6,6
33718,53,53,0,0
33719,93,91,2,2
33720,108,107,1,1
33721,70,79,-9,9
33722,135,129,6,6
33723,87,91,-4,4
33724,65,74,-9,9
33725,55,42,13,13
33726,40,49,-9,9
33727,88,85,3,3
33728,168,159,9,9
33729,37,36,1,1
33730,80,69,11,11
33731,92,76,16,16
33732,157,145,12,12
33733,121,121,0,0
33734,119,123,-4,4
33735,131,103,28,28
33736,112,100,12,12
33737,71,81,-10,10
33738,73,72,1,1
33739,99,91,8,8
33740,81,72,9,9
33741,70,61,9,9
33742,91,82,9,9
33743,63,58,5,5
33744,65,70,-5,5
33745,92,104,-12,12
33746,83,79,4,4
33747,62,63,-1,1
33748,137,125,12,12
33749,194,177,17,17
33750,104,94,10,10
33751,136,139,-3,3
33752,149,152,-3,3
33753,109,109,0,0
33754,70,63,7,7
33755,121,113,8,8
33756,73,73,0,0
33757,97,85,12,12
33758,105,94,11,11
33759,131,113,18,18
33760,118,119,-1,1
33761,97,92,5,5
33762,49,50,-1,1
33763,110,108,2,2
33764,87,98,-11,11
33765,107,111,-4,4
33766,72,67,5,5
33767,173,169,4,4
33768,117,120,-3,3
33769,91,94,-3,3
33770,93,70,23,23
33771,34,39,-5,5
33772,75,63,12,12
33773,110,114,-4,4
33774,76,79,-3,3
33775,122,150,-28,28
33776,94,100,-6,6
33777,60,63,-3,3
33778,96,98,-2,2
33779,92,97,-5,5
33780,155,141,14,14
33781,116,103,13,13
33782,113,111,2,2
33783,70,65,5,5
33784,127,131,-4,4
33785,104,124,-20,20
33786,103,100,3,3
33787,66,59,7,7
33788,58,65,-7,7
33789,47,66,-19,19
33790,124,132,-8,8
33791,47,49,-2,2
33792,134,122,12,12
33793,126,112,14,14
33794,133,133,0,0
33795,101,99,2,2
33796,48,55,-7,7
33797,69,66,3,3
33798,62,65,-3,3
33799,112,99,13,13
33800,124,133,-9,9
33801,68,65,3,3
33802,70,64,6,6
33803,98,95,3,3
33804,61,69,-8,8
33805,98,106,-8,8
33806,128,111,17,17
33807,112,96,16,16
33808,62,60,2,2
33809,106,94,12,12
33810,90,78,12,12
33811,57,51,6,6
33812,127,130,-3,3
33813,83,75,8,8
33814,123,121,2,2
33815,99,87,12,12
33816,114,120,-6,6
33817,124,138,-14,14
33818,63,63,0,0
33819,169,170,-1,1
33820,86,87,-1,1
33821,97,93,4,4
33822,95,97,-2,2
33823,97,91,6,6
33824,120,108,12,12
33825,100,94,6,6
33826,127,132,-5,5
33827,65,65,0,0
33828,74,74,0,0
33829,146,138,8,8
33830,93,93,0,0
33831,76,84,-8,8
33832,127,122,5,5
33833,61,53,8,8
33834,81,86,-5,5
33835,132,110,22,22
33836,69,51,18,18
33837,56,70,-14,14
33838,103,101,2,2
33839,110,115,-5,5
33840,102,99,3,3
33841,74,64,10,10
33842,111,115,-4,4
33843,74,75,-1,1
33844,58,57,1,1
33845,96,99,-3,3
33846,67,68,-1,1
33847,57,59,-2,2
33848,104,98,6,6
33849,60,71,-11,11
33850,50,63,-13,13
33851,120,120,0,0
33852,73,72,1,1
33853,45,49,-4,4
33854,95,98,-3,3
33855,125,129,-4,4
33856,106,104,2,2
33857,80,72,8,8
33858,138,139,-1,1
33859,105,114,-9,9
33860,100,106,-6,6
33861,89,80,9,9
33862,161,134,27,27
33863,115,118,-3,3
33864,109,94,15,15
33865,120,109,11,11
33866,64,62,2,2
33867,85,80,5,5
33868,139,132,7,7
33869,56,62,-6,6
33870,100,103,-3,3
33871,61,57,4,4
33872,87,90,-3,3
33873,78,61,17,17
33874,135,125,10,10
33875,149,148,1,1
33876,123,118,5,5
33877,114,87,27,27
33878,106,115,-9,9
33879,121,105,16,16
33880,103,111,-8,8
33881,133,129,4,4
33882,83,76,7,7
33883,90,83,7,7
33884,43,50,-7,7
33885,195,186,9,9
33886,82,71,11,11
33887,121,116,5,5
33888,77,74,3,3
33889,80,76,4,4
33890,56,55,1,1
33891,70,60,10,10
33892,57,55,2,2
33893,98,96,2,2
33894,85,84,1,1
33895,102,98,4,4
33896,114,99,15,15
33897,153,141,12,12
33898,61,61,0,0
33899,99,90,9,9
33900,77,70,7,7
33901,89,73,16,16
33902,79,72,7,7
33903,108,115,-7,7
33904,102,91,11,11
33905,54,63,-9,9
33906,101,86,15,15
33907,131,122,9,9
33908,56,49,7,7
33909,110,104,6,6
33910,78,73,5,5
33911,153,140,13,13
33912,73,68,5,5
33913,105,91,14,14
33914,57,76,-19,19
33915,95,107,-12,12
33916,56,54,2,2
33917,107,101,6,6
33918,62,80,-18,18
33919,157,151,6,6
33920,94,86,8,8
33921,84,70,14,14
33922,131,123,8,8
33923,75,72,3,3
33924,122,118,4,4
33925,114,125,-11,11
33926,61,50,11,11
33927,137,138,-1,1
33928,72,68,4,4
33929,115,97,18,18
33930,49,76,-27,27
33931,98,88,10,10
33932,114,110,4,4
33933,79,74,5,5
33934,75,73,2,2
33935,111,86,25,25
33936,84,84,0,0
33937,61,65,-4,4
33938,70,76,-6,6
33939,103,111,-8,8
33940,119,104,15,15
33941,62,69,-7,7
33942,94,89,5,5
33943,161,154,7,7
33944,253,211,42,42
33945,112,116,-4,4
33946,63,70,-7,7
33947,90,82,8,8
33948,124,125,-1,1
33949,85,75,10,10
33950,167,171,-4,4
33951,115,96,19,19
33952,113,108,5,5
33953,95,97,-2,2
33954,93,88,5,5
33955,138,129,9,9
33956,74,78,-4,4
33957,52,57,-5,5
33958,104,105,-1,1
33959,143,119,24,24
33960,74,78,-4,4
33961,69,65,4,4
33962,133,162,-29,29
33963,82,88,-6,6
33964,98,86,12,12
33965,77,75,2,2
33966,142,142,0,0
33967,84,90,-6,6
33968,95,103,-8,8
33969,83,78,5,5
33970,114,102,12,12
33971,53,82,-29,29
33972,91,86,5,5
33973,122,135,-13,13
33974,89,111,-22,22
33975,81,79,2,2
33976,110,115,-5,5
33977,96,89,7,7
33978,119,111,8,8
33979,80,87,-7,7
33980,108,99,9,9
33981,71,59,12,12
33982,80,77,3,3
33983,157,158,-1,1
33984,85,76,9,9
33985,47,56,-9,9
33986,68,56,12,12
33987,86,69,17,17
33988,71,67,4,4
33989,64,58,6,6
33990,65,62,3,3
33991,155,161,-6,6
33992,108,120,-12,12
33993,188,182,6,6
33994,109,103,6,6
33995,64,60,4,4
33996,120,147,-27,27
33997,72,78,-6,6
33998,55,64,-9,9
33999,69,60,9,9
34000,186,159,27,27
34001,96,108,-12,12
34002,77,77,0,0
34003,83,82,1,1
34004,79,70,9,9
34005,55,60,-5,5
34006,155,149,6,6
34007,91,92,-1,1
34008,48,58,-10,10
34009,122,114,8,8
34010,75,89,-14,14
34011,109,109,0,0
34012,110,108,2,2
34013,79,74,5,5
34014,69,58,11,11
34015,78,87,-9,9
34016,129,127,2,2
34017,131,128,3,3
34018,45,54,-9,9
34019,96,93,3,3
34020,105,122,-17,17
34021,128,130,-2,2
34022,139,142,-3,3
34023,116,108,8,8
34024,81,73,8,8
34025,77,77,0,0
34026,100,95,5,5
34027,68,65,3,3
34028,70,70,0,0
34029,222,224,-2,2
34030,22,28,-6,6
34031,121,120,1,1
34032,67,69,-2,2
34033,87,66,21,21
34034,58,59,-1,1
34035,69,77,-8,8
34036,71,78,-7,7
34037,54,66,-12,12
34038,60,57,3,3
34039,87,85,2,2
34040,101,96,5,5
34041,61,49,12,12
34042,141,118,23,23
34043,121,127,-6,6
34044,102,90,12,12
34045,78,79,-1,1
34046,96,96,0,0
34047,56,48,8,8
34048,101,94,7,7
34049,64,62,2,2
34050,55,70,-15,15
34051,89,78,11,11
34052,84,73,11,11
34053,90,86,4,4
34054,166,151,15,15
34055,85,99,-14,14
34056,94,93,1,1
34057,130,140,-10,10
34058,146,159,-13,13
34059,77,94,-17,17
34060,97,91,6,6
34061,102,95,7,7
34062,150,158,-8,8
34063,104,98,6,6
34064,90,90,0,0
34065,70,71,-1,1
34066,45,47,-2,2
34067,76,64,12,12
34068,90,105,-15,15
34069,63,44,19,19
34070,123,109,14,14
34071,91,79,12,12
34072,102,96,6,6
34073,120,107,13,13
34074,48,66,-18,18
34075,42,48,-6,6
34076,85,85,0,0
34077,67,58,9,9
34078,73,51,22,22
34079,67,64,3,3
34080,87,85,2,2
34081,172,162,10,10
34082,128,138,-10,10
34083,116,118,-2,2
34084,102,93,9,9
34085,134,134,0,0
34086,94,100,-6,6
34087,55,49,6,6
34088,175,184,-9,9
34089,71,68,3,3
34090,53,58,-5,5
34091,92,106,-14,14
34092,111,108,3,3
34093,120,118,2,2
34094,107,101,6,6
34095,48,45,3,3
34096,85,77,8,8
34097,122,139,-17,17
34098,90,94,-4,4
34099,70,68,2,2
34100,63,65,-2,2
34101,110,98,12,12
34102,56,61,-5,5
34103,96,103,-7,7
34104,79,77,2,2
34105,56,47,9,9
34106,115,103,12,12
34107,60,57,3,3
34108,59,60,-1,1
34109,74,68,6,6
34110,110,118,-8,8
34111,99,111,-12,12
34112,106,105,1,1
34113,62,51,11,11
34114,93,87,6,6
34115,59,51,8,8
34116,88,81,7,7
34117,75,81,-6,6
34118,78,67,11,11
34119,67,68,-1,1
34120,118,110,8,8
34121,66,64,2,2
34122,69,68,1,1
34123,110,93,17,17
34124,102,100,2,2
34125,127,124,3,3
34126,99,101,-2,2
34127,127,135,-8,8
34128,97,81,16,16
34129,52,49,3,3
34130,56,54,2,2
34131,64,61,3,3
34132,111,102,9,9
34133,114,112,2,2
34134,162,151,11,11
34135,56,71,-15,15
34136,35,42,-7,7
34137,83,87,-4,4
34138,151,151,0,0
34139,77,76,1,1
34140,65,78,-13,13
34141,67,56,11,11
34142,81,78,3,3
34143,56,52,4,4
34144,67,70,-3,3
34145,59,53,6,6
34146,142,121,21,21
34147,79,78,1,1
34148,104,102,2,2
34149,68,68,0,0
34150,67,74,-7,7
34151,56,63,-7,7
34152,66,56,10,10
34153,31,43,-12,12
34154,121,111,10,10
34155,115,99,16,16
34156,68,67,1,1
34157,103,101,2,2
34158,71,72,-1,1
34159,115,118,-3,3
34160,122,113,9,9
34161,99,91,8,8
34162,112,115,-3,3
34163,215,214,1,1
34164,68,74,-6,6
34165,84,85,-1,1
34166,82,87,-5,5
34167,82,79,3,3
34168,95,88,7,7
34169,80,81,-1,1
34170,121,111,10,10
34171,103,84,19,19
34172,74,78,-4,4
34173,59,58,1,1
34174,106,93,13,13
34175,62,54,8,8
34176,49,43,6,6
34177,62,59,3,3
34178,151,149,2,2
34179,178,160,18,18
34180,96,88,8,8
34181,91,91,0,0
34182,74,69,5,5
34183,78,79,-1,1
34184,95,117,-22,22
34185,109,102,7,7
34186,59,61,-2,2
34187,64,48,16,16
34188,122,104,18,18
34189,106,114,-8,8
34190,137,129,8,8
34191,79,74,5,5
34192,45,46,-1,1
34193,96,84,12,12
34194,53,53,0,0
34195,121,118,3,3
34196,138,138,0,0
34197,107,98,9,9
34198,90,84,6,6
34199,83,88,-5,5
34200,65,63,2,2
34201,68,75,-7,7
34202,50,53,-3,3
34203,44,68,-24,24
34204,78,81,-3,3
34205,74,73,1,1
34206,67,65,2,2
34207,116,106,10,10
34208,50,46,4,4
34209,100,90,10,10
34210,52,52,0,0
34211,70,63,7,7
34212,92,87,5,5
34213,130,123,7,7
34214,139,153,-14,14
34215,96,82,14,14
34216,98,83,15,15
34217,49,58,-9,9
34218,90,79,11,11
34219,103,107,-4,4
34220,39,49,-10,10
34221,172,161,11,11
34222,104,90,14,14
34223,63,64,-1,1
34224,78,70,8,8
34225,65,62,3,3
34226,58,47,11,11
34227,140,143,-3,3
34228,95,100,-5,5
34229,77,64,13,13
34230,122,118,4,4
34231,63,55,8,8
34232,26,43,-17,17
34233,78,70,8,8
34234,60,65,-5,5
34235,80,77,3,3
34236,96,95,1,1
34237,62,59,3,3
34238,77,81,-4,4
34239,101,95,6,6
34240,103,101,2,2
34241,87,91,-4,4
34242,132,130,2,2
34243,223,203,20,20
34244,117,107,10,10
34245,151,145,6,6
34246,87,94,-7,7
34247,103,101,2,2
34248,59,58,1,1
34249,150,120,30,30
34250,100,92,8,8
34251,92,75,17,17
34252,65,74,-9,9
34253,72,70,2,2
34254,48,47,1,1
34255,114,108,6,6
34256,63,59,4,4
34257,139,142,-3,3
34258,86,85,1,1
34259,96,83,13,13
34260,80,77,3,3
34261,126,118,8,8
34262,112,103,9,9
34263,99,111,-12,12
34264,83,77,6,6
34265,62,56,6,6
34266,53,61,-8,8
34267,40,44,-4,4
34268,103,102,1,1
34269,87,89,-2,2
34270,66,60,6,6
34271,116,106,10,10
34272,107,95,12,12
34273,121,119,2,2
34274,114,101,13,13
34275,111,111,0,0
34276,105,112,-7,7
34277,103,101,2,2
34278,106,94,12,12
34279,126,123,3,3
34280,104,97,7,7
34281,77,71,6,6
34282,114,118,-4,4
34283,77,66,11,11
34284,83,78,5,5
34285,78,81,-3,3
34286,81,81,0,0
34287,64,67,-3,3
34288,134,128,6,6
34289,78,74,4,4
34290,137,129,8,8
34291,80,77,3,3
34292,145,132,13,13
34293,103,102,1,1
34294,101,108,-7,7
34295,87,74,13,13
34296,83,79,4,4
34297,98,83,15,15
34298,133,137,-4,4
34299,114,113,1,1
34300,119,106,13,13
34301,94,89,5,5
34302,85,85,0,0
34303,162,165,-3,3
34304,85,73,12,12
34305,62,50,12,12
34306,83,74,9,9
34307,99,90,9,9
34308,79,81,-2,2
34309,95,94,1,1
34310,140,139,1,1
34311,165,157,8,8
34312,104,97,7,7
34313,110,124,-14,14
34314,138,181,-43,43
34315,117,133,-16,16
34316,120,107,13,13
34317,67,79,-12,12
34318,82,79,3,3
34319,110,102,8,8
34320,110,103,7,7
34321,63,64,-1,1
34322,54,52,2,2
34323,128,129,-1,1
34324,90,82,8,8
34325,99,102,-3,3
34326,121,144,-23,23
34327,47,49,-2,2
34328,88,90,-2,2
34329,96,79,17,17
34330,83,99,-16,16
34331,91,77,14,14
34332,100,97,3,3
34333,68,85,-17,17
34334,44,48,-4,4
34335,94,89,5,5
34336,48,49,-1,1
34337,63,60,3,3
34338,114,114,0,0
34339,88,77,11,11
34340,105,99,6,6
34341,67,73,-6,6
34342,61,51,10,10
34343,120,115,5,5
34344,111,93,18,18
34345,102,92,10,10
34346,111,107,4,4
34347,48,48,0,0
34348,102,108,-6,6
34349,101,97,4,4
34350,88,83,5,5
34351,58,61,-3,3
34352,64,61,3,3
34353,65,61,4,4
34354,156,157,-1,1
34355,84,83,1,1
34356,169,160,9,9
34357,130,108,22,22
34358,51,57,-6,6
34359,60,50,10,10
34360,109,90,19,19
34361,107,103,4,4
34362,133,147,-14,14
34363,73,73,0,0
34364,117,115,2,2
34365,105,98,7,7
34366,118,138,-20,20
34367,107,106,1,1
34368,89,83,6,6
34369,130,132,-2,2
34370,107,109,-2,2
34371,86,85,1,1
34372,87,85,2,2
34373,166,152,14,14
34374,91,92,-1,1
34375,83,76,7,7
34376,90,101,-11,11
34377,60,65,-5,5
34378,73,71,2,2
34379,133,119,14,14
34380,131,124,7,7
34381,128,163,-35,35
34382,93,86,7,7
34383,48,53,-5,5
34384,126,99,27,27
34385,62,68,-6,6
34386,50,62,-12,12
34387,70,72,-2,2
34388,111,111,0,0
34389,89,83,6,6
34390,94,96,-2,2
34391,38,55,-17,17
34392,76,85,-9,9
34393,92,93,-1,1
34394,66,61,5,5
34395,84,76,8,8
34396,72,62,10,10
34397,79,74,5,5
34398,78,72,6,6
34399,61,58,3,3
34400,68,67,1,1
34401,114,107,7,7
34402,84,86,-2,2
34403,51,60,-9,9
34404,96,84,12,12
34405,74,73,1,1
34406,64,77,-13,13
34407,79,62,17,17
34408,89,73,16,16
34409,150,150,0,0
34410,137,123,14,14
34411,62,70,-8,8
34412,120,106,14,14
34413,75,66,9,9
34414,63,66,-3,3
34415,144,148,-4,4
34416,83,73,10,10
34417,71,101,-30,30
34418,125,126,-1,1
34419,71,74,-3,3
34420,90,93,-3,3
34421,57,60,-3,3
34422,68,75,-7,7
34423,117,108,9,9
34424,142,143,-1,1
34425,95,83,12,12
34426,91,95,-4,4
34427,86,94,-8,8
34428,119,126,-7,7
34429,71,78,-7,7
34430,97,85,12,12
34431,92,88,4,4
34432,86,77,9,9
34433,48,61,-13,13
34434,50,42,8,8
34435,105,140,-35,35
34436,105,110,-5,5
34437,127,112,15,15
34438,108,110,-2,2
34439,71,67,4,4
34440,73,73,0,0
34441,68,75,-7,7
34442,147,133,14,14
34443,142,143,-1,1
34444,39,41,-2,2
34445,91,73,18,18
34446,79,83,-4,4
34447,84,79,5,5
34448,123,132,-9,9
34449,63,73,-10,10
34450,196,189,7,7
34451,161,161,0,0
34452,152,122,30,30
34453,144,133,11,11
34454,96,102,-6,6
34455,125,121,4,4
34456,82,88,-6,6
34457,128,119,9,9
34458,160,162,-2,2
34459,43,48,-5,5
34460,68,63,5,5
34461,108,80,28,28
34462,74,66,8,8
34463,52,60,-8,8
34464,107,119,-12,12
34465,64,67,-3,3
34466,89,86,3,3
34467,85,80,5,5
34468,73,81,-8,8
34469,177,188,-11,11
34470,111,109,2,2
34471,67,73,-6,6
34472,76,66,10,10
34473,152,138,14,14
34474,90,89,1,1
34475,79,79,0,0
34476,99,104,-5,5
34477,78,74,4,4
34478,131,125,6,6
34479,100,93,7,7
34480,74,78,-4,4
34481,99,102,-3,3
34482,135,131,4,4
34483,104,108,-4,4
34484,67,67,0,0
34485,102,88,14,14
34486,48,65,-17,17
34487,243,224,19,19
34488,97,89,8,8
34489,112,111,1,1
34490,118,126,-8,8
34491,77,77,0,0
34492,73,63,10,10
34493,99,106,-7,7
34494,60,78,-18,18
34495,155,150,5,5
34496,125,119,6,6
34497,202,180,22,22
34498,82,89,-7,7
34499,100,85,15,15
34500,78,64,14,14
34501,59,60,-1,1
34502,48,54,-6,6
34503,121,124,-3,3
34504,128,114,14,14
34505,96,100,-4,4
34506,133,123,10,10
34507,107,107,0,0
34508,106,101,5,5
34509,111,132,-21,21
34510,48,79,-31,31
34511,79,91,-12,12
34512,121,112,9,9
34513,147,141,6,6
34514,113,115,-2,2
34515,58,57,1,1
34516,93,80,13,13
34517,109,106,3,3
34518,85,89,-4,4
34519,69,76,-7,7
34520,70,66,4,4
34521,81,88,-7,7
34522,47,45,2,2
34523,121,111,10,10
34524,151,130,21,21
34525,80,78,2,2
34526,60,58,2,2
34527,133,124,9,9
34528,65,66,-1,1
34529,162,164,-2,2
34530,73,65,8,8
34531,108,109,-1,1
34532,87,83,4,4
34533,101,106,-5,5
34534,90,88,2,2
34535,130,153,-23,23
34536,133,127,6,6
34537,139,128,11,11
34538,95,100,-5,5
34539,96,93,3,3
34540,66,63,3,3
34541,69,68,1,1
34542,69,66,3,3
34543,86,87,-1,1
34544,95,93,2,2
34545,91,86,5,5
34546,189,164,25,25
34547,109,103,6,6
34548,63,51,12,12
34549,156,154,2,2
34550,64,67,-3,3
34551,117,111,6,6
34552,55,53,2,2
34553,115,123,-8,8
34554,103,95,8,8
34555,155,150,5,5
34556,78,82,-4,4
34557,159,169,-10,10
34558,73,68,5,5
34559,188,180,8,8
34560,150,147,3,3
34561,103,94,9,9
34562,80,78,2,2
34563,92,92,0,0
34564,121,121,0,0
34565,113,114,-1,1
34566,106,98,8,8
34567,72,63,9,9
34568,120,122,-2,2
34569,49,52,-3,3
34570,124,131,-7,7
34571,82,79,3,3
34572,145,163,-18,18
34573,61,53,8,8
34574,108,103,5,5
34575,53,47,6,6
34576,117,106,11,11
34577,88,84,4,4
34578,122,87,35,35
34579,56,64,-8,8
34580,161,145,16,16
34581,115,106,9,9
34582,100,106,-6,6
34583,149,150,-1,1
34584,126,117,9,9
34585,74,78,-4,4
34586,124,122,2,2
34587,101,98,3,3
34588,83,91,-8,8
34589,105,98,7,7
34590,143,136,7,7
34591,153,145,8,8
34592,54,51,3,3
34593,52,56,-4,4
34594,87,84,3,3
34595,63,59,4,4
34596,84,85,-1,1
34597,96,97,-1,1
34598,59,57,2,2
34599,141,130,11,11
34600,121,114,7,7
34601,21,26,-5,5
34602,93,88,5,5
34603,126,127,-1,1
34604,91,95,-4,4
34605,126,122,4,4
34606,79,74,5,5
34607,133,133,0,0
34608,72,71,1,1
34609,117,103,14,14
34610,51,57,-6,6
34611,92,88,4,4
34612,78,77,1,1
34613,70,70,0,0
34614,77,68,9,9
34615,94,90,4,4
34616,75,72,3,3
34617,93,89,4,4
34618,75,56,19,19
34619,149,146,3,3
34620,99,105,-6,6
34621,94,101,-7,7
34622,98,88,10,10
34623,68,65,3,3
34624,101,148,-47,47
34625,115,102,13,13
34626,87,79,8,8
34627,100,112,-12,12
34628,80,85,-5,5
34629,133,127,6,6
34630,54,56,-2,2
34631,164,159,5,5
34632,98,100,-2,2
34633,75,73,2,2
34634,77,58,19,19
34635,126,126,0,0
34636,124,118,6,6
34637,89,88,1,1
34638,77,74,3,3
34639,162,157,5,5
34640,129,116,13,13
34641,126,121,5,5
34642,90,80,10,10
34643,145,147,-2,2
34644,59,66,-7,7
34645,79,71,8,8
34646,100,87,13,13
34647,136,118,18,18
34648,53,56,-3,3
34649,109,103,6,6
34650,79,76,3,3
34651,111,116,-5,5
34652,172,133,39,39
34653,142,127,15,15
34654,81,79,2,2
34655,100,94,6,6
34656,71,68,3,3
34657,37,49,-12,12
34658,91,83,8,8
34659,85,80,5,5
34660,96,93,3,3
34661,96,92,4,4
34662,72,62,10,10
34663,58,55,3,3
34664,128,133,-5,5
34665,90,79,11,11
34666,79,76,3,3
34667,57,56,1,1
34668,164,143,21,21
34669,147,109,38,38
34670,42,45,-3,3
34671,92,103,-11,11
34672,73,69,4,4
34673,80,80,0,0
34674,82,74,8,8
34675,82,81,1,1
34676,124,122,2,2
34677,87,95,-8,8
34678,93,95,-2,2
34679,151,137,14,14
34680,88,80,8,8
34681,99,93,6,6
34682,104,104,0,0
34683,80,87,-7,7
34684,91,79,12,12
34685,116,138,-22,22
34686,136,126,10,10
34687,76,108,-32,32
34688,125,130,-5,5
34689,99,95,4,4
34690,112,120,-8,8
34691,103,116,-13,13
34692,152,147,5,5
34693,122,117,5,5
34694,74,60,14,14
34695,106,105,1,1
34696,76,73,3,3
34697,59,57,2,2
34698,100,123,-23,23
34699,58,54,4,4
34700,69,70,-1,1
34701,120,118,2,2
34702,74,76,-2,2
34703,55,59,-4,4
34704,89,89,0,0
34705,79,85,-6,6
34706,137,141,-4,4
34707,81,75,6,6
34708,64,83,-19,19
34709,170,165,5,5
34710,69,61,8,8
34711,72,61,11,11
34712,73,68,5,5
34713,66,74,-8,8
34714,114,109,5,5
34715,96,104,-8,8
34716,67,72,-5,5
34717,83,78,5,5
34718,72,66,6,6
34719,150,142,8,8
34720,56,50,6,6
34721,66,65,1,1
34722,53,64,-11,11
34723,169,155,14,14
34724,66,57,9,9
34725,105,112,-7,7
34726,101,96,5,5
34727,78,81,-3,3
34728,130,130,0,0
34729,140,137,3,3
34730,91,109,-18,18
34731,89,76,13,13
34732,73,69,4,4
34733,111,115,-4,4
34734,111,112,-1,1
34735,154,146,8,8
34736,56,55,1,1
34737,136,133,3,3
34738,101,94,7,7
34739,120,120,0,0
34740,62,49,13,13
34741,105,98,7,7
34742,76,76,0,0
34743,161,159,2,2
34744,88,94,-6,6
34745,51,51,0,0
34746,108,108,0,0
34747,101,102,-1,1
34748,74,66,8,8
34749,189,165,24,24
34750,46,51,-5,5
34751,58,58,0,0
34752,100,80,20,20
34753,171,144,27,27
34754,45,49,-4,4
34755,87,78,9,9
34756,57,51,6,6
34757,137,122,15,15
34758,72,71,1,1
34759,115,113,2,2
34760,98,95,3,3
34761,58,56,2,2
34762,87,106,-19,19
34763,79,80,-1,1
34764,79,79,0,0
34765,67,68,-1,1
34766,32,36,-4,4
34767,76,72,4,4
34768,80,60,20,20
34769,106,96,10,10
34770,54,56,-2,2
34771,75,76,-1,1
34772,149,147,2,2
34773,110,97,13,13
34774,106,114,-8,8
34775,130,129,1,1
34776,49,47,2,2
34777,119,124,-5,5
34778,75,73,2,2
34779,89,83,6,6
34780,63,51,12,12
34781,64,51,13,13
34782,116,117,-1,1
34783,79,69,10,10
34784,92,86,6,6
34785,70,73,-3,3
34786,120,115,5,5
34787,165,159,6,6
34788,187,191,-4,4
34789,82,83,-1,1
34790,53,74,-21,21
34791,88,76,12,12
34792,75,62,13,13
34793,66,60,6,6
34794,80,76,4,4
34795,113,101,12,12
34796,48,45,3,3
34797,52,58,-6,6
34798,169,159,10,10
34799,100,112,-12,12
34800,71,77,-6,6
34801,103,118,-15,15
34802,127,129,-2,2
34803,132,127,5,5
34804,136,135,1,1
34805,67,69,-2,2
34806,127,128,-1,1
34807,142,142,0,0
34808,114,132,-18,18
34809,71,71,0,0
34810,77,69,8,8
34811,86,93,-7,7
34812,166,143,23,23
34813,116,112,4,4
34814,42,47,-5,5
34815,91,82,9,9
34816,81,72,9,9
34817,109,101,8,8
34818,164,163,1,1
34819,119,121,-2,2
34820,79,67,12,12
34821,122,119,3,3
34822,67,66,1,1
34823,96,91,5,5
34824,81,76,5,5
34825,110,76,34,34
34826,142,140,2,2
34827,30,38,-8,8
34828,102,92,10,10
34829,128,114,14,14
34830,127,140,-13,13
34831,55,89,-34,34
34832,125,156,-31,31
34833,85,86,-1,1
34834,82,76,6,6
34835,99,108,-9,9
34836,142,141,1,1
34837,99,107,-8,8
34838,96,102,-6,6
34839,87,100,-13,13
34840,76,77,-1,1
34841,95,89,6,6
34842,61,61,0,0
34843,58,67,-9,9
34844,88,88,0,0
34845,87,93,-6,6
34846,89,75,14,14
34847,100,93,7,7
34848,87,90,-3,3
34849,86,80,6,6
34850,43,52,-9,9
34851,33,27,6,6
34852,97,92,5,5
34853,130,119,11,11
34854,149,141,8,8
34855,139,108,31,31
34856,71,76,-5,5
34857,53,65,-12,12
34858,69,60,9,9
34859,114,97,17,17
34860,60,66,-6,6
34861,53,54,-1,1
34862,80,79,1,1
34863,75,61,14,14
34864,101,116,-15,15
34865,147,146,1,1
34866,100,91,9,9
34867,112,118,-6,6
34868,61,48,13,13
34869,68,67,1,1
34870,41,65,-24,24
34871,72,70,2,2
34872,69,79,-10,10
34873,135,121,14,14
34874,112,112,0,0
34875,63,61,2,2
34876,83,80,3,3
34877,74,82,-8,8
34878,85,89,-4,4
34879,91,83,8,8
34880,150,150,0,0
34881,96,88,8,8
34882,61,80,-19,19
34883,51,59,-8,8
34884,61,59,2,2
34885,143,165,-22,22
34886,64,63,1,1
34887,59,48,11,11
34888,67,85,-18,18
34889,65,77,-12,12
34890,142,127,15,15
34891,66,62,4,4
34892,73,77,-4,4
34893,107,110,-3,3
34894,112,97,15,15
34895,104,105,-1,1
34896,46,45,1,1
34897,83,68,15,15
34898,89,83,6,6
34899,73,66,7,7
34900,59,59,0,0
34901,59,58,1,1
34902,112,111,1,1
34903,75,75,0,0
34904,68,72,-4,4
34905,80,83,-3,3
34906,70,83,-13,13
34907,77,80,-3,3
34908,49,52,-3,3
34909,91,93,-2,2
34910,65,63,2,2
34911,77,67,10,10
34912,130,111,19,19
34913,77,71,6,6
34914,175,191,-16,16
34915,103,111,-8,8
34916,79,74,5,5
34917,74,62,12,12
34918,98,95,3,3
34919,111,107,4,4
34920,105,117,-12,12
34921,106,105,1,1
34922,43,50,-7,7
34923,91,95,-4,4
34924,88,85,3,3
34925,121,114,7,7
34926,111,105,6,6
34927,65,74,-9,9
34928,63,56,7,7
34929,91,98,-7,7
34930,70,69,1,1
34931,117,112,5,5
34932,56,57,-1,1
34933,153,151,2,2
34934,135,134,1,1
34935,66,66,0,0
34936,97,104,-7,7
34937,94,106,-12,12
34938,79,72,7,7
34939,89,77,12,12
34940,117,111,6,6
34941,50,59,-9,9
34942,172,176,-4,4
34943,71,78,-7,7
34944,94,79,15,15
34945,146,149,-3,3
34946,57,53,4,4
34947,91,91,0,0
34948,44,54,-10,10
34949,124,124,0,0
34950,117,98,19,19
34951,93,80,13,13
34952,100,105,-5,5
34953,167,160,7,7
34954,97,94,3,3
34955,117,113,4,4
34956,142,134,8,8
34957,62,56,6,6
34958,99,101,-2,2
34959,83,85,-2,2
34960,61,62,-1,1
34961,80,85,-5,5
34962,85,77,8,8
34963,102,104,-2,2
34964,127,132,-5,5
34965,123,122,1,1
34966,117,116,1,1
34967,102,114,-12,12
34968,100,103,-3,3
34969,105,91,14,14
34970,116,98,18,18
34971,104,100,4,4
34972,70,65,5,5
34973,71,70,1,1
34974,59,69,-10,10
34975,86,84,2,2
34976,121,98,23,23
34977,104,101,3,3
34978,93,87,6,6
34979,78,76,2,2
34980,124,118,6,6
34981,83,84,-1,1
34982,126,122,4,4
34983,91,90,1,1
34984,89,101,-12,12
34985,79,72,7,7
34986,110,111,-1,1
34987,80,82,-2,2
34988,116,114,2,2
34989,133,122,11,11
34990,91,82,9,9
34991,94,83,11,11
34992,160,150,10,10
34993,107,109,-2,2
34994,61,61,0,0
34995,74,53,21,21
34996,80,80,0,0
34997,50,55,-5,5
34998,98,94,4,4
34999,47,51,-4,4
35000,63,77,-14,14
35001,92,92,0,0
35002,97,94,3,3
35003,101,98,3,3
35004,48,61,-13,13
35005,114,116,-2,2
35006,106,101,5,5
35007,98,94,4,4
35008,133,133,0,0
35009,98,86,12,12
35010,41,47,-6,6
35011,85,84,1,1
35012,102,100,2,2
35013,97,80,17,17
35014,49,52,-3,3
35015,50,54,-4,4
35016,86,81,5,5
35017,96,117,-21,21
35018,110,99,11,11
35019,95,102,-7,7
35020,89,78,11,11
35021,92,88,4,4
35022,109,115,-6,6
35023,75,75,0,0
35024,61,55,6,6
35025,82,88,-6,6
35026,88,89,-1,1
35027,139,130,9,9
35028,67,81,-14,14
35029,106,104,2,2
35030,108,109,-1,1
35031,80,79,1,1
35032,78,82,-4,4
35033,87,84,3,3
35034,57,48,9,9
35035,63,57,6,6
35036,105,82,23,23
35037,129,112,17,17
35038,65,58,7,7
35039,93,90,3,3
35040,50,59,-9,9
35041,30,53,-23,23
35042,81,75,6,6
35043,55,62,-7,7
35044,76,67,9,9
35045,135,121,14,14
35046,55,57,-2,2
35047,140,141,-1,1
35048,92,87,5,5
35049,124,125,-1,1
35050,100,95,5,5
35051,40,37,3,3
35052,50,49,1,1
35053,85,78,7,7
35054,87,91,-4,4
35055,136,129,7,7
35056,65,66,-1,1
35057,97,74,23,23
35058,80,69,11,11
35059,99,94,5,5
35060,69,69,0,0
35061,97,100,-3,3
35062,65,63,2,2
35063,67,67,0,0
35064,108,101,7,7
35065,105,109,-4,4
35066,98,86,12,12
35067,73,65,8,8
35068,87,88,-1,1
35069,80,69,11,11
35070,115,103,12,12
35071,129,111,18,18
35072,62,62,0,0
35073,141,131,10,10
35074,165,158,7,7
35075,167,166,1,1
35076,128,114,14,14
35077,163,151,12,12
35078,49,66,-17,17
35079,73,85,-12,12
35080,117,161,-44,44
35081,182,166,16,16
35082,91,81,10,10
35083,73,74,-1,1
35084,130,132,-2,2
35085,92,90,2,2
35086,164,138,26,26
35087,100,109,-9,9
35088,106,106,0,0
35089,155,162,-7,7
35090,84,84,0,0
35091,115,129,-14,14
35092,74,73,1,1
35093,62,58,4,4
35094,76,79,-3,3
35095,82,90,-8,8
35096,116,101,15,15
35097,84,76,8,8
35098,61,62,-1,1
35099,155,146,9,9
35100,87,144,-57,57
35101,118,119,-1,1
35102,126,130,-4,4
35103,123,128,-5,5
35104,72,74,-2,2
35105,106,106,0,0
35106,119,117,2,2
35107,79,76,3,3
35108,70,84,-14,14
35109,129,119,10,10
35110,93,81,12,12
35111,98,87,11,11
35112,164,173,-9,9
35113,110,122,-12,12
35114,108,109,-1,1
35115,79,72,7,7
35116,140,144,-4,4
35117,81,86,-5,5
35118,84,89,-5,5
35119,64,63,1,1
35120,101,103,-2,2
35121,65,66,-1,1
35122,71,86,-15,15
35123,66,60,6,6
35124,81,78,3,3
35125,82,93,-11,11
35126,101,111,-10,10
35127,95,91,4,4
35128,95,98,-3,3
35129,177,175,2,2
35130,148,160,-12,12
35131,83,85,-2,2
35132,79,74,5,5
35133,87,77,10,10
35134,120,116,4,4
35135,140,163,-23,23
35136,117,110,7,7
35137,88,87,1,1
35138,79,65,14,14
35139,89,88,1,1
35140,83,77,6,6
35141,79,93,-14,14
35142,118,117,1,1
35143,79,85,-6,6
35144,95,87,8,8
35145,62,65,-3,3
35146,67,67,0,0
35147,63,65,-2,2
35148,99,86,13,13
35149,164,162,2,2
35150,71,58,13,13
35151,49,58,-9,9
35152,88,91,-3,3
35153,93,88,5,5
35154,90,81,9,9
35155,96,85,11,11
35156,91,86,5,5
35157,41,47,-6,6
35158,94,93,1,1
35159,58,59,-1,1
35160,87,88,-1,1
35161,100,92,8,8
35162,117,118,-1,1
35163,106,101,5,5
35164,65,68,-3,3
35165,126,129,-3,3
35166,92,98,-6,6
35167,78,82,-4,4
35168,98,89,9,9
35169,102,115,-13,13
35170,115,103,12,12
35171,93,91,2,2
35172,48,54,-6,6
35173,64,59,5,5
35174,168,178,-10,10
35175,95,84,11,11
35176,125,118,7,7
35177,128,143,-15,15
35178,137,115,22,22
35179,62,56,6,6
35180,76,75,1,1
35181,66,63,3,3
35182,50,55,-5,5
35183,98,88,10,10
35184,101,105,-4,4
35185,77,73,4,4
35186,97,97,0,0
35187,116,108,8,8
35188,118,107,11,11
35189,157,159,-2,2
35190,48,54,-6,6
35191,86,91,-5,5
35192,79,97,-18,18
35193,93,87,6,6
35194,58,61,-3,3
35195,65,62,3,3
35196,203,195,8,8
35197,59,56,3,3
35198,103,96,7,7
35199,35,47,-12,12
35200,95,99,-4,4
35201,89,91,-2,2
35202,122,115,7,7
35203,97,92,5,5
35204,84,81,3,3
35205,146,129,17,17
35206,129,121,8,8
35207,76,77,-1,1
35208,79,75,4,4
35209,92,85,7,7
35210,82,69,13,13
35211,111,102,9,9
35212,88,78,10,10
35213,155,141,14,14
35214,75,57,18,18
35215,109,99,10,10
35216,64,59,5,5
35217,76,70,6,6
35218,114,120,-6,6
35219,84,79,5,5
35220,90,85,5,5
35221,49,51,-2,2
35222,103,104,-1,1
35223,140,143,-3,3
35224,64,74,-10,10
35225,171,177,-6,6
35226,89,87,2,2
35227,57,61,-4,4
35228,99,76,23,23
35229,62,59,3,3
35230,191,187,4,4
35231,108,98,10,10
35232,116,111,5,5
35233,157,147,10,10
35234,98,108,-10,10
35235,167,175,-8,8
35236,89,75,14,14
35237,65,66,-1,1
35238,103,115,-12,12
35239,107,105,2,2
35240,66,62,4,4
35241,137,133,4,4
35242,68,59,9,9
35243,64,57,7,7
35244,137,131,6,6
35245,101,99,2,2
35246,120,111,9,9
35247,99,90,9,9
35248,58,67,-9,9
35249,93,95,-2,2
35250,48,66,-18,18
35251,96,107,-11,11
35252,68,67,1,1
35253,95,89,6,6
35254,117,107,10,10
35255,61,65,-4,4
35256,122,124,-2,2
35257,77,82,-5,5
35258,69,75,-6,6
35259,105,88,17,17
35260,126,120,6,6
35261,67,64,3,3
35262,122,116,6,6
35263,96,96,0,0
35264,188,172,16,16
35265,72,51,21,21
35266,122,103,19,19
35267,53,62,-9,9
35268,49,66,-17,17
35269,131,118,13,13
35270,118,105,13,13
35271,68,60,8,8
35272,84,84,0,0
35273,80,81,-1,1
35274,95,109,-14,14
35275,54,52,2,2
35276,80,82,-2,2
35277,55,54,1,1
35278,50,47,3,3
35279,141,138,3,3
35280,118,110,8,8
35281,64,73,-9,9
35282,132,118,14,14
35283,81,77,4,4
35284,49,47,2,2
35285,86,84,2,2
35286,107,106,1,1
35287,123,119,4,4
35288,109,97,12,12
35289,121,113,8,8
35290,89,93,-4,4
35291,57,61,-4,4
35292,123,111,12,12
35293,102,107,-5,5
35294,143,130,13,13
35295,57,53,4,4
35296,84,78,6,6
35297,73,73,0,0
35298,124,122,2,2
35299,86,79,7,7
35300,128,124,4,4
35301,146,130,16,16
35302,92,82,10,10
35303,68,73,-5,5
35304,88,83,5,5
35305,147,147,0,0
35306,134,137,-3,3
35307,91,92,-1,1
35308,137,132,5,5
35309,130,127,3,3
35310,103,98,5,5
35311,78,91,-13,13
35312,85,80,5,5
35313,57,54,3,3
35314,159,149,10,10
35315,80,82,-2,2
35316,113,123,-10,10
35317,152,140,12,12
35318,163,152,11,11
35319,137,107,30,30
35320,116,122,-6,6
35321,144,137,7,7
35322,61,64,-3,3
35323,158,152,6,6
35324,120,150,-30,30
35325,64,63,1,1
35326,106,99,7,7
35327,60,65,-5,5
35328,87,89,-2,2
35329,72,69,3,3
35330,92,92,0,0
35331,164,156,8,8
35332,121,134,-13,13
35333,63,63,0,0
35334,108,107,1,1
35335,70,62,8,8
35336,66,68,-2,2
35337,81,126,-45,45
35338,84,81,3,3
35339,69,72,-3,3
35340,161,170,-9,9
35341,73,64,9,9
35342,62,59,3,3
35343,66,73,-7,7
35344,80,81,-1,1
35345,110,123,-13,13
35346,145,156,-11,11
35347,32,51,-19,19
35348,62,67,-5,5
35349,191,192,-1,1
35350,84,85,-1,1
35351,96,80,16,16
35352,87,76,11,11
35353,54,55,-1,1
35354,85,78,7,7
35355,118,122,-4,4
35356,52,54,-2,2
35357,102,91,11,11
35358,66,68,-2,2
35359,151,157,-6,6
35360,129,142,-13,13
35361,61,53,8,8
35362,102,106,-4,4
35363,88,86,2,2
35364,61,72,-11,11
35365,77,84,-7,7
35366,79,79,0,0
35367,110,100,10,10
35368,96,91,5,5
35369,74,69,5,5
35370,120,119,1,1
35371,134,131,3,3
35372,66,61,5,5
35373,61,62,-1,1
35374,130,116,14,14
35375,60,62,-2,2
35376,66,63,3,3
35377,115,112,3,3
35378,99,101,-2,2
35379,55,46,9,9
35380,104,93,11,11
35381,104,101,3,3
35382,97,103,-6,6
35383,48,49,-1,1
35384,51,49,2,2
35385,51,49,2,2
35386,80,75,5,5
35387,57,48,9,9
35388,77,57,20,20
35389,128,123,5,5
35390,141,146,-5,5
35391,77,73,4,4
35392,132,127,5,5
35393,110,104,6,6
35394,43,32,11,11
35395,110,114,-4,4
35396,85,72,13,13
35397,92,96,-4,4
35398,49,49,0,0
35399,69,60,9,9
35400,64,63,1,1
35401,82,75,7,7
35402,59,64,-5,5
35403,69,64,5,5
35404,66,64,2,2
35405,92,87,5,5
35406,101,87,14,14
35407,62,62,0,0
35408,126,110,16,16
35409,119,123,-4,4
35410,117,97,20,20
35411,162,154,8,8
35412,100,99,1,1
35413,107,113,-6,6
35414,49,59,-10,10
35415,75,77,-2,2
35416,85,76,9,9
35417,87,70,17,17
35418,58,58,0,0
35419,86,103,-17,17
35420,54,53,1,1
35421,149,145,4,4
35422,99,87,12,12
35423,118,116,2,2
35424,88,83,5,5
35425,128,146,-18,18
35426,121,118,3,3
35427,62,69,-7,7
35428,32,34,-2,2
35429,152,147,5,5
35430,58,54,4,4
35431,77,82,-5,5
35432,127,114,13,13
35433,109,103,6,6
35434,116,115,1,1
35435,83,78,5,5
35436,70,74,-4,4
35437,101,89,12,12
35438,70,61,9,9
35439,117,112,5,5
35440,93,94,-1,1
35441,72,70,2,2
35442,131,130,1,1
35443,64,62,2,2
35444,160,155,5,5
35445,86,77,9,9
35446,84,84,0,0
35447,56,59,-3,3
35448,94,85,9,9
35449,149,134,15,15
35450,128,116,12,12
35451,97,99,-2,2
35452,178,168,10,10
35453,102,98,4,4
35454,53,49,4,4
35455,124,110,14,14
35456,79,79,0,0
35457,136,149,-13,13
35458,71,71,0,0
35459,54,41,13,13
35460,97,87,10,10
35461,72,76,-4,4
35462,169,153,16,16
35463,80,77,3,3
35464,53,62,-9,9
35465,64,54,10,10
35466,52,61,-9,9
35467,38,41,-3,3
35468,78,68,10,10
35469,160,80,80,80
35470,113,100,13,13
35471,90,96,-6,6
35472,63,65,-2,2
35473,79,76,3,3
35474,56,61,-5,5
35475,241,225,16,16
35476,68,69,-1,1
35477,145,135,10,10
35478,69,58,11,11
35479,107,97,10,10
35480,79,85,-6,6
35481,123,123,0,0
35482,97,84,13,13
35483,77,72,5,5
35484,66,135,-69,69
35485,83,77,6,6
35486,82,78,4,4
35487,78,73,5,5
35488,89,76,13,13
35489,76,62,14,14
35490,61,61,0,0
35491,116,108,8,8
35492,128,134,-6,6
35493,130,131,-1,1
35494,46,45,1,1
35495,105,107,-2,2
35496,150,132,18,18
35497,156,160,-4,4
35498,69,64,5,5
35499,89,81,8,8
35500,77,66,11,11
35501,123,122,1,1
35502,97,94,3,3
35503,87,76,11,11
35504,80,75,5,5
35505,79,76,3,3
35506,58,62,-4,4
35507,53,51,2,2
35508,105,112,-7,7
35509,74,79,-5,5
35510,101,100,1,1
35511,56,56,0,0
35512,115,106,9,9
35513,141,147,-6,6
35514,116,112,4,4
35515,47,48,-1,1
35516,43,48,-5,5
35517,80,80,0,0
35518,91,85,6,6
35519,75,83,-8,8
35520,114,100,14,14
35521,79,80,-1,1
35522,106,98,8,8
35523,69,64,5,5
35524,87,69,18,18
35525,118,130,-12,12
35526,84,83,1,1
35527,90,92,-2,2
35528,97,89,8,8
35529,57,60,-3,3
35530,132,131,1,1
35531,90,102,-12,12
35532,108,97,11,11
35533,132,110,22,22
35534,76,82,-6,6
35535,38,37,1,1
35536,52,56,-4,4
35537,68,63,5,5
35538,141,145,-4,4
35539,90,94,-4,4
35540,72,63,9,9
35541,74,68,6,6
35542,89,82,7,7
35543,72,65,7,7
35544,78,63,15,15
35545,67,69,-2,2
35546,94,89,5,5
35547,65,58,7,7
35548,75,73,2,2
35549,76,82,-6,6
35550,78,66,12,12
35551,70,77,-7,7
35552,124,113,11,11
35553,123,124,-1,1
35554,185,177,8,8
35555,126,106,20,20
35556,104,103,1,1
35557,79,77,2,2
35558,74,54,20,20
35559,82,75,7,7
35560,47,49,-2,2
35561,40,38,2,2
35562,102,104,-2,2
35563,68,75,-7,7
35564,95,104,-9,9
35565,111,107,4,4
35566,74,78,-4,4
35567,63,61,2,2
35568,118,115,3,3
35569,181,167,14,14
35570,63,66,-3,3
35571,73,68,5,5
35572,76,83,-7,7
35573,80,74,6,6
35574,99,104,-5,5
35575,83,80,3,3
35576,48,50,-2,2
35577,140,130,10,10
35578,101,100,1,1
35579,76,83,-7,7
35580,84,91,-7,7
35581,95,79,16,16
35582,60,53,7,7
35583,78,76,2,2
35584,125,124,1,1
35585,90,83,7,7
35586,99,98,1,1
35587,58,51,7,7
35588,128,124,4,4
35589,67,65,2,2
35590,96,107,-11,11
35591,96,91,5,5
35592,141,137,4,4
35593,77,77,0,0
35594,114,95,19,19
35595,86,83,3,3
35596,175,172,3,3
35597,129,123,6,6
35598,50,51,-1,1
35599,70,60,10,10
35600,224,214,10,10
35601,146,140,6,6
35602,81,78,3,3
35603,97,83,14,14
35604,118,133,-15,15
35605,77,71,6,6
35606,73,74,-1,1
35607,85,76,9,9
35608,102,97,5,5
35609,130,125,5,5
35610,133,134,-1,1
35611,129,125,4,4
35612,80,79,1,1
35613,93,90,3,3
35614,91,77,14,14
35615,41,95,-54,54
35616,82,86,-4,4
35617,67,68,-1,1
35618,85,78,7,7
35619,75,80,-5,5
35620,118,121,-3,3
35621,118,97,21,21
35622,79,82,-3,3
35623,63,67,-4,4
35624,170,172,-2,2
35625,73,70,3,3
35626,114,87,27,27
35627,154,160,-6,6
35628,54,78,-24,24
35629,115,110,5,5
35630,49,127,-78,78
35631,99,103,-4,4
35632,80,68,12,12
35633,152,158,-6,6
35634,71,65,6,6
35635,118,149,-31,31
35636,106,95,11,11
35637,106,117,-11,11
35638,173,164,9,9
35639,89,92,-3,3
35640,65,67,-2,2
35641,93,93,0,0
35642,109,103,6,6
35643,126,138,-12,12
35644,143,160,-17,17
35645,127,125,2,2
35646,114,107,7,7
35647,84,88,-4,4
35648,68,73,-5,5
35649,60,63,-3,3
35650,111,115,-4,4
35651,127,137,-10,10
35652,83,81,2,2
35653,98,92,6,6
35654,83,68,15,15
35655,77,75,2,2
35656,51,46,5,5
35657,88,82,6,6
35658,48,56,-8,8
35659,147,146,1,1
35660,66,81,-15,15
35661,100,92,8,8
35662,76,81,-5,5
35663,59,67,-8,8
35664,116,113,3,3
35665,61,60,1,1
35666,155,146,9,9
35667,99,99,0,0
35668,112,105,7,7
35669,70,68,2,2
35670,79,81,-2,2
35671,96,104,-8,8
35672,90,92,-2,2
35673,104,103,1,1
35674,99,98,1,1
35675,81,81,0,0
35676,134,148,-14,14
35677,126,128,-2,2
35678,160,135,25,25
35679,75,66,9,9
35680,104,104,0,0
35681,150,132,18,18
35682,120,118,2,2
35683,90,92,-2,2
35684,120,110,10,10
35685,142,139,3,3
35686,75,65,10,10
35687,102,83,19,19
35688,162,150,12,12
35689,74,72,2,2
35690,75,66,9,9
35691,99,97,2,2
35692,130,132,-2,2
35693,53,39,14,14
35694,127,116,11,11
35695,103,92,11,11
35696,94,87,7,7
35697,76,86,-10,10
35698,83,86,-3,3
35699,195,175,20,20
35700,58,66,-8,8
35701,51,61,-10,10
35702,153,149,4,4
35703,190,178,12,12
35704,87,83,4,4
35705,96,96,0,0
35706,100,88,12,12
35707,74,69,5,5
35708,67,66,1,1
35709,124,128,-4,4
35710,74,68,6,6
35711,111,99,12,12
35712,93,117,-24,24
35713,107,94,13,13
35714,70,61,9,9
35715,154,157,-3,3
35716,125,110,15,15
35717,107,92,15,15
35718,69,81,-12,12
35719,101,100,1,1
35720,95,80,15,15
35721,96,93,3,3
35722,85,76,9,9
35723,70,96,-26,26
35724,68,57,11,11
35725,61,60,1,1
35726,155,161,-6,6
35727,58,59,-1,1
35728,72,68,4,4
35729,47,48,-1,1
35730,98,98,0,0
35731,145,142,3,3
35732,52,57,-5,5
35733,120,106,14,14
35734,78,69,9,9
35735,56,52,4,4
35736,89,95,-6,6
35737,82,80,2,2
35738,104,109,-5,5
35739,128,137,-9,9
35740,159,149,10,10
35741,79,83,-4,4
35742,109,100,9,9
35743,120,119,1,1
35744,79,94,-15,15
35745,73,54,19,19
35746,64,55,9,9
35747,97,91,6,6
35748,135,105,30,30
35749,81,83,-2,2
35750,91,85,6,6
35751,58,47,11,11
35752,78,64,14,14
35753,77,69,8,8
35754,47,42,5,5
35755,167,155,12,12
35756,65,85,-20,20
35757,152,149,3,3
35758,159,156,3,3
35759,89,116,-27,27
35760,205,186,19,19
35761,108,99,9,9
35762,101,95,6,6
35763,129,133,-4,4
35764,123,116,7,7
35765,90,93,-3,3
35766,138,129,9,9
35767,105,93,12,12
35768,93,78,15,15
35769,129,115,14,14
35770,110,92,18,18
35771,86,93,-7,7
35772,72,78,-6,6
35773,122,121,1,1
35774,37,45,-8,8
35775,173,175,-2,2
35776,97,78,19,19
35777,45,48,-3,3
35778,97,90,7,7
35779,85,91,-6,6
35780,83,82,1,1
35781,105,98,7,7
35782,138,134,4,4
35783,98,91,7,7
35784,128,116,12,12
35785,94,85,9,9
35786,131,110,21,21
35787,67,70,-3,3
35788,176,175,1,1
35789,116,112,4,4
35790,116,120,-4,4
35791,80,51,29,29
35792,84,77,7,7
35793,69,73,-4,4
35794,165,176,-11,11
35795,55,62,-7,7
35796,123,125,-2,2
35797,117,123,-6,6
35798,81,67,14,14
35799,86,81,5,5
35800,185,178,7,7
35801,104,94,10,10
35802,89,95,-6,6
35803,85,80,5,5
35804,156,146,10,10
35805,72,67,5,5
35806,95,77,18,18
35807,86,76,10,10
35808,72,59,13,13
35809,168,154,14,14
35810,42,41,1,1
35811,93,95,-2,2
35812,103,88,15,15
35813,83,78,5,5
35814,137,135,2,2
35815,117,123,-6,6
35816,77,82,-5,5
35817,79,88,-9,9
35818,121,116,5,5
35819,110,116,-6,6
35820,101,96,5,5
35821,88,102,-14,14
35822,91,83,8,8
35823,166,156,10,10
35824,63,63,0,0
35825,92,94,-2,2
35826,138,122,16,16
35827,110,122,-12,12
35828,151,135,16,16
35829,121,129,-8,8
35830,73,72,1,1
35831,77,71,6,6
35832,197,188,9,9
35833,94,78,16,16
35834,67,71,-4,4
35835,147,130,17,17
35836,92,113,-21,21
35837,138,135,3,3
35838,71,77,-6,6
35839,93,85,8,8
35840,115,109,6,6
35841,90,86,4,4
35842,137,123,14,14
35843,136,128,8,8
35844,63,60,3,3
35845,68,64,4,4
35846,105,102,3,3
35847,61,54,7,7
35848,75,76,-1,1
35849,120,119,1,1
35850,145,146,-1,1
35851,106,105,1,1
35852,171,167,4,4
35853,87,95,-8,8
35854,112,100,12,12
35855,75,75,0,0
35856,84,92,-8,8
35857,55,53,2,2
35858,57,58,-1,1
35859,71,60,11,11
35860,150,145,5,5
35861,42,46,-4,4
35862,95,88,7,7
35863,100,102,-2,2
35864,77,63,14,14
35865,134,143,-9,9
35866,100,79,21,21
35867,117,121,-4,4
35868,74,97,-23,23
35869,106,96,10,10
35870,121,114,7,7
35871,115,108,7,7
35872,137,135,2,2
35873,80,76,4,4
35874,81,81,0,0
35875,50,55,-5,5
35876,60,68,-8,8
35877,143,123,20,20
35878,80,97,-17,17
35879,72,61,11,11
35880,74,62,12,12
35881,125,120,5,5
35882,111,110,1,1
35883,99,104,-5,5
35884,72,71,1,1
35885,84,75,9,9
35886,52,54,-2,2
35887,54,51,3,3
35888,63,62,1,1
35889,101,87,14,14
35890,65,59,6,6
35891,74,78,-4,4
35892,141,131,10,10
35893,84,82,2,2
35894,156,144,12,12
35895,105,91,14,14
35896,130,118,12,12
35897,74,84,-10,10
35898,97,102,-5,5
35899,111,115,-4,4
35900,65,61,4,4
35901,124,121,3,3
35902,80,79,1,1
35903,93,80,13,13
35904,122,115,7,7
35905,84,82,2,2
35906,92,94,-2,2
35907,52,75,-23,23
35908,86,95,-9,9
35909,69,75,-6,6
35910,114,114,0,0
35911,68,60,8,8
35912,123,127,-4,4
35913,104,118,-14,14
35914,119,106,13,13
35915,123,111,12,12
35916,99,89,10,10
35917,117,139,-22,22
35918,94,101,-7,7
35919,126,120,6,6
35920,148,138,10,10
35921,112,102,10,10
35922,168,171,-3,3
35923,81,78,3,3
35924,100,87,13,13
35925,78,77,1,1
35926,109,110,-1,1
35927,120,110,10,10
35928,119,129,-10,10
35929,83,94,-11,11
35930,138,132,6,6
35931,63,63,0,0
35932,63,47,16,16
35933,88,79,9,9
35934,50,46,4,4
35935,171,158,13,13
35936,111,103,8,8
35937,154,153,1,1
35938,131,122,9,9
35939,110,98,12,12
35940,74,79,-5,5
35941,116,131,-15,15
35942,112,111,1,1
35943,89,89,0,0
35944,109,112,-3,3
35945,68,58,10,10
35946,77,76,1,1
35947,69,63,6,6
35948,54,69,-15,15
35949,74,69,5,5
35950,140,135,5,5
35951,92,84,8,8
35952,47,48,-1,1
35953,49,51,-2,2
35954,72,70,2,2
35955,79,83,-4,4
35956,45,49,-4,4
35957,53,54,-1,1
35958,114,113,1,1
35959,64,63,1,1
35960,63,56,7,7
35961,113,99,14,14
35962,103,95,8,8
35963,109,103,6,6
35964,94,94,0,0
35965,65,57,8,8
35966,94,93,1,1
35967,142,141,1,1
35968,38,46,-8,8
35969,91,98,-7,7
35970,86,82,4,4
35971,150,148,2,2
35972,66,61,5,5
35973,68,60,8,8
35974,62,53,9,9
35975,53,47,6,6
35976,53,67,-14,14
35977,117,112,5,5
35978,89,91,-2,2
35979,96,83,13,13
35980,109,112,-3,3
35981,100,88,12,12
35982,132,122,10,10
35983,125,123,2,2
35984,47,50,-3,3
35985,76,88,-12,12
35986,80,76,4,4
35987,108,117,-9,9
35988,72,71,1,1
35989,79,70,9,9
35990,103,98,5,5
35991,93,85,8,8
35992,90,79,11,11
35993,76,71,5,5
35994,88,82,6,6
35995,70,80,-10,10
35996,162,127,35,35
35997,86,81,5,5
35998,62,66,-4,4
35999,78,80,-2,2
36000,51,55,-4,4
36001,131,100,31,31
36002,81,80,1,1
36003,100,100,0,0
36004,107,105,2,2
36005,71,71,0,0
36006,99,94,5,5
36007,128,121,7,7
36008,102,102,0,0
36009,111,122,-11,11
36010,114,114,0,0
36011,145,136,9,9
36012,123,102,21,21
36013,64,56,8,8
36014,138,141,-3,3
36015,120,128,-8,8
36016,96,85,11,11
36017,143,137,6,6
36018,79,71,8,8
36019,139,148,-9,9
36020,124,121,3,3
36021,76,81,-5,5
36022,67,64,3,3
36023,65,82,-17,17
36024,62,68,-6,6
36025,184,183,1,1
36026,102,108,-6,6
36027,60,57,3,3
36028,79,83,-4,4
36029,63,65,-2,2
36030,70,53,17,17
36031,91,95,-4,4
36032,68,69,-1,1
36033,86,92,-6,6
36034,97,105,-8,8
36035,78,88,-10,10
36036,110,94,16,16
36037,94,86,8,8
36038,68,85,-17,17
36039,150,144,6,6
36040,81,77,4,4
36041,58,60,-2,2
36042,48,48,0,0
36043,76,68,8,8
36044,102,95,7,7
36045,74,70,4,4
36046,60,69,-9,9
36047,75,80,-5,5
36048,92,85,7,7
36049,62,59,3,3
36050,91,93,-2,2
36051,93,99,-6,6
36052,146,150,-4,4
36053,94,92,2,2
36054,88,87,1,1
36055,124,121,3,3
36056,92,92,0,0
36057,87,106,-19,19
36058,113,126,-13,13
36059,99,92,7,7
36060,90,89,1,1
36061,95,83,12,12
36062,61,58,3,3
36063,139,127,12,12
36064,106,117,-11,11
36065,42,42,0,0
36066,95,92,3,3
36067,121,122,-1,1
36068,130,139,-9,9
36069,121,126,-5,5
36070,74,76,-2,2
36071,84,81,3,3
36072,70,72,-2,2
36073,73,69,4,4
36074,116,107,9,9
36075,120,113,7,7
36076,151,141,10,10
36077,80,79,1,1
36078,90,89,1,1
36079,68,77,-9,9
36080,102,100,2,2
36081,180,178,2,2
36082,44,85,-41,41
36083,170,169,1,1
36084,99,89,10,10
36085,130,126,4,4
36086,78,96,-18,18
36087,107,100,7,7
36088,93,97,-4,4
36089,146,138,8,8
36090,97,93,4,4
36091,107,96,11,11
36092,116,108,8,8
36093,81,89,-8,8
36094,84,78,6,6
36095,88,98,-10,10
36096,77,72,5,5
36097,65,61,4,4
36098,158,147,11,11
36099,76,87,-11,11
36100,56,52,4,4
36101,119,122,-3,3
36102,82,77,5,5
36103,52,55,-3,3
36104,44,64,-20,20
36105,122,109,13,13
36106,92,97,-5,5
36107,87,81,6,6
36108,152,156,-4,4
36109,97,96,1,1
36110,127,109,18,18
36111,61,55,6,6
36112,58,61,-3,3
36113,94,89,5,5
36114,123,116,7,7
36115,141,122,19,19
36116,61,66,-5,5
36117,151,169,-18,18
36118,117,114,3,3
36119,88,86,2,2
36120,71,64,7,7
36121,131,141,-10,10
36122,98,82,16,16
36123,54,60,-6,6
36124,133,123,10,10
36125,68,64,4,4
36126,49,57,-8,8
36127,106,97,9,9
36128,144,134,10,10
36129,105,101,4,4
36130,59,62,-3,3
36131,65,65,0,0
36132,136,134,2,2
36133,58,53,5,5
36134,49,57,-8,8
36135,47,47,0,0
36136,87,83,4,4
36137,81,95,-14,14
36138,110,91,19,19
36139,119,117,2,2
36140,114,111,3,3
36141,77,64,13,13
36142,114,119,-5,5
36143,112,104,8,8
36144,86,118,-32,32
36145,91,84,7,7
36146,136,120,16,16
36147,52,50,2,2
36148,85,85,0,0
36149,97,91,6,6
36150,151,145,6,6
36151,118,115,3,3
36152,156,138,18,18
36153,61,60,1,1
36154,107,99,8,8
36155,173,174,-1,1
36156,86,87,-1,1
36157,74,72,2,2
36158,90,93,-3,3
36159,61,61,0,0
36160,112,115,-3,3
36161,114,114,0,0
36162,86,86,0,0
36163,115,120,-5,5
36164,128,126,2,2
36165,62,64,-2,2
36166,81,82,-1,1
36167,102,101,1,1
36168,104,108,-4,4
36169,70,74,-4,4
36170,85,77,8,8
36171,59,55,4,4
36172,112,101,11,11
36173,141,153,-12,12
36174,103,95,8,8
36175,89,79,10,10
36176,83,80,3,3
36177,54,51,3,3
36178,70,74,-4,4
36179,75,72,3,3
36180,124,120,4,4
36181,64,58,6,6
36182,137,124,13,13
36183,112,121,-9,9
36184,60,80,-20,20
36185,103,104,-1,1
36186,76,63,13,13
36187,100,79,21,21
36188,68,68,0,0
36189,72,73,-1,1
36190,52,59,-7,7
36191,91,83,8,8
36192,57,53,4,4
36193,71,56,15,15
36194,99,105,-6,6
36195,117,130,-13,13
36196,179,170,9,9
36197,109,102,7,7
36198,33,41,-8,8
36199,101,103,-2,2
36200,105,100,5,5
36201,88,85,3,3
36202,152,159,-7,7
36203,88,73,15,15
36204,140,126,14,14
36205,123,98,25,25
36206,129,133,-4,4
36207,57,57,0,0
36208,53,51,2,2
36209,65,67,-2,2
36210,72,57,15,15
36211,127,143,-16,16
36212,62,66,-4,4
36213,47,49,-2,2
36214,101,74,27,27
36215,58,46,12,12
36216,90,96,-6,6
36217,71,69,2,2
36218,148,138,10,10
36219,131,119,12,12
36220,173,177,-4,4
36221,140,134,6,6
36222,88,91,-3,3
36223,105,113,-8,8
36224,129,117,12,12
36225,105,93,12,12
36226,113,125,-12,12
36227,83,91,-8,8
36228,58,61,-3,3
36229,59,57,2,2
36230,110,87,23,23
36231,106,105,1,1
36232,95,93,2,2
36233,101,83,18,18
36234,56,78,-22,22
36235,134,137,-3,3
36236,118,120,-2,2
36237,114,100,14,14
36238,70,64,6,6
36239,68,68,0,0
36240,66,66,0,0
36241,92,82,10,10
36242,113,122,-9,9
36243,108,100,8,8
36244,91,93,-2,2
36245,146,149,-3,3
36246,114,110,4,4
36247,103,99,4,4
36248,108,153,-45,45
36249,60,58,2,2
36250,62,62,0,0
36251,102,102,0,0
36252,110,117,-7,7
36253,194,174,20,20
36254,53,57,-4,4
36255,102,96,6,6
36256,175,157,18,18
36257,66,62,4,4
36258,108,103,5,5
36259,112,104,8,8
36260,154,132,22,22
36261,121,128,-7,7
36262,66,61,5,5
36263,84,77,7,7
36264,72,70,2,2
36265,97,88,9,9
36266,125,119,6,6
36267,53,61,-8,8
36268,56,58,-2,2
36269,139,146,-7,7
36270,76,86,-10,10
36271,98,92,6,6
36272,64,66,-2,2
36273,102,98,4,4
36274,63,72,-9,9
36275,125,120,5,5
36276,133,118,15,15
36277,61,59,2,2
36278,57,62,-5,5
36279,87,87,0,0
36280,65,68,-3,3
36281,45,55,-10,10
36282,105,110,-5,5
36283,123,116,7,7
36284,96,85,11,11
36285,146,157,-11,11
36286,65,67,-2,2
36287,93,77,16,16
36288,67,67,0,0
36289,112,87,25,25
36290,128,122,6,6
36291,78,73,5,5
36292,73,66,7,7
36293,89,83,6,6
36294,62,53,9,9
36295,127,138,-11,11
36296,126,111,15,15
36297,80,85,-5,5
36298,84,93,-9,9
36299,85,100,-15,15
36300,65,69,-4,4
36301,63,67,-4,4
36302,42,50,-8,8
36303,84,77,7,7
36304,73,68,5,5
36305,50,43,7,7
36306,107,119,-12,12
36307,108,99,9,9
36308,65,72,-7,7
36309,150,113,37,37
36310,101,93,8,8
36311,51,49,2,2
36312,74,66,8,8
36313,79,74,5,5
36314,117,107,10,10
36315,71,88,-17,17
36316,70,79,-9,9
36317,75,70,5,5
36318,38,45,-7,7
36319,104,114,-10,10
36320,97,89,8,8
36321,117,113,4,4
36322,78,62,16,16
36323,58,64,-6,6
36324,133,130,3,3
36325,51,58,-7,7
36326,117,116,1,1
36327,82,76,6,6
36328,155,149,6,6
36329,102,113,-11,11
36330,137,136,1,1
36331,85,78,7,7
36332,132,139,-7,7
36333,35,41,-6,6
36334,72,67,5,5
36335,119,117,2,2
36336,90,79,11,11
36337,69,64,5,5
36338,76,81,-5,5
36339,85,87,-2,2
36340,114,102,12,12
36341,84,100,-16,16
36342,78,78,0,0
36343,55,49,6,6
36344,102,100,2,2
36345,163,139,24,24
36346,69,63,6,6
36347,126,121,5,5
36348,43,43,0,0
36349,61,62,-1,1
36350,54,57,-3,3
36351,109,101,8,8
36352,102,115,-13,13
36353,80,80,0,0
36354,206,189,17,17
36355,51,51,0,0
36356,89,83,6,6
36357,72,73,-1,1
36358,127,124,3,3
36359,76,76,0,0
36360,107,109,-2,2
36361,71,65,6,6
36362,66,63,3,3
36363,76,82,-6,6
36364,184,170,14,14
36365,129,126,3,3
36366,55,52,3,3
36367,110,100,10,10
36368,75,73,2,2
36369,61,71,-10,10
36370,136,134,2,2
36371,103,99,4,4
36372,115,126,-11,11
36373,55,55,0,0
36374,113,104,9,9
36375,89,85,4,4
36376,121,108,13,13
36377,80,95,-15,15
36378,141,140,1,1
36379,150,168,-18,18
36380,90,74,16,16
36381,73,70,3,3
36382,137,166,-29,29
36383,107,96,11,11
36384,86,82,4,4
36385,112,112,0,0
36386,46,50,-4,4
36387,72,69,3,3
36388,99,104,-5,5
36389,63,63,0,0
36390,126,98,28,28
36391,64,62,2,2
36392,90,100,-10,10
36393,59,57,2,2
36394,66,63,3,3
36395,114,96,18,18
36396,102,86,16,16
36397,77,75,2,2
36398,90,77,13,13
36399,68,59,9,9
36400,78,70,8,8
36401,71,70,1,1
36402,49,43,6,6
36403,83,84,-1,1
36404,112,123,-11,11
36405,102,114,-12,12
36406,134,98,36,36
36407,57,60,-3,3
36408,71,68,3,3
36409,163,162,1,1
36410,130,108,22,22
36411,123,129,-6,6
36412,117,118,-1,1
36413,78,73,5,5
36414,39,38,1,1
36415,49,52,-3,3
36416,57,49,8,8
36417,51,57,-6,6
36418,123,101,22,22
36419,92,94,-2,2
36420,93,99,-6,6
36421,77,72,5,5
36422,197,159,38,38
36423,112,108,4,4
36424,63,65,-2,2
36425,83,85,-2,2
36426,68,85,-17,17
36427,105,101,4,4
36428,62,62,0,0
36429,71,61,10,10
36430,91,86,5,5
36431,85,76,9,9
36432,197,197,0,0
36433,124,106,18,18
36434,119,111,8,8
36435,130,138,-8,8
36436,81,75,6,6
36437,92,98,-6,6
36438,71,69,2,2
36439,67,59,8,8
36440,99,90,9,9
36441,94,89,5,5
36442,114,120,-6,6
36443,167,156,11,11
36444,120,107,13,13
36445,125,111,14,14
36446,70,63,7,7
36447,114,106,8,8
36448,95,86,9,9
36449,46,52,-6,6
36450,101,99,2,2
36451,61,54,7,7
36452,90,99,-9,9
36453,67,156,-89,89
36454,157,145,12,12
36455,79,80,-1,1
36456,105,106,-1,1
36457,112,98,14,14
36458,89,90,-1,1
36459,105,104,1,1
36460,124,118,6,6
36461,65,54,11,11
36462,73,64,9,9
36463,66,63,3,3
36464,61,63,-2,2
36465,125,143,-18,18
36466,122,116,6,6
36467,76,70,6,6
36468,90,96,-6,6
36469,176,156,20,20
36470,62,70,-8,8
36471,139,140,-1,1
36472,43,42,1,1
36473,67,75,-8,8
36474,50,53,-3,3
36475,66,70,-4,4
36476,59,53,6,6
36477,81,79,2,2
36478,83,66,17,17
36479,92,92,0,0
36480,76,84,-8,8
36481,62,55,7,7
36482,64,78,-14,14
36483,92,97,-5,5
36484,123,119,4,4
36485,84,75,9,9
36486,88,97,-9,9
36487,58,60,-2,2
36488,87,91,-4,4
36489,73,71,2,2
36490,44,47,-3,3
36491,123,119,4,4
36492,76,70,6,6
36493,82,90,-8,8
36494,84,83,1,1
36495,69,73,-4,4
36496,80,79,1,1
36497,104,96,8,8
36498,81,78,3,3
36499,79,83,-4,4
36500,90,105,-15,15
36501,105,101,4,4
36502,140,135,5,5
36503,85,86,-1,1
36504,96,89,7,7
36505,102,105,-3,3
36506,81,69,12,12
36507,117,106,11,11
36508,68,59,9,9
36509,79,76,3,3
36510,143,130,13,13
36511,66,57,9,9
36512,52,53,-1,1
36513,109,93,16,16
36514,40,54,-14,14
36515,140,131,9,9
36516,115,114,1,1
36517,74,83,-9,9
36518,61,56,5,5
36519,66,64,2,2
36520,92,81,11,11
36521,48,70,-22,22
36522,116,108,8,8
36523,141,132,9,9
36524,113,104,9,9
36525,89,77,12,12
36526,139,124,15,15
36527,134,142,-8,8
36528,152,151,1,1
36529,88,83,5,5
36530,93,89,4,4
36531,161,160,1,1
36532,90,91,-1,1
36533,68,69,-1,1
36534,148,134,14,14
36535,82,75,7,7
36536,96,101,-5,5
36537,171,175,-4,4
36538,96,104,-8,8
36539,66,74,-8,8
36540,113,106,7,7
36541,78,77,1,1
36542,82,75,7,7
36543,61,58,3,3
36544,82,74,8,8
36545,99,105,-6,6
36546,225,192,33,33
36547,81,75,6,6
36548,62,62,0,0
36549,66,63,3,3
36550,44,44,0,0
36551,74,84,-10,10
36552,83,74,9,9
36553,109,119,-10,10
36554,51,65,-14,14
36555,121,125,-4,4
36556,83,66,17,17
36557,81,94,-13,13
36558,53,54,-1,1
36559,73,79,-6,6
36560,109,101,8,8
36561,151,153,-2,2
36562,115,107,8,8
36563,122,110,12,12
36564,116,119,-3,3
36565,107,97,10,10
36566,109,98,11,11
36567,72,59,13,13
36568,43,51,-8,8
36569,78,69,9,9
36570,127,112,15,15
36571,50,55,-5,5
36572,96,86,10,10
36573,53,56,-3,3
36574,37,37,0,0
36575,94,86,8,8
36576,56,62,-6,6
36577,27,39,-12,12
36578,38,52,-14,14
36579,109,112,-3,3
36580,109,106,3,3
36581,70,76,-6,6
36582,60,59,1,1
36583,82,92,-10,10
36584,67,60,7,7
36585,67,65,2,2
36586,78,68,10,10
36587,62,69,-7,7
36588,49,51,-2,2
36589,109,95,14,14
36590,88,90,-2,2
36591,81,86,-5,5
36592,82,86,-4,4
36593,90,84,6,6
36594,79,80,-1,1
36595,97,90,7,7
36596,75,77,-2,2
36597,104,86,18,18
36598,84,82,2,2
36599,146,143,3,3
36600,62,63,-1,1
36601,104,107,-3,3
36602,106,109,-3,3
36603,92,89,3,3
36604,92,84,8,8
36605,92,91,1,1
36606,71,78,-7,7
36607,91,92,-1,1
36608,87,82,5,5
36609,79,90,-11,11
36610,86,99,-13,13
36611,128,111,17,17
36612,186,186,0,0
36613,138,125,13,13
36614,89,79,10,10
36615,168,158,10,10
36616,46,51,-5,5
36617,93,88,5,5
36618,72,71,1,1
36619,110,103,7,7
36620,99,90,9,9
36621,51,51,0,0
36622,93,87,6,6
36623,99,93,6,6
36624,126,122,4,4
36625,64,60,4,4
36626,209,189,20,20
36627,102,102,0,0
36628,98,105,-7,7
36629,79,67,12,12
36630,85,82,3,3
36631,64,66,-2,2
36632,83,77,6,6
36633,121,106,15,15
36634,111,103,8,8
36635,72,66,6,6
36636,97,91,6,6
36637,96,85,11,11
36638,64,67,-3,3
36639,128,130,-2,2
36640,34,41,-7,7
36641,124,90,34,34
36642,84,71,13,13
36643,132,126,6,6
36644,55,56,-1,1
36645,118,110,8,8
36646,47,52,-5,5
36647,74,65,9,9
36648,75,69,6,6
36649,93,86,7,7
36650,171,156,15,15
36651,81,84,-3,3
36652,62,54,8,8
36653,81,73,8,8
36654,83,71,12,12
36655,65,59,6,6
36656,61,70,-9,9
36657,83,82,1,1
36658,102,100,2,2
36659,78,86,-8,8
36660,85,81,4,4
36661,122,113,9,9
36662,60,65,-5,5
36663,151,156,-5,5
36664,72,75,-3,3
36665,93,88,5,5
36666,99,96,3,3
36667,95,104,-9,9
36668,105,105,0,0
36669,83,77,6,6
36670,128,132,-4,4
36671,76,94,-18,18
36672,114,102,12,12
36673,125,129,-4,4
36674,88,82,6,6
36675,117,127,-10,10
36676,54,57,-3,3
36677,102,103,-1,1
36678,60,53,7,7
36679,47,60,-13,13
36680,76,69,7,7
36681,53,58,-5,5
36682,83,88,-5,5
36683,148,155,-7,7
36684,101,97,4,4
36685,126,120,6,6
36686,124,195,-71,71
36687,114,116,-2,2
36688,74,80,-6,6
36689,83,91,-8,8
36690,109,101,8,8
36691,89,97,-8,8
36692,76,82,-6,6
36693,53,52,1,1
36694,78,72,6,6
36695,60,58,2,2
36696,136,113,23,23
36697,42,55,-13,13
36698,126,116,10,10
36699,99,98,1,1
36700,96,97,-1,1
36701,45,51,-6,6
36702,77,65,12,12
36703,167,157,10,10
36704,102,129,-27,27
36705,92,97,-5,5
36706,61,64,-3,3
36707,138,132,6,6
36708,117,131,-14,14
36709,127,115,12,12
36710,92,75,17,17
36711,83,85,-2,2
36712,69,59,10,10
36713,189,179,10,10
36714,89,76,13,13
36715,154,151,3,3
36716,78,82,-4,4
36717,92,85,7,7
36718,151,156,-5,5
36719,138,143,-5,5
36720,73,65,8,8
36721,152,149,3,3
36722,122,110,12,12
36723,71,64,7,7
36724,118,120,-2,2
36725,93,82,11,11
36726,104,94,10,10
36727,85,78,7,7
36728,91,87,4,4
36729,50,47,3,3
36730,102,87,15,15
36731,120,110,10,10
36732,111,100,11,11
36733,71,72,-1,1
36734,57,51,6,6
36735,161,135,26,26
36736,53,49,4,4
36737,122,142,-20,20
36738,125,129,-4,4
36739,83,75,8,8
36740,74,78,-4,4
36741,78,74,4,4
36742,51,47,4,4
36743,167,136,31,31
36744,78,76,2,2
36745,207,195,12,12
36746,120,122,-2,2
36747,142,142,0,0
36748,71,79,-8,8
36749,144,119,25,25
36750,55,56,-1,1
36751,75,63,12,12
36752,113,118,-5,5
36753,100,97,3,3
36754,56,54,2,2
36755,137,126,11,11
36756,92,91,1,1
36757,142,125,17,17
36758,114,113,1,1
36759,47,48,-1,1
36760,61,58,3,3
36761,130,127,3,3
36762,68,67,1,1
36763,72,78,-6,6
36764,39,45,-6,6
36765,116,120,-4,4
36766,135,131,4,4
36767,121,108,13,13
36768,126,122,4,4
36769,115,128,-13,13
36770,92,88,4,4
36771,137,127,10,10
36772,67,63,4,4
36773,58,52,6,6
36774,74,74,0,0
36775,66,64,2,2
36776,70,59,11,11
36777,89,98,-9,9
36778,85,91,-6,6
36779,77,74,3,3
36780,54,61,-7,7
36781,103,104,-1,1
36782,45,53,-8,8
36783,35,49,-14,14
36784,84,99,-15,15
36785,61,68,-7,7
36786,114,109,5,5
36787,47,50,-3,3
36788,86,80,6,6
36789,92,89,3,3
36790,61,66,-5,5
36791,96,94,2,2
36792,48,47,1,1
36793,115,127,-12,12
36794,209,199,10,10
36795,89,89,0,0
36796,63,55,8,8
36797,68,64,4,4
36798,88,106,-18,18
36799,63,70,-7,7
36800,121,136,-15,15
36801,146,159,-13,13
36802,64,55,9,9
36803,75,77,-2,2
36804,118,134,-16,16
36805,121,121,0,0
36806,87,73,14,14
36807,80,75,5,5
36808,80,79,1,1
36809,107,92,15,15
36810,137,129,8,8
36811,96,83,13,13
36812,74,79,-5,5
36813,90,76,14,14
36814,70,66,4,4
36815,45,56,-11,11
36816,63,60,3,3
36817,122,117,5,5
36818,80,78,2,2
36819,91,93,-2,2
36820,241,197,44,44
36821,49,50,-1,1
36822,115,125,-10,10
36823,136,100,36,36
36824,87,71,16,16
36825,90,103,-13,13
36826,86,77,9,9
36827,126,120,6,6
36828,63,77,-14,14
36829,68,61,7,7
36830,83,72,11,11
36831,101,92,9,9
36832,82,109,-27,27
36833,105,112,-7,7
36834,141,151,-10,10
36835,67,68,-1,1
36836,29,37,-8,8
36837,96,91,5,5
36838,69,63,6,6
36839,62,67,-5,5
36840,68,70,-2,2
36841,96,79,17,17
36842,122,131,-9,9
36843,109,110,-1,1
36844,83,78,5,5
36845,127,113,14,14
36846,115,127,-12,12
36847,95,93,2,2
36848,64,59,5,5
36849,80,77,3,3
36850,285,270,15,15
36851,88,90,-2,2
36852,154,121,33,33
36853,163,159,4,4
36854,68,109,-41,41
36855,72,85,-13,13
36856,184,186,-2,2
36857,87,86,1,1
36858,58,61,-3,3
36859,110,122,-12,12
36860,62,62,0,0
36861,53,47,6,6
36862,158,162,-4,4
36863,87,100,-13,13
36864,70,77,-7,7
36865,72,65,7,7
36866,141,123,18,18
36867,94,91,3,3
36868,48,56,-8,8
36869,56,54,2,2
36870,169,164,5,5
36871,81,101,-20,20
36872,71,77,-6,6
36873,97,86,11,11
36874,73,79,-6,6
36875,90,91,-1,1
36876,122,113,9,9
36877,68,65,3,3
36878,128,117,11,11
36879,68,65,3,3
36880,128,125,3,3
36881,80,77,3,3
36882,76,68,8,8
36883,131,144,-13,13
36884,96,114,-18,18
36885,118,124,-6,6
36886,112,107,5,5
36887,174,167,7,7
36888,44,52,-8,8
36889,92,97,-5,5
36890,66,64,2,2
36891,90,95,-5,5
36892,144,146,-2,2
36893,110,101,9,9
36894,164,144,20,20
36895,85,76,9,9
36896,87,93,-6,6
36897,126,146,-20,20
36898,70,63,7,7
36899,111,95,16,16
36900,56,51,5,5
36901,50,56,-6,6
36902,93,93,0,0
36903,66,65,1,1
36904,77,69,8,8
36905,59,52,7,7
36906,95,97,-2,2
36907,79,75,4,4
36908,84,83,1,1
36909,81,76,5,5
36910,118,107,11,11
36911,62,58,4,4
36912,113,114,-1,1
36913,89,74,15,15
36914,109,87,22,22
36915,157,147,10,10
36916,144,159,-15,15
36917,113,97,16,16
36918,136,126,10,10
36919,55,56,-1,1
36920,100,131,-31,31
36921,127,118,9,9
36922,137,135,2,2
36923,77,75,2,2
36924,75,75,0,0
36925,96,97,-1,1
36926,183,172,11,11
36927,100,92,8,8
36928,66,55,11,11
36929,87,92,-5,5
36930,76,69,7,7
36931,79,90,-11,11
36932,84,80,4,4
36933,101,94,7,7
36934,110,115,-5,5
36935,97,96,1,1
36936,55,55,0,0
36937,94,79,15,15
36938,65,65,0,0
36939,78,77,1,1
36940,69,75,-6,6
36941,171,164,7,7
36942,78,76,2,2
36943,58,58,0,0
36944,79,74,5,5
36945,90,87,3,3
36946,43,30,13,13
36947,80,97,-17,17
36948,121,136,-15,15
36949,186,172,14,14
36950,87,91,-4,4
36951,25,26,-1,1
36952,77,82,-5,5
36953,111,110,1,1
36954,60,58,2,2
36955,70,74,-4,4
36956,145,121,24,24
36957,83,78,5,5
36958,87,72,15,15
36959,79,70,9,9
36960,110,109,1,1
36961,70,62,8,8
36962,157,150,7,7
36963,95,96,-1,1
36964,62,63,-1,1
36965,83,88,-5,5
36966,64,64,0,0
36967,240,220,20,20
36968,77,84,-7,7
36969,171,156,15,15
36970,111,112,-1,1
36971,98,90,8,8
36972,60,57,3,3
36973,94,93,1,1
36974,117,114,3,3
36975,113,113,0,0
36976,149,170,-21,21
36977,84,84,0,0
36978,50,55,-5,5
36979,109,117,-8,8
36980,77,88,-11,11
36981,125,123,2,2
36982,74,84,-10,10
36983,80,81,-1,1
36984,70,69,1,1
36985,79,73,6,6
36986,125,108,17,17
36987,102,80,22,22
36988,72,66,6,6
36989,99,105,-6,6
36990,73,84,-11,11
36991,104,86,18,18
36992,99,95,4,4
36993,97,89,8,8
36994,135,139,-4,4
36995,80,84,-4,4
36996,146,144,2,2
36997,59,64,-5,5
36998,95,95,0,0
36999,159,140,19,19
37000,73,65,8,8
37001,94,89,5,5
37002,159,122,37,37
37003,178,163,15,15
37004,58,57,1,1
37005,88,86,2,2
37006,88,96,-8,8
37007,81,82,-1,1
37008,79,73,6,6
37009,54,57,-3,3
37010,88,79,9,9
37011,75,64,11,11
37012,101,88,13,13
37013,89,76,13,13
37014,51,56,-5,5
37015,121,122,-1,1
37016,110,101,9,9
37017,99,84,15,15
37018,63,68,-5,5
37019,113,110,3,3
37020,137,140,-3,3
37021,114,124,-10,10
37022,87,83,4,4
37023,176,150,26,26
37024,136,117,19,19
37025,104,102,2,2
37026,131,125,6,6
37027,100,113,-13,13
37028,110,116,-6,6
37029,54,53,1,1
37030,99,102,-3,3
37031,55,60,-5,5
37032,141,130,11,11
37033,142,142,0,0
37034,125,110,15,15
37035,114,119,-5,5
37036,121,119,2,2
37037,138,124,14,14
37038,66,80,-14,14
37039,108,102,6,6
37040,137,127,10,10
37041,57,52,5,5
37042,97,90,7,7
37043,114,104,10,10
37044,124,151,-27,27
37045,66,65,1,1
37046,51,55,-4,4
37047,162,152,10,10
37048,161,156,5,5
37049,116,113,3,3
37050,111,112,-1,1
37051,143,138,5,5
37052,41,49,-8,8
37053,97,85,12,12
37054,49,51,-2,2
37055,156,156,0,0
37056,48,50,-2,2
37057,82,76,6,6
37058,58,56,2,2
37059,81,68,13,13
37060,81,73,8,8
37061,68,69,-1,1
37062,120,122,-2,2
37063,28,32,-4,4
37064,84,93,-9,9
37065,96,95,1,1
37066,79,78,1,1
37067,446,396,50,50
37068,132,132,0,0
37069,131,121,10,10
37070,60,70,-10,10
37071,78,70,8,8
37072,113,116,-3,3
37073,67,61,6,6
37074,83,76,7,7
37075,77,62,15,15
37076,82,75,7,7
37077,60,58,2,2
37078,112,116,-4,4
37079,124,117,7,7
37080,150,138,12,12
37081,87,78,9,9
37082,129,117,12,12
37083,151,141,10,10
37084,36,42,-6,6
37085,100,99,1,1
37086,57,93,-36,36
37087,108,114,-6,6
37088,78,82,-4,4
37089,72,57,15,15
37090,69,80,-11,11
37091,108,111,-3,3
37092,87,80,7,7
37093,51,63,-12,12
37094,48,42,6,6
37095,98,108,-10,10
37096,31,53,-22,22
37097,140,123,17,17
37098,74,64,10,10
37099,95,100,-5,5
37100,87,77,10,10
37101,120,123,-3,3
37102,83,73,10,10
37103,81,92,-11,11
37104,75,72,3,3
37105,87,86,1,1
37106,145,142,3,3
37107,98,87,11,11
37108,52,42,10,10
37109,83,78,5,5
37110,55,77,-22,22
37111,110,115,-5,5
37112,125,131,-6,6
37113,87,72,15,15
37114,101,97,4,4
37115,81,74,7,7
37116,143,128,15,15
37117,218,195,23,23
37118,79,74,5,5
37119,97,85,12,12
37120,58,52,6,6
37121,116,122,-6,6
37122,76,59,17,17
37123,94,104,-10,10
37124,79,91,-12,12
37125,60,61,-1,1
37126,103,115,-12,12
37127,51,52,-1,1
37128,113,102,11,11
37129,83,98,-15,15
37130,121,120,1,1
37131,87,72,15,15
37132,152,146,6,6
37133,97,88,9,9
37134,169,166,3,3
37135,73,85,-12,12
37136,141,157,-16,16
37137,88,73,15,15
37138,75,174,-99,99
37139,78,74,4,4
37140,114,108,6,6
37141,95,78,17,17
37142,100,109,-9,9
37143,94,89,5,5
37144,62,66,-4,4
37145,75,97,-22,22
37146,91,82,9,9
37147,155,136,19,19
37148,82,69,13,13
37149,120,115,5,5
37150,154,139,15,15
37151,45,45,0,0
37152,69,69,0,0
37153,70,71,-1,1
37154,129,130,-1,1
37155,83,80,3,3
37156,102,93,9,9
37157,34,49,-15,15
37158,84,75,9,9
37159,93,85,8,8
37160,173,156,17,17
37161,81,84,-3,3
37162,112,125,-13,13
37163,141,138,3,3
37164,117,115,2,2
37165,87,87,0,0
37166,89,100,-11,11
37167,138,140,-2,2
37168,77,80,-3,3
37169,71,73,-2,2
37170,108,113,-5,5
37171,84,75,9,9
37172,90,98,-8,8
37173,156,151,5,5
37174,90,91,-1,1
37175,91,89,2,2
37176,64,60,4,4
37177,66,65,1,1
37178,59,59,0,0
37179,124,117,7,7
37180,49,44,5,5
37181,108,105,3,3
37182,83,82,1,1
37183,115,95,20,20
37184,59,62,-3,3
37185,51,65,-14,14
37186,90,87,3,3
37187,77,87,-10,10
37188,59,53,6,6
37189,100,95,5,5
37190,138,134,4,4
37191,237,219,18,18
37192,71,76,-5,5
37193,51,50,1,1
37194,160,164,-4,4
37195,162,137,25,25
37196,121,114,7,7
37197,122,117,5,5
37198,64,59,5,5
37199,78,73,5,5
37200,107,130,-23,23
37201,102,112,-10,10
37202,74,80,-6,6
37203,90,98,-8,8
37204,65,49,16,16
37205,85,87,-2,2
37206,88,87,1,1
37207,95,91,4,4
37208,92,89,3,3
37209,148,128,20,20
37210,89,93,-4,4
37211,63,65,-2,2
37212,98,85,13,13
37213,74,84,-10,10
37214,69,66,3,3
37215,58,61,-3,3
37216,148,125,23,23
37217,75,75,0,0
37218,128,126,2,2
37219,63,70,-7,7
37220,113,99,14,14
37221,88,94,-6,6
37222,68,55,13,13
37223,98,86,12,12
37224,79,87,-8,8
37225,69,67,2,2
37226,284,256,28,28
37227,76,74,2,2
37228,98,98,0,0
37229,73,75,-2,2
37230,135,130,5,5
37231,71,64,7,7
37232,85,77,8,8
37233,58,58,0,0
37234,110,113,-3,3
37235,63,59,4,4
37236,91,93,-2,2
37237,72,93,-21,21
37238,111,127,-16,16
37239,75,69,6,6
37240,127,119,8,8
37241,157,148,9,9
37242,136,140,-4,4
37243,66,63,3,3
37244,53,52,1,1
37245,76,76,0,0
37246,76,78,-2,2
37247,123,132,-9,9
37248,90,103,-13,13
37249,62,72,-10,10
37250,93,116,-23,23
37251,150,135,15,15
37252,114,111,3,3
37253,99,77,22,22
37254,85,77,8,8
37255,68,67,1,1
37256,54,57,-3,3
37257,64,55,9,9
37258,126,126,0,0
37259,52,50,2,2
37260,119,112,7,7
37261,112,112,0,0
37262,257,234,23,23
37263,75,71,4,4
37264,58,60,-2,2
37265,87,82,5,5
37266,50,52,-2,2
37267,79,85,-6,6
37268,142,129,13,13
37269,122,115,7,7
37270,69,80,-11,11
37271,82,81,1,1
37272,83,90,-7,7
37273,87,76,11,11
37274,132,132,0,0
37275,110,123,-13,13
37276,98,81,17,17
37277,93,89,4,4
37278,112,118,-6,6
37279,101,89,12,12
37280,97,101,-4,4
37281,111,114,-3,3
37282,53,51,2,2
37283,78,90,-12,12
37284,104,96,8,8
37285,86,81,5,5
37286,109,108,1,1
37287,136,134,2,2
37288,113,130,-17,17
37289,53,54,-1,1
37290,85,73,12,12
37291,142,130,12,12
37292,141,141,0,0
37293,87,82,5,5
37294,79,85,-6,6
37295,171,160,11,11
37296,104,105,-1,1
37297,91,121,-30,30
37298,70,70,0,0
37299,93,97,-4,4
37300,115,115,0,0
37301,49,56,-7,7
37302,115,97,18,18
37303,85,82,3,3
37304,96,91,5,5
37305,112,102,10,10
37306,133,137,-4,4
37307,114,108,6,6
37308,78,96,-18,18
37309,158,151,7,7
37310,73,62,11,11
37311,44,46,-2,2
37312,160,159,1,1
37313,114,113,1,1
37314,163,116,47,47
37315,113,116,-3,3
37316,92,103,-11,11
37317,35,48,-13,13
37318,135,129,6,6
37319,113,106,7,7
37320,105,86,19,19
37321,79,67,12,12
37322,130,127,3,3
37323,129,132,-3,3
37324,81,80,1,1
37325,71,77,-6,6
37326,233,199,34,34
37327,79,83,-4,4
37328,88,91,-3,3
37329,121,128,-7,7
37330,132,123,9,9
37331,179,168,11,11
37332,199,173,26,26
37333,133,123,10,10
37334,127,122,5,5
37335,71,70,1,1
37336,59,64,-5,5
37337,92,84,8,8
37338,98,89,9,9
37339,93,80,13,13
37340,103,79,24,24
37341,114,127,-13,13
37342,80,87,-7,7
37343,84,94,-10,10
37344,95,83,12,12
37345,141,142,-1,1
37346,184,175,9,9
37347,138,122,16,16
37348,59,55,4,4
37349,172,167,5,5
37350,146,134,12,12
37351,72,71,1,1
37352,139,134,5,5
37353,108,103,5,5
37354,91,100,-9,9
37355,38,45,-7,7
37356,44,56,-12,12
37357,86,82,4,4
37358,68,72,-4,4
37359,68,56,12,12
37360,100,99,1,1
37361,135,125,10,10
37362,30,52,-22,22
37363,149,141,8,8
37364,93,96,-3,3
37365,132,140,-8,8
37366,61,61,0,0
37367,104,107,-3,3
37368,119,117,2,2
37369,61,68,-7,7
37370,79,79,0,0
37371,48,60,-12,12
37372,80,66,14,14
37373,145,174,-29,29
37374,65,72,-7,7
37375,68,62,6,6
37376,68,66,2,2
37377,78,78,0,0
37378,65,70,-5,5
37379,98,93,5,5
37380,102,105,-3,3
37381,115,99,16,16
37382,71,66,5,5
37383,63,70,-7,7
37384,64,76,-12,12
37385,97,106,-9,9
37386,102,92,10,10
37387,101,105,-4,4
37388,34,39,-5,5
37389,70,63,7,7
37390,53,68,-15,15
37391,92,83,9,9
37392,83,82,1,1
37393,101,106,-5,5
37394,76,72,4,4
37395,76,77,-1,1
37396,111,101,10,10
37397,49,57,-8,8
37398,55,63,-8,8
37399,115,101,14,14
37400,126,124,2,2
37401,121,106,15,15
37402,145,133,12,12
37403,60,79,-19,19
37404,73,59,14,14
37405,63,69,-6,6
37406,71,60,11,11
37407,81,87,-6,6
37408,98,98,0,0
37409,138,137,1,1
37410,69,70,-1,1
37411,172,182,-10,10
37412,57,67,-10,10
37413,119,108,11,11
37414,65,68,-3,3
37415,54,58,-4,4
37416,86,89,-3,3
37417,116,120,-4,4
37418,145,135,10,10
37419,102,106,-4,4
37420,108,103,5,5
37421,63,62,1,1
37422,125,124,1,1
37423,90,91,-1,1
37424,139,141,-2,2
37425,94,89,5,5
37426,86,86,0,0
37427,44,53,-9,9
37428,89,96,-7,7
37429,82,76,6,6
37430,114,102,12,12
37431,60,58,2,2
37432,103,96,7,7
37433,58,53,5,5
37434,108,116,-8,8
37435,140,146,-6,6
37436,160,157,3,3
37437,54,56,-2,2
37438,106,105,1,1
37439,140,141,-1,1
37440,101,88,13,13
37441,120,112,8,8
37442,118,116,2,2
37443,116,109,7,7
37444,108,111,-3,3
37445,205,206,-1,1
37446,192,182,10,10
37447,97,92,5,5
37448,59,56,3,3
37449,60,58,2,2
37450,51,42,9,9
37451,48,40,8,8
37452,118,116,2,2
37453,209,188,21,21
37454,64,60,4,4
37455,76,81,-5,5
37456,130,129,1,1
37457,83,77,6,6
37458,69,76,-7,7
37459,66,51,15,15
37460,81,87,-6,6
37461,116,131,-15,15
37462,91,96,-5,5
37463,178,180,-2,2
37464,148,169,-21,21
37465,160,160,0,0
37466,116,114,2,2
37467,87,97,-10,10
37468,93,91,2,2
37469,71,69,2,2
37470,121,114,7,7
37471,85,76,9,9
37472,75,78,-3,3
37473,101,97,4,4
37474,72,69,3,3
37475,60,54,6,6
37476,102,94,8,8
37477,111,103,8,8
37478,81,87,-6,6
37479,75,81,-6,6
37480,107,108,-1,1
37481,75,76,-1,1
37482,67,71,-4,4
37483,126,128,-2,2
37484,106,113,-7,7
37485,126,124,2,2
37486,104,107,-3,3
37487,65,65,0,0
37488,92,92,0,0
37489,78,70,8,8
37490,127,125,2,2
37491,88,84,4,4
37492,35,55,-20,20
37493,87,89,-2,2
37494,53,63,-10,10
37495,108,104,4,4
37496,89,84,5,5
37497,79,75,4,4
37498,79,80,-1,1
37499,138,114,24,24
37500,92,83,9,9
37501,84,82,2,2
37502,65,61,4,4
37503,74,70,4,4
37504,147,143,4,4
37505,96,91,5,5
37506,124,118,6,6
37507,84,88,-4,4
37508,118,115,3,3
37509,80,74,6,6
37510,89,94,-5,5
37511,154,158,-4,4
37512,96,115,-19,19
37513,73,82,-9,9
37514,218,183,35,35
37515,108,106,2,2
37516,156,156,0,0
37517,56,57,-1,1
37518,105,88,17,17
37519,103,125,-22,22
37520,98,103,-5,5
37521,161,159,2,2
37522,150,122,28,28
37523,50,50,0,0
37524,99,95,4,4
37525,62,65,-3,3
37526,102,100,2,2
37527,86,71,15,15
37528,81,75,6,6
37529,51,47,4,4
37530,100,91,9,9
37531,74,63,11,11
37532,65,54,11,11
37533,95,91,4,4
37534,99,96,3,3
37535,84,86,-2,2
37536,114,96,18,18
37537,99,83,16,16
37538,58,44,14,14
37539,49,40,9,9
37540,119,108,11,11
37541,83,84,-1,1
37542,96,102,-6,6
37543,70,73,-3,3
37544,108,108,0,0
37545,128,123,5,5
37546,75,66,9,9
37547,72,74,-2,2
37548,88,82,6,6
37549,71,63,8,8
37550,103,96,7,7
37551,109,104,5,5
37552,77,78,-1,1
37553,74,70,4,4
37554,105,102,3,3
37555,56,54,2,2
37556,95,89,6,6
37557,152,139,13,13
37558,62,57,5,5
37559,128,130,-2,2
37560,108,98,10,10
37561,58,60,-2,2
37562,144,124,20,20
37563,109,103,6,6
37564,66,64,2,2
37565,114,114,0,0
37566,150,133,17,17
37567,98,91,7,7
37568,151,144,7,7
37569,73,65,8,8
37570,84,77,7,7
37571,126,123,3,3
37572,50,51,-1,1
37573,101,112,-11,11
37574,56,63,-7,7
37575,95,98,-3,3
37576,65,68,-3,3
37577,141,106,35,35
37578,94,82,12,12
37579,67,62,5,5
37580,55,63,-8,8
37581,65,61,4,4
37582,52,63,-11,11
37583,95,87,8,8
37584,158,152,6,6
37585,106,36,70,70
37586,101,96,5,5
37587,96,90,6,6
37588,132,135,-3,3
37589,91,86,5,5
37590,80,79,1,1
37591,209,193,16,16
37592,71,83,-12,12
37593,94,98,-4,4
37594,93,83,10,10
37595,103,105,-2,2
37596,69,76,-7,7
37597,190,192,-2,2
37598,92,91,1,1
37599,105,97,8,8
37600,69,64,5,5
37601,54,70,-16,16
37602,59,51,8,8
37603,82,85,-3,3
37604,84,79,5,5
37605,30,60,-30,30
37606,150,140,10,10
37607,65,58,7,7
37608,88,77,11,11
37609,80,77,3,3
37610,174,165,9,9
37611,134,163,-29,29
37612,82,77,5,5
37613,77,66,11,11
37614,65,65,0,0
37615,49,53,-4,4
37616,95,87,8,8
37617,67,63,4,4
37618,69,62,7,7
37619,125,140,-15,15
37620,124,130,-6,6
37621,81,78,3,3
37622,93,98,-5,5
37623,148,126,22,22
37624,158,141,17,17
37625,107,104,3,3
37626,138,124,14,14
37627,106,114,-8,8
37628,102,105,-3,3
37629,151,154,-3,3
37630,103,102,1,1
37631,77,69,8,8
37632,139,139,0,0
37633,122,118,4,4
37634,86,78,8,8
37635,85,81,4,4
37636,76,70,6,6
37637,115,105,10,10
37638,137,127,10,10
37639,113,117,-4,4
37640,155,135,20,20
37641,66,74,-8,8
37642,75,66,9,9
37643,120,115,5,5
37644,116,99,17,17
37645,152,150,2,2
37646,56,58,-2,2
37647,205,187,18,18
37648,96,94,2,2
37649,101,86,15,15
37650,100,97,3,3
37651,94,84,10,10
37652,130,123,7,7
37653,61,71,-10,10
37654,123,111,12,12
37655,111,123,-12,12
37656,136,140,-4,4
37657,166,152,14,14
37658,85,90,-5,5
37659,99,97,2,2
37660,58,58,0,0
37661,98,87,11,11
37662,88,75,13,13
37663,164,153,11,11
37664,67,70,-3,3
37665,112,86,26,26
37666,105,88,17,17
37667,151,134,17,17
37668,80,76,4,4
37669,121,126,-5,5
37670,179,152,27,27
37671,151,144,7,7
37672,116,115,1,1
37673,93,91,2,2
37674,96,87,9,9
37675,112,139,-27,27
37676,45,42,3,3
37677,100,88,12,12
37678,71,80,-9,9
37679,72,64,8,8
37680,124,120,4,4
37681,54,54,0,0
37682,135,132,3,3
37683,125,116,9,9
37684,125,91,34,34
37685,104,121,-17,17
37686,76,69,7,7
37687,106,143,-37,37
37688,76,70,6,6
37689,87,84,3,3
37690,146,138,8,8
37691,91,81,10,10
37692,72,83,-11,11
37693,149,146,3,3
37694,82,79,3,3
37695,157,118,39,39
37696,138,124,14,14
37697,122,119,3,3
37698,105,103,2,2
37699,88,80,8,8
37700,157,172,-15,15
37701,108,102,6,6
37702,94,84,10,10
37703,102,107,-5,5
37704,51,53,-2,2
37705,84,87,-3,3
37706,67,89,-22,22
37707,128,121,7,7
37708,130,126,4,4
37709,165,154,11,11
37710,100,114,-14,14
37711,121,130,-9,9
37712,74,80,-6,6
37713,58,53,5,5
37714,88,95,-7,7
37715,105,106,-1,1
37716,116,117,-1,1
37717,103,97,6,6
37718,101,101,0,0
37719,108,114,-6,6
37720,75,83,-8,8
37721,106,111,-5,5
37722,69,69,0,0
37723,87,88,-1,1
37724,68,69,-1,1
37725,51,54,-3,3
37726,61,59,2,2
37727,110,112,-2,2
37728,104,100,4,4
37729,70,62,8,8
37730,47,54,-7,7
37731,69,77,-8,8
37732,48,55,-7,7
37733,92,85,7,7
37734,116,111,5,5
37735,94,87,7,7
37736,79,78,1,1
37737,116,129,-13,13
37738,133,138,-5,5
37739,70,65,5,5
37740,153,149,4,4
37741,41,89,-48,48
37742,73,68,5,5
37743,109,95,14,14
37744,145,127,18,18
37745,106,106,0,0
37746,89,85,4,4
37747,69,75,-6,6
37748,73,78,-5,5
37749,61,62,-1,1
37750,127,121,6,6
37751,104,100,4,4
37752,103,99,4,4
37753,107,94,13,13
37754,116,115,1,1
37755,66,65,1,1
37756,130,123,7,7
37757,102,91,11,11
37758,102,105,-3,3
37759,72,78,-6,6
37760,98,87,11,11
37761,55,48,7,7
37762,90,98,-8,8
37763,116,119,-3,3
37764,64,68,-4,4
37765,113,109,4,4
37766,75,77,-2,2
37767,75,88,-13,13
37768,119,112,7,7
37769,81,75,6,6
37770,74,68,6,6
37771,156,152,4,4
37772,93,103,-10,10
37773,84,83,1,1
37774,118,140,-22,22
37775,70,78,-8,8
37776,197,194,3,3
37777,57,62,-5,5
37778,41,57,-16,16
37779,110,121,-11,11
37780,94,85,9,9
37781,121,108,13,13
37782,77,77,0,0
37783,104,79,25,25
37784,98,93,5,5
37785,101,99,2,2
37786,65,75,-10,10
37787,140,128,12,12
37788,113,103,10,10
37789,103,103,0,0
37790,84,73,11,11
37791,75,66,9,9
37792,136,111,25,25
37793,123,120,3,3
37794,117,121,-4,4
37795,107,100,7,7
37796,64,56,8,8
37797,61,67,-6,6
37798,216,182,34,34
37799,94,91,3,3
37800,96,87,9,9
37801,83,92,-9,9
37802,42,57,-15,15
37803,93,97,-4,4
37804,61,58,3,3
37805,101,82,19,19
37806,118,115,3,3
37807,100,89,11,11
37808,107,99,8,8
37809,98,102,-4,4
37810,64,52,12,12
37811,215,203,12,12
37812,127,119,8,8
37813,91,84,7,7
37814,113,124,-11,11
37815,82,81,1,1
37816,120,123,-3,3
37817,72,63,9,9
37818,77,87,-10,10
37819,79,84,-5,5
37820,67,73,-6,6
37821,89,92,-3,3
37822,54,54,0,0
37823,97,95,2,2
37824,82,73,9,9
37825,91,112,-21,21
37826,83,77,6,6
37827,54,57,-3,3
37828,116,117,-1,1
37829,80,84,-4,4
37830,75,66,9,9
37831,187,185,2,2
37832,78,85,-7,7
37833,95,96,-1,1
37834,87,86,1,1
37835,74,75,-1,1
37836,67,60,7,7
37837,66,58,8,8
37838,78,78,0,0
37839,107,100,7,7
37840,59,54,5,5
37841,92,98,-6,6
37842,41,60,-19,19
37843,130,125,5,5
37844,100,101,-1,1
37845,88,76,12,12
37846,67,58,9,9
37847,100,92,8,8
37848,99,96,3,3
37849,69,70,-1,1
37850,115,120,-5,5
37851,116,102,14,14
37852,49,50,-1,1
37853,91,96,-5,5
37854,67,81,-14,14
37855,105,104,1,1
37856,137,141,-4,4
37857,72,80,-8,8
37858,61,60,1,1
37859,86,82,4,4
37860,91,95,-4,4
37861,85,79,6,6
37862,83,53,30,30
37863,68,59,9,9
37864,103,89,14,14
37865,106,95,11,11
37866,139,107,32,32
37867,115,120,-5,5
37868,48,54,-6,6
37869,159,149,10,10
37870,61,56,5,5
37871,113,117,-4,4
37872,101,99,2,2
37873,77,72,5,5
37874,134,132,2,2
37875,67,65,2,2
37876,106,100,6,6
37877,57,48,9,9
37878,95,97,-2,2
37879,93,97,-4,4
37880,95,82,13,13
37881,179,175,4,4
37882,153,175,-22,22
37883,62,58,4,4
37884,69,59,10,10
37885,165,166,-1,1
37886,180,190,-10,10
37887,87,84,3,3
37888,110,116,-6,6
37889,116,120,-4,4
37890,159,167,-8,8
37891,99,101,-2,2
37892,114,114,0,0
37893,102,92,10,10
37894,154,150,4,4
37895,91,92,-1,1
37896,124,107,17,17
37897,91,92,-1,1
37898,41,44,-3,3
37899,45,40,5,5
37900,71,85,-14,14
37901,76,77,-1,1
37902,99,109,-10,10
37903,111,106,5,5
37904,97,87,10,10
37905,124,121,3,3
37906,96,124,-28,28
37907,79,70,9,9
37908,122,131,-9,9
37909,115,97,18,18
37910,89,85,4,4
37911,73,67,6,6
37912,111,120,-9,9
37913,89,110,-21,21
37914,138,133,5,5
37915,100,107,-7,7
37916,78,89,-11,11
37917,83,89,-6,6
37918,86,98,-12,12
37919,135,139,-4,4
37920,114,114,0,0
37921,56,50,6,6
37922,149,156,-7,7
37923,81,79,2,2
37924,79,73,6,6
37925,103,108,-5,5
37926,56,71,-15,15
37927,150,128,22,22
37928,78,77,1,1
37929,78,75,3,3
37930,41,45,-4,4
37931,121,106,15,15
37932,123,107,16,16
37933,76,81,-5,5
37934,103,95,8,8
37935,35,56,-21,21
37936,124,121,3,3
37937,55,59,-4,4
37938,88,82,6,6
37939,90,87,3,3
37940,120,99,21,21
37941,71,62,9,9
37942,79,79,0,0
37943,62,70,-8,8
37944,86,82,4,4
37945,64,60,4,4
37946,131,137,-6,6
37947,146,135,11,11
37948,86,74,12,12
37949,98,85,13,13
37950,183,167,16,16
37951,91,89,2,2
37952,77,75,2,2
37953,142,139,3,3
37954,79,74,5,5
37955,41,47,-6,6
37956,105,106,-1,1
37957,197,193,4,4
37958,115,116,-1,1
37959,71,73,-2,2
37960,140,148,-8,8
37961,130,130,0,0
37962,83,77,6,6
37963,108,126,-18,18
37964,67,73,-6,6
37965,70,76,-6,6
37966,93,97,-4,4
37967,64,73,-9,9
37968,98,116,-18,18
37969,115,117,-2,2
37970,62,69,-7,7
37971,88,90,-2,2
37972,61,58,3,3
37973,198,193,5,5
37974,101,105,-4,4
37975,66,56,10,10
37976,31,43,-12,12
37977,94,85,9,9
37978,93,104,-11,11
37979,117,157,-40,40
37980,99,100,-1,1
37981,36,37,-1,1
37982,76,73,3,3
37983,67,77,-10,10
37984,78,85,-7,7
37985,50,53,-3,3
37986,55,47,8,8
37987,92,96,-4,4
37988,94,82,12,12
37989,137,146,-9,9
37990,102,99,3,3
37991,113,96,17,17
37992,89,79,10,10
37993,124,135,-11,11
37994,82,76,6,6
37995,60,68,-8,8
37996,125,109,16,16
37997,78,84,-6,6
37998,143,138,5,5
37999,142,150,-8,8
38000,106,92,14,14
38001,124,111,13,13
38002,52,61,-9,9
38003,97,114,-17,17
38004,80,78,2,2
38005,107,113,-6,6
38006,141,140,1,1
38007,57,62,-5,5
38008,89,74,15,15
38009,104,100,4,4
38010,154,142,12,12
38011,76,88,-12,12
38012,95,84,11,11
38013,179,160,19,19
38014,64,80,-16,16
38015,119,107,12,12
38016,108,117,-9,9
38017,114,112,2,2
38018,92,86,6,6
38019,109,109,0,0
38020,139,144,-5,5
38021,130,127,3,3
38022,112,107,5,5
38023,123,112,11,11
38024,125,121,4,4
38025,66,59,7,7
38026,77,81,-4,4
38027,87,84,3,3
38028,97,98,-1,1
38029,56,60,-4,4
38030,146,137,9,9
38031,71,71,0,0
38032,176,165,11,11
38033,96,88,8,8
38034,105,108,-3,3
38035,127,126,1,1
38036,82,79,3,3
38037,137,156,-19,19
38038,120,123,-3,3
38039,82,79,3,3
38040,73,64,9,9
38041,78,64,14,14
38042,83,83,0,0
38043,83,72,11,11
38044,74,76,-2,2
38045,81,81,0,0
38046,178,159,19,19
38047,96,99,-3,3
38048,48,50,-2,2
38049,74,78,-4,4
38050,143,133,10,10
38051,94,80,14,14
38052,142,141,1,1
38053,144,150,-6,6
38054,114,115,-1,1
38055,91,93,-2,2
38056,127,125,2,2
38057,65,68,-3,3
38058,152,147,5,5
38059,106,98,8,8
38060,140,132,8,8
38061,96,102,-6,6
38062,72,101,-29,29
38063,71,41,30,30
38064,116,109,7,7
38065,156,148,8,8
38066,57,54,3,3
38067,24,48,-24,24
38068,122,115,7,7
38069,118,113,5,5
38070,96,93,3,3
38071,86,80,6,6
38072,163,162,1,1
38073,60,60,0,0
38074,80,70,10,10
38075,78,74,4,4
38076,82,68,14,14
38077,113,103,10,10
38078,104,108,-4,4
38079,154,185,-31,31
38080,34,48,-14,14
38081,111,114,-3,3
38082,103,99,4,4
38083,88,82,6,6
38084,112,114,-2,2
38085,115,102,13,13
38086,60,54,6,6
38087,150,144,6,6
38088,116,110,6,6
38089,80,79,1,1
38090,112,102,10,10
38091,116,112,4,4
38092,83,87,-4,4
38093,161,150,11,11
38094,65,66,-1,1
38095,74,74,0,0
38096,72,59,13,13
38097,185,165,20,20
38098,89,69,20,20
38099,90,89,1,1
38100,175,167,8,8
38101,96,87,9,9
38102,96,85,11,11
38103,111,113,-2,2
38104,46,44,2,2
38105,105,112,-7,7
38106,69,70,-1,1
38107,117,112,5,5
38108,91,83,8,8
38109,70,72,-2,2
38110,150,142,8,8
38111,122,130,-8,8
38112,98,93,5,5
38113,100,91,9,9
38114,160,136,24,24
38115,139,137,2,2
38116,170,163,7,7
38117,79,78,1,1
38118,132,129,3,3
38119,121,117,4,4
38120,118,116,2,2
38121,102,89,13,13
38122,98,88,10,10
38123,115,124,-9,9
38124,159,162,-3,3
38125,92,91,1,1
38126,41,52,-11,11
38127,84,82,2,2
38128,132,150,-18,18
38129,109,86,23,23
38130,78,88,-10,10
38131,114,104,10,10
38132,121,118,3,3
38133,93,89,4,4
38134,115,111,4,4
38135,44,44,0,0
38136,74,69,5,5
38137,49,48,1,1
38138,165,160,5,5
38139,83,79,4,4
38140,158,141,17,17
38141,101,90,11,11
38142,118,115,3,3
38143,94,95,-1,1
38144,117,132,-15,15
38145,109,104,5,5
38146,73,84,-11,11
38147,76,73,3,3
38148,138,133,5,5
38149,113,111,2,2
38150,96,94,2,2
38151,73,74,-1,1
38152,112,108,4,4
38153,63,71,-8,8
38154,104,95,9,9
38155,82,89,-7,7
38156,54,59,-5,5
38157,84,84,0,0
38158,133,137,-4,4
38159,101,101,0,0
38160,108,114,-6,6
38161,83,80,3,3
38162,78,79,-1,1
38163,82,74,8,8
38164,76,71,5,5
38165,90,89,1,1
38166,105,102,3,3
38167,61,62,-1,1
38168,102,107,-5,5
38169,104,124,-20,20
38170,72,68,4,4
38171,74,63,11,11
38172,92,94,-2,2
38173,85,78,7,7
38174,99,97,2,2
38175,111,123,-12,12
38176,67,64,3,3
38177,76,75,1,1
38178,113,99,14,14
38179,107,100,7,7
38180,117,112,5,5
38181,116,126,-10,10
38182,97,92,5,5
38183,125,128,-3,3
38184,112,117,-5,5
38185,71,74,-3,3
38186,115,111,4,4
38187,59,80,-21,21
38188,97,100,-3,3
38189,124,120,4,4
38190,45,46,-1,1
38191,87,84,3,3
38192,103,110,-7,7
38193,64,62,2,2
38194,100,91,9,9
38195,97,75,22,22
38196,121,131,-10,10
38197,111,122,-11,11
38198,74,69,5,5
38199,118,152,-34,34
38200,91,83,8,8
38201,89,88,1,1
38202,105,82,23,23
38203,79,86,-7,7
38204,68,62,6,6
38205,125,130,-5,5
38206,87,82,5,5
38207,123,114,9,9
38208,93,91,2,2
38209,100,98,2,2
38210,64,54,10,10
38211,108,99,9,9
38212,68,51,17,17
38213,86,87,-1,1
38214,107,88,19,19
38215,73,77,-4,4
38216,128,133,-5,5
38217,119,111,8,8
38218,54,52,2,2
38219,72,65,7,7
38220,73,78,-5,5
38221,159,164,-5,5
38222,83,81,2,2
38223,97,88,9,9
38224,131,129,2,2
38225,69,73,-4,4
38226,86,75,11,11
38227,119,127,-8,8
38228,100,83,17,17
38229,102,114,-12,12
38230,67,61,6,6
38231,53,56,-3,3
38232,85,88,-3,3
38233,168,166,2,2
38234,61,63,-2,2
38235,77,74,3,3
38236,85,87,-2,2
38237,69,65,4,4
38238,124,120,4,4
38239,89,83,6,6
38240,148,153,-5,5
38241,143,130,13,13
38242,57,76,-19,19
38243,144,136,8,8
38244,66,66,0,0
38245,83,92,-9,9
38246,120,120,0,0
38247,131,128,3,3
38248,51,50,1,1
38249,77,60,17,17
38250,62,57,5,5
38251,125,130,-5,5
38252,87,87,0,0
38253,89,84,5,5
38254,162,155,7,7
38255,109,116,-7,7
38256,126,126,0,0
38257,87,88,-1,1
38258,87,99,-12,12
38259,116,118,-2,2
38260,51,53,-2,2
38261,65,56,9,9
38262,95,86,9,9
38263,86,74,12,12
38264,98,102,-4,4
38265,74,64,10,10
38266,87,77,10,10
38267,113,111,2,2
38268,70,82,-12,12
38269,119,99,20,20
38270,180,170,10,10
38271,94,83,11,11
38272,67,74,-7,7
38273,85,98,-13,13
38274,147,153,-6,6
38275,79,64,15,15
38276,76,71,5,5
38277,60,59,1,1
38278,55,62,-7,7
38279,95,94,1,1
38280,127,107,20,20
38281,100,105,-5,5
38282,85,82,3,3
38283,127,120,7,7
38284,101,86,15,15
38285,70,63,7,7
38286,102,96,6,6
38287,73,65,8,8
38288,107,106,1,1
38289,129,130,-1,1
38290,114,110,4,4
38291,45,54,-9,9
38292,52,53,-1,1
38293,69,62,7,7
38294,71,70,1,1
38295,65,66,-1,1
38296,211,186,25,25
38297,113,128,-15,15
38298,97,93,4,4
38299,60,64,-4,4
38300,184,158,26,26
38301,106,108,-2,2
38302,121,112,9,9
38303,112,120,-8,8
38304,137,143,-6,6
38305,104,105,-1,1
38306,124,77,47,47
38307,72,69,3,3
38308,116,109,7,7
38309,76,72,4,4
38310,99,102,-3,3
38311,75,75,0,0
38312,81,83,-2,2
38313,69,67,2,2
38314,72,75,-3,3
38315,87,69,18,18
38316,93,92,1,1
38317,136,133,3,3
38318,101,91,10,10
38319,89,86,3,3
38320,112,109,3,3
38321,65,69,-4,4
38322,118,110,8,8
38323,92,81,11,11
38324,80,82,-2,2
38325,98,90,8,8
38326,70,68,2,2
38327,127,117,10,10
38328,149,129,20,20
38329,70,67,3,3
38330,139,134,5,5
38331,82,76,6,6
38332,91,94,-3,3
38333,39,67,-28,28
38334,82,99,-17,17
38335,105,103,2,2
38336,147,145,2,2
38337,104,100,4,4
38338,117,99,18,18
38339,91,103,-12,12
38340,90,97,-7,7
38341,104,93,11,11
38342,47,57,-10,10
38343,56,60,-4,4
38344,110,111,-1,1
38345,43,52,-9,9
38346,120,114,6,6
38347,70,74,-4,4
38348,75,79,-4,4
38349,77,78,-1,1
38350,72,65,7,7
38351,105,99,6,6
38352,218,201,17,17
38353,56,60,-4,4
38354,100,103,-3,3
38355,123,136,-13,13
38356,130,119,11,11
38357,63,51,12,12
38358,89,89,0,0
38359,60,69,-9,9
38360,65,85,-20,20
38361,118,118,0,0
38362,86,87,-1,1
38363,166,171,-5,5
38364,106,117,-11,11
38365,58,59,-1,1
38366,141,129,12,12
38367,96,91,5,5
38368,106,96,10,10
38369,110,112,-2,2
38370,64,63,1,1
38371,83,74,9,9
38372,92,102,-10,10
38373,70,64,6,6
38374,122,125,-3,3
38375,86,84,2,2
38376,105,91,14,14
38377,99,105,-6,6
38378,57,48,9,9
38379,79,78,1,1
38380,59,52,7,7
38381,70,70,0,0
38382,104,95,9,9
38383,86,85,1,1
38384,112,119,-7,7
38385,102,102,0,0
38386,63,66,-3,3
38387,118,114,4,4
38388,63,66,-3,3
38389,104,127,-23,23
38390,86,89,-3,3
38391,167,156,11,11
38392,164,163,1,1
38393,85,85,0,0
38394,111,117,-6,6
38395,121,108,13,13
38396,94,91,3,3
38397,77,85,-8,8
38398,35,33,2,2
38399,95,87,8,8
38400,133,136,-3,3
38401,85,80,5,5
38402,67,63,4,4
38403,114,120,-6,6
38404,157,160,-3,3
38405,157,145,12,12
38406,94,102,-8,8
38407,54,59,-5,5
38408,64,53,11,11
38409,109,104,5,5
38410,71,71,0,0
38411,73,77,-4,4
38412,76,86,-10,10
38413,130,115,15,15
38414,79,66,13,13
38415,142,155,-13,13
38416,89,87,2,2
38417,105,105,0,0
38418,78,87,-9,9
38419,64,60,4,4
38420,63,65,-2,2
38421,89,91,-2,2
38422,171,172,-1,1
38423,111,98,13,13
38424,86,77,9,9
38425,102,95,7,7
38426,61,55,6,6
38427,85,83,2,2
38428,134,124,10,10
38429,81,81,0,0
38430,142,148,-6,6
38431,80,69,11,11
38432,83,79,4,4
38433,121,114,7,7
38434,67,54,13,13
38435,100,119,-19,19
38436,129,124,5,5
38437,102,105,-3,3
38438,126,130,-4,4
38439,98,92,6,6
38440,63,56,7,7
38441,72,73,-1,1
38442,88,91,-3,3
38443,64,62,2,2
38444,107,116,-9,9
38445,89,80,9,9
38446,93,92,1,1
38447,146,142,4,4
38448,101,109,-8,8
38449,87,81,6,6
38450,97,103,-6,6
38451,78,62,16,16
38452,130,121,9,9
38453,85,67,18,18
38454,77,76,1,1
38455,44,44,0,0
38456,96,95,1,1
38457,89,77,12,12
38458,117,118,-1,1
38459,41,40,1,1
38460,113,114,-1,1
38461,103,87,16,16
38462,161,143,18,18
38463,196,189,7,7
38464,64,62,2,2
38465,82,70,12,12
38466,66,86,-20,20
38467,80,74,6,6
38468,54,52,2,2
38469,104,113,-9,9
38470,55,55,0,0
38471,57,60,-3,3
38472,49,56,-7,7
38473,70,65,5,5
38474,74,79,-5,5
38475,33,48,-15,15
38476,83,92,-9,9
38477,89,91,-2,2
38478,102,95,7,7
38479,156,163,-7,7
38480,36,57,-21,21
38481,62,51,11,11
38482,102,93,9,9
38483,87,92,-5,5
38484,50,48,2,2
38485,89,93,-4,4
38486,100,92,8,8
38487,98,89,9,9
38488,56,53,3,3
38489,75,71,4,4
38490,98,81,17,17
38491,117,103,14,14
38492,235,196,39,39
38493,54,54,0,0
38494,68,61,7,7
38495,116,127,-11,11
38496,32,37,-5,5
38497,55,51,4,4
38498,82,92,-10,10
38499,119,109,10,10
38500,183,185,-2,2
38501,112,93,19,19
38502,57,63,-6,6
38503,120,116,4,4
38504,77,81,-4,4
38505,68,72,-4,4
38506,126,121,5,5
38507,68,77,-9,9
38508,103,98,5,5
38509,110,118,-8,8
38510,122,99,23,23
38511,100,111,-11,11
38512,74,68,6,6
38513,185,157,28,28
38514,118,127,-9,9
38515,41,56,-15,15
38516,91,99,-8,8
38517,83,72,11,11
38518,79,87,-8,8
38519,82,66,16,16
38520,84,79,5,5
38521,70,64,6,6
38522,97,100,-3,3
38523,99,97,2,2
38524,108,98,10,10
38525,85,80,5,5
38526,132,127,5,5
38527,99,94,5,5
38528,62,57,5,5
38529,80,72,8,8
38530,96,95,1,1
38531,98,92,6,6
38532,109,117,-8,8
38533,124,127,-3,3
38534,101,112,-11,11
38535,118,123,-5,5
38536,57,52,5,5
38537,79,77,2,2
38538,86,84,2,2
38539,77,70,7,7
38540,132,118,14,14
38541,74,67,7,7
38542,108,111,-3,3
38543,137,120,17,17
38544,102,106,-4,4
38545,150,146,4,4
38546,51,54,-3,3
38547,77,67,10,10
38548,59,51,8,8
38549,42,46,-4,4
38550,141,143,-2,2
38551,132,126,6,6
38552,67,62,5,5
38553,108,104,4,4
38554,144,152,-8,8
38555,69,67,2,2
38556,85,77,8,8
38557,64,65,-1,1
38558,65,58,7,7
38559,221,210,11,11
38560,70,70,0,0
38561,56,56,0,0
38562,62,64,-2,2
38563,88,101,-13,13
38564,108,110,-2,2
38565,178,160,18,18
38566,74,68,6,6
38567,85,95,-10,10
38568,61,69,-8,8
38569,111,66,45,45
38570,103,109,-6,6
38571,110,106,4,4
38572,74,62,12,12
38573,172,173,-1,1
38574,87,96,-9,9
38575,141,154,-13,13
38576,86,72,14,14
38577,89,103,-14,14
38578,106,85,21,21
38579,103,100,3,3
38580,115,97,18,18
38581,61,66,-5,5
38582,102,103,-1,1
38583,64,66,-2,2
38584,121,114,7,7
38585,61,65,-4,4
38586,75,68,7,7
38587,43,46,-3,3
38588,84,81,3,3
38589,118,115,3,3
38590,50,60,-10,10
38591,81,59,22,22
38592,160,159,1,1
38593,121,117,4,4
38594,77,78,-1,1
38595,124,124,0,0
38596,140,116,24,24
38597,56,59,-3,3
38598,92,80,12,12
38599,99,101,-2,2
38600,169,168,1,1
38601,102,108,-6,6
38602,149,151,-2,2
38603,161,172,-11,11
38604,73,75,-2,2
38605,81,77,4,4
38606,76,72,4,4
38607,131,124,7,7
38608,155,172,-17,17
38609,87,89,-2,2
38610,62,60,2,2
38611,87,74,13,13
38612,78,84,-6,6
38613,74,77,-3,3
38614,49,77,-28,28
38615,92,84,8,8
38616,133,138,-5,5
38617,149,144,5,5
38618,120,121,-1,1
38619,89,79,10,10
38620,102,101,1,1
38621,62,61,1,1
38622,57,48,9,9
38623,43,67,-24,24
38624,72,69,3,3
38625,58,72,-14,14
38626,66,59,7,7
38627,73,71,2,2
38628,112,88,24,24
38629,158,149,9,9
38630,70,87,-17,17
38631,136,130,6,6
38632,85,82,3,3
38633,37,43,-6,6
38634,87,88,-1,1
38635,130,140,-10,10
38636,88,87,1,1
38637,57,59,-2,2
38638,117,117,0,0
38639,105,98,7,7
38640,75,71,4,4
38641,153,156,-3,3
38642,90,101,-11,11
38643,130,113,17,17
38644,86,83,3,3
38645,124,129,-5,5
38646,83,83,0,0
38647,145,140,5,5
38648,77,77,0,0
38649,64,64,0,0
38650,129,126,3,3
38651,109,109,0,0
38652,94,79,15,15
38653,84,77,7,7
38654,64,57,7,7
38655,90,85,5,5
38656,171,166,5,5
38657,93,94,-1,1
38658,121,130,-9,9
38659,72,77,-5,5
38660,72,72,0,0
38661,85,82,3,3
38662,86,73,13,13
38663,93,94,-1,1
38664,94,76,18,18
38665,118,121,-3,3
38666,72,60,12,12
38667,64,67,-3,3
38668,127,100,27,27
38669,64,62,2,2
38670,75,69,6,6
38671,57,54,3,3
38672,61,62,-1,1
38673,74,80,-6,6
38674,53,63,-10,10
38675,80,78,2,2
38676,83,77,6,6
38677,124,117,7,7
38678,81,89,-8,8
38679,84,87,-3,3
38680,128,117,11,11
38681,93,93,0,0
38682,79,78,1,1
38683,81,97,-16,16
38684,81,79,2,2
38685,104,106,-2,2
38686,82,79,3,3
38687,84,67,17,17
38688,71,80,-9,9
38689,62,56,6,6
38690,66,64,2,2
38691,63,69,-6,6
38692,77,72,5,5
38693,56,61,-5,5
38694,155,148,7,7
38695,143,133,10,10
38696,75,69,6,6
38697,92,107,-15,15
38698,108,102,6,6
38699,105,102,3,3
38700,63,56,7,7
38701,117,119,-2,2
38702,123,104,19,19
38703,69,67,2,2
38704,119,125,-6,6
38705,92,104,-12,12
38706,94,93,1,1
38707,80,75,5,5
38708,101,97,4,4
38709,150,149,1,1
38710,92,78,14,14
38711,97,90,7,7
38712,100,100,0,0
38713,74,84,-10,10
38714,157,161,-4,4
38715,65,73,-8,8
38716,97,86,11,11
38717,79,80,-1,1
38718,86,84,2,2
38719,91,91,0,0
38720,51,45,6,6
38721,110,111,-1,1
38722,106,98,8,8
38723,50,53,-3,3
38724,76,69,7,7
38725,126,117,9,9
38726,73,66,7,7
38727,80,84,-4,4
38728,90,87,3,3
38729,94,73,21,21
38730,99,101,-2,2
38731,140,130,10,10
38732,92,83,9,9
38733,96,94,2,2
38734,107,108,-1,1
38735,120,110,10,10
38736,141,140,1,1
38737,58,54,4,4
38738,99,95,4,4
38739,75,73,2,2
38740,118,108,10,10
38741,93,90,3,3
38742,104,82,22,22
38743,81,81,0,0
38744,107,103,4,4
38745,91,112,-21,21
38746,87,88,-1,1
38747,53,67,-14,14
38748,147,141,6,6
38749,108,97,11,11
38750,76,70,6,6
38751,59,64,-5,5
38752,85,97,-12,12
38753,82,71,11,11
38754,57,61,-4,4
38755,37,45,-8,8
38756,129,129,0,0
38757,57,52,5,5
38758,67,72,-5,5
38759,76,64,12,12
38760,85,80,5,5
38761,130,121,9,9
38762,106,100,6,6
38763,104,114,-10,10
38764,88,94,-6,6
38765,65,54,11,11
38766,75,69,6,6
38767,145,142,3,3
38768,149,144,5,5
38769,44,47,-3,3
38770,69,61,8,8
38771,93,103,-10,10
38772,78,71,7,7
38773,63,64,-1,1
38774,78,81,-3,3
38775,85,71,14,14
38776,55,59,-4,4
38777,73,85,-12,12
38778,107,96,11,11
38779,131,121,10,10
38780,87,85,2,2
38781,40,63,-23,23
38782,139,117,22,22
38783,85,86,-1,1
38784,163,166,-3,3
38785,64,64,0,0
38786,193,189,4,4
38787,86,94,-8,8
38788,98,103,-5,5
38789,51,57,-6,6
38790,128,124,4,4
38791,141,129,12,12
38792,84,81,3,3
38793,142,134,8,8
38794,59,65,-6,6
38795,108,93,15,15
38796,39,43,-4,4
38797,156,151,5,5
38798,107,115,-8,8
38799,99,108,-9,9
38800,166,165,1,1
38801,85,85,0,0
38802,84,84,0,0
38803,98,95,3,3
38804,76,72,4,4
38805,138,124,14,14
38806,93,87,6,6
38807,182,162,20,20
38808,149,136,13,13
38809,132,112,20,20
38810,127,119,8,8
38811,70,63,7,7
38812,57,59,-2,2
38813,176,181,-5,5
38814,68,60,8,8
38815,46,51,-5,5
38816,66,67,-1,1
38817,113,118,-5,5
38818,135,133,2,2
38819,48,53,-5,5
38820,135,131,4,4
38821,70,67,3,3
38822,91,92,-1,1
38823,125,125,0,0
38824,109,95,14,14
38825,53,53,0,0
38826,91,102,-11,11
38827,70,64,6,6
38828,65,68,-3,3
38829,125,112,13,13
38830,72,66,6,6
38831,103,102,1,1
38832,103,90,13,13
38833,101,87,14,14
38834,117,122,-5,5
38835,63,59,4,4
38836,164,163,1,1
38837,57,60,-3,3
38838,120,123,-3,3
38839,133,125,8,8
38840,83,83,0,0
38841,64,67,-3,3
38842,102,97,5,5
38843,70,70,0,0
38844,124,131,-7,7
38845,106,92,14,14
38846,156,148,8,8
38847,67,71,-4,4
38848,147,148,-1,1
38849,113,113,0,0
38850,121,122,-1,1
38851,97,96,1,1
38852,59,62,-3,3
38853,50,69,-19,19
38854,118,105,13,13
38855,56,56,0,0
38856,87,75,12,12
38857,89,93,-4,4
38858,65,67,-2,2
38859,62,61,1,1
38860,138,126,12,12
38861,149,150,-1,1
38862,69,66,3,3
38863,76,81,-5,5
38864,65,69,-4,4
38865,70,65,5,5
38866,133,137,-4,4
38867,77,79,-2,2
38868,93,96,-3,3
38869,105,136,-31,31
38870,67,76,-9,9
38871,84,75,9,9
38872,83,99,-16,16
38873,46,46,0,0
38874,102,98,4,4
38875,80,76,4,4
38876,106,107,-1,1
38877,91,96,-5,5
38878,70,53,17,17
38879,213,195,18,18
38880,84,82,2,2
38881,124,107,17,17
38882,113,92,21,21
38883,89,89,0,0
38884,112,105,7,7
38885,78,70,8,8
38886,60,56,4,4
38887,119,105,14,14
38888,58,59,-1,1
38889,109,94,15,15
38890,113,135,-22,22
38891,101,86,15,15
38892,61,57,4,4
38893,76,80,-4,4
38894,84,86,-2,2
38895,86,90,-4,4
38896,108,107,1,1
38897,102,94,8,8
38898,151,144,7,7
38899,66,64,2,2
38900,71,69,2,2
38901,66,67,-1,1
38902,131,132,-1,1
38903,49,45,4,4
38904,99,99,0,0
38905,69,72,-3,3
38906,72,59,13,13
38907,179,163,16,16
38908,152,142,10,10
38909,70,70,0,0
38910,63,64,-1,1
38911,104,109,-5,5
38912,22,45,-23,23
38913,105,108,-3,3
38914,174,171,3,3
38915,123,120,3,3
38916,34,44,-10,10
38917,76,78,-2,2
38918,114,107,7,7
38919,84,101,-17,17
38920,114,105,9,9
38921,236,218,18,18
38922,86,92,-6,6
38923,91,79,12,12
38924,109,113,-4,4
38925,99,84,15,15
38926,79,73,6,6
38927,51,56,-5,5
38928,201,198,3,3
38929,60,58,2,2
38930,89,85,4,4
38931,84,78,6,6
38932,40,51,-11,11
38933,68,63,5,5
38934,58,64,-6,6
38935,73,64,9,9
38936,121,126,-5,5
38937,55,55,0,0
38938,91,96,-5,5
38939,57,68,-11,11
38940,68,62,6,6
38941,93,73,20,20
38942,59,71,-12,12
38943,76,75,1,1
38944,99,99,0,0
38945,85,105,-20,20
38946,113,94,19,19
38947,107,97,10,10
38948,184,172,12,12
38949,80,74,6,6
38950,99,92,7,7
38951,180,167,13,13
38952,94,108,-14,14
38953,37,40,-3,3
38954,59,70,-11,11
38955,65,61,4,4
38956,93,91,2,2
38957,88,100,-12,12
38958,92,93,-1,1
38959,128,114,14,14
38960,111,113,-2,2
38961,128,170,-42,42
38962,48,55,-7,7
38963,116,127,-11,11
38964,54,48,6,6
38965,57,62,-5,5
38966,61,65,-4,4
38967,79,73,6,6
38968,61,59,2,2
38969,122,120,2,2
38970,89,89,0,0
38971,121,115,6,6
38972,119,106,13,13
38973,108,117,-9,9
38974,100,102,-2,2
38975,58,53,5,5
38976,106,92,14,14
38977,88,93,-5,5
38978,103,95,8,8
38979,31,43,-12,12
38980,34,59,-25,25
38981,87,89,-2,2
38982,111,107,4,4
38983,101,100,1,1
38984,41,49,-8,8
38985,60,63,-3,3
38986,115,111,4,4
38987,136,138,-2,2
38988,74,61,13,13
38989,84,76,8,8
38990,110,103,7,7
38991,73,73,0,0
38992,126,132,-6,6
38993,77,70,7,7
38994,129,133,-4,4
38995,123,134,-11,11
38996,99,82,17,17
38997,88,54,34,34
38998,61,71,-10,10
38999,74,71,3,3
39000,107,100,7,7
39001,122,124,-2,2
39002,60,64,-4,4
39003,188,191,-3,3
39004,84,74,10,10
39005,146,146,0,0
39006,154,154,0,0
39007,114,123,-9,9
39008,117,110,7,7
39009,163,165,-2,2
39010,74,70,4,4
39011,113,97,16,16
39012,68,75,-7,7
39013,137,133,4,4
39014,86,88,-2,2
39015,136,134,2,2
39016,77,73,4,4
39017,156,147,9,9
39018,146,138,8,8
39019,62,52,10,10
39020,66,68,-2,2
39021,121,119,2,2
39022,161,150,11,11
39023,102,115,-13,13
39024,67,63,4,4
39025,129,126,3,3
39026,120,128,-8,8
39027,174,173,1,1
39028,179,173,6,6
39029,92,83,9,9
39030,112,114,-2,2
39031,110,100,10,10
39032,97,96,1,1
39033,68,62,6,6
39034,117,117,0,0
39035,155,136,19,19
39036,60,56,4,4
39037,167,153,14,14
39038,115,110,5,5
39039,134,132,2,2
39040,48,65,-17,17
39041,89,75,14,14
39042,42,56,-14,14
39043,31,40,-9,9
39044,105,94,11,11
39045,138,132,6,6
39046,97,80,17,17
39047,83,82,1,1
39048,54,60,-6,6
39049,65,57,8,8
39050,94,98,-4,4
39051,86,97,-11,11
39052,88,98,-10,10
39053,63,57,6,6
39054,144,141,3,3
39055,62,61,1,1
39056,63,72,-9,9
39057,98,83,15,15
39058,60,59,1,1
39059,49,47,2,2
39060,96,92,4,4
39061,71,71,0,0
39062,120,114,6,6
39063,150,133,17,17
39064,80,70,10,10
39065,58,56,2,2
39066,64,62,2,2
39067,140,135,5,5
39068,124,129,-5,5
39069,97,86,11,11
39070,161,136,25,25
39071,50,59,-9,9
39072,101,102,-1,1
39073,44,45,-1,1
39074,99,100,-1,1
39075,171,152,19,19
39076,43,43,0,0
39077,93,102,-9,9
39078,139,135,4,4
39079,120,111,9,9
39080,98,102,-4,4
39081,101,106,-5,5
39082,80,68,12,12
39083,63,55,8,8
39084,149,149,0,0
39085,132,109,23,23
39086,71,67,4,4
39087,92,91,1,1
39088,61,65,-4,4
39089,110,106,4,4
39090,67,65,2,2
39091,38,64,-26,26
39092,89,104,-15,15
39093,86,90,-4,4
39094,157,173,-16,16
39095,63,71,-8,8
39096,56,59,-3,3
39097,96,112,-16,16
39098,58,59,-1,1
39099,164,171,-7,7
39100,107,104,3,3
39101,131,116,15,15
39102,119,116,3,3
39103,103,109,-6,6
39104,58,54,4,4
39105,158,140,18,18
39106,148,135,13,13
39107,107,114,-7,7
39108,108,94,14,14
39109,85,72,13,13
39110,76,81,-5,5
39111,72,64,8,8
39112,133,128,5,5
39113,71,67,4,4
39114,90,73,17,17
39115,105,103,2,2
39116,107,112,-5,5
39117,84,79,5,5
39118,67,77,-10,10
39119,154,151,3,3
39120,63,73,-10,10
39121,182,163,19,19
39122,130,116,14,14
39123,126,126,0,0
39124,135,126,9,9
39125,86,84,2,2
39126,90,87,3,3
39127,69,58,11,11
39128,99,97,2,2
39129,81,85,-4,4
39130,92,88,4,4
39131,83,80,3,3
39132,76,74,2,2
39133,79,66,13,13
39134,59,55,4,4
39135,100,97,3,3
39136,60,60,0,0
39137,76,77,-1,1
39138,110,99,11,11
39139,112,109,3,3
39140,93,98,-5,5
39141,101,104,-3,3
39142,107,117,-10,10
39143,180,171,9,9
39144,109,106,3,3
39145,85,70,15,15
39146,123,121,2,2
39147,90,91,-1,1
39148,118,114,4,4
39149,108,94,14,14
39150,95,88,7,7
39151,119,121,-2,2
39152,115,96,19,19
39153,145,134,11,11
39154,46,74,-28,28
39155,59,56,3,3
39156,127,136,-9,9
39157,114,110,4,4
39158,101,97,4,4
39159,134,129,5,5
39160,99,97,2,2
39161,143,128,15,15
39162,136,128,8,8
39163,152,147,5,5
39164,103,102,1,1
39165,79,67,12,12
39166,83,81,2,2
39167,125,110,15,15
39168,74,88,-14,14
39169,44,50,-6,6
39170,100,107,-7,7
39171,111,112,-1,1
39172,65,59,6,6
39173,102,93,9,9
39174,109,95,14,14
39175,80,68,12,12
39176,117,114,3,3
39177,121,114,7,7
39178,154,141,13,13
39179,55,57,-2,2
39180,90,91,-1,1
39181,137,124,13,13
39182,53,44,9,9
39183,137,138,-1,1
39184,64,65,-1,1
39185,133,118,15,15
39186,38,44,-6,6
39187,105,81,24,24
39188,45,46,-1,1
39189,133,121,12,12
39190,121,121,0,0
39191,138,130,8,8
39192,84,64,20,20
39193,79,73,6,6
39194,48,57,-9,9
39195,51,56,-5,5
39196,90,89,1,1
39197,79,74,5,5
39198,73,73,0,0
39199,82,73,9,9
39200,90,95,-5,5
39201,98,84,14,14
39202,56,62,-6,6
39203,100,92,8,8
39204,55,62,-7,7
39205,116,124,-8,8
39206,61,57,4,4
39207,77,66,11,11
39208,131,125,6,6
39209,115,102,13,13
39210,94,80,14,14
39211,80,72,8,8
39212,57,68,-11,11
39213,112,105,7,7
39214,98,95,3,3
39215,136,147,-11,11
39216,125,111,14,14
39217,90,98,-8,8
39218,81,82,-1,1
39219,123,117,6,6
39220,114,121,-7,7
39221,35,52,-17,17
39222,55,56,-1,1
39223,110,100,10,10
39224,52,53,-1,1
39225,191,174,17,17
39226,48,59,-11,11
39227,70,63,7,7
39228,116,121,-5,5
39229,114,117,-3,3
39230,71,74,-3,3
39231,130,118,12,12
39232,92,89,3,3
39233,111,120,-9,9
39234,150,149,1,1
39235,112,132,-20,20
39236,85,87,-2,2
39237,75,74,1,1
39238,64,65,-1,1
39239,65,61,4,4
39240,164,161,3,3
39241,63,52,11,11
39242,105,112,-7,7
39243,96,90,6,6
39244,102,85,17,17
39245,84,72,12,12
39246,72,72,0,0
39247,118,120,-2,2
39248,110,103,7,7
39249,81,79,2,2
39250,109,111,-2,2
39251,76,70,6,6
39252,64,62,2,2
39253,133,124,9,9
39254,143,131,12,12
39255,72,77,-5,5
39256,74,81,-7,7
39257,41,49,-8,8
39258,65,58,7,7
39259,73,70,3,3
39260,63,70,-7,7
39261,175,169,6,6
39262,85,94,-9,9
39263,82,81,1,1
39264,48,51,-3,3
39265,97,92,5,5
39266,86,88,-2,2
39267,66,63,3,3
39268,80,73,7,7
39269,84,83,1,1
39270,90,91,-1,1
39271,76,83,-7,7
39272,90,101,-11,11
39273,128,128,0,0
39274,76,84,-8,8
39275,84,78,6,6
39276,116,117,-1,1
39277,72,77,-5,5
39278,88,78,10,10
39279,58,63,-5,5
39280,80,75,5,5
39281,122,115,7,7
39282,84,95,-11,11
39283,62,60,2,2
39284,78,66,12,12
39285,113,117,-4,4
39286,152,149,3,3
39287,68,71,-3,3
39288,72,71,1,1
39289,104,101,3,3
39290,100,100,0,0
39291,92,75,17,17
39292,95,81,14,14
39293,66,64,2,2
39294,78,77,1,1
39295,117,109,8,8
39296,109,91,18,18
39297,157,141,16,16
39298,100,88,12,12
39299,101,92,9,9
39300,68,60,8,8
39301,137,124,13,13
39302,144,148,-4,4
39303,152,152,0,0
39304,121,111,10,10
39305,83,83,0,0
39306,86,115,-29,29
39307,72,63,9,9
39308,82,93,-11,11
39309,115,107,8,8
39310,44,44,0,0
39311,130,138,-8,8
39312,84,85,-1,1
39313,104,89,15,15
39314,70,64,6,6
39315,152,130,22,22
39316,66,70,-4,4
39317,137,113,24,24
39318,86,79,7,7
39319,130,111,19,19
39320,105,98,7,7
39321,79,77,2,2
39322,79,78,1,1
39323,68,61,7,7
39324,86,77,9,9
39325,90,97,-7,7
39326,174,160,14,14
39327,41,52,-11,11
39328,109,104,5,5
39329,98,88,10,10
39330,79,83,-4,4
39331,107,107,0,0
39332,138,143,-5,5
39333,49,38,11,11
39334,68,69,-1,1
39335,465,376,89,89
39336,102,93,9,9
39337,108,100,8,8
39338,98,99,-1,1
39339,70,66,4,4
39340,90,85,5,5
39341,103,103,0,0
39342,84,71,13,13
39343,128,135,-7,7
39344,205,192,13,13
39345,149,142,7,7
39346,51,61,-10,10
39347,64,71,-7,7
39348,155,145,10,10
39349,61,69,-8,8
39350,91,86,5,5
39351,69,67,2,2
39352,51,60,-9,9
39353,59,56,3,3
39354,110,101,9,9
39355,145,123,22,22
39356,86,97,-11,11
39357,192,190,2,2
39358,80,59,21,21
39359,62,58,4,4
39360,116,110,6,6
39361,94,107,-13,13
39362,60,59,1,1
39363,128,146,-18,18
39364,129,122,7,7
39365,111,114,-3,3
39366,137,140,-3,3
39367,164,150,14,14
39368,119,110,9,9
39369,90,88,2,2
39370,114,117,-3,3
39371,26,38,-12,12
39372,107,110,-3,3
39373,68,61,7,7
39374,118,116,2,2
39375,124,118,6,6
39376,170,160,10,10
39377,61,58,3,3
39378,136,135,1,1
39379,196,166,30,30
39380,87,89,-2,2
39381,95,103,-8,8
39382,108,122,-14,14
39383,151,147,4,4
39384,67,71,-4,4
39385,149,146,3,3
39386,113,102,11,11
39387,50,63,-13,13
39388,79,84,-5,5
39389,103,103,0,0
39390,80,78,2,2
39391,172,182,-10,10
39392,105,109,-4,4
39393,82,78,4,4
39394,47,52,-5,5
39395,54,51,3,3
39396,80,80,0,0
39397,64,60,4,4
39398,150,138,12,12
39399,134,133,1,1
39400,61,69,-8,8
39401,108,100,8,8
39402,116,120,-4,4
39403,101,117,-16,16
39404,81,83,-2,2
39405,90,95,-5,5
39406,71,74,-3,3
39407,119,115,4,4
39408,133,132,1,1
39409,125,135,-10,10
39410,70,63,7,7
39411,182,172,10,10
39412,114,119,-5,5
39413,136,156,-20,20
39414,76,71,5,5
39415,114,103,11,11
39416,46,53,-7,7
39417,97,111,-14,14
39418,70,74,-4,4
39419,63,58,5,5
39420,100,91,9,9
39421,114,103,11,11
39422,52,49,3,3
39423,130,128,2,2
39424,108,99,9,9
39425,133,118,15,15
39426,26,51,-25,25
39427,75,75,0,0
39428,112,124,-12,12
39429,73,61,12,12
39430,44,54,-10,10
39431,75,72,3,3
39432,93,88,5,5
39433,60,72,-12,12
39434,83,78,5,5
39435,140,130,10,10
39436,100,106,-6,6
39437,107,96,11,11
39438,95,73,22,22
39439,111,97,14,14
39440,112,108,4,4
39441,67,71,-4,4
39442,52,57,-5,5
39443,113,99,14,14
39444,77,69,8,8
39445,135,133,2,2
39446,61,53,8,8
39447,58,62,-4,4
39448,60,57,3,3
39449,100,97,3,3
39450,49,57,-8,8
39451,71,68,3,3
39452,104,105,-1,1
39453,49,53,-4,4
39454,141,135,6,6
39455,113,114,-1,1
39456,74,66,8,8
39457,135,134,1,1
39458,61,60,1,1
39459,115,105,10,10
39460,89,95,-6,6
39461,76,77,-1,1
39462,111,122,-11,11
39463,61,66,-5,5
39464,54,61,-7,7
39465,95,97,-2,2
39466,125,123,2,2
39467,168,172,-4,4
39468,71,73,-2,2
39469,80,73,7,7
39470,224,228,-4,4
39471,87,88,-1,1
39472,65,60,5,5
39473,130,143,-13,13
39474,111,113,-2,2
39475,76,68,8,8
39476,111,113,-2,2
39477,88,94,-6,6
39478,97,94,3,3
39479,118,118,0,0
39480,93,78,15,15
39481,131,124,7,7
39482,82,76,6,6
39483,153,144,9,9
39484,76,78,-2,2
39485,105,114,-9,9
39486,38,32,6,6
39487,56,59,-3,3
39488,75,73,2,2
39489,40,52,-12,12
39490,139,150,-11,11
39491,78,86,-8,8
39492,72,72,0,0
39493,123,129,-6,6
39494,71,60,11,11
39495,144,139,5,5
39496,51,59,-8,8
39497,63,63,0,0
39498,51,56,-5,5
39499,98,92,6,6
39500,83,76,7,7
39501,75,84,-9,9
39502,108,102,6,6
39503,100,85,15,15
39504,61,49,12,12
39505,76,68,8,8
39506,156,212,-56,56
39507,69,64,5,5
39508,219,222,-3,3
39509,112,110,2,2
39510,86,90,-4,4
39511,53,47,6,6
39512,108,103,5,5
39513,82,78,4,4
39514,89,81,8,8
39515,125,115,10,10
39516,96,107,-11,11
39517,113,113,0,0
39518,61,61,0,0
39519,39,42,-3,3
39520,65,70,-5,5
39521,101,99,2,2
39522,188,167,21,21
39523,73,70,3,3
39524,51,61,-10,10
39525,126,125,1,1
39526,95,115,-20,20
39527,85,98,-13,13
39528,112,79,33,33
39529,117,126,-9,9
39530,109,92,17,17
39531,47,64,-17,17
39532,63,70,-7,7
39533,92,93,-1,1
39534,78,79,-1,1
39535,100,86,14,14
39536,137,123,14,14
39537,163,155,8,8
39538,74,78,-4,4
39539,64,72,-8,8
39540,87,70,17,17
39541,87,84,3,3
39542,120,121,-1,1
39543,129,110,19,19
39544,137,141,-4,4
39545,65,63,2,2
39546,67,64,3,3
39547,83,82,1,1
39548,91,78,13,13
39549,88,80,8,8
39550,47,57,-10,10
39551,119,115,4,4
39552,76,77,-1,1
39553,96,90,6,6
39554,69,77,-8,8
39555,91,92,-1,1
39556,95,91,4,4
39557,89,96,-7,7
39558,89,83,6,6
39559,106,104,2,2
39560,86,73,13,13
39561,119,110,9,9
39562,76,81,-5,5
39563,95,80,15,15
39564,93,91,2,2
39565,93,78,15,15
39566,87,81,6,6
39567,142,141,1,1
39568,81,83,-2,2
39569,54,55,-1,1
39570,131,109,22,22
39571,53,49,4,4
39572,132,114,18,18
39573,83,83,0,0
39574,77,64,13,13
39575,86,84,2,2
39576,135,114,21,21
39577,114,107,7,7
39578,75,88,-13,13
39579,62,66,-4,4
39580,96,94,2,2
39581,88,79,9,9
39582,58,59,-1,1
39583,55,59,-4,4
39584,70,67,3,3
39585,162,147,15,15
39586,98,91,7,7
39587,73,68,5,5
39588,52,62,-10,10
39589,86,84,2,2
39590,133,129,4,4
39591,102,102,0,0
39592,137,131,6,6
39593,58,55,3,3
39594,94,75,19,19
39595,158,145,13,13
39596,88,84,4,4
39597,81,82,-1,1
39598,88,74,14,14
39599,170,174,-4,4
39600,132,125,7,7
39601,160,158,2,2
39602,69,63,6,6
39603,78,77,1,1
39604,47,62,-15,15
39605,122,121,1,1
39606,46,43,3,3
39607,81,86,-5,5
39608,173,178,-5,5
39609,36,101,-65,65
39610,84,79,5,5
39611,118,105,13,13
39612,113,105,8,8
39613,162,160,2,2
39614,98,94,4,4
39615,96,91,5,5
39616,71,68,3,3
39617,68,59,9,9
39618,85,73,12,12
39619,34,62,-28,28
39620,69,85,-16,16
39621,69,69,0,0
39622,128,123,5,5
39623,99,102,-3,3
39624,121,123,-2,2
39625,179,162,17,17
39626,92,93,-1,1
39627,171,179,-8,8
39628,94,87,7,7
39629,112,112,0,0
39630,79,76,3,3
39631,57,65,-8,8
39632,72,76,-4,4
39633,161,146,15,15
39634,132,127,5,5
39635,126,114,12,12
39636,78,79,-1,1
39637,72,68,4,4
39638,88,95,-7,7
39639,93,79,14,14
39640,56,55,1,1
39641,179,180,-1,1
39642,99,88,11,11
39643,143,133,10,10
39644,25,34,-9,9
39645,85,79,6,6
39646,50,50,0,0
39647,110,99,11,11
39648,133,122,11,11
39649,103,91,12,12
39650,149,146,3,3
39651,146,147,-1,1
39652,65,64,1,1
39653,117,135,-18,18
39654,53,48,5,5
39655,155,139,16,16
39656,127,120,7,7
39657,87,86,1,1
39658,167,154,13,13
39659,74,65,9,9
39660,65,61,4,4
39661,50,58,-8,8
39662,109,108,1,1
39663,65,63,2,2
39664,98,92,6,6
39665,128,124,4,4
39666,132,136,-4,4
39667,174,176,-2,2
39668,81,77,4,4
39669,69,70,-1,1
39670,77,61,16,16
39671,69,72,-3,3
39672,68,69,-1,1
39673,132,138,-6,6
39674,152,162,-10,10
39675,87,87,0,0
39676,30,51,-21,21
39677,98,90,8,8
39678,99,101,-2,2
39679,116,120,-4,4
39680,100,96,4,4
39681,137,131,6,6
39682,63,67,-4,4
39683,82,85,-3,3
39684,99,115,-16,16
39685,58,60,-2,2
39686,68,73,-5,5
39687,121,118,3,3
39688,91,81,10,10
39689,61,75,-14,14
39690,46,53,-7,7
39691,107,113,-6,6
39692,80,81,-1,1
39693,78,77,1,1
39694,83,75,8,8
39695,139,139,0,0
39696,113,105,8,8
39697,109,119,-10,10
39698,168,162,6,6
39699,148,138,10,10
39700,90,80,10,10
39701,49,54,-5,5
39702,91,98,-7,7
39703,48,54,-6,6
39704,99,100,-1,1
39705,125,129,-4,4
39706,77,95,-18,18
39707,89,86,3,3
39708,85,72,13,13
39709,85,83,2,2
39710,60,74,-14,14
39711,100,93,7,7
39712,61,62,-1,1
39713,87,83,4,4
39714,79,79,0,0
39715,48,50,-2,2
39716,90,96,-6,6
39717,85,79,6,6
39718,77,65,12,12
39719,56,55,1,1
39720,55,57,-2,2
39721,148,137,11,11
39722,108,103,5,5
39723,69,55,14,14
39724,151,144,7,7
39725,98,90,8,8
39726,87,89,-2,2
39727,76,69,7,7
39728,84,80,4,4
39729,39,46,-7,7
39730,105,98,7,7
39731,68,88,-20,20
39732,58,67,-9,9
39733,81,75,6,6
39734,108,117,-9,9
39735,98,98,0,0
39736,148,100,48,48
39737,71,69,2,2
39738,108,102,6,6
39739,68,69,-1,1
39740,82,80,2,2
39741,159,147,12,12
39742,109,96,13,13
39743,113,103,10,10
39744,106,104,2,2
39745,124,102,22,22
39746,74,70,4,4
39747,23,23,0,0
39748,94,86,8,8
39749,69,63,6,6
39750,63,67,-4,4
39751,49,62,-13,13
39752,83,80,3,3
39753,65,68,-3,3
39754,122,94,28,28
39755,110,103,7,7
39756,145,148,-3,3
39757,128,103,25,25
39758,61,57,4,4
39759,135,122,13,13
39760,62,52,10,10
39761,143,106,37,37
39762,59,57,2,2
39763,133,130,3,3
39764,84,90,-6,6
39765,127,130,-3,3
39766,75,67,8,8
39767,128,127,1,1
39768,85,87,-2,2
39769,127,108,19,19
39770,66,70,-4,4
39771,45,43,2,2
39772,89,86,3,3
39773,82,67,15,15
39774,98,92,6,6
39775,51,62,-11,11
39776,112,114,-2,2
39777,70,63,7,7
39778,75,59,16,16
39779,97,85,12,12
39780,59,83,-24,24
39781,51,48,3,3
39782,53,55,-2,2
39783,56,61,-5,5
39784,67,56,11,11
39785,66,67,-1,1
39786,89,83,6,6
39787,94,81,13,13
39788,77,85,-8,8
39789,41,44,-3,3
39790,85,81,4,4
39791,72,65,7,7
39792,108,110,-2,2
39793,105,104,1,1
39794,67,66,1,1
39795,97,95,2,2
39796,76,69,7,7
39797,133,137,-4,4
39798,93,91,2,2
39799,40,44,-4,4
39800,66,62,4,4
39801,43,49,-6,6
39802,145,132,13,13
39803,135,124,11,11
39804,64,62,2,2
39805,76,83,-7,7
39806,55,54,1,1
39807,78,82,-4,4
39808,103,97,6,6
39809,141,143,-2,2
39810,152,154,-2,2
39811,110,115,-5,5
39812,122,113,9,9
39813,78,75,3,3
39814,82,84,-2,2
39815,104,92,12,12
39816,112,107,5,5
39817,69,59,10,10
39818,48,49,-1,1
39819,60,67,-7,7
39820,54,53,1,1
39821,128,115,13,13
39822,61,60,1,1
39823,108,110,-2,2
39824,86,83,3,3
39825,74,78,-4,4
39826,168,162,6,6
39827,76,79,-3,3
39828,80,76,4,4
39829,96,76,20,20
39830,74,72,2,2
39831,59,53,6,6
39832,143,139,4,4
39833,68,59,9,9
39834,76,76,0,0
39835,97,100,-3,3
39836,66,66,0,0
39837,94,89,5,5
39838,159,147,12,12
39839,76,71,5,5
39840,121,120,1,1
39841,123,124,-1,1
39842,80,77,3,3
39843,77,77,0,0
39844,52,59,-7,7
39845,115,126,-11,11
39846,180,155,25,25
39847,70,73,-3,3
39848,79,81,-2,2
39849,112,101,11,11
39850,89,90,-1,1
39851,83,80,3,3
39852,108,111,-3,3
39853,67,73,-6,6
39854,86,82,4,4
39855,82,78,4,4
39856,156,168,-12,12
39857,141,126,15,15
39858,154,149,5,5
39859,63,67,-4,4
39860,52,49,3,3
39861,122,111,11,11
39862,69,72,-3,3
39863,93,96,-3,3
39864,106,118,-12,12
39865,76,70,6,6
39866,97,81,16,16
39867,96,95,1,1
39868,116,118,-2,2
39869,98,88,10,10
39870,89,85,4,4
39871,137,144,-7,7
39872,88,71,17,17
39873,115,116,-1,1
39874,135,129,6,6
39875,99,98,1,1
39876,68,75,-7,7
39877,98,92,6,6
39878,119,112,7,7
39879,77,65,12,12
39880,74,79,-5,5
39881,115,113,2,2
39882,67,61,6,6
39883,79,78,1,1
39884,107,109,-2,2
39885,83,78,5,5
39886,74,77,-3,3
39887,160,170,-10,10
39888,56,58,-2,2
39889,74,66,8,8
39890,95,95,0,0
39891,141,146,-5,5
39892,98,97,1,1
39893,84,80,4,4
39894,118,113,5,5
39895,58,57,1,1
39896,54,59,-5,5
39897,74,72,2,2
39898,69,65,4,4
39899,123,106,17,17
39900,59,57,2,2
39901,50,61,-11,11
39902,56,49,7,7
39903,55,61,-6,6
39904,145,142,3,3
39905,89,77,12,12
39906,74,68,6,6
39907,67,68,-1,1
39908,100,101,-1,1
39909,99,90,9,9
39910,64,62,2,2
39911,49,53,-4,4
39912,144,153,-9,9
39913,65,61,4,4
39914,57,65,-8,8
39915,74,75,-1,1
39916,82,86,-4,4
39917,80,72,8,8
39918,167,193,-26,26
39919,55,58,-3,3
39920,98,102,-4,4
39921,69,67,2,2
39922,60,58,2,2
39923,149,146,3,3
39924,170,174,-4,4
39925,56,74,-18,18
39926,120,116,4,4
39927,114,116,-2,2
39928,123,121,2,2
39929,67,72,-5,5
39930,145,137,8,8
39931,72,69,3,3
39932,85,79,6,6
39933,117,124,-7,7
39934,87,108,-21,21
39935,66,68,-2,2
39936,116,123,-7,7
39937,53,60,-7,7
39938,109,107,2,2
39939,26,34,-8,8
39940,51,51,0,0
39941,65,55,10,10
39942,89,81,8,8
39943,110,91,19,19
39944,70,73,-3,3
39945,46,53,-7,7
39946,119,116,3,3
39947,127,124,3,3
39948,95,89,6,6
39949,68,69,-1,1
39950,73,71,2,2
39951,112,109,3,3
39952,152,161,-9,9
39953,83,77,6,6
39954,115,112,3,3
39955,131,109,22,22
39956,49,47,2,2
39957,118,95,23,23
39958,94,83,11,11
39959,120,129,-9,9
39960,64,73,-9,9
39961,145,141,4,4
39962,63,56,7,7
39963,62,58,4,4
39964,55,52,3,3
39965,113,120,-7,7
39966,62,64,-2,2
39967,80,72,8,8
39968,100,95,5,5
39969,72,72,0,0
39970,75,79,-4,4
39971,104,100,4,4
39972,56,56,0,0
39973,116,122,-6,6
39974,87,91,-4,4
39975,109,95,14,14
39976,107,112,-5,5
39977,63,73,-10,10
39978,127,139,-12,12
39979,124,109,15,15
39980,67,57,10,10
39981,229,186,43,43
39982,144,126,18,18
39983,110,114,-4,4
39984,70,61,9,9
39985,102,98,4,4
39986,153,133,20,20
39987,82,76,6,6
39988,50,51,-1,1
39989,54,59,-5,5
39990,97,88,9,9
39991,75,87,-12,12
39992,83,84,-1,1
39993,88,83,5,5
39994,129,124,5,5
39995,91,75,16,16
39996,115,103,12,12
39997,96,98,-2,2
39998,177,172,5,5
39999,109,112,-3,3
40000,91,89,2,2
40001,102,100,2,2
40002,75,63,12,12
40003,67,65,2,2
40004,85,84,1,1
40005,133,130,3,3
40006,122,125,-3,3
40007,99,102,-3,3
40008,72,74,-2,2
40009,80,79,1,1
40010,61,60,1,1
40011,118,105,13,13
40012,112,111,1,1
40013,69,74,-5,5
40014,156,151,5,5
40015,140,131,9,9
40016,55,53,2,2
40017,85,96,-11,11
40018,104,95,9,9
40019,113,107,6,6
40020,61,66,-5,5
40021,110,107,3,3
40022,142,132,10,10
40023,93,90,3,3
40024,49,48,1,1
40025,139,140,-1,1
40026,42,48,-6,6
40027,80,62,18,18
40028,138,138,0,0
40029,148,145,3,3
40030,28,46,-18,18
40031,54,54,0,0
40032,85,78,7,7
40033,84,79,5,5
40034,161,145,16,16
40035,80,84,-4,4
40036,108,127,-19,19
40037,91,92,-1,1
40038,92,88,4,4
40039,92,103,-11,11
40040,91,87,4,4
40041,146,137,9,9
40042,59,66,-7,7
40043,109,99,10,10
40044,67,69,-2,2
40045,89,92,-3,3
40046,156,139,17,17
40047,106,98,8,8
40048,71,68,3,3
40049,161,157,4,4
40050,97,94,3,3
40051,95,91,4,4
40052,128,126,2,2
40053,79,92,-13,13
40054,127,134,-7,7
40055,88,92,-4,4
40056,63,60,3,3
40057,47,54,-7,7
40058,67,71,-4,4
40059,44,41,3,3
40060,70,63,7,7
40061,59,55,4,4
40062,115,115,0,0
40063,123,125,-2,2
40064,49,40,9,9
40065,81,73,8,8
40066,55,47,8,8
40067,105,93,12,12
40068,120,116,4,4
40069,95,97,-2,2
40070,73,78,-5,5
40071,76,71,5,5
40072,95,85,10,10
40073,35,36,-1,1
40074,85,81,4,4
40075,65,76,-11,11
40076,125,129,-4,4
40077,62,59,3,3
40078,95,94,1,1
40079,139,136,3,3
40080,77,78,-1,1
40081,65,61,4,4
40082,53,62,-9,9
40083,83,72,11,11
40084,62,48,14,14
40085,74,71,3,3
40086,32,40,-8,8
40087,67,61,6,6
40088,134,123,11,11
40089,78,80,-2,2
40090,88,78,10,10
40091,81,82,-1,1
40092,60,63,-3,3
40093,117,101,16,16
40094,61,54,7,7
40095,147,151,-4,4
40096,217,193,24,24
40097,84,82,2,2
40098,67,65,2,2
40099,158,174,-16,16
40100,51,67,-16,16
40101,91,93,-2,2
40102,72,61,11,11
40103,121,125,-4,4
40104,76,68,8,8
40105,117,108,9,9
40106,63,70,-7,7
40107,82,87,-5,5
40108,87,95,-8,8
40109,77,71,6,6
40110,67,69,-2,2
40111,129,93,36,36
40112,56,51,5,5
40113,60,64,-4,4
40114,130,119,11,11
40115,106,107,-1,1
40116,73,73,0,0
40117,89,90,-1,1
40118,85,96,-11,11
40119,71,64,7,7
40120,206,212,-6,6
40121,142,148,-6,6
40122,106,107,-1,1
40123,98,95,3,3
40124,60,71,-11,11
40125,113,118,-5,5
40126,57,62,-5,5
40127,73,68,5,5
40128,186,165,21,21
40129,87,95,-8,8
40130,122,111,11,11
40131,80,82,-2,2
40132,130,114,16,16
40133,106,92,14,14
40134,175,193,-18,18
40135,135,114,21,21
40136,115,114,1,1
40137,80,76,4,4
40138,125,101,24,24
40139,85,91,-6,6
40140,85,78,7,7
40141,143,134,9,9
40142,92,81,11,11
40143,74,60,14,14
40144,66,73,-7,7
40145,68,59,9,9
40146,103,111,-8,8
40147,82,82,0,0
40148,57,62,-5,5
40149,102,110,-8,8
40150,117,122,-5,5
40151,79,80,-1,1
40152,179,151,28,28
40153,111,117,-6,6
40154,59,53,6,6
40155,90,83,7,7
40156,82,100,-18,18
40157,120,117,3,3
40158,89,89,0,0
40159,76,72,4,4
40160,74,60,14,14
40161,54,56,-2,2
40162,51,54,-3,3
40163,71,75,-4,4
40164,116,102,14,14
40165,84,79,5,5
40166,107,103,4,4
40167,83,74,9,9
40168,170,161,9,9
40169,118,120,-2,2
40170,115,105,10,10
40171,78,78,0,0
40172,155,147,8,8
40173,143,146,-3,3
40174,80,89,-9,9
40175,64,74,-10,10
40176,97,81,16,16
40177,92,99,-7,7
40178,63,65,-2,2
40179,196,171,25,25
40180,70,76,-6,6
40181,95,95,0,0
40182,73,72,1,1
40183,64,69,-5,5
40184,86,94,-8,8
40185,93,99,-6,6
40186,81,82,-1,1
40187,132,95,37,37
40188,89,72,17,17
40189,80,64,16,16
40190,61,57,4,4
40191,148,151,-3,3
40192,104,102,2,2
40193,105,106,-1,1
40194,94,84,10,10
40195,72,74,-2,2
40196,71,63,8,8
40197,115,111,4,4
40198,100,97,3,3
40199,64,56,8,8
40200,88,117,-29,29
40201,175,180,-5,5
40202,153,157,-4,4
40203,58,49,9,9
40204,143,149,-6,6
40205,49,50,-1,1
40206,62,51,11,11
40207,72,72,0,0
40208,112,111,1,1
40209,90,79,11,11
40210,88,83,5,5
40211,92,84,8,8
40212,25,43,-18,18
40213,97,90,7,7
40214,133,115,18,18
40215,86,83,3,3
40216,81,74,7,7
40217,164,152,12,12
40218,64,57,7,7
40219,79,79,0,0
40220,108,113,-5,5
40221,62,65,-3,3
40222,84,82,2,2
40223,187,187,0,0
40224,70,76,-6,6
40225,119,110,9,9
40226,86,70,16,16
40227,118,109,9,9
40228,79,78,1,1
40229,77,75,2,2
40230,85,93,-8,8
40231,107,86,21,21
40232,76,79,-3,3
40233,54,39,15,15
40234,66,65,1,1
40235,64,69,-5,5
40236,56,60,-4,4
40237,147,148,-1,1
40238,92,71,21,21
40239,119,111,8,8
40240,61,67,-6,6
40241,112,102,10,10
40242,116,120,-4,4
40243,68,73,-5,5
40244,153,151,2,2
40245,114,122,-8,8
40246,115,112,3,3
40247,91,88,3,3
40248,68,80,-12,12
40249,111,107,4,4
40250,79,65,14,14
40251,57,60,-3,3
40252,114,114,0,0
40253,66,65,1,1
40254,96,77,19,19
40255,83,90,-7,7
40256,93,79,14,14
40257,83,71,12,12
40258,80,76,4,4
40259,82,78,4,4
40260,114,110,4,4
40261,49,70,-21,21
40262,67,70,-3,3
40263,79,73,6,6
40264,77,76,1,1
40265,64,60,4,4
40266,177,165,12,12
40267,71,76,-5,5
40268,99,90,9,9
40269,90,84,6,6
40270,107,105,2,2
40271,103,92,11,11
40272,144,140,4,4
40273,81,75,6,6
40274,69,80,-11,11
40275,63,77,-14,14
40276,105,105,0,0
40277,100,93,7,7
40278,118,121,-3,3
40279,89,80,9,9
40280,90,87,3,3
40281,88,90,-2,2
40282,69,74,-5,5
40283,59,58,1,1
40284,84,79,5,5
40285,143,141,2,2
40286,112,119,-7,7
40287,143,161,-18,18
40288,78,63,15,15
40289,38,47,-9,9
40290,107,99,8,8
40291,57,55,2,2
40292,62,94,-32,32
40293,79,78,1,1
40294,72,75,-3,3
40295,85,81,4,4
40296,83,87,-4,4
40297,69,69,0,0
40298,62,58,4,4
40299,80,80,0,0
40300,55,64,-9,9
40301,77,65,12,12
40302,77,88,-11,11
40303,81,81,0,0
40304,88,87,1,1
40305,75,81,-6,6
40306,103,106,-3,3
40307,63,57,6,6
40308,115,99,16,16
40309,149,156,-7,7
40310,48,46,2,2
40311,67,61,6,6
40312,167,144,23,23
40313,116,110,6,6
40314,40,58,-18,18
40315,93,97,-4,4
40316,98,101,-3,3
40317,105,92,13,13
40318,150,146,4,4
40319,174,156,18,18
40320,156,113,43,43
40321,61,94,-33,33
40322,124,128,-4,4
40323,61,55,6,6
40324,58,59,-1,1
40325,147,146,1,1
40326,80,89,-9,9
40327,115,102,13,13
40328,139,130,9,9
40329,73,69,4,4
40330,208,199,9,9
40331,92,94,-2,2
40332,63,65,-2,2
40333,126,114,12,12
40334,31,36,-5,5
40335,55,81,-26,26
40336,154,146,8,8
40337,110,108,2,2
40338,62,51,11,11
40339,124,111,13,13
40340,81,73,8,8
40341,78,72,6,6
40342,122,131,-9,9
40343,110,121,-11,11
40344,100,82,18,18
40345,112,113,-1,1
40346,58,61,-3,3
40347,92,86,6,6
40348,143,141,2,2
40349,76,72,4,4
40350,62,66,-4,4
40351,72,71,1,1
40352,96,89,7,7
40353,98,97,1,1
40354,209,185,24,24
40355,81,77,4,4
40356,65,72,-7,7
40357,111,98,13,13
40358,158,173,-15,15
40359,106,115,-9,9
40360,124,115,9,9
40361,90,76,14,14
40362,95,97,-2,2
40363,86,87,-1,1
40364,89,80,9,9
40365,59,63,-4,4
40366,132,125,7,7
40367,91,81,10,10
40368,90,79,11,11
40369,85,82,3,3
40370,77,88,-11,11
40371,68,55,13,13
40372,77,81,-4,4
40373,125,128,-3,3
40374,53,51,2,2
40375,100,100,0,0
40376,128,129,-1,1
40377,78,69,9,9
40378,73,100,-27,27
40379,79,78,1,1
40380,89,94,-5,5
40381,101,99,2,2
40382,93,106,-13,13
40383,93,92,1,1
40384,62,59,3,3
40385,113,99,14,14
40386,117,108,9,9
40387,133,127,6,6
40388,107,116,-9,9
40389,64,81,-17,17
40390,48,53,-5,5
40391,103,95,8,8
40392,91,97,-6,6
40393,121,124,-3,3
40394,109,111,-2,2
40395,92,92,0,0
40396,118,111,7,7
40397,82,82,0,0
40398,76,62,14,14
40399,98,102,-4,4
40400,118,95,23,23
40401,124,136,-12,12
40402,120,100,20,20
40403,85,87,-2,2
40404,112,99,13,13
40405,88,85,3,3
40406,65,59,6,6
40407,48,50,-2,2
40408,66,79,-13,13
40409,106,81,25,25
40410,174,166,8,8
40411,161,152,9,9
40412,42,81,-39,39
40413,65,72,-7,7
40414,47,61,-14,14
40415,100,110,-10,10
40416,91,85,6,6
40417,59,60,-1,1
40418,77,83,-6,6
40419,83,88,-5,5
40420,91,87,4,4
40421,91,85,6,6
40422,163,158,5,5
40423,89,81,8,8
40424,144,145,-1,1
40425,107,106,1,1
40426,75,74,1,1
40427,210,211,-1,1
40428,168,162,6,6
40429,116,78,38,38
40430,67,75,-8,8
40431,66,68,-2,2
40432,23,26,-3,3
40433,99,90,9,9
40434,66,66,0,0
40435,56,55,1,1
40436,92,89,3,3
40437,132,121,11,11
40438,67,66,1,1
40439,42,46,-4,4
40440,123,120,3,3
40441,44,47,-3,3
40442,117,115,2,2
40443,109,105,4,4
40444,106,109,-3,3
40445,92,94,-2,2
40446,88,81,7,7
40447,74,79,-5,5
40448,114,125,-11,11
40449,146,129,17,17
40450,105,110,-5,5
40451,91,90,1,1
40452,124,121,3,3
40453,178,168,10,10
40454,98,94,4,4
40455,145,152,-7,7
40456,76,72,4,4
40457,100,94,6,6
40458,128,99,29,29
40459,152,147,5,5
40460,40,46,-6,6
40461,65,67,-2,2
40462,107,107,0,0
40463,90,80,10,10
40464,100,104,-4,4
40465,71,84,-13,13
40466,55,60,-5,5
40467,80,82,-2,2
40468,131,94,37,37
40469,28,41,-13,13
40470,93,109,-16,16
40471,149,158,-9,9
40472,88,85,3,3
40473,50,51,-1,1
40474,82,88,-6,6
40475,125,115,10,10
40476,131,118,13,13
40477,93,106,-13,13
40478,83,79,4,4
40479,149,152,-3,3
40480,74,76,-2,2
40481,124,122,2,2
40482,174,155,19,19
40483,83,111,-28,28
40484,119,124,-5,5
40485,85,79,6,6
40486,70,61,9,9
40487,197,190,7,7
40488,131,124,7,7
40489,130,126,4,4
40490,73,78,-5,5
40491,97,92,5,5
40492,85,68,17,17
40493,198,181,17,17
40494,100,99,1,1
40495,81,105,-24,24
40496,71,68,3,3
40497,97,95,2,2
40498,77,87,-10,10
40499,88,84,4,4
40500,90,81,9,9
40501,74,76,-2,2
40502,70,76,-6,6
40503,63,60,3,3
40504,149,146,3,3
40505,97,82,15,15
40506,65,73,-8,8
40507,81,78,3,3
40508,100,96,4,4
40509,79,83,-4,4
40510,106,104,2,2
40511,79,81,-2,2
40512,137,130,7,7
40513,82,83,-1,1
40514,68,50,18,18
40515,100,90,10,10
40516,40,48,-8,8
40517,57,57,0,0
40518,73,70,3,3
40519,85,92,-7,7
40520,135,132,3,3
40521,126,121,5,5
40522,158,150,8,8
40523,110,109,1,1
40524,125,125,0,0
40525,115,109,6,6
40526,112,110,2,2
40527,71,71,0,0
40528,121,147,-26,26
40529,97,107,-10,10
40530,104,100,4,4
40531,97,96,1,1
40532,54,55,-1,1
40533,76,80,-4,4
40534,132,96,36,36
40535,98,94,4,4
40536,107,98,9,9
40537,119,114,5,5
40538,125,119,6,6
40539,96,93,3,3
40540,49,45,4,4
40541,89,79,10,10
40542,101,90,11,11
40543,86,101,-15,15
40544,43,50,-7,7
40545,40,50,-10,10
40546,109,99,10,10
40547,49,59,-10,10
40548,99,98,1,1
40549,120,94,26,26
40550,70,83,-13,13
40551,177,161,16,16
40552,59,61,-2,2
40553,90,86,4,4
40554,99,98,1,1
40555,99,97,2,2
40556,113,90,23,23
40557,87,94,-7,7
40558,120,109,11,11
40559,122,101,21,21
40560,156,162,-6,6
40561,90,85,5,5
40562,109,105,4,4
40563,59,67,-8,8
40564,110,114,-4,4
40565,64,60,4,4
40566,76,74,2,2
40567,93,88,5,5
40568,81,100,-19,19
40569,155,147,8,8
40570,77,93,-16,16
40571,52,57,-5,5
40572,48,43,5,5
40573,94,101,-7,7
40574,72,73,-1,1
40575,78,90,-12,12
40576,108,103,5,5
40577,74,79,-5,5
40578,67,67,0,0
40579,88,80,8,8
40580,127,107,20,20
40581,88,101,-13,13
40582,53,71,-18,18
40583,101,101,0,0
40584,105,105,0,0
40585,120,120,0,0
40586,63,63,0,0
40587,50,55,-5,5
40588,67,70,-3,3
40589,121,126,-5,5
40590,76,73,3,3
40591,95,80,15,15
40592,97,99,-2,2
40593,63,65,-2,2
40594,135,131,4,4
40595,61,58,3,3
40596,79,76,3,3
40597,133,108,25,25
40598,97,104,-7,7
40599,78,61,17,17
40600,96,94,2,2
40601,47,47,0,0
40602,139,120,19,19
40603,99,89,10,10
40604,113,101,12,12
40605,94,89,5,5
40606,100,111,-11,11
40607,71,77,-6,6
40608,102,103,-1,1
40609,113,113,0,0
40610,85,83,2,2
40611,75,66,9,9
40612,62,58,4,4
40613,111,85,26,26
40614,80,75,5,5
40615,117,115,2,2
40616,107,100,7,7
40617,75,74,1,1
40618,82,83,-1,1
40619,73,72,1,1
40620,110,105,5,5
40621,115,106,9,9
40622,151,151,0,0
40623,60,60,0,0
40624,51,61,-10,10
40625,76,74,2,2
40626,115,98,17,17
40627,79,76,3,3
40628,85,80,5,5
40629,84,95,-11,11
40630,136,127,9,9
40631,76,79,-3,3
40632,30,52,-22,22
40633,141,137,4,4
40634,83,78,5,5
40635,81,93,-12,12
40636,79,80,-1,1
40637,113,112,1,1
40638,88,75,13,13
40639,145,173,-28,28
40640,156,159,-3,3
40641,80,79,1,1
40642,103,104,-1,1
40643,116,111,5,5
40644,76,63,13,13
40645,123,125,-2,2
40646,93,92,1,1
40647,103,107,-4,4
40648,67,60,7,7
40649,102,109,-7,7
40650,92,74,18,18
40651,86,83,3,3
40652,56,57,-1,1
40653,80,79,1,1
40654,137,135,2,2
40655,48,63,-15,15
40656,87,68,19,19
40657,112,116,-4,4
40658,74,71,3,3
40659,87,89,-2,2
40660,101,116,-15,15
40661,58,67,-9,9
40662,116,112,4,4
40663,97,89,8,8
40664,65,61,4,4
40665,98,88,10,10
40666,98,97,1,1
40667,156,150,6,6
40668,88,88,0,0
40669,85,90,-5,5
40670,64,57,7,7
40671,72,72,0,0
40672,107,117,-10,10
40673,87,108,-21,21
40674,115,123,-8,8
40675,102,84,18,18
40676,120,110,10,10
40677,87,93,-6,6
40678,81,81,0,0
40679,53,55,-2,2
40680,71,76,-5,5
40681,78,72,6,6
40682,104,103,1,1
40683,113,118,-5,5
40684,51,49,2,2
40685,65,75,-10,10
40686,109,117,-8,8
40687,78,80,-2,2
40688,105,88,17,17
40689,93,89,4,4
40690,103,97,6,6
40691,113,99,14,14
40692,77,83,-6,6
40693,135,130,5,5
40694,82,67,15,15
40695,84,75,9,9
40696,56,65,-9,9
40697,54,54,0,0
40698,146,138,8,8
40699,149,142,7,7
40700,91,82,9,9
40701,61,56,5,5
40702,117,127,-10,10
40703,46,46,0,0
40704,159,153,6,6
40705,94,85,9,9
40706,153,147,6,6
40707,108,101,7,7
40708,85,79,6,6
40709,69,67,2,2
40710,295,265,30,30
40711,74,67,7,7
40712,103,107,-4,4
40713,80,77,3,3
40714,68,62,6,6
40715,120,123,-3,3
40716,86,86,0,0
40717,118,100,18,18
40718,74,73,1,1
40719,99,80,19,19
40720,76,64,12,12
40721,134,128,6,6
40722,97,114,-17,17
40723,66,68,-2,2
40724,92,98,-6,6
40725,50,56,-6,6
40726,83,80,3,3
40727,98,102,-4,4
40728,72,64,8,8
40729,71,71,0,0
40730,71,74,-3,3
40731,78,80,-2,2
40732,81,79,2,2
40733,126,129,-3,3
40734,71,62,9,9
40735,70,65,5,5
40736,141,143,-2,2
40737,75,76,-1,1
40738,85,79,6,6
40739,89,88,1,1
40740,82,93,-11,11
40741,174,166,8,8
40742,77,75,2,2
40743,113,128,-15,15
40744,165,170,-5,5
40745,55,52,3,3
40746,94,89,5,5
40747,81,84,-3,3
40748,103,99,4,4
40749,87,85,2,2
40750,68,83,-15,15
40751,205,202,3,3
40752,85,84,1,1
40753,66,54,12,12
40754,68,60,8,8
40755,87,86,1,1
40756,101,90,11,11
40757,115,112,3,3
40758,69,71,-2,2
40759,144,138,6,6
40760,97,93,4,4
40761,107,108,-1,1
40762,88,100,-12,12
40763,138,133,5,5
40764,90,79,11,11
40765,129,139,-10,10
40766,66,68,-2,2
40767,75,73,2,2
40768,118,110,8,8
40769,99,96,3,3
40770,77,71,6,6
40771,89,81,8,8
40772,95,93,2,2
40773,56,48,8,8
40774,115,113,2,2
40775,59,54,5,5
40776,117,115,2,2
40777,110,112,-2,2
40778,120,88,32,32
40779,98,80,18,18
40780,121,126,-5,5
40781,100,85,15,15
40782,85,74,11,11
40783,106,100,6,6
40784,165,156,9,9
40785,65,73,-8,8
40786,58,58,0,0
40787,165,167,-2,2
40788,56,61,-5,5
40789,62,67,-5,5
40790,85,74,11,11
40791,93,104,-11,11
40792,57,61,-4,4
40793,97,96,1,1
40794,96,103,-7,7
40795,45,49,-4,4
40796,114,111,3,3
40797,77,62,15,15
40798,77,80,-3,3
40799,89,79,10,10
40800,70,77,-7,7
40801,84,83,1,1
40802,89,105,-16,16
40803,104,106,-2,2
40804,88,80,8,8
40805,68,67,1,1
40806,67,65,2,2
40807,51,50,1,1
40808,144,149,-5,5
40809,135,129,6,6
40810,89,81,8,8
40811,122,109,13,13
40812,110,99,11,11
40813,81,75,6,6
40814,147,158,-11,11
40815,60,58,2,2
40816,137,146,-9,9
40817,110,104,6,6
40818,125,119,6,6
40819,89,94,-5,5
40820,129,142,-13,13
40821,70,55,15,15
40822,149,154,-5,5
40823,72,75,-3,3
40824,96,93,3,3
40825,76,83,-7,7
40826,154,149,5,5
40827,220,193,27,27
40828,106,109,-3,3
40829,95,102,-7,7
40830,158,169,-11,11
40831,140,140,0,0
40832,86,80,6,6
40833,96,79,17,17
40834,100,95,5,5
40835,70,81,-11,11
40836,64,71,-7,7
40837,147,144,3,3
40838,75,74,1,1
40839,80,77,3,3
40840,161,150,11,11
40841,83,98,-15,15
40842,89,73,16,16
40843,169,163,6,6
40844,85,91,-6,6
40845,151,153,-2,2
40846,85,79,6,6
40847,61,67,-6,6
40848,62,60,2,2
40849,118,110,8,8
40850,97,97,0,0
40851,118,112,6,6
40852,104,87,17,17
40853,44,43,1,1
40854,101,97,4,4
40855,69,62,7,7
40856,52,62,-10,10
40857,115,111,4,4
40858,56,50,6,6
40859,110,125,-15,15
40860,96,122,-26,26
40861,88,84,4,4
40862,94,99,-5,5
40863,60,66,-6,6
40864,108,106,2,2
40865,114,97,17,17
40866,87,83,4,4
40867,102,98,4,4
40868,75,72,3,3
40869,56,48,8,8
40870,123,135,-12,12
40871,29,48,-19,19
40872,70,80,-10,10
40873,87,82,5,5
40874,48,61,-13,13
40875,108,93,15,15
40876,164,170,-6,6
40877,125,108,17,17
40878,66,63,3,3
40879,190,181,9,9
40880,91,88,3,3
40881,116,99,17,17
40882,96,92,4,4
40883,86,86,0,0
40884,157,165,-8,8
40885,149,132,17,17
40886,54,57,-3,3
40887,81,85,-4,4
40888,97,103,-6,6
40889,128,122,6,6
40890,96,98,-2,2
40891,121,123,-2,2
40892,131,121,10,10
40893,133,123,10,10
40894,130,124,6,6
40895,97,98,-1,1
40896,68,72,-4,4
40897,118,109,9,9
40898,91,84,7,7
40899,90,101,-11,11
40900,65,61,4,4
40901,143,133,10,10
40902,80,67,13,13
40903,96,85,11,11
40904,104,95,9,9
40905,112,113,-1,1
40906,86,83,3,3
40907,91,90,1,1
40908,205,180,25,25
40909,73,83,-10,10
40910,101,90,11,11
40911,73,68,5,5
40912,90,84,6,6
40913,191,193,-2,2
40914,90,91,-1,1
40915,149,147,2,2
40916,73,82,-9,9
40917,152,151,1,1
40918,115,106,9,9
40919,88,92,-4,4
40920,86,83,3,3
40921,103,97,6,6
40922,37,45,-8,8
40923,83,71,12,12
40924,76,68,8,8
40925,56,51,5,5
40926,130,136,-6,6
40927,67,59,8,8
40928,78,72,6,6
40929,105,107,-2,2
40930,101,102,-1,1
40931,88,87,1,1
40932,83,84,-1,1
40933,108,110,-2,2
40934,67,67,0,0
40935,107,102,5,5
40936,43,51,-8,8
40937,71,78,-7,7
40938,99,87,12,12
40939,120,127,-7,7
40940,132,115,17,17
40941,30,47,-17,17
40942,88,87,1,1
40943,82,96,-14,14
40944,59,61,-2,2
40945,68,70,-2,2
40946,120,110,10,10
40947,60,65,-5,5
40948,103,97,6,6
40949,110,108,2,2
40950,114,105,9,9
40951,90,83,7,7
40952,192,184,8,8
40953,100,95,5,5
40954,119,117,2,2
40955,91,96,-5,5
40956,98,90,8,8
40957,51,50,1,1
40958,94,87,7,7
40959,98,100,-2,2
40960,71,71,0,0
40961,106,119,-13,13
40962,78,78,0,0
40963,66,66,0,0
40964,79,81,-2,2
40965,85,85,0,0
40966,147,146,1,1
40967,68,62,6,6
40968,66,62,4,4
40969,81,74,7,7
40970,133,135,-2,2
40971,120,112,8,8
40972,71,74,-3,3
40973,169,170,-1,1
40974,159,155,4,4
40975,57,62,-5,5
40976,73,75,-2,2
40977,44,48,-4,4
40978,85,86,-1,1
40979,49,64,-15,15
40980,54,47,7,7
40981,89,77,12,12
40982,62,65,-3,3
40983,88,81,7,7
40984,93,95,-2,2
40985,66,67,-1,1
40986,69,71,-2,2
40987,138,154,-16,16
40988,88,90,-2,2
40989,102,96,6,6
40990,45,47,-2,2
40991,48,51,-3,3
40992,106,99,7,7
40993,158,150,8,8
40994,125,119,6,6
40995,64,75,-11,11
40996,153,152,1,1
40997,66,60,6,6
40998,87,93,-6,6
40999,90,87,3,3
41000,105,103,2,2
41001,51,53,-2,2
41002,148,138,10,10
41003,123,128,-5,5
41004,59,54,5,5
41005,88,77,11,11
41006,91,89,2,2
41007,77,72,5,5
41008,98,98,0,0
41009,84,87,-3,3
41010,97,95,2,2
41011,129,112,17,17
41012,158,159,-1,1
41013,99,102,-3,3
41014,153,154,-1,1
41015,140,124,16,16
41016,97,82,15,15
41017,116,109,7,7
41018,108,99,9,9
41019,117,116,1,1
41020,112,97,15,15
41021,70,65,5,5
41022,117,122,-5,5
41023,186,174,12,12
41024,88,87,1,1
41025,40,47,-7,7
41026,69,75,-6,6
41027,138,127,11,11
41028,68,76,-8,8
41029,194,179,15,15
41030,141,136,5,5
41031,66,79,-13,13
41032,87,92,-5,5
41033,112,107,5,5
41034,120,108,12,12
41035,117,102,15,15
41036,116,103,13,13
41037,113,120,-7,7
41038,109,108,1,1
41039,116,113,3,3
41040,107,98,9,9
41041,156,147,9,9
41042,54,57,-3,3
41043,96,88,8,8
41044,116,109,7,7
41045,105,98,7,7
41046,53,49,4,4
41047,146,139,7,7
41048,111,127,-16,16
41049,55,54,1,1
41050,130,125,5,5
41051,89,81,8,8
41052,99,109,-10,10
41053,101,95,6,6
41054,107,101,6,6
41055,56,57,-1,1
41056,72,74,-2,2
41057,141,136,5,5
41058,49,51,-2,2
41059,50,51,-1,1
41060,106,96,10,10
41061,71,60,11,11
41062,82,91,-9,9
41063,112,108,4,4
41064,114,117,-3,3
41065,91,88,3,3
41066,79,71,8,8
41067,87,90,-3,3
41068,72,68,4,4
41069,140,135,5,5
41070,79,86,-7,7
41071,103,92,11,11
41072,105,105,0,0
41073,80,79,1,1
41074,63,60,3,3
41075,89,85,4,4
41076,58,63,-5,5
41077,71,63,8,8
41078,91,102,-11,11
41079,64,56,8,8
41080,134,124,10,10
41081,144,143,1,1
41082,46,75,-29,29
41083,79,90,-11,11
41084,137,120,17,17
41085,71,64,7,7
41086,88,77,11,11
41087,99,82,17,17
41088,77,73,4,4
41089,71,65,6,6
41090,66,58,8,8
41091,57,65,-8,8
41092,107,107,0,0
41093,157,151,6,6
41094,59,58,1,1
41095,107,114,-7,7
41096,150,124,26,26
41097,97,103,-6,6
41098,56,55,1,1
41099,122,117,5,5
41100,118,119,-1,1
41101,98,78,20,20
41102,87,91,-4,4
41103,84,72,12,12
41104,67,61,6,6
41105,97,96,1,1
41106,110,112,-2,2
41107,75,73,2,2
41108,49,62,-13,13
41109,121,135,-14,14
41110,124,122,2,2
41111,86,91,-5,5
41112,91,95,-4,4
41113,74,62,12,12
41114,87,71,16,16
41115,61,56,5,5
41116,76,83,-7,7
41117,169,164,5,5
41118,79,79,0,0
41119,85,91,-6,6
41120,129,113,16,16
41121,68,66,2,2
41122,88,107,-19,19
41123,136,118,18,18
41124,81,82,-1,1
41125,143,149,-6,6
41126,66,62,4,4
41127,90,95,-5,5
41128,69,59,10,10
41129,129,130,-1,1
41130,77,84,-7,7
41131,128,127,1,1
41132,110,109,1,1
41133,125,121,4,4
41134,82,69,13,13
41135,147,131,16,16
41136,77,75,2,2
41137,81,70,11,11
41138,91,87,4,4
41139,106,93,13,13
41140,65,68,-3,3
41141,59,57,2,2
41142,107,111,-4,4
41143,75,90,-15,15
41144,86,96,-10,10
41145,92,90,2,2
41146,87,93,-6,6
41147,115,126,-11,11
41148,70,75,-5,5
41149,78,74,4,4
41150,77,67,10,10
41151,142,152,-10,10
41152,161,157,4,4
41153,145,131,14,14
41154,102,100,2,2
41155,68,72,-4,4
41156,81,84,-3,3
41157,92,82,10,10
41158,91,96,-5,5
41159,87,82,5,5
41160,168,164,4,4
41161,58,52,6,6
41162,119,101,18,18
41163,55,51,4,4
41164,69,73,-4,4
41165,69,71,-2,2
41166,99,98,1,1
41167,72,65,7,7
41168,82,81,1,1
41169,134,127,7,7
41170,88,76,12,12
41171,61,65,-4,4
41172,77,73,4,4
41173,106,115,-9,9
41174,89,88,1,1
41175,90,88,2,2
41176,102,104,-2,2
41177,77,73,4,4
41178,63,63,0,0
41179,76,72,4,4
41180,67,57,10,10
41181,64,70,-6,6
41182,66,69,-3,3
41183,126,121,5,5
41184,91,95,-4,4
41185,148,136,12,12
41186,111,103,8,8
41187,58,59,-1,1
41188,93,91,2,2
41189,80,72,8,8
41190,173,163,10,10
41191,80,73,7,7
41192,117,101,16,16
41193,69,57,12,12
41194,115,103,12,12
41195,122,112,10,10
41196,76,79,-3,3
41197,89,73,16,16
41198,92,105,-13,13
41199,101,85,16,16
41200,156,146,10,10
41201,88,84,4,4
41202,61,54,7,7
41203,80,72,8,8
41204,128,123,5,5
41205,101,88,13,13
41206,114,113,1,1
41207,142,124,18,18
41208,53,53,0,0
41209,138,130,8,8
41210,49,50,-1,1
41211,146,126,20,20
41212,91,78,13,13
41213,136,142,-6,6
41214,60,62,-2,2
41215,147,143,4,4
41216,86,80,6,6
41217,71,69,2,2
41218,127,159,-32,32
41219,62,64,-2,2
41220,109,97,12,12
41221,69,65,4,4
41222,186,186,0,0
41223,44,50,-6,6
41224,39,39,0,0
41225,89,88,1,1
41226,113,117,-4,4
41227,65,58,7,7
41228,63,64,-1,1
41229,61,62,-1,1
41230,132,125,7,7
41231,70,74,-4,4
41232,179,168,11,11
41233,103,107,-4,4
41234,118,111,7,7
41235,71,74,-3,3
41236,156,140,16,16
41237,95,86,9,9
41238,108,111,-3,3
41239,92,91,1,1
41240,125,113,12,12
41241,103,87,16,16
41242,87,80,7,7
41243,57,60,-3,3
41244,95,89,6,6
41245,207,210,-3,3
41246,72,72,0,0
41247,158,158,0,0
41248,78,79,-1,1
41249,59,69,-10,10
41250,77,83,-6,6
41251,78,66,12,12
41252,120,109,11,11
41253,137,136,1,1
41254,71,69,2,2
41255,117,110,7,7
41256,97,102,-5,5
41257,108,110,-2,2
41258,64,67,-3,3
41259,125,125,0,0
41260,57,55,2,2
41261,47,63,-16,16
41262,110,96,14,14
41263,173,185,-12,12
41264,70,61,9,9
41265,112,113,-1,1
41266,69,64,5,5
41267,95,88,7,7
41268,50,52,-2,2
41269,60,60,0,0
41270,108,108,0,0
41271,88,88,0,0
41272,141,160,-19,19
41273,65,58,7,7
41274,111,127,-16,16
41275,110,93,17,17
41276,156,126,30,30
41277,70,86,-16,16
41278,77,86,-9,9
41279,111,94,17,17
41280,77,75,2,2
41281,132,152,-20,20
41282,94,83,11,11
41283,87,91,-4,4
41284,71,83,-12,12
41285,69,65,4,4
41286,57,60,-3,3
41287,63,64,-1,1
41288,170,173,-3,3
41289,99,96,3,3
41290,91,82,9,9
41291,75,74,1,1
41292,155,150,5,5
41293,169,162,7,7
41294,121,113,8,8
41295,56,59,-3,3
41296,73,72,1,1
41297,142,69,73,73
41298,76,84,-8,8
41299,117,139,-22,22
41300,113,116,-3,3
41301,63,56,7,7
41302,146,134,12,12
41303,71,62,9,9
41304,68,62,6,6
41305,96,93,3,3
41306,64,67,-3,3
41307,79,66,13,13
41308,77,72,5,5
41309,54,59,-5,5
41310,81,82,-1,1
41311,106,112,-6,6
41312,130,117,13,13
41313,63,61,2,2
41314,74,75,-1,1
41315,87,88,-1,1
41316,97,93,4,4
41317,136,151,-15,15
41318,78,75,3,3
41319,114,104,10,10
41320,172,199,-27,27
41321,69,83,-14,14
41322,55,65,-10,10
41323,68,61,7,7
41324,84,78,6,6
41325,64,48,16,16
41326,44,53,-9,9
41327,98,92,6,6
41328,118,126,-8,8
41329,115,104,11,11
41330,151,154,-3,3
41331,66,74,-8,8
41332,150,135,15,15
41333,94,85,9,9
41334,83,85,-2,2
41335,138,125,13,13
41336,96,94,2,2
41337,117,116,1,1
41338,32,51,-19,19
41339,167,162,5,5
41340,162,141,21,21
41341,120,117,3,3
41342,84,78,6,6
41343,64,66,-2,2
41344,147,144,3,3
41345,74,80,-6,6
41346,42,55,-13,13
41347,65,74,-9,9
41348,87,79,8,8
41349,101,104,-3,3
41350,64,59,5,5
41351,54,61,-7,7
41352,99,101,-2,2
41353,60,61,-1,1
41354,62,64,-2,2
41355,134,123,11,11
41356,79,84,-5,5
41357,74,71,3,3
41358,103,111,-8,8
41359,160,165,-5,5
41360,103,101,2,2
41361,96,91,5,5
41362,66,64,2,2
41363,72,66,6,6
41364,69,69,0,0
41365,115,101,14,14
41366,74,69,5,5
41367,47,53,-6,6
41368,116,102,14,14
41369,75,78,-3,3
41370,74,88,-14,14
41371,138,132,6,6
41372,83,80,3,3
41373,78,72,6,6
41374,144,132,12,12
41375,94,89,5,5
41376,91,85,6,6
41377,97,90,7,7
41378,79,79,0,0
41379,87,83,4,4
41380,50,52,-2,2
41381,61,54,7,7
41382,66,76,-10,10
41383,83,78,5,5
41384,69,61,8,8
41385,117,99,18,18
41386,123,112,11,11
41387,152,126,26,26
41388,53,54,-1,1
41389,41,68,-27,27
41390,120,114,6,6
41391,50,55,-5,5
41392,103,98,5,5
41393,59,74,-15,15
41394,146,86,60,60
41395,74,72,2,2
41396,119,99,20,20
41397,100,100,0,0
41398,109,98,11,11
41399,140,129,11,11
41400,104,99,5,5
41401,118,122,-4,4
41402,129,125,4,4
41403,62,58,4,4
41404,80,74,6,6
41405,67,71,-4,4
41406,45,45,0,0
41407,111,110,1,1
41408,110,114,-4,4
41409,68,61,7,7
41410,84,101,-17,17
41411,132,111,21,21
41412,67,62,5,5
41413,66,69,-3,3
41414,53,68,-15,15
41415,88,99,-11,11
41416,115,111,4,4
41417,142,146,-4,4
41418,134,135,-1,1
41419,108,104,4,4
41420,63,67,-4,4
41421,68,57,11,11
41422,96,91,5,5
41423,73,72,1,1
41424,88,91,-3,3
41425,107,95,12,12
41426,114,122,-8,8
41427,132,130,2,2
41428,64,69,-5,5
41429,73,67,6,6
41430,109,96,13,13
41431,65,66,-1,1
41432,138,115,23,23
41433,103,92,11,11
41434,132,124,8,8
41435,67,65,2,2
41436,70,74,-4,4
41437,114,135,-21,21
41438,54,61,-7,7
41439,87,78,9,9
41440,57,64,-7,7
41441,163,167,-4,4
41442,83,77,6,6
41443,48,49,-1,1
41444,62,64,-2,2
41445,110,96,14,14
41446,64,64,0,0
41447,154,149,5,5
41448,119,118,1,1
41449,81,82,-1,1
41450,76,80,-4,4
41451,125,107,18,18
41452,82,72,10,10
41453,140,136,4,4
41454,58,52,6,6
41455,90,81,9,9
41456,94,95,-1,1
41457,70,71,-1,1
41458,126,126,0,0
41459,42,45,-3,3
41460,96,92,4,4
41461,144,134,10,10
41462,84,72,12,12
41463,91,86,5,5
41464,89,84,5,5
41465,68,68,0,0
41466,74,70,4,4
41467,73,74,-1,1
41468,95,81,14,14
41469,141,127,14,14
41470,144,135,9,9
41471,115,116,-1,1
41472,126,109,17,17
41473,81,73,8,8
41474,70,56,14,14
41475,101,101,0,0
41476,36,45,-9,9
41477,103,108,-5,5
41478,50,52,-2,2
41479,108,97,11,11
41480,168,184,-16,16
41481,89,90,-1,1
41482,128,126,2,2
41483,87,73,14,14
41484,72,67,5,5
41485,166,158,8,8
41486,75,75,0,0
41487,116,118,-2,2
41488,66,63,3,3
41489,89,96,-7,7
41490,72,75,-3,3
41491,103,109,-6,6
41492,82,85,-3,3
41493,108,106,2,2
41494,115,105,10,10
41495,154,181,-27,27
41496,96,97,-1,1
41497,70,70,0,0
41498,105,99,6,6
41499,103,110,-7,7
41500,80,79,1,1
41501,167,148,19,19
41502,131,127,4,4
41503,87,84,3,3
41504,83,82,1,1
41505,221,204,17,17
41506,67,68,-1,1
41507,114,114,0,0
41508,88,75,13,13
41509,80,71,9,9
41510,183,178,5,5
41511,67,70,-3,3
41512,172,172,0,0
41513,56,56,0,0
41514,60,55,5,5
41515,60,54,6,6
41516,77,74,3,3
41517,85,72,13,13
41518,64,69,-5,5
41519,88,91,-3,3
41520,143,125,18,18
41521,148,152,-4,4
41522,73,67,6,6
41523,97,101,-4,4
41524,85,87,-2,2
41525,62,50,12,12
41526,82,83,-1,1
41527,63,57,6,6
41528,55,46,9,9
41529,133,125,8,8
41530,96,105,-9,9
41531,98,96,2,2
41532,67,66,1,1
41533,104,112,-8,8
41534,118,165,-47,47
41535,83,91,-8,8
41536,110,117,-7,7
41537,138,132,6,6
41538,79,69,10,10
41539,75,67,8,8
41540,67,65,2,2
41541,59,58,1,1
41542,63,62,1,1
41543,125,119,6,6
41544,156,157,-1,1
41545,88,78,10,10
41546,106,102,4,4
41547,88,84,4,4
41548,126,127,-1,1
41549,71,75,-4,4
41550,109,104,5,5
41551,61,101,-40,40
41552,100,108,-8,8
41553,157,135,22,22
41554,168,162,6,6
41555,110,104,6,6
41556,92,92,0,0
41557,118,124,-6,6
41558,159,164,-5,5
41559,67,63,4,4
41560,78,86,-8,8
41561,93,98,-5,5
41562,76,67,9,9
41563,156,145,11,11
41564,63,70,-7,7
41565,87,81,6,6
41566,79,73,6,6
41567,56,53,3,3
41568,65,58,7,7
41569,99,89,10,10
41570,90,75,15,15
41571,108,111,-3,3
41572,59,55,4,4
41573,48,71,-23,23
41574,73,58,15,15
41575,111,103,8,8
41576,69,67,2,2
41577,149,134,15,15
41578,87,70,17,17
41579,87,76,11,11
41580,85,87,-2,2
41581,112,100,12,12
41582,78,82,-4,4
41583,74,83,-9,9
41584,85,81,4,4
41585,77,79,-2,2
41586,113,99,14,14
41587,106,106,0,0
41588,61,70,-9,9
41589,82,84,-2,2
41590,115,119,-4,4
41591,51,54,-3,3
41592,109,87,22,22
41593,61,69,-8,8
41594,60,60,0,0
41595,129,127,2,2
41596,152,118,34,34
41597,90,82,8,8
41598,204,196,8,8
41599,95,88,7,7
41600,81,83,-2,2
41601,75,68,7,7
41602,95,83,12,12
41603,108,107,1,1
41604,140,128,12,12
41605,47,55,-8,8
41606,92,79,13,13
41607,127,131,-4,4
41608,64,70,-6,6
41609,86,74,12,12
41610,83,66,17,17
41611,86,93,-7,7
41612,110,106,4,4
41613,128,143,-15,15
41614,152,147,5,5
41615,106,109,-3,3
41616,71,73,-2,2
41617,70,71,-1,1
41618,71,70,1,1
41619,80,84,-4,4
41620,10,24,-14,14
41621,95,88,7,7
41622,88,84,4,4
41623,55,47,8,8
41624,96,77,19,19
41625,114,101,13,13
41626,113,104,9,9
41627,115,104,11,11
41628,50,48,2,2
41629,130,125,5,5
41630,130,119,11,11
41631,85,79,6,6
41632,72,66,6,6
41633,177,175,2,2
41634,90,100,-10,10
41635,131,153,-22,22
41636,68,69,-1,1
41637,46,49,-3,3
41638,96,99,-3,3
41639,161,154,7,7
41640,60,62,-2,2
41641,73,86,-13,13
41642,50,55,-5,5
41643,60,51,9,9
41644,122,110,12,12
41645,136,132,4,4
41646,90,82,8,8
41647,131,129,2,2
41648,95,90,5,5
41649,66,65,1,1
41650,105,113,-8,8
41651,82,80,2,2
41652,107,91,16,16
41653,61,57,4,4
41654,136,125,11,11
41655,128,126,2,2
41656,66,69,-3,3
41657,125,122,3,3
41658,69,64,5,5
41659,68,77,-9,9
41660,84,83,1,1
41661,47,56,-9,9
41662,77,71,6,6
41663,113,104,9,9
41664,155,160,-5,5
41665,88,90,-2,2
41666,76,72,4,4
41667,104,149,-45,45
41668,43,54,-11,11
41669,69,68,1,1
41670,94,93,1,1
41671,121,117,4,4
41672,178,165,13,13
41673,69,67,2,2
41674,113,118,-5,5
41675,118,117,1,1
41676,86,82,4,4
41677,71,68,3,3
41678,112,115,-3,3
41679,114,106,8,8
41680,68,69,-1,1
41681,75,75,0,0
41682,103,92,11,11
41683,71,76,-5,5
41684,57,56,1,1
41685,88,85,3,3
41686,165,153,12,12
41687,79,81,-2,2
41688,133,137,-4,4
41689,125,112,13,13
41690,91,108,-17,17
41691,117,118,-1,1
41692,108,107,1,1
41693,101,101,0,0
41694,61,58,3,3
41695,170,160,10,10
41696,152,147,5,5
41697,86,85,1,1
41698,89,84,5,5
41699,137,127,10,10
41700,107,103,4,4
41701,145,130,15,15
41702,152,163,-11,11
41703,89,76,13,13
41704,81,76,5,5
41705,102,110,-8,8
41706,85,90,-5,5
41707,70,66,4,4
41708,85,79,6,6
41709,105,102,3,3
41710,79,77,2,2
41711,55,60,-5,5
41712,94,85,9,9
41713,49,54,-5,5
41714,42,47,-5,5
41715,302,240,62,62
41716,116,108,8,8
41717,68,66,2,2
41718,81,85,-4,4
41719,98,118,-20,20
41720,120,117,3,3
41721,135,135,0,0
41722,85,88,-3,3
41723,76,77,-1,1
41724,125,124,1,1
41725,26,31,-5,5
41726,111,92,19,19
41727,152,134,18,18
41728,85,82,3,3
41729,99,103,-4,4
41730,98,115,-17,17
41731,99,87,12,12
41732,81,70,11,11
41733,98,113,-15,15
41734,101,83,18,18
41735,64,62,2,2
41736,185,183,2,2
41737,97,89,8,8
41738,93,97,-4,4
41739,65,68,-3,3
41740,89,93,-4,4
41741,53,54,-1,1
41742,96,93,3,3
41743,133,131,2,2
41744,149,129,20,20
41745,155,147,8,8
41746,86,78,8,8
41747,64,62,2,2
41748,133,124,9,9
41749,119,130,-11,11
41750,70,68,2,2
41751,57,57,0,0
41752,56,60,-4,4
41753,55,53,2,2
41754,57,58,-1,1
41755,106,108,-2,2
41756,85,91,-6,6
41757,80,80,0,0
41758,71,76,-5,5
41759,79,86,-7,7
41760,72,75,-3,3
41761,67,60,7,7
41762,200,198,2,2
41763,55,56,-1,1
41764,103,104,-1,1
41765,80,70,10,10
41766,113,117,-4,4
41767,34,71,-37,37
41768,77,72,5,5
41769,145,143,2,2
41770,143,156,-13,13
41771,100,92,8,8
41772,53,55,-2,2
41773,61,86,-25,25
41774,109,120,-11,11
41775,86,81,5,5
41776,72,73,-1,1
41777,86,90,-4,4
41778,115,126,-11,11
41779,74,78,-4,4
41780,85,80,5,5
41781,97,91,6,6
41782,111,104,7,7
41783,63,78,-15,15
41784,104,109,-5,5
41785,101,102,-1,1
41786,110,102,8,8
41787,72,75,-3,3
41788,128,128,0,0
41789,74,84,-10,10
41790,108,96,12,12
41791,110,109,1,1
41792,68,62,6,6
41793,41,44,-3,3
41794,153,157,-4,4
41795,115,118,-3,3
41796,58,68,-10,10
41797,45,64,-19,19
41798,92,87,5,5
41799,57,60,-3,3
41800,125,113,12,12
41801,82,87,-5,5
41802,61,58,3,3
41803,148,137,11,11
41804,72,64,8,8
41805,108,116,-8,8
41806,97,100,-3,3
41807,134,123,11,11
41808,50,49,1,1
41809,66,60,6,6
41810,61,49,12,12
41811,91,88,3,3
41812,133,125,8,8
41813,131,116,15,15
41814,67,73,-6,6
41815,112,111,1,1
41816,100,117,-17,17
41817,193,177,16,16
41818,90,80,10,10
41819,77,68,9,9
41820,80,75,5,5
41821,117,118,-1,1
41822,87,94,-7,7
41823,64,67,-3,3
41824,61,67,-6,6
41825,120,123,-3,3
41826,119,117,2,2
41827,137,125,12,12
41828,54,56,-2,2
41829,162,142,20,20
41830,152,171,-19,19
41831,69,64,5,5
41832,80,83,-3,3
41833,92,89,3,3
41834,96,89,7,7
41835,107,112,-5,5
41836,71,74,-3,3
41837,83,85,-2,2
41838,89,91,-2,2
41839,121,119,2,2
41840,81,78,3,3
41841,112,118,-6,6
41842,147,134,13,13
41843,62,56,6,6
41844,129,124,5,5
41845,74,70,4,4
41846,168,146,22,22
41847,47,48,-1,1
41848,128,130,-2,2
41849,49,48,1,1
41850,56,57,-1,1
41851,89,82,7,7
41852,67,67,0,0
41853,68,76,-8,8
41854,114,113,1,1
41855,137,150,-13,13
41856,122,108,14,14
41857,74,71,3,3
41858,67,71,-4,4
41859,129,128,1,1
41860,139,141,-2,2
41861,62,57,5,5
41862,100,102,-2,2
41863,88,83,5,5
41864,64,73,-9,9
41865,92,81,11,11
41866,119,134,-15,15
41867,81,80,1,1
41868,59,60,-1,1
41869,106,103,3,3
41870,94,69,25,25
41871,112,101,11,11
41872,80,80,0,0
41873,101,112,-11,11
41874,135,116,19,19
41875,135,127,8,8
41876,104,95,9,9
41877,85,84,1,1
41878,176,172,4,4
41879,79,72,7,7
41880,69,63,6,6
41881,41,43,-2,2
41882,47,47,0,0
41883,67,64,3,3
41884,69,70,-1,1
41885,51,56,-5,5
41886,73,78,-5,5
41887,108,107,1,1
41888,47,44,3,3
41889,120,123,-3,3
41890,117,108,9,9
41891,91,100,-9,9
41892,110,114,-4,4
41893,82,80,2,2
41894,97,95,2,2
41895,92,93,-1,1
41896,72,67,5,5
41897,74,67,7,7
41898,80,91,-11,11
41899,49,53,-4,4
41900,133,129,4,4
41901,85,84,1,1
41902,116,117,-1,1
41903,72,69,3,3
41904,125,123,2,2
41905,91,87,4,4
41906,103,94,9,9
41907,110,112,-2,2
41908,102,102,0,0
41909,111,103,8,8
41910,50,59,-9,9
41911,50,56,-6,6
41912,106,103,3,3
41913,79,75,4,4
41914,138,127,11,11
41915,110,121,-11,11
41916,59,69,-10,10
41917,72,74,-2,2
41918,190,177,13,13
41919,93,78,15,15
41920,47,54,-7,7
41921,46,59,-13,13
41922,135,131,4,4
41923,56,65,-9,9
41924,67,60,7,7
41925,101,102,-1,1
41926,78,69,9,9
41927,61,75,-14,14
41928,43,58,-15,15
41929,142,143,-1,1
41930,88,91,-3,3
41931,119,113,6,6
41932,146,126,20,20
41933,93,88,5,5
41934,109,104,5,5
41935,105,104,1,1
41936,98,100,-2,2
41937,75,66,9,9
41938,78,79,-1,1
41939,101,108,-7,7
41940,88,101,-13,13
41941,133,147,-14,14
41942,66,71,-5,5
41943,101,96,5,5
41944,94,86,8,8
41945,86,98,-12,12
41946,95,90,5,5
41947,96,103,-7,7
41948,83,79,4,4
41949,119,94,25,25
41950,116,117,-1,1
41951,92,86,6,6
41952,89,94,-5,5
41953,215,229,-14,14
41954,96,96,0,0
41955,138,132,6,6
41956,73,69,4,4
41957,72,74,-2,2
41958,83,95,-12,12
41959,119,117,2,2
41960,83,78,5,5
41961,140,134,6,6
41962,164,151,13,13
41963,105,90,15,15
41964,109,82,27,27
41965,100,90,10,10
41966,95,95,0,0
41967,85,72,13,13
41968,83,81,2,2
41969,148,149,-1,1
41970,95,105,-10,10
41971,110,128,-18,18
41972,104,120,-16,16
41973,125,141,-16,16
41974,110,119,-9,9
41975,109,105,4,4
41976,87,81,6,6
41977,166,167,-1,1
41978,68,74,-6,6
41979,104,89,15,15
41980,127,96,31,31
41981,60,58,2,2
41982,106,95,11,11
41983,58,59,-1,1
41984,59,56,3,3
41985,98,99,-1,1
41986,150,164,-14,14
41987,107,111,-4,4
41988,75,75,0,0
41989,95,95,0,0
41990,82,81,1,1
41991,101,81,20,20
41992,63,65,-2,2
41993,81,69,12,12
41994,60,63,-3,3
41995,121,117,4,4
41996,110,104,6,6
41997,73,73,0,0
41998,62,69,-7,7
41999,66,70,-4,4
42000,87,87,0,0
42001,130,143,-13,13
42002,84,85,-1,1
42003,142,149,-7,7
42004,61,62,-1,1
42005,109,94,15,15
42006,147,137,10,10
42007,37,57,-20,20
42008,246,192,54,54
42009,61,61,0,0
42010,111,105,6,6
42011,92,96,-4,4
42012,133,144,-11,11
42013,161,149,12,12
42014,128,134,-6,6
42015,73,66,7,7
42016,115,122,-7,7
42017,159,157,2,2
42018,75,70,5,5
42019,85,103,-18,18
42020,79,81,-2,2
42021,103,93,10,10
42022,109,109,0,0
42023,89,89,0,0
42024,158,159,-1,1
42025,86,87,-1,1
42026,114,105,9,9
42027,145,144,1,1
42028,83,72,11,11
42029,142,149,-7,7
42030,48,54,-6,6
42031,69,69,0,0
42032,90,105,-15,15
42033,152,140,12,12
42034,72,79,-7,7
42035,93,90,3,3
42036,59,63,-4,4
42037,142,134,8,8
42038,95,84,11,11
42039,152,133,19,19
42040,87,81,6,6
42041,79,78,1,1
42042,80,80,0,0
42043,89,86,3,3
42044,74,67,7,7
42045,78,71,7,7
42046,100,96,4,4
42047,92,95,-3,3
42048,135,133,2,2
42049,112,110,2,2
42050,109,113,-4,4
42051,86,70,16,16
42052,80,74,6,6
42053,92,105,-13,13
42054,93,104,-11,11
42055,111,113,-2,2
42056,64,58,6,6
42057,96,80,16,16
42058,79,87,-8,8
42059,148,164,-16,16
42060,74,82,-8,8
42061,91,78,13,13
42062,85,76,9,9
42063,104,100,4,4
42064,132,136,-4,4
42065,75,84,-9,9
42066,175,171,4,4
42067,77,71,6,6
42068,92,89,3,3
42069,150,144,6,6
42070,35,14,21,21
42071,79,73,6,6
42072,57,62,-5,5
42073,70,58,12,12
42074,117,137,-20,20
42075,84,76,8,8
42076,51,94,-43,43
42077,88,99,-11,11
42078,83,79,4,4
42079,89,75,14,14
42080,79,75,4,4
42081,76,76,0,0
42082,50,49,1,1
42083,102,93,9,9
42084,111,124,-13,13
42085,82,85,-3,3
42086,114,124,-10,10
42087,99,102,-3,3
42088,111,106,5,5
42089,99,104,-5,5
42090,68,57,11,11
42091,159,139,20,20
42092,78,76,2,2
42093,43,45,-2,2
42094,64,60,4,4
42095,77,77,0,0
42096,38,35,3,3
42097,39,43,-4,4
42098,87,100,-13,13
42099,89,81,8,8
42100,101,100,1,1
42101,115,113,2,2
42102,101,96,5,5
42103,52,54,-2,2
42104,68,67,1,1
42105,57,51,6,6
42106,97,91,6,6
42107,80,85,-5,5
42108,95,93,2,2
42109,155,149,6,6
42110,74,74,0,0
42111,104,93,11,11
42112,63,63,0,0
42113,28,31,-3,3
42114,96,82,14,14
42115,104,111,-7,7
42116,118,111,7,7
42117,81,71,10,10
42118,58,58,0,0
42119,85,84,1,1
42120,59,68,-9,9
42121,91,99,-8,8
42122,120,111,9,9
42123,58,49,9,9
42124,89,76,13,13
42125,101,110,-9,9
42126,89,87,2,2
42127,68,58,10,10
42128,122,108,14,14
42129,71,75,-4,4
42130,71,66,5,5
42131,75,93,-18,18
42132,130,134,-4,4
42133,103,93,10,10
42134,114,112,2,2
42135,145,145,0,0
42136,108,101,7,7
42137,102,102,0,0
42138,107,101,6,6
42139,97,94,3,3
42140,94,84,10,10
42141,70,69,1,1
42142,91,88,3,3
42143,92,95,-3,3
42144,60,68,-8,8
42145,83,82,1,1
42146,92,78,14,14
42147,106,115,-9,9
42148,47,63,-16,16
42149,72,67,5,5
42150,137,132,5,5
42151,69,63,6,6
42152,69,60,9,9
42153,123,118,5,5
42154,77,77,0,0
42155,74,59,15,15
42156,144,147,-3,3
42157,132,133,-1,1
42158,109,107,2,2
42159,93,90,3,3
42160,56,60,-4,4
42161,125,120,5,5
42162,54,60,-6,6
42163,127,114,13,13
42164,96,95,1,1
42165,106,96,10,10
42166,98,102,-4,4
42167,97,102,-5,5
42168,65,69,-4,4
42169,91,80,11,11
42170,90,92,-2,2
42171,135,127,8,8
42172,109,122,-13,13
42173,101,97,4,4
42174,80,75,5,5
42175,105,104,1,1
42176,64,68,-4,4
42177,155,156,-1,1
42178,119,125,-6,6
42179,76,66,10,10
42180,122,118,4,4
42181,59,54,5,5
42182,63,70,-7,7
42183,92,89,3,3
42184,101,98,3,3
42185,100,97,3,3
42186,88,93,-5,5
42187,98,93,5,5
42188,153,140,13,13
42189,92,93,-1,1
42190,76,70,6,6
42191,110,101,9,9
42192,86,90,-4,4
42193,130,129,1,1
42194,126,120,6,6
42195,78,68,10,10
42196,77,75,2,2
42197,104,99,5,5
42198,126,140,-14,14
42199,79,74,5,5
42200,117,128,-11,11
42201,45,50,-5,5
42202,100,101,-1,1
42203,83,78,5,5
42204,134,133,1,1
42205,83,80,3,3
42206,90,97,-7,7
42207,86,92,-6,6
42208,89,79,10,10
42209,60,75,-15,15
42210,78,73,5,5
42211,120,123,-3,3
42212,72,73,-1,1
42213,104,104,0,0
42214,188,178,10,10
42215,93,86,7,7
42216,159,149,10,10
42217,80,74,6,6
42218,96,100,-4,4
42219,114,116,-2,2
42220,113,109,4,4
42221,62,63,-1,1
42222,140,138,2,2
42223,157,144,13,13
42224,61,67,-6,6
42225,95,103,-8,8
42226,130,133,-3,3
42227,134,139,-5,5
42228,84,84,0,0
42229,83,79,4,4
42230,96,96,0,0
42231,85,77,8,8
42232,117,123,-6,6
42233,49,53,-4,4
42234,55,53,2,2
42235,116,91,25,25
42236,65,66,-1,1
42237,86,86,0,0
42238,58,69,-11,11
42239,55,61,-6,6
42240,109,100,9,9
42241,109,97,12,12
42242,115,110,5,5
42243,131,109,22,22
42244,79,85,-6,6
42245,74,76,-2,2
42246,114,108,6,6
42247,125,116,9,9
42248,90,81,9,9
42249,81,81,0,0
42250,109,92,17,17
42251,90,91,-1,1
42252,58,47,11,11
42253,67,67,0,0
42254,88,79,9,9
42255,71,84,-13,13
42256,118,130,-12,12
42257,109,112,-3,3
42258,75,94,-19,19
42259,38,38,0,0
42260,173,166,7,7
42261,153,156,-3,3
42262,66,60,6,6
42263,58,60,-2,2
42264,44,51,-7,7
42265,86,82,4,4
42266,100,98,2,2
42267,86,102,-16,16
42268,106,100,6,6
42269,80,74,6,6
42270,84,75,9,9
42271,76,70,6,6
42272,96,89,7,7
42273,90,88,2,2
42274,116,128,-12,12
42275,196,174,22,22
42276,103,100,3,3
42277,95,98,-3,3
42278,68,64,4,4
42279,96,85,11,11
42280,109,103,6,6
42281,86,82,4,4
42282,174,176,-2,2
42283,78,79,-1,1
42284,47,49,-2,2
42285,96,90,6,6
42286,92,91,1,1
42287,79,69,10,10
42288,85,84,1,1
42289,113,114,-1,1
42290,96,95,1,1
42291,80,68,12,12
42292,43,42,1,1
42293,93,101,-8,8
42294,63,70,-7,7
42295,96,85,11,11
42296,103,99,4,4
42297,53,65,-12,12
42298,99,91,8,8
42299,79,86,-7,7
42300,70,70,0,0
42301,106,97,9,9
42302,104,133,-29,29
42303,141,136,5,5
42304,99,84,15,15
42305,96,88,8,8
42306,55,53,2,2
42307,99,97,2,2
42308,116,114,2,2
42309,64,94,-30,30
42310,152,133,19,19
42311,63,66,-3,3
42312,78,72,6,6
42313,123,132,-9,9
42314,126,124,2,2
42315,79,69,10,10
42316,92,75,17,17
42317,94,100,-6,6
42318,200,195,5,5
42319,157,144,13,13
42320,80,75,5,5
42321,57,59,-2,2
42322,141,138,3,3
42323,60,64,-4,4
42324,85,81,4,4
42325,54,55,-1,1
42326,159,164,-5,5
42327,150,140,10,10
42328,87,78,9,9
42329,47,59,-12,12
42330,96,98,-2,2
42331,82,80,2,2
42332,74,67,7,7
42333,120,121,-1,1
42334,109,80,29,29
42335,86,87,-1,1
42336,129,123,6,6
42337,196,194,2,2
42338,178,167,11,11
42339,105,95,10,10
42340,61,69,-8,8
42341,67,61,6,6
42342,109,97,12,12
42343,111,125,-14,14
42344,52,52,0,0
42345,89,81,8,8
42346,71,81,-10,10
42347,111,111,0,0
42348,40,45,-5,5
42349,79,80,-1,1
42350,99,91,8,8
42351,96,96,0,0
42352,63,70,-7,7
42353,103,119,-16,16
42354,97,109,-12,12
42355,90,89,1,1
42356,119,102,17,17
42357,176,165,11,11
42358,97,91,6,6
42359,131,141,-10,10
42360,86,78,8,8
42361,77,70,7,7
42362,84,80,4,4
42363,70,71,-1,1
42364,109,97,12,12
42365,121,119,2,2
42366,125,134,-9,9
42367,150,126,24,24
42368,103,97,6,6
42369,151,139,12,12
42370,58,58,0,0
42371,64,60,4,4
42372,122,130,-8,8
42373,104,96,8,8
42374,92,81,11,11
42375,100,107,-7,7
42376,142,132,10,10
42377,93,84,9,9
42378,120,112,8,8
42379,75,74,1,1
42380,106,99,7,7
42381,60,72,-12,12
42382,83,82,1,1
42383,98,97,1,1
42384,56,45,11,11
42385,37,41,-4,4
42386,97,79,18,18
42387,152,149,3,3
42388,97,89,8,8
42389,76,66,10,10
42390,80,86,-6,6
42391,56,57,-1,1
42392,108,87,21,21
42393,128,93,35,35
42394,117,112,5,5
42395,103,102,1,1
42396,31,45,-14,14
42397,84,77,7,7
42398,92,98,-6,6
42399,115,131,-16,16
42400,128,129,-1,1
42401,128,111,17,17
42402,75,73,2,2
42403,72,68,4,4
42404,95,83,12,12
42405,56,57,-1,1
42406,83,82,1,1
42407,97,102,-5,5
42408,109,92,17,17
42409,126,119,7,7
42410,135,137,-2,2
42411,75,78,-3,3
42412,73,61,12,12
42413,89,75,14,14
42414,94,97,-3,3
42415,81,75,6,6
42416,78,80,-2,2
42417,79,67,12,12
42418,78,80,-2,2
42419,105,105,0,0
42420,112,100,12,12
42421,75,63,12,12
42422,98,89,9,9
42423,94,88,6,6
42424,56,66,-10,10
42425,92,82,10,10
42426,68,65,3,3
42427,104,107,-3,3
42428,144,122,22,22
42429,50,60,-10,10
42430,51,54,-3,3
42431,61,75,-14,14
42432,83,90,-7,7
42433,28,38,-10,10
42434,99,101,-2,2
42435,83,89,-6,6
42436,162,150,12,12
42437,104,91,13,13
42438,88,93,-5,5
42439,95,89,6,6
42440,116,105,11,11
42441,144,139,5,5
42442,69,55,14,14
42443,102,112,-10,10
42444,116,112,4,4
42445,61,60,1,1
42446,108,112,-4,4
42447,55,55,0,0
42448,142,138,4,4
42449,156,157,-1,1
42450,129,119,10,10
42451,180,173,7,7
42452,111,117,-6,6
42453,179,178,1,1
42454,89,97,-8,8
42455,114,112,2,2
42456,96,104,-8,8
42457,117,118,-1,1
42458,64,60,4,4
42459,57,56,1,1
42460,54,57,-3,3
42461,95,83,12,12
42462,89,69,20,20
42463,109,103,6,6
42464,76,81,-5,5
42465,67,67,0,0
42466,65,63,2,2
42467,76,81,-5,5
42468,92,86,6,6
42469,92,80,12,12
42470,74,70,4,4
42471,92,80,12,12
42472,80,74,6,6
42473,89,96,-7,7
42474,43,44,-1,1
42475,69,70,-1,1
42476,88,85,3,3
42477,84,85,-1,1
42478,115,115,0,0
42479,56,45,11,11
42480,95,93,2,2
42481,80,93,-13,13
42482,80,80,0,0
42483,98,92,6,6
42484,49,48,1,1
42485,91,83,8,8
42486,64,64,0,0
42487,53,66,-13,13
42488,85,70,15,15
42489,98,93,5,5
42490,100,93,7,7
42491,69,68,1,1
42492,48,47,1,1
42493,105,97,8,8
42494,163,155,8,8
42495,150,149,1,1
42496,85,89,-4,4
42497,128,133,-5,5
42498,99,102,-3,3
42499,103,96,7,7
42500,128,116,12,12
42501,107,109,-2,2
42502,55,61,-6,6
42503,84,106,-22,22
42504,90,92,-2,2
42505,90,98,-8,8
42506,72,72,0,0
42507,91,89,2,2
42508,87,93,-6,6
42509,84,68,16,16
42510,42,49,-7,7
42511,65,64,1,1
42512,131,127,4,4
42513,48,60,-12,12
42514,109,104,5,5
42515,85,91,-6,6
42516,66,62,4,4
42517,83,84,-1,1
42518,46,39,7,7
42519,141,137,4,4
42520,59,62,-3,3
42521,87,91,-4,4
42522,84,88,-4,4
42523,86,94,-8,8
42524,127,124,3,3
42525,111,130,-19,19
42526,102,102,0,0
42527,65,66,-1,1
42528,70,66,4,4
42529,61,66,-5,5
42530,104,104,0,0
42531,111,107,4,4
42532,202,199,3,3
42533,100,95,5,5
42534,136,132,4,4
42535,35,42,-7,7
42536,40,43,-3,3
42537,115,110,5,5
42538,116,111,5,5
42539,72,60,12,12
42540,108,97,11,11
42541,106,117,-11,11
42542,62,56,6,6
42543,127,116,11,11
42544,94,90,4,4
42545,89,80,9,9
42546,70,61,9,9
42547,72,75,-3,3
42548,98,85,13,13
42549,96,90,6,6
42550,108,109,-1,1
42551,142,122,20,20
42552,77,76,1,1
42553,67,68,-1,1
42554,81,84,-3,3
42555,54,52,2,2
42556,124,125,-1,1
42557,110,106,4,4
42558,101,95,6,6
42559,86,88,-2,2
42560,117,114,3,3
42561,111,102,9,9
42562,136,121,15,15
42563,78,74,4,4
42564,62,74,-12,12
42565,231,218,13,13
42566,180,180,0,0
42567,91,86,5,5
42568,134,134,0,0
42569,80,76,4,4
42570,100,100,0,0
42571,123,116,7,7
42572,109,105,4,4
42573,70,69,1,1
42574,57,58,-1,1
42575,148,138,10,10
42576,76,74,2,2
42577,70,70,0,0
42578,82,81,1,1
42579,102,107,-5,5
42580,198,195,3,3
42581,56,41,15,15
42582,94,84,10,10
42583,97,98,-1,1
42584,103,88,15,15
42585,81,72,9,9
42586,102,101,1,1
42587,85,86,-1,1
42588,165,150,15,15
42589,50,49,1,1
42590,124,122,2,2
42591,101,100,1,1
42592,79,70,9,9
42593,138,148,-10,10
42594,191,172,19,19
42595,162,161,1,1
42596,126,117,9,9
42597,103,104,-1,1
42598,49,50,-1,1
42599,113,114,-1,1
42600,100,99,1,1
42601,118,114,4,4
42602,117,124,-7,7
42603,84,80,4,4
42604,110,96,14,14
42605,128,116,12,12
42606,105,107,-2,2
42607,59,52,7,7
42608,91,93,-2,2
42609,68,61,7,7
42610,72,75,-3,3
42611,135,135,0,0
42612,79,107,-28,28
42613,107,105,2,2
42614,30,41,-11,11
42615,70,73,-3,3
42616,105,104,1,1
42617,92,88,4,4
42618,177,173,4,4
42619,84,84,0,0
42620,67,77,-10,10
42621,150,118,32,32
42622,65,79,-14,14
42623,69,71,-2,2
42624,94,90,4,4
42625,87,73,14,14
42626,73,84,-11,11
42627,70,72,-2,2
42628,93,86,7,7
42629,110,105,5,5
42630,87,82,5,5
42631,109,104,5,5
42632,71,69,2,2
42633,103,103,0,0
42634,152,145,7,7
42635,70,71,-1,1
42636,125,108,17,17
42637,91,91,0,0
42638,172,170,2,2
42639,60,67,-7,7
42640,99,119,-20,20
42641,61,55,6,6
42642,91,87,4,4
42643,94,83,11,11
42644,135,127,8,8
42645,43,59,-16,16
42646,83,87,-4,4
42647,93,90,3,3
42648,116,108,8,8
42649,131,105,26,26
42650,140,151,-11,11
42651,101,111,-10,10
42652,160,151,9,9
42653,157,133,24,24
42654,147,180,-33,33
42655,151,150,1,1
42656,162,162,0,0
42657,52,94,-42,42
42658,77,91,-14,14
42659,86,84,2,2
42660,86,98,-12,12
42661,91,80,11,11
42662,118,108,10,10
42663,103,92,11,11
42664,103,100,3,3
42665,74,70,4,4
42666,119,116,3,3
42667,89,85,4,4
42668,107,104,3,3
42669,109,149,-40,40
42670,85,87,-2,2
42671,70,59,11,11
42672,86,81,5,5
42673,105,111,-6,6
42674,98,96,2,2
42675,75,74,1,1
42676,50,55,-5,5
42677,67,63,4,4
42678,76,72,4,4
42679,80,77,3,3
42680,124,133,-9,9
42681,60,71,-11,11
42682,73,74,-1,1
42683,52,45,7,7
42684,102,99,3,3
42685,29,35,-6,6
42686,66,70,-4,4
42687,80,70,10,10
42688,76,71,5,5
42689,107,106,1,1
42690,68,58,10,10
42691,129,119,10,10
42692,51,49,2,2
42693,131,136,-5,5
42694,73,76,-3,3
42695,157,148,9,9
42696,96,99,-3,3
42697,19,55,-36,36
42698,109,104,5,5
42699,67,80,-13,13
42700,132,133,-1,1
42701,156,127,29,29
42702,85,89,-4,4
42703,90,89,1,1
42704,85,80,5,5
42705,44,55,-11,11
42706,150,148,2,2
42707,65,59,6,6
42708,91,107,-16,16
42709,63,79,-16,16
42710,80,81,-1,1
42711,163,171,-8,8
42712,110,96,14,14
42713,100,110,-10,10
42714,89,77,12,12
42715,51,53,-2,2
42716,97,103,-6,6
42717,82,83,-1,1
42718,85,81,4,4
42719,73,77,-4,4
42720,80,74,6,6
42721,50,61,-11,11
42722,81,77,4,4
42723,68,69,-1,1
42724,76,73,3,3
42725,75,66,9,9
42726,82,91,-9,9
42727,78,74,4,4
42728,53,64,-11,11
42729,55,56,-1,1
42730,41,52,-11,11
42731,95,102,-7,7
42732,55,54,1,1
42733,99,124,-25,25
42734,64,69,-5,5
42735,93,105,-12,12
42736,61,56,5,5
42737,95,89,6,6
42738,116,119,-3,3
42739,83,69,14,14
42740,82,72,10,10
42741,137,121,16,16
42742,69,72,-3,3
42743,69,60,9,9
42744,60,52,8,8
42745,81,90,-9,9
42746,128,127,1,1
42747,78,68,10,10
42748,79,85,-6,6
42749,74,77,-3,3
42750,69,67,2,2
42751,140,127,13,13
42752,108,118,-10,10
42753,61,53,8,8
42754,142,143,-1,1
42755,42,48,-6,6
42756,68,62,6,6
42757,74,72,2,2
42758,94,94,0,0
42759,164,154,10,10
42760,77,69,8,8
42761,94,79,15,15
42762,192,188,4,4
42763,121,127,-6,6
42764,61,57,4,4
42765,120,121,-1,1
42766,103,105,-2,2
42767,89,77,12,12
42768,100,92,8,8
42769,97,84,13,13
42770,64,68,-4,4
42771,165,161,4,4
42772,74,74,0,0
42773,65,66,-1,1
42774,39,46,-7,7
42775,183,171,12,12
42776,82,83,-1,1
42777,111,110,1,1
42778,150,137,13,13
42779,89,80,9,9
42780,116,111,5,5
42781,106,107,-1,1
42782,129,133,-4,4
42783,59,57,2,2
42784,161,137,24,24
42785,108,123,-15,15
42786,63,70,-7,7
42787,114,105,9,9
42788,80,86,-6,6
42789,81,77,4,4
42790,72,65,7,7
42791,99,88,11,11
42792,98,79,19,19
42793,111,94,17,17
42794,120,103,17,17
42795,119,117,2,2
42796,69,77,-8,8
42797,137,125,12,12
42798,130,133,-3,3
42799,106,88,18,18
42800,58,62,-4,4
42801,144,137,7,7
42802,117,117,0,0
42803,146,167,-21,21
42804,137,132,5,5
42805,116,121,-5,5
42806,86,77,9,9
42807,89,87,2,2
42808,107,104,3,3
42809,108,109,-1,1
42810,109,98,11,11
42811,53,56,-3,3
42812,79,70,9,9
42813,59,64,-5,5
42814,84,76,8,8
42815,156,150,6,6
42816,121,115,6,6
42817,66,69,-3,3
42818,74,65,9,9
42819,47,110,-63,63
42820,106,99,7,7
42821,98,81,17,17
42822,68,63,5,5
42823,58,62,-4,4
42824,86,89,-3,3
42825,87,92,-5,5
42826,85,89,-4,4
42827,143,139,4,4
42828,168,151,17,17
42829,63,74,-11,11
42830,72,119,-47,47
42831,170,183,-13,13
42832,139,145,-6,6
42833,104,110,-6,6
42834,66,50,16,16
42835,78,79,-1,1
42836,66,59,7,7
42837,78,75,3,3
42838,178,158,20,20
42839,176,168,8,8
42840,77,72,5,5
42841,51,53,-2,2
42842,112,75,37,37
42843,110,113,-3,3
42844,140,150,-10,10
42845,120,106,14,14
42846,88,87,1,1
42847,85,89,-4,4
42848,166,160,6,6
42849,71,72,-1,1
42850,112,114,-2,2
42851,73,72,1,1
42852,80,77,3,3
42853,113,122,-9,9
42854,62,61,1,1
42855,94,70,24,24
42856,145,154,-9,9
42857,131,140,-9,9
42858,103,100,3,3
42859,98,102,-4,4
42860,84,80,4,4
42861,133,128,5,5
42862,144,134,10,10
42863,141,137,4,4
42864,119,103,16,16
42865,87,79,8,8
42866,79,74,5,5
42867,63,67,-4,4
42868,89,97,-8,8
42869,38,46,-8,8
42870,99,101,-2,2
42871,114,106,8,8
42872,129,119,10,10
42873,155,156,-1,1
42874,87,71,16,16
42875,70,67,3,3
42876,112,104,8,8
42877,137,132,5,5
42878,92,86,6,6
42879,145,137,8,8
42880,154,138,16,16
42881,130,130,0,0
42882,45,45,0,0
42883,63,58,5,5
42884,58,53,5,5
42885,96,94,2,2
42886,102,100,2,2
42887,118,132,-14,14
42888,119,121,-2,2
42889,75,73,2,2
42890,115,119,-4,4
42891,94,96,-2,2
42892,108,107,1,1
42893,101,95,6,6
42894,136,133,3,3
42895,110,115,-5,5
42896,127,131,-4,4
42897,94,76,18,18
42898,124,110,14,14
42899,68,71,-3,3
42900,128,123,5,5
42901,138,143,-5,5
42902,83,79,4,4
42903,125,108,17,17
42904,63,65,-2,2
42905,133,115,18,18
42906,77,72,5,5
42907,94,101,-7,7
42908,116,104,12,12
42909,93,91,2,2
42910,84,87,-3,3
42911,125,123,2,2
42912,123,126,-3,3
42913,92,100,-8,8
42914,155,140,15,15
42915,86,188,-102,102
42916,75,75,0,0
42917,74,78,-4,4
42918,78,71,7,7
42919,96,82,14,14
42920,113,122,-9,9
42921,139,161,-22,22
42922,95,86,9,9
42923,83,78,5,5
42924,128,131,-3,3
42925,102,107,-5,5
42926,124,138,-14,14
42927,71,69,2,2
42928,63,62,1,1
42929,71,62,9,9
42930,131,139,-8,8
42931,115,136,-21,21
42932,91,84,7,7
42933,92,95,-3,3
42934,59,52,7,7
42935,138,137,1,1
42936,71,68,3,3
42937,53,52,1,1
42938,103,103,0,0
42939,85,82,3,3
42940,92,88,4,4
42941,109,127,-18,18
42942,74,83,-9,9
42943,100,105,-5,5
42944,111,111,0,0
42945,112,109,3,3
42946,112,103,9,9
42947,31,40,-9,9
42948,57,71,-14,14
42949,194,182,12,12
42950,75,60,15,15
42951,119,120,-1,1
42952,106,102,4,4
42953,89,77,12,12
42954,75,72,3,3
42955,77,73,4,4
42956,68,74,-6,6
42957,48,46,2,2
42958,53,48,5,5
42959,91,86,5,5
42960,90,99,-9,9
42961,57,58,-1,1
42962,81,77,4,4
42963,113,109,4,4
42964,89,109,-20,20
42965,74,62,12,12
42966,89,85,4,4
42967,73,80,-7,7
42968,54,52,2,2
42969,77,73,4,4
42970,108,96,12,12
42971,59,61,-2,2
42972,218,201,17,17
42973,118,124,-6,6
42974,86,96,-10,10
42975,153,143,10,10
42976,123,126,-3,3
42977,117,116,1,1
42978,51,50,1,1
42979,77,71,6,6
42980,59,58,1,1
42981,69,74,-5,5
42982,67,78,-11,11
42983,83,70,13,13
42984,137,129,8,8
42985,96,81,15,15
42986,68,62,6,6
42987,91,95,-4,4
42988,81,82,-1,1
42989,79,69,10,10
42990,50,40,10,10
42991,78,79,-1,1
42992,32,26,6,6
42993,64,60,4,4
42994,80,79,1,1
42995,99,90,9,9
42996,131,134,-3,3
42997,48,41,7,7
42998,77,70,7,7
42999,128,131,-3,3
43000,120,125,-5,5
43001,55,54,1,1
43002,79,68,11,11
43003,85,74,11,11
43004,148,135,13,13
43005,136,132,4,4
43006,111,119,-8,8
43007,105,136,-31,31
43008,93,91,2,2
43009,79,73,6,6
43010,87,86,1,1
43011,69,68,1,1
43012,109,104,5,5
43013,156,155,1,1
43014,106,109,-3,3
43015,105,111,-6,6
43016,42,47,-5,5
43017,84,73,11,11
43018,15,23,-8,8
43019,89,93,-4,4
43020,179,177,2,2
43021,65,59,6,6
43022,108,117,-9,9
43023,40,45,-5,5
43024,89,81,8,8
43025,138,129,9,9
43026,134,143,-9,9
43027,102,99,3,3
43028,103,105,-2,2
43029,143,130,13,13
43030,65,68,-3,3
43031,74,69,5,5
43032,116,109,7,7
43033,79,76,3,3
43034,74,75,-1,1
43035,91,71,20,20
43036,99,88,11,11
43037,64,62,2,2
43038,120,115,5,5
43039,103,100,3,3
43040,90,80,10,10
43041,51,41,10,10
43042,96,89,7,7
43043,77,72,5,5
43044,142,142,0,0
43045,77,68,9,9
43046,90,89,1,1
43047,141,141,0,0
43048,85,90,-5,5
43049,98,96,2,2
43050,146,146,0,0
43051,120,110,10,10
43052,107,110,-3,3
43053,97,103,-6,6
43054,125,130,-5,5
43055,81,83,-2,2
43056,99,110,-11,11
43057,90,92,-2,2
43058,53,57,-4,4
43059,88,73,15,15
43060,70,70,0,0
43061,57,65,-8,8
43062,77,69,8,8
43063,51,58,-7,7
43064,110,114,-4,4
43065,72,74,-2,2
43066,101,97,4,4
43067,177,158,19,19
43068,153,141,12,12
43069,157,156,1,1
43070,67,67,0,0
43071,63,60,3,3
43072,208,194,14,14
43073,84,77,7,7
43074,69,66,3,3
43075,110,89,21,21
43076,85,68,17,17
43077,37,34,3,3
43078,142,117,25,25
43079,82,88,-6,6
43080,81,91,-10,10
43081,94,89,5,5
43082,143,142,1,1
43083,118,105,13,13
43084,86,96,-10,10
43085,76,84,-8,8
43086,73,60,13,13
43087,131,114,17,17
43088,53,54,-1,1
43089,66,64,2,2
43090,101,104,-3,3
43091,115,111,4,4
43092,136,136,0,0
43093,61,86,-25,25
43094,86,83,3,3
43095,71,78,-7,7
43096,81,75,6,6
43097,69,76,-7,7
43098,36,41,-5,5
43099,157,156,1,1
43100,57,66,-9,9
43101,73,71,2,2
43102,185,163,22,22
43103,62,51,11,11
43104,123,123,0,0
43105,65,62,3,3
43106,73,67,6,6
43107,98,97,1,1
43108,101,94,7,7
43109,104,100,4,4
43110,83,81,2,2
43111,58,53,5,5
43112,85,83,2,2
43113,55,55,0,0
43114,80,77,3,3
43115,66,59,7,7
43116,83,72,11,11
43117,107,111,-4,4
43118,104,97,7,7
43119,44,44,0,0
43120,63,64,-1,1
43121,85,77,8,8
43122,133,135,-2,2
43123,59,54,5,5
43124,130,96,34,34
43125,74,73,1,1
43126,62,65,-3,3
43127,109,100,9,9
43128,71,76,-5,5
43129,55,103,-48,48
43130,142,131,11,11
43131,117,123,-6,6
43132,110,104,6,6
43133,35,47,-12,12
43134,85,84,1,1
43135,63,68,-5,5
43136,79,88,-9,9
43137,101,97,4,4
43138,73,78,-5,5
43139,150,155,-5,5
43140,164,150,14,14
43141,121,114,7,7
43142,56,59,-3,3
43143,82,83,-1,1
43144,115,136,-21,21
43145,103,95,8,8
43146,80,74,6,6
43147,90,94,-4,4
43148,103,95,8,8
43149,122,115,7,7
43150,113,113,0,0
43151,62,70,-8,8
43152,120,118,2,2
43153,94,104,-10,10
43154,93,88,5,5
43155,52,50,2,2
43156,89,77,12,12
43157,72,62,10,10
43158,65,56,9,9
43159,92,82,10,10
43160,59,51,8,8
43161,86,92,-6,6
43162,119,103,16,16
43163,64,60,4,4
43164,142,114,28,28
43165,80,85,-5,5
43166,68,63,5,5
43167,85,87,-2,2
43168,69,56,13,13
43169,157,145,12,12
43170,120,105,15,15
43171,135,132,3,3
43172,72,63,9,9
43173,99,83,16,16
43174,88,89,-1,1
43175,101,98,3,3
43176,72,69,3,3
43177,166,178,-12,12
43178,49,52,-3,3
43179,89,87,2,2
43180,113,100,13,13
43181,113,110,3,3
43182,85,82,3,3
43183,67,73,-6,6
43184,89,90,-1,1
43185,63,66,-3,3
43186,52,74,-22,22
43187,127,126,1,1
43188,106,99,7,7
43189,120,93,27,27
43190,97,108,-11,11
43191,57,61,-4,4
43192,68,71,-3,3
43193,105,119,-14,14
43194,106,109,-3,3
43195,133,131,2,2
43196,63,67,-4,4
43197,58,60,-2,2
43198,106,109,-3,3
43199,103,93,10,10
43200,71,69,2,2
43201,103,105,-2,2
43202,42,41,1,1
43203,91,82,9,9
43204,103,106,-3,3
43205,90,88,2,2
43206,103,104,-1,1
43207,111,105,6,6
43208,132,116,16,16
43209,115,108,7,7
43210,121,124,-3,3
43211,122,110,12,12
43212,132,124,8,8
43213,32,47,-15,15
43214,110,98,12,12
43215,87,90,-3,3
43216,135,132,3,3
43217,102,100,2,2
43218,82,84,-2,2
43219,131,111,20,20
43220,102,104,-2,2
43221,52,48,4,4
43222,100,114,-14,14
43223,100,93,7,7
43224,90,94,-4,4
43225,85,83,2,2
43226,61,51,10,10
43227,154,174,-20,20
43228,137,124,13,13
43229,107,87,20,20
43230,98,89,9,9
43231,92,84,8,8
43232,191,178,13,13
43233,113,122,-9,9
43234,104,114,-10,10
43235,62,47,15,15
43236,80,74,6,6
43237,50,46,4,4
43238,100,82,18,18
43239,126,132,-6,6
43240,113,101,12,12
43241,69,64,5,5
43242,62,65,-3,3
43243,52,68,-16,16
43244,118,113,5,5
43245,59,63,-4,4
43246,40,51,-11,11
43247,93,92,1,1
43248,105,106,-1,1
43249,127,114,13,13
43250,84,89,-5,5
43251,93,105,-12,12
43252,121,128,-7,7
43253,94,101,-7,7
43254,64,71,-7,7
43255,109,99,10,10
43256,123,131,-8,8
43257,130,127,3,3
43258,138,132,6,6
43259,67,68,-1,1
43260,99,89,10,10
43261,84,79,5,5
43262,112,124,-12,12
43263,103,102,1,1
43264,60,52,8,8
43265,90,116,-26,26
43266,131,136,-5,5
43267,47,51,-4,4
43268,90,83,7,7
43269,81,79,2,2
43270,84,77,7,7
43271,81,78,3,3
43272,105,108,-3,3
43273,67,65,2,2
43274,86,90,-4,4
43275,140,141,-1,1
43276,78,76,2,2
43277,96,97,-1,1
43278,102,106,-4,4
43279,43,44,-1,1
43280,71,79,-8,8
43281,91,92,-1,1
43282,84,79,5,5
43283,125,113,12,12
43284,50,61,-11,11
43285,90,97,-7,7
43286,68,52,16,16
43287,129,126,3,3
43288,133,138,-5,5
43289,72,84,-12,12
43290,150,146,4,4
43291,179,165,14,14
43292,96,89,7,7
43293,72,68,4,4
43294,178,154,24,24
43295,89,84,5,5
43296,129,106,23,23
43297,84,74,10,10
43298,87,78,9,9
43299,82,75,7,7
43300,82,90,-8,8
43301,91,76,15,15
43302,112,113,-1,1
43303,88,90,-2,2
43304,100,105,-5,5
43305,164,162,2,2
43306,89,94,-5,5
43307,72,73,-1,1
43308,111,112,-1,1
43309,123,128,-5,5
43310,163,143,20,20
43311,65,58,7,7
43312,130,137,-7,7
43313,145,147,-2,2
43314,92,94,-2,2
43315,50,55,-5,5
43316,73,88,-15,15
43317,57,63,-6,6
43318,89,72,17,17
43319,82,88,-6,6
43320,67,61,6,6
43321,91,97,-6,6
43322,112,110,2,2
43323,73,71,2,2
43324,64,66,-2,2
43325,119,130,-11,11
43326,61,57,4,4
43327,26,27,-1,1
43328,67,64,3,3
43329,178,168,10,10
43330,97,75,22,22
43331,132,110,22,22
43332,121,122,-1,1
43333,143,121,22,22
43334,92,93,-1,1
43335,78,80,-2,2
43336,99,102,-3,3
43337,68,64,4,4
43338,61,55,6,6
43339,139,143,-4,4
43340,162,161,1,1
43341,86,78,8,8
43342,106,99,7,7
43343,48,43,5,5
43344,125,122,3,3
43345,123,120,3,3
43346,117,113,4,4
43347,229,200,29,29
43348,83,90,-7,7
43349,72,108,-36,36
43350,130,125,5,5
43351,49,59,-10,10
43352,124,128,-4,4
43353,123,123,0,0
43354,127,133,-6,6
43355,78,76,2,2
43356,87,97,-10,10
43357,129,108,21,21
43358,97,88,9,9
43359,129,129,0,0
43360,69,56,13,13
43361,84,78,6,6
43362,122,109,13,13
43363,158,147,11,11
43364,77,82,-5,5
43365,86,94,-8,8
43366,100,100,0,0
43367,93,87,6,6
43368,117,115,2,2
43369,139,127,12,12
43370,100,87,13,13
43371,162,148,14,14
43372,68,65,3,3
43373,68,74,-6,6
43374,85,74,11,11
43375,105,92,13,13
43376,174,164,10,10
43377,85,81,4,4
43378,108,100,8,8
43379,67,70,-3,3
43380,115,112,3,3
43381,63,65,-2,2
43382,107,101,6,6
43383,99,99,0,0
43384,52,49,3,3
43385,87,81,6,6
43386,125,103,22,22
43387,64,56,8,8
43388,101,99,2,2
43389,118,119,-1,1
43390,129,129,0,0
43391,100,109,-9,9
43392,71,63,8,8
43393,70,63,7,7
43394,70,85,-15,15
43395,101,80,21,21
43396,71,73,-2,2
43397,70,66,4,4
43398,115,105,10,10
43399,56,49,7,7
43400,106,114,-8,8
43401,125,122,3,3
43402,104,102,2,2
43403,84,80,4,4
43404,64,67,-3,3
43405,82,80,2,2
43406,99,109,-10,10
43407,167,162,5,5
43408,107,97,10,10
43409,91,83,8,8
43410,83,88,-5,5
43411,89,72,17,17
43412,92,87,5,5
43413,114,103,11,11
43414,126,109,17,17
43415,133,127,6,6
43416,51,55,-4,4
43417,87,80,7,7
43418,67,61,6,6
43419,67,56,11,11
43420,142,129,13,13
43421,139,131,8,8
43422,125,109,16,16
43423,81,68,13,13
43424,210,193,17,17
43425,113,100,13,13
43426,57,71,-14,14
43427,94,89,5,5
43428,121,99,22,22
43429,107,105,2,2
43430,38,53,-15,15
43431,81,81,0,0
43432,126,110,16,16
43433,248,234,14,14
43434,92,83,9,9
43435,153,142,11,11
43436,127,123,4,4
43437,45,52,-7,7
43438,81,107,-26,26
43439,164,165,-1,1
43440,140,156,-16,16
43441,114,112,2,2
43442,115,115,0,0
43443,87,78,9,9
43444,57,57,0,0
43445,51,48,3,3
43446,95,109,-14,14
43447,33,45,-12,12
43448,128,122,6,6
43449,101,98,3,3
43450,75,79,-4,4
43451,138,134,4,4
43452,136,126,10,10
43453,63,82,-19,19
43454,80,69,11,11
43455,90,105,-15,15
43456,47,43,4,4
43457,96,96,0,0
43458,62,63,-1,1
43459,98,93,5,5
43460,140,142,-2,2
43461,84,76,8,8
43462,143,135,8,8
43463,84,83,1,1
43464,151,149,2,2
43465,87,76,11,11
43466,107,118,-11,11
43467,118,107,11,11
43468,60,66,-6,6
43469,82,82,0,0
43470,167,159,8,8
43471,110,95,15,15
43472,98,92,6,6
43473,83,80,3,3
43474,76,74,2,2
43475,93,73,20,20
43476,102,100,2,2
43477,76,60,16,16
43478,76,82,-6,6
43479,115,106,9,9
43480,77,76,1,1
43481,98,97,1,1
43482,149,142,7,7
43483,78,82,-4,4
43484,119,118,1,1
43485,121,118,3,3
43486,46,73,-27,27
43487,67,73,-6,6
43488,129,123,6,6
43489,114,114,0,0
43490,73,72,1,1
43491,118,116,2,2
43492,90,97,-7,7
43493,165,161,4,4
43494,147,144,3,3
43495,52,42,10,10
43496,111,118,-7,7
43497,160,144,16,16
43498,88,93,-5,5
43499,105,103,2,2
43500,105,91,14,14
43501,90,97,-7,7
43502,120,120,0,0
43503,89,73,16,16
43504,79,75,4,4
43505,82,97,-15,15
43506,122,126,-4,4
43507,96,96,0,0
43508,48,40,8,8
43509,70,58,12,12
43510,65,71,-6,6
43511,78,73,5,5
43512,133,132,1,1
43513,48,49,-1,1
43514,90,88,2,2
43515,54,55,-1,1
43516,104,87,17,17
43517,91,79,12,12
43518,112,106,6,6
43519,63,64,-1,1
43520,113,109,4,4
43521,99,80,19,19
43522,100,97,3,3
43523,69,65,4,4
43524,122,110,12,12
43525,84,79,5,5
43526,119,107,12,12
43527,103,96,7,7
43528,91,102,-11,11
43529,55,58,-3,3
43530,64,59,5,5
43531,87,79,8,8
43532,220,201,19,19
43533,85,98,-13,13
43534,63,62,1,1
43535,64,61,3,3
43536,109,114,-5,5
43537,80,74,6,6
43538,91,81,10,10
43539,146,149,-3,3
43540,125,120,5,5
43541,130,133,-3,3
43542,127,143,-16,16
43543,113,99,14,14
43544,125,130,-5,5
43545,84,77,7,7
43546,111,106,5,5
43547,138,127,11,11
43548,47,58,-11,11
43549,75,78,-3,3
43550,98,108,-10,10
43551,163,152,11,11
43552,140,123,17,17
43553,50,51,-1,1
43554,77,75,2,2
43555,64,58,6,6
43556,76,72,4,4
43557,108,103,5,5
43558,53,51,2,2
43559,65,72,-7,7
43560,197,189,8,8
43561,182,171,11,11
43562,71,59,12,12
43563,134,119,15,15
43564,126,118,8,8
43565,54,55,-1,1
43566,132,145,-13,13
43567,86,77,9,9
43568,106,104,2,2
43569,53,60,-7,7
43570,87,92,-5,5
43571,80,82,-2,2
43572,150,154,-4,4
43573,49,44,5,5
43574,137,99,38,38
43575,51,46,5,5
43576,90,81,9,9
43577,125,124,1,1
43578,110,111,-1,1
43579,112,121,-9,9
43580,51,52,-1,1
43581,105,92,13,13
43582,110,111,-1,1
43583,93,94,-1,1
43584,169,166,3,3
43585,97,76,21,21
43586,97,83,14,14
43587,89,91,-2,2
43588,75,67,8,8
43589,119,118,1,1
43590,93,96,-3,3
43591,53,48,5,5
43592,121,106,15,15
43593,61,80,-19,19
43594,98,105,-7,7
43595,92,93,-1,1
43596,63,56,7,7
43597,101,82,19,19
43598,180,174,6,6
43599,70,73,-3,3
43600,66,77,-11,11
43601,121,198,-77,77
43602,100,95,5,5
43603,151,149,2,2
43604,44,66,-22,22
43605,93,87,6,6
43606,79,67,12,12
43607,133,119,14,14
43608,51,53,-2,2
43609,111,109,2,2
43610,83,78,5,5
43611,93,103,-10,10
43612,78,68,10,10
43613,75,70,5,5
43614,133,132,1,1
43615,128,120,8,8
43616,98,100,-2,2
43617,137,106,31,31
43618,79,86,-7,7
43619,90,81,9,9
43620,62,65,-3,3
43621,170,173,-3,3
43622,123,124,-1,1
43623,57,66,-9,9
43624,87,94,-7,7
43625,35,54,-19,19
43626,76,82,-6,6
43627,95,81,14,14
43628,63,83,-20,20
43629,74,69,5,5
43630,125,135,-10,10
43631,115,116,-1,1
43632,63,64,-1,1
43633,141,132,9,9
43634,78,71,7,7
43635,71,70,1,1
43636,90,79,11,11
43637,235,215,20,20
43638,118,111,7,7
43639,65,68,-3,3
43640,98,87,11,11
43641,97,97,0,0
43642,48,59,-11,11
43643,110,118,-8,8
43644,96,94,2,2
43645,119,115,4,4
43646,141,137,4,4
43647,80,81,-1,1
43648,88,112,-24,24
43649,93,93,0,0
43650,141,136,5,5
43651,59,85,-26,26
43652,98,93,5,5
43653,66,79,-13,13
43654,91,90,1,1
43655,90,79,11,11
43656,111,114,-3,3
43657,96,98,-2,2
43658,103,93,10,10
43659,59,59,0,0
43660,68,65,3,3
43661,73,69,4,4
43662,60,54,6,6
43663,75,91,-16,16
43664,65,71,-6,6
43665,91,89,2,2
43666,53,57,-4,4
43667,97,99,-2,2
43668,66,61,5,5
43669,94,93,1,1
43670,97,94,3,3
43671,81,73,8,8
43672,134,126,8,8
43673,96,108,-12,12
43674,115,114,1,1
43675,51,73,-22,22
43676,75,71,4,4
43677,157,151,6,6
43678,86,85,1,1
43679,147,153,-6,6
43680,85,84,1,1
43681,88,91,-3,3
43682,46,49,-3,3
43683,119,125,-6,6
43684,109,98,11,11
43685,142,144,-2,2
43686,95,95,0,0
43687,93,99,-6,6
43688,79,72,7,7
43689,142,140,2,2
43690,83,82,1,1
43691,93,89,4,4
43692,149,114,35,35
43693,114,100,14,14
43694,99,86,13,13
43695,125,128,-3,3
43696,116,89,27,27
43697,131,137,-6,6
43698,103,95,8,8
43699,79,70,9,9
43700,171,169,2,2
43701,69,74,-5,5
43702,78,87,-9,9
43703,67,78,-11,11
43704,82,78,4,4
43705,110,124,-14,14
43706,171,162,9,9
43707,46,56,-10,10
43708,60,59,1,1
43709,179,162,17,17
43710,68,75,-7,7
43711,66,54,12,12
43712,67,70,-3,3
43713,87,92,-5,5
43714,61,53,8,8
43715,61,57,4,4
43716,122,132,-10,10
43717,96,90,6,6
43718,106,90,16,16
43719,54,56,-2,2
43720,76,77,-1,1
43721,111,113,-2,2
43722,44,47,-3,3
43723,163,158,5,5
43724,71,61,10,10
43725,74,77,-3,3
43726,97,99,-2,2
43727,134,133,1,1
43728,82,66,16,16
43729,79,89,-10,10
43730,138,121,17,17
43731,82,105,-23,23
43732,152,150,2,2
43733,111,101,10,10
43734,123,118,5,5
43735,77,67,10,10
43736,146,138,8,8
43737,82,76,6,6
43738,69,69,0,0
43739,91,99,-8,8
43740,166,159,7,7
43741,53,51,2,2
43742,71,63,8,8
43743,84,78,6,6
43744,68,65,3,3
43745,94,106,-12,12
43746,101,125,-24,24
43747,106,100,6,6
43748,93,96,-3,3
43749,69,67,2,2
43750,136,126,10,10
43751,90,79,11,11
43752,87,72,15,15
43753,64,57,7,7
43754,62,101,-39,39
43755,77,80,-3,3
43756,47,64,-17,17
43757,122,120,2,2
43758,67,72,-5,5
43759,87,97,-10,10
43760,84,71,13,13
43761,68,73,-5,5
43762,60,58,2,2
43763,75,70,5,5
43764,90,85,5,5
43765,69,82,-13,13
43766,77,70,7,7
43767,82,78,4,4
43768,127,125,2,2
43769,58,56,2,2
43770,151,127,24,24
43771,125,133,-8,8
43772,114,114,0,0
43773,106,108,-2,2
43774,85,84,1,1
43775,92,91,1,1
43776,70,62,8,8
43777,124,127,-3,3
43778,97,99,-2,2
43779,71,75,-4,4
43780,146,145,1,1
43781,93,92,1,1
43782,91,77,14,14
43783,63,62,1,1
43784,60,53,7,7
43785,84,94,-10,10
43786,192,199,-7,7
43787,93,77,16,16
43788,133,123,10,10
43789,95,92,3,3
43790,65,60,5,5
43791,81,82,-1,1
43792,107,109,-2,2
43793,131,121,10,10
43794,130,119,11,11
43795,68,56,12,12
43796,77,74,3,3
43797,112,115,-3,3
43798,67,75,-8,8
43799,91,89,2,2
43800,90,84,6,6
43801,125,125,0,0
43802,69,62,7,7
43803,106,108,-2,2
43804,110,97,13,13
43805,65,63,2,2
43806,87,87,0,0
43807,60,51,9,9
43808,91,90,1,1
43809,153,142,11,11
43810,95,90,5,5
43811,150,142,8,8
43812,61,63,-2,2
43813,169,181,-12,12
43814,76,89,-13,13
43815,93,94,-1,1
43816,75,69,6,6
43817,76,84,-8,8
43818,85,102,-17,17
43819,63,64,-1,1
43820,86,93,-7,7
43821,111,106,5,5
43822,81,75,6,6
43823,225,188,37,37
43824,49,57,-8,8
43825,90,88,2,2
43826,67,61,6,6
43827,109,114,-5,5
43828,103,90,13,13
43829,73,66,7,7
43830,137,130,7,7
43831,93,93,0,0
43832,68,68,0,0
43833,82,102,-20,20
43834,66,72,-6,6
43835,110,93,17,17
43836,170,181,-11,11
43837,104,98,6,6
43838,73,72,1,1
43839,137,128,9,9
43840,55,53,2,2
43841,52,66,-14,14
43842,95,82,13,13
43843,48,46,2,2
43844,67,73,-6,6
43845,64,63,1,1
43846,71,63,8,8
43847,77,71,6,6
43848,66,61,5,5
43849,78,76,2,2
43850,71,72,-1,1
43851,117,114,3,3
43852,83,77,6,6
43853,43,58,-15,15
43854,100,88,12,12
43855,50,58,-8,8
43856,140,143,-3,3
43857,86,95,-9,9
43858,63,60,3,3
43859,91,89,2,2
43860,113,98,15,15
43861,63,61,2,2
43862,61,59,2,2
43863,78,83,-5,5
43864,34,48,-14,14
43865,90,94,-4,4
43866,47,48,-1,1
43867,64,67,-3,3
43868,58,69,-11,11
43869,116,123,-7,7
43870,117,115,2,2
43871,84,89,-5,5
43872,105,108,-3,3
43873,86,82,4,4
43874,68,61,7,7
43875,131,139,-8,8
43876,77,84,-7,7
43877,76,68,8,8
43878,117,99,18,18
43879,97,92,5,5
43880,123,123,0,0
43881,98,88,10,10
43882,71,71,0,0
43883,127,121,6,6
43884,56,49,7,7
43885,122,108,14,14
43886,49,53,-4,4
43887,60,62,-2,2
43888,115,115,0,0
43889,78,83,-5,5
43890,46,53,-7,7
43891,119,118,1,1
43892,129,145,-16,16
43893,66,61,5,5
43894,142,146,-4,4
43895,79,75,4,4
43896,71,75,-4,4
43897,144,144,0,0
43898,106,112,-6,6
43899,77,76,1,1
43900,74,76,-2,2
43901,69,68,1,1
43902,88,77,11,11
43903,59,62,-3,3
43904,123,112,11,11
43905,54,58,-4,4
43906,43,46,-3,3
43907,155,140,15,15
43908,68,67,1,1
43909,131,130,1,1
43910,146,137,9,9
43911,102,84,18,18
43912,80,79,1,1
43913,57,60,-3,3
43914,81,77,4,4
43915,104,120,-16,16
43916,39,44,-5,5
43917,78,75,3,3
43918,112,127,-15,15
43919,44,85,-41,41
43920,79,74,5,5
43921,132,132,0,0
43922,117,99,18,18
43923,80,79,1,1
43924,88,76,12,12
43925,61,64,-3,3
43926,57,49,8,8
43927,123,120,3,3
43928,60,56,4,4
43929,113,107,6,6
43930,64,71,-7,7
43931,101,94,7,7
43932,143,140,3,3
43933,71,71,0,0
43934,80,72,8,8
43935,70,64,6,6
43936,45,55,-10,10
43937,44,54,-10,10
43938,92,89,3,3
43939,67,64,3,3
43940,63,53,10,10
43941,139,130,9,9
43942,127,122,5,5
43943,69,61,8,8
43944,136,132,4,4
43945,109,118,-9,9
43946,120,116,4,4
43947,63,62,1,1
43948,50,54,-4,4
43949,97,91,6,6
43950,103,84,19,19
43951,89,87,2,2
43952,85,71,14,14
43953,173,166,7,7
43954,128,129,-1,1
43955,171,178,-7,7
43956,49,53,-4,4
43957,99,80,19,19
43958,129,141,-12,12
43959,85,89,-4,4
43960,102,85,17,17
43961,124,124,0,0
43962,122,107,15,15
43963,137,131,6,6
43964,89,86,3,3
43965,51,41,10,10
43966,81,89,-8,8
43967,88,81,7,7
43968,76,78,-2,2
43969,111,114,-3,3
43970,86,88,-2,2
43971,131,121,10,10
43972,23,35,-12,12
43973,109,104,5,5
43974,84,81,3,3
43975,101,105,-4,4
43976,139,141,-2,2
43977,58,69,-11,11
43978,71,71,0,0
43979,95,81,14,14
43980,70,69,1,1
43981,65,63,2,2
43982,95,84,11,11
43983,109,100,9,9
43984,57,56,1,1
43985,103,98,5,5
43986,184,163,21,21
43987,80,73,7,7
43988,103,102,1,1
43989,94,124,-30,30
43990,62,63,-1,1
43991,110,85,25,25
43992,109,111,-2,2
43993,47,50,-3,3
43994,107,104,3,3
43995,184,174,10,10
43996,122,134,-12,12
43997,155,156,-1,1
43998,66,70,-4,4
43999,63,54,9,9
44000,104,117,-13,13
44001,100,92,8,8
44002,82,94,-12,12
44003,162,167,-5,5
44004,122,123,-1,1
44005,78,141,-63,63
44006,71,59,12,12
44007,131,114,17,17
44008,113,98,15,15
44009,84,85,-1,1
44010,65,60,5,5
44011,81,84,-3,3
44012,93,82,11,11
44013,67,66,1,1
44014,148,136,12,12
44015,72,77,-5,5
44016,106,90,16,16
44017,79,82,-3,3
44018,113,110,3,3
44019,66,58,8,8
44020,68,59,9,9
44021,63,66,-3,3
44022,81,95,-14,14
44023,117,110,7,7
44024,70,106,-36,36
44025,78,71,7,7
44026,165,174,-9,9
44027,40,46,-6,6
44028,85,94,-9,9
44029,73,95,-22,22
44030,104,94,10,10
44031,129,118,11,11
44032,116,103,13,13
44033,115,116,-1,1
44034,82,74,8,8
44035,84,90,-6,6
44036,82,88,-6,6
44037,29,66,-37,37
44038,64,72,-8,8
44039,66,56,10,10
44040,114,119,-5,5
44041,146,132,14,14
44042,65,66,-1,1
44043,42,46,-4,4
44044,157,164,-7,7
44045,89,89,0,0
44046,116,128,-12,12
44047,54,53,1,1
44048,77,76,1,1
44049,79,83,-4,4
44050,137,137,0,0
44051,67,67,0,0
44052,105,117,-12,12
44053,149,103,46,46
44054,57,58,-1,1
44055,104,117,-13,13
44056,89,95,-6,6
44057,82,83,-1,1
44058,106,114,-8,8
44059,191,182,9,9
44060,87,80,7,7
44061,58,61,-3,3
44062,114,112,2,2
44063,114,119,-5,5
44064,118,111,7,7
44065,159,151,8,8
44066,58,49,9,9
44067,95,94,1,1
44068,74,69,5,5
44069,135,119,16,16
44070,134,133,1,1
44071,87,84,3,3
44072,130,118,12,12
44073,119,113,6,6
44074,142,132,10,10
44075,152,151,1,1
44076,105,97,8,8
44077,63,68,-5,5
44078,92,85,7,7
44079,75,65,10,10
44080,96,88,8,8
44081,75,61,14,14
44082,56,51,5,5
44083,72,72,0,0
44084,89,101,-12,12
44085,58,58,0,0
44086,76,70,6,6
44087,90,113,-23,23
44088,73,78,-5,5
44089,78,77,1,1
44090,110,124,-14,14
44091,174,153,21,21
44092,104,87,17,17
44093,94,88,6,6
44094,165,154,11,11
44095,107,93,14,14
44096,78,78,0,0
44097,90,85,5,5
44098,124,120,4,4
44099,129,116,13,13
44100,66,60,6,6
44101,73,78,-5,5
44102,139,147,-8,8
44103,72,74,-2,2
44104,140,133,7,7
44105,93,95,-2,2
44106,135,124,11,11
44107,56,58,-2,2
44108,76,75,1,1
44109,102,88,14,14
44110,102,108,-6,6
44111,130,121,9,9
44112,152,152,0,0
44113,76,74,2,2
44114,178,186,-8,8
44115,85,76,9,9
44116,78,62,16,16
44117,97,114,-17,17
44118,113,112,1,1
44119,81,80,1,1
44120,65,68,-3,3
44121,42,54,-12,12
44122,72,82,-10,10
44123,115,112,3,3
44124,80,82,-2,2
44125,39,43,-4,4
44126,85,71,14,14
44127,101,90,11,11
44128,158,163,-5,5
44129,91,86,5,5
44130,68,64,4,4
44131,112,113,-1,1
44132,161,161,0,0
44133,147,151,-4,4
44134,63,62,1,1
44135,60,87,-27,27
44136,84,89,-5,5
44137,112,111,1,1
44138,129,123,6,6
44139,136,140,-4,4
44140,130,132,-2,2
44141,74,74,0,0
44142,111,108,3,3
44143,118,125,-7,7
44144,60,53,7,7
44145,59,66,-7,7
44146,90,87,3,3
44147,72,78,-6,6
44148,118,121,-3,3
44149,63,60,3,3
44150,91,86,5,5
44151,106,109,-3,3
44152,89,98,-9,9
44153,111,112,-1,1
44154,131,124,7,7
44155,85,95,-10,10
44156,97,99,-2,2
44157,41,55,-14,14
44158,104,104,0,0
44159,137,150,-13,13
44160,110,107,3,3
44161,50,78,-28,28
44162,143,146,-3,3
44163,110,107,3,3
44164,79,80,-1,1
44165,79,82,-3,3
44166,71,78,-7,7
44167,116,121,-5,5
44168,89,90,-1,1
44169,85,99,-14,14
44170,62,66,-4,4
44171,105,86,19,19
44172,110,115,-5,5
44173,68,94,-26,26
44174,125,131,-6,6
44175,120,115,5,5
44176,118,121,-3,3
44177,63,51,12,12
44178,42,47,-5,5
44179,49,66,-17,17
44180,96,91,5,5
44181,107,108,-1,1
44182,108,118,-10,10
44183,94,97,-3,3
44184,89,85,4,4
44185,117,116,1,1
44186,120,125,-5,5
44187,71,72,-1,1
44188,71,64,7,7
44189,58,55,3,3
44190,90,107,-17,17
44191,118,101,17,17
44192,43,67,-24,24
44193,78,75,3,3
44194,159,150,9,9
44195,99,113,-14,14
44196,92,93,-1,1
44197,148,142,6,6
44198,97,79,18,18
44199,84,86,-2,2
44200,45,45,0,0
44201,63,62,1,1
44202,117,112,5,5
44203,122,117,5,5
44204,115,97,18,18
44205,110,106,4,4
44206,114,113,1,1
44207,71,62,9,9
44208,132,145,-13,13
44209,73,67,6,6
44210,137,130,7,7
44211,79,82,-3,3
44212,79,71,8,8
44213,106,99,7,7
44214,99,90,9,9
44215,77,99,-22,22
44216,127,129,-2,2
44217,96,83,13,13
44218,66,60,6,6
44219,63,57,6,6
44220,95,94,1,1
44221,97,93,4,4
44222,42,42,0,0
44223,60,51,9,9
44224,59,63,-4,4
44225,66,64,2,2
44226,140,110,30,30
44227,64,65,-1,1
44228,72,66,6,6
44229,85,80,5,5
44230,119,101,18,18
44231,99,90,9,9
44232,133,120,13,13
44233,75,78,-3,3
44234,66,65,1,1
44235,102,87,15,15
44236,63,65,-2,2
44237,133,131,2,2
44238,144,142,2,2
44239,141,130,11,11
44240,97,105,-8,8
44241,90,98,-8,8
44242,124,129,-5,5
44243,123,130,-7,7
44244,191,170,21,21
44245,62,54,8,8
44246,58,59,-1,1
44247,98,86,12,12
44248,113,111,2,2
44249,107,96,11,11
44250,106,97,9,9
44251,95,95,0,0
44252,144,133,11,11
44253,50,46,4,4
44254,195,174,21,21
44255,122,103,19,19
44256,97,77,20,20
44257,71,66,5,5
44258,153,146,7,7
44259,67,65,2,2
44260,51,55,-4,4
44261,65,69,-4,4
44262,78,77,1,1
44263,87,78,9,9
44264,72,77,-5,5
44265,81,75,6,6
44266,149,142,7,7
44267,119,103,16,16
44268,102,90,12,12
44269,93,88,5,5
44270,116,117,-1,1
44271,125,119,6,6
44272,138,127,11,11
44273,75,83,-8,8
44274,100,101,-1,1
44275,107,90,17,17
44276,91,116,-25,25
44277,135,134,1,1
44278,47,58,-11,11
44279,95,79,16,16
44280,88,89,-1,1
44281,71,67,4,4
44282,110,126,-16,16
44283,108,104,4,4
44284,49,63,-14,14
44285,48,55,-7,7
44286,93,87,6,6
44287,94,96,-2,2
44288,140,135,5,5
44289,68,56,12,12
44290,79,88,-9,9
44291,147,147,0,0
44292,107,96,11,11
44293,77,77,0,0
44294,87,86,1,1
44295,183,181,2,2
44296,123,110,13,13
44297,143,136,7,7
44298,94,89,5,5
44299,96,85,11,11
44300,85,92,-7,7
44301,112,113,-1,1
44302,82,81,1,1
44303,103,101,2,2
44304,98,99,-1,1
44305,104,107,-3,3
44306,81,71,10,10
44307,57,54,3,3
44308,113,128,-15,15
44309,80,74,6,6
44310,117,112,5,5
44311,68,60,8,8
44312,76,71,5,5
44313,69,73,-4,4
44314,86,92,-6,6
44315,107,92,15,15
44316,63,73,-10,10
44317,127,130,-3,3
44318,87,83,4,4
44319,82,82,0,0
44320,92,87,5,5
44321,78,77,1,1
44322,117,108,9,9
44323,93,109,-16,16
44324,116,119,-3,3
44325,51,53,-2,2
44326,80,71,9,9
44327,126,129,-3,3
44328,48,64,-16,16
44329,183,183,0,0
44330,61,63,-2,2
44331,128,135,-7,7
44332,95,86,9,9
44333,107,93,14,14
44334,87,92,-5,5
44335,136,143,-7,7
44336,49,43,6,6
44337,77,74,3,3
44338,114,101,13,13
44339,139,125,14,14
44340,90,90,0,0
44341,164,181,-17,17
44342,124,133,-9,9
44343,115,111,4,4
44344,111,105,6,6
44345,144,143,1,1
44346,72,72,0,0
44347,121,109,12,12
44348,131,124,7,7
44349,99,107,-8,8
44350,55,56,-1,1
44351,125,121,4,4
44352,43,50,-7,7
44353,75,64,11,11
44354,71,68,3,3
44355,62,57,5,5
44356,86,78,8,8
44357,78,78,0,0
44358,101,95,6,6
44359,81,78,3,3
44360,144,129,15,15
44361,121,114,7,7
44362,84,83,1,1
44363,91,86,5,5
44364,108,131,-23,23
44365,84,79,5,5
44366,96,88,8,8
44367,130,128,2,2
44368,53,59,-6,6
44369,111,118,-7,7
44370,65,58,7,7
44371,138,132,6,6
44372,39,42,-3,3
44373,54,56,-2,2
44374,48,48,0,0
44375,62,55,7,7
44376,110,105,5,5
44377,88,91,-3,3
44378,92,81,11,11
44379,124,115,9,9
44380,86,78,8,8
44381,89,96,-7,7
44382,96,97,-1,1
44383,50,52,-2,2
44384,92,87,5,5
44385,70,76,-6,6
44386,101,99,2,2
44387,143,137,6,6
44388,128,143,-15,15
44389,83,82,1,1
44390,59,53,6,6
44391,131,127,4,4
44392,79,77,2,2
44393,66,62,4,4
44394,110,93,17,17
44395,99,97,2,2
44396,100,93,7,7
44397,92,90,2,2
44398,115,107,8,8
44399,87,74,13,13
44400,105,101,4,4
44401,77,76,1,1
44402,93,96,-3,3
44403,124,123,1,1
44404,71,73,-2,2
44405,68,63,5,5
44406,107,113,-6,6
44407,130,127,3,3
44408,32,45,-13,13
44409,96,120,-24,24
44410,82,74,8,8
44411,73,63,10,10
44412,57,79,-22,22
44413,60,63,-3,3
44414,61,61,0,0
44415,127,117,10,10
44416,67,54,13,13
44417,148,131,17,17
44418,111,108,3,3
44419,119,109,10,10
44420,86,82,4,4
44421,88,82,6,6
44422,68,76,-8,8
44423,65,67,-2,2
44424,64,72,-8,8
44425,158,127,31,31
44426,144,132,12,12
44427,91,96,-5,5
44428,63,63,0,0
44429,88,92,-4,4
44430,122,106,16,16
44431,51,69,-18,18
44432,124,135,-11,11
44433,118,103,15,15
44434,49,47,2,2
44435,94,80,14,14
44436,69,73,-4,4
44437,168,159,9,9
44438,79,80,-1,1
44439,70,68,2,2
44440,199,200,-1,1
44441,43,55,-12,12
44442,85,84,1,1
44443,51,54,-3,3
44444,135,125,10,10
44445,57,76,-19,19
44446,191,194,-3,3
44447,94,104,-10,10
44448,109,111,-2,2
44449,76,72,4,4
44450,175,172,3,3
44451,126,132,-6,6
44452,143,137,6,6
44453,101,99,2,2
44454,50,72,-22,22
44455,84,88,-4,4
44456,94,85,9,9
44457,110,108,2,2
44458,170,143,27,27
44459,149,138,11,11
44460,94,94,0,0
44461,102,104,-2,2
44462,118,124,-6,6
44463,112,117,-5,5
44464,108,107,1,1
44465,58,67,-9,9
44466,39,109,-70,70
44467,112,105,7,7
44468,107,117,-10,10
44469,61,56,5,5
44470,99,88,11,11
44471,62,69,-7,7
44472,119,114,5,5
44473,105,89,16,16
44474,93,81,12,12
44475,109,108,1,1
44476,132,131,1,1
44477,83,120,-37,37
44478,46,52,-6,6
44479,170,166,4,4
44480,217,193,24,24
44481,119,117,2,2
44482,140,159,-19,19
44483,106,104,2,2
44484,100,88,12,12
44485,61,54,7,7
44486,111,129,-18,18
44487,117,102,15,15
44488,68,74,-6,6
44489,94,95,-1,1
44490,74,72,2,2
44491,109,121,-12,12
44492,98,115,-17,17
44493,103,94,9,9
44494,78,82,-4,4
44495,80,78,2,2
44496,83,77,6,6
44497,76,82,-6,6
44498,110,109,1,1
44499,152,146,6,6
44500,81,72,9,9
44501,133,134,-1,1
44502,66,62,4,4
44503,102,95,7,7
44504,102,100,2,2
44505,53,57,-4,4
44506,139,131,8,8
44507,133,122,11,11
44508,57,56,1,1
44509,61,63,-2,2
44510,116,108,8,8
44511,97,99,-2,2
44512,187,175,12,12
44513,62,55,7,7
44514,102,105,-3,3
44515,62,65,-3,3
44516,48,47,1,1
44517,108,114,-6,6
44518,68,61,7,7
44519,112,116,-4,4
44520,154,142,12,12
44521,76,76,0,0
44522,110,114,-4,4
44523,89,88,1,1
44524,128,121,7,7
44525,61,60,1,1
44526,60,65,-5,5
44527,143,141,2,2
44528,107,106,1,1
44529,76,65,11,11
44530,79,87,-8,8
44531,65,59,6,6
44532,104,108,-4,4
44533,145,147,-2,2
44534,86,67,19,19
44535,83,79,4,4
44536,88,103,-15,15
44537,178,168,10,10
44538,116,121,-5,5
44539,105,121,-16,16
44540,72,74,-2,2
44541,77,75,2,2
44542,56,56,0,0
44543,109,94,15,15
44544,45,48,-3,3
44545,106,96,10,10
44546,42,39,3,3
44547,118,119,-1,1
44548,102,98,4,4
44549,47,64,-17,17
44550,70,73,-3,3
44551,103,108,-5,5
44552,123,129,-6,6
44553,170,171,-1,1
44554,124,126,-2,2
44555,98,103,-5,5
44556,57,64,-7,7
44557,122,135,-13,13
44558,59,56,3,3
44559,107,100,7,7
44560,73,68,5,5
44561,65,63,2,2
44562,53,59,-6,6
44563,152,143,9,9
44564,81,94,-13,13
44565,87,82,5,5
44566,77,71,6,6
44567,129,132,-3,3
44568,165,160,5,5
44569,111,115,-4,4
44570,108,112,-4,4
44571,67,66,1,1
44572,78,69,9,9
44573,105,97,8,8
44574,72,70,2,2
44575,75,84,-9,9
44576,85,80,5,5
44577,57,55,2,2
44578,115,124,-9,9
44579,74,69,5,5
44580,170,168,2,2
44581,90,95,-5,5
44582,85,80,5,5
44583,65,66,-1,1
44584,45,42,3,3
44585,160,143,17,17
44586,160,162,-2,2
44587,99,101,-2,2
44588,62,79,-17,17
44589,121,123,-2,2
44590,129,124,5,5
44591,98,106,-8,8
44592,104,92,12,12
44593,69,63,6,6
44594,75,69,6,6
44595,95,92,3,3
44596,118,116,2,2
44597,94,137,-43,43
44598,100,102,-2,2
44599,129,123,6,6
44600,118,104,14,14
44601,57,168,-111,111
44602,68,64,4,4
44603,123,126,-3,3
44604,93,82,11,11
44605,53,62,-9,9
44606,92,91,1,1
44607,78,79,-1,1
44608,175,150,25,25
44609,115,127,-12,12
44610,70,67,3,3
44611,161,143,18,18
44612,61,60,1,1
44613,64,57,7,7
44614,86,94,-8,8
44615,84,82,2,2
44616,152,104,48,48
44617,116,118,-2,2
44618,53,52,1,1
44619,57,61,-4,4
44620,68,71,-3,3
44621,178,172,6,6
44622,93,83,10,10
44623,120,119,1,1
44624,136,146,-10,10
44625,39,44,-5,5
44626,102,97,5,5
44627,167,171,-4,4
44628,65,66,-1,1
44629,50,57,-7,7
44630,80,70,10,10
44631,126,124,2,2
44632,67,62,5,5
44633,59,61,-2,2
44634,116,111,5,5
44635,95,89,6,6
44636,57,55,2,2
44637,75,84,-9,9
44638,99,97,2,2
44639,94,91,3,3
44640,65,63,2,2
44641,90,91,-1,1
44642,126,115,11,11
44643,86,94,-8,8
44644,103,107,-4,4
44645,92,99,-7,7
44646,120,117,3,3
44647,86,79,7,7
44648,19,31,-12,12
44649,138,130,8,8
44650,86,91,-5,5
44651,126,122,4,4
44652,103,96,7,7
44653,89,83,6,6
44654,71,67,4,4
44655,63,67,-4,4
44656,76,74,2,2
44657,154,149,5,5
44658,64,61,3,3
44659,73,65,8,8
44660,61,59,2,2
44661,57,66,-9,9
44662,142,142,0,0
44663,193,187,6,6
44664,58,76,-18,18
44665,89,94,-5,5
44666,88,85,3,3
44667,121,116,5,5
44668,110,98,12,12
44669,116,113,3,3
44670,100,93,7,7
44671,62,69,-7,7
44672,100,104,-4,4
44673,146,126,20,20
44674,33,45,-12,12
44675,105,107,-2,2
44676,93,91,2,2
44677,48,55,-7,7
44678,74,75,-1,1
44679,55,45,10,10
44680,77,68,9,9
44681,83,88,-5,5
44682,162,154,8,8
44683,59,64,-5,5
44684,196,190,6,6
44685,95,87,8,8
44686,64,67,-3,3
44687,107,118,-11,11
44688,163,149,14,14
44689,78,73,5,5
44690,66,77,-11,11
44691,62,71,-9,9
44692,109,96,13,13
44693,77,76,1,1
44694,125,122,3,3
44695,103,93,10,10
44696,81,75,6,6
44697,50,48,2,2
44698,116,131,-15,15
44699,70,84,-14,14
44700,68,65,3,3
44701,96,84,12,12
44702,155,135,20,20
44703,128,135,-7,7
44704,75,75,0,0
44705,116,106,10,10
44706,88,86,2,2
44707,100,87,13,13
44708,73,71,2,2
44709,140,139,1,1
44710,106,105,1,1
44711,87,93,-6,6
44712,78,82,-4,4
44713,92,92,0,0
44714,109,103,6,6
44715,69,72,-3,3
44716,174,171,3,3
44717,60,58,2,2
44718,61,57,4,4
44719,59,57,2,2
44720,124,118,6,6
44721,85,80,5,5
44722,136,109,27,27
44723,118,127,-9,9
44724,81,84,-3,3
44725,80,85,-5,5
44726,69,66,3,3
44727,60,63,-3,3
44728,63,55,8,8
44729,46,53,-7,7
44730,61,60,1,1
44731,65,77,-12,12
44732,104,116,-12,12
44733,144,133,11,11
44734,73,85,-12,12
44735,77,77,0,0
44736,96,94,2,2
44737,71,79,-8,8
44738,74,77,-3,3
44739,60,60,0,0
44740,80,81,-1,1
44741,74,77,-3,3
44742,168,155,13,13
44743,145,135,10,10
44744,86,90,-4,4
44745,137,134,3,3
44746,121,107,14,14
44747,91,81,10,10
44748,68,65,3,3
44749,78,69,9,9
44750,84,85,-1,1
44751,150,143,7,7
44752,103,84,19,19
44753,79,73,6,6
44754,63,67,-4,4
44755,70,64,6,6
44756,229,216,13,13
44757,130,145,-15,15
44758,81,83,-2,2
44759,112,102,10,10
44760,134,118,16,16
44761,82,84,-2,2
44762,152,203,-51,51
44763,90,93,-3,3
44764,105,119,-14,14
44765,138,138,0,0
44766,95,94,1,1
44767,86,74,12,12
44768,91,84,7,7
44769,58,75,-17,17
44770,130,119,11,11
44771,154,143,11,11
44772,69,68,1,1
44773,158,135,23,23
44774,136,130,6,6
44775,56,64,-8,8
44776,86,84,2,2
44777,49,50,-1,1
44778,138,134,4,4
44779,100,103,-3,3
44780,146,146,0,0
44781,56,58,-2,2
44782,79,80,-1,1
44783,53,63,-10,10
44784,59,72,-13,13
44785,64,59,5,5
44786,108,101,7,7
44787,66,79,-13,13
44788,117,120,-3,3
44789,60,55,5,5
44790,51,51,0,0
44791,104,104,0,0
44792,92,116,-24,24
44793,87,74,13,13
44794,84,122,-38,38
44795,155,158,-3,3
44796,100,119,-19,19
44797,43,50,-7,7
44798,72,65,7,7
44799,124,142,-18,18
44800,116,139,-23,23
44801,159,143,16,16
44802,91,98,-7,7
44803,71,73,-2,2
44804,158,152,6,6
44805,71,69,2,2
44806,102,94,8,8
44807,117,118,-1,1
44808,94,88,6,6
44809,79,96,-17,17
44810,51,59,-8,8
44811,63,59,4,4
44812,55,61,-6,6
44813,152,128,24,24
44814,78,57,21,21
44815,54,56,-2,2
44816,80,78,2,2
44817,59,48,11,11
44818,84,87,-3,3
44819,110,102,8,8
44820,124,115,9,9
44821,92,87,5,5
44822,126,132,-6,6
44823,130,124,6,6
44824,89,90,-1,1
44825,109,110,-1,1
44826,87,99,-12,12
44827,75,61,14,14
44828,225,217,8,8
44829,182,186,-4,4
44830,82,80,2,2
44831,54,58,-4,4
44832,187,166,21,21
44833,128,136,-8,8
44834,87,75,12,12
44835,92,80,12,12
44836,58,66,-8,8
44837,63,64,-1,1
44838,100,85,15,15
44839,102,109,-7,7
44840,46,56,-10,10
44841,89,99,-10,10
44842,61,57,4,4
44843,134,132,2,2
44844,69,62,7,7
44845,118,115,3,3
44846,153,148,5,5
44847,115,114,1,1
44848,88,82,6,6
44849,91,90,1,1
44850,51,51,0,0
44851,68,81,-13,13
44852,155,148,7,7
44853,52,53,-1,1
44854,71,67,4,4
44855,100,92,8,8
44856,81,75,6,6
44857,168,165,3,3
44858,80,74,6,6
44859,83,77,6,6
44860,90,92,-2,2
44861,99,90,9,9
44862,45,43,2,2
44863,110,100,10,10
44864,118,93,25,25
44865,98,90,8,8
44866,162,149,13,13
44867,54,59,-5,5
44868,80,79,1,1
44869,91,82,9,9
44870,81,68,13,13
44871,89,85,4,4
44872,58,49,9,9
44873,194,198,-4,4
44874,78,87,-9,9
44875,63,53,10,10
44876,61,61,0,0
44877,98,90,8,8
44878,95,91,4,4
44879,97,89,8,8
44880,96,109,-13,13
44881,89,82,7,7
44882,154,143,11,11
44883,51,60,-9,9
44884,117,102,15,15
44885,42,61,-19,19
44886,92,88,4,4
44887,91,91,0,0
44888,162,174,-12,12
44889,75,72,3,3
44890,104,104,0,0
44891,117,122,-5,5
44892,74,86,-12,12
44893,52,48,4,4
44894,77,73,4,4
44895,83,82,1,1
44896,71,70,1,1
44897,57,60,-3,3
44898,62,59,3,3
44899,114,110,4,4
44900,58,61,-3,3
44901,120,126,-6,6
44902,74,72,2,2
44903,95,88,7,7
44904,63,69,-6,6
44905,84,95,-11,11
44906,57,63,-6,6
44907,70,72,-2,2
44908,71,76,-5,5
44909,71,60,11,11
44910,140,122,18,18
44911,116,117,-1,1
44912,62,65,-3,3
44913,96,101,-5,5
44914,73,71,2,2
44915,79,72,7,7
44916,97,81,16,16
44917,80,65,15,15
44918,76,78,-2,2
44919,67,62,5,5
44920,176,176,0,0
44921,71,80,-9,9
44922,89,78,11,11
44923,75,65,10,10
44924,142,130,12,12
44925,96,92,4,4
44926,70,74,-4,4
44927,134,131,3,3
44928,123,124,-1,1
44929,71,79,-8,8
44930,45,59,-14,14
44931,102,96,6,6
44932,130,129,1,1
44933,134,131,3,3
44934,71,84,-13,13
44935,111,134,-23,23
44936,134,124,10,10
44937,131,112,19,19
44938,136,165,-29,29
44939,116,110,6,6
44940,156,148,8,8
44941,139,128,11,11
44942,102,103,-1,1
44943,69,77,-8,8
44944,81,77,4,4
44945,109,118,-9,9
44946,94,101,-7,7
44947,77,64,13,13
44948,173,188,-15,15
44949,70,71,-1,1
44950,77,77,0,0
44951,95,86,9,9
44952,96,91,5,5
44953,90,92,-2,2
44954,47,61,-14,14
44955,116,122,-6,6
44956,84,68,16,16
44957,62,69,-7,7
44958,128,137,-9,9
44959,83,83,0,0
44960,90,94,-4,4
44961,86,89,-3,3
44962,113,113,0,0
44963,153,141,12,12
44964,90,92,-2,2
44965,96,95,1,1
44966,76,84,-8,8
44967,73,79,-6,6
44968,98,94,4,4
44969,23,54,-31,31
44970,57,59,-2,2
44971,65,81,-16,16
44972,107,108,-1,1
44973,140,135,5,5
44974,112,103,9,9
44975,149,166,-17,17
44976,100,79,21,21
44977,100,95,5,5
44978,64,59,5,5
44979,89,88,1,1
44980,154,154,0,0
44981,53,61,-8,8
44982,45,51,-6,6
44983,61,60,1,1
44984,108,97,11,11
44985,88,85,3,3
44986,109,109,0,0
44987,143,120,23,23
44988,91,107,-16,16
44989,102,102,0,0
44990,61,70,-9,9
44991,85,87,-2,2
44992,121,101,20,20
44993,65,59,6,6
44994,56,49,7,7
44995,103,101,2,2
44996,111,96,15,15
44997,102,98,4,4
44998,99,79,20,20
44999,97,120,-23,23
45000,79,76,3,3
45001,139,132,7,7
45002,107,94,13,13
45003,166,174,-8,8
45004,51,59,-8,8
45005,75,65,10,10
45006,113,108,5,5
45007,69,77,-8,8
45008,129,130,-1,1
45009,197,192,5,5
45010,104,99,5,5
45011,99,94,5,5
45012,86,77,9,9
45013,95,88,7,7
45014,138,122,16,16
45015,78,77,1,1
45016,47,84,-37,37
45017,56,57,-1,1
45018,62,61,1,1
45019,64,63,1,1
45020,105,86,19,19
45021,104,99,5,5
45022,140,134,6,6
45023,84,71,13,13
45024,126,133,-7,7
45025,82,81,1,1
45026,75,75,0,0
45027,92,93,-1,1
45028,77,75,2,2
45029,100,93,7,7
45030,140,142,-2,2
45031,67,60,7,7
45032,117,122,-5,5
45033,54,58,-4,4
45034,81,81,0,0
45035,130,128,2,2
45036,100,91,9,9
45037,86,81,5,5
45038,57,59,-2,2
45039,115,101,14,14
45040,147,150,-3,3
45041,86,84,2,2
45042,39,49,-10,10
45043,79,73,6,6
45044,89,84,5,5
45045,70,60,10,10
45046,73,72,1,1
45047,113,106,7,7
45048,99,96,3,3
45049,78,76,2,2
45050,132,136,-4,4
45051,79,83,-4,4
45052,143,144,-1,1
45053,57,56,1,1
45054,49,52,-3,3
45055,85,74,11,11
45056,49,77,-28,28
45057,96,83,13,13
45058,87,85,2,2
45059,151,113,38,38
45060,147,147,0,0
45061,94,93,1,1
45062,91,92,-1,1
45063,56,50,6,6
45064,123,137,-14,14
45065,188,171,17,17
45066,55,55,0,0
45067,117,105,12,12
45068,106,102,4,4
45069,109,122,-13,13
45070,61,55,6,6
45071,46,60,-14,14
45072,62,63,-1,1
45073,102,92,10,10
45074,62,59,3,3
45075,85,82,3,3
45076,89,80,9,9
45077,96,98,-2,2
45078,132,132,0,0
45079,94,91,3,3
45080,118,107,11,11
45081,73,73,0,0
45082,69,80,-11,11
45083,57,64,-7,7
45084,86,90,-4,4
45085,130,117,13,13
45086,144,137,7,7
45087,67,71,-4,4
45088,64,104,-40,40
45089,85,75,10,10
45090,104,113,-9,9
45091,109,90,19,19
45092,110,103,7,7
45093,129,114,15,15
45094,97,88,9,9
45095,85,86,-1,1
45096,104,89,15,15
45097,77,79,-2,2
45098,81,87,-6,6
45099,97,89,8,8
45100,130,148,-18,18
45101,67,60,7,7
45102,55,51,4,4
45103,92,82,10,10
45104,83,89,-6,6
45105,135,142,-7,7
45106,69,60,9,9
45107,109,114,-5,5
45108,98,82,16,16
45109,95,82,13,13
45110,121,119,2,2
45111,80,67,13,13
45112,79,82,-3,3
45113,123,129,-6,6
45114,117,105,12,12
45115,59,59,0,0
45116,89,83,6,6
45117,82,77,5,5
45118,117,112,5,5
45119,69,73,-4,4
45120,123,115,8,8
45121,57,71,-14,14
45122,87,74,13,13
45123,105,109,-4,4
45124,108,111,-3,3
45125,76,74,2,2
45126,74,102,-28,28
45127,84,71,13,13
45128,96,97,-1,1
45129,78,75,3,3
45130,76,82,-6,6
45131,88,84,4,4
45132,89,94,-5,5
45133,90,93,-3,3
45134,60,56,4,4
45135,53,55,-2,2
45136,67,63,4,4
45137,89,78,11,11
45138,149,122,27,27
45139,95,95,0,0
45140,109,102,7,7
45141,169,177,-8,8
45142,78,64,14,14
45143,122,119,3,3
45144,48,66,-18,18
45145,108,120,-12,12
45146,90,87,3,3
45147,147,150,-3,3
45148,69,67,2,2
45149,112,102,10,10
45150,158,150,8,8
45151,123,132,-9,9
45152,42,52,-10,10
45153,135,119,16,16
45154,148,135,13,13
45155,109,108,1,1
45156,73,70,3,3
45157,88,86,2,2
45158,90,81,9,9
45159,55,57,-2,2
45160,83,89,-6,6
45161,54,47,7,7
45162,85,88,-3,3
45163,75,69,6,6
45164,121,119,2,2
45165,65,59,6,6
45166,77,63,14,14
45167,102,94,8,8
45168,104,102,2,2
45169,67,58,9,9
45170,134,126,8,8
45171,107,94,13,13
45172,87,85,2,2
45173,168,161,7,7
45174,145,148,-3,3
45175,127,132,-5,5
45176,168,160,8,8
45177,113,107,6,6
45178,64,68,-4,4
45179,64,57,7,7
45180,83,77,6,6
45181,83,79,4,4
45182,125,115,10,10
45183,61,59,2,2
45184,40,52,-12,12
45185,57,54,3,3
45186,153,138,15,15
45187,101,100,1,1
45188,83,81,2,2
45189,89,98,-9,9
45190,111,107,4,4
45191,77,76,1,1
45192,127,119,8,8
45193,128,110,18,18
45194,146,136,10,10
45195,49,52,-3,3
45196,49,61,-12,12
45197,57,64,-7,7
45198,89,85,4,4
45199,88,95,-7,7
45200,153,157,-4,4
45201,71,70,1,1
45202,135,142,-7,7
45203,109,95,14,14
45204,73,67,6,6
45205,185,169,16,16
45206,69,61,8,8
45207,109,111,-2,2
45208,74,75,-1,1
45209,181,164,17,17
45210,96,102,-6,6
45211,93,104,-11,11
45212,60,56,4,4
45213,104,109,-5,5
45214,67,50,17,17
45215,89,103,-14,14
45216,128,115,13,13
45217,100,95,5,5
45218,96,89,7,7
45219,90,80,10,10
45220,68,62,6,6
45221,126,117,9,9
45222,54,62,-8,8
45223,106,106,0,0
45224,63,56,7,7
45225,113,96,17,17
45226,45,60,-15,15
45227,98,94,4,4
45228,156,142,14,14
45229,52,52,0,0
45230,134,122,12,12
45231,74,72,2,2
45232,102,109,-7,7
45233,100,98,2,2
45234,62,60,2,2
45235,82,79,3,3
45236,105,90,15,15
45237,69,77,-8,8
45238,124,120,4,4
45239,118,113,5,5
45240,82,79,3,3
45241,63,69,-6,6
45242,70,70,0,0
45243,68,67,1,1
45244,121,112,9,9
45245,73,53,20,20
45246,51,49,2,2
45247,81,73,8,8
45248,146,134,12,12
45249,88,83,5,5
45250,101,93,8,8
45251,126,134,-8,8
45252,119,118,1,1
45253,113,118,-5,5
45254,172,151,21,21
45255,81,70,11,11
45256,90,92,-2,2
45257,110,104,6,6
45258,134,136,-2,2
45259,37,57,-20,20
45260,62,70,-8,8
45261,65,68,-3,3
45262,52,50,2,2
45263,76,81,-5,5
45264,116,115,1,1
45265,98,127,-29,29
45266,61,63,-2,2
45267,84,86,-2,2
45268,153,142,11,11
45269,72,69,3,3
45270,77,82,-5,5
45271,86,87,-1,1
45272,99,109,-10,10
45273,124,118,6,6
45274,66,66,0,0
45275,76,70,6,6
45276,67,48,19,19
45277,133,121,12,12
45278,91,92,-1,1
45279,71,81,-10,10
45280,207,203,4,4
45281,65,62,3,3
45282,97,96,1,1
45283,131,133,-2,2
45284,120,112,8,8
45285,59,60,-1,1
45286,124,103,21,21
45287,74,71,3,3
45288,101,96,5,5
45289,85,83,2,2
45290,85,85,0,0
45291,137,124,13,13
45292,76,69,7,7
45293,136,143,-7,7
45294,139,142,-3,3
45295,49,56,-7,7
45296,136,133,3,3
45297,75,66,9,9
45298,109,106,3,3
45299,53,52,1,1
45300,110,113,-3,3
45301,59,63,-4,4
45302,119,120,-1,1
45303,86,83,3,3
45304,139,128,11,11
45305,132,141,-9,9
45306,191,190,1,1
45307,87,79,8,8
45308,90,89,1,1
45309,122,123,-1,1
45310,73,60,13,13
45311,122,110,12,12
45312,93,96,-3,3
45313,46,51,-5,5
45314,84,90,-6,6
45315,103,86,17,17
45316,39,39,0,0
45317,96,99,-3,3
45318,72,68,4,4
45319,146,134,12,12
45320,80,86,-6,6
45321,68,90,-22,22
45322,49,51,-2,2
45323,110,105,5,5
45324,117,112,5,5
45325,121,101,20,20
45326,55,68,-13,13
45327,149,156,-7,7
45328,78,76,2,2
45329,60,66,-6,6
45330,161,156,5,5
45331,95,99,-4,4
45332,75,65,10,10
45333,92,96,-4,4
45334,112,122,-10,10
45335,67,68,-1,1
45336,91,85,6,6
45337,109,108,1,1
45338,177,170,7,7
45339,105,113,-8,8
45340,82,76,6,6
45341,89,74,15,15
45342,109,97,12,12
45343,67,80,-13,13
45344,117,126,-9,9
45345,96,93,3,3
45346,49,56,-7,7
45347,110,103,7,7
45348,57,55,2,2
45349,118,84,34,34
45350,120,118,2,2
45351,77,85,-8,8
45352,107,95,12,12
45353,60,68,-8,8
45354,70,64,6,6
45355,115,115,0,0
45356,70,66,4,4
45357,70,66,4,4
45358,96,124,-28,28
45359,72,80,-8,8
45360,72,65,7,7
45361,67,63,4,4
45362,170,156,14,14
45363,57,53,4,4
45364,67,60,7,7
45365,85,90,-5,5
45366,95,109,-14,14
45367,119,134,-15,15
45368,84,74,10,10
45369,65,84,-19,19
45370,225,227,-2,2
45371,97,97,0,0
45372,81,79,2,2
45373,104,98,6,6
45374,23,44,-21,21
45375,75,74,1,1
45376,115,109,6,6
45377,111,94,17,17
45378,60,56,4,4
45379,72,68,4,4
45380,100,100,0,0
45381,85,75,10,10
45382,60,60,0,0
45383,55,60,-5,5
45384,120,126,-6,6
45385,121,127,-6,6
45386,79,66,13,13
45387,89,85,4,4
45388,127,112,15,15
45389,86,79,7,7
45390,58,61,-3,3
45391,99,87,12,12
45392,126,128,-2,2
45393,53,48,5,5
45394,55,69,-14,14
45395,107,111,-4,4
45396,67,58,9,9
45397,83,93,-10,10
45398,81,82,-1,1
45399,92,90,2,2
45400,109,99,10,10
45401,148,156,-8,8
45402,115,119,-4,4
45403,124,118,6,6
45404,103,104,-1,1
45405,122,125,-3,3
45406,104,106,-2,2
45407,58,50,8,8
45408,68,61,7,7
45409,83,89,-6,6
45410,51,63,-12,12
45411,84,78,6,6
45412,129,133,-4,4
45413,64,69,-5,5
45414,150,139,11,11
45415,48,55,-7,7
45416,67,55,12,12
45417,72,67,5,5
45418,101,89,12,12
45419,68,66,2,2
45420,135,109,26,26
45421,98,102,-4,4
45422,73,73,0,0
45423,93,100,-7,7
45424,161,165,-4,4
45425,58,55,3,3
45426,125,124,1,1
45427,91,90,1,1
45428,82,78,4,4
45429,82,87,-5,5
45430,89,109,-20,20
45431,45,50,-5,5
45432,56,87,-31,31
45433,152,182,-30,30
45434,110,100,10,10
45435,81,75,6,6
45436,43,38,5,5
45437,154,160,-6,6
45438,82,73,9,9
45439,104,112,-8,8
45440,78,82,-4,4
45441,130,116,14,14
45442,66,78,-12,12
45443,86,86,0,0
45444,98,102,-4,4
45445,106,106,0,0
45446,78,83,-5,5
45447,89,80,9,9
45448,84,85,-1,1
45449,111,91,20,20
45450,73,68,5,5
45451,115,135,-20,20
45452,174,168,6,6
45453,87,81,6,6
45454,102,104,-2,2
45455,77,68,9,9
45456,37,42,-5,5
45457,131,135,-4,4
45458,104,101,3,3
45459,109,149,-40,40
45460,89,82,7,7
45461,108,102,6,6
45462,158,147,11,11
45463,69,63,6,6
45464,89,77,12,12
45465,42,45,-3,3
45466,97,78,19,19
45467,70,75,-5,5
45468,116,113,3,3
45469,138,146,-8,8
45470,110,107,3,3
45471,105,92,13,13
45472,51,68,-17,17
45473,94,101,-7,7
45474,75,71,4,4
45475,129,139,-10,10
45476,88,79,9,9
45477,100,85,15,15
45478,79,71,8,8
45479,176,170,6,6
45480,86,79,7,7
45481,88,88,0,0
45482,105,114,-9,9
45483,140,128,12,12
45484,72,72,0,0
45485,111,120,-9,9
45486,105,99,6,6
45487,191,180,11,11
45488,120,124,-4,4
45489,99,102,-3,3
45490,45,49,-4,4
45491,94,95,-1,1
45492,80,84,-4,4
45493,85,85,0,0
45494,74,62,12,12
45495,78,75,3,3
45496,131,117,14,14
45497,95,99,-4,4
45498,59,58,1,1
45499,72,59,13,13
45500,108,103,5,5
45501,71,74,-3,3
45502,74,67,7,7
45503,134,144,-10,10
45504,101,95,6,6
45505,68,61,7,7
45506,127,111,16,16
45507,195,173,22,22
45508,73,71,2,2
45509,77,73,4,4
45510,79,71,8,8
45511,59,55,4,4
45512,115,102,13,13
45513,79,72,7,7
45514,91,85,6,6
45515,82,72,10,10
45516,72,67,5,5
45517,63,67,-4,4
45518,89,93,-4,4
45519,69,73,-4,4
45520,62,93,-31,31
45521,45,51,-6,6
45522,87,90,-3,3
45523,75,81,-6,6
45524,105,112,-7,7
45525,93,102,-9,9
45526,104,106,-2,2
45527,86,86,0,0
45528,159,155,4,4
45529,93,82,11,11
45530,112,119,-7,7
45531,120,118,2,2
45532,62,57,5,5
45533,108,107,1,1
45534,124,124,0,0
45535,167,154,13,13
45536,163,164,-1,1
45537,113,108,5,5
45538,98,91,7,7
45539,64,68,-4,4
45540,120,110,10,10
45541,52,43,9,9
45542,42,46,-4,4
45543,131,140,-9,9
45544,95,77,18,18
45545,85,84,1,1
45546,71,63,8,8
45547,116,112,4,4
45548,91,75,16,16
45549,94,94,0,0
45550,52,59,-7,7
45551,84,99,-15,15
45552,61,50,11,11
45553,101,107,-6,6
45554,97,101,-4,4
45555,96,105,-9,9
45556,141,152,-11,11
45557,124,124,0,0
45558,72,68,4,4
45559,79,130,-51,51
45560,155,156,-1,1
45561,112,127,-15,15
45562,63,64,-1,1
45563,73,80,-7,7
45564,67,72,-5,5
45565,61,64,-3,3
45566,114,108,6,6
45567,33,40,-7,7
45568,64,58,6,6
45569,79,72,7,7
45570,149,164,-15,15
45571,97,96,1,1
45572,84,79,5,5
45573,134,140,-6,6
45574,85,93,-8,8
45575,123,112,11,11
45576,97,94,3,3
45577,69,67,2,2
45578,116,101,15,15
45579,92,78,14,14
45580,125,126,-1,1
45581,103,90,13,13
45582,99,83,16,16
45583,154,164,-10,10
45584,102,95,7,7
45585,53,56,-3,3
45586,104,110,-6,6
45587,218,186,32,32
45588,57,54,3,3
45589,154,163,-9,9
45590,141,154,-13,13
45591,113,125,-12,12
45592,69,69,0,0
45593,87,100,-13,13
45594,126,125,1,1
45595,99,105,-6,6
45596,85,87,-2,2
45597,78,75,3,3
45598,85,67,18,18
45599,77,70,7,7
45600,97,84,13,13
45601,67,76,-9,9
45602,114,112,2,2
45603,130,137,-7,7
45604,127,104,23,23
45605,66,54,12,12
45606,74,81,-7,7
45607,117,113,4,4
45608,57,48,9,9
45609,169,161,8,8
45610,79,75,4,4
45611,122,136,-14,14
45612,117,126,-9,9
45613,82,80,2,2
45614,119,123,-4,4
45615,105,101,4,4
45616,121,107,14,14
45617,107,108,-1,1
45618,63,59,4,4
45619,76,75,1,1
45620,141,124,17,17
45621,76,71,5,5
45622,189,147,42,42
45623,78,77,1,1
45624,105,119,-14,14
45625,69,65,4,4
45626,95,107,-12,12
45627,55,56,-1,1
45628,85,72,13,13
45629,62,62,0,0
45630,72,79,-7,7
45631,91,83,8,8
45632,78,83,-5,5
45633,69,70,-1,1
45634,58,58,0,0
45635,104,99,5,5
45636,90,94,-4,4
45637,45,55,-10,10
45638,109,101,8,8
45639,174,182,-8,8
45640,102,115,-13,13
45641,72,82,-10,10
45642,93,90,3,3
45643,88,116,-28,28
45644,147,142,5,5
45645,116,111,5,5
45646,71,89,-18,18
45647,59,59,0,0
45648,110,104,6,6
45649,112,104,8,8
45650,67,55,12,12
45651,63,65,-2,2
45652,99,82,17,17
45653,71,75,-4,4
45654,61,64,-3,3
45655,145,177,-32,32
45656,59,55,4,4
45657,91,96,-5,5
45658,97,99,-2,2
45659,67,71,-4,4
45660,75,66,9,9
45661,107,92,15,15
45662,47,63,-16,16
45663,111,111,0,0
45664,122,114,8,8
45665,145,137,8,8
45666,133,112,21,21
45667,90,83,7,7
45668,153,153,0,0
45669,83,67,16,16
45670,44,52,-8,8
45671,64,67,-3,3
45672,74,73,1,1
45673,98,99,-1,1
45674,117,74,43,43
45675,83,88,-5,5
45676,52,58,-6,6
45677,74,68,6,6
45678,128,124,4,4
45679,75,73,2,2
45680,71,63,8,8
45681,72,65,7,7
45682,80,77,3,3
45683,98,86,12,12
45684,138,138,0,0
45685,161,156,5,5
45686,152,148,4,4
45687,117,117,0,0
45688,96,105,-9,9
45689,76,73,3,3
45690,150,152,-2,2
45691,71,72,-1,1
45692,127,131,-4,4
45693,93,92,1,1
45694,116,114,2,2
45695,128,128,0,0
45696,47,56,-9,9
45697,53,56,-3,3
45698,173,175,-2,2
45699,84,94,-10,10
45700,74,62,12,12
45701,40,41,-1,1
45702,125,101,24,24
45703,100,119,-19,19
45704,62,59,3,3
45705,120,114,6,6
45706,163,144,19,19
45707,111,113,-2,2
45708,62,64,-2,2
45709,104,115,-11,11
45710,96,89,7,7
45711,71,59,12,12
45712,94,92,2,2
45713,109,108,1,1
45714,46,41,5,5
45715,94,91,3,3
45716,52,51,1,1
45717,88,87,1,1
45718,68,69,-1,1
45719,193,213,-20,20
45720,137,127,10,10
45721,109,111,-2,2
45722,97,98,-1,1
45723,114,100,14,14
45724,90,85,5,5
45725,57,59,-2,2
45726,119,111,8,8
45727,157,156,1,1
45728,86,72,14,14
45729,108,110,-2,2
45730,82,84,-2,2
45731,111,100,11,11
45732,110,109,1,1
45733,108,83,25,25
45734,92,77,15,15
45735,38,41,-3,3
45736,92,90,2,2
45737,92,87,5,5
45738,68,59,9,9
45739,74,80,-6,6
45740,83,80,3,3
45741,106,80,26,26
45742,86,90,-4,4
45743,78,65,13,13
45744,155,163,-8,8
45745,116,115,1,1
45746,129,81,48,48
45747,99,93,6,6
45748,114,103,11,11
45749,103,90,13,13
45750,82,64,18,18
45751,50,50,0,0
45752,86,75,11,11
45753,82,78,4,4
45754,82,92,-10,10
45755,50,48,2,2
45756,88,69,19,19
45757,86,80,6,6
45758,103,94,9,9
45759,60,64,-4,4
45760,68,59,9,9
45761,86,70,16,16
45762,85,77,8,8
45763,80,71,9,9
45764,58,57,1,1
45765,63,77,-14,14
45766,117,110,7,7
45767,97,105,-8,8
45768,59,67,-8,8
45769,66,63,3,3
45770,121,116,5,5
45771,77,67,10,10
45772,47,46,1,1
45773,61,61,0,0
45774,128,124,4,4
45775,225,210,15,15
45776,145,138,7,7
45777,125,122,3,3
45778,40,58,-18,18
45779,94,82,12,12
45780,103,106,-3,3
45781,137,131,6,6
45782,151,145,6,6
45783,98,101,-3,3
45784,115,114,1,1
45785,77,67,10,10
45786,75,101,-26,26
45787,75,80,-5,5
45788,117,115,2,2
45789,133,139,-6,6
45790,89,90,-1,1
45791,92,94,-2,2
45792,66,64,2,2
45793,26,39,-13,13
45794,135,125,10,10
45795,82,88,-6,6
45796,44,45,-1,1
45797,79,57,22,22
45798,135,140,-5,5
45799,122,133,-11,11
45800,177,176,1,1
45801,93,79,14,14
45802,54,46,8,8
45803,104,116,-12,12
45804,69,65,4,4
45805,64,69,-5,5
45806,113,120,-7,7
45807,69,64,5,5
45808,127,135,-8,8
45809,115,114,1,1
45810,75,67,8,8
45811,81,77,4,4
45812,35,36,-1,1
45813,120,123,-3,3
45814,86,88,-2,2
45815,111,103,8,8
45816,149,133,16,16
45817,86,83,3,3
45818,122,123,-1,1
45819,80,79,1,1
45820,91,84,7,7
45821,106,101,5,5
45822,30,45,-15,15
45823,84,79,5,5
45824,159,126,33,33
45825,76,77,-1,1
45826,73,74,-1,1
45827,78,72,6,6
45828,271,247,24,24
45829,138,142,-4,4
45830,72,72,0,0
45831,77,80,-3,3
45832,94,97,-3,3
45833,101,101,0,0
45834,72,68,4,4
45835,101,110,-9,9
45836,120,118,2,2
45837,159,155,4,4
45838,78,73,5,5
45839,78,80,-2,2
45840,106,98,8,8
45841,87,95,-8,8
45842,62,59,3,3
45843,106,110,-4,4
45844,127,138,-11,11
45845,101,96,5,5
45846,56,58,-2,2
45847,41,56,-15,15
45848,83,79,4,4
45849,128,132,-4,4
45850,86,79,7,7
45851,82,84,-2,2
45852,104,102,2,2
45853,116,139,-23,23
45854,115,88,27,27
45855,81,74,7,7
45856,82,92,-10,10
45857,88,82,6,6
45858,115,115,0,0
45859,170,172,-2,2
45860,110,112,-2,2
45861,228,202,26,26
45862,161,152,9,9
45863,72,72,0,0
45864,171,158,13,13
45865,117,114,3,3
45866,116,117,-1,1
45867,60,54,6,6
45868,113,119,-6,6
45869,121,113,8,8
45870,41,55,-14,14
45871,98,87,11,11
45872,83,80,3,3
45873,56,60,-4,4
45874,107,95,12,12
45875,90,89,1,1
45876,91,92,-1,1
45877,68,73,-5,5
45878,131,112,19,19
45879,95,83,12,12
45880,93,90,3,3
45881,99,92,7,7
45882,195,172,23,23
45883,124,112,12,12
45884,124,120,4,4
45885,44,68,-24,24
45886,63,57,6,6
45887,175,167,8,8
45888,127,115,12,12
45889,113,113,0,0
45890,118,92,26,26
45891,99,103,-4,4
45892,89,86,3,3
45893,64,71,-7,7
45894,73,70,3,3
45895,104,87,17,17
45896,50,62,-12,12
45897,94,83,11,11
45898,115,115,0,0
45899,91,94,-3,3
45900,80,72,8,8
45901,81,81,0,0
45902,80,80,0,0
45903,100,93,7,7
45904,123,124,-1,1
45905,89,82,7,7
45906,71,67,4,4
45907,162,142,20,20
45908,152,135,17,17
45909,69,69,0,0
45910,81,86,-5,5
45911,71,71,0,0
45912,90,86,4,4
45913,104,98,6,6
45914,106,96,10,10
45915,66,71,-5,5
45916,66,62,4,4
45917,79,91,-12,12
45918,45,45,0,0
45919,89,78,11,11
45920,105,87,18,18
45921,59,54,5,5
45922,103,90,13,13
45923,116,111,5,5
45924,93,88,5,5
45925,116,130,-14,14
45926,133,124,9,9
45927,86,79,7,7
45928,86,70,16,16
45929,65,96,-31,31
45930,139,129,10,10
45931,117,123,-6,6
45932,67,61,6,6
45933,119,103,16,16
45934,81,99,-18,18
45935,127,118,9,9
45936,142,131,11,11
45937,87,84,3,3
45938,70,67,3,3
45939,79,77,2,2
45940,119,121,-2,2
45941,73,63,10,10
45942,72,54,18,18
45943,87,92,-5,5
45944,108,100,8,8
45945,120,120,0,0
45946,82,76,6,6
45947,97,102,-5,5
45948,73,74,-1,1
45949,69,68,1,1
45950,96,97,-1,1
45951,44,48,-4,4
45952,104,97,7,7
45953,68,75,-7,7
45954,108,78,30,30
45955,81,83,-2,2
45956,124,119,5,5
45957,91,81,10,10
45958,116,132,-16,16
45959,41,47,-6,6
45960,93,91,2,2
45961,100,104,-4,4
45962,70,83,-13,13
45963,82,79,3,3
45964,124,117,7,7
45965,168,153,15,15
45966,81,76,5,5
45967,124,133,-9,9
45968,74,73,1,1
45969,191,183,8,8
45970,99,110,-11,11
45971,72,73,-1,1
45972,92,95,-3,3
45973,122,121,1,1
45974,104,103,1,1
45975,93,88,5,5
45976,50,51,-1,1
45977,79,76,3,3
45978,86,80,6,6
45979,147,166,-19,19
45980,129,141,-12,12
45981,135,151,-16,16
45982,124,113,11,11
45983,91,90,1,1
45984,80,81,-1,1
45985,150,158,-8,8
45986,113,115,-2,2
45987,74,54,20,20
45988,165,152,13,13
45989,105,90,15,15
45990,49,52,-3,3
45991,96,102,-6,6
45992,115,105,10,10
45993,132,125,7,7
45994,111,98,13,13
45995,44,32,12,12
45996,98,86,12,12
45997,52,49,3,3
45998,78,82,-4,4
45999,71,76,-5,5
46000,30,30,0,0
46001,116,117,-1,1
46002,128,154,-26,26
46003,75,91,-16,16
46004,47,53,-6,6
46005,89,86,3,3
46006,88,76,12,12
46007,102,104,-2,2
46008,48,46,2,2
46009,59,57,2,2
46010,131,121,10,10
46011,71,67,4,4
46012,81,84,-3,3
46013,110,113,-3,3
46014,154,160,-6,6
46015,120,110,10,10
46016,155,138,17,17
46017,109,105,4,4
46018,71,80,-9,9
46019,81,93,-12,12
46020,58,58,0,0
46021,69,73,-4,4
46022,134,128,6,6
46023,99,105,-6,6
46024,71,70,1,1
46025,99,99,0,0
46026,76,74,2,2
46027,98,82,16,16
46028,68,65,3,3
46029,105,93,12,12
46030,109,98,11,11
46031,143,126,17,17
46032,112,107,5,5
46033,82,98,-16,16
46034,59,54,5,5
46035,170,160,10,10
46036,84,86,-2,2
46037,84,96,-12,12
46038,97,95,2,2
46039,241,206,35,35
46040,216,197,19,19
46041,121,119,2,2
46042,72,64,8,8
46043,61,63,-2,2
46044,76,78,-2,2
46045,140,147,-7,7
46046,101,96,5,5
46047,92,88,4,4
46048,65,57,8,8
46049,62,65,-3,3
46050,62,65,-3,3
46051,172,154,18,18
46052,82,76,6,6
46053,118,110,8,8
46054,99,91,8,8
46055,121,116,5,5
46056,108,103,5,5
46057,96,76,20,20
46058,145,153,-8,8
46059,111,127,-16,16
46060,46,42,4,4
46061,74,68,6,6
46062,96,91,5,5
46063,60,59,1,1
46064,110,138,-28,28
46065,78,76,2,2
46066,114,102,12,12
46067,154,170,-16,16
46068,165,155,10,10
46069,42,46,-4,4
46070,91,83,8,8
46071,100,103,-3,3
46072,110,86,24,24
46073,67,71,-4,4
46074,68,74,-6,6
46075,137,118,19,19
46076,87,86,1,1
46077,93,85,8,8
46078,86,85,1,1
46079,200,202,-2,2
46080,119,118,1,1
46081,176,165,11,11
46082,75,69,6,6
46083,125,94,31,31
46084,74,77,-3,3
46085,102,91,11,11
46086,53,56,-3,3
46087,107,105,2,2
46088,95,83,12,12
46089,120,122,-2,2
46090,88,84,4,4
46091,66,71,-5,5
46092,94,83,11,11
46093,137,147,-10,10
46094,67,86,-19,19
46095,83,82,1,1
46096,56,56,0,0
46097,139,126,13,13
46098,100,94,6,6
46099,78,85,-7,7
46100,103,100,3,3
46101,59,62,-3,3
46102,47,51,-4,4
46103,65,57,8,8
46104,112,104,8,8
46105,132,118,14,14
46106,82,84,-2,2
46107,118,114,4,4
46108,109,89,20,20
46109,91,88,3,3
46110,67,72,-5,5
46111,83,88,-5,5
46112,79,74,5,5
46113,26,45,-19,19
46114,44,55,-11,11
46115,71,74,-3,3
46116,86,81,5,5
46117,77,69,8,8
46118,53,50,3,3
46119,98,91,7,7
46120,144,127,17,17
46121,89,66,23,23
46122,67,63,4,4
46123,147,139,8,8
46124,127,129,-2,2
46125,85,78,7,7
46126,66,71,-5,5
46127,89,74,15,15
46128,89,88,1,1
46129,75,73,2,2
46130,72,67,5,5
46131,101,104,-3,3
46132,126,104,22,22
46133,62,58,4,4
46134,83,75,8,8
46135,151,153,-2,2
46136,102,83,19,19
46137,215,194,21,21
46138,149,142,7,7
46139,133,128,5,5
46140,90,84,6,6
46141,100,83,17,17
46142,57,48,9,9
46143,61,74,-13,13
46144,41,40,1,1
46145,137,125,12,12
46146,164,153,11,11
46147,242,221,21,21
46148,99,93,6,6
46149,51,51,0,0
46150,68,60,8,8
46151,78,68,10,10
46152,120,117,3,3
46153,87,84,3,3
46154,105,91,14,14
46155,112,105,7,7
46156,87,93,-6,6
46157,88,83,5,5
46158,71,63,8,8
46159,125,124,1,1
46160,73,78,-5,5
46161,108,107,1,1
46162,76,77,-1,1
46163,45,51,-6,6
46164,100,108,-8,8
46165,76,74,2,2
46166,158,157,1,1
46167,92,94,-2,2
46168,77,77,0,0
46169,44,43,1,1
46170,115,118,-3,3
46171,85,89,-4,4
46172,109,113,-4,4
46173,89,91,-2,2
46174,39,54,-15,15
46175,66,57,9,9
46176,62,70,-8,8
46177,89,93,-4,4
46178,130,128,2,2
46179,92,87,5,5
46180,138,122,16,16
46181,118,104,14,14
46182,219,221,-2,2
46183,104,107,-3,3
46184,94,96,-2,2
46185,100,87,13,13
46186,54,52,2,2
46187,153,133,20,20
46188,84,81,3,3
46189,91,94,-3,3
46190,46,44,2,2
46191,53,57,-4,4
46192,77,75,2,2
46193,80,70,10,10
46194,138,127,11,11
46195,80,71,9,9
46196,138,109,29,29
46197,141,134,7,7
46198,91,84,7,7
46199,176,168,8,8
46200,117,116,1,1
46201,69,73,-4,4
46202,108,113,-5,5
46203,101,95,6,6
46204,135,127,8,8
46205,115,118,-3,3
46206,102,102,0,0
46207,56,61,-5,5
46208,96,96,0,0
46209,69,68,1,1
46210,106,118,-12,12
46211,151,155,-4,4
46212,110,107,3,3
46213,112,71,41,41
46214,134,122,12,12
46215,65,61,4,4
46216,66,69,-3,3
46217,97,101,-4,4
46218,109,108,1,1
46219,141,132,9,9
46220,78,82,-4,4
46221,94,112,-18,18
46222,64,72,-8,8
46223,47,57,-10,10
46224,79,75,4,4
46225,104,108,-4,4
46226,39,45,-6,6
46227,62,75,-13,13
46228,123,124,-1,1
46229,144,113,31,31
46230,108,112,-4,4
46231,183,157,26,26
46232,85,75,10,10
46233,49,52,-3,3
46234,40,42,-2,2
46235,27,49,-22,22
46236,107,108,-1,1
46237,135,144,-9,9
46238,129,111,18,18
46239,77,75,2,2
46240,61,68,-7,7
46241,58,65,-7,7
46242,144,141,3,3
46243,53,45,8,8
46244,95,96,-1,1
46245,82,70,12,12
46246,73,73,0,0
46247,174,180,-6,6
46248,101,94,7,7
46249,100,130,-30,30
46250,81,70,11,11
46251,94,85,9,9
46252,76,76,0,0
46253,70,66,4,4
46254,100,97,3,3
46255,79,66,13,13
46256,83,74,9,9
46257,90,96,-6,6
46258,136,132,4,4
46259,61,75,-14,14
46260,106,107,-1,1
46261,90,86,4,4
46262,32,37,-5,5
46263,100,101,-1,1
46264,74,65,9,9
46265,62,63,-1,1
46266,101,90,11,11
46267,104,96,8,8
46268,94,89,5,5
46269,95,87,8,8
46270,134,133,1,1
46271,134,140,-6,6
46272,77,71,6,6
46273,80,90,-10,10
46274,90,86,4,4
46275,128,116,12,12
46276,108,120,-12,12
46277,64,65,-1,1
46278,44,60,-16,16
46279,115,116,-1,1
46280,49,58,-9,9
46281,64,76,-12,12
46282,64,59,5,5
46283,128,115,13,13
46284,69,67,2,2
46285,73,68,5,5
46286,38,38,0,0
46287,71,67,4,4
46288,94,93,1,1
46289,89,87,2,2
46290,63,66,-3,3
46291,116,107,9,9
46292,83,79,4,4
46293,38,58,-20,20
46294,57,59,-2,2
46295,84,83,1,1
46296,552,414,138,138
46297,75,76,-1,1
46298,70,75,-5,5
46299,90,103,-13,13
46300,181,194,-13,13
46301,109,102,7,7
46302,99,109,-10,10
46303,99,95,4,4
46304,73,70,3,3
46305,71,73,-2,2
46306,125,137,-12,12
46307,142,149,-7,7
46308,125,122,3,3
46309,99,98,1,1
46310,127,111,16,16
46311,134,108,26,26
46312,87,83,4,4
46313,99,102,-3,3
46314,116,114,2,2
46315,57,57,0,0
46316,160,151,9,9
46317,104,96,8,8
46318,106,107,-1,1
46319,82,83,-1,1
46320,149,132,17,17
46321,122,120,2,2
46322,46,51,-5,5
46323,44,54,-10,10
46324,47,54,-7,7
46325,46,64,-18,18
46326,103,108,-5,5
46327,118,122,-4,4
46328,62,59,3,3
46329,61,69,-8,8
46330,90,82,8,8
46331,87,80,7,7
46332,163,144,19,19
46333,108,106,2,2
46334,68,73,-5,5
46335,128,123,5,5
46336,132,152,-20,20
46337,48,63,-15,15
46338,66,62,4,4
46339,62,62,0,0
46340,77,85,-8,8
46341,47,58,-11,11
46342,124,119,5,5
46343,95,102,-7,7
46344,65,60,5,5
46345,70,73,-3,3
46346,133,131,2,2
46347,98,95,3,3
46348,138,150,-12,12
46349,93,97,-4,4
46350,136,125,11,11
46351,119,112,7,7
46352,102,103,-1,1
46353,106,119,-13,13
46354,75,79,-4,4
46355,58,53,5,5
46356,130,115,15,15
46357,85,84,1,1
46358,102,107,-5,5
46359,66,66,0,0
46360,83,96,-13,13
46361,85,84,1,1
46362,122,123,-1,1
46363,107,106,1,1
46364,68,67,1,1
46365,58,57,1,1
46366,87,85,2,2
46367,67,73,-6,6
46368,74,74,0,0
46369,68,58,10,10
46370,104,98,6,6
46371,158,155,3,3
46372,131,123,8,8
46373,103,93,10,10
46374,109,110,-1,1
46375,64,50,14,14
46376,123,118,5,5
46377,111,101,10,10
46378,38,38,0,0
46379,59,63,-4,4
46380,46,65,-19,19
46381,101,104,-3,3
46382,149,139,10,10
46383,116,118,-2,2
46384,62,73,-11,11
46385,78,77,1,1
46386,92,80,12,12
46387,109,99,10,10
46388,94,94,0,0
46389,107,100,7,7
46390,75,78,-3,3
46391,64,68,-4,4
46392,30,29,1,1
46393,127,129,-2,2
46394,67,68,-1,1
46395,109,110,-1,1
46396,187,172,15,15
46397,90,104,-14,14
46398,123,118,5,5
46399,72,57,15,15
46400,124,130,-6,6
46401,110,113,-3,3
46402,108,111,-3,3
46403,65,76,-11,11
46404,116,124,-8,8
46405,77,89,-12,12
46406,40,61,-21,21
46407,108,106,2,2
46408,159,151,8,8
46409,60,55,5,5
46410,116,105,11,11
46411,124,144,-20,20
46412,94,96,-2,2
46413,90,78,12,12
46414,30,35,-5,5
46415,89,89,0,0
46416,89,78,11,11
46417,111,119,-8,8
46418,84,89,-5,5
46419,49,52,-3,3
46420,75,61,14,14
46421,136,123,13,13
46422,41,60,-19,19
46423,72,67,5,5
46424,173,166,7,7
46425,70,81,-11,11
46426,90,92,-2,2
46427,153,154,-1,1
46428,138,142,-4,4
46429,147,145,2,2
46430,116,130,-14,14
46431,148,144,4,4
46432,117,117,0,0
46433,103,97,6,6
46434,123,114,9,9
46435,151,137,14,14
46436,126,128,-2,2
46437,105,110,-5,5
46438,111,112,-1,1
46439,71,63,8,8
46440,99,101,-2,2
46441,59,64,-5,5
46442,104,96,8,8
46443,60,53,7,7
46444,88,90,-2,2
46445,63,59,4,4
46446,186,178,8,8
46447,97,86,11,11
46448,128,121,7,7
46449,162,143,19,19
46450,74,62,12,12
46451,92,84,8,8
46452,153,149,4,4
46453,97,95,2,2
46454,116,115,1,1
46455,161,133,28,28
46456,73,75,-2,2
46457,107,113,-6,6
46458,112,131,-19,19
46459,89,82,7,7
46460,92,89,3,3
46461,83,82,1,1
46462,108,119,-11,11
46463,108,106,2,2
46464,49,44,5,5
46465,64,60,4,4
46466,109,119,-10,10
46467,52,52,0,0
46468,139,145,-6,6
46469,90,90,0,0
46470,90,94,-4,4
46471,70,72,-2,2
46472,97,97,0,0
46473,56,57,-1,1
46474,64,69,-5,5
46475,67,64,3,3
46476,48,54,-6,6
46477,69,63,6,6
46478,93,85,8,8
46479,144,142,2,2
46480,145,153,-8,8
46481,142,144,-2,2
46482,150,151,-1,1
46483,58,56,2,2
46484,120,109,11,11
46485,102,97,5,5
46486,142,142,0,0
46487,100,108,-8,8
46488,125,122,3,3
46489,84,104,-20,20
46490,123,123,0,0
46491,145,152,-7,7
46492,86,90,-4,4
46493,73,68,5,5
46494,97,93,4,4
46495,57,52,5,5
46496,122,117,5,5
46497,71,63,8,8
46498,99,89,10,10
46499,83,72,11,11
46500,165,153,12,12
46501,193,176,17,17
46502,104,89,15,15
46503,110,111,-1,1
46504,65,61,4,4
46505,72,76,-4,4
46506,76,69,7,7
46507,173,165,8,8
46508,76,89,-13,13
46509,95,90,5,5
46510,96,100,-4,4
46511,82,74,8,8
46512,91,97,-6,6
46513,88,79,9,9
46514,104,107,-3,3
46515,114,114,0,0
46516,109,101,8,8
46517,74,67,7,7
46518,137,133,4,4
46519,93,90,3,3
46520,88,89,-1,1
46521,55,56,-1,1
46522,72,76,-4,4
46523,71,95,-24,24
46524,110,88,22,22
46525,114,119,-5,5
46526,128,127,1,1
46527,65,57,8,8
46528,114,117,-3,3
46529,97,83,14,14
46530,117,149,-32,32
46531,72,69,3,3
46532,92,85,7,7
46533,64,54,10,10
46534,125,128,-3,3
46535,99,100,-1,1
46536,56,56,0,0
46537,54,54,0,0
46538,122,128,-6,6
46539,178,178,0,0
46540,179,170,9,9
46541,80,81,-1,1
46542,109,99,10,10
46543,83,85,-2,2
46544,103,93,10,10
46545,61,65,-4,4
46546,125,120,5,5
46547,96,89,7,7
46548,96,107,-11,11
46549,97,94,3,3
46550,108,90,18,18
46551,89,95,-6,6
46552,55,52,3,3
46553,87,130,-43,43
46554,49,59,-10,10
46555,94,95,-1,1
46556,93,121,-28,28
46557,75,69,6,6
46558,65,65,0,0
46559,52,44,8,8
46560,83,81,2,2
46561,123,106,17,17
46562,92,86,6,6
46563,74,75,-1,1
46564,109,94,15,15
46565,52,53,-1,1
46566,76,61,15,15
46567,116,108,8,8
46568,83,76,7,7
46569,82,76,6,6
46570,144,139,5,5
46571,35,44,-9,9
46572,155,149,6,6
46573,136,124,12,12
46574,123,122,1,1
46575,81,76,5,5
46576,66,65,1,1
46577,131,128,3,3
46578,133,121,12,12
46579,71,71,0,0
46580,82,83,-1,1
46581,82,81,1,1
46582,42,47,-5,5
46583,137,156,-19,19
46584,140,167,-27,27
46585,58,63,-5,5
46586,117,101,16,16
46587,69,79,-10,10
46588,85,88,-3,3
46589,52,58,-6,6
46590,87,98,-11,11
46591,135,141,-6,6
46592,64,59,5,5
46593,129,108,21,21
46594,190,194,-4,4
46595,68,74,-6,6
46596,82,75,7,7
46597,75,76,-1,1
46598,149,135,14,14
46599,84,76,8,8
46600,54,46,8,8
46601,98,97,1,1
46602,99,84,15,15
46603,125,129,-4,4
46604,86,86,0,0
46605,95,93,2,2
46606,75,71,4,4
46607,80,69,11,11
46608,118,119,-1,1
46609,91,86,5,5
46610,106,101,5,5
46611,85,92,-7,7
46612,153,162,-9,9
46613,103,107,-4,4
46614,159,162,-3,3
46615,69,70,-1,1
46616,166,141,25,25
46617,109,103,6,6
46618,133,124,9,9
46619,191,174,17,17
46620,113,92,21,21
46621,124,102,22,22
46622,139,132,7,7
46623,88,95,-7,7
46624,43,57,-14,14
46625,71,69,2,2
46626,116,119,-3,3
46627,115,103,12,12
46628,118,117,1,1
46629,62,69,-7,7
46630,106,100,6,6
46631,116,134,-18,18
46632,137,128,9,9
46633,201,174,27,27
46634,53,53,0,0
46635,73,76,-3,3
46636,46,52,-6,6
46637,90,85,5,5
46638,126,128,-2,2
46639,113,114,-1,1
46640,80,73,7,7
46641,102,92,10,10
46642,161,143,18,18
46643,103,106,-3,3
46644,119,128,-9,9
46645,54,64,-10,10
46646,159,146,13,13
46647,87,72,15,15
46648,59,51,8,8
46649,59,65,-6,6
46650,90,86,4,4
46651,59,57,2,2
46652,104,96,8,8
46653,131,135,-4,4
46654,60,53,7,7
46655,68,63,5,5
46656,86,82,4,4
46657,88,77,11,11
46658,146,148,-2,2
46659,62,66,-4,4
46660,152,149,3,3
46661,104,102,2,2
46662,67,65,2,2
46663,102,107,-5,5
46664,96,94,2,2
46665,99,109,-10,10
46666,99,103,-4,4
46667,76,84,-8,8
46668,97,99,-2,2
46669,83,87,-4,4
46670,112,117,-5,5
46671,63,62,1,1
46672,136,145,-9,9
46673,74,75,-1,1
46674,172,151,21,21
46675,136,114,22,22
46676,120,122,-2,2
46677,116,117,-1,1
46678,126,120,6,6
46679,114,107,7,7
46680,72,69,3,3
46681,104,100,4,4
46682,147,153,-6,6
46683,103,98,5,5
46684,81,69,12,12
46685,80,74,6,6
46686,101,104,-3,3
46687,125,102,23,23
46688,92,72,20,20
46689,84,76,8,8
46690,80,99,-19,19
46691,150,141,9,9
46692,61,60,1,1
46693,112,109,3,3
46694,112,103,9,9
46695,67,55,12,12
46696,137,132,5,5
46697,58,60,-2,2
46698,105,95,10,10
46699,88,98,-10,10
46700,76,72,4,4
46701,88,83,5,5
46702,108,109,-1,1
46703,97,89,8,8
46704,141,141,0,0
46705,64,74,-10,10
46706,51,54,-3,3
46707,101,88,13,13
46708,158,161,-3,3
46709,97,94,3,3
46710,79,79,0,0
46711,69,66,3,3
46712,97,101,-4,4
46713,90,88,2,2
46714,85,89,-4,4
46715,90,88,2,2
46716,120,115,5,5
46717,61,60,1,1
46718,145,155,-10,10
46719,77,74,3,3
46720,49,60,-11,11
46721,81,79,2,2
46722,70,68,2,2
46723,107,95,12,12
46724,87,83,4,4
46725,66,67,-1,1
46726,108,104,4,4
46727,86,88,-2,2
46728,68,66,2,2
46729,84,67,17,17
46730,72,71,1,1
46731,67,67,0,0
46732,73,72,1,1
46733,81,87,-6,6
46734,65,60,5,5
46735,130,103,27,27
46736,47,50,-3,3
46737,117,117,0,0
46738,141,130,11,11
46739,204,185,19,19
46740,85,83,2,2
46741,116,122,-6,6
46742,118,107,11,11
46743,110,108,2,2
46744,100,91,9,9
46745,93,86,7,7
46746,53,63,-10,10
46747,86,73,13,13
46748,70,68,2,2
46749,80,82,-2,2
46750,146,150,-4,4
46751,72,67,5,5
46752,154,151,3,3
46753,206,203,3,3
46754,72,75,-3,3
46755,141,134,7,7
46756,83,106,-23,23
46757,141,146,-5,5
46758,97,110,-13,13
46759,137,133,4,4
46760,124,131,-7,7
46761,84,88,-4,4
46762,102,115,-13,13
46763,22,62,-40,40
46764,97,92,5,5
46765,59,45,14,14
46766,124,117,7,7
46767,198,188,10,10
46768,93,79,14,14
46769,96,94,2,2
46770,99,91,8,8
46771,191,162,29,29
46772,88,77,11,11
46773,88,83,5,5
46774,114,113,1,1
46775,85,93,-8,8
46776,85,69,16,16
46777,63,72,-9,9
46778,129,106,23,23
46779,142,135,7,7
46780,66,77,-11,11
46781,64,62,2,2
46782,72,71,1,1
46783,143,144,-1,1
46784,73,66,7,7
46785,92,91,1,1
46786,80,65,15,15
46787,123,119,4,4
46788,67,64,3,3
46789,87,100,-13,13
46790,81,71,10,10
46791,77,91,-14,14
46792,70,72,-2,2
46793,120,124,-4,4
46794,119,119,0,0
46795,116,127,-11,11
46796,193,192,1,1
46797,90,105,-15,15
46798,113,132,-19,19
46799,109,99,10,10
46800,85,63,22,22
46801,63,63,0,0
46802,56,59,-3,3
46803,131,142,-11,11
46804,108,108,0,0
46805,58,54,4,4
46806,57,63,-6,6
46807,98,119,-21,21
46808,86,97,-11,11
46809,60,64,-4,4
46810,54,59,-5,5
46811,160,147,13,13
46812,91,98,-7,7
46813,179,148,31,31
46814,68,91,-23,23
46815,143,141,2,2
46816,86,75,11,11
46817,115,117,-2,2
46818,139,122,17,17
46819,95,97,-2,2
46820,66,72,-6,6
46821,66,62,4,4
46822,143,140,3,3
46823,87,80,7,7
46824,85,86,-1,1
46825,77,81,-4,4
46826,77,63,14,14
46827,91,81,10,10
46828,80,78,2,2
46829,23,28,-5,5
46830,92,89,3,3
46831,109,91,18,18
46832,115,103,12,12
46833,93,103,-10,10
46834,67,73,-6,6
46835,150,145,5,5
46836,78,66,12,12
46837,159,161,-2,2
46838,124,100,24,24
46839,93,106,-13,13
46840,133,139,-6,6
46841,79,89,-10,10
46842,62,62,0,0
46843,73,70,3,3
46844,66,55,11,11
46845,69,60,9,9
46846,146,162,-16,16
46847,73,66,7,7
46848,91,102,-11,11
46849,67,64,3,3
46850,80,103,-23,23
46851,96,87,9,9
46852,75,74,1,1
46853,72,87,-15,15
46854,87,84,3,3
46855,93,87,6,6
46856,115,109,6,6
46857,142,136,6,6
46858,168,157,11,11
46859,149,139,10,10
46860,91,90,1,1
46861,69,71,-2,2
46862,112,103,9,9
46863,83,83,0,0
46864,63,61,2,2
46865,84,85,-1,1
46866,113,104,9,9
46867,98,92,6,6
46868,174,171,3,3
46869,103,90,13,13
46870,32,82,-50,50
46871,126,124,2,2
46872,132,137,-5,5
46873,49,46,3,3
46874,107,103,4,4
46875,121,125,-4,4
46876,132,111,21,21
46877,75,78,-3,3
46878,71,77,-6,6
46879,69,82,-13,13
46880,158,162,-4,4
46881,73,61,12,12
46882,146,132,14,14
46883,49,58,-9,9
46884,124,114,10,10
46885,71,58,13,13
46886,43,50,-7,7
46887,94,104,-10,10
46888,120,138,-18,18
46889,107,102,5,5
46890,83,71,12,12
46891,111,107,4,4
46892,79,79,0,0
46893,93,96,-3,3
46894,130,117,13,13
46895,119,113,6,6
46896,80,71,9,9
46897,80,71,9,9
46898,76,69,7,7
46899,101,103,-2,2
46900,131,130,1,1
46901,91,93,-2,2
46902,81,89,-8,8
46903,102,104,-2,2
46904,108,88,20,20
46905,79,72,7,7
46906,121,110,11,11
46907,135,138,-3,3
46908,68,76,-8,8
46909,104,109,-5,5
46910,44,36,8,8
46911,103,108,-5,5
46912,136,141,-5,5
46913,107,98,9,9
46914,78,90,-12,12
46915,75,74,1,1
46916,37,43,-6,6
46917,24,33,-9,9
46918,166,162,4,4
46919,134,125,9,9
46920,116,121,-5,5
46921,85,85,0,0
46922,130,133,-3,3
46923,150,146,4,4
46924,103,114,-11,11
46925,92,88,4,4
46926,127,133,-6,6
46927,72,75,-3,3
46928,95,100,-5,5
46929,56,54,2,2
46930,170,152,18,18
46931,106,97,9,9
46932,78,75,3,3
46933,135,145,-10,10
46934,113,103,10,10
46935,191,180,11,11
46936,61,65,-4,4
46937,95,83,12,12
46938,119,118,1,1
46939,114,101,13,13
46940,88,83,5,5
46941,71,72,-1,1
46942,76,81,-5,5
46943,50,60,-10,10
46944,69,65,4,4
46945,51,75,-24,24
46946,74,82,-8,8
46947,79,79,0,0
46948,74,93,-19,19
46949,113,118,-5,5
46950,99,105,-6,6
46951,86,85,1,1
46952,91,80,11,11
46953,83,95,-12,12
46954,106,97,9,9
46955,66,60,6,6
46956,74,69,5,5
46957,78,69,9,9
46958,101,99,2,2
46959,78,73,5,5
46960,91,102,-11,11
46961,94,96,-2,2
46962,86,85,1,1
46963,64,65,-1,1
46964,98,78,20,20
46965,100,111,-11,11
46966,148,137,11,11
46967,96,101,-5,5
46968,135,120,15,15
46969,123,132,-9,9
46970,65,62,3,3
46971,86,75,11,11
46972,86,76,10,10
46973,93,93,0,0
46974,106,102,4,4
46975,122,116,6,6
46976,75,78,-3,3
46977,86,78,8,8
46978,51,52,-1,1
46979,56,64,-8,8
46980,125,129,-4,4
46981,92,83,9,9
46982,108,120,-12,12
46983,151,142,9,9
46984,83,79,4,4
46985,66,76,-10,10
46986,138,131,7,7
46987,120,122,-2,2
46988,79,83,-4,4
46989,86,91,-5,5
46990,163,169,-6,6
46991,112,105,7,7
46992,98,85,13,13
46993,40,64,-24,24
46994,85,93,-8,8
46995,73,79,-6,6
46996,84,85,-1,1
46997,127,135,-8,8
46998,113,104,9,9
46999,116,115,1,1
47000,91,92,-1,1
47001,91,76,15,15
47002,50,55,-5,5
47003,78,73,5,5
47004,90,87,3,3
47005,125,117,8,8
47006,84,84,0,0
47007,79,77,2,2
47008,69,64,5,5
47009,115,99,16,16
47010,227,227,0,0
47011,107,112,-5,5
47012,136,167,-31,31
47013,88,76,12,12
47014,117,117,0,0
47015,81,91,-10,10
47016,150,145,5,5
47017,101,128,-27,27
47018,169,169,0,0
47019,75,81,-6,6
47020,146,154,-8,8
47021,96,94,2,2
47022,66,73,-7,7
47023,73,70,3,3
47024,85,97,-12,12
47025,104,90,14,14
47026,53,53,0,0
47027,148,156,-8,8
47028,119,124,-5,5
47029,45,41,4,4
47030,72,70,2,2
47031,126,123,3,3
47032,64,56,8,8
47033,119,109,10,10
47034,89,92,-3,3
47035,139,138,1,1
47036,111,116,-5,5
47037,100,89,11,11
47038,82,86,-4,4
47039,138,135,3,3
47040,47,48,-1,1
47041,167,158,9,9
47042,63,63,0,0
47043,118,117,1,1
47044,201,202,-1,1
47045,82,81,1,1
47046,91,97,-6,6
47047,81,81,0,0
47048,91,83,8,8
47049,119,107,12,12
47050,88,80,8,8
47051,76,75,1,1
47052,86,82,4,4
47053,47,59,-12,12
47054,134,117,17,17
47055,96,99,-3,3
47056,82,78,4,4
47057,82,73,9,9
47058,89,90,-1,1
47059,99,103,-4,4
47060,93,96,-3,3
47061,87,86,1,1
47062,62,65,-3,3
47063,58,56,2,2
47064,82,78,4,4
47065,142,145,-3,3
47066,101,95,6,6
47067,127,118,9,9
47068,46,50,-4,4
47069,116,111,5,5
47070,54,64,-10,10
47071,71,68,3,3
47072,121,142,-21,21
47073,80,79,1,1
47074,86,97,-11,11
47075,119,111,8,8
47076,71,76,-5,5
47077,171,167,4,4
47078,126,114,12,12
47079,57,55,2,2
47080,99,96,3,3
47081,55,70,-15,15
47082,77,80,-3,3
47083,110,115,-5,5
47084,77,101,-24,24
47085,111,107,4,4
47086,164,169,-5,5
47087,104,92,12,12
47088,85,84,1,1
47089,75,69,6,6
47090,119,113,6,6
47091,82,85,-3,3
47092,122,115,7,7
47093,111,106,5,5
47094,102,93,9,9
47095,54,53,1,1
47096,96,92,4,4
47097,65,70,-5,5
47098,135,133,2,2
47099,79,71,8,8
47100,92,81,11,11
47101,56,62,-6,6
47102,109,96,13,13
47103,124,126,-2,2
47104,65,67,-2,2
47105,84,81,3,3
47106,107,101,6,6
47107,114,118,-4,4
47108,92,87,5,5
47109,129,125,4,4
47110,159,151,8,8
47111,80,85,-5,5
47112,106,103,3,3
47113,76,74,2,2
47114,81,80,1,1
47115,115,120,-5,5
47116,89,97,-8,8
47117,66,65,1,1
47118,49,56,-7,7
47119,74,64,10,10
47120,77,65,12,12
47121,98,94,4,4
47122,181,173,8,8
47123,65,72,-7,7
47124,125,126,-1,1
47125,120,130,-10,10
47126,92,84,8,8
47127,125,125,0,0
47128,97,98,-1,1
47129,113,98,15,15
47130,69,70,-1,1
47131,41,43,-2,2
47132,112,112,0,0
47133,93,85,8,8
47134,77,73,4,4
47135,114,128,-14,14
47136,90,92,-2,2
47137,119,133,-14,14
47138,85,95,-10,10
47139,99,105,-6,6
47140,113,87,26,26
47141,112,113,-1,1
47142,43,47,-4,4
47143,73,69,4,4
47144,149,147,2,2
47145,72,73,-1,1
47146,62,69,-7,7
47147,74,78,-4,4
47148,197,191,6,6
47149,93,109,-16,16
47150,103,83,20,20
47151,96,90,6,6
47152,191,172,19,19
47153,116,111,5,5
47154,75,71,4,4
47155,99,103,-4,4
47156,94,85,9,9
47157,124,123,1,1
47158,83,82,1,1
47159,131,124,7,7
47160,108,89,19,19
47161,108,125,-17,17
47162,77,78,-1,1
47163,77,68,9,9
47164,126,122,4,4
47165,59,61,-2,2
47166,101,113,-12,12
47167,121,121,0,0
47168,116,116,0,0
47169,124,111,13,13
47170,69,56,13,13
47171,160,148,12,12
47172,67,70,-3,3
47173,111,114,-3,3
47174,80,88,-8,8
47175,44,52,-8,8
47176,89,77,12,12
47177,92,86,6,6
47178,105,117,-12,12
47179,113,104,9,9
47180,83,79,4,4
47181,54,63,-9,9
47182,47,52,-5,5
47183,105,93,12,12
47184,65,58,7,7
47185,118,110,8,8
47186,115,104,11,11
47187,92,98,-6,6
47188,69,63,6,6
47189,42,48,-6,6
47190,64,59,5,5
47191,119,125,-6,6
47192,142,138,4,4
47193,117,106,11,11
47194,67,71,-4,4
47195,157,146,11,11
47196,57,56,1,1
47197,122,106,16,16
47198,84,76,8,8
47199,112,115,-3,3
47200,96,99,-3,3
47201,75,66,9,9
47202,86,79,7,7
47203,168,151,17,17
47204,128,117,11,11
47205,111,87,24,24
47206,95,94,1,1
47207,74,85,-11,11
47208,101,86,15,15
47209,69,59,10,10
47210,160,158,2,2
47211,139,126,13,13
47212,24,57,-33,33
47213,89,85,4,4
47214,102,108,-6,6
47215,49,42,7,7
47216,94,109,-15,15
47217,76,73,3,3
47218,170,145,25,25
47219,158,160,-2,2
47220,31,72,-41,41
47221,66,72,-6,6
47222,106,81,25,25
47223,60,63,-3,3
47224,77,80,-3,3
47225,68,67,1,1
47226,129,129,0,0
47227,60,60,0,0
47228,106,111,-5,5
47229,64,59,5,5
47230,67,71,-4,4
47231,85,79,6,6
47232,79,73,6,6
47233,175,169,6,6
47234,20,55,-35,35
47235,169,151,18,18
47236,90,88,2,2
47237,74,73,1,1
47238,68,78,-10,10
47239,52,59,-7,7
47240,81,84,-3,3
47241,106,109,-3,3
47242,113,115,-2,2
47243,64,64,0,0
47244,98,96,2,2
47245,120,117,3,3
47246,85,79,6,6
47247,70,61,9,9
47248,121,111,10,10
47249,132,121,11,11
47250,50,40,10,10
47251,68,77,-9,9
47252,55,55,0,0
47253,122,115,7,7
47254,107,97,10,10
47255,69,69,0,0
47256,115,110,5,5
47257,118,116,2,2
47258,184,197,-13,13
47259,78,87,-9,9
47260,47,50,-3,3
47261,65,67,-2,2
47262,109,91,18,18
47263,89,80,9,9
47264,141,142,-1,1
47265,68,84,-16,16
47266,167,148,19,19
47267,68,73,-5,5
47268,86,92,-6,6
47269,93,85,8,8
47270,91,87,4,4
47271,65,71,-6,6
47272,132,130,2,2
47273,91,94,-3,3
47274,71,60,11,11
47275,71,65,6,6
47276,120,106,14,14
47277,118,109,9,9
47278,117,121,-4,4
47279,157,156,1,1
47280,73,77,-4,4
47281,108,109,-1,1
47282,82,71,11,11
47283,122,118,4,4
47284,143,147,-4,4
47285,172,162,10,10
47286,76,64,12,12
47287,130,135,-5,5
47288,61,62,-1,1
47289,65,68,-3,3
47290,128,118,10,10
47291,98,88,10,10
47292,161,173,-12,12
47293,56,55,1,1
47294,97,136,-39,39
47295,176,201,-25,25
47296,125,125,0,0
47297,115,107,8,8
47298,81,76,5,5
47299,103,101,2,2
47300,53,56,-3,3
47301,173,162,11,11
47302,132,129,3,3
47303,129,126,3,3
47304,120,117,3,3
47305,123,115,8,8
47306,203,171,32,32
47307,59,53,6,6
47308,67,66,1,1
47309,132,122,10,10
47310,182,164,18,18
47311,143,148,-5,5
47312,97,82,15,15
47313,91,86,5,5
47314,96,95,1,1
47315,91,86,5,5
47316,87,78,9,9
47317,143,154,-11,11
47318,65,67,-2,2
47319,78,71,7,7
47320,78,71,7,7
47321,140,144,-4,4
47322,93,97,-4,4
47323,52,51,1,1
47324,95,99,-4,4
47325,96,85,11,11
47326,72,71,1,1
47327,113,115,-2,2
47328,97,94,3,3
47329,77,75,2,2
47330,71,74,-3,3
47331,58,62,-4,4
47332,72,72,0,0
47333,210,181,29,29
47334,97,84,13,13
47335,141,151,-10,10
47336,130,129,1,1
47337,105,109,-4,4
47338,66,80,-14,14
47339,78,84,-6,6
47340,96,98,-2,2
47341,120,122,-2,2
47342,57,60,-3,3
47343,162,152,10,10
47344,134,139,-5,5
47345,161,152,9,9
47346,171,169,2,2
47347,91,101,-10,10
47348,46,46,0,0
47349,128,122,6,6
47350,113,102,11,11
47351,96,88,8,8
47352,55,53,2,2
47353,101,103,-2,2
47354,146,146,0,0
47355,83,114,-31,31
47356,41,51,-10,10
47357,117,118,-1,1
47358,118,128,-10,10
47359,89,92,-3,3
47360,88,87,1,1
47361,37,31,6,6
47362,68,69,-1,1
47363,53,47,6,6
47364,106,94,12,12
47365,125,117,8,8
47366,79,76,3,3
47367,100,103,-3,3
47368,99,110,-11,11
47369,99,103,-4,4
47370,130,119,11,11
47371,75,81,-6,6
47372,101,91,10,10
47373,90,84,6,6
47374,154,140,14,14
47375,116,109,7,7
47376,60,60,0,0
47377,144,146,-2,2
47378,75,82,-7,7
47379,110,110,0,0
47380,124,125,-1,1
47381,79,91,-12,12
47382,38,30,8,8
47383,90,97,-7,7
47384,84,78,6,6
47385,76,82,-6,6
47386,88,89,-1,1
47387,124,127,-3,3
47388,76,76,0,0
47389,84,75,9,9
47390,75,72,3,3
47391,78,75,3,3
47392,48,54,-6,6
47393,70,80,-10,10
47394,125,116,9,9
47395,129,132,-3,3
47396,75,62,13,13
47397,91,98,-7,7
47398,108,109,-1,1
47399,100,90,10,10
47400,56,62,-6,6
47401,140,120,20,20
47402,62,58,4,4
47403,224,193,31,31
47404,109,113,-4,4
47405,159,167,-8,8
47406,90,92,-2,2
47407,125,107,18,18
47408,96,98,-2,2
47409,74,85,-11,11
47410,109,110,-1,1
47411,84,83,1,1
47412,50,53,-3,3
47413,146,137,9,9
47414,116,108,8,8
47415,93,85,8,8
47416,92,80,12,12
47417,72,63,9,9
47418,159,141,18,18
47419,79,72,7,7
47420,117,97,20,20
47421,92,86,6,6
47422,102,98,4,4
47423,61,61,0,0
47424,55,57,-2,2
47425,91,73,18,18
47426,94,85,9,9
47427,64,57,7,7
47428,121,118,3,3
47429,50,47,3,3
47430,91,86,5,5
47431,87,83,4,4
47432,100,96,4,4
47433,60,63,-3,3
47434,139,142,-3,3
47435,77,72,5,5
47436,54,59,-5,5
47437,117,98,19,19
47438,105,121,-16,16
47439,105,101,4,4
47440,78,74,4,4
47441,108,96,12,12
47442,111,123,-12,12
47443,112,122,-10,10
47444,69,62,7,7
47445,100,108,-8,8
47446,96,90,6,6
47447,31,52,-21,21
47448,75,73,2,2
47449,68,64,4,4
47450,53,57,-4,4
47451,63,65,-2,2
47452,85,76,9,9
47453,126,119,7,7
47454,107,108,-1,1
47455,130,123,7,7
47456,65,60,5,5
47457,73,70,3,3
47458,107,113,-6,6
47459,121,118,3,3
47460,99,99,0,0
47461,92,81,11,11
47462,170,175,-5,5
47463,85,72,13,13
47464,142,151,-9,9
47465,86,86,0,0
47466,63,60,3,3
47467,121,110,11,11
47468,84,89,-5,5
47469,66,62,4,4
47470,60,60,0,0
47471,68,64,4,4
47472,113,129,-16,16
47473,101,97,4,4
47474,48,54,-6,6
47475,154,152,2,2
47476,160,154,6,6
47477,102,90,12,12
47478,94,91,3,3
47479,84,79,5,5
47480,107,114,-7,7
47481,66,64,2,2
47482,87,88,-1,1
47483,84,69,15,15
47484,86,84,2,2
47485,101,60,41,41
47486,83,79,4,4
47487,70,56,14,14
47488,104,86,18,18
47489,78,71,7,7
47490,69,68,1,1
47491,172,162,10,10
47492,66,75,-9,9
47493,96,89,7,7
47494,73,69,4,4
47495,122,138,-16,16
47496,66,72,-6,6
47497,78,77,1,1
47498,70,133,-63,63
47499,62,66,-4,4
47500,64,56,8,8
47501,189,175,14,14
47502,101,100,1,1
47503,83,77,6,6
47504,88,75,13,13
47505,108,102,6,6
47506,109,108,1,1
47507,50,52,-2,2
47508,100,95,5,5
47509,98,92,6,6
47510,74,61,13,13
47511,151,131,20,20
47512,67,63,4,4
47513,145,132,13,13
47514,99,98,1,1
47515,79,74,5,5
47516,66,69,-3,3
47517,87,84,3,3
47518,104,85,19,19
47519,75,77,-2,2
47520,81,66,15,15
47521,79,85,-6,6
47522,82,78,4,4
47523,202,183,19,19
47524,64,60,4,4
47525,142,135,7,7
47526,77,86,-9,9
47527,95,100,-5,5
47528,127,119,8,8
47529,89,94,-5,5
47530,136,143,-7,7
47531,63,68,-5,5
47532,123,114,9,9
47533,113,108,5,5
47534,98,102,-4,4
47535,136,128,8,8
47536,124,121,3,3
47537,124,110,14,14
47538,162,152,10,10
47539,81,89,-8,8
47540,93,92,1,1
47541,83,86,-3,3
47542,127,113,14,14
47543,60,62,-2,2
47544,83,81,2,2
47545,60,63,-3,3
47546,103,110,-7,7
47547,93,83,10,10
47548,78,77,1,1
47549,97,90,7,7
47550,73,63,10,10
47551,128,119,9,9
47552,92,94,-2,2
47553,37,44,-7,7
47554,154,147,7,7
47555,60,70,-10,10
47556,94,89,5,5
47557,103,97,6,6
47558,72,68,4,4
47559,65,79,-14,14
47560,85,87,-2,2
47561,111,110,1,1
47562,88,85,3,3
47563,110,102,8,8
47564,102,97,5,5
47565,59,64,-5,5
47566,89,77,12,12
47567,113,101,12,12
47568,65,65,0,0
47569,148,146,2,2
47570,83,82,1,1
47571,81,74,7,7
47572,88,82,6,6
47573,67,67,0,0
47574,44,44,0,0
47575,98,94,4,4
47576,89,84,5,5
47577,85,86,-1,1
47578,165,140,25,25
47579,58,66,-8,8
47580,118,108,10,10
47581,138,108,30,30
47582,85,81,4,4
47583,77,80,-3,3
47584,58,59,-1,1
47585,78,69,9,9
47586,94,106,-12,12
47587,51,53,-2,2
47588,109,120,-11,11
47589,72,71,1,1
47590,71,68,3,3
47591,83,90,-7,7
47592,97,99,-2,2
47593,81,78,3,3
47594,192,201,-9,9
47595,152,155,-3,3
47596,101,102,-1,1
47597,65,61,4,4
47598,77,79,-2,2
47599,130,123,7,7
47600,124,96,28,28
47601,89,90,-1,1
47602,105,115,-10,10
47603,85,78,7,7
47604,147,146,1,1
47605,108,119,-11,11
47606,86,81,5,5
47607,66,66,0,0
47608,62,56,6,6
47609,74,58,16,16
47610,144,117,27,27
47611,77,72,5,5
47612,53,51,2,2
47613,81,80,1,1
47614,121,112,9,9
47615,71,64,7,7
47616,75,84,-9,9
47617,105,92,13,13
47618,98,101,-3,3
47619,133,136,-3,3
47620,115,120,-5,5
47621,56,53,3,3
47622,139,136,3,3
47623,108,114,-6,6
47624,207,189,18,18
47625,43,50,-7,7
47626,135,139,-4,4
47627,122,129,-7,7
47628,61,62,-1,1
47629,97,87,10,10
47630,77,72,5,5
47631,123,107,16,16
47632,59,59,0,0
47633,113,121,-8,8
47634,125,122,3,3
47635,88,84,4,4
47636,72,65,7,7
47637,137,137,0,0
47638,113,104,9,9
47639,112,106,6,6
47640,60,65,-5,5
47641,106,104,2,2
47642,143,142,1,1
47643,91,84,7,7
47644,95,101,-6,6
47645,155,142,13,13
47646,106,106,0,0
47647,103,117,-14,14
47648,142,129,13,13
47649,76,74,2,2
47650,115,123,-8,8
47651,96,116,-20,20
47652,103,99,4,4
47653,106,105,1,1
47654,67,68,-1,1
47655,100,94,6,6
47656,103,94,9,9
47657,72,72,0,0
47658,142,132,10,10
47659,32,47,-15,15
47660,137,141,-4,4
47661,57,62,-5,5
47662,69,74,-5,5
47663,47,45,2,2
47664,82,60,22,22
47665,113,100,13,13
47666,81,89,-8,8
47667,96,98,-2,2
47668,67,58,9,9
47669,138,130,8,8
47670,73,62,11,11
47671,62,81,-19,19
47672,45,43,2,2
47673,106,97,9,9
47674,65,60,5,5
47675,79,82,-3,3
47676,109,107,2,2
47677,147,139,8,8
47678,67,63,4,4
47679,94,87,7,7
47680,73,68,5,5
47681,57,62,-5,5
47682,124,112,12,12
47683,68,63,5,5
47684,89,87,2,2
47685,105,95,10,10
47686,64,78,-14,14
47687,78,79,-1,1
47688,108,100,8,8
47689,171,170,1,1
47690,92,84,8,8
47691,63,56,7,7
47692,66,69,-3,3
47693,85,91,-6,6
47694,134,129,5,5
47695,73,71,2,2
47696,85,80,5,5
47697,81,74,7,7
47698,119,117,2,2
47699,64,63,1,1
47700,73,68,5,5
47701,120,108,12,12
47702,122,116,6,6
47703,97,101,-4,4
47704,69,66,3,3
47705,88,85,3,3
47706,86,84,2,2
47707,87,80,7,7
47708,152,141,11,11
47709,65,66,-1,1
47710,37,59,-22,22
47711,125,111,14,14
47712,117,133,-16,16
47713,72,68,4,4
47714,120,137,-17,17
47715,67,71,-4,4
47716,147,143,4,4
47717,142,136,6,6
47718,111,77,34,34
47719,104,106,-2,2
47720,90,79,11,11
47721,76,74,2,2
47722,82,68,14,14
47723,122,99,23,23
47724,176,172,4,4
47725,97,76,21,21
47726,84,81,3,3
47727,94,85,9,9
47728,175,181,-6,6
47729,90,88,2,2
47730,62,62,0,0
47731,116,106,10,10
47732,137,132,5,5
47733,141,136,5,5
47734,96,121,-25,25
47735,99,97,2,2
47736,66,55,11,11
47737,183,182,1,1
47738,64,65,-1,1
47739,137,149,-12,12
47740,51,58,-7,7
47741,35,46,-11,11
47742,137,129,8,8
47743,151,156,-5,5
47744,115,116,-1,1
47745,94,86,8,8
47746,42,50,-8,8
47747,57,64,-7,7
47748,102,103,-1,1
47749,59,58,1,1
47750,73,87,-14,14
47751,80,78,2,2
47752,102,111,-9,9
47753,111,110,1,1
47754,150,152,-2,2
47755,149,137,12,12
47756,129,120,9,9
47757,35,53,-18,18
47758,50,56,-6,6
47759,85,78,7,7
47760,90,89,1,1
47761,129,119,10,10
47762,111,111,0,0
47763,80,83,-3,3
47764,165,165,0,0
47765,69,62,7,7
47766,132,109,23,23
47767,145,144,1,1
47768,51,56,-5,5
47769,152,136,16,16
47770,64,64,0,0
47771,168,157,11,11
47772,100,107,-7,7
47773,72,61,11,11
47774,86,95,-9,9
47775,67,71,-4,4
47776,71,75,-4,4
47777,156,154,2,2
47778,92,90,2,2
47779,93,94,-1,1
47780,95,101,-6,6
47781,113,109,4,4
47782,105,97,8,8
47783,77,78,-1,1
47784,96,92,4,4
47785,103,103,0,0
47786,76,90,-14,14
47787,77,71,6,6
47788,103,92,11,11
47789,80,73,7,7
47790,72,73,-1,1
47791,98,95,3,3
47792,94,75,19,19
47793,145,161,-16,16
47794,57,58,-1,1
47795,95,89,6,6
47796,97,75,22,22
47797,160,153,7,7
47798,161,154,7,7
47799,71,63,8,8
47800,95,85,10,10
47801,100,98,2,2
47802,57,55,2,2
47803,96,94,2,2
47804,70,62,8,8
47805,51,78,-27,27
47806,70,67,3,3
47807,27,41,-14,14
47808,93,83,10,10
47809,110,107,3,3
47810,128,124,4,4
47811,146,152,-6,6
47812,81,61,20,20
47813,100,91,9,9
47814,77,66,11,11
47815,57,63,-6,6
47816,110,105,5,5
47817,90,89,1,1
47818,105,107,-2,2
47819,91,79,12,12
47820,158,155,3,3
47821,79,68,11,11
47822,52,45,7,7
47823,86,70,16,16
47824,100,94,6,6
47825,65,63,2,2
47826,116,104,12,12
47827,75,75,0,0
47828,95,91,4,4
47829,71,69,2,2
47830,87,96,-9,9
47831,79,61,18,18
47832,77,78,-1,1
47833,55,54,1,1
47834,94,93,1,1
47835,99,98,1,1
47836,98,99,-1,1
47837,95,100,-5,5
47838,123,129,-6,6
47839,76,92,-16,16
47840,157,165,-8,8
47841,75,78,-3,3
47842,114,112,2,2
47843,47,50,-3,3
47844,110,114,-4,4
47845,122,116,6,6
47846,89,97,-8,8
47847,65,63,2,2
47848,63,63,0,0
47849,140,126,14,14
47850,101,104,-3,3
47851,132,128,4,4
47852,175,188,-13,13
47853,79,71,8,8
47854,97,94,3,3
47855,108,91,17,17
47856,76,66,10,10
47857,80,66,14,14
47858,114,97,17,17
47859,160,166,-6,6
47860,101,87,14,14
47861,143,132,11,11
47862,40,53,-13,13
47863,151,144,7,7
47864,111,132,-21,21
47865,105,122,-17,17
47866,93,86,7,7
47867,121,126,-5,5
47868,162,157,5,5
47869,91,100,-9,9
47870,86,80,6,6
47871,133,142,-9,9
47872,69,68,1,1
47873,110,98,12,12
47874,76,67,9,9
47875,70,72,-2,2
47876,129,112,17,17
47877,105,100,5,5
47878,118,101,17,17
47879,51,53,-2,2
47880,155,144,11,11
47881,80,76,4,4
47882,91,106,-15,15
47883,87,78,9,9
47884,61,72,-11,11
47885,65,64,1,1
47886,85,90,-5,5
47887,89,81,8,8
47888,62,66,-4,4
47889,85,80,5,5
47890,65,75,-10,10
47891,127,122,5,5
47892,94,96,-2,2
47893,106,109,-3,3
47894,72,59,13,13
47895,115,113,2,2
47896,100,85,15,15
47897,56,53,3,3
47898,78,89,-11,11
47899,100,101,-1,1
47900,94,85,9,9
47901,104,100,4,4
47902,76,62,14,14
47903,100,95,5,5
47904,114,105,9,9
47905,94,83,11,11
47906,92,107,-15,15
47907,51,46,5,5
47908,129,126,3,3
47909,30,36,-6,6
47910,91,103,-12,12
47911,72,76,-4,4
47912,99,97,2,2
47913,59,57,2,2
47914,103,96,7,7
47915,140,128,12,12
47916,71,71,0,0
47917,77,75,2,2
47918,108,107,1,1
47919,87,71,16,16
47920,150,148,2,2
47921,108,109,-1,1
47922,78,72,6,6
47923,143,140,3,3
47924,109,102,7,7
47925,81,78,3,3
47926,82,88,-6,6
47927,46,42,4,4
47928,142,129,13,13
47929,54,56,-2,2
47930,89,88,1,1
47931,53,47,6,6
47932,73,68,5,5
47933,74,73,1,1
47934,43,39,4,4
47935,89,89,0,0
47936,71,71,0,0
47937,62,75,-13,13
47938,59,61,-2,2
47939,114,104,10,10
47940,56,59,-3,3
47941,94,96,-2,2
47942,102,109,-7,7
47943,112,101,11,11
47944,75,79,-4,4
47945,77,87,-10,10
47946,124,124,0,0
47947,128,114,14,14
47948,70,79,-9,9
47949,84,131,-47,47
47950,151,140,11,11
47951,113,103,10,10
47952,85,78,7,7
47953,82,101,-19,19
47954,163,162,1,1
47955,124,134,-10,10
47956,80,78,2,2
47957,122,145,-23,23
47958,88,78,10,10
47959,66,59,7,7
47960,83,86,-3,3
47961,118,110,8,8
47962,57,56,1,1
47963,66,69,-3,3
47964,108,107,1,1
47965,93,100,-7,7
47966,51,46,5,5
47967,171,161,10,10
47968,114,92,22,22
47969,45,56,-11,11
47970,86,73,13,13
47971,62,70,-8,8
47972,67,65,2,2
47973,76,80,-4,4
47974,108,110,-2,2
47975,100,116,-16,16
47976,139,134,5,5
47977,115,113,2,2
47978,144,124,20,20
47979,90,74,16,16
47980,91,79,12,12
47981,75,80,-5,5
47982,135,128,7,7
47983,67,81,-14,14
47984,117,101,16,16
47985,127,119,8,8
47986,59,53,6,6
47987,48,54,-6,6
47988,69,65,4,4
47989,93,82,11,11
47990,123,120,3,3
47991,131,145,-14,14
47992,105,108,-3,3
47993,121,128,-7,7
47994,111,116,-5,5
47995,43,44,-1,1
47996,131,125,6,6
47997,133,121,12,12
47998,74,67,7,7
47999,154,133,21,21
48000,36,43,-7,7
48001,83,86,-3,3
48002,114,116,-2,2
48003,115,105,10,10
48004,117,110,7,7
48005,129,115,14,14
48006,119,117,2,2
48007,65,70,-5,5
48008,88,91,-3,3
48009,80,70,10,10
48010,43,36,7,7
48011,68,71,-3,3
48012,157,147,10,10
48013,104,103,1,1
48014,56,47,9,9
48015,52,59,-7,7
48016,115,115,0,0
48017,64,61,3,3
48018,139,140,-1,1
48019,58,52,6,6
48020,105,109,-4,4
48021,196,189,7,7
48022,117,104,13,13
48023,108,86,22,22
48024,109,138,-29,29
48025,53,50,3,3
48026,97,90,7,7
48027,89,91,-2,2
48028,136,128,8,8
48029,156,168,-12,12
48030,107,89,18,18
48031,48,43,5,5
48032,108,109,-1,1
48033,151,138,13,13
48034,71,83,-12,12
48035,99,89,10,10
48036,119,96,23,23
48037,131,123,8,8
48038,72,73,-1,1
48039,112,109,3,3
48040,142,151,-9,9
48041,130,124,6,6
48042,103,107,-4,4
48043,136,133,3,3
48044,61,61,0,0
48045,93,90,3,3
48046,124,121,3,3
48047,44,50,-6,6
48048,166,177,-11,11
48049,134,135,-1,1
48050,85,77,8,8
48051,56,60,-4,4
48052,58,63,-5,5
48053,95,93,2,2
48054,113,109,4,4
48055,80,82,-2,2
48056,105,90,15,15
48057,56,50,6,6
48058,79,82,-3,3
48059,77,83,-6,6
48060,90,85,5,5
48061,68,62,6,6
48062,65,68,-3,3
48063,95,100,-5,5
48064,51,48,3,3
48065,99,104,-5,5
48066,81,72,9,9
48067,116,94,22,22
48068,72,73,-1,1
48069,55,67,-12,12
48070,144,148,-4,4
48071,74,74,0,0
48072,135,142,-7,7
48073,60,63,-3,3
48074,76,84,-8,8
48075,144,116,28,28
48076,141,125,16,16
48077,80,66,14,14
48078,74,78,-4,4
48079,83,84,-1,1
48080,76,63,13,13
48081,100,99,1,1
48082,97,87,10,10
48083,141,114,27,27
48084,109,105,4,4
48085,87,110,-23,23
48086,104,91,13,13
48087,69,61,8,8
48088,60,67,-7,7
48089,71,80,-9,9
48090,64,67,-3,3
48091,69,73,-4,4
48092,92,91,1,1
48093,93,89,4,4
48094,88,78,10,10
48095,11,39,-28,28
48096,132,123,9,9
48097,62,73,-11,11
48098,73,88,-15,15
48099,110,89,21,21
48100,84,88,-4,4
48101,63,60,3,3
48102,110,111,-1,1
48103,61,62,-1,1
48104,81,98,-17,17
48105,107,98,9,9
48106,161,156,5,5
48107,66,62,4,4
48108,59,66,-7,7
48109,115,122,-7,7
48110,113,112,1,1
48111,125,130,-5,5
48112,104,104,0,0
48113,90,87,3,3
48114,84,79,5,5
48115,101,89,12,12
48116,151,137,14,14
48117,127,125,2,2
48118,102,96,6,6
48119,85,88,-3,3
48120,64,70,-6,6
48121,114,117,-3,3
48122,104,100,4,4
48123,99,101,-2,2
48124,60,54,6,6
48125,102,107,-5,5
48126,125,124,1,1
48127,109,131,-22,22
48128,106,98,8,8
48129,91,91,0,0
48130,54,71,-17,17
48131,86,95,-9,9
48132,108,117,-9,9
48133,61,53,8,8
48134,63,80,-17,17
48135,112,103,9,9
48136,35,41,-6,6
48137,86,83,3,3
48138,79,85,-6,6
48139,112,115,-3,3
48140,180,176,4,4
48141,94,86,8,8
48142,125,119,6,6
48143,82,76,6,6
48144,94,101,-7,7
48145,83,75,8,8
48146,93,97,-4,4
48147,89,91,-2,2
48148,63,62,1,1
48149,120,123,-3,3
48150,91,76,15,15
48151,102,126,-24,24
48152,70,72,-2,2
48153,66,56,10,10
48154,73,72,1,1
48155,122,110,12,12
48156,50,55,-5,5
48157,65,69,-4,4
48158,146,140,6,6
48159,72,72,0,0
48160,109,95,14,14
48161,67,76,-9,9
48162,138,131,7,7
48163,78,73,5,5
48164,143,142,1,1
48165,82,82,0,0
48166,147,161,-14,14
48167,115,117,-2,2
48168,107,109,-2,2
48169,60,56,4,4
48170,95,87,8,8
48171,95,94,1,1
48172,39,45,-6,6
48173,75,84,-9,9
48174,61,57,4,4
48175,194,193,1,1
48176,67,71,-4,4
48177,104,97,7,7
48178,79,85,-6,6
48179,57,73,-16,16
48180,45,46,-1,1
48181,66,72,-6,6
48182,70,61,9,9
48183,61,70,-9,9
48184,93,87,6,6
48185,104,100,4,4
48186,122,132,-10,10
48187,64,72,-8,8
48188,68,71,-3,3
48189,132,132,0,0
48190,55,64,-9,9
48191,117,114,3,3
48192,89,78,11,11
48193,83,86,-3,3
48194,94,98,-4,4
48195,59,67,-8,8
48196,149,138,11,11
48197,77,76,1,1
48198,92,93,-1,1
48199,84,75,9,9
48200,71,67,4,4
48201,75,67,8,8
48202,123,104,19,19
48203,108,111,-3,3
48204,90,91,-1,1
48205,99,89,10,10
48206,38,52,-14,14
48207,59,58,1,1
48208,104,96,8,8
48209,114,128,-14,14
48210,83,84,-1,1
48211,182,160,22,22
48212,89,71,18,18
48213,77,64,13,13
48214,146,144,2,2
48215,74,73,1,1
48216,73,60,13,13
48217,71,67,4,4
48218,70,64,6,6
48219,139,143,-4,4
48220,75,75,0,0
48221,110,134,-24,24
48222,106,106,0,0
48223,150,148,2,2
48224,132,124,8,8
48225,108,98,10,10
48226,56,50,6,6
48227,133,132,1,1
48228,123,119,4,4
48229,58,56,2,2
48230,73,94,-21,21
48231,118,105,13,13
48232,83,79,4,4
48233,66,66,0,0
48234,83,89,-6,6
48235,89,82,7,7
48236,87,91,-4,4
48237,95,90,5,5
48238,57,59,-2,2
48239,124,126,-2,2
48240,136,134,2,2
48241,102,102,0,0
48242,123,122,1,1
48243,53,56,-3,3
48244,59,65,-6,6
48245,150,134,16,16
48246,140,133,7,7
48247,88,85,3,3
48248,140,135,5,5
48249,86,84,2,2
48250,106,104,2,2
48251,127,146,-19,19
48252,88,66,22,22
48253,99,98,1,1
48254,83,76,7,7
48255,81,75,6,6
48256,151,142,9,9
48257,144,149,-5,5
48258,55,55,0,0
48259,66,60,6,6
48260,103,97,6,6
48261,100,91,9,9
48262,76,77,-1,1
48263,115,109,6,6
48264,135,131,4,4
48265,128,116,12,12
48266,163,152,11,11
48267,81,73,8,8
48268,88,84,4,4
48269,86,102,-16,16
48270,147,143,4,4
48271,179,172,7,7
48272,98,85,13,13
48273,91,84,7,7
48274,145,138,7,7
48275,53,62,-9,9
48276,122,121,1,1
48277,79,70,9,9
48278,118,124,-6,6
48279,100,92,8,8
48280,76,69,7,7
48281,148,141,7,7
48282,55,43,12,12
48283,80,73,7,7
48284,129,139,-10,10
48285,52,56,-4,4
48286,108,106,2,2
48287,71,67,4,4
48288,49,44,5,5
48289,111,93,18,18
48290,97,82,15,15
48291,106,100,6,6
48292,31,49,-18,18
48293,62,55,7,7
48294,140,164,-24,24
48295,102,91,11,11
48296,68,61,7,7
48297,66,55,11,11
48298,98,99,-1,1
48299,29,19,10,10
48300,162,154,8,8
48301,68,66,2,2
48302,39,45,-6,6
48303,61,62,-1,1
48304,126,131,-5,5
48305,82,73,9,9
48306,95,88,7,7
48307,86,92,-6,6
48308,91,94,-3,3
48309,68,78,-10,10
48310,70,65,5,5
48311,56,53,3,3
48312,113,113,0,0
48313,83,74,9,9
48314,185,167,18,18
48315,133,129,4,4
48316,98,96,2,2
48317,47,57,-10,10
48318,86,72,14,14
48319,115,110,5,5
48320,121,114,7,7
48321,130,133,-3,3
48322,116,110,6,6
48323,55,52,3,3
48324,88,85,3,3
48325,158,160,-2,2
48326,208,193,15,15
48327,104,94,10,10
48328,109,105,4,4
48329,94,96,-2,2
48330,49,55,-6,6
48331,66,70,-4,4
48332,135,154,-19,19
48333,112,97,15,15
48334,75,82,-7,7
48335,99,91,8,8
48336,98,94,4,4
48337,77,82,-5,5
48338,108,91,17,17
48339,81,77,4,4
48340,99,110,-11,11
48341,113,92,21,21
48342,68,74,-6,6
48343,111,121,-10,10
48344,57,56,1,1
48345,141,126,15,15
48346,96,95,1,1
48347,57,65,-8,8
48348,86,84,2,2
48349,64,79,-15,15
48350,58,74,-16,16
48351,68,67,1,1
48352,79,72,7,7
48353,128,133,-5,5
48354,133,126,7,7
48355,129,141,-12,12
48356,98,92,6,6
48357,126,115,11,11
48358,68,73,-5,5
48359,98,92,6,6
48360,76,65,11,11
48361,151,126,25,25
48362,143,144,-1,1
48363,81,82,-1,1
48364,154,139,15,15
48365,99,101,-2,2
48366,58,58,0,0
48367,40,43,-3,3
48368,101,110,-9,9
48369,88,74,14,14
48370,102,93,9,9
48371,82,74,8,8
48372,80,72,8,8
48373,77,74,3,3
48374,91,85,6,6
48375,133,134,-1,1
48376,160,146,14,14
48377,137,130,7,7
48378,110,103,7,7
48379,78,73,5,5
48380,83,83,0,0
48381,68,78,-10,10
48382,85,88,-3,3
48383,90,83,7,7
48384,51,58,-7,7
48385,95,91,4,4
48386,133,126,7,7
48387,63,59,4,4
48388,64,62,2,2
48389,64,54,10,10
48390,128,129,-1,1
48391,94,97,-3,3
48392,87,76,11,11
48393,49,52,-3,3
48394,66,56,10,10
48395,53,53,0,0
48396,99,94,5,5
48397,55,59,-4,4
48398,166,156,10,10
48399,179,168,11,11
48400,100,82,18,18
48401,97,94,3,3
48402,139,124,15,15
48403,59,77,-18,18
48404,175,167,8,8
48405,123,126,-3,3
48406,72,72,0,0
48407,77,85,-8,8
48408,86,72,14,14
48409,52,48,4,4
48410,122,138,-16,16
48411,83,79,4,4
48412,109,115,-6,6
48413,123,119,4,4
48414,72,72,0,0
48415,86,77,9,9
48416,97,113,-16,16
48417,98,91,7,7
48418,98,85,13,13
48419,72,67,5,5
48420,160,149,11,11
48421,61,57,4,4
48422,91,91,0,0
48423,65,60,5,5
48424,145,136,9,9
48425,60,60,0,0
48426,125,104,21,21
48427,57,63,-6,6
48428,117,113,4,4
48429,104,99,5,5
48430,141,139,2,2
48431,65,63,2,2
48432,78,73,5,5
48433,74,73,1,1
48434,82,83,-1,1
48435,83,83,0,0
48436,79,81,-2,2
48437,79,81,-2,2
48438,73,67,6,6
48439,154,139,15,15
48440,89,87,2,2
48441,83,87,-4,4
48442,79,74,5,5
48443,167,154,13,13
48444,103,118,-15,15
48445,89,85,4,4
48446,199,184,15,15
48447,63,69,-6,6
48448,67,59,8,8
48449,152,163,-11,11
48450,98,100,-2,2
48451,78,76,2,2
48452,78,73,5,5
48453,119,124,-5,5
48454,93,96,-3,3
48455,121,119,2,2
48456,105,85,20,20
48457,184,158,26,26
48458,60,61,-1,1
48459,167,150,17,17
48460,51,56,-5,5
48461,114,118,-4,4
48462,59,51,8,8
48463,98,105,-7,7
48464,62,60,2,2
48465,74,64,10,10
48466,87,79,8,8
48467,84,84,0,0
48468,63,66,-3,3
48469,103,86,17,17
48470,133,117,16,16
48471,125,111,14,14
48472,137,137,0,0
48473,82,67,15,15
48474,145,144,1,1
48475,111,117,-6,6
48476,117,117,0,0
48477,61,54,7,7
48478,107,113,-6,6
48479,127,127,0,0
48480,50,51,-1,1
48481,75,68,7,7
48482,173,164,9,9
48483,162,146,16,16
48484,72,77,-5,5
48485,104,89,15,15
48486,84,81,3,3
48487,84,75,9,9
48488,99,98,1,1
48489,109,108,1,1
48490,125,132,-7,7
48491,100,93,7,7
48492,108,115,-7,7
48493,118,119,-1,1
48494,70,76,-6,6
48495,67,58,9,9
48496,39,43,-4,4
48497,87,87,0,0
48498,71,77,-6,6
48499,65,71,-6,6
48500,185,168,17,17
48501,89,82,7,7
48502,94,86,8,8
48503,68,74,-6,6
48504,66,65,1,1
48505,126,117,9,9
48506,99,92,7,7
48507,100,97,3,3
48508,85,69,16,16
48509,38,55,-17,17
48510,170,163,7,7
48511,109,97,12,12
48512,90,80,10,10
48513,58,60,-2,2
48514,52,59,-7,7
48515,162,176,-14,14
48516,60,59,1,1
48517,99,97,2,2
48518,80,74,6,6
48519,82,93,-11,11
48520,112,111,1,1
48521,81,65,16,16
48522,112,129,-17,17
48523,160,154,6,6
48524,44,44,0,0
48525,60,64,-4,4
48526,87,79,8,8
48527,66,56,10,10
48528,54,49,5,5
48529,158,137,21,21
48530,125,122,3,3
48531,61,61,0,0
48532,179,179,0,0
48533,174,157,17,17
48534,86,100,-14,14
48535,86,95,-9,9
48536,79,97,-18,18
48537,60,58,2,2
48538,78,72,6,6
48539,128,127,1,1
48540,111,104,7,7
48541,98,90,8,8
48542,142,108,34,34
48543,65,63,2,2
48544,142,128,14,14
48545,176,181,-5,5
48546,88,87,1,1
48547,165,161,4,4
48548,85,94,-9,9
48549,85,79,6,6
48550,88,88,0,0
48551,97,103,-6,6
48552,125,114,11,11
48553,99,95,4,4
48554,83,77,6,6
48555,97,107,-10,10
48556,96,90,6,6
48557,62,63,-1,1
48558,99,114,-15,15
48559,57,60,-3,3
48560,77,79,-2,2
48561,77,83,-6,6
48562,104,122,-18,18
48563,114,103,11,11
48564,94,84,10,10
48565,67,79,-12,12
48566,112,103,9,9
48567,128,122,6,6
48568,93,93,0,0
48569,115,126,-11,11
48570,63,61,2,2
48571,67,68,-1,1
48572,136,134,2,2
48573,96,107,-11,11
48574,97,110,-13,13
48575,97,103,-6,6
48576,100,96,4,4
48577,60,64,-4,4
48578,155,184,-29,29
48579,80,92,-12,12
48580,92,108,-16,16
48581,130,120,10,10
48582,139,121,18,18
48583,121,119,2,2
48584,58,57,1,1
48585,73,82,-9,9
48586,98,94,4,4
48587,95,100,-5,5
48588,126,113,13,13
48589,112,102,10,10
48590,82,84,-2,2
48591,105,111,-6,6
48592,68,76,-8,8
48593,67,77,-10,10
48594,121,126,-5,5
48595,164,147,17,17
48596,107,110,-3,3
48597,110,108,2,2
48598,125,126,-1,1
48599,71,68,3,3
48600,77,79,-2,2
48601,97,91,6,6
48602,114,123,-9,9
48603,140,140,0,0
48604,57,60,-3,3
48605,99,89,10,10
48606,99,94,5,5
48607,52,54,-2,2
48608,83,72,11,11
48609,173,231,-58,58
48610,94,96,-2,2
48611,47,50,-3,3
48612,58,73,-15,15
48613,61,70,-9,9
48614,82,100,-18,18
48615,53,71,-18,18
48616,53,55,-2,2
48617,77,78,-1,1
48618,88,97,-9,9
48619,74,71,3,3
48620,74,71,3,3
48621,150,141,9,9
48622,135,140,-5,5
48623,176,184,-8,8
48624,53,55,-2,2
48625,140,139,1,1
48626,106,119,-13,13
48627,189,166,23,23
48628,104,110,-6,6
48629,71,87,-16,16
48630,66,60,6,6
48631,82,86,-4,4
48632,111,130,-19,19
48633,114,82,32,32
48634,140,141,-1,1
48635,95,97,-2,2
48636,152,142,10,10
48637,101,111,-10,10
48638,67,64,3,3
48639,47,57,-10,10
48640,73,83,-10,10
48641,84,97,-13,13
48642,92,77,15,15
48643,157,162,-5,5
48644,128,129,-1,1
48645,96,108,-12,12
48646,91,84,7,7
48647,92,83,9,9
48648,132,123,9,9
48649,170,171,-1,1
48650,103,84,19,19
48651,46,49,-3,3
48652,123,105,18,18
48653,91,76,15,15
48654,111,112,-1,1
48655,144,155,-11,11
48656,73,75,-2,2
48657,116,112,4,4
48658,137,131,6,6
48659,131,125,6,6
48660,37,45,-8,8
48661,84,97,-13,13
48662,91,78,13,13
48663,175,180,-5,5
48664,137,140,-3,3
48665,91,82,9,9
48666,41,56,-15,15
48667,88,74,14,14
48668,86,75,11,11
48669,67,70,-3,3
48670,181,164,17,17
48671,108,102,6,6
48672,51,53,-2,2
48673,145,140,5,5
48674,87,83,4,4
48675,42,45,-3,3
48676,92,86,6,6
48677,196,183,13,13
48678,43,43,0,0
48679,108,107,1,1
48680,131,120,11,11
48681,105,111,-6,6
48682,77,78,-1,1
48683,80,74,6,6
48684,144,130,14,14
48685,120,137,-17,17
48686,70,66,4,4
48687,62,57,5,5
48688,40,48,-8,8
48689,80,71,9,9
48690,93,83,10,10
48691,41,49,-8,8
48692,90,94,-4,4
48693,82,76,6,6
48694,85,84,1,1
48695,103,89,14,14
48696,119,113,6,6
48697,65,65,0,0
48698,85,77,8,8
48699,114,101,13,13
48700,95,88,7,7
48701,39,42,-3,3
48702,89,80,9,9
48703,116,117,-1,1
48704,133,138,-5,5
48705,76,72,4,4
48706,146,136,10,10
48707,55,52,3,3
48708,170,168,2,2
48709,76,74,2,2
48710,89,97,-8,8
48711,76,93,-17,17
48712,107,100,7,7
48713,69,65,4,4
48714,94,101,-7,7
48715,106,102,4,4
48716,91,85,6,6
48717,158,170,-12,12
48718,110,110,0,0
48719,69,71,-2,2
48720,90,81,9,9
48721,99,91,8,8
48722,74,73,1,1
48723,94,102,-8,8
48724,70,64,6,6
48725,81,90,-9,9
48726,136,146,-10,10
48727,89,87,2,2
48728,113,102,11,11
48729,110,96,14,14
48730,137,145,-8,8
48731,100,95,5,5
48732,114,110,4,4
48733,122,111,11,11
48734,27,41,-14,14
48735,105,119,-14,14
48736,65,75,-10,10
48737,120,131,-11,11
48738,68,66,2,2
48739,158,148,10,10
48740,76,79,-3,3
48741,123,117,6,6
48742,71,71,0,0
48743,86,80,6,6
48744,68,77,-9,9
48745,118,114,4,4
48746,36,40,-4,4
48747,26,31,-5,5
48748,55,51,4,4
48749,87,84,3,3
48750,117,110,7,7
48751,36,38,-2,2
48752,112,105,7,7
48753,73,67,6,6
48754,93,91,2,2
48755,122,109,13,13
48756,117,111,6,6
48757,116,131,-15,15
48758,95,86,9,9
48759,51,57,-6,6
48760,81,77,4,4
48761,88,72,16,16
48762,62,62,0,0
48763,84,63,21,21
48764,69,62,7,7
48765,62,68,-6,6
48766,101,102,-1,1
48767,112,109,3,3
48768,182,161,21,21
48769,51,52,-1,1
48770,89,94,-5,5
48771,123,125,-2,2
48772,91,90,1,1
48773,67,76,-9,9
48774,150,140,10,10
48775,61,63,-2,2
48776,107,95,12,12
48777,53,57,-4,4
48778,79,80,-1,1
48779,143,162,-19,19
48780,115,118,-3,3
48781,66,75,-9,9
48782,104,97,7,7
48783,154,162,-8,8
48784,96,89,7,7
48785,165,170,-5,5
48786,124,128,-4,4
48787,108,99,9,9
48788,106,111,-5,5
48789,124,134,-10,10
48790,91,100,-9,9
48791,98,121,-23,23
48792,74,82,-8,8
48793,146,148,-2,2
48794,136,147,-11,11
48795,96,107,-11,11
48796,117,118,-1,1
48797,113,108,5,5
48798,118,109,9,9
48799,151,128,23,23
48800,157,156,1,1
48801,98,80,18,18
48802,136,136,0,0
48803,119,135,-16,16
48804,66,65,1,1
48805,144,142,2,2
48806,118,114,4,4
48807,186,187,-1,1
48808,91,95,-4,4
48809,99,92,7,7
48810,78,77,1,1
48811,81,86,-5,5
48812,77,77,0,0
48813,51,52,-1,1
48814,81,80,1,1
48815,110,106,4,4
48816,83,80,3,3
48817,75,86,-11,11
48818,73,66,7,7
48819,113,109,4,4
48820,84,71,13,13
48821,94,86,8,8
48822,77,86,-9,9
48823,101,96,5,5
48824,100,84,16,16
48825,68,70,-2,2
48826,65,75,-10,10
48827,159,164,-5,5
48828,66,65,1,1
48829,149,133,16,16
48830,81,89,-8,8
48831,56,54,2,2
48832,149,166,-17,17
48833,56,47,9,9
48834,110,113,-3,3
48835,61,57,4,4
48836,57,54,3,3
48837,107,110,-3,3
48838,58,66,-8,8
48839,106,104,2,2
48840,145,127,18,18
48841,70,69,1,1
48842,115,122,-7,7
48843,106,86,20,20
48844,144,132,12,12
48845,129,111,18,18
48846,127,141,-14,14
48847,223,198,25,25
48848,147,150,-3,3
48849,95,84,11,11
48850,34,33,1,1
48851,66,59,7,7
48852,88,87,1,1
48853,91,81,10,10
48854,90,79,11,11
48855,131,137,-6,6
48856,61,65,-4,4
48857,66,76,-10,10
48858,125,122,3,3
48859,69,61,8,8
48860,73,79,-6,6
48861,87,93,-6,6
48862,89,82,7,7
48863,69,77,-8,8
48864,114,112,2,2
48865,64,66,-2,2
48866,146,143,3,3
48867,93,97,-4,4
48868,54,55,-1,1
48869,171,184,-13,13
48870,63,62,1,1
48871,70,84,-14,14
48872,61,61,0,0
48873,75,72,3,3
48874,158,142,16,16
48875,65,82,-17,17
48876,93,96,-3,3
48877,97,87,10,10
48878,126,76,50,50
48879,122,120,2,2
48880,128,137,-9,9
48881,109,108,1,1
48882,90,86,4,4
48883,167,168,-1,1
48884,79,70,9,9
48885,56,56,0,0
48886,117,112,5,5
48887,80,75,5,5
48888,48,46,2,2
48889,72,77,-5,5
48890,69,71,-2,2
48891,105,103,2,2
48892,103,103,0,0
48893,94,95,-1,1
48894,91,82,9,9
48895,117,120,-3,3
48896,168,165,3,3
48897,60,56,4,4
48898,93,96,-3,3
48899,110,102,8,8
48900,61,54,7,7
48901,133,136,-3,3
48902,124,108,16,16
48903,131,133,-2,2
48904,81,79,2,2
48905,78,69,9,9
48906,117,116,1,1
48907,116,117,-1,1
48908,75,74,1,1
48909,50,54,-4,4
48910,76,65,11,11
48911,120,117,3,3
48912,96,91,5,5
48913,99,108,-9,9
48914,163,157,6,6
48915,136,128,8,8
48916,150,135,15,15
48917,87,101,-14,14
48918,116,116,0,0
48919,127,131,-4,4
48920,73,65,8,8
48921,110,101,9,9
48922,65,62,3,3
48923,74,72,2,2
48924,98,106,-8,8
48925,74,72,2,2
48926,105,102,3,3
48927,92,93,-1,1
48928,80,81,-1,1
48929,111,112,-1,1
48930,93,84,9,9
48931,69,55,14,14
48932,76,86,-10,10
48933,59,50,9,9
48934,127,123,4,4
48935,45,50,-5,5
48936,100,76,24,24
48937,111,113,-2,2
48938,165,208,-43,43
48939,161,177,-16,16
48940,108,118,-10,10
48941,85,71,14,14
48942,131,135,-4,4
48943,28,57,-29,29
48944,92,88,4,4
48945,55,56,-1,1
48946,134,131,3,3
48947,112,100,12,12
48948,123,111,12,12
48949,137,136,1,1
48950,72,77,-5,5
48951,116,112,4,4
48952,136,126,10,10
48953,122,117,5,5
48954,120,119,1,1
48955,85,72,13,13
48956,98,102,-4,4
48957,108,132,-24,24
48958,95,96,-1,1
48959,71,72,-1,1
48960,160,144,16,16
48961,112,120,-8,8
48962,98,96,2,2
48963,72,70,2,2
48964,102,102,0,0
48965,95,84,11,11
48966,130,109,21,21
48967,96,90,6,6
48968,123,116,7,7
48969,100,104,-4,4
48970,172,169,3,3
48971,55,52,3,3
48972,60,77,-17,17
48973,101,99,2,2
48974,90,102,-12,12
48975,76,85,-9,9
48976,80,77,3,3
48977,100,105,-5,5
48978,61,59,2,2
48979,75,75,0,0
48980,81,96,-15,15
48981,121,120,1,1
48982,81,83,-2,2
48983,139,141,-2,2
48984,86,73,13,13
48985,94,90,4,4
48986,121,123,-2,2
48987,83,76,7,7
48988,127,135,-8,8
48989,49,59,-10,10
48990,83,93,-10,10
48991,76,76,0,0
48992,113,110,3,3
48993,73,65,8,8
48994,85,95,-10,10
48995,97,102,-5,5
48996,82,76,6,6
48997,103,103,0,0
48998,68,64,4,4
48999,65,65,0,0
49000,46,55,-9,9
49001,108,104,4,4
49002,96,106,-10,10
49003,133,129,4,4
49004,97,96,1,1
49005,62,52,10,10
49006,95,91,4,4
49007,132,123,9,9
49008,164,152,12,12
49009,62,61,1,1
49010,81,80,1,1
49011,91,91,0,0
49012,73,73,0,0
49013,73,72,1,1
49014,105,116,-11,11
49015,75,76,-1,1
49016,73,59,14,14
49017,94,94,0,0
49018,112,116,-4,4
49019,107,95,12,12
49020,79,77,2,2
49021,128,130,-2,2
49022,100,90,10,10
49023,68,64,4,4
49024,84,73,11,11
49025,115,144,-29,29
49026,68,72,-4,4
49027,50,50,0,0
49028,80,78,2,2
49029,71,65,6,6
49030,115,116,-1,1
49031,103,112,-9,9
49032,112,105,7,7
49033,95,86,9,9
49034,132,140,-8,8
49035,108,109,-1,1
49036,89,101,-12,12
49037,96,92,4,4
49038,110,108,2,2
49039,103,165,-62,62
49040,113,87,26,26
49041,72,76,-4,4
49042,85,98,-13,13
49043,106,104,2,2
49044,101,98,3,3
49045,117,128,-11,11
49046,67,73,-6,6
49047,82,77,5,5
49048,61,60,1,1
49049,64,52,12,12
49050,86,95,-9,9
49051,89,81,8,8
49052,49,56,-7,7
49053,136,122,14,14
49054,137,132,5,5
49055,79,73,6,6
49056,127,114,13,13
49057,130,130,0,0
49058,119,142,-23,23
49059,83,78,5,5
49060,98,104,-6,6
49061,124,123,1,1
49062,72,89,-17,17
49063,114,119,-5,5
49064,144,134,10,10
49065,117,105,12,12
49066,68,70,-2,2
49067,41,47,-6,6
49068,88,90,-2,2
49069,156,147,9,9
49070,85,76,9,9
49071,99,94,5,5
49072,71,86,-15,15
49073,152,139,13,13
49074,86,76,10,10
49075,95,87,8,8
49076,100,97,3,3
49077,99,96,3,3
49078,137,99,38,38
49079,78,68,10,10
49080,142,138,4,4
49081,80,92,-12,12
49082,70,63,7,7
49083,112,103,9,9
49084,116,122,-6,6
49085,76,80,-4,4
49086,128,127,1,1
49087,101,99,2,2
49088,111,108,3,3
49089,71,63,8,8
49090,129,129,0,0
49091,170,161,9,9
49092,136,122,14,14
49093,105,99,6,6
49094,117,108,9,9
49095,102,91,11,11
49096,77,76,1,1
49097,103,106,-3,3
49098,53,57,-4,4
49099,94,105,-11,11
49100,73,72,1,1
49101,65,67,-2,2
49102,107,127,-20,20
49103,78,86,-8,8
49104,83,84,-1,1
49105,117,113,4,4
49106,33,38,-5,5
49107,97,98,-1,1
49108,119,120,-1,1
49109,74,69,5,5
49110,96,97,-1,1
49111,113,116,-3,3
49112,68,79,-11,11
49113,78,71,7,7
49114,123,106,17,17
49115,121,133,-12,12
49116,74,69,5,5
49117,100,95,5,5
49118,71,73,-2,2
49119,46,44,2,2
49120,90,89,1,1
49121,63,74,-11,11
49122,94,91,3,3
49123,83,82,1,1
49124,86,89,-3,3
49125,116,116,0,0
49126,107,99,8,8
49127,111,120,-9,9
49128,211,203,8,8
49129,71,62,9,9
49130,57,74,-17,17
49131,135,133,2,2
49132,111,106,5,5
49133,97,82,15,15
49134,139,141,-2,2
49135,96,96,0,0
49136,91,86,5,5
49137,131,129,2,2
49138,134,130,4,4
49139,81,78,3,3
49140,123,113,10,10
49141,122,127,-5,5
49142,149,148,1,1
49143,122,117,5,5
49144,114,98,16,16
49145,112,98,14,14
49146,110,102,8,8
49147,111,114,-3,3
49148,50,47,3,3
49149,52,52,0,0
49150,119,139,-20,20
49151,67,77,-10,10
49152,135,136,-1,1
49153,81,72,9,9
49154,122,107,15,15
49155,130,135,-5,5
49156,60,59,1,1
49157,108,119,-11,11
49158,97,91,6,6
49159,50,57,-7,7
49160,77,65,12,12
49161,106,98,8,8
49162,100,101,-1,1
49163,70,72,-2,2
49164,99,102,-3,3
49165,108,110,-2,2
49166,138,128,10,10
49167,132,133,-1,1
49168,73,71,2,2
49169,73,81,-8,8
49170,111,105,6,6
49171,101,102,-1,1
49172,123,128,-5,5
49173,80,112,-32,32
49174,56,62,-6,6
49175,101,89,12,12
49176,119,115,4,4
49177,125,138,-13,13
49178,107,112,-5,5
49179,141,138,3,3
49180,110,120,-10,10
49181,91,80,11,11
49182,67,62,5,5
49183,91,95,-4,4
49184,62,58,4,4
49185,66,62,4,4
49186,51,75,-24,24
49187,26,43,-17,17
49188,112,112,0,0
49189,85,75,10,10
49190,173,167,6,6
49191,65,54,11,11
49192,71,73,-2,2
49193,48,47,1,1
49194,113,104,9,9
49195,111,116,-5,5
49196,76,82,-6,6
49197,72,66,6,6
49198,104,97,7,7
49199,113,107,6,6
49200,80,79,1,1
49201,129,133,-4,4
49202,80,74,6,6
49203,99,97,2,2
49204,98,95,3,3
49205,186,181,5,5
49206,84,87,-3,3
49207,46,47,-1,1
49208,81,90,-9,9
49209,62,57,5,5
49210,85,80,5,5
49211,63,62,1,1
49212,114,125,-11,11
49213,91,86,5,5
49214,100,116,-16,16
49215,53,49,4,4
49216,127,116,11,11
49217,93,81,12,12
49218,59,57,2,2
49219,52,45,7,7
49220,100,99,1,1
49221,73,75,-2,2
49222,110,112,-2,2
49223,88,67,21,21
49224,87,83,4,4
49225,53,55,-2,2
49226,96,97,-1,1
49227,70,78,-8,8
49228,80,88,-8,8
49229,80,70,10,10
49230,78,75,3,3
49231,45,44,1,1
49232,97,88,9,9
49233,172,160,12,12
49234,92,88,4,4
49235,72,68,4,4
49236,125,141,-16,16
49237,72,77,-5,5
49238,156,156,0,0
49239,61,57,4,4
49240,118,126,-8,8
49241,89,106,-17,17
49242,126,111,15,15
49243,121,99,22,22
49244,63,72,-9,9
49245,96,90,6,6
49246,123,116,7,7
49247,80,82,-2,2
49248,120,127,-7,7
49249,75,75,0,0
49250,128,128,0,0
49251,166,156,10,10
49252,129,124,5,5
49253,74,78,-4,4
49254,70,76,-6,6
49255,75,73,2,2
49256,115,92,23,23
49257,109,110,-1,1
49258,86,81,5,5
49259,90,109,-19,19
49260,95,89,6,6
49261,102,109,-7,7
49262,178,180,-2,2
49263,140,137,3,3
49264,148,141,7,7
49265,75,75,0,0
49266,94,80,14,14
49267,83,88,-5,5
49268,184,175,9,9
49269,98,88,10,10
49270,36,35,1,1
49271,68,62,6,6
49272,88,84,4,4
49273,71,61,10,10
49274,80,68,12,12
49275,81,82,-1,1
49276,98,107,-9,9
49277,99,88,11,11
49278,41,55,-14,14
49279,51,50,1,1
49280,161,154,7,7
49281,76,80,-4,4
49282,103,95,8,8
49283,86,72,14,14
49284,111,107,4,4
49285,132,125,7,7
49286,91,82,9,9
49287,114,98,16,16
49288,106,96,10,10
49289,140,138,2,2
49290,54,54,0,0
49291,231,208,23,23
49292,74,73,1,1
49293,59,56,3,3
49294,149,139,10,10
49295,98,80,18,18
49296,96,92,4,4
49297,98,100,-2,2
49298,29,33,-4,4
49299,80,73,7,7
49300,115,110,5,5
49301,75,66,9,9
49302,93,94,-1,1
49303,86,80,6,6
49304,67,63,4,4
49305,56,51,5,5
49306,120,119,1,1
49307,188,177,11,11
49308,31,49,-18,18
49309,51,60,-9,9
49310,55,57,-2,2
49311,81,79,2,2
49312,75,76,-1,1
49313,63,65,-2,2
49314,85,82,3,3
49315,32,38,-6,6
49316,83,88,-5,5
49317,86,83,3,3
49318,122,102,20,20
49319,46,51,-5,5
49320,122,111,11,11
49321,101,111,-10,10
49322,55,61,-6,6
49323,80,69,11,11
49324,106,103,3,3
49325,79,94,-15,15
49326,143,156,-13,13
49327,124,130,-6,6
49328,128,128,0,0
49329,88,90,-2,2
49330,98,111,-13,13
49331,207,190,17,17
49332,133,119,14,14
49333,46,42,4,4
49334,115,119,-4,4
49335,75,58,17,17
49336,93,82,11,11
49337,99,105,-6,6
49338,107,115,-8,8
49339,99,96,3,3
49340,78,74,4,4
49341,104,92,12,12
49342,112,118,-6,6
49343,75,67,8,8
49344,84,89,-5,5
49345,87,90,-3,3
49346,83,76,7,7
49347,151,144,7,7
49348,23,43,-20,20
49349,168,168,0,0
49350,62,57,5,5
49351,65,68,-3,3
49352,68,67,1,1
49353,110,116,-6,6
49354,159,149,10,10
49355,44,46,-2,2
49356,144,139,5,5
49357,71,65,6,6
49358,71,66,5,5
49359,131,118,13,13
49360,148,99,49,49
49361,116,114,2,2
49362,117,107,10,10
49363,116,131,-15,15
49364,95,85,10,10
49365,59,71,-12,12
49366,41,51,-10,10
49367,80,88,-8,8
49368,66,72,-6,6
49369,98,86,12,12
49370,186,181,5,5
49371,109,105,4,4
49372,97,122,-25,25
49373,74,64,10,10
49374,113,120,-7,7
49375,61,59,2,2
49376,108,108,0,0
49377,123,117,6,6
49378,78,78,0,0
49379,57,64,-7,7
49380,42,53,-11,11
49381,118,126,-8,8
49382,59,55,4,4
49383,96,101,-5,5
49384,69,71,-2,2
49385,94,88,6,6
49386,84,88,-4,4
49387,182,194,-12,12
49388,44,51,-7,7
49389,74,83,-9,9
49390,84,69,15,15
49391,173,164,9,9
49392,73,72,1,1
49393,67,65,2,2
49394,84,83,1,1
49395,106,104,2,2
49396,80,77,3,3
49397,79,92,-13,13
49398,61,56,5,5
49399,73,74,-1,1
49400,50,48,2,2
49401,94,100,-6,6
49402,86,88,-2,2
49403,71,56,15,15
49404,60,64,-4,4
49405,126,126,0,0
49406,60,57,3,3
49407,65,57,8,8
49408,83,76,7,7
49409,47,46,1,1
49410,234,199,35,35
49411,101,88,13,13
49412,111,104,7,7
49413,65,61,4,4
49414,50,57,-7,7
49415,63,67,-4,4
49416,121,135,-14,14
49417,63,50,13,13
49418,105,97,8,8
49419,51,60,-9,9
49420,85,72,13,13
49421,154,135,19,19
49422,130,123,7,7
49423,95,92,3,3
49424,55,63,-8,8
49425,95,95,0,0
49426,154,145,9,9
49427,109,104,5,5
49428,57,62,-5,5
49429,109,102,7,7
49430,125,101,24,24
49431,85,79,6,6
49432,76,72,4,4
49433,66,77,-11,11
49434,89,78,11,11
49435,64,64,0,0
49436,46,61,-15,15
49437,79,77,2,2
49438,114,113,1,1
49439,73,66,7,7
49440,130,135,-5,5
49441,78,68,10,10
49442,62,69,-7,7
49443,49,47,2,2
49444,65,69,-4,4
49445,66,63,3,3
49446,72,70,2,2
49447,81,79,2,2
49448,131,128,3,3
49449,113,113,0,0
49450,103,94,9,9
49451,60,58,2,2
49452,61,55,6,6
49453,62,59,3,3
49454,79,78,1,1
49455,111,115,-4,4
49456,108,99,9,9
49457,124,97,27,27
49458,93,115,-22,22
49459,121,119,2,2
49460,49,55,-6,6
49461,72,76,-4,4
49462,86,70,16,16
49463,64,61,3,3
49464,95,80,15,15
49465,108,115,-7,7
49466,148,145,3,3
49467,71,68,3,3
49468,85,97,-12,12
49469,72,76,-4,4
49470,107,107,0,0
49471,121,108,13,13
49472,119,55,64,64
49473,81,91,-10,10
49474,94,93,1,1
49475,147,116,31,31
49476,101,99,2,2
49477,106,114,-8,8
49478,59,59,0,0
49479,70,61,9,9
49480,52,53,-1,1
49481,89,77,12,12
49482,128,115,13,13
49483,111,113,-2,2
49484,146,142,4,4
49485,49,51,-2,2
49486,110,106,4,4
49487,119,92,27,27
49488,96,95,1,1
49489,119,122,-3,3
49490,140,130,10,10
49491,124,123,1,1
49492,90,85,5,5
49493,68,72,-4,4
49494,92,102,-10,10
49495,163,150,13,13
49496,77,72,5,5
49497,103,103,0,0
49498,126,113,13,13
49499,70,70,0,0
49500,127,118,9,9
49501,76,76,0,0
49502,138,135,3,3
49503,88,94,-6,6
49504,58,75,-17,17
49505,68,60,8,8
49506,146,146,0,0
49507,139,143,-4,4
49508,71,78,-7,7
49509,143,137,6,6
49510,123,102,21,21
49511,55,59,-4,4
49512,93,94,-1,1
49513,74,77,-3,3
49514,122,124,-2,2
49515,79,82,-3,3
49516,75,71,4,4
49517,72,77,-5,5
49518,122,124,-2,2
49519,82,75,7,7
49520,66,63,3,3
49521,67,70,-3,3
49522,62,62,0,0
49523,108,101,7,7
49524,82,82,0,0
49525,93,100,-7,7
49526,57,61,-4,4
49527,73,72,1,1
49528,116,96,20,20
49529,97,87,10,10
49530,107,106,1,1
49531,69,58,11,11
49532,118,118,0,0
49533,112,110,2,2
49534,75,79,-4,4
49535,128,137,-9,9
49536,96,90,6,6
49537,81,83,-2,2
49538,149,141,8,8
49539,65,66,-1,1
49540,28,41,-13,13
49541,92,99,-7,7
49542,82,83,-1,1
49543,65,72,-7,7
49544,130,129,1,1
49545,85,87,-2,2
49546,105,97,8,8
49547,119,114,5,5
49548,124,111,13,13
49549,89,83,6,6
49550,52,51,1,1
49551,95,84,11,11
49552,111,127,-16,16
49553,110,95,15,15
49554,104,95,9,9
49555,107,118,-11,11
49556,79,77,2,2
49557,98,94,4,4
49558,113,110,3,3
49559,59,57,2,2
49560,86,73,13,13
49561,40,49,-9,9
49562,59,58,1,1
49563,108,113,-5,5
49564,49,57,-8,8
49565,86,73,13,13
49566,84,76,8,8
49567,93,86,7,7
49568,74,69,5,5
49569,73,69,4,4
49570,89,96,-7,7
49571,83,85,-2,2
49572,94,97,-3,3
49573,103,91,12,12
49574,117,115,2,2
49575,162,156,6,6
49576,72,86,-14,14
49577,107,109,-2,2
49578,122,118,4,4
49579,108,113,-5,5
49580,96,79,17,17
49581,98,95,3,3
49582,111,116,-5,5
49583,51,51,0,0
49584,70,72,-2,2
49585,64,58,6,6
49586,47,57,-10,10
49587,45,45,0,0
49588,69,82,-13,13
49589,91,85,6,6
49590,77,62,15,15
49591,83,80,3,3
49592,73,65,8,8
49593,70,74,-4,4
49594,228,193,35,35
49595,50,67,-17,17
49596,69,66,3,3
49597,88,86,2,2
49598,76,76,0,0
49599,80,74,6,6
49600,73,65,8,8
49601,86,81,5,5
49602,103,117,-14,14
49603,135,129,6,6
49604,75,82,-7,7
49605,78,75,3,3
49606,114,105,9,9
49607,112,129,-17,17
49608,66,65,1,1
49609,94,81,13,13
49610,86,72,14,14
49611,86,79,7,7
49612,115,127,-12,12
49613,81,71,10,10
49614,96,102,-6,6
49615,100,86,14,14
49616,137,134,3,3
49617,71,64,7,7
49618,77,74,3,3
49619,102,94,8,8
49620,83,86,-3,3
49621,87,85,2,2
49622,123,96,27,27
49623,65,74,-9,9
49624,59,60,-1,1
49625,98,99,-1,1
49626,127,133,-6,6
49627,141,129,12,12
49628,55,55,0,0
49629,63,62,1,1
49630,102,95,7,7
49631,63,70,-7,7
49632,108,104,4,4
49633,105,99,6,6
49634,57,48,9,9
49635,64,54,10,10
49636,83,76,7,7
49637,97,99,-2,2
49638,97,99,-2,2
49639,84,88,-4,4
49640,117,113,4,4
49641,99,98,1,1
49642,106,109,-3,3
49643,101,92,9,9
49644,91,78,13,13
49645,131,123,8,8
49646,162,160,2,2
49647,81,80,1,1
49648,56,53,3,3
49649,120,93,27,27
49650,103,89,14,14
49651,43,44,-1,1
49652,59,58,1,1
49653,90,73,17,17
49654,116,115,1,1
49655,55,52,3,3
49656,97,78,19,19
49657,99,84,15,15
49658,52,57,-5,5
49659,32,45,-13,13
49660,91,98,-7,7
49661,92,86,6,6
49662,52,54,-2,2
49663,159,144,15,15
49664,144,126,18,18
49665,115,119,-4,4
49666,44,53,-9,9
49667,114,116,-2,2
49668,183,170,13,13
49669,94,87,7,7
49670,82,91,-9,9
49671,85,72,13,13
49672,71,69,2,2
49673,151,144,7,7
49674,98,97,1,1
49675,116,117,-1,1
49676,108,96,12,12
49677,85,82,3,3
49678,96,105,-9,9
49679,94,96,-2,2
49680,59,64,-5,5
49681,81,82,-1,1
49682,125,128,-3,3
49683,64,74,-10,10
49684,106,103,3,3
49685,89,94,-5,5
49686,91,78,13,13
49687,72,67,5,5
49688,69,79,-10,10
49689,94,80,14,14
49690,133,137,-4,4
49691,115,114,1,1
49692,92,89,3,3
49693,171,150,21,21
49694,108,103,5,5
49695,102,99,3,3
49696,133,140,-7,7
49697,89,81,8,8
49698,93,83,10,10
49699,39,49,-10,10
49700,119,110,9,9
49701,116,116,0,0
49702,71,61,10,10
49703,121,128,-7,7
49704,109,104,5,5
49705,121,106,15,15
49706,87,89,-2,2
49707,73,81,-8,8
49708,103,90,13,13
49709,50,53,-3,3
49710,53,52,1,1
49711,94,97,-3,3
49712,143,149,-6,6
49713,68,66,2,2
49714,148,138,10,10
49715,54,47,7,7
49716,121,109,12,12
49717,116,135,-19,19
49718,91,96,-5,5
49719,74,63,11,11
49720,68,62,6,6
49721,129,128,1,1
49722,69,58,11,11
49723,43,47,-4,4
49724,125,105,20,20
49725,101,108,-7,7
49726,188,171,17,17
49727,135,119,16,16
49728,57,65,-8,8
49729,96,101,-5,5
49730,68,67,1,1
49731,154,138,16,16
49732,101,96,5,5
49733,48,54,-6,6
49734,62,74,-12,12
49735,182,175,7,7
49736,83,74,9,9
49737,52,57,-5,5
49738,97,73,24,24
49739,108,88,20,20
49740,90,109,-19,19
49741,88,86,2,2
49742,109,98,11,11
49743,84,93,-9,9
49744,93,92,1,1
49745,87,79,8,8
49746,75,70,5,5
49747,77,86,-9,9
49748,159,142,17,17
49749,56,58,-2,2
49750,135,115,20,20
49751,42,49,-7,7
49752,42,43,-1,1
49753,82,97,-15,15
49754,106,90,16,16
49755,98,111,-13,13
49756,59,65,-6,6
49757,158,141,17,17
49758,109,123,-14,14
49759,93,90,3,3
49760,174,162,12,12
49761,91,95,-4,4
49762,138,125,13,13
49763,104,102,2,2
49764,92,92,0,0
49765,67,68,-1,1
49766,87,90,-3,3
49767,135,124,11,11
49768,102,92,10,10
49769,164,151,13,13
49770,67,68,-1,1
49771,106,82,24,24
49772,88,91,-3,3
49773,109,110,-1,1
49774,97,86,11,11
49775,49,57,-8,8
49776,124,116,8,8
49777,64,52,12,12
49778,160,152,8,8
49779,108,105,3,3
49780,71,63,8,8
49781,108,98,10,10
49782,87,81,6,6
49783,181,171,10,10
49784,100,85,15,15
49785,52,52,0,0
49786,128,128,0,0
49787,84,82,2,2
49788,123,109,14,14
49789,131,136,-5,5
49790,113,125,-12,12
49791,127,128,-1,1
49792,85,83,2,2
49793,71,70,1,1
49794,108,110,-2,2
49795,74,71,3,3
49796,160,153,7,7
49797,72,74,-2,2
49798,75,73,2,2
49799,122,123,-1,1
49800,85,83,2,2
49801,74,83,-9,9
49802,44,72,-28,28
49803,110,123,-13,13
49804,64,70,-6,6
49805,40,51,-11,11
49806,124,112,12,12
49807,88,90,-2,2
49808,123,117,6,6
49809,122,124,-2,2
49810,122,126,-4,4
49811,104,104,0,0
49812,100,102,-2,2
49813,83,75,8,8
49814,50,55,-5,5
49815,93,92,1,1
49816,91,90,1,1
49817,78,79,-1,1
49818,121,118,3,3
49819,90,89,1,1
49820,53,56,-3,3
49821,112,109,3,3
49822,82,75,7,7
49823,167,162,5,5
49824,97,92,5,5
49825,63,56,7,7
49826,112,109,3,3
49827,102,77,25,25
49828,78,76,2,2
49829,124,119,5,5
49830,60,55,5,5
49831,59,54,5,5
49832,55,58,-3,3
49833,154,148,6,6
49834,86,82,4,4
49835,102,87,15,15
49836,70,68,2,2
49837,47,54,-7,7
49838,79,59,20,20
49839,62,60,2,2
49840,114,135,-21,21
49841,117,110,7,7
49842,60,71,-11,11
49843,86,74,12,12
49844,152,157,-5,5
49845,168,167,1,1
49846,124,127,-3,3
49847,60,52,8,8
49848,125,111,14,14
49849,62,61,1,1
49850,88,89,-1,1
49851,66,62,4,4
49852,175,159,16,16
49853,88,86,2,2
49854,45,54,-9,9
49855,74,71,3,3
49856,135,135,0,0
49857,106,99,7,7
49858,130,113,17,17
49859,79,81,-2,2
49860,81,79,2,2
49861,65,74,-9,9
49862,107,94,13,13
49863,97,84,13,13
49864,76,83,-7,7
49865,116,101,15,15
49866,59,56,3,3
49867,54,64,-10,10
49868,98,90,8,8
49869,128,145,-17,17
49870,106,105,1,1
49871,78,80,-2,2
49872,131,129,2,2
49873,69,65,4,4
49874,153,159,-6,6
49875,71,72,-1,1
49876,67,72,-5,5
49877,107,95,12,12
49878,75,94,-19,19
49879,87,91,-4,4
49880,94,79,15,15
49881,90,100,-10,10
49882,74,75,-1,1
49883,135,131,4,4
49884,134,136,-2,2
49885,151,136,15,15
49886,92,99,-7,7
49887,92,86,6,6
49888,80,94,-14,14
49889,91,88,3,3
49890,89,87,2,2
49891,86,84,2,2
49892,76,74,2,2
49893,107,106,1,1
49894,140,132,8,8
49895,85,98,-13,13
49896,85,78,7,7
49897,69,60,9,9
49898,96,91,5,5
49899,62,58,4,4
49900,79,69,10,10
49901,138,121,17,17
49902,115,106,9,9
49903,106,99,7,7
49904,93,86,7,7
49905,122,118,4,4
49906,106,91,15,15
49907,90,90,0,0
49908,88,76,12,12
49909,72,61,11,11
49910,84,89,-5,5
49911,138,135,3,3
49912,92,95,-3,3
49913,95,93,2,2
49914,86,79,7,7
49915,73,65,8,8
49916,70,81,-11,11
49917,61,62,-1,1
49918,161,151,10,10
49919,89,79,10,10
49920,130,128,2,2
49921,99,68,31,31
49922,79,72,7,7
49923,47,65,-18,18
49924,75,85,-10,10
49925,69,64,5,5
49926,78,74,4,4
49927,45,41,4,4
49928,67,74,-7,7
49929,99,92,7,7
49930,92,103,-11,11
49931,116,102,14,14
49932,132,124,8,8
49933,88,90,-2,2
49934,94,97,-3,3
49935,112,121,-9,9
49936,40,46,-6,6
49937,58,55,3,3
49938,88,75,13,13
49939,85,80,5,5
49940,86,47,39,39
49941,145,143,2,2
49942,105,101,4,4
49943,99,84,15,15
49944,62,59,3,3
49945,95,93,2,2
49946,90,80,10,10
49947,57,51,6,6
49948,104,104,0,0
49949,70,79,-9,9
49950,103,89,14,14
49951,102,84,18,18
49952,56,70,-14,14
49953,67,63,4,4
49954,65,62,3,3
49955,65,69,-4,4
49956,100,141,-41,41
49957,77,85,-8,8
49958,140,124,16,16
49959,86,74,12,12
49960,123,120,3,3
49961,33,73,-40,40
49962,102,97,5,5
49963,116,111,5,5
49964,63,62,1,1
49965,79,81,-2,2
49966,160,153,7,7
49967,60,63,-3,3
49968,65,64,1,1
49969,84,79,5,5
49970,67,62,5,5
49971,90,82,8,8
49972,70,78,-8,8
49973,68,72,-4,4
49974,104,117,-13,13
49975,87,81,6,6
49976,124,114,10,10
49977,128,130,-2,2
49978,166,164,2,2
49979,72,71,1,1
49980,54,45,9,9
49981,111,95,16,16
49982,93,84,9,9
49983,107,92,15,15
49984,137,133,4,4
49985,89,81,8,8
49986,68,62,6,6
49987,52,50,2,2
49988,75,81,-6,6
49989,79,71,8,8
49990,48,53,-5,5
49991,75,68,7,7
49992,85,81,4,4
49993,78,81,-3,3
49994,101,95,6,6
49995,173,150,23,23
49996,90,84,6,6
49997,55,54,1,1
49998,98,105,-7,7
49999,131,113,18,18
50000,149,129,20,20
50001,90,83,7,7
50002,51,60,-9,9
50003,68,67,1,1
50004,111,95,16,16
50005,77,81,-4,4
50006,150,148,2,2
50007,123,114,9,9
50008,42,55,-13,13
50009,111,109,2,2
50010,73,78,-5,5
50011,77,83,-6,6
50012,74,85,-11,11
50013,145,146,-1,1
50014,77,69,8,8
50015,102,101,1,1
50016,79,79,0,0
50017,65,60,5,5
50018,64,63,1,1
50019,54,51,3,3
50020,127,117,10,10
50021,126,115,11,11
50022,83,83,0,0
50023,108,99,9,9
50024,103,99,4,4
50025,132,132,0,0
50026,141,127,14,14
50027,132,131,1,1
50028,71,70,1,1
50029,111,105,6,6
50030,133,122,11,11
50031,102,96,6,6
50032,57,52,5,5
50033,92,104,-12,12
50034,120,110,10,10
50035,85,87,-2,2
50036,86,80,6,6
50037,79,69,10,10
50038,69,75,-6,6
50039,63,56,7,7
50040,118,121,-3,3
50041,132,122,10,10
50042,72,74,-2,2
50043,98,111,-13,13
50044,110,110,0,0
50045,105,115,-10,10
50046,67,66,1,1
50047,92,95,-3,3
50048,118,130,-12,12
50049,134,116,18,18
50050,70,64,6,6
50051,129,122,7,7
50052,67,59,8,8
50053,36,45,-9,9
50054,137,143,-6,6
50055,40,51,-11,11
50056,89,89,0,0
50057,89,87,2,2
50058,83,85,-2,2
50059,70,88,-18,18
50060,125,123,2,2
50061,113,107,6,6
50062,64,66,-2,2
50063,101,91,10,10
50064,92,98,-6,6
50065,118,111,7,7
50066,70,65,5,5
50067,87,118,-31,31
50068,112,106,6,6
50069,195,198,-3,3
50070,122,121,1,1
50071,59,64,-5,5
50072,155,142,13,13
50073,131,125,6,6
50074,143,118,25,25
50075,117,111,6,6
50076,120,114,6,6
50077,113,104,9,9
50078,102,101,1,1
50079,131,122,9,9
50080,105,99,6,6
50081,87,86,1,1
50082,66,56,10,10
50083,122,140,-18,18
50084,116,94,22,22
50085,104,100,4,4
50086,51,49,2,2
50087,90,88,2,2
50088,87,82,5,5
50089,93,94,-1,1
50090,61,66,-5,5
50091,106,110,-4,4
50092,47,54,-7,7
50093,80,74,6,6
50094,74,60,14,14
50095,50,59,-9,9
50096,167,166,1,1
50097,56,50,6,6
50098,110,127,-17,17
50099,160,140,20,20
50100,105,110,-5,5
50101,63,58,5,5
50102,97,96,1,1
50103,98,91,7,7
50104,108,110,-2,2
50105,105,90,15,15
50106,119,108,11,11
50107,144,137,7,7
50108,65,61,4,4
50109,112,101,11,11
50110,113,95,18,18
50111,98,107,-9,9
50112,83,84,-1,1
50113,170,165,5,5
50114,88,96,-8,8
50115,109,99,10,10
50116,92,85,7,7
50117,121,119,2,2
50118,58,52,6,6
50119,96,122,-26,26
50120,108,98,10,10
50121,150,147,3,3
50122,78,75,3,3
50123,43,50,-7,7
50124,49,51,-2,2
50125,173,156,17,17
50126,100,95,5,5
50127,104,98,6,6
50128,76,85,-9,9
50129,108,114,-6,6
50130,148,139,9,9
50131,74,68,6,6
50132,72,60,12,12
50133,78,64,14,14
50134,108,105,3,3
50135,92,97,-5,5
50136,94,98,-4,4
50137,104,106,-2,2
50138,102,114,-12,12
50139,70,64,6,6
50140,88,81,7,7
50141,104,112,-8,8
50142,115,96,19,19
50143,87,74,13,13
50144,110,108,2,2
50145,70,75,-5,5
50146,78,74,4,4
50147,80,83,-3,3
50148,56,52,4,4
50149,125,127,-2,2
50150,79,74,5,5
50151,90,79,11,11
50152,134,134,0,0
50153,123,126,-3,3
50154,116,100,16,16
50155,79,79,0,0
50156,100,119,-19,19
50157,55,60,-5,5
50158,86,86,0,0
50159,125,136,-11,11
50160,68,69,-1,1
50161,73,76,-3,3
50162,103,93,10,10
50163,172,172,0,0
50164,18,25,-7,7
50165,80,79,1,1
50166,64,66,-2,2
50167,90,85,5,5
50168,100,103,-3,3
50169,52,61,-9,9
50170,199,189,10,10
50171,90,91,-1,1
50172,80,98,-18,18
50173,138,142,-4,4
50174,64,58,6,6
50175,101,93,8,8
50176,116,134,-18,18
50177,134,120,14,14
50178,113,107,6,6
50179,84,80,4,4
50180,55,72,-17,17
50181,194,181,13,13
50182,81,81,0,0
50183,100,96,4,4
50184,97,101,-4,4
50185,64,58,6,6
50186,55,58,-3,3
50187,68,67,1,1
50188,103,97,6,6
50189,102,88,14,14
50190,68,63,5,5
50191,95,87,8,8
50192,74,71,3,3
50193,77,54,23,23
50194,97,99,-2,2
50195,77,62,15,15
50196,124,119,5,5
50197,62,64,-2,2
50198,78,80,-2,2
50199,149,141,8,8
50200,53,57,-4,4
50201,80,72,8,8
50202,82,85,-3,3
50203,69,69,0,0
50204,80,83,-3,3
50205,45,52,-7,7
50206,66,61,5,5
50207,46,57,-11,11
50208,82,86,-4,4
50209,45,48,-3,3
50210,105,99,6,6
50211,109,94,15,15
50212,89,86,3,3
50213,69,64,5,5
50214,132,105,27,27
50215,106,96,10,10
50216,132,124,8,8
50217,141,136,5,5
50218,282,245,37,37
50219,151,162,-11,11
50220,93,95,-2,2
50221,129,134,-5,5
50222,82,87,-5,5
50223,72,77,-5,5
50224,86,84,2,2
50225,42,32,10,10
50226,85,77,8,8
50227,105,94,11,11
50228,110,101,9,9
50229,50,61,-11,11
50230,88,95,-7,7
50231,98,83,15,15
50232,85,74,11,11
50233,122,127,-5,5
50234,122,146,-24,24
50235,124,105,19,19
50236,77,90,-13,13
50237,117,113,4,4
50238,98,116,-18,18
50239,90,77,13,13
50240,129,119,10,10
50241,88,98,-10,10
50242,73,80,-7,7
50243,77,91,-14,14
50244,139,145,-6,6
50245,96,90,6,6
50246,102,91,11,11
50247,87,83,4,4
50248,70,65,5,5
50249,159,154,5,5
50250,60,59,1,1
50251,69,63,6,6
50252,113,108,5,5
50253,156,147,9,9
50254,118,94,24,24
50255,53,48,5,5
50256,104,111,-7,7
50257,83,70,13,13
50258,67,65,2,2
50259,95,106,-11,11
50260,103,98,5,5
50261,132,145,-13,13
50262,115,104,11,11
50263,89,87,2,2
50264,107,100,7,7
50265,99,102,-3,3
50266,97,99,-2,2
50267,54,57,-3,3
50268,101,96,5,5
50269,97,82,15,15
50270,81,90,-9,9
50271,150,159,-9,9
50272,76,97,-21,21
50273,87,90,-3,3
50274,101,117,-16,16
50275,51,49,2,2
50276,99,93,6,6
50277,76,70,6,6
50278,170,161,9,9
50279,129,109,20,20
50280,73,78,-5,5
50281,172,178,-6,6
50282,142,141,1,1
50283,104,105,-1,1
50284,125,124,1,1
50285,51,55,-4,4
50286,127,125,2,2
50287,150,136,14,14
50288,71,73,-2,2
50289,129,135,-6,6
50290,92,101,-9,9
50291,83,83,0,0
50292,82,77,5,5
50293,143,157,-14,14
50294,105,100,5,5
50295,60,53,7,7
50296,79,79,0,0
50297,26,37,-11,11
50298,131,115,16,16
50299,90,80,10,10
50300,72,74,-2,2
50301,62,59,3,3
50302,76,69,7,7
50303,138,134,4,4
50304,81,82,-1,1
50305,108,93,15,15
50306,88,98,-10,10
50307,115,118,-3,3
50308,123,120,3,3
50309,89,97,-8,8
50310,123,120,3,3
50311,104,97,7,7
50312,67,58,9,9
50313,82,85,-3,3
50314,68,60,8,8
50315,72,69,3,3
50316,92,81,11,11
50317,60,60,0,0
50318,76,85,-9,9
50319,91,82,9,9
50320,95,88,7,7
50321,101,108,-7,7
50322,96,93,3,3
50323,122,108,14,14
50324,139,143,-4,4
50325,141,114,27,27
50326,89,86,3,3
50327,103,120,-17,17
50328,51,63,-12,12
50329,75,79,-4,4
50330,107,99,8,8
50331,64,64,0,0
50332,54,46,8,8
50333,90,81,9,9
50334,75,80,-5,5
50335,136,127,9,9
50336,99,108,-9,9
50337,128,139,-11,11
50338,125,110,15,15
50339,131,116,15,15
50340,61,46,15,15
50341,60,56,4,4
50342,70,78,-8,8
50343,136,137,-1,1
50344,91,77,14,14
50345,74,74,0,0
50346,63,66,-3,3
50347,113,102,11,11
50348,78,74,4,4
50349,208,190,18,18
50350,153,149,4,4
50351,154,159,-5,5
50352,92,89,3,3
50353,61,55,6,6
50354,88,91,-3,3
50355,53,68,-15,15
50356,60,58,2,2
50357,101,98,3,3
50358,108,107,1,1
50359,70,73,-3,3
50360,73,73,0,0
50361,86,82,4,4
50362,63,61,2,2
50363,105,109,-4,4
50364,72,65,7,7
50365,145,132,13,13
50366,71,68,3,3
50367,148,137,11,11
50368,68,86,-18,18
50369,158,146,12,12
50370,176,169,7,7
50371,98,85,13,13
50372,151,139,12,12
50373,72,95,-23,23
50374,48,54,-6,6
50375,77,69,8,8
50376,65,61,4,4
50377,107,109,-2,2
50378,93,82,11,11
50379,103,111,-8,8
50380,95,91,4,4
50381,45,55,-10,10
50382,148,141,7,7
50383,130,119,11,11
50384,123,116,7,7
50385,91,91,0,0
50386,127,152,-25,25
50387,66,72,-6,6
50388,71,70,1,1
50389,133,126,7,7
50390,111,117,-6,6
50391,92,97,-5,5
50392,72,70,2,2
50393,70,74,-4,4
50394,158,152,6,6
50395,56,54,2,2
50396,63,65,-2,2
50397,73,72,1,1
50398,170,154,16,16
50399,118,125,-7,7
50400,83,98,-15,15
50401,59,61,-2,2
50402,95,81,14,14
50403,79,64,15,15
50404,79,70,9,9
50405,103,105,-2,2
50406,127,120,7,7
50407,93,95,-2,2
50408,82,77,5,5
50409,48,44,4,4
50410,90,94,-4,4
50411,76,65,11,11
50412,91,94,-3,3
50413,43,40,3,3
50414,66,66,0,0
50415,55,63,-8,8
50416,93,95,-2,2
50417,102,96,6,6
50418,56,59,-3,3
50419,91,89,2,2
50420,126,128,-2,2
50421,78,85,-7,7
50422,81,72,9,9
50423,103,105,-2,2
50424,114,112,2,2
50425,103,97,6,6
50426,137,136,1,1
50427,111,103,8,8
50428,71,72,-1,1
50429,99,88,11,11
50430,118,122,-4,4
50431,145,139,6,6
50432,83,73,10,10
50433,59,57,2,2
50434,79,82,-3,3
50435,60,54,6,6
50436,59,54,5,5
50437,109,108,1,1
50438,74,76,-2,2
50439,125,132,-7,7
50440,112,113,-1,1
50441,74,75,-1,1
50442,149,143,6,6
50443,79,83,-4,4
50444,76,74,2,2
50445,124,124,0,0
50446,62,63,-1,1
50447,59,74,-15,15
50448,190,177,13,13
50449,62,83,-21,21
50450,105,106,-1,1
50451,97,85,12,12
50452,128,124,4,4
50453,113,118,-5,5
50454,98,89,9,9
50455,37,39,-2,2
50456,136,135,1,1
50457,79,92,-13,13
50458,47,58,-11,11
50459,98,86,12,12
50460,101,110,-9,9
50461,87,90,-3,3
50462,49,52,-3,3
50463,88,70,18,18
50464,92,84,8,8
50465,128,119,9,9
50466,111,110,1,1
50467,106,106,0,0
50468,57,49,8,8
50469,95,104,-9,9
50470,60,61,-1,1
50471,131,127,4,4
50472,88,83,5,5
50473,83,88,-5,5
50474,109,100,9,9
50475,114,114,0,0
50476,84,82,2,2
50477,85,80,5,5
50478,86,78,8,8
50479,76,73,3,3
50480,112,97,15,15
50481,106,114,-8,8
50482,56,60,-4,4
50483,120,123,-3,3
50484,53,54,-1,1
50485,32,57,-25,25
50486,184,195,-11,11
50487,82,76,6,6
50488,66,58,8,8
50489,67,79,-12,12
50490,123,120,3,3
50491,123,124,-1,1
50492,146,127,19,19
50493,74,72,2,2
50494,113,102,11,11
50495,102,113,-11,11
50496,143,129,14,14
50497,88,86,2,2
50498,136,130,6,6
50499,149,156,-7,7
50500,165,170,-5,5
50501,59,58,1,1
50502,87,97,-10,10
50503,85,81,4,4
50504,54,69,-15,15
50505,48,49,-1,1
50506,73,68,5,5
50507,74,63,11,11
50508,125,133,-8,8
50509,71,62,9,9
50510,36,40,-4,4
50511,127,101,26,26
50512,71,67,4,4
50513,92,89,3,3
50514,55,58,-3,3
50515,62,50,12,12
50516,76,65,11,11
50517,64,60,4,4
50518,129,126,3,3
50519,147,138,9,9
50520,69,74,-5,5
50521,76,65,11,11
50522,86,84,2,2
50523,66,53,13,13
50524,76,66,10,10
50525,74,77,-3,3
50526,54,52,2,2
50527,109,113,-4,4
50528,141,137,4,4
50529,55,58,-3,3
50530,121,103,18,18
50531,79,79,0,0
50532,80,77,3,3
50533,156,161,-5,5
50534,44,47,-3,3
50535,114,103,11,11
50536,105,98,7,7
50537,73,72,1,1
50538,84,79,5,5
50539,176,167,9,9
50540,62,55,7,7
50541,121,114,7,7
50542,114,116,-2,2
50543,87,90,-3,3
50544,77,88,-11,11
50545,64,60,4,4
50546,165,155,10,10
50547,139,151,-12,12
50548,121,120,1,1
50549,97,88,9,9
50550,193,168,25,25
50551,125,119,6,6
50552,76,93,-17,17
50553,54,51,3,3
50554,134,139,-5,5
50555,72,80,-8,8
50556,96,95,1,1
50557,37,30,7,7
50558,125,120,5,5
50559,87,74,13,13
50560,33,44,-11,11
50561,71,67,4,4
50562,53,55,-2,2
50563,59,59,0,0
50564,110,105,5,5
50565,82,83,-1,1
50566,110,106,4,4
50567,64,58,6,6
50568,65,65,0,0
50569,134,125,9,9
50570,58,65,-7,7
50571,90,91,-1,1
50572,79,87,-8,8
50573,66,78,-12,12
50574,88,102,-14,14
50575,89,114,-25,25
50576,124,128,-4,4
50577,111,109,2,2
50578,144,130,14,14
50579,131,134,-3,3
50580,133,127,6,6
50581,104,100,4,4
50582,63,61,2,2
50583,72,66,6,6
50584,76,71,5,5
50585,59,53,6,6
50586,110,105,5,5
50587,69,70,-1,1
50588,112,97,15,15
50589,41,54,-13,13
50590,135,131,4,4
50591,101,126,-25,25
50592,86,78,8,8
50593,116,124,-8,8
50594,88,82,6,6
50595,74,84,-10,10
50596,41,51,-10,10
50597,91,100,-9,9
50598,164,156,8,8
50599,58,51,7,7
50600,203,182,21,21
50601,84,87,-3,3
50602,91,74,17,17
50603,98,100,-2,2
50604,123,124,-1,1
50605,63,63,0,0
50606,88,73,15,15
50607,92,93,-1,1
50608,117,120,-3,3
50609,72,60,12,12
50610,69,70,-1,1
50611,77,72,5,5
50612,77,72,5,5
50613,73,67,6,6
50614,94,93,1,1
50615,118,116,2,2
50616,98,99,-1,1
50617,82,82,0,0
50618,137,132,5,5
50619,84,106,-22,22
50620,113,104,9,9
50621,145,118,27,27
50622,67,69,-2,2
50623,101,108,-7,7
50624,37,56,-19,19
50625,49,47,2,2
50626,63,70,-7,7
50627,76,70,6,6
50628,216,191,25,25
50629,138,147,-9,9
50630,96,99,-3,3
50631,76,85,-9,9
50632,66,60,6,6
50633,55,51,4,4
50634,92,93,-1,1
50635,83,88,-5,5
50636,107,118,-11,11
50637,124,114,10,10
50638,78,66,12,12
50639,149,152,-3,3
50640,154,148,6,6
50641,67,56,11,11
50642,82,80,2,2
50643,99,103,-4,4
50644,107,107,0,0
50645,156,150,6,6
50646,174,196,-22,22
50647,103,102,1,1
50648,116,118,-2,2
50649,44,41,3,3
50650,108,106,2,2
50651,94,93,1,1
50652,63,66,-3,3
50653,95,97,-2,2
50654,57,52,5,5
50655,72,72,0,0
50656,72,87,-15,15
50657,101,102,-1,1
50658,94,115,-21,21
50659,86,72,14,14
50660,157,151,6,6
50661,56,59,-3,3
50662,77,83,-6,6
50663,76,83,-7,7
50664,164,165,-1,1
50665,68,76,-8,8
50666,65,71,-6,6
50667,124,123,1,1
50668,62,56,6,6
50669,138,133,5,5
50670,146,150,-4,4
50671,135,161,-26,26
50672,124,108,16,16
50673,105,98,7,7
50674,71,61,10,10
50675,84,81,3,3
50676,84,73,11,11
50677,70,70,0,0
50678,112,102,10,10
50679,127,111,16,16
50680,51,107,-56,56
50681,104,104,0,0
50682,96,102,-6,6
50683,97,90,7,7
50684,72,68,4,4
50685,117,111,6,6
50686,115,134,-19,19
50687,76,75,1,1
50688,98,98,0,0
50689,70,72,-2,2
50690,97,89,8,8
50691,131,145,-14,14
50692,50,54,-4,4
50693,68,62,6,6
50694,64,64,0,0
50695,103,107,-4,4
50696,48,41,7,7
50697,106,106,0,0
50698,80,76,4,4
50699,131,130,1,1
50700,59,63,-4,4
50701,196,190,6,6
50702,143,151,-8,8
50703,74,66,8,8
50704,69,69,0,0
50705,70,69,1,1
50706,114,102,12,12
50707,70,65,5,5
50708,42,43,-1,1
50709,112,122,-10,10
50710,79,58,21,21
50711,159,157,2,2
50712,121,113,8,8
50713,69,70,-1,1
50714,93,87,6,6
50715,90,93,-3,3
50716,91,93,-2,2
50717,65,69,-4,4
50718,136,147,-11,11
50719,65,63,2,2
50720,51,58,-7,7
50721,131,122,9,9
50722,81,83,-2,2
50723,60,119,-59,59
50724,99,95,4,4
50725,37,67,-30,30
50726,131,130,1,1
50727,164,131,33,33
50728,63,67,-4,4
50729,208,196,12,12
50730,40,53,-13,13
50731,94,91,3,3
50732,114,116,-2,2
50733,72,69,3,3
50734,83,71,12,12
50735,65,73,-8,8
50736,124,130,-6,6
50737,45,49,-4,4
50738,78,74,4,4
50739,139,127,12,12
50740,63,65,-2,2
50741,88,91,-3,3
50742,81,79,2,2
50743,79,73,6,6
50744,106,105,1,1
50745,129,124,5,5
50746,107,110,-3,3
50747,67,80,-13,13
50748,119,116,3,3
50749,96,98,-2,2
50750,96,85,11,11
50751,64,68,-4,4
50752,110,103,7,7
50753,122,125,-3,3
50754,159,167,-8,8
50755,84,86,-2,2
50756,78,78,0,0
50757,186,187,-1,1
50758,77,86,-9,9
50759,95,86,9,9
50760,78,78,0,0
50761,84,109,-25,25
50762,115,103,12,12
50763,104,107,-3,3
50764,84,73,11,11
50765,94,95,-1,1
50766,103,96,7,7
50767,120,115,5,5
50768,80,82,-2,2
50769,63,50,13,13
50770,113,119,-6,6
50771,82,106,-24,24
50772,111,109,2,2
50773,103,101,2,2
50774,122,119,3,3
50775,81,75,6,6
50776,141,134,7,7
50777,122,130,-8,8
50778,136,134,2,2
50779,67,65,2,2
50780,91,100,-9,9
50781,86,83,3,3
50782,97,90,7,7
50783,42,58,-16,16
50784,63,65,-2,2
50785,118,118,0,0
50786,81,86,-5,5
50787,62,55,7,7
50788,55,65,-10,10
50789,89,91,-2,2
50790,71,71,0,0
50791,57,56,1,1
50792,83,81,2,2
50793,153,142,11,11
50794,106,96,10,10
50795,122,107,15,15
50796,76,68,8,8
50797,90,98,-8,8
50798,70,78,-8,8
50799,33,40,-7,7
50800,83,77,6,6
50801,50,60,-10,10
50802,118,110,8,8
50803,115,110,5,5
50804,45,47,-2,2
50805,58,50,8,8
50806,38,48,-10,10
50807,97,102,-5,5
50808,39,55,-16,16
50809,28,41,-13,13
50810,117,112,5,5
50811,115,111,4,4
50812,121,121,0,0
50813,105,113,-8,8
50814,88,83,5,5
50815,64,72,-8,8
50816,85,84,1,1
50817,103,85,18,18
50818,76,75,1,1
50819,60,63,-3,3
50820,73,77,-4,4
50821,70,62,8,8
50822,54,52,2,2
50823,83,91,-8,8
50824,77,76,1,1
50825,58,50,8,8
50826,105,92,13,13
50827,145,142,3,3
50828,119,100,19,19
50829,100,98,2,2
50830,84,86,-2,2
50831,88,78,10,10
50832,90,84,6,6
50833,65,75,-10,10
50834,131,127,4,4
50835,76,87,-11,11
50836,166,172,-6,6
50837,52,51,1,1
50838,156,159,-3,3
50839,139,154,-15,15
50840,80,71,9,9
50841,73,76,-3,3
50842,94,93,1,1
50843,83,84,-1,1
50844,108,98,10,10
50845,71,71,0,0
50846,98,106,-8,8
50847,94,91,3,3
50848,99,96,3,3
50849,29,42,-13,13
50850,85,72,13,13
50851,92,91,1,1
50852,96,90,6,6
50853,107,98,9,9
50854,31,52,-21,21
50855,80,54,26,26
50856,86,83,3,3
50857,147,143,4,4
50858,113,114,-1,1
50859,58,55,3,3
50860,69,73,-4,4
50861,81,81,0,0
50862,105,106,-1,1
50863,146,127,19,19
50864,126,118,8,8
50865,72,68,4,4
50866,110,112,-2,2
50867,140,141,-1,1
50868,93,87,6,6
50869,88,85,3,3
50870,84,92,-8,8
50871,57,50,7,7
50872,78,68,10,10
50873,76,72,4,4
50874,143,126,17,17
50875,108,137,-29,29
50876,45,54,-9,9
50877,87,98,-11,11
50878,77,65,12,12
50879,96,105,-9,9
50880,84,80,4,4
50881,60,56,4,4
50882,74,82,-8,8
50883,83,78,5,5
50884,69,65,4,4
50885,58,58,0,0
50886,73,69,4,4
50887,81,83,-2,2
50888,106,104,2,2
50889,140,156,-16,16
50890,75,78,-3,3
50891,102,105,-3,3
50892,137,118,19,19
50893,63,91,-28,28
50894,80,75,5,5
50895,65,78,-13,13
50896,151,150,1,1
50897,138,138,0,0
50898,104,86,18,18
50899,142,142,0,0
50900,77,82,-5,5
50901,102,107,-5,5
50902,83,84,-1,1
50903,74,83,-9,9
50904,113,111,2,2
50905,115,109,6,6
50906,86,90,-4,4
50907,66,59,7,7
50908,123,114,9,9
50909,173,169,4,4
50910,138,143,-5,5
50911,121,123,-2,2
50912,187,182,5,5
50913,103,84,19,19
50914,93,152,-59,59
50915,134,127,7,7
50916,84,76,8,8
50917,140,128,12,12
50918,139,131,8,8
50919,112,124,-12,12
50920,81,74,7,7
50921,48,48,0,0
50922,111,109,2,2
50923,133,126,7,7
50924,158,151,7,7
50925,47,49,-2,2
50926,115,127,-12,12
50927,59,64,-5,5
50928,136,132,4,4
50929,86,85,1,1
50930,89,95,-6,6
50931,104,103,1,1
50932,88,88,0,0
50933,68,68,0,0
50934,105,90,15,15
50935,122,112,10,10
50936,93,83,10,10
50937,172,166,6,6
50938,77,81,-4,4
50939,141,135,6,6
50940,106,114,-8,8
50941,102,110,-8,8
50942,136,125,11,11
50943,83,74,9,9
50944,60,65,-5,5
50945,90,104,-14,14
50946,69,66,3,3
50947,96,92,4,4
50948,101,100,1,1
50949,90,75,15,15
50950,95,106,-11,11
50951,80,90,-10,10
50952,91,92,-1,1
50953,125,141,-16,16
50954,85,80,5,5
50955,129,138,-9,9
50956,117,117,0,0
50957,77,72,5,5
50958,82,97,-15,15
50959,135,137,-2,2
50960,120,111,9,9
50961,89,78,11,11
50962,161,159,2,2
50963,70,67,3,3
50964,60,62,-2,2
50965,172,164,8,8
50966,136,130,6,6
50967,86,73,13,13
50968,106,114,-8,8
50969,107,108,-1,1
50970,98,97,1,1
50971,120,144,-24,24
50972,158,151,7,7
50973,61,64,-3,3
50974,101,97,4,4
50975,94,93,1,1
50976,60,66,-6,6
50977,68,63,5,5
50978,99,78,21,21
50979,56,56,0,0
50980,110,102,8,8
50981,102,103,-1,1
50982,83,80,3,3
50983,92,97,-5,5
50984,77,64,13,13
50985,125,138,-13,13
50986,79,65,14,14
50987,67,57,10,10
50988,113,107,6,6
50989,122,119,3,3
50990,131,134,-3,3
50991,104,100,4,4
50992,89,104,-15,15
50993,92,92,0,0
50994,217,169,48,48
50995,45,43,2,2
50996,69,77,-8,8
50997,112,115,-3,3
50998,146,116,30,30
50999,95,95,0,0
51000,91,94,-3,3
51001,70,65,5,5
51002,75,81,-6,6
51003,95,94,1,1
51004,112,100,12,12
51005,58,58,0,0
51006,54,49,5,5
51007,94,98,-4,4
51008,108,104,4,4
51009,89,96,-7,7
51010,90,88,2,2
51011,129,120,9,9
51012,105,90,15,15
51013,94,96,-2,2
51014,132,150,-18,18
51015,95,66,29,29
51016,68,63,5,5
51017,97,92,5,5
51018,128,120,8,8
51019,116,117,-1,1
51020,93,93,0,0
51021,89,89,0,0
51022,176,184,-8,8
51023,172,177,-5,5
51024,54,55,-1,1
51025,60,61,-1,1
51026,39,49,-10,10
51027,96,83,13,13
51028,60,74,-14,14
51029,52,44,8,8
51030,105,104,1,1
51031,137,136,1,1
51032,151,141,10,10
51033,108,126,-18,18
51034,100,94,6,6
51035,68,65,3,3
51036,99,96,3,3
51037,100,97,3,3
51038,112,101,11,11
51039,78,67,11,11
51040,110,110,0,0
51041,70,66,4,4
51042,122,114,8,8
51043,72,79,-7,7
51044,191,173,18,18
51045,106,109,-3,3
51046,102,97,5,5
51047,130,124,6,6
51048,83,86,-3,3
51049,70,68,2,2
51050,93,104,-11,11
51051,98,92,6,6
51052,72,69,3,3
51053,121,110,11,11
51054,157,149,8,8
51055,72,78,-6,6
51056,88,92,-4,4
51057,109,107,2,2
51058,129,124,5,5
51059,185,171,14,14
51060,82,87,-5,5
51061,45,49,-4,4
51062,47,58,-11,11
51063,75,78,-3,3
51064,107,102,5,5
51065,73,81,-8,8
51066,90,88,2,2
51067,69,79,-10,10
51068,100,107,-7,7
51069,87,78,9,9
51070,56,57,-1,1
51071,83,73,10,10
51072,140,141,-1,1
51073,64,56,8,8
51074,97,114,-17,17
51075,86,83,3,3
51076,129,117,12,12
51077,119,106,13,13
51078,85,84,1,1
51079,109,103,6,6
51080,92,87,5,5
51081,152,138,14,14
51082,74,80,-6,6
51083,147,201,-54,54
51084,117,111,6,6
51085,85,84,1,1
51086,115,124,-9,9
51087,96,84,12,12
51088,109,104,5,5
51089,70,71,-1,1
51090,107,102,5,5
51091,71,76,-5,5
51092,80,78,2,2
51093,117,120,-3,3
51094,149,151,-2,2
51095,74,73,1,1
51096,100,89,11,11
51097,131,135,-4,4
51098,100,99,1,1
51099,72,72,0,0
51100,92,109,-17,17
51101,68,69,-1,1
51102,71,72,-1,1
51103,60,57,3,3
51104,74,72,2,2
51105,114,106,8,8
51106,44,55,-11,11
51107,104,106,-2,2
51108,143,142,1,1
51109,159,151,8,8
51110,76,77,-1,1
51111,93,88,5,5
51112,91,95,-4,4
51113,91,91,0,0
51114,188,175,13,13
51115,85,80,5,5
51116,58,51,7,7
51117,115,112,3,3
51118,51,61,-10,10
51119,49,50,-1,1
51120,108,114,-6,6
51121,92,98,-6,6
51122,102,107,-5,5
51123,113,109,4,4
51124,100,97,3,3
51125,80,73,7,7
51126,109,113,-4,4
51127,72,71,1,1
51128,91,93,-2,2
51129,93,94,-1,1
51130,44,50,-6,6
51131,104,109,-5,5
51132,50,70,-20,20
51133,76,70,6,6
51134,53,56,-3,3
51135,119,115,4,4
51136,105,94,11,11
51137,110,123,-13,13
51138,148,149,-1,1
51139,105,100,5,5
51140,139,132,7,7
51141,97,82,15,15
51142,113,102,11,11
51143,85,81,4,4
51144,113,104,9,9
51145,60,60,0,0
51146,66,56,10,10
51147,115,107,8,8
51148,30,38,-8,8
51149,76,65,11,11
51150,73,73,0,0
51151,72,74,-2,2
51152,141,137,4,4
51153,58,74,-16,16
51154,101,99,2,2
51155,80,79,1,1
51156,76,81,-5,5
51157,118,120,-2,2
51158,97,94,3,3
51159,96,105,-9,9
51160,40,44,-4,4
51161,157,147,10,10
51162,125,125,0,0
51163,99,90,9,9
51164,66,62,4,4
51165,117,115,2,2
51166,94,100,-6,6
51167,54,59,-5,5
51168,62,53,9,9
51169,74,74,0,0
51170,166,158,8,8
51171,142,154,-12,12
51172,81,92,-11,11
51173,110,123,-13,13
51174,114,110,4,4
51175,96,87,9,9
51176,54,59,-5,5
51177,97,91,6,6
51178,86,100,-14,14
51179,67,70,-3,3
51180,65,61,4,4
51181,89,98,-9,9
51182,86,86,0,0
51183,71,71,0,0
51184,146,148,-2,2
51185,81,64,17,17
51186,108,104,4,4
51187,116,108,8,8
51188,90,95,-5,5
51189,108,93,15,15
51190,127,117,10,10
51191,60,53,7,7
51192,66,48,18,18
51193,180,180,0,0
51194,52,53,-1,1
51195,93,97,-4,4
51196,127,120,7,7
51197,96,80,16,16
51198,110,84,26,26
51199,102,108,-6,6
51200,110,113,-3,3
51201,72,58,14,14
51202,161,153,8,8
51203,89,80,9,9
51204,78,77,1,1
51205,77,81,-4,4
51206,80,79,1,1
51207,78,81,-3,3
51208,135,122,13,13
51209,88,77,11,11
51210,102,84,18,18
51211,73,65,8,8
51212,101,101,0,0
51213,84,82,2,2
51214,87,87,0,0
51215,79,81,-2,2
51216,84,86,-2,2
51217,140,140,0,0
51218,106,109,-3,3
51219,75,58,17,17
51220,94,94,0,0
51221,79,79,0,0
51222,93,87,6,6
51223,155,157,-2,2
51224,97,100,-3,3
51225,109,130,-21,21
51226,115,103,12,12
51227,126,116,10,10
51228,90,95,-5,5
51229,72,86,-14,14
51230,63,61,2,2
51231,105,103,2,2
51232,68,67,1,1
51233,143,108,35,35
51234,116,118,-2,2
51235,121,124,-3,3
51236,130,108,22,22
51237,75,72,3,3
51238,70,84,-14,14
51239,109,97,12,12
51240,98,92,6,6
51241,106,92,14,14
51242,76,76,0,0
51243,60,45,15,15
51244,68,71,-3,3
51245,165,146,19,19
51246,90,103,-13,13
51247,178,169,9,9
51248,79,77,2,2
51249,72,64,8,8
51250,87,79,8,8
51251,82,79,3,3
51252,57,59,-2,2
51253,110,113,-3,3
51254,111,110,1,1
51255,70,80,-10,10
51256,112,111,1,1
51257,52,42,10,10
51258,94,87,7,7
51259,97,96,1,1
51260,66,71,-5,5
51261,67,67,0,0
51262,66,67,-1,1
51263,107,105,2,2
51264,156,204,-48,48
51265,40,90,-50,50
51266,60,61,-1,1
51267,109,131,-22,22
51268,62,64,-2,2
51269,126,117,9,9
51270,96,114,-18,18
51271,106,95,11,11
51272,109,96,13,13
51273,77,75,2,2
51274,70,64,6,6
51275,75,86,-11,11
51276,194,189,5,5
51277,24,36,-12,12
51278,94,95,-1,1
51279,102,89,13,13
51280,126,124,2,2
51281,150,131,19,19
51282,126,129,-3,3
51283,82,91,-9,9
51284,92,106,-14,14
51285,87,84,3,3
51286,122,131,-9,9
51287,129,133,-4,4
51288,93,98,-5,5
51289,62,69,-7,7
51290,148,147,1,1
51291,73,73,0,0
51292,114,113,1,1
51293,82,83,-1,1
51294,99,101,-2,2
51295,181,173,8,8
51296,158,144,14,14
51297,100,102,-2,2
51298,143,138,5,5
51299,118,124,-6,6
51300,85,73,12,12
51301,127,132,-5,5
51302,83,89,-6,6
51303,95,92,3,3
51304,63,54,9,9
51305,76,69,7,7
51306,111,118,-7,7
51307,69,77,-8,8
51308,100,91,9,9
51309,47,52,-5,5
51310,83,88,-5,5
51311,85,86,-1,1
51312,74,75,-1,1
51313,53,71,-18,18
51314,75,75,0,0
51315,71,80,-9,9
51316,108,109,-1,1
51317,71,68,3,3
51318,121,121,0,0
51319,100,108,-8,8
51320,113,113,0,0
51321,86,77,9,9
51322,86,69,17,17
51323,115,111,4,4
51324,38,53,-15,15
51325,140,132,8,8
51326,119,127,-8,8
51327,104,102,2,2
51328,135,119,16,16
51329,147,134,13,13
51330,116,109,7,7
51331,137,136,1,1
51332,86,84,2,2
51333,96,89,7,7
51334,76,55,21,21
51335,64,54,10,10
51336,57,54,3,3
51337,90,101,-11,11
51338,56,74,-18,18
51339,84,89,-5,5
51340,109,99,10,10
51341,124,130,-6,6
51342,138,124,14,14
51343,73,68,5,5
51344,98,94,4,4
51345,93,78,15,15
51346,51,48,3,3
51347,54,55,-1,1
51348,62,59,3,3
51349,126,127,-1,1
51350,85,76,9,9
51351,86,67,19,19
51352,67,66,1,1
51353,80,84,-4,4
51354,55,58,-3,3
51355,115,111,4,4
51356,71,68,3,3
51357,86,80,6,6
51358,120,116,4,4
51359,94,80,14,14
51360,71,65,6,6
51361,106,116,-10,10
51362,101,96,5,5
51363,41,46,-5,5
51364,77,63,14,14
51365,130,114,16,16
51366,154,147,7,7
51367,102,93,9,9
51368,56,56,0,0
51369,108,104,4,4
51370,74,87,-13,13
51371,33,106,-73,73
51372,109,105,4,4
51373,113,114,-1,1
51374,115,118,-3,3
51375,73,71,2,2
51376,60,68,-8,8
51377,115,107,8,8
51378,85,94,-9,9
51379,121,113,8,8
51380,128,128,0,0
51381,76,84,-8,8
51382,158,156,2,2
51383,109,117,-8,8
51384,47,48,-1,1
51385,76,66,10,10
51386,75,67,8,8
51387,92,85,7,7
51388,92,84,8,8
51389,110,96,14,14
51390,101,96,5,5
51391,95,86,9,9
51392,107,107,0,0
51393,96,96,0,0
51394,127,118,9,9
51395,104,105,-1,1
51396,84,75,9,9
51397,44,41,3,3
51398,112,110,2,2
51399,94,94,0,0
51400,65,63,2,2
51401,67,72,-5,5
51402,106,109,-3,3
51403,85,76,9,9
51404,75,87,-12,12
51405,72,58,14,14
51406,99,74,25,25
51407,63,64,-1,1
51408,157,157,0,0
51409,70,61,9,9
51410,79,78,1,1
51411,99,90,9,9
51412,100,98,2,2
51413,152,149,3,3
51414,111,117,-6,6
51415,73,72,1,1
51416,117,111,6,6
51417,74,71,3,3
51418,84,90,-6,6
51419,117,111,6,6
51420,70,68,2,2
51421,72,76,-4,4
51422,62,60,2,2
51423,90,96,-6,6
51424,123,111,12,12
51425,81,81,0,0
51426,62,62,0,0
51427,74,71,3,3
51428,189,180,9,9
51429,97,98,-1,1
51430,131,127,4,4
51431,66,71,-5,5
51432,131,128,3,3
51433,101,87,14,14
51434,205,203,2,2
51435,92,100,-8,8
51436,74,78,-4,4
51437,108,101,7,7
51438,78,70,8,8
51439,69,70,-1,1
51440,92,96,-4,4
51441,76,76,0,0
51442,83,75,8,8
51443,104,94,10,10
51444,85,75,10,10
51445,74,62,12,12
51446,134,139,-5,5
51447,119,109,10,10
51448,92,87,5,5
51449,88,84,4,4
51450,126,132,-6,6
51451,100,105,-5,5
51452,45,55,-10,10
51453,131,118,13,13
51454,55,50,5,5
51455,180,176,4,4
51456,133,115,18,18
51457,94,67,27,27
51458,62,81,-19,19
51459,119,116,3,3
51460,183,177,6,6
51461,88,89,-1,1
51462,115,84,31,31
51463,100,85,15,15
51464,64,71,-7,7
51465,83,102,-19,19
51466,138,147,-9,9
51467,62,65,-3,3
51468,193,181,12,12
51469,90,83,7,7
51470,77,87,-10,10
51471,111,107,4,4
51472,99,94,5,5
51473,118,121,-3,3
51474,131,127,4,4
51475,71,59,12,12
51476,78,75,3,3
51477,94,86,8,8
51478,92,98,-6,6
51479,97,98,-1,1
51480,89,85,4,4
51481,131,122,9,9
51482,119,98,21,21
51483,59,60,-1,1
51484,80,77,3,3
51485,116,96,20,20
51486,93,85,8,8
51487,72,74,-2,2
51488,185,170,15,15
51489,85,84,1,1
51490,108,126,-18,18
51491,84,86,-2,2
51492,100,99,1,1
51493,109,81,28,28
51494,43,47,-4,4
51495,77,76,1,1
51496,87,76,11,11
51497,121,117,4,4
51498,109,110,-1,1
51499,83,84,-1,1
51500,108,98,10,10
51501,166,144,22,22
51502,68,63,5,5
51503,112,129,-17,17
51504,103,102,1,1
51505,106,110,-4,4
51506,33,35,-2,2
51507,56,50,6,6
51508,72,73,-1,1
51509,136,136,0,0
51510,79,77,2,2
51511,143,117,26,26
51512,103,97,6,6
51513,75,88,-13,13
51514,73,68,5,5
51515,68,72,-4,4
51516,68,76,-8,8
51517,102,87,15,15
51518,83,83,0,0
51519,70,78,-8,8
51520,88,79,9,9
51521,124,120,4,4
51522,111,110,1,1
51523,103,104,-1,1
51524,104,75,29,29
51525,122,123,-1,1
51526,119,126,-7,7
51527,71,99,-28,28
51528,196,196,0,0
51529,70,70,0,0
51530,70,76,-6,6
51531,88,85,3,3
51532,122,113,9,9
51533,102,93,9,9
51534,119,108,11,11
51535,138,135,3,3
51536,165,154,11,11
51537,94,95,-1,1
51538,52,52,0,0
51539,86,79,7,7
51540,63,65,-2,2
51541,92,91,1,1
51542,65,60,5,5
51543,47,51,-4,4
51544,62,66,-4,4
51545,79,90,-11,11
51546,166,145,21,21
51547,96,92,4,4
51548,120,132,-12,12
51549,117,116,1,1
51550,99,94,5,5
51551,124,131,-7,7
51552,138,121,17,17
51553,60,56,4,4
51554,90,85,5,5
51555,76,77,-1,1
51556,113,134,-21,21
51557,129,123,6,6
51558,80,80,0,0
51559,99,84,15,15
51560,87,80,7,7
51561,74,76,-2,2
51562,70,67,3,3
51563,50,47,3,3
51564,83,80,3,3
51565,150,149,1,1
51566,104,95,9,9
51567,107,106,1,1
51568,101,99,2,2
51569,153,155,-2,2
51570,81,82,-1,1
51571,58,70,-12,12
51572,104,97,7,7
51573,64,58,6,6
51574,58,61,-3,3
51575,137,139,-2,2
51576,132,109,23,23
51577,110,114,-4,4
51578,120,121,-1,1
51579,92,92,0,0
51580,83,109,-26,26
51581,41,51,-10,10
51582,194,205,-11,11
51583,79,70,9,9
51584,65,66,-1,1
51585,126,133,-7,7
51586,125,142,-17,17
51587,148,140,8,8
51588,63,57,6,6
51589,82,79,3,3
51590,127,120,7,7
51591,141,132,9,9
51592,98,112,-14,14
51593,140,143,-3,3
51594,92,82,10,10
51595,78,84,-6,6
51596,72,66,6,6
51597,133,121,12,12
51598,82,85,-3,3
51599,53,56,-3,3
51600,68,71,-3,3
51601,135,127,8,8
51602,76,95,-19,19
51603,84,70,14,14
51604,109,101,8,8
51605,115,127,-12,12
51606,32,32,0,0
51607,202,185,17,17
51608,64,60,4,4
51609,69,59,10,10
51610,61,62,-1,1
51611,81,71,10,10
51612,81,87,-6,6
51613,103,104,-1,1
51614,73,61,12,12
51615,103,118,-15,15
51616,153,157,-4,4
51617,78,75,3,3
51618,100,96,4,4
51619,136,151,-15,15
51620,58,63,-5,5
51621,75,80,-5,5
51622,130,122,8,8
51623,127,118,9,9
51624,51,59,-8,8
51625,87,73,14,14
51626,99,97,2,2
51627,121,114,7,7
51628,83,89,-6,6
51629,65,67,-2,2
51630,86,84,2,2
51631,129,130,-1,1
51632,77,85,-8,8
51633,63,71,-8,8
51634,70,68,2,2
51635,75,74,1,1
51636,75,78,-3,3
51637,132,134,-2,2
51638,157,152,5,5
51639,130,134,-4,4
51640,80,88,-8,8
51641,97,96,1,1
51642,68,65,3,3
51643,98,99,-1,1
51644,81,84,-3,3
51645,51,46,5,5
51646,84,82,2,2
51647,79,78,1,1
51648,151,153,-2,2
51649,82,77,5,5
51650,127,123,4,4
51651,63,72,-9,9
51652,97,95,2,2
51653,121,115,6,6
51654,157,153,4,4
51655,101,96,5,5
51656,160,163,-3,3
51657,92,82,10,10
51658,107,117,-10,10
51659,108,110,-2,2
51660,119,107,12,12
51661,61,59,2,2
51662,112,104,8,8
51663,71,68,3,3
51664,99,90,9,9
51665,68,70,-2,2
51666,116,122,-6,6
51667,64,73,-9,9
51668,124,130,-6,6
51669,139,139,0,0
51670,80,72,8,8
51671,157,146,11,11
51672,101,94,7,7
51673,114,110,4,4
51674,126,132,-6,6
51675,148,121,27,27
51676,77,79,-2,2
51677,187,188,-1,1
51678,139,137,2,2
51679,164,150,14,14
51680,98,96,2,2
51681,86,93,-7,7
51682,61,56,5,5
51683,143,140,3,3
51684,57,54,3,3
51685,52,60,-8,8
51686,92,105,-13,13
51687,108,90,18,18
51688,156,144,12,12
51689,159,145,14,14
51690,157,141,16,16
51691,102,96,6,6
51692,138,126,12,12
51693,78,82,-4,4
51694,83,66,17,17
51695,108,90,18,18
51696,60,52,8,8
51697,142,125,17,17
51698,55,53,2,2
51699,65,74,-9,9
51700,125,121,4,4
51701,90,94,-4,4
51702,74,72,2,2
51703,156,152,4,4
51704,76,78,-2,2
51705,94,101,-7,7
51706,84,77,7,7
51707,84,74,10,10
51708,68,70,-2,2
51709,144,141,3,3
51710,74,72,2,2
51711,104,106,-2,2
51712,98,80,18,18
51713,92,88,4,4
51714,106,118,-12,12
51715,94,94,0,0
51716,91,99,-8,8
51717,61,51,10,10
51718,77,73,4,4
51719,71,67,4,4
51720,98,91,7,7
51721,73,73,0,0
51722,103,109,-6,6
51723,124,115,9,9
51724,135,136,-1,1
51725,118,126,-8,8
51726,96,100,-4,4
51727,54,54,0,0
51728,112,96,16,16
51729,72,73,-1,1
51730,70,66,4,4
51731,85,85,0,0
51732,51,44,7,7
51733,106,118,-12,12
51734,113,107,6,6
51735,76,68,8,8
51736,63,75,-12,12
51737,140,123,17,17
51738,103,93,10,10
51739,163,167,-4,4
51740,126,119,7,7
51741,92,95,-3,3
51742,40,54,-14,14
51743,33,36,-3,3
51744,99,96,3,3
51745,113,103,10,10
51746,59,53,6,6
51747,88,102,-14,14
51748,58,62,-4,4
51749,98,95,3,3
51750,135,114,21,21
51751,92,91,1,1
51752,101,98,3,3
51753,116,111,5,5
51754,171,169,2,2
51755,98,84,14,14
51756,99,93,6,6
51757,77,81,-4,4
51758,99,100,-1,1
51759,61,57,4,4
51760,124,93,31,31
51761,36,30,6,6
51762,124,114,10,10
51763,89,91,-2,2
51764,144,147,-3,3
51765,113,112,1,1
51766,157,150,7,7
51767,95,87,8,8
51768,101,102,-1,1
51769,76,83,-7,7
51770,65,75,-10,10
51771,222,183,39,39
51772,123,115,8,8
51773,71,82,-11,11
51774,102,89,13,13
51775,96,95,1,1
51776,105,98,7,7
51777,81,83,-2,2
51778,122,140,-18,18
51779,64,65,-1,1
51780,43,52,-9,9
51781,114,100,14,14
51782,62,56,6,6
51783,104,111,-7,7
51784,175,184,-9,9
51785,98,109,-11,11
51786,87,85,2,2
51787,144,143,1,1
51788,76,81,-5,5
51789,125,117,8,8
51790,70,75,-5,5
51791,86,97,-11,11
51792,140,104,36,36
51793,44,50,-6,6
51794,101,95,6,6
51795,68,67,1,1
51796,155,160,-5,5
51797,125,121,4,4
51798,49,49,0,0
51799,140,142,-2,2
51800,105,98,7,7
51801,192,190,2,2
51802,89,83,6,6
51803,140,136,4,4
51804,140,140,0,0
51805,112,113,-1,1
51806,136,125,11,11
51807,76,80,-4,4
51808,64,76,-12,12
51809,64,74,-10,10
51810,83,83,0,0
51811,72,57,15,15
51812,145,150,-5,5
51813,113,99,14,14
51814,114,102,12,12
51815,154,141,13,13
51816,67,62,5,5
51817,197,180,17,17
51818,61,57,4,4
51819,99,93,6,6
51820,91,95,-4,4
51821,181,157,24,24
51822,45,43,2,2
51823,55,62,-7,7
51824,183,199,-16,16
51825,106,113,-7,7
51826,57,64,-7,7
51827,133,128,5,5
51828,36,50,-14,14
51829,98,106,-8,8
51830,54,50,4,4
51831,140,142,-2,2
51832,114,117,-3,3
51833,99,79,20,20
51834,69,68,1,1
51835,144,136,8,8
51836,112,125,-13,13
51837,101,92,9,9
51838,88,73,15,15
51839,88,82,6,6
51840,94,82,12,12
51841,67,60,7,7
51842,46,57,-11,11
51843,72,61,11,11
51844,80,69,11,11
51845,75,72,3,3
51846,94,95,-1,1
51847,117,124,-7,7
51848,67,68,-1,1
51849,71,72,-1,1
51850,67,78,-11,11
51851,68,54,14,14
51852,91,90,1,1
51853,71,73,-2,2
51854,114,103,11,11
51855,93,92,1,1
51856,73,75,-2,2
51857,164,157,7,7
51858,132,111,21,21
51859,66,56,10,10
51860,153,137,16,16
51861,108,120,-12,12
51862,110,107,3,3
51863,156,140,16,16
51864,162,155,7,7
51865,150,144,6,6
51866,125,123,2,2
51867,61,63,-2,2
51868,95,83,12,12
51869,152,133,19,19
51870,125,134,-9,9
51871,119,107,12,12
51872,166,193,-27,27
51873,120,101,19,19
51874,58,53,5,5
51875,45,38,7,7
51876,117,128,-11,11
51877,65,56,9,9
51878,105,107,-2,2
51879,70,60,10,10
51880,78,67,11,11
51881,91,85,6,6
51882,78,72,6,6
51883,116,124,-8,8
51884,132,110,22,22
51885,143,129,14,14
51886,117,112,5,5
51887,147,162,-15,15
51888,63,67,-4,4
51889,80,85,-5,5
51890,98,98,0,0
51891,51,62,-11,11
51892,51,54,-3,3
51893,73,69,4,4
51894,95,79,16,16
51895,100,94,6,6
51896,74,79,-5,5
51897,110,99,11,11
51898,78,76,2,2
51899,54,70,-16,16
51900,115,114,1,1
51901,139,136,3,3
51902,73,69,4,4
51903,67,64,3,3
51904,76,73,3,3
51905,108,105,3,3
51906,104,100,4,4
51907,130,124,6,6
51908,116,119,-3,3
51909,57,57,0,0
51910,102,108,-6,6
51911,108,95,13,13
51912,95,78,17,17
51913,40,41,-1,1
51914,76,79,-3,3
51915,71,66,5,5
51916,137,136,1,1
51917,118,109,9,9
51918,129,144,-15,15
51919,67,77,-10,10
51920,72,66,6,6
51921,111,117,-6,6
51922,95,95,0,0
51923,130,141,-11,11
51924,116,117,-1,1
51925,68,73,-5,5
51926,103,99,4,4
51927,95,93,2,2
51928,117,117,0,0
51929,62,56,6,6
51930,75,80,-5,5
51931,56,62,-6,6
51932,120,104,16,16
51933,113,112,1,1
51934,85,77,8,8
51935,71,97,-26,26
51936,130,129,1,1
51937,87,92,-5,5
51938,156,147,9,9
51939,89,89,0,0
51940,61,58,3,3
51941,115,109,6,6
51942,144,130,14,14
51943,73,76,-3,3
51944,94,94,0,0
51945,102,97,5,5
51946,125,124,1,1
51947,71,63,8,8
51948,140,137,3,3
51949,143,136,7,7
51950,77,78,-1,1
51951,86,76,10,10
51952,70,73,-3,3
51953,101,86,15,15
51954,82,75,7,7
51955,93,87,6,6
51956,55,62,-7,7
51957,138,145,-7,7
51958,88,88,0,0
51959,81,89,-8,8
51960,176,159,17,17
51961,90,95,-5,5
51962,52,58,-6,6
51963,97,89,8,8
51964,45,55,-10,10
51965,114,119,-5,5
51966,155,152,3,3
51967,151,175,-24,24
51968,60,55,5,5
51969,82,73,9,9
51970,96,92,4,4
51971,126,114,12,12
51972,90,83,7,7
51973,83,67,16,16
51974,72,73,-1,1
51975,139,129,10,10
51976,137,118,19,19
51977,119,113,6,6
51978,115,88,27,27
51979,76,70,6,6
51980,80,100,-20,20
51981,101,97,4,4
51982,92,91,1,1
51983,65,57,8,8
51984,89,88,1,1
51985,72,72,0,0
51986,45,49,-4,4
51987,69,72,-3,3
51988,81,83,-2,2
51989,95,99,-4,4
51990,76,72,4,4
51991,49,53,-4,4
51992,97,97,0,0
51993,90,91,-1,1
51994,130,129,1,1
51995,74,71,3,3
51996,46,55,-9,9
51997,74,76,-2,2
51998,108,106,2,2
51999,115,123,-8,8
52000,37,43,-6,6
52001,79,72,7,7
52002,75,77,-2,2
52003,174,155,19,19
52004,107,107,0,0
52005,53,49,4,4
52006,83,114,-31,31
52007,60,58,2,2
52008,98,101,-3,3
52009,57,57,0,0
52010,54,54,0,0
52011,83,79,4,4
52012,182,194,-12,12
52013,107,114,-7,7
52014,89,96,-7,7
52015,105,101,4,4
52016,109,110,-1,1
52017,141,131,10,10
52018,121,125,-4,4
52019,91,100,-9,9
52020,117,113,4,4
52021,58,52,6,6
52022,80,71,9,9
52023,88,92,-4,4
52024,80,80,0,0
52025,146,143,3,3
52026,105,98,7,7
52027,128,142,-14,14
52028,79,79,0,0
52029,123,124,-1,1
52030,85,81,4,4
52031,77,75,2,2
52032,70,63,7,7
52033,100,106,-6,6
52034,71,65,6,6
52035,123,122,1,1
52036,85,94,-9,9
52037,113,114,-1,1
52038,98,90,8,8
52039,67,72,-5,5
52040,130,138,-8,8
52041,176,169,7,7
52042,117,118,-1,1
52043,130,120,10,10
52044,114,110,4,4
52045,108,106,2,2
52046,111,116,-5,5
52047,91,88,3,3
52048,153,142,11,11
52049,83,84,-1,1
52050,91,92,-1,1
52051,103,107,-4,4
52052,123,131,-8,8
52053,57,62,-5,5
52054,115,105,10,10
52055,86,87,-1,1
52056,147,142,5,5
52057,116,136,-20,20
52058,87,89,-2,2
52059,81,84,-3,3
52060,58,46,12,12
52061,97,86,11,11
52062,138,146,-8,8
52063,74,68,6,6
52064,60,63,-3,3
52065,94,96,-2,2
52066,150,154,-4,4
52067,143,146,-3,3
52068,72,70,2,2
52069,80,76,4,4
52070,94,92,2,2
52071,85,81,4,4
52072,108,102,6,6
52073,106,94,12,12
52074,86,94,-8,8
52075,160,148,12,12
52076,84,81,3,3
52077,78,64,14,14
52078,89,91,-2,2
52079,76,78,-2,2
52080,57,58,-1,1
52081,93,89,4,4
52082,92,98,-6,6
52083,79,94,-15,15
52084,105,95,10,10
52085,146,140,6,6
52086,79,88,-9,9
52087,96,98,-2,2
52088,97,93,4,4
52089,74,74,0,0
52090,79,91,-12,12
52091,90,87,3,3
52092,133,138,-5,5
52093,81,82,-1,1
52094,140,134,6,6
52095,20,22,-2,2
52096,42,94,-52,52
52097,178,156,22,22
52098,57,71,-14,14
52099,91,93,-2,2
52100,125,140,-15,15
52101,77,75,2,2
52102,73,68,5,5
52103,96,105,-9,9
52104,63,63,0,0
52105,75,74,1,1
52106,117,109,8,8
52107,135,137,-2,2
52108,105,113,-8,8
52109,141,144,-3,3
52110,123,106,17,17
52111,71,96,-25,25
52112,108,97,11,11
52113,104,106,-2,2
52114,108,75,33,33
52115,93,89,4,4
52116,102,96,6,6
52117,99,85,14,14
52118,95,101,-6,6
52119,53,58,-5,5
52120,117,96,21,21
52121,79,94,-15,15
52122,55,69,-14,14
52123,163,165,-2,2
52124,53,54,-1,1
52125,80,83,-3,3
52126,124,124,0,0
52127,75,64,11,11
52128,133,130,3,3
52129,83,79,4,4
52130,54,57,-3,3
52131,52,57,-5,5
52132,67,58,9,9
52133,75,65,10,10
52134,106,98,8,8
52135,140,135,5,5
52136,124,124,0,0
52137,65,70,-5,5
52138,94,90,4,4
52139,108,113,-5,5
52140,132,118,14,14
52141,123,122,1,1
52142,73,84,-11,11
52143,246,230,16,16
52144,91,81,10,10
52145,48,53,-5,5
52146,109,94,15,15
52147,120,109,11,11
52148,71,63,8,8
52149,44,44,0,0
52150,83,77,6,6
52151,77,72,5,5
52152,108,99,9,9
52153,76,68,8,8
52154,116,107,9,9
52155,98,113,-15,15
52156,114,102,12,12
52157,142,125,17,17
52158,92,98,-6,6
52159,82,79,3,3
52160,86,81,5,5
52161,65,64,1,1
52162,91,87,4,4
52163,158,158,0,0
52164,79,70,9,9
52165,89,77,12,12
52166,54,52,2,2
52167,144,128,16,16
52168,167,175,-8,8
52169,94,104,-10,10
52170,75,71,4,4
52171,110,118,-8,8
52172,113,104,9,9
52173,63,62,1,1
52174,138,132,6,6
52175,101,91,10,10
52176,99,107,-8,8
52177,98,97,1,1
52178,138,162,-24,24
52179,116,119,-3,3
52180,53,61,-8,8
52181,97,87,10,10
52182,79,66,13,13
52183,94,103,-9,9
52184,72,80,-8,8
52185,104,113,-9,9
52186,113,100,13,13
52187,105,101,4,4
52188,84,79,5,5
52189,66,68,-2,2
52190,75,70,5,5
52191,106,103,3,3
52192,100,94,6,6
52193,75,78,-3,3
52194,45,49,-4,4
52195,126,131,-5,5
52196,102,98,4,4
52197,108,108,0,0
52198,99,86,13,13
52199,146,151,-5,5
52200,107,109,-2,2
52201,105,110,-5,5
52202,58,55,3,3
52203,114,119,-5,5
52204,151,132,19,19
52205,72,73,-1,1
52206,79,70,9,9
52207,131,122,9,9
52208,91,86,5,5
52209,52,58,-6,6
52210,81,74,7,7
52211,85,70,15,15
52212,96,88,8,8
52213,42,48,-6,6
52214,73,62,11,11
52215,100,93,7,7
52216,104,92,12,12
52217,85,92,-7,7
52218,67,70,-3,3
52219,71,67,4,4
52220,100,95,5,5
52221,134,108,26,26
52222,104,107,-3,3
52223,90,78,12,12
52224,96,121,-25,25
52225,61,100,-39,39
52226,65,66,-1,1
52227,139,139,0,0
52228,46,57,-11,11
52229,70,64,6,6
52230,142,133,9,9
52231,90,107,-17,17
52232,112,100,12,12
52233,113,104,9,9
52234,59,66,-7,7
52235,111,105,6,6
52236,84,70,14,14
52237,74,63,11,11
52238,78,62,16,16
52239,145,146,-1,1
52240,100,123,-23,23
52241,103,97,6,6
52242,55,53,2,2
52243,93,93,0,0
52244,78,71,7,7
52245,80,80,0,0
52246,104,90,14,14
52247,66,66,0,0
52248,68,54,14,14
52249,60,55,5,5
52250,103,113,-10,10
52251,69,62,7,7
52252,92,82,10,10
52253,48,56,-8,8
52254,54,58,-4,4
52255,54,50,4,4
52256,58,56,2,2
52257,160,144,16,16
52258,83,74,9,9
52259,90,82,8,8
52260,71,126,-55,55
52261,168,176,-8,8
52262,137,146,-9,9
52263,139,138,1,1
52264,74,65,9,9
52265,75,76,-1,1
52266,65,61,4,4
52267,93,76,17,17
52268,94,88,6,6
52269,65,73,-8,8
52270,110,112,-2,2
52271,29,39,-10,10
52272,91,86,5,5
52273,78,75,3,3
52274,77,69,8,8
52275,93,91,2,2
52276,158,152,6,6
52277,206,200,6,6
52278,98,97,1,1
52279,131,128,3,3
52280,115,112,3,3
52281,129,110,19,19
52282,97,88,9,9
52283,97,89,8,8
52284,78,86,-8,8
52285,81,88,-7,7
52286,107,104,3,3
52287,80,71,9,9
52288,67,66,1,1
52289,66,73,-7,7
52290,56,58,-2,2
52291,72,63,9,9
52292,50,57,-7,7
52293,70,91,-21,21
52294,128,114,14,14
52295,138,152,-14,14
52296,38,37,1,1
52297,113,111,2,2
52298,168,162,6,6
52299,115,106,9,9
52300,88,89,-1,1
52301,80,75,5,5
52302,124,133,-9,9
52303,190,187,3,3
52304,92,99,-7,7
52305,83,79,4,4
52306,78,81,-3,3
52307,64,55,9,9
52308,121,120,1,1
52309,74,73,1,1
52310,59,65,-6,6
52311,200,168,32,32
52312,157,144,13,13
52313,86,88,-2,2
52314,126,115,11,11
52315,75,80,-5,5
52316,95,113,-18,18
52317,118,96,22,22
52318,174,165,9,9
52319,148,142,6,6
52320,70,76,-6,6
52321,99,99,0,0
52322,73,69,4,4
52323,178,163,15,15
52324,127,121,6,6
52325,137,131,6,6
52326,35,48,-13,13
52327,58,59,-1,1
52328,104,106,-2,2
52329,85,80,5,5
52330,91,86,5,5
52331,40,40,0,0
52332,83,79,4,4
52333,100,109,-9,9
52334,73,79,-6,6
52335,51,61,-10,10
52336,263,210,53,53
52337,87,89,-2,2
52338,85,77,8,8
52339,85,86,-1,1
52340,89,86,3,3
52341,176,177,-1,1
52342,103,101,2,2
52343,128,137,-9,9
52344,166,166,0,0
52345,92,115,-23,23
52346,100,101,-1,1
52347,98,89,9,9
52348,57,58,-1,1
52349,127,120,7,7
52350,86,83,3,3
52351,144,145,-1,1
52352,60,60,0,0
52353,113,115,-2,2
52354,113,103,10,10
52355,103,96,7,7
52356,90,81,9,9
52357,56,54,2,2
52358,47,55,-8,8
52359,105,109,-4,4
52360,61,71,-10,10
52361,128,130,-2,2
52362,55,77,-22,22
52363,67,57,10,10
52364,65,62,3,3
52365,116,107,9,9
52366,76,71,5,5
52367,41,43,-2,2
52368,83,67,16,16
52369,82,97,-15,15
52370,50,61,-11,11
52371,81,90,-9,9
52372,57,48,9,9
52373,83,77,6,6
52374,87,95,-8,8
52375,56,46,10,10
52376,68,59,9,9
52377,71,72,-1,1
52378,77,82,-5,5
52379,67,56,11,11
52380,120,108,12,12
52381,74,71,3,3
52382,121,126,-5,5
52383,73,71,2,2
52384,53,62,-9,9
52385,68,72,-4,4
52386,95,88,7,7
52387,103,106,-3,3
52388,46,50,-4,4
52389,73,57,16,16
52390,148,142,6,6
52391,145,125,20,20
52392,105,90,15,15
52393,71,70,1,1
52394,43,47,-4,4
52395,106,105,1,1
52396,114,112,2,2
52397,80,61,19,19
52398,64,67,-3,3
52399,125,114,11,11
52400,84,91,-7,7
52401,86,88,-2,2
52402,101,90,11,11
52403,95,89,6,6
52404,90,90,0,0
52405,93,84,9,9
52406,62,58,4,4
52407,146,141,5,5
52408,87,86,1,1
52409,85,72,13,13
52410,134,117,17,17
52411,82,76,6,6
52412,46,60,-14,14
52413,73,69,4,4
52414,23,38,-15,15
52415,167,159,8,8
52416,116,95,21,21
52417,112,114,-2,2
52418,227,211,16,16
52419,108,108,0,0
52420,93,91,2,2
52421,76,84,-8,8
52422,75,80,-5,5
52423,74,84,-10,10
52424,85,79,6,6
52425,68,67,1,1
52426,93,85,8,8
52427,143,141,2,2
52428,132,128,4,4
52429,68,70,-2,2
52430,49,59,-10,10
52431,116,108,8,8
52432,87,84,3,3
52433,114,98,16,16
52434,133,122,11,11
52435,81,72,9,9
52436,105,92,13,13
52437,88,93,-5,5
52438,158,144,14,14
52439,82,72,10,10
52440,91,91,0,0
52441,158,160,-2,2
52442,77,77,0,0
52443,61,81,-20,20
52444,57,56,1,1
52445,76,85,-9,9
52446,80,81,-1,1
52447,90,96,-6,6
52448,75,60,15,15
52449,105,101,4,4
52450,99,98,1,1
52451,134,133,1,1
52452,70,66,4,4
52453,139,141,-2,2
52454,67,64,3,3
52455,186,175,11,11
52456,101,99,2,2
52457,142,135,7,7
52458,66,54,12,12
52459,88,79,9,9
52460,79,85,-6,6
52461,80,74,6,6
52462,103,113,-10,10
52463,133,146,-13,13
52464,21,59,-38,38
52465,98,84,14,14
52466,67,61,6,6
52467,117,137,-20,20
52468,71,69,2,2
52469,45,53,-8,8
52470,90,81,9,9
52471,122,108,14,14
52472,133,128,5,5
52473,70,69,1,1
52474,99,108,-9,9
52475,161,149,12,12
52476,123,119,4,4
52477,116,104,12,12
52478,148,130,18,18
52479,55,43,12,12
52480,107,108,-1,1
52481,69,62,7,7
52482,103,119,-16,16
52483,50,58,-8,8
52484,76,75,1,1
52485,98,93,5,5
52486,63,61,2,2
52487,69,65,4,4
52488,115,114,1,1
52489,64,57,7,7
52490,80,74,6,6
52491,93,81,12,12
52492,93,83,10,10
52493,107,97,10,10
52494,91,85,6,6
52495,73,80,-7,7
52496,163,150,13,13
52497,82,78,4,4
52498,133,101,32,32
52499,70,76,-6,6
52500,74,72,2,2
52501,72,64,8,8
52502,51,48,3,3
52503,192,169,23,23
52504,59,72,-13,13
52505,69,67,2,2
52506,47,52,-5,5
52507,146,163,-17,17
52508,149,134,15,15
52509,96,108,-12,12
52510,73,61,12,12
52511,143,135,8,8
52512,101,104,-3,3
52513,96,100,-4,4
52514,108,118,-10,10
52515,77,73,4,4
52516,45,50,-5,5
52517,89,99,-10,10
52518,160,147,13,13
52519,97,100,-3,3
52520,82,82,0,0
52521,80,75,5,5
52522,70,63,7,7
52523,123,116,7,7
52524,109,102,7,7
52525,162,158,4,4
52526,129,127,2,2
52527,80,77,3,3
52528,49,50,-1,1
52529,129,119,10,10
52530,79,66,13,13
52531,89,87,2,2
52532,92,95,-3,3
52533,87,82,5,5
52534,104,95,9,9
52535,106,78,28,28
52536,169,167,2,2
52537,96,113,-17,17
52538,66,63,3,3
52539,140,141,-1,1
52540,128,118,10,10
52541,82,76,6,6
52542,128,118,10,10
52543,109,117,-8,8
52544,59,57,2,2
52545,61,57,4,4
52546,109,92,17,17
52547,72,82,-10,10
52548,57,67,-10,10
52549,94,98,-4,4
52550,86,87,-1,1
52551,57,54,3,3
52552,142,144,-2,2
52553,79,85,-6,6
52554,150,144,6,6
52555,122,117,5,5
52556,106,107,-1,1
52557,41,43,-2,2
52558,218,203,15,15
52559,106,95,11,11
52560,80,72,8,8
52561,87,89,-2,2
52562,121,125,-4,4
52563,68,64,4,4
52564,79,87,-8,8
52565,63,52,11,11
52566,57,73,-16,16
52567,132,146,-14,14
52568,86,89,-3,3
52569,92,87,5,5
52570,187,164,23,23
52571,97,91,6,6
52572,135,130,5,5
52573,126,108,18,18
52574,79,77,2,2
52575,69,74,-5,5
52576,142,146,-4,4
52577,97,90,7,7
52578,104,108,-4,4
52579,112,112,0,0
52580,168,178,-10,10
52581,145,134,11,11
52582,137,137,0,0
52583,142,135,7,7
52584,81,71,10,10
52585,97,95,2,2
52586,90,83,7,7
52587,121,144,-23,23
52588,71,77,-6,6
52589,61,55,6,6
52590,95,113,-18,18
52591,95,116,-21,21
52592,53,68,-15,15
52593,126,132,-6,6
52594,72,78,-6,6
52595,86,72,14,14
52596,141,143,-2,2
52597,96,107,-11,11
52598,98,99,-1,1
52599,123,119,4,4
52600,46,42,4,4
52601,95,78,17,17
52602,127,126,1,1
52603,153,137,16,16
52604,115,110,5,5
52605,104,91,13,13
52606,53,61,-8,8
52607,95,85,10,10
52608,88,87,1,1
52609,133,114,19,19
52610,88,77,11,11
52611,25,36,-11,11
52612,142,138,4,4
52613,98,105,-7,7
52614,93,89,4,4
52615,99,93,6,6
52616,152,149,3,3
52617,124,121,3,3
52618,112,109,3,3
52619,134,108,26,26
52620,104,109,-5,5
52621,86,81,5,5
52622,117,115,2,2
52623,77,76,1,1
52624,88,86,2,2
52625,72,66,6,6
52626,87,101,-14,14
52627,80,78,2,2
52628,103,104,-1,1
52629,136,138,-2,2
52630,105,110,-5,5
52631,96,98,-2,2
52632,90,85,5,5
52633,53,54,-1,1
52634,77,82,-5,5
52635,60,60,0,0
52636,115,129,-14,14
52637,93,94,-1,1
52638,91,79,12,12
52639,162,161,1,1
52640,115,91,24,24
52641,148,154,-6,6
52642,68,81,-13,13
52643,79,76,3,3
52644,53,54,-1,1
52645,60,58,2,2
52646,63,73,-10,10
52647,102,100,2,2
52648,111,103,8,8
52649,116,115,1,1
52650,50,47,3,3
52651,113,100,13,13
52652,46,57,-11,11
52653,62,56,6,6
52654,112,103,9,9
52655,58,50,8,8
52656,85,94,-9,9
52657,111,101,10,10
52658,105,106,-1,1
52659,113,120,-7,7
52660,174,164,10,10
52661,125,123,2,2
52662,109,104,5,5
52663,67,77,-10,10
52664,76,60,16,16
52665,193,233,-40,40
52666,128,121,7,7
52667,88,81,7,7
52668,70,76,-6,6
52669,63,60,3,3
52670,148,124,24,24
52671,89,106,-17,17
52672,152,153,-1,1
52673,62,61,1,1
52674,141,121,20,20
52675,48,51,-3,3
52676,185,175,10,10
52677,89,82,7,7
52678,87,84,3,3
52679,50,54,-4,4
52680,79,65,14,14
52681,124,134,-10,10
52682,109,106,3,3
52683,54,54,0,0
52684,90,90,0,0
52685,85,83,2,2
52686,35,95,-60,60
52687,86,83,3,3
52688,47,52,-5,5
52689,103,91,12,12
52690,105,104,1,1
52691,47,57,-10,10
52692,44,50,-6,6
52693,137,125,12,12
52694,69,69,0,0
52695,47,42,5,5
52696,63,59,4,4
52697,118,113,5,5
52698,83,83,0,0
52699,80,90,-10,10
52700,119,85,34,34
52701,107,119,-12,12
52702,100,113,-13,13
52703,96,97,-1,1
52704,90,99,-9,9
52705,136,133,3,3
52706,142,147,-5,5
52707,82,81,1,1
52708,64,52,12,12
52709,89,86,3,3
52710,49,66,-17,17
52711,138,123,15,15
52712,74,68,6,6
52713,55,74,-19,19
52714,147,127,20,20
52715,87,89,-2,2
52716,67,73,-6,6
52717,90,79,11,11
52718,72,93,-21,21
52719,110,109,1,1
52720,166,168,-2,2
52721,128,105,23,23
52722,70,71,-1,1
52723,95,99,-4,4
52724,58,54,4,4
52725,95,91,4,4
52726,78,81,-3,3
52727,99,94,5,5
52728,79,70,9,9
52729,96,78,18,18
52730,87,81,6,6
52731,57,63,-6,6
52732,67,58,9,9
52733,84,90,-6,6
52734,73,74,-1,1
52735,77,71,6,6
52736,65,58,7,7
52737,34,45,-11,11
52738,103,94,9,9
52739,117,125,-8,8
52740,73,73,0,0
52741,121,112,9,9
52742,67,65,2,2
52743,118,99,19,19
52744,145,142,3,3
52745,83,80,3,3
52746,105,89,16,16
52747,81,68,13,13
52748,92,93,-1,1
52749,44,49,-5,5
52750,104,104,0,0
52751,45,55,-10,10
52752,96,97,-1,1
52753,115,124,-9,9
52754,91,100,-9,9
52755,64,78,-14,14
52756,63,53,10,10
52757,83,98,-15,15
52758,126,125,1,1
52759,57,62,-5,5
52760,209,190,19,19
52761,153,134,19,19
52762,57,58,-1,1
52763,70,59,11,11
52764,118,131,-13,13
52765,110,107,3,3
52766,63,55,8,8
52767,117,113,4,4
52768,151,128,23,23
52769,135,148,-13,13
52770,75,64,11,11
52771,121,119,2,2
52772,142,149,-7,7
52773,107,105,2,2
52774,87,91,-4,4
52775,83,88,-5,5
52776,54,49,5,5
52777,120,116,4,4
52778,75,73,2,2
52779,116,114,2,2
52780,80,82,-2,2
52781,132,146,-14,14
52782,61,63,-2,2
52783,70,75,-5,5
52784,57,47,10,10
52785,137,130,7,7
52786,112,99,13,13
52787,77,73,4,4
52788,78,77,1,1
52789,94,96,-2,2
52790,85,86,-1,1
52791,61,57,4,4
52792,80,74,6,6
52793,116,108,8,8
52794,64,83,-19,19
52795,69,70,-1,1
52796,124,105,19,19
52797,78,67,11,11
52798,109,116,-7,7
52799,90,81,9,9
52800,148,141,7,7
52801,64,68,-4,4
52802,59,51,8,8
52803,42,46,-4,4
52804,132,128,4,4
52805,132,125,7,7
52806,68,63,5,5
52807,173,180,-7,7
52808,73,71,2,2
52809,88,88,0,0
52810,95,86,9,9
52811,56,60,-4,4
52812,83,71,12,12
52813,131,128,3,3
52814,65,65,0,0
52815,77,71,6,6
52816,110,112,-2,2
52817,80,114,-34,34
52818,76,68,8,8
52819,73,69,4,4
52820,66,62,4,4
52821,149,139,10,10
52822,55,54,1,1
52823,60,55,5,5
52824,151,154,-3,3
52825,112,118,-6,6
52826,67,60,7,7
52827,67,81,-14,14
52828,77,79,-2,2
52829,114,114,0,0
52830,123,132,-9,9
52831,83,81,2,2
52832,42,51,-9,9
52833,104,111,-7,7
52834,90,94,-4,4
52835,107,114,-7,7
52836,153,141,12,12
52837,68,54,14,14
52838,41,45,-4,4
52839,82,77,5,5
52840,55,51,4,4
52841,114,102,12,12
52842,92,99,-7,7
52843,90,94,-4,4
52844,70,69,1,1
52845,75,77,-2,2
52846,112,95,17,17
52847,76,80,-4,4
52848,107,83,24,24
52849,96,91,5,5
52850,107,107,0,0
52851,46,51,-5,5
52852,103,113,-10,10
52853,122,117,5,5
52854,117,111,6,6
52855,69,84,-15,15
52856,100,108,-8,8
52857,70,61,9,9
52858,96,104,-8,8
52859,89,82,7,7
52860,112,122,-10,10
52861,93,113,-20,20
52862,104,98,6,6
52863,79,77,2,2
52864,150,142,8,8
52865,145,126,19,19
52866,135,135,0,0
52867,61,63,-2,2
52868,75,85,-10,10
52869,63,60,3,3
52870,77,78,-1,1
52871,115,125,-10,10
52872,94,88,6,6
52873,60,51,9,9
52874,99,101,-2,2
52875,162,172,-10,10
52876,89,92,-3,3
52877,84,114,-30,30
52878,90,98,-8,8
52879,132,125,7,7
52880,106,96,10,10
52881,50,47,3,3
52882,66,65,1,1
52883,153,142,11,11
52884,55,57,-2,2
52885,92,89,3,3
52886,113,112,1,1
52887,54,59,-5,5
52888,132,127,5,5
52889,116,103,13,13
52890,88,216,-128,128
52891,127,118,9,9
52892,80,84,-4,4
52893,125,116,9,9
52894,108,100,8,8
52895,104,101,3,3
52896,62,66,-4,4
52897,76,75,1,1
52898,77,81,-4,4
52899,120,119,1,1
52900,71,71,0,0
52901,54,63,-9,9
52902,115,117,-2,2
52903,138,140,-2,2
52904,95,86,9,9
52905,31,33,-2,2
52906,46,51,-5,5
52907,147,137,10,10
52908,129,136,-7,7
52909,82,68,14,14
52910,81,91,-10,10
52911,62,63,-1,1
52912,140,130,10,10
52913,101,100,1,1
52914,120,109,11,11
52915,48,39,9,9
52916,132,126,6,6
52917,164,153,11,11
52918,48,60,-12,12
52919,81,88,-7,7
52920,74,76,-2,2
52921,79,89,-10,10
52922,97,84,13,13
52923,81,91,-10,10
52924,47,54,-7,7
52925,97,111,-14,14
52926,59,65,-6,6
52927,68,61,7,7
52928,67,62,5,5
52929,66,62,4,4
52930,143,124,19,19
52931,88,97,-9,9
52932,96,96,0,0
52933,169,147,22,22
52934,106,93,13,13
52935,106,96,10,10
52936,78,73,5,5
52937,107,109,-2,2
52938,132,145,-13,13
52939,88,78,10,10
52940,68,75,-7,7
52941,104,98,6,6
52942,79,91,-12,12
52943,96,93,3,3
52944,159,154,5,5
52945,133,143,-10,10
52946,81,75,6,6
52947,67,71,-4,4
52948,86,82,4,4
52949,75,67,8,8
52950,106,109,-3,3
52951,55,61,-6,6
52952,167,147,20,20
52953,33,42,-9,9
52954,114,128,-14,14
52955,153,134,19,19
52956,76,75,1,1
52957,74,78,-4,4
52958,152,157,-5,5
52959,176,154,22,22
52960,86,82,4,4
52961,191,184,7,7
52962,116,111,5,5
52963,87,87,0,0
52964,133,129,4,4
52965,131,142,-11,11
52966,96,93,3,3
52967,113,121,-8,8
52968,52,49,3,3
52969,68,76,-8,8
52970,110,110,0,0
52971,58,57,1,1
52972,104,123,-19,19
52973,93,89,4,4
52974,118,117,1,1
52975,92,94,-2,2
52976,77,81,-4,4
52977,43,45,-2,2
52978,19,43,-24,24
52979,156,142,14,14
52980,145,141,4,4
52981,85,90,-5,5
52982,85,71,14,14
52983,121,107,14,14
52984,76,76,0,0
52985,137,142,-5,5
52986,76,68,8,8
52987,91,86,5,5
52988,93,89,4,4
52989,133,138,-5,5
52990,128,131,-3,3
52991,106,106,0,0
52992,77,79,-2,2
52993,104,98,6,6
52994,82,78,4,4
52995,77,80,-3,3
52996,91,106,-15,15
52997,73,85,-12,12
52998,144,132,12,12
52999,103,96,7,7
53000,97,100,-3,3
53001,238,205,33,33
53002,87,83,4,4
53003,135,127,8,8
53004,63,60,3,3
53005,95,80,15,15
53006,42,46,-4,4
53007,69,73,-4,4
53008,98,82,16,16
53009,147,145,2,2
53010,108,118,-10,10
53011,52,53,-1,1
53012,69,67,2,2
53013,92,57,35,35
53014,129,140,-11,11
53015,83,91,-8,8
53016,108,111,-3,3
53017,126,132,-6,6
53018,84,82,2,2
53019,86,71,15,15
53020,82,101,-19,19
53021,88,89,-1,1
53022,101,83,18,18
53023,130,119,11,11
53024,83,86,-3,3
53025,118,127,-9,9
53026,106,102,4,4
53027,108,116,-8,8
53028,85,68,17,17
53029,133,120,13,13
53030,77,68,9,9
53031,110,90,20,20
53032,71,76,-5,5
53033,72,84,-12,12
53034,44,43,1,1
53035,69,64,5,5
53036,106,96,10,10
53037,103,96,7,7
53038,82,74,8,8
53039,119,114,5,5
53040,94,95,-1,1
53041,67,61,6,6
53042,81,67,14,14
53043,102,100,2,2
53044,68,67,1,1
53045,154,143,11,11
53046,80,76,4,4
53047,120,112,8,8
53048,59,59,0,0
53049,149,152,-3,3
53050,66,67,-1,1
53051,80,62,18,18
53052,61,68,-7,7
53053,40,44,-4,4
53054,80,82,-2,2
53055,54,52,2,2
53056,90,106,-16,16
53057,107,97,10,10
53058,62,61,1,1
53059,157,163,-6,6
53060,113,105,8,8
53061,107,116,-9,9
53062,87,77,10,10
53063,90,86,4,4
53064,155,155,0,0
53065,37,56,-19,19
53066,66,62,4,4
53067,92,97,-5,5
53068,74,75,-1,1
53069,38,32,6,6
53070,83,73,10,10
53071,90,91,-1,1
53072,262,297,-35,35
53073,83,78,5,5
53074,65,57,8,8
53075,84,74,10,10
53076,50,54,-4,4
53077,95,100,-5,5
53078,80,91,-11,11
53079,135,130,5,5
53080,75,69,6,6
53081,79,85,-6,6
53082,179,172,7,7
53083,119,113,6,6
53084,89,77,12,12
53085,58,71,-13,13
53086,98,107,-9,9
53087,58,55,3,3
53088,62,56,6,6
53089,65,64,1,1
53090,90,90,0,0
53091,134,123,11,11
53092,61,54,7,7
53093,142,141,1,1
53094,71,68,3,3
53095,147,109,38,38
53096,122,121,1,1
53097,151,145,6,6
53098,105,102,3,3
53099,56,54,2,2
53100,124,125,-1,1
53101,140,148,-8,8
53102,107,104,3,3
53103,103,109,-6,6
53104,98,90,8,8
53105,63,58,5,5
53106,51,56,-5,5
53107,81,74,7,7
53108,65,71,-6,6
53109,150,150,0,0
53110,134,129,5,5
53111,46,44,2,2
53112,120,109,11,11
53113,80,83,-3,3
53114,93,93,0,0
53115,176,165,11,11
53116,115,132,-17,17
53117,128,125,3,3
53118,143,134,9,9
53119,55,50,5,5
53120,85,72,13,13
53121,102,94,8,8
53122,54,55,-1,1
53123,151,123,28,28
53124,83,70,13,13
53125,47,48,-1,1
53126,80,80,0,0
53127,126,116,10,10
53128,105,112,-7,7
53129,103,110,-7,7
53130,70,78,-8,8
53131,64,60,4,4
53132,116,110,6,6
53133,124,135,-11,11
53134,89,80,9,9
53135,73,74,-1,1
53136,131,137,-6,6
53137,120,114,6,6
53138,102,95,7,7
53139,88,77,11,11
53140,82,83,-1,1
53141,88,90,-2,2
53142,135,111,24,24
53143,119,113,6,6
53144,67,72,-5,5
53145,55,48,7,7
53146,170,165,5,5
53147,125,146,-21,21
53148,132,121,11,11
53149,146,144,2,2
53150,83,75,8,8
53151,85,76,9,9
53152,101,104,-3,3
53153,84,83,1,1
53154,135,131,4,4
53155,54,54,0,0
53156,74,61,13,13
53157,72,71,1,1
53158,112,89,23,23
53159,137,140,-3,3
53160,82,75,7,7
53161,121,94,27,27
53162,83,76,7,7
53163,112,117,-5,5
53164,66,60,6,6
53165,90,89,1,1
53166,111,123,-12,12
53167,70,73,-3,3
53168,98,102,-4,4
53169,101,96,5,5
53170,108,97,11,11
53171,77,76,1,1
53172,94,96,-2,2
53173,77,83,-6,6
53174,52,65,-13,13
53175,114,115,-1,1
53176,79,73,6,6
53177,43,59,-16,16
53178,110,95,15,15
53179,51,49,2,2
53180,81,79,2,2
53181,122,112,10,10
53182,128,124,4,4
53183,92,109,-17,17
53184,111,109,2,2
53185,106,97,9,9
53186,56,66,-10,10
53187,137,124,13,13
53188,75,62,13,13
53189,71,70,1,1
53190,67,65,2,2
53191,89,79,10,10
53192,96,97,-1,1
53193,106,107,-1,1
53194,71,64,7,7
53195,128,116,12,12
53196,63,67,-4,4
53197,82,68,14,14
53198,67,62,5,5
53199,80,81,-1,1
53200,124,116,8,8
53201,117,109,8,8
53202,115,124,-9,9
53203,107,116,-9,9
53204,65,62,3,3
53205,119,124,-5,5
53206,88,97,-9,9
53207,53,54,-1,1
53208,156,142,14,14
53209,71,66,5,5
53210,89,90,-1,1
53211,88,80,8,8
53212,113,106,7,7
53213,43,52,-9,9
53214,106,107,-1,1
53215,85,75,10,10
53216,108,125,-17,17
53217,70,60,10,10
53218,163,166,-3,3
53219,102,97,5,5
53220,74,69,5,5
53221,60,59,1,1
53222,107,102,5,5
53223,59,59,0,0
53224,90,70,20,20
53225,134,128,6,6
53226,159,151,8,8
53227,99,88,11,11
53228,75,76,-1,1
53229,62,53,9,9
53230,93,95,-2,2
53231,101,101,0,0
53232,61,60,1,1
53233,88,85,3,3
53234,99,94,5,5
53235,45,54,-9,9
53236,65,64,1,1
53237,120,112,8,8
53238,85,84,1,1
53239,76,80,-4,4
53240,111,105,6,6
53241,75,87,-12,12
53242,96,101,-5,5
53243,134,123,11,11
53244,62,59,3,3
53245,69,60,9,9
53246,95,98,-3,3
53247,93,88,5,5
53248,73,72,1,1
53249,89,73,16,16
53250,59,49,10,10
53251,73,64,9,9
53252,115,115,0,0
53253,86,82,4,4
53254,141,169,-28,28
53255,109,129,-20,20
53256,112,97,15,15
53257,74,78,-4,4
53258,57,60,-3,3
53259,61,61,0,0
53260,104,104,0,0
53261,111,91,20,20
53262,80,76,4,4
53263,107,95,12,12
53264,43,46,-3,3
53265,71,78,-7,7
53266,54,50,4,4
53267,74,81,-7,7
53268,77,74,3,3
53269,86,87,-1,1
53270,65,62,3,3
53271,103,89,14,14
53272,67,69,-2,2
53273,77,58,19,19
53274,53,66,-13,13
53275,128,109,19,19
53276,75,81,-6,6
53277,111,136,-25,25
53278,94,88,6,6
53279,93,91,2,2
53280,131,111,20,20
53281,61,82,-21,21
53282,69,75,-6,6
53283,70,64,6,6
53284,50,48,2,2
53285,69,60,9,9
53286,101,98,3,3
53287,86,79,7,7
53288,98,94,4,4
53289,140,112,28,28
53290,88,84,4,4
53291,51,57,-6,6
53292,72,76,-4,4
53293,109,109,0,0
53294,67,76,-9,9
53295,114,106,8,8
53296,98,86,12,12
53297,98,108,-10,10
53298,107,114,-7,7
53299,133,143,-10,10
53300,161,165,-4,4
53301,161,153,8,8
53302,125,123,2,2
53303,90,86,4,4
53304,112,116,-4,4
53305,61,59,2,2
53306,186,185,1,1
53307,102,113,-11,11
53308,273,250,23,23
53309,125,132,-7,7
53310,124,132,-8,8
53311,115,106,9,9
53312,86,82,4,4
53313,67,70,-3,3
53314,90,94,-4,4
53315,146,137,9,9
53316,64,57,7,7
53317,78,73,5,5
53318,73,69,4,4
53319,132,120,12,12
53320,78,77,1,1
53321,108,116,-8,8
53322,72,66,6,6
53323,112,119,-7,7
53324,110,114,-4,4
53325,157,146,11,11
53326,87,79,8,8
53327,63,58,5,5
53328,47,50,-3,3
53329,55,71,-16,16
53330,57,56,1,1
53331,77,76,1,1
53332,73,68,5,5
53333,52,60,-8,8
53334,60,70,-10,10
53335,171,179,-8,8
53336,153,149,4,4
53337,128,124,4,4
53338,101,96,5,5
53339,58,55,3,3
53340,67,67,0,0
53341,58,68,-10,10
53342,69,63,6,6
53343,198,178,20,20
53344,85,77,8,8
53345,96,82,14,14
53346,68,94,-26,26
53347,80,81,-1,1
53348,56,58,-2,2
53349,67,60,7,7
53350,57,54,3,3
53351,39,50,-11,11
53352,81,86,-5,5
53353,117,118,-1,1
53354,104,103,1,1
53355,105,114,-9,9
53356,83,80,3,3
53357,135,124,11,11
53358,76,68,8,8
53359,122,112,10,10
53360,78,79,-1,1
53361,37,37,0,0
53362,134,128,6,6
53363,71,61,10,10
53364,119,101,18,18
53365,23,44,-21,21
53366,145,138,7,7
53367,99,99,0,0
53368,70,73,-3,3
53369,41,61,-20,20
53370,82,94,-12,12
53371,102,94,8,8
53372,64,51,13,13
53373,60,53,7,7
53374,157,149,8,8
53375,144,124,20,20
53376,107,102,5,5
53377,108,128,-20,20
53378,79,91,-12,12
53379,77,85,-8,8
53380,102,99,3,3
53381,62,59,3,3
53382,87,91,-4,4
53383,156,141,15,15
53384,59,50,9,9
53385,54,62,-8,8
53386,114,102,12,12
53387,87,99,-12,12
53388,132,136,-4,4
53389,135,133,2,2
53390,126,103,23,23
53391,105,111,-6,6
53392,95,103,-8,8
53393,101,94,7,7
53394,51,59,-8,8
53395,63,72,-9,9
53396,149,142,7,7
53397,72,62,10,10
53398,147,138,9,9
53399,67,61,6,6
53400,106,112,-6,6
53401,98,102,-4,4
53402,100,93,7,7
53403,93,115,-22,22
53404,69,70,-1,1
53405,116,131,-15,15
53406,88,83,5,5
53407,114,140,-26,26
53408,53,58,-5,5
53409,55,55,0,0
53410,86,90,-4,4
53411,110,93,17,17
53412,82,73,9,9
53413,87,77,10,10
53414,60,54,6,6
53415,59,56,3,3
53416,72,75,-3,3
53417,99,81,18,18
53418,111,97,14,14
53419,105,105,0,0
53420,110,103,7,7
53421,56,62,-6,6
53422,126,133,-7,7
53423,75,74,1,1
53424,56,57,-1,1
53425,119,125,-6,6
53426,98,89,9,9
53427,171,172,-1,1
53428,169,154,15,15
53429,126,127,-1,1
53430,194,177,17,17
53431,112,106,6,6
53432,73,70,3,3
53433,106,105,1,1
53434,101,83,18,18
53435,119,114,5,5
53436,96,81,15,15
53437,58,61,-3,3
53438,89,92,-3,3
53439,78,62,16,16
53440,85,96,-11,11
53441,87,87,0,0
53442,70,84,-14,14
53443,50,61,-11,11
53444,51,52,-1,1
53445,91,89,2,2
53446,79,82,-3,3
53447,98,95,3,3
53448,117,127,-10,10
53449,94,99,-5,5
53450,141,131,10,10
53451,133,134,-1,1
53452,48,42,6,6
53453,121,124,-3,3
53454,90,91,-1,1
53455,50,59,-9,9
53456,69,75,-6,6
53457,90,96,-6,6
53458,83,99,-16,16
53459,89,100,-11,11
53460,84,77,7,7
53461,72,56,16,16
53462,65,76,-11,11
53463,93,88,5,5
53464,70,67,3,3
53465,68,63,5,5
53466,128,139,-11,11
53467,102,91,11,11
53468,111,107,4,4
53469,54,49,5,5
53470,94,99,-5,5
53471,102,90,12,12
53472,104,99,5,5
53473,90,88,2,2
53474,96,102,-6,6
53475,119,150,-31,31
53476,80,93,-13,13
53477,77,69,8,8
53478,228,283,-55,55
53479,134,107,27,27
53480,140,161,-21,21
53481,47,52,-5,5
53482,113,106,7,7
53483,58,58,0,0
53484,34,40,-6,6
53485,46,49,-3,3
53486,68,61,7,7
53487,68,75,-7,7
53488,43,44,-1,1
53489,74,77,-3,3
53490,88,87,1,1
53491,130,144,-14,14
53492,112,82,30,30
53493,91,85,6,6
53494,70,74,-4,4
53495,137,127,10,10
53496,67,59,8,8
53497,90,76,14,14
53498,137,122,15,15
53499,83,88,-5,5
53500,105,111,-6,6
53501,78,79,-1,1
53502,93,74,19,19
53503,88,73,15,15
53504,65,58,7,7
53505,105,96,9,9
53506,131,142,-11,11
53507,52,54,-2,2
53508,48,60,-12,12
53509,127,131,-4,4
53510,70,81,-11,11
53511,62,56,6,6
53512,119,121,-2,2
53513,75,73,2,2
53514,90,79,11,11
53515,60,57,3,3
53516,133,124,9,9
53517,86,78,8,8
53518,77,81,-4,4
53519,81,82,-1,1
53520,98,95,3,3
53521,101,96,5,5
53522,70,66,4,4
53523,86,71,15,15
53524,111,116,-5,5
53525,99,85,14,14
53526,62,61,1,1
53527,111,117,-6,6
53528,57,53,4,4
53529,93,89,4,4
53530,77,77,0,0
53531,122,124,-2,2
53532,96,97,-1,1
53533,52,56,-4,4
53534,66,56,10,10
53535,102,96,6,6
53536,79,86,-7,7
53537,83,82,1,1
53538,90,87,3,3
53539,117,125,-8,8
53540,87,88,-1,1
53541,127,118,9,9
53542,50,57,-7,7
53543,62,65,-3,3
53544,63,76,-13,13
53545,80,71,9,9
53546,111,136,-25,25
53547,53,55,-2,2
53548,105,101,4,4
53549,97,87,10,10
53550,48,45,3,3
53551,66,70,-4,4
53552,113,112,1,1
53553,142,142,0,0
53554,42,40,2,2
53555,55,51,4,4
53556,111,103,8,8
53557,89,85,4,4
53558,76,87,-11,11
53559,126,114,12,12
53560,103,99,4,4
53561,53,64,-11,11
53562,90,93,-3,3
53563,66,55,11,11
53564,60,64,-4,4
53565,49,51,-2,2
53566,230,213,17,17
53567,64,65,-1,1
53568,104,105,-1,1
53569,82,82,0,0
53570,157,143,14,14
53571,53,53,0,0
53572,93,98,-5,5
53573,76,70,6,6
53574,61,65,-4,4
53575,100,85,15,15
53576,52,57,-5,5
53577,69,65,4,4
53578,117,113,4,4
53579,124,121,3,3
53580,100,98,2,2
53581,149,128,21,21
53582,99,100,-1,1
53583,120,95,25,25
53584,79,82,-3,3
53585,177,182,-5,5
53586,62,60,2,2
53587,99,92,7,7
53588,157,148,9,9
53589,117,122,-5,5
53590,98,99,-1,1
53591,68,63,5,5
53592,85,80,5,5
53593,91,97,-6,6
53594,106,94,12,12
53595,129,124,5,5
53596,134,123,11,11
53597,85,79,6,6
53598,122,125,-3,3
53599,89,87,2,2
53600,46,50,-4,4
53601,91,96,-5,5
53602,136,139,-3,3
53603,52,47,5,5
53604,98,103,-5,5
53605,98,89,9,9
53606,129,122,7,7
53607,49,50,-1,1
53608,75,72,3,3
53609,70,69,1,1
53610,102,89,13,13
53611,114,115,-1,1
53612,31,45,-14,14
53613,120,111,9,9
53614,108,105,3,3
53615,84,91,-7,7
53616,61,63,-2,2
53617,150,148,2,2
53618,52,74,-22,22
53619,44,42,2,2
53620,71,76,-5,5
53621,62,62,0,0
53622,74,69,5,5
53623,100,96,4,4
53624,83,82,1,1
53625,82,87,-5,5
53626,149,130,19,19
53627,113,115,-2,2
53628,99,88,11,11
53629,94,97,-3,3
53630,77,82,-5,5
53631,116,131,-15,15
53632,154,154,0,0
53633,84,81,3,3
53634,116,96,20,20
53635,169,169,0,0
53636,126,117,9,9
53637,31,38,-7,7
53638,84,78,6,6
53639,81,81,0,0
53640,109,100,9,9
53641,96,101,-5,5
53642,78,71,7,7
53643,100,93,7,7
53644,101,93,8,8
53645,63,71,-8,8
53646,118,117,1,1
53647,119,113,6,6
53648,70,62,8,8
53649,82,80,2,2
53650,57,60,-3,3
53651,89,94,-5,5
53652,124,115,9,9
53653,67,70,-3,3
53654,87,82,5,5
53655,115,109,6,6
53656,76,66,10,10
53657,63,60,3,3
53658,105,100,5,5
53659,77,72,5,5
53660,124,126,-2,2
53661,84,72,12,12
53662,52,52,0,0
53663,55,70,-15,15
53664,120,112,8,8
53665,206,180,26,26
53666,67,65,2,2
53667,93,91,2,2
53668,67,69,-2,2
53669,71,64,7,7
53670,87,77,10,10
53671,72,64,8,8
53672,108,103,5,5
53673,116,102,14,14
53674,62,61,1,1
53675,61,63,-2,2
53676,57,54,3,3
53677,100,89,11,11
53678,78,75,3,3
53679,93,91,2,2
53680,102,100,2,2
53681,187,196,-9,9
53682,88,76,12,12
53683,100,98,2,2
53684,169,168,1,1
53685,160,166,-6,6
53686,142,137,5,5
53687,146,152,-6,6
53688,81,84,-3,3
53689,41,45,-4,4
53690,111,103,8,8
53691,124,111,13,13
53692,114,115,-1,1
53693,133,138,-5,5
53694,88,74,14,14
53695,90,83,7,7
53696,76,67,9,9
53697,83,96,-13,13
53698,130,127,3,3
53699,48,58,-10,10
53700,85,101,-16,16
53701,77,77,0,0
53702,130,124,6,6
53703,118,105,13,13
53704,106,103,3,3
53705,67,67,0,0
53706,111,120,-9,9
53707,94,86,8,8
53708,69,66,3,3
53709,76,82,-6,6
53710,96,87,9,9
53711,84,74,10,10
53712,144,117,27,27
53713,66,75,-9,9
53714,86,85,1,1
53715,56,65,-9,9
53716,103,113,-10,10
53717,154,148,6,6
53718,80,69,11,11
53719,89,84,5,5
53720,63,64,-1,1
53721,90,91,-1,1
53722,102,85,17,17
53723,132,132,0,0
53724,103,104,-1,1
53725,138,129,9,9
53726,107,102,5,5
53727,84,79,5,5
53728,158,144,14,14
53729,143,143,0,0
53730,83,86,-3,3
53731,101,90,11,11
53732,42,45,-3,3
53733,156,135,21,21
53734,96,99,-3,3
53735,124,130,-6,6
53736,91,84,7,7
53737,139,134,5,5
53738,80,74,6,6
53739,95,87,8,8
53740,95,86,9,9
53741,83,86,-3,3
53742,88,89,-1,1
53743,120,122,-2,2
53744,79,75,4,4
53745,114,110,4,4
53746,54,54,0,0
53747,72,77,-5,5
53748,122,112,10,10
53749,125,125,0,0
53750,100,98,2,2
53751,90,97,-7,7
53752,92,86,6,6
53753,85,81,4,4
53754,115,113,2,2
53755,76,66,10,10
53756,94,103,-9,9
53757,128,107,21,21
53758,49,99,-50,50
53759,134,123,11,11
53760,114,118,-4,4
53761,75,71,4,4
53762,71,63,8,8
53763,131,124,7,7
53764,110,104,6,6
53765,113,106,7,7
53766,79,87,-8,8
53767,90,57,33,33
53768,112,94,18,18
53769,92,92,0,0
53770,141,131,10,10
53771,46,49,-3,3
53772,103,99,4,4
53773,124,127,-3,3
53774,98,90,8,8
53775,106,88,18,18
53776,95,82,13,13
53777,50,54,-4,4
53778,98,87,11,11
53779,127,129,-2,2
53780,147,146,1,1
53781,136,130,6,6
53782,68,61,7,7
53783,133,115,18,18
53784,112,112,0,0
53785,73,66,7,7
53786,104,102,2,2
53787,118,119,-1,1
53788,84,95,-11,11
53789,66,61,5,5
53790,74,69,5,5
53791,71,61,10,10
53792,122,116,6,6
53793,88,80,8,8
53794,90,94,-4,4
53795,44,53,-9,9
53796,68,82,-14,14
53797,72,73,-1,1
53798,141,142,-1,1
53799,84,106,-22,22
53800,120,114,6,6
53801,46,43,3,3
53802,59,56,3,3
53803,136,128,8,8
53804,47,51,-4,4
53805,57,60,-3,3
53806,64,77,-13,13
53807,114,96,18,18
53808,75,61,14,14
53809,72,72,0,0
53810,58,50,8,8
53811,70,69,1,1
53812,146,139,7,7
53813,83,97,-14,14
53814,116,128,-12,12
53815,143,153,-10,10
53816,118,108,10,10
53817,200,177,23,23
53818,116,99,17,17
53819,124,110,14,14
53820,142,144,-2,2
53821,184,164,20,20
53822,137,128,9,9
53823,76,66,10,10
53824,96,87,9,9
53825,52,44,8,8
53826,91,78,13,13
53827,55,52,3,3
53828,95,81,14,14
53829,59,62,-3,3
53830,145,152,-7,7
53831,84,72,12,12
53832,112,114,-2,2
53833,63,76,-13,13
53834,60,63,-3,3
53835,134,129,5,5
53836,88,79,9,9
53837,72,69,3,3
53838,107,116,-9,9
53839,74,70,4,4
53840,94,85,9,9
53841,84,75,9,9
53842,55,75,-20,20
53843,30,38,-8,8
53844,31,52,-21,21
53845,77,80,-3,3
53846,74,69,5,5
53847,99,86,13,13
53848,148,137,11,11
53849,70,70,0,0
53850,86,72,14,14
53851,124,138,-14,14
53852,144,143,1,1
53853,77,73,4,4
53854,117,107,10,10
53855,78,73,5,5
53856,53,59,-6,6
53857,105,98,7,7
53858,79,63,16,16
53859,127,118,9,9
53860,94,83,11,11
53861,159,166,-7,7
53862,90,87,3,3
53863,71,73,-2,2
53864,156,151,5,5
53865,140,135,5,5
53866,57,52,5,5
53867,91,90,1,1
53868,61,57,4,4
53869,91,97,-6,6
53870,54,52,2,2
53871,78,68,10,10
53872,133,118,15,15
53873,121,114,7,7
53874,151,152,-1,1
53875,119,116,3,3
53876,76,107,-31,31
53877,98,88,10,10
53878,97,97,0,0
53879,41,43,-2,2
53880,149,165,-16,16
53881,119,113,6,6
53882,80,79,1,1
53883,67,59,8,8
53884,70,80,-10,10
53885,120,106,14,14
53886,125,125,0,0
53887,76,79,-3,3
53888,77,84,-7,7
53889,89,91,-2,2
53890,63,60,3,3
53891,163,159,4,4
53892,51,48,3,3
53893,68,64,4,4
53894,131,134,-3,3
53895,109,107,2,2
53896,61,56,5,5
53897,118,129,-11,11
53898,103,99,4,4
53899,137,113,24,24
53900,93,86,7,7
53901,116,96,20,20
53902,61,62,-1,1
53903,80,85,-5,5
53904,88,91,-3,3
53905,121,130,-9,9
53906,63,61,2,2
53907,150,133,17,17
53908,130,134,-4,4
53909,112,111,1,1
53910,48,58,-10,10
53911,159,154,5,5
53912,75,66,9,9
53913,66,72,-6,6
53914,75,69,6,6
53915,70,66,4,4
53916,80,74,6,6
53917,95,101,-6,6
53918,57,39,18,18
53919,79,70,9,9
53920,69,60,9,9
53921,60,59,1,1
53922,115,102,13,13
53923,121,94,27,27
53924,71,54,17,17
53925,88,82,6,6
53926,97,100,-3,3
53927,56,59,-3,3
53928,107,93,14,14
53929,35,49,-14,14
53930,112,107,5,5
53931,74,73,1,1
53932,80,78,2,2
53933,89,95,-6,6
53934,81,83,-2,2
53935,142,140,2,2
53936,109,115,-6,6
53937,118,94,24,24
53938,93,90,3,3
53939,127,124,3,3
53940,84,85,-1,1
53941,135,132,3,3
53942,128,130,-2,2
53943,88,73,15,15
53944,77,83,-6,6
53945,73,77,-4,4
53946,92,86,6,6
53947,163,166,-3,3
53948,117,106,11,11
53949,186,179,7,7
53950,118,121,-3,3
53951,79,62,17,17
53952,81,95,-14,14
53953,114,129,-15,15
53954,83,81,2,2
53955,89,79,10,10
53956,139,140,-1,1
53957,85,81,4,4
53958,52,61,-9,9
53959,112,98,14,14
53960,79,77,2,2
53961,90,72,18,18
53962,102,101,1,1
53963,86,81,5,5
53964,83,73,10,10
53965,149,140,9,9
53966,50,53,-3,3
53967,73,62,11,11
53968,66,68,-2,2
53969,106,105,1,1
53970,78,72,6,6
53971,85,80,5,5
53972,97,104,-7,7
53973,50,53,-3,3
53974,126,138,-12,12
53975,83,87,-4,4
53976,98,88,10,10
53977,75,70,5,5
53978,93,90,3,3
53979,143,129,14,14
53980,142,124,18,18
53981,55,62,-7,7
53982,68,63,5,5
53983,61,57,4,4
53984,68,68,0,0
53985,119,104,15,15
53986,85,78,7,7
53987,56,44,12,12
53988,105,110,-5,5
53989,74,68,6,6
53990,61,63,-2,2
53991,125,133,-8,8
53992,49,48,1,1
53993,117,127,-10,10
53994,109,119,-10,10
53995,108,129,-21,21
53996,153,162,-9,9
53997,59,62,-3,3
53998,173,164,9,9
53999,90,88,2,2
54000,102,87,15,15
54001,53,54,-1,1
54002,91,96,-5,5
54003,162,120,42,42
54004,129,131,-2,2
54005,110,110,0,0
54006,80,68,12,12
54007,94,82,12,12
54008,107,103,4,4
54009,57,58,-1,1
54010,109,115,-6,6
54011,73,74,-1,1
54012,229,204,25,25
54013,170,168,2,2
54014,70,67,3,3
54015,104,107,-3,3
54016,83,76,7,7
54017,101,98,3,3
54018,86,87,-1,1
54019,108,111,-3,3
54020,96,92,4,4
54021,80,80,0,0
54022,68,73,-5,5
54023,91,83,8,8
54024,112,112,0,0
54025,122,99,23,23
54026,132,115,17,17
54027,96,95,1,1
54028,81,83,-2,2
54029,80,90,-10,10
54030,101,96,5,5
54031,117,111,6,6
54032,100,120,-20,20
54033,83,97,-14,14
54034,93,93,0,0
54035,103,105,-2,2
54036,48,84,-36,36
54037,110,104,6,6
54038,128,124,4,4
54039,37,49,-12,12
54040,110,115,-5,5
54041,94,101,-7,7
54042,127,139,-12,12
54043,70,63,7,7
54044,112,109,3,3
54045,189,192,-3,3
54046,95,101,-6,6
54047,123,128,-5,5
54048,152,154,-2,2
54049,85,79,6,6
54050,60,66,-6,6
54051,74,67,7,7
54052,89,97,-8,8
54053,97,107,-10,10
54054,159,149,10,10
54055,90,89,1,1
54056,76,75,1,1
54057,83,89,-6,6
54058,71,79,-8,8
54059,105,92,13,13
54060,102,103,-1,1
54061,161,148,13,13
54062,123,110,13,13
54063,85,80,5,5
54064,41,44,-3,3
54065,165,154,11,11
54066,60,102,-42,42
54067,123,126,-3,3
54068,59,52,7,7
54069,51,39,12,12
54070,160,166,-6,6
54071,134,147,-13,13
54072,87,90,-3,3
54073,91,86,5,5
54074,52,50,2,2
54075,111,109,2,2
54076,139,139,0,0
54077,65,65,0,0
54078,96,90,6,6
54079,92,86,6,6
54080,77,84,-7,7
54081,106,117,-11,11
54082,194,193,1,1
54083,127,126,1,1
54084,121,91,30,30
54085,140,151,-11,11
54086,129,126,3,3
54087,59,59,0,0
54088,82,86,-4,4
54089,59,58,1,1
54090,98,85,13,13
54091,214,190,24,24
54092,107,100,7,7
54093,122,125,-3,3
54094,75,69,6,6
54095,52,44,8,8
54096,129,116,13,13
54097,59,59,0,0
54098,64,62,2,2
54099,144,138,6,6
54100,99,110,-11,11
54101,156,153,3,3
54102,173,169,4,4
54103,82,75,7,7
54104,145,133,12,12
54105,105,88,17,17
54106,102,106,-4,4
54107,69,68,1,1
54108,51,52,-1,1
54109,44,55,-11,11
54110,30,41,-11,11
54111,118,101,17,17
54112,85,76,9,9
54113,70,65,5,5
54114,61,70,-9,9
54115,69,72,-3,3
54116,81,78,3,3
54117,68,59,9,9
54118,149,139,10,10
54119,47,58,-11,11
54120,53,58,-5,5
54121,143,139,4,4
54122,91,95,-4,4
54123,93,94,-1,1
54124,45,55,-10,10
54125,122,128,-6,6
54126,112,106,6,6
54127,165,141,24,24
54128,57,61,-4,4
54129,101,98,3,3
54130,54,64,-10,10
54131,55,54,1,1
54132,74,66,8,8
54133,95,89,6,6
54134,58,94,-36,36
54135,114,129,-15,15
54136,73,82,-9,9
54137,81,74,7,7
54138,63,53,10,10
54139,139,158,-19,19
54140,96,93,3,3
54141,111,97,14,14
54142,157,143,14,14
54143,167,168,-1,1
54144,166,146,20,20
54145,115,122,-7,7
54146,80,80,0,0
54147,166,149,17,17
54148,89,82,7,7
54149,69,62,7,7
54150,34,47,-13,13
54151,92,85,7,7
54152,81,91,-10,10
54153,131,134,-3,3
54154,65,68,-3,3
54155,107,109,-2,2
54156,61,59,2,2
54157,77,80,-3,3
54158,92,93,-1,1
54159,175,179,-4,4
54160,154,157,-3,3
54161,101,106,-5,5
54162,96,90,6,6
54163,82,76,6,6
54164,72,64,8,8
54165,60,54,6,6
54166,137,125,12,12
54167,44,54,-10,10
54168,77,63,14,14
54169,111,105,6,6
54170,41,51,-10,10
54171,119,114,5,5
54172,83,83,0,0
54173,108,94,14,14
54174,128,115,13,13
54175,76,95,-19,19
54176,41,53,-12,12
54177,79,78,1,1
54178,175,170,5,5
54179,115,110,5,5
54180,87,99,-12,12
54181,136,124,12,12
54182,76,75,1,1
54183,107,115,-8,8
54184,86,87,-1,1
54185,118,95,23,23
54186,98,87,11,11
54187,73,71,2,2
54188,176,163,13,13
54189,110,96,14,14
54190,73,70,3,3
54191,73,82,-9,9
54192,109,115,-6,6
54193,96,103,-7,7
54194,128,119,9,9
54195,65,57,8,8
54196,81,82,-1,1
54197,76,68,8,8
54198,81,88,-7,7
54199,55,44,11,11
54200,93,92,1,1
54201,138,149,-11,11
54202,127,120,7,7
54203,110,100,10,10
54204,97,89,8,8
54205,106,108,-2,2
54206,70,72,-2,2
54207,84,95,-11,11
54208,103,101,2,2
54209,109,97,12,12
54210,82,76,6,6
54211,82,77,5,5
54212,75,75,0,0
54213,96,91,5,5
54214,74,72,2,2
54215,50,59,-9,9
54216,80,68,12,12
54217,129,138,-9,9
54218,127,132,-5,5
54219,101,110,-9,9
54220,94,95,-1,1
54221,80,81,-1,1
54222,51,57,-6,6
54223,98,85,13,13
54224,93,84,9,9
54225,138,130,8,8
54226,127,113,14,14
54227,115,109,6,6
54228,57,56,1,1
54229,62,61,1,1
54230,125,125,0,0
54231,74,86,-12,12
54232,104,91,13,13
54233,112,111,1,1
54234,101,89,12,12
54235,81,66,15,15
54236,58,61,-3,3
54237,98,85,13,13
54238,60,54,6,6
54239,60,59,1,1
54240,119,105,14,14
54241,92,87,5,5
54242,79,79,0,0
54243,72,68,4,4
54244,59,64,-5,5
54245,53,54,-1,1
54246,133,125,8,8
54247,81,82,-1,1
54248,167,154,13,13
54249,110,102,8,8
54250,62,64,-2,2
54251,77,72,5,5
54252,81,90,-9,9
54253,108,96,12,12
54254,107,91,16,16
54255,56,59,-3,3
54256,74,74,0,0
54257,55,72,-17,17
54258,41,44,-3,3
54259,95,87,8,8
54260,80,81,-1,1
54261,107,101,6,6
54262,89,92,-3,3
54263,69,68,1,1
54264,89,85,4,4
54265,125,113,12,12
54266,139,158,-19,19
54267,63,72,-9,9
54268,79,89,-10,10
54269,111,114,-3,3
54270,80,75,5,5
54271,89,97,-8,8
54272,65,65,0,0
54273,139,137,2,2
54274,105,103,2,2
54275,59,62,-3,3
54276,108,92,16,16
54277,71,70,1,1
54278,57,64,-7,7
54279,65,62,3,3
54280,66,57,9,9
54281,171,179,-8,8
54282,69,89,-20,20
54283,137,121,16,16
54284,62,65,-3,3
54285,92,86,6,6
54286,87,76,11,11
54287,131,123,8,8
54288,160,170,-10,10
54289,78,77,1,1
54290,82,84,-2,2
54291,152,178,-26,26
54292,34,38,-4,4
54293,80,88,-8,8
54294,201,196,5,5
54295,89,89,0,0
54296,88,88,0,0
54297,137,134,3,3
54298,58,55,3,3
54299,87,99,-12,12
54300,106,110,-4,4
54301,67,62,5,5
54302,57,49,8,8
54303,83,80,3,3
54304,105,93,12,12
54305,187,165,22,22
54306,92,89,3,3
54307,43,53,-10,10
54308,130,139,-9,9
54309,103,92,11,11
54310,79,76,3,3
54311,176,174,2,2
54312,120,103,17,17
54313,75,68,7,7
54314,75,70,5,5
54315,77,84,-7,7
54316,87,78,9,9
54317,49,55,-6,6
54318,164,142,22,22
54319,142,132,10,10
54320,136,137,-1,1
54321,51,66,-15,15
54322,79,81,-2,2
54323,173,169,4,4
54324,118,116,2,2
54325,75,75,0,0
54326,87,87,0,0
54327,66,63,3,3
54328,67,67,0,0
54329,124,119,5,5
54330,62,54,8,8
54331,88,88,0,0
54332,87,75,12,12
54333,125,133,-8,8
54334,107,83,24,24
54335,65,61,4,4
54336,50,53,-3,3
54337,80,67,13,13
54338,166,164,2,2
54339,142,140,2,2
54340,171,167,4,4
54341,57,61,-4,4
54342,87,86,1,1
54343,106,101,5,5
54344,95,109,-14,14
54345,108,95,13,13
54346,105,99,6,6
54347,112,107,5,5
54348,101,82,19,19
54349,89,93,-4,4
54350,49,54,-5,5
54351,84,80,4,4
54352,101,104,-3,3
54353,66,59,7,7
54354,83,77,6,6
54355,58,55,3,3
54356,85,84,1,1
54357,91,101,-10,10
54358,53,65,-12,12
54359,94,84,10,10
54360,97,80,17,17
54361,76,80,-4,4
54362,45,52,-7,7
54363,49,53,-4,4
54364,150,148,2,2
54365,104,99,5,5
54366,111,114,-3,3
54367,68,56,12,12
54368,93,97,-4,4
54369,100,112,-12,12
54370,107,105,2,2
54371,121,120,1,1
54372,60,65,-5,5
54373,134,136,-2,2
54374,127,126,1,1
54375,76,75,1,1
54376,122,114,8,8
54377,71,75,-4,4
54378,73,84,-11,11
54379,74,66,8,8
54380,133,135,-2,2
54381,78,61,17,17
54382,60,74,-14,14
54383,112,133,-21,21
54384,87,89,-2,2
54385,105,100,5,5
54386,62,64,-2,2
54387,76,70,6,6
54388,124,111,13,13
54389,108,115,-7,7
54390,63,59,4,4
54391,192,189,3,3
54392,63,72,-9,9
54393,94,93,1,1
54394,76,91,-15,15
54395,153,150,3,3
54396,145,139,6,6
54397,118,127,-9,9
54398,144,156,-12,12
54399,80,84,-4,4
54400,81,74,7,7
54401,167,152,15,15
54402,112,85,27,27
54403,87,87,0,0
54404,114,83,31,31
54405,96,96,0,0
54406,72,75,-3,3
54407,148,156,-8,8
54408,105,107,-2,2
54409,138,144,-6,6
54410,80,68,12,12
54411,79,77,2,2
54412,92,86,6,6
54413,104,98,6,6
54414,60,70,-10,10
54415,179,171,8,8
54416,86,79,7,7
54417,32,49,-17,17
54418,134,96,38,38
54419,71,65,6,6
54420,93,89,4,4
54421,112,103,9,9
54422,117,112,5,5
54423,112,112,0,0
54424,83,78,5,5
54425,111,113,-2,2
54426,143,139,4,4
54427,84,72,12,12
54428,58,61,-3,3
54429,78,76,2,2
54430,116,101,15,15
54431,120,109,11,11
54432,102,92,10,10
54433,155,79,76,76
54434,106,107,-1,1
54435,79,65,14,14
54436,111,116,-5,5
54437,72,70,2,2
54438,59,55,4,4
54439,139,146,-7,7
54440,119,112,7,7
54441,100,90,10,10
54442,59,71,-12,12
54443,67,80,-13,13
54444,149,148,1,1
54445,74,66,8,8
54446,96,95,1,1
54447,196,201,-5,5
54448,144,144,0,0
54449,101,89,12,12
54450,80,93,-13,13
54451,76,83,-7,7
54452,96,96,0,0
54453,112,103,9,9
54454,73,84,-11,11
54455,126,142,-16,16
54456,92,84,8,8
54457,125,131,-6,6
54458,64,73,-9,9
54459,146,139,7,7
54460,77,95,-18,18
54461,148,143,5,5
54462,126,125,1,1
54463,95,97,-2,2
54464,58,53,5,5
54465,146,139,7,7
54466,148,128,20,20
54467,104,93,11,11
54468,129,113,16,16
54469,60,54,6,6
54470,83,82,1,1
54471,67,49,18,18
54472,132,114,18,18
54473,82,83,-1,1
54474,34,56,-22,22
54475,76,95,-19,19
54476,116,118,-2,2
54477,119,124,-5,5
54478,96,100,-4,4
54479,138,142,-4,4
54480,80,76,4,4
54481,109,113,-4,4
54482,103,103,0,0
54483,57,63,-6,6
54484,41,39,2,2
54485,121,120,1,1
54486,87,76,11,11
54487,125,126,-1,1
54488,82,87,-5,5
54489,36,37,-1,1
54490,63,54,9,9
54491,112,107,5,5
54492,90,83,7,7
54493,110,114,-4,4
54494,184,172,12,12
54495,97,96,1,1
54496,64,65,-1,1
54497,115,100,15,15
54498,85,81,4,4
54499,60,59,1,1
54500,68,65,3,3
54501,118,112,6,6
54502,56,65,-9,9
54503,49,65,-16,16
54504,92,89,3,3
54505,62,64,-2,2
54506,131,142,-11,11
54507,125,121,4,4
54508,146,147,-1,1
54509,78,74,4,4
54510,69,71,-2,2
54511,76,68,8,8
54512,66,63,3,3
54513,71,68,3,3
54514,97,86,11,11
54515,264,254,10,10
54516,38,42,-4,4
54517,134,130,4,4
54518,70,63,7,7
54519,67,67,0,0
54520,128,122,6,6
54521,138,103,35,35
54522,101,120,-19,19
54523,76,68,8,8
54524,42,55,-13,13
54525,138,120,18,18
54526,126,115,11,11
54527,80,68,12,12
54528,61,59,2,2
54529,105,87,18,18
54530,113,117,-4,4
54531,96,96,0,0
54532,97,94,3,3
54533,74,83,-9,9
54534,129,130,-1,1
54535,83,76,7,7
54536,87,80,7,7
54537,72,63,9,9
54538,120,109,11,11
54539,95,107,-12,12
54540,62,66,-4,4
54541,54,51,3,3
54542,80,82,-2,2
54543,109,100,9,9
54544,90,79,11,11
54545,30,32,-2,2
54546,103,99,4,4
54547,91,99,-8,8
54548,92,78,14,14
54549,79,86,-7,7
54550,120,114,6,6
54551,131,115,16,16
54552,91,89,2,2
54553,64,61,3,3
54554,106,104,2,2
54555,81,78,3,3
54556,86,79,7,7
54557,190,197,-7,7
54558,80,70,10,10
54559,108,115,-7,7
54560,136,140,-4,4
54561,84,77,7,7
54562,122,116,6,6
54563,80,71,9,9
54564,80,70,10,10
54565,143,137,6,6
54566,31,41,-10,10
54567,96,88,8,8
54568,74,65,9,9
54569,130,120,10,10
54570,99,89,10,10
54571,90,102,-12,12
54572,89,76,13,13
54573,122,106,16,16
54574,116,115,1,1
54575,111,112,-1,1
54576,129,113,16,16
54577,97,95,2,2
54578,122,103,19,19
54579,94,113,-19,19
54580,78,78,0,0
54581,101,91,10,10
54582,77,81,-4,4
54583,99,105,-6,6
54584,91,99,-8,8
54585,74,72,2,2
54586,120,109,11,11
54587,109,89,20,20
54588,54,62,-8,8
54589,105,97,8,8
54590,140,148,-8,8
54591,175,163,12,12
54592,103,85,18,18
54593,80,85,-5,5
54594,71,70,1,1
54595,101,93,8,8
54596,91,90,1,1
54597,75,84,-9,9
54598,51,55,-4,4
54599,59,57,2,2
54600,108,102,6,6
54601,198,180,18,18
54602,48,40,8,8
54603,117,120,-3,3
54604,44,36,8,8
54605,105,102,3,3
54606,78,76,2,2
54607,92,107,-15,15
54608,89,83,6,6
54609,68,56,12,12
54610,50,55,-5,5
54611,83,76,7,7
54612,71,67,4,4
54613,96,114,-18,18
54614,146,141,5,5
54615,134,99,35,35
54616,73,88,-15,15
54617,84,95,-11,11
54618,86,88,-2,2
54619,152,142,10,10
54620,59,58,1,1
54621,183,173,10,10
54622,50,52,-2,2
54623,83,80,3,3
54624,103,96,7,7
54625,63,60,3,3
54626,58,63,-5,5
54627,79,75,4,4
54628,65,82,-17,17
54629,50,49,1,1
54630,89,82,7,7
54631,132,120,12,12
54632,91,100,-9,9
54633,79,75,4,4
54634,89,81,8,8
54635,117,128,-11,11
54636,89,81,8,8
54637,109,117,-8,8
54638,124,117,7,7
54639,97,95,2,2
54640,131,130,1,1
54641,86,82,4,4
54642,77,73,4,4
54643,96,98,-2,2
54644,94,92,2,2
54645,74,73,1,1
54646,129,129,0,0
54647,104,95,9,9
54648,113,122,-9,9
54649,99,97,2,2
54650,63,51,12,12
54651,95,91,4,4
54652,68,73,-5,5
54653,194,170,24,24
54654,99,107,-8,8
54655,123,138,-15,15
54656,119,112,7,7
54657,108,96,12,12
54658,66,78,-12,12
54659,60,69,-9,9
54660,58,58,0,0
54661,183,176,7,7
54662,190,194,-4,4
54663,165,151,14,14
54664,80,85,-5,5
54665,166,160,6,6
54666,123,131,-8,8
54667,131,134,-3,3
54668,62,65,-3,3
54669,83,68,15,15
54670,125,115,10,10
54671,103,108,-5,5
54672,101,104,-3,3
54673,95,89,6,6
54674,59,62,-3,3
54675,107,93,14,14
54676,79,72,7,7
54677,87,75,12,12
54678,84,86,-2,2
54679,67,67,0,0
54680,75,71,4,4
54681,85,81,4,4
54682,89,80,9,9
54683,105,111,-6,6
54684,71,75,-4,4
54685,150,132,18,18
54686,59,55,4,4
54687,86,80,6,6
54688,85,80,5,5
54689,110,112,-2,2
54690,76,73,3,3
54691,100,94,6,6
54692,109,94,15,15
54693,110,117,-7,7
54694,97,107,-10,10
54695,109,111,-2,2
54696,188,181,7,7
54697,52,57,-5,5
54698,56,60,-4,4
54699,87,82,5,5
54700,72,66,6,6
54701,171,163,8,8
54702,109,109,0,0
54703,86,90,-4,4
54704,140,133,7,7
54705,113,108,5,5
54706,89,83,6,6
54707,102,95,7,7
54708,82,77,5,5
54709,87,81,6,6
54710,85,79,6,6
54711,150,142,8,8
54712,151,144,7,7
54713,65,74,-9,9
54714,150,148,2,2
54715,102,100,2,2
54716,88,81,7,7
54717,108,102,6,6
54718,38,63,-25,25
54719,123,122,1,1
54720,92,78,14,14
54721,120,115,5,5
54722,108,96,12,12
54723,72,64,8,8
54724,62,68,-6,6
54725,105,106,-1,1
54726,71,88,-17,17
54727,99,80,19,19
54728,88,79,9,9
54729,79,83,-4,4
54730,86,80,6,6
54731,116,104,12,12
54732,74,77,-3,3
54733,93,101,-8,8
54734,198,163,35,35
54735,96,89,7,7
54736,78,73,5,5
54737,57,49,8,8
54738,45,55,-10,10
54739,140,142,-2,2
54740,76,69,7,7
54741,88,87,1,1
54742,127,126,1,1
54743,50,58,-8,8
54744,101,111,-10,10
54745,71,80,-9,9
54746,141,128,13,13
54747,110,120,-10,10
54748,144,126,18,18
54749,114,119,-5,5
54750,66,57,9,9
54751,90,101,-11,11
54752,83,74,9,9
54753,143,128,15,15
54754,81,75,6,6
54755,41,42,-1,1
54756,165,161,4,4
54757,92,96,-4,4
54758,43,74,-31,31
54759,84,72,12,12
54760,58,70,-12,12
54761,74,68,6,6
54762,102,80,22,22
54763,62,76,-14,14
54764,115,110,5,5
54765,93,99,-6,6
54766,155,148,7,7
54767,173,173,0,0
54768,145,135,10,10
54769,75,75,0,0
54770,116,112,4,4
54771,114,116,-2,2
54772,115,117,-2,2
54773,123,122,1,1
54774,86,98,-12,12
54775,95,84,11,11
54776,59,51,8,8
54777,123,124,-1,1
54778,111,122,-11,11
54779,109,127,-18,18
54780,92,84,8,8
54781,118,137,-19,19
54782,42,46,-4,4
54783,65,54,11,11
54784,74,70,4,4
54785,144,145,-1,1
54786,139,132,7,7
54787,71,67,4,4
54788,66,55,11,11
54789,81,79,2,2
54790,103,109,-6,6
54791,65,60,5,5
54792,137,149,-12,12
54793,86,81,5,5
54794,64,44,20,20
54795,96,94,2,2
54796,76,79,-3,3
54797,56,57,-1,1
54798,59,61,-2,2
54799,70,67,3,3
54800,79,72,7,7
54801,92,79,13,13
54802,64,72,-8,8
54803,141,143,-2,2
54804,111,114,-3,3
54805,123,107,16,16
54806,55,56,-1,1
54807,58,58,0,0
54808,105,87,18,18
54809,124,111,13,13
54810,76,75,1,1
54811,72,77,-5,5
54812,68,80,-12,12
54813,39,50,-11,11
54814,83,72,11,11
54815,90,86,4,4
54816,84,74,10,10
54817,131,120,11,11
54818,100,90,10,10
54819,68,62,6,6
54820,199,181,18,18
54821,111,111,0,0
54822,63,59,4,4
54823,112,108,4,4
54824,58,58,0,0
54825,167,169,-2,2
54826,167,155,12,12
54827,204,195,9,9
54828,88,86,2,2
54829,112,123,-11,11
54830,109,106,3,3
54831,74,65,9,9
54832,118,121,-3,3
54833,114,113,1,1
54834,52,48,4,4
54835,79,74,5,5
54836,63,59,4,4
54837,34,38,-4,4
54838,75,75,0,0
54839,66,69,-3,3
54840,165,175,-10,10
54841,140,102,38,38
54842,68,71,-3,3
54843,119,113,6,6
54844,109,112,-3,3
54845,79,72,7,7
54846,96,85,11,11
54847,96,87,9,9
54848,58,51,7,7
54849,99,100,-1,1
54850,68,73,-5,5
54851,61,61,0,0
54852,89,93,-4,4
54853,135,131,4,4
54854,60,58,2,2
54855,92,90,2,2
54856,84,75,9,9
54857,84,90,-6,6
54858,94,103,-9,9
54859,101,108,-7,7
54860,119,114,5,5
54861,139,153,-14,14
54862,84,85,-1,1
54863,204,165,39,39
54864,97,92,5,5
54865,79,89,-10,10
54866,101,102,-1,1
54867,86,81,5,5
54868,84,75,9,9
54869,67,75,-8,8
54870,98,94,4,4
54871,79,74,5,5
54872,90,84,6,6
54873,62,63,-1,1
54874,65,64,1,1
54875,62,66,-4,4
54876,41,37,4,4
54877,140,128,12,12
54878,167,159,8,8
54879,129,124,5,5
54880,170,190,-20,20
54881,76,70,6,6
54882,88,87,1,1
54883,57,63,-6,6
54884,55,61,-6,6
54885,81,73,8,8
54886,142,125,17,17
54887,118,109,9,9
54888,66,60,6,6
54889,61,66,-5,5
54890,97,103,-6,6
54891,88,85,3,3
54892,101,98,3,3
54893,64,66,-2,2
54894,116,111,5,5
54895,90,76,14,14
54896,87,90,-3,3
54897,98,89,9,9
54898,111,98,13,13
54899,67,62,5,5
54900,51,51,0,0
54901,123,125,-2,2
54902,59,57,2,2
54903,67,60,7,7
54904,48,51,-3,3
54905,52,68,-16,16
54906,180,180,0,0
54907,61,56,5,5
54908,162,152,10,10
54909,76,75,1,1
54910,57,52,5,5
54911,90,84,6,6
54912,55,61,-6,6
54913,103,111,-8,8
54914,72,79,-7,7
54915,70,54,16,16
54916,154,138,16,16
54917,113,111,2,2
54918,108,115,-7,7
54919,50,63,-13,13
54920,45,57,-12,12
54921,71,63,8,8
54922,132,126,6,6
54923,164,158,6,6
54924,100,101,-1,1
54925,46,51,-5,5
54926,85,75,10,10
54927,88,82,6,6
54928,107,113,-6,6
54929,84,74,10,10
54930,48,53,-5,5
54931,98,99,-1,1
54932,154,152,2,2
54933,115,114,1,1
54934,69,61,8,8
54935,47,54,-7,7
54936,79,71,8,8
54937,74,62,12,12
54938,77,74,3,3
54939,52,59,-7,7
54940,146,137,9,9
54941,74,83,-9,9
54942,122,116,6,6
54943,83,104,-21,21
54944,134,122,12,12
54945,113,126,-13,13
54946,113,112,1,1
54947,100,115,-15,15
54948,77,70,7,7
54949,91,86,5,5
54950,112,144,-32,32
54951,109,97,12,12
54952,97,93,4,4
54953,156,152,4,4
54954,128,121,7,7
54955,88,82,6,6
54956,68,68,0,0
54957,69,85,-16,16
54958,137,137,0,0
54959,68,71,-3,3
54960,65,62,3,3
54961,93,84,9,9
54962,58,53,5,5
54963,55,59,-4,4
54964,121,117,4,4
54965,133,135,-2,2
54966,50,57,-7,7
54967,228,197,31,31
54968,101,90,11,11
54969,51,51,0,0
54970,89,83,6,6
54971,63,73,-10,10
54972,70,79,-9,9
54973,41,43,-2,2
54974,114,113,1,1
54975,65,65,0,0
54976,83,82,1,1
54977,61,56,5,5
54978,68,73,-5,5
54979,107,106,1,1
54980,70,140,-70,70
54981,122,107,15,15
54982,44,51,-7,7
54983,138,137,1,1
54984,178,177,1,1
54985,94,86,8,8
54986,107,92,15,15
54987,63,63,0,0
54988,84,86,-2,2
54989,124,117,7,7
54990,68,77,-9,9
54991,78,80,-2,2
54992,177,169,8,8
54993,49,61,-12,12
54994,60,63,-3,3
54995,63,72,-9,9
54996,39,62,-23,23
54997,88,82,6,6
54998,150,150,0,0
54999,105,99,6,6
55000,88,81,7,7
55001,58,49,9,9
55002,47,52,-5,5
55003,135,119,16,16
55004,101,92,9,9
55005,61,61,0,0
55006,114,90,24,24
55007,75,76,-1,1
55008,88,83,5,5
55009,69,62,7,7
55010,95,88,7,7
55011,120,130,-10,10
55012,148,161,-13,13
55013,80,77,3,3
55014,54,52,2,2
55015,85,93,-8,8
55016,123,80,43,43
55017,101,100,1,1
55018,108,119,-11,11
55019,62,67,-5,5
55020,68,79,-11,11
55021,55,57,-2,2
55022,103,101,2,2
55023,115,107,8,8
55024,94,80,14,14
55025,77,76,1,1
55026,146,138,8,8
55027,62,68,-6,6
55028,57,57,0,0
55029,204,192,12,12
55030,52,66,-14,14
55031,111,126,-15,15
55032,67,64,3,3
55033,116,109,7,7
55034,168,170,-2,2
55035,47,41,6,6
55036,75,63,12,12
55037,92,100,-8,8
55038,139,143,-4,4
55039,130,135,-5,5
55040,118,104,14,14
55041,72,74,-2,2
55042,90,94,-4,4
55043,104,77,27,27
55044,99,107,-8,8
55045,98,97,1,1
55046,84,75,9,9
55047,106,83,23,23
55048,69,69,0,0
55049,72,80,-8,8
55050,86,82,4,4
55051,122,108,14,14
55052,103,79,24,24
55053,113,113,0,0
55054,70,57,13,13
55055,73,85,-12,12
55056,79,72,7,7
55057,102,89,13,13
55058,79,84,-5,5
55059,67,65,2,2
55060,61,58,3,3
55061,78,84,-6,6
55062,83,76,7,7
55063,91,92,-1,1
55064,49,56,-7,7
55065,64,65,-1,1
55066,76,77,-1,1
55067,155,148,7,7
55068,90,92,-2,2
55069,78,105,-27,27
55070,67,68,-1,1
55071,112,107,5,5
55072,90,86,4,4
55073,98,111,-13,13
55074,93,91,2,2
55075,103,101,2,2
55076,64,67,-3,3
55077,94,94,0,0
55078,58,66,-8,8
55079,76,79,-3,3
55080,153,149,4,4
55081,96,82,14,14
55082,151,150,1,1
55083,60,63,-3,3
55084,87,77,10,10
55085,30,44,-14,14
55086,83,73,10,10
55087,107,109,-2,2
55088,114,109,5,5
55089,74,70,4,4
55090,99,115,-16,16
55091,120,115,5,5
55092,89,87,2,2
55093,215,211,4,4
55094,53,54,-1,1
55095,74,75,-1,1
55096,112,104,8,8
55097,76,78,-2,2
55098,69,63,6,6
55099,146,134,12,12
55100,92,86,6,6
55101,72,71,1,1
55102,184,188,-4,4
55103,50,55,-5,5
55104,82,82,0,0
55105,90,87,3,3
55106,152,147,5,5
55107,41,51,-10,10
55108,149,144,5,5
55109,83,71,12,12
55110,45,59,-14,14
55111,225,203,22,22
55112,169,160,9,9
55113,44,48,-4,4
55114,118,124,-6,6
55115,108,102,6,6
55116,125,131,-6,6
55117,124,120,4,4
55118,65,79,-14,14
55119,164,149,15,15
55120,138,142,-4,4
55121,87,88,-1,1
55122,51,54,-3,3
55123,98,103,-5,5
55124,64,62,2,2
55125,63,62,1,1
55126,101,106,-5,5
55127,90,78,12,12
55128,104,86,18,18
55129,140,137,3,3
55130,121,110,11,11
55131,107,106,1,1
55132,85,91,-6,6
55133,116,117,-1,1
55134,55,62,-7,7
55135,74,79,-5,5
55136,178,151,27,27
55137,134,129,5,5
55138,62,67,-5,5
55139,113,111,2,2
55140,75,64,11,11
55141,84,77,7,7
55142,88,78,10,10
55143,68,80,-12,12
55144,46,49,-3,3
55145,150,173,-23,23
55146,99,78,21,21
55147,108,94,14,14
55148,118,88,30,30
55149,48,55,-7,7
55150,104,83,21,21
55151,73,62,11,11
55152,109,103,6,6
55153,62,55,7,7
55154,91,85,6,6
55155,119,115,4,4
55156,157,164,-7,7
55157,117,113,4,4
55158,60,57,3,3
55159,90,85,5,5
55160,102,100,2,2
55161,100,97,3,3
55162,99,92,7,7
55163,108,89,19,19
55164,90,86,4,4
55165,120,119,1,1
55166,97,86,11,11
55167,78,80,-2,2
55168,105,110,-5,5
55169,160,155,5,5
55170,143,135,8,8
55171,112,118,-6,6
55172,152,131,21,21
55173,153,146,7,7
55174,65,66,-1,1
55175,66,69,-3,3
55176,63,62,1,1
55177,55,80,-25,25
55178,75,71,4,4
55179,91,79,12,12
55180,81,78,3,3
55181,138,126,12,12
55182,120,109,11,11
55183,86,76,10,10
55184,75,74,1,1
55185,15,23,-8,8
55186,71,65,6,6
55187,158,147,11,11
55188,102,82,20,20
55189,58,55,3,3
55190,54,59,-5,5
55191,77,79,-2,2
55192,82,76,6,6
55193,69,63,6,6
55194,92,92,0,0
55195,132,141,-9,9
55196,109,107,2,2
55197,192,183,9,9
55198,62,60,2,2
55199,41,48,-7,7
55200,120,117,3,3
55201,82,81,1,1
55202,116,110,6,6
55203,44,53,-9,9
55204,87,78,9,9
55205,63,69,-6,6
55206,75,90,-15,15
55207,106,100,6,6
55208,198,183,15,15
55209,87,72,15,15
55210,45,49,-4,4
55211,95,95,0,0
55212,128,119,9,9
55213,72,68,4,4
55214,80,85,-5,5
55215,144,165,-21,21
55216,83,80,3,3
55217,138,146,-8,8
55218,107,100,7,7
55219,42,51,-9,9
55220,105,102,3,3
55221,129,119,10,10
55222,78,75,3,3
55223,157,141,16,16
55224,135,131,4,4
55225,38,51,-13,13
55226,174,159,15,15
55227,83,77,6,6
55228,79,71,8,8
55229,172,162,10,10
55230,76,65,11,11
55231,106,89,17,17
55232,102,117,-15,15
55233,60,67,-7,7
55234,160,142,18,18
55235,58,59,-1,1
55236,66,61,5,5
55237,93,83,10,10
55238,97,98,-1,1
55239,99,105,-6,6
55240,232,212,20,20
55241,111,92,19,19
55242,57,73,-16,16
55243,92,90,2,2
55244,70,61,9,9
55245,58,71,-13,13
55246,58,53,5,5
55247,80,83,-3,3
55248,119,99,20,20
55249,111,107,4,4
55250,73,71,2,2
55251,72,67,5,5
55252,98,90,8,8
55253,114,127,-13,13
55254,115,100,15,15
55255,180,54,126,126
55256,137,152,-15,15
55257,106,90,16,16
55258,116,120,-4,4
55259,161,159,2,2
55260,53,51,2,2
55261,160,152,8,8
55262,105,109,-4,4
55263,85,84,1,1
55264,137,143,-6,6
55265,78,75,3,3
55266,152,159,-7,7
55267,107,111,-4,4
55268,61,56,5,5
55269,113,94,19,19
55270,145,141,4,4
55271,125,118,7,7
55272,63,57,6,6
55273,83,79,4,4
55274,139,124,15,15
55275,79,68,11,11
55276,136,131,5,5
55277,77,76,1,1
55278,101,83,18,18
55279,54,73,-19,19
55280,103,106,-3,3
55281,84,68,16,16
55282,62,60,2,2
55283,149,152,-3,3
55284,52,53,-1,1
55285,143,149,-6,6
55286,185,180,5,5
55287,121,107,14,14
55288,93,107,-14,14
55289,89,86,3,3
55290,71,72,-1,1
55291,96,82,14,14
55292,92,81,11,11
55293,132,125,7,7
55294,110,117,-7,7
55295,81,79,2,2
55296,138,127,11,11
55297,121,119,2,2
55298,136,122,14,14
55299,108,116,-8,8
55300,102,101,1,1
55301,107,114,-7,7
55302,123,122,1,1
55303,78,72,6,6
55304,123,132,-9,9
55305,191,175,16,16
55306,83,78,5,5
55307,66,72,-6,6
55308,147,135,12,12
55309,75,71,4,4
55310,142,148,-6,6
55311,54,58,-4,4
55312,79,88,-9,9
55313,65,54,11,11
55314,69,58,11,11
55315,92,86,6,6
55316,116,91,25,25
55317,138,101,37,37
55318,60,61,-1,1
55319,113,104,9,9
55320,107,102,5,5
55321,71,76,-5,5
55322,87,84,3,3
55323,66,63,3,3
55324,115,116,-1,1
55325,88,95,-7,7
55326,59,66,-7,7
55327,109,110,-1,1
55328,101,101,0,0
55329,99,89,10,10
55330,84,82,2,2
55331,79,73,6,6
55332,144,122,22,22
55333,74,75,-1,1
55334,67,64,3,3
55335,79,83,-4,4
55336,69,57,12,12
55337,64,69,-5,5
55338,74,73,1,1
55339,122,152,-30,30
55340,88,96,-8,8
55341,85,99,-14,14
55342,135,149,-14,14
55343,150,138,12,12
55344,120,121,-1,1
55345,85,79,6,6
55346,87,82,5,5
55347,69,73,-4,4
55348,136,124,12,12
55349,139,109,30,30
55350,81,72,9,9
55351,88,88,0,0
55352,117,110,7,7
55353,127,135,-8,8
55354,83,81,2,2
55355,53,57,-4,4
55356,41,42,-1,1
55357,97,97,0,0
55358,169,171,-2,2
55359,112,104,8,8
55360,38,46,-8,8
55361,84,82,2,2
55362,67,65,2,2
55363,92,84,8,8
55364,110,104,6,6
55365,88,93,-5,5
55366,78,76,2,2
55367,84,87,-3,3
55368,69,65,4,4
55369,99,93,6,6
55370,101,113,-12,12
55371,86,87,-1,1
55372,102,101,1,1
55373,60,46,14,14
55374,54,54,0,0
55375,111,118,-7,7
55376,138,126,12,12
55377,82,74,8,8
55378,96,99,-3,3
55379,62,62,0,0
55380,161,157,4,4
55381,73,75,-2,2
55382,92,95,-3,3
55383,115,111,4,4
55384,150,145,5,5
55385,78,77,1,1
55386,93,85,8,8
55387,80,74,6,6
55388,88,95,-7,7
55389,89,90,-1,1
55390,107,101,6,6
55391,76,61,15,15
55392,115,122,-7,7
55393,96,94,2,2
55394,119,111,8,8
55395,56,56,0,0
55396,100,92,8,8
55397,101,93,8,8
55398,89,75,14,14
55399,75,78,-3,3
55400,106,97,9,9
55401,68,66,2,2
55402,69,63,6,6
55403,83,74,9,9
55404,85,92,-7,7
55405,130,130,0,0
55406,64,63,1,1
55407,44,57,-13,13
55408,83,72,11,11
55409,54,93,-39,39
55410,130,112,18,18
55411,91,92,-1,1
55412,59,78,-19,19
55413,109,90,19,19
55414,145,126,19,19
55415,65,57,8,8
55416,50,39,11,11
55417,147,139,8,8
55418,90,103,-13,13
55419,143,153,-10,10
55420,97,93,4,4
55421,111,111,0,0
55422,63,57,6,6
55423,70,89,-19,19
55424,109,92,17,17
55425,108,115,-7,7
55426,149,147,2,2
55427,98,91,7,7
55428,137,131,6,6
55429,45,49,-4,4
55430,95,90,5,5
55431,59,67,-8,8
55432,71,69,2,2
55433,117,117,0,0
55434,73,73,0,0
55435,80,75,5,5
55436,168,142,26,26
55437,149,155,-6,6
55438,53,47,6,6
55439,65,59,6,6
55440,160,139,21,21
55441,83,81,2,2
55442,88,84,4,4
55443,98,80,18,18
55444,51,59,-8,8
55445,54,54,0,0
55446,70,66,4,4
55447,80,85,-5,5
55448,169,147,22,22
55449,109,98,11,11
55450,57,57,0,0
55451,119,130,-11,11
55452,238,224,14,14
55453,132,128,4,4
55454,78,84,-6,6
55455,88,81,7,7
55456,85,88,-3,3
55457,27,49,-22,22
55458,62,66,-4,4
55459,131,124,7,7
55460,138,126,12,12
55461,43,113,-70,70
55462,58,66,-8,8
55463,76,79,-3,3
55464,72,81,-9,9
55465,121,87,34,34
55466,107,101,6,6
55467,81,86,-5,5
55468,49,73,-24,24
55469,113,96,17,17
55470,71,68,3,3
55471,44,40,4,4
55472,81,76,5,5
55473,73,66,7,7
55474,85,94,-9,9
55475,100,91,9,9
55476,126,109,17,17
55477,96,94,2,2
55478,67,65,2,2
55479,114,123,-9,9
55480,97,78,19,19
55481,185,171,14,14
55482,55,56,-1,1
55483,177,175,2,2
55484,85,85,0,0
55485,117,116,1,1
55486,157,150,7,7
55487,129,127,2,2
55488,94,97,-3,3
55489,87,91,-4,4
55490,139,126,13,13
55491,121,120,1,1
55492,65,54,11,11
55493,58,58,0,0
55494,98,95,3,3
55495,37,54,-17,17
55496,63,63,0,0
55497,193,191,2,2
55498,101,107,-6,6
55499,69,79,-10,10
55500,133,131,2,2
55501,121,97,24,24
55502,91,93,-2,2
55503,85,82,3,3
55504,67,67,0,0
55505,117,116,1,1
55506,61,52,9,9
55507,61,63,-2,2
55508,97,110,-13,13
55509,81,82,-1,1
55510,89,86,3,3
55511,58,53,5,5
55512,80,76,4,4
55513,96,84,12,12
55514,87,88,-1,1
55515,69,70,-1,1
55516,116,123,-7,7
55517,138,142,-4,4
55518,65,73,-8,8
55519,90,85,5,5
55520,87,95,-8,8
55521,102,96,6,6
55522,79,87,-8,8
55523,146,145,1,1
55524,130,110,20,20
55525,127,118,9,9
55526,96,87,9,9
55527,80,72,8,8
55528,132,146,-14,14
55529,115,110,5,5
55530,81,87,-6,6
55531,86,83,3,3
55532,105,96,9,9
55533,130,129,1,1
55534,84,87,-3,3
55535,52,95,-43,43
55536,72,75,-3,3
55537,82,80,2,2
55538,115,116,-1,1
55539,100,91,9,9
55540,102,101,1,1
55541,107,106,1,1
55542,116,117,-1,1
55543,61,60,1,1
55544,95,97,-2,2
55545,78,72,6,6
55546,78,90,-12,12
55547,79,71,8,8
55548,82,85,-3,3
55549,71,75,-4,4
55550,128,121,7,7
55551,89,94,-5,5
55552,115,141,-26,26
55553,83,77,6,6
55554,80,70,10,10
55555,79,91,-12,12
55556,69,77,-8,8
55557,123,118,5,5
55558,67,71,-4,4
55559,135,131,4,4
55560,134,159,-25,25
55561,133,127,6,6
55562,52,56,-4,4
55563,175,168,7,7
55564,95,80,15,15
55565,122,121,1,1
55566,74,65,9,9
55567,73,73,0,0
55568,53,64,-11,11
55569,69,73,-4,4
55570,103,110,-7,7
55571,45,46,-1,1
55572,107,101,6,6
55573,49,49,0,0
55574,132,115,17,17
55575,89,81,8,8
55576,62,67,-5,5
55577,109,101,8,8
55578,81,80,1,1
55579,72,72,0,0
55580,52,49,3,3
55581,74,75,-1,1
55582,36,39,-3,3
55583,68,66,2,2
55584,73,76,-3,3
55585,89,97,-8,8
55586,63,58,5,5
55587,69,70,-1,1
55588,103,135,-32,32
55589,53,57,-4,4
55590,103,107,-4,4
55591,108,98,10,10
55592,109,164,-55,55
55593,187,190,-3,3
55594,69,62,7,7
55595,124,108,16,16
55596,117,124,-7,7
55597,94,90,4,4
55598,44,48,-4,4
55599,120,113,7,7
55600,140,137,3,3
55601,131,128,3,3
55602,100,113,-13,13
55603,147,153,-6,6
55604,55,49,6,6
55605,126,132,-6,6
55606,84,89,-5,5
55607,81,84,-3,3
55608,110,86,24,24
55609,68,71,-3,3
55610,90,97,-7,7
55611,79,78,1,1
55612,108,113,-5,5
55613,69,66,3,3
55614,67,62,5,5
55615,151,158,-7,7
55616,121,110,11,11
55617,67,75,-8,8
55618,100,104,-4,4
55619,105,103,2,2
55620,105,118,-13,13
55621,92,101,-9,9
55622,107,114,-7,7
55623,163,158,5,5
55624,110,116,-6,6
55625,115,98,17,17
55626,93,86,7,7
55627,143,139,4,4
55628,105,81,24,24
55629,102,99,3,3
55630,54,50,4,4
55631,117,113,4,4
55632,94,87,7,7
55633,121,104,17,17
55634,51,53,-2,2
55635,93,89,4,4
55636,136,144,-8,8
55637,75,61,14,14
55638,83,68,15,15
55639,90,81,9,9
55640,110,108,2,2
55641,69,60,9,9
55642,110,108,2,2
55643,78,80,-2,2
55644,85,74,11,11
55645,89,86,3,3
55646,86,97,-11,11
55647,106,109,-3,3
55648,102,100,2,2
55649,52,63,-11,11
55650,207,204,3,3
55651,93,87,6,6
55652,113,121,-8,8
55653,97,98,-1,1
55654,80,87,-7,7
55655,118,130,-12,12
55656,90,83,7,7
55657,88,102,-14,14
55658,96,98,-2,2
55659,103,101,2,2
55660,65,63,2,2
55661,48,43,5,5
55662,85,71,14,14
55663,104,94,10,10
55664,54,65,-11,11
55665,89,72,17,17
55666,132,130,2,2
55667,83,88,-5,5
55668,80,82,-2,2
55669,76,71,5,5
55670,67,60,7,7
55671,89,86,3,3
55672,149,152,-3,3
55673,106,114,-8,8
55674,149,154,-5,5
55675,52,53,-1,1
55676,58,60,-2,2
55677,70,71,-1,1
55678,78,69,9,9
55679,212,197,15,15
55680,105,98,7,7
55681,101,85,16,16
55682,107,97,10,10
55683,145,143,2,2
55684,77,78,-1,1
55685,108,89,19,19
55686,97,99,-2,2
55687,90,76,14,14
55688,104,93,11,11
55689,99,97,2,2
55690,94,85,9,9
55691,105,110,-5,5
55692,69,68,1,1
55693,81,85,-4,4
55694,88,91,-3,3
55695,112,121,-9,9
55696,93,96,-3,3
55697,130,131,-1,1
55698,145,126,19,19
55699,130,120,10,10
55700,62,75,-13,13
55701,99,99,0,0
55702,67,65,2,2
55703,129,121,8,8
55704,72,70,2,2
55705,96,80,16,16
55706,76,77,-1,1
55707,102,101,1,1
55708,81,77,4,4
55709,157,154,3,3
55710,100,98,2,2
55711,122,119,3,3
55712,65,56,9,9
55713,82,70,12,12
55714,95,86,9,9
55715,133,133,0,0
55716,108,105,3,3
55717,81,77,4,4
55718,91,87,4,4
55719,134,127,7,7
55720,146,139,7,7
55721,93,101,-8,8
55722,53,59,-6,6
55723,108,97,11,11
55724,93,88,5,5
55725,99,88,11,11
55726,158,148,10,10
55727,66,72,-6,6
55728,66,63,3,3
55729,83,85,-2,2
55730,103,94,9,9
55731,54,49,5,5
55732,144,136,8,8
55733,88,104,-16,16
55734,105,92,13,13
55735,115,103,12,12
55736,125,124,1,1
55737,67,74,-7,7
55738,193,170,23,23
55739,127,110,17,17
55740,29,42,-13,13
55741,86,87,-1,1
55742,121,129,-8,8
55743,94,85,9,9
55744,125,120,5,5
55745,174,179,-5,5
55746,163,157,6,6
55747,128,112,16,16
55748,155,142,13,13
55749,123,134,-11,11
55750,100,101,-1,1
55751,80,84,-4,4
55752,121,113,8,8
55753,31,47,-16,16
55754,96,89,7,7
55755,80,80,0,0
55756,83,75,8,8
55757,82,75,7,7
55758,97,100,-3,3
55759,72,73,-1,1
55760,69,67,2,2
55761,86,82,4,4
55762,73,85,-12,12
55763,100,105,-5,5
55764,66,70,-4,4
55765,83,69,14,14
55766,92,96,-4,4
55767,68,59,9,9
55768,118,128,-10,10
55769,97,133,-36,36
55770,62,63,-1,1
55771,78,68,10,10
55772,48,52,-4,4
55773,98,91,7,7
55774,71,70,1,1
55775,62,62,0,0
55776,45,54,-9,9
55777,122,125,-3,3
55778,91,88,3,3
55779,71,142,-71,71
55780,68,58,10,10
55781,118,119,-1,1
55782,79,80,-1,1
55783,120,128,-8,8
55784,134,143,-9,9
55785,72,78,-6,6
55786,92,85,7,7
55787,49,71,-22,22
55788,100,99,1,1
55789,90,86,4,4
55790,71,75,-4,4
55791,83,80,3,3
55792,71,75,-4,4
55793,90,94,-4,4
55794,168,172,-4,4
55795,68,79,-11,11
55796,50,58,-8,8
55797,59,53,6,6
55798,52,62,-10,10
55799,104,101,3,3
55800,95,95,0,0
55801,57,61,-4,4
55802,211,201,10,10
55803,58,64,-6,6
55804,125,118,7,7
55805,99,108,-9,9
55806,88,96,-8,8
55807,182,179,3,3
55808,99,94,5,5
55809,66,58,8,8
55810,169,158,11,11
55811,105,101,4,4
55812,92,92,0,0
55813,110,106,4,4
55814,111,97,14,14
55815,95,88,7,7
55816,74,67,7,7
55817,135,117,18,18
55818,51,95,-44,44
55819,78,71,7,7
55820,118,108,10,10
55821,118,116,2,2
55822,104,108,-4,4
55823,37,51,-14,14
55824,96,94,2,2
55825,93,87,6,6
55826,60,81,-21,21
55827,102,94,8,8
55828,112,121,-9,9
55829,73,79,-6,6
55830,142,130,12,12
55831,67,66,1,1
55832,69,63,6,6
55833,103,197,-94,94
55834,42,66,-24,24
55835,99,79,20,20
55836,181,166,15,15
55837,94,87,7,7
55838,83,81,2,2
55839,98,85,13,13
55840,151,141,10,10
55841,149,129,20,20
55842,92,96,-4,4
55843,129,149,-20,20
55844,79,78,1,1
55845,119,124,-5,5
55846,159,147,12,12
55847,63,63,0,0
55848,74,71,3,3
55849,141,142,-1,1
55850,133,129,4,4
55851,106,106,0,0
55852,180,180,0,0
55853,152,137,15,15
55854,85,78,7,7
55855,118,98,20,20
55856,127,126,1,1
55857,143,153,-10,10
55858,80,84,-4,4
55859,123,120,3,3
55860,131,130,1,1
55861,53,38,15,15
55862,83,72,11,11
55863,97,85,12,12
55864,120,129,-9,9
55865,71,69,2,2
55866,127,112,15,15
55867,68,67,1,1
55868,79,81,-2,2
55869,104,109,-5,5
55870,139,148,-9,9
55871,143,154,-11,11
55872,102,112,-10,10
55873,75,76,-1,1
55874,105,120,-15,15
55875,71,57,14,14
55876,52,55,-3,3
55877,73,79,-6,6
55878,95,86,9,9
55879,84,72,12,12
55880,77,65,12,12
55881,63,66,-3,3
55882,80,89,-9,9
55883,111,99,12,12
55884,146,120,26,26
55885,136,135,1,1
55886,58,59,-1,1
55887,77,68,9,9
55888,74,93,-19,19
55889,157,158,-1,1
55890,113,105,8,8
55891,88,83,5,5
55892,98,99,-1,1
55893,70,70,0,0
55894,70,78,-8,8
55895,95,93,2,2
55896,113,98,15,15
55897,65,64,1,1
55898,82,70,12,12
55899,89,95,-6,6
55900,90,88,2,2
55901,75,89,-14,14
55902,73,63,10,10
55903,45,49,-4,4
55904,75,84,-9,9
55905,89,86,3,3
55906,127,109,18,18
55907,189,196,-7,7
55908,132,122,10,10
55909,95,86,9,9
55910,113,102,11,11
55911,81,77,4,4
55912,121,121,0,0
55913,73,79,-6,6
55914,107,107,0,0
55915,72,65,7,7
55916,110,117,-7,7
55917,69,72,-3,3
55918,149,148,1,1
55919,63,65,-2,2
55920,115,111,4,4
55921,105,102,3,3
55922,88,87,1,1
55923,65,67,-2,2
55924,87,91,-4,4
55925,94,95,-1,1
55926,125,120,5,5
55927,93,84,9,9
55928,112,102,10,10
55929,103,92,11,11
55930,117,119,-2,2
55931,95,93,2,2
55932,76,81,-5,5
55933,94,107,-13,13
55934,50,49,1,1
55935,115,118,-3,3
55936,105,103,2,2
55937,108,96,12,12
55938,141,143,-2,2
55939,102,83,19,19
55940,58,69,-11,11
55941,108,103,5,5
55942,89,75,14,14
55943,71,71,0,0
55944,59,52,7,7
55945,89,81,8,8
55946,57,56,1,1
55947,106,97,9,9
55948,161,150,11,11
55949,92,82,10,10
55950,66,68,-2,2
55951,82,79,3,3
55952,84,70,14,14
55953,115,98,17,17
55954,110,96,14,14
55955,135,134,1,1
55956,93,92,1,1
55957,134,152,-18,18
55958,105,92,13,13
55959,79,71,8,8
55960,25,32,-7,7
55961,124,125,-1,1
55962,29,45,-16,16
55963,96,81,15,15
55964,125,121,4,4
55965,52,61,-9,9
55966,101,99,2,2
55967,70,65,5,5
55968,98,87,11,11
55969,77,68,9,9
55970,167,163,4,4
55971,82,77,5,5
55972,91,77,14,14
55973,70,66,4,4
55974,74,71,3,3
55975,121,127,-6,6
55976,46,49,-3,3
55977,76,78,-2,2
55978,111,103,8,8
55979,58,55,3,3
55980,65,60,5,5
55981,53,50,3,3
55982,109,125,-16,16
55983,80,80,0,0
55984,88,84,4,4
55985,110,108,2,2
55986,98,90,8,8
55987,97,100,-3,3
55988,128,120,8,8
55989,144,134,10,10
55990,82,77,5,5
55991,131,122,9,9
55992,100,95,5,5
55993,95,94,1,1
55994,108,99,9,9
55995,82,84,-2,2
55996,73,63,10,10
55997,94,97,-3,3
55998,99,99,0,0
55999,88,79,9,9
56000,157,166,-9,9
56001,75,69,6,6
56002,95,112,-17,17
56003,82,79,3,3
56004,160,178,-18,18
56005,146,142,4,4
56006,166,176,-10,10
56007,76,74,2,2
56008,139,144,-5,5
56009,110,114,-4,4
56010,118,125,-7,7
56011,122,117,5,5
56012,50,55,-5,5
56013,59,58,1,1
56014,112,113,-1,1
56015,108,126,-18,18
56016,42,35,7,7
56017,112,113,-1,1
56018,126,118,8,8
56019,88,91,-3,3
56020,121,101,20,20
56021,83,75,8,8
56022,95,101,-6,6
56023,98,94,4,4
56024,104,111,-7,7
56025,66,75,-9,9
56026,129,126,3,3
56027,85,78,7,7
56028,101,108,-7,7
56029,68,64,4,4
56030,86,84,2,2
56031,79,69,10,10
56032,91,91,0,0
56033,113,119,-6,6
56034,149,138,11,11
56035,76,77,-1,1
56036,107,105,2,2
56037,110,106,4,4
56038,75,75,0,0
56039,100,101,-1,1
56040,110,112,-2,2
56041,115,108,7,7
56042,128,125,3,3
56043,177,169,8,8
56044,105,103,2,2
56045,79,146,-67,67
56046,126,123,3,3
56047,135,159,-24,24
56048,66,56,10,10
56049,148,144,4,4
56050,128,108,20,20
56051,106,96,10,10
56052,99,81,18,18
56053,73,71,2,2
56054,64,63,1,1
56055,98,124,-26,26
56056,111,105,6,6
56057,124,128,-4,4
56058,117,113,4,4
56059,94,92,2,2
56060,86,79,7,7
56061,80,79,1,1
56062,105,110,-5,5
56063,77,79,-2,2
56064,101,99,2,2
56065,118,115,3,3
56066,130,110,20,20
56067,97,96,1,1
56068,77,72,5,5
56069,76,78,-2,2
56070,122,131,-9,9
56071,116,142,-26,26
56072,67,80,-13,13
56073,109,103,6,6
56074,62,59,3,3
56075,95,85,10,10
56076,130,123,7,7
56077,49,65,-16,16
56078,64,63,1,1
56079,84,82,2,2
56080,147,112,35,35
56081,121,110,11,11
56082,158,154,4,4
56083,105,96,9,9
56084,99,107,-8,8
56085,108,109,-1,1
56086,159,155,4,4
56087,87,82,5,5
56088,128,135,-7,7
56089,58,68,-10,10
56090,110,111,-1,1
56091,187,179,8,8
56092,87,88,-1,1
56093,143,146,-3,3
56094,84,74,10,10
56095,132,139,-7,7
56096,74,73,1,1
56097,109,114,-5,5
56098,86,100,-14,14
56099,111,113,-2,2
56100,49,58,-9,9
56101,73,73,0,0
56102,125,135,-10,10
56103,75,67,8,8
56104,78,76,2,2
56105,99,97,2,2
56106,103,113,-10,10
56107,106,94,12,12
56108,57,57,0,0
56109,139,134,5,5
56110,90,78,12,12
56111,67,65,2,2
56112,60,59,1,1
56113,46,47,-1,1
56114,56,62,-6,6
56115,135,130,5,5
56116,52,68,-16,16
56117,102,96,6,6
56118,79,74,5,5
56119,75,70,5,5
56120,118,123,-5,5
56121,107,123,-16,16
56122,24,32,-8,8
56123,102,89,13,13
56124,78,77,1,1
56125,94,83,11,11
56126,109,85,24,24
56127,139,143,-4,4
56128,105,110,-5,5
56129,155,155,0,0
56130,53,54,-1,1
56131,82,89,-7,7
56132,159,169,-10,10
56133,105,102,3,3
56134,102,100,2,2
56135,78,77,1,1
56136,67,55,12,12
56137,149,154,-5,5
56138,84,83,1,1
56139,87,93,-6,6
56140,132,142,-10,10
56141,83,78,5,5
56142,75,99,-24,24
56143,99,92,7,7
56144,77,84,-7,7
56145,97,91,6,6
56146,132,113,19,19
56147,105,105,0,0
56148,105,88,17,17
56149,59,52,7,7
56150,69,63,6,6
56151,120,115,5,5
56152,59,57,2,2
56153,105,93,12,12
56154,81,72,9,9
56155,156,157,-1,1
56156,62,71,-9,9
56157,63,64,-1,1
56158,156,147,9,9
56159,48,149,-101,101
56160,81,81,0,0
56161,78,81,-3,3
56162,72,68,4,4
56163,110,102,8,8
56164,76,82,-6,6
56165,82,79,3,3
56166,76,74,2,2
56167,106,100,6,6
56168,109,122,-13,13
56169,96,89,7,7
56170,129,124,5,5
56171,71,70,1,1
56172,124,135,-11,11
56173,107,92,15,15
56174,97,89,8,8
56175,113,103,10,10
56176,152,141,11,11
56177,91,107,-16,16
56178,78,78,0,0
56179,158,147,11,11
56180,117,112,5,5
56181,97,88,9,9
56182,83,74,9,9
56183,132,113,19,19
56184,79,73,6,6
56185,101,103,-2,2
56186,135,126,9,9
56187,96,66,30,30
56188,82,71,11,11
56189,70,77,-7,7
56190,110,105,5,5
56191,141,126,15,15
56192,61,58,3,3
56193,97,93,4,4
56194,119,98,21,21
56195,67,66,1,1
56196,92,106,-14,14
56197,84,68,16,16
56198,65,58,7,7
56199,84,93,-9,9
56200,124,120,4,4
56201,135,133,2,2
56202,146,132,14,14
56203,109,118,-9,9
56204,145,152,-7,7
56205,89,79,10,10
56206,136,129,7,7
56207,85,81,4,4
56208,55,62,-7,7
56209,92,99,-7,7
56210,61,58,3,3
56211,132,123,9,9
56212,65,73,-8,8
56213,112,111,1,1
56214,107,97,10,10
56215,48,51,-3,3
56216,55,58,-3,3
56217,109,105,4,4
56218,136,136,0,0
56219,94,85,9,9
56220,45,48,-3,3
56221,139,134,5,5
56222,72,79,-7,7
56223,156,137,19,19
56224,58,59,-1,1
56225,96,85,11,11
56226,83,78,5,5
56227,94,85,9,9
56228,29,34,-5,5
56229,124,118,6,6
56230,71,73,-2,2
56231,146,137,9,9
56232,97,87,10,10
56233,104,110,-6,6
56234,32,36,-4,4
56235,140,131,9,9
56236,57,57,0,0
56237,112,113,-1,1
56238,70,78,-8,8
56239,92,81,11,11
56240,57,59,-2,2
56241,107,113,-6,6
56242,76,74,2,2
56243,81,80,1,1
56244,115,123,-8,8
56245,22,71,-49,49
56246,96,101,-5,5
56247,84,91,-7,7
56248,103,99,4,4
56249,126,113,13,13
56250,76,72,4,4
56251,159,146,13,13
56252,74,61,13,13
56253,87,79,8,8
56254,46,52,-6,6
56255,33,49,-16,16
56256,76,56,20,20
56257,98,107,-9,9
56258,73,68,5,5
56259,105,94,11,11
56260,51,56,-5,5
56261,94,89,5,5
56262,54,61,-7,7
56263,86,89,-3,3
56264,60,66,-6,6
56265,144,136,8,8
56266,74,59,15,15
56267,90,75,15,15
56268,100,102,-2,2
56269,107,112,-5,5
56270,129,111,18,18
56271,133,127,6,6
56272,70,65,5,5
56273,101,92,9,9
56274,60,63,-3,3
56275,200,181,19,19
56276,64,71,-7,7
56277,143,134,9,9
56278,90,85,5,5
56279,72,70,2,2
56280,85,84,1,1
56281,136,137,-1,1
56282,94,99,-5,5
56283,135,117,18,18
56284,102,99,3,3
56285,71,86,-15,15
56286,74,75,-1,1
56287,122,130,-8,8
56288,86,82,4,4
56289,40,39,1,1
56290,109,115,-6,6
56291,113,127,-14,14
56292,110,106,4,4
56293,68,57,11,11
56294,130,129,1,1
56295,89,87,2,2
56296,106,111,-5,5
56297,98,89,9,9
56298,71,54,17,17
56299,128,120,8,8
56300,158,152,6,6
56301,82,76,6,6
56302,42,44,-2,2
56303,67,62,5,5
56304,107,118,-11,11
56305,77,79,-2,2
56306,113,114,-1,1
56307,73,68,5,5
56308,189,187,2,2
56309,101,97,4,4
56310,117,130,-13,13
56311,113,114,-1,1
56312,81,67,14,14
56313,113,110,3,3
56314,108,100,8,8
56315,133,150,-17,17
56316,117,115,2,2
56317,119,114,5,5
56318,72,64,8,8
56319,72,85,-13,13
56320,105,109,-4,4
56321,70,65,5,5
56322,66,62,4,4
56323,152,141,11,11
56324,89,78,11,11
56325,20,23,-3,3
56326,72,71,1,1
56327,89,82,7,7
56328,83,95,-12,12
56329,121,133,-12,12
56330,119,110,9,9
56331,101,96,5,5
56332,84,84,0,0
56333,78,78,0,0
56334,166,156,10,10
56335,117,114,3,3
56336,141,138,3,3
56337,123,121,2,2
56338,162,149,13,13
56339,50,59,-9,9
56340,60,56,4,4
56341,86,86,0,0
56342,70,76,-6,6
56343,129,136,-7,7
56344,65,61,4,4
56345,75,79,-4,4
56346,91,76,15,15
56347,55,63,-8,8
56348,82,84,-2,2
56349,102,105,-3,3
56350,74,65,9,9
56351,84,78,6,6
56352,128,126,2,2
56353,91,89,2,2
56354,120,118,2,2
56355,85,86,-1,1
56356,108,120,-12,12
56357,72,65,7,7
56358,90,73,17,17
56359,85,87,-2,2
56360,112,113,-1,1
56361,148,139,9,9
56362,105,110,-5,5
56363,44,47,-3,3
56364,42,55,-13,13
56365,103,100,3,3
56366,93,82,11,11
56367,63,56,7,7
56368,169,182,-13,13
56369,65,62,3,3
56370,74,63,11,11
56371,99,89,10,10
56372,129,136,-7,7
56373,93,86,7,7
56374,139,136,3,3
56375,64,106,-42,42
56376,93,91,2,2
56377,53,68,-15,15
56378,110,107,3,3
56379,97,91,6,6
56380,170,158,12,12
56381,56,60,-4,4
56382,172,184,-12,12
56383,71,64,7,7
56384,161,154,7,7
56385,130,137,-7,7
56386,101,100,1,1
56387,107,104,3,3
56388,101,97,4,4
56389,64,65,-1,1
56390,75,71,4,4
56391,128,131,-3,3
56392,80,80,0,0
56393,129,127,2,2
56394,54,59,-5,5
56395,71,76,-5,5
56396,55,47,8,8
56397,91,105,-14,14
56398,119,97,22,22
56399,94,90,4,4
56400,158,149,9,9
56401,60,61,-1,1
56402,158,161,-3,3
56403,56,59,-3,3
56404,121,125,-4,4
56405,79,72,7,7
56406,120,116,4,4
56407,64,79,-15,15
56408,62,78,-16,16
56409,80,77,3,3
56410,135,128,7,7
56411,102,121,-19,19
56412,115,105,10,10
56413,142,149,-7,7
56414,115,134,-19,19
56415,119,126,-7,7
56416,138,129,9,9
56417,97,83,14,14
56418,80,69,11,11
56419,97,98,-1,1
56420,111,109,2,2
56421,91,89,2,2
56422,95,96,-1,1
56423,91,95,-4,4
56424,101,84,17,17
56425,130,129,1,1
56426,89,83,6,6
56427,86,92,-6,6
56428,178,173,5,5
56429,168,160,8,8
56430,63,68,-5,5
56431,69,62,7,7
56432,186,170,16,16
56433,143,136,7,7
56434,76,60,16,16
56435,87,87,0,0
56436,46,57,-11,11
56437,81,79,2,2
56438,43,52,-9,9
56439,125,105,20,20
56440,190,185,5,5
56441,112,100,12,12
56442,161,160,1,1
56443,119,108,11,11
56444,98,90,8,8
56445,122,113,9,9
56446,94,92,2,2
56447,68,69,-1,1
56448,103,86,17,17
56449,126,115,11,11
56450,75,66,9,9
56451,123,113,10,10
56452,81,79,2,2
56453,144,151,-7,7
56454,53,45,8,8
56455,164,134,30,30
56456,60,60,0,0
56457,117,113,4,4
56458,121,121,0,0
56459,90,96,-6,6
56460,86,85,1,1
56461,63,67,-4,4
56462,147,141,6,6
56463,103,102,1,1
56464,68,66,2,2
56465,91,82,9,9
56466,81,64,17,17
56467,71,68,3,3
56468,63,59,4,4
56469,123,121,2,2
56470,105,103,2,2
56471,81,77,4,4
56472,112,117,-5,5
56473,78,84,-6,6
56474,85,81,4,4
56475,118,118,0,0
56476,65,63,2,2
56477,127,129,-2,2
56478,83,82,1,1
56479,91,88,3,3
56480,62,60,2,2
56481,75,78,-3,3
56482,88,90,-2,2
56483,163,158,5,5
56484,48,59,-11,11
56485,93,105,-12,12
56486,85,79,6,6
56487,142,141,1,1
56488,93,98,-5,5
56489,73,67,6,6
56490,65,62,3,3
56491,83,78,5,5
56492,77,75,2,2
56493,113,112,1,1
56494,121,115,6,6
56495,71,70,1,1
56496,64,65,-1,1
56497,70,79,-9,9
56498,155,122,33,33
56499,59,62,-3,3
56500,80,72,8,8
56501,80,79,1,1
56502,59,61,-2,2
56503,83,75,8,8
56504,68,67,1,1
56505,77,89,-12,12
56506,121,112,9,9
56507,63,70,-7,7
56508,82,79,3,3
56509,145,142,3,3
56510,63,71,-8,8
56511,124,129,-5,5
56512,83,87,-4,4
56513,175,173,2,2
56514,185,191,-6,6
56515,65,66,-1,1
56516,61,57,4,4
56517,76,66,10,10
56518,75,77,-2,2
56519,74,92,-18,18
56520,136,120,16,16
56521,47,52,-5,5
56522,66,56,10,10
56523,131,129,2,2
56524,123,111,12,12
56525,118,111,7,7
56526,58,56,2,2
56527,89,79,10,10
56528,156,146,10,10
56529,55,55,0,0
56530,115,97,18,18
56531,111,111,0,0
56532,116,127,-11,11
56533,62,68,-6,6
56534,108,102,6,6
56535,120,126,-6,6
56536,112,109,3,3
56537,56,61,-5,5
56538,142,143,-1,1
56539,91,73,18,18
56540,86,84,2,2
56541,121,120,1,1
56542,80,73,7,7
56543,103,104,-1,1
56544,76,78,-2,2
56545,100,121,-21,21
56546,94,90,4,4
56547,117,125,-8,8
56548,84,74,10,10
56549,87,85,2,2
56550,127,124,3,3
56551,90,82,8,8
56552,96,82,14,14
56553,56,55,1,1
56554,74,69,5,5
56555,98,93,5,5
56556,107,113,-6,6
56557,125,99,26,26
56558,66,60,6,6
56559,91,100,-9,9
56560,154,165,-11,11
56561,151,133,18,18
56562,77,73,4,4
56563,60,58,2,2
56564,72,82,-10,10
56565,132,104,28,28
56566,74,73,1,1
56567,63,59,4,4
56568,129,126,3,3
56569,169,170,-1,1
56570,88,99,-11,11
56571,129,122,7,7
56572,140,129,11,11
56573,80,86,-6,6
56574,94,97,-3,3
56575,49,49,0,0
56576,145,138,7,7
56577,97,97,0,0
56578,94,93,1,1
56579,83,80,3,3
56580,135,127,8,8
56581,103,100,3,3
56582,40,48,-8,8
56583,119,129,-10,10
56584,60,56,4,4
56585,44,47,-3,3
56586,104,109,-5,5
56587,49,53,-4,4
56588,70,81,-11,11
56589,59,58,1,1
56590,114,118,-4,4
56591,65,61,4,4
56592,60,62,-2,2
56593,121,138,-17,17
56594,115,109,6,6
56595,75,74,1,1
56596,74,77,-3,3
56597,103,98,5,5
56598,59,61,-2,2
56599,125,127,-2,2
56600,94,91,3,3
56601,73,72,1,1
56602,54,70,-16,16
56603,58,54,4,4
56604,174,172,2,2
56605,46,39,7,7
56606,79,76,3,3
56607,108,102,6,6
56608,50,61,-11,11
56609,120,101,19,19
56610,159,157,2,2
56611,171,181,-10,10
56612,81,85,-4,4
56613,85,79,6,6
56614,118,130,-12,12
56615,73,70,3,3
56616,114,117,-3,3
56617,77,59,18,18
56618,150,129,21,21
56619,72,80,-8,8
56620,64,76,-12,12
56621,85,90,-5,5
56622,112,115,-3,3
56623,57,54,3,3
56624,101,93,8,8
56625,83,86,-3,3
56626,74,67,7,7
56627,142,140,2,2
56628,111,97,14,14
56629,135,127,8,8
56630,64,63,1,1
56631,75,60,15,15
56632,188,195,-7,7
56633,63,78,-15,15
56634,124,112,12,12
56635,42,53,-11,11
56636,136,126,10,10
56637,50,50,0,0
56638,87,81,6,6
56639,140,127,13,13
56640,94,92,2,2
56641,94,93,1,1
56642,61,72,-11,11
56643,86,77,9,9
56644,126,110,16,16
56645,63,65,-2,2
56646,82,81,1,1
56647,140,141,-1,1
56648,134,121,13,13
56649,79,79,0,0
56650,126,139,-13,13
56651,101,109,-8,8
56652,103,97,6,6
56653,70,62,8,8
56654,85,72,13,13
56655,84,89,-5,5
56656,58,63,-5,5
56657,139,133,6,6
56658,67,81,-14,14
56659,101,108,-7,7
56660,83,86,-3,3
56661,66,58,8,8
56662,59,63,-4,4
56663,77,74,3,3
56664,53,58,-5,5
56665,130,131,-1,1
56666,59,65,-6,6
56667,94,85,9,9
56668,120,118,2,2
56669,108,98,10,10
56670,95,84,11,11
56671,67,58,9,9
56672,103,110,-7,7
56673,68,63,5,5
56674,82,74,8,8
56675,111,118,-7,7
56676,78,71,7,7
56677,59,58,1,1
56678,72,78,-6,6
56679,101,94,7,7
56680,77,80,-3,3
56681,65,63,2,2
56682,64,74,-10,10
56683,57,60,-3,3
56684,95,97,-2,2
56685,68,64,4,4
56686,137,113,24,24
56687,65,68,-3,3
56688,82,77,5,5
56689,73,77,-4,4
56690,96,113,-17,17
56691,110,95,15,15
56692,139,141,-2,2
56693,87,73,14,14
56694,113,102,11,11
56695,40,42,-2,2
56696,81,88,-7,7
56697,51,55,-4,4
56698,173,162,11,11
56699,72,83,-11,11
56700,107,107,0,0
56701,112,122,-10,10
56702,125,126,-1,1
56703,56,56,0,0
56704,141,129,12,12
56705,150,144,6,6
56706,136,142,-6,6
56707,127,117,10,10
56708,132,137,-5,5
56709,96,86,10,10
56710,35,47,-12,12
56711,86,81,5,5
56712,108,108,0,0
56713,149,139,10,10
56714,103,101,2,2
56715,144,159,-15,15
56716,135,121,14,14
56717,112,98,14,14
56718,86,96,-10,10
56719,54,51,3,3
56720,78,69,9,9
56721,72,70,2,2
56722,87,91,-4,4
56723,79,101,-22,22
56724,109,129,-20,20
56725,120,104,16,16
56726,173,159,14,14
56727,57,60,-3,3
56728,40,50,-10,10
56729,82,81,1,1
56730,70,77,-7,7
56731,86,100,-14,14
56732,98,99,-1,1
56733,134,151,-17,17
56734,45,45,0,0
56735,129,125,4,4
56736,68,66,2,2
56737,91,85,6,6
56738,113,106,7,7
56739,52,55,-3,3
56740,94,85,9,9
56741,94,102,-8,8
56742,113,114,-1,1
56743,128,114,14,14
56744,99,105,-6,6
56745,105,97,8,8
56746,86,107,-21,21
56747,148,142,6,6
56748,138,126,12,12
56749,99,77,22,22
56750,94,97,-3,3
56751,73,73,0,0
56752,153,139,14,14
56753,95,94,1,1
56754,118,125,-7,7
56755,129,127,2,2
56756,50,62,-12,12
56757,123,115,8,8
56758,142,135,7,7
56759,123,119,4,4
56760,148,142,6,6
56761,107,102,5,5
56762,98,102,-4,4
56763,112,111,1,1
56764,137,128,9,9
56765,106,104,2,2
56766,97,89,8,8
56767,96,97,-1,1
56768,245,205,40,40
56769,115,94,21,21
56770,81,86,-5,5
56771,130,97,33,33
56772,86,78,8,8
56773,128,125,3,3
56774,73,65,8,8
56775,110,102,8,8
56776,130,124,6,6
56777,97,88,9,9
56778,80,82,-2,2
56779,91,84,7,7
56780,88,72,16,16
56781,105,97,8,8
56782,75,59,16,16
56783,93,96,-3,3
56784,115,98,17,17
56785,133,125,8,8
56786,142,113,29,29
56787,62,72,-10,10
56788,78,89,-11,11
56789,91,79,12,12
56790,102,95,7,7
56791,109,108,1,1
56792,102,87,15,15
56793,90,80,10,10
56794,135,119,16,16
56795,31,57,-26,26
56796,143,135,8,8
56797,123,111,12,12
56798,102,90,12,12
56799,59,54,5,5
56800,83,87,-4,4
56801,99,97,2,2
56802,50,65,-15,15
56803,168,155,13,13
56804,80,88,-8,8
56805,104,114,-10,10
56806,117,106,11,11
56807,113,120,-7,7
56808,73,84,-11,11
56809,72,78,-6,6
56810,144,134,10,10
56811,131,131,0,0
56812,107,117,-10,10
56813,85,81,4,4
56814,58,60,-2,2
56815,67,62,5,5
56816,62,51,11,11
56817,63,55,8,8
56818,148,152,-4,4
56819,139,123,16,16
56820,82,98,-16,16
56821,133,129,4,4
56822,70,70,0,0
56823,99,97,2,2
56824,115,104,11,11
56825,121,123,-2,2
56826,107,116,-9,9
56827,113,97,16,16
56828,61,59,2,2
56829,80,75,5,5
56830,78,75,3,3
56831,68,61,7,7
56832,122,127,-5,5
56833,109,97,12,12
56834,71,65,6,6
56835,60,69,-9,9
56836,125,120,5,5
56837,68,40,28,28
56838,114,118,-4,4
56839,93,75,18,18
56840,75,75,0,0
56841,99,92,7,7
56842,133,127,6,6
56843,78,80,-2,2
56844,45,59,-14,14
56845,87,75,12,12
56846,72,88,-16,16
56847,129,118,11,11
56848,93,87,6,6
56849,95,100,-5,5
56850,119,130,-11,11
56851,96,76,20,20
56852,45,51,-6,6
56853,151,141,10,10
56854,75,67,8,8
56855,84,85,-1,1
56856,75,64,11,11
56857,97,131,-34,34
56858,79,78,1,1
56859,132,122,10,10
56860,108,101,7,7
56861,115,110,5,5
56862,89,89,0,0
56863,84,92,-8,8
56864,132,132,0,0
56865,94,85,9,9
56866,182,190,-8,8
56867,170,157,13,13
56868,93,89,4,4
56869,70,74,-4,4
56870,38,50,-12,12
56871,102,109,-7,7
56872,139,127,12,12
56873,97,93,4,4
56874,87,81,6,6
56875,86,78,8,8
56876,76,83,-7,7
56877,91,95,-4,4
56878,81,75,6,6
56879,86,79,7,7
56880,90,87,3,3
56881,73,75,-2,2
56882,122,127,-5,5
56883,81,78,3,3
56884,182,176,6,6
56885,73,72,1,1
56886,108,103,5,5
56887,70,60,10,10
56888,170,158,12,12
56889,98,86,12,12
56890,83,86,-3,3
56891,89,94,-5,5
56892,79,85,-6,6
56893,77,78,-1,1
56894,82,87,-5,5
56895,79,81,-2,2
56896,165,153,12,12
56897,57,61,-4,4
56898,94,104,-10,10
56899,101,87,14,14
56900,170,179,-9,9
56901,68,70,-2,2
56902,121,117,4,4
56903,137,122,15,15
56904,72,62,10,10
56905,109,108,1,1
56906,81,70,11,11
56907,71,73,-2,2
56908,135,139,-4,4
56909,105,100,5,5
56910,101,91,10,10
56911,71,80,-9,9
56912,93,91,2,2
56913,75,73,2,2
56914,68,136,-68,68
56915,107,109,-2,2
56916,76,80,-4,4
56917,127,116,11,11
56918,117,122,-5,5
56919,123,113,10,10
56920,158,164,-6,6
56921,96,103,-7,7
56922,44,53,-9,9
56923,100,96,4,4
56924,69,68,1,1
56925,77,79,-2,2
56926,66,70,-4,4
56927,71,58,13,13
56928,117,97,20,20
56929,103,109,-6,6
56930,99,90,9,9
56931,131,132,-1,1
56932,50,53,-3,3
56933,39,38,1,1
56934,74,72,2,2
56935,51,46,5,5
56936,91,92,-1,1
56937,104,110,-6,6
56938,76,73,3,3
56939,126,115,11,11
56940,79,78,1,1
56941,88,86,2,2
56942,103,104,-1,1
56943,156,142,14,14
56944,153,151,2,2
56945,82,79,3,3
56946,69,76,-7,7
56947,85,94,-9,9
56948,90,101,-11,11
56949,118,106,12,12
56950,113,115,-2,2
56951,63,67,-4,4
56952,39,54,-15,15
56953,125,111,14,14
56954,111,132,-21,21
56955,85,80,5,5
56956,69,67,2,2
56957,164,165,-1,1
56958,115,115,0,0
56959,100,110,-10,10
56960,97,99,-2,2
56961,76,84,-8,8
56962,109,118,-9,9
56963,122,125,-3,3
56964,75,80,-5,5
56965,94,98,-4,4
56966,73,66,7,7
56967,138,133,5,5
56968,109,89,20,20
56969,84,82,2,2
56970,65,65,0,0
56971,97,90,7,7
56972,150,149,1,1
56973,158,158,0,0
56974,74,73,1,1
56975,64,68,-4,4
56976,102,106,-4,4
56977,83,94,-11,11
56978,181,170,11,11
56979,149,136,13,13
56980,67,59,8,8
56981,108,111,-3,3
56982,126,124,2,2
56983,129,126,3,3
56984,123,122,1,1
56985,88,80,8,8
56986,79,84,-5,5
56987,122,106,16,16
56988,88,75,13,13
56989,129,133,-4,4
56990,82,83,-1,1
56991,72,74,-2,2
56992,116,107,9,9
56993,93,91,2,2
56994,82,77,5,5
56995,153,161,-8,8
56996,169,158,11,11
56997,79,85,-6,6
56998,92,86,6,6
56999,123,114,9,9
57000,75,91,-16,16
57001,162,170,-8,8
57002,79,71,8,8
57003,90,86,4,4
57004,74,84,-10,10
57005,130,136,-6,6
57006,128,117,11,11
57007,75,82,-7,7
57008,86,81,5,5
57009,111,104,7,7
57010,100,97,3,3
57011,57,54,3,3
57012,126,119,7,7
57013,61,59,2,2
57014,79,74,5,5
57015,80,64,16,16
57016,49,53,-4,4
57017,83,85,-2,2
57018,65,65,0,0
57019,76,70,6,6
57020,99,95,4,4
57021,152,143,9,9
57022,74,70,4,4
57023,90,94,-4,4
57024,116,126,-10,10
57025,150,169,-19,19
57026,98,96,2,2
57027,136,127,9,9
57028,109,109,0,0
57029,131,146,-15,15
57030,44,54,-10,10
57031,52,56,-4,4
57032,73,68,5,5
57033,160,141,19,19
57034,104,105,-1,1
57035,71,61,10,10
57036,52,53,-1,1
57037,69,59,10,10
57038,120,104,16,16
57039,51,38,13,13
57040,65,66,-1,1
57041,93,83,10,10
57042,62,76,-14,14
57043,108,104,4,4
57044,86,85,1,1
57045,65,68,-3,3
57046,151,154,-3,3
57047,82,82,0,0
57048,54,56,-2,2
57049,57,55,2,2
57050,87,97,-10,10
57051,75,78,-3,3
57052,76,82,-6,6
57053,144,142,2,2
57054,82,83,-1,1
57055,70,62,8,8
57056,65,64,1,1
57057,130,130,0,0
57058,179,189,-10,10
57059,143,145,-2,2
57060,128,117,11,11
57061,59,56,3,3
57062,141,139,2,2
57063,91,81,10,10
57064,117,107,10,10
57065,103,95,8,8
57066,102,106,-4,4
57067,150,129,21,21
57068,91,83,8,8
57069,82,82,0,0
57070,72,75,-3,3
57071,146,132,14,14
57072,51,52,-1,1
57073,119,125,-6,6
57074,94,98,-4,4
57075,113,101,12,12
57076,115,112,3,3
57077,50,66,-16,16
57078,72,87,-15,15
57079,127,120,7,7
57080,67,84,-17,17
57081,76,80,-4,4
57082,96,110,-14,14
57083,137,152,-15,15
57084,189,189,0,0
57085,83,81,2,2
57086,90,90,0,0
57087,85,82,3,3
57088,99,112,-13,13
57089,88,82,6,6
57090,163,173,-10,10
57091,78,77,1,1
57092,63,56,7,7
57093,87,90,-3,3
57094,81,81,0,0
57095,117,133,-16,16
57096,86,76,10,10
57097,97,95,2,2
57098,120,118,2,2
57099,61,57,4,4
57100,109,111,-2,2
57101,82,80,2,2
57102,98,89,9,9
57103,100,89,11,11
57104,114,107,7,7
57105,61,57,4,4
57106,88,94,-6,6
57107,75,86,-11,11
57108,96,102,-6,6
57109,125,132,-7,7
57110,216,197,19,19
57111,91,93,-2,2
57112,149,176,-27,27
57113,104,92,12,12
57114,69,66,3,3
57115,65,67,-2,2
57116,116,91,25,25
57117,66,63,3,3
57118,53,59,-6,6
57119,61,79,-18,18
57120,106,103,3,3
57121,118,109,9,9
57122,145,142,3,3
57123,90,85,5,5
57124,76,70,6,6
57125,48,44,4,4
57126,38,39,-1,1
57127,65,62,3,3
57128,98,92,6,6
57129,48,62,-14,14
57130,93,92,1,1
57131,117,120,-3,3
57132,66,62,4,4
57133,110,101,9,9
57134,121,124,-3,3
57135,95,88,7,7
57136,81,81,0,0
57137,48,59,-11,11
57138,80,85,-5,5
57139,136,150,-14,14
57140,55,55,0,0
57141,110,100,10,10
57142,104,119,-15,15
57143,89,85,4,4
57144,90,103,-13,13
57145,111,118,-7,7
57146,85,94,-9,9
57147,113,111,2,2
57148,100,105,-5,5
57149,147,143,4,4
57150,86,89,-3,3
57151,76,80,-4,4
57152,164,144,20,20
57153,130,117,13,13
57154,99,89,10,10
57155,40,51,-11,11
57156,175,182,-7,7
57157,148,155,-7,7
57158,106,111,-5,5
57159,152,156,-4,4
57160,91,93,-2,2
57161,98,107,-9,9
57162,51,61,-10,10
57163,88,90,-2,2
57164,89,83,6,6
57165,63,62,1,1
57166,84,82,2,2
57167,75,67,8,8
57168,117,114,3,3
57169,111,114,-3,3
57170,134,145,-11,11
57171,81,86,-5,5
57172,101,104,-3,3
57173,61,55,6,6
57174,116,120,-4,4
57175,77,81,-4,4
57176,121,101,20,20
57177,101,93,8,8
57178,22,37,-15,15
57179,89,90,-1,1
57180,134,132,2,2
57181,132,140,-8,8
57182,48,48,0,0
57183,102,94,8,8
57184,90,77,13,13
57185,89,91,-2,2
57186,109,116,-7,7
57187,164,149,15,15
57188,93,92,1,1
57189,93,97,-4,4
57190,63,71,-8,8
57191,99,97,2,2
57192,72,75,-3,3
57193,85,94,-9,9
57194,76,73,3,3
57195,85,80,5,5
57196,125,95,30,30
57197,63,64,-1,1
57198,47,53,-6,6
57199,123,126,-3,3
57200,88,99,-11,11
57201,75,74,1,1
57202,78,74,4,4
57203,73,68,5,5
57204,113,125,-12,12
57205,88,81,7,7
57206,91,71,20,20
57207,99,91,8,8
57208,92,100,-8,8
57209,102,108,-6,6
57210,84,83,1,1
57211,153,152,1,1
57212,117,122,-5,5
57213,61,57,4,4
57214,81,74,7,7
57215,148,143,5,5
57216,88,85,3,3
57217,109,107,2,2
57218,124,120,4,4
57219,44,50,-6,6
57220,75,80,-5,5
57221,107,108,-1,1
57222,74,76,-2,2
57223,75,65,10,10
57224,97,85,12,12
57225,95,88,7,7
57226,72,69,3,3
57227,71,65,6,6
57228,100,98,2,2
57229,110,97,13,13
57230,67,56,11,11
57231,59,59,0,0
57232,162,155,7,7
57233,97,88,9,9
57234,66,65,1,1
57235,87,84,3,3
57236,142,155,-13,13
57237,77,79,-2,2
57238,61,56,5,5
57239,61,112,-51,51
57240,131,123,8,8
57241,84,79,5,5
57242,77,79,-2,2
57243,60,60,0,0
57244,77,78,-1,1
57245,47,48,-1,1
57246,71,78,-7,7
57247,118,122,-4,4
57248,105,117,-12,12
57249,137,141,-4,4
57250,48,60,-12,12
57251,81,83,-2,2
57252,105,98,7,7
57253,107,105,2,2
57254,149,145,4,4
57255,88,86,2,2
57256,104,94,10,10
57257,130,116,14,14
57258,118,117,1,1
57259,50,66,-16,16
57260,113,101,12,12
57261,48,52,-4,4
57262,105,114,-9,9
57263,63,71,-8,8
57264,63,61,2,2
57265,65,73,-8,8
57266,105,103,2,2
57267,38,47,-9,9
57268,57,51,6,6
57269,94,93,1,1
57270,87,79,8,8
57271,68,64,4,4
57272,66,71,-5,5
57273,87,85,2,2
57274,121,117,4,4
57275,104,99,5,5
57276,124,130,-6,6
57277,158,146,12,12
57278,30,35,-5,5
57279,101,108,-7,7
57280,86,75,11,11
57281,93,84,9,9
57282,123,139,-16,16
57283,102,91,11,11
57284,142,157,-15,15
57285,61,76,-15,15
57286,75,86,-11,11
57287,125,135,-10,10
57288,95,94,1,1
57289,171,171,0,0
57290,96,132,-36,36
57291,123,130,-7,7
57292,106,114,-8,8
57293,62,55,7,7
57294,87,83,4,4
57295,57,53,4,4
57296,56,48,8,8
57297,124,121,3,3
57298,81,79,2,2
57299,109,96,13,13
57300,165,173,-8,8
57301,171,140,31,31
57302,104,102,2,2
57303,59,66,-7,7
57304,40,51,-11,11
57305,74,100,-26,26
57306,127,125,2,2
57307,73,83,-10,10
57308,130,110,20,20
57309,47,66,-19,19
57310,59,54,5,5
57311,156,142,14,14
57312,101,94,7,7
57313,89,80,9,9
57314,95,93,2,2
57315,60,63,-3,3
57316,91,88,3,3
57317,74,73,1,1
57318,160,155,5,5
57319,114,111,3,3
57320,148,139,9,9
57321,80,75,5,5
57322,24,39,-15,15
57323,52,55,-3,3
57324,259,230,29,29
57325,44,47,-3,3
57326,149,144,5,5
57327,57,57,0,0
57328,126,135,-9,9
57329,142,126,16,16
57330,111,115,-4,4
57331,167,169,-2,2
57332,76,73,3,3
57333,69,73,-4,4
57334,110,121,-11,11
57335,92,93,-1,1
57336,99,86,13,13
57337,95,100,-5,5
57338,114,103,11,11
57339,91,92,-1,1
57340,104,96,8,8
57341,84,79,5,5
57342,164,149,15,15
57343,44,51,-7,7
57344,75,70,5,5
57345,95,92,3,3
57346,27,43,-16,16
57347,81,85,-4,4
57348,72,68,4,4
57349,100,88,12,12
57350,131,115,16,16
57351,61,67,-6,6
57352,89,85,4,4
57353,65,69,-4,4
57354,53,56,-3,3
57355,103,115,-12,12
57356,129,130,-1,1
57357,114,100,14,14
57358,102,104,-2,2
57359,87,95,-8,8
57360,77,67,10,10
57361,72,73,-1,1
57362,71,71,0,0
57363,67,57,10,10
57364,116,114,2,2
57365,102,100,2,2
57366,83,78,5,5
57367,55,54,1,1
57368,71,77,-6,6
57369,84,72,12,12
57370,98,93,5,5
57371,101,94,7,7
57372,82,68,14,14
57373,117,120,-3,3
57374,126,117,9,9
57375,66,74,-8,8
57376,81,86,-5,5
57377,189,201,-12,12
57378,90,80,10,10
57379,86,81,5,5
57380,107,101,6,6
57381,117,129,-12,12
57382,54,51,3,3
57383,81,82,-1,1
57384,85,81,4,4
57385,88,92,-4,4
57386,57,60,-3,3
57387,103,95,8,8
57388,103,99,4,4
57389,95,93,2,2
57390,107,103,4,4
57391,91,82,9,9
57392,111,129,-18,18
57393,200,187,13,13
57394,83,82,1,1
57395,86,81,5,5
57396,80,78,2,2
57397,109,116,-7,7
57398,69,71,-2,2
57399,78,78,0,0
57400,70,82,-12,12
57401,77,77,0,0
57402,69,61,8,8
57403,96,92,4,4
57404,121,148,-27,27
57405,90,99,-9,9
57406,152,147,5,5
57407,91,85,6,6
57408,89,86,3,3
57409,104,94,10,10
57410,88,68,20,20
57411,113,106,7,7
57412,81,92,-11,11
57413,92,85,7,7
57414,112,97,15,15
57415,113,117,-4,4
57416,119,112,7,7
57417,68,67,1,1
57418,183,161,22,22
57419,154,144,10,10
57420,115,115,0,0
57421,173,193,-20,20
57422,108,99,9,9
57423,124,144,-20,20
57424,71,74,-3,3
57425,84,75,9,9
57426,80,84,-4,4
57427,90,104,-14,14
57428,74,66,8,8
57429,89,81,8,8
57430,81,88,-7,7
57431,100,93,7,7
57432,136,138,-2,2
57433,55,50,5,5
57434,105,109,-4,4
57435,77,81,-4,4
57436,192,191,1,1
57437,99,98,1,1
57438,90,86,4,4
57439,134,125,9,9
57440,113,115,-2,2
57441,90,84,6,6
57442,150,136,14,14
57443,52,53,-1,1
57444,102,92,10,10
57445,55,58,-3,3
57446,110,108,2,2
57447,57,59,-2,2
57448,57,67,-10,10
57449,97,94,3,3
57450,117,126,-9,9
57451,83,85,-2,2
57452,121,113,8,8
57453,58,59,-1,1
57454,101,94,7,7
57455,63,72,-9,9
57456,105,109,-4,4
57457,94,81,13,13
57458,138,139,-1,1
57459,62,57,5,5
57460,113,117,-4,4
57461,50,49,1,1
57462,90,91,-1,1
57463,135,136,-1,1
57464,68,61,7,7
57465,94,92,2,2
57466,63,58,5,5
57467,179,165,14,14
57468,78,69,9,9
57469,197,175,22,22
57470,124,120,4,4
57471,115,110,5,5
57472,105,95,10,10
57473,135,130,5,5
57474,59,69,-10,10
57475,75,87,-12,12
57476,131,122,9,9
57477,125,125,0,0
57478,82,80,2,2
57479,193,191,2,2
57480,23,22,1,1
57481,67,61,6,6
57482,204,184,20,20
57483,78,76,2,2
57484,95,107,-12,12
57485,143,146,-3,3
57486,69,71,-2,2
57487,78,67,11,11
57488,185,184,1,1
57489,60,56,4,4
57490,93,81,12,12
57491,49,50,-1,1
57492,151,134,17,17
57493,93,85,8,8
57494,109,104,5,5
57495,58,54,4,4
57496,132,112,20,20
57497,85,71,14,14
57498,118,92,26,26
57499,69,68,1,1
57500,76,73,3,3
57501,68,76,-8,8
57502,68,64,4,4
57503,103,112,-9,9
57504,116,116,0,0
57505,189,168,21,21
57506,64,63,1,1
57507,54,52,2,2
57508,99,108,-9,9
57509,140,134,6,6
57510,52,54,-2,2
57511,144,148,-4,4
57512,96,88,8,8
57513,60,84,-24,24
57514,131,128,3,3
57515,101,98,3,3
57516,21,52,-31,31
57517,77,74,3,3
57518,94,95,-1,1
57519,64,62,2,2
57520,77,75,2,2
57521,89,93,-4,4
57522,68,66,2,2
57523,100,75,25,25
57524,94,93,1,1
57525,99,92,7,7
57526,104,102,2,2
57527,76,74,2,2
57528,41,45,-4,4
57529,89,80,9,9
57530,159,137,22,22
57531,145,128,17,17
57532,89,79,10,10
57533,117,116,1,1
57534,56,72,-16,16
57535,112,108,4,4
57536,59,57,2,2
57537,54,55,-1,1
57538,83,73,10,10
57539,70,74,-4,4
57540,64,59,5,5
57541,134,127,7,7
57542,107,104,3,3
57543,81,78,3,3
57544,117,126,-9,9
57545,123,124,-1,1
57546,114,108,6,6
57547,173,159,14,14
57548,79,74,5,5
57549,117,105,12,12
57550,32,37,-5,5
57551,87,81,6,6
57552,189,190,-1,1
57553,70,81,-11,11
57554,155,133,22,22
57555,81,81,0,0
57556,168,166,2,2
57557,114,115,-1,1
57558,153,163,-10,10
57559,124,107,17,17
57560,51,51,0,0
57561,105,105,0,0
57562,101,120,-19,19
57563,86,86,0,0
57564,129,124,5,5
57565,122,109,13,13
57566,149,143,6,6
57567,85,79,6,6
57568,73,67,6,6
57569,66,69,-3,3
57570,180,169,11,11
57571,33,53,-20,20
57572,70,70,0,0
57573,101,125,-24,24
57574,89,90,-1,1
57575,120,116,4,4
57576,121,112,9,9
57577,91,93,-2,2
57578,90,85,5,5
57579,121,116,5,5
57580,154,164,-10,10
57581,110,102,8,8
57582,65,58,7,7
57583,107,112,-5,5
57584,141,139,2,2
57585,61,65,-4,4
57586,119,124,-5,5
57587,135,132,3,3
57588,185,166,19,19
57589,46,48,-2,2
57590,89,92,-3,3
57591,134,136,-2,2
57592,102,96,6,6
57593,138,144,-6,6
57594,104,96,8,8
57595,176,167,9,9
57596,112,114,-2,2
57597,135,117,18,18
57598,119,123,-4,4
57599,82,72,10,10
57600,99,99,0,0
57601,119,114,5,5
57602,98,107,-9,9
57603,96,103,-7,7
57604,90,95,-5,5
57605,81,70,11,11
57606,65,62,3,3
57607,120,112,8,8
57608,90,85,5,5
57609,80,82,-2,2
57610,81,89,-8,8
57611,78,96,-18,18
57612,82,70,12,12
57613,155,134,21,21
57614,77,77,0,0
57615,116,103,13,13
57616,78,73,5,5
57617,69,65,4,4
57618,64,64,0,0
57619,88,84,4,4
57620,56,52,4,4
57621,62,72,-10,10
57622,49,56,-7,7
57623,120,107,13,13
57624,154,147,7,7
57625,86,91,-5,5
57626,61,63,-2,2
57627,66,63,3,3
57628,145,126,19,19
57629,83,88,-5,5
57630,136,125,11,11
57631,88,94,-6,6
57632,71,69,2,2
57633,93,81,12,12
57634,97,89,8,8
57635,94,82,12,12
57636,97,100,-3,3
57637,57,74,-17,17
57638,142,132,10,10
57639,119,115,4,4
57640,87,84,3,3
57641,131,137,-6,6
57642,119,123,-4,4
57643,76,68,8,8
57644,55,50,5,5
57645,106,102,4,4
57646,70,69,1,1
57647,103,103,0,0
57648,96,84,12,12
57649,150,149,1,1
57650,128,133,-5,5
57651,38,45,-7,7
57652,65,80,-15,15
57653,79,63,16,16
57654,96,87,9,9
57655,88,77,11,11
57656,185,204,-19,19
57657,81,73,8,8
57658,151,138,13,13
57659,94,88,6,6
57660,72,73,-1,1
57661,110,108,2,2
57662,109,99,10,10
57663,80,73,7,7
57664,68,69,-1,1
57665,111,98,13,13
57666,67,68,-1,1
57667,95,92,3,3
57668,114,119,-5,5
57669,51,53,-2,2
57670,111,105,6,6
57671,118,108,10,10
57672,157,136,21,21
57673,82,83,-1,1
57674,119,98,21,21
57675,73,68,5,5
57676,88,83,5,5
57677,46,46,0,0
57678,61,69,-8,8
57679,81,80,1,1
57680,117,112,5,5
57681,87,85,2,2
57682,71,58,13,13
57683,70,71,-1,1
57684,98,92,6,6
57685,89,91,-2,2
57686,100,93,7,7
57687,124,114,10,10
57688,166,160,6,6
57689,90,80,10,10
57690,43,46,-3,3
57691,175,166,9,9
57692,104,105,-1,1
57693,180,174,6,6
57694,57,53,4,4
57695,36,48,-12,12
57696,144,160,-16,16
57697,136,131,5,5
57698,56,51,5,5
57699,93,92,1,1
57700,91,83,8,8
57701,98,101,-3,3
57702,82,70,12,12
57703,101,111,-10,10
57704,113,119,-6,6
57705,53,59,-6,6
57706,55,57,-2,2
57707,120,97,23,23
57708,105,104,1,1
57709,71,73,-2,2
57710,78,74,4,4
57711,165,163,2,2
57712,82,90,-8,8
57713,126,122,4,4
57714,114,108,6,6
57715,143,127,16,16
57716,118,116,2,2
57717,94,92,2,2
57718,41,44,-3,3
57719,67,56,11,11
57720,83,78,5,5
57721,119,107,12,12
57722,62,63,-1,1
57723,55,51,4,4
57724,95,97,-2,2
57725,91,87,4,4
57726,68,66,2,2
57727,144,145,-1,1
57728,64,59,5,5
57729,43,56,-13,13
57730,81,87,-6,6
57731,94,75,19,19
57732,77,78,-1,1
57733,167,173,-6,6
57734,51,54,-3,3
57735,117,94,23,23
57736,93,91,2,2
57737,71,75,-4,4
57738,64,64,0,0
57739,168,161,7,7
57740,98,94,4,4
57741,38,43,-5,5
57742,124,119,5,5
57743,104,116,-12,12
57744,45,53,-8,8
57745,36,44,-8,8
57746,82,79,3,3
57747,120,112,8,8
57748,108,113,-5,5
57749,43,43,0,0
57750,85,71,14,14
57751,146,136,10,10
57752,82,95,-13,13
57753,115,106,9,9
57754,98,83,15,15
57755,87,81,6,6
57756,124,129,-5,5
57757,86,80,6,6
57758,92,109,-17,17
57759,109,91,18,18
57760,125,125,0,0
57761,140,155,-15,15
57762,84,100,-16,16
57763,66,55,11,11
57764,131,124,7,7
57765,81,72,9,9
57766,88,86,2,2
57767,143,161,-18,18
57768,74,74,0,0
57769,118,129,-11,11
57770,56,61,-5,5
57771,61,64,-3,3
57772,112,115,-3,3
57773,119,108,11,11
57774,102,88,14,14
57775,101,127,-26,26
57776,71,66,5,5
57777,118,115,3,3
57778,119,134,-15,15
57779,83,83,0,0
57780,133,120,13,13
57781,57,58,-1,1
57782,87,84,3,3
57783,6,18,-12,12
57784,76,79,-3,3
57785,124,119,5,5
57786,28,42,-14,14
57787,65,61,4,4
57788,86,81,5,5
57789,111,114,-3,3
57790,59,67,-8,8
57791,94,97,-3,3
57792,97,109,-12,12
57793,115,120,-5,5
57794,75,79,-4,4
57795,144,139,5,5
57796,86,96,-10,10
57797,74,69,5,5
57798,102,115,-13,13
57799,79,86,-7,7
57800,99,98,1,1
57801,140,149,-9,9
57802,101,99,2,2
57803,156,139,17,17
57804,92,85,7,7
57805,70,60,10,10
57806,59,80,-21,21
57807,116,113,3,3
57808,138,132,6,6
57809,136,146,-10,10
57810,61,55,6,6
57811,53,50,3,3
57812,79,73,6,6
57813,90,80,10,10
57814,127,123,4,4
57815,177,148,29,29
57816,110,113,-3,3
57817,129,122,7,7
57818,106,130,-24,24
57819,74,72,2,2
57820,154,158,-4,4
57821,129,133,-4,4
57822,73,68,5,5
57823,77,85,-8,8
57824,84,86,-2,2
57825,103,94,9,9
57826,90,117,-27,27
57827,109,110,-1,1
57828,68,57,11,11
57829,72,60,12,12
57830,105,115,-10,10
57831,65,63,2,2
57832,95,86,9,9
57833,133,126,7,7
57834,103,102,1,1
57835,107,101,6,6
57836,79,78,1,1
57837,116,110,6,6
57838,91,77,14,14
57839,72,87,-15,15
57840,66,85,-19,19
57841,147,140,7,7
57842,90,98,-8,8
57843,192,220,-28,28
57844,98,109,-11,11
57845,105,102,3,3
57846,44,57,-13,13
57847,102,85,17,17
57848,82,87,-5,5
57849,107,110,-3,3
57850,102,94,8,8
57851,135,125,10,10
57852,157,141,16,16
57853,61,50,11,11
57854,155,144,11,11
57855,121,132,-11,11
57856,77,78,-1,1
57857,142,139,3,3
57858,95,79,16,16
57859,104,92,12,12
57860,77,76,1,1
57861,135,129,6,6
57862,101,96,5,5
57863,65,66,-1,1
57864,108,103,5,5
57865,46,54,-8,8
57866,196,197,-1,1
57867,83,91,-8,8
57868,92,82,10,10
57869,66,64,2,2
57870,87,84,3,3
57871,76,73,3,3
57872,24,34,-10,10
57873,94,108,-14,14
57874,85,67,18,18
57875,147,185,-38,38
57876,104,112,-8,8
57877,97,95,2,2
57878,159,147,12,12
57879,103,98,5,5
57880,114,118,-4,4
57881,133,137,-4,4
57882,66,62,4,4
57883,101,100,1,1
57884,71,69,2,2
57885,85,87,-2,2
57886,87,74,13,13
57887,116,92,24,24
57888,88,73,15,15
57889,64,57,7,7
57890,48,65,-17,17
57891,55,54,1,1
57892,61,88,-27,27
57893,86,93,-7,7
57894,56,56,0,0
57895,58,46,12,12
57896,77,74,3,3
57897,70,77,-7,7
57898,78,80,-2,2
57899,136,126,10,10
57900,69,66,3,3
57901,68,58,10,10
57902,102,95,7,7
57903,67,63,4,4
57904,82,73,9,9
57905,54,51,3,3
57906,70,72,-2,2
57907,83,75,8,8
57908,129,121,8,8
57909,43,39,4,4
57910,46,52,-6,6
57911,119,118,1,1
57912,50,52,-2,2
57913,76,71,5,5
57914,168,160,8,8
57915,83,75,8,8
57916,116,103,13,13
57917,121,140,-19,19
57918,96,102,-6,6
57919,126,134,-8,8
57920,86,90,-4,4
57921,85,76,9,9
57922,93,79,14,14
57923,52,54,-2,2
57924,129,127,2,2
57925,87,86,1,1
57926,38,51,-13,13
57927,61,74,-13,13
57928,77,73,4,4
57929,73,69,4,4
57930,143,151,-8,8
57931,59,60,-1,1
57932,57,61,-4,4
57933,64,64,0,0
57934,140,135,5,5
57935,109,111,-2,2
57936,91,86,5,5
57937,64,62,2,2
57938,105,86,19,19
57939,121,106,15,15
57940,65,63,2,2
57941,80,83,-3,3
57942,75,78,-3,3
57943,90,78,12,12
57944,93,104,-11,11
57945,60,64,-4,4
57946,75,70,5,5
57947,97,95,2,2
57948,130,124,6,6
57949,111,101,10,10
57950,82,74,8,8
57951,102,97,5,5
57952,72,70,2,2
57953,180,189,-9,9
57954,71,81,-10,10
57955,92,89,3,3
57956,109,105,4,4
57957,113,107,6,6
57958,117,100,17,17
57959,105,102,3,3
57960,85,79,6,6
57961,75,58,17,17
57962,77,72,5,5
57963,79,77,2,2
57964,106,105,1,1
57965,52,61,-9,9
57966,107,76,31,31
57967,89,86,3,3
57968,150,148,2,2
57969,84,83,1,1
57970,78,78,0,0
57971,124,121,3,3
57972,58,59,-1,1
57973,110,110,0,0
57974,108,106,2,2
57975,95,106,-11,11
57976,139,123,16,16
57977,92,89,3,3
57978,63,67,-4,4
57979,81,83,-2,2
57980,103,89,14,14
57981,75,73,2,2
57982,75,95,-20,20
57983,125,119,6,6
57984,98,98,0,0
57985,101,98,3,3
57986,73,78,-5,5
57987,95,92,3,3
57988,120,112,8,8
57989,90,103,-13,13
57990,178,159,19,19
57991,111,117,-6,6
57992,90,83,7,7
57993,91,74,17,17
57994,92,79,13,13
57995,77,71,6,6
57996,87,78,9,9
57997,121,115,6,6
57998,99,82,17,17
57999,119,129,-10,10
58000,85,86,-1,1
58001,102,102,0,0
58002,102,94,8,8
58003,68,62,6,6
58004,159,141,18,18
58005,91,71,20,20
58006,85,88,-3,3
58007,77,81,-4,4
58008,136,119,17,17
58009,182,168,14,14
58010,101,100,1,1
58011,63,51,12,12
58012,89,100,-11,11
58013,78,79,-1,1
58014,104,95,9,9
58015,113,110,3,3
58016,88,84,4,4
58017,87,81,6,6
58018,182,169,13,13
58019,97,88,9,9
58020,123,117,6,6
58021,93,117,-24,24
58022,77,72,5,5
58023,87,82,5,5
58024,71,69,2,2
58025,60,73,-13,13
58026,95,98,-3,3
58027,92,82,10,10
58028,78,74,4,4
58029,84,90,-6,6
58030,153,144,9,9
58031,140,143,-3,3
58032,99,80,19,19
58033,57,69,-12,12
58034,83,89,-6,6
58035,79,73,6,6
58036,87,89,-2,2
58037,85,100,-15,15
58038,80,86,-6,6
58039,69,70,-1,1
58040,68,72,-4,4
58041,94,93,1,1
58042,79,86,-7,7
58043,115,112,3,3
58044,59,57,2,2
58045,183,189,-6,6
58046,64,61,3,3
58047,109,92,17,17
58048,54,48,6,6
58049,62,55,7,7
58050,69,79,-10,10
58051,62,54,8,8
58052,71,79,-8,8
58053,140,133,7,7
58054,73,67,6,6
58055,124,126,-2,2
58056,86,94,-8,8
58057,142,149,-7,7
58058,170,169,1,1
58059,69,62,7,7
58060,124,127,-3,3
58061,123,129,-6,6
58062,104,87,17,17
58063,65,71,-6,6
58064,110,110,0,0
58065,80,66,14,14
58066,66,64,2,2
58067,96,117,-21,21
58068,116,122,-6,6
58069,74,87,-13,13
58070,59,59,0,0
58071,64,53,11,11
58072,115,118,-3,3
58073,89,82,7,7
58074,136,125,11,11
58075,51,46,5,5
58076,73,68,5,5
58077,68,74,-6,6
58078,116,106,10,10
58079,135,144,-9,9
58080,29,45,-16,16
58081,96,83,13,13
58082,38,38,0,0
58083,170,171,-1,1
58084,125,128,-3,3
58085,160,143,17,17
58086,108,121,-13,13
58087,144,138,6,6
58088,70,62,8,8
58089,100,96,4,4
58090,62,55,7,7
58091,129,129,0,0
58092,99,87,12,12
58093,93,98,-5,5
58094,108,94,14,14
58095,59,55,4,4
58096,43,49,-6,6
58097,119,97,22,22
58098,71,59,12,12
58099,147,155,-8,8
58100,60,65,-5,5
58101,79,81,-2,2
58102,64,59,5,5
58103,73,69,4,4
58104,105,109,-4,4
58105,80,70,10,10
58106,79,81,-2,2
58107,90,87,3,3
58108,89,75,14,14
58109,73,66,7,7
58110,113,118,-5,5
58111,78,79,-1,1
58112,63,77,-14,14
58113,142,130,12,12
58114,145,174,-29,29
58115,95,96,-1,1
58116,101,94,7,7
58117,126,109,17,17
58118,154,147,7,7
58119,184,156,28,28
58120,116,118,-2,2
58121,84,85,-1,1
58122,129,126,3,3
58123,74,66,8,8
58124,97,86,11,11
58125,88,107,-19,19
58126,102,105,-3,3
58127,69,67,2,2
58128,73,76,-3,3
58129,77,60,17,17
58130,98,94,4,4
58131,78,78,0,0
58132,108,93,15,15
58133,78,74,4,4
58134,86,96,-10,10
58135,70,59,11,11
58136,70,72,-2,2
58137,78,75,3,3
58138,81,70,11,11
58139,55,61,-6,6
58140,37,46,-9,9
58141,80,75,5,5
58142,68,64,4,4
58143,130,130,0,0
58144,100,90,10,10
58145,71,73,-2,2
58146,97,87,10,10
58147,147,148,-1,1
58148,93,95,-2,2
58149,165,169,-4,4
58150,70,70,0,0
58151,59,62,-3,3
58152,46,55,-9,9
58153,132,116,16,16
58154,90,73,17,17
58155,208,202,6,6
58156,124,121,3,3
58157,92,100,-8,8
58158,75,81,-6,6
58159,103,100,3,3
58160,47,54,-7,7
58161,72,60,12,12
58162,65,65,0,0
58163,107,110,-3,3
58164,131,130,1,1
58165,67,85,-18,18
58166,119,114,5,5
58167,63,67,-4,4
58168,153,131,22,22
58169,72,72,0,0
58170,131,142,-11,11
58171,92,80,12,12
58172,70,69,1,1
58173,93,98,-5,5
58174,48,63,-15,15
58175,75,67,8,8
58176,185,194,-9,9
58177,90,69,21,21
58178,53,52,1,1
58179,130,131,-1,1
58180,139,140,-1,1
58181,92,97,-5,5
58182,77,98,-21,21
58183,130,120,10,10
58184,88,77,11,11
58185,68,73,-5,5
58186,144,117,27,27
58187,73,71,2,2
58188,136,134,2,2
58189,115,110,5,5
58190,79,81,-2,2
58191,97,94,3,3
58192,70,63,7,7
58193,76,76,0,0
58194,110,104,6,6
58195,103,107,-4,4
58196,106,106,0,0
58197,82,80,2,2
58198,82,86,-4,4
58199,64,69,-5,5
58200,108,104,4,4
58201,162,153,9,9
58202,64,64,0,0
58203,42,39,3,3
58204,128,123,5,5
58205,93,90,3,3
58206,83,84,-1,1
58207,75,61,14,14
58208,113,107,6,6
58209,131,114,17,17
58210,70,55,15,15
58211,82,80,2,2
58212,53,52,1,1
58213,92,96,-4,4
58214,123,116,7,7
58215,132,124,8,8
58216,71,68,3,3
58217,83,78,5,5
58218,52,60,-8,8
58219,102,96,6,6
58220,51,52,-1,1
58221,90,84,6,6
58222,121,128,-7,7
58223,125,121,4,4
58224,66,61,5,5
58225,99,105,-6,6
58226,71,86,-15,15
58227,103,103,0,0
58228,87,92,-5,5
58229,130,129,1,1
58230,74,69,5,5
58231,171,163,8,8
58232,146,131,15,15
58233,81,72,9,9
58234,72,63,9,9
58235,81,98,-17,17
58236,58,68,-10,10
58237,111,107,4,4
58238,148,154,-6,6
58239,76,77,-1,1
58240,78,75,3,3
58241,91,94,-3,3
58242,91,94,-3,3
58243,70,79,-9,9
58244,155,134,21,21
58245,89,92,-3,3
58246,55,49,6,6
58247,97,79,18,18
58248,71,73,-2,2
58249,134,140,-6,6
58250,85,70,15,15
58251,76,74,2,2
58252,98,105,-7,7
58253,51,53,-2,2
58254,111,115,-4,4
58255,59,60,-1,1
58256,112,109,3,3
58257,43,44,-1,1
58258,122,110,12,12
58259,62,58,4,4
58260,57,58,-1,1
58261,94,93,1,1
58262,92,82,10,10
58263,113,118,-5,5
58264,125,103,22,22
58265,98,99,-1,1
58266,58,62,-4,4
58267,110,105,5,5
58268,69,74,-5,5
58269,57,56,1,1
58270,54,44,10,10
58271,69,64,5,5
58272,84,83,1,1
58273,81,82,-1,1
58274,72,77,-5,5
58275,120,106,14,14
58276,59,57,2,2
58277,121,114,7,7
58278,54,69,-15,15
58279,62,53,9,9
58280,83,70,13,13
58281,85,77,8,8
58282,102,102,0,0
58283,109,88,21,21
58284,128,137,-9,9
58285,128,115,13,13
58286,155,120,35,35
58287,75,70,5,5
58288,44,39,5,5
58289,106,106,0,0
58290,122,110,12,12
58291,99,86,13,13
58292,76,69,7,7
58293,93,88,5,5
58294,59,63,-4,4
58295,115,105,10,10
58296,147,139,8,8
58297,104,106,-2,2
58298,56,57,-1,1
58299,119,120,-1,1
58300,92,86,6,6
58301,55,57,-2,2
58302,70,56,14,14
58303,79,85,-6,6
58304,106,98,8,8
58305,141,117,24,24
58306,142,140,2,2
58307,100,102,-2,2
58308,71,65,6,6
58309,37,42,-5,5
58310,58,47,11,11
58311,107,117,-10,10
58312,104,101,3,3
58313,125,124,1,1
58314,95,132,-37,37
58315,164,160,4,4
58316,45,53,-8,8
58317,86,79,7,7
58318,101,94,7,7
58319,117,109,8,8
58320,85,102,-17,17
58321,60,56,4,4
58322,141,149,-8,8
58323,101,107,-6,6
58324,113,97,16,16
58325,108,106,2,2
58326,86,84,2,2
58327,121,112,9,9
58328,165,182,-17,17
58329,58,55,3,3
58330,165,164,1,1
58331,99,103,-4,4
58332,77,80,-3,3
58333,120,118,2,2
58334,132,120,12,12
58335,138,123,15,15
58336,104,128,-24,24
58337,59,57,2,2
58338,68,62,6,6
58339,76,74,2,2
58340,81,82,-1,1
58341,126,120,6,6
58342,125,93,32,32
58343,39,51,-12,12
58344,103,92,11,11
58345,64,65,-1,1
58346,120,105,15,15
58347,53,63,-10,10
58348,81,74,7,7
58349,128,125,3,3
58350,75,72,3,3
58351,67,54,13,13
58352,158,143,15,15
58353,77,94,-17,17
58354,140,147,-7,7
58355,75,75,0,0
58356,114,116,-2,2
58357,82,81,1,1
58358,96,94,2,2
58359,142,126,16,16
58360,84,94,-10,10
58361,84,65,19,19
58362,69,61,8,8
58363,63,58,5,5
58364,83,87,-4,4
58365,136,132,4,4
58366,107,104,3,3
58367,95,93,2,2
58368,157,145,12,12
58369,89,90,-1,1
58370,85,81,4,4
58371,102,104,-2,2
58372,103,109,-6,6
58373,88,81,7,7
58374,100,90,10,10
58375,69,60,9,9
58376,84,69,15,15
58377,32,53,-21,21
58378,52,44,8,8
58379,156,157,-1,1
58380,71,59,12,12
58381,114,99,15,15
58382,83,82,1,1
58383,81,75,6,6
58384,164,162,2,2
58385,109,103,6,6
58386,89,91,-2,2
58387,125,104,21,21
58388,82,71,11,11
58389,73,72,1,1
58390,117,145,-28,28
58391,69,65,4,4
58392,98,89,9,9
58393,114,104,10,10
58394,86,91,-5,5
58395,112,100,12,12
58396,96,98,-2,2
58397,113,109,4,4
58398,86,90,-4,4
58399,130,124,6,6
58400,80,79,1,1
58401,134,141,-7,7
58402,158,158,0,0
58403,59,54,5,5
58404,55,58,-3,3
58405,87,90,-3,3
58406,42,47,-5,5
58407,76,71,5,5
58408,62,58,4,4
58409,119,112,7,7
58410,103,101,2,2
58411,172,175,-3,3
58412,134,136,-2,2
58413,68,62,6,6
58414,62,52,10,10
58415,57,58,-1,1
58416,147,130,17,17
58417,93,88,5,5
58418,116,107,9,9
58419,161,160,1,1
58420,79,97,-18,18
58421,148,147,1,1
58422,118,110,8,8
58423,46,49,-3,3
58424,130,130,0,0
58425,163,149,14,14
58426,56,60,-4,4
58427,74,70,4,4
58428,66,69,-3,3
58429,84,72,12,12
58430,76,82,-6,6
58431,88,80,8,8
58432,69,67,2,2
58433,60,62,-2,2
58434,75,70,5,5
58435,164,152,12,12
58436,71,77,-6,6
58437,125,108,17,17
58438,86,83,3,3
58439,62,53,9,9
58440,82,76,6,6
58441,55,55,0,0
58442,58,69,-11,11
58443,52,66,-14,14
58444,107,104,3,3
58445,82,88,-6,6
58446,118,112,6,6
58447,104,101,3,3
58448,65,62,3,3
58449,148,148,0,0
58450,104,112,-8,8
58451,189,179,10,10
58452,126,129,-3,3
58453,92,59,33,33
58454,122,120,2,2
58455,75,76,-1,1
58456,99,94,5,5
58457,99,99,0,0
58458,154,152,2,2
58459,89,93,-4,4
58460,145,145,0,0
58461,81,73,8,8
58462,146,161,-15,15
58463,171,176,-5,5
58464,52,47,5,5
58465,81,71,10,10
58466,102,99,3,3
58467,137,151,-14,14
58468,43,40,3,3
58469,93,98,-5,5
58470,62,56,6,6
58471,110,102,8,8
58472,78,76,2,2
58473,112,117,-5,5
58474,64,66,-2,2
58475,52,50,2,2
58476,51,63,-12,12
58477,71,71,0,0
58478,62,67,-5,5
58479,54,59,-5,5
58480,81,63,18,18
58481,156,139,17,17
58482,76,83,-7,7
58483,74,59,15,15
58484,63,67,-4,4
58485,59,51,8,8
58486,45,45,0,0
58487,127,103,24,24
58488,110,98,12,12
58489,68,63,5,5
58490,89,88,1,1
58491,64,60,4,4
58492,116,127,-11,11
58493,68,81,-13,13
58494,211,214,-3,3
58495,93,80,13,13
58496,79,74,5,5
58497,84,81,3,3
58498,73,72,1,1
58499,82,69,13,13
58500,80,87,-7,7
58501,75,73,2,2
58502,83,86,-3,3
58503,123,118,5,5
58504,52,59,-7,7
58505,133,110,23,23
58506,90,85,5,5
58507,70,62,8,8
58508,74,84,-10,10
58509,84,83,1,1
58510,90,88,2,2
58511,92,95,-3,3
58512,55,54,1,1
58513,62,69,-7,7
58514,120,115,5,5
58515,84,83,1,1
58516,83,71,12,12
58517,95,110,-15,15
58518,79,71,8,8
58519,89,91,-2,2
58520,149,144,5,5
58521,81,107,-26,26
58522,91,90,1,1
58523,87,73,14,14
58524,76,73,3,3
58525,45,47,-2,2
58526,226,216,10,10
58527,125,128,-3,3
58528,148,167,-19,19
58529,60,55,5,5
58530,134,138,-4,4
58531,165,153,12,12
58532,129,117,12,12
58533,65,60,5,5
58534,89,80,9,9
58535,95,88,7,7
58536,83,84,-1,1
58537,79,73,6,6
58538,111,106,5,5
58539,83,75,8,8
58540,121,115,6,6
58541,97,98,-1,1
58542,114,111,3,3
58543,55,53,2,2
58544,118,111,7,7
58545,95,68,27,27
58546,80,85,-5,5
58547,112,113,-1,1
58548,127,116,11,11
58549,140,138,2,2
58550,100,172,-72,72
58551,50,51,-1,1
58552,130,127,3,3
58553,77,78,-1,1
58554,86,93,-7,7
58555,117,99,18,18
58556,163,161,2,2
58557,78,76,2,2
58558,118,110,8,8
58559,110,110,0,0
58560,93,85,8,8
58561,76,92,-16,16
58562,71,60,11,11
58563,85,89,-4,4
58564,39,40,-1,1
58565,77,83,-6,6
58566,57,56,1,1
58567,68,72,-4,4
58568,74,67,7,7
58569,80,72,8,8
58570,86,92,-6,6
58571,55,57,-2,2
58572,129,110,19,19
58573,181,186,-5,5
58574,71,65,6,6
58575,106,125,-19,19
58576,43,51,-8,8
58577,157,159,-2,2
58578,68,74,-6,6
58579,134,134,0,0
58580,137,140,-3,3
58581,71,70,1,1
58582,48,48,0,0
58583,45,47,-2,2
58584,75,70,5,5
58585,67,81,-14,14
58586,108,101,7,7
58587,81,77,4,4
58588,94,91,3,3
58589,229,229,0,0
58590,58,62,-4,4
58591,75,77,-2,2
58592,97,111,-14,14
58593,142,140,2,2
58594,196,165,31,31
58595,78,76,2,2
58596,101,109,-8,8
58597,100,91,9,9
58598,82,62,20,20
58599,100,100,0,0
58600,81,81,0,0
58601,81,86,-5,5
58602,106,96,10,10
58603,74,69,5,5
58604,77,84,-7,7
58605,124,119,5,5
58606,35,40,-5,5
58607,76,84,-8,8
58608,106,100,6,6
58609,83,85,-2,2
58610,82,80,2,2
58611,77,79,-2,2
58612,113,109,4,4
58613,86,76,10,10
58614,115,117,-2,2
58615,98,99,-1,1
58616,69,79,-10,10
58617,90,101,-11,11
58618,99,93,6,6
58619,59,62,-3,3
58620,109,100,9,9
58621,72,72,0,0
58622,130,127,3,3
58623,118,124,-6,6
58624,113,110,3,3
58625,98,95,3,3
58626,102,97,5,5
58627,142,133,9,9
58628,95,105,-10,10
58629,89,90,-1,1
58630,45,65,-20,20
58631,35,28,7,7
58632,54,49,5,5
58633,102,88,14,14
58634,27,22,5,5
58635,66,57,9,9
58636,35,45,-10,10
58637,115,105,10,10
58638,148,144,4,4
58639,98,92,6,6
58640,115,127,-12,12
58641,79,89,-10,10
58642,84,83,1,1
58643,147,145,2,2
58644,79,68,11,11
58645,62,60,2,2
58646,95,88,7,7
58647,71,66,5,5
58648,66,67,-1,1
58649,84,83,1,1
58650,142,136,6,6
58651,142,128,14,14
58652,91,105,-14,14
58653,102,101,1,1
58654,105,141,-36,36
58655,66,56,10,10
58656,83,88,-5,5
58657,63,61,2,2
58658,66,67,-1,1
58659,109,125,-16,16
58660,71,79,-8,8
58661,92,100,-8,8
58662,139,146,-7,7
58663,117,115,2,2
58664,120,121,-1,1
58665,94,112,-18,18
58666,99,95,4,4
58667,58,58,0,0
58668,129,115,14,14
58669,66,76,-10,10
58670,126,94,32,32
58671,111,122,-11,11
58672,54,52,2,2
58673,153,132,21,21
58674,82,79,3,3
58675,56,52,4,4
58676,59,59,0,0
58677,146,135,11,11
58678,64,64,0,0
58679,56,58,-2,2
58680,60,63,-3,3
58681,21,54,-33,33
58682,132,136,-4,4
58683,85,86,-1,1
58684,113,106,7,7
58685,81,76,5,5
58686,110,107,3,3
58687,98,90,8,8
58688,86,82,4,4
58689,102,99,3,3
58690,129,144,-15,15
58691,89,84,5,5
58692,121,126,-5,5
58693,104,99,5,5
58694,63,80,-17,17
58695,138,128,10,10
58696,119,135,-16,16
58697,92,93,-1,1
58698,113,108,5,5
58699,97,100,-3,3
58700,162,148,14,14
58701,41,46,-5,5
58702,112,111,1,1
58703,124,115,9,9
58704,76,70,6,6
58705,116,121,-5,5
58706,86,81,5,5
58707,69,63,6,6
58708,99,102,-3,3
58709,65,69,-4,4
58710,70,79,-9,9
58711,111,90,21,21
58712,79,75,4,4
58713,92,88,4,4
58714,92,81,11,11
58715,126,123,3,3
58716,109,92,17,17
58717,65,68,-3,3
58718,79,75,4,4
58719,160,155,5,5
58720,75,71,4,4
58721,95,93,2,2
58722,97,96,1,1
58723,102,76,26,26
58724,75,73,2,2
58725,119,124,-5,5
58726,31,34,-3,3
58727,137,128,9,9
58728,99,98,1,1
58729,135,127,8,8
58730,143,144,-1,1
58731,128,125,3,3
58732,135,132,3,3
58733,56,55,1,1
58734,79,69,10,10
58735,157,147,10,10
58736,103,100,3,3
58737,147,141,6,6
58738,78,73,5,5
58739,124,117,7,7
58740,57,61,-4,4
58741,63,73,-10,10
58742,79,78,1,1
58743,87,91,-4,4
58744,105,93,12,12
58745,119,108,11,11
58746,41,40,1,1
58747,62,64,-2,2
58748,148,153,-5,5
58749,113,112,1,1
58750,236,222,14,14
58751,49,53,-4,4
58752,78,83,-5,5
58753,105,105,0,0
58754,136,130,6,6
58755,93,95,-2,2
58756,55,54,1,1
58757,87,81,6,6
58758,67,73,-6,6
58759,113,105,8,8
58760,52,53,-1,1
58761,102,137,-35,35
58762,149,116,33,33
58763,65,72,-7,7
58764,106,101,5,5
58765,88,84,4,4
58766,175,162,13,13
58767,116,124,-8,8
58768,128,128,0,0
58769,86,82,4,4
58770,154,119,35,35
58771,93,91,2,2
58772,65,89,-24,24
58773,119,116,3,3
58774,81,83,-2,2
58775,93,85,8,8
58776,77,79,-2,2
58777,144,122,22,22
58778,105,110,-5,5
58779,111,92,19,19
58780,143,132,11,11
58781,96,92,4,4
58782,86,97,-11,11
58783,78,72,6,6
58784,136,129,7,7
58785,82,79,3,3
58786,91,94,-3,3
58787,83,88,-5,5
58788,106,107,-1,1
58789,94,96,-2,2
58790,99,101,-2,2
58791,78,69,9,9
58792,154,148,6,6
58793,77,62,15,15
58794,184,176,8,8
58795,192,182,10,10
58796,77,75,2,2
58797,105,114,-9,9
58798,62,70,-8,8
58799,103,99,4,4
58800,59,52,7,7
58801,77,58,19,19
58802,155,158,-3,3
58803,90,83,7,7
58804,98,107,-9,9
58805,93,87,6,6
58806,132,139,-7,7
58807,115,111,4,4
58808,67,64,3,3
58809,198,201,-3,3
58810,90,82,8,8
58811,114,109,5,5
58812,108,112,-4,4
58813,77,82,-5,5
58814,114,127,-13,13
58815,126,138,-12,12
58816,86,80,6,6
58817,67,66,1,1
58818,108,106,2,2
58819,92,91,1,1
58820,123,125,-2,2
58821,96,101,-5,5
58822,64,64,0,0
58823,166,162,4,4
58824,218,213,5,5
58825,89,92,-3,3
58826,76,74,2,2
58827,69,66,3,3
58828,122,120,2,2
58829,115,112,3,3
58830,87,118,-31,31
58831,119,116,3,3
58832,95,88,7,7
58833,82,87,-5,5
58834,57,55,2,2
58835,100,103,-3,3
58836,86,78,8,8
58837,101,92,9,9
58838,65,52,13,13
58839,106,103,3,3
58840,75,73,2,2
58841,142,127,15,15
58842,81,74,7,7
58843,77,77,0,0
58844,59,54,5,5
58845,130,115,15,15
58846,100,92,8,8
58847,92,97,-5,5
58848,55,44,11,11
58849,101,128,-27,27
58850,66,65,1,1
58851,108,96,12,12
58852,83,85,-2,2
58853,69,63,6,6
58854,140,136,4,4
58855,87,83,4,4
58856,96,98,-2,2
58857,167,139,28,28
58858,72,67,5,5
58859,88,82,6,6
58860,124,111,13,13
58861,91,83,8,8
58862,51,53,-2,2
58863,87,71,16,16
58864,92,93,-1,1
58865,58,61,-3,3
58866,45,47,-2,2
58867,95,88,7,7
58868,134,120,14,14
58869,91,80,11,11
58870,121,114,7,7
58871,51,50,1,1
58872,58,59,-1,1
58873,48,57,-9,9
58874,75,77,-2,2
58875,46,45,1,1
58876,56,57,-1,1
58877,87,78,9,9
58878,47,62,-15,15
58879,88,93,-5,5
58880,112,108,4,4
58881,56,59,-3,3
58882,104,112,-8,8
58883,61,54,7,7
58884,96,97,-1,1
58885,113,107,6,6
58886,66,53,13,13
58887,153,157,-4,4
58888,115,119,-4,4
58889,100,96,4,4
58890,73,63,10,10
58891,89,70,19,19
58892,101,114,-13,13
58893,82,88,-6,6
58894,89,98,-9,9
58895,94,98,-4,4
58896,93,80,13,13
58897,113,115,-2,2
58898,129,130,-1,1
58899,68,62,6,6
58900,68,60,8,8
58901,94,89,5,5
58902,157,152,5,5
58903,99,94,5,5
58904,54,64,-10,10
58905,123,118,5,5
58906,94,79,15,15
58907,183,186,-3,3
58908,74,66,8,8
58909,59,53,6,6
58910,173,158,15,15
58911,122,114,8,8
58912,75,70,5,5
58913,77,75,2,2
58914,63,61,2,2
58915,90,97,-7,7
58916,56,62,-6,6
58917,82,83,-1,1
58918,86,101,-15,15
58919,149,147,2,2
58920,108,105,3,3
58921,73,70,3,3
58922,67,69,-2,2
58923,93,90,3,3
58924,55,47,8,8
58925,108,108,0,0
58926,118,133,-15,15
58927,30,45,-15,15
58928,70,55,15,15
58929,94,95,-1,1
58930,84,84,0,0
58931,77,69,8,8
58932,64,54,10,10
58933,103,99,4,4
58934,93,116,-23,23
58935,91,86,5,5
58936,65,62,3,3
58937,108,98,10,10
58938,117,106,11,11
58939,45,50,-5,5
58940,113,120,-7,7
58941,70,59,11,11
58942,75,94,-19,19
58943,79,87,-8,8
58944,59,54,5,5
58945,59,61,-2,2
58946,42,61,-19,19
58947,96,101,-5,5
58948,109,107,2,2
58949,95,99,-4,4
58950,126,120,6,6
58951,89,91,-2,2
58952,99,98,1,1
58953,145,143,2,2
58954,108,91,17,17
58955,84,82,2,2
58956,82,83,-1,1
58957,171,167,4,4
58958,103,96,7,7
58959,118,105,13,13
58960,180,164,16,16
58961,61,61,0,0
58962,163,150,13,13
58963,135,151,-16,16
58964,152,145,7,7
58965,109,91,18,18
58966,61,65,-4,4
58967,108,107,1,1
58968,181,187,-6,6
58969,104,110,-6,6
58970,105,102,3,3
58971,68,70,-2,2
58972,116,146,-30,30
58973,144,144,0,0
58974,85,88,-3,3
58975,141,155,-14,14
58976,152,158,-6,6
58977,114,114,0,0
58978,143,125,18,18
58979,155,159,-4,4
58980,191,178,13,13
58981,102,95,7,7
58982,77,75,2,2
58983,97,100,-3,3
58984,85,92,-7,7
58985,82,78,4,4
58986,83,70,13,13
58987,64,66,-2,2
58988,135,131,4,4
58989,86,72,14,14
58990,59,50,9,9
58991,71,56,15,15
58992,65,48,17,17
58993,134,131,3,3
58994,85,89,-4,4
58995,159,154,5,5
58996,145,154,-9,9
58997,66,65,1,1
58998,71,67,4,4
58999,154,131,23,23
59000,159,169,-10,10
59001,50,56,-6,6
59002,95,95,0,0
59003,81,81,0,0
59004,128,112,16,16
59005,79,74,5,5
59006,93,95,-2,2
59007,156,159,-3,3
59008,107,80,27,27
59009,48,52,-4,4
59010,49,52,-3,3
59011,52,134,-82,82
59012,43,45,-2,2
59013,166,160,6,6
59014,59,70,-11,11
59015,97,87,10,10
59016,143,155,-12,12
59017,107,116,-9,9
59018,122,121,1,1
59019,77,72,5,5
59020,77,79,-2,2
59021,52,47,5,5
59022,70,64,6,6
59023,93,88,5,5
59024,93,106,-13,13
59025,110,118,-8,8
59026,53,53,0,0
59027,67,59,8,8
59028,185,176,9,9
59029,90,71,19,19
59030,107,99,8,8
59031,148,156,-8,8
59032,119,118,1,1
59033,95,104,-9,9
59034,112,91,21,21
59035,171,184,-13,13
59036,110,103,7,7
59037,76,72,4,4
59038,99,91,8,8
59039,94,101,-7,7
59040,107,115,-8,8
59041,73,69,4,4
59042,133,116,17,17
59043,70,76,-6,6
59044,80,70,10,10
59045,149,145,4,4
59046,78,64,14,14
59047,95,94,1,1
59048,79,90,-11,11
59049,42,51,-9,9
59050,73,76,-3,3
59051,346,259,87,87
59052,70,52,18,18
59053,75,74,1,1
59054,144,152,-8,8
59055,63,61,2,2
59056,80,76,4,4
59057,124,118,6,6
59058,69,64,5,5
59059,99,95,4,4
59060,140,112,28,28
59061,117,114,3,3
59062,58,93,-35,35
59063,84,81,3,3
59064,47,47,0,0
59065,86,77,9,9
59066,52,56,-4,4
59067,77,79,-2,2
59068,69,60,9,9
59069,107,101,6,6
59070,118,105,13,13
59071,81,86,-5,5
59072,109,99,10,10
59073,97,100,-3,3
59074,85,78,7,7
59075,81,76,5,5
59076,65,59,6,6
59077,101,115,-14,14
59078,90,88,2,2
59079,68,71,-3,3
59080,59,48,11,11
59081,97,102,-5,5
59082,104,103,1,1
59083,52,53,-1,1
59084,58,63,-5,5
59085,64,58,6,6
59086,92,88,4,4
59087,179,162,17,17
59088,112,105,7,7
59089,100,118,-18,18
59090,60,59,1,1
59091,102,108,-6,6
59092,111,104,7,7
59093,100,90,10,10
59094,80,78,2,2
59095,89,83,6,6
59096,124,130,-6,6
59097,70,69,1,1
59098,85,92,-7,7
59099,79,80,-1,1
59100,74,75,-1,1
59101,66,51,15,15
59102,75,75,0,0
59103,83,79,4,4
59104,65,70,-5,5
59105,119,120,-1,1
59106,102,94,8,8
59107,81,83,-2,2
59108,77,79,-2,2
59109,81,76,5,5
59110,94,97,-3,3
59111,103,102,1,1
59112,104,101,3,3
59113,118,109,9,9
59114,90,85,5,5
59115,71,67,4,4
59116,114,102,12,12
59117,120,95,25,25
59118,85,78,7,7
59119,79,80,-1,1
59120,49,71,-22,22
59121,74,67,7,7
59122,99,100,-1,1
59123,106,114,-8,8
59124,89,87,2,2
59125,21,49,-28,28
59126,114,113,1,1
59127,90,89,1,1
59128,129,123,6,6
59129,64,62,2,2
59130,44,49,-5,5
59131,150,138,12,12
59132,136,140,-4,4
59133,119,125,-6,6
59134,68,73,-5,5
59135,87,84,3,3
59136,66,72,-6,6
59137,103,102,1,1
59138,117,115,2,2
59139,111,86,25,25
59140,112,86,26,26
59141,101,82,19,19
59142,143,147,-4,4
59143,81,80,1,1
59144,180,164,16,16
59145,61,57,4,4
59146,131,128,3,3
59147,70,71,-1,1
59148,107,108,-1,1
59149,135,126,9,9
59150,92,84,8,8
59151,81,80,1,1
59152,108,107,1,1
59153,90,87,3,3
59154,86,79,7,7
59155,127,119,8,8
59156,47,56,-9,9
59157,130,128,2,2
59158,84,97,-13,13
59159,79,79,0,0
59160,91,88,3,3
59161,120,94,26,26
59162,80,72,8,8
59163,59,68,-9,9
59164,81,89,-8,8
59165,143,146,-3,3
59166,117,96,21,21
59167,143,134,9,9
59168,154,139,15,15
59169,57,60,-3,3
59170,69,62,7,7
59171,44,47,-3,3
59172,84,84,0,0
59173,96,88,8,8
59174,80,74,6,6
59175,61,78,-17,17
59176,64,74,-10,10
59177,67,72,-5,5
59178,108,100,8,8
59179,87,82,5,5
59180,87,97,-10,10
59181,112,88,24,24
59182,147,144,3,3
59183,143,138,5,5
59184,124,123,1,1
59185,160,152,8,8
59186,109,111,-2,2
59187,71,62,9,9
59188,138,130,8,8
59189,76,69,7,7
59190,96,86,10,10
59191,94,89,5,5
59192,44,40,4,4
59193,83,84,-1,1
59194,49,55,-6,6
59195,75,82,-7,7
59196,104,106,-2,2
59197,75,71,4,4
59198,93,91,2,2
59199,96,106,-10,10
59200,81,81,0,0
59201,80,81,-1,1
59202,97,73,24,24
59203,65,64,1,1
59204,46,49,-3,3
59205,79,76,3,3
59206,88,97,-9,9
59207,62,66,-4,4
59208,84,72,12,12
59209,70,70,0,0
59210,129,130,-1,1
59211,104,83,21,21
59212,116,121,-5,5
59213,126,122,4,4
59214,95,98,-3,3
59215,66,63,3,3
59216,81,77,4,4
59217,133,114,19,19
59218,95,91,4,4
59219,151,138,13,13
59220,88,88,0,0
59221,110,115,-5,5
59222,69,59,10,10
59223,106,95,11,11
59224,64,72,-8,8
59225,126,112,14,14
59226,41,46,-5,5
59227,97,94,3,3
59228,46,63,-17,17
59229,52,60,-8,8
59230,66,54,12,12
59231,81,72,9,9
59232,81,79,2,2
59233,85,74,11,11
59234,35,46,-11,11
59235,118,108,10,10
59236,94,96,-2,2
59237,92,84,8,8
59238,55,54,1,1
59239,99,94,5,5
59240,68,71,-3,3
59241,56,64,-8,8
59242,97,103,-6,6
59243,110,119,-9,9
59244,152,142,10,10
59245,40,47,-7,7
59246,52,57,-5,5
59247,169,180,-11,11
59248,160,146,14,14
59249,78,74,4,4
59250,77,86,-9,9
59251,40,45,-5,5
59252,93,118,-25,25
59253,115,111,4,4
59254,108,112,-4,4
59255,69,73,-4,4
59256,126,152,-26,26
59257,133,151,-18,18
59258,116,114,2,2
59259,76,89,-13,13
59260,42,50,-8,8
59261,74,76,-2,2
59262,145,129,16,16
59263,72,63,9,9
59264,103,104,-1,1
59265,67,62,5,5
59266,139,124,15,15
59267,93,95,-2,2
59268,112,100,12,12
59269,176,169,7,7
59270,70,68,2,2
59271,158,144,14,14
59272,71,67,4,4
59273,47,44,3,3
59274,93,85,8,8
59275,57,63,-6,6
59276,75,67,8,8
59277,62,67,-5,5
59278,104,110,-6,6
59279,143,139,4,4
59280,83,73,10,10
59281,75,70,5,5
59282,92,88,4,4
59283,60,61,-1,1
59284,117,119,-2,2
59285,64,67,-3,3
59286,61,58,3,3
59287,87,75,12,12
59288,175,183,-8,8
59289,58,76,-18,18
59290,77,67,10,10
59291,96,74,22,22
59292,120,107,13,13
59293,176,170,6,6
59294,132,129,3,3
59295,67,64,3,3
59296,73,75,-2,2
59297,120,147,-27,27
59298,71,74,-3,3
59299,63,51,12,12
59300,74,63,11,11
59301,35,61,-26,26
59302,129,117,12,12
59303,132,145,-13,13
59304,75,76,-1,1
59305,122,117,5,5
59306,89,79,10,10
59307,90,80,10,10
59308,71,72,-1,1
59309,92,80,12,12
59310,184,175,9,9
59311,59,80,-21,21
59312,90,88,2,2
59313,100,97,3,3
59314,83,82,1,1
59315,83,81,2,2
59316,78,79,-1,1
59317,106,108,-2,2
59318,107,117,-10,10
59319,45,46,-1,1
59320,82,82,0,0
59321,85,92,-7,7
59322,109,89,20,20
59323,70,69,1,1
59324,70,72,-2,2
59325,109,111,-2,2
59326,62,57,5,5
59327,63,67,-4,4
59328,67,70,-3,3
59329,38,38,0,0
59330,45,49,-4,4
59331,111,96,15,15
59332,99,107,-8,8
59333,52,57,-5,5
59334,93,93,0,0
59335,103,120,-17,17
59336,86,82,4,4
59337,69,57,12,12
59338,52,82,-30,30
59339,215,175,40,40
59340,90,87,3,3
59341,54,54,0,0
59342,110,102,8,8
59343,97,87,10,10
59344,150,101,49,49
59345,142,132,10,10
59346,57,65,-8,8
59347,116,111,5,5
59348,177,164,13,13
59349,109,104,5,5
59350,78,77,1,1
59351,79,87,-8,8
59352,51,52,-1,1
59353,80,85,-5,5
59354,99,109,-10,10
59355,49,52,-3,3
59356,153,164,-11,11
59357,174,175,-1,1
59358,100,95,5,5
59359,147,132,15,15
59360,75,95,-20,20
59361,138,132,6,6
59362,78,76,2,2
59363,77,79,-2,2
59364,93,83,10,10
59365,148,140,8,8
59366,176,157,19,19
59367,74,70,4,4
59368,178,184,-6,6
59369,107,110,-3,3
59370,103,96,7,7
59371,125,126,-1,1
59372,119,109,10,10
59373,98,97,1,1
59374,69,61,8,8
59375,72,63,9,9
59376,81,95,-14,14
59377,54,53,1,1
59378,110,107,3,3
59379,84,86,-2,2
59380,148,146,2,2
59381,61,54,7,7
59382,94,104,-10,10
59383,79,87,-8,8
59384,77,69,8,8
59385,83,78,5,5
59386,102,90,12,12
59387,99,93,6,6
59388,104,101,3,3
59389,128,136,-8,8
59390,73,73,0,0
59391,85,81,4,4
59392,123,136,-13,13
59393,87,90,-3,3
59394,135,112,23,23
59395,71,69,2,2
59396,81,97,-16,16
59397,64,59,5,5
59398,71,63,8,8
59399,105,101,4,4
59400,59,57,2,2
59401,140,128,12,12
59402,161,158,3,3
59403,100,90,10,10
59404,89,100,-11,11
59405,64,74,-10,10
59406,154,149,5,5
59407,167,138,29,29
59408,178,164,14,14
59409,88,72,16,16
59410,79,98,-19,19
59411,72,75,-3,3
59412,85,77,8,8
59413,92,90,2,2
59414,71,83,-12,12
59415,60,56,4,4
59416,66,57,9,9
59417,95,83,12,12
59418,82,73,9,9
59419,82,86,-4,4
59420,91,79,12,12
59421,121,111,10,10
59422,78,79,-1,1
59423,148,141,7,7
59424,95,91,4,4
59425,138,150,-12,12
59426,61,57,4,4
59427,66,63,3,3
59428,83,80,3,3
59429,61,59,2,2
59430,60,61,-1,1
59431,56,57,-1,1
59432,127,121,6,6
59433,62,61,1,1
59434,133,138,-5,5
59435,79,69,10,10
59436,123,105,18,18
59437,53,53,0,0
59438,79,86,-7,7
59439,126,111,15,15
59440,117,139,-22,22
59441,136,135,1,1
59442,81,110,-29,29
59443,105,130,-25,25
59444,118,119,-1,1
59445,66,63,3,3
59446,59,59,0,0
59447,129,128,1,1
59448,93,98,-5,5
59449,87,90,-3,3
59450,45,43,2,2
59451,64,64,0,0
59452,121,112,9,9
59453,168,154,14,14
59454,81,64,17,17
59455,99,95,4,4
59456,117,104,13,13
59457,95,79,16,16
59458,66,68,-2,2
59459,122,115,7,7
59460,112,124,-12,12
59461,71,78,-7,7
59462,172,175,-3,3
59463,108,97,11,11
59464,85,78,7,7
59465,130,127,3,3
59466,64,58,6,6
59467,74,75,-1,1
59468,63,68,-5,5
59469,145,144,1,1
59470,95,93,2,2
59471,138,137,1,1
59472,105,91,14,14
59473,51,58,-7,7
59474,109,112,-3,3
59475,91,99,-8,8
59476,70,71,-1,1
59477,129,130,-1,1
59478,106,90,16,16
59479,82,77,5,5
59480,54,50,4,4
59481,151,162,-11,11
59482,120,111,9,9
59483,151,145,6,6
59484,96,103,-7,7
59485,62,62,0,0
59486,165,154,11,11
59487,138,127,11,11
59488,128,134,-6,6
59489,80,65,15,15
59490,94,88,6,6
59491,86,83,3,3
59492,130,133,-3,3
59493,154,144,10,10
59494,81,79,2,2
59495,152,148,4,4
59496,52,63,-11,11
59497,65,64,1,1
59498,109,94,15,15
59499,72,65,7,7
59500,103,93,10,10
59501,112,106,6,6
59502,65,73,-8,8
59503,77,82,-5,5
59504,189,186,3,3
59505,178,167,11,11
59506,48,51,-3,3
59507,145,139,6,6
59508,47,66,-19,19
59509,146,142,4,4
59510,118,122,-4,4
59511,78,77,1,1
59512,93,107,-14,14
59513,72,67,5,5
59514,86,83,3,3
59515,118,120,-2,2
59516,87,80,7,7
59517,42,55,-13,13
59518,87,97,-10,10
59519,87,89,-2,2
59520,159,154,5,5
59521,96,94,2,2
59522,50,58,-8,8
59523,76,89,-13,13
59524,111,123,-12,12
59525,140,136,4,4
59526,133,120,13,13
59527,89,92,-3,3
59528,94,96,-2,2
59529,60,54,6,6
59530,67,71,-4,4
59531,166,147,19,19
59532,74,70,4,4
59533,88,87,1,1
59534,113,111,2,2
59535,114,109,5,5
59536,98,85,13,13
59537,52,60,-8,8
59538,109,106,3,3
59539,51,46,5,5
59540,92,82,10,10
59541,79,84,-5,5
59542,65,66,-1,1
59543,80,83,-3,3
59544,130,116,14,14
59545,90,108,-18,18
59546,108,90,18,18
59547,84,90,-6,6
59548,160,160,0,0
59549,53,54,-1,1
59550,62,69,-7,7
59551,65,76,-11,11
59552,65,64,1,1
59553,61,73,-12,12
59554,35,44,-9,9
59555,113,107,6,6
59556,69,74,-5,5
59557,56,56,0,0
59558,103,117,-14,14
59559,76,77,-1,1
59560,106,116,-10,10
59561,157,151,6,6
59562,150,147,3,3
59563,79,76,3,3
59564,94,91,3,3
59565,59,60,-1,1
59566,135,157,-22,22
59567,91,88,3,3
59568,129,123,6,6
59569,80,90,-10,10
59570,58,47,11,11
59571,96,79,17,17
59572,160,161,-1,1
59573,80,78,2,2
59574,55,61,-6,6
59575,101,97,4,4
59576,85,85,0,0
59577,68,65,3,3
59578,95,116,-21,21
59579,110,99,11,11
59580,75,66,9,9
59581,73,75,-2,2
59582,90,82,8,8
59583,78,82,-4,4
59584,148,136,12,12
59585,94,88,6,6
59586,64,57,7,7
59587,186,170,16,16
59588,40,54,-14,14
59589,74,75,-1,1
59590,140,128,12,12
59591,103,100,3,3
59592,179,147,32,32
59593,209,175,34,34
59594,114,117,-3,3
59595,44,48,-4,4
59596,84,75,9,9
59597,55,53,2,2
59598,150,148,2,2
59599,64,62,2,2
59600,61,64,-3,3
59601,89,84,5,5
59602,129,121,8,8
59603,61,55,6,6
59604,125,96,29,29
59605,129,116,13,13
59606,94,90,4,4
59607,86,80,6,6
59608,124,132,-8,8
59609,45,54,-9,9
59610,131,120,11,11
59611,89,84,5,5
59612,140,148,-8,8
59613,85,90,-5,5
59614,178,180,-2,2
59615,120,114,6,6
59616,135,123,12,12
59617,72,60,12,12
59618,45,38,7,7
59619,63,65,-2,2
59620,62,69,-7,7
59621,87,83,4,4
59622,165,172,-7,7
59623,107,126,-19,19
59624,69,76,-7,7
59625,94,89,5,5
59626,58,52,6,6
59627,105,101,4,4
59628,115,114,1,1
59629,92,82,10,10
59630,80,75,5,5
59631,154,169,-15,15
59632,61,44,17,17
59633,115,103,12,12
59634,52,45,7,7
59635,69,70,-1,1
59636,58,63,-5,5
59637,92,94,-2,2
59638,56,58,-2,2
59639,94,101,-7,7
59640,70,73,-3,3
59641,126,105,21,21
59642,77,77,0,0
59643,77,70,7,7
59644,160,167,-7,7
59645,69,68,1,1
59646,73,72,1,1
59647,72,73,-1,1
59648,72,67,5,5
59649,124,97,27,27
59650,78,74,4,4
59651,81,76,5,5
59652,156,151,5,5
59653,67,69,-2,2
59654,118,118,0,0
59655,79,73,6,6
59656,81,77,4,4
59657,87,78,9,9
59658,57,67,-10,10
59659,70,196,-126,126
59660,147,111,36,36
59661,141,138,3,3
59662,42,64,-22,22
59663,89,93,-4,4
59664,94,93,1,1
59665,103,101,2,2
59666,100,100,0,0
59667,56,68,-12,12
59668,85,84,1,1
59669,77,69,8,8
59670,89,83,6,6
59671,125,142,-17,17
59672,41,53,-12,12
59673,135,122,13,13
59674,70,79,-9,9
59675,51,46,5,5
59676,86,102,-16,16
59677,100,98,2,2
59678,103,109,-6,6
59679,62,61,1,1
59680,153,134,19,19
59681,173,169,4,4
59682,137,145,-8,8
59683,107,86,21,21
59684,161,145,16,16
59685,139,133,6,6
59686,62,51,11,11
59687,71,70,1,1
59688,104,124,-20,20
59689,115,105,10,10
59690,144,144,0,0
59691,76,74,2,2
59692,168,167,1,1
59693,76,65,11,11
59694,78,83,-5,5
59695,94,113,-19,19
59696,92,109,-17,17
59697,96,86,10,10
59698,131,121,10,10
59699,93,98,-5,5
59700,93,82,11,11
59701,60,65,-5,5
59702,78,67,11,11
59703,72,83,-11,11
59704,141,103,38,38
59705,116,111,5,5
59706,83,89,-6,6
59707,78,79,-1,1
59708,79,76,3,3
59709,113,113,0,0
59710,46,49,-3,3
59711,93,98,-5,5
59712,99,83,16,16
59713,103,109,-6,6
59714,98,90,8,8
59715,113,104,9,9
59716,121,133,-12,12
59717,58,59,-1,1
59718,92,90,2,2
59719,89,94,-5,5
59720,99,100,-1,1
59721,89,87,2,2
59722,79,81,-2,2
59723,138,128,10,10
59724,79,75,4,4
59725,73,74,-1,1
59726,88,82,6,6
59727,73,79,-6,6
59728,95,95,0,0
59729,104,108,-4,4
59730,77,69,8,8
59731,54,56,-2,2
59732,128,127,1,1
59733,88,89,-1,1
59734,89,86,3,3
59735,100,106,-6,6
59736,132,136,-4,4
59737,73,83,-10,10
59738,69,68,1,1
59739,88,74,14,14
59740,127,124,3,3
59741,135,143,-8,8
59742,71,69,2,2
59743,133,130,3,3
59744,98,93,5,5
59745,96,80,16,16
59746,121,113,8,8
59747,110,100,10,10
59748,63,63,0,0
59749,149,145,4,4
59750,75,89,-14,14
59751,61,67,-6,6
59752,203,177,26,26
59753,106,105,1,1
59754,90,91,-1,1
59755,111,91,20,20
59756,98,88,10,10
59757,70,86,-16,16
59758,77,68,9,9
59759,65,80,-15,15
59760,110,98,12,12
59761,82,90,-8,8
59762,135,132,3,3
59763,133,133,0,0
59764,93,85,8,8
59765,96,104,-8,8
59766,83,84,-1,1
59767,83,79,4,4
59768,114,104,10,10
59769,169,178,-9,9
59770,83,60,23,23
59771,87,84,3,3
59772,80,99,-19,19
59773,64,65,-1,1
59774,185,176,9,9
59775,110,95,15,15
59776,109,98,11,11
59777,52,55,-3,3
59778,103,99,4,4
59779,34,42,-8,8
59780,69,109,-40,40
59781,154,156,-2,2
59782,149,141,8,8
59783,81,82,-1,1
59784,81,81,0,0
59785,68,66,2,2
59786,93,87,6,6
59787,57,63,-6,6
59788,129,130,-1,1
59789,98,100,-2,2
59790,117,126,-9,9
59791,76,78,-2,2
59792,36,41,-5,5
59793,130,122,8,8
59794,81,79,2,2
59795,72,81,-9,9
59796,76,74,2,2
59797,63,65,-2,2
59798,97,93,4,4
59799,61,60,1,1
59800,85,86,-1,1
59801,110,125,-15,15
59802,85,81,4,4
59803,77,85,-8,8
59804,127,117,10,10
59805,49,43,6,6
59806,85,85,0,0
59807,83,91,-8,8
59808,132,143,-11,11
59809,136,141,-5,5
59810,73,65,8,8
59811,71,70,1,1
59812,79,78,1,1
59813,88,98,-10,10
59814,70,137,-67,67
59815,75,66,9,9
59816,46,38,8,8
59817,101,91,10,10
59818,128,137,-9,9
59819,92,87,5,5
59820,149,122,27,27
59821,122,79,43,43
59822,79,99,-20,20
59823,48,60,-12,12
59824,101,103,-2,2
59825,94,91,3,3
59826,125,130,-5,5
59827,91,103,-12,12
59828,78,79,-1,1
59829,121,115,6,6
59830,166,157,9,9
59831,96,93,3,3
59832,124,147,-23,23
59833,159,157,2,2
59834,66,62,4,4
59835,82,78,4,4
59836,75,72,3,3
59837,59,58,1,1
59838,85,78,7,7
59839,99,84,15,15
59840,148,138,10,10
59841,109,94,15,15
59842,81,79,2,2
59843,99,90,9,9
59844,47,38,9,9
59845,78,79,-1,1
59846,85,80,5,5
59847,76,81,-5,5
59848,54,53,1,1
59849,106,104,2,2
59850,83,73,10,10
59851,66,67,-1,1
59852,47,52,-5,5
59853,60,67,-7,7
59854,109,111,-2,2
59855,122,119,3,3
59856,92,88,4,4
59857,102,92,10,10
59858,130,127,3,3
59859,104,98,6,6
59860,106,91,15,15
59861,74,75,-1,1
59862,149,148,1,1
59863,46,60,-14,14
59864,55,51,4,4
59865,81,68,13,13
59866,86,90,-4,4
59867,159,152,7,7
59868,49,56,-7,7
59869,76,76,0,0
59870,109,110,-1,1
59871,88,74,14,14
59872,66,71,-5,5
59873,95,95,0,0
59874,123,117,6,6
59875,49,50,-1,1
59876,60,50,10,10
59877,140,141,-1,1
59878,72,59,13,13
59879,103,106,-3,3
59880,88,99,-11,11
59881,94,89,5,5
59882,97,95,2,2
59883,112,116,-4,4
59884,37,57,-20,20
59885,70,71,-1,1
59886,217,188,29,29
59887,159,143,16,16
59888,86,81,5,5
59889,116,107,9,9
59890,76,70,6,6
59891,159,144,15,15
59892,102,101,1,1
59893,72,73,-1,1
59894,102,101,1,1
59895,94,79,15,15
59896,56,54,2,2
59897,136,142,-6,6
59898,78,72,6,6
59899,75,70,5,5
59900,138,141,-3,3
59901,79,70,9,9
59902,89,93,-4,4
59903,63,68,-5,5
59904,59,54,5,5
59905,127,121,6,6
59906,100,90,10,10
59907,60,59,1,1
59908,100,99,1,1
59909,108,94,14,14
59910,152,142,10,10
59911,118,118,0,0
59912,81,77,4,4
59913,49,48,1,1
59914,90,81,9,9
59915,97,91,6,6
59916,90,83,7,7
59917,138,128,10,10
59918,116,132,-16,16
59919,86,81,5,5
59920,106,92,14,14
59921,155,147,8,8
59922,100,93,7,7
59923,66,59,7,7
59924,84,78,6,6
59925,103,101,2,2
59926,56,84,-28,28
59927,100,89,11,11
59928,93,87,6,6
59929,135,136,-1,1
59930,32,43,-11,11
59931,93,105,-12,12
59932,107,119,-12,12
59933,62,61,1,1
59934,59,55,4,4
59935,91,95,-4,4
59936,75,80,-5,5
59937,73,82,-9,9
59938,96,109,-13,13
59939,115,115,0,0
59940,63,64,-1,1
59941,85,103,-18,18
59942,72,80,-8,8
59943,158,177,-19,19
59944,91,74,17,17
59945,69,71,-2,2
59946,89,111,-22,22
59947,74,74,0,0
59948,104,259,-155,155
59949,49,54,-5,5
59950,99,95,4,4
59951,127,126,1,1
59952,73,76,-3,3
59953,49,60,-11,11
59954,87,85,2,2
59955,157,150,7,7
59956,80,82,-2,2
59957,144,115,29,29
59958,83,87,-4,4
59959,131,131,0,0
59960,95,102,-7,7
59961,141,140,1,1
59962,89,107,-18,18
59963,59,54,5,5
59964,86,88,-2,2
59965,118,116,2,2
59966,78,82,-4,4
59967,148,150,-2,2
59968,59,52,7,7
59969,104,108,-4,4
59970,85,78,7,7
59971,103,107,-4,4
59972,236,212,24,24
59973,66,78,-12,12
59974,50,63,-13,13
59975,77,68,9,9
59976,114,98,16,16
59977,85,78,7,7
59978,88,81,7,7
59979,74,66,8,8
59980,71,73,-2,2
59981,155,151,4,4
59982,62,67,-5,5
59983,100,97,3,3
59984,82,91,-9,9
59985,113,105,8,8
59986,104,70,34,34
59987,104,94,10,10
59988,105,127,-22,22
59989,153,140,13,13
59990,76,73,3,3
59991,85,69,16,16
59992,119,125,-6,6
59993,106,97,9,9
59994,73,76,-3,3
59995,137,125,12,12
59996,79,70,9,9
59997,186,186,0,0
59998,63,68,-5,5
59999,93,83,10,10
60000,126,138,-12,12
60001,70,65,5,5
60002,128,117,11,11
60003,61,59,2,2
60004,83,71,12,12
60005,108,90,18,18
60006,87,94,-7,7
60007,97,102,-5,5
60008,62,60,2,2
60009,129,131,-2,2
60010,124,127,-3,3
60011,63,61,2,2
60012,138,135,3,3
60013,53,48,5,5
60014,76,69,7,7
60015,138,147,-9,9
60016,123,130,-7,7
60017,57,52,5,5
60018,83,85,-2,2
60019,96,100,-4,4
60020,119,128,-9,9
60021,72,62,10,10
60022,78,64,14,14
60023,106,85,21,21
60024,83,68,15,15
60025,71,61,10,10
60026,205,186,19,19
60027,59,59,0,0
60028,57,54,3,3
60029,90,86,4,4
60030,34,61,-27,27
60031,215,182,33,33
60032,85,85,0,0
60033,158,154,4,4
60034,136,125,11,11
60035,55,51,4,4
60036,119,121,-2,2
60037,109,150,-41,41
60038,57,46,11,11
60039,92,84,8,8
60040,99,86,13,13
60041,95,92,3,3
60042,74,65,9,9
60043,84,84,0,0
60044,107,93,14,14
60045,78,76,2,2
60046,64,65,-1,1
60047,66,82,-16,16
60048,88,88,0,0
60049,135,117,18,18
60050,139,134,5,5
60051,126,160,-34,34
60052,82,81,1,1
60053,70,63,7,7
60054,81,86,-5,5
60055,60,68,-8,8
60056,56,60,-4,4
60057,131,128,3,3
60058,59,58,1,1
60059,83,71,12,12
60060,145,151,-6,6
60061,86,88,-2,2
60062,102,101,1,1
60063,77,80,-3,3
60064,136,122,14,14
60065,68,72,-4,4
60066,81,71,10,10
60067,82,71,11,11
60068,85,80,5,5
60069,121,126,-5,5
60070,69,62,7,7
60071,56,58,-2,2
60072,170,158,12,12
60073,123,128,-5,5
60074,71,68,3,3
60075,77,78,-1,1
60076,140,133,7,7
60077,141,141,0,0
60078,98,95,3,3
60079,93,85,8,8
60080,69,80,-11,11
60081,104,102,2,2
60082,53,57,-4,4
60083,75,74,1,1
60084,120,122,-2,2
60085,86,87,-1,1
60086,98,99,-1,1
60087,84,79,5,5
60088,88,74,14,14
60089,113,114,-1,1
60090,74,71,3,3
60091,91,94,-3,3
60092,149,133,16,16
60093,82,74,8,8
60094,84,76,8,8
60095,195,180,15,15
60096,117,121,-4,4
60097,120,123,-3,3
60098,180,168,12,12
60099,80,95,-15,15
60100,122,118,4,4
60101,135,130,5,5
60102,159,167,-8,8
60103,107,102,5,5
60104,76,81,-5,5
60105,85,80,5,5
60106,87,84,3,3
60107,88,81,7,7
60108,41,46,-5,5
60109,78,72,6,6
60110,61,61,0,0
60111,87,83,4,4
60112,129,114,15,15
60113,84,80,4,4
60114,142,132,10,10
60115,126,134,-8,8
60116,89,78,11,11
60117,74,61,13,13
60118,51,50,1,1
60119,141,124,17,17
60120,83,75,8,8
60121,120,158,-38,38
60122,144,142,2,2
60123,67,70,-3,3
60124,82,86,-4,4
60125,67,68,-1,1
60126,85,80,5,5
60127,62,54,8,8
60128,106,109,-3,3
60129,59,59,0,0
60130,73,73,0,0
60131,145,141,4,4
60132,65,59,6,6
60133,72,64,8,8
60134,118,107,11,11
60135,105,119,-14,14
60136,71,68,3,3
60137,96,96,0,0
60138,111,102,9,9
60139,73,84,-11,11
60140,88,79,9,9
60141,210,202,8,8
60142,104,95,9,9
60143,76,63,13,13
60144,43,48,-5,5
60145,110,92,18,18
60146,93,75,18,18
60147,114,112,2,2
60148,190,198,-8,8
60149,87,79,8,8
60150,85,79,6,6
60151,95,94,1,1
60152,97,112,-15,15
60153,58,59,-1,1
60154,126,139,-13,13
60155,145,131,14,14
60156,61,62,-1,1
60157,113,92,21,21
60158,42,38,4,4
60159,108,103,5,5
60160,93,79,14,14
60161,157,154,3,3
60162,75,74,1,1
60163,59,62,-3,3
60164,101,91,10,10
60165,83,74,9,9
60166,95,92,3,3
60167,100,96,4,4
60168,69,57,12,12
60169,108,114,-6,6
60170,79,71,8,8
60171,105,98,7,7
60172,98,115,-17,17
60173,123,129,-6,6
60174,103,98,5,5
60175,158,159,-1,1
60176,98,93,5,5
60177,128,124,4,4
60178,54,56,-2,2
60179,54,60,-6,6
60180,86,83,3,3
60181,119,126,-7,7
60182,67,63,4,4
60183,114,116,-2,2
60184,104,105,-1,1
60185,81,76,5,5
60186,84,75,9,9
60187,86,90,-4,4
60188,93,84,9,9
60189,75,60,15,15
60190,69,73,-4,4
60191,96,89,7,7
60192,117,116,1,1
60193,164,157,7,7
60194,121,117,4,4
60195,93,84,9,9
60196,91,80,11,11
60197,144,141,3,3
60198,101,102,-1,1
60199,135,112,23,23
60200,102,100,2,2
60201,83,85,-2,2
60202,88,76,12,12
60203,101,114,-13,13
60204,102,99,3,3
60205,102,107,-5,5
60206,105,97,8,8
60207,99,105,-6,6
60208,151,149,2,2
60209,67,70,-3,3
60210,164,142,22,22
60211,85,82,3,3
60212,89,90,-1,1
60213,59,61,-2,2
60214,94,86,8,8
60215,123,119,4,4
60216,79,86,-7,7
60217,74,75,-1,1
60218,176,168,8,8
60219,59,63,-4,4
60220,100,103,-3,3
60221,123,128,-5,5
60222,104,108,-4,4
60223,145,152,-7,7
60224,97,98,-1,1
60225,175,167,8,8
60226,63,57,6,6
60227,124,148,-24,24
60228,68,72,-4,4
60229,139,134,5,5
60230,78,70,8,8
60231,79,73,6,6
60232,48,59,-11,11
60233,141,145,-4,4
60234,136,127,9,9
60235,123,127,-4,4
60236,85,83,2,2
60237,128,118,10,10
60238,97,95,2,2
60239,63,57,6,6
60240,141,143,-2,2
60241,87,87,0,0
60242,93,102,-9,9
60243,54,49,5,5
60244,133,126,7,7
60245,50,54,-4,4
60246,71,70,1,1
60247,75,72,3,3
60248,165,167,-2,2
60249,64,62,2,2
60250,95,82,13,13
60251,65,57,8,8
60252,106,106,0,0
60253,91,76,15,15
60254,70,75,-5,5
60255,124,126,-2,2
60256,48,49,-1,1
60257,74,79,-5,5
60258,64,64,0,0
60259,104,99,5,5
60260,82,79,3,3
60261,82,84,-2,2
60262,147,148,-1,1
60263,123,105,18,18
60264,81,77,4,4
60265,146,156,-10,10
60266,88,85,3,3
60267,78,76,2,2
60268,118,124,-6,6
60269,160,162,-2,2
60270,176,166,10,10
60271,133,121,12,12
60272,122,122,0,0
60273,74,76,-2,2
60274,75,79,-4,4
60275,116,121,-5,5
60276,116,114,2,2
60277,126,120,6,6
60278,53,60,-7,7
60279,58,78,-20,20
60280,169,168,1,1
60281,100,116,-16,16
60282,56,64,-8,8
60283,63,68,-5,5
60284,58,52,6,6
60285,56,67,-11,11
60286,131,126,5,5
60287,74,64,10,10
60288,143,142,1,1
60289,127,116,11,11
60290,98,96,2,2
60291,60,55,5,5
60292,65,55,10,10
60293,76,66,10,10
60294,72,65,7,7
60295,83,84,-1,1
60296,41,36,5,5
60297,91,95,-4,4
60298,125,129,-4,4
60299,119,133,-14,14
60300,92,76,16,16
60301,100,108,-8,8
60302,125,126,-1,1
60303,95,96,-1,1
60304,108,92,16,16
60305,118,119,-1,1
60306,124,133,-9,9
60307,31,34,-3,3
60308,175,178,-3,3
60309,122,120,2,2
60310,117,117,0,0
60311,30,53,-23,23
60312,184,172,12,12
60313,93,84,9,9
60314,98,90,8,8
60315,82,73,9,9
60316,91,77,14,14
60317,67,69,-2,2
60318,103,79,24,24
60319,127,139,-12,12
60320,64,58,6,6
60321,70,74,-4,4
60322,68,69,-1,1
60323,87,87,0,0
60324,103,100,3,3
60325,91,96,-5,5
60326,77,68,9,9
60327,70,63,7,7
60328,90,91,-1,1
60329,64,59,5,5
60330,53,52,1,1
60331,87,77,10,10
60332,112,104,8,8
60333,91,87,4,4
60334,132,129,3,3
60335,116,113,3,3
60336,99,101,-2,2
60337,80,78,2,2
60338,125,126,-1,1
60339,83,71,12,12
60340,123,128,-5,5
60341,126,124,2,2
60342,114,119,-5,5
60343,139,130,9,9
60344,135,151,-16,16
60345,61,59,2,2
60346,70,75,-5,5
60347,112,107,5,5
60348,79,79,0,0
60349,58,63,-5,5
60350,131,138,-7,7
60351,154,146,8,8
60352,85,77,8,8
60353,116,99,17,17
60354,71,73,-2,2
60355,62,71,-9,9
60356,72,70,2,2
60357,137,143,-6,6
60358,152,154,-2,2
60359,85,81,4,4
60360,63,62,1,1
60361,67,59,8,8
60362,108,118,-10,10
60363,120,127,-7,7
60364,103,94,9,9
60365,96,99,-3,3
60366,108,106,2,2
60367,49,94,-45,45
60368,83,89,-6,6
60369,91,86,5,5
60370,112,106,6,6
60371,148,143,5,5
60372,110,119,-9,9
60373,90,89,1,1
60374,71,67,4,4
60375,95,106,-11,11
60376,78,69,9,9
60377,102,108,-6,6
60378,99,92,7,7
60379,71,68,3,3
60380,103,101,2,2
60381,75,76,-1,1
60382,128,124,4,4
60383,37,44,-7,7
60384,82,77,5,5
60385,82,89,-7,7
60386,105,106,-1,1
60387,96,95,1,1
60388,57,51,6,6
60389,135,138,-3,3
60390,87,90,-3,3
60391,75,77,-2,2
60392,75,80,-5,5
60393,127,110,17,17
60394,105,104,1,1
60395,61,59,2,2
60396,66,92,-26,26
60397,140,137,3,3
60398,129,131,-2,2
60399,150,140,10,10
60400,109,106,3,3
60401,115,123,-8,8
60402,118,112,6,6
60403,58,63,-5,5
60404,79,63,16,16
60405,28,45,-17,17
60406,173,151,22,22
60407,89,85,4,4
60408,95,90,5,5
60409,71,70,1,1
60410,87,87,0,0
60411,77,70,7,7
60412,106,103,3,3
60413,88,82,6,6
60414,74,79,-5,5
60415,66,68,-2,2
60416,64,81,-17,17
60417,115,117,-2,2
60418,59,60,-1,1
60419,142,135,7,7
60420,73,61,12,12
60421,138,126,12,12
60422,110,114,-4,4
60423,81,86,-5,5
60424,143,159,-16,16
60425,137,123,14,14
60426,177,169,8,8
60427,100,102,-2,2
60428,112,116,-4,4
60429,136,126,10,10
60430,48,46,2,2
60431,112,136,-24,24
60432,115,107,8,8
60433,134,124,10,10
60434,97,103,-6,6
60435,86,76,10,10
60436,115,99,16,16
60437,80,73,7,7
60438,157,150,7,7
60439,59,56,3,3
60440,118,118,0,0
60441,64,70,-6,6
60442,123,117,6,6
60443,70,86,-16,16
60444,60,64,-4,4
60445,76,77,-1,1
60446,161,157,4,4
60447,129,140,-11,11
60448,66,63,3,3
60449,104,96,8,8
60450,86,75,11,11
60451,53,51,2,2
60452,76,78,-2,2
60453,202,182,20,20
60454,81,74,7,7
60455,136,138,-2,2
60456,80,71,9,9
60457,54,61,-7,7
60458,71,63,8,8
60459,37,38,-1,1
60460,92,89,3,3
60461,81,72,9,9
60462,94,117,-23,23
60463,116,115,1,1
60464,89,88,1,1
60465,123,118,5,5
60466,95,91,4,4
60467,114,107,7,7
60468,134,141,-7,7
60469,153,160,-7,7
60470,82,76,6,6
60471,104,98,6,6
60472,101,92,9,9
60473,73,64,9,9
60474,121,126,-5,5
60475,147,132,15,15
60476,70,72,-2,2
60477,126,128,-2,2
60478,284,237,47,47
60479,124,138,-14,14
60480,107,102,5,5
60481,78,78,0,0
60482,116,115,1,1
60483,139,139,0,0
60484,127,119,8,8
60485,61,66,-5,5
60486,56,55,1,1
60487,105,98,7,7
60488,68,79,-11,11
60489,101,91,10,10
60490,64,69,-5,5
60491,70,66,4,4
60492,129,126,3,3
60493,86,81,5,5
60494,71,67,4,4
60495,57,156,-99,99
60496,63,78,-15,15
60497,100,87,13,13
60498,138,145,-7,7
60499,143,132,11,11
60500,123,118,5,5
60501,114,127,-13,13
60502,69,62,7,7
60503,71,67,4,4
60504,65,54,11,11
60505,94,100,-6,6
60506,73,79,-6,6
60507,77,76,1,1
60508,68,67,1,1
60509,126,144,-18,18
60510,133,119,14,14
60511,111,127,-16,16
60512,80,74,6,6
60513,74,79,-5,5
60514,91,87,4,4
60515,111,120,-9,9
60516,100,97,3,3
60517,191,171,20,20
60518,124,116,8,8
60519,55,63,-8,8
60520,113,99,14,14
60521,34,41,-7,7
60522,108,96,12,12
60523,74,68,6,6
60524,163,144,19,19
60525,135,118,17,17
60526,86,97,-11,11
60527,122,121,1,1
60528,135,130,5,5
60529,68,71,-3,3
60530,75,69,6,6
60531,127,135,-8,8
60532,65,75,-10,10
60533,83,81,2,2
60534,103,91,12,12
60535,79,72,7,7
60536,77,73,4,4
60537,116,126,-10,10
60538,123,120,3,3
60539,70,70,0,0
60540,66,63,3,3
60541,102,108,-6,6
60542,108,125,-17,17
60543,64,53,11,11
60544,116,125,-9,9
60545,154,160,-6,6
60546,78,77,1,1
60547,97,97,0,0
60548,64,71,-7,7
60549,109,103,6,6
60550,109,100,9,9
60551,110,107,3,3
60552,124,119,5,5
60553,50,42,8,8
60554,75,63,12,12
60555,112,120,-8,8
60556,72,77,-5,5
60557,113,111,2,2
60558,70,78,-8,8
60559,112,86,26,26
60560,71,69,2,2
60561,117,124,-7,7
60562,88,85,3,3
60563,88,75,13,13
60564,96,85,11,11
60565,114,115,-1,1
60566,46,52,-6,6
60567,82,90,-8,8
60568,77,73,4,4
60569,68,67,1,1
60570,79,83,-4,4
60571,78,77,1,1
60572,48,50,-2,2
60573,55,51,4,4
60574,110,109,1,1
60575,106,101,5,5
60576,88,74,14,14
60577,90,96,-6,6
60578,84,97,-13,13
60579,78,83,-5,5
60580,108,117,-9,9
60581,52,68,-16,16
60582,162,136,26,26
60583,46,48,-2,2
60584,100,104,-4,4
60585,95,85,10,10
60586,138,137,1,1
60587,53,53,0,0
60588,100,91,9,9
60589,93,90,3,3
60590,90,107,-17,17
60591,103,106,-3,3
60592,92,84,8,8
60593,52,46,6,6
60594,104,101,3,3
60595,49,57,-8,8
60596,82,76,6,6
60597,104,99,5,5
60598,167,163,4,4
60599,58,64,-6,6
60600,79,78,1,1
60601,75,67,8,8
60602,70,71,-1,1
60603,78,84,-6,6
60604,70,72,-2,2
60605,130,134,-4,4
60606,90,92,-2,2
60607,68,60,8,8
60608,97,92,5,5
60609,83,83,0,0
60610,51,52,-1,1
60611,70,70,0,0
60612,35,53,-18,18
60613,24,49,-25,25
60614,113,89,24,24
60615,133,122,11,11
60616,90,95,-5,5
60617,84,80,4,4
60618,86,83,3,3
60619,63,60,3,3
60620,51,53,-2,2
60621,153,143,10,10
60622,113,112,1,1
60623,47,51,-4,4
60624,111,100,11,11
60625,67,57,10,10
60626,51,45,6,6
60627,57,66,-9,9
60628,67,62,5,5
60629,149,144,5,5
60630,71,66,5,5
60631,100,110,-10,10
60632,94,95,-1,1
60633,61,60,1,1
60634,100,88,12,12
60635,147,142,5,5
60636,92,90,2,2
60637,79,89,-10,10
60638,95,94,1,1
60639,155,158,-3,3
60640,88,82,6,6
60641,149,178,-29,29
60642,128,125,3,3
60643,73,55,18,18
60644,124,119,5,5
60645,78,78,0,0
60646,73,78,-5,5
60647,104,102,2,2
60648,124,113,11,11
60649,65,75,-10,10
60650,98,93,5,5
60651,100,89,11,11
60652,79,67,12,12
60653,216,190,26,26
60654,77,76,1,1
60655,64,71,-7,7
60656,43,40,3,3
60657,124,110,14,14
60658,87,82,5,5
60659,98,96,2,2
60660,91,83,8,8
60661,81,75,6,6
60662,109,117,-8,8
60663,61,74,-13,13
60664,86,88,-2,2
60665,126,118,8,8
60666,85,80,5,5
60667,94,112,-18,18
60668,68,62,6,6
60669,77,70,7,7
60670,72,74,-2,2
60671,107,112,-5,5
60672,83,82,1,1
60673,116,113,3,3
60674,59,56,3,3
60675,53,53,0,0
60676,137,135,2,2
60677,128,118,10,10
60678,97,90,7,7
60679,97,96,1,1
60680,75,70,5,5
60681,107,92,15,15
60682,96,89,7,7
60683,139,129,10,10
60684,62,54,8,8
60685,90,85,5,5
60686,104,104,0,0
60687,124,119,5,5
60688,107,116,-9,9
60689,124,132,-8,8
60690,105,104,1,1
60691,134,141,-7,7
60692,122,116,6,6
60693,70,72,-2,2
60694,152,154,-2,2
60695,95,91,4,4
60696,67,82,-15,15
60697,109,101,8,8
60698,170,209,-39,39
60699,80,77,3,3
60700,88,82,6,6
60701,131,99,32,32
60702,84,78,6,6
60703,97,101,-4,4
60704,149,132,17,17
60705,79,81,-2,2
60706,93,106,-13,13
60707,81,78,3,3
60708,125,121,4,4
60709,82,87,-5,5
60710,79,77,2,2
60711,65,62,3,3
60712,95,101,-6,6
60713,111,117,-6,6
60714,113,110,3,3
60715,119,125,-6,6
60716,68,70,-2,2
60717,135,111,24,24
60718,102,84,18,18
60719,96,111,-15,15
60720,107,126,-19,19
60721,86,80,6,6
60722,158,134,24,24
60723,141,131,10,10
60724,129,131,-2,2
60725,49,46,3,3
60726,149,142,7,7
60727,114,101,13,13
60728,40,50,-10,10
60729,55,60,-5,5
60730,85,76,9,9
60731,65,57,8,8
60732,97,105,-8,8
60733,148,139,9,9
60734,141,127,14,14
60735,69,67,2,2
60736,80,83,-3,3
60737,158,140,18,18
60738,75,79,-4,4
60739,88,89,-1,1
60740,110,102,8,8
60741,82,86,-4,4
60742,58,66,-8,8
60743,76,72,4,4
60744,48,51,-3,3
60745,106,92,14,14
60746,108,102,6,6
60747,191,178,13,13
60748,100,100,0,0
60749,58,66,-8,8
60750,117,114,3,3
60751,233,190,43,43
60752,78,86,-8,8
60753,83,73,10,10
60754,66,66,0,0
60755,55,51,4,4
60756,77,80,-3,3
60757,102,97,5,5
60758,62,55,7,7
60759,71,70,1,1
60760,139,136,3,3
60761,132,135,-3,3
60762,94,98,-4,4
60763,107,119,-12,12
60764,60,72,-12,12
60765,94,108,-14,14
60766,72,61,11,11
60767,86,83,3,3
60768,75,73,2,2
60769,87,80,7,7
60770,148,135,13,13
60771,120,105,15,15
60772,68,66,2,2
60773,81,69,12,12
60774,222,204,18,18
60775,68,56,12,12
60776,103,111,-8,8
60777,133,105,28,28
60778,135,112,23,23
60779,97,90,7,7
60780,56,62,-6,6
60781,73,66,7,7
60782,110,112,-2,2
60783,116,118,-2,2
60784,46,43,3,3
60785,119,111,8,8
60786,42,48,-6,6
60787,71,78,-7,7
60788,80,69,11,11
60789,87,85,2,2
60790,73,72,1,1
60791,99,95,4,4
60792,36,52,-16,16
60793,70,69,1,1
60794,55,51,4,4
60795,104,98,6,6
60796,135,133,2,2
60797,103,90,13,13
60798,83,83,0,0
60799,87,72,15,15
60800,78,68,10,10
60801,68,80,-12,12
60802,70,80,-10,10
60803,112,103,9,9
60804,99,104,-5,5
60805,103,100,3,3
60806,87,78,9,9
60807,105,104,1,1
60808,94,94,0,0
60809,185,180,5,5
60810,167,168,-1,1
60811,67,70,-3,3
60812,98,80,18,18
60813,109,110,-1,1
60814,139,140,-1,1
60815,88,83,5,5
60816,117,108,9,9
60817,101,110,-9,9
60818,124,143,-19,19
60819,182,156,26,26
60820,198,175,23,23
60821,115,109,6,6
60822,92,96,-4,4
60823,77,67,10,10
60824,104,101,3,3
60825,75,72,3,3
60826,93,78,15,15
60827,173,174,-1,1
60828,121,130,-9,9
60829,141,110,31,31
60830,66,82,-16,16
60831,72,70,2,2
60832,104,112,-8,8
60833,103,98,5,5
60834,81,75,6,6
60835,122,87,35,35
60836,131,116,15,15
60837,58,57,1,1
60838,106,106,0,0
60839,119,109,10,10
60840,57,50,7,7
60841,77,73,4,4
60842,67,59,8,8
60843,85,80,5,5
60844,62,65,-3,3
60845,140,135,5,5
60846,72,78,-6,6
60847,125,126,-1,1
60848,166,159,7,7
60849,133,118,15,15
60850,101,79,22,22
60851,156,150,6,6
60852,68,61,7,7
60853,70,70,0,0
60854,127,122,5,5
60855,89,82,7,7
60856,111,100,11,11
60857,154,133,21,21
60858,91,86,5,5
60859,59,65,-6,6
60860,105,102,3,3
60861,108,125,-17,17
60862,87,97,-10,10
60863,143,148,-5,5
60864,88,86,2,2
60865,83,86,-3,3
60866,105,95,10,10
60867,96,97,-1,1
60868,95,85,10,10
60869,104,111,-7,7
60870,97,114,-17,17
60871,111,112,-1,1
60872,93,83,10,10
60873,54,47,7,7
60874,90,92,-2,2
60875,52,50,2,2
60876,85,87,-2,2
60877,114,112,2,2
60878,152,159,-7,7
60879,79,74,5,5
60880,118,122,-4,4
60881,85,74,11,11
60882,94,83,11,11
60883,49,51,-2,2
60884,56,57,-1,1
60885,156,142,14,14
60886,55,50,5,5
60887,116,116,0,0
60888,84,86,-2,2
60889,105,98,7,7
60890,122,112,10,10
60891,80,87,-7,7
60892,89,81,8,8
60893,117,110,7,7
60894,50,44,6,6
60895,65,67,-2,2
60896,115,117,-2,2
60897,78,76,2,2
60898,112,116,-4,4
60899,84,77,7,7
60900,144,152,-8,8
60901,95,92,3,3
60902,125,123,2,2
60903,115,133,-18,18
60904,76,80,-4,4
60905,119,114,5,5
60906,133,150,-17,17
60907,90,77,13,13
60908,112,101,11,11
60909,76,72,4,4
60910,147,126,21,21
60911,55,60,-5,5
60912,131,120,11,11
60913,116,101,15,15
60914,84,77,7,7
60915,72,70,2,2
60916,73,67,6,6
60917,43,40,3,3
60918,73,73,0,0
60919,82,91,-9,9
60920,56,60,-4,4
60921,99,88,11,11
60922,105,108,-3,3
60923,79,102,-23,23
60924,138,126,12,12
60925,111,112,-1,1
60926,36,45,-9,9
60927,138,134,4,4
60928,89,90,-1,1
60929,93,81,12,12
60930,132,131,1,1
60931,108,97,11,11
60932,66,64,2,2
60933,71,74,-3,3
60934,65,58,7,7
60935,200,190,10,10
60936,72,95,-23,23
60937,232,209,23,23
60938,75,75,0,0
60939,186,168,18,18
60940,125,120,5,5
60941,95,105,-10,10
60942,203,168,35,35
60943,176,155,21,21
60944,129,131,-2,2
60945,76,77,-1,1
60946,143,140,3,3
60947,49,50,-1,1
60948,92,87,5,5
60949,92,93,-1,1
60950,75,81,-6,6
60951,105,92,13,13
60952,155,136,19,19
60953,95,100,-5,5
60954,86,92,-6,6
60955,132,120,12,12
60956,46,48,-2,2
60957,69,70,-1,1
60958,58,76,-18,18
60959,140,128,12,12
60960,70,67,3,3
60961,89,86,3,3
60962,84,67,17,17
60963,124,125,-1,1
60964,71,73,-2,2
60965,127,130,-3,3
60966,69,71,-2,2
60967,111,98,13,13
60968,125,127,-2,2
60969,85,88,-3,3
60970,76,73,3,3
60971,85,88,-3,3
60972,55,54,1,1
60973,92,87,5,5
60974,182,173,9,9
60975,89,77,12,12
60976,102,88,14,14
60977,113,118,-5,5
60978,131,139,-8,8
60979,133,144,-11,11
60980,98,92,6,6
60981,154,141,13,13
60982,99,93,6,6
60983,114,113,1,1
60984,110,108,2,2
60985,125,89,36,36
60986,52,61,-9,9
60987,42,45,-3,3
60988,80,73,7,7
60989,83,80,3,3
60990,143,134,9,9
60991,56,60,-4,4
60992,131,124,7,7
60993,112,127,-15,15
60994,110,103,7,7
60995,104,93,11,11
60996,71,66,5,5
60997,36,40,-4,4
60998,57,66,-9,9
60999,72,74,-2,2
61000,119,105,14,14
61001,194,182,12,12
61002,107,96,11,11
61003,123,131,-8,8
61004,87,80,7,7
61005,157,147,10,10
61006,75,75,0,0
61007,94,82,12,12
61008,85,89,-4,4
61009,85,82,3,3
61010,44,45,-1,1
61011,78,82,-4,4
61012,97,79,18,18
61013,34,50,-16,16
61014,38,38,0,0
61015,93,86,7,7
61016,113,98,15,15
61017,130,117,13,13
61018,46,37,9,9
61019,94,96,-2,2
61020,144,132,12,12
61021,60,65,-5,5
61022,110,110,0,0
61023,78,78,0,0
61024,172,169,3,3
61025,117,129,-12,12
61026,60,71,-11,11
61027,114,100,14,14
61028,136,148,-12,12
61029,130,136,-6,6
61030,140,134,6,6
61031,58,65,-7,7
61032,87,78,9,9
61033,154,137,17,17
61034,84,79,5,5
61035,78,66,12,12
61036,224,247,-23,23
61037,77,73,4,4
61038,114,108,6,6
61039,64,72,-8,8
61040,145,139,6,6
61041,62,54,8,8
61042,123,110,13,13
61043,126,123,3,3
61044,59,72,-13,13
61045,59,65,-6,6
61046,65,74,-9,9
61047,81,87,-6,6
61048,104,86,18,18
61049,94,94,0,0
61050,131,131,0,0
61051,60,58,2,2
61052,111,98,13,13
61053,159,144,15,15
61054,145,143,2,2
61055,67,63,4,4
61056,114,116,-2,2
61057,82,81,1,1
61058,93,92,1,1
61059,53,59,-6,6
61060,83,94,-11,11
61061,101,102,-1,1
61062,112,123,-11,11
61063,71,58,13,13
61064,86,79,7,7
61065,49,101,-52,52
61066,59,65,-6,6
61067,125,115,10,10
61068,157,162,-5,5
61069,90,90,0,0
61070,160,167,-7,7
61071,128,113,15,15
61072,78,82,-4,4
61073,153,154,-1,1
61074,87,104,-17,17
61075,133,123,10,10
61076,96,88,8,8
61077,88,102,-14,14
61078,69,76,-7,7
61079,150,159,-9,9
61080,134,121,13,13
61081,122,123,-1,1
61082,91,88,3,3
61083,156,143,13,13
61084,76,71,5,5
61085,44,43,1,1
61086,117,124,-7,7
61087,110,112,-2,2
61088,101,81,20,20
61089,81,72,9,9
61090,52,54,-2,2
61091,164,162,2,2
61092,40,37,3,3
61093,80,83,-3,3
61094,129,118,11,11
61095,131,118,13,13
61096,87,91,-4,4
61097,79,76,3,3
61098,110,103,7,7
61099,120,108,12,12
61100,100,110,-10,10
61101,113,116,-3,3
61102,97,118,-21,21
61103,75,73,2,2
61104,85,93,-8,8
61105,49,47,2,2
61106,103,120,-17,17
61107,177,167,10,10
61108,94,93,1,1
61109,130,130,0,0
61110,72,71,1,1
61111,158,154,4,4
61112,47,51,-4,4
61113,74,80,-6,6
61114,101,103,-2,2
61115,51,64,-13,13
61116,83,82,1,1
61117,142,140,2,2
61118,58,62,-4,4
61119,83,86,-3,3
61120,45,43,2,2
61121,138,143,-5,5
61122,152,141,11,11
61123,101,97,4,4
61124,77,67,10,10
61125,52,74,-22,22
61126,89,81,8,8
61127,149,145,4,4
61128,78,68,10,10
61129,146,149,-3,3
61130,122,125,-3,3
61131,88,73,15,15
61132,131,131,0,0
61133,67,60,7,7
61134,107,93,14,14
61135,139,152,-13,13
61136,164,141,23,23
61137,134,127,7,7
61138,71,68,3,3
61139,87,81,6,6
61140,68,58,10,10
61141,56,101,-45,45
61142,118,123,-5,5
61143,101,98,3,3
61144,75,75,0,0
61145,127,139,-12,12
61146,85,87,-2,2
61147,57,47,10,10
61148,37,58,-21,21
61149,116,116,0,0
61150,108,99,9,9
61151,137,137,0,0
61152,58,54,4,4
61153,67,86,-19,19
61154,106,101,5,5
61155,132,118,14,14
61156,102,94,8,8
61157,115,117,-2,2
61158,85,88,-3,3
61159,107,108,-1,1
61160,49,49,0,0
61161,139,154,-15,15
61162,126,129,-3,3
61163,135,144,-9,9
61164,69,61,8,8
61165,88,81,7,7
61166,117,112,5,5
61167,77,81,-4,4
61168,51,55,-4,4
61169,92,102,-10,10
61170,80,82,-2,2
61171,82,87,-5,5
61172,157,154,3,3
61173,83,90,-7,7
61174,136,126,10,10
61175,147,133,14,14
61176,49,48,1,1
61177,86,82,4,4
61178,125,114,11,11
61179,73,63,10,10
61180,99,113,-14,14
61181,102,106,-4,4
61182,101,103,-2,2
61183,109,96,13,13
61184,126,123,3,3
61185,142,123,19,19
61186,62,58,4,4
61187,113,112,1,1
61188,149,124,25,25
61189,61,60,1,1
61190,66,67,-1,1
61191,122,115,7,7
61192,89,90,-1,1
61193,76,73,3,3
61194,74,80,-6,6
61195,61,62,-1,1
61196,44,48,-4,4
61197,107,127,-20,20
61198,104,94,10,10
61199,109,103,6,6
61200,140,131,9,9
61201,43,47,-4,4
61202,40,42,-2,2
61203,223,201,22,22
61204,95,86,9,9
61205,47,55,-8,8
61206,71,61,10,10
61207,121,109,12,12
61208,119,121,-2,2
61209,135,138,-3,3
61210,78,69,9,9
61211,96,81,15,15
61212,71,65,6,6
61213,71,80,-9,9
61214,108,130,-22,22
61215,64,62,2,2
61216,169,192,-23,23
61217,80,78,2,2
61218,78,77,1,1
61219,100,94,6,6
61220,90,87,3,3
61221,108,104,4,4
61222,84,82,2,2
61223,150,152,-2,2
61224,91,91,0,0
61225,55,57,-2,2
61226,83,75,8,8
61227,119,162,-43,43
61228,86,80,6,6
61229,101,103,-2,2
61230,89,74,15,15
61231,80,81,-1,1
61232,116,111,5,5
61233,146,151,-5,5
61234,64,67,-3,3
61235,175,166,9,9
61236,139,136,3,3
61237,79,62,17,17
61238,120,116,4,4
61239,84,89,-5,5
61240,132,139,-7,7
61241,71,74,-3,3
61242,104,87,17,17
61243,60,61,-1,1
61244,171,161,10,10
61245,93,93,0,0
61246,132,132,0,0
61247,55,57,-2,2
61248,74,59,15,15
61249,126,118,8,8
61250,75,74,1,1
61251,45,54,-9,9
61252,95,88,7,7
61253,154,144,10,10
61254,143,128,15,15
61255,111,103,8,8
61256,97,93,4,4
61257,203,218,-15,15
61258,42,45,-3,3
61259,49,42,7,7
61260,111,106,5,5
61261,76,66,10,10
61262,79,73,6,6
61263,70,76,-6,6
61264,57,62,-5,5
61265,60,51,9,9
61266,119,122,-3,3
61267,76,78,-2,2
61268,72,65,7,7
61269,124,105,19,19
61270,138,120,18,18
61271,118,118,0,0
61272,119,110,9,9
61273,94,76,18,18
61274,113,135,-22,22
61275,69,84,-15,15
61276,106,100,6,6
61277,41,47,-6,6
61278,88,81,7,7
61279,124,134,-10,10
61280,51,53,-2,2
61281,70,73,-3,3
61282,112,111,1,1
61283,100,99,1,1
61284,143,143,0,0
61285,87,92,-5,5
61286,61,61,0,0
61287,64,65,-1,1
61288,130,79,51,51
61289,81,78,3,3
61290,73,64,9,9
61291,47,53,-6,6
61292,99,113,-14,14
61293,95,94,1,1
61294,105,103,2,2
61295,126,124,2,2
61296,108,100,8,8
61297,67,63,4,4
61298,72,83,-11,11
61299,65,55,10,10
61300,109,104,5,5
61301,52,51,1,1
61302,122,111,11,11
61303,59,63,-4,4
61304,117,130,-13,13
61305,79,66,13,13
61306,46,48,-2,2
61307,64,74,-10,10
61308,71,82,-11,11
61309,60,56,4,4
61310,70,58,12,12
61311,114,111,3,3
61312,101,104,-3,3
61313,138,137,1,1
61314,98,84,14,14
61315,92,98,-6,6
61316,196,188,8,8
61317,109,118,-9,9
61318,55,61,-6,6
61319,166,166,0,0
61320,68,73,-5,5
61321,61,62,-1,1
61322,79,88,-9,9
61323,86,74,12,12
61324,90,76,14,14
61325,128,119,9,9
61326,102,102,0,0
61327,118,101,17,17
61328,86,81,5,5
61329,105,105,0,0
61330,78,74,4,4
61331,96,94,2,2
61332,38,46,-8,8
61333,96,97,-1,1
61334,123,117,6,6
61335,85,76,9,9
61336,117,109,8,8
61337,78,104,-26,26
61338,131,131,0,0
61339,82,81,1,1
61340,87,86,1,1
61341,81,77,4,4
61342,59,50,9,9
61343,84,79,5,5
61344,89,95,-6,6
61345,65,65,0,0
61346,131,133,-2,2
61347,55,56,-1,1
61348,66,49,17,17
61349,74,71,3,3
61350,84,70,14,14
61351,110,104,6,6
61352,63,64,-1,1
61353,97,84,13,13
61354,55,57,-2,2
61355,94,93,1,1
61356,148,145,3,3
61357,110,93,17,17
61358,161,156,5,5
61359,139,134,5,5
61360,63,62,1,1
61361,120,119,1,1
61362,79,80,-1,1
61363,131,136,-5,5
61364,150,132,18,18
61365,80,86,-6,6
61366,37,34,3,3
61367,116,114,2,2
61368,82,77,5,5
61369,130,129,1,1
61370,68,68,0,0
61371,86,81,5,5
61372,90,83,7,7
61373,57,56,1,1
61374,149,138,11,11
61375,79,64,15,15
61376,126,132,-6,6
61377,120,134,-14,14
61378,197,200,-3,3
61379,62,54,8,8
61380,88,82,6,6
61381,144,132,12,12
61382,99,88,11,11
61383,101,117,-16,16
61384,111,104,7,7
61385,61,52,9,9
61386,85,75,10,10
61387,96,93,3,3
61388,125,126,-1,1
61389,107,100,7,7
61390,136,124,12,12
61391,148,144,4,4
61392,98,96,2,2
61393,66,56,10,10
61394,95,78,17,17
61395,107,94,13,13
61396,47,61,-14,14
61397,78,77,1,1
61398,81,71,10,10
61399,72,75,-3,3
61400,84,87,-3,3
61401,145,151,-6,6
61402,77,72,5,5
61403,90,78,12,12
61404,131,121,10,10
61405,91,82,9,9
61406,38,68,-30,30
61407,94,97,-3,3
61408,111,112,-1,1
61409,145,151,-6,6
61410,84,77,7,7
61411,87,76,11,11
61412,115,107,8,8
61413,95,82,13,13
61414,144,130,14,14
61415,90,86,4,4
61416,101,91,10,10
61417,91,86,5,5
61418,190,195,-5,5
61419,80,75,5,5
61420,167,160,7,7
61421,83,70,13,13
61422,66,65,1,1
61423,50,50,0,0
61424,111,112,-1,1
61425,83,90,-7,7
61426,72,61,11,11
61427,73,62,11,11
61428,79,78,1,1
61429,66,78,-12,12
61430,83,75,8,8
61431,262,229,33,33
61432,108,111,-3,3
61433,117,118,-1,1
61434,98,81,17,17
61435,85,83,2,2
61436,63,69,-6,6
61437,190,176,14,14
61438,85,89,-4,4
61439,123,110,13,13
61440,144,143,1,1
61441,75,72,3,3
61442,97,93,4,4
61443,85,74,11,11
61444,69,65,4,4
61445,77,74,3,3
61446,61,64,-3,3
61447,75,71,4,4
61448,97,126,-29,29
61449,70,68,2,2
61450,85,80,5,5
61451,61,73,-12,12
61452,77,80,-3,3
61453,58,54,4,4
61454,83,77,6,6
61455,91,95,-4,4
61456,53,56,-3,3
61457,55,51,4,4
61458,87,87,0,0
61459,80,81,-1,1
61460,53,60,-7,7
61461,133,123,10,10
61462,90,95,-5,5
61463,60,59,1,1
61464,68,66,2,2
61465,66,54,12,12
61466,112,114,-2,2
61467,139,141,-2,2
61468,50,56,-6,6
61469,120,128,-8,8
61470,77,73,4,4
61471,81,73,8,8
61472,87,77,10,10
61473,43,54,-11,11
61474,68,62,6,6
61475,58,55,3,3
61476,120,119,1,1
61477,114,103,11,11
61478,173,170,3,3
61479,62,66,-4,4
61480,115,106,9,9
61481,213,190,23,23
61482,108,106,2,2
61483,53,61,-8,8
61484,85,71,14,14
61485,119,114,5,5
61486,74,78,-4,4
61487,93,85,8,8
61488,72,65,7,7
61489,104,84,20,20
61490,88,86,2,2
61491,56,67,-11,11
61492,139,125,14,14
61493,110,110,0,0
61494,93,112,-19,19
61495,54,44,10,10
61496,83,89,-6,6
61497,73,68,5,5
61498,202,182,20,20
61499,95,91,4,4
61500,51,63,-12,12
61501,141,120,21,21
61502,130,132,-2,2
61503,89,91,-2,2
61504,67,65,2,2
61505,92,55,37,37
61506,138,153,-15,15
61507,50,50,0,0
61508,85,72,13,13
61509,118,96,22,22
61510,84,72,12,12
61511,95,87,8,8
61512,92,98,-6,6
61513,141,151,-10,10
61514,94,93,1,1
61515,117,119,-2,2
61516,82,67,15,15
61517,73,73,0,0
61518,108,98,10,10
61519,93,101,-8,8
61520,156,158,-2,2
61521,84,86,-2,2
61522,106,94,12,12
61523,91,92,-1,1
61524,88,80,8,8
61525,78,79,-1,1
61526,136,132,4,4
61527,59,64,-5,5
61528,94,103,-9,9
61529,100,99,1,1
61530,144,135,9,9
61531,89,110,-21,21
61532,67,73,-6,6
61533,28,35,-7,7
61534,114,111,3,3
61535,123,131,-8,8
61536,85,75,10,10
61537,77,79,-2,2
61538,89,108,-19,19
61539,90,86,4,4
61540,80,80,0,0
61541,114,124,-10,10
61542,46,53,-7,7
61543,123,111,12,12
61544,132,128,4,4
61545,106,121,-15,15
61546,93,89,4,4
61547,100,120,-20,20
61548,82,73,9,9
61549,170,185,-15,15
61550,103,113,-10,10
61551,60,64,-4,4
61552,101,111,-10,10
61553,101,93,8,8
61554,106,100,6,6
61555,53,65,-12,12
61556,45,46,-1,1
61557,102,114,-12,12
61558,74,70,4,4
61559,107,115,-8,8
61560,95,97,-2,2
61561,96,81,15,15
61562,100,97,3,3
61563,40,54,-14,14
61564,85,76,9,9
61565,59,59,0,0
61566,107,90,17,17
61567,157,147,10,10
61568,72,76,-4,4
61569,104,92,12,12
61570,53,54,-1,1
61571,131,130,1,1
61572,147,137,10,10
61573,80,77,3,3
61574,135,127,8,8
61575,119,106,13,13
61576,128,118,10,10
61577,126,126,0,0
61578,91,86,5,5
61579,102,96,6,6
61580,55,56,-1,1
61581,69,68,1,1
61582,57,55,2,2
61583,53,54,-1,1
61584,109,94,15,15
61585,106,85,21,21
61586,106,111,-5,5
61587,128,123,5,5
61588,84,82,2,2
61589,73,71,2,2
61590,137,102,35,35
61591,96,97,-1,1
61592,106,107,-1,1
61593,119,118,1,1
61594,113,113,0,0
61595,138,144,-6,6
61596,52,56,-4,4
61597,115,102,13,13
61598,66,63,3,3
61599,114,117,-3,3
61600,46,64,-18,18
61601,108,101,7,7
61602,85,77,8,8
61603,67,67,0,0
61604,66,62,4,4
61605,76,77,-1,1
61606,93,82,11,11
61607,145,162,-17,17
61608,122,113,9,9
61609,88,79,9,9
61610,59,56,3,3
61611,77,81,-4,4
61612,84,88,-4,4
61613,71,75,-4,4
61614,93,85,8,8
61615,71,62,9,9
61616,40,61,-21,21
61617,165,161,4,4
61618,104,108,-4,4
61619,54,61,-7,7
61620,46,45,1,1
61621,70,64,6,6
61622,51,59,-8,8
61623,86,75,11,11
61624,86,78,8,8
61625,90,86,4,4
61626,160,163,-3,3
61627,119,112,7,7
61628,78,83,-5,5
61629,112,131,-19,19
61630,89,94,-5,5
61631,96,102,-6,6
61632,96,100,-4,4
61633,96,102,-6,6
61634,33,47,-14,14
61635,78,79,-1,1
61636,65,55,10,10
61637,69,67,2,2
61638,85,82,3,3
61639,71,65,6,6
61640,119,109,10,10
61641,100,98,2,2
61642,102,100,2,2
61643,96,84,12,12
61644,77,68,9,9
61645,91,86,5,5
61646,175,164,11,11
61647,96,98,-2,2
61648,133,123,10,10
61649,107,126,-19,19
61650,98,90,8,8
61651,94,98,-4,4
61652,67,68,-1,1
61653,116,123,-7,7
61654,73,75,-2,2
61655,83,74,9,9
61656,75,71,4,4
61657,109,120,-11,11
61658,143,148,-5,5
61659,84,81,3,3
61660,79,79,0,0
61661,104,107,-3,3
61662,44,46,-2,2
61663,53,49,4,4
61664,108,104,4,4
61665,86,92,-6,6
61666,119,115,4,4
61667,56,49,7,7
61668,88,89,-1,1
61669,118,122,-4,4
61670,102,97,5,5
61671,49,44,5,5
61672,99,90,9,9
61673,105,185,-80,80
61674,131,109,22,22
61675,78,64,14,14
61676,99,90,9,9
61677,23,28,-5,5
61678,126,132,-6,6
61679,92,87,5,5
61680,85,91,-6,6
61681,61,64,-3,3
61682,137,131,6,6
61683,74,76,-2,2
61684,129,122,7,7
61685,156,159,-3,3
61686,72,70,2,2
61687,151,139,12,12
61688,72,61,11,11
61689,81,81,0,0
61690,128,120,8,8
61691,136,120,16,16
61692,111,117,-6,6
61693,150,147,3,3
61694,79,79,0,0
61695,124,122,2,2
61696,133,131,2,2
61697,106,115,-9,9
61698,71,73,-2,2
61699,69,61,8,8
61700,105,112,-7,7
61701,60,56,4,4
61702,97,96,1,1
61703,129,138,-9,9
61704,70,64,6,6
61705,137,155,-18,18
61706,110,101,9,9
61707,97,98,-1,1
61708,149,171,-22,22
61709,63,59,4,4
61710,71,77,-6,6
61711,108,102,6,6
61712,127,124,3,3
61713,92,93,-1,1
61714,41,51,-10,10
61715,87,82,5,5
61716,95,86,9,9
61717,58,57,1,1
61718,103,111,-8,8
61719,106,98,8,8
61720,100,101,-1,1
61721,49,61,-12,12
61722,103,92,11,11
61723,147,155,-8,8
61724,110,109,1,1
61725,121,141,-20,20
61726,66,55,11,11
61727,66,62,4,4
61728,75,72,3,3
61729,127,135,-8,8
61730,96,101,-5,5
61731,179,167,12,12
61732,153,154,-1,1
61733,89,77,12,12
61734,111,107,4,4
61735,124,110,14,14
61736,86,77,9,9
61737,98,107,-9,9
61738,82,84,-2,2
61739,138,127,11,11
61740,98,95,3,3
61741,187,179,8,8
61742,141,128,13,13
61743,72,73,-1,1
61744,110,103,7,7
61745,87,89,-2,2
61746,60,63,-3,3
61747,71,70,1,1
61748,123,126,-3,3
61749,57,58,-1,1
61750,113,122,-9,9
61751,148,148,0,0
61752,73,73,0,0
61753,62,63,-1,1
61754,108,124,-16,16
61755,105,100,5,5
61756,152,116,36,36
61757,51,47,4,4
61758,127,125,2,2
61759,31,34,-3,3
61760,68,62,6,6
61761,163,149,14,14
61762,160,150,10,10
61763,73,74,-1,1
61764,43,42,1,1
61765,102,101,1,1
61766,91,105,-14,14
61767,136,110,26,26
61768,92,86,6,6
61769,60,63,-3,3
61770,45,53,-8,8
61771,111,111,0,0
61772,95,110,-15,15
61773,100,93,7,7
61774,139,152,-13,13
61775,99,81,18,18
61776,68,68,0,0
61777,55,53,2,2
61778,110,93,17,17
61779,67,72,-5,5
61780,103,98,5,5
61781,115,109,6,6
61782,131,144,-13,13
61783,106,119,-13,13
61784,154,162,-8,8
61785,104,112,-8,8
61786,91,75,16,16
61787,139,143,-4,4
61788,56,54,2,2
61789,139,134,5,5
61790,72,63,9,9
61791,144,139,5,5
61792,112,106,6,6
61793,68,60,8,8
61794,88,83,5,5
61795,79,96,-17,17
61796,104,105,-1,1
61797,54,47,7,7
61798,111,97,14,14
61799,87,83,4,4
61800,185,173,12,12
61801,92,85,7,7
61802,68,67,1,1
61803,91,84,7,7
61804,84,77,7,7
61805,82,82,0,0
61806,126,130,-4,4
61807,71,73,-2,2
61808,72,67,5,5
61809,137,133,4,4
61810,61,63,-2,2
61811,106,105,1,1
61812,59,54,5,5
61813,77,80,-3,3
61814,149,128,21,21
61815,63,64,-1,1
61816,66,67,-1,1
61817,105,100,5,5
61818,85,85,0,0
61819,109,97,12,12
61820,81,88,-7,7
61821,60,63,-3,3
61822,40,40,0,0
61823,95,83,12,12
61824,110,94,16,16
61825,68,61,7,7
61826,67,66,1,1
61827,76,73,3,3
61828,188,178,10,10
61829,59,57,2,2
61830,131,122,9,9
61831,108,99,9,9
61832,114,120,-6,6
61833,108,102,6,6
61834,104,104,0,0
61835,94,98,-4,4
61836,47,50,-3,3
61837,77,60,17,17
61838,80,77,3,3
61839,96,93,3,3
61840,103,106,-3,3
61841,109,113,-4,4
61842,66,73,-7,7
61843,98,88,10,10
61844,126,109,17,17
61845,97,112,-15,15
61846,99,95,4,4
61847,107,108,-1,1
61848,129,129,0,0
61849,87,88,-1,1
61850,69,67,2,2
61851,115,106,9,9
61852,99,98,1,1
61853,99,87,12,12
61854,155,171,-16,16
61855,121,114,7,7
61856,123,128,-5,5
61857,91,85,6,6
61858,68,73,-5,5
61859,118,106,12,12
61860,98,101,-3,3
61861,108,103,5,5
61862,112,108,4,4
61863,80,72,8,8
61864,92,131,-39,39
61865,116,106,10,10
61866,56,64,-8,8
61867,127,123,4,4
61868,50,53,-3,3
61869,121,98,23,23
61870,157,155,2,2
61871,78,76,2,2
61872,85,80,5,5
61873,142,140,2,2
61874,42,37,5,5
61875,62,63,-1,1
61876,61,75,-14,14
61877,75,71,4,4
61878,82,82,0,0
61879,107,100,7,7
61880,130,135,-5,5
61881,64,67,-3,3
61882,75,63,12,12
61883,109,101,8,8
61884,65,64,1,1
61885,112,111,1,1
61886,88,93,-5,5
61887,140,138,2,2
61888,132,129,3,3
61889,108,114,-6,6
61890,92,72,20,20
61891,63,59,4,4
61892,48,52,-4,4
61893,144,117,27,27
61894,104,100,4,4
61895,107,102,5,5
61896,52,71,-19,19
61897,73,80,-7,7
61898,44,47,-3,3
61899,120,114,6,6
61900,87,83,4,4
61901,110,118,-8,8
61902,73,72,1,1
61903,79,84,-5,5
61904,57,57,0,0
61905,68,64,4,4
61906,81,101,-20,20
61907,63,61,2,2
61908,41,47,-6,6
61909,71,59,12,12
61910,106,98,8,8
61911,105,89,16,16
61912,183,157,26,26
61913,111,122,-11,11
61914,137,135,2,2
61915,51,57,-6,6
61916,40,41,-1,1
61917,70,78,-8,8
61918,120,113,7,7
61919,57,59,-2,2
61920,66,59,7,7
61921,140,110,30,30
61922,71,75,-4,4
61923,96,90,6,6
61924,108,106,2,2
61925,134,144,-10,10
61926,97,94,3,3
61927,44,42,2,2
61928,49,55,-6,6
61929,63,58,5,5
61930,97,99,-2,2
61931,38,32,6,6
61932,68,66,2,2
61933,114,100,14,14
61934,105,111,-6,6
61935,36,42,-6,6
61936,69,59,10,10
61937,101,101,0,0
61938,155,142,13,13
61939,53,70,-17,17
61940,151,142,9,9
61941,65,62,3,3
61942,64,66,-2,2
61943,181,173,8,8
61944,110,110,0,0
61945,93,91,2,2
61946,183,172,11,11
61947,94,92,2,2
61948,91,82,9,9
61949,105,112,-7,7
61950,51,50,1,1
61951,76,74,2,2
61952,60,65,-5,5
61953,72,65,7,7
61954,108,107,1,1
61955,119,111,8,8
61956,98,109,-11,11
61957,119,108,11,11
61958,122,117,5,5
61959,90,85,5,5
61960,55,55,0,0
61961,62,56,6,6
61962,41,42,-1,1
61963,86,78,8,8
61964,58,57,1,1
61965,159,163,-4,4
61966,84,87,-3,3
61967,101,95,6,6
61968,107,85,22,22
61969,150,143,7,7
61970,105,106,-1,1
61971,83,80,3,3
61972,78,87,-9,9
61973,51,60,-9,9
61974,83,91,-8,8
61975,111,110,1,1
61976,116,126,-10,10
61977,124,91,33,33
61978,116,110,6,6
61979,133,131,2,2
61980,143,140,3,3
61981,102,102,0,0
61982,94,92,2,2
61983,66,69,-3,3
61984,76,78,-2,2
61985,108,90,18,18
61986,69,57,12,12
61987,90,78,12,12
61988,65,78,-13,13
61989,157,161,-4,4
61990,81,70,11,11
61991,116,126,-10,10
61992,94,92,2,2
61993,98,115,-17,17
61994,149,142,7,7
61995,87,86,1,1
61996,124,128,-4,4
61997,121,115,6,6
61998,157,148,9,9
61999,100,96,4,4
62000,129,134,-5,5
62001,97,92,5,5
62002,57,56,1,1
62003,108,97,11,11
62004,64,60,4,4
62005,195,173,22,22
62006,81,83,-2,2
62007,92,86,6,6
62008,139,151,-12,12
62009,67,62,5,5
62010,78,81,-3,3
62011,56,45,11,11
62012,90,82,8,8
62013,69,69,0,0
62014,109,100,9,9
62015,67,66,1,1
62016,65,71,-6,6
62017,67,77,-10,10
62018,128,118,10,10
62019,101,96,5,5
62020,103,95,8,8
62021,66,61,5,5
62022,78,74,4,4
62023,121,111,10,10
62024,99,108,-9,9
62025,69,60,9,9
62026,64,68,-4,4
62027,66,62,4,4
62028,76,71,5,5
62029,91,85,6,6
62030,49,62,-13,13
62031,222,191,31,31
62032,71,67,4,4
62033,155,151,4,4
62034,80,80,0,0
62035,94,72,22,22
62036,70,68,2,2
62037,106,101,5,5
62038,81,83,-2,2
62039,90,76,14,14
62040,73,78,-5,5
62041,65,63,2,2
62042,71,76,-5,5
62043,140,120,20,20
62044,109,119,-10,10
62045,72,65,7,7
62046,95,107,-12,12
62047,92,86,6,6
62048,104,116,-12,12
62049,74,71,3,3
62050,102,98,4,4
62051,75,74,1,1
62052,100,94,6,6
62053,111,117,-6,6
62054,52,47,5,5
62055,79,75,4,4
62056,99,92,7,7
62057,140,145,-5,5
62058,181,188,-7,7
62059,106,85,21,21
62060,59,46,13,13
62061,129,126,3,3
62062,95,119,-24,24
62063,50,67,-17,17
62064,71,67,4,4
62065,46,60,-14,14
62066,103,98,5,5
62067,82,82,0,0
62068,114,107,7,7
62069,114,104,10,10
62070,92,91,1,1
62071,74,73,1,1
62072,102,101,1,1
62073,104,100,4,4
62074,86,79,7,7
62075,51,58,-7,7
62076,86,81,5,5
62077,78,82,-4,4
62078,99,104,-5,5
62079,95,81,14,14
62080,82,84,-2,2
62081,111,103,8,8
62082,129,114,15,15
62083,90,108,-18,18
62084,139,132,7,7
62085,72,77,-5,5
62086,55,50,5,5
62087,165,165,0,0
62088,115,117,-2,2
62089,61,69,-8,8
62090,84,70,14,14
62091,136,133,3,3
62092,83,80,3,3
62093,27,44,-17,17
62094,108,111,-3,3
62095,147,137,10,10
62096,120,119,1,1
62097,73,93,-20,20
62098,60,68,-8,8
62099,123,131,-8,8
62100,89,96,-7,7
62101,73,66,7,7
62102,64,68,-4,4
62103,62,64,-2,2
62104,100,79,21,21
62105,100,85,15,15
62106,48,57,-9,9
62107,119,112,7,7
62108,53,57,-4,4
62109,142,151,-9,9
62110,58,56,2,2
62111,100,118,-18,18
62112,77,69,8,8
62113,71,83,-12,12
62114,126,126,0,0
62115,50,54,-4,4
62116,205,176,29,29
62117,60,58,2,2
62118,91,101,-10,10
62119,70,76,-6,6
62120,90,94,-4,4
62121,159,152,7,7
62122,75,78,-3,3
62123,116,91,25,25
62124,109,112,-3,3
62125,143,142,1,1
62126,112,99,13,13
62127,84,84,0,0
62128,170,179,-9,9
62129,150,145,5,5
62130,109,108,1,1
62131,161,156,5,5
62132,99,102,-3,3
62133,127,118,9,9
62134,62,33,29,29
62135,133,126,7,7
62136,101,100,1,1
62137,127,127,0,0
62138,89,84,5,5
62139,95,89,6,6
62140,150,147,3,3
62141,49,54,-5,5
62142,92,96,-4,4
62143,92,90,2,2
62144,38,48,-10,10
62145,145,160,-15,15
62146,156,164,-8,8
62147,125,118,7,7
62148,51,52,-1,1
62149,134,110,24,24
62150,92,101,-9,9
62151,85,91,-6,6
62152,60,53,7,7
62153,67,64,3,3
62154,99,105,-6,6
62155,159,169,-10,10
62156,86,89,-3,3
62157,75,61,14,14
62158,42,42,0,0
62159,71,76,-5,5
62160,136,137,-1,1
62161,67,73,-6,6
62162,112,109,3,3
62163,71,72,-1,1
62164,48,60,-12,12
62165,139,142,-3,3
62166,114,150,-36,36
62167,48,45,3,3
62168,86,86,0,0
62169,119,121,-2,2
62170,94,92,2,2
62171,105,112,-7,7
62172,104,92,12,12
62173,85,79,6,6
62174,66,62,4,4
62175,93,85,8,8
62176,88,92,-4,4
62177,67,70,-3,3
62178,91,103,-12,12
62179,110,97,13,13
62180,80,70,10,10
62181,98,94,4,4
62182,126,126,0,0
62183,52,53,-1,1
62184,63,62,1,1
62185,91,88,3,3
62186,103,102,1,1
62187,68,55,13,13
62188,73,70,3,3
62189,95,98,-3,3
62190,100,98,2,2
62191,111,97,14,14
62192,100,97,3,3
62193,75,74,1,1
62194,84,92,-8,8
62195,75,75,0,0
62196,139,131,8,8
62197,105,109,-4,4
62198,84,93,-9,9
62199,137,133,4,4
62200,65,97,-32,32
62201,97,80,17,17
62202,78,77,1,1
62203,122,131,-9,9
62204,72,73,-1,1
62205,80,85,-5,5
62206,132,120,12,12
62207,113,114,-1,1
62208,121,122,-1,1
62209,72,66,6,6
62210,95,100,-5,5
62211,124,125,-1,1
62212,122,116,6,6
62213,152,158,-6,6
62214,105,100,5,5
62215,103,110,-7,7
62216,111,107,4,4
62217,60,56,4,4
62218,75,98,-23,23
62219,69,70,-1,1
62220,85,73,12,12
62221,91,87,4,4
62222,106,91,15,15
62223,76,79,-3,3
62224,43,43,0,0
62225,65,58,7,7
62226,180,181,-1,1
62227,38,60,-22,22
62228,86,83,3,3
62229,77,77,0,0
62230,110,109,1,1
62231,111,113,-2,2
62232,134,124,10,10
62233,123,126,-3,3
62234,67,69,-2,2
62235,77,84,-7,7
62236,95,99,-4,4
62237,94,86,8,8
62238,131,133,-2,2
62239,88,97,-9,9
62240,130,131,-1,1
62241,78,77,1,1
62242,98,96,2,2
62243,66,63,3,3
62244,63,58,5,5
62245,85,83,2,2
62246,82,83,-1,1
62247,82,85,-3,3
62248,104,98,6,6
62249,120,119,1,1
62250,68,71,-3,3
62251,108,109,-1,1
62252,101,100,1,1
62253,102,102,0,0
62254,161,167,-6,6
62255,48,62,-14,14
62256,82,83,-1,1
62257,134,130,4,4
62258,102,93,9,9
62259,47,42,5,5
62260,101,73,28,28
62261,103,95,8,8
62262,158,142,16,16
62263,79,80,-1,1
62264,126,120,6,6
62265,72,83,-11,11
62266,103,100,3,3
62267,86,92,-6,6
62268,73,75,-2,2
62269,150,144,6,6
62270,69,58,11,11
62271,89,97,-8,8
62272,102,96,6,6
62273,89,84,5,5
62274,92,103,-11,11
62275,91,84,7,7
62276,69,83,-14,14
62277,31,42,-11,11
62278,62,61,1,1
62279,74,77,-3,3
62280,73,64,9,9
62281,92,79,13,13
62282,68,60,8,8
62283,121,110,11,11
62284,160,161,-1,1
62285,124,134,-10,10
62286,71,68,3,3
62287,98,86,12,12
62288,85,83,2,2
62289,93,88,5,5
62290,87,77,10,10
62291,210,181,29,29
62292,74,79,-5,5
62293,84,83,1,1
62294,141,140,1,1
62295,68,68,0,0
62296,118,119,-1,1
62297,75,77,-2,2
62298,150,149,1,1
62299,162,157,5,5
62300,59,65,-6,6
62301,82,79,3,3
62302,118,114,4,4
62303,94,98,-4,4
62304,75,92,-17,17
62305,71,68,3,3
62306,131,121,10,10
62307,120,115,5,5
62308,91,90,1,1
62309,112,106,6,6
62310,145,152,-7,7
62311,93,82,11,11
62312,93,89,4,4
62313,89,77,12,12
62314,110,104,6,6
62315,78,75,3,3
62316,80,75,5,5
62317,133,133,0,0
62318,50,55,-5,5
62319,82,79,3,3
62320,145,134,11,11
62321,126,105,21,21
62322,105,98,7,7
62323,159,165,-6,6
62324,118,121,-3,3
62325,142,138,4,4
62326,108,100,8,8
62327,110,110,0,0
62328,106,98,8,8
62329,119,119,0,0
62330,90,91,-1,1
62331,68,73,-5,5
62332,119,111,8,8
62333,162,155,7,7
62334,76,76,0,0
62335,89,77,12,12
62336,57,66,-9,9
62337,79,72,7,7
62338,72,85,-13,13
62339,110,99,11,11
62340,82,75,7,7
62341,76,71,5,5
62342,68,68,0,0
62343,79,99,-20,20
62344,64,69,-5,5
62345,151,140,11,11
62346,64,62,2,2
62347,110,113,-3,3
62348,78,64,14,14
62349,123,108,15,15
62350,118,115,3,3
62351,58,59,-1,1
62352,140,135,5,5
62353,128,116,12,12
62354,57,50,7,7
62355,101,107,-6,6
62356,106,95,11,11
62357,71,77,-6,6
62358,61,66,-5,5
62359,187,168,19,19
62360,123,114,9,9
62361,64,57,7,7
62362,59,58,1,1
62363,83,83,0,0
62364,68,74,-6,6
62365,83,80,3,3
62366,111,98,13,13
62367,86,91,-5,5
62368,87,94,-7,7
62369,97,92,5,5
62370,76,74,2,2
62371,91,97,-6,6
62372,169,162,7,7
62373,51,40,11,11
62374,57,74,-17,17
62375,168,176,-8,8
62376,93,70,23,23
62377,93,90,3,3
62378,98,77,21,21
62379,76,82,-6,6
62380,142,136,6,6
62381,60,62,-2,2
62382,118,113,5,5
62383,40,46,-6,6
62384,68,60,8,8
62385,75,77,-2,2
62386,97,97,0,0
62387,124,133,-9,9
62388,68,62,6,6
62389,89,84,5,5
62390,109,105,4,4
62391,53,49,4,4
62392,112,103,9,9
62393,140,144,-4,4
62394,113,112,1,1
62395,105,117,-12,12
62396,69,67,2,2
62397,98,125,-27,27
62398,150,141,9,9
62399,93,85,8,8
62400,117,119,-2,2
62401,44,48,-4,4
62402,65,55,10,10
62403,78,65,13,13
62404,149,149,0,0
62405,75,72,3,3
62406,82,82,0,0
62407,93,84,9,9
62408,129,130,-1,1
62409,46,52,-6,6
62410,56,38,18,18
62411,99,83,16,16
62412,31,49,-18,18
62413,113,111,2,2
62414,167,169,-2,2
62415,113,115,-2,2
62416,171,173,-2,2
62417,71,73,-2,2
62418,103,105,-2,2
62419,76,76,0,0
62420,64,57,7,7
62421,105,98,7,7
62422,176,170,6,6
62423,127,118,9,9
62424,118,95,23,23
62425,88,89,-1,1
62426,133,128,5,5
62427,84,87,-3,3
62428,108,110,-2,2
62429,72,78,-6,6
62430,128,124,4,4
62431,36,47,-11,11
62432,116,107,9,9
62433,105,109,-4,4
62434,85,85,0,0
62435,48,40,8,8
62436,142,126,16,16
62437,78,59,19,19
62438,72,73,-1,1
62439,255,223,32,32
62440,113,115,-2,2
62441,98,85,13,13
62442,143,131,12,12
62443,85,114,-29,29
62444,111,108,3,3
62445,106,94,12,12
62446,111,114,-3,3
62447,84,76,8,8
62448,74,74,0,0
62449,87,87,0,0
62450,133,142,-9,9
62451,111,107,4,4
62452,78,76,2,2
62453,83,84,-1,1
62454,117,106,11,11
62455,97,93,4,4
62456,127,131,-4,4
62457,66,63,3,3
62458,124,119,5,5
62459,72,76,-4,4
62460,108,88,20,20
62461,124,125,-1,1
62462,137,112,25,25
62463,84,81,3,3
62464,175,173,2,2
62465,32,41,-9,9
62466,127,111,16,16
62467,139,148,-9,9
62468,84,125,-41,41
62469,138,147,-9,9
62470,147,151,-4,4
62471,49,47,2,2
62472,87,83,4,4
62473,71,70,1,1
62474,89,74,15,15
62475,122,117,5,5
62476,110,119,-9,9
62477,112,116,-4,4
62478,161,143,18,18
62479,78,111,-33,33
62480,84,84,0,0
62481,96,100,-4,4
62482,83,75,8,8
62483,166,146,20,20
62484,69,66,3,3
62485,48,52,-4,4
62486,84,70,14,14
62487,113,88,25,25
62488,89,85,4,4
62489,51,49,2,2
62490,101,105,-4,4
62491,70,76,-6,6
62492,107,104,3,3
62493,99,94,5,5
62494,142,132,10,10
62495,123,111,12,12
62496,81,73,8,8
62497,60,56,4,4
62498,139,132,7,7
62499,93,98,-5,5
62500,123,133,-10,10
62501,101,80,21,21
62502,128,127,1,1
62503,72,69,3,3
62504,134,122,12,12
62505,89,83,6,6
62506,162,152,10,10
62507,129,115,14,14
62508,97,88,9,9
62509,63,72,-9,9
62510,88,92,-4,4
62511,47,44,3,3
62512,163,154,9,9
62513,169,177,-8,8
62514,88,90,-2,2
62515,116,120,-4,4
62516,68,69,-1,1
62517,66,70,-4,4
62518,75,76,-1,1
62519,79,87,-8,8
62520,132,139,-7,7
62521,64,62,2,2
62522,154,149,5,5
62523,159,135,24,24
62524,97,99,-2,2
62525,151,141,10,10
62526,64,69,-5,5
62527,86,71,15,15
62528,86,107,-21,21
62529,105,92,13,13
62530,135,139,-4,4
62531,78,83,-5,5
62532,180,163,17,17
62533,126,113,13,13
62534,115,119,-4,4
62535,95,107,-12,12
62536,123,99,24,24
62537,49,48,1,1
62538,94,98,-4,4
62539,170,169,1,1
62540,92,92,0,0
62541,101,106,-5,5
62542,93,94,-1,1
62543,123,140,-17,17
62544,83,77,6,6
62545,122,97,25,25
62546,109,120,-11,11
62547,67,63,4,4
62548,59,58,1,1
62549,79,73,6,6
62550,82,84,-2,2
62551,69,65,4,4
62552,83,88,-5,5
62553,116,111,5,5
62554,202,181,21,21
62555,92,102,-10,10
62556,95,82,13,13
62557,104,107,-3,3
62558,124,119,5,5
62559,203,192,11,11
62560,95,89,6,6
62561,131,126,5,5
62562,42,46,-4,4
62563,106,86,20,20
62564,40,48,-8,8
62565,81,80,1,1
62566,125,102,23,23
62567,82,74,8,8
62568,121,112,9,9
62569,85,95,-10,10
62570,104,90,14,14
62571,82,79,3,3
62572,76,66,10,10
62573,60,55,5,5
62574,91,77,14,14
62575,96,66,30,30
62576,118,114,4,4
62577,101,89,12,12
62578,140,141,-1,1
62579,153,149,4,4
62580,115,131,-16,16
62581,38,63,-25,25
62582,74,78,-4,4
62583,28,58,-30,30
62584,65,66,-1,1
62585,113,113,0,0
62586,109,113,-4,4
62587,93,87,6,6
62588,87,90,-3,3
62589,54,52,2,2
62590,125,117,8,8
62591,141,141,0,0
62592,114,123,-9,9
62593,122,131,-9,9
62594,138,143,-5,5
62595,98,91,7,7
62596,84,85,-1,1
62597,118,108,10,10
62598,114,118,-4,4
62599,69,70,-1,1
62600,47,56,-9,9
62601,72,81,-9,9
62602,72,58,14,14
62603,85,82,3,3
62604,48,49,-1,1
62605,96,90,6,6
62606,90,86,4,4
62607,99,90,9,9
62608,122,130,-8,8
62609,60,58,2,2
62610,80,79,1,1
62611,79,84,-5,5
62612,54,62,-8,8
62613,90,90,0,0
62614,84,89,-5,5
62615,98,103,-5,5
62616,106,102,4,4
62617,70,69,1,1
62618,93,86,7,7
62619,81,76,5,5
62620,108,105,3,3
62621,66,63,3,3
62622,92,92,0,0
62623,58,47,11,11
62624,80,75,5,5
62625,72,80,-8,8
62626,92,88,4,4
62627,114,120,-6,6
62628,149,142,7,7
62629,85,78,7,7
62630,61,50,11,11
62631,104,89,15,15
62632,100,89,11,11
62633,132,133,-1,1
62634,132,132,0,0
62635,114,95,19,19
62636,89,82,7,7
62637,52,49,3,3
62638,51,50,1,1
62639,109,120,-11,11
62640,112,120,-8,8
62641,80,70,10,10
62642,158,177,-19,19
62643,103,99,4,4
62644,59,62,-3,3
62645,118,114,4,4
62646,114,111,3,3
62647,101,94,7,7
62648,64,65,-1,1
62649,75,61,14,14
62650,110,97,13,13
62651,168,188,-20,20
62652,109,96,13,13
62653,106,107,-1,1
62654,32,77,-45,45
62655,86,96,-10,10
62656,185,154,31,31
62657,125,131,-6,6
62658,48,53,-5,5
62659,128,133,-5,5
62660,138,143,-5,5
62661,75,66,9,9
62662,84,93,-9,9
62663,115,97,18,18
62664,58,66,-8,8
62665,97,88,9,9
62666,152,140,12,12
62667,94,95,-1,1
62668,114,105,9,9
62669,130,138,-8,8
62670,61,71,-10,10
62671,185,169,16,16
62672,110,107,3,3
62673,58,57,1,1
62674,79,86,-7,7
62675,79,72,7,7
62676,93,86,7,7
62677,129,126,3,3
62678,134,129,5,5
62679,98,98,0,0
62680,162,159,3,3
62681,83,87,-4,4
62682,107,88,19,19
62683,98,96,2,2
62684,131,120,11,11
62685,57,52,5,5
62686,153,145,8,8
62687,126,123,3,3
62688,89,89,0,0
62689,68,64,4,4
62690,131,120,11,11
62691,68,77,-9,9
62692,94,83,11,11
62693,135,129,6,6
62694,96,92,4,4
62695,95,104,-9,9
62696,90,85,5,5
62697,55,57,-2,2
62698,108,116,-8,8
62699,36,42,-6,6
62700,73,72,1,1
62701,73,80,-7,7
62702,102,96,6,6
62703,52,48,4,4
62704,22,42,-20,20
62705,102,93,9,9
62706,136,121,15,15
62707,83,91,-8,8
62708,76,73,3,3
62709,135,131,4,4
62710,116,127,-11,11
62711,69,66,3,3
62712,42,44,-2,2
62713,86,73,13,13
62714,131,139,-8,8
62715,119,114,5,5
62716,65,60,5,5
62717,100,104,-4,4
62718,65,65,0,0
62719,73,67,6,6
62720,63,60,3,3
62721,115,158,-43,43
62722,164,152,12,12
62723,146,146,0,0
62724,64,60,4,4
62725,101,96,5,5
62726,124,112,12,12
62727,74,85,-11,11
62728,92,82,10,10
62729,90,85,5,5
62730,93,88,5,5
62731,76,77,-1,1
62732,133,138,-5,5
62733,54,56,-2,2
62734,147,116,31,31
62735,107,108,-1,1
62736,132,108,24,24
62737,129,119,10,10
62738,95,88,7,7
62739,78,84,-6,6
62740,93,80,13,13
62741,85,89,-4,4
62742,138,159,-21,21
62743,106,104,2,2
62744,45,54,-9,9
62745,50,54,-4,4
62746,55,46,9,9
62747,44,55,-11,11
62748,70,68,2,2
62749,125,121,4,4
62750,82,82,0,0
62751,80,79,1,1
62752,120,117,3,3
62753,100,93,7,7
62754,70,63,7,7
62755,65,61,4,4
62756,96,104,-8,8
62757,93,92,1,1
62758,106,99,7,7
62759,168,151,17,17
62760,169,160,9,9
62761,95,57,38,38
62762,95,98,-3,3
62763,81,74,7,7
62764,65,53,12,12
62765,64,65,-1,1
62766,62,80,-18,18
62767,119,116,3,3
62768,93,82,11,11
62769,77,76,1,1
62770,141,140,1,1
62771,66,78,-12,12
62772,76,77,-1,1
62773,148,146,2,2
62774,57,68,-11,11
62775,78,54,24,24
62776,134,110,24,24
62777,133,123,10,10
62778,66,66,0,0
62779,75,69,6,6
62780,97,89,8,8
62781,131,118,13,13
62782,171,162,9,9
62783,222,211,11,11
62784,102,107,-5,5
62785,60,67,-7,7
62786,144,145,-1,1
62787,43,53,-10,10
62788,82,80,2,2
62789,84,86,-2,2
62790,92,99,-7,7
62791,94,76,18,18
62792,179,178,1,1
62793,119,116,3,3
62794,61,62,-1,1
62795,93,99,-6,6
62796,53,55,-2,2
62797,142,147,-5,5
62798,69,63,6,6
62799,90,85,5,5
62800,139,136,3,3
62801,90,111,-21,21
62802,56,52,4,4
62803,113,119,-6,6
62804,91,93,-2,2
62805,86,84,2,2
62806,111,102,9,9
62807,74,60,14,14
62808,139,120,19,19
62809,96,86,10,10
62810,105,96,9,9
62811,139,140,-1,1
62812,61,59,2,2
62813,70,71,-1,1
62814,70,68,2,2
62815,61,61,0,0
62816,127,134,-7,7
62817,92,95,-3,3
62818,120,112,8,8
62819,52,58,-6,6
62820,86,86,0,0
62821,62,63,-1,1
62822,101,120,-19,19
62823,85,100,-15,15
62824,96,97,-1,1
62825,105,107,-2,2
62826,122,125,-3,3
62827,116,114,2,2
62828,98,77,21,21
62829,154,149,5,5
62830,100,95,5,5
62831,164,156,8,8
62832,162,156,6,6
62833,136,139,-3,3
62834,62,69,-7,7
62835,178,179,-1,1
62836,109,83,26,26
62837,121,107,14,14
62838,108,126,-18,18
62839,84,105,-21,21
62840,131,116,15,15
62841,122,116,6,6
62842,64,70,-6,6
62843,84,88,-4,4
62844,72,66,6,6
62845,185,169,16,16
62846,77,70,7,7
62847,137,161,-24,24
62848,93,89,4,4
62849,86,99,-13,13
62850,144,128,16,16
62851,78,93,-15,15
62852,61,64,-3,3
62853,129,119,10,10
62854,52,56,-4,4
62855,195,189,6,6
62856,87,92,-5,5
62857,101,106,-5,5
62858,103,112,-9,9
62859,169,159,10,10
62860,104,106,-2,2
62861,80,77,3,3
62862,40,53,-13,13
62863,90,104,-14,14
62864,89,91,-2,2
62865,105,103,2,2
62866,86,88,-2,2
62867,133,127,6,6
62868,89,88,1,1
62869,64,58,6,6
62870,94,91,3,3
62871,86,90,-4,4
62872,128,122,6,6
62873,53,58,-5,5
62874,91,79,12,12
62875,74,67,7,7
62876,64,61,3,3
62877,81,70,11,11
62878,66,68,-2,2
62879,76,64,12,12
62880,91,87,4,4
62881,76,74,2,2
62882,109,97,12,12
62883,77,68,9,9
62884,76,75,1,1
62885,110,103,7,7
62886,88,82,6,6
62887,120,112,8,8
62888,127,131,-4,4
62889,106,97,9,9
62890,201,196,5,5
62891,111,113,-2,2
62892,231,204,27,27
62893,59,55,4,4
62894,150,146,4,4
62895,141,133,8,8
62896,62,56,6,6
62897,191,190,1,1
62898,119,118,1,1
62899,72,74,-2,2
62900,103,104,-1,1
62901,79,80,-1,1
62902,106,103,3,3
62903,104,114,-10,10
62904,88,91,-3,3
62905,78,82,-4,4
62906,81,90,-9,9
62907,98,107,-9,9
62908,123,120,3,3
62909,142,142,0,0
62910,74,77,-3,3
62911,163,152,11,11
62912,102,88,14,14
62913,60,63,-3,3
62914,133,123,10,10
62915,59,61,-2,2
62916,47,56,-9,9
62917,86,86,0,0
62918,124,116,8,8
62919,28,37,-9,9
62920,59,59,0,0
62921,124,141,-17,17
62922,105,99,6,6
62923,103,100,3,3
62924,80,80,0,0
62925,82,76,6,6
62926,84,73,11,11
62927,128,132,-4,4
62928,101,107,-6,6
62929,72,71,1,1
62930,89,76,13,13
62931,119,115,4,4
62932,181,176,5,5
62933,146,146,0,0
62934,58,57,1,1
62935,80,74,6,6
62936,37,45,-8,8
62937,45,53,-8,8
62938,95,103,-8,8
62939,108,104,4,4
62940,79,69,10,10
62941,85,72,13,13
62942,53,62,-9,9
62943,211,196,15,15
62944,103,101,2,2
62945,77,69,8,8
62946,75,75,0,0
62947,95,99,-4,4
62948,102,94,8,8
62949,77,80,-3,3
62950,54,61,-7,7
62951,110,107,3,3
62952,121,105,16,16
62953,89,68,21,21
62954,93,93,0,0
62955,44,50,-6,6
62956,84,90,-6,6
62957,135,130,5,5
62958,66,64,2,2
62959,104,115,-11,11
62960,141,137,4,4
62961,98,82,16,16
62962,90,99,-9,9
62963,115,113,2,2
62964,109,110,-1,1
62965,69,75,-6,6
62966,64,63,1,1
62967,185,174,11,11
62968,114,111,3,3
62969,191,169,22,22
62970,49,48,1,1
62971,83,90,-7,7
62972,100,98,2,2
62973,98,85,13,13
62974,69,74,-5,5
62975,103,86,17,17
62976,148,159,-11,11
62977,81,70,11,11
62978,151,152,-1,1
62979,70,61,9,9
62980,88,82,6,6
62981,93,99,-6,6
62982,60,74,-14,14
62983,88,77,11,11
62984,63,62,1,1
62985,92,91,1,1
62986,108,112,-4,4
62987,78,80,-2,2
62988,156,146,10,10
62989,63,57,6,6
62990,58,60,-2,2
62991,38,51,-13,13
62992,107,102,5,5
62993,101,97,4,4
62994,65,64,1,1
62995,120,117,3,3
62996,101,85,16,16
62997,106,94,12,12
62998,72,66,6,6
62999,127,118,9,9
63000,65,63,2,2
63001,126,118,8,8
63002,113,111,2,2
63003,104,114,-10,10
63004,152,146,6,6
63005,57,61,-4,4
63006,83,73,10,10
63007,101,100,1,1
63008,81,77,4,4
63009,54,59,-5,5
63010,80,76,4,4
63011,83,81,2,2
63012,31,49,-18,18
63013,64,60,4,4
63014,159,166,-7,7
63015,133,133,0,0
63016,116,122,-6,6
63017,57,53,4,4
63018,99,97,2,2
63019,62,59,3,3
63020,90,87,3,3
63021,117,115,2,2
63022,142,136,6,6
63023,177,165,12,12
63024,59,57,2,2
63025,89,96,-7,7
63026,69,64,5,5
63027,63,69,-6,6
63028,46,78,-32,32
63029,136,151,-15,15
63030,105,117,-12,12
63031,127,136,-9,9
63032,66,73,-7,7
63033,138,140,-2,2
63034,71,62,9,9
63035,97,92,5,5
63036,112,113,-1,1
63037,77,74,3,3
63038,57,56,1,1
63039,84,84,0,0
63040,85,81,4,4
63041,111,101,10,10
63042,123,119,4,4
63043,110,125,-15,15
63044,114,118,-4,4
63045,111,133,-22,22
63046,71,78,-7,7
63047,93,83,10,10
63048,343,281,62,62
63049,72,73,-1,1
63050,186,167,19,19
63051,62,58,4,4
63052,79,76,3,3
63053,129,131,-2,2
63054,121,134,-13,13
63055,105,101,4,4
63056,157,146,11,11
63057,115,107,8,8
63058,78,70,8,8
63059,179,193,-14,14
63060,80,81,-1,1
63061,113,123,-10,10
63062,87,84,3,3
63063,95,94,1,1
63064,95,101,-6,6
63065,104,106,-2,2
63066,88,90,-2,2
63067,61,68,-7,7
63068,63,50,13,13
63069,87,103,-16,16
63070,157,169,-12,12
63071,92,121,-29,29
63072,53,52,1,1
63073,128,127,1,1
63074,114,118,-4,4
63075,95,95,0,0
63076,102,96,6,6
63077,120,124,-4,4
63078,110,117,-7,7
63079,207,197,10,10
63080,103,99,4,4
63081,55,48,7,7
63082,98,91,7,7
63083,99,104,-5,5
63084,94,101,-7,7
63085,82,88,-6,6
63086,60,81,-21,21
63087,95,97,-2,2
63088,113,100,13,13
63089,113,111,2,2
63090,105,97,8,8
63091,80,66,14,14
63092,104,98,6,6
63093,97,89,8,8
63094,62,62,0,0
63095,62,70,-8,8
63096,85,89,-4,4
63097,114,105,9,9
63098,72,60,12,12
63099,82,70,12,12
63100,94,82,12,12
63101,90,95,-5,5
63102,110,100,10,10
63103,90,82,8,8
63104,80,80,0,0
63105,109,93,16,16
63106,61,66,-5,5
63107,185,180,5,5
63108,117,118,-1,1
63109,139,141,-2,2
63110,56,59,-3,3
63111,74,69,5,5
63112,107,112,-5,5
63113,78,89,-11,11
63114,51,51,0,0
63115,87,85,2,2
63116,114,110,4,4
63117,83,80,3,3
63118,137,128,9,9
63119,117,106,11,11
63120,87,93,-6,6
63121,69,70,-1,1
63122,86,82,4,4
63123,150,150,0,0
63124,162,155,7,7
63125,87,83,4,4
63126,68,64,4,4
63127,68,61,7,7
63128,126,118,8,8
63129,109,95,14,14
63130,106,116,-10,10
63131,114,112,2,2
63132,136,149,-13,13
63133,128,100,28,28
63134,109,115,-6,6
63135,114,120,-6,6
63136,102,101,1,1
63137,144,128,16,16
63138,52,41,11,11
63139,73,87,-14,14
63140,116,112,4,4
63141,111,98,13,13
63142,106,111,-5,5
63143,125,123,2,2
63144,119,92,27,27
63145,77,78,-1,1
63146,78,69,9,9
63147,62,58,4,4
63148,80,87,-7,7
63149,101,102,-1,1
63150,130,131,-1,1
63151,165,158,7,7
63152,88,73,15,15
63153,97,106,-9,9
63154,125,113,12,12
63155,55,49,6,6
63156,76,80,-4,4
63157,124,126,-2,2
63158,82,84,-2,2
63159,60,66,-6,6
63160,107,109,-2,2
63161,109,104,5,5
63162,162,155,7,7
63163,95,110,-15,15
63164,54,52,2,2
63165,125,124,1,1
63166,107,99,8,8
63167,74,58,16,16
63168,155,155,0,0
63169,77,78,-1,1
63170,80,72,8,8
63171,122,127,-5,5
63172,71,81,-10,10
63173,112,107,5,5
63174,61,69,-8,8
63175,88,92,-4,4
63176,171,152,19,19
63177,98,100,-2,2
63178,59,51,8,8
63179,150,151,-1,1
63180,94,91,3,3
63181,112,116,-4,4
63182,113,91,22,22
63183,92,91,1,1
63184,121,124,-3,3
63185,101,93,8,8
63186,82,74,8,8
63187,125,110,15,15
63188,74,70,4,4
63189,68,74,-6,6
63190,104,106,-2,2
63191,80,87,-7,7
63192,101,98,3,3
63193,96,100,-4,4
63194,96,93,3,3
63195,79,85,-6,6
63196,75,72,3,3
63197,121,115,6,6
63198,173,164,9,9
63199,123,118,5,5
63200,124,117,7,7
63201,123,116,7,7
63202,129,135,-6,6
63203,119,105,14,14
63204,107,120,-13,13
63205,117,107,10,10
63206,74,74,0,0
63207,72,73,-1,1
63208,92,96,-4,4
63209,102,91,11,11
63210,123,135,-12,12
63211,119,127,-8,8
63212,71,72,-1,1
63213,64,65,-1,1
63214,108,101,7,7
63215,140,119,21,21
63216,90,100,-10,10
63217,128,121,7,7
63218,99,94,5,5
63219,82,94,-12,12
63220,156,163,-7,7
63221,137,132,5,5
63222,78,69,9,9
63223,95,95,0,0
63224,82,97,-15,15
63225,90,90,0,0
63226,64,57,7,7
63227,73,74,-1,1
63228,53,59,-6,6
63229,123,123,0,0
63230,62,62,0,0
63231,92,100,-8,8
63232,123,115,8,8
63233,125,118,7,7
63234,41,46,-5,5
63235,187,178,9,9
63236,91,85,6,6
63237,76,72,4,4
63238,176,168,8,8
63239,93,95,-2,2
63240,87,89,-2,2
63241,89,93,-4,4
63242,88,97,-9,9
63243,99,84,15,15
63244,134,119,15,15
63245,95,90,5,5
63246,105,104,1,1
63247,42,55,-13,13
63248,96,93,3,3
63249,50,59,-9,9
63250,63,65,-2,2
63251,95,96,-1,1
63252,99,96,3,3
63253,109,139,-30,30
63254,133,120,13,13
63255,90,75,15,15
63256,71,66,5,5
63257,58,68,-10,10
63258,173,169,4,4
63259,77,72,5,5
63260,88,65,23,23
63261,72,64,8,8
63262,116,110,6,6
63263,61,62,-1,1
63264,94,80,14,14
63265,117,124,-7,7
63266,114,114,0,0
63267,147,140,7,7
63268,125,119,6,6
63269,100,119,-19,19
63270,101,89,12,12
63271,112,110,2,2
63272,94,80,14,14
63273,119,114,5,5
63274,154,150,4,4
63275,82,83,-1,1
63276,58,68,-10,10
63277,131,127,4,4
63278,82,85,-3,3
63279,96,98,-2,2
63280,80,75,5,5
63281,118,121,-3,3
63282,51,65,-14,14
63283,164,164,0,0
63284,77,105,-28,28
63285,144,146,-2,2
63286,132,142,-10,10
63287,89,85,4,4
63288,78,71,7,7
63289,51,61,-10,10
63290,100,103,-3,3
63291,108,110,-2,2
63292,143,122,21,21
63293,88,79,9,9
63294,67,58,9,9
63295,121,137,-16,16
63296,90,79,11,11
63297,65,72,-7,7
63298,79,77,2,2
63299,144,133,11,11
63300,55,56,-1,1
63301,78,78,0,0
63302,82,83,-1,1
63303,78,79,-1,1
63304,160,161,-1,1
63305,89,80,9,9
63306,101,109,-8,8
63307,114,92,22,22
63308,86,80,6,6
63309,155,154,1,1
63310,105,109,-4,4
63311,76,68,8,8
63312,149,141,8,8
63313,99,106,-7,7
63314,120,107,13,13
63315,69,68,1,1
63316,102,93,9,9
63317,59,62,-3,3
63318,54,48,6,6
63319,107,99,8,8
63320,60,65,-5,5
63321,70,59,11,11
63322,219,216,3,3
63323,83,81,2,2
63324,68,64,4,4
63325,89,88,1,1
63326,68,71,-3,3
63327,108,108,0,0
63328,94,89,5,5
63329,90,103,-13,13
63330,171,164,7,7
63331,35,36,-1,1
63332,39,48,-9,9
63333,80,113,-33,33
63334,69,63,6,6
63335,109,108,1,1
63336,112,120,-8,8
63337,127,131,-4,4
63338,87,83,4,4
63339,60,139,-79,79
63340,67,74,-7,7
63341,151,144,7,7
63342,115,113,2,2
63343,86,90,-4,4
63344,97,83,14,14
63345,128,117,11,11
63346,137,126,11,11
63347,102,96,6,6
63348,76,77,-1,1
63349,33,40,-7,7
63350,89,83,6,6
63351,68,70,-2,2
63352,55,54,1,1
63353,104,105,-1,1
63354,98,100,-2,2
63355,67,59,8,8
63356,103,94,9,9
63357,87,82,5,5
63358,92,91,1,1
63359,97,86,11,11
63360,144,140,4,4
63361,94,104,-10,10
63362,95,83,12,12
63363,131,109,22,22
63364,102,93,9,9
63365,132,135,-3,3
63366,83,95,-12,12
63367,127,130,-3,3
63368,71,64,7,7
63369,86,85,1,1
63370,202,186,16,16
63371,181,177,4,4
63372,129,128,1,1
63373,112,103,9,9
63374,118,115,3,3
63375,46,36,10,10
63376,120,96,24,24
63377,55,63,-8,8
63378,141,127,14,14
63379,92,84,8,8
63380,137,143,-6,6
63381,59,60,-1,1
63382,192,204,-12,12
63383,144,148,-4,4
63384,91,90,1,1
63385,111,118,-7,7
63386,52,61,-9,9
63387,135,131,4,4
63388,43,56,-13,13
63389,138,115,23,23
63390,159,138,21,21
63391,88,101,-13,13
63392,63,64,-1,1
63393,90,93,-3,3
63394,101,91,10,10
63395,72,64,8,8
63396,64,56,8,8
63397,81,72,9,9
63398,94,84,10,10
63399,125,114,11,11
63400,64,60,4,4
63401,68,67,1,1
63402,77,78,-1,1
63403,125,130,-5,5
63404,68,66,2,2
63405,131,123,8,8
63406,72,65,7,7
63407,113,105,8,8
63408,136,134,2,2
63409,136,131,5,5
63410,129,117,12,12
63411,118,111,7,7
63412,79,72,7,7
63413,98,92,6,6
63414,117,116,1,1
63415,98,106,-8,8
63416,30,49,-19,19
63417,76,75,1,1
63418,87,80,7,7
63419,110,92,18,18
63420,80,80,0,0
63421,48,59,-11,11
63422,120,113,7,7
63423,98,101,-3,3
63424,43,45,-2,2
63425,84,82,2,2
63426,62,59,3,3
63427,165,168,-3,3
63428,56,57,-1,1
63429,85,87,-2,2
63430,109,98,11,11
63431,149,136,13,13
63432,55,55,0,0
63433,89,83,6,6
63434,68,73,-5,5
63435,68,71,-3,3
63436,146,142,4,4
63437,112,109,3,3
63438,104,103,1,1
63439,49,39,10,10
63440,67,59,8,8
63441,70,66,4,4
63442,109,104,5,5
63443,56,49,7,7
63444,148,142,6,6
63445,97,97,0,0
63446,79,71,8,8
63447,116,102,14,14
63448,97,89,8,8
63449,79,80,-1,1
63450,74,60,14,14
63451,67,59,8,8
63452,118,113,5,5
63453,72,73,-1,1
63454,128,99,29,29
63455,113,117,-4,4
63456,103,112,-9,9
63457,86,89,-3,3
63458,59,58,1,1
63459,114,124,-10,10
63460,125,130,-5,5
63461,105,98,7,7
63462,70,72,-2,2
63463,147,138,9,9
63464,90,78,12,12
63465,81,81,0,0
63466,65,74,-9,9
63467,63,65,-2,2
63468,110,109,1,1
63469,108,96,12,12
63470,62,79,-17,17
63471,107,108,-1,1
63472,47,50,-3,3
63473,76,78,-2,2
63474,92,95,-3,3
63475,129,125,4,4
63476,87,89,-2,2
63477,90,84,6,6
63478,75,73,2,2
63479,69,75,-6,6
63480,61,56,5,5
63481,76,71,5,5
63482,49,49,0,0
63483,133,113,20,20
63484,147,155,-8,8
63485,115,102,13,13
63486,88,92,-4,4
63487,70,67,3,3
63488,77,78,-1,1
63489,64,60,4,4
63490,182,163,19,19
63491,103,102,1,1
63492,91,91,0,0
63493,104,100,4,4
63494,67,64,3,3
63495,90,86,4,4
63496,81,82,-1,1
63497,140,145,-5,5
63498,64,68,-4,4
63499,132,132,0,0
63500,64,57,7,7
63501,117,118,-1,1
63502,86,91,-5,5
63503,216,203,13,13
63504,129,125,4,4
63505,107,103,4,4
63506,114,115,-1,1
63507,99,87,12,12
63508,232,205,27,27
63509,81,84,-3,3
63510,117,122,-5,5
63511,142,147,-5,5
63512,33,33,0,0
63513,80,81,-1,1
63514,95,88,7,7
63515,84,77,7,7
63516,111,116,-5,5
63517,53,58,-5,5
63518,47,53,-6,6
63519,80,78,2,2
63520,81,75,6,6
63521,74,68,6,6
63522,49,47,2,2
63523,124,103,21,21
63524,98,93,5,5
63525,155,154,1,1
63526,58,56,2,2
63527,111,104,7,7
63528,99,99,0,0
63529,124,115,9,9
63530,62,63,-1,1
63531,55,55,0,0
63532,72,66,6,6
63533,62,70,-8,8
63534,74,68,6,6
63535,76,56,20,20
63536,102,96,6,6
63537,87,94,-7,7
63538,136,126,10,10
63539,89,80,9,9
63540,68,67,1,1
63541,67,65,2,2
63542,97,100,-3,3
63543,123,114,9,9
63544,170,159,11,11
63545,120,126,-6,6
63546,110,119,-9,9
63547,100,117,-17,17
63548,37,52,-15,15
63549,84,66,18,18
63550,62,62,0,0
63551,145,129,16,16
63552,106,108,-2,2
63553,115,103,12,12
63554,126,124,2,2
63555,141,153,-12,12
63556,92,85,7,7
63557,110,106,4,4
63558,59,64,-5,5
63559,90,79,11,11
63560,77,73,4,4
63561,70,66,4,4
63562,77,78,-1,1
63563,79,73,6,6
63564,154,145,9,9
63565,137,138,-1,1
63566,106,106,0,0
63567,116,93,23,23
63568,119,108,11,11
63569,65,54,11,11
63570,139,130,9,9
63571,145,134,11,11
63572,141,136,5,5
63573,119,111,8,8
63574,70,67,3,3
63575,78,85,-7,7
63576,75,74,1,1
63577,100,92,8,8
63578,163,158,5,5
63579,162,162,0,0
63580,153,143,10,10
63581,94,93,1,1
63582,74,74,0,0
63583,88,84,4,4
63584,67,73,-6,6
63585,100,110,-10,10
63586,117,125,-8,8
63587,80,77,3,3
63588,95,80,15,15
63589,77,73,4,4
63590,121,116,5,5
63591,141,132,9,9
63592,83,72,11,11
63593,55,57,-2,2
63594,87,73,14,14
63595,76,75,1,1
63596,116,101,15,15
63597,162,196,-34,34
63598,114,113,1,1
63599,79,73,6,6
63600,117,119,-2,2
63601,54,56,-2,2
63602,87,88,-1,1
63603,124,132,-8,8
63604,101,89,12,12
63605,53,49,4,4
63606,133,130,3,3
63607,75,88,-13,13
63608,78,89,-11,11
63609,69,79,-10,10
63610,40,46,-6,6
63611,84,80,4,4
63612,94,94,0,0
63613,75,68,7,7
63614,95,95,0,0
63615,82,92,-10,10
63616,75,74,1,1
63617,141,115,26,26
63618,98,103,-5,5
63619,101,106,-5,5
63620,49,48,1,1
63621,45,47,-2,2
63622,94,93,1,1
63623,132,115,17,17
63624,122,102,20,20
63625,96,93,3,3
63626,89,78,11,11
63627,114,113,1,1
63628,112,106,6,6
63629,55,65,-10,10
63630,63,56,7,7
63631,133,114,19,19
63632,71,78,-7,7
63633,81,71,10,10
63634,104,109,-5,5
63635,97,77,20,20
63636,103,108,-5,5
63637,110,104,6,6
63638,91,85,6,6
63639,60,62,-2,2
63640,58,62,-4,4
63641,91,92,-1,1
63642,69,72,-3,3
63643,75,79,-4,4
63644,175,182,-7,7
63645,62,64,-2,2
63646,121,126,-5,5
63647,64,62,2,2
63648,103,93,10,10
63649,109,63,46,46
63650,111,107,4,4
63651,87,75,12,12
63652,146,140,6,6
63653,68,68,0,0
63654,69,70,-1,1
63655,79,92,-13,13
63656,111,109,2,2
63657,72,58,14,14
63658,110,104,6,6
63659,106,109,-3,3
63660,112,104,8,8
63661,85,76,9,9
63662,153,160,-7,7
63663,102,82,20,20
63664,75,74,1,1
63665,123,106,17,17
63666,80,91,-11,11
63667,81,79,2,2
63668,76,74,2,2
63669,107,100,7,7
63670,163,158,5,5
63671,75,83,-8,8
63672,83,79,4,4
63673,72,66,6,6
63674,73,70,3,3
63675,47,60,-13,13
63676,127,122,5,5
63677,31,47,-16,16
63678,88,83,5,5
63679,131,131,0,0
63680,140,160,-20,20
63681,172,171,1,1
63682,86,77,9,9
63683,137,133,4,4
63684,108,109,-1,1
63685,67,61,6,6
63686,157,165,-8,8
63687,42,53,-11,11
63688,81,89,-8,8
63689,96,83,13,13
63690,189,186,3,3
63691,97,107,-10,10
63692,82,95,-13,13
63693,105,98,7,7
63694,107,95,12,12
63695,81,80,1,1
63696,44,47,-3,3
63697,93,94,-1,1
63698,63,62,1,1
63699,46,94,-48,48
63700,128,131,-3,3
63701,133,141,-8,8
63702,40,39,1,1
63703,119,116,3,3
63704,100,96,4,4
63705,96,101,-5,5
63706,84,86,-2,2
63707,188,191,-3,3
63708,66,62,4,4
63709,145,151,-6,6
63710,50,59,-9,9
63711,74,64,10,10
63712,82,77,5,5
63713,92,85,7,7
63714,131,130,1,1
63715,69,69,0,0
63716,97,84,13,13
63717,137,132,5,5
63718,98,100,-2,2
63719,67,69,-2,2
63720,107,107,0,0
63721,49,48,1,1
63722,76,77,-1,1
63723,66,64,2,2
63724,170,160,10,10
63725,101,109,-8,8
63726,95,80,15,15
63727,76,87,-11,11
63728,82,84,-2,2
63729,84,79,5,5
63730,106,115,-9,9
63731,64,76,-12,12
63732,91,99,-8,8
63733,86,81,5,5
63734,54,57,-3,3
63735,82,107,-25,25
63736,89,88,1,1
63737,97,96,1,1
63738,161,151,10,10
63739,48,43,5,5
63740,109,103,6,6
63741,159,150,9,9
63742,106,105,1,1
63743,181,157,24,24
63744,129,134,-5,5
63745,101,107,-6,6
63746,114,110,4,4
63747,126,115,11,11
63748,168,150,18,18
63749,95,93,2,2
63750,80,73,7,7
63751,96,90,6,6
63752,35,44,-9,9
63753,73,73,0,0
63754,89,80,9,9
63755,107,97,10,10
63756,88,96,-8,8
63757,92,94,-2,2
63758,91,77,14,14
63759,91,81,10,10
63760,120,139,-19,19
63761,82,77,5,5
63762,80,84,-4,4
63763,55,49,6,6
63764,76,68,8,8
63765,72,62,10,10
63766,105,97,8,8
63767,113,108,5,5
63768,67,70,-3,3
63769,101,106,-5,5
63770,80,83,-3,3
63771,80,78,2,2
63772,96,82,14,14
63773,71,69,2,2
63774,148,159,-11,11
63775,72,67,5,5
63776,127,136,-9,9
63777,75,72,3,3
63778,83,85,-2,2
63779,90,95,-5,5
63780,86,88,-2,2
63781,75,79,-4,4
63782,72,75,-3,3
63783,70,64,6,6
63784,105,95,10,10
63785,41,54,-13,13
63786,68,66,2,2
63787,86,83,3,3
63788,64,56,8,8
63789,86,90,-4,4
63790,51,65,-14,14
63791,124,110,14,14
63792,88,89,-1,1
63793,93,98,-5,5
63794,54,70,-16,16
63795,71,61,10,10
63796,132,139,-7,7
63797,101,97,4,4
63798,172,157,15,15
63799,176,171,5,5
63800,173,179,-6,6
63801,130,135,-5,5
63802,79,70,9,9
63803,102,106,-4,4
63804,133,128,5,5
63805,90,72,18,18
63806,102,97,5,5
63807,65,65,0,0
63808,128,118,10,10
63809,159,115,44,44
63810,57,62,-5,5
63811,171,162,9,9
63812,66,69,-3,3
63813,165,154,11,11
63814,51,54,-3,3
63815,111,110,1,1
63816,211,184,27,27
63817,89,77,12,12
63818,74,70,4,4
63819,86,92,-6,6
63820,129,95,34,34
63821,67,57,10,10
63822,112,109,3,3
63823,102,85,17,17
63824,76,68,8,8
63825,67,71,-4,4
63826,96,90,6,6
63827,115,119,-4,4
63828,95,98,-3,3
63829,129,121,8,8
63830,78,68,10,10
63831,58,61,-3,3
63832,93,89,4,4
63833,53,46,7,7
63834,62,67,-5,5
63835,89,96,-7,7
63836,110,104,6,6
63837,109,119,-10,10
63838,34,65,-31,31
63839,94,78,16,16
63840,54,59,-5,5
63841,111,110,1,1
63842,128,128,0,0
63843,141,138,3,3
63844,92,84,8,8
63845,102,80,22,22
63846,94,99,-5,5
63847,130,118,12,12
63848,93,97,-4,4
63849,86,71,15,15
63850,102,105,-3,3
63851,137,123,14,14
63852,55,44,11,11
63853,118,115,3,3
63854,121,120,1,1
63855,155,144,11,11
63856,71,72,-1,1
63857,140,141,-1,1
63858,64,76,-12,12
63859,110,122,-12,12
63860,119,122,-3,3
63861,55,55,0,0
63862,80,78,2,2
63863,142,127,15,15
63864,44,51,-7,7
63865,111,117,-6,6
63866,113,110,3,3
63867,146,131,15,15
63868,169,170,-1,1
63869,129,117,12,12
63870,76,79,-3,3
63871,67,61,6,6
63872,75,76,-1,1
63873,68,71,-3,3
63874,74,80,-6,6
63875,80,73,7,7
63876,33,41,-8,8
63877,91,87,4,4
63878,75,67,8,8
63879,94,89,5,5
63880,142,132,10,10
63881,50,130,-80,80
63882,193,192,1,1
63883,81,83,-2,2
63884,111,104,7,7
63885,130,132,-2,2
63886,51,59,-8,8
63887,73,67,6,6
63888,136,140,-4,4
63889,94,89,5,5
63890,111,96,15,15
63891,119,117,2,2
63892,101,102,-1,1
63893,79,67,12,12
63894,92,92,0,0
63895,84,72,12,12
63896,48,49,-1,1
63897,105,107,-2,2
63898,87,73,14,14
63899,91,95,-4,4
63900,78,93,-15,15
63901,136,147,-11,11
63902,123,115,8,8
63903,130,132,-2,2
63904,126,124,2,2
63905,84,98,-14,14
63906,122,122,0,0
63907,124,121,3,3
63908,117,111,6,6
63909,49,48,1,1
63910,63,58,5,5
63911,64,56,8,8
63912,57,59,-2,2
63913,37,50,-13,13
63914,38,44,-6,6
63915,56,54,2,2
63916,137,128,9,9
63917,109,110,-1,1
63918,158,151,7,7
63919,112,116,-4,4
63920,96,101,-5,5
63921,99,107,-8,8
63922,68,66,2,2
63923,94,94,0,0
63924,118,111,7,7
63925,80,82,-2,2
63926,78,87,-9,9
63927,94,86,8,8
63928,172,177,-5,5
63929,39,45,-6,6
63930,62,76,-14,14
63931,152,135,17,17
63932,120,109,11,11
63933,90,78,12,12
63934,105,98,7,7
63935,80,73,7,7
63936,58,63,-5,5
63937,51,59,-8,8
63938,90,89,1,1
63939,107,104,3,3
63940,71,71,0,0
63941,61,73,-12,12
63942,111,135,-24,24
63943,88,85,3,3
63944,56,61,-5,5
63945,93,91,2,2
63946,106,99,7,7
63947,96,88,8,8
63948,81,79,2,2
63949,63,62,1,1
63950,112,122,-10,10
63951,120,111,9,9
63952,59,56,3,3
63953,103,88,15,15
63954,50,55,-5,5
63955,115,95,20,20
63956,54,69,-15,15
63957,71,70,1,1
63958,59,64,-5,5
63959,115,96,19,19
63960,47,51,-4,4
63961,100,87,13,13
63962,77,78,-1,1
63963,195,178,17,17
63964,118,108,10,10
63965,90,83,7,7
63966,101,98,3,3
63967,141,123,18,18
63968,153,145,8,8
63969,72,83,-11,11
63970,76,80,-4,4
63971,141,113,28,28
63972,168,158,10,10
63973,189,168,21,21
63974,52,54,-2,2
63975,90,84,6,6
63976,81,84,-3,3
63977,54,56,-2,2
63978,128,118,10,10
63979,86,87,-1,1
63980,65,70,-5,5
63981,53,55,-2,2
63982,57,63,-6,6
63983,90,68,22,22
63984,73,80,-7,7
63985,75,80,-5,5
63986,85,80,5,5
63987,143,144,-1,1
63988,44,60,-16,16
63989,81,68,13,13
63990,76,86,-10,10
63991,126,122,4,4
63992,46,59,-13,13
63993,139,123,16,16
63994,154,142,12,12
63995,161,164,-3,3
63996,59,54,5,5
63997,78,79,-1,1
63998,85,82,3,3
63999,48,59,-11,11
64000,71,67,4,4
64001,79,79,0,0
64002,65,66,-1,1
64003,78,73,5,5
64004,117,117,0,0
64005,51,54,-3,3
64006,153,72,81,81
64007,118,118,0,0
64008,66,61,5,5
64009,75,86,-11,11
64010,102,104,-2,2
64011,85,85,0,0
64012,64,66,-2,2
64013,95,98,-3,3
64014,160,147,13,13
64015,94,82,12,12
64016,68,75,-7,7
64017,180,182,-2,2
64018,52,81,-29,29
64019,106,110,-4,4
64020,85,82,3,3
64021,115,120,-5,5
64022,57,55,2,2
64023,104,101,3,3
64024,53,55,-2,2
64025,79,71,8,8
64026,68,78,-10,10
64027,86,73,13,13
64028,121,111,10,10
64029,54,56,-2,2
64030,74,70,4,4
64031,122,144,-22,22
64032,67,56,11,11
64033,128,136,-8,8
64034,56,55,1,1
64035,146,148,-2,2
64036,111,120,-9,9
64037,86,88,-2,2
64038,96,82,14,14
64039,144,154,-10,10
64040,73,70,3,3
64041,50,51,-1,1
64042,179,181,-2,2
64043,83,79,4,4
64044,62,63,-1,1
64045,103,104,-1,1
64046,101,98,3,3
64047,59,59,0,0
64048,74,63,11,11
64049,72,78,-6,6
64050,75,81,-6,6
64051,109,113,-4,4
64052,102,91,11,11
64053,143,135,8,8
64054,83,95,-12,12
64055,156,156,0,0
64056,124,118,6,6
64057,80,78,2,2
64058,161,147,14,14
64059,54,61,-7,7
64060,75,82,-7,7
64061,155,134,21,21
64062,117,100,17,17
64063,130,132,-2,2
64064,225,192,33,33
64065,94,89,5,5
64066,63,55,8,8
64067,72,65,7,7
64068,179,171,8,8
64069,141,139,2,2
64070,82,70,12,12
64071,62,58,4,4
64072,122,130,-8,8
64073,79,71,8,8
64074,93,76,17,17
64075,137,159,-22,22
64076,110,111,-1,1
64077,137,136,1,1
64078,84,74,10,10
64079,64,59,5,5
64080,64,53,11,11
64081,56,58,-2,2
64082,70,76,-6,6
64083,76,78,-2,2
64084,118,110,8,8
64085,88,76,12,12
64086,81,81,0,0
64087,129,111,18,18
64088,64,70,-6,6
64089,97,87,10,10
64090,123,129,-6,6
64091,86,70,16,16
64092,97,84,13,13
64093,115,114,1,1
64094,96,108,-12,12
64095,77,78,-1,1
64096,168,187,-19,19
64097,51,50,1,1
64098,90,72,18,18
64099,56,61,-5,5
64100,71,83,-12,12
64101,107,111,-4,4
64102,94,82,12,12
64103,46,56,-10,10
64104,118,105,13,13
64105,129,127,2,2
64106,106,115,-9,9
64107,81,80,1,1
64108,82,76,6,6
64109,56,59,-3,3
64110,79,73,6,6
64111,71,71,0,0
64112,148,154,-6,6
64113,205,191,14,14
64114,142,124,18,18
64115,85,70,15,15
64116,47,51,-4,4
64117,91,85,6,6
64118,108,99,9,9
64119,73,70,3,3
64120,102,111,-9,9
64121,129,132,-3,3
64122,130,164,-34,34
64123,103,92,11,11
64124,70,85,-15,15
64125,90,83,7,7
64126,118,127,-9,9
64127,85,76,9,9
64128,63,68,-5,5
64129,62,61,1,1
64130,93,89,4,4
64131,66,88,-22,22
64132,57,59,-2,2
64133,43,56,-13,13
64134,104,103,1,1
64135,131,108,23,23
64136,88,81,7,7
64137,79,78,1,1
64138,83,69,14,14
64139,77,74,3,3
64140,82,79,3,3
64141,109,105,4,4
64142,118,107,11,11
64143,134,134,0,0
64144,124,125,-1,1
64145,105,107,-2,2
64146,102,90,12,12
64147,109,103,6,6
64148,100,98,2,2
64149,84,93,-9,9
64150,88,85,3,3
64151,86,79,7,7
64152,92,80,12,12
64153,125,122,3,3
64154,70,75,-5,5
64155,167,141,26,26
64156,151,162,-11,11
64157,80,61,19,19
64158,125,109,16,16
64159,140,151,-11,11
64160,101,100,1,1
64161,68,59,9,9
64162,48,53,-5,5
64163,105,97,8,8
64164,72,68,4,4
64165,73,79,-6,6
64166,139,126,13,13
64167,88,89,-1,1
64168,65,104,-39,39
64169,100,94,6,6
64170,150,148,2,2
64171,116,113,3,3
64172,64,70,-6,6
64173,115,104,11,11
64174,58,57,1,1
64175,132,142,-10,10
64176,91,82,9,9
64177,75,74,1,1
64178,98,99,-1,1
64179,109,106,3,3
64180,115,102,13,13
64181,86,94,-8,8
64182,100,84,16,16
64183,77,79,-2,2
64184,156,161,-5,5
64185,63,47,16,16
64186,81,80,1,1
64187,95,86,9,9
64188,70,65,5,5
64189,100,99,1,1
64190,92,85,7,7
64191,150,149,1,1
64192,99,102,-3,3
64193,133,131,2,2
64194,46,48,-2,2
64195,99,84,15,15
64196,128,115,13,13
64197,77,76,1,1
64198,77,78,-1,1
64199,62,65,-3,3
64200,175,166,9,9
64201,183,184,-1,1
64202,80,93,-13,13
64203,124,116,8,8
64204,116,112,4,4
64205,140,145,-5,5
64206,74,67,7,7
64207,104,119,-15,15
64208,43,49,-6,6
64209,191,176,15,15
64210,245,231,14,14
64211,94,87,7,7
64212,110,111,-1,1
64213,86,82,4,4
64214,49,55,-6,6
64215,116,121,-5,5
64216,58,56,2,2
64217,51,55,-4,4
64218,96,92,4,4
64219,73,72,1,1
64220,100,102,-2,2
64221,83,133,-50,50
64222,130,128,2,2
64223,64,63,1,1
64224,77,80,-3,3
64225,126,139,-13,13
64226,52,47,5,5
64227,84,77,7,7
64228,69,85,-16,16
64229,107,124,-17,17
64230,104,92,12,12
64231,55,55,0,0
64232,87,91,-4,4
64233,88,87,1,1
64234,147,135,12,12
64235,122,119,3,3
64236,120,112,8,8
64237,166,161,5,5
64238,80,82,-2,2
64239,122,126,-4,4
64240,43,41,2,2
64241,121,113,8,8
64242,70,74,-4,4
64243,101,102,-1,1
64244,57,59,-2,2
64245,100,107,-7,7
64246,52,62,-10,10
64247,69,76,-7,7
64248,52,43,9,9
64249,60,64,-4,4
64250,74,75,-1,1
64251,92,91,1,1
64252,47,55,-8,8
64253,91,90,1,1
64254,72,79,-7,7
64255,45,39,6,6
64256,70,77,-7,7
64257,119,121,-2,2
64258,113,113,0,0
64259,51,54,-3,3
64260,56,57,-1,1
64261,95,91,4,4
64262,82,90,-8,8
64263,79,78,1,1
64264,70,63,7,7
64265,78,77,1,1
64266,94,97,-3,3
64267,68,69,-1,1
64268,87,87,0,0
64269,164,188,-24,24
64270,101,90,11,11
64271,145,145,0,0
64272,50,52,-2,2
64273,65,80,-15,15
64274,108,97,11,11
64275,77,72,5,5
64276,153,127,26,26
64277,113,105,8,8
64278,181,154,27,27
64279,52,49,3,3
64280,96,92,4,4
64281,139,133,6,6
64282,91,92,-1,1
64283,73,70,3,3
64284,77,78,-1,1
64285,71,68,3,3
64286,51,53,-2,2
64287,90,80,10,10
64288,68,62,6,6
64289,73,71,2,2
64290,94,104,-10,10
64291,69,65,4,4
64292,90,87,3,3
64293,154,157,-3,3
64294,163,144,19,19
64295,74,73,1,1
64296,55,56,-1,1
64297,73,75,-2,2
64298,33,41,-8,8
64299,154,150,4,4
64300,70,51,19,19
64301,72,70,2,2
64302,96,98,-2,2
64303,117,120,-3,3
64304,127,131,-4,4
64305,84,84,0,0
64306,99,100,-1,1
64307,72,79,-7,7
64308,144,135,9,9
64309,74,75,-1,1
64310,75,69,6,6
64311,89,83,6,6
64312,122,111,11,11
64313,165,160,5,5
64314,45,49,-4,4
64315,82,87,-5,5
64316,84,77,7,7
64317,166,163,3,3
64318,140,125,15,15
64319,96,95,1,1
64320,73,69,4,4
64321,200,190,10,10
64322,113,105,8,8
64323,137,129,8,8
64324,87,90,-3,3
64325,127,125,2,2
64326,74,62,12,12
64327,89,84,5,5
64328,128,135,-7,7
64329,73,71,2,2
64330,53,51,2,2
64331,26,50,-24,24
64332,104,109,-5,5
64333,91,83,8,8
64334,157,151,6,6
64335,93,85,8,8
64336,125,124,1,1
64337,66,55,11,11
64338,125,120,5,5
64339,144,102,42,42
64340,106,97,9,9
64341,129,115,14,14
64342,86,91,-5,5
64343,188,180,8,8
64344,142,133,9,9
64345,54,56,-2,2
64346,185,164,21,21
64347,152,144,8,8
64348,55,56,-1,1
64349,74,73,1,1
64350,132,134,-2,2
64351,80,78,2,2
64352,77,77,0,0
64353,67,79,-12,12
64354,71,64,7,7
64355,129,115,14,14
64356,116,104,12,12
64357,97,85,12,12
64358,39,40,-1,1
64359,44,48,-4,4
64360,73,68,5,5
64361,78,77,1,1
64362,68,59,9,9
64363,57,51,6,6
64364,97,77,20,20
64365,77,72,5,5
64366,159,159,0,0
64367,144,128,16,16
64368,58,60,-2,2
64369,74,79,-5,5
64370,47,55,-8,8
64371,86,85,1,1
64372,95,80,15,15
64373,74,69,5,5
64374,84,95,-11,11
64375,175,168,7,7
64376,47,42,5,5
64377,110,99,11,11
64378,181,181,0,0
64379,117,115,2,2
64380,77,58,19,19
64381,88,74,14,14
64382,84,91,-7,7
64383,56,52,4,4
64384,49,54,-5,5
64385,75,80,-5,5
64386,58,59,-1,1
64387,110,109,1,1
64388,80,79,1,1
64389,120,131,-11,11
64390,79,100,-21,21
64391,107,105,2,2
64392,79,76,3,3
64393,69,80,-11,11
64394,36,49,-13,13
64395,106,104,2,2
64396,64,62,2,2
64397,91,99,-8,8
64398,70,75,-5,5
64399,69,64,5,5
64400,75,77,-2,2
64401,54,56,-2,2
64402,69,75,-6,6
64403,105,104,1,1
64404,67,71,-4,4
64405,28,32,-4,4
64406,57,58,-1,1
64407,46,46,0,0
64408,52,57,-5,5
64409,122,126,-4,4
64410,101,98,3,3
64411,129,125,4,4
64412,143,157,-14,14
64413,193,180,13,13
64414,55,52,3,3
64415,92,89,3,3
64416,107,84,23,23
64417,137,117,20,20
64418,100,97,3,3
64419,61,73,-12,12
64420,113,97,16,16
64421,112,106,6,6
64422,78,66,12,12
64423,82,83,-1,1
64424,58,62,-4,4
64425,65,56,9,9
64426,52,57,-5,5
64427,106,102,4,4
64428,47,54,-7,7
64429,72,82,-10,10
64430,75,77,-2,2
64431,135,146,-11,11
64432,87,88,-1,1
64433,175,168,7,7
64434,99,107,-8,8
64435,50,58,-8,8
64436,90,84,6,6
64437,83,84,-1,1
64438,68,73,-5,5
64439,85,90,-5,5
64440,73,75,-2,2
64441,58,66,-8,8
64442,78,73,5,5
64443,89,91,-2,2
64444,49,47,2,2
64445,73,65,8,8
64446,108,77,31,31
64447,60,62,-2,2
64448,142,131,11,11
64449,217,201,16,16
64450,57,50,7,7
64451,61,59,2,2
64452,82,76,6,6
64453,73,69,4,4
64454,108,104,4,4
64455,139,151,-12,12
64456,80,79,1,1
64457,218,214,4,4
64458,119,115,4,4
64459,105,102,3,3
64460,57,57,0,0
64461,106,106,0,0
64462,74,85,-11,11
64463,77,79,-2,2
64464,143,133,10,10
64465,103,100,3,3
64466,120,111,9,9
64467,124,106,18,18
64468,112,105,7,7
64469,105,95,10,10
64470,144,143,1,1
64471,97,92,5,5
64472,65,60,5,5
64473,74,75,-1,1
64474,55,50,5,5
64475,80,79,1,1
64476,115,109,6,6
64477,145,148,-3,3
64478,103,112,-9,9
64479,132,121,11,11
64480,46,40,6,6
64481,59,56,3,3
64482,83,76,7,7
64483,150,156,-6,6
64484,182,176,6,6
64485,44,54,-10,10
64486,64,70,-6,6
64487,53,58,-5,5
64488,78,83,-5,5
64489,112,118,-6,6
64490,109,105,4,4
64491,95,104,-9,9
64492,62,84,-22,22
64493,57,53,4,4
64494,130,132,-2,2
64495,101,95,6,6
64496,135,134,1,1
64497,100,114,-14,14
64498,107,113,-6,6
64499,97,104,-7,7
64500,79,74,5,5
64501,80,82,-2,2
64502,94,71,23,23
64503,122,113,9,9
64504,57,58,-1,1
64505,58,57,1,1
64506,76,74,2,2
64507,144,115,29,29
64508,51,52,-1,1
64509,54,57,-3,3
64510,85,87,-2,2
64511,61,59,2,2
64512,148,126,22,22
64513,33,34,-1,1
64514,99,88,11,11
64515,117,110,7,7
64516,82,76,6,6
64517,54,92,-38,38
64518,144,137,7,7
64519,141,139,2,2
64520,80,86,-6,6
64521,203,186,17,17
64522,93,90,3,3
64523,65,68,-3,3
64524,61,55,6,6
64525,139,132,7,7
64526,84,85,-1,1
64527,72,78,-6,6
64528,68,72,-4,4
64529,56,64,-8,8
64530,101,102,-1,1
64531,63,72,-9,9
64532,94,88,6,6
64533,120,115,5,5
64534,113,122,-9,9
64535,32,40,-8,8
64536,94,104,-10,10
64537,116,111,5,5
64538,101,97,4,4
64539,57,60,-3,3
64540,144,139,5,5
64541,76,70,6,6
64542,94,96,-2,2
64543,80,79,1,1
64544,100,101,-1,1
64545,150,148,2,2
64546,85,92,-7,7
64547,77,72,5,5
64548,75,74,1,1
64549,170,157,13,13
64550,138,153,-15,15
64551,74,75,-1,1
64552,83,79,4,4
64553,193,192,1,1
64554,95,82,13,13
64555,132,135,-3,3
64556,69,70,-1,1
64557,120,138,-18,18
64558,102,91,11,11
64559,87,80,7,7
64560,133,114,19,19
64561,106,107,-1,1
64562,90,99,-9,9
64563,61,72,-11,11
64564,87,86,1,1
64565,130,125,5,5
64566,77,76,1,1
64567,80,92,-12,12
64568,95,72,23,23
64569,64,59,5,5
64570,57,65,-8,8
64571,70,65,5,5
64572,111,113,-2,2
64573,54,63,-9,9
64574,142,166,-24,24
64575,52,52,0,0
64576,47,54,-7,7
64577,133,143,-10,10
64578,140,148,-8,8
64579,60,63,-3,3
64580,186,171,15,15
64581,77,73,4,4
64582,101,90,11,11
64583,59,57,2,2
64584,121,134,-13,13
64585,104,112,-8,8
64586,155,128,27,27
64587,83,77,6,6
64588,77,70,7,7
64589,123,113,10,10
64590,59,53,6,6
64591,105,92,13,13
64592,75,83,-8,8
64593,116,107,9,9
64594,72,69,3,3
64595,149,153,-4,4
64596,119,105,14,14
64597,63,70,-7,7
64598,87,80,7,7
64599,137,131,6,6
64600,82,74,8,8
64601,125,122,3,3
64602,36,46,-10,10
64603,67,76,-9,9
64604,116,113,3,3
64605,155,144,11,11
64606,103,92,11,11
64607,104,96,8,8
64608,143,137,6,6
64609,123,123,0,0
64610,121,112,9,9
64611,87,77,10,10
64612,72,75,-3,3
64613,49,62,-13,13
64614,69,76,-7,7
64615,72,91,-19,19
64616,116,104,12,12
64617,138,144,-6,6
64618,97,103,-6,6
64619,63,58,5,5
64620,109,91,18,18
64621,80,71,9,9
64622,96,93,3,3
64623,98,94,4,4
64624,101,109,-8,8
64625,143,147,-4,4
64626,90,84,6,6
64627,85,89,-4,4
64628,120,128,-8,8
64629,65,60,5,5
64630,161,144,17,17
64631,124,109,15,15
64632,103,102,1,1
64633,99,96,3,3
64634,121,132,-11,11
64635,122,118,4,4
64636,104,114,-10,10
64637,160,177,-17,17
64638,109,85,24,24
64639,63,67,-4,4
64640,112,107,5,5
64641,88,79,9,9
64642,88,84,4,4
64643,101,111,-10,10
64644,50,51,-1,1
64645,170,176,-6,6
64646,64,71,-7,7
64647,102,110,-8,8
64648,93,89,4,4
64649,132,128,4,4
64650,75,76,-1,1
64651,84,79,5,5
64652,60,69,-9,9
64653,103,115,-12,12
64654,58,63,-5,5
64655,153,139,14,14
64656,135,122,13,13
64657,62,64,-2,2
64658,162,152,10,10
64659,74,83,-9,9
64660,90,88,2,2
64661,127,127,0,0
64662,97,107,-10,10
64663,102,93,9,9
64664,117,100,17,17
64665,38,40,-2,2
64666,114,108,6,6
64667,45,38,7,7
64668,100,95,5,5
64669,61,59,2,2
64670,101,93,8,8
64671,120,118,2,2
64672,152,146,6,6
64673,84,83,1,1
64674,100,86,14,14
64675,108,104,4,4
64676,124,134,-10,10
64677,148,151,-3,3
64678,46,48,-2,2
64679,119,122,-3,3
64680,118,107,11,11
64681,52,57,-5,5
64682,104,107,-3,3
64683,82,91,-9,9
64684,100,86,14,14
64685,118,105,13,13
64686,70,70,0,0
64687,104,89,15,15
64688,141,137,4,4
64689,97,92,5,5
64690,24,50,-26,26
64691,192,170,22,22
64692,71,64,7,7
64693,78,84,-6,6
64694,46,52,-6,6
64695,79,83,-4,4
64696,153,149,4,4
64697,88,96,-8,8
64698,64,67,-3,3
64699,81,75,6,6
64700,81,83,-2,2
64701,105,105,0,0
64702,88,91,-3,3
64703,120,122,-2,2
64704,68,61,7,7
64705,84,80,4,4
64706,121,117,4,4
64707,80,71,9,9
64708,138,136,2,2
64709,90,85,5,5
64710,87,89,-2,2
64711,92,88,4,4
64712,111,121,-10,10
64713,77,70,7,7
64714,74,79,-5,5
64715,170,156,14,14
64716,77,76,1,1
64717,117,130,-13,13
64718,151,138,13,13
64719,84,84,0,0
64720,108,116,-8,8
64721,69,72,-3,3
64722,121,123,-2,2
64723,94,101,-7,7
64724,41,45,-4,4
64725,140,134,6,6
64726,76,64,12,12
64727,85,72,13,13
64728,104,116,-12,12
64729,48,50,-2,2
64730,128,139,-11,11
64731,68,68,0,0
64732,70,61,9,9
64733,93,81,12,12
64734,69,87,-18,18
64735,56,62,-6,6
64736,96,97,-1,1
64737,50,54,-4,4
64738,64,63,1,1
64739,69,69,0,0
64740,89,86,3,3
64741,75,80,-5,5
64742,77,73,4,4
64743,68,62,6,6
64744,59,105,-46,46
64745,140,108,32,32
64746,79,70,9,9
64747,46,42,4,4
64748,54,50,4,4
64749,89,93,-4,4
64750,99,99,0,0
64751,68,66,2,2
64752,86,94,-8,8
64753,106,90,16,16
64754,82,75,7,7
64755,97,110,-13,13
64756,29,48,-19,19
64757,99,102,-3,3
64758,119,119,0,0
64759,102,101,1,1
64760,104,107,-3,3
64761,148,122,26,26
64762,146,138,8,8
64763,107,91,16,16
64764,49,59,-10,10
64765,45,38,7,7
64766,133,128,5,5
64767,102,92,10,10
64768,110,118,-8,8
64769,100,98,2,2
64770,112,106,6,6
64771,59,61,-2,2
64772,73,68,5,5
64773,115,125,-10,10
64774,88,82,6,6
64775,77,89,-12,12
64776,133,128,5,5
64777,86,86,0,0
64778,74,65,9,9
64779,125,126,-1,1
64780,97,100,-3,3
64781,71,63,8,8
64782,42,48,-6,6
64783,140,140,0,0
64784,70,70,0,0
64785,76,78,-2,2
64786,59,60,-1,1
64787,87,85,2,2
64788,134,116,18,18
64789,173,165,8,8
64790,47,53,-6,6
64791,112,96,16,16
64792,94,103,-9,9
64793,81,75,6,6
64794,152,150,2,2
64795,56,63,-7,7
64796,72,69,3,3
64797,82,84,-2,2
64798,68,63,5,5
64799,87,89,-2,2
64800,116,132,-16,16
64801,49,42,7,7
64802,124,123,1,1
64803,146,156,-10,10
64804,151,146,5,5
64805,67,87,-20,20
64806,57,88,-31,31
64807,147,147,0,0
64808,104,105,-1,1
64809,124,123,1,1
64810,46,48,-2,2
64811,118,117,1,1
64812,110,108,2,2
64813,82,79,3,3
64814,97,91,6,6
64815,104,90,14,14
64816,46,45,1,1
64817,76,87,-11,11
64818,66,76,-10,10
64819,51,49,2,2
64820,63,54,9,9
64821,81,69,12,12
64822,110,102,8,8
64823,160,159,1,1
64824,65,63,2,2
64825,43,48,-5,5
64826,67,128,-61,61
64827,104,100,4,4
64828,83,88,-5,5
64829,57,65,-8,8
64830,139,138,1,1
64831,78,80,-2,2
64832,68,61,7,7
64833,91,97,-6,6
64834,117,123,-6,6
64835,117,115,2,2
64836,110,114,-4,4
64837,67,63,4,4
64838,89,90,-1,1
64839,96,107,-11,11
64840,92,103,-11,11
64841,87,89,-2,2
64842,92,75,17,17
64843,59,61,-2,2
64844,66,58,8,8
64845,160,166,-6,6
64846,188,171,17,17
64847,96,95,1,1
64848,75,80,-5,5
64849,140,136,4,4
64850,95,92,3,3
64851,83,79,4,4
64852,103,102,1,1
64853,81,87,-6,6
64854,87,86,1,1
64855,90,94,-4,4
64856,66,65,1,1
64857,100,93,7,7
64858,75,74,1,1
64859,50,39,11,11
64860,68,70,-2,2
64861,82,73,9,9
64862,72,68,4,4
64863,56,64,-8,8
64864,113,116,-3,3
64865,41,48,-7,7
64866,56,63,-7,7
64867,92,85,7,7
64868,68,63,5,5
64869,63,57,6,6
64870,111,115,-4,4
64871,74,72,2,2
64872,91,92,-1,1
64873,84,133,-49,49
64874,107,120,-13,13
64875,95,85,10,10
64876,80,73,7,7
64877,125,124,1,1
64878,57,57,0,0
64879,115,119,-4,4
64880,117,115,2,2
64881,71,73,-2,2
64882,72,68,4,4
64883,199,186,13,13
64884,100,101,-1,1
64885,75,61,14,14
64886,78,71,7,7
64887,82,76,6,6
64888,85,80,5,5
64889,53,62,-9,9
64890,89,86,3,3
64891,111,99,12,12
64892,58,58,0,0
64893,74,63,11,11
64894,106,124,-18,18
64895,139,139,0,0
64896,94,88,6,6
64897,66,60,6,6
64898,140,127,13,13
64899,100,91,9,9
64900,60,56,4,4
64901,118,99,19,19
64902,108,100,8,8
64903,131,118,13,13
64904,141,153,-12,12
64905,107,101,6,6
64906,65,78,-13,13
64907,104,112,-8,8
64908,121,133,-12,12
64909,93,97,-4,4
64910,85,87,-2,2
64911,77,56,21,21
64912,113,91,22,22
64913,44,49,-5,5
64914,110,130,-20,20
64915,75,68,7,7
64916,65,69,-4,4
64917,59,58,1,1
64918,102,90,12,12
64919,93,115,-22,22
64920,85,84,1,1
64921,57,59,-2,2
64922,129,122,7,7
64923,45,54,-9,9
64924,60,73,-13,13
64925,89,95,-6,6
64926,93,91,2,2
64927,104,100,4,4
64928,55,59,-4,4
64929,83,83,0,0
64930,137,132,5,5
64931,109,95,14,14
64932,69,69,0,0
64933,110,117,-7,7
64934,119,99,20,20
64935,97,88,9,9
64936,81,79,2,2
64937,104,102,2,2
64938,71,77,-6,6
64939,50,56,-6,6
64940,136,125,11,11
64941,70,70,0,0
64942,63,71,-8,8
64943,90,86,4,4
64944,102,98,4,4
64945,50,49,1,1
64946,138,121,17,17
64947,103,123,-20,20
64948,127,121,6,6
64949,129,133,-4,4
64950,144,142,2,2
64951,52,61,-9,9
64952,72,73,-1,1
64953,94,97,-3,3
64954,77,74,3,3
64955,62,66,-4,4
64956,91,91,0,0
64957,58,57,1,1
64958,78,72,6,6
64959,63,59,4,4
64960,111,99,12,12
64961,87,85,2,2
64962,85,78,7,7
64963,224,202,22,22
64964,99,83,16,16
64965,84,76,8,8
64966,101,98,3,3
64967,156,122,34,34
64968,50,53,-3,3
64969,82,73,9,9
64970,190,196,-6,6
64971,127,141,-14,14
64972,61,61,0,0
64973,100,101,-1,1
64974,81,81,0,0
64975,141,126,15,15
64976,80,67,13,13
64977,67,63,4,4
64978,90,94,-4,4
64979,81,69,12,12
64980,55,55,0,0
64981,85,85,0,0
64982,36,46,-10,10
64983,87,72,15,15
64984,73,79,-6,6
64985,90,79,11,11
64986,69,74,-5,5
64987,88,87,1,1
64988,64,64,0,0
64989,56,60,-4,4
64990,130,124,6,6
64991,59,60,-1,1
64992,140,147,-7,7
64993,129,111,18,18
64994,122,116,6,6
64995,69,61,8,8
64996,65,70,-5,5
64997,103,102,1,1
64998,36,41,-5,5
64999,193,193,0,0
65000,123,115,8,8
65001,77,77,0,0
65002,75,65,10,10
65003,85,93,-8,8
65004,124,125,-1,1
65005,148,152,-4,4
65006,92,92,0,0
65007,70,62,8,8
65008,129,119,10,10
65009,51,47,4,4
65010,98,86,12,12
65011,130,124,6,6
65012,134,132,2,2
65013,89,81,8,8
65014,83,89,-6,6
65015,89,93,-4,4
65016,101,97,4,4
65017,110,95,15,15
65018,68,62,6,6
65019,68,60,8,8
65020,72,75,-3,3
65021,77,86,-9,9
65022,147,130,17,17
65023,117,116,1,1
65024,79,95,-16,16
65025,103,104,-1,1
65026,65,63,2,2
65027,102,98,4,4
65028,66,65,1,1
65029,101,98,3,3
65030,77,74,3,3
65031,58,61,-3,3
65032,75,71,4,4
65033,50,74,-24,24
65034,116,114,2,2
65035,78,72,6,6
65036,111,98,13,13
65037,35,37,-2,2
65038,94,91,3,3
65039,136,131,5,5
65040,71,64,7,7
65041,94,99,-5,5
65042,81,73,8,8
65043,54,57,-3,3
65044,94,85,9,9
65045,94,92,2,2
65046,143,133,10,10
65047,82,78,4,4
65048,156,139,17,17
65049,81,85,-4,4
65050,169,168,1,1
65051,104,101,3,3
65052,107,109,-2,2
65053,69,79,-10,10
65054,123,93,30,30
65055,51,55,-4,4
65056,88,92,-4,4
65057,41,43,-2,2
65058,56,56,0,0
65059,138,141,-3,3
65060,102,99,3,3
65061,97,101,-4,4
65062,124,137,-13,13
65063,124,118,6,6
65064,119,131,-12,12
65065,55,57,-2,2
65066,116,120,-4,4
65067,60,63,-3,3
65068,134,122,12,12
65069,63,89,-26,26
65070,73,93,-20,20
65071,145,131,14,14
65072,111,107,4,4
65073,110,115,-5,5
65074,194,181,13,13
65075,92,97,-5,5
65076,97,88,9,9
65077,116,118,-2,2
65078,61,57,4,4
65079,150,147,3,3
65080,45,56,-11,11
65081,99,83,16,16
65082,79,73,6,6
65083,118,121,-3,3
65084,74,68,6,6
65085,108,102,6,6
65086,85,86,-1,1
65087,89,80,9,9
65088,107,114,-7,7
65089,165,180,-15,15
65090,84,81,3,3
65091,132,127,5,5
65092,90,80,10,10
65093,144,116,28,28
65094,87,89,-2,2
65095,103,87,16,16
65096,98,104,-6,6
65097,88,86,2,2
65098,125,119,6,6
65099,112,92,20,20
65100,51,59,-8,8
65101,105,96,9,9
65102,149,130,19,19
65103,109,101,8,8
65104,74,72,2,2
65105,83,84,-1,1
65106,85,84,1,1
65107,75,65,10,10
65108,78,83,-5,5
65109,67,67,0,0
65110,48,58,-10,10
65111,109,106,3,3
65112,92,88,4,4
65113,90,92,-2,2
65114,90,88,2,2
65115,98,100,-2,2
65116,76,71,5,5
65117,83,88,-5,5
65118,148,152,-4,4
65119,99,106,-7,7
65120,68,71,-3,3
65121,79,68,11,11
65122,98,96,2,2
65123,194,196,-2,2
65124,90,81,9,9
65125,70,66,4,4
65126,88,91,-3,3
65127,66,64,2,2
65128,81,56,25,25
65129,122,126,-4,4
65130,96,102,-6,6
65131,69,68,1,1
65132,113,92,21,21
65133,61,65,-4,4
65134,101,80,21,21
65135,178,159,19,19
65136,111,110,1,1
65137,81,74,7,7
65138,147,170,-23,23
65139,121,124,-3,3
65140,78,77,1,1
65141,86,82,4,4
65142,54,55,-1,1
65143,46,44,2,2
65144,62,63,-1,1
65145,94,89,5,5
65146,101,102,-1,1
65147,60,62,-2,2
65148,72,59,13,13
65149,75,89,-14,14
65150,148,140,8,8
65151,123,106,17,17
65152,81,93,-12,12
65153,126,131,-5,5
65154,163,154,9,9
65155,105,103,2,2
65156,85,76,9,9
65157,102,94,8,8
65158,89,85,4,4
65159,123,127,-4,4
65160,62,55,7,7
65161,78,90,-12,12
65162,98,90,8,8
65163,68,68,0,0
65164,99,101,-2,2
65165,112,100,12,12
65166,89,80,9,9
65167,89,90,-1,1
65168,83,72,11,11
65169,119,118,1,1
65170,92,96,-4,4
65171,77,78,-1,1
65172,74,68,6,6
65173,115,131,-16,16
65174,107,103,4,4
65175,98,86,12,12
65176,136,132,4,4
65177,42,52,-10,10
65178,119,119,0,0
65179,119,118,1,1
65180,109,100,9,9
65181,113,105,8,8
65182,164,157,7,7
65183,86,77,9,9
65184,97,92,5,5
65185,112,111,1,1
65186,124,122,2,2
65187,84,105,-21,21
65188,77,76,1,1
65189,87,86,1,1
65190,52,56,-4,4
65191,112,104,8,8
65192,78,86,-8,8
65193,93,89,4,4
65194,115,130,-15,15
65195,76,67,9,9
65196,209,195,14,14
65197,41,52,-11,11
65198,115,109,6,6
65199,155,135,20,20
65200,53,53,0,0
65201,72,72,0,0
65202,110,85,25,25
65203,91,92,-1,1
65204,99,95,4,4
65205,88,94,-6,6
65206,100,96,4,4
65207,73,87,-14,14
65208,70,65,5,5
65209,126,123,3,3
65210,102,101,1,1
65211,97,87,10,10
65212,60,60,0,0
65213,44,51,-7,7
65214,62,69,-7,7
65215,52,52,0,0
65216,128,127,1,1
65217,168,164,4,4
65218,101,99,2,2
65219,106,99,7,7
65220,191,171,20,20
65221,51,59,-8,8
65222,196,179,17,17
65223,92,97,-5,5
65224,47,51,-4,4
65225,115,101,14,14
65226,70,69,1,1
65227,84,87,-3,3
65228,145,140,5,5
65229,102,111,-9,9
65230,31,33,-2,2
65231,65,69,-4,4
65232,92,89,3,3
65233,77,78,-1,1
65234,90,92,-2,2
65235,30,39,-9,9
65236,72,75,-3,3
65237,109,110,-1,1
65238,148,143,5,5
65239,81,78,3,3
65240,75,69,6,6
65241,60,60,0,0
65242,147,144,3,3
65243,95,82,13,13
65244,71,74,-3,3
65245,145,152,-7,7
65246,91,98,-7,7
65247,48,67,-19,19
65248,94,91,3,3
65249,86,81,5,5
65250,70,66,4,4
65251,120,123,-3,3
65252,117,115,2,2
65253,118,91,27,27
65254,66,62,4,4
65255,70,74,-4,4
65256,51,55,-4,4
65257,80,81,-1,1
65258,78,79,-1,1
65259,136,111,25,25
65260,105,117,-12,12
65261,94,83,11,11
65262,119,115,4,4
65263,119,121,-2,2
65264,66,61,5,5
65265,133,126,7,7
65266,106,101,5,5
65267,110,98,12,12
65268,109,107,2,2
65269,97,110,-13,13
65270,54,62,-8,8
65271,143,149,-6,6
65272,103,105,-2,2
65273,55,64,-9,9
65274,72,72,0,0
65275,300,240,60,60
65276,110,110,0,0
65277,120,121,-1,1
65278,114,122,-8,8
65279,65,68,-3,3
65280,51,51,0,0
65281,107,87,20,20
65282,86,90,-4,4
65283,91,94,-3,3
65284,102,86,16,16
65285,72,84,-12,12
65286,82,82,0,0
65287,134,123,11,11
65288,133,129,4,4
65289,79,74,5,5
65290,146,148,-2,2
65291,176,159,17,17
65292,117,119,-2,2
65293,82,79,3,3
65294,105,101,4,4
65295,89,88,1,1
65296,72,81,-9,9
65297,71,57,14,14
65298,117,110,7,7
65299,140,125,15,15
65300,80,77,3,3
65301,53,53,0,0
65302,185,182,3,3
65303,111,98,13,13
65304,92,96,-4,4
65305,91,84,7,7
65306,112,96,16,16
65307,59,56,3,3
65308,106,98,8,8
65309,53,71,-18,18
65310,132,134,-2,2
65311,80,80,0,0
65312,163,166,-3,3
65313,58,66,-8,8
65314,138,123,15,15
65315,173,174,-1,1
65316,64,69,-5,5
65317,78,87,-9,9
65318,101,113,-12,12
65319,103,100,3,3
65320,87,83,4,4
65321,105,100,5,5
65322,94,94,0,0
65323,89,80,9,9
65324,63,74,-11,11
65325,92,90,2,2
65326,139,147,-8,8
65327,78,75,3,3
65328,58,76,-18,18
65329,77,76,1,1
65330,71,93,-22,22
65331,154,157,-3,3
65332,93,80,13,13
65333,61,55,6,6
65334,168,162,6,6
65335,139,131,8,8
65336,78,81,-3,3
65337,132,125,7,7
65338,56,53,3,3
65339,78,78,0,0
65340,86,85,1,1
65341,68,67,1,1
65342,31,65,-34,34
65343,60,61,-1,1
65344,150,140,10,10
65345,117,114,3,3
65346,104,100,4,4
65347,102,92,10,10
65348,77,83,-6,6
65349,64,63,1,1
65350,103,100,3,3
65351,113,106,7,7
65352,96,90,6,6
65353,114,111,3,3
65354,126,113,13,13
65355,106,107,-1,1
65356,59,59,0,0
65357,81,81,0,0
65358,109,96,13,13
65359,121,127,-6,6
65360,70,65,5,5
65361,148,148,0,0
65362,94,93,1,1
65363,127,106,21,21
65364,117,122,-5,5
65365,104,100,4,4
65366,46,51,-5,5
65367,106,119,-13,13
65368,94,93,1,1
65369,124,108,16,16
65370,62,61,1,1
65371,62,71,-9,9
65372,74,84,-10,10
65373,53,54,-1,1
65374,40,55,-15,15
65375,70,65,5,5
65376,60,61,-1,1
65377,45,52,-7,7
65378,111,105,6,6
65379,37,49,-12,12
65380,88,102,-14,14
65381,51,110,-59,59
65382,66,63,3,3
65383,76,87,-11,11
65384,91,87,4,4
65385,121,121,0,0
65386,135,124,11,11
65387,87,99,-12,12
65388,99,99,0,0
65389,106,102,4,4
65390,83,85,-2,2
65391,94,84,10,10
65392,76,70,6,6
65393,69,61,8,8
65394,100,116,-16,16
65395,118,114,4,4
65396,66,81,-15,15
65397,89,87,2,2
65398,104,124,-20,20
65399,110,91,19,19
65400,106,98,8,8
65401,118,115,3,3
65402,83,89,-6,6
65403,85,91,-6,6
65404,73,79,-6,6
65405,72,62,10,10
65406,61,52,9,9
65407,59,62,-3,3
65408,114,120,-6,6
65409,68,76,-8,8
65410,179,177,2,2
65411,70,62,8,8
65412,91,84,7,7
65413,114,97,17,17
65414,108,104,4,4
65415,79,77,2,2
65416,79,73,6,6
65417,125,123,2,2
65418,117,95,22,22
65419,68,78,-10,10
65420,79,75,4,4
65421,103,112,-9,9
65422,207,181,26,26
65423,63,64,-1,1
65424,117,117,0,0
65425,63,59,4,4
65426,71,72,-1,1
65427,74,82,-8,8
65428,55,62,-7,7
65429,170,157,13,13
65430,69,60,9,9
65431,51,48,3,3
65432,55,60,-5,5
65433,73,66,7,7
65434,89,106,-17,17
65435,173,156,17,17
65436,119,116,3,3
65437,85,99,-14,14
65438,94,92,2,2
65439,104,93,11,11
65440,96,99,-3,3
65441,61,64,-3,3
65442,86,89,-3,3
65443,95,82,13,13
65444,161,161,0,0
65445,80,81,-1,1
65446,112,103,9,9
65447,75,75,0,0
65448,141,128,13,13
65449,161,161,0,0
65450,99,97,2,2
65451,94,84,10,10
65452,146,132,14,14
65453,72,68,4,4
65454,105,86,19,19
65455,69,71,-2,2
65456,113,108,5,5
65457,132,111,21,21
65458,121,122,-1,1
65459,91,100,-9,9
65460,70,63,7,7
65461,96,90,6,6
65462,155,150,5,5
65463,130,143,-13,13
65464,186,168,18,18
65465,96,99,-3,3
65466,146,159,-13,13
65467,113,106,7,7
65468,86,86,0,0
65469,104,98,6,6
65470,66,62,4,4
65471,96,93,3,3
65472,88,75,13,13
65473,111,105,6,6
65474,146,136,10,10
65475,86,72,14,14
65476,46,46,0,0
65477,72,70,2,2
65478,170,158,12,12
65479,35,38,-3,3
65480,90,91,-1,1
65481,143,147,-4,4
65482,157,150,7,7
65483,62,71,-9,9
65484,65,56,9,9
65485,75,66,9,9
65486,89,83,6,6
65487,82,64,18,18
65488,80,83,-3,3
65489,56,48,8,8
65490,76,68,8,8
65491,113,112,1,1
65492,104,114,-10,10
65493,99,91,8,8
65494,62,65,-3,3
65495,140,148,-8,8
65496,76,77,-1,1
65497,114,107,7,7
65498,108,114,-6,6
65499,81,67,14,14
65500,63,60,3,3
65501,125,117,8,8
65502,70,62,8,8
65503,90,88,2,2
65504,37,44,-7,7
65505,92,109,-17,17
65506,96,95,1,1
65507,85,85,0,0
65508,106,107,-1,1
65509,86,81,5,5
65510,101,86,15,15
65511,101,108,-7,7
65512,100,93,7,7
65513,105,96,9,9
65514,71,74,-3,3
65515,58,66,-8,8
65516,179,171,8,8
65517,106,104,2,2
65518,89,88,1,1
65519,84,58,26,26
65520,113,109,4,4
65521,129,121,8,8
65522,87,87,0,0
65523,122,127,-5,5
65524,109,112,-3,3
65525,78,75,3,3
65526,96,101,-5,5
65527,176,161,15,15
65528,114,107,7,7
65529,89,74,15,15
65530,115,100,15,15
65531,73,63,10,10
65532,68,65,3,3
65533,148,145,3,3
65534,70,65,5,5
65535,108,100,8,8
65536,60,55,5,5
65537,98,87,11,11
65538,47,51,-4,4
65539,84,90,-6,6
65540,60,60,0,0
65541,119,123,-4,4
65542,66,64,2,2
65543,115,124,-9,9
65544,172,155,17,17
65545,105,92,13,13
65546,83,76,7,7
65547,75,65,10,10
65548,48,45,3,3
65549,100,98,2,2
65550,59,60,-1,1
65551,67,58,9,9
65552,103,116,-13,13
65553,48,47,1,1
65554,108,122,-14,14
65555,77,63,14,14
65556,126,123,3,3
65557,82,99,-17,17
65558,38,46,-8,8
65559,99,88,11,11
65560,56,59,-3,3
65561,131,116,15,15
65562,96,87,9,9
65563,83,83,0,0
65564,120,113,7,7
65565,102,98,4,4
65566,93,101,-8,8
65567,127,123,4,4
65568,67,56,11,11
65569,98,90,8,8
65570,77,63,14,14
65571,84,79,5,5
65572,96,92,4,4
65573,118,115,3,3
65574,84,83,1,1
65575,70,81,-11,11
65576,100,104,-4,4
65577,118,114,4,4
65578,54,55,-1,1
65579,170,158,12,12
65580,91,102,-11,11
65581,86,78,8,8
65582,82,84,-2,2
65583,123,119,4,4
65584,94,93,1,1
65585,86,83,3,3
65586,142,155,-13,13
65587,132,107,25,25
65588,140,127,13,13
65589,177,154,23,23
65590,54,63,-9,9
65591,51,51,0,0
65592,130,128,2,2
65593,71,72,-1,1
65594,61,55,6,6
65595,93,91,2,2
65596,93,94,-1,1
65597,83,78,5,5
65598,104,91,13,13
65599,93,93,0,0
65600,88,80,8,8
65601,89,91,-2,2
65602,154,163,-9,9
65603,53,54,-1,1
65604,85,83,2,2
65605,89,92,-3,3
65606,107,109,-2,2
65607,102,97,5,5
65608,88,100,-12,12
65609,35,41,-6,6
65610,118,110,8,8
65611,63,55,8,8
65612,56,59,-3,3
65613,41,51,-10,10
65614,108,114,-6,6
65615,137,139,-2,2
65616,70,66,4,4
65617,131,145,-14,14
65618,83,78,5,5
65619,87,85,2,2
65620,87,92,-5,5
65621,134,131,3,3
65622,108,89,19,19
65623,73,79,-6,6
65624,110,104,6,6
65625,100,79,21,21
65626,57,76,-19,19
65627,101,98,3,3
65628,124,123,1,1
65629,100,99,1,1
65630,116,114,2,2
65631,124,97,27,27
65632,119,129,-10,10
65633,95,104,-9,9
65634,131,120,11,11
65635,46,49,-3,3
65636,119,110,9,9
65637,86,78,8,8
65638,148,145,3,3
65639,63,59,4,4
65640,84,67,17,17
65641,88,89,-1,1
65642,125,113,12,12
65643,180,159,21,21
65644,92,96,-4,4
65645,73,71,2,2
65646,54,54,0,0
65647,125,128,-3,3
65648,158,157,1,1
65649,115,113,2,2
65650,176,174,2,2
65651,71,90,-19,19
65652,109,115,-6,6
65653,115,98,17,17
65654,135,133,2,2
65655,75,70,5,5
65656,71,69,2,2
65657,74,79,-5,5
65658,123,130,-7,7
65659,85,85,0,0
65660,124,121,3,3
65661,51,54,-3,3
65662,53,62,-9,9
65663,97,104,-7,7
65664,92,91,1,1
65665,122,122,0,0
65666,183,172,11,11
65667,94,93,1,1
65668,151,138,13,13
65669,65,61,4,4
65670,146,146,0,0
65671,68,72,-4,4
65672,186,105,81,81
65673,121,112,9,9
65674,77,77,0,0
65675,99,105,-6,6
65676,102,107,-5,5
65677,80,77,3,3
65678,123,124,-1,1
65679,90,98,-8,8
65680,96,95,1,1
65681,119,97,22,22
65682,136,131,5,5
65683,84,88,-4,4
65684,135,137,-2,2
65685,84,108,-24,24
65686,56,57,-1,1
65687,81,81,0,0
65688,69,56,13,13
65689,89,89,0,0
65690,105,104,1,1
65691,113,116,-3,3
65692,79,76,3,3
65693,167,155,12,12
65694,85,74,11,11
65695,80,83,-3,3
65696,72,67,5,5
65697,129,129,0,0
65698,155,124,31,31
65699,53,48,5,5
65700,48,56,-8,8
65701,45,46,-1,1
65702,55,55,0,0
65703,99,97,2,2
65704,91,95,-4,4
65705,75,92,-17,17
65706,84,77,7,7
65707,38,58,-20,20
65708,41,50,-9,9
65709,86,85,1,1
65710,76,72,4,4
65711,53,56,-3,3
65712,63,62,1,1
65713,79,72,7,7
65714,145,137,8,8
65715,97,96,1,1
65716,120,116,4,4
65717,74,77,-3,3
65718,96,94,2,2
65719,101,89,12,12
65720,94,110,-16,16
65721,92,81,11,11
65722,83,70,13,13
65723,122,108,14,14
65724,57,54,3,3
65725,56,62,-6,6
65726,123,123,0,0
65727,104,97,7,7
65728,147,121,26,26
65729,190,190,0,0
65730,120,116,4,4
65731,173,170,3,3
65732,52,50,2,2
65733,134,119,15,15
65734,110,106,4,4
65735,84,75,9,9
65736,92,93,-1,1
65737,112,105,7,7
65738,60,62,-2,2
65739,76,77,-1,1
65740,159,144,15,15
65741,61,60,1,1
65742,141,134,7,7
65743,107,97,10,10
65744,103,89,14,14
65745,129,132,-3,3
65746,61,56,5,5
65747,77,67,10,10
65748,84,85,-1,1
65749,78,74,4,4
65750,47,54,-7,7
65751,140,133,7,7
65752,56,58,-2,2
65753,154,144,10,10
65754,77,85,-8,8
65755,85,71,14,14
65756,104,115,-11,11
65757,70,82,-12,12
65758,71,70,1,1
65759,63,58,5,5
65760,84,78,6,6
65761,110,97,13,13
65762,88,91,-3,3
65763,74,72,2,2
65764,72,86,-14,14
65765,46,47,-1,1
65766,94,94,0,0
65767,93,103,-10,10
65768,63,63,0,0
65769,100,99,1,1
65770,71,66,5,5
65771,113,118,-5,5
65772,88,84,4,4
65773,83,68,15,15
65774,76,80,-4,4
65775,83,71,12,12
65776,153,134,19,19
65777,134,137,-3,3
65778,91,86,5,5
65779,56,62,-6,6
65780,89,90,-1,1
65781,51,50,1,1
65782,121,127,-6,6
65783,107,109,-2,2
65784,97,150,-53,53
65785,79,75,4,4
65786,115,106,9,9
65787,60,62,-2,2
65788,105,104,1,1
65789,65,63,2,2
65790,57,51,6,6
65791,169,163,6,6
65792,92,94,-2,2
65793,104,117,-13,13
65794,68,63,5,5
65795,72,67,5,5
65796,92,84,8,8
65797,124,136,-12,12
65798,85,86,-1,1
65799,123,125,-2,2
65800,112,106,6,6
65801,138,158,-20,20
65802,205,197,8,8
65803,88,91,-3,3
65804,82,78,4,4
65805,77,77,0,0
65806,68,70,-2,2
65807,125,124,1,1
65808,87,79,8,8
65809,112,114,-2,2
65810,66,69,-3,3
65811,132,126,6,6
65812,136,126,10,10
65813,232,220,12,12
65814,63,70,-7,7
65815,77,81,-4,4
65816,121,122,-1,1
65817,161,158,3,3
65818,200,169,31,31
65819,65,58,7,7
65820,104,94,10,10
65821,129,101,28,28
65822,129,155,-26,26
65823,123,115,8,8
65824,72,73,-1,1
65825,59,57,2,2
65826,94,96,-2,2
65827,102,116,-14,14
65828,74,73,1,1
65829,64,65,-1,1
65830,48,54,-6,6
65831,80,84,-4,4
65832,112,101,11,11
65833,67,114,-47,47
65834,79,82,-3,3
65835,79,85,-6,6
65836,51,54,-3,3
65837,213,191,22,22
65838,116,113,3,3
65839,82,75,7,7
65840,88,86,2,2
65841,154,163,-9,9
65842,93,85,8,8
65843,115,108,7,7
65844,58,54,4,4
65845,89,91,-2,2
65846,69,62,7,7
65847,124,114,10,10
65848,87,82,5,5
65849,114,123,-9,9
65850,75,76,-1,1
65851,46,64,-18,18
65852,54,60,-6,6
65853,63,64,-1,1
65854,54,50,4,4
65855,70,65,5,5
65856,98,94,4,4
65857,74,73,1,1
65858,76,75,1,1
65859,80,76,4,4
65860,73,131,-58,58
65861,108,104,4,4
65862,100,110,-10,10
65863,64,55,9,9
65864,101,103,-2,2
65865,75,71,4,4
65866,66,74,-8,8
65867,142,138,4,4
65868,47,51,-4,4
65869,71,66,5,5
65870,26,48,-22,22
65871,53,57,-4,4
65872,133,135,-2,2
65873,96,96,0,0
65874,91,88,3,3
65875,83,75,8,8
65876,103,100,3,3
65877,89,77,12,12
65878,90,90,0,0
65879,95,99,-4,4
65880,32,29,3,3
65881,72,73,-1,1
65882,99,83,16,16
65883,115,112,3,3
65884,86,99,-13,13
65885,93,107,-14,14
65886,129,119,10,10
65887,92,84,8,8
65888,114,116,-2,2
65889,84,90,-6,6
65890,93,96,-3,3
65891,89,99,-10,10
65892,59,54,5,5
65893,63,70,-7,7
65894,59,58,1,1
65895,115,117,-2,2
65896,144,121,23,23
65897,76,73,3,3
65898,112,108,4,4
65899,118,137,-19,19
65900,80,83,-3,3
65901,106,96,10,10
65902,92,93,-1,1
65903,65,63,2,2
65904,130,143,-13,13
65905,108,90,18,18
65906,44,56,-12,12
65907,101,100,1,1
65908,72,79,-7,7
65909,67,68,-1,1
65910,73,71,2,2
65911,184,177,7,7
65912,83,82,1,1
65913,77,76,1,1
65914,113,112,1,1
65915,46,44,2,2
65916,101,97,4,4
65917,92,95,-3,3
65918,122,109,13,13
65919,67,59,8,8
65920,134,124,10,10
65921,82,88,-6,6
65922,142,141,1,1
65923,101,86,15,15
65924,119,115,4,4
65925,44,53,-9,9
65926,105,106,-1,1
65927,99,102,-3,3
65928,127,128,-1,1
65929,76,74,2,2
65930,107,96,11,11
65931,104,125,-21,21
65932,104,98,6,6
65933,100,101,-1,1
65934,106,99,7,7
65935,66,57,9,9
65936,154,138,16,16
65937,124,130,-6,6
65938,118,124,-6,6
65939,79,78,1,1
65940,76,78,-2,2
65941,89,85,4,4
65942,67,71,-4,4
65943,104,104,0,0
65944,108,82,26,26
65945,76,71,5,5
65946,47,47,0,0
65947,98,104,-6,6
65948,137,151,-14,14
65949,111,107,4,4
65950,62,63,-1,1
65951,37,43,-6,6
65952,69,62,7,7
65953,115,122,-7,7
65954,98,102,-4,4
65955,62,79,-17,17
65956,94,84,10,10
65957,46,58,-12,12
65958,97,85,12,12
65959,108,95,13,13
65960,124,124,0,0
65961,74,79,-5,5
65962,113,110,3,3
65963,96,101,-5,5
65964,135,128,7,7
65965,81,96,-15,15
65966,101,98,3,3
65967,109,111,-2,2
65968,121,120,1,1
65969,62,55,7,7
65970,105,112,-7,7
65971,105,85,20,20
65972,96,83,13,13
65973,90,72,18,18
65974,81,69,12,12
65975,137,128,9,9
65976,86,92,-6,6
65977,86,86,0,0
65978,105,110,-5,5
65979,120,111,9,9
65980,70,55,15,15
65981,90,90,0,0
65982,90,89,1,1
65983,79,80,-1,1
65984,62,60,2,2
65985,56,68,-12,12
65986,62,64,-2,2
65987,123,109,14,14
65988,108,98,10,10
65989,73,70,3,3
65990,92,77,15,15
65991,97,89,8,8
65992,94,95,-1,1
65993,119,110,9,9
65994,125,131,-6,6
65995,252,226,26,26
65996,124,121,3,3
65997,76,84,-8,8
65998,120,121,-1,1
65999,83,82,1,1
66000,82,83,-1,1
66001,93,96,-3,3
66002,56,60,-4,4
66003,78,86,-8,8
66004,121,157,-36,36
66005,100,83,17,17
66006,91,76,15,15
66007,66,68,-2,2
66008,62,58,4,4
66009,72,64,8,8
66010,77,78,-1,1
66011,93,89,4,4
66012,176,168,8,8
66013,55,56,-1,1
66014,75,76,-1,1
66015,60,58,2,2
66016,143,101,42,42
66017,117,125,-8,8
66018,36,56,-20,20
66019,45,45,0,0
66020,96,93,3,3
66021,81,92,-11,11
66022,106,90,16,16
66023,83,90,-7,7
66024,105,93,12,12
66025,80,85,-5,5
66026,43,64,-21,21
66027,103,99,4,4
66028,134,110,24,24
66029,53,53,0,0
66030,115,107,8,8
66031,157,142,15,15
66032,67,70,-3,3
66033,104,129,-25,25
66034,148,143,5,5
66035,116,107,9,9
66036,100,96,4,4
66037,63,68,-5,5
66038,71,72,-1,1
66039,71,65,6,6
66040,67,71,-4,4
66041,105,114,-9,9
66042,102,101,1,1
66043,53,46,7,7
66044,71,70,1,1
66045,115,108,7,7
66046,105,101,4,4
66047,62,78,-16,16
66048,119,115,4,4
66049,151,147,4,4
66050,55,56,-1,1
66051,76,80,-4,4
66052,37,48,-11,11
66053,126,97,29,29
66054,116,89,27,27
66055,119,124,-5,5
66056,86,82,4,4
66057,64,69,-5,5
66058,53,64,-11,11
66059,108,100,8,8
66060,118,118,0,0
66061,126,123,3,3
66062,71,67,4,4
66063,99,103,-4,4
66064,49,51,-2,2
66065,87,98,-11,11
66066,75,65,10,10
66067,89,93,-4,4
66068,94,82,12,12
66069,100,94,6,6
66070,80,77,3,3
66071,78,71,7,7
66072,65,69,-4,4
66073,104,99,5,5
66074,111,117,-6,6
66075,182,143,39,39
66076,69,72,-3,3
66077,67,60,7,7
66078,99,116,-17,17
66079,82,80,2,2
66080,99,80,19,19
66081,66,69,-3,3
66082,162,157,5,5
66083,142,132,10,10
66084,84,89,-5,5
66085,70,83,-13,13
66086,106,103,3,3
66087,57,54,3,3
66088,89,80,9,9
66089,119,114,5,5
66090,90,80,10,10
66091,59,61,-2,2
66092,80,75,5,5
66093,113,106,7,7
66094,47,53,-6,6
66095,72,66,6,6
66096,178,180,-2,2
66097,76,85,-9,9
66098,96,97,-1,1
66099,83,81,2,2
66100,63,65,-2,2
66101,144,142,2,2
66102,42,49,-7,7
66103,52,56,-4,4
66104,125,112,13,13
66105,63,61,2,2
66106,69,57,12,12
66107,78,73,5,5
66108,63,85,-22,22
66109,80,86,-6,6
66110,101,99,2,2
66111,187,142,45,45
66112,163,148,15,15
66113,109,122,-13,13
66114,101,117,-16,16
66115,86,81,5,5
66116,72,84,-12,12
66117,142,175,-33,33
66118,99,83,16,16
66119,64,62,2,2
66120,79,80,-1,1
66121,85,71,14,14
66122,107,81,26,26
66123,97,102,-5,5
66124,116,112,4,4
66125,67,63,4,4
66126,89,103,-14,14
66127,122,113,9,9
66128,140,137,3,3
66129,62,52,10,10
66130,119,129,-10,10
66131,117,114,3,3
66132,104,120,-16,16
66133,47,45,2,2
66134,73,74,-1,1
66135,159,127,32,32
66136,101,103,-2,2
66137,77,67,10,10
66138,58,63,-5,5
66139,78,79,-1,1
66140,97,88,9,9
66141,76,73,3,3
66142,88,86,2,2
66143,64,76,-12,12
66144,81,84,-3,3
66145,69,63,6,6
66146,115,138,-23,23
66147,65,80,-15,15
66148,76,63,13,13
66149,58,62,-4,4
66150,33,37,-4,4
66151,133,127,6,6
66152,45,76,-31,31
66153,123,129,-6,6
66154,100,97,3,3
66155,82,79,3,3
66156,83,85,-2,2
66157,117,110,7,7
66158,74,63,11,11
66159,103,88,15,15
66160,72,65,7,7
66161,142,133,9,9
66162,121,110,11,11
66163,82,79,3,3
66164,80,79,1,1
66165,100,96,4,4
66166,164,162,2,2
66167,95,86,9,9
66168,57,59,-2,2
66169,81,67,14,14
66170,39,32,7,7
66171,123,116,7,7
66172,127,124,3,3
66173,82,80,2,2
66174,105,106,-1,1
66175,72,66,6,6
66176,37,37,0,0
66177,85,85,0,0
66178,152,145,7,7
66179,80,71,9,9
66180,55,52,3,3
66181,76,89,-13,13
66182,21,47,-26,26
66183,220,212,8,8
66184,159,135,24,24
66185,90,89,1,1
66186,148,150,-2,2
66187,102,90,12,12
66188,83,77,6,6
66189,80,91,-11,11
66190,100,80,20,20
66191,111,100,11,11
66192,79,78,1,1
66193,82,78,4,4
66194,82,76,6,6
66195,197,193,4,4
66196,188,171,17,17
66197,177,185,-8,8
66198,76,74,2,2
66199,157,178,-21,21
66200,49,49,0,0
66201,44,49,-5,5
66202,66,68,-2,2
66203,156,141,15,15
66204,111,118,-7,7
66205,69,75,-6,6
66206,188,186,2,2
66207,126,108,18,18
66208,73,70,3,3
66209,111,99,12,12
66210,94,87,7,7
66211,57,69,-12,12
66212,132,123,9,9
66213,164,162,2,2
66214,55,56,-1,1
66215,139,138,1,1
66216,77,69,8,8
66217,43,47,-4,4
66218,96,88,8,8
66219,88,86,2,2
66220,74,74,0,0
66221,81,74,7,7
66222,84,86,-2,2
66223,100,95,5,5
66224,108,88,20,20
66225,44,56,-12,12
66226,77,78,-1,1
66227,79,83,-4,4
66228,111,112,-1,1
66229,86,90,-4,4
66230,61,65,-4,4
66231,85,79,6,6
66232,45,52,-7,7
66233,81,67,14,14
66234,159,148,11,11
66235,80,74,6,6
66236,94,86,8,8
66237,89,88,1,1
66238,96,93,3,3
66239,95,85,10,10
66240,127,107,20,20
66241,71,60,11,11
66242,68,60,8,8
66243,80,83,-3,3
66244,122,113,9,9
66245,136,136,0,0
66246,95,87,8,8
66247,89,91,-2,2
66248,88,90,-2,2
66249,44,47,-3,3
66250,121,114,7,7
66251,47,45,2,2
66252,72,62,10,10
66253,72,69,3,3
66254,145,167,-22,22
66255,77,83,-6,6
66256,129,141,-12,12
66257,65,69,-4,4
66258,121,118,3,3
66259,92,90,2,2
66260,100,111,-11,11
66261,36,49,-13,13
66262,122,114,8,8
66263,112,98,14,14
66264,76,65,11,11
66265,112,128,-16,16
66266,75,74,1,1
66267,81,75,6,6
66268,102,84,18,18
66269,43,51,-8,8
66270,92,94,-2,2
66271,118,104,14,14
66272,73,73,0,0
66273,179,188,-9,9
66274,63,66,-3,3
66275,128,137,-9,9
66276,161,169,-8,8
66277,178,163,15,15
66278,90,85,5,5
66279,74,73,1,1
66280,74,73,1,1
66281,95,87,8,8
66282,98,96,2,2
66283,94,89,5,5
66284,115,120,-5,5
66285,131,135,-4,4
66286,99,75,24,24
66287,87,85,2,2
66288,74,75,-1,1
66289,56,57,-1,1
66290,58,56,2,2
66291,77,81,-4,4
66292,122,110,12,12
66293,70,72,-2,2
66294,40,44,-4,4
66295,106,110,-4,4
66296,100,105,-5,5
66297,73,70,3,3
66298,72,67,5,5
66299,99,92,7,7
66300,135,133,2,2
66301,184,165,19,19
66302,50,64,-14,14
66303,77,73,4,4
66304,48,46,2,2
66305,76,57,19,19
66306,87,92,-5,5
66307,137,135,2,2
66308,110,125,-15,15
66309,84,86,-2,2
66310,74,78,-4,4
66311,83,71,12,12
66312,76,73,3,3
66313,107,137,-30,30
66314,78,66,12,12
66315,87,83,4,4
66316,64,62,2,2
66317,60,56,4,4
66318,94,94,0,0
66319,80,72,8,8
66320,50,55,-5,5
66321,54,42,12,12
66322,65,62,3,3
66323,101,110,-9,9
66324,89,82,7,7
66325,127,127,0,0
66326,59,57,2,2
66327,90,97,-7,7
66328,77,76,1,1
66329,100,104,-4,4
66330,103,103,0,0
66331,33,52,-19,19
66332,61,62,-1,1
66333,63,76,-13,13
66334,47,53,-6,6
66335,51,50,1,1
66336,141,140,1,1
66337,74,66,8,8
66338,74,71,3,3
66339,85,86,-1,1
66340,149,137,12,12
66341,90,98,-8,8
66342,79,93,-14,14
66343,93,102,-9,9
66344,79,80,-1,1
66345,146,153,-7,7
66346,81,80,1,1
66347,83,100,-17,17
66348,196,197,-1,1
66349,114,104,10,10
66350,102,98,4,4
66351,140,132,8,8
66352,46,47,-1,1
66353,189,183,6,6
66354,102,95,7,7
66355,96,88,8,8
66356,73,86,-13,13
66357,131,140,-9,9
66358,143,125,18,18
66359,94,83,11,11
66360,95,89,6,6
66361,131,122,9,9
66362,138,126,12,12
66363,55,58,-3,3
66364,40,48,-8,8
66365,97,87,10,10
66366,70,79,-9,9
66367,95,88,7,7
66368,86,74,12,12
66369,107,101,6,6
66370,45,64,-19,19
66371,107,108,-1,1
66372,77,67,10,10
66373,75,63,12,12
66374,85,75,10,10
66375,81,88,-7,7
66376,100,84,16,16
66377,65,69,-4,4
66378,57,60,-3,3
66379,61,59,2,2
66380,79,75,4,4
66381,104,105,-1,1
66382,106,105,1,1
66383,55,55,0,0
66384,100,95,5,5
66385,89,90,-1,1
66386,73,70,3,3
66387,77,81,-4,4
66388,59,56,3,3
66389,71,70,1,1
66390,52,62,-10,10
66391,58,53,5,5
66392,72,61,11,11
66393,90,78,12,12
66394,57,62,-5,5
66395,82,94,-12,12
66396,92,87,5,5
66397,88,80,8,8
66398,49,53,-4,4
66399,91,85,6,6
66400,171,171,0,0
66401,75,90,-15,15
66402,82,80,2,2
66403,74,74,0,0
66404,116,122,-6,6
66405,95,82,13,13
66406,116,103,13,13
66407,74,104,-30,30
66408,100,104,-4,4
66409,81,83,-2,2
66410,141,161,-20,20
66411,113,110,3,3
66412,100,91,9,9
66413,80,68,12,12
66414,96,88,8,8
66415,83,79,4,4
66416,68,73,-5,5
66417,66,58,8,8
66418,73,77,-4,4
66419,169,168,1,1
66420,119,102,17,17
66421,82,94,-12,12
66422,85,81,4,4
66423,92,105,-13,13
66424,92,90,2,2
66425,164,152,12,12
66426,131,131,0,0
66427,106,116,-10,10
66428,72,71,1,1
66429,54,52,2,2
66430,75,72,3,3
66431,62,59,3,3
66432,89,85,4,4
66433,63,57,6,6
66434,87,78,9,9
66435,136,120,16,16
66436,79,76,3,3
66437,86,89,-3,3
66438,71,73,-2,2
66439,68,59,9,9
66440,127,116,11,11
66441,78,86,-8,8
66442,43,38,5,5
66443,82,78,4,4
66444,61,65,-4,4
66445,91,98,-7,7
66446,78,75,3,3
66447,121,118,3,3
66448,83,84,-1,1
66449,169,175,-6,6
66450,56,58,-2,2
66451,78,69,9,9
66452,73,73,0,0
66453,66,63,3,3
66454,67,64,3,3
66455,69,52,17,17
66456,96,88,8,8
66457,118,110,8,8
66458,67,62,5,5
66459,58,66,-8,8
66460,77,67,10,10
66461,164,154,10,10
66462,57,65,-8,8
66463,98,95,3,3
66464,97,89,8,8
66465,58,60,-2,2
66466,107,110,-3,3
66467,70,70,0,0
66468,121,116,5,5
66469,144,131,13,13
66470,157,158,-1,1
66471,113,112,1,1
66472,66,59,7,7
66473,47,50,-3,3
66474,106,100,6,6
66475,77,86,-9,9
66476,180,181,-1,1
66477,55,67,-12,12
66478,57,62,-5,5
66479,104,102,2,2
66480,120,114,6,6
66481,124,111,13,13
66482,157,160,-3,3
66483,185,179,6,6
66484,63,62,1,1
66485,158,144,14,14
66486,161,167,-6,6
66487,61,60,1,1
66488,104,100,4,4
66489,65,65,0,0
66490,174,180,-6,6
66491,52,57,-5,5
66492,118,112,6,6
66493,89,78,11,11
66494,88,90,-2,2
66495,88,88,0,0
66496,62,66,-4,4
66497,67,61,6,6
66498,118,100,18,18
66499,113,119,-6,6
66500,99,108,-9,9
66501,68,73,-5,5
66502,50,47,3,3
66503,123,104,19,19
66504,97,88,9,9
66505,93,104,-11,11
66506,132,130,2,2
66507,70,76,-6,6
66508,65,57,8,8
66509,80,98,-18,18
66510,79,79,0,0
66511,96,88,8,8
66512,69,76,-7,7
66513,142,137,5,5
66514,126,125,1,1
66515,88,98,-10,10
66516,57,56,1,1
66517,68,63,5,5
66518,97,105,-8,8
66519,128,126,2,2
66520,129,139,-10,10
66521,92,89,3,3
66522,146,130,16,16
66523,83,80,3,3
66524,92,81,11,11
66525,207,189,18,18
66526,40,52,-12,12
66527,92,98,-6,6
66528,95,113,-18,18
66529,107,102,5,5
66530,51,54,-3,3
66531,210,189,21,21
66532,73,72,1,1
66533,103,99,4,4
66534,120,120,0,0
66535,132,102,30,30
66536,112,112,0,0
66537,86,76,10,10
66538,195,186,9,9
66539,69,64,5,5
66540,91,92,-1,1
66541,57,74,-17,17
66542,112,108,4,4
66543,72,77,-5,5
66544,90,84,6,6
66545,99,93,6,6
66546,46,53,-7,7
66547,51,52,-1,1
66548,107,104,3,3
66549,156,153,3,3
66550,61,56,5,5
66551,88,86,2,2
66552,107,103,4,4
66553,121,108,13,13
66554,89,79,10,10
66555,99,102,-3,3
66556,87,90,-3,3
66557,46,48,-2,2
66558,152,154,-2,2
66559,67,63,4,4
66560,164,169,-5,5
66561,68,61,7,7
66562,94,90,4,4
66563,60,65,-5,5
66564,205,184,21,21
66565,92,87,5,5
66566,95,86,9,9
66567,67,56,11,11
66568,55,59,-4,4
66569,151,122,29,29
66570,160,149,11,11
66571,29,40,-11,11
66572,108,103,5,5
66573,112,115,-3,3
66574,109,159,-50,50
66575,86,75,11,11
66576,75,73,2,2
66577,60,68,-8,8
66578,64,60,4,4
66579,64,86,-22,22
66580,110,108,2,2
66581,81,79,2,2
66582,79,75,4,4
66583,124,109,15,15
66584,94,96,-2,2
66585,73,86,-13,13
66586,111,104,7,7
66587,107,102,5,5
66588,71,60,11,11
66589,125,126,-1,1
66590,123,104,19,19
66591,63,63,0,0
66592,98,97,1,1
66593,101,93,8,8
66594,129,131,-2,2
66595,96,88,8,8
66596,58,52,6,6
66597,162,162,0,0
66598,48,42,6,6
66599,151,140,11,11
66600,67,62,5,5
66601,122,116,6,6
66602,100,93,7,7
66603,135,144,-9,9
66604,213,187,26,26
66605,129,139,-10,10
66606,61,61,0,0
66607,70,68,2,2
66608,88,92,-4,4
66609,75,77,-2,2
66610,159,161,-2,2
66611,100,102,-2,2
66612,75,70,5,5
66613,120,133,-13,13
66614,70,75,-5,5
66615,129,122,7,7
66616,124,89,35,35
66617,105,101,4,4
66618,60,53,7,7
66619,76,73,3,3
66620,64,68,-4,4
66621,145,153,-8,8
66622,95,111,-16,16
66623,104,110,-6,6
66624,148,143,5,5
66625,126,124,2,2
66626,142,137,5,5
66627,67,69,-2,2
66628,96,92,4,4
66629,114,109,5,5
66630,47,55,-8,8
66631,125,136,-11,11
66632,66,75,-9,9
66633,203,216,-13,13
66634,58,61,-3,3
66635,114,107,7,7
66636,100,113,-13,13
66637,92,99,-7,7
66638,114,117,-3,3
66639,67,72,-5,5
66640,56,55,1,1
66641,78,69,9,9
66642,62,59,3,3
66643,77,81,-4,4
66644,104,101,3,3
66645,37,59,-22,22
66646,94,86,8,8
66647,108,94,14,14
66648,42,68,-26,26
66649,106,98,8,8
66650,74,68,6,6
66651,116,98,18,18
66652,77,68,9,9
66653,123,131,-8,8
66654,89,96,-7,7
66655,74,72,2,2
66656,118,118,0,0
66657,73,73,0,0
66658,69,78,-9,9
66659,79,73,6,6
66660,58,61,-3,3
66661,172,142,30,30
66662,118,115,3,3
66663,140,134,6,6
66664,124,119,5,5
66665,111,102,9,9
66666,88,102,-14,14
66667,90,116,-26,26
66668,59,44,15,15
66669,139,147,-8,8
66670,125,120,5,5
66671,64,60,4,4
66672,147,141,6,6
66673,50,61,-11,11
66674,81,87,-6,6
66675,105,111,-6,6
66676,63,66,-3,3
66677,87,82,5,5
66678,90,82,8,8
66679,47,54,-7,7
66680,134,128,6,6
66681,61,60,1,1
66682,73,80,-7,7
66683,73,65,8,8
66684,78,77,1,1
66685,134,130,4,4
66686,51,46,5,5
66687,108,97,11,11
66688,96,94,2,2
66689,54,52,2,2
66690,122,127,-5,5
66691,129,130,-1,1
66692,86,75,11,11
66693,114,111,3,3
66694,70,71,-1,1
66695,79,80,-1,1
66696,56,56,0,0
66697,66,61,5,5
66698,89,81,8,8
66699,106,104,2,2
66700,77,74,3,3
66701,82,80,2,2
66702,63,82,-19,19
66703,87,82,5,5
66704,119,129,-10,10
66705,146,135,11,11
66706,71,57,14,14
66707,70,83,-13,13
66708,82,82,0,0
66709,72,75,-3,3
66710,91,90,1,1
66711,57,71,-14,14
66712,68,64,4,4
66713,92,79,13,13
66714,71,63,8,8
66715,100,90,10,10
66716,106,100,6,6
66717,64,57,7,7
66718,58,55,3,3
66719,74,68,6,6
66720,104,117,-13,13
66721,133,115,18,18
66722,59,63,-4,4
66723,77,74,3,3
66724,90,84,6,6
66725,116,87,29,29
66726,94,78,16,16
66727,102,105,-3,3
66728,130,125,5,5
66729,115,122,-7,7
66730,79,68,11,11
66731,151,147,4,4
66732,88,103,-15,15
66733,188,179,9,9
66734,91,88,3,3
66735,81,70,11,11
66736,74,73,1,1
66737,80,79,1,1
66738,125,119,6,6
66739,140,133,7,7
66740,60,57,3,3
66741,45,50,-5,5
66742,65,73,-8,8
66743,120,118,2,2
66744,105,95,10,10
66745,136,137,-1,1
66746,31,57,-26,26
66747,77,76,1,1
66748,79,85,-6,6
66749,96,96,0,0
66750,40,56,-16,16
66751,54,58,-4,4
66752,94,83,11,11
66753,83,104,-21,21
66754,54,53,1,1
66755,92,88,4,4
66756,146,128,18,18
66757,172,161,11,11
66758,62,56,6,6
66759,155,157,-2,2
66760,111,99,12,12
66761,99,90,9,9
66762,126,115,11,11
66763,55,56,-1,1
66764,202,196,6,6
66765,60,65,-5,5
66766,97,88,9,9
66767,111,109,2,2
66768,114,109,5,5
66769,81,67,14,14
66770,35,55,-20,20
66771,88,88,0,0
66772,62,78,-16,16
66773,84,85,-1,1
66774,96,86,10,10
66775,105,106,-1,1
66776,67,77,-10,10
66777,68,71,-3,3
66778,75,71,4,4
66779,64,65,-1,1
66780,165,152,13,13
66781,92,131,-39,39
66782,136,118,18,18
66783,93,94,-1,1
66784,58,57,1,1
66785,72,69,3,3
66786,87,84,3,3
66787,53,52,1,1
66788,138,135,3,3
66789,98,102,-4,4
66790,81,79,2,2
66791,82,80,2,2
66792,140,145,-5,5
66793,92,84,8,8
66794,116,119,-3,3
66795,169,159,10,10
66796,76,87,-11,11
66797,70,68,2,2
66798,206,183,23,23
66799,118,111,7,7
66800,82,85,-3,3
66801,143,133,10,10
66802,113,101,12,12
66803,82,79,3,3
66804,72,72,0,0
66805,53,49,4,4
66806,38,53,-15,15
66807,102,99,3,3
66808,98,100,-2,2
66809,60,67,-7,7
66810,133,137,-4,4
66811,108,103,5,5
66812,103,99,4,4
66813,58,56,2,2
66814,80,81,-1,1
66815,72,69,3,3
66816,103,96,7,7
66817,115,126,-11,11
66818,66,66,0,0
66819,134,136,-2,2
66820,129,124,5,5
66821,82,78,4,4
66822,92,88,4,4
66823,72,67,5,5
66824,156,151,5,5
66825,97,100,-3,3
66826,80,80,0,0
66827,110,92,18,18
66828,112,106,6,6
66829,73,74,-1,1
66830,93,97,-4,4
66831,84,99,-15,15
66832,69,59,10,10
66833,63,73,-10,10
66834,97,95,2,2
66835,51,59,-8,8
66836,117,114,3,3
66837,102,121,-19,19
66838,63,69,-6,6
66839,90,99,-9,9
66840,75,71,4,4
66841,31,69,-38,38
66842,118,123,-5,5
66843,110,124,-14,14
66844,126,125,1,1
66845,132,142,-10,10
66846,94,84,10,10
66847,55,63,-8,8
66848,119,109,10,10
66849,47,48,-1,1
66850,152,136,16,16
66851,38,60,-22,22
66852,96,111,-15,15
66853,79,70,9,9
66854,63,58,5,5
66855,120,108,12,12
66856,97,83,14,14
66857,65,63,2,2
66858,108,106,2,2
66859,146,143,3,3
66860,99,99,0,0
66861,50,55,-5,5
66862,98,99,-1,1
66863,61,54,7,7
66864,67,72,-5,5
66865,102,92,10,10
66866,98,94,4,4
66867,127,118,9,9
66868,134,128,6,6
66869,107,105,2,2
66870,62,66,-4,4
66871,83,75,8,8
66872,41,41,0,0
66873,65,76,-11,11
66874,73,78,-5,5
66875,81,72,9,9
66876,85,78,7,7
66877,85,68,17,17
66878,117,109,8,8
66879,128,130,-2,2
66880,89,81,8,8
66881,42,48,-6,6
66882,125,143,-18,18
66883,68,61,7,7
66884,72,78,-6,6
66885,96,91,5,5
66886,134,133,1,1
66887,122,119,3,3
66888,87,89,-2,2
66889,54,52,2,2
66890,79,81,-2,2
66891,148,133,15,15
66892,66,71,-5,5
66893,142,134,8,8
66894,106,91,15,15
66895,48,44,4,4
66896,57,68,-11,11
66897,126,124,2,2
66898,51,52,-1,1
66899,109,121,-12,12
66900,106,112,-6,6
66901,102,94,8,8
66902,94,89,5,5
66903,112,117,-5,5
66904,140,127,13,13
66905,117,125,-8,8
66906,112,84,28,28
66907,49,72,-23,23
66908,156,149,7,7
66909,89,77,12,12
66910,74,79,-5,5
66911,67,68,-1,1
66912,70,83,-13,13
66913,93,94,-1,1
66914,93,97,-4,4
66915,101,101,0,0
66916,76,89,-13,13
66917,67,63,4,4
66918,106,94,12,12
66919,72,80,-8,8
66920,65,59,6,6
66921,87,88,-1,1
66922,89,87,2,2
66923,257,265,-8,8
66924,175,171,4,4
66925,69,61,8,8
66926,76,66,10,10
66927,65,60,5,5
66928,153,145,8,8
66929,68,68,0,0
66930,116,101,15,15
66931,114,124,-10,10
66932,76,80,-4,4
66933,65,59,6,6
66934,104,102,2,2
66935,148,141,7,7
66936,43,45,-2,2
66937,90,86,4,4
66938,99,98,1,1
66939,128,135,-7,7
66940,110,109,1,1
66941,42,68,-26,26
66942,120,124,-4,4
66943,135,115,20,20
66944,134,141,-7,7
66945,116,123,-7,7
66946,138,122,16,16
66947,125,102,23,23
66948,43,46,-3,3
66949,89,80,9,9
66950,126,102,24,24
66951,90,76,14,14
66952,77,76,1,1
66953,91,88,3,3
66954,120,109,11,11
66955,63,58,5,5
66956,88,85,3,3
66957,50,51,-1,1
66958,110,99,11,11
66959,71,74,-3,3
66960,81,76,5,5
66961,120,114,6,6
66962,94,85,9,9
66963,51,58,-7,7
66964,84,78,6,6
66965,96,90,6,6
66966,179,165,14,14
66967,57,60,-3,3
66968,114,113,1,1
66969,111,117,-6,6
66970,111,105,6,6
66971,101,95,6,6
66972,53,45,8,8
66973,97,98,-1,1
66974,98,82,16,16
66975,50,60,-10,10
66976,82,79,3,3
66977,108,96,12,12
66978,59,59,0,0
66979,69,74,-5,5
66980,68,78,-10,10
66981,69,78,-9,9
66982,73,74,-1,1
66983,28,43,-15,15
66984,75,70,5,5
66985,68,66,2,2
66986,110,109,1,1
66987,99,106,-7,7
66988,72,68,4,4
66989,74,69,5,5
66990,70,77,-7,7
66991,109,96,13,13
66992,191,186,5,5
66993,54,52,2,2
66994,119,118,1,1
66995,76,70,6,6
66996,174,169,5,5
66997,87,83,4,4
66998,88,82,6,6
66999,53,49,4,4
67000,75,73,2,2
67001,68,61,7,7
67002,118,121,-3,3
67003,114,106,8,8
67004,101,103,-2,2
67005,102,102,0,0
67006,82,90,-8,8
67007,100,101,-1,1
67008,134,131,3,3
67009,140,145,-5,5
67010,109,116,-7,7
67011,124,123,1,1
67012,157,138,19,19
67013,67,63,4,4
67014,117,115,2,2
67015,64,59,5,5
67016,89,94,-5,5
67017,52,41,11,11
67018,126,124,2,2
67019,99,101,-2,2
67020,82,81,1,1
67021,96,77,19,19
67022,85,83,2,2
67023,68,96,-28,28
67024,132,123,9,9
67025,148,140,8,8
67026,56,49,7,7
67027,173,180,-7,7
67028,115,112,3,3
67029,99,93,6,6
67030,115,127,-12,12
67031,71,74,-3,3
67032,141,140,1,1
67033,111,108,3,3
67034,53,53,0,0
67035,279,209,70,70
67036,101,80,21,21
67037,93,86,7,7
67038,71,62,9,9
67039,163,160,3,3
67040,52,50,2,2
67041,109,108,1,1
67042,80,87,-7,7
67043,72,101,-29,29
67044,72,67,5,5
67045,87,82,5,5
67046,82,83,-1,1
67047,74,74,0,0
67048,156,144,12,12
67049,133,127,6,6
67050,123,108,15,15
67051,63,60,3,3
67052,70,70,0,0
67053,40,41,-1,1
67054,76,87,-11,11
67055,201,195,6,6
67056,76,80,-4,4
67057,109,115,-6,6
67058,116,116,0,0
67059,45,51,-6,6
67060,59,59,0,0
67061,104,92,12,12
67062,122,138,-16,16
67063,108,91,17,17
67064,59,62,-3,3
67065,111,126,-15,15
67066,47,38,9,9
67067,123,112,11,11
67068,127,116,11,11
67069,98,91,7,7
67070,90,89,1,1
67071,70,74,-4,4
67072,102,102,0,0
67073,101,96,5,5
67074,72,85,-13,13
67075,86,105,-19,19
67076,77,76,1,1
67077,175,151,24,24
67078,85,84,1,1
67079,109,104,5,5
67080,143,138,5,5
67081,79,82,-3,3
67082,81,79,2,2
67083,110,100,10,10
67084,68,78,-10,10
67085,107,92,15,15
67086,115,111,4,4
67087,120,119,1,1
67088,67,66,1,1
67089,95,80,15,15
67090,116,111,5,5
67091,83,87,-4,4
67092,97,87,10,10
67093,85,90,-5,5
67094,91,98,-7,7
67095,147,134,13,13
67096,60,63,-3,3
67097,104,94,10,10
67098,99,97,2,2
67099,142,118,24,24
67100,65,73,-8,8
67101,58,59,-1,1
67102,81,91,-10,10
67103,85,77,8,8
67104,158,150,8,8
67105,57,57,0,0
67106,32,37,-5,5
67107,161,152,9,9
67108,139,133,6,6
67109,123,127,-4,4
67110,141,141,0,0
67111,127,125,2,2
67112,65,60,5,5
67113,177,163,14,14
67114,131,124,7,7
67115,140,131,9,9
67116,51,59,-8,8
67117,85,84,1,1
67118,75,71,4,4
67119,103,95,8,8
67120,155,137,18,18
67121,85,75,10,10
67122,72,69,3,3
67123,80,69,11,11
67124,62,69,-7,7
67125,58,57,1,1
67126,53,62,-9,9
67127,76,79,-3,3
67128,117,115,2,2
67129,75,62,13,13
67130,138,140,-2,2
67131,82,77,5,5
67132,79,84,-5,5
67133,83,91,-8,8
67134,79,75,4,4
67135,141,130,11,11
67136,76,63,13,13
67137,165,153,12,12
67138,150,151,-1,1
67139,65,64,1,1
67140,37,40,-3,3
67141,55,52,3,3
67142,227,221,6,6
67143,82,87,-5,5
67144,70,63,7,7
67145,57,52,5,5
67146,73,67,6,6
67147,78,74,4,4
67148,58,61,-3,3
67149,87,82,5,5
67150,48,55,-7,7
67151,127,128,-1,1
67152,65,60,5,5
67153,111,98,13,13
67154,74,77,-3,3
67155,103,90,13,13
67156,91,77,14,14
67157,188,195,-7,7
67158,98,111,-13,13
67159,86,80,6,6
67160,68,58,10,10
67161,99,98,1,1
67162,68,62,6,6
67163,87,87,0,0
67164,110,112,-2,2
67165,53,58,-5,5
67166,75,75,0,0
67167,113,115,-2,2
67168,103,118,-15,15
67169,48,47,1,1
67170,180,166,14,14
67171,67,74,-7,7
67172,69,69,0,0
67173,114,133,-19,19
67174,82,70,12,12
67175,152,147,5,5
67176,108,108,0,0
67177,126,130,-4,4
67178,126,128,-2,2
67179,68,77,-9,9
67180,111,105,6,6
67181,127,109,18,18
67182,106,95,11,11
67183,93,97,-4,4
67184,134,137,-3,3
67185,65,77,-12,12
67186,129,120,9,9
67187,84,83,1,1
67188,64,68,-4,4
67189,147,136,11,11
67190,123,108,15,15
67191,102,96,6,6
67192,66,55,11,11
67193,56,58,-2,2
67194,99,114,-15,15
67195,92,89,3,3
67196,96,92,4,4
67197,125,136,-11,11
67198,85,80,5,5
67199,100,97,3,3
67200,77,77,0,0
67201,69,63,6,6
67202,95,94,1,1
67203,87,81,6,6
67204,112,107,5,5
67205,124,119,5,5
67206,99,98,1,1
67207,65,57,8,8
67208,119,110,9,9
67209,66,62,4,4
67210,89,81,8,8
67211,139,124,15,15
67212,111,98,13,13
67213,81,93,-12,12
67214,100,84,16,16
67215,82,75,7,7
67216,145,154,-9,9
67217,91,96,-5,5
67218,187,192,-5,5
67219,84,83,1,1
67220,45,49,-4,4
67221,116,125,-9,9
67222,69,69,0,0
67223,80,82,-2,2
67224,44,41,3,3
67225,93,104,-11,11
67226,58,57,1,1
67227,74,73,1,1
67228,74,76,-2,2
67229,99,113,-14,14
67230,93,109,-16,16
67231,67,59,8,8
67232,108,103,5,5
67233,108,100,8,8
67234,116,99,17,17
67235,127,114,13,13
67236,98,94,4,4
67237,115,122,-7,7
67238,131,126,5,5
67239,185,186,-1,1
67240,120,106,14,14
67241,75,74,1,1
67242,165,133,32,32
67243,44,77,-33,33
67244,82,82,0,0
67245,66,78,-12,12
67246,72,77,-5,5
67247,137,126,11,11
67248,66,72,-6,6
67249,79,92,-13,13
67250,48,46,2,2
67251,76,66,10,10
67252,87,81,6,6
67253,90,66,24,24
67254,67,66,1,1
67255,139,133,6,6
67256,52,55,-3,3
67257,97,90,7,7
67258,135,126,9,9
67259,60,41,19,19
67260,65,67,-2,2
67261,61,48,13,13
67262,175,166,9,9
67263,146,117,29,29
67264,64,77,-13,13
67265,122,116,6,6
67266,66,63,3,3
67267,62,60,2,2
67268,97,99,-2,2
67269,117,130,-13,13
67270,72,73,-1,1
67271,66,82,-16,16
67272,147,136,11,11
67273,139,131,8,8
67274,143,147,-4,4
67275,106,103,3,3
67276,81,91,-10,10
67277,85,69,16,16
67278,112,107,5,5
67279,74,81,-7,7
67280,157,146,11,11
67281,76,72,4,4
67282,69,62,7,7
67283,133,133,0,0
67284,79,82,-3,3
67285,58,67,-9,9
67286,111,115,-4,4
67287,195,179,16,16
67288,129,112,17,17
67289,58,69,-11,11
67290,101,110,-9,9
67291,186,179,7,7
67292,76,63,13,13
67293,72,71,1,1
67294,100,108,-8,8
67295,60,60,0,0
67296,59,63,-4,4
67297,118,105,13,13
67298,195,174,21,21
67299,92,83,9,9
67300,245,235,10,10
67301,102,109,-7,7
67302,84,79,5,5
67303,95,87,8,8
67304,126,117,9,9
67305,101,90,11,11
67306,192,171,21,21
67307,118,120,-2,2
67308,72,80,-8,8
67309,66,77,-11,11
67310,72,69,3,3
67311,75,71,4,4
67312,47,50,-3,3
67313,53,54,-1,1
67314,75,79,-4,4
67315,77,92,-15,15
67316,133,148,-15,15
67317,66,68,-2,2
67318,122,125,-3,3
67319,151,154,-3,3
67320,95,109,-14,14
67321,70,78,-8,8
67322,66,59,7,7
67323,101,100,1,1
67324,92,85,7,7
67325,94,86,8,8
67326,80,75,5,5
67327,86,89,-3,3
67328,99,84,15,15
67329,167,152,15,15
67330,104,88,16,16
67331,92,80,12,12
67332,82,100,-18,18
67333,93,84,9,9
67334,57,63,-6,6
67335,80,80,0,0
67336,154,138,16,16
67337,92,83,9,9
67338,121,107,14,14
67339,90,98,-8,8
67340,94,91,3,3
67341,100,99,1,1
67342,55,57,-2,2
67343,179,175,4,4
67344,157,143,14,14
67345,58,72,-14,14
67346,94,108,-14,14
67347,85,75,10,10
67348,55,60,-5,5
67349,72,59,13,13
67350,114,115,-1,1
67351,99,94,5,5
67352,75,65,10,10
67353,45,53,-8,8
67354,58,54,4,4
67355,110,103,7,7
67356,69,77,-8,8
67357,68,70,-2,2
67358,102,91,11,11
67359,77,81,-4,4
67360,85,82,3,3
67361,112,131,-19,19
67362,40,49,-9,9
67363,73,76,-3,3
67364,76,78,-2,2
67365,65,70,-5,5
67366,72,88,-16,16
67367,89,112,-23,23
67368,110,110,0,0
67369,91,87,4,4
67370,59,85,-26,26
67371,90,79,11,11
67372,84,83,1,1
67373,130,121,9,9
67374,63,59,4,4
67375,63,66,-3,3
67376,87,79,8,8
67377,106,106,0,0
67378,145,140,5,5
67379,128,129,-1,1
67380,81,80,1,1
67381,111,97,14,14
67382,76,78,-2,2
67383,53,62,-9,9
67384,82,81,1,1
67385,100,90,10,10
67386,74,74,0,0
67387,105,108,-3,3
67388,58,53,5,5
67389,102,107,-5,5
67390,113,109,4,4
67391,99,103,-4,4
67392,113,111,2,2
67393,55,64,-9,9
67394,98,86,12,12
67395,108,118,-10,10
67396,54,44,10,10
67397,99,96,3,3
67398,78,75,3,3
67399,68,63,5,5
67400,45,46,-1,1
67401,71,74,-3,3
67402,216,207,9,9
67403,103,104,-1,1
67404,77,74,3,3
67405,64,66,-2,2
67406,108,108,0,0
67407,106,84,22,22
67408,124,107,17,17
67409,71,72,-1,1
67410,91,82,9,9
67411,80,82,-2,2
67412,122,118,4,4
67413,105,106,-1,1
67414,80,83,-3,3
67415,142,121,21,21
67416,64,89,-25,25
67417,95,71,24,24
67418,112,120,-8,8
67419,83,71,12,12
67420,147,123,24,24
67421,47,51,-4,4
67422,80,84,-4,4
67423,104,107,-3,3
67424,71,69,2,2
67425,67,63,4,4
67426,69,69,0,0
67427,82,81,1,1
67428,85,84,1,1
67429,144,146,-2,2
67430,81,87,-6,6
67431,141,139,2,2
67432,86,81,5,5
67433,176,182,-6,6
67434,74,64,10,10
67435,91,89,2,2
67436,102,81,21,21
67437,74,64,10,10
67438,97,89,8,8
67439,60,62,-2,2
67440,97,96,1,1
67441,119,112,7,7
67442,97,100,-3,3
67443,70,70,0,0
67444,102,95,7,7
67445,61,65,-4,4
67446,86,70,16,16
67447,45,39,6,6
67448,51,53,-2,2
67449,130,133,-3,3
67450,74,76,-2,2
67451,78,86,-8,8
67452,163,168,-5,5
67453,52,57,-5,5
67454,99,95,4,4
67455,84,88,-4,4
67456,109,100,9,9
67457,84,78,6,6
67458,88,97,-9,9
67459,117,110,7,7
67460,186,176,10,10
67461,55,43,12,12
67462,65,75,-10,10
67463,119,140,-21,21
67464,71,69,2,2
67465,87,88,-1,1
67466,51,55,-4,4
67467,46,49,-3,3
67468,61,57,4,4
67469,103,86,17,17
67470,84,83,1,1
67471,56,66,-10,10
67472,73,73,0,0
67473,84,86,-2,2
67474,127,109,18,18
67475,178,183,-5,5
67476,71,67,4,4
67477,107,105,2,2
67478,111,99,12,12
67479,69,70,-1,1
67480,94,89,5,5
67481,45,56,-11,11
67482,94,103,-9,9
67483,120,124,-4,4
67484,63,72,-9,9
67485,78,82,-4,4
67486,40,52,-12,12
67487,114,97,17,17
67488,112,106,6,6
67489,152,143,9,9
67490,184,156,28,28
67491,84,80,4,4
67492,122,99,23,23
67493,108,96,12,12
67494,64,61,3,3
67495,114,108,6,6
67496,143,151,-8,8
67497,97,85,12,12
67498,99,93,6,6
67499,145,157,-12,12
67500,63,67,-4,4
67501,111,110,1,1
67502,68,75,-7,7
67503,108,116,-8,8
67504,94,81,13,13
67505,77,78,-1,1
67506,49,68,-19,19
67507,82,81,1,1
67508,66,60,6,6
67509,74,65,9,9
67510,142,147,-5,5
67511,82,84,-2,2
67512,87,87,0,0
67513,78,73,5,5
67514,58,70,-12,12
67515,108,91,17,17
67516,50,81,-31,31
67517,170,167,3,3
67518,74,74,0,0
67519,102,107,-5,5
67520,95,97,-2,2
67521,90,86,4,4
67522,118,110,8,8
67523,70,63,7,7
67524,111,109,2,2
67525,96,113,-17,17
67526,81,80,1,1
67527,110,102,8,8
67528,94,89,5,5
67529,99,108,-9,9
67530,107,105,2,2
67531,129,140,-11,11
67532,135,120,15,15
67533,123,110,13,13
67534,67,62,5,5
67535,79,73,6,6
67536,91,93,-2,2
67537,72,71,1,1
67538,150,161,-11,11
67539,117,128,-11,11
67540,60,58,2,2
67541,102,105,-3,3
67542,32,47,-15,15
67543,65,62,3,3
67544,163,166,-3,3
67545,99,103,-4,4
67546,76,68,8,8
67547,146,133,13,13
67548,137,126,11,11
67549,131,134,-3,3
67550,152,144,8,8
67551,93,116,-23,23
67552,78,73,5,5
67553,83,74,9,9
67554,109,98,11,11
67555,134,152,-18,18
67556,56,68,-12,12
67557,82,80,2,2
67558,50,52,-2,2
67559,104,105,-1,1
67560,78,79,-1,1
67561,60,61,-1,1
67562,137,129,8,8
67563,64,63,1,1
67564,144,145,-1,1
67565,49,55,-6,6
67566,104,100,4,4
67567,66,58,8,8
67568,71,61,10,10
67569,128,118,10,10
67570,84,100,-16,16
67571,141,148,-7,7
67572,97,90,7,7
67573,52,58,-6,6
67574,74,69,5,5
67575,98,101,-3,3
67576,71,74,-3,3
67577,56,56,0,0
67578,71,81,-10,10
67579,123,119,4,4
67580,146,132,14,14
67581,77,72,5,5
67582,68,76,-8,8
67583,110,85,25,25
67584,85,82,3,3
67585,162,128,34,34
67586,105,89,16,16
67587,68,64,4,4
67588,100,84,16,16
67589,103,101,2,2
67590,121,110,11,11
67591,96,83,13,13
67592,199,178,21,21
67593,83,79,4,4
67594,91,99,-8,8
67595,61,58,3,3
67596,103,109,-6,6
67597,95,92,3,3
67598,68,67,1,1
67599,94,84,10,10
67600,54,58,-4,4
67601,160,125,35,35
67602,123,114,9,9
67603,154,135,19,19
67604,48,52,-4,4
67605,66,67,-1,1
67606,81,88,-7,7
67607,56,55,1,1
67608,160,146,14,14
67609,121,159,-38,38
67610,103,84,19,19
67611,126,116,10,10
67612,82,70,12,12
67613,63,76,-13,13
67614,88,85,3,3
67615,111,118,-7,7
67616,139,135,4,4
67617,103,99,4,4
67618,74,77,-3,3
67619,133,126,7,7
67620,49,51,-2,2
67621,93,85,8,8
67622,86,80,6,6
67623,77,66,11,11
67624,56,71,-15,15
67625,66,62,4,4
67626,132,124,8,8
67627,149,133,16,16
67628,39,39,0,0
67629,117,117,0,0
67630,98,91,7,7
67631,59,54,5,5
67632,146,158,-12,12
67633,106,91,15,15
67634,63,64,-1,1
67635,90,90,0,0
67636,73,76,-3,3
67637,80,75,5,5
67638,89,90,-1,1
67639,88,85,3,3
67640,51,53,-2,2
67641,85,80,5,5
67642,106,125,-19,19
67643,136,126,10,10
67644,46,46,0,0
67645,107,114,-7,7
67646,154,159,-5,5
67647,109,97,12,12
67648,79,71,8,8
67649,94,77,17,17
67650,64,61,3,3
67651,63,62,1,1
67652,62,56,6,6
67653,58,62,-4,4
67654,48,53,-5,5
67655,67,65,2,2
67656,74,71,3,3
67657,94,88,6,6
67658,75,70,5,5
67659,158,141,17,17
67660,134,133,1,1
67661,189,173,16,16
67662,62,65,-3,3
67663,73,69,4,4
67664,89,94,-5,5
67665,42,47,-5,5
67666,129,114,15,15
67667,65,71,-6,6
67668,49,53,-4,4
67669,163,151,12,12
67670,93,88,5,5
67671,185,169,16,16
67672,91,85,6,6
67673,43,49,-6,6
67674,163,163,0,0
67675,65,63,2,2
67676,49,39,10,10
67677,62,61,1,1
67678,123,136,-13,13
67679,78,77,1,1
67680,144,140,4,4
67681,75,93,-18,18
67682,83,78,5,5
67683,122,91,31,31
67684,92,90,2,2
67685,101,99,2,2
67686,75,85,-10,10
67687,130,112,18,18
67688,160,159,1,1
67689,58,68,-10,10
67690,154,147,7,7
67691,101,86,15,15
67692,54,65,-11,11
67693,177,171,6,6
67694,198,184,14,14
67695,98,102,-4,4
67696,87,101,-14,14
67697,116,104,12,12
67698,63,63,0,0
67699,95,91,4,4
67700,57,55,2,2
67701,64,56,8,8
67702,69,58,11,11
67703,79,74,5,5
67704,89,94,-5,5
67705,53,46,7,7
67706,94,98,-4,4
67707,85,90,-5,5
67708,85,83,2,2
67709,80,89,-9,9
67710,80,83,-3,3
67711,95,87,8,8
67712,95,89,6,6
67713,72,77,-5,5
67714,59,60,-1,1
67715,122,109,13,13
67716,76,71,5,5
67717,103,83,20,20
67718,80,80,0,0
67719,84,86,-2,2
67720,108,108,0,0
67721,94,92,2,2
67722,128,129,-1,1
67723,121,118,3,3
67724,156,135,21,21
67725,120,113,7,7
67726,97,98,-1,1
67727,87,92,-5,5
67728,116,110,6,6
67729,48,44,4,4
67730,139,140,-1,1
67731,93,83,10,10
67732,184,192,-8,8
67733,62,61,1,1
67734,116,121,-5,5
67735,114,102,12,12
67736,104,91,13,13
67737,94,107,-13,13
67738,169,171,-2,2
67739,89,84,5,5
67740,91,94,-3,3
67741,97,98,-1,1
67742,111,110,1,1
67743,69,66,3,3
67744,120,114,6,6
67745,105,125,-20,20
67746,99,99,0,0
67747,37,66,-29,29
67748,105,89,16,16
67749,69,76,-7,7
67750,67,64,3,3
67751,31,42,-11,11
67752,60,56,4,4
67753,90,87,3,3
67754,74,65,9,9
67755,123,116,7,7
67756,97,96,1,1
67757,55,47,8,8
67758,127,123,4,4
67759,122,119,3,3
67760,103,115,-12,12
67761,141,139,2,2
67762,67,60,7,7
67763,113,114,-1,1
67764,135,135,0,0
67765,203,188,15,15
67766,88,90,-2,2
67767,94,90,4,4
67768,103,100,3,3
67769,86,84,2,2
67770,143,137,6,6
67771,52,46,6,6
67772,75,82,-7,7
67773,114,118,-4,4
67774,92,100,-8,8
67775,113,107,6,6
67776,123,123,0,0
67777,68,72,-4,4
67778,86,90,-4,4
67779,27,40,-13,13
67780,126,125,1,1
67781,89,79,10,10
67782,113,98,15,15
67783,106,100,6,6
67784,90,77,13,13
67785,82,70,12,12
67786,88,87,1,1
67787,97,93,4,4
67788,141,134,7,7
67789,123,110,13,13
67790,188,191,-3,3
67791,108,97,11,11
67792,73,67,6,6
67793,104,104,0,0
67794,87,83,4,4
67795,78,80,-2,2
67796,75,72,3,3
67797,153,141,12,12
67798,74,66,8,8
67799,129,117,12,12
67800,117,101,16,16
67801,82,85,-3,3
67802,103,105,-2,2
67803,93,79,14,14
67804,89,85,4,4
67805,44,50,-6,6
67806,76,74,2,2
67807,79,85,-6,6
67808,87,88,-1,1
67809,38,42,-4,4
67810,120,120,0,0
67811,88,89,-1,1
67812,155,142,13,13
67813,120,115,5,5
67814,89,82,7,7
67815,100,91,9,9
67816,66,65,1,1
67817,85,88,-3,3
67818,90,71,19,19
67819,126,130,-4,4
67820,153,135,18,18
67821,83,79,4,4
67822,113,102,11,11
67823,88,86,2,2
67824,152,156,-4,4
67825,104,93,11,11
67826,75,68,7,7
67827,48,53,-5,5
67828,127,133,-6,6
67829,79,76,3,3
67830,117,119,-2,2
67831,63,65,-2,2
67832,113,122,-9,9
67833,143,160,-17,17
67834,110,107,3,3
67835,75,89,-14,14
67836,48,57,-9,9
67837,64,99,-35,35
67838,99,96,3,3
67839,91,85,6,6
67840,111,102,9,9
67841,89,83,6,6
67842,141,137,4,4
67843,101,89,12,12
67844,74,71,3,3
67845,124,114,10,10
67846,115,130,-15,15
67847,94,103,-9,9
67848,110,117,-7,7
67849,70,70,0,0
67850,89,91,-2,2
67851,53,51,2,2
67852,85,95,-10,10
67853,166,152,14,14
67854,77,67,10,10
67855,76,73,3,3
67856,137,147,-10,10
67857,79,78,1,1
67858,144,124,20,20
67859,57,55,2,2
67860,102,100,2,2
67861,77,75,2,2
67862,105,100,5,5
67863,99,91,8,8
67864,40,43,-3,3
67865,96,88,8,8
67866,99,104,-5,5
67867,69,61,8,8
67868,111,100,11,11
67869,119,127,-8,8
67870,152,152,0,0
67871,138,129,9,9
67872,146,159,-13,13
67873,79,94,-15,15
67874,113,106,7,7
67875,65,64,1,1
67876,135,124,11,11
67877,58,41,17,17
67878,68,76,-8,8
67879,103,96,7,7
67880,110,112,-2,2
67881,57,61,-4,4
67882,191,186,5,5
67883,87,74,13,13
67884,130,119,11,11
67885,94,92,2,2
67886,101,95,6,6
67887,52,52,0,0
67888,134,128,6,6
67889,75,73,2,2
67890,91,93,-2,2
67891,109,103,6,6
67892,96,95,1,1
67893,55,57,-2,2
67894,114,104,10,10
67895,159,150,9,9
67896,74,67,7,7
67897,89,103,-14,14
67898,45,50,-5,5
67899,50,70,-20,20
67900,78,72,6,6
67901,136,141,-5,5
67902,81,74,7,7
67903,104,92,12,12
67904,42,51,-9,9
67905,45,53,-8,8
67906,91,75,16,16
67907,81,80,1,1
67908,73,74,-1,1
67909,163,152,11,11
67910,62,63,-1,1
67911,62,94,-32,32
67912,117,94,23,23
67913,91,94,-3,3
67914,81,84,-3,3
67915,183,159,24,24
67916,115,120,-5,5
67917,45,45,0,0
67918,67,69,-2,2
67919,73,68,5,5
67920,115,116,-1,1
67921,143,132,11,11
67922,122,113,9,9
67923,158,143,15,15
67924,132,126,6,6
67925,56,66,-10,10
67926,138,142,-4,4
67927,128,108,20,20
67928,170,159,11,11
67929,101,90,11,11
67930,147,144,3,3
67931,116,122,-6,6
67932,97,115,-18,18
67933,116,120,-4,4
67934,73,71,2,2
67935,58,52,6,6
67936,99,83,16,16
67937,148,158,-10,10
67938,56,54,2,2
67939,144,148,-4,4
67940,73,67,6,6
67941,124,134,-10,10
67942,58,82,-24,24
67943,72,76,-4,4
67944,57,53,4,4
67945,77,62,15,15
67946,93,102,-9,9
67947,136,135,1,1
67948,56,62,-6,6
67949,106,97,9,9
67950,68,58,10,10
67951,107,93,14,14
67952,137,135,2,2
67953,51,59,-8,8
67954,161,162,-1,1
67955,75,71,4,4
67956,207,184,23,23
67957,134,143,-9,9
67958,139,144,-5,5
67959,85,82,3,3
67960,64,68,-4,4
67961,57,57,0,0
67962,87,85,2,2
67963,143,143,0,0
67964,89,93,-4,4
67965,78,81,-3,3
67966,73,86,-13,13
67967,188,196,-8,8
67968,115,102,13,13
67969,119,98,21,21
67970,74,84,-10,10
67971,96,104,-8,8
67972,64,65,-1,1
67973,117,110,7,7
67974,127,129,-2,2
67975,70,73,-3,3
67976,97,105,-8,8
67977,163,171,-8,8
67978,143,130,13,13
67979,69,72,-3,3
67980,98,106,-8,8
67981,87,77,10,10
67982,100,93,7,7
67983,111,120,-9,9
67984,129,132,-3,3
67985,94,81,13,13
67986,124,120,4,4
67987,70,72,-2,2
67988,64,61,3,3
67989,131,122,9,9
67990,81,89,-8,8
67991,121,113,8,8
67992,139,132,7,7
67993,49,60,-11,11
67994,54,57,-3,3
67995,109,108,1,1
67996,71,71,0,0
67997,124,119,5,5
67998,110,97,13,13
67999,103,111,-8,8
68000,104,110,-6,6
68001,95,106,-11,11
68002,85,73,12,12
68003,83,76,7,7
68004,111,115,-4,4
68005,68,60,8,8
68006,76,70,6,6
68007,47,48,-1,1
68008,143,122,21,21
68009,64,60,4,4
68010,102,100,2,2
68011,77,78,-1,1
68012,52,58,-6,6
68013,52,51,1,1
68014,75,79,-4,4
68015,83,93,-10,10
68016,70,65,5,5
68017,44,48,-4,4
68018,41,42,-1,1
68019,77,69,8,8
68020,53,49,4,4
68021,132,133,-1,1
68022,112,100,12,12
68023,81,85,-4,4
68024,85,78,7,7
68025,90,89,1,1
68026,51,53,-2,2
68027,55,58,-3,3
68028,45,63,-18,18
68029,52,53,-1,1
68030,98,93,5,5
68031,72,67,5,5
68032,239,230,9,9
68033,123,102,21,21
68034,164,152,12,12
68035,75,75,0,0
68036,145,142,3,3
68037,63,57,6,6
68038,63,96,-33,33
68039,100,106,-6,6
68040,110,114,-4,4
68041,76,84,-8,8
68042,94,97,-3,3
68043,109,92,17,17
68044,59,72,-13,13
68045,140,161,-21,21
68046,83,80,3,3
68047,136,130,6,6
68048,50,60,-10,10
68049,85,79,6,6
68050,113,100,13,13
68051,49,53,-4,4
68052,98,79,19,19
68053,80,69,11,11
68054,95,95,0,0
68055,129,131,-2,2
68056,89,80,9,9
68057,115,97,18,18
68058,73,76,-3,3
68059,75,79,-4,4
68060,168,154,14,14
68061,52,54,-2,2
68062,76,66,10,10
68063,104,102,2,2
68064,124,108,16,16
68065,113,106,7,7
68066,80,72,8,8
68067,79,93,-14,14
68068,89,87,2,2
68069,90,78,12,12
68070,46,47,-1,1
68071,80,74,6,6
68072,108,114,-6,6
68073,46,51,-5,5
68074,106,97,9,9
68075,139,135,4,4
68076,99,101,-2,2
68077,50,46,4,4
68078,65,61,4,4
68079,69,63,6,6
68080,125,118,7,7
68081,97,87,10,10
68082,84,89,-5,5
68083,114,122,-8,8
68084,39,38,1,1
68085,106,120,-14,14
68086,88,82,6,6
68087,80,81,-1,1
68088,178,169,9,9
68089,104,116,-12,12
68090,76,63,13,13
68091,108,89,19,19
68092,82,94,-12,12
68093,44,43,1,1
68094,67,61,6,6
68095,69,68,1,1
68096,69,66,3,3
68097,112,108,4,4
68098,151,140,11,11
68099,47,55,-8,8
68100,70,65,5,5
68101,86,76,10,10
68102,95,86,9,9
68103,68,69,-1,1
68104,44,51,-7,7
68105,70,79,-9,9
68106,132,122,10,10
68107,66,65,1,1
68108,104,100,4,4
68109,155,154,1,1
68110,136,131,5,5
68111,74,76,-2,2
68112,109,107,2,2
68113,88,89,-1,1
68114,156,167,-11,11
68115,153,158,-5,5
68116,83,72,11,11
68117,88,78,10,10
68118,167,172,-5,5
68119,44,44,0,0
68120,124,109,15,15
68121,71,61,10,10
68122,131,117,14,14
68123,94,94,0,0
68124,64,63,1,1
68125,81,83,-2,2
68126,69,68,1,1
68127,52,52,0,0
68128,84,87,-3,3
68129,59,56,3,3
68130,117,119,-2,2
68131,115,106,9,9
68132,86,79,7,7
68133,111,107,4,4
68134,69,70,-1,1
68135,119,111,8,8
68136,73,67,6,6
68137,81,77,4,4
68138,79,85,-6,6
68139,89,101,-12,12
68140,51,45,6,6
68141,63,61,2,2
68142,87,87,0,0
68143,116,113,3,3
68144,115,102,13,13
68145,111,103,8,8
68146,38,43,-5,5
68147,130,137,-7,7
68148,100,84,16,16
68149,60,59,1,1
68150,91,82,9,9
68151,67,63,4,4
68152,73,69,4,4
68153,152,155,-3,3
68154,199,185,14,14
68155,156,148,8,8
68156,61,60,1,1
68157,109,92,17,17
68158,69,67,2,2
68159,87,85,2,2
68160,65,69,-4,4
68161,83,87,-4,4
68162,94,90,4,4
68163,104,87,17,17
68164,72,67,5,5
68165,74,86,-12,12
68166,93,77,16,16
68167,88,76,12,12
68168,88,80,8,8
68169,75,80,-5,5
68170,102,97,5,5
68171,72,74,-2,2
68172,95,82,13,13
68173,98,98,0,0
68174,86,85,1,1
68175,91,112,-21,21
68176,67,63,4,4
68177,73,73,0,0
68178,129,133,-4,4
68179,64,59,5,5
68180,94,99,-5,5
68181,123,111,12,12
68182,89,77,12,12
68183,45,52,-7,7
68184,95,97,-2,2
68185,77,75,2,2
68186,61,64,-3,3
68187,151,155,-4,4
68188,53,59,-6,6
68189,109,102,7,7
68190,84,87,-3,3
68191,86,84,2,2
68192,105,102,3,3
68193,107,118,-11,11
68194,97,100,-3,3
68195,41,47,-6,6
68196,69,71,-2,2
68197,111,84,27,27
68198,40,45,-5,5
68199,140,133,7,7
68200,65,60,5,5
68201,149,126,23,23
68202,46,46,0,0
68203,103,104,-1,1
68204,80,79,1,1
68205,41,45,-4,4
68206,97,126,-29,29
68207,65,58,7,7
68208,124,161,-37,37
68209,65,61,4,4
68210,85,71,14,14
68211,151,145,6,6
68212,75,76,-1,1
68213,92,90,2,2
68214,96,89,7,7
68215,120,113,7,7
68216,71,62,9,9
68217,77,74,3,3
68218,84,92,-8,8
68219,100,109,-9,9
68220,105,118,-13,13
68221,123,116,7,7
68222,53,57,-4,4
68223,178,182,-4,4
68224,99,97,2,2
68225,64,67,-3,3
68226,78,80,-2,2
68227,108,105,3,3
68228,77,76,1,1
68229,157,159,-2,2
68230,72,80,-8,8
68231,68,68,0,0
68232,87,73,14,14
68233,70,74,-4,4
68234,52,61,-9,9
68235,85,71,14,14
68236,100,108,-8,8
68237,71,64,7,7
68238,109,118,-9,9
68239,154,165,-11,11
68240,96,76,20,20
68241,78,86,-8,8
68242,82,93,-11,11
68243,114,108,6,6
68244,103,106,-3,3
68245,118,121,-3,3
68246,87,86,1,1
68247,121,124,-3,3
68248,94,94,0,0
68249,62,53,9,9
68250,89,83,6,6
68251,105,93,12,12
68252,85,87,-2,2
68253,79,83,-4,4
68254,86,82,4,4
68255,100,97,3,3
68256,104,99,5,5
68257,83,88,-5,5
68258,90,86,4,4
68259,112,123,-11,11
68260,69,64,5,5
68261,121,95,26,26
68262,84,87,-3,3
68263,87,86,1,1
68264,92,94,-2,2
68265,147,143,4,4
68266,86,86,0,0
68267,89,79,10,10
68268,52,62,-10,10
68269,110,103,7,7
68270,145,136,9,9
68271,87,85,2,2
68272,107,92,15,15
68273,145,119,26,26
68274,55,52,3,3
68275,51,58,-7,7
68276,95,97,-2,2
68277,101,100,1,1
68278,72,65,7,7
68279,90,80,10,10
68280,91,77,14,14
68281,94,97,-3,3
68282,60,63,-3,3
68283,59,56,3,3
68284,96,92,4,4
68285,55,60,-5,5
68286,101,82,19,19
68287,95,93,2,2
68288,113,98,15,15
68289,77,71,6,6
68290,114,121,-7,7
68291,101,111,-10,10
68292,100,105,-5,5
68293,64,65,-1,1
68294,100,100,0,0
68295,158,137,21,21
68296,81,80,1,1
68297,62,62,0,0
68298,136,128,8,8
68299,156,146,10,10
68300,160,151,9,9
68301,128,133,-5,5
68302,49,47,2,2
68303,135,126,9,9
68304,81,84,-3,3
68305,85,83,2,2
68306,74,70,4,4
68307,141,133,8,8
68308,98,93,5,5
68309,140,131,9,9
68310,102,90,12,12
68311,91,104,-13,13
68312,68,67,1,1
68313,117,107,10,10
68314,57,55,2,2
68315,70,79,-9,9
68316,203,171,32,32
68317,96,117,-21,21
68318,128,125,3,3
68319,81,74,7,7
68320,81,94,-13,13
68321,66,54,12,12
68322,128,119,9,9
68323,150,143,7,7
68324,79,84,-5,5
68325,68,82,-14,14
68326,57,64,-7,7
68327,63,68,-5,5
68328,110,109,1,1
68329,84,79,5,5
68330,84,71,13,13
68331,59,62,-3,3
68332,101,82,19,19
68333,73,75,-2,2
68334,82,80,2,2
68335,163,157,6,6
68336,113,111,2,2
68337,95,87,8,8
68338,73,70,3,3
68339,83,78,5,5
68340,114,116,-2,2
68341,136,112,24,24
68342,86,88,-2,2
68343,81,74,7,7
68344,108,102,6,6
68345,149,155,-6,6
68346,101,103,-2,2
68347,78,78,0,0
68348,126,119,7,7
68349,122,139,-17,17
68350,112,106,6,6
68351,67,54,13,13
68352,62,61,1,1
68353,112,117,-5,5
68354,171,160,11,11
68355,65,51,14,14
68356,97,85,12,12
68357,43,44,-1,1
68358,71,66,5,5
68359,71,62,9,9
68360,55,50,5,5
68361,72,78,-6,6
68362,85,85,0,0
68363,190,178,12,12
68364,97,96,1,1
68365,100,101,-1,1
68366,75,74,1,1
68367,130,112,18,18
68368,60,57,3,3
68369,105,104,1,1
68370,85,78,7,7
68371,89,92,-3,3
68372,93,92,1,1
68373,39,77,-38,38
68374,74,69,5,5
68375,148,155,-7,7
68376,136,124,12,12
68377,61,70,-9,9
68378,181,174,7,7
68379,99,98,1,1
68380,165,156,9,9
68381,97,93,4,4
68382,116,103,13,13
68383,105,113,-8,8
68384,50,48,2,2
68385,71,77,-6,6
68386,115,110,5,5
68387,61,57,4,4
68388,101,105,-4,4
68389,80,79,1,1
68390,100,105,-5,5
68391,79,91,-12,12
68392,121,120,1,1
68393,85,87,-2,2
68394,87,90,-3,3
68395,61,64,-3,3
68396,125,138,-13,13
68397,85,89,-4,4
68398,87,87,0,0
68399,64,69,-5,5
68400,66,61,5,5
68401,85,83,2,2
68402,159,145,14,14
68403,132,133,-1,1
68404,96,88,8,8
68405,100,106,-6,6
68406,76,66,10,10
68407,117,120,-3,3
68408,101,105,-4,4
68409,86,81,5,5
68410,117,112,5,5
68411,96,90,6,6
68412,55,57,-2,2
68413,145,130,15,15
68414,68,75,-7,7
68415,71,60,11,11
68416,129,127,2,2
68417,121,114,7,7
68418,92,77,15,15
68419,57,60,-3,3
68420,50,54,-4,4
68421,56,54,2,2
68422,52,56,-4,4
68423,61,63,-2,2
68424,164,147,17,17
68425,119,113,6,6
68426,85,77,8,8
68427,83,73,10,10
68428,149,148,1,1
68429,103,93,10,10
68430,61,49,12,12
68431,142,139,3,3
68432,80,79,1,1
68433,49,55,-6,6
68434,109,93,16,16
68435,101,97,4,4
68436,77,74,3,3
68437,160,170,-10,10
68438,108,110,-2,2
68439,137,134,3,3
68440,125,120,5,5
68441,76,73,3,3
68442,145,131,14,14
68443,86,87,-1,1
68444,131,123,8,8
68445,99,111,-12,12
68446,97,92,5,5
68447,67,64,3,3
68448,107,123,-16,16
68449,87,81,6,6
68450,104,109,-5,5
68451,77,75,2,2
68452,49,54,-5,5
68453,152,137,15,15
68454,138,134,4,4
68455,183,181,2,2
68456,53,52,1,1
68457,100,90,10,10
68458,71,75,-4,4
68459,73,87,-14,14
68460,108,98,10,10
68461,85,88,-3,3
68462,72,72,0,0
68463,92,89,3,3
68464,127,123,4,4
68465,61,78,-17,17
68466,86,111,-25,25
68467,56,50,6,6
68468,104,96,8,8
68469,86,89,-3,3
68470,142,144,-2,2
68471,78,80,-2,2
68472,96,81,15,15
68473,75,89,-14,14
68474,88,89,-1,1
68475,69,67,2,2
68476,62,65,-3,3
68477,107,94,13,13
68478,65,59,6,6
68479,129,123,6,6
68480,86,90,-4,4
68481,77,62,15,15
68482,115,103,12,12
68483,87,79,8,8
68484,32,36,-4,4
68485,80,95,-15,15
68486,107,108,-1,1
68487,112,124,-12,12
68488,83,81,2,2
68489,89,91,-2,2
68490,65,62,3,3
68491,63,64,-1,1
68492,56,58,-2,2
68493,99,87,12,12
68494,88,88,0,0
68495,130,131,-1,1
68496,59,58,1,1
68497,157,120,37,37
68498,94,98,-4,4
68499,94,93,1,1
68500,61,58,3,3
68501,98,103,-5,5
68502,98,91,7,7
68503,108,94,14,14
68504,122,123,-1,1
68505,115,117,-2,2
68506,49,49,0,0
68507,79,78,1,1
68508,96,100,-4,4
68509,81,90,-9,9
68510,54,56,-2,2
68511,70,83,-13,13
68512,141,131,10,10
68513,113,206,-93,93
68514,110,126,-16,16
68515,75,78,-3,3
68516,85,96,-11,11
68517,85,76,9,9
68518,105,106,-1,1
68519,62,64,-2,2
68520,39,52,-13,13
68521,83,84,-1,1
68522,103,93,10,10
68523,69,72,-3,3
68524,103,97,6,6
68525,82,70,12,12
68526,98,95,3,3
68527,134,131,3,3
68528,51,66,-15,15
68529,98,91,7,7
68530,58,56,2,2
68531,66,77,-11,11
68532,66,57,9,9
68533,139,117,22,22
68534,182,174,8,8
68535,118,121,-3,3
68536,69,59,10,10
68537,61,68,-7,7
68538,101,92,9,9
68539,126,105,21,21
68540,87,84,3,3
68541,53,62,-9,9
68542,83,61,22,22
68543,113,121,-8,8
68544,109,103,6,6
68545,60,56,4,4
68546,113,116,-3,3
68547,84,95,-11,11
68548,60,53,7,7
68549,56,62,-6,6
68550,52,48,4,4
68551,111,111,0,0
68552,74,75,-1,1
68553,57,52,5,5
68554,72,68,4,4
68555,77,79,-2,2
68556,93,94,-1,1
68557,167,145,22,22
68558,64,63,1,1
68559,97,91,6,6
68560,106,104,2,2
68561,165,155,10,10
68562,86,104,-18,18
68563,146,135,11,11
68564,98,95,3,3
68565,88,79,9,9
68566,89,84,5,5
68567,99,93,6,6
68568,86,83,3,3
68569,95,113,-18,18
68570,70,65,5,5
68571,91,110,-19,19
68572,98,86,12,12
68573,92,88,4,4
68574,103,106,-3,3
68575,91,80,11,11
68576,58,74,-16,16
68577,61,62,-1,1
68578,53,52,1,1
68579,83,77,6,6
68580,56,52,4,4
68581,84,84,0,0
68582,73,78,-5,5
68583,73,69,4,4
68584,81,77,4,4
68585,69,73,-4,4
68586,71,87,-16,16
68587,107,116,-9,9
68588,111,109,2,2
68589,107,96,11,11
68590,115,95,20,20
68591,75,79,-4,4
68592,129,120,9,9
68593,94,90,4,4
68594,52,56,-4,4
68595,146,144,2,2
68596,99,102,-3,3
68597,93,108,-15,15
68598,57,62,-5,5
68599,102,118,-16,16
68600,58,58,0,0
68601,95,132,-37,37
68602,92,89,3,3
68603,99,94,5,5
68604,115,114,1,1
68605,77,72,5,5
68606,176,177,-1,1
68607,97,94,3,3
68608,153,140,13,13
68609,74,71,3,3
68610,182,174,8,8
68611,91,92,-1,1
68612,67,73,-6,6
68613,85,91,-6,6
68614,109,106,3,3
68615,113,102,11,11
68616,111,112,-1,1
68617,95,105,-10,10
68618,74,67,7,7
68619,110,107,3,3
68620,58,58,0,0
68621,135,124,11,11
68622,108,113,-5,5
68623,112,122,-10,10
68624,49,57,-8,8
68625,114,123,-9,9
68626,57,58,-1,1
68627,74,67,7,7
68628,99,102,-3,3
68629,96,87,9,9
68630,88,80,8,8
68631,79,83,-4,4
68632,82,66,16,16
68633,99,97,2,2
68634,116,107,9,9
68635,80,76,4,4
68636,120,115,5,5
68637,70,59,11,11
68638,74,68,6,6
68639,55,69,-14,14
68640,97,82,15,15
68641,74,65,9,9
68642,92,101,-9,9
68643,71,72,-1,1
68644,86,83,3,3
68645,66,51,15,15
68646,74,70,4,4
68647,90,91,-1,1
68648,110,107,3,3
68649,94,93,1,1
68650,101,95,6,6
68651,115,112,3,3
68652,91,92,-1,1
68653,102,101,1,1
68654,116,119,-3,3
68655,130,131,-1,1
68656,45,53,-8,8
68657,77,92,-15,15
68658,117,128,-11,11
68659,109,107,2,2
68660,94,88,6,6
68661,130,126,4,4
68662,37,43,-6,6
68663,73,71,2,2
68664,79,65,14,14
68665,80,85,-5,5
68666,143,126,17,17
68667,69,63,6,6
68668,143,143,0,0
68669,105,103,2,2
68670,150,142,8,8
68671,94,84,10,10
68672,107,100,7,7
68673,64,61,3,3
68674,154,140,14,14
68675,129,127,2,2
68676,118,103,15,15
68677,86,83,3,3
68678,98,102,-4,4
68679,134,145,-11,11
68680,96,102,-6,6
68681,90,96,-6,6
68682,173,173,0,0
68683,83,85,-2,2
68684,168,164,4,4
68685,97,95,2,2
68686,88,79,9,9
68687,54,59,-5,5
68688,142,118,24,24
68689,152,150,2,2
68690,75,78,-3,3
68691,73,79,-6,6
68692,170,181,-11,11
68693,82,77,5,5
68694,103,116,-13,13
68695,135,127,8,8
68696,98,102,-4,4
68697,190,178,12,12
68698,110,90,20,20
68699,56,61,-5,5
68700,160,143,17,17
68701,86,99,-13,13
68702,105,105,0,0
68703,42,40,2,2
68704,148,159,-11,11
68705,78,64,14,14
68706,108,109,-1,1
68707,81,76,5,5
68708,135,130,5,5
68709,84,94,-10,10
68710,115,86,29,29
68711,124,114,10,10
68712,67,75,-8,8
68713,97,101,-4,4
68714,90,89,1,1
68715,158,154,4,4
68716,162,153,9,9
68717,165,165,0,0
68718,76,78,-2,2
68719,174,175,-1,1
68720,125,124,1,1
68721,155,151,4,4
68722,80,82,-2,2
68723,150,161,-11,11
68724,54,54,0,0
68725,119,107,12,12
68726,83,67,16,16
68727,56,61,-5,5
68728,69,74,-5,5
68729,94,104,-10,10
68730,103,111,-8,8
68731,120,111,9,9
68732,119,126,-7,7
68733,92,91,1,1
68734,102,99,3,3
68735,75,70,5,5
68736,64,66,-2,2
68737,175,165,10,10
68738,66,58,8,8
68739,69,70,-1,1
68740,66,62,4,4
68741,42,42,0,0
68742,222,197,25,25
68743,161,149,12,12
68744,139,124,15,15
68745,88,87,1,1
68746,81,70,11,11
68747,160,166,-6,6
68748,100,102,-2,2
68749,64,70,-6,6
68750,26,33,-7,7
68751,126,119,7,7
68752,49,52,-3,3
68753,101,99,2,2
68754,78,73,5,5
68755,82,75,7,7
68756,68,60,8,8
68757,90,84,6,6
68758,78,74,4,4
68759,114,111,3,3
68760,160,153,7,7
68761,108,103,5,5
68762,93,95,-2,2
68763,52,52,0,0
68764,142,137,5,5
68765,151,160,-9,9
68766,118,124,-6,6
68767,90,87,3,3
68768,103,95,8,8
68769,126,117,9,9
68770,121,114,7,7
68771,111,115,-4,4
68772,87,81,6,6
68773,48,52,-4,4
68774,86,72,14,14
68775,60,102,-42,42
68776,162,150,12,12
68777,98,84,14,14
68778,134,126,8,8
68779,147,146,1,1
68780,113,116,-3,3
68781,79,76,3,3
68782,76,65,11,11
68783,72,76,-4,4
68784,59,61,-2,2
68785,151,138,13,13
68786,114,114,0,0
68787,71,71,0,0
68788,146,149,-3,3
68789,83,78,5,5
68790,65,59,6,6
68791,60,46,14,14
68792,113,95,18,18
68793,146,126,20,20
68794,103,99,4,4
68795,123,112,11,11
68796,59,73,-14,14
68797,158,142,16,16
68798,114,99,15,15
68799,133,122,11,11
68800,151,147,4,4
68801,41,45,-4,4
68802,80,76,4,4
68803,71,62,9,9
68804,88,93,-5,5
68805,94,105,-11,11
68806,41,57,-16,16
68807,129,142,-13,13
68808,126,115,11,11
68809,132,120,12,12
68810,38,44,-6,6
68811,81,86,-5,5
68812,97,94,3,3
68813,99,98,1,1
68814,159,157,2,2
68815,113,120,-7,7
68816,42,56,-14,14
68817,176,164,12,12
68818,96,81,15,15
68819,122,117,5,5
68820,134,137,-3,3
68821,63,59,4,4
68822,81,78,3,3
68823,94,96,-2,2
68824,122,118,4,4
68825,99,88,11,11
68826,103,106,-3,3
68827,77,105,-28,28
68828,90,103,-13,13
68829,139,124,15,15
68830,74,46,28,28
68831,83,83,0,0
68832,84,77,7,7
68833,108,98,10,10
68834,80,82,-2,2
68835,117,117,0,0
68836,81,86,-5,5
68837,73,70,3,3
68838,146,136,10,10
68839,83,78,5,5
68840,71,63,8,8
68841,99,107,-8,8
68842,52,50,2,2
68843,97,110,-13,13
68844,80,79,1,1
68845,112,109,3,3
68846,57,73,-16,16
68847,105,106,-1,1
68848,145,150,-5,5
68849,104,90,14,14
68850,94,88,6,6
68851,109,110,-1,1
68852,73,70,3,3
68853,54,56,-2,2
68854,99,98,1,1
68855,204,182,22,22
68856,42,57,-15,15
68857,40,49,-9,9
68858,61,54,7,7
68859,98,99,-1,1
68860,88,88,0,0
68861,107,112,-5,5
68862,101,99,2,2
68863,156,149,7,7
68864,43,51,-8,8
68865,85,78,7,7
68866,130,123,7,7
68867,49,58,-9,9
68868,82,74,8,8
68869,105,104,1,1
68870,141,162,-21,21
68871,124,125,-1,1
68872,149,169,-20,20
68873,61,48,13,13
68874,163,165,-2,2
68875,94,100,-6,6
68876,64,74,-10,10
68877,129,150,-21,21
68878,71,81,-10,10
68879,95,102,-7,7
68880,106,110,-4,4
68881,103,80,23,23
68882,81,76,5,5
68883,89,84,5,5
68884,144,145,-1,1
68885,64,67,-3,3
68886,37,130,-93,93
68887,87,75,12,12
68888,34,33,1,1
68889,94,98,-4,4
68890,84,87,-3,3
68891,76,67,9,9
68892,79,74,5,5
68893,96,101,-5,5
68894,99,93,6,6
68895,102,101,1,1
68896,66,66,0,0
68897,96,85,11,11
68898,75,70,5,5
68899,98,92,6,6
68900,75,66,9,9
68901,106,98,8,8
68902,85,86,-1,1
68903,104,111,-7,7
68904,83,85,-2,2
68905,92,87,5,5
68906,110,122,-12,12
68907,89,103,-14,14
68908,148,141,7,7
68909,105,108,-3,3
68910,90,76,14,14
68911,42,54,-12,12
68912,102,100,2,2
68913,142,134,8,8
68914,122,114,8,8
68915,109,102,7,7
68916,101,106,-5,5
68917,89,94,-5,5
68918,118,115,3,3
68919,146,136,10,10
68920,100,109,-9,9
68921,99,91,8,8
68922,62,56,6,6
68923,84,73,11,11
68924,62,68,-6,6
68925,190,174,16,16
68926,105,107,-2,2
68927,101,85,16,16
68928,69,75,-6,6
68929,105,98,7,7
68930,135,132,3,3
68931,162,168,-6,6
68932,96,91,5,5
68933,80,76,4,4
68934,83,85,-2,2
68935,133,125,8,8
68936,77,66,11,11
68937,130,130,0,0
68938,143,156,-13,13
68939,83,77,6,6
68940,77,78,-1,1
68941,148,145,3,3
68942,88,85,3,3
68943,47,45,2,2
68944,66,52,14,14
68945,54,66,-12,12
68946,97,90,7,7
68947,80,82,-2,2
68948,51,68,-17,17
68949,122,124,-2,2
68950,134,121,13,13
68951,152,150,2,2
68952,96,100,-4,4
68953,75,79,-4,4
68954,143,142,1,1
68955,164,160,4,4
68956,99,106,-7,7
68957,149,152,-3,3
68958,126,118,8,8
68959,90,75,15,15
68960,102,106,-4,4
68961,18,44,-26,26
68962,103,134,-31,31
68963,130,120,10,10
68964,67,65,2,2
68965,69,61,8,8
68966,84,88,-4,4
68967,122,127,-5,5
68968,103,89,14,14
68969,65,56,9,9
68970,111,115,-4,4
68971,177,181,-4,4
68972,64,58,6,6
68973,159,159,0,0
68974,123,119,4,4
68975,67,75,-8,8
68976,138,137,1,1
68977,88,100,-12,12
68978,94,106,-12,12
68979,114,107,7,7
68980,81,75,6,6
68981,68,63,5,5
68982,214,207,7,7
68983,145,132,13,13
68984,54,52,2,2
68985,100,92,8,8
68986,146,141,5,5
68987,213,187,26,26
68988,106,119,-13,13
68989,57,59,-2,2
68990,128,124,4,4
68991,97,98,-1,1
68992,90,101,-11,11
68993,102,103,-1,1
68994,153,137,16,16
68995,84,80,4,4
68996,27,40,-13,13
68997,51,50,1,1
68998,73,76,-3,3
68999,86,83,3,3
69000,77,70,7,7
69001,154,140,14,14
69002,107,107,0,0
69003,173,170,3,3
69004,80,77,3,3
69005,92,94,-2,2
69006,86,81,5,5
69007,70,71,-1,1
69008,116,116,0,0
69009,79,75,4,4
69010,101,94,7,7
69011,138,129,9,9
69012,125,114,11,11
69013,65,62,3,3
69014,82,82,0,0
69015,88,90,-2,2
69016,40,57,-17,17
69017,104,110,-6,6
69018,111,108,3,3
69019,81,77,4,4
69020,67,76,-9,9
69021,91,102,-11,11
69022,135,132,3,3
69023,155,164,-9,9
69024,89,80,9,9
69025,58,64,-6,6
69026,137,133,4,4
69027,69,64,5,5
69028,84,83,1,1
69029,110,87,23,23
69030,68,94,-26,26
69031,126,110,16,16
69032,185,147,38,38
69033,64,61,3,3
69034,119,113,6,6
69035,133,123,10,10
69036,96,86,10,10
69037,54,56,-2,2
69038,90,92,-2,2
69039,75,68,7,7
69040,123,127,-4,4
69041,91,92,-1,1
69042,114,110,4,4
69043,49,96,-47,47
69044,119,102,17,17
69045,78,76,2,2
69046,105,91,14,14
69047,113,113,0,0
69048,75,71,4,4
69049,162,162,0,0
69050,62,60,2,2
69051,93,75,18,18
69052,67,66,1,1
69053,118,118,0,0
69054,76,75,1,1
69055,132,126,6,6
69056,43,43,0,0
69057,69,73,-4,4
69058,99,101,-2,2
69059,81,82,-1,1
69060,103,100,3,3
69061,87,78,9,9
69062,88,83,5,5
69063,92,85,7,7
69064,102,94,8,8
69065,53,58,-5,5
69066,80,77,3,3
69067,86,78,8,8
69068,107,110,-3,3
69069,165,170,-5,5
69070,43,46,-3,3
69071,84,74,10,10
69072,129,125,4,4
69073,135,131,4,4
69074,32,63,-31,31
69075,49,55,-6,6
69076,91,88,3,3
69077,72,72,0,0
69078,85,83,2,2
69079,75,80,-5,5
69080,95,113,-18,18
69081,132,127,5,5
69082,98,99,-1,1
69083,34,42,-8,8
69084,114,110,4,4
69085,104,98,6,6
69086,111,102,9,9
69087,59,56,3,3
69088,38,44,-6,6
69089,45,53,-8,8
69090,160,171,-11,11
69091,87,84,3,3
69092,78,83,-5,5
69093,180,151,29,29
69094,112,117,-5,5
69095,99,107,-8,8
69096,77,81,-4,4
69097,64,79,-15,15
69098,93,74,19,19
69099,135,146,-11,11
69100,80,81,-1,1
69101,105,88,17,17
69102,93,92,1,1
69103,97,98,-1,1
69104,93,106,-13,13
69105,126,108,18,18
69106,100,93,7,7
69107,93,93,0,0
69108,116,121,-5,5
69109,89,83,6,6
69110,72,87,-15,15
69111,158,143,15,15
69112,107,89,18,18
69113,57,60,-3,3
69114,95,99,-4,4
69115,199,184,15,15
69116,98,97,1,1
69117,50,56,-6,6
69118,72,66,6,6
69119,86,78,8,8
69120,36,53,-17,17
69121,77,62,15,15
69122,144,142,2,2
69123,101,123,-22,22
69124,141,140,1,1
69125,136,122,14,14
69126,81,74,7,7
69127,96,116,-20,20
69128,92,86,6,6
69129,37,45,-8,8
69130,117,120,-3,3
69131,96,82,14,14
69132,120,131,-11,11
69133,58,60,-2,2
69134,147,128,19,19
69135,60,59,1,1
69136,85,76,9,9
69137,71,66,5,5
69138,74,68,6,6
69139,98,100,-2,2
69140,59,58,1,1
69141,77,75,2,2
69142,77,83,-6,6
69143,76,75,1,1
69144,52,52,0,0
69145,116,106,10,10
69146,78,82,-4,4
69147,74,73,1,1
69148,124,126,-2,2
69149,58,52,6,6
69150,86,78,8,8
69151,132,122,10,10
69152,108,92,16,16
69153,38,42,-4,4
69154,138,145,-7,7
69155,74,75,-1,1
69156,73,69,4,4
69157,95,82,13,13
69158,129,131,-2,2
69159,102,98,4,4
69160,112,107,5,5
69161,141,139,2,2
69162,76,72,4,4
69163,142,143,-1,1
69164,72,73,-1,1
69165,163,156,7,7
69166,122,120,2,2
69167,44,48,-4,4
69168,104,100,4,4
69169,72,86,-14,14
69170,60,60,0,0
69171,69,62,7,7
69172,113,104,9,9
69173,89,94,-5,5
69174,42,39,3,3
69175,146,140,6,6
69176,147,118,29,29
69177,132,145,-13,13
69178,107,103,4,4
69179,77,77,0,0
69180,102,104,-2,2
69181,153,139,14,14
69182,56,71,-15,15
69183,105,108,-3,3
69184,129,129,0,0
69185,99,85,14,14
69186,55,55,0,0
69187,102,107,-5,5
69188,102,93,9,9
69189,111,110,1,1
69190,123,127,-4,4
69191,62,70,-8,8
69192,152,170,-18,18
69193,89,80,9,9
69194,94,86,8,8
69195,35,57,-22,22
69196,94,85,9,9
69197,110,116,-6,6
69198,175,174,1,1
69199,105,90,15,15
69200,42,51,-9,9
69201,152,148,4,4
69202,149,140,9,9
69203,207,186,21,21
69204,152,158,-6,6
69205,88,95,-7,7
69206,94,91,3,3
69207,76,65,11,11
69208,84,78,6,6
69209,87,84,3,3
69210,59,49,10,10
69211,112,105,7,7
69212,110,99,11,11
69213,136,113,23,23
69214,81,96,-15,15
69215,177,165,12,12
69216,120,124,-4,4
69217,86,94,-8,8
69218,57,58,-1,1
69219,100,79,21,21
69220,134,131,3,3
69221,75,64,11,11
69222,88,81,7,7
69223,82,84,-2,2
69224,54,62,-8,8
69225,74,63,11,11
69226,50,50,0,0
69227,125,110,15,15
69228,85,82,3,3
69229,148,149,-1,1
69230,88,92,-4,4
69231,58,66,-8,8
69232,124,94,30,30
69233,129,128,1,1
69234,100,96,4,4
69235,76,69,7,7
69236,86,74,12,12
69237,57,67,-10,10
69238,84,88,-4,4
69239,103,95,8,8
69240,87,84,3,3
69241,114,115,-1,1
69242,58,60,-2,2
69243,100,92,8,8
69244,92,82,10,10
69245,78,75,3,3
69246,73,78,-5,5
69247,73,78,-5,5
69248,106,109,-3,3
69249,135,137,-2,2
69250,95,112,-17,17
69251,75,73,2,2
69252,116,123,-7,7
69253,58,54,4,4
69254,135,126,9,9
69255,75,73,2,2
69256,51,53,-2,2
69257,69,67,2,2
69258,97,109,-12,12
69259,73,70,3,3
69260,91,96,-5,5
69261,156,149,7,7
69262,67,71,-4,4
69263,77,74,3,3
69264,133,145,-12,12
69265,129,150,-21,21
69266,110,113,-3,3
69267,121,133,-12,12
69268,150,146,4,4
69269,89,85,4,4
69270,71,92,-21,21
69271,119,109,10,10
69272,70,74,-4,4
69273,121,129,-8,8
69274,116,119,-3,3
69275,123,132,-9,9
69276,95,91,4,4
69277,70,59,11,11
69278,111,81,30,30
69279,113,107,6,6
69280,92,82,10,10
69281,52,62,-10,10
69282,114,108,6,6
69283,106,106,0,0
69284,102,126,-24,24
69285,72,77,-5,5
69286,134,106,28,28
69287,101,97,4,4
69288,134,117,17,17
69289,111,111,0,0
69290,99,92,7,7
69291,98,89,9,9
69292,94,94,0,0
69293,44,46,-2,2
69294,92,95,-3,3
69295,81,78,3,3
69296,74,70,4,4
69297,51,45,6,6
69298,135,137,-2,2
69299,34,43,-9,9
69300,151,151,0,0
69301,64,64,0,0
69302,105,107,-2,2
69303,117,103,14,14
69304,88,81,7,7
69305,100,87,13,13
69306,88,85,3,3
69307,84,87,-3,3
69308,189,187,2,2
69309,45,57,-12,12
69310,64,71,-7,7
69311,94,96,-2,2
69312,199,186,13,13
69313,80,70,10,10
69314,105,98,7,7
69315,112,107,5,5
69316,59,45,14,14
69317,54,58,-4,4
69318,123,115,8,8
69319,59,60,-1,1
69320,186,177,9,9
69321,110,105,5,5
69322,117,107,10,10
69323,82,84,-2,2
69324,202,180,22,22
69325,129,106,23,23
69326,91,95,-4,4
69327,131,102,29,29
69328,117,114,3,3
69329,82,71,11,11
69330,78,80,-2,2
69331,129,130,-1,1
69332,46,38,8,8
69333,122,124,-2,2
69334,124,120,4,4
69335,186,193,-7,7
69336,103,100,3,3
69337,112,120,-8,8
69338,135,145,-10,10
69339,68,61,7,7
69340,110,110,0,0
69341,57,57,0,0
69342,144,138,6,6
69343,115,101,14,14
69344,143,142,1,1
69345,75,84,-9,9
69346,69,63,6,6
69347,140,127,13,13
69348,93,100,-7,7
69349,74,69,5,5
69350,165,161,4,4
69351,77,78,-1,1
69352,57,57,0,0
69353,87,103,-16,16
69354,123,129,-6,6
69355,78,81,-3,3
69356,120,113,7,7
69357,100,91,9,9
69358,112,110,2,2
69359,87,93,-6,6
69360,98,77,21,21
69361,106,93,13,13
69362,91,99,-8,8
69363,107,110,-3,3
69364,67,56,11,11
69365,125,120,5,5
69366,61,52,9,9
69367,96,88,8,8
69368,73,68,5,5
69369,70,65,5,5
69370,89,80,9,9
69371,114,110,4,4
69372,74,80,-6,6
69373,133,121,12,12
69374,107,115,-8,8
69375,91,89,2,2
69376,83,72,11,11
69377,76,71,5,5
69378,75,78,-3,3
69379,83,78,5,5
69380,62,57,5,5
69381,71,74,-3,3
69382,40,44,-4,4
69383,131,122,9,9
69384,138,140,-2,2
69385,43,44,-1,1
69386,76,92,-16,16
69387,128,150,-22,22
69388,62,57,5,5
69389,128,125,3,3
69390,79,78,1,1
69391,140,135,5,5
69392,94,98,-4,4
69393,96,96,0,0
69394,43,50,-7,7
69395,159,153,6,6
69396,62,61,1,1
69397,131,128,3,3
69398,65,62,3,3
69399,63,70,-7,7
69400,116,128,-12,12
69401,65,72,-7,7
69402,70,77,-7,7
69403,56,58,-2,2
69404,95,96,-1,1
69405,120,112,8,8
69406,93,99,-6,6
69407,92,92,0,0
69408,101,85,16,16
69409,106,111,-5,5
69410,151,144,7,7
69411,98,93,5,5
69412,63,64,-1,1
69413,120,124,-4,4
69414,93,92,1,1
69415,89,87,2,2
69416,47,50,-3,3
69417,92,94,-2,2
69418,95,87,8,8
69419,90,84,6,6
69420,116,112,4,4
69421,88,97,-9,9
69422,107,113,-6,6
69423,168,180,-12,12
69424,49,44,5,5
69425,111,103,8,8
69426,76,80,-4,4
69427,89,79,10,10
69428,72,74,-2,2
69429,131,131,0,0
69430,61,70,-9,9
69431,106,105,1,1
69432,65,67,-2,2
69433,76,77,-1,1
69434,62,91,-29,29
69435,63,61,2,2
69436,77,74,3,3
69437,120,112,8,8
69438,109,115,-6,6
69439,93,87,6,6
69440,66,61,5,5
69441,72,72,0,0
69442,94,89,5,5
69443,143,131,12,12
69444,75,72,3,3
69445,99,99,0,0
69446,112,120,-8,8
69447,66,65,1,1
69448,72,62,10,10
69449,46,48,-2,2
69450,100,107,-7,7
69451,89,77,12,12
69452,101,98,3,3
69453,63,59,4,4
69454,108,106,2,2
69455,89,93,-4,4
69456,101,103,-2,2
69457,94,90,4,4
69458,73,70,3,3
69459,148,124,24,24
69460,142,138,4,4
69461,92,91,1,1
69462,151,152,-1,1
69463,119,108,11,11
69464,61,67,-6,6
69465,124,128,-4,4
69466,46,53,-7,7
69467,67,79,-12,12
69468,46,67,-21,21
69469,81,78,3,3
69470,104,103,1,1
69471,47,45,2,2
69472,88,88,0,0
69473,115,98,17,17
69474,92,103,-11,11
69475,100,80,20,20
69476,141,139,2,2
69477,107,108,-1,1
69478,127,101,26,26
69479,117,127,-10,10
69480,72,71,1,1
69481,81,82,-1,1
69482,100,119,-19,19
69483,84,100,-16,16
69484,70,60,10,10
69485,152,140,12,12
69486,32,46,-14,14
69487,121,118,3,3
69488,69,62,7,7
69489,63,67,-4,4
69490,76,73,3,3
69491,81,87,-6,6
69492,106,101,5,5
69493,69,73,-4,4
69494,54,54,0,0
69495,92,90,2,2
69496,61,61,0,0
69497,141,112,29,29
69498,78,75,3,3
69499,124,146,-22,22
69500,94,94,0,0
69501,66,65,1,1
69502,156,158,-2,2
69503,80,108,-28,28
69504,84,89,-5,5
69505,161,157,4,4
69506,106,100,6,6
69507,98,92,6,6
69508,108,99,9,9
69509,109,104,5,5
69510,85,80,5,5
69511,74,87,-13,13
69512,74,73,1,1
69513,88,91,-3,3
69514,128,115,13,13
69515,93,86,7,7
69516,140,136,4,4
69517,109,103,6,6
69518,58,52,6,6
69519,73,67,6,6
69520,86,87,-1,1
69521,94,85,9,9
69522,332,288,44,44
69523,112,104,8,8
69524,48,48,0,0
69525,73,74,-1,1
69526,116,111,5,5
69527,105,93,12,12
69528,65,62,3,3
69529,108,101,7,7
69530,83,89,-6,6
69531,81,86,-5,5
69532,155,166,-11,11
69533,110,90,20,20
69534,120,107,13,13
69535,92,86,6,6
69536,152,146,6,6
69537,131,143,-12,12
69538,48,65,-17,17
69539,68,66,2,2
69540,74,68,6,6
69541,86,97,-11,11
69542,148,157,-9,9
69543,188,184,4,4
69544,79,85,-6,6
69545,125,106,19,19
69546,95,84,11,11
69547,63,54,9,9
69548,78,70,8,8
69549,116,106,10,10
69550,83,84,-1,1
69551,68,62,6,6
69552,104,110,-6,6
69553,107,110,-3,3
69554,93,80,13,13
69555,115,109,6,6
69556,105,92,13,13
69557,76,90,-14,14
69558,129,117,12,12
69559,53,50,3,3
69560,78,83,-5,5
69561,108,92,16,16
69562,39,44,-5,5
69563,81,71,10,10
69564,122,127,-5,5
69565,74,68,6,6
69566,63,59,4,4
69567,115,116,-1,1
69568,119,118,1,1
69569,130,126,4,4
69570,103,131,-28,28
69571,107,106,1,1
69572,69,76,-7,7
69573,130,119,11,11
69574,98,118,-20,20
69575,126,117,9,9
69576,119,98,21,21
69577,86,88,-2,2
69578,211,203,8,8
69579,82,82,0,0
69580,64,65,-1,1
69581,96,80,16,16
69582,63,57,6,6
69583,102,102,0,0
69584,119,120,-1,1
69585,82,90,-8,8
69586,119,115,4,4
69587,64,61,3,3
69588,48,49,-1,1
69589,140,138,2,2
69590,112,115,-3,3
69591,93,97,-4,4
69592,88,86,2,2
69593,93,88,5,5
69594,60,58,2,2
69595,66,53,13,13
69596,48,52,-4,4
69597,101,94,7,7
69598,54,68,-14,14
69599,99,96,3,3
69600,81,78,3,3
69601,155,147,8,8
69602,80,71,9,9
69603,69,63,6,6
69604,65,73,-8,8
69605,81,86,-5,5
69606,100,103,-3,3
69607,89,97,-8,8
69608,86,85,1,1
69609,107,113,-6,6
69610,61,62,-1,1
69611,59,52,7,7
69612,51,55,-4,4
69613,147,149,-2,2
69614,127,124,3,3
69615,130,134,-4,4
69616,53,52,1,1
69617,117,92,25,25
69618,132,134,-2,2
69619,119,118,1,1
69620,107,93,14,14
69621,79,90,-11,11
69622,157,153,4,4
69623,125,108,17,17
69624,60,59,1,1
69625,79,71,8,8
69626,80,77,3,3
69627,151,136,15,15
69628,109,93,16,16
69629,64,66,-2,2
69630,111,98,13,13
69631,44,59,-15,15
69632,95,78,17,17
69633,137,129,8,8
69634,121,94,27,27
69635,51,52,-1,1
69636,53,57,-4,4
69637,93,89,4,4
69638,91,90,1,1
69639,125,109,16,16
69640,59,61,-2,2
69641,63,61,2,2
69642,111,98,13,13
69643,117,121,-4,4
69644,74,66,8,8
69645,117,127,-10,10
69646,65,69,-4,4
69647,100,83,17,17
69648,227,209,18,18
69649,145,179,-34,34
69650,82,85,-3,3
69651,93,74,19,19
69652,120,135,-15,15
69653,122,110,12,12
69654,121,119,2,2
69655,106,94,12,12
69656,95,98,-3,3
69657,71,75,-4,4
69658,64,72,-8,8
69659,103,109,-6,6
69660,66,80,-14,14
69661,60,62,-2,2
69662,85,81,4,4
69663,110,102,8,8
69664,109,105,4,4
69665,80,92,-12,12
69666,80,72,8,8
69667,147,152,-5,5
69668,107,112,-5,5
69669,61,57,4,4
69670,163,164,-1,1
69671,60,51,9,9
69672,85,77,8,8
69673,152,166,-14,14
69674,90,84,6,6
69675,81,81,0,0
69676,76,74,2,2
69677,95,89,6,6
69678,70,74,-4,4
69679,101,95,6,6
69680,65,54,11,11
69681,78,83,-5,5
69682,94,93,1,1
69683,69,66,3,3
69684,161,167,-6,6
69685,97,105,-8,8
69686,66,65,1,1
69687,171,158,13,13
69688,93,76,17,17
69689,98,87,11,11
69690,101,103,-2,2
69691,97,94,3,3
69692,74,78,-4,4
69693,88,76,12,12
69694,184,179,5,5
69695,74,79,-5,5
69696,65,75,-10,10
69697,193,184,9,9
69698,103,96,7,7
69699,57,64,-7,7
69700,113,135,-22,22
69701,145,172,-27,27
69702,60,58,2,2
69703,128,140,-12,12
69704,89,84,5,5
69705,80,79,1,1
69706,79,68,11,11
69707,114,106,8,8
69708,200,182,18,18
69709,133,127,6,6
69710,114,109,5,5
69711,125,114,11,11
69712,82,79,3,3
69713,90,79,11,11
69714,95,93,2,2
69715,140,142,-2,2
69716,96,102,-6,6
69717,186,180,6,6
69718,89,98,-9,9
69719,57,75,-18,18
69720,76,75,1,1
69721,64,59,5,5
69722,138,130,8,8
69723,97,78,19,19
69724,95,99,-4,4
69725,157,158,-1,1
69726,76,68,8,8
69727,77,75,2,2
69728,110,103,7,7
69729,191,175,16,16
69730,70,53,17,17
69731,100,109,-9,9
69732,98,99,-1,1
69733,64,72,-8,8
69734,106,104,2,2
69735,95,96,-1,1
69736,70,86,-16,16
69737,132,114,18,18
69738,43,35,8,8
69739,177,166,11,11
69740,59,62,-3,3
69741,42,48,-6,6
69742,40,40,0,0
69743,82,42,40,40
69744,79,88,-9,9
69745,62,75,-13,13
69746,108,106,2,2
69747,103,101,2,2
69748,92,89,3,3
69749,63,64,-1,1
69750,65,62,3,3
69751,144,145,-1,1
69752,92,93,-1,1
69753,129,125,4,4
69754,137,135,2,2
69755,122,127,-5,5
69756,48,65,-17,17
69757,85,69,16,16
69758,90,91,-1,1
69759,82,67,15,15
69760,112,102,10,10
69761,85,87,-2,2
69762,91,83,8,8
69763,78,76,2,2
69764,69,60,9,9
69765,121,108,13,13
69766,68,77,-9,9
69767,131,132,-1,1
69768,89,98,-9,9
69769,93,95,-2,2
69770,54,47,7,7
69771,136,135,1,1
69772,35,83,-48,48
69773,178,159,19,19
69774,105,96,9,9
69775,145,144,1,1
69776,75,77,-2,2
69777,117,101,16,16
69778,63,72,-9,9
69779,132,128,4,4
69780,100,93,7,7
69781,67,59,8,8
69782,47,54,-7,7
69783,128,115,13,13
69784,119,123,-4,4
69785,119,119,0,0
69786,93,79,14,14
69787,121,126,-5,5
69788,79,68,11,11
69789,166,156,10,10
69790,87,75,12,12
69791,85,84,1,1
69792,80,86,-6,6
69793,68,78,-10,10
69794,131,137,-6,6
69795,124,124,0,0
69796,146,148,-2,2
69797,71,67,4,4
69798,89,95,-6,6
69799,60,65,-5,5
69800,64,58,6,6
69801,63,78,-15,15
69802,61,62,-1,1
69803,119,109,10,10
69804,83,98,-15,15
69805,96,96,0,0
69806,116,144,-28,28
69807,122,115,7,7
69808,102,87,15,15
69809,85,85,0,0
69810,129,131,-2,2
69811,109,98,11,11
69812,41,39,2,2
69813,95,100,-5,5
69814,131,108,23,23
69815,98,80,18,18
69816,105,93,12,12
69817,35,43,-8,8
69818,65,63,2,2
69819,69,66,3,3
69820,72,68,4,4
69821,101,94,7,7
69822,86,82,4,4
69823,103,106,-3,3
69824,110,95,15,15
69825,77,74,3,3
69826,98,85,13,13
69827,107,100,7,7
69828,72,78,-6,6
69829,109,107,2,2
69830,68,62,6,6
69831,64,59,5,5
69832,158,155,3,3
69833,112,123,-11,11
69834,71,81,-10,10
69835,119,108,11,11
69836,63,55,8,8
69837,66,68,-2,2
69838,90,87,3,3
69839,114,120,-6,6
69840,81,87,-6,6
69841,136,123,13,13
69842,92,88,4,4
69843,46,63,-17,17
69844,48,53,-5,5
69845,99,85,14,14
69846,63,65,-2,2
69847,113,106,7,7
69848,77,77,0,0
69849,95,94,1,1
69850,95,92,3,3
69851,92,91,1,1
69852,77,71,6,6
69853,108,109,-1,1
69854,80,76,4,4
69855,106,92,14,14
69856,193,186,7,7
69857,138,124,14,14
69858,146,147,-1,1
69859,146,145,1,1
69860,121,108,13,13
69861,134,124,10,10
69862,92,88,4,4
69863,109,101,8,8
69864,94,92,2,2
69865,96,102,-6,6
69866,105,118,-13,13
69867,124,122,2,2
69868,101,93,8,8
69869,63,77,-14,14
69870,91,91,0,0
69871,75,82,-7,7
69872,89,107,-18,18
69873,134,131,3,3
69874,130,117,13,13
69875,71,80,-9,9
69876,152,152,0,0
69877,79,60,19,19
69878,82,70,12,12
69879,80,90,-10,10
69880,51,56,-5,5
69881,134,130,4,4
69882,120,107,13,13
69883,88,80,8,8
69884,66,67,-1,1
69885,40,49,-9,9
69886,81,87,-6,6
69887,125,108,17,17
69888,57,63,-6,6
69889,127,119,8,8
69890,70,68,2,2
69891,144,101,43,43
69892,100,104,-4,4
69893,190,173,17,17
69894,79,76,3,3
69895,95,78,17,17
69896,86,72,14,14
69897,75,60,15,15
69898,108,99,9,9
69899,74,69,5,5
69900,110,119,-9,9
69901,121,117,4,4
69902,75,72,3,3
69903,193,173,20,20
69904,102,94,8,8
69905,83,89,-6,6
69906,161,166,-5,5
69907,43,55,-12,12
69908,157,180,-23,23
69909,152,157,-5,5
69910,166,158,8,8
69911,61,65,-4,4
69912,123,120,3,3
69913,77,60,17,17
69914,76,60,16,16
69915,103,108,-5,5
69916,73,68,5,5
69917,94,90,4,4
69918,71,82,-11,11
69919,69,88,-19,19
69920,46,47,-1,1
69921,59,52,7,7
69922,109,100,9,9
69923,166,178,-12,12
69924,65,61,4,4
69925,97,92,5,5
69926,170,149,21,21
69927,76,75,1,1
69928,79,79,0,0
69929,84,82,2,2
69930,36,39,-3,3
69931,149,150,-1,1
69932,61,57,4,4
69933,109,108,1,1
69934,160,143,17,17
69935,96,81,15,15
69936,139,139,0,0
69937,59,60,-1,1
69938,52,50,2,2
69939,148,133,15,15
69940,90,72,18,18
69941,68,56,12,12
69942,60,65,-5,5
69943,110,111,-1,1
69944,80,97,-17,17
69945,37,39,-2,2
69946,75,81,-6,6
69947,62,72,-10,10
69948,66,58,8,8
69949,99,103,-4,4
69950,105,99,6,6
69951,165,155,10,10
69952,164,160,4,4
69953,93,99,-6,6
69954,58,74,-16,16
69955,93,87,6,6
69956,37,37,0,0
69957,68,65,3,3
69958,122,121,1,1
69959,36,37,-1,1
69960,109,109,0,0
69961,111,109,2,2
69962,39,51,-12,12
69963,139,131,8,8
69964,109,114,-5,5
69965,169,170,-1,1
69966,138,135,3,3
69967,104,116,-12,12
69968,170,184,-14,14
69969,66,68,-2,2
69970,154,152,2,2
69971,46,60,-14,14
69972,136,125,11,11
69973,81,78,3,3
69974,390,327,63,63
69975,88,78,10,10
69976,66,77,-11,11
69977,69,61,8,8
69978,48,54,-6,6
69979,136,124,12,12
69980,85,82,3,3
69981,73,71,2,2
69982,128,136,-8,8
69983,90,107,-17,17
69984,105,109,-4,4
69985,127,123,4,4
69986,102,101,1,1
69987,111,108,3,3
69988,110,94,16,16
69989,92,85,7,7
69990,66,103,-37,37
69991,103,104,-1,1
69992,111,103,8,8
69993,120,116,4,4
69994,96,100,-4,4
69995,141,135,6,6
69996,89,91,-2,2
69997,66,70,-4,4
69998,95,86,9,9
69999,83,87,-4,4
70000,62,54,8,8
70001,136,138,-2,2
70002,99,86,13,13
70003,78,72,6,6
70004,79,87,-8,8
70005,86,76,10,10
70006,70,67,3,3
70007,128,134,-6,6
70008,100,87,13,13
70009,116,100,16,16
70010,165,179,-14,14
70011,125,114,11,11
70012,63,73,-10,10
70013,93,103,-10,10
70014,135,124,11,11
70015,61,55,6,6
70016,55,63,-8,8
70017,95,91,4,4
70018,98,93,5,5
70019,54,49,5,5
70020,85,82,3,3
70021,96,92,4,4
70022,132,112,20,20
70023,81,79,2,2
70024,57,58,-1,1
70025,71,62,9,9
70026,92,86,6,6
70027,99,85,14,14
70028,87,79,8,8
70029,116,100,16,16
70030,46,51,-5,5
70031,29,28,1,1
70032,163,173,-10,10
70033,110,106,4,4
70034,68,60,8,8
70035,62,64,-2,2
70036,60,59,1,1
70037,91,97,-6,6
70038,35,39,-4,4
70039,61,67,-6,6
70040,101,83,18,18
70041,135,128,7,7
70042,169,172,-3,3
70043,122,113,9,9
70044,182,173,9,9
70045,86,86,0,0
70046,121,113,8,8
70047,65,55,10,10
70048,84,91,-7,7
70049,98,90,8,8
70050,61,63,-2,2
70051,71,74,-3,3
70052,54,58,-4,4
70053,130,113,17,17
70054,47,54,-7,7
70055,78,75,3,3
70056,83,68,15,15
70057,119,102,17,17
70058,86,73,13,13
70059,92,89,3,3
70060,76,83,-7,7
70061,80,87,-7,7
70062,103,100,3,3
70063,113,110,3,3
70064,79,80,-1,1
70065,68,62,6,6
70066,115,112,3,3
70067,62,70,-8,8
70068,107,118,-11,11
70069,115,109,6,6
70070,138,135,3,3
70071,115,108,7,7
70072,117,110,7,7
70073,92,148,-56,56
70074,122,111,11,11
70075,54,55,-1,1
70076,76,73,3,3
70077,96,83,13,13
70078,57,64,-7,7
70079,108,113,-5,5
70080,104,115,-11,11
70081,107,110,-3,3
70082,66,52,14,14
70083,57,55,2,2
70084,72,67,5,5
70085,63,108,-45,45
70086,119,123,-4,4
70087,123,115,8,8
70088,86,86,0,0
70089,121,104,17,17
70090,72,56,16,16
70091,70,70,0,0
70092,84,72,12,12
70093,72,77,-5,5
70094,61,53,8,8
70095,128,115,13,13
70096,90,93,-3,3
70097,138,154,-16,16
70098,80,81,-1,1
70099,134,104,30,30
70100,135,138,-3,3
70101,108,103,5,5
70102,114,106,8,8
70103,87,98,-11,11
70104,29,55,-26,26
70105,84,81,3,3
70106,139,140,-1,1
70107,126,113,13,13
70108,61,66,-5,5
70109,22,34,-12,12
70110,61,68,-7,7
70111,74,80,-6,6
70112,120,116,4,4
70113,69,61,8,8
70114,61,58,3,3
70115,88,94,-6,6
70116,102,90,12,12
70117,107,110,-3,3
70118,103,103,0,0
70119,89,83,6,6
70120,134,134,0,0
70121,52,59,-7,7
70122,63,102,-39,39
70123,116,110,6,6
70124,123,129,-6,6
70125,101,97,4,4
70126,58,53,5,5
70127,95,97,-2,2
70128,66,61,5,5
70129,69,62,7,7
70130,107,92,15,15
70131,118,131,-13,13
70132,155,138,17,17
70133,75,68,7,7
70134,103,92,11,11
70135,81,75,6,6
70136,94,89,5,5
70137,64,61,3,3
70138,135,127,8,8
70139,116,136,-20,20
70140,213,187,26,26
70141,87,80,7,7
70142,109,123,-14,14
70143,149,147,2,2
70144,81,94,-13,13
70145,78,71,7,7
70146,62,50,12,12
70147,73,77,-4,4
70148,68,61,7,7
70149,103,63,40,40
70150,121,107,14,14
70151,165,156,9,9
70152,105,93,12,12
70153,71,63,8,8
70154,139,145,-6,6
70155,75,91,-16,16
70156,146,154,-8,8
70157,88,94,-6,6
70158,184,187,-3,3
70159,122,111,11,11
70160,50,53,-3,3
70161,98,96,2,2
70162,28,82,-54,54
70163,68,61,7,7
70164,34,34,0,0
70165,88,76,12,12
70166,87,91,-4,4
70167,91,80,11,11
70168,97,94,3,3
70169,93,87,6,6
70170,46,53,-7,7
70171,63,62,1,1
70172,54,58,-4,4
70173,68,66,2,2
70174,100,115,-15,15
70175,51,48,3,3
70176,92,94,-2,2
70177,111,106,5,5
70178,66,65,1,1
70179,60,81,-21,21
70180,66,64,2,2
70181,130,115,15,15
70182,125,100,25,25
70183,134,137,-3,3
70184,139,137,2,2
70185,105,111,-6,6
70186,70,68,2,2
70187,106,101,5,5
70188,146,129,17,17
70189,144,138,6,6
70190,108,127,-19,19
70191,77,76,1,1
70192,99,90,9,9
70193,79,75,4,4
70194,65,63,2,2
70195,65,78,-13,13
70196,89,92,-3,3
70197,128,115,13,13
70198,95,120,-25,25
70199,131,143,-12,12
70200,48,45,3,3
70201,127,113,14,14
70202,102,105,-3,3
70203,127,125,2,2
70204,53,53,0,0
70205,148,135,13,13
70206,173,160,13,13
70207,110,91,19,19
70208,61,57,4,4
70209,65,65,0,0
70210,83,82,1,1
70211,125,121,4,4
70212,94,89,5,5
70213,82,73,9,9
70214,95,82,13,13
70215,48,63,-15,15
70216,112,109,3,3
70217,74,79,-5,5
70218,114,107,7,7
70219,64,68,-4,4
70220,109,100,9,9
70221,163,149,14,14
70222,136,136,0,0
70223,218,193,25,25
70224,114,101,13,13
70225,152,155,-3,3
70226,115,117,-2,2
70227,70,77,-7,7
70228,76,74,2,2
70229,101,98,3,3
70230,122,109,13,13
70231,95,79,16,16
70232,112,140,-28,28
70233,114,103,11,11
70234,93,85,8,8
70235,56,67,-11,11
70236,110,137,-27,27
70237,97,97,0,0
70238,86,98,-12,12
70239,87,87,0,0
70240,55,60,-5,5
70241,183,200,-17,17
70242,99,91,8,8
70243,102,97,5,5
70244,113,113,0,0
70245,95,94,1,1
70246,191,169,22,22
70247,82,84,-2,2
70248,55,54,1,1
70249,60,64,-4,4
70250,81,80,1,1
70251,87,83,4,4
70252,142,146,-4,4
70253,97,81,16,16
70254,116,101,15,15
70255,73,66,7,7
70256,87,91,-4,4
70257,102,94,8,8
70258,57,56,1,1
70259,56,55,1,1
70260,193,170,23,23
70261,99,98,1,1
70262,61,60,1,1
70263,90,82,8,8
70264,129,135,-6,6
70265,86,85,1,1
70266,68,73,-5,5
70267,106,93,13,13
70268,101,101,0,0
70269,139,129,10,10
70270,97,105,-8,8
70271,79,84,-5,5
70272,54,60,-6,6
70273,47,52,-5,5
70274,119,101,18,18
70275,93,92,1,1
70276,70,74,-4,4
70277,109,105,4,4
70278,55,66,-11,11
70279,127,134,-7,7
70280,76,73,3,3
70281,35,40,-5,5
70282,66,63,3,3
70283,72,65,7,7
70284,91,98,-7,7
70285,128,134,-6,6
70286,123,127,-4,4
70287,129,126,3,3
70288,106,92,14,14
70289,84,88,-4,4
70290,99,87,12,12
70291,59,52,7,7
70292,54,59,-5,5
70293,120,110,10,10
70294,188,177,11,11
70295,83,80,3,3
70296,146,133,13,13
70297,69,72,-3,3
70298,58,53,5,5
70299,173,164,9,9
70300,131,118,13,13
70301,150,146,4,4
70302,115,109,6,6
70303,107,94,13,13
70304,131,134,-3,3
70305,101,106,-5,5
70306,105,89,16,16
70307,104,102,2,2
70308,138,125,13,13
70309,62,54,8,8
70310,88,94,-6,6
70311,44,52,-8,8
70312,116,124,-8,8
70313,84,81,3,3
70314,80,94,-14,14
70315,112,104,8,8
70316,85,83,2,2
70317,82,67,15,15
70318,101,101,0,0
70319,123,107,16,16
70320,137,127,10,10
70321,112,89,23,23
70322,72,69,3,3
70323,100,98,2,2
70324,106,102,4,4
70325,64,53,11,11
70326,115,107,8,8
70327,44,49,-5,5
70328,112,110,2,2
70329,113,103,10,10
70330,203,188,15,15
70331,113,89,24,24
70332,154,150,4,4
70333,88,89,-1,1
70334,88,98,-10,10
70335,56,59,-3,3
70336,116,114,2,2
70337,104,100,4,4
70338,96,88,8,8
70339,99,100,-1,1
70340,98,105,-7,7
70341,128,136,-8,8
70342,79,79,0,0
70343,97,112,-15,15
70344,68,73,-5,5
70345,93,80,13,13
70346,99,101,-2,2
70347,68,72,-4,4
70348,83,76,7,7
70349,85,80,5,5
70350,89,100,-11,11
70351,95,90,5,5
70352,133,134,-1,1
70353,86,82,4,4
70354,94,89,5,5
70355,63,69,-6,6
70356,134,132,2,2
70357,79,82,-3,3
70358,55,55,0,0
70359,82,84,-2,2
70360,60,67,-7,7
70361,63,75,-12,12
70362,179,172,7,7
70363,127,118,9,9
70364,65,65,0,0
70365,101,101,0,0
70366,112,103,9,9
70367,66,69,-3,3
70368,104,105,-1,1
70369,80,86,-6,6
70370,84,77,7,7
70371,57,71,-14,14
70372,55,56,-1,1
70373,134,116,18,18
70374,125,121,4,4
70375,83,76,7,7
70376,66,64,2,2
70377,59,82,-23,23
70378,117,120,-3,3
70379,103,128,-25,25
70380,101,90,11,11
70381,128,130,-2,2
70382,92,95,-3,3
70383,167,159,8,8
70384,79,86,-7,7
70385,121,119,2,2
70386,85,74,11,11
70387,80,64,16,16
70388,26,38,-12,12
70389,52,55,-3,3
70390,58,67,-9,9
70391,137,137,0,0
70392,48,60,-12,12
70393,138,138,0,0
70394,81,62,19,19
70395,132,133,-1,1
70396,111,106,5,5
70397,115,116,-1,1
70398,129,130,-1,1
70399,125,124,1,1
70400,138,165,-27,27
70401,51,58,-7,7
70402,131,146,-15,15
70403,164,177,-13,13
70404,107,81,26,26
70405,102,99,3,3
70406,66,61,5,5
70407,59,52,7,7
70408,60,56,4,4
70409,145,142,3,3
70410,143,144,-1,1
70411,121,123,-2,2
70412,98,102,-4,4
70413,107,89,18,18
70414,69,62,7,7
70415,154,157,-3,3
70416,93,94,-1,1
70417,93,98,-5,5
70418,41,32,9,9
70419,103,108,-5,5
70420,81,74,7,7
70421,105,97,8,8
70422,60,59,1,1
70423,90,87,3,3
70424,76,74,2,2
70425,98,99,-1,1
70426,70,63,7,7
70427,49,54,-5,5
70428,113,105,8,8
70429,45,55,-10,10
70430,109,109,0,0
70431,53,51,2,2
70432,98,75,23,23
70433,70,65,5,5
70434,91,81,10,10
70435,126,116,10,10
70436,68,58,10,10
70437,54,73,-19,19
70438,99,88,11,11
70439,85,85,0,0
70440,85,75,10,10
70441,93,94,-1,1
70442,69,62,7,7
70443,59,59,0,0
70444,47,61,-14,14
70445,83,82,1,1
70446,103,110,-7,7
70447,93,87,6,6
70448,125,133,-8,8
70449,97,99,-2,2
70450,103,105,-2,2
70451,79,71,8,8
70452,103,113,-10,10
70453,132,121,11,11
70454,165,166,-1,1
70455,132,116,16,16
70456,88,83,5,5
70457,92,82,10,10
70458,75,75,0,0
70459,108,99,9,9
70460,98,98,0,0
70461,133,136,-3,3
70462,75,64,11,11
70463,187,191,-4,4
70464,123,117,6,6
70465,63,86,-23,23
70466,92,102,-10,10
70467,117,109,8,8
70468,98,88,10,10
70469,247,233,14,14
70470,98,101,-3,3
70471,102,91,11,11
70472,66,79,-13,13
70473,62,65,-3,3
70474,84,80,4,4
70475,52,48,4,4
70476,107,102,5,5
70477,155,141,14,14
70478,118,115,3,3
70479,150,157,-7,7
70480,112,97,15,15
70481,106,116,-10,10
70482,61,53,8,8
70483,101,105,-4,4
70484,80,63,17,17
70485,65,77,-12,12
70486,86,81,5,5
70487,74,67,7,7
70488,163,148,15,15
70489,100,107,-7,7
70490,44,45,-1,1
70491,86,72,14,14
70492,119,111,8,8
70493,80,77,3,3
70494,57,57,0,0
70495,136,114,22,22
70496,113,113,0,0
70497,75,69,6,6
70498,41,61,-20,20
70499,125,138,-13,13
70500,77,86,-9,9
70501,97,87,10,10
70502,159,161,-2,2
70503,43,44,-1,1
70504,47,47,0,0
70505,53,53,0,0
70506,141,126,15,15
70507,79,83,-4,4
70508,74,67,7,7
70509,117,116,1,1
70510,39,54,-15,15
70511,74,76,-2,2
70512,131,133,-2,2
70513,95,97,-2,2
70514,152,147,5,5
70515,80,84,-4,4
70516,125,106,19,19
70517,114,115,-1,1
70518,113,99,14,14
70519,58,61,-3,3
70520,98,90,8,8
70521,135,129,6,6
70522,88,95,-7,7
70523,147,148,-1,1
70524,83,86,-3,3
70525,145,151,-6,6
70526,144,147,-3,3
70527,142,131,11,11
70528,65,64,1,1
70529,59,59,0,0
70530,116,114,2,2
70531,51,51,0,0
70532,48,50,-2,2
70533,113,130,-17,17
70534,87,78,9,9
70535,72,73,-1,1
70536,100,96,4,4
70537,66,65,1,1
70538,106,111,-5,5
70539,128,116,12,12
70540,71,58,13,13
70541,69,73,-4,4
70542,117,132,-15,15
70543,125,124,1,1
70544,105,101,4,4
70545,43,47,-4,4
70546,154,160,-6,6
70547,77,77,0,0
70548,104,104,0,0
70549,112,106,6,6
70550,84,89,-5,5
70551,69,62,7,7
70552,135,123,12,12
70553,130,113,17,17
70554,117,123,-6,6
70555,47,55,-8,8
70556,114,119,-5,5
70557,100,94,6,6
70558,129,137,-8,8
70559,59,61,-2,2
70560,159,149,10,10
70561,61,46,15,15
70562,51,58,-7,7
70563,92,81,11,11
70564,73,69,4,4
70565,98,79,19,19
70566,117,115,2,2
70567,100,113,-13,13
70568,54,67,-13,13
70569,76,71,5,5
70570,132,129,3,3
70571,178,143,35,35
70572,91,91,0,0
70573,127,115,12,12
70574,75,70,5,5
70575,70,65,5,5
70576,124,119,5,5
70577,125,128,-3,3
70578,80,76,4,4
70579,59,65,-6,6
70580,82,88,-6,6
70581,130,131,-1,1
70582,82,89,-7,7
70583,93,79,14,14
70584,82,82,0,0
70585,160,151,9,9
70586,83,78,5,5
70587,128,117,11,11
70588,123,113,10,10
70589,98,101,-3,3
70590,104,87,17,17
70591,109,103,6,6
70592,48,46,2,2
70593,62,59,3,3
70594,63,57,6,6
70595,63,67,-4,4
70596,115,106,9,9
70597,94,89,5,5
70598,94,93,1,1
70599,91,83,8,8
70600,141,129,12,12
70601,162,154,8,8
70602,91,95,-4,4
70603,88,96,-8,8
70604,117,128,-11,11
70605,52,52,0,0
70606,57,64,-7,7
70607,106,91,15,15
70608,77,80,-3,3
70609,58,61,-3,3
70610,85,75,10,10
70611,110,104,6,6
70612,74,76,-2,2
70613,97,88,9,9
70614,58,63,-5,5
70615,92,97,-5,5
70616,97,101,-4,4
70617,73,69,4,4
70618,89,88,1,1
70619,108,104,4,4
70620,129,120,9,9
70621,83,82,1,1
70622,97,93,4,4
70623,88,86,2,2
70624,88,76,12,12
70625,74,79,-5,5
70626,103,111,-8,8
70627,93,79,14,14
70628,39,46,-7,7
70629,168,158,10,10
70630,102,85,17,17
70631,77,82,-5,5
70632,209,206,3,3
70633,88,81,7,7
70634,88,86,2,2
70635,95,97,-2,2
70636,113,105,8,8
70637,109,115,-6,6
70638,93,92,1,1
70639,167,159,8,8
70640,55,70,-15,15
70641,115,104,11,11
70642,101,104,-3,3
70643,52,58,-6,6
70644,155,161,-6,6
70645,47,62,-15,15
70646,123,123,0,0
70647,71,66,5,5
70648,109,108,1,1
70649,63,73,-10,10
70650,132,138,-6,6
70651,74,69,5,5
70652,89,95,-6,6
70653,131,125,6,6
70654,71,68,3,3
70655,100,81,19,19
70656,76,81,-5,5
70657,67,66,1,1
70658,121,112,9,9
70659,45,59,-14,14
70660,79,59,20,20
70661,145,149,-4,4
70662,242,214,28,28
70663,64,72,-8,8
70664,146,134,12,12
70665,80,83,-3,3
70666,135,135,0,0
70667,94,88,6,6
70668,88,77,11,11
70669,119,115,4,4
70670,129,124,5,5
70671,86,83,3,3
70672,60,53,7,7
70673,148,160,-12,12
70674,43,49,-6,6
70675,41,49,-8,8
70676,272,238,34,34
70677,116,93,23,23
70678,86,78,8,8
70679,69,72,-3,3
70680,51,52,-1,1
70681,80,76,4,4
70682,83,75,8,8
70683,108,94,14,14
70684,66,61,5,5
70685,178,185,-7,7
70686,138,141,-3,3
70687,124,109,15,15
70688,58,63,-5,5
70689,93,82,11,11
70690,135,122,13,13
70691,98,81,17,17
70692,91,81,10,10
70693,83,72,11,11
70694,192,189,3,3
70695,119,100,19,19
70696,44,44,0,0
70697,83,87,-4,4
70698,75,82,-7,7
70699,216,201,15,15
70700,178,177,1,1
70701,81,81,0,0
70702,56,70,-14,14
70703,85,78,7,7
70704,87,75,12,12
70705,77,71,6,6
70706,73,71,2,2
70707,122,122,0,0
70708,169,152,17,17
70709,155,151,4,4
70710,111,108,3,3
70711,37,46,-9,9
70712,116,116,0,0
70713,107,106,1,1
70714,63,63,0,0
70715,97,89,8,8
70716,108,92,16,16
70717,94,86,8,8
70718,56,71,-15,15
70719,49,51,-2,2
70720,87,93,-6,6
70721,110,111,-1,1
70722,89,101,-12,12
70723,87,75,12,12
70724,127,128,-1,1
70725,82,88,-6,6
70726,58,54,4,4
70727,69,75,-6,6
70728,66,65,1,1
70729,62,81,-19,19
70730,80,80,0,0
70731,62,59,3,3
70732,46,42,4,4
70733,48,67,-19,19
70734,77,68,9,9
70735,99,123,-24,24
70736,98,101,-3,3
70737,87,85,2,2
70738,63,66,-3,3
70739,114,115,-1,1
70740,121,133,-12,12
70741,70,68,2,2
70742,118,108,10,10
70743,116,114,2,2
70744,89,94,-5,5
70745,100,103,-3,3
70746,249,242,7,7
70747,202,190,12,12
70748,152,144,8,8
70749,140,125,15,15
70750,162,152,10,10
70751,90,84,6,6
70752,132,118,14,14
70753,79,68,11,11
70754,73,69,4,4
70755,115,102,13,13
70756,188,184,4,4
70757,72,73,-1,1
70758,112,116,-4,4
70759,131,124,7,7
70760,128,133,-5,5
70761,125,120,5,5
70762,133,123,10,10
70763,159,148,11,11
70764,96,100,-4,4
70765,85,82,3,3
70766,103,104,-1,1
70767,74,66,8,8
70768,139,138,1,1
70769,114,113,1,1
70770,35,44,-9,9
70771,56,81,-25,25
70772,85,89,-4,4
70773,111,100,11,11
70774,107,104,3,3
70775,138,136,2,2
70776,79,68,11,11
70777,89,90,-1,1
70778,97,88,9,9
70779,88,78,10,10
70780,77,78,-1,1
70781,83,73,10,10
70782,138,134,4,4
70783,109,116,-7,7
70784,58,67,-9,9
70785,65,69,-4,4
70786,97,101,-4,4
70787,95,107,-12,12
70788,93,89,4,4
70789,80,88,-8,8
70790,88,72,16,16
70791,104,109,-5,5
70792,72,72,0,0
70793,75,59,16,16
70794,88,96,-8,8
70795,104,109,-5,5
70796,70,65,5,5
70797,83,82,1,1
70798,108,97,11,11
70799,84,92,-8,8
70800,91,97,-6,6
70801,115,115,0,0
70802,80,86,-6,6
70803,122,121,1,1
70804,116,108,8,8
70805,119,123,-4,4
70806,105,106,-1,1
70807,80,81,-1,1
70808,63,79,-16,16
70809,108,116,-8,8
70810,73,64,9,9
70811,116,110,6,6
70812,101,86,15,15
70813,78,83,-5,5
70814,137,140,-3,3
70815,94,98,-4,4
70816,63,64,-1,1
70817,122,134,-12,12
70818,145,139,6,6
70819,110,97,13,13
70820,86,81,5,5
70821,160,151,9,9
70822,149,144,5,5
70823,93,88,5,5
70824,77,65,12,12
70825,43,51,-8,8
70826,85,86,-1,1
70827,85,72,13,13
70828,71,64,7,7
70829,68,71,-3,3
70830,85,86,-1,1
70831,74,84,-10,10
70832,152,161,-9,9
70833,161,147,14,14
70834,130,136,-6,6
70835,83,77,6,6
70836,102,101,1,1
70837,96,102,-6,6
70838,111,119,-8,8
70839,41,38,3,3
70840,54,57,-3,3
70841,119,114,5,5
70842,89,74,15,15
70843,105,94,11,11
70844,163,156,7,7
70845,102,102,0,0
70846,90,86,4,4
70847,52,65,-13,13
70848,61,56,5,5
70849,84,99,-15,15
70850,87,89,-2,2
70851,56,66,-10,10
70852,86,96,-10,10
70853,153,146,7,7
70854,130,119,11,11
70855,171,162,9,9
70856,81,78,3,3
70857,76,68,8,8
70858,82,89,-7,7
70859,114,119,-5,5
70860,103,105,-2,2
70861,98,98,0,0
70862,130,137,-7,7
70863,145,126,19,19
70864,66,81,-15,15
70865,136,114,22,22
70866,96,117,-21,21
70867,35,60,-25,25
70868,77,81,-4,4
70869,108,95,13,13
70870,91,104,-13,13
70871,68,73,-5,5
70872,114,115,-1,1
70873,38,47,-9,9
70874,123,92,31,31
70875,81,79,2,2
70876,96,89,7,7
70877,89,82,7,7
70878,129,153,-24,24
70879,93,88,5,5
70880,57,54,3,3
70881,81,74,7,7
70882,137,128,9,9
70883,83,72,11,11
70884,97,93,4,4
70885,100,94,6,6
70886,83,80,3,3
70887,94,87,7,7
70888,87,95,-8,8
70889,154,156,-2,2
70890,126,105,21,21
70891,74,69,5,5
70892,87,85,2,2
70893,62,67,-5,5
70894,61,57,4,4
70895,94,78,16,16
70896,91,81,10,10
70897,67,66,1,1
70898,87,80,7,7
70899,58,69,-11,11
70900,126,117,9,9
70901,102,95,7,7
70902,97,96,1,1
70903,60,61,-1,1
70904,84,84,0,0
70905,168,131,37,37
70906,89,88,1,1
70907,60,56,4,4
70908,99,93,6,6
70909,119,119,0,0
70910,90,87,3,3
70911,150,152,-2,2
70912,95,100,-5,5
70913,79,76,3,3
70914,45,51,-6,6
70915,101,98,3,3
70916,123,113,10,10
70917,145,149,-4,4
70918,56,54,2,2
70919,83,86,-3,3
70920,48,53,-5,5
70921,65,65,0,0
70922,102,107,-5,5
70923,75,69,6,6
70924,194,211,-17,17
70925,55,49,6,6
70926,61,58,3,3
70927,97,89,8,8
70928,123,131,-8,8
70929,47,55,-8,8
70930,99,115,-16,16
70931,88,85,3,3
70932,65,59,6,6
70933,71,71,0,0
70934,140,127,13,13
70935,113,112,1,1
70936,70,77,-7,7
70937,123,127,-4,4
70938,113,89,24,24
70939,170,153,17,17
70940,101,107,-6,6
70941,113,108,5,5
70942,102,90,12,12
70943,74,76,-2,2
70944,73,85,-12,12
70945,90,97,-7,7
70946,62,61,1,1
70947,104,119,-15,15
70948,119,114,5,5
70949,71,64,7,7
70950,129,138,-9,9
70951,48,47,1,1
70952,149,162,-13,13
70953,63,61,2,2
70954,115,114,1,1
70955,110,112,-2,2
70956,93,115,-22,22
70957,100,102,-2,2
70958,90,89,1,1
70959,46,59,-13,13
70960,126,103,23,23
70961,99,94,5,5
70962,65,61,4,4
70963,77,78,-1,1
70964,70,64,6,6
70965,82,93,-11,11
70966,91,90,1,1
70967,142,129,13,13
70968,73,67,6,6
70969,146,135,11,11
70970,106,109,-3,3
70971,185,187,-2,2
70972,72,71,1,1
70973,119,95,24,24
70974,56,50,6,6
70975,110,104,6,6
70976,94,88,6,6
70977,79,85,-6,6
70978,50,46,4,4
70979,86,78,8,8
70980,73,70,3,3
70981,81,73,8,8
70982,68,66,2,2
70983,69,69,0,0
70984,135,127,8,8
70985,162,108,54,54
70986,107,94,13,13
70987,74,72,2,2
70988,61,62,-1,1
70989,101,92,9,9
70990,70,60,10,10
70991,101,114,-13,13
70992,61,69,-8,8
70993,103,107,-4,4
70994,47,113,-66,66
70995,87,78,9,9
70996,73,78,-5,5
70997,100,87,13,13
70998,97,88,9,9
70999,75,79,-4,4
71000,77,72,5,5
71001,59,51,8,8
71002,136,141,-5,5
71003,44,50,-6,6
71004,149,139,10,10
71005,85,89,-4,4
71006,132,132,0,0
71007,54,56,-2,2
71008,98,88,10,10
71009,102,109,-7,7
71010,122,126,-4,4
71011,70,68,2,2
71012,121,95,26,26
71013,86,82,4,4
71014,99,95,4,4
71015,71,63,8,8
71016,113,104,9,9
71017,100,94,6,6
71018,61,62,-1,1
71019,69,78,-9,9
71020,103,117,-14,14
71021,122,141,-19,19
71022,90,78,12,12
71023,113,99,14,14
71024,99,101,-2,2
71025,100,93,7,7
71026,77,78,-1,1
71027,84,78,6,6
71028,101,84,17,17
71029,86,83,3,3
71030,43,49,-6,6
71031,73,76,-3,3
71032,128,124,4,4
71033,81,70,11,11
71034,67,56,11,11
71035,137,139,-2,2
71036,77,74,3,3
71037,52,53,-1,1
71038,103,109,-6,6
71039,107,94,13,13
71040,101,92,9,9
71041,80,81,-1,1
71042,114,117,-3,3
71043,112,107,5,5
71044,118,102,16,16
71045,110,105,5,5
71046,88,83,5,5
71047,63,81,-18,18
71048,125,113,12,12
71049,126,118,8,8
71050,68,66,2,2
71051,59,68,-9,9
71052,69,66,3,3
71053,90,73,17,17
71054,108,113,-5,5
71055,80,83,-3,3
71056,63,58,5,5
71057,52,54,-2,2
71058,72,75,-3,3
71059,76,78,-2,2
71060,92,76,16,16
71061,133,163,-30,30
71062,65,68,-3,3
71063,69,63,6,6
71064,121,110,11,11
71065,92,84,8,8
71066,67,76,-9,9
71067,134,132,2,2
71068,81,74,7,7
71069,68,75,-7,7
71070,67,58,9,9
71071,52,49,3,3
71072,107,97,10,10
71073,120,113,7,7
71074,133,134,-1,1
71075,150,138,12,12
71076,124,137,-13,13
71077,86,83,3,3
71078,29,36,-7,7
71079,170,150,20,20
71080,88,82,6,6
71081,158,155,3,3
71082,58,59,-1,1
71083,129,123,6,6
71084,94,91,3,3
71085,116,117,-1,1
71086,159,151,8,8
71087,86,78,8,8
71088,174,188,-14,14
71089,104,96,8,8
71090,90,74,16,16
71091,101,91,10,10
71092,107,109,-2,2
71093,133,117,16,16
71094,70,61,9,9
71095,100,93,7,7
71096,174,174,0,0
71097,41,63,-22,22
71098,85,83,2,2
71099,76,81,-5,5
71100,73,72,1,1
71101,131,129,2,2
71102,83,78,5,5
71103,88,92,-4,4
71104,128,125,3,3
71105,86,85,1,1
71106,163,158,5,5
71107,104,105,-1,1
71108,50,52,-2,2
71109,114,90,24,24
71110,108,103,5,5
71111,72,73,-1,1
71112,63,65,-2,2
71113,51,53,-2,2
71114,94,99,-5,5
71115,76,66,10,10
71116,39,40,-1,1
71117,100,102,-2,2
71118,64,63,1,1
71119,87,86,1,1
71120,112,103,9,9
71121,105,106,-1,1
71122,84,85,-1,1
71123,135,138,-3,3
71124,66,60,6,6
71125,164,163,1,1
71126,53,58,-5,5
71127,131,124,7,7
71128,97,93,4,4
71129,44,57,-13,13
71130,85,88,-3,3
71131,58,53,5,5
71132,105,112,-7,7
71133,51,53,-2,2
71134,67,65,2,2
71135,82,83,-1,1
71136,100,93,7,7
71137,154,135,19,19
71138,89,91,-2,2
71139,88,76,12,12
71140,104,89,15,15
71141,82,76,6,6
71142,97,92,5,5
71143,87,103,-16,16
71144,71,56,15,15
71145,87,99,-12,12
71146,71,68,3,3
71147,168,164,4,4
71148,124,117,7,7
71149,75,65,10,10
71150,137,97,40,40
71151,131,124,7,7
71152,161,165,-4,4
71153,80,81,-1,1
71154,109,101,8,8
71155,65,59,6,6
71156,152,153,-1,1
71157,120,112,8,8
71158,116,109,7,7
71159,82,95,-13,13
71160,214,199,15,15
71161,75,72,3,3
71162,95,100,-5,5
71163,120,119,1,1
71164,126,126,0,0
71165,112,112,0,0
71166,115,121,-6,6
71167,94,89,5,5
71168,84,87,-3,3
71169,99,100,-1,1
71170,69,81,-12,12
71171,62,54,8,8
71172,106,108,-2,2
71173,110,99,11,11
71174,78,79,-1,1
71175,161,193,-32,32
71176,140,93,47,47
71177,83,104,-21,21
71178,110,105,5,5
71179,50,48,2,2
71180,160,149,11,11
71181,93,87,6,6
71182,161,161,0,0
71183,37,46,-9,9
71184,58,47,11,11
71185,109,120,-11,11
71186,99,103,-4,4
71187,124,147,-23,23
71188,65,62,3,3
71189,113,106,7,7
71190,114,120,-6,6
71191,127,117,10,10
71192,99,96,3,3
71193,83,74,9,9
71194,74,76,-2,2
71195,112,113,-1,1
71196,76,78,-2,2
71197,86,82,4,4
71198,59,59,0,0
71199,185,166,19,19
71200,113,94,19,19
71201,90,80,10,10
71202,60,70,-10,10
71203,136,118,18,18
71204,94,104,-10,10
71205,100,93,7,7
71206,93,87,6,6
71207,80,81,-1,1
71208,138,114,24,24
71209,123,116,7,7
71210,84,87,-3,3
71211,96,106,-10,10
71212,123,116,7,7
71213,46,86,-40,40
71214,54,63,-9,9
71215,135,135,0,0
71216,135,116,19,19
71217,79,77,2,2
71218,127,121,6,6
71219,75,76,-1,1
71220,43,61,-18,18
71221,107,80,27,27
71222,86,77,9,9
71223,114,130,-16,16
71224,56,51,5,5
71225,80,75,5,5
71226,86,76,10,10
71227,62,57,5,5
71228,78,60,18,18
71229,158,168,-10,10
71230,96,106,-10,10
71231,88,85,3,3
71232,62,57,5,5
71233,116,102,14,14
71234,103,120,-17,17
71235,108,116,-8,8
71236,96,94,2,2
71237,65,59,6,6
71238,64,64,0,0
71239,136,128,8,8
71240,92,96,-4,4
71241,66,70,-4,4
71242,106,102,4,4
71243,168,151,17,17
71244,91,88,3,3
71245,90,91,-1,1
71246,83,78,5,5
71247,198,186,12,12
71248,98,101,-3,3
71249,116,96,20,20
71250,77,82,-5,5
71251,95,87,8,8
71252,113,105,8,8
71253,102,95,7,7
71254,54,61,-7,7
71255,138,139,-1,1
71256,76,72,4,4
71257,58,53,5,5
71258,74,72,2,2
71259,93,102,-9,9
71260,56,72,-16,16
71261,139,150,-11,11
71262,169,174,-5,5
71263,131,132,-1,1
71264,64,43,21,21
71265,89,88,1,1
71266,111,113,-2,2
71267,149,149,0,0
71268,86,78,8,8
71269,67,81,-14,14
71270,54,57,-3,3
71271,47,56,-9,9
71272,43,51,-8,8
71273,90,92,-2,2
71274,139,124,15,15
71275,62,60,2,2
71276,67,68,-1,1
71277,75,78,-3,3
71278,87,81,6,6
71279,82,75,7,7
71280,41,52,-11,11
71281,86,87,-1,1
71282,151,137,14,14
71283,87,78,9,9
71284,107,102,5,5
71285,67,67,0,0
71286,90,101,-11,11
71287,133,125,8,8
71288,42,41,1,1
71289,124,113,11,11
71290,66,67,-1,1
71291,74,76,-2,2
71292,54,49,5,5
71293,123,115,8,8
71294,137,133,4,4
71295,67,58,9,9
71296,113,117,-4,4
71297,103,93,10,10
71298,161,144,17,17
71299,114,105,9,9
71300,112,96,16,16
71301,103,93,10,10
71302,112,113,-1,1
71303,123,128,-5,5
71304,65,60,5,5
71305,97,89,8,8
71306,68,66,2,2
71307,69,63,6,6
71308,69,66,3,3
71309,143,135,8,8
71310,107,104,3,3
71311,59,77,-18,18
71312,125,116,9,9
71313,57,68,-11,11
71314,108,109,-1,1
71315,86,80,6,6
71316,98,95,3,3
71317,82,77,5,5
71318,87,120,-33,33
71319,65,63,2,2
71320,96,86,10,10
71321,60,72,-12,12
71322,77,76,1,1
71323,81,77,4,4
71324,147,145,2,2
71325,75,73,2,2
71326,75,68,7,7
71327,85,93,-8,8
71328,94,90,4,4
71329,158,156,2,2
71330,103,84,19,19
71331,125,114,11,11
71332,119,141,-22,22
71333,109,102,7,7
71334,64,60,4,4
71335,74,74,0,0
71336,33,34,-1,1
71337,104,90,14,14
71338,73,65,8,8
71339,148,132,16,16
71340,57,59,-2,2
71341,62,54,8,8
71342,143,141,2,2
71343,96,107,-11,11
71344,61,60,1,1
71345,126,127,-1,1
71346,66,80,-14,14
71347,97,103,-6,6
71348,58,61,-3,3
71349,85,82,3,3
71350,207,187,20,20
71351,114,119,-5,5
71352,105,101,4,4
71353,92,89,3,3
71354,80,75,5,5
71355,97,107,-10,10
71356,93,82,11,11
71357,55,53,2,2
71358,89,86,3,3
71359,116,118,-2,2
71360,98,104,-6,6
71361,79,72,7,7
71362,127,126,1,1
71363,112,105,7,7
71364,131,113,18,18
71365,92,98,-6,6
71366,81,81,0,0
71367,236,216,20,20
71368,110,128,-18,18
71369,66,72,-6,6
71370,100,103,-3,3
71371,98,96,2,2
71372,118,95,23,23
71373,91,90,1,1
71374,162,145,17,17
71375,77,69,8,8
71376,67,65,2,2
71377,131,131,0,0
71378,103,110,-7,7
71379,57,61,-4,4
71380,93,79,14,14
71381,72,87,-15,15
71382,67,50,17,17
71383,49,55,-6,6
71384,72,65,7,7
71385,56,54,2,2
71386,154,182,-28,28
71387,72,74,-2,2
71388,44,53,-9,9
71389,97,96,1,1
71390,173,151,22,22
71391,151,142,9,9
71392,92,89,3,3
71393,41,61,-20,20
71394,101,109,-8,8
71395,151,135,16,16
71396,112,99,13,13
71397,82,81,1,1
71398,147,140,7,7
71399,104,91,13,13
71400,156,147,9,9
71401,69,60,9,9
71402,88,89,-1,1
71403,49,48,1,1
71404,72,70,2,2
71405,87,78,9,9
71406,83,73,10,10
71407,78,64,14,14
71408,109,108,1,1
71409,118,127,-9,9
71410,146,195,-49,49
71411,95,92,3,3
71412,139,135,4,4
71413,112,115,-3,3
71414,74,75,-1,1
71415,101,109,-8,8
71416,69,62,7,7
71417,60,61,-1,1
71418,52,56,-4,4
71419,70,66,4,4
71420,52,49,3,3
71421,93,94,-1,1
71422,75,72,3,3
71423,50,65,-15,15
71424,64,65,-1,1
71425,167,142,25,25
71426,59,59,0,0
71427,117,120,-3,3
71428,97,92,5,5
71429,93,99,-6,6
71430,70,72,-2,2
71431,91,76,15,15
71432,52,53,-1,1
71433,97,92,5,5
71434,66,59,7,7
71435,91,85,6,6
71436,72,107,-35,35
71437,113,105,8,8
71438,91,87,4,4
71439,50,60,-10,10
71440,85,105,-20,20
71441,167,171,-4,4
71442,78,74,4,4
71443,149,139,10,10
71444,102,91,11,11
71445,116,113,3,3
71446,69,72,-3,3
71447,63,58,5,5
71448,108,117,-9,9
71449,81,79,2,2
71450,82,79,3,3
71451,113,111,2,2
71452,83,86,-3,3
71453,97,86,11,11
71454,78,92,-14,14
71455,102,100,2,2
71456,109,109,0,0
71457,64,79,-15,15
71458,98,90,8,8
71459,156,141,15,15
71460,126,129,-3,3
71461,90,89,1,1
71462,122,116,6,6
71463,67,66,1,1
71464,60,54,6,6
71465,60,61,-1,1
71466,73,70,3,3
71467,135,139,-4,4
71468,116,117,-1,1
71469,92,83,9,9
71470,116,114,2,2
71471,76,72,4,4
71472,137,135,2,2
71473,38,51,-13,13
71474,212,202,10,10
71475,115,110,5,5
71476,170,162,8,8
71477,140,162,-22,22
71478,194,166,28,28
71479,119,110,9,9
71480,46,54,-8,8
71481,67,67,0,0
71482,114,106,8,8
71483,107,122,-15,15
71484,83,107,-24,24
71485,103,93,10,10
71486,75,80,-5,5
71487,117,124,-7,7
71488,59,56,3,3
71489,68,83,-15,15
71490,117,126,-9,9
71491,142,120,22,22
71492,50,57,-7,7
71493,72,76,-4,4
71494,114,129,-15,15
71495,161,159,2,2
71496,104,99,5,5
71497,241,217,24,24
71498,72,75,-3,3
71499,89,89,0,0
71500,76,78,-2,2
71501,97,93,4,4
71502,93,82,11,11
71503,73,63,10,10
71504,67,61,6,6
71505,89,85,4,4
71506,91,95,-4,4
71507,112,109,3,3
71508,156,153,3,3
71509,59,65,-6,6
71510,71,70,1,1
71511,35,30,5,5
71512,60,56,4,4
71513,151,159,-8,8
71514,83,82,1,1
71515,114,120,-6,6
71516,66,58,8,8
71517,68,71,-3,3
71518,128,129,-1,1
71519,168,155,13,13
71520,84,79,5,5
71521,87,94,-7,7
71522,94,86,8,8
71523,44,71,-27,27
71524,93,93,0,0
71525,135,130,5,5
71526,80,76,4,4
71527,105,96,9,9
71528,86,86,0,0
71529,115,110,5,5
71530,183,176,7,7
71531,120,113,7,7
71532,25,43,-18,18
71533,53,53,0,0
71534,131,110,21,21
71535,164,156,8,8
71536,74,69,5,5
71537,125,114,11,11
71538,91,88,3,3
71539,106,90,16,16
71540,95,89,6,6
71541,75,64,11,11
71542,114,107,7,7
71543,70,69,1,1
71544,89,78,11,11
71545,37,47,-10,10
71546,90,84,6,6
71547,60,54,6,6
71548,106,106,0,0
71549,59,61,-2,2
71550,114,120,-6,6
71551,69,74,-5,5
71552,96,93,3,3
71553,90,46,44,44
71554,132,147,-15,15
71555,117,125,-8,8
71556,78,74,4,4
71557,63,72,-9,9
71558,96,103,-7,7
71559,132,105,27,27
71560,83,75,8,8
71561,114,109,5,5
71562,109,99,10,10
71563,97,85,12,12
71564,81,79,2,2
71565,95,89,6,6
71566,82,86,-4,4
71567,127,136,-9,9
71568,108,113,-5,5
71569,91,91,0,0
71570,87,82,5,5
71571,92,89,3,3
71572,165,162,3,3
71573,85,80,5,5
71574,50,57,-7,7
71575,62,56,6,6
71576,97,104,-7,7
71577,87,89,-2,2
71578,66,56,10,10
71579,76,68,8,8
71580,75,74,1,1
71581,172,170,2,2
71582,45,59,-14,14
71583,86,85,1,1
71584,73,78,-5,5
71585,189,169,20,20
71586,65,66,-1,1
71587,76,73,3,3
71588,95,91,4,4
71589,95,85,10,10
71590,87,90,-3,3
71591,108,96,12,12
71592,91,81,10,10
71593,69,73,-4,4
71594,141,150,-9,9
71595,75,76,-1,1
71596,82,85,-3,3
71597,55,54,1,1
71598,55,63,-8,8
71599,121,121,0,0
71600,55,53,2,2
71601,131,117,14,14
71602,111,100,11,11
71603,52,60,-8,8
71604,141,131,10,10
71605,82,92,-10,10
71606,49,47,2,2
71607,67,71,-4,4
71608,65,58,7,7
71609,116,120,-4,4
71610,112,112,0,0
71611,117,111,6,6
71612,137,139,-2,2
71613,95,105,-10,10
71614,59,60,-1,1
71615,84,85,-1,1
71616,89,76,13,13
71617,137,133,4,4
71618,194,176,18,18
71619,144,128,16,16
71620,106,96,10,10
71621,122,105,17,17
71622,67,71,-4,4
71623,104,103,1,1
71624,114,109,5,5
71625,84,89,-5,5
71626,49,60,-11,11
71627,232,196,36,36
71628,79,69,10,10
71629,101,110,-9,9
71630,105,108,-3,3
71631,104,110,-6,6
71632,221,192,29,29
71633,124,108,16,16
71634,154,142,12,12
71635,110,104,6,6
71636,75,73,2,2
71637,175,168,7,7
71638,162,166,-4,4
71639,169,153,16,16
71640,82,94,-12,12
71641,69,63,6,6
71642,63,63,0,0
71643,101,108,-7,7
71644,59,58,1,1
71645,123,124,-1,1
71646,105,112,-7,7
71647,99,85,14,14
71648,58,65,-7,7
71649,103,93,10,10
71650,77,80,-3,3
71651,64,58,6,6
71652,49,57,-8,8
71653,96,91,5,5
71654,78,78,0,0
71655,124,130,-6,6
71656,66,100,-34,34
71657,163,154,9,9
71658,140,151,-11,11
71659,77,82,-5,5
71660,55,63,-8,8
71661,64,59,5,5
71662,73,57,16,16
71663,86,85,1,1
71664,87,86,1,1
71665,80,81,-1,1
71666,74,78,-4,4
71667,69,64,5,5
71668,118,118,0,0
71669,74,82,-8,8
71670,162,162,0,0
71671,63,62,1,1
71672,88,86,2,2
71673,105,104,1,1
71674,70,67,3,3
71675,86,86,0,0
71676,82,77,5,5
71677,181,188,-7,7
71678,60,58,2,2
71679,139,139,0,0
71680,45,38,7,7
71681,84,79,5,5
71682,87,78,9,9
71683,94,83,11,11
71684,94,100,-6,6
71685,102,122,-20,20
71686,82,82,0,0
71687,102,88,14,14
71688,51,47,4,4
71689,91,92,-1,1
71690,92,90,2,2
71691,119,116,3,3
71692,98,100,-2,2
71693,92,90,2,2
71694,144,137,7,7
71695,117,122,-5,5
71696,61,48,13,13
71697,55,55,0,0
71698,89,85,4,4
71699,83,85,-2,2
71700,122,105,17,17
71701,101,100,1,1
71702,71,75,-4,4
71703,183,184,-1,1
71704,79,81,-2,2
71705,68,82,-14,14
71706,124,117,7,7
71707,96,81,15,15
71708,82,75,7,7
71709,99,111,-12,12
71710,145,124,21,21
71711,143,141,2,2
71712,131,131,0,0
71713,83,77,6,6
71714,118,134,-16,16
71715,65,63,2,2
71716,52,59,-7,7
71717,78,79,-1,1
71718,76,70,6,6
71719,142,132,10,10
71720,90,89,1,1
71721,64,56,8,8
71722,70,73,-3,3
71723,81,79,2,2
71724,155,149,6,6
71725,94,121,-27,27
71726,64,65,-1,1
71727,83,79,4,4
71728,112,103,9,9
71729,112,93,19,19
71730,132,125,7,7
71731,84,77,7,7
71732,63,63,0,0
71733,78,79,-1,1
71734,143,134,9,9
71735,71,71,0,0
71736,94,92,2,2
71737,75,80,-5,5
71738,54,60,-6,6
71739,81,70,11,11
71740,72,73,-1,1
71741,95,83,12,12
71742,136,129,7,7
71743,89,79,10,10
71744,66,68,-2,2
71745,95,90,5,5
71746,85,80,5,5
71747,114,113,1,1
71748,70,74,-4,4
71749,70,54,16,16
71750,115,118,-3,3
71751,139,138,1,1
71752,104,100,4,4
71753,65,63,2,2
71754,145,133,12,12
71755,108,95,13,13
71756,81,71,10,10
71757,85,74,11,11
71758,59,72,-13,13
71759,146,153,-7,7
71760,89,105,-16,16
71761,94,96,-2,2
71762,82,81,1,1
71763,58,60,-2,2
71764,78,77,1,1
71765,92,80,12,12
71766,65,61,4,4
71767,100,97,3,3
71768,126,126,0,0
71769,115,103,12,12
71770,64,56,8,8
71771,67,74,-7,7
71772,114,97,17,17
71773,73,71,2,2
71774,86,80,6,6
71775,92,84,8,8
71776,393,351,42,42
71777,121,140,-19,19
71778,77,83,-6,6
71779,106,87,19,19
71780,81,80,1,1
71781,99,86,13,13
71782,150,141,9,9
71783,98,98,0,0
71784,107,111,-4,4
71785,59,50,9,9
71786,53,55,-2,2
71787,99,90,9,9
71788,138,129,9,9
71789,58,62,-4,4
71790,85,81,4,4
71791,129,127,2,2
71792,60,58,2,2
71793,67,62,5,5
71794,107,100,7,7
71795,42,53,-11,11
71796,73,73,0,0
71797,81,80,1,1
71798,154,131,23,23
71799,84,79,5,5
71800,67,65,2,2
71801,62,57,5,5
71802,93,81,12,12
71803,119,111,8,8
71804,112,106,6,6
71805,146,139,7,7
71806,45,50,-5,5
71807,127,114,13,13
71808,87,79,8,8
71809,122,123,-1,1
71810,83,75,8,8
71811,116,112,4,4
71812,95,102,-7,7
71813,101,107,-6,6
71814,132,128,4,4
71815,116,110,6,6
71816,79,67,12,12
71817,94,89,5,5
71818,131,122,9,9
71819,61,63,-2,2
71820,66,68,-2,2
71821,78,76,2,2
71822,145,159,-14,14
71823,166,172,-6,6
71824,88,83,5,5
71825,99,92,7,7
71826,85,85,0,0
71827,62,63,-1,1
71828,85,87,-2,2
71829,103,108,-5,5
71830,123,146,-23,23
71831,43,52,-9,9
71832,89,85,4,4
71833,61,63,-2,2
71834,65,61,4,4
71835,81,76,5,5
71836,77,69,8,8
71837,118,121,-3,3
71838,53,53,0,0
71839,90,78,12,12
71840,101,117,-16,16
71841,88,78,10,10
71842,136,129,7,7
71843,142,131,11,11
71844,79,67,12,12
71845,124,124,0,0
71846,69,68,1,1
71847,55,51,4,4
71848,84,82,2,2
71849,34,41,-7,7
71850,86,77,9,9
71851,67,55,12,12
71852,234,213,21,21
71853,175,169,6,6
71854,50,55,-5,5
71855,75,64,11,11
71856,61,59,2,2
71857,103,96,7,7
71858,59,68,-9,9
71859,83,90,-7,7
71860,50,49,1,1
71861,89,83,6,6
71862,65,72,-7,7
71863,140,131,9,9
71864,158,158,0,0
71865,113,100,13,13
71866,118,120,-2,2
71867,172,161,11,11
71868,119,121,-2,2
71869,106,105,1,1
71870,146,143,3,3
71871,72,71,1,1
71872,84,83,1,1
71873,78,79,-1,1
71874,58,51,7,7
71875,85,78,7,7
71876,137,128,9,9
71877,86,110,-24,24
71878,78,75,3,3
71879,88,93,-5,5
71880,108,91,17,17
71881,104,84,20,20
71882,77,85,-8,8
71883,101,99,2,2
71884,109,114,-5,5
71885,84,73,11,11
71886,70,64,6,6
71887,134,140,-6,6
71888,51,52,-1,1
71889,128,127,1,1
71890,103,110,-7,7
71891,76,78,-2,2
71892,101,107,-6,6
71893,92,91,1,1
71894,72,72,0,0
71895,68,69,-1,1
71896,84,87,-3,3
71897,88,80,8,8
71898,119,123,-4,4
71899,56,58,-2,2
71900,31,35,-4,4
71901,91,90,1,1
71902,163,162,1,1
71903,124,111,13,13
71904,71,70,1,1
71905,101,97,4,4
71906,112,144,-32,32
71907,103,100,3,3
71908,74,78,-4,4
71909,57,61,-4,4
71910,137,134,3,3
71911,124,114,10,10
71912,77,83,-6,6
71913,83,75,8,8
71914,66,76,-10,10
71915,110,99,11,11
71916,65,59,6,6
71917,98,102,-4,4
71918,87,80,7,7
71919,90,80,10,10
71920,140,140,0,0
71921,116,113,3,3
71922,128,119,9,9
71923,73,70,3,3
71924,155,185,-30,30
71925,96,100,-4,4
71926,115,114,1,1
71927,63,67,-4,4
71928,57,50,7,7
71929,113,126,-13,13
71930,104,91,13,13
71931,53,62,-9,9
71932,62,54,8,8
71933,53,50,3,3
71934,71,72,-1,1
71935,76,82,-6,6
71936,117,108,9,9
71937,57,55,2,2
71938,79,69,10,10
71939,69,78,-9,9
71940,78,72,6,6
71941,40,60,-20,20
71942,58,70,-12,12
71943,105,94,11,11
71944,87,99,-12,12
71945,118,104,14,14
71946,101,117,-16,16
71947,32,43,-11,11
71948,75,74,1,1
71949,112,116,-4,4
71950,112,100,12,12
71951,124,129,-5,5
71952,68,62,6,6
71953,72,63,9,9
71954,52,62,-10,10
71955,84,82,2,2
71956,78,68,10,10
71957,106,85,21,21
71958,126,128,-2,2
71959,103,104,-1,1
71960,110,102,8,8
71961,91,84,7,7
71962,149,140,9,9
71963,55,51,4,4
71964,113,110,3,3
71965,72,70,2,2
71966,79,79,0,0
71967,125,122,3,3
71968,126,107,19,19
71969,156,169,-13,13
71970,69,71,-2,2
71971,59,55,4,4
71972,92,101,-9,9
71973,65,62,3,3
71974,94,83,11,11
71975,76,89,-13,13
71976,145,138,7,7
71977,141,135,6,6
71978,71,72,-1,1
71979,91,85,6,6
71980,56,62,-6,6
71981,107,101,6,6
71982,73,68,5,5
71983,120,134,-14,14
71984,109,78,31,31
71985,125,116,9,9
71986,80,80,0,0
71987,55,57,-2,2
71988,92,96,-4,4
71989,125,113,12,12
71990,74,74,0,0
71991,65,72,-7,7
71992,85,83,2,2
71993,41,48,-7,7
71994,73,82,-9,9
71995,133,101,32,32
71996,48,53,-5,5
71997,81,81,0,0
71998,109,114,-5,5
71999,98,97,1,1
72000,123,115,8,8
72001,103,111,-8,8
72002,79,80,-1,1
72003,60,66,-6,6
72004,93,90,3,3
72005,162,122,40,40
72006,121,114,7,7
72007,113,127,-14,14
72008,64,70,-6,6
72009,61,73,-12,12
72010,110,104,6,6
72011,106,96,10,10
72012,111,106,5,5
72013,72,75,-3,3
72014,50,53,-3,3
72015,58,53,5,5
72016,112,113,-1,1
72017,86,88,-2,2
72018,77,74,3,3
72019,116,116,0,0
72020,77,76,1,1
72021,156,144,12,12
72022,94,93,1,1
72023,152,142,10,10
72024,153,154,-1,1
72025,91,88,3,3
72026,114,106,8,8
72027,54,56,-2,2
72028,68,63,5,5
72029,108,131,-23,23
72030,144,137,7,7
72031,122,120,2,2
72032,94,96,-2,2
72033,100,93,7,7
72034,63,60,3,3
72035,109,107,2,2
72036,92,81,11,11
72037,104,93,11,11
72038,80,68,12,12
72039,83,81,2,2
72040,115,111,4,4
72041,149,146,3,3
72042,111,114,-3,3
72043,64,70,-6,6
72044,117,102,15,15
72045,68,62,6,6
72046,98,82,16,16
72047,58,58,0,0
72048,109,100,9,9
72049,84,79,5,5
72050,59,57,2,2
72051,122,114,8,8
72052,67,77,-10,10
72053,74,68,6,6
72054,65,66,-1,1
72055,95,87,8,8
72056,90,90,0,0
72057,71,65,6,6
72058,46,39,7,7
72059,37,70,-33,33
72060,128,128,0,0
72061,110,111,-1,1
72062,98,107,-9,9
72063,55,54,1,1
72064,118,109,9,9
72065,28,31,-3,3
72066,164,155,9,9
72067,97,93,4,4
72068,149,131,18,18
72069,100,89,11,11
72070,102,108,-6,6
72071,99,101,-2,2
72072,170,144,26,26
72073,124,129,-5,5
72074,109,120,-11,11
72075,146,127,19,19
72076,170,174,-4,4
72077,85,65,20,20
72078,106,99,7,7
72079,96,92,4,4
72080,105,87,18,18
72081,116,101,15,15
72082,61,62,-1,1
72083,114,115,-1,1
72084,105,100,5,5
72085,163,176,-13,13
72086,50,52,-2,2
72087,141,114,27,27
72088,79,83,-4,4
72089,129,120,9,9
72090,82,74,8,8
72091,61,63,-2,2
72092,69,70,-1,1
72093,62,69,-7,7
72094,93,87,6,6
72095,92,89,3,3
72096,91,99,-8,8
72097,45,50,-5,5
72098,167,156,11,11
72099,71,64,7,7
72100,43,53,-10,10
72101,122,133,-11,11
72102,73,66,7,7
72103,99,97,2,2
72104,82,77,5,5
72105,119,106,13,13
72106,135,119,16,16
72107,46,49,-3,3
72108,102,89,13,13
72109,66,70,-4,4
72110,159,165,-6,6
72111,93,88,5,5
72112,93,82,11,11
72113,71,69,2,2
72114,106,83,23,23
72115,99,89,10,10
72116,145,157,-12,12
72117,102,109,-7,7
72118,146,138,8,8
72119,129,132,-3,3
72120,105,113,-8,8
72121,119,106,13,13
72122,49,50,-1,1
72123,114,103,11,11
72124,137,144,-7,7
72125,84,78,6,6
72126,63,61,2,2
72127,120,111,9,9
72128,63,54,9,9
72129,153,144,9,9
72130,73,75,-2,2
72131,110,93,17,17
72132,178,172,6,6
72133,73,96,-23,23
72134,80,70,10,10
72135,98,95,3,3
72136,122,125,-3,3
72137,122,123,-1,1
72138,95,98,-3,3
72139,100,102,-2,2
72140,107,108,-1,1
72141,86,76,10,10
72142,62,60,2,2
72143,77,78,-1,1
72144,49,49,0,0
72145,68,66,2,2
72146,25,23,2,2
72147,83,73,10,10
72148,54,47,7,7
72149,122,123,-1,1
72150,115,117,-2,2
72151,92,83,9,9
72152,120,138,-18,18
72153,161,147,14,14
72154,100,93,7,7
72155,127,138,-11,11
72156,56,63,-7,7
72157,120,116,4,4
72158,319,263,56,56
72159,161,154,7,7
72160,120,103,17,17
72161,119,112,7,7
72162,119,98,21,21
72163,155,136,19,19
72164,90,95,-5,5
72165,43,46,-3,3
72166,67,60,7,7
72167,75,66,9,9
72168,86,84,2,2
72169,107,92,15,15
72170,109,106,3,3
72171,105,109,-4,4
72172,120,121,-1,1
72173,57,62,-5,5
72174,81,82,-1,1
72175,114,113,1,1
72176,101,97,4,4
72177,104,89,15,15
72178,105,92,13,13
72179,93,92,1,1
72180,117,110,7,7
72181,93,83,10,10
72182,60,60,0,0
72183,81,59,22,22
72184,96,95,1,1
72185,99,97,2,2
72186,88,82,6,6
72187,113,124,-11,11
72188,91,102,-11,11
72189,142,134,8,8
72190,95,91,4,4
72191,79,83,-4,4
72192,80,92,-12,12
72193,54,70,-16,16
72194,124,118,6,6
72195,86,88,-2,2
72196,154,138,16,16
72197,77,74,3,3
72198,129,107,22,22
72199,196,178,18,18
72200,78,73,5,5
72201,63,64,-1,1
72202,176,167,9,9
72203,102,102,0,0
72204,102,115,-13,13
72205,92,84,8,8
72206,145,136,9,9
72207,64,62,2,2
72208,100,91,9,9
72209,96,100,-4,4
72210,96,85,11,11
72211,51,52,-1,1
72212,61,74,-13,13
72213,129,128,1,1
72214,196,187,9,9
72215,61,56,5,5
72216,86,79,7,7
72217,69,75,-6,6
72218,121,111,10,10
72219,87,98,-11,11
72220,105,87,18,18
72221,67,81,-14,14
72222,71,85,-14,14
72223,165,164,1,1
72224,132,122,10,10
72225,171,167,4,4
72226,81,67,14,14
72227,142,133,9,9
72228,75,74,1,1
72229,102,96,6,6
72230,86,84,2,2
72231,136,126,10,10
72232,63,58,5,5
72233,122,133,-11,11
72234,89,93,-4,4
72235,97,103,-6,6
72236,67,63,4,4
72237,105,95,10,10
72238,64,64,0,0
72239,85,95,-10,10
72240,99,105,-6,6
72241,80,69,11,11
72242,115,104,11,11
72243,65,59,6,6
72244,104,90,14,14
72245,115,100,15,15
72246,147,145,2,2
72247,105,102,3,3
72248,141,139,2,2
72249,163,157,6,6
72250,129,123,6,6
72251,90,85,5,5
72252,73,75,-2,2
72253,101,77,24,24
72254,103,99,4,4
72255,53,62,-9,9
72256,67,73,-6,6
72257,78,72,6,6
72258,75,74,1,1
72259,76,69,7,7
72260,105,106,-1,1
72261,103,83,20,20
72262,108,119,-11,11
72263,154,142,12,12
72264,84,91,-7,7
72265,125,120,5,5
72266,71,61,10,10
72267,84,88,-4,4
72268,81,74,7,7
72269,95,85,10,10
72270,249,218,31,31
72271,101,106,-5,5
72272,69,69,0,0
72273,109,114,-5,5
72274,76,74,2,2
72275,92,93,-1,1
72276,56,56,0,0
72277,85,86,-1,1
72278,51,47,4,4
72279,117,100,17,17
72280,74,70,4,4
72281,184,177,7,7
72282,82,88,-6,6
72283,93,95,-2,2
72284,87,76,11,11
72285,56,57,-1,1
72286,65,59,6,6
72287,95,85,10,10
72288,112,117,-5,5
72289,110,107,3,3
72290,137,135,2,2
72291,73,76,-3,3
72292,128,117,11,11
72293,99,84,15,15
72294,133,124,9,9
72295,109,106,3,3
72296,74,87,-13,13
72297,99,91,8,8
72298,23,49,-26,26
72299,87,111,-24,24
72300,175,178,-3,3
72301,71,79,-8,8
72302,64,67,-3,3
72303,74,78,-4,4
72304,127,129,-2,2
72305,136,141,-5,5
72306,114,114,0,0
72307,143,136,7,7
72308,115,128,-13,13
72309,83,88,-5,5
72310,118,118,0,0
72311,64,60,4,4
72312,94,95,-1,1
72313,69,52,17,17
72314,142,132,10,10
72315,75,74,1,1
72316,58,54,4,4
72317,19,24,-5,5
72318,83,90,-7,7
72319,59,53,6,6
72320,99,96,3,3
72321,69,75,-6,6
72322,95,94,1,1
72323,248,199,49,49
72324,129,121,8,8
72325,45,48,-3,3
72326,129,126,3,3
72327,99,89,10,10
72328,98,90,8,8
72329,115,116,-1,1
72330,136,140,-4,4
72331,111,104,7,7
72332,98,95,3,3
72333,85,84,1,1
72334,141,136,5,5
72335,94,100,-6,6
72336,94,91,3,3
72337,112,121,-9,9
72338,107,108,-1,1
72339,127,124,3,3
72340,113,99,14,14
72341,131,110,21,21
72342,69,72,-3,3
72343,51,48,3,3
72344,148,137,11,11
72345,79,70,9,9
72346,108,125,-17,17
72347,105,112,-7,7
72348,82,99,-17,17
72349,152,170,-18,18
72350,77,81,-4,4
72351,96,103,-7,7
72352,118,117,1,1
72353,176,167,9,9
72354,161,166,-5,5
72355,74,64,10,10
72356,89,107,-18,18
72357,126,133,-7,7
72358,105,112,-7,7
72359,102,97,5,5
72360,74,74,0,0
72361,122,105,17,17
72362,80,81,-1,1
72363,75,69,6,6
72364,148,150,-2,2
72365,129,122,7,7
72366,68,61,7,7
72367,74,85,-11,11
72368,96,82,14,14
72369,88,79,9,9
72370,53,62,-9,9
72371,79,76,3,3
72372,78,72,6,6
72373,69,69,0,0
72374,134,131,3,3
72375,77,81,-4,4
72376,144,125,19,19
72377,102,100,2,2
72378,112,125,-13,13
72379,122,111,11,11
72380,87,78,9,9
72381,111,113,-2,2
72382,102,102,0,0
72383,73,73,0,0
72384,86,90,-4,4
72385,74,71,3,3
72386,132,121,11,11
72387,128,133,-5,5
72388,130,129,1,1
72389,62,62,0,0
72390,44,47,-3,3
72391,78,77,1,1
72392,95,92,3,3
72393,95,86,9,9
72394,116,113,3,3
72395,80,75,5,5
72396,57,60,-3,3
72397,84,93,-9,9
72398,122,116,6,6
72399,115,119,-4,4
72400,185,162,23,23
72401,144,111,33,33
72402,54,56,-2,2
72403,125,119,6,6
72404,107,113,-6,6
72405,140,144,-4,4
72406,59,64,-5,5
72407,64,63,1,1
72408,83,79,4,4
72409,56,49,7,7
72410,79,69,10,10
72411,58,53,5,5
72412,92,97,-5,5
72413,138,139,-1,1
72414,110,99,11,11
72415,197,182,15,15
72416,102,106,-4,4
72417,75,67,8,8
72418,127,122,5,5
72419,95,96,-1,1
72420,64,60,4,4
72421,68,74,-6,6
72422,174,168,6,6
72423,61,56,5,5
72424,74,67,7,7
72425,106,106,0,0
72426,60,64,-4,4
72427,73,81,-8,8
72428,92,85,7,7
72429,189,165,24,24
72430,99,90,9,9
72431,147,143,4,4
72432,120,116,4,4
72433,75,74,1,1
72434,57,52,5,5
72435,56,50,6,6
72436,73,70,3,3
72437,67,67,0,0
72438,176,160,16,16
72439,131,119,12,12
72440,101,95,6,6
72441,77,67,10,10
72442,90,114,-24,24
72443,106,110,-4,4
72444,120,115,5,5
72445,82,76,6,6
72446,117,115,2,2
72447,57,78,-21,21
72448,57,66,-9,9
72449,104,95,9,9
72450,85,87,-2,2
72451,112,119,-7,7
72452,89,90,-1,1
72453,88,98,-10,10
72454,87,78,9,9
72455,103,123,-20,20
72456,151,138,13,13
72457,92,96,-4,4
72458,98,86,12,12
72459,63,75,-12,12
72460,88,89,-1,1
72461,85,76,9,9
72462,29,38,-9,9
72463,88,97,-9,9
72464,105,112,-7,7
72465,108,105,3,3
72466,69,57,12,12
72467,100,96,4,4
72468,67,67,0,0
72469,78,64,14,14
72470,97,101,-4,4
72471,84,76,8,8
72472,57,71,-14,14
72473,124,115,9,9
72474,117,111,6,6
72475,101,95,6,6
72476,104,104,0,0
72477,97,109,-12,12
72478,69,61,8,8
72479,105,103,2,2
72480,78,87,-9,9
72481,75,69,6,6
72482,67,65,2,2
72483,182,170,12,12
72484,49,47,2,2
72485,89,96,-7,7
72486,72,68,4,4
72487,97,99,-2,2
72488,72,63,9,9
72489,66,60,6,6
72490,118,125,-7,7
72491,49,58,-9,9
72492,87,84,3,3
72493,157,134,23,23
72494,63,69,-6,6
72495,69,75,-6,6
72496,163,169,-6,6
72497,221,222,-1,1
72498,60,68,-8,8
72499,97,95,2,2
72500,64,49,15,15
72501,87,99,-12,12
72502,101,103,-2,2
72503,96,97,-1,1
72504,111,113,-2,2
72505,67,72,-5,5
72506,112,108,4,4
72507,92,85,7,7
72508,90,100,-10,10
72509,127,132,-5,5
72510,62,59,3,3
72511,82,89,-7,7
72512,131,117,14,14
72513,66,63,3,3
72514,122,118,4,4
72515,80,90,-10,10
72516,83,90,-7,7
72517,71,77,-6,6
72518,76,66,10,10
72519,130,138,-8,8
72520,72,55,17,17
72521,51,50,1,1
72522,114,116,-2,2
72523,62,67,-5,5
72524,46,45,1,1
72525,58,60,-2,2
72526,84,93,-9,9
72527,69,71,-2,2
72528,59,106,-47,47
72529,65,62,3,3
72530,175,176,-1,1
72531,135,138,-3,3
72532,106,101,5,5
72533,72,76,-4,4
72534,124,126,-2,2
72535,126,127,-1,1
72536,120,117,3,3
72537,92,87,5,5
72538,68,59,9,9
72539,109,104,5,5
72540,74,83,-9,9
72541,61,68,-7,7
72542,96,91,5,5
72543,115,124,-9,9
72544,88,83,5,5
72545,112,103,9,9
72546,182,161,21,21
72547,156,149,7,7
72548,156,142,14,14
72549,103,87,16,16
72550,89,83,6,6
72551,114,109,5,5
72552,106,86,20,20
72553,85,73,12,12
72554,107,100,7,7
72555,75,70,5,5
72556,84,85,-1,1
72557,120,119,1,1
72558,95,87,8,8
72559,48,52,-4,4
72560,65,60,5,5
72561,59,63,-4,4
72562,85,75,10,10
72563,125,118,7,7
72564,89,84,5,5
72565,92,85,7,7
72566,131,133,-2,2
72567,83,89,-6,6
72568,81,74,7,7
72569,82,70,12,12
72570,66,60,6,6
72571,126,132,-6,6
72572,167,150,17,17
72573,103,107,-4,4
72574,119,117,2,2
72575,133,131,2,2
72576,138,140,-2,2
72577,136,127,9,9
72578,57,59,-2,2
72579,111,109,2,2
72580,75,74,1,1
72581,64,56,8,8
72582,111,114,-3,3
72583,126,123,3,3
72584,147,140,7,7
72585,188,162,26,26
72586,123,59,64,64
72587,87,94,-7,7
72588,77,75,2,2
72589,82,82,0,0
72590,83,81,2,2
72591,69,79,-10,10
72592,136,145,-9,9
72593,53,64,-11,11
72594,81,81,0,0
72595,124,121,3,3
72596,111,104,7,7
72597,120,119,1,1
72598,66,65,1,1
72599,68,62,6,6
72600,147,157,-10,10
72601,193,172,21,21
72602,62,58,4,4
72603,113,110,3,3
72604,83,86,-3,3
72605,114,118,-4,4
72606,138,146,-8,8
72607,63,67,-4,4
72608,153,141,12,12
72609,75,77,-2,2
72610,104,105,-1,1
72611,138,141,-3,3
72612,86,71,15,15
72613,85,83,2,2
72614,132,132,0,0
72615,86,77,9,9
72616,60,65,-5,5
72617,119,110,9,9
72618,233,214,19,19
72619,125,140,-15,15
72620,128,126,2,2
72621,135,137,-2,2
72622,92,84,8,8
72623,134,128,6,6
72624,108,110,-2,2
72625,154,146,8,8
72626,149,146,3,3
72627,112,103,9,9
72628,117,110,7,7
72629,158,159,-1,1
72630,83,75,8,8
72631,92,90,2,2
72632,80,75,5,5
72633,86,88,-2,2
72634,23,30,-7,7
72635,90,88,2,2
72636,129,126,3,3
72637,122,105,17,17
72638,49,54,-5,5
72639,58,61,-3,3
72640,115,96,19,19
72641,92,85,7,7
72642,146,162,-16,16
72643,69,89,-20,20
72644,107,110,-3,3
72645,152,143,9,9
72646,106,105,1,1
72647,78,71,7,7
72648,122,107,15,15
72649,97,106,-9,9
72650,62,58,4,4
72651,125,122,3,3
72652,172,171,1,1
72653,73,69,4,4
72654,88,86,2,2
72655,69,72,-3,3
72656,72,56,16,16
72657,87,88,-1,1
72658,53,64,-11,11
72659,65,64,1,1
72660,117,110,7,7
72661,105,119,-14,14
72662,168,157,11,11
72663,83,95,-12,12
72664,65,62,3,3
72665,108,102,6,6
72666,45,42,3,3
72667,123,110,13,13
72668,62,67,-5,5
72669,69,71,-2,2
72670,65,61,4,4
72671,88,101,-13,13
72672,70,73,-3,3
72673,115,114,1,1
72674,68,61,7,7
72675,109,110,-1,1
72676,117,122,-5,5
72677,68,70,-2,2
72678,93,92,1,1
72679,76,70,6,6
72680,147,140,7,7
72681,124,117,7,7
72682,146,147,-1,1
72683,104,112,-8,8
72684,85,84,1,1
72685,107,88,19,19
72686,131,115,16,16
72687,71,71,0,0
72688,78,63,15,15
72689,69,73,-4,4
72690,124,133,-9,9
72691,101,95,6,6
72692,64,50,14,14
72693,69,69,0,0
72694,60,63,-3,3
72695,97,92,5,5
72696,78,77,1,1
72697,106,132,-26,26
72698,102,99,3,3
72699,102,100,2,2
72700,135,131,4,4
72701,84,92,-8,8
72702,132,124,8,8
72703,81,66,15,15
72704,55,47,8,8
72705,80,76,4,4
72706,89,97,-8,8
72707,218,366,-148,148
72708,68,58,10,10
72709,136,115,21,21
72710,78,71,7,7
72711,66,68,-2,2
72712,115,111,4,4
72713,102,89,13,13
72714,64,60,4,4
72715,32,25,7,7
72716,61,48,13,13
72717,98,102,-4,4
72718,87,72,15,15
72719,75,63,12,12
72720,131,124,7,7
72721,82,100,-18,18
72722,102,91,11,11
72723,68,60,8,8
72724,129,131,-2,2
72725,147,138,9,9
72726,54,51,3,3
72727,95,86,9,9
72728,181,171,10,10
72729,102,109,-7,7
72730,49,63,-14,14
72731,100,89,11,11
72732,72,73,-1,1
72733,137,153,-16,16
72734,57,52,5,5
72735,85,76,9,9
72736,69,67,2,2
72737,44,44,0,0
72738,102,100,2,2
72739,140,131,9,9
72740,59,62,-3,3
72741,59,72,-13,13
72742,67,66,1,1
72743,96,96,0,0
72744,54,50,4,4
72745,81,77,4,4
72746,154,145,9,9
72747,134,144,-10,10
72748,100,77,23,23
72749,104,94,10,10
72750,92,100,-8,8
72751,63,67,-4,4
72752,115,96,19,19
72753,55,60,-5,5
72754,163,152,11,11
72755,122,124,-2,2
72756,106,90,16,16
72757,90,94,-4,4
72758,97,95,2,2
72759,69,62,7,7
72760,86,80,6,6
72761,87,85,2,2
72762,134,121,13,13
72763,83,97,-14,14
72764,96,100,-4,4
72765,75,72,3,3
72766,91,78,13,13
72767,74,66,8,8
72768,105,102,3,3
72769,109,110,-1,1
72770,50,63,-13,13
72771,83,60,23,23
72772,101,90,11,11
72773,98,98,0,0
72774,78,74,4,4
72775,115,97,18,18
72776,151,149,2,2
72777,50,52,-2,2
72778,111,101,10,10
72779,75,79,-4,4
72780,191,188,3,3
72781,82,78,4,4
72782,133,124,9,9
72783,131,126,5,5
72784,69,72,-3,3
72785,112,104,8,8
72786,52,51,1,1
72787,109,122,-13,13
72788,82,92,-10,10
72789,106,108,-2,2
72790,36,45,-9,9
72791,84,77,7,7
72792,103,93,10,10
72793,56,56,0,0
72794,78,80,-2,2
72795,69,66,3,3
72796,67,77,-10,10
72797,83,86,-3,3
72798,103,106,-3,3
72799,84,83,1,1
72800,68,68,0,0
72801,78,77,1,1
72802,118,111,7,7
72803,112,111,1,1
72804,108,107,1,1
72805,113,107,6,6
72806,116,96,20,20
72807,67,60,7,7
72808,110,110,0,0
72809,100,90,10,10
72810,111,101,10,10
72811,82,87,-5,5
72812,157,151,6,6
72813,75,75,0,0
72814,102,103,-1,1
72815,90,92,-2,2
72816,60,57,3,3
72817,88,91,-3,3
72818,96,93,3,3
72819,117,142,-25,25
72820,76,81,-5,5
72821,166,151,15,15
72822,187,162,25,25
72823,73,60,13,13
72824,91,98,-7,7
72825,125,126,-1,1
72826,60,56,4,4
72827,91,86,5,5
72828,99,117,-18,18
72829,80,75,5,5
72830,125,121,4,4
72831,111,108,3,3
72832,54,51,3,3
72833,192,180,12,12
72834,159,147,12,12
72835,71,72,-1,1
72836,80,79,1,1
72837,58,54,4,4
72838,78,63,15,15
72839,146,131,15,15
72840,73,65,8,8
72841,178,161,17,17
72842,94,85,9,9
72843,131,123,8,8
72844,70,61,9,9
72845,126,129,-3,3
72846,84,82,2,2
72847,80,78,2,2
72848,214,196,18,18
72849,111,104,7,7
72850,134,139,-5,5
72851,89,64,25,25
72852,124,146,-22,22
72853,112,103,9,9
72854,94,106,-12,12
72855,110,112,-2,2
72856,143,146,-3,3
72857,70,64,6,6
72858,112,119,-7,7
72859,88,82,6,6
72860,89,78,11,11
72861,78,70,8,8
72862,121,108,13,13
72863,69,70,-1,1
72864,82,73,9,9
72865,137,175,-38,38
72866,116,117,-1,1
72867,169,160,9,9
72868,108,95,13,13
72869,62,51,11,11
72870,66,78,-12,12
72871,126,121,5,5
72872,77,64,13,13
72873,170,159,11,11
72874,48,53,-5,5
72875,123,116,7,7
72876,135,129,6,6
72877,128,127,1,1
72878,108,107,1,1
72879,102,92,10,10
72880,89,89,0,0
72881,68,73,-5,5
72882,83,77,6,6
72883,174,173,1,1
72884,130,118,12,12
72885,176,163,13,13
72886,87,95,-8,8
72887,69,60,9,9
72888,69,72,-3,3
72889,100,79,21,21
72890,164,160,4,4
72891,94,96,-2,2
72892,82,76,6,6
72893,191,184,7,7
72894,99,105,-6,6
72895,78,79,-1,1
72896,68,65,3,3
72897,121,109,12,12
72898,128,125,3,3
72899,149,152,-3,3
72900,164,153,11,11
72901,74,71,3,3
72902,67,61,6,6
72903,59,63,-4,4
72904,100,116,-16,16
72905,62,70,-8,8
72906,100,101,-1,1
72907,79,75,4,4
72908,137,155,-18,18
72909,74,74,0,0
72910,94,91,3,3
72911,119,96,23,23
72912,103,89,14,14
72913,95,90,5,5
72914,60,55,5,5
72915,111,109,2,2
72916,34,33,1,1
72917,78,84,-6,6
72918,97,95,2,2
72919,111,112,-1,1
72920,85,83,2,2
72921,149,134,15,15
72922,90,77,13,13
72923,49,54,-5,5
72924,138,130,8,8
72925,69,61,8,8
72926,79,77,2,2
72927,70,68,2,2
72928,82,79,3,3
72929,79,70,9,9
72930,85,91,-6,6
72931,89,82,7,7
72932,67,68,-1,1
72933,106,116,-10,10
72934,70,77,-7,7
72935,74,80,-6,6
72936,55,59,-4,4
72937,164,165,-1,1
72938,77,73,4,4
72939,57,51,6,6
72940,97,106,-9,9
72941,136,141,-5,5
72942,83,80,3,3
72943,66,65,1,1
72944,92,91,1,1
72945,92,100,-8,8
72946,71,66,5,5
72947,67,76,-9,9
72948,150,137,13,13
72949,69,72,-3,3
72950,132,124,8,8
72951,194,184,10,10
72952,137,133,4,4
72953,68,71,-3,3
72954,90,95,-5,5
72955,113,111,2,2
72956,61,50,11,11
72957,160,149,11,11
72958,149,151,-2,2
72959,48,57,-9,9
72960,128,128,0,0
72961,102,100,2,2
72962,95,96,-1,1
72963,68,65,3,3
72964,164,156,8,8
72965,92,101,-9,9
72966,100,90,10,10
72967,68,72,-4,4
72968,81,81,0,0
72969,87,77,10,10
72970,121,100,21,21
72971,95,97,-2,2
72972,99,81,18,18
72973,59,63,-4,4
72974,140,126,14,14
72975,109,105,4,4
72976,147,144,3,3
72977,84,84,0,0
72978,111,106,5,5
72979,85,86,-1,1
72980,63,67,-4,4
72981,64,62,2,2
72982,75,68,7,7
72983,136,114,22,22
72984,140,144,-4,4
72985,45,49,-4,4
72986,159,163,-4,4
72987,110,99,11,11
72988,54,71,-17,17
72989,129,130,-1,1
72990,170,183,-13,13
72991,111,109,2,2
72992,72,69,3,3
72993,129,122,7,7
72994,67,71,-4,4
72995,159,169,-10,10
72996,60,62,-2,2
72997,91,92,-1,1
72998,126,108,18,18
72999,240,208,32,32
73000,113,110,3,3
73001,85,75,10,10
73002,54,61,-7,7
73003,68,67,1,1
73004,89,84,5,5
73005,142,139,3,3
73006,146,135,11,11
73007,87,85,2,2
73008,122,128,-6,6
73009,81,52,29,29
73010,77,78,-1,1
73011,113,103,10,10
73012,182,182,0,0
73013,111,104,7,7
73014,97,81,16,16
73015,90,81,9,9
73016,149,142,7,7
73017,62,74,-12,12
73018,121,122,-1,1
73019,90,86,4,4
73020,64,65,-1,1
73021,158,155,3,3
73022,89,80,9,9
73023,93,89,4,4
73024,82,75,7,7
73025,80,80,0,0
73026,231,212,19,19
73027,52,55,-3,3
73028,185,172,13,13
73029,125,128,-3,3
73030,116,107,9,9
73031,70,71,-1,1
73032,92,84,8,8
73033,135,143,-8,8
73034,83,86,-3,3
73035,78,80,-2,2
73036,89,87,2,2
73037,98,93,5,5
73038,74,74,0,0
73039,117,116,1,1
73040,65,202,-137,137
73041,80,82,-2,2
73042,82,75,7,7
73043,144,147,-3,3
73044,64,62,2,2
73045,144,143,1,1
73046,46,44,2,2
73047,29,40,-11,11
73048,81,79,2,2
73049,115,115,0,0
73050,99,89,10,10
73051,80,69,11,11
73052,111,105,6,6
73053,113,114,-1,1
73054,119,103,16,16
73055,49,53,-4,4
73056,128,121,7,7
73057,168,158,10,10
73058,52,49,3,3
73059,115,113,2,2
73060,230,196,34,34
73061,113,134,-21,21
73062,66,59,7,7
73063,102,102,0,0
73064,52,51,1,1
73065,94,89,5,5
73066,69,70,-1,1
73067,146,151,-5,5
73068,130,122,8,8
73069,82,77,5,5
73070,51,50,1,1
73071,114,114,0,0
73072,58,68,-10,10
73073,70,72,-2,2
73074,74,68,6,6
73075,75,68,7,7
73076,54,55,-1,1
73077,134,140,-6,6
73078,46,42,4,4
73079,79,76,3,3
73080,66,72,-6,6
73081,114,114,0,0
73082,76,83,-7,7
73083,149,149,0,0
73084,126,122,4,4
73085,91,97,-6,6
73086,56,56,0,0
73087,131,135,-4,4
73088,119,130,-11,11
73089,119,109,10,10
73090,124,123,1,1
73091,142,146,-4,4
73092,215,194,21,21
73093,59,55,4,4
73094,60,65,-5,5
73095,76,80,-4,4
73096,54,55,-1,1
73097,78,80,-2,2
73098,133,142,-9,9
73099,56,52,4,4
73100,79,78,1,1
73101,74,66,8,8
73102,55,68,-13,13
73103,62,54,8,8
73104,47,54,-7,7
73105,112,115,-3,3
73106,112,103,9,9
73107,122,117,5,5
73108,104,98,6,6
73109,81,97,-16,16
73110,76,83,-7,7
73111,61,58,3,3
73112,230,184,46,46
73113,87,81,6,6
73114,94,86,8,8
73115,83,75,8,8
73116,154,130,24,24
73117,140,129,11,11
73118,81,82,-1,1
73119,78,75,3,3
73120,112,104,8,8
73121,133,124,9,9
73122,72,71,1,1
73123,150,108,42,42
73124,133,136,-3,3
73125,74,63,11,11
73126,122,126,-4,4
73127,90,85,5,5
73128,69,61,8,8
73129,75,76,-1,1
73130,50,56,-6,6
73131,135,131,4,4
73132,126,123,3,3
73133,68,83,-15,15
73134,88,86,2,2
73135,78,88,-10,10
73136,55,55,0,0
73137,94,98,-4,4
73138,57,57,0,0
73139,70,70,0,0
73140,150,147,3,3
73141,67,68,-1,1
73142,78,83,-5,5
73143,82,71,11,11
73144,123,130,-7,7
73145,75,67,8,8
73146,151,155,-4,4
73147,79,77,2,2
73148,116,103,13,13
73149,89,82,7,7
73150,143,138,5,5
73151,94,95,-1,1
73152,94,89,5,5
73153,81,88,-7,7
73154,77,81,-4,4
73155,85,82,3,3
73156,104,97,7,7
73157,58,59,-1,1
73158,76,79,-3,3
73159,72,66,6,6
73160,90,80,10,10
73161,126,133,-7,7
73162,81,79,2,2
73163,113,112,1,1
73164,72,78,-6,6
73165,111,120,-9,9
73166,94,88,6,6
73167,77,69,8,8
73168,76,63,13,13
73169,91,84,7,7
73170,84,79,5,5
73171,50,54,-4,4
73172,111,114,-3,3
73173,160,151,9,9
73174,90,81,9,9
73175,165,177,-12,12
73176,153,139,14,14
73177,38,47,-9,9
73178,76,87,-11,11
73179,73,70,3,3
73180,99,101,-2,2
73181,64,61,3,3
73182,148,136,12,12
73183,146,143,3,3
73184,86,87,-1,1
73185,70,66,4,4
73186,74,67,7,7
73187,102,98,4,4
73188,76,59,17,17
73189,115,118,-3,3
73190,111,109,2,2
73191,67,71,-4,4
73192,120,132,-12,12
73193,72,67,5,5
73194,93,85,8,8
73195,256,229,27,27
73196,157,154,3,3
73197,70,67,3,3
73198,95,100,-5,5
73199,99,99,0,0
73200,94,91,3,3
73201,81,71,10,10
73202,102,99,3,3
73203,107,105,2,2
73204,137,127,10,10
73205,91,90,1,1
73206,90,87,3,3
73207,68,62,6,6
73208,59,56,3,3
73209,86,84,2,2
73210,118,134,-16,16
73211,197,196,1,1
73212,55,49,6,6
73213,82,76,6,6
73214,96,99,-3,3
73215,88,86,2,2
73216,72,86,-14,14
73217,56,64,-8,8
73218,110,97,13,13
73219,75,70,5,5
73220,107,122,-15,15
73221,100,103,-3,3
73222,137,128,9,9
73223,76,79,-3,3
73224,174,169,5,5
73225,101,103,-2,2
73226,85,88,-3,3
73227,53,54,-1,1
73228,108,91,17,17
73229,82,74,8,8
73230,84,92,-8,8
73231,92,94,-2,2
73232,125,140,-15,15
73233,93,101,-8,8
73234,54,56,-2,2
73235,113,106,7,7
73236,196,197,-1,1
73237,71,70,1,1
73238,75,70,5,5
73239,46,54,-8,8
73240,107,111,-4,4
73241,82,82,0,0
73242,88,104,-16,16
73243,57,51,6,6
73244,153,149,4,4
73245,131,131,0,0
73246,111,122,-11,11
73247,136,133,3,3
73248,58,63,-5,5
73249,85,87,-2,2
73250,98,81,17,17
73251,80,79,1,1
73252,82,88,-6,6
73253,74,60,14,14
73254,135,123,12,12
73255,88,85,3,3
73256,27,39,-12,12
73257,60,64,-4,4
73258,82,78,4,4
73259,176,180,-4,4
73260,163,128,35,35
73261,130,131,-1,1
73262,120,117,3,3
73263,143,112,31,31
73264,138,146,-8,8
73265,88,80,8,8
73266,125,123,2,2
73267,81,75,6,6
73268,56,52,4,4
73269,70,67,3,3
73270,59,61,-2,2
73271,117,120,-3,3
73272,35,45,-10,10
73273,115,94,21,21
73274,59,58,1,1
73275,88,80,8,8
73276,124,131,-7,7
73277,110,98,12,12
73278,118,110,8,8
73279,103,89,14,14
73280,121,125,-4,4
73281,78,77,1,1
73282,69,67,2,2
73283,129,122,7,7
73284,75,63,12,12
73285,54,49,5,5
73286,185,166,19,19
73287,105,99,6,6
73288,65,61,4,4
73289,145,133,12,12
73290,134,130,4,4
73291,102,93,9,9
73292,75,70,5,5
73293,106,97,9,9
73294,122,122,0,0
73295,42,48,-6,6
73296,144,156,-12,12
73297,104,95,9,9
73298,117,117,0,0
73299,69,64,5,5
73300,63,79,-16,16
73301,184,152,32,32
73302,96,96,0,0
73303,86,76,10,10
73304,98,101,-3,3
73305,78,78,0,0
73306,91,82,9,9
73307,53,50,3,3
73308,79,71,8,8
73309,141,131,10,10
73310,82,76,6,6
73311,49,49,0,0
73312,109,105,4,4
73313,61,62,-1,1
73314,90,94,-4,4
73315,61,55,6,6
73316,94,105,-11,11
73317,134,136,-2,2
73318,65,69,-4,4
73319,136,121,15,15
73320,164,160,4,4
73321,98,100,-2,2
73322,83,77,6,6
73323,40,45,-5,5
73324,67,81,-14,14
73325,90,89,1,1
73326,62,54,8,8
73327,60,54,6,6
73328,115,103,12,12
73329,135,139,-4,4
73330,75,74,1,1
73331,35,56,-21,21
73332,94,102,-8,8
73333,113,104,9,9
73334,133,130,3,3
73335,103,68,35,35
73336,108,101,7,7
73337,65,71,-6,6
73338,67,55,12,12
73339,121,115,6,6
73340,89,99,-10,10
73341,69,62,7,7
73342,128,125,3,3
73343,99,89,10,10
73344,100,98,2,2
73345,88,74,14,14
73346,160,163,-3,3
73347,94,88,6,6
73348,111,115,-4,4
73349,83,72,11,11
73350,51,58,-7,7
73351,126,120,6,6
73352,150,137,13,13
73353,57,53,4,4
73354,63,66,-3,3
73355,112,117,-5,5
73356,196,188,8,8
73357,71,68,3,3
73358,152,146,6,6
73359,87,83,4,4
73360,59,62,-3,3
73361,144,138,6,6
73362,122,115,7,7
73363,61,62,-1,1
73364,99,105,-6,6
73365,74,54,20,20
73366,68,72,-4,4
73367,92,92,0,0
73368,147,151,-4,4
73369,114,107,7,7
73370,64,66,-2,2
73371,92,77,15,15
73372,85,76,9,9
73373,100,89,11,11
73374,142,126,16,16
73375,34,44,-10,10
73376,107,96,11,11
73377,110,103,7,7
73378,154,141,13,13
73379,69,76,-7,7
73380,91,100,-9,9
73381,124,105,19,19
73382,71,68,3,3
73383,61,57,4,4
73384,110,106,4,4
73385,86,93,-7,7
73386,143,135,8,8
73387,65,59,6,6
73388,82,73,9,9
73389,90,91,-1,1
73390,156,162,-6,6
73391,177,176,1,1
73392,108,113,-5,5
73393,100,112,-12,12
73394,60,63,-3,3
73395,81,91,-10,10
73396,99,99,0,0
73397,63,79,-16,16
73398,87,88,-1,1
73399,53,54,-1,1
73400,47,51,-4,4
73401,65,70,-5,5
73402,79,67,12,12
73403,65,61,4,4
73404,99,99,0,0
73405,61,58,3,3
73406,101,109,-8,8
73407,75,65,10,10
73408,99,108,-9,9
73409,84,73,11,11
73410,130,122,8,8
73411,147,129,18,18
73412,103,100,3,3
73413,48,50,-2,2
73414,88,87,1,1
73415,115,106,9,9
73416,81,82,-1,1
73417,69,75,-6,6
73418,144,150,-6,6
73419,103,100,3,3
73420,84,78,6,6
73421,175,184,-9,9
73422,133,121,12,12
73423,88,91,-3,3
73424,112,113,-1,1
73425,98,97,1,1
73426,79,71,8,8
73427,65,60,5,5
73428,75,87,-12,12
73429,101,104,-3,3
73430,44,53,-9,9
73431,89,84,5,5
73432,107,106,1,1
73433,85,89,-4,4
73434,42,52,-10,10
73435,86,106,-20,20
73436,92,83,9,9
73437,70,71,-1,1
73438,79,80,-1,1
73439,39,59,-20,20
73440,90,89,1,1
73441,126,116,10,10
73442,116,112,4,4
73443,69,71,-2,2
73444,51,54,-3,3
73445,107,101,6,6
73446,88,89,-1,1
73447,104,93,11,11
73448,81,65,16,16
73449,78,72,6,6
73450,87,92,-5,5
73451,63,76,-13,13
73452,92,91,1,1
73453,125,135,-10,10
73454,113,109,4,4
73455,50,53,-3,3
73456,71,71,0,0
73457,78,80,-2,2
73458,65,59,6,6
73459,145,137,8,8
73460,64,57,7,7
73461,83,76,7,7
73462,162,149,13,13
73463,84,84,0,0
73464,149,151,-2,2
73465,68,64,4,4
73466,84,83,1,1
73467,74,60,14,14
73468,106,108,-2,2
73469,87,92,-5,5
73470,102,118,-16,16
73471,142,119,23,23
73472,159,152,7,7
73473,49,58,-9,9
73474,133,139,-6,6
73475,89,87,2,2
73476,47,54,-7,7
73477,111,119,-8,8
73478,79,72,7,7
73479,108,111,-3,3
73480,58,64,-6,6
73481,111,114,-3,3
73482,46,56,-10,10
73483,69,62,7,7
73484,144,141,3,3
73485,122,114,8,8
73486,114,114,0,0
73487,60,56,4,4
73488,75,76,-1,1
73489,79,76,3,3
73490,97,102,-5,5
73491,177,177,0,0
73492,111,100,11,11
73493,35,47,-12,12
73494,133,115,18,18
73495,58,59,-1,1
73496,114,99,15,15
73497,80,79,1,1
73498,133,109,24,24
73499,116,117,-1,1
73500,88,67,21,21
73501,126,116,10,10
73502,135,124,11,11
73503,85,90,-5,5
73504,154,150,4,4
73505,118,114,4,4
73506,92,86,6,6
73507,146,147,-1,1
73508,63,59,4,4
73509,77,98,-21,21
73510,113,109,4,4
73511,110,135,-25,25
73512,63,68,-5,5
73513,78,58,20,20
73514,130,121,9,9
73515,64,59,5,5
73516,81,85,-4,4
73517,75,62,13,13
73518,41,54,-13,13
73519,139,131,8,8
73520,60,59,1,1
73521,81,81,0,0
73522,108,99,9,9
73523,102,92,10,10
73524,63,68,-5,5
73525,111,109,2,2
73526,42,47,-5,5
73527,93,90,3,3
73528,106,118,-12,12
73529,92,85,7,7
73530,87,82,5,5
73531,100,96,4,4
73532,73,76,-3,3
73533,65,56,9,9
73534,84,97,-13,13
73535,158,162,-4,4
73536,73,62,11,11
73537,116,123,-7,7
73538,79,86,-7,7
73539,114,112,2,2
73540,108,108,0,0
73541,89,88,1,1
73542,65,75,-10,10
73543,123,119,4,4
73544,70,70,0,0
73545,58,55,3,3
73546,61,62,-1,1
73547,118,132,-14,14
73548,91,92,-1,1
73549,82,88,-6,6
73550,42,58,-16,16
73551,43,39,4,4
73552,144,133,11,11
73553,60,72,-12,12
73554,29,50,-21,21
73555,111,105,6,6
73556,69,61,8,8
73557,192,175,17,17
73558,88,104,-16,16
73559,64,65,-1,1
73560,131,132,-1,1
73561,107,111,-4,4
73562,95,103,-8,8
73563,70,74,-4,4
73564,51,51,0,0
73565,195,190,5,5
73566,77,73,4,4
73567,117,125,-8,8
73568,87,74,13,13
73569,46,50,-4,4
73570,71,66,5,5
73571,65,59,6,6
73572,171,179,-8,8
73573,106,101,5,5
73574,82,79,3,3
73575,130,122,8,8
73576,58,56,2,2
73577,105,111,-6,6
73578,121,128,-7,7
73579,148,161,-13,13
73580,87,84,3,3
73581,98,100,-2,2
73582,74,77,-3,3
73583,138,134,4,4
73584,95,95,0,0
73585,104,108,-4,4
73586,64,58,6,6
73587,74,71,3,3
73588,126,104,22,22
73589,93,102,-9,9
73590,80,76,4,4
73591,62,64,-2,2
73592,56,58,-2,2
73593,91,91,0,0
73594,202,190,12,12
73595,97,102,-5,5
73596,109,114,-5,5
73597,62,60,2,2
73598,156,155,1,1
73599,62,54,8,8
73600,156,161,-5,5
73601,60,66,-6,6
73602,67,65,2,2
73603,109,111,-2,2
73604,129,118,11,11
73605,126,117,9,9
73606,141,133,8,8
73607,117,100,17,17
73608,167,162,5,5
73609,123,128,-5,5
73610,127,120,7,7
73611,70,60,10,10
73612,67,71,-4,4
73613,93,90,3,3
73614,79,77,2,2
73615,80,92,-12,12
73616,81,80,1,1
73617,77,79,-2,2
73618,57,62,-5,5
73619,125,140,-15,15
73620,137,131,6,6
73621,98,102,-4,4
73622,76,67,9,9
73623,99,84,15,15
73624,88,85,3,3
73625,71,59,12,12
73626,85,79,6,6
73627,93,100,-7,7
73628,112,95,17,17
73629,63,61,2,2
73630,79,85,-6,6
73631,90,84,6,6
73632,71,68,3,3
73633,67,89,-22,22
73634,147,129,18,18
73635,57,74,-17,17
73636,61,59,2,2
73637,100,92,8,8
73638,79,78,1,1
73639,136,103,33,33
73640,88,88,0,0
73641,67,64,3,3
73642,173,171,2,2
73643,111,102,9,9
73644,96,77,19,19
73645,91,81,10,10
73646,90,78,12,12
73647,93,87,6,6
73648,99,99,0,0
73649,57,52,5,5
73650,71,66,5,5
73651,165,157,8,8
73652,91,101,-10,10
73653,59,55,4,4
73654,103,99,4,4
73655,72,71,1,1
73656,95,95,0,0
73657,86,71,15,15
73658,142,112,30,30
73659,92,86,6,6
73660,86,92,-6,6
73661,143,130,13,13
73662,37,49,-12,12
73663,66,69,-3,3
73664,121,115,6,6
73665,89,105,-16,16
73666,54,73,-19,19
73667,64,58,6,6
73668,48,48,0,0
73669,33,43,-10,10
73670,154,146,8,8
73671,55,57,-2,2
73672,85,79,6,6
73673,68,68,0,0
73674,88,83,5,5
73675,61,67,-6,6
73676,123,117,6,6
73677,98,105,-7,7
73678,161,162,-1,1
73679,53,59,-6,6
73680,68,70,-2,2
73681,131,127,4,4
73682,100,92,8,8
73683,64,58,6,6
73684,109,115,-6,6
73685,87,86,1,1
73686,78,70,8,8
73687,56,67,-11,11
73688,96,90,6,6
73689,104,89,15,15
73690,94,94,0,0
73691,66,76,-10,10
73692,106,97,9,9
73693,132,142,-10,10
73694,142,118,24,24
73695,112,127,-15,15
73696,104,76,28,28
73697,129,137,-8,8
73698,107,102,5,5
73699,137,147,-10,10
73700,81,83,-2,2
73701,57,49,8,8
73702,126,118,8,8
73703,57,62,-5,5
73704,141,133,8,8
73705,94,85,9,9
73706,56,60,-4,4
73707,100,89,11,11
73708,65,70,-5,5
73709,153,148,5,5
73710,106,101,5,5
73711,65,69,-4,4
73712,89,89,0,0
73713,69,59,10,10
73714,172,168,4,4
73715,74,74,0,0
73716,55,61,-6,6
73717,95,92,3,3
73718,80,79,1,1
73719,72,71,1,1
73720,69,66,3,3
73721,77,78,-1,1
73722,136,128,8,8
73723,60,63,-3,3
73724,106,90,16,16
73725,98,90,8,8
73726,113,111,2,2
73727,66,71,-5,5
73728,117,112,5,5
73729,75,71,4,4
73730,123,126,-3,3
73731,54,51,3,3
73732,157,165,-8,8
73733,100,92,8,8
73734,74,75,-1,1
73735,61,60,1,1
73736,72,71,1,1
73737,81,75,6,6
73738,138,147,-9,9
73739,137,143,-6,6
73740,163,144,19,19
73741,65,79,-14,14
73742,130,127,3,3
73743,68,70,-2,2
73744,97,91,6,6
73745,167,156,11,11
73746,93,77,16,16
73747,63,62,1,1
73748,91,87,4,4
73749,174,163,11,11
73750,138,130,8,8
73751,75,73,2,2
73752,129,141,-12,12
73753,116,103,13,13
73754,47,47,0,0
73755,116,93,23,23
73756,103,95,8,8
73757,112,106,6,6
73758,133,123,10,10
73759,55,60,-5,5
73760,75,72,3,3
73761,53,55,-2,2
73762,88,92,-4,4
73763,132,123,9,9
73764,35,36,-1,1
73765,45,61,-16,16
73766,67,72,-5,5
73767,124,112,12,12
73768,148,137,11,11
73769,138,130,8,8
73770,98,92,6,6
73771,81,83,-2,2
73772,54,55,-1,1
73773,35,36,-1,1
73774,69,67,2,2
73775,66,63,3,3
73776,116,112,4,4
73777,86,82,4,4
73778,95,98,-3,3
73779,95,95,0,0
73780,61,59,2,2
73781,79,72,7,7
73782,74,83,-9,9
73783,117,119,-2,2
73784,63,63,0,0
73785,138,118,20,20
73786,125,132,-7,7
73787,95,92,3,3
73788,66,63,3,3
73789,53,53,0,0
73790,83,77,6,6
73791,60,65,-5,5
73792,52,51,1,1
73793,55,52,3,3
73794,100,104,-4,4
73795,91,101,-10,10
73796,87,86,1,1
73797,63,55,8,8
73798,122,89,33,33
73799,75,69,6,6
73800,57,66,-9,9
73801,55,56,-1,1
73802,110,100,10,10
73803,88,91,-3,3
73804,155,165,-10,10
73805,96,102,-6,6
73806,81,70,11,11
73807,102,95,7,7
73808,141,127,14,14
73809,105,99,6,6
73810,68,66,2,2
73811,80,75,5,5
73812,94,103,-9,9
73813,60,58,2,2
73814,107,90,17,17
73815,112,111,1,1
73816,92,87,5,5
73817,86,72,14,14
73818,131,106,25,25
73819,62,56,6,6
73820,146,147,-1,1
73821,67,75,-8,8
73822,77,82,-5,5
73823,101,106,-5,5
73824,80,87,-7,7
73825,97,84,13,13
73826,140,130,10,10
73827,128,134,-6,6
73828,108,98,10,10
73829,91,94,-3,3
73830,91,88,3,3
73831,87,79,8,8
73832,151,130,21,21
73833,91,99,-8,8
73834,161,147,14,14
73835,60,68,-8,8
73836,135,129,6,6
73837,73,78,-5,5
73838,88,90,-2,2
73839,71,66,5,5
73840,80,82,-2,2
73841,50,51,-1,1
73842,106,97,9,9
73843,66,58,8,8
73844,90,91,-1,1
73845,122,122,0,0
73846,99,95,4,4
73847,73,79,-6,6
73848,60,63,-3,3
73849,63,59,4,4
73850,105,107,-2,2
73851,34,37,-3,3
73852,74,80,-6,6
73853,122,115,7,7
73854,123,106,17,17
73855,66,58,8,8
73856,122,118,4,4
73857,114,102,12,12
73858,165,164,1,1
73859,139,153,-14,14
73860,58,50,8,8
73861,70,70,0,0
73862,71,63,8,8
73863,158,183,-25,25
73864,66,56,10,10
73865,166,136,30,30
73866,129,131,-2,2
73867,91,93,-2,2
73868,109,131,-22,22
73869,118,129,-11,11
73870,90,89,1,1
73871,125,113,12,12
73872,94,90,4,4
73873,107,102,5,5
73874,144,107,37,37
73875,83,78,5,5
73876,71,68,3,3
73877,93,92,1,1
73878,103,101,2,2
73879,78,75,3,3
73880,33,76,-43,43
73881,44,82,-38,38
73882,129,120,9,9
73883,210,198,12,12
73884,98,82,16,16
73885,60,79,-19,19
73886,110,100,10,10
73887,56,64,-8,8
73888,149,135,14,14
73889,86,83,3,3
73890,101,93,8,8
73891,80,66,14,14
73892,96,92,4,4
73893,66,74,-8,8
73894,73,72,1,1
73895,87,70,17,17
73896,73,62,11,11
73897,96,89,7,7
73898,36,47,-11,11
73899,171,206,-35,35
73900,125,128,-3,3
73901,82,85,-3,3
73902,79,77,2,2
73903,148,137,11,11
73904,137,134,3,3
73905,82,77,5,5
73906,72,94,-22,22
73907,57,55,2,2
73908,162,162,0,0
73909,148,136,12,12
73910,82,73,9,9
73911,76,78,-2,2
73912,72,63,9,9
73913,42,40,2,2
73914,102,103,-1,1
73915,61,62,-1,1
73916,107,108,-1,1
73917,72,68,4,4
73918,117,117,0,0
73919,70,67,3,3
73920,60,58,2,2
73921,110,90,20,20
73922,94,98,-4,4
73923,121,131,-10,10
73924,102,101,1,1
73925,61,54,7,7
73926,69,70,-1,1
73927,51,51,0,0
73928,113,114,-1,1
73929,148,177,-29,29
73930,129,100,29,29
73931,60,61,-1,1
73932,82,100,-18,18
73933,149,136,13,13
73934,64,57,7,7
73935,95,94,1,1
73936,105,93,12,12
73937,129,126,3,3
73938,140,140,0,0
73939,143,148,-5,5
73940,67,62,5,5
73941,81,79,2,2
73942,131,124,7,7
73943,61,59,2,2
73944,95,91,4,4
73945,121,115,6,6
73946,96,84,12,12
73947,159,138,21,21
73948,51,49,2,2
73949,72,75,-3,3
73950,83,77,6,6
73951,114,113,1,1
73952,90,87,3,3
73953,72,62,10,10
73954,88,81,7,7
73955,149,138,11,11
73956,69,57,12,12
73957,67,68,-1,1
73958,65,68,-3,3
73959,119,123,-4,4
73960,146,134,12,12
73961,75,88,-13,13
73962,175,158,17,17
73963,109,112,-3,3
73964,80,76,4,4
73965,99,94,5,5
73966,137,136,1,1
73967,77,91,-14,14
73968,44,73,-29,29
73969,96,102,-6,6
73970,55,59,-4,4
73971,113,108,5,5
73972,108,106,2,2
73973,55,52,3,3
73974,138,126,12,12
73975,74,69,5,5
73976,69,70,-1,1
73977,131,132,-1,1
73978,129,164,-35,35
73979,103,96,7,7
73980,50,52,-2,2
73981,90,94,-4,4
73982,42,37,5,5
73983,140,154,-14,14
73984,76,98,-22,22
73985,113,105,8,8
73986,43,52,-9,9
73987,73,81,-8,8
73988,116,113,3,3
73989,112,118,-6,6
73990,126,125,1,1
73991,98,93,5,5
73992,83,82,1,1
73993,51,64,-13,13
73994,73,90,-17,17
73995,220,194,26,26
73996,72,86,-14,14
73997,63,65,-2,2
73998,107,106,1,1
73999,90,79,11,11
74000,50,64,-14,14
74001,100,93,7,7
74002,126,124,2,2
74003,73,64,9,9
74004,88,90,-2,2
74005,65,76,-11,11
74006,73,66,7,7
74007,83,86,-3,3
74008,118,123,-5,5
74009,77,70,7,7
74010,175,167,8,8
74011,101,91,10,10
74012,72,67,5,5
74013,84,83,1,1
74014,320,348,-28,28
74015,86,99,-13,13
74016,48,50,-2,2
74017,82,70,12,12
74018,111,96,15,15
74019,83,88,-5,5
74020,105,102,3,3
74021,87,94,-7,7
74022,92,90,2,2
74023,106,92,14,14
74024,179,180,-1,1
74025,123,109,14,14
74026,68,75,-7,7
74027,52,56,-4,4
74028,155,133,22,22
74029,97,111,-14,14
74030,78,77,1,1
74031,52,51,1,1
74032,62,65,-3,3
74033,92,96,-4,4
74034,113,110,3,3
74035,141,137,4,4
74036,66,65,1,1
74037,97,83,14,14
74038,80,99,-19,19
74039,71,83,-12,12
74040,117,111,6,6
74041,202,192,10,10
74042,89,80,9,9
74043,65,67,-2,2
74044,83,88,-5,5
74045,151,147,4,4
74046,68,57,11,11
74047,84,95,-11,11
74048,114,107,7,7
74049,67,64,3,3
74050,48,49,-1,1
74051,108,109,-1,1
74052,159,130,29,29
74053,84,77,7,7
74054,153,139,14,14
74055,52,68,-16,16
74056,159,161,-2,2
74057,118,123,-5,5
74058,83,88,-5,5
74059,50,50,0,0
74060,125,123,2,2
74061,41,110,-69,69
74062,62,70,-8,8
74063,85,75,10,10
74064,133,132,1,1
74065,129,119,10,10
74066,97,82,15,15
74067,102,105,-3,3
74068,23,37,-14,14
74069,74,73,1,1
74070,41,51,-10,10
74071,108,112,-4,4
74072,104,102,2,2
74073,108,94,14,14
74074,97,87,10,10
74075,74,80,-6,6
74076,94,95,-1,1
74077,78,67,11,11
74078,117,122,-5,5
74079,119,120,-1,1
74080,60,52,8,8
74081,86,74,12,12
74082,84,81,3,3
74083,72,70,2,2
74084,93,90,3,3
74085,72,64,8,8
74086,156,143,13,13
74087,73,75,-2,2
74088,108,113,-5,5
74089,126,145,-19,19
74090,93,89,4,4
74091,79,70,9,9
74092,181,163,18,18
74093,83,72,11,11
74094,119,111,8,8
74095,71,65,6,6
74096,77,68,9,9
74097,104,117,-13,13
74098,72,75,-3,3
74099,68,68,0,0
74100,98,94,4,4
74101,57,74,-17,17
74102,80,93,-13,13
74103,73,79,-6,6
74104,191,179,12,12
74105,100,89,11,11
74106,132,116,16,16
74107,40,38,2,2
74108,54,49,5,5
74109,154,156,-2,2
74110,139,132,7,7
74111,107,103,4,4
74112,128,123,5,5
74113,133,127,6,6
74114,83,74,9,9
74115,63,93,-30,30
74116,81,78,3,3
74117,163,158,5,5
74118,109,103,6,6
74119,63,58,5,5
74120,90,89,1,1
74121,81,88,-7,7
74122,66,58,8,8
74123,120,128,-8,8
74124,89,79,10,10
74125,67,63,4,4
74126,85,87,-2,2
74127,78,76,2,2
74128,75,75,0,0
74129,198,191,7,7
74130,92,95,-3,3
74131,118,113,5,5
74132,57,59,-2,2
74133,155,161,-6,6
74134,86,78,8,8
74135,67,57,10,10
74136,178,151,27,27
74137,68,70,-2,2
74138,85,82,3,3
74139,79,79,0,0
74140,93,84,9,9
74141,50,52,-2,2
74142,58,61,-3,3
74143,104,108,-4,4
74144,100,89,11,11
74145,201,189,12,12
74146,105,109,-4,4
74147,105,113,-8,8
74148,90,94,-4,4
74149,68,89,-21,21
74150,74,72,2,2
74151,60,56,4,4
74152,59,72,-13,13
74153,97,109,-12,12
74154,87,78,9,9
74155,55,58,-3,3
74156,111,100,11,11
74157,119,107,12,12
74158,115,118,-3,3
74159,59,54,5,5
74160,61,58,3,3
74161,30,54,-24,24
74162,96,85,11,11
74163,131,108,23,23
74164,183,178,5,5
74165,161,166,-5,5
74166,146,147,-1,1
74167,200,186,14,14
74168,100,98,2,2
74169,114,113,1,1
74170,108,109,-1,1
74171,73,66,7,7
74172,75,68,7,7
74173,72,66,6,6
74174,143,152,-9,9
74175,101,87,14,14
74176,66,68,-2,2
74177,164,147,17,17
74178,85,86,-1,1
74179,88,79,9,9
74180,98,99,-1,1
74181,54,93,-39,39
74182,95,99,-4,4
74183,64,64,0,0
74184,144,141,3,3
74185,105,102,3,3
74186,102,105,-3,3
74187,114,90,24,24
74188,54,59,-5,5
74189,112,104,8,8
74190,181,170,11,11
74191,110,99,11,11
74192,75,62,13,13
74193,51,60,-9,9
74194,98,89,9,9
74195,85,89,-4,4
74196,54,57,-3,3
74197,57,58,-1,1
74198,77,90,-13,13
74199,66,79,-13,13
74200,84,80,4,4
74201,102,105,-3,3
74202,124,128,-4,4
74203,129,128,1,1
74204,195,196,-1,1
74205,111,111,0,0
74206,109,111,-2,2
74207,68,60,8,8
74208,57,50,7,7
74209,76,84,-8,8
74210,99,94,5,5
74211,78,82,-4,4
74212,124,123,1,1
74213,83,75,8,8
74214,82,81,1,1
74215,73,77,-4,4
74216,66,70,-4,4
74217,102,98,4,4
74218,107,118,-11,11
74219,101,94,7,7
74220,119,122,-3,3
74221,120,125,-5,5
74222,69,69,0,0
74223,80,96,-16,16
74224,113,106,7,7
74225,63,60,3,3
74226,94,87,7,7
74227,146,153,-7,7
74228,109,105,4,4
74229,117,105,12,12
74230,66,66,0,0
74231,151,122,29,29
74232,60,53,7,7
74233,146,155,-9,9
74234,135,128,7,7
74235,90,79,11,11
74236,48,60,-12,12
74237,71,59,12,12
74238,155,152,3,3
74239,86,77,9,9
74240,111,121,-10,10
74241,96,87,9,9
74242,137,158,-21,21
74243,81,91,-10,10
74244,60,61,-1,1
74245,83,99,-16,16
74246,106,111,-5,5
74247,67,72,-5,5
74248,52,53,-1,1
74249,104,96,8,8
74250,73,75,-2,2
74251,87,62,25,25
74252,148,151,-3,3
74253,77,66,11,11
74254,92,93,-1,1
74255,201,191,10,10
74256,50,52,-2,2
74257,149,147,2,2
74258,150,131,19,19
74259,89,88,1,1
74260,131,122,9,9
74261,73,64,9,9
74262,83,82,1,1
74263,155,154,1,1
74264,80,66,14,14
74265,128,123,5,5
74266,59,59,0,0
74267,85,94,-9,9
74268,87,97,-10,10
74269,85,79,6,6
74270,72,63,9,9
74271,72,75,-3,3
74272,56,57,-1,1
74273,127,127,0,0
74274,73,72,1,1
74275,94,81,13,13
74276,72,65,7,7
74277,48,45,3,3
74278,130,114,16,16
74279,103,86,17,17
74280,96,77,19,19
74281,140,123,17,17
74282,63,67,-4,4
74283,61,65,-4,4
74284,78,67,11,11
74285,75,71,4,4
74286,81,77,4,4
74287,79,81,-2,2
74288,94,95,-1,1
74289,117,114,3,3
74290,59,54,5,5
74291,84,73,11,11
74292,149,144,5,5
74293,109,97,12,12
74294,46,54,-8,8
74295,131,121,10,10
74296,118,111,7,7
74297,83,93,-10,10
74298,68,83,-15,15
74299,70,81,-11,11
74300,49,53,-4,4
74301,73,73,0,0
74302,132,134,-2,2
74303,93,81,12,12
74304,159,156,3,3
74305,107,107,0,0
74306,185,171,14,14
74307,143,145,-2,2
74308,60,61,-1,1
74309,78,80,-2,2
74310,106,107,-1,1
74311,98,95,3,3
74312,101,90,11,11
74313,39,56,-17,17
74314,104,108,-4,4
74315,51,68,-17,17
74316,88,75,13,13
74317,83,75,8,8
74318,116,131,-15,15
74319,59,66,-7,7
74320,88,77,11,11
74321,206,180,26,26
74322,147,124,23,23
74323,40,47,-7,7
74324,45,54,-9,9
74325,89,91,-2,2
74326,146,140,6,6
74327,76,77,-1,1
74328,92,67,25,25
74329,35,46,-11,11
74330,77,82,-5,5
74331,104,116,-12,12
74332,97,84,13,13
74333,135,127,8,8
74334,63,63,0,0
74335,54,52,2,2
74336,117,126,-9,9
74337,79,72,7,7
74338,64,67,-3,3
74339,63,62,1,1
74340,63,62,1,1
74341,80,75,5,5
74342,136,129,7,7
74343,106,87,19,19
74344,76,72,4,4
74345,80,72,8,8
74346,126,110,16,16
74347,96,89,7,7
74348,56,60,-4,4
74349,124,128,-4,4
74350,137,139,-2,2
74351,63,73,-10,10
74352,59,69,-10,10
74353,102,102,0,0
74354,41,48,-7,7
74355,84,83,1,1
74356,99,102,-3,3
74357,108,120,-12,12
74358,125,124,1,1
74359,115,112,3,3
74360,84,83,1,1
74361,100,103,-3,3
74362,128,130,-2,2
74363,60,59,1,1
74364,77,79,-2,2
74365,63,59,4,4
74366,90,88,2,2
74367,64,71,-7,7
74368,61,57,4,4
74369,99,107,-8,8
74370,97,97,0,0
74371,65,61,4,4
74372,99,106,-7,7
74373,181,166,15,15
74374,83,80,3,3
74375,102,103,-1,1
74376,136,147,-11,11
74377,56,58,-2,2
74378,132,126,6,6
74379,76,72,4,4
74380,101,97,4,4
74381,110,92,18,18
74382,51,52,-1,1
74383,60,63,-3,3
74384,127,131,-4,4
74385,81,112,-31,31
74386,59,52,7,7
74387,82,76,6,6
74388,103,98,5,5
74389,99,96,3,3
74390,50,42,8,8
74391,85,99,-14,14
74392,67,57,10,10
74393,125,122,3,3
74394,93,86,7,7
74395,116,113,3,3
74396,68,74,-6,6
74397,77,77,0,0
74398,95,90,5,5
74399,59,61,-2,2
74400,111,99,12,12
74401,79,81,-2,2
74402,84,88,-4,4
74403,89,97,-8,8
74404,164,159,5,5
74405,72,68,4,4
74406,78,83,-5,5
74407,149,156,-7,7
74408,95,76,19,19
74409,85,73,12,12
74410,96,96,0,0
74411,72,59,13,13
74412,112,99,13,13
74413,77,84,-7,7
74414,40,47,-7,7
74415,110,109,1,1
74416,59,69,-10,10
74417,107,100,7,7
74418,66,76,-10,10
74419,87,81,6,6
74420,72,65,7,7
74421,85,90,-5,5
74422,49,49,0,0
74423,72,81,-9,9
74424,156,172,-16,16
74425,75,55,20,20
74426,83,65,18,18
74427,107,99,8,8
74428,97,87,10,10
74429,108,93,15,15
74430,89,72,17,17
74431,103,118,-15,15
74432,133,129,4,4
74433,56,53,3,3
74434,77,75,2,2
74435,88,89,-1,1
74436,106,116,-10,10
74437,134,137,-3,3
74438,81,82,-1,1
74439,126,123,3,3
74440,69,66,3,3
74441,120,161,-41,41
74442,121,133,-12,12
74443,62,65,-3,3
74444,85,76,9,9
74445,93,81,12,12
74446,111,111,0,0
74447,99,117,-18,18
74448,50,50,0,0
74449,98,99,-1,1
74450,83,70,13,13
74451,94,102,-8,8
74452,144,143,1,1
74453,49,61,-12,12
74454,46,42,4,4
74455,87,91,-4,4
74456,80,88,-8,8
74457,150,124,26,26
74458,67,71,-4,4
74459,39,36,3,3
74460,82,74,8,8
74461,76,78,-2,2
74462,56,56,0,0
74463,33,44,-11,11
74464,95,87,8,8
74465,67,56,11,11
74466,87,89,-2,2
74467,101,93,8,8
74468,62,64,-2,2
74469,62,63,-1,1
74470,93,82,11,11
74471,71,56,15,15
74472,79,80,-1,1
74473,86,76,10,10
74474,70,78,-8,8
74475,117,111,6,6
74476,51,62,-11,11
74477,168,165,3,3
74478,120,111,9,9
74479,99,85,14,14
74480,73,77,-4,4
74481,120,120,0,0
74482,136,124,12,12
74483,57,70,-13,13
74484,89,81,8,8
74485,89,107,-18,18
74486,81,86,-5,5
74487,72,58,14,14
74488,104,97,7,7
74489,141,135,6,6
74490,79,76,3,3
74491,167,156,11,11
74492,86,81,5,5
74493,138,125,13,13
74494,66,57,9,9
74495,59,59,0,0
74496,110,122,-12,12
74497,82,69,13,13
74498,92,88,4,4
74499,62,55,7,7
74500,82,81,1,1
74501,62,66,-4,4
74502,94,83,11,11
74503,135,161,-26,26
74504,227,238,-11,11
74505,85,87,-2,2
74506,74,80,-6,6
74507,106,142,-36,36
74508,52,57,-5,5
74509,96,113,-17,17
74510,97,90,7,7
74511,143,147,-4,4
74512,84,66,18,18
74513,77,66,11,11
74514,49,49,0,0
74515,116,113,3,3
74516,67,88,-21,21
74517,74,77,-3,3
74518,83,85,-2,2
74519,77,71,6,6
74520,113,105,8,8
74521,125,125,0,0
74522,59,57,2,2
74523,62,63,-1,1
74524,148,144,4,4
74525,56,64,-8,8
74526,85,101,-16,16
74527,158,142,16,16
74528,79,96,-17,17
74529,87,80,7,7
74530,115,127,-12,12
74531,62,60,2,2
74532,78,74,4,4
74533,107,94,13,13
74534,129,124,5,5
74535,109,99,10,10
74536,46,58,-12,12
74537,73,66,7,7
74538,47,51,-4,4
74539,57,41,16,16
74540,136,145,-9,9
74541,74,70,4,4
74542,73,70,3,3
74543,117,111,6,6
74544,64,51,13,13
74545,65,72,-7,7
74546,61,78,-17,17
74547,40,51,-11,11
74548,84,83,1,1
74549,96,101,-5,5
74550,108,94,14,14
74551,148,153,-5,5
74552,111,112,-1,1
74553,131,123,8,8
74554,55,59,-4,4
74555,132,122,10,10
74556,156,128,28,28
74557,68,75,-7,7
74558,109,87,22,22
74559,65,54,11,11
74560,78,65,13,13
74561,136,125,11,11
74562,190,194,-4,4
74563,157,157,0,0
74564,110,111,-1,1
74565,50,48,2,2
74566,123,131,-8,8
74567,127,119,8,8
74568,88,86,2,2
74569,116,110,6,6
74570,85,87,-2,2
74571,116,111,5,5
74572,181,175,6,6
74573,87,87,0,0
74574,135,136,-1,1
74575,64,74,-10,10
74576,92,88,4,4
74577,59,58,1,1
74578,81,70,11,11
74579,71,61,10,10
74580,130,146,-16,16
74581,96,83,13,13
74582,86,80,6,6
74583,107,130,-23,23
74584,118,116,2,2
74585,93,97,-4,4
74586,88,88,0,0
74587,54,56,-2,2
74588,101,106,-5,5
74589,58,60,-2,2
74590,109,102,7,7
74591,106,113,-7,7
74592,139,136,3,3
74593,50,49,1,1
74594,168,170,-2,2
74595,115,115,0,0
74596,70,68,2,2
74597,92,88,4,4
74598,133,129,4,4
74599,74,68,6,6
74600,159,164,-5,5
74601,120,124,-4,4
74602,84,101,-17,17
74603,103,109,-6,6
74604,183,156,27,27
74605,139,128,11,11
74606,86,51,35,35
74607,82,80,2,2
74608,61,69,-8,8
74609,123,95,28,28
74610,87,79,8,8
74611,135,134,1,1
74612,99,88,11,11
74613,74,69,5,5
74614,74,76,-2,2
74615,139,138,1,1
74616,85,83,2,2
74617,70,73,-3,3
74618,106,97,9,9
74619,123,120,3,3
74620,100,102,-2,2
74621,61,60,1,1
74622,92,98,-6,6
74623,132,134,-2,2
74624,59,54,5,5
74625,226,206,20,20
74626,84,73,11,11
74627,165,164,1,1
74628,83,89,-6,6
74629,115,110,5,5
74630,159,144,15,15
74631,93,82,11,11
74632,126,136,-10,10
74633,51,52,-1,1
74634,118,113,5,5
74635,80,66,14,14
74636,161,148,13,13
74637,91,87,4,4
74638,83,83,0,0
74639,91,95,-4,4
74640,234,216,18,18
74641,78,68,10,10
74642,101,93,8,8
74643,72,65,7,7
74644,92,70,22,22
74645,44,60,-16,16
74646,76,71,5,5
74647,106,102,4,4
74648,119,103,16,16
74649,111,94,17,17
74650,111,111,0,0
74651,105,96,9,9
74652,62,59,3,3
74653,113,114,-1,1
74654,94,90,4,4
74655,155,155,0,0
74656,59,53,6,6
74657,86,94,-8,8
74658,61,61,0,0
74659,198,184,14,14
74660,83,89,-6,6
74661,50,56,-6,6
74662,126,123,3,3
74663,95,83,12,12
74664,95,83,12,12
74665,24,48,-24,24
74666,90,91,-1,1
74667,47,49,-2,2
74668,64,70,-6,6
74669,107,110,-3,3
74670,94,83,11,11
74671,77,70,7,7
74672,111,128,-17,17
74673,107,108,-1,1
74674,33,30,3,3
74675,73,74,-1,1
74676,63,65,-2,2
74677,90,96,-6,6
74678,89,179,-90,90
74679,79,69,10,10
74680,128,126,2,2
74681,91,89,2,2
74682,114,104,10,10
74683,103,93,10,10
74684,61,50,11,11
74685,122,128,-6,6
74686,114,111,3,3
74687,143,138,5,5
74688,75,70,5,5
74689,66,63,3,3
74690,90,85,5,5
74691,108,91,17,17
74692,74,72,2,2
74693,137,139,-2,2
74694,121,114,7,7
74695,85,108,-23,23
74696,47,56,-9,9
74697,51,65,-14,14
74698,79,59,20,20
74699,80,78,2,2
74700,111,106,5,5
74701,126,133,-7,7
74702,37,45,-8,8
74703,87,84,3,3
74704,102,108,-6,6
74705,73,72,1,1
74706,81,85,-4,4
74707,85,68,17,17
74708,127,117,10,10
74709,127,104,23,23
74710,93,105,-12,12
74711,122,121,1,1
74712,175,167,8,8
74713,96,91,5,5
74714,88,91,-3,3
74715,162,137,25,25
74716,124,138,-14,14
74717,42,40,2,2
74718,90,88,2,2
74719,91,96,-5,5
74720,129,123,6,6
74721,53,54,-1,1
74722,75,69,6,6
74723,88,84,4,4
74724,70,65,5,5
74725,185,183,2,2
74726,105,104,1,1
74727,128,117,11,11
74728,103,102,1,1
74729,100,107,-7,7
74730,71,74,-3,3
74731,157,140,17,17
74732,103,110,-7,7
74733,118,115,3,3
74734,140,189,-49,49
74735,102,102,0,0
74736,71,63,8,8
74737,143,152,-9,9
74738,58,57,1,1
74739,96,96,0,0
74740,112,111,1,1
74741,85,84,1,1
74742,92,95,-3,3
74743,81,86,-5,5
74744,102,106,-4,4
74745,43,55,-12,12
74746,87,81,6,6
74747,118,101,17,17
74748,85,70,15,15
74749,100,102,-2,2
74750,83,90,-7,7
74751,83,75,8,8
74752,89,86,3,3
74753,50,47,3,3
74754,134,129,5,5
74755,65,59,6,6
74756,72,86,-14,14
74757,75,64,11,11
74758,78,70,8,8
74759,81,86,-5,5
74760,105,109,-4,4
74761,67,59,8,8
74762,136,63,73,73
74763,86,101,-15,15
74764,139,138,1,1
74765,78,72,6,6
74766,38,42,-4,4
74767,78,74,4,4
74768,59,54,5,5
74769,91,81,10,10
74770,152,156,-4,4
74771,148,164,-16,16
74772,108,103,5,5
74773,77,66,11,11
74774,83,73,10,10
74775,89,80,9,9
74776,104,96,8,8
74777,117,117,0,0
74778,151,149,2,2
74779,45,55,-10,10
74780,60,51,9,9
74781,125,124,1,1
74782,41,51,-10,10
74783,49,52,-3,3
74784,140,133,7,7
74785,90,90,0,0
74786,93,94,-1,1
74787,100,81,19,19
74788,125,114,11,11
74789,114,115,-1,1
74790,128,134,-6,6
74791,60,57,3,3
74792,191,180,11,11
74793,140,137,3,3
74794,82,102,-20,20
74795,76,73,3,3
74796,117,113,4,4
74797,83,83,0,0
74798,82,75,7,7
74799,122,125,-3,3
74800,60,64,-4,4
74801,117,113,4,4
74802,96,101,-5,5
74803,115,114,1,1
74804,134,135,-1,1
74805,109,110,-1,1
74806,91,73,18,18
74807,72,74,-2,2
74808,96,96,0,0
74809,80,76,4,4
74810,71,70,1,1
74811,95,81,14,14
74812,101,97,4,4
74813,67,62,5,5
74814,87,95,-8,8
74815,89,86,3,3
74816,62,61,1,1
74817,126,162,-36,36
74818,78,85,-7,7
74819,100,99,1,1
74820,96,90,6,6
74821,100,95,5,5
74822,59,58,1,1
74823,93,87,6,6
74824,120,119,1,1
74825,70,68,2,2
74826,46,49,-3,3
74827,153,144,9,9
74828,91,89,2,2
74829,94,95,-1,1
74830,74,88,-14,14
74831,87,79,8,8
74832,76,71,5,5
74833,56,56,0,0
74834,104,119,-15,15
74835,126,125,1,1
74836,115,120,-5,5
74837,107,119,-12,12
74838,41,53,-12,12
74839,75,69,6,6
74840,76,76,0,0
74841,75,73,2,2
74842,50,46,4,4
74843,118,116,2,2
74844,131,129,2,2
74845,92,139,-47,47
74846,113,104,9,9
74847,126,111,15,15
74848,65,71,-6,6
74849,128,122,6,6
74850,89,94,-5,5
74851,100,85,15,15
74852,85,77,8,8
74853,166,148,18,18
74854,100,115,-15,15
74855,119,119,0,0
74856,72,69,3,3
74857,78,71,7,7
74858,70,59,11,11
74859,84,79,5,5
74860,56,51,5,5
74861,18,26,-8,8
74862,75,70,5,5
74863,107,115,-8,8
74864,86,69,17,17
74865,128,127,1,1
74866,99,94,5,5
74867,69,75,-6,6
74868,130,129,1,1
74869,127,128,-1,1
74870,188,179,9,9
74871,99,105,-6,6
74872,83,74,9,9
74873,105,74,31,31
74874,56,62,-6,6
74875,84,78,6,6
74876,43,55,-12,12
74877,104,117,-13,13
74878,93,91,2,2
74879,111,113,-2,2
74880,106,112,-6,6
74881,77,79,-2,2
74882,74,60,14,14
74883,138,137,1,1
74884,47,47,0,0
74885,158,156,2,2
74886,111,109,2,2
74887,84,86,-2,2
74888,129,142,-13,13
74889,76,80,-4,4
74890,84,75,9,9
74891,67,66,1,1
74892,61,54,7,7
74893,107,101,6,6
74894,79,72,7,7
74895,112,120,-8,8
74896,53,53,0,0
74897,84,87,-3,3
74898,46,54,-8,8
74899,115,100,15,15
74900,48,46,2,2
74901,51,54,-3,3
74902,73,85,-12,12
74903,81,99,-18,18
74904,53,49,4,4
74905,144,143,1,1
74906,93,86,7,7
74907,63,73,-10,10
74908,47,43,4,4
74909,117,94,23,23
74910,172,121,51,51
74911,57,65,-8,8
74912,143,142,1,1
74913,108,113,-5,5
74914,140,134,6,6
74915,70,71,-1,1
74916,96,93,3,3
74917,107,111,-4,4
74918,116,113,3,3
74919,120,122,-2,2
74920,60,52,8,8
74921,77,83,-6,6
74922,112,118,-6,6
74923,97,109,-12,12
74924,183,192,-9,9
74925,95,95,0,0
74926,92,84,8,8
74927,76,85,-9,9
74928,99,101,-2,2
74929,85,76,9,9
74930,76,82,-6,6
74931,93,82,11,11
74932,50,56,-6,6
74933,55,67,-12,12
74934,88,88,0,0
74935,97,110,-13,13
74936,83,84,-1,1
74937,54,44,10,10
74938,86,91,-5,5
74939,77,85,-8,8
74940,282,323,-41,41
74941,136,126,10,10
74942,91,77,14,14
74943,150,163,-13,13
74944,66,65,1,1
74945,71,75,-4,4
74946,87,79,8,8
74947,87,91,-4,4
74948,119,123,-4,4
74949,148,138,10,10
74950,117,112,5,5
74951,85,82,3,3
74952,97,92,5,5
74953,49,50,-1,1
74954,103,115,-12,12
74955,38,40,-2,2
74956,86,98,-12,12
74957,49,51,-2,2
74958,103,96,7,7
74959,103,136,-33,33
74960,45,53,-8,8
74961,103,103,0,0
74962,83,83,0,0
74963,95,80,15,15
74964,60,62,-2,2
74965,102,110,-8,8
74966,138,147,-9,9
74967,83,90,-7,7
74968,95,103,-8,8
74969,96,94,2,2
74970,150,154,-4,4
74971,53,48,5,5
74972,133,124,9,9
74973,45,53,-8,8
74974,50,50,0,0
74975,35,82,-47,47
74976,103,95,8,8
74977,58,52,6,6
74978,72,73,-1,1
74979,100,103,-3,3
74980,95,88,7,7
74981,109,103,6,6
74982,57,70,-13,13
74983,68,82,-14,14
74984,89,87,2,2
74985,129,122,7,7
74986,118,116,2,2
74987,114,115,-1,1
74988,112,105,7,7
74989,103,95,8,8
74990,95,91,4,4
74991,130,139,-9,9
74992,95,81,14,14
74993,129,129,0,0
74994,84,79,5,5
74995,103,107,-4,4
74996,146,139,7,7
74997,84,94,-10,10
74998,143,138,5,5
74999,84,91,-7,7
75000,69,76,-7,7
75001,94,102,-8,8
75002,56,73,-17,17
75003,133,135,-2,2
75004,49,60,-11,11
75005,58,51,7,7
75006,122,111,11,11
75007,117,118,-1,1
75008,87,86,1,1
75009,113,122,-9,9
75010,60,67,-7,7
75011,65,68,-3,3
75012,103,101,2,2
75013,152,136,16,16
75014,121,120,1,1
75015,119,113,6,6
75016,47,58,-11,11
75017,113,104,9,9
75018,101,104,-3,3
75019,73,81,-8,8
75020,88,102,-14,14
75021,156,143,13,13
75022,99,89,10,10
75023,86,88,-2,2
75024,101,101,0,0
75025,91,86,5,5
75026,59,66,-7,7
75027,72,71,1,1
75028,111,88,23,23
75029,108,109,-1,1
75030,78,79,-1,1
75031,63,67,-4,4
75032,97,97,0,0
75033,76,74,2,2
75034,94,104,-10,10
75035,83,79,4,4
75036,72,66,6,6
75037,113,104,9,9
75038,126,124,2,2
75039,86,99,-13,13
75040,67,59,8,8
75041,149,143,6,6
75042,89,80,9,9
75043,115,94,21,21
75044,111,97,14,14
75045,135,141,-6,6
75046,54,56,-2,2
75047,123,128,-5,5
75048,82,84,-2,2
75049,26,45,-19,19
75050,66,63,3,3
75051,117,97,20,20
75052,135,145,-10,10
75053,70,59,11,11
75054,59,57,2,2
75055,141,144,-3,3
75056,64,60,4,4
75057,126,130,-4,4
75058,97,91,6,6
75059,54,54,0,0
75060,99,95,4,4
75061,138,134,4,4
75062,130,135,-5,5
75063,111,83,28,28
75064,81,80,1,1
75065,97,91,6,6
75066,146,141,5,5
75067,92,80,12,12
75068,68,62,6,6
75069,70,72,-2,2
75070,79,70,9,9
75071,57,68,-11,11
75072,70,94,-24,24
75073,52,62,-10,10
75074,82,93,-11,11
75075,72,70,2,2
75076,86,80,6,6
75077,124,106,18,18
75078,71,65,6,6
75079,75,58,17,17
75080,111,107,4,4
75081,85,90,-5,5
75082,77,71,6,6
75083,116,120,-4,4
75084,121,128,-7,7
75085,63,53,10,10
75086,65,60,5,5
75087,92,97,-5,5
75088,115,107,8,8
75089,62,56,6,6
75090,90,83,7,7
75091,50,50,0,0
75092,81,75,6,6
75093,33,35,-2,2
75094,141,136,5,5
75095,51,52,-1,1
75096,32,57,-25,25
75097,89,104,-15,15
75098,117,115,2,2
75099,97,95,2,2
75100,92,81,11,11
75101,71,66,5,5
75102,76,75,1,1
75103,42,55,-13,13
75104,84,86,-2,2
75105,87,92,-5,5
75106,153,149,4,4
75107,91,94,-3,3
75108,59,97,-38,38
75109,69,64,5,5
75110,109,97,12,12
75111,115,117,-2,2
75112,169,169,0,0
75113,67,62,5,5
75114,96,91,5,5
75115,94,94,0,0
75116,173,145,28,28
75117,96,92,4,4
75118,127,112,15,15
75119,58,60,-2,2
75120,69,65,4,4
75121,68,63,5,5
75122,141,139,2,2
75123,110,119,-9,9
75124,46,90,-44,44
75125,56,116,-60,60
75126,99,104,-5,5
75127,117,111,6,6
75128,53,54,-1,1
75129,92,92,0,0
75130,100,115,-15,15
75131,100,85,15,15
75132,92,98,-6,6
75133,67,67,0,0
75134,148,133,15,15
75135,122,121,1,1
75136,162,154,8,8
75137,86,84,2,2
75138,165,158,7,7
75139,106,95,11,11
75140,84,100,-16,16
75141,97,92,5,5
75142,61,77,-16,16
75143,187,198,-11,11
75144,153,164,-11,11
75145,57,57,0,0
75146,101,99,2,2
75147,154,134,20,20
75148,108,106,2,2
75149,55,49,6,6
75150,113,106,7,7
75151,55,59,-4,4
75152,101,87,14,14
75153,91,95,-4,4
75154,89,83,6,6
75155,96,85,11,11
75156,52,60,-8,8
75157,54,54,0,0
75158,69,65,4,4
75159,95,103,-8,8
75160,88,82,6,6
75161,126,121,5,5
75162,82,90,-8,8
75163,76,79,-3,3
75164,112,106,6,6
75165,117,113,4,4
75166,113,114,-1,1
75167,97,85,12,12
75168,98,101,-3,3
75169,83,79,4,4
75170,76,70,6,6
75171,80,79,1,1
75172,111,110,1,1
75173,135,120,15,15
75174,62,64,-2,2
75175,140,139,1,1
75176,68,66,2,2
75177,141,146,-5,5
75178,53,62,-9,9
75179,140,146,-6,6
75180,74,69,5,5
75181,70,66,4,4
75182,78,87,-9,9
75183,103,100,3,3
75184,97,104,-7,7
75185,75,72,3,3
75186,143,148,-5,5
75187,163,159,4,4
75188,71,70,1,1
75189,58,56,2,2
75190,69,68,1,1
75191,72,67,5,5
75192,158,160,-2,2
75193,93,108,-15,15
75194,80,72,8,8
75195,142,127,15,15
75196,46,54,-8,8
75197,76,70,6,6
75198,129,165,-36,36
75199,82,76,6,6
75200,146,134,12,12
75201,93,85,8,8
75202,113,109,4,4
75203,142,149,-7,7
75204,72,64,8,8
75205,74,69,5,5
75206,88,104,-16,16
75207,105,110,-5,5
75208,110,116,-6,6
75209,83,83,0,0
75210,27,50,-23,23
75211,136,135,1,1
75212,81,75,6,6
75213,98,93,5,5
75214,120,115,5,5
75215,92,78,14,14
75216,145,149,-4,4
75217,137,137,0,0
75218,103,111,-8,8
75219,121,132,-11,11
75220,54,66,-12,12
75221,112,111,1,1
75222,76,75,1,1
75223,89,80,9,9
75224,160,136,24,24
75225,28,49,-21,21
75226,76,63,13,13
75227,165,162,3,3
75228,100,87,13,13
75229,152,147,5,5
75230,82,84,-2,2
75231,94,83,11,11
75232,60,64,-4,4
75233,125,123,2,2
75234,69,68,1,1
75235,120,92,28,28
75236,91,87,4,4
75237,96,85,11,11
75238,45,43,2,2
75239,56,63,-7,7
75240,76,65,11,11
75241,75,78,-3,3
75242,79,73,6,6
75243,124,115,9,9
75244,106,97,9,9
75245,122,116,6,6
75246,51,56,-5,5
75247,69,61,8,8
75248,85,101,-16,16
75249,115,149,-34,34
75250,115,108,7,7
75251,115,111,4,4
75252,60,65,-5,5
75253,76,76,0,0
75254,32,39,-7,7
75255,79,78,1,1
75256,44,45,-1,1
75257,58,59,-1,1
75258,130,125,5,5
75259,132,125,7,7
75260,79,79,0,0
75261,92,96,-4,4
75262,144,143,1,1
75263,54,53,1,1
75264,133,119,14,14
75265,64,71,-7,7
75266,92,88,4,4
75267,156,151,5,5
75268,58,45,13,13
75269,82,72,10,10
75270,86,82,4,4
75271,173,174,-1,1
75272,94,86,8,8
75273,60,58,2,2
75274,108,107,1,1
75275,126,129,-3,3
75276,56,58,-2,2
75277,98,98,0,0
75278,92,76,16,16
75279,117,105,12,12
75280,52,42,10,10
75281,94,82,12,12
75282,78,62,16,16
75283,76,98,-22,22
75284,67,62,5,5
75285,124,132,-8,8
75286,128,132,-4,4
75287,73,67,6,6
75288,62,56,6,6
75289,100,106,-6,6
75290,130,131,-1,1
75291,61,63,-2,2
75292,262,226,36,36
75293,60,57,3,3
75294,102,110,-8,8
75295,57,58,-1,1
75296,97,104,-7,7
75297,84,86,-2,2
75298,61,81,-20,20
75299,135,122,13,13
75300,104,81,23,23
75301,79,73,6,6
75302,187,161,26,26
75303,62,58,4,4
75304,94,85,9,9
75305,94,105,-11,11
75306,94,89,5,5
75307,126,113,13,13
75308,126,107,19,19
75309,108,100,8,8
75310,60,49,11,11
75311,93,105,-12,12
75312,53,61,-8,8
75313,61,56,5,5
75314,79,73,6,6
75315,74,64,10,10
75316,50,47,3,3
75317,75,59,16,16
75318,40,48,-8,8
75319,47,53,-6,6
75320,78,82,-4,4
75321,51,55,-4,4
75322,97,96,1,1
75323,54,43,11,11
75324,100,98,2,2
75325,91,84,7,7
75326,48,46,2,2
75327,46,52,-6,6
75328,153,156,-3,3
75329,123,122,1,1
75330,52,59,-7,7
75331,92,85,7,7
75332,71,82,-11,11
75333,141,128,13,13
75334,46,43,3,3
75335,72,72,0,0
75336,84,70,14,14
75337,82,89,-7,7
75338,78,71,7,7
75339,77,71,6,6
75340,93,75,18,18
75341,47,49,-2,2
75342,67,59,8,8
75343,67,64,3,3
75344,113,98,15,15
75345,179,180,-1,1
75346,95,96,-1,1
75347,164,161,3,3
75348,45,52,-7,7
75349,127,117,10,10
75350,118,112,6,6
75351,96,87,9,9
75352,57,49,8,8
75353,151,154,-3,3
75354,69,88,-19,19
75355,79,83,-4,4
75356,86,85,1,1
75357,186,183,3,3
75358,147,130,17,17
75359,109,104,5,5
75360,97,83,14,14
75361,110,103,7,7
75362,69,61,8,8
75363,65,70,-5,5
75364,119,112,7,7
75365,58,60,-2,2
75366,77,74,3,3
75367,97,95,2,2
75368,95,91,4,4
75369,123,124,-1,1
75370,107,136,-29,29
75371,117,111,6,6
75372,72,82,-10,10
75373,119,116,3,3
75374,103,93,10,10
75375,129,121,8,8
75376,83,75,8,8
75377,248,248,0,0
75378,93,81,12,12
75379,129,129,0,0
75380,68,69,-1,1
75381,117,114,3,3
75382,87,88,-1,1
75383,118,115,3,3
75384,98,88,10,10
75385,103,104,-1,1
75386,69,69,0,0
75387,110,98,12,12
75388,125,123,2,2
75389,113,109,4,4
75390,112,111,1,1
75391,81,71,10,10
75392,86,85,1,1
75393,148,138,10,10
75394,102,95,7,7
75395,31,45,-14,14
75396,64,68,-4,4
75397,114,115,-1,1
75398,87,87,0,0
75399,127,118,9,9
75400,91,109,-18,18
75401,74,67,7,7
75402,175,159,16,16
75403,223,190,33,33
75404,87,76,11,11
75405,67,59,8,8
75406,59,53,6,6
75407,104,91,13,13
75408,64,84,-20,20
75409,149,153,-4,4
75410,125,123,2,2
75411,45,49,-4,4
75412,93,95,-2,2
75413,86,87,-1,1
75414,80,76,4,4
75415,73,63,10,10
75416,92,82,10,10
75417,120,131,-11,11
75418,126,123,3,3
75419,73,71,2,2
75420,54,58,-4,4
75421,65,63,2,2
75422,100,88,12,12
75423,105,99,6,6
75424,85,77,8,8
75425,100,86,14,14
75426,81,89,-8,8
75427,67,65,2,2
75428,174,175,-1,1
75429,132,124,8,8
75430,127,101,26,26
75431,96,99,-3,3
75432,73,72,1,1
75433,86,78,8,8
75434,73,66,7,7
75435,124,123,1,1
75436,75,73,2,2
75437,49,58,-9,9
75438,99,130,-31,31
75439,55,58,-3,3
75440,141,113,28,28
75441,62,66,-4,4
75442,75,70,5,5
75443,99,94,5,5
75444,97,88,9,9
75445,104,108,-4,4
75446,96,91,5,5
75447,122,127,-5,5
75448,101,66,35,35
75449,109,111,-2,2
75450,111,116,-5,5
75451,99,90,9,9
75452,77,87,-10,10
75453,118,111,7,7
75454,89,91,-2,2
75455,75,82,-7,7
75456,59,53,6,6
75457,57,67,-10,10
75458,99,85,14,14
75459,88,90,-2,2
75460,106,91,15,15
75461,101,104,-3,3
75462,131,126,5,5
75463,127,126,1,1
75464,65,59,6,6
75465,101,88,13,13
75466,140,131,9,9
75467,122,125,-3,3
75468,80,81,-1,1
75469,128,134,-6,6
75470,85,80,5,5
75471,111,115,-4,4
75472,78,85,-7,7
75473,93,95,-2,2
75474,42,32,10,10
75475,66,52,14,14
75476,95,100,-5,5
75477,90,75,15,15
75478,100,109,-9,9
75479,82,81,1,1
75480,67,75,-8,8
75481,105,99,6,6
75482,110,103,7,7
75483,56,56,0,0
75484,37,41,-4,4
75485,65,63,2,2
75486,72,69,3,3
75487,106,109,-3,3
75488,99,90,9,9
75489,104,93,11,11
75490,87,86,1,1
75491,76,80,-4,4
75492,53,44,9,9
75493,57,65,-8,8
75494,69,62,7,7
75495,83,75,8,8
75496,56,55,1,1
75497,78,76,2,2
75498,95,105,-10,10
75499,78,71,7,7
75500,74,69,5,5
75501,82,89,-7,7
75502,95,86,9,9
75503,85,81,4,4
75504,63,68,-5,5
75505,124,121,3,3
75506,67,64,3,3
75507,112,117,-5,5
75508,94,87,7,7
75509,69,64,5,5
75510,121,128,-7,7
75511,82,83,-1,1
75512,111,102,9,9
75513,126,128,-2,2
75514,74,65,9,9
75515,81,76,5,5
75516,100,99,1,1
75517,148,137,11,11
75518,88,84,4,4
75519,70,62,8,8
75520,150,133,17,17
75521,88,84,4,4
75522,28,34,-6,6
75523,93,85,8,8
75524,96,104,-8,8
75525,90,82,8,8
75526,150,163,-13,13
75527,75,84,-9,9
75528,93,113,-20,20
75529,150,149,1,1
75530,123,94,29,29
75531,133,132,1,1
75532,69,88,-19,19
75533,167,146,21,21
75534,46,46,0,0
75535,92,86,6,6
75536,54,51,3,3
75537,154,142,12,12
75538,45,51,-6,6
75539,137,132,5,5
75540,115,107,8,8
75541,99,86,13,13
75542,93,82,11,11
75543,83,76,7,7
75544,115,100,15,15
75545,23,51,-28,28
75546,92,90,2,2
75547,85,85,0,0
75548,80,73,7,7
75549,190,195,-5,5
75550,95,86,9,9
75551,153,127,26,26
75552,83,84,-1,1
75553,51,52,-1,1
75554,85,79,6,6
75555,85,92,-7,7
75556,59,65,-6,6
75557,172,159,13,13
75558,53,53,0,0
75559,128,117,11,11
75560,72,71,1,1
75561,130,127,3,3
75562,54,58,-4,4
75563,145,123,22,22
75564,94,102,-8,8
75565,111,111,0,0
75566,35,52,-17,17
75567,74,71,3,3
75568,85,87,-2,2
75569,129,127,2,2
75570,49,49,0,0
75571,56,58,-2,2
75572,99,97,2,2
75573,79,85,-6,6
75574,129,122,7,7
75575,74,70,4,4
75576,78,90,-12,12
75577,70,71,-1,1
75578,157,181,-24,24
75579,98,105,-7,7
75580,66,71,-5,5
75581,75,74,1,1
75582,76,67,9,9
75583,94,103,-9,9
75584,100,86,14,14
75585,50,50,0,0
75586,98,96,2,2
75587,96,102,-6,6
75588,134,135,-1,1
75589,108,95,13,13
75590,212,203,9,9
75591,138,135,3,3
75592,88,82,6,6
75593,12,39,-27,27
75594,66,63,3,3
75595,98,81,17,17
75596,110,105,5,5
75597,75,70,5,5
75598,146,149,-3,3
75599,176,190,-14,14
75600,91,83,8,8
75601,88,83,5,5
75602,51,52,-1,1
75603,190,175,15,15
75604,128,106,22,22
75605,74,72,2,2
75606,83,86,-3,3
75607,64,63,1,1
75608,127,129,-2,2
75609,130,121,9,9
75610,95,85,10,10
75611,66,156,-90,90
75612,46,52,-6,6
75613,79,76,3,3
75614,110,98,12,12
75615,116,113,3,3
75616,68,68,0,0
75617,70,88,-18,18
75618,59,69,-10,10
75619,107,84,23,23
75620,77,79,-2,2
75621,97,103,-6,6
75622,160,152,8,8
75623,130,145,-15,15
75624,60,57,3,3
75625,104,99,5,5
75626,91,88,3,3
75627,89,108,-19,19
75628,49,48,1,1
75629,155,155,0,0
75630,94,91,3,3
75631,146,149,-3,3
75632,87,91,-4,4
75633,127,120,7,7
75634,79,85,-6,6
75635,93,87,6,6
75636,121,124,-3,3
75637,74,64,10,10
75638,113,111,2,2
75639,163,161,2,2
75640,122,114,8,8
75641,118,122,-4,4
75642,56,62,-6,6
75643,129,104,25,25
75644,128,123,5,5
75645,159,148,11,11
75646,62,58,4,4
75647,108,111,-3,3
75648,72,66,6,6
75649,79,84,-5,5
75650,166,170,-4,4
75651,62,67,-5,5
75652,144,147,-3,3
75653,129,118,11,11
75654,72,67,5,5
75655,93,80,13,13
75656,86,96,-10,10
75657,126,122,4,4
75658,86,80,6,6
75659,87,78,9,9
75660,183,176,7,7
75661,68,71,-3,3
75662,80,77,3,3
75663,63,71,-8,8
75664,61,61,0,0
75665,103,104,-1,1
75666,46,41,5,5
75667,107,96,11,11
75668,127,132,-5,5
75669,89,88,1,1
75670,104,98,6,6
75671,82,83,-1,1
75672,114,112,2,2
75673,82,77,5,5
75674,109,113,-4,4
75675,105,98,7,7
75676,67,65,2,2
75677,64,63,1,1
75678,109,106,3,3
75679,50,50,0,0
75680,49,38,11,11
75681,89,88,1,1
75682,163,155,8,8
75683,64,69,-5,5
75684,180,173,7,7
75685,73,125,-52,52
75686,155,150,5,5
75687,106,96,10,10
75688,102,95,7,7
75689,142,140,2,2
75690,62,62,0,0
75691,93,95,-2,2
75692,125,101,24,24
75693,71,67,4,4
75694,62,76,-14,14
75695,129,126,3,3
75696,109,129,-20,20
75697,174,168,6,6
75698,103,109,-6,6
75699,124,110,14,14
75700,74,77,-3,3
75701,96,84,12,12
75702,112,109,3,3
75703,78,77,1,1
75704,59,58,1,1
75705,54,53,1,1
75706,86,84,2,2
75707,99,107,-8,8
75708,120,133,-13,13
75709,134,123,11,11
75710,141,127,14,14
75711,99,101,-2,2
75712,92,90,2,2
75713,121,119,2,2
75714,74,71,3,3
75715,101,87,14,14
75716,14,101,-87,87
75717,80,79,1,1
75718,88,78,10,10
75719,60,65,-5,5
75720,112,115,-3,3
75721,153,136,17,17
75722,108,99,9,9
75723,98,96,2,2
75724,78,94,-16,16
75725,115,149,-34,34
75726,71,64,7,7
75727,129,135,-6,6
75728,56,59,-3,3
75729,68,60,8,8
75730,80,73,7,7
75731,110,118,-8,8
75732,86,89,-3,3
75733,139,138,1,1
75734,125,118,7,7
75735,73,76,-3,3
75736,122,112,10,10
75737,99,98,1,1
75738,78,73,5,5
75739,150,133,17,17
75740,112,94,18,18
75741,95,99,-4,4
75742,85,78,7,7
75743,67,74,-7,7
75744,91,88,3,3
75745,110,95,15,15
75746,88,70,18,18
75747,115,133,-18,18
75748,78,75,3,3
75749,89,98,-9,9
75750,71,64,7,7
75751,65,63,2,2
75752,67,78,-11,11
75753,144,128,16,16
75754,98,98,0,0
75755,78,70,8,8
75756,130,134,-4,4
75757,75,79,-4,4
75758,83,75,8,8
75759,72,72,0,0
75760,106,98,8,8
75761,44,40,4,4
75762,108,101,7,7
75763,80,70,10,10
75764,98,105,-7,7
75765,97,90,7,7
75766,124,142,-18,18
75767,96,91,5,5
75768,71,62,9,9
75769,118,119,-1,1
75770,115,107,8,8
75771,88,83,5,5
75772,104,97,7,7
75773,75,64,11,11
75774,115,105,10,10
75775,94,81,13,13
75776,97,94,3,3
75777,71,79,-8,8
75778,73,85,-12,12
75779,64,68,-4,4
75780,61,64,-3,3
75781,46,48,-2,2
75782,81,80,1,1
75783,56,56,0,0
75784,99,96,3,3
75785,131,140,-9,9
75786,75,81,-6,6
75787,74,64,10,10
75788,111,104,7,7
75789,136,135,1,1
75790,81,76,5,5
75791,50,54,-4,4
75792,95,95,0,0
75793,108,117,-9,9
75794,62,106,-44,44
75795,78,81,-3,3
75796,92,100,-8,8
75797,42,42,0,0
75798,102,107,-5,5
75799,104,98,6,6
75800,55,77,-22,22
75801,69,68,1,1
75802,90,90,0,0
75803,63,49,14,14
75804,101,102,-1,1
75805,43,48,-5,5
75806,69,73,-4,4
75807,109,109,0,0
75808,142,145,-3,3
75809,140,135,5,5
75810,67,68,-1,1
75811,62,59,3,3
75812,114,105,9,9
75813,107,108,-1,1
75814,85,96,-11,11
75815,167,163,4,4
75816,163,169,-6,6
75817,85,90,-5,5
75818,73,76,-3,3
75819,109,102,7,7
75820,61,60,1,1
75821,77,83,-6,6
75822,207,187,20,20
75823,99,100,-1,1
75824,182,168,14,14
75825,99,95,4,4
75826,83,83,0,0
75827,75,76,-1,1
75828,139,136,3,3
75829,47,43,4,4
75830,65,74,-9,9
75831,143,116,27,27
75832,73,73,0,0
75833,79,78,1,1
75834,85,79,6,6
75835,88,84,4,4
75836,141,129,12,12
75837,71,90,-19,19
75838,96,92,4,4
75839,153,149,4,4
75840,133,121,12,12
75841,80,84,-4,4
75842,171,175,-4,4
75843,125,130,-5,5
75844,91,80,11,11
75845,61,67,-6,6
75846,131,120,11,11
75847,136,116,20,20
75848,58,67,-9,9
75849,93,83,10,10
75850,88,90,-2,2
75851,68,66,2,2
75852,129,129,0,0
75853,127,117,10,10
75854,98,143,-45,45
75855,87,90,-3,3
75856,84,79,5,5
75857,51,83,-32,32
75858,72,66,6,6
75859,144,138,6,6
75860,96,96,0,0
75861,61,55,6,6
75862,86,81,5,5
75863,78,73,5,5
75864,51,59,-8,8
75865,151,143,8,8
75866,109,106,3,3
75867,108,124,-16,16
75868,80,74,6,6
75869,67,59,8,8
75870,125,143,-18,18
75871,75,75,0,0
75872,176,185,-9,9
75873,105,104,1,1
75874,82,84,-2,2
75875,146,144,2,2
75876,49,84,-35,35
75877,68,78,-10,10
75878,119,120,-1,1
75879,40,38,2,2
75880,118,116,2,2
75881,65,59,6,6
75882,92,98,-6,6
75883,69,63,6,6
75884,110,104,6,6
75885,94,88,6,6
75886,152,179,-27,27
75887,118,115,3,3
75888,72,76,-4,4
75889,141,129,12,12
75890,43,44,-1,1
75891,122,107,15,15
75892,73,75,-2,2
75893,92,90,2,2
75894,101,122,-21,21
75895,66,53,13,13
75896,70,67,3,3
75897,43,46,-3,3
75898,84,74,10,10
75899,83,93,-10,10
75900,71,62,9,9
75901,97,80,17,17
75902,116,117,-1,1
75903,107,113,-6,6
75904,152,145,7,7
75905,130,152,-22,22
75906,49,41,8,8
75907,111,103,8,8
75908,124,96,28,28
75909,75,68,7,7
75910,112,128,-16,16
75911,111,118,-7,7
75912,97,92,5,5
75913,47,49,-2,2
75914,114,93,21,21
75915,107,111,-4,4
75916,93,92,1,1
75917,107,105,2,2
75918,114,114,0,0
75919,124,137,-13,13
75920,133,122,11,11
75921,64,65,-1,1
75922,80,77,3,3
75923,155,144,11,11
75924,98,109,-11,11
75925,82,72,10,10
75926,50,50,0,0
75927,64,59,5,5
75928,97,99,-2,2
75929,123,117,6,6
75930,46,50,-4,4
75931,78,62,16,16
75932,122,112,10,10
75933,181,167,14,14
75934,64,66,-2,2
75935,56,55,1,1
75936,72,84,-12,12
75937,141,138,3,3
75938,126,128,-2,2
75939,71,66,5,5
75940,81,62,19,19
75941,137,129,8,8
75942,91,88,3,3
75943,117,111,6,6
75944,160,162,-2,2
75945,101,90,11,11
75946,55,64,-9,9
75947,104,108,-4,4
75948,72,67,5,5
75949,165,162,3,3
75950,74,60,14,14
75951,72,66,6,6
75952,138,114,24,24
75953,87,77,10,10
75954,66,59,7,7
75955,78,89,-11,11
75956,80,69,11,11
75957,111,110,1,1
75958,132,128,4,4
75959,70,70,0,0
75960,96,95,1,1
75961,127,123,4,4
75962,121,130,-9,9
75963,57,57,0,0
75964,203,201,2,2
75965,94,83,11,11
75966,81,93,-12,12
75967,52,45,7,7
75968,150,142,8,8
75969,83,112,-29,29
75970,99,92,7,7
75971,64,61,3,3
75972,79,76,3,3
75973,81,77,4,4
75974,47,48,-1,1
75975,54,46,8,8
75976,152,147,5,5
75977,44,48,-4,4
75978,87,92,-5,5
75979,161,152,9,9
75980,83,77,6,6
75981,75,72,3,3
75982,111,116,-5,5
75983,60,50,10,10
75984,98,88,10,10
75985,74,75,-1,1
75986,81,73,8,8
75987,113,114,-1,1
75988,110,103,7,7
75989,84,88,-4,4
75990,57,55,2,2
75991,70,68,2,2
75992,175,160,15,15
75993,95,92,3,3
75994,94,101,-7,7
75995,107,103,4,4
75996,75,78,-3,3
75997,85,93,-8,8
75998,162,142,20,20
75999,93,95,-2,2
76000,73,73,0,0
76001,86,80,6,6
76002,179,170,9,9
76003,202,191,11,11
76004,98,99,-1,1
76005,85,82,3,3
76006,37,47,-10,10
76007,121,111,10,10
76008,128,124,4,4
76009,87,95,-8,8
76010,141,142,-1,1
76011,70,70,0,0
76012,151,161,-10,10
76013,116,113,3,3
76014,81,74,7,7
76015,81,73,8,8
76016,89,92,-3,3
76017,124,92,32,32
76018,94,85,9,9
76019,56,59,-3,3
76020,151,141,10,10
76021,157,149,8,8
76022,70,71,-1,1
76023,154,158,-4,4
76024,130,123,7,7
76025,121,118,3,3
76026,119,122,-3,3
76027,94,100,-6,6
76028,62,72,-10,10
76029,99,86,13,13
76030,82,74,8,8
76031,145,143,2,2
76032,107,119,-12,12
76033,107,110,-3,3
76034,128,120,8,8
76035,52,54,-2,2
76036,103,98,5,5
76037,70,61,9,9
76038,161,161,0,0
76039,74,76,-2,2
76040,70,66,4,4
76041,114,107,7,7
76042,150,149,1,1
76043,105,119,-14,14
76044,119,118,1,1
76045,71,71,0,0
76046,102,100,2,2
76047,43,56,-13,13
76048,84,84,0,0
76049,70,70,0,0
76050,82,75,7,7
76051,74,59,15,15
76052,98,90,8,8
76053,55,65,-10,10
76054,110,109,1,1
76055,145,151,-6,6
76056,80,73,7,7
76057,137,129,8,8
76058,77,88,-11,11
76059,80,70,10,10
76060,73,61,12,12
76061,83,77,6,6
76062,100,97,3,3
76063,85,83,2,2
76064,101,99,2,2
76065,79,78,1,1
76066,89,99,-10,10
76067,60,62,-2,2
76068,112,90,22,22
76069,173,174,-1,1
76070,60,59,1,1
76071,41,51,-10,10
76072,57,64,-7,7
76073,88,89,-1,1
76074,101,95,6,6
76075,82,70,12,12
76076,100,98,2,2
76077,85,82,3,3
76078,117,101,16,16
76079,83,86,-3,3
76080,162,145,17,17
76081,59,57,2,2
76082,127,116,11,11
76083,170,154,16,16
76084,114,106,8,8
76085,111,111,0,0
76086,44,50,-6,6
76087,91,95,-4,4
76088,76,81,-5,5
76089,64,71,-7,7
76090,67,62,5,5
76091,135,127,8,8
76092,75,75,0,0
76093,110,109,1,1
76094,84,78,6,6
76095,77,70,7,7
76096,97,97,0,0
76097,85,90,-5,5
76098,61,50,11,11
76099,86,83,3,3
76100,75,73,2,2
76101,83,112,-29,29
76102,168,161,7,7
76103,97,97,0,0
76104,64,65,-1,1
76105,126,114,12,12
76106,85,85,0,0
76107,111,112,-1,1
76108,87,84,3,3
76109,101,112,-11,11
76110,162,125,37,37
76111,143,144,-1,1
76112,123,112,11,11
76113,82,82,0,0
76114,101,99,2,2
76115,92,103,-11,11
76116,87,92,-5,5
76117,93,72,21,21
76118,100,111,-11,11
76119,92,84,8,8
76120,85,74,11,11
76121,49,48,1,1
76122,79,84,-5,5
76123,58,50,8,8
76124,85,83,2,2
76125,61,59,2,2
76126,140,136,4,4
76127,127,128,-1,1
76128,152,152,0,0
76129,67,58,9,9
76130,64,61,3,3
76131,136,141,-5,5
76132,74,70,4,4
76133,100,84,16,16
76134,158,141,17,17
76135,80,82,-2,2
76136,88,83,5,5
76137,110,119,-9,9
76138,74,64,10,10
76139,116,125,-9,9
76140,82,69,13,13
76141,117,109,8,8
76142,81,70,11,11
76143,74,74,0,0
76144,104,109,-5,5
76145,147,134,13,13
76146,82,73,9,9
76147,50,51,-1,1
76148,180,161,19,19
76149,182,188,-6,6
76150,63,67,-4,4
76151,190,163,27,27
76152,122,143,-21,21
76153,99,85,14,14
76154,66,73,-7,7
76155,53,68,-15,15
76156,63,59,4,4
76157,125,126,-1,1
76158,112,103,9,9
76159,85,84,1,1
76160,56,56,0,0
76161,85,81,4,4
76162,70,77,-7,7
76163,83,84,-1,1
76164,135,140,-5,5
76165,57,56,1,1
76166,84,81,3,3
76167,90,103,-13,13
76168,59,49,10,10
76169,77,69,8,8
76170,64,57,7,7
76171,99,101,-2,2
76172,109,101,8,8
76173,97,97,0,0
76174,92,87,5,5
76175,87,91,-4,4
76176,42,45,-3,3
76177,74,82,-8,8
76178,162,181,-19,19
76179,125,118,7,7
76180,178,181,-3,3
76181,98,113,-15,15
76182,89,87,2,2
76183,72,72,0,0
76184,78,73,5,5
76185,53,60,-7,7
76186,85,73,12,12
76187,122,122,0,0
76188,101,115,-14,14
76189,81,80,1,1
76190,128,91,37,37
76191,98,96,2,2
76192,154,167,-13,13
76193,122,128,-6,6
76194,63,61,2,2
76195,83,94,-11,11
76196,98,98,0,0
76197,70,64,6,6
76198,89,99,-10,10
76199,111,116,-5,5
76200,44,54,-10,10
76201,48,57,-9,9
76202,104,100,4,4
76203,106,102,4,4
76204,148,133,15,15
76205,128,131,-3,3
76206,118,117,1,1
76207,105,89,16,16
76208,141,147,-6,6
76209,115,92,23,23
76210,161,153,8,8
76211,71,86,-15,15
76212,149,143,6,6
76213,77,69,8,8
76214,117,103,14,14
76215,119,115,4,4
76216,116,104,12,12
76217,88,100,-12,12
76218,107,114,-7,7
76219,72,81,-9,9
76220,137,154,-17,17
76221,122,124,-2,2
76222,126,108,18,18
76223,50,63,-13,13
76224,119,100,19,19
76225,79,70,9,9
76226,124,133,-9,9
76227,128,129,-1,1
76228,132,118,14,14
76229,90,84,6,6
76230,95,97,-2,2
76231,97,82,15,15
76232,63,62,1,1
76233,109,108,1,1
76234,133,144,-11,11
76235,104,100,4,4
76236,35,70,-35,35
76237,72,73,-1,1
76238,65,68,-3,3
76239,120,106,14,14
76240,135,158,-23,23
76241,130,121,9,9
76242,137,142,-5,5
76243,81,77,4,4
76244,83,83,0,0
76245,51,58,-7,7
76246,77,83,-6,6
76247,116,109,7,7
76248,72,76,-4,4
76249,97,92,5,5
76250,78,75,3,3
76251,63,62,1,1
76252,130,132,-2,2
76253,158,154,4,4
76254,75,74,1,1
76255,76,73,3,3
76256,101,97,4,4
76257,44,50,-6,6
76258,74,66,8,8
76259,98,89,9,9
76260,134,137,-3,3
76261,104,97,7,7
76262,88,86,2,2
76263,179,178,1,1
76264,46,54,-8,8
76265,141,140,1,1
76266,91,70,21,21
76267,72,73,-1,1
76268,82,75,7,7
76269,73,75,-2,2
76270,139,132,7,7
76271,124,118,6,6
76272,100,108,-8,8
76273,98,92,6,6
76274,80,82,-2,2
76275,97,113,-16,16
76276,62,68,-6,6
76277,136,136,0,0
76278,93,86,7,7
76279,104,99,5,5
76280,158,159,-1,1
76281,105,97,8,8
76282,82,57,25,25
76283,150,143,7,7
76284,161,149,12,12
76285,68,61,7,7
76286,97,98,-1,1
76287,106,99,7,7
76288,75,66,9,9
76289,95,90,5,5
76290,84,79,5,5
76291,144,132,12,12
76292,115,122,-7,7
76293,45,51,-6,6
76294,99,93,6,6
76295,91,88,3,3
76296,75,71,4,4
76297,134,113,21,21
76298,69,59,10,10
76299,74,64,10,10
76300,53,50,3,3
76301,74,73,1,1
76302,95,96,-1,1
76303,54,51,3,3
76304,96,92,4,4
76305,93,86,7,7
76306,108,107,1,1
76307,104,116,-12,12
76308,80,73,7,7
76309,87,77,10,10
76310,98,109,-11,11
76311,60,59,1,1
76312,65,67,-2,2
76313,75,82,-7,7
76314,80,93,-13,13
76315,81,87,-6,6
76316,123,115,8,8
76317,89,92,-3,3
76318,142,141,1,1
76319,64,55,9,9
76320,100,106,-6,6
76321,45,57,-12,12
76322,118,110,8,8
76323,73,78,-5,5
76324,74,80,-6,6
76325,102,99,3,3
76326,66,73,-7,7
76327,120,123,-3,3
76328,57,56,1,1
76329,149,132,17,17
76330,131,133,-2,2
76331,81,70,11,11
76332,61,74,-13,13
76333,89,85,4,4
76334,66,54,12,12
76335,64,65,-1,1
76336,76,78,-2,2
76337,124,119,5,5
76338,48,52,-4,4
76339,68,67,1,1
76340,100,101,-1,1
76341,96,94,2,2
76342,50,50,0,0
76343,85,84,1,1
76344,85,82,3,3
76345,61,59,2,2
76346,91,79,12,12
76347,72,66,6,6
76348,129,113,16,16
76349,104,99,5,5
76350,54,62,-8,8
76351,53,57,-4,4
76352,105,108,-3,3
76353,91,104,-13,13
76354,66,77,-11,11
76355,59,59,0,0
76356,118,112,6,6
76357,109,116,-7,7
76358,63,59,4,4
76359,63,56,7,7
76360,68,61,7,7
76361,166,177,-11,11
76362,84,79,5,5
76363,66,60,6,6
76364,100,113,-13,13
76365,104,90,14,14
76366,65,57,8,8
76367,57,63,-6,6
76368,99,94,5,5
76369,96,107,-11,11
76370,71,65,6,6
76371,57,62,-5,5
76372,105,117,-12,12
76373,88,78,10,10
76374,54,61,-7,7
76375,181,167,14,14
76376,100,106,-6,6
76377,103,98,5,5
76378,138,128,10,10
76379,65,70,-5,5
76380,71,72,-1,1
76381,70,62,8,8
76382,72,62,10,10
76383,66,56,10,10
76384,79,73,6,6
76385,169,171,-2,2
76386,129,119,10,10
76387,129,113,16,16
76388,63,58,5,5
76389,92,90,2,2
76390,109,108,1,1
76391,58,60,-2,2
76392,108,94,14,14
76393,107,96,11,11
76394,162,162,0,0
76395,57,52,5,5
76396,109,115,-6,6
76397,86,83,3,3
76398,91,80,11,11
76399,89,76,13,13
76400,93,91,2,2
76401,70,72,-2,2
76402,73,73,0,0
76403,71,64,7,7
76404,59,61,-2,2
76405,166,168,-2,2
76406,71,64,7,7
76407,71,56,15,15
76408,132,119,13,13
76409,103,107,-4,4
76410,114,105,9,9
76411,103,108,-5,5
76412,98,93,5,5
76413,92,84,8,8
76414,102,109,-7,7
76415,113,120,-7,7
76416,130,158,-28,28
76417,56,57,-1,1
76418,127,127,0,0
76419,53,68,-15,15
76420,129,124,5,5
76421,93,90,3,3
76422,133,124,9,9
76423,93,92,1,1
76424,92,99,-7,7
76425,45,54,-9,9
76426,96,82,14,14
76427,104,116,-12,12
76428,65,64,1,1
76429,114,94,20,20
76430,52,51,1,1
76431,80,81,-1,1
76432,135,127,8,8
76433,78,80,-2,2
76434,69,65,4,4
76435,61,46,15,15
76436,75,68,7,7
76437,131,128,3,3
76438,108,112,-4,4
76439,96,99,-3,3
76440,178,167,11,11
76441,171,177,-6,6
76442,81,73,8,8
76443,91,78,13,13
76444,69,70,-1,1
76445,146,132,14,14
76446,111,88,23,23
76447,65,66,-1,1
76448,86,82,4,4
76449,79,88,-9,9
76450,108,101,7,7
76451,94,103,-9,9
76452,107,106,1,1
76453,100,90,10,10
76454,121,113,8,8
76455,144,153,-9,9
76456,66,61,5,5
76457,40,44,-4,4
76458,99,98,1,1
76459,32,37,-5,5
76460,69,73,-4,4
76461,145,139,6,6
76462,76,76,0,0
76463,85,81,4,4
76464,53,52,1,1
76465,27,41,-14,14
76466,55,65,-10,10
76467,41,48,-7,7
76468,57,58,-1,1
76469,83,47,36,36
76470,77,71,6,6
76471,85,80,5,5
76472,118,108,10,10
76473,55,52,3,3
76474,62,57,5,5
76475,111,109,2,2
76476,108,102,6,6
76477,89,95,-6,6
76478,97,102,-5,5
76479,94,100,-6,6
76480,61,60,1,1
76481,82,93,-11,11
76482,83,88,-5,5
76483,140,131,9,9
76484,152,138,14,14
76485,86,76,10,10
76486,33,38,-5,5
76487,88,84,4,4
76488,71,61,10,10
76489,97,115,-18,18
76490,81,85,-4,4
76491,129,122,7,7
76492,55,57,-2,2
76493,122,122,0,0
76494,103,110,-7,7
76495,98,94,4,4
76496,89,85,4,4
76497,87,81,6,6
76498,79,83,-4,4
76499,98,108,-10,10
76500,49,68,-19,19
76501,82,82,0,0
76502,120,123,-3,3
76503,108,105,3,3
76504,169,170,-1,1
76505,161,159,2,2
76506,134,144,-10,10
76507,96,97,-1,1
76508,56,56,0,0
76509,101,103,-2,2
76510,86,95,-9,9
76511,82,70,12,12
76512,85,93,-8,8
76513,79,74,5,5
76514,78,77,1,1
76515,105,105,0,0
76516,142,142,0,0
76517,65,69,-4,4
76518,57,53,4,4
76519,81,86,-5,5
76520,139,110,29,29
76521,84,76,8,8
76522,81,91,-10,10
76523,154,133,21,21
76524,147,141,6,6
76525,153,141,12,12
76526,73,76,-3,3
76527,141,140,1,1
76528,43,46,-3,3
76529,101,101,0,0
76530,42,48,-6,6
76531,78,82,-4,4
76532,97,101,-4,4
76533,65,72,-7,7
76534,58,56,2,2
76535,79,87,-8,8
76536,95,95,0,0
76537,105,115,-10,10
76538,37,40,-3,3
76539,82,78,4,4
76540,130,129,1,1
76541,99,111,-12,12
76542,125,91,34,34
76543,51,66,-15,15
76544,87,78,9,9
76545,147,151,-4,4
76546,61,53,8,8
76547,122,128,-6,6
76548,70,74,-4,4
76549,81,69,12,12
76550,93,89,4,4
76551,136,141,-5,5
76552,61,67,-6,6
76553,75,81,-6,6
76554,118,106,12,12
76555,110,105,5,5
76556,153,162,-9,9
76557,57,49,8,8
76558,128,117,11,11
76559,118,106,12,12
76560,81,88,-7,7
76561,82,79,3,3
76562,126,122,4,4
76563,110,93,17,17
76564,91,94,-3,3
76565,106,83,23,23
76566,92,88,4,4
76567,74,74,0,0
76568,119,122,-3,3
76569,47,52,-5,5
76570,81,89,-8,8
76571,101,95,6,6
76572,91,87,4,4
76573,68,63,5,5
76574,119,115,4,4
76575,90,86,4,4
76576,104,108,-4,4
76577,80,77,3,3
76578,84,82,2,2
76579,132,129,3,3
76580,32,63,-31,31
76581,139,133,6,6
76582,85,80,5,5
76583,83,81,2,2
76584,55,57,-2,2
76585,98,99,-1,1
76586,177,180,-3,3
76587,81,82,-1,1
76588,90,96,-6,6
76589,133,119,14,14
76590,85,73,12,12
76591,58,51,7,7
76592,133,133,0,0
76593,81,72,9,9
76594,149,143,6,6
76595,107,103,4,4
76596,113,95,18,18
76597,108,91,17,17
76598,93,93,0,0
76599,100,86,14,14
76600,66,64,2,2
76601,109,98,11,11
76602,77,87,-10,10
76603,208,180,28,28
76604,79,84,-5,5
76605,74,68,6,6
76606,74,75,-1,1
76607,131,122,9,9
76608,127,114,13,13
76609,77,77,0,0
76610,100,75,25,25
76611,82,106,-24,24
76612,100,101,-1,1
76613,65,73,-8,8
76614,97,97,0,0
76615,146,127,19,19
76616,99,85,14,14
76617,117,108,9,9
76618,71,68,3,3
76619,60,63,-3,3
76620,75,73,2,2
76621,46,52,-6,6
76622,121,105,16,16
76623,55,47,8,8
76624,119,119,0,0
76625,178,171,7,7
76626,131,127,4,4
76627,123,122,1,1
76628,99,94,5,5
76629,164,159,5,5
76630,69,65,4,4
76631,55,62,-7,7
76632,148,152,-4,4
76633,67,73,-6,6
76634,138,136,2,2
76635,115,104,11,11
76636,134,123,11,11
76637,91,100,-9,9
76638,94,90,4,4
76639,114,113,1,1
76640,92,85,7,7
76641,98,97,1,1
76642,41,39,2,2
76643,49,57,-8,8
76644,59,74,-15,15
76645,90,80,10,10
76646,165,153,12,12
76647,53,60,-7,7
76648,67,67,0,0
76649,77,73,4,4
76650,87,78,9,9
76651,65,64,1,1
76652,133,131,2,2
76653,98,92,6,6
76654,103,103,0,0
76655,85,83,2,2
76656,153,146,7,7
76657,85,72,13,13
76658,126,136,-10,10
76659,102,111,-9,9
76660,115,111,4,4
76661,78,85,-7,7
76662,152,158,-6,6
76663,72,74,-2,2
76664,65,65,0,0
76665,71,69,2,2
76666,134,136,-2,2
76667,104,97,7,7
76668,54,57,-3,3
76669,133,120,13,13
76670,99,87,12,12
76671,69,63,6,6
76672,169,173,-4,4
76673,94,97,-3,3
76674,106,108,-2,2
76675,86,83,3,3
76676,107,101,6,6
76677,52,55,-3,3
76678,71,72,-1,1
76679,87,78,9,9
76680,155,162,-7,7
76681,58,57,1,1
76682,144,137,7,7
76683,111,105,6,6
76684,90,89,1,1
76685,74,64,10,10
76686,100,93,7,7
76687,112,106,6,6
76688,117,114,3,3
76689,48,89,-41,41
76690,107,92,15,15
76691,144,146,-2,2
76692,86,72,14,14
76693,101,106,-5,5
76694,94,90,4,4
76695,129,115,14,14
76696,132,133,-1,1
76697,61,63,-2,2
76698,103,111,-8,8
76699,104,96,8,8
76700,135,118,17,17
76701,76,81,-5,5
76702,112,118,-6,6
76703,114,87,27,27
76704,69,64,5,5
76705,92,78,14,14
76706,80,79,1,1
76707,139,122,17,17
76708,76,67,9,9
76709,71,73,-2,2
76710,100,102,-2,2
76711,106,96,10,10
76712,145,138,7,7
76713,76,81,-5,5
76714,92,95,-3,3
76715,49,47,2,2
76716,110,112,-2,2
76717,92,91,1,1
76718,173,148,25,25
76719,98,91,7,7
76720,175,156,19,19
76721,75,89,-14,14
76722,103,89,14,14
76723,111,131,-20,20
76724,215,209,6,6
76725,131,121,10,10
76726,67,66,1,1
76727,127,136,-9,9
76728,72,72,0,0
76729,43,70,-27,27
76730,65,72,-7,7
76731,69,65,4,4
76732,149,155,-6,6
76733,75,68,7,7
76734,81,82,-1,1
76735,76,64,12,12
76736,53,57,-4,4
76737,79,92,-13,13
76738,152,144,8,8
76739,97,94,3,3
76740,48,46,2,2
76741,107,113,-6,6
76742,118,115,3,3
76743,78,75,3,3
76744,98,84,14,14
76745,121,108,13,13
76746,108,95,13,13
76747,59,55,4,4
76748,95,104,-9,9
76749,98,95,3,3
76750,71,65,6,6
76751,76,74,2,2
76752,100,107,-7,7
76753,70,62,8,8
76754,71,61,10,10
76755,94,70,24,24
76756,86,80,6,6
76757,102,114,-12,12
76758,106,100,6,6
76759,74,83,-9,9
76760,49,58,-9,9
76761,103,95,8,8
76762,70,72,-2,2
76763,168,171,-3,3
76764,66,67,-1,1
76765,128,131,-3,3
76766,110,103,7,7
76767,82,70,12,12
76768,92,82,10,10
76769,187,189,-2,2
76770,101,114,-13,13
76771,47,51,-4,4
76772,72,68,4,4
76773,77,79,-2,2
76774,30,40,-10,10
76775,124,133,-9,9
76776,218,193,25,25
76777,110,115,-5,5
76778,106,111,-5,5
76779,133,119,14,14
76780,88,73,15,15
76781,58,52,6,6
76782,184,168,16,16
76783,152,136,16,16
76784,87,91,-4,4
76785,167,156,11,11
76786,93,101,-8,8
76787,130,112,18,18
76788,96,82,14,14
76789,119,131,-12,12
76790,81,77,4,4
76791,52,51,1,1
76792,66,61,5,5
76793,102,108,-6,6
76794,76,74,2,2
76795,117,103,14,14
76796,98,90,8,8
76797,81,101,-20,20
76798,99,106,-7,7
76799,81,76,5,5
76800,64,63,1,1
76801,139,136,3,3
76802,84,81,3,3
76803,68,63,5,5
76804,42,52,-10,10
76805,73,63,10,10
76806,158,123,35,35
76807,101,99,2,2
76808,122,118,4,4
76809,76,87,-11,11
76810,129,164,-35,35
76811,99,97,2,2
76812,71,67,4,4
76813,80,78,2,2
76814,141,134,7,7
76815,48,46,2,2
76816,146,135,11,11
76817,83,90,-7,7
76818,102,105,-3,3
76819,87,87,0,0
76820,83,72,11,11
76821,63,81,-18,18
76822,89,85,4,4
76823,142,130,12,12
76824,90,96,-6,6
76825,97,87,10,10
76826,130,123,7,7
76827,88,85,3,3
76828,146,153,-7,7
76829,118,108,10,10
76830,124,123,1,1
76831,108,123,-15,15
76832,53,53,0,0
76833,78,75,3,3
76834,54,58,-4,4
76835,121,118,3,3
76836,105,113,-8,8
76837,47,57,-10,10
76838,58,60,-2,2
76839,126,118,8,8
76840,165,148,17,17
76841,118,114,4,4
76842,54,56,-2,2
76843,98,100,-2,2
76844,39,33,6,6
76845,88,95,-7,7
76846,85,100,-15,15
76847,92,99,-7,7
76848,101,91,10,10
76849,69,74,-5,5
76850,70,57,13,13
76851,57,107,-50,50
76852,89,91,-2,2
76853,165,159,6,6
76854,88,83,5,5
76855,142,128,14,14
76856,109,116,-7,7
76857,105,105,0,0
76858,94,100,-6,6
76859,124,125,-1,1
76860,119,115,4,4
76861,41,45,-4,4
76862,102,100,2,2
76863,90,72,18,18
76864,126,125,1,1
76865,59,68,-9,9
76866,74,70,4,4
76867,104,112,-8,8
76868,101,101,0,0
76869,102,95,7,7
76870,123,125,-2,2
76871,90,90,0,0
76872,85,74,11,11
76873,85,92,-7,7
76874,57,49,8,8
76875,73,73,0,0
76876,73,78,-5,5
76877,106,104,2,2
76878,47,40,7,7
76879,91,92,-1,1
76880,93,84,9,9
76881,63,67,-4,4
76882,80,74,6,6
76883,71,65,6,6
76884,92,84,8,8
76885,125,132,-7,7
76886,82,93,-11,11
76887,97,93,4,4
76888,59,59,0,0
76889,125,137,-12,12
76890,115,106,9,9
76891,103,102,1,1
76892,97,86,11,11
76893,89,86,3,3
76894,78,79,-1,1
76895,159,149,10,10
76896,117,124,-7,7
76897,100,99,1,1
76898,104,103,1,1
76899,97,109,-12,12
76900,114,101,13,13
76901,118,128,-10,10
76902,99,79,20,20
76903,98,85,13,13
76904,114,115,-1,1
76905,99,92,7,7
76906,95,88,7,7
76907,68,71,-3,3
76908,119,115,4,4
76909,125,117,8,8
76910,74,69,5,5
76911,97,92,5,5
76912,101,93,8,8
76913,157,151,6,6
76914,141,134,7,7
76915,132,135,-3,3
76916,104,103,1,1
76917,85,86,-1,1
76918,110,108,2,2
76919,91,100,-9,9
76920,53,50,3,3
76921,81,82,-1,1
76922,78,76,2,2
76923,79,87,-8,8
76924,73,72,1,1
76925,81,80,1,1
76926,89,82,7,7
76927,78,71,7,7
76928,122,116,6,6
76929,64,70,-6,6
76930,52,55,-3,3
76931,87,86,1,1
76932,134,135,-1,1
76933,104,97,7,7
76934,116,121,-5,5
76935,102,98,4,4
76936,160,89,71,71
76937,83,77,6,6
76938,159,169,-10,10
76939,130,141,-11,11
76940,92,88,4,4
76941,95,90,5,5
76942,179,188,-9,9
76943,132,101,31,31
76944,53,50,3,3
76945,100,91,9,9
76946,105,92,13,13
76947,77,78,-1,1
76948,115,117,-2,2
76949,126,126,0,0
76950,91,90,1,1
76951,79,81,-2,2
76952,40,52,-12,12
76953,128,124,4,4
76954,145,129,16,16
76955,153,142,11,11
76956,81,78,3,3
76957,113,124,-11,11
76958,138,120,18,18
76959,100,100,0,0
76960,77,59,18,18
76961,71,73,-2,2
76962,110,116,-6,6
76963,118,102,16,16
76964,137,141,-4,4
76965,94,90,4,4
76966,65,58,7,7
76967,52,71,-19,19
76968,74,70,4,4
76969,68,69,-1,1
76970,101,100,1,1
76971,104,104,0,0
76972,138,126,12,12
76973,71,67,4,4
76974,140,121,19,19
76975,83,79,4,4
76976,91,90,1,1
76977,125,119,6,6
76978,77,82,-5,5
76979,63,59,4,4
76980,116,115,1,1
76981,102,102,0,0
76982,121,130,-9,9
76983,116,113,3,3
76984,181,185,-4,4
76985,112,125,-13,13
76986,151,167,-16,16
76987,127,124,3,3
76988,87,85,2,2
76989,123,116,7,7
76990,74,83,-9,9
76991,161,156,5,5
76992,48,49,-1,1
76993,207,189,18,18
76994,124,128,-4,4
76995,91,100,-9,9
76996,104,102,2,2
76997,118,130,-12,12
76998,112,109,3,3
76999,70,64,6,6
77000,76,72,4,4
77001,133,126,7,7
77002,79,69,10,10
77003,56,68,-12,12
77004,111,130,-19,19
77005,48,58,-10,10
77006,80,69,11,11
77007,144,113,31,31
77008,39,33,6,6
77009,91,88,3,3
77010,97,99,-2,2
77011,93,85,8,8
77012,142,115,27,27
77013,116,113,3,3
77014,86,87,-1,1
77015,128,131,-3,3
77016,101,98,3,3
77017,53,62,-9,9
77018,153,147,6,6
77019,69,76,-7,7
77020,101,94,7,7
77021,146,144,2,2
77022,107,102,5,5
77023,86,84,2,2
77024,44,47,-3,3
77025,64,63,1,1
77026,90,68,22,22
77027,69,66,3,3
77028,78,82,-4,4
77029,141,141,0,0
77030,54,53,1,1
77031,61,56,5,5
77032,140,123,17,17
77033,158,151,7,7
77034,96,86,10,10
77035,159,160,-1,1
77036,155,138,17,17
77037,152,144,8,8
77038,62,61,1,1
77039,84,71,13,13
77040,197,190,7,7
77041,123,122,1,1
77042,80,82,-2,2
77043,25,37,-12,12
77044,140,144,-4,4
77045,65,72,-7,7
77046,67,92,-25,25
77047,62,58,4,4
77048,71,65,6,6
77049,138,135,3,3
77050,73,69,4,4
77051,84,81,3,3
77052,227,199,28,28
77053,97,89,8,8
77054,47,48,-1,1
77055,74,76,-2,2
77056,75,80,-5,5
77057,64,67,-3,3
77058,107,103,4,4
77059,60,61,-1,1
77060,70,73,-3,3
77061,117,102,15,15
77062,110,114,-4,4
77063,118,118,0,0
77064,86,87,-1,1
77065,61,69,-8,8
77066,72,66,6,6
77067,153,139,14,14
77068,92,91,1,1
77069,117,121,-4,4
77070,79,76,3,3
77071,111,104,7,7
77072,48,45,3,3
77073,71,61,10,10
77074,100,102,-2,2
77075,90,83,7,7
77076,67,69,-2,2
77077,111,113,-2,2
77078,68,69,-1,1
77079,113,106,7,7
77080,78,90,-12,12
77081,94,89,5,5
77082,86,86,0,0
77083,131,130,1,1
77084,142,125,17,17
77085,83,83,0,0
77086,62,81,-19,19
77087,74,69,5,5
77088,143,135,8,8
77089,163,166,-3,3
77090,78,71,7,7
77091,42,44,-2,2
77092,69,61,8,8
77093,68,59,9,9
77094,132,121,11,11
77095,59,55,4,4
77096,107,106,1,1
77097,107,109,-2,2
77098,49,53,-4,4
77099,114,107,7,7
77100,87,92,-5,5
77101,103,102,1,1
77102,122,108,14,14
77103,114,109,5,5
77104,172,158,14,14
77105,69,70,-1,1
77106,57,57,0,0
77107,108,113,-5,5
77108,80,88,-8,8
77109,70,74,-4,4
77110,126,124,2,2
77111,102,91,11,11
77112,45,54,-9,9
77113,72,66,6,6
77114,174,163,11,11
77115,101,110,-9,9
77116,53,55,-2,2
77117,71,62,9,9
77118,157,174,-17,17
77119,139,131,8,8
77120,116,115,1,1
77121,86,77,9,9
77122,96,85,11,11
77123,107,107,0,0
77124,98,104,-6,6
77125,89,93,-4,4
77126,117,128,-11,11
77127,108,94,14,14
77128,54,52,2,2
77129,116,119,-3,3
77130,111,112,-1,1
77131,139,143,-4,4
77132,74,70,4,4
77133,117,132,-15,15
77134,106,113,-7,7
77135,158,136,22,22
77136,97,95,2,2
77137,70,65,5,5
77138,106,104,2,2
77139,82,69,13,13
77140,141,117,24,24
77141,132,126,6,6
77142,114,99,15,15
77143,145,136,9,9
77144,56,62,-6,6
77145,109,91,18,18
77146,131,117,14,14
77147,154,105,49,49
77148,73,65,8,8
77149,63,66,-3,3
77150,134,147,-13,13
77151,91,82,9,9
77152,127,123,4,4
77153,42,40,2,2
77154,101,106,-5,5
77155,52,49,3,3
77156,143,150,-7,7
77157,92,83,9,9
77158,84,81,3,3
77159,101,122,-21,21
77160,117,121,-4,4
77161,85,86,-1,1
77162,52,56,-4,4
77163,74,66,8,8
77164,78,64,14,14
77165,64,65,-1,1
77166,90,93,-3,3
77167,59,65,-6,6
77168,53,58,-5,5
77169,94,97,-3,3
77170,77,73,4,4
77171,108,87,21,21
77172,138,129,9,9
77173,83,85,-2,2
77174,150,135,15,15
77175,108,103,5,5
77176,64,60,4,4
77177,101,107,-6,6
77178,92,82,10,10
77179,150,137,13,13
77180,133,136,-3,3
77181,42,55,-13,13
77182,43,47,-4,4
77183,63,60,3,3
77184,82,82,0,0
77185,56,48,8,8
77186,101,112,-11,11
77187,65,84,-19,19
77188,112,112,0,0
77189,50,48,2,2
77190,130,122,8,8
77191,88,95,-7,7
77192,74,65,9,9
77193,129,134,-5,5
77194,57,63,-6,6
77195,110,110,0,0
77196,99,100,-1,1
77197,77,62,15,15
77198,117,104,13,13
77199,107,97,10,10
77200,62,61,1,1
77201,75,72,3,3
77202,97,102,-5,5
77203,54,50,4,4
77204,80,74,6,6
77205,84,83,1,1
77206,52,50,2,2
77207,106,106,0,0
77208,99,115,-16,16
77209,92,80,12,12
77210,53,60,-7,7
77211,135,131,4,4
77212,116,97,19,19
77213,96,101,-5,5
77214,116,114,2,2
77215,90,85,5,5
77216,187,164,23,23
77217,55,90,-35,35
77218,48,48,0,0
77219,77,79,-2,2
77220,74,73,1,1
77221,97,98,-1,1
77222,159,153,6,6
77223,127,125,2,2
77224,83,76,7,7
77225,67,62,5,5
77226,103,83,20,20
77227,68,65,3,3
77228,75,63,12,12
77229,88,92,-4,4
77230,82,128,-46,46
77231,128,114,14,14
77232,177,164,13,13
77233,140,131,9,9
77234,108,84,24,24
77235,59,51,8,8
77236,97,95,2,2
77237,105,102,3,3
77238,59,59,0,0
77239,74,66,8,8
77240,63,66,-3,3
77241,53,64,-11,11
77242,67,64,3,3
77243,88,85,3,3
77244,116,113,3,3
77245,141,142,-1,1
77246,123,127,-4,4
77247,111,106,5,5
77248,89,95,-6,6
77249,112,74,38,38
77250,118,118,0,0
77251,51,55,-4,4
77252,165,157,8,8
77253,70,71,-1,1
77254,92,80,12,12
77255,156,136,20,20
77256,160,137,23,23
77257,64,60,4,4
77258,137,135,2,2
77259,93,92,1,1
77260,124,127,-3,3
77261,77,79,-2,2
77262,128,126,2,2
77263,79,68,11,11
77264,61,73,-12,12
77265,112,102,10,10
77266,45,49,-4,4
77267,67,64,3,3
77268,126,126,0,0
77269,92,86,6,6
77270,74,77,-3,3
77271,67,73,-6,6
77272,105,97,8,8
77273,167,169,-2,2
77274,131,132,-1,1
77275,84,118,-34,34
77276,110,125,-15,15
77277,72,75,-3,3
77278,71,105,-34,34
77279,115,118,-3,3
77280,159,152,7,7
77281,82,94,-12,12
77282,100,109,-9,9
77283,70,61,9,9
77284,104,105,-1,1
77285,49,48,1,1
77286,104,106,-2,2
77287,101,111,-10,10
77288,66,65,1,1
77289,87,83,4,4
77290,85,94,-9,9
77291,124,134,-10,10
77292,121,115,6,6
77293,97,92,5,5
77294,63,52,11,11
77295,93,96,-3,3
77296,79,67,12,12
77297,49,52,-3,3
77298,95,98,-3,3
77299,76,73,3,3
77300,133,136,-3,3
77301,66,64,2,2
77302,85,85,0,0
77303,228,250,-22,22
77304,124,131,-7,7
77305,90,80,10,10
77306,95,93,2,2
77307,54,56,-2,2
77308,82,72,10,10
77309,155,141,14,14
77310,173,170,3,3
77311,171,157,14,14
77312,42,54,-12,12
77313,141,144,-3,3
77314,92,84,8,8
77315,94,85,9,9
77316,82,82,0,0
77317,132,123,9,9
77318,124,119,5,5
77319,94,84,10,10
77320,60,65,-5,5
77321,58,59,-1,1
77322,102,105,-3,3
77323,112,106,6,6
77324,121,116,5,5
77325,133,139,-6,6
77326,54,66,-12,12
77327,105,109,-4,4
77328,82,79,3,3
77329,104,97,7,7
77330,91,82,9,9
77331,103,105,-2,2
77332,96,95,1,1
77333,147,162,-15,15
77334,95,93,2,2
77335,111,118,-7,7
77336,106,104,2,2
77337,59,60,-1,1
77338,77,71,6,6
77339,97,79,18,18
77340,73,53,20,20
77341,105,99,6,6
77342,122,112,10,10
77343,55,63,-8,8
77344,108,108,0,0
77345,59,64,-5,5
77346,124,129,-5,5
77347,116,129,-13,13
77348,100,92,8,8
77349,76,76,0,0
77350,102,95,7,7
77351,95,104,-9,9
77352,138,121,17,17
77353,119,123,-4,4
77354,78,83,-5,5
77355,108,108,0,0
77356,34,38,-4,4
77357,105,112,-7,7
77358,120,117,3,3
77359,91,87,4,4
77360,103,110,-7,7
77361,75,68,7,7
77362,176,161,15,15
77363,85,79,6,6
77364,75,68,7,7
77365,103,102,1,1
77366,81,78,3,3
77367,105,112,-7,7
77368,50,60,-10,10
77369,118,119,-1,1
77370,163,161,2,2
77371,137,129,8,8
77372,167,170,-3,3
77373,116,110,6,6
77374,52,50,2,2
77375,115,110,5,5
77376,188,194,-6,6
77377,187,173,14,14
77378,84,81,3,3
77379,124,119,5,5
77380,95,89,6,6
77381,79,85,-6,6
77382,72,57,15,15
77383,68,68,0,0
77384,116,112,4,4
77385,83,101,-18,18
77386,94,88,6,6
77387,63,61,2,2
77388,200,205,-5,5
77389,61,55,6,6
77390,148,139,9,9
77391,56,57,-1,1
77392,110,104,6,6
77393,94,86,8,8
77394,59,60,-1,1
77395,76,63,13,13
77396,67,74,-7,7
77397,102,107,-5,5
77398,165,151,14,14
77399,79,80,-1,1
77400,74,64,10,10
77401,136,129,7,7
77402,116,104,12,12
77403,95,105,-10,10
77404,112,104,8,8
77405,65,65,0,0
77406,43,44,-1,1
77407,92,90,2,2
77408,48,46,2,2
77409,75,67,8,8
77410,118,115,3,3
77411,99,81,18,18
77412,101,93,8,8
77413,41,61,-20,20
77414,78,82,-4,4
77415,129,115,14,14
77416,109,112,-3,3
77417,81,77,4,4
77418,167,156,11,11
77419,55,72,-17,17
77420,202,182,20,20
77421,118,115,3,3
77422,122,124,-2,2
77423,67,63,4,4
77424,67,64,3,3
77425,54,56,-2,2
77426,54,54,0,0
77427,89,90,-1,1
77428,107,106,1,1
77429,94,96,-2,2
77430,72,63,9,9
77431,127,134,-7,7
77432,84,99,-15,15
77433,64,66,-2,2
77434,96,94,2,2
77435,116,110,6,6
77436,127,124,3,3
77437,128,122,6,6
77438,118,129,-11,11
77439,62,59,3,3
77440,73,67,6,6
77441,36,38,-2,2
77442,165,149,16,16
77443,100,101,-1,1
77444,65,65,0,0
77445,75,72,3,3
77446,75,85,-10,10
77447,97,96,1,1
77448,93,93,0,0
77449,57,68,-11,11
77450,59,70,-11,11
77451,85,79,6,6
77452,99,97,2,2
77453,87,81,6,6
77454,102,119,-17,17
77455,75,73,2,2
77456,92,89,3,3
77457,79,84,-5,5
77458,50,68,-18,18
77459,48,50,-2,2
77460,217,195,22,22
77461,132,118,14,14
77462,101,103,-2,2
77463,82,80,2,2
77464,116,114,2,2
77465,112,96,16,16
77466,66,74,-8,8
77467,81,86,-5,5
77468,56,56,0,0
77469,97,82,15,15
77470,84,73,11,11
77471,37,43,-6,6
77472,74,63,11,11
77473,127,122,5,5
77474,54,59,-5,5
77475,80,81,-1,1
77476,57,53,4,4
77477,106,84,22,22
77478,91,85,6,6
77479,103,101,2,2
77480,114,96,18,18
77481,131,142,-11,11
77482,85,83,2,2
77483,85,88,-3,3
77484,93,98,-5,5
77485,74,71,3,3
77486,88,105,-17,17
77487,52,53,-1,1
77488,41,43,-2,2
77489,82,82,0,0
77490,112,111,1,1
77491,67,61,6,6
77492,69,68,1,1
77493,150,138,12,12
77494,93,93,0,0
77495,63,57,6,6
77496,95,86,9,9
77497,46,53,-7,7
77498,72,63,9,9
77499,77,76,1,1
77500,87,89,-2,2
77501,121,121,0,0
77502,149,138,11,11
77503,82,65,17,17
77504,57,53,4,4
77505,127,106,21,21
77506,103,93,10,10
77507,96,99,-3,3
77508,82,76,6,6
77509,161,154,7,7
77510,133,132,1,1
77511,73,69,4,4
77512,71,61,10,10
77513,168,140,28,28
77514,137,133,4,4
77515,72,60,12,12
77516,77,78,-1,1
77517,114,112,2,2
77518,115,107,8,8
77519,70,66,4,4
77520,78,73,5,5
77521,118,134,-16,16
77522,88,86,2,2
77523,81,75,6,6
77524,118,116,2,2
77525,60,60,0,0
77526,98,96,2,2
77527,99,88,11,11
77528,55,50,5,5
77529,100,96,4,4
77530,75,78,-3,3
77531,77,74,3,3
77532,139,141,-2,2
77533,99,90,9,9
77534,106,109,-3,3
77535,92,98,-6,6
77536,87,86,1,1
77537,55,64,-9,9
77538,89,100,-11,11
77539,106,117,-11,11
77540,161,173,-12,12
77541,72,80,-8,8
77542,119,112,7,7
77543,90,82,8,8
77544,110,105,5,5
77545,51,55,-4,4
77546,63,63,0,0
77547,42,55,-13,13
77548,85,76,9,9
77549,144,143,1,1
77550,69,70,-1,1
77551,43,51,-8,8
77552,94,99,-5,5
77553,178,193,-15,15
77554,80,79,1,1
77555,65,62,3,3
77556,62,65,-3,3
77557,62,55,7,7
77558,144,151,-7,7
77559,102,94,8,8
77560,104,94,10,10
77561,45,57,-12,12
77562,57,63,-6,6
77563,132,99,33,33
77564,105,98,7,7
77565,99,96,3,3
77566,60,71,-11,11
77567,72,70,2,2
77568,122,126,-4,4
77569,141,141,0,0
77570,94,92,2,2
77571,89,92,-3,3
77572,43,54,-11,11
77573,160,155,5,5
77574,84,72,12,12
77575,84,89,-5,5
77576,90,99,-9,9
77577,68,66,2,2
77578,189,176,13,13
77579,77,81,-4,4
77580,59,63,-4,4
77581,139,143,-4,4
77582,98,92,6,6
77583,147,133,14,14
77584,158,132,26,26
77585,97,93,4,4
77586,109,108,1,1
77587,112,105,7,7
77588,74,66,8,8
77589,155,141,14,14
77590,75,74,1,1
77591,129,123,6,6
77592,189,190,-1,1
77593,98,101,-3,3
77594,68,69,-1,1
77595,100,99,1,1
77596,136,116,20,20
77597,144,141,3,3
77598,123,129,-6,6
77599,60,58,2,2
77600,131,119,12,12
77601,74,83,-9,9
77602,148,119,29,29
77603,112,100,12,12
77604,60,58,2,2
77605,89,80,9,9
77606,83,86,-3,3
77607,100,95,5,5
77608,70,70,0,0
77609,119,123,-4,4
77610,52,61,-9,9
77611,72,75,-3,3
77612,127,123,4,4
77613,82,82,0,0
77614,65,58,7,7
77615,75,59,16,16
77616,65,66,-1,1
77617,80,100,-20,20
77618,95,120,-25,25
77619,74,83,-9,9
77620,107,100,7,7
77621,63,63,0,0
77622,117,111,6,6
77623,83,74,9,9
77624,74,63,11,11
77625,56,54,2,2
77626,143,146,-3,3
77627,61,60,1,1
77628,92,92,0,0
77629,147,159,-12,12
77630,68,83,-15,15
77631,95,92,3,3
77632,80,88,-8,8
77633,129,118,11,11
77634,133,149,-16,16
77635,47,51,-4,4
77636,65,54,11,11
77637,85,83,2,2
77638,100,95,5,5
77639,113,113,0,0
77640,104,102,2,2
77641,70,69,1,1
77642,16,26,-10,10
77643,102,103,-1,1
77644,125,120,5,5
77645,83,84,-1,1
77646,114,97,17,17
77647,150,146,4,4
77648,164,153,11,11
77649,97,91,6,6
77650,71,64,7,7
77651,78,73,5,5
77652,128,120,8,8
77653,111,104,7,7
77654,78,73,5,5
77655,83,84,-1,1
77656,84,78,6,6
77657,81,78,3,3
77658,103,112,-9,9
77659,91,91,0,0
77660,79,83,-4,4
77661,84,82,2,2
77662,143,113,30,30
77663,97,90,7,7
77664,85,90,-5,5
77665,120,113,7,7
77666,88,90,-2,2
77667,114,101,13,13
77668,116,104,12,12
77669,72,78,-6,6
77670,101,89,12,12
77671,129,123,6,6
77672,119,101,18,18
77673,86,88,-2,2
77674,75,81,-6,6
77675,76,74,2,2
77676,84,76,8,8
77677,75,78,-3,3
77678,124,117,7,7
77679,177,195,-18,18
77680,75,74,1,1
77681,117,119,-2,2
77682,99,134,-35,35
77683,50,54,-4,4
77684,70,81,-11,11
77685,115,106,9,9
77686,60,53,7,7
77687,96,94,2,2
77688,142,142,0,0
77689,87,81,6,6
77690,112,110,2,2
77691,116,99,17,17
77692,56,59,-3,3
77693,158,156,2,2
77694,188,179,9,9
77695,181,165,16,16
77696,104,87,17,17
77697,159,157,2,2
77698,122,135,-13,13
77699,69,69,0,0
77700,105,105,0,0
77701,84,92,-8,8
77702,80,73,7,7
77703,62,63,-1,1
77704,75,80,-5,5
77705,72,80,-8,8
77706,86,81,5,5
77707,99,98,1,1
77708,59,57,2,2
77709,104,97,7,7
77710,78,73,5,5
77711,97,101,-4,4
77712,129,125,4,4
77713,64,71,-7,7
77714,105,98,7,7
77715,93,85,8,8
77716,92,90,2,2
77717,40,35,5,5
77718,98,105,-7,7
77719,132,137,-5,5
77720,67,72,-5,5
77721,51,78,-27,27
77722,81,88,-7,7
77723,142,146,-4,4
77724,145,136,9,9
77725,72,70,2,2
77726,102,87,15,15
77727,87,77,10,10
77728,111,107,4,4
77729,80,75,5,5
77730,85,83,2,2
77731,144,134,10,10
77732,66,72,-6,6
77733,98,91,7,7
77734,91,97,-6,6
77735,61,63,-2,2
77736,46,55,-9,9
77737,89,99,-10,10
77738,105,96,9,9
77739,102,95,7,7
77740,100,102,-2,2
77741,58,64,-6,6
77742,116,116,0,0
77743,73,71,2,2
77744,96,93,3,3
77745,89,81,8,8
77746,79,81,-2,2
77747,74,68,6,6
77748,100,92,8,8
77749,35,52,-17,17
77750,49,47,2,2
77751,79,76,3,3
77752,102,94,8,8
77753,104,80,24,24
77754,198,172,26,26
77755,136,123,13,13
77756,62,68,-6,6
77757,100,97,3,3
77758,89,83,6,6
77759,131,128,3,3
77760,82,80,2,2
77761,157,152,5,5
77762,71,72,-1,1
77763,54,49,5,5
77764,115,125,-10,10
77765,80,79,1,1
77766,69,61,8,8
77767,80,68,12,12
77768,89,86,3,3
77769,91,85,6,6
77770,171,157,14,14
77771,86,76,10,10
77772,120,124,-4,4
77773,72,71,1,1
77774,67,61,6,6
77775,122,138,-16,16
77776,71,68,3,3
77777,119,120,-1,1
77778,80,72,8,8
77779,110,94,16,16
77780,47,50,-3,3
77781,193,173,20,20
77782,80,72,8,8
77783,52,56,-4,4
77784,61,60,1,1
77785,90,79,11,11
77786,85,80,5,5
77787,74,71,3,3
77788,85,88,-3,3
77789,125,143,-18,18
77790,150,141,9,9
77791,89,86,3,3
77792,93,85,8,8
77793,131,131,0,0
77794,66,65,1,1
77795,78,74,4,4
77796,151,153,-2,2
77797,91,99,-8,8
77798,75,79,-4,4
77799,39,32,7,7
77800,54,50,4,4
77801,106,98,8,8
77802,128,129,-1,1
77803,49,51,-2,2
77804,124,122,2,2
77805,76,68,8,8
77806,89,83,6,6
77807,48,51,-3,3
77808,135,153,-18,18
77809,108,108,0,0
77810,113,104,9,9
77811,97,73,24,24
77812,155,156,-1,1
77813,154,149,5,5
77814,118,102,16,16
77815,87,77,10,10
77816,56,64,-8,8
77817,56,70,-14,14
77818,70,76,-6,6
77819,45,50,-5,5
77820,49,77,-28,28
77821,91,83,8,8
77822,76,69,7,7
77823,81,94,-13,13
77824,121,114,7,7
77825,109,102,7,7
77826,72,66,6,6
77827,75,78,-3,3
77828,35,49,-14,14
77829,90,90,0,0
77830,132,126,6,6
77831,140,169,-29,29
77832,75,75,0,0
77833,76,66,10,10
77834,111,132,-21,21
77835,92,99,-7,7
77836,120,133,-13,13
77837,119,117,2,2
77838,78,83,-5,5
77839,86,83,3,3
77840,60,61,-1,1
77841,158,146,12,12
77842,94,81,13,13
77843,126,117,9,9
77844,112,93,19,19
77845,112,107,5,5
77846,73,74,-1,1
77847,94,99,-5,5
77848,133,130,3,3
77849,70,63,7,7
77850,83,72,11,11
77851,117,123,-6,6
77852,104,100,4,4
77853,109,102,7,7
77854,173,160,13,13
77855,55,66,-11,11
77856,46,44,2,2
77857,36,35,1,1
77858,76,74,2,2
77859,136,129,7,7
77860,102,97,5,5
77861,110,109,1,1
77862,94,85,9,9
77863,80,69,11,11
77864,149,141,8,8
77865,249,231,18,18
77866,150,158,-8,8
77867,49,50,-1,1
77868,58,50,8,8
77869,54,54,0,0
77870,83,65,18,18
77871,119,104,15,15
77872,58,69,-11,11
77873,123,111,12,12
77874,125,105,20,20
77875,115,108,7,7
77876,74,78,-4,4
77877,71,61,10,10
77878,162,142,20,20
77879,96,93,3,3
77880,63,64,-1,1
77881,87,86,1,1
77882,74,60,14,14
77883,70,90,-20,20
77884,114,121,-7,7
77885,72,64,8,8
77886,58,61,-3,3
77887,117,109,8,8
77888,77,95,-18,18
77889,57,61,-4,4
77890,142,135,7,7
77891,57,64,-7,7
77892,77,72,5,5
77893,100,114,-14,14
77894,92,104,-12,12
77895,53,55,-2,2
77896,98,89,9,9
77897,96,94,2,2
77898,67,60,7,7
77899,69,68,1,1
77900,108,106,2,2
77901,97,88,9,9
77902,75,63,12,12
77903,97,98,-1,1
77904,127,116,11,11
77905,87,81,6,6
77906,86,80,6,6
77907,84,68,16,16
77908,86,83,3,3
77909,88,91,-3,3
77910,97,93,4,4
77911,86,76,10,10
77912,79,86,-7,7
77913,183,175,8,8
77914,97,94,3,3
77915,136,131,5,5
77916,78,79,-1,1
77917,128,129,-1,1
77918,116,109,7,7
77919,167,162,5,5
77920,143,162,-19,19
77921,72,79,-7,7
77922,101,98,3,3
77923,89,90,-1,1
77924,63,61,2,2
77925,136,129,7,7
77926,129,130,-1,1
77927,77,79,-2,2
77928,70,75,-5,5
77929,114,111,3,3
77930,100,113,-13,13
77931,133,127,6,6
77932,130,123,7,7
77933,64,57,7,7
77934,105,109,-4,4
77935,171,159,12,12
77936,120,119,1,1
77937,95,85,10,10
77938,72,72,0,0
77939,75,71,4,4
77940,110,100,10,10
77941,119,102,17,17
77942,184,166,18,18
77943,132,136,-4,4
77944,128,134,-6,6
77945,78,93,-15,15
77946,124,129,-5,5
77947,123,128,-5,5
77948,105,93,12,12
77949,51,59,-8,8
77950,89,88,1,1
77951,58,58,0,0
77952,112,107,5,5
77953,97,92,5,5
77954,95,97,-2,2
77955,79,81,-2,2
77956,85,80,5,5
77957,135,119,16,16
77958,127,127,0,0
77959,95,82,13,13
77960,141,150,-9,9
77961,76,72,4,4
77962,63,64,-1,1
77963,106,109,-3,3
77964,95,85,10,10
77965,91,85,6,6
77966,147,149,-2,2
77967,124,115,9,9
77968,88,78,10,10
77969,70,67,3,3
77970,80,91,-11,11
77971,41,47,-6,6
77972,59,52,7,7
77973,97,110,-13,13
77974,61,61,0,0
77975,148,138,10,10
77976,106,97,9,9
77977,102,116,-14,14
77978,66,52,14,14
77979,75,65,10,10
77980,98,89,9,9
77981,58,51,7,7
77982,59,63,-4,4
77983,53,51,2,2
77984,53,71,-18,18
77985,121,107,14,14
77986,101,83,18,18
77987,145,134,11,11
77988,57,58,-1,1
77989,74,61,13,13
77990,65,58,7,7
77991,79,80,-1,1
77992,117,106,11,11
77993,65,59,6,6
77994,64,65,-1,1
77995,81,72,9,9
77996,125,104,21,21
77997,67,60,7,7
77998,69,68,1,1
77999,59,62,-3,3
78000,126,122,4,4
78001,106,105,1,1
78002,63,59,4,4
78003,89,91,-2,2
78004,120,99,21,21
78005,97,103,-6,6
78006,70,63,7,7
78007,116,126,-10,10
78008,77,63,14,14
78009,49,47,2,2
78010,71,61,10,10
78011,64,79,-15,15
78012,72,73,-1,1
78013,128,98,30,30
78014,98,88,10,10
78015,66,69,-3,3
78016,112,115,-3,3
78017,51,59,-8,8
78018,85,81,4,4
78019,100,93,7,7
78020,92,89,3,3
78021,111,106,5,5
78022,100,124,-24,24
78023,96,93,3,3
78024,166,155,11,11
78025,137,148,-11,11
78026,72,68,4,4
78027,115,122,-7,7
78028,88,86,2,2
78029,91,95,-4,4
78030,103,101,2,2
78031,47,54,-7,7
78032,86,92,-6,6
78033,136,124,12,12
78034,157,169,-12,12
78035,124,125,-1,1
78036,137,142,-5,5
78037,101,100,1,1
78038,74,70,4,4
78039,85,72,13,13
78040,45,39,6,6
78041,168,158,10,10
78042,115,103,12,12
78043,116,136,-20,20
78044,84,91,-7,7
78045,102,102,0,0
78046,59,74,-15,15
78047,106,107,-1,1
78048,60,67,-7,7
78049,123,125,-2,2
78050,85,70,15,15
78051,60,60,0,0
78052,82,73,9,9
78053,160,150,10,10
78054,82,80,2,2
78055,83,79,4,4
78056,73,70,3,3
78057,113,112,1,1
78058,95,81,14,14
78059,100,90,10,10
78060,40,60,-20,20
78061,80,79,1,1
78062,110,104,6,6
78063,144,145,-1,1
78064,115,105,10,10
78065,64,77,-13,13
78066,119,103,16,16
78067,102,102,0,0
78068,159,140,19,19
78069,104,99,5,5
78070,91,85,6,6
78071,133,130,3,3
78072,98,96,2,2
78073,96,104,-8,8
78074,134,126,8,8
78075,160,157,3,3
78076,59,65,-6,6
78077,74,86,-12,12
78078,106,91,15,15
78079,64,56,8,8
78080,90,94,-4,4
78081,67,72,-5,5
78082,100,98,2,2
78083,68,62,6,6
78084,159,160,-1,1
78085,87,85,2,2
78086,123,128,-5,5
78087,78,74,4,4
78088,95,82,13,13
78089,56,67,-11,11
78090,102,102,0,0
78091,108,97,11,11
78092,73,60,13,13
78093,111,113,-2,2
78094,137,127,10,10
78095,84,82,2,2
78096,89,84,5,5
78097,70,75,-5,5
78098,78,87,-9,9
78099,152,152,0,0
78100,81,80,1,1
78101,49,56,-7,7
78102,69,65,4,4
78103,102,77,25,25
78104,62,55,7,7
78105,91,88,3,3
78106,72,56,16,16
78107,47,51,-4,4
78108,184,159,25,25
78109,103,94,9,9
78110,69,71,-2,2
78111,51,63,-12,12
78112,120,136,-16,16
78113,105,83,22,22
78114,46,53,-7,7
78115,75,70,5,5
78116,71,65,6,6
78117,45,50,-5,5
78118,80,86,-6,6
78119,79,85,-6,6
78120,78,75,3,3
78121,62,68,-6,6
78122,86,81,5,5
78123,122,121,1,1
78124,101,99,2,2
78125,72,65,7,7
78126,141,141,0,0
78127,69,73,-4,4
78128,93,86,7,7
78129,55,49,6,6
78130,121,111,10,10
78131,105,97,8,8
78132,99,81,18,18
78133,195,173,22,22
78134,76,71,5,5
78135,124,114,10,10
78136,100,78,22,22
78137,152,156,-4,4
78138,108,105,3,3
78139,49,56,-7,7
78140,176,172,4,4
78141,104,193,-89,89
78142,81,63,18,18
78143,97,102,-5,5
78144,58,55,3,3
78145,110,103,7,7
78146,55,52,3,3
78147,69,61,8,8
78148,107,131,-24,24
78149,71,69,2,2
78150,88,90,-2,2
78151,43,64,-21,21
78152,117,123,-6,6
78153,81,67,14,14
78154,75,78,-3,3
78155,108,111,-3,3
78156,63,62,1,1
78157,74,75,-1,1
78158,68,66,2,2
78159,62,61,1,1
78160,52,53,-1,1
78161,78,86,-8,8
78162,108,119,-11,11
78163,188,161,27,27
78164,61,62,-1,1
78165,77,71,6,6
78166,97,81,16,16
78167,67,57,10,10
78168,77,105,-28,28
78169,91,91,0,0
78170,69,66,3,3
78171,131,130,1,1
78172,56,49,7,7
78173,49,55,-6,6
78174,126,125,1,1
78175,114,109,5,5
78176,90,95,-5,5
78177,75,81,-6,6
78178,83,78,5,5
78179,92,97,-5,5
78180,83,83,0,0
78181,89,80,9,9
78182,85,87,-2,2
78183,70,67,3,3
78184,108,100,8,8
78185,71,67,4,4
78186,68,59,9,9
78187,70,65,5,5
78188,107,104,3,3
78189,58,66,-8,8
78190,51,51,0,0
78191,55,66,-11,11
78192,161,167,-6,6
78193,46,63,-17,17
78194,92,89,3,3
78195,154,145,9,9
78196,83,84,-1,1
78197,128,123,5,5
78198,73,77,-4,4
78199,87,83,4,4
78200,122,111,11,11
78201,108,85,23,23
78202,76,84,-8,8
78203,59,65,-6,6
78204,83,84,-1,1
78205,92,88,4,4
78206,96,94,2,2
78207,105,108,-3,3
78208,58,66,-8,8
78209,81,69,12,12
78210,110,98,12,12
78211,44,59,-15,15
78212,81,90,-9,9
78213,63,69,-6,6
78214,78,74,4,4
78215,68,70,-2,2
78216,120,129,-9,9
78217,181,171,10,10
78218,141,134,7,7
78219,178,163,15,15
78220,64,54,10,10
78221,72,68,4,4
78222,45,45,0,0
78223,143,126,17,17
78224,145,132,13,13
78225,111,111,0,0
78226,86,86,0,0
78227,125,130,-5,5
78228,79,81,-2,2
78229,67,65,2,2
78230,173,163,10,10
78231,81,83,-2,2
78232,88,92,-4,4
78233,63,53,10,10
78234,66,88,-22,22
78235,96,97,-1,1
78236,100,78,22,22
78237,57,48,9,9
78238,125,104,21,21
78239,156,150,6,6
78240,125,115,10,10
78241,133,134,-1,1
78242,66,61,5,5
78243,159,163,-4,4
78244,44,67,-23,23
78245,67,60,7,7
78246,105,100,5,5
78247,77,80,-3,3
78248,64,73,-9,9
78249,62,85,-23,23
78250,69,58,11,11
78251,163,158,5,5
78252,62,67,-5,5
78253,50,48,2,2
78254,100,100,0,0
78255,108,99,9,9
78256,70,72,-2,2
78257,97,92,5,5
78258,83,73,10,10
78259,137,146,-9,9
78260,70,65,5,5
78261,122,101,21,21
78262,79,86,-7,7
78263,52,65,-13,13
78264,86,88,-2,2
78265,93,79,14,14
78266,93,110,-17,17
78267,62,60,2,2
78268,109,99,10,10
78269,107,109,-2,2
78270,83,82,1,1
78271,57,55,2,2
78272,61,57,4,4
78273,43,37,6,6
78274,156,138,18,18
78275,102,96,6,6
78276,56,70,-14,14
78277,199,184,15,15
78278,103,97,6,6
78279,77,82,-5,5
78280,147,161,-14,14
78281,99,110,-11,11
78282,74,102,-28,28
78283,71,67,4,4
78284,142,144,-2,2
78285,72,65,7,7
78286,28,34,-6,6
78287,99,115,-16,16
78288,145,161,-16,16
78289,51,47,4,4
78290,132,136,-4,4
78291,102,102,0,0
78292,69,61,8,8
78293,142,141,1,1
78294,52,50,2,2
78295,87,89,-2,2
78296,122,121,1,1
78297,93,100,-7,7
78298,85,92,-7,7
78299,101,98,3,3
78300,88,86,2,2
78301,64,73,-9,9
78302,131,127,4,4
78303,91,83,8,8
78304,174,157,17,17
78305,50,51,-1,1
78306,78,80,-2,2
78307,76,79,-3,3
78308,118,117,1,1
78309,56,56,0,0
78310,53,48,5,5
78311,98,105,-7,7
78312,119,125,-6,6
78313,133,127,6,6
78314,66,64,2,2
78315,117,123,-6,6
78316,94,90,4,4
78317,79,82,-3,3
78318,114,115,-1,1
78319,96,73,23,23
78320,81,80,1,1
78321,83,87,-4,4
78322,74,74,0,0
78323,89,82,7,7
78324,73,83,-10,10
78325,160,161,-1,1
78326,120,118,2,2
78327,52,57,-5,5
78328,127,128,-1,1
78329,93,87,6,6
78330,108,116,-8,8
78331,95,91,4,4
78332,75,72,3,3
78333,124,115,9,9
78334,90,83,7,7
78335,101,109,-8,8
78336,44,49,-5,5
78337,113,106,7,7
78338,64,74,-10,10
78339,135,121,14,14
78340,147,139,8,8
78341,112,116,-4,4
78342,63,69,-6,6
78343,91,104,-13,13
78344,93,75,18,18
78345,116,113,3,3
78346,124,130,-6,6
78347,127,127,0,0
78348,114,115,-1,1
78349,137,109,28,28
78350,56,58,-2,2
78351,54,59,-5,5
78352,78,85,-7,7
78353,71,70,1,1
78354,72,79,-7,7
78355,67,71,-4,4
78356,48,47,1,1
78357,115,134,-19,19
78358,53,52,1,1
78359,95,92,3,3
78360,56,72,-16,16
78361,45,47,-2,2
78362,209,197,12,12
78363,85,94,-9,9
78364,80,73,7,7
78365,139,138,1,1
78366,64,63,1,1
78367,83,88,-5,5
78368,121,121,0,0
78369,102,107,-5,5
78370,94,89,5,5
78371,119,112,7,7
78372,59,65,-6,6
78373,61,98,-37,37
78374,74,61,13,13
78375,76,70,6,6
78376,91,87,4,4
78377,132,117,15,15
78378,54,59,-5,5
78379,74,88,-14,14
78380,96,87,9,9
78381,60,63,-3,3
78382,91,96,-5,5
78383,102,101,1,1
78384,131,134,-3,3
78385,95,87,8,8
78386,35,44,-9,9
78387,70,67,3,3
78388,115,105,10,10
78389,63,74,-11,11
78390,70,75,-5,5
78391,73,68,5,5
78392,79,77,2,2
78393,114,120,-6,6
78394,75,81,-6,6
78395,103,105,-2,2
78396,111,104,7,7
78397,110,115,-5,5
78398,55,55,0,0
78399,89,101,-12,12
78400,53,63,-10,10
78401,114,106,8,8
78402,104,104,0,0
78403,45,39,6,6
78404,122,118,4,4
78405,72,72,0,0
78406,140,131,9,9
78407,132,123,9,9
78408,127,157,-30,30
78409,133,128,5,5
78410,66,67,-1,1
78411,99,92,7,7
78412,112,111,1,1
78413,104,83,21,21
78414,143,144,-1,1
78415,107,108,-1,1
78416,122,124,-2,2
78417,166,167,-1,1
78418,169,166,3,3
78419,165,171,-6,6
78420,147,125,22,22
78421,63,55,8,8
78422,71,78,-7,7
78423,59,64,-5,5
78424,127,124,3,3
78425,168,164,4,4
78426,43,52,-9,9
78427,103,84,19,19
78428,109,100,9,9
78429,99,107,-8,8
78430,71,69,2,2
78431,94,95,-1,1
78432,104,100,4,4
78433,96,98,-2,2
78434,85,78,7,7
78435,122,108,14,14
78436,85,85,0,0
78437,49,49,0,0
78438,44,67,-23,23
78439,65,57,8,8
78440,78,76,2,2
78441,117,116,1,1
78442,103,100,3,3
78443,106,93,13,13
78444,97,101,-4,4
78445,167,181,-14,14
78446,50,51,-1,1
78447,134,126,8,8
78448,100,106,-6,6
78449,81,81,0,0
78450,108,114,-6,6
78451,55,60,-5,5
78452,82,86,-4,4
78453,94,112,-18,18
78454,94,83,11,11
78455,61,58,3,3
78456,141,139,2,2
78457,79,76,3,3
78458,71,81,-10,10
78459,48,49,-1,1
78460,140,140,0,0
78461,70,78,-8,8
78462,63,53,10,10
78463,137,131,6,6
78464,40,38,2,2
78465,103,99,4,4
78466,67,88,-21,21
78467,82,72,10,10
78468,119,123,-4,4
78469,131,127,4,4
78470,77,86,-9,9
78471,98,96,2,2
78472,148,157,-9,9
78473,91,87,4,4
78474,95,96,-1,1
78475,60,56,4,4
78476,72,71,1,1
78477,123,118,5,5
78478,68,61,7,7
78479,124,130,-6,6
78480,128,127,1,1
78481,114,101,13,13
78482,90,86,4,4
78483,108,109,-1,1
78484,114,106,8,8
78485,33,57,-24,24
78486,95,88,7,7
78487,113,104,9,9
78488,57,51,6,6
78489,71,66,5,5
78490,110,86,24,24
78491,67,64,3,3
78492,59,57,2,2
78493,105,105,0,0
78494,132,121,11,11
78495,93,105,-12,12
78496,90,92,-2,2
78497,134,126,8,8
78498,32,42,-10,10
78499,108,146,-38,38
78500,81,78,3,3
78501,94,91,3,3
78502,116,120,-4,4
78503,131,129,2,2
78504,63,65,-2,2
78505,96,91,5,5
78506,71,59,12,12
78507,71,62,9,9
78508,79,92,-13,13
78509,115,110,5,5
78510,48,57,-9,9
78511,85,74,11,11
78512,113,110,3,3
78513,89,86,3,3
78514,131,126,5,5
78515,91,86,5,5
78516,72,74,-2,2
78517,169,155,14,14
78518,133,140,-7,7
78519,176,120,56,56
78520,118,127,-9,9
78521,71,78,-7,7
78522,65,70,-5,5
78523,144,125,19,19
78524,72,76,-4,4
78525,70,74,-4,4
78526,70,68,2,2
78527,117,107,10,10
78528,97,91,6,6
78529,57,58,-1,1
78530,61,77,-16,16
78531,80,73,7,7
78532,92,85,7,7
78533,85,83,2,2
78534,125,113,12,12
78535,90,99,-9,9
78536,80,77,3,3
78537,71,72,-1,1
78538,149,137,12,12
78539,69,70,-1,1
78540,104,97,7,7
78541,95,88,7,7
78542,129,113,16,16
78543,144,120,24,24
78544,61,59,2,2
78545,130,110,20,20
78546,144,134,10,10
78547,39,44,-5,5
78548,114,109,5,5
78549,48,42,6,6
78550,94,86,8,8
78551,92,84,8,8
78552,101,88,13,13
78553,79,92,-13,13
78554,113,101,12,12
78555,69,74,-5,5
78556,41,50,-9,9
78557,69,71,-2,2
78558,108,101,7,7
78559,66,65,1,1
78560,93,79,14,14
78561,86,79,7,7
78562,79,78,1,1
78563,80,78,2,2
78564,87,85,2,2
78565,179,165,14,14
78566,67,65,2,2
78567,71,75,-4,4
78568,86,83,3,3
78569,92,96,-4,4
78570,109,115,-6,6
78571,45,67,-22,22
78572,84,88,-4,4
78573,158,153,5,5
78574,92,84,8,8
78575,75,62,13,13
78576,84,82,2,2
78577,65,70,-5,5
78578,104,95,9,9
78579,44,40,4,4
78580,198,173,25,25
78581,124,115,9,9
78582,134,118,16,16
78583,122,109,13,13
78584,77,73,4,4
78585,103,94,9,9
78586,98,92,6,6
78587,59,54,5,5
78588,87,53,34,34
78589,74,65,9,9
78590,67,70,-3,3
78591,85,84,1,1
78592,79,66,13,13
78593,96,98,-2,2
78594,121,119,2,2
78595,98,113,-15,15
78596,145,133,12,12
78597,110,112,-2,2
78598,144,151,-7,7
78599,85,76,9,9
78600,114,117,-3,3
78601,95,90,5,5
78602,51,66,-15,15
78603,97,94,3,3
78604,81,65,16,16
78605,81,80,1,1
78606,85,80,5,5
78607,154,155,-1,1
78608,125,123,2,2
78609,97,96,1,1
78610,161,147,14,14
78611,144,131,13,13
78612,127,119,8,8
78613,88,85,3,3
78614,180,176,4,4
78615,90,99,-9,9
78616,66,68,-2,2
78617,95,91,4,4
78618,94,99,-5,5
78619,75,70,5,5
78620,65,67,-2,2
78621,111,120,-9,9
78622,67,67,0,0
78623,86,98,-12,12
78624,141,133,8,8
78625,102,95,7,7
78626,142,148,-6,6
78627,188,193,-5,5
78628,62,59,3,3
78629,104,109,-5,5
78630,63,59,4,4
78631,100,91,9,9
78632,148,146,2,2
78633,103,109,-6,6
78634,122,128,-6,6
78635,69,65,4,4
78636,89,79,10,10
78637,113,93,20,20
78638,135,130,5,5
78639,158,145,13,13
78640,74,66,8,8
78641,54,52,2,2
78642,106,107,-1,1
78643,56,90,-34,34
78644,113,108,5,5
78645,95,87,8,8
78646,134,135,-1,1
78647,73,76,-3,3
78648,51,47,4,4
78649,50,49,1,1
78650,33,30,3,3
78651,130,119,11,11
78652,111,136,-25,25
78653,58,55,3,3
78654,103,87,16,16
78655,136,139,-3,3
78656,99,93,6,6
78657,99,89,10,10
78658,116,104,12,12
78659,149,139,10,10
78660,69,67,2,2
78661,81,84,-3,3
78662,57,56,1,1
78663,85,74,11,11
78664,78,86,-8,8
78665,94,92,2,2
78666,112,97,15,15
78667,141,123,18,18
78668,133,123,10,10
78669,85,94,-9,9
78670,100,110,-10,10
78671,62,60,2,2
78672,121,120,1,1
78673,54,52,2,2
78674,154,153,1,1
78675,142,123,19,19
78676,104,103,1,1
78677,103,96,7,7
78678,70,62,8,8
78679,118,117,1,1
78680,115,117,-2,2
78681,145,143,2,2
78682,106,104,2,2
78683,114,112,2,2
78684,87,85,2,2
78685,155,145,10,10
78686,142,129,13,13
78687,132,124,8,8
78688,94,88,6,6
78689,142,143,-1,1
78690,150,149,1,1
78691,53,54,-1,1
78692,94,92,2,2
78693,85,96,-11,11
78694,62,66,-4,4
78695,53,50,3,3
78696,81,85,-4,4
78697,175,171,4,4
78698,55,52,3,3
78699,72,81,-9,9
78700,93,90,3,3
78701,73,81,-8,8
78702,47,57,-10,10
78703,67,62,5,5
78704,117,113,4,4
78705,104,104,0,0
78706,76,66,10,10
78707,99,84,15,15
78708,131,126,5,5
78709,84,88,-4,4
78710,105,116,-11,11
78711,157,139,18,18
78712,111,121,-10,10
78713,91,86,5,5
78714,74,101,-27,27
78715,79,73,6,6
78716,103,91,12,12
78717,119,116,3,3
78718,163,100,63,63
78719,69,67,2,2
78720,112,105,7,7
78721,55,62,-7,7
78722,97,97,0,0
78723,99,84,15,15
78724,58,67,-9,9
78725,125,98,27,27
78726,88,80,8,8
78727,81,76,5,5
78728,158,158,0,0
78729,55,53,2,2
78730,114,128,-14,14
78731,95,92,3,3
78732,87,105,-18,18
78733,139,126,13,13
78734,79,73,6,6
78735,75,74,1,1
78736,56,55,1,1
78737,113,143,-30,30
78738,148,138,10,10
78739,160,150,10,10
78740,97,99,-2,2
78741,88,87,1,1
78742,89,84,5,5
78743,101,100,1,1
78744,53,49,4,4
78745,97,109,-12,12
78746,67,61,6,6
78747,117,114,3,3
78748,72,60,12,12
78749,40,52,-12,12
78750,48,44,4,4
78751,88,78,10,10
78752,95,86,9,9
78753,132,131,1,1
78754,63,56,7,7
78755,95,92,3,3
78756,84,76,8,8
78757,33,34,-1,1
78758,70,68,2,2
78759,154,146,8,8
78760,163,151,12,12
78761,175,165,10,10
78762,92,79,13,13
78763,150,146,4,4
78764,67,68,-1,1
78765,127,129,-2,2
78766,131,136,-5,5
78767,194,178,16,16
78768,113,110,3,3
78769,106,100,6,6
78770,88,82,6,6
78771,75,72,3,3
78772,56,63,-7,7
78773,86,91,-5,5
78774,66,58,8,8
78775,171,163,8,8
78776,127,127,0,0
78777,110,108,2,2
78778,93,96,-3,3
78779,89,84,5,5
78780,72,81,-9,9
78781,98,92,6,6
78782,77,75,2,2
78783,93,91,2,2
78784,112,96,16,16
78785,68,68,0,0
78786,104,115,-11,11
78787,78,73,5,5
78788,69,80,-11,11
78789,48,54,-6,6
78790,65,70,-5,5
78791,109,113,-4,4
78792,90,105,-15,15
78793,141,123,18,18
78794,100,105,-5,5
78795,133,138,-5,5
78796,110,98,12,12
78797,54,51,3,3
78798,71,59,12,12
78799,144,140,4,4
78800,57,76,-19,19
78801,88,89,-1,1
78802,107,95,12,12
78803,128,125,3,3
78804,93,97,-4,4
78805,136,142,-6,6
78806,107,88,19,19
78807,151,135,16,16
78808,114,108,6,6
78809,67,72,-5,5
78810,94,92,2,2
78811,90,77,13,13
78812,105,95,10,10
78813,132,123,9,9
78814,90,90,0,0
78815,120,127,-7,7
78816,91,97,-6,6
78817,155,156,-1,1
78818,62,61,1,1
78819,109,105,4,4
78820,100,108,-8,8
78821,160,134,26,26
78822,96,99,-3,3
78823,104,113,-9,9
78824,93,93,0,0
78825,72,71,1,1
78826,59,68,-9,9
78827,74,69,5,5
78828,83,76,7,7
78829,92,80,12,12
78830,100,108,-8,8
78831,87,78,9,9
78832,122,127,-5,5
78833,78,75,3,3
78834,79,74,5,5
78835,138,122,16,16
78836,158,157,1,1
78837,75,74,1,1
78838,100,96,4,4
78839,134,131,3,3
78840,138,156,-18,18
78841,82,80,2,2
78842,52,49,3,3
78843,74,73,1,1
78844,60,55,5,5
78845,49,54,-5,5
78846,45,55,-10,10
78847,83,76,7,7
78848,55,57,-2,2
78849,74,65,9,9
78850,96,93,3,3
78851,71,68,3,3
78852,73,73,0,0
78853,104,114,-10,10
78854,57,53,4,4
78855,79,76,3,3
78856,109,99,10,10
78857,65,58,7,7
78858,129,140,-11,11
78859,75,65,10,10
78860,209,194,15,15
78861,102,87,15,15
78862,102,102,0,0
78863,142,115,27,27
78864,140,106,34,34
78865,44,41,3,3
78866,102,106,-4,4
78867,89,73,16,16
78868,86,79,7,7
78869,85,92,-7,7
78870,88,81,7,7
78871,77,77,0,0
78872,123,130,-7,7
78873,62,71,-9,9
78874,163,158,5,5
78875,114,110,4,4
78876,55,67,-12,12
78877,112,114,-2,2
78878,125,126,-1,1
78879,123,126,-3,3
78880,96,91,5,5
78881,111,103,8,8
78882,136,129,7,7
78883,75,76,-1,1
78884,134,131,3,3
78885,77,80,-3,3
78886,98,93,5,5
78887,94,89,5,5
78888,77,76,1,1
78889,83,77,6,6
78890,97,89,8,8
78891,82,76,6,6
78892,126,115,11,11
78893,159,159,0,0
78894,100,102,-2,2
78895,100,113,-13,13
78896,121,113,8,8
78897,117,101,16,16
78898,81,80,1,1
78899,90,92,-2,2
78900,68,62,6,6
78901,110,116,-6,6
78902,118,128,-10,10
78903,97,93,4,4
78904,81,68,13,13
78905,105,98,7,7
78906,95,87,8,8
78907,66,66,0,0
78908,109,107,2,2
78909,141,144,-3,3
78910,52,51,1,1
78911,80,65,15,15
78912,93,85,8,8
78913,76,73,3,3
78914,111,117,-6,6
78915,107,101,6,6
78916,132,115,17,17
78917,100,99,1,1
78918,138,128,10,10
78919,122,115,7,7
78920,105,108,-3,3
78921,85,80,5,5
78922,96,93,3,3
78923,60,58,2,2
78924,106,98,8,8
78925,47,64,-17,17
78926,97,90,7,7
78927,36,43,-7,7
78928,111,95,16,16
78929,121,132,-11,11
78930,85,76,9,9
78931,95,61,34,34
78932,78,77,1,1
78933,113,116,-3,3
78934,72,62,10,10
78935,110,119,-9,9
78936,38,48,-10,10
78937,133,133,0,0
78938,52,77,-25,25
78939,49,55,-6,6
78940,57,62,-5,5
78941,209,174,35,35
78942,93,96,-3,3
78943,62,58,4,4
78944,51,62,-11,11
78945,82,105,-23,23
78946,77,74,3,3
78947,165,151,14,14
78948,58,57,1,1
78949,108,99,9,9
78950,43,55,-12,12
78951,83,73,10,10
78952,92,80,12,12
78953,127,119,8,8
78954,47,47,0,0
78955,78,72,6,6
78956,62,67,-5,5
78957,136,127,9,9
78958,121,127,-6,6
78959,79,81,-2,2
78960,83,90,-7,7
78961,100,101,-1,1
78962,86,91,-5,5
78963,89,92,-3,3
78964,74,65,9,9
78965,133,133,0,0
78966,107,109,-2,2
78967,89,78,11,11
78968,72,70,2,2
78969,78,75,3,3
78970,52,53,-1,1
78971,94,96,-2,2
78972,107,103,4,4
78973,61,59,2,2
78974,224,195,29,29
78975,75,69,6,6
78976,53,58,-5,5
78977,95,96,-1,1
78978,63,57,6,6
78979,133,130,3,3
78980,45,51,-6,6
78981,65,59,6,6
78982,93,84,9,9
78983,68,71,-3,3
78984,86,85,1,1
78985,116,109,7,7
78986,112,116,-4,4
78987,79,69,10,10
78988,83,70,13,13
78989,136,143,-7,7
78990,58,55,3,3
78991,98,87,11,11
78992,216,213,3,3
78993,135,132,3,3
78994,87,86,1,1
78995,99,97,2,2
78996,85,88,-3,3
78997,57,55,2,2
78998,69,54,15,15
78999,72,69,3,3
79000,42,52,-10,10
79001,50,59,-9,9
79002,120,115,5,5
79003,43,52,-9,9
79004,58,54,4,4
79005,64,70,-6,6
79006,47,50,-3,3
79007,118,116,2,2
79008,91,110,-19,19
79009,115,113,2,2
79010,132,124,8,8
79011,124,121,3,3
79012,127,139,-12,12
79013,90,79,11,11
79014,142,142,0,0
79015,72,69,3,3
79016,91,96,-5,5
79017,93,95,-2,2
79018,159,162,-3,3
79019,76,71,5,5
79020,89,92,-3,3
79021,127,95,32,32
79022,76,72,4,4
79023,101,102,-1,1
79024,95,90,5,5
79025,82,77,5,5
79026,109,106,3,3
79027,108,98,10,10
79028,84,89,-5,5
79029,184,181,3,3
79030,77,70,7,7
79031,92,76,16,16
79032,57,57,0,0
79033,104,107,-3,3
79034,118,123,-5,5
79035,111,105,6,6
79036,78,58,20,20
79037,122,117,5,5
79038,72,72,0,0
79039,106,95,11,11
79040,61,53,8,8
79041,106,108,-2,2
79042,122,120,2,2
79043,119,121,-2,2
79044,141,128,13,13
79045,114,111,3,3
79046,124,119,5,5
79047,86,76,10,10
79048,43,62,-19,19
79049,177,180,-3,3
79050,169,193,-24,24
79051,100,101,-1,1
79052,70,69,1,1
79053,80,78,2,2
79054,82,82,0,0
79055,97,93,4,4
79056,112,101,11,11
79057,122,120,2,2
79058,62,59,3,3
79059,146,133,13,13
79060,77,88,-11,11
79061,95,96,-1,1
79062,167,151,16,16
79063,62,85,-23,23
79064,112,120,-8,8
79065,56,50,6,6
79066,126,103,23,23
79067,127,101,26,26
79068,221,201,20,20
79069,180,171,9,9
79070,73,60,13,13
79071,53,50,3,3
79072,82,83,-1,1
79073,58,50,8,8
79074,78,71,7,7
79075,130,122,8,8
79076,39,37,2,2
79077,93,104,-11,11
79078,87,76,11,11
79079,82,71,11,11
79080,130,131,-1,1
79081,74,74,0,0
79082,93,94,-1,1
79083,69,69,0,0
79084,57,52,5,5
79085,79,67,12,12
79086,120,115,5,5
79087,91,84,7,7
79088,99,109,-10,10
79089,100,94,6,6
79090,93,87,6,6
79091,78,82,-4,4
79092,82,81,1,1
79093,242,185,57,57
79094,154,146,8,8
79095,63,63,0,0
79096,52,54,-2,2
79097,106,99,7,7
79098,87,94,-7,7
79099,106,112,-6,6
79100,36,35,1,1
79101,108,125,-17,17
79102,153,197,-44,44
79103,44,55,-11,11
79104,119,119,0,0
79105,51,55,-4,4
79106,156,149,7,7
79107,114,133,-19,19
79108,123,123,0,0
79109,149,131,18,18
79110,90,79,11,11
79111,67,70,-3,3
79112,179,170,9,9
79113,123,121,2,2
79114,88,87,1,1
79115,211,212,-1,1
79116,149,139,10,10
79117,58,58,0,0
79118,85,81,4,4
79119,94,90,4,4
79120,125,128,-3,3
79121,50,52,-2,2
79122,78,65,13,13
79123,91,89,2,2
79124,166,168,-2,2
79125,89,82,7,7
79126,55,68,-13,13
79127,140,137,3,3
79128,122,124,-2,2
79129,92,73,19,19
79130,59,61,-2,2
79131,112,120,-8,8
79132,97,98,-1,1
79133,109,116,-7,7
79134,121,137,-16,16
79135,75,75,0,0
79136,80,71,9,9
79137,104,99,5,5
79138,130,126,4,4
79139,148,150,-2,2
79140,54,47,7,7
79141,121,109,12,12
79142,65,79,-14,14
79143,51,56,-5,5
79144,142,116,26,26
79145,40,37,3,3
79146,58,61,-3,3
79147,92,86,6,6
79148,71,73,-2,2
79149,96,92,4,4
79150,118,104,14,14
79151,54,61,-7,7
79152,91,97,-6,6
79153,70,67,3,3
79154,85,75,10,10
79155,47,52,-5,5
79156,137,136,1,1
79157,88,95,-7,7
79158,73,68,5,5
79159,99,96,3,3
79160,68,62,6,6
79161,174,179,-5,5
79162,119,125,-6,6
79163,84,84,0,0
79164,103,118,-15,15
79165,174,173,1,1
79166,98,98,0,0
79167,86,79,7,7
79168,101,104,-3,3
79169,88,80,8,8
79170,78,78,0,0
79171,94,86,8,8
79172,131,124,7,7
79173,104,93,11,11
79174,89,96,-7,7
79175,104,117,-13,13
79176,43,50,-7,7
79177,85,84,1,1
79178,66,73,-7,7
79179,108,120,-12,12
79180,89,103,-14,14
79181,54,56,-2,2
79182,75,77,-2,2
79183,85,91,-6,6
79184,94,90,4,4
79185,58,59,-1,1
79186,191,186,5,5
79187,63,63,0,0
79188,73,61,12,12
79189,92,90,2,2
79190,125,118,7,7
79191,90,90,0,0
79192,128,126,2,2
79193,38,47,-9,9
79194,84,69,15,15
79195,85,75,10,10
79196,147,139,8,8
79197,54,53,1,1
79198,78,77,1,1
79199,117,109,8,8
79200,78,77,1,1
79201,83,80,3,3
79202,125,150,-25,25
79203,108,104,4,4
79204,94,93,1,1
79205,45,51,-6,6
79206,120,125,-5,5
79207,86,80,6,6
79208,85,82,3,3
79209,50,51,-1,1
79210,89,78,11,11
79211,90,84,6,6
79212,75,68,7,7
79213,110,118,-8,8
79214,82,83,-1,1
79215,140,136,4,4
79216,102,101,1,1
79217,78,82,-4,4
79218,90,91,-1,1
79219,49,50,-1,1
79220,60,58,2,2
79221,128,145,-17,17
79222,91,87,4,4
79223,94,92,2,2
79224,101,92,9,9
79225,90,83,7,7
79226,115,104,11,11
79227,111,102,9,9
79228,110,117,-7,7
79229,64,65,-1,1
79230,112,91,21,21
79231,88,90,-2,2
79232,108,93,15,15
79233,100,99,1,1
79234,66,72,-6,6
79235,142,129,13,13
79236,64,60,4,4
79237,140,136,4,4
79238,124,112,12,12
79239,66,65,1,1
79240,99,91,8,8
79241,78,70,8,8
79242,103,108,-5,5
79243,121,115,6,6
79244,96,86,10,10
79245,30,42,-12,12
79246,69,61,8,8
79247,97,89,8,8
79248,81,74,7,7
79249,72,69,3,3
79250,93,76,17,17
79251,84,94,-10,10
79252,84,87,-3,3
79253,98,95,3,3
79254,57,77,-20,20
79255,81,79,2,2
79256,88,96,-8,8
79257,98,96,2,2
79258,171,169,2,2
79259,76,67,9,9
79260,126,131,-5,5
79261,90,84,6,6
79262,91,77,14,14
79263,94,83,11,11
79264,91,80,11,11
79265,122,119,3,3
79266,81,80,1,1
79267,86,102,-16,16
79268,79,78,1,1
79269,76,90,-14,14
79270,97,103,-6,6
79271,125,146,-21,21
79272,125,131,-6,6
79273,62,61,1,1
79274,63,71,-8,8
79275,81,78,3,3
79276,115,101,14,14
79277,162,165,-3,3
79278,103,95,8,8
79279,64,68,-4,4
79280,153,146,7,7
79281,69,68,1,1
79282,132,119,13,13
79283,76,68,8,8
79284,63,74,-11,11
79285,65,65,0,0
79286,89,87,2,2
79287,165,144,21,21
79288,84,74,10,10
79289,89,76,13,13
79290,130,125,5,5
79291,73,63,10,10
79292,110,128,-18,18
79293,157,145,12,12
79294,82,89,-7,7
79295,100,99,1,1
79296,128,127,1,1
79297,122,116,6,6
79298,102,99,3,3
79299,102,95,7,7
79300,86,70,16,16
79301,124,126,-2,2
79302,157,149,8,8
79303,104,96,8,8
79304,94,96,-2,2
79305,59,55,4,4
79306,103,97,6,6
79307,78,58,20,20
79308,73,78,-5,5
79309,76,73,3,3
79310,112,126,-14,14
79311,103,103,0,0
79312,159,130,29,29
79313,42,50,-8,8
79314,83,79,4,4
79315,108,116,-8,8
79316,129,128,1,1
79317,129,135,-6,6
79318,145,136,9,9
79319,70,67,3,3
79320,71,69,2,2
79321,60,64,-4,4
79322,100,95,5,5
79323,173,175,-2,2
79324,156,146,10,10
79325,101,99,2,2
79326,99,100,-1,1
79327,130,133,-3,3
79328,68,129,-61,61
79329,138,127,11,11
79330,138,141,-3,3
79331,126,124,2,2
79332,74,69,5,5
79333,75,75,0,0
79334,79,73,6,6
79335,67,74,-7,7
79336,80,117,-37,37
79337,86,73,13,13
79338,57,56,1,1
79339,111,122,-11,11
79340,95,95,0,0
79341,85,76,9,9
79342,88,80,8,8
79343,72,85,-13,13
79344,22,42,-20,20
79345,97,82,15,15
79346,130,121,9,9
79347,55,51,4,4
79348,95,86,9,9
79349,86,81,5,5
79350,53,57,-4,4
79351,66,68,-2,2
79352,122,133,-11,11
79353,130,129,1,1
79354,135,130,5,5
79355,47,46,1,1
79356,65,97,-32,32
79357,46,43,3,3
79358,155,130,25,25
79359,60,62,-2,2
79360,75,78,-3,3
79361,97,85,12,12
79362,142,118,24,24
79363,57,59,-2,2
79364,80,72,8,8
79365,44,48,-4,4
79366,107,113,-6,6
79367,39,54,-15,15
79368,163,166,-3,3
79369,152,167,-15,15
79370,119,118,1,1
79371,98,81,17,17
79372,67,72,-5,5
79373,61,59,2,2
79374,99,104,-5,5
79375,62,65,-3,3
79376,68,66,2,2
79377,72,74,-2,2
79378,83,87,-4,4
79379,103,90,13,13
79380,116,125,-9,9
79381,122,127,-5,5
79382,88,91,-3,3
79383,129,121,8,8
79384,86,76,10,10
79385,82,75,7,7
79386,83,86,-3,3
79387,71,77,-6,6
79388,77,73,4,4
79389,100,103,-3,3
79390,206,196,10,10
79391,152,179,-27,27
79392,58,50,8,8
79393,141,135,6,6
79394,96,87,9,9
79395,149,132,17,17
79396,80,67,13,13
79397,48,48,0,0
79398,75,79,-4,4
79399,95,87,8,8
79400,126,134,-8,8
79401,74,69,5,5
79402,95,88,7,7
79403,59,56,3,3
79404,164,163,1,1
79405,95,89,6,6
79406,46,51,-5,5
79407,88,92,-4,4
79408,135,137,-2,2
79409,140,122,18,18
79410,103,100,3,3
79411,69,67,2,2
79412,144,126,18,18
79413,147,133,14,14
79414,105,111,-6,6
79415,154,121,33,33
79416,77,75,2,2
79417,74,76,-2,2
79418,132,131,1,1
79419,56,57,-1,1
79420,48,49,-1,1
79421,77,72,5,5
79422,20,47,-27,27
79423,94,96,-2,2
79424,66,67,-1,1
79425,72,74,-2,2
79426,130,119,11,11
79427,282,253,29,29
79428,139,122,17,17
79429,99,112,-13,13
79430,67,63,4,4
79431,72,79,-7,7
79432,96,105,-9,9
79433,76,77,-1,1
79434,119,112,7,7
79435,93,76,17,17
79436,61,71,-10,10
79437,79,71,8,8
79438,107,98,9,9
79439,152,165,-13,13
79440,85,71,14,14
79441,62,56,6,6
79442,103,89,14,14
79443,59,63,-4,4
79444,109,116,-7,7
79445,84,92,-8,8
79446,85,74,11,11
79447,77,87,-10,10
79448,182,173,9,9
79449,105,102,3,3
79450,165,164,1,1
79451,101,101,0,0
79452,91,83,8,8
79453,93,90,3,3
79454,105,102,3,3
79455,98,104,-6,6
79456,140,146,-6,6
79457,150,136,14,14
79458,168,162,6,6
79459,155,147,8,8
79460,75,65,10,10
79461,56,52,4,4
79462,41,52,-11,11
79463,84,87,-3,3
79464,46,44,2,2
79465,168,168,0,0
79466,148,141,7,7
79467,92,94,-2,2
79468,93,84,9,9
79469,108,96,12,12
79470,52,55,-3,3
79471,100,94,6,6
79472,77,82,-5,5
79473,95,83,12,12
79474,67,64,3,3
79475,84,67,17,17
79476,107,100,7,7
79477,80,74,6,6
79478,104,107,-3,3
79479,86,84,2,2
79480,90,71,19,19
79481,70,75,-5,5
79482,125,134,-9,9
79483,68,66,2,2
79484,125,125,0,0
79485,133,134,-1,1
79486,77,72,5,5
79487,70,80,-10,10
79488,182,170,12,12
79489,114,99,15,15
79490,114,115,-1,1
79491,183,188,-5,5
79492,57,60,-3,3
79493,111,115,-4,4
79494,49,47,2,2
79495,58,51,7,7
79496,97,107,-10,10
79497,141,146,-5,5
79498,133,130,3,3
79499,115,104,11,11
79500,142,137,5,5
79501,53,52,1,1
79502,69,56,13,13
79503,152,124,28,28
79504,52,55,-3,3
79505,145,143,2,2
79506,90,85,5,5
79507,125,112,13,13
79508,73,63,10,10
79509,72,73,-1,1
79510,69,73,-4,4
79511,146,126,20,20
79512,149,147,2,2
79513,79,79,0,0
79514,105,110,-5,5
79515,65,58,7,7
79516,139,131,8,8
79517,123,116,7,7
79518,105,84,21,21
79519,40,46,-6,6
79520,65,65,0,0
79521,134,139,-5,5
79522,123,116,7,7
79523,127,113,14,14
79524,39,55,-16,16
79525,104,112,-8,8
79526,48,48,0,0
79527,78,88,-10,10
79528,102,96,6,6
79529,72,61,11,11
79530,130,133,-3,3
79531,107,109,-2,2
79532,90,84,6,6
79533,85,82,3,3
79534,103,99,4,4
79535,118,108,10,10
79536,67,74,-7,7
79537,101,84,17,17
79538,108,101,7,7
79539,134,148,-14,14
79540,83,71,12,12
79541,103,108,-5,5
79542,43,60,-17,17
79543,154,145,9,9
79544,137,134,3,3
79545,133,121,12,12
79546,165,144,21,21
79547,68,73,-5,5
79548,144,137,7,7
79549,112,119,-7,7
79550,96,90,6,6
79551,84,82,2,2
79552,131,111,20,20
79553,95,98,-3,3
79554,166,147,19,19
79555,56,68,-12,12
79556,112,110,2,2
79557,55,61,-6,6
79558,88,83,5,5
79559,81,70,11,11
79560,79,74,5,5
79561,105,104,1,1
79562,52,60,-8,8
79563,131,123,8,8
79564,101,98,3,3
79565,98,73,25,25
79566,60,54,6,6
79567,66,68,-2,2
79568,85,71,14,14
79569,81,72,9,9
79570,117,130,-13,13
79571,61,61,0,0
79572,74,82,-8,8
79573,64,64,0,0
79574,61,58,3,3
79575,106,104,2,2
79576,82,82,0,0
79577,68,84,-16,16
79578,100,101,-1,1
79579,111,98,13,13
79580,73,72,1,1
79581,110,103,7,7
79582,110,110,0,0
79583,150,145,5,5
79584,119,121,-2,2
79585,140,136,4,4
79586,107,93,14,14
79587,31,45,-14,14
79588,111,107,4,4
79589,93,100,-7,7
79590,73,78,-5,5
79591,75,81,-6,6
79592,106,119,-13,13
79593,46,55,-9,9
79594,169,162,7,7
79595,128,125,3,3
79596,189,195,-6,6
79597,119,115,4,4
79598,61,57,4,4
79599,109,114,-5,5
79600,129,116,13,13
79601,118,122,-4,4
79602,91,85,6,6
79603,95,94,1,1
79604,106,91,15,15
79605,188,182,6,6
79606,78,76,2,2
79607,59,70,-11,11
79608,66,66,0,0
79609,62,62,0,0
79610,137,129,8,8
79611,82,79,3,3
79612,115,111,4,4
79613,102,59,43,43
79614,50,56,-6,6
79615,119,115,4,4
79616,159,162,-3,3
79617,146,144,2,2
79618,62,58,4,4
79619,72,65,7,7
79620,82,82,0,0
79621,64,62,2,2
79622,74,77,-3,3
79623,104,93,11,11
79624,169,132,37,37
79625,86,90,-4,4
79626,178,191,-13,13
79627,83,74,9,9
79628,115,118,-3,3
79629,124,125,-1,1
79630,123,148,-25,25
79631,90,86,4,4
79632,51,52,-1,1
79633,99,100,-1,1
79634,99,128,-29,29
79635,108,97,11,11
79636,124,108,16,16
79637,144,146,-2,2
79638,128,134,-6,6
79639,70,70,0,0
79640,74,75,-1,1
79641,134,143,-9,9
79642,119,122,-3,3
79643,41,48,-7,7
79644,101,113,-12,12
79645,149,137,12,12
79646,121,109,12,12
79647,56,55,1,1
79648,108,92,16,16
79649,72,73,-1,1
79650,98,91,7,7
79651,67,58,9,9
79652,69,65,4,4
79653,89,85,4,4
79654,122,137,-15,15
79655,75,76,-1,1
79656,80,81,-1,1
79657,184,184,0,0
79658,80,77,3,3
79659,136,137,-1,1
79660,85,84,1,1
79661,86,83,3,3
79662,99,106,-7,7
79663,161,165,-4,4
79664,106,111,-5,5
79665,86,83,3,3
79666,160,152,8,8
79667,140,148,-8,8
79668,157,163,-6,6
79669,121,122,-1,1
79670,61,64,-3,3
79671,108,109,-1,1
79672,110,109,1,1
79673,101,87,14,14
79674,85,82,3,3
79675,125,131,-6,6
79676,67,64,3,3
79677,64,69,-5,5
79678,47,63,-16,16
79679,111,116,-5,5
79680,45,57,-12,12
79681,79,70,9,9
79682,102,93,9,9
79683,99,79,20,20
79684,121,116,5,5
79685,75,81,-6,6
79686,172,169,3,3
79687,67,65,2,2
79688,111,102,9,9
79689,119,127,-8,8
79690,134,121,13,13
79691,139,137,2,2
79692,67,63,4,4
79693,100,111,-11,11
79694,64,66,-2,2
79695,105,102,3,3
79696,106,97,9,9
79697,41,48,-7,7
79698,122,122,0,0
79699,96,92,4,4
79700,74,79,-5,5
79701,97,95,2,2
79702,106,103,3,3
79703,58,51,7,7
79704,61,71,-10,10
79705,72,75,-3,3
79706,97,91,6,6
79707,104,104,0,0
79708,90,89,1,1
79709,190,177,13,13
79710,113,121,-8,8
79711,72,89,-17,17
79712,102,99,3,3
79713,143,119,24,24
79714,71,68,3,3
79715,80,87,-7,7
79716,45,49,-4,4
79717,57,58,-1,1
79718,109,108,1,1
79719,80,71,9,9
79720,54,84,-30,30
79721,75,82,-7,7
79722,80,98,-18,18
79723,73,75,-2,2
79724,216,207,9,9
79725,73,74,-1,1
79726,124,121,3,3
79727,160,125,35,35
79728,140,124,16,16
79729,136,130,6,6
79730,68,60,8,8
79731,91,87,4,4
79732,69,55,14,14
79733,93,101,-8,8
79734,103,102,1,1
79735,93,90,3,3
79736,53,53,0,0
79737,116,115,1,1
79738,57,86,-29,29
79739,89,88,1,1
79740,58,59,-1,1
79741,136,140,-4,4
79742,95,98,-3,3
79743,59,66,-7,7
79744,169,155,14,14
79745,105,102,3,3
79746,119,101,18,18
79747,89,83,6,6
79748,132,121,11,11
79749,81,67,14,14
79750,52,48,4,4
79751,139,110,29,29
79752,60,62,-2,2
79753,128,121,7,7
79754,54,53,1,1
79755,123,131,-8,8
79756,99,96,3,3
79757,36,57,-21,21
79758,40,36,4,4
79759,114,106,8,8
79760,89,77,12,12
79761,68,66,2,2
79762,96,74,22,22
79763,120,117,3,3
79764,85,83,2,2
79765,67,59,8,8
79766,90,89,1,1
79767,59,57,2,2
79768,86,71,15,15
79769,187,184,3,3
79770,117,118,-1,1
79771,50,52,-2,2
79772,90,82,8,8
79773,92,90,2,2
79774,57,58,-1,1
79775,55,59,-4,4
79776,51,56,-5,5
79777,84,89,-5,5
79778,110,113,-3,3
79779,52,65,-13,13
79780,56,65,-9,9
79781,82,76,6,6
79782,141,143,-2,2
79783,104,90,14,14
79784,113,119,-6,6
79785,119,107,12,12
79786,124,128,-4,4
79787,79,75,4,4
79788,99,87,12,12
79789,133,117,16,16
79790,53,58,-5,5
79791,88,85,3,3
79792,58,57,1,1
79793,90,94,-4,4
79794,89,97,-8,8
79795,91,94,-3,3
79796,110,105,5,5
79797,77,78,-1,1
79798,71,69,2,2
79799,77,78,-1,1
79800,115,112,3,3
79801,62,77,-15,15
79802,167,167,0,0
79803,105,108,-3,3
79804,100,94,6,6
79805,100,107,-7,7
79806,111,118,-7,7
79807,92,85,7,7
79808,162,162,0,0
79809,109,114,-5,5
79810,164,163,1,1
79811,63,55,8,8
79812,67,64,3,3
79813,158,165,-7,7
79814,82,77,5,5
79815,65,56,9,9
79816,118,111,7,7
79817,87,90,-3,3
79818,159,161,-2,2
79819,122,111,11,11
79820,102,104,-2,2
79821,63,69,-6,6
79822,94,94,0,0
79823,100,98,2,2
79824,87,68,19,19
79825,98,92,6,6
79826,79,73,6,6
79827,104,92,12,12
79828,115,112,3,3
79829,118,130,-12,12
79830,82,82,0,0
79831,130,120,10,10
79832,98,104,-6,6
79833,141,146,-5,5
79834,197,186,11,11
79835,141,143,-2,2
79836,91,90,1,1
79837,80,77,3,3
79838,104,93,11,11
79839,171,167,4,4
79840,292,240,52,52
79841,113,116,-3,3
79842,111,96,15,15
79843,116,117,-1,1
79844,66,62,4,4
79845,146,141,5,5
79846,62,59,3,3
79847,105,99,6,6
79848,66,61,5,5
79849,59,57,2,2
79850,74,80,-6,6
79851,91,80,11,11
79852,117,114,3,3
79853,101,108,-7,7
79854,167,174,-7,7
79855,69,67,2,2
79856,120,123,-3,3
79857,119,114,5,5
79858,130,120,10,10
79859,69,61,8,8
79860,97,104,-7,7
79861,76,76,0,0
79862,183,183,0,0
79863,65,65,0,0
79864,155,148,7,7
79865,80,54,26,26
79866,107,110,-3,3
79867,46,60,-14,14
79868,95,89,6,6
79869,72,68,4,4
79870,74,76,-2,2
79871,73,72,1,1
79872,66,59,7,7
79873,76,85,-9,9
79874,75,78,-3,3
79875,36,65,-29,29
79876,82,83,-1,1
79877,150,141,9,9
79878,88,91,-3,3
79879,40,47,-7,7
79880,82,80,2,2
79881,166,159,7,7
79882,113,114,-1,1
79883,120,122,-2,2
79884,136,130,6,6
79885,53,62,-9,9
79886,233,227,6,6
79887,78,76,2,2
79888,112,107,5,5
79889,103,110,-7,7
79890,100,94,6,6
79891,86,87,-1,1
79892,69,66,3,3
79893,109,102,7,7
79894,105,96,9,9
79895,51,82,-31,31
79896,99,109,-10,10
79897,138,140,-2,2
79898,42,84,-42,42
79899,87,82,5,5
79900,141,136,5,5
79901,75,82,-7,7
79902,96,89,7,7
79903,56,55,1,1
79904,122,121,1,1
79905,65,66,-1,1
79906,113,101,12,12
79907,67,60,7,7
79908,83,79,4,4
79909,91,80,11,11
79910,136,133,3,3
79911,85,79,6,6
79912,66,66,0,0
79913,79,60,19,19
79914,73,89,-16,16
79915,106,104,2,2
79916,76,72,4,4
79917,149,137,12,12
79918,38,56,-18,18
79919,108,99,9,9
79920,91,92,-1,1
79921,105,101,4,4
79922,85,85,0,0
79923,62,66,-4,4
79924,117,132,-15,15
79925,62,64,-2,2
79926,115,109,6,6
79927,85,70,15,15
79928,150,152,-2,2
79929,132,113,19,19
79930,74,71,3,3
79931,44,64,-20,20
79932,152,155,-3,3
79933,142,148,-6,6
79934,106,106,0,0
79935,97,98,-1,1
79936,97,83,14,14
79937,53,59,-6,6
79938,116,119,-3,3
79939,141,144,-3,3
79940,109,109,0,0
79941,90,86,4,4
79942,111,109,2,2
79943,186,190,-4,4
79944,133,126,7,7
79945,83,77,6,6
79946,69,73,-4,4
79947,73,74,-1,1
79948,154,141,13,13
79949,93,103,-10,10
79950,87,88,-1,1
79951,126,131,-5,5
79952,91,93,-2,2
79953,79,81,-2,2
79954,82,88,-6,6
79955,112,90,22,22
79956,72,66,6,6
79957,179,183,-4,4
79958,67,67,0,0
79959,61,76,-15,15
79960,134,121,13,13
79961,129,126,3,3
79962,79,74,5,5
79963,95,94,1,1
79964,147,137,10,10
79965,86,91,-5,5
79966,64,63,1,1
79967,73,81,-8,8
79968,60,55,5,5
79969,122,125,-3,3
79970,91,97,-6,6
79971,78,55,23,23
79972,69,71,-2,2
79973,64,82,-18,18
79974,120,113,7,7
79975,101,99,2,2
79976,51,50,1,1
79977,80,78,2,2
79978,100,148,-48,48
79979,104,104,0,0
79980,69,77,-8,8
79981,94,94,0,0
79982,110,118,-8,8
79983,157,168,-11,11
79984,56,60,-4,4
79985,118,123,-5,5
79986,29,30,-1,1
79987,110,138,-28,28
79988,102,96,6,6
79989,78,75,3,3
79990,116,128,-12,12
79991,129,129,0,0
79992,124,131,-7,7
79993,69,80,-11,11
79994,94,96,-2,2
79995,105,95,10,10
79996,127,139,-12,12
79997,99,92,7,7
79998,106,103,3,3
79999,45,42,3,3
80000,73,69,4,4
80001,57,59,-2,2
80002,71,69,2,2
80003,84,85,-1,1
80004,91,87,4,4
80005,93,82,11,11
80006,75,71,4,4
80007,98,86,12,12
80008,76,73,3,3
80009,87,81,6,6
80010,100,103,-3,3
80011,101,96,5,5
80012,63,69,-6,6
80013,94,86,8,8
80014,58,59,-1,1
80015,77,64,13,13
80016,136,124,12,12
80017,86,88,-2,2
80018,109,96,13,13
80019,77,70,7,7
80020,146,143,3,3
80021,128,125,3,3
80022,164,160,4,4
80023,71,65,6,6
80024,147,147,0,0
80025,96,88,8,8
80026,65,61,4,4
80027,95,92,3,3
80028,84,84,0,0
80029,104,97,7,7
80030,75,75,0,0
80031,168,162,6,6
80032,200,184,16,16
80033,153,154,-1,1
80034,171,168,3,3
80035,111,117,-6,6
80036,65,71,-6,6
80037,85,100,-15,15
80038,98,86,12,12
80039,111,107,4,4
80040,112,113,-1,1
80041,113,98,15,15
80042,148,135,13,13
80043,115,112,3,3
80044,63,63,0,0
80045,95,86,9,9
80046,98,98,0,0
80047,117,122,-5,5
80048,144,134,10,10
80049,115,124,-9,9
80050,124,120,4,4
80051,115,123,-8,8
80052,93,96,-3,3
80053,83,84,-1,1
80054,83,85,-2,2
80055,106,106,0,0
80056,104,101,3,3
80057,149,165,-16,16
80058,94,100,-6,6
80059,61,56,5,5
80060,63,75,-12,12
80061,98,98,0,0
80062,70,74,-4,4
80063,96,97,-1,1
80064,89,78,11,11
80065,120,153,-33,33
80066,85,71,14,14
80067,159,135,24,24
80068,144,152,-8,8
80069,63,65,-2,2
80070,102,102,0,0
80071,119,105,14,14
80072,106,110,-4,4
80073,88,73,15,15
80074,54,56,-2,2
80075,58,52,6,6
80076,130,127,3,3
80077,168,158,10,10
80078,73,68,5,5
80079,133,132,1,1
80080,98,101,-3,3
80081,86,72,14,14
80082,81,79,2,2
80083,83,80,3,3
80084,59,58,1,1
80085,43,48,-5,5
80086,80,82,-2,2
80087,73,77,-4,4
80088,86,79,7,7
80089,89,108,-19,19
80090,77,77,0,0
80091,59,52,7,7
80092,64,86,-22,22
80093,82,71,11,11
80094,47,50,-3,3
80095,99,83,16,16
80096,104,103,1,1
80097,62,67,-5,5
80098,70,68,2,2
80099,65,66,-1,1
80100,79,87,-8,8
80101,86,79,7,7
80102,105,95,10,10
80103,91,108,-17,17
80104,117,113,4,4
80105,43,53,-10,10
80106,171,168,3,3
80107,115,108,7,7
80108,111,117,-6,6
80109,73,74,-1,1
80110,118,114,4,4
80111,84,79,5,5
80112,96,95,1,1
80113,115,115,0,0
80114,172,156,16,16
80115,138,137,1,1
80116,130,121,9,9
80117,142,139,3,3
80118,92,93,-1,1
80119,71,61,10,10
80120,42,43,-1,1
80121,93,88,5,5
80122,116,100,16,16
80123,90,78,12,12
80124,74,72,2,2
80125,56,57,-1,1
80126,139,122,17,17
80127,76,82,-6,6
80128,97,103,-6,6
80129,88,92,-4,4
80130,70,66,4,4
80131,148,138,10,10
80132,70,70,0,0
80133,112,105,7,7
80134,81,66,15,15
80135,52,57,-5,5
80136,95,103,-8,8
80137,80,78,2,2
80138,46,44,2,2
80139,50,56,-6,6
80140,129,125,4,4
80141,90,89,1,1
80142,132,111,21,21
80143,143,125,18,18
80144,130,145,-15,15
80145,147,136,11,11
80146,103,100,3,3
80147,61,62,-1,1
80148,88,89,-1,1
80149,158,151,7,7
80150,50,57,-7,7
80151,115,112,3,3
80152,86,79,7,7
80153,95,92,3,3
80154,135,148,-13,13
80155,84,86,-2,2
80156,116,134,-18,18
80157,31,42,-11,11
80158,86,84,2,2
80159,87,73,14,14
80160,99,94,5,5
80161,61,64,-3,3
80162,66,56,10,10
80163,99,100,-1,1
80164,83,79,4,4
80165,63,59,4,4
80166,85,70,15,15
80167,90,90,0,0
80168,114,99,15,15
80169,77,73,4,4
80170,74,78,-4,4
80171,85,80,5,5
80172,49,101,-52,52
80173,29,43,-14,14
80174,77,69,8,8
80175,70,74,-4,4
80176,72,72,0,0
80177,67,87,-20,20
80178,73,66,7,7
80179,112,88,24,24
80180,153,155,-2,2
80181,120,119,1,1
80182,96,100,-4,4
80183,104,102,2,2
80184,74,84,-10,10
80185,50,49,1,1
80186,74,70,4,4
80187,91,87,4,4
80188,100,96,4,4
80189,45,56,-11,11
80190,96,103,-7,7
80191,57,54,3,3
80192,117,110,7,7
80193,116,107,9,9
80194,117,118,-1,1
80195,85,89,-4,4
80196,90,94,-4,4
80197,120,104,16,16
80198,63,65,-2,2
80199,131,153,-22,22
80200,55,56,-1,1
80201,159,170,-11,11
80202,95,80,15,15
80203,91,87,4,4
80204,52,54,-2,2
80205,73,67,6,6
80206,107,105,2,2
80207,73,70,3,3
80208,144,133,11,11
80209,101,110,-9,9
80210,84,75,9,9
80211,72,74,-2,2
80212,100,114,-14,14
80213,57,54,3,3
80214,89,79,10,10
80215,85,82,3,3
80216,136,135,1,1
80217,104,104,0,0
80218,180,174,6,6
80219,88,82,6,6
80220,81,83,-2,2
80221,98,94,4,4
80222,63,55,8,8
80223,81,89,-8,8
80224,132,141,-9,9
80225,139,135,4,4
80226,156,143,13,13
80227,94,92,2,2
80228,113,113,0,0
80229,155,177,-22,22
80230,106,96,10,10
80231,71,87,-16,16
80232,98,107,-9,9
80233,48,151,-103,103
80234,54,55,-1,1
80235,86,73,13,13
80236,103,98,5,5
80237,148,138,10,10
80238,73,65,8,8
80239,135,143,-8,8
80240,93,90,3,3
80241,137,142,-5,5
80242,82,79,3,3
80243,78,68,10,10
80244,95,100,-5,5
80245,74,72,2,2
80246,95,91,4,4
80247,64,54,10,10
80248,100,103,-3,3
80249,95,99,-4,4
80250,28,47,-19,19
80251,38,46,-8,8
80252,92,90,2,2
80253,134,138,-4,4
80254,68,57,11,11
80255,117,115,2,2
80256,118,112,6,6
80257,79,73,6,6
80258,61,59,2,2
80259,132,122,10,10
80260,98,103,-5,5
80261,70,73,-3,3
80262,117,113,4,4
80263,61,55,6,6
80264,69,80,-11,11
80265,76,65,11,11
80266,56,59,-3,3
80267,108,101,7,7
80268,70,58,12,12
80269,53,51,2,2
80270,94,103,-9,9
80271,158,155,3,3
80272,146,143,3,3
80273,94,92,2,2
80274,48,51,-3,3
80275,85,99,-14,14
80276,117,105,12,12
80277,119,102,17,17
80278,72,70,2,2
80279,103,96,7,7
80280,85,76,9,9
80281,121,107,14,14
80282,66,80,-14,14
80283,177,195,-18,18
80284,85,73,12,12
80285,151,157,-6,6
80286,57,61,-4,4
80287,83,72,11,11
80288,68,70,-2,2
80289,118,118,0,0
80290,70,65,5,5
80291,30,47,-17,17
80292,94,97,-3,3
80293,68,65,3,3
80294,153,155,-2,2
80295,81,75,6,6
80296,106,102,4,4
80297,93,84,9,9
80298,152,155,-3,3
80299,117,116,1,1
80300,121,112,9,9
80301,104,109,-5,5
80302,130,116,14,14
80303,113,105,8,8
80304,108,99,9,9
80305,110,95,15,15
80306,76,81,-5,5
80307,119,120,-1,1
80308,79,66,13,13
80309,96,96,0,0
80310,74,93,-19,19
80311,71,60,11,11
80312,79,68,11,11
80313,62,62,0,0
80314,67,64,3,3
80315,149,127,22,22
80316,70,70,0,0
80317,87,87,0,0
80318,302,254,48,48
80319,51,50,1,1
80320,73,66,7,7
80321,47,51,-4,4
80322,138,127,11,11
80323,155,153,2,2
80324,67,66,1,1
80325,118,125,-7,7
80326,73,71,2,2
80327,67,69,-2,2
80328,43,58,-15,15
80329,101,112,-11,11
80330,89,76,13,13
80331,67,71,-4,4
80332,148,153,-5,5
80333,131,127,4,4
80334,73,63,10,10
80335,135,148,-13,13
80336,71,75,-4,4
80337,71,65,6,6
80338,108,97,11,11
80339,131,108,23,23
80340,115,128,-13,13
80341,56,68,-12,12
80342,84,77,7,7
80343,92,90,2,2
80344,38,39,-1,1
80345,134,119,15,15
80346,75,77,-2,2
80347,124,101,23,23
80348,126,121,5,5
80349,103,113,-10,10
80350,57,54,3,3
80351,82,84,-2,2
80352,113,116,-3,3
80353,103,113,-10,10
80354,119,105,14,14
80355,259,266,-7,7
80356,87,82,5,5
80357,180,150,30,30
80358,84,85,-1,1
80359,110,121,-11,11
80360,116,106,10,10
80361,114,112,2,2
80362,124,136,-12,12
80363,92,74,18,18
80364,86,90,-4,4
80365,85,89,-4,4
80366,65,73,-8,8
80367,73,72,1,1
80368,72,73,-1,1
80369,108,103,5,5
80370,47,44,3,3
80371,96,98,-2,2
80372,66,64,2,2
80373,70,74,-4,4
80374,134,124,10,10
80375,47,48,-1,1
80376,50,52,-2,2
80377,69,73,-4,4
80378,82,77,5,5
80379,103,99,4,4
80380,79,74,5,5
80381,82,77,5,5
80382,77,88,-11,11
80383,77,78,-1,1
80384,99,95,4,4
80385,99,99,0,0
80386,156,165,-9,9
80387,82,80,2,2
80388,123,112,11,11
80389,75,66,9,9
80390,47,48,-1,1
80391,32,38,-6,6
80392,72,74,-2,2
80393,92,92,0,0
80394,128,96,32,32
80395,100,109,-9,9
80396,78,85,-7,7
80397,141,139,2,2
80398,361,316,45,45
80399,142,142,0,0
80400,28,53,-25,25
80401,53,56,-3,3
80402,80,78,2,2
80403,81,79,2,2
80404,181,158,23,23
80405,55,73,-18,18
80406,81,74,7,7
80407,58,56,2,2
80408,28,43,-15,15
80409,76,77,-1,1
80410,77,82,-5,5
80411,125,126,-1,1
80412,89,95,-6,6
80413,91,93,-2,2
80414,103,107,-4,4
80415,97,93,4,4
80416,90,74,16,16
80417,69,69,0,0
80418,140,142,-2,2
80419,59,55,4,4
80420,140,130,10,10
80421,119,123,-4,4
80422,86,90,-4,4
80423,71,70,1,1
80424,179,174,5,5
80425,119,90,29,29
80426,115,112,3,3
80427,61,62,-1,1
80428,160,164,-4,4
80429,127,126,1,1
80430,186,185,1,1
80431,95,96,-1,1
80432,73,77,-4,4
80433,86,76,10,10
80434,64,65,-1,1
80435,164,159,5,5
80436,80,73,7,7
80437,107,107,0,0
80438,138,133,5,5
80439,95,94,1,1
80440,161,152,9,9
80441,81,77,4,4
80442,118,111,7,7
80443,102,101,1,1
80444,79,77,2,2
80445,83,77,6,6
80446,96,76,20,20
80447,99,102,-3,3
80448,101,91,10,10
80449,73,69,4,4
80450,151,138,13,13
80451,86,87,-1,1
80452,107,100,7,7
80453,102,97,5,5
80454,87,81,6,6
80455,110,93,17,17
80456,75,82,-7,7
80457,68,101,-33,33
80458,88,88,0,0
80459,84,82,2,2
80460,81,72,9,9
80461,78,72,6,6
80462,73,70,3,3
80463,103,96,7,7
80464,175,173,2,2
80465,122,121,1,1
80466,106,106,0,0
80467,53,50,3,3
80468,120,118,2,2
80469,135,139,-4,4
80470,96,95,1,1
80471,69,70,-1,1
80472,86,76,10,10
80473,94,101,-7,7
80474,46,42,4,4
80475,93,87,6,6
80476,111,115,-4,4
80477,54,52,2,2
80478,63,66,-3,3
80479,59,71,-12,12
80480,61,59,2,2
80481,68,74,-6,6
80482,140,126,14,14
80483,79,67,12,12
80484,148,151,-3,3
80485,114,113,1,1
80486,77,84,-7,7
80487,95,78,17,17
80488,53,46,7,7
80489,102,104,-2,2
80490,150,158,-8,8
80491,142,109,33,33
80492,123,132,-9,9
80493,85,83,2,2
80494,86,79,7,7
80495,106,96,10,10
80496,123,115,8,8
80497,99,96,3,3
80498,78,68,10,10
80499,74,64,10,10
80500,83,82,1,1
80501,68,110,-42,42
80502,100,112,-12,12
80503,71,66,5,5
80504,85,72,13,13
80505,105,98,7,7
80506,132,124,8,8
80507,109,89,20,20
80508,95,89,6,6
80509,101,90,11,11
80510,49,56,-7,7
80511,37,40,-3,3
80512,80,86,-6,6
80513,66,50,16,16
80514,70,66,4,4
80515,93,82,11,11
80516,54,60,-6,6
80517,99,95,4,4
80518,100,101,-1,1
80519,143,138,5,5
80520,67,71,-4,4
80521,69,67,2,2
80522,72,90,-18,18
80523,88,90,-2,2
80524,116,86,30,30
80525,103,95,8,8
80526,129,129,0,0
80527,112,103,9,9
80528,47,44,3,3
80529,80,70,10,10
80530,87,81,6,6
80531,102,111,-9,9
80532,111,101,10,10
80533,113,118,-5,5
80534,85,76,9,9
80535,57,58,-1,1
80536,110,97,13,13
80537,91,98,-7,7
80538,127,122,5,5
80539,71,72,-1,1
80540,110,106,4,4
80541,143,143,0,0
80542,90,92,-2,2
80543,122,109,13,13
80544,124,117,7,7
80545,53,50,3,3
80546,77,74,3,3
80547,35,26,9,9
80548,63,72,-9,9
80549,115,102,13,13
80550,128,121,7,7
80551,99,98,1,1
80552,90,98,-8,8
80553,80,76,4,4
80554,98,91,7,7
80555,95,87,8,8
80556,138,138,0,0
80557,84,76,8,8
80558,129,138,-9,9
80559,101,94,7,7
80560,109,97,12,12
80561,142,152,-10,10
80562,72,52,20,20
80563,110,110,0,0
80564,52,48,4,4
80565,66,85,-19,19
80566,69,69,0,0
80567,79,69,10,10
80568,69,69,0,0
80569,97,90,7,7
80570,96,89,7,7
80571,105,99,6,6
80572,144,138,6,6
80573,129,122,7,7
80574,75,76,-1,1
80575,111,99,12,12
80576,149,126,23,23
80577,110,109,1,1
80578,73,69,4,4
80579,58,63,-5,5
80580,47,49,-2,2
80581,82,81,1,1
80582,70,70,0,0
80583,124,105,19,19
80584,78,71,7,7
80585,136,123,13,13
80586,147,152,-5,5
80587,84,102,-18,18
80588,121,122,-1,1
80589,63,56,7,7
80590,94,81,13,13
80591,125,127,-2,2
80592,82,89,-7,7
80593,158,147,11,11
80594,67,71,-4,4
80595,61,64,-3,3
80596,119,119,0,0
80597,65,66,-1,1
80598,86,91,-5,5
80599,98,72,26,26
80600,143,142,1,1
80601,105,108,-3,3
80602,113,131,-18,18
80603,77,73,4,4
80604,107,113,-6,6
80605,58,62,-4,4
80606,145,147,-2,2
80607,52,73,-21,21
80608,109,103,6,6
80609,71,69,2,2
80610,64,66,-2,2
80611,129,127,2,2
80612,83,86,-3,3
80613,40,57,-17,17
80614,102,99,3,3
80615,65,59,6,6
80616,100,84,16,16
80617,131,134,-3,3
80618,90,85,5,5
80619,92,96,-4,4
80620,67,75,-8,8
80621,121,112,9,9
80622,126,113,13,13
80623,93,93,0,0
80624,157,154,3,3
80625,89,86,3,3
80626,53,59,-6,6
80627,96,91,5,5
80628,111,103,8,8
80629,121,119,2,2
80630,67,73,-6,6
80631,59,52,7,7
80632,88,86,2,2
80633,71,79,-8,8
80634,57,53,4,4
80635,118,113,5,5
80636,78,66,12,12
80637,118,108,10,10
80638,85,78,7,7
80639,102,103,-1,1
80640,69,69,0,0
80641,179,184,-5,5
80642,94,108,-14,14
80643,100,101,-1,1
80644,91,82,9,9
80645,139,152,-13,13
80646,77,76,1,1
80647,64,58,6,6
80648,64,61,3,3
80649,137,134,3,3
80650,113,112,1,1
80651,93,79,14,14
80652,100,100,0,0
80653,88,84,4,4
80654,87,83,4,4
80655,144,142,2,2
80656,41,51,-10,10
80657,51,58,-7,7
80658,78,84,-6,6
80659,72,69,3,3
80660,66,54,12,12
80661,58,54,4,4
80662,123,131,-8,8
80663,90,75,15,15
80664,56,41,15,15
80665,98,87,11,11
80666,91,97,-6,6
80667,126,124,2,2
80668,68,52,16,16
80669,117,113,4,4
80670,46,57,-11,11
80671,71,73,-2,2
80672,111,102,9,9
80673,89,83,6,6
80674,58,62,-4,4
80675,104,101,3,3
80676,110,103,7,7
80677,101,98,3,3
80678,203,223,-20,20
80679,90,95,-5,5
80680,82,75,7,7
80681,133,117,16,16
80682,67,81,-14,14
80683,75,73,2,2
80684,90,89,1,1
80685,91,84,7,7
80686,91,92,-1,1
80687,67,61,6,6
80688,122,107,15,15
80689,59,58,1,1
80690,40,54,-14,14
80691,104,93,11,11
80692,118,104,14,14
80693,92,80,12,12
80694,157,171,-14,14
80695,65,63,2,2
80696,60,66,-6,6
80697,100,99,1,1
80698,31,35,-4,4
80699,94,87,7,7
80700,45,49,-4,4
80701,109,100,9,9
80702,85,82,3,3
80703,86,88,-2,2
80704,185,171,14,14
80705,97,95,2,2
80706,69,60,9,9
80707,194,192,2,2
80708,63,72,-9,9
80709,141,140,1,1
80710,87,72,15,15
80711,131,133,-2,2
80712,152,139,13,13
80713,96,94,2,2
80714,111,111,0,0
80715,92,75,17,17
80716,108,102,6,6
80717,83,76,7,7
80718,52,52,0,0
80719,103,103,0,0
80720,189,182,7,7
80721,80,63,17,17
80722,149,138,11,11
80723,146,136,10,10
80724,66,62,4,4
80725,38,38,0,0
80726,124,131,-7,7
80727,55,55,0,0
80728,141,121,20,20
80729,83,109,-26,26
80730,144,160,-16,16
80731,127,127,0,0
80732,80,62,18,18
80733,125,124,1,1
80734,115,112,3,3
80735,79,70,9,9
80736,73,73,0,0
80737,92,72,20,20
80738,84,87,-3,3
80739,103,93,10,10
80740,104,112,-8,8
80741,101,102,-1,1
80742,92,95,-3,3
80743,169,158,11,11
80744,53,62,-9,9
80745,114,101,13,13
80746,138,149,-11,11
80747,86,83,3,3
80748,85,81,4,4
80749,147,144,3,3
80750,58,67,-9,9
80751,128,121,7,7
80752,65,64,1,1
80753,89,88,1,1
80754,95,101,-6,6
80755,84,81,3,3
80756,115,104,11,11
80757,142,138,4,4
80758,120,115,5,5
80759,102,100,2,2
80760,121,144,-23,23
80761,48,51,-3,3
80762,127,110,17,17
80763,76,70,6,6
80764,133,129,4,4
80765,108,99,9,9
80766,67,60,7,7
80767,33,49,-16,16
80768,148,125,23,23
80769,115,89,26,26
80770,68,92,-24,24
80771,132,139,-7,7
80772,167,156,11,11
80773,145,157,-12,12
80774,126,128,-2,2
80775,72,64,8,8
80776,108,110,-2,2
80777,75,81,-6,6
80778,66,65,1,1
80779,72,61,11,11
80780,99,90,9,9
80781,67,64,3,3
80782,113,113,0,0
80783,108,95,13,13
80784,94,86,8,8
80785,57,57,0,0
80786,97,104,-7,7
80787,64,60,4,4
80788,127,128,-1,1
80789,90,83,7,7
80790,185,188,-3,3
80791,110,98,12,12
80792,59,60,-1,1
80793,119,109,10,10
80794,88,101,-13,13
80795,196,180,16,16
80796,95,98,-3,3
80797,69,76,-7,7
80798,159,164,-5,5
80799,66,94,-28,28
80800,100,78,22,22
80801,90,95,-5,5
80802,71,70,1,1
80803,63,47,16,16
80804,104,93,11,11
80805,64,62,2,2
80806,67,68,-1,1
80807,71,73,-2,2
80808,155,142,13,13
80809,89,82,7,7
80810,128,129,-1,1
80811,95,96,-1,1
80812,51,49,2,2
80813,118,110,8,8
80814,102,97,5,5
80815,124,118,6,6
80816,68,60,8,8
80817,50,47,3,3
80818,86,85,1,1
80819,89,87,2,2
80820,113,98,15,15
80821,126,114,12,12
80822,64,70,-6,6
80823,120,119,1,1
80824,62,66,-4,4
80825,73,88,-15,15
80826,145,146,-1,1
80827,63,53,10,10
80828,80,89,-9,9
80829,82,80,2,2
80830,41,39,2,2
80831,93,91,2,2
80832,107,98,9,9
80833,60,67,-7,7
80834,93,88,5,5
80835,97,101,-4,4
80836,90,83,7,7
80837,111,118,-7,7
80838,57,61,-4,4
80839,75,61,14,14
80840,54,58,-4,4
80841,55,68,-13,13
80842,84,85,-1,1
80843,95,92,3,3
80844,101,86,15,15
80845,91,88,3,3
80846,65,63,2,2
80847,59,59,0,0
80848,112,107,5,5
80849,164,164,0,0
80850,61,58,3,3
80851,75,73,2,2
80852,149,142,7,7
80853,152,137,15,15
80854,65,69,-4,4
80855,90,77,13,13
80856,96,101,-5,5
80857,105,97,8,8
80858,75,96,-21,21
80859,61,62,-1,1
80860,102,97,5,5
80861,96,86,10,10
80862,96,82,14,14
80863,89,80,9,9
80864,100,96,4,4
80865,96,93,3,3
80866,57,63,-6,6
80867,67,63,4,4
80868,148,155,-7,7
80869,108,103,5,5
80870,50,41,9,9
80871,151,140,11,11
80872,72,76,-4,4
80873,55,59,-4,4
80874,166,141,25,25
80875,75,72,3,3
80876,154,125,29,29
80877,71,69,2,2
80878,77,79,-2,2
80879,72,62,10,10
80880,79,77,2,2
80881,166,151,15,15
80882,72,69,3,3
80883,91,87,4,4
80884,80,79,1,1
80885,111,78,33,33
80886,81,81,0,0
80887,74,79,-5,5
80888,129,125,4,4
80889,120,110,10,10
80890,79,72,7,7
80891,95,82,13,13
80892,82,85,-3,3
80893,124,108,16,16
80894,73,67,6,6
80895,328,372,-44,44
80896,95,85,10,10
80897,90,78,12,12
80898,105,104,1,1
80899,131,131,0,0
80900,96,117,-21,21
80901,64,57,7,7
80902,129,113,16,16
80903,84,73,11,11
80904,126,125,1,1
80905,132,130,2,2
80906,108,109,-1,1
80907,74,69,5,5
80908,122,116,6,6
80909,96,98,-2,2
80910,172,181,-9,9
80911,150,144,6,6
80912,82,78,4,4
80913,119,116,3,3
80914,42,43,-1,1
80915,125,110,15,15
80916,47,40,7,7
80917,78,68,10,10
80918,51,55,-4,4
80919,56,54,2,2
80920,100,107,-7,7
80921,105,98,7,7
80922,241,193,48,48
80923,148,139,9,9
80924,49,50,-1,1
80925,116,112,4,4
80926,45,52,-7,7
80927,89,81,8,8
80928,83,80,3,3
80929,106,108,-2,2
80930,84,86,-2,2
80931,82,75,7,7
80932,69,66,3,3
80933,87,90,-3,3
80934,85,102,-17,17
80935,75,69,6,6
80936,142,147,-5,5
80937,84,86,-2,2
80938,112,98,14,14
80939,74,74,0,0
80940,82,88,-6,6
80941,96,97,-1,1
80942,106,101,5,5
80943,41,66,-25,25
80944,70,56,14,14
80945,62,63,-1,1
80946,108,106,2,2
80947,115,100,15,15
80948,79,76,3,3
80949,101,100,1,1
80950,73,64,9,9
80951,69,70,-1,1
80952,42,45,-3,3
80953,130,124,6,6
80954,74,63,11,11
80955,69,64,5,5
80956,112,108,4,4
80957,95,100,-5,5
80958,56,72,-16,16
80959,98,72,26,26
80960,93,95,-2,2
80961,93,78,15,15
80962,99,101,-2,2
80963,137,127,10,10
80964,127,125,2,2
80965,82,82,0,0
80966,58,69,-11,11
80967,83,68,15,15
80968,130,117,13,13
80969,99,80,19,19
80970,134,134,0,0
80971,134,119,15,15
80972,73,70,3,3
80973,98,101,-3,3
80974,56,55,1,1
80975,106,110,-4,4
80976,157,144,13,13
80977,70,69,1,1
80978,105,98,7,7
80979,108,117,-9,9
80980,65,65,0,0
80981,82,72,10,10
80982,75,79,-4,4
80983,88,88,0,0
80984,79,77,2,2
80985,85,92,-7,7
80986,98,93,5,5
80987,70,56,14,14
80988,132,132,0,0
80989,121,112,9,9
80990,120,140,-20,20
80991,131,126,5,5
80992,100,99,1,1
80993,103,100,3,3
80994,89,111,-22,22
80995,87,88,-1,1
80996,63,64,-1,1
80997,101,109,-8,8
80998,80,72,8,8
80999,60,51,9,9
81000,53,66,-13,13
81001,147,135,12,12
81002,83,86,-3,3
81003,91,84,7,7
81004,120,99,21,21
81005,79,77,2,2
81006,66,65,1,1
81007,126,101,25,25
81008,155,136,19,19
81009,73,69,4,4
81010,75,66,9,9
81011,110,106,4,4
81012,87,85,2,2
81013,92,87,5,5
81014,133,135,-2,2
81015,100,91,9,9
81016,89,89,0,0
81017,73,79,-6,6
81018,56,60,-4,4
81019,117,112,5,5
81020,77,55,22,22
81021,58,47,11,11
81022,132,130,2,2
81023,149,127,22,22
81024,60,53,7,7
81025,88,83,5,5
81026,118,105,13,13
81027,71,74,-3,3
81028,158,155,3,3
81029,143,134,9,9
81030,63,77,-14,14
81031,49,50,-1,1
81032,111,103,8,8
81033,121,120,1,1
81034,97,86,11,11
81035,116,109,7,7
81036,58,62,-4,4
81037,66,60,6,6
81038,63,62,1,1
81039,54,52,2,2
81040,83,81,2,2
81041,66,62,4,4
81042,48,49,-1,1
81043,69,70,-1,1
81044,39,73,-34,34
81045,158,136,22,22
81046,48,51,-3,3
81047,63,61,2,2
81048,93,107,-14,14
81049,87,82,5,5
81050,64,54,10,10
81051,148,109,39,39
81052,58,57,1,1
81053,51,65,-14,14
81054,53,49,4,4
81055,138,139,-1,1
81056,75,74,1,1
81057,94,93,1,1
81058,49,60,-11,11
81059,132,138,-6,6
81060,98,86,12,12
81061,97,93,4,4
81062,100,99,1,1
81063,107,104,3,3
81064,65,65,0,0
81065,67,77,-10,10
81066,54,56,-2,2
81067,123,118,5,5
81068,133,118,15,15
81069,105,135,-30,30
81070,91,97,-6,6
81071,121,117,4,4
81072,81,90,-9,9
81073,59,66,-7,7
81074,154,140,14,14
81075,85,87,-2,2
81076,80,94,-14,14
81077,181,188,-7,7
81078,112,105,7,7
81079,80,74,6,6
81080,140,129,11,11
81081,92,77,15,15
81082,87,75,12,12
81083,62,69,-7,7
81084,136,112,24,24
81085,74,68,6,6
81086,74,68,6,6
81087,45,51,-6,6
81088,87,82,5,5
81089,81,76,5,5
81090,37,38,-1,1
81091,73,71,2,2
81092,81,81,0,0
81093,119,112,7,7
81094,139,135,4,4
81095,106,110,-4,4
81096,105,103,2,2
81097,129,126,3,3
81098,97,91,6,6
81099,94,105,-11,11
81100,89,113,-24,24
81101,84,80,4,4
81102,182,169,13,13
81103,44,52,-8,8
81104,98,89,9,9
81105,83,80,3,3
81106,159,150,9,9
81107,61,59,2,2
81108,145,119,26,26
81109,113,141,-28,28
81110,74,70,4,4
81111,44,47,-3,3
81112,70,79,-9,9
81113,87,107,-20,20
81114,156,142,14,14
81115,78,73,5,5
81116,99,86,13,13
81117,120,108,12,12
81118,100,100,0,0
81119,90,88,2,2
81120,90,90,0,0
81121,126,125,1,1
81122,59,47,12,12
81123,82,77,5,5
81124,71,72,-1,1
81125,87,76,11,11
81126,72,81,-9,9
81127,112,104,8,8
81128,65,56,9,9
81129,68,66,2,2
81130,62,65,-3,3
81131,130,136,-6,6
81132,60,58,2,2
81133,100,104,-4,4
81134,48,52,-4,4
81135,97,93,4,4
81136,85,72,13,13
81137,143,127,16,16
81138,112,112,0,0
81139,70,68,2,2
81140,107,122,-15,15
81141,103,98,5,5
81142,79,68,11,11
81143,65,51,14,14
81144,74,64,10,10
81145,62,62,0,0
81146,146,148,-2,2
81147,138,136,2,2
81148,109,99,10,10
81149,57,53,4,4
81150,81,80,1,1
81151,100,92,8,8
81152,55,63,-8,8
81153,71,61,10,10
81154,137,124,13,13
81155,173,177,-4,4
81156,53,56,-3,3
81157,69,60,9,9
81158,115,97,18,18
81159,71,68,3,3
81160,129,124,5,5
81161,142,129,13,13
81162,48,55,-7,7
81163,77,84,-7,7
81164,81,90,-9,9
81165,103,99,4,4
81166,75,70,5,5
81167,86,83,3,3
81168,105,116,-11,11
81169,61,54,7,7
81170,109,99,10,10
81171,98,90,8,8
81172,153,154,-1,1
81173,50,58,-8,8
81174,178,164,14,14
81175,85,80,5,5
81176,118,107,11,11
81177,94,87,7,7
81178,116,92,24,24
81179,92,88,4,4
81180,96,92,4,4
81181,44,54,-10,10
81182,96,93,3,3
81183,146,127,19,19
81184,90,73,17,17
81185,86,79,7,7
81186,112,116,-4,4
81187,102,107,-5,5
81188,47,47,0,0
81189,107,101,6,6
81190,52,66,-14,14
81191,122,126,-4,4
81192,84,76,8,8
81193,76,77,-1,1
81194,72,74,-2,2
81195,181,182,-1,1
81196,71,68,3,3
81197,92,87,5,5
81198,152,145,7,7
81199,133,127,6,6
81200,97,98,-1,1
81201,135,137,-2,2
81202,75,82,-7,7
81203,99,86,13,13
81204,92,118,-26,26
81205,113,125,-12,12
81206,65,59,6,6
81207,100,104,-4,4
81208,124,132,-8,8
81209,82,74,8,8
81210,111,116,-5,5
81211,101,99,2,2
81212,60,56,4,4
81213,141,126,15,15
81214,69,68,1,1
81215,141,136,5,5
81216,111,102,9,9
81217,169,167,2,2
81218,126,121,5,5
81219,75,83,-8,8
81220,120,112,8,8
81221,141,144,-3,3
81222,104,117,-13,13
81223,48,56,-8,8
81224,93,89,4,4
81225,140,132,8,8
81226,97,86,11,11
81227,110,100,10,10
81228,45,45,0,0
81229,92,90,2,2
81230,87,75,12,12
81231,90,77,13,13
81232,68,70,-2,2
81233,64,63,1,1
81234,59,55,4,4
81235,135,131,4,4
81236,52,51,1,1
81237,121,130,-9,9
81238,78,81,-3,3
81239,97,100,-3,3
81240,64,91,-27,27
81241,113,112,1,1
81242,83,75,8,8
81243,79,71,8,8
81244,77,81,-4,4
81245,56,64,-8,8
81246,156,151,5,5
81247,134,130,4,4
81248,66,65,1,1
81249,113,113,0,0
81250,89,88,1,1
81251,95,98,-3,3
81252,98,100,-2,2
81253,137,146,-9,9
81254,113,101,12,12
81255,173,160,13,13
81256,122,119,3,3
81257,92,88,4,4
81258,142,134,8,8
81259,82,83,-1,1
81260,42,43,-1,1
81261,116,124,-8,8
81262,89,90,-1,1
81263,140,133,7,7
81264,130,111,19,19
81265,80,75,5,5
81266,113,114,-1,1
81267,60,56,4,4
81268,143,174,-31,31
81269,86,76,10,10
81270,126,118,8,8
81271,75,66,9,9
81272,120,114,6,6
81273,125,116,9,9
81274,195,185,10,10
81275,71,67,4,4
81276,131,109,22,22
81277,111,108,3,3
81278,89,97,-8,8
81279,93,89,4,4
81280,80,77,3,3
81281,80,73,7,7
81282,46,46,0,0
81283,134,124,10,10
81284,83,76,7,7
81285,145,142,3,3
81286,80,78,2,2
81287,82,70,12,12
81288,86,74,12,12
81289,62,69,-7,7
81290,46,50,-4,4
81291,112,110,2,2
81292,99,94,5,5
81293,145,148,-3,3
81294,166,174,-8,8
81295,45,58,-13,13
81296,126,111,15,15
81297,89,90,-1,1
81298,99,111,-12,12
81299,77,76,1,1
81300,119,106,13,13
81301,93,108,-15,15
81302,102,117,-15,15
81303,62,60,2,2
81304,57,69,-12,12
81305,63,65,-2,2
81306,56,62,-6,6
81307,137,131,6,6
81308,101,98,3,3
81309,90,78,12,12
81310,136,132,4,4
81311,70,61,9,9
81312,81,76,5,5
81313,66,68,-2,2
81314,93,94,-1,1
81315,73,70,3,3
81316,90,83,7,7
81317,83,84,-1,1
81318,89,69,20,20
81319,103,109,-6,6
81320,105,100,5,5
81321,83,100,-17,17
81322,115,113,2,2
81323,99,106,-7,7
81324,85,88,-3,3
81325,73,75,-2,2
81326,80,85,-5,5
81327,49,53,-4,4
81328,80,76,4,4
81329,63,71,-8,8
81330,33,36,-3,3
81331,178,180,-2,2
81332,105,121,-16,16
81333,41,52,-11,11
81334,92,96,-4,4
81335,98,91,7,7
81336,71,71,0,0
81337,30,21,9,9
81338,62,62,0,0
81339,126,145,-19,19
81340,102,104,-2,2
81341,122,124,-2,2
81342,79,78,1,1
81343,152,142,10,10
81344,159,142,17,17
81345,161,163,-2,2
81346,71,65,6,6
81347,84,82,2,2
81348,118,106,12,12
81349,73,66,7,7
81350,118,115,3,3
81351,102,82,20,20
81352,69,82,-13,13
81353,101,82,19,19
81354,127,122,5,5
81355,84,82,2,2
81356,40,38,2,2
81357,70,67,3,3
81358,135,124,11,11
81359,77,73,4,4
81360,78,67,11,11
81361,70,67,3,3
81362,73,75,-2,2
81363,85,75,10,10
81364,106,100,6,6
81365,151,143,8,8
81366,153,156,-3,3
81367,133,126,7,7
81368,121,104,17,17
81369,110,107,3,3
81370,71,82,-11,11
81371,98,95,3,3
81372,126,134,-8,8
81373,86,90,-4,4
81374,77,73,4,4
81375,198,184,14,14
81376,133,127,6,6
81377,124,112,12,12
81378,90,84,6,6
81379,60,61,-1,1
81380,80,87,-7,7
81381,47,49,-2,2
81382,82,76,6,6
81383,119,97,22,22
81384,66,64,2,2
81385,136,127,9,9
81386,141,134,7,7
81387,50,58,-8,8
81388,71,75,-4,4
81389,98,99,-1,1
81390,121,108,13,13
81391,81,88,-7,7
81392,117,106,11,11
81393,112,109,3,3
81394,94,93,1,1
81395,55,74,-19,19
81396,97,110,-13,13
81397,92,92,0,0
81398,137,134,3,3
81399,54,54,0,0
81400,140,137,3,3
81401,138,128,10,10
81402,85,81,4,4
81403,84,83,1,1
81404,104,100,4,4
81405,113,111,2,2
81406,109,111,-2,2
81407,76,89,-13,13
81408,79,80,-1,1
81409,65,62,3,3
81410,81,70,11,11
81411,131,105,26,26
81412,204,186,18,18
81413,77,71,6,6
81414,161,152,9,9
81415,97,94,3,3
81416,110,100,10,10
81417,76,72,4,4
81418,70,58,12,12
81419,122,122,0,0
81420,52,57,-5,5
81421,121,125,-4,4
81422,89,86,3,3
81423,99,88,11,11
81424,62,58,4,4
81425,117,115,2,2
81426,92,99,-7,7
81427,169,171,-2,2
81428,122,113,9,9
81429,88,76,12,12
81430,94,86,8,8
81431,163,135,28,28
81432,72,67,5,5
81433,87,95,-8,8
81434,104,115,-11,11
81435,51,55,-4,4
81436,57,52,5,5
81437,149,147,2,2
81438,87,88,-1,1
81439,109,108,1,1
81440,120,115,5,5
81441,79,70,9,9
81442,129,123,6,6
81443,162,151,11,11
81444,133,127,6,6
81445,82,77,5,5
81446,110,105,5,5
81447,180,164,16,16
81448,104,105,-1,1
81449,134,130,4,4
81450,114,108,6,6
81451,130,140,-10,10
81452,94,96,-2,2
81453,182,174,8,8
81454,93,97,-4,4
81455,74,76,-2,2
81456,66,64,2,2
81457,164,256,-92,92
81458,125,174,-49,49
81459,74,79,-5,5
81460,148,147,1,1
81461,69,70,-1,1
81462,98,92,6,6
81463,71,72,-1,1
81464,107,99,8,8
81465,133,118,15,15
81466,72,61,11,11
81467,68,68,0,0
81468,97,101,-4,4
81469,185,163,22,22
81470,184,181,3,3
81471,106,115,-9,9
81472,143,150,-7,7
81473,82,90,-8,8
81474,47,56,-9,9
81475,82,71,11,11
81476,97,81,16,16
81477,58,60,-2,2
81478,115,105,10,10
81479,137,120,17,17
81480,112,112,0,0
81481,101,97,4,4
81482,56,53,3,3
81483,80,73,7,7
81484,79,85,-6,6
81485,186,165,21,21
81486,79,79,0,0
81487,80,69,11,11
81488,85,75,10,10
81489,123,112,11,11
81490,94,82,12,12
81491,71,80,-9,9
81492,83,76,7,7
81493,45,49,-4,4
81494,120,161,-41,41
81495,165,162,3,3
81496,73,73,0,0
81497,87,86,1,1
81498,80,76,4,4
81499,132,141,-9,9
81500,82,74,8,8
81501,77,69,8,8
81502,62,58,4,4
81503,74,75,-1,1
81504,87,91,-4,4
81505,142,140,2,2
81506,119,105,14,14
81507,62,56,6,6
